        H102  1 0.1642 0.2719 0.2095 0.3544 
        H103  1 0.3415 0.1385 0.3361 0.1839 
        H104  1 0.2305 0.3324 0.1865 0.2506 
        H105  1 0.2041 0.2291 0.2080 0.3589 
        H106  1 0.2847 0.2526 0.2484 0.2143 
        H112  1 0.2314 0.3242 0.2022 0.2422 
        H113  1 0.2920 0.2045 0.2109 0.2926 
        H114  1 0.3216 0.1552 0.1963 0.3269 
        H115  1 0.2166 0.2863 0.1645 0.3326 
        H143  1 0.1896 0.2032 0.2288 0.3784 
        H144  1 0.1733 0.1355 0.3381 0.3531 
        H145  1 0.2874 0.1485 0.3099 0.2541 
        H149  1 0.1981 0.3545 0.1876 0.2598 
        H150  1 0.2224 0.2432 0.2723 0.2621 
     H167542  1 0.1879 0.1802 0.1689 0.4630 
     H169604  1 0.2216 0.1997 0.2194 0.3592 
     H169607  1 0.2225 0.1664 0.2721 0.3389 
     H169608  1 0.1847 0.3729 0.2109 0.2315 
     H169633  1 0.2883 0.1532 0.2331 0.3254 
     H169688  1 0.2480 0.1829 0.3961 0.1729 
     H169714  1 0.2541 0.3079 0.2156 0.2225 
     H171802  1 0.2904 0.3370 0.2155 0.1571 
     H171805  1 0.2911 0.1990 0.2636 0.2462 
     H171807  1 0.1948 0.3126 0.2535 0.2391 
     H171814  1 0.2764 0.1506 0.3750 0.1980 
     H171816  1 0.2263 0.3203 0.2461 0.2073 
     H171817  1 0.2640 0.2942 0.1965 0.2453 
     H171818  1 0.3033 0.2221 0.2092 0.2655 
     H171819  1 0.2680 0.2601 0.2366 0.2353 
     H171834  1 0.2143 0.2453 0.2345 0.3059 
     H171835  1 0.2183 0.3863 0.1935 0.2019 
     H171836  1 0.4046 0.1136 0.2201 0.2616 
     H171837  1 0.2143 0.2789 0.2063 0.3005 
     H171838  1 0.3719 0.1945 0.2484 0.1853 
     H171839  1 0.2464 0.2603 0.1958 0.2974 
     H171841  1 0.1684 0.4740 0.2176 0.1401 
     H171860  1 0.2313 0.2362 0.2247 0.3078 
     H171861  1 0.3102 0.1220 0.2223 0.3455 
     H171862  1 0.2463 0.2294 0.2562 0.2681 
     H171868  1 0.1892 0.2002 0.1734 0.4372 
     H171869  1 0.2408 0.1927 0.3662 0.2002 
     H171870  1 0.2382 0.2643 0.3072 0.1902 
     H171871  1 0.3892 0.1773 0.2682 0.1653 
     H171872  1 0.2329 0.2728 0.2031 0.2912 
     H171873  1 0.2324 0.2636 0.3196 0.1844 
     H171874  1 0.2012 0.1907 0.2932 0.3149 
     H171875  1 0.2426 0.1269 0.2594 0.3711 
     H171876  1 0.2274 0.1756 0.2437 0.3533 
     H171877  1 0.1845 0.1746 0.1846 0.4564 
     H171878  1 0.1995 0.3268 0.3018 0.1719 
     H171901  1 0.3098 0.3135 0.2063 0.1704 
     H171902  1 0.1882 0.2542 0.2943 0.2633 
     H171903  1 0.2805 0.2291 0.2454 0.2450 
     H171935  1 0.2799 0.3258 0.2546 0.1397 
     H171936  1 0.2874 0.1622 0.2244 0.3260 
     H171940  1 0.1561 0.3069 0.1985 0.3385 
     H171945  1 0.2233 0.2463 0.2980 0.2324 
     H171948  1 0.2415 0.3086 0.1974 0.2525 
     H171949  1 0.1816 0.3977 0.1990 0.2217 
     H171950  1 0.2126 0.4295 0.1916 0.1663 
     H171963  1 0.2928 0.1608 0.3498 0.1967 
     H171964  1 0.1592 0.1835 0.4315 0.2258 
     H171966  1 0.2663 0.2507 0.2789 0.2040 
     H171968  1 0.1630 0.2795 0.2530 0.3045 
     H171971  1 0.3255 0.2533 0.2624 0.1588 
     H171972  1 0.2813 0.1746 0.3150 0.2291 
     H171977  1 0.2320 0.1562 0.3272 0.2845 
     H171978  1 0.2123 0.3247 0.2751 0.1879 
     H171979  1 0.3715 0.1390 0.2698 0.2197 
        H176  1 0.2158 0.2208 0.2374 0.3260 
        H177  1 0.2109 0.3916 0.1762 0.2213 
        H179  1 0.1934 0.3182 0.1617 0.3267 
        H181  1 0.2861 0.1816 0.2988 0.2335 
        H182  1 0.3148 0.1365 0.2461 0.3026 
        H183  1 0.2662 0.1951 0.3541 0.1847 
        H184  1 0.2309 0.3163 0.2022 0.2505 
        H185  1 0.2542 0.1744 0.2956 0.2758 
        H186  1 0.1317 0.2725 0.3291 0.2667 
        H187  1 0.3309 0.2371 0.2358 0.1961 
        H188  1 0.1765 0.2718 0.1958 0.3559 
        H192  1 0.1951 0.3823 0.2024 0.2202 
        H193  1 0.2727 0.1538 0.2821 0.2914 
        H194  1 0.2507 0.2478 0.2103 0.2912 
        H195  1 0.1889 0.1661 0.4494 0.1956 
        H199  1 0.2262 0.1804 0.3633 0.2300 
        H200  1 0.2366 0.2930 0.2362 0.2341 
        H414  1 0.3314 0.1875 0.2818 0.1993 
        H415  1 0.3239 0.1787 0.2248 0.2726 
        H422  1 0.1925 0.2959 0.2889 0.2226 
        H423  1 0.1697 0.4978 0.1716 0.1610 
        H424  1 0.2972 0.1567 0.3266 0.2195 
        H425  1 0.2135 0.1665 0.3816 0.2384 
        H426  1 0.2357 0.1921 0.4095 0.1627 
        H443  1 0.1331 0.1679 0.3588 0.3401 
        H466  1 0.2534 0.2363 0.2628 0.2475 
        H467  1 0.1722 0.4105 0.2349 0.1824 
        H472  1 0.2434 0.2201 0.2498 0.2867 
        H483  1 0.1935 0.1706 0.2373 0.3986 
        H504  1 0.2468 0.1625 0.3728 0.2179 
        H505  1 0.2337 0.2902 0.2277 0.2484 
        H506  1 0.2044 0.2476 0.2707 0.2773 
        H507  1 0.3490 0.1192 0.2642 0.2676 
        H508  1 0.2838 0.2649 0.2816 0.1698 
        H524  1 0.3270 0.1506 0.2484 0.2740 
        H525  1 0.1959 0.1822 0.3212 0.3007 
        H526  1 0.1723 0.1792 0.2124 0.4361 
        H527  1 0.2358 0.3244 0.2217 0.2181 
        H528  1 0.2514 0.1570 0.3206 0.2710 
        H529  1 0.2901 0.1284 0.3082 0.2733 
        H533  1 0.4838 0.1186 0.2008 0.1969 
        H538  1 0.2141 0.2428 0.2208 0.3223 
        H539  1 0.3100 0.1940 0.3027 0.1933 
        H540  1 0.2905 0.2376 0.2210 0.2509 
        H541  1 0.2346 0.1971 0.1859 0.3823 
        H558  1 0.3029 0.2115 0.3296 0.1559 
        H559  1 0.1517 0.2328 0.2179 0.3976 
        H579  1 0.2020 0.1891 0.3264 0.2825 
        H584  1 0.2269 0.1899 0.3505 0.2327 
        H585  1 0.3009 0.1838 0.2983 0.2170 
        H605  1 0.2298 0.2911 0.2373 0.2419 
        H606  1 0.1488 0.3871 0.1741 0.2900 
        H632  1 0.1921 0.1671 0.3536 0.2872 
        H634  1 0.2452 0.2117 0.2895 0.2536 
        H671  1 0.1997 0.3954 0.1963 0.2085 
        H672  1 0.3022 0.2252 0.2676 0.2050 
        H673  1 0.1505 0.1928 0.2926 0.3641 
        H689  1 0.2026 0.1756 0.2577 0.3640 
        H690  1 0.2638 0.2808 0.1882 0.2672 
        H691  1 0.1955 0.1999 0.1892 0.4154 
        H692  1 0.2750 0.1087 0.3326 0.2837 
        H709  1 0.2972 0.2183 0.2526 0.2319 
        H710  1 0.2485 0.1393 0.3403 0.2719 
       H7355  1 0.2695 0.1451 0.1793 0.4061 
       H7356  1 0.2247 0.2432 0.2940 0.2381 
       H7357  1 0.2369 0.2655 0.1872 0.3104 
       H7358  1 0.2032 0.1754 0.2477 0.3737 
       H7380  1 0.1974 0.1953 0.2489 0.3584 
       H7381  1 0.1944 0.3220 0.2981 0.1855 
       H7382  1 0.2114 0.1954 0.2661 0.3271 
        H904  1 0.1315 0.4902 0.1480 0.2304 
        H923  1 0.2045 0.2765 0.2815 0.2375 
        H924  1 0.1900 0.2784 0.2390 0.2926 
        H925  1 0.1939 0.1711 0.2229 0.4121 
       H9558  1 0.3000 0.1978 0.3491 0.1530 
        H008  2 0.2930 0.1424 0.2314 0.3331 
        H021  2 0.2020 0.3266 0.2009 0.2705 
        H023  2 0.1975 0.2763 0.1941 0.3321 
        H024  2 0.3721 0.1455 0.3072 0.1752 
        H025  2 0.1773 0.3501 0.2706 0.2019 
        H026  2 0.2670 0.1538 0.3818 0.1974 
        H027  2 0.2601 0.1874 0.2330 0.3195 
        H028  2 0.2701 0.1849 0.2947 0.2502 
        H029  2 0.2811 0.1661 0.2696 0.2833 
        H030  2 0.3145 0.1451 0.3590 0.1815 
        H038  2 0.2233 0.3042 0.2498 0.2227 
        H039  2 0.1397 0.5940 0.1393 0.1270 
        H040  2 0.3041 0.3095 0.2249 0.1616 
        H041  2 0.2303 0.1974 0.1940 0.3783 
        H042  2 0.2231 0.2599 0.2227 0.2943 
        H043  2 0.2139 0.3945 0.2542 0.1374 
        H044  2 0.3976 0.1804 0.2601 0.1619 
        H047  2 0.2263 0.3309 0.2635 0.1793 
        H050  2 0.3953 0.1744 0.2640 0.1663 
        H058  2 0.3098 0.2976 0.2453 0.1473 
        H062  2 0.1535 0.2938 0.1846 0.3682 
        H063  2 0.2262 0.3735 0.1944 0.2058 
        H065  2 0.1581 0.2416 0.3766 0.2236 
        H066  2 0.3788 0.2007 0.2691 0.1513 
        H067  2 0.2028 0.1757 0.2149 0.4067 
        H068  2 0.2422 0.3640 0.2201 0.1738 
        H069  2 0.2905 0.2157 0.3097 0.1841 
        H071  2 0.2170 0.3193 0.2230 0.2407 
        H072  2 0.1992 0.4241 0.1870 0.1897 
        H073  2 0.2306 0.1805 0.3059 0.2831 
        H081  2 0.1961 0.2264 0.1777 0.3997 
        H082  2 0.3339 0.1549 0.3109 0.2003 
        H083  2 0.2286 0.1701 0.3837 0.2176 
        H084  2 0.3580 0.2510 0.2152 0.1758 
        H085  2 0.2085 0.1876 0.1824 0.4216 
        H087  2 0.1608 0.1900 0.1705 0.4786 
        H088  2 0.2239 0.3220 0.1955 0.2586 
        H089  2 0.2320 0.1776 0.2142 0.3763 
        H090  2 0.2956 0.1752 0.3219 0.2072 
        H091  2 0.2978 0.1386 0.2541 0.3096 
        H098  2 0.3484 0.1921 0.2259 0.2336 
      H10001  2 0.1248 0.6157 0.1306 0.1289 
      H10002  2 0.1927 0.3229 0.1820 0.3024 
        H101  2 0.4565 0.1676 0.2354 0.1405 
        H108  2 0.1384 0.3283 0.1664 0.3668 
        H109  2 0.3746 0.2657 0.2147 0.1450 
        H110  2 0.2286 0.1690 0.1896 0.4128 
        H116  2 0.2705 0.1881 0.3116 0.2298 
        H117  2 0.3320 0.1590 0.2057 0.3033 
        H118  2 0.2295 0.1276 0.3199 0.3230 
        H119  2 0.2040 0.2921 0.2330 0.2710 
        H120  2 0.1337 0.4549 0.1549 0.2564 
        H121  2 0.2567 0.1554 0.2865 0.3014 
        H125  2 0.1485 0.5703 0.1378 0.1433 
        H126  2 0.2089 0.2220 0.3636 0.2056 
        H128  2 0.3195 0.0941 0.4089 0.1776 
        H129  2 0.2134 0.1488 0.4223 0.2155 
        H130  2 0.2035 0.4099 0.2416 0.1449 
        H133  2 0.1742 0.4641 0.2128 0.1489 
        H134  2 0.1842 0.1470 0.4866 0.1822 
        H135  2 0.2090 0.2433 0.2071 0.3406 
        H137  2 0.3613 0.2080 0.2213 0.2094 
        H138  2 0.2271 0.1774 0.3848 0.2107 
        H140  2 0.2458 0.2431 0.2656 0.2455 
        H146  2 0.2855 0.1819 0.3137 0.2190 
        H147  2 0.2791 0.1856 0.2115 0.3237 
        H148  2 0.3004 0.1730 0.1791 0.3475 
     H166022  2 0.3725 0.1565 0.2262 0.2448 
     H167359  2 0.3263 0.2095 0.2578 0.2064 
     H167397  2 0.4342 0.1053 0.2420 0.2185 
     H167428  2 0.1822 0.1072 0.2354 0.4752 
     H167496  2 0.1826 0.3941 0.1679 0.2553 
     H167513  2 0.3831 0.2252 0.2415 0.1501 
     H167545  2 0.3153 0.1532 0.3032 0.2283 
     H167547  2 0.3976 0.1457 0.3233 0.1334 
     H169621  2 0.3302 0.1727 0.2746 0.2225 
     H169622  2 0.2354 0.1712 0.2975 0.2959 
     H169750  2 0.2545 0.3064 0.2928 0.1463 
     H171806  2 0.2264 0.2679 0.2860 0.2197 
     H171808  2 0.2353 0.2028 0.2684 0.2935 
     H171809  2 0.2063 0.2527 0.1863 0.3547 
     H171813  2 0.2200 0.2506 0.3138 0.2157 
     H171815  2 0.1715 0.4418 0.2198 0.1669 
     H171824  2 0.1758 0.3179 0.1574 0.3489 
     H171825  2 0.2434 0.1897 0.2603 0.3067 
     H171826  2 0.2183 0.2775 0.1967 0.3075 
     H171827  2 0.2682 0.2339 0.2643 0.2335 
     H171828  2 0.1377 0.4797 0.1494 0.2331 
     H171829  2 0.2581 0.2531 0.3195 0.1693 
     H171830  2 0.3417 0.2364 0.2137 0.2082 
     H171831  2 0.2699 0.1493 0.3431 0.2377 
     H171832  2 0.2413 0.2115 0.3153 0.2319 
     H171863  2 0.3176 0.1319 0.3620 0.1886 
     H171864  2 0.3216 0.2116 0.2067 0.2600 
     H171865  2 0.1979 0.4089 0.2111 0.1821 
     H171879  2 0.3092 0.2192 0.2891 0.1825 
     H171880  2 0.4355 0.1768 0.2077 0.1800 
     H171881  2 0.2460 0.1838 0.2302 0.3400 
     H171882  2 0.1432 0.5214 0.1658 0.1696 
     H171929  2 0.2497 0.2144 0.2539 0.2820 
     H171930  2 0.4215 0.1395 0.2781 0.1609 
     H171933  2 0.3186 0.1889 0.2579 0.2345 
     H171934  2 0.2326 0.1890 0.2004 0.3780 
     H171937  2 0.2768 0.1883 0.3646 0.1702 
     H171962  2 0.2245 0.1795 0.2678 0.3283 
        H190  2 0.2862 0.1794 0.2638 0.2706 
        H191  2 0.2546 0.2398 0.2707 0.2348 
        H396  2 0.1547 0.2213 0.2298 0.3941 
        H397  2 0.3162 0.1916 0.2530 0.2392 
        H398  2 0.1692 0.2645 0.3210 0.2453 
        H400  2 0.2452 0.2124 0.2206 0.3217 
        H401  2 0.4165 0.1141 0.2982 0.1712 
        H402  2 0.3545 0.1475 0.2355 0.2625 
        H427  2 0.1851 0.2075 0.1951 0.4123 
        H428  2 0.1821 0.1120 0.2295 0.4764 
        H497  2 0.2826 0.2977 0.2444 0.1752 
        H512  2 0.3181 0.2344 0.2298 0.2177 
        H513  2 0.3775 0.2352 0.2361 0.1513 
        H514  2 0.2388 0.2322 0.3301 0.1988 
        H519  2 0.3841 0.2389 0.2202 0.1568 
        H532  2 0.2040 0.1619 0.2160 0.4181 
        H543  2 0.3788 0.1583 0.2201 0.2428 
        H544  2 0.1869 0.2461 0.3996 0.1675 
        H545  2 0.3062 0.1455 0.3308 0.2176 
        H546  2 0.1913 0.3621 0.2343 0.2123 
        H547  2 0.3991 0.1450 0.3214 0.1346 
        H548  2 0.3069 0.1968 0.2107 0.2856 
        H549  2 0.3558 0.1703 0.3114 0.1625 
        H620  2 0.1433 0.5123 0.1631 0.1813 
        H623  2 0.2909 0.1874 0.3346 0.1871 
        H624  2 0.1871 0.3512 0.2994 0.1623 
        H625  2 0.2268 0.1828 0.2467 0.3437 
        H626  2 0.3459 0.2297 0.2191 0.2052 
        H654  2 0.1416 0.5578 0.1675 0.1332 
        H655  2 0.2710 0.3045 0.2328 0.1917 
        H656  2 0.1256 0.4654 0.1704 0.2386 
        H666  2 0.1698 0.5143 0.1949 0.1210 
        H667  2 0.2085 0.1969 0.2478 0.3468 
        H677  2 0.2381 0.1969 0.2450 0.3199 
        H693  2 0.1457 0.3319 0.1645 0.3579 
        H694  2 0.3223 0.2019 0.2742 0.2015 
        H701  2 0.3859 0.1795 0.2167 0.2179 
        H702  2 0.3094 0.2572 0.2184 0.2150 
        H731  2 0.1870 0.3204 0.2030 0.2896 
       H7359  2 0.3218 0.2185 0.2487 0.2110 
       H7389  2 0.2474 0.2001 0.3012 0.2513 
       H7390  2 0.2552 0.3915 0.1872 0.1661 
       H7391  2 0.1852 0.1660 0.1615 0.4874 
       H7392  2 0.1991 0.2462 0.3181 0.2366 
       H7393  2 0.2803 0.3113 0.2115 0.1969 
       H7398  2 0.2357 0.2139 0.1831 0.3673 
       H7399  2 0.2246 0.1560 0.2848 0.3345 
       H7400  2 0.1424 0.5438 0.1558 0.1580 
        H745  2 0.2229 0.1639 0.4338 0.1794 
        H746  2 0.2130 0.1579 0.3139 0.3152 
        H747  2 0.2918 0.3562 0.1866 0.1654 
        H748  2 0.3225 0.2425 0.2343 0.2007 
       H7484  2 0.2047 0.4344 0.1823 0.1785 
       H7485  2 0.2769 0.1967 0.3268 0.1995 
        H749  2 0.2798 0.1677 0.2896 0.2629 
        H930  2 0.4398 0.1435 0.2483 0.1684 
        H931  2 0.2261 0.2145 0.2483 0.3112 
        H932  2 0.2574 0.2584 0.2600 0.2242 
        H111  3 0.3462 0.1661 0.3243 0.1634 
        H951  3 0.3082 0.1658 0.2848 0.2413 
        H952  3 0.2376 0.2214 0.3333 0.2077 
        H953  3 0.2129 0.1490 0.2317 0.4065 
        H954  3 0.2379 0.4083 0.1889 0.1649 
        H955  3 0.3781 0.1490 0.2902 0.1827 
        H956  3 0.3174 0.2463 0.2146 0.2216 
       H9563  3 0.2741 0.2710 0.1926 0.2622 
        H002  4 0.1587 0.3840 0.2721 0.1853 
        H003  4 0.1814 0.1642 0.2858 0.3686 
        H009  4 0.2628 0.1705 0.3887 0.1780 
        H010  4 0.2531 0.2018 0.2378 0.3073 
        H011  4 0.1448 0.4136 0.1677 0.2738 
        H012  4 0.2812 0.1762 0.2040 0.3386 
        H013  4 0.1882 0.2801 0.2112 0.3205 
        H014  4 0.2379 0.2443 0.2671 0.2507 
        H045  4 0.1936 0.2766 0.1982 0.3316 
        H046  4 0.1918 0.1555 0.3212 0.3315 
        H051  4 0.1943 0.3183 0.1992 0.2882 
        H052  4 0.1901 0.3442 0.2757 0.1901 
        H053  4 0.2606 0.2938 0.2292 0.2165 
        H056  4 0.2045 0.3945 0.2291 0.1720 
        H076  4 0.2214 0.1589 0.3257 0.2940 
        H151  4 0.1635 0.4745 0.2085 0.1534 
        H152  4 0.1503 0.3578 0.2958 0.1962 
     H171803  4 0.2577 0.2977 0.2160 0.2286 
     H171804  4 0.2861 0.2953 0.1976 0.2210 
     H171833  4 0.2496 0.1756 0.3746 0.2002 
     H171855  4 0.1809 0.4330 0.2380 0.1480 
     H171856  4 0.3496 0.2377 0.2232 0.1896 
     H171857  4 0.2084 0.3585 0.2597 0.1733 
     H171858  4 0.1998 0.2519 0.3055 0.2427 
     H171859  4 0.2163 0.2679 0.2672 0.2485 
     H171961  4 0.1862 0.3373 0.2165 0.2600 
        H198  4 0.2443 0.1362 0.2842 0.3353 
      H20001  4 0.2865 0.1927 0.3467 0.1741 
        H403  4 0.2401 0.2750 0.2968 0.1881 
        H404  4 0.2230 0.1666 0.2392 0.3712 
        H405  4 0.2632 0.1708 0.2682 0.2978 
        H406  4 0.3101 0.2373 0.3341 0.1186 
        H407  4 0.2942 0.2518 0.2215 0.2325 
        H410  4 0.3087 0.1499 0.2790 0.2625 
        H411  4 0.3171 0.2087 0.2985 0.1757 
        H468  4 0.3469 0.2105 0.3172 0.1255 
        H476  4 0.3482 0.2667 0.2439 0.1412 
        H477  4 0.2890 0.1540 0.3770 0.1800 
        H478  4 0.2558 0.1675 0.2390 0.3377 
        H479  4 0.1864 0.3059 0.2088 0.2989 
        H480  4 0.3804 0.1567 0.2936 0.1693 
        H498  4 0.2052 0.2411 0.2968 0.2570 
        H499  4 0.2373 0.2421 0.2368 0.2838 
        H500  4 0.2432 0.3747 0.1769 0.2051 
        H515  4 0.2703 0.3175 0.1971 0.2151 
        H516  4 0.2806 0.2752 0.2750 0.1693 
        H517  4 0.2822 0.2173 0.2813 0.2193 
        H518  4 0.2461 0.3150 0.2759 0.1630 
        H520  4 0.2433 0.3419 0.2428 0.1720 
        H521  4 0.2262 0.1822 0.2639 0.3277 
        H522  4 0.2930 0.2642 0.2383 0.2045 
        H523  4 0.3055 0.2803 0.2241 0.1901 
        H536  4 0.1867 0.1909 0.2718 0.3506 
        H645  4 0.1447 0.2354 0.1689 0.4511 
        H646  4 0.3728 0.1501 0.2884 0.1888 
        H647  4 0.2787 0.2231 0.2839 0.2143 
        H657  4 0.3096 0.1607 0.2987 0.2310 
        H658  4 0.3518 0.2432 0.2016 0.2034 
        H659  4 0.1891 0.4969 0.1760 0.1380 
        H660  4 0.2596 0.2867 0.2408 0.2129 
        H661  4 0.2021 0.3742 0.2442 0.1795 
        H668  4 0.2267 0.1650 0.1977 0.4105 
        H669  4 0.2421 0.2580 0.2142 0.2857 
        H670  4 0.1464 0.2374 0.1594 0.4569 
        H678  4 0.3567 0.2297 0.2143 0.1994 
        H679  4 0.3981 0.1609 0.2436 0.1974 
        H680  4 0.2508 0.2169 0.3213 0.2110 
        H681  4 0.1968 0.2888 0.2057 0.3087 
        H682  4 0.3916 0.1759 0.1977 0.2348 
        H683  4 0.2307 0.3412 0.2887 0.1393 
        H718  4 0.1648 0.4036 0.2317 0.1999 
        H719  4 0.2153 0.2711 0.1972 0.3164 
        H720  4 0.1985 0.2817 0.2906 0.2291 
        H721  4 0.2272 0.2814 0.2980 0.1934 
        H722  4 0.1739 0.3117 0.3680 0.1464 
        H723  4 0.2061 0.3494 0.1896 0.2549 
        H724  4 0.1964 0.4572 0.1756 0.1707 
        H725  4 0.1726 0.4623 0.2128 0.1523 
        H726  4 0.2051 0.3858 0.2141 0.1950 
        H727  4 0.1937 0.3300 0.1884 0.2879 
        H910  4 0.2598 0.2897 0.1901 0.2604 
        H911  4 0.2982 0.1920 0.3124 0.1974 
        H912  4 0.2548 0.2790 0.2835 0.1827 
        H913  4 0.2921 0.3074 0.2193 0.1812 
        H914  4 0.2124 0.3345 0.1677 0.2854 
        H915  4 0.3567 0.2474 0.2157 0.1801 
        H916  4 0.3564 0.2278 0.2638 0.1520 
       H9572  4 0.2570 0.2620 0.2620 0.2191 
        H015  5 0.3075 0.1930 0.2931 0.2065 
        H016  5 0.2299 0.1801 0.3798 0.2102 
        H017  5 0.2977 0.2317 0.3080 0.1626 
        H019  5 0.2419 0.2366 0.2704 0.2511 
        H020  5 0.1940 0.2787 0.2580 0.2693 
        H032  5 0.2818 0.2934 0.2360 0.1888 
        H033  5 0.2752 0.1871 0.2257 0.3120 
        H034  5 0.1837 0.3448 0.1792 0.2923 
        H035  5 0.3115 0.2262 0.2474 0.2149 
        H036  5 0.3128 0.1810 0.2864 0.2198 
        H037  5 0.2513 0.3002 0.1974 0.2511 
        H048  5 0.1938 0.3434 0.1871 0.2757 
        H049  5 0.2287 0.2394 0.3352 0.1967 
        H054  5 0.2134 0.2491 0.2740 0.2635 
        H055  5 0.1446 0.3155 0.2154 0.3245 
        H057  5 0.1889 0.2456 0.3834 0.1821 
        H060  5 0.1708 0.3083 0.2486 0.2723 
        H061  5 0.2347 0.1903 0.2421 0.3328 
        H064  5 0.1710 0.2939 0.2672 0.2680 
        H070  5 0.2213 0.3015 0.1813 0.2958 
        H077  5 0.1960 0.4305 0.2018 0.1717 
        H078  5 0.2475 0.3458 0.2566 0.1501 
        H079  5 0.3016 0.1474 0.2142 0.3368 
        H097  5 0.2432 0.2910 0.3430 0.1228 
        H107  5 0.1411 0.4712 0.1544 0.2332 
        H122  5 0.2971 0.2064 0.2889 0.2076 
        H123  5 0.3395 0.1623 0.2888 0.2094 
        H124  5 0.2863 0.1613 0.2673 0.2851 
        H131  5 0.3032 0.1834 0.2519 0.2615 
        H132  5 0.2237 0.2608 0.2331 0.2823 
        H141  5 0.2495 0.2640 0.2240 0.2625 
        H142  5 0.3034 0.1657 0.2593 0.2717 
        H157  5 0.2095 0.3407 0.2113 0.2385 
        H158  5 0.2809 0.1685 0.3882 0.1624 
        H159  5 0.3182 0.1571 0.2756 0.2491 
        H160  5 0.2961 0.2244 0.2788 0.2007 
        H163  5 0.3214 0.1865 0.2442 0.2480 
        H164  5 0.2373 0.2193 0.2762 0.2672 
        H165  5 0.2249 0.1437 0.2154 0.4160 
        H166  5 0.2479 0.1934 0.2844 0.2743 
        H169  5 0.2193 0.2243 0.2408 0.3156 
     H169613  5 0.2409 0.2762 0.2597 0.2232 
     H169653  5 0.2312 0.1945 0.2819 0.2924 
     H169728  5 0.3499 0.1971 0.2592 0.1938 
     H169742  5 0.1669 0.2203 0.1825 0.4304 
        H170  5 0.2077 0.2198 0.3883 0.1842 
        H171  5 0.2170 0.2136 0.3795 0.1899 
     H171851  5 0.2275 0.2478 0.2845 0.2402 
     H171852  5 0.1938 0.3339 0.2823 0.1901 
     H171853  5 0.2643 0.2808 0.2032 0.2517 
     H171854  5 0.3166 0.2480 0.2425 0.1930 
     H171938  5 0.2286 0.2217 0.1937 0.3560 
     H171939  5 0.2025 0.1792 0.3600 0.2583 
     H171941  5 0.1434 0.3894 0.1863 0.2809 
     H171965  5 0.2223 0.1881 0.2948 0.2948 
     H171970  5 0.1479 0.4760 0.1593 0.2168 
     H171973  5 0.2628 0.1578 0.1989 0.3805 
     H171974  5 0.2217 0.2399 0.1911 0.3474 
     H171975  5 0.1844 0.2865 0.2137 0.3154 
     H171976  5 0.2667 0.2480 0.3158 0.1696 
        H175  5 0.2155 0.3238 0.2018 0.2589 
        H178  5 0.1880 0.2724 0.2360 0.3036 
        H189  5 0.2855 0.1486 0.3194 0.2465 
        H399  5 0.2469 0.2038 0.4012 0.1482 
        H416  5 0.2305 0.2720 0.2070 0.2905 
        H438  5 0.2820 0.2287 0.1910 0.2983 
        H450  5 0.1711 0.3879 0.2004 0.2406 
        H455  5 0.1325 0.4183 0.1706 0.2786 
        H456  5 0.2084 0.2265 0.2146 0.3505 
        H457  5 0.1847 0.3664 0.2708 0.1781 
        H458  5 0.2102 0.2973 0.2205 0.2721 
        H459  5 0.3248 0.1572 0.2693 0.2487 
        H460  5 0.3249 0.2487 0.2283 0.1980 
        H461  5 0.2642 0.2417 0.3281 0.1660 
        H462  5 0.3353 0.1733 0.2234 0.2681 
        H469  5 0.3461 0.1721 0.2274 0.2544 
        H470  5 0.2866 0.2647 0.2266 0.2221 
        H471  5 0.3439 0.1474 0.3624 0.1462 
        H481  5 0.1755 0.4615 0.1761 0.1868 
        H482  5 0.2266 0.3289 0.2129 0.2316 
        H501  5 0.2468 0.2575 0.2289 0.2668 
        H502  5 0.2603 0.1621 0.3332 0.2445 
        H503  5 0.2765 0.1779 0.3174 0.2282 
        H509  5 0.2480 0.3335 0.1863 0.2322 
        H510  5 0.1933 0.2359 0.2543 0.3165 
        H511  5 0.2435 0.2032 0.2717 0.2816 
        H530  5 0.2226 0.2670 0.1930 0.3175 
        H531  5 0.2580 0.3702 0.2164 0.1553 
        H564  5 0.2008 0.3103 0.2215 0.2673 
        H565  5 0.1809 0.4208 0.2002 0.1981 
        H567  5 0.3437 0.1399 0.2830 0.2335 
     H568???  5 0.2804 0.1692 0.3243 0.2261 
        H608  5 0.1751 0.3884 0.2030 0.2334 
        H609  5 0.1743 0.2105 0.1810 0.4342 
        H612  5 0.1817 0.4006 0.1487 0.2690 
        H614  5 0.1796 0.4121 0.2291 0.1793 
        H615  5 0.2394 0.3392 0.2532 0.1682 
        H616  5 0.1392 0.4763 0.1523 0.2322 
        H617  5 0.3364 0.1471 0.2366 0.2800 
        H618  5 0.1819 0.3694 0.1981 0.2506 
        H619  5 0.1424 0.1800 0.1838 0.4938 
        H635  5 0.2490 0.2382 0.2216 0.2912 
        H636  5 0.2151 0.1709 0.1775 0.4364 
        H637  5 0.1850 0.2817 0.2243 0.3090 
        H644  5 0.2608 0.1183 0.4415 0.1793 
        H711  5 0.2050 0.2156 0.3796 0.1998 
        H712  5 0.1705 0.2749 0.1747 0.3799 
       H7360  5 0.2314 0.2682 0.2729 0.2275 
       H7361  5 0.1948 0.3612 0.2074 0.2367 
       H7362  5 0.2589 0.1293 0.4120 0.1998 
       H7363  5 0.2473 0.2975 0.2346 0.2207 
       H7394  5 0.3514 0.1822 0.2447 0.2218 
       H7395  5 0.1893 0.2460 0.2374 0.3273 
       H7396  5 0.3115 0.2208 0.2189 0.2488 
        H742  5 0.1677 0.2267 0.1732 0.4324 
        H743  5 0.1849 0.2743 0.2704 0.2704 
        H744  5 0.1933 0.4220 0.1795 0.2052 
        H957  5 0.2560 0.2454 0.3072 0.1913 
        H958  5 0.3799 0.1863 0.2221 0.2117 
        H959  5 0.1644 0.3640 0.1695 0.3021 
        H960  5 0.2513 0.2400 0.2260 0.2827 
      H_PALI  6 0.2786 0.2322 0.2564 0.2328 
        H581  6 0.2516 0.3035 0.2420 0.2028 
        H582  6 0.1737 0.4316 0.2173 0.1774 
        H583  6 0.2491 0.2767 0.2452 0.2290 
        H595  6 0.4431 0.1375 0.2390 0.1805 
        H596  6 0.3983 0.1455 0.2442 0.2120 
        H597  6 0.2529 0.1641 0.3216 0.2614 
        H598  6 0.2704 0.2572 0.2131 0.2594 
        H599  6 0.1867 0.3352 0.2003 0.2778 
        H642  6 0.3492 0.1844 0.3253 0.1410 
        H643  6 0.2753 0.2404 0.2150 0.2692 
        H664  6 0.2764 0.3419 0.2586 0.1231 
        H665  6 0.2166 0.2099 0.1771 0.3964 
        H674  6 0.2550 0.1362 0.4197 0.1890 
        H675  6 0.2310 0.3149 0.2732 0.1809 
        H676  6 0.3542 0.2133 0.2549 0.1775 
        H686  6 0.2639 0.2192 0.2530 0.2639 
        H687  6 0.3238 0.2405 0.2581 0.1776 
        H917  6 0.3447 0.1476 0.2031 0.3047 
        H918  6 0.1801 0.1765 0.2108 0.4326 
        H919  6 0.1886 0.3600 0.1632 0.2882 
        H920  6 0.2370 0.3472 0.2214 0.1945 
        H631  7 0.1894 0.3095 0.2161 0.2850 
        H684  7 0.2054 0.1696 0.4017 0.2233 
        H685  7 0.3270 0.3619 0.1846 0.1265 
        H713  7 0.2270 0.3900 0.1989 0.1841 
        H715  7 0.2173 0.1964 0.3656 0.2207 
        H716  7 0.1319 0.2751 0.2262 0.3668 
        H717  7 0.2104 0.2811 0.2590 0.2494 
        H729  7 0.3222 0.1352 0.2204 0.3223 
        H730  7 0.2072 0.2325 0.1943 0.3660 
        H431  8 0.2268 0.3286 0.2369 0.2077 
        H432  8 0.2276 0.1471 0.3679 0.2574 
        H433  8 0.3187 0.1922 0.2194 0.2698 
        H434  8 0.3129 0.1948 0.2617 0.2305 
        H444  8 0.2067 0.2032 0.2129 0.3772 
        H454  8 0.1722 0.4133 0.1722 0.2423 
        H475  8 0.1787 0.4846 0.1768 0.1600 
        H491  8 0.1651 0.3140 0.2254 0.2955 
        H492  8 0.2719 0.3194 0.2191 0.1896 
        H493  8 0.2478 0.2273 0.2866 0.2383 
        H494  8 0.2609 0.2640 0.2306 0.2445 
        H495  8 0.1769 0.4062 0.2624 0.1546 
        H662  8 0.2510 0.2044 0.3309 0.2138 
        H663  8 0.2470 0.2401 0.2496 0.2633 
        H695  8 0.2575 0.2605 0.2281 0.2539 
       H7367  8 0.3905 0.1404 0.2481 0.2210 
       H7368  8 0.2575 0.1874 0.2861 0.2690 
       H7369  8 0.1860 0.2280 0.2025 0.3836 
       H7370  8 0.5143 0.1230 0.1975 0.1653 
       H7371  8 0.3106 0.1925 0.2076 0.2893 
        H600  9 0.2038 0.3394 0.2348 0.2221 
        H648  9 0.2306 0.2678 0.2880 0.2136 
        H696  9 0.3231 0.1249 0.3861 0.1659 
        H697  9 0.2397 0.2175 0.2535 0.2893 
        H698  9 0.2730 0.1976 0.2869 0.2425 
        H699  9 0.2581 0.2585 0.2528 0.2306 
        H700  9 0.2092 0.3073 0.1991 0.2844 
        H732  9 0.1917 0.4040 0.2493 0.1550 
        H733  9 0.3678 0.1652 0.2408 0.2262 
        H734  9 0.3725 0.1489 0.2996 0.1789 
        H735  9 0.3481 0.1857 0.2694 0.1968 
        H736  9 0.2703 0.2447 0.2579 0.2271 
        H737  9 0.1802 0.3031 0.2463 0.2704 
        H905  9 0.1819 0.3278 0.1916 0.2987 
        H921  9 0.2241 0.2803 0.2008 0.2948 
        H922  9 0.3586 0.1360 0.2279 0.2775 
     H169705 10 0.4245 0.1900 0.1981 0.1874 
     H171942 10 0.2192 0.1454 0.3627 0.2727 
     H171943 10 0.3194 0.2029 0.2547 0.2230 
     H171944 10 0.3504 0.2163 0.2064 0.2269 
     H171946 10 0.2397 0.3351 0.2723 0.1528 
     H171947 10 0.2586 0.2115 0.2532 0.2768 
     H229641 10 0.3063 0.2708 0.2513 0.1716 
      H30001 10 0.2862 0.2489 0.2181 0.2468 
      H30002 10 0.2306 0.2449 0.2315 0.2930 
      H30005 10 0.3513 0.1896 0.2564 0.2026 
      H30006 10 0.3140 0.1839 0.3098 0.1922 
      H30007 10 0.2002 0.1440 0.4376 0.2183 
        H451 10 0.2879 0.1737 0.2509 0.2874 
        H452 10 0.3045 0.2274 0.2942 0.1740 
        H453 10 0.1481 0.4321 0.2303 0.1895 
        H473 10 0.1705 0.2957 0.2367 0.2971 
        H474 10 0.2346 0.4413 0.2082 0.1160 
        H486 10 0.2446 0.3119 0.2385 0.2050 
        H487 10 0.2454 0.3094 0.2512 0.1940 
        H488 10 0.1921 0.2480 0.1882 0.3717 
        H489 10 0.2707 0.3844 0.1746 0.1702 
        H550 10 0.2943 0.1869 0.3491 0.1698 
        H551 10 0.3040 0.2371 0.2002 0.2586 
        H553 10 0.2461 0.3392 0.2626 0.1521 
        H554 10 0.2403 0.1973 0.3025 0.2598 
        H556 10 0.2568 0.2372 0.3160 0.1900 
        H580 10 0.2582 0.1921 0.2564 0.2933 
        H591 10 0.1671 0.4672 0.1739 0.1918 
        H592 10 0.3211 0.2855 0.2053 0.1881 
        H593 10 0.2456 0.2103 0.2736 0.2704 
        H594 10 0.2931 0.1252 0.3406 0.2411 
        H627 10 0.3046 0.2689 0.2668 0.1597 
        H628 10 0.1751 0.1196 0.2369 0.4684 
        H629 10 0.2744 0.2532 0.2905 0.1819 
        H630 10 0.3717 0.2301 0.2324 0.1658 
        H638 10 0.3975 0.2053 0.2161 0.1810 
        H639 10 0.2113 0.3773 0.2540 0.1574 
        H640 10 0.3461 0.1750 0.2865 0.1924 
        H704 10 0.2188 0.1659 0.3564 0.2590 
        H705 10 0.4260 0.1913 0.1902 0.1925 
        H706 10 0.1946 0.3168 0.1853 0.3033 
        H708 10 0.2252 0.3926 0.1993 0.1828 
       H7351 10 0.2509 0.2142 0.2732 0.2617 
       H7352 10 0.2460 0.2690 0.2332 0.2519 
       H7353 10 0.2056 0.1852 0.4218 0.1874 
       H7354 10 0.1688 0.3145 0.1958 0.3209 
       H7365 10 0.2239 0.3924 0.1838 0.1999 
       H7383 10 0.2327 0.2878 0.1851 0.2943 
       H7384 10 0.2168 0.2869 0.2176 0.2788 
       H7385 10 0.2476 0.3341 0.1946 0.2238 
       H7386 10 0.2374 0.2075 0.2221 0.3330 
       H7387 10 0.2649 0.2049 0.2541 0.2760 
       H7388 10 0.2521 0.2307 0.2654 0.2518 
        H906 10 0.1398 0.3135 0.2989 0.2478 
        H907 10 0.3887 0.1753 0.2590 0.1770 
        H908 10 0.2839 0.2332 0.2348 0.2481 
        H909 10 0.1600 0.2368 0.2064 0.3968 
       H9552 10 0.2382 0.2211 0.2724 0.2683 
       H9553 10 0.2625 0.2789 0.2719 0.1866 
       H9555 10 0.3549 0.1819 0.2022 0.2609 
       H9575 10 0.2038 0.3610 0.2635 0.1717 
       H9703 10 0.1872 0.4310 0.1981 0.1837 
       H9707 10 0.2383 0.3758 0.2125 0.1734 
       HSAA4 10 0.2569 0.1936 0.2531 0.2964 
        H001 11 0.1741 0.2597 0.2061 0.3602 
        H004 11 0.2612 0.2264 0.2473 0.2652 
        H005 11 0.1485 0.4331 0.1527 0.2657 
        H006 11 0.2681 0.2511 0.2228 0.2580 
        H007 11 0.1573 0.3338 0.1756 0.3333 
        H031 11 0.2261 0.4374 0.1548 0.1817 
        H074 11 0.2755 0.3603 0.2007 0.1635 
        H075 11 0.1810 0.3492 0.1688 0.3010 
        H080 11 0.2125 0.3671 0.1924 0.2280 
        H086 11 0.2951 0.2444 0.2592 0.2013 
        H092 11 0.2707 0.3182 0.2015 0.2096 
        H093 11 0.2261 0.1510 0.3660 0.2569 
        H094 11 0.4003 0.1947 0.2435 0.1615 
        H095 11 0.1827 0.3297 0.2271 0.2606 
        H096 11 0.1755 0.2852 0.1752 0.3641 
        H099 11 0.2650 0.3101 0.2145 0.2103 
        H100 11 0.2138 0.1349 0.2725 0.3788 
        H127 11 0.2364 0.2904 0.2354 0.2378 
        H136 11 0.2074 0.4259 0.1923 0.1744 
        H153 11 0.2797 0.2326 0.2727 0.2150 
        H154 11 0.2523 0.3788 0.1989 0.1700 
        H155 11 0.2185 0.1363 0.2002 0.4450 
        H156 11 0.2556 0.1183 0.2135 0.4126 
        H161 11 0.2146 0.2109 0.3336 0.2409 
        H162 11 0.3873 0.1523 0.2569 0.2034 
        H167 11 0.2235 0.2009 0.2442 0.3314 
        H168 11 0.2374 0.2206 0.2467 0.2953 
     H169586 11 0.2018 0.2987 0.3609 0.1386 
     H169738 11 0.2783 0.1596 0.2289 0.3331 
     H169741 11 0.2784 0.3351 0.2153 0.1712 
     H171801 11 0.2451 0.1862 0.3285 0.2402 
     H171810 11 0.2524 0.3312 0.2371 0.1794 
     H171811 11 0.2268 0.3875 0.2361 0.1496 
     H171812 11 0.1405 0.2326 0.1656 0.4613 
     H171820 11 0.2289 0.3612 0.2176 0.1923 
     H171821 11 0.2877 0.1874 0.2336 0.2913 
     H171822 11 0.3367 0.1955 0.2288 0.2390 
     H171823 11 0.1561 0.4250 0.2753 0.1436 
     H171866 11 0.2500 0.1895 0.2953 0.2652 
     H171867 11 0.2912 0.1760 0.1970 0.3358 
     H171967 11 0.2050 0.3200 0.1875 0.2875 
     H171969 11 0.2296 0.2300 0.2677 0.2727 
        H172 11 0.2538 0.2041 0.2319 0.3103 
        H173 11 0.2775 0.1961 0.1847 0.3417 
        H174 11 0.3732 0.1435 0.3110 0.1722 
        H196 11 0.2761 0.1706 0.2721 0.2812 
        H197 11 0.2960 0.1833 0.2245 0.2962 
        H346 11 0.1864 0.2615 0.2068 0.3454 
        H355 11 0.1878 0.2700 0.2166 0.3256 
        H356 11 0.2432 0.2840 0.2527 0.2200 
        H357 11 0.2449 0.3270 0.1958 0.2323 
        H358 11 0.2287 0.2162 0.1705 0.3846 
        H359 11 0.3050 0.2495 0.2469 0.1986 
        H360 11 0.2587 0.2520 0.2176 0.2717 
        H361 11 0.2053 0.2182 0.2542 0.3223 
        H362 11 0.4168 0.1332 0.2440 0.2060 
        H363 11 0.2173 0.3790 0.1929 0.2108 
        H364 11 0.1986 0.2545 0.2684 0.2785 
        H365 11 0.1923 0.2033 0.2552 0.3493 
        H366 11 0.2267 0.1703 0.2521 0.3510 
        H367 11 0.2147 0.4216 0.2009 0.1627 
        H368 11 0.3431 0.1649 0.3154 0.1767 
        H369 11 0.1956 0.4161 0.1579 0.2305 
        H370 11 0.2896 0.1827 0.2467 0.2810 
        H371 11 0.3363 0.2311 0.2343 0.1983 
        H372 11 0.2403 0.1999 0.2309 0.3288 
        H373 11 0.2449 0.2469 0.2157 0.2925 
        H374 11 0.1779 0.2957 0.2016 0.3249 
        H375 11 0.2202 0.2683 0.1910 0.3204 
        H376 11 0.2327 0.1864 0.2776 0.3033 
        H377 11 0.2859 0.2676 0.2003 0.2462 
        H378 11 0.2267 0.2875 0.2627 0.2231 
        H379 11 0.3590 0.2195 0.2337 0.1878 
        H380 11 0.2323 0.1539 0.2041 0.4097 
        H381 11 0.2300 0.3664 0.2485 0.1550 
        H382 11 0.3450 0.1224 0.2618 0.2708 
        H383 11 0.1851 0.1558 0.2819 0.3773 
        H384 11 0.2265 0.3476 0.2210 0.2050 
        H385 11 0.3082 0.3166 0.1942 0.1810 
        H386 11 0.2065 0.1773 0.1847 0.4316 
        H387 11 0.1592 0.2565 0.3916 0.1926 
        H388 11 0.2388 0.1390 0.2607 0.3614 
        H389 11 0.2366 0.2357 0.2086 0.3190 
        H390 11 0.3145 0.1877 0.2324 0.2654 
        H391 11 0.3083 0.1830 0.3100 0.1988 
        H392 11 0.1619 0.3467 0.1753 0.3161 
        H393 11 0.1970 0.1538 0.3099 0.3393 
        H394 11 0.2197 0.1690 0.4246 0.1867 
        H395 11 0.1884 0.3680 0.1921 0.2516 
        H408 11 0.1679 0.2416 0.1775 0.4130 
        H412 11 0.2577 0.3951 0.2480 0.0992 
        H417 11 0.2316 0.2932 0.2358 0.2395 
        H418 11 0.2614 0.2661 0.3062 0.1664 
        H429 11 0.1961 0.1968 0.2535 0.3535 
        H430 11 0.2760 0.1637 0.2327 0.3276 
        H439 11 0.2960 0.2488 0.2088 0.2464 
        H440 11 0.1646 0.4187 0.1946 0.2221 
        H441 11 0.3453 0.1814 0.2349 0.2384 
        H442 11 0.2423 0.1834 0.2704 0.3039 
        H446 11 0.2636 0.2289 0.2943 0.2132 
        H447 11 0.2988 0.1521 0.2134 0.3357 
        H448 11 0.2504 0.2087 0.2017 0.3392 
        H534 11 0.1608 0.4459 0.2160 0.1774 
        H537 11 0.1719 0.3796 0.2596 0.1888 
        H568 11 0.2208 0.4767 0.1607 0.1419 
        H569 11 0.3808 0.1208 0.2227 0.2756 
        H586 11 0.2027 0.3016 0.3658 0.1299 
        H587 11 0.1831 0.4466 0.1733 0.1970 
        H588 11 0.2220 0.1633 0.3648 0.2500 
        H589 11 0.1674 0.4267 0.1713 0.2346 
        H590 11 0.1693 0.3691 0.2428 0.2189 
        H601 11 0.2944 0.1557 0.2908 0.2591 
        H602 11 0.2742 0.2912 0.2184 0.2162 
        H603 11 0.2735 0.1822 0.2051 0.3393 
        H610 11 0.2942 0.2831 0.2118 0.2108 
        H611 11 0.3488 0.3056 0.1933 0.1524 
        H649 11 0.2467 0.2369 0.2356 0.2808 
        H650 11 0.4056 0.1815 0.2558 0.1572 
        H651 11 0.2320 0.2101 0.1933 0.3646 
        H652 11 0.2342 0.2711 0.2996 0.1951 
       H7364 11 0.2583 0.1797 0.2313 0.3307 
       H7366 11 0.2137 0.2685 0.2066 0.3112 
       H7378 11 0.3355 0.1089 0.4058 0.1498 
       H7379 11 0.2633 0.2407 0.2474 0.2485 
        H739 11 0.2598 0.3435 0.2134 0.1833 
        H740 11 0.3350 0.2073 0.2655 0.1923 
        H741 11 0.2798 0.3366 0.2109 0.1727 
        H926 11 0.3307 0.2160 0.2474 0.2058 
        H927 11 0.3597 0.1700 0.2247 0.2456 
        H928 11 0.4110 0.2241 0.2124 0.1525 
       H9560 11 0.3570 0.2071 0.2668 0.1691 
        H409 12 0.2628 0.1737 0.2298 0.3337 
        H413 12 0.2521 0.1467 0.4288 0.1724 
        H419 12 0.2410 0.1925 0.2161 0.3504 
        H420 12 0.1906 0.3126 0.2190 0.2778 
        H421 12 0.2441 0.1406 0.3071 0.3082 
        H435 12 0.2261 0.1608 0.3090 0.3041 
        H436 12 0.2249 0.2283 0.1869 0.3599 
        H437 12 0.1786 0.3930 0.2349 0.1936 
        H445 12 0.1884 0.1672 0.2029 0.4415 
        H449 12 0.2346 0.2139 0.3382 0.2133 
        H463 12 0.2083 0.3474 0.2291 0.2152 
        H464 12 0.2483 0.1659 0.3544 0.2314 
        H465 12 0.2775 0.2330 0.3624 0.1271 
        H490 12 0.2984 0.1578 0.3361 0.2076 
        H561 12 0.2984 0.2477 0.2340 0.2198 
        H562 12 0.1838 0.2062 0.1759 0.4342 
        H563 12 0.2685 0.2725 0.1999 0.2591 
        H570 12 0.2008 0.3287 0.1735 0.2969 
        H571 12 0.2802 0.2173 0.3392 0.1633 
        H572 12 0.2579 0.2701 0.2335 0.2385 
        H573 12 0.2646 0.1603 0.2287 0.3464 
       H7372 12 0.2417 0.1201 0.2286 0.4097 
       H7373 12 0.2257 0.1684 0.4376 0.1683 
       H7374 12 0.1399 0.3234 0.2154 0.3213 
       H7375 12 0.1986 0.3145 0.2044 0.2825 
       H7376 12 0.1896 0.1316 0.1813 0.4975 
       H7377 12 0.2944 0.3227 0.2062 0.1766 
