        H102  1 0.3630 0.2532 0.3839 
        H103  1 0.2819 0.4933 0.2248 
        H104  1 0.3709 0.2139 0.4152 
        H105  1 0.4232 0.2750 0.3018 
        H106  1 0.3119 0.3357 0.3524 
        H112  1 0.3426 0.2537 0.4037 
        H113  1 0.4622 0.2721 0.2657 
        H114  1 0.4945 0.2875 0.2179 
        H115  1 0.4381 0.2014 0.3605 
        H143  1 0.4323 0.2902 0.2774 
        H144  1 0.3815 0.4253 0.1932 
        H145  1 0.3175 0.4664 0.2161 
        H149  1 0.3115 0.2390 0.4495 
        H150  1 0.3485 0.3412 0.3104 
     H167542  1 0.4950 0.2471 0.2579 
     H169604  1 0.4091 0.3054 0.2855 
     H169607  1 0.3880 0.3851 0.2269 
     H169608  1 0.2695 0.2521 0.4784 
     H169633  1 0.4666 0.3130 0.2204 
     H169688  1 0.2361 0.4783 0.2856 
     H169714  1 0.3142 0.2885 0.3974 
     H171802  1 0.2629 0.3102 0.4270 
     H171805  1 0.3334 0.3900 0.2767 
     H171807  1 0.3024 0.3190 0.3785 
     H171814  1 0.3259 0.4592 0.2149 
     H171816  1 0.3026 0.2983 0.3991 
     H171817  1 0.3366 0.2774 0.3860 
     H171818  1 0.3631 0.3241 0.3127 
     H171819  1 0.3489 0.3085 0.3426 
     H171834  1 0.3938 0.2960 0.3102 
     H171835  1 0.2794 0.2334 0.4872 
     H171836  1 0.3896 0.4318 0.1786 
     H171837  1 0.3755 0.2507 0.3737 
     H171838  1 0.3086 0.4268 0.2647 
     H171839  1 0.3856 0.2400 0.3744 
     H171841  1 0.1902 0.2717 0.5381 
     H171860  1 0.3916 0.2921 0.3163 
     H171861  1 0.4557 0.3622 0.1820 
     H171862  1 0.3697 0.3238 0.3066 
     H171868  1 0.4898 0.2361 0.2741 
     H171869  1 0.2878 0.4460 0.2662 
     H171870  1 0.2603 0.3734 0.3662 
     H171871  1 0.2965 0.4337 0.2699 
     H171872  1 0.3927 0.2542 0.3531 
     H171873  1 0.2600 0.3761 0.3639 
     H171874  1 0.3696 0.3585 0.2719 
     H171875  1 0.4553 0.3583 0.1864 
     H171876  1 0.4153 0.3343 0.2504 
     H171877  1 0.4912 0.2314 0.2774 
     H171878  1 0.2390 0.3625 0.3986 
     H171901  1 0.2508 0.3040 0.4452 
     H171902  1 0.2946 0.3835 0.3219 
     H171903  1 0.3747 0.3106 0.3147 
     H171935  1 0.2233 0.3562 0.4205 
     H171936  1 0.4608 0.3034 0.2358 
     H171940  1 0.3370 0.2904 0.3725 
     H171945  1 0.2980 0.3812 0.3208 
     H171948  1 0.3658 0.2675 0.3667 
     H171949  1 0.2654 0.2444 0.4902 
     H171950  1 0.2362 0.2370 0.5268 
     H171963  1 0.2890 0.4611 0.2499 
     H171964  1 0.2693 0.4854 0.2452 
     H171966  1 0.3034 0.3586 0.3380 
     H171968  1 0.3153 0.3216 0.3631 
     H171971  1 0.2554 0.3896 0.3550 
     H171972  1 0.3019 0.4544 0.2437 
     H171977  1 0.3278 0.4414 0.2308 
     H171978  1 0.2571 0.3114 0.4315 
     H171979  1 0.3526 0.4313 0.2161 
        H176  1 0.4123 0.2919 0.2958 
        H177  1 0.2773 0.2282 0.4946 
        H179  1 0.3647 0.2209 0.4144 
        H181  1 0.3575 0.4161 0.2264 
        H182  1 0.3905 0.4054 0.2042 
        H183  1 0.2748 0.4704 0.2547 
        H184  1 0.3296 0.2868 0.3837 
        H185  1 0.3808 0.3880 0.2312 
        H186  1 0.3016 0.3456 0.3529 
        H187  1 0.2918 0.3591 0.3491 
        H188  1 0.4250 0.2289 0.3460 
        H192  1 0.2794 0.2596 0.4610 
        H193  1 0.3441 0.4259 0.2301 
        H194  1 0.3764 0.2778 0.3458 
        H195  1 0.2575 0.4898 0.2527 
        H199  1 0.2742 0.4638 0.2621 
        H200  1 0.3207 0.2933 0.3860 
        H414  1 0.3185 0.3871 0.2944 
        H415  1 0.4101 0.3300 0.2600 
        H422  1 0.2818 0.3570 0.3612 
        H423  1 0.2222 0.2216 0.5562 
        H424  1 0.3316 0.4413 0.2271 
        H425  1 0.2980 0.4623 0.2398 
        H426  1 0.2243 0.5019 0.2738 
        H443  1 0.3566 0.4073 0.2361 
        H466  1 0.3431 0.3113 0.3456 
        H467  1 0.2463 0.2540 0.4997 
        H472  1 0.3521 0.3248 0.3231 
        H483  1 0.4376 0.3316 0.2308 
        H504  1 0.2810 0.4966 0.2224 
        H505  1 0.3316 0.2774 0.3910 
        H506  1 0.3395 0.3384 0.3220 
        H507  1 0.4078 0.4070 0.1852 
        H508  1 0.2567 0.3616 0.3817 
        H524  1 0.4148 0.3617 0.2235 
        H525  1 0.3628 0.3692 0.2681 
        H526  1 0.4979 0.2621 0.2400 
        H527  1 0.2931 0.2762 0.4307 
        H528  1 0.3902 0.3923 0.2175 
        H529  1 0.3972 0.4058 0.1970 
        H533  1 0.3747 0.4115 0.2138 
        H538  1 0.3988 0.2787 0.3225 
        H539  1 0.2756 0.4151 0.3094 
        H540  1 0.3638 0.3136 0.3225 
        H541  1 0.4364 0.2789 0.2848 
        H558  1 0.2449 0.4805 0.2745 
        H559  1 0.4030 0.2958 0.3011 
        H579  1 0.3598 0.3839 0.2563 
        H584  1 0.3070 0.4346 0.2584 
        H585  1 0.3487 0.3840 0.2673 
        H605  1 0.3254 0.3086 0.3660 
        H606  1 0.3107 0.2171 0.4722 
        H632  1 0.3351 0.4257 0.2392 
        H634  1 0.3197 0.3841 0.2963 
        H671  1 0.2637 0.2539 0.4824 
        H672  1 0.3369 0.3532 0.3099 
        H673  1 0.3896 0.3538 0.2566 
        H689  1 0.3992 0.3519 0.2489 
        H690  1 0.3886 0.2323 0.3791 
        H691  1 0.4616 0.2525 0.2859 
        H692  1 0.3903 0.4578 0.1520 
        H709  1 0.3600 0.3409 0.2991 
        H710  1 0.3647 0.4422 0.1931 
       H7355  1 0.5121 0.2743 0.2136 
       H7356  1 0.3081 0.3724 0.3195 
       H7357  1 0.3752 0.2649 0.3599 
       H7358  1 0.4012 0.3489 0.2499 
       H7380  1 0.4026 0.3241 0.2733 
       H7381  1 0.2600 0.3227 0.4173 
       H7382  1 0.3893 0.3383 0.2724 
        H904  1 0.2557 0.1704 0.5739 
        H923  1 0.3170 0.3353 0.3477 
        H924  1 0.3488 0.2901 0.3611 
        H925  1 0.4587 0.2924 0.2489 
       H9558  1 0.2318 0.5107 0.2575 
        H008  2 0.4482 0.3467 0.2051 
        H021  2 0.3503 0.2479 0.4018 
        H023  2 0.3467 0.2467 0.4066 
        H024  2 0.3141 0.4865 0.1994 
        H025  2 0.2452 0.3324 0.4224 
        H026  2 0.2926 0.4951 0.2122 
        H027  2 0.4520 0.2811 0.2669 
        H028  2 0.3661 0.3839 0.2500 
        H029  2 0.3700 0.3899 0.2401 
        H030  2 0.2998 0.4929 0.2073 
        H038  2 0.2802 0.2881 0.4317 
        H039  2 0.1851 0.1700 0.6449 
        H040  2 0.2483 0.3053 0.4464 
        H041  2 0.4517 0.2839 0.2644 
        H042  2 0.3443 0.2947 0.3610 
        H043  2 0.1898 0.2956 0.5147 
        H044  2 0.2759 0.4763 0.2478 
        H047  2 0.2578 0.3632 0.3791 
        H050  2 0.3131 0.4322 0.2547 
        H058  2 0.2518 0.3490 0.3991 
        H062  2 0.3538 0.2440 0.4022 
        H063  2 0.2957 0.2550 0.4493 
        H065  2 0.2719 0.4056 0.3225 
        H066  2 0.2808 0.4199 0.2993 
        H067  2 0.4451 0.2973 0.2576 
        H068  2 0.2406 0.2938 0.4656 
        H069  2 0.2579 0.4258 0.3163 
        H071  2 0.3181 0.2744 0.4075 
        H072  2 0.2628 0.2295 0.5077 
        H073  2 0.3902 0.3615 0.2483 
        H081  2 0.4654 0.2284 0.3062 
        H082  2 0.3283 0.4645 0.2071 
        H083  2 0.3081 0.4588 0.2331 
        H084  2 0.2959 0.3338 0.3703 
        H085  2 0.5040 0.2413 0.2547 
        H087  2 0.5099 0.2251 0.2650 
        H088  2 0.3280 0.2467 0.4253 
        H089  2 0.4513 0.2894 0.2593 
        H090  2 0.3661 0.4061 0.2278 
        H091  2 0.4669 0.3373 0.1958 
        H098  2 0.3569 0.3686 0.2745 
      H10001  2 0.1781 0.1655 0.6564 
      H10002  2 0.3582 0.2266 0.4152 
        H101  2 0.2685 0.4697 0.2618 
        H108  2 0.3692 0.2195 0.4113 
        H109  2 0.2728 0.3486 0.3786 
        H110  2 0.5017 0.2645 0.2338 
        H116  2 0.3070 0.4247 0.2683 
        H117  2 0.4968 0.2753 0.2279 
        H118  2 0.4084 0.4197 0.1719 
        H119  2 0.3626 0.2631 0.3743 
        H120  2 0.2977 0.1891 0.5131 
        H121  2 0.4065 0.3766 0.2169 
        H125  2 0.1910 0.1643 0.6446 
        H126  2 0.2691 0.4545 0.2764 
        H128  2 0.3124 0.5548 0.1329 
        H129  2 0.2931 0.4999 0.2070 
        H130  2 0.1932 0.3367 0.4701 
        H133  2 0.2083 0.2563 0.5354 
        H134  2 0.2284 0.5681 0.2035 
        H135  2 0.4031 0.2707 0.3263 
        H137  2 0.3442 0.3484 0.3073 
        H138  2 0.2764 0.4774 0.2462 
        H140  2 0.3448 0.3531 0.3021 
        H146  2 0.3524 0.4004 0.2471 
        H147  2 0.4646 0.2956 0.2398 
        H148  2 0.5138 0.2416 0.2446 
     H166022  2 0.4138 0.3696 0.2167 
     H167359  2 0.3268 0.3655 0.3077 
     H167397  2 0.3872 0.4639 0.1489 
     H167428  2 0.5035 0.3411 0.1554 
     H167496  2 0.3190 0.2042 0.4768 
     H167513  2 0.2667 0.3915 0.3418 
     H167545  2 0.2986 0.4743 0.2272 
     H167547  2 0.2368 0.5522 0.2110 
     H169621  2 0.3773 0.3954 0.2273 
     H169622  2 0.3719 0.3830 0.2451 
     H169750  2 0.2221 0.3685 0.4094 
     H171806  2 0.3128 0.3292 0.3580 
     H171808  2 0.3505 0.3480 0.3015 
     H171809  2 0.4092 0.2594 0.3314 
     H171813  2 0.2774 0.3751 0.3475 
     H171815  2 0.2073 0.2621 0.5307 
     H171824  2 0.3877 0.2098 0.4024 
     H171825  2 0.3649 0.3563 0.2788 
     H171826  2 0.3788 0.2620 0.3591 
     H171827  2 0.3527 0.3052 0.3420 
     H171828  2 0.2793 0.1758 0.5449 
     H171829  2 0.2488 0.4235 0.3277 
     H171830  2 0.3313 0.3380 0.3307 
     H171831  2 0.3256 0.4742 0.2003 
     H171832  2 0.3033 0.4113 0.2854 
     H171863  2 0.2644 0.5397 0.1960 
     H171864  2 0.4003 0.3090 0.2907 
     H171865  2 0.2366 0.2793 0.4841 
     H171879  2 0.3281 0.3674 0.3045 
     H171880  2 0.3736 0.3659 0.2605 
     H171881  2 0.4382 0.3059 0.2560 
     H171882  2 0.2221 0.2047 0.5733 
     H171929  2 0.4083 0.3132 0.2785 
     H171930  2 0.2795 0.5081 0.2124 
     H171933  2 0.3771 0.3370 0.2859 
     H171934  2 0.4417 0.2748 0.2835 
     H171937  2 0.2672 0.4793 0.2535 
     H171962  2 0.4194 0.3231 0.2574 
        H190  2 0.3680 0.3722 0.2597 
        H191  2 0.3289 0.3515 0.3196 
        H396  2 0.4302 0.2563 0.3135 
        H397  2 0.3410 0.3750 0.2840 
        H398  2 0.2927 0.3454 0.3619 
        H400  2 0.3984 0.2871 0.3145 
        H401  2 0.3324 0.5000 0.1676 
        H402  2 0.4169 0.3495 0.2335 
        H427  2 0.4465 0.2673 0.2862 
        H428  2 0.5117 0.3305 0.1578 
        H497  2 0.2558 0.3297 0.4145 
        H512  2 0.3500 0.3374 0.3126 
        H513  2 0.2653 0.3927 0.3420 
        H514  2 0.2735 0.4175 0.3090 
        H519  2 0.2879 0.3707 0.3414 
        H532  2 0.4878 0.2826 0.2296 
        H543  2 0.4148 0.3439 0.2413 
        H544  2 0.2155 0.4669 0.3176 
        H545  2 0.2798 0.5081 0.2121 
        H546  2 0.2551 0.2988 0.4460 
        H547  2 0.2394 0.5545 0.2061 
        H548  2 0.4081 0.3109 0.2811 
        H549  2 0.2486 0.4413 0.3101 
        H620  2 0.2378 0.1904 0.5717 
        H623  2 0.2724 0.4727 0.2549 
        H624  2 0.1945 0.3605 0.4449 
        H625  2 0.4079 0.3196 0.2725 
        H626  2 0.3302 0.3308 0.3390 
        H654  2 0.1659 0.1937 0.6404 
        H655  2 0.2800 0.3013 0.4187 
        H656  2 0.2764 0.2025 0.5212 
        H666  2 0.1955 0.2484 0.5561 
        H667  2 0.4115 0.3018 0.2867 
        H677  2 0.3926 0.3280 0.2794 
        H693  2 0.3592 0.2010 0.4398 
        H694  2 0.2889 0.4514 0.2597 
        H701  2 0.3729 0.3710 0.2560 
        H702  2 0.3313 0.2937 0.3750 
        H731  2 0.3525 0.2596 0.3879 
       H7359  2 0.3424 0.3419 0.3157 
       H7389  2 0.3590 0.3554 0.2856 
       H7390  2 0.2276 0.2371 0.5354 
       H7391  2 0.5575 0.2099 0.2326 
       H7392  2 0.3019 0.3573 0.3408 
       H7393  2 0.2969 0.2940 0.4091 
       H7398  2 0.4586 0.2565 0.2848 
       H7399  2 0.4134 0.3583 0.2283 
       H7400  2 0.1904 0.1949 0.6147 
        H745  2 0.2630 0.5175 0.2195 
        H746  2 0.3897 0.3656 0.2446 
        H747  2 0.2635 0.2770 0.4596 
        H748  2 0.3104 0.3380 0.3516 
       H7484  2 0.2715 0.2477 0.4808 
       H7485  2 0.2889 0.4088 0.3023 
        H749  2 0.3510 0.3823 0.2667 
        H930  2 0.2965 0.4834 0.2201 
        H931  2 0.4038 0.3097 0.2865 
        H932  2 0.3311 0.3355 0.3334 
        H111  3 0.2745 0.4891 0.2364 
        H951  3 0.3506 0.4120 0.2375 
        H952  3 0.2944 0.3933 0.3124 
        H953  3 0.4707 0.2966 0.2327 
        H954  3 0.2493 0.2465 0.5042 
        H955  3 0.3115 0.4628 0.2256 
        H956  3 0.3519 0.3001 0.3480 
       H9563  3 0.3956 0.2711 0.3332 
        H002  4 0.2271 0.3156 0.4573 
        H003  4 0.4529 0.3209 0.2262 
        H009  4 0.2669 0.4722 0.2609 
        H010  4 0.4151 0.3016 0.2833 
        H011  4 0.2933 0.2085 0.4982 
        H012  4 0.4746 0.2934 0.2321 
        H013  4 0.3938 0.2424 0.3639 
        H014  4 0.3375 0.3432 0.3193 
        H045  4 0.3984 0.2459 0.3558 
        H046  4 0.3868 0.3895 0.2237 
        H051  4 0.3669 0.2340 0.3992 
        H052  4 0.2415 0.3599 0.3985 
        H053  4 0.3190 0.2897 0.3913 
        H056  4 0.2435 0.3029 0.4537 
        H076  4 0.3756 0.3995 0.2249 
        H151  4 0.2039 0.2401 0.5561 
        H152  4 0.2504 0.3310 0.4186 
     H171803  4 0.2967 0.2560 0.4473 
     H171804  4 0.3309 0.2704 0.3987 
     H171833  4 0.2647 0.4912 0.2441 
     H171855  4 0.1978 0.2811 0.5211 
     H171856  4 0.3081 0.3273 0.3646 
     H171857  4 0.2400 0.3167 0.4434 
     H171858  4 0.3312 0.3459 0.3229 
     H171859  4 0.3345 0.3162 0.3493 
     H171961  4 0.3369 0.2524 0.4108 
        H198  4 0.4059 0.3912 0.2028 
      H20001  4 0.2330 0.4935 0.2735 
        H403  4 0.2812 0.3473 0.3715 
        H404  4 0.4473 0.3149 0.2378 
        H405  4 0.4148 0.3507 0.2345 
        H406  4 0.2037 0.5099 0.2865 
        H407  4 0.3567 0.2848 0.3585 
        H410  4 0.4137 0.3836 0.2027 
        H411  4 0.2688 0.4668 0.2645 
        H468  4 0.2035 0.4780 0.3185 
        H476  4 0.2376 0.3706 0.3918 
        H477  4 0.2344 0.5282 0.2375 
        H478  4 0.3998 0.3388 0.2614 
        H479  4 0.3544 0.2728 0.3728 
        H480  4 0.2802 0.4837 0.2361 
        H498  4 0.3487 0.3483 0.3030 
        H499  4 0.3248 0.3345 0.3407 
        H500  4 0.2997 0.2175 0.4828 
        H515  4 0.3126 0.2826 0.4048 
        H516  4 0.2894 0.3643 0.3463 
        H517  4 0.3536 0.3417 0.3047 
        H518  4 0.2252 0.3816 0.3931 
        H520  4 0.2505 0.3127 0.4368 
        H521  4 0.3982 0.3196 0.2822 
        H522  4 0.2980 0.3134 0.3886 
        H523  4 0.3090 0.3266 0.3644 
        H536  4 0.3926 0.3280 0.2794 
        H645  4 0.4509 0.2082 0.3410 
        H646  4 0.3223 0.4531 0.2245 
        H647  4 0.2907 0.3939 0.3154 
        H657  4 0.3624 0.3910 0.2467 
        H658  4 0.3117 0.3205 0.3678 
        H659  4 0.1933 0.2028 0.6039 
        H660  4 0.2916 0.3255 0.3829 
        H661  4 0.2369 0.2823 0.4809 
        H668  4 0.4684 0.2874 0.2442 
        H669  4 0.3863 0.2757 0.3380 
        H670  4 0.4412 0.2156 0.3432 
        H678  4 0.3294 0.3379 0.3327 
        H679  4 0.3484 0.4141 0.2375 
        H680  4 0.2971 0.3767 0.3261 
        H681  4 0.3577 0.2623 0.3800 
        H682  4 0.4156 0.3092 0.2752 
        H683  4 0.2204 0.3802 0.3993 
        H718  4 0.2601 0.2658 0.4741 
        H719  4 0.3823 0.2652 0.3525 
        H720  4 0.2692 0.3588 0.3720 
        H721  4 0.2624 0.3647 0.3729 
        H722  4 0.1931 0.4008 0.4060 
        H723  4 0.3576 0.2273 0.4152 
        H724  4 0.2254 0.2204 0.5542 
        H725  4 0.2153 0.2609 0.5238 
        H726  4 0.2748 0.2686 0.4565 
        H727  4 0.3575 0.2371 0.4054 
        H910  4 0.3430 0.2650 0.3920 
        H911  4 0.3341 0.4073 0.2585 
        H912  4 0.2725 0.3662 0.3613 
        H913  4 0.2898 0.2950 0.4152 
        H914  4 0.3552 0.1996 0.4452 
        H915  4 0.2916 0.3409 0.3676 
        H916  4 0.2490 0.4266 0.3244 
       H9572  4 0.3240 0.3103 0.3656 
        H015  5 0.3040 0.4491 0.2469 
        H016  5 0.2899 0.4617 0.2483 
        H017  5 0.2303 0.4199 0.3498 
        H019  5 0.3208 0.3870 0.2922 
        H020  5 0.3182 0.3114 0.3704 
        H032  5 0.2883 0.3453 0.3664 
        H033  5 0.4224 0.3123 0.2653 
        H034  5 0.3533 0.2178 0.4289 
        H035  5 0.3107 0.3600 0.3292 
        H036  5 0.3587 0.3780 0.2633 
        H037  5 0.2988 0.2523 0.4489 
        H048  5 0.3287 0.2178 0.4536 
        H049  5 0.2579 0.4374 0.3047 
        H054  5 0.3548 0.3254 0.3198 
        H055  5 0.3505 0.2617 0.3878 
        H057  5 0.2407 0.4205 0.3388 
        H060  5 0.2882 0.3100 0.4018 
        H061  5 0.3998 0.3253 0.2749 
        H064  5 0.3204 0.2975 0.3820 
        H070  5 0.3798 0.2413 0.3789 
        H077  5 0.2363 0.2642 0.4995 
        H078  5 0.2362 0.3296 0.4342 
        H079  5 0.4757 0.3008 0.2235 
        H097  5 0.1856 0.4315 0.3828 
        H107  5 0.2735 0.1805 0.5459 
        H122  5 0.2973 0.3890 0.3137 
        H123  5 0.3402 0.4184 0.2414 
        H124  5 0.3816 0.3740 0.2444 
        H131  5 0.3766 0.3751 0.2483 
        H132  5 0.3462 0.2946 0.3592 
        H141  5 0.3079 0.2909 0.4012 
        H142  5 0.3774 0.3903 0.2323 
        H157  5 0.2989 0.2387 0.4625 
        H158  5 0.2664 0.5034 0.2302 
        H159  5 0.3541 0.4014 0.2445 
        H160  5 0.2987 0.3681 0.3332 
        H163  5 0.3508 0.3781 0.2712 
        H164  5 0.3529 0.3591 0.2880 
        H165  5 0.4771 0.3095 0.2134 
        H166  5 0.3428 0.3953 0.2619 
        H169  5 0.3733 0.3209 0.3058 
     H169613  5 0.2998 0.3571 0.3430 
     H169653  5 0.3790 0.3692 0.2518 
     H169728  5 0.3062 0.4046 0.2892 
     H169742  5 0.4174 0.2482 0.3344 
        H170  5 0.2326 0.4648 0.3026 
        H171  5 0.2514 0.4758 0.2728 
     H171851  5 0.3030 0.3756 0.3214 
     H171852  5 0.2438 0.3346 0.4216 
     H171853  5 0.3425 0.2700 0.3876 
     H171854  5 0.2883 0.3835 0.3282 
     H171938  5 0.4588 0.2405 0.3008 
     H171939  5 0.3182 0.4310 0.2508 
     H171941  5 0.2998 0.2230 0.4772 
     H171965  5 0.3572 0.3891 0.2537 
     H171970  5 0.2497 0.2039 0.5464 
     H171973  5 0.4519 0.2978 0.2503 
     H171974  5 0.4155 0.2550 0.3295 
     H171975  5 0.3824 0.2817 0.3359 
     H171976  5 0.2172 0.4585 0.3244 
        H175  5 0.3516 0.2346 0.4139 
        H178  5 0.3460 0.2975 0.3565 
        H189  5 0.3582 0.4339 0.2080 
        H399  5 0.2263 0.4706 0.3031 
        H416  5 0.3493 0.2881 0.3626 
        H438  5 0.4338 0.2550 0.3112 
        H450  5 0.2698 0.2484 0.4818 
        H455  5 0.3157 0.1987 0.4855 
        H456  5 0.4085 0.2666 0.3249 
        H457  5 0.2282 0.3265 0.4454 
        H458  5 0.3383 0.2609 0.4008 
        H459  5 0.3828 0.3885 0.2287 
        H460  5 0.3115 0.3279 0.3606 
        H461  5 0.2339 0.4615 0.3045 
        H462  5 0.4058 0.3419 0.2523 
        H469  5 0.3870 0.3773 0.2357 
        H470  5 0.3235 0.3036 0.3729 
        H471  5 0.2688 0.5097 0.2215 
        H481  5 0.2333 0.2182 0.5486 
        H482  5 0.2928 0.2889 0.4183 
        H501  5 0.3497 0.2941 0.3563 
        H502  5 0.3254 0.4532 0.2214 
        H503  5 0.3380 0.4035 0.2585 
        H509  5 0.3159 0.2426 0.4415 
        H510  5 0.3601 0.3237 0.3162 
        H511  5 0.3346 0.4007 0.2647 
        H530  5 0.3840 0.2474 0.3686 
        H531  5 0.2365 0.2857 0.4778 
        H564  5 0.2985 0.2935 0.4080 
        H565  5 0.2243 0.2588 0.5169 
        H567  5 0.3613 0.4403 0.1983 
     H568???  5 0.2987 0.4572 0.2441 
        H608  5 0.2719 0.2480 0.4801 
        H609  5 0.4646 0.2598 0.2756 
        H612  5 0.3109 0.1867 0.5024 
        H614  5 0.2230 0.2680 0.5091 
        H615  5 0.2269 0.3120 0.4612 
        H616  5 0.2926 0.1759 0.5314 
        H617  5 0.4233 0.3516 0.2251 
        H618  5 0.3094 0.2380 0.4526 
        H619  5 0.4822 0.2649 0.2529 
        H635  5 0.3614 0.3258 0.3128 
        H636  5 0.4966 0.2503 0.2530 
        H637  5 0.3392 0.2843 0.3765 
        H644  5 0.2594 0.5793 0.1613 
        H711  5 0.2524 0.4598 0.2877 
        H712  5 0.4101 0.2319 0.3580 
       H7360  5 0.2897 0.3716 0.3387 
       H7361  5 0.2868 0.2808 0.4324 
       H7362  5 0.2901 0.5289 0.1810 
       H7363  5 0.2809 0.3292 0.3899 
       H7394  5 0.3440 0.4056 0.2503 
       H7395  5 0.3947 0.2780 0.3273 
       H7396  5 0.3586 0.3109 0.3305 
        H742  5 0.4314 0.2402 0.3285 
        H743  5 0.3385 0.3146 0.3469 
        H744  5 0.3011 0.2158 0.4831 
        H957  5 0.2627 0.3954 0.3419 
        H958  5 0.3341 0.3784 0.2875 
        H959  5 0.3291 0.2097 0.4612 
        H960  5 0.3971 0.2964 0.3065 
      H_PALI  6 0.3173 0.3571 0.3256 
        H581  6 0.2737 0.3341 0.3923 
        H582  6 0.2191 0.2457 0.5352 
        H583  6 0.3115 0.3184 0.3701 
        H595  6 0.3148 0.4796 0.2055 
        H596  6 0.3510 0.4481 0.2009 
        H597  6 0.3328 0.4390 0.2282 
        H598  6 0.3845 0.2755 0.3400 
        H599  6 0.3230 0.2598 0.4172 
        H642  6 0.2489 0.4814 0.2697 
        H643  6 0.3733 0.3110 0.3157 
        H664  6 0.1901 0.3122 0.4976 
        H665  6 0.4577 0.2393 0.3030 
        H674  6 0.2750 0.5299 0.1952 
        H675  6 0.2746 0.3349 0.3906 
        H676  6 0.2867 0.4467 0.2667 
        H686  6 0.3119 0.3755 0.3126 
        H687  6 0.2849 0.3731 0.3420 
        H917  6 0.4663 0.3208 0.2129 
        H918  6 0.4442 0.2830 0.2728 
        H919  6 0.3209 0.2103 0.4688 
        H920  6 0.2903 0.2957 0.4139 
        H631  7 0.3049 0.2806 0.4145 
        H684  7 0.2929 0.4793 0.2278 
        H685  7 0.2271 0.2798 0.4931 
        H713  7 0.2658 0.2278 0.5064 
        H715  7 0.2840 0.4493 0.2667 
        H716  7 0.3557 0.2786 0.3657 
        H717  7 0.3293 0.3111 0.3596 
        H729  7 0.5017 0.3026 0.1957 
        H730  7 0.4505 0.2427 0.3068 
        H431  8 0.3045 0.2715 0.4240 
        H432  8 0.3342 0.4686 0.1971 
        H433  8 0.4142 0.3206 0.2651 
        H434  8 0.3999 0.3373 0.2628 
        H444  8 0.4453 0.2897 0.2650 
        H454  8 0.2989 0.2157 0.4854 
        H475  8 0.2364 0.2347 0.5289 
        H491  8 0.3106 0.2884 0.4009 
        H492  8 0.2859 0.2714 0.4427 
        H493  8 0.2938 0.3953 0.3109 
        H494  8 0.3311 0.3150 0.3539 
        H495  8 0.1956 0.3225 0.4819 
        H662  8 0.2946 0.4055 0.2999 
        H663  8 0.3472 0.3240 0.3288 
        H695  8 0.3818 0.2824 0.3358 
       H7367  8 0.4240 0.3674 0.2086 
       H7368  8 0.3546 0.3860 0.2595 
       H7369  8 0.4465 0.2619 0.2916 
       H7370  8 0.3342 0.4582 0.2076 
       H7371  8 0.4137 0.3011 0.2853 
        H600  9 0.3006 0.2604 0.4390 
        H648  9 0.3202 0.3502 0.3296 
        H696  9 0.2490 0.5665 0.1845 
        H697  9 0.3920 0.3176 0.2904 
        H698  9 0.3562 0.3838 0.2600 
        H699  9 0.3458 0.3407 0.3135 
        H700  9 0.3289 0.2422 0.4290 
        H732  9 0.2344 0.2906 0.4750 
        H733  9 0.4129 0.3595 0.2276 
        H734  9 0.2908 0.4732 0.2360 
        H735  9 0.3234 0.4120 0.2646 
        H736  9 0.2948 0.3353 0.3699 
        H737  9 0.3542 0.2847 0.3611 
        H905  9 0.3773 0.2274 0.3953 
        H921  9 0.3765 0.2415 0.3820 
        H922  9 0.3975 0.3952 0.2074 
     H169705 10 0.3599 0.3639 0.2762 
     H171942 10 0.3482 0.4589 0.1929 
     H171943 10 0.3022 0.3916 0.3062 
     H171944 10 0.3576 0.3057 0.3367 
     H171946 10 0.2123 0.3331 0.4546 
     H171947 10 0.3376 0.3766 0.2859 
     H229641 10 0.3004 0.3495 0.3500 
      H30001 10 0.3671 0.2880 0.3450 
      H30002 10 0.3856 0.2941 0.3203 
      H30005 10 0.3745 0.3519 0.2736 
      H30006 10 0.3068 0.4451 0.2482 
      H30007 10 0.2562 0.5345 0.2093 
        H451 10 0.4044 0.3638 0.2317 
        H452 10 0.3043 0.4092 0.2865 
        H453 10 0.2379 0.2740 0.4881 
        H473 10 0.3194 0.3097 0.3709 
        H474 10 0.1827 0.2644 0.5530 
        H486 10 0.3177 0.2948 0.3875 
        H487 10 0.3366 0.2683 0.3951 
        H488 10 0.4446 0.2344 0.3211 
        H489 10 0.2749 0.2405 0.4846 
        H550 10 0.2578 0.4732 0.2690 
        H551 10 0.4000 0.2649 0.3351 
        H553 10 0.2704 0.2981 0.4315 
        H554 10 0.3530 0.3806 0.2664 
        H556 10 0.2635 0.3923 0.3442 
        H580 10 0.4159 0.3172 0.2670 
        H591 10 0.2573 0.2089 0.5338 
        H592 10 0.3039 0.2852 0.4110 
        H593 10 0.3349 0.3540 0.3111 
        H594 10 0.3422 0.4776 0.1802 
        H627 10 0.2576 0.3708 0.3716 
        H628 10 0.5152 0.3070 0.1778 
        H629 10 0.2451 0.4011 0.3538 
        H630 10 0.2638 0.3821 0.3541 
        H638 10 0.3203 0.3832 0.2966 
        H639 10 0.2190 0.3242 0.4568 
        H640 10 0.3070 0.4358 0.2572 
        H704 10 0.3150 0.4444 0.2406 
        H705 10 0.3725 0.3530 0.2745 
        H706 10 0.4104 0.2060 0.3836 
        H708 10 0.2491 0.2365 0.5145 
       H7351 10 0.3155 0.3784 0.3061 
       H7352 10 0.3279 0.3190 0.3531 
       H7353 10 0.2697 0.4886 0.2417 
       H7354 10 0.3366 0.2605 0.4029 
       H7365 10 0.2678 0.2211 0.5111 
       H7383 10 0.3621 0.2426 0.3953 
       H7384 10 0.3927 0.2537 0.3536 
       H7385 10 0.3186 0.2501 0.4314 
       H7386 10 0.4203 0.2979 0.2818 
       H7387 10 0.3669 0.3277 0.3054 
       H7388 10 0.3609 0.3440 0.2951 
        H906 10 0.2804 0.3202 0.3993 
        H907 10 0.3054 0.4408 0.2538 
        H908 10 0.3849 0.2961 0.3189 
        H909 10 0.4118 0.2655 0.3226 
       H9552 10 0.3395 0.3574 0.3030 
       H9553 10 0.3262 0.3179 0.3559 
       H9555 10 0.4191 0.3094 0.2715 
       H9575 10 0.2336 0.3001 0.4662 
       H9703 10 0.2538 0.2383 0.5079 
       H9707 10 0.2751 0.2794 0.4455 
       HSAA4 10 0.4154 0.3146 0.2700 
        H001 11 0.3704 0.2754 0.3542 
        H004 11 0.3350 0.3460 0.3190 
        H005 11 0.3037 0.2007 0.4956 
        H006 11 0.3686 0.2889 0.3425 
        H007 11 0.3599 0.2084 0.4317 
        H031 11 0.2534 0.1973 0.5493 
        H074 11 0.2259 0.2903 0.4839 
        H075 11 0.3220 0.2060 0.4720 
        H080 11 0.3064 0.2531 0.4405 
        H086 11 0.3840 0.3072 0.3088 
        H092 11 0.3292 0.2730 0.3978 
        H093 11 0.3347 0.4711 0.1942 
        H094 11 0.2795 0.4139 0.3066 
        H095 11 0.3005 0.2667 0.4328 
        H096 11 0.3935 0.2354 0.3711 
        H099 11 0.3148 0.2839 0.4013 
        H100 11 0.3956 0.3927 0.2117 
        H127 11 0.3589 0.2774 0.3637 
        H136 11 0.2550 0.2458 0.4992 
        H153 11 0.3032 0.3794 0.3174 
        H154 11 0.2381 0.2529 0.5090 
        H155 11 0.5153 0.2942 0.1906 
        H156 11 0.4817 0.3428 0.1755 
        H161 11 0.3158 0.3884 0.2958 
        H162 11 0.3496 0.4217 0.2287 
        H167 11 0.4219 0.3165 0.2616 
        H168 11 0.3913 0.3177 0.2910 
     H169586 11 0.1816 0.4010 0.4174 
     H169738 11 0.4977 0.2869 0.2154 
     H169741 11 0.2528 0.2824 0.4648 
     H171801 11 0.3006 0.4439 0.2555 
     H171810 11 0.2449 0.2959 0.4592 
     H171811 11 0.2189 0.2830 0.4980 
     H171812 11 0.4504 0.2156 0.3339 
     H171820 11 0.2585 0.2585 0.4830 
     H171821 11 0.3897 0.3427 0.2675 
     H171822 11 0.3593 0.3270 0.3137 
     H171823 11 0.1880 0.3385 0.4735 
     H171866 11 0.3538 0.4079 0.2383 
     H171867 11 0.4725 0.2829 0.2446 
     H171967 11 0.3301 0.2221 0.4478 
     H171969 11 0.3410 0.3283 0.3307 
        H172 11 0.3907 0.3091 0.3002 
        H173 11 0.4571 0.2546 0.2884 
        H174 11 0.2927 0.4878 0.2195 
        H196 11 0.4378 0.3330 0.2292 
        H197 11 0.4303 0.3080 0.2617 
        H346 11 0.3892 0.2595 0.3513 
        H355 11 0.3462 0.2967 0.3571 
        H356 11 0.3550 0.2872 0.3578 
        H357 11 0.3091 0.2556 0.4353 
        H358 11 0.4465 0.2395 0.3140 
        H359 11 0.3160 0.3358 0.3482 
        H360 11 0.3893 0.2862 0.3246 
        H361 11 0.4305 0.2998 0.2698 
        H362 11 0.3882 0.4182 0.1936 
        H363 11 0.2951 0.2333 0.4716 
        H364 11 0.3305 0.3350 0.3346 
        H365 11 0.4075 0.3223 0.2702 
        H366 11 0.4254 0.3363 0.2383 
        H367 11 0.2476 0.2560 0.4964 
        H368 11 0.2558 0.4671 0.2771 
        H369 11 0.2976 0.1996 0.5028 
        H370 11 0.3610 0.3688 0.2702 
        H371 11 0.3195 0.3583 0.3222 
        H372 11 0.3767 0.3313 0.2920 
        H373 11 0.3556 0.3107 0.3336 
        H374 11 0.3749 0.2434 0.3817 
        H375 11 0.3798 0.2572 0.3630 
        H376 11 0.3669 0.3748 0.2582 
        H377 11 0.3409 0.2799 0.3792 
        H378 11 0.2893 0.3294 0.3813 
        H379 11 0.3141 0.3682 0.3178 
        H380 11 0.4856 0.2924 0.2220 
        H381 11 0.2176 0.2980 0.4843 
        H382 11 0.4008 0.4174 0.1818 
        H383 11 0.4236 0.3626 0.2138 
        H384 11 0.2873 0.2840 0.4288 
        H385 11 0.2889 0.3015 0.4096 
        H386 11 0.5013 0.2357 0.2631 
        H387 11 0.2263 0.4452 0.3285 
        H388 11 0.4575 0.3439 0.1986 
        H389 11 0.4144 0.2630 0.3227 
        H390 11 0.3641 0.3477 0.2882 
        H391 11 0.2876 0.4387 0.2737 
        H392 11 0.3194 0.2160 0.4647 
        H393 11 0.3512 0.4252 0.2236 
        H394 11 0.2493 0.5210 0.2297 
        H395 11 0.3195 0.2348 0.4457 
        H408 11 0.4196 0.2467 0.3337 
        H412 11 0.1577 0.3103 0.5320 
        H417 11 0.3195 0.2864 0.3941 
        H418 11 0.2481 0.3873 0.3646 
        H429 11 0.4280 0.2980 0.2739 
        H430 11 0.4359 0.3293 0.2348 
        H439 11 0.3856 0.2758 0.3387 
        H440 11 0.2686 0.2251 0.5063 
        H441 11 0.3803 0.3522 0.2675 
        H442 11 0.3994 0.3490 0.2515 
        H446 11 0.3349 0.3535 0.3116 
        H447 11 0.4607 0.2951 0.2443 
        H448 11 0.4662 0.2618 0.2720 
        H534 11 0.2291 0.2404 0.5306 
        H537 11 0.2429 0.2810 0.4761 
        H568 11 0.2182 0.2180 0.5638 
        H569 11 0.4468 0.3785 0.1747 
        H586 11 0.1757 0.4122 0.4121 
        H587 11 0.2398 0.2112 0.5489 
        H588 11 0.2882 0.4809 0.2309 
        H589 11 0.2586 0.2158 0.5256 
        H590 11 0.2844 0.2746 0.4409 
        H601 11 0.3792 0.4086 0.2122 
        H602 11 0.3247 0.2793 0.3960 
        H603 11 0.4774 0.2867 0.2359 
        H610 11 0.3453 0.2835 0.3712 
        H611 11 0.2473 0.3154 0.4372 
        H649 11 0.3318 0.3441 0.3241 
        H650 11 0.2611 0.4758 0.2631 
        H651 11 0.4645 0.2608 0.2747 
        H652 11 0.2744 0.3795 0.3460 
       H7364 11 0.4060 0.3217 0.2723 
       H7366 11 0.4116 0.2582 0.3303 
       H7378 11 0.2242 0.6252 0.1505 
       H7379 11 0.3473 0.3280 0.3247 
        H739 11 0.2592 0.2884 0.4524 
        H740 11 0.2939 0.4182 0.2879 
        H741 11 0.2507 0.2777 0.4717 
        H926 11 0.2966 0.4212 0.2822 
        H927 11 0.4162 0.3268 0.2569 
        H928 11 0.2833 0.3780 0.3388 
       H9560 11 0.2898 0.4022 0.3080 
        H409 12 0.4527 0.3118 0.2355 
        H413 12 0.2466 0.5259 0.2275 
        H419 12 0.4475 0.2887 0.2638 
        H420 12 0.3429 0.2794 0.3777 
        H421 12 0.3753 0.4212 0.2035 
        H435 12 0.3572 0.3940 0.2488 
        H436 12 0.4147 0.2530 0.3323 
        H437 12 0.2463 0.2890 0.4646 
        H445 12 0.4771 0.2830 0.2400 
        H449 12 0.3173 0.4032 0.2794 
        H463 12 0.2912 0.2989 0.4099 
        H464 12 0.2748 0.5053 0.2199 
        H465 12 0.2083 0.4668 0.3249 
        H490 12 0.3084 0.4599 0.2317 
        H561 12 0.3191 0.3711 0.3098 
        H562 12 0.4654 0.2362 0.2984 
        H563 12 0.3967 0.2644 0.3390 
        H570 12 0.3662 0.2190 0.4148 
        H571 12 0.2634 0.4085 0.3281 
        H572 12 0.3348 0.2965 0.3687 
        H573 12 0.4613 0.3083 0.2304 
       H7372 12 0.4918 0.3349 0.1733 
       H7373 12 0.2455 0.5211 0.2333 
       H7374 12 0.3381 0.2666 0.3953 
       H7375 12 0.3462 0.2526 0.4012 
       H7376 12 0.5556 0.2503 0.1941 
       H7377 12 0.2773 0.2806 0.4421 
