        H102  1 0.2263 0.2233 0.2942 0.2562 
        H103  1 0.1807 0.4133 0.2805 0.1256 
        H104  1 0.2762 0.1333 0.2335 0.3570 
        H105  1 0.2918 0.2275 0.3039 0.1769 
        H106  1 0.2049 0.2703 0.2520 0.2728 
        H112  1 0.2445 0.2008 0.2459 0.3089 
        H113  1 0.3912 0.1662 0.2968 0.1457 
        H114  1 0.3694 0.2030 0.3169 0.1107 
        H115  1 0.3231 0.1543 0.2740 0.2486 
        H143  1 0.2882 0.2356 0.3123 0.1639 
        H144  1 0.2386 0.4416 0.2271 0.0928 
        H145  1 0.1888 0.3612 0.3481 0.1019 
        H149  1 0.2154 0.1918 0.2009 0.3919 
        H150  1 0.2501 0.3170 0.2402 0.1928 
     H167542  1 0.3980 0.1574 0.3009 0.1437 
     H169604  1 0.3282 0.2212 0.2766 0.1740 
     H169607  1 0.2291 0.3131 0.3004 0.1574 
     H169608  1 0.1957 0.1831 0.2564 0.3649 
     H169633  1 0.3862 0.1978 0.2986 0.1174 
     H169688  1 0.1621 0.3673 0.2098 0.2607 
     H169714  1 0.2377 0.2143 0.2395 0.3085 
     H171802  1 0.2378 0.1851 0.2085 0.3686 
     H171805  1 0.2120 0.3052 0.2879 0.1949 
     H171807  1 0.2028 0.2556 0.2567 0.2848 
     H171814  1 0.3050 0.3061 0.2599 0.1289 
     H171816  1 0.1984 0.2311 0.2354 0.3351 
     H171817  1 0.2320 0.1968 0.2373 0.3338 
     H171818  1 0.2695 0.2531 0.2479 0.2294 
     H171819  1 0.2653 0.2257 0.2608 0.2482 
     H171834  1 0.2581 0.2619 0.2949 0.1851 
     H171835  1 0.2567 0.1396 0.1816 0.4221 
     H171836  1 0.2821 0.3051 0.3268 0.0860 
     H171837  1 0.3142 0.1807 0.2631 0.2420 
     H171838  1 0.1757 0.3465 0.3346 0.1432 
     H171839  1 0.3256 0.1579 0.2402 0.2764 
     H171841  1 0.1296 0.1991 0.1630 0.5084 
     H171860  1 0.3315 0.2035 0.2814 0.1836 
     H171861  1 0.2585 0.3063 0.3402 0.0950 
     H171862  1 0.2285 0.3025 0.2824 0.1867 
     H171868  1 0.3331 0.2127 0.3034 0.1508 
     H171869  1 0.2104 0.3893 0.2385 0.1617 
     H171870  1 0.1687 0.2705 0.1894 0.3713 
     H171871  1 0.2311 0.3223 0.2901 0.1565 
     H171872  1 0.3051 0.1665 0.2413 0.2871 
     H171873  1 0.1899 0.2913 0.2074 0.3114 
     H171874  1 0.2479 0.3252 0.2704 0.1564 
     H171875  1 0.3298 0.2833 0.3000 0.0869 
     H171876  1 0.2893 0.2905 0.2762 0.1440 
     H171877  1 0.4125 0.1449 0.2907 0.1520 
     H171878  1 0.1651 0.2864 0.1768 0.3716 
     H171901  1 0.1879 0.1900 0.1964 0.4258 
     H171902  1 0.1687 0.3187 0.2447 0.2679 
     H171903  1 0.2740 0.2384 0.2695 0.2181 
     H171935  1 0.1512 0.2685 0.2206 0.3596 
     H171936  1 0.3958 0.1818 0.2746 0.1478 
     H171940  1 0.2769 0.2206 0.2436 0.2589 
     H171945  1 0.2006 0.3011 0.2356 0.2626 
     H171948  1 0.2408 0.2332 0.2776 0.2485 
     H171949  1 0.1996 0.1809 0.1565 0.4629 
     H171950  1 0.1550 0.1500 0.1573 0.5377 
     H171963  1 0.1950 0.3580 0.2544 0.1926 
     H171964  1 0.1927 0.4704 0.2147 0.1222 
     H171966  1 0.1923 0.3028 0.2666 0.2383 
     H171968  1 0.1833 0.2877 0.2215 0.3076 
     H171971  1 0.1860 0.3054 0.2381 0.2704 
     H171972  1 0.2426 0.3544 0.2850 0.1179 
     H171977  1 0.2488 0.3653 0.2559 0.1299 
     H171978  1 0.1424 0.2455 0.2051 0.4070 
     H171979  1 0.2175 0.3415 0.3174 0.1236 
        H176  1 0.3192 0.2129 0.2840 0.1838 
        H177  1 0.1609 0.1549 0.1911 0.4931 
        H179  1 0.3351 0.1251 0.2241 0.3158 
        H181  1 0.2562 0.3361 0.2736 0.1341 
        H182  1 0.2195 0.3391 0.3366 0.1048 
        H183  1 0.1702 0.4109 0.2621 0.1568 
        H184  1 0.2326 0.2367 0.2498 0.2810 
        H185  1 0.2469 0.3303 0.2994 0.1234 
        H186  1 0.2017 0.3596 0.1899 0.2488 
        H187  1 0.2001 0.2502 0.2449 0.3048 
        H188  1 0.3892 0.1387 0.2531 0.2191 
        H192  1 0.1912 0.2028 0.1907 0.4152 
        H193  1 0.2240 0.3544 0.2960 0.1255 
        H194  1 0.2768 0.1965 0.2693 0.2574 
        H195  1 0.1644 0.3879 0.2184 0.2293 
        H199  1 0.1941 0.3717 0.2492 0.1850 
        H200  1 0.3061 0.1910 0.2265 0.2764 
        H414  1 0.2102 0.2605 0.2474 0.2819 
        H415  1 0.3114 0.2319 0.3168 0.1399 
        H422  1 0.1836 0.3096 0.2271 0.2797 
        H423  1 0.1504 0.1415 0.1515 0.5566 
        H424  1 0.2089 0.3564 0.2824 0.1523 
        H425  1 0.1891 0.4391 0.2003 0.1716 
        H426  1 0.1495 0.4582 0.2231 0.1692 
        H443  1 0.2574 0.4153 0.2106 0.1167 
        H466  1 0.2386 0.2509 0.2468 0.2637 
        H467  1 0.1847 0.1603 0.1535 0.5015 
        H472  1 0.2568 0.2230 0.2553 0.2650 
        H483  1 0.3105 0.2797 0.2786 0.1312 
        H504  1 0.1945 0.4149 0.2422 0.1484 
        H505  1 0.2622 0.1834 0.2004 0.3540 
        H506  1 0.2456 0.3107 0.2370 0.2067 
        H507  1 0.2780 0.3018 0.3214 0.0989 
        H508  1 0.1806 0.2362 0.2113 0.3720 
        H524  1 0.3651 0.2156 0.2776 0.1417 
        H525  1 0.2783 0.3244 0.2491 0.1482 
        H526  1 0.4164 0.1539 0.3154 0.1144 
        H527  1 0.1727 0.2166 0.2233 0.3874 
        H528  1 0.3100 0.2898 0.3002 0.1000 
        H529  1 0.2514 0.3323 0.3004 0.1159 
        H533  1 0.2327 0.2937 0.3580 0.1156 
        H538  1 0.2998 0.2162 0.2553 0.2286 
        H539  1 0.1456 0.3001 0.2387 0.3155 
        H540  1 0.2373 0.2571 0.2766 0.2290 
        H541  1 0.3488 0.1873 0.2974 0.1665 
        H558  1 0.1403 0.3921 0.3043 0.1633 
        H559  1 0.2835 0.2870 0.2388 0.1907 
        H579  1 0.2043 0.3519 0.3205 0.1233 
        H584  1 0.2137 0.4035 0.2352 0.1477 
        H585  1 0.2470 0.3061 0.2561 0.1908 
        H605  1 0.2156 0.2356 0.2213 0.3275 
        H606  1 0.2065 0.1533 0.1764 0.4639 
        H632  1 0.2407 0.4100 0.2306 0.1187 
        H634  1 0.2034 0.3297 0.2714 0.1955 
        H671  1 0.1889 0.1497 0.1658 0.4956 
        H672  1 0.3651 0.1982 0.2227 0.2140 
        H673  1 0.2709 0.3537 0.2333 0.1420 
        H689  1 0.2831 0.3005 0.2767 0.1397 
        H690  1 0.2901 0.1589 0.2799 0.2711 
        H691  1 0.3468 0.1935 0.2927 0.1670 
        H692  1 0.2352 0.4285 0.2631 0.0732 
        H709  1 0.2726 0.2627 0.2876 0.1770 
        H710  1 0.2317 0.3935 0.2861 0.0887 
       H7355  1 0.3441 0.2006 0.3490 0.1063 
       H7356  1 0.1963 0.3214 0.2388 0.2435 
       H7357  1 0.2604 0.2014 0.2637 0.2744 
       H7358  1 0.3301 0.2648 0.2685 0.1365 
       H7380  1 0.2369 0.3116 0.2920 0.1595 
       H7381  1 0.2014 0.2924 0.1817 0.3246 
       H7382  1 0.2456 0.3012 0.2673 0.1859 
        H904  1 0.1793 0.1114 0.1499 0.5594 
        H923  1 0.2724 0.2182 0.2180 0.2914 
        H924  1 0.2821 0.2406 0.2184 0.2589 
        H925  1 0.3910 0.1752 0.2931 0.1407 
       H9558  1 0.1288 0.4125 0.3147 0.1439 
        H008  2 0.3041 0.2576 0.3395 0.0988 
        H021  2 0.2710 0.2023 0.2242 0.3026 
        H023  2 0.2318 0.1795 0.2339 0.3547 
        H024  2 0.3394 0.2891 0.2793 0.0922 
        H025  2 0.1729 0.2771 0.1898 0.3601 
        H026  2 0.2867 0.3907 0.2099 0.1126 
        H027  2 0.3967 0.1656 0.2656 0.1721 
        H028  2 0.2212 0.3357 0.2842 0.1588 
        H029  2 0.3515 0.2443 0.2767 0.1275 
        H030  2 0.2266 0.3624 0.3027 0.1083 
        H038  2 0.1803 0.1874 0.1995 0.4328 
        H039  2 0.1201 0.0944 0.0967 0.6887 
        H040  2 0.1687 0.1672 0.1609 0.5031 
        H041  2 0.3997 0.1723 0.2957 0.1323 
        H042  2 0.2519 0.2478 0.2440 0.2563 
        H043  2 0.1023 0.1715 0.1536 0.5726 
        H044  2 0.1895 0.3520 0.3191 0.1393 
        H047  2 0.2032 0.2572 0.2516 0.2880 
        H050  2 0.3246 0.2539 0.2838 0.1377 
        H058  2 0.1805 0.2497 0.2052 0.3645 
        H062  2 0.2668 0.2019 0.2541 0.2772 
        H063  2 0.2206 0.1765 0.1927 0.4102 
        H065  2 0.1947 0.4030 0.2009 0.2014 
        H066  2 0.2212 0.2893 0.2736 0.2160 
        H067  2 0.2924 0.2508 0.3108 0.1459 
        H068  2 0.1968 0.1863 0.1661 0.4508 
        H069  2 0.1907 0.3239 0.2267 0.2587 
        H071  2 0.2370 0.2210 0.2406 0.3013 
        H072  2 0.1902 0.1506 0.1789 0.4802 
        H073  2 0.2476 0.3068 0.2813 0.1643 
        H081  2 0.3827 0.1397 0.3037 0.1740 
        H082  2 0.2167 0.3697 0.3021 0.1114 
        H083  2 0.1962 0.4298 0.2585 0.1155 
        H084  2 0.2594 0.2178 0.2193 0.3035 
        H085  2 0.4600 0.1362 0.2711 0.1327 
        H087  2 0.3539 0.1741 0.3291 0.1429 
        H088  2 0.2453 0.1853 0.2264 0.3430 
        H089  2 0.3386 0.2153 0.2691 0.1770 
        H090  2 0.4161 0.2069 0.2765 0.1006 
        H091  2 0.4712 0.1665 0.2715 0.0907 
        H098  2 0.3102 0.2445 0.2834 0.1619 
      H10001  2 0.1314 0.0924 0.1044 0.6718 
      H10002  2 0.2263 0.1728 0.2391 0.3618 
        H101  2 0.3469 0.2367 0.2587 0.1577 
        H108  2 0.2571 0.1581 0.2193 0.3655 
        H109  2 0.2416 0.2208 0.2541 0.2835 
        H110  2 0.3077 0.2228 0.3440 0.1254 
        H116  2 0.2233 0.3521 0.2661 0.1585 
        H117  2 0.4433 0.1433 0.3123 0.1011 
        H118  2 0.4359 0.2178 0.2671 0.0791 
        H119  2 0.3062 0.1842 0.2548 0.2547 
        H120  2 0.2351 0.1288 0.1996 0.4364 
        H121  2 0.4504 0.1906 0.2581 0.1009 
        H125  2 0.1135 0.1032 0.1043 0.6791 
        H126  2 0.1841 0.4035 0.2524 0.1600 
        H128  2 0.4274 0.2720 0.2398 0.0608 
        H129  2 0.1855 0.4863 0.2182 0.1100 
        H130  2 0.1339 0.2591 0.2021 0.4049 
        H133  2 0.1351 0.1622 0.1443 0.5584 
        H134  2 0.1571 0.5685 0.1862 0.0882 
        H135  2 0.2650 0.2179 0.2876 0.2296 
        H137  2 0.3076 0.2155 0.2681 0.2088 
        H138  2 0.1828 0.4296 0.2641 0.1234 
        H140  2 0.3413 0.2196 0.2469 0.1922 
        H146  2 0.4415 0.1852 0.2465 0.1268 
        H147  2 0.3316 0.2093 0.3292 0.1299 
        H148  2 0.4190 0.1476 0.3116 0.1219 
     H166022  2 0.2456 0.2837 0.3590 0.1117 
     H167359  2 0.2235 0.2694 0.2653 0.2419 
     H167397  2 0.3234 0.3103 0.2953 0.0709 
     H167428  2 0.4424 0.2062 0.2868 0.0647 
     H167496  2 0.2443 0.1259 0.1955 0.4343 
     H167513  2 0.1692 0.2669 0.2383 0.3255 
     H167545  2 0.1700 0.3783 0.3147 0.1370 
     H167547  2 0.2287 0.3631 0.2958 0.1123 
     H169621  2 0.2741 0.3067 0.3023 0.1169 
     H169622  2 0.2137 0.3102 0.2970 0.1790 
     H169750  2 0.1598 0.2914 0.2043 0.3444 
     H171806  2 0.3261 0.2099 0.2351 0.2289 
     H171808  2 0.2635 0.2779 0.2691 0.1895 
     H171809  2 0.2799 0.2199 0.2956 0.2046 
     H171813  2 0.2266 0.2999 0.2296 0.2439 
     H171815  2 0.1312 0.1750 0.1366 0.5571 
     H171824  2 0.3104 0.1405 0.2431 0.3060 
     H171825  2 0.2211 0.2985 0.2915 0.1888 
     H171826  2 0.3024 0.2240 0.2603 0.2134 
     H171827  2 0.2083 0.2361 0.2738 0.2818 
     H171828  2 0.2476 0.1021 0.1698 0.4805 
     H171829  2 0.1715 0.2962 0.1986 0.3336 
     H171830  2 0.2572 0.2534 0.2732 0.2162 
     H171831  2 0.2311 0.3993 0.2639 0.1057 
     H171832  2 0.1997 0.3433 0.2948 0.1622 
     H171863  2 0.1947 0.4214 0.2761 0.1079 
     H171864  2 0.3582 0.1878 0.2671 0.1870 
     H171865  2 0.1802 0.1750 0.1865 0.4583 
     H171879  2 0.3533 0.2110 0.2448 0.1910 
     H171880  2 0.3544 0.1983 0.3050 0.1423 
     H171881  2 0.3298 0.2610 0.2571 0.1521 
     H171882  2 0.1672 0.1162 0.1311 0.5855 
     H171929  2 0.3244 0.2415 0.2720 0.1621 
     H171930  2 0.2222 0.3164 0.3488 0.1126 
     H171933  2 0.2685 0.2348 0.2650 0.2317 
     H171934  2 0.3350 0.1988 0.2913 0.1749 
     H171937  2 0.1759 0.4028 0.2802 0.1411 
     H171962  2 0.2974 0.2675 0.2847 0.1504 
        H190  2 0.2415 0.2803 0.2932 0.1849 
        H191  2 0.2937 0.2623 0.2378 0.2062 
        H396  2 0.3655 0.1927 0.2721 0.1697 
        H397  2 0.2343 0.2676 0.2860 0.2122 
        H398  2 0.2469 0.3151 0.2183 0.2196 
        H400  2 0.3046 0.2152 0.2958 0.1844 
        H401  2 0.3218 0.2973 0.3075 0.0734 
        H402  2 0.2723 0.2512 0.3067 0.1698 
        H427  2 0.3491 0.1888 0.3041 0.1581 
        H428  2 0.4520 0.2066 0.2736 0.0678 
        H497  2 0.1615 0.2196 0.2274 0.3915 
        H512  2 0.2929 0.2445 0.2663 0.1963 
        H513  2 0.1724 0.2439 0.2640 0.3197 
        H514  2 0.1830 0.3650 0.2677 0.1844 
        H519  2 0.1933 0.2817 0.2542 0.2708 
        H532  2 0.3907 0.1793 0.3133 0.1167 
        H543  2 0.2624 0.2568 0.3323 0.1485 
        H544  2 0.1708 0.4167 0.2118 0.2008 
        H545  2 0.1622 0.4112 0.3105 0.1161 
        H546  2 0.1776 0.2238 0.1762 0.4224 
        H547  2 0.2421 0.3517 0.2909 0.1153 
        H548  2 0.3119 0.2161 0.2916 0.1804 
        H549  2 0.1553 0.2241 0.1989 0.4218 
        H620  2 0.1607 0.1126 0.1515 0.5752 
        H623  2 0.1691 0.4113 0.2675 0.1521 
        H624  2 0.1125 0.2637 0.1949 0.4289 
        H625  2 0.2895 0.2647 0.2834 0.1624 
        H626  2 0.2229 0.2386 0.2743 0.2642 
        H654  2 0.0950 0.1028 0.0953 0.7069 
        H655  2 0.1771 0.2114 0.2533 0.3583 
        H656  2 0.1854 0.1367 0.1651 0.5128 
        H666  2 0.1595 0.1375 0.1183 0.5848 
        H667  2 0.2438 0.2575 0.3087 0.1900 
        H677  2 0.2862 0.2527 0.2946 0.1664 
        H693  2 0.2936 0.1530 0.2331 0.3203 
        H694  2 0.1883 0.3427 0.3015 0.1675 
        H701  2 0.2572 0.2881 0.3124 0.1423 
        H702  2 0.2159 0.2274 0.2688 0.2879 
        H731  2 0.2691 0.2089 0.2402 0.2818 
       H7359  2 0.2256 0.2884 0.2467 0.2392 
       H7389  2 0.3508 0.2305 0.2566 0.1621 
       H7390  2 0.1438 0.1530 0.1364 0.5668 
       H7391  2 0.4499 0.1211 0.3130 0.1159 
       H7392  2 0.2444 0.2859 0.2079 0.2619 
       H7393  2 0.2217 0.1924 0.2376 0.3484 
       H7398  2 0.4111 0.1591 0.2819 0.1478 
       H7399  2 0.2835 0.3112 0.2783 0.1270 
       H7400  2 0.1291 0.1118 0.1212 0.6379 
        H745  2 0.1865 0.4996 0.2071 0.1068 
        H746  2 0.2342 0.3244 0.2895 0.1519 
        H747  2 0.2068 0.1555 0.1485 0.4892 
        H748  2 0.2223 0.2564 0.2841 0.2372 
       H7484  2 0.1843 0.1555 0.1702 0.4901 
       H7485  2 0.1853 0.3252 0.2454 0.2441 
        H749  2 0.2121 0.3001 0.3002 0.1877 
        H930  2 0.2289 0.3039 0.3331 0.1341 
        H931  2 0.3414 0.2160 0.2749 0.1677 
        H932  2 0.3189 0.2144 0.2677 0.1990 
        H111  3 0.1753 0.4064 0.2809 0.1374 
        H951  3 0.2672 0.3073 0.2916 0.1339 
        H952  3 0.2954 0.2663 0.2290 0.2093 
        H953  3 0.4513 0.1542 0.2947 0.0998 
        H954  3 0.1660 0.1663 0.1632 0.5044 
        H955  3 0.2150 0.3521 0.3021 0.1308 
        H956  3 0.3447 0.1633 0.2318 0.2602 
       H9563  3 0.3168 0.2009 0.2594 0.2230 
        H002  4 0.1502 0.2955 0.1824 0.3719 
        H003  4 0.2613 0.3246 0.2868 0.1272 
        H009  4 0.1877 0.3634 0.2500 0.1989 
        H010  4 0.3146 0.2301 0.2722 0.1831 
        H011  4 0.2356 0.1451 0.1774 0.4419 
        H012  4 0.2916 0.2277 0.3469 0.1338 
        H013  4 0.2912 0.2025 0.2663 0.2400 
        H014  4 0.2054 0.3233 0.2961 0.1752 
        H045  4 0.3966 0.1307 0.2481 0.2246 
        H046  4 0.2261 0.3567 0.2923 0.1250 
        H051  4 0.2764 0.1785 0.2471 0.2979 
        H052  4 0.1876 0.2604 0.1709 0.3811 
        H053  4 0.2581 0.2283 0.2358 0.2778 
        H056  4 0.1891 0.2427 0.1923 0.3760 
        H076  4 0.2705 0.3467 0.2565 0.1263 
        H151  4 0.1333 0.1880 0.1369 0.5418 
        H152  4 0.1993 0.2894 0.1997 0.3115 
     H171803  4 0.1791 0.1819 0.1884 0.4506 
     H171804  4 0.2389 0.1867 0.2284 0.3459 
     H171833  4 0.1626 0.4279 0.2590 0.1505 
     H171855  4 0.1310 0.1953 0.1508 0.5229 
     H171856  4 0.2653 0.1910 0.2257 0.3180 
     H171857  4 0.1918 0.2530 0.1872 0.3680 
     H171858  4 0.2746 0.2864 0.2623 0.1766 
     H171859  4 0.2722 0.2479 0.2334 0.2465 
     H171961  4 0.2507 0.2188 0.2230 0.3075 
        H198  4 0.2450 0.3525 0.3080 0.0946 
      H20001  4 0.1304 0.4356 0.2518 0.1822 
        H403  4 0.2125 0.2397 0.2171 0.3308 
        H404  4 0.3009 0.2528 0.3103 0.1359 
        H405  4 0.2627 0.2995 0.3107 0.1271 
        H406  4 0.2215 0.3470 0.2441 0.1874 
        H407  4 0.3551 0.1757 0.2456 0.2236 
        H410  4 0.4765 0.1607 0.2788 0.0841 
        H411  4 0.1593 0.3917 0.3222 0.1268 
        H468  4 0.1406 0.2989 0.1940 0.3666 
        H476  4 0.1732 0.2292 0.2599 0.3377 
        H477  4 0.1623 0.4335 0.2751 0.1290 
        H478  4 0.2168 0.2619 0.3281 0.1933 
        H479  4 0.2627 0.1900 0.2281 0.3192 
        H480  4 0.2008 0.3585 0.2998 0.1409 
        H498  4 0.2078 0.3408 0.2555 0.1959 
        H499  4 0.2103 0.2953 0.2760 0.2184 
        H500  4 0.1964 0.1491 0.1740 0.4805 
        H515  4 0.2164 0.2331 0.2629 0.2876 
        H516  4 0.2191 0.2638 0.2470 0.2701 
        H517  4 0.3411 0.2175 0.2653 0.1761 
        H518  4 0.1581 0.2397 0.1664 0.4358 
        H520  4 0.1597 0.1809 0.1512 0.5082 
        H521  4 0.2875 0.2484 0.2677 0.1965 
        H522  4 0.1858 0.2233 0.1921 0.3988 
        H523  4 0.2561 0.2396 0.2534 0.2509 
        H536  4 0.2504 0.2871 0.2761 0.1865 
        H645  4 0.3578 0.1385 0.2728 0.2309 
        H646  4 0.3503 0.2583 0.2580 0.1335 
        H647  4 0.2148 0.2716 0.2280 0.2857 
        H657  4 0.2944 0.2657 0.2749 0.1650 
        H658  4 0.2563 0.2254 0.2354 0.2829 
        H659  4 0.1059 0.1144 0.1175 0.6623 
        H660  4 0.1893 0.2687 0.2399 0.3021 
        H661  4 0.1421 0.2055 0.1730 0.4794 
        H668  4 0.2704 0.2539 0.3415 0.1341 
        H669  4 0.3284 0.1881 0.2386 0.2449 
        H670  4 0.3188 0.1648 0.3060 0.2104 
        H678  4 0.2373 0.2588 0.2643 0.2395 
        H679  4 0.3057 0.2630 0.2863 0.1449 
        H680  4 0.1932 0.3162 0.2235 0.2671 
        H681  4 0.2485 0.2103 0.2733 0.2679 
        H682  4 0.2881 0.2115 0.3226 0.1778 
        H683  4 0.1769 0.2612 0.1808 0.3810 
        H718  4 0.2284 0.1495 0.1649 0.4571 
        H719  4 0.3054 0.1904 0.2600 0.2442 
        H720  4 0.1485 0.2762 0.2115 0.3638 
        H721  4 0.1681 0.3141 0.2024 0.3154 
        H722  4 0.1516 0.3314 0.1793 0.3377 
        H723  4 0.2873 0.1483 0.2046 0.3598 
        H724  4 0.1738 0.1201 0.1358 0.5704 
        H725  4 0.1402 0.1510 0.1341 0.5748 
        H726  4 0.2045 0.2254 0.2131 0.3570 
        H727  4 0.3183 0.1747 0.2081 0.2989 
        H910  4 0.2905 0.1897 0.2447 0.2751 
        H911  4 0.3243 0.2608 0.2647 0.1502 
        H912  4 0.1964 0.2865 0.2229 0.2941 
        H913  4 0.2213 0.2112 0.1900 0.3775 
        H914  4 0.2681 0.1260 0.2317 0.3742 
        H915  4 0.1985 0.2489 0.2651 0.2875 
        H916  4 0.1901 0.3428 0.2660 0.2012 
       H9572  4 0.2013 0.2259 0.2175 0.3553 
        H015  5 0.1749 0.3971 0.3031 0.1249 
        H016  5 0.2135 0.4171 0.2303 0.1392 
        H017  5 0.1586 0.2847 0.2519 0.3048 
        H019  5 0.2062 0.3412 0.2648 0.1878 
        H020  5 0.3201 0.2115 0.2150 0.2534 
        H032  5 0.2130 0.2384 0.2465 0.3021 
        H033  5 0.2873 0.2513 0.3007 0.1607 
        H034  5 0.2731 0.1813 0.2415 0.3041 
        H035  5 0.2568 0.2452 0.2449 0.2531 
        H036  5 0.2820 0.2923 0.2712 0.1546 
        H037  5 0.2004 0.1935 0.2180 0.3881 
        H048  5 0.2244 0.1294 0.2043 0.4420 
        H049  5 0.1657 0.3759 0.2710 0.1874 
        H054  5 0.3006 0.2508 0.2480 0.2006 
        H055  5 0.2527 0.2311 0.2214 0.2948 
        H057  5 0.1437 0.4359 0.1804 0.2400 
        H060  5 0.2249 0.2717 0.2363 0.2672 
        H061  5 0.2763 0.2632 0.2896 0.1709 
        H064  5 0.2392 0.2370 0.2086 0.3152 
        H070  5 0.2626 0.1907 0.2919 0.2548 
        H077  5 0.1797 0.1976 0.1990 0.4237 
        H078  5 0.1715 0.2385 0.1666 0.4233 
        H079  5 0.3971 0.1798 0.3019 0.1212 
        H097  5 0.1363 0.3445 0.2406 0.2786 
        H107  5 0.1914 0.1186 0.1581 0.5318 
        H122  5 0.1898 0.2863 0.2499 0.2739 
        H123  5 0.3317 0.2757 0.2660 0.1266 
        H124  5 0.3564 0.2350 0.2681 0.1406 
        H131  5 0.3566 0.2379 0.2762 0.1293 
        H132  5 0.2825 0.2065 0.2382 0.2727 
        H141  5 0.1902 0.2106 0.2313 0.3679 
        H142  5 0.2114 0.3123 0.3459 0.1305 
        H157  5 0.2254 0.1662 0.1951 0.4132 
        H158  5 0.2149 0.4015 0.2671 0.1166 
        H159  5 0.1802 0.3432 0.3204 0.1561 
        H160  5 0.2058 0.2554 0.2230 0.3157 
        H163  5 0.2257 0.2966 0.3349 0.1428 
        H164  5 0.2169 0.3253 0.2900 0.1678 
        H165  5 0.4149 0.1867 0.2672 0.1311 
        H166  5 0.2350 0.3284 0.2909 0.1456 
        H169  5 0.2241 0.2663 0.3316 0.1780 
     H169613  5 0.2107 0.2733 0.3259 0.1901 
     H169653  5 0.2307 0.3427 0.3018 0.1249 
     H169728  5 0.1984 0.2700 0.2721 0.2595 
     H169742  5 0.3109 0.1948 0.2581 0.2361 
        H170  5 0.1999 0.4034 0.2168 0.1800 
        H171  5 0.2053 0.4236 0.2260 0.1451 
     H171851  5 0.2159 0.3324 0.2684 0.1833 
     H171852  5 0.1704 0.2110 0.1532 0.4654 
     H171853  5 0.2258 0.2016 0.2517 0.3210 
     H171854  5 0.2057 0.2998 0.2886 0.2059 
     H171938  5 0.2983 0.1980 0.3074 0.1964 
     H171939  5 0.2721 0.3512 0.2276 0.1490 
     H171941  5 0.2633 0.1864 0.2041 0.3462 
     H171965  5 0.2175 0.3408 0.3208 0.1209 
     H171970  5 0.1921 0.1469 0.1561 0.5049 
     H171973  5 0.3416 0.2113 0.3023 0.1448 
     H171974  5 0.3253 0.2215 0.2509 0.2022 
     H171975  5 0.2853 0.2380 0.2565 0.2202 
     H171976  5 0.1292 0.3566 0.2503 0.2639 
        H175  5 0.2705 0.1574 0.2216 0.3504 
        H178  5 0.2555 0.2600 0.2575 0.2269 
        H189  5 0.2743 0.3048 0.3047 0.1162 
        H399  5 0.1481 0.3748 0.1749 0.3022 
        H416  5 0.2665 0.2148 0.2761 0.2425 
        H438  5 0.3257 0.2015 0.2842 0.1885 
        H450  5 0.1963 0.2147 0.2286 0.3604 
        H455  5 0.2694 0.1502 0.1936 0.3869 
        H456  5 0.2987 0.2107 0.2915 0.1990 
        H457  5 0.1739 0.2554 0.2157 0.3550 
        H458  5 0.2516 0.2117 0.2325 0.3042 
        H459  5 0.2570 0.3128 0.2930 0.1372 
        H460  5 0.1888 0.2287 0.2812 0.3013 
        H461  5 0.1606 0.3776 0.2939 0.1680 
        H462  5 0.3542 0.2205 0.2854 0.1399 
        H469  5 0.3061 0.2642 0.3155 0.1142 
        H470  5 0.2080 0.2403 0.2500 0.3017 
        H471  5 0.2615 0.3069 0.2766 0.1551 
        H481  5 0.1742 0.1386 0.1575 0.5297 
        H482  5 0.2000 0.2127 0.2409 0.3465 
        H501  5 0.2483 0.2387 0.2384 0.2745 
        H502  5 0.2243 0.3507 0.3060 0.1191 
        H503  5 0.2152 0.3250 0.2867 0.1732 
        H509  5 0.2178 0.1750 0.2146 0.3926 
        H510  5 0.2279 0.2993 0.2971 0.1758 
        H511  5 0.2284 0.3261 0.2990 0.1464 
        H530  5 0.2981 0.1733 0.2380 0.2907 
        H531  5 0.1617 0.1827 0.1451 0.5104 
        H564  5 0.1728 0.2169 0.2364 0.3739 
        H565  5 0.1631 0.1749 0.2027 0.4593 
        H567  5 0.4083 0.2369 0.2575 0.0973 
     H568???  5 0.2059 0.3779 0.2733 0.1429 
        H608  5 0.2004 0.1773 0.2627 0.3596 
        H609  5 0.3880 0.1917 0.2683 0.1520 
        H612  5 0.2232 0.1100 0.1896 0.4773 
        H614  5 0.1430 0.1748 0.1249 0.5573 
        H615  5 0.1467 0.2194 0.1908 0.4431 
        H616  5 0.2457 0.1150 0.1707 0.4686 
        H617  5 0.3043 0.2399 0.3227 0.1332 
        H618  5 0.2463 0.1618 0.2175 0.3743 
        H619  5 0.3482 0.1966 0.2926 0.1626 
        H635  5 0.2248 0.2914 0.3086 0.1752 
        H636  5 0.3046 0.1962 0.3596 0.1396 
        H637  5 0.2538 0.2080 0.2421 0.2960 
        H644  5 0.2371 0.4450 0.2337 0.0842 
        H711  5 0.1817 0.3832 0.2419 0.1932 
        H712  5 0.3393 0.1581 0.2580 0.2446 
       H7360  5 0.1828 0.3070 0.2187 0.2915 
       H7361  5 0.2077 0.2411 0.2556 0.2956 
       H7362  5 0.1998 0.4470 0.2582 0.0949 
       H7363  5 0.2265 0.2591 0.2424 0.2720 
       H7394  5 0.2386 0.2770 0.3714 0.1130 
       H7395  5 0.2649 0.2666 0.2737 0.1948 
       H7396  5 0.2482 0.2527 0.2554 0.2437 
        H742  5 0.3196 0.1760 0.2607 0.2437 
        H743  5 0.3169 0.2039 0.2219 0.2573 
        H744  5 0.2994 0.1255 0.2024 0.3726 
        H957  5 0.1586 0.3333 0.2458 0.2622 
        H958  5 0.2561 0.2545 0.2721 0.2173 
        H959  5 0.2623 0.1661 0.2147 0.3569 
        H960  5 0.3351 0.1925 0.2793 0.1931 
      H_PALI  6 0.2071 0.3202 0.2624 0.2102 
        H581  6 0.2061 0.2153 0.2108 0.3678 
        H582  6 0.1286 0.1697 0.1321 0.5696 
        H583  6 0.2257 0.2326 0.2205 0.3213 
        H595  6 0.2479 0.3160 0.3146 0.1215 
        H596  6 0.2680 0.2967 0.3240 0.1113 
        H597  6 0.2520 0.3561 0.2826 0.1093 
        H598  6 0.2858 0.1991 0.2794 0.2358 
        H599  6 0.2878 0.2074 0.2327 0.2721 
        H642  6 0.2060 0.3519 0.2411 0.2009 
        H643  6 0.3357 0.1957 0.2693 0.1992 
        H664  6 0.1114 0.1870 0.1562 0.5454 
        H665  6 0.3149 0.1887 0.3220 0.1744 
        H674  6 0.2049 0.4566 0.2486 0.0899 
        H675  6 0.2151 0.2720 0.1996 0.3133 
        H676  6 0.1925 0.3422 0.3397 0.1256 
        H686  6 0.2132 0.3224 0.2608 0.2035 
        H687  6 0.2073 0.2999 0.2608 0.2320 
        H917  6 0.3101 0.2409 0.3301 0.1190 
        H918  6 0.3094 0.2366 0.2797 0.1743 
        H919  6 0.2305 0.1376 0.2305 0.4014 
        H920  6 0.1810 0.2491 0.2271 0.3428 
        H631  7 0.2105 0.2358 0.2376 0.3160 
        H684  7 0.1724 0.4075 0.3229 0.0973 
        H685  7 0.2264 0.1350 0.1778 0.4609 
        H713  7 0.1388 0.1419 0.1491 0.5702 
        H715  7 0.1896 0.3797 0.2960 0.1347 
        H716  7 0.2739 0.2520 0.2411 0.2330 
        H717  7 0.2640 0.2381 0.2270 0.2710 
        H729  7 0.4243 0.1623 0.3185 0.0949 
        H730  7 0.4516 0.1296 0.2561 0.1627 
        H431  8 0.2892 0.1834 0.2248 0.3027 
        H432  8 0.2110 0.4134 0.2780 0.0976 
        H433  8 0.2906 0.2539 0.3001 0.1554 
        H434  8 0.3150 0.2444 0.2650 0.1756 
        H444  8 0.3105 0.2435 0.2892 0.1568 
        H454  8 0.2378 0.1553 0.1894 0.4175 
        H475  8 0.1621 0.1726 0.2037 0.4616 
        H491  8 0.2448 0.2535 0.2396 0.2621 
        H492  8 0.1937 0.1825 0.1936 0.4302 
        H493  8 0.2128 0.3407 0.2562 0.1904 
        H494  8 0.2625 0.2395 0.2290 0.2690 
        H495  8 0.1282 0.2446 0.1583 0.4689 
        H662  8 0.2187 0.3039 0.2142 0.2632 
        H663  8 0.2593 0.2390 0.2677 0.2340 
        H695  8 0.2871 0.1911 0.2537 0.2681 
       H7367  8 0.4129 0.1954 0.2860 0.1058 
       H7368  8 0.2197 0.3566 0.2815 0.1422 
       H7369  8 0.3198 0.2132 0.3076 0.1594 
       H7370  8 0.3436 0.2360 0.2961 0.1243 
       H7371  8 0.3122 0.2189 0.2682 0.2007 
        H600  9 0.2091 0.1923 0.2125 0.3862 
        H648  9 0.2074 0.3153 0.2526 0.2247 
        H696  9 0.2245 0.4187 0.2263 0.1306 
        H697  9 0.3549 0.2147 0.2859 0.1445 
        H698  9 0.3594 0.2354 0.2566 0.1486 
        H699  9 0.3221 0.2329 0.2558 0.1892 
        H700  9 0.2278 0.1751 0.2349 0.3622 
        H732  9 0.1695 0.2042 0.1555 0.4708 
        H733  9 0.3178 0.2608 0.2895 0.1319 
        H734  9 0.1917 0.3496 0.3067 0.1519 
        H735  9 0.2745 0.2790 0.2865 0.1599 
        H736  9 0.1969 0.2466 0.2385 0.3180 
        H737  9 0.3885 0.1696 0.2455 0.1965 
        H905  9 0.2777 0.1807 0.2671 0.2744 
        H921  9 0.2938 0.1862 0.2460 0.2740 
        H922  9 0.3004 0.2911 0.2929 0.1155 
     H169705 10 0.3601 0.1915 0.2954 0.1530 
     H171942 10 0.2102 0.4160 0.2853 0.0885 
     H171943 10 0.2118 0.2890 0.2897 0.2095 
     H171944 10 0.2786 0.2011 0.2862 0.2341 
     H171946 10 0.1555 0.2428 0.1667 0.4350 
     H171947 10 0.2847 0.2690 0.2636 0.1827 
     H229641 10 0.2091 0.2572 0.2436 0.2900 
      H30001 10 0.2521 0.2249 0.2721 0.2510 
      H30002 10 0.3125 0.2356 0.2588 0.1931 
      H30005 10 0.3259 0.2136 0.3117 0.1488 
      H30006 10 0.4112 0.2071 0.2452 0.1365 
      H30007 10 0.1869 0.4889 0.2176 0.1066 
        H451 10 0.2299 0.3221 0.3236 0.1244 
        H452 10 0.3696 0.2147 0.2560 0.1598 
        H453 10 0.1934 0.2429 0.1755 0.3882 
        H473 10 0.2253 0.2527 0.2371 0.2848 
        H474 10 0.1070 0.1433 0.1209 0.6288 
        H486 10 0.2486 0.2025 0.2221 0.3268 
        H487 10 0.2988 0.1710 0.2320 0.2981 
        H488 10 0.3082 0.1967 0.2705 0.2246 
        H489 10 0.2117 0.1425 0.1797 0.4661 
        H550 10 0.1797 0.3576 0.2688 0.1938 
        H551 10 0.3635 0.1470 0.2623 0.2272 
        H553 10 0.2911 0.1596 0.1874 0.3620 
        H554 10 0.2238 0.3380 0.2691 0.1691 
        H556 10 0.2732 0.2495 0.2051 0.2722 
        H580 10 0.3503 0.2343 0.2719 0.1435 
        H591 10 0.1833 0.1240 0.1452 0.5475 
        H592 10 0.2273 0.2015 0.2311 0.3401 
        H593 10 0.1949 0.2885 0.2856 0.2309 
        H594 10 0.2717 0.3679 0.2716 0.0888 
        H627 10 0.1676 0.2758 0.1986 0.3580 
        H628 10 0.4021 0.2177 0.3002 0.0799 
        H629 10 0.1514 0.2913 0.1850 0.3723 
        H630 10 0.2232 0.2393 0.2343 0.3032 
        H638 10 0.2547 0.2863 0.2844 0.1746 
        H639 10 0.1550 0.1862 0.1427 0.5162 
        H640 10 0.2108 0.2992 0.2732 0.2167 
        H704 10 0.2545 0.3646 0.2489 0.1320 
        H705 10 0.3808 0.1794 0.2902 0.1496 
        H706 10 0.3775 0.1331 0.2393 0.2502 
        H708 10 0.1642 0.1465 0.1644 0.5248 
       H7351 10 0.2060 0.3480 0.2369 0.2091 
       H7352 10 0.2533 0.2592 0.2522 0.2353 
       H7353 10 0.1972 0.4846 0.2108 0.1074 
       H7354 10 0.2609 0.2192 0.2670 0.2529 
       H7365 10 0.1709 0.1202 0.1481 0.5608 
       H7383 10 0.2702 0.1807 0.2723 0.2768 
       H7384 10 0.3342 0.1926 0.2653 0.2080 
       H7385 10 0.2458 0.1757 0.2441 0.3344 
       H7386 10 0.3225 0.2406 0.2674 0.1695 
       H7387 10 0.2476 0.2920 0.3029 0.1575 
       H7388 10 0.4049 0.1906 0.2643 0.1402 
        H906 10 0.2208 0.2927 0.1998 0.2867 
        H907 10 0.2187 0.3333 0.3147 0.1333 
        H908 10 0.2501 0.2329 0.2906 0.2264 
        H909 10 0.2834 0.2255 0.2943 0.1968 
       H9552 10 0.2847 0.2767 0.2596 0.1789 
       H9553 10 0.3762 0.1533 0.2335 0.2369 
       H9555 10 0.2909 0.2146 0.3266 0.1679 
       H9575 10 0.1428 0.2266 0.1748 0.4558 
       H9703 10 0.2471 0.1263 0.1751 0.4515 
       H9707 10 0.1884 0.1844 0.1919 0.4354 
       HSAA4 10 0.3562 0.2318 0.2566 0.1554 
        H001 11 0.2855 0.2289 0.2681 0.2174 
        H004 11 0.2322 0.2771 0.2794 0.2114 
        H005 11 0.2145 0.1651 0.2165 0.4040 
        H006 11 0.2569 0.2361 0.2651 0.2419 
        H007 11 0.3135 0.1509 0.2420 0.2936 
        H031 11 0.1842 0.1233 0.1600 0.5326 
        H074 11 0.1589 0.1715 0.1582 0.5113 
        H075 11 0.2374 0.1311 0.2104 0.4211 
        H080 11 0.2652 0.1849 0.2105 0.3394 
        H086 11 0.3638 0.1998 0.2716 0.1649 
        H092 11 0.2782 0.1932 0.2573 0.2713 
        H093 11 0.2164 0.4204 0.2477 0.1155 
        H094 11 0.2098 0.2830 0.2964 0.2108 
        H095 11 0.2431 0.1771 0.2089 0.3709 
        H096 11 0.2672 0.1833 0.2733 0.2762 
        H099 11 0.2343 0.2326 0.2448 0.2883 
        H100 11 0.2767 0.3323 0.2670 0.1241 
        H127 11 0.3417 0.1653 0.2332 0.2598 
        H136 11 0.1613 0.1584 0.1598 0.5205 
        H153 11 0.1770 0.3188 0.2932 0.2110 
        H154 11 0.1530 0.1700 0.1700 0.5070 
        H155 11 0.4292 0.1710 0.3160 0.0838 
        H156 11 0.3560 0.2444 0.3198 0.0799 
        H161 11 0.2061 0.3195 0.2739 0.2005 
        H162 11 0.3055 0.2876 0.2758 0.1310 
        H167 11 0.3169 0.2547 0.2943 0.1341 
        H168 11 0.3432 0.2444 0.2751 0.1372 
     H169586 11 0.0981 0.3153 0.1520 0.4346 
     H169738 11 0.3998 0.1880 0.3082 0.1039 
     H169741 11 0.1724 0.1722 0.1678 0.4875 
     H171801 11 0.1916 0.4243 0.2473 0.1369 
     H171810 11 0.1606 0.2149 0.1875 0.4371 
     H171811 11 0.1316 0.2124 0.1708 0.4852 
     H171812 11 0.3603 0.1919 0.2516 0.1963 
     H171820 11 0.1713 0.1776 0.1789 0.4722 
     H171821 11 0.2741 0.2724 0.3089 0.1446 
     H171822 11 0.2780 0.2373 0.2952 0.1895 
     H171823 11 0.1386 0.2333 0.1785 0.4497 
     H171866 11 0.3419 0.2765 0.2604 0.1212 
     H171867 11 0.3426 0.1896 0.3344 0.1334 
     H171967 11 0.2522 0.1415 0.2142 0.3922 
     H171969 11 0.2513 0.2633 0.2474 0.2381 
        H172 11 0.2821 0.2303 0.2748 0.2128 
        H173 11 0.3757 0.1589 0.2845 0.1809 
        H174 11 0.2329 0.3717 0.2729 0.1225 
        H196 11 0.4684 0.1597 0.2827 0.0893 
        H197 11 0.3015 0.2521 0.2882 0.1582 
        H346 11 0.2877 0.2067 0.2772 0.2283 
        H355 11 0.2425 0.2044 0.2146 0.3385 
        H356 11 0.3185 0.2143 0.2172 0.2501 
        H357 11 0.2216 0.1839 0.2030 0.3915 
        H358 11 0.3072 0.1719 0.3422 0.1786 
        H359 11 0.1968 0.2558 0.2451 0.3023 
        H360 11 0.3469 0.2064 0.2478 0.1989 
        H361 11 0.3744 0.2110 0.2680 0.1465 
        H362 11 0.2515 0.3106 0.3417 0.0961 
        H363 11 0.1861 0.1574 0.2164 0.4401 
        H364 11 0.2061 0.2886 0.2516 0.2537 
        H365 11 0.3732 0.2155 0.2443 0.1670 
        H366 11 0.3753 0.1732 0.2671 0.1844 
        H367 11 0.1882 0.1617 0.1575 0.4926 
        H368 11 0.1621 0.3660 0.2185 0.2534 
        H369 11 0.1929 0.1238 0.1834 0.4999 
        H370 11 0.2547 0.3007 0.2592 0.1854 
        H371 11 0.2799 0.2552 0.2697 0.1951 
        H372 11 0.2926 0.2397 0.2998 0.1679 
        H373 11 0.2429 0.2716 0.2978 0.1877 
        H374 11 0.2694 0.2196 0.2478 0.2631 
        H375 11 0.2558 0.1885 0.2749 0.2808 
        H376 11 0.2243 0.3610 0.2729 0.1418 
        H377 11 0.2382 0.2009 0.2665 0.2944 
        H378 11 0.2220 0.2648 0.2376 0.2757 
        H379 11 0.1988 0.2873 0.2942 0.2196 
        H380 11 0.2702 0.2592 0.3441 0.1264 
        H381 11 0.1295 0.2031 0.1673 0.5001 
        H382 11 0.2261 0.3537 0.3341 0.0860 
        H383 11 0.2603 0.3579 0.2726 0.1092 
        H384 11 0.2274 0.2068 0.1971 0.3688 
        H385 11 0.2092 0.2125 0.2472 0.3311 
        H386 11 0.3465 0.1873 0.3116 0.1546 
        H387 11 0.1560 0.4338 0.2287 0.1816 
        H388 11 0.4209 0.1905 0.2786 0.1101 
        H389 11 0.3129 0.1828 0.2890 0.2153 
        H390 11 0.2323 0.2779 0.2850 0.2048 
        H391 11 0.2410 0.3406 0.2677 0.1507 
        H392 11 0.2518 0.1696 0.2292 0.3494 
        H393 11 0.2548 0.3459 0.2562 0.1431 
        H394 11 0.1872 0.4417 0.2072 0.1638 
        H395 11 0.2417 0.1542 0.1952 0.4089 
        H408 11 0.3200 0.1769 0.2966 0.2064 
        H412 11 0.0979 0.1745 0.1047 0.6229 
        H417 11 0.2407 0.2021 0.2092 0.3481 
        H418 11 0.1761 0.3033 0.2324 0.2882 
        H429 11 0.2739 0.2594 0.2814 0.1853 
        H430 11 0.3249 0.2536 0.2953 0.1261 
        H439 11 0.2842 0.2031 0.2723 0.2404 
        H440 11 0.1852 0.1706 0.2159 0.4283 
        H441 11 0.2990 0.2496 0.2846 0.1667 
        H442 11 0.2990 0.2597 0.2852 0.1561 
        H446 11 0.2254 0.2966 0.2545 0.2235 
        H447 11 0.3244 0.2131 0.3238 0.1386 
        H448 11 0.4160 0.1396 0.3025 0.1420 
        H534 11 0.1705 0.2045 0.1664 0.4585 
        H537 11 0.1570 0.2221 0.1680 0.4529 
        H568 11 0.1542 0.1261 0.1437 0.5760 
        H569 11 0.4231 0.2025 0.2937 0.0807 
        H586 11 0.0945 0.3126 0.1505 0.4424 
        H587 11 0.1649 0.1300 0.1453 0.5598 
        H588 11 0.1742 0.4575 0.2437 0.1245 
        H589 11 0.1767 0.1528 0.1701 0.5004 
        H590 11 0.2089 0.2172 0.2171 0.3568 
        H601 11 0.3210 0.2809 0.2895 0.1085 
        H602 11 0.2821 0.1746 0.2517 0.2916 
        H603 11 0.2875 0.2410 0.3445 0.1271 
        H610 11 0.2933 0.1938 0.2447 0.2683 
        H611 11 0.1932 0.1873 0.1907 0.4289 
        H649 11 0.2172 0.3000 0.2758 0.2070 
        H650 11 0.2050 0.3118 0.3280 0.1552 
        H651 11 0.3834 0.1745 0.2792 0.1630 
        H652 11 0.2126 0.3261 0.2741 0.1872 
       H7364 11 0.3006 0.2287 0.2971 0.1737 
       H7366 11 0.3595 0.1795 0.2440 0.2169 
       H7378 11 0.1879 0.4728 0.2631 0.0763 
       H7379 11 0.3174 0.2350 0.2443 0.2032 
        H739 11 0.2139 0.1570 0.1585 0.4706 
        H740 11 0.2032 0.3231 0.3053 0.1683 
        H741 11 0.1754 0.1653 0.1687 0.4906 
        H926 11 0.2114 0.3192 0.3172 0.1523 
        H927 11 0.4089 0.1688 0.2791 0.1432 
        H928 11 0.2465 0.2443 0.2529 0.2563 
       H9560 11 0.2272 0.2801 0.2777 0.2150 
        H409 12 0.2667 0.2837 0.3017 0.1478 
        H413 12 0.1708 0.4411 0.2279 0.1602 
        H419 12 0.3270 0.2159 0.2886 0.1686 
        H420 12 0.2578 0.2242 0.2576 0.2604 
        H421 12 0.2233 0.3835 0.2911 0.1021 
        H435 12 0.2371 0.3536 0.2794 0.1299 
        H436 12 0.3321 0.1720 0.2584 0.2375 
        H437 12 0.1532 0.2392 0.1856 0.4220 
        H445 12 0.3214 0.2244 0.3256 0.1286 
        H449 12 0.3032 0.2995 0.2378 0.1595 
        H463 12 0.2191 0.2542 0.2389 0.2878 
        H464 12 0.1872 0.4087 0.2848 0.1192 
        H465 12 0.1567 0.3822 0.2290 0.2321 
        H490 12 0.1818 0.4336 0.2632 0.1214 
        H561 12 0.2382 0.2804 0.2692 0.2122 
        H562 12 0.3389 0.1895 0.2887 0.1829 
        H563 12 0.3191 0.1937 0.2665 0.2206 
        H570 12 0.2831 0.1749 0.2170 0.3250 
        H571 12 0.1542 0.3336 0.2295 0.2827 
        H572 12 0.2119 0.2332 0.2399 0.3150 
        H573 12 0.3264 0.2504 0.2995 0.1237 
       H7372 12 0.4075 0.2160 0.2883 0.0881 
       H7373 12 0.1647 0.4790 0.2254 0.1309 
       H7374 12 0.2730 0.2045 0.2347 0.2877 
       H7375 12 0.2423 0.1852 0.2228 0.3498 
       H7376 12 0.4243 0.1783 0.3057 0.0917 
       H7377 12 0.1815 0.1915 0.2168 0.4102 
