        H102  1 0.2335 0.2513 0.2316 0.2836 
        H103  1 0.2929 0.2272 0.2935 0.1864 
        H104  1 0.2593 0.2755 0.2013 0.2638 
        H105  1 0.2583 0.2965 0.2103 0.2348 
        H106  1 0.2617 0.2499 0.2520 0.2364 
        H112  1 0.2196 0.2610 0.2092 0.3102 
        H113  1 0.2376 0.3103 0.2211 0.2310 
        H114  1 0.2468 0.3233 0.2268 0.2031 
        H115  1 0.2324 0.2872 0.1983 0.2821 
        H143  1 0.2131 0.2947 0.2462 0.2460 
        H144  1 0.2270 0.3035 0.2880 0.1816 
        H145  1 0.2709 0.2128 0.3201 0.1962 
        H149  1 0.2413 0.2646 0.2197 0.2744 
        H150  1 0.2285 0.2533 0.2579 0.2602 
     H167542  1 0.2517 0.3246 0.2163 0.2075 
     H169604  1 0.2599 0.2901 0.2253 0.2247 
     H169607  1 0.2641 0.2807 0.2659 0.1892 
     H169608  1 0.2078 0.2042 0.2376 0.3504 
     H169633  1 0.2749 0.2904 0.2419 0.1927 
     H169688  1 0.2750 0.2261 0.2943 0.2045 
     H169714  1 0.2459 0.2204 0.2412 0.2925 
     H171802  1 0.2395 0.2214 0.2248 0.3143 
     H171805  1 0.2944 0.2388 0.2660 0.2008 
     H171807  1 0.2049 0.2837 0.2351 0.2763 
     H171814  1 0.2592 0.2228 0.3311 0.1870 
     H171816  1 0.2228 0.2431 0.2421 0.2920 
     H171817  1 0.2705 0.2492 0.2190 0.2613 
     H171818  1 0.2672 0.2710 0.2297 0.2321 
     H171819  1 0.2537 0.2366 0.2322 0.2776 
     H171834  1 0.2152 0.2924 0.2343 0.2582 
     H171835  1 0.2138 0.2119 0.2391 0.3352 
     H171836  1 0.3109 0.2741 0.2556 0.1594 
     H171837  1 0.2551 0.2484 0.2281 0.2683 
     H171838  1 0.2467 0.2391 0.2759 0.2383 
     H171839  1 0.2591 0.2491 0.2319 0.2599 
     H171841  1 0.1955 0.1874 0.2305 0.3866 
     H171860  1 0.2527 0.2693 0.2308 0.2471 
     H171861  1 0.2972 0.2953 0.2427 0.1648 
     H171862  1 0.2482 0.2515 0.2459 0.2544 
     H171868  1 0.2249 0.3259 0.2179 0.2313 
     H171869  1 0.2399 0.2213 0.3120 0.2268 
     H171870  1 0.2566 0.2353 0.2691 0.2390 
     H171871  1 0.2892 0.2254 0.2665 0.2188 
     H171872  1 0.2640 0.2565 0.2151 0.2644 
     H171873  1 0.2724 0.2160 0.2730 0.2386 
     H171874  1 0.2545 0.2552 0.2624 0.2279 
     H171875  1 0.2538 0.2954 0.2606 0.1902 
     H171876  1 0.2572 0.3020 0.2310 0.2098 
     H171877  1 0.2314 0.3551 0.2121 0.2014 
     H171878  1 0.2165 0.2238 0.2798 0.2799 
     H171901  1 0.3314 0.1833 0.2045 0.2807 
     H171902  1 0.2423 0.2271 0.2970 0.2336 
     H171903  1 0.2623 0.2608 0.2296 0.2474 
     H171935  1 0.2571 0.2060 0.2520 0.2849 
     H171936  1 0.2925 0.2818 0.2326 0.1931 
     H171940  1 0.2121 0.2990 0.2266 0.2623 
     H171945  1 0.2420 0.2304 0.2667 0.2609 
     H171948  1 0.2067 0.2919 0.2030 0.2984 
     H171949  1 0.2202 0.2533 0.2102 0.3163 
     H171950  1 0.2699 0.1835 0.2250 0.3216 
     H171963  1 0.2633 0.2434 0.2920 0.2013 
     H171964  1 0.1902 0.2375 0.3513 0.2209 
     H171966  1 0.2342 0.2549 0.2546 0.2563 
     H171968  1 0.2347 0.2338 0.2762 0.2553 
     H171971  1 0.2657 0.2288 0.2515 0.2540 
     H171972  1 0.2523 0.2432 0.2866 0.2179 
     H171977  1 0.2375 0.2397 0.3301 0.1926 
     H171978  1 0.2389 0.2106 0.2603 0.2903 
     H171979  1 0.2972 0.2770 0.2471 0.1787 
        H176  1 0.2474 0.2677 0.2514 0.2335 
        H177  1 0.2667 0.2100 0.2003 0.3230 
        H179  1 0.2464 0.2709 0.2022 0.2805 
        H181  1 0.2299 0.3103 0.2666 0.1932 
        H182  1 0.2752 0.2555 0.2742 0.1951 
        H183  1 0.2307 0.2650 0.2981 0.2061 
        H184  1 0.2504 0.2518 0.2029 0.2950 
        H185  1 0.2463 0.2842 0.2673 0.2023 
        H186  1 0.1896 0.2411 0.2759 0.2934 
        H187  1 0.3026 0.2163 0.2319 0.2493 
        H188  1 0.1999 0.3454 0.2044 0.2503 
        H192  1 0.2209 0.2452 0.2214 0.3125 
        H193  1 0.2566 0.2459 0.3005 0.1969 
        H194  1 0.2454 0.2830 0.2279 0.2437 
        H195  1 0.2260 0.2262 0.3306 0.2172 
        H199  1 0.2442 0.2372 0.3035 0.2151 
        H200  1 0.2541 0.2380 0.2279 0.2800 
        H414  1 0.2890 0.2295 0.2539 0.2276 
        H415  1 0.2846 0.2612 0.2381 0.2161 
        H422  1 0.2390 0.2146 0.2859 0.2605 
        H423  1 0.2017 0.2213 0.2129 0.3641 
        H424  1 0.2600 0.2651 0.2826 0.1923 
        H425  1 0.2606 0.2241 0.3211 0.1942 
        H426  1 0.2396 0.2045 0.3333 0.2226 
        H443  1 0.2208 0.2636 0.3092 0.2064 
        H466  1 0.2474 0.2809 0.2412 0.2305 
        H467  1 0.2028 0.2253 0.2475 0.3244 
        H472  1 0.2841 0.2720 0.2356 0.2083 
        H483  1 0.2230 0.3318 0.2501 0.1951 
        H504  1 0.2476 0.2348 0.3185 0.1991 
        H505  1 0.2574 0.2794 0.2202 0.2430 
        H506  1 0.2253 0.2442 0.2708 0.2597 
        H507  1 0.3279 0.2628 0.2530 0.1562 
        H508  1 0.2732 0.2233 0.2656 0.2379 
        H524  1 0.3263 0.2470 0.2477 0.1790 
        H525  1 0.2438 0.2666 0.2810 0.2086 
        H526  1 0.2401 0.3183 0.2315 0.2102 
        H527  1 0.2722 0.2185 0.2176 0.2917 
        H528  1 0.2455 0.2678 0.2793 0.2074 
        H529  1 0.2952 0.2658 0.2759 0.1631 
        H533  1 0.3539 0.2550 0.2310 0.1601 
        H538  1 0.2630 0.2856 0.2082 0.2432 
        H539  1 0.2936 0.2131 0.2698 0.2235 
        H540  1 0.2682 0.2475 0.2286 0.2557 
        H541  1 0.2613 0.2899 0.2315 0.2173 
        H558  1 0.2460 0.2034 0.2934 0.2571 
        H559  1 0.2133 0.2769 0.2615 0.2483 
        H579  1 0.2273 0.2501 0.2838 0.2389 
        H584  1 0.2256 0.2445 0.3060 0.2239 
        H585  1 0.2525 0.2874 0.2559 0.2042 
        H605  1 0.2688 0.2517 0.2550 0.2245 
        H606  1 0.2303 0.2334 0.2254 0.3108 
        H632  1 0.2316 0.2246 0.3293 0.2145 
        H634  1 0.2719 0.2456 0.2595 0.2230 
        H671  1 0.2417 0.2169 0.2474 0.2940 
        H672  1 0.3046 0.2429 0.2444 0.2081 
        H673  1 0.2008 0.3184 0.2582 0.2227 
        H689  1 0.2368 0.2732 0.2767 0.2132 
        H690  1 0.2356 0.2804 0.2085 0.2755 
        H691  1 0.2562 0.2835 0.2236 0.2367 
        H692  1 0.2590 0.3163 0.2680 0.1566 
        H709  1 0.2590 0.2496 0.2550 0.2364 
        H710  1 0.2317 0.2837 0.2920 0.1926 
       H7355  1 0.2573 0.2954 0.2402 0.2072 
       H7356  1 0.2343 0.2496 0.2718 0.2443 
       H7357  1 0.2777 0.2616 0.2251 0.2355 
       H7358  1 0.2598 0.2865 0.2541 0.1996 
       H7380  1 0.2436 0.2737 0.2494 0.2333 
       H7381  1 0.2248 0.2280 0.2593 0.2879 
       H7382  1 0.2339 0.2757 0.2580 0.2324 
        H904  1 0.2082 0.2172 0.1789 0.3956 
        H923  1 0.2345 0.2453 0.2586 0.2616 
        H924  1 0.2347 0.2540 0.2348 0.2765 
        H925  1 0.2832 0.2715 0.2477 0.1976 
       H9558  1 0.2412 0.1996 0.3139 0.2454 
        H008  2 0.2415 0.3423 0.2303 0.1859 
        H021  2 0.2472 0.2555 0.2219 0.2754 
        H023  2 0.2664 0.2491 0.2245 0.2599 
        H024  2 0.2445 0.2464 0.3221 0.1871 
        H025  2 0.1923 0.2416 0.2442 0.3219 
        H026  2 0.2415 0.2402 0.3233 0.1950 
        H027  2 0.2992 0.2728 0.2278 0.2002 
        H028  2 0.2506 0.2780 0.2734 0.1980 
        H029  2 0.2794 0.2498 0.2671 0.2037 
        H030  2 0.2418 0.2552 0.3088 0.1942 
        H038  2 0.2844 0.2084 0.2430 0.2642 
        H039  2 0.1838 0.1844 0.1927 0.4391 
        H040  2 0.3001 0.2062 0.2445 0.2492 
        H041  2 0.2242 0.3389 0.2140 0.2229 
        H042  2 0.2628 0.2641 0.2184 0.2546 
        H043  2 0.2236 0.1841 0.2515 0.3409 
        H044  2 0.2980 0.2277 0.2498 0.2245 
        H047  2 0.1965 0.2183 0.2723 0.3129 
        H050  2 0.2806 0.2272 0.2845 0.2077 
        H058  2 0.2748 0.2118 0.2388 0.2746 
        H062  2 0.2441 0.2570 0.2270 0.2719 
        H063  2 0.2204 0.2438 0.2101 0.3257 
        H065  2 0.2279 0.2320 0.2959 0.2442 
        H066  2 0.2860 0.2169 0.2723 0.2248 
        H067  2 0.2553 0.3023 0.2447 0.1977 
        H068  2 0.2437 0.2097 0.2373 0.3094 
        H069  2 0.2981 0.1997 0.2765 0.2257 
        H071  2 0.2524 0.2361 0.2199 0.2916 
        H072  2 0.2174 0.2385 0.2026 0.3416 
        H073  2 0.2656 0.2596 0.2768 0.1980 
        H081  2 0.2239 0.3412 0.1982 0.2367 
        H082  2 0.2524 0.2865 0.2717 0.1895 
        H083  2 0.2220 0.2611 0.2935 0.2234 
        H084  2 0.2985 0.2128 0.2339 0.2548 
        H085  2 0.2206 0.3404 0.2082 0.2308 
        H087  2 0.2095 0.3660 0.2020 0.2226 
        H088  2 0.2423 0.2599 0.1966 0.3012 
        H089  2 0.2845 0.2878 0.2334 0.1943 
        H090  2 0.2253 0.2690 0.2836 0.2221 
        H091  2 0.2720 0.2932 0.2509 0.1840 
        H098  2 0.2564 0.2939 0.2436 0.2060 
      H10001  2 0.1949 0.1737 0.1881 0.4433 
      H10002  2 0.2523 0.2538 0.2063 0.2876 
        H101  2 0.3115 0.2179 0.2663 0.2042 
        H108  2 0.2063 0.3167 0.2125 0.2645 
        H109  2 0.2790 0.2135 0.2455 0.2620 
        H110  2 0.2428 0.3366 0.2128 0.2079 
        H116  2 0.2405 0.2402 0.2960 0.2233 
        H117  2 0.2617 0.3134 0.2258 0.1991 
        H118  2 0.2202 0.2957 0.3168 0.1674 
        H119  2 0.2353 0.2467 0.2362 0.2817 
        H120  2 0.1946 0.2642 0.1782 0.3630 
        H121  2 0.2338 0.2944 0.2649 0.2068 
        H125  2 0.2118 0.1850 0.1874 0.4157 
        H126  2 0.2004 0.2507 0.2912 0.2577 
        H128  2 0.2373 0.2312 0.3825 0.1490 
        H129  2 0.2087 0.2766 0.3298 0.1849 
        H130  2 0.2399 0.1783 0.2544 0.3274 
        H133  2 0.2150 0.1914 0.2216 0.3720 
        H134  2 0.1975 0.2080 0.3945 0.1999 
        H135  2 0.2540 0.2825 0.2127 0.2508 
        H137  2 0.2628 0.2791 0.2484 0.2097 
        H138  2 0.2490 0.2124 0.3157 0.2228 
        H140  2 0.2413 0.2554 0.2484 0.2549 
        H146  2 0.2476 0.2472 0.2956 0.2096 
        H147  2 0.2471 0.3052 0.2240 0.2237 
        H148  2 0.2677 0.3113 0.2114 0.2096 
     H166022  2 0.3061 0.2600 0.2417 0.1923 
     H167359  2 0.3000 0.2391 0.2338 0.2271 
     H167397  2 0.2996 0.2765 0.2746 0.1493 
     H167428  2 0.2155 0.3466 0.2787 0.1592 
     H167496  2 0.2303 0.2718 0.1929 0.3050 
     H167513  2 0.2592 0.2490 0.2498 0.2419 
     H167545  2 0.2867 0.2204 0.3028 0.1901 
     H167547  2 0.2608 0.1935 0.3508 0.1948 
     H169621  2 0.2462 0.2783 0.2681 0.2074 
     H169622  2 0.2742 0.2531 0.2691 0.2035 
     H169750  2 0.2385 0.2127 0.2643 0.2844 
     H171806  2 0.2385 0.2147 0.2863 0.2604 
     H171808  2 0.2935 0.2200 0.2614 0.2250 
     H171809  2 0.2448 0.2819 0.2148 0.2585 
     H171813  2 0.2142 0.2257 0.3082 0.2519 
     H171815  2 0.2226 0.1788 0.2344 0.3643 
     H171824  2 0.2437 0.2619 0.1949 0.2995 
     H171825  2 0.2855 0.2514 0.2437 0.2195 
     H171826  2 0.2242 0.2668 0.2220 0.2871 
     H171827  2 0.2640 0.2408 0.2456 0.2495 
     H171828  2 0.1962 0.2396 0.1802 0.3839 
     H171829  2 0.2535 0.1927 0.2970 0.2567 
     H171830  2 0.2525 0.2665 0.2254 0.2556 
     H171831  2 0.2493 0.2502 0.3070 0.1935 
     H171832  2 0.2267 0.2500 0.2754 0.2479 
     H171863  2 0.2738 0.2205 0.3260 0.1798 
     H171864  2 0.2919 0.2717 0.2250 0.2113 
     H171865  2 0.2199 0.2078 0.2412 0.3311 
     H171879  2 0.2729 0.2235 0.2617 0.2420 
     H171880  2 0.2968 0.2431 0.2435 0.2166 
     H171881  2 0.2489 0.3289 0.2317 0.1906 
     H171882  2 0.2006 0.2175 0.1981 0.3838 
     H171929  2 0.2488 0.3111 0.2186 0.2215 
     H171930  2 0.2976 0.2182 0.2978 0.1864 
     H171933  2 0.2856 0.2639 0.2413 0.2092 
     H171934  2 0.2765 0.2773 0.2284 0.2179 
     H171937  2 0.2366 0.2286 0.3103 0.2246 
     H171962  2 0.2387 0.3125 0.2448 0.2040 
        H190  2 0.2564 0.2967 0.2557 0.1913 
        H191  2 0.2291 0.2648 0.2643 0.2417 
        H396  2 0.2469 0.3089 0.2301 0.2141 
        H397  2 0.2873 0.2598 0.2468 0.2061 
        H398  2 0.2474 0.2279 0.2653 0.2594 
        H400  2 0.2885 0.2521 0.2360 0.2234 
        H401  2 0.2516 0.2558 0.3242 0.1685 
        H402  2 0.2999 0.2865 0.2324 0.1812 
        H427  2 0.2415 0.2922 0.2339 0.2325 
        H428  2 0.2125 0.3504 0.2773 0.1598 
        H497  2 0.2363 0.2279 0.2429 0.2929 
        H512  2 0.2561 0.2453 0.2536 0.2449 
        H513  2 0.2618 0.2448 0.2515 0.2419 
        H514  2 0.2321 0.2224 0.2800 0.2655 
        H519  2 0.2552 0.2586 0.2408 0.2454 
        H532  2 0.2884 0.2820 0.2373 0.1923 
        H543  2 0.3116 0.2686 0.2234 0.1964 
        H544  2 0.2520 0.2055 0.2878 0.2548 
        H545  2 0.2732 0.2174 0.3277 0.1818 
        H546  2 0.2325 0.2326 0.2549 0.2801 
        H547  2 0.2618 0.1923 0.3558 0.1902 
        H548  2 0.3107 0.2542 0.2235 0.2117 
        H549  2 0.3552 0.1903 0.2855 0.1689 
        H620  2 0.2093 0.2095 0.1907 0.3904 
        H623  2 0.2360 0.2784 0.2763 0.2093 
        H624  2 0.2295 0.1576 0.2909 0.3220 
        H625  2 0.2734 0.3015 0.2327 0.1924 
        H626  2 0.3122 0.2134 0.2390 0.2354 
        H654  2 0.2189 0.1716 0.2024 0.4072 
        H655  2 0.2478 0.2163 0.2293 0.3067 
        H656  2 0.2005 0.2517 0.2079 0.3399 
        H666  2 0.2100 0.1875 0.2346 0.3679 
        H667  2 0.2516 0.2603 0.2486 0.2395 
        H677  2 0.2910 0.2367 0.2534 0.2188 
        H693  2 0.1939 0.3186 0.1894 0.2982 
        H694  2 0.2596 0.2779 0.2662 0.1963 
        H701  2 0.2930 0.2625 0.2231 0.2215 
        H702  2 0.2739 0.2513 0.2153 0.2595 
        H731  2 0.2237 0.2488 0.2263 0.3012 
       H7359  2 0.2971 0.2409 0.2310 0.2311 
       H7389  2 0.2620 0.2406 0.2775 0.2199 
       H7390  2 0.2818 0.1853 0.2175 0.3154 
       H7391  2 0.2484 0.3496 0.2028 0.1992 
       H7392  2 0.2615 0.2340 0.2768 0.2278 
       H7393  2 0.2668 0.2152 0.2258 0.2921 
       H7398  2 0.2313 0.3354 0.2112 0.2221 
       H7399  2 0.2576 0.2748 0.2747 0.1929 
       H7400  2 0.2057 0.1862 0.1964 0.4117 
        H745  2 0.2066 0.2430 0.3401 0.2103 
        H746  2 0.2667 0.2468 0.2796 0.2069 
        H747  2 0.2845 0.2096 0.2313 0.2746 
        H748  2 0.2822 0.2167 0.2330 0.2681 
       H7484  2 0.2124 0.2454 0.2233 0.3189 
       H7485  2 0.2420 0.2622 0.2747 0.2211 
        H749  2 0.3044 0.2226 0.2707 0.2023 
        H930  2 0.3085 0.2253 0.2736 0.1926 
        H931  2 0.2293 0.3059 0.2298 0.2350 
        H932  2 0.2664 0.2194 0.2562 0.2580 
        H111  3 0.2715 0.2278 0.2935 0.2073 
        H951  3 0.2501 0.2565 0.2801 0.2133 
        H952  3 0.2493 0.2059 0.3015 0.2434 
        H953  3 0.2570 0.2918 0.2632 0.1881 
        H954  3 0.2474 0.2206 0.1993 0.3327 
        H955  3 0.3031 0.2345 0.2603 0.2022 
        H956  3 0.2705 0.2401 0.2448 0.2447 
       H9563  3 0.2444 0.2919 0.2032 0.2605 
        H002  4 0.2008 0.2003 0.2645 0.3344 
        H003  4 0.2480 0.2777 0.2625 0.2118 
        H009  4 0.2588 0.2365 0.3045 0.2001 
        H010  4 0.2606 0.2739 0.2411 0.2243 
        H011  4 0.2101 0.2843 0.1968 0.3088 
        H012  4 0.2664 0.3015 0.2117 0.2204 
        H013  4 0.2136 0.2884 0.2093 0.2886 
        H014  4 0.2235 0.2610 0.2546 0.2609 
        H045  4 0.2281 0.3166 0.2158 0.2395 
        H046  4 0.2641 0.2566 0.2839 0.1953 
        H051  4 0.2164 0.3025 0.1946 0.2866 
        H052  4 0.2262 0.2083 0.2812 0.2842 
        H053  4 0.2503 0.2304 0.2293 0.2900 
        H056  4 0.2168 0.2117 0.2444 0.3271 
        H076  4 0.2248 0.2733 0.2958 0.2061 
        H151  4 0.2144 0.1807 0.2281 0.3769 
        H152  4 0.1903 0.1905 0.2696 0.3495 
     H171803  4 0.2875 0.2075 0.2384 0.2665 
     H171804  4 0.2803 0.2366 0.2143 0.2687 
     H171833  4 0.2378 0.2297 0.3199 0.2126 
     H171855  4 0.1927 0.1839 0.2418 0.3816 
     H171856  4 0.3135 0.1995 0.2594 0.2276 
     H171857  4 0.2267 0.2035 0.2613 0.3086 
     H171858  4 0.2575 0.2121 0.2724 0.2580 
     H171859  4 0.2424 0.2436 0.2529 0.2610 
     H171961  4 0.2287 0.2683 0.2232 0.2798 
        H198  4 0.2559 0.2766 0.2675 0.2000 
      H20001  4 0.2364 0.2183 0.3329 0.2124 
        H403  4 0.2529 0.2196 0.2723 0.2551 
        H404  4 0.2377 0.2943 0.2584 0.2096 
        H405  4 0.2880 0.2571 0.2532 0.2018 
        H406  4 0.2273 0.1864 0.3365 0.2499 
        H407  4 0.3019 0.2197 0.2518 0.2266 
        H410  4 0.2698 0.2551 0.2955 0.1797 
        H411  4 0.2187 0.2101 0.3193 0.2519 
        H468  4 0.2719 0.1935 0.2985 0.2360 
        H476  4 0.3103 0.1984 0.2232 0.2681 
        H477  4 0.3045 0.1702 0.3306 0.1947 
        H478  4 0.2842 0.2714 0.2365 0.2080 
        H479  4 0.2335 0.2803 0.2365 0.2497 
        H480  4 0.2846 0.2111 0.3002 0.2041 
        H498  4 0.2204 0.2646 0.2534 0.2616 
        H499  4 0.2400 0.2371 0.2556 0.2673 
        H500  4 0.2749 0.2245 0.1994 0.3012 
        H515  4 0.2438 0.2151 0.2290 0.3121 
        H516  4 0.2251 0.2314 0.2799 0.2636 
        H517  4 0.2716 0.2332 0.2670 0.2282 
        H518  4 0.2408 0.2167 0.2718 0.2706 
        H520  4 0.2523 0.2127 0.2519 0.2830 
        H521  4 0.2426 0.3245 0.2349 0.1980 
        H522  4 0.2851 0.2259 0.2533 0.2357 
        H523  4 0.2547 0.2215 0.2415 0.2824 
        H536  4 0.2507 0.2716 0.2530 0.2247 
        H645  4 0.2279 0.3106 0.2174 0.2441 
        H646  4 0.3032 0.2331 0.2814 0.1824 
        H647  4 0.2977 0.2162 0.2685 0.2175 
        H657  4 0.3007 0.2399 0.2791 0.1804 
        H658  4 0.3144 0.2228 0.2178 0.2449 
        H659  4 0.2197 0.1799 0.2043 0.3961 
        H660  4 0.2510 0.2477 0.2240 0.2774 
        H661  4 0.2199 0.2114 0.2586 0.3100 
        H668  4 0.2693 0.2834 0.2307 0.2166 
        H669  4 0.2352 0.2990 0.2166 0.2492 
        H670  4 0.2259 0.2955 0.2076 0.2710 
        H678  4 0.2759 0.2285 0.2441 0.2515 
        H679  4 0.3092 0.2604 0.2330 0.1973 
        H680  4 0.2223 0.2371 0.2963 0.2443 
        H681  4 0.2468 0.2498 0.2195 0.2839 
        H682  4 0.3158 0.2617 0.2165 0.2060 
        H683  4 0.2181 0.2195 0.2716 0.2909 
        H718  4 0.2231 0.2294 0.2367 0.3108 
        H719  4 0.2130 0.3534 0.1921 0.2415 
        H720  4 0.2233 0.2678 0.2801 0.2287 
        H721  4 0.2321 0.2198 0.2955 0.2527 
        H722  4 0.1900 0.1969 0.2907 0.3225 
        H723  4 0.2329 0.2646 0.1960 0.3065 
        H724  4 0.2453 0.1996 0.2098 0.3453 
        H725  4 0.2086 0.2208 0.2287 0.3419 
        H726  4 0.2184 0.2234 0.2187 0.3394 
        H727  4 0.2146 0.2720 0.2118 0.3017 
        H910  4 0.2367 0.2631 0.2156 0.2847 
        H911  4 0.2677 0.2515 0.2719 0.2090 
        H912  4 0.2424 0.2202 0.2576 0.2798 
        H913  4 0.3019 0.1997 0.2175 0.2808 
        H914  4 0.2674 0.2295 0.1976 0.3054 
        H915  4 0.2928 0.2093 0.2319 0.2660 
        H916  4 0.2594 0.1923 0.2951 0.2532 
       H9572  4 0.2285 0.2999 0.2467 0.2249 
        H015  5 0.2472 0.2822 0.2577 0.2129 
        H016  5 0.2456 0.2307 0.3052 0.2185 
        H017  5 0.2424 0.1887 0.2999 0.2690 
        H019  5 0.2349 0.2791 0.2419 0.2441 
        H020  5 0.2299 0.2345 0.2639 0.2718 
        H032  5 0.2732 0.2084 0.2581 0.2603 
        H033  5 0.2551 0.3170 0.2160 0.2119 
        H034  5 0.2269 0.2565 0.1990 0.3176 
        H035  5 0.2755 0.2292 0.2592 0.2361 
        H036  5 0.2578 0.2883 0.2593 0.1945 
        H037  5 0.2770 0.2192 0.2237 0.2801 
        H048  5 0.2478 0.2729 0.2148 0.2645 
        H049  5 0.2182 0.2440 0.2889 0.2489 
        H054  5 0.2374 0.2604 0.2446 0.2576 
        H055  5 0.1924 0.2545 0.2440 0.3091 
        H057  5 0.2285 0.2147 0.2922 0.2646 
        H060  5 0.2131 0.2033 0.2750 0.3086 
        H061  5 0.3125 0.2383 0.2373 0.2119 
        H064  5 0.1946 0.2753 0.2435 0.2865 
        H070  5 0.2280 0.2585 0.2050 0.3085 
        H077  5 0.2151 0.2128 0.2076 0.3645 
        H078  5 0.2368 0.2012 0.2615 0.3005 
        H079  5 0.2865 0.2863 0.2443 0.1829 
        H097  5 0.2520 0.1748 0.2908 0.2823 
        H107  5 0.2246 0.2591 0.1861 0.3303 
        H122  5 0.2909 0.2054 0.2841 0.2196 
        H123  5 0.2902 0.2342 0.2731 0.2026 
        H124  5 0.2958 0.2582 0.2525 0.1936 
        H131  5 0.2611 0.2791 0.2586 0.2012 
        H132  5 0.2435 0.2723 0.2315 0.2527 
        H141  5 0.2927 0.2189 0.2401 0.2483 
        H142  5 0.2881 0.2651 0.2459 0.2009 
        H157  5 0.2396 0.2513 0.2286 0.2805 
        H158  5 0.2324 0.1990 0.3405 0.2281 
        H159  5 0.2872 0.2631 0.2623 0.1874 
        H160  5 0.3113 0.2113 0.2658 0.2115 
        H163  5 0.2463 0.2618 0.2620 0.2299 
        H164  5 0.2331 0.2835 0.2314 0.2520 
        H165  5 0.2516 0.3231 0.2511 0.1742 
        H166  5 0.2325 0.2926 0.2581 0.2168 
        H169  5 0.2377 0.2581 0.2464 0.2578 
     H169613  5 0.2628 0.2159 0.2432 0.2781 
     H169653  5 0.2218 0.2937 0.2464 0.2382 
     H169728  5 0.2743 0.2388 0.2672 0.2198 
     H169742  5 0.2647 0.2721 0.2329 0.2303 
        H170  5 0.2165 0.2185 0.3284 0.2366 
        H171  5 0.2136 0.2405 0.3035 0.2424 
     H171851  5 0.2379 0.2417 0.2604 0.2600 
     H171852  5 0.2432 0.2042 0.2488 0.3037 
     H171853  5 0.2367 0.2816 0.2191 0.2626 
     H171854  5 0.2434 0.2276 0.2528 0.2761 
     H171938  5 0.2795 0.2798 0.2022 0.2386 
     H171939  5 0.2384 0.2478 0.3075 0.2063 
     H171941  5 0.1887 0.2710 0.1972 0.3431 
     H171965  5 0.2402 0.2501 0.2740 0.2357 
     H171970  5 0.1909 0.2540 0.1940 0.3610 
     H171973  5 0.3007 0.2791 0.2299 0.1903 
     H171974  5 0.2461 0.2761 0.2123 0.2655 
     H171975  5 0.1915 0.3149 0.2203 0.2733 
     H171976  5 0.2492 0.1808 0.3212 0.2487 
        H175  5 0.2532 0.2670 0.2119 0.2679 
        H178  5 0.2208 0.2827 0.2298 0.2667 
        H189  5 0.2668 0.2524 0.2873 0.1935 
        H399  5 0.2554 0.1883 0.3377 0.2186 
        H416  5 0.2595 0.2313 0.2322 0.2770 
        H438  5 0.2538 0.2970 0.2110 0.2382 
        H450  5 0.2081 0.2009 0.2281 0.3628 
        H455  5 0.1848 0.2972 0.1916 0.3265 
        H456  5 0.2771 0.2569 0.2253 0.2408 
        H457  5 0.2278 0.1987 0.2473 0.3263 
        H458  5 0.2340 0.2395 0.2269 0.2996 
        H459  5 0.3065 0.2581 0.2400 0.1955 
        H460  5 0.2937 0.2118 0.2445 0.2500 
        H461  5 0.2533 0.1854 0.3013 0.2600 
        H462  5 0.2687 0.3052 0.2371 0.1891 
        H469  5 0.2413 0.3012 0.2454 0.2121 
        H470  5 0.2446 0.2592 0.2295 0.2667 
        H471  5 0.2936 0.1954 0.3224 0.1886 
        H481  5 0.2429 0.1937 0.2082 0.3553 
        H482  5 0.2432 0.2134 0.2340 0.3094 
        H501  5 0.2481 0.2761 0.2186 0.2572 
        H502  5 0.2349 0.2638 0.2946 0.2067 
        H503  5 0.2295 0.2666 0.2966 0.2074 
        H509  5 0.2533 0.2723 0.2129 0.2615 
        H510  5 0.2103 0.2907 0.2539 0.2452 
        H511  5 0.2369 0.2448 0.2741 0.2442 
        H530  5 0.2478 0.2888 0.2087 0.2547 
        H531  5 0.3017 0.1874 0.2394 0.2716 
        H564  5 0.2409 0.2430 0.2403 0.2759 
        H565  5 0.2268 0.2011 0.2208 0.3514 
        H567  5 0.2905 0.2465 0.2806 0.1825 
     H568???  5 0.2418 0.2273 0.3161 0.2147 
        H608  5 0.2096 0.2040 0.2329 0.3535 
        H609  5 0.2187 0.3436 0.2118 0.2259 
        H612  5 0.2342 0.2303 0.1974 0.3382 
        H614  5 0.2206 0.1901 0.2446 0.3447 
        H615  5 0.2536 0.1936 0.2516 0.3013 
        H616  5 0.2139 0.2272 0.1891 0.3698 
        H617  5 0.3160 0.2787 0.2345 0.1708 
        H618  5 0.2162 0.2552 0.2109 0.3177 
        H619  5 0.2208 0.3170 0.2314 0.2307 
        H635  5 0.2364 0.2782 0.2284 0.2570 
        H636  5 0.2646 0.2948 0.2224 0.2183 
        H637  5 0.2484 0.2480 0.2320 0.2715 
        H644  5 0.2427 0.2478 0.3415 0.1680 
        H711  5 0.2408 0.2061 0.3054 0.2477 
        H712  5 0.2447 0.2969 0.2036 0.2547 
       H7360  5 0.2427 0.2467 0.2622 0.2484 
       H7361  5 0.2253 0.2294 0.2289 0.3164 
       H7362  5 0.2404 0.2566 0.3328 0.1702 
       H7363  5 0.2466 0.1978 0.2552 0.3004 
       H7394  5 0.2763 0.2317 0.2566 0.2354 
       H7395  5 0.2422 0.2704 0.2327 0.2547 
       H7396  5 0.2738 0.2409 0.2337 0.2516 
        H742  5 0.2600 0.2763 0.2327 0.2309 
        H743  5 0.2380 0.2419 0.2659 0.2543 
        H744  5 0.2307 0.2244 0.2160 0.3289 
        H957  5 0.2681 0.2028 0.2814 0.2477 
        H958  5 0.3412 0.2211 0.2383 0.1993 
        H959  5 0.2137 0.2693 0.1931 0.3239 
        H960  5 0.2517 0.2695 0.2380 0.2408 
      H_PALI  6 0.2589 0.2631 0.2294 0.2486 
        H581  6 0.2579 0.2091 0.2502 0.2828 
        H582  6 0.2137 0.2251 0.2416 0.3195 
        H583  6 0.2774 0.2247 0.2403 0.2576 
        H595  6 0.3064 0.2363 0.2739 0.1835 
        H596  6 0.2961 0.2362 0.2837 0.1839 
        H597  6 0.2467 0.2392 0.3136 0.2005 
        H598  6 0.2676 0.2555 0.2225 0.2544 
        H599  6 0.2138 0.2773 0.2053 0.3036 
        H642  6 0.2674 0.2098 0.2987 0.2241 
        H643  6 0.2811 0.2438 0.2367 0.2384 
        H664  6 0.2591 0.1634 0.2756 0.3020 
        H665  6 0.2412 0.3017 0.2133 0.2437 
        H674  6 0.2356 0.2404 0.3411 0.1828 
        H675  6 0.2294 0.1998 0.2654 0.3054 
        H676  6 0.2377 0.2295 0.2809 0.2519 
        H686  6 0.2387 0.2575 0.2635 0.2404 
        H687  6 0.2782 0.2214 0.2540 0.2464 
        H917  6 0.2842 0.3123 0.2249 0.1786 
        H918  6 0.2566 0.3244 0.2275 0.1915 
        H919  6 0.2355 0.2524 0.1968 0.3154 
        H920  6 0.2206 0.2549 0.2270 0.2975 
        H631  7 0.2474 0.2421 0.2407 0.2698 
        H684  7 0.2080 0.2394 0.3197 0.2328 
        H685  7 0.2747 0.1718 0.2428 0.3107 
        H713  7 0.2548 0.2261 0.2275 0.2916 
        H715  7 0.2225 0.2273 0.3095 0.2407 
        H716  7 0.2039 0.2905 0.2407 0.2650 
        H717  7 0.2322 0.2789 0.2487 0.2403 
        H729  7 0.2503 0.3390 0.2299 0.1807 
        H730  7 0.2330 0.3232 0.2181 0.2256 
        H431  8 0.2401 0.2137 0.2302 0.3161 
        H432  8 0.2208 0.2981 0.3090 0.1721 
        H433  8 0.2796 0.2920 0.2127 0.2157 
        H434  8 0.2393 0.2983 0.2485 0.2138 
        H444  8 0.2181 0.3469 0.2066 0.2285 
        H454  8 0.1965 0.2885 0.1863 0.3288 
        H475  8 0.2141 0.1941 0.2000 0.3917 
        H491  8 0.1953 0.2808 0.2351 0.2888 
        H492  8 0.2777 0.2409 0.2092 0.2722 
        H493  8 0.2536 0.2361 0.2621 0.2482 
        H494  8 0.2559 0.2578 0.2369 0.2494 
        H495  8 0.1950 0.1703 0.2760 0.3587 
        H662  8 0.2568 0.2512 0.2806 0.2114 
        H663  8 0.2513 0.2623 0.2459 0.2404 
        H695  8 0.2842 0.2549 0.2195 0.2414 
       H7367  8 0.2713 0.2854 0.2482 0.1950 
       H7368  8 0.2198 0.2601 0.2882 0.2319 
       H7369  8 0.2191 0.3125 0.2132 0.2552 
       H7370  8 0.3842 0.2267 0.2267 0.1625 
       H7371  8 0.2766 0.2749 0.2264 0.2221 
        H600  9 0.2386 0.2354 0.2340 0.2920 
        H648  9 0.2083 0.2527 0.2772 0.2618 
        H696  9 0.2658 0.2417 0.3317 0.1608 
        H697  9 0.2290 0.2728 0.2597 0.2385 
        H698  9 0.2557 0.2628 0.2680 0.2135 
        H699  9 0.2112 0.2898 0.2400 0.2590 
        H700  9 0.2588 0.2299 0.2245 0.2869 
        H732  9 0.2380 0.2190 0.2341 0.3090 
        H733  9 0.2749 0.2805 0.2401 0.2045 
        H734  9 0.3171 0.2124 0.2812 0.1893 
        H735  9 0.2416 0.2653 0.2751 0.2179 
        H736  9 0.3111 0.2077 0.2382 0.2430 
        H737  9 0.2053 0.2249 0.2671 0.3026 
        H905  9 0.2005 0.2654 0.2042 0.3299 
        H921  9 0.2393 0.2885 0.2095 0.2627 
        H922  9 0.2685 0.3240 0.2363 0.1712 
     H169705 10 0.2867 0.2434 0.2519 0.2180 
     H171942 10 0.2074 0.3358 0.2886 0.1682 
     H171943 10 0.2994 0.2067 0.2746 0.2193 
     H171944 10 0.3185 0.2215 0.2259 0.2341 
     H171946 10 0.2671 0.1840 0.2624 0.2865 
     H171947 10 0.2435 0.2807 0.2451 0.2306 
     H229641 10 0.2762 0.2340 0.2284 0.2615 
      H30001 10 0.2425 0.2738 0.2149 0.2688 
      H30002 10 0.2574 0.2540 0.2301 0.2585 
      H30005 10 0.2417 0.2654 0.2679 0.2250 
      H30006 10 0.2498 0.2389 0.2943 0.2171 
      H30007 10 0.2350 0.1905 0.3743 0.2002 
        H451 10 0.2381 0.3258 0.2401 0.1960 
        H452 10 0.2565 0.2074 0.3013 0.2349 
        H453 10 0.2067 0.2111 0.2351 0.3471 
        H473 10 0.2441 0.2446 0.2530 0.2584 
        H474 10 0.2314 0.1800 0.2353 0.3534 
        H486 10 0.2351 0.2490 0.2411 0.2747 
        H487 10 0.2386 0.2427 0.2333 0.2854 
        H488 10 0.2106 0.3422 0.1997 0.2475 
        H489 10 0.2692 0.2159 0.2032 0.3117 
        H550 10 0.3148 0.1973 0.2800 0.2080 
        H551 10 0.2576 0.2977 0.2156 0.2292 
        H553 10 0.2474 0.2092 0.2545 0.2889 
        H554 10 0.2386 0.2846 0.2583 0.2185 
        H556 10 0.2822 0.2228 0.2724 0.2226 
        H580 10 0.2568 0.2622 0.2604 0.2206 
        H591 10 0.2238 0.2193 0.1971 0.3598 
        H592 10 0.2969 0.2111 0.2164 0.2756 
        H593 10 0.2568 0.2602 0.2545 0.2285 
        H594 10 0.2597 0.2764 0.2939 0.1701 
        H627 10 0.2773 0.2099 0.2591 0.2537 
        H628 10 0.2304 0.3524 0.2561 0.1611 
        H629 10 0.2444 0.2198 0.2890 0.2467 
        H630 10 0.3012 0.1994 0.2617 0.2377 
        H638 10 0.2904 0.2414 0.2387 0.2294 
        H639 10 0.2194 0.2145 0.2505 0.3156 
        H640 10 0.2956 0.2346 0.2762 0.1937 
        H704 10 0.2386 0.2542 0.3053 0.2019 
        H705 10 0.2815 0.2481 0.2490 0.2214 
        H706 10 0.2218 0.2949 0.2017 0.2816 
        H708 10 0.2515 0.1950 0.2232 0.3303 
       H7351 10 0.2619 0.2549 0.2558 0.2274 
       H7352 10 0.2472 0.2390 0.2466 0.2672 
       H7353 10 0.2130 0.2304 0.3205 0.2361 
       H7354 10 0.2330 0.2359 0.2241 0.3070 
       H7365 10 0.2740 0.2241 0.2109 0.2910 
       H7383 10 0.2532 0.2618 0.2038 0.2811 
       H7384 10 0.2301 0.2562 0.2330 0.2807 
       H7385 10 0.2324 0.2274 0.2172 0.3230 
       H7386 10 0.2423 0.3159 0.2288 0.2130 
       H7387 10 0.2727 0.2400 0.2413 0.2461 
       H7388 10 0.2309 0.2383 0.2797 0.2511 
        H906 10 0.1928 0.2729 0.2456 0.2888 
        H907 10 0.2829 0.2379 0.2572 0.2220 
        H908 10 0.2362 0.2773 0.2263 0.2602 
        H909 10 0.2378 0.2742 0.2168 0.2712 
       H9552 10 0.2453 0.2482 0.2653 0.2412 
       H9553 10 0.2495 0.2264 0.2656 0.2585 
       H9555 10 0.3221 0.2515 0.2319 0.1946 
       H9575 10 0.2496 0.1909 0.2363 0.3232 
       H9703 10 0.2294 0.1836 0.2304 0.3565 
       H9707 10 0.2522 0.2226 0.2200 0.3051 
       HSAA4 10 0.2586 0.2648 0.2553 0.2213 
        H001 11 0.2221 0.2520 0.2493 0.2766 
        H004 11 0.2641 0.2459 0.2444 0.2457 
        H005 11 0.1908 0.2414 0.1938 0.3740 
        H006 11 0.2890 0.2439 0.2212 0.2458 
        H007 11 0.2166 0.3036 0.1960 0.2838 
        H031 11 0.2582 0.2100 0.1917 0.3401 
        H074 11 0.2655 0.2168 0.2289 0.2887 
        H075 11 0.2560 0.2284 0.2055 0.3101 
        H080 11 0.2040 0.2387 0.2156 0.3417 
        H086 11 0.2260 0.2483 0.2658 0.2599 
        H092 11 0.2412 0.2163 0.2413 0.3011 
        H093 11 0.2284 0.2826 0.2972 0.1918 
        H094 11 0.3104 0.2062 0.2563 0.2272 
        H095 11 0.2499 0.2115 0.2430 0.2957 
        H096 11 0.2463 0.2832 0.2022 0.2684 
        H099 11 0.2471 0.2434 0.2205 0.2889 
        H100 11 0.2530 0.2735 0.2956 0.1779 
        H127 11 0.2312 0.2679 0.2378 0.2631 
        H136 11 0.2286 0.2023 0.2170 0.3520 
        H153 11 0.2449 0.2551 0.2423 0.2578 
        H154 11 0.2741 0.1822 0.2242 0.3195 
        H155 11 0.2378 0.3696 0.2249 0.1677 
        H156 11 0.2721 0.3065 0.2567 0.1648 
        H161 11 0.2368 0.2506 0.2662 0.2465 
        H162 11 0.2930 0.2352 0.2806 0.1913 
        H167 11 0.2244 0.2858 0.2509 0.2389 
        H168 11 0.2314 0.2555 0.2606 0.2525 
     H169586 11 0.2449 0.1635 0.2966 0.2951 
     H169738 11 0.2451 0.3171 0.2414 0.1964 
     H169741 11 0.2878 0.1992 0.2040 0.3090 
     H171801 11 0.2521 0.2910 0.2666 0.1903 
     H171810 11 0.2641 0.2130 0.2236 0.2993 
     H171811 11 0.2317 0.1796 0.2652 0.3234 
     H171812 11 0.2287 0.3223 0.2085 0.2406 
     H171820 11 0.2350 0.2192 0.2277 0.3181 
     H171821 11 0.2392 0.2618 0.2670 0.2321 
     H171822 11 0.2783 0.2467 0.2566 0.2184 
     H171823 11 0.1782 0.2092 0.2666 0.3460 
     H171866 11 0.2221 0.2551 0.3024 0.2204 
     H171867 11 0.2623 0.3249 0.2121 0.2007 
     H171967 11 0.2544 0.2731 0.2046 0.2679 
     H171969 11 0.2560 0.2688 0.2281 0.2471 
        H172 11 0.2783 0.2609 0.2319 0.2288 
        H173 11 0.2630 0.3137 0.2054 0.2179 
        H174 11 0.2605 0.2256 0.3205 0.1933 
        H196 11 0.2352 0.2815 0.2788 0.2045 
        H197 11 0.2395 0.3059 0.2278 0.2267 
        H346 11 0.2318 0.2932 0.2013 0.2737 
        H355 11 0.2431 0.2673 0.2515 0.2381 
        H356 11 0.2345 0.2412 0.2454 0.2789 
        H357 11 0.2704 0.2520 0.2101 0.2675 
        H358 11 0.2731 0.2539 0.2196 0.2535 
        H359 11 0.2834 0.2219 0.2428 0.2520 
        H360 11 0.2497 0.2744 0.2148 0.2611 
        H361 11 0.2132 0.2689 0.2561 0.2618 
        H362 11 0.2775 0.2767 0.2605 0.1853 
        H363 11 0.2574 0.2023 0.1978 0.3425 
        H364 11 0.2320 0.2239 0.2637 0.2804 
        H365 11 0.2537 0.2843 0.2463 0.2157 
        H366 11 0.2629 0.2924 0.2598 0.1849 
        H367 11 0.2181 0.2275 0.2388 0.3156 
        H368 11 0.3227 0.2037 0.2873 0.1863 
        H369 11 0.2199 0.2375 0.1979 0.3447 
        H370 11 0.2852 0.2556 0.2502 0.2089 
        H371 11 0.2357 0.2619 0.2494 0.2530 
        H372 11 0.2647 0.2453 0.2599 0.2301 
        H373 11 0.2179 0.2574 0.2381 0.2866 
        H374 11 0.2036 0.2681 0.2176 0.3106 
        H375 11 0.2542 0.3090 0.2018 0.2350 
        H376 11 0.2349 0.2784 0.2709 0.2158 
        H377 11 0.2569 0.2539 0.2136 0.2756 
        H378 11 0.2375 0.2343 0.2559 0.2723 
        H379 11 0.2766 0.2183 0.2589 0.2462 
        H380 11 0.2815 0.3133 0.2188 0.1864 
        H381 11 0.2667 0.1970 0.2380 0.2983 
        H382 11 0.2708 0.2831 0.2787 0.1674 
        H383 11 0.2260 0.2919 0.2797 0.2023 
        H384 11 0.2549 0.1955 0.2300 0.3196 
        H385 11 0.2521 0.2100 0.2205 0.3175 
        H386 11 0.2656 0.2939 0.2149 0.2256 
        H387 11 0.2099 0.1791 0.3281 0.2830 
        H388 11 0.2652 0.2766 0.2799 0.1783 
        H389 11 0.2621 0.3074 0.2063 0.2241 
        H390 11 0.2877 0.2678 0.2468 0.1976 
        H391 11 0.2835 0.1871 0.3203 0.2091 
        H392 11 0.2401 0.2286 0.2127 0.3186 
        H393 11 0.2212 0.3032 0.2917 0.1840 
        H394 11 0.2260 0.2414 0.3394 0.1932 
        H395 11 0.2277 0.2307 0.2119 0.3297 
        H408 11 0.2429 0.2806 0.2160 0.2605 
        H412 11 0.2781 0.1493 0.2792 0.2934 
        H417 11 0.2785 0.2190 0.2236 0.2789 
        H418 11 0.2215 0.1958 0.2982 0.2845 
        H429 11 0.2489 0.2864 0.2393 0.2254 
        H430 11 0.2461 0.3177 0.2414 0.1949 
        H439 11 0.2453 0.2694 0.2245 0.2608 
        H440 11 0.2324 0.1975 0.2203 0.3498 
        H441 11 0.2576 0.2834 0.2536 0.2054 
        H442 11 0.2750 0.2454 0.2674 0.2121 
        H446 11 0.2642 0.2383 0.2575 0.2400 
        H447 11 0.3202 0.2674 0.2276 0.1849 
        H448 11 0.2640 0.3113 0.2201 0.2046 
        H534 11 0.1909 0.1917 0.2302 0.3873 
        H537 11 0.2044 0.2353 0.2469 0.3134 
        H568 11 0.2359 0.2018 0.1938 0.3685 
        H569 11 0.2583 0.3434 0.2457 0.1526 
        H586 11 0.2429 0.1593 0.3096 0.2883 
        H587 11 0.2388 0.2077 0.2001 0.3533 
        H588 11 0.2313 0.2275 0.3296 0.2116 
        H589 11 0.2453 0.1916 0.2145 0.3486 
        H590 11 0.2085 0.2298 0.2270 0.3348 
        H601 11 0.2541 0.2948 0.2594 0.1917 
        H602 11 0.2348 0.2335 0.2464 0.2852 
        H603 11 0.2468 0.3186 0.2227 0.2120 
        H610 11 0.2570 0.2478 0.2337 0.2616 
        H611 11 0.3105 0.1990 0.2160 0.2745 
        H649 11 0.2288 0.2948 0.2367 0.2398 
        H650 11 0.3060 0.1939 0.2671 0.2330 
        H651 11 0.2353 0.3088 0.2181 0.2378 
        H652 11 0.2258 0.2082 0.2745 0.2915 
       H7364 11 0.2763 0.2559 0.2564 0.2114 
       H7366 11 0.2329 0.2829 0.2163 0.2679 
       H7378 11 0.2220 0.2120 0.4024 0.1636 
       H7379 11 0.2352 0.2556 0.2375 0.2717 
        H739 11 0.2722 0.2193 0.2155 0.2930 
        H740 11 0.2901 0.2118 0.2695 0.2287 
        H741 11 0.2873 0.1986 0.2041 0.3100 
        H926 11 0.2440 0.2471 0.2656 0.2434 
        H927 11 0.3381 0.2303 0.2409 0.1906 
        H928 11 0.3160 0.2046 0.2309 0.2484 
       H9560 11 0.3044 0.1971 0.2774 0.2211 
        H409 12 0.2573 0.3347 0.2292 0.1788 
        H413 12 0.2624 0.2264 0.3296 0.1815 
        H419 12 0.2442 0.2999 0.2362 0.2197 
        H420 12 0.2186 0.2704 0.2279 0.2831 
        H421 12 0.2555 0.2700 0.2816 0.1929 
        H435 12 0.2259 0.2707 0.2959 0.2075 
        H436 12 0.2688 0.2914 0.2202 0.2196 
        H437 12 0.2197 0.2046 0.2419 0.3338 
        H445 12 0.2381 0.3079 0.2445 0.2095 
        H449 12 0.2287 0.2427 0.2944 0.2342 
        H463 12 0.2282 0.2435 0.2353 0.2930 
        H464 12 0.2328 0.2752 0.2982 0.1937 
        H465 12 0.2255 0.1849 0.3301 0.2594 
        H490 12 0.2846 0.2444 0.2699 0.2011 
        H561 12 0.2476 0.2455 0.2441 0.2627 
        H562 12 0.2412 0.3348 0.2014 0.2226 
        H563 12 0.2446 0.2892 0.2045 0.2617 
        H570 12 0.2305 0.2767 0.2008 0.2920 
        H571 12 0.2494 0.2129 0.3106 0.2271 
        H572 12 0.2265 0.3104 0.2355 0.2276 
        H573 12 0.2585 0.3094 0.2298 0.2023 
       H7372 12 0.2745 0.3086 0.2505 0.1664 
       H7373 12 0.2441 0.2029 0.3434 0.2095 
       H7374 12 0.1953 0.2805 0.2220 0.3022 
       H7375 12 0.2556 0.2556 0.2269 0.2620 
       H7376 12 0.2255 0.3977 0.2055 0.1713 
       H7377 12 0.2722 0.2164 0.2153 0.2961 
