        H102  1 0.3045 0.2020 0.2196 0.2738 
        H103  1 0.1401 0.3097 0.3150 0.2353 
        H104  1 0.3183 0.2445 0.1680 0.2692 
        H105  1 0.2555 0.2395 0.2105 0.2945 
        H106  1 0.2500 0.2526 0.2374 0.2599 
        H112  1 0.3367 0.2328 0.1956 0.2349 
        H113  1 0.2049 0.3242 0.1917 0.2792 
        H114  1 0.1625 0.3441 0.2020 0.2913 
        H115  1 0.2972 0.2435 0.1634 0.2959 
        H143  1 0.2249 0.2471 0.2368 0.2912 
        H144  1 0.1385 0.1964 0.3954 0.2697 
        H145  1 0.1725 0.2744 0.3336 0.2195 
        H149  1 0.3321 0.2000 0.1912 0.2766 
        H150  1 0.2528 0.2163 0.2864 0.2445 
     H167542  1 0.1983 0.2833 0.1874 0.3310 
     H169604  1 0.2055 0.2636 0.2346 0.2964 
     H169607  1 0.1660 0.2487 0.2977 0.2877 
     H169608  1 0.4109 0.1782 0.2077 0.2032 
     H169633  1 0.1542 0.3442 0.2254 0.2762 
     H169688  1 0.1846 0.2291 0.3663 0.2201 
     H169714  1 0.3067 0.2297 0.2060 0.2577 
     H171802  1 0.3273 0.2587 0.2165 0.1975 
     H171805  1 0.1992 0.2816 0.2659 0.2533 
     H171807  1 0.3061 0.1831 0.2645 0.2463 
     H171814  1 0.1523 0.3035 0.3398 0.2044 
     H171816  1 0.3081 0.2212 0.2319 0.2388 
     H171817  1 0.2838 0.2586 0.2014 0.2561 
     H171818  1 0.2147 0.2891 0.2291 0.2671 
     H171819  1 0.2583 0.2758 0.2277 0.2383 
     H171834  1 0.2529 0.2309 0.2411 0.2751 
     H171835  1 0.3845 0.1971 0.1867 0.2318 
     H171836  1 0.1166 0.3782 0.2429 0.2623 
     H171837  1 0.2963 0.2315 0.2156 0.2566 
     H171838  1 0.1935 0.2957 0.2782 0.2325 
     H171839  1 0.2675 0.2637 0.1858 0.2830 
     H171841  1 0.4663 0.1535 0.2221 0.1581 
     H171860  1 0.2438 0.2696 0.2271 0.2595 
     H171861  1 0.1276 0.3553 0.2267 0.2904 
     H171862  1 0.2445 0.2496 0.2651 0.2409 
     H171868  1 0.2259 0.2450 0.1867 0.3423 
     H171869  1 0.1880 0.2282 0.3545 0.2292 
     H171870  1 0.2537 0.2190 0.2929 0.2343 
     H171871  1 0.1721 0.3118 0.2647 0.2514 
     H171872  1 0.2728 0.2566 0.1951 0.2755 
     H171873  1 0.2454 0.2259 0.3116 0.2172 
     H171874  1 0.1964 0.2426 0.2904 0.2705 
     H171875  1 0.1347 0.3205 0.2497 0.2951 
     H171876  1 0.1732 0.2504 0.2615 0.3149 
     H171877  1 0.1922 0.2700 0.1749 0.3629 
     H171878  1 0.2936 0.1931 0.3008 0.2125 
     H171901  1 0.2894 0.2722 0.2079 0.2305 
     H171902  1 0.2453 0.2059 0.3192 0.2296 
     H171903  1 0.2305 0.2676 0.2366 0.2652 
     H171935  1 0.3073 0.2260 0.2570 0.2098 
     H171936  1 0.1643 0.3419 0.2288 0.2650 
     H171940  1 0.3220 0.1785 0.2292 0.2703 
     H171945  1 0.2593 0.2271 0.3102 0.2034 
     H171948  1 0.3177 0.2354 0.1960 0.2509 
     H171949  1 0.3866 0.1822 0.2126 0.2186 
     H171950  1 0.3839 0.1925 0.1853 0.2383 
     H171963  1 0.1687 0.2450 0.3308 0.2555 
     H171964  1 0.1865 0.1778 0.4141 0.2217 
     H171966  1 0.2520 0.2380 0.2728 0.2371 
     H171968  1 0.2957 0.1820 0.2762 0.2462 
     H171971  1 0.2293 0.2678 0.2603 0.2426 
     H171972  1 0.1686 0.2691 0.3297 0.2326 
     H171977  1 0.1622 0.2367 0.3576 0.2435 
     H171978  1 0.3214 0.2122 0.2558 0.2106 
     H171979  1 0.1462 0.3251 0.2750 0.2537 
        H176  1 0.2375 0.2587 0.2416 0.2622 
        H177  1 0.3963 0.2052 0.1787 0.2199 
        H179  1 0.3210 0.2415 0.1680 0.2695 
        H181  1 0.1845 0.2682 0.3129 0.2344 
        H182  1 0.1518 0.3159 0.2626 0.2697 
        H183  1 0.1879 0.2306 0.3743 0.2071 
        H184  1 0.3281 0.2335 0.2024 0.2360 
        H185  1 0.1805 0.2862 0.2865 0.2469 
        H186  1 0.2860 0.1569 0.3166 0.2405 
        H187  1 0.2211 0.3004 0.2364 0.2422 
        H188  1 0.2699 0.2271 0.1872 0.3157 
        H192  1 0.3747 0.2000 0.2017 0.2236 
        H193  1 0.1657 0.2613 0.2963 0.2767 
        H194  1 0.2572 0.2585 0.2029 0.2814 
        H195  1 0.1779 0.1937 0.4170 0.2114 
        H199  1 0.1856 0.2265 0.3834 0.2046 
        H200  1 0.2992 0.2455 0.2318 0.2235 
        H414  1 0.1925 0.2998 0.2475 0.2601 
        H415  1 0.1787 0.3401 0.2253 0.2560 
        H422  1 0.2992 0.2001 0.2933 0.2074 
        H423  1 0.4926 0.1617 0.1638 0.1819 
        H424  1 0.1631 0.2862 0.3254 0.2253 
        H425  1 0.1703 0.2218 0.4036 0.2042 
        H426  1 0.1935 0.2145 0.4008 0.1912 
        H443  1 0.1797 0.1656 0.3892 0.2655 
        H466  1 0.2446 0.2387 0.2313 0.2854 
        H467  1 0.3975 0.1737 0.2152 0.2136 
        H472  1 0.2146 0.2644 0.2505 0.2704 
        H483  1 0.1822 0.2425 0.2682 0.3071 
        H504  1 0.1639 0.2478 0.3826 0.2057 
        H505  1 0.2811 0.2298 0.2249 0.2643 
        H506  1 0.2542 0.2248 0.2687 0.2523 
        H507  1 0.1194 0.3248 0.2548 0.3011 
        H508  1 0.2544 0.2311 0.2428 0.2717 
        H524  1 0.1503 0.3399 0.2435 0.2663 
        H525  1 0.1924 0.2198 0.3048 0.2831 
        H526  1 0.1946 0.2853 0.2017 0.3184 
        H527  1 0.3188 0.2198 0.2165 0.2448 
        H528  1 0.1573 0.3013 0.2894 0.2519 
        H529  1 0.1377 0.2985 0.2970 0.2669 
        H533  1 0.1174 0.4066 0.2009 0.2752 
        H538  1 0.2470 0.2342 0.2251 0.2937 
        H539  1 0.1988 0.2696 0.2804 0.2512 
        H540  1 0.2392 0.2759 0.2327 0.2522 
        H541  1 0.2009 0.2688 0.2181 0.3122 
        H558  1 0.2043 0.2576 0.3451 0.1930 
        H559  1 0.2517 0.2072 0.2536 0.2875 
        H579  1 0.1991 0.2347 0.3147 0.2515 
        H584  1 0.1932 0.2427 0.3457 0.2185 
        H585  1 0.1894 0.2893 0.2575 0.2638 
        H605  1 0.2715 0.2385 0.2374 0.2525 
        H606  1 0.3881 0.1819 0.1897 0.2403 
        H632  1 0.1869 0.2019 0.3706 0.2406 
        H634  1 0.2090 0.2645 0.2839 0.2427 
        H671  1 0.3645 0.2033 0.2019 0.2303 
        H672  1 0.2090 0.2974 0.2550 0.2385 
        H673  1 0.2040 0.1903 0.3158 0.2899 
        H689  1 0.1928 0.2359 0.2822 0.2891 
        H690  1 0.2989 0.2529 0.1860 0.2622 
        H691  1 0.2120 0.2385 0.2127 0.3368 
        H692  1 0.1090 0.2840 0.3402 0.2668 
        H709  1 0.2231 0.2782 0.2375 0.2612 
        H710  1 0.1459 0.2716 0.3258 0.2567 
       H7355  1 0.1687 0.3275 0.1938 0.3101 
       H7356  1 0.2498 0.2371 0.2889 0.2242 
       H7357  1 0.2651 0.2636 0.2006 0.2707 
       H7358  1 0.1729 0.2661 0.2735 0.2875 
       H7380  1 0.2138 0.2412 0.2595 0.2855 
       H7381  1 0.3122 0.1892 0.2790 0.2196 
       H7382  1 0.2023 0.2445 0.2700 0.2832 
        H904  1 0.4919 0.1496 0.1475 0.2109 
        H923  1 0.2684 0.2474 0.2650 0.2192 
        H924  1 0.2874 0.2180 0.2480 0.2467 
        H925  1 0.1809 0.2842 0.2429 0.2920 
       H9558  1 0.1907 0.2324 0.3880 0.1888 
        H008  2 0.1517 0.3170 0.2268 0.3044 
        H021  2 0.2992 0.2160 0.2157 0.2691 
        H023  2 0.2980 0.2231 0.2053 0.2737 
        H024  2 0.1418 0.3449 0.2941 0.2192 
        H025  2 0.3551 0.1798 0.2689 0.1962 
        H026  2 0.1585 0.2372 0.4095 0.1948 
        H027  2 0.1928 0.2834 0.2293 0.2945 
        H028  2 0.1850 0.2682 0.3116 0.2352 
        H029  2 0.1665 0.3226 0.2674 0.2436 
        H030  2 0.1474 0.2783 0.3558 0.2184 
        H038  2 0.3007 0.2048 0.2372 0.2573 
        H039  2 0.5977 0.1335 0.1313 0.1376 
        H040  2 0.2853 0.2570 0.2062 0.2515 
        H041  2 0.2035 0.3058 0.1791 0.3116 
        H042  2 0.2729 0.2452 0.2300 0.2519 
        H043  2 0.3927 0.1791 0.2294 0.1988 
        H044  2 0.1795 0.3146 0.2970 0.2089 
        H047  2 0.3193 0.2143 0.2718 0.1946 
        H050  2 0.1699 0.3502 0.2656 0.2142 
        H058  2 0.2824 0.2448 0.2418 0.2309 
        H062  2 0.3198 0.1942 0.2397 0.2463 
        H063  2 0.3467 0.2237 0.1878 0.2418 
        H065  2 0.2544 0.1759 0.3707 0.1990 
        H066  2 0.1991 0.3080 0.2732 0.2197 
        H067  2 0.1856 0.2507 0.2470 0.3167 
        H068  2 0.3489 0.2181 0.2127 0.2202 
        H069  2 0.2087 0.2687 0.3099 0.2127 
        H071  2 0.3220 0.2007 0.2307 0.2465 
        H072  2 0.4151 0.1984 0.1766 0.2099 
        H073  2 0.1877 0.2444 0.2940 0.2739 
        H081  2 0.2327 0.2537 0.1690 0.3447 
        H082  2 0.1520 0.2872 0.3149 0.2458 
        H083  2 0.1701 0.2134 0.3804 0.2361 
        H084  2 0.2421 0.3027 0.2201 0.2351 
        H085  2 0.1978 0.2723 0.1803 0.3496 
        H087  2 0.2289 0.2286 0.1941 0.3484 
        H088  2 0.3195 0.2406 0.1825 0.2574 
        H089  2 0.1814 0.2798 0.2360 0.3029 
        H090  2 0.1686 0.3159 0.2922 0.2234 
        H091  2 0.1383 0.3123 0.2457 0.3038 
        H098  2 0.1897 0.3487 0.2081 0.2535 
      H10001  2 0.5873 0.1238 0.1412 0.1477 
      H10002  2 0.3286 0.2138 0.1809 0.2767 
        H101  2 0.1567 0.3711 0.2603 0.2119 
        H108  2 0.3680 0.1704 0.1709 0.2907 
        H109  2 0.2539 0.3095 0.2229 0.2136 
        H110  2 0.1820 0.2907 0.1874 0.3399 
        H116  2 0.1772 0.2769 0.2946 0.2512 
        H117  2 0.1616 0.3601 0.1905 0.2878 
        H118  2 0.1343 0.2672 0.3254 0.2731 
        H119  2 0.2878 0.2388 0.2098 0.2636 
        H120  2 0.4619 0.1564 0.1491 0.2326 
        H121  2 0.1531 0.3130 0.2658 0.2682 
        H125  2 0.5417 0.1411 0.1312 0.1860 
        H126  2 0.2301 0.2194 0.3399 0.2106 
        H128  2 0.0962 0.3057 0.4076 0.1905 
        H129  2 0.1476 0.2121 0.4095 0.2308 
        H130  2 0.3785 0.1770 0.2760 0.1684 
        H133  2 0.4459 0.1672 0.2108 0.1761 
        H134  2 0.1531 0.1950 0.4984 0.1535 
        H135  2 0.2530 0.2537 0.2030 0.2903 
        H137  2 0.1957 0.3364 0.2174 0.2505 
        H138  2 0.1849 0.2234 0.3802 0.2115 
        H140  2 0.2460 0.2472 0.2732 0.2335 
        H146  2 0.1846 0.2955 0.2715 0.2484 
        H147  2 0.1819 0.2895 0.2220 0.3066 
        H148  2 0.1893 0.3369 0.1856 0.2881 
     H166022  2 0.1546 0.3479 0.2238 0.2737 
     H167359  2 0.2147 0.2997 0.2610 0.2246 
     H167397  2 0.1021 0.4126 0.2375 0.2479 
     H167428  2 0.1138 0.2907 0.2574 0.3382 
     H167496  2 0.3706 0.2121 0.1533 0.2640 
     H167513  2 0.2251 0.2895 0.2228 0.2625 
     H167545  2 0.1530 0.2927 0.3048 0.2495 
     H167547  2 0.1433 0.3430 0.2985 0.2152 
     H169621  2 0.1653 0.2981 0.2841 0.2526 
     H169622  2 0.1769 0.2537 0.2915 0.2779 
     H169750  2 0.2864 0.2122 0.2756 0.2257 
     H171806  2 0.2769 0.2272 0.2710 0.2249 
     H171808  2 0.2121 0.2701 0.2795 0.2382 
     H171809  2 0.2643 0.2464 0.2133 0.2760 
     H171813  2 0.2665 0.2038 0.3003 0.2294 
     H171815  2 0.4434 0.1715 0.1980 0.1871 
     H171824  2 0.3334 0.2135 0.1654 0.2878 
     H171825  2 0.2061 0.2461 0.2801 0.2677 
     H171826  2 0.2788 0.2446 0.2061 0.2705 
     H171827  2 0.2314 0.2490 0.2242 0.2954 
     H171828  2 0.4809 0.1525 0.1373 0.2293 
     H171829  2 0.2345 0.2343 0.3017 0.2295 
     H171830  2 0.2274 0.3262 0.1942 0.2522 
     H171831  2 0.1486 0.2827 0.3431 0.2257 
     H171832  2 0.2283 0.2395 0.3086 0.2236 
     H171863  2 0.1254 0.2862 0.3814 0.2070 
     H171864  2 0.2072 0.3336 0.2020 0.2573 
     H171865  2 0.3817 0.2090 0.2030 0.2063 
     H171879  2 0.2043 0.3361 0.2437 0.2158 
     H171880  2 0.1670 0.3822 0.2058 0.2451 
     H171881  2 0.1883 0.2510 0.2503 0.3104 
     H171882  2 0.5122 0.1541 0.1521 0.1816 
     H171929  2 0.2131 0.2580 0.2457 0.2832 
     H171930  2 0.1389 0.3532 0.3010 0.2070 
     H171933  2 0.1912 0.2959 0.2483 0.2645 
     H171934  2 0.2144 0.2756 0.2228 0.2872 
     H171937  2 0.1871 0.2651 0.3574 0.1904 
     H171962  2 0.1849 0.2524 0.2768 0.2858 
        H190  2 0.1816 0.2805 0.2563 0.2816 
        H191  2 0.2364 0.2431 0.2618 0.2588 
        H396  2 0.2275 0.2073 0.2350 0.3302 
        H397  2 0.1851 0.3054 0.2405 0.2690 
        H398  2 0.2687 0.1906 0.3135 0.2272 
        H400  2 0.2189 0.2876 0.2342 0.2593 
        H401  2 0.1107 0.3883 0.2619 0.2390 
        H402  2 0.1438 0.3313 0.2337 0.2912 
        H427  2 0.2232 0.2657 0.2078 0.3033 
        H428  2 0.1163 0.2902 0.2432 0.3502 
        H497  2 0.3081 0.2364 0.2201 0.2355 
        H512  2 0.2191 0.3084 0.2129 0.2596 
        H513  2 0.2258 0.3020 0.2147 0.2575 
        H514  2 0.2169 0.2306 0.3341 0.2184 
        H519  2 0.2297 0.3009 0.2159 0.2535 
        H532  2 0.1645 0.2854 0.2546 0.2955 
        H543  2 0.1539 0.3346 0.2253 0.2862 
        H544  2 0.2485 0.1853 0.3963 0.1700 
        H545  2 0.1449 0.2952 0.3359 0.2240 
        H546  2 0.3447 0.1913 0.2408 0.2232 
        H547  2 0.1437 0.3444 0.3021 0.2098 
        H548  2 0.1956 0.3282 0.2128 0.2634 
        H549  2 0.1782 0.2755 0.2663 0.2800 
        H620  2 0.4960 0.1619 0.1475 0.1946 
        H623  2 0.1910 0.2628 0.3247 0.2214 
        H624  2 0.3364 0.1607 0.3195 0.1834 
        H625  2 0.1878 0.2634 0.2453 0.3035 
        H626  2 0.2314 0.3069 0.2115 0.2503 
        H654  2 0.5331 0.1374 0.1628 0.1667 
        H655  2 0.3074 0.2404 0.2217 0.2305 
        H656  2 0.4767 0.1451 0.1646 0.2136 
        H666  2 0.4754 0.1586 0.1959 0.1701 
        H667  2 0.2122 0.2434 0.2464 0.2980 
        H677  2 0.2107 0.2584 0.2740 0.2568 
        H693  2 0.3755 0.1733 0.1647 0.2865 
        H694  2 0.1899 0.2912 0.3160 0.2028 
        H701  2 0.1822 0.3330 0.2413 0.2435 
        H702  2 0.2478 0.2705 0.1996 0.2822 
        H731  2 0.3196 0.2088 0.2133 0.2583 
       H7359  2 0.2117 0.2990 0.2537 0.2356 
       H7389  2 0.1903 0.2676 0.2796 0.2626 
       H7390  2 0.3802 0.2094 0.1812 0.2293 
       H7391  2 0.1750 0.3019 0.1702 0.3529 
       H7392  2 0.2484 0.1978 0.3001 0.2537 
       H7393  2 0.3017 0.2545 0.2036 0.2402 
       H7398  2 0.2135 0.3066 0.1765 0.3034 
       H7399  2 0.1613 0.2421 0.3050 0.2916 
       H7400  2 0.5379 0.1458 0.1619 0.1543 
        H745  2 0.1651 0.1994 0.4445 0.1910 
        H746  2 0.1693 0.2426 0.3047 0.2835 
        H747  2 0.3131 0.2442 0.1965 0.2462 
        H748  2 0.2357 0.3000 0.2281 0.2362 
       H7484  2 0.4207 0.1942 0.1875 0.1976 
       H7485  2 0.1985 0.2521 0.2902 0.2592 
        H749  2 0.1639 0.2928 0.2881 0.2552 
        H930  2 0.1440 0.3620 0.2760 0.2181 
        H931  2 0.2166 0.2536 0.2421 0.2877 
        H932  2 0.2488 0.2487 0.2698 0.2327 
        H111  3 0.1667 0.2978 0.3271 0.2084 
        H951  3 0.1736 0.2962 0.2788 0.2515 
        H952  3 0.2247 0.2281 0.3364 0.2109 
        H953  3 0.1613 0.3060 0.2288 0.3039 
        H954  3 0.3855 0.2124 0.1881 0.2140 
        H955  3 0.1547 0.3195 0.2874 0.2384 
        H956  3 0.2265 0.2898 0.1987 0.2850 
       H9563  3 0.2560 0.2695 0.1867 0.2879 
        H002  4 0.3854 0.1677 0.2530 0.1939 
        H003  4 0.1732 0.2305 0.2890 0.3073 
        H009  4 0.1794 0.2284 0.3712 0.2211 
        H010  4 0.2082 0.2730 0.2524 0.2665 
        H011  4 0.4216 0.1612 0.1695 0.2477 
        H012  4 0.1886 0.2931 0.2079 0.3105 
        H013  4 0.2926 0.2107 0.1910 0.3057 
        H014  4 0.2488 0.2384 0.2830 0.2298 
        H045  4 0.2735 0.2435 0.1714 0.3116 
        H046  4 0.1636 0.2379 0.3340 0.2646 
        H051  4 0.3280 0.2021 0.1825 0.2874 
        H052  4 0.3321 0.1895 0.2903 0.1881 
        H053  4 0.2859 0.2476 0.2198 0.2467 
        H056  4 0.3748 0.1941 0.2296 0.2015 
        H076  4 0.1709 0.2469 0.3206 0.2616 
        H151  4 0.4555 0.1514 0.2124 0.1807 
        H152  4 0.3743 0.1664 0.2856 0.1737 
     H171803  4 0.3007 0.2198 0.1972 0.2823 
     H171804  4 0.2828 0.2633 0.1842 0.2697 
     H171833  4 0.1791 0.2239 0.3844 0.2127 
     H171855  4 0.4323 0.1637 0.2231 0.1809 
     H171856  4 0.2352 0.2878 0.2171 0.2600 
     H171857  4 0.3537 0.2080 0.2379 0.2004 
     H171858  4 0.2616 0.2380 0.2753 0.2252 
     H171859  4 0.2523 0.2372 0.2536 0.2569 
     H171961  4 0.3323 0.1902 0.2117 0.2658 
        H198  4 0.1398 0.2847 0.3074 0.2680 
      H20001  4 0.2005 0.2367 0.3570 0.2058 
        H403  4 0.2661 0.2472 0.2534 0.2333 
        H404  4 0.1779 0.2757 0.2409 0.3055 
        H405  4 0.1678 0.2872 0.2724 0.2726 
        H406  4 0.2162 0.2672 0.3414 0.1752 
        H407  4 0.2413 0.2873 0.2122 0.2591 
        H410  4 0.1376 0.3811 0.2220 0.2594 
        H411  4 0.2149 0.2631 0.3269 0.1951 
        H468  4 0.2138 0.2653 0.2832 0.2377 
        H476  4 0.2526 0.2849 0.2263 0.2362 
        H477  4 0.1569 0.2432 0.3903 0.2096 
        H478  4 0.1840 0.2661 0.2362 0.3137 
        H479  4 0.3020 0.2146 0.2189 0.2645 
        H480  4 0.1647 0.3077 0.2790 0.2486 
        H498  4 0.2322 0.2251 0.2775 0.2652 
        H499  4 0.2575 0.2495 0.2467 0.2464 
        H500  4 0.3397 0.2429 0.1685 0.2489 
        H515  4 0.3106 0.2522 0.2004 0.2367 
        H516  4 0.2720 0.2429 0.2809 0.2042 
        H517  4 0.2045 0.3158 0.2430 0.2367 
        H518  4 0.3036 0.2121 0.2908 0.1935 
        H520  4 0.3022 0.2306 0.2230 0.2442 
        H521  4 0.1959 0.2489 0.2531 0.3021 
        H522  4 0.2460 0.2468 0.2327 0.2745 
        H523  4 0.2676 0.2705 0.2216 0.2403 
        H536  4 0.2005 0.2332 0.2939 0.2724 
        H645  4 0.2672 0.2289 0.1710 0.3328 
        H646  4 0.1518 0.3237 0.3105 0.2139 
        H647  4 0.2074 0.2589 0.3034 0.2303 
        H657  4 0.1547 0.3118 0.2541 0.2794 
        H658  4 0.2376 0.3051 0.2079 0.2494 
        H659  4 0.4645 0.1574 0.1688 0.2093 
        H660  4 0.2947 0.2367 0.2352 0.2335 
        H661  4 0.3625 0.1833 0.2363 0.2179 
        H668  4 0.1850 0.2950 0.2129 0.3070 
        H669  4 0.2543 0.2630 0.2078 0.2748 
        H670  4 0.3051 0.2072 0.1680 0.3197 
        H678  4 0.2243 0.2866 0.2363 0.2528 
        H679  4 0.1612 0.3575 0.2503 0.2310 
        H680  4 0.2264 0.2292 0.3046 0.2399 
        H681  4 0.2842 0.2319 0.2030 0.2809 
        H682  4 0.1670 0.3476 0.1871 0.2983 
        H683  4 0.3142 0.2055 0.2950 0.1852 
        H718  4 0.3991 0.1821 0.2067 0.2121 
        H719  4 0.2672 0.2234 0.1998 0.3096 
        H720  4 0.3021 0.1844 0.2901 0.2233 
        H721  4 0.2800 0.2075 0.3039 0.2086 
        H722  4 0.3256 0.1575 0.3314 0.1855 
        H723  4 0.3441 0.2226 0.1712 0.2620 
        H724  4 0.4288 0.1880 0.1778 0.2053 
        H725  4 0.4192 0.1753 0.1937 0.2118 
        H726  4 0.3866 0.2001 0.2026 0.2107 
        H727  4 0.3257 0.2291 0.1882 0.2570 
        H910  4 0.2937 0.2554 0.1903 0.2605 
        H911  4 0.1830 0.3074 0.2774 0.2322 
        H912  4 0.2715 0.2522 0.2651 0.2112 
        H913  4 0.2787 0.2447 0.2103 0.2664 
        H914  4 0.3370 0.2226 0.1685 0.2719 
        H915  4 0.2419 0.3053 0.2101 0.2426 
        H916  4 0.2216 0.2867 0.2703 0.2215 
       H9572  4 0.2572 0.2365 0.2266 0.2798 
        H015  5 0.1747 0.2801 0.3072 0.2380 
        H016  5 0.1761 0.2188 0.3962 0.2088 
        H017  5 0.2400 0.2311 0.2975 0.2313 
        H019  5 0.2242 0.2361 0.2989 0.2409 
        H020  5 0.2827 0.2100 0.2777 0.2295 
        H032  5 0.2743 0.2674 0.2392 0.2191 
        H033  5 0.1839 0.2830 0.2290 0.3041 
        H034  5 0.3639 0.2054 0.1838 0.2468 
        H035  5 0.2116 0.2704 0.2526 0.2655 
        H036  5 0.1714 0.3009 0.2646 0.2632 
        H037  5 0.2928 0.2306 0.2100 0.2666 
        H048  5 0.3333 0.2071 0.1762 0.2834 
        H049  5 0.2361 0.2167 0.3375 0.2096 
        H054  5 0.2523 0.2419 0.2681 0.2377 
        H055  5 0.3441 0.1695 0.2369 0.2496 
        H057  5 0.2489 0.1736 0.3871 0.1904 
        H060  5 0.3475 0.1668 0.2669 0.2188 
        H061  5 0.1979 0.2677 0.2642 0.2701 
        H064  5 0.3053 0.1850 0.2519 0.2578 
        H070  5 0.3177 0.2261 0.1833 0.2729 
        H077  5 0.4280 0.1870 0.1915 0.1935 
        H078  5 0.3231 0.2105 0.2592 0.2072 
        H079  5 0.1490 0.3352 0.2203 0.2955 
        H097  5 0.2867 0.2074 0.3334 0.1725 
        H107  5 0.4554 0.1444 0.1538 0.2463 
        H122  5 0.2090 0.2451 0.2904 0.2555 
        H123  5 0.1574 0.3034 0.3027 0.2364 
        H124  5 0.1704 0.3037 0.2568 0.2691 
        H131  5 0.1813 0.3039 0.2604 0.2544 
        H132  5 0.2751 0.2345 0.2250 0.2654 
        H141  5 0.2756 0.2363 0.2239 0.2642 
        H142  5 0.1656 0.2943 0.2595 0.2805 
        H157  5 0.3388 0.1929 0.1878 0.2805 
        H158  5 0.1666 0.2532 0.3813 0.1989 
        H159  5 0.1652 0.3066 0.2536 0.2746 
        H160  5 0.2064 0.2652 0.2515 0.2770 
        H163  5 0.2039 0.2932 0.2626 0.2402 
        H164  5 0.2244 0.2312 0.2680 0.2764 
        H165  5 0.1470 0.3055 0.2254 0.3221 
        H166  5 0.1905 0.2389 0.2935 0.2771 
        H169  5 0.2306 0.2415 0.2475 0.2804 
     H169613  5 0.2752 0.2408 0.2624 0.2215 
     H169653  5 0.1955 0.2492 0.3032 0.2520 
     H169728  5 0.1934 0.3138 0.2582 0.2346 
     H169742  5 0.2477 0.2309 0.2141 0.3072 
        H170  5 0.2339 0.1988 0.3652 0.2021 
        H171  5 0.2126 0.2078 0.3639 0.2157 
     H171851  5 0.2494 0.2157 0.3022 0.2328 
     H171852  5 0.3291 0.2021 0.2711 0.1977 
     H171853  5 0.2830 0.2587 0.1887 0.2696 
     H171854  5 0.2461 0.2949 0.2454 0.2137 
     H171938  5 0.2344 0.2714 0.1825 0.3118 
     H171939  5 0.1742 0.2247 0.3662 0.2348 
     H171941  5 0.4217 0.1463 0.1845 0.2476 
     H171965  5 0.1999 0.2309 0.3154 0.2537 
     H171970  5 0.4706 0.1520 0.1780 0.1994 
     H171973  5 0.1667 0.3191 0.2177 0.2965 
     H171974  5 0.2578 0.2442 0.2013 0.2967 
     H171975  5 0.3028 0.2064 0.2179 0.2729 
     H171976  5 0.2423 0.2402 0.3343 0.1831 
        H175  5 0.3238 0.2244 0.1960 0.2558 
        H178  5 0.2857 0.1955 0.2480 0.2708 
        H189  5 0.1472 0.2894 0.3243 0.2390 
        H399  5 0.2010 0.2187 0.3752 0.2052 
        H416  5 0.2659 0.2469 0.2359 0.2513 
        H438  5 0.2251 0.2946 0.1897 0.2907 
        H450  5 0.4226 0.1661 0.2019 0.2094 
        H455  5 0.4244 0.1512 0.1662 0.2582 
        H456  5 0.2320 0.2525 0.2182 0.2974 
        H457  5 0.3708 0.1806 0.2724 0.1762 
        H458  5 0.3118 0.2049 0.2137 0.2696 
        H459  5 0.1542 0.2899 0.2752 0.2806 
        H460  5 0.2387 0.2731 0.2132 0.2750 
        H461  5 0.2442 0.2507 0.3294 0.1757 
        H462  5 0.1775 0.3391 0.2338 0.2496 
        H469  5 0.1763 0.3364 0.2241 0.2631 
        H470  5 0.2641 0.2510 0.2254 0.2596 
        H471  5 0.1423 0.2857 0.3534 0.2185 
        H481  5 0.4399 0.1772 0.1778 0.2051 
        H482  5 0.3405 0.2162 0.2180 0.2253 
        H501  5 0.2432 0.2582 0.2212 0.2774 
        H502  5 0.1661 0.2564 0.3333 0.2441 
        H503  5 0.1836 0.2684 0.3100 0.2380 
        H509  5 0.3186 0.2263 0.1894 0.2657 
        H510  5 0.2701 0.2068 0.2580 0.2651 
        H511  5 0.2057 0.2446 0.2991 0.2506 
        H530  5 0.2612 0.2511 0.1859 0.3017 
        H531  5 0.3417 0.2151 0.2305 0.2127 
        H564  5 0.3101 0.2215 0.2242 0.2442 
        H565  5 0.4200 0.1758 0.2108 0.1933 
        H567  5 0.1399 0.3513 0.2898 0.2191 
     H568???  5 0.1738 0.2573 0.3461 0.2228 
        H608  5 0.4190 0.1771 0.1980 0.2060 
        H609  5 0.2152 0.2450 0.2095 0.3303 
        H612  5 0.3928 0.2012 0.1479 0.2582 
        H614  5 0.3999 0.1730 0.2286 0.1985 
        H615  5 0.3335 0.2084 0.2622 0.1959 
        H616  5 0.4778 0.1542 0.1421 0.2259 
        H617  5 0.1516 0.3173 0.2357 0.2954 
        H618  5 0.3657 0.1972 0.1889 0.2482 
        H619  5 0.2105 0.2274 0.2254 0.3366 
        H635  5 0.2486 0.2537 0.2442 0.2534 
        H636  5 0.1965 0.2929 0.1853 0.3252 
        H637  5 0.3013 0.2207 0.2378 0.2402 
        H644  5 0.1160 0.2464 0.4378 0.1998 
        H711  5 0.2275 0.2009 0.3724 0.1992 
        H712  5 0.2910 0.2051 0.1915 0.3125 
       H7360  5 0.2600 0.2024 0.2968 0.2408 
       H7361  5 0.3727 0.2029 0.2154 0.2090 
       H7362  5 0.1245 0.2619 0.4099 0.2037 
       H7363  5 0.3139 0.2323 0.2596 0.1942 
       H7394  5 0.1865 0.3281 0.2512 0.2342 
       H7395  5 0.2659 0.2035 0.2399 0.2907 
       H7396  5 0.2159 0.2785 0.2376 0.2680 
        H742  5 0.2547 0.2334 0.2054 0.3065 
        H743  5 0.2439 0.2441 0.2712 0.2409 
        H744  5 0.3893 0.2129 0.1694 0.2283 
        H957  5 0.2496 0.2377 0.2935 0.2192 
        H958  5 0.1762 0.3326 0.2253 0.2659 
        H959  5 0.3809 0.1892 0.1674 0.2625 
        H960  5 0.2224 0.2847 0.2154 0.2776 
      H_PALI  6 0.2363 0.2629 0.2549 0.2458 
        H581  6 0.2897 0.2420 0.2453 0.2230 
        H582  6 0.4252 0.1636 0.2030 0.2083 
        H583  6 0.2691 0.2432 0.2419 0.2458 
        H595  6 0.1354 0.3684 0.2628 0.2334 
        H596  6 0.1463 0.3639 0.2415 0.2483 
        H597  6 0.1692 0.2506 0.3586 0.2216 
        H598  6 0.2530 0.2729 0.2036 0.2705 
        H599  6 0.3367 0.1949 0.2147 0.2537 
        H642  6 0.1835 0.2804 0.3088 0.2274 
        H643  6 0.2313 0.2852 0.2075 0.2760 
        H664  6 0.3508 0.1972 0.2328 0.2192 
        H665  6 0.2348 0.2797 0.1833 0.3021 
        H674  6 0.1423 0.2277 0.4323 0.1976 
        H675  6 0.2933 0.2162 0.2800 0.2105 
        H676  6 0.2093 0.3084 0.2661 0.2162 
        H686  6 0.2252 0.2501 0.2571 0.2676 
        H687  6 0.2301 0.2812 0.2461 0.2426 
        H917  6 0.1447 0.3599 0.2102 0.2852 
        H918  6 0.1924 0.2304 0.2420 0.3351 
        H919  6 0.3946 0.2027 0.1586 0.2440 
        H920  6 0.3314 0.2178 0.2282 0.2227 
        H631  7 0.3250 0.1963 0.2309 0.2478 
        H684  7 0.1844 0.2084 0.3994 0.2078 
        H685  7 0.3227 0.2600 0.1712 0.2461 
        H713  7 0.3509 0.1994 0.1752 0.2745 
        H715  7 0.2198 0.2168 0.3657 0.1977 
        H716  7 0.3067 0.1723 0.2413 0.2797 
        H717  7 0.2767 0.2096 0.2548 0.2589 
        H729  7 0.1347 0.3530 0.2077 0.3047 
        H730  7 0.2224 0.2619 0.1907 0.3250 
        H431  8 0.3289 0.2471 0.1935 0.2305 
        H432  8 0.1488 0.2481 0.3726 0.2306 
        H433  8 0.1894 0.3124 0.2148 0.2834 
        H434  8 0.1861 0.2770 0.2557 0.2813 
        H444  8 0.2122 0.2421 0.2158 0.3299 
        H454  8 0.4000 0.1734 0.1683 0.2583 
        H475  8 0.4672 0.1774 0.1672 0.1882 
        H491  8 0.3379 0.1672 0.2280 0.2669 
        H492  8 0.3047 0.2393 0.2042 0.2518 
        H493  8 0.2139 0.2460 0.3041 0.2359 
        H494  8 0.2626 0.2661 0.2243 0.2470 
        H495  8 0.4090 0.1519 0.2575 0.1816 
        H662  8 0.1958 0.2297 0.3221 0.2525 
        H663  8 0.2467 0.2698 0.2417 0.2419 
        H695  8 0.2459 0.2791 0.2211 0.2539 
       H7367  8 0.1495 0.3701 0.2386 0.2418 
       H7368  8 0.2021 0.2649 0.2932 0.2398 
       H7369  8 0.2400 0.2419 0.2116 0.3066 
       H7370  8 0.1199 0.4302 0.2138 0.2362 
       H7371  8 0.1828 0.3213 0.1990 0.2969 
        H600  9 0.3550 0.2002 0.2124 0.2323 
        H648  9 0.2586 0.2250 0.3011 0.2153 
        H696  9 0.1220 0.2830 0.3754 0.2197 
        H697  9 0.2195 0.2598 0.2408 0.2800 
        H698  9 0.1895 0.3105 0.2489 0.2511 
        H699  9 0.2418 0.2504 0.2610 0.2468 
        H700  9 0.3414 0.1938 0.1966 0.2681 
        H732  9 0.3799 0.1738 0.2322 0.2142 
        H733  9 0.1571 0.3644 0.2293 0.2493 
        H734  9 0.1438 0.3318 0.2877 0.2367 
        H735  9 0.1895 0.2887 0.2701 0.2517 
        H736  9 0.2513 0.2462 0.2550 0.2474 
        H737  9 0.2843 0.2261 0.2374 0.2522 
        H905  9 0.3556 0.2007 0.1932 0.2505 
        H921  9 0.2790 0.2487 0.1811 0.2912 
        H922  9 0.1367 0.3379 0.2352 0.2902 
     H169705 10 0.1798 0.3487 0.2067 0.2648 
     H171942 10 0.1447 0.2465 0.3729 0.2358 
     H171943 10 0.1950 0.2768 0.2708 0.2574 
     H171944 10 0.2127 0.3093 0.2089 0.2691 
     H171946 10 0.3184 0.1945 0.2669 0.2202 
     H171947 10 0.2082 0.2784 0.2577 0.2558 
     H229641 10 0.2562 0.2743 0.2386 0.2309 
      H30001 10 0.2674 0.2713 0.2023 0.2590 
      H30002 10 0.2349 0.2425 0.2366 0.2860 
      H30005 10 0.1911 0.3218 0.2466 0.2405 
      H30006 10 0.1825 0.3004 0.3066 0.2104 
      H30007 10 0.1415 0.1974 0.4762 0.1848 
        H451 10 0.1789 0.2788 0.2618 0.2805 
        H452 10 0.1969 0.3221 0.2485 0.2325 
        H453 10 0.4123 0.1483 0.2538 0.1856 
        H473 10 0.3089 0.2021 0.2604 0.2286 
        H474 10 0.4208 0.1894 0.2010 0.1888 
        H486 10 0.2921 0.2507 0.2139 0.2434 
        H487 10 0.3143 0.2534 0.2246 0.2078 
        H488 10 0.2741 0.2317 0.1797 0.3145 
        H489 10 0.3733 0.2338 0.1804 0.2125 
        H550 10 0.1702 0.2509 0.3574 0.2215 
        H551 10 0.2213 0.3113 0.1957 0.2718 
        H553 10 0.3200 0.2465 0.2209 0.2127 
        H554 10 0.1931 0.2379 0.2962 0.2728 
        H556 10 0.2310 0.2275 0.2991 0.2424 
        H580 10 0.1942 0.2695 0.2632 0.2730 
        H591 10 0.4420 0.1805 0.1671 0.2104 
        H592 10 0.2694 0.2752 0.2064 0.2490 
        H593 10 0.2249 0.2492 0.2603 0.2656 
        H594 10 0.1248 0.2783 0.3601 0.2368 
        H627 10 0.2542 0.2622 0.2525 0.2311 
        H628 10 0.1346 0.2713 0.2416 0.3525 
        H629 10 0.2448 0.2450 0.2677 0.2425 
        H630 10 0.2209 0.2986 0.2278 0.2527 
        H638 10 0.1995 0.3327 0.2262 0.2416 
        H639 10 0.3691 0.1995 0.2406 0.1908 
        H640 10 0.1677 0.3143 0.2685 0.2495 
        H704 10 0.1764 0.2178 0.3673 0.2385 
        H705 10 0.1819 0.3656 0.1959 0.2566 
        H706 10 0.3143 0.2287 0.1772 0.2798 
        H708 10 0.3752 0.1958 0.1914 0.2376 
       H7351 10 0.2157 0.2296 0.2951 0.2595 
       H7352 10 0.2548 0.2556 0.2384 0.2512 
       H7353 10 0.1828 0.2096 0.4254 0.1822 
       H7354 10 0.3445 0.1804 0.2188 0.2563 
       H7365 10 0.3681 0.2143 0.1723 0.2453 
       H7383 10 0.3032 0.2495 0.1818 0.2655 
       H7384 10 0.2947 0.2285 0.2173 0.2595 
       H7385 10 0.3593 0.2274 0.1879 0.2255 
       H7386 10 0.2013 0.2679 0.2261 0.3047 
       H7387 10 0.2120 0.2630 0.2601 0.2649 
       H7388 10 0.2203 0.3086 0.2224 0.2488 
        H906 10 0.3401 0.1528 0.2803 0.2269 
        H907 10 0.1786 0.3348 0.2643 0.2223 
        H908 10 0.2321 0.2751 0.2276 0.2652 
        H909 10 0.2728 0.2008 0.2257 0.3007 
       H9552 10 0.2263 0.2404 0.2739 0.2593 
       H9553 10 0.2612 0.2787 0.2367 0.2235 
       H9555 10 0.1760 0.3428 0.2074 0.2738 
       H9575 10 0.3453 0.1931 0.2447 0.2169 
       H9703 10 0.4261 0.1860 0.1924 0.1955 
       H9707 10 0.3372 0.2282 0.2131 0.2215 
       HSAA4 10 0.2002 0.2672 0.2638 0.2688 
        H001 11 0.2893 0.2109 0.2340 0.2657 
        H004 11 0.2323 0.2549 0.2545 0.2583 
        H005 11 0.4484 0.1654 0.1581 0.2282 
        H006 11 0.2374 0.2798 0.2107 0.2720 
        H007 11 0.3587 0.1882 0.1567 0.2963 
        H031 11 0.4146 0.2147 0.1482 0.2225 
        H074 11 0.3411 0.2317 0.1867 0.2405 
        H075 11 0.3784 0.2048 0.1746 0.2423 
        H080 11 0.3713 0.2186 0.1860 0.2242 
        H086 11 0.2252 0.2934 0.2415 0.2399 
        H092 11 0.3124 0.2560 0.1926 0.2390 
        H093 11 0.1447 0.2368 0.3785 0.2400 
        H094 11 0.1854 0.3135 0.2457 0.2554 
        H095 11 0.3328 0.2045 0.2270 0.2357 
        H096 11 0.3106 0.2137 0.1861 0.2895 
        H099 11 0.3187 0.2323 0.2166 0.2323 
        H100 11 0.1484 0.2451 0.3244 0.2822 
        H127 11 0.2737 0.2560 0.2151 0.2552 
        H136 11 0.4175 0.1952 0.1959 0.1914 
        H153 11 0.2461 0.2559 0.2462 0.2517 
        H154 11 0.3636 0.2152 0.1882 0.2330 
        H155 11 0.1388 0.3109 0.2219 0.3283 
        H156 11 0.1240 0.3366 0.2338 0.3055 
        H161 11 0.2292 0.2143 0.3269 0.2296 
        H162 11 0.1561 0.3491 0.2387 0.2560 
        H167 11 0.2050 0.2369 0.2499 0.3082 
        H168 11 0.2276 0.2719 0.2403 0.2603 
     H169586 11 0.2974 0.1739 0.3518 0.1769 
     H169738 11 0.1535 0.3421 0.2005 0.3039 
     H169741 11 0.3132 0.2407 0.2041 0.2420 
     H171801 11 0.1783 0.2427 0.3448 0.2342 
     H171810 11 0.3327 0.2185 0.2149 0.2339 
     H171811 11 0.3728 0.1851 0.2266 0.2155 
     H171812 11 0.2618 0.2025 0.2116 0.3242 
     H171820 11 0.3553 0.1946 0.1985 0.2517 
     H171821 11 0.2016 0.2922 0.2326 0.2736 
     H171822 11 0.2064 0.3196 0.2444 0.2296 
     H171823 11 0.4231 0.1504 0.2587 0.1677 
     H171866 11 0.1887 0.2948 0.2851 0.2314 
     H171867 11 0.1830 0.3334 0.1883 0.2953 
     H171967 11 0.3305 0.2060 0.1741 0.2894 
     H171969 11 0.2380 0.2343 0.2613 0.2665 
        H172 11 0.2096 0.2796 0.2391 0.2716 
        H173 11 0.1901 0.3243 0.1780 0.3077 
        H174 11 0.1417 0.3127 0.3110 0.2345 
        H196 11 0.1595 0.3429 0.2309 0.2666 
        H197 11 0.1912 0.3097 0.2199 0.2792 
        H346 11 0.2939 0.2084 0.2033 0.2944 
        H355 11 0.2770 0.2150 0.2427 0.2652 
        H356 11 0.2617 0.2518 0.2439 0.2426 
        H357 11 0.3175 0.2508 0.1938 0.2379 
        H358 11 0.2476 0.2652 0.1928 0.2944 
        H359 11 0.2361 0.2694 0.2584 0.2361 
        H360 11 0.2493 0.2510 0.2273 0.2725 
        H361 11 0.2249 0.2580 0.2495 0.2676 
        H362 11 0.1336 0.3830 0.2428 0.2406 
        H363 11 0.3609 0.2121 0.1795 0.2476 
        H364 11 0.2628 0.2087 0.2810 0.2476 
        H365 11 0.1964 0.2502 0.2765 0.2769 
        H366 11 0.1675 0.3022 0.2302 0.3000 
        H367 11 0.3811 0.2009 0.1828 0.2352 
        H368 11 0.1565 0.2914 0.2931 0.2590 
        H369 11 0.3897 0.2051 0.1559 0.2493 
        H370 11 0.1805 0.2981 0.2446 0.2768 
        H371 11 0.2254 0.2886 0.2331 0.2529 
        H372 11 0.2136 0.2761 0.2498 0.2605 
        H373 11 0.2593 0.2423 0.2386 0.2598 
        H374 11 0.3294 0.1934 0.2078 0.2694 
        H375 11 0.2615 0.2391 0.2159 0.2835 
        H376 11 0.1851 0.2447 0.3048 0.2654 
        H377 11 0.2714 0.2791 0.1951 0.2544 
        H378 11 0.2873 0.2222 0.2622 0.2284 
        H379 11 0.2206 0.3014 0.2343 0.2437 
        H380 11 0.1615 0.3010 0.2113 0.3262 
        H381 11 0.3557 0.1968 0.2352 0.2124 
        H382 11 0.1224 0.3613 0.2589 0.2574 
        H383 11 0.1671 0.2337 0.3250 0.2742 
        H384 11 0.3274 0.2081 0.2286 0.2359 
        H385 11 0.3112 0.2511 0.2008 0.2370 
        H386 11 0.1977 0.2819 0.1920 0.3284 
        H387 11 0.2487 0.1655 0.4103 0.1755 
        H388 11 0.1434 0.3102 0.2731 0.2733 
        H389 11 0.2399 0.2672 0.1888 0.3041 
        H390 11 0.1931 0.2759 0.2381 0.2928 
        H391 11 0.1768 0.2776 0.3207 0.2249 
        H392 11 0.3957 0.1723 0.1916 0.2404 
        H393 11 0.1647 0.2088 0.3455 0.2811 
        H394 11 0.1671 0.2158 0.3977 0.2194 
        H395 11 0.3520 0.2202 0.1869 0.2409 
        H408 11 0.2626 0.2318 0.1985 0.3071 
        H412 11 0.3524 0.1850 0.2272 0.2353 
        H417 11 0.2750 0.2426 0.2293 0.2531 
        H418 11 0.2696 0.2318 0.2770 0.2216 
        H429 11 0.2120 0.2361 0.2479 0.3039 
        H430 11 0.1685 0.3026 0.2313 0.2976 
        H439 11 0.2508 0.2744 0.2068 0.2680 
        H440 11 0.4287 0.1767 0.1876 0.2071 
        H441 11 0.1748 0.3259 0.2160 0.2833 
        H442 11 0.1838 0.2931 0.2603 0.2628 
        H446 11 0.2188 0.2510 0.2931 0.2371 
        H447 11 0.1629 0.3201 0.2186 0.2984 
        H448 11 0.1922 0.3329 0.1873 0.2876 
        H534 11 0.4601 0.1459 0.2117 0.1823 
        H537 11 0.3695 0.1693 0.2329 0.2283 
        H568 11 0.4783 0.1924 0.1658 0.1634 
        H569 11 0.1119 0.3983 0.2255 0.2644 
        H586 11 0.2930 0.1775 0.3527 0.1768 
        H587 11 0.4168 0.1753 0.1765 0.2315 
        H588 11 0.1705 0.2241 0.4026 0.2028 
        H589 11 0.4282 0.1703 0.1870 0.2145 
        H590 11 0.3679 0.1913 0.2212 0.2196 
        H601 11 0.1518 0.3130 0.2798 0.2554 
        H602 11 0.2989 0.2691 0.1934 0.2385 
        H603 11 0.1896 0.2841 0.2131 0.3132 
        H610 11 0.2776 0.2672 0.2152 0.2400 
        H611 11 0.2808 0.2892 0.1939 0.2361 
        H649 11 0.2523 0.2352 0.2537 0.2588 
        H650 11 0.1680 0.3306 0.2862 0.2152 
        H651 11 0.2181 0.2721 0.1932 0.3166 
        H652 11 0.2742 0.2247 0.3030 0.1980 
       H7364 11 0.1933 0.2819 0.2508 0.2741 
       H7366 11 0.2647 0.2596 0.2025 0.2731 
       H7378 11 0.1079 0.2848 0.4282 0.1791 
       H7379 11 0.2485 0.2801 0.2442 0.2272 
        H739 11 0.3311 0.2379 0.2027 0.2283 
        H740 11 0.1992 0.2948 0.2899 0.2161 
        H741 11 0.3179 0.2461 0.1946 0.2414 
        H926 11 0.2199 0.2893 0.2762 0.2146 
        H927 11 0.1631 0.3614 0.2187 0.2568 
        H928 11 0.2145 0.3312 0.2178 0.2366 
       H9560 11 0.2057 0.2988 0.2720 0.2235 
        H409 12 0.1766 0.2937 0.2223 0.3074 
        H413 12 0.1554 0.2165 0.4244 0.2037 
        H419 12 0.2035 0.2969 0.2188 0.2808 
        H420 12 0.3051 0.2136 0.2303 0.2509 
        H421 12 0.1410 0.2613 0.3427 0.2550 
        H435 12 0.1860 0.2399 0.3110 0.2632 
        H436 12 0.2320 0.2500 0.1875 0.3306 
        H437 12 0.3816 0.1790 0.2337 0.2057 
        H445 12 0.1866 0.2736 0.2179 0.3219 
        H449 12 0.2106 0.2273 0.3198 0.2423 
        H463 12 0.3378 0.2025 0.2356 0.2241 
        H464 12 0.1668 0.2449 0.3673 0.2210 
        H465 12 0.2320 0.2071 0.3726 0.1883 
        H490 12 0.1600 0.2699 0.3547 0.2154 
        H561 12 0.2441 0.2731 0.2518 0.2309 
        H562 12 0.2241 0.2445 0.1866 0.3448 
        H563 12 0.2576 0.2700 0.1867 0.2857 
        H570 12 0.3321 0.2107 0.1795 0.2777 
        H571 12 0.2204 0.2329 0.3043 0.2424 
        H572 12 0.2553 0.2323 0.2274 0.2850 
        H573 12 0.1566 0.3034 0.2349 0.3051 
       H7372 12 0.1198 0.3116 0.2467 0.3219 
       H7373 12 0.1569 0.2004 0.4442 0.1986 
       H7374 12 0.3495 0.1670 0.2255 0.2579 
       H7375 12 0.2913 0.2411 0.2036 0.2639 
       H7376 12 0.1478 0.2740 0.2023 0.3759 
       H7377 12 0.3059 0.2613 0.1961 0.2367 
