        H102  1 0.3714 0.2783 0.3503 
        H103  1 0.2415 0.4397 0.3188 
        H104  1 0.4216 0.2446 0.3338 
        H105  1 0.2947 0.2747 0.4306 
        H106  1 0.3453 0.3262 0.3285 
        H112  1 0.4065 0.2593 0.3343 
        H113  1 0.3024 0.2847 0.4129 
        H114  1 0.2626 0.2874 0.4500 
        H115  1 0.3821 0.2277 0.3902 
        H143  1 0.3037 0.3019 0.3943 
        H144  1 0.2187 0.3961 0.3851 
        H145  1 0.2275 0.4352 0.3374 
        H149  1 0.4197 0.2658 0.3145 
        H150  1 0.3380 0.3288 0.3332 
     H167542  1 0.2775 0.2624 0.4600 
     H169604  1 0.2942 0.3022 0.4036 
     H169607  1 0.2389 0.3594 0.4017 
     H169608  1 0.4532 0.2738 0.2729 
     H169633  1 0.2423 0.3107 0.4469 
     H169688  1 0.2830 0.4384 0.2786 
     H169714  1 0.4006 0.2899 0.3095 
     H171802  1 0.4193 0.3086 0.2722 
     H171805  1 0.2818 0.3538 0.3644 
     H171807  1 0.3593 0.3257 0.3150 
     H171814  1 0.2377 0.4528 0.3095 
     H171816  1 0.3812 0.3072 0.3117 
     H171817  1 0.3688 0.2854 0.3458 
     H171818  1 0.3116 0.3249 0.3635 
     H171819  1 0.3569 0.3109 0.3321 
     H171834  1 0.3260 0.3021 0.3719 
     H171835  1 0.4665 0.2813 0.2521 
     H171836  1 0.1966 0.3938 0.4096 
     H171837  1 0.3707 0.2834 0.3459 
     H171838  1 0.2734 0.4076 0.3190 
     H171839  1 0.3736 0.2728 0.3536 
     H171841  1 0.4823 0.2962 0.2215 
     H171860  1 0.3228 0.2958 0.3814 
     H171861  1 0.2050 0.3343 0.4606 
     H171862  1 0.3276 0.3257 0.3467 
     H171868  1 0.2876 0.2572 0.4551 
     H171869  1 0.2909 0.4123 0.2969 
     H171870  1 0.3388 0.3738 0.2874 
     H171871  1 0.2849 0.3923 0.3228 
     H171872  1 0.3673 0.2695 0.3632 
     H171873  1 0.3452 0.3871 0.2677 
     H171874  1 0.2851 0.3588 0.3561 
     H171875  1 0.2191 0.3526 0.4282 
     H171876  1 0.2772 0.3337 0.3892 
     H171877  1 0.2859 0.2484 0.4658 
     H171878  1 0.3648 0.3877 0.2475 
     H171901  1 0.4075 0.3060 0.2865 
     H171902  1 0.3084 0.3754 0.3163 
     H171903  1 0.3311 0.3111 0.3578 
     H171935  1 0.3910 0.3667 0.2423 
     H171936  1 0.2600 0.3143 0.4256 
     H171940  1 0.3579 0.2969 0.3452 
     H171945  1 0.3253 0.3619 0.3128 
     H171948  1 0.3834 0.2601 0.3565 
     H171949  1 0.4283 0.2824 0.2894 
     H171950  1 0.4919 0.2694 0.2388 
     H171963  1 0.2611 0.4197 0.3192 
     H171964  1 0.2729 0.4503 0.2768 
     H171966  1 0.3338 0.3454 0.3208 
     H171968  1 0.3542 0.3350 0.3107 
     H171971  1 0.3353 0.3871 0.2776 
     H171972  1 0.2628 0.4122 0.3249 
     H171977  1 0.2589 0.4318 0.3092 
     H171978  1 0.3868 0.3284 0.2848 
     H171979  1 0.2186 0.3903 0.3911 
        H176  1 0.2921 0.3246 0.3833 
        H177  1 0.4503 0.2444 0.3053 
        H179  1 0.3983 0.2415 0.3602 
        H181  1 0.2450 0.3949 0.3602 
        H182  1 0.2373 0.3727 0.3900 
        H183  1 0.2620 0.4378 0.3002 
        H184  1 0.3698 0.2713 0.3589 
        H185  1 0.2481 0.3614 0.3905 
        H186  1 0.3635 0.3428 0.2937 
        H187  1 0.3331 0.3422 0.3248 
        H188  1 0.3584 0.2613 0.3803 
        H192  1 0.4094 0.2829 0.3077 
        H193  1 0.2462 0.4013 0.3525 
        H194  1 0.3349 0.2850 0.3801 
        H195  1 0.2506 0.4649 0.2845 
        H199  1 0.2703 0.4326 0.2971 
        H200  1 0.3688 0.3060 0.3252 
        H414  1 0.3093 0.3556 0.3351 
        H415  1 0.2791 0.3211 0.3997 
        H422  1 0.3529 0.3534 0.2937 
        H423  1 0.4938 0.2495 0.2567 
        H424  1 0.2409 0.3997 0.3594 
        H425  1 0.2517 0.4341 0.3142 
        H426  1 0.2877 0.4609 0.2514 
        H443  1 0.2650 0.3914 0.3436 
        H466  1 0.3470 0.3057 0.3474 
        H467  1 0.4413 0.3046 0.2541 
        H472  1 0.3007 0.3383 0.3610 
        H483  1 0.2413 0.3346 0.4241 
        H504  1 0.2505 0.4522 0.2973 
        H505  1 0.3673 0.3043 0.3284 
        H506  1 0.3276 0.3598 0.3126 
        H507  1 0.2056 0.3752 0.4192 
        H508  1 0.3715 0.3459 0.2826 
        H524  1 0.2396 0.3562 0.4042 
        H525  1 0.2935 0.3595 0.3469 
        H526  1 0.2614 0.2839 0.4547 
        H527  1 0.3940 0.2855 0.3205 
        H528  1 0.2407 0.3799 0.3794 
        H529  1 0.2233 0.3754 0.4013 
        H533  1 0.2315 0.3668 0.4017 
        H538  1 0.3312 0.2871 0.3818 
        H539  1 0.2958 0.4024 0.3018 
        H540  1 0.3141 0.3186 0.3673 
        H541  1 0.2938 0.2967 0.4094 
        H558  1 0.2891 0.4363 0.2746 
        H559  1 0.3264 0.3187 0.3549 
        H579  1 0.2788 0.3592 0.3620 
        H584  1 0.2805 0.4070 0.3124 
        H585  1 0.2815 0.3639 0.3546 
        H605  1 0.3400 0.3199 0.3401 
        H606  1 0.4349 0.2638 0.3013 
        H632  1 0.2660 0.4265 0.3074 
        H634  1 0.3029 0.3571 0.3401 
        H671  1 0.4353 0.2796 0.2850 
        H672  1 0.3228 0.3606 0.3166 
        H673  1 0.2699 0.3497 0.3804 
        H689  1 0.2617 0.3505 0.3877 
        H690  1 0.3917 0.2489 0.3594 
        H691  1 0.3103 0.2693 0.4204 
        H692  1 0.1850 0.3935 0.4215 
        H709  1 0.3203 0.3364 0.3433 
        H710  1 0.2221 0.3979 0.3800 
       H7355  1 0.2374 0.2995 0.4631 
       H7356  1 0.3141 0.3595 0.3264 
       H7357  1 0.3388 0.2760 0.3852 
       H7358  1 0.2584 0.3547 0.3869 
       H7380  1 0.2851 0.3250 0.3899 
       H7381  1 0.4066 0.3222 0.2712 
       H7382  1 0.2870 0.3482 0.3648 
        H904  1 0.5267 0.2092 0.2641 
        H923  1 0.3382 0.3480 0.3138 
        H924  1 0.3679 0.3078 0.3244 
        H925  1 0.2663 0.3074 0.4263 
       H9558  1 0.2734 0.4626 0.2640 
        H008  2 0.2293 0.3092 0.4615 
        H021  2 0.3964 0.2773 0.3263 
        H023  2 0.3880 0.2670 0.3450 
        H024  2 0.2339 0.4389 0.3272 
        H025  2 0.3969 0.3290 0.2741 
        H026  2 0.2451 0.4562 0.2987 
        H027  2 0.2888 0.3118 0.3994 
        H028  2 0.2629 0.3816 0.3555 
        H029  2 0.2690 0.3770 0.3540 
        H030  2 0.2494 0.4377 0.3129 
        H038  2 0.3864 0.3257 0.2879 
        H039  2 0.5882 0.2096 0.2023 
        H040  2 0.4087 0.3297 0.2616 
        H041  2 0.2935 0.2642 0.4423 
        H042  2 0.3391 0.3009 0.3600 
        H043  2 0.4508 0.3286 0.2206 
        H044  2 0.2634 0.4185 0.3181 
        H047  2 0.3980 0.3502 0.2518 
        H050  2 0.2824 0.4265 0.2910 
        H058  2 0.3914 0.3371 0.2715 
        H062  2 0.3599 0.2852 0.3550 
        H063  2 0.4317 0.2636 0.3046 
        H065  2 0.3355 0.3650 0.2995 
        H066  2 0.3048 0.4128 0.2824 
        H067  2 0.2649 0.3041 0.4310 
        H068  2 0.4457 0.3056 0.2487 
        H069  2 0.3149 0.4074 0.2777 
        H071  2 0.4039 0.2886 0.3075 
        H072  2 0.4631 0.2468 0.2902 
        H073  2 0.2797 0.3518 0.3685 
        H081  2 0.3200 0.2359 0.4441 
        H082  2 0.2279 0.4136 0.3585 
        H083  2 0.2615 0.4141 0.3244 
        H084  2 0.3549 0.3367 0.3084 
        H085  2 0.2889 0.2697 0.4414 
        H087  2 0.2830 0.2422 0.4748 
        H088  2 0.4125 0.2445 0.3429 
        H089  2 0.2665 0.3038 0.4296 
        H090  2 0.2588 0.4121 0.3290 
        H091  2 0.2441 0.3627 0.3932 
        H098  2 0.2770 0.3396 0.3834 
      H10001  2 0.5958 0.2056 0.1986 
      H10002  2 0.4088 0.2355 0.3557 
        H101  2 0.2825 0.4365 0.2810 
        H108  2 0.3754 0.2416 0.3830 
        H109  2 0.3655 0.3504 0.2841 
        H110  2 0.2596 0.2649 0.4755 
        H116  2 0.2859 0.3862 0.3280 
        H117  2 0.2581 0.2884 0.4535 
        H118  2 0.2084 0.4232 0.3684 
        H119  2 0.3962 0.2782 0.3256 
        H120  2 0.4775 0.2173 0.3051 
        H121  2 0.2626 0.3782 0.3592 
        H125  2 0.5837 0.2016 0.2146 
        H126  2 0.3032 0.3969 0.2999 
        H128  2 0.1711 0.5430 0.2860 
        H129  2 0.2258 0.4610 0.3131 
        H130  2 0.4243 0.3551 0.2205 
        H133  2 0.5039 0.2692 0.2269 
        H134  2 0.2312 0.5139 0.2549 
        H135  2 0.3384 0.2733 0.3883 
        H137  2 0.3053 0.3422 0.3525 
        H138  2 0.2648 0.4331 0.3022 
        H140  2 0.3130 0.3382 0.3488 
        H146  2 0.2735 0.4050 0.3215 
        H147  2 0.2724 0.2976 0.4300 
        H148  2 0.2776 0.2653 0.4572 
     H166022  2 0.2415 0.3390 0.4195 
     H167359  2 0.3095 0.3476 0.3429 
     H167397  2 0.1799 0.4157 0.4044 
     H167428  2 0.1927 0.3651 0.4423 
     H167496  2 0.4454 0.2209 0.3336 
     H167513  2 0.3191 0.3846 0.2963 
     H167545  2 0.2558 0.4327 0.3115 
     H167547  2 0.2329 0.5026 0.2644 
     H169621  2 0.2640 0.3828 0.3532 
     H169622  2 0.2626 0.3515 0.3858 
     H169750  2 0.4037 0.3540 0.2423 
     H171806  2 0.3583 0.3619 0.2798 
     H171808  2 0.3009 0.3554 0.3436 
     H171809  2 0.3218 0.2739 0.4043 
     H171813  2 0.3272 0.3923 0.2805 
     H171815  2 0.4872 0.2851 0.2277 
     H171824  2 0.4179 0.2268 0.3553 
     H171825  2 0.2961 0.3309 0.3730 
     H171826  2 0.3683 0.2773 0.3544 
     H171827  2 0.3581 0.3093 0.3325 
     H171828  2 0.5164 0.2034 0.2802 
     H171829  2 0.3451 0.3973 0.2575 
     H171830  2 0.3416 0.3054 0.3530 
     H171831  2 0.2289 0.4230 0.3480 
     H171832  2 0.2996 0.3564 0.3440 
     H171863  2 0.2185 0.4975 0.2840 
     H171864  2 0.2998 0.3011 0.3991 
     H171865  2 0.4496 0.2909 0.2596 
     H171879  2 0.3107 0.3822 0.3071 
     H171880  2 0.2849 0.3546 0.3604 
     H171881  2 0.2612 0.3247 0.4141 
     H171882  2 0.5243 0.2282 0.2475 
     H171929  2 0.2887 0.3105 0.4008 
     H171930  2 0.2411 0.4563 0.3026 
     H171933  2 0.2986 0.3380 0.3634 
     H171934  2 0.2810 0.2918 0.4272 
     H171937  2 0.2828 0.4301 0.2872 
     H171962  2 0.2644 0.3276 0.4080 
        H190  2 0.2549 0.3465 0.3987 
        H191  2 0.3227 0.3456 0.3317 
        H396  2 0.3144 0.2974 0.3883 
        H397  2 0.2958 0.3550 0.3492 
        H398  2 0.3538 0.3409 0.3053 
        H400  2 0.3147 0.3015 0.3838 
        H401  2 0.1970 0.4723 0.3307 
        H402  2 0.2382 0.3300 0.4318 
        H427  2 0.2928 0.2784 0.4288 
        H428  2 0.1901 0.3555 0.4544 
        H497  2 0.3749 0.3440 0.2811 
        H512  2 0.3317 0.3289 0.3394 
        H513  2 0.3205 0.3832 0.2963 
        H514  2 0.3147 0.3934 0.2919 
        H519  2 0.3309 0.3581 0.3109 
        H532  2 0.2464 0.3134 0.4402 
        H543  2 0.2606 0.3269 0.4125 
        H544  2 0.3208 0.4199 0.2593 
        H545  2 0.2393 0.4597 0.3010 
        H546  2 0.4022 0.3168 0.2810 
        H547  2 0.2320 0.4986 0.2694 
        H548  2 0.2836 0.2932 0.4232 
        H549  2 0.2741 0.4396 0.2863 
        H620  2 0.5104 0.2155 0.2740 
        H623  2 0.2714 0.4051 0.3235 
        H624  2 0.3971 0.3973 0.2057 
        H625  2 0.2714 0.3195 0.4091 
        H626  2 0.3190 0.3304 0.3506 
        H654  2 0.5502 0.2468 0.2030 
        H655  2 0.4174 0.2983 0.2843 
        H656  2 0.4542 0.2409 0.3049 
        H666  2 0.5107 0.2772 0.2121 
        H667  2 0.3068 0.3121 0.3811 
        H677  2 0.2901 0.3283 0.3815 
        H693  2 0.4018 0.2318 0.3664 
        H694  2 0.2499 0.4056 0.3445 
        H701  2 0.2622 0.3492 0.3885 
        H702  2 0.3762 0.2903 0.3335 
        H731  2 0.3865 0.2866 0.3269 
       H7359  2 0.3135 0.3394 0.3471 
       H7389  2 0.3053 0.3765 0.3182 
       H7390  2 0.4692 0.2726 0.2583 
       H7391  2 0.2594 0.2298 0.5108 
       H7392  2 0.3381 0.3674 0.2944 
       H7393  2 0.3850 0.2985 0.3165 
       H7398  2 0.3004 0.2650 0.4346 
       H7399  2 0.2534 0.3822 0.3644 
       H7400  2 0.5235 0.2387 0.2378 
        H745  2 0.2472 0.4604 0.2924 
        H746  2 0.2593 0.3835 0.3572 
        H747  2 0.4352 0.2829 0.2819 
        H748  2 0.3471 0.3297 0.3233 
       H7484  2 0.4496 0.2682 0.2822 
       H7485  2 0.2772 0.3944 0.3284 
        H749  2 0.2603 0.3760 0.3637 
        H930  2 0.2481 0.4321 0.3199 
        H931  2 0.3106 0.3073 0.3822 
        H932  2 0.3499 0.3404 0.3098 
        H111  3 0.2721 0.4201 0.3078 
        H951  3 0.2550 0.4007 0.3443 
        H952  3 0.3257 0.4026 0.2717 
        H953  3 0.2503 0.3238 0.4259 
        H954  3 0.4654 0.2708 0.2638 
        H955  3 0.2680 0.4098 0.3222 
        H956  3 0.3771 0.3114 0.3115 
       H9563  3 0.3522 0.2801 0.3677 
        H002  4 0.4404 0.3133 0.2463 
        H003  4 0.2682 0.3322 0.3996 
        H009  4 0.2766 0.4286 0.2948 
        H010  4 0.2983 0.3163 0.3854 
        H011  4 0.4421 0.2444 0.3135 
        H012  4 0.2580 0.2766 0.4654 
        H013  4 0.3618 0.2561 0.3822 
        H014  4 0.3255 0.3458 0.3287 
        H045  4 0.3419 0.2586 0.3994 
        H046  4 0.2541 0.3541 0.3918 
        H051  4 0.3888 0.2458 0.3654 
        H052  4 0.3666 0.3763 0.2571 
        H053  4 0.3982 0.2995 0.3023 
        H056  4 0.4241 0.3093 0.2666 
        H076  4 0.2424 0.3816 0.3760 
        H151  4 0.5107 0.2731 0.2163 
        H152  4 0.4375 0.3292 0.2333 
     H171803  4 0.4190 0.2819 0.2991 
     H171804  4 0.3717 0.2812 0.3471 
     H171833  4 0.2657 0.4432 0.2911 
     H171855  4 0.4775 0.2954 0.2271 
     H171856  4 0.3298 0.3573 0.3130 
     H171857  4 0.4206 0.3272 0.2523 
     H171858  4 0.3366 0.3515 0.3119 
     H171859  4 0.3484 0.3444 0.3072 
     H171961  4 0.3949 0.2809 0.3241 
        H198  4 0.2341 0.3625 0.4034 
      H20001  4 0.2698 0.4589 0.2713 
        H403  4 0.3518 0.3672 0.2810 
        H404  4 0.2726 0.3237 0.4038 
        H405  4 0.2528 0.3230 0.4242 
        H406  4 0.2983 0.4767 0.2250 
        H407  4 0.3681 0.3073 0.3246 
        H410  4 0.2348 0.3818 0.3835 
        H411  4 0.2948 0.4310 0.2742 
        H468  4 0.3245 0.4282 0.2473 
        H476  4 0.3768 0.3498 0.2734 
        H477  4 0.2633 0.4811 0.2555 
        H478  4 0.2605 0.3180 0.4215 
        H479  4 0.3419 0.2953 0.3628 
        H480  4 0.2623 0.4383 0.2994 
        H498  4 0.3179 0.3406 0.3415 
        H499  4 0.3379 0.3331 0.3290 
        H500  4 0.4599 0.2346 0.3055 
        H515  4 0.4043 0.2882 0.3076 
        H516  4 0.3433 0.3746 0.2820 
        H517  4 0.3160 0.3610 0.3230 
        H518  4 0.3701 0.3663 0.2636 
        H520  4 0.4222 0.3150 0.2628 
        H521  4 0.2775 0.3234 0.3991 
        H522  4 0.3602 0.3304 0.3094 
        H523  4 0.3724 0.3322 0.2954 
        H536  4 0.2973 0.3057 0.3970 
        H645  4 0.3445 0.2422 0.4134 
        H646  4 0.2416 0.4408 0.3176 
        H647  4 0.3068 0.3914 0.3018 
        H657  4 0.2521 0.3855 0.3624 
        H658  4 0.3683 0.3161 0.3156 
        H659  4 0.5458 0.2373 0.2169 
        H660  4 0.3660 0.3236 0.3104 
        H661  4 0.4019 0.3279 0.2702 
        H668  4 0.2732 0.2862 0.4406 
        H669  4 0.3381 0.2849 0.3770 
        H670  4 0.3379 0.2383 0.4239 
        H678  4 0.3290 0.3407 0.3303 
        H679  4 0.2485 0.3726 0.3789 
        H680  4 0.3219 0.3729 0.3052 
        H681  4 0.3822 0.2621 0.3557 
        H682  4 0.3043 0.2884 0.4073 
        H683  4 0.3888 0.3817 0.2295 
        H718  4 0.4280 0.2824 0.2895 
        H719  4 0.3292 0.2773 0.3935 
        H720  4 0.3123 0.3795 0.3082 
        H721  4 0.3448 0.3729 0.2823 
        H722  4 0.3865 0.3876 0.2259 
        H723  4 0.4063 0.2402 0.3535 
        H724  4 0.4987 0.2583 0.2431 
        H725  4 0.4785 0.2803 0.2412 
        H726  4 0.4360 0.2749 0.2891 
        H727  4 0.3988 0.2538 0.3473 
        H910  4 0.3928 0.2630 0.3443 
        H911  4 0.2811 0.3869 0.3320 
        H912  4 0.3618 0.3527 0.2856 
        H913  4 0.4145 0.3187 0.2668 
        H914  4 0.4288 0.2335 0.3377 
        H915  4 0.3620 0.3253 0.3127 
        H916  4 0.3384 0.4025 0.2592 
       H9572  4 0.3241 0.3380 0.3379 
        H015  5 0.2586 0.4092 0.3322 
        H016  5 0.2762 0.4240 0.2998 
        H017  5 0.3508 0.4110 0.2382 
        H019  5 0.2875 0.3670 0.3456 
        H020  5 0.3696 0.3374 0.2931 
        H032  5 0.3681 0.3317 0.3001 
        H033  5 0.2909 0.2955 0.4136 
        H034  5 0.4116 0.2429 0.3455 
        H035  5 0.3384 0.3548 0.3068 
        H036  5 0.2942 0.3730 0.3328 
        H037  5 0.4258 0.2822 0.2920 
        H048  5 0.4108 0.2462 0.3431 
        H049  5 0.3227 0.3968 0.2804 
        H054  5 0.3379 0.3133 0.3488 
        H055  5 0.3787 0.2976 0.3237 
        H057  5 0.3367 0.3973 0.2660 
        H060  5 0.3933 0.3321 0.2746 
        H061  5 0.2738 0.3243 0.4019 
        H064  5 0.3717 0.3076 0.3207 
        H070  5 0.3888 0.2500 0.3612 
        H077  5 0.4468 0.2760 0.2771 
        H078  5 0.4290 0.3320 0.2390 
        H079  5 0.2443 0.3260 0.4297 
        H097  5 0.3814 0.3999 0.2187 
        H107  5 0.5077 0.2126 0.2797 
        H122  5 0.3030 0.3966 0.3004 
        H123  5 0.2650 0.4012 0.3337 
        H124  5 0.2678 0.3578 0.3745 
        H131  5 0.2781 0.3737 0.3483 
        H132  5 0.3457 0.3096 0.3446 
        H141  5 0.3710 0.3130 0.3160 
        H142  5 0.2560 0.3604 0.3837 
        H157  5 0.4280 0.2656 0.3063 
        H158  5 0.2812 0.4565 0.2624 
        H159  5 0.2457 0.3691 0.3852 
        H160  5 0.3225 0.3743 0.3032 
        H163  5 0.2909 0.3562 0.3529 
        H164  5 0.3006 0.3161 0.3833 
        H165  5 0.2268 0.3293 0.4439 
        H166  5 0.2850 0.3812 0.3337 
        H169  5 0.3375 0.3132 0.3493 
     H169613  5 0.3494 0.3436 0.3070 
     H169653  5 0.2759 0.3457 0.3784 
     H169728  5 0.2996 0.3689 0.3314 
     H169742  5 0.3253 0.2755 0.3992 
        H170  5 0.3101 0.4278 0.2621 
        H171  5 0.2962 0.4288 0.2750 
     H171851  5 0.3259 0.3592 0.3149 
     H171852  5 0.3987 0.3334 0.2679 
     H171853  5 0.3645 0.2793 0.3562 
     H171854  5 0.3370 0.3520 0.3110 
     H171938  5 0.3184 0.2479 0.4337 
     H171939  5 0.2687 0.4273 0.3040 
     H171941  5 0.4444 0.2468 0.3088 
     H171965  5 0.2725 0.3675 0.3601 
     H171970  5 0.4734 0.2429 0.2837 
     H171973  5 0.2586 0.2938 0.4476 
     H171974  5 0.3292 0.2805 0.3903 
     H171975  5 0.3502 0.2895 0.3603 
     H171976  5 0.3156 0.4327 0.2517 
        H175  5 0.4009 0.2588 0.3403 
        H178  5 0.3435 0.3083 0.3482 
        H189  5 0.2352 0.4256 0.3392 
        H399  5 0.2991 0.4397 0.2612 
        H416  5 0.3489 0.3045 0.3466 
        H438  5 0.3171 0.2678 0.4152 
        H450  5 0.4501 0.2826 0.2674 
        H455  5 0.4480 0.2334 0.3186 
        H456  5 0.3299 0.2789 0.3913 
        H457  5 0.4072 0.3246 0.2683 
        H458  5 0.4021 0.2778 0.3201 
        H459  5 0.2557 0.3666 0.3777 
        H460  5 0.3600 0.3169 0.3231 
        H461  5 0.3325 0.4134 0.2541 
        H462  5 0.2668 0.3393 0.3939 
        H469  5 0.2525 0.3497 0.3978 
        H470  5 0.3522 0.3106 0.3372 
        H471  5 0.2455 0.4611 0.2934 
        H481  5 0.5083 0.2524 0.2394 
        H482  5 0.3944 0.3070 0.2986 
        H501  5 0.3462 0.2909 0.3629 
        H502  5 0.2428 0.4160 0.3411 
        H503  5 0.2881 0.3939 0.3180 
        H509  5 0.3924 0.2763 0.3313 
        H510  5 0.3203 0.3210 0.3587 
        H511  5 0.2823 0.3873 0.3303 
        H530  5 0.3570 0.2680 0.3749 
        H531  5 0.4201 0.3185 0.2613 
        H564  5 0.3622 0.3074 0.3304 
        H565  5 0.4567 0.2875 0.2558 
        H567  5 0.2321 0.4200 0.3479 
     H568???  5 0.2696 0.4279 0.3026 
        H608  5 0.4578 0.2686 0.2736 
        H609  5 0.2981 0.2756 0.4263 
        H612  5 0.4692 0.2172 0.3136 
        H614  5 0.4725 0.2864 0.2410 
        H615  5 0.4124 0.3380 0.2496 
        H616  5 0.5242 0.2061 0.2697 
        H617  5 0.2422 0.3393 0.4185 
        H618  5 0.4285 0.2579 0.3135 
        H619  5 0.2657 0.2871 0.4472 
        H635  5 0.3122 0.3116 0.3761 
        H636  5 0.2754 0.2582 0.4664 
        H637  5 0.3520 0.3010 0.3470 
        H644  5 0.1886 0.5153 0.2961 
        H711  5 0.2996 0.4328 0.2677 
        H712  5 0.3681 0.2638 0.3682 
       H7360  5 0.3304 0.3758 0.2938 
       H7361  5 0.4135 0.2846 0.3019 
       H7362  5 0.2110 0.4700 0.3190 
       H7363  5 0.3781 0.3446 0.2773 
       H7394  5 0.2780 0.3653 0.3567 
       H7395  5 0.3336 0.2916 0.3748 
       H7396  5 0.3472 0.3144 0.3384 
        H742  5 0.3276 0.2697 0.4027 
        H743  5 0.3390 0.3562 0.3049 
        H744  5 0.4731 0.2502 0.2766 
        H957  5 0.3302 0.3727 0.2971 
        H958  5 0.2990 0.3555 0.3455 
        H959  5 0.4337 0.2296 0.3368 
        H960  5 0.3243 0.3182 0.3575 
      H_PALI  6 0.3189 0.3385 0.3426 
        H581  6 0.3817 0.3377 0.2806 
        H582  6 0.4490 0.2942 0.2568 
        H583  6 0.3505 0.3398 0.3097 
        H595  6 0.2353 0.4288 0.3358 
        H596  6 0.2328 0.3980 0.3692 
        H597  6 0.2395 0.4251 0.3354 
        H598  6 0.3511 0.2862 0.3627 
        H599  6 0.3981 0.2785 0.3234 
        H642  6 0.2809 0.4412 0.2779 
        H643  6 0.3360 0.3125 0.3514 
        H664  6 0.4381 0.3449 0.2170 
        H665  6 0.3032 0.2445 0.4523 
        H674  6 0.2166 0.4910 0.2924 
        H675  6 0.3980 0.3389 0.2631 
        H676  6 0.2864 0.4051 0.3085 
        H686  6 0.3110 0.3619 0.3270 
        H687  6 0.3417 0.3584 0.2999 
        H917  6 0.2304 0.3176 0.4520 
        H918  6 0.2653 0.2990 0.4357 
        H919  6 0.4406 0.2325 0.3269 
        H920  6 0.3938 0.2947 0.3115 
        H631  7 0.3794 0.3024 0.3183 
        H684  7 0.2588 0.4216 0.3196 
        H685  7 0.4849 0.2966 0.2185 
        H713  7 0.4655 0.2604 0.2741 
        H715  7 0.2861 0.4057 0.3082 
        H716  7 0.3546 0.2885 0.3569 
        H717  7 0.3401 0.3140 0.3460 
        H729  7 0.2281 0.3064 0.4655 
        H730  7 0.3259 0.2721 0.4020 
        H431  8 0.4188 0.2839 0.2973 
        H432  8 0.2207 0.4304 0.3488 
        H433  8 0.2864 0.3071 0.4066 
        H434  8 0.2989 0.3547 0.3464 
        H444  8 0.2754 0.2763 0.4483 
        H454  8 0.4402 0.2376 0.3222 
        H475  8 0.4997 0.2462 0.2541 
        H491  8 0.3841 0.2984 0.3175 
        H492  8 0.4159 0.2877 0.2963 
        H493  8 0.3140 0.3816 0.3044 
        H494  8 0.3377 0.3148 0.3474 
        H495  8 0.4447 0.3567 0.1987 
        H662  8 0.2938 0.4050 0.3011 
        H663  8 0.3288 0.3199 0.3514 
        H695  8 0.3577 0.2852 0.3571 
       H7367  8 0.2446 0.3625 0.3928 
       H7368  8 0.2801 0.3587 0.3612 
       H7369  8 0.3094 0.2707 0.4198 
       H7370  8 0.2300 0.4111 0.3589 
       H7371  8 0.3049 0.2970 0.3980 
        H600  9 0.4153 0.2834 0.3013 
        H648  9 0.3237 0.3598 0.3165 
        H696  9 0.2045 0.5223 0.2732 
        H697  9 0.3025 0.3315 0.3660 
        H698  9 0.2824 0.3832 0.3344 
        H699  9 0.3222 0.3397 0.3381 
        H700  9 0.4186 0.2637 0.3176 
        H732  9 0.4503 0.3051 0.2446 
        H733  9 0.2575 0.3519 0.3906 
        H734  9 0.2469 0.4339 0.3191 
        H735  9 0.2808 0.4003 0.3189 
        H736  9 0.3451 0.3440 0.3109 
        H737  9 0.3911 0.3187 0.2902 
        H905  9 0.4043 0.2454 0.3503 
        H921  9 0.3687 0.2520 0.3793 
        H922  9 0.2251 0.3636 0.4113 
     H169705 10 0.3094 0.3664 0.3243 
     H171942 10 0.2116 0.4189 0.3694 
     H171943 10 0.3245 0.3868 0.2887 
     H171944 10 0.3346 0.3073 0.3580 
     H171946 10 0.4133 0.3667 0.2201 
     H171947 10 0.2961 0.3570 0.3470 
     H229641 10 0.3415 0.3342 0.3243 
      H30001 10 0.3459 0.2813 0.3728 
      H30002 10 0.3427 0.3112 0.3461 
      H30005 10 0.3116 0.3431 0.3453 
      H30006 10 0.2777 0.4314 0.2909 
      H30007 10 0.2271 0.5166 0.2563 
        H451 10 0.2371 0.3427 0.4201 
        H452 10 0.3045 0.4093 0.2861 
        H453 10 0.4493 0.3061 0.2446 
        H473 10 0.3497 0.3183 0.3320 
        H474 10 0.4954 0.3016 0.2030 
        H486 10 0.3932 0.2830 0.3239 
        H487 10 0.3944 0.3035 0.3021 
        H488 10 0.3310 0.2473 0.4217 
        H489 10 0.4569 0.2675 0.2756 
        H550 10 0.2789 0.4430 0.2782 
        H551 10 0.3402 0.2768 0.3830 
        H553 10 0.4262 0.3206 0.2532 
        H554 10 0.2766 0.3575 0.3659 
        H556 10 0.3465 0.3744 0.2791 
        H580 10 0.2905 0.3243 0.3851 
        H591 10 0.4967 0.2430 0.2602 
        H592 10 0.3903 0.2907 0.3190 
        H593 10 0.3009 0.3449 0.3542 
        H594 10 0.2110 0.4353 0.3537 
        H627 10 0.3493 0.3703 0.2804 
        H628 10 0.2010 0.3082 0.4907 
        H629 10 0.3301 0.3934 0.2765 
        H630 10 0.3366 0.3775 0.2859 
        H638 10 0.3031 0.3550 0.3419 
        H639 10 0.4335 0.3271 0.2394 
        H640 10 0.2786 0.3992 0.3223 
        H704 10 0.2634 0.4190 0.3176 
        H705 10 0.3141 0.3608 0.3251 
        H706 10 0.3962 0.2360 0.3678 
        H708 10 0.4663 0.2769 0.2568 
       H7351 10 0.3075 0.3795 0.3130 
       H7352 10 0.3561 0.3137 0.3302 
       H7353 10 0.2759 0.4421 0.2821 
       H7354 10 0.3913 0.2823 0.3264 
       H7365 10 0.4554 0.2598 0.2848 
       H7383 10 0.3713 0.2602 0.3685 
       H7384 10 0.3839 0.2802 0.3358 
       H7385 10 0.4251 0.2639 0.3109 
       H7386 10 0.2928 0.3191 0.3881 
       H7387 10 0.3148 0.3222 0.3630 
       H7388 10 0.3289 0.3455 0.3256 
        H906 10 0.3855 0.3166 0.2979 
        H907 10 0.2739 0.3931 0.3330 
        H908 10 0.3338 0.2965 0.3696 
        H909 10 0.3336 0.2805 0.3859 
       H9552 10 0.3263 0.3575 0.3162 
       H9553 10 0.3767 0.3335 0.2898 
       H9555 10 0.2812 0.3110 0.4078 
       H9575 10 0.4432 0.3032 0.2536 
       H9703 10 0.4847 0.2669 0.2485 
       H9707 10 0.4306 0.2904 0.2790 
       HSAA4 10 0.2875 0.3288 0.3837 
        H001 11 0.3577 0.2912 0.3510 
        H004 11 0.3149 0.3419 0.3431 
        H005 11 0.4605 0.2283 0.3112 
        H006 11 0.3476 0.2941 0.3583 
        H007 11 0.4042 0.2302 0.3656 
        H031 11 0.4981 0.2218 0.2802 
        H074 11 0.4331 0.3050 0.2619 
        H075 11 0.4348 0.2372 0.3281 
        H080 11 0.4306 0.2597 0.3098 
        H086 11 0.3564 0.3417 0.3019 
        H092 11 0.4006 0.2940 0.3054 
        H093 11 0.2256 0.4175 0.3569 
        H094 11 0.3213 0.3681 0.3106 
        H095 11 0.4184 0.2886 0.2930 
        H096 11 0.3583 0.2436 0.3981 
        H099 11 0.3769 0.3048 0.3183 
        H100 11 0.2413 0.4006 0.3581 
        H127 11 0.3627 0.3157 0.3216 
        H136 11 0.4729 0.2749 0.2522 
        H153 11 0.3235 0.3474 0.3290 
        H154 11 0.4599 0.2795 0.2606 
        H155 11 0.2126 0.2909 0.4964 
        H156 11 0.1995 0.3362 0.4643 
        H161 11 0.3016 0.3723 0.3260 
        H162 11 0.2476 0.3932 0.3593 
        H167 11 0.2969 0.3250 0.3781 
        H168 11 0.3197 0.3152 0.3651 
     H169586 11 0.3931 0.4022 0.2047 
     H169738 11 0.2506 0.3146 0.4348 
     H169741 11 0.4435 0.2866 0.2699 
     H171801 11 0.2544 0.3944 0.3512 
     H171810 11 0.4350 0.2976 0.2674 
     H171811 11 0.4397 0.3277 0.2325 
     H171812 11 0.3223 0.2692 0.4085 
     H171820 11 0.4471 0.2800 0.2729 
     H171821 11 0.2894 0.3439 0.3667 
     H171822 11 0.3085 0.3368 0.3546 
     H171823 11 0.4308 0.3446 0.2246 
     H171866 11 0.2736 0.3883 0.3381 
     H171867 11 0.2645 0.2750 0.4605 
     H171967 11 0.4139 0.2436 0.3425 
     H171969 11 0.3299 0.3213 0.3488 
        H172 11 0.3064 0.3156 0.3780 
        H173 11 0.3070 0.2547 0.4384 
        H174 11 0.2375 0.4438 0.3187 
        H196 11 0.2558 0.3601 0.3841 
        H197 11 0.2808 0.3113 0.4079 
        H346 11 0.3508 0.2645 0.3847 
        H355 11 0.3482 0.3163 0.3355 
        H356 11 0.3769 0.3217 0.3014 
        H357 11 0.3888 0.2702 0.3410 
        H358 11 0.3298 0.2590 0.4113 
        H359 11 0.3387 0.3412 0.3202 
        H360 11 0.3488 0.2918 0.3594 
        H361 11 0.3130 0.3201 0.3669 
        H362 11 0.2267 0.3851 0.3882 
        H363 11 0.4576 0.2497 0.2927 
        H364 11 0.3548 0.3494 0.2958 
        H365 11 0.2776 0.3406 0.3818 
        H366 11 0.2526 0.3395 0.4080 
        H367 11 0.4519 0.2906 0.2574 
        H368 11 0.2851 0.4308 0.2840 
        H369 11 0.4701 0.2256 0.3043 
        H370 11 0.2849 0.3574 0.3577 
        H371 11 0.3327 0.3454 0.3219 
        H372 11 0.3124 0.3311 0.3565 
        H373 11 0.3463 0.3161 0.3376 
        H374 11 0.4026 0.2666 0.3309 
        H375 11 0.3346 0.2677 0.3977 
        H376 11 0.2704 0.3676 0.3620 
        H377 11 0.3824 0.2832 0.3343 
        H378 11 0.3741 0.3270 0.2989 
        H379 11 0.3205 0.3630 0.3165 
        H380 11 0.2449 0.2911 0.4641 
        H381 11 0.4275 0.3170 0.2554 
        H382 11 0.2103 0.3782 0.4115 
        H383 11 0.2398 0.3692 0.3910 
        H384 11 0.4309 0.3006 0.2686 
        H385 11 0.4004 0.3033 0.2963 
        H386 11 0.2891 0.2517 0.4592 
        H387 11 0.3390 0.4234 0.2376 
        H388 11 0.2231 0.3677 0.4092 
        H389 11 0.3229 0.2642 0.4129 
        H390 11 0.2778 0.3475 0.3747 
        H391 11 0.2860 0.4297 0.2843 
        H392 11 0.4304 0.2538 0.3158 
        H393 11 0.2428 0.4106 0.3466 
        H394 11 0.2492 0.4694 0.2815 
        H395 11 0.4320 0.2619 0.3061 
        H408 11 0.3304 0.2710 0.3986 
        H412 11 0.4635 0.3473 0.1892 
        H417 11 0.3885 0.2968 0.3147 
        H418 11 0.3651 0.3840 0.2509 
        H429 11 0.2922 0.2967 0.4111 
        H430 11 0.2531 0.3310 0.4159 
        H439 11 0.3576 0.2928 0.3496 
        H440 11 0.4810 0.2534 0.2656 
        H441 11 0.2714 0.3396 0.3890 
        H442 11 0.2789 0.3398 0.3814 
        H446 11 0.3304 0.3462 0.3234 
        H447 11 0.2554 0.3108 0.4338 
        H448 11 0.2857 0.2749 0.4393 
        H534 11 0.5002 0.2688 0.2310 
        H537 11 0.4453 0.2848 0.2699 
        H568 11 0.5019 0.2491 0.2490 
        H569 11 0.2062 0.3643 0.4295 
        H586 11 0.3808 0.4216 0.1976 
        H587 11 0.5015 0.2431 0.2553 
        H588 11 0.2548 0.4481 0.2971 
        H589 11 0.4699 0.2590 0.2711 
        H590 11 0.4266 0.2745 0.2989 
        H601 11 0.2318 0.3776 0.3906 
        H602 11 0.3828 0.2944 0.3228 
        H603 11 0.2612 0.2800 0.4588 
        H610 11 0.3694 0.3075 0.3231 
        H611 11 0.4103 0.3130 0.2767 
        H649 11 0.3274 0.3371 0.3355 
        H650 11 0.2864 0.4404 0.2732 
        H651 11 0.3144 0.2742 0.4113 
        H652 11 0.3560 0.3587 0.2853 
       H7364 11 0.2897 0.3324 0.3779 
       H7366 11 0.3438 0.2726 0.3837 
       H7378 11 0.1804 0.5609 0.2586 
       H7379 11 0.3427 0.3266 0.3307 
        H739 11 0.4271 0.3033 0.2696 
        H740 11 0.2941 0.4025 0.3034 
        H741 11 0.4386 0.2838 0.2776 
        H926 11 0.2906 0.3936 0.3158 
        H927 11 0.2811 0.3381 0.3809 
        H928 11 0.3456 0.3622 0.2922 
       H9560 11 0.3296 0.3772 0.2932 
        H409 12 0.2360 0.3000 0.4640 
        H413 12 0.2356 0.4865 0.2780 
        H419 12 0.2894 0.2971 0.4135 
        H420 12 0.3692 0.3028 0.3280 
        H421 12 0.2207 0.4009 0.3785 
        H435 12 0.2575 0.3842 0.3584 
        H436 12 0.3332 0.2661 0.4007 
        H437 12 0.4341 0.2939 0.2720 
        H445 12 0.2610 0.2993 0.4397 
        H449 12 0.3031 0.3956 0.3013 
        H463 12 0.3922 0.3130 0.2948 
        H464 12 0.2485 0.4264 0.3251 
        H465 12 0.3209 0.4474 0.2317 
        H490 12 0.2503 0.4094 0.3403 
        H561 12 0.3194 0.3547 0.3259 
        H562 12 0.3190 0.2533 0.4277 
        H563 12 0.3518 0.2818 0.3664 
        H570 12 0.3937 0.2455 0.3608 
        H571 12 0.3315 0.3999 0.2686 
        H572 12 0.3290 0.3178 0.3532 
        H573 12 0.2511 0.3119 0.4370 
       H7372 12 0.2098 0.3496 0.4406 
       H7373 12 0.2516 0.4858 0.2626 
       H7374 12 0.3826 0.2726 0.3448 
       H7375 12 0.3763 0.2766 0.3471 
       H7376 12 0.2139 0.2681 0.5180 
       H7377 12 0.4228 0.2946 0.2826 
