        H102  1 0.1532 0.2122 0.1994 0.2914 0.1438 
        H103  1 0.2449 0.2756 0.0956 0.1487 0.2353 
        H104  1 0.1414 0.1523 0.2649 0.2100 0.2314 
        H105  1 0.1746 0.1937 0.1811 0.2930 0.1576 
        H106  1 0.1908 0.2318 0.2085 0.1623 0.2066 
        H112  1 0.1608 0.2218 0.2512 0.1948 0.1714 
        H113  1 0.1617 0.2049 0.1500 0.2460 0.2374 
        H114  1 0.1592 0.2290 0.1108 0.2821 0.2189 
        H115  1 0.1359 0.1887 0.2058 0.2838 0.1858 
        H143  1 0.1736 0.1962 0.1467 0.3314 0.1521 
        H144  1 0.3223 0.1526 0.1009 0.2698 0.1543 
        H145  1 0.2370 0.2766 0.0987 0.1751 0.2126 
        H149  1 0.1624 0.1590 0.3112 0.2145 0.1529 
        H150  1 0.2481 0.1742 0.1893 0.1982 0.1903 
     H167542  1 0.1497 0.1540 0.1386 0.3612 0.1965 
     H169604  1 0.1736 0.1747 0.1494 0.2859 0.2164 
     H169607  1 0.2398 0.1777 0.1236 0.2438 0.2150 
     H169608  1 0.1643 0.2183 0.2815 0.1721 0.1638 
     H169633  1 0.2001 0.2076 0.1048 0.2724 0.2152 
     H169688  1 0.2894 0.2372 0.1315 0.1332 0.2086 
     H169714  1 0.1850 0.1689 0.2658 0.1701 0.2103 
     H171802  1 0.1612 0.1891 0.2959 0.1298 0.2239 
     H171805  1 0.2193 0.2330 0.1506 0.1740 0.2231 
     H171807  1 0.2030 0.1982 0.2500 0.1907 0.1580 
     H171814  1 0.2806 0.1837 0.1014 0.1829 0.2514 
     H171816  1 0.1876 0.2204 0.2471 0.1620 0.1829 
     H171817  1 0.1709 0.1898 0.2404 0.2057 0.1932 
     H171818  1 0.1874 0.2186 0.1811 0.2268 0.1861 
     H171819  1 0.1831 0.2102 0.2008 0.1953 0.2106 
     H171834  1 0.1829 0.2510 0.1831 0.2441 0.1388 
     H171835  1 0.1468 0.1507 0.3373 0.1506 0.2146 
     H171836  1 0.2008 0.2720 0.0771 0.2122 0.2378 
     H171837  1 0.1611 0.1694 0.2202 0.2156 0.2336 
     H171838  1 0.2098 0.3079 0.1373 0.1434 0.2016 
     H171839  1 0.1534 0.1533 0.2142 0.2441 0.2350 
     H171841  1 0.1686 0.1992 0.3959 0.1055 0.1308 
     H171860  1 0.1745 0.1921 0.1684 0.2400 0.2250 
     H171861  1 0.1842 0.2430 0.0838 0.3138 0.1752 
     H171862  1 0.2123 0.2003 0.1671 0.2407 0.1797 
     H171868  1 0.1482 0.1868 0.1413 0.3925 0.1312 
     H171869  1 0.2877 0.2342 0.1419 0.1388 0.1974 
     H171870  1 0.2273 0.2073 0.2237 0.1528 0.1889 
     H171871  1 0.2287 0.2782 0.1232 0.1194 0.2505 
     H171872  1 0.1596 0.1616 0.2179 0.2428 0.2181 
     H171873  1 0.2660 0.1815 0.1874 0.1499 0.2151 
     H171874  1 0.2103 0.2228 0.1327 0.2737 0.1605 
     H171875  1 0.1984 0.2022 0.0946 0.3226 0.1822 
     H171876  1 0.1943 0.2050 0.1226 0.2817 0.1965 
     H171877  1 0.1452 0.1496 0.1390 0.3554 0.2108 
     H171878  1 0.2326 0.2163 0.2558 0.1258 0.1696 
     H171901  1 0.1682 0.1940 0.2313 0.1196 0.2870 
     H171902  1 0.2476 0.1713 0.2092 0.1950 0.1769 
     H171903  1 0.1794 0.2229 0.1669 0.2111 0.2198 
     H171935  1 0.1986 0.2479 0.2484 0.1144 0.1908 
     H171936  1 0.1774 0.1779 0.1129 0.2766 0.2552 
     H171940  1 0.1721 0.1626 0.2813 0.2542 0.1298 
     H171945  1 0.2705 0.1808 0.1906 0.1623 0.1957 
     H171948  1 0.1607 0.2424 0.2397 0.2040 0.1532 
     H171949  1 0.1552 0.1564 0.3778 0.1687 0.1418 
     H171950  1 0.1467 0.1408 0.3757 0.1495 0.1874 
     H171963  1 0.2589 0.2613 0.1278 0.1327 0.2193 
     H171964  1 0.3600 0.1819 0.1427 0.1706 0.1449 
     H171966  1 0.2034 0.2671 0.1982 0.1663 0.1651 
     H171968  1 0.2236 0.1596 0.2328 0.2329 0.1511 
     H171971  1 0.2135 0.2806 0.1737 0.1273 0.2049 
     H171972  1 0.2280 0.2701 0.1123 0.1904 0.1993 
     H171977  1 0.2885 0.1827 0.1155 0.1987 0.2146 
     H171978  1 0.2103 0.2098 0.2625 0.1428 0.1746 
     H171979  1 0.2308 0.2901 0.1048 0.1675 0.2068 
        H176  1 0.1961 0.1906 0.1519 0.2640 0.1974 
        H177  1 0.1512 0.1656 0.3243 0.1549 0.2040 
        H179  1 0.1375 0.1299 0.2741 0.2828 0.1757 
        H181  1 0.2420 0.2692 0.1451 0.1856 0.1581 
        H182  1 0.1979 0.2786 0.0969 0.2269 0.1997 
        H183  1 0.2728 0.2416 0.1586 0.1408 0.1861 
        H184  1 0.1620 0.1951 0.2632 0.2220 0.1577 
        H185  1 0.2174 0.2344 0.1326 0.2180 0.1976 
        H186  1 0.2746 0.1581 0.2262 0.2116 0.1295 
        H187  1 0.1840 0.2306 0.1792 0.1474 0.2587 
        H188  1 0.1392 0.1345 0.2398 0.2988 0.1877 
        H192  1 0.1608 0.1829 0.3352 0.1671 0.1540 
        H193  1 0.2331 0.2740 0.1119 0.2114 0.1697 
        H194  1 0.1786 0.2001 0.2070 0.2224 0.1919 
        H195  1 0.3189 0.2345 0.1266 0.1450 0.1749 
        H199  1 0.2931 0.2037 0.1427 0.1594 0.2011 
        H200  1 0.1682 0.1660 0.2623 0.1935 0.2101 
        H414  1 0.2125 0.2370 0.1335 0.1520 0.2651 
        H415  1 0.1842 0.2168 0.1231 0.2457 0.2302 
        H422  1 0.2499 0.1705 0.2238 0.2013 0.1544 
        H423  1 0.1335 0.1527 0.4618 0.1293 0.1227 
        H424  1 0.3007 0.2170 0.1149 0.1673 0.2000 
        H425  1 0.3506 0.1482 0.1197 0.1737 0.2078 
        H426  1 0.3310 0.2168 0.1486 0.1273 0.1764 
        H443  1 0.3313 0.1171 0.1237 0.2827 0.1451 
        H466  1 0.2110 0.2193 0.1929 0.1743 0.2025 
        H467  1 0.1655 0.1519 0.3807 0.1482 0.1538 
        H472  1 0.2004 0.1779 0.1965 0.1963 0.2290 
        H483  1 0.2055 0.1822 0.1431 0.3288 0.1405 
        H504  1 0.3100 0.1932 0.1185 0.1634 0.2149 
        H505  1 0.1702 0.1627 0.2495 0.2001 0.2174 
        H506  1 0.2350 0.1992 0.1853 0.2194 0.1611 
        H507  1 0.2213 0.2592 0.0812 0.1729 0.2653 
        H508  1 0.1948 0.2135 0.2365 0.1207 0.2345 
        H524  1 0.1889 0.1834 0.1087 0.2201 0.2990 
        H525  1 0.2461 0.1930 0.1282 0.2326 0.2000 
        H526  1 0.1686 0.1416 0.1314 0.3503 0.2082 
        H527  1 0.1807 0.2193 0.2438 0.1706 0.1855 
        H528  1 0.2405 0.2054 0.1081 0.2486 0.1973 
        H529  1 0.2671 0.1823 0.0934 0.1988 0.2584 
        H533  1 0.1736 0.3070 0.0802 0.1458 0.2934 
        H538  1 0.1780 0.1669 0.1885 0.2209 0.2457 
        H539  1 0.2108 0.2740 0.1457 0.1467 0.2227 
        H540  1 0.1996 0.2283 0.1687 0.1874 0.2159 
        H541  1 0.1765 0.1668 0.1461 0.2852 0.2254 
        H558  1 0.2358 0.3092 0.1505 0.1289 0.1756 
        H559  1 0.1847 0.1692 0.1767 0.3449 0.1244 
        H579  1 0.2263 0.2534 0.1333 0.2287 0.1582 
        H584  1 0.2958 0.2038 0.1331 0.1836 0.1838 
        H585  1 0.2324 0.2128 0.1459 0.1751 0.2339 
        H605  1 0.2021 0.1790 0.2201 0.2027 0.1961 
        H606  1 0.1457 0.1365 0.3381 0.2330 0.1467 
        H632  1 0.2902 0.2042 0.1263 0.2128 0.1665 
        H634  1 0.2284 0.2060 0.1448 0.2171 0.2037 
        H671  1 0.1587 0.1486 0.3592 0.1604 0.1731 
        H672  1 0.1753 0.1720 0.1580 0.1838 0.3109 
        H673  1 0.2540 0.1750 0.1561 0.2875 0.1274 
        H689  1 0.2442 0.1838 0.1321 0.2715 0.1684 
        H690  1 0.1517 0.2066 0.2207 0.2039 0.2172 
        H691  1 0.1686 0.1704 0.1404 0.3096 0.2109 
        H692  1 0.2892 0.2275 0.0768 0.2311 0.1754 
        H709  1 0.1945 0.2211 0.1500 0.1992 0.2352 
        H710  1 0.2761 0.2369 0.0925 0.2389 0.1555 
       H7355  1 0.1573 0.2109 0.1081 0.3086 0.2151 
       H7356  1 0.2475 0.1911 0.1921 0.1797 0.1895 
       H7357  1 0.1566 0.1765 0.2183 0.2616 0.1871 
       H7358  1 0.2006 0.1760 0.1282 0.3015 0.1936 
       H7380  1 0.2142 0.2008 0.1441 0.2911 0.1497 
       H7381  1 0.2576 0.1866 0.2481 0.1427 0.1649 
       H7382  1 0.2050 0.2184 0.1377 0.2560 0.1829 
        H904  1 0.1196 0.1178 0.4547 0.1949 0.1130 
        H923  1 0.2124 0.1723 0.2123 0.1990 0.2040 
        H924  1 0.1914 0.1587 0.2318 0.2199 0.1982 
        H925  1 0.1772 0.1354 0.1237 0.3268 0.2368 
       H9558  1 0.2572 0.3040 0.1412 0.1197 0.1780 
        H008  2 0.1962 0.2436 0.1053 0.2564 0.1985 
        H021  2 0.1732 0.1744 0.2409 0.2078 0.2037 
        H023  2 0.1634 0.1601 0.2311 0.2425 0.2029 
        H024  2 0.2564 0.2419 0.1064 0.1699 0.2254 
        H025  2 0.2012 0.1691 0.3326 0.1586 0.1385 
        H026  2 0.3315 0.1781 0.1131 0.1617 0.2156 
        H027  2 0.1885 0.1578 0.1345 0.2402 0.2790 
        H028  2 0.2384 0.2163 0.1475 0.2107 0.1872 
        H029  2 0.2206 0.1882 0.1132 0.2489 0.2291 
        H030  2 0.2697 0.2502 0.1058 0.1564 0.2179 
        H038  2 0.1823 0.1732 0.2658 0.1585 0.2203 
        H039  2 0.1015 0.1051 0.5909 0.0950 0.1074 
        H040  2 0.1760 0.1715 0.2662 0.1469 0.2393 
        H041  2 0.1535 0.1721 0.1539 0.3230 0.1975 
        H042  2 0.1835 0.1928 0.2115 0.2172 0.1951 
        H043  2 0.1770 0.2301 0.3251 0.1025 0.1653 
        H044  2 0.1989 0.3277 0.1255 0.1312 0.2167 
        H047  2 0.2013 0.2275 0.2698 0.1345 0.1669 
        H050  2 0.1977 0.2231 0.1201 0.1582 0.3008 
        H058  2 0.1984 0.2444 0.2335 0.1116 0.2122 
        H062  2 0.1729 0.1377 0.2583 0.2554 0.1757 
        H063  2 0.1464 0.1990 0.3123 0.1556 0.1868 
        H065  2 0.3311 0.1467 0.1984 0.1717 0.1521 
        H066  2 0.2057 0.2603 0.1470 0.1230 0.2640 
        H067  2 0.1904 0.1792 0.1336 0.3070 0.1899 
        H068  2 0.1743 0.1785 0.3082 0.1413 0.1978 
        H069  2 0.2484 0.2002 0.1613 0.1327 0.2574 
        H071  2 0.1714 0.1917 0.2544 0.1778 0.2048 
        H072  2 0.1432 0.1666 0.3792 0.1449 0.1661 
        H073  2 0.2510 0.1708 0.1365 0.2153 0.2265 
        H081  2 0.1383 0.1687 0.1923 0.3091 0.1916 
        H082  2 0.2286 0.3135 0.1070 0.1685 0.1825 
        H083  2 0.2634 0.2735 0.1239 0.1719 0.1672 
        H084  2 0.1866 0.2097 0.1969 0.1445 0.2623 
        H085  2 0.1407 0.1452 0.1439 0.3335 0.2367 
        H087  2 0.1392 0.1667 0.1554 0.3897 0.1489 
        H088  2 0.1569 0.1917 0.2677 0.1958 0.1879 
        H089  2 0.1933 0.1822 0.1298 0.2720 0.2226 
        H090  2 0.2084 0.2064 0.1257 0.1989 0.2607 
        H091  2 0.1676 0.1559 0.0907 0.2432 0.3426 
        H098  2 0.1837 0.2307 0.1605 0.2188 0.2062 
      H10001  2 0.1099 0.1005 0.5741 0.1030 0.1125 
      H10002  2 0.1424 0.1899 0.2455 0.2523 0.1699 
        H101  2 0.1842 0.2226 0.1106 0.1316 0.3510 
        H108  2 0.1428 0.1315 0.3271 0.2804 0.1182 
        H109  2 0.1757 0.2461 0.2032 0.1257 0.2493 
        H110  2 0.1515 0.2079 0.1120 0.3713 0.1574 
        H116  2 0.2417 0.2426 0.1310 0.1908 0.1939 
        H117  2 0.1511 0.1876 0.1177 0.2713 0.2722 
        H118  2 0.2366 0.1546 0.0907 0.2575 0.2606 
        H119  2 0.1836 0.1537 0.2374 0.2284 0.1970 
        H120  2 0.1215 0.1184 0.4409 0.1962 0.1230 
        H121  2 0.1999 0.1438 0.1099 0.2585 0.2879 
        H125  2 0.1084 0.1060 0.5598 0.1058 0.1200 
        H126  2 0.3031 0.2090 0.1801 0.1654 0.1424 
        H128  2 0.2786 0.1636 0.0623 0.1830 0.3125 
        H129  2 0.3375 0.2097 0.1163 0.1725 0.1640 
        H130  2 0.2004 0.2378 0.3122 0.1120 0.1376 
        H133  2 0.1603 0.1498 0.4183 0.1163 0.1554 
        H134  2 0.4470 0.1612 0.1079 0.1533 0.1306 
        H135  2 0.1644 0.1935 0.1877 0.2781 0.1763 
        H137  2 0.1737 0.2317 0.1741 0.1751 0.2454 
        H138  2 0.2945 0.2551 0.1167 0.1611 0.1725 
        H140  2 0.2138 0.1681 0.1841 0.2073 0.2266 
        H146  2 0.2017 0.1647 0.1231 0.1972 0.3133 
        H147  2 0.1840 0.2202 0.1372 0.2389 0.2197 
        H148  2 0.1499 0.1963 0.1230 0.2829 0.2479 
     H166022  2 0.1978 0.2599 0.1042 0.2150 0.2231 
     H167359  2 0.2181 0.2360 0.1513 0.1620 0.2325 
     H167397  2 0.2211 0.2629 0.0671 0.2185 0.2303 
     H167428  2 0.2018 0.1448 0.0797 0.4038 0.1700 
     H167496  2 0.1258 0.1308 0.3625 0.2015 0.1794 
     H167513  2 0.1728 0.3293 0.1784 0.1134 0.2061 
     H167545  2 0.2325 0.2482 0.1088 0.1626 0.2479 
     H167547  2 0.2691 0.2508 0.1082 0.1336 0.2384 
     H169621  2 0.2241 0.2414 0.1191 0.1816 0.2339 
     H169622  2 0.2390 0.2248 0.1136 0.2200 0.2027 
     H169750  2 0.2197 0.2168 0.2613 0.1125 0.1897 
     H171806  2 0.1936 0.1522 0.2048 0.1847 0.2646 
     H171808  2 0.2230 0.1754 0.1479 0.2213 0.2324 
     H171809  2 0.1681 0.1871 0.2007 0.2881 0.1560 
     H171813  2 0.2451 0.2103 0.2054 0.1599 0.1792 
     H171815  2 0.1651 0.1453 0.4289 0.1264 0.1343 
     H171824  2 0.1324 0.1380 0.2699 0.2822 0.1775 
     H171825  2 0.2341 0.2036 0.1329 0.2182 0.2112 
     H171826  2 0.1630 0.1967 0.2192 0.2641 0.1570 
     H171827  2 0.1846 0.2395 0.1735 0.1922 0.2102 
     H171828  2 0.1073 0.1085 0.4728 0.1782 0.1333 
     H171829  2 0.2539 0.1898 0.1943 0.1312 0.2309 
     H171830  2 0.1699 0.2645 0.1793 0.1804 0.2060 
     H171831  2 0.2910 0.2242 0.1061 0.1883 0.1904 
     H171832  2 0.2375 0.2674 0.1601 0.1695 0.1655 
     H171863  2 0.3054 0.2480 0.0877 0.1520 0.2070 
     H171864  2 0.1646 0.2114 0.1535 0.2217 0.2489 
     H171865  2 0.1574 0.1586 0.3812 0.1486 0.1543 
     H171879  2 0.1958 0.2108 0.1599 0.1966 0.2369 
     H171880  2 0.1740 0.2227 0.1210 0.1714 0.3108 
     H171881  2 0.2050 0.2139 0.1441 0.2709 0.1660 
     H171882  2 0.1162 0.1210 0.5098 0.1394 0.1136 
     H171929  2 0.1805 0.2267 0.1593 0.2377 0.1959 
     H171930  2 0.2231 0.2718 0.0964 0.1224 0.2864 
     H171933  2 0.2110 0.2119 0.1471 0.1839 0.2460 
     H171934  2 0.1820 0.1758 0.1487 0.2649 0.2285 
     H171937  2 0.2965 0.2404 0.1404 0.1393 0.1834 
     H171962  2 0.2096 0.2196 0.1406 0.2469 0.1832 
        H190  2 0.2110 0.2587 0.1422 0.1901 0.1980 
        H191  2 0.2201 0.2009 0.2113 0.1926 0.1752 
        H396  2 0.1677 0.1217 0.1900 0.3016 0.2189 
        H397  2 0.2057 0.2235 0.1333 0.1811 0.2564 
        H398  2 0.2696 0.1467 0.2095 0.1922 0.1820 
        H400  2 0.1834 0.1937 0.1456 0.2312 0.2459 
        H401  2 0.2359 0.2815 0.0790 0.1670 0.2365 
        H402  2 0.1777 0.2531 0.1074 0.2313 0.2306 
        H427  2 0.1570 0.1534 0.1672 0.3504 0.1720 
        H428  2 0.1911 0.1455 0.0777 0.4152 0.1704 
        H497  2 0.1664 0.2794 0.2363 0.1343 0.1836 
        H512  2 0.1917 0.2331 0.1597 0.2080 0.2074 
        H513  2 0.1593 0.3425 0.1792 0.1126 0.2063 
        H514  2 0.2466 0.2604 0.1501 0.1650 0.1778 
        H519  2 0.1735 0.3220 0.1804 0.1218 0.2022 
        H532  2 0.1684 0.1524 0.1109 0.3342 0.2341 
        H543  2 0.1829 0.2742 0.0996 0.1964 0.2468 
        H544  2 0.2991 0.2298 0.1895 0.1350 0.1465 
        H545  2 0.2542 0.2436 0.1072 0.1609 0.2341 
        H546  2 0.1841 0.1608 0.3564 0.1613 0.1374 
        H547  2 0.2673 0.2614 0.1084 0.1270 0.2359 
        H548  2 0.1851 0.2002 0.1311 0.2364 0.2472 
        H549  2 0.2115 0.2592 0.1422 0.1134 0.2737 
        H620  2 0.1121 0.1257 0.4935 0.1442 0.1245 
        H623  2 0.2535 0.2599 0.1484 0.1498 0.1884 
        H624  2 0.2357 0.2313 0.2532 0.1066 0.1733 
        H625  2 0.1969 0.1879 0.1480 0.2368 0.2304 
        H626  2 0.1897 0.2345 0.1757 0.1474 0.2526 
        H654  2 0.1198 0.1343 0.5393 0.1016 0.1050 
        H655  2 0.1749 0.2412 0.2223 0.1373 0.2243 
        H656  2 0.1335 0.1108 0.4529 0.1721 0.1306 
        H666  2 0.1518 0.1258 0.4629 0.1029 0.1565 
        H667  2 0.1872 0.2029 0.1472 0.2829 0.1798 
        H677  2 0.2130 0.1884 0.1309 0.2349 0.2328 
        H693  2 0.1309 0.1281 0.3302 0.2785 0.1322 
        H694  2 0.2429 0.2568 0.1521 0.1544 0.1938 
        H701  2 0.1928 0.2673 0.1245 0.1846 0.2308 
        H702  2 0.1709 0.2532 0.1970 0.1765 0.2025 
        H731  2 0.1725 0.1803 0.2430 0.2150 0.1892 
       H7359  2 0.2066 0.2287 0.1507 0.1762 0.2378 
       H7389  2 0.2109 0.1793 0.1424 0.2059 0.2614 
       H7390  2 0.1622 0.1662 0.3260 0.1267 0.2189 
       H7391  2 0.1333 0.1367 0.1205 0.4134 0.1960 
       H7392  2 0.2457 0.1593 0.2028 0.1924 0.1998 
       H7393  2 0.1660 0.2113 0.2449 0.1589 0.2189 
       H7398  2 0.1466 0.1714 0.1608 0.3184 0.2028 
       H7399  2 0.2179 0.1953 0.1148 0.2827 0.1894 
       H7400  2 0.1221 0.1201 0.5361 0.1093 0.1124 
        H745  2 0.3718 0.2170 0.1168 0.1403 0.1541 
        H746  2 0.2287 0.2249 0.1180 0.2407 0.1878 
        H747  2 0.1652 0.1665 0.2763 0.1236 0.2683 
        H748  2 0.1951 0.2581 0.1674 0.1621 0.2173 
       H7484  2 0.1436 0.1344 0.4149 0.1389 0.1682 
       H7485  2 0.2186 0.2988 0.1556 0.1425 0.1844 
        H749  2 0.2236 0.2523 0.1158 0.1927 0.2157 
        H930  2 0.1998 0.2679 0.1035 0.1291 0.2997 
        H931  2 0.2095 0.1851 0.1667 0.2525 0.1862 
        H932  2 0.2044 0.1722 0.1818 0.1924 0.2492 
        H111  3 0.2543 0.2857 0.1196 0.1333 0.2072 
        H951  3 0.2285 0.2542 0.1184 0.1949 0.2042 
        H952  3 0.2462 0.1665 0.1640 0.1680 0.2553 
        H953  3 0.1650 0.1446 0.1106 0.3239 0.2560 
        H954  3 0.1499 0.1957 0.3390 0.1395 0.1759 
        H955  3 0.2183 0.2873 0.1014 0.1393 0.2537 
        H956  3 0.1586 0.1793 0.1604 0.1832 0.3185 
       H9563  3 0.1473 0.1899 0.2162 0.2378 0.2087 
        H002  4 0.2112 0.1807 0.3479 0.1432 0.1170 
        H003  4 0.2127 0.1917 0.1169 0.2974 0.1813 
        H009  4 0.2707 0.2580 0.1339 0.1331 0.2044 
        H010  4 0.2010 0.1856 0.1535 0.2602 0.1997 
        H011  4 0.1297 0.1342 0.4165 0.1927 0.1269 
        H012  4 0.1836 0.2508 0.1212 0.2650 0.1794 
        H013  4 0.1549 0.1907 0.2458 0.2564 0.1522 
        H014  4 0.2026 0.2412 0.1927 0.2117 0.1519 
        H045  4 0.1378 0.1414 0.2410 0.2956 0.1841 
        H046  4 0.2738 0.1692 0.1111 0.2452 0.2007 
        H051  4 0.1529 0.1778 0.2779 0.2322 0.1592 
        H052  4 0.2310 0.1660 0.2961 0.1554 0.1514 
        H053  4 0.1908 0.1887 0.2232 0.1794 0.2178 
        H056  4 0.1814 0.1809 0.3482 0.1466 0.1429 
        H076  4 0.2928 0.1833 0.1187 0.2423 0.1629 
        H151  4 0.1657 0.1546 0.4156 0.1188 0.1453 
        H152  4 0.2301 0.1820 0.3012 0.1499 0.1368 
     H171803  4 0.1752 0.1704 0.2636 0.1566 0.2343 
     H171804  4 0.1645 0.1930 0.2504 0.1688 0.2233 
     H171833  4 0.3110 0.2219 0.1339 0.1611 0.1720 
     H171855  4 0.1741 0.1599 0.4221 0.1136 0.1302 
     H171856  4 0.1878 0.1894 0.1822 0.1495 0.2911 
     H171857  4 0.1993 0.1737 0.3143 0.1406 0.1721 
     H171858  4 0.2324 0.1738 0.1806 0.2191 0.1941 
     H171859  4 0.2130 0.1726 0.2078 0.2180 0.1886 
     H171961  4 0.1574 0.1792 0.2928 0.2114 0.1592 
        H198  4 0.2311 0.2202 0.0891 0.2775 0.1821 
      H20001  4 0.2698 0.2788 0.1408 0.1258 0.1847 
        H403  4 0.2114 0.2001 0.2356 0.1534 0.1995 
        H404  4 0.2040 0.2372 0.1070 0.2704 0.1815 
        H405  4 0.2459 0.1833 0.1192 0.2424 0.2092 
        H406  4 0.2738 0.2407 0.1883 0.1192 0.1779 
        H407  4 0.1790 0.1657 0.1702 0.1882 0.2970 
        H410  4 0.1992 0.1796 0.0998 0.2657 0.2558 
        H411  4 0.2461 0.3106 0.1373 0.1415 0.1645 
        H468  4 0.2543 0.2344 0.1846 0.0974 0.2293 
        H476  4 0.1859 0.2651 0.1869 0.1147 0.2474 
        H477  4 0.2980 0.2193 0.1053 0.1272 0.2501 
        H478  4 0.1859 0.2678 0.1195 0.2592 0.1676 
        H479  4 0.1579 0.1519 0.2731 0.2310 0.1860 
        H480  4 0.2159 0.2910 0.1190 0.1285 0.2456 
        H498  4 0.2309 0.2149 0.1809 0.2150 0.1583 
        H499  4 0.2057 0.1855 0.1924 0.2179 0.1986 
        H500  4 0.1422 0.1611 0.3065 0.1679 0.2224 
        H515  4 0.1703 0.2117 0.2496 0.1754 0.1930 
        H516  4 0.2141 0.2162 0.2197 0.1480 0.2020 
        H517  4 0.1898 0.2012 0.1533 0.2086 0.2470 
        H518  4 0.2242 0.1784 0.2751 0.1241 0.1983 
        H520  4 0.1868 0.1653 0.2832 0.1406 0.2242 
        H521  4 0.2125 0.1835 0.1562 0.2506 0.1972 
        H522  4 0.1952 0.1998 0.2021 0.1375 0.2655 
        H523  4 0.1786 0.2303 0.1862 0.1537 0.2512 
        H536  4 0.2505 0.1457 0.1495 0.2590 0.1953 
        H645  4 0.1272 0.1234 0.2186 0.3641 0.1667 
        H646  4 0.2404 0.1868 0.1066 0.1599 0.3064 
        H647  4 0.2455 0.2004 0.1488 0.1519 0.2533 
        H657  4 0.2213 0.2100 0.1204 0.2064 0.2419 
        H658  4 0.1738 0.1990 0.1637 0.1552 0.3083 
        H659  4 0.1282 0.1618 0.4634 0.1144 0.1322 
        H660  4 0.2008 0.2569 0.2210 0.1526 0.1687 
        H661  4 0.1934 0.2154 0.3095 0.1304 0.1512 
        H668  4 0.1688 0.2105 0.1176 0.3475 0.1557 
        H669  4 0.1701 0.1846 0.1988 0.2598 0.1869 
        H670  4 0.1239 0.1611 0.1930 0.3921 0.1299 
        H678  4 0.1884 0.2600 0.1658 0.1431 0.2426 
        H679  4 0.1849 0.2473 0.1117 0.1852 0.2708 
        H680  4 0.2692 0.1983 0.1804 0.1694 0.1826 
        H681  4 0.1630 0.1878 0.2244 0.2578 0.1670 
        H682  4 0.1574 0.2318 0.1264 0.2043 0.2801 
        H683  4 0.2283 0.1831 0.3057 0.1109 0.1720 
        H718  4 0.1574 0.1134 0.3856 0.1724 0.1712 
        H719  4 0.1498 0.1721 0.2536 0.2564 0.1682 
        H720  4 0.2363 0.2029 0.2442 0.1616 0.1551 
        H721  4 0.2526 0.1804 0.2454 0.1405 0.1811 
        H722  4 0.2749 0.1736 0.2892 0.1145 0.1478 
        H723  4 0.1443 0.1651 0.3131 0.2039 0.1737 
        H724  4 0.1348 0.1262 0.4311 0.1253 0.1826 
        H725  4 0.1524 0.1358 0.4445 0.1257 0.1416 
        H726  4 0.1733 0.1765 0.3347 0.1648 0.1507 
        H727  4 0.1572 0.1561 0.2707 0.2457 0.1702 
        H910  4 0.1558 0.1990 0.2311 0.2070 0.2071 
        H911  4 0.2389 0.1954 0.1440 0.1939 0.2277 
        H912  4 0.2248 0.1958 0.2261 0.1609 0.1924 
        H913  4 0.1630 0.1868 0.2026 0.1354 0.3123 
        H914  4 0.1299 0.1569 0.2806 0.2198 0.2127 
        H915  4 0.1879 0.2464 0.1867 0.1516 0.2275 
        H916  4 0.2154 0.2607 0.1595 0.1150 0.2494 
       H9572  4 0.1939 0.2434 0.2316 0.1598 0.1713 
        H015  5 0.2277 0.3015 0.1358 0.1509 0.1840 
        H016  5 0.3306 0.1986 0.1237 0.1589 0.1881 
        H017  5 0.2267 0.2585 0.1793 0.1194 0.2161 
        H019  5 0.2138 0.2482 0.1838 0.1930 0.1612 
        H020  5 0.2024 0.1483 0.2194 0.2088 0.2210 
        H032  5 0.1948 0.2061 0.2296 0.1608 0.2087 
        H033  5 0.1672 0.2385 0.1312 0.2584 0.2048 
        H034  5 0.1399 0.1745 0.2963 0.2456 0.1437 
        H035  5 0.2030 0.1962 0.1692 0.1600 0.2717 
        H036  5 0.2107 0.2062 0.1337 0.1934 0.2561 
        H037  5 0.1766 0.1876 0.2209 0.1775 0.2375 
        H048  5 0.1475 0.1250 0.3404 0.2099 0.1771 
        H049  5 0.2498 0.2242 0.1993 0.1491 0.1776 
        H054  5 0.2321 0.1583 0.2017 0.2172 0.1908 
        H055  5 0.1865 0.1698 0.2672 0.2508 0.1257 
        H057  5 0.3179 0.2094 0.1874 0.1434 0.1418 
        H060  5 0.2138 0.2076 0.2149 0.2047 0.1590 
        H061  5 0.2008 0.1830 0.1395 0.2767 0.2000 
        H064  5 0.2050 0.1823 0.2659 0.2030 0.1438 
        H070  5 0.1600 0.2194 0.2272 0.2152 0.1781 
        H077  5 0.1497 0.1961 0.3816 0.1415 0.1311 
        H078  5 0.2106 0.1952 0.2677 0.1179 0.2086 
        H079  5 0.1757 0.1776 0.0936 0.2371 0.3160 
        H097  5 0.2558 0.2502 0.2104 0.0975 0.1862 
        H107  5 0.1128 0.1120 0.4568 0.1876 0.1307 
        H122  5 0.2369 0.2119 0.1507 0.1447 0.2557 
        H123  5 0.2482 0.1978 0.1147 0.1823 0.2570 
        H124  5 0.2160 0.1646 0.1188 0.2327 0.2679 
        H131  5 0.1875 0.1844 0.1404 0.2384 0.2494 
        H132  5 0.1884 0.1629 0.2314 0.2247 0.1925 
        H141  5 0.1774 0.1973 0.2296 0.1915 0.2042 
        H142  5 0.2124 0.2700 0.1019 0.2091 0.2066 
        H157  5 0.1618 0.1601 0.3134 0.1745 0.1902 
        H158  5 0.2902 0.2206 0.1175 0.1306 0.2411 
        H159  5 0.2368 0.2529 0.1302 0.1760 0.2042 
        H160  5 0.2107 0.1866 0.1785 0.1512 0.2730 
        H163  5 0.1990 0.2509 0.1384 0.1963 0.2154 
        H164  5 0.1958 0.2600 0.1686 0.2168 0.1588 
        H165  5 0.1693 0.1682 0.1029 0.3696 0.1901 
        H166  5 0.2213 0.2153 0.1495 0.1988 0.2152 
        H169  5 0.1878 0.2217 0.1676 0.2526 0.1704 
     H169613  5 0.1873 0.2622 0.1821 0.1780 0.1904 
     H169653  5 0.2339 0.2241 0.1472 0.2342 0.1606 
     H169728  5 0.2237 0.2460 0.1394 0.1601 0.2308 
     H169742  5 0.1656 0.1312 0.1673 0.3293 0.2066 
        H170  5 0.2925 0.2355 0.1776 0.1516 0.1429 
        H171  5 0.2960 0.2327 0.1644 0.1388 0.1681 
     H171851  5 0.2297 0.2262 0.1873 0.1950 0.1618 
     H171852  5 0.2182 0.1600 0.2875 0.1435 0.1907 
     H171853  5 0.1596 0.2039 0.2618 0.1940 0.1807 
     H171854  5 0.1893 0.2796 0.1883 0.1650 0.1778 
     H171938  5 0.1599 0.1889 0.1592 0.2980 0.1940 
     H171939  5 0.2940 0.1787 0.1360 0.2001 0.1911 
     H171941  5 0.1462 0.1393 0.3718 0.2093 0.1333 
     H171965  5 0.2249 0.2560 0.1333 0.2293 0.1565 
     H171970  5 0.1294 0.1412 0.4564 0.1617 0.1113 
     H171973  5 0.1723 0.1751 0.1142 0.2931 0.2454 
     H171974  5 0.1694 0.1901 0.1866 0.2855 0.1684 
     H171975  5 0.1706 0.1863 0.2568 0.2504 0.1358 
     H171976  5 0.2596 0.2305 0.2130 0.1240 0.1728 
        H175  5 0.1641 0.1410 0.2659 0.2133 0.2157 
        H178  5 0.1972 0.1871 0.2264 0.2082 0.1811 
        H189  5 0.2211 0.2299 0.1075 0.2174 0.2241 
        H399  5 0.3599 0.1554 0.1733 0.1081 0.2033 
        H416  5 0.1751 0.1857 0.2051 0.2281 0.2061 
        H438  5 0.1696 0.2012 0.1772 0.2293 0.2227 
        H450  5 0.1709 0.2043 0.2978 0.1827 0.1442 
        H455  5 0.1302 0.1262 0.4183 0.1998 0.1254 
        H456  5 0.1743 0.1568 0.1748 0.2721 0.2220 
        H457  5 0.2113 0.1918 0.3128 0.1444 0.1397 
        H458  5 0.1752 0.1860 0.2688 0.1979 0.1721 
        H459  5 0.2246 0.2251 0.1073 0.1850 0.2581 
        H460  5 0.1800 0.2358 0.1808 0.1476 0.2557 
        H461  5 0.2561 0.2614 0.1768 0.1257 0.1800 
        H462  5 0.1881 0.2250 0.1221 0.2115 0.2534 
        H469  5 0.1927 0.2479 0.1289 0.2212 0.2093 
        H470  5 0.1854 0.2324 0.2177 0.1848 0.1796 
        H471  5 0.2696 0.2180 0.0997 0.1174 0.2954 
        H481  5 0.1417 0.1260 0.3970 0.1495 0.1858 
        H482  5 0.1850 0.2366 0.2463 0.1673 0.1649 
        H501  5 0.1759 0.2138 0.1986 0.2087 0.2029 
        H502  5 0.2336 0.2824 0.1092 0.1703 0.2045 
        H503  5 0.2395 0.2210 0.1428 0.2015 0.1952 
        H509  5 0.1617 0.1664 0.3108 0.1663 0.1948 
        H510  5 0.2021 0.2297 0.1914 0.2382 0.1386 
        H511  5 0.2072 0.2534 0.1386 0.2284 0.1725 
        H530  5 0.1509 0.1641 0.2222 0.2612 0.2015 
        H531  5 0.1891 0.1643 0.2990 0.1157 0.2319 
        H564  5 0.1849 0.1875 0.2726 0.1813 0.1737 
        H565  5 0.1541 0.1655 0.3861 0.1344 0.1598 
        H567  5 0.2197 0.1874 0.0984 0.2073 0.2872 
     H568???  5 0.2818 0.2144 0.1338 0.1798 0.1902 
        H608  5 0.1583 0.2095 0.2950 0.1707 0.1664 
        H609  5 0.1730 0.1538 0.1627 0.3443 0.1662 
        H612  5 0.1213 0.1407 0.3584 0.2147 0.1649 
        H614  5 0.1831 0.1523 0.3511 0.1279 0.1855 
        H615  5 0.1923 0.2134 0.2564 0.1209 0.2170 
        H616  5 0.1144 0.1146 0.4250 0.1978 0.1482 
        H617  5 0.1872 0.2051 0.1073 0.2314 0.2690 
        H618  5 0.1464 0.1637 0.3571 0.1860 0.1469 
        H619  5 0.1664 0.1536 0.1389 0.3974 0.1437 
        H635  5 0.1799 0.2367 0.1898 0.2284 0.1652 
        H636  5 0.1417 0.1925 0.1217 0.3517 0.1924 
        H637  5 0.1866 0.1744 0.2195 0.2264 0.1931 
        H644  5 0.3629 0.2205 0.0795 0.1481 0.1890 
        H711  5 0.2764 0.2317 0.1666 0.1522 0.1731 
        H712  5 0.1459 0.1389 0.2425 0.2582 0.2145 
       H7360  5 0.2584 0.2014 0.2078 0.1725 0.1600 
       H7361  5 0.1814 0.1989 0.3042 0.1702 0.1453 
       H7362  5 0.3583 0.1998 0.0901 0.1682 0.1835 
       H7363  5 0.2050 0.1950 0.2515 0.1628 0.1857 
       H7394  5 0.1835 0.3044 0.1171 0.1830 0.2120 
       H7395  5 0.1778 0.2293 0.1863 0.2427 0.1639 
       H7396  5 0.1800 0.2238 0.1510 0.1837 0.2615 
        H742  5 0.1695 0.1326 0.1756 0.3238 0.1984 
        H743  5 0.2086 0.1456 0.2016 0.2244 0.2198 
        H744  5 0.1404 0.1344 0.3392 0.1820 0.2040 
        H957  5 0.2212 0.2541 0.2043 0.1543 0.1661 
        H958  5 0.1983 0.2127 0.1271 0.1500 0.3119 
        H959  5 0.1380 0.1708 0.3287 0.2304 0.1320 
        H960  5 0.1775 0.1793 0.1699 0.2533 0.2200 
      H_PALI  6 0.2028 0.2700 0.1494 0.1937 0.1840 
        H581  6 0.1993 0.1934 0.2473 0.1521 0.2079 
        H582  6 0.1620 0.1498 0.4326 0.1253 0.1303 
        H583  6 0.1986 0.1759 0.2340 0.1882 0.2033 
        H595  6 0.2042 0.2850 0.0989 0.1545 0.2575 
        H596  6 0.2012 0.2598 0.1012 0.1798 0.2579 
        H597  6 0.2913 0.1946 0.1174 0.2114 0.1853 
        H598  6 0.1716 0.2086 0.1996 0.2217 0.1984 
        H599  6 0.1541 0.1584 0.3079 0.2035 0.1761 
        H642  6 0.2667 0.2645 0.1473 0.1163 0.2051 
        H643  6 0.1789 0.1783 0.1724 0.2302 0.2402 
        H664  6 0.1897 0.1856 0.3346 0.0892 0.2009 
        H665  6 0.1564 0.1989 0.1552 0.3254 0.1640 
        H674  6 0.3084 0.2491 0.0974 0.1540 0.1911 
        H675  6 0.2182 0.1868 0.2613 0.1488 0.1849 
        H676  6 0.2057 0.3195 0.1453 0.1588 0.1707 
        H686  6 0.2101 0.2495 0.1638 0.2017 0.1750 
        H687  6 0.2215 0.2121 0.1816 0.1423 0.2424 
        H917  6 0.1787 0.2162 0.1030 0.2604 0.2416 
        H918  6 0.1933 0.1785 0.1418 0.3209 0.1655 
        H919  6 0.1383 0.1482 0.3247 0.1892 0.1997 
        H920  6 0.1724 0.2136 0.3015 0.1720 0.1406 
        H631  7 0.1824 0.1843 0.2742 0.2145 0.1446 
        H684  7 0.2653 0.2937 0.1241 0.1777 0.1393 
        H685  7 0.1448 0.1718 0.2870 0.1030 0.2935 
        H713  7 0.1407 0.1585 0.3705 0.1496 0.1807 
        H715  7 0.2645 0.2655 0.1471 0.1736 0.1494 
        H716  7 0.1975 0.1391 0.2582 0.2753 0.1299 
        H717  7 0.1950 0.1843 0.2583 0.2060 0.1565 
        H729  7 0.1760 0.2140 0.0905 0.2539 0.2656 
        H730  7 0.1422 0.1461 0.1727 0.2933 0.2457 
        H431  8 0.1785 0.1703 0.2699 0.1864 0.1949 
        H432  8 0.3004 0.1845 0.1137 0.2204 0.1812 
        H433  8 0.1831 0.2258 0.1390 0.2235 0.2286 
        H434  8 0.2024 0.2406 0.1377 0.1796 0.2396 
        H444  8 0.1666 0.2159 0.1647 0.2888 0.1640 
        H454  8 0.1371 0.1490 0.3948 0.1838 0.1353 
        H475  8 0.1342 0.2038 0.3994 0.1260 0.1366 
        H491  8 0.1809 0.2074 0.2738 0.2006 0.1373 
        H492  8 0.1618 0.2031 0.2504 0.1560 0.2288 
        H493  8 0.2435 0.2108 0.1620 0.1873 0.1964 
        H494  8 0.1930 0.1904 0.2193 0.2037 0.1935 
        H495  8 0.1792 0.2132 0.3641 0.1044 0.1391 
        H662  8 0.2674 0.1953 0.1526 0.1635 0.2212 
        H663  8 0.1876 0.1860 0.1938 0.2218 0.2108 
        H695  8 0.1763 0.1832 0.1920 0.2154 0.2332 
       H7367  8 0.1867 0.2184 0.1024 0.1994 0.2930 
       H7368  8 0.2501 0.2017 0.1419 0.2416 0.1648 
       H7369  8 0.1630 0.1851 0.1889 0.2937 0.1693 
       H7370  8 0.1687 0.2505 0.0796 0.1396 0.3616 
       H7371  8 0.1778 0.2179 0.1367 0.2240 0.2437 
        H600  9 0.1655 0.1879 0.2819 0.1793 0.1855 
        H648  9 0.2140 0.2355 0.2200 0.1645 0.1660 
        H696  9 0.3072 0.2410 0.0888 0.1365 0.2265 
        H697  9 0.1991 0.1924 0.1732 0.2416 0.1938 
        H698  9 0.2217 0.1910 0.1434 0.2387 0.2052 
        H699  9 0.1994 0.2124 0.1997 0.1879 0.2006 
        H700  9 0.1595 0.2128 0.2315 0.2125 0.1837 
        H732  9 0.1848 0.1398 0.3720 0.1222 0.1812 
        H733  9 0.1926 0.2465 0.1226 0.2101 0.2282 
        H734  9 0.2249 0.2932 0.0956 0.1298 0.2565 
        H735  9 0.2051 0.2557 0.1459 0.1668 0.2265 
        H736  9 0.2036 0.2220 0.1765 0.1768 0.2211 
        H737  9 0.1871 0.1469 0.2229 0.2334 0.2096 
        H905  9 0.1522 0.1937 0.2650 0.2430 0.1462 
        H921  9 0.1660 0.1892 0.2243 0.2297 0.1907 
        H922  9 0.1999 0.2689 0.0991 0.2132 0.2189 
     H169705 10 0.1530 0.2030 0.1298 0.1748 0.3395 
     H171942 10 0.3049 0.1928 0.1161 0.2236 0.1626 
     H171943 10 0.2076 0.2129 0.1432 0.1544 0.2819 
     H171944 10 0.1755 0.2311 0.1493 0.1640 0.2802 
     H171946 10 0.2186 0.1856 0.2657 0.1180 0.2120 
     H171947 10 0.2038 0.2283 0.1477 0.2218 0.1984 
     H229641 10 0.1961 0.2405 0.2031 0.1570 0.2033 
      H30001 10 0.1820 0.2342 0.2003 0.1940 0.1895 
      H30002 10 0.1866 0.2088 0.1560 0.2180 0.2305 
      H30005 10 0.2212 0.2103 0.1423 0.1774 0.2488 
      H30006 10 0.2180 0.1637 0.1325 0.1710 0.3148 
      H30007 10 0.3449 0.2017 0.0969 0.1571 0.1995 
        H451 10 0.1993 0.2513 0.1367 0.2512 0.1615 
        H452 10 0.2151 0.1912 0.1521 0.1814 0.2602 
        H453 10 0.1939 0.1514 0.3692 0.1563 0.1292 
        H473 10 0.1985 0.1707 0.2322 0.2205 0.1781 
        H474 10 0.1567 0.1816 0.4010 0.0941 0.1665 
        H486 10 0.1714 0.1858 0.2713 0.1772 0.1943 
        H487 10 0.1898 0.1953 0.2389 0.1635 0.2124 
        H488 10 0.1443 0.1785 0.2138 0.3181 0.1453 
        H489 10 0.1525 0.1755 0.3178 0.1432 0.2110 
        H550 10 0.2497 0.2485 0.1130 0.1350 0.2538 
        H551 10 0.1564 0.1911 0.1614 0.2171 0.2740 
        H553 10 0.1734 0.1396 0.2765 0.1397 0.2708 
        H554 10 0.2100 0.2657 0.1405 0.2155 0.1682 
        H556 10 0.2303 0.1565 0.1766 0.1416 0.2950 
        H580 10 0.2140 0.1823 0.1472 0.2323 0.2243 
        H591 10 0.1275 0.1462 0.4195 0.1582 0.1487 
        H592 10 0.1775 0.2041 0.2140 0.1484 0.2561 
        H593 10 0.1965 0.2613 0.1592 0.2185 0.1646 
        H594 10 0.2599 0.2274 0.0913 0.1819 0.2396 
        H627 10 0.2098 0.2446 0.1988 0.1241 0.2228 
        H628 10 0.2029 0.1513 0.0851 0.4065 0.1542 
        H629 10 0.2293 0.2156 0.2215 0.1319 0.2018 
        H630 10 0.1931 0.2163 0.1664 0.1263 0.2979 
        H638 10 0.1771 0.2833 0.1455 0.1463 0.2478 
        H639 10 0.1975 0.1407 0.3698 0.1288 0.1631 
        H640 10 0.2167 0.2494 0.1247 0.1701 0.2391 
        H704 10 0.3093 0.1671 0.1347 0.2008 0.1881 
        H705 10 0.1687 0.1937 0.1335 0.1735 0.3306 
        H706 10 0.1347 0.1601 0.2540 0.2561 0.1950 
        H708 10 0.1561 0.1881 0.3157 0.1331 0.2070 
       H7351 10 0.2328 0.2186 0.1648 0.1979 0.1859 
       H7352 10 0.1900 0.2009 0.2206 0.1934 0.1950 
       H7353 10 0.3931 0.1867 0.1348 0.1516 0.1338 
       H7354 10 0.1586 0.1854 0.2494 0.2612 0.1453 
       H7365 10 0.1361 0.1446 0.3690 0.1591 0.1912 
       H7383 10 0.1530 0.1939 0.2451 0.2407 0.1672 
       H7384 10 0.1653 0.1626 0.2149 0.2390 0.2181 
       H7385 10 0.1585 0.1990 0.2763 0.1736 0.1925 
       H7386 10 0.1878 0.1840 0.1609 0.2983 0.1689 
       H7387 10 0.2130 0.2163 0.1354 0.2167 0.2185 
       H7388 10 0.2008 0.1692 0.1747 0.2428 0.2126 
        H906 10 0.2361 0.1638 0.2983 0.1757 0.1262 
        H907 10 0.2273 0.2911 0.1246 0.1558 0.2011 
        H908 10 0.1818 0.2549 0.1820 0.1982 0.1832 
        H909 10 0.1729 0.1872 0.1921 0.2992 0.1487 
       H9552 10 0.2368 0.1761 0.1763 0.2095 0.2013 
       H9553 10 0.1852 0.1459 0.2028 0.1705 0.2957 
       H9555 10 0.1747 0.2133 0.1214 0.2144 0.2762 
       H9575 10 0.1998 0.1695 0.2979 0.1395 0.1934 
       H9703 10 0.1428 0.1098 0.3838 0.1405 0.2230 
       H9707 10 0.1684 0.1910 0.3020 0.1441 0.1945 
       HSAA4 10 0.2155 0.1905 0.1440 0.2245 0.2254 
        H001 11 0.1812 0.1488 0.2190 0.2881 0.1630 
        H004 11 0.2110 0.2530 0.1484 0.1948 0.1928 
        H005 11 0.1241 0.1589 0.3832 0.2322 0.1017 
        H006 11 0.1781 0.2145 0.1703 0.2343 0.2028 
        H007 11 0.1322 0.1389 0.3050 0.2514 0.1725 
        H031 11 0.1167 0.1548 0.3779 0.1519 0.1986 
        H074 11 0.1751 0.1969 0.3314 0.1170 0.1796 
        H075 11 0.1433 0.1515 0.3033 0.2161 0.1858 
        H080 11 0.1635 0.1667 0.3303 0.2002 0.1394 
        H086 11 0.1870 0.2058 0.1719 0.1913 0.2440 
        H092 11 0.1752 0.1912 0.2442 0.1687 0.2207 
        H093 11 0.3046 0.2199 0.1025 0.1819 0.1912 
        H094 11 0.1998 0.2635 0.1330 0.1218 0.2819 
        H095 11 0.1832 0.1483 0.2858 0.2101 0.1726 
        H096 11 0.1412 0.1629 0.2389 0.3078 0.1492 
        H099 11 0.1732 0.2193 0.2444 0.1685 0.1947 
        H100 11 0.2494 0.1591 0.0975 0.2921 0.2018 
        H127 11 0.1703 0.1718 0.2381 0.2063 0.2134 
        H136 11 0.1620 0.1788 0.3480 0.1337 0.1775 
        H153 11 0.2136 0.2877 0.1731 0.1571 0.1685 
        H154 11 0.1628 0.1686 0.3333 0.1164 0.2189 
        H155 11 0.1669 0.1568 0.0998 0.3733 0.2032 
        H156 11 0.1745 0.1937 0.0779 0.3779 0.1760 
        H161 11 0.2397 0.2675 0.1600 0.1654 0.1674 
        H162 11 0.2275 0.2324 0.1145 0.1769 0.2487 
        H167 11 0.1939 0.2141 0.1297 0.2569 0.2054 
        H168 11 0.1997 0.1847 0.1573 0.2784 0.1799 
     H169586 11 0.2963 0.1783 0.2477 0.1010 0.1767 
     H169738 11 0.1669 0.1923 0.1086 0.3139 0.2183 
     H169741 11 0.1579 0.1858 0.2442 0.1307 0.2815 
     H171801 11 0.2882 0.2226 0.1386 0.1974 0.1532 
     H171810 11 0.1721 0.2333 0.2560 0.1357 0.2028 
     H171811 11 0.1856 0.1860 0.3290 0.1136 0.1857 
     H171812 11 0.1524 0.1398 0.2024 0.3559 0.1494 
     H171820 11 0.1639 0.1745 0.3314 0.1361 0.1940 
     H171821 11 0.2026 0.2267 0.1418 0.2433 0.1856 
     H171822 11 0.2061 0.2193 0.1492 0.1811 0.2443 
     H171823 11 0.1865 0.2014 0.3828 0.1017 0.1276 
     H171866 11 0.2439 0.1790 0.1417 0.2586 0.1768 
     H171867 11 0.1522 0.2137 0.1192 0.2841 0.2308 
     H171967 11 0.1413 0.1464 0.3097 0.2044 0.1981 
     H171969 11 0.2004 0.2195 0.1846 0.2009 0.1946 
        H172 11 0.2014 0.1818 0.1438 0.2334 0.2394 
        H173 11 0.1425 0.1736 0.1418 0.2832 0.2590 
        H174 11 0.2800 0.2689 0.0994 0.1307 0.2210 
        H196 11 0.1917 0.1675 0.1174 0.2711 0.2522 
        H197 11 0.1632 0.2467 0.1339 0.2632 0.1930 
        H346 11 0.1675 0.1983 0.2027 0.2506 0.1809 
        H355 11 0.1955 0.1344 0.2388 0.2516 0.1797 
        H356 11 0.2053 0.1940 0.2049 0.1900 0.2058 
        H357 11 0.1662 0.1872 0.2711 0.1896 0.1859 
        H358 11 0.1514 0.1901 0.1521 0.2779 0.2285 
        H359 11 0.1995 0.2295 0.1924 0.1631 0.2156 
        H360 11 0.1667 0.1897 0.1824 0.2246 0.2366 
        H361 11 0.1991 0.1845 0.1628 0.2631 0.1905 
        H362 11 0.2167 0.2746 0.0930 0.1845 0.2312 
        H363 11 0.1443 0.1992 0.2937 0.1879 0.1748 
        H364 11 0.2131 0.2048 0.1813 0.2192 0.1817 
        H365 11 0.2014 0.1650 0.1481 0.2923 0.1932 
        H366 11 0.1770 0.1329 0.1365 0.2976 0.2560 
        H367 11 0.1504 0.1586 0.4050 0.1331 0.1529 
        H368 11 0.2410 0.2419 0.1073 0.1392 0.2706 
        H369 11 0.1218 0.1465 0.3982 0.1746 0.1590 
        H370 11 0.2082 0.2229 0.1281 0.2499 0.1909 
        H371 11 0.1777 0.2309 0.1872 0.1551 0.2491 
        H372 11 0.1935 0.1729 0.1507 0.2352 0.2478 
        H373 11 0.1876 0.2234 0.1916 0.2351 0.1624 
        H374 11 0.1680 0.1941 0.2386 0.2415 0.1578 
        H375 11 0.1622 0.1706 0.2332 0.2310 0.2029 
        H376 11 0.2613 0.2018 0.1415 0.2222 0.1732 
        H377 11 0.1686 0.2454 0.1848 0.1849 0.2163 
        H378 11 0.2225 0.1855 0.2232 0.1706 0.1983 
        H379 11 0.2002 0.2609 0.1569 0.1510 0.2309 
        H380 11 0.1680 0.1982 0.1134 0.3472 0.1732 
        H381 11 0.1946 0.1981 0.3165 0.1100 0.1807 
        H382 11 0.2079 0.2636 0.0884 0.2612 0.1790 
        H383 11 0.2480 0.1856 0.1080 0.3121 0.1463 
        H384 11 0.1943 0.1748 0.2265 0.1604 0.2440 
        H385 11 0.1737 0.2501 0.2357 0.1464 0.1940 
        H386 11 0.1454 0.1869 0.1296 0.3573 0.1808 
        H387 11 0.3207 0.1788 0.2004 0.1445 0.1557 
        H388 11 0.2016 0.1437 0.0973 0.3121 0.2453 
        H389 11 0.1569 0.1915 0.1914 0.2381 0.2220 
        H390 11 0.1851 0.2305 0.1517 0.2157 0.2170 
        H391 11 0.2560 0.1862 0.1338 0.1541 0.2700 
        H392 11 0.1408 0.1569 0.2915 0.2355 0.1752 
        H393 11 0.2846 0.1980 0.1196 0.2326 0.1651 
        H394 11 0.3405 0.2131 0.1318 0.1335 0.1811 
        H395 11 0.1532 0.1560 0.3125 0.2264 0.1520 
        H408 11 0.1336 0.1534 0.1973 0.3500 0.1656 
        H412 11 0.1927 0.1599 0.3736 0.0727 0.2010 
        H417 11 0.1777 0.1862 0.2034 0.1873 0.2455 
        H418 11 0.2439 0.2079 0.2351 0.1251 0.1881 
        H429 11 0.2052 0.1829 0.1466 0.2616 0.2036 
        H430 11 0.1911 0.2137 0.1219 0.2634 0.2100 
        H439 11 0.1723 0.2146 0.1825 0.1931 0.2376 
        H440 11 0.1476 0.1627 0.3537 0.1771 0.1588 
        H441 11 0.1959 0.2422 0.1497 0.2025 0.2096 
        H442 11 0.2170 0.1662 0.1367 0.2887 0.1913 
        H446 11 0.2406 0.2057 0.1600 0.1645 0.2291 
        H447 11 0.1698 0.1962 0.1039 0.2500 0.2801 
        H448 11 0.1520 0.1552 0.1424 0.3146 0.2358 
        H534 11 0.1768 0.1620 0.3975 0.1304 0.1333 
        H537 11 0.1939 0.1423 0.3886 0.1566 0.1187 
        H568 11 0.1281 0.1615 0.4494 0.1137 0.1472 
        H569 11 0.1672 0.2060 0.0790 0.2484 0.2993 
        H586 11 0.3078 0.1902 0.2357 0.0951 0.1712 
        H587 11 0.1408 0.1392 0.3870 0.1503 0.1827 
        H588 11 0.3364 0.1907 0.1146 0.1883 0.1700 
        H589 11 0.1511 0.1417 0.3742 0.1822 0.1507 
        H590 11 0.1761 0.1633 0.3427 0.1655 0.1524 
        H601 11 0.2235 0.2330 0.1080 0.2211 0.2144 
        H602 11 0.1725 0.1939 0.2460 0.1854 0.2022 
        H603 11 0.1673 0.2406 0.1259 0.2704 0.1957 
