        H102  1 0.2687 0.3839 0.3474 
        H103  1 0.5232 0.1909 0.2860 
        H104  1 0.2014 0.4494 0.3492 
        H105  1 0.2811 0.2924 0.4265 
        H106  1 0.3472 0.3722 0.2806 
        H112  1 0.2423 0.4373 0.3204 
        H113  1 0.2401 0.2607 0.4992 
        H114  1 0.2506 0.1995 0.5499 
        H115  1 0.1942 0.3764 0.4294 
        H143  1 0.2982 0.2637 0.4381 
        H144  1 0.4763 0.1686 0.3551 
        H145  1 0.4696 0.1840 0.3464 
        H149  1 0.2480 0.4762 0.2758 
        H150  1 0.3483 0.3121 0.3396 
     H167542  1 0.2331 0.2644 0.5025 
     H169604  1 0.2944 0.2690 0.4366 
     H169607  1 0.3984 0.2150 0.3866 
     H169608  1 0.2565 0.4830 0.2605 
     H169633  1 0.2876 0.1975 0.5150 
     H169688  1 0.5086 0.2694 0.2220 
     H169714  1 0.2753 0.4035 0.3212 
     H171802  1 0.2919 0.4433 0.2648 
     H171805  1 0.3977 0.2643 0.3380 
     H171807  1 0.3430 0.4128 0.2442 
     H171814  1 0.4311 0.1891 0.3798 
     H171816  1 0.3010 0.4146 0.2844 
     H171817  1 0.2423 0.4171 0.3406 
     H171818  1 0.3309 0.3042 0.3649 
     H171819  1 0.2891 0.3376 0.3733 
     H171834  1 0.3250 0.3247 0.3504 
     H171835  1 0.2004 0.5230 0.2766 
     H171836  1 0.4427 0.1465 0.4107 
     H171837  1 0.2207 0.3607 0.4186 
     H171838  1 0.4805 0.2317 0.2878 
     H171839  1 0.2251 0.3617 0.4132 
     H171841  1 0.2630 0.5721 0.1649 
     H171860  1 0.2744 0.3053 0.4203 
     H171861  1 0.3769 0.1578 0.4653 
     H171862  1 0.3325 0.2949 0.3726 
     H171868  1 0.2328 0.2592 0.5080 
     H171869  1 0.4781 0.2480 0.2739 
     H171870  1 0.3865 0.3762 0.2373 
     H171871  1 0.4445 0.2437 0.3117 
     H171872  1 0.2326 0.3612 0.4062 
     H171873  1 0.3925 0.3734 0.2341 
     H171874  1 0.3888 0.2605 0.3507 
     H171875  1 0.3279 0.1646 0.5075 
     H171876  1 0.3505 0.2408 0.4088 
     H171877  1 0.2043 0.2872 0.5085 
     H171878  1 0.3808 0.4088 0.2105 
     H171901  1 0.2869 0.4439 0.2692 
     H171902  1 0.3971 0.3098 0.2931 
     H171903  1 0.3044 0.3044 0.3912 
     H171935  1 0.3797 0.4327 0.1875 
     H171936  1 0.2700 0.2166 0.5134 
     H171940  1 0.2872 0.4054 0.3074 
     H171945  1 0.3859 0.3017 0.3125 
     H171948  1 0.2753 0.3976 0.3271 
     H171949  1 0.2439 0.5286 0.2274 
     H171950  1 0.2287 0.5448 0.2265 
     H171963  1 0.4704 0.2387 0.2909 
     H171964  1 0.5076 0.2270 0.2655 
     H171966  1 0.3593 0.3556 0.2851 
     H171968  1 0.3351 0.3618 0.3031 
     H171971  1 0.4316 0.3456 0.2229 
     H171972  1 0.4786 0.2144 0.3070 
     H171977  1 0.4440 0.2082 0.3478 
     H171978  1 0.3156 0.4468 0.2376 
     H171979  1 0.4715 0.1914 0.3371 
        H176  1 0.2834 0.2700 0.4466 
        H177  1 0.2135 0.5424 0.2440 
        H179  1 0.1889 0.4123 0.3988 
        H181  1 0.4318 0.2520 0.3162 
        H182  1 0.4163 0.1787 0.4050 
        H183  1 0.5193 0.2517 0.2290 
        H184  1 0.2990 0.3913 0.3096 
        H185  1 0.4000 0.2143 0.3858 
        H186  1 0.3769 0.3575 0.2656 
        H187  1 0.3595 0.3424 0.2981 
        H188  1 0.2092 0.3810 0.4098 
        H192  1 0.2584 0.4882 0.2534 
        H193  1 0.4531 0.2168 0.3301 
        H194  1 0.2791 0.3314 0.3895 
        H195  1 0.5362 0.2404 0.2234 
        H199  1 0.5013 0.2251 0.2736 
        H200  1 0.2765 0.3872 0.3362 
        H414  1 0.3891 0.2833 0.3276 
        H415  1 0.3064 0.2345 0.4591 
        H422  1 0.3611 0.3471 0.2919 
        H423  1 0.2060 0.6030 0.1910 
        H424  1 0.4543 0.2024 0.3433 
        H425  1 0.4817 0.2136 0.3046 
        H426  1 0.5576 0.2577 0.1846 
        H443  1 0.4332 0.2207 0.3461 
        H466  1 0.3114 0.3651 0.3235 
        H467  1 0.2354 0.5494 0.2152 
        H472  1 0.3260 0.3133 0.3607 
        H483  1 0.3414 0.2372 0.4214 
        H504  1 0.4989 0.2021 0.2990 
        H505  1 0.2674 0.4316 0.3010 
        H506  1 0.3475 0.3288 0.3238 
        H507  1 0.4128 0.1602 0.4271 
        H508  1 0.3498 0.3919 0.2583 
        H524  1 0.3509 0.2157 0.4334 
        H525  1 0.3763 0.2653 0.3584 
        H526  1 0.2369 0.2224 0.5407 
        H527  1 0.2814 0.4532 0.2654 
        H528  1 0.3863 0.1935 0.4203 
        H529  1 0.4080 0.1817 0.4103 
        H533  1 0.4166 0.1958 0.3876 
        H538  1 0.2849 0.3314 0.3837 
        H539  1 0.4417 0.3022 0.2562 
        H540  1 0.3137 0.3229 0.3635 
        H541  1 0.2558 0.2730 0.4712 
        H558  1 0.5425 0.2481 0.2094 
        H559  1 0.2934 0.2997 0.4069 
        H579  1 0.4282 0.2295 0.3423 
        H584  1 0.4784 0.2309 0.2908 
        H585  1 0.3821 0.2763 0.3415 
        H605  1 0.3106 0.3957 0.2937 
        H606  1 0.2015 0.4891 0.3094 
        H632  1 0.4374 0.2342 0.3284 
        H634  1 0.4040 0.2794 0.3166 
        H671  1 0.2170 0.5200 0.2630 
        H672  1 0.3307 0.3107 0.3586 
        H673  1 0.4164 0.2558 0.3278 
        H689  1 0.3477 0.2362 0.4162 
        H690  1 0.2115 0.4034 0.3850 
        H691  1 0.2439 0.2642 0.4918 
        H692  1 0.5163 0.1281 0.3556 
        H709  1 0.3465 0.2892 0.3643 
        H710  1 0.4844 0.1649 0.3507 
       H7355  1 0.2546 0.1787 0.5667 
       H7356  1 0.4088 0.3033 0.2878 
       H7357  1 0.2468 0.3526 0.4006 
       H7358  1 0.3647 0.2250 0.4103 
       H7380  1 0.3331 0.2518 0.4151 
       H7381  1 0.3188 0.4615 0.2197 
       H7382  1 0.3551 0.2631 0.3818 
        H904  1 0.1567 0.6003 0.2431 
        H923  1 0.3166 0.3618 0.3216 
        H924  1 0.2892 0.3850 0.3258 
        H925  1 0.2709 0.2308 0.4983 
       H9558  1 0.5729 0.2290 0.1981 
        H008  2 0.3266 0.1813 0.4921 
        H021  2 0.2552 0.4178 0.3271 
        H023  2 0.2319 0.4379 0.3302 
        H024  2 0.4732 0.1822 0.3446 
        H025  2 0.3556 0.4296 0.2147 
        H026  2 0.4930 0.1885 0.3185 
        H027  2 0.2790 0.2651 0.4559 
        H028  2 0.4072 0.2598 0.3329 
        H029  2 0.3411 0.2057 0.4533 
        H030  2 0.4970 0.1834 0.3196 
        H038  2 0.2767 0.4519 0.2715 
        H039  2 0.1446 0.7046 0.1508 
        H040  2 0.2737 0.4691 0.2572 
        H041  2 0.2391 0.2509 0.5100 
        H042  2 0.3202 0.3505 0.3293 
        H043  2 0.2819 0.5480 0.1701 
        H044  2 0.5156 0.2153 0.2691 
        H047  2 0.3604 0.4034 0.2362 
        H050  2 0.4343 0.2252 0.3405 
        H058  2 0.3591 0.4144 0.2265 
        H062  2 0.2544 0.4149 0.3307 
        H063  2 0.2385 0.4911 0.2704 
        H065  2 0.4389 0.3161 0.2450 
        H066  2 0.4052 0.2964 0.2984 
        H067  2 0.3024 0.2412 0.4564 
        H068  2 0.2715 0.5205 0.2080 
        H069  2 0.4311 0.3060 0.2629 
        H071  2 0.2509 0.4305 0.3186 
        H072  2 0.2091 0.5550 0.2359 
        H073  2 0.3704 0.2398 0.3898 
        H081  2 0.2054 0.3218 0.4728 
        H082  2 0.5095 0.1931 0.2974 
        H083  2 0.5281 0.2119 0.2600 
        H084  2 0.3346 0.3411 0.3243 
        H085  2 0.2238 0.2448 0.5314 
        H087  2 0.2148 0.2682 0.5170 
        H088  2 0.2374 0.4483 0.3143 
        H089  2 0.2900 0.2590 0.4509 
        H090  2 0.4218 0.2115 0.3667 
        H091  2 0.3004 0.1736 0.5259 
        H098  2 0.3547 0.2619 0.3834 
      H10001  2 0.1424 0.7060 0.1516 
      H10002  2 0.2245 0.4415 0.3340 
        H101  2 0.4581 0.2369 0.3050 
        H108  2 0.1971 0.4706 0.3323 
        H109  2 0.3124 0.3966 0.2909 
        H110  2 0.2662 0.2197 0.5141 
        H116  2 0.4130 0.2466 0.3404 
        H117  2 0.2370 0.1886 0.5744 
        H118  2 0.3952 0.1535 0.4513 
        H119  2 0.2274 0.3711 0.4015 
        H120  2 0.1698 0.5636 0.2667 
        H121  2 0.3603 0.1913 0.4484 
        H125  2 0.1410 0.7003 0.1587 
        H126  2 0.4883 0.2648 0.2469 
        H128  2 0.5624 0.1054 0.3322 
        H129  2 0.5554 0.1994 0.2452 
        H130  2 0.3552 0.4837 0.1611 
        H133  2 0.2451 0.5645 0.1904 
        H134  2 0.6088 0.1703 0.2209 
        H135  2 0.2639 0.3115 0.4246 
        H137  2 0.3352 0.2998 0.3650 
        H138  2 0.4977 0.2145 0.2878 
        H140  2 0.3538 0.2815 0.3647 
        H146  2 0.3699 0.2251 0.4049 
        H147  2 0.2818 0.2311 0.4871 
        H148  2 0.2065 0.2249 0.5687 
     H166022  2 0.3540 0.2009 0.4451 
     H167359  2 0.3619 0.3064 0.3317 
     H167397  2 0.4159 0.1286 0.4555 
     H167428  2 0.3299 0.1336 0.5365 
     H167496  2 0.1790 0.5115 0.3095 
     H167513  2 0.4170 0.3504 0.2326 
     H167545  2 0.5028 0.2096 0.2876 
     H167547  2 0.5162 0.1772 0.3066 
     H169621  2 0.4208 0.2079 0.3714 
     H169622  2 0.4018 0.2228 0.3755 
     H169750  2 0.3963 0.4083 0.1954 
     H171806  2 0.3096 0.3448 0.3457 
     H171808  2 0.3390 0.2688 0.3922 
     H171809  2 0.2552 0.3251 0.4197 
     H171813  2 0.3982 0.3337 0.2681 
     H171815  2 0.2475 0.5654 0.1871 
     H171824  2 0.1775 0.4094 0.4131 
     H171825  2 0.3837 0.2625 0.3538 
     H171826  2 0.2387 0.3472 0.4140 
     H171827  2 0.3055 0.3518 0.3427 
     H171828  2 0.1525 0.5883 0.2591 
     H171829  2 0.4210 0.3257 0.2534 
     H171830  2 0.3237 0.3286 0.3477 
     H171831  2 0.4778 0.1787 0.3435 
     H171832  2 0.4340 0.2688 0.2972 
     H171863  2 0.5715 0.1698 0.2586 
     H171864  2 0.2675 0.2903 0.4422 
     H171865  2 0.2489 0.5085 0.2425 
     H171879  2 0.3590 0.2891 0.3518 
     H171880  2 0.3399 0.2248 0.4352 
     H171881  2 0.3478 0.2614 0.3908 
     H171882  2 0.1875 0.6247 0.1878 
     H171929  2 0.3310 0.2726 0.3964 
     H171930  2 0.5222 0.1878 0.2900 
     H171933  2 0.3331 0.2865 0.3804 
     H171934  2 0.2570 0.2878 0.4552 
     H171937  2 0.5127 0.2405 0.2467 
     H171962  2 0.3468 0.2575 0.3957 
        H190  2 0.4066 0.2640 0.3294 
        H191  2 0.3489 0.3382 0.3130 
        H396  2 0.2620 0.3094 0.4286 
        H397  2 0.3695 0.2898 0.3407 
        H398  2 0.3687 0.3508 0.2805 
        H400  2 0.2698 0.2911 0.4391 
        H401  2 0.4865 0.1407 0.3728 
        H402  2 0.3511 0.2128 0.4361 
        H427  2 0.2434 0.2703 0.4863 
        H428  2 0.3190 0.1358 0.5452 
        H497  2 0.3366 0.4264 0.2370 
        H512  2 0.3279 0.2928 0.3793 
        H513  2 0.4041 0.3606 0.2352 
        H514  2 0.4651 0.2837 0.2511 
        H519  2 0.3871 0.3646 0.2483 
        H532  2 0.2506 0.1942 0.5552 
        H543  2 0.3638 0.2043 0.4319 
        H544  2 0.5039 0.3036 0.1925 
        H545  2 0.5443 0.1896 0.2661 
        H546  2 0.2982 0.4927 0.2091 
        H547  2 0.5178 0.1750 0.3073 
        H548  2 0.2792 0.2688 0.4521 
        H549  2 0.4226 0.3341 0.2433 
        H620  2 0.1650 0.6410 0.1940 
        H623  2 0.5189 0.2429 0.2382 
        H624  2 0.3747 0.4493 0.1760 
        H625  2 0.3219 0.2542 0.4239 
        H626  2 0.3109 0.3253 0.3639 
        H654  2 0.1661 0.6953 0.1385 
        H655  2 0.2921 0.4530 0.2549 
        H656  2 0.1909 0.5800 0.2291 
        H666  2 0.2283 0.6054 0.1663 
        H667  2 0.2900 0.2648 0.4451 
        H677  2 0.2963 0.2584 0.4454 
        H693  2 0.1893 0.4872 0.3235 
        H694  2 0.4874 0.2458 0.2667 
        H701  2 0.3846 0.2363 0.3791 
        H702  2 0.2923 0.3909 0.3169 
        H731  2 0.2404 0.4054 0.3542 
       H7359  2 0.3507 0.3097 0.3396 
       H7389  2 0.3202 0.2830 0.3968 
       H7390  2 0.2220 0.5574 0.2206 
       H7391  2 0.1748 0.2272 0.5980 
       H7392  2 0.3718 0.3547 0.2735 
       H7393  2 0.2927 0.4041 0.3032 
       H7398  2 0.2236 0.2692 0.5071 
       H7399  2 0.3660 0.2101 0.4240 
       H7400  2 0.1766 0.6656 0.1578 
        H745  2 0.5559 0.2013 0.2429 
        H746  2 0.3888 0.2144 0.3968 
        H747  2 0.2401 0.5080 0.2519 
        H748  2 0.3335 0.3216 0.3449 
       H7484  2 0.2181 0.5462 0.2357 
       H7485  2 0.4291 0.3000 0.2709 
        H749  2 0.3895 0.2382 0.3723 
        H930  2 0.4805 0.1972 0.3223 
        H931  2 0.2983 0.2914 0.4104 
        H932  2 0.2958 0.2990 0.4052 
        H111  3 0.5060 0.2228 0.2711 
        H951  3 0.4123 0.2108 0.3768 
        H952  3 0.3985 0.2894 0.3122 
        H953  3 0.2427 0.2002 0.5571 
        H954  3 0.2397 0.5457 0.2145 
        H955  3 0.4815 0.1963 0.3221 
        H956  3 0.2664 0.3470 0.3866 
       H9563  3 0.2636 0.3501 0.3863 
        H002  4 0.3325 0.4746 0.1929 
        H003  4 0.3384 0.2084 0.4532 
        H009  4 0.4794 0.2553 0.2653 
        H010  4 0.2859 0.2917 0.4224 
        H011  4 0.1911 0.5725 0.2364 
        H012  4 0.3067 0.2152 0.4781 
        H013  4 0.2585 0.3796 0.3619 
        H014  4 0.3690 0.3227 0.3083 
        H045  4 0.2242 0.3880 0.3878 
        H046  4 0.3978 0.2114 0.3907 
        H051  4 0.2398 0.4367 0.3235 
        H052  4 0.3621 0.4244 0.2136 
        H053  4 0.2704 0.3901 0.3396 
        H056  4 0.2968 0.4897 0.2135 
        H076  4 0.4194 0.2029 0.3778 
        H151  4 0.2266 0.5922 0.1812 
        H152  4 0.3398 0.4333 0.2269 
     H171803  4 0.2592 0.4629 0.2779 
     H171804  4 0.2566 0.4243 0.3191 
     H171833  4 0.5258 0.2298 0.2444 
     H171855  4 0.2655 0.5468 0.1877 
     H171856  4 0.3064 0.3578 0.3358 
     H171857  4 0.2942 0.4630 0.2427 
     H171858  4 0.3450 0.3039 0.3511 
     H171859  4 0.3146 0.3575 0.3279 
     H171961  4 0.2618 0.4455 0.2927 
        H198  4 0.4063 0.1617 0.4320 
      H20001  4 0.5337 0.2522 0.2141 
        H403  4 0.3388 0.3852 0.2760 
        H404  4 0.3139 0.2289 0.4571 
        H405  4 0.3631 0.2022 0.4348 
        H406  4 0.4939 0.2741 0.2320 
        H407  4 0.2397 0.3589 0.4013 
        H410  4 0.3146 0.1712 0.5142 
        H411  4 0.5085 0.2311 0.2604 
        H468  4 0.4861 0.3246 0.1893 
        H476  4 0.3697 0.3895 0.2408 
        H477  4 0.5463 0.2133 0.2404 
        H478  4 0.3602 0.2485 0.3913 
        H479  4 0.2538 0.4067 0.3395 
        H480  4 0.5068 0.2066 0.2866 
        H498  4 0.3922 0.2984 0.3094 
        H499  4 0.3379 0.3217 0.3404 
        H500  4 0.1870 0.5373 0.2758 
        H515  4 0.2874 0.3936 0.3190 
        H516  4 0.3831 0.3416 0.2753 
        H517  4 0.3157 0.2899 0.3945 
        H518  4 0.3689 0.4111 0.2200 
        H520  4 0.2850 0.4702 0.2449 
        H521  4 0.3022 0.2936 0.4042 
        H522  4 0.3251 0.4050 0.2699 
        H523  4 0.3253 0.3697 0.3050 
        H536  4 0.3370 0.2835 0.3795 
        H645  4 0.1908 0.3558 0.4534 
        H646  4 0.4500 0.2035 0.3465 
        H647  4 0.3743 0.3171 0.3086 
        H657  4 0.3761 0.2170 0.4069 
        H658  4 0.3194 0.3503 0.3303 
        H659  4 0.1771 0.6490 0.1739 
        H660  4 0.3624 0.3893 0.2483 
        H661  4 0.2801 0.5048 0.2151 
        H668  4 0.2818 0.2152 0.5030 
        H669  4 0.2564 0.3408 0.4028 
        H670  4 0.1982 0.3479 0.4538 
        H678  4 0.3322 0.3181 0.3498 
        H679  4 0.3973 0.2195 0.3831 
        H680  4 0.3721 0.3241 0.3038 
        H681  4 0.2635 0.3716 0.3650 
        H682  4 0.3054 0.2637 0.4309 
        H683  4 0.3636 0.4388 0.1976 
        H718  4 0.2495 0.5182 0.2323 
        H719  4 0.2925 0.3836 0.3239 
        H720  4 0.3683 0.4035 0.2282 
        H721  4 0.3851 0.3803 0.2345 
        H722  4 0.4205 0.4010 0.1785 
        H723  4 0.1986 0.4282 0.3732 
        H724  4 0.1955 0.5843 0.2202 
        H725  4 0.2368 0.5693 0.1939 
        H726  4 0.2638 0.4566 0.2795 
        H727  4 0.2144 0.4193 0.3664 
        H910  4 0.2449 0.4040 0.3511 
        H911  4 0.3793 0.2451 0.3756 
        H912  4 0.3550 0.3584 0.2866 
        H913  4 0.3100 0.4063 0.2837 
        H914  4 0.1735 0.4541 0.3724 
        H915  4 0.3218 0.3588 0.3194 
        H916  4 0.4410 0.3047 0.2543 
       H9572  4 0.3369 0.4145 0.2485 
        H015  5 0.5335 0.2256 0.2409 
        H016  5 0.5075 0.2224 0.2702 
        H017  5 0.4503 0.3349 0.2148 
        H019  5 0.4219 0.2909 0.2872 
        H020  5 0.3252 0.3648 0.3099 
        H032  5 0.3203 0.3650 0.3146 
        H033  5 0.3333 0.2552 0.4115 
        H034  5 0.2088 0.4313 0.3599 
        H035  5 0.3312 0.3159 0.3529 
        H036  5 0.3978 0.2596 0.3426 
        H037  5 0.2493 0.4548 0.2959 
        H048  5 0.2035 0.5016 0.2949 
        H049  5 0.4746 0.2975 0.2279 
        H054  5 0.2990 0.3079 0.3931 
        H055  5 0.2728 0.3884 0.3387 
        H057  5 0.4656 0.3357 0.1987 
        H060  5 0.3110 0.4161 0.2729 
        H061  5 0.3217 0.2498 0.4285 
        H064  5 0.3031 0.4066 0.2903 
        H070  5 0.2483 0.3673 0.3843 
        H077  5 0.2585 0.5335 0.2079 
        H078  5 0.3203 0.4550 0.2247 
        H079  5 0.2686 0.1978 0.5336 
        H097  5 0.4718 0.3608 0.1673 
        H107  5 0.1695 0.6096 0.2209 
        H122  5 0.4185 0.3000 0.2816 
        H123  5 0.3875 0.2087 0.4037 
        H124  5 0.3109 0.2140 0.4751 
        H131  5 0.3649 0.2293 0.4058 
        H132  5 0.2743 0.3734 0.3522 
        H141  5 0.2720 0.4058 0.3222 
        H142  5 0.4277 0.2173 0.3549 
        H157  5 0.2204 0.5094 0.2702 
        H158  5 0.5084 0.2012 0.2904 
        H159  5 0.4729 0.2199 0.3072 
        H160  5 0.3720 0.3350 0.2929 
        H163  5 0.3920 0.2477 0.3603 
        H164  5 0.3908 0.2669 0.3424 
        H165  5 0.2918 0.1951 0.5132 
        H166  5 0.4567 0.2398 0.3035 
        H169  5 0.3456 0.2834 0.3709 
     H169613  5 0.3931 0.3232 0.2837 
     H169653  5 0.4021 0.2424 0.3555 
     H169728  5 0.4063 0.2774 0.3163 
     H169742  5 0.2377 0.3447 0.4176 
        H170  5 0.4831 0.2967 0.2201 
        H171  5 0.4988 0.2593 0.2419 
     H171851  5 0.4071 0.3146 0.2783 
     H171852  5 0.3233 0.4409 0.2358 
     H171853  5 0.2709 0.3884 0.3407 
     H171854  5 0.3871 0.3220 0.2909 
     H171938  5 0.2424 0.2963 0.4613 
     H171939  5 0.4509 0.2268 0.3223 
     H171941  5 0.2338 0.5056 0.2606 
     H171965  5 0.4093 0.2314 0.3594 
     H171970  5 0.2017 0.5910 0.2072 
     H171973  5 0.2589 0.2203 0.5208 
     H171974  5 0.2478 0.3218 0.4305 
     H171975  5 0.2883 0.3684 0.3433 
     H171976  5 0.4775 0.3285 0.1939 
        H175  5 0.2229 0.4530 0.3242 
        H178  5 0.3136 0.3603 0.3260 
        H189  5 0.4454 0.1857 0.3689 
        H399  5 0.4818 0.2863 0.2319 
        H416  5 0.2690 0.3521 0.3789 
        H438  5 0.2405 0.3075 0.4520 
        H450  5 0.2687 0.4931 0.2382 
        H455  5 0.1935 0.5494 0.2571 
        H456  5 0.2546 0.3146 0.4308 
        H457  5 0.3375 0.4549 0.2076 
        H458  5 0.2635 0.4163 0.3203 
        H459  5 0.4357 0.1962 0.3681 
        H460  5 0.3303 0.3613 0.3084 
        H461  5 0.4887 0.2804 0.2309 
        H462  5 0.3329 0.2567 0.4104 
        H469  5 0.3645 0.2098 0.4257 
        H470  5 0.2996 0.4007 0.2997 
        H471  5 0.5129 0.2038 0.2833 
        H481  5 0.1971 0.5749 0.2280 
        H482  5 0.2882 0.4265 0.2853 
        H501  5 0.2893 0.3625 0.3482 
        H502  5 0.4734 0.2049 0.3217 
        H503  5 0.4135 0.2652 0.3213 
        H509  5 0.2385 0.4761 0.2854 
        H510  5 0.3804 0.3114 0.3082 
        H511  5 0.4015 0.2467 0.3519 
        H530  5 0.2357 0.3663 0.3979 
        H531  5 0.2649 0.5039 0.2312 
        H564  5 0.2973 0.4289 0.2738 
        H565  5 0.2538 0.5303 0.2160 
        H567  5 0.4206 0.1705 0.4089 
     H568???  5 0.4585 0.2274 0.3141 
        H608  5 0.2460 0.4921 0.2619 
        H609  5 0.2692 0.2746 0.4562 
        H612  5 0.1638 0.5541 0.2820 
        H614  5 0.2632 0.5204 0.2164 
        H615  5 0.2978 0.4954 0.2068 
        H616  5 0.1536 0.5803 0.2661 
        H617  5 0.3299 0.2075 0.4626 
        H618  5 0.2174 0.5028 0.2798 
        H619  5 0.2727 0.2479 0.4795 
        H635  5 0.3376 0.3106 0.3517 
        H636  5 0.2235 0.2293 0.5472 
        H637  5 0.2970 0.3661 0.3368 
        H644  5 0.6339 0.1389 0.2272 
        H711  5 0.4723 0.2753 0.2524 
        H712  5 0.2108 0.3915 0.3977 
       H7360  5 0.4049 0.3445 0.2507 
       H7361  5 0.2785 0.4415 0.2799 
       H7362  5 0.5684 0.1581 0.2734 
       H7363  5 0.3360 0.3828 0.2813 
       H7394  5 0.4204 0.2200 0.3597 
       H7395  5 0.2949 0.3399 0.3652 
       H7396  5 0.3308 0.3180 0.3512 
        H742  5 0.2374 0.3478 0.4148 
        H743  5 0.2992 0.3591 0.3417 
        H744  5 0.1891 0.5197 0.2912 
        H957  5 0.4117 0.3417 0.2466 
        H958  5 0.3690 0.2791 0.3520 
        H959  5 0.1998 0.4982 0.3019 
        H960  5 0.2884 0.3038 0.4078 
      H_PALI  6 0.4019 0.3079 0.2902 
        H581  6 0.3189 0.4051 0.2760 
        H582  6 0.2534 0.5710 0.1756 
        H583  6 0.3198 0.3673 0.3129 
        H595  6 0.4491 0.1853 0.3656 
        H596  6 0.4323 0.1833 0.3844 
        H597  6 0.4380 0.1950 0.3670 
        H598  6 0.2699 0.3477 0.3824 
        H599  6 0.2721 0.4406 0.2873 
        H642  6 0.4922 0.2489 0.2588 
        H643  6 0.2768 0.3015 0.4218 
        H664  6 0.3053 0.5316 0.1631 
        H665  6 0.2231 0.2864 0.4905 
        H674  6 0.5763 0.1654 0.2583 
        H675  6 0.3356 0.4060 0.2583 
        H676  6 0.4592 0.2426 0.2982 
        H686  6 0.3891 0.3217 0.2892 
        H687  6 0.3870 0.3240 0.2890 
        H917  6 0.3277 0.1965 0.4758 
        H918  6 0.3138 0.2683 0.4179 
        H919  6 0.1766 0.5059 0.3175 
        H920  6 0.2935 0.4660 0.2405 
        H631  7 0.2706 0.4569 0.2725 
        H684  7 0.5206 0.2126 0.2668 
        H685  7 0.2456 0.5116 0.2428 
        H713  7 0.2098 0.5694 0.2208 
        H715  7 0.4700 0.2418 0.2882 
        H716  7 0.3044 0.3840 0.3117 
        H717  7 0.3079 0.4045 0.2876 
        H729  7 0.2715 0.1752 0.5533 
        H730  7 0.2135 0.3143 0.4722 
        H431  8 0.2261 0.4103 0.3636 
        H432  8 0.5116 0.1885 0.2999 
        H433  8 0.3236 0.2557 0.4207 
        H434  8 0.3690 0.2749 0.3561 
        H444  8 0.3134 0.2818 0.4049 
        H454  8 0.2134 0.5498 0.2368 
        H475  8 0.2326 0.5620 0.2054 
        H491  8 0.3081 0.4317 0.2601 
        H492  8 0.2601 0.4912 0.2487 
        H493  8 0.4043 0.2970 0.2988 
        H494  8 0.3098 0.3667 0.3235 
        H495  8 0.3305 0.4971 0.1725 
        H662  8 0.4091 0.3037 0.2872 
        H663  8 0.3007 0.3343 0.3650 
        H695  8 0.2529 0.3581 0.3890 
       H7367  8 0.3437 0.1892 0.4671 
       H7368  8 0.3680 0.2538 0.3783 
       H7369  8 0.2617 0.2813 0.4569 
       H7370  8 0.4359 0.1821 0.3820 
       H7371  8 0.2819 0.2932 0.4249 
        H600  9 0.2495 0.4714 0.2791 
        H648  9 0.3713 0.3257 0.3030 
        H696  9 0.5962 0.1603 0.2435 
        H697  9 0.2952 0.2697 0.4351 
        H698  9 0.3505 0.2397 0.4099 
        H699  9 0.3465 0.3189 0.3346 
        H700  9 0.2323 0.4522 0.3155 
        H732  9 0.2862 0.5126 0.2012 
        H733  9 0.3513 0.2117 0.4369 
        H734  9 0.5122 0.2014 0.2864 
        H735  9 0.3970 0.2554 0.3476 
        H736  9 0.3369 0.3593 0.3037 
        H737  9 0.2593 0.3582 0.3825 
        H905  9 0.2313 0.4149 0.3538 
        H921  9 0.2243 0.3926 0.3831 
        H922  9 0.4005 0.1963 0.4032 
     H169705 10 0.3424 0.2413 0.4163 
     H171942 10 0.5118 0.1842 0.3040 
     H171943 10 0.3913 0.2893 0.3194 
     H171944 10 0.2652 0.3088 0.4259 
     H171946 10 0.3430 0.4605 0.1965 
     H171947 10 0.3914 0.2736 0.3349 
     H229641 10 0.3538 0.3569 0.2893 
      H30001 10 0.2700 0.3514 0.3785 
      H30002 10 0.3259 0.3061 0.3679 
      H30005 10 0.3137 0.2575 0.4288 
      H30006 10 0.4424 0.2266 0.3310 
      H30007 10 0.5911 0.1675 0.2414 
        H451 10 0.4191 0.2226 0.3582 
        H452 10 0.3757 0.2748 0.3495 
        H453 10 0.2748 0.5202 0.2050 
        H473 10 0.2991 0.3746 0.3263 
        H474 10 0.2328 0.6107 0.1565 
        H486 10 0.2717 0.4408 0.2875 
        H487 10 0.2537 0.4297 0.3166 
        H488 10 0.2361 0.3497 0.4142 
        H489 10 0.2165 0.5186 0.2649 
        H550 10 0.5135 0.2467 0.2399 
        H551 10 0.2450 0.3553 0.3998 
        H553 10 0.2717 0.4631 0.2652 
        H554 10 0.4068 0.2633 0.3299 
        H556 10 0.3886 0.3438 0.2677 
        H580 10 0.3137 0.2519 0.4344 
        H591 10 0.1892 0.5847 0.2261 
        H592 10 0.2777 0.4020 0.3203 
        H593 10 0.3498 0.3107 0.3394 
        H594 10 0.4806 0.1593 0.3601 
        H627 10 0.3850 0.3808 0.2343 
        H628 10 0.2935 0.1515 0.5550 
        H629 10 0.4059 0.3556 0.2385 
        H630 10 0.3750 0.3486 0.2764 
        H638 10 0.3544 0.2740 0.3716 
        H639 10 0.3128 0.4848 0.2024 
        H640 10 0.4471 0.2465 0.3063 
        H704 10 0.4673 0.2052 0.3274 
        H705 10 0.3391 0.2391 0.4219 
        H706 10 0.1870 0.4232 0.3898 
        H708 10 0.2082 0.5647 0.2270 
       H7351 10 0.4154 0.3024 0.2823 
       H7352 10 0.3110 0.3353 0.3538 
       H7353 10 0.5281 0.2137 0.2582 
       H7354 10 0.2720 0.4030 0.3250 
       H7365 10 0.2042 0.5497 0.2461 
       H7383 10 0.2327 0.3939 0.3735 
       H7384 10 0.2420 0.3608 0.3972 
       H7385 10 0.2404 0.4478 0.3118 
       H7386 10 0.3151 0.2871 0.3979 
       H7387 10 0.3285 0.2682 0.4033 
       H7388 10 0.2949 0.2737 0.4313 
        H906 10 0.3465 0.4318 0.2217 
        H907 10 0.4390 0.2268 0.3342 
        H908 10 0.2833 0.3315 0.3853 
        H909 10 0.2744 0.3263 0.3994 
       H9552 10 0.3383 0.2886 0.3730 
       H9553 10 0.2808 0.3846 0.3346 
       H9555 10 0.2925 0.2390 0.4685 
       H9575 10 0.2948 0.4834 0.2218 
       H9703 10 0.2229 0.5183 0.2588 
       H9707 10 0.2611 0.4798 0.2591 
       HSAA4 10 0.3246 0.2496 0.4258 
        H001 11 0.2560 0.3487 0.3953 
        H004 11 0.3429 0.3151 0.3420 
        H005 11 0.1957 0.5281 0.2763 
        H006 11 0.2957 0.3296 0.3747 
        H007 11 0.1922 0.4741 0.3337 
        H031 11 0.1762 0.5706 0.2532 
        H074 11 0.2774 0.5195 0.2031 
        H075 11 0.1940 0.4918 0.3142 
        H080 11 0.2189 0.4523 0.3288 
        H086 11 0.3063 0.3223 0.3714 
        H092 11 0.2579 0.3994 0.3427 
        H093 11 0.5268 0.1743 0.2989 
        H094 11 0.4086 0.2770 0.3145 
        H095 11 0.2430 0.4413 0.3157 
        H096 11 0.2234 0.3904 0.3862 
        H099 11 0.2778 0.4102 0.3120 
        H100 11 0.4121 0.1957 0.3922 
        H127 11 0.2517 0.3871 0.3612 
        H136 11 0.2071 0.5612 0.2317 
        H153 11 0.4486 0.2881 0.2633 
        H154 11 0.2376 0.5372 0.2251 
        H155 11 0.2642 0.1725 0.5634 
        H156 11 0.3185 0.1461 0.5354 
        H161 11 0.4251 0.2955 0.2795 
        H162 11 0.4208 0.2130 0.3662 
        H167 11 0.3123 0.2496 0.4381 
        H168 11 0.3049 0.2662 0.4289 
     H169586 11 0.4509 0.3880 0.1611 
     H169738 11 0.2753 0.2110 0.5137 
     H169741 11 0.2805 0.4789 0.2406 
     H171801 11 0.5193 0.2334 0.2473 
     H171810 11 0.2851 0.5041 0.2107 
     H171811 11 0.2733 0.5216 0.2051 
     H171812 11 0.2246 0.3489 0.4264 
     H171820 11 0.2645 0.5026 0.2329 
     H171821 11 0.3158 0.2397 0.4445 
     H171822 11 0.2993 0.2923 0.4084 
     H171823 11 0.3360 0.5101 0.1540 
     H171866 11 0.3723 0.2278 0.3999 
     H171867 11 0.2647 0.2265 0.5088 
     H171967 11 0.2076 0.4754 0.3170 
     H171969 11 0.3346 0.3234 0.3420 
        H172 11 0.2939 0.2789 0.4272 
        H173 11 0.2325 0.2742 0.4933 
        H174 11 0.4744 0.1884 0.3372 
        H196 11 0.2793 0.1967 0.5240 
        H197 11 0.2977 0.2530 0.4493 
        H346 11 0.2737 0.3565 0.3698 
        H355 11 0.2763 0.3901 0.3337 
        H356 11 0.2874 0.3902 0.3223 
        H357 11 0.2342 0.4604 0.3053 
        H358 11 0.2155 0.2913 0.4932 
        H359 11 0.3374 0.3530 0.3095 
        H360 11 0.2863 0.3157 0.3980 
        H361 11 0.3011 0.2711 0.4278 
        H362 11 0.4078 0.1691 0.4231 
        H363 11 0.2171 0.4866 0.2963 
        H364 11 0.3636 0.3225 0.3139 
        H365 11 0.3168 0.2607 0.4226 
        H366 11 0.2828 0.2314 0.4858 
        H367 11 0.2282 0.5466 0.2253 
        H368 11 0.4825 0.2717 0.2457 
        H369 11 0.1810 0.5398 0.2793 
        H370 11 0.3624 0.2571 0.3805 
        H371 11 0.3590 0.3145 0.3265 
        H372 11 0.3057 0.2624 0.4319 
        H373 11 0.3181 0.3191 0.3628 
        H374 11 0.2551 0.4056 0.3394 
        H375 11 0.2655 0.3961 0.3383 
        H376 11 0.4035 0.2409 0.3556 
        H377 11 0.2784 0.3848 0.3368 
        H378 11 0.3134 0.3841 0.3025 
        H379 11 0.3656 0.3222 0.3122 
        H380 11 0.3017 0.2056 0.4927 
        H381 11 0.2896 0.5119 0.1985 
        H382 11 0.4234 0.1584 0.4182 
        H383 11 0.3912 0.1885 0.4203 
        H384 11 0.2687 0.4452 0.2861 
        H385 11 0.2887 0.4168 0.2945 
        H386 11 0.2251 0.2436 0.5313 
        H387 11 0.4906 0.2992 0.2102 
        H388 11 0.2947 0.1766 0.5288 
        H389 11 0.2382 0.3508 0.4110 
        H390 11 0.3469 0.2803 0.3728 
        H391 11 0.4264 0.2407 0.3328 
        H392 11 0.2083 0.4681 0.3236 
        H393 11 0.4770 0.2063 0.3167 
        H394 11 0.5697 0.2154 0.2149 
        H395 11 0.1994 0.4576 0.3431 
        H408 11 0.2350 0.3209 0.4441 
        H412 11 0.3006 0.5649 0.1345 
        H417 11 0.2844 0.3762 0.3395 
        H418 11 0.4029 0.3565 0.2406 
        H429 11 0.3232 0.2636 0.4132 
        H430 11 0.3362 0.2263 0.4374 
        H439 11 0.2664 0.3422 0.3914 
        H440 11 0.2160 0.5162 0.2677 
        H441 11 0.3372 0.2523 0.4104 
        H442 11 0.3269 0.2487 0.4244 
        H446 11 0.3665 0.3123 0.3212 
        H447 11 0.2741 0.2231 0.5028 
        H448 11 0.2292 0.2811 0.4897 
        H534 11 0.2425 0.5697 0.1879 
        H537 11 0.2839 0.5167 0.1994 
        H568 11 0.1876 0.6163 0.1962 
        H569 11 0.3585 0.1635 0.4781 
        H586 11 0.4626 0.3866 0.1508 
        H587 11 0.1913 0.5849 0.2238 
        H588 11 0.5305 0.1976 0.2719 
        H589 11 0.2055 0.5407 0.2539 
        H590 11 0.2502 0.4830 0.2668 
        H601 11 0.4074 0.1961 0.3964 
        H602 11 0.2522 0.3953 0.3526 
        H603 11 0.2876 0.2231 0.4894 
        H610 11 0.2725 0.3827 0.3448 
        H611 11 0.2961 0.4558 0.2481 
        H649 11 0.3759 0.3295 0.2946 
        H650 11 0.5053 0.2334 0.2613 
        H651 11 0.2374 0.2697 0.4929 
        H652 11 0.3994 0.3324 0.2682 
       H7364 11 0.3263 0.2449 0.4288 
       H7366 11 0.2317 0.3226 0.4457 
       H7378 11 0.6358 0.1283 0.2359 
       H7379 11 0.3100 0.3002 0.3898 
        H739 11 0.2619 0.4822 0.2558 
        H740 11 0.4545 0.2458 0.2997 
        H741 11 0.2654 0.4886 0.2460 
        H926 11 0.4314 0.2707 0.2980 
        H927 11 0.2789 0.2168 0.5042 
        H928 11 0.3824 0.3280 0.2897 
       H9560 11 0.3929 0.2886 0.3185 
        H409 12 0.3387 0.2211 0.4402 
        H413 12 0.5803 0.2102 0.2095 
        H419 12 0.2687 0.2621 0.4693 
        H420 12 0.2715 0.4016 0.3268 
        H421 12 0.4338 0.1778 0.3884 
        H435 12 0.4261 0.2236 0.3503 
        H436 12 0.2338 0.3380 0.4282 
        H437 12 0.2986 0.4936 0.2078 
        H445 12 0.2746 0.2115 0.5139 
        H449 12 0.4219 0.2616 0.3165 
        H463 12 0.3132 0.4297 0.2571 
        H464 12 0.5443 0.2020 0.2537 
        H465 12 0.4905 0.3199 0.1896 
        H490 12 0.5205 0.2001 0.2793 
        H561 12 0.3561 0.3074 0.3366 
        H562 12 0.2385 0.2915 0.4700 
        H563 12 0.2604 0.3480 0.3916 
        H570 12 0.2034 0.4364 0.3602 
        H571 12 0.4293 0.3307 0.2400 
        H572 12 0.3121 0.4142 0.2736 
        H573 12 0.3019 0.2120 0.4861 
       H7372 12 0.3038 0.1526 0.5436 
       H7373 12 0.5749 0.2121 0.2130 
       H7374 12 0.2653 0.4151 0.3197 
       H7375 12 0.2354 0.4365 0.3281 
       H7376 12 0.2433 0.1862 0.5705 
       H7377 12 0.2691 0.4353 0.2956 
