        H102  1 0.1327 0.1072 0.1333 0.1611 0.0384 0.1226 0.3048 
        H103  1 0.2498 0.1614 0.2083 0.0474 0.0762 0.2063 0.0508 
        H104  1 0.0777 0.0956 0.1157 0.1523 0.2000 0.1507 0.2079 
        H105  1 0.1289 0.1331 0.1162 0.2184 0.0857 0.1295 0.1881 
        H106  1 0.1412 0.1505 0.1883 0.1198 0.1018 0.1665 0.1318 
        H112  1 0.1044 0.1280 0.1340 0.0851 0.1234 0.1177 0.3074 
        H113  1 0.1117 0.1122 0.0760 0.1216 0.4051 0.0900 0.0834 
        H114  1 0.1459 0.1292 0.0928 0.1210 0.3395 0.1070 0.0646 
        H115  1 0.0999 0.0919 0.1354 0.1955 0.1227 0.0952 0.2594 
        H143  1 0.1478 0.1490 0.0993 0.2109 0.0836 0.1190 0.1904 
        H144  1 0.2357 0.2625 0.0860 0.2156 0.0634 0.0889 0.0478 
        H145  1 0.2614 0.1875 0.1186 0.0914 0.0790 0.1284 0.1337 
        H149  1 0.1096 0.1156 0.1562 0.1247 0.0827 0.1796 0.2315 
        H150  1 0.1785 0.2184 0.0981 0.0939 0.2142 0.0834 0.1135 
     H167542  1 0.0712 0.0808 0.0648 0.5413 0.1000 0.0693 0.0726 
     H169604  1 0.1636 0.1213 0.0943 0.2324 0.1651 0.1247 0.0985 
     H169607  1 0.2906 0.1452 0.0915 0.1562 0.0924 0.1449 0.0792 
     H169608  1 0.0767 0.0729 0.1662 0.0623 0.0431 0.0680 0.5108 
     H169633  1 0.1243 0.1373 0.0904 0.2315 0.2628 0.0832 0.0705 
     H169688  1 0.2001 0.2110 0.2213 0.0636 0.0621 0.1593 0.0827 
     H169714  1 0.1343 0.1477 0.1554 0.1016 0.1741 0.1436 0.1433 
     H171802  1 0.0999 0.0944 0.1542 0.0740 0.2556 0.1678 0.1541 
     H171805  1 0.1912 0.1561 0.2050 0.0957 0.0809 0.2044 0.0667 
     H171807  1 0.1672 0.1575 0.1401 0.1123 0.0699 0.1309 0.2222 
     H171814  1 0.1561 0.1884 0.0856 0.0718 0.3661 0.0735 0.0585 
     H171816  1 0.1368 0.1324 0.1644 0.0845 0.1123 0.1627 0.2069 
     H171817  1 0.1332 0.1201 0.1357 0.1074 0.1474 0.1668 0.1894 
     H171818  1 0.1551 0.1651 0.1463 0.2023 0.0905 0.1590 0.0817 
     H171819  1 0.1689 0.1178 0.1308 0.0826 0.2291 0.1509 0.1200 
     H171834  1 0.1468 0.1423 0.1871 0.1075 0.0764 0.1364 0.2034 
     H171835  1 0.0651 0.0862 0.1526 0.0783 0.2633 0.1840 0.1705 
     H171836  1 0.1464 0.1808 0.1494 0.1018 0.2052 0.1813 0.0350 
     H171837  1 0.0962 0.0999 0.1162 0.2620 0.1872 0.0837 0.1547 
     H171838  1 0.2516 0.1374 0.1969 0.0501 0.0958 0.2026 0.0656 
     H171839  1 0.1015 0.0980 0.1233 0.1672 0.2449 0.1400 0.1252 
     H171841  1 0.0678 0.0849 0.1587 0.0333 0.0371 0.1019 0.5164 
     H171860  1 0.1214 0.1197 0.1077 0.1475 0.2083 0.0954 0.2000 
     H171861  1 0.1374 0.1712 0.1358 0.1447 0.1213 0.2434 0.0463 
     H171862  1 0.1895 0.1681 0.1377 0.1144 0.0950 0.1698 0.1256 
     H171868  1 0.1176 0.1243 0.0999 0.3526 0.0734 0.0920 0.1403 
     H171869  1 0.2095 0.2525 0.1874 0.0899 0.0716 0.1159 0.0731 
     H171870  1 0.1438 0.1638 0.2446 0.0844 0.0685 0.1641 0.1308 
     H171871  1 0.1633 0.1889 0.1605 0.0486 0.2075 0.1597 0.0714 
     H171872  1 0.1059 0.1012 0.1027 0.1541 0.2425 0.1155 0.1782 
     H171873  1 0.1571 0.1692 0.1787 0.0854 0.1120 0.1967 0.1009 
     H171874  1 0.1947 0.2051 0.1352 0.1202 0.0754 0.1549 0.1146 
     H171875  1 0.1739 0.1819 0.1078 0.1983 0.1556 0.1384 0.0441 
     H171876  1 0.2147 0.1972 0.0912 0.2020 0.1015 0.1101 0.0834 
     H171877  1 0.0553 0.0616 0.1078 0.5650 0.0951 0.0530 0.0621 
     H171878  1 0.1439 0.1745 0.2239 0.0957 0.0413 0.2225 0.0982 
     H171901  1 0.1198 0.1089 0.1970 0.0712 0.1167 0.1981 0.1883 
     H171902  1 0.2653 0.1583 0.0810 0.1096 0.0516 0.1535 0.1806 
     H171903  1 0.1795 0.1728 0.1526 0.0842 0.1515 0.1306 0.1288 
     H171935  1 0.1552 0.1571 0.2022 0.0452 0.0783 0.1982 0.1638 
     H171936  1 0.1402 0.1180 0.0921 0.2189 0.2899 0.0833 0.0577 
     H171940  1 0.1118 0.1414 0.1278 0.3243 0.0478 0.0976 0.1494 
     H171945  1 0.1807 0.1918 0.1116 0.1026 0.0891 0.1296 0.1946 
     H171948  1 0.1276 0.1232 0.1690 0.0968 0.0977 0.1299 0.2559 
     H171949  1 0.0919 0.1107 0.1374 0.1609 0.0732 0.1578 0.2680 
     H171950  1 0.0720 0.0813 0.1946 0.0789 0.0784 0.2053 0.2895 
     H171963  1 0.2014 0.2101 0.2444 0.0859 0.0777 0.1272 0.0533 
     H171964  1 0.3500 0.2260 0.1113 0.0679 0.0948 0.0874 0.0627 
     H171966  1 0.1639 0.1815 0.1961 0.0853 0.0704 0.1916 0.1112 
     H171968  1 0.2215 0.1179 0.0952 0.1457 0.0494 0.1451 0.2253 
     H171971  1 0.1906 0.1870 0.1740 0.0561 0.1001 0.1837 0.1084 
     H171972  1 0.1906 0.2265 0.1400 0.0632 0.1804 0.1310 0.0683 
     H171977  1 0.2060 0.2171 0.1281 0.1857 0.1214 0.0943 0.0475 
     H171978  1 0.1414 0.1713 0.1890 0.0672 0.0703 0.1821 0.1787 
     H171979  1 0.2282 0.1883 0.1688 0.0715 0.1245 0.1561 0.0626 
        H176  1 0.1158 0.1272 0.1059 0.1301 0.1839 0.0746 0.2625 
        H177  1 0.1096 0.0876 0.1633 0.1376 0.0591 0.1392 0.3036 
        H179  1 0.0750 0.0726 0.1121 0.3151 0.1284 0.1450 0.1518 
        H181  1 0.1749 0.2383 0.1340 0.1123 0.0975 0.1590 0.0840 
        H182  1 0.2500 0.1643 0.1585 0.0961 0.0729 0.1952 0.0630 
        H183  1 0.1875 0.2308 0.1712 0.0968 0.0778 0.1546 0.0813 
        H184  1 0.1091 0.1248 0.1502 0.1620 0.0808 0.1468 0.2263 
        H185  1 0.1964 0.1963 0.1391 0.1926 0.1037 0.1065 0.0655 
        H186  1 0.2052 0.2388 0.1349 0.1336 0.0422 0.0935 0.1519 
        H187  1 0.1427 0.1282 0.2188 0.1113 0.1063 0.2040 0.0887 
        H188  1 0.0691 0.0875 0.0732 0.4681 0.1292 0.0758 0.0971 
        H192  1 0.1159 0.1338 0.1892 0.1222 0.0647 0.1653 0.2088 
        H193  1 0.2131 0.1864 0.2003 0.1452 0.0379 0.1293 0.0878 
        H194  1 0.1577 0.1360 0.1390 0.1292 0.1605 0.1525 0.1252 
        H195  1 0.1984 0.2795 0.2039 0.0714 0.0552 0.0923 0.0993 
        H199  1 0.2879 0.1930 0.1114 0.0919 0.0840 0.1428 0.0889 
        H200  1 0.1063 0.1251 0.1139 0.1396 0.2153 0.1124 0.1874 
        H414  1 0.1557 0.1745 0.1656 0.0607 0.1045 0.2129 0.1262 
        H415  1 0.1674 0.1545 0.0976 0.1023 0.2743 0.1169 0.0869 
        H422  1 0.2096 0.1876 0.0946 0.0909 0.0625 0.1123 0.2424 
        H423  1 0.0742 0.0846 0.1090 0.0595 0.0565 0.1383 0.4780 
        H424  1 0.1742 0.2457 0.1208 0.0811 0.1492 0.1595 0.0695 
        H425  1 0.2397 0.3007 0.0999 0.1026 0.0864 0.1171 0.0536 
        H426  1 0.2327 0.2620 0.1543 0.0672 0.0545 0.1500 0.0794 
        H443  1 0.1913 0.3095 0.0711 0.2647 0.0526 0.0534 0.0575 
        H466  1 0.1393 0.1550 0.1848 0.1249 0.1037 0.1717 0.1206 
        H467  1 0.0964 0.1175 0.2316 0.0804 0.0860 0.2327 0.1553 
        H472  1 0.1662 0.1363 0.1074 0.2171 0.1197 0.1294 0.1239 
        H483  1 0.1737 0.1931 0.0987 0.2602 0.0597 0.1168 0.0979 
        H504  1 0.3200 0.1841 0.0819 0.0716 0.1260 0.1401 0.0761 
        H505  1 0.1056 0.1216 0.1483 0.2403 0.0979 0.1682 0.1182 
        H506  1 0.1731 0.1877 0.1393 0.1479 0.0849 0.0964 0.1706 
        H507  1 0.1881 0.1715 0.1528 0.1513 0.1355 0.1624 0.0384 
        H508  1 0.1477 0.1412 0.2232 0.0736 0.0909 0.2192 0.1042 
        H524  1 0.1261 0.1281 0.0879 0.1649 0.3338 0.1054 0.0538 
        H525  1 0.1907 0.2052 0.1617 0.1722 0.0855 0.0921 0.0925 
        H526  1 0.1039 0.0891 0.0569 0.4453 0.1519 0.0727 0.0802 
        H527  1 0.1343 0.1309 0.1663 0.0945 0.0643 0.1757 0.2340 
        H528  1 0.1709 0.1657 0.1093 0.1020 0.2419 0.1139 0.0964 
        H529  1 0.1754 0.2023 0.1192 0.1698 0.1648 0.1209 0.0476 
        H533  1 0.2056 0.1242 0.1655 0.0627 0.1290 0.2593 0.0537 
        H538  1 0.1400 0.1127 0.1027 0.2510 0.1443 0.1145 0.1348 
        H539  1 0.1671 0.1425 0.2930 0.0646 0.0605 0.1757 0.0966 
        H540  1 0.1806 0.1654 0.1481 0.1206 0.1171 0.1625 0.1056 
        H541  1 0.1203 0.1151 0.0823 0.3096 0.1872 0.0999 0.0856 
        H558  1 0.2029 0.1492 0.2241 0.0420 0.0588 0.2397 0.0834 
        H559  1 0.1824 0.1485 0.0909 0.2473 0.0517 0.0931 0.1862 
        H579  1 0.2146 0.1640 0.1736 0.1389 0.0479 0.1705 0.0906 
        H584  1 0.2128 0.2382 0.1401 0.0930 0.1171 0.1175 0.0813 
        H585  1 0.1894 0.1691 0.1572 0.1022 0.1274 0.1866 0.0683 
        H605  1 0.1496 0.1395 0.1242 0.1094 0.0915 0.1598 0.2260 
        H606  1 0.0862 0.0848 0.0891 0.1544 0.0519 0.1050 0.4286 
        H632  1 0.2744 0.2354 0.1066 0.1352 0.0880 0.0716 0.0888 
        H634  1 0.1654 0.1703 0.1752 0.1340 0.0996 0.1544 0.1011 
        H671  1 0.1060 0.0978 0.1187 0.0836 0.0987 0.1973 0.2978 
        H672  1 0.0693 0.0978 0.0975 0.0843 0.4902 0.0900 0.0710 
        H673  1 0.1465 0.2576 0.1024 0.2620 0.0486 0.0938 0.0891 
        H689  1 0.1771 0.2114 0.0872 0.2329 0.1123 0.1063 0.0729 
        H690  1 0.0927 0.0875 0.1832 0.1246 0.1573 0.0860 0.2687 
        H691  1 0.1218 0.1053 0.0953 0.3691 0.1045 0.1096 0.0944 
        H692  1 0.1687 0.3052 0.1311 0.0912 0.1237 0.1450 0.0351 
        H709  1 0.1436 0.1473 0.1416 0.0792 0.2181 0.1453 0.1250 
        H710  1 0.2193 0.1929 0.1504 0.0664 0.1532 0.1676 0.0503 
       H7355  1 0.1575 0.1126 0.0871 0.2427 0.2247 0.0903 0.0852 
       H7356  1 0.1732 0.1850 0.1649 0.1032 0.0936 0.1596 0.1206 
       H7357  1 0.1129 0.1100 0.1378 0.2474 0.0855 0.1365 0.1700 
       H7358  1 0.1058 0.1147 0.0672 0.4112 0.1248 0.0915 0.0849 
       H7380  1 0.2113 0.1668 0.1002 0.1438 0.0801 0.1322 0.1655 
       H7381  1 0.1259 0.2346 0.1297 0.0943 0.0703 0.1293 0.2159 
       H7382  1 0.1891 0.2088 0.1375 0.1413 0.1052 0.0998 0.1183 
        H904  1 0.0625 0.0734 0.1244 0.1240 0.0434 0.1510 0.4212 
        H923  1 0.1138 0.1563 0.1316 0.1699 0.1536 0.1434 0.1313 
        H924  1 0.1248 0.1428 0.1203 0.2226 0.1106 0.1026 0.1763 
        H925  1 0.1074 0.0890 0.0609 0.5328 0.0908 0.0619 0.0571 
       H9558  1 0.1735 0.1535 0.2426 0.0403 0.0518 0.2743 0.0640 
        H008  2 0.1451 0.1478 0.1752 0.1637 0.1798 0.1270 0.0614 
        H021  2 0.1286 0.1143 0.1547 0.1931 0.0905 0.1637 0.1550 
        H023  2 0.1182 0.0875 0.1374 0.3126 0.0598 0.1365 0.1480 
        H024  2 0.1175 0.1479 0.0973 0.0431 0.4809 0.0714 0.0417 
        H025  2 0.1266 0.1669 0.1437 0.1253 0.0625 0.1365 0.2384 
        H026  2 0.2050 0.2433 0.0741 0.0800 0.2698 0.0854 0.0424 
        H027  2 0.1077 0.1263 0.1027 0.2314 0.2682 0.0964 0.0673 
        H028  2 0.1893 0.1967 0.1523 0.1336 0.1059 0.1448 0.0773 
        H029  2 0.1625 0.1386 0.0837 0.2072 0.2657 0.0921 0.0501 
        H030  2 0.2092 0.1890 0.1878 0.0471 0.2007 0.1142 0.0518 
        H038  2 0.1054 0.0942 0.2470 0.1620 0.0582 0.2094 0.1238 
        H039  2 0.0429 0.0417 0.0942 0.0367 0.0485 0.1147 0.6213 
        H040  2 0.0907 0.0875 0.2483 0.0736 0.0833 0.2683 0.1482 
        H041  2 0.0918 0.1096 0.0904 0.2825 0.2687 0.0830 0.0740 
        H042  2 0.1342 0.1415 0.1029 0.2557 0.0805 0.1455 0.1397 
        H043  2 0.0812 0.0859 0.2982 0.0381 0.0343 0.1640 0.2983 
        H044  2 0.1783 0.1728 0.2110 0.0537 0.1092 0.2077 0.0673 
        H047  2 0.1277 0.1568 0.1582 0.0628 0.1111 0.1580 0.2254 
        H050  2 0.1068 0.1067 0.0906 0.0461 0.4773 0.1014 0.0711 
        H058  2 0.1212 0.1717 0.2338 0.0925 0.0820 0.2035 0.0953 
        H062  2 0.0856 0.0727 0.0858 0.5039 0.0378 0.0878 0.1264 
        H063  2 0.0945 0.1136 0.2004 0.1126 0.1101 0.1774 0.1913 
        H065  2 0.1611 0.2996 0.1040 0.1538 0.0541 0.1049 0.1225 
        H066  2 0.1574 0.1525 0.1772 0.0444 0.1867 0.2129 0.0688 
        H067  2 0.1830 0.1471 0.0990 0.2740 0.1032 0.1042 0.0895 
        H068  2 0.1008 0.1114 0.1492 0.1340 0.1058 0.2043 0.1945 
        H069  2 0.1737 0.1763 0.1852 0.1115 0.0902 0.1740 0.0891 
        H071  2 0.1272 0.1445 0.1382 0.1356 0.1370 0.1192 0.1982 
        H072  2 0.0710 0.0780 0.1568 0.1035 0.1024 0.1355 0.3527 
        H073  2 0.1973 0.1801 0.1136 0.1607 0.1334 0.1491 0.0657 
        H081  2 0.0921 0.0913 0.1020 0.3946 0.1175 0.0859 0.1166 
        H082  2 0.1527 0.2171 0.2012 0.0643 0.1460 0.1652 0.0535 
        H083  2 0.1983 0.2301 0.2301 0.0751 0.0857 0.1238 0.0569 
        H084  2 0.1340 0.1343 0.1723 0.0944 0.1904 0.1812 0.0934 
        H085  2 0.0848 0.0844 0.0703 0.3370 0.2807 0.0635 0.0793 
        H087  2 0.1129 0.0982 0.0829 0.4284 0.0833 0.0837 0.1106 
        H088  2 0.1234 0.1175 0.1449 0.1434 0.0970 0.1492 0.2246 
        H089  2 0.1061 0.1302 0.0904 0.3927 0.0965 0.1212 0.0629 
        H090  2 0.0789 0.1030 0.0724 0.0675 0.5471 0.0721 0.0589 
        H091  2 0.0751 0.0749 0.0505 0.1339 0.5808 0.0504 0.0343 
        H098  2 0.1231 0.1514 0.1420 0.1614 0.2394 0.1058 0.0768 
      H10001  2 0.0404 0.0414 0.0882 0.0448 0.0366 0.1108 0.6378 
      H10002  2 0.1008 0.0921 0.1468 0.1598 0.0653 0.1264 0.3088 
        H101  2 0.0789 0.1072 0.1014 0.0431 0.4913 0.1209 0.0572 
        H108  2 0.0802 0.0940 0.0754 0.3022 0.0438 0.0897 0.3147 
        H109  2 0.1346 0.1306 0.1489 0.0467 0.2204 0.1926 0.1261 
        H110  2 0.1477 0.1219 0.1202 0.2282 0.1253 0.1500 0.1067 
        H116  2 0.1946 0.2041 0.1678 0.0814 0.1605 0.1186 0.0729 
        H117  2 0.0773 0.0671 0.0493 0.0968 0.6080 0.0652 0.0363 
        H118  2 0.0915 0.1301 0.0652 0.1543 0.4650 0.0537 0.0404 
        H119  2 0.0957 0.1175 0.0961 0.1158 0.3036 0.1419 0.1295 
        H120  2 0.0586 0.0654 0.1140 0.2473 0.0420 0.0899 0.3828 
        H121  2 0.0711 0.0909 0.0510 0.1801 0.5178 0.0485 0.0407 
        H125  2 0.0477 0.0536 0.1773 0.0603 0.0480 0.2604 0.3526 
        H126  2 0.1719 0.2224 0.1613 0.0918 0.0654 0.1562 0.1311 
        H128  2 0.0800 0.0882 0.0462 0.0475 0.6766 0.0405 0.0211 
        H129  2 0.2326 0.2798 0.1475 0.0873 0.0576 0.1461 0.0491 
        H130  2 0.1375 0.1291 0.1427 0.0372 0.0341 0.1347 0.3846 
        H133  2 0.0843 0.0926 0.1514 0.0486 0.0765 0.1284 0.4181 
        H134  2 0.2466 0.3969 0.0785 0.0741 0.0606 0.0931 0.0502 
        H135  2 0.1479 0.1349 0.1196 0.1923 0.1221 0.1290 0.1542 
        H137  2 0.1070 0.1077 0.0974 0.0613 0.4387 0.1222 0.0658 
        H138  2 0.2609 0.2127 0.1532 0.0674 0.0723 0.1464 0.0871 
        H140  2 0.0992 0.1113 0.0808 0.0791 0.4121 0.0964 0.1211 
        H146  2 0.0513 0.0705 0.0516 0.0496 0.6810 0.0458 0.0503 
        H147  2 0.1667 0.1303 0.1005 0.1540 0.2666 0.1061 0.0758 
        H148  2 0.1092 0.1001 0.0782 0.1494 0.3838 0.0916 0.0876 
     H166022  2 0.2450 0.1746 0.1134 0.0942 0.1588 0.1492 0.0648 
     H167359  2 0.1561 0.2022 0.1505 0.0937 0.1275 0.1600 0.1101 
     H167397  2 0.1825 0.1501 0.0948 0.0921 0.3484 0.0968 0.0353 
     H167428  2 0.0939 0.1181 0.0553 0.4579 0.1825 0.0629 0.0295 
     H167496  2 0.0820 0.0822 0.1183 0.1715 0.1231 0.1597 0.2631 
     H167513  2 0.1342 0.1344 0.3150 0.0464 0.0705 0.1978 0.1017 
     H167545  2 0.2379 0.1269 0.1967 0.0880 0.0671 0.2308 0.0527 
     H167547  2 0.2473 0.1249 0.0972 0.0310 0.3720 0.0826 0.0450 
     H169621  2 0.1791 0.1526 0.1367 0.0642 0.2988 0.1062 0.0624 
     H169622  2 0.2254 0.1874 0.1298 0.1442 0.0696 0.1393 0.1043 
     H169750  2 0.1679 0.1546 0.2016 0.0463 0.0792 0.2164 0.1341 
     H171806  2 0.0862 0.1268 0.0905 0.1198 0.3837 0.0771 0.1158 
     H171808  2 0.1812 0.1210 0.0970 0.2649 0.0836 0.1232 0.1290 
     H171809  2 0.1341 0.1470 0.0873 0.2412 0.0762 0.1203 0.1939 
     H171813  2 0.1859 0.1846 0.1954 0.0860 0.1260 0.1096 0.1126 
     H171815  2 0.0715 0.0961 0.2237 0.1015 0.0676 0.1733 0.2662 
     H171824  2 0.1122 0.0779 0.0895 0.2083 0.1663 0.1452 0.2005 
     H171825  2 0.2463 0.1629 0.1087 0.1593 0.0671 0.1637 0.0920 
     H171826  2 0.1513 0.1407 0.1128 0.1423 0.1453 0.1262 0.1814 
     H171827  2 0.1381 0.1208 0.2366 0.0984 0.0957 0.1753 0.1350 
     H171828  2 0.0534 0.0562 0.1188 0.2263 0.0778 0.1018 0.3658 
     H171829  2 0.1665 0.1913 0.1415 0.0635 0.1017 0.2044 0.1311 
     H171830  2 0.1206 0.1252 0.1856 0.1013 0.1984 0.1636 0.1054 
     H171831  2 0.2093 0.2164 0.1538 0.1152 0.1188 0.1366 0.0499 
     H171832  2 0.1857 0.1680 0.1962 0.0886 0.0580 0.2060 0.0976 
     H171863  2 0.2165 0.2385 0.1529 0.0688 0.1302 0.1589 0.0341 
     H171864  2 0.1025 0.1108 0.0943 0.1329 0.3656 0.1132 0.0806 
     H171865  2 0.0862 0.0949 0.1692 0.1506 0.1049 0.1672 0.2269 
     H171879  2 0.0980 0.1396 0.1130 0.0642 0.3916 0.1225 0.0710 
     H171880  2 0.1102 0.0803 0.0806 0.0504 0.5137 0.1136 0.0511 
     H171881  2 0.1429 0.1638 0.1273 0.2094 0.1103 0.1444 0.1019 
     H171882  2 0.0406 0.0577 0.1253 0.0734 0.0499 0.1107 0.5424 
     H171929  2 0.1289 0.1693 0.1357 0.1731 0.1551 0.1220 0.1159 
     H171930  2 0.1781 0.1188 0.1785 0.0445 0.1855 0.2565 0.0381 
     H171933  2 0.1840 0.1357 0.1422 0.0871 0.2318 0.1424 0.0767 
     H171934  2 0.1116 0.1042 0.1053 0.2988 0.1997 0.0849 0.0955 
     H171937  2 0.1386 0.1813 0.2146 0.0607 0.0979 0.2041 0.1028 
     H171962  2 0.1325 0.1643 0.1452 0.2587 0.0791 0.1423 0.0779 
        H190  2 0.1656 0.1853 0.1864 0.1030 0.1090 0.1851 0.0657 
        H191  2 0.1351 0.1596 0.1407 0.2084 0.1471 0.1129 0.0961 
        H396  2 0.0820 0.0752 0.0665 0.5764 0.0646 0.0716 0.0638 
        H397  2 0.2135 0.1451 0.1370 0.1014 0.1403 0.1758 0.0869 
        H398  2 0.1510 0.2086 0.1124 0.2423 0.0663 0.0785 0.1409 
        H400  2 0.1131 0.1295 0.1020 0.3299 0.0984 0.0972 0.1300 
        H401  2 0.1370 0.0992 0.0732 0.0421 0.5634 0.0570 0.0281 
        H402  2 0.1719 0.1435 0.1870 0.1144 0.1715 0.1580 0.0536 
        H427  2 0.1301 0.0887 0.0639 0.4639 0.0939 0.0923 0.0672 
        H428  2 0.0953 0.1038 0.0606 0.4535 0.1894 0.0658 0.0314 
        H497  2 0.1018 0.1182 0.3205 0.0610 0.0672 0.1565 0.1748 
        H512  2 0.1333 0.1391 0.1379 0.0841 0.2752 0.1270 0.1035 
        H513  2 0.1324 0.1401 0.3015 0.0511 0.0766 0.2011 0.0973 
        H514  2 0.2448 0.2154 0.1646 0.0649 0.0652 0.1476 0.0974 
        H519  2 0.1412 0.1636 0.2513 0.0528 0.0951 0.2051 0.0909 
        H532  2 0.1170 0.1030 0.0698 0.4588 0.1192 0.0784 0.0537 
        H543  2 0.1561 0.1519 0.1428 0.0985 0.1998 0.1934 0.0576 
        H544  2 0.1884 0.2754 0.1416 0.0803 0.0531 0.1243 0.1369 
        H545  2 0.2369 0.1494 0.1848 0.0758 0.0539 0.2573 0.0419 
        H546  2 0.1077 0.1344 0.1758 0.1571 0.0490 0.1761 0.1999 
        H547  2 0.2360 0.1236 0.0858 0.0322 0.3936 0.0868 0.0420 
        H548  2 0.1281 0.1321 0.1102 0.2447 0.1445 0.1536 0.0869 
        H549  2 0.1027 0.1065 0.3229 0.0671 0.0773 0.2211 0.1024 
        H620  2 0.0587 0.0590 0.1490 0.1235 0.0460 0.1312 0.4326 
        H623  2 0.1991 0.1747 0.1915 0.0624 0.0702 0.2259 0.0762 
        H624  2 0.1393 0.1309 0.2211 0.0575 0.0346 0.1292 0.2875 
        H625  2 0.1344 0.1127 0.1028 0.3962 0.0891 0.0967 0.0682 
        H626  2 0.1703 0.1341 0.1734 0.1157 0.1290 0.1839 0.0937 
        H654  2 0.0449 0.0475 0.2393 0.0619 0.0227 0.2156 0.3680 
        H655  2 0.1280 0.1103 0.2018 0.0575 0.0858 0.1724 0.2443 
        H656  2 0.0711 0.0616 0.0724 0.1629 0.0386 0.1153 0.4782 
        H666  2 0.0609 0.0681 0.0939 0.0417 0.1713 0.1511 0.4130 
        H667  2 0.2046 0.1460 0.1498 0.2159 0.0728 0.1233 0.0876 
        H677  2 0.1751 0.1386 0.1047 0.1938 0.1653 0.0918 0.1307 
        H693  2 0.0674 0.0690 0.1023 0.4436 0.0391 0.0875 0.1911 
        H694  2 0.1663 0.1705 0.1593 0.0839 0.1149 0.2021 0.1031 
        H701  2 0.1402 0.1485 0.1700 0.0874 0.1917 0.1757 0.0866 
        H702  2 0.1544 0.1504 0.1667 0.0788 0.1121 0.2137 0.1239 
        H731  2 0.1517 0.1102 0.1060 0.1435 0.1257 0.1236 0.2393 
       H7359  2 0.1668 0.1757 0.1446 0.0902 0.1565 0.1473 0.1188 
       H7389  2 0.1196 0.1616 0.0995 0.2237 0.2505 0.0944 0.0508 
       H7390  2 0.0891 0.0883 0.2560 0.0549 0.0570 0.2702 0.1844 
       H7391  2 0.0915 0.0846 0.0585 0.4251 0.2163 0.0685 0.0556 
       H7392  2 0.1573 0.1580 0.1781 0.1576 0.0914 0.1446 0.1131 
       H7393  2 0.1330 0.1364 0.1621 0.0825 0.1353 0.1569 0.1937 
       H7398  2 0.1008 0.1064 0.0906 0.2588 0.2764 0.0825 0.0845 
       H7399  2 0.1854 0.1855 0.1390 0.1631 0.1518 0.1082 0.0669 
       H7400  2 0.0518 0.0459 0.1565 0.0981 0.0311 0.1266 0.4901 
        H745  2 0.1915 0.3986 0.1256 0.0652 0.0768 0.0890 0.0534 
        H746  2 0.2322 0.1643 0.1540 0.1897 0.0676 0.1133 0.0788 
        H747  2 0.0902 0.1011 0.1220 0.0677 0.1732 0.2109 0.2349 
        H748  2 0.2014 0.1362 0.1566 0.0704 0.1304 0.1879 0.1170 
       H7484  2 0.0789 0.0871 0.0782 0.0994 0.0983 0.1356 0.4225 
       H7485  2 0.1241 0.1939 0.2736 0.0904 0.0656 0.1844 0.0681 
        H749  2 0.2252 0.1779 0.1417 0.1633 0.0543 0.1665 0.0710 
        H930  2 0.1637 0.1315 0.1616 0.0643 0.2151 0.2179 0.0459 
        H931  2 0.1035 0.1249 0.0970 0.2445 0.2191 0.0939 0.1170 
        H932  2 0.1116 0.1279 0.0982 0.1035 0.3749 0.0837 0.1001 
        H111  3 0.1756 0.2211 0.2020 0.0496 0.0883 0.2047 0.0587 
        H951  3 0.2249 0.1853 0.1360 0.1209 0.1520 0.1108 0.0700 
        H952  3 0.1546 0.1632 0.1105 0.1003 0.2896 0.0937 0.0881 
        H953  3 0.1074 0.0736 0.0492 0.4283 0.2498 0.0518 0.0399 
        H954  3 0.0804 0.1188 0.1733 0.0744 0.0923 0.1763 0.2846 
        H955  3 0.1707 0.1822 0.2092 0.0584 0.1159 0.2160 0.0475 
        H956  3 0.0864 0.0831 0.1344 0.0719 0.3908 0.1468 0.0865 
       H9563  3 0.1124 0.1290 0.0915 0.1911 0.2384 0.1115 0.1260 
        H002  4 0.1061 0.1024 0.2207 0.0751 0.0348 0.1243 0.3368 
        H003  4 0.2257 0.1725 0.1039 0.2376 0.0690 0.1273 0.0640 
        H009  4 0.1961 0.1901 0.2277 0.0858 0.0863 0.1410 0.0729 
        H010  4 0.1756 0.1741 0.1073 0.1502 0.1836 0.1038 0.1054 
        H011  4 0.0753 0.0843 0.1264 0.2366 0.0442 0.1550 0.2783 
        H012  4 0.1621 0.1581 0.1290 0.1552 0.1420 0.1382 0.1152 
        H013  4 0.1073 0.1151 0.1560 0.2661 0.0793 0.1221 0.1542 
        H014  4 0.2220 0.1682 0.1517 0.0829 0.0772 0.1696 0.1285 
        H045  4 0.0607 0.0819 0.0900 0.4429 0.1583 0.0692 0.0969 
        H046  4 0.2739 0.1933 0.0971 0.1805 0.0767 0.1156 0.0628 
        H051  4 0.0867 0.1116 0.1160 0.2672 0.0746 0.1085 0.2353 
        H052  4 0.1203 0.1679 0.0891 0.1144 0.0766 0.0932 0.3385 
        H053  4 0.1515 0.1280 0.1425 0.0775 0.1336 0.2269 0.1401 
        H056  4 0.1108 0.1353 0.1628 0.1155 0.0547 0.1230 0.2980 
        H076  4 0.2163 0.2324 0.0984 0.1316 0.1557 0.1041 0.0615 
        H151  4 0.0898 0.1023 0.2108 0.0588 0.0629 0.1437 0.3318 
        H152  4 0.1213 0.1104 0.1335 0.0960 0.0519 0.1012 0.3858 
     H171803  4 0.1017 0.0927 0.2681 0.0968 0.0626 0.2457 0.1324 
     H171804  4 0.1224 0.1207 0.1805 0.1374 0.1107 0.1976 0.1307 
     H171833  4 0.1768 0.2248 0.2214 0.0639 0.0584 0.1980 0.0566 
     H171855  4 0.1303 0.0960 0.2090 0.0604 0.0425 0.2453 0.2164 
     H171856  4 0.0970 0.1028 0.2057 0.0833 0.2418 0.1734 0.0959 
     H171857  4 0.1707 0.1413 0.1137 0.0801 0.1268 0.1714 0.1960 
     H171858  4 0.1274 0.1499 0.0970 0.0953 0.1398 0.1010 0.2895 
     H171859  4 0.1240 0.1719 0.1224 0.1530 0.1499 0.1174 0.1614 
     H171961  4 0.0977 0.1203 0.1427 0.2575 0.0793 0.1209 0.1817 
        H198  4 0.2836 0.2270 0.0859 0.1269 0.0891 0.1302 0.0573 
      H20001  4 0.1573 0.1850 0.2672 0.0523 0.0429 0.2387 0.0565 
        H403  4 0.1543 0.1627 0.1729 0.1018 0.1107 0.1851 0.1125 
        H404  4 0.1671 0.1905 0.1364 0.2049 0.0958 0.0980 0.1073 
        H405  4 0.1728 0.1764 0.1173 0.1634 0.1624 0.1332 0.0746 
        H406  4 0.1217 0.1818 0.1383 0.0458 0.3237 0.1115 0.0772 
        H407  4 0.1131 0.1119 0.1203 0.1630 0.2585 0.1290 0.1042 
        H410  4 0.0847 0.0653 0.0399 0.1075 0.6333 0.0407 0.0287 
        H411  4 0.2386 0.1633 0.2294 0.0390 0.0650 0.1661 0.0988 
        H468  4 0.1462 0.1442 0.2362 0.0444 0.0654 0.2776 0.0860 
        H476  4 0.1439 0.1370 0.2093 0.0431 0.1137 0.2044 0.1486 
        H477  4 0.2901 0.1852 0.1381 0.0519 0.0628 0.2155 0.0564 
        H478  4 0.1706 0.1236 0.2190 0.1581 0.0552 0.1663 0.1073 
        H479  4 0.1339 0.1272 0.1018 0.2503 0.0815 0.1116 0.1936 
        H480  4 0.2195 0.1728 0.2158 0.0399 0.1359 0.1483 0.0679 
        H498  4 0.2131 0.1865 0.1450 0.1129 0.0908 0.1494 0.1023 
        H499  4 0.1600 0.1301 0.1789 0.2098 0.0606 0.1523 0.1084 
        H500  4 0.0807 0.0941 0.1901 0.1112 0.0968 0.1989 0.2282 
        H515  4 0.1477 0.1202 0.1560 0.0877 0.1159 0.1705 0.2019 
        H516  4 0.1261 0.1705 0.1614 0.0521 0.2215 0.1289 0.1395 
        H517  4 0.1067 0.1209 0.0982 0.0692 0.3962 0.1023 0.1066 
        H518  4 0.1187 0.1560 0.1237 0.0634 0.0742 0.2039 0.2602 
        H520  4 0.0929 0.1004 0.1725 0.0487 0.0800 0.2833 0.2222 
        H521  4 0.1338 0.1763 0.1484 0.2283 0.1255 0.1160 0.0717 
        H522  4 0.1268 0.1272 0.2343 0.0831 0.0954 0.2400 0.0932 
        H523  4 0.1400 0.1086 0.1245 0.0553 0.2623 0.1519 0.1574 
        H536  4 0.1483 0.2108 0.1019 0.2893 0.0755 0.0966 0.0777 
        H645  4 0.0649 0.0742 0.0786 0.5665 0.0610 0.0632 0.0917 
        H646  4 0.1217 0.1264 0.0783 0.0577 0.4975 0.0636 0.0548 
        H647  4 0.1754 0.1758 0.1907 0.0913 0.1088 0.1576 0.1003 
        H657  4 0.1675 0.1667 0.1167 0.0906 0.2923 0.1100 0.0561 
        H658  4 0.1362 0.1108 0.1480 0.0801 0.2128 0.1894 0.1227 
        H659  4 0.0636 0.0682 0.2590 0.0446 0.0413 0.2664 0.2570 
        H660  4 0.1305 0.1693 0.1971 0.1092 0.0653 0.1387 0.1898 
        H661  4 0.1066 0.1210 0.2514 0.0661 0.0472 0.2508 0.1569 
        H668  4 0.1557 0.1223 0.1249 0.1741 0.0849 0.1880 0.1502 
        H669  4 0.1244 0.1597 0.1259 0.1423 0.1813 0.1226 0.1438 
        H670  4 0.1057 0.0870 0.1018 0.3247 0.0612 0.0729 0.2467 
        H678  4 0.1526 0.1591 0.2069 0.0910 0.1254 0.1908 0.0742 
        H679  4 0.1004 0.1353 0.1261 0.0849 0.3573 0.1464 0.0496 
        H680  4 0.1762 0.1780 0.1746 0.0870 0.0859 0.2130 0.0852 
        H681  4 0.1242 0.1401 0.1329 0.1709 0.0795 0.1267 0.2258 
        H682  4 0.1620 0.1146 0.1443 0.0743 0.2491 0.1966 0.0590 
        H683  4 0.1311 0.1848 0.1341 0.0582 0.1321 0.1581 0.2016 
        H718  4 0.0569 0.0797 0.1211 0.1206 0.1739 0.1231 0.3247 
        H719  4 0.0913 0.1069 0.1106 0.3731 0.0815 0.1200 0.1166 
        H720  4 0.1204 0.1723 0.1952 0.1227 0.0383 0.1442 0.2068 
        H721  4 0.1929 0.2054 0.1452 0.1177 0.0585 0.1378 0.1425 
        H722  4 0.1243 0.2539 0.1779 0.0587 0.0899 0.1274 0.1680 
        H723  4 0.1122 0.0932 0.1245 0.1745 0.1554 0.1265 0.2138 
        H724  4 0.0660 0.0579 0.1457 0.0971 0.1108 0.2625 0.2601 
        H725  4 0.0786 0.0981 0.1423 0.0606 0.0586 0.2955 0.2662 
        H726  4 0.1066 0.1266 0.1391 0.0809 0.1190 0.1225 0.3052 
        H727  4 0.1258 0.1041 0.1258 0.1887 0.1584 0.1319 0.1652 
        H910  4 0.1201 0.1173 0.1383 0.1383 0.1739 0.1338 0.1784 
        H911  4 0.1105 0.1197 0.0837 0.0791 0.4449 0.1030 0.0590 
        H912  4 0.1624 0.1409 0.1660 0.0798 0.1217 0.2097 0.1196 
        H913  4 0.1082 0.1078 0.1811 0.0717 0.1903 0.2122 0.1286 
        H914  4 0.0692 0.0759 0.1845 0.2156 0.0981 0.1217 0.2350 
        H915  4 0.1535 0.1296 0.1897 0.0723 0.1381 0.2036 0.1131 
        H916  4 0.2160 0.1473 0.1692 0.0511 0.1418 0.1814 0.0932 
       H9572  4 0.1299 0.1274 0.2319 0.0823 0.0806 0.2100 0.1379 
        H015  5 0.2028 0.1798 0.1944 0.0909 0.0579 0.2038 0.0704 
        H016  5 0.1809 0.2556 0.1189 0.1130 0.1328 0.1120 0.0868 
        H017  5 0.1595 0.1824 0.2806 0.0419 0.0789 0.1449 0.1118 
        H019  5 0.1524 0.1918 0.1672 0.1074 0.0746 0.1883 0.1183 
        H020  5 0.0926 0.1233 0.1062 0.3114 0.1461 0.0983 0.1222 
        H032  5 0.1536 0.1517 0.1206 0.0518 0.1781 0.1602 0.1840 
        H033  5 0.1697 0.1479 0.1429 0.1372 0.1294 0.1915 0.0814 
        H034  5 0.0998 0.1043 0.1029 0.1100 0.1265 0.1230 0.3336 
        H035  5 0.1653 0.1458 0.1825 0.0959 0.1577 0.1819 0.0709 
        H036  5 0.1730 0.1522 0.1288 0.1041 0.2319 0.1471 0.0630 
        H037  5 0.1263 0.0899 0.1808 0.1187 0.0684 0.2477 0.1681 
        H048  5 0.0729 0.0795 0.1412 0.2647 0.0673 0.1932 0.1811 
        H049  5 0.1587 0.1551 0.2037 0.1059 0.0624 0.2416 0.0727 
        H054  5 0.1480 0.2179 0.0761 0.1142 0.2282 0.0898 0.1258 
        H055  5 0.1496 0.1499 0.1423 0.1387 0.0615 0.1053 0.2527 
        H057  5 0.1881 0.3134 0.1471 0.0698 0.0420 0.1248 0.1148 
        H060  5 0.1042 0.1159 0.1611 0.0894 0.0428 0.0701 0.4165 
        H061  5 0.1846 0.1394 0.1091 0.2386 0.1046 0.1110 0.1127 
        H064  5 0.1501 0.1757 0.1845 0.1437 0.0763 0.1032 0.1665 
        H070  5 0.1088 0.0899 0.1566 0.1127 0.0895 0.0982 0.3443 
        H077  5 0.0886 0.0778 0.1533 0.0584 0.0528 0.1077 0.4614 
        H078  5 0.1319 0.1643 0.2114 0.0499 0.0889 0.2058 0.1478 
        H079  5 0.1116 0.1100 0.0802 0.2387 0.3148 0.0961 0.0487 
        H097  5 0.1690 0.2019 0.1968 0.0379 0.0659 0.1450 0.1835 
        H107  5 0.0652 0.0689 0.1452 0.1561 0.0511 0.2232 0.2904 
        H122  5 0.1928 0.1714 0.1949 0.0762 0.1120 0.1288 0.1238 
        H123  5 0.1337 0.1342 0.1007 0.0930 0.4089 0.0840 0.0455 
        H124  5 0.1164 0.1208 0.0938 0.1463 0.3877 0.0847 0.0503 
        H131  5 0.1087 0.1250 0.0864 0.1091 0.3905 0.1220 0.0582 
        H132  5 0.1351 0.1287 0.1327 0.2237 0.1205 0.1216 0.1376 
        H141  5 0.1389 0.1210 0.1819 0.1254 0.0800 0.1820 0.1709 
        H142  5 0.2528 0.1535 0.1470 0.0882 0.0842 0.1893 0.0849 
        H157  5 0.1201 0.1144 0.1565 0.1295 0.0887 0.2088 0.1820 
        H158  5 0.2227 0.1541 0.1385 0.0427 0.2153 0.1790 0.0477 
        H159  5 0.2522 0.1931 0.1531 0.0892 0.0869 0.1605 0.0651 
        H160  5 0.1306 0.1287 0.2029 0.0655 0.1057 0.2650 0.1017 
        H163  5 0.2115 0.1668 0.1634 0.0792 0.1255 0.1617 0.0919 
        H164  5 0.1566 0.1651 0.2413 0.1157 0.0681 0.1559 0.0973 
        H165  5 0.1262 0.1296 0.0928 0.2532 0.2588 0.0752 0.0642 
        H166  5 0.1456 0.1500 0.1320 0.2526 0.1011 0.1526 0.0661 
        H169  5 0.1781 0.1287 0.1312 0.1444 0.0725 0.2232 0.1219 
     H169613  5 0.2128 0.1402 0.1164 0.0663 0.0951 0.1499 0.2193 
     H169653  5 0.2267 0.1869 0.1349 0.0866 0.1165 0.1533 0.0951 
     H169728  5 0.1998 0.1573 0.1677 0.0739 0.1006 0.2134 0.0873 
     H169742  5 0.0685 0.0732 0.0786 0.5888 0.0502 0.0736 0.0671 
        H170  5 0.2216 0.2379 0.1674 0.0895 0.0591 0.1003 0.1242 
        H171  5 0.2215 0.2248 0.1739 0.0870 0.0883 0.1323 0.0721 
     H171851  5 0.1681 0.2036 0.1682 0.1031 0.0824 0.1586 0.1160 
     H171852  5 0.1159 0.1492 0.1649 0.0893 0.0734 0.2090 0.1982 
     H171853  5 0.1186 0.1454 0.1372 0.1046 0.1518 0.2075 0.1349 
     H171854  5 0.1950 0.1816 0.1636 0.0614 0.0805 0.2097 0.1082 
     H171938  5 0.1309 0.1086 0.1213 0.2348 0.1351 0.1358 0.1334 
     H171939  5 0.2180 0.1962 0.1270 0.2075 0.0927 0.1063 0.0523 
     H171941  5 0.0830 0.0923 0.1386 0.2778 0.0533 0.0950 0.2601 
     H171965  5 0.2746 0.1777 0.1035 0.0844 0.0643 0.1642 0.1314 
     H171970  5 0.0753 0.0836 0.1216 0.1413 0.0484 0.1437 0.3861 
     H171973  5 0.1587 0.1430 0.1052 0.3037 0.1172 0.1068 0.0653 
     H171974  5 0.1295 0.1381 0.1291 0.2006 0.1210 0.1399 0.1419 
     H171975  5 0.1277 0.1476 0.1113 0.2183 0.1042 0.1152 0.1756 
     H171976  5 0.1802 0.1823 0.2048 0.0639 0.0396 0.2223 0.1069 
        H175  5 0.1034 0.1166 0.1138 0.2290 0.1220 0.1494 0.1658 
        H178  5 0.1293 0.1514 0.1341 0.2573 0.0658 0.1088 0.1532 
        H189  5 0.1961 0.1406 0.1296 0.0817 0.2708 0.1147 0.0665 
        H399  5 0.1623 0.2828 0.1408 0.0421 0.1330 0.1582 0.0809 
        H416  5 0.1710 0.1064 0.1256 0.2644 0.0782 0.1305 0.1239 
        H438  5 0.1371 0.1311 0.1244 0.1637 0.2019 0.1455 0.0962 
        H450  5 0.0795 0.0783 0.1785 0.0777 0.0369 0.0673 0.4819 
        H455  5 0.0731 0.0776 0.1292 0.2840 0.0566 0.1001 0.2795 
        H456  5 0.1435 0.1199 0.1009 0.3326 0.0899 0.1256 0.0875 
        H457  5 0.1263 0.1344 0.1054 0.0770 0.0500 0.1160 0.3910 
        H458  5 0.1416 0.1621 0.1646 0.1279 0.1178 0.1404 0.1456 
        H459  5 0.1768 0.1840 0.1381 0.0939 0.1925 0.1615 0.0531 
        H460  5 0.1528 0.1243 0.2437 0.0773 0.1074 0.1733 0.1212 
        H461  5 0.2396 0.1511 0.1520 0.0458 0.0795 0.2088 0.1232 
        H462  5 0.1322 0.1261 0.1065 0.1280 0.3226 0.1209 0.0637 
        H469  5 0.1572 0.1665 0.1218 0.1006 0.2651 0.1138 0.0750 
        H470  5 0.1423 0.1690 0.2213 0.0895 0.0782 0.1937 0.1061 
        H471  5 0.1522 0.2212 0.1198 0.0391 0.3006 0.1094 0.0577 
        H481  5 0.0631 0.0625 0.1180 0.1225 0.1015 0.1624 0.3700 
        H482  5 0.1001 0.1007 0.1294 0.0724 0.0742 0.0991 0.4241 
        H501  5 0.1332 0.1374 0.1847 0.1743 0.0969 0.1800 0.0935 
        H502  5 0.2003 0.1976 0.1914 0.0727 0.1132 0.1572 0.0676 
        H503  5 0.1823 0.1716 0.1864 0.0950 0.1696 0.1277 0.0674 
        H509  5 0.0869 0.0934 0.1303 0.1130 0.1542 0.2433 0.1789 
        H510  5 0.1585 0.1504 0.1935 0.1553 0.0413 0.1586 0.1423 
        H511  5 0.2429 0.1853 0.1247 0.1003 0.0976 0.1232 0.1261 
        H530  5 0.1050 0.1126 0.1260 0.2354 0.1455 0.1379 0.1376 
        H531  5 0.0958 0.1059 0.2161 0.0699 0.0721 0.2428 0.1975 
        H564  5 0.1208 0.1307 0.1930 0.2034 0.0380 0.1702 0.1439 
        H565  5 0.0824 0.0837 0.1584 0.2082 0.0380 0.1803 0.2489 
        H567  5 0.1092 0.1161 0.0682 0.1078 0.4697 0.0852 0.0439 
     H568???  5 0.1732 0.2923 0.1320 0.0792 0.1103 0.1423 0.0706 
        H608  5 0.0822 0.0718 0.1695 0.0632 0.0436 0.0712 0.4985 
        H609  5 0.1042 0.1154 0.0727 0.4166 0.1095 0.0850 0.0964 
        H612  5 0.0634 0.0747 0.1700 0.2743 0.0598 0.1392 0.2186 
        H614  5 0.0934 0.1052 0.1892 0.0855 0.0545 0.2514 0.2209 
        H615  5 0.1363 0.1250 0.1806 0.0661 0.0615 0.1551 0.2755 
        H616  5 0.0625 0.0599 0.1163 0.1243 0.1040 0.1135 0.4194 
        H617  5 0.1856 0.1338 0.1238 0.1680 0.2017 0.1357 0.0514 
        H618  5 0.0901 0.1120 0.1180 0.2239 0.0873 0.1487 0.2200 
        H619  5 0.1092 0.0868 0.0757 0.5240 0.0428 0.0572 0.1044 
        H635  5 0.1734 0.1487 0.1273 0.0904 0.1019 0.1783 0.1800 
        H636  5 0.1672 0.1199 0.0979 0.2813 0.0898 0.1145 0.1295 
        H637  5 0.0932 0.1101 0.0946 0.3041 0.0598 0.1018 0.2363 
        H644  5 0.1617 0.2785 0.1214 0.0496 0.2780 0.0742 0.0366 
        H711  5 0.2280 0.2038 0.1761 0.0844 0.0622 0.1355 0.1101 
        H712  5 0.0941 0.0856 0.0721 0.3786 0.0957 0.1000 0.1740 
       H7360  5 0.1694 0.2275 0.1501 0.1027 0.0543 0.1229 0.1730 
       H7361  5 0.1403 0.1076 0.1324 0.0930 0.0614 0.1242 0.3411 
       H7362  5 0.1816 0.3159 0.1445 0.0723 0.1563 0.0917 0.0376 
       H7363  5 0.1235 0.1601 0.1488 0.1178 0.1585 0.1343 0.1569 
       H7394  5 0.1953 0.1191 0.1609 0.0525 0.1753 0.2234 0.0735 
       H7395  5 0.1551 0.1621 0.1559 0.2177 0.0610 0.1241 0.1240 
       H7396  5 0.1447 0.1280 0.1719 0.1244 0.1273 0.2049 0.0988 
        H742  5 0.0756 0.0700 0.0781 0.5852 0.0494 0.0691 0.0726 
        H743  5 0.1037 0.1109 0.0863 0.3130 0.1508 0.1136 0.1218 
        H744  5 0.0629 0.0780 0.1067 0.1473 0.2083 0.1550 0.2419 
        H957  5 0.1657 0.2000 0.2007 0.0736 0.0423 0.2073 0.1104 
        H958  5 0.1686 0.1281 0.1273 0.0858 0.2320 0.1633 0.0950 
        H959  5 0.0882 0.0836 0.1449 0.1895 0.0454 0.1271 0.3213 
        H960  5 0.1335 0.1270 0.1031 0.1903 0.2296 0.1155 0.1009 
      H_PALI  6 0.1707 0.1596 0.1761 0.0868 0.0686 0.1980 0.1403 
        H581  6 0.1272 0.1287 0.2042 0.1215 0.0873 0.2101 0.1210 
        H582  6 0.0901 0.1074 0.2122 0.0781 0.0388 0.2849 0.1886 
        H583  6 0.1563 0.1513 0.1715 0.1304 0.0979 0.1698 0.1228 
        H595  6 0.2304 0.1582 0.1429 0.0610 0.1846 0.1789 0.0441 
        H596  6 0.1780 0.1255 0.1487 0.0695 0.2954 0.1356 0.0473 
        H597  6 0.1890 0.2262 0.0843 0.1137 0.2002 0.0926 0.0940 
        H598  6 0.1563 0.1309 0.1361 0.1050 0.1730 0.1239 0.1748 
        H599  6 0.0825 0.1068 0.1035 0.3632 0.0826 0.1034 0.1581 
        H642  6 0.1766 0.2097 0.1822 0.0444 0.2008 0.1281 0.0581 
        H643  6 0.1151 0.1031 0.1006 0.1359 0.3289 0.1176 0.0989 
        H664  6 0.0983 0.1330 0.2683 0.0398 0.0473 0.2377 0.1756 
        H665  6 0.1562 0.1297 0.1237 0.2428 0.0854 0.1503 0.1119 
        H674  6 0.2382 0.2494 0.1523 0.0782 0.1445 0.0863 0.0511 
        H675  6 0.1442 0.1584 0.1532 0.1162 0.1206 0.1460 0.1614 
        H676  6 0.2155 0.1579 0.1783 0.0517 0.1049 0.1758 0.1159 
        H686  6 0.1980 0.1963 0.1644 0.1196 0.0494 0.1572 0.1151 
        H687  6 0.1982 0.1489 0.1647 0.0768 0.1142 0.2022 0.0951 
        H917  6 0.1614 0.1365 0.1040 0.1755 0.2114 0.1587 0.0525 
        H918  6 0.1204 0.0994 0.0893 0.4722 0.0504 0.0992 0.0691 
        H919  6 0.0930 0.0930 0.1071 0.2119 0.0917 0.1568 0.2466 
        H920  6 0.1115 0.1465 0.1833 0.1024 0.0555 0.1757 0.2252 
        H631  7 0.1380 0.1231 0.1549 0.1839 0.0527 0.1752 0.1722 
        H684  7 0.2402 0.2153 0.1932 0.0671 0.0484 0.1468 0.0890 
        H685  7 0.0700 0.0692 0.1701 0.0414 0.2600 0.2442 0.1450 
        H713  7 0.0678 0.0702 0.2661 0.0652 0.0468 0.2915 0.1924 
        H715  7 0.2676 0.1948 0.1612 0.0676 0.0706 0.1318 0.1064 
        H716  7 0.0867 0.1118 0.1484 0.3566 0.0416 0.0863 0.1687 
        H717  7 0.1086 0.1789 0.1308 0.1938 0.0939 0.1278 0.1662 
        H729  7 0.0935 0.0997 0.0919 0.1326 0.4442 0.0955 0.0426 
        H730  7 0.0680 0.0901 0.0727 0.3434 0.2822 0.0671 0.0764 
        H431  8 0.1432 0.0966 0.1211 0.0801 0.2727 0.1405 0.1457 
        H432  8 0.1452 0.1863 0.1639 0.1659 0.1291 0.1523 0.0574 
        H433  8 0.1488 0.1559 0.1321 0.1163 0.1999 0.1661 0.0809 
        H434  8 0.1465 0.1571 0.1728 0.1051 0.2190 0.1047 0.0948 
        H444  8 0.1300 0.1445 0.1368 0.2519 0.0824 0.1359 0.1185 
        H454  8 0.0869 0.0861 0.1373 0.2354 0.0648 0.1535 0.2360 
        H475  8 0.0603 0.0632 0.1656 0.0397 0.0421 0.0992 0.5300 
        H491  8 0.1123 0.1278 0.2101 0.1754 0.0443 0.1106 0.2195 
        H492  8 0.1087 0.1200 0.1771 0.1192 0.0914 0.2128 0.1708 
        H493  8 0.2294 0.1799 0.1265 0.0762 0.1176 0.1598 0.1106 
        H494  8 0.1146 0.1379 0.1347 0.2490 0.1138 0.1264 0.1235 
        H495  8 0.1130 0.1074 0.2698 0.0645 0.0374 0.1207 0.2871 
        H662  8 0.1508 0.1801 0.2149 0.1183 0.0799 0.1939 0.0620 
        H663  8 0.1092 0.1480 0.1446 0.1856 0.1562 0.1236 0.1327 
        H695  8 0.1295 0.1265 0.1168 0.1320 0.2044 0.1182 0.1727 
       H7367  8 0.0868 0.0787 0.0600 0.0646 0.5906 0.0764 0.0430 
       H7368  8 0.2722 0.1961 0.1300 0.0999 0.0891 0.1369 0.0758 
       H7369  8 0.1290 0.1422 0.1056 0.3172 0.0874 0.0916 0.1270 
       H7370  8 0.1194 0.0962 0.1113 0.0511 0.4432 0.1405 0.0382 
       H7371  8 0.1323 0.1385 0.1241 0.1741 0.2095 0.1405 0.0810 
        H600  9 0.1001 0.1056 0.1957 0.0977 0.0788 0.1146 0.3076 
        H648  9 0.1798 0.2278 0.1824 0.0802 0.0988 0.1362 0.0947 
        H696  9 0.1897 0.2438 0.1633 0.0529 0.1810 0.1313 0.0380 
        H697  9 0.2057 0.1453 0.0795 0.1501 0.2362 0.0879 0.0953 
        H698  9 0.1327 0.1132 0.0907 0.1059 0.4236 0.0799 0.0541 
        H699  9 0.1268 0.1717 0.1350 0.1357 0.2152 0.1171 0.0984 
        H700  9 0.0837 0.0921 0.1714 0.1257 0.0489 0.1035 0.3746 
        H732  9 0.0877 0.1045 0.1779 0.1307 0.0765 0.2169 0.2057 
        H733  9 0.1618 0.1422 0.1114 0.1058 0.3081 0.1096 0.0612 
        H734  9 0.2114 0.1711 0.1773 0.0681 0.0893 0.2368 0.0459 
        H735  9 0.1524 0.1570 0.1666 0.0774 0.2652 0.1177 0.0636 
        H736  9 0.1888 0.1362 0.1856 0.1154 0.0672 0.1712 0.1357 
        H737  9 0.1020 0.1125 0.0893 0.2024 0.3090 0.0677 0.1171 
        H905  9 0.1021 0.1244 0.1221 0.1421 0.0746 0.0859 0.3487 
        H921  9 0.1214 0.1153 0.1513 0.1898 0.1238 0.1502 0.1483 
        H922  9 0.1717 0.1744 0.1521 0.1359 0.1751 0.1423 0.0485 
     H169705 10 0.0791 0.0757 0.0868 0.0544 0.5544 0.1014 0.0483 
     H171942 10 0.1662 0.1955 0.1593 0.1653 0.0942 0.1581 0.0614 
     H171943 10 0.1967 0.1399 0.1715 0.1483 0.0985 0.1677 0.0773 
     H171944 10 0.1513 0.1366 0.1476 0.1113 0.2073 0.1528 0.0932 
     H171946 10 0.1270 0.1093 0.2615 0.0691 0.0606 0.2215 0.1509 
     H171947 10 0.1470 0.1710 0.1401 0.1367 0.1820 0.1237 0.0994 
     H229641 10 0.1612 0.1598 0.1722 0.0665 0.1543 0.1463 0.1397 
      H30001 10 0.1475 0.1494 0.1710 0.0946 0.1119 0.1736 0.1520 
      H30002 10 0.1443 0.1354 0.1365 0.1359 0.1619 0.1259 0.1600 
      H30005 10 0.1101 0.0975 0.0940 0.0666 0.4780 0.0913 0.0624 
      H30006 10 0.0756 0.0851 0.0642 0.0625 0.5900 0.0629 0.0597 
      H30007 10 0.3304 0.1835 0.1139 0.1904 0.0384 0.0938 0.0496 
        H451 10 0.1791 0.1494 0.1911 0.1144 0.0960 0.1900 0.0798 
        H452 10 0.0988 0.0861 0.0592 0.0611 0.5635 0.0690 0.0624 
        H453 10 0.1177 0.1390 0.1212 0.0831 0.0530 0.1316 0.3544 
