        H102  1 0.2541 0.2003 0.3616 0.1840 
        H103  1 0.1392 0.3291 0.2175 0.3142 
        H104  1 0.3382 0.1818 0.2508 0.2292 
        H105  1 0.2237 0.2123 0.3350 0.2290 
        H106  1 0.2408 0.2482 0.2182 0.2928 
        H112  1 0.3268 0.1948 0.2589 0.2195 
        H113  1 0.2355 0.1968 0.2940 0.2737 
        H114  1 0.1849 0.2026 0.3283 0.2842 
        H115  1 0.2722 0.1695 0.3489 0.2094 
        H143  1 0.2142 0.2189 0.3693 0.1975 
        H144  1 0.1503 0.3268 0.3261 0.1968 
        H145  1 0.1499 0.3174 0.2517 0.2810 
        H149  1 0.3186 0.2082 0.2496 0.2236 
        H150  1 0.2616 0.2642 0.2534 0.2207 
     H167542  1 0.1843 0.1906 0.4080 0.2171 
     H169604  1 0.2155 0.2162 0.3492 0.2190 
     H169607  1 0.1696 0.2836 0.3177 0.2291 
     H169608  1 0.3542 0.2174 0.2381 0.1903 
     H169633  1 0.1609 0.2401 0.3100 0.2890 
     H169688  1 0.1855 0.3586 0.1981 0.2579 
     H169714  1 0.3033 0.2217 0.2277 0.2473 
     H171802  1 0.3454 0.2116 0.1716 0.2714 
     H171805  1 0.1922 0.2678 0.2576 0.2824 
     H171807  1 0.3152 0.2614 0.2306 0.1928 
     H171814  1 0.1621 0.3506 0.2069 0.2805 
     H171816  1 0.3149 0.2337 0.2207 0.2307 
     H171817  1 0.2887 0.2064 0.2501 0.2547 
     H171818  1 0.2276 0.2166 0.2704 0.2854 
     H171819  1 0.2707 0.2275 0.2390 0.2628 
     H171834  1 0.2373 0.2433 0.2982 0.2212 
     H171835  1 0.3968 0.2002 0.1844 0.2186 
     H171836  1 0.1238 0.2497 0.2635 0.3630 
     H171837  1 0.2785 0.2107 0.2757 0.2352 
     H171838  1 0.1980 0.2817 0.1976 0.3227 
     H171839  1 0.2640 0.1995 0.2930 0.2435 
     H171841  1 0.4217 0.2466 0.1512 0.1805 
     H171860  1 0.2497 0.2236 0.2913 0.2354 
     H171861  1 0.1329 0.2410 0.3431 0.2830 
     H171862  1 0.2343 0.2491 0.2799 0.2368 
     H171868  1 0.2030 0.1905 0.4012 0.2053 
     H171869  1 0.1994 0.3325 0.2190 0.2491 
     H171870  1 0.2462 0.2909 0.2100 0.2528 
     H171871  1 0.1801 0.2837 0.1918 0.3445 
     H171872  1 0.2825 0.1960 0.2894 0.2321 
     H171873  1 0.2517 0.3160 0.1853 0.2470 
     H171874  1 0.1992 0.2857 0.3154 0.1997 
     H171875  1 0.1510 0.2468 0.3754 0.2268 
     H171876  1 0.1865 0.2357 0.3490 0.2288 
     H171877  1 0.2025 0.1753 0.4089 0.2132 
     H171878  1 0.2979 0.2948 0.1855 0.2218 
     H171901  1 0.2864 0.2349 0.1752 0.3035 
     H171902  1 0.2489 0.2856 0.2553 0.2102 
     H171903  1 0.2327 0.2374 0.2825 0.2474 
     H171935  1 0.3156 0.2611 0.1542 0.2692 
     H171936  1 0.1780 0.2226 0.2974 0.3020 
     H171940  1 0.2968 0.2251 0.3034 0.1747 
     H171945  1 0.2403 0.2953 0.2306 0.2338 
     H171948  1 0.3055 0.2079 0.2511 0.2355 
     H171949  1 0.3898 0.2077 0.2077 0.1948 
     H171950  1 0.3804 0.2019 0.1989 0.2188 
     H171963  1 0.1724 0.3097 0.2132 0.3046 
     H171964  1 0.2117 0.3953 0.2214 0.1716 
     H171966  1 0.2518 0.2685 0.2105 0.2692 
     H171968  1 0.2688 0.2606 0.2908 0.1799 
     H171971  1 0.2444 0.2724 0.1749 0.3084 
     H171972  1 0.1801 0.3213 0.2452 0.2534 
     H171977  1 0.1741 0.3190 0.2530 0.2538 
     H171978  1 0.3047 0.2648 0.2080 0.2225 
     H171979  1 0.1473 0.2814 0.2393 0.3320 
        H176  1 0.2263 0.2538 0.2991 0.2207 
        H177  1 0.3600 0.1900 0.2318 0.2182 
        H179  1 0.3252 0.1682 0.2952 0.2114 
        H181  1 0.1924 0.2917 0.2339 0.2820 
        H182  1 0.1447 0.2612 0.2888 0.3053 
        H183  1 0.1951 0.3425 0.1933 0.2692 
        H184  1 0.3086 0.2162 0.2500 0.2253 
        H185  1 0.1887 0.2699 0.2564 0.2850 
        H186  1 0.2715 0.2982 0.2799 0.1504 
        H187  1 0.2254 0.2402 0.2131 0.3212 
        H188  1 0.3085 0.1781 0.3201 0.1932 
        H192  1 0.3515 0.2161 0.2168 0.2155 
        H193  1 0.1580 0.2867 0.2797 0.2756 
        H194  1 0.2439 0.2176 0.2850 0.2534 
        H195  1 0.1730 0.3978 0.2118 0.2175 
        H199  1 0.1884 0.3484 0.2244 0.2388 
        H200  1 0.2971 0.2342 0.2427 0.2260 
        H414  1 0.1934 0.2754 0.2245 0.3067 
        H415  1 0.1949 0.2326 0.2857 0.2868 
        H422  1 0.2786 0.2853 0.2418 0.1943 
        H423  1 0.4724 0.1818 0.1713 0.1745 
        H424  1 0.1632 0.3159 0.2339 0.2871 
        H425  1 0.1773 0.3695 0.2243 0.2289 
        H426  1 0.2001 0.3980 0.1641 0.2377 
        H443  1 0.1825 0.3440 0.3174 0.1561 
        H466  1 0.2469 0.2459 0.2498 0.2574 
        H467  1 0.3979 0.2279 0.1875 0.1867 
        H472  1 0.2307 0.2528 0.2542 0.2624 
        H483  1 0.1791 0.2367 0.3623 0.2219 
        H504  1 0.1717 0.3546 0.2132 0.2605 
        H505  1 0.2921 0.2252 0.2435 0.2392 
        H506  1 0.2524 0.2698 0.2582 0.2197 
        H507  1 0.1278 0.2655 0.2646 0.3422 
        H508  1 0.2620 0.2523 0.2059 0.2797 
        H524  1 0.1567 0.2594 0.2583 0.3256 
        H525  1 0.2014 0.2907 0.2909 0.2169 
        H526  1 0.2045 0.2076 0.3820 0.2059 
        H527  1 0.2985 0.2288 0.2374 0.2353 
        H528  1 0.1788 0.2909 0.2820 0.2483 
        H529  1 0.1408 0.2849 0.2737 0.3006 
        H533  1 0.1205 0.2164 0.2232 0.4399 
        H538  1 0.2568 0.2209 0.2922 0.2301 
        H539  1 0.1838 0.2991 0.2109 0.3062 
        H540  1 0.2364 0.2354 0.2652 0.2630 
        H541  1 0.2041 0.2042 0.3523 0.2393 
        H558  1 0.2053 0.3347 0.1783 0.2818 
        H559  1 0.2346 0.2297 0.3600 0.1757 
        H579  1 0.1926 0.2978 0.2895 0.2201 
        H584  1 0.1926 0.3472 0.2272 0.2330 
        H585  1 0.2034 0.2754 0.2339 0.2873 
        H605  1 0.2547 0.2382 0.2586 0.2484 
        H606  1 0.3521 0.1859 0.2861 0.1758 
        H632  1 0.1849 0.3481 0.2552 0.2118 
        H634  1 0.1988 0.2981 0.2606 0.2425 
        H671  1 0.3784 0.2016 0.2075 0.2125 
        H672  1 0.2072 0.2710 0.2299 0.2919 
        H673  1 0.2017 0.2942 0.3238 0.1802 
        H689  1 0.1938 0.2732 0.3198 0.2131 
        H690  1 0.2786 0.1861 0.2891 0.2462 
        H691  1 0.2108 0.1979 0.3790 0.2123 
        H692  1 0.1177 0.3167 0.2827 0.2829 
        H709  1 0.1950 0.2582 0.2534 0.2934 
        H710  1 0.1463 0.3231 0.2756 0.2550 
       H7355  1 0.1641 0.1936 0.3724 0.2699 
       H7356  1 0.2275 0.3028 0.2450 0.2246 
       H7357  1 0.2445 0.2020 0.2974 0.2561 
       H7358  1 0.1748 0.2527 0.3343 0.2381 
       H7380  1 0.1981 0.2458 0.3460 0.2101 
       H7381  1 0.3195 0.2792 0.1951 0.2062 
       H7382  1 0.1927 0.2618 0.3219 0.2235 
        H904  1 0.4512 0.1626 0.2378 0.1484 
        H923  1 0.2677 0.2721 0.2405 0.2196 
        H924  1 0.2890 0.2439 0.2595 0.2076 
        H925  1 0.1834 0.2233 0.3364 0.2570 
       H9558  1 0.1959 0.3544 0.1731 0.2766 
        H008  2 0.1569 0.2230 0.3316 0.2885 
        H021  2 0.3118 0.2096 0.2512 0.2274 
        H023  2 0.2697 0.1993 0.2963 0.2347 
        H024  2 0.1620 0.3140 0.1924 0.3316 
        H025  2 0.3351 0.2792 0.2043 0.1813 
        H026  2 0.1760 0.3747 0.1947 0.2546 
        H027  2 0.1959 0.2280 0.2911 0.2850 
        H028  2 0.2019 0.2893 0.2496 0.2592 
        H029  2 0.1809 0.2562 0.2665 0.2965 
        H030  2 0.1721 0.3427 0.1926 0.2926 
        H038  2 0.3059 0.2258 0.2099 0.2584 
        H039  2 0.5612 0.1549 0.1398 0.1440 
        H040  2 0.2902 0.2302 0.1865 0.2931 
        H041  2 0.2212 0.2005 0.3431 0.2352 
        H042  2 0.2676 0.2267 0.2643 0.2414 
        H043  2 0.3539 0.2629 0.1542 0.2291 
        H044  2 0.1903 0.2762 0.1904 0.3431 
        H047  2 0.3430 0.2707 0.1774 0.2090 
        H050  2 0.1797 0.2841 0.1960 0.3402 
        H058  2 0.2852 0.2395 0.1806 0.2947 
        H062  2 0.2917 0.2135 0.2930 0.2018 
        H063  2 0.3558 0.1931 0.2122 0.2390 
        H065  2 0.2519 0.3523 0.2145 0.1813 
        H066  2 0.2238 0.2744 0.1592 0.3426 
        H067  2 0.1925 0.2252 0.3695 0.2128 
        H068  2 0.3584 0.2251 0.1737 0.2428 
        H069  2 0.2178 0.2923 0.1879 0.3021 
        H071  2 0.3080 0.2132 0.2464 0.2324 
        H072  2 0.4115 0.1889 0.1995 0.2001 
        H073  2 0.2027 0.2722 0.2746 0.2504 
        H081  2 0.2442 0.1769 0.3730 0.2059 
        H082  2 0.1548 0.3012 0.2082 0.3358 
        H083  2 0.1705 0.3476 0.2403 0.2416 
        H084  2 0.2608 0.2242 0.1859 0.3292 
        H085  2 0.2140 0.1857 0.3851 0.2152 
        H087  2 0.2139 0.1787 0.4139 0.1936 
        H088  2 0.3092 0.1994 0.2648 0.2266 
        H089  2 0.1813 0.2212 0.3536 0.2439 
        H090  2 0.1965 0.3105 0.2261 0.2669 
        H091  2 0.1629 0.2368 0.3127 0.2876 
        H098  2 0.2046 0.2284 0.2381 0.3289 
      H10001  2 0.5594 0.1516 0.1521 0.1369 
      H10002  2 0.2816 0.1918 0.3220 0.2045 
        H101  2 0.1811 0.2658 0.1639 0.3892 
        H108  2 0.3378 0.1791 0.3233 0.1598 
        H109  2 0.2650 0.2334 0.1655 0.3361 
        H110  2 0.1759 0.1850 0.4161 0.2230 
        H116  2 0.1944 0.3069 0.2417 0.2569 
        H117  2 0.1967 0.2069 0.2761 0.3202 
        H118  2 0.1426 0.3348 0.2874 0.2352 
        H119  2 0.3157 0.2031 0.2740 0.2072 
        H120  2 0.4463 0.1582 0.2460 0.1495 
        H121  2 0.1774 0.2663 0.3093 0.2470 
        H125  2 0.5299 0.1484 0.1573 0.1644 
        H126  2 0.2292 0.3382 0.2302 0.2025 
        H128  2 0.1073 0.4030 0.1963 0.2934 
        H129  2 0.1617 0.3849 0.2224 0.2311 
        H130  2 0.3617 0.2736 0.1602 0.2046 
        H133  2 0.4240 0.2271 0.1695 0.1795 
        H134  2 0.1566 0.4614 0.1821 0.1999 
        H135  2 0.2350 0.2104 0.3233 0.2313 
        H137  2 0.2245 0.2345 0.2094 0.3316 
        H138  2 0.1796 0.3576 0.2213 0.2416 
        H140  2 0.2463 0.2732 0.2487 0.2318 
        H146  2 0.1874 0.3186 0.2349 0.2592 
        H147  2 0.1990 0.2024 0.3329 0.2658 
        H148  2 0.1970 0.1877 0.3300 0.2854 
     H166022  2 0.1639 0.2298 0.2688 0.3375 
     H167359  2 0.2152 0.2647 0.2209 0.2993 
     H167397  2 0.1144 0.2507 0.2367 0.3983 
     H167428  2 0.1257 0.2506 0.4085 0.2152 
     H167496  2 0.3825 0.1684 0.2500 0.1990 
     H167513  2 0.2279 0.2508 0.1594 0.3619 
     H167545  2 0.1498 0.2985 0.2310 0.3207 
     H167547  2 0.1584 0.3331 0.1494 0.3591 
     H169621  2 0.1816 0.2722 0.2485 0.2977 
     H169622  2 0.1664 0.2878 0.3047 0.2410 
     H169750  2 0.3049 0.2821 0.1665 0.2466 
     H171806  2 0.2841 0.2717 0.2179 0.2263 
     H171808  2 0.2041 0.2657 0.2593 0.2708 
     H171809  2 0.2498 0.2161 0.3190 0.2151 
     H171813  2 0.2388 0.3058 0.2224 0.2330 
     H171815  2 0.3995 0.2265 0.1739 0.2000 
     H171824  2 0.3352 0.1647 0.3198 0.1803 
     H171825  2 0.1952 0.2748 0.2943 0.2357 
     H171826  2 0.2869 0.2100 0.2772 0.2258 
     H171827  2 0.2386 0.2339 0.2753 0.2522 
     H171828  2 0.4846 0.1454 0.2244 0.1455 
     H171829  2 0.2584 0.3092 0.1826 0.2499 
     H171830  2 0.2367 0.2187 0.2242 0.3205 
     H171831  2 0.1572 0.3272 0.2256 0.2900 
     H171832  2 0.2196 0.3108 0.2328 0.2368 
     H171863  2 0.1416 0.3522 0.2013 0.3049 
     H171864  2 0.2169 0.2147 0.2512 0.3171 
     H171865  2 0.3831 0.2143 0.1899 0.2128 
     H171879  2 0.2312 0.2709 0.2104 0.2875 
     H171880  2 0.1923 0.2243 0.1916 0.3918 
     H171881  2 0.1926 0.2470 0.2972 0.2631 
     H171882  2 0.4708 0.1792 0.1869 0.1631 
     H171929  2 0.2109 0.2434 0.2811 0.2646 
     H171930  2 0.1511 0.2953 0.1775 0.3761 
     H171933  2 0.2004 0.2493 0.2535 0.2968 
     H171934  2 0.1999 0.2193 0.3239 0.2569 
     H171937  2 0.1960 0.3508 0.1983 0.2548 
     H171962  2 0.1893 0.2601 0.3114 0.2393 
        H190  2 0.1775 0.2666 0.2760 0.2799 
        H191  2 0.2569 0.2545 0.2365 0.2522 
        H396  2 0.2406 0.2150 0.3339 0.2105 
        H397  2 0.1900 0.2585 0.2518 0.2996 
        H398  2 0.2659 0.3016 0.2276 0.2050 
        H400  2 0.2080 0.2219 0.2986 0.2715 
        H401  2 0.1363 0.2919 0.1864 0.3854 
        H402  2 0.1564 0.2284 0.2769 0.3383 
        H427  2 0.2208 0.2043 0.3588 0.2160 
        H428  2 0.1265 0.2465 0.4092 0.2178 
        H497  2 0.2830 0.2417 0.1877 0.2875 
        H512  2 0.2203 0.2306 0.2491 0.3000 
        H513  2 0.2249 0.2381 0.1597 0.3774 
        H514  2 0.2188 0.3088 0.2263 0.2461 
        H519  2 0.2327 0.2317 0.1689 0.3666 
        H532  2 0.1643 0.2203 0.3581 0.2572 
        H543  2 0.1622 0.2245 0.2856 0.3277 
        H544  2 0.2378 0.3861 0.1779 0.1983 
        H545  2 0.1437 0.3206 0.2225 0.3132 
        H546  2 0.3171 0.2529 0.2141 0.2159 
        H547  2 0.1586 0.3299 0.1476 0.3639 
        H548  2 0.1925 0.2227 0.2920 0.2928 
        H549  2 0.1580 0.2994 0.1669 0.3757 
        H620  2 0.4677 0.1665 0.2003 0.1655 
        H623  2 0.1896 0.3344 0.2055 0.2705 
        H624  2 0.2958 0.3195 0.1672 0.2175 
        H625  2 0.1921 0.2417 0.2959 0.2704 
        H626  2 0.2337 0.2260 0.2080 0.3324 
        H654  2 0.4909 0.1783 0.1506 0.1802 
        H655  2 0.2935 0.2352 0.2197 0.2516 
        H656  2 0.4339 0.1759 0.2359 0.1543 
        H666  2 0.4652 0.2129 0.1401 0.1818 
        H667  2 0.2014 0.2233 0.3446 0.2307 
        H677  2 0.1983 0.2430 0.3015 0.2573 
        H693  2 0.3367 0.1718 0.3297 0.1618 
        H694  2 0.2052 0.2903 0.2108 0.2937 
        H701  2 0.1784 0.2367 0.2469 0.3380 
        H702  2 0.2608 0.2122 0.2367 0.2903 
        H731  2 0.3270 0.1972 0.2904 0.1854 
       H7359  2 0.2204 0.2502 0.2269 0.3025 
       H7389  2 0.2195 0.2596 0.2447 0.2762 
       H7390  2 0.3577 0.2082 0.1866 0.2476 
       H7391  2 0.1954 0.1693 0.4202 0.2151 
       H7392  2 0.2676 0.2985 0.2272 0.2067 
       H7393  2 0.3033 0.2179 0.1988 0.2801 
       H7398  2 0.2245 0.1958 0.3419 0.2379 
       H7399  2 0.1593 0.2596 0.3430 0.2381 
       H7400  2 0.4843 0.1839 0.1648 0.1669 
        H745  2 0.1793 0.4104 0.1820 0.2284 
        H746  2 0.1616 0.2631 0.3184 0.2568 
        H747  2 0.3321 0.2084 0.1810 0.2785 
        H748  2 0.2359 0.2326 0.2280 0.3035 
       H7484  2 0.4316 0.1901 0.1778 0.2005 
       H7485  2 0.2003 0.2894 0.2174 0.2928 
        H749  2 0.1603 0.2695 0.2672 0.3030 
        H930  2 0.1610 0.2683 0.1818 0.3889 
        H931  2 0.2332 0.2382 0.3034 0.2253 
        H932  2 0.2669 0.2459 0.2302 0.2570 
        H111  3 0.1743 0.3106 0.1951 0.3200 
        H951  3 0.1804 0.2678 0.2406 0.3112 
        H952  3 0.2453 0.3060 0.2102 0.2385 
        H953  3 0.1865 0.2256 0.3328 0.2550 
        H954  3 0.3702 0.2030 0.1923 0.2345 
        H955  3 0.1650 0.2794 0.2151 0.3406 
        H956  3 0.2525 0.2184 0.2422 0.2869 
       H9563  3 0.2934 0.1892 0.2620 0.2553 
        H002  4 0.3414 0.2730 0.2051 0.1805 
        H003  4 0.1742 0.2436 0.3802 0.2019 
        H009  4 0.1891 0.3656 0.1972 0.2481 
        H010  4 0.2176 0.2405 0.3023 0.2396 
        H011  4 0.4005 0.1859 0.2433 0.1703 
        H012  4 0.1716 0.2202 0.3436 0.2646 
        H013  4 0.2892 0.1874 0.3327 0.1907 
        H014  4 0.2659 0.2697 0.2415 0.2228 
        H045  4 0.2904 0.1980 0.2923 0.2193 
        H046  4 0.1713 0.3003 0.3117 0.2167 
        H051  4 0.3234 0.1874 0.2877 0.2015 
        H052  4 0.3252 0.2899 0.1788 0.2061 
        H053  4 0.2945 0.2279 0.2225 0.2551 
        H056  4 0.3601 0.2338 0.1864 0.2197 
        H076  4 0.1710 0.3106 0.2881 0.2303 
        H151  4 0.4291 0.2217 0.1742 0.1749 
        H152  4 0.3509 0.2838 0.1990 0.1663 
     H171803  4 0.2845 0.2077 0.2300 0.2778 
     H171804  4 0.2904 0.1999 0.2194 0.2903 
     H171833  4 0.1863 0.3595 0.2147 0.2394 
     H171855  4 0.4222 0.2307 0.1555 0.1916 
     H171856  4 0.2203 0.2466 0.1872 0.3460 
     H171857  4 0.3851 0.2361 0.1715 0.2074 
     H171858  4 0.2429 0.2948 0.2506 0.2118 
     H171859  4 0.2784 0.2621 0.2450 0.2146 
     H171961  4 0.3163 0.2141 0.2600 0.2095 
        H198  4 0.1539 0.2721 0.3415 0.2325 
      H20001  4 0.1765 0.3559 0.1844 0.2832 
        H403  4 0.2716 0.2651 0.1922 0.2711 
        H404  4 0.1742 0.2349 0.3613 0.2296 
        H405  4 0.1736 0.2619 0.2882 0.2763 
        H406  4 0.2316 0.3381 0.1331 0.2972 
        H407  4 0.2581 0.2211 0.2313 0.2895 
        H410  4 0.1704 0.2696 0.2490 0.3110 
        H411  4 0.2027 0.3131 0.1882 0.2960 
        H468  4 0.2167 0.3045 0.1453 0.3336 
        H476  4 0.2415 0.2561 0.1726 0.3298 
        H477  4 0.1659 0.3644 0.1904 0.2793 
        H478  4 0.1626 0.2304 0.3334 0.2736 
        H479  4 0.2886 0.2034 0.2954 0.2126 
        H480  4 0.1580 0.2986 0.2007 0.3427 
        H498  4 0.2316 0.2761 0.2825 0.2098 
        H499  4 0.2395 0.2411 0.2807 0.2387 
        H500  4 0.3508 0.1867 0.2326 0.2299 
        H515  4 0.3112 0.2061 0.2202 0.2625 
        H516  4 0.2651 0.2938 0.1976 0.2435 
        H517  4 0.2360 0.2688 0.2274 0.2678 
        H518  4 0.3035 0.2876 0.1691 0.2398 
        H520  4 0.3237 0.2446 0.1941 0.2377 
        H521  4 0.2103 0.2429 0.2977 0.2491 
        H522  4 0.2476 0.2453 0.2137 0.2934 
        H523  4 0.2719 0.2451 0.2076 0.2754 
        H536  4 0.2046 0.2549 0.3295 0.2110 
        H645  4 0.2545 0.1720 0.3964 0.1771 
        H646  4 0.1509 0.3352 0.1925 0.3214 
        H647  4 0.2080 0.2871 0.2085 0.2964 
        H657  4 0.1659 0.2688 0.2604 0.3049 
        H658  4 0.2376 0.2267 0.2243 0.3114 
        H659  4 0.4659 0.1768 0.1628 0.1945 
        H660  4 0.2725 0.2396 0.2218 0.2661 
        H661  4 0.3481 0.2518 0.1897 0.2103 
        H668  4 0.1725 0.2146 0.3838 0.2290 
        H669  4 0.2475 0.2161 0.2886 0.2478 
        H670  4 0.2521 0.1714 0.4113 0.1652 
        H678  4 0.2367 0.2271 0.2100 0.3262 
        H679  4 0.1676 0.2463 0.2396 0.3466 
        H680  4 0.2452 0.3000 0.2069 0.2479 
        H681  4 0.2778 0.2036 0.3115 0.2071 
        H682  4 0.1832 0.2012 0.2564 0.3592 
        H683  4 0.3494 0.2827 0.1491 0.2188 
        H718  4 0.3900 0.2262 0.2002 0.1836 
        H719  4 0.2833 0.2039 0.2899 0.2229 
        H720  4 0.2644 0.2962 0.2116 0.2278 
        H721  4 0.2631 0.3076 0.1926 0.2368 
        H722  4 0.3242 0.3271 0.1642 0.1845 
        H723  4 0.3484 0.1810 0.2531 0.2175 
        H724  4 0.4469 0.1867 0.1658 0.2006 
        H725  4 0.4219 0.2198 0.1699 0.1884 
        H726  4 0.3611 0.2220 0.2168 0.2002 
        H727  4 0.3300 0.1904 0.2791 0.2006 
        H910  4 0.2959 0.1938 0.2563 0.2540 
        H911  4 0.2059 0.2755 0.2117 0.3068 
        H912  4 0.2801 0.2710 0.1905 0.2585 
        H913  4 0.2999 0.2266 0.2096 0.2639 
        H914  4 0.3217 0.1671 0.2923 0.2188 
        H915  4 0.2457 0.2307 0.1945 0.3290 
        H916  4 0.2166 0.2855 0.1654 0.3326 
       H9572  4 0.2664 0.2573 0.2058 0.2705 
        H015  5 0.1958 0.3000 0.1971 0.3070 
        H016  5 0.1829 0.3428 0.2376 0.2367 
        H017  5 0.2332 0.3019 0.1830 0.2820 
        H019  5 0.2309 0.2816 0.2499 0.2376 
        H020  5 0.2671 0.2625 0.2581 0.2123 
        H032  5 0.2844 0.2442 0.2087 0.2627 
        H033  5 0.1914 0.2193 0.3173 0.2720 
        H034  5 0.3463 0.1850 0.2796 0.1891 
        H035  5 0.2283 0.2421 0.2317 0.2979 
        H036  5 0.2081 0.2693 0.2205 0.3022 
        H037  5 0.2937 0.2046 0.2521 0.2497 
        H048  5 0.3428 0.1881 0.2413 0.2278 
        H049  5 0.2496 0.3157 0.2066 0.2282 
        H054  5 0.2727 0.2559 0.2548 0.2166 
        H055  5 0.3108 0.2253 0.2961 0.1679 
        H057  5 0.2318 0.3601 0.2023 0.2058 
        H060  5 0.2874 0.2705 0.2581 0.1841 
        H061  5 0.1972 0.2543 0.2939 0.2546 
        H064  5 0.3082 0.2478 0.2587 0.1853 
        H070  5 0.2846 0.1929 0.2943 0.2282 
        H077  5 0.3864 0.2119 0.1831 0.2186 
        H078  5 0.3319 0.2595 0.1656 0.2430 
        H079  5 0.1580 0.2241 0.3264 0.2916 
        H097  5 0.2769 0.3525 0.1467 0.2239 
        H107  5 0.4445 0.1620 0.2386 0.1549 
        H122  5 0.1951 0.2967 0.2132 0.2950 
        H123  5 0.1781 0.2755 0.2256 0.3207 
        H124  5 0.1774 0.2634 0.2808 0.2783 
        H131  5 0.1960 0.2590 0.2677 0.2773 
        H132  5 0.2757 0.2240 0.2612 0.2391 
        H141  5 0.2582 0.2279 0.2540 0.2599 
        H142  5 0.1692 0.2631 0.2904 0.2773 
        H157  5 0.3327 0.2052 0.2382 0.2238 
        H158  5 0.1854 0.3732 0.1802 0.2612 
        H159  5 0.1607 0.2754 0.2352 0.3287 
        H160  5 0.2243 0.2704 0.2174 0.2879 
        H163  5 0.2004 0.2534 0.2436 0.3026 
        H164  5 0.2189 0.2474 0.2936 0.2402 
        H165  5 0.1527 0.2275 0.3870 0.2328 
        H166  5 0.2036 0.2830 0.2617 0.2517 
        H169  5 0.2315 0.2317 0.3282 0.2085 
     H169613  5 0.2706 0.2710 0.2373 0.2211 
     H169653  5 0.2220 0.2778 0.2758 0.2243 
     H169728  5 0.1938 0.2633 0.2083 0.3346 
     H169742  5 0.2193 0.2008 0.3715 0.2084 
        H170  5 0.2323 0.3744 0.1796 0.2137 
        H171  5 0.2181 0.3537 0.1984 0.2298 
     H171851  5 0.2454 0.2948 0.2417 0.2181 
     H171852  5 0.3329 0.2642 0.1971 0.2059 
     H171853  5 0.2942 0.2015 0.2419 0.2623 
     H171854  5 0.2572 0.2526 0.2158 0.2744 
     H171938  5 0.2234 0.1863 0.3624 0.2279 
     H171939  5 0.1910 0.3164 0.2481 0.2445 
     H171941  5 0.3769 0.1897 0.2758 0.1576 
     H171965  5 0.1905 0.3060 0.3001 0.2034 
     H171970  5 0.4513 0.1803 0.2021 0.1662 
     H171973  5 0.1750 0.2132 0.3494 0.2623 
     H171974  5 0.2519 0.1973 0.3206 0.2303 
     H171975  5 0.3144 0.2190 0.2700 0.1966 
     H171976  5 0.2407 0.3500 0.1693 0.2400 
        H175  5 0.3228 0.2056 0.2463 0.2253 
        H178  5 0.2699 0.2323 0.2900 0.2077 
        H189  5 0.1646 0.3093 0.2756 0.2505 
        H399  5 0.2111 0.3720 0.1566 0.2602 
        H416  5 0.2573 0.2127 0.2807 0.2493 
        H438  5 0.2466 0.1961 0.2712 0.2861 
        H450  5 0.3507 0.2168 0.2412 0.1913 
        H455  5 0.4147 0.1761 0.2507 0.1584 
        H456  5 0.2275 0.2104 0.3233 0.2388 
        H457  5 0.3454 0.2781 0.1907 0.1857 
        H458  5 0.2957 0.2159 0.2775 0.2110 
        H459  5 0.1650 0.2876 0.2617 0.2857 
        H460  5 0.2333 0.2230 0.2235 0.3201 
        H461  5 0.2344 0.3417 0.1769 0.2469 
        H462  5 0.1849 0.2412 0.2641 0.3098 
        H469  5 0.1836 0.2321 0.2677 0.3166 
        H470  5 0.2676 0.2279 0.2317 0.2728 
        H471  5 0.1584 0.3605 0.1726 0.3085 
        H481  5 0.4358 0.1938 0.1869 0.1834 
        H482  5 0.3096 0.2388 0.2309 0.2207 
        H501  5 0.2518 0.2194 0.2799 0.2488 
        H502  5 0.1735 0.3194 0.2484 0.2587 
        H503  5 0.2022 0.2863 0.2358 0.2758 
        H509  5 0.3284 0.2011 0.2021 0.2683 
        H510  5 0.2327 0.2616 0.2947 0.2110 
        H511  5 0.2067 0.2640 0.2874 0.2419 
        H530  5 0.2722 0.1987 0.3063 0.2227 
        H531  5 0.3404 0.2305 0.1678 0.2612 
        H564  5 0.2792 0.2513 0.2580 0.2115 
        H565  5 0.4048 0.2095 0.1880 0.1977 
        H567  5 0.1514 0.2960 0.2375 0.3150 
     H568???  5 0.1854 0.3319 0.2330 0.2497 
        H608  5 0.3492 0.2172 0.2433 0.1903 
        H609  5 0.2230 0.1953 0.3803 0.2014 
        H612  5 0.3853 0.1558 0.2669 0.1919 
        H614  5 0.3905 0.2299 0.1806 0.1991 
        H615  5 0.3249 0.2604 0.1807 0.2340 
        H616  5 0.4676 0.1501 0.2290 0.1533 
        H617  5 0.1585 0.2294 0.2824 0.3296 
        H618  5 0.3908 0.1933 0.2190 0.1969 
        H619  5 0.1830 0.1994 0.4446 0.1729 
        H635  5 0.2582 0.2425 0.2753 0.2240 
        H636  5 0.1779 0.1808 0.4140 0.2273 
        H637  5 0.2635 0.2376 0.2908 0.2081 
        H644  5 0.1269 0.4233 0.1887 0.2611 
        H711  5 0.2215 0.3486 0.2062 0.2237 
        H712  5 0.2954 0.1902 0.3193 0.1951 
       H7360  5 0.2569 0.2870 0.2305 0.2255 
       H7361  5 0.3469 0.2267 0.2186 0.2077 
       H7362  5 0.1446 0.3766 0.2140 0.2648 
       H7363  5 0.2952 0.2516 0.2054 0.2478 
       H7394  5 0.1873 0.2654 0.2576 0.2897 
       H7395  5 0.2516 0.2209 0.3189 0.2086 
       H7396  5 0.2197 0.2288 0.2581 0.2933 
        H742  5 0.2223 0.1930 0.3786 0.2061 
        H743  5 0.2849 0.2511 0.2578 0.2062 
        H744  5 0.4143 0.1812 0.2047 0.1998 
        H957  5 0.2390 0.3045 0.2051 0.2515 
        H958  5 0.1847 0.2419 0.2218 0.3516 
        H959  5 0.3558 0.1797 0.2882 0.1763 
        H960  5 0.2432 0.2233 0.2695 0.2640 
      H_PALI  6 0.2217 0.2576 0.2562 0.2644 
        H581  6 0.3003 0.2446 0.1932 0.2618 
        H582  6 0.3945 0.2426 0.1686 0.1943 
        H583  6 0.2641 0.2455 0.2285 0.2620 
        H595  6 0.1487 0.2560 0.1939 0.4014 
        H596  6 0.1496 0.2549 0.2265 0.3690 
        H597  6 0.1695 0.3242 0.2469 0.2594 
        H598  6 0.2579 0.2153 0.2703 0.2565 
        H599  6 0.3349 0.2039 0.2608 0.2004 
        H642  6 0.1940 0.3097 0.1616 0.3347 
        H643  6 0.2406 0.2200 0.2776 0.2619 
        H664  6 0.3232 0.2601 0.1358 0.2809 
        H665  6 0.2108 0.1852 0.3861 0.2178 
        H674  6 0.1589 0.3963 0.1849 0.2599 
        H675  6 0.3100 0.2595 0.1974 0.2331 
        H676  6 0.2048 0.2675 0.2092 0.3185 
        H686  6 0.2245 0.2641 0.2514 0.2600 
        H687  6 0.2400 0.2608 0.2057 0.2936 
        H917  6 0.1503 0.2138 0.3155 0.3204 
        H918  6 0.1827 0.2194 0.3914 0.2065 
        H919  6 0.3850 0.1692 0.2388 0.2069 
        H920  6 0.3126 0.2313 0.2178 0.2383 
        H631  7 0.3065 0.2313 0.2551 0.2072 
        H684  7 0.1871 0.3727 0.2455 0.1948 
        H685  7 0.3550 0.2012 0.1404 0.3034 
        H713  7 0.3485 0.1921 0.2147 0.2447 
        H715  7 0.2135 0.3430 0.2310 0.2125 
        H716  7 0.2834 0.2436 0.3096 0.1635 
        H717  7 0.2770 0.2464 0.2396 0.2371 
        H729  7 0.1540 0.2321 0.3165 0.2975 
        H730  7 0.2618 0.1901 0.3177 0.2304 
        H431  8 0.3394 0.2161 0.2162 0.2283 
        H432  8 0.1623 0.3526 0.2403 0.2448 
        H433  8 0.2055 0.2190 0.2827 0.2928 
        H434  8 0.2088 0.2525 0.2450 0.2937 
        H444  8 0.2130 0.2132 0.3542 0.2196 
        H454  8 0.3938 0.1780 0.2399 0.1883 
        H475  8 0.4132 0.1966 0.1919 0.1983 
        H491  8 0.3071 0.2363 0.2733 0.1833 
        H492  8 0.3021 0.2160 0.2133 0.2686 
        H493  8 0.2424 0.2832 0.2346 0.2398 
        H494  8 0.2684 0.2402 0.2212 0.2701 
        H495  8 0.3718 0.2667 0.1646 0.1969 
        H662  8 0.2086 0.3048 0.2201 0.2665 
        H663  8 0.2354 0.2415 0.2595 0.2636 
        H695  8 0.2629 0.2194 0.2586 0.2591 
       H7367  8 0.1663 0.2561 0.2386 0.3389 
       H7368  8 0.2004 0.2865 0.2795 0.2336 
       H7369  8 0.2481 0.2017 0.3308 0.2195 
       H7370  8 0.1295 0.2356 0.1825 0.4523 
       H7371  8 0.2054 0.2087 0.2857 0.3001 
        H600  9 0.3093 0.2298 0.2520 0.2088 
        H648  9 0.2716 0.2841 0.2139 0.2304 
        H696  9 0.1414 0.3675 0.1676 0.3235 
        H697  9 0.2364 0.2457 0.2661 0.2518 
        H698  9 0.2132 0.2645 0.2371 0.2851 
        H699  9 0.2550 0.2548 0.2424 0.2478 
        H700  9 0.2671 0.2078 0.3114 0.2137 
        H732  9 0.3906 0.2443 0.1635 0.2016 
        H733  9 0.1831 0.2312 0.2410 0.3447 
        H734  9 0.1576 0.2983 0.2056 0.3384 
        H735  9 0.2157 0.2485 0.1957 0.3401 
        H736  9 0.2387 0.2565 0.2323 0.2725 
        H737  9 0.3111 0.2306 0.2645 0.1938 
        H905  9 0.3229 0.1909 0.3054 0.1809 
        H921  9 0.2828 0.1973 0.2936 0.2262 
        H922  9 0.1440 0.2348 0.2730 0.3482 
     H169705 10 0.2040 0.2220 0.2018 0.3722 
     H171942 10 0.1639 0.3503 0.2475 0.2382 
     H171943 10 0.1961 0.2672 0.2167 0.3201 
     H171944 10 0.2161 0.2057 0.2407 0.3375 
     H171946 10 0.3201 0.2695 0.1537 0.2567 
     H171947 10 0.2105 0.2653 0.2689 0.2553 
     H229641 10 0.2572 0.2463 0.1970 0.2994 
      H30001 10 0.2608 0.2139 0.2583 0.2670 
      H30002 10 0.2367 0.2317 0.3099 0.2217 
      H30005 10 0.2292 0.2370 0.2159 0.3179 
      H30006 10 0.1963 0.3270 0.2007 0.2761 
      H30007 10 0.1427 0.3992 0.2201 0.2380 
        H451 10 0.1813 0.2613 0.2897 0.2678 
        H452 10 0.2393 0.2859 0.1775 0.2973 
        H453 10 0.4149 0.2390 0.1850 0.1611 
        H473 10 0.2862 0.2364 0.2733 0.2040 
        H474 10 0.4093 0.2242 0.1385 0.2280 
        H486 10 0.3061 0.2148 0.2214 0.2577 
        H487 10 0.3148 0.2403 0.2137 0.2312 
        H488 10 0.2551 0.1926 0.3432 0.2092 
        H489 10 0.3646 0.1995 0.1848 0.2511 
        H550 10 0.1825 0.3424 0.2035 0.2716 
        H551 10 0.2533 0.1969 0.2535 0.2963 
        H553 10 0.3499 0.2505 0.1700 0.2297 
        H554 10 0.1953 0.2807 0.2816 0.2424 
        H556 10 0.2544 0.3062 0.1961 0.2433 
        H580 10 0.2087 0.2659 0.2660 0.2594 
        H591 10 0.4263 0.1783 0.2033 0.1921 
        H592 10 0.2791 0.2176 0.2021 0.3012 
        H593 10 0.2127 0.2648 0.2704 0.2522 
        H594 10 0.1400 0.3230 0.2397 0.2973 
        H627 10 0.2452 0.2805 0.1876 0.2867 
        H628 10 0.1380 0.2432 0.4225 0.1963 
        H629 10 0.2517 0.2958 0.1771 0.2754 
        H630 10 0.2384 0.2486 0.1746 0.3384 
        H638 10 0.2103 0.2227 0.1947 0.3722 
        H639 10 0.3718 0.2488 0.1636 0.2157 
        H640 10 0.1745 0.2740 0.2119 0.3395 
        H704 10 0.1772 0.3346 0.2509 0.2372 
        H705 10 0.2071 0.2139 0.2067 0.3723 
        H706 10 0.3369 0.1778 0.2914 0.1939 
        H708 10 0.3898 0.1935 0.1886 0.2282 
       H7351 10 0.2253 0.2834 0.2449 0.2464 
       H7352 10 0.2698 0.2403 0.2335 0.2564 
       H7353 10 0.1958 0.3844 0.2036 0.2162 
       H7354 10 0.2994 0.2084 0.3158 0.1764 
       H7365 10 0.3590 0.1905 0.2119 0.2386 
       H7383 10 0.2871 0.1935 0.2953 0.2241 
       H7384 10 0.2904 0.2260 0.2799 0.2037 
       H7385 10 0.3273 0.1965 0.2364 0.2398 
       H7386 10 0.2170 0.2243 0.3190 0.2396 
       H7387 10 0.2044 0.2598 0.2899 0.2459 
       H7388 10 0.2581 0.2462 0.2430 0.2527 
        H906 10 0.3112 0.2839 0.2411 0.1638 
        H907 10 0.1777 0.2673 0.2075 0.3474 
        H908 10 0.2545 0.2222 0.2590 0.2643 
        H909 10 0.2504 0.2041 0.3714 0.1740 
       H9552 10 0.2444 0.2725 0.2521 0.2310 
       H9553 10 0.2993 0.2575 0.1976 0.2456 
       H9555 10 0.1721 0.2079 0.2715 0.3485 
       H9575 10 0.3504 0.2462 0.1945 0.2089 
       H9703 10 0.4247 0.2071 0.1751 0.1931 
       H9707 10 0.3428 0.2194 0.1948 0.2430 
       HSAA4 10 0.2050 0.2659 0.2607 0.2685 
        H001 11 0.2847 0.2202 0.3083 0.1868 
        H004 11 0.2242 0.2473 0.2630 0.2654 
        H005 11 0.4177 0.1658 0.2659 0.1506 
        H006 11 0.2268 0.2206 0.2979 0.2548 
        H007 11 0.3331 0.1784 0.3177 0.1708 
        H031 11 0.4026 0.1653 0.2012 0.2308 
        H074 11 0.3500 0.2173 0.1595 0.2732 
        H075 11 0.3238 0.1756 0.2868 0.2138 
        H080 11 0.3780 0.1959 0.2172 0.2089 
        H086 11 0.2774 0.2458 0.2272 0.2496 
        H092 11 0.3073 0.2173 0.2201 0.2554 
        H093 11 0.1602 0.3384 0.2684 0.2330 
        H094 11 0.1990 0.2589 0.1860 0.3561 
        H095 11 0.3294 0.2168 0.2530 0.2007 
        H096 11 0.2809 0.1944 0.3317 0.1930 
        H099 11 0.3122 0.2172 0.2278 0.2429 
        H100 11 0.1444 0.2821 0.3327 0.2408 
        H127 11 0.3112 0.2282 0.2264 0.2342 
        H136 11 0.4031 0.2042 0.1880 0.2047 
        H153 11 0.2240 0.2677 0.2370 0.2714 
        H154 11 0.3559 0.2081 0.1758 0.2602 
        H155 11 0.1639 0.2284 0.3598 0.2480 
        H156 11 0.1312 0.2286 0.3886 0.2516 
        H161 11 0.2222 0.3090 0.2362 0.2325 
        H162 11 0.1637 0.2666 0.2212 0.3486 
        H167 11 0.2037 0.2393 0.3362 0.2208 
        H168 11 0.2333 0.2478 0.2915 0.2273 
     H169586 11 0.2815 0.3513 0.1571 0.2101 
     H169738 11 0.1792 0.2104 0.3453 0.2651 
     H169741 11 0.3198 0.2157 0.1978 0.2667 
     H171801 11 0.1866 0.3298 0.2266 0.2570 
     H171810 11 0.3156 0.2228 0.1925 0.2691 
     H171811 11 0.3649 0.2435 0.1715 0.2201 
     H171812 11 0.2486 0.1854 0.3758 0.1902 
     H171820 11 0.3605 0.2040 0.2044 0.2310 
     H171821 11 0.2130 0.2220 0.2786 0.2865 
     H171822 11 0.2075 0.2493 0.2325 0.3106 
     H171823 11 0.3835 0.2939 0.1584 0.1642 
     H171866 11 0.1948 0.2965 0.2652 0.2435 
     H171867 11 0.1718 0.1947 0.3382 0.2953 
     H171967 11 0.3342 0.1851 0.2640 0.2167 
     H171969 11 0.2331 0.2322 0.2919 0.2429 
        H172 11 0.2150 0.2137 0.3012 0.2701 
        H173 11 0.2174 0.1907 0.3183 0.2736 
        H174 11 0.1525 0.3066 0.1920 0.3489 
        H196 11 0.2115 0.2512 0.2606 0.2767 
        H197 11 0.1900 0.2183 0.3235 0.2682 
        H346 11 0.2713 0.2052 0.3297 0.1937 
        H355 11 0.2788 0.2169 0.2966 0.2077 
        H356 11 0.2832 0.2384 0.2448 0.2337 
        H357 11 0.3092 0.2035 0.2378 0.2495 
        H358 11 0.2116 0.1852 0.3629 0.2402 
        H359 11 0.2337 0.2574 0.2212 0.2877 
        H360 11 0.2492 0.2147 0.2952 0.2409 
        H361 11 0.2275 0.2445 0.3192 0.2088 
        H362 11 0.1484 0.2439 0.2302 0.3775 
        H363 11 0.3509 0.1918 0.2512 0.2061 
        H364 11 0.2457 0.2652 0.2905 0.1986 
        H365 11 0.1972 0.2469 0.3109 0.2450 
        H366 11 0.1878 0.2482 0.3298 0.2342 
        H367 11 0.4011 0.2083 0.1605 0.2301 
        H368 11 0.1635 0.3060 0.1887 0.3418 
        H369 11 0.4069 0.1659 0.2283 0.1990 
        H370 11 0.1699 0.2499 0.2933 0.2869 
        H371 11 0.2541 0.2365 0.2043 0.3051 
        H372 11 0.2152 0.2351 0.2862 0.2634 
        H373 11 0.2618 0.2298 0.2793 0.2290 
        H374 11 0.2867 0.2076 0.3184 0.1873 
        H375 11 0.2709 0.2044 0.2839 0.2408 
        H376 11 0.2043 0.2840 0.2686 0.2431 
        H377 11 0.2589 0.2194 0.2644 0.2572 
        H378 11 0.2862 0.2571 0.2265 0.2303 
        H379 11 0.2272 0.2364 0.2198 0.3166 
        H380 11 0.1625 0.2134 0.3861 0.2380 
        H381 11 0.3267 0.2594 0.1795 0.2345 
        H382 11 0.1275 0.2675 0.2876 0.3174 
        H383 11 0.1634 0.2928 0.3447 0.1991 
        H384 11 0.3207 0.2291 0.2321 0.2181 
        H385 11 0.3058 0.2075 0.2037 0.2830 
        H386 11 0.1900 0.1841 0.4078 0.2180 
        H387 11 0.2596 0.3739 0.1924 0.1741 
        H388 11 0.1491 0.2573 0.3290 0.2646 
        H389 11 0.2332 0.1937 0.3210 0.2521 
        H390 11 0.1951 0.2381 0.2713 0.2955 
        H391 11 0.1890 0.3079 0.1901 0.3129 
        H392 11 0.3052 0.1841 0.3155 0.1952 
        H393 11 0.1627 0.3159 0.2869 0.2345 
        H394 11 0.1719 0.3900 0.1896 0.2485 
        H395 11 0.3498 0.1922 0.2580 0.1999 
        H408 11 0.2587 0.1799 0.3795 0.1820 
        H412 11 0.3588 0.2654 0.1089 0.2669 
        H417 11 0.2783 0.2210 0.2515 0.2493 
        H418 11 0.2753 0.2906 0.1756 0.2585 
        H429 11 0.2016 0.2323 0.3404 0.2257 
        H430 11 0.1840 0.2335 0.3042 0.2783 
        H439 11 0.2585 0.2127 0.2600 0.2688 
        H440 11 0.3768 0.2073 0.2322 0.1837 
        H441 11 0.1966 0.2351 0.2393 0.3290 
        H442 11 0.1873 0.2517 0.3115 0.2495 
        H446 11 0.2355 0.2793 0.2402 0.2450 
        H447 11 0.1533 0.2190 0.3342 0.2935 
        H448 11 0.2125 0.2127 0.3201 0.2548 
        H534 11 0.4161 0.2230 0.1840 0.1770 
        H537 11 0.3782 0.2334 0.2025 0.1860 
        H568 11 0.4385 0.1943 0.1600 0.2073 
        H569 11 0.1349 0.2406 0.2826 0.3420 
        H586 11 0.2766 0.3584 0.1532 0.2118 
        H587 11 0.4221 0.1733 0.2073 0.1974 
        H588 11 0.1602 0.3668 0.2376 0.2354 
        H589 11 0.3914 0.1909 0.2265 0.1912 
        H590 11 0.3611 0.2254 0.2203 0.1932 
        H601 11 0.1509 0.2836 0.2798 0.2857 
        H602 11 0.3052 0.2159 0.2158 0.2630 
        H603 11 0.1820 0.2004 0.3335 0.2841 
        H610 11 0.2622 0.2380 0.2132 0.2866 
        H611 11 0.2890 0.2173 0.1690 0.3246 
        H649 11 0.2461 0.2474 0.2620 0.2446 
        H650 11 0.1852 0.2760 0.1835 0.3552 
        H651 11 0.2324 0.1852 0.3520 0.2304 
        H652 11 0.2676 0.2886 0.2197 0.2241 
       H7364 11 0.1882 0.2341 0.2945 0.2833 
       H7366 11 0.2604 0.2048 0.3089 0.2259 
       H7378 11 0.1213 0.4029 0.1554 0.3204 
       H7379 11 0.2515 0.2419 0.2486 0.2579 
        H739 11 0.3329 0.2217 0.1917 0.2538 
        H740 11 0.2030 0.2897 0.2152 0.2921 
        H741 11 0.3252 0.2089 0.1973 0.2685 
        H926 11 0.2281 0.2706 0.2093 0.2920 
        H927 11 0.1727 0.2335 0.2530 0.3408 
        H928 11 0.2296 0.2270 0.1778 0.3656 
       H9560 11 0.2067 0.3007 0.1944 0.2983 
        H409 12 0.1800 0.2251 0.3253 0.2696 
        H413 12 0.1512 0.4002 0.1835 0.2650 
        H419 12 0.2156 0.2196 0.3275 0.2372 
        H420 12 0.3163 0.2269 0.2546 0.2022 
        H421 12 0.1473 0.2959 0.3255 0.2313 
        H435 12 0.1729 0.3087 0.2914 0.2271 
        H436 12 0.2337 0.1987 0.3473 0.2204 
        H437 12 0.3526 0.2494 0.2004 0.1976 
        H445 12 0.1718 0.2076 0.4066 0.2140 
        H449 12 0.2099 0.3433 0.2203 0.2265 
        H463 12 0.3284 0.2433 0.2212 0.2071 
        H464 12 0.1730 0.3510 0.2225 0.2535 
        H465 12 0.2489 0.3357 0.1453 0.2701 
        H490 12 0.1727 0.3349 0.2189 0.2736 
        H561 12 0.2521 0.2393 0.2155 0.2931 
        H562 12 0.2260 0.1892 0.3822 0.2026 
        H563 12 0.2917 0.1906 0.2594 0.2584 
        H570 12 0.3245 0.1795 0.2880 0.2079 
        H571 12 0.2229 0.3046 0.1858 0.2867 
        H572 12 0.2766 0.2437 0.2182 0.2615 
        H573 12 0.1734 0.2200 0.3348 0.2718 
       H7372 12 0.1336 0.2278 0.4048 0.2338 
       H7373 12 0.1756 0.4097 0.1893 0.2255 
       H7374 12 0.3306 0.2230 0.2903 0.1562 
       H7375 12 0.3044 0.2050 0.2677 0.2230 
       H7376 12 0.1497 0.1954 0.4370 0.2178 
       H7377 12 0.3133 0.2067 0.2036 0.2765 
