        H102  1 0.4165 0.2780 0.3055 
        H103  1 0.1643 0.3501 0.4856 
        H104  1 0.4627 0.3414 0.1959 
        H105  1 0.3384 0.3729 0.2887 
        H106  1 0.3448 0.3062 0.3490 
        H112  1 0.4132 0.3326 0.2542 
        H113  1 0.2674 0.4886 0.2439 
        H114  1 0.1969 0.5595 0.2436 
        H115  1 0.4086 0.3827 0.2087 
        H143  1 0.2997 0.3805 0.3198 
        H144  1 0.1945 0.2746 0.5309 
        H145  1 0.1841 0.3260 0.4899 
        H149  1 0.4943 0.2498 0.2558 
        H150  1 0.2962 0.3213 0.3826 
     H167542  1 0.3032 0.4205 0.2763 
     H169604  1 0.2929 0.3948 0.3123 
     H169607  1 0.2266 0.3418 0.4316 
     H169608  1 0.4905 0.2292 0.2803 
     H169633  1 0.2140 0.4913 0.2947 
     H169688  1 0.2391 0.2388 0.5221 
     H169714  1 0.4063 0.3269 0.2668 
     H171802  1 0.4218 0.3115 0.2667 
     H171805  1 0.2485 0.3565 0.3950 
     H171807  1 0.4358 0.2290 0.3352 
     H171814  1 0.1814 0.4001 0.4184 
     H171816  1 0.3777 0.3060 0.3163 
     H171817  1 0.3899 0.3645 0.2456 
     H171818  1 0.3161 0.3762 0.3076 
     H171819  1 0.3166 0.4094 0.2740 
     H171834  1 0.3222 0.3478 0.3301 
     H171835  1 0.4917 0.2857 0.2226 
     H171836  1 0.1506 0.4883 0.3611 
     H171837  1 0.4122 0.3525 0.2353 
     H171838  1 0.2197 0.3439 0.4364 
     H171839  1 0.3677 0.4022 0.2301 
     H171841  1 0.5361 0.1840 0.2799 
     H171860  1 0.3264 0.4026 0.2710 
     H171861  1 0.1587 0.5153 0.3260 
     H171862  1 0.3151 0.3497 0.3352 
     H171868  1 0.3263 0.4090 0.2647 
     H171869  1 0.2434 0.2607 0.4959 
     H171870  1 0.3405 0.2660 0.3934 
     H171871  1 0.2193 0.3879 0.3928 
     H171872  1 0.3956 0.3936 0.2107 
     H171873  1 0.3161 0.2720 0.4118 
     H171874  1 0.2430 0.3447 0.4123 
     H171875  1 0.1694 0.4801 0.3505 
     H171876  1 0.2630 0.3721 0.3649 
     H171877  1 0.3753 0.3911 0.2336 
     H171878  1 0.3744 0.2007 0.4249 
     H171901  1 0.3874 0.3166 0.2960 
     H171902  1 0.3154 0.2485 0.4361 
     H171903  1 0.2956 0.3960 0.3084 
     H171935  1 0.3888 0.2471 0.3641 
     H171936  1 0.2360 0.4943 0.2697 
     H171940  1 0.4686 0.2355 0.2959 
     H171945  1 0.3023 0.2785 0.4192 
     H171948  1 0.4125 0.3376 0.2499 
     H171949  1 0.5399 0.2117 0.2484 
     H171950  1 0.5400 0.2370 0.2230 
     H171963  1 0.2336 0.3051 0.4613 
     H171964  1 0.2292 0.2370 0.5338 
     H171966  1 0.3439 0.3139 0.3422 
     H171968  1 0.3703 0.2434 0.3863 
     H171971  1 0.2987 0.3151 0.3862 
     H171972  1 0.2005 0.3356 0.4639 
     H171977  1 0.2274 0.3133 0.4593 
     H171978  1 0.4033 0.2538 0.3428 
     H171979  1 0.1983 0.4174 0.3843 
        H176  1 0.3008 0.3876 0.3116 
        H177  1 0.5247 0.2497 0.2255 
        H179  1 0.4567 0.3439 0.1994 
        H181  1 0.2684 0.3303 0.4014 
        H182  1 0.1693 0.4168 0.4140 
        H183  1 0.2508 0.2785 0.4707 
        H184  1 0.4202 0.3141 0.2657 
        H185  1 0.2322 0.3706 0.3972 
        H186  1 0.3380 0.2134 0.4486 
        H187  1 0.2781 0.3693 0.3526 
        H188  1 0.4634 0.3216 0.2151 
        H192  1 0.4829 0.2521 0.2650 
        H193  1 0.2337 0.3048 0.4615 
        H194  1 0.3508 0.3614 0.2878 
        H195  1 0.2083 0.2222 0.5695 
        H199  1 0.2285 0.2577 0.5138 
        H200  1 0.3831 0.3427 0.2742 
        H414  1 0.2408 0.3628 0.3965 
        H415  1 0.2151 0.4889 0.2960 
        H422  1 0.3759 0.2697 0.3544 
        H423  1 0.6176 0.1864 0.1960 
        H424  1 0.1902 0.3822 0.4275 
        H425  1 0.2018 0.2776 0.5206 
        H426  1 0.2441 0.2222 0.5337 
        H443  1 0.2545 0.2591 0.4864 
        H466  1 0.3859 0.2985 0.3156 
        H467  1 0.5203 0.2249 0.2548 
        H472  1 0.3621 0.3010 0.3369 
        H483  1 0.2863 0.3353 0.3784 
        H504  1 0.1968 0.3119 0.4913 
        H505  1 0.4371 0.2807 0.2822 
        H506  1 0.3268 0.3063 0.3669 
        H507  1 0.1829 0.4290 0.3880 
        H508  1 0.3906 0.2744 0.3350 
        H524  1 0.2022 0.4718 0.3260 
        H525  1 0.2871 0.3289 0.3839 
        H526  1 0.2786 0.4304 0.2910 
        H527  1 0.4123 0.2800 0.3077 
        H528  1 0.1852 0.4429 0.3719 
        H529  1 0.1868 0.3785 0.4347 
        H533  1 0.1606 0.4979 0.3415 
        H538  1 0.3811 0.3340 0.2849 
        H539  1 0.2466 0.3083 0.4450 
        H540  1 0.3056 0.3721 0.3223 
        H541  1 0.2936 0.4235 0.2829 
        H558  1 0.2405 0.2583 0.5012 
        H559  1 0.3415 0.3214 0.3371 
        H579  1 0.2364 0.3143 0.4493 
        H584  1 0.2283 0.2839 0.4879 
        H585  1 0.2567 0.3818 0.3614 
        H605  1 0.3876 0.3079 0.3045 
        H606  1 0.5253 0.2396 0.2350 
        H632  1 0.2399 0.2774 0.4828 
        H634  1 0.2695 0.3333 0.3972 
        H671  1 0.5098 0.2655 0.2247 
        H672  1 0.2662 0.4389 0.2949 
        H673  1 0.2770 0.2738 0.4492 
        H689  1 0.2666 0.3730 0.3604 
        H690  1 0.3874 0.3800 0.2326 
        H691  1 0.3195 0.3887 0.2919 
        H692  1 0.1411 0.3888 0.4701 
        H709  1 0.2747 0.3819 0.3434 
        H710  1 0.1714 0.3699 0.4587 
       H7355  1 0.2149 0.5011 0.2839 
       H7356  1 0.2821 0.2931 0.4249 
       H7357  1 0.3966 0.3587 0.2448 
       H7358  1 0.2656 0.3515 0.3829 
       H7380  1 0.2664 0.3516 0.3820 
       H7381  1 0.4146 0.2387 0.3467 
       H7382  1 0.2546 0.3521 0.3933 
        H904  1 0.6227 0.2068 0.1705 
        H923  1 0.3550 0.3168 0.3282 
        H924  1 0.3980 0.3017 0.3003 
        H925  1 0.2839 0.4036 0.3125 
       H9558  1 0.2150 0.2500 0.5350 
        H008  2 0.2080 0.4729 0.3191 
        H021  2 0.4493 0.2868 0.2639 
        H023  2 0.4512 0.2935 0.2553 
        H024  2 0.1779 0.4514 0.3707 
        H025  2 0.4322 0.2032 0.3646 
        H026  2 0.1937 0.3406 0.4658 
        H027  2 0.2966 0.4129 0.2906 
        H028  2 0.2692 0.3467 0.3841 
        H029  2 0.2043 0.4551 0.3406 
        H030  2 0.1831 0.3727 0.4442 
        H038  2 0.4483 0.2597 0.2920 
        H039  2 0.6926 0.1592 0.1482 
        H040  2 0.4233 0.3004 0.2763 
        H041  2 0.2856 0.4793 0.2351 
        H042  2 0.3870 0.3145 0.2986 
        H043  2 0.4657 0.2054 0.3289 
        H044  2 0.2211 0.3556 0.4233 
        H047  2 0.3666 0.2742 0.3591 
        H050  2 0.1920 0.4450 0.3630 
        H058  2 0.3992 0.2907 0.3101 
        H062  2 0.4794 0.2350 0.2857 
        H063  2 0.4598 0.2975 0.2427 
        H065  2 0.3428 0.2173 0.4398 
        H066  2 0.2436 0.3910 0.3654 
        H067  2 0.2989 0.3809 0.3202 
        H068  2 0.4715 0.2574 0.2712 
        H069  2 0.2772 0.2920 0.4307 
        H071  2 0.4466 0.2891 0.2643 
        H072  2 0.5463 0.2433 0.2104 
        H073  2 0.2568 0.3431 0.4001 
        H081  2 0.3957 0.3819 0.2224 
        H082  2 0.1811 0.3625 0.4564 
        H083  2 0.2091 0.2820 0.5089 
        H084  2 0.3338 0.3742 0.2920 
        H085  2 0.3157 0.4312 0.2531 
        H087  2 0.3695 0.3864 0.2441 
        H088  2 0.4454 0.3035 0.2511 
        H089  2 0.2961 0.4122 0.2917 
        H090  2 0.1990 0.4387 0.3623 
        H091  2 0.1967 0.4855 0.3178 
        H098  2 0.2715 0.4244 0.3041 
      H10001  2 0.7107 0.1400 0.1492 
      H10002  2 0.4475 0.3122 0.2403 
        H101  2 0.1932 0.4511 0.3557 
        H108  2 0.5627 0.2388 0.1985 
        H109  2 0.3078 0.4005 0.2917 
        H110  2 0.2530 0.4666 0.2804 
        H116  2 0.2221 0.3584 0.4195 
        H117  2 0.2144 0.5639 0.2218 
        H118  2 0.1807 0.4108 0.4085 
        H119  2 0.3778 0.3932 0.2290 
        H120  2 0.6355 0.1945 0.1700 
        H121  2 0.2206 0.4216 0.3578 
        H125  2 0.6901 0.1611 0.1488 
        H126  2 0.2816 0.2504 0.4680 
        H128  2 0.1071 0.4011 0.4918 
        H129  2 0.2002 0.2678 0.5320 
        H130  2 0.4549 0.1747 0.3704 
        H133  2 0.5298 0.2202 0.2500 
        H134  2 0.1642 0.2226 0.6132 
        H135  2 0.3453 0.3814 0.2733 
        H137  2 0.2799 0.4407 0.2794 
        H138  2 0.1992 0.3001 0.5007 
        H140  2 0.2960 0.3790 0.3250 
        H146  2 0.2077 0.4486 0.3436 
        H147  2 0.2410 0.4666 0.2923 
        H148  2 0.2357 0.5440 0.2203 
     H166022  2 0.1928 0.4769 0.3302 
     H167359  2 0.2762 0.4132 0.3106 
     H167397  2 0.1253 0.5169 0.3578 
     H167428  2 0.1699 0.4549 0.3752 
     H167496  2 0.5355 0.2770 0.1876 
     H167513  2 0.2873 0.3226 0.3901 
     H167545  2 0.1956 0.3345 0.4699 
     H167547  2 0.1667 0.3856 0.4477 
     H169621  2 0.1995 0.4178 0.3827 
     H169622  2 0.2242 0.3426 0.4332 
     H169750  2 0.3756 0.2525 0.3719 
     H171806  2 0.3519 0.3386 0.3095 
     H171808  2 0.3037 0.3290 0.3672 
     H171809  2 0.3795 0.3407 0.2798 
     H171813  2 0.3346 0.2659 0.3995 
     H171815  2 0.5384 0.1996 0.2620 
     H171824  2 0.4563 0.3489 0.1948 
     H171825  2 0.2828 0.3442 0.3730 
     H171826  2 0.3569 0.3973 0.2458 
     H171827  2 0.3172 0.3648 0.3180 
     H171828  2 0.6499 0.2012 0.1489 
     H171829  2 0.2930 0.2564 0.4506 
     H171830  2 0.2983 0.4207 0.2810 
     H171831  2 0.1893 0.3556 0.4551 
     H171832  2 0.2638 0.3129 0.4232 
     H171863  2 0.1568 0.3124 0.5307 
     H171864  2 0.2743 0.4637 0.2621 
     H171865  2 0.4905 0.2548 0.2548 
     H171879  2 0.2392 0.4778 0.2830 
     H171880  2 0.2032 0.5251 0.2717 
     H171881  2 0.2856 0.3711 0.3433 
     H171882  2 0.6367 0.1909 0.1724 
     H171929  2 0.3129 0.3830 0.3040 
     H171930  2 0.1689 0.4072 0.4239 
     H171933  2 0.2731 0.3883 0.3387 
     H171934  2 0.3102 0.4057 0.2841 
     H171937  2 0.2248 0.3071 0.4681 
     H171962  2 0.2969 0.3606 0.3425 
        H190  2 0.2676 0.3654 0.3670 
        H191  2 0.3554 0.3227 0.3219 
        H396  2 0.4140 0.2948 0.2912 
        H397  2 0.2647 0.3773 0.3580 
        H398  2 0.3902 0.2360 0.3738 
        H400  2 0.3240 0.3770 0.2990 
        H401  2 0.1387 0.5061 0.3552 
        H402  2 0.1942 0.4966 0.3093 
        H427  2 0.3359 0.3855 0.2786 
        H428  2 0.1704 0.4458 0.3839 
        H497  2 0.3718 0.2758 0.3524 
        H512  2 0.2571 0.4391 0.3038 
        H513  2 0.2841 0.3238 0.3920 
        H514  2 0.2408 0.2641 0.4951 
        H519  2 0.2878 0.3446 0.3676 
        H532  2 0.2477 0.4550 0.2973 
        H543  2 0.1987 0.4952 0.3061 
        H544  2 0.3011 0.1995 0.4993 
        H545  2 0.1786 0.3041 0.5173 
        H546  2 0.4945 0.2123 0.2932 
        H547  2 0.1565 0.3888 0.4547 
        H548  2 0.2686 0.4475 0.2839 
        H549  2 0.2455 0.2998 0.4547 
        H620  2 0.6439 0.1864 0.1697 
        H623  2 0.2467 0.2869 0.4664 
        H624  2 0.3710 0.1718 0.4572 
        H625  2 0.3209 0.3525 0.3266 
        H626  2 0.3027 0.4117 0.2856 
        H654  2 0.6619 0.1453 0.1928 
        H655  2 0.3805 0.2980 0.3215 
        H656  2 0.6482 0.1667 0.1851 
        H666  2 0.5671 0.2049 0.2280 
        H667  2 0.2805 0.3898 0.3297 
        H677  2 0.2782 0.4004 0.3214 
        H693  2 0.5594 0.2415 0.1990 
        H694  2 0.2603 0.3337 0.4060 
        H701  2 0.2226 0.4530 0.3245 
        H702  2 0.3626 0.3795 0.2580 
        H731  2 0.4319 0.2896 0.2785 
       H7359  2 0.2880 0.4203 0.2917 
       H7389  2 0.2829 0.3740 0.3431 
       H7390  2 0.5149 0.2418 0.2434 
       H7391  2 0.2828 0.5227 0.1945 
       H7392  2 0.3784 0.2636 0.3580 
       H7393  2 0.3816 0.3207 0.2977 
       H7398  2 0.3101 0.4546 0.2353 
       H7399  2 0.2206 0.3857 0.3937 
       H7400  2 0.6626 0.1568 0.1806 
        H745  2 0.2058 0.2415 0.5526 
        H746  2 0.2240 0.3480 0.4280 
        H747  2 0.4585 0.2991 0.2424 
        H748  2 0.2842 0.3935 0.3223 
       H7484  2 0.5677 0.2291 0.2033 
       H7485  2 0.2798 0.3060 0.4142 
        H749  2 0.2193 0.3587 0.4221 
        H930  2 0.1775 0.4274 0.3951 
        H931  2 0.3301 0.3844 0.2856 
        H932  2 0.3108 0.4042 0.2850 
        H111  3 0.2026 0.3495 0.4478 
        H951  3 0.2152 0.3883 0.3965 
        H952  3 0.2784 0.3154 0.4062 
        H953  3 0.2582 0.4568 0.2850 
        H954  3 0.5021 0.2642 0.2337 
        H955  3 0.1948 0.3885 0.4168 
        H956  3 0.3181 0.4244 0.2576 
       H9563  3 0.3980 0.3818 0.2202 
        H002  4 0.4737 0.1924 0.3339 
        H003  4 0.2296 0.3714 0.3991 
        H009  4 0.2282 0.2678 0.5040 
        H010  4 0.2984 0.4113 0.2903 
        H011  4 0.6188 0.1828 0.1984 
        H012  4 0.2377 0.4491 0.3132 
        H013  4 0.4235 0.3127 0.2638 
        H014  4 0.3194 0.3063 0.3743 
        H045  4 0.4497 0.3403 0.2100 
        H046  4 0.2252 0.3329 0.4419 
        H051  4 0.5081 0.2670 0.2248 
        H052  4 0.4187 0.2234 0.3579 
        H053  4 0.3658 0.3426 0.2916 
        H056  4 0.4964 0.2150 0.2886 
        H076  4 0.2099 0.3757 0.4144 
        H151  4 0.5575 0.1845 0.2580 
        H152  4 0.4257 0.2223 0.3520 
     H171803  4 0.4394 0.2883 0.2723 
     H171804  4 0.4163 0.3428 0.2410 
     H171833  4 0.2092 0.2830 0.5078 
     H171855  4 0.5277 0.1881 0.2842 
     H171856  4 0.3246 0.3725 0.3029 
     H171857  4 0.4379 0.2450 0.3170 
     H171858  4 0.3037 0.3553 0.3410 
     H171859  4 0.3593 0.3246 0.3161 
     H171961  4 0.4998 0.2513 0.2489 
        H198  4 0.1676 0.3905 0.4420 
      H20001  4 0.2193 0.2478 0.5329 
        H403  4 0.3400 0.3023 0.3577 
        H404  4 0.2417 0.3986 0.3597 
        H405  4 0.2036 0.4222 0.3742 
        H406  4 0.2471 0.3206 0.4323 
        H407  4 0.3504 0.3847 0.2649 
        H410  4 0.1720 0.5613 0.2667 
        H411  4 0.2203 0.2839 0.4958 
        H468  4 0.2707 0.2717 0.4576 
        H476  4 0.3113 0.3398 0.3489 
        H477  4 0.1879 0.2542 0.5579 
        H478  4 0.2398 0.3725 0.3877 
        H479  4 0.4388 0.2924 0.2688 
        H480  4 0.1811 0.3354 0.4835 
        H498  4 0.2758 0.3023 0.4219 
        H499  4 0.3385 0.3045 0.3570 
        H500  4 0.4871 0.3066 0.2064 
        H515  4 0.3759 0.3309 0.2932 
        H516  4 0.3032 0.3320 0.3648 
        H517  4 0.2429 0.4695 0.2876 
        H518  4 0.3919 0.2419 0.3662 
        H520  4 0.4108 0.2834 0.3058 
        H521  4 0.3268 0.3569 0.3162 
        H522  4 0.3569 0.3031 0.3400 
        H523  4 0.3247 0.3589 0.3164 
        H536  4 0.2993 0.3207 0.3800 
        H645  4 0.4602 0.3319 0.2078 
        H646  4 0.1910 0.4216 0.3874 
        H647  4 0.2786 0.3294 0.3919 
        H657  4 0.2055 0.4572 0.3373 
        H658  4 0.3067 0.4207 0.2726 
        H659  4 0.6124 0.1852 0.2024 
        H660  4 0.3796 0.2713 0.3492 
        H661  4 0.4642 0.2260 0.3098 
        H668  4 0.2301 0.4692 0.3007 
        H669  4 0.3451 0.3915 0.2635 
        H670  4 0.4123 0.3630 0.2246 
        H678  4 0.2956 0.3727 0.3317 
        H679  4 0.2100 0.5053 0.2847 
        H680  4 0.3157 0.2915 0.3928 
        H681  4 0.3908 0.3318 0.2774 
        H682  4 0.2344 0.5125 0.2531 
        H683  4 0.4162 0.2264 0.3574 
        H718  4 0.5377 0.2303 0.2320 
        H719  4 0.4499 0.2940 0.2561 
        H720  4 0.4148 0.2115 0.3737 
        H721  4 0.3929 0.2201 0.3870 
        H722  4 0.3884 0.1736 0.4379 
        H723  4 0.4599 0.3252 0.2149 
        H724  4 0.5797 0.2251 0.1952 
        H725  4 0.5457 0.1970 0.2573 
        H726  4 0.4619 0.2888 0.2493 
        H727  4 0.4490 0.3231 0.2279 
        H910  4 0.4043 0.3590 0.2367 
        H911  4 0.2360 0.4366 0.3274 
        H912  4 0.3248 0.3249 0.3504 
        H913  4 0.3937 0.3192 0.2870 
        H914  4 0.4838 0.3264 0.1899 
        H915  4 0.3151 0.3923 0.2926 
        H916  4 0.2494 0.3227 0.4280 
       H9572  4 0.3935 0.2835 0.3229 
        H015  5 0.2273 0.2952 0.4776 
        H016  5 0.2263 0.2797 0.4940 
        H017  5 0.2881 0.2583 0.4536 
        H019  5 0.2953 0.2950 0.4097 
        H020  5 0.3913 0.2722 0.3365 
        H032  5 0.3377 0.3548 0.3075 
        H033  5 0.2636 0.4332 0.3032 
        H034  5 0.4702 0.3124 0.2174 
        H035  5 0.2902 0.3542 0.3556 
        H036  5 0.2602 0.3847 0.3551 
        H037  5 0.4476 0.2782 0.2742 
        H048  5 0.5454 0.2503 0.2042 
        H049  5 0.3065 0.2425 0.4511 
        H054  5 0.3266 0.3513 0.3222 
        H055  5 0.4394 0.2506 0.3099 
        H057  5 0.2942 0.2022 0.5035 
        H060  5 0.4063 0.2182 0.3755 
        H061  5 0.2827 0.3829 0.3343 
        H064  5 0.4336 0.2470 0.3194 
        H070  5 0.4097 0.3306 0.2597 
        H077  5 0.5249 0.2228 0.2523 
        H078  5 0.4076 0.2605 0.3320 
        H079  5 0.2212 0.4732 0.3057 
        H097  5 0.3274 0.2207 0.4519 
        H107  5 0.6514 0.1906 0.1580 
        H122  5 0.2784 0.2966 0.4249 
        H123  5 0.1967 0.4435 0.3598 
        H124  5 0.2202 0.4695 0.3103 
        H131  5 0.2394 0.4452 0.3154 
        H132  5 0.3966 0.3263 0.2771 
        H141  5 0.3815 0.3292 0.2893 
        H142  5 0.2235 0.3770 0.3995 
        H157  5 0.5228 0.2488 0.2285 
        H158  5 0.1814 0.3232 0.4954 
        H159  5 0.2298 0.3507 0.4194 
        H160  5 0.2971 0.3384 0.3645 
        H163  5 0.2516 0.3991 0.3493 
        H164  5 0.2878 0.3305 0.3817 
        H165  5 0.2141 0.4937 0.2922 
        H166  5 0.2819 0.2665 0.4516 
        H169  5 0.3034 0.3354 0.3612 
     H169613  5 0.3501 0.3005 0.3495 
     H169653  5 0.2513 0.3400 0.4087 
     H169728  5 0.2487 0.3678 0.3834 
     H169742  5 0.3997 0.3224 0.2779 
        H170  5 0.2834 0.2205 0.4961 
        H171  5 0.2651 0.2424 0.4925 
     H171851  5 0.3014 0.2953 0.4032 
     H171852  5 0.4104 0.2510 0.3386 
     H171853  5 0.4013 0.3495 0.2491 
     H171854  5 0.2780 0.3544 0.3676 
     H171938  5 0.3242 0.4503 0.2254 
     H171939  5 0.2562 0.2768 0.4670 
     H171941  5 0.5802 0.1910 0.2288 
     H171965  5 0.2222 0.3223 0.4556 
     H171970  5 0.6144 0.1835 0.2021 
     H171973  5 0.2597 0.4572 0.2832 
     H171974  5 0.3507 0.3664 0.2830 
     H171975  5 0.4373 0.2844 0.2783 
     H171976  5 0.2855 0.2520 0.4625 
        H175  5 0.4758 0.3103 0.2139 
        H178  5 0.4028 0.2687 0.3285 
        H189  5 0.1694 0.4124 0.4183 
        H399  5 0.2485 0.2495 0.5020 
        H416  5 0.3599 0.3286 0.3115 
        H438  5 0.3147 0.4332 0.2522 
        H450  5 0.4998 0.2169 0.2832 
        H455  5 0.6263 0.1864 0.1874 
        H456  5 0.3318 0.3658 0.3025 
        H457  5 0.4623 0.2035 0.3342 
        H458  5 0.4369 0.2819 0.2812 
        H459  5 0.2003 0.4032 0.3965 
        H460  5 0.3253 0.3481 0.3266 
        H461  5 0.2537 0.2757 0.4707 
        H462  5 0.2593 0.4403 0.3004 
        H469  5 0.2063 0.4465 0.3472 
        H470  5 0.3659 0.3395 0.2946 
        H471  5 0.1697 0.3646 0.4657 
        H481  5 0.5789 0.2083 0.2128 
        H482  5 0.3946 0.2847 0.3207 
        H501  5 0.3376 0.3526 0.3098 
        H502  5 0.2023 0.3300 0.4677 
        H503  5 0.2458 0.3509 0.4033 
        H509  5 0.4971 0.2812 0.2217 
        H510  5 0.3603 0.2618 0.3778 
        H511  5 0.2448 0.3480 0.4072 
        H530  5 0.3880 0.3829 0.2290 
        H531  5 0.4732 0.2685 0.2583 
        H564  5 0.4313 0.2569 0.3118 
        H565  5 0.5459 0.1938 0.2604 
        H567  5 0.1770 0.4624 0.3605 
     H568???  5 0.2219 0.3225 0.4556 
        H608  5 0.4919 0.2317 0.2764 
        H609  5 0.3386 0.3600 0.3014 
        H612  5 0.5622 0.2536 0.1842 
        H614  5 0.4920 0.2084 0.2996 
        H615  5 0.4353 0.2381 0.3266 
        H616  5 0.6303 0.2153 0.1545 
        H617  5 0.2061 0.4827 0.3112 
        H618  5 0.5266 0.2538 0.2196 
        H619  5 0.3029 0.3413 0.3558 
        H635  5 0.3057 0.3700 0.3243 
        H636  5 0.2792 0.4638 0.2570 
        H637  5 0.4199 0.2671 0.3130 
        H644  5 0.1394 0.2913 0.5693 
        H711  5 0.2468 0.2505 0.5027 
        H712  5 0.4952 0.2691 0.2357 
       H7360  5 0.3641 0.2485 0.3874 
       H7361  5 0.4619 0.2560 0.2821 
       H7362  5 0.1543 0.3091 0.5366 
       H7363  5 0.3805 0.2897 0.3297 
       H7394  5 0.2044 0.4434 0.3522 
       H7395  5 0.3881 0.2961 0.3157 
       H7396  5 0.2870 0.3667 0.3464 
        H742  5 0.4042 0.3228 0.2729 
        H743  5 0.3732 0.2834 0.3434 
        H744  5 0.5165 0.2940 0.1895 
        H957  5 0.3000 0.2907 0.4094 
        H958  5 0.2394 0.4099 0.3508 
        H959  5 0.5407 0.2482 0.2111 
        H960  5 0.3106 0.4064 0.2830 
      H_PALI  6 0.2901 0.3212 0.3887 
        H581  6 0.3847 0.2871 0.3282 
        H582  6 0.5731 0.1805 0.2464 
        H583  6 0.3715 0.2948 0.3337 
        H595  6 0.1583 0.4583 0.3834 
        H596  6 0.1750 0.4612 0.3638 
        H597  6 0.2194 0.3334 0.4471 
        H598  6 0.3406 0.3999 0.2595 
        H599  6 0.5259 0.2213 0.2528 
        H642  6 0.2290 0.3539 0.4171 
        H643  6 0.2997 0.4318 0.2685 
        H664  6 0.4511 0.2165 0.3324 
        H665  6 0.3094 0.4374 0.2531 
        H674  6 0.1783 0.2833 0.5384 
        H675  6 0.3955 0.2581 0.3464 
        H676  6 0.2239 0.3482 0.4279 
        H686  6 0.2954 0.2949 0.4097 
        H687  6 0.2960 0.3515 0.3525 
        H917  6 0.2002 0.4959 0.3039 
        H918  6 0.3335 0.3434 0.3231 
        H919  6 0.5565 0.2678 0.1758 
        H920  6 0.4478 0.2648 0.2874 
        H631  7 0.4594 0.2547 0.2859 
        H684  7 0.2078 0.2591 0.5331 
        H685  7 0.4323 0.3279 0.2398 
        H713  7 0.5416 0.2462 0.2122 
        H715  7 0.2385 0.2737 0.4878 
        H716  7 0.4653 0.2282 0.3065 
        H717  7 0.4238 0.2762 0.3001 
        H729  7 0.1915 0.5517 0.2568 
        H730  7 0.3694 0.3977 0.2329 
        H431  8 0.3768 0.3847 0.2385 
        H432  8 0.2001 0.3002 0.4997 
        H433  8 0.2713 0.4457 0.2830 
        H434  8 0.2679 0.3580 0.3741 
        H444  8 0.3293 0.3384 0.3323 
        H454  8 0.5659 0.2145 0.2196 
        H475  8 0.5400 0.2149 0.2451 
        H491  8 0.4729 0.2128 0.3143 
        H492  8 0.4443 0.2956 0.2601 
        H493  8 0.2526 0.3160 0.4315 
        H494  8 0.3907 0.3321 0.2772 
        H495  8 0.4605 0.1644 0.3751 
        H662  8 0.2932 0.2848 0.4220 
        H663  8 0.3504 0.3529 0.2967 
        H695  8 0.3516 0.3956 0.2527 
       H7367  8 0.1858 0.5273 0.2868 
       H7368  8 0.2442 0.3789 0.3769 
       H7369  8 0.3637 0.3525 0.2838 
       H7370  8 0.1528 0.5551 0.2921 
       H7371  8 0.2678 0.4710 0.2612 
        H600  9 0.4627 0.2645 0.2728 
        H648  9 0.3292 0.3100 0.3608 
        H696  9 0.1578 0.3335 0.5088 
        H697  9 0.3099 0.3779 0.3122 
        H698  9 0.2413 0.4477 0.3110 
        H699  9 0.3138 0.3435 0.3427 
        H700  9 0.4647 0.2748 0.2605 
        H732  9 0.5206 0.2097 0.2697 
        H733  9 0.2099 0.4935 0.2966 
        H734  9 0.1820 0.3746 0.4434 
        H735  9 0.2595 0.3821 0.3584 
        H736  9 0.3486 0.3072 0.3442 
        H737  9 0.3596 0.3559 0.2845 
        H905  9 0.4519 0.2900 0.2581 
        H921  9 0.4052 0.3578 0.2370 
        H922  9 0.2006 0.4447 0.3548 
     H169705 10 0.2264 0.4832 0.2904 
     H171942 10 0.2053 0.2988 0.4960 
     H171943 10 0.2778 0.3216 0.4007 
     H171944 10 0.2852 0.4550 0.2598 
     H171946 10 0.4190 0.2424 0.3386 
     H171947 10 0.2854 0.3447 0.3699 
     H229641 10 0.3274 0.3718 0.3008 
      H30001 10 0.3496 0.3852 0.2652 
      H30002 10 0.3230 0.3191 0.3579 
      H30005 10 0.2604 0.4685 0.2711 
      H30006 10 0.2252 0.3994 0.3755 
      H30007 10 0.1703 0.1910 0.6387 
        H451 10 0.2403 0.3832 0.3766 
        H452 10 0.2235 0.4512 0.3253 
        H453 10 0.5195 0.1819 0.2987 
        H473 10 0.4142 0.2583 0.3275 
        H474 10 0.5424 0.2045 0.2531 
        H486 10 0.4160 0.3360 0.2480 
        H487 10 0.3849 0.3524 0.2627 
        H488 10 0.4009 0.3561 0.2430 
        H489 10 0.4709 0.2992 0.2299 
        H550 10 0.2053 0.2741 0.5206 
        H551 10 0.3316 0.4387 0.2297 
        H553 10 0.4076 0.3226 0.2698 
        H554 10 0.2604 0.3249 0.4147 
        H556 10 0.3359 0.2908 0.3733 
        H580 10 0.2690 0.4086 0.3224 
        H591 10 0.5931 0.2176 0.1893 
        H592 10 0.3576 0.3812 0.2612 
        H593 10 0.2954 0.3460 0.3586 
        H594 10 0.1691 0.3628 0.4682 
        H627 10 0.3157 0.2980 0.3863 
        H628 10 0.1966 0.4784 0.3250 
        H629 10 0.3209 0.2672 0.4119 
        H630 10 0.2841 0.3430 0.3729 
        H638 10 0.2411 0.4430 0.3159 
        H639 10 0.4723 0.2314 0.2962 
        H640 10 0.2206 0.4015 0.3779 
        H704 10 0.2377 0.2914 0.4708 
        H705 10 0.2367 0.4887 0.2746 
        H706 10 0.4782 0.3362 0.1856 
        H708 10 0.5113 0.2631 0.2256 
       H7351 10 0.3132 0.2978 0.3891 
       H7352 10 0.3274 0.3443 0.3283 
       H7353 10 0.2158 0.2485 0.5357 
       H7354 10 0.4415 0.2507 0.3078 
       H7365 10 0.5383 0.2576 0.2041 
       H7383 10 0.4358 0.3387 0.2255 
       H7384 10 0.3626 0.3695 0.2679 
       H7385 10 0.4590 0.2869 0.2541 
       H7386 10 0.3243 0.4039 0.2718 
       H7387 10 0.2624 0.3627 0.3749 
       H7388 10 0.2596 0.4792 0.2611 
        H906 10 0.4651 0.1827 0.3522 
        H907 10 0.2002 0.4096 0.3902 
        H908 10 0.3255 0.3833 0.2912 
        H909 10 0.3972 0.2929 0.3100 
       H9552 10 0.3237 0.3346 0.3416 
       H9553 10 0.3392 0.3985 0.2624 
       H9555 10 0.2452 0.4698 0.2849 
       H9575 10 0.4519 0.2467 0.3014 
       H9703 10 0.5239 0.2502 0.2259 
       H9707 10 0.4415 0.2979 0.2606 
       HSAA4 10 0.2720 0.4079 0.3201 
        H001 11 0.4121 0.3020 0.2859 
        H004 11 0.3150 0.3434 0.3417 
        H005 11 0.5641 0.2315 0.2043 
        H006 11 0.3130 0.4092 0.2778 
        H007 11 0.5484 0.2440 0.2076 
        H031 11 0.5391 0.2856 0.1753 
        H074 11 0.4952 0.2474 0.2574 
        H075 11 0.5437 0.2483 0.2080 
        H080 11 0.4708 0.3031 0.2261 
        H086 11 0.3044 0.4135 0.2821 
        H092 11 0.3818 0.3520 0.2661 
        H093 11 0.1917 0.2835 0.5248 
        H094 11 0.2368 0.3999 0.3632 
        H095 11 0.4635 0.2807 0.2558 
        H096 11 0.4310 0.3267 0.2422 
        H099 11 0.4262 0.2948 0.2790 
        H100 11 0.2203 0.3245 0.4552 
        H127 11 0.3767 0.3766 0.2467 
        H136 11 0.5240 0.2285 0.2475 
        H153 11 0.3131 0.2943 0.3926 
        H154 11 0.4896 0.2670 0.2435 
        H155 11 0.2247 0.4778 0.2975 
        H156 11 0.1693 0.4965 0.3342 
        H161 11 0.2854 0.2720 0.4426 
        H162 11 0.1903 0.4654 0.3443 
        H167 11 0.2615 0.3944 0.3440 
        H168 11 0.2819 0.4136 0.3045 
     H169586 11 0.3323 0.1769 0.4908 
     H169738 11 0.2315 0.4976 0.2709 
     H169741 11 0.4028 0.3075 0.2897 
     H171801 11 0.2549 0.2954 0.4498 
     H171810 11 0.4595 0.2542 0.2862 
     H171811 11 0.4828 0.2225 0.2947 
     H171812 11 0.4478 0.2757 0.2765 
     H171820 11 0.5264 0.2232 0.2504 
     H171821 11 0.2549 0.4290 0.3161 
     H171822 11 0.2651 0.4457 0.2892 
     H171823 11 0.4919 0.1503 0.3578 
     H171866 11 0.2399 0.3912 0.3688 
     H171867 11 0.2247 0.5320 0.2433 
     H171967 11 0.5153 0.2798 0.2049 
     H171969 11 0.3538 0.3032 0.3429 
        H172 11 0.2911 0.3990 0.3099 
        H173 11 0.2917 0.4678 0.2405 
        H174 11 0.1644 0.3742 0.4614 
        H196 11 0.1995 0.5450 0.2556 
        H197 11 0.2380 0.4588 0.3032 
        H346 11 0.4086 0.3078 0.2836 
        H355 11 0.4368 0.2870 0.2762 
        H356 11 0.3711 0.3305 0.2984 
        H357 11 0.4417 0.3215 0.2368 
        H358 11 0.3442 0.3900 0.2659 
        H359 11 0.3312 0.3496 0.3193 
        H360 11 0.3197 0.3906 0.2898 
        H361 11 0.2695 0.4083 0.3222 
        H362 11 0.1646 0.5146 0.3208 
        H363 11 0.4564 0.2970 0.2466 
        H364 11 0.3171 0.2912 0.3918 
        H365 11 0.3073 0.3518 0.3409 
        H366 11 0.2517 0.4476 0.3007 
        H367 11 0.5151 0.2384 0.2465 
        H368 11 0.2264 0.3114 0.4622 
        H369 11 0.5282 0.2864 0.1854 
        H370 11 0.2267 0.4204 0.3529 
        H371 11 0.3060 0.3670 0.3270 
        H372 11 0.2855 0.3893 0.3253 
        H373 11 0.3494 0.3357 0.3149 
        H374 11 0.4190 0.2824 0.2987 
        H375 11 0.4400 0.3034 0.2567 
        H376 11 0.2586 0.3143 0.4271 
        H377 11 0.3399 0.3696 0.2905 
        H378 11 0.3632 0.2892 0.3475 
        H379 11 0.2760 0.3624 0.3616 
        H380 11 0.2189 0.4742 0.3069 
        H381 11 0.4816 0.2121 0.3063 
        H382 11 0.1533 0.4744 0.3724 
        H383 11 0.2126 0.3490 0.4385 
        H384 11 0.4106 0.2823 0.3071 
        H385 11 0.3763 0.3268 0.2969 
        H386 11 0.2838 0.4732 0.2430 
        H387 11 0.2895 0.1875 0.5230 
        H388 11 0.2115 0.4544 0.3342 
        H389 11 0.3800 0.3716 0.2485 
        H390 11 0.2841 0.3783 0.3376 
        H391 11 0.2302 0.3228 0.4470 
        H392 11 0.5354 0.2364 0.2281 
        H393 11 0.2436 0.2405 0.5159 
        H394 11 0.2262 0.2336 0.5402 
        H395 11 0.4499 0.3239 0.2261 
        H408 11 0.3712 0.3523 0.2764 
        H412 11 0.4719 0.1858 0.3424 
        H417 11 0.3651 0.3214 0.3135 
        H418 11 0.3250 0.2714 0.4035 
        H429 11 0.3211 0.3293 0.3496 
        H430 11 0.2495 0.4038 0.3467 
        H439 11 0.3317 0.3985 0.2698 
        H440 11 0.5243 0.2340 0.2417 
        H441 11 0.2370 0.4569 0.3061 
        H442 11 0.2547 0.4261 0.3192 
        H446 11 0.2778 0.3246 0.3976 
        H447 11 0.2215 0.4831 0.2953 
        H448 11 0.2734 0.4864 0.2401 
        H534 11 0.5473 0.1785 0.2742 
        H537 11 0.5047 0.2140 0.2813 
        H568 11 0.5744 0.2211 0.2046 
        H569 11 0.1536 0.5590 0.2874 
        H586 11 0.3270 0.1615 0.5115 
        H587 11 0.5788 0.2125 0.2087 
        H588 11 0.1895 0.2546 0.5559 
        H589 11 0.5499 0.2136 0.2365 
        H590 11 0.5058 0.2392 0.2550 
        H601 11 0.2003 0.4299 0.3698 
        H602 11 0.3786 0.3788 0.2426 
        H603 11 0.2453 0.4443 0.3104 
        H610 11 0.3595 0.3790 0.2614 
        H611 11 0.3818 0.3456 0.2726 
        H649 11 0.3506 0.2836 0.3658 
        H650 11 0.2050 0.3663 0.4287 
        H651 11 0.3230 0.4377 0.2393 
        H652 11 0.3238 0.2946 0.3816 
       H7364 11 0.2735 0.3775 0.3491 
       H7366 11 0.3523 0.3991 0.2486 
       H7378 11 0.1242 0.2913 0.5845 
       H7379 11 0.2994 0.3761 0.3245 
        H739 11 0.4364 0.2897 0.2739 
        H740 11 0.2361 0.3600 0.4039 
        H741 11 0.4092 0.3088 0.2819 
        H926 11 0.2580 0.3454 0.3966 
        H927 11 0.2086 0.5518 0.2396 
        H928 11 0.2747 0.4028 0.3225 
       H9560 11 0.2604 0.3719 0.3677 
        H409 12 0.2394 0.4567 0.3039 
        H413 12 0.2024 0.2650 0.5326 
        H419 12 0.2663 0.4699 0.2637 
        H420 12 0.3999 0.3076 0.2925 
        H421 12 0.1766 0.3650 0.4584 
        H435 12 0.2262 0.3355 0.4384 
        H436 12 0.3755 0.3764 0.2482 
        H437 12 0.4597 0.2222 0.3181 
        H445 12 0.2590 0.4503 0.2906 
        H449 12 0.2592 0.3178 0.4230 
        H463 12 0.4634 0.2460 0.2906 
        H464 12 0.2148 0.2789 0.5063 
        H465 12 0.3080 0.2200 0.4720 
        H490 12 0.1971 0.3181 0.4848 
        H561 12 0.2952 0.3507 0.3541 
        H562 12 0.3614 0.3954 0.2432 
        H563 12 0.3914 0.3782 0.2304 
        H570 12 0.4756 0.3043 0.2201 
        H571 12 0.3068 0.2840 0.4092 
        H572 12 0.4151 0.2914 0.2935 
        H573 12 0.2368 0.4300 0.3332 
       H7372 12 0.1608 0.5143 0.3249 
       H7373 12 0.1914 0.2348 0.5738 
       H7374 12 0.4676 0.2510 0.2814 
       H7375 12 0.4215 0.3302 0.2482 
       H7376 12 0.2391 0.4918 0.2692 
       H7377 12 0.3880 0.3430 0.2690 
