        H102  1 0.2880 0.2171 0.2010 0.2939 
        H103  1 0.1588 0.3570 0.3644 0.1198 
        H104  1 0.2984 0.1651 0.2085 0.3279 
        H105  1 0.3269 0.2226 0.2226 0.2278 
        H106  1 0.2049 0.2307 0.2884 0.2760 
        H112  1 0.2914 0.1794 0.2168 0.3124 
        H113  1 0.3797 0.1865 0.2595 0.1743 
        H114  1 0.3913 0.1961 0.2833 0.1294 
        H115  1 0.3541 0.1513 0.2367 0.2579 
        H143  1 0.3663 0.2385 0.2084 0.1869 
        H144  1 0.2792 0.4120 0.1788 0.1301 
        H145  1 0.2003 0.3445 0.3222 0.1331 
        H149  1 0.2210 0.1812 0.2015 0.3963 
        H150  1 0.2545 0.3023 0.2229 0.2203 
     H167542  1 0.4532 0.1696 0.1954 0.1819 
     H169604  1 0.3305 0.2263 0.2347 0.2086 
     H169607  1 0.3009 0.3119 0.2305 0.1567 
     H169608  1 0.2019 0.2045 0.2158 0.3778 
     H169633  1 0.3679 0.2174 0.2718 0.1429 
     H169688  1 0.1482 0.3972 0.2400 0.2146 
     H169714  1 0.2248 0.2334 0.2569 0.2849 
     H171802  1 0.1968 0.1877 0.2747 0.3408 
     H171805  1 0.2200 0.3080 0.2945 0.1775 
     H171807  1 0.2060 0.2530 0.2063 0.3346 
     H171814  1 0.2365 0.3574 0.2688 0.1373 
     H171816  1 0.2087 0.2445 0.2354 0.3114 
     H171817  1 0.2499 0.1916 0.2432 0.3153 
     H171818  1 0.2690 0.2337 0.2792 0.2182 
     H171819  1 0.2553 0.2250 0.2817 0.2380 
     H171834  1 0.2673 0.2494 0.2584 0.2250 
     H171835  1 0.2327 0.1721 0.2038 0.3914 
     H171836  1 0.2698 0.2592 0.3711 0.0999 
     H171837  1 0.3408 0.1754 0.2125 0.2713 
     H171838  1 0.1779 0.2547 0.4160 0.1514 
     H171839  1 0.3200 0.1742 0.2252 0.2806 
     H171841  1 0.1242 0.1982 0.1618 0.5158 
     H171860  1 0.3203 0.2275 0.2314 0.2208 
     H171861  1 0.3099 0.2704 0.3175 0.1022 
     H171862  1 0.2787 0.2468 0.2600 0.2145 
     H171868  1 0.4102 0.1901 0.2087 0.1910 
     H171869  1 0.1940 0.3757 0.2588 0.1715 
     H171870  1 0.1598 0.2866 0.2520 0.3015 
     H171871  1 0.1733 0.3027 0.3683 0.1557 
     H171872  1 0.3092 0.1887 0.2289 0.2731 
     H171873  1 0.1847 0.2992 0.2177 0.2984 
     H171874  1 0.2545 0.3467 0.2144 0.1843 
     H171875  1 0.3625 0.2832 0.2477 0.1066 
     H171876  1 0.3207 0.2561 0.2499 0.1733 
     H171877  1 0.4680 0.1594 0.1822 0.1903 
     H171878  1 0.1570 0.2939 0.2269 0.3222 
     H171901  1 0.1864 0.1994 0.2725 0.3417 
     H171902  1 0.2211 0.3124 0.1874 0.2792 
     H171903  1 0.2627 0.2497 0.2725 0.2151 
     H171935  1 0.1327 0.2685 0.2578 0.3409 
     H171936  1 0.3893 0.2117 0.2475 0.1514 
     H171940  1 0.2664 0.2222 0.1609 0.3505 
     H171945  1 0.2115 0.3187 0.2117 0.2581 
     H171948  1 0.2418 0.2126 0.2607 0.2850 
     H171949  1 0.2056 0.1753 0.1634 0.4557 
     H171950  1 0.1631 0.1539 0.2238 0.4592 
     H171963  1 0.1891 0.3727 0.2809 0.1573 
     H171964  1 0.1990 0.4617 0.1812 0.1581 
     H171966  1 0.2055 0.2726 0.2813 0.2406 
     H171968  1 0.2394 0.2679 0.1684 0.3243 
     H171971  1 0.1575 0.2695 0.3374 0.2356 
     H171972  1 0.2051 0.3587 0.2924 0.1439 
     H171977  1 0.2469 0.3549 0.2538 0.1444 
     H171978  1 0.1742 0.2743 0.2264 0.3251 
     H171979  1 0.2165 0.3060 0.3431 0.1345 
        H176  1 0.3377 0.2275 0.2323 0.2025 
        H177  1 0.1928 0.1756 0.2004 0.4312 
        H179  1 0.3388 0.1535 0.1663 0.3413 
        H181  1 0.2587 0.3100 0.2634 0.1678 
        H182  1 0.2392 0.2782 0.3713 0.1114 
        H183  1 0.1897 0.3886 0.2313 0.1904 
        H184  1 0.2261 0.2218 0.2322 0.3198 
        H185  1 0.2781 0.2960 0.2749 0.1509 
        H186  1 0.2242 0.3575 0.1634 0.2549 
        H187  1 0.1944 0.2578 0.3158 0.2319 
        H188  1 0.4219 0.1478 0.1558 0.2745 
        H192  1 0.1901 0.2011 0.2083 0.4006 
        H193  1 0.2181 0.3270 0.3127 0.1422 
        H194  1 0.2702 0.2106 0.2584 0.2608 
        H195  1 0.1661 0.4446 0.2017 0.1877 
        H199  1 0.2049 0.3891 0.2180 0.1880 
        H200  1 0.2661 0.2031 0.2106 0.3203 
        H414  1 0.1961 0.2704 0.3440 0.1895 
        H415  1 0.3051 0.2285 0.3083 0.1582 
        H422  1 0.2075 0.2983 0.1915 0.3027 
        H423  1 0.1443 0.1493 0.1505 0.5559 
        H424  1 0.2161 0.3465 0.2884 0.1491 
        H425  1 0.2089 0.4340 0.1883 0.1689 
        H426  1 0.1340 0.4417 0.2531 0.1713 
        H443  1 0.2739 0.4278 0.1406 0.1577 
        H466  1 0.2449 0.2466 0.2566 0.2519 
        H467  1 0.1857 0.2030 0.1749 0.4364 
        H472  1 0.2817 0.2414 0.2082 0.2687 
        H483  1 0.3583 0.2496 0.2113 0.1807 
        H504  1 0.2048 0.4069 0.2374 0.1510 
        H505  1 0.2538 0.2070 0.2048 0.3344 
        H506  1 0.2336 0.2912 0.2487 0.2265 
        H507  1 0.2635 0.2765 0.3476 0.1124 
        H508  1 0.1701 0.2750 0.2759 0.2790 
        H524  1 0.3034 0.2440 0.3137 0.1389 
        H525  1 0.2644 0.3336 0.2213 0.1808 
        H526  1 0.4478 0.1952 0.1727 0.1842 
        H527  1 0.2015 0.2331 0.2331 0.3324 
        H528  1 0.3038 0.3114 0.2595 0.1253 
        H529  1 0.2795 0.3171 0.2853 0.1181 
        H533  1 0.1878 0.2203 0.4900 0.1019 
        H538  1 0.3245 0.2149 0.2127 0.2478 
        H539  1 0.1669 0.3118 0.3031 0.2183 
        H540  1 0.2600 0.2417 0.2793 0.2190 
        H541  1 0.3725 0.2077 0.2331 0.1867 
        H558  1 0.1564 0.3435 0.3059 0.1942 
        H559  1 0.3176 0.2560 0.1903 0.2361 
        H579  1 0.2454 0.3468 0.2424 0.1654 
        H584  1 0.2144 0.3864 0.2332 0.1660 
        H585  1 0.2366 0.3000 0.2828 0.1806 
        H605  1 0.2072 0.2293 0.2370 0.3265 
        H606  1 0.2435 0.1602 0.1473 0.4489 
        H632  1 0.2545 0.3762 0.2148 0.1545 
        H634  1 0.2344 0.3121 0.2509 0.2025 
        H671  1 0.1972 0.1744 0.1722 0.4562 
        H672  1 0.2865 0.2098 0.2780 0.2257 
        H673  1 0.2935 0.3432 0.1837 0.1797 
        H689  1 0.3458 0.2802 0.2103 0.1636 
        H690  1 0.2985 0.1730 0.2738 0.2546 
        H691  1 0.3998 0.1954 0.2111 0.1937 
        H692  1 0.2588 0.3714 0.2804 0.0894 
        H709  1 0.2360 0.2647 0.3202 0.1790 
        H710  1 0.2393 0.3586 0.2981 0.1040 
       H7355  1 0.3949 0.1812 0.2882 0.1357 
       H7356  1 0.2244 0.3187 0.2385 0.2184 
       H7357  1 0.2879 0.1724 0.2478 0.2919 
       H7358  1 0.3656 0.2366 0.2129 0.1848 
       H7380  1 0.3045 0.2685 0.2356 0.1914 
       H7381  1 0.1789 0.3069 0.2008 0.3134 
       H7382  1 0.2842 0.2857 0.2423 0.1878 
        H904  1 0.2086 0.1263 0.1333 0.5318 
        H923  1 0.2647 0.2389 0.1979 0.2986 
        H924  1 0.2661 0.2382 0.1943 0.3014 
        H925  1 0.4407 0.2056 0.1804 0.1733 
       H9558  1 0.1486 0.3661 0.3171 0.1682 
        H008  2 0.3406 0.2348 0.2987 0.1259 
        H021  2 0.2603 0.1877 0.2392 0.3129 
        H023  2 0.2922 0.1872 0.2077 0.3129 
        H024  2 0.2589 0.2815 0.3459 0.1137 
        H025  2 0.1774 0.2709 0.1736 0.3781 
        H026  2 0.2256 0.4027 0.2389 0.1328 
        H027  2 0.3478 0.2299 0.2367 0.1856 
        H028  2 0.2640 0.2925 0.2620 0.1814 
        H029  2 0.3224 0.2518 0.2777 0.1480 
        H030  2 0.2097 0.3409 0.3254 0.1240 
        H038  2 0.1958 0.2264 0.2221 0.3556 
        H039  2 0.1201 0.1064 0.1124 0.6611 
        H040  2 0.1585 0.1999 0.2758 0.3658 
        H041  2 0.4092 0.1814 0.2290 0.1804 
        H042  2 0.2664 0.2287 0.2257 0.2792 
        H043  2 0.1205 0.2131 0.2038 0.4626 
        H044  2 0.1764 0.2949 0.3698 0.1589 
        H047  2 0.1993 0.2750 0.2319 0.2938 
        H050  2 0.2366 0.2359 0.3885 0.1391 
        H058  2 0.1593 0.2673 0.2916 0.2818 
        H062  2 0.3031 0.1962 0.1560 0.3447 
        H063  2 0.2249 0.1825 0.2265 0.3660 
        H065  2 0.2055 0.3898 0.1579 0.2468 
        H066  2 0.1847 0.2927 0.3340 0.1886 
        H067  2 0.3759 0.2484 0.2057 0.1701 
        H068  2 0.2004 0.2014 0.2237 0.3745 
        H069  2 0.1806 0.3285 0.2508 0.2400 
        H071  2 0.2505 0.2175 0.2278 0.3041 
        H072  2 0.1875 0.1682 0.1764 0.4680 
        H073  2 0.2604 0.3207 0.2435 0.1754 
        H081  2 0.4089 0.1570 0.1979 0.2363 
        H082  2 0.2046 0.2979 0.3739 0.1236 
        H083  2 0.1915 0.3868 0.2748 0.1470 
        H084  2 0.2124 0.2366 0.3037 0.2474 
        H085  2 0.4376 0.1652 0.2119 0.1853 
        H087  2 0.4410 0.1725 0.1708 0.2157 
        H088  2 0.2679 0.1868 0.2217 0.3236 
        H089  2 0.3601 0.2195 0.2269 0.1935 
        H090  2 0.3240 0.2328 0.3021 0.1412 
        H091  2 0.3577 0.2195 0.2998 0.1231 
        H098  2 0.2665 0.2093 0.3461 0.1781 
      H10001  2 0.1217 0.1108 0.1094 0.6581 
      H10002  2 0.2549 0.1801 0.2138 0.3512 
        H101  2 0.2234 0.2333 0.3992 0.1441 
        H108  2 0.3057 0.1540 0.1283 0.4120 
        H109  2 0.1930 0.2224 0.3291 0.2554 
        H110  2 0.3703 0.2029 0.2699 0.1569 
        H116  2 0.2192 0.3307 0.2777 0.1725 
        H117  2 0.4053 0.1895 0.2822 0.1229 
        H118  2 0.3295 0.3279 0.2287 0.1139 
        H119  2 0.3294 0.2120 0.1994 0.2592 
        H120  2 0.2234 0.1335 0.1275 0.5155 
        H121  2 0.3868 0.2104 0.2669 0.1360 
        H125  2 0.1302 0.1166 0.1360 0.6172 
        H126  2 0.1847 0.3876 0.2179 0.2098 
        H128  2 0.2479 0.3521 0.3230 0.0770 
        H129  2 0.1857 0.4541 0.2302 0.1301 
        H130  2 0.1162 0.2538 0.1989 0.4311 
        H133  2 0.1478 0.1860 0.1601 0.5061 
        H134  2 0.1557 0.5338 0.1937 0.1168 
        H135  2 0.3194 0.2000 0.2369 0.2437 
        H137  2 0.2616 0.1996 0.3399 0.1989 
        H138  2 0.1727 0.4250 0.2550 0.1474 
        H140  2 0.2759 0.2355 0.2542 0.2344 
        H146  2 0.2740 0.2807 0.2837 0.1616 
        H147  2 0.3344 0.2007 0.3161 0.1488 
        H148  2 0.4311 0.1611 0.2645 0.1433 
     H166022  2 0.2508 0.2442 0.3736 0.1313 
     H167359  2 0.2173 0.2947 0.2794 0.2086 
     H167397  2 0.2403 0.2645 0.4151 0.0802 
     H167428  2 0.4734 0.2229 0.2056 0.0981 
     H167496  2 0.2645 0.1438 0.1774 0.4143 
     H167513  2 0.1543 0.2131 0.3882 0.2444 
     H167545  2 0.1885 0.3377 0.3402 0.1336 
     H167547  2 0.1527 0.3247 0.4084 0.1142 
     H169621  2 0.2434 0.2768 0.3437 0.1362 
     H169622  2 0.2666 0.3511 0.2269 0.1554 
     H169750  2 0.1446 0.2969 0.2665 0.2920 
     H171806  2 0.2999 0.2241 0.2364 0.2396 
     H171808  2 0.2822 0.2786 0.2105 0.2288 
     H171809  2 0.3254 0.2010 0.2203 0.2532 
     H171813  2 0.2066 0.3065 0.2462 0.2408 
     H171815  2 0.1426 0.1973 0.1702 0.4898 
     H171824  2 0.3506 0.1465 0.1710 0.3319 
     H171825  2 0.2671 0.3180 0.2256 0.1893 
     H171826  2 0.3286 0.1914 0.2166 0.2633 
     H171827  2 0.2350 0.2404 0.3032 0.2214 
     H171828  2 0.2553 0.1150 0.1233 0.5064 
     H171829  2 0.1566 0.3440 0.2601 0.2393 
     H171830  2 0.2345 0.2155 0.3451 0.2049 
     H171831  2 0.2593 0.3529 0.2716 0.1163 
     H171832  2 0.1963 0.3635 0.2487 0.1915 
     H171863  2 0.1816 0.4170 0.2883 0.1132 
     H171864  2 0.3234 0.1901 0.2890 0.1975 
     H171865  2 0.1846 0.2060 0.1850 0.4244 
     H171879  2 0.2695 0.2437 0.2864 0.2004 
     H171880  2 0.2428 0.2335 0.3770 0.1467 
     H171881  2 0.2976 0.2415 0.2705 0.1904 
     H171882  2 0.1435 0.1330 0.1338 0.5897 
     H171929  2 0.3107 0.2247 0.2646 0.2000 
     H171930  2 0.1884 0.2980 0.3954 0.1182 
     H171933  2 0.2521 0.2561 0.2958 0.1960 
     H171934  2 0.3717 0.2197 0.2248 0.1838 
     H171937  2 0.1798 0.3893 0.2724 0.1585 
     H171962  2 0.3366 0.2617 0.2252 0.1765 
        H190  2 0.2461 0.2510 0.3090 0.1939 
        H191  2 0.2812 0.2564 0.2285 0.2340 
        H396  2 0.3934 0.1904 0.1645 0.2517 
        H397  2 0.2044 0.2601 0.3358 0.1998 
        H398  2 0.2359 0.3312 0.1639 0.2690 
        H400  2 0.3519 0.2050 0.2244 0.2187 
        H401  2 0.2285 0.2658 0.4176 0.0881 
        H402  2 0.2639 0.2436 0.3457 0.1467 
        H427  2 0.3877 0.1962 0.2095 0.2067 
        H428  2 0.4776 0.2257 0.2020 0.0946 
        H497  2 0.1592 0.2115 0.2862 0.3431 
        H512  2 0.2469 0.2192 0.3408 0.1931 
        H513  2 0.1482 0.2174 0.3837 0.2507 
        H514  2 0.1690 0.3815 0.2520 0.1975 
        H519  2 0.1702 0.2242 0.3841 0.2215 
        H532  2 0.4172 0.2130 0.2218 0.1479 
        H543  2 0.2556 0.2235 0.3754 0.1455 
        H544  2 0.1436 0.3992 0.1849 0.2722 
        H545  2 0.1734 0.3539 0.3491 0.1236 
        H546  2 0.1859 0.2301 0.1682 0.4158 
        H547  2 0.1445 0.3322 0.4035 0.1199 
        H548  2 0.3143 0.2056 0.2784 0.2018 
        H549  2 0.1534 0.2679 0.3273 0.2513 
        H620  2 0.1688 0.1363 0.1386 0.5563 
        H623  2 0.1729 0.3646 0.2912 0.1713 
        H624  2 0.1218 0.2967 0.2059 0.3756 
        H625  2 0.3278 0.2410 0.2304 0.2007 
        H626  2 0.2123 0.2286 0.3260 0.2331 
        H654  2 0.1028 0.1247 0.1383 0.6342 
        H655  2 0.1978 0.2196 0.2880 0.2946 
        H656  2 0.2063 0.1347 0.1096 0.5494 
        H666  2 0.1276 0.1671 0.1492 0.5561 
        H667  2 0.3051 0.2543 0.2513 0.1892 
        H677  2 0.2917 0.2767 0.2382 0.1934 
        H693  2 0.3258 0.1383 0.1375 0.3984 
        H694  2 0.1988 0.2823 0.3137 0.2052 
        H701  2 0.2507 0.2133 0.3716 0.1643 
        H702  2 0.2153 0.2158 0.3169 0.2519 
        H731  2 0.2655 0.2109 0.2024 0.3212 
       H7359  2 0.2241 0.2741 0.2761 0.2257 
       H7389  2 0.3162 0.2636 0.2399 0.1804 
       H7390  2 0.1674 0.1867 0.2352 0.4106 
       H7391  2 0.5224 0.1419 0.1818 0.1539 
       H7392  2 0.2111 0.2958 0.2139 0.2792 
       H7393  2 0.1959 0.2159 0.2843 0.3038 
       H7398  2 0.3948 0.1692 0.2403 0.1957 
       H7399  2 0.2881 0.2917 0.2646 0.1557 
       H7400  2 0.1228 0.1217 0.1273 0.6282 
        H745  2 0.1730 0.4554 0.2431 0.1285 
        H746  2 0.2583 0.3021 0.2894 0.1502 
        H747  2 0.1778 0.1903 0.2655 0.3664 
        H748  2 0.1970 0.2443 0.3371 0.2216 
       H7484  2 0.1841 0.1666 0.1698 0.4795 
       H7485  2 0.1912 0.2962 0.2915 0.2211 
        H749  2 0.2405 0.3091 0.2741 0.1763 
        H930  2 0.1977 0.2706 0.4007 0.1309 
        H931  2 0.3634 0.2337 0.1989 0.2040 
        H932  2 0.2813 0.2657 0.2367 0.2163 
        H111  3 0.1577 0.3808 0.3169 0.1446 
        H951  3 0.2559 0.2590 0.3385 0.1466 
        H952  3 0.2482 0.3167 0.2408 0.1942 
        H953  3 0.4645 0.1824 0.2062 0.1468 
        H954  3 0.1604 0.1820 0.2239 0.4337 
        H955  3 0.2049 0.3254 0.3388 0.1309 
        H956  3 0.2526 0.1984 0.3122 0.2368 
       H9563  3 0.3128 0.1786 0.2435 0.2650 
        H002  4 0.1540 0.2739 0.1801 0.3919 
        H003  4 0.3189 0.2964 0.2315 0.1532 
        H009  4 0.1735 0.4202 0.2297 0.1766 
        H010  4 0.3468 0.2409 0.2209 0.1913 
        H011  4 0.2323 0.1525 0.1389 0.4763 
        H012  4 0.3291 0.2242 0.2991 0.1476 
        H013  4 0.3085 0.1923 0.2111 0.2881 
        H014  4 0.2292 0.2821 0.2614 0.2272 
        H045  4 0.3570 0.1646 0.1921 0.2862 
        H046  4 0.2845 0.3519 0.2244 0.1392 
        H051  4 0.2993 0.1686 0.1920 0.3402 
        H052  4 0.1831 0.2525 0.1888 0.3756 
        H053  4 0.2259 0.2202 0.2781 0.2758 
        H056  4 0.1776 0.2109 0.2016 0.4099 
        H076  4 0.2982 0.3362 0.2226 0.1430 
        H151  4 0.1498 0.1923 0.1705 0.4874 
        H152  4 0.2154 0.2732 0.1790 0.3324 
     H171803  4 0.2119 0.2000 0.2583 0.3298 
     H171804  4 0.2417 0.1924 0.2807 0.2853 
     H171833  4 0.1647 0.4248 0.2424 0.1680 
     H171855  4 0.1447 0.2236 0.1779 0.4538 
     H171856  4 0.2122 0.2208 0.3193 0.2476 
     H171857  4 0.1887 0.2536 0.2021 0.3556 
     H171858  4 0.2477 0.2917 0.2203 0.2404 
     H171859  4 0.2478 0.2548 0.2276 0.2697 
     H171961  4 0.2569 0.1843 0.2085 0.3503 
        H198  4 0.2963 0.3503 0.2352 0.1182 
      H20001  4 0.1389 0.4110 0.2882 0.1619 
        H403  4 0.2021 0.2574 0.2569 0.2836 
        H404  4 0.3403 0.2516 0.2542 0.1538 
        H405  4 0.2941 0.2863 0.2804 0.1392 
        H406  4 0.1591 0.3287 0.3075 0.2047 
        H407  4 0.3160 0.2031 0.2464 0.2345 
        H410  4 0.3797 0.2192 0.2865 0.1146 
        H411  4 0.1598 0.3131 0.3729 0.1542 
        H468  4 0.1232 0.3462 0.3066 0.2240 
        H476  4 0.1492 0.2419 0.3313 0.2776 
        H477  4 0.1629 0.4295 0.2684 0.1392 
        H478  4 0.2577 0.2832 0.2896 0.1695 
        H479  4 0.2740 0.1975 0.1922 0.3363 
        H480  4 0.1581 0.3038 0.4032 0.1349 
        H498  4 0.2262 0.3122 0.2474 0.2142 
        H499  4 0.2450 0.2721 0.2527 0.2302 
        H500  4 0.2120 0.1708 0.2276 0.3895 
        H515  4 0.2091 0.2118 0.2871 0.2920 
        H516  4 0.2062 0.2694 0.2636 0.2609 
        H517  4 0.2670 0.2495 0.2753 0.2082 
        H518  4 0.1483 0.2720 0.2200 0.3598 
        H520  4 0.1678 0.2112 0.2318 0.3892 
        H521  4 0.3365 0.2534 0.2090 0.2012 
        H522  4 0.1878 0.2525 0.3001 0.2597 
        H523  4 0.1836 0.2387 0.3306 0.2471 
        H536  4 0.3137 0.3048 0.1835 0.1980 
        H645  4 0.4296 0.1517 0.1500 0.2687 
        H646  4 0.2329 0.3235 0.3067 0.1369 
        H647  4 0.2091 0.2908 0.2604 0.2398 
        H657  4 0.2622 0.2711 0.3182 0.1485 
        H658  4 0.2150 0.2230 0.3198 0.2423 
        H659  4 0.1298 0.1518 0.1967 0.5217 
        H660  4 0.1898 0.2558 0.2549 0.2995 
        H661  4 0.1635 0.2165 0.2235 0.3965 
        H668  4 0.3598 0.2200 0.2731 0.1471 
        H669  4 0.3014 0.1902 0.2488 0.2596 
        H670  4 0.4024 0.1623 0.1586 0.2767 
        H678  4 0.2103 0.2306 0.3471 0.2120 
        H679  4 0.2663 0.2222 0.3672 0.1442 
        H680  4 0.2317 0.3284 0.2331 0.2069 
        H681  4 0.2740 0.2133 0.2122 0.3005 
        H682  4 0.2540 0.2042 0.3837 0.1580 
        H683  4 0.1579 0.2702 0.2158 0.3561 
        H718  4 0.2066 0.1838 0.1552 0.4545 
        H719  4 0.3113 0.1778 0.2150 0.2959 
        H720  4 0.1878 0.2684 0.1870 0.3569 
        H721  4 0.1762 0.3005 0.2218 0.3015 
        H722  4 0.1339 0.3640 0.1708 0.3314 
        H723  4 0.2857 0.1639 0.1979 0.3525 
        H724  4 0.1677 0.1544 0.1551 0.5227 
        H725  4 0.1430 0.1804 0.1788 0.4978 
        H726  4 0.1972 0.2078 0.2042 0.3908 
        H727  4 0.3085 0.1734 0.1931 0.3250 
        H910  4 0.2804 0.1819 0.2627 0.2751 
        H911  4 0.2575 0.2850 0.2812 0.1763 
        H912  4 0.1845 0.2897 0.2557 0.2701 
        H913  4 0.1992 0.2168 0.2856 0.2984 
        H914  4 0.3158 0.1357 0.2077 0.3408 
        H915  4 0.1895 0.2154 0.3549 0.2402 
        H916  4 0.1587 0.2836 0.3679 0.1899 
       H9572  4 0.2084 0.2262 0.2556 0.3098 
        H015  5 0.1895 0.3181 0.3217 0.1707 
        H016  5 0.1925 0.4146 0.2169 0.1760 
        H017  5 0.1535 0.3015 0.3176 0.2274 
        H019  5 0.2088 0.3182 0.2489 0.2242 
        H020  5 0.3048 0.2066 0.1916 0.2970 
        H032  5 0.1974 0.2366 0.2810 0.2849 
        H033  5 0.2918 0.2248 0.3091 0.1743 
        H034  5 0.2947 0.1669 0.1846 0.3538 
        H035  5 0.2333 0.2542 0.2890 0.2236 
        H036  5 0.2646 0.2608 0.3093 0.1653 
        H037  5 0.2276 0.1884 0.2527 0.3312 
        H048  5 0.2684 0.1713 0.1658 0.3946 
        H049  5 0.1846 0.3442 0.2458 0.2254 
        H054  5 0.2993 0.2815 0.1943 0.2249 
        H055  5 0.2898 0.2473 0.1587 0.3043 
        H057  5 0.1508 0.4154 0.1899 0.2439 
        H060  5 0.2130 0.2528 0.2138 0.3205 
        H061  5 0.2912 0.2903 0.2377 0.1807 
        H064  5 0.2667 0.2542 0.1780 0.3010 
        H070  5 0.2818 0.1905 0.2475 0.2802 
        H077  5 0.1493 0.1860 0.2078 0.4569 
        H078  5 0.1566 0.2631 0.2594 0.3209 
        H079  5 0.3542 0.2085 0.2969 0.1403 
        H097  5 0.1114 0.3382 0.2580 0.2924 
        H107  5 0.2198 0.1248 0.1369 0.5185 
        H122  5 0.1925 0.3041 0.2913 0.2122 
        H123  5 0.2498 0.3036 0.3054 0.1413 
        H124  5 0.3282 0.2725 0.2494 0.1499 
        H131  5 0.3187 0.2172 0.3025 0.1617 
        H132  5 0.2853 0.2224 0.2207 0.2716 
        H141  5 0.2375 0.2136 0.2451 0.3037 
        H142  5 0.2235 0.2769 0.3575 0.1420 
        H157  5 0.2317 0.1967 0.1995 0.3721 
        H158  5 0.1826 0.4160 0.2719 0.1296 
        H159  5 0.2221 0.3017 0.3210 0.1552 
        H160  5 0.1901 0.2830 0.2906 0.2363 
        H163  5 0.2251 0.2468 0.3621 0.1660 
        H164  5 0.2384 0.2934 0.2714 0.1967 
        H165  5 0.4220 0.2034 0.2311 0.1435 
        H166  5 0.2689 0.2952 0.2527 0.1831 
        H169  5 0.2886 0.2599 0.2468 0.2047 
     H169613  5 0.2028 0.2820 0.2700 0.2452 
     H169653  5 0.2821 0.2997 0.2522 0.1660 
     H169728  5 0.1885 0.2697 0.3473 0.1945 
     H169742  5 0.4104 0.1770 0.1664 0.2462 
        H170  5 0.1500 0.4113 0.2240 0.2147 
        H171  5 0.1747 0.4031 0.2347 0.1875 
     H171851  5 0.2058 0.3081 0.2495 0.2365 
     H171852  5 0.1783 0.2559 0.1821 0.3836 
     H171853  5 0.2663 0.1844 0.2581 0.2912 
     H171854  5 0.1865 0.2893 0.3030 0.2212 
     H171938  5 0.3647 0.2018 0.2274 0.2062 
     H171939  5 0.2624 0.3523 0.2129 0.1725 
     H171941  5 0.2559 0.1605 0.1436 0.4401 
     H171965  5 0.2426 0.3391 0.2588 0.1595 
     H171970  5 0.1815 0.1465 0.1434 0.5286 
     H171973  5 0.3929 0.2201 0.2270 0.1600 
     H171974  5 0.3529 0.2066 0.2190 0.2214 
     H171975  5 0.3243 0.1992 0.1964 0.2800 
     H171976  5 0.1419 0.3917 0.2246 0.2417 
        H175  5 0.2894 0.1973 0.1785 0.3348 
        H178  5 0.2705 0.2339 0.1995 0.2961 
        H189  5 0.2590 0.2919 0.3156 0.1335 
        H399  5 0.1436 0.4260 0.2109 0.2195 
        H416  5 0.2950 0.2060 0.2220 0.2770 
        H438  5 0.3332 0.1836 0.2877 0.1955 
        H450  5 0.1909 0.2012 0.2008 0.4071 
        H455  5 0.2874 0.1337 0.1306 0.4483 
        H456  5 0.3274 0.2316 0.2281 0.2129 
        H457  5 0.1571 0.2798 0.1738 0.3892 
        H458  5 0.2749 0.2151 0.2169 0.2930 
        H459  5 0.2419 0.3300 0.2969 0.1311 
        H460  5 0.1869 0.2201 0.3429 0.2502 
        H461  5 0.1616 0.3526 0.2791 0.2067 
        H462  5 0.3168 0.1990 0.3232 0.1610 
        H469  5 0.2914 0.2143 0.3527 0.1416 
        H470  5 0.2232 0.2433 0.2703 0.2632 
        H471  5 0.1591 0.4307 0.2764 0.1337 
        H481  5 0.1772 0.1499 0.1538 0.5191 
        H482  5 0.2007 0.2309 0.2472 0.3211 
        H501  5 0.2542 0.2367 0.2510 0.2582 
        H502  5 0.2195 0.3499 0.2938 0.1368 
        H503  5 0.2500 0.2739 0.3027 0.1734 
        H509  5 0.2431 0.1754 0.2177 0.3638 
        H510  5 0.2542 0.2562 0.2382 0.2514 
        H511  5 0.2283 0.3220 0.2730 0.1767 
        H530  5 0.3397 0.1758 0.1946 0.2898 
        H531  5 0.1535 0.2082 0.2194 0.4188 
        H564  5 0.2118 0.2516 0.2053 0.3314 
        H565  5 0.1749 0.1828 0.1707 0.4716 
        H567  5 0.3212 0.2386 0.3174 0.1228 
     H568???  5 0.1977 0.4136 0.2393 0.1494 
        H608  5 0.2058 0.1894 0.2194 0.3855 
        H609  5 0.4313 0.1776 0.1828 0.2083 
        H612  5 0.2515 0.1325 0.1834 0.4326 
        H614  5 0.1703 0.1890 0.1788 0.4619 
        H615  5 0.1490 0.2573 0.2090 0.3847 
        H616  5 0.2540 0.1170 0.1304 0.4986 
        H617  5 0.2866 0.2415 0.3393 0.1326 
        H618  5 0.2620 0.1772 0.1773 0.3835 
        H619  5 0.4541 0.1974 0.1580 0.1904 
        H635  5 0.2435 0.2609 0.2695 0.2262 
        H636  5 0.4098 0.1837 0.2457 0.1607 
        H637  5 0.2776 0.2165 0.1740 0.3320 
        H644  5 0.1709 0.4763 0.2483 0.1045 
        H711  5 0.1661 0.4098 0.2140 0.2100 
        H712  5 0.3751 0.1592 0.1609 0.3047 
       H7360  5 0.1757 0.3037 0.2283 0.2923 
       H7361  5 0.2112 0.2065 0.2053 0.3770 
       H7362  5 0.2033 0.4230 0.2733 0.1004 
       H7363  5 0.2329 0.2478 0.2493 0.2700 
       H7394  5 0.2312 0.2618 0.3620 0.1450 
       H7395  5 0.2944 0.2490 0.2242 0.2324 
       H7396  5 0.2542 0.2257 0.3068 0.2132 
        H742  5 0.4144 0.1796 0.1610 0.2450 
        H743  5 0.2971 0.2341 0.1743 0.2945 
        H744  5 0.2623 0.1374 0.1653 0.4350 
        H957  5 0.1531 0.3491 0.2689 0.2289 
        H958  5 0.2104 0.2420 0.3743 0.1733 
        H959  5 0.2703 0.1645 0.1668 0.3984 
        H960  5 0.3279 0.1998 0.2525 0.2198 
      H_PALI  6 0.1974 0.2902 0.2880 0.2245 
        H581  6 0.1907 0.2589 0.2361 0.3143 
        H582  6 0.1461 0.1997 0.1798 0.4744 
        H583  6 0.2113 0.2524 0.2473 0.2890 
        H595  6 0.1997 0.2820 0.3989 0.1194 
        H596  6 0.2278 0.2602 0.3948 0.1172 
        H597  6 0.2643 0.3626 0.2275 0.1457 
        H598  6 0.2551 0.2189 0.2891 0.2368 
        H599  6 0.2842 0.1757 0.1789 0.3613 
        H642  6 0.1554 0.3446 0.3354 0.1645 
        H643  6 0.3063 0.2041 0.2751 0.2145 
        H664  6 0.1207 0.2541 0.2390 0.3862 
        H665  6 0.3693 0.1835 0.2379 0.2093 
        H674  6 0.2049 0.3841 0.2945 0.1165 
        H675  6 0.2408 0.2556 0.2243 0.2794 
        H676  6 0.1611 0.2610 0.4076 0.1704 
        H686  6 0.2018 0.2866 0.2968 0.2148 
        H687  6 0.1891 0.2695 0.3206 0.2208 
        H917  6 0.3229 0.1968 0.3552 0.1251 
        H918  6 0.3567 0.2308 0.2034 0.2091 
        H919  6 0.2997 0.1387 0.1611 0.4004 
        H920  6 0.1908 0.2251 0.2280 0.3561 
        H631  7 0.2354 0.2309 0.1990 0.3347 
        H684  7 0.1828 0.4500 0.2226 0.1445 
        H685  7 0.1606 0.1796 0.2979 0.3619 
        H713  7 0.1799 0.1595 0.2405 0.4200 
        H715  7 0.1862 0.4067 0.2417 0.1655 
        H716  7 0.3017 0.2245 0.1492 0.3246 
        H717  7 0.2738 0.2371 0.1987 0.2904 
        H729  7 0.3907 0.2015 0.2916 0.1162 
        H730  7 0.4250 0.1636 0.1895 0.2218 
        H431  8 0.2510 0.2106 0.2396 0.2988 
        H432  8 0.2589 0.3563 0.2514 0.1335 
        H433  8 0.2696 0.2321 0.3233 0.1749 
        H434  8 0.2596 0.2436 0.3305 0.1663 
        H444  8 0.3642 0.2070 0.2266 0.2023 
        H454  8 0.2281 0.1760 0.1668 0.4290 
        H475  8 0.1382 0.1679 0.2216 0.4722 
        H491  8 0.2224 0.2274 0.1932 0.3570 
        H492  8 0.1892 0.2013 0.2480 0.3614 
        H493  8 0.2169 0.3297 0.2512 0.2021 
        H494  8 0.2837 0.2039 0.2501 0.2624 
        H495  8 0.1214 0.2355 0.2048 0.4383 
        H662  8 0.2220 0.3294 0.2280 0.2206 
        H663  8 0.2958 0.2418 0.2309 0.2315 
        H695  8 0.2889 0.2175 0.2293 0.2644 
       H7367  8 0.3147 0.2078 0.3636 0.1139 
       H7368  8 0.2759 0.2998 0.2664 0.1579 
       H7369  8 0.3577 0.1964 0.2128 0.2330 
       H7370  8 0.2300 0.2127 0.4398 0.1174 
       H7371  8 0.3097 0.2209 0.2988 0.1707 
        H600  9 0.2132 0.2048 0.2278 0.3541 
        H648  9 0.2114 0.2876 0.2650 0.2361 
        H696  9 0.1599 0.4067 0.3119 0.1215 
        H697  9 0.3228 0.2303 0.2419 0.2050 
        H698  9 0.3012 0.2320 0.2922 0.1746 
        H699  9 0.2685 0.2342 0.2702 0.2271 
        H700  9 0.2460 0.1909 0.2316 0.3315 
        H732  9 0.1736 0.2261 0.1756 0.4246 
        H733  9 0.2661 0.2296 0.3645 0.1398 
        H734  9 0.1801 0.3189 0.3643 0.1367 
        H735  9 0.2268 0.2449 0.3547 0.1736 
        H736  9 0.2060 0.2620 0.2382 0.2937 
        H737  9 0.3582 0.1921 0.2056 0.2441 
        H905  9 0.3219 0.1851 0.1837 0.3093 
        H921  9 0.3068 0.1862 0.2244 0.2826 
        H922  9 0.2675 0.2351 0.3727 0.1247 
     H169705 10 0.2437 0.1967 0.4075 0.1521 
     H171942 10 0.2673 0.3372 0.2564 0.1391 
     H171943 10 0.2085 0.2661 0.3331 0.1924 
     H171944 10 0.2561 0.2099 0.3420 0.1920 
     H171946 10 0.1387 0.2639 0.2436 0.3538 
     H171947 10 0.2672 0.2603 0.2706 0.2019 
     H229641 10 0.1987 0.2572 0.2872 0.2570 
      H30001 10 0.2586 0.2229 0.2910 0.2275 
      H30002 10 0.2808 0.2384 0.2553 0.2255 
      H30005 10 0.2913 0.2481 0.3105 0.1501 
      H30006 10 0.2735 0.2621 0.2886 0.1758 
      H30007 10 0.1748 0.4743 0.2169 0.1340 
        H451 10 0.2676 0.2381 0.3349 0.1594 
        H452 10 0.2567 0.2682 0.2908 0.1843 
        H453 10 0.1797 0.2260 0.1521 0.4423 
        H473 10 0.2599 0.2267 0.1582 0.3552 
        H474 10 0.1110 0.1785 0.2271 0.4834 
        H486 10 0.2488 0.2182 0.2263 0.3067 
        H487 10 0.2590 0.2112 0.2322 0.2976 
        H488 10 0.3545 0.1723 0.2197 0.2535 
        H489 10 0.2030 0.1793 0.2263 0.3915 
        H550 10 0.1600 0.3656 0.2981 0.1762 
        H551 10 0.3218 0.1824 0.2729 0.2228 
        H553 10 0.2026 0.2306 0.2080 0.3587 
        H554 10 0.2264 0.3194 0.2729 0.1813 
        H556 10 0.1886 0.2957 0.2439 0.2718 
        H580 10 0.3275 0.2640 0.2514 0.1571 
        H591 10 0.1908 0.1466 0.1556 0.5070 
        H592 10 0.2050 0.2107 0.2951 0.2891 
        H593 10 0.2258 0.2996 0.2585 0.2162 
        H594 10 0.2578 0.3679 0.2650 0.1092 
        H627 10 0.1512 0.3019 0.2924 0.2546 
        H628 10 0.4656 0.2459 0.1796 0.1090 
        H629 10 0.1565 0.2973 0.2761 0.2701 
        H630 10 0.1782 0.2389 0.3637 0.2191 
        H638 10 0.1993 0.2367 0.3846 0.1794 
        H639 10 0.1539 0.2408 0.1855 0.4198 
        H640 10 0.2186 0.2808 0.3347 0.1660 
        H704 10 0.2424 0.3577 0.2330 0.1670 
        H705 10 0.2484 0.2033 0.3923 0.1560 
        H706 10 0.3867 0.1467 0.1790 0.2875 
        H708 10 0.1748 0.1702 0.2249 0.4300 
       H7351 10 0.2136 0.3162 0.2382 0.2320 
       H7352 10 0.2367 0.2494 0.2605 0.2535 
       H7353 10 0.1836 0.4542 0.2132 0.1489 
       H7354 10 0.2750 0.2132 0.1835 0.3283 
       H7365 10 0.1912 0.1504 0.2131 0.4453 
       H7383 10 0.2964 0.1739 0.2333 0.2965 
       H7384 10 0.3106 0.2079 0.2259 0.2556 
       H7385 10 0.2497 0.1835 0.2468 0.3200 
       H7386 10 0.3369 0.2165 0.2441 0.2024 
       H7387 10 0.2814 0.2664 0.2740 0.1783 
       H7388 10 0.3477 0.2206 0.2436 0.1881 
        H906 10 0.1974 0.2881 0.1435 0.3711 
        H907 10 0.2004 0.2796 0.3727 0.1472 
        H908 10 0.2696 0.2375 0.2843 0.2087 
        H909 10 0.3520 0.2150 0.1704 0.2626 
       H9552 10 0.2899 0.2679 0.2297 0.2125 
       H9553 10 0.2740 0.2194 0.2297 0.2769 
       H9555 10 0.2727 0.2064 0.3603 0.1606 
       H9575 10 0.1797 0.2600 0.1959 0.3643 
       H9703 10 0.2177 0.1729 0.1681 0.4413 
       H9707 10 0.1879 0.2083 0.2325 0.3714 
       HSAA4 10 0.3350 0.2581 0.2471 0.1599 
        H001 11 0.3451 0.2229 0.1728 0.2591 
        H004 11 0.2381 0.2483 0.2799 0.2337 
        H005 11 0.2251 0.1657 0.1520 0.4572 
        H006 11 0.2639 0.2044 0.2878 0.2439 
        H007 11 0.3377 0.1442 0.1541 0.3640 
        H031 11 0.1962 0.1403 0.2011 0.4624 
        H074 11 0.1552 0.2124 0.2457 0.3867 
        H075 11 0.2737 0.1475 0.1728 0.4060 
        H080 11 0.2636 0.1804 0.2111 0.3449 
        H086 11 0.3313 0.2000 0.2849 0.1838 
        H092 11 0.2343 0.1948 0.2829 0.2881 
        H093 11 0.2248 0.4101 0.2333 0.1317 
        H094 11 0.1691 0.2845 0.3761 0.1702 
        H095 11 0.2872 0.2061 0.1710 0.3357 
        H096 11 0.3168 0.1869 0.1915 0.3048 
        H099 11 0.2224 0.2234 0.2683 0.2860 
        H100 11 0.3598 0.2870 0.2208 0.1324 
        H127 11 0.2891 0.2224 0.2151 0.2734 
        H136 11 0.1737 0.1939 0.1951 0.4373 
        H153 11 0.1709 0.3000 0.3010 0.2281 
        H154 11 0.1719 0.1976 0.2304 0.4001 
        H155 11 0.4440 0.2026 0.2293 0.1242 
        H156 11 0.3846 0.2344 0.2770 0.1041 
        H161 11 0.2151 0.3405 0.2331 0.2112 
        H162 11 0.2270 0.2703 0.3705 0.1322 
        H167 11 0.3176 0.2652 0.2493 0.1679 
        H168 11 0.3176 0.2420 0.2526 0.1877 
     H169586 11 0.1184 0.3464 0.1689 0.3662 
     H169738 11 0.3969 0.1969 0.2708 0.1355 
     H169741 11 0.1710 0.2071 0.2633 0.3587 
     H171801 11 0.2019 0.3389 0.2574 0.2018 
     H171810 11 0.1617 0.2144 0.2704 0.3534 
     H171811 11 0.1499 0.2088 0.2523 0.3891 
     H171812 11 0.4161 0.1519 0.1470 0.2849 
     H171820 11 0.1740 0.1922 0.2269 0.4069 
     H171821 11 0.2805 0.2539 0.3024 0.1633 
     H171822 11 0.2763 0.2175 0.3175 0.1887 
     H171823 11 0.1168 0.2850 0.1699 0.4283 
     H171866 11 0.2886 0.2837 0.2642 0.1635 
     H171867 11 0.3453 0.1781 0.3180 0.1586 
     H171967 11 0.2881 0.1685 0.1777 0.3656 
     H171969 11 0.2607 0.2619 0.2260 0.2514 
        H172 11 0.3094 0.2325 0.2417 0.2164 
        H173 11 0.3807 0.1827 0.2593 0.1772 
        H174 11 0.1877 0.3626 0.3389 0.1108 
        H196 11 0.4073 0.2141 0.2482 0.1304 
        H197 11 0.3194 0.2310 0.2981 0.1514 
        H346 11 0.3242 0.2091 0.1960 0.2707 
        H355 11 0.2910 0.2145 0.1629 0.3316 
        H356 11 0.3009 0.2164 0.2488 0.2339 
        H357 11 0.2413 0.1718 0.2219 0.3650 
        H358 11 0.3793 0.1652 0.2600 0.1954 
        H359 11 0.2113 0.2523 0.2844 0.2520 
        H360 11 0.2966 0.2065 0.2719 0.2249 
        H361 11 0.3878 0.1933 0.2380 0.1808 
        H362 11 0.2270 0.2568 0.4064 0.1097 
        H363 11 0.2085 0.1775 0.2324 0.3816 
        H364 11 0.2401 0.2874 0.2325 0.2399 
        H365 11 0.3490 0.2433 0.1961 0.2115 
        H366 11 0.3850 0.2314 0.2062 0.1774 
        H367 11 0.1870 0.1815 0.1927 0.4388 
        H368 11 0.1481 0.3497 0.3404 0.1618 
        H369 11 0.2341 0.1489 0.2006 0.4163 
        H370 11 0.2536 0.2514 0.3235 0.1715 
        H371 11 0.2488 0.2243 0.3217 0.2052 
        H372 11 0.3301 0.2539 0.2308 0.1853 
        H373 11 0.2913 0.2275 0.2688 0.2124 
        H374 11 0.3081 0.2061 0.1957 0.2901 
        H375 11 0.2970 0.1915 0.2089 0.3026 
        H376 11 0.2732 0.3068 0.2340 0.1861 
        H377 11 0.2367 0.2180 0.2958 0.2494 
        H378 11 0.2338 0.2754 0.2124 0.2784 
        H379 11 0.1736 0.2525 0.3739 0.2000 
        H380 11 0.3636 0.2262 0.2665 0.1437 
        H381 11 0.1315 0.2346 0.2079 0.4259 
        H382 11 0.2554 0.2481 0.3965 0.1000 
        H383 11 0.3274 0.3093 0.2216 0.1417 
        H384 11 0.2027 0.2016 0.2511 0.3446 
        H385 11 0.1846 0.2133 0.3120 0.2901 
        H386 11 0.4313 0.1865 0.2233 0.1589 
        H387 11 0.1495 0.4543 0.1686 0.2275 
        H388 11 0.4000 0.2632 0.2102 0.1267 
        H389 11 0.3441 0.1908 0.2273 0.2378 
        H390 11 0.2349 0.2440 0.3264 0.1947 
        H391 11 0.2129 0.3262 0.2988 0.1622 
        H392 11 0.2779 0.1702 0.1788 0.3730 
        H393 11 0.2932 0.3493 0.1994 0.1580 
        H394 11 0.1706 0.4434 0.2191 0.1670 
        H395 11 0.2467 0.1735 0.2048 0.3750 
        H408 11 0.3723 0.1968 0.1806 0.2503 
        H412 11 0.0932 0.2339 0.2014 0.4715 
        H417 11 0.2412 0.2206 0.2289 0.3093 
        H418 11 0.1757 0.2944 0.2697 0.2602 
        H429 11 0.3410 0.2494 0.2192 0.1903 
        H430 11 0.3217 0.2314 0.2876 0.1593 
        H439 11 0.2720 0.1966 0.3038 0.2276 
        H440 11 0.1889 0.1887 0.1841 0.4383 
        H441 11 0.2771 0.2214 0.3376 0.1639 
        H442 11 0.3326 0.2672 0.2306 0.1696 
        H446 11 0.2295 0.3010 0.2613 0.2082 
        H447 11 0.3306 0.2236 0.3022 0.1436 
        H448 11 0.4055 0.1810 0.2320 0.1815 
        H534 11 0.1739 0.2138 0.1753 0.4369 
        H537 11 0.1745 0.2450 0.1732 0.4074 
        H568 11 0.1405 0.1497 0.1794 0.5305 
        H569 11 0.3658 0.1954 0.3470 0.0918 
        H586 11 0.1083 0.3432 0.1761 0.3725 
        H587 11 0.1899 0.1497 0.1883 0.4721 
        H588 11 0.2003 0.4281 0.2297 0.1419 
        H589 11 0.2022 0.1664 0.1593 0.4722 
        H590 11 0.2144 0.2360 0.1703 0.3792 
        H601 11 0.3029 0.2654 0.3011 0.1306 
        H602 11 0.2700 0.1955 0.2685 0.2661 
        H603 11 0.3223 0.2007 0.3279 0.1491 
        H610 11 0.2476 0.2116 0.2739 0.2670 
        H611 11 0.1572 0.2033 0.3064 0.3330 
        H649 11 0.2378 0.2563 0.2627 0.2432 
        H650 11 0.1636 0.2901 0.3877 0.1585 
        H651 11 0.4131 0.1654 0.2257 0.1958 
        H652 11 0.1953 0.3217 0.2503 0.2328 
       H7364 11 0.3120 0.2293 0.2671 0.1916 
       H7366 11 0.3334 0.1851 0.2183 0.2632 
       H7378 11 0.1480 0.4530 0.3130 0.0860 
       H7379 11 0.2661 0.2556 0.2559 0.2223 
        H739 11 0.1933 0.1945 0.2174 0.3947 
        H740 11 0.2080 0.2663 0.3446 0.1811 
        H741 11 0.1744 0.2015 0.2534 0.3707 
        H926 11 0.2092 0.2598 0.3390 0.1919 
        H927 11 0.3055 0.2120 0.3271 0.1553 
        H928 11 0.1680 0.2427 0.3618 0.2275 
       H9560 11 0.1942 0.3104 0.3005 0.1950 
        H409 12 0.3157 0.2457 0.2854 0.1532 
        H413 12 0.1583 0.4307 0.2656 0.1454 
        H419 12 0.3592 0.2169 0.2372 0.1867 
        H420 12 0.2772 0.2155 0.2163 0.2911 
        H421 12 0.2630 0.3646 0.2493 0.1231 
        H435 12 0.2404 0.3444 0.2703 0.1449 
        H436 12 0.3437 0.1823 0.2270 0.2471 
        H437 12 0.1643 0.2471 0.1983 0.3903 
        H445 12 0.4014 0.2141 0.2192 0.1653 
        H449 12 0.2380 0.3550 0.2310 0.1760 
        H463 12 0.1959 0.2156 0.2199 0.3686 
        H464 12 0.2010 0.3796 0.2695 0.1500 
        H465 12 0.1324 0.4058 0.2415 0.2203 
        H490 12 0.1872 0.4040 0.2703 0.1385 
        H561 12 0.2109 0.2504 0.3086 0.2301 
        H562 12 0.4121 0.1711 0.1957 0.2211 
        H563 12 0.3066 0.1907 0.2399 0.2629 
        H570 12 0.2732 0.1744 0.2163 0.3361 
        H571 12 0.1594 0.3329 0.2887 0.2190 
        H572 12 0.2272 0.2322 0.2439 0.2966 
        H573 12 0.3647 0.2307 0.2655 0.1390 
       H7372 12 0.4102 0.2288 0.2596 0.1015 
       H7373 12 0.1537 0.4440 0.2580 0.1443 
       H7374 12 0.2782 0.2306 0.1513 0.3399 
       H7375 12 0.2740 0.1949 0.2011 0.3300 
       H7376 12 0.4995 0.1734 0.1988 0.1282 
       H7377 12 0.1928 0.2014 0.2709 0.3349 
