        H102  1 0.1693 0.3146 0.2420 0.2741 
        H103  1 0.1366 0.3995 0.3629 0.1010 
        H104  1 0.3046 0.1474 0.1525 0.3955 
        H105  1 0.2755 0.2480 0.2509 0.2256 
        H106  1 0.1752 0.2715 0.2586 0.2947 
        H112  1 0.2461 0.2205 0.2133 0.3200 
        H113  1 0.4789 0.1878 0.1852 0.1480 
        H114  1 0.4748 0.2050 0.2047 0.1155 
        H115  1 0.3378 0.2022 0.1518 0.3082 
        H143  1 0.3031 0.2626 0.2627 0.1716 
        H144  1 0.1891 0.2590 0.4570 0.0949 
        H145  1 0.1669 0.4019 0.3395 0.0918 
        H149  1 0.1789 0.1753 0.1759 0.4700 
        H150  1 0.2222 0.2323 0.3426 0.2029 
     H167542  1 0.4517 0.1722 0.1888 0.1873 
     H169604  1 0.3390 0.2530 0.2313 0.1767 
     H169607  1 0.2369 0.2995 0.3246 0.1390 
     H169608  1 0.1292 0.3107 0.2000 0.3601 
     H169633  1 0.4980 0.1835 0.2049 0.1136 
     H169688  1 0.1222 0.2983 0.3885 0.1909 
     H169714  1 0.2184 0.2324 0.2307 0.3185 
     H171802  1 0.2371 0.2199 0.1909 0.3520 
     H171805  1 0.1714 0.3858 0.2867 0.1562 
     H171807  1 0.1472 0.2593 0.2582 0.3353 
     H171814  1 0.3538 0.2214 0.3215 0.1033 
     H171816  1 0.1747 0.2584 0.2275 0.3394 
     H171817  1 0.2562 0.2132 0.1875 0.3431 
     H171818  1 0.2609 0.2455 0.2783 0.2153 
     H171819  1 0.2982 0.2472 0.2399 0.2146 
     H171834  1 0.2069 0.3315 0.2644 0.1971 
     H171835  1 0.2560 0.1510 0.1480 0.4450 
     H171836  1 0.3492 0.3120 0.2585 0.0803 
     H171837  1 0.3448 0.1897 0.1725 0.2930 
     H171838  1 0.1654 0.3976 0.3087 0.1283 
     H171839  1 0.3582 0.1725 0.1714 0.2979 
     H171841  1 0.0855 0.2068 0.1698 0.5379 
     H171860  1 0.3515 0.2392 0.2166 0.1928 
     H171861  1 0.3432 0.3092 0.2528 0.0947 
     H171862  1 0.2410 0.2897 0.2779 0.1913 
     H171868  1 0.3403 0.2398 0.2296 0.1903 
     H171869  1 0.1686 0.3178 0.3660 0.1476 
     H171870  1 0.1382 0.2848 0.2642 0.3127 
     H171871  1 0.1962 0.3384 0.3406 0.1248 
     H171872  1 0.3300 0.1845 0.1880 0.2975 
     H171873  1 0.1723 0.2528 0.3043 0.2706 
     H171874  1 0.2330 0.3316 0.2964 0.1391 
     H171875  1 0.4160 0.2423 0.2598 0.0819 
     H171876  1 0.2642 0.3081 0.2926 0.1351 
     H171877  1 0.5161 0.1484 0.1431 0.1924 
     H171878  1 0.1129 0.2521 0.3246 0.3104 
     H171901  1 0.1762 0.2277 0.2075 0.3886 
     H171902  1 0.1538 0.2585 0.3173 0.2704 
     H171903  1 0.2632 0.2835 0.2647 0.1887 
     H171935  1 0.1166 0.2907 0.2645 0.3282 
     H171936  1 0.4968 0.1753 0.2084 0.1195 
     H171940  1 0.2038 0.2144 0.2348 0.3470 
     H171945  1 0.1897 0.2515 0.3432 0.2156 
     H171948  1 0.2151 0.2735 0.2323 0.2791 
     H171949  1 0.1588 0.1631 0.1794 0.4987 
     H171950  1 0.1381 0.1737 0.1451 0.5431 
     H171963  1 0.1791 0.3274 0.3471 0.1464 
     H171964  1 0.1550 0.3059 0.4233 0.1157 
     H171966  1 0.1661 0.3119 0.2942 0.2278 
     H171968  1 0.1497 0.2612 0.2860 0.3031 
     H171971  1 0.1643 0.3263 0.2939 0.2154 
     H171972  1 0.2159 0.3493 0.3305 0.1043 
     H171977  1 0.2688 0.2917 0.3141 0.1254 
     H171978  1 0.1215 0.2854 0.2642 0.3288 
     H171979  1 0.1940 0.3510 0.3434 0.1116 
        H176  1 0.3624 0.2273 0.2280 0.1823 
        H177  1 0.1489 0.1965 0.1734 0.4812 
        H179  1 0.3468 0.1317 0.1431 0.3784 
        H181  1 0.2260 0.2777 0.3572 0.1392 
        H182  1 0.1888 0.4354 0.2876 0.0882 
        H183  1 0.1473 0.2956 0.4060 0.1511 
        H184  1 0.2114 0.2429 0.2288 0.3169 
        H185  1 0.2579 0.2785 0.3314 0.1322 
        H186  1 0.1352 0.2595 0.3828 0.2226 
        H187  1 0.2109 0.2911 0.2481 0.2500 
        H188  1 0.4283 0.1270 0.1524 0.2923 
        H192  1 0.1461 0.2355 0.2051 0.4133 
        H193  1 0.1499 0.4153 0.3264 0.1085 
        H194  1 0.2709 0.2362 0.2216 0.2713 
        H195  1 0.1225 0.2981 0.4316 0.1478 
        H199  1 0.1587 0.2866 0.4039 0.1509 
        H200  1 0.3035 0.1845 0.2101 0.3020 
        H414  1 0.1656 0.3459 0.3188 0.1696 
        H415  1 0.3931 0.2503 0.2288 0.1279 
        H422  1 0.1758 0.2744 0.2898 0.2600 
        H423  1 0.1069 0.1389 0.1344 0.6198 
        H424  1 0.2176 0.2742 0.3844 0.1238 
        H425  1 0.1778 0.2553 0.4342 0.1326 
        H426  1 0.0939 0.3839 0.3794 0.1429 
        H443  1 0.2025 0.2345 0.4397 0.1234 
        H466  1 0.1955 0.2442 0.2675 0.2928 
        H467  1 0.1725 0.1696 0.1882 0.4697 
        H472  1 0.2791 0.1889 0.2434 0.2887 
        H483  1 0.2803 0.2449 0.3228 0.1520 
        H504  1 0.1794 0.3128 0.3924 0.1153 
        H505  1 0.2670 0.1958 0.1905 0.3468 
        H506  1 0.1947 0.3082 0.3087 0.1884 
        H507  1 0.3004 0.3199 0.2905 0.0892 
        H508  1 0.1529 0.2471 0.2530 0.3470 
        H524  1 0.4366 0.2140 0.2277 0.1218 
        H525  1 0.2415 0.3109 0.2960 0.1516 
        H526  1 0.5238 0.1538 0.1717 0.1507 
        H527  1 0.1445 0.2739 0.2180 0.3636 
        H528  1 0.3624 0.2508 0.2829 0.1039 
        H529  1 0.2575 0.2728 0.3670 0.1027 
        H533  1 0.2226 0.4147 0.2682 0.0945 
        H538  1 0.2731 0.2214 0.2419 0.2636 
        H539  1 0.1326 0.3579 0.3052 0.2043 
        H540  1 0.2230 0.2850 0.2833 0.2088 
        H541  1 0.4027 0.2092 0.2124 0.1757 
        H558  1 0.1277 0.4033 0.3266 0.1423 
        H559  1 0.2502 0.2678 0.2632 0.2188 
        H579  1 0.1815 0.3874 0.3049 0.1262 
        H584  1 0.1992 0.2993 0.3724 0.1291 
        H585  1 0.2645 0.2674 0.2847 0.1834 
        H605  1 0.1856 0.2327 0.2181 0.3636 
        H606  1 0.1852 0.1496 0.1645 0.5007 
        H632  1 0.1972 0.3209 0.3647 0.1172 
        H634  1 0.1964 0.3117 0.3079 0.1840 
        H671  1 0.1679 0.1380 0.1672 0.5270 
        H672  1 0.4313 0.1803 0.1870 0.2015 
        H673  1 0.2074 0.2521 0.3746 0.1659 
        H689  1 0.2839 0.2693 0.3034 0.1434 
        H690  1 0.3267 0.2249 0.1717 0.2767 
        H691  1 0.3631 0.2398 0.2157 0.1814 
        H692  1 0.2223 0.2870 0.4248 0.0659 
        H709  1 0.2747 0.3021 0.2564 0.1668 
        H710  1 0.2279 0.3324 0.3595 0.0803 
       H7355  1 0.4369 0.2458 0.2005 0.1167 
       H7356  1 0.1671 0.2941 0.3330 0.2057 
       H7357  1 0.2920 0.2033 0.1892 0.3155 
       H7358  1 0.3843 0.2007 0.2604 0.1546 
       H7380  1 0.2327 0.3085 0.2998 0.1590 
       H7381  1 0.1415 0.2437 0.2977 0.3171 
       H7382  1 0.2301 0.3170 0.2911 0.1618 
        H904  1 0.1481 0.1232 0.1168 0.6119 
        H923  1 0.3001 0.1908 0.2394 0.2698 
        H924  1 0.2479 0.2252 0.2405 0.2864 
        H925  1 0.4562 0.1714 0.2100 0.1624 
       H9558  1 0.1098 0.4242 0.3418 0.1241 
        H008  2 0.3952 0.2796 0.2295 0.0958 
        H021  2 0.2263 0.2016 0.2020 0.3701 
        H023  2 0.2248 0.2124 0.1879 0.3749 
        H024  2 0.4250 0.2185 0.2611 0.0953 
        H025  2 0.1389 0.2140 0.2755 0.3715 
        H026  2 0.2558 0.2585 0.3833 0.1024 
        H027  2 0.4326 0.1843 0.2075 0.1755 
        H028  2 0.2604 0.2766 0.2951 0.1679 
        H029  2 0.4243 0.2057 0.2431 0.1269 
        H030  2 0.2659 0.3234 0.3161 0.0946 
        H038  2 0.1788 0.2279 0.1867 0.4066 
        H039  2 0.0888 0.0882 0.0856 0.7373 
        H040  2 0.1679 0.2110 0.1902 0.4309 
        H041  2 0.5029 0.1654 0.1785 0.1531 
        H042  2 0.2395 0.2308 0.2392 0.2905 
        H043  2 0.0834 0.2324 0.1932 0.4910 
        H044  2 0.1741 0.3721 0.3367 0.1171 
        H047  2 0.1788 0.2919 0.2607 0.2686 
        H050  2 0.3699 0.2668 0.2376 0.1257 
        H058  2 0.1397 0.2728 0.2726 0.3149 
        H062  2 0.2487 0.1881 0.1906 0.3726 
        H063  2 0.2128 0.2013 0.1747 0.4112 
        H065  2 0.1493 0.2512 0.3841 0.2154 
        H066  2 0.2263 0.2975 0.3007 0.1755 
        H067  2 0.3203 0.2423 0.2576 0.1799 
        H068  2 0.1857 0.2096 0.1875 0.4172 
        H069  2 0.1907 0.2572 0.3418 0.2103 
        H071  2 0.2236 0.2337 0.2234 0.3193 
        H072  2 0.1764 0.1616 0.1495 0.5124 
        H073  2 0.2674 0.2712 0.2943 0.1671 
        H081  2 0.4239 0.1789 0.1628 0.2343 
        H082  2 0.2280 0.3348 0.3210 0.1163 
        H083  2 0.1582 0.3575 0.3682 0.1161 
        H084  2 0.2520 0.2383 0.2445 0.2653 
        H085  2 0.5484 0.1468 0.1537 0.1510 
        H087  2 0.3695 0.2058 0.2116 0.2131 
        H088  2 0.2189 0.2361 0.2057 0.3393 
        H089  2 0.3899 0.1936 0.2342 0.1823 
        H090  2 0.4827 0.2008 0.2117 0.1048 
        H091  2 0.5719 0.1710 0.1688 0.0884 
        H098  2 0.3919 0.2100 0.2264 0.1717 
      H10001  2 0.0831 0.0870 0.0854 0.7446 
      H10002  2 0.1907 0.2491 0.1782 0.3821 
        H101  2 0.3644 0.2654 0.2362 0.1339 
        H108  2 0.2112 0.1402 0.1556 0.4930 
        H109  2 0.2583 0.2526 0.2240 0.2650 
        H110  2 0.3814 0.2618 0.2129 0.1440 
        H116  2 0.2488 0.3482 0.2669 0.1361 
        H117  2 0.6046 0.1486 0.1465 0.1003 
        H118  2 0.5088 0.1880 0.2128 0.0905 
        H119  2 0.3547 0.1840 0.1816 0.2797 
        H120  2 0.1789 0.1289 0.1125 0.5797 
        H121  2 0.5623 0.1610 0.1806 0.0961 
        H125  2 0.0881 0.0950 0.0838 0.7331 
        H126  2 0.1528 0.2810 0.4059 0.1603 
        H128  2 0.4981 0.2002 0.2502 0.0515 
        H129  2 0.1335 0.3299 0.4327 0.1039 
        H130  2 0.0754 0.3004 0.2504 0.3738 
        H133  2 0.1196 0.1879 0.1603 0.5322 
        H134  2 0.1334 0.2889 0.4991 0.0786 
        H135  2 0.2885 0.2514 0.2212 0.2389 
        H137  2 0.3556 0.2213 0.2111 0.2120 
        H138  2 0.1301 0.3899 0.3745 0.1055 
        H140  2 0.3486 0.2250 0.2224 0.2040 
        H146  2 0.5256 0.1571 0.1895 0.1278 
        H147  2 0.3894 0.2477 0.2257 0.1373 
        H148  2 0.5124 0.1916 0.1700 0.1261 
     H166022  2 0.2837 0.3245 0.2810 0.1108 
     H167359  2 0.2399 0.2779 0.2786 0.2037 
     H167397  2 0.3855 0.2929 0.2561 0.0655 
     H167428  2 0.5432 0.1678 0.2134 0.0756 
     H167496  2 0.2493 0.1167 0.1260 0.5080 
     H167513  2 0.1585 0.2926 0.2623 0.2866 
     H167545  2 0.1576 0.4146 0.3184 0.1094 
     H167547  2 0.2680 0.3160 0.3203 0.0957 
     H169621  2 0.2937 0.3047 0.2915 0.1100 
     H169622  2 0.2022 0.3145 0.3540 0.1292 
     H169750  2 0.1245 0.3010 0.2764 0.2982 
     H171806  2 0.3885 0.1931 0.1879 0.2306 
     H171808  2 0.2971 0.2174 0.2860 0.1995 
     H171809  2 0.2839 0.2260 0.2268 0.2633 
     H171813  2 0.1866 0.2987 0.2863 0.2284 
     H171815  2 0.1323 0.1763 0.1621 0.5294 
     H171824  2 0.3395 0.1708 0.1569 0.3329 
     H171825  2 0.1979 0.3152 0.3213 0.1656 
     H171826  2 0.3127 0.2191 0.2145 0.2537 
     H171827  2 0.1924 0.3525 0.2325 0.2226 
     H171828  2 0.1935 0.1028 0.0909 0.6129 
     H171829  2 0.1340 0.3051 0.3351 0.2258 
     H171830  2 0.3105 0.2690 0.2124 0.2081 
     H171831  2 0.2407 0.2868 0.3740 0.0985 
     H171832  2 0.1559 0.3776 0.3070 0.1594 
     H171863  2 0.1932 0.3212 0.3977 0.0880 
     H171864  2 0.4448 0.1729 0.1734 0.2089 
     H171865  2 0.2172 0.1590 0.1593 0.4645 
     H171879  2 0.4069 0.2186 0.2022 0.1724 
     H171880  2 0.4239 0.2374 0.2131 0.1256 
     H171881  2 0.2632 0.2696 0.2924 0.1749 
     H171882  2 0.1098 0.1144 0.1046 0.6712 
     H171929  2 0.3560 0.2159 0.2442 0.1840 
     H171930  2 0.1985 0.3933 0.3136 0.0946 
     H171933  2 0.2776 0.2676 0.2666 0.1882 
     H171934  2 0.3766 0.2122 0.2060 0.2053 
     H171937  2 0.1613 0.3073 0.3983 0.1332 
     H171962  2 0.2886 0.2636 0.2745 0.1734 
        H190  2 0.2262 0.3036 0.3018 0.1685 
        H191  2 0.3272 0.1973 0.2427 0.2328 
        H396  2 0.4039 0.1514 0.1904 0.2543 
        H397  2 0.2207 0.3122 0.2886 0.1785 
        H398  2 0.2218 0.2024 0.3049 0.2709 
        H400  2 0.3697 0.1946 0.2203 0.2153 
        H401  2 0.4545 0.2313 0.2444 0.0698 
        H402  2 0.3131 0.2925 0.2519 0.1425 
        H427  2 0.4283 0.1793 0.1981 0.1943 
        H428  2 0.5541 0.1692 0.1996 0.0771 
        H497  2 0.1470 0.2707 0.2304 0.3518 
        H512  2 0.3724 0.2200 0.2291 0.1785 
        H513  2 0.1727 0.2847 0.2624 0.2802 
        H514  2 0.1143 0.3859 0.3576 0.1422 
        H519  2 0.1946 0.2882 0.2601 0.2570 
        H532  2 0.5038 0.1734 0.1981 0.1247 
        H543  2 0.2917 0.3285 0.2646 0.1152 
        H544  2 0.1072 0.2696 0.4127 0.2105 
        H545  2 0.1394 0.4299 0.3287 0.1020 
        H546  2 0.1362 0.1864 0.2015 0.4759 
        H547  2 0.2712 0.3366 0.2966 0.0956 
        H548  2 0.3673 0.2405 0.2195 0.1727 
        H549  2 0.1616 0.2664 0.2408 0.3312 
        H620  2 0.1286 0.1100 0.1093 0.6521 
        H623  2 0.1384 0.3558 0.3540 0.1518 
        H624  2 0.0801 0.2849 0.2738 0.3613 
        H625  2 0.3422 0.2211 0.2389 0.1978 
        H626  2 0.2337 0.2818 0.2304 0.2541 
        H654  2 0.0718 0.1164 0.1027 0.7091 
        H655  2 0.1435 0.3471 0.2320 0.2773 
        H656  2 0.1378 0.1127 0.1287 0.6208 
        H666  2 0.1254 0.1154 0.1335 0.6257 
        H667  2 0.2638 0.3000 0.2693 0.1670 
        H677  2 0.3194 0.2642 0.2379 0.1785 
        H693  2 0.2360 0.1447 0.1460 0.4733 
        H694  2 0.1714 0.2998 0.3604 0.1683 
        H701  2 0.2732 0.3201 0.2750 0.1317 
        H702  2 0.1942 0.3124 0.2308 0.2626 
        H731  2 0.2338 0.2458 0.2113 0.3091 
       H7359  2 0.2377 0.2797 0.2839 0.1987 
       H7389  2 0.4402 0.1995 0.2055 0.1548 
       H7390  2 0.1254 0.1896 0.1632 0.5218 
       H7391  2 0.5822 0.1332 0.1427 0.1419 
       H7392  2 0.2064 0.2422 0.2874 0.2639 
       H7393  2 0.1972 0.2545 0.2145 0.3337 
       H7398  2 0.5151 0.1520 0.1512 0.1817 
       H7399  2 0.2751 0.3092 0.2939 0.1218 
       H7400  2 0.0837 0.1204 0.1077 0.6882 
        H745  2 0.1534 0.2643 0.4744 0.1080 
        H746  2 0.2142 0.3709 0.2944 0.1205 
        H747  2 0.1951 0.1711 0.1656 0.4682 
        H748  2 0.1924 0.3274 0.2837 0.1965 
       H7484  2 0.1539 0.1302 0.1395 0.5763 
       H7485  2 0.1706 0.2998 0.3085 0.2211 
        H749  2 0.2183 0.3477 0.2861 0.1479 
        H930  2 0.2342 0.3769 0.2817 0.1073 
        H931  2 0.4188 0.1798 0.2058 0.1956 
        H932  2 0.3693 0.2029 0.2300 0.1979 
        H111  3 0.1417 0.3718 0.3720 0.1145 
        H951  3 0.3075 0.2643 0.3079 0.1204 
        H952  3 0.3028 0.2405 0.2746 0.1821 
        H953  3 0.5966 0.1325 0.1562 0.1146 
        H954  3 0.1460 0.1867 0.1701 0.4972 
        H955  3 0.1865 0.3843 0.3262 0.1030 
        H956  3 0.3731 0.2058 0.1820 0.2391 
       H9563  3 0.3567 0.1900 0.1963 0.2569 
        H002  4 0.0992 0.2538 0.2715 0.3755 
        H003  4 0.2590 0.3100 0.3061 0.1249 
        H009  4 0.1492 0.3531 0.3376 0.1601 
        H010  4 0.3360 0.2437 0.2540 0.1663 
        H011  4 0.1496 0.1396 0.1363 0.5745 
        H012  4 0.3172 0.2939 0.2606 0.1283 
        H013  4 0.2630 0.2298 0.2101 0.2971 
        H014  4 0.1959 0.3059 0.3116 0.1865 
        H045  4 0.4404 0.1151 0.1299 0.3147 
        H046  4 0.2109 0.3046 0.3580 0.1266 
        H051  4 0.2520 0.1819 0.1786 0.3875 
        H052  4 0.1464 0.2239 0.2566 0.3730 
        H053  4 0.2264 0.2554 0.2446 0.2736 
        H056  4 0.1395 0.1957 0.2202 0.4446 
        H076  4 0.2735 0.2640 0.3445 0.1180 
        H151  4 0.1111 0.1747 0.1923 0.5219 
        H152  4 0.1511 0.2565 0.2816 0.3107 
     H171803  4 0.1405 0.2249 0.1959 0.4387 
     H171804  4 0.2446 0.2078 0.1905 0.3571 
     H171833  4 0.1262 0.3355 0.4147 0.1236 
     H171855  4 0.0966 0.1861 0.2062 0.5111 
     H171856  4 0.2770 0.2236 0.2043 0.2950 
     H171857  4 0.1646 0.2146 0.2287 0.3920 
     H171858  4 0.2910 0.2386 0.2707 0.1998 
     H171859  4 0.2529 0.2368 0.2495 0.2609 
     H171961  4 0.2086 0.1902 0.1851 0.4161 
        H198  4 0.2251 0.3375 0.3528 0.0846 
      H20001  4 0.0916 0.3808 0.3914 0.1362 
        H403  4 0.2197 0.2124 0.2675 0.3004 
        H404  4 0.2875 0.3079 0.2788 0.1258 
        H405  4 0.2758 0.2742 0.3158 0.1342 
        H406  4 0.2710 0.2469 0.2963 0.1858 
        H407  4 0.4107 0.1622 0.1732 0.2539 
        H410  4 0.6289 0.1311 0.1588 0.0812 
        H411  4 0.1400 0.4189 0.3278 0.1133 
        H468  4 0.1067 0.3697 0.3005 0.2232 
        H476  4 0.1398 0.3226 0.2635 0.2741 
        H477  4 0.1243 0.3933 0.3659 0.1165 
        H478  4 0.1941 0.3690 0.2698 0.1672 
        H479  4 0.2385 0.1805 0.1972 0.3837 
        H480  4 0.1484 0.4225 0.3201 0.1091 
        H498  4 0.1687 0.3407 0.3071 0.1835 
        H499  4 0.2026 0.3066 0.2804 0.2104 
        H500  4 0.1907 0.1754 0.1520 0.4820 
        H515  4 0.1938 0.2961 0.2178 0.2923 
        H516  4 0.2120 0.2903 0.2798 0.2180 
        H517  4 0.3736 0.2405 0.2127 0.1732 
        H518  4 0.1247 0.2333 0.2675 0.3745 
        H520  4 0.1584 0.2094 0.2022 0.4300 
        H521  4 0.3272 0.2148 0.2538 0.2042 
        H522  4 0.1515 0.3098 0.2569 0.2818 
        H523  4 0.2382 0.2862 0.2483 0.2274 
        H536  4 0.2560 0.2077 0.3530 0.1833 
        H645  4 0.3938 0.1453 0.1422 0.3187 
        H646  4 0.3779 0.2172 0.2916 0.1133 
        H647  4 0.1946 0.2718 0.2990 0.2346 
        H657  4 0.3307 0.2571 0.2726 0.1396 
        H658  4 0.2428 0.2874 0.2389 0.2310 
        H659  4 0.0897 0.1798 0.1268 0.6037 
        H660  4 0.1663 0.2746 0.2711 0.2881 
        H661  4 0.1158 0.2489 0.2148 0.4206 
        H668  4 0.3235 0.3012 0.2427 0.1326 
        H669  4 0.3437 0.1923 0.2012 0.2628 
        H670  4 0.3237 0.2061 0.1837 0.2865 
        H678  4 0.2343 0.3030 0.2734 0.1893 
        H679  4 0.3598 0.2666 0.2518 0.1217 
        H680  4 0.1927 0.2530 0.3204 0.2339 
        H681  4 0.2343 0.2554 0.2095 0.3008 
        H682  4 0.3075 0.3184 0.2172 0.1569 
        H683  4 0.1577 0.2291 0.2482 0.3650 
        H718  4 0.2064 0.1225 0.1496 0.5215 
        H719  4 0.2926 0.1835 0.2043 0.3196 
        H720  4 0.1218 0.2239 0.2885 0.3658 
        H721  4 0.1421 0.2541 0.2837 0.3201 
        H722  4 0.1193 0.2390 0.3415 0.3002 
        H723  4 0.2914 0.1431 0.1623 0.4032 
        H724  4 0.1547 0.1223 0.1287 0.5942 
        H725  4 0.1054 0.1552 0.1694 0.5699 
        H726  4 0.1841 0.2200 0.2239 0.3720 
        H727  4 0.3049 0.1763 0.1763 0.3425 
        H910  4 0.2710 0.2353 0.1842 0.3096 
        H911  4 0.3930 0.2099 0.2569 0.1402 
        H912  4 0.1939 0.2685 0.2918 0.2458 
        H913  4 0.2080 0.2337 0.2374 0.3209 
        H914  4 0.2994 0.1605 0.1386 0.4016 
        H915  4 0.2419 0.2820 0.2471 0.2290 
        H916  4 0.1743 0.3600 0.2923 0.1735 
       H9572  4 0.1505 0.2353 0.2337 0.3806 
        H015  5 0.1565 0.3431 0.3600 0.1405 
        H016  5 0.1825 0.2761 0.4130 0.1284 
        H017  5 0.1138 0.3875 0.2815 0.2172 
        H019  5 0.1700 0.3245 0.3154 0.1901 
        H020  5 0.3180 0.1959 0.2367 0.2494 
        H032  5 0.1957 0.2721 0.2451 0.2872 
        H033  5 0.2463 0.3325 0.2659 0.1553 
        H034  5 0.2215 0.2006 0.1892 0.3886 
        H035  5 0.2528 0.2597 0.2683 0.2192 
        H036  5 0.3227 0.2446 0.2659 0.1668 
        H037  5 0.1747 0.2717 0.2096 0.3441 
        H048  5 0.2321 0.1230 0.1311 0.5137 
        H049  5 0.1457 0.3356 0.3349 0.1837 
        H054  5 0.2861 0.2105 0.2951 0.2084 
        H055  5 0.1876 0.2529 0.2719 0.2876 
        H057  5 0.0947 0.2748 0.4179 0.2127 
        H060  5 0.1414 0.3361 0.2590 0.2636 
        H061  5 0.3075 0.2642 0.2610 0.1672 
        H064  5 0.2112 0.2136 0.2468 0.3284 
        H070  5 0.2411 0.2780 0.1917 0.2891 
        H077  5 0.1233 0.1950 0.1773 0.5044 
        H078  5 0.1472 0.2603 0.2384 0.3541 
        H079  5 0.4713 0.2189 0.1914 0.1185 
        H097  5 0.0926 0.3569 0.3162 0.2344 
        H107  5 0.1240 0.1148 0.1043 0.6569 
        H122  5 0.1538 0.3089 0.3121 0.2253 
        H123  5 0.3956 0.2433 0.2449 0.1162 
        H124  5 0.4531 0.1934 0.2335 0.1199 
        H131  5 0.4126 0.2319 0.2217 0.1338 
        H132  5 0.2825 0.2103 0.2283 0.2788 
        H141  5 0.1827 0.2481 0.2173 0.3519 
        H142  5 0.1636 0.4019 0.3249 0.1096 
        H157  5 0.1815 0.1785 0.1610 0.4790 
        H158  5 0.2074 0.3404 0.3570 0.0952 
        H159  5 0.1733 0.3209 0.3368 0.1691 
        H160  5 0.1903 0.2821 0.2427 0.2849 
        H163  5 0.2401 0.3600 0.2643 0.1355 
        H164  5 0.2043 0.3289 0.2861 0.1808 
        H165  5 0.4950 0.1859 0.2024 0.1167 
        H166  5 0.1914 0.3236 0.3296 0.1553 
        H169  5 0.1984 0.3638 0.2709 0.1669 
     H169613  5 0.1566 0.3747 0.2818 0.1870 
     H169653  5 0.2105 0.3248 0.3361 0.1286 
     H169728  5 0.1693 0.3453 0.3116 0.1738 
     H169742  5 0.3533 0.1892 0.1972 0.2602 
        H170  5 0.1231 0.3578 0.3660 0.1532 
        H171  5 0.1664 0.2933 0.3946 0.1457 
     H171851  5 0.1646 0.3092 0.3259 0.2003 
     H171852  5 0.1559 0.2113 0.2605 0.3724 
     H171853  5 0.2322 0.2123 0.2035 0.3521 
     H171854  5 0.1722 0.3303 0.3073 0.1901 
     H171938  5 0.3170 0.2602 0.2125 0.2103 
     H171939  5 0.2855 0.2261 0.3547 0.1336 
     H171941  5 0.1759 0.1772 0.1849 0.4619 
     H171965  5 0.1572 0.4033 0.3251 0.1144 
     H171970  5 0.1171 0.1373 0.1547 0.5909 
     H171973  5 0.4432 0.1989 0.2174 0.1404 
     H171974  5 0.3118 0.2364 0.2250 0.2267 
     H171975  5 0.2631 0.1931 0.2334 0.3104 
     H171976  5 0.1043 0.3577 0.3254 0.2127 
        H175  5 0.2820 0.1555 0.1821 0.3804 
        H178  5 0.2037 0.2630 0.2557 0.2776 
        H189  5 0.3065 0.3085 0.2836 0.1014 
        H399  5 0.1344 0.2308 0.4397 0.1951 
        H416  5 0.2625 0.2417 0.2236 0.2722 
        H438  5 0.3761 0.2289 0.1871 0.2080 
        H450  5 0.1209 0.3062 0.1962 0.3767 
        H455  5 0.1829 0.1259 0.1362 0.5550 
        H456  5 0.3151 0.2354 0.2297 0.2198 
        H457  5 0.1271 0.2368 0.2714 0.3647 
        H458  5 0.2071 0.2591 0.2098 0.3239 
        H459  5 0.2076 0.3525 0.3312 0.1088 
        H460  5 0.1649 0.3509 0.2249 0.2594 
        H461  5 0.1254 0.3830 0.3335 0.1581 
        H462  5 0.3941 0.2425 0.2135 0.1499 
        H469  5 0.3605 0.2648 0.2602 0.1144 
        H470  5 0.1948 0.2761 0.2589 0.2701 
        H471  5 0.2009 0.2989 0.3815 0.1187 
        H481  5 0.1576 0.1271 0.1281 0.5872 
        H482  5 0.1681 0.2793 0.2396 0.3130 
        H501  5 0.2512 0.2530 0.2484 0.2474 
        H502  5 0.1864 0.3728 0.3336 0.1072 
        H503  5 0.2349 0.2836 0.3259 0.1556 
        H509  5 0.2017 0.1741 0.1632 0.4609 
        H510  5 0.1756 0.3345 0.2737 0.2163 
        H511  5 0.2019 0.3762 0.2862 0.1357 
        H530  5 0.3527 0.1742 0.1725 0.3006 
        H531  5 0.1423 0.1855 0.1949 0.4773 
        H564  5 0.1792 0.2453 0.2381 0.3373 
        H565  5 0.1293 0.1893 0.1744 0.5070 
        H567  5 0.4631 0.2100 0.2289 0.0980 
     H568???  5 0.1824 0.3116 0.3814 0.1246 
        H608  5 0.1450 0.2864 0.2043 0.3644 
        H609  5 0.3790 0.1913 0.2308 0.1988 
        H612  5 0.2122 0.1382 0.1110 0.5386 
        H614  5 0.1362 0.1968 0.2010 0.4660 
        H615  5 0.1199 0.2669 0.2238 0.3894 
        H616  5 0.1920 0.1042 0.1042 0.5996 
        H617  5 0.3448 0.2710 0.2639 0.1204 
        H618  5 0.2317 0.1531 0.1509 0.4643 
        H619  5 0.3571 0.2111 0.2556 0.1761 
        H635  5 0.2122 0.3032 0.2867 0.1978 
        H636  5 0.3516 0.2859 0.2076 0.1549 
        H637  5 0.2329 0.2172 0.2435 0.3064 
        H644  5 0.2163 0.2614 0.4504 0.0719 
        H711  5 0.1320 0.3742 0.3352 0.1586 
        H712  5 0.3301 0.1529 0.1573 0.3597 
       H7360  5 0.1264 0.3086 0.3062 0.2587 
       H7361  5 0.1527 0.2625 0.2197 0.3651 
       H7362  5 0.1950 0.2716 0.4535 0.0799 
       H7363  5 0.2267 0.2525 0.2338 0.2870 
       H7394  5 0.2132 0.4031 0.2831 0.1006 
       H7395  5 0.2155 0.2698 0.2915 0.2232 
       H7396  5 0.2400 0.3067 0.2577 0.1956 
        H742  5 0.3569 0.1781 0.1910 0.2740 
        H743  5 0.3417 0.1696 0.2123 0.2764 
        H744  5 0.3055 0.1097 0.1220 0.4629 
        H957  5 0.1178 0.3946 0.2822 0.2053 
        H958  5 0.2537 0.3150 0.2498 0.1815 
        H959  5 0.1974 0.1725 0.1644 0.4656 
        H960  5 0.4003 0.2027 0.2046 0.1923 
      H_PALI  6 0.1496 0.3492 0.3093 0.1919 
        H581  6 0.1883 0.2505 0.2258 0.3354 
        H582  6 0.0948 0.1832 0.1525 0.5694 
        H583  6 0.2240 0.2288 0.2530 0.2942 
        H595  6 0.2421 0.3329 0.3238 0.1012 
        H596  6 0.2968 0.3173 0.2770 0.1089 
        H597  6 0.2493 0.2753 0.3608 0.1145 
        H598  6 0.2707 0.2603 0.2253 0.2437 
        H599  6 0.2513 0.1799 0.1950 0.3738 
        H642  6 0.1966 0.3171 0.3179 0.1684 
        H643  6 0.4146 0.1955 0.1897 0.2002 
        H664  6 0.0910 0.2229 0.2212 0.4649 
        H665  6 0.3350 0.2687 0.2086 0.1877 
        H674  6 0.2197 0.3196 0.3730 0.0877 
        H675  6 0.2129 0.2228 0.2560 0.3083 
        H676  6 0.1781 0.3783 0.3135 0.1300 
        H686  6 0.1492 0.3556 0.3203 0.1749 
        H687  6 0.1816 0.3149 0.2900 0.2136 
        H917  6 0.3935 0.2433 0.2456 0.1177 
        H918  6 0.2830 0.2393 0.2709 0.2068 
        H919  6 0.2588 0.1581 0.1407 0.4425 
        H920  6 0.1545 0.2265 0.2388 0.3803 
        H631  7 0.1824 0.2322 0.2235 0.3619 
        H684  7 0.1314 0.4393 0.3329 0.0964 
        H685  7 0.2334 0.1874 0.1578 0.4214 
        H713  7 0.1228 0.1708 0.1409 0.5656 
        H715  7 0.1391 0.4051 0.3302 0.1257 
        H716  7 0.2151 0.2163 0.2466 0.3221 
        H717  7 0.2553 0.1895 0.2298 0.3254 
        H729  7 0.5469 0.1975 0.1657 0.0899 
        H730  7 0.5449 0.1213 0.1293 0.2045 
        H431  8 0.3154 0.2090 0.1896 0.2860 
        H432  8 0.2319 0.2763 0.3832 0.1086 
        H433  8 0.2866 0.2928 0.2595 0.1611 
        H434  8 0.2909 0.2686 0.2771 0.1634 
        H444  8 0.3099 0.2532 0.2438 0.1931 
        H454  8 0.1774 0.1587 0.1528 0.5111 
        H475  8 0.0993 0.2269 0.1525 0.5213 
        H491  8 0.1440 0.2645 0.2405 0.3510 
        H492  8 0.1910 0.2141 0.2049 0.3900 
        H493  8 0.1773 0.3425 0.3226 0.1575 
        H494  8 0.3002 0.2036 0.2094 0.2868 
        H495  8 0.0864 0.2527 0.2131 0.4478 
        H662  8 0.2117 0.2583 0.3188 0.2112 
        H663  8 0.2974 0.2168 0.2343 0.2516 
        H695  8 0.3242 0.2101 0.2191 0.2466 
       H7367  8 0.5116 0.1990 0.1964 0.0930 
       H7368  8 0.2538 0.3171 0.2958 0.1333 
       H7369  8 0.3534 0.2268 0.2143 0.2054 
       H7370  8 0.3756 0.2878 0.2435 0.0932 
       H7371  8 0.3745 0.2379 0.2116 0.1760 
        H600  9 0.1868 0.2336 0.1899 0.3897 
        H648  9 0.2117 0.2914 0.2712 0.2257 
        H696  9 0.2073 0.3087 0.3863 0.0978 
        H697  9 0.3973 0.1947 0.2302 0.1779 
        H698  9 0.4555 0.1867 0.2151 0.1427 
        H699  9 0.3112 0.2351 0.2506 0.2032 
        H700  9 0.1631 0.2809 0.1783 0.3777 
        H732  9 0.1423 0.1752 0.1748 0.5077 
        H733  9 0.3858 0.2473 0.2454 0.1216 
        H734  9 0.1798 0.3602 0.3410 0.1189 
        H735  9 0.3142 0.2722 0.2512 0.1625 
        H736  9 0.1803 0.2861 0.2630 0.2707 
        H737  9 0.4422 0.1528 0.1779 0.2270 
        H905  9 0.2521 0.2240 0.2077 0.3162 
        H921  9 0.2932 0.2065 0.1755 0.3248 
        H922  9 0.3453 0.2737 0.2697 0.1113 
     H169705 10 0.4228 0.2341 0.1987 0.1444 
     H171942 10 0.2445 0.2449 0.3968 0.1138 
     H171943 10 0.2004 0.3382 0.2748 0.1867 
     H171944 10 0.2992 0.2936 0.1992 0.2080 
     H171946 10 0.1128 0.2714 0.2407 0.3751 
     H171947 10 0.2926 0.2542 0.2829 0.1702 
     H229641 10 0.2169 0.2723 0.2508 0.2600 
      H30001 10 0.2429 0.2832 0.2379 0.2360 
      H30002 10 0.2885 0.2655 0.2554 0.1906 
      H30005 10 0.4192 0.2161 0.2165 0.1483 
      H30006 10 0.4531 0.1970 0.2145 0.1353 
      H30007 10 0.1736 0.3033 0.4319 0.0912 
        H451 10 0.2455 0.3164 0.2967 0.1414 
        H452 10 0.4521 0.1873 0.2003 0.1604 
        H453 10 0.1337 0.1976 0.2475 0.4211 
        H473 10 0.2190 0.1952 0.2481 0.3378 
        H474 10 0.0956 0.2101 0.1596 0.5347 
        H486 10 0.2589 0.1818 0.2004 0.3588 
        H487 10 0.3148 0.1863 0.2134 0.2856 
        H488 10 0.3220 0.2114 0.1978 0.2688 
        H489 10 0.2281 0.1849 0.1714 0.4157 
        H550 10 0.1253 0.3892 0.3442 0.1413 
        H551 10 0.4621 0.1633 0.1512 0.2234 
        H553 10 0.3075 0.1575 0.1598 0.3751 
        H554 10 0.2030 0.3506 0.2911 0.1554 
        H556 10 0.2606 0.2109 0.2620 0.2666 
        H580 10 0.3631 0.2241 0.2555 0.1573 
        H591 10 0.1797 0.1201 0.1233 0.5768 
        H592 10 0.2278 0.2357 0.2156 0.3210 
        H593 10 0.1945 0.3156 0.2899 0.2001 
        H594 10 0.2722 0.2948 0.3510 0.0820 
        H627 10 0.1401 0.3327 0.2662 0.2610 
        H628 10 0.4791 0.1915 0.2366 0.0928 
        H629 10 0.1328 0.2639 0.3239 0.2794 
        H630 10 0.2168 0.2795 0.2457 0.2580 
        H638 10 0.2660 0.2896 0.2883 0.1561 
        H639 10 0.1384 0.1846 0.2214 0.4557 
        H640 10 0.2385 0.3216 0.2793 0.1605 
        H704 10 0.2191 0.2751 0.3798 0.1261 
        H705 10 0.4335 0.2306 0.1955 0.1403 
        H706 10 0.3955 0.1393 0.1397 0.3254 
        H708 10 0.1471 0.2003 0.1623 0.4903 
       H7351 10 0.1602 0.3424 0.3063 0.1910 
       H7352 10 0.2302 0.2543 0.2577 0.2578 
       H7353 10 0.1554 0.2561 0.4794 0.1090 
       H7354 10 0.1728 0.2739 0.2401 0.3132 
       H7365 10 0.1537 0.1446 0.1285 0.5732 
       H7383 10 0.2420 0.2518 0.1927 0.3134 
       H7384 10 0.3743 0.2132 0.1823 0.2302 
       H7385 10 0.2226 0.2371 0.1971 0.3431 
       H7386 10 0.4022 0.1890 0.2160 0.1928 
       H7387 10 0.2204 0.3396 0.2958 0.1442 
       H7388 10 0.5179 0.1557 0.1633 0.1631 
        H906 10 0.1408 0.2119 0.3042 0.3431 
        H907 10 0.2109 0.3560 0.3136 0.1195 
        H908 10 0.2486 0.2889 0.2409 0.2216 
        H909 10 0.2436 0.2547 0.2665 0.2351 
       H9552 10 0.3113 0.2357 0.2634 0.1896 
       H9553 10 0.4194 0.1407 0.1602 0.2797 
       H9555 10 0.3505 0.2528 0.2197 0.1770 
       H9575 10 0.1346 0.2284 0.2296 0.4074 
       H9703 10 0.2433 0.1265 0.1423 0.4879 
       H9707 10 0.1887 0.2107 0.1802 0.4203 
       HSAA4 10 0.3607 0.2322 0.2476 0.1595 
        H001 11 0.2745 0.2177 0.2440 0.2638 
        H004 11 0.2043 0.3208 0.2799 0.1950 
        H005 11 0.1694 0.1935 0.1579 0.4792 
        H006 11 0.2376 0.2897 0.2319 0.2408 
        H007 11 0.3058 0.1296 0.1389 0.4257 
        H031 11 0.1784 0.1462 0.1179 0.5575 
        H074 11 0.1268 0.1908 0.1972 0.4851 
        H075 11 0.2261 0.1619 0.1314 0.4805 
        H080 11 0.2741 0.1643 0.1784 0.3832 
        H086 11 0.4549 0.1952 0.1859 0.1640 
        H092 11 0.2838 0.2257 0.1995 0.2910 
        H093 11 0.1848 0.3137 0.3961 0.1054 
        H094 11 0.1721 0.3858 0.2890 0.1532 
        H095 11 0.2419 0.1876 0.1866 0.3838 
        H096 11 0.2531 0.2201 0.1962 0.3306 
        H099 11 0.2198 0.2505 0.2196 0.3100 
        H100 11 0.2843 0.2643 0.3429 0.1085 
        H127 11 0.3838 0.1727 0.1787 0.2647 
        H136 11 0.1511 0.1864 0.1714 0.4911 
        H153 11 0.1445 0.3450 0.3228 0.1876 
        H154 11 0.1297 0.1981 0.1707 0.5016 
        H155 11 0.5537 0.1542 0.1790 0.1131 
        H156 11 0.4414 0.2475 0.2308 0.0802 
        H161 11 0.1778 0.3237 0.3164 0.1822 
        H162 11 0.3508 0.2747 0.2552 0.1193 
        H167 11 0.2801 0.2924 0.2873 0.1402 
        H168 11 0.3781 0.2198 0.2475 0.1547 
     H169586 11 0.0825 0.2648 0.3362 0.3164 
     H169738 11 0.5488 0.1637 0.1739 0.1135 
     H169741 11 0.1547 0.2571 0.2149 0.3732 
     H171801 11 0.1677 0.2722 0.4123 0.1478 
     H171810 11 0.1187 0.2866 0.2250 0.3696 
     H171811 11 0.1086 0.2508 0.2055 0.4350 
     H171812 11 0.3354 0.1738 0.1958 0.2951 
     H171820 11 0.1471 0.1942 0.1858 0.4729 
     H171821 11 0.2914 0.2872 0.2752 0.1462 
     H171822 11 0.3385 0.2699 0.2269 0.1646 
     H171823 11 0.0797 0.2505 0.2477 0.4222 
     H171866 11 0.3993 0.2109 0.2543 0.1355 
     H171867 11 0.4618 0.2189 0.1793 0.1400 
     H171967 11 0.2667 0.1521 0.1399 0.4412 
     H171969 11 0.2292 0.2451 0.2959 0.2298 
        H172 11 0.3116 0.2336 0.2603 0.1945 
        H173 11 0.4876 0.1652 0.1748 0.1725 
        H174 11 0.2017 0.3339 0.3695 0.0949 
        H196 11 0.5997 0.1470 0.1546 0.0986 
        H197 11 0.3059 0.2951 0.2578 0.1412 
        H346 11 0.2404 0.2755 0.2295 0.2546 
        H355 11 0.2408 0.1886 0.2184 0.3522 
        H356 11 0.3244 0.2115 0.2250 0.2391 
        H357 11 0.2446 0.1852 0.1655 0.4048 
        H358 11 0.3403 0.2490 0.1962 0.2145 
        H359 11 0.1988 0.2867 0.2648 0.2498 
        H360 11 0.3306 0.2512 0.2233 0.1948 
        H361 11 0.4142 0.2120 0.2224 0.1514 
        H362 11 0.3057 0.3263 0.2790 0.0890 
        H363 11 0.1593 0.2356 0.1704 0.4347 
        H364 11 0.1797 0.3078 0.3049 0.2077 
        H365 11 0.4194 0.1737 0.2289 0.1780 
        H366 11 0.4823 0.1680 0.1935 0.1562 
        H367 11 0.1760 0.1514 0.1637 0.5089 
        H368 11 0.1227 0.3744 0.3375 0.1655 
        H369 11 0.1870 0.1487 0.1358 0.5285 
        H370 11 0.2789 0.3022 0.2654 0.1534 
        H371 11 0.3315 0.2420 0.2246 0.2018 
        H372 11 0.3051 0.2721 0.2332 0.1897 
        H373 11 0.2257 0.3016 0.2790 0.1937 
        H374 11 0.2111 0.2569 0.2635 0.2685 
        H375 11 0.2457 0.1988 0.2043 0.3512 
        H376 11 0.2107 0.2659 0.3741 0.1493 
        H377 11 0.2030 0.3059 0.2435 0.2476 
        H378 11 0.1968 0.2555 0.2855 0.2623 
        H379 11 0.1744 0.3455 0.2813 0.1988 
        H380 11 0.3164 0.3160 0.2389 0.1287 
        H381 11 0.1014 0.2311 0.1977 0.4697 
        H382 11 0.3080 0.3423 0.2708 0.0790 
        H383 11 0.2702 0.2992 0.3264 0.1042 
        H384 11 0.1859 0.2548 0.2374 0.3219 
        H385 11 0.1862 0.2787 0.2392 0.2960 
        H386 11 0.3975 0.2433 0.2025 0.1567 
        H387 11 0.1047 0.3243 0.3937 0.1773 
        H388 11 0.5159 0.1645 0.2262 0.0934 
        H389 11 0.3339 0.1996 0.1940 0.2726 
        H390 11 0.2299 0.3170 0.2522 0.2009 
        H391 11 0.2549 0.2743 0.3273 0.1435 
        H392 11 0.2061 0.2027 0.1654 0.4258 
        H393 11 0.2198 0.2638 0.3824 0.1340 
        H394 11 0.1710 0.2768 0.4067 0.1454 
        H395 11 0.2638 0.1835 0.1656 0.3872 
        H408 11 0.3452 0.2126 0.1888 0.2534 
        H412 11 0.0740 0.1945 0.1778 0.5538 
        H417 11 0.2417 0.2399 0.2429 0.2755 
        H418 11 0.1566 0.2914 0.3032 0.2488 
        H429 11 0.2539 0.2687 0.2671 0.2103 
        H430 11 0.3588 0.2435 0.2524 0.1453 
        H439 11 0.3030 0.2543 0.2111 0.2316 
        H440 11 0.1618 0.2019 0.1575 0.4788 
        H441 11 0.3238 0.2630 0.2431 0.1701 
        H442 11 0.3616 0.2205 0.2622 0.1558 
        H446 11 0.2004 0.2886 0.3242 0.1867 
        H447 11 0.3678 0.2717 0.2331 0.1274 
        H448 11 0.5493 0.1409 0.1463 0.1634 
        H534 11 0.1166 0.1844 0.2010 0.4981 
        H537 11 0.1342 0.1697 0.2281 0.4680 
        H568 11 0.1355 0.1336 0.1273 0.6035 
        H569 11 0.5425 0.1906 0.1900 0.0769 
        H586 11 0.0758 0.2615 0.3351 0.3277 
        H587 11 0.1391 0.1602 0.1367 0.5639 
        H588 11 0.1438 0.3114 0.4403 0.1044 
        H589 11 0.1657 0.1611 0.1494 0.5239 
        H590 11 0.1783 0.1925 0.1997 0.4295 
        H601 11 0.4016 0.2216 0.2681 0.1087 
        H602 11 0.3216 0.1894 0.1869 0.3020 
        H603 11 0.3176 0.2993 0.2440 0.1390 
        H610 11 0.3501 0.1848 0.1896 0.2755 
        H611 11 0.1664 0.2637 0.2001 0.3698 
        H649 11 0.2006 0.2948 0.2807 0.2239 
        H650 11 0.1891 0.3806 0.3115 0.1188 
        H651 11 0.4678 0.1896 0.1713 0.1713 
        H652 11 0.1707 0.3088 0.3228 0.1977 
       H7364 11 0.3185 0.2536 0.2537 0.1742 
       H7366 11 0.4052 0.1833 0.1789 0.2326 
       H7378 11 0.1895 0.2826 0.4602 0.0677 
       H7379 11 0.3460 0.2157 0.2457 0.1926 
        H739 11 0.2089 0.1821 0.2056 0.4034 
        H740 11 0.2089 0.3511 0.2842 0.1558 
        H741 11 0.1556 0.2684 0.2110 0.3650 
        H926 11 0.2142 0.3634 0.2701 0.1523 
        H927 11 0.5097 0.1896 0.1728 0.1280 
        H928 11 0.2346 0.2944 0.2579 0.2131 
       H9560 11 0.2039 0.3023 0.3168 0.1770 
        H409 12 0.2997 0.2872 0.2721 0.1409 
        H413 12 0.1417 0.3485 0.3706 0.1392 
        H419 12 0.4059 0.2199 0.2135 0.1607 
        H420 12 0.2679 0.2078 0.2131 0.3112 
        H421 12 0.2152 0.3313 0.3621 0.0913 
        H435 12 0.1977 0.3641 0.3216 0.1165 
        H436 12 0.3610 0.1817 0.1706 0.2868 
        H437 12 0.1169 0.2514 0.2189 0.4127 
        H445 12 0.3851 0.2513 0.2245 0.1392 
        H449 12 0.2925 0.2507 0.3077 0.1490 
        H463 12 0.1617 0.2365 0.2321 0.3697 
        H464 12 0.1526 0.3737 0.3550 0.1186 
        H465 12 0.1082 0.2942 0.3879 0.2098 
        H490 12 0.1589 0.3054 0.4284 0.1073 
        H561 12 0.2326 0.2875 0.2860 0.1939 
        H562 12 0.3506 0.2167 0.2049 0.2278 
        H563 12 0.3570 0.1821 0.1837 0.2772 
        H570 12 0.2428 0.1902 0.1751 0.3919 
        H571 12 0.1257 0.3279 0.3080 0.2385 
        H572 12 0.1955 0.2141 0.2193 0.3711 
        H573 12 0.3704 0.2349 0.2622 0.1325 
       H7372 12 0.4693 0.2328 0.2158 0.0821 
       H7373 12 0.1103 0.3570 0.4205 0.1122 
       H7374 12 0.1928 0.2337 0.2200 0.3535 
       H7375 12 0.2758 0.1731 0.1735 0.3776 
       H7376 12 0.5135 0.1851 0.1913 0.1101 
       H7377 12 0.1849 0.2509 0.2081 0.3560 
