        H102  1 0.3460 0.2977 0.3563 
        H103  1 0.3632 0.3909 0.2459 
        H104  1 0.3237 0.2676 0.4086 
        H105  1 0.4032 0.2952 0.3016 
        H106  1 0.3374 0.3386 0.3240 
        H112  1 0.3282 0.2815 0.3903 
        H113  1 0.3533 0.2899 0.3568 
        H114  1 0.3941 0.2950 0.3109 
        H115  1 0.3615 0.2616 0.3769 
        H143  1 0.3575 0.3146 0.3279 
        H144  1 0.3730 0.3581 0.2689 
        H145  1 0.3205 0.4060 0.2735 
        H149  1 0.3331 0.3045 0.3624 
        H150  1 0.3235 0.3225 0.3540 
     H167542  1 0.4022 0.2890 0.3088 
     H169604  1 0.3787 0.3085 0.3128 
     H169607  1 0.3735 0.3554 0.2712 
     H169608  1 0.2833 0.3032 0.4135 
     H169633  1 0.3965 0.3225 0.2810 
     H169688  1 0.3283 0.3978 0.2739 
     H169714  1 0.3129 0.3093 0.3778 
     H171802  1 0.2874 0.3157 0.3969 
     H171805  1 0.3827 0.3465 0.2707 
     H171807  1 0.3112 0.3279 0.3609 
     H171814  1 0.3047 0.4070 0.2883 
     H171816  1 0.3103 0.3067 0.3830 
     H171817  1 0.3538 0.2932 0.3530 
     H171818  1 0.3732 0.3135 0.3133 
     H171819  1 0.3209 0.3097 0.3694 
     H171834  1 0.3571 0.3071 0.3358 
     H171835  1 0.2507 0.2941 0.4553 
     H171836  1 0.4146 0.3545 0.2309 
     H171837  1 0.3175 0.2887 0.3938 
     H171838  1 0.3232 0.3731 0.3037 
     H171839  1 0.3318 0.3039 0.3643 
     H171841  1 0.2606 0.3237 0.4157 
     H171860  1 0.3520 0.3004 0.3476 
     H171861  1 0.4478 0.3252 0.2269 
     H171862  1 0.3377 0.3168 0.3455 
     H171868  1 0.4152 0.2788 0.3060 
     H171869  1 0.2950 0.3938 0.3112 
     H171870  1 0.3407 0.3683 0.2910 
     H171871  1 0.3475 0.3552 0.2973 
     H171872  1 0.3490 0.2821 0.3688 
     H171873  1 0.2928 0.3737 0.3335 
     H171874  1 0.3540 0.3601 0.2859 
     H171875  1 0.3899 0.3530 0.2571 
     H171876  1 0.3602 0.3319 0.3079 
     H171877  1 0.4125 0.2764 0.3111 
     H171878  1 0.2636 0.3845 0.3519 
     H171901  1 0.3208 0.3092 0.3701 
     H171902  1 0.3094 0.3797 0.3109 
     H171903  1 0.3540 0.3165 0.3296 
     H171935  1 0.2760 0.3567 0.3674 
     H171936  1 0.3745 0.3196 0.3058 
     H171940  1 0.3444 0.3166 0.3390 
     H171945  1 0.3238 0.3522 0.3240 
     H171948  1 0.3520 0.2806 0.3674 
     H171949  1 0.2995 0.2984 0.4021 
     H171950  1 0.2852 0.3123 0.4025 
     H171963  1 0.3383 0.3832 0.2785 
     H171964  1 0.2764 0.4080 0.3156 
     H171966  1 0.3128 0.3479 0.3393 
     H171968  1 0.3208 0.3468 0.3323 
     H171971  1 0.3126 0.3627 0.3247 
     H171972  1 0.3490 0.3649 0.2860 
     H171977  1 0.2980 0.3991 0.3028 
     H171978  1 0.3109 0.3425 0.3466 
     H171979  1 0.3959 0.3542 0.2499 
        H176  1 0.3384 0.3252 0.3364 
        H177  1 0.3189 0.2893 0.3918 
        H179  1 0.3433 0.2669 0.3898 
        H181  1 0.3451 0.3733 0.2816 
        H182  1 0.3642 0.3602 0.2756 
        H183  1 0.3109 0.3961 0.2930 
        H184  1 0.3712 0.2965 0.3323 
        H185  1 0.3482 0.3607 0.2911 
        H186  1 0.2935 0.3392 0.3672 
        H187  1 0.3532 0.3323 0.3145 
        H188  1 0.3375 0.2848 0.3777 
        H192  1 0.3234 0.3050 0.3715 
        H193  1 0.3538 0.3850 0.2612 
        H194  1 0.3593 0.3050 0.3358 
        H195  1 0.3086 0.4246 0.2668 
        H199  1 0.3066 0.3923 0.3011 
        H200  1 0.3311 0.3112 0.3577 
        H414  1 0.3530 0.3374 0.3097 
        H415  1 0.3694 0.3189 0.3117 
        H422  1 0.3094 0.3638 0.3268 
        H423  1 0.2782 0.2980 0.4238 
        H424  1 0.3708 0.3542 0.2750 
        H425  1 0.3143 0.3952 0.2906 
        H426  1 0.2792 0.4110 0.3098 
        H443  1 0.3348 0.3739 0.2913 
        H466  1 0.3498 0.3287 0.3215 
        H467  1 0.2678 0.3278 0.4044 
        H472  1 0.3365 0.3376 0.3259 
        H483  1 0.3785 0.3433 0.2782 
        H504  1 0.3103 0.4007 0.2890 
        H505  1 0.3434 0.3089 0.3477 
        H506  1 0.3065 0.3623 0.3312 
        H507  1 0.4009 0.3537 0.2455 
        H508  1 0.3181 0.3701 0.3118 
        H524  1 0.3793 0.3517 0.2690 
        H525  1 0.3483 0.3436 0.3081 
        H526  1 0.3886 0.3155 0.2959 
        H527  1 0.3317 0.3124 0.3560 
        H528  1 0.3668 0.3531 0.2801 
        H529  1 0.3825 0.3521 0.2654 
        H533  1 0.4178 0.3353 0.2468 
        H538  1 0.3489 0.2998 0.3513 
        H539  1 0.3365 0.3783 0.2852 
        H540  1 0.3486 0.3169 0.3346 
        H541  1 0.3770 0.3029 0.3201 
        H558  1 0.3042 0.4033 0.2925 
        H559  1 0.3444 0.3323 0.3234 
        H579  1 0.3375 0.3646 0.2979 
        H584  1 0.3183 0.3705 0.3112 
        H585  1 0.3670 0.3383 0.2947 
        H605  1 0.3606 0.3428 0.2967 
        H606  1 0.3141 0.2995 0.3864 
        H632  1 0.2929 0.3980 0.3090 
        H634  1 0.3607 0.3439 0.2954 
        H671  1 0.2880 0.3140 0.3980 
        H672  1 0.3569 0.3436 0.2996 
        H673  1 0.3524 0.3440 0.3036 
        H689  1 0.3412 0.3547 0.3041 
        H690  1 0.3470 0.2761 0.3769 
        H691  1 0.3697 0.2992 0.3311 
        H692  1 0.4272 0.3533 0.2195 
        H709  1 0.3494 0.3412 0.3094 
        H710  1 0.3695 0.3696 0.2608 
       H7355  1 0.3792 0.3075 0.3133 
       H7356  1 0.3384 0.3512 0.3104 
       H7357  1 0.3831 0.3006 0.3163 
       H7358  1 0.3746 0.3566 0.2689 
       H7380  1 0.3699 0.3192 0.3109 
       H7381  1 0.2837 0.3281 0.3882 
       H7382  1 0.3579 0.3423 0.2998 
        H904  1 0.2870 0.2527 0.4603 
        H923  1 0.3193 0.3571 0.3235 
        H924  1 0.3121 0.3122 0.3756 
        H925  1 0.3609 0.3334 0.3057 
       H9558  1 0.2946 0.4205 0.2850 
        H008  2 0.4384 0.3037 0.2579 
        H021  2 0.3129 0.3080 0.3791 
        H023  2 0.3186 0.2936 0.3878 
        H024  2 0.3367 0.3979 0.2654 
        H025  2 0.3016 0.3334 0.3651 
        H026  2 0.3049 0.3983 0.2969 
        H027  2 0.3714 0.3184 0.3102 
        H028  2 0.3495 0.3630 0.2874 
        H029  2 0.3335 0.3635 0.3030 
        H030  2 0.3307 0.3924 0.2769 
        H038  2 0.2942 0.3454 0.3604 
        H039  2 0.2306 0.2687 0.5007 
        H040  2 0.3134 0.3504 0.3362 
        H041  2 0.3930 0.2872 0.3198 
        H042  2 0.3467 0.3110 0.3423 
        H043  2 0.2587 0.3430 0.3983 
        H044  2 0.3469 0.3760 0.2771 
        H047  2 0.2605 0.3314 0.4081 
        H050  2 0.3339 0.3798 0.2863 
        H058  2 0.3175 0.3404 0.3421 
        H062  2 0.3155 0.3193 0.3652 
        H063  2 0.3031 0.2873 0.4096 
        H065  2 0.2997 0.3574 0.3429 
        H066  2 0.3001 0.3693 0.3306 
        H067  2 0.3757 0.3102 0.3141 
        H068  2 0.2716 0.3293 0.3991 
        H069  2 0.3147 0.3740 0.3113 
        H071  2 0.3168 0.2928 0.3904 
        H072  2 0.3082 0.2773 0.4145 
        H073  2 0.3433 0.3511 0.3056 
        H081  2 0.4054 0.2613 0.3333 
        H082  2 0.3752 0.3739 0.2509 
        H083  2 0.3439 0.3834 0.2727 
        H084  2 0.3231 0.3235 0.3534 
        H085  2 0.3925 0.2854 0.3221 
        H087  2 0.3922 0.2709 0.3369 
        H088  2 0.3545 0.2695 0.3760 
        H089  2 0.3947 0.3297 0.2756 
        H090  2 0.3172 0.3818 0.3010 
        H091  2 0.3696 0.3475 0.2829 
        H098  2 0.3837 0.3319 0.2844 
      H10001  2 0.2356 0.2793 0.4851 
      H10002  2 0.3766 0.2816 0.3419 
        H101  2 0.3266 0.3702 0.3032 
        H108  2 0.3560 0.2883 0.3557 
        H109  2 0.3047 0.3298 0.3655 
        H110  2 0.4218 0.2918 0.2864 
        H116  2 0.3399 0.3640 0.2961 
        H117  2 0.3956 0.2918 0.3127 
        H118  2 0.3498 0.3879 0.2624 
        H119  2 0.3164 0.2937 0.3899 
        H120  2 0.3112 0.2619 0.4270 
        H121  2 0.3445 0.3598 0.2957 
        H125  2 0.2449 0.2596 0.4955 
        H126  2 0.3193 0.3755 0.3052 
        H128  2 0.3120 0.4690 0.2190 
        H129  2 0.3304 0.4066 0.2629 
        H130  2 0.2666 0.3709 0.3625 
        H133  2 0.2683 0.2959 0.4358 
        H134  2 0.2712 0.4506 0.2782 
        H135  2 0.3776 0.2936 0.3288 
        H137  2 0.3457 0.3332 0.3211 
        H138  2 0.3235 0.3912 0.2852 
        H140  2 0.3362 0.3324 0.3315 
        H146  2 0.3396 0.3687 0.2917 
        H147  2 0.3903 0.3027 0.3071 
        H148  2 0.3892 0.2792 0.3315 
     H166022  2 0.4005 0.3265 0.2730 
     H167359  2 0.3633 0.3288 0.3079 
     H167397  2 0.4087 0.3696 0.2216 
     H167428  2 0.4048 0.3570 0.2382 
     H167496  2 0.3335 0.2588 0.4078 
     H167513  2 0.3242 0.3596 0.3162 
     H167545  2 0.3190 0.4086 0.2724 
     H167547  2 0.2979 0.4473 0.2548 
     H169621  2 0.3508 0.3530 0.2962 
     H169622  2 0.3886 0.3428 0.2685 
     H169750  2 0.2801 0.3497 0.3702 
     H171806  2 0.2670 0.3493 0.3837 
     H171808  2 0.3277 0.3511 0.3212 
     H171809  2 0.3631 0.2937 0.3432 
     H171813  2 0.2912 0.3836 0.3252 
     H171815  2 0.2628 0.3214 0.4158 
     H171824  2 0.3306 0.2541 0.4153 
     H171825  2 0.3636 0.3264 0.3100 
     H171826  2 0.3299 0.2870 0.3831 
     H171827  2 0.3410 0.3218 0.3372 
     H171828  2 0.2840 0.2478 0.4682 
     H171829  2 0.2785 0.3721 0.3494 
     H171830  2 0.3609 0.3138 0.3253 
     H171831  2 0.3525 0.3849 0.2626 
     H171832  2 0.3436 0.3436 0.3128 
     H171863  2 0.3366 0.4192 0.2442 
     H171864  2 0.3717 0.3055 0.3229 
     H171865  2 0.2791 0.3111 0.4097 
     H171879  2 0.3377 0.3646 0.2977 
     H171880  2 0.3615 0.3184 0.3201 
     H171881  2 0.3954 0.3152 0.2894 
     H171882  2 0.2920 0.2921 0.4159 
     H171929  2 0.3817 0.3144 0.3039 
     H171930  2 0.3147 0.4050 0.2803 
     H171933  2 0.3608 0.3398 0.2994 
     H171934  2 0.3811 0.3023 0.3166 
     H171937  2 0.3271 0.3863 0.2866 
     H171962  2 0.3690 0.3347 0.2963 
        H190  2 0.3916 0.3507 0.2577 
        H191  2 0.3348 0.3460 0.3192 
        H396  2 0.3401 0.3306 0.3293 
        H397  2 0.3552 0.3450 0.2998 
        H398  2 0.3053 0.3486 0.3461 
        H400  2 0.3526 0.3223 0.3252 
        H401  2 0.3429 0.4130 0.2441 
        H402  2 0.4290 0.3214 0.2495 
        H427  2 0.3608 0.3126 0.3266 
        H428  2 0.4051 0.3524 0.2425 
        H497  2 0.3035 0.3454 0.3511 
        H512  2 0.3557 0.3274 0.3169 
        H513  2 0.3233 0.3602 0.3165 
        H514  2 0.3178 0.3690 0.3133 
        H519  2 0.3305 0.3478 0.3217 
        H532  2 0.3821 0.3271 0.2908 
        H543  2 0.4189 0.3112 0.2699 
        H544  2 0.3030 0.3917 0.3053 
        H545  2 0.3111 0.4255 0.2634 
        H546  2 0.3020 0.3502 0.3478 
        H547  2 0.2953 0.4500 0.2547 
        H548  2 0.4003 0.3074 0.2923 
        H549  2 0.3298 0.4179 0.2522 
        H620  2 0.2858 0.2713 0.4429 
        H623  2 0.3618 0.3678 0.2705 
        H624  2 0.2459 0.3917 0.3624 
        H625  2 0.3725 0.3286 0.2990 
        H626  2 0.3427 0.3310 0.3264 
        H654  2 0.2617 0.3034 0.4348 
        H655  2 0.3052 0.3075 0.3874 
        H656  2 0.2964 0.2966 0.4070 
        H666  2 0.2540 0.3133 0.4327 
        H667  2 0.3482 0.3342 0.3176 
        H677  2 0.3711 0.3324 0.2965 
        H693  2 0.3341 0.2687 0.3972 
        H694  2 0.3549 0.3732 0.2718 
        H701  2 0.3907 0.3224 0.2869 
        H702  2 0.3510 0.2975 0.3515 
        H731  2 0.3103 0.3001 0.3895 
       H7359  2 0.3644 0.3223 0.3133 
       H7389  2 0.3031 0.3727 0.3242 
       H7390  2 0.2926 0.3000 0.4073 
       H7391  2 0.4053 0.2692 0.3255 
       H7392  2 0.3111 0.3600 0.3289 
       H7393  2 0.3293 0.3128 0.3579 
       H7398  2 0.3860 0.2868 0.3272 
       H7399  2 0.3629 0.3682 0.2689 
       H7400  2 0.2659 0.2978 0.4363 
        H745  2 0.3076 0.4078 0.2846 
        H746  2 0.3534 0.3796 0.2670 
        H747  2 0.3024 0.3238 0.3738 
        H748  2 0.3262 0.3229 0.3510 
       H7484  2 0.2755 0.3111 0.4134 
       H7485  2 0.3350 0.3881 0.2770 
        H749  2 0.3572 0.3797 0.2631 
        H930  2 0.3256 0.3881 0.2863 
        H931  2 0.3629 0.3117 0.3254 
        H932  2 0.3117 0.3269 0.3613 
        H111  3 0.3410 0.3747 0.2843 
        H951  3 0.3464 0.3712 0.2824 
        H952  3 0.2734 0.3770 0.3496 
        H953  3 0.3413 0.3436 0.3151 
        H954  3 0.3162 0.2857 0.3981 
        H955  3 0.3635 0.3493 0.2872 
        H956  3 0.3247 0.3202 0.3551 
       H9563  3 0.3430 0.2757 0.3812 
        H002  4 0.2833 0.3277 0.3889 
        H003  4 0.3747 0.3404 0.2850 
        H009  4 0.3228 0.3874 0.2898 
        H010  4 0.3513 0.3205 0.3282 
        H011  4 0.3023 0.2795 0.4181 
        H012  4 0.4326 0.2888 0.2786 
        H013  4 0.3581 0.2899 0.3520 
        H014  4 0.3193 0.3311 0.3496 
        H045  4 0.3694 0.2960 0.3346 
        H046  4 0.3558 0.3509 0.2933 
        H051  4 0.3509 0.2709 0.3783 
        H052  4 0.2816 0.3833 0.3351 
        H053  4 0.3046 0.3032 0.3922 
        H056  4 0.2827 0.3372 0.3801 
        H076  4 0.3519 0.3615 0.2867 
        H151  4 0.2563 0.2970 0.4467 
        H152  4 0.2464 0.3341 0.4196 
     H171803  4 0.3131 0.3099 0.3770 
     H171804  4 0.3408 0.2935 0.3657 
     H171833  4 0.3219 0.4098 0.2683 
     H171855  4 0.2483 0.3229 0.4288 
     H171856  4 0.3232 0.3519 0.3249 
     H171857  4 0.2555 0.3180 0.4265 
     H171858  4 0.3253 0.3528 0.3218 
     H171859  4 0.3148 0.3442 0.3411 
     H171961  4 0.3196 0.3143 0.3661 
        H198  4 0.3836 0.3405 0.2760 
      H20001  4 0.3047 0.4202 0.2751 
        H403  4 0.2885 0.3814 0.3301 
        H404  4 0.3775 0.3224 0.3001 
        H405  4 0.3862 0.3258 0.2881 
        H406  4 0.2602 0.4399 0.2999 
        H407  4 0.3223 0.3172 0.3605 
        H410  4 0.3493 0.3705 0.2802 
        H411  4 0.2940 0.4003 0.3057 
        H468  4 0.2953 0.3893 0.3155 
        H476  4 0.3258 0.3347 0.3395 
        H477  4 0.2921 0.4180 0.2899 
        H478  4 0.4116 0.3328 0.2556 
        H479  4 0.3493 0.3232 0.3274 
        H480  4 0.3371 0.3933 0.2696 
        H498  4 0.3442 0.3304 0.3254 
        H499  4 0.3310 0.3303 0.3387 
        H500  4 0.3297 0.2788 0.3915 
        H515  4 0.3112 0.2995 0.3893 
        H516  4 0.3056 0.3558 0.3387 
        H517  4 0.3334 0.3411 0.3255 
        H518  4 0.2931 0.3659 0.3411 
        H520  4 0.3060 0.3207 0.3733 
        H521  4 0.3689 0.3219 0.3092 
        H522  4 0.3250 0.3397 0.3353 
        H523  4 0.3121 0.3323 0.3557 
        H536  4 0.3623 0.3180 0.3196 
        H645  4 0.3705 0.2808 0.3487 
        H646  4 0.3437 0.3801 0.2761 
        H647  4 0.3250 0.3600 0.3150 
        H657  4 0.3754 0.3634 0.2611 
        H658  4 0.3382 0.3052 0.3566 
        H659  4 0.2605 0.2873 0.4523 
        H660  4 0.3406 0.3153 0.3442 
        H661  4 0.2806 0.3512 0.3683 
        H668  4 0.4144 0.3022 0.2834 
        H669  4 0.3586 0.2987 0.3427 
        H670  4 0.3709 0.2709 0.3582 
        H678  4 0.3134 0.3340 0.3526 
        H679  4 0.3930 0.3392 0.2678 
        H680  4 0.2991 0.3616 0.3393 
        H681  4 0.3643 0.3034 0.3323 
        H682  4 0.3970 0.2940 0.3090 
        H683  4 0.2611 0.3783 0.3606 
        H718  4 0.3013 0.3094 0.3893 
        H719  4 0.3823 0.2842 0.3336 
        H720  4 0.3042 0.3813 0.3146 
        H721  4 0.2896 0.3786 0.3318 
        H722  4 0.2653 0.3767 0.3580 
        H723  4 0.3410 0.2726 0.3864 
        H724  4 0.2621 0.2810 0.4568 
        H725  4 0.2770 0.3057 0.4173 
        H726  4 0.3104 0.3010 0.3887 
        H727  4 0.3230 0.2782 0.3988 
        H910  4 0.3286 0.2857 0.3858 
        H911  4 0.3308 0.3612 0.3079 
        H912  4 0.3083 0.3395 0.3522 
        H913  4 0.2985 0.3161 0.3853 
        H914  4 0.3296 0.2664 0.4040 
        H915  4 0.3231 0.3274 0.3495 
        H916  4 0.2793 0.3770 0.3437 
       H9572  4 0.3269 0.3454 0.3277 
        H015  5 0.3406 0.3666 0.2928 
        H016  5 0.3325 0.3869 0.2806 
        H017  5 0.2634 0.3893 0.3473 
        H019  5 0.3527 0.3518 0.2954 
        H020  5 0.2944 0.3484 0.3571 
        H032  5 0.3235 0.3357 0.3408 
        H033  5 0.4047 0.3033 0.2920 
        H034  5 0.3360 0.2710 0.3930 
        H035  5 0.3219 0.3433 0.3348 
        H036  5 0.3222 0.3464 0.3314 
        H037  5 0.2970 0.2952 0.4078 
        H048  5 0.3299 0.2828 0.3873 
        H049  5 0.3100 0.3675 0.3225 
        H054  5 0.3273 0.3008 0.3719 
        H055  5 0.2952 0.3221 0.3827 
        H057  5 0.3057 0.3789 0.3154 
        H060  5 0.2865 0.3432 0.3703 
        H061  5 0.3734 0.3356 0.2910 
        H064  5 0.3165 0.3301 0.3534 
        H070  5 0.3511 0.2755 0.3734 
        H077  5 0.3033 0.3094 0.3872 
        H078  5 0.2725 0.3429 0.3846 
        H079  5 0.4011 0.3275 0.2714 
        H097  5 0.2790 0.3821 0.3389 
        H107  5 0.2971 0.2540 0.4489 
        H122  5 0.3102 0.3784 0.3113 
        H123  5 0.3430 0.3647 0.2923 
        H124  5 0.3793 0.3362 0.2845 
        H131  5 0.3529 0.3478 0.2993 
        H132  5 0.3419 0.3066 0.3515 
        H141  5 0.3257 0.3245 0.3498 
        H142  5 0.3692 0.3560 0.2748 
        H157  5 0.3139 0.2887 0.3973 
        H158  5 0.2752 0.4154 0.3094 
        H159  5 0.3737 0.3734 0.2529 
        H160  5 0.3300 0.3673 0.3027 
        H163  5 0.3362 0.3438 0.3200 
        H164  5 0.3943 0.3245 0.2812 
        H165  5 0.4189 0.3298 0.2513 
        H166  5 0.3298 0.3534 0.3168 
        H169  5 0.3501 0.3122 0.3377 
     H169613  5 0.3076 0.3460 0.3464 
     H169653  5 0.3471 0.3289 0.3240 
     H169728  5 0.3379 0.3499 0.3121 
     H169742  5 0.3560 0.3095 0.3344 
        H170  5 0.2920 0.4084 0.2996 
        H171  5 0.3049 0.3867 0.3084 
     H171851  5 0.3331 0.3477 0.3193 
     H171852  5 0.2831 0.3367 0.3802 
     H171853  5 0.3469 0.2916 0.3616 
     H171854  5 0.3191 0.3415 0.3394 
     H171938  5 0.3935 0.2702 0.3363 
     H171939  5 0.3029 0.3979 0.2992 
     H171941  5 0.3026 0.2816 0.4158 
     H171965  5 0.3491 0.3494 0.3015 
     H171970  5 0.2865 0.2761 0.4374 
     H171973  5 0.4050 0.3047 0.2904 
     H171974  5 0.3701 0.2849 0.3450 
     H171975  5 0.3134 0.2968 0.3898 
     H171976  5 0.2793 0.4063 0.3144 
        H175  5 0.3320 0.2855 0.3825 
        H178  5 0.3439 0.3147 0.3414 
        H189  5 0.3557 0.3848 0.2595 
        H399  5 0.2893 0.4078 0.3029 
        H416  5 0.3225 0.3165 0.3609 
        H438  5 0.3736 0.2800 0.3464 
        H450  5 0.2862 0.3088 0.4050 
        H455  5 0.3002 0.2731 0.4267 
        H456  5 0.3594 0.3049 0.3357 
        H457  5 0.2981 0.3440 0.3578 
        H458  5 0.3107 0.3039 0.3854 
        H459  5 0.3853 0.3385 0.2761 
        H460  5 0.3371 0.3395 0.3234 
        H461  5 0.2857 0.3774 0.3370 
        H462  5 0.3636 0.3298 0.3066 
        H469  5 0.3719 0.3366 0.2914 
        H470  5 0.3448 0.3152 0.3400 
        H471  5 0.3241 0.4105 0.2655 
        H481  5 0.2704 0.2841 0.4455 
        H482  5 0.3204 0.3179 0.3617 
        H501  5 0.3708 0.2978 0.3314 
        H502  5 0.3473 0.3710 0.2816 
        H503  5 0.3193 0.3728 0.3079 
        H509  5 0.3181 0.2868 0.3951 
        H510  5 0.3495 0.3384 0.3122 
        H511  5 0.3335 0.3715 0.2950 
        H530  5 0.3627 0.2828 0.3545 
        H531  5 0.2947 0.3482 0.3571 
        H564  5 0.3249 0.3311 0.3439 
        H565  5 0.2586 0.3128 0.4286 
        H567  5 0.3512 0.3819 0.2668 
     H568???  5 0.3180 0.3887 0.2933 
        H608  5 0.2869 0.2954 0.4178 
        H609  5 0.3781 0.2944 0.3275 
        H612  5 0.3190 0.2644 0.4166 
        H614  5 0.2564 0.3055 0.4381 
        H615  5 0.2711 0.3329 0.3960 
        H616  5 0.2710 0.2463 0.4826 
        H617  5 0.4052 0.3308 0.2641 
        H618  5 0.2965 0.2790 0.4244 
        H619  5 0.3802 0.3313 0.2885 
        H635  5 0.3459 0.3102 0.3439 
        H636  5 0.4035 0.2924 0.3041 
        H637  5 0.3343 0.3255 0.3402 
        H644  5 0.3418 0.4311 0.2271 
        H711  5 0.2989 0.3952 0.3059 
        H712  5 0.3250 0.2853 0.3896 
       H7360  5 0.3225 0.3667 0.3108 
       H7361  5 0.2932 0.2970 0.4099 
       H7362  5 0.3333 0.4110 0.2556 
       H7363  5 0.2770 0.3387 0.3843 
       H7394  5 0.3510 0.3436 0.3054 
       H7395  5 0.3495 0.3155 0.3350 
       H7396  5 0.3354 0.3196 0.3449 
        H742  5 0.3575 0.3038 0.3387 
        H743  5 0.2899 0.3678 0.3424 
        H744  5 0.2727 0.2790 0.4482 
        H957  5 0.3257 0.3610 0.3133 
        H958  5 0.3631 0.3489 0.2880 
        H959  5 0.3356 0.2651 0.3993 
        H960  5 0.3217 0.3246 0.3537 
      H_PALI  6 0.3743 0.3245 0.3011 
        H581  6 0.2942 0.3448 0.3610 
        H582  6 0.2828 0.3309 0.3863 
        H583  6 0.3236 0.3398 0.3366 
        H595  6 0.3463 0.3767 0.2770 
        H596  6 0.3661 0.3729 0.2610 
        H597  6 0.3240 0.3892 0.2868 
        H598  6 0.3613 0.2984 0.3403 
        H599  6 0.3098 0.2979 0.3923 
        H642  6 0.3157 0.4020 0.2823 
        H643  6 0.3402 0.3115 0.3483 
        H664  6 0.2509 0.3623 0.3868 
        H665  6 0.3968 0.2740 0.3292 
        H674  6 0.3008 0.4400 0.2592 
        H675  6 0.2750 0.3475 0.3775 
        H676  6 0.3196 0.3878 0.2926 
        H686  6 0.3321 0.3556 0.3123 
        H687  6 0.3253 0.3322 0.3424 
        H917  6 0.4199 0.3138 0.2663 
        H918  6 0.4088 0.3202 0.2711 
        H919  6 0.2925 0.2547 0.4528 
        H920  6 0.3298 0.3186 0.3515 
        H631  7 0.3199 0.3106 0.3695 
        H684  7 0.3296 0.3868 0.2836 
        H685  7 0.2455 0.3201 0.4343 
        H713  7 0.3157 0.3093 0.3749 
        H715  7 0.3041 0.3741 0.3217 
        H716  7 0.3361 0.3091 0.3548 
        H717  7 0.3338 0.3304 0.3357 
        H729  7 0.4193 0.3103 0.2703 
        H730  7 0.3533 0.2883 0.3584 
        H431  8 0.2956 0.2924 0.4119 
        H432  8 0.3396 0.3873 0.2732 
        H433  8 0.3996 0.3011 0.2993 
        H434  8 0.3380 0.3492 0.3129 
        H444  8 0.4044 0.2999 0.2957 
        H454  8 0.3320 0.2705 0.3975 
        H475  8 0.2966 0.2954 0.4081 
        H491  8 0.3235 0.3169 0.3596 
        H492  8 0.3185 0.2963 0.3852 
        H493  8 0.3182 0.3478 0.3341 
        H494  8 0.3260 0.3212 0.3528 
        H495  8 0.2295 0.3697 0.4008 
        H662  8 0.3107 0.3823 0.3070 
        H663  8 0.3392 0.3175 0.3433 
        H695  8 0.3529 0.2954 0.3517 
       H7367  8 0.3766 0.3351 0.2883 
       H7368  8 0.3398 0.3495 0.3107 
       H7369  8 0.3578 0.2978 0.3444 
       H7370  8 0.3863 0.3552 0.2584 
       H7371  8 0.3682 0.3056 0.3261 
        H600  9 0.3245 0.3082 0.3673 
        H648  9 0.3045 0.3568 0.3387 
        H696  9 0.3052 0.4509 0.2439 
        H697  9 0.3183 0.3274 0.3543 
        H698  9 0.3242 0.3698 0.3060 
        H699  9 0.3329 0.3386 0.3285 
        H700  9 0.3537 0.2950 0.3513 
        H732  9 0.2741 0.3200 0.4059 
        H733  9 0.3763 0.3410 0.2827 
        H734  9 0.3509 0.3883 0.2608 
        H735  9 0.3083 0.3707 0.3211 
        H736  9 0.3374 0.3408 0.3219 
        H737  9 0.2788 0.3349 0.3863 
        H905  9 0.3276 0.2755 0.3970 
        H921  9 0.3619 0.2763 0.3618 
        H922  9 0.4032 0.3393 0.2574 
     H169705 10 0.3338 0.3377 0.3284 
     H171942 10 0.3579 0.3737 0.2683 
     H171943 10 0.2946 0.3793 0.3261 
     H171944 10 0.3611 0.3020 0.3368 
     H171946 10 0.2530 0.3601 0.3869 
     H171947 10 0.3686 0.3411 0.2904 
     H229641 10 0.3510 0.3316 0.3174 
      H30001 10 0.3676 0.2830 0.3494 
      H30002 10 0.3457 0.3213 0.3330 
      H30005 10 0.3277 0.3261 0.3462 
      H30006 10 0.3084 0.3850 0.3065 
      H30007 10 0.2688 0.4722 0.2590 
        H451 10 0.4083 0.3279 0.2639 
        H452 10 0.2878 0.3848 0.3274 
        H453 10 0.2567 0.3101 0.4332 
        H473 10 0.3263 0.3362 0.3376 
        H474 10 0.2528 0.3328 0.4144 
        H486 10 0.3240 0.3139 0.3621 
        H487 10 0.3079 0.3178 0.3743 
        H488 10 0.3936 0.2761 0.3303 
        H489 10 0.3105 0.2749 0.4146 
        H550 10 0.3263 0.3836 0.2902 
        H551 10 0.3649 0.2874 0.3477 
        H553 10 0.2803 0.3311 0.3887 
        H554 10 0.3787 0.3507 0.2706 
        H556 10 0.3031 0.3559 0.3409 
        H580 10 0.3477 0.3314 0.3209 
        H591 10 0.2938 0.2786 0.4276 
        H592 10 0.3291 0.2959 0.3750 
        H593 10 0.3790 0.3383 0.2827 
        H594 10 0.3602 0.3838 0.2559 
        H627 10 0.3184 0.3604 0.3212 
        H628 10 0.4352 0.3192 0.2456 
        H629 10 0.2890 0.3728 0.3382 
        H630 10 0.3070 0.3629 0.3302 
        H638 10 0.3460 0.3343 0.3198 
        H639 10 0.2808 0.3306 0.3886 
        H640 10 0.3594 0.3705 0.2701 
        H704 10 0.3151 0.3923 0.2926 
        H705 10 0.3396 0.3291 0.3313 
        H706 10 0.3321 0.2628 0.4050 
        H708 10 0.2717 0.3010 0.4274 
       H7351 10 0.3447 0.3461 0.3092 
       H7352 10 0.3199 0.3197 0.3604 
       H7353 10 0.2982 0.4015 0.3004 
       H7354 10 0.3250 0.3119 0.3631 
       H7365 10 0.3073 0.2914 0.4014 
       H7383 10 0.3623 0.2684 0.3693 
       H7384 10 0.3184 0.3019 0.3798 
       H7385 10 0.3040 0.2862 0.4098 
       H7386 10 0.3751 0.3110 0.3139 
       H7387 10 0.3514 0.3084 0.3402 
       H7388 10 0.3106 0.3389 0.3505 
        H906 10 0.3093 0.3274 0.3633 
        H907 10 0.3477 0.3646 0.2877 
        H908 10 0.3540 0.3085 0.3374 
        H909 10 0.3672 0.2998 0.3330 
       H9552 10 0.3136 0.3405 0.3459 
       H9553 10 0.2982 0.3313 0.3705 
       H9555 10 0.3984 0.3138 0.2879 
       H9575 10 0.2841 0.3196 0.3963 
       H9703 10 0.2523 0.2931 0.4546 
       H9707 10 0.3138 0.3072 0.3790 
       HSAA4 10 0.3491 0.3313 0.3196 
        H001 11 0.3122 0.3005 0.3872 
        H004 11 0.3411 0.3339 0.3250 
        H005 11 0.3107 0.2609 0.4284 
        H006 11 0.3693 0.3044 0.3264 
        H007 11 0.3491 0.2659 0.3850 
        H031 11 0.2963 0.2529 0.4508 
        H074 11 0.2919 0.3162 0.3920 
        H075 11 0.3249 0.2755 0.3996 
        H080 11 0.2896 0.2834 0.4270 
        H086 11 0.2944 0.3407 0.3649 
        H092 11 0.3015 0.3071 0.3915 
        H093 11 0.3636 0.3803 0.2561 
        H094 11 0.3361 0.3519 0.3120 
        H095 11 0.3037 0.3093 0.3870 
        H096 11 0.3827 0.2799 0.3374 
        H099 11 0.3095 0.3058 0.3847 
        H100 11 0.3418 0.3726 0.2856 
        H127 11 0.3210 0.3164 0.3626 
        H136 11 0.2724 0.2948 0.4328 
        H153 11 0.3594 0.3420 0.2987 
        H154 11 0.2857 0.3059 0.4084 
        H155 11 0.4122 0.3101 0.2776 
        H156 11 0.4205 0.3362 0.2433 
        H161 11 0.3347 0.3669 0.2985 
        H162 11 0.3596 0.3700 0.2704 
        H167 11 0.3586 0.3194 0.3220 
        H168 11 0.3354 0.3148 0.3498 
     H169586 11 0.2540 0.3926 0.3534 
     H169738 11 0.3821 0.3267 0.2912 
     H169741 11 0.2996 0.3023 0.3980 
     H171801 11 0.3677 0.3627 0.2696 
     H171810 11 0.2889 0.3218 0.3894 
     H171811 11 0.2498 0.3452 0.4050 
     H171812 11 0.3462 0.2919 0.3620 
     H171820 11 0.2876 0.3155 0.3969 
     H171821 11 0.3397 0.3330 0.3273 
     H171822 11 0.3370 0.3189 0.3441 
     H171823 11 0.2646 0.3615 0.3739 
     H171866 11 0.3256 0.3823 0.2920 
     H171867 11 0.4301 0.2845 0.2854 
     H171967 11 0.3510 0.2714 0.3777 
     H171969 11 0.3594 0.3254 0.3152 
        H172 11 0.3608 0.3135 0.3257 
        H173 11 0.3983 0.2730 0.3286 
        H174 11 0.3346 0.3961 0.2694 
        H196 11 0.3372 0.3413 0.3215 
        H197 11 0.3881 0.3092 0.3027 
        H346 11 0.3557 0.2889 0.3554 
        H355 11 0.3348 0.3233 0.3419 
        H356 11 0.3011 0.3398 0.3591 
        H357 11 0.3498 0.2910 0.3592 
        H358 11 0.3523 0.2850 0.3627 
        H359 11 0.3398 0.3404 0.3199 
        H360 11 0.3620 0.2930 0.3451 
        H361 11 0.3216 0.3298 0.3486 
        H362 11 0.3854 0.3569 0.2577 
        H363 11 0.3220 0.2730 0.4050 
        H364 11 0.3078 0.3514 0.3408 
        H365 11 0.3609 0.3437 0.2954 
        H366 11 0.3860 0.3311 0.2829 
        H367 11 0.2716 0.3136 0.4148 
        H368 11 0.3296 0.4004 0.2700 
        H369 11 0.3043 0.2605 0.4352 
        H370 11 0.3896 0.3405 0.2699 
        H371 11 0.3215 0.3281 0.3504 
        H372 11 0.3189 0.3267 0.3544 
        H373 11 0.3132 0.3146 0.3722 
        H374 11 0.3262 0.2931 0.3807 
        H375 11 0.3706 0.2889 0.3405 
        H376 11 0.3452 0.3453 0.3095 
        H377 11 0.3552 0.2984 0.3464 
        H378 11 0.2991 0.3142 0.3867 
        H379 11 0.3334 0.3478 0.3188 
        H380 11 0.4244 0.3009 0.2747 
        H381 11 0.3045 0.3397 0.3558 
        H382 11 0.4008 0.3646 0.2346 
        H383 11 0.3602 0.3526 0.2872 
        H384 11 0.2822 0.3186 0.3992 
        H385 11 0.3177 0.3050 0.3773 
        H386 11 0.4004 0.2806 0.3189 
        H387 11 0.2590 0.3979 0.3431 
        H388 11 0.3494 0.3686 0.2820 
        H389 11 0.3814 0.2833 0.3353 
        H390 11 0.3733 0.3411 0.2856 
        H391 11 0.2778 0.4057 0.3165 
        H392 11 0.3192 0.2888 0.3919 
        H393 11 0.3461 0.3988 0.2551 
        H394 11 0.3086 0.4283 0.2631 
        H395 11 0.3071 0.2914 0.4016 
        H408 11 0.3585 0.2940 0.3476 
        H412 11 0.2343 0.3740 0.3917 
        H417 11 0.3259 0.3075 0.3666 
        H418 11 0.2635 0.3758 0.3608 
        H429 11 0.3711 0.3154 0.3136 
        H430 11 0.3821 0.3275 0.2904 
        H439 11 0.3281 0.2973 0.3746 
        H440 11 0.2869 0.3011 0.4120 
        H441 11 0.3736 0.3347 0.2916 
        H442 11 0.3625 0.3409 0.2966 
        H446 11 0.3292 0.3349 0.3360 
        H447 11 0.3999 0.3147 0.2854 
        H448 11 0.3990 0.3036 0.2974 
        H534 11 0.2485 0.2895 0.4620 
        H537 11 0.2943 0.3053 0.4004 
        H568 11 0.2863 0.2856 0.4281 
        H569 11 0.4050 0.3379 0.2571 
        H586 11 0.2480 0.4084 0.3436 
        H587 11 0.2811 0.2737 0.4452 
        H588 11 0.3084 0.4003 0.2913 
        H589 11 0.2902 0.2941 0.4157 
        H590 11 0.2997 0.3185 0.3818 
        H601 11 0.3931 0.3488 0.2581 
        H602 11 0.3121 0.3078 0.3801 
        H603 11 0.4108 0.3019 0.2874 
        H610 11 0.3337 0.3134 0.3529 
        H611 11 0.3140 0.3184 0.3675 
        H649 11 0.3300 0.3274 0.3425 
        H650 11 0.3208 0.3793 0.2999 
        H651 11 0.3744 0.2849 0.3407 
        H652 11 0.2963 0.3373 0.3664 
       H7364 11 0.3523 0.3332 0.3145 
       H7366 11 0.3659 0.2963 0.3378 
       H7378 11 0.2913 0.4854 0.2233 
       H7379 11 0.3233 0.3207 0.3561 
        H739 11 0.2997 0.3072 0.3931 
        H740 11 0.3443 0.3633 0.2924 
        H741 11 0.3042 0.2965 0.3993 
        H926 11 0.3326 0.3584 0.3090 
        H927 11 0.3696 0.3330 0.2974 
        H928 11 0.3348 0.3407 0.3245 
       H9560 11 0.3210 0.3546 0.3244 
        H409 12 0.4281 0.3033 0.2685 
        H413 12 0.3183 0.4341 0.2476 
        H419 12 0.3768 0.3007 0.3225 
        H420 12 0.3140 0.3114 0.3746 
        H421 12 0.3844 0.3660 0.2496 
        H435 12 0.3505 0.3580 0.2915 
        H436 12 0.4049 0.2915 0.3036 
        H437 12 0.2916 0.3163 0.3920 
        H445 12 0.4031 0.3098 0.2872 
        H449 12 0.3110 0.3693 0.3197 
        H463 12 0.3122 0.3278 0.3600 
        H464 12 0.3523 0.3850 0.2628 
        H465 12 0.2602 0.4231 0.3167 
        H490 12 0.3652 0.3625 0.2723 
        H561 12 0.3270 0.3355 0.3374 
        H562 12 0.3919 0.2727 0.3354 
        H563 12 0.3382 0.2818 0.3800 
        H570 12 0.3572 0.2738 0.3690 
        H571 12 0.2991 0.3935 0.3074 
        H572 12 0.3352 0.3278 0.3370 
        H573 12 0.4065 0.3212 0.2723 
       H7372 12 0.4177 0.3365 0.2458 
       H7373 12 0.2855 0.4267 0.2877 
       H7374 12 0.3392 0.2984 0.3624 
       H7375 12 0.3415 0.3054 0.3530 
       H7376 12 0.4365 0.2903 0.2732 
       H7377 12 0.3151 0.3052 0.3797 
