        H102  1 0.3565 0.2774 0.3661 
        H103  1 0.2295 0.4139 0.3565 
        H104  1 0.4201 0.2519 0.3280 
        H105  1 0.3080 0.2811 0.4110 
        H106  1 0.3364 0.3552 0.3085 
        H112  1 0.4135 0.2591 0.3274 
        H113  1 0.3319 0.2804 0.3877 
        H114  1 0.2762 0.2986 0.4252 
        H115  1 0.3839 0.2398 0.3763 
        H143  1 0.3132 0.2883 0.3985 
        H144  1 0.2411 0.3692 0.3897 
        H145  1 0.2360 0.4313 0.3328 
        H149  1 0.4077 0.2786 0.3137 
        H150  1 0.3508 0.3266 0.3226 
     H167542  1 0.2869 0.2783 0.4348 
     H169604  1 0.3015 0.2838 0.4147 
     H169607  1 0.2567 0.3500 0.3933 
     H169608  1 0.4371 0.2848 0.2782 
     H169633  1 0.2417 0.3357 0.4226 
     H169688  1 0.2736 0.4189 0.3074 
     H169714  1 0.3846 0.3076 0.3077 
     H171802  1 0.4161 0.3035 0.2804 
     H171805  1 0.2686 0.3603 0.3711 
     H171807  1 0.3932 0.3022 0.3046 
     H171814  1 0.2451 0.4293 0.3256 
     H171816  1 0.4029 0.2943 0.3029 
     H171817  1 0.3641 0.2793 0.3567 
     H171818  1 0.3139 0.3255 0.3605 
     H171819  1 0.3523 0.3150 0.3327 
     H171834  1 0.3451 0.3013 0.3536 
     H171835  1 0.4574 0.2832 0.2593 
     H171836  1 0.2057 0.3844 0.4099 
     H171837  1 0.3709 0.2876 0.3415 
     H171838  1 0.2860 0.4067 0.3073 
     H171839  1 0.3508 0.2875 0.3617 
     H171841  1 0.4738 0.2930 0.2332 
     H171860  1 0.3272 0.2941 0.3787 
     H171861  1 0.2059 0.3338 0.4603 
     H171862  1 0.3335 0.3119 0.3546 
     H171868  1 0.2966 0.2669 0.4365 
     H171869  1 0.2960 0.4150 0.2890 
     H171870  1 0.3146 0.3704 0.3150 
     H171871  1 0.2781 0.3911 0.3309 
     H171872  1 0.3560 0.2659 0.3780 
     H171873  1 0.3404 0.3733 0.2863 
     H171874  1 0.2819 0.3551 0.3630 
     H171875  1 0.2299 0.3461 0.4239 
     H171876  1 0.2854 0.3274 0.3872 
     H171877  1 0.3051 0.2785 0.4164 
     H171878  1 0.3776 0.3729 0.2494 
     H171901  1 0.3778 0.3116 0.3106 
     H171902  1 0.3261 0.3671 0.3067 
     H171903  1 0.3241 0.3051 0.3708 
     H171935  1 0.3902 0.3626 0.2473 
     H171936  1 0.2701 0.3245 0.4054 
     H171940  1 0.3840 0.2894 0.3266 
     H171945  1 0.3215 0.3567 0.3219 
     H171948  1 0.3940 0.2701 0.3359 
     H171949  1 0.4520 0.2767 0.2714 
     H171950  1 0.4427 0.2823 0.2750 
     H171963  1 0.2596 0.4332 0.3072 
     H171964  1 0.2926 0.4278 0.2796 
     H171966  1 0.3377 0.3517 0.3105 
     H171968  1 0.3475 0.3270 0.3254 
     H171971  1 0.3421 0.3780 0.2799 
     H171972  1 0.2735 0.3852 0.3414 
     H171977  1 0.2678 0.4352 0.2970 
     H171978  1 0.3778 0.3157 0.3066 
     H171979  1 0.2287 0.3809 0.3904 
        H176  1 0.3077 0.3223 0.3700 
        H177  1 0.4273 0.2655 0.3072 
        H179  1 0.3973 0.2410 0.3617 
        H181  1 0.2820 0.3846 0.3334 
        H182  1 0.2413 0.3827 0.3760 
        H183  1 0.2816 0.4197 0.2987 
        H184  1 0.3666 0.2801 0.3534 
        H185  1 0.2710 0.3793 0.3497 
        H186  1 0.3708 0.3263 0.3029 
        H187  1 0.3085 0.3511 0.3404 
        H188  1 0.3840 0.2606 0.3554 
        H192  1 0.4103 0.2885 0.3012 
        H193  1 0.2408 0.4006 0.3587 
        H194  1 0.3438 0.3041 0.3521 
        H195  1 0.2552 0.4515 0.2933 
        H199  1 0.2835 0.4124 0.3041 
        H200  1 0.3714 0.2968 0.3319 
        H414  1 0.2883 0.3587 0.3530 
        H415  1 0.2877 0.3196 0.3927 
        H422  1 0.3468 0.3425 0.3106 
        H423  1 0.4959 0.2515 0.2527 
        H424  1 0.2457 0.3884 0.3659 
        H425  1 0.2684 0.4112 0.3204 
        H426  1 0.2895 0.4496 0.2609 
        H443  1 0.2679 0.3780 0.3541 
        H466  1 0.3442 0.3155 0.3403 
        H467  1 0.4394 0.3057 0.2550 
        H472  1 0.3249 0.3332 0.3420 
        H483  1 0.2691 0.3327 0.3983 
        H504  1 0.2579 0.4323 0.3097 
        H505  1 0.3824 0.2960 0.3215 
        H506  1 0.3280 0.3588 0.3133 
        H507  1 0.2079 0.3838 0.4083 
        H508  1 0.3361 0.3763 0.2876 
        H524  1 0.2424 0.3612 0.3964 
        H525  1 0.2973 0.3563 0.3464 
        H526  1 0.2867 0.2965 0.4168 
        H527  1 0.3807 0.3001 0.3192 
        H528  1 0.2555 0.3559 0.3886 
        H529  1 0.2311 0.3762 0.3927 
        H533  1 0.2160 0.3708 0.4133 
        H538  1 0.3504 0.2816 0.3680 
        H539  1 0.2734 0.4104 0.3161 
        H540  1 0.3322 0.3115 0.3563 
        H541  1 0.3030 0.2923 0.4047 
        H558  1 0.2883 0.4272 0.2846 
        H559  1 0.3219 0.3045 0.3736 
        H579  1 0.2789 0.3747 0.3464 
        H584  1 0.2900 0.3980 0.3120 
        H585  1 0.2975 0.3586 0.3439 
        H605  1 0.3319 0.3215 0.3466 
        H606  1 0.4177 0.2623 0.3200 
        H632  1 0.2762 0.4155 0.3083 
        H634  1 0.2949 0.3499 0.3552 
        H671  1 0.4286 0.2857 0.2857 
        H672  1 0.2976 0.3422 0.3602 
        H673  1 0.2958 0.3431 0.3611 
        H689  1 0.2760 0.3489 0.3751 
        H690  1 0.3838 0.2659 0.3503 
        H691  1 0.3105 0.2762 0.4132 
        H692  1 0.1954 0.3799 0.4248 
        H709  1 0.3026 0.3481 0.3493 
        H710  1 0.2373 0.3824 0.3803 
       H7355  1 0.2595 0.3127 0.4277 
       H7356  1 0.3129 0.3559 0.3312 
       H7357  1 0.3287 0.2836 0.3876 
       H7358  1 0.2599 0.3523 0.3877 
       H7380  1 0.2945 0.3197 0.3858 
       H7381  1 0.4014 0.3217 0.2770 
       H7382  1 0.2904 0.3361 0.3735 
        H904  1 0.5023 0.2145 0.2833 
        H923  1 0.3296 0.3422 0.3282 
        H924  1 0.3726 0.3052 0.3223 
        H925  1 0.2785 0.3236 0.3979 
       H9558  1 0.2799 0.4422 0.2778 
        H008  2 0.2427 0.3204 0.4368 
        H021  2 0.3983 0.2960 0.3057 
        H023  2 0.3843 0.2847 0.3310 
        H024  2 0.2454 0.4408 0.3138 
        H025  2 0.4051 0.3170 0.2779 
        H026  2 0.2595 0.4251 0.3154 
        H027  2 0.2935 0.3156 0.3910 
        H028  2 0.2814 0.3623 0.3562 
        H029  2 0.2640 0.3810 0.3551 
        H030  2 0.2558 0.4287 0.3156 
        H038  2 0.3703 0.3473 0.2824 
        H039  2 0.5826 0.2134 0.2040 
        H040  2 0.3531 0.3474 0.2995 
        H041  2 0.3134 0.2806 0.4060 
        H042  2 0.3508 0.3077 0.3415 
        H043  2 0.4256 0.3359 0.2385 
        H044  2 0.2632 0.4021 0.3348 
        H047  2 0.4121 0.3357 0.2522 
        H050  2 0.2722 0.3923 0.3355 
        H058  2 0.3617 0.3514 0.2869 
        H062  2 0.3807 0.3006 0.3187 
        H063  2 0.4259 0.2790 0.2952 
        H065  2 0.3404 0.3624 0.2973 
        H066  2 0.3166 0.3962 0.2872 
        H067  2 0.2884 0.3013 0.4103 
        H068  2 0.4310 0.3092 0.2598 
        H069  2 0.3037 0.3944 0.3019 
        H071  2 0.3998 0.2864 0.3138 
        H072  2 0.4574 0.2566 0.2861 
        H073  2 0.2925 0.3535 0.3539 
        H081  2 0.3427 0.2451 0.4122 
        H082  2 0.2310 0.4177 0.3513 
        H083  2 0.2687 0.4115 0.3198 
        H084  2 0.3456 0.3481 0.3063 
        H085  2 0.3150 0.2693 0.4157 
        H087  2 0.3208 0.2614 0.4178 
        H088  2 0.3981 0.2614 0.3406 
        H089  2 0.2662 0.3132 0.4206 
        H090  2 0.2734 0.3925 0.3341 
        H091  2 0.2474 0.3497 0.4029 
        H098  2 0.2853 0.3535 0.3613 
      H10001  2 0.5643 0.2243 0.2113 
      H10002  2 0.3766 0.2473 0.3761 
        H101  2 0.2811 0.4041 0.3148 
        H108  2 0.4042 0.2387 0.3571 
        H109  2 0.3637 0.3386 0.2976 
        H110  2 0.2696 0.2783 0.4521 
        H116  2 0.2798 0.3835 0.3367 
        H117  2 0.2779 0.3033 0.4188 
        H118  2 0.2305 0.4033 0.3662 
        H119  2 0.3868 0.2760 0.3373 
        H120  2 0.4845 0.2209 0.2947 
        H121  2 0.2742 0.3571 0.3687 
        H125  2 0.5572 0.2234 0.2194 
        H126  2 0.3146 0.3870 0.2984 
        H128  2 0.1777 0.4956 0.3267 
        H129  2 0.2465 0.4381 0.3154 
        H130  2 0.4243 0.3400 0.2357 
        H133  2 0.4712 0.2733 0.2556 
        H134  2 0.2439 0.4901 0.2660 
        H135  2 0.3342 0.2771 0.3888 
        H137  2 0.3139 0.3469 0.3392 
        H138  2 0.2733 0.4151 0.3116 
        H140  2 0.3262 0.3243 0.3495 
        H146  2 0.2739 0.3745 0.3516 
        H147  2 0.2880 0.3006 0.4114 
        H148  2 0.2925 0.2766 0.4309 
     H166022  2 0.2517 0.3385 0.4099 
     H167359  2 0.3103 0.3342 0.3555 
     H167397  2 0.1856 0.4101 0.4043 
     H167428  2 0.2101 0.3599 0.4300 
     H167496  2 0.4520 0.2373 0.3107 
     H167513  2 0.3133 0.4058 0.2809 
     H167545  2 0.2494 0.4376 0.3130 
     H167547  2 0.2285 0.5016 0.2699 
     H169621  2 0.2801 0.3708 0.3491 
     H169622  2 0.2551 0.3523 0.3926 
     H169750  2 0.3796 0.3544 0.2659 
     H171806  2 0.3649 0.3507 0.2844 
     H171808  2 0.3029 0.3430 0.3541 
     H171809  2 0.3392 0.2749 0.3859 
     H171813  2 0.3283 0.3969 0.2748 
     H171815  2 0.4567 0.3038 0.2395 
     H171824  2 0.4165 0.2285 0.3550 
     H171825  2 0.2928 0.3323 0.3750 
     H171826  2 0.3740 0.2778 0.3483 
     H171827  2 0.3286 0.3141 0.3573 
     H171828  2 0.5169 0.2137 0.2694 
     H171829  2 0.3431 0.3943 0.2626 
     H171830  2 0.3299 0.3341 0.3360 
     H171831  2 0.2360 0.4263 0.3377 
     H171832  2 0.3051 0.3597 0.3352 
     H171863  2 0.2199 0.4746 0.3055 
     H171864  2 0.3048 0.3191 0.3761 
     H171865  2 0.4357 0.3072 0.2570 
     H171879  2 0.2943 0.3664 0.3394 
     H171880  2 0.2873 0.3429 0.3698 
     H171881  2 0.2897 0.3237 0.3866 
     H171882  2 0.4894 0.2455 0.2651 
     H171929  2 0.2990 0.3179 0.3831 
     H171930  2 0.2426 0.4429 0.3145 
     H171933  2 0.2968 0.3426 0.3606 
     H171934  2 0.3016 0.3034 0.3950 
     H171937  2 0.2817 0.4044 0.3139 
     H171962  2 0.2961 0.3318 0.3722 
        H190  2 0.2600 0.3602 0.3798 
        H191  2 0.3212 0.3640 0.3149 
        H396  2 0.3314 0.3184 0.3502 
        H397  2 0.2917 0.3490 0.3593 
        H398  2 0.3515 0.3539 0.2946 
        H400  2 0.3150 0.3087 0.3764 
        H401  2 0.2147 0.4732 0.3120 
        H402  2 0.2365 0.3361 0.4275 
        H427  2 0.3100 0.3032 0.3868 
        H428  2 0.2103 0.3530 0.4367 
        H497  2 0.3598 0.3586 0.2817 
        H512  2 0.3057 0.3412 0.3531 
        H513  2 0.3132 0.4063 0.2805 
        H514  2 0.3150 0.3807 0.3043 
        H519  2 0.3250 0.3831 0.2918 
        H532  2 0.2596 0.3304 0.4100 
        H543  2 0.2488 0.3180 0.4332 
        H544  2 0.3175 0.4023 0.2802 
        H545  2 0.2428 0.4551 0.3021 
        H546  2 0.3835 0.3415 0.2750 
        H547  2 0.2268 0.5000 0.2732 
        H548  2 0.2744 0.3017 0.4239 
        H549  2 0.2305 0.4768 0.2927 
        H620  2 0.4970 0.2334 0.2696 
        H623  2 0.2755 0.4056 0.3189 
        H624  2 0.3931 0.3817 0.2252 
        H625  2 0.2900 0.3421 0.3679 
        H626  2 0.3085 0.3362 0.3553 
        H654  2 0.5145 0.2668 0.2187 
        H655  2 0.4006 0.2982 0.3013 
        H656  2 0.4789 0.2460 0.2752 
        H666  2 0.4962 0.2776 0.2261 
        H667  2 0.2924 0.3302 0.3774 
        H677  2 0.2846 0.3313 0.3842 
        H693  2 0.4255 0.2393 0.3352 
        H694  2 0.2756 0.3805 0.3440 
        H701  2 0.2709 0.3358 0.3933 
        H702  2 0.3486 0.2992 0.3522 
        H731  2 0.3990 0.2752 0.3258 
       H7359  2 0.3143 0.3269 0.3588 
       H7389  2 0.3094 0.3910 0.2996 
       H7390  2 0.4315 0.2915 0.2770 
       H7391  2 0.2902 0.2495 0.4603 
       H7392  2 0.3453 0.3572 0.2975 
       H7393  2 0.3723 0.3180 0.3097 
       H7398  2 0.3223 0.2775 0.4002 
       H7399  2 0.2535 0.3629 0.3835 
       H7400  2 0.5098 0.2513 0.2389 
        H745  2 0.2677 0.4516 0.2807 
        H746  2 0.2501 0.3854 0.3645 
        H747  2 0.4115 0.3067 0.2818 
        H748  2 0.3297 0.3388 0.3315 
       H7484  2 0.4680 0.2654 0.2666 
       H7485  2 0.2762 0.4091 0.3148 
        H749  2 0.2394 0.3847 0.3759 
        H930  2 0.2498 0.4191 0.3311 
        H931  2 0.3232 0.2984 0.3784 
        H932  2 0.3453 0.3312 0.3234 
        H111  3 0.2689 0.4048 0.3263 
        H951  3 0.2683 0.3967 0.3350 
        H952  3 0.3330 0.3871 0.2799 
        H953  3 0.2694 0.3462 0.3844 
        H954  3 0.4334 0.2766 0.2900 
        H955  3 0.2565 0.3853 0.3582 
        H956  3 0.3444 0.3094 0.3463 
       H9563  3 0.3750 0.2810 0.3440 
        H002  4 0.4263 0.3194 0.2543 
        H003  4 0.2681 0.3377 0.3942 
        H009  4 0.2789 0.4148 0.3062 
        H010  4 0.3102 0.3175 0.3723 
        H011  4 0.4739 0.2457 0.2804 
        H012  4 0.2633 0.2883 0.4484 
        H013  4 0.3652 0.2710 0.3638 
        H014  4 0.3491 0.3302 0.3207 
        H045  4 0.3517 0.2876 0.3607 
        H046  4 0.2659 0.3611 0.3730 
        H051  4 0.4034 0.2574 0.3392 
        H052  4 0.3700 0.3658 0.2641 
        H053  4 0.3876 0.2989 0.3135 
        H056  4 0.4142 0.3267 0.2592 
        H076  4 0.2635 0.3742 0.3623 
        H151  4 0.4876 0.2731 0.2393 
        H152  4 0.4330 0.3158 0.2512 
     H171803  4 0.3801 0.3189 0.3010 
     H171804  4 0.3660 0.2996 0.3344 
     H171833  4 0.2621 0.4248 0.3131 
     H171855  4 0.4656 0.3065 0.2279 
     H171856  4 0.3151 0.3707 0.3141 
     H171857  4 0.4283 0.3221 0.2496 
     H171858  4 0.3247 0.3323 0.3431 
     H171859  4 0.3477 0.3305 0.3218 
     H171961  4 0.3963 0.2931 0.3106 
        H198  4 0.2366 0.3472 0.4162 
      H20001  4 0.2771 0.4552 0.2677 
        H403  4 0.3394 0.3829 0.2776 
        H404  4 0.2778 0.3184 0.4038 
        H405  4 0.2573 0.3354 0.4073 
        H406  4 0.2947 0.4717 0.2336 
        H407  4 0.3616 0.3071 0.3313 
        H410  4 0.2472 0.3828 0.3700 
        H411  4 0.2959 0.4294 0.2747 
        H468  4 0.3131 0.4227 0.2641 
        H476  4 0.3498 0.3434 0.3068 
        H477  4 0.2565 0.4673 0.2762 
        H478  4 0.2504 0.3381 0.4114 
        H479  4 0.3553 0.2881 0.3566 
        H480  4 0.2486 0.4388 0.3126 
        H498  4 0.3303 0.3326 0.3371 
        H499  4 0.3316 0.3420 0.3264 
        H500  4 0.4259 0.2541 0.3200 
        H515  4 0.3929 0.3036 0.3035 
        H516  4 0.3486 0.3484 0.3030 
        H517  4 0.3018 0.3432 0.3549 
        H518  4 0.3714 0.3544 0.2742 
        H520  4 0.3925 0.3222 0.2853 
        H521  4 0.2992 0.3342 0.3666 
        H522  4 0.3498 0.3426 0.3075 
        H523  4 0.3671 0.3202 0.3127 
        H536  4 0.3110 0.3126 0.3765 
        H645  4 0.3425 0.2601 0.3974 
        H646  4 0.2515 0.4095 0.3389 
        H647  4 0.3055 0.3780 0.3165 
        H657  4 0.2425 0.3776 0.3799 
        H658  4 0.3472 0.3025 0.3503 
        H659  4 0.4932 0.2643 0.2426 
        H660  4 0.3670 0.3176 0.3154 
        H661  4 0.4052 0.3311 0.2638 
        H668  4 0.2627 0.2900 0.4473 
        H669  4 0.3382 0.3033 0.3585 
        H670  4 0.3520 0.2396 0.4084 
        H678  4 0.3284 0.3498 0.3218 
        H679  4 0.2389 0.3656 0.3954 
        H680  4 0.3203 0.3850 0.2948 
        H681  4 0.3478 0.2745 0.3777 
        H682  4 0.2816 0.3069 0.4115 
        H683  4 0.3986 0.3702 0.2313 
        H718  4 0.4311 0.2867 0.2821 
        H719  4 0.3583 0.2739 0.3678 
        H720  4 0.3417 0.3727 0.2856 
        H721  4 0.3428 0.3849 0.2723 
        H722  4 0.3779 0.3880 0.2342 
        H723  4 0.4066 0.2646 0.3288 
        H724  4 0.5016 0.2521 0.2463 
        H725  4 0.4711 0.2840 0.2449 
        H726  4 0.4214 0.2824 0.2962 
        H727  4 0.4122 0.2541 0.3338 
        H910  4 0.3888 0.2817 0.3296 
        H911  4 0.2854 0.3860 0.3286 
        H912  4 0.3571 0.3528 0.2901 
        H913  4 0.3938 0.3067 0.2994 
        H914  4 0.3957 0.2448 0.3595 
        H915  4 0.3420 0.3378 0.3202 
        H916  4 0.3211 0.4149 0.2640 
       H9572  4 0.3484 0.3500 0.3017 
        H015  5 0.2896 0.3943 0.3161 
        H016  5 0.2649 0.4055 0.3296 
        H017  5 0.3265 0.4188 0.2548 
        H019  5 0.3104 0.3521 0.3376 
        H020  5 0.3627 0.3329 0.3044 
        H032  5 0.3465 0.3280 0.3255 
        H033  5 0.2869 0.2866 0.4265 
        H034  5 0.4133 0.2382 0.3485 
        H035  5 0.3217 0.3608 0.3175 
        H036  5 0.3102 0.3583 0.3315 
        H037  5 0.4055 0.2932 0.3013 
        H048  5 0.4193 0.2660 0.3147 
        H049  5 0.3368 0.3778 0.2854 
        H054  5 0.3568 0.3024 0.3408 
        H055  5 0.3940 0.2981 0.3079 
        H057  5 0.3295 0.3835 0.2870 
        H060  5 0.3792 0.3300 0.2908 
        H061  5 0.2751 0.3343 0.3906 
        H064  5 0.3793 0.3156 0.3051 
        H070  5 0.3790 0.2678 0.3532 
        H077  5 0.4340 0.2910 0.2749 
        H078  5 0.4161 0.3383 0.2456 
        H079  5 0.2454 0.3199 0.4346 
        H097  5 0.3641 0.3944 0.2415 
        H107  5 0.5021 0.2172 0.2807 
        H122  5 0.2946 0.4001 0.3053 
        H123  5 0.2682 0.3827 0.3491 
        H124  5 0.2634 0.3481 0.3885 
        H131  5 0.2800 0.3488 0.3712 
        H132  5 0.3613 0.3077 0.3310 
        H141  5 0.3448 0.3180 0.3371 
        H142  5 0.2582 0.3628 0.3790 
        H157  5 0.4245 0.2737 0.3019 
        H158  5 0.2725 0.4457 0.2818 
        H159  5 0.2434 0.3979 0.3587 
        H160  5 0.3042 0.3642 0.3316 
        H163  5 0.3073 0.3346 0.3581 
        H164  5 0.2868 0.3326 0.3805 
        H165  5 0.2265 0.3214 0.4521 
        H166  5 0.3017 0.3675 0.3308 
        H169  5 0.3266 0.3019 0.3715 
     H169613  5 0.3506 0.3305 0.3189 
     H169653  5 0.3097 0.3288 0.3615 
     H169728  5 0.2960 0.3680 0.3360 
     H169742  5 0.3299 0.2853 0.3847 
        H170  5 0.3136 0.4169 0.2695 
        H171  5 0.3046 0.4132 0.2822 
     H171851  5 0.3357 0.3408 0.3234 
     H171852  5 0.4022 0.3224 0.2755 
     H171853  5 0.3656 0.2835 0.3509 
     H171854  5 0.3345 0.3553 0.3102 
     H171938  5 0.3224 0.2542 0.4234 
     H171939  5 0.2845 0.4222 0.2933 
     H171941  5 0.4716 0.2446 0.2838 
     H171965  5 0.2825 0.3507 0.3668 
     H171970  5 0.5030 0.2423 0.2546 
     H171973  5 0.2635 0.2949 0.4416 
     H171974  5 0.3377 0.2761 0.3862 
     H171975  5 0.3835 0.2908 0.3257 
     H171976  5 0.3145 0.4217 0.2639 
        H175  5 0.4105 0.2630 0.3265 
        H178  5 0.3683 0.2963 0.3354 
        H189  5 0.2385 0.3785 0.3830 
        H399  5 0.2927 0.4401 0.2672 
        H416  5 0.3486 0.3170 0.3344 
        H438  5 0.3309 0.2829 0.3862 
        H450  5 0.4347 0.2861 0.2792 
        H455  5 0.4808 0.2414 0.2779 
        H456  5 0.3296 0.2982 0.3722 
        H457  5 0.4040 0.3224 0.2736 
        H458  5 0.3981 0.2929 0.3090 
        H459  5 0.2572 0.3473 0.3955 
        H460  5 0.3227 0.3489 0.3283 
        H461  5 0.3227 0.4045 0.2728 
        H462  5 0.2871 0.3401 0.3728 
        H469  5 0.2676 0.3503 0.3821 
        H470  5 0.3532 0.3176 0.3292 
        H471  5 0.2369 0.4431 0.3200 
        H481  5 0.4805 0.2594 0.2601 
        H482  5 0.3795 0.3054 0.3150 
        H501  5 0.3514 0.2951 0.3534 
        H502  5 0.2651 0.3801 0.3548 
        H503  5 0.2948 0.3828 0.3224 
        H509  5 0.4142 0.2772 0.3085 
        H510  5 0.3390 0.3283 0.3327 
        H511  5 0.2906 0.3612 0.3482 
        H530  5 0.3542 0.2694 0.3764 
        H531  5 0.3943 0.3276 0.2782 
        H564  5 0.3586 0.3232 0.3183 
        H565  5 0.4530 0.2927 0.2543 
        H567  5 0.2341 0.3955 0.3704 
     H568???  5 0.2723 0.4051 0.3226 
        H608  5 0.4391 0.2796 0.2814 
        H609  5 0.3278 0.2746 0.3976 
        H612  5 0.4369 0.2375 0.3256 
        H614  5 0.4607 0.2933 0.2460 
        H615  5 0.4111 0.3206 0.2683 
        H616  5 0.5133 0.2073 0.2793 
        H617  5 0.2455 0.3502 0.4043 
        H618  5 0.4372 0.2672 0.2956 
        H619  5 0.2756 0.2857 0.4387 
        H635  5 0.3381 0.3040 0.3579 
        H636  5 0.2754 0.2708 0.4538 
        H637  5 0.3540 0.3010 0.3450 
        H644  5 0.2065 0.4733 0.3202 
        H711  5 0.2995 0.4011 0.2994 
        H712  5 0.3988 0.2535 0.3478 
       H7360  5 0.3270 0.3612 0.3118 
       H7361  5 0.4241 0.2774 0.2985 
       H7362  5 0.2248 0.4498 0.3254 
       H7363  5 0.3778 0.3513 0.2708 
       H7394  5 0.2792 0.3519 0.3690 
       H7395  5 0.3457 0.2995 0.3548 
       H7396  5 0.3318 0.3259 0.3423 
        H742  5 0.3385 0.2755 0.3860 
        H743  5 0.3521 0.3400 0.3079 
        H744  5 0.4648 0.2551 0.2801 
        H957  5 0.3139 0.3724 0.3137 
        H958  5 0.2859 0.3518 0.3623 
        H959  5 0.4295 0.2418 0.3287 
        H960  5 0.3370 0.3244 0.3386 
      H_PALI  6 0.3237 0.3224 0.3539 
        H581  6 0.3720 0.3434 0.2846 
        H582  6 0.4443 0.3112 0.2446 
        H583  6 0.3467 0.3370 0.3163 
        H595  6 0.2441 0.4113 0.3445 
        H596  6 0.2332 0.4054 0.3613 
        H597  6 0.2609 0.4092 0.3299 
        H598  6 0.3501 0.2877 0.3622 
        H599  6 0.4268 0.2775 0.2957 
        H642  6 0.2730 0.4495 0.2775 
        H643  6 0.3387 0.3027 0.3585 
        H664  6 0.4016 0.3756 0.2228 
        H665  6 0.3125 0.2650 0.4225 
        H674  6 0.2273 0.4936 0.2791 
        H675  6 0.3791 0.3566 0.2643 
        H676  6 0.2947 0.3989 0.3064 
        H686  6 0.3134 0.3568 0.3298 
        H687  6 0.3345 0.3523 0.3132 
        H917  6 0.2406 0.3264 0.4329 
        H918  6 0.2775 0.3027 0.4198 
        H919  6 0.4506 0.2333 0.3160 
        H920  6 0.3785 0.3033 0.3181 
        H631  7 0.3915 0.2997 0.3088 
        H684  7 0.2715 0.4054 0.3231 
        H685  7 0.4340 0.3217 0.2443 
        H713  7 0.4077 0.2909 0.3014 
        H715  7 0.3024 0.3916 0.3060 
        H716  7 0.3733 0.2920 0.3346 
        H717  7 0.3470 0.3211 0.3319 
        H729  7 0.2431 0.3141 0.4428 
        H730  7 0.3515 0.2787 0.3698 
        H431  8 0.4119 0.2882 0.2999 
        H432  8 0.2454 0.4158 0.3388 
        H433  8 0.2924 0.3012 0.4065 
        H434  8 0.3186 0.3452 0.3362 
        H444  8 0.2985 0.2884 0.4132 
        H454  8 0.4623 0.2445 0.2933 
        H475  8 0.4652 0.2658 0.2690 
        H491  8 0.4077 0.2919 0.3004 
        H492  8 0.3999 0.2914 0.3088 
        H493  8 0.3253 0.3527 0.3221 
        H494  8 0.3434 0.3229 0.3337 
        H495  8 0.4325 0.3583 0.2093 
        H662  8 0.2997 0.3978 0.3025 
        H663  8 0.3264 0.3317 0.3420 
        H695  8 0.3456 0.2824 0.3719 
       H7367  8 0.2603 0.3455 0.3942 
       H7368  8 0.2830 0.3578 0.3592 
       H7369  8 0.3415 0.2902 0.3683 
       H7370  8 0.2179 0.3932 0.3888 
       H7371  8 0.2969 0.3117 0.3914 
        H600  9 0.3904 0.2939 0.3157 
        H648  9 0.3337 0.3668 0.2995 
        H696  9 0.2176 0.4941 0.2883 
        H697  9 0.3332 0.3422 0.3246 
        H698  9 0.2791 0.3895 0.3315 
        H699  9 0.3451 0.3329 0.3220 
        H700  9 0.3741 0.2756 0.3503 
        H732  9 0.4437 0.3110 0.2453 
        H733  9 0.2648 0.3589 0.3763 
        H734  9 0.2388 0.4230 0.3382 
        H735  9 0.2975 0.4083 0.2942 
        H736  9 0.3195 0.3431 0.3374 
        H737  9 0.3948 0.3155 0.2897 
        H905  9 0.4090 0.2573 0.3338 
        H921  9 0.3715 0.2702 0.3582 
        H922  9 0.2359 0.3815 0.3826 
     H169705 10 0.3095 0.3491 0.3415 
     H171942 10 0.2445 0.4060 0.3495 
     H171943 10 0.3093 0.3977 0.2930 
     H171944 10 0.3159 0.3182 0.3659 
     H171946 10 0.3864 0.3817 0.2319 
     H171947 10 0.3039 0.3444 0.3518 
     H229641 10 0.3292 0.3416 0.3292 
      H30001 10 0.3525 0.2894 0.3581 
      H30002 10 0.3367 0.3077 0.3556 
      H30005 10 0.3262 0.3413 0.3325 
      H30006 10 0.2885 0.3908 0.3207 
      H30007 10 0.2331 0.5072 0.2597 
        H451 10 0.2571 0.3313 0.4116 
        H452 10 0.3148 0.4000 0.2851 
        H453 10 0.4746 0.2867 0.2387 
        H473 10 0.3614 0.3089 0.3297 
        H474 10 0.4739 0.3059 0.2202 
        H486 10 0.3677 0.3208 0.3114 
        H487 10 0.3999 0.2985 0.3016 
        H488 10 0.3411 0.2613 0.3977 
        H489 10 0.4382 0.2634 0.2984 
        H550 10 0.2771 0.4088 0.3141 
        H551 10 0.3453 0.2881 0.3667 
        H553 10 0.4219 0.3125 0.2656 
        H554 10 0.2799 0.3530 0.3671 
        H556 10 0.3373 0.3684 0.2942 
        H580 10 0.3015 0.3410 0.3575 
        H591 10 0.4727 0.2571 0.2703 
        H592 10 0.3677 0.3009 0.3313 
        H593 10 0.2943 0.3375 0.3682 
        H594 10 0.2274 0.4180 0.3546 
        H627 10 0.3302 0.3762 0.2936 
        H628 10 0.2253 0.3070 0.4677 
        H629 10 0.3349 0.3968 0.2683 
        H630 10 0.3239 0.3880 0.2880 
        H638 10 0.3047 0.3583 0.3369 
        H639 10 0.4327 0.3147 0.2526 
        H640 10 0.2555 0.4001 0.3444 
        H704 10 0.2736 0.4182 0.3082 
        H705 10 0.3110 0.3445 0.3445 
        H706 10 0.4148 0.2435 0.3418 
        H708 10 0.4425 0.2905 0.2670 
       H7351 10 0.3115 0.3502 0.3384 
       H7352 10 0.3523 0.3217 0.3260 
       H7353 10 0.2810 0.4271 0.2919 
       H7354 10 0.3933 0.2712 0.3355 
       H7365 10 0.4188 0.2709 0.3103 
       H7383 10 0.3749 0.2560 0.3691 
       H7384 10 0.3866 0.2751 0.3383 
       H7385 10 0.4136 0.2863 0.3001 
       H7386 10 0.3001 0.3054 0.3945 
       H7387 10 0.3083 0.3127 0.3791 
       H7388 10 0.3272 0.3391 0.3336 
        H906 10 0.4037 0.3153 0.2810 
        H907 10 0.2671 0.3797 0.3532 
        H908 10 0.3384 0.3062 0.3553 
        H909 10 0.3418 0.2788 0.3794 
       H9552 10 0.3299 0.3402 0.3299 
       H9553 10 0.3766 0.3239 0.2995 
       H9555 10 0.2741 0.3264 0.3994 
       H9575 10 0.4146 0.3118 0.2737 
       H9703 10 0.4765 0.2624 0.2611 
       H9707 10 0.4030 0.2931 0.3039 
       HSAA4 10 0.2969 0.3449 0.3583 
        H001 11 0.3708 0.2856 0.3436 
        H004 11 0.3160 0.3348 0.3492 
        H005 11 0.4650 0.2301 0.3048 
        H006 11 0.3215 0.2932 0.3852 
        H007 11 0.4205 0.2378 0.3417 
        H031 11 0.4724 0.2349 0.2927 
        H074 11 0.4209 0.3114 0.2677 
        H075 11 0.4165 0.2563 0.3271 
        H080 11 0.4367 0.2751 0.2882 
        H086 11 0.3588 0.3365 0.3048 
        H092 11 0.3865 0.2966 0.3169 
        H093 11 0.2436 0.3995 0.3570 
        H094 11 0.3002 0.3820 0.3178 
        H095 11 0.3934 0.2791 0.3275 
        H096 11 0.3555 0.2518 0.3927 
        H099 11 0.3904 0.3064 0.3032 
        H100 11 0.2557 0.3794 0.3650 
        H127 11 0.3798 0.3013 0.3189 
        H136 11 0.4623 0.2733 0.2645 
        H153 11 0.3217 0.3409 0.3375 
        H154 11 0.4301 0.3012 0.2687 
        H155 11 0.2493 0.3097 0.4410 
        H156 11 0.2068 0.3335 0.4597 
        H161 11 0.3071 0.3728 0.3200 
        H162 11 0.2435 0.4057 0.3508 
        H167 11 0.3139 0.3111 0.3750 
        H168 11 0.3244 0.3147 0.3609 
     H169586 11 0.3667 0.4027 0.2306 
     H169738 11 0.2690 0.3236 0.4074 
     H169741 11 0.4116 0.2938 0.2946 
     H171801 11 0.2837 0.3754 0.3409 
     H171810 11 0.4034 0.3193 0.2773 
     H171811 11 0.4183 0.3328 0.2489 
     H171812 11 0.3595 0.2809 0.3596 
     H171820 11 0.4247 0.3043 0.2710 
     H171821 11 0.2983 0.3400 0.3617 
     H171822 11 0.3102 0.3292 0.3606 
     H171823 11 0.4359 0.3376 0.2265 
     H171866 11 0.2810 0.3787 0.3403 
     H171867 11 0.2623 0.2769 0.4608 
     H171967 11 0.4128 0.2580 0.3292 
     H171969 11 0.3268 0.3189 0.3542 
        H172 11 0.3079 0.3162 0.3759 
        H173 11 0.3098 0.2677 0.4225 
        H174 11 0.2399 0.4510 0.3091 
        H196 11 0.2822 0.3484 0.3694 
        H197 11 0.2814 0.3029 0.4156 
        H346 11 0.3688 0.2682 0.3630 
        H355 11 0.3578 0.3032 0.3390 
        H356 11 0.3721 0.3241 0.3038 
        H357 11 0.3797 0.2740 0.3463 
        H358 11 0.3239 0.2791 0.3970 
        H359 11 0.3188 0.3438 0.3374 
        H360 11 0.3472 0.2831 0.3697 
        H361 11 0.3202 0.3141 0.3657 
        H362 11 0.2292 0.3825 0.3883 
        H363 11 0.4147 0.2566 0.3286 
        H364 11 0.3406 0.3346 0.3248 
        H365 11 0.2811 0.3497 0.3692 
        H366 11 0.2650 0.3244 0.4106 
        H367 11 0.4565 0.2964 0.2471 
        H368 11 0.2599 0.4242 0.3160 
        H369 11 0.4575 0.2357 0.3067 
        H370 11 0.2661 0.3438 0.3900 
        H371 11 0.3451 0.3550 0.2999 
        H372 11 0.3195 0.3236 0.3569 
        H373 11 0.3557 0.3163 0.3279 
        H374 11 0.4030 0.2684 0.3287 
        H375 11 0.3541 0.2717 0.3742 
        H376 11 0.2941 0.3490 0.3568 
        H377 11 0.3623 0.2872 0.3505 
        H378 11 0.3831 0.3208 0.2960 
        H379 11 0.3158 0.3581 0.3261 
        H380 11 0.2497 0.3007 0.4496 
        H381 11 0.4038 0.3210 0.2752 
        H382 11 0.2057 0.3875 0.4068 
        H383 11 0.2628 0.3475 0.3897 
        H384 11 0.4095 0.2984 0.2921 
        H385 11 0.3847 0.3119 0.3034 
        H386 11 0.2864 0.2612 0.4525 
        H387 11 0.3408 0.4100 0.2492 
        H388 11 0.2319 0.3630 0.4051 
        H389 11 0.3298 0.2802 0.3900 
        H390 11 0.2741 0.3499 0.3761 
        H391 11 0.2896 0.4388 0.2716 
        H392 11 0.4209 0.2618 0.3174 
        H393 11 0.2620 0.3996 0.3384 
        H394 11 0.2585 0.4623 0.2792 
        H395 11 0.4015 0.2761 0.3224 
        H408 11 0.3424 0.2645 0.3931 
        H412 11 0.4185 0.3797 0.2019 
        H417 11 0.3720 0.2988 0.3292 
        H418 11 0.3658 0.3813 0.2528 
        H429 11 0.3002 0.3112 0.3885 
        H430 11 0.2732 0.3407 0.3862 
        H439 11 0.3630 0.2956 0.3414 
        H440 11 0.4450 0.2706 0.2844 
        H441 11 0.2693 0.3556 0.3750 
        H442 11 0.2722 0.3439 0.3840 
        H446 11 0.3355 0.3350 0.3296 
        H447 11 0.2573 0.3181 0.4246 
        H448 11 0.2945 0.2895 0.4160 
        H534 11 0.4930 0.2761 0.2309 
        H537 11 0.4295 0.2961 0.2744 
        H568 11 0.4863 0.2543 0.2594 
        H569 11 0.2256 0.3503 0.4241 
        H586 11 0.3560 0.4206 0.2233 
        H587 11 0.4883 0.2468 0.2649 
        H588 11 0.2623 0.4237 0.3140 
        H589 11 0.4510 0.2678 0.2812 
        H590 11 0.4188 0.2988 0.2824 
        H601 11 0.2398 0.3682 0.3920 
        H602 11 0.3775 0.3083 0.3142 
        H603 11 0.2777 0.3131 0.4092 
        H610 11 0.3660 0.3157 0.3183 
        H611 11 0.3792 0.3176 0.3033 
        H649 11 0.3454 0.3284 0.3262 
        H650 11 0.2770 0.4120 0.3110 
        H651 11 0.3210 0.2819 0.3971 
        H652 11 0.3574 0.3526 0.2900 
       H7364 11 0.2930 0.3414 0.3656 
       H7366 11 0.3396 0.2706 0.3898 
       H7378 11 0.1836 0.5556 0.2609 
       H7379 11 0.3485 0.3195 0.3320 
        H739 11 0.4138 0.2956 0.2907 
        H740 11 0.2784 0.3787 0.3429 
        H741 11 0.4156 0.2876 0.2968 
        H926 11 0.3125 0.3652 0.3222 
        H927 11 0.2578 0.3281 0.4142 
        H928 11 0.3241 0.3574 0.3186 
       H9560 11 0.3137 0.3697 0.3166 
        H409 12 0.2555 0.3092 0.4353 
        H413 12 0.2317 0.4825 0.2858 
        H419 12 0.3059 0.2961 0.3980 
        H420 12 0.3930 0.3017 0.3053 
        H421 12 0.2233 0.3753 0.4014 
        H435 12 0.2657 0.3860 0.3483 
        H436 12 0.3124 0.2738 0.4138 
        H437 12 0.4301 0.2949 0.2750 
        H445 12 0.2659 0.2900 0.4441 
        H449 12 0.3139 0.3782 0.3079 
        H463 12 0.3924 0.3068 0.3008 
        H464 12 0.2624 0.3964 0.3412 
        H465 12 0.3113 0.4538 0.2348 
        H490 12 0.2573 0.3920 0.3508 
        H561 12 0.3297 0.3486 0.3217 
        H562 12 0.3253 0.2512 0.4234 
        H563 12 0.3783 0.2836 0.3381 
        H570 12 0.3861 0.2513 0.3626 
        H571 12 0.3114 0.4042 0.2844 
        H572 12 0.3602 0.3279 0.3118 
        H573 12 0.2555 0.3243 0.4202 
       H7372 12 0.2142 0.3140 0.4718 
       H7373 12 0.2644 0.4513 0.2842 
       H7374 12 0.3835 0.2743 0.3422 
       H7375 12 0.3606 0.2999 0.3395 
       H7376 12 0.2455 0.2810 0.4735 
       H7377 12 0.3886 0.3012 0.3102 
