        H102  1 0.1655 0.1710 0.1721 0.2501 0.2412 
        H103  1 0.2391 0.2165 0.2253 0.1460 0.1731 
        H104  1 0.1592 0.1977 0.1991 0.2381 0.2060 
        H105  1 0.1706 0.1955 0.2111 0.2288 0.1940 
        H106  1 0.1915 0.2277 0.1988 0.1795 0.2025 
        H112  1 0.1596 0.1772 0.1907 0.2286 0.2439 
        H113  1 0.1713 0.2160 0.2296 0.2275 0.1556 
        H114  1 0.1792 0.2026 0.2459 0.2324 0.1398 
        H115  1 0.1430 0.2030 0.1924 0.2561 0.2055 
        H143  1 0.1911 0.1714 0.2074 0.2515 0.1786 
        H144  1 0.2732 0.1718 0.2182 0.2091 0.1277 
        H145  1 0.2302 0.2568 0.1943 0.1688 0.1499 
        H149  1 0.1742 0.1715 0.1935 0.2387 0.2221 
        H150  1 0.2275 0.2016 0.1856 0.2077 0.1776 
     H167542  1 0.1678 0.2282 0.2312 0.2223 0.1505 
     H169604  1 0.1758 0.2128 0.2258 0.2351 0.1505 
     H169607  1 0.2133 0.2441 0.2110 0.1917 0.1399 
     H169608  1 0.1674 0.1890 0.1461 0.2154 0.2821 
     H169633  1 0.1920 0.2422 0.2272 0.1948 0.1437 
     H169688  1 0.2517 0.1842 0.1887 0.1532 0.2222 
     H169714  1 0.1926 0.1983 0.1737 0.2084 0.2271 
     H171802  1 0.1622 0.1918 0.2143 0.1838 0.2478 
     H171805  1 0.2040 0.2266 0.2069 0.1687 0.1938 
     H171807  1 0.1929 0.1598 0.1949 0.2490 0.2034 
     H171814  1 0.2862 0.2138 0.1991 0.1516 0.1493 
     H171816  1 0.1906 0.1728 0.1900 0.2052 0.2414 
     H171817  1 0.1814 0.1929 0.2065 0.2194 0.1998 
     H171818  1 0.1897 0.2063 0.2179 0.2063 0.1798 
     H171819  1 0.1799 0.2020 0.2082 0.2065 0.2034 
     H171834  1 0.1698 0.1620 0.1965 0.2538 0.2179 
     H171835  1 0.1706 0.1895 0.1757 0.2217 0.2426 
     H171836  1 0.1934 0.2417 0.2632 0.1643 0.1374 
     H171837  1 0.1677 0.2253 0.2027 0.2056 0.1988 
     H171838  1 0.2102 0.2194 0.2086 0.1873 0.1744 
     H171839  1 0.1738 0.2137 0.2069 0.2157 0.1898 
     H171841  1 0.1797 0.1394 0.1422 0.1843 0.3545 
     H171860  1 0.1812 0.2014 0.2109 0.2235 0.1830 
     H171861  1 0.2083 0.2180 0.2230 0.2190 0.1317 
     H171862  1 0.1999 0.1993 0.1991 0.2350 0.1666 
     H171868  1 0.1680 0.1820 0.2223 0.2688 0.1588 
     H171869  1 0.2553 0.2105 0.1795 0.1655 0.1892 
     H171870  1 0.2322 0.1758 0.1866 0.1780 0.2274 
     H171871  1 0.2181 0.2334 0.2130 0.1598 0.1757 
     H171872  1 0.1642 0.2108 0.1949 0.2388 0.1913 
     H171873  1 0.2246 0.1973 0.1843 0.1749 0.2189 
     H171874  1 0.2189 0.1599 0.1846 0.2274 0.2092 
     H171875  1 0.2242 0.1949 0.2136 0.2163 0.1509 
     H171876  1 0.1931 0.1803 0.2299 0.2430 0.1538 
     H171877  1 0.1593 0.2171 0.2291 0.2319 0.1626 
     H171878  1 0.2223 0.1794 0.1767 0.1621 0.2595 
     H171901  1 0.1608 0.2247 0.1966 0.1576 0.2602 
     H171902  1 0.2431 0.2069 0.1779 0.2001 0.1719 
     H171903  1 0.1836 0.1845 0.2049 0.2245 0.2025 
     H171935  1 0.2038 0.1865 0.1838 0.1869 0.2390 
     H171936  1 0.1754 0.2550 0.2356 0.1806 0.1534 
     H171940  1 0.1818 0.1554 0.2142 0.2408 0.2077 
     H171945  1 0.2359 0.2060 0.1805 0.1719 0.2057 
     H171948  1 0.1644 0.1685 0.1907 0.2471 0.2293 
     H171949  1 0.1705 0.1681 0.1932 0.2479 0.2204 
     H171950  1 0.1697 0.1754 0.1534 0.2264 0.2750 
     H171963  1 0.2479 0.1965 0.1973 0.1594 0.1989 
     H171964  1 0.3433 0.1540 0.1720 0.1905 0.1401 
     H171966  1 0.2170 0.1776 0.1964 0.2111 0.1980 
     H171968  1 0.2268 0.1775 0.1793 0.2223 0.1941 
     H171971  1 0.1997 0.1929 0.2016 0.1718 0.2340 
     H171972  1 0.2357 0.1897 0.2093 0.1851 0.1801 
     H171977  1 0.2719 0.2270 0.1993 0.1696 0.1323 
     H171978  1 0.2157 0.1743 0.1695 0.1818 0.2586 
     H171979  1 0.2050 0.2352 0.2364 0.1848 0.1386 
        H176  1 0.1876 0.2182 0.2027 0.2158 0.1757 
        H177  1 0.1472 0.2175 0.1605 0.1877 0.2871 
        H179  1 0.1461 0.1877 0.2110 0.2203 0.2349 
        H181  1 0.2227 0.1916 0.2251 0.2147 0.1459 
        H182  1 0.2090 0.2309 0.2116 0.1935 0.1550 
        H183  1 0.2536 0.1859 0.2177 0.1729 0.1699 
        H184  1 0.1668 0.1791 0.1905 0.2179 0.2456 
        H185  1 0.2101 0.2430 0.2114 0.1804 0.1551 
        H186  1 0.2582 0.1333 0.1548 0.2185 0.2352 
        H187  1 0.1704 0.2237 0.2020 0.1465 0.2573 
        H188  1 0.1700 0.1611 0.2379 0.2568 0.1742 
        H192  1 0.1770 0.1712 0.1827 0.2113 0.2578 
        H193  1 0.2457 0.2147 0.2012 0.1850 0.1535 
        H194  1 0.1749 0.2068 0.2018 0.2216 0.1949 
        H195  1 0.2825 0.1656 0.1679 0.1531 0.2309 
        H199  1 0.2652 0.2014 0.2058 0.1627 0.1649 
        H200  1 0.1867 0.1841 0.1996 0.1928 0.2368 
        H414  1 0.2162 0.2145 0.2096 0.1741 0.1856 
        H415  1 0.1806 0.2248 0.2170 0.2082 0.1694 
        H422  1 0.2481 0.1754 0.1651 0.2042 0.2072 
        H423  1 0.1588 0.1558 0.1578 0.2223 0.3052 
        H424  1 0.2619 0.2006 0.2125 0.1721 0.1529 
        H425  1 0.2920 0.2165 0.1872 0.1511 0.1532 
        H426  1 0.3215 0.1716 0.1777 0.1600 0.1692 
        H443  1 0.3193 0.1603 0.1774 0.2121 0.1309 
        H466  1 0.2112 0.1917 0.2002 0.2135 0.1835 
        H467  1 0.1963 0.1499 0.1655 0.2188 0.2695 
        H472  1 0.1882 0.2374 0.2266 0.1855 0.1622 
        H483  1 0.1937 0.1813 0.2313 0.2634 0.1303 
        H504  1 0.2796 0.2109 0.1995 0.1573 0.1527 
        H505  1 0.1692 0.1890 0.2249 0.1933 0.2236 
        H506  1 0.2278 0.1794 0.1872 0.1998 0.2059 
        H507  1 0.1904 0.2753 0.2382 0.1615 0.1346 
        H508  1 0.2114 0.2182 0.1843 0.1751 0.2109 
        H524  1 0.1965 0.2529 0.2338 0.1586 0.1581 
        H525  1 0.2536 0.1883 0.1939 0.2012 0.1629 
        H526  1 0.1735 0.2281 0.2274 0.2193 0.1516 
        H527  1 0.1695 0.1863 0.1757 0.1792 0.2894 
        H528  1 0.2379 0.1919 0.2068 0.2088 0.1546 
        H529  1 0.2403 0.2671 0.2061 0.1571 0.1295 
        H533  1 0.1817 0.2733 0.2546 0.1643 0.1260 
        H538  1 0.1631 0.2218 0.2231 0.2191 0.1730 
        H539  1 0.1962 0.2071 0.1866 0.1464 0.2636 
        H540  1 0.1714 0.2302 0.2071 0.1895 0.2018 
        H541  1 0.1701 0.2290 0.2348 0.2065 0.1596 
        H558  1 0.2200 0.1916 0.1994 0.1480 0.2410 
        H559  1 0.2147 0.1608 0.1926 0.2439 0.1880 
        H579  1 0.2439 0.1862 0.1819 0.2089 0.1790 
        H584  1 0.2707 0.1952 0.1902 0.1740 0.1700 
        H585  1 0.2198 0.1914 0.2212 0.1865 0.1811 
        H605  1 0.1973 0.2080 0.1896 0.1912 0.2138 
        H606  1 0.1616 0.1730 0.1729 0.2280 0.2645 
        H632  1 0.2745 0.2085 0.1830 0.1884 0.1456 
        H634  1 0.2132 0.2011 0.1961 0.1765 0.2132 
        H671  1 0.1870 0.1888 0.1748 0.2105 0.2389 
        H672  1 0.1934 0.2085 0.2319 0.1739 0.1922 
        H673  1 0.2484 0.1490 0.1956 0.2289 0.1782 
        H689  1 0.2277 0.1972 0.2186 0.2102 0.1464 
        H690  1 0.1582 0.2045 0.1923 0.2305 0.2145 
        H691  1 0.1689 0.2222 0.2156 0.2271 0.1662 
        H692  1 0.2453 0.1971 0.2370 0.2029 0.1177 
        H709  1 0.2019 0.2165 0.2017 0.1945 0.1854 
        H710  1 0.2519 0.1903 0.2089 0.2162 0.1327 
       H7355  1 0.1598 0.2696 0.2332 0.2120 0.1253 
       H7356  1 0.2179 0.2012 0.1932 0.1907 0.1970 
       H7357  1 0.1693 0.2265 0.2112 0.2171 0.1759 
       H7358  1 0.2068 0.2077 0.2320 0.1898 0.1637 
       H7380  1 0.2152 0.1846 0.1984 0.2415 0.1603 
       H7381  1 0.2434 0.1590 0.1673 0.2010 0.2294 
       H7382  1 0.1951 0.1837 0.2023 0.2193 0.1995 
        H904  1 0.1308 0.1337 0.1502 0.2563 0.3290 
        H923  1 0.2158 0.1824 0.1942 0.1807 0.2269 
        H924  1 0.1941 0.1893 0.1966 0.2048 0.2152 
        H925  1 0.1814 0.2694 0.2225 0.1720 0.1546 
       H9558  1 0.2371 0.1907 0.1965 0.1425 0.2331 
        H008  2 0.1781 0.2105 0.2435 0.2228 0.1451 
        H021  2 0.1685 0.2066 0.1903 0.2457 0.1889 
        H023  2 0.1740 0.2216 0.1999 0.2019 0.2026 
        H024  2 0.2526 0.2171 0.2304 0.1659 0.1340 
        H025  2 0.2023 0.1496 0.1710 0.1979 0.2792 
        H026  2 0.3014 0.1912 0.2112 0.1643 0.1320 
        H027  2 0.1735 0.2459 0.2306 0.1929 0.1571 
        H028  2 0.2296 0.1941 0.2213 0.1999 0.1551 
        H029  2 0.2108 0.2289 0.2349 0.1840 0.1413 
        H030  2 0.2542 0.2152 0.2198 0.1689 0.1419 
        H038  2 0.1877 0.2090 0.1671 0.1753 0.2608 
        H039  2 0.1368 0.1326 0.1340 0.2188 0.3778 
        H040  2 0.1847 0.2133 0.1903 0.1833 0.2283 
        H041  2 0.1668 0.1924 0.2336 0.2487 0.1584 
        H042  2 0.1768 0.2202 0.2055 0.2033 0.1942 
        H043  2 0.1734 0.1518 0.1409 0.1538 0.3801 
        H044  2 0.1987 0.2175 0.2306 0.1614 0.1918 
        H047  2 0.2048 0.1588 0.1867 0.1939 0.2557 
        H050  2 0.2086 0.2244 0.2389 0.1673 0.1608 
        H058  2 0.1910 0.2042 0.2017 0.1767 0.2264 
        H062  2 0.1685 0.2398 0.2002 0.2040 0.1876 
        H063  2 0.1461 0.1811 0.1896 0.1931 0.2901 
        H065  2 0.2944 0.1694 0.1635 0.1724 0.2002 
        H066  2 0.2139 0.2041 0.2273 0.1661 0.1885 
        H067  2 0.1983 0.2059 0.2253 0.2369 0.1336 
        H068  2 0.1859 0.1767 0.2016 0.1932 0.2427 
        H069  2 0.2148 0.2334 0.1966 0.1333 0.2220 
        H071  2 0.1805 0.1987 0.1864 0.2120 0.2224 
        H072  2 0.1488 0.1598 0.1791 0.2058 0.3066 
        H073  2 0.2432 0.2313 0.1877 0.1779 0.1600 
        H081  2 0.1529 0.2007 0.2168 0.2509 0.1788 
        H082  2 0.2161 0.2132 0.2246 0.1779 0.1682 
        H083  2 0.2563 0.1783 0.1949 0.1869 0.1836 
        H084  2 0.1767 0.2443 0.2157 0.1739 0.1894 
        H085  2 0.1542 0.1947 0.2415 0.2435 0.1661 
        H087  2 0.1554 0.1870 0.2324 0.2818 0.1434 
        H088  2 0.1535 0.1784 0.1905 0.2169 0.2608 
        H089  2 0.1770 0.2385 0.2291 0.1985 0.1569 
        H090  2 0.2191 0.1967 0.2344 0.1923 0.1575 
        H091  2 0.1845 0.2489 0.2470 0.1935 0.1260 
        H098  2 0.1859 0.2408 0.2323 0.1921 0.1489 
      H10001  2 0.1321 0.1443 0.1239 0.2453 0.3544 
      H10002  2 0.1451 0.1823 0.1712 0.2236 0.2777 
        H101  2 0.1954 0.2490 0.2621 0.1386 0.1548 
        H108  2 0.1706 0.1552 0.2039 0.2718 0.1985 
        H109  2 0.1874 0.2102 0.2127 0.1577 0.2320 
        H110  2 0.1627 0.1936 0.2128 0.2748 0.1561 
        H116  2 0.2383 0.1877 0.1966 0.1835 0.1939 
        H117  2 0.1670 0.2362 0.2474 0.2172 0.1322 
        H118  2 0.2708 0.2096 0.2251 0.1810 0.1136 
        H119  2 0.1889 0.1913 0.1856 0.2399 0.1944 
        H120  2 0.1382 0.1460 0.1636 0.2440 0.3082 
        H121  2 0.1970 0.2049 0.2530 0.2071 0.1380 
        H125  2 0.1318 0.1455 0.1352 0.2234 0.3642 
        H126  2 0.2649 0.1582 0.1744 0.1917 0.2109 
        H128  2 0.2948 0.2187 0.2436 0.1427 0.1002 
        H129  2 0.3181 0.1688 0.1914 0.1808 0.1409 
        H130  2 0.2034 0.1554 0.1707 0.1930 0.2775 
        H133  2 0.1791 0.1477 0.1512 0.2007 0.3214 
        H134  2 0.4032 0.1541 0.1533 0.1484 0.1409 
        H135  2 0.1737 0.1857 0.2117 0.2237 0.2052 
        H137  2 0.1887 0.2334 0.2360 0.1876 0.1543 
        H138  2 0.2784 0.1824 0.1825 0.1706 0.1860 
        H140  2 0.1986 0.1880 0.2141 0.2083 0.1910 
        H146  2 0.2476 0.1984 0.2155 0.1774 0.1612 
        H147  2 0.1707 0.2245 0.2229 0.2206 0.1613 
        H148  2 0.1573 0.2457 0.2328 0.2283 0.1359 
     H166022  2 0.1852 0.2430 0.2261 0.1949 0.1507 
     H167359  2 0.1918 0.2028 0.2254 0.1731 0.2068 
     H167397  2 0.2025 0.2710 0.2463 0.1704 0.1099 
     H167428  2 0.2220 0.1917 0.2506 0.2281 0.1075 
     H167496  2 0.1470 0.1781 0.1829 0.2387 0.2532 
     H167513  2 0.1844 0.2050 0.2140 0.1646 0.2320 
     H167545  2 0.2313 0.2457 0.2091 0.1530 0.1609 
     H167547  2 0.2740 0.2437 0.1932 0.1411 0.1480 
     H169621  2 0.2067 0.2159 0.2230 0.2125 0.1419 
     H169622  2 0.2280 0.1924 0.2007 0.1833 0.1956 
     H169750  2 0.2218 0.1724 0.1830 0.1817 0.2410 
     H171806  2 0.2194 0.2169 0.1876 0.1867 0.1894 
     H171808  2 0.2042 0.2571 0.2075 0.1660 0.1652 
     H171809  2 0.1684 0.2155 0.2029 0.2297 0.1834 
     H171813  2 0.2356 0.1961 0.1825 0.1839 0.2019 
     H171815  2 0.1758 0.1571 0.1351 0.1722 0.3598 
     H171824  2 0.1503 0.1699 0.2043 0.2672 0.2084 
     H171825  2 0.2170 0.2158 0.2070 0.1916 0.1686 
     H171826  2 0.1800 0.1804 0.1973 0.2365 0.2059 
     H171827  2 0.1925 0.1887 0.1855 0.2171 0.2162 
     H171828  2 0.1333 0.1559 0.1581 0.2700 0.2827 
     H171829  2 0.2557 0.1994 0.1643 0.1702 0.2103 
     H171830  2 0.1756 0.2031 0.2220 0.1783 0.2210 
     H171831  2 0.2772 0.2103 0.1990 0.1728 0.1406 
     H171832  2 0.2349 0.1744 0.2019 0.1847 0.2041 
     H171863  2 0.2713 0.2131 0.2088 0.1439 0.1628 
     H171864  2 0.1727 0.2522 0.2284 0.1882 0.1585 
     H171865  2 0.1841 0.1588 0.1622 0.1789 0.3161 
     H171879  2 0.2165 0.1972 0.2040 0.1787 0.2037 
     H171880  2 0.1806 0.2440 0.2485 0.1684 0.1584 
     H171881  2 0.1969 0.1991 0.2278 0.2363 0.1398 
     H171882  2 0.1450 0.1408 0.1478 0.2244 0.3420 
     H171929  2 0.1785 0.1920 0.2383 0.2172 0.1740 
     H171930  2 0.2072 0.2574 0.2448 0.1393 0.1513 
     H171933  2 0.1860 0.2245 0.2281 0.2013 0.1600 
     H171934  2 0.1736 0.2529 0.2129 0.2012 0.1594 
     H171937  2 0.2808 0.1752 0.1995 0.1537 0.1908 
     H171962  2 0.2068 0.1776 0.2302 0.2147 0.1707 
        H190  2 0.1930 0.2259 0.2192 0.1876 0.1742 
        H191  2 0.2260 0.1831 0.2030 0.2132 0.1747 
        H396  2 0.1898 0.2145 0.2221 0.2232 0.1504 
        H397  2 0.1963 0.2261 0.2244 0.1885 0.1648 
        H398  2 0.2437 0.1971 0.1768 0.1883 0.1942 
        H400  2 0.1754 0.2567 0.2177 0.1709 0.1793 
        H401  2 0.2466 0.2464 0.2288 0.1576 0.1205 
        H402  2 0.1863 0.2197 0.2276 0.1975 0.1689 
        H427  2 0.1748 0.2237 0.2131 0.2291 0.1592 
        H428  2 0.2168 0.1919 0.2546 0.2318 0.1048 
        H497  2 0.1723 0.1762 0.1838 0.1630 0.3047 
        H512  2 0.1911 0.2065 0.1944 0.2042 0.2038 
        H513  2 0.1843 0.2038 0.2135 0.1637 0.2347 
        H514  2 0.2199 0.1698 0.1812 0.1741 0.2550 
        H519  2 0.1820 0.2104 0.2180 0.1714 0.2182 
        H532  2 0.1810 0.2553 0.2300 0.1944 0.1393 
        H543  2 0.1707 0.2369 0.2384 0.1973 0.1567 
        H544  2 0.2873 0.1585 0.1655 0.1602 0.2285 
        H545  2 0.2468 0.2430 0.2108 0.1449 0.1545 
        H546  2 0.2162 0.1708 0.1681 0.1988 0.2460 
        H547  2 0.2690 0.2469 0.1970 0.1448 0.1423 
        H548  2 0.1741 0.2531 0.2199 0.1718 0.1810 
        H549  2 0.2101 0.2458 0.1798 0.1293 0.2350 
        H620  2 0.1464 0.1564 0.1393 0.2139 0.3439 
        H623  2 0.2449 0.1879 0.2106 0.1891 0.1675 
        H624  2 0.2118 0.1710 0.1387 0.1388 0.3398 
        H625  2 0.1884 0.2346 0.2271 0.1948 0.1551 
        H626  2 0.1857 0.2561 0.2029 0.1576 0.1977 
        H654  2 0.1434 0.1334 0.1280 0.1818 0.4133 
        H655  2 0.1631 0.1854 0.1962 0.1920 0.2632 
        H656  2 0.1528 0.1663 0.1596 0.2262 0.2951 
        H666  2 0.1789 0.1437 0.1536 0.2164 0.3074 
        H667  2 0.1913 0.2049 0.1913 0.2262 0.1863 
        H677  2 0.2014 0.2335 0.2043 0.1814 0.1794 
        H693  2 0.1463 0.1734 0.1992 0.2635 0.2175 
        H694  2 0.2118 0.2103 0.2477 0.1797 0.1506 
        H701  2 0.1778 0.2289 0.2410 0.1798 0.1724 
        H702  2 0.1740 0.1948 0.2116 0.2128 0.2067 
        H731  2 0.1683 0.1923 0.1840 0.2384 0.2170 
       H7359  2 0.1867 0.2075 0.2233 0.1761 0.2064 
       H7389  2 0.2253 0.2245 0.2047 0.1683 0.1773 
       H7390  2 0.1710 0.1973 0.1710 0.2062 0.2544 
       H7391  2 0.1467 0.2275 0.2432 0.2457 0.1369 
       H7392  2 0.2400 0.1859 0.1877 0.1983 0.1881 
       H7393  2 0.1674 0.2101 0.1862 0.1868 0.2496 
       H7398  2 0.1606 0.2116 0.2249 0.2458 0.1571 
       H7399  2 0.2142 0.2001 0.2104 0.2175 0.1578 
       H7400  2 0.1381 0.1590 0.1360 0.1888 0.3782 
        H745  2 0.3316 0.1758 0.1808 0.1677 0.1442 
        H746  2 0.2199 0.2166 0.1863 0.2018 0.1754 
        H747  2 0.1756 0.2291 0.1919 0.1929 0.2105 
        H748  2 0.1790 0.2255 0.1935 0.1820 0.2200 
       H7484  2 0.1704 0.1859 0.1715 0.2246 0.2477 
       H7485  2 0.2154 0.1942 0.1976 0.1641 0.2287 
        H749  2 0.2015 0.2477 0.1969 0.1634 0.1904 
        H930  2 0.1991 0.2582 0.2462 0.1420 0.1546 
        H931  2 0.1987 0.1760 0.2246 0.2209 0.1798 
        H932  2 0.2091 0.2160 0.1998 0.1910 0.1842 
        H111  3 0.2499 0.2101 0.2113 0.1697 0.1590 
        H951  3 0.2113 0.2273 0.2196 0.1747 0.1671 
        H952  3 0.2442 0.2112 0.1878 0.1765 0.1803 
        H953  3 0.1820 0.2750 0.2293 0.1905 0.1233 
        H954  3 0.1492 0.1667 0.1769 0.1946 0.3125 
        H955  3 0.2047 0.2139 0.2451 0.1606 0.1758 
        H956  3 0.1781 0.2166 0.2246 0.2017 0.1790 
       H9563  3 0.1613 0.2018 0.2185 0.2365 0.1818 
        H002  4 0.2128 0.1471 0.1401 0.1898 0.3102 
        H003  4 0.2278 0.1987 0.1860 0.2301 0.1575 
        H009  4 0.2632 0.1814 0.2012 0.1658 0.1883 
        H010  4 0.1969 0.1952 0.2121 0.2380 0.1579 
        H011  4 0.1560 0.1614 0.1878 0.2480 0.2468 
        H012  4 0.1662 0.2133 0.2164 0.2342 0.1700 
        H013  4 0.1638 0.1704 0.1860 0.2529 0.2269 
        H014  4 0.1996 0.1728 0.1965 0.2378 0.1932 
        H045  4 0.1705 0.1968 0.2176 0.2379 0.1771 
        H046  4 0.2500 0.2319 0.1867 0.1860 0.1454 
        H051  4 0.1566 0.1763 0.1985 0.2512 0.2174 
        H052  4 0.2375 0.1764 0.1725 0.1919 0.2217 
        H053  4 0.1816 0.1980 0.1959 0.2179 0.2066 
        H056  4 0.1989 0.1749 0.1624 0.1993 0.2645 
        H076  4 0.2633 0.1854 0.2006 0.2132 0.1375 
        H151  4 0.1841 0.1456 0.1404 0.2137 0.3162 
        H152  4 0.2192 0.1535 0.1484 0.2043 0.2745 
     H171803  4 0.1742 0.2264 0.1667 0.1897 0.2430 
     H171804  4 0.1633 0.2371 0.1989 0.1927 0.2080 
     H171833  4 0.3020 0.1676 0.1766 0.1645 0.1893 
     H171855  4 0.2109 0.1474 0.1407 0.2087 0.2924 
     H171856  4 0.1913 0.2620 0.1965 0.1619 0.1882 
     H171857  4 0.2179 0.1799 0.1665 0.2061 0.2296 
     H171858  4 0.2405 0.1937 0.1756 0.1967 0.1935 
     H171859  4 0.2226 0.1882 0.1781 0.2078 0.2033 
     H171961  4 0.1715 0.1836 0.1905 0.2230 0.2315 
        H198  4 0.2198 0.1931 0.2218 0.2182 0.1471 
      H20001  4 0.2776 0.1841 0.1857 0.1534 0.1993 
        H403  4 0.2203 0.2082 0.1787 0.1794 0.2133 
        H404  4 0.1850 0.1989 0.2169 0.2267 0.1725 
        H405  4 0.2175 0.2536 0.1935 0.1828 0.1527 
        H406  4 0.2829 0.1877 0.1868 0.1436 0.1991 
        H407  4 0.1865 0.2558 0.2063 0.1895 0.1619 
        H410  4 0.2358 0.2443 0.2146 0.1750 0.1303 
        H411  4 0.2495 0.2026 0.1814 0.1840 0.1825 
        H468  4 0.2551 0.1948 0.2038 0.1441 0.2022 
        H476  4 0.1822 0.2036 0.2137 0.1592 0.2413 
        H477  4 0.2871 0.2322 0.1897 0.1445 0.1466 
        H478  4 0.1752 0.2134 0.1941 0.1984 0.2189 
        H479  4 0.1873 0.2059 0.2005 0.2075 0.1988 
        H480  4 0.2293 0.2299 0.2187 0.1502 0.1720 
        H498  4 0.2036 0.1726 0.1871 0.2248 0.2119 
        H499  4 0.2036 0.2191 0.1765 0.1853 0.2155 
        H500  4 0.1463 0.1935 0.1712 0.1890 0.3000 
        H515  4 0.1745 0.2060 0.1742 0.2062 0.2390 
        H516  4 0.2163 0.1752 0.2052 0.1860 0.2173 
        H517  4 0.2180 0.2024 0.1956 0.1970 0.1870 
        H518  4 0.2431 0.1835 0.1867 0.1795 0.2072 
        H520  4 0.2085 0.1793 0.1714 0.1922 0.2486 
        H521  4 0.2004 0.1993 0.2271 0.2203 0.1529 
        H522  4 0.1947 0.2247 0.2005 0.1724 0.2077 
        H523  4 0.1833 0.1963 0.2072 0.1944 0.2188 
        H536  4 0.2257 0.2194 0.1887 0.1948 0.1715 
        H645  4 0.1687 0.1920 0.2140 0.2394 0.1859 
        H646  4 0.2326 0.2393 0.2392 0.1498 0.1391 
        H647  4 0.2157 0.2174 0.2102 0.1612 0.1955 
        H657  4 0.2334 0.2231 0.2149 0.1767 0.1519 
        H658  4 0.1597 0.2427 0.2294 0.1791 0.1891 
        H659  4 0.1411 0.1486 0.1377 0.2027 0.3698 
        H660  4 0.1732 0.1900 0.2014 0.1827 0.2527 
        H661  4 0.1980 0.1685 0.1624 0.1980 0.2731 
        H668  4 0.1809 0.1969 0.2105 0.2584 0.1533 
        H669  4 0.1702 0.2011 0.2045 0.2270 0.1972 
        H670  4 0.1508 0.1843 0.2065 0.2736 0.1847 
        H678  4 0.1765 0.2410 0.2092 0.1788 0.1944 
        H679  4 0.1809 0.2383 0.2477 0.1622 0.1709 
        H680  4 0.2671 0.1855 0.1750 0.1945 0.1778 
        H681  4 0.1733 0.1687 0.1854 0.2227 0.2499 
        H682  4 0.1653 0.2390 0.2351 0.1934 0.1671 
        H683  4 0.2106 0.1690 0.1880 0.1721 0.2603 
        H718  4 0.1892 0.1694 0.1634 0.2025 0.2756 
        H719  4 0.1597 0.1715 0.2424 0.2651 0.1614 
        H720  4 0.2223 0.1965 0.1765 0.1823 0.2224 
        H721  4 0.2519 0.2141 0.1709 0.1815 0.1815 
        H722  4 0.2634 0.1325 0.1447 0.1749 0.2845 
        H723  4 0.1497 0.1845 0.1835 0.2237 0.2587 
        H724  4 0.1518 0.1792 0.1831 0.2155 0.2704 
        H725  4 0.1917 0.1567 0.1561 0.2167 0.2788 
        H726  4 0.1742 0.1580 0.1692 0.2069 0.2917 
        H727  4 0.1652 0.1879 0.1920 0.2543 0.2006 
        H910  4 0.1704 0.2057 0.2008 0.2334 0.1897 
        H911  4 0.2196 0.2186 0.2200 0.1797 0.1622 
        H912  4 0.2026 0.1828 0.1782 0.1771 0.2593 
        H913  4 0.1595 0.2335 0.2057 0.1962 0.2052 
        H914  4 0.1450 0.2122 0.1839 0.2308 0.2281 
        H915  4 0.1840 0.2252 0.2036 0.1767 0.2103 
        H916  4 0.2281 0.2318 0.1950 0.1500 0.1950 
       H9572  4 0.1955 0.1820 0.2060 0.2234 0.1931 
        H015  5 0.2133 0.2101 0.2256 0.1982 0.1528 
        H016  5 0.2777 0.2008 0.1828 0.1613 0.1774 
        H017  5 0.2236 0.2040 0.1760 0.1756 0.2208 
        H019  5 0.2065 0.1807 0.2006 0.2024 0.2099 
        H020  5 0.1961 0.2087 0.1977 0.1850 0.2125 
        H032  5 0.2001 0.1926 0.2006 0.1917 0.2150 
        H033  5 0.1784 0.1923 0.2368 0.2382 0.1543 
        H034  5 0.1597 0.1692 0.1833 0.2752 0.2126 
        H035  5 0.2004 0.2328 0.2053 0.1717 0.1897 
        H036  5 0.2125 0.2202 0.2442 0.1855 0.1376 
        H037  5 0.1571 0.2291 0.1982 0.2081 0.2075 
        H048  5 0.1674 0.2000 0.1912 0.2075 0.2339 
        H049  5 0.2267 0.1685 0.2150 0.1811 0.2088 
        H054  5 0.2262 0.1913 0.1925 0.2226 0.1674 
        H055  5 0.1879 0.1520 0.1821 0.2596 0.2184 
        H057  5 0.2748 0.1579 0.1657 0.1725 0.2290 
        H060  5 0.2024 0.1977 0.1495 0.2012 0.2492 
        H061  5 0.1955 0.2411 0.2000 0.1970 0.1665 
        H064  5 0.2053 0.1456 0.1857 0.2325 0.2309 
        H070  5 0.1569 0.1969 0.1837 0.2405 0.2220 
        H077  5 0.1677 0.1622 0.1584 0.2084 0.3032 
        H078  5 0.2034 0.1718 0.1803 0.1952 0.2493 
        H079  5 0.1713 0.2745 0.2316 0.1772 0.1454 
        H097  5 0.2410 0.1720 0.1724 0.1627 0.2519 
        H107  5 0.1427 0.1484 0.1711 0.2737 0.2642 
        H122  5 0.2151 0.2494 0.1815 0.1656 0.1884 
        H123  5 0.2283 0.2295 0.2216 0.1704 0.1503 
        H124  5 0.2152 0.2120 0.2334 0.1750 0.1644 
        H131  5 0.1998 0.2012 0.2393 0.2196 0.1402 
        H132  5 0.1785 0.1971 0.2103 0.2221 0.1921 
        H141  5 0.1886 0.2041 0.1911 0.1929 0.2233 
        H142  5 0.1871 0.2244 0.2113 0.2123 0.1648 
        H157  5 0.1839 0.1869 0.1891 0.2260 0.2141 
        H158  5 0.3086 0.1845 0.1990 0.1508 0.1572 
        H159  5 0.2155 0.2585 0.2065 0.1792 0.1404 
        H160  5 0.2111 0.2362 0.1944 0.1711 0.1872 
        H163  5 0.2024 0.2197 0.2217 0.1992 0.1570 
        H164  5 0.1926 0.1817 0.1938 0.2123 0.2196 
        H165  5 0.1959 0.1851 0.2390 0.2330 0.1470 
        H166  5 0.2007 0.2127 0.2361 0.1982 0.1524 
        H169  5 0.1839 0.1769 0.2062 0.2396 0.1935 
     H169613  5 0.1931 0.1959 0.1892 0.2125 0.2094 
     H169653  5 0.2030 0.1851 0.2158 0.2517 0.1444 
     H169728  5 0.2150 0.2402 0.2081 0.1694 0.1672 
     H169742  5 0.1568 0.2454 0.2134 0.1903 0.1941 
        H170  5 0.3084 0.1527 0.1790 0.1803 0.1797 
        H171  5 0.2822 0.1631 0.1855 0.1721 0.1971 
     H171851  5 0.2230 0.1749 0.1961 0.2163 0.1896 
     H171852  5 0.2008 0.1785 0.1687 0.1738 0.2781 
     H171853  5 0.1727 0.1951 0.2099 0.2378 0.1844 
     H171854  5 0.1971 0.1879 0.1931 0.1869 0.2351 
     H171938  5 0.1572 0.2094 0.2068 0.2346 0.1920 
     H171939  5 0.2464 0.2088 0.2073 0.1689 0.1686 
     H171941  5 0.1522 0.1483 0.1855 0.2774 0.2366 
     H171965  5 0.2256 0.1808 0.1894 0.2340 0.1702 
     H171970  5 0.1472 0.1480 0.1773 0.2762 0.2514 
     H171973  5 0.1732 0.2508 0.2311 0.1907 0.1542 
     H171974  5 0.1666 0.1855 0.2169 0.2509 0.1801 
     H171975  5 0.1791 0.1708 0.2180 0.2600 0.1721 
     H171976  5 0.2613 0.1808 0.1782 0.1475 0.2322 
        H175  5 0.1703 0.1932 0.2013 0.2159 0.2193 
        H178  5 0.1874 0.1788 0.2066 0.2260 0.2013 
        H189  5 0.2277 0.1911 0.2210 0.1972 0.1630 
        H399  5 0.3270 0.1959 0.1623 0.1459 0.1689 
        H416  5 0.1671 0.2359 0.2016 0.1847 0.2107 
        H438  5 0.1609 0.2390 0.2132 0.2206 0.1664 
        H450  5 0.1765 0.1771 0.1390 0.2155 0.2919 
        H455  5 0.1516 0.1584 0.1881 0.2919 0.2100 
        H456  5 0.1748 0.2380 0.1996 0.2006 0.1869 
        H457  5 0.2113 0.1586 0.1554 0.1961 0.2786 
        H458  5 0.1795 0.1803 0.1826 0.2433 0.2144 
        H459  5 0.1957 0.2282 0.2281 0.1881 0.1598 
        H460  5 0.1796 0.2433 0.1761 0.1719 0.2291 
        H461  5 0.2622 0.1841 0.1873 0.1624 0.2039 
        H462  5 0.1806 0.2329 0.2601 0.1945 0.1319 
        H469  5 0.1827 0.2210 0.2345 0.2120 0.1498 
        H470  5 0.1779 0.1850 0.1968 0.2154 0.2250 
        H471  5 0.2821 0.2096 0.1962 0.1396 0.1726 
        H481  5 0.1540 0.1784 0.1705 0.2174 0.2796 
        H482  5 0.1833 0.1647 0.1784 0.2012 0.2725 
        H501  5 0.1681 0.1804 0.2090 0.1973 0.2451 
        H502  5 0.2257 0.1975 0.2226 0.1729 0.1813 
        H503  5 0.2445 0.1924 0.2021 0.2033 0.1578 
        H509  5 0.1660 0.2149 0.2147 0.2218 0.1826 
        H510  5 0.2168 0.1699 0.1886 0.2358 0.1888 
        H511  5 0.2117 0.1922 0.1981 0.2069 0.1911 
        H530  5 0.1627 0.1845 0.2108 0.2224 0.2196 
        H531  5 0.1800 0.2049 0.1791 0.1695 0.2666 
        H564  5 0.1885 0.1945 0.1727 0.1743 0.2699 
        H565  5 0.1629 0.1934 0.1646 0.1814 0.2977 
        H567  5 0.2069 0.2378 0.2546 0.1639 0.1367 
     H568???  5 0.2892 0.1782 0.1943 0.1810 0.1574 
        H608  5 0.1637 0.1881 0.1484 0.2210 0.2788 
        H609  5 0.1612 0.1902 0.2439 0.2602 0.1445 
        H612  5 0.1389 0.1844 0.1659 0.2198 0.2910 
        H614  5 0.1828 0.1713 0.1551 0.1844 0.3064 
        H615  5 0.1875 0.1859 0.1810 0.1675 0.2781 
        H616  5 0.1329 0.1665 0.1648 0.2642 0.2718 
        H617  5 0.1791 0.2615 0.2278 0.1814 0.1502 
        H618  5 0.1836 0.1696 0.1901 0.2355 0.2212 
        H619  5 0.1622 0.2036 0.2169 0.2390 0.1783 
        H635  5 0.1863 0.1814 0.2112 0.2409 0.1802 
        H636  5 0.1524 0.2412 0.2068 0.2334 0.1662 
        H637  5 0.1650 0.2180 0.1921 0.1789 0.2460 
        H644  5 0.3172 0.1889 0.2089 0.1556 0.1294 
        H711  5 0.2488 0.1730 0.1777 0.1577 0.2427 
        H712  5 0.1471 0.2240 0.2192 0.2446 0.1651 
       H7360  5 0.2195 0.1709 0.1937 0.2050 0.2109 
       H7361  5 0.1865 0.1733 0.1818 0.2270 0.2315 
       H7362  5 0.3082 0.1985 0.2059 0.1724 0.1150 
       H7363  5 0.2035 0.2088 0.1875 0.1993 0.2008 
       H7394  5 0.1800 0.2198 0.2268 0.1858 0.1876 
       H7395  5 0.1990 0.1857 0.1883 0.2460 0.1809 
       H7396  5 0.1663 0.2231 0.2210 0.1900 0.1996 
        H742  5 0.1541 0.2492 0.2104 0.1915 0.1948 
        H743  5 0.1921 0.2246 0.1991 0.1741 0.2101 
        H744  5 0.1685 0.1874 0.1758 0.2259 0.2425 
        H957  5 0.2517 0.1774 0.1795 0.1733 0.2181 
        H958  5 0.1861 0.2631 0.2220 0.1656 0.1632 
        H959  5 0.1520 0.1442 0.1823 0.2375 0.2839 
        H960  5 0.1908 0.2192 0.2136 0.2033 0.1732 
      H_PALI  6 0.1739 0.1889 0.2127 0.1865 0.2379 
        H581  6 0.1879 0.1990 0.1928 0.1669 0.2533 
        H582  6 0.1983 0.1635 0.1599 0.2056 0.2727 
        H583  6 0.1890 0.2067 0.1893 0.1864 0.2286 
        H595  6 0.2052 0.2546 0.2450 0.1576 0.1376 
        H596  6 0.1973 0.2590 0.2270 0.1546 0.1620 
        H597  6 0.2660 0.2245 0.1956 0.1821 0.1318 
        H598  6 0.1794 0.2039 0.1986 0.2324 0.1856 
        H599  6 0.1576 0.1803 0.2182 0.2165 0.2273 
        H642  6 0.2539 0.2125 0.1942 0.1614 0.1780 
        H643  6 0.1865 0.2190 0.2157 0.2167 0.1621 
        H664  6 0.2071 0.1892 0.1506 0.1562 0.2970 
        H665  6 0.1581 0.2095 0.2124 0.2362 0.1837 
        H674  6 0.2945 0.2120 0.2033 0.1605 0.1297 
        H675  6 0.2130 0.1975 0.1777 0.2051 0.2067 
        H676  6 0.2169 0.2093 0.1943 0.1923 0.1872 
        H686  6 0.2203 0.1898 0.2008 0.1909 0.1982 
        H687  6 0.2074 0.2258 0.1930 0.1771 0.1967 
        H917  6 0.1714 0.2515 0.2384 0.2065 0.1323 
        H918  6 0.1842 0.2049 0.2259 0.2263 0.1587 
        H919  6 0.1444 0.2128 0.2008 0.2231 0.2190 
        H920  6 0.1772 0.1678 0.1822 0.2088 0.2639 
        H631  7 0.1991 0.1815 0.1937 0.2242 0.2016 
        H684  7 0.2906 0.1619 0.1727 0.1979 0.1769 
        H685  7 0.1735 0.2133 0.1913 0.1815 0.2404 
        H713  7 0.1704 0.1789 0.1589 0.2209 0.2708 
        H715  7 0.2644 0.1848 0.1799 0.2096 0.1613 
        H716  7 0.2068 0.1715 0.1888 0.2508 0.1821 
        H717  7 0.1974 0.1792 0.2177 0.2093 0.1964 
        H729  7 0.1734 0.2121 0.2635 0.2143 0.1368 
        H730  7 0.1687 0.2138 0.2340 0.2324 0.1512 
        H431  8 0.1779 0.1827 0.1784 0.2164 0.2446 
        H432  8 0.2805 0.2020 0.2218 0.1782 0.1175 
        H433  8 0.1685 0.2280 0.2318 0.2093 0.1624 
        H434  8 0.1844 0.2140 0.2251 0.2156 0.1609 
        H444  8 0.1704 0.1804 0.2206 0.2671 0.1614 
        H454  8 0.1492 0.1537 0.1978 0.2492 0.2500 
        H475  8 0.1442 0.1487 0.1406 0.1991 0.3675 
        H491  8 0.1769 0.1638 0.1811 0.2377 0.2404 
        H492  8 0.1672 0.1854 0.2057 0.1850 0.2566 
        H493  8 0.2120 0.1911 0.2014 0.1963 0.1993 
        H494  8 0.1874 0.2224 0.2229 0.1972 0.1701 
        H495  8 0.1886 0.1653 0.1350 0.1689 0.3423 
        H662  8 0.2417 0.1927 0.2034 0.1729 0.1892 
        H663  8 0.2006 0.2175 0.1958 0.1796 0.2066 
        H695  8 0.1759 0.2008 0.2142 0.1985 0.2107 
       H7367  8 0.1812 0.2273 0.2608 0.1875 0.1433 
       H7368  8 0.2454 0.1793 0.1964 0.2044 0.1745 
       H7369  8 0.1698 0.2013 0.2083 0.2387 0.1818 
       H7370  8 0.1625 0.2796 0.2852 0.1365 0.1362 
       H7371  8 0.1833 0.2174 0.2315 0.1945 0.1734 
        H600  9 0.1742 0.1879 0.1717 0.2162 0.2501 
        H648  9 0.2392 0.1837 0.1878 0.1997 0.1896 
        H696  9 0.2804 0.2151 0.2234 0.1451 0.1361 
        H697  9 0.2023 0.2264 0.2064 0.2039 0.1610 
        H698  9 0.2245 0.2073 0.2160 0.1965 0.1557 
        H699  9 0.1914 0.1795 0.2116 0.2130 0.2044 
        H700  9 0.1660 0.1885 0.1702 0.2268 0.2485 
        H732  9 0.2083 0.1614 0.1711 0.1995 0.2597 
        H733  9 0.1921 0.2326 0.2256 0.1926 0.1571 
        H734  9 0.2087 0.2442 0.2251 0.1461 0.1758 
        H735  9 0.2108 0.2265 0.2240 0.1738 0.1649 
        H736  9 0.1894 0.2146 0.1905 0.1714 0.2341 
        H737  9 0.2053 0.1924 0.1717 0.2193 0.2114 
        H905  9 0.1535 0.1620 0.1783 0.2672 0.2390 
        H921  9 0.1644 0.1821 0.2046 0.2257 0.2231 
        H922  9 0.1885 0.2244 0.2607 0.1930 0.1334 
     H169705 10 0.1780 0.2619 0.2352 0.1863 0.1386 
     H171942 10 0.2629 0.1899 0.2311 0.2027 0.1134 
     H171943 10 0.2130 0.2681 0.1989 0.1653 0.1547 
     H171944 10 0.1751 0.2441 0.2105 0.1758 0.1945 
     H171946 10 0.2177 0.1860 0.1655 0.1688 0.2621 
     H171947 10 0.1788 0.1804 0.2419 0.1842 0.2147 
     H229641 10 0.1795 0.1990 0.1992 0.1778 0.2445 
      H30001 10 0.1728 0.1951 0.2000 0.2171 0.2149 
      H30002 10 0.1710 0.2021 0.2054 0.2357 0.1858 
      H30005 10 0.2051 0.2212 0.2160 0.2042 0.1536 
      H30006 10 0.2425 0.2072 0.2408 0.1620 0.1476 
      H30007 10 0.3021 0.2269 0.1827 0.1295 0.1589 
        H451 10 0.1867 0.1969 0.2281 0.2389 0.1494 
        H452 10 0.2323 0.2379 0.1871 0.1494 0.1932 
        H453 10 0.1933 0.1471 0.1630 0.2239 0.2727 
        H473 10 0.1954 0.1891 0.1977 0.1909 0.2270 
        H474 10 0.1683 0.1519 0.1664 0.1893 0.3240 
        H486 10 0.1921 0.1879 0.1914 0.2036 0.2250 
        H487 10 0.1890 0.1760 0.1952 0.2082 0.2316 
        H488 10 0.1603 0.1619 0.2195 0.2794 0.1790 
        H489 10 0.1539 0.1768 0.1948 0.2006 0.2739 
        H550 10 0.2387 0.2054 0.2030 0.1616 0.1914 
        H551 10 0.1576 0.2184 0.2411 0.1870 0.1958 
        H553 10 0.2050 0.1845 0.1798 0.1972 0.2335 
        H554 10 0.2052 0.1788 0.1955 0.2087 0.2118 
        H556 10 0.2246 0.2223 0.1993 0.1736 0.1802 
        H580 10 0.2019 0.2307 0.2048 0.2180 0.1447 
        H591 10 0.1455 0.1553 0.1685 0.2093 0.3214 
        H592 10 0.1633 0.2229 0.1998 0.1810 0.2330 
        H593 10 0.2062 0.1732 0.1926 0.1960 0.2320 
        H594 10 0.2618 0.2111 0.2332 0.1715 0.1224 
        H627 10 0.2168 0.2018 0.1974 0.1676 0.2164 
        H628 10 0.2157 0.1934 0.2353 0.2358 0.1198 
        H629 10 0.2486 0.1996 0.1836 0.1618 0.2064 
        H630 10 0.1824 0.2472 0.2035 0.1520 0.2150 
        H638 10 0.1873 0.2349 0.2323 0.1763 0.1693 
        H639 10 0.2167 0.1657 0.1725 0.2081 0.2369 
        H640 10 0.2150 0.2240 0.2148 0.1621 0.1842 
        H704 10 0.2684 0.1899 0.2007 0.1868 0.1541 
        H705 10 0.1690 0.2639 0.2427 0.1861 0.1385 
        H706 10 0.1591 0.1791 0.2001 0.2693 0.1924 
        H708 10 0.1585 0.1830 0.1648 0.1898 0.3039 
       H7351 10 0.2245 0.1806 0.2127 0.1999 0.1823 
       H7352 10 0.1895 0.2017 0.1987 0.2016 0.2084 
       H7353 10 0.3201 0.1696 0.1720 0.1884 0.1499 
       H7354 10 0.1684 0.1776 0.1777 0.2610 0.2153 
       H7365 10 0.1615 0.2023 0.1731 0.2159 0.2472 
       H7383 10 0.1607 0.1971 0.2005 0.2477 0.1941 
       H7384 10 0.1837 0.1666 0.1996 0.2409 0.2092 
       H7385 10 0.1619 0.2109 0.1776 0.2316 0.2180 
       H7386 10 0.1920 0.1783 0.2302 0.2440 0.1554 
       H7387 10 0.2008 0.2171 0.1976 0.2113 0.1732 
       H7388 10 0.2209 0.1983 0.2014 0.1947 0.1846 
        H906 10 0.2310 0.1457 0.1752 0.2112 0.2370 
        H907 10 0.2197 0.2093 0.2276 0.1799 0.1636 
        H908 10 0.1791 0.1924 0.1982 0.2284 0.2020 
        H909 10 0.1711 0.1803 0.1941 0.2674 0.1870 
       H9552 10 0.2323 0.1880 0.2054 0.2062 0.1680 
       H9553 10 0.2110 0.2023 0.1967 0.1932 0.1968 
       H9555 10 0.1717 0.2720 0.2193 0.1800 0.1570 
       H9575 10 0.2061 0.1657 0.1597 0.1949 0.2737 
       H9703 10 0.1737 0.1884 0.1643 0.2227 0.2508 
       H9707 10 0.1707 0.1807 0.1843 0.1902 0.2741 
       HSAA4 10 0.2058 0.2302 0.2032 0.2187 0.1421 
        H001 11 0.1960 0.1999 0.1975 0.2289 0.1778 
        H004 11 0.1967 0.2023 0.2036 0.2043 0.1931 
        H005 11 0.1447 0.1366 0.1668 0.2527 0.2992 
        H006 11 0.1742 0.2111 0.1922 0.2226 0.1999 
        H007 11 0.1465 0.1762 0.1967 0.2477 0.2330 
        H031 11 0.1366 0.1852 0.1678 0.1942 0.3162 
        H074 11 0.1835 0.1914 0.1966 0.2061 0.2223 
        H075 11 0.1477 0.2170 0.1702 0.1926 0.2725 
        H080 11 0.1665 0.1762 0.1816 0.2580 0.2177 
        H086 11 0.2020 0.1932 0.2109 0.2190 0.1749 
        H092 11 0.1790 0.2048 0.1871 0.2077 0.2215 
        H093 11 0.2585 0.1996 0.2094 0.1837 0.1487 
        H094 11 0.2036 0.2262 0.2187 0.1602 0.1914 
        H095 11 0.1912 0.1887 0.1808 0.2213 0.2180 
        H096 11 0.1640 0.1774 0.1976 0.2368 0.2241 
        H099 11 0.1763 0.2018 0.1926 0.2139 0.2154 
        H100 11 0.2218 0.2307 0.2424 0.1868 0.1183 
        H127 11 0.1993 0.1790 0.2003 0.2067 0.2146 
        H136 11 0.1564 0.1645 0.1707 0.1876 0.3207 
        H153 11 0.1890 0.1891 0.2020 0.2001 0.2198 
        H154 11 0.1688 0.2112 0.1642 0.1912 0.2646 
        H155 11 0.1752 0.2220 0.2533 0.2427 0.1069 
        H156 11 0.1919 0.2114 0.2493 0.2236 0.1237 
        H161 11 0.2094 0.1799 0.1922 0.1845 0.2339 
        H162 11 0.2230 0.2558 0.2131 0.1672 0.1410 
        H167 11 0.1979 0.1953 0.2144 0.2168 0.1756 
        H168 11 0.2123 0.2065 0.1940 0.2187 0.1685 
     H169586 11 0.2523 0.1688 0.1445 0.1410 0.2934 
     H169738 11 0.1861 0.2244 0.2252 0.2160 0.1483 
     H169741 11 0.1521 0.1867 0.1928 0.1658 0.3026 
     H171801 11 0.2436 0.1816 0.2196 0.2042 0.1510 
     H171810 11 0.1783 0.1799 0.1890 0.1792 0.2736 
     H171811 11 0.2033 0.1866 0.1561 0.1955 0.2586 
     H171812 11 0.1568 0.2004 0.2357 0.2508 0.1563 
     H171820 11 0.1785 0.1900 0.1680 0.2035 0.2600 
     H171821 11 0.2090 0.2126 0.2160 0.2100 0.1524 
     H171822 11 0.1876 0.2519 0.2135 0.1818 0.1651 
     H171823 11 0.2090 0.1314 0.1492 0.1779 0.3324 
     H171866 11 0.2381 0.2067 0.1985 0.1839 0.1727 
     H171867 11 0.1596 0.2354 0.2324 0.2101 0.1625 
     H171967 11 0.1559 0.1813 0.2014 0.2130 0.2485 
     H171969 11 0.1879 0.1976 0.2097 0.2003 0.2046 
        H172 11 0.1746 0.2394 0.2233 0.1879 0.1749 
        H173 11 0.1530 0.2303 0.2342 0.2142 0.1683 
        H174 11 0.2632 0.2411 0.2013 0.1504 0.1440 
        H196 11 0.2107 0.2391 0.2237 0.1907 0.1358 
        H197 11 0.1754 0.2014 0.2145 0.2261 0.1825 
        H346 11 0.1591 0.1851 0.1951 0.2484 0.2123 
        H355 11 0.1967 0.1970 0.2242 0.2114 0.1706 
        H356 11 0.2003 0.1829 0.2041 0.2149 0.1978 
        H357 11 0.1643 0.1931 0.2034 0.2019 0.2373 
        H358 11 0.1466 0.2655 0.1953 0.2226 0.1700 
        H359 11 0.1957 0.2015 0.1953 0.1929 0.2147 
        H360 11 0.1637 0.1905 0.2289 0.2160 0.2009 
        H361 11 0.1962 0.1879 0.2059 0.2316 0.1784 
        H362 11 0.1940 0.2541 0.2326 0.1831 0.1363 
        H363 11 0.1503 0.1689 0.1581 0.2262 0.2965 
        H364 11 0.2040 0.1744 0.1864 0.2070 0.2282 
        H365 11 0.1914 0.2190 0.2194 0.1878 0.1823 
        H366 11 0.2073 0.2211 0.2284 0.2013 0.1419 
        H367 11 0.1875 0.1792 0.1737 0.2121 0.2475 
        H368 11 0.2420 0.2205 0.2175 0.1369 0.1830 
        H369 11 0.1469 0.1770 0.1744 0.2413 0.2605 
        H370 11 0.2021 0.1910 0.2184 0.1945 0.1940 
        H371 11 0.1771 0.2119 0.2316 0.1797 0.1997 
        H372 11 0.1834 0.2559 0.2149 0.1826 0.1633 
        H373 11 0.1800 0.1863 0.2029 0.2456 0.1852 
        H374 11 0.1642 0.1638 0.1906 0.2632 0.2182 
        H375 11 0.1596 0.2162 0.2116 0.2190 0.1937 
        H376 11 0.2435 0.1947 0.2101 0.2047 0.1470 
        H377 11 0.1589 0.1807 0.2160 0.2023 0.2421 
        H378 11 0.2115 0.1916 0.1960 0.2178 0.1831 
        H379 11 0.1924 0.2285 0.1953 0.1724 0.2114 
        H380 11 0.1790 0.2011 0.2325 0.2312 0.1563 
        H381 11 0.1972 0.1637 0.1653 0.1697 0.3041 
        H382 11 0.2265 0.2198 0.2141 0.1962 0.1435 
        H383 11 0.2341 0.1715 0.2188 0.2411 0.1345 
        H384 11 0.1770 0.1881 0.1849 0.2061 0.2438 
        H385 11 0.1646 0.1943 0.1863 0.1928 0.2621 
        H386 11 0.1615 0.2195 0.2114 0.2456 0.1619 
        H387 11 0.3109 0.1682 0.1475 0.1799 0.1935 
        H388 11 0.2119 0.2335 0.2366 0.1927 0.1254 
        H389 11 0.1608 0.2269 0.2206 0.2073 0.1844 
        H390 11 0.1981 0.2253 0.2012 0.2099 0.1655 
        H391 11 0.2478 0.2784 0.1818 0.1459 0.1461 
        H392 11 0.1550 0.2142 0.1634 0.2100 0.2574 
        H393 11 0.2380 0.1997 0.2222 0.1934 0.1467 
        H394 11 0.3093 0.1930 0.1864 0.1502 0.1612 
        H395 11 0.1639 0.1608 0.1736 0.2292 0.2725 
        H408 11 0.1589 0.1945 0.2026 0.2578 0.1863 
        H412 11 0.2080 0.1847 0.1412 0.1649 0.3012 
        H417 11 0.1693 0.1913 0.1937 0.1846 0.2611 
        H418 11 0.2409 0.1955 0.1726 0.1831 0.2080 
        H429 11 0.1957 0.2293 0.1873 0.2105 0.1772 
        H430 11 0.1901 0.2320 0.2330 0.2007 0.1442 
        H439 11 0.1636 0.2218 0.2056 0.2119 0.1972 
        H440 11 0.1678 0.1741 0.1493 0.2200 0.2888 
        H441 11 0.1962 0.2402 0.2152 0.2005 0.1479 
        H442 11 0.2224 0.1979 0.2114 0.1970 0.1713 
        H446 11 0.2172 0.2045 0.1899 0.2035 0.1850 
        H447 11 0.1739 0.2854 0.2111 0.1738 0.1559 
        H448 11 0.1703 0.2472 0.2208 0.2003 0.1613 
        H534 11 0.1883 0.1554 0.1438 0.2233 0.2892 
        H537 11 0.2223 0.1483 0.1604 0.2364 0.2326 
        H568 11 0.1501 0.1534 0.1644 0.2051 0.3270 
        H569 11 0.1921 0.2316 0.2817 0.1803 0.1143 
        H586 11 0.2504 0.1644 0.1424 0.1350 0.3078 
        H587 11 0.1516 0.1781 0.1662 0.2354 0.2687 
        H588 11 0.2886 0.1996 0.1938 0.1655 0.1525 
        H589 11 0.1615 0.1829 0.1577 0.2087 0.2892 
        H590 11 0.1867 0.1605 0.1631 0.2073 0.2824 
        H601 11 0.2166 0.2016 0.2408 0.1818 0.1592 
        H602 11 0.1810 0.2164 0.1885 0.1965 0.2176 
        H603 11 0.1755 0.2265 0.2161 0.2214 0.1605 
