        H102  1 0.3137 0.2134 0.2635 0.2093 
        H103  1 0.1704 0.3188 0.1275 0.3833 
        H104  1 0.2896 0.1862 0.3265 0.1976 
        H105  1 0.3477 0.2062 0.2080 0.2381 
        H106  1 0.2011 0.2422 0.2644 0.2922 
        H112  1 0.2436 0.2040 0.3166 0.2358 
        H113  1 0.3431 0.2057 0.1878 0.2634 
        H114  1 0.3251 0.2118 0.1445 0.3185 
        H115  1 0.3622 0.1669 0.2590 0.2120 
        H143  1 0.3679 0.2259 0.1866 0.2195 
        H144  1 0.2984 0.3871 0.1217 0.1928 
        H145  1 0.2250 0.3116 0.1264 0.3370 
        H149  1 0.2355 0.1999 0.3663 0.1983 
        H150  1 0.2570 0.2985 0.2231 0.2214 
     H167542  1 0.4398 0.1753 0.1794 0.2055 
     H169604  1 0.3395 0.2396 0.1827 0.2381 
     H169607  1 0.3018 0.3131 0.1495 0.2357 
     H169608  1 0.2179 0.2167 0.3600 0.2054 
     H169633  1 0.3223 0.2374 0.1471 0.2932 
     H169688  1 0.1646 0.3973 0.2167 0.2213 
     H169714  1 0.2357 0.2219 0.3082 0.2342 
     H171802  1 0.1706 0.2203 0.3612 0.2479 
     H171805  1 0.2187 0.2868 0.1885 0.3060 
     H171807  1 0.2205 0.2627 0.3014 0.2154 
     H171814  1 0.2164 0.3704 0.1412 0.2720 
     H171816  1 0.2193 0.2250 0.3224 0.2332 
     H171817  1 0.2396 0.1985 0.3102 0.2517 
     H171818  1 0.2721 0.2343 0.2161 0.2774 
     H171819  1 0.2383 0.2209 0.2509 0.2898 
     H171834  1 0.2801 0.2475 0.2168 0.2556 
     H171835  1 0.2189 0.1891 0.4206 0.1714 
     H171836  1 0.2286 0.2449 0.1063 0.4203 
     H171837  1 0.3543 0.1843 0.2592 0.2022 
     H171838  1 0.1670 0.2370 0.1700 0.4260 
     H171839  1 0.3207 0.2122 0.2679 0.1992 
     H171841  1 0.1275 0.1930 0.4977 0.1818 
     H171860  1 0.3226 0.2089 0.2156 0.2529 
     H171861  1 0.2632 0.2237 0.1161 0.3970 
     H171862  1 0.2637 0.2539 0.2095 0.2728 
     H171868  1 0.4274 0.1778 0.1800 0.2148 
     H171869  1 0.1966 0.3945 0.1745 0.2344 
     H171870  1 0.1773 0.2964 0.3053 0.2210 
     H171871  1 0.1675 0.2951 0.1638 0.3737 
     H171872  1 0.3011 0.2072 0.2675 0.2242 
     H171873  1 0.1918 0.3101 0.2862 0.2119 
     H171874  1 0.2902 0.2975 0.1823 0.2300 
     H171875  1 0.3395 0.2557 0.1162 0.2886 
     H171876  1 0.3591 0.2477 0.1530 0.2402 
     H171877  1 0.4811 0.1570 0.1824 0.1795 
     H171878  1 0.1750 0.3105 0.3250 0.1895 
     H171901  1 0.1736 0.2046 0.3525 0.2693 
     H171902  1 0.2342 0.3197 0.2462 0.1999 
     H171903  1 0.2533 0.2550 0.2206 0.2710 
     H171935  1 0.1373 0.2704 0.3382 0.2541 
     H171936  1 0.3757 0.2132 0.1664 0.2447 
     H171940  1 0.3075 0.2233 0.2992 0.1700 
     H171945  1 0.2182 0.3265 0.2434 0.2119 
     H171948  1 0.2289 0.1987 0.2905 0.2818 
     H171949  1 0.2115 0.2007 0.4132 0.1746 
     H171950  1 0.1825 0.1764 0.4475 0.1936 
     H171963  1 0.2060 0.3373 0.1829 0.2737 
     H171964  1 0.2264 0.4135 0.1613 0.1987 
     H171966  1 0.2005 0.2545 0.2627 0.2823 
     H171968  1 0.2610 0.2833 0.2903 0.1654 
     H171971  1 0.1759 0.2585 0.2520 0.3136 
     H171972  1 0.2146 0.3190 0.1526 0.3138 
     H171977  1 0.2679 0.3530 0.1489 0.2302 
     H171978  1 0.1725 0.2705 0.3427 0.2143 
     H171979  1 0.2025 0.2880 0.1374 0.3721 
        H176  1 0.3280 0.2326 0.1972 0.2421 
        H177  1 0.2106 0.1874 0.4178 0.1842 
        H179  1 0.3442 0.1624 0.3191 0.1743 
        H181  1 0.2403 0.3055 0.1634 0.2908 
        H182  1 0.2397 0.2507 0.1180 0.3915 
        H183  1 0.1901 0.3598 0.1743 0.2759 
        H184  1 0.2496 0.1980 0.3139 0.2385 
        H185  1 0.2790 0.2802 0.1544 0.2864 
        H186  1 0.2449 0.3543 0.2595 0.1413 
        H187  1 0.1841 0.2348 0.2715 0.3095 
        H188  1 0.4151 0.1646 0.2544 0.1659 
        H192  1 0.2067 0.1919 0.4029 0.1986 
        H193  1 0.2510 0.3243 0.1394 0.2853 
        H194  1 0.2859 0.2164 0.2449 0.2527 
        H195  1 0.1805 0.4116 0.2003 0.2077 
        H199  1 0.2206 0.3775 0.1855 0.2165 
        H200  1 0.2455 0.2162 0.3060 0.2322 
        H414  1 0.1902 0.2885 0.1874 0.3339 
        H415  1 0.2577 0.2545 0.1697 0.3180 
        H422  1 0.2051 0.3227 0.2787 0.1936 
        H423  1 0.1526 0.1687 0.5223 0.1564 
        H424  1 0.1866 0.3498 0.1488 0.3148 
        H425  1 0.2253 0.4327 0.1555 0.1866 
        H426  1 0.1493 0.4159 0.1895 0.2454 
        H443  1 0.3349 0.3950 0.1420 0.1282 
        H466  1 0.2461 0.2580 0.2483 0.2477 
        H467  1 0.1841 0.2029 0.4504 0.1625 
        H472  1 0.2817 0.2517 0.2447 0.2218 
        H483  1 0.3866 0.2443 0.1573 0.2119 
        H504  1 0.2028 0.3778 0.1607 0.2587 
        H505  1 0.2578 0.2230 0.3177 0.2014 
        H506  1 0.2688 0.2989 0.2286 0.2037 
        H507  1 0.2633 0.2724 0.1157 0.3486 
        H508  1 0.1725 0.2908 0.3024 0.2342 
        H524  1 0.2811 0.2513 0.1576 0.3100 
        H525  1 0.3187 0.3020 0.1766 0.2027 
        H526  1 0.4704 0.1879 0.1602 0.1814 
        H527  1 0.2144 0.2180 0.3425 0.2251 
        H528  1 0.2817 0.2884 0.1388 0.2912 
        H529  1 0.2583 0.3535 0.1270 0.2611 
        H533  1 0.1787 0.2162 0.1198 0.4853 
        H538  1 0.3366 0.2166 0.2337 0.2132 
        H539  1 0.1696 0.2761 0.2484 0.3058 
        H540  1 0.2561 0.2331 0.2234 0.2874 
        H541  1 0.3866 0.1975 0.1911 0.2249 
        H558  1 0.1354 0.2984 0.2074 0.3588 
        H559  1 0.3627 0.2475 0.2143 0.1754 
        H579  1 0.2742 0.2875 0.1675 0.2708 
        H584  1 0.2257 0.3601 0.1681 0.2461 
        H585  1 0.2209 0.2850 0.1941 0.3001 
        H605  1 0.2249 0.2431 0.2976 0.2344 
        H606  1 0.2699 0.1771 0.4088 0.1442 
        H632  1 0.2907 0.3490 0.1437 0.2166 
        H634  1 0.2454 0.2743 0.2059 0.2745 
        H671  1 0.1879 0.2105 0.4250 0.1766 
        H672  1 0.2510 0.2370 0.2361 0.2759 
        H673  1 0.3278 0.3082 0.1767 0.1873 
        H689  1 0.3452 0.2776 0.1629 0.2143 
        H690  1 0.2956 0.1873 0.2805 0.2366 
        H691  1 0.4346 0.1956 0.1850 0.1848 
        H692  1 0.2406 0.3643 0.1003 0.2948 
        H709  1 0.2346 0.2574 0.1909 0.3172 
        H710  1 0.2322 0.3328 0.1189 0.3161 
       H7355  1 0.3907 0.1941 0.1288 0.2864 
       H7356  1 0.2306 0.2956 0.2283 0.2455 
       H7357  1 0.3043 0.1919 0.2562 0.2476 
       H7358  1 0.3556 0.2373 0.1739 0.2332 
       H7380  1 0.3116 0.2600 0.1746 0.2538 
       H7381  1 0.1815 0.2961 0.3329 0.1895 
       H7382  1 0.3024 0.2779 0.1877 0.2321 
        H904  1 0.2187 0.1363 0.5192 0.1258 
        H923  1 0.2546 0.2651 0.2785 0.2019 
        H924  1 0.2863 0.2322 0.2787 0.2027 
        H925  1 0.4455 0.2018 0.1744 0.1782 
       H9558  1 0.1303 0.3032 0.1898 0.3768 
        H008  2 0.3001 0.2326 0.1409 0.3263 
        H021  2 0.2902 0.2147 0.2998 0.1953 
        H023  2 0.3195 0.1896 0.3019 0.1890 
        H024  2 0.1805 0.2956 0.1331 0.3908 
        H025  2 0.1806 0.2564 0.3654 0.1976 
        H026  2 0.2205 0.3901 0.1353 0.2541 
        H027  2 0.3528 0.2310 0.1865 0.2297 
        H028  2 0.2436 0.2775 0.1801 0.2988 
        H029  2 0.3002 0.2787 0.1550 0.2662 
        H030  2 0.1817 0.3138 0.1424 0.3621 
        H038  2 0.2423 0.2103 0.3687 0.1787 
        H039  2 0.1203 0.1193 0.6439 0.1165 
        H040  2 0.1713 0.2253 0.3694 0.2339 
        H041  2 0.3822 0.1935 0.1798 0.2444 
        H042  2 0.2966 0.2113 0.2628 0.2293 
        H043  2 0.1231 0.2138 0.4808 0.1823 
        H044  2 0.1599 0.2727 0.1664 0.4010 
        H047  2 0.1701 0.2555 0.3183 0.2561 
        H050  2 0.1828 0.2722 0.1582 0.3868 
        H058  2 0.1703 0.2571 0.3094 0.2632 
        H062  2 0.3721 0.1868 0.2869 0.1542 
        H063  2 0.2065 0.1848 0.3932 0.2156 
        H065  2 0.2075 0.3985 0.2252 0.1688 
        H066  2 0.1622 0.2738 0.2142 0.3498 
        H067  2 0.3709 0.2432 0.1689 0.2170 
        H068  2 0.1937 0.1954 0.3951 0.2158 
        H069  2 0.1862 0.3005 0.2387 0.2746 
        H071  2 0.2628 0.2121 0.3246 0.2005 
        H072  2 0.1916 0.1652 0.4512 0.1919 
        H073  2 0.2843 0.3332 0.1671 0.2153 
        H081  2 0.4077 0.1792 0.2154 0.1977 
        H082  2 0.1858 0.2612 0.1385 0.4145 
        H083  2 0.2179 0.3108 0.1547 0.3165 
        H084  2 0.2000 0.2466 0.2552 0.2982 
        H085  2 0.4582 0.1779 0.1746 0.1893 
        H087  2 0.4482 0.1668 0.1869 0.1980 
        H088  2 0.2515 0.1978 0.3422 0.2085 
        H089  2 0.3933 0.2161 0.1788 0.2118 
        H090  2 0.2447 0.2859 0.1490 0.3204 
        H091  2 0.3716 0.2421 0.1224 0.2639 
        H098  2 0.2345 0.2272 0.1940 0.3443 
      H10001  2 0.1253 0.1204 0.6397 0.1146 
      H10002  2 0.2761 0.1866 0.3387 0.1985 
        H101  2 0.1606 0.2607 0.1681 0.4106 
        H108  2 0.3231 0.1785 0.3484 0.1499 
        H109  2 0.1537 0.2350 0.2823 0.3290 
        H110  2 0.3663 0.2157 0.1547 0.2633 
        H116  2 0.2053 0.3373 0.1826 0.2747 
        H117  2 0.3550 0.2030 0.1471 0.2950 
        H118  2 0.3269 0.3415 0.1171 0.2145 
        H119  2 0.2917 0.2169 0.2827 0.2087 
        H120  2 0.2787 0.1320 0.4554 0.1339 
        H121  2 0.3448 0.2640 0.1392 0.2519 
        H125  2 0.1358 0.1306 0.6099 0.1238 
        H126  2 0.1828 0.3808 0.2028 0.2336 
        H128  2 0.2025 0.3991 0.0831 0.3153 
        H129  2 0.2017 0.4224 0.1340 0.2419 
        H130  2 0.1336 0.2616 0.4018 0.2030 
        H133  2 0.1449 0.2018 0.4939 0.1594 
        H134  2 0.1531 0.4989 0.1286 0.2194 
        H135  2 0.3259 0.2096 0.2313 0.2332 
        H137  2 0.1981 0.2261 0.2142 0.3615 
        H138  2 0.1880 0.3717 0.1574 0.2830 
        H140  2 0.2586 0.2551 0.2250 0.2613 
        H146  2 0.2556 0.3275 0.1733 0.2436 
        H147  2 0.3139 0.2333 0.1599 0.2929 
        H148  2 0.3701 0.1864 0.1635 0.2801 
     H166022  2 0.2316 0.2388 0.1400 0.3896 
     H167359  2 0.2149 0.2587 0.2301 0.2962 
     H167397  2 0.2188 0.2820 0.0926 0.4065 
     H167428  2 0.4635 0.2332 0.0965 0.2067 
     H167496  2 0.2640 0.1628 0.3978 0.1755 
     H167513  2 0.1422 0.2069 0.2952 0.3557 
     H167545  2 0.2067 0.2979 0.1390 0.3564 
     H167547  2 0.1370 0.3256 0.1387 0.3987 
     H169621  2 0.2331 0.2644 0.1470 0.3555 
     H169622  2 0.2656 0.3275 0.1680 0.2389 
     H169750  2 0.1538 0.2606 0.3178 0.2678 
     H171806  2 0.2735 0.2568 0.2581 0.2116 
     H171808  2 0.3163 0.2659 0.1998 0.2180 
     H171809  2 0.3433 0.1930 0.2356 0.2281 
     H171813  2 0.2275 0.2802 0.2530 0.2393 
     H171815  2 0.1488 0.2052 0.4858 0.1602 
     H171824  2 0.3698 0.1566 0.2991 0.1746 
     H171825  2 0.2719 0.3046 0.1909 0.2326 
     H171826  2 0.3091 0.2013 0.2532 0.2364 
     H171827  2 0.2397 0.2659 0.2449 0.2495 
     H171828  2 0.2629 0.1305 0.4799 0.1268 
     H171829  2 0.1646 0.3536 0.2413 0.2405 
     H171830  2 0.1973 0.2066 0.2428 0.3533 
     H171831  2 0.2262 0.3370 0.1321 0.3047 
     H171832  2 0.2219 0.2805 0.2006 0.2970 
     H171863  2 0.1800 0.3353 0.1288 0.3558 
     H171864  2 0.2879 0.2061 0.2125 0.2935 
     H171865  2 0.1746 0.2027 0.4308 0.1919 
     H171879  2 0.2247 0.2611 0.2141 0.3002 
     H171880  2 0.2068 0.2374 0.1670 0.3887 
     H171881  2 0.3215 0.2454 0.1813 0.2518 
     H171882  2 0.1637 0.1377 0.5495 0.1492 
     H171929  2 0.2982 0.2294 0.2078 0.2646 
     H171930  2 0.1628 0.2810 0.1348 0.4213 
     H171933  2 0.2486 0.2691 0.1921 0.2902 
     H171934  2 0.3806 0.1990 0.1961 0.2244 
     H171937  2 0.1577 0.3599 0.1815 0.3009 
     H171962  2 0.3399 0.2445 0.1728 0.2428 
        H190  2 0.2409 0.2830 0.1787 0.2974 
        H191  2 0.2500 0.2619 0.2489 0.2392 
        H396  2 0.4480 0.1909 0.2099 0.1512 
        H397  2 0.2123 0.2633 0.1802 0.3442 
        H398  2 0.2734 0.3002 0.2671 0.1593 
        H400  2 0.3549 0.2152 0.2010 0.2289 
        H401  2 0.1823 0.2742 0.1079 0.4356 
        H402  2 0.2551 0.2407 0.1653 0.3389 
        H427  2 0.4263 0.1941 0.1823 0.1973 
        H428  2 0.4701 0.2189 0.0962 0.2148 
        H497  2 0.1577 0.2180 0.3711 0.2532 
        H512  2 0.2147 0.2406 0.2173 0.3274 
        H513  2 0.1408 0.2032 0.2893 0.3666 
        H514  2 0.1731 0.3576 0.2074 0.2619 
        H519  2 0.1526 0.2057 0.2769 0.3648 
        H532  2 0.4764 0.1890 0.1380 0.1966 
        H543  2 0.2408 0.2401 0.1456 0.3735 
        H544  2 0.1619 0.3757 0.2452 0.2171 
        H545  2 0.1908 0.3239 0.1312 0.3542 
        H546  2 0.1836 0.2401 0.3863 0.1900 
        H547  2 0.1389 0.3276 0.1355 0.3980 
        H548  2 0.3056 0.2252 0.1945 0.2747 
        H549  2 0.1643 0.2411 0.3012 0.2933 
        H620  2 0.1774 0.1425 0.5439 0.1362 
        H623  2 0.1637 0.3238 0.1746 0.3380 
        H624  2 0.1594 0.2738 0.3838 0.1830 
        H625  2 0.3729 0.2256 0.1827 0.2187 
        H626  2 0.2083 0.2329 0.2484 0.3105 
        H654  2 0.1188 0.1362 0.6206 0.1244 
        H655  2 0.1925 0.2249 0.3101 0.2725 
        H656  2 0.2250 0.1644 0.4833 0.1273 
        H666  2 0.1300 0.1905 0.5298 0.1497 
        H667  2 0.3542 0.2302 0.1905 0.2251 
        H677  2 0.3369 0.2378 0.1932 0.2321 
        H693  2 0.3559 0.1465 0.3457 0.1519 
        H694  2 0.1788 0.2893 0.1877 0.3441 
        H701  2 0.2094 0.2415 0.1664 0.3826 
        H702  2 0.2096 0.2111 0.2687 0.3106 
        H731  2 0.2755 0.2235 0.2950 0.2060 
       H7359  2 0.2154 0.2611 0.2244 0.2992 
       H7389  2 0.3371 0.2358 0.1922 0.2349 
       H7390  2 0.1654 0.1942 0.4460 0.1943 
       H7391  2 0.4924 0.1601 0.1533 0.1942 
       H7392  2 0.2564 0.2988 0.2533 0.1916 
       H7393  2 0.2062 0.2187 0.3170 0.2581 
       H7398  2 0.3852 0.1926 0.1900 0.2322 
       H7399  2 0.3592 0.2616 0.1510 0.2282 
       H7400  2 0.1393 0.1412 0.5875 0.1319 
        H745  2 0.1782 0.4345 0.1519 0.2353 
        H746  2 0.3228 0.2758 0.1665 0.2350 
        H747  2 0.1755 0.1980 0.3925 0.2339 
        H748  2 0.1942 0.2449 0.2322 0.3287 
       H7484  2 0.1779 0.1783 0.4671 0.1768 
       H7485  2 0.1970 0.2715 0.2498 0.2818 
        H749  2 0.2572 0.2802 0.1808 0.2818 
        H930  2 0.1768 0.2543 0.1371 0.4318 
        H931  2 0.3455 0.2283 0.2096 0.2166 
        H932  2 0.2616 0.2497 0.2436 0.2451 
        H111  3 0.1460 0.3464 0.1547 0.3530 
        H951  3 0.2406 0.2673 0.1556 0.3364 
        H952  3 0.2381 0.3152 0.2155 0.2313 
        H953  3 0.4780 0.1835 0.1416 0.1969 
        H954  3 0.1701 0.1798 0.4408 0.2092 
        H955  3 0.1872 0.3051 0.1450 0.3627 
        H956  3 0.2508 0.2246 0.2469 0.2777 
       H9563  3 0.2919 0.1979 0.2554 0.2548 
        H002  4 0.1755 0.2655 0.3780 0.1810 
        H003  4 0.3686 0.2823 0.1509 0.1983 
        H009  4 0.1986 0.3455 0.2084 0.2474 
        H010  4 0.3283 0.2489 0.1902 0.2325 
        H011  4 0.2743 0.1647 0.4185 0.1425 
        H012  4 0.3132 0.2066 0.1576 0.3225 
        H013  4 0.3216 0.2010 0.2700 0.2074 
        H014  4 0.2194 0.2704 0.2211 0.2891 
        H045  4 0.3582 0.1804 0.2714 0.1900 
        H046  4 0.2764 0.3523 0.1455 0.2258 
        H051  4 0.2938 0.1878 0.3191 0.1993 
        H052  4 0.1882 0.2761 0.3431 0.1925 
        H053  4 0.2165 0.2481 0.2814 0.2539 
        H056  4 0.1734 0.2198 0.3962 0.2106 
        H076  4 0.2860 0.3330 0.1422 0.2387 
        H151  4 0.1632 0.1996 0.4949 0.1424 
        H152  4 0.2035 0.2864 0.3374 0.1728 
     H171803  4 0.2245 0.2043 0.3739 0.1972 
     H171804  4 0.2294 0.2086 0.3026 0.2594 
     H171833  4 0.1659 0.3921 0.1679 0.2741 
     H171855  4 0.1375 0.2257 0.4691 0.1676 
     H171856  4 0.2054 0.2436 0.2746 0.2764 
     H171857  4 0.1741 0.2650 0.3634 0.1975 
     H171858  4 0.2613 0.2913 0.2146 0.2328 
     H171859  4 0.2613 0.2728 0.2592 0.2067 
     H171961  4 0.2737 0.2022 0.3350 0.1890 
        H198  4 0.3043 0.3190 0.1190 0.2577 
      H20001  4 0.1533 0.3593 0.1903 0.2972 
        H403  4 0.2134 0.2717 0.2908 0.2241 
        H404  4 0.3331 0.2742 0.1472 0.2456 
        H405  4 0.2804 0.2997 0.1528 0.2671 
        H406  4 0.1347 0.3157 0.2287 0.3209 
        H407  4 0.2900 0.2355 0.2498 0.2247 
        H410  4 0.3304 0.2339 0.1329 0.3027 
        H411  4 0.1468 0.3015 0.1755 0.3762 
        H468  4 0.1284 0.3234 0.2523 0.2959 
        H476  4 0.1452 0.2314 0.2808 0.3426 
        H477  4 0.1740 0.4007 0.1469 0.2784 
        H478  4 0.2818 0.2372 0.1909 0.2902 
        H479  4 0.2892 0.2246 0.3000 0.1861 
        H480  4 0.1572 0.3030 0.1433 0.3965 
        H498  4 0.2412 0.3075 0.2073 0.2440 
        H499  4 0.2702 0.2444 0.2311 0.2544 
        H500  4 0.2092 0.1799 0.4180 0.1929 
        H515  4 0.2014 0.1989 0.2970 0.3027 
        H516  4 0.1756 0.2754 0.2683 0.2807 
        H517  4 0.2318 0.2590 0.2171 0.2920 
        H518  4 0.1581 0.2725 0.3481 0.2214 
        H520  4 0.1578 0.2366 0.3861 0.2195 
        H521  4 0.3315 0.2483 0.1974 0.2228 
        H522  4 0.2053 0.2521 0.2886 0.2540 
        H523  4 0.2050 0.2424 0.2493 0.3033 
        H536  4 0.3206 0.3180 0.1867 0.1747 
        H645  4 0.4657 0.1526 0.2378 0.1438 
        H646  4 0.2246 0.3206 0.1443 0.3105 
        H647  4 0.2243 0.2795 0.2350 0.2612 
        H657  4 0.2571 0.2676 0.1612 0.3140 
        H658  4 0.2193 0.2229 0.2415 0.3163 
        H659  4 0.1354 0.1519 0.5631 0.1497 
        H660  4 0.2013 0.2409 0.2934 0.2645 
        H661  4 0.1750 0.2253 0.4154 0.1843 
        H668  4 0.3421 0.2005 0.1564 0.3010 
        H669  4 0.2945 0.2177 0.2452 0.2426 
        H670  4 0.4368 0.1621 0.2240 0.1771 
        H678  4 0.2090 0.2385 0.2305 0.3220 
        H679  4 0.2096 0.2305 0.1634 0.3965 
        H680  4 0.2195 0.3113 0.2412 0.2280 
        H681  4 0.2761 0.2089 0.2873 0.2277 
        H682  4 0.2253 0.2172 0.1730 0.3845 
        H683  4 0.1446 0.2617 0.3633 0.2304 
        H718  4 0.1883 0.2008 0.4567 0.1542 
        H719  4 0.3304 0.1901 0.2645 0.2149 
        H720  4 0.2045 0.2620 0.3341 0.1995 
        H721  4 0.1799 0.3380 0.2818 0.2003 
        H722  4 0.1350 0.3463 0.3480 0.1706 
        H723  4 0.2801 0.1692 0.3541 0.1967 
        H724  4 0.1707 0.1645 0.5038 0.1609 
        H725  4 0.1590 0.2081 0.4674 0.1655 
        H726  4 0.2115 0.2082 0.3677 0.2126 
        H727  4 0.3019 0.1859 0.3183 0.1939 
        H910  4 0.2657 0.1856 0.2921 0.2566 
        H911  4 0.2325 0.2790 0.1838 0.3047 
        H912  4 0.1882 0.2734 0.2812 0.2572 
        H913  4 0.2078 0.2466 0.3058 0.2399 
        H914  4 0.3192 0.1534 0.3415 0.1859 
        H915  4 0.1816 0.2259 0.2551 0.3374 
        H916  4 0.1544 0.2773 0.2154 0.3528 
       H9572  4 0.2000 0.2276 0.3288 0.2436 
        H015  5 0.2018 0.2545 0.1755 0.3683 
        H016  5 0.1967 0.4124 0.1705 0.2203 
        H017  5 0.1582 0.3172 0.2554 0.2692 
        H019  5 0.2163 0.2668 0.2230 0.2940 
        H020  5 0.3076 0.2471 0.2512 0.1941 
        H032  5 0.1766 0.2444 0.2918 0.2873 
        H033  5 0.2963 0.2239 0.1796 0.3003 
        H034  5 0.2754 0.1738 0.3406 0.2101 
        H035  5 0.2277 0.2715 0.2322 0.2687 
        H036  5 0.2385 0.2819 0.1706 0.3090 
        H037  5 0.2402 0.2149 0.3114 0.2335 
        H048  5 0.2645 0.1830 0.3938 0.1587 
        H049  5 0.1872 0.3233 0.2235 0.2660 
        H054  5 0.2716 0.2956 0.2279 0.2049 
        H055  5 0.3201 0.2258 0.2941 0.1600 
        H057  5 0.1662 0.3912 0.2513 0.1913 
        H060  5 0.2452 0.2846 0.2755 0.1947 
        H061  5 0.3319 0.2403 0.1898 0.2379 
        H064  5 0.2732 0.2597 0.3070 0.1601 
        H070  5 0.2890 0.1889 0.2655 0.2566 
        H077  5 0.1605 0.1811 0.4397 0.2187 
        H078  5 0.1544 0.2805 0.3529 0.2121 
        H079  5 0.3683 0.2359 0.1436 0.2522 
        H097  5 0.1196 0.3134 0.2863 0.2808 
        H107  5 0.2367 0.1480 0.4806 0.1347 
        H122  5 0.2166 0.2926 0.2169 0.2739 
        H123  5 0.2396 0.2955 0.1503 0.3146 
        H124  5 0.3162 0.2555 0.1649 0.2633 
        H131  5 0.2750 0.2442 0.1700 0.3109 
        H132  5 0.3078 0.2166 0.2576 0.2181 
        H141  5 0.2391 0.2155 0.3236 0.2218 
        H142  5 0.2340 0.2774 0.1418 0.3468 
        H157  5 0.2310 0.2045 0.3788 0.1857 
        H158  5 0.1784 0.3828 0.1509 0.2879 
        H159  5 0.2086 0.2855 0.1600 0.3460 
        H160  5 0.1946 0.2951 0.2498 0.2605 
        H163  5 0.2160 0.2244 0.1753 0.3843 
        H164  5 0.2513 0.2311 0.2145 0.3031 
        H165  5 0.4049 0.2166 0.1529 0.2256 
        H166  5 0.2781 0.2776 0.1725 0.2717 
        H169  5 0.2927 0.2451 0.2073 0.2550 
     H169613  5 0.2122 0.2735 0.2237 0.2906 
     H169653  5 0.2723 0.2853 0.1629 0.2796 
     H169728  5 0.1805 0.2729 0.1952 0.3513 
     H169742  5 0.4371 0.1893 0.2164 0.1572 
        H170  5 0.1878 0.3602 0.2193 0.2327 
        H171  5 0.1784 0.3828 0.2028 0.2361 
     H171851  5 0.2067 0.2682 0.2261 0.2990 
     H171852  5 0.1951 0.2723 0.3569 0.1756 
     H171853  5 0.2451 0.2092 0.2944 0.2512 
     H171854  5 0.1679 0.2642 0.2306 0.3373 
     H171938  5 0.3577 0.2005 0.2008 0.2410 
     H171939  5 0.2776 0.3343 0.1660 0.2221 
     H171941  5 0.2915 0.1698 0.3919 0.1467 
     H171965  5 0.2474 0.3182 0.1574 0.2770 
     H171970  5 0.2024 0.1585 0.4884 0.1507 
     H171973  5 0.3790 0.2169 0.1585 0.2457 
     H171974  5 0.3582 0.1955 0.2230 0.2233 
     H171975  5 0.3164 0.1950 0.2729 0.2157 
     H171976  5 0.1329 0.3354 0.2476 0.2840 
        H175  5 0.2892 0.1963 0.3328 0.1817 
        H178  5 0.2975 0.2297 0.2647 0.2081 
        H189  5 0.2329 0.2852 0.1463 0.3356 
        H399  5 0.1414 0.4363 0.2269 0.1954 
        H416  5 0.3057 0.2065 0.2615 0.2263 
        H438  5 0.3032 0.1957 0.2187 0.2825 
        H450  5 0.2296 0.2158 0.3736 0.1811 
        H455  5 0.2919 0.1503 0.4140 0.1438 
        H456  5 0.3633 0.2100 0.2257 0.2010 
        H457  5 0.1610 0.2611 0.3804 0.1975 
        H458  5 0.2806 0.2159 0.2992 0.2042 
        H459  5 0.2552 0.2979 0.1419 0.3050 
        H460  5 0.1911 0.2533 0.2668 0.2887 
        H461  5 0.1503 0.3326 0.2184 0.2987 
        H462  5 0.2807 0.2220 0.1566 0.3408 
        H469  5 0.2567 0.2458 0.1564 0.3411 
        H470  5 0.2090 0.2355 0.2862 0.2693 
        H471  5 0.1536 0.3869 0.1495 0.3100 
        H481  5 0.1998 0.1679 0.4760 0.1563 
        H482  5 0.1986 0.2212 0.3330 0.2472 
        H501  5 0.2712 0.2226 0.2722 0.2340 
        H502  5 0.2158 0.3278 0.1445 0.3119 
        H503  5 0.2281 0.2806 0.1843 0.3069 
        H509  5 0.2222 0.2014 0.3553 0.2211 
        H510  5 0.2781 0.2313 0.2182 0.2724 
        H511  5 0.2534 0.2769 0.1804 0.2892 
        H530  5 0.3277 0.1896 0.2788 0.2039 
        H531  5 0.1696 0.2140 0.4273 0.1891 
        H564  5 0.2202 0.2419 0.3156 0.2223 
        H565  5 0.1989 0.1883 0.4362 0.1766 
        H567  5 0.2704 0.2634 0.1291 0.3371 
     H568???  5 0.2033 0.3496 0.1604 0.2867 
        H608  5 0.2186 0.2175 0.3620 0.2019 
        H609  5 0.4332 0.2013 0.1807 0.1849 
        H612  5 0.2556 0.1491 0.4396 0.1557 
        H614  5 0.1772 0.2290 0.4380 0.1558 
        H615  5 0.1722 0.2482 0.3700 0.2097 
        H616  5 0.2603 0.1410 0.4585 0.1403 
        H617  5 0.2902 0.2309 0.1404 0.3384 
        H618  5 0.2387 0.1764 0.3907 0.1941 
        H619  5 0.4893 0.1828 0.1721 0.1557 
        H635  5 0.2294 0.2310 0.2207 0.3188 
        H636  5 0.4047 0.1901 0.1635 0.2417 
        H637  5 0.3153 0.2223 0.2826 0.1797 
        H644  5 0.1580 0.4647 0.1103 0.2670 
        H711  5 0.1999 0.3400 0.2280 0.2321 
        H712  5 0.3904 0.1789 0.2645 0.1662 
       H7360  5 0.2085 0.3075 0.2743 0.2096 
       H7361  5 0.2124 0.2247 0.3356 0.2273 
       H7362  5 0.1846 0.4421 0.1156 0.2576 
       H7363  5 0.2166 0.2254 0.2960 0.2620 
       H7394  5 0.1901 0.2501 0.1454 0.4143 
       H7395  5 0.3246 0.2269 0.2313 0.2173 
       H7396  5 0.2562 0.2340 0.2187 0.2910 
        H742  5 0.4449 0.1787 0.2258 0.1506 
        H743  5 0.3259 0.2389 0.2677 0.1675 
        H744  5 0.2480 0.1688 0.4146 0.1686 
        H957  5 0.1794 0.2831 0.2533 0.2842 
        H958  5 0.2136 0.2297 0.1886 0.3681 
        H959  5 0.2747 0.1668 0.3886 0.1698 
        H960  5 0.3273 0.2071 0.2189 0.2467 
      H_PALI  6 0.2115 0.2672 0.2135 0.3078 
        H581  6 0.2088 0.2453 0.3274 0.2185 
        H582  6 0.1511 0.2035 0.4794 0.1660 
        H583  6 0.2508 0.2258 0.2987 0.2247 
        H595  6 0.1778 0.2765 0.1352 0.4104 
        H596  6 0.2059 0.2597 0.1383 0.3961 
        H597  6 0.2764 0.3179 0.1439 0.2618 
        H598  6 0.2535 0.2176 0.2480 0.2809 
        H599  6 0.2983 0.1848 0.3357 0.1812 
        H642  6 0.1518 0.3207 0.2055 0.3221 
        H643  6 0.2705 0.2308 0.2240 0.2747 
        H664  6 0.1150 0.2356 0.4486 0.2009 
        H665  6 0.3650 0.1878 0.2017 0.2455 
        H674  6 0.1874 0.3647 0.1289 0.3191 
        H675  6 0.2104 0.2597 0.3082 0.2217 
        H676  6 0.1637 0.2529 0.1762 0.4072 
        H686  6 0.2249 0.2995 0.2077 0.2680 
        H687  6 0.1767 0.2835 0.2243 0.3155 
        H917  6 0.2857 0.2105 0.1290 0.3748 
        H918  6 0.4130 0.2267 0.1785 0.1818 
        H919  6 0.2913 0.1650 0.3744 0.1694 
        H920  6 0.1793 0.2257 0.3529 0.2421 
        H631  7 0.2485 0.2137 0.3221 0.2156 
        H684  7 0.2016 0.3264 0.1574 0.3146 
        H685  7 0.1473 0.1991 0.4115 0.2421 
        H713  7 0.1680 0.1817 0.4635 0.1868 
        H715  7 0.2103 0.3193 0.1777 0.2927 
        H716  7 0.3685 0.2153 0.2551 0.1612 
        H717  7 0.2551 0.2476 0.2858 0.2115 
        H729  7 0.3561 0.2119 0.1268 0.3052 
        H730  7 0.4119 0.1744 0.2139 0.1999 
        H431  8 0.2372 0.2033 0.3232 0.2363 
        H432  8 0.2537 0.3582 0.1329 0.2552 
        H433  8 0.2516 0.2317 0.1765 0.3401 
        H434  8 0.2652 0.2686 0.1793 0.2870 
        H444  8 0.3628 0.2072 0.1839 0.2461 
        H454  8 0.2432 0.1619 0.4313 0.1637 
        H475  8 0.1535 0.1729 0.4682 0.2054 
        H491  8 0.2619 0.2356 0.3159 0.1866 
        H492  8 0.2012 0.2003 0.3637 0.2348 
        H493  8 0.2072 0.3173 0.2145 0.2611 
        H494  8 0.2712 0.2103 0.2558 0.2628 
        H495  8 0.1485 0.2359 0.4540 0.1616 
        H662  8 0.2289 0.3239 0.2290 0.2181 
        H663  8 0.2831 0.2426 0.2338 0.2405 
        H695  8 0.2663 0.2243 0.2647 0.2447 
       H7367  8 0.2613 0.2472 0.1412 0.3503 
       H7368  8 0.2358 0.3018 0.1693 0.2932 
       H7369  8 0.3928 0.1978 0.2062 0.2032 
       H7370  8 0.1930 0.2167 0.1280 0.4624 
       H7371  8 0.2909 0.2100 0.1993 0.2998 
        H600  9 0.2263 0.2251 0.3432 0.2055 
        H648  9 0.2087 0.2546 0.2580 0.2786 
        H696  9 0.1741 0.4010 0.1277 0.2972 
        H697  9 0.3264 0.2334 0.2013 0.2389 
        H698  9 0.2711 0.2646 0.1905 0.2738 
        H699  9 0.2412 0.2687 0.2145 0.2755 
        H700  9 0.2642 0.2040 0.3203 0.2116 
        H732  9 0.1736 0.2274 0.4272 0.1718 
        H733  9 0.2454 0.2523 0.1580 0.3443 
        H734  9 0.1716 0.2967 0.1441 0.3876 
        H735  9 0.2054 0.2643 0.1915 0.3389 
        H736  9 0.2337 0.2671 0.2693 0.2298 
        H737  9 0.3539 0.2133 0.2538 0.1790 
        H905  9 0.2918 0.1919 0.3093 0.2070 
        H921  9 0.3045 0.1818 0.2903 0.2234 
        H922  9 0.2610 0.2305 0.1359 0.3726 
     H169705 10 0.2166 0.2473 0.1735 0.3626 
     H171942 10 0.2489 0.3393 0.1323 0.2795 
     H171943 10 0.2196 0.2733 0.1900 0.3171 
     H171944 10 0.2441 0.2108 0.2283 0.3168 
     H171946 10 0.1637 0.2588 0.3839 0.1937 
     H171947 10 0.2687 0.2602 0.2052 0.2659 
     H229641 10 0.1753 0.2419 0.2772 0.3057 
      H30001 10 0.2241 0.2207 0.2497 0.3054 
      H30002 10 0.3130 0.2487 0.2086 0.2297 
      H30005 10 0.2399 0.2580 0.1765 0.3257 
      H30006 10 0.2142 0.3211 0.1781 0.2866 
      H30007 10 0.2346 0.4217 0.1373 0.2065 
        H451 10 0.2357 0.2472 0.1581 0.3591 
        H452 10 0.2164 0.2800 0.2093 0.2943 
        H453 10 0.1962 0.2345 0.4203 0.1489 
        H473 10 0.2839 0.2468 0.2920 0.1773 
        H474 10 0.1217 0.1944 0.5042 0.1797 
        H486 10 0.2182 0.2179 0.3233 0.2406 
        H487 10 0.2351 0.2227 0.3160 0.2261 
        H488 10 0.3556 0.1911 0.2280 0.2253 
        H489 10 0.1965 0.1766 0.4078 0.2191 
        H550 10 0.1725 0.3278 0.1868 0.3128 
        H551 10 0.2937 0.1943 0.2506 0.2614 
        H553 10 0.1767 0.2372 0.3856 0.2005 
        H554 10 0.2449 0.2765 0.2002 0.2784 
        H556 10 0.2105 0.3058 0.2623 0.2214 
        H580 10 0.3354 0.2399 0.1764 0.2482 
        H591 10 0.2015 0.1574 0.4959 0.1452 
        H592 10 0.1935 0.2086 0.3057 0.2923 
        H593 10 0.2275 0.2515 0.2401 0.2809 
        H594 10 0.2582 0.3307 0.1146 0.2965 
        H627 10 0.1601 0.2629 0.2843 0.2927 
        H628 10 0.4692 0.2273 0.1103 0.1931 
        H629 10 0.1612 0.3035 0.2714 0.2639 
        H630 10 0.1690 0.2528 0.2688 0.3094 
        H638 10 0.1855 0.2388 0.1960 0.3797 
        H639 10 0.1470 0.2546 0.4078 0.1906 
        H640 10 0.1940 0.2870 0.1810 0.3380 
        H704 10 0.2820 0.3432 0.1590 0.2157 
        H705 10 0.2146 0.2506 0.1694 0.3655 
        H706 10 0.3553 0.1662 0.2936 0.1849 
        H708 10 0.1941 0.1873 0.4517 0.1670 
       H7351 10 0.2391 0.2997 0.2214 0.2398 
       H7352 10 0.2576 0.2385 0.2620 0.2419 
       H7353 10 0.1723 0.4601 0.1512 0.2164 
       H7354 10 0.3238 0.2020 0.2823 0.1919 
       H7365 10 0.1904 0.1823 0.4428 0.1845 
       H7383 10 0.2854 0.1882 0.2856 0.2408 
       H7384 10 0.3023 0.2199 0.2469 0.2309 
       H7385 10 0.2426 0.2142 0.3161 0.2271 
       H7386 10 0.3246 0.2304 0.2018 0.2431 
       H7387 10 0.2626 0.2849 0.1848 0.2677 
       H7388 10 0.3024 0.2414 0.2118 0.2444 
        H906 10 0.2414 0.2933 0.3178 0.1475 
        H907 10 0.1694 0.2636 0.1576 0.4094 
        H908 10 0.2377 0.2295 0.2441 0.2887 
        H909 10 0.3775 0.2066 0.2243 0.1916 
       H9552 10 0.2602 0.2776 0.2209 0.2413 
       H9553 10 0.2253 0.2641 0.2932 0.2174 
       H9555 10 0.2745 0.2219 0.1727 0.3309 
       H9575 10 0.1827 0.2370 0.3934 0.1869 
       H9703 10 0.1938 0.2129 0.4373 0.1560 
       H9707 10 0.1757 0.1990 0.3838 0.2415 
       HSAA4 10 0.3344 0.2439 0.1754 0.2464 
        H001 11 0.3606 0.2220 0.2386 0.1788 
        H004 11 0.2588 0.2397 0.2210 0.2805 
        H005 11 0.2527 0.1578 0.4248 0.1648 
        H006 11 0.2518 0.2314 0.2315 0.2854 
        H007 11 0.3649 0.1590 0.3211 0.1550 
        H031 11 0.1847 0.1563 0.4804 0.1785 
        H074 11 0.1495 0.2161 0.4101 0.2244 
        H075 11 0.2952 0.1569 0.3868 0.1612 
        H080 11 0.2417 0.1993 0.3524 0.2067 
        H086 11 0.2530 0.2485 0.2209 0.2776 
        H092 11 0.2258 0.2238 0.2840 0.2663 
        H093 11 0.2280 0.4068 0.1358 0.2294 
        H094 11 0.1722 0.2566 0.2119 0.3594 
        H095 11 0.2674 0.2190 0.3360 0.1776 
        H096 11 0.3385 0.1737 0.2968 0.1910 
        H099 11 0.2247 0.2235 0.2967 0.2551 
        H100 11 0.3893 0.2711 0.1254 0.2142 
        H127 11 0.2869 0.2050 0.2966 0.2115 
        H136 11 0.1789 0.1837 0.4548 0.1826 
        H153 11 0.1863 0.2773 0.2141 0.3224 
        H154 11 0.1606 0.1938 0.4381 0.2075 
        H155 11 0.4477 0.1964 0.1223 0.2335 
        H156 11 0.3785 0.2279 0.1054 0.2882 
        H161 11 0.2423 0.2812 0.2237 0.2528 
        H162 11 0.1937 0.2613 0.1547 0.3902 
        H167 11 0.3543 0.2475 0.1682 0.2300 
        H168 11 0.2986 0.2469 0.1943 0.2603 
     H169586 11 0.1350 0.3749 0.3327 0.1575 
     H169738 11 0.3768 0.2201 0.1468 0.2562 
     H169741 11 0.1926 0.2016 0.3861 0.2197 
     H171801 11 0.2125 0.3397 0.1772 0.2707 
     H171810 11 0.1826 0.2062 0.3687 0.2425 
     H171811 11 0.1616 0.2329 0.4202 0.1854 
     H171812 11 0.4620 0.1693 0.2238 0.1449 
     H171820 11 0.1853 0.2032 0.4142 0.1973 
     H171821 11 0.2621 0.2494 0.1764 0.3121 
     H171822 11 0.2252 0.2366 0.1980 0.3401 
     H171823 11 0.1360 0.2579 0.4305 0.1756 
     H171866 11 0.2653 0.3078 0.1734 0.2536 
     H171867 11 0.3084 0.2005 0.1591 0.3320 
     H171967 11 0.2970 0.1700 0.3613 0.1717 
     H171969 11 0.2844 0.2552 0.2302 0.2301 
        H172 11 0.3099 0.2368 0.2020 0.2513 
        H173 11 0.3599 0.1914 0.1973 0.2514 
        H174 11 0.1603 0.3526 0.1331 0.3539 
        H196 11 0.3542 0.2373 0.1436 0.2648 
        H197 11 0.2910 0.2318 0.1760 0.3012 
        H346 11 0.3435 0.2191 0.2368 0.2007 
        H355 11 0.3075 0.2471 0.2820 0.1634 
        H356 11 0.2915 0.2297 0.2614 0.2175 
        H357 11 0.2441 0.1744 0.3568 0.2247 
        H358 11 0.3789 0.1930 0.1926 0.2356 
        H359 11 0.2094 0.2569 0.2627 0.2709 
        H360 11 0.2941 0.2187 0.2193 0.2680 
        H361 11 0.3425 0.2282 0.1842 0.2451 
        H362 11 0.2041 0.2392 0.1194 0.4374 
        H363 11 0.2095 0.1804 0.3949 0.2152 
        H364 11 0.2669 0.2821 0.2487 0.2023 
        H365 11 0.3851 0.2237 0.2010 0.1903 
        H366 11 0.3752 0.2539 0.1648 0.2060 
        H367 11 0.1730 0.1923 0.4352 0.1995 
        H368 11 0.1643 0.3175 0.1920 0.3262 
        H369 11 0.2236 0.1617 0.4262 0.1885 
        H370 11 0.2617 0.2543 0.1798 0.3042 
        H371 11 0.2130 0.2389 0.2295 0.3185 
        H372 11 0.3502 0.2279 0.1946 0.2273 
        H373 11 0.2643 0.2311 0.2282 0.2764 
        H374 11 0.3454 0.2071 0.2643 0.1832 
        H375 11 0.2956 0.1970 0.2957 0.2118 
        H376 11 0.2708 0.3105 0.1751 0.2436 
        H377 11 0.2378 0.2209 0.2626 0.2786 
        H378 11 0.2221 0.2828 0.2733 0.2219 
        H379 11 0.1793 0.2605 0.2130 0.3472 
        H380 11 0.3395 0.2170 0.1492 0.2944 
        H381 11 0.1458 0.2222 0.4345 0.1976 
        H382 11 0.1943 0.2787 0.1143 0.4126 
        H383 11 0.3393 0.2839 0.1393 0.2375 
        H384 11 0.2345 0.2351 0.3291 0.2013 
        H385 11 0.1861 0.1923 0.3200 0.3015 
        H386 11 0.4243 0.1844 0.1643 0.2269 
        H387 11 0.1790 0.4167 0.2242 0.1801 
        H388 11 0.3948 0.2742 0.1284 0.2026 
        H389 11 0.3256 0.2053 0.2297 0.2394 
        H390 11 0.2471 0.2598 0.1990 0.2941 
        H391 11 0.2328 0.3343 0.1750 0.2580 
        H392 11 0.3337 0.1616 0.3525 0.1522 
        H393 11 0.3142 0.3227 0.1432 0.2198 
        H394 11 0.1689 0.4549 0.1650 0.2111 
        H395 11 0.2627 0.1738 0.3757 0.1879 
        H408 11 0.4128 0.1846 0.2200 0.1826 
        H412 11 0.0982 0.2343 0.4967 0.1709 
        H417 11 0.2545 0.2298 0.3159 0.1998 
        H418 11 0.1662 0.3040 0.2701 0.2597 
        H429 11 0.3377 0.2640 0.1893 0.2090 
        H430 11 0.3294 0.2283 0.1546 0.2878 
        H439 11 0.2606 0.2223 0.2437 0.2733 
        H440 11 0.2238 0.1790 0.4249 0.1723 
        H441 11 0.2310 0.2239 0.1745 0.3707 
        H442 11 0.3068 0.2744 0.1754 0.2434 
        H446 11 0.2178 0.3101 0.2113 0.2608 
        H447 11 0.3483 0.2267 0.1504 0.2747 
        H448 11 0.3702 0.1889 0.1936 0.2473 
        H534 11 0.1840 0.1980 0.4656 0.1524 
        H537 11 0.1631 0.2640 0.4053 0.1676 
        H568 11 0.1413 0.1403 0.5375 0.1809 
        H569 11 0.2810 0.2221 0.1103 0.3865 
        H586 11 0.1261 0.3777 0.3437 0.1525 
        H587 11 0.2003 0.1699 0.4670 0.1627 
        H588 11 0.2351 0.3877 0.1383 0.2389 
        H589 11 0.2387 0.1682 0.4408 0.1523 
        H590 11 0.2273 0.2259 0.3698 0.1770 
        H601 11 0.2608 0.2779 0.1429 0.3184 
        H602 11 0.2373 0.1971 0.3001 0.2655 
        H603 11 0.3092 0.2202 0.1527 0.3180 
        H610 11 0.2348 0.2253 0.2767 0.2633 
        H611 11 0.1592 0.2065 0.3449 0.2894 
        H649 11 0.2671 0.2446 0.2255 0.2628 
        H650 11 0.1507 0.2824 0.1661 0.4008 
        H651 11 0.3736 0.2018 0.1862 0.2383 
        H652 11 0.1872 0.3148 0.2388 0.2592 
       H7364 11 0.3267 0.2264 0.1779 0.2690 
       H7366 11 0.3332 0.2021 0.2578 0.2069 
       H7378 11 0.1311 0.4572 0.1055 0.3062 
       H7379 11 0.2556 0.2533 0.2322 0.2589 
        H739 11 0.1978 0.2023 0.3865 0.2134 
        H740 11 0.1651 0.2577 0.1994 0.3777 
        H741 11 0.1815 0.2023 0.3849 0.2313 
        H926 11 0.1776 0.2484 0.2022 0.3718 
        H927 11 0.2919 0.2306 0.1631 0.3144 
        H928 11 0.1606 0.2437 0.2532 0.3424 
       H9560 11 0.1896 0.3249 0.2025 0.2831 
        H409 12 0.3044 0.2354 0.1603 0.2999 
        H413 12 0.1823 0.3275 0.1767 0.3135 
        H419 12 0.3334 0.2145 0.1940 0.2582 
        H420 12 0.2703 0.2127 0.2976 0.2194 
        H421 12 0.2720 0.2952 0.1348 0.2979 
        H435 12 0.2597 0.2924 0.1506 0.2973 
        H436 12 0.3489 0.1960 0.2422 0.2129 
        H437 12 0.1703 0.2415 0.3987 0.1896 
        H445 12 0.4036 0.2045 0.1513 0.2406 
        H449 12 0.2369 0.3408 0.1942 0.2281 
        H463 12 0.2087 0.2317 0.3382 0.2214 
        H464 12 0.2046 0.3411 0.1482 0.3061 
        H465 12 0.1299 0.3716 0.2419 0.2566 
        H490 12 0.1870 0.3728 0.1426 0.2977 
        H561 12 0.2252 0.2392 0.2316 0.3040 
        H562 12 0.3974 0.1920 0.2015 0.2092 
        H563 12 0.2921 0.2004 0.2560 0.2515 
        H570 12 0.2971 0.1861 0.3185 0.1984 
        H571 12 0.1609 0.3217 0.2578 0.2595 
        H572 12 0.2238 0.2206 0.3120 0.2436 
        H573 12 0.3572 0.2080 0.1533 0.2816 
       H7372 12 0.3865 0.2372 0.1086 0.2677 
       H7373 12 0.1609 0.4122 0.1510 0.2760 
       H7374 12 0.3302 0.1999 0.3130 0.1569 
       H7375 12 0.2579 0.1963 0.3269 0.2189 
       H7376 12 0.5009 0.1724 0.1175 0.2092 
       H7377 12 0.1774 0.1997 0.3558 0.2670 
