        H102  1 0.1324 0.0155 0.0618 0.0755 0.0170 0.0702 0.0468 0.0357 0.0582 0.0505 0.4364 
        H103  1 0.1141 0.0458 0.1490 0.1152 0.0629 0.1009 0.1443 0.0332 0.1765 0.0144 0.0438 
        H104  1 0.0664 0.0738 0.0719 0.0671 0.1338 0.0595 0.1472 0.1175 0.0489 0.1579 0.0558 
        H105  1 0.1029 0.0714 0.1028 0.1094 0.0416 0.0380 0.1539 0.0972 0.0852 0.0679 0.1299 
        H106  1 0.0807 0.0880 0.0965 0.0966 0.0359 0.0906 0.0912 0.0591 0.2025 0.1048 0.0541 
        H112  1 0.0798 0.0403 0.0883 0.0750 0.0787 0.0772 0.0645 0.0565 0.0425 0.0985 0.2988 
        H113  1 0.0542 0.4155 0.0638 0.0515 0.1367 0.0476 0.0435 0.0692 0.0240 0.0399 0.0543 
        H114  1 0.0808 0.3679 0.0698 0.0817 0.0830 0.0627 0.0511 0.0809 0.0338 0.0185 0.0699 
        H115  1 0.0757 0.0332 0.0707 0.0803 0.1154 0.0430 0.0687 0.0782 0.0438 0.0866 0.3044 
        H143  1 0.1122 0.0296 0.1040 0.0999 0.0543 0.0547 0.0858 0.1041 0.0489 0.0439 0.2625 
        H144  1 0.3172 0.0191 0.1210 0.1232 0.0421 0.0503 0.1182 0.0819 0.0569 0.0135 0.0567 
        H145  1 0.0896 0.0719 0.0840 0.1080 0.0208 0.0349 0.0653 0.0294 0.0569 0.0236 0.4157 
        H149  1 0.0995 0.0348 0.0970 0.1017 0.0531 0.0992 0.1290 0.0552 0.0565 0.1929 0.0811 
        H150  1 0.0722 0.0854 0.1692 0.1611 0.1130 0.0425 0.0857 0.0444 0.0503 0.0667 0.1095 
     H167542  1 0.0593 0.0281 0.0469 0.0551 0.0666 0.0246 0.0427 0.5749 0.0409 0.0212 0.0397 
     H169604  1 0.1445 0.0267 0.0888 0.0826 0.1635 0.0784 0.1030 0.0934 0.0805 0.0370 0.1018 
     H169607  1 0.2118 0.0567 0.0867 0.1155 0.0490 0.0647 0.1183 0.0981 0.1256 0.0264 0.0471 
     H169608  1 0.0281 0.0203 0.0271 0.0312 0.0142 0.0307 0.0312 0.0179 0.0251 0.1541 0.6202 
     H169633  1 0.0699 0.1352 0.0758 0.1038 0.2022 0.0485 0.0751 0.1646 0.0378 0.0277 0.0594 
     H169688  1 0.2087 0.0172 0.0816 0.0900 0.0542 0.0803 0.1224 0.0223 0.2470 0.0192 0.0570 
     H169714  1 0.0835 0.0583 0.1167 0.1127 0.0926 0.1260 0.1021 0.0548 0.0678 0.0643 0.1211 
     H171802  1 0.0558 0.0716 0.0950 0.0754 0.2252 0.0737 0.0546 0.0512 0.0825 0.1826 0.0324 
     H171805  1 0.1089 0.0545 0.1178 0.1007 0.0377 0.1477 0.1423 0.0377 0.1697 0.0224 0.0606 
     H171807  1 0.1418 0.0273 0.1248 0.1079 0.0541 0.0634 0.1146 0.0432 0.0688 0.1644 0.0897 
     H171814  1 0.1079 0.1562 0.1323 0.1255 0.2131 0.0511 0.0614 0.0238 0.0616 0.0203 0.0469 
     H171816  1 0.1331 0.0723 0.1034 0.1075 0.0610 0.1081 0.0889 0.0310 0.0977 0.1143 0.0828 
     H171817  1 0.0786 0.1336 0.0912 0.0943 0.0631 0.1218 0.0956 0.0443 0.0790 0.1030 0.0956 
     H171818  1 0.1279 0.0823 0.1130 0.1015 0.0418 0.1220 0.0845 0.1411 0.0888 0.0381 0.0589 
     H171819  1 0.0800 0.3535 0.0774 0.0708 0.0485 0.0927 0.0552 0.0353 0.0635 0.0672 0.0560 
     H171834  1 0.1417 0.0309 0.1137 0.1004 0.0358 0.0789 0.0623 0.0329 0.0672 0.0280 0.3081 
     H171835  1 0.0385 0.0545 0.0636 0.0486 0.1788 0.2175 0.0656 0.0477 0.0821 0.1365 0.0667 
     H171836  1 0.0778 0.1329 0.1351 0.1127 0.1101 0.0668 0.1150 0.0598 0.1296 0.0129 0.0474 
     H171837  1 0.0638 0.0589 0.0947 0.0638 0.1031 0.0769 0.0738 0.2108 0.0663 0.0805 0.1075 
     H171838  1 0.1048 0.1834 0.1183 0.0829 0.0377 0.1108 0.0828 0.0147 0.1384 0.0231 0.1030 
     H171839  1 0.0652 0.0687 0.0943 0.0902 0.1565 0.0956 0.0600 0.1251 0.0530 0.1438 0.0476 
     H171841  1 0.0557 0.0218 0.0539 0.0447 0.0148 0.0535 0.0588 0.0158 0.0719 0.5272 0.0817 
     H171860  1 0.0875 0.0516 0.0882 0.1050 0.1313 0.0420 0.0992 0.0822 0.0451 0.0778 0.1902 
     H171861  1 0.0984 0.0722 0.1005 0.1121 0.0509 0.0880 0.1408 0.0727 0.1437 0.0197 0.1011 
     H171862  1 0.1386 0.0436 0.1391 0.1239 0.0591 0.0947 0.1057 0.0412 0.0864 0.0371 0.1305 
     H171868  1 0.0755 0.0498 0.0654 0.0710 0.0286 0.0680 0.0725 0.1889 0.0461 0.0430 0.2912 
     H171869  1 0.1720 0.0464 0.1696 0.1401 0.0478 0.0940 0.0711 0.0508 0.1035 0.0201 0.0847 
     H171870  1 0.1199 0.0241 0.1038 0.0865 0.0708 0.1205 0.0915 0.0360 0.2212 0.0733 0.0523 
     H171871  1 0.1020 0.0629 0.1116 0.1195 0.1260 0.1628 0.0780 0.0233 0.1266 0.0216 0.0656 
     H171872  1 0.0824 0.1068 0.0853 0.0905 0.1154 0.0593 0.1197 0.0676 0.0477 0.0845 0.1408 
     H171873  1 0.1036 0.0389 0.1309 0.1282 0.0519 0.1051 0.0928 0.0554 0.1763 0.0908 0.0261 
     H171874  1 0.1656 0.0183 0.1248 0.1323 0.0433 0.0901 0.2148 0.0313 0.0714 0.0228 0.0852 
     H171875  1 0.1226 0.0832 0.1047 0.1624 0.0440 0.0861 0.1444 0.1045 0.0671 0.0186 0.0623 
     H171876  1 0.1635 0.0265 0.1308 0.1211 0.1170 0.0696 0.1087 0.0903 0.0577 0.0236 0.0913 
     H171877  1 0.0325 0.0317 0.0286 0.0187 0.0381 0.0442 0.0507 0.6746 0.0242 0.0209 0.0358 
     H171878  1 0.1205 0.0392 0.1051 0.0769 0.0277 0.2313 0.0867 0.0416 0.1768 0.0448 0.0494 
     H171901  1 0.1088 0.0441 0.0684 0.0767 0.0930 0.0872 0.0634 0.0432 0.2213 0.1507 0.0431 
     H171902  1 0.2127 0.0301 0.1117 0.1015 0.0181 0.0567 0.1343 0.0410 0.1349 0.0635 0.0954 
     H171903  1 0.1531 0.0414 0.1244 0.1185 0.1167 0.0947 0.1054 0.0362 0.0522 0.0348 0.1226 
     H171935  1 0.0980 0.0620 0.1042 0.0935 0.0586 0.1759 0.0971 0.0129 0.1314 0.0988 0.0677 
     H171936  1 0.0660 0.1942 0.0880 0.0691 0.1019 0.0510 0.0694 0.2056 0.0848 0.0245 0.0453 
     H171940  1 0.1385 0.0185 0.0891 0.0809 0.0229 0.0704 0.1002 0.2443 0.0720 0.0766 0.0867 
     H171945  1 0.1443 0.0478 0.0888 0.1009 0.0324 0.0368 0.0794 0.0740 0.2536 0.0796 0.0624 
     H171948  1 0.0864 0.0882 0.0771 0.0823 0.0425 0.0786 0.1229 0.0360 0.0628 0.1212 0.2020 
     H171949  1 0.0935 0.0330 0.0684 0.0759 0.0579 0.1150 0.0927 0.0732 0.0589 0.2649 0.0667 
     H171950  1 0.0635 0.0251 0.0824 0.0844 0.0889 0.1194 0.0927 0.0352 0.0885 0.1669 0.1531 
     H171963  1 0.0921 0.1189 0.1129 0.0702 0.0260 0.2368 0.1130 0.0295 0.1380 0.0153 0.0473 
     H171964  1 0.0978 0.0621 0.1710 0.1522 0.0299 0.0859 0.1670 0.0279 0.0545 0.0231 0.1286 
     H171966  1 0.0893 0.1469 0.1202 0.0929 0.0262 0.2295 0.0997 0.0406 0.0634 0.0375 0.0539 
     H171968  1 0.1998 0.0171 0.1252 0.1017 0.0207 0.0744 0.1022 0.0471 0.1364 0.0683 0.1072 
     H171971  1 0.0967 0.1429 0.1061 0.1244 0.0452 0.1656 0.0828 0.0217 0.1117 0.0269 0.0758 
     H171972  1 0.1085 0.0391 0.1104 0.1057 0.1779 0.0856 0.1201 0.0233 0.0617 0.0190 0.1487 
     H171977  1 0.0978 0.0476 0.1513 0.1402 0.0608 0.0696 0.0674 0.1363 0.1551 0.0223 0.0518 
     H171978  1 0.0891 0.0245 0.1194 0.1202 0.0370 0.1489 0.1127 0.0307 0.0755 0.1440 0.0979 
     H171979  1 0.1229 0.1127 0.1399 0.1027 0.0883 0.1036 0.1367 0.0260 0.0810 0.0160 0.0704 
        H176  1 0.0611 0.1990 0.0659 0.0696 0.0635 0.0393 0.0554 0.0618 0.0252 0.0886 0.2707 
        H177  1 0.0731 0.0286 0.0719 0.0718 0.0288 0.0609 0.0504 0.0779 0.1546 0.3093 0.0727 
        H179  1 0.0556 0.0736 0.0510 0.0600 0.0618 0.0500 0.0886 0.3310 0.0482 0.1417 0.0385 
        H181  1 0.1200 0.1755 0.1397 0.1390 0.0466 0.0711 0.1276 0.0413 0.0457 0.0346 0.0589 
        H182  1 0.1110 0.0667 0.1299 0.1162 0.0299 0.0805 0.1018 0.0307 0.1374 0.0129 0.1829 
        H183  1 0.1595 0.0400 0.1814 0.1543 0.0567 0.0744 0.0977 0.0397 0.1313 0.0394 0.0256 
        H184  1 0.0791 0.0549 0.0935 0.0860 0.0335 0.0653 0.1812 0.0601 0.1029 0.1321 0.1114 
        H185  1 0.0836 0.1858 0.1110 0.1013 0.0341 0.0683 0.1365 0.1267 0.0687 0.0249 0.0590 
        H186  1 0.3118 0.0168 0.1125 0.1044 0.0304 0.0787 0.0881 0.0361 0.0588 0.0444 0.1179 
        H187  1 0.0833 0.0579 0.0684 0.0739 0.0563 0.0940 0.0819 0.0627 0.3430 0.0455 0.0331 
        H188  1 0.0441 0.0476 0.0340 0.0417 0.0643 0.0435 0.0648 0.5571 0.0212 0.0550 0.0268 
        H192  1 0.0803 0.0549 0.0851 0.0674 0.0370 0.1599 0.0965 0.0430 0.1003 0.1932 0.0825 
        H193  1 0.1186 0.0335 0.1170 0.0962 0.0173 0.1033 0.0906 0.0431 0.0645 0.0170 0.2989 
        H194  1 0.0846 0.0880 0.1179 0.1220 0.0830 0.0928 0.1181 0.0621 0.0674 0.0662 0.0979 
        H195  1 0.2232 0.0161 0.1192 0.0921 0.0503 0.0705 0.1109 0.0291 0.1789 0.0284 0.0814 
        H199  1 0.1602 0.0386 0.1492 0.1345 0.0443 0.0608 0.1038 0.0458 0.1829 0.0341 0.0457 
        H200  1 0.0992 0.0619 0.0936 0.1063 0.1744 0.0564 0.0863 0.0841 0.0690 0.1323 0.0364 
        H414  1 0.1261 0.0241 0.1439 0.1191 0.1272 0.0846 0.0869 0.0249 0.1249 0.0448 0.0935 
        H415  1 0.1101 0.1138 0.1038 0.1159 0.1735 0.0582 0.0943 0.0511 0.0559 0.0265 0.0968 
        H422  1 0.1364 0.0316 0.1709 0.2039 0.0274 0.0615 0.0847 0.0303 0.0603 0.0803 0.1127 
        H423  1 0.0436 0.0237 0.0467 0.0302 0.0233 0.0521 0.0664 0.0221 0.0274 0.6249 0.0397 
        H424  1 0.1446 0.0523 0.1340 0.1443 0.0608 0.0588 0.0960 0.0358 0.2005 0.0306 0.0423 
        H425  1 0.1829 0.0395 0.1585 0.1649 0.0342 0.0247 0.0573 0.0642 0.2222 0.0187 0.0330 
        H426  1 0.1437 0.0277 0.1752 0.1495 0.0276 0.1163 0.1048 0.0209 0.0658 0.0236 0.1447 
        H443  1 0.2370 0.0132 0.1398 0.1912 0.0271 0.0335 0.0768 0.1049 0.0389 0.0163 0.1214 
        H466  1 0.1173 0.0476 0.1334 0.1222 0.0808 0.1237 0.1203 0.0605 0.0658 0.0692 0.0591 
        H467  1 0.0649 0.0508 0.0646 0.1085 0.0337 0.2479 0.1082 0.0387 0.0557 0.1863 0.0407 
        H472  1 0.0903 0.0796 0.1102 0.1034 0.0855 0.0585 0.1250 0.1345 0.0829 0.0988 0.0313 
        H483  1 0.1660 0.0531 0.1204 0.1365 0.0457 0.0812 0.1020 0.1476 0.0516 0.0369 0.0591 
        H504  1 0.1481 0.0898 0.1200 0.1734 0.0404 0.0741 0.0830 0.0202 0.1875 0.0281 0.0355 
        H505  1 0.0739 0.0350 0.0770 0.0869 0.0640 0.0582 0.0982 0.3111 0.0946 0.0555 0.0457 
        H506  1 0.1581 0.1151 0.0688 0.0849 0.0252 0.0883 0.0839 0.0472 0.0388 0.0387 0.2510 
        H507  1 0.1152 0.0738 0.1328 0.1267 0.1016 0.0889 0.1122 0.1130 0.0803 0.0125 0.0431 
        H508  1 0.0787 0.1098 0.1078 0.0733 0.0440 0.2481 0.0630 0.0351 0.0657 0.1391 0.0354 
        H524  1 0.0797 0.0639 0.0714 0.0753 0.2708 0.0420 0.0628 0.1612 0.1195 0.0271 0.0263 
        H525  1 0.0919 0.0358 0.0938 0.0988 0.0382 0.0643 0.1688 0.0621 0.0500 0.0244 0.2718 
        H526  1 0.0572 0.1054 0.0656 0.0464 0.0451 0.0231 0.1154 0.3901 0.0340 0.0709 0.0468 
        H527  1 0.1249 0.0229 0.0943 0.0904 0.0379 0.1050 0.1069 0.0388 0.1322 0.1135 0.1332 
        H528  1 0.0754 0.1891 0.1049 0.1133 0.0801 0.0598 0.1147 0.0491 0.0712 0.0208 0.1218 
        H529  1 0.1090 0.1085 0.1420 0.1494 0.0536 0.0502 0.0966 0.1366 0.0941 0.0160 0.0440 
        H533  1 0.0937 0.0841 0.0790 0.0893 0.0921 0.1567 0.1001 0.0272 0.1702 0.0163 0.0913 
        H538  1 0.1101 0.0299 0.0799 0.0802 0.1881 0.0644 0.0831 0.1868 0.0548 0.0637 0.0588 
        H539  1 0.1007 0.0267 0.0643 0.0530 0.0392 0.1362 0.0851 0.0320 0.3965 0.0242 0.0422 
        H540  1 0.1133 0.0792 0.1060 0.1478 0.0476 0.1352 0.0859 0.0699 0.0764 0.0562 0.0826 
        H541  1 0.0931 0.0360 0.0780 0.0883 0.1334 0.0646 0.0837 0.2770 0.0415 0.0366 0.0677 
        H558  1 0.1259 0.0574 0.1087 0.1035 0.0438 0.0925 0.1357 0.0226 0.2275 0.0320 0.0504 
        H559  1 0.1846 0.0640 0.0896 0.0933 0.0263 0.0817 0.0888 0.0715 0.0413 0.0621 0.1968 
        H579  1 0.0897 0.0418 0.1043 0.0821 0.0177 0.0802 0.2070 0.0502 0.0862 0.0270 0.2138 
        H584  1 0.1170 0.0644 0.1399 0.1697 0.0756 0.0815 0.1066 0.0624 0.0664 0.0300 0.0865 
        H585  1 0.1136 0.0871 0.1048 0.1231 0.0793 0.1712 0.0768 0.0756 0.0847 0.0303 0.0536 
        H605  1 0.1165 0.0338 0.1083 0.1156 0.0464 0.0518 0.0876 0.0842 0.1461 0.1615 0.0481 
        H606  1 0.1111 0.0155 0.0869 0.0689 0.0330 0.0522 0.0558 0.0724 0.0569 0.2148 0.2324 
        H632  1 0.1312 0.0733 0.1094 0.1406 0.0223 0.0611 0.0954 0.0390 0.0432 0.0156 0.2687 
        H634  1 0.0897 0.0377 0.1275 0.1333 0.0533 0.0930 0.0927 0.1004 0.1801 0.0523 0.0401 
        H671  1 0.0736 0.0507 0.0578 0.0491 0.0321 0.0612 0.1041 0.0345 0.0517 0.4535 0.0318 
        H672  1 0.0433 0.0231 0.0446 0.0380 0.6345 0.0297 0.0321 0.0376 0.0528 0.0457 0.0187 
        H673  1 0.0903 0.0240 0.1781 0.1664 0.0352 0.0495 0.1301 0.1430 0.0645 0.0291 0.0899 
        H689  1 0.1106 0.0409 0.1553 0.1482 0.0419 0.0883 0.1015 0.1541 0.0529 0.0231 0.0830 
        H690  1 0.0661 0.0414 0.0568 0.0693 0.0865 0.0531 0.0486 0.0746 0.0527 0.1027 0.3483 
        H691  1 0.1452 0.0185 0.0902 0.0736 0.1007 0.0533 0.0777 0.2603 0.0567 0.0287 0.0950 
        H692  1 0.1283 0.0498 0.1691 0.2130 0.0695 0.0499 0.1375 0.0321 0.0740 0.0113 0.0656 
        H709  1 0.0832 0.0300 0.1014 0.0945 0.2408 0.0711 0.0654 0.0348 0.0762 0.0467 0.1558 
        H710  1 0.0966 0.1408 0.1291 0.1504 0.0523 0.0744 0.1012 0.0432 0.1462 0.0166 0.0492 
       H7355  1 0.0614 0.2522 0.0541 0.0539 0.0371 0.0463 0.0391 0.1352 0.0542 0.0177 0.2489 
       H7356  1 0.1151 0.0273 0.1154 0.1240 0.0580 0.0604 0.1297 0.0619 0.1854 0.0517 0.0711 
       H7357  1 0.0820 0.0424 0.0965 0.0856 0.0520 0.0663 0.0852 0.1373 0.1244 0.0945 0.1337 
       H7358  1 0.0741 0.0299 0.0660 0.0651 0.1227 0.0327 0.0739 0.3942 0.0647 0.0450 0.0317 
       H7380  1 0.1447 0.0672 0.1233 0.1042 0.0267 0.0755 0.0698 0.0443 0.0413 0.0373 0.2657 
       H7381  1 0.0955 0.0300 0.1852 0.1472 0.0405 0.0767 0.0889 0.0351 0.0580 0.1327 0.1102 
       H7382  1 0.1600 0.0373 0.1245 0.1376 0.0658 0.0720 0.0933 0.0511 0.0641 0.0321 0.1621 
        H904  1 0.0641 0.0166 0.0447 0.0501 0.0384 0.0985 0.0621 0.0659 0.0458 0.3550 0.1588 
        H923  1 0.0658 0.0587 0.0991 0.1131 0.0848 0.0654 0.0815 0.1484 0.0952 0.1558 0.0321 
        H924  1 0.1085 0.0242 0.1161 0.1007 0.0710 0.0604 0.1100 0.1481 0.0598 0.1167 0.0846 
        H925  1 0.0536 0.0370 0.0343 0.0418 0.0307 0.0283 0.0344 0.6399 0.0418 0.0340 0.0242 
       H9558  1 0.1120 0.0393 0.1196 0.1205 0.0282 0.0986 0.1425 0.0205 0.2291 0.0307 0.0591 
        H008  2 0.0920 0.1500 0.1115 0.0996 0.0785 0.0687 0.1012 0.1149 0.0579 0.0232 0.1025 
        H021  2 0.0978 0.0300 0.0773 0.1140 0.0850 0.1363 0.1409 0.0758 0.0594 0.0774 0.1063 
        H023  2 0.0725 0.0303 0.0688 0.0828 0.0259 0.0675 0.0694 0.2812 0.1643 0.0652 0.0721 
        H024  2 0.0703 0.4057 0.0739 0.0747 0.1786 0.0371 0.0449 0.0300 0.0364 0.0226 0.0259 
        H025  2 0.0793 0.0207 0.1165 0.1150 0.0495 0.0725 0.1174 0.0590 0.0756 0.2185 0.0760 
        H026  2 0.1821 0.0880 0.1906 0.1367 0.1527 0.0516 0.0895 0.0336 0.0282 0.0162 0.0308 
        H027  2 0.0868 0.0436 0.0754 0.0774 0.3117 0.0596 0.0953 0.1506 0.0439 0.0234 0.0325 
        H028  2 0.1629 0.0774 0.1699 0.1125 0.0535 0.0843 0.0953 0.0593 0.0909 0.0476 0.0465 
        H029  2 0.1085 0.3141 0.0633 0.0698 0.0792 0.0330 0.0674 0.1336 0.0800 0.0231 0.0279 
        H030  2 0.0982 0.1405 0.1082 0.0803 0.2077 0.0461 0.1304 0.0198 0.0552 0.0196 0.0941 
        H038  2 0.0627 0.0263 0.0554 0.0531 0.0230 0.1909 0.1632 0.1543 0.1913 0.0459 0.0341 
        H039  2 0.0214 0.0160 0.0188 0.0192 0.0177 0.0181 0.0246 0.0156 0.0176 0.8008 0.0302 
        H040  2 0.0684 0.0573 0.0571 0.0549 0.0484 0.1755 0.0798 0.0239 0.2490 0.1291 0.0566 
        H041  2 0.0708 0.1994 0.0690 0.0594 0.0922 0.0475 0.0696 0.2455 0.0493 0.0654 0.0319 
        H042  2 0.0882 0.0622 0.0859 0.1031 0.0306 0.0421 0.1480 0.2015 0.0878 0.0686 0.0820 
        H043  2 0.0567 0.0211 0.0469 0.0418 0.0191 0.2211 0.0474 0.0141 0.3384 0.1590 0.0345 
        H044  2 0.1207 0.1129 0.1104 0.1163 0.0556 0.0996 0.1262 0.0167 0.1700 0.0256 0.0461 
        H047  2 0.0872 0.0897 0.1433 0.1300 0.0506 0.0687 0.0942 0.0358 0.0785 0.1183 0.1039 
        H050  2 0.0422 0.0381 0.0425 0.0437 0.6315 0.0347 0.0341 0.0169 0.0470 0.0182 0.0511 
        H058  2 0.0796 0.0617 0.0941 0.0807 0.0532 0.2899 0.0762 0.0390 0.1220 0.0640 0.0395 
        H062  2 0.0661 0.0160 0.0534 0.0471 0.0172 0.0317 0.0936 0.4924 0.0555 0.0580 0.0690 
        H063  2 0.0650 0.0699 0.0646 0.0513 0.0907 0.1942 0.0612 0.0610 0.0847 0.1978 0.0595 
        H065  2 0.2542 0.0200 0.1537 0.1654 0.0243 0.0610 0.1062 0.0582 0.0503 0.0760 0.0308 
        H066  2 0.0797 0.3589 0.0807 0.0740 0.0415 0.1176 0.0680 0.0195 0.0956 0.0268 0.0376 
        H067  2 0.1427 0.0472 0.1210 0.1382 0.0511 0.0681 0.1251 0.1172 0.0682 0.0267 0.0943 
        H068  2 0.0629 0.0363 0.0665 0.0537 0.0810 0.1121 0.0708 0.1155 0.0762 0.2777 0.0473 
        H069  2 0.0887 0.0412 0.1090 0.0976 0.0693 0.0541 0.0721 0.0777 0.3095 0.0450 0.0357 
        H071  2 0.1166 0.0361 0.1283 0.1138 0.0778 0.0994 0.1187 0.0681 0.0657 0.0751 0.1002 
        H072  2 0.0447 0.0454 0.0485 0.0351 0.0424 0.0450 0.0688 0.0483 0.0486 0.5334 0.0398 
        H073  2 0.1511 0.0635 0.1195 0.1582 0.0535 0.0706 0.0947 0.0776 0.1352 0.0347 0.0414 
        H081  2 0.0674 0.0786 0.0692 0.0479 0.0778 0.0482 0.1123 0.2716 0.0313 0.1186 0.0772 
        H082  2 0.0832 0.1144 0.1033 0.0933 0.1178 0.0640 0.1476 0.0275 0.1639 0.0240 0.0609 
        H083  2 0.1187 0.0310 0.1010 0.1093 0.0726 0.0842 0.2153 0.0309 0.1053 0.0233 0.1085 
        H084  2 0.0869 0.1580 0.0866 0.0769 0.1071 0.1384 0.0675 0.0654 0.1191 0.0520 0.0422 
        H085  2 0.0507 0.0238 0.0495 0.0458 0.3767 0.0311 0.0589 0.2577 0.0278 0.0363 0.0418 
        H087  2 0.0661 0.0792 0.0546 0.0680 0.0307 0.0469 0.1271 0.3255 0.0503 0.0297 0.1219 
        H088  2 0.1115 0.0329 0.1159 0.0941 0.0606 0.1077 0.0929 0.0796 0.0855 0.1311 0.0882 
        H089  2 0.0891 0.0376 0.0778 0.0800 0.0861 0.0600 0.0627 0.3672 0.0718 0.0413 0.0264 
        H090  2 0.0347 0.0339 0.0390 0.0343 0.6815 0.0268 0.0337 0.0277 0.0312 0.0338 0.0235 
        H091  2 0.0227 0.0318 0.0380 0.0283 0.7116 0.0195 0.0348 0.0604 0.0168 0.0108 0.0252 
        H098  2 0.0583 0.3173 0.0613 0.0775 0.0473 0.0528 0.0889 0.1524 0.0669 0.0453 0.0322 
      H10001  2 0.0187 0.0129 0.0184 0.0152 0.0196 0.0183 0.0183 0.0092 0.0180 0.8150 0.0362 
      H10002  2 0.1000 0.0168 0.0730 0.0738 0.0447 0.0673 0.0926 0.0670 0.1204 0.1459 0.1984 
        H101  2 0.0330 0.0283 0.0359 0.0399 0.6928 0.0333 0.0282 0.0151 0.0500 0.0235 0.0201 
        H108  2 0.0739 0.0264 0.0759 0.0723 0.0169 0.0484 0.1124 0.1526 0.0375 0.2936 0.0901 
        H109  2 0.0749 0.2280 0.0839 0.0785 0.1053 0.1192 0.0592 0.0299 0.0900 0.0779 0.0531 
        H110  2 0.0873 0.1270 0.0686 0.0783 0.0475 0.0770 0.1011 0.0838 0.0703 0.0274 0.2318 
        H116  2 0.1039 0.0960 0.1438 0.1479 0.0832 0.0965 0.1220 0.0357 0.0680 0.0238 0.0790 
        H117  2 0.0338 0.3245 0.0427 0.0434 0.3343 0.0395 0.0567 0.0562 0.0204 0.0204 0.0281 
        H118  2 0.0494 0.0375 0.0638 0.0702 0.4985 0.0275 0.0519 0.1091 0.0274 0.0196 0.0451 
        H119  2 0.0678 0.3951 0.0675 0.0729 0.0583 0.0773 0.0780 0.0301 0.0356 0.0617 0.0557 
        H120  2 0.0440 0.0335 0.0479 0.0525 0.0238 0.0363 0.0747 0.1555 0.0400 0.4262 0.0656 
        H121  2 0.0300 0.0178 0.0278 0.0303 0.7269 0.0163 0.0297 0.0682 0.0221 0.0139 0.0170 
        H125  2 0.0190 0.0306 0.0249 0.0209 0.0189 0.0678 0.0936 0.0247 0.0193 0.6565 0.0237 
        H126  2 0.1392 0.0465 0.1694 0.1596 0.0359 0.0565 0.1063 0.0376 0.1221 0.0701 0.0567 
        H128  2 0.0221 0.0325 0.0206 0.0173 0.8259 0.0116 0.0134 0.0168 0.0158 0.0092 0.0148 
        H129  2 0.1458 0.0433 0.1159 0.2020 0.0302 0.1540 0.0871 0.0275 0.0642 0.0184 0.1116 
        H130  2 0.1191 0.0117 0.1100 0.1097 0.0258 0.0656 0.1055 0.0145 0.0740 0.1971 0.1671 
        H133  2 0.0424 0.0270 0.0588 0.0584 0.0620 0.0449 0.0510 0.0158 0.0597 0.5377 0.0424 
        H134  2 0.2273 0.0358 0.2266 0.1839 0.0205 0.0311 0.1568 0.0225 0.0433 0.0129 0.0394 
        H135  2 0.1405 0.0898 0.0997 0.0907 0.0614 0.0714 0.1032 0.0846 0.0748 0.0983 0.0856 
        H137  2 0.0590 0.2738 0.0641 0.0612 0.2177 0.0652 0.0564 0.0271 0.0674 0.0855 0.0224 
        H138  2 0.1308 0.0407 0.1575 0.1394 0.0275 0.1014 0.1263 0.0177 0.0508 0.0140 0.1940 
        H140  2 0.0830 0.0639 0.0807 0.0790 0.3536 0.0363 0.0656 0.0294 0.0353 0.1302 0.0429 
        H146  2 0.0200 0.0405 0.0369 0.0333 0.7462 0.0147 0.0156 0.0288 0.0187 0.0274 0.0178 
        H147  2 0.1038 0.1339 0.0816 0.0962 0.1628 0.0690 0.1011 0.0790 0.0548 0.0325 0.0852 
        H148  2 0.0743 0.1428 0.0685 0.0643 0.2159 0.0569 0.0664 0.0710 0.0376 0.0254 0.1770 
     H166022  2 0.1281 0.2417 0.1100 0.0961 0.0458 0.0853 0.0808 0.0289 0.0769 0.0185 0.0879 
     H167359  2 0.1309 0.0683 0.1293 0.1257 0.0693 0.0745 0.1572 0.0332 0.0976 0.0507 0.0631 
     H167397  2 0.0479 0.5133 0.0667 0.0717 0.0633 0.0552 0.0573 0.0232 0.0300 0.0088 0.0626 
     H167428  2 0.0593 0.0393 0.0592 0.0512 0.1503 0.0257 0.0402 0.5194 0.0220 0.0121 0.0214 
     H167496  2 0.0413 0.0375 0.0506 0.0429 0.0755 0.0491 0.1054 0.0959 0.0345 0.4394 0.0278 
     H167513  2 0.0321 0.1739 0.0368 0.0443 0.0200 0.3552 0.0471 0.0184 0.2152 0.0250 0.0320 
     H167545  2 0.0852 0.0343 0.1042 0.1089 0.0293 0.0343 0.0899 0.0419 0.3838 0.0156 0.0726 
     H167547  2 0.0176 0.8511 0.0195 0.0182 0.0147 0.0149 0.0160 0.0077 0.0144 0.0118 0.0141 
     H169621  2 0.0952 0.0955 0.0887 0.0890 0.2972 0.0484 0.0893 0.0282 0.0514 0.0283 0.0887 
     H169622  2 0.2067 0.0304 0.1068 0.1126 0.0490 0.0809 0.0803 0.0681 0.1771 0.0226 0.0654 
     H169750  2 0.0742 0.0676 0.1175 0.1053 0.0828 0.1033 0.1525 0.0183 0.0820 0.1256 0.0709 
     H171806  2 0.0432 0.1001 0.0763 0.0978 0.3285 0.0396 0.0569 0.0746 0.0264 0.0807 0.0760 
     H171808  2 0.1019 0.0364 0.0906 0.0923 0.0636 0.0426 0.1209 0.2181 0.1159 0.0577 0.0601 
     H171809  2 0.0820 0.0499 0.0930 0.1139 0.0343 0.0649 0.1030 0.1423 0.0587 0.0700 0.1880 
     H171813  2 0.0750 0.0592 0.1152 0.1326 0.0552 0.1524 0.0982 0.0371 0.1052 0.0392 0.1308 
     H171815  2 0.0740 0.0293 0.0625 0.0813 0.0264 0.1322 0.0648 0.0375 0.1771 0.2704 0.0445 
     H171824  2 0.1042 0.0782 0.0779 0.0936 0.0958 0.0732 0.0948 0.1028 0.0556 0.0944 0.1293 
     H171825  2 0.1680 0.0226 0.1355 0.1143 0.0323 0.0915 0.1321 0.0758 0.1422 0.0275 0.0581 
     H171826  2 0.0890 0.1412 0.1251 0.0883 0.0360 0.1326 0.0798 0.0590 0.0336 0.0722 0.1433 
     H171827  2 0.1310 0.0286 0.0872 0.0907 0.0768 0.1801 0.0767 0.0539 0.0967 0.0261 0.1520 
     H171828  2 0.0342 0.0344 0.0325 0.0382 0.0410 0.0487 0.0730 0.1017 0.0220 0.5043 0.0700 
     H171829  2 0.1056 0.0985 0.1354 0.1513 0.0448 0.0977 0.0831 0.0220 0.0905 0.1013 0.0698 
     H171830  2 0.0686 0.1891 0.0868 0.0925 0.0785 0.0865 0.0909 0.0868 0.0878 0.0920 0.0404 
     H171831  2 0.1173 0.1429 0.1661 0.1136 0.0489 0.1018 0.0888 0.0678 0.0640 0.0221 0.0665 
     H171832  2 0.0826 0.0251 0.1208 0.0736 0.0278 0.0896 0.2401 0.0274 0.0785 0.0392 0.1953 
     H171863  2 0.1083 0.0618 0.1274 0.1353 0.0786 0.0659 0.1091 0.0346 0.2099 0.0145 0.0546 
     H171864  2 0.0576 0.2343 0.0693 0.0627 0.1597 0.0757 0.0642 0.0893 0.0750 0.0758 0.0364 
     H171865  2 0.0570 0.0717 0.0585 0.0673 0.0219 0.0676 0.0668 0.1219 0.0987 0.3439 0.0247 
     H171879  2 0.0729 0.2706 0.0855 0.0740 0.2082 0.0461 0.0971 0.0303 0.0401 0.0411 0.0341 
     H171880  2 0.0565 0.2952 0.0514 0.0639 0.2903 0.0693 0.0628 0.0213 0.0383 0.0213 0.0296 
     H171881  2 0.1475 0.0507 0.1197 0.0878 0.0613 0.1015 0.1600 0.0855 0.0422 0.0310 0.1128 
     H171882  2 0.0212 0.0158 0.0248 0.0248 0.0209 0.0230 0.0246 0.0177 0.0234 0.7708 0.0330 
     H171929  2 0.0984 0.1239 0.1021 0.1030 0.1304 0.0548 0.1307 0.0844 0.0704 0.0565 0.0454 
     H171930  2 0.0882 0.1325 0.0867 0.0885 0.0974 0.0796 0.0897 0.0226 0.2639 0.0154 0.0355 
     H171933  2 0.1137 0.1365 0.1024 0.0972 0.1677 0.0731 0.0967 0.0366 0.0731 0.0554 0.0475 
     H171934  2 0.0577 0.0693 0.0753 0.0824 0.0972 0.0561 0.0933 0.2532 0.0671 0.0337 0.1148 
     H171937  2 0.1086 0.0393 0.1242 0.1455 0.0317 0.0582 0.1216 0.0404 0.2132 0.0342 0.0831 
     H171962  2 0.1131 0.0301 0.0973 0.1079 0.0350 0.0784 0.1647 0.2181 0.0759 0.0238 0.0558 
        H190  2 0.1220 0.0666 0.1318 0.1354 0.0939 0.0955 0.1063 0.0643 0.0920 0.0358 0.0564 
        H191  2 0.0685 0.2168 0.0904 0.1051 0.0450 0.1262 0.0592 0.1169 0.0475 0.0913 0.0330 
        H396  2 0.0332 0.0179 0.0260 0.0337 0.0407 0.0175 0.2024 0.5407 0.0388 0.0275 0.0217 
        H397  2 0.1055 0.0404 0.0938 0.1513 0.1430 0.0796 0.0920 0.0432 0.1260 0.0486 0.0766 
        H398  2 0.1556 0.0220 0.1027 0.1408 0.0548 0.0729 0.1664 0.1532 0.0436 0.0496 0.0384 
        H400  2 0.0683 0.0277 0.0642 0.0626 0.0538 0.0334 0.0730 0.4218 0.0840 0.0531 0.0580 
        H401  2 0.0157 0.8482 0.0197 0.0177 0.0212 0.0147 0.0149 0.0115 0.0144 0.0091 0.0128 
        H402  2 0.0868 0.1387 0.0796 0.0759 0.0910 0.1449 0.1407 0.0538 0.1076 0.0180 0.0629 
        H427  2 0.0707 0.0669 0.0542 0.0486 0.0182 0.0367 0.1395 0.4467 0.0327 0.0224 0.0635 
        H428  2 0.0652 0.0380 0.0538 0.0448 0.1403 0.0273 0.0413 0.5321 0.0182 0.0140 0.0250 
        H497  2 0.0630 0.0688 0.0601 0.0505 0.0276 0.2690 0.0560 0.0296 0.2451 0.0780 0.0521 
        H512  2 0.0692 0.2825 0.1007 0.0882 0.0845 0.0887 0.0642 0.0326 0.0446 0.0391 0.1057 
        H513  2 0.0438 0.1858 0.0340 0.0500 0.0231 0.3230 0.0592 0.0181 0.2110 0.0259 0.0261 
        H514  2 0.1610 0.0258 0.1039 0.1118 0.0464 0.1471 0.0914 0.0237 0.1325 0.0253 0.1310 
        H519  2 0.0464 0.1697 0.0632 0.0495 0.0278 0.3345 0.0441 0.0219 0.1794 0.0292 0.0343 
        H532  2 0.0461 0.0520 0.0810 0.0696 0.0660 0.0409 0.0979 0.4607 0.0285 0.0171 0.0404 
        H543  2 0.1101 0.0526 0.0933 0.1074 0.1803 0.1347 0.0909 0.0536 0.0840 0.0171 0.0759 
        H544  2 0.1251 0.0180 0.1735 0.0965 0.0274 0.0435 0.1768 0.0301 0.1529 0.1046 0.0515 
        H545  2 0.0926 0.0298 0.0654 0.0904 0.0238 0.0332 0.1113 0.0291 0.4291 0.0184 0.0768 
        H546  2 0.0777 0.0234 0.0853 0.0821 0.0241 0.0776 0.0820 0.0678 0.1120 0.3276 0.0403 
        H547  2 0.0156 0.8569 0.0164 0.0189 0.0138 0.0156 0.0124 0.0073 0.0120 0.0125 0.0185 
        H548  2 0.0803 0.1318 0.0668 0.0947 0.0726 0.0527 0.0772 0.2298 0.1036 0.0584 0.0322 
        H549  2 0.0381 0.0330 0.0243 0.0242 0.0324 0.2689 0.0457 0.0217 0.4794 0.0192 0.0131 
        H620  2 0.0255 0.0233 0.0232 0.0240 0.0145 0.0394 0.0351 0.0301 0.0328 0.7291 0.0231 
        H623  2 0.1052 0.0334 0.1046 0.1456 0.0526 0.0718 0.1329 0.0227 0.2348 0.0350 0.0615 
        H624  2 0.1119 0.0136 0.0878 0.0888 0.0228 0.0752 0.0518 0.0252 0.3385 0.1112 0.0733 
        H625  2 0.0529 0.0492 0.0865 0.0687 0.0341 0.0500 0.0961 0.4292 0.0652 0.0308 0.0372 
        H626  2 0.0507 0.2064 0.0743 0.0833 0.0296 0.2115 0.0612 0.0750 0.1286 0.0454 0.0341 
        H654  2 0.0440 0.0194 0.0317 0.0323 0.0101 0.1796 0.0458 0.0220 0.2178 0.3539 0.0435 
        H655  2 0.0954 0.0200 0.0776 0.0922 0.0905 0.0881 0.0879 0.0372 0.1177 0.0735 0.2200 
        H656  2 0.0342 0.0177 0.0375 0.0358 0.0154 0.0196 0.0697 0.0581 0.0281 0.6607 0.0233 
        H666  2 0.0332 0.0139 0.0289 0.0306 0.1013 0.0328 0.0319 0.0113 0.0176 0.6777 0.0209 
        H667  2 0.1157 0.0894 0.0887 0.1050 0.0217 0.0789 0.1288 0.0515 0.1200 0.0219 0.1784 
        H677  2 0.1129 0.0577 0.0927 0.1064 0.0733 0.0435 0.1437 0.1418 0.0819 0.0406 0.1056 
        H693  2 0.0366 0.0266 0.0470 0.0500 0.0237 0.0309 0.1007 0.4490 0.0485 0.1467 0.0404 
        H694  2 0.1476 0.0358 0.1242 0.1022 0.0997 0.1010 0.1099 0.0332 0.1632 0.0494 0.0340 
        H701  2 0.1344 0.0610 0.1031 0.1041 0.1440 0.1019 0.1060 0.0377 0.1082 0.0234 0.0762 
        H702  2 0.0960 0.0889 0.1125 0.1210 0.0647 0.1694 0.1077 0.0285 0.0587 0.0463 0.1061 
        H731  2 0.1210 0.0410 0.0817 0.0872 0.0980 0.0569 0.1156 0.0480 0.0546 0.1346 0.1615 
       H7359  2 0.1336 0.0638 0.1095 0.1105 0.0684 0.1000 0.1369 0.0471 0.1131 0.0412 0.0761 
       H7389  2 0.0620 0.1146 0.0730 0.1058 0.0809 0.0602 0.1138 0.2862 0.0472 0.0306 0.0256 
       H7390  2 0.0586 0.0283 0.0622 0.0642 0.0474 0.3145 0.0897 0.0228 0.1068 0.1095 0.0961 
       H7391  2 0.0508 0.1710 0.0527 0.0548 0.0678 0.0391 0.0803 0.3837 0.0286 0.0339 0.0372 
       H7392  2 0.1619 0.0373 0.1316 0.1358 0.0908 0.0667 0.1318 0.0581 0.0567 0.0386 0.0908 
       H7393  2 0.0736 0.0846 0.0848 0.0828 0.0623 0.1297 0.0891 0.0347 0.1002 0.1053 0.1529 
       H7398  2 0.0579 0.0973 0.0717 0.0732 0.1500 0.0416 0.0962 0.2747 0.0397 0.0493 0.0484 
       H7399  2 0.1040 0.0318 0.1468 0.1118 0.1515 0.0710 0.1189 0.0517 0.0723 0.0175 0.1226 
       H7400  2 0.0238 0.0117 0.0229 0.0234 0.0129 0.0199 0.0441 0.0382 0.0560 0.7080 0.0391 
        H745  2 0.1092 0.0723 0.2021 0.2352 0.0426 0.1362 0.0840 0.0288 0.0366 0.0177 0.0353 
        H746  2 0.1421 0.0397 0.1271 0.1297 0.0347 0.0834 0.1288 0.0493 0.0943 0.0146 0.1562 
        H747  2 0.0475 0.0330 0.0539 0.0554 0.1675 0.0848 0.0536 0.0313 0.0558 0.3897 0.0275 
        H748  2 0.1060 0.1194 0.0968 0.0984 0.0617 0.1043 0.0680 0.0224 0.1720 0.0409 0.1102 
       H7484  2 0.0433 0.0579 0.0479 0.0422 0.0424 0.0299 0.0683 0.0358 0.0276 0.5777 0.0270 
       H7485  2 0.0476 0.1024 0.0921 0.0815 0.0302 0.3262 0.0691 0.0420 0.1489 0.0383 0.0218 
        H749  2 0.1246 0.0582 0.0682 0.0861 0.0258 0.0707 0.1245 0.0991 0.2428 0.0179 0.0821 
        H930  2 0.0787 0.1588 0.1104 0.0884 0.1261 0.0806 0.0579 0.0282 0.2284 0.0163 0.0261 
        H931  2 0.1221 0.1052 0.1142 0.1149 0.0701 0.0571 0.0885 0.1650 0.0695 0.0561 0.0373 
        H932  2 0.0782 0.2094 0.1096 0.1086 0.1572 0.0656 0.0943 0.0561 0.0378 0.0318 0.0514 
        H111  3 0.1326 0.0756 0.1143 0.1474 0.0430 0.1116 0.0973 0.0239 0.1558 0.0209 0.0776 
        H951  3 0.0671 0.3312 0.0745 0.1017 0.0498 0.0836 0.0619 0.0969 0.0597 0.0251 0.0486 
        H952  3 0.0757 0.0304 0.1030 0.0967 0.3400 0.0619 0.0766 0.0479 0.0730 0.0434 0.0515 
        H953  3 0.0373 0.1841 0.0443 0.0582 0.0593 0.0314 0.0410 0.4699 0.0254 0.0179 0.0311 
        H954  3 0.0675 0.0371 0.0636 0.0586 0.0986 0.1188 0.1001 0.0330 0.1253 0.2271 0.0703 
        H955  3 0.1340 0.0451 0.1177 0.1316 0.0907 0.0925 0.1330 0.0365 0.1516 0.0151 0.0523 
        H956  3 0.0367 0.0220 0.0559 0.0428 0.5766 0.0511 0.0278 0.0387 0.0410 0.0698 0.0375 
       H9563  3 0.0730 0.2625 0.0636 0.0681 0.0799 0.0490 0.1282 0.1111 0.0392 0.0764 0.0489 
        H002  4 0.0720 0.0152 0.0894 0.0994 0.0150 0.0632 0.0677 0.0297 0.1501 0.1201 0.2782 
        H003  4 0.1930 0.0380 0.1140 0.1017 0.0278 0.0989 0.1287 0.0722 0.0409 0.0192 0.1656 
        H009  4 0.0766 0.0258 0.0783 0.1024 0.0609 0.1017 0.2184 0.0295 0.1104 0.0214 0.1747 
        H010  4 0.1209 0.0774 0.1375 0.1377 0.0983 0.0935 0.0786 0.0777 0.0401 0.0454 0.0928 
        H011  4 0.0939 0.0234 0.0651 0.0793 0.0214 0.0547 0.1289 0.1442 0.0636 0.2715 0.0539 
        H012  4 0.0959 0.0795 0.0915 0.0982 0.0563 0.0891 0.1458 0.0641 0.0515 0.0372 0.1909 
        H013  4 0.1265 0.0434 0.0971 0.0810 0.0339 0.1220 0.0910 0.1557 0.0457 0.1054 0.0983 
        H014  4 0.1224 0.0521 0.1080 0.1597 0.0451 0.1266 0.1156 0.0281 0.0545 0.0322 0.1557 
        H045  4 0.0329 0.0635 0.0316 0.0390 0.0536 0.0268 0.1120 0.4901 0.0287 0.1036 0.0181 
        H046  4 0.1422 0.0368 0.1386 0.1440 0.0391 0.0724 0.0900 0.0722 0.1225 0.0273 0.1151 
        H051  4 0.1010 0.0489 0.0928 0.0629 0.0497 0.0650 0.1405 0.1613 0.0615 0.1440 0.0723 
        H052  4 0.0809 0.0434 0.0858 0.0943 0.0373 0.0358 0.0749 0.0511 0.0287 0.3707 0.0972 
        H053  4 0.0987 0.0498 0.1164 0.0763 0.1405 0.1097 0.0998 0.0312 0.0811 0.0658 0.1307 
        H056  4 0.0760 0.0697 0.0796 0.0718 0.0197 0.0780 0.0691 0.0331 0.0519 0.3878 0.0635 
        H076  4 0.1255 0.1728 0.1808 0.1556 0.0327 0.0919 0.0788 0.0511 0.0351 0.0178 0.0579 
        H151  4 0.0877 0.0225 0.0784 0.0661 0.0297 0.2119 0.0551 0.0202 0.0534 0.1123 0.2627 
        H152  4 0.0705 0.0223 0.1318 0.0955 0.0312 0.0397 0.0781 0.0659 0.0570 0.1613 0.2467 
     H171803  4 0.0843 0.0411 0.0503 0.0446 0.0257 0.2654 0.1146 0.0462 0.1982 0.0565 0.0732 
     H171804  4 0.0666 0.0858 0.0949 0.0831 0.0509 0.1229 0.1146 0.0658 0.1261 0.1258 0.0634 
     H171833  4 0.1180 0.0300 0.1951 0.1601 0.0246 0.1030 0.1183 0.0247 0.1720 0.0177 0.0364 
     H171855  4 0.0547 0.0529 0.0568 0.0705 0.0130 0.3622 0.0568 0.0196 0.0476 0.2274 0.0385 
     H171856  4 0.0550 0.0820 0.0701 0.0622 0.1354 0.1931 0.0557 0.0442 0.1985 0.0384 0.0654 
     H171857  4 0.0666 0.1171 0.1033 0.0945 0.0288 0.1239 0.0896 0.0308 0.0596 0.2014 0.0843 
     H171858  4 0.0788 0.0705 0.1263 0.0844 0.0527 0.0455 0.1002 0.0480 0.0585 0.1116 0.2236 
     H171859  4 0.1023 0.1045 0.1359 0.1154 0.0454 0.0798 0.1210 0.0432 0.0376 0.0958 0.1192 
     H171961  4 0.0631 0.0478 0.0930 0.0958 0.0484 0.1533 0.0751 0.1425 0.0608 0.1696 0.0506 
        H198  4 0.1992 0.0440 0.1240 0.1209 0.0363 0.1429 0.1069 0.0403 0.0581 0.0134 0.1141 
      H20001  4 0.1022 0.0588 0.1197 0.1086 0.0127 0.2297 0.0944 0.0240 0.1798 0.0138 0.0562 
        H403  4 0.0668 0.1670 0.0818 0.1069 0.0390 0.1314 0.1112 0.0495 0.1099 0.0991 0.0374 
        H404  4 0.1291 0.0362 0.1292 0.1108 0.0475 0.0931 0.0677 0.1231 0.0482 0.0219 0.1932 
        H405  4 0.0775 0.1824 0.1562 0.1458 0.0401 0.0808 0.0712 0.0727 0.0749 0.0312 0.0671 
        H406  4 0.0426 0.6276 0.0611 0.0479 0.0194 0.0389 0.0386 0.0168 0.0461 0.0436 0.0176 
        H407  4 0.0561 0.1278 0.0598 0.0867 0.1858 0.1086 0.0747 0.1168 0.0801 0.0484 0.0553 
        H410  4 0.0241 0.7169 0.0229 0.0262 0.0801 0.0179 0.0236 0.0428 0.0161 0.0160 0.0134 
        H411  4 0.1018 0.1410 0.1023 0.1044 0.0244 0.1074 0.0726 0.0177 0.0793 0.0212 0.2277 
        H468  4 0.1018 0.0717 0.0951 0.1008 0.0307 0.1354 0.1088 0.0216 0.2472 0.0503 0.0366 
        H476  4 0.0991 0.0477 0.1178 0.0785 0.0729 0.1127 0.0981 0.0185 0.2211 0.0876 0.0458 
        H477  4 0.1009 0.0198 0.1476 0.1408 0.0236 0.1157 0.0672 0.0178 0.2530 0.0141 0.0996 
        H478  4 0.1305 0.0549 0.0802 0.0775 0.0258 0.1158 0.1649 0.0553 0.1631 0.0257 0.1064 
        H479  4 0.0869 0.0245 0.1055 0.0759 0.0618 0.0563 0.1126 0.1946 0.0595 0.1611 0.0613 
        H480  4 0.1246 0.0643 0.1418 0.1189 0.0810 0.0872 0.1047 0.0182 0.1151 0.0192 0.1250 
        H498  4 0.1599 0.0472 0.1300 0.1260 0.0542 0.1044 0.1231 0.0246 0.0516 0.0591 0.1199 
        H499  4 0.0635 0.0400 0.1187 0.0929 0.0322 0.1092 0.0643 0.1633 0.1800 0.0280 0.1079 
        H500  4 0.0742 0.0448 0.0612 0.0649 0.0508 0.1148 0.0539 0.0953 0.1244 0.2548 0.0608 
        H515  4 0.0789 0.0643 0.1090 0.0816 0.0487 0.1085 0.0779 0.0255 0.0939 0.0716 0.2401 
        H516  4 0.1179 0.0448 0.1251 0.1344 0.1851 0.1132 0.0675 0.0166 0.0623 0.0496 0.0835 
        H517  4 0.0539 0.4351 0.0695 0.0608 0.0854 0.0726 0.0598 0.0242 0.0264 0.0741 0.0384 
        H518  4 0.0931 0.0273 0.1200 0.1021 0.0607 0.0752 0.0769 0.0309 0.0665 0.2983 0.0490 
        H520  4 0.0923 0.0491 0.0669 0.0652 0.0537 0.1373 0.0956 0.0220 0.0994 0.2656 0.0528 
        H521  4 0.0821 0.0573 0.1289 0.0870 0.0599 0.1223 0.1577 0.1508 0.0515 0.0291 0.0732 
        H522  4 0.0852 0.0323 0.0973 0.0812 0.0701 0.1867 0.1102 0.0424 0.1946 0.0421 0.0580 
        H523  4 0.0707 0.0417 0.0857 0.0916 0.2653 0.0650 0.0796 0.0208 0.0728 0.0836 0.1232 
        H536  4 0.0969 0.0409 0.1619 0.1673 0.0292 0.0519 0.0723 0.2175 0.0726 0.0364 0.0532 
        H645  4 0.0494 0.0340 0.0443 0.0485 0.0256 0.0419 0.0606 0.5605 0.0353 0.0554 0.0445 
        H646  4 0.0626 0.0389 0.0785 0.0821 0.5532 0.0294 0.0394 0.0305 0.0282 0.0181 0.0391 
        H647  4 0.1517 0.0591 0.1037 0.0890 0.0867 0.0743 0.0772 0.0450 0.2259 0.0477 0.0396 
        H657  4 0.0892 0.2979 0.0930 0.1061 0.0764 0.0883 0.0850 0.0476 0.0453 0.0208 0.0505 
        H658  4 0.0734 0.0228 0.0702 0.0800 0.3745 0.0699 0.0827 0.0384 0.0785 0.0430 0.0667 
        H659  4 0.0451 0.0367 0.0389 0.0469 0.0139 0.4029 0.0390 0.0161 0.1571 0.1446 0.0588 
        H660  4 0.1048 0.0297 0.0928 0.1026 0.0462 0.0893 0.1098 0.0517 0.1960 0.0643 0.1127 
        H661  4 0.0630 0.0528 0.0644 0.0676 0.0150 0.4574 0.0620 0.0273 0.0718 0.0744 0.0444 
        H668  4 0.0675 0.0472 0.0996 0.0941 0.0500 0.0893 0.0600 0.0513 0.0841 0.0338 0.3231 
        H669  4 0.1109 0.0727 0.0882 0.0958 0.1596 0.0648 0.0776 0.0824 0.0715 0.0773 0.0994 
        H670  4 0.0799 0.0323 0.0551 0.0495 0.0215 0.0371 0.0664 0.1238 0.0313 0.0575 0.4456 
        H678  4 0.0748 0.1274 0.0733 0.0731 0.0540 0.3151 0.0689 0.0410 0.0800 0.0385 0.0540 
        H679  4 0.0818 0.1914 0.0608 0.0932 0.2225 0.0737 0.0848 0.0502 0.0887 0.0260 0.0270 
        H680  4 0.0715 0.1814 0.0558 0.0752 0.0186 0.4160 0.0681 0.0332 0.0268 0.0207 0.0326 
        H681  4 0.1172 0.0265 0.0682 0.0913 0.0441 0.0953 0.1508 0.0934 0.0842 0.1394 0.0897 
        H682  4 0.0894 0.1715 0.0921 0.0729 0.0871 0.1096 0.1156 0.0311 0.1331 0.0304 0.0671 
        H683  4 0.0765 0.0900 0.1023 0.1013 0.1097 0.0421 0.0813 0.0301 0.0713 0.2327 0.0625 
        H718  4 0.0276 0.0234 0.0441 0.0380 0.1000 0.0250 0.0649 0.0362 0.0255 0.5909 0.0245 
        H719  4 0.0795 0.0282 0.0509 0.0645 0.0410 0.0590 0.1473 0.3917 0.0527 0.0552 0.0301 
        H720  4 0.0612 0.0357 0.0955 0.1203 0.0147 0.1881 0.0902 0.1071 0.1441 0.1000 0.0430 
        H721  4 0.1149 0.0665 0.1421 0.1440 0.0183 0.0777 0.0964 0.0774 0.0771 0.0960 0.0897 
        H722  4 0.0746 0.0504 0.1531 0.1514 0.0391 0.1217 0.0920 0.0216 0.0774 0.1814 0.0371 
        H723  4 0.0699 0.2159 0.0525 0.0616 0.0368 0.0569 0.1346 0.0746 0.0438 0.1665 0.0868 
        H724  4 0.0386 0.0342 0.0443 0.0376 0.0686 0.0527 0.0897 0.0477 0.0561 0.5081 0.0223 
        H725  4 0.0428 0.0329 0.0565 0.0542 0.0244 0.0772 0.0921 0.0223 0.0547 0.5145 0.0284 
        H726  4 0.0911 0.0669 0.0880 0.0756 0.0566 0.0978 0.0849 0.0383 0.0640 0.2190 0.1178 
        H727  4 0.0733 0.0610 0.0617 0.0902 0.0786 0.1308 0.0829 0.1253 0.0404 0.1124 0.1435 
        H910  4 0.0629 0.0638 0.0782 0.0708 0.1192 0.0894 0.0782 0.0664 0.0777 0.1413 0.1520 
        H911  4 0.0476 0.5753 0.0548 0.0548 0.0613 0.0341 0.0540 0.0245 0.0375 0.0346 0.0214 
        H912  4 0.0957 0.1872 0.1047 0.0876 0.0332 0.1503 0.0884 0.0343 0.1213 0.0555 0.0418 
        H913  4 0.0866 0.0230 0.0632 0.0674 0.4024 0.0626 0.0681 0.0241 0.0850 0.0770 0.0407 
        H914  4 0.0704 0.0338 0.0502 0.0480 0.1152 0.1015 0.0546 0.1465 0.0799 0.0844 0.2154 
        H915  4 0.0722 0.2414 0.0908 0.1152 0.0336 0.1090 0.0693 0.0392 0.1317 0.0476 0.0499 
        H916  4 0.0559 0.0903 0.0897 0.0998 0.0657 0.1433 0.0557 0.0225 0.2594 0.0250 0.0927 
       H9572  4 0.0637 0.1825 0.0560 0.0471 0.0289 0.2626 0.1604 0.0360 0.0517 0.0724 0.0387 
        H015  5 0.1363 0.0843 0.1068 0.1128 0.0352 0.0857 0.1185 0.0436 0.2025 0.0233 0.0509 
        H016  5 0.1181 0.0450 0.2307 0.1926 0.0726 0.0700 0.0771 0.0367 0.0869 0.0278 0.0425 
        H017  5 0.0792 0.0410 0.0766 0.0942 0.0604 0.2300 0.0638 0.0151 0.2286 0.0230 0.0880 
        H019  5 0.0996 0.0501 0.1197 0.1048 0.0373 0.0772 0.1479 0.0540 0.1344 0.0658 0.1090 
        H020  5 0.0529 0.0137 0.0578 0.0563 0.2218 0.0298 0.0360 0.3617 0.0678 0.0642 0.0379 
        H032  5 0.1162 0.1258 0.1174 0.1269 0.0659 0.1009 0.0900 0.0269 0.0760 0.0818 0.0722 
        H033  5 0.1234 0.0240 0.0880 0.0963 0.1505 0.0886 0.1235 0.0834 0.0907 0.0292 0.1023 
        H034  5 0.0767 0.0574 0.0890 0.0660 0.0701 0.0632 0.0788 0.0305 0.0458 0.1893 0.2333 
        H035  5 0.0975 0.0656 0.1149 0.0958 0.1171 0.1738 0.0865 0.0662 0.1063 0.0382 0.0380 
        H036  5 0.0924 0.1486 0.1207 0.0880 0.0984 0.0765 0.0743 0.1000 0.1262 0.0465 0.0283 
        H037  5 0.1102 0.0228 0.1003 0.0706 0.0666 0.1218 0.0802 0.0725 0.1865 0.0604 0.1082 
        H048  5 0.0493 0.0572 0.0547 0.0459 0.0261 0.1037 0.1511 0.2463 0.0454 0.2013 0.0190 
        H049  5 0.1104 0.0235 0.1053 0.1150 0.0372 0.0853 0.1441 0.0695 0.2455 0.0330 0.0312 
        H054  5 0.0915 0.1965 0.1540 0.1619 0.0681 0.0518 0.0885 0.0323 0.0231 0.0679 0.0643 
        H055  5 0.1170 0.0309 0.1228 0.0885 0.0254 0.1034 0.0875 0.0483 0.0438 0.0639 0.2686 
        H057  5 0.1161 0.0188 0.2157 0.2120 0.0172 0.0623 0.1192 0.0261 0.0947 0.0463 0.0717 
        H060  5 0.0411 0.0163 0.0404 0.0377 0.0140 0.0264 0.0447 0.0262 0.0236 0.1205 0.6088 
        H061  5 0.1098 0.0467 0.0955 0.0851 0.0472 0.0690 0.1698 0.1132 0.0703 0.0245 0.1690 
        H064  5 0.1066 0.0388 0.1097 0.0974 0.0380 0.0900 0.1357 0.0891 0.0650 0.1365 0.0932 
        H070  5 0.0584 0.0395 0.0540 0.0614 0.0438 0.0400 0.0787 0.0387 0.0437 0.1273 0.4146 
        H077  5 0.0548 0.0839 0.0601 0.0510 0.0200 0.0536 0.0604 0.0206 0.0588 0.3764 0.1603 
        H078  5 0.0693 0.0596 0.0806 0.1031 0.0865 0.2194 0.0881 0.0253 0.1243 0.0884 0.0555 
