        H102  1 0.2288 0.2608 0.2187 0.2917 
        H103  1 0.2938 0.2193 0.2935 0.1934 
        H104  1 0.2057 0.2780 0.2486 0.2677 
        H105  1 0.2232 0.2997 0.2565 0.2206 
        H106  1 0.2397 0.2416 0.2797 0.2389 
        H112  1 0.2143 0.2655 0.2278 0.2925 
        H113  1 0.2231 0.3168 0.2442 0.2159 
        H114  1 0.2236 0.3165 0.2545 0.2053 
        H115  1 0.2046 0.2887 0.2335 0.2731 
        H143  1 0.2489 0.3038 0.2106 0.2367 
        H144  1 0.3024 0.2871 0.2253 0.1851 
        H145  1 0.2995 0.2151 0.2823 0.2032 
        H149  1 0.2212 0.2537 0.2387 0.2863 
        H150  1 0.2544 0.2410 0.2424 0.2622 
     H167542  1 0.2095 0.3231 0.2612 0.2063 
     H169604  1 0.2351 0.2900 0.2511 0.2238 
     H169607  1 0.2711 0.2731 0.2699 0.1859 
     H169608  1 0.2294 0.2063 0.2129 0.3513 
     H169633  1 0.2404 0.2978 0.2768 0.1850 
     H169688  1 0.3057 0.2270 0.2501 0.2172 
     H169714  1 0.2296 0.2197 0.2587 0.2920 
     H171802  1 0.2244 0.2251 0.2486 0.3020 
     H171805  1 0.2615 0.2397 0.2887 0.2101 
     H171807  1 0.2511 0.2655 0.2077 0.2757 
     H171814  1 0.3265 0.2296 0.2616 0.1823 
     H171816  1 0.2409 0.2368 0.2286 0.2937 
     H171817  1 0.2203 0.2333 0.2666 0.2797 
     H171818  1 0.2331 0.2757 0.2575 0.2337 
     H171819  1 0.2310 0.2416 0.2521 0.2754 
     H171834  1 0.2358 0.2970 0.2130 0.2542 
     H171835  1 0.2239 0.2113 0.2186 0.3463 
     H171836  1 0.2455 0.2876 0.3012 0.1657 
     H171837  1 0.2218 0.2493 0.2542 0.2747 
     H171838  1 0.2730 0.2270 0.2611 0.2390 
     H171839  1 0.2219 0.2569 0.2570 0.2642 
     H171841  1 0.2389 0.1916 0.2034 0.3660 
     H171860  1 0.2275 0.2696 0.2453 0.2576 
     H171861  1 0.2469 0.2939 0.2895 0.1698 
     H171862  1 0.2510 0.2590 0.2344 0.2556 
     H171868  1 0.2216 0.3299 0.2261 0.2223 
     H171869  1 0.2960 0.2366 0.2470 0.2203 
     H171870  1 0.2745 0.2284 0.2481 0.2491 
     H171871  1 0.2585 0.2233 0.2903 0.2279 
     H171872  1 0.2169 0.2606 0.2550 0.2675 
     H171873  1 0.2780 0.2119 0.2605 0.2497 
     H171874  1 0.2730 0.2676 0.2294 0.2300 
     H171875  1 0.2611 0.3141 0.2436 0.1813 
     H171876  1 0.2438 0.3087 0.2363 0.2112 
     H171877  1 0.1968 0.3659 0.2263 0.2109 
     H171878  1 0.2865 0.2162 0.2159 0.2813 
     H171901  1 0.2038 0.1880 0.3281 0.2801 
     H171902  1 0.2927 0.2250 0.2478 0.2345 
     H171903  1 0.2296 0.2700 0.2493 0.2511 
     H171935  1 0.2535 0.2073 0.2495 0.2897 
     H171936  1 0.2358 0.2838 0.2915 0.1889 
     H171940  1 0.2338 0.2969 0.2025 0.2668 
     H171945  1 0.2764 0.2298 0.2481 0.2457 
     H171948  1 0.2163 0.2795 0.2204 0.2838 
     H171949  1 0.2186 0.2363 0.2243 0.3207 
     H171950  1 0.2231 0.1832 0.2521 0.3416 
     H171963  1 0.2770 0.2569 0.2557 0.2105 
     H171964  1 0.3489 0.2346 0.1932 0.2232 
     H171966  1 0.2556 0.2473 0.2407 0.2564 
     H171968  1 0.2738 0.2312 0.2257 0.2693 
     H171971  1 0.2541 0.2245 0.2619 0.2594 
     H171972  1 0.2860 0.2505 0.2402 0.2233 
     H171977  1 0.3072 0.2510 0.2420 0.1998 
     H171978  1 0.2561 0.2130 0.2408 0.2902 
     H171979  1 0.2497 0.2782 0.2909 0.1812 
        H176  1 0.2524 0.2808 0.2395 0.2273 
        H177  1 0.2067 0.2138 0.2648 0.3148 
        H179  1 0.2025 0.2703 0.2424 0.2848 
        H181  1 0.2736 0.3030 0.2378 0.1856 
        H182  1 0.2580 0.2571 0.2873 0.1976 
        H183  1 0.3093 0.2518 0.2327 0.2063 
        H184  1 0.2192 0.2608 0.2428 0.2772 
        H185  1 0.2706 0.2730 0.2639 0.1925 
        H186  1 0.2833 0.2476 0.1845 0.2847 
        H187  1 0.2324 0.2128 0.3129 0.2419 
        H188  1 0.2079 0.3442 0.2024 0.2454 
        H192  1 0.2287 0.2357 0.2265 0.3091 
        H193  1 0.2908 0.2611 0.2547 0.1934 
        H194  1 0.2174 0.2815 0.2528 0.2483 
        H195  1 0.3346 0.2347 0.2275 0.2032 
        H199  1 0.3037 0.2427 0.2447 0.2090 
        H200  1 0.2322 0.2428 0.2458 0.2792 
        H414  1 0.2530 0.2330 0.2858 0.2282 
        H415  1 0.2395 0.2686 0.2763 0.2157 
        H422  1 0.3024 0.2201 0.2151 0.2624 
        H423  1 0.2194 0.2133 0.2121 0.3553 
        H424  1 0.2882 0.2581 0.2632 0.1904 
        H425  1 0.3132 0.2218 0.2627 0.2023 
        H426  1 0.3385 0.2022 0.2357 0.2236 
        H443  1 0.3193 0.2696 0.2039 0.2072 
        H466  1 0.2380 0.2890 0.2435 0.2295 
        H467  1 0.2424 0.2205 0.2065 0.3305 
        H472  1 0.2383 0.2746 0.2810 0.2061 
        H483  1 0.2594 0.3201 0.2288 0.1917 
        H504  1 0.3248 0.2299 0.2541 0.1912 
        H505  1 0.2193 0.2830 0.2450 0.2527 
        H506  1 0.2820 0.2470 0.2198 0.2512 
        H507  1 0.2493 0.2654 0.3252 0.1602 
        H508  1 0.2594 0.2345 0.2733 0.2328 
        H524  1 0.2401 0.2504 0.3308 0.1787 
        H525  1 0.2748 0.2736 0.2283 0.2233 
        H526  1 0.2365 0.3243 0.2418 0.1974 
        H527  1 0.2264 0.2279 0.2612 0.2845 
        H528  1 0.2802 0.2686 0.2457 0.2055 
        H529  1 0.2631 0.2558 0.3094 0.1718 
        H533  1 0.2287 0.2488 0.3526 0.1699 
        H538  1 0.2190 0.2785 0.2618 0.2407 
        H539  1 0.2655 0.2086 0.2954 0.2305 
        H540  1 0.2300 0.2464 0.2712 0.2524 
        H541  1 0.2291 0.2764 0.2675 0.2269 
        H558  1 0.3036 0.2082 0.2514 0.2368 
        H559  1 0.2707 0.2752 0.2068 0.2472 
        H579  1 0.2912 0.2482 0.2305 0.2300 
        H584  1 0.3053 0.2349 0.2348 0.2250 
        H585  1 0.2529 0.2813 0.2551 0.2107 
        H605  1 0.2525 0.2523 0.2720 0.2233 
        H606  1 0.2290 0.2312 0.2258 0.3141 
        H632  1 0.3169 0.2316 0.2320 0.2195 
        H634  1 0.2618 0.2471 0.2654 0.2257 
        H671  1 0.2378 0.2208 0.2444 0.2969 
        H672  1 0.2540 0.2352 0.2877 0.2231 
        H673  1 0.2660 0.3166 0.2022 0.2152 
        H689  1 0.2727 0.2702 0.2411 0.2160 
        H690  1 0.2052 0.2736 0.2409 0.2803 
        H691  1 0.2248 0.2891 0.2520 0.2341 
        H692  1 0.2729 0.3129 0.2598 0.1544 
        H709  1 0.2606 0.2490 0.2607 0.2297 
        H710  1 0.2964 0.2820 0.2362 0.1854 
       H7355  1 0.2247 0.2898 0.2755 0.2100 
       H7356  1 0.2757 0.2370 0.2414 0.2460 
       H7357  1 0.2302 0.2531 0.2746 0.2422 
       H7358  1 0.2587 0.2927 0.2586 0.1900 
       H7380  1 0.2559 0.2769 0.2397 0.2275 
       H7381  1 0.2573 0.2324 0.2237 0.2866 
       H7382  1 0.2610 0.2748 0.2332 0.2310 
        H904  1 0.1856 0.2141 0.1985 0.4018 
        H923  1 0.2683 0.2529 0.2317 0.2472 
        H924  1 0.2416 0.2589 0.2336 0.2658 
        H925  1 0.2397 0.2731 0.2910 0.1963 
       H9558  1 0.3222 0.2023 0.2494 0.2262 
        H008  2 0.2214 0.3554 0.2424 0.1808 
        H021  2 0.2272 0.2390 0.2437 0.2902 
        H023  2 0.2185 0.2437 0.2678 0.2701 
        H024  2 0.3012 0.2612 0.2601 0.1775 
        H025  2 0.2491 0.2406 0.2026 0.3076 
        H026  2 0.3211 0.2374 0.2409 0.2007 
        H027  2 0.2352 0.2774 0.2831 0.2044 
        H028  2 0.2753 0.2709 0.2546 0.1992 
        H029  2 0.2729 0.2407 0.2753 0.2110 
        H030  2 0.3140 0.2528 0.2443 0.1889 
        H038  2 0.2403 0.2036 0.2792 0.2770 
        H039  2 0.2018 0.1846 0.1908 0.4228 
        H040  2 0.2456 0.2046 0.2875 0.2623 
        H041  2 0.2130 0.3350 0.2285 0.2235 
        H042  2 0.2278 0.2534 0.2586 0.2602 
        H043  2 0.2533 0.1845 0.2280 0.3343 
        H044  2 0.2600 0.2365 0.2866 0.2168 
        H047  2 0.2630 0.2260 0.2108 0.3003 
        H050  2 0.2758 0.2279 0.2827 0.2135 
        H058  2 0.2402 0.2188 0.2708 0.2702 
        H062  2 0.2283 0.2440 0.2524 0.2752 
        H063  2 0.2188 0.2418 0.2275 0.3119 
        H065  2 0.2983 0.2381 0.2267 0.2368 
        H066  2 0.2723 0.2152 0.2804 0.2321 
        H067  2 0.2444 0.2933 0.2568 0.2055 
        H068  2 0.2329 0.2132 0.2478 0.3061 
        H069  2 0.2661 0.2042 0.3026 0.2270 
        H071  2 0.2212 0.2322 0.2468 0.2998 
        H072  2 0.1999 0.2413 0.2179 0.3409 
        H073  2 0.2747 0.2559 0.2733 0.1961 
        H081  2 0.1957 0.3569 0.2197 0.2276 
        H082  2 0.2790 0.2777 0.2674 0.1758 
        H083  2 0.2999 0.2613 0.2291 0.2097 
        H084  2 0.2286 0.2185 0.2998 0.2532 
        H085  2 0.2079 0.3573 0.2153 0.2195 
        H087  2 0.2040 0.3419 0.2232 0.2308 
        H088  2 0.1993 0.2721 0.2327 0.2959 
        H089  2 0.2319 0.2876 0.2868 0.1937 
        H090  2 0.2919 0.2739 0.2268 0.2074 
        H091  2 0.2538 0.2962 0.2656 0.1843 
        H098  2 0.2384 0.2946 0.2641 0.2028 
      H10001  2 0.2054 0.1847 0.1895 0.4204 
      H10002  2 0.2116 0.2503 0.2476 0.2906 
        H101  2 0.2612 0.2156 0.3088 0.2144 
        H108  2 0.2226 0.3190 0.2009 0.2575 
        H109  2 0.2398 0.2126 0.2859 0.2617 
        H110  2 0.2296 0.3271 0.2306 0.2128 
        H116  2 0.2900 0.2467 0.2365 0.2268 
        H117  2 0.2278 0.3018 0.2646 0.2059 
        H118  2 0.3054 0.3054 0.2209 0.1682 
        H119  2 0.2266 0.2410 0.2385 0.2939 
        H120  2 0.1953 0.2623 0.1958 0.3467 
        H121  2 0.2702 0.3088 0.2208 0.2002 
        H125  2 0.1899 0.1852 0.2074 0.4176 
        H126  2 0.3039 0.2624 0.1950 0.2387 
        H128  2 0.3797 0.2323 0.2374 0.1507 
        H129  2 0.3359 0.2592 0.2155 0.1894 
        H130  2 0.2627 0.1859 0.2297 0.3217 
        H133  2 0.2267 0.1940 0.2108 0.3686 
        H134  2 0.3876 0.2017 0.2041 0.2065 
        H135  2 0.2232 0.2862 0.2485 0.2421 
        H137  2 0.2428 0.2734 0.2765 0.2074 
        H138  2 0.3040 0.2221 0.2501 0.2239 
        H140  2 0.2541 0.2567 0.2437 0.2455 
        H146  2 0.2936 0.2491 0.2438 0.2135 
        H147  2 0.2251 0.3029 0.2548 0.2172 
        H148  2 0.2105 0.3000 0.2802 0.2094 
     H166022  2 0.2384 0.2597 0.3094 0.1925 
     H167359  2 0.2400 0.2495 0.2817 0.2289 
     H167397  2 0.2650 0.2786 0.3049 0.1515 
     H167428  2 0.2621 0.3586 0.2203 0.1590 
     H167496  2 0.1954 0.2731 0.2300 0.3015 
     H167513  2 0.2458 0.2316 0.2798 0.2428 
     H167545  2 0.2945 0.2135 0.2939 0.1982 
     H167547  2 0.3248 0.1903 0.2916 0.1933 
     H169621  2 0.2686 0.2715 0.2577 0.2023 
     H169622  2 0.2659 0.2607 0.2676 0.2058 
     H169750  2 0.2682 0.2045 0.2382 0.2891 
     H171806  2 0.2722 0.2166 0.2393 0.2719 
     H171808  2 0.2546 0.2325 0.2959 0.2170 
     H171809  2 0.2240 0.2745 0.2475 0.2540 
     H171813  2 0.2893 0.2290 0.2172 0.2645 
     H171815  2 0.2380 0.1875 0.2252 0.3493 
     H171824  2 0.1984 0.2614 0.2287 0.3115 
     H171825  2 0.2551 0.2536 0.2690 0.2223 
     H171826  2 0.2219 0.2694 0.2294 0.2794 
     H171827  2 0.2384 0.2416 0.2555 0.2645 
     H171828  2 0.1848 0.2488 0.1939 0.3725 
     H171829  2 0.2944 0.2061 0.2498 0.2497 
     H171830  2 0.2290 0.2692 0.2540 0.2478 
     H171831  2 0.3063 0.2429 0.2621 0.1887 
     H171832  2 0.2745 0.2556 0.2273 0.2426 
     H171863  2 0.3146 0.2284 0.2749 0.1821 
     H171864  2 0.2203 0.2692 0.3013 0.2092 
     H171865  2 0.2408 0.2190 0.2230 0.3172 
     H171879  2 0.2611 0.2304 0.2641 0.2444 
     H171880  2 0.2350 0.2394 0.2995 0.2261 
     H171881  2 0.2437 0.3051 0.2461 0.2051 
     H171882  2 0.2143 0.2220 0.2058 0.3580 
     H171929  2 0.2305 0.3149 0.2482 0.2064 
     H171930  2 0.2849 0.2184 0.3116 0.1850 
     H171933  2 0.2448 0.2625 0.2854 0.2074 
     H171934  2 0.2139 0.2633 0.2951 0.2276 
     H171937  2 0.3160 0.2357 0.2315 0.2168 
     H171962  2 0.2458 0.3154 0.2331 0.2057 
        H190  2 0.2537 0.2879 0.2680 0.1903 
        H191  2 0.2576 0.2672 0.2379 0.2373 
        H396  2 0.2377 0.3085 0.2347 0.2192 
        H397  2 0.2460 0.2545 0.2893 0.2103 
        H398  2 0.2635 0.2395 0.2423 0.2547 
        H400  2 0.2351 0.2609 0.2899 0.2140 
        H401  2 0.2903 0.2618 0.2868 0.1611 
        H402  2 0.2314 0.2763 0.3028 0.1894 
        H427  2 0.2413 0.2915 0.2367 0.2304 
        H428  2 0.2618 0.3611 0.2191 0.1580 
        H497  2 0.2454 0.2310 0.2430 0.2805 
        H512  2 0.2448 0.2469 0.2553 0.2529 
        H513  2 0.2472 0.2303 0.2812 0.2413 
        H514  2 0.2833 0.2345 0.2311 0.2511 
        H519  2 0.2365 0.2401 0.2792 0.2442 
        H532  2 0.2418 0.2786 0.2838 0.1958 
        H543  2 0.2277 0.2612 0.3061 0.2050 
        H544  2 0.3076 0.2061 0.2387 0.2476 
        H545  2 0.3137 0.2061 0.2870 0.1932 
        H546  2 0.2605 0.2351 0.2338 0.2706 
        H547  2 0.3281 0.1890 0.2882 0.1947 
        H548  2 0.2225 0.2540 0.3102 0.2134 
        H549  2 0.2656 0.1957 0.3545 0.1841 
        H620  2 0.2017 0.2211 0.2180 0.3591 
        H623  2 0.2943 0.2623 0.2369 0.2065 
        H624  2 0.2808 0.1669 0.2327 0.3196 
        H625  2 0.2328 0.2966 0.2669 0.2037 
        H626  2 0.2260 0.2144 0.3213 0.2384 
        H654  2 0.2105 0.1793 0.2182 0.3919 
        H655  2 0.2188 0.2133 0.2522 0.3157 
        H656  2 0.2233 0.2607 0.2083 0.3077 
        H666  2 0.2470 0.1850 0.2084 0.3597 
        H667  2 0.2500 0.2557 0.2460 0.2483 
        H677  2 0.2441 0.2395 0.2935 0.2229 
        H693  2 0.1990 0.2916 0.2041 0.3053 
        H694  2 0.2787 0.2665 0.2544 0.2004 
        H701  2 0.2318 0.2637 0.2764 0.2282 
        H702  2 0.2167 0.2415 0.2736 0.2681 
        H731  2 0.2267 0.2573 0.2261 0.2899 
       H7359  2 0.2341 0.2519 0.2851 0.2288 
       H7389  2 0.2599 0.2440 0.2616 0.2345 
       H7390  2 0.2078 0.1882 0.2726 0.3314 
       H7391  2 0.1992 0.3430 0.2625 0.1952 
       H7392  2 0.2786 0.2400 0.2437 0.2378 
       H7393  2 0.2211 0.2200 0.2737 0.2853 
       H7398  2 0.2124 0.3322 0.2311 0.2242 
       H7399  2 0.2773 0.2771 0.2431 0.2025 
       H7400  2 0.2101 0.1896 0.2208 0.3794 
        H745  2 0.3275 0.2470 0.2178 0.2077 
        H746  2 0.2827 0.2437 0.2603 0.2134 
        H747  2 0.2272 0.2097 0.2902 0.2729 
        H748  2 0.2381 0.2137 0.2771 0.2712 
       H7484  2 0.2307 0.2368 0.2355 0.2970 
       H7485  2 0.2756 0.2622 0.2494 0.2128 
        H749  2 0.2700 0.2192 0.3024 0.2083 
        H930  2 0.2682 0.2213 0.3164 0.1941 
        H931  2 0.2342 0.3183 0.2226 0.2249 
        H932  2 0.2543 0.2206 0.2586 0.2666 
        H111  3 0.2956 0.2320 0.2619 0.2105 
        H951  3 0.2730 0.2617 0.2563 0.2090 
        H952  3 0.2908 0.2074 0.2497 0.2521 
        H953  3 0.2488 0.2925 0.2662 0.1925 
        H954  3 0.2054 0.2212 0.2369 0.3366 
        H955  3 0.2547 0.2519 0.2830 0.2104 
        H956  3 0.2345 0.2387 0.2664 0.2603 
       H9563  3 0.2092 0.2913 0.2435 0.2560 
        H002  4 0.2645 0.2035 0.2013 0.3306 
        H003  4 0.2702 0.2791 0.2421 0.2085 
        H009  4 0.3074 0.2399 0.2460 0.2068 
        H010  4 0.2428 0.2733 0.2564 0.2275 
        H011  4 0.2025 0.2692 0.2097 0.3185 
        H012  4 0.2167 0.3042 0.2724 0.2067 
        H013  4 0.2170 0.3053 0.2112 0.2665 
        H014  4 0.2632 0.2556 0.2202 0.2610 
        H045  4 0.2174 0.3201 0.2331 0.2295 
        H046  4 0.2861 0.2596 0.2655 0.1888 
        H051  4 0.2018 0.3116 0.2118 0.2747 
        H052  4 0.2835 0.2099 0.2347 0.2719 
        H053  4 0.2306 0.2245 0.2478 0.2971 
        H056  4 0.2462 0.2190 0.2261 0.3087 
        H076  4 0.2909 0.2720 0.2268 0.2102 
        H151  4 0.2177 0.1756 0.2022 0.4044 
        H152  4 0.2684 0.2041 0.1940 0.3335 
     H171803  4 0.2222 0.2048 0.2801 0.2929 
     H171804  4 0.2172 0.2329 0.2902 0.2597 
     H171833  4 0.3183 0.2218 0.2404 0.2195 
     H171855  4 0.2384 0.1918 0.2043 0.3655 
     H171856  4 0.2396 0.2022 0.3146 0.2436 
     H171857  4 0.2535 0.2083 0.2301 0.3082 
     H171858  4 0.2759 0.2208 0.2545 0.2488 
     H171859  4 0.2615 0.2413 0.2392 0.2580 
     H171961  4 0.2326 0.2606 0.2328 0.2741 
        H198  4 0.2708 0.2834 0.2426 0.2032 
      H20001  4 0.3281 0.2103 0.2347 0.2269 
        H403  4 0.2705 0.2118 0.2556 0.2622 
        H404  4 0.2542 0.3147 0.2310 0.2001 
        H405  4 0.2544 0.2546 0.2920 0.1990 
        H406  4 0.3279 0.1875 0.2447 0.2399 
        H407  4 0.2340 0.2235 0.3039 0.2386 
        H410  4 0.2751 0.2566 0.2868 0.1815 
        H411  4 0.3059 0.2161 0.2309 0.2471 
        H468  4 0.2855 0.1942 0.2725 0.2478 
        H476  4 0.2304 0.2003 0.3007 0.2686 
        H477  4 0.3201 0.1765 0.2925 0.2109 
        H478  4 0.2438 0.2692 0.2815 0.2055 
        H479  4 0.2493 0.2730 0.2343 0.2433 
        H480  4 0.2828 0.2108 0.2974 0.2090 
        H498  4 0.2619 0.2659 0.2224 0.2497 
        H499  4 0.2540 0.2330 0.2437 0.2693 
        H500  4 0.1984 0.2279 0.2699 0.3038 
        H515  4 0.2266 0.2144 0.2503 0.3087 
        H516  4 0.2755 0.2311 0.2264 0.2670 
        H517  4 0.2606 0.2337 0.2715 0.2341 
        H518  4 0.2805 0.2068 0.2456 0.2671 
        H520  4 0.2471 0.2030 0.2449 0.3050 
        H521  4 0.2298 0.3215 0.2360 0.2128 
        H522  4 0.2397 0.2191 0.2890 0.2522 
        H523  4 0.2448 0.2235 0.2524 0.2793 
        H536  4 0.2514 0.2728 0.2562 0.2196 
        H645  4 0.2081 0.3152 0.2295 0.2472 
        H646  4 0.2755 0.2342 0.2922 0.1980 
        H647  4 0.2659 0.2186 0.2878 0.2278 
        H657  4 0.2602 0.2461 0.2979 0.1958 
        H658  4 0.2174 0.2214 0.2983 0.2629 
        H659  4 0.2009 0.1756 0.2112 0.4122 
        H660  4 0.2308 0.2410 0.2466 0.2816 
        H661  4 0.2505 0.2032 0.2227 0.3236 
        H668  4 0.2331 0.2791 0.2666 0.2212 
        H669  4 0.2246 0.2825 0.2431 0.2498 
        H670  4 0.2132 0.2984 0.2150 0.2733 
        H678  4 0.2379 0.2269 0.2802 0.2550 
        H679  4 0.2409 0.2645 0.2968 0.1978 
        H680  4 0.2849 0.2345 0.2303 0.2503 
        H681  4 0.2312 0.2547 0.2318 0.2823 
        H682  4 0.2212 0.2608 0.3087 0.2093 
        H683  4 0.2873 0.2270 0.2169 0.2687 
        H718  4 0.2403 0.2334 0.2337 0.2926 
        H719  4 0.2062 0.3312 0.2208 0.2418 
        H720  4 0.2890 0.2479 0.2302 0.2330 
        H721  4 0.2780 0.2188 0.2488 0.2544 
        H722  4 0.2944 0.2090 0.1951 0.3016 
        H723  4 0.2044 0.2709 0.2315 0.2932 
        H724  4 0.2059 0.1944 0.2422 0.3576 
        H725  4 0.2374 0.2118 0.2108 0.3400 
        H726  4 0.2198 0.2203 0.2229 0.3370 
        H727  4 0.2070 0.2567 0.2239 0.3124 
        H910  4 0.2111 0.2518 0.2506 0.2864 
        H911  4 0.2730 0.2512 0.2719 0.2039 
        H912  4 0.2624 0.2151 0.2397 0.2828 
        H913  4 0.2232 0.2114 0.2793 0.2861 
        H914  4 0.1998 0.2331 0.2535 0.3135 
        H915  4 0.2369 0.2088 0.2889 0.2654 
        H916  4 0.2756 0.1942 0.2692 0.2610 
       H9572  4 0.2484 0.2750 0.2468 0.2298 
        H015  5 0.2685 0.2515 0.2601 0.2199 
        H016  5 0.3098 0.2398 0.2447 0.2058 
        H017  5 0.2874 0.1918 0.2473 0.2735 
        H019  5 0.2595 0.2698 0.2380 0.2327 
        H020  5 0.2614 0.2365 0.2266 0.2755 
        H032  5 0.2568 0.2104 0.2640 0.2688 
        H033  5 0.2262 0.3039 0.2532 0.2167 
        H034  5 0.2058 0.2419 0.2271 0.3252 
        H035  5 0.2464 0.2282 0.2809 0.2445 
        H036  5 0.2599 0.2821 0.2602 0.1978 
        H037  5 0.2190 0.2236 0.2702 0.2873 
        H048  5 0.2099 0.2694 0.2536 0.2671 
        H049  5 0.2883 0.2485 0.2099 0.2534 
        H054  5 0.2518 0.2517 0.2399 0.2566 
        H055  5 0.2466 0.2543 0.1914 0.3077 
        H057  5 0.2971 0.2093 0.2270 0.2666 
        H060  5 0.2644 0.2152 0.2113 0.3092 
        H061  5 0.2458 0.2438 0.2966 0.2139 
        H064  5 0.2467 0.2876 0.1980 0.2677 
        H070  5 0.2049 0.2635 0.2322 0.2995 
        H077  5 0.2275 0.2155 0.2244 0.3326 
        H078  5 0.2536 0.2019 0.2319 0.3125 
        H079  5 0.2299 0.2966 0.2918 0.1818 
        H097  5 0.2925 0.1789 0.2375 0.2912 
        H107  5 0.1950 0.2430 0.2075 0.3544 
        H122  5 0.2664 0.2076 0.2986 0.2275 
        H123  5 0.2767 0.2282 0.2821 0.2130 
        H124  5 0.2420 0.2589 0.2907 0.2084 
        H131  5 0.2589 0.2650 0.2574 0.2187 
        H132  5 0.2277 0.2770 0.2378 0.2575 
        H141  5 0.2348 0.2135 0.2809 0.2708 
        H142  5 0.2546 0.2682 0.2797 0.1975 
        H157  5 0.2136 0.2541 0.2321 0.3003 
        H158  5 0.3379 0.1998 0.2338 0.2285 
        H159  5 0.2599 0.2522 0.3028 0.1850 
        H160  5 0.2574 0.2100 0.3071 0.2255 
        H163  5 0.2656 0.2524 0.2548 0.2272 
        H164  5 0.2496 0.2834 0.2288 0.2382 
        H165  5 0.2585 0.3123 0.2424 0.1867 
        H166  5 0.2630 0.2786 0.2367 0.2217 
        H169  5 0.2504 0.2558 0.2250 0.2688 
     H169613  5 0.2609 0.2322 0.2398 0.2672 
     H169653  5 0.2631 0.2780 0.2255 0.2334 
     H169728  5 0.2627 0.2324 0.2820 0.2229 
     H169742  5 0.2265 0.2712 0.2652 0.2371 
        H170  5 0.3266 0.2248 0.2188 0.2298 
        H171  5 0.3005 0.2394 0.2164 0.2437 
     H171851  5 0.2669 0.2318 0.2370 0.2643 
     H171852  5 0.2575 0.2102 0.2297 0.3026 
     H171853  5 0.2174 0.2576 0.2473 0.2777 
     H171854  5 0.2496 0.2302 0.2512 0.2690 
     H171938  5 0.1997 0.2972 0.2682 0.2349 
     H171939  5 0.3018 0.2548 0.2380 0.2054 
     H171941  5 0.2045 0.2634 0.1872 0.3449 
     H171965  5 0.2780 0.2611 0.2270 0.2339 
     H171970  5 0.2005 0.2375 0.2011 0.3610 
     H171973  5 0.2209 0.2832 0.3011 0.1949 
     H171974  5 0.2144 0.2754 0.2430 0.2671 
     H171975  5 0.2295 0.3013 0.2082 0.2609 
     H171976  5 0.3040 0.1871 0.2572 0.2518 
        H175  5 0.2182 0.2632 0.2506 0.2680 
        H178  5 0.2294 0.2752 0.2268 0.2686 
        H189  5 0.2988 0.2523 0.2515 0.1974 
        H399  5 0.3164 0.1866 0.2668 0.2302 
        H416  5 0.2285 0.2372 0.2638 0.2705 
        H438  5 0.2144 0.2742 0.2715 0.2400 
        H450  5 0.2295 0.2076 0.2065 0.3563 
        H455  5 0.1948 0.2907 0.1916 0.3229 
        H456  5 0.2248 0.2566 0.2735 0.2452 
        H457  5 0.2548 0.2064 0.2284 0.3104 
        H458  5 0.2183 0.2563 0.2231 0.3023 
        H459  5 0.2397 0.2628 0.2946 0.2029 
        H460  5 0.2405 0.2147 0.2976 0.2472 
        H461  5 0.3042 0.1964 0.2435 0.2559 
        H462  5 0.2283 0.2950 0.2774 0.1993 
        H469  5 0.2405 0.2957 0.2542 0.2096 
        H470  5 0.2300 0.2563 0.2395 0.2742 
        H471  5 0.3122 0.1975 0.2977 0.1925 
        H481  5 0.2123 0.2044 0.2314 0.3519 
        H482  5 0.2355 0.2207 0.2386 0.3052 
        H501  5 0.2173 0.2762 0.2458 0.2607 
        H502  5 0.2885 0.2637 0.2404 0.2074 
        H503  5 0.2856 0.2560 0.2401 0.2183 
        H509  5 0.2140 0.2462 0.2671 0.2728 
        H510  5 0.2538 0.2887 0.2105 0.2470 
        H511  5 0.2768 0.2431 0.2387 0.2414 
        H530  5 0.2075 0.2775 0.2471 0.2680 
        H531  5 0.2456 0.1900 0.2847 0.2797 
        H564  5 0.2423 0.2399 0.2423 0.2755 
        H565  5 0.2272 0.2023 0.2260 0.3445 
        H567  5 0.2786 0.2488 0.2867 0.1859 
     H568???  5 0.3134 0.2340 0.2419 0.2108 
        H608  5 0.2260 0.2065 0.2112 0.3563 
        H609  5 0.2218 0.3270 0.2229 0.2284 
        H612  5 0.1973 0.2247 0.2405 0.3375 
        H614  5 0.2376 0.1952 0.2183 0.3489 
        H615  5 0.2480 0.2030 0.2452 0.3038 
        H616  5 0.1941 0.2373 0.2070 0.3616 
        H617  5 0.2373 0.2592 0.3209 0.1827 
        H618  5 0.2080 0.2565 0.2256 0.3099 
        H619  5 0.2409 0.3249 0.2199 0.2144 
        H635  5 0.2421 0.2654 0.2363 0.2563 
        H636  5 0.2218 0.2963 0.2668 0.2151 
        H637  5 0.2429 0.2613 0.2440 0.2518 
        H644  5 0.3485 0.2463 0.2394 0.1658 
        H711  5 0.3060 0.2113 0.2320 0.2508 
        H712  5 0.2114 0.3005 0.2383 0.2499 
       H7360  5 0.2793 0.2427 0.2279 0.2501 
       H7361  5 0.2336 0.2272 0.2262 0.3130 
       H7362  5 0.3386 0.2532 0.2363 0.1719 
       H7363  5 0.2363 0.2012 0.2556 0.3069 
       H7394  5 0.2580 0.2395 0.2651 0.2374 
       H7395  5 0.2315 0.2658 0.2412 0.2616 
       H7396  5 0.2273 0.2402 0.2787 0.2538 
        H742  5 0.2188 0.2729 0.2699 0.2384 
        H743  5 0.2703 0.2517 0.2392 0.2388 
        H744  5 0.2150 0.2188 0.2388 0.3275 
        H957  5 0.2821 0.2060 0.2572 0.2548 
        H958  5 0.2328 0.2228 0.3438 0.2006 
        H959  5 0.1941 0.2771 0.2062 0.3226 
        H960  5 0.2365 0.2672 0.2615 0.2347 
      H_PALI  6 0.2406 0.2672 0.2434 0.2488 
        H581  6 0.2474 0.2110 0.2633 0.2783 
        H582  6 0.2413 0.2193 0.2172 0.3222 
        H583  6 0.2419 0.2230 0.2772 0.2579 
        H595  6 0.2627 0.2356 0.3133 0.1884 
        H596  6 0.2630 0.2404 0.3137 0.1829 
        H597  6 0.3020 0.2409 0.2525 0.2045 
        H598  6 0.2276 0.2661 0.2622 0.2441 
        H599  6 0.2119 0.2812 0.2111 0.2957 
        H642  6 0.2847 0.2056 0.2805 0.2292 
        H643  6 0.2345 0.2452 0.2723 0.2480 
        H664  6 0.2467 0.1675 0.2666 0.3193 
        H665  6 0.2126 0.2925 0.2466 0.2483 
        H674  6 0.3343 0.2308 0.2485 0.1864 
        H675  6 0.2590 0.2037 0.2370 0.3003 
        H676  6 0.2799 0.2330 0.2482 0.2390 
        H686  6 0.2639 0.2531 0.2439 0.2391 
        H687  6 0.2464 0.2112 0.2830 0.2594 
        H917  6 0.2263 0.2998 0.2941 0.1798 
        H918  6 0.2357 0.3133 0.2530 0.1979 
        H919  6 0.2008 0.2462 0.2414 0.3117 
        H920  6 0.2406 0.2416 0.2252 0.2926 
        H631  7 0.2339 0.2348 0.2446 0.2867 
        H684  7 0.3196 0.2470 0.2077 0.2257 
        H685  7 0.2251 0.1749 0.2777 0.3223 
        H713  7 0.2245 0.2159 0.2491 0.3104 
        H715  7 0.3054 0.2220 0.2251 0.2476 
        H716  7 0.2433 0.2868 0.2061 0.2638 
        H717  7 0.2526 0.2796 0.2374 0.2303 
        H729  7 0.2228 0.3435 0.2525 0.1812 
        H730  7 0.2142 0.3165 0.2391 0.2302 
        H431  8 0.2251 0.2115 0.2405 0.3230 
        H432  8 0.3116 0.2800 0.2256 0.1828 
        H433  8 0.2291 0.2889 0.2733 0.2088 
        H434  8 0.2471 0.2916 0.2464 0.2149 
        H444  8 0.2218 0.3423 0.2229 0.2129 
        H454  8 0.1961 0.2824 0.2018 0.3198 
        H475  8 0.2200 0.1998 0.2137 0.3664 
        H491  8 0.2285 0.2787 0.2006 0.2922 
        H492  8 0.2178 0.2427 0.2615 0.2779 
        H493  8 0.2678 0.2334 0.2438 0.2550 
        H494  8 0.2374 0.2502 0.2690 0.2434 
        H495  8 0.2643 0.1750 0.2056 0.3551 
        H662  8 0.2800 0.2456 0.2493 0.2251 
        H663  8 0.2518 0.2574 0.2521 0.2387 
        H695  8 0.2306 0.2651 0.2721 0.2321 
       H7367  8 0.2476 0.2921 0.2669 0.1934 
       H7368  8 0.2964 0.2554 0.2193 0.2288 
       H7369  8 0.2208 0.3139 0.2251 0.2401 
       H7370  8 0.2231 0.2319 0.3726 0.1723 
       H7371  8 0.2234 0.2749 0.2811 0.2206 
        H600  9 0.2397 0.2326 0.2367 0.2910 
        H648  9 0.2797 0.2443 0.2199 0.2561 
        H696  9 0.3313 0.2349 0.2680 0.1659 
        H697  9 0.2457 0.2830 0.2419 0.2294 
        H698  9 0.2736 0.2536 0.2520 0.2208 
        H699  9 0.2469 0.2839 0.2154 0.2539 
        H700  9 0.2155 0.2266 0.2418 0.3161 
        H732  9 0.2425 0.2152 0.2264 0.3160 
        H733  9 0.2417 0.2903 0.2768 0.1912 
        H734  9 0.2733 0.2119 0.3199 0.1949 
        H735  9 0.2596 0.2603 0.2575 0.2226 
        H736  9 0.2480 0.2153 0.2850 0.2517 
        H737  9 0.2527 0.2338 0.2152 0.2984 
        H905  9 0.2098 0.2795 0.2082 0.3026 
        H921  9 0.2082 0.2881 0.2338 0.2698 
        H922  9 0.2303 0.3217 0.2775 0.1705 
     H169705 10 0.2414 0.2361 0.2875 0.2350 
     H171942 10 0.3091 0.3039 0.2158 0.1712 
     H171943 10 0.2621 0.2008 0.3047 0.2324 
     H171944 10 0.2197 0.2193 0.3125 0.2485 
     H171946 10 0.2625 0.1781 0.2508 0.3086 
     H171947 10 0.2471 0.2876 0.2356 0.2297 
     H229641 10 0.2370 0.2413 0.2730 0.2487 
      H30001 10 0.2165 0.2661 0.2465 0.2709 
      H30002 10 0.2366 0.2625 0.2457 0.2553 
      H30005 10 0.2532 0.2623 0.2618 0.2226 
      H30006 10 0.3032 0.2378 0.2453 0.2137 
      H30007 10 0.3614 0.2019 0.2377 0.1990 
        H451 10 0.2589 0.3171 0.2358 0.1882 
        H452 10 0.2834 0.2143 0.2797 0.2226 
        H453 10 0.2447 0.2123 0.1942 0.3488 
        H473 10 0.2572 0.2572 0.2326 0.2530 
        H474 10 0.2357 0.1827 0.2252 0.3564 
        H486 10 0.2483 0.2564 0.2426 0.2527 
        H487 10 0.2334 0.2524 0.2383 0.2759 
        H488 10 0.2124 0.3405 0.2166 0.2306 
        H489 10 0.2046 0.2178 0.2579 0.3197 
        H550 10 0.2826 0.1970 0.2968 0.2237 
        H551 10 0.2116 0.2919 0.2691 0.2273 
        H553 10 0.2530 0.2075 0.2511 0.2884 
        H554 10 0.2654 0.2858 0.2311 0.2177 
        H556 10 0.2732 0.2211 0.2638 0.2419 
        H580 10 0.2457 0.2592 0.2692 0.2260 
        H591 10 0.2054 0.2252 0.2212 0.3482 
        H592 10 0.2142 0.2091 0.3032 0.2735 
        H593 10 0.2555 0.2668 0.2434 0.2342 
        H594 10 0.2910 0.2773 0.2579 0.1738 
        H627 10 0.2579 0.2156 0.2728 0.2537 
        H628 10 0.2493 0.3557 0.2338 0.1612 
        H629 10 0.2784 0.2119 0.2566 0.2532 
        H630 10 0.2457 0.1992 0.3027 0.2524 
        H638 10 0.2404 0.2374 0.2883 0.2339 
        H639 10 0.2568 0.2116 0.2212 0.3103 
        H640 10 0.2772 0.2249 0.2902 0.2077 
        H704 10 0.3008 0.2642 0.2277 0.2073 
        H705 10 0.2370 0.2427 0.2859 0.2345 
        H706 10 0.2024 0.2966 0.2231 0.2779 
        H708 10 0.2182 0.1970 0.2409 0.3439 
       H7351 10 0.2632 0.2514 0.2479 0.2374 
       H7352 10 0.2371 0.2400 0.2535 0.2694 
       H7353 10 0.3309 0.2365 0.2106 0.2219 
       H7354 10 0.2290 0.2428 0.2224 0.3059 
       H7365 10 0.2095 0.2146 0.2719 0.3041 
       H7383 10 0.2094 0.2562 0.2486 0.2858 
       H7384 10 0.2394 0.2599 0.2182 0.2826 
       H7385 10 0.2149 0.2354 0.2362 0.3135 
       H7386 10 0.2376 0.3048 0.2325 0.2250 
       H7387 10 0.2432 0.2482 0.2568 0.2518 
       H7388 10 0.2679 0.2421 0.2457 0.2444 
        H906 10 0.2536 0.2683 0.1930 0.2850 
        H907 10 0.2643 0.2334 0.2824 0.2198 
        H908 10 0.2337 0.2801 0.2368 0.2494 
        H909 10 0.2229 0.2929 0.2255 0.2587 
       H9552 10 0.2639 0.2527 0.2349 0.2485 
       H9553 10 0.2607 0.2245 0.2597 0.2551 
       H9555 10 0.2218 0.2529 0.3204 0.2050 
       H9575 10 0.2399 0.1931 0.2379 0.3292 
       H9703 10 0.2299 0.1909 0.2233 0.3559 
       H9707 10 0.2327 0.2199 0.2509 0.2966 
       HSAA4 10 0.2467 0.2622 0.2682 0.2229 
        H001 11 0.2504 0.2552 0.2213 0.2731 
        H004 11 0.2438 0.2537 0.2660 0.2365 
        H005 11 0.1987 0.2495 0.1919 0.3599 
        H006 11 0.2280 0.2419 0.2706 0.2595 
        H007 11 0.1976 0.3156 0.2078 0.2790 
        H031 11 0.1935 0.2084 0.2543 0.3439 
        H074 11 0.2217 0.2133 0.2673 0.2978 
        H075 11 0.1994 0.2270 0.2607 0.3129 
        H080 11 0.2194 0.2376 0.2126 0.3304 
        H086 11 0.2626 0.2636 0.2275 0.2463 
        H092 11 0.2350 0.2229 0.2433 0.2988 
        H093 11 0.2976 0.2933 0.2307 0.1784 
        H094 11 0.2462 0.2026 0.3129 0.2383 
        H095 11 0.2381 0.2186 0.2461 0.2972 
        H096 11 0.2116 0.2789 0.2457 0.2638 
        H099 11 0.2280 0.2385 0.2447 0.2887 
        H100 11 0.2803 0.2748 0.2542 0.1907 
        H127 11 0.2399 0.2675 0.2369 0.2557 
        H136 11 0.2162 0.2139 0.2257 0.3443 
        H153 11 0.2392 0.2691 0.2434 0.2483 
        H154 11 0.2084 0.1825 0.2813 0.3278 
        H155 11 0.2261 0.3522 0.2456 0.1761 
        H156 11 0.2588 0.3204 0.2534 0.1673 
        H161 11 0.2728 0.2650 0.2330 0.2293 
        H162 11 0.2657 0.2437 0.3020 0.1887 
        H167 11 0.2468 0.2875 0.2274 0.2383 
        H168 11 0.2605 0.2575 0.2298 0.2522 
     H169586 11 0.3022 0.1717 0.2272 0.2989 
     H169738 11 0.2351 0.3391 0.2449 0.1809 
     H169741 11 0.2018 0.1997 0.2796 0.3189 
     H171801 11 0.2839 0.2765 0.2440 0.1956 
     H171810 11 0.2249 0.2138 0.2569 0.3045 
     H171811 11 0.2537 0.1745 0.2335 0.3383 
     H171812 11 0.2161 0.3089 0.2281 0.2470 
     H171820 11 0.2210 0.2270 0.2349 0.3171 
     H171821 11 0.2557 0.2637 0.2527 0.2278 
     H171822 11 0.2486 0.2465 0.2752 0.2297 
     H171823 11 0.2725 0.2151 0.1790 0.3335 
     H171866 11 0.2970 0.2701 0.2286 0.2043 
     H171867 11 0.2190 0.3054 0.2698 0.2059 
     H171967 11 0.2017 0.2847 0.2382 0.2755 
     H171969 11 0.2375 0.2753 0.2404 0.2467 
        H172 11 0.2383 0.2599 0.2702 0.2315 
        H173 11 0.2044 0.3013 0.2652 0.2291 
        H174 11 0.2963 0.2236 0.2800 0.2001 
        H196 11 0.2627 0.2701 0.2608 0.2063 
        H197 11 0.2347 0.3003 0.2362 0.2288 
        H346 11 0.2136 0.3025 0.2165 0.2675 
        H355 11 0.2556 0.2644 0.2356 0.2444 
        H356 11 0.2461 0.2562 0.2358 0.2619 
        H357 11 0.2112 0.2445 0.2641 0.2802 
        H358 11 0.2139 0.2602 0.2714 0.2546 
        H359 11 0.2483 0.2193 0.2706 0.2618 
        H360 11 0.2244 0.2634 0.2378 0.2744 
        H361 11 0.2506 0.2792 0.2189 0.2513 
        H362 11 0.2632 0.2746 0.2839 0.1784 
        H363 11 0.2018 0.2086 0.2424 0.3472 
        H364 11 0.2661 0.2284 0.2225 0.2830 
        H365 11 0.2596 0.2930 0.2469 0.2005 
        H366 11 0.2543 0.2969 0.2602 0.1886 
        H367 11 0.2289 0.2179 0.2347 0.3185 
        H368 11 0.2810 0.2111 0.3103 0.1977 
        H369 11 0.1970 0.2287 0.2265 0.3478 
        H370 11 0.2546 0.2523 0.2769 0.2162 
        H371 11 0.2311 0.2659 0.2487 0.2543 
        H372 11 0.2464 0.2401 0.2761 0.2373 
        H373 11 0.2358 0.2583 0.2211 0.2848 
        H374 11 0.2172 0.2711 0.2026 0.3090 
        H375 11 0.2070 0.2878 0.2653 0.2399 
        H376 11 0.2709 0.2659 0.2468 0.2164 
        H377 11 0.2192 0.2595 0.2495 0.2718 
        H378 11 0.2437 0.2209 0.2355 0.2999 
        H379 11 0.2447 0.2245 0.2829 0.2479 
        H380 11 0.2304 0.3102 0.2717 0.1878 
        H381 11 0.2359 0.2039 0.2545 0.3057 
        H382 11 0.2895 0.2708 0.2673 0.1723 
        H383 11 0.2813 0.2914 0.2230 0.2044 
        H384 11 0.2274 0.2008 0.2486 0.3232 
        H385 11 0.2191 0.2076 0.2613 0.3120 
        H386 11 0.2137 0.2892 0.2647 0.2324 
        H387 11 0.3287 0.1842 0.2154 0.2717 
        H388 11 0.2829 0.2894 0.2524 0.1753 
        H389 11 0.2172 0.3096 0.2520 0.2212 
        H390 11 0.2541 0.2612 0.2749 0.2099 
        H391 11 0.2932 0.1894 0.2964 0.2210 
        H392 11 0.2065 0.2250 0.2405 0.3280 
        H393 11 0.2777 0.3045 0.2309 0.1869 
        H394 11 0.3329 0.2489 0.2323 0.1859 
        H395 11 0.2175 0.2272 0.2230 0.3322 
        H408 11 0.2239 0.2855 0.2310 0.2595 
        H412 11 0.2624 0.1493 0.2742 0.3140 
        H417 11 0.2285 0.2242 0.2591 0.2883 
        H418 11 0.2746 0.1906 0.2433 0.2914 
        H429 11 0.2402 0.2943 0.2487 0.2168 
        H430 11 0.2346 0.3085 0.2577 0.1992 
        H439 11 0.2202 0.2657 0.2480 0.2660 
        H440 11 0.2230 0.1985 0.2233 0.3552 
        H441 11 0.2478 0.2591 0.2783 0.2148 
        H442 11 0.2601 0.2566 0.2709 0.2124 
        H446 11 0.2647 0.2398 0.2551 0.2404 
        H447 11 0.2290 0.2622 0.3158 0.1930 
        H448 11 0.2195 0.3022 0.2810 0.1974 
        H534 11 0.2192 0.1856 0.1937 0.4014 
        H537 11 0.2484 0.2235 0.2087 0.3194 
        H568 11 0.2015 0.2020 0.2337 0.3628 
        H569 11 0.2445 0.3359 0.2685 0.1510 
        H586 11 0.3134 0.1682 0.2259 0.2925 
        H587 11 0.2024 0.2145 0.2255 0.3577 
        H588 11 0.3124 0.2335 0.2422 0.2119 
        H589 11 0.2125 0.1975 0.2384 0.3516 
        H590 11 0.2316 0.2481 0.2101 0.3101 
        H601 11 0.2615 0.3047 0.2466 0.1872 
        H602 11 0.2328 0.2331 0.2546 0.2795 
        H603 11 0.2240 0.3048 0.2614 0.2098 
        H610 11 0.2397 0.2444 0.2545 0.2614 
        H611 11 0.2155 0.1960 0.3119 0.2766 
        H649 11 0.2405 0.2744 0.2337 0.2514 
        H650 11 0.2691 0.2038 0.3004 0.2266 
        H651 11 0.2167 0.3165 0.2326 0.2342 
        H652 11 0.2755 0.2089 0.2212 0.2945 
       H7364 11 0.2365 0.2588 0.2880 0.2167 
       H7366 11 0.2226 0.2816 0.2339 0.2619 
       H7378 11 0.3862 0.2082 0.2468 0.1588 
       H7379 11 0.2441 0.2555 0.2341 0.2664 
        H739 11 0.2209 0.2155 0.2646 0.2990 
        H740 11 0.2765 0.2170 0.2736 0.2329 
        H741 11 0.2003 0.2009 0.2783 0.3205 
        H926 11 0.2652 0.2406 0.2521 0.2420 
        H927 11 0.2436 0.2294 0.3225 0.2045 
        H928 11 0.2284 0.2105 0.3083 0.2528 
       H9560 11 0.2731 0.2045 0.2903 0.2320 
        H409 12 0.2356 0.3221 0.2528 0.1895 
        H413 12 0.3262 0.2277 0.2589 0.1872 
        H419 12 0.2331 0.3040 0.2414 0.2215 
        H420 12 0.2311 0.2668 0.2253 0.2768 
        H421 12 0.2870 0.2802 0.2363 0.1965 
        H435 12 0.2843 0.2605 0.2361 0.2191 
        H436 12 0.2133 0.2985 0.2581 0.2301 
        H437 12 0.2431 0.2084 0.2250 0.3235 
        H445 12 0.2394 0.3114 0.2390 0.2102 
        H449 12 0.2857 0.2488 0.2321 0.2334 
        H463 12 0.2450 0.2352 0.2261 0.2936 
        H464 12 0.2998 0.2815 0.2284 0.1903 
        H465 12 0.3208 0.1917 0.2358 0.2518 
        H490 12 0.2753 0.2370 0.2787 0.2090 
        H561 12 0.2440 0.2348 0.2597 0.2614 
        H562 12 0.2077 0.3187 0.2364 0.2372 
        H563 12 0.2061 0.2937 0.2439 0.2563 
        H570 12 0.2057 0.2676 0.2280 0.2988 
        H571 12 0.2987 0.2188 0.2521 0.2304 
        H572 12 0.2389 0.2818 0.2436 0.2357 
        H573 12 0.2287 0.3237 0.2510 0.1966 
       H7372 12 0.2593 0.3083 0.2594 0.1730 
       H7373 12 0.3481 0.2062 0.2348 0.2110 
       H7374 12 0.2403 0.2717 0.1968 0.2913 
       H7375 12 0.2252 0.2567 0.2577 0.2604 
       H7376 12 0.2070 0.3813 0.2293 0.1825 
       H7377 12 0.2206 0.2101 0.2642 0.3052 
