        H102  1 0.3343 0.4012 0.2645 
        H103  1 0.3643 0.1934 0.4423 
        H104  1 0.3190 0.4554 0.2256 
        H105  1 0.3925 0.3213 0.2863 
        H106  1 0.3137 0.3628 0.3234 
        H112  1 0.3306 0.4134 0.2560 
        H113  1 0.4419 0.2902 0.2680 
        H114  1 0.4784 0.2338 0.2878 
        H115  1 0.3940 0.3885 0.2176 
        H143  1 0.3877 0.2941 0.3183 
        H144  1 0.3396 0.2086 0.4518 
        H145  1 0.3436 0.2111 0.4453 
        H149  1 0.2942 0.4436 0.2621 
        H150  1 0.3384 0.3244 0.3373 
     H167542  1 0.4387 0.2980 0.2634 
     H169604  1 0.4151 0.2928 0.2921 
     H169607  1 0.3860 0.2313 0.3827 
     H169608  1 0.2546 0.4798 0.2656 
     H169633  1 0.4644 0.2276 0.3080 
     H169688  1 0.2655 0.2680 0.4665 
     H169714  1 0.3198 0.3929 0.2873 
     H171802  1 0.2974 0.3990 0.3036 
     H171805  1 0.3732 0.2497 0.3771 
     H171807  1 0.2786 0.4064 0.3150 
     H171814  1 0.3535 0.2038 0.4427 
     H171816  1 0.3149 0.3860 0.2991 
     H171817  1 0.3512 0.3908 0.2580 
     H171818  1 0.3535 0.3156 0.3309 
     H171819  1 0.3663 0.3253 0.3083 
     H171834  1 0.3557 0.3317 0.3127 
     H171835  1 0.2552 0.5044 0.2404 
     H171836  1 0.4500 0.1709 0.3791 
     H171837  1 0.3308 0.4074 0.2618 
     H171838  1 0.3556 0.2491 0.3953 
     H171839  1 0.3775 0.3682 0.2543 
     H171841  1 0.2018 0.5024 0.2958 
     H171860  1 0.3702 0.3370 0.2928 
     H171861  1 0.4998 0.1835 0.3167 
     H171862  1 0.3551 0.3228 0.3221 
     H171868  1 0.4388 0.3090 0.2522 
     H171869  1 0.2795 0.2645 0.4560 
     H171870  1 0.2937 0.3334 0.3728 
     H171871  1 0.3659 0.2410 0.3931 
     H171872  1 0.3628 0.3802 0.2569 
     H171873  1 0.2684 0.3407 0.3909 
     H171874  1 0.3560 0.2594 0.3846 
     H171875  1 0.4597 0.1878 0.3524 
     H171876  1 0.3796 0.2748 0.3456 
     H171877  1 0.4090 0.3382 0.2528 
     H171878  1 0.2180 0.3782 0.4038 
     H171901  1 0.3127 0.3712 0.3160 
     H171902  1 0.2893 0.3208 0.3899 
     H171903  1 0.3845 0.2993 0.3161 
     H171935  1 0.2415 0.4024 0.3561 
     H171936  1 0.4315 0.2436 0.3248 
     H171940  1 0.2778 0.4289 0.2934 
     H171945  1 0.2867 0.3135 0.3999 
     H171948  1 0.3522 0.3948 0.2530 
     H171949  1 0.2478 0.4941 0.2581 
     H171950  1 0.2496 0.5107 0.2397 
     H171963  1 0.2944 0.2500 0.4556 
     H171964  1 0.2437 0.2671 0.4892 
     H171966  1 0.3112 0.3458 0.3430 
     H171968  1 0.2850 0.3682 0.3468 
     H171971  1 0.2835 0.3260 0.3906 
     H171972  1 0.3468 0.2252 0.4280 
     H171977  1 0.3095 0.2506 0.4400 
     H171978  1 0.2799 0.3751 0.3450 
     H171979  1 0.3929 0.2040 0.4032 
        H176  1 0.3743 0.3117 0.3140 
        H177  1 0.2774 0.4868 0.2359 
        H179  1 0.3457 0.4263 0.2281 
        H181  1 0.3316 0.2713 0.3971 
        H182  1 0.4255 0.1995 0.3751 
        H183  1 0.2794 0.2618 0.4588 
        H184  1 0.3275 0.3924 0.2801 
        H185  1 0.3708 0.2520 0.3772 
        H186  1 0.2551 0.3654 0.3794 
        H187  1 0.3530 0.2928 0.3543 
        H188  1 0.3258 0.4265 0.2477 
        H192  1 0.2869 0.4473 0.2659 
        H193  1 0.3394 0.2380 0.4226 
        H194  1 0.3711 0.3420 0.2869 
        H195  1 0.2614 0.2267 0.5119 
        H199  1 0.2803 0.2605 0.4592 
        H200  1 0.3293 0.3843 0.2864 
        H414  1 0.3793 0.2517 0.3690 
        H415  1 0.4537 0.2452 0.3011 
        H422  1 0.2925 0.3581 0.3495 
        H423  1 0.2178 0.5501 0.2321 
        H424  1 0.3631 0.2235 0.4134 
        H425  1 0.2979 0.2316 0.4705 
        H426  1 0.2308 0.2672 0.5020 
        H443  1 0.2909 0.2670 0.4421 
        H466  1 0.3269 0.3450 0.3282 
        H467  1 0.2308 0.4895 0.2797 
        H472  1 0.3174 0.3354 0.3472 
        H483  1 0.3817 0.2699 0.3484 
        H504  1 0.2948 0.2291 0.4760 
        H505  1 0.2998 0.4042 0.2960 
        H506  1 0.3028 0.3299 0.3674 
        H507  1 0.4221 0.1865 0.3915 
        H508  1 0.2805 0.3473 0.3722 
        H524  1 0.4418 0.2194 0.3388 
        H525  1 0.3181 0.2996 0.3823 
        H526  1 0.4116 0.2890 0.2994 
        H527  1 0.3027 0.4029 0.2944 
        H528  1 0.4217 0.2109 0.3674 
        H529  1 0.4060 0.2060 0.3880 
        H533  1 0.4796 0.1945 0.3259 
        H538  1 0.3547 0.3549 0.2904 
        H539  1 0.3075 0.2687 0.4238 
        H540  1 0.3804 0.3106 0.3091 
        H541  1 0.4152 0.2965 0.2883 
        H558  1 0.2815 0.2609 0.4576 
        H559  1 0.3362 0.3398 0.3241 
        H579  1 0.3422 0.2616 0.3962 
        H584  1 0.3085 0.2523 0.4391 
        H585  1 0.3660 0.2535 0.3805 
        H605  1 0.3363 0.3509 0.3128 
        H606  1 0.2741 0.4850 0.2409 
        H632  1 0.2831 0.2626 0.4543 
        H634  1 0.3495 0.2716 0.3789 
        H671  1 0.2696 0.4777 0.2527 
        H672  1 0.3798 0.2883 0.3319 
        H673  1 0.3080 0.2929 0.3991 
        H689  1 0.3586 0.2679 0.3736 
        H690  1 0.3717 0.3933 0.2350 
        H691  1 0.4070 0.3054 0.2876 
        H692  1 0.4041 0.1576 0.4382 
        H709  1 0.3933 0.2892 0.3175 
        H710  1 0.3880 0.1942 0.4178 
       H7355  1 0.4818 0.2318 0.2865 
       H7356  1 0.3169 0.2948 0.3882 
       H7357  1 0.3871 0.3638 0.2491 
       H7358  1 0.3749 0.2565 0.3686 
       H7380  1 0.3800 0.2824 0.3375 
       H7381  1 0.2366 0.4341 0.3293 
       H7382  1 0.3711 0.2696 0.3593 
        H904  1 0.2399 0.5646 0.1955 
        H923  1 0.3088 0.3301 0.3610 
        H924  1 0.3011 0.3853 0.3136 
        H925  1 0.3911 0.2818 0.3271 
       H9558  1 0.2680 0.2465 0.4854 
        H008  2 0.4598 0.2176 0.3226 
        H021  2 0.2993 0.4340 0.2667 
        H023  2 0.3027 0.4347 0.2626 
        H024  2 0.3689 0.2076 0.4234 
        H025  2 0.2419 0.4152 0.3429 
        H026  2 0.3087 0.2201 0.4712 
        H027  2 0.4211 0.2865 0.2924 
        H028  2 0.3505 0.2676 0.3819 
        H029  2 0.3893 0.2361 0.3746 
        H030  2 0.3346 0.2173 0.4481 
        H038  2 0.2590 0.4283 0.3127 
        H039  2 0.1773 0.6384 0.1843 
        H040  2 0.2887 0.4106 0.3006 
        H041  2 0.4435 0.2996 0.2569 
        H042  2 0.3203 0.3779 0.3018 
        H043  2 0.2087 0.4588 0.3325 
        H044  2 0.3480 0.2393 0.4127 
        H047  2 0.2545 0.3957 0.3498 
        H050  2 0.3983 0.2266 0.3751 
        H058  2 0.2784 0.3740 0.3476 
        H062  2 0.2797 0.4418 0.2785 
        H063  2 0.3058 0.4394 0.2549 
        H065  2 0.2374 0.3417 0.4209 
        H066  2 0.3235 0.2796 0.3968 
        H067  2 0.4075 0.2910 0.3015 
        H068  2 0.2431 0.4549 0.3020 
        H069  2 0.2894 0.2836 0.4270 
        H071  2 0.3005 0.4279 0.2716 
        H072  2 0.2478 0.5140 0.2382 
        H073  2 0.3585 0.2736 0.3678 
        H081  2 0.3974 0.3657 0.2369 
        H082  2 0.3638 0.2133 0.4230 
        H083  2 0.3136 0.2358 0.4506 
        H084  2 0.3301 0.3423 0.3275 
        H085  2 0.4332 0.3032 0.2636 
        H087  2 0.3999 0.3477 0.2525 
        H088  2 0.3317 0.4048 0.2636 
        H089  2 0.4083 0.2663 0.3254 
        H090  2 0.4046 0.2308 0.3646 
        H091  2 0.4493 0.2190 0.3317 
        H098  2 0.3965 0.2838 0.3197 
      H10001  2 0.1702 0.6436 0.1862 
      H10002  2 0.3426 0.4171 0.2403 
        H101  2 0.3810 0.2314 0.3876 
        H108  2 0.2966 0.4831 0.2203 
        H109  2 0.3386 0.3280 0.3334 
        H110  2 0.4876 0.2598 0.2526 
        H116  2 0.3439 0.2428 0.4132 
        H117  2 0.4967 0.2460 0.2573 
        H118  2 0.3824 0.1972 0.4204 
        H119  2 0.3427 0.3936 0.2637 
        H120  2 0.2494 0.5558 0.1948 
        H121  2 0.4226 0.2375 0.3399 
        H125  2 0.1904 0.6258 0.1839 
        H126  2 0.2764 0.2871 0.4365 
        H128  2 0.3695 0.1372 0.4933 
        H129  2 0.2926 0.2119 0.4955 
        H130  2 0.2079 0.4281 0.3640 
        H133  2 0.2240 0.5058 0.2702 
        H134  2 0.2310 0.1992 0.5698 
        H135  2 0.3907 0.3374 0.2718 
        H137  2 0.3954 0.2934 0.3112 
        H138  2 0.2948 0.2324 0.4728 
        H140  2 0.3669 0.2979 0.3352 
        H146  2 0.3933 0.2397 0.3670 
        H147  2 0.4549 0.2532 0.2919 
        H148  2 0.4987 0.2576 0.2437 
     H166022  2 0.4685 0.2171 0.3144 
     H167359  2 0.3482 0.2890 0.3628 
     H167397  2 0.4691 0.1500 0.3810 
     H167428  2 0.4365 0.1767 0.3868 
     H167496  2 0.2962 0.4942 0.2096 
     H167513  2 0.3122 0.3263 0.3615 
     H167545  2 0.3438 0.2261 0.4301 
     H167547  2 0.3325 0.1914 0.4761 
     H169621  2 0.4028 0.2293 0.3679 
     H169622  2 0.3734 0.2294 0.3971 
     H169750  2 0.2461 0.3751 0.3787 
     H171806  2 0.3025 0.3732 0.3243 
     H171808  2 0.3346 0.2925 0.3729 
     H171809  2 0.3764 0.3489 0.2748 
     H171813  2 0.2800 0.3352 0.3847 
     H171815  2 0.2166 0.5059 0.2774 
     H171824  2 0.3400 0.4498 0.2102 
     H171825  2 0.3412 0.2932 0.3656 
     H171826  2 0.3665 0.3628 0.2707 
     H171827  2 0.3598 0.3294 0.3108 
     H171828  2 0.2269 0.5948 0.1783 
     H171829  2 0.2675 0.3118 0.4207 
     H171830  2 0.3710 0.3243 0.3047 
     H171831  2 0.3487 0.2058 0.4454 
     H171832  2 0.3158 0.2878 0.3964 
     H171863  2 0.3137 0.1825 0.5039 
     H171864  2 0.4274 0.2903 0.2823 
     H171865  2 0.2494 0.4746 0.2759 
     H171879  2 0.3740 0.2734 0.3526 
     H171880  2 0.4459 0.2428 0.3113 
     H171881  2 0.3841 0.2880 0.3279 
     H171882  2 0.2123 0.5794 0.2084 
     H171929  2 0.3827 0.3063 0.3110 
     H171930  2 0.3611 0.1980 0.4409 
     H171933  2 0.3882 0.2687 0.3431 
     H171934  2 0.4098 0.3018 0.2884 
     H171937  2 0.2958 0.2500 0.4542 
     H171962  2 0.3527 0.2903 0.3570 
        H190  2 0.3798 0.2630 0.3572 
        H191  2 0.3116 0.3483 0.3400 
        H396  2 0.3145 0.3958 0.2897 
        H397  2 0.3706 0.2751 0.3543 
        H398  2 0.2573 0.3755 0.3672 
        H400  2 0.3772 0.3165 0.3063 
        H401  2 0.4020 0.1708 0.4272 
        H402  2 0.4604 0.2150 0.3246 
        H427  2 0.3907 0.3245 0.2848 
        H428  2 0.4426 0.1782 0.3792 
        H497  2 0.2740 0.3869 0.3390 
        H512  2 0.3954 0.2955 0.3091 
        H513  2 0.3065 0.3286 0.3648 
        H514  2 0.2894 0.2778 0.4328 
        H519  2 0.3201 0.3272 0.3527 
        H532  2 0.4287 0.2508 0.3205 
        H543  2 0.4639 0.2188 0.3173 
        H544  2 0.2436 0.3031 0.4532 
        H545  2 0.3219 0.2130 0.4651 
        H546  2 0.2455 0.4432 0.3113 
        H547  2 0.3322 0.1873 0.4805 
        H548  2 0.4369 0.2679 0.2952 
        H549  2 0.2935 0.2687 0.4377 
        H620  2 0.2282 0.5727 0.1990 
        H623  2 0.3075 0.2566 0.4358 
        H624  2 0.2012 0.3826 0.4162 
        H625  2 0.3654 0.3045 0.3301 
        H626  2 0.3679 0.3082 0.3239 
        H654  2 0.1705 0.6128 0.2167 
        H655  2 0.3025 0.3904 0.3070 
        H656  2 0.2193 0.5566 0.2241 
        H666  2 0.2107 0.5356 0.2537 
        H667  2 0.3826 0.2937 0.3237 
        H677  2 0.3871 0.2761 0.3368 
        H693  2 0.2817 0.5042 0.2142 
        H694  2 0.3402 0.2513 0.4085 
        H701  2 0.4177 0.2425 0.3399 
        H702  2 0.3554 0.3580 0.2866 
        H731  2 0.3192 0.4144 0.2664 
       H7359  2 0.3593 0.2948 0.3459 
       H7389  2 0.3233 0.2999 0.3768 
       H7390  2 0.2592 0.4743 0.2665 
       H7391  2 0.4990 0.2818 0.2192 
       H7392  2 0.2674 0.3520 0.3806 
       H7393  2 0.3133 0.3834 0.3032 
       H7398  2 0.4375 0.3079 0.2546 
       H7399  2 0.3886 0.2375 0.3739 
       H7400  2 0.1940 0.5895 0.2166 
        H745  2 0.2608 0.2329 0.5063 
        H746  2 0.3655 0.2441 0.3904 
        H747  2 0.3033 0.4256 0.2711 
        H748  2 0.3674 0.3071 0.3255 
       H7484  2 0.2473 0.5060 0.2467 
       H7485  2 0.3127 0.2803 0.4071 
        H749  2 0.3690 0.2360 0.3951 
        H930  2 0.3860 0.2120 0.4020 
        H931  2 0.3539 0.3268 0.3194 
        H932  2 0.3394 0.3436 0.3170 
        H111  3 0.3268 0.2366 0.4367 
        H951  3 0.3641 0.2339 0.4020 
        H952  3 0.3061 0.3002 0.3936 
        H953  3 0.4145 0.2759 0.3096 
        H954  3 0.2669 0.4679 0.2652 
        H955  3 0.3530 0.2169 0.4301 
        H956  3 0.3934 0.3278 0.2787 
       H9563  3 0.3440 0.3955 0.2605 
        H002  4 0.2234 0.4493 0.3273 
        H003  4 0.3923 0.2516 0.3561 
        H009  4 0.2761 0.2563 0.4677 
        H010  4 0.3854 0.2943 0.3202 
        H011  4 0.2311 0.5553 0.2135 
        H012  4 0.4766 0.2371 0.2863 
        H013  4 0.3493 0.3847 0.2660 
        H014  4 0.3356 0.3287 0.3357 
        H045  4 0.3415 0.4130 0.2455 
        H046  4 0.3658 0.2407 0.3935 
        H051  4 0.3022 0.4567 0.2411 
        H052  4 0.2472 0.3909 0.3619 
        H053  4 0.3148 0.3771 0.3081 
        H056  4 0.2450 0.4546 0.3004 
        H076  4 0.3500 0.2311 0.4189 
        H151  4 0.1986 0.5406 0.2609 
        H152  4 0.2266 0.4242 0.3492 
     H171803  4 0.2904 0.4316 0.2779 
     H171804  4 0.3484 0.3912 0.2604 
     H171833  4 0.2885 0.2366 0.4749 
     H171855  4 0.2071 0.4893 0.3037 
     H171856  4 0.3463 0.3376 0.3160 
     H171857  4 0.2454 0.4486 0.3060 
     H171858  4 0.3303 0.3136 0.3561 
     H171859  4 0.3166 0.3483 0.3351 
     H171961  4 0.2901 0.4434 0.2665 
        H198  4 0.4172 0.1977 0.3852 
      H20001  4 0.2651 0.2536 0.4813 
        H403  4 0.2794 0.3631 0.3575 
        H404  4 0.4109 0.2501 0.3390 
        H405  4 0.4276 0.2316 0.3408 
        H406  4 0.2566 0.2800 0.4634 
        H407  4 0.3596 0.3588 0.2815 
        H410  4 0.4545 0.2100 0.3355 
        H411  4 0.2961 0.2541 0.4498 
        H468  4 0.2527 0.2892 0.4581 
        H476  4 0.3106 0.3319 0.3575 
        H477  4 0.2640 0.2215 0.5145 
        H478  4 0.4068 0.2504 0.3428 
        H479  4 0.3237 0.3957 0.2805 
        H480  4 0.3587 0.2082 0.4331 
        H498  4 0.3398 0.3042 0.3561 
        H499  4 0.3277 0.3347 0.3376 
        H500  4 0.3157 0.4546 0.2297 
        H515  4 0.3544 0.3787 0.2669 
        H516  4 0.3169 0.3206 0.3625 
        H517  4 0.3761 0.2968 0.3271 
        H518  4 0.2524 0.3683 0.3793 
        H520  4 0.2835 0.4169 0.2996 
        H521  4 0.3524 0.3190 0.3287 
        H522  4 0.3262 0.3463 0.3275 
        H523  4 0.3487 0.3427 0.3086 
        H536  4 0.3543 0.3089 0.3368 
        H645  4 0.3554 0.4123 0.2324 
        H646  4 0.3763 0.2164 0.4073 
        H647  4 0.3044 0.2881 0.4076 
        H657  4 0.4192 0.2199 0.3609 
        H658  4 0.3652 0.3296 0.3052 
        H659  4 0.2039 0.5727 0.2234 
        H660  4 0.2936 0.3774 0.3290 
        H661  4 0.2425 0.4301 0.3273 
        H668  4 0.4731 0.2426 0.2843 
        H669  4 0.3758 0.3392 0.2850 
        H670  4 0.3867 0.3882 0.2250 
        H678  4 0.3501 0.3138 0.3361 
        H679  4 0.4185 0.2215 0.3601 
        H680  4 0.2834 0.3204 0.3962 
        H681  4 0.3452 0.3679 0.2869 
        H682  4 0.4674 0.2644 0.2683 
        H683  4 0.2153 0.3917 0.3929 
        H718  4 0.2466 0.4949 0.2585 
        H719  4 0.3376 0.4006 0.2617 
        H720  4 0.2402 0.3903 0.3695 
        H721  4 0.2429 0.3736 0.3835 
        H722  4 0.2007 0.3878 0.4115 
        H723  4 0.3225 0.4423 0.2352 
        H724  4 0.2335 0.5381 0.2284 
        H725  4 0.2233 0.5155 0.2612 
        H726  4 0.2880 0.4366 0.2755 
        H727  4 0.3291 0.4293 0.2416 
        H910  4 0.3426 0.4052 0.2522 
        H911  4 0.3637 0.2661 0.3702 
        H912  4 0.2965 0.3297 0.3738 
        H913  4 0.3041 0.3794 0.3164 
        H914  4 0.3336 0.4562 0.2102 
        H915  4 0.3574 0.3355 0.3071 
        H916  4 0.2996 0.3028 0.3976 
       H9572  4 0.2941 0.3805 0.3255 
        H015  5 0.3172 0.2620 0.4208 
        H016  5 0.3023 0.2352 0.4626 
        H017  5 0.2656 0.3215 0.4129 
        H019  5 0.3212 0.3028 0.3760 
        H020  5 0.2943 0.3740 0.3317 
        H032  5 0.3311 0.3430 0.3259 
        H033  5 0.4307 0.2710 0.2983 
        H034  5 0.3350 0.4362 0.2287 
        H035  5 0.3417 0.3045 0.3538 
        H036  5 0.3674 0.2781 0.3545 
        H037  5 0.2920 0.4383 0.2697 
        H048  5 0.2922 0.4804 0.2274 
        H049  5 0.2638 0.3226 0.4135 
        H054  5 0.3393 0.3400 0.3207 
        H055  5 0.2761 0.4240 0.2999 
        H057  5 0.2421 0.3141 0.4438 
        H060  5 0.2597 0.4001 0.3401 
        H061  5 0.3984 0.2765 0.3251 
        H064  5 0.2730 0.4032 0.3238 
        H070  5 0.3717 0.3876 0.2407 
        H077  5 0.2574 0.4881 0.2545 
        H078  5 0.2440 0.4081 0.3480 
        H079  5 0.4679 0.2235 0.3086 
        H097  5 0.2184 0.3457 0.4360 
        H107  5 0.2289 0.5811 0.1899 
        H122  5 0.3053 0.2816 0.4130 
        H123  5 0.3929 0.2326 0.3745 
        H124  5 0.4037 0.2386 0.3578 
        H131  5 0.4189 0.2593 0.3219 
        H132  5 0.3057 0.3956 0.2987 
        H141  5 0.3171 0.3842 0.2986 
        H142  5 0.3954 0.2251 0.3795 
        H157  5 0.2626 0.4838 0.2536 
        H158  5 0.3081 0.2258 0.4661 
        H159  5 0.3594 0.2312 0.4094 
        H160  5 0.3341 0.2900 0.3759 
        H163  5 0.3981 0.2707 0.3312 
        H164  5 0.3617 0.2937 0.3446 
        H165  5 0.4612 0.2278 0.3110 
        H166  5 0.3179 0.2863 0.3958 
        H169  5 0.3662 0.3134 0.3204 
     H169613  5 0.3236 0.3462 0.3302 
     H169653  5 0.3741 0.2719 0.3540 
     H169728  5 0.3548 0.2709 0.3743 
     H169742  5 0.3526 0.3607 0.2867 
        H170  5 0.2384 0.3084 0.4532 
        H171  5 0.2509 0.2755 0.4735 
     H171851  5 0.3162 0.3165 0.3674 
     H171852  5 0.2566 0.3911 0.3523 
     H171853  5 0.3487 0.3840 0.2673 
     H171854  5 0.3438 0.3081 0.3481 
     H171938  5 0.4216 0.3238 0.2546 
     H171939  5 0.2859 0.2524 0.4616 
     H171941  5 0.2552 0.5168 0.2280 
     H171965  5 0.3601 0.2549 0.3850 
     H171970  5 0.2257 0.5607 0.2136 
     H171973  5 0.4384 0.2508 0.3107 
     H171974  5 0.3830 0.3439 0.2731 
     H171975  5 0.2949 0.4250 0.2802 
     H171976  5 0.2455 0.2960 0.4586 
        H175  5 0.3046 0.4372 0.2582 
        H178  5 0.3135 0.3780 0.3085 
        H189  5 0.4077 0.1988 0.3935 
        H399  5 0.2546 0.2645 0.4810 
        H416  5 0.3404 0.3578 0.3018 
        H438  5 0.4215 0.3228 0.2558 
        H450  5 0.2472 0.4783 0.2744 
        H455  5 0.2323 0.5642 0.2036 
        H456  5 0.3773 0.3312 0.2914 
        H457  5 0.2382 0.4262 0.3356 
        H458  5 0.3049 0.4148 0.2803 
        H459  5 0.4021 0.2165 0.3815 
        H460  5 0.3572 0.3310 0.3118 
        H461  5 0.2703 0.2919 0.4377 
        H462  5 0.4130 0.2668 0.3202 
        H469  5 0.4398 0.2291 0.3311 
        H470  5 0.3342 0.3644 0.3014 
        H471  5 0.3382 0.1972 0.4646 
        H481  5 0.2310 0.5350 0.2340 
        H482  5 0.2925 0.3997 0.3079 
        H501  5 0.3618 0.3339 0.3043 
        H502  5 0.3421 0.2221 0.4357 
        H503  5 0.3480 0.2724 0.3796 
        H509  5 0.2935 0.4570 0.2495 
        H510  5 0.3265 0.3463 0.3272 
        H511  5 0.3478 0.2641 0.3881 
        H530  5 0.3738 0.3664 0.2598 
        H531  5 0.2523 0.4243 0.3234 
        H564  5 0.3015 0.3839 0.3147 
        H565  5 0.2163 0.5024 0.2813 
        H567  5 0.4154 0.1925 0.3921 
     H568???  5 0.3142 0.2433 0.4424 
        H608  5 0.2616 0.4734 0.2649 
        H609  5 0.3966 0.3196 0.2838 
        H612  5 0.2875 0.5109 0.2016 
        H614  5 0.2261 0.4726 0.3012 
        H615  5 0.2443 0.4185 0.3373 
        H616  5 0.2296 0.5834 0.1870 
        H617  5 0.4566 0.2275 0.3159 
        H618  5 0.2665 0.4887 0.2448 
        H619  5 0.3969 0.2842 0.3188 
        H635  5 0.3695 0.3250 0.3055 
        H636  5 0.4767 0.2649 0.2584 
        H637  5 0.3097 0.3650 0.3253 
        H644  5 0.3020 0.1634 0.5346 
        H711  5 0.2621 0.2651 0.4727 
        H712  5 0.3139 0.4387 0.2475 
       H7360  5 0.2781 0.3333 0.3885 
       H7361  5 0.2661 0.4575 0.2764 
       H7362  5 0.3272 0.1822 0.4906 
       H7363  5 0.2959 0.3744 0.3297 
       H7394  5 0.4174 0.2380 0.3447 
       H7395  5 0.3360 0.3638 0.3002 
       H7396  5 0.3691 0.3045 0.3264 
        H742  5 0.3578 0.3633 0.2789 
        H743  5 0.2923 0.3509 0.3568 
        H744  5 0.2745 0.5025 0.2230 
        H957  5 0.2983 0.3091 0.3926 
        H958  5 0.3862 0.2635 0.3503 
        H959  5 0.2825 0.4930 0.2246 
        H960  5 0.3656 0.3334 0.3010 
      H_PALI  6 0.3438 0.3004 0.3557 
        H581  6 0.2703 0.3803 0.3494 
        H582  6 0.2082 0.5133 0.2785 
        H583  6 0.3033 0.3544 0.3423 
        H595  6 0.3874 0.2022 0.4105 
        H596  6 0.4162 0.2027 0.3811 
        H597  6 0.3487 0.2479 0.4034 
        H598  6 0.3834 0.3427 0.2739 
        H599  6 0.2714 0.4599 0.2687 
        H642  6 0.3021 0.2443 0.4536 
        H643  6 0.3967 0.3137 0.2896 
        H664  6 0.2135 0.4406 0.3460 
        H665  6 0.4283 0.3087 0.2630 
        H674  6 0.2768 0.2025 0.5207 
        H675  6 0.2669 0.3895 0.3437 
        H676  6 0.3561 0.2582 0.3857 
        H686  6 0.3251 0.3028 0.3721 
        H687  6 0.3326 0.3073 0.3602 
        H917  6 0.4976 0.2111 0.2913 
        H918  6 0.3740 0.3032 0.3228 
        H919  6 0.2809 0.5115 0.2075 
        H920  6 0.2950 0.4200 0.2850 
        H631  7 0.2826 0.4363 0.2811 
        H684  7 0.2966 0.2328 0.4706 
        H685  7 0.2852 0.4424 0.2724 
        H713  7 0.2643 0.4944 0.2413 
        H715  7 0.2895 0.2696 0.4408 
        H716  7 0.2899 0.4198 0.2903 
        H717  7 0.3037 0.3936 0.3027 
        H729  7 0.5085 0.2080 0.2835 
        H730  7 0.3870 0.3638 0.2491 
        H431  8 0.3345 0.3953 0.2702 
        H432  8 0.3240 0.2241 0.4519 
        H433  8 0.4305 0.2712 0.2984 
        H434  8 0.3720 0.2795 0.3485 
        H444  8 0.3993 0.3082 0.2925 
        H454  8 0.2648 0.5124 0.2228 
        H475  8 0.2476 0.5032 0.2492 
        H491  8 0.2596 0.4390 0.3015 
        H492  8 0.2839 0.4368 0.2794 
        H493  8 0.3212 0.2849 0.3939 
        H494  8 0.3309 0.3658 0.3032 
        H495  8 0.1858 0.4603 0.3539 
        H662  8 0.2717 0.2809 0.4475 
        H663  8 0.3501 0.3384 0.3115 
        H695  8 0.3661 0.3500 0.2839 
       H7367  8 0.4643 0.2159 0.3198 
       H7368  8 0.3701 0.2604 0.3695 
       H7369  8 0.3701 0.3574 0.2725 
       H7370  8 0.4482 0.1869 0.3649 
       H7371  8 0.4164 0.2890 0.2946 
        H600  9 0.2939 0.4312 0.2750 
        H648  9 0.3041 0.3391 0.3568 
        H696  9 0.2705 0.1760 0.5535 
        H697  9 0.3523 0.3211 0.3266 
        H698  9 0.3611 0.2689 0.3700 
        H699  9 0.3476 0.3274 0.3250 
        H700  9 0.3056 0.4449 0.2494 
        H732  9 0.2112 0.4878 0.3011 
        H733  9 0.4346 0.2338 0.3316 
        H734  9 0.3652 0.2007 0.4341 
        H735  9 0.3389 0.2849 0.3762 
        H736  9 0.3187 0.3328 0.3485 
        H737  9 0.3160 0.3802 0.3039 
        H905  9 0.3179 0.4355 0.2466 
        H921  9 0.3494 0.3976 0.2530 
        H922  9 0.4181 0.2181 0.3638 
     H169705 10 0.4361 0.2606 0.3033 
     H171942 10 0.3337 0.2243 0.4420 
     H171943 10 0.3246 0.2945 0.3809 
     H171944 10 0.3968 0.3089 0.2943 
     H171946 10 0.2081 0.4187 0.3732 
     H171947 10 0.3429 0.2835 0.3736 
     H229641 10 0.3354 0.3238 0.3408 
      H30001 10 0.3786 0.3466 0.2747 
      H30002 10 0.3649 0.3131 0.3221 
      H30005 10 0.3966 0.2866 0.3167 
      H30006 10 0.3485 0.2509 0.4006 
      H30007 10 0.2284 0.2053 0.5663 
        H451 10 0.4324 0.2469 0.3207 
        H452 10 0.3448 0.2751 0.3801 
        H453 10 0.2150 0.4952 0.2898 
        H473 10 0.2965 0.3791 0.3244 
        H474 10 0.2034 0.5239 0.2726 
        H486 10 0.3129 0.4068 0.2803 
        H487 10 0.3120 0.3862 0.3018 
        H488 10 0.3851 0.3648 0.2501 
        H489 10 0.2894 0.4577 0.2529 
        H550 10 0.3025 0.2372 0.4603 
        H551 10 0.3943 0.3405 0.2651 
        H553 10 0.2930 0.4125 0.2946 
        H554 10 0.3453 0.2767 0.3780 
        H556 10 0.2785 0.3331 0.3884 
        H580 10 0.3951 0.2771 0.3278 
        H591 10 0.2339 0.5433 0.2228 
        H592 10 0.3530 0.3641 0.2829 
        H593 10 0.3453 0.3117 0.3430 
        H594 10 0.3617 0.1894 0.4489 
        H627 10 0.2873 0.3290 0.3838 
        H628 10 0.4617 0.2097 0.3286 
        H629 10 0.2705 0.3230 0.4065 
        H630 10 0.3286 0.3173 0.3541 
        H638 10 0.3877 0.2794 0.3329 
        H639 10 0.2329 0.4538 0.3133 
        H640 10 0.3659 0.2402 0.3939 
        H704 10 0.2980 0.2575 0.4445 
        H705 10 0.4370 0.2675 0.2954 
        H706 10 0.3396 0.4409 0.2195 
        H708 10 0.2432 0.4964 0.2604 
       H7351 10 0.3050 0.3082 0.3868 
       H7352 10 0.3404 0.3351 0.3245 
       H7353 10 0.2728 0.2415 0.4857 
       H7354 10 0.2995 0.4276 0.2729 
       H7365 10 0.2763 0.4866 0.2370 
       H7383 10 0.3599 0.3998 0.2403 
       H7384 10 0.3662 0.3707 0.2631 
       H7385 10 0.3127 0.4347 0.2525 
       H7386 10 0.3671 0.3280 0.3049 
       H7387 10 0.3864 0.2813 0.3323 
       H7388 10 0.3749 0.3017 0.3234 
        H906 10 0.2293 0.4375 0.3332 
        H907 10 0.3894 0.2343 0.3763 
        H908 10 0.3726 0.3373 0.2901 
        H909 10 0.3514 0.3680 0.2807 
       H9552 10 0.3173 0.3219 0.3608 
       H9553 10 0.3414 0.3575 0.3011 
       H9555 10 0.4537 0.2561 0.2902 
       H9575 10 0.2512 0.4287 0.3201 
       H9703 10 0.2553 0.4976 0.2471 
       H9707 10 0.2915 0.4280 0.2805 
       HSAA4 10 0.3876 0.2801 0.3323 
        H001 11 0.3233 0.3845 0.2922 
        H004 11 0.3466 0.3098 0.3436 
        H005 11 0.2641 0.5260 0.2100 
        H006 11 0.4037 0.3177 0.2786 
        H007 11 0.3023 0.4731 0.2246 
        H031 11 0.2816 0.5150 0.2034 
        H074 11 0.2485 0.4619 0.2896 
        H075 11 0.2945 0.4760 0.2295 
        H080 11 0.3085 0.4484 0.2431 
        H086 11 0.3590 0.3315 0.3094 
        H092 11 0.3473 0.3842 0.2685 
        H093 11 0.3226 0.1985 0.4789 
        H094 11 0.3553 0.2667 0.3780 
        H095 11 0.2860 0.4417 0.2723 
        H096 11 0.3544 0.4009 0.2447 
        H099 11 0.3134 0.4020 0.2846 
        H100 11 0.3422 0.2324 0.4254 
        H127 11 0.3344 0.3834 0.2823 
        H136 11 0.2428 0.4838 0.2734 
        H153 11 0.3172 0.3025 0.3803 
        H154 11 0.2625 0.4640 0.2735 
        H155 11 0.4645 0.2358 0.2997 
        H156 11 0.4915 0.1811 0.3275 
        H161 11 0.2873 0.3001 0.4126 
        H162 11 0.4130 0.2098 0.3772 
        H167 11 0.3918 0.2801 0.3281 
        H168 11 0.3845 0.3069 0.3086 
     H169586 11 0.1958 0.3571 0.4471 
     H169738 11 0.4547 0.2448 0.3005 
     H169741 11 0.2908 0.3998 0.3094 
     H171801 11 0.3135 0.2702 0.4163 
     H171810 11 0.2511 0.4390 0.3099 
     H171811 11 0.2345 0.4557 0.3099 
     H171812 11 0.3256 0.4142 0.2602 
     H171820 11 0.2494 0.4760 0.2746 
     H171821 11 0.3995 0.2735 0.3271 
     H171822 11 0.3933 0.2897 0.3170 
     H171823 11 0.1831 0.4610 0.3559 
     H171866 11 0.3433 0.2481 0.4086 
     H171867 11 0.5030 0.2387 0.2583 
     H171967 11 0.2933 0.4738 0.2330 
     H171969 11 0.3267 0.3401 0.3331 
        H172 11 0.3927 0.2954 0.3119 
        H173 11 0.4655 0.2909 0.2436 
        H174 11 0.3504 0.2102 0.4393 
        H196 11 0.4405 0.2379 0.3215 
        H197 11 0.4491 0.2504 0.3005 
        H346 11 0.3438 0.3866 0.2696 
        H355 11 0.2989 0.3942 0.3068 
        H356 11 0.3074 0.3841 0.3085 
        H357 11 0.3231 0.4214 0.2555 
        H358 11 0.4065 0.3347 0.2588 
        H359 11 0.3325 0.3289 0.3386 
        H360 11 0.3861 0.3331 0.2808 
        H361 11 0.3959 0.2901 0.3141 
        H362 11 0.4402 0.1947 0.3651 
        H363 11 0.3078 0.4429 0.2493 
        H364 11 0.2884 0.3285 0.3831 
        H365 11 0.3508 0.2852 0.3640 
        H366 11 0.4110 0.2598 0.3292 
        H367 11 0.2423 0.4967 0.2611 
        H368 11 0.3081 0.2346 0.4573 
        H369 11 0.2963 0.5005 0.2032 
        H370 11 0.3994 0.2459 0.3548 
        H371 11 0.3450 0.3212 0.3338 
        H372 11 0.3504 0.3074 0.3422 
        H373 11 0.3385 0.3567 0.3048 
        H374 11 0.3078 0.4105 0.2817 
        H375 11 0.3522 0.3892 0.2586 
        H376 11 0.3451 0.2648 0.3901 
        H377 11 0.3641 0.3462 0.2897 
        H378 11 0.2930 0.3755 0.3314 
        H379 11 0.3536 0.2988 0.3476 
        H380 11 0.4834 0.2267 0.2898 
        H381 11 0.2391 0.4325 0.3284 
        H382 11 0.4642 0.1771 0.3586 
        H383 11 0.3748 0.2308 0.3944 
        H384 11 0.2808 0.3888 0.3304 
        H385 11 0.3330 0.3779 0.2890 
        H386 11 0.4627 0.2825 0.2547 
        H387 11 0.2182 0.3237 0.4582 
        H388 11 0.4157 0.2116 0.3726 
        H389 11 0.3746 0.3645 0.2609 
        H390 11 0.3941 0.2892 0.3168 
        H391 11 0.2958 0.2671 0.4372 
        H392 11 0.2897 0.4780 0.2323 
        H393 11 0.3125 0.2371 0.4504 
        H394 11 0.2529 0.2296 0.5174 
        H395 11 0.3029 0.4389 0.2582 
        H408 11 0.3720 0.3631 0.2650 
        H412 11 0.1875 0.4551 0.3574 
        H417 11 0.3250 0.3585 0.3165 
        H418 11 0.2801 0.3371 0.3828 
        H429 11 0.3719 0.2997 0.3284 
        H430 11 0.4269 0.2567 0.3165 
        H439 11 0.3700 0.3531 0.2768 
        H440 11 0.2492 0.5042 0.2467 
        H441 11 0.4304 0.2524 0.3172 
        H442 11 0.3862 0.2655 0.3483 
        H446 11 0.3502 0.3015 0.3483 
        H447 11 0.4632 0.2371 0.2997 
        H448 11 0.4614 0.2717 0.2669 
        H534 11 0.1946 0.5366 0.2688 
        H537 11 0.2431 0.4650 0.2919 
        H568 11 0.2265 0.5416 0.2319 
        H569 11 0.4849 0.1836 0.3316 
        H586 11 0.1890 0.3536 0.4574 
        H587 11 0.2447 0.5333 0.2220 
        H588 11 0.2977 0.2245 0.4777 
        H589 11 0.2423 0.5207 0.2370 
        H590 11 0.2523 0.4697 0.2780 
        H601 11 0.3949 0.2128 0.3923 
        H602 11 0.3494 0.3754 0.2752 
        H603 11 0.4606 0.2579 0.2815 
        H610 11 0.3639 0.3638 0.2724 
        H611 11 0.3194 0.3807 0.2999 
        H649 11 0.3130 0.3482 0.3388 
        H650 11 0.3477 0.2378 0.4145 
        H651 11 0.4190 0.3207 0.2603 
        H652 11 0.3080 0.3352 0.3568 
       H7364 11 0.4021 0.2742 0.3237 
       H7366 11 0.4060 0.3428 0.2512 
       H7378 11 0.2778 0.1506 0.5716 
       H7379 11 0.3558 0.3151 0.3291 
        H739 11 0.2830 0.4248 0.2922 
        H740 11 0.3545 0.2574 0.3881 
        H741 11 0.2935 0.4087 0.2979 
        H926 11 0.3517 0.2802 0.3681 
        H927 11 0.4744 0.2371 0.2886 
        H928 11 0.3596 0.2950 0.3454 
       H9560 11 0.3360 0.2808 0.3832 
        H409 12 0.4492 0.2414 0.3094 
        H413 12 0.2685 0.2145 0.5169 
        H419 12 0.4138 0.2866 0.2995 
        H420 12 0.3151 0.4081 0.2768 
        H421 12 0.3687 0.2005 0.4308 
        H435 12 0.3534 0.2498 0.3967 
        H436 12 0.3792 0.3576 0.2632 
        H437 12 0.2477 0.4548 0.2975 
        H445 12 0.4502 0.2509 0.2989 
        H449 12 0.3192 0.2758 0.4049 
        H463 12 0.2823 0.4323 0.2854 
        H464 12 0.3035 0.2332 0.4633 
        H465 12 0.2229 0.3033 0.4738 
        H490 12 0.3263 0.2181 0.4556 
        H561 12 0.3311 0.3138 0.3551 
        H562 12 0.4047 0.3469 0.2484 
        H563 12 0.3391 0.3978 0.2631 
        H570 12 0.3398 0.4288 0.2313 
        H571 12 0.2845 0.3086 0.4069 
        H572 12 0.3075 0.3866 0.3059 
        H573 12 0.4426 0.2473 0.3101 
       H7372 12 0.4932 0.1856 0.3212 
       H7373 12 0.2575 0.2211 0.5214 
       H7374 12 0.2845 0.4359 0.2796 
       H7375 12 0.3221 0.4102 0.2677 
       H7376 12 0.4725 0.2372 0.2903 
       H7377 12 0.3167 0.4025 0.2808 
