        H102  1 0.2068 0.0886 0.1352 0.1167 0.1100 0.3427 
        H103  1 0.2062 0.1477 0.1372 0.2336 0.0594 0.2159 
        H104  1 0.1112 0.1817 0.1836 0.1194 0.2781 0.1260 
        H105  1 0.1474 0.1457 0.1716 0.1603 0.1589 0.2161 
        H106  1 0.1869 0.1907 0.1289 0.1391 0.1721 0.1822 
        H112  1 0.1534 0.1374 0.1428 0.1373 0.2095 0.2196 
        H113  1 0.1210 0.2401 0.2348 0.1309 0.1283 0.1449 
        H114  1 0.1492 0.2177 0.2087 0.1540 0.0814 0.1888 
        H115  1 0.1452 0.1330 0.2000 0.0966 0.1511 0.2742 
        H143  1 0.1626 0.1127 0.1843 0.1728 0.1054 0.2622 
        H144  1 0.1483 0.1178 0.1540 0.3429 0.0778 0.1591 
        H145  1 0.2056 0.1400 0.1361 0.1789 0.0670 0.2724 
        H149  1 0.1374 0.1324 0.1374 0.1317 0.3122 0.1489 
        H150  1 0.1267 0.1682 0.1601 0.2083 0.1611 0.1756 
     H167542  1 0.1274 0.1848 0.3009 0.1259 0.1027 0.1581 
     H169604  1 0.1589 0.1516 0.2127 0.1504 0.1273 0.1991 
     H169607  1 0.1854 0.1502 0.1992 0.1840 0.1189 0.1623 
     H169608  1 0.1976 0.0949 0.1273 0.1050 0.1916 0.2837 
     H169633  1 0.1419 0.2206 0.2428 0.1481 0.0777 0.1689 
     H169688  1 0.2729 0.1813 0.1154 0.2058 0.0871 0.1375 
     H169714  1 0.1488 0.1763 0.1599 0.1653 0.2038 0.1458 
     H171802  1 0.1414 0.1879 0.1762 0.1218 0.2733 0.0994 
     H171805  1 0.2088 0.1530 0.1468 0.2179 0.0887 0.1849 
     H171807  1 0.1667 0.1214 0.1084 0.1715 0.2882 0.1439 
     H171814  1 0.1509 0.2214 0.2029 0.2325 0.0699 0.1223 
     H171816  1 0.1872 0.1674 0.1286 0.1554 0.1942 0.1673 
     H171817  1 0.1632 0.1658 0.1354 0.1518 0.2097 0.1741 
     H171818  1 0.1665 0.1846 0.1606 0.1835 0.1476 0.1573 
     H171819  1 0.1717 0.1900 0.1581 0.1584 0.1505 0.1712 
     H171834  1 0.1850 0.1247 0.1271 0.1678 0.1135 0.2819 
     H171835  1 0.1260 0.1810 0.1943 0.1110 0.2669 0.1208 
     H171836  1 0.1568 0.2164 0.1995 0.1832 0.0536 0.1904 
     H171837  1 0.1300 0.1836 0.2210 0.1368 0.1597 0.1688 
     H171838  1 0.1938 0.1908 0.0969 0.1676 0.0998 0.2510 
     H171839  1 0.1300 0.1719 0.2343 0.1292 0.1818 0.1529 
     H171841  1 0.1608 0.1128 0.0771 0.1341 0.3732 0.1421 
     H171860  1 0.1433 0.1596 0.2154 0.1534 0.1390 0.1893 
     H171861  1 0.1579 0.1435 0.1803 0.1764 0.0595 0.2824 
     H171862  1 0.1619 0.1355 0.1363 0.1759 0.1300 0.2604 
     H171868  1 0.1447 0.1308 0.2046 0.1289 0.1048 0.2862 
     H171869  1 0.2262 0.1699 0.1381 0.2274 0.0945 0.1440 
     H171870  1 0.2161 0.1541 0.1341 0.2033 0.1521 0.1403 
     H171871  1 0.1737 0.1884 0.1543 0.2216 0.0855 0.1765 
     H171872  1 0.1368 0.1739 0.1819 0.1266 0.2053 0.1755 
     H171873  1 0.1994 0.1731 0.1622 0.1988 0.1445 0.1220 
     H171874  1 0.2082 0.1284 0.1343 0.2210 0.0854 0.2227 
     H171875  1 0.1613 0.1601 0.1981 0.2163 0.0652 0.1990 
     H171876  1 0.1923 0.1348 0.2007 0.1858 0.0920 0.1944 
     H171877  1 0.1172 0.1872 0.3284 0.1092 0.1018 0.1561 
     H171878  1 0.2626 0.1750 0.0998 0.1825 0.1593 0.1208 
     H171901  1 0.2271 0.1880 0.1494 0.1463 0.1769 0.1123 
     H171902  1 0.1622 0.1182 0.1419 0.1840 0.2265 0.1672 
     H171903  1 0.1870 0.1628 0.1715 0.1724 0.1163 0.1900 
     H171935  1 0.1939 0.1734 0.0910 0.1561 0.2379 0.1478 
     H171936  1 0.1420 0.2371 0.2718 0.1346 0.0816 0.1329 
     H171940  1 0.1476 0.1143 0.1535 0.1782 0.2637 0.1427 
     H171945  1 0.1854 0.1616 0.1476 0.2109 0.1529 0.1416 
     H171948  1 0.1523 0.1371 0.1235 0.1323 0.2340 0.2209 
     H171949  1 0.1205 0.1162 0.1162 0.1085 0.4275 0.1110 
     H171950  1 0.1650 0.1457 0.1267 0.1219 0.2961 0.1446 
     H171963  1 0.2412 0.2112 0.1325 0.1967 0.0716 0.1468 
     H171964  1 0.1595 0.1315 0.1094 0.3260 0.1201 0.1536 
     H171966  1 0.1790 0.1675 0.1108 0.1973 0.1568 0.1885 
     H171968  1 0.1717 0.1017 0.1367 0.1774 0.2228 0.1897 
     H171971  1 0.2203 0.2023 0.1012 0.1633 0.1333 0.1796 
     H171972  1 0.2026 0.1514 0.1534 0.2106 0.0756 0.2064 
     H171977  1 0.1603 0.1633 0.2115 0.2394 0.0878 0.1376 
     H171978  1 0.2056 0.1242 0.1104 0.1886 0.2081 0.1631 
     H171979  1 0.2034 0.1626 0.1368 0.2227 0.0850 0.1895 
        H176  1 0.1531 0.1830 0.1871 0.1490 0.1271 0.2007 
        H177  1 0.1944 0.1553 0.1283 0.1150 0.2576 0.1493 
        H179  1 0.1242 0.1655 0.2014 0.1162 0.2663 0.1263 
        H181  1 0.1632 0.1834 0.1149 0.2304 0.1322 0.1759 
        H182  1 0.1872 0.1434 0.1365 0.1715 0.0607 0.3007 
        H183  1 0.1736 0.1386 0.1285 0.2999 0.1335 0.1259 
        H184  1 0.1379 0.1384 0.1344 0.1518 0.2620 0.1755 
        H185  1 0.1552 0.2188 0.1677 0.1801 0.1097 0.1686 
        H186  1 0.1751 0.1120 0.1163 0.2585 0.1392 0.1989 
        H187  1 0.2332 0.2091 0.1523 0.1573 0.1080 0.1402 
        H188  1 0.0928 0.1778 0.2679 0.1191 0.2579 0.0845 
        H192  1 0.1622 0.1411 0.1125 0.1332 0.3020 0.1491 
        H193  1 0.2136 0.1205 0.1300 0.2010 0.0716 0.2634 
        H194  1 0.1508 0.1642 0.1743 0.1416 0.1945 0.1746 
        H195  1 0.2557 0.1651 0.1141 0.2402 0.0779 0.1470 
        H199  1 0.2159 0.1572 0.1409 0.2411 0.1264 0.1185 
        H200  1 0.1381 0.1726 0.1844 0.1448 0.2390 0.1211 
        H414  1 0.2269 0.1591 0.1518 0.1932 0.0906 0.1784 
        H415  1 0.1622 0.1899 0.1934 0.1550 0.0855 0.2139 
        H422  1 0.1536 0.1237 0.1179 0.1891 0.2162 0.1996 
        H423  1 0.0999 0.0928 0.0782 0.0903 0.5446 0.0941 
        H424  1 0.1779 0.1695 0.1581 0.2534 0.0827 0.1584 
        H425  1 0.1775 0.1607 0.1540 0.3148 0.0850 0.1079 
        H426  1 0.1987 0.1080 0.1021 0.3219 0.1162 0.1531 
        H443  1 0.1209 0.1020 0.1912 0.3381 0.0884 0.1593 
        H466  1 0.1813 0.1576 0.1667 0.1695 0.1694 0.1555 
        H467  1 0.1626 0.1282 0.1214 0.1495 0.3327 0.1057 
        H472  1 0.1571 0.1848 0.1869 0.1603 0.1988 0.1122 
        H483  1 0.1480 0.1439 0.1602 0.2127 0.1368 0.1985 
        H504  1 0.1923 0.1834 0.1471 0.2444 0.0944 0.1384 
        H505  1 0.1627 0.1613 0.1981 0.1504 0.2204 0.1072 
        H506  1 0.1908 0.1454 0.1399 0.1923 0.1393 0.1925 
        H507  1 0.1985 0.2061 0.1993 0.1779 0.0566 0.1617 
        H508  1 0.2136 0.1763 0.1161 0.1708 0.2057 0.1176 
        H524  1 0.1492 0.2196 0.2729 0.1583 0.0834 0.1165 
        H525  1 0.1841 0.1419 0.1854 0.2187 0.0877 0.1823 
        H526  1 0.1103 0.1963 0.3033 0.1157 0.1310 0.1434 
        H527  1 0.2214 0.1635 0.1312 0.1457 0.1693 0.1689 
        H528  1 0.1465 0.1778 0.1829 0.2077 0.0799 0.2052 
        H529  1 0.1480 0.1912 0.1942 0.2166 0.0676 0.1824 
        H533  1 0.2209 0.1831 0.1334 0.1586 0.0551 0.2490 
        H538  1 0.1547 0.1566 0.2161 0.1481 0.1890 0.1355 
        H539  1 0.2725 0.1918 0.1194 0.1641 0.0761 0.1761 
        H540  1 0.1976 0.1748 0.1585 0.1606 0.1253 0.1831 
        H541  1 0.1491 0.1794 0.2512 0.1523 0.1169 0.1511 
        H558  1 0.2139 0.1523 0.0995 0.2250 0.1016 0.2078 
        H559  1 0.1855 0.1022 0.1635 0.1752 0.1433 0.2304 
        H579  1 0.1811 0.1202 0.1509 0.1966 0.0921 0.2591 
        H584  1 0.1598 0.1498 0.1615 0.2604 0.0961 0.1724 
        H585  1 0.1770 0.1941 0.1722 0.2062 0.1123 0.1383 
        H605  1 0.1584 0.1413 0.1517 0.1526 0.2179 0.1781 
        H606  1 0.1465 0.1144 0.1377 0.1207 0.3079 0.1727 
        H632  1 0.1842 0.1408 0.1350 0.2531 0.0852 0.2017 
        H634  1 0.1839 0.1579 0.1699 0.2025 0.1048 0.1809 
        H671  1 0.1229 0.1319 0.1216 0.1155 0.4044 0.1037 
        H672  1 0.1404 0.2180 0.2916 0.1474 0.1091 0.0935 
        H673  1 0.1425 0.1134 0.1635 0.2896 0.1278 0.1631 
        H689  1 0.1481 0.1407 0.1927 0.2471 0.1036 0.1678 
        H690  1 0.1503 0.1456 0.1865 0.1082 0.1527 0.2566 
        H691  1 0.1891 0.1482 0.2414 0.1418 0.0962 0.1834 
        H692  1 0.1428 0.1564 0.1586 0.3022 0.0579 0.1821 
        H709  1 0.1512 0.1550 0.1839 0.1572 0.1051 0.2476 
        H710  1 0.1590 0.1435 0.1388 0.2357 0.0698 0.2533 
       H7355  1 0.1508 0.2145 0.2110 0.1086 0.0727 0.2424 
       H7356  1 0.1836 0.1201 0.1716 0.2121 0.1374 0.1751 
       H7357  1 0.1423 0.1628 0.1694 0.1323 0.1789 0.2143 
       H7358  1 0.1604 0.1668 0.2445 0.1823 0.1033 0.1427 
       H7380  1 0.1796 0.1197 0.1369 0.1821 0.1059 0.2758 
       H7381  1 0.1604 0.1270 0.1217 0.2314 0.2194 0.1401 
       H7382  1 0.2070 0.1439 0.1631 0.1695 0.0979 0.2185 
        H904  1 0.1341 0.1007 0.1111 0.0937 0.4175 0.1429 
        H923  1 0.1615 0.1698 0.1839 0.1782 0.1814 0.1252 
        H924  1 0.1478 0.1480 0.1968 0.1699 0.2043 0.1331 
        H925  1 0.1296 0.2043 0.3167 0.1413 0.0882 0.1200 
       H9558  1 0.2302 0.1372 0.0968 0.2325 0.0890 0.2142 
        H008  2 0.1403 0.1879 0.2110 0.1769 0.0850 0.1988 
        H021  2 0.1541 0.1658 0.1839 0.1227 0.2187 0.1548 
        H023  2 0.1647 0.1617 0.2079 0.1166 0.1749 0.1742 
        H024  2 0.1362 0.2601 0.1929 0.1888 0.0841 0.1379 
        H025  2 0.1404 0.1081 0.1128 0.1926 0.3295 0.1166 
        H026  2 0.1308 0.1919 0.1861 0.3014 0.0817 0.1081 
        H027  2 0.1424 0.2110 0.2660 0.1429 0.1076 0.1301 
        H028  2 0.1682 0.1509 0.1451 0.2252 0.1311 0.1795 
        H029  2 0.1477 0.2247 0.2222 0.1759 0.0868 0.1428 
        H030  2 0.1916 0.1782 0.1544 0.2071 0.0765 0.1922 
        H038  2 0.2008 0.2207 0.1640 0.1287 0.1686 0.1173 
        H039  2 0.0729 0.0809 0.0686 0.0635 0.6393 0.0748 
        H040  2 0.2078 0.1884 0.1396 0.1254 0.2117 0.1271 
        H041  2 0.1143 0.2119 0.2550 0.1257 0.1535 0.1396 
        H042  2 0.1377 0.1566 0.1832 0.1474 0.2188 0.1563 
        H043  2 0.2667 0.1853 0.0800 0.1314 0.2007 0.1359 
        H044  2 0.1885 0.2068 0.1229 0.1851 0.0907 0.2061 
        H047  2 0.1681 0.1428 0.1327 0.1724 0.2208 0.1632 
        H050  2 0.1497 0.2183 0.2600 0.1455 0.0736 0.1529 
        H058  2 0.2232 0.1807 0.1214 0.1669 0.1802 0.1276 
        H062  2 0.1253 0.1504 0.2312 0.1364 0.2250 0.1316 
        H063  2 0.1714 0.1791 0.1475 0.1248 0.2391 0.1381 
        H065  2 0.1243 0.1182 0.1245 0.3369 0.1742 0.1219 
        H066  2 0.2120 0.2190 0.1480 0.1744 0.1082 0.1385 
        H067  2 0.1791 0.1477 0.2098 0.1764 0.1156 0.1714 
        H068  2 0.1571 0.1243 0.1548 0.1422 0.3138 0.1078 
        H069  2 0.2367 0.2160 0.1526 0.1774 0.1003 0.1170 
        H071  2 0.1489 0.1480 0.1732 0.1496 0.1941 0.1862 
        H072  2 0.1210 0.1386 0.1368 0.1167 0.3739 0.1130 
        H073  2 0.1619 0.1875 0.1989 0.1926 0.1078 0.1512 
        H081  2 0.1179 0.1654 0.2505 0.1076 0.1898 0.1688 
        H082  2 0.1754 0.1941 0.1354 0.1950 0.0739 0.2262 
        H083  2 0.1917 0.1251 0.1261 0.2381 0.0919 0.2271 
        H084  2 0.1924 0.2173 0.1659 0.1500 0.1548 0.1196 
        H085  2 0.1153 0.1863 0.3355 0.1128 0.1158 0.1342 
        H087  2 0.1354 0.1560 0.2230 0.1271 0.1606 0.1979 
        H088  2 0.1683 0.1489 0.1523 0.1425 0.2198 0.1682 
        H089  2 0.1833 0.1754 0.2450 0.1533 0.0908 0.1523 
        H090  2 0.1205 0.2247 0.2922 0.1452 0.1060 0.1114 
        H091  2 0.1041 0.2365 0.3497 0.1264 0.0657 0.1175 
        H098  2 0.1339 0.2359 0.1800 0.1330 0.1447 0.1725 
      H10001  2 0.0790 0.0798 0.0723 0.0668 0.6218 0.0803 
      H10002  2 0.1921 0.1233 0.1614 0.1194 0.1620 0.2418 
        H101  2 0.1663 0.2370 0.2650 0.1481 0.0847 0.0989 
        H108  2 0.1016 0.0980 0.1425 0.1128 0.4078 0.1374 
        H109  2 0.2024 0.2260 0.1428 0.1468 0.1472 0.1348 
        H110  2 0.1555 0.1466 0.1775 0.1139 0.0898 0.3168 
        H116  2 0.1774 0.1638 0.1569 0.2268 0.0949 0.1802 
        H117  2 0.1068 0.2839 0.2883 0.1171 0.0865 0.1174 
        H118  2 0.1031 0.2171 0.3150 0.1758 0.0722 0.1168 
        H119  2 0.1261 0.1914 0.1682 0.1336 0.2138 0.1668 
        H120  2 0.0945 0.1070 0.1308 0.0950 0.4534 0.1192 
        H121  2 0.1277 0.2280 0.3455 0.1233 0.0817 0.0937 
        H125  2 0.0861 0.0974 0.0733 0.0756 0.5949 0.0728 
        H126  2 0.1656 0.1290 0.1100 0.2703 0.1582 0.1668 
        H128  2 0.1175 0.2485 0.3280 0.1672 0.0422 0.0965 
        H129  2 0.1666 0.1250 0.1139 0.3468 0.0864 0.1612 
        H130  2 0.1744 0.1015 0.0683 0.1676 0.3138 0.1744 
        H133  2 0.1221 0.1108 0.1126 0.1412 0.4178 0.0956 
        H134  2 0.1246 0.1184 0.1009 0.4381 0.0759 0.1421 
        H135  2 0.1577 0.1508 0.1705 0.1584 0.1680 0.1946 
        H137  2 0.1396 0.2372 0.2021 0.1278 0.1783 0.1149 
        H138  2 0.1865 0.1196 0.1159 0.2780 0.0761 0.2240 
        H140  2 0.1212 0.1893 0.2206 0.1511 0.1813 0.1366 
        H146  2 0.0948 0.2307 0.3324 0.1539 0.0921 0.0962 
        H147  2 0.1338 0.1958 0.2222 0.1400 0.1029 0.2054 
        H148  2 0.1402 0.2157 0.2384 0.1136 0.0930 0.1991 
     H166022  2 0.1796 0.2042 0.1508 0.1589 0.0794 0.2271 
     H167359  2 0.1856 0.1797 0.1517 0.2111 0.1159 0.1561 
     H167397  2 0.1553 0.2528 0.1784 0.1663 0.0463 0.2008 
     H167428  2 0.1104 0.1601 0.3270 0.2103 0.0580 0.1342 
     H167496  2 0.1019 0.1428 0.1642 0.0942 0.3875 0.1093 
     H167513  2 0.2503 0.2393 0.0961 0.1127 0.1107 0.1910 
     H167545  2 0.2083 0.1450 0.1539 0.2067 0.0693 0.2168 
     H167547  2 0.1732 0.2670 0.1223 0.1647 0.0714 0.2013 
     H169621  2 0.1679 0.1922 0.1749 0.1815 0.0924 0.1910 
     H169622  2 0.2319 0.1703 0.1662 0.1956 0.0672 0.1687 
     H169750  2 0.1862 0.1346 0.1033 0.1786 0.2489 0.1484 
     H171806  2 0.1253 0.1948 0.2428 0.1482 0.1668 0.1221 
     H171808  2 0.1613 0.1890 0.2212 0.1698 0.1106 0.1481 
     H171809  2 0.1506 0.1325 0.1651 0.1493 0.1724 0.2301 
     H171813  2 0.1861 0.1561 0.1498 0.1720 0.1442 0.1917 
     H171815  2 0.1779 0.1527 0.1023 0.1256 0.3312 0.1103 
     H171824  2 0.1293 0.1679 0.2009 0.1183 0.2147 0.1689 
     H171825  2 0.1999 0.1525 0.1721 0.2072 0.0980 0.1704 
     H171826  2 0.1503 0.1612 0.1655 0.1497 0.1816 0.1917 
     H171827  2 0.2252 0.1414 0.1489 0.1466 0.0849 0.2530 
     H171828  2 0.0826 0.1177 0.1408 0.0749 0.4921 0.0920 
     H171829  2 0.1866 0.1708 0.1245 0.2127 0.1575 0.1480 
     H171830  2 0.1633 0.2058 0.1582 0.1477 0.1421 0.1829 
     H171831  2 0.1631 0.1801 0.1610 0.2567 0.0759 0.1633 
     H171832  2 0.1913 0.1280 0.1307 0.2231 0.1166 0.2104 
     H171863  2 0.2041 0.1874 0.1401 0.2454 0.0583 0.1647 
     H171864  2 0.1329 0.2306 0.2222 0.1267 0.1408 0.1468 
     H171865  2 0.1321 0.1635 0.1296 0.1401 0.3397 0.0951 
     H171879  2 0.1394 0.2117 0.2261 0.1806 0.1164 0.1258 
     H171880  2 0.1493 0.2578 0.2322 0.1308 0.0899 0.1400 
     H171881  2 0.1628 0.1643 0.1896 0.1898 0.1254 0.1681 
     H171882  2 0.0808 0.0885 0.0866 0.0856 0.5678 0.0907 
     H171929  2 0.1408 0.2064 0.1908 0.1604 0.1440 0.1575 
     H171930  2 0.2091 0.1952 0.1865 0.1775 0.0718 0.1599 
     H171933  2 0.1748 0.1796 0.1800 0.1752 0.1298 0.1606 
     H171934  2 0.1416 0.1903 0.2619 0.1282 0.1071 0.1709 
     H171937  2 0.1634 0.1357 0.1365 0.3008 0.0946 0.1690 
     H171962  2 0.1706 0.1450 0.1943 0.2115 0.1137 0.1649 
        H190  2 0.1886 0.1662 0.1625 0.1958 0.1131 0.1738 
        H191  2 0.1403 0.1976 0.1567 0.1734 0.1959 0.1361 
        H396  2 0.1001 0.1879 0.2987 0.1156 0.1862 0.1114 
        H397  2 0.1995 0.1728 0.1651 0.1720 0.1100 0.1807 
        H398  2 0.1264 0.1575 0.1881 0.2381 0.1760 0.1140 
        H400  2 0.1416 0.1782 0.2660 0.1424 0.1113 0.1604 
        H401  2 0.1655 0.3189 0.1657 0.1241 0.0567 0.1691 
        H402  2 0.1912 0.2071 0.1843 0.1627 0.0674 0.1873 
        H427  2 0.1231 0.1833 0.2527 0.1332 0.1350 0.1727 
        H428  2 0.1114 0.1644 0.3398 0.1896 0.0580 0.1368 
        H497  2 0.2372 0.2053 0.1079 0.1348 0.1444 0.1704 
        H512  2 0.1716 0.2277 0.1398 0.1360 0.0982 0.2268 
        H513  2 0.2549 0.2344 0.0956 0.1193 0.1054 0.1903 
        H514  2 0.2511 0.1518 0.0944 0.2180 0.0843 0.2003 
        H519  2 0.2268 0.2286 0.1127 0.1271 0.1256 0.1792 
        H532  2 0.1165 0.2032 0.3094 0.1388 0.0746 0.1575 
        H543  2 0.1920 0.1764 0.1945 0.1577 0.0650 0.2144 
        H544  2 0.1952 0.1436 0.1001 0.2653 0.1515 0.1444 
        H545  2 0.2224 0.1335 0.1489 0.2199 0.0655 0.2098 
        H546  2 0.1428 0.1288 0.1098 0.1603 0.3361 0.1222 
        H547  2 0.1808 0.2686 0.1259 0.1615 0.0723 0.1909 
        H548  2 0.1662 0.1919 0.2186 0.1582 0.0935 0.1716 
        H549  2 0.2899 0.2611 0.1255 0.1107 0.0689 0.1439 
        H620  2 0.0937 0.1007 0.0910 0.0836 0.5321 0.0989 
        H623  2 0.1772 0.1345 0.1056 0.2406 0.1352 0.2069 
        H624  2 0.2768 0.1749 0.0925 0.1701 0.1355 0.1501 
        H625  2 0.1402 0.1942 0.2415 0.1569 0.1257 0.1415 
        H626  2 0.2080 0.2305 0.1487 0.1416 0.1171 0.1541 
        H654  2 0.1666 0.1372 0.0628 0.0857 0.4522 0.0955 
        H655  2 0.2302 0.1301 0.1359 0.1508 0.1465 0.2066 
        H656  2 0.0823 0.0880 0.1028 0.0839 0.5539 0.0890 
        H666  2 0.0849 0.1148 0.0990 0.1034 0.5228 0.0751 
        H667  2 0.1885 0.1471 0.1868 0.1354 0.0826 0.2595 
        H677  2 0.1649 0.1676 0.2156 0.1655 0.0945 0.1918 
        H693  2 0.1097 0.1104 0.1726 0.1005 0.3579 0.1489 
        H694  2 0.1640 0.1534 0.1516 0.2041 0.1757 0.1513 
        H701  2 0.1706 0.2061 0.1835 0.1645 0.0862 0.1891 
        H702  2 0.1902 0.1598 0.1238 0.1655 0.1560 0.2048 
        H731  2 0.1667 0.1432 0.1531 0.1238 0.2205 0.1927 
       H7359  2 0.1805 0.1705 0.1574 0.2220 0.1230 0.1466 
       H7389  2 0.1431 0.2229 0.2817 0.1411 0.0987 0.1125 
       H7390  2 0.2004 0.1528 0.1139 0.1279 0.2757 0.1293 
       H7391  2 0.1054 0.2204 0.3120 0.0982 0.1038 0.1602 
       H7392  2 0.1887 0.1572 0.1491 0.2051 0.1668 0.1331 
       H7393  2 0.1788 0.1911 0.1407 0.1296 0.2041 0.1558 
       H7398  2 0.1073 0.2095 0.2522 0.1199 0.1570 0.1541 
       H7399  2 0.1684 0.1503 0.2274 0.1613 0.0716 0.2209 
       H7400  2 0.1130 0.0949 0.0819 0.0865 0.5418 0.0820 
        H745  2 0.1448 0.1663 0.1140 0.3396 0.0852 0.1500 
        H746  2 0.2044 0.1354 0.1766 0.1614 0.0631 0.2592 
        H747  2 0.1448 0.1590 0.1526 0.1225 0.3184 0.1027 
        H748  2 0.2247 0.1714 0.1339 0.1529 0.1053 0.2118 
       H7484  2 0.0923 0.1100 0.1107 0.0998 0.5021 0.0851 
       H7485  2 0.2483 0.2178 0.1338 0.1587 0.0922 0.1491 
        H749  2 0.2184 0.1826 0.1698 0.1756 0.0660 0.1876 
        H930  2 0.1962 0.2173 0.2038 0.1587 0.0737 0.1503 
        H931  2 0.1278 0.1782 0.2215 0.1858 0.1419 0.1449 
        H932  2 0.1347 0.2283 0.2080 0.1606 0.1337 0.1347 
        H111  3 0.1897 0.1746 0.1174 0.2328 0.0899 0.1956 
        H951  3 0.1663 0.2199 0.1698 0.1775 0.0791 0.1874 
        H952  3 0.1562 0.1758 0.2260 0.1822 0.1350 0.1248 
        H953  3 0.0997 0.2648 0.3145 0.1136 0.0793 0.1281 
        H954  3 0.1601 0.1569 0.1189 0.1195 0.3035 0.1410 
        H955  3 0.2015 0.1733 0.1669 0.2282 0.0668 0.1633 
        H956  3 0.1505 0.1978 0.2629 0.1310 0.1296 0.1282 
       H9563  3 0.1148 0.2309 0.1874 0.1187 0.2090 0.1393 
        H002  4 0.1656 0.0969 0.0911 0.2031 0.2403 0.2030 
        H003  4 0.1448 0.1257 0.2078 0.1910 0.0761 0.2544 
        H009  4 0.2149 0.1628 0.1572 0.2194 0.0909 0.1548 
        H010  4 0.1586 0.1594 0.1787 0.1925 0.1270 0.1839 
        H011  4 0.1075 0.0988 0.1191 0.1050 0.4413 0.1284 
        H012  4 0.1691 0.1578 0.1824 0.1469 0.0867 0.2572 
        H013  4 0.1458 0.1323 0.1748 0.1380 0.1987 0.2105 
        H014  4 0.1741 0.1391 0.0980 0.1745 0.1558 0.2585 
        H045  4 0.0884 0.2031 0.2409 0.1097 0.2492 0.1086 
        H046  4 0.1719 0.1450 0.1755 0.2434 0.0824 0.1819 
        H051  4 0.1224 0.1383 0.1556 0.1243 0.3060 0.1535 
        H052  4 0.1278 0.1055 0.1254 0.1909 0.3428 0.1075 
        H053  4 0.1765 0.1512 0.1458 0.1697 0.1691 0.1878 
        H056  4 0.1357 0.1373 0.0945 0.1319 0.3493 0.1513 
        H076  4 0.1442 0.1745 0.1507 0.2598 0.0954 0.1754 
        H151  4 0.1702 0.1240 0.1052 0.1486 0.3010 0.1510 
        H152  4 0.1381 0.0914 0.1295 0.2017 0.2448 0.1945 
     H171803  4 0.2237 0.1878 0.1462 0.1143 0.1557 0.1723 
     H171804  4 0.1622 0.1882 0.1389 0.1409 0.2199 0.1500 
     H171833  4 0.1829 0.1300 0.1013 0.3378 0.0842 0.1638 
     H171855  4 0.1487 0.1244 0.0724 0.1488 0.4035 0.1022 
     H171856  4 0.1874 0.2291 0.1901 0.1341 0.1235 0.1358 
     H171857  4 0.1431 0.1675 0.1117 0.1539 0.3069 0.1169 
     H171858  4 0.1404 0.1434 0.1641 0.2016 0.1360 0.2145 
     H171859  4 0.1511 0.1571 0.1657 0.1907 0.1839 0.1516 
     H171961  4 0.1474 0.1546 0.1634 0.1417 0.2505 0.1425 
        H198  4 0.1851 0.1253 0.1567 0.2294 0.0627 0.2408 
      H20001  4 0.2397 0.1766 0.0839 0.2302 0.0732 0.1964 
        H403  4 0.1679 0.2025 0.1397 0.1608 0.1972 0.1319 
        H404  4 0.1837 0.1319 0.1818 0.1650 0.0727 0.2648 
        H405  4 0.1365 0.1852 0.1833 0.1826 0.0829 0.2296 
        H406  4 0.1443 0.2298 0.1190 0.2218 0.1487 0.1365 
        H407  4 0.1572 0.2323 0.2067 0.1458 0.1348 0.1233 
        H410  4 0.1105 0.3235 0.2447 0.1267 0.0738 0.1208 
        H411  4 0.1982 0.1668 0.0724 0.1734 0.0912 0.2980 
        H468  4 0.2260 0.1719 0.1069 0.2236 0.1329 0.1386 
        H476  4 0.2366 0.1738 0.1194 0.1680 0.1491 0.1531 
        H477  4 0.2348 0.1521 0.1161 0.2498 0.0656 0.1816 
        H478  4 0.2326 0.1527 0.1517 0.1384 0.0667 0.2578 
        H479  4 0.1204 0.1445 0.1761 0.1449 0.2698 0.1443 
        H480  4 0.1926 0.1700 0.1352 0.1981 0.0732 0.2309 
        H498  4 0.1795 0.1111 0.1235 0.2264 0.1255 0.2340 
        H499  4 0.1875 0.1730 0.1581 0.1544 0.1264 0.2006 
        H500  4 0.1908 0.1748 0.1639 0.1233 0.2039 0.1434 
        H515  4 0.1713 0.1701 0.1340 0.1274 0.1789 0.2183 
        H516  4 0.1637 0.1611 0.1606 0.2178 0.1414 0.1553 
        H517  4 0.1521 0.2031 0.2142 0.1625 0.1206 0.1475 
        H518  4 0.1474 0.1266 0.1284 0.1814 0.3060 0.1102 
        H520  4 0.1721 0.1557 0.1367 0.1505 0.2436 0.1415 
        H521  4 0.1538 0.1841 0.2162 0.1777 0.1335 0.1348 
        H522  4 0.2316 0.1699 0.1557 0.1570 0.1247 0.1611 
        H523  4 0.1659 0.1661 0.1742 0.1508 0.1528 0.1901 
        H536  4 0.1517 0.1708 0.1992 0.2164 0.1108 0.1511 
        H645  4 0.1202 0.1501 0.2804 0.1103 0.1790 0.1600 
        H646  4 0.1292 0.2104 0.2856 0.1970 0.0756 0.1022 
        H647  4 0.2379 0.2043 0.1585 0.1806 0.1060 0.1127 
        H657  4 0.1568 0.2074 0.1870 0.1989 0.0829 0.1670 
        H658  4 0.1931 0.1811 0.2107 0.1514 0.1212 0.1426 
        H659  4 0.2279 0.1570 0.0879 0.1073 0.2860 0.1338 
        H660  4 0.2118 0.1675 0.1175 0.1567 0.1602 0.1864 
        H661  4 0.2263 0.1570 0.0992 0.1559 0.2168 0.1447 
        H668  4 0.1785 0.1174 0.1644 0.1441 0.0812 0.3144 
        H669  4 0.1472 0.1719 0.1999 0.1412 0.1742 0.1656 
        H670  4 0.1686 0.1068 0.1865 0.0956 0.1534 0.2891 
        H678  4 0.2228 0.2273 0.1389 0.1412 0.1095 0.1603 
        H679  4 0.1584 0.2305 0.2159 0.1618 0.0839 0.1494 
        H680  4 0.1819 0.2002 0.1259 0.2192 0.1295 0.1432 
        H681  4 0.1800 0.1246 0.1519 0.1634 0.1654 0.2148 
        H682  4 0.1959 0.1997 0.1814 0.1344 0.0855 0.2031 
        H683  4 0.1509 0.1614 0.1241 0.1553 0.3069 0.1014 
        H718  4 0.0948 0.1332 0.1479 0.1094 0.4369 0.0777 
        H719  4 0.1211 0.1354 0.1815 0.1402 0.2827 0.1392 
        H720  4 0.1899 0.1576 0.1067 0.1643 0.2368 0.1447 
        H721  4 0.1607 0.1424 0.1295 0.1889 0.2381 0.1404 
        H722  4 0.1448 0.1384 0.1115 0.2544 0.2377 0.1131 
        H723  4 0.1213 0.1832 0.1688 0.1137 0.2793 0.1337 
        H724  4 0.1126 0.1300 0.1230 0.0919 0.4658 0.0766 
        H725  4 0.1138 0.1127 0.0894 0.1219 0.4594 0.1027 
        H726  4 0.1420 0.1406 0.1185 0.1493 0.2866 0.1630 
        H727  4 0.1233 0.1603 0.1736 0.1219 0.2551 0.1659 
        H910  4 0.1458 0.1509 0.1743 0.1226 0.2125 0.1939 
        H911  4 0.1332 0.2488 0.1781 0.1773 0.1227 0.1400 
        H912  4 0.2011 0.1866 0.1219 0.1874 0.1535 0.1494 
        H913  4 0.2025 0.1784 0.1870 0.1492 0.1563 0.1267 
        H914  4 0.1521 0.1709 0.2026 0.1010 0.1947 0.1788 
        H915  4 0.2008 0.2119 0.1294 0.1549 0.1213 0.1817 
        H916  4 0.1851 0.2021 0.1368 0.1747 0.0983 0.2030 
       H9572  4 0.1889 0.1912 0.1143 0.1395 0.2341 0.1320 
        H015  5 0.1873 0.1578 0.1125 0.2088 0.1283 0.2053 
        H016  5 0.1955 0.1575 0.1368 0.2829 0.0882 0.1390 
        H017  5 0.2489 0.1700 0.1211 0.1741 0.0976 0.1882 
        H019  5 0.1849 0.1279 0.1295 0.2191 0.1569 0.1817 
        H020  5 0.1581 0.1617 0.2267 0.1628 0.1520 0.1388 
        H032  5 0.1517 0.1586 0.1372 0.1718 0.2104 0.1702 
        H033  5 0.1775 0.1404 0.1798 0.1680 0.1057 0.2287 
        H034  5 0.1387 0.1148 0.1335 0.1069 0.2830 0.2231 
        H035  5 0.1893 0.1958 0.1912 0.1657 0.1285 0.1295 
        H036  5 0.1490 0.2011 0.2135 0.1816 0.1209 0.1339 
        H037  5 0.2140 0.1584 0.1595 0.1350 0.1725 0.1606 
        H048  5 0.1095 0.1701 0.1633 0.1220 0.3393 0.0958 
        H049  5 0.1838 0.1220 0.1441 0.2329 0.1577 0.1595 
        H054  5 0.1182 0.1747 0.1641 0.2141 0.1840 0.1449 
        H055  5 0.1757 0.1012 0.1393 0.1588 0.2016 0.2233 
        H057  5 0.1822 0.1096 0.0975 0.3291 0.1284 0.1532 
        H060  5 0.2091 0.0894 0.1366 0.1492 0.1418 0.2739 
        H061  5 0.1629 0.1614 0.2149 0.1676 0.0998 0.1934 
        H064  5 0.1520 0.1292 0.1564 0.1619 0.2650 0.1354 
        H070  5 0.1655 0.1344 0.1627 0.1072 0.1621 0.2682 
        H077  5 0.1430 0.1185 0.0822 0.1279 0.3705 0.1579 
        H078  5 0.2049 0.1622 0.1203 0.1778 0.2068 0.1280 
        H079  5 0.1461 0.1992 0.3158 0.1348 0.0666 0.1376 
        H097  5 0.2093 0.1273 0.0804 0.2292 0.1750 0.1787 
        H107  5 0.1032 0.1055 0.1096 0.0886 0.4829 0.1102 
        H122  5 0.2281 0.1826 0.1559 0.1770 0.1021 0.1544 
        H123  5 0.1569 0.2421 0.1992 0.1879 0.0793 0.1346 
        H124  5 0.1429 0.2259 0.2497 0.1839 0.0786 0.1189 
        H131  5 0.1431 0.1929 0.2528 0.1479 0.1187 0.1446 
        H132  5 0.1378 0.1873 0.1852 0.1477 0.1985 0.1435 
        H141  5 0.2050 0.1608 0.1417 0.1498 0.1668 0.1759 
        H142  5 0.2352 0.1314 0.1320 0.1614 0.0730 0.2671 
        H157  5 0.1426 0.1456 0.1463 0.1331 0.3012 0.1311 
        H158  5 0.1797 0.1603 0.1872 0.2569 0.0714 0.1445 
        H159  5 0.1785 0.1801 0.1519 0.1809 0.1170 0.1916 
        H160  5 0.2114 0.1672 0.1572 0.1783 0.1534 0.1325 
        H163  5 0.1745 0.1493 0.1472 0.1689 0.1158 0.2443 
        H164  5 0.2002 0.1419 0.1280 0.1652 0.1263 0.2384 
        H165  5 0.1530 0.1839 0.2588 0.1556 0.0721 0.1766 
        H166  5 0.1657 0.1483 0.2058 0.2052 0.1260 0.1490 
        H169  5 0.2081 0.1167 0.1626 0.1618 0.1054 0.2454 
     H169613  5 0.2026 0.1170 0.1287 0.1717 0.1585 0.2215 
     H169653  5 0.1698 0.1161 0.1472 0.2026 0.1347 0.2295 
     H169728  5 0.2006 0.1781 0.1388 0.1891 0.1134 0.1801 
     H169742  5 0.1492 0.1760 0.2781 0.1329 0.1062 0.1576 
        H170  5 0.1762 0.1191 0.1005 0.2745 0.1600 0.1697 
        H171  5 0.1592 0.1419 0.1265 0.3028 0.1154 0.1542 
     H171851  5 0.1832 0.1170 0.1304 0.2181 0.1528 0.1985 
     H171852  5 0.1966 0.1745 0.1280 0.1634 0.2187 0.1187 
     H171853  5 0.1476 0.1736 0.1400 0.1314 0.2434 0.1640 
     H171854  5 0.1972 0.1738 0.1056 0.1658 0.1465 0.2111 
     H171938  5 0.1591 0.1485 0.2055 0.1400 0.1166 0.2303 
     H171939  5 0.1868 0.1811 0.1814 0.2229 0.1017 0.1261 
     H171941  5 0.1214 0.0868 0.1344 0.1188 0.3950 0.1436 
     H171965  5 0.2277 0.0988 0.1146 0.1853 0.0872 0.2864 
     H171970  5 0.0899 0.0854 0.0809 0.0868 0.5537 0.1033 
     H171973  5 0.1595 0.1795 0.2397 0.1763 0.0842 0.1607 
     H171974  5 0.1589 0.1567 0.1938 0.1469 0.1381 0.2056 
     H171975  5 0.1164 0.1440 0.1447 0.1345 0.3294 0.1310 
     H171976  5 0.2076 0.1298 0.1002 0.2427 0.1617 0.1581 
        H175  5 0.1270 0.1704 0.1959 0.1437 0.2551 0.1079 
        H178  5 0.1531 0.1245 0.1756 0.1733 0.2003 0.1733 
        H189  5 0.1829 0.1738 0.1906 0.1721 0.0728 0.2077 
        H399  5 0.1528 0.1815 0.1175 0.3070 0.1376 0.1037 
        H416  5 0.1718 0.1901 0.1843 0.1365 0.1456 0.1717 
        H438  5 0.1555 0.1951 0.1951 0.1281 0.1466 0.1797 
        H450  5 0.1974 0.0942 0.1210 0.1161 0.2069 0.2644 
        H455  5 0.0890 0.0964 0.1302 0.0828 0.4956 0.1059 
        H456  5 0.1537 0.1833 0.2465 0.1413 0.1233 0.1519 
        H457  5 0.1446 0.1039 0.0909 0.1957 0.3064 0.1584 
        H458  5 0.1517 0.1383 0.1675 0.1388 0.2091 0.1947 
        H459  5 0.1879 0.1600 0.1882 0.2335 0.0748 0.1556 
        H460  5 0.2293 0.1885 0.1437 0.1322 0.1091 0.1972 
        H461  5 0.1973 0.1399 0.1148 0.2380 0.1283 0.1816 
        H462  5 0.1435 0.1878 0.2737 0.1512 0.1051 0.1386 
        H469  5 0.1460 0.2239 0.1701 0.1601 0.1002 0.1997 
        H470  5 0.1932 0.1849 0.1173 0.1508 0.1547 0.1990 
        H471  5 0.1940 0.1880 0.1605 0.2712 0.0704 0.1159 
        H481  5 0.1235 0.1271 0.1371 0.1029 0.4022 0.1072 
        H482  5 0.2000 0.1323 0.1094 0.1519 0.1944 0.2119 
        H501  5 0.1918 0.1800 0.1762 0.1830 0.1310 0.1381 
        H502  5 0.1917 0.1522 0.1632 0.2246 0.0737 0.1947 
        H503  5 0.1795 0.1779 0.1635 0.1930 0.1025 0.1837 
        H509  5 0.1280 0.1681 0.1403 0.1029 0.3604 0.1003 
        H510  5 0.1785 0.1029 0.1151 0.1615 0.1724 0.2695 
        H511  5 0.2009 0.1394 0.1299 0.1853 0.0931 0.2513 
        H530  5 0.1515 0.1724 0.2141 0.1448 0.1850 0.1322 
        H531  5 0.2132 0.1812 0.1331 0.1365 0.2537 0.0824 
        H564  5 0.1993 0.1508 0.1492 0.1700 0.1899 0.1408 
        H565  5 0.1570 0.1359 0.1170 0.1333 0.3413 0.1156 
        H567  5 0.1326 0.2267 0.2917 0.1707 0.0718 0.1067 
     H568???  5 0.1706 0.1409 0.1362 0.2926 0.0995 0.1602 
        H608  5 0.2028 0.0932 0.1228 0.1058 0.1987 0.2767 
        H609  5 0.1315 0.1367 0.2403 0.1473 0.1604 0.1838 
        H612  5 0.1345 0.1595 0.1762 0.0970 0.2918 0.1410 
        H614  5 0.2011 0.1493 0.1222 0.1508 0.2687 0.1079 
        H615  5 0.2289 0.1633 0.1249 0.1633 0.1993 0.1203 
        H616  5 0.0913 0.1151 0.1435 0.0858 0.4299 0.1343 
        H617  5 0.1608 0.2028 0.2219 0.1576 0.0796 0.1773 
        H618  5 0.1091 0.1497 0.1358 0.1192 0.3741 0.1120 
        H619  5 0.1602 0.1296 0.2621 0.1410 0.0979 0.2092 
        H635  5 0.1712 0.1207 0.1218 0.1674 0.1858 0.2331 
        H636  5 0.1728 0.1376 0.2107 0.1083 0.0844 0.2862 
        H637  5 0.1725 0.1572 0.1979 0.1511 0.1726 0.1486 
        H644  5 0.1521 0.1652 0.1572 0.3339 0.0647 0.1269 
        H711  5 0.2108 0.1522 0.1292 0.2491 0.0953 0.1633 
        H712  5 0.1099 0.1654 0.2179 0.1197 0.2645 0.1226 
       H7360  5 0.1865 0.1229 0.1148 0.2261 0.1924 0.1573 
       H7361  5 0.1449 0.1190 0.1037 0.1466 0.2941 0.1917 
       H7362  5 0.1533 0.1628 0.1527 0.3403 0.0722 0.1187 
       H7363  5 0.1603 0.1547 0.1576 0.1526 0.2004 0.1744 
       H7394  5 0.1882 0.1504 0.1560 0.1701 0.0798 0.2555 
       H7395  5 0.1735 0.1243 0.1558 0.1601 0.1402 0.2461 
       H7396  5 0.2135 0.1686 0.1816 0.1501 0.1001 0.1861 
        H742  5 0.1523 0.1681 0.2855 0.1331 0.1065 0.1545 
        H743  5 0.1394 0.1927 0.2324 0.1489 0.1857 0.1009 
        H744  5 0.1020 0.1682 0.1851 0.1058 0.3457 0.0933 
        H957  5 0.2226 0.1306 0.1035 0.2137 0.1149 0.2146 
        H958  5 0.1968 0.1825 0.1969 0.1690 0.1079 0.1469 
        H959  5 0.1562 0.1260 0.1362 0.1313 0.2753 0.1751 
        H960  5 0.1406 0.2053 0.2233 0.1373 0.1523 0.1412 
      H_PALI  6 0.2193 0.1543 0.1211 0.1734 0.1064 0.2255 
        H581  6 0.1966 0.1801 0.1538 0.1551 0.1925 0.1218 
        H582  6 0.1499 0.1042 0.0890 0.1374 0.4195 0.1000 
        H583  6 0.1829 0.1859 0.1479 0.1728 0.1778 0.1325 
        H595  6 0.2001 0.2311 0.1445 0.1832 0.0684 0.1726 
        H596  6 0.1637 0.2365 0.1739 0.1681 0.0676 0.1903 
        H597  6 0.1346 0.1699 0.1599 0.2703 0.0830 0.1823 
        H598  6 0.1465 0.1502 0.1680 0.1401 0.1759 0.2194 
        H599  6 0.1268 0.1418 0.1897 0.1347 0.3080 0.0989 
        H642  6 0.1980 0.2044 0.1206 0.2205 0.0998 0.1567 
        H643  6 0.1373 0.2016 0.2006 0.1498 0.1445 0.1663 
        H664  6 0.2517 0.1981 0.0865 0.1464 0.2024 0.1150 
        H665  6 0.1636 0.1462 0.2111 0.1247 0.1086 0.2458 
        H674  6 0.1812 0.1693 0.1441 0.2482 0.0829 0.1744 
        H675  6 0.1606 0.1515 0.1475 0.1723 0.2169 0.1512 
        H676  6 0.1733 0.1835 0.0965 0.1657 0.1144 0.2665 
        H686  6 0.2236 0.1267 0.1256 0.1916 0.1238 0.2087 
        H687  6 0.1933 0.1822 0.1357 0.1966 0.1297 0.1625 
        H917  6 0.1598 0.2141 0.1989 0.1448 0.0823 0.2001 
        H918  6 0.1739 0.1453 0.2298 0.1838 0.1125 0.1547 
        H919  6 0.1172 0.1434 0.1618 0.1018 0.3525 0.1232 
        H920  6 0.1540 0.1436 0.0975 0.1631 0.2487 0.1931 
        H631  7 0.1746 0.1226 0.1233 0.1727 0.2268 0.1800 
        H684  7 0.2031 0.0937 0.0931 0.2344 0.0903 0.2855 
        H685  7 0.1637 0.2026 0.1848 0.1044 0.2470 0.0975 
        H713  7 0.1769 0.1455 0.1070 0.1165 0.3049 0.1492 
        H715  7 0.2003 0.1232 0.1003 0.2127 0.1071 0.2565 
        H716  7 0.1260 0.0963 0.1812 0.1786 0.2462 0.1717 
        H717  7 0.1401 0.1557 0.1688 0.1748 0.2279 0.1326 
        H729  7 0.1362 0.2111 0.3120 0.1327 0.0655 0.1426 
        H730  7 0.0949 0.2240 0.3205 0.0996 0.1653 0.0956 
        H431  8 0.1486 0.2030 0.1350 0.1380 0.2204 0.1549 
        H432  8 0.1396 0.1433 0.1725 0.2812 0.0951 0.1683 
        H433  8 0.1515 0.1823 0.1875 0.1573 0.1230 0.1984 
        H434  8 0.1746 0.1839 0.2028 0.1633 0.0947 0.1807 
        H444  8 0.1366 0.1399 0.1732 0.1630 0.1820 0.2052 
        H454  8 0.1033 0.1171 0.1291 0.1088 0.4353 0.1065 
        H475  8 0.1595 0.1157 0.0910 0.1041 0.3208 0.2090 
        H491  8 0.1788 0.1075 0.1247 0.1548 0.2242 0.2099 
        H492  8 0.2002 0.1794 0.1603 0.1460 0.1905 0.1238 
        H493  8 0.1993 0.1494 0.1397 0.2156 0.1252 0.1708 
        H494  8 0.1385 0.1658 0.1883 0.1536 0.2136 0.1402 
        H495  8 0.2264 0.1609 0.0874 0.1378 0.2278 0.1597 
        H662  8 0.2312 0.1979 0.1565 0.2075 0.1106 0.0963 
        H663  8 0.1602 0.1969 0.1914 0.1534 0.1447 0.1534 
        H695  8 0.1448 0.1893 0.1950 0.1590 0.1668 0.1451 
       H7367  8 0.1288 0.2580 0.2948 0.1294 0.0694 0.1196 
       H7368  8 0.1654 0.1472 0.1259 0.2166 0.1044 0.2405 
       H7369  8 0.1427 0.1856 0.1973 0.1294 0.1787 0.1664 
       H7370  8 0.1865 0.2441 0.2627 0.1337 0.0582 0.1148 
       H7371  8 0.1734 0.1947 0.2115 0.1556 0.1097 0.1552 
        H600  9 0.1782 0.1263 0.1366 0.1417 0.2151 0.2021 
        H648  9 0.1606 0.1528 0.1203 0.1970 0.1777 0.1916 
        H696  9 0.2123 0.2089 0.1565 0.2367 0.0649 0.1207 
        H697  9 0.1369 0.2282 0.1801 0.1404 0.1639 0.1505 
        H698  9 0.1389 0.2600 0.1925 0.1596 0.1207 0.1283 
        H699  9 0.1443 0.1860 0.1871 0.1806 0.1712 0.1309 
        H700  9 0.2213 0.0985 0.1496 0.1177 0.1377 0.2752 
        H732  9 0.1361 0.1336 0.1262 0.1481 0.3698 0.0862 
        H733  9 0.1495 0.2704 0.1610 0.1467 0.0875 0.1849 
        H734  9 0.2598 0.1900 0.1364 0.1891 0.0621 0.1626 
        H735  9 0.1774 0.2686 0.1651 0.1398 0.1037 0.1455 
        H736  9 0.2312 0.1870 0.1566 0.1609 0.1078 0.1564 
        H737  9 0.1181 0.1968 0.2377 0.1268 0.1725 0.1480 
        H905  9 0.1523 0.1143 0.1492 0.1252 0.2135 0.2454 
        H921  9 0.1500 0.1724 0.1953 0.1347 0.1796 0.1681 
        H922  9 0.1718 0.2174 0.1974 0.1630 0.0785 0.1719 
     H169705 10 0.1365 0.2663 0.2553 0.1183 0.0928 0.1307 
     H171942 10 0.1365 0.1434 0.1696 0.2712 0.1072 0.1720 
     H171943 10 0.1831 0.1661 0.1951 0.1595 0.1040 0.1922 
     H171944 10 0.1939 0.2116 0.1839 0.1373 0.0909 0.1823 
     H171946 10 0.2480 0.1886 0.1064 0.1767 0.1651 0.1153 
     H171947 10 0.1758 0.1742 0.2094 0.1768 0.1102 0.1537 
     H229641 10 0.1648 0.1875 0.1233 0.1726 0.1795 0.1723 
      H30001 10 0.1718 0.1598 0.1381 0.1621 0.1561 0.2121 
      H30002 10 0.1971 0.1429 0.1958 0.1318 0.1132 0.2192 
      H30005 10 0.1423 0.2629 0.1876 0.1480 0.1060 0.1531 
      H30006 10 0.1079 0.2269 0.3160 0.1451 0.1211 0.0829 
      H30007 10 0.1997 0.1886 0.1616 0.2421 0.0578 0.1501 
        H451 10 0.1674 0.1448 0.1168 0.1766 0.1158 0.2786 
        H452 10 0.1362 0.2874 0.1965 0.1290 0.1254 0.1256 
        H453 10 0.1378 0.1034 0.1010 0.1561 0.3641 0.1376 
        H473 10 0.1433 0.1429 0.1655 0.1665 0.2377 0.1440 
        H474 10 0.1895 0.1415 0.0859 0.1338 0.3324 0.1169 
        H486 10 0.1417 0.1728 0.1546 0.1339 0.2617 0.1353 
        H487 10 0.1348 0.1675 0.1904 0.1460 0.2201 0.1412 
        H488 10 0.1327 0.1342 0.1783 0.1426 0.2207 0.1915 
        H489 10 0.1618 0.1676 0.1595 0.1371 0.2571 0.1168 
        H550 10 0.2695 0.1809 0.1175 0.2173 0.0693 0.1454 
        H551 10 0.1342 0.2368 0.2834 0.1110 0.1283 0.1063 
        H553 10 0.1098 0.1909 0.2063 0.1157 0.2941 0.0832 
        H554 10 0.2077 0.1509 0.1177 0.1932 0.1026 0.2280 
        H556 10 0.1714 0.2066 0.2011 0.1742 0.1572 0.0895 
        H580 10 0.1379 0.1911 0.2361 0.1724 0.1050 0.1575 
        H591 10 0.1262 0.1543 0.1366 0.1003 0.3808 0.1018 
        H592 10 0.1982 0.1960 0.1477 0.1372 0.1848 0.1360 
        H593 10 0.2015 0.1427 0.1393 0.1919 0.1088 0.2157 
        H594 10 0.1622 0.1943 0.1982 0.2486 0.0681 0.1285 
        H627 10 0.2125 0.1443 0.1168 0.2092 0.1500 0.1671 
        H628 10 0.1242 0.1898 0.2673 0.1633 0.0663 0.1890 
        H629 10 0.1865 0.1675 0.1133 0.1994 0.1919 0.1414 
        H630 10 0.2343 0.2433 0.1667 0.1239 0.0977 0.1341 
        H638 10 0.1987 0.2494 0.1352 0.1398 0.1077 0.1691 
        H639 10 0.1205 0.1237 0.1032 0.1548 0.4123 0.0855 
        H640 10 0.1915 0.1968 0.1645 0.1958 0.0817 0.1698 
        H704 10 0.1435 0.1770 0.1846 0.2571 0.0867 0.1511 
        H705 10 0.1367 0.2736 0.2576 0.1160 0.0951 0.1210 
        H706 10 0.1090 0.1714 0.2110 0.1225 0.2265 0.1596 
        H708 10 0.2374 0.2000 0.1280 0.1193 0.1909 0.1243 
       H7351 10 0.2016 0.1403 0.1409 0.2130 0.1366 0.1676 
       H7352 10 0.1375 0.1676 0.1721 0.1794 0.1921 0.1513 
       H7353 10 0.1277 0.1437 0.1153 0.3525 0.1181 0.1427 
       H7354 10 0.1847 0.0926 0.1326 0.1325 0.1820 0.2756 
       H7365 10 0.1409 0.1493 0.1309 0.1167 0.3394 0.1227 
       H7383 10 0.1609 0.1296 0.1577 0.1348 0.2042 0.2128 
       H7384 10 0.1314 0.1506 0.2154 0.1403 0.1544 0.2079 
       H7385 10 0.1525 0.1390 0.1554 0.1065 0.2081 0.2385 
       H7386 10 0.1330 0.1836 0.1835 0.1850 0.1452 0.1697 
       H7387 10 0.1824 0.1513 0.1544 0.1674 0.0939 0.2505 
       H7388 10 0.1155 0.2633 0.2102 0.1304 0.1465 0.1341 
        H906 10 0.1371 0.1070 0.1130 0.2161 0.3027 0.1242 
        H907 10 0.1788 0.1898 0.1246 0.2132 0.0857 0.2079 
        H908 10 0.1930 0.1671 0.1291 0.1501 0.1383 0.2224 
        H909 10 0.1846 0.0946 0.1641 0.1390 0.1564 0.2613 
       H9552 10 0.1484 0.1632 0.1721 0.2108 0.1490 0.1565 
       H9553 10 0.1044 0.2286 0.2631 0.1201 0.1952 0.0886 
       H9555 10 0.1626 0.2239 0.2080 0.1381 0.0839 0.1835 
       H9575 10 0.2085 0.1499 0.1118 0.1779 0.2209 0.1310 
       H9703 10 0.0971 0.1430 0.1807 0.0977 0.3895 0.0920 
       H9707 10 0.1393 0.1499 0.1491 0.1384 0.2881 0.1352 
       HSAA4 10 0.1380 0.1993 0.2216 0.1717 0.1073 0.1621 
        H001 11 0.1404 0.1506 0.1766 0.1623 0.1889 0.1811 
        H004 11 0.2034 0.1496 0.1442 0.1707 0.1240 0.2080 
        H005 11 0.1341 0.0955 0.1025 0.1110 0.3796 0.1774 
        H006 11 0.1788 0.1396 0.1622 0.1457 0.1087 0.2651 
        H007 11 0.1121 0.1423 0.2270 0.1103 0.2645 0.1438 
        H031 11 0.1433 0.1735 0.1422 0.0915 0.3404 0.1091 
        H074 11 0.1553 0.1415 0.1103 0.1340 0.3491 0.1098 
        H075 11 0.1616 0.1825 0.2001 0.0955 0.1906 0.1696 
        H080 11 0.1156 0.1561 0.1245 0.1240 0.3363 0.1435 
        H086 11 0.1237 0.2058 0.2394 0.1355 0.1321 0.1635 
        H092 11 0.1438 0.1626 0.1706 0.1410 0.1951 0.1868 
        H093 11 0.1723 0.1385 0.1594 0.2939 0.0889 0.1470 
        H094 11 0.2199 0.1931 0.1440 0.1936 0.0849 0.1645 
        H095 11 0.1349 0.1259 0.1630 0.1565 0.2623 0.1573 
        H096 11 0.1503 0.1337 0.1831 0.1363 0.2075 0.1891 
        H099 11 0.1602 0.1854 0.1344 0.1489 0.1980 0.1730 
        H100 11 0.1565 0.1298 0.2579 0.2315 0.0690 0.1552 
        H127 11 0.1105 0.2022 0.2347 0.1421 0.2023 0.1081 
        H136 11 0.1894 0.1514 0.1172 0.1407 0.2574 0.1438 
        H153 11 0.1911 0.1354 0.1201 0.1940 0.1416 0.2178 
        H154 11 0.1903 0.1542 0.1154 0.1192 0.2966 0.1242 
        H155 11 0.1108 0.2300 0.2974 0.1246 0.0972 0.1400 
