        H102  1 0.1234 0.0875 0.0959 0.0928 0.0862 0.0820 0.0864 0.0873 0.0847 0.0851 0.0888 
        H103  1 0.0924 0.0901 0.0834 0.0986 0.0873 0.0900 0.0963 0.0934 0.0863 0.0895 0.0927 
        H104  1 0.0913 0.0864 0.0985 0.0912 0.0910 0.0919 0.0868 0.0908 0.0980 0.0845 0.0897 
        H105  1 0.1025 0.0993 0.0820 0.0894 0.0879 0.0917 0.0911 0.0900 0.0829 0.0940 0.0892 
        H106  1 0.0813 0.0918 0.0898 0.0987 0.0866 0.0935 0.0928 0.0913 0.0918 0.0910 0.0917 
        H112  1 0.0996 0.1009 0.0926 0.0905 0.0925 0.0899 0.0855 0.0899 0.0867 0.0863 0.0855 
        H113  1 0.0932 0.0861 0.0918 0.0865 0.1079 0.0930 0.0878 0.0908 0.0872 0.0882 0.0873 
        H114  1 0.0994 0.0834 0.0921 0.0869 0.1028 0.0902 0.0876 0.0919 0.0888 0.0884 0.0886 
        H115  1 0.0996 0.0913 0.1044 0.0909 0.0867 0.0901 0.0847 0.0945 0.0901 0.0841 0.0837 
        H143  1 0.1151 0.0922 0.0886 0.0874 0.0917 0.0806 0.0926 0.0842 0.0875 0.0905 0.0895 
        H144  1 0.0969 0.0838 0.0875 0.0854 0.0883 0.0842 0.0926 0.0877 0.0897 0.1019 0.1021 
        H145  1 0.0876 0.0899 0.0987 0.0828 0.0930 0.0799 0.0984 0.0931 0.0860 0.0929 0.0976 
        H149  1 0.0919 0.0914 0.0881 0.0874 0.0819 0.1116 0.0866 0.0915 0.0977 0.0886 0.0831 
        H150  1 0.0902 0.0873 0.0945 0.0853 0.0923 0.0932 0.0877 0.0932 0.0901 0.0872 0.0989 
     H167542  1 0.0946 0.0841 0.0888 0.1025 0.0913 0.0847 0.0865 0.0961 0.0933 0.0917 0.0864 
     H169604  1 0.0999 0.0839 0.0942 0.0877 0.0910 0.0885 0.0906 0.0970 0.0905 0.0871 0.0897 
     H169607  1 0.0949 0.0853 0.0903 0.0869 0.0905 0.0930 0.0941 0.0907 0.0889 0.0920 0.0933 
     H169608  1 0.0917 0.1075 0.1167 0.0872 0.0856 0.0856 0.0856 0.0832 0.0884 0.0813 0.0872 
     H169633  1 0.0878 0.0869 0.0876 0.0926 0.0975 0.0834 0.0956 0.0949 0.0839 0.0955 0.0944 
     H169688  1 0.0872 0.0873 0.0859 0.0900 0.0896 0.0860 0.0981 0.0901 0.0944 0.0937 0.0976 
     H169714  1 0.0906 0.0873 0.0916 0.0942 0.0840 0.1010 0.0867 0.0891 0.1023 0.0867 0.0866 
     H171802  1 0.0893 0.1013 0.0911 0.0864 0.0988 0.0945 0.0881 0.0857 0.0926 0.0864 0.0858 
     H171805  1 0.0939 0.0878 0.0875 0.1035 0.0852 0.0891 0.0891 0.0931 0.0917 0.0882 0.0909 
     H171807  1 0.0898 0.0869 0.0932 0.0813 0.0863 0.0983 0.0902 0.0959 0.0891 0.0961 0.0928 
     H171814  1 0.0801 0.0874 0.0944 0.0829 0.1029 0.0763 0.0987 0.0854 0.0902 0.0982 0.1035 
     H171816  1 0.0904 0.0912 0.0950 0.0910 0.0917 0.0964 0.0889 0.0893 0.0863 0.0881 0.0916 
     H171817  1 0.0944 0.0860 0.0859 0.0953 0.0949 0.0942 0.0890 0.0959 0.0877 0.0882 0.0886 
     H171818  1 0.0915 0.0887 0.0846 0.0899 0.0860 0.0955 0.0936 0.0955 0.0919 0.0916 0.0913 
     H171819  1 0.0888 0.0881 0.1003 0.0883 0.0966 0.0886 0.0897 0.0894 0.0923 0.0871 0.0909 
     H171834  1 0.1107 0.0905 0.0888 0.0886 0.0861 0.0892 0.0903 0.0904 0.0881 0.0896 0.0876 
     H171835  1 0.0832 0.0850 0.1183 0.0859 0.1020 0.0930 0.0844 0.0904 0.0933 0.0797 0.0847 
     H171836  1 0.0899 0.0856 0.0846 0.0895 0.0939 0.0825 0.0975 0.0995 0.0833 0.1001 0.0936 
     H171837  1 0.0847 0.0856 0.1080 0.0921 0.0985 0.0849 0.0885 0.0895 0.0933 0.0865 0.0884 
     H171838  1 0.0862 0.0901 0.0862 0.0880 0.0868 0.1064 0.0922 0.0989 0.0881 0.0890 0.0879 
     H171839  1 0.0945 0.0881 0.1031 0.0848 0.0938 0.0954 0.0860 0.0910 0.0926 0.0854 0.0852 
     H171841  1 0.0922 0.1337 0.0873 0.0826 0.0882 0.0853 0.0872 0.0861 0.0832 0.0860 0.0882 
     H171860  1 0.0943 0.0876 0.0929 0.0874 0.0996 0.0853 0.0872 0.0954 0.0918 0.0918 0.0866 
     H171861  1 0.1039 0.0844 0.0837 0.0902 0.0914 0.0819 0.0939 0.1031 0.0866 0.0899 0.0910 
     H171862  1 0.0925 0.0843 0.0991 0.0887 0.0885 0.0861 0.0930 0.0932 0.0953 0.0894 0.0899 
     H171868  1 0.1183 0.0903 0.0846 0.0869 0.0876 0.0949 0.0861 0.0908 0.0857 0.0903 0.0844 
     H171869  1 0.0822 0.0862 0.0955 0.0936 0.0889 0.0813 0.0971 0.0840 0.0948 0.0972 0.0993 
     H171870  1 0.0874 0.0904 0.0837 0.0877 0.0869 0.0985 0.0948 0.0932 0.0903 0.0938 0.0932 
     H171871  1 0.0862 0.0903 0.0880 0.0871 0.0868 0.0878 0.0968 0.0974 0.0887 0.0937 0.0972 
     H171872  1 0.1011 0.0863 0.0963 0.0861 0.0950 0.0914 0.0892 0.0900 0.0898 0.0873 0.0876 
     H171873  1 0.0837 0.0869 0.0910 0.0949 0.0901 0.0901 0.0946 0.0862 0.0971 0.0901 0.0955 
     H171874  1 0.1214 0.0867 0.0838 0.0863 0.0863 0.0844 0.0901 0.0885 0.0884 0.0942 0.0899 
     H171875  1 0.1037 0.0848 0.0834 0.0884 0.0929 0.0800 0.0949 0.0937 0.0913 0.0951 0.0917 
     H171876  1 0.1101 0.0814 0.0885 0.0887 0.0874 0.0864 0.0914 0.0916 0.0910 0.0941 0.0894 
     H171877  1 0.0853 0.0840 0.0963 0.0946 0.0995 0.0858 0.0870 0.0958 0.0851 0.0979 0.0887 
     H171878  1 0.0882 0.0940 0.0916 0.0935 0.0878 0.0922 0.0943 0.0890 0.0882 0.0891 0.0921 
     H171901  1 0.0847 0.0957 0.0845 0.1204 0.0828 0.0890 0.0855 0.0904 0.0973 0.0849 0.0848 
     H171902  1 0.0895 0.0899 0.0912 0.0806 0.0907 0.0938 0.0972 0.0876 0.0919 0.0902 0.0974 
     H171903  1 0.1071 0.0875 0.0890 0.0926 0.0885 0.0928 0.0887 0.0892 0.0884 0.0878 0.0885 
     H171935  1 0.0881 0.0891 0.0894 0.0852 0.0875 0.0964 0.0925 0.0925 0.0955 0.0916 0.0923 
     H171936  1 0.0895 0.0857 0.0855 0.0996 0.0999 0.0829 0.0938 0.0879 0.0920 0.0938 0.0894 
     H171940  1 0.0944 0.0931 0.0839 0.0836 0.0861 0.0989 0.0906 0.0927 0.0919 0.0975 0.0873 
     H171945  1 0.0875 0.0991 0.0925 0.0859 0.0893 0.0805 0.0968 0.0871 0.0908 0.0942 0.0963 
     H171948  1 0.0997 0.1056 0.0848 0.0847 0.0863 0.1040 0.0837 0.0930 0.0857 0.0877 0.0849 
     H171949  1 0.0846 0.0913 0.0909 0.0871 0.0873 0.1106 0.0876 0.0971 0.0881 0.0881 0.0873 
     H171950  1 0.0909 0.0900 0.0918 0.1001 0.0842 0.0967 0.0843 0.0901 0.1050 0.0817 0.0852 
     H171963  1 0.0829 0.0856 0.0845 0.0954 0.0907 0.0899 0.0999 0.0849 0.0892 0.1011 0.0959 
     H171964  1 0.0833 0.0867 0.0957 0.0745 0.0928 0.0860 0.0976 0.0854 0.0968 0.0982 0.1031 
     H171966  1 0.0912 0.0889 0.0890 0.0888 0.0919 0.0964 0.0911 0.0916 0.0876 0.0931 0.0905 
     H171968  1 0.1003 0.0898 0.0919 0.0872 0.0858 0.0836 0.0940 0.0885 0.0936 0.0895 0.0957 
     H171971  1 0.0924 0.0917 0.0828 0.1043 0.0842 0.0953 0.0888 0.0951 0.0844 0.0919 0.0891 
     H171972  1 0.1017 0.0867 0.0862 0.0877 0.0891 0.0864 0.0954 0.0936 0.0870 0.0936 0.0926 
     H171977  1 0.0755 0.0826 0.1002 0.0819 0.0959 0.0830 0.0966 0.0922 0.0939 0.0957 0.1027 
     H171978  1 0.0969 0.0958 0.0844 0.0980 0.0891 0.0877 0.0904 0.0879 0.0907 0.0884 0.0907 
     H171979  1 0.0883 0.0869 0.0850 0.0831 0.0908 0.1002 0.0942 0.1002 0.0815 0.0976 0.0923 
        H176  1 0.0891 0.0916 0.0901 0.0884 0.1041 0.0819 0.0921 0.0870 0.0920 0.0919 0.0916 
        H177  1 0.0966 0.1003 0.0969 0.1056 0.0800 0.0864 0.0842 0.0873 0.0925 0.0856 0.0845 
        H179  1 0.0921 0.0921 0.0817 0.1002 0.0921 0.1000 0.0836 0.0845 0.1043 0.0862 0.0832 
        H181  1 0.0874 0.0888 0.0833 0.0815 0.0923 0.0981 0.1002 0.0922 0.0827 0.0989 0.0947 
        H182  1 0.0985 0.0852 0.0929 0.0923 0.0864 0.0864 0.0934 0.0973 0.0850 0.0894 0.0930 
        H183  1 0.0777 0.0906 0.0853 0.0851 0.0919 0.0978 0.1022 0.0879 0.0846 0.1005 0.0964 
        H184  1 0.1014 0.1131 0.0818 0.0851 0.0872 0.0942 0.0870 0.0918 0.0858 0.0883 0.0842 
        H185  1 0.0839 0.0895 0.0819 0.0899 0.0938 0.0929 0.0981 0.0882 0.0893 0.0955 0.0968 
        H186  1 0.1114 0.0918 0.0921 0.0870 0.0860 0.0871 0.0889 0.0793 0.0883 0.0897 0.0984 
        H187  1 0.0871 0.0942 0.0836 0.1156 0.0869 0.0857 0.0891 0.0913 0.0908 0.0872 0.0885 
        H188  1 0.0885 0.0854 0.0883 0.0833 0.1055 0.0949 0.0844 0.0905 0.0920 0.0984 0.0890 
        H192  1 0.0932 0.1012 0.0885 0.0874 0.0863 0.0992 0.0879 0.0909 0.0904 0.0886 0.0865 
        H193  1 0.1008 0.0876 0.0898 0.0897 0.0866 0.0832 0.0929 0.0925 0.0870 0.0939 0.0959 
        H194  1 0.0880 0.0897 0.0910 0.0853 0.0898 0.1055 0.0892 0.0898 0.0892 0.0936 0.0889 
        H195  1 0.0835 0.0933 0.0838 0.0881 0.0929 0.0806 0.0996 0.0851 0.0869 0.1001 0.1059 
        H199  1 0.0842 0.0899 0.0875 0.0865 0.0937 0.0826 0.1002 0.0837 0.0885 0.1039 0.0992 
        H200  1 0.0866 0.0964 0.0886 0.0914 0.0957 0.0869 0.0885 0.0895 0.0942 0.0920 0.0901 
        H414  1 0.0925 0.0862 0.0951 0.0992 0.0856 0.0837 0.0897 0.0922 0.0911 0.0917 0.0930 
        H415  1 0.1017 0.0888 0.0908 0.0973 0.0966 0.0804 0.0885 0.0876 0.0893 0.0889 0.0902 
        H422  1 0.0975 0.0951 0.0908 0.0857 0.0907 0.0798 0.0950 0.0865 0.0911 0.0901 0.0979 
        H423  1 0.0865 0.1238 0.0889 0.0834 0.0870 0.0975 0.0846 0.0902 0.0897 0.0847 0.0837 
        H424  1 0.0843 0.0876 0.0879 0.0862 0.0944 0.0857 0.0964 0.0942 0.0887 0.0948 0.0998 
        H425  1 0.0805 0.0838 0.0924 0.0898 0.0908 0.0810 0.1012 0.0851 0.0920 0.0959 0.1075 
        H426  1 0.0822 0.0884 0.0900 0.0866 0.0906 0.0880 0.0984 0.0854 0.0965 0.0929 0.1009 
        H443  1 0.0985 0.0850 0.0949 0.0797 0.0868 0.0829 0.0944 0.0828 0.0922 0.1002 0.1026 
        H466  1 0.0891 0.0914 0.0877 0.0829 0.0889 0.1058 0.0883 0.0935 0.0862 0.0964 0.0899 
        H467  1 0.0841 0.0883 0.1026 0.0829 0.0890 0.1102 0.0872 0.0876 0.0981 0.0841 0.0858 
        H472  1 0.0809 0.0864 0.0878 0.0852 0.0935 0.1066 0.0922 0.0895 0.0880 0.0987 0.0913 
        H483  1 0.0991 0.0875 0.0843 0.0833 0.0853 0.0968 0.0952 0.0935 0.0833 0.0973 0.0944 
        H504  1 0.0856 0.0881 0.0890 0.0864 0.0996 0.0804 0.1016 0.0841 0.0911 0.0939 0.1003 
        H505  1 0.0853 0.0896 0.0815 0.1027 0.0892 0.0996 0.0874 0.0904 0.0928 0.0943 0.0872 
        H506  1 0.0947 0.0967 0.0875 0.0895 0.0892 0.0887 0.0960 0.0835 0.0893 0.0923 0.0926 
        H507  1 0.0810 0.0827 0.0886 0.0990 0.0894 0.0879 0.0961 0.0959 0.0872 0.0996 0.0925 
        H508  1 0.0842 0.0910 0.0932 0.0834 0.0865 0.1047 0.0926 0.0907 0.0928 0.0896 0.0912 
        H524  1 0.0824 0.0847 0.0821 0.1090 0.0928 0.0847 0.0940 0.0978 0.0887 0.0938 0.0899 
        H525  1 0.0904 0.0833 0.0974 0.0884 0.0932 0.0850 0.0915 0.0882 0.0926 0.0973 0.0927 
        H526  1 0.0940 0.0915 0.0853 0.0871 0.1011 0.0860 0.0926 0.0873 0.0865 0.0956 0.0931 
        H527  1 0.0991 0.0934 0.0827 0.1180 0.0857 0.0854 0.0858 0.0877 0.0917 0.0850 0.0857 
        H528  1 0.0959 0.0886 0.0861 0.0882 0.1007 0.0856 0.0900 0.0879 0.0900 0.0930 0.0940 
        H529  1 0.0856 0.0813 0.0891 0.0989 0.0877 0.0882 0.0901 0.0928 0.0911 0.0945 0.1007 
        H533  1 0.0937 0.0812 0.0851 0.1030 0.0845 0.0899 0.0924 0.1091 0.0832 0.0890 0.0892 
        H538  1 0.0860 0.0851 0.0952 0.0905 0.0877 0.0951 0.0893 0.0946 0.0927 0.0947 0.0890 
        H539  1 0.0869 0.0898 0.0868 0.1047 0.0852 0.0879 0.0947 0.0935 0.0898 0.0877 0.0928 
        H540  1 0.0924 0.0887 0.0909 0.0991 0.0884 0.0903 0.0922 0.0934 0.0864 0.0887 0.0895 
        H541  1 0.0955 0.0854 0.0904 0.1016 0.0890 0.0864 0.0878 0.0954 0.0935 0.0893 0.0857 
        H558  1 0.0897 0.0991 0.0828 0.0948 0.0873 0.0841 0.0968 0.0905 0.0868 0.0938 0.0942 
        H559  1 0.1112 0.0932 0.0845 0.0880 0.0886 0.0845 0.0896 0.0839 0.0921 0.0928 0.0916 
        H579  1 0.0973 0.0951 0.0877 0.0837 0.0894 0.0866 0.0951 0.0890 0.0866 0.0949 0.0946 
        H584  1 0.0832 0.0928 0.0899 0.0856 0.0962 0.0837 0.0967 0.0878 0.0943 0.0949 0.0951 
        H585  1 0.0859 0.0870 0.0821 0.0973 0.0904 0.0900 0.0924 0.0886 0.0944 0.0972 0.0949 
        H605  1 0.0894 0.0936 0.0871 0.0959 0.0878 0.0854 0.0935 0.0932 0.0918 0.0893 0.0929 
        H606  1 0.0960 0.0984 0.0882 0.1018 0.0856 0.0846 0.0875 0.0841 0.0995 0.0863 0.0880 
        H632  1 0.0874 0.0854 0.1021 0.0841 0.0894 0.0827 0.0967 0.0844 0.0951 0.0937 0.0990 
        H634  1 0.0903 0.0932 0.0838 0.1054 0.0889 0.0831 0.0889 0.0889 0.0935 0.0920 0.0921 
        H671  1 0.0880 0.0924 0.0929 0.0889 0.0959 0.0994 0.0886 0.0830 0.0969 0.0866 0.0875 
        H672  1 0.0810 0.0841 0.0833 0.1036 0.0996 0.0847 0.0904 0.0965 0.0933 0.0936 0.0899 
        H673  1 0.1013 0.0873 0.0847 0.0843 0.0879 0.0880 0.0921 0.0926 0.0834 0.1011 0.0973 
        H689  1 0.0906 0.0890 0.0936 0.0835 0.0922 0.0822 0.0927 0.0905 0.0932 0.0958 0.0967 
        H690  1 0.0986 0.0957 0.1040 0.0956 0.0898 0.0884 0.0832 0.0905 0.0880 0.0830 0.0832 
        H691  1 0.1003 0.0864 0.1022 0.0928 0.0847 0.0841 0.0888 0.0925 0.0914 0.0911 0.0856 
        H692  1 0.0996 0.0848 0.0807 0.0828 0.0888 0.0829 0.0945 0.0971 0.0792 0.1063 0.1032 
        H709  1 0.0942 0.0933 0.0900 0.0888 0.0898 0.0874 0.0906 0.1008 0.0885 0.0875 0.0892 
        H710  1 0.0975 0.0875 0.0876 0.0827 0.0904 0.0857 0.0943 0.0951 0.0853 0.0973 0.0965 
       H7355  1 0.0963 0.0855 0.1033 0.0892 0.0940 0.0860 0.0906 0.0935 0.0856 0.0865 0.0895 
       H7356  1 0.0875 0.0909 0.0903 0.0925 0.0873 0.0883 0.0924 0.0909 0.0970 0.0904 0.0925 
       H7357  1 0.0934 0.0903 0.0899 0.0914 0.0885 0.0943 0.0900 0.0966 0.0882 0.0874 0.0900 
       H7358  1 0.0855 0.0954 0.0838 0.0901 0.0963 0.0788 0.0949 0.0965 0.0844 0.1005 0.0938 
       H7380  1 0.1067 0.0889 0.0891 0.0861 0.0884 0.0835 0.0923 0.0912 0.0906 0.0896 0.0935 
       H7381  1 0.0927 0.0908 0.0914 0.0902 0.0874 0.0926 0.0875 0.0907 0.0902 0.0915 0.0950 
       H7382  1 0.1044 0.0884 0.0875 0.0922 0.0880 0.0842 0.0913 0.0882 0.0889 0.0937 0.0932 
        H904  1 0.1066 0.0996 0.0976 0.0971 0.0826 0.0898 0.0821 0.0820 0.0987 0.0836 0.0803 
        H923  1 0.0898 0.0970 0.0911 0.0863 0.1015 0.0833 0.0951 0.0877 0.0851 0.0922 0.0908 
        H924  1 0.0863 0.0885 0.0971 0.0921 0.0931 0.0877 0.0924 0.0885 0.0925 0.0933 0.0883 
        H925  1 0.0839 0.0852 0.0887 0.1065 0.0964 0.0849 0.0914 0.0867 0.0942 0.0926 0.0895 
       H9558  1 0.0881 0.0959 0.0847 0.0937 0.0884 0.0823 0.0999 0.0885 0.0878 0.0923 0.0983 
        H008  2 0.0937 0.0863 0.0847 0.0878 0.0950 0.0875 0.0935 0.0934 0.0826 0.1041 0.0914 
        H021  2 0.0827 0.0861 0.1063 0.0831 0.0846 0.0986 0.0896 0.0927 0.0986 0.0914 0.0863 
        H023  2 0.0891 0.0847 0.0972 0.1112 0.0897 0.0892 0.0848 0.0881 0.0919 0.0860 0.0879 
        H024  2 0.0783 0.0897 0.0838 0.0847 0.1054 0.0855 0.0981 0.0882 0.0853 0.1003 0.1007 
        H025  2 0.0901 0.1162 0.0801 0.0845 0.0855 0.0910 0.0900 0.0866 0.0889 0.0962 0.0910 
        H026  2 0.0801 0.0849 0.0900 0.0817 0.1034 0.0815 0.0990 0.0852 0.0932 0.1005 0.1006 
        H027  2 0.0878 0.0847 0.0880 0.0980 0.0911 0.0906 0.0906 0.0954 0.0933 0.0913 0.0892 
        H028  2 0.0875 0.0887 0.0837 0.0872 0.0919 0.0968 0.0965 0.0913 0.0876 0.0957 0.0932 
        H029  2 0.0835 0.0847 0.0880 0.0872 0.0994 0.0846 0.0973 0.0887 0.1005 0.0943 0.0918 
        H030  2 0.0837 0.0879 0.0878 0.0819 0.0943 0.0891 0.0978 0.0888 0.0935 0.0996 0.0955 
        H038  2 0.0837 0.0869 0.0891 0.0994 0.0865 0.1050 0.0927 0.0862 0.0960 0.0864 0.0881 
        H039  2 0.0935 0.1321 0.0903 0.0860 0.0900 0.0921 0.0819 0.0813 0.0911 0.0797 0.0821 
        H040  2 0.0896 0.0886 0.0883 0.0923 0.0854 0.1007 0.0900 0.0949 0.0989 0.0841 0.0872 
        H041  2 0.0879 0.0860 0.0899 0.0864 0.1047 0.0917 0.0893 0.0904 0.0898 0.0967 0.0871 
        H042  2 0.0885 0.0956 0.0870 0.0903 0.0897 0.0945 0.0907 0.0921 0.0925 0.0888 0.0903 
        H043  2 0.0899 0.1095 0.0931 0.0958 0.0897 0.0883 0.0906 0.0818 0.0878 0.0854 0.0882 
        H044  2 0.0936 0.0937 0.0838 0.0888 0.0892 0.0848 0.0973 0.0933 0.0858 0.0939 0.0957 
        H047  2 0.0884 0.0959 0.0910 0.0882 0.1011 0.0846 0.0923 0.0857 0.0918 0.0902 0.0909 
        H050  2 0.0877 0.0883 0.0860 0.0923 0.1014 0.0848 0.0934 0.0998 0.0876 0.0868 0.0917 
        H058  2 0.0868 0.0934 0.0933 0.0906 0.0845 0.0964 0.0902 0.0942 0.0936 0.0870 0.0900 
        H062  2 0.0815 0.0911 0.0959 0.0905 0.0867 0.0999 0.0936 0.0923 0.0911 0.0882 0.0892 
        H063  2 0.0916 0.0966 0.0920 0.0949 0.0938 0.0972 0.0857 0.0900 0.0872 0.0852 0.0858 
        H065  2 0.0862 0.0900 0.0915 0.0906 0.0910 0.0830 0.0953 0.0808 0.0946 0.0978 0.0991 
        H066  2 0.0826 0.0868 0.0846 0.0974 0.0972 0.0882 0.0930 0.0896 0.0982 0.0897 0.0926 
        H067  2 0.0972 0.0821 0.0956 0.0918 0.0926 0.0879 0.0910 0.0898 0.0940 0.0883 0.0897 
        H068  2 0.0901 0.0907 0.0920 0.0941 0.0912 0.0990 0.0877 0.0929 0.0899 0.0856 0.0867 
        H069  2 0.0834 0.0920 0.0835 0.1077 0.0882 0.0861 0.0966 0.0874 0.0944 0.0885 0.0923 
        H071  2 0.0912 0.0869 0.1002 0.0911 0.0905 0.0887 0.0905 0.0919 0.0938 0.0879 0.0873 
        H072  2 0.0885 0.1085 0.0862 0.0918 0.0956 0.0909 0.0857 0.0896 0.0922 0.0870 0.0840 
        H073  2 0.0868 0.0840 0.0886 0.0918 0.0910 0.0894 0.0936 0.0907 0.0950 0.0921 0.0970 
        H081  2 0.0970 0.0923 0.0892 0.0885 0.0919 0.0889 0.0883 0.0929 0.0891 0.0953 0.0866 
        H082  2 0.0834 0.0948 0.0806 0.0859 0.0944 0.0964 0.0966 0.0969 0.0799 0.0978 0.0936 
        H083  2 0.0895 0.0918 0.0839 0.0844 0.0892 0.0852 0.0969 0.0969 0.0865 0.1016 0.0941 
        H084  2 0.0835 0.0858 0.0944 0.0910 0.0911 0.1000 0.0919 0.0925 0.0958 0.0853 0.0889 
        H085  2 0.0945 0.0869 0.0896 0.0863 0.0937 0.0894 0.0867 0.1047 0.0830 0.0982 0.0871 
        H087  2 0.0958 0.0847 0.0944 0.0853 0.0934 0.1006 0.0868 0.0959 0.0891 0.0881 0.0858 
        H088  2 0.0938 0.0979 0.0876 0.0984 0.0870 0.0924 0.0868 0.0894 0.0916 0.0917 0.0833 
        H089  2 0.0923 0.0886 0.0917 0.0924 0.0934 0.0832 0.0915 0.0946 0.0866 0.0926 0.0931 
        H090  2 0.0840 0.0887 0.0906 0.0815 0.1091 0.0842 0.0943 0.0977 0.0805 0.0970 0.0924 
        H091  2 0.0843 0.0837 0.0943 0.0842 0.0955 0.0834 0.0921 0.1093 0.0893 0.0954 0.0885 
        H098  2 0.0800 0.0905 0.0826 0.0873 0.0971 0.0922 0.0946 0.0964 0.0884 0.0986 0.0923 
      H10001  2 0.0969 0.1192 0.1101 0.0817 0.0808 0.0861 0.0834 0.0839 0.0945 0.0808 0.0826 
      H10002  2 0.1151 0.0981 0.0877 0.1038 0.0823 0.0867 0.0829 0.0870 0.0881 0.0841 0.0842 
        H101  2 0.0818 0.0850 0.0842 0.0970 0.1027 0.0853 0.0915 0.1002 0.0935 0.0873 0.0915 
        H108  2 0.1023 0.0967 0.0843 0.0830 0.0864 0.0970 0.0884 0.0876 0.0884 0.0969 0.0889 
        H109  2 0.0842 0.0934 0.0885 0.0987 0.0983 0.0904 0.0906 0.0856 0.0961 0.0856 0.0885 
        H110  2 0.1307 0.0855 0.0844 0.0902 0.0873 0.0883 0.0883 0.0895 0.0817 0.0864 0.0878 
        H116  2 0.0920 0.0877 0.0860 0.0880 0.0940 0.0842 0.0978 0.0873 0.0920 0.0970 0.0939 
        H117  2 0.0870 0.0825 0.0868 0.0881 0.1083 0.0933 0.0868 0.0927 0.0927 0.0942 0.0876 
        H118  2 0.0823 0.0858 0.0911 0.0784 0.0995 0.0785 0.0992 0.1004 0.0858 0.0992 0.0997 
        H119  2 0.0998 0.0830 0.1012 0.0896 0.1007 0.0903 0.0865 0.0875 0.0938 0.0813 0.0862 
        H120  2 0.0974 0.1175 0.0921 0.0842 0.0850 0.0946 0.0838 0.0841 0.0889 0.0872 0.0852 
        H121  2 0.0796 0.0867 0.0927 0.0822 0.1095 0.0814 0.0907 0.1052 0.0841 0.0964 0.0915 
        H125  2 0.0908 0.1096 0.0978 0.0876 0.0846 0.1085 0.0794 0.0832 0.1031 0.0769 0.0785 
        H126  2 0.0908 0.1006 0.0876 0.0812 0.0886 0.0779 0.0990 0.0834 0.0919 0.0987 0.1002 
        H128  2 0.0765 0.0873 0.0884 0.0755 0.1066 0.0729 0.1031 0.1043 0.0844 0.0948 0.1063 
        H129  2 0.0809 0.0868 0.0911 0.0823 0.0898 0.0841 0.1003 0.0894 0.0927 0.1012 0.1015 
        H130  2 0.0981 0.0995 0.0827 0.0928 0.0828 0.0852 0.0913 0.0937 0.0895 0.0908 0.0935 
        H133  2 0.0892 0.1118 0.0917 0.0915 0.0899 0.0908 0.0858 0.0837 0.0948 0.0853 0.0856 
        H134  2 0.0771 0.0884 0.0900 0.0805 0.0920 0.0803 0.1064 0.0820 0.0920 0.1003 0.1111 
        H135  2 0.1035 0.0982 0.0858 0.0908 0.0898 0.0890 0.0875 0.0869 0.0916 0.0904 0.0866 
        H137  2 0.0828 0.0862 0.0868 0.0848 0.1110 0.1049 0.0900 0.0892 0.0875 0.0887 0.0882 
        H138  2 0.0908 0.0906 0.0881 0.0860 0.0897 0.0804 0.0965 0.0879 0.0943 0.0956 0.1001 
        H140  2 0.0925 0.0943 0.0883 0.0854 0.0993 0.0863 0.0910 0.0915 0.0916 0.0893 0.0905 
        H146  2 0.0839 0.0877 0.0926 0.0811 0.1003 0.0795 0.0916 0.1060 0.0892 0.0928 0.0953 
        H147  2 0.0976 0.0894 0.0879 0.0865 0.0917 0.0919 0.0908 0.1002 0.0868 0.0874 0.0898 
        H148  2 0.0897 0.0833 0.1092 0.0871 0.0968 0.0926 0.0864 0.0936 0.0875 0.0874 0.0865 
     H166022  2 0.0958 0.0859 0.0831 0.0980 0.0865 0.0918 0.0919 0.0941 0.0912 0.0906 0.0910 
     H167359  2 0.0922 0.0923 0.0820 0.0973 0.0914 0.0837 0.0909 0.0940 0.0881 0.0961 0.0919 
     H167397  2 0.0868 0.0854 0.0831 0.0870 0.0934 0.0854 0.0978 0.0980 0.0886 0.0964 0.0980 
     H167428  2 0.0922 0.0849 0.0848 0.0801 0.0958 0.0812 0.0958 0.0994 0.0848 0.1081 0.0929 
     H167496  2 0.0865 0.0958 0.0875 0.0951 0.0899 0.0991 0.0826 0.0864 0.1034 0.0905 0.0832 
     H167513  2 0.0869 0.0907 0.0792 0.0947 0.0879 0.1193 0.0898 0.0939 0.0817 0.0896 0.0863 
     H167545  2 0.0826 0.0853 0.0929 0.0922 0.0912 0.0837 0.0948 0.1035 0.0912 0.0879 0.0947 
     H167547  2 0.0829 0.0905 0.0867 0.0814 0.0969 0.0966 0.0991 0.0871 0.0901 0.0895 0.0993 
     H169621  2 0.0876 0.0854 0.0901 0.0825 0.0915 0.0961 0.0915 0.1018 0.0889 0.0927 0.0918 
     H169622  2 0.1007 0.0880 0.0833 0.1082 0.0868 0.0813 0.0901 0.0856 0.0900 0.0957 0.0902 
     H169750  2 0.0895 0.0908 0.0846 0.0959 0.0871 0.1091 0.0894 0.0870 0.0907 0.0870 0.0889 
     H171806  2 0.0785 0.0857 0.1008 0.0884 0.1052 0.0854 0.0907 0.0887 0.0989 0.0853 0.0924 
     H171808  2 0.0825 0.0913 0.0912 0.0924 0.0948 0.0845 0.0950 0.0894 0.0922 0.0921 0.0947 
     H171809  2 0.0961 0.0954 0.0901 0.0885 0.0898 0.0917 0.0887 0.0923 0.0906 0.0874 0.0893 
     H171813  2 0.0802 0.0921 0.1064 0.0844 0.0902 0.0911 0.0934 0.0872 0.0895 0.0911 0.0942 
     H171815  2 0.0875 0.1103 0.0885 0.1028 0.0808 0.0954 0.0868 0.0812 0.0969 0.0834 0.0864 
     H171824  2 0.1056 0.0806 0.1087 0.0885 0.0911 0.0894 0.0816 0.0865 0.1034 0.0838 0.0809 
     H171825  2 0.0980 0.0857 0.0956 0.0946 0.0846 0.0840 0.0914 0.0907 0.0909 0.0912 0.0935 
     H171826  2 0.0984 0.0916 0.0916 0.0849 0.0954 0.0912 0.0877 0.0864 0.0959 0.0910 0.0859 
     H171827  2 0.1031 0.0838 0.1063 0.0899 0.0866 0.0870 0.0882 0.0913 0.0888 0.0872 0.0877 
     H171828  2 0.0918 0.0963 0.1100 0.0833 0.0880 0.1021 0.0817 0.0856 0.0930 0.0866 0.0816 
     H171829  2 0.0896 0.0879 0.0914 0.0935 0.0867 0.0845 0.0929 0.0831 0.1013 0.0925 0.0967 
     H171830  2 0.0921 0.0988 0.0807 0.0949 0.0923 0.0919 0.0855 0.0926 0.0881 0.0931 0.0899 
     H171831  2 0.0864 0.0890 0.0833 0.0848 0.0942 0.0878 0.0955 0.0890 0.0899 0.1008 0.0992 
     H171832  2 0.0861 0.0981 0.0880 0.0867 0.0897 0.0887 0.0928 0.0878 0.0917 0.0989 0.0914 
     H171863  2 0.0841 0.0864 0.0803 0.0943 0.0909 0.0810 0.1002 0.0990 0.0870 0.0962 0.1009 
     H171864  2 0.0841 0.0876 0.0903 0.0905 0.1055 0.0914 0.0906 0.0921 0.0886 0.0909 0.0884 
     H171865  2 0.0843 0.1054 0.0839 0.0958 0.0912 0.0953 0.0879 0.0845 0.0960 0.0870 0.0888 
     H171879  2 0.0912 0.0912 0.0876 0.0897 0.1024 0.0813 0.0936 0.0922 0.0869 0.0913 0.0927 
     H171880  2 0.0855 0.0845 0.0887 0.0925 0.0960 0.0933 0.0898 0.1007 0.0916 0.0881 0.0890 
     H171881  2 0.0886 0.0850 0.0824 0.0867 0.0882 0.1011 0.0935 0.0940 0.0888 0.1015 0.0902 
     H171882  2 0.0953 0.1361 0.0825 0.0839 0.0853 0.0951 0.0837 0.0860 0.0851 0.0845 0.0825 
     H171929  2 0.0885 0.0931 0.0820 0.0858 0.0928 0.0921 0.0940 0.0900 0.0892 0.1031 0.0895 
     H171930  2 0.0829 0.0853 0.0874 0.0912 0.0962 0.0877 0.0974 0.0935 0.0928 0.0901 0.0955 
     H171933  2 0.0894 0.0845 0.0906 0.0898 0.0923 0.1021 0.0901 0.0955 0.0880 0.0885 0.0893 
     H171934  2 0.0885 0.0832 0.0902 0.1042 0.0957 0.0887 0.0886 0.0926 0.0917 0.0889 0.0876 
     H171937  2 0.0899 0.0963 0.0842 0.0898 0.0927 0.0811 0.0956 0.0878 0.0870 0.0952 0.1004 
     H171962  2 0.0920 0.0850 0.0869 0.0894 0.0917 0.0898 0.0946 0.0931 0.0839 0.1022 0.0912 
        H190  2 0.0880 0.0904 0.0871 0.0905 0.0933 0.0969 0.0935 0.0943 0.0817 0.0931 0.0911 
        H191  2 0.0824 0.0883 0.0913 0.0842 0.0937 0.0997 0.0956 0.0905 0.0860 0.0968 0.0918 
        H396  2 0.0788 0.0845 0.0915 0.0843 0.0928 0.0971 0.0938 0.0935 0.0941 0.0981 0.0915 
        H397  2 0.0911 0.0856 0.0873 0.0911 0.0881 0.0880 0.0918 0.1045 0.0914 0.0899 0.0913 
        H398  2 0.0793 0.0915 0.0889 0.0925 0.0893 0.0840 0.0953 0.0854 0.0971 0.1005 0.0963 
        H400  2 0.0855 0.0969 0.0915 0.0988 0.0903 0.0846 0.0906 0.0904 0.0869 0.0923 0.0922 
        H401  2 0.0798 0.0872 0.0830 0.0836 0.1002 0.0960 0.0992 0.0921 0.0858 0.0974 0.0956 
        H402  2 0.0957 0.0842 0.0795 0.1011 0.0912 0.0966 0.0874 0.0986 0.0858 0.0919 0.0881 
        H427  2 0.0960 0.0864 0.0909 0.0870 0.0891 0.0960 0.0909 0.0897 0.0929 0.0914 0.0897 
        H428  2 0.0943 0.0851 0.0843 0.0818 0.0969 0.0811 0.0924 0.1002 0.0842 0.1061 0.0936 
        H497  2 0.0890 0.1019 0.0884 0.0931 0.0921 0.0937 0.0896 0.0888 0.0832 0.0894 0.0908 
        H512  2 0.0976 0.0884 0.0845 0.0961 0.0914 0.0897 0.0897 0.0932 0.0908 0.0881 0.0906 
        H513  2 0.0851 0.0886 0.0811 0.0943 0.0879 0.1204 0.0888 0.0959 0.0815 0.0899 0.0867 
        H514  2 0.1012 0.0948 0.0845 0.0958 0.0853 0.0823 0.0970 0.0871 0.0885 0.0896 0.0940 
        H519  2 0.0871 0.0922 0.0793 0.0967 0.0863 0.1193 0.0857 0.0954 0.0811 0.0894 0.0875 
        H532  2 0.0871 0.0862 0.0884 0.0928 0.0964 0.0849 0.0924 0.0924 0.0938 0.0932 0.0924 
        H543  2 0.0944 0.0845 0.0931 0.0926 0.0884 0.0916 0.0898 0.1001 0.0875 0.0883 0.0899 
        H544  2 0.0884 0.1015 0.0838 0.0875 0.0898 0.0825 0.0980 0.0844 0.0888 0.0974 0.0979 
        H545  2 0.0826 0.0861 0.0954 0.0901 0.0894 0.0807 0.0970 0.1000 0.0923 0.0882 0.0982 
        H546  2 0.0838 0.0963 0.0861 0.0864 0.0866 0.1090 0.0950 0.0917 0.0876 0.0877 0.0898 
        H547  2 0.0808 0.0897 0.0859 0.0817 0.0956 0.0974 0.0994 0.0893 0.0891 0.0919 0.0991 
        H548  2 0.0927 0.0906 0.0901 0.0985 0.0927 0.0852 0.0921 0.0932 0.0871 0.0888 0.0890 
        H549  2 0.0739 0.0851 0.0829 0.1113 0.0906 0.0989 0.0902 0.0905 0.0931 0.0895 0.0940 
        H620  2 0.0973 0.1224 0.0855 0.0947 0.0862 0.0945 0.0824 0.0811 0.0911 0.0820 0.0827 
        H623  2 0.0821 0.0921 0.0844 0.0826 0.0898 0.0890 0.0971 0.0996 0.0874 0.0973 0.0986 
        H624  2 0.0862 0.1080 0.0888 0.1007 0.0846 0.0839 0.0910 0.0870 0.0857 0.0897 0.0943 
        H625  2 0.0798 0.0862 0.0878 0.0918 0.0922 0.0914 0.0951 0.0908 0.0904 0.1032 0.0911 
        H626  2 0.0852 0.0887 0.0955 0.0994 0.0897 0.0887 0.0920 0.0897 0.0890 0.0886 0.0935 
        H654  2 0.0928 0.1250 0.0824 0.0962 0.0779 0.1069 0.0845 0.0821 0.0893 0.0798 0.0830 
        H655  2 0.0937 0.0930 0.1053 0.1052 0.0841 0.0869 0.0851 0.0897 0.0899 0.0819 0.0851 
        H656  2 0.0919 0.1162 0.0853 0.0897 0.0851 0.0920 0.0900 0.0822 0.0891 0.0907 0.0879 
        H666  2 0.0842 0.1039 0.1001 0.0831 0.0880 0.0914 0.0880 0.0866 0.0986 0.0862 0.0899 
        H667  2 0.1032 0.0862 0.0960 0.0886 0.0902 0.0908 0.0898 0.0863 0.0895 0.0883 0.0911 
        H677  2 0.0904 0.0905 0.0883 0.0996 0.0910 0.0804 0.0923 0.0904 0.0976 0.0889 0.0908 
        H693  2 0.0934 0.0928 0.1076 0.0861 0.0871 0.0971 0.0855 0.0907 0.0902 0.0877 0.0817 
        H694  2 0.0784 0.0907 0.0842 0.0833 0.0936 0.0887 0.0968 0.1005 0.0903 0.1002 0.0933 
        H701  2 0.0909 0.0907 0.0854 0.0947 0.0916 0.0834 0.0922 0.1011 0.0855 0.0944 0.0900 
        H702  2 0.1010 0.0863 0.0934 0.0956 0.0842 0.0994 0.0866 0.0964 0.0855 0.0849 0.0867 
        H731  2 0.1016 0.0924 0.1012 0.0854 0.0908 0.0871 0.0885 0.0917 0.0923 0.0833 0.0858 
       H7359  2 0.0930 0.0936 0.0819 0.0983 0.0917 0.0837 0.0908 0.0958 0.0874 0.0942 0.0894 
       H7389  2 0.0780 0.0850 0.0893 0.0957 0.1035 0.0813 0.0955 0.0872 0.0964 0.0955 0.0926 
       H7390  2 0.0848 0.0868 0.1021 0.0916 0.0816 0.1116 0.0843 0.0914 0.1013 0.0810 0.0835 
       H7391  2 0.0972 0.0805 0.0899 0.0944 0.1077 0.0902 0.0848 0.0915 0.0899 0.0897 0.0841 
       H7392  2 0.0784 0.0849 0.0946 0.0885 0.0894 0.0887 0.0953 0.0852 0.1052 0.0969 0.0929 
       H7393  2 0.0925 0.0965 0.0830 0.0962 0.0863 0.0969 0.0865 0.0915 0.0943 0.0874 0.0887 
       H7398  2 0.0890 0.0867 0.0916 0.0852 0.0972 0.0934 0.0895 0.0947 0.0913 0.0928 0.0888 
       H7399  2 0.1054 0.0848 0.0881 0.0848 0.0927 0.0841 0.0945 0.0920 0.0886 0.0920 0.0927 
       H7400  2 0.0932 0.1364 0.0869 0.0897 0.0819 0.0960 0.0836 0.0821 0.0873 0.0795 0.0833 
        H745  2 0.0800 0.0877 0.0888 0.0841 0.0919 0.0879 0.0970 0.0865 0.0851 0.1013 0.1096 
        H746  2 0.1014 0.0883 0.0870 0.0863 0.0890 0.0845 0.0964 0.0902 0.0890 0.0920 0.0958 
        H747  2 0.0848 0.0862 0.0955 0.0989 0.0861 0.0918 0.0887 0.0937 0.1011 0.0859 0.0872 
        H748  2 0.0925 0.0926 0.0961 0.0950 0.0875 0.0870 0.0915 0.0878 0.0941 0.0858 0.0901 
       H7484  2 0.0926 0.1079 0.0861 0.0871 0.0965 0.0973 0.0870 0.0863 0.0893 0.0843 0.0856 
       H7485  2 0.0850 0.0930 0.0877 0.0856 0.0954 0.0890 0.0978 0.0907 0.0809 0.0986 0.0962 
        H749  2 0.0904 0.0893 0.0928 0.0903 0.0895 0.0841 0.0997 0.0932 0.0819 0.0912 0.0974 
        H930  2 0.0838 0.0850 0.0867 0.0978 0.0967 0.0878 0.0936 0.0937 0.0929 0.0889 0.0931 
        H931  2 0.0952 0.0911 0.0848 0.0898 0.0985 0.0847 0.0904 0.0911 0.0843 0.0998 0.0902 
        H932  2 0.0909 0.0881 0.0937 0.0904 0.0983 0.0860 0.0909 0.0907 0.0963 0.0851 0.0896 
        H111  3 0.0851 0.0875 0.0893 0.0839 0.0892 0.0817 0.0963 0.0951 0.0947 0.0970 0.1002 
        H951  3 0.0854 0.0924 0.0869 0.0862 0.0941 0.0881 0.0993 0.0922 0.0871 0.0923 0.0961 
        H952  3 0.0811 0.0849 0.0962 0.0883 0.0992 0.0833 0.0960 0.0901 0.0973 0.0885 0.0951 
        H953  3 0.0772 0.0831 0.1034 0.0862 0.1051 0.0831 0.0938 0.0875 0.0912 0.0968 0.0927 
        H954  3 0.0956 0.1030 0.0834 0.1013 0.0865 0.0894 0.0849 0.0934 0.0911 0.0878 0.0835 
        H955  3 0.0835 0.0836 0.0896 0.0960 0.0883 0.0868 0.0969 0.0933 0.0953 0.0955 0.0911 
        H956  3 0.0891 0.0829 0.1073 0.0872 0.0953 0.0867 0.0847 0.1049 0.0903 0.0853 0.0864 
       H9563  3 0.0880 0.0848 0.0916 0.0872 0.0966 0.0940 0.0902 0.0951 0.0928 0.0909 0.0887 
        H002  4 0.0922 0.1115 0.0898 0.0938 0.0847 0.0890 0.0881 0.0787 0.0934 0.0866 0.0924 
        H003  4 0.1140 0.0859 0.0895 0.0836 0.0877 0.0843 0.0939 0.0905 0.0857 0.0901 0.0947 
        H009  4 0.0812 0.0892 0.0890 0.0870 0.0930 0.0861 0.0964 0.0862 0.0978 0.0993 0.0947 
        H010  4 0.0949 0.0850 0.0970 0.0887 0.0950 0.0885 0.0902 0.0890 0.0913 0.0910 0.0894 
        H011  4 0.0883 0.0972 0.0912 0.0902 0.0851 0.1080 0.0841 0.0916 0.0896 0.0915 0.0833 
        H012  4 0.1070 0.0904 0.0812 0.0929 0.0852 0.0914 0.0883 0.0978 0.0848 0.0934 0.0877 
        H013  4 0.1025 0.0961 0.0947 0.0856 0.0861 0.0926 0.0873 0.0898 0.0872 0.0920 0.0862 
        H014  4 0.0939 0.0864 0.0859 0.0907 0.0923 0.0948 0.0897 0.0900 0.0931 0.0939 0.0893 
        H045  4 0.0830 0.0880 0.0842 0.0889 0.0957 0.1032 0.0856 0.0943 0.0924 0.0974 0.0874 
        H046  4 0.0917 0.0841 0.0967 0.0938 0.0878 0.0803 0.0945 0.0888 0.0948 0.0920 0.0956 
        H051  4 0.0919 0.0945 0.0912 0.0860 0.0898 0.0936 0.0882 0.0939 0.0886 0.0955 0.0867 
        H052  4 0.0825 0.1060 0.0827 0.0815 0.0934 0.0890 0.0952 0.0880 0.0899 0.0943 0.0975 
        H053  4 0.0889 0.0848 0.1105 0.0866 0.0867 0.0897 0.0881 0.0900 0.0986 0.0903 0.0857 
        H056  4 0.0880 0.1163 0.0857 0.0865 0.0856 0.0909 0.0922 0.0878 0.0882 0.0904 0.0885 
        H076  4 0.0943 0.0859 0.0938 0.0836 0.0924 0.0835 0.0952 0.0869 0.0922 0.0954 0.0969 
        H151  4 0.0923 0.0938 0.0979 0.1045 0.0842 0.0893 0.0852 0.0864 0.0974 0.0823 0.0866 
        H152  4 0.0917 0.1043 0.0982 0.0863 0.0917 0.0832 0.0887 0.0810 0.0945 0.0882 0.0923 
     H171803  4 0.0875 0.0832 0.0983 0.1112 0.0806 0.1040 0.0842 0.0860 0.1025 0.0798 0.0826 
     H171804  4 0.0872 0.0892 0.0896 0.0951 0.0831 0.1105 0.0866 0.0928 0.0932 0.0850 0.0876 
     H171833  4 0.0937 0.0901 0.0852 0.0886 0.0884 0.0819 0.0988 0.0875 0.0888 0.0959 0.1009 
     H171855  4 0.0925 0.1064 0.0909 0.0815 0.0872 0.1063 0.0891 0.0825 0.0888 0.0857 0.0890 
     H171856  4 0.0794 0.0873 0.0927 0.0968 0.0891 0.1004 0.0882 0.0959 0.0927 0.0855 0.0920 
     H171857  4 0.0885 0.0881 0.0927 0.0869 0.1016 0.0964 0.0891 0.0807 0.0993 0.0849 0.0919 
     H171858  4 0.0951 0.0980 0.0966 0.0830 0.0933 0.0812 0.0906 0.0864 0.0914 0.0910 0.0935 
     H171859  4 0.0972 0.0909 0.0907 0.0876 0.0911 0.0863 0.0940 0.0885 0.0883 0.0920 0.0935 
     H171961  4 0.0892 0.0949 0.1020 0.0861 0.0893 0.0905 0.0880 0.0892 0.0926 0.0936 0.0847 
        H198  4 0.1155 0.0842 0.0886 0.0893 0.0892 0.0804 0.0943 0.0876 0.0894 0.0881 0.0935 
      H20001  4 0.0857 0.0906 0.0869 0.0935 0.0865 0.0856 0.0984 0.0901 0.0919 0.0932 0.0975 
        H403  4 0.0825 0.0932 0.0868 0.0827 0.0921 0.1123 0.0942 0.0885 0.0878 0.0886 0.0913 
        H404  4 0.1112 0.0870 0.0917 0.0861 0.0908 0.0812 0.0916 0.0933 0.0857 0.0910 0.0906 
        H405  4 0.0903 0.0883 0.0879 0.0966 0.0893 0.0905 0.0910 0.0912 0.0894 0.0896 0.0960 
        H406  4 0.0775 0.0976 0.0827 0.0826 0.0969 0.0886 0.0998 0.0870 0.0897 0.0938 0.1037 
        H407  4 0.0838 0.0815 0.1094 0.0963 0.0911 0.0898 0.0875 0.0909 0.0993 0.0844 0.0860 
        H410  4 0.0847 0.0830 0.0868 0.0889 0.1105 0.0897 0.0936 0.0836 0.0916 0.0931 0.0945 
        H411  4 0.0862 0.0941 0.0883 0.0852 0.0893 0.0923 0.0975 0.0929 0.0878 0.0927 0.0937 
        H468  4 0.0861 0.0852 0.0842 0.1026 0.0854 0.1056 0.0890 0.0896 0.0921 0.0864 0.0938 
        H476  4 0.0897 0.0941 0.0860 0.1058 0.0855 0.0882 0.0908 0.0927 0.0908 0.0875 0.0889 
        H477  4 0.0802 0.0849 0.0991 0.0923 0.0887 0.0790 0.0988 0.0901 0.0972 0.0897 0.0998 
        H478  4 0.1122 0.0919 0.0795 0.1055 0.0834 0.0883 0.0884 0.0875 0.0852 0.0886 0.0896 
        H479  4 0.0894 0.0952 0.0900 0.0877 0.0878 0.0918 0.0904 0.0983 0.0880 0.0907 0.0906 
        H480  4 0.0900 0.0902 0.0877 0.0931 0.0874 0.0930 0.0930 0.0954 0.0882 0.0888 0.0932 
        H498  4 0.1019 0.0894 0.0909 0.0865 0.0859 0.0893 0.0921 0.0932 0.0870 0.0906 0.0931 
        H499  4 0.0923 0.0918 0.0959 0.0944 0.0848 0.0865 0.0906 0.0945 0.0937 0.0852 0.0903 
        H500  4 0.1007 0.0940 0.0868 0.1201 0.0840 0.0879 0.0811 0.0850 0.0980 0.0809 0.0815 
        H515  4 0.0887 0.0953 0.0990 0.0929 0.0848 0.0930 0.0856 0.0908 0.0980 0.0848 0.0871 
        H516  4 0.0949 0.0904 0.0890 0.0906 0.0961 0.0835 0.0936 0.0878 0.0899 0.0906 0.0937 
        H517  4 0.0905 0.0858 0.0881 0.0958 0.1067 0.0850 0.0883 0.0857 0.0956 0.0884 0.0900 
        H518  4 0.0879 0.0948 0.0889 0.0869 0.0914 0.0864 0.0931 0.0908 0.0890 0.0966 0.0943 
        H520  4 0.0899 0.0876 0.0879 0.1019 0.0892 0.0907 0.0892 0.0894 0.0958 0.0879 0.0904 
        H521  4 0.0806 0.0813 0.0882 0.0878 0.0998 0.0955 0.0905 0.0919 0.0903 0.1034 0.0907 
        H522  4 0.0874 0.0825 0.0944 0.1128 0.0826 0.0949 0.0872 0.0944 0.0955 0.0845 0.0839 
        H523  4 0.0999 0.0917 0.0911 0.0912 0.0889 0.0912 0.0888 0.0989 0.0870 0.0850 0.0864 
        H536  4 0.0922 0.0835 0.0920 0.1015 0.0874 0.0851 0.0919 0.0898 0.0890 0.0900 0.0977 
        H645  4 0.0995 0.0866 0.0938 0.0928 0.0951 0.0930 0.0862 0.0880 0.0866 0.0927 0.0858 
        H646  4 0.0760 0.0842 0.0860 0.0930 0.0981 0.0818 0.0959 0.0998 0.0939 0.0930 0.0984 
        H647  4 0.0815 0.0871 0.0881 0.0977 0.0902 0.0849 0.0957 0.0877 0.0957 0.0956 0.0957 
        H657  4 0.0900 0.0854 0.0857 0.0941 0.0938 0.0926 0.0938 0.0930 0.0852 0.0918 0.0946 
        H658  4 0.0853 0.0864 0.1005 0.1014 0.0875 0.0859 0.0860 0.0966 0.0990 0.0864 0.0850 
        H659  4 0.0979 0.0961 0.1006 0.1020 0.0826 0.0963 0.0830 0.0840 0.0924 0.0819 0.0831 
        H660  4 0.0923 0.0998 0.0839 0.0958 0.0867 0.0919 0.0905 0.0935 0.0860 0.0894 0.0902 
        H661  4 0.0883 0.0948 0.1046 0.0877 0.0889 0.0950 0.0903 0.0918 0.0843 0.0868 0.0876 
        H668  4 0.1174 0.0871 0.0872 0.0915 0.0855 0.0855 0.0897 0.0913 0.0884 0.0872 0.0890 
        H669  4 0.0867 0.0879 0.0925 0.0910 0.0929 0.0918 0.0913 0.0913 0.0954 0.0913 0.0880 
        H670  4 0.1130 0.0908 0.0974 0.0886 0.0887 0.0880 0.0841 0.0856 0.0951 0.0844 0.0844 
        H678  4 0.0848 0.0857 0.1044 0.0892 0.0901 0.0906 0.0916 0.0923 0.0938 0.0864 0.0912 
        H679  4 0.0853 0.0881 0.0868 0.0949 0.1024 0.0795 0.0936 0.0997 0.0852 0.0925 0.0920 
        H680  4 0.0892 0.0864 0.0929 0.0867 0.0952 0.0993 0.0913 0.0863 0.0879 0.0900 0.0949 
        H681  4 0.1148 0.1024 0.0889 0.0906 0.0860 0.0823 0.0858 0.0911 0.0844 0.0881 0.0857 
        H682  4 0.0989 0.0821 0.0884 0.1075 0.0858 0.0932 0.0845 0.0956 0.0924 0.0866 0.0852 
        H683  4 0.0908 0.1009 0.0823 0.0893 0.0929 0.0884 0.0943 0.0811 0.0922 0.0930 0.0947 
        H718  4 0.0850 0.1088 0.0812 0.0929 0.0913 0.0991 0.0881 0.0818 0.0969 0.0866 0.0883 
        H719  4 0.0842 0.0856 0.0864 0.0822 0.0874 0.1198 0.0869 0.1039 0.0839 0.0943 0.0853 
        H720  4 0.0819 0.0934 0.0880 0.0892 0.0906 0.0971 0.0926 0.0895 0.0869 0.0931 0.0977 
        H721  4 0.0841 0.0906 0.0970 0.0849 0.0887 0.1016 0.0938 0.0883 0.0879 0.0886 0.0944 
        H722  4 0.0882 0.1032 0.0891 0.0834 0.0875 0.0891 0.0901 0.0843 0.0868 0.0965 0.1018 
        H723  4 0.0957 0.1026 0.0822 0.0948 0.0899 0.0961 0.0848 0.0852 0.0949 0.0900 0.0838 
        H724  4 0.0829 0.0906 0.0945 0.0927 0.0961 0.1024 0.0828 0.0884 0.1037 0.0834 0.0824 
        H725  4 0.0887 0.1049 0.0879 0.0869 0.0836 0.1030 0.0874 0.0870 0.0990 0.0838 0.0877 
        H726  4 0.0951 0.1158 0.0852 0.0897 0.0863 0.0899 0.0878 0.0851 0.0940 0.0864 0.0848 
        H727  4 0.0904 0.0860 0.1068 0.0895 0.0956 0.0903 0.0868 0.0921 0.0943 0.0848 0.0834 
        H910  4 0.0900 0.0903 0.1018 0.0904 0.0967 0.0946 0.0867 0.0944 0.0883 0.0827 0.0842 
        H911  4 0.0830 0.0875 0.0876 0.0878 0.1011 0.0850 0.0962 0.0898 0.0900 0.0950 0.0970 
        H912  4 0.0912 0.0945 0.0842 0.0997 0.0864 0.0848 0.0903 0.0840 0.1001 0.0930 0.0918 
        H913  4 0.0843 0.0826 0.1183 0.0906 0.0841 0.0858 0.0857 0.0957 0.1036 0.0847 0.0846 
        H914  4 0.0929 0.0852 0.1177 0.0925 0.0843 0.0936 0.0831 0.0885 0.0962 0.0820 0.0839 
        H915  4 0.0911 0.0888 0.0937 0.1009 0.0869 0.0882 0.0905 0.0903 0.0927 0.0871 0.0897 
        H916  4 0.0835 0.0906 0.0985 0.0946 0.0906 0.0879 0.0896 0.0922 0.0937 0.0873 0.0914 
       H9572  4 0.0812 0.0824 0.0847 0.0862 0.0897 0.1364 0.0866 0.0957 0.0819 0.0892 0.0861 
        H015  5 0.0801 0.0891 0.0830 0.0845 0.0864 0.1039 0.0954 0.0992 0.0855 0.0979 0.0949 
        H016  5 0.0884 0.0907 0.0931 0.0855 0.0894 0.0733 0.0992 0.0905 0.0884 0.0970 0.1045 
        H017  5 0.0868 0.0843 0.1115 0.0837 0.0872 0.0922 0.0907 0.0924 0.0928 0.0864 0.0919 
        H019  5 0.0919 0.0965 0.0818 0.0873 0.0893 0.0874 0.0935 0.0976 0.0841 0.0963 0.0943 
        H020  5 0.0837 0.0908 0.1051 0.0869 0.0948 0.0821 0.0924 0.0962 0.0896 0.0879 0.0905 
        H032  5 0.0935 0.0918 0.0881 0.0945 0.0948 0.0878 0.0909 0.0880 0.0931 0.0875 0.0901 
        H033  5 0.1100 0.0847 0.0844 0.0885 0.0858 0.0923 0.0888 0.1027 0.0828 0.0933 0.0867 
        H034  5 0.1039 0.0909 0.0944 0.0864 0.0955 0.0980 0.0835 0.0893 0.0883 0.0848 0.0850 
        H035  5 0.0822 0.0866 0.0964 0.0894 0.0876 0.0974 0.0936 0.0927 0.0969 0.0883 0.0890 
        H036  5 0.0833 0.0837 0.0884 0.0903 0.0987 0.0919 0.0907 0.0922 0.0951 0.0916 0.0941 
        H037  5 0.0862 0.0824 0.1235 0.0927 0.0818 0.0905 0.0860 0.0896 0.0999 0.0822 0.0852 
        H048  5 0.0838 0.0882 0.0812 0.1023 0.0853 0.1167 0.0848 0.0827 0.1017 0.0923 0.0809 
        H049  5 0.0856 0.0932 0.0858 0.0849 0.0893 0.0945 0.0950 0.0868 0.0947 0.0950 0.0953 
        H054  5 0.0875 0.0855 0.0942 0.0835 0.1032 0.0915 0.0874 0.0863 0.0948 0.0890 0.0971 
        H055  5 0.1030 0.0907 0.0961 0.0847 0.0916 0.0877 0.0902 0.0878 0.0906 0.0894 0.0881 
        H057  5 0.0895 0.0929 0.0873 0.0915 0.0863 0.0826 0.0946 0.0881 0.0853 0.0959 0.1061 
        H060  5 0.0930 0.0971 0.1201 0.0845 0.0863 0.0796 0.0904 0.0846 0.0856 0.0865 0.0924 
        H061  5 0.0964 0.0873 0.0825 0.0993 0.0874 0.0866 0.0917 0.0880 0.0986 0.0915 0.0907 
        H064  5 0.0971 0.1014 0.0837 0.0833 0.0910 0.0975 0.0888 0.0835 0.0858 0.0971 0.0908 
        H070  5 0.0970 0.0999 0.1024 0.0874 0.0854 0.0913 0.0862 0.0920 0.0867 0.0869 0.0849 
        H077  5 0.0916 0.1285 0.0835 0.0863 0.0846 0.0948 0.0861 0.0874 0.0840 0.0869 0.0862 
        H078  5 0.0874 0.0927 0.0927 0.0896 0.0872 0.0923 0.0920 0.0887 0.0978 0.0888 0.0907 
