        H102  1 0.3696 0.3690 0.2613 
        H103  1 0.3340 0.2015 0.4644 
        H104  1 0.3228 0.4365 0.2407 
        H105  1 0.4168 0.2941 0.2890 
        H106  1 0.3220 0.3530 0.3250 
        H112  1 0.3449 0.3960 0.2590 
        H113  1 0.4112 0.3012 0.2876 
        H114  1 0.4675 0.2440 0.2886 
        H115  1 0.3956 0.3744 0.2300 
        H143  1 0.4073 0.2864 0.3064 
        H144  1 0.3767 0.2080 0.4153 
        H145  1 0.3427 0.2136 0.4437 
        H149  1 0.3023 0.4436 0.2542 
        H150  1 0.3295 0.3226 0.3478 
     H167542  1 0.4471 0.2856 0.2673 
     H169604  1 0.4104 0.2903 0.2993 
     H169607  1 0.3834 0.2385 0.3780 
     H169608  1 0.2768 0.4503 0.2729 
     H169633  1 0.4399 0.2301 0.3301 
     H169688  1 0.2913 0.2664 0.4423 
     H169714  1 0.2988 0.4062 0.2950 
     H171802  1 0.2848 0.4244 0.2908 
     H171805  1 0.3664 0.2596 0.3740 
     H171807  1 0.3216 0.3724 0.3060 
     H171814  1 0.3170 0.2199 0.4632 
     H171816  1 0.3148 0.3900 0.2952 
     H171817  1 0.3357 0.3929 0.2713 
     H171818  1 0.3802 0.3064 0.3134 
     H171819  1 0.3418 0.3515 0.3067 
     H171834  1 0.3983 0.3131 0.2886 
     H171835  1 0.2463 0.4977 0.2560 
     H171836  1 0.4388 0.1745 0.3866 
     H171837  1 0.3330 0.4034 0.2636 
     H171838  1 0.3488 0.2562 0.3950 
     H171839  1 0.3517 0.3800 0.2684 
     H171841  1 0.2246 0.4843 0.2911 
     H171860  1 0.3903 0.3150 0.2947 
     H171861  1 0.4696 0.1867 0.3437 
     H171862  1 0.3633 0.3185 0.3182 
     H171868  1 0.4609 0.2794 0.2598 
     H171869  1 0.2970 0.2732 0.4298 
     H171870  1 0.2928 0.3421 0.3651 
     H171871  1 0.3497 0.2602 0.3901 
     H171872  1 0.3562 0.3763 0.2675 
     H171873  1 0.2653 0.3619 0.3728 
     H171874  1 0.3840 0.2589 0.3570 
     H171875  1 0.4414 0.1972 0.3615 
     H171876  1 0.4098 0.2616 0.3286 
     H171877  1 0.4329 0.3079 0.2592 
     H171878  1 0.2443 0.3731 0.3826 
     H171901  1 0.2711 0.4211 0.3079 
     H171902  1 0.3045 0.3111 0.3844 
     H171903  1 0.3795 0.3183 0.3022 
     H171935  1 0.2631 0.3883 0.3486 
     H171936  1 0.4071 0.2679 0.3250 
     H171940  1 0.3396 0.3762 0.2842 
     H171945  1 0.3016 0.3219 0.3765 
     H171948  1 0.3664 0.3697 0.2638 
     H171949  1 0.2622 0.4798 0.2580 
     H171950  1 0.2286 0.5171 0.2543 
     H171963  1 0.3190 0.2499 0.4311 
     H171964  1 0.2727 0.2568 0.4705 
     H171966  1 0.3232 0.3364 0.3403 
     H171968  1 0.3103 0.3637 0.3261 
     H171971  1 0.2969 0.3218 0.3813 
     H171972  1 0.3571 0.2352 0.4077 
     H171977  1 0.2979 0.2551 0.4470 
     H171978  1 0.2815 0.3854 0.3331 
     H171979  1 0.4149 0.2077 0.3773 
        H176  1 0.3717 0.2950 0.3333 
        H177  1 0.2713 0.4917 0.2370 
        H179  1 0.3366 0.4208 0.2426 
        H181  1 0.3695 0.2443 0.3863 
        H182  1 0.4083 0.2055 0.3862 
        H183  1 0.3062 0.2635 0.4303 
        H184  1 0.3479 0.3653 0.2868 
        H185  1 0.3687 0.2438 0.3875 
        H186  1 0.2918 0.3522 0.3560 
        H187  1 0.3224 0.3254 0.3522 
        H188  1 0.3574 0.4011 0.2415 
        H192  1 0.3012 0.4310 0.2678 
        H193  1 0.3733 0.2289 0.3978 
        H194  1 0.3762 0.3428 0.2810 
        H195  1 0.2965 0.2276 0.4759 
        H199  1 0.2960 0.2596 0.4444 
        H200  1 0.3286 0.3803 0.2911 
        H414  1 0.3556 0.2893 0.3551 
        H415  1 0.4011 0.2662 0.3326 
        H422  1 0.2939 0.3510 0.3551 
        H423  1 0.2407 0.5288 0.2304 
        H424  1 0.3616 0.2263 0.4122 
        H425  1 0.2890 0.2473 0.4637 
        H426  1 0.2547 0.2742 0.4711 
        H443  1 0.3224 0.2484 0.4292 
        H466  1 0.3466 0.3446 0.3088 
        H467  1 0.2465 0.4841 0.2694 
        H472  1 0.3260 0.3303 0.3437 
        H483  1 0.4240 0.2436 0.3324 
        H504  1 0.2925 0.2358 0.4716 
        H505  1 0.3140 0.3928 0.2932 
        H506  1 0.3313 0.3072 0.3615 
        H507  1 0.4126 0.2014 0.3860 
        H508  1 0.2893 0.3714 0.3393 
        H524  1 0.3734 0.2446 0.3820 
        H525  1 0.3459 0.2810 0.3731 
        H526  1 0.4258 0.2698 0.3044 
        H527  1 0.3082 0.3944 0.2974 
        H528  1 0.3839 0.2220 0.3940 
        H529  1 0.3734 0.2214 0.4052 
        H533  1 0.4159 0.2058 0.3783 
        H538  1 0.3574 0.3513 0.2914 
        H539  1 0.3134 0.2819 0.4048 
        H540  1 0.3753 0.3183 0.3063 
        H541  1 0.4035 0.3051 0.2915 
        H558  1 0.2857 0.2696 0.4448 
        H559  1 0.3693 0.3122 0.3185 
        H579  1 0.3645 0.2528 0.3827 
        H584  1 0.3127 0.2596 0.4277 
        H585  1 0.3608 0.2781 0.3611 
        H605  1 0.3296 0.3539 0.3165 
        H606  1 0.2882 0.4671 0.2447 
        H632  1 0.3029 0.2537 0.4434 
        H634  1 0.3473 0.2883 0.3644 
        H671  1 0.2589 0.4729 0.2682 
        H672  1 0.3393 0.3168 0.3439 
        H673  1 0.3783 0.2598 0.3618 
        H689  1 0.3906 0.2621 0.3472 
        H690  1 0.3658 0.3889 0.2453 
        H691  1 0.4096 0.3056 0.2847 
        H692  1 0.4298 0.1593 0.4109 
        H709  1 0.3584 0.2988 0.3428 
        H710  1 0.3927 0.1934 0.4139 
       H7355  1 0.4642 0.2392 0.2966 
       H7356  1 0.3169 0.3095 0.3736 
       H7357  1 0.3702 0.3643 0.2655 
       H7358  1 0.3704 0.2567 0.3729 
       H7380  1 0.3976 0.2740 0.3283 
       H7381  1 0.2634 0.4055 0.3311 
       H7382  1 0.3913 0.2625 0.3462 
        H904  1 0.2483 0.5650 0.1867 
        H923  1 0.3093 0.3454 0.3453 
        H924  1 0.3218 0.3752 0.3030 
        H925  1 0.3903 0.2794 0.3303 
       H9558  1 0.2744 0.2479 0.4777 
        H008  2 0.4557 0.2106 0.3337 
        H021  2 0.3069 0.4146 0.2785 
        H023  2 0.3085 0.4300 0.2616 
        H024  2 0.3362 0.2148 0.4490 
        H025  2 0.2775 0.3972 0.3252 
        H026  2 0.3035 0.2367 0.4598 
        H027  2 0.3860 0.3013 0.3127 
        H028  2 0.3684 0.2611 0.3704 
        H029  2 0.3539 0.2473 0.3988 
        H030  2 0.3211 0.2218 0.4572 
        H038  2 0.2598 0.4267 0.3135 
        H039  2 0.1811 0.6347 0.1842 
        H040  2 0.2543 0.4210 0.3247 
        H041  2 0.4302 0.2967 0.2731 
        H042  2 0.3364 0.3559 0.3077 
        H043  2 0.2278 0.4603 0.3119 
        H044  2 0.3606 0.2384 0.4010 
        H047  2 0.2595 0.3999 0.3406 
        H050  2 0.3283 0.2473 0.4244 
        H058  2 0.2846 0.3910 0.3244 
        H062  2 0.3025 0.4104 0.2871 
        H063  2 0.2973 0.4429 0.2598 
        H065  2 0.2690 0.3498 0.3812 
        H066  2 0.2868 0.3004 0.4128 
        H067  2 0.4111 0.2835 0.3054 
        H068  2 0.2476 0.4585 0.2939 
        H069  2 0.2622 0.3033 0.4345 
        H071  2 0.3056 0.4148 0.2796 
        H072  2 0.2791 0.4842 0.2368 
        H073  2 0.3505 0.2746 0.3749 
        H081  2 0.4344 0.3285 0.2371 
        H082  2 0.3665 0.2065 0.4270 
        H083  2 0.3423 0.2331 0.4246 
        H084  2 0.3163 0.3627 0.3210 
        H085  2 0.4435 0.2860 0.2705 
        H087  2 0.4476 0.3092 0.2432 
        H088  2 0.3520 0.4057 0.2423 
        H089  2 0.4132 0.2787 0.3081 
        H090  2 0.3665 0.2490 0.3845 
        H091  2 0.4002 0.2299 0.3699 
        H098  2 0.3914 0.2732 0.3354 
      H10001  2 0.1837 0.6310 0.1852 
      H10002  2 0.3553 0.4081 0.2366 
        H101  2 0.3173 0.2558 0.4269 
        H108  2 0.3517 0.4169 0.2314 
        H109  2 0.2925 0.3623 0.3452 
        H110  2 0.4875 0.2434 0.2691 
        H116  2 0.3431 0.2614 0.3956 
        H117  2 0.4388 0.2633 0.2979 
        H118  2 0.3655 0.1959 0.4386 
        H119  2 0.3168 0.3969 0.2863 
        H120  2 0.2824 0.5165 0.2010 
        H121  2 0.3842 0.2407 0.3751 
        H125  2 0.1874 0.6278 0.1848 
        H126  2 0.3060 0.2744 0.4197 
        H128  2 0.3191 0.1427 0.5382 
        H129  2 0.3176 0.2133 0.4692 
        H130  2 0.2393 0.4278 0.3329 
        H133  2 0.2321 0.5095 0.2584 
        H134  2 0.2534 0.2083 0.5382 
        H135  2 0.3972 0.3222 0.2807 
        H137  2 0.3544 0.3108 0.3348 
        H138  2 0.3114 0.2379 0.4506 
        H140  2 0.3540 0.3050 0.3410 
        H146  2 0.3317 0.2518 0.4165 
        H147  2 0.4455 0.2541 0.3004 
        H148  2 0.4628 0.2722 0.2650 
     H166022  2 0.4302 0.2264 0.3434 
     H167359  2 0.3519 0.2898 0.3583 
     H167397  2 0.4142 0.1588 0.4270 
     H167428  2 0.4666 0.1746 0.3588 
     H167496  2 0.3023 0.4776 0.2201 
     H167513  2 0.3107 0.3094 0.3799 
     H167545  2 0.3184 0.2348 0.4467 
     H167547  2 0.2659 0.2047 0.5294 
     H169621  2 0.3751 0.2391 0.3858 
     H169622  2 0.3936 0.2367 0.3697 
     H169750  2 0.2503 0.3939 0.3558 
     H171806  2 0.2725 0.3794 0.3482 
     H171808  2 0.3218 0.2992 0.3789 
     H171809  2 0.3910 0.3264 0.2827 
     H171813  2 0.2820 0.3349 0.3830 
     H171815  2 0.2186 0.5111 0.2703 
     H171824  2 0.3412 0.4347 0.2240 
     H171825  2 0.3634 0.2893 0.3473 
     H171826  2 0.3616 0.3622 0.2762 
     H171827  2 0.3513 0.3502 0.2984 
     H171828  2 0.2511 0.5609 0.1880 
     H171829  2 0.2626 0.3270 0.4103 
     H171830  2 0.3596 0.3221 0.3183 
     H171831  2 0.3534 0.2065 0.4400 
     H171832  2 0.3531 0.2825 0.3644 
     H171863  2 0.2996 0.1899 0.5105 
     H171864  2 0.3832 0.3146 0.3022 
     H171865  2 0.2504 0.4647 0.2850 
     H171879  2 0.3325 0.2996 0.3679 
     H171880  2 0.3843 0.2653 0.3504 
     H171881  2 0.4076 0.2806 0.3119 
     H171882  2 0.2300 0.5475 0.2224 
     H171929  2 0.3927 0.2930 0.3143 
     H171930  2 0.3233 0.2246 0.4521 
     H171933  2 0.3634 0.2931 0.3435 
     H171934  2 0.3849 0.3162 0.2990 
     H171937  2 0.2996 0.2529 0.4475 
     H171962  2 0.4012 0.2727 0.3261 
        H190  2 0.3963 0.2537 0.3500 
        H191  2 0.3234 0.3336 0.3430 
        H396  2 0.3446 0.3378 0.3176 
        H397  2 0.3485 0.2790 0.3725 
        H398  2 0.2765 0.3584 0.3651 
        H400  2 0.3629 0.3120 0.3251 
        H401  2 0.3384 0.1771 0.4845 
        H402  2 0.4357 0.2321 0.3322 
        H427  2 0.4090 0.2976 0.2935 
        H428  2 0.4652 0.1720 0.3628 
        H497  2 0.2950 0.3748 0.3302 
        H512  2 0.3625 0.3065 0.3310 
        H513  2 0.3110 0.3175 0.3715 
        H514  2 0.3116 0.2770 0.4113 
        H519  2 0.3151 0.3258 0.3591 
        H532  2 0.4162 0.2499 0.3339 
        H543  2 0.4517 0.2473 0.3011 
        H544  2 0.2615 0.3047 0.4339 
        H545  2 0.3016 0.2170 0.4814 
        H546  2 0.2692 0.4267 0.3041 
        H547  2 0.2801 0.2080 0.5119 
        H548  2 0.4184 0.2874 0.2942 
        H549  2 0.2716 0.2874 0.4410 
        H620  2 0.2382 0.5596 0.2022 
        H623  2 0.3377 0.2560 0.4063 
        H624  2 0.2141 0.3918 0.3942 
        H625  2 0.3773 0.2881 0.3346 
        H626  2 0.3424 0.3334 0.3242 
        H654  2 0.1814 0.5985 0.2201 
        H655  2 0.3037 0.4015 0.2948 
        H656  2 0.2587 0.5196 0.2217 
        H666  2 0.2045 0.5456 0.2499 
        H667  2 0.3875 0.2889 0.3236 
        H677  2 0.3662 0.2823 0.3514 
        H693  2 0.3327 0.4591 0.2082 
        H694  2 0.3573 0.2504 0.3923 
        H701  2 0.4114 0.2467 0.3419 
        H702  2 0.3446 0.3650 0.2904 
        H731  2 0.3272 0.3871 0.2857 
       H7359  2 0.3693 0.2940 0.3367 
       H7389  2 0.3064 0.3151 0.3785 
       H7390  2 0.2474 0.4960 0.2566 
       H7391  2 0.4751 0.2804 0.2445 
       H7392  2 0.2874 0.3560 0.3565 
       H7393  2 0.3050 0.3870 0.3080 
       H7398  2 0.4276 0.2951 0.2773 
       H7399  2 0.3937 0.2413 0.3650 
       H7400  2 0.1989 0.5854 0.2157 
        H745  2 0.2875 0.2292 0.4833 
        H746  2 0.3705 0.2447 0.3848 
        H747  2 0.2657 0.4529 0.2814 
        H748  2 0.3373 0.3306 0.3320 
       H7484  2 0.2496 0.4995 0.2509 
       H7485  2 0.3356 0.2782 0.3862 
        H749  2 0.3562 0.2441 0.3997 
        H930  2 0.3365 0.2346 0.4289 
        H931  2 0.3813 0.3070 0.3117 
        H932  2 0.3063 0.3482 0.3455 
        H111  3 0.3345 0.2433 0.4222 
        H951  3 0.3639 0.2391 0.3970 
        H952  3 0.2827 0.3193 0.3980 
        H953  3 0.3846 0.2636 0.3518 
        H954  3 0.2808 0.4660 0.2533 
        H955  3 0.3649 0.2345 0.4007 
        H956  3 0.3266 0.3679 0.3056 
       H9563  3 0.3704 0.3637 0.2659 
        H002  4 0.2493 0.4364 0.3143 
        H003  4 0.4044 0.2471 0.3484 
        H009  4 0.3011 0.2692 0.4297 
        H010  4 0.3840 0.3127 0.3033 
        H011  4 0.2752 0.5033 0.2214 
        H012  4 0.4673 0.2400 0.2928 
        H013  4 0.3788 0.3709 0.2503 
        H014  4 0.3466 0.3176 0.3357 
        H045  4 0.3620 0.3853 0.2527 
        H046  4 0.3643 0.2518 0.3839 
        H051  4 0.3548 0.4090 0.2362 
        H052  4 0.2586 0.3848 0.3565 
        H053  4 0.3051 0.3930 0.3019 
        H056  4 0.2662 0.4338 0.3000 
        H076  4 0.3803 0.2355 0.3842 
        H151  4 0.2085 0.5338 0.2577 
        H152  4 0.2496 0.4202 0.3302 
     H171803  4 0.2795 0.4385 0.2820 
     H171804  4 0.3177 0.3993 0.2829 
     H171833  4 0.3000 0.2440 0.4560 
     H171855  4 0.2203 0.4934 0.2863 
     H171856  4 0.2961 0.3525 0.3515 
     H171857  4 0.2386 0.4504 0.3110 
     H171858  4 0.3166 0.3196 0.3638 
     H171859  4 0.3048 0.3600 0.3352 
     H171961  4 0.3178 0.4216 0.2606 
        H198  4 0.4202 0.2051 0.3748 
      H20001  4 0.2859 0.2543 0.4599 
        H403  4 0.2763 0.3609 0.3628 
        H404  4 0.4354 0.2431 0.3215 
        H405  4 0.3883 0.2462 0.3655 
        H406  4 0.2362 0.2821 0.4817 
        H407  4 0.2993 0.3944 0.3063 
        H410  4 0.3639 0.2363 0.3998 
        H411  4 0.2997 0.2573 0.4431 
        H468  4 0.2513 0.3082 0.4405 
        H476  4 0.2965 0.3522 0.3513 
        H477  4 0.2544 0.2438 0.5018 
        H478  4 0.4168 0.2498 0.3334 
        H479  4 0.3455 0.3658 0.2887 
        H480  4 0.3209 0.2259 0.4532 
        H498  4 0.3644 0.2934 0.3422 
        H499  4 0.3237 0.3338 0.3424 
        H500  4 0.2940 0.4725 0.2335 
        H515  4 0.3186 0.3891 0.2923 
        H516  4 0.3025 0.3333 0.3642 
        H517  4 0.3279 0.3167 0.3554 
        H518  4 0.2563 0.3898 0.3539 
        H520  4 0.2673 0.4274 0.3054 
        H521  4 0.3850 0.3045 0.3106 
        H522  4 0.3045 0.3675 0.3280 
        H523  4 0.3155 0.3503 0.3341 
        H536  4 0.3639 0.2976 0.3385 
        H645  4 0.3857 0.3788 0.2355 
        H646  4 0.3391 0.2312 0.4297 
        H647  4 0.3044 0.3036 0.3920 
        H657  4 0.3559 0.2510 0.3931 
        H658  4 0.3335 0.3518 0.3147 
        H659  4 0.2088 0.5733 0.2179 
        H660  4 0.3164 0.3596 0.3240 
        H661  4 0.2670 0.4314 0.3016 
        H668  4 0.4520 0.2502 0.2978 
        H669  4 0.3764 0.3400 0.2836 
        H670  4 0.4116 0.3510 0.2374 
        H678  4 0.3375 0.3366 0.3259 
        H679  4 0.3980 0.2328 0.3692 
        H680  4 0.2974 0.3184 0.3842 
        H681  4 0.3625 0.3658 0.2717 
        H682  4 0.4075 0.2782 0.3143 
        H683  4 0.2328 0.3970 0.3702 
        H718  4 0.2538 0.4751 0.2711 
        H719  4 0.3902 0.3576 0.2522 
        H720  4 0.2871 0.3601 0.3528 
        H721  4 0.2652 0.3737 0.3610 
        H722  4 0.2275 0.3834 0.3891 
        H723  4 0.3297 0.4187 0.2516 
        H724  4 0.2149 0.5473 0.2378 
        H725  4 0.2295 0.5090 0.2615 
        H726  4 0.2982 0.4324 0.2694 
        H727  4 0.3338 0.4155 0.2507 
        H910  4 0.3365 0.4005 0.2629 
        H911  4 0.3243 0.2762 0.3994 
        H912  4 0.2842 0.3553 0.3605 
        H913  4 0.2825 0.4103 0.3072 
        H914  4 0.3208 0.4614 0.2178 
        H915  4 0.3202 0.3532 0.3266 
        H916  4 0.2788 0.3145 0.4067 
       H9572  4 0.3163 0.3672 0.3165 
        H015  5 0.3396 0.2484 0.4120 
        H016  5 0.3103 0.2399 0.4497 
        H017  5 0.2630 0.3348 0.4021 
        H019  5 0.3531 0.2752 0.3717 
        H020  5 0.3069 0.3719 0.3212 
        H032  5 0.3110 0.3579 0.3311 
        H033  5 0.4280 0.2728 0.2992 
        H034  5 0.3328 0.4380 0.2292 
        H035  5 0.3223 0.3328 0.3449 
        H036  5 0.3354 0.2948 0.3698 
        H037  5 0.2861 0.4382 0.2757 
        H048  5 0.2858 0.4750 0.2391 
        H049  5 0.2915 0.3160 0.3925 
        H054  5 0.3300 0.3440 0.3259 
        H055  5 0.3249 0.3769 0.2982 
        H057  5 0.2654 0.3166 0.4180 
        H060  5 0.2800 0.3817 0.3383 
        H061  5 0.3744 0.2722 0.3534 
        H064  5 0.3191 0.3737 0.3072 
        H070  5 0.3638 0.3755 0.2606 
        H077  5 0.2704 0.4608 0.2687 
        H078  5 0.2452 0.4257 0.3291 
        H079  5 0.4295 0.2461 0.3244 
        H097  5 0.2392 0.3530 0.4078 
        H107  5 0.2503 0.5673 0.1824 
        H122  5 0.2927 0.3043 0.4030 
        H123  5 0.3355 0.2478 0.4167 
        H124  5 0.3773 0.2471 0.3757 
        H131  5 0.3806 0.2691 0.3503 
        H132  5 0.3342 0.3668 0.2990 
        H141  5 0.3015 0.3944 0.3041 
        H142  5 0.4033 0.2322 0.3645 
        H157  5 0.2811 0.4637 0.2552 
        H158  5 0.2865 0.2422 0.4712 
        H159  5 0.3704 0.2344 0.3952 
        H160  5 0.2942 0.3393 0.3665 
        H163  5 0.3627 0.2729 0.3644 
        H164  5 0.3878 0.2817 0.3305 
        H165  5 0.4517 0.2222 0.3260 
        H166  5 0.3390 0.2847 0.3763 
        H169  5 0.3739 0.3185 0.3076 
     H169613  5 0.3265 0.3236 0.3499 
     H169653  5 0.3961 0.2681 0.3358 
     H169728  5 0.3463 0.2803 0.3733 
     H169742  5 0.3739 0.3518 0.2743 
        H170  5 0.2697 0.2955 0.4348 
        H171  5 0.2926 0.2746 0.4328 
     H171851  5 0.3303 0.3119 0.3579 
     H171852  5 0.2585 0.4031 0.3384 
     H171853  5 0.3514 0.3893 0.2593 
     H171854  5 0.3370 0.3054 0.3576 
     H171938  5 0.4306 0.3225 0.2468 
     H171939  5 0.3046 0.2585 0.4368 
     H171941  5 0.3018 0.4759 0.2223 
     H171965  5 0.3826 0.2435 0.3739 
     H171970  5 0.2575 0.5321 0.2104 
     H171973  5 0.4263 0.2616 0.3122 
     H171974  5 0.3850 0.3334 0.2816 
     H171975  5 0.3489 0.3719 0.2792 
     H171976  5 0.2544 0.3108 0.4347 
        H175  5 0.3031 0.4300 0.2669 
        H178  5 0.3458 0.3661 0.2881 
        H189  5 0.3805 0.2101 0.4094 
        H399  5 0.2379 0.2985 0.4635 
        H416  5 0.3329 0.3668 0.3002 
        H438  5 0.4076 0.3289 0.2635 
        H450  5 0.2782 0.4512 0.2706 
        H455  5 0.2900 0.5025 0.2075 
        H456  5 0.3587 0.3357 0.3056 
        H457  5 0.2563 0.4178 0.3258 
        H458  5 0.3196 0.4124 0.2679 
        H459  5 0.3945 0.2333 0.3722 
        H460  5 0.3222 0.3514 0.3263 
        H461  5 0.2704 0.3063 0.4233 
        H462  5 0.3968 0.2783 0.3248 
        H469  5 0.4191 0.2355 0.3454 
        H470  5 0.3458 0.3506 0.3035 
        H471  5 0.2963 0.2188 0.4848 
        H481  5 0.2291 0.5358 0.2351 
        H482  5 0.3042 0.3852 0.3106 
        H501  5 0.3748 0.3374 0.2878 
        H502  5 0.3784 0.2171 0.4046 
        H503  5 0.3208 0.2818 0.3973 
        H509  5 0.2991 0.4559 0.2450 
        H510  5 0.3715 0.3107 0.3178 
        H511  5 0.3533 0.2534 0.3933 
        H530  5 0.3628 0.3759 0.2613 
        H531  5 0.2458 0.4622 0.2920 
        H564  5 0.3163 0.3806 0.3031 
        H565  5 0.2357 0.5039 0.2604 
        H567  5 0.3819 0.2125 0.4056 
     H568???  5 0.3159 0.2477 0.4363 
        H608  5 0.2771 0.4524 0.2705 
        H609  5 0.4235 0.3054 0.2711 
        H612  5 0.2843 0.5119 0.2038 
        H614  5 0.2344 0.4893 0.2763 
        H615  5 0.2505 0.4322 0.3173 
        H616  5 0.2421 0.5673 0.1906 
        H617  5 0.4145 0.2374 0.3480 
        H618  5 0.2906 0.4617 0.2477 
        H619  5 0.4527 0.2516 0.2957 
        H635  5 0.3755 0.3138 0.3107 
        H636  5 0.4635 0.2654 0.2711 
        H637  5 0.3309 0.3641 0.3050 
        H644  5 0.2999 0.1672 0.5328 
        H711  5 0.2817 0.2814 0.4369 
        H712  5 0.3345 0.4050 0.2605 
       H7360  5 0.3140 0.3358 0.3502 
       H7361  5 0.2934 0.4380 0.2686 
       H7362  5 0.3212 0.1917 0.4871 
       H7363  5 0.2799 0.3916 0.3285 
       H7394  5 0.4009 0.2439 0.3552 
       H7395  5 0.3776 0.3318 0.2906 
       H7396  5 0.3493 0.3275 0.3232 
        H742  5 0.3766 0.3604 0.2629 
        H743  5 0.2834 0.3651 0.3515 
        H744  5 0.2415 0.5207 0.2378 
        H957  5 0.3008 0.3168 0.3823 
        H958  5 0.3375 0.2872 0.3753 
        H959  5 0.3237 0.4494 0.2268 
        H960  5 0.3405 0.3397 0.3198 
      H_PALI  6 0.3786 0.2823 0.3391 
        H581  6 0.2674 0.3945 0.3381 
        H582  6 0.2364 0.4950 0.2686 
        H583  6 0.2960 0.3670 0.3370 
        H595  6 0.3598 0.2200 0.4202 
        H596  6 0.3750 0.2123 0.4127 
        H597  6 0.3318 0.2321 0.4361 
        H598  6 0.3605 0.3439 0.2955 
        H599  6 0.3119 0.4330 0.2552 
        H642  6 0.2980 0.2679 0.4341 
        H643  6 0.3488 0.3326 0.3186 
        H664  6 0.2079 0.4612 0.3310 
        H665  6 0.4415 0.3011 0.2573 
        H674  6 0.2970 0.2034 0.4995 
        H675  6 0.2686 0.3998 0.3316 
        H676  6 0.3346 0.2537 0.4118 
        H686  6 0.3421 0.2958 0.3621 
        H687  6 0.3108 0.3298 0.3594 
        H917  6 0.4544 0.2242 0.3214 
        H918  6 0.4211 0.2834 0.2955 
        H919  6 0.2888 0.4958 0.2153 
        H920  6 0.3077 0.4005 0.2918 
        H631  7 0.2936 0.4117 0.2946 
        H684  7 0.3360 0.2310 0.4330 
        H685  7 0.2214 0.4913 0.2873 
        H713  7 0.2662 0.4932 0.2406 
        H715  7 0.3109 0.2657 0.4234 
        H716  7 0.3344 0.3800 0.2856 
        H717  7 0.3207 0.3657 0.3136 
        H729  7 0.4847 0.2125 0.3029 
        H730  7 0.3791 0.3563 0.2646 
        H431  8 0.2882 0.4238 0.2880 
        H432  8 0.3376 0.2199 0.4425 
        H433  8 0.4274 0.2717 0.3009 
        H434  8 0.3833 0.2840 0.3327 
        H444  8 0.4471 0.2750 0.2778 
        H454  8 0.3039 0.4699 0.2262 
        H475  8 0.2556 0.4873 0.2571 
        H491  8 0.3340 0.3890 0.2770 
        H492  8 0.2930 0.4263 0.2807 
        H493  8 0.3193 0.2986 0.3821 
        H494  8 0.3393 0.3604 0.3003 
        H495  8 0.2123 0.4529 0.3348 
        H662  8 0.2985 0.2916 0.4098 
        H663  8 0.3401 0.3400 0.3199 
        H695  8 0.3535 0.3628 0.2838 
       H7367  8 0.4141 0.2271 0.3587 
       H7368  8 0.3730 0.2568 0.3702 
       H7369  8 0.4150 0.3074 0.2776 
       H7370  8 0.3698 0.2065 0.4237 
       H7371  8 0.3993 0.2940 0.3067 
        H600  9 0.2985 0.4212 0.2804 
        H648  9 0.3099 0.3305 0.3596 
        H696  9 0.2966 0.1912 0.5122 
        H697  9 0.3506 0.3100 0.3394 
        H698  9 0.3364 0.2809 0.3827 
        H699  9 0.3577 0.3157 0.3265 
        H700  9 0.3230 0.4200 0.2570 
        H732  9 0.2300 0.4798 0.2903 
        H733  9 0.4148 0.2361 0.3491 
        H734  9 0.3418 0.2205 0.4377 
        H735  9 0.3182 0.2816 0.4001 
        H736  9 0.3181 0.3481 0.3338 
        H737  9 0.2981 0.3930 0.3089 
        H905  9 0.3514 0.4033 0.2453 
        H921  9 0.3733 0.3822 0.2445 
        H922  9 0.4261 0.2138 0.3601 
     H169705 10 0.3499 0.2914 0.3588 
     H171942 10 0.3572 0.2155 0.4273 
     H171943 10 0.2845 0.3103 0.4052 
     H171944 10 0.3576 0.3332 0.3092 
     H171946 10 0.2196 0.4310 0.3494 
     H171947 10 0.3704 0.2686 0.3610 
     H229641 10 0.3314 0.3235 0.3451 
      H30001 10 0.3702 0.3559 0.2739 
      H30002 10 0.3722 0.3207 0.3071 
      H30005 10 0.3472 0.3023 0.3505 
      H30006 10 0.3185 0.2591 0.4224 
      H30007 10 0.2453 0.2003 0.5543 
        H451 10 0.4405 0.2325 0.3271 
        H452 10 0.2816 0.3104 0.4081 
        H453 10 0.2368 0.4780 0.2853 
        H473 10 0.3142 0.3554 0.3304 
        H474 10 0.2086 0.5167 0.2746 
        H486 10 0.3124 0.3896 0.2980 
        H487 10 0.3041 0.4096 0.2863 
        H488 10 0.4235 0.3348 0.2417 
        H489 10 0.2740 0.4685 0.2575 
        H550 10 0.3045 0.2580 0.4375 
        H551 10 0.3674 0.3534 0.2792 
        H553 10 0.2397 0.4505 0.3098 
        H554 10 0.3807 0.2619 0.3574 
        H556 10 0.2713 0.3548 0.3738 
        H580 10 0.3741 0.2985 0.3274 
        H591 10 0.2440 0.5289 0.2271 
        H592 10 0.3051 0.3991 0.2959 
        H593 10 0.3684 0.2863 0.3453 
        H594 10 0.3716 0.1956 0.4328 
        H627 10 0.2937 0.3347 0.3715 
        H628 10 0.4677 0.1995 0.3328 
        H629 10 0.2758 0.3471 0.3771 
        H630 10 0.2834 0.3424 0.3742 
        H638 10 0.3602 0.2914 0.3483 
        H639 10 0.2425 0.4449 0.3127 
        H640 10 0.3467 0.2603 0.3930 
        H704 10 0.3245 0.2506 0.4249 
        H705 10 0.3536 0.2919 0.3545 
        H706 10 0.3519 0.4242 0.2238 
        H708 10 0.2493 0.5003 0.2504 
       H7351 10 0.3279 0.3021 0.3700 
       H7352 10 0.3258 0.3473 0.3269 
       H7353 10 0.2885 0.2479 0.4635 
       H7354 10 0.3286 0.3893 0.2820 
       H7365 10 0.2608 0.5034 0.2357 
       H7383 10 0.3681 0.3939 0.2380 
       H7384 10 0.3453 0.3847 0.2700 
       H7385 10 0.3126 0.4339 0.2535 
       H7386 10 0.3942 0.3036 0.3022 
       H7387 10 0.3662 0.2993 0.3345 
       H7388 10 0.3272 0.3239 0.3489 
        H906 10 0.2814 0.3954 0.3232 
        H907 10 0.3526 0.2478 0.3996 
        H908 10 0.3801 0.3157 0.3042 
        H909 10 0.3831 0.3334 0.2835 
       H9552 10 0.3183 0.3263 0.3554 
       H9553 10 0.2764 0.4013 0.3223 
       H9555 10 0.4000 0.2782 0.3218 
       H9575 10 0.2560 0.4461 0.2979 
       H9703 10 0.2230 0.5249 0.2521 
       H9707 10 0.2883 0.4280 0.2837 
       HSAA4 10 0.3635 0.2921 0.3444 
        H001 11 0.3292 0.3805 0.2903 
        H004 11 0.3537 0.2983 0.3480 
        H005 11 0.3072 0.4702 0.2226 
        H006 11 0.3822 0.3388 0.2790 
        H007 11 0.3388 0.4409 0.2203 
        H031 11 0.2558 0.5342 0.2100 
        H074 11 0.2486 0.4658 0.2856 
        H075 11 0.2879 0.4799 0.2323 
        H080 11 0.2998 0.4486 0.2516 
        H086 11 0.3183 0.3581 0.3235 
        H092 11 0.3057 0.3966 0.2977 
        H093 11 0.3586 0.2067 0.4348 
        H094 11 0.3242 0.2893 0.3865 
        H095 11 0.2885 0.4286 0.2829 
        H096 11 0.3830 0.3699 0.2470 
        H099 11 0.3181 0.3971 0.2848 
        H100 11 0.3637 0.2353 0.4009 
        H127 11 0.3202 0.3796 0.3002 
        H136 11 0.2452 0.4868 0.2680 
        H153 11 0.3591 0.2924 0.3485 
        H154 11 0.2382 0.4919 0.2700 
        H155 11 0.4679 0.2227 0.3094 
        H156 11 0.4782 0.1804 0.3414 
        H161 11 0.3273 0.2854 0.3872 
        H162 11 0.3636 0.2346 0.4018 
        H167 11 0.4024 0.2672 0.3304 
        H168 11 0.3659 0.3064 0.3278 
     H169586 11 0.2083 0.3761 0.4156 
     H169738 11 0.4452 0.2420 0.3128 
     H169741 11 0.2776 0.4383 0.2841 
     H171801 11 0.3526 0.2484 0.3990 
     H171810 11 0.2625 0.4361 0.3014 
     H171811 11 0.2317 0.4674 0.3008 
     H171812 11 0.3804 0.3682 0.2514 
     H171820 11 0.2574 0.4672 0.2753 
     H171821 11 0.3744 0.2731 0.3525 
     H171822 11 0.3546 0.3173 0.3281 
     H171823 11 0.2252 0.4316 0.3431 
     H171866 11 0.3336 0.2485 0.4179 
     H171867 11 0.4685 0.2474 0.2841 
     H171967 11 0.3175 0.4432 0.2393 
     H171969 11 0.3519 0.3321 0.3160 
        H172 11 0.3722 0.3126 0.3153 
        H173 11 0.4264 0.3056 0.2681 
        H174 11 0.3187 0.2260 0.4553 
        H196 11 0.3714 0.2657 0.3629 
        H197 11 0.4344 0.2611 0.3045 
        H346 11 0.3853 0.3530 0.2617 
        H355 11 0.3211 0.3764 0.3025 
        H356 11 0.3162 0.3782 0.3056 
        H357 11 0.3143 0.4183 0.2674 
        H358 11 0.4011 0.3327 0.2663 
        H359 11 0.3275 0.3394 0.3331 
        H360 11 0.3944 0.3250 0.2805 
        H361 11 0.3976 0.2899 0.3125 
        H362 11 0.4135 0.2032 0.3833 
        H363 11 0.3002 0.4511 0.2487 
        H364 11 0.3168 0.3370 0.3462 
        H365 11 0.3628 0.2777 0.3595 
        H366 11 0.3908 0.2693 0.3399 
        H367 11 0.2348 0.4954 0.2698 
        H368 11 0.2936 0.2609 0.4455 
        H369 11 0.2855 0.5017 0.2128 
        H370 11 0.3825 0.2560 0.3614 
        H371 11 0.3272 0.3320 0.3408 
        H372 11 0.3443 0.3188 0.3368 
        H373 11 0.3566 0.3320 0.3114 
        H374 11 0.3496 0.3946 0.2558 
        H375 11 0.3566 0.3913 0.2521 
        H376 11 0.3517 0.2657 0.3825 
        H377 11 0.3543 0.3575 0.2882 
        H378 11 0.2878 0.3980 0.3142 
        H379 11 0.3363 0.3030 0.3607 
        H380 11 0.4750 0.2293 0.2957 
        H381 11 0.2500 0.4399 0.3101 
        H382 11 0.4261 0.1884 0.3856 
        H383 11 0.4027 0.2261 0.3712 
        H384 11 0.2823 0.4230 0.2947 
        H385 11 0.3008 0.3908 0.3085 
        H386 11 0.4575 0.2873 0.2552 
        H387 11 0.2333 0.3236 0.4431 
        H388 11 0.4062 0.2099 0.3839 
        H389 11 0.3894 0.3445 0.2662 
        H390 11 0.3873 0.2880 0.3247 
        H391 11 0.2621 0.2882 0.4497 
        H392 11 0.2975 0.4629 0.2397 
        H393 11 0.3557 0.2281 0.4162 
        H394 11 0.2749 0.2348 0.4903 
        H395 11 0.3043 0.4442 0.2515 
        H408 11 0.3892 0.3411 0.2697 
        H412 11 0.1704 0.5029 0.3267 
        H417 11 0.3143 0.3780 0.3077 
        H418 11 0.2510 0.3628 0.3862 
        H429 11 0.3994 0.2907 0.3099 
        H430 11 0.4156 0.2545 0.3299 
        H439 11 0.3520 0.3550 0.2929 
        H440 11 0.2564 0.4823 0.2614 
        H441 11 0.3801 0.2796 0.3403 
        H442 11 0.3843 0.2683 0.3474 
        H446 11 0.3248 0.3141 0.3611 
        H447 11 0.4295 0.2501 0.3204 
        H448 11 0.4119 0.3043 0.2838 
        H534 11 0.2220 0.5235 0.2545 
        H537 11 0.2541 0.4701 0.2758 
        H568 11 0.2359 0.5301 0.2340 
        H569 11 0.4471 0.1918 0.3611 
        H586 11 0.2081 0.3677 0.4241 
        H587 11 0.2412 0.5256 0.2331 
        H588 11 0.2939 0.2294 0.4767 
        H589 11 0.2434 0.4961 0.2605 
        H590 11 0.2897 0.4222 0.2881 
        H601 11 0.4068 0.2145 0.3786 
        H602 11 0.3053 0.3965 0.2983 
        H603 11 0.4659 0.2415 0.2926 
        H610 11 0.3269 0.3782 0.2949 
        H611 11 0.2795 0.4195 0.3011 
        H649 11 0.3468 0.3343 0.3189 
        H650 11 0.3138 0.2533 0.4328 
        H651 11 0.4232 0.3061 0.2707 
        H652 11 0.2949 0.3385 0.3667 
       H7364 11 0.3661 0.2879 0.3460 
       H7366 11 0.3863 0.3443 0.2694 
       H7378 11 0.2705 0.1568 0.5728 
       H7379 11 0.3443 0.3237 0.3319 
        H739 11 0.2643 0.4383 0.2974 
        H740 11 0.3394 0.2687 0.3919 
        H741 11 0.2787 0.4373 0.2840 
        H926 11 0.3425 0.2765 0.3811 
        H927 11 0.3898 0.2750 0.3352 
        H928 11 0.3198 0.3246 0.3556 
       H9560 11 0.3028 0.3133 0.3839 
        H409 12 0.4639 0.2347 0.3014 
        H413 12 0.2851 0.2250 0.4899 
        H419 12 0.4153 0.2792 0.3056 
        H420 12 0.3269 0.3802 0.2929 
        H421 12 0.3985 0.2014 0.4001 
        H435 12 0.3708 0.2417 0.3875 
        H436 12 0.3868 0.3481 0.2651 
        H437 12 0.2594 0.4397 0.3010 
        H445 12 0.4406 0.2491 0.3102 
        H449 12 0.3098 0.2915 0.3987 
        H463 12 0.3030 0.4046 0.2924 
        H464 12 0.3359 0.2283 0.4358 
        H465 12 0.2391 0.3060 0.4549 
        H490 12 0.3474 0.2375 0.4151 
        H561 12 0.3398 0.3164 0.3438 
        H562 12 0.4262 0.3285 0.2453 
        H563 12 0.3690 0.3674 0.2636 
        H570 12 0.3432 0.4127 0.2441 
        H571 12 0.2747 0.3185 0.4068 
        H572 12 0.3297 0.3812 0.2891 
        H573 12 0.4467 0.2355 0.3178 
       H7372 12 0.4673 0.1937 0.3390 
       H7373 12 0.2788 0.2293 0.4918 
       H7374 12 0.3257 0.4102 0.2641 
       H7375 12 0.3224 0.4075 0.2701 
       H7376 12 0.5124 0.2186 0.2690 
       H7377 12 0.2888 0.4304 0.2808 
