        H102  1 0.3254 0.2111 0.1838 0.1657 0.1139 
        H103  1 0.2641 0.1528 0.1080 0.2419 0.2333 
        H104  1 0.1657 0.2514 0.2532 0.1450 0.1848 
        H105  1 0.2641 0.2335 0.1770 0.1645 0.1610 
        H106  1 0.1968 0.1893 0.2049 0.2020 0.2070 
        H112  1 0.2363 0.1715 0.2483 0.1641 0.1799 
        H113  1 0.1954 0.2166 0.1542 0.1589 0.2748 
        H114  1 0.2285 0.2164 0.1135 0.1589 0.2827 
        H115  1 0.2491 0.2610 0.1920 0.1357 0.1622 
        H143  1 0.2710 0.2386 0.1460 0.1877 0.1567 
        H144  1 0.2058 0.2261 0.0988 0.3257 0.1435 
        H145  1 0.2712 0.1779 0.1054 0.2381 0.2075 
        H149  1 0.1793 0.2282 0.2907 0.1585 0.1434 
        H150  1 0.1858 0.1870 0.1809 0.2572 0.1892 
     H167542  1 0.1873 0.3580 0.1233 0.1605 0.1708 
     H169604  1 0.2393 0.2599 0.1399 0.1736 0.1872 
     H169607  1 0.1988 0.2642 0.1252 0.2414 0.1704 
     H169608  1 0.2607 0.1739 0.2756 0.1621 0.1278 
     H169633  1 0.1958 0.2367 0.1148 0.1942 0.2585 
     H169688  1 0.2025 0.1579 0.1802 0.3016 0.1578 
     H169714  1 0.1701 0.2179 0.2449 0.1696 0.1974 
     H171802  1 0.1477 0.1469 0.3032 0.1550 0.2472 
     H171805  1 0.2635 0.1903 0.1549 0.2059 0.1853 
     H171807  1 0.2245 0.1771 0.2439 0.2019 0.1526 
     H171814  1 0.1441 0.1736 0.1173 0.2906 0.2745 
     H171816  1 0.2197 0.1602 0.2614 0.1861 0.1725 
     H171817  1 0.2171 0.1748 0.2437 0.1645 0.2000 
     H171818  1 0.1872 0.2170 0.1694 0.1993 0.2270 
     H171819  1 0.2016 0.1743 0.1955 0.1881 0.2404 
     H171834  1 0.3347 0.1692 0.1615 0.1712 0.1634 
     H171835  1 0.1427 0.2096 0.3135 0.1539 0.1803 
     H171836  1 0.2053 0.1583 0.0912 0.2188 0.3264 
     H171837  1 0.1766 0.2795 0.2079 0.1585 0.1776 
     H171838  1 0.2728 0.1233 0.1404 0.1815 0.2819 
     H171839  1 0.1755 0.2649 0.2085 0.1564 0.1947 
     H171841  1 0.1963 0.1057 0.4278 0.1536 0.1166 
     H171860  1 0.2332 0.2127 0.1800 0.1725 0.2017 
     H171861  1 0.3028 0.1599 0.0854 0.2030 0.2490 
     H171862  1 0.2498 0.2037 0.1650 0.1908 0.1906 
     H171868  1 0.2898 0.2795 0.1342 0.1486 0.1480 
     H171869  1 0.1902 0.1754 0.1437 0.3127 0.1780 
     H171870  1 0.1831 0.1622 0.2515 0.2291 0.1741 
     H171871  1 0.2017 0.1483 0.1394 0.2172 0.2934 
     H171872  1 0.1917 0.2445 0.2086 0.1491 0.2061 
     H171873  1 0.1612 0.1880 0.2367 0.2357 0.1784 
     H171874  1 0.2948 0.1867 0.1508 0.2197 0.1480 
     H171875  1 0.2447 0.2098 0.0978 0.2181 0.2296 
     H171876  1 0.2610 0.2442 0.1215 0.2059 0.1675 
     H171877  1 0.2066 0.3617 0.1288 0.1396 0.1632 
     H171878  1 0.1826 0.1559 0.2731 0.2309 0.1574 
     H171901  1 0.1424 0.1996 0.2824 0.1723 0.2034 
     H171902  1 0.1749 0.2155 0.2115 0.2520 0.1461 
     H171903  1 0.2290 0.1933 0.1746 0.1940 0.2091 
     H171935  1 0.1798 0.1402 0.2889 0.1862 0.2049 
     H171936  1 0.1594 0.2797 0.1190 0.1730 0.2689 
     H171940  1 0.2127 0.2454 0.2392 0.1771 0.1256 
     H171945  1 0.1588 0.1835 0.2083 0.2602 0.1892 
     H171948  1 0.2798 0.1474 0.2308 0.1500 0.1921 
     H171949  1 0.1681 0.1896 0.3353 0.1591 0.1479 
     H171950  1 0.1572 0.1898 0.3594 0.1507 0.1429 
     H171963  1 0.1941 0.1667 0.1432 0.2693 0.2267 
     H171964  1 0.1945 0.1674 0.1361 0.3352 0.1668 
     H171966  1 0.2543 0.1409 0.1915 0.2093 0.2039 
     H171968  1 0.2024 0.2131 0.2427 0.2176 0.1242 
     H171971  1 0.2132 0.1348 0.2054 0.2024 0.2442 
     H171972  1 0.2557 0.1417 0.1229 0.2454 0.2344 
     H171977  1 0.1588 0.2360 0.1080 0.2914 0.2058 
     H171978  1 0.2295 0.1472 0.2698 0.2048 0.1487 
     H171979  1 0.2455 0.1516 0.1056 0.2206 0.2767 
        H176  1 0.2250 0.2277 0.1599 0.1887 0.1988 
        H177  1 0.1621 0.2144 0.3395 0.1506 0.1335 
        H179  1 0.1593 0.2871 0.2715 0.1305 0.1515 
        H181  1 0.2249 0.1524 0.1305 0.2421 0.2500 
        H182  1 0.3001 0.1682 0.0949 0.2107 0.2261 
        H183  1 0.1896 0.1492 0.1485 0.2964 0.2163 
        H184  1 0.2235 0.1724 0.2614 0.1594 0.1832 
        H185  1 0.1852 0.2315 0.1315 0.2123 0.2394 
        H186  1 0.2234 0.1795 0.2157 0.2803 0.1010 
        H187  1 0.1931 0.1761 0.2030 0.1979 0.2300 
        H188  1 0.1681 0.3124 0.1979 0.1528 0.1688 
        H192  1 0.2071 0.1592 0.3166 0.1583 0.1588 
        H193  1 0.2796 0.2007 0.1122 0.2267 0.1806 
        H194  1 0.2194 0.2171 0.2024 0.1712 0.1900 
        H195  1 0.2074 0.1357 0.1642 0.3446 0.1481 
        H199  1 0.1682 0.1803 0.1517 0.3087 0.1910 
        H200  1 0.1782 0.1839 0.2621 0.1892 0.1866 
        H414  1 0.2221 0.1654 0.1560 0.2377 0.2188 
        H415  1 0.2333 0.1905 0.1347 0.1814 0.2600 
        H422  1 0.2079 0.1644 0.2267 0.2504 0.1506 
        H423  1 0.1508 0.1273 0.4687 0.1225 0.1307 
        H424  1 0.1878 0.1423 0.1236 0.2902 0.2561 
        H425  1 0.1282 0.1977 0.1270 0.3708 0.1764 
        H426  1 0.1900 0.1406 0.1471 0.3458 0.1764 
        H443  1 0.1710 0.2895 0.1075 0.3332 0.0988 
        H466  1 0.2188 0.2171 0.1890 0.1946 0.1805 
        H467  1 0.1742 0.1655 0.3531 0.1660 0.1413 
        H472  1 0.1426 0.2631 0.2059 0.2039 0.1845 
        H483  1 0.2492 0.2497 0.1215 0.1996 0.1801 
        H504  1 0.1539 0.1679 0.1279 0.3175 0.2329 
        H505  1 0.1537 0.2324 0.2513 0.1759 0.1867 
        H506  1 0.2038 0.1954 0.1926 0.2438 0.1644 
        H507  1 0.2118 0.2303 0.0887 0.2197 0.2495 
        H508  1 0.1485 0.2006 0.2436 0.2131 0.1941 
        H524  1 0.1526 0.2340 0.1230 0.2174 0.2731 
        H525  1 0.2192 0.2528 0.1386 0.2385 0.1509 
        H526  1 0.1793 0.3569 0.1400 0.1472 0.1766 
        H527  1 0.2328 0.1681 0.2751 0.1773 0.1467 
        H528  1 0.2438 0.1745 0.1140 0.2365 0.2311 
        H529  1 0.1608 0.2520 0.0961 0.2644 0.2267 
        H533  1 0.2580 0.1658 0.0854 0.1590 0.3318 
        H538  1 0.1775 0.2908 0.1806 0.1802 0.1708 
        H539  1 0.2177 0.1568 0.1882 0.2365 0.2007 
        H540  1 0.2067 0.1960 0.1848 0.1936 0.2189 
        H541  1 0.1863 0.3038 0.1424 0.1763 0.1912 
        H558  1 0.2613 0.1126 0.1653 0.2212 0.2396 
        H559  1 0.2479 0.2549 0.1662 0.2019 0.1292 
        H579  1 0.3069 0.1889 0.1273 0.2190 0.1579 
        H584  1 0.1842 0.1683 0.1385 0.3117 0.1973 
        H585  1 0.1938 0.1785 0.1597 0.2217 0.2464 
        H605  1 0.1952 0.1908 0.2524 0.1836 0.1780 
        H606  1 0.1755 0.2269 0.3409 0.1387 0.1180 
        H632  1 0.1953 0.2143 0.1177 0.3070 0.1658 
        H634  1 0.2226 0.1877 0.1658 0.2400 0.1839 
        H671  1 0.1416 0.1978 0.3589 0.1557 0.1459 
        H672  1 0.1478 0.2025 0.1788 0.2076 0.2633 
        H673  1 0.2422 0.2149 0.1328 0.2791 0.1310 
        H689  1 0.2202 0.2372 0.1367 0.2343 0.1716 
        H690  1 0.2180 0.2263 0.2097 0.1454 0.2007 
        H691  1 0.2154 0.3320 0.1423 0.1671 0.1432 
        H692  1 0.2236 0.1475 0.0796 0.3167 0.2326 
        H709  1 0.2489 0.1765 0.1510 0.2036 0.2200 
        H710  1 0.2896 0.1413 0.0965 0.2432 0.2294 
       H7355  1 0.2341 0.2671 0.1016 0.1544 0.2428 
       H7356  1 0.2257 0.1887 0.1821 0.2293 0.1742 
       H7357  1 0.2164 0.2373 0.2055 0.1547 0.1861 
       H7358  1 0.1871 0.2645 0.1379 0.2337 0.1768 
       H7380  1 0.2950 0.2118 0.1350 0.2049 0.1532 
       H7381  1 0.1969 0.1548 0.2585 0.2475 0.1423 
       H7382  1 0.2512 0.2050 0.1535 0.2210 0.1693 
        H904  1 0.1722 0.1850 0.4213 0.1198 0.1017 
        H923  1 0.1771 0.1947 0.2339 0.2146 0.1797 
        H924  1 0.1676 0.2419 0.2175 0.2124 0.1606 
        H925  1 0.1362 0.4134 0.1249 0.1625 0.1630 
       H9558  1 0.2643 0.1092 0.1527 0.2355 0.2383 
        H008  2 0.2700 0.1914 0.1125 0.1737 0.2525 
        H021  2 0.1797 0.2720 0.2306 0.1547 0.1631 
        H023  2 0.1900 0.3098 0.2046 0.1555 0.1401 
        H024  2 0.1557 0.1190 0.1140 0.2362 0.3751 
        H025  2 0.1753 0.1361 0.3208 0.2148 0.1531 
        H026  2 0.1466 0.1570 0.1166 0.3140 0.2658 
        H027  2 0.1671 0.2991 0.1465 0.1811 0.2061 
        H028  2 0.2302 0.1728 0.1382 0.2240 0.2348 
        H029  2 0.1498 0.2408 0.1241 0.2149 0.2704 
        H030  2 0.1951 0.1463 0.1095 0.2415 0.3076 
        H038  2 0.1424 0.2799 0.2763 0.1601 0.1413 
        H039  2 0.1073 0.1077 0.5803 0.1030 0.1017 
        H040  2 0.1350 0.2083 0.2894 0.1599 0.2074 
        H041  2 0.2059 0.2455 0.1506 0.1693 0.2286 
        H042  2 0.1704 0.2568 0.2051 0.1833 0.1844 
        H043  2 0.1720 0.1307 0.3981 0.1730 0.1262 
        H044  2 0.2365 0.1133 0.1481 0.2138 0.2884 
        H047  2 0.2189 0.1280 0.2506 0.2022 0.2003 
        H050  2 0.1847 0.1390 0.1295 0.2070 0.3398 
        H058  2 0.1644 0.1657 0.2349 0.2198 0.2152 
        H062  2 0.1539 0.3502 0.2184 0.1583 0.1191 
        H063  2 0.1785 0.1661 0.3118 0.1667 0.1769 
        H065  2 0.1623 0.1847 0.2049 0.3295 0.1187 
        H066  2 0.1763 0.1420 0.1579 0.1985 0.3254 
        H067  2 0.2294 0.2922 0.1175 0.1969 0.1641 
        H068  2 0.1614 0.1748 0.3062 0.1840 0.1736 
        H069  2 0.1405 0.2002 0.1980 0.2502 0.2110 
        H071  2 0.1919 0.2286 0.2362 0.1756 0.1677 
        H072  2 0.1619 0.1448 0.3908 0.1458 0.1566 
        H073  2 0.1794 0.2544 0.1471 0.2437 0.1753 
        H081  2 0.2178 0.2985 0.1771 0.1339 0.1727 
        H082  2 0.2415 0.1176 0.1138 0.2408 0.2863 
        H083  2 0.2747 0.1379 0.1210 0.2699 0.1964 
        H084  2 0.1364 0.2039 0.1995 0.1828 0.2774 
        H085  2 0.1850 0.3205 0.1452 0.1521 0.1973 
        H087  2 0.2589 0.3388 0.1366 0.1271 0.1386 
        H088  2 0.2071 0.1994 0.2743 0.1583 0.1609 
        H089  2 0.1899 0.2987 0.1421 0.2003 0.1690 
        H090  2 0.1837 0.1445 0.1282 0.2368 0.3068 
        H091  2 0.1460 0.2742 0.0991 0.1846 0.2962 
        H098  2 0.1712 0.1780 0.1472 0.1845 0.3190 
      H10001  2 0.1081 0.1282 0.5667 0.1046 0.0924 
      H10002  2 0.2459 0.2196 0.2530 0.1491 0.1324 
        H101  2 0.1455 0.1500 0.1257 0.1929 0.3859 
        H108  2 0.2047 0.2511 0.2976 0.1359 0.1107 
        H109  2 0.1489 0.1474 0.2268 0.1825 0.2944 
        H110  2 0.3194 0.2335 0.1168 0.1542 0.1761 
        H116  2 0.2199 0.1531 0.1423 0.2525 0.2321 
        H117  2 0.1769 0.2221 0.1180 0.1546 0.3283 
        H118  2 0.1612 0.2317 0.0909 0.2538 0.2623 
        H119  2 0.1974 0.2160 0.2248 0.1847 0.1771 
        H120  2 0.1707 0.2095 0.3982 0.1154 0.1062 
        H121  2 0.1595 0.2321 0.1136 0.2147 0.2801 
        H125  2 0.1127 0.1578 0.5306 0.1014 0.0976 
        H126  2 0.1993 0.1283 0.1783 0.3177 0.1763 
        H128  2 0.1300 0.1376 0.0688 0.2955 0.3681 
        H129  2 0.2023 0.1446 0.1064 0.3643 0.1824 
        H130  2 0.2331 0.1139 0.3275 0.1953 0.1302 
        H133  2 0.1417 0.1279 0.4281 0.1679 0.1344 
        H134  2 0.1562 0.1137 0.1117 0.4472 0.1712 
        H135  2 0.2356 0.2306 0.1952 0.1676 0.1709 
        H137  2 0.1604 0.1642 0.1618 0.1650 0.3486 
        H138  2 0.2756 0.1433 0.1311 0.2730 0.1771 
        H140  2 0.1930 0.1651 0.1936 0.1901 0.2581 
        H146  2 0.1347 0.1771 0.1385 0.2412 0.3086 
        H147  2 0.2352 0.2156 0.1368 0.1668 0.2455 
        H148  2 0.2117 0.2540 0.1198 0.1457 0.2688 
     H166022  2 0.2537 0.1745 0.1096 0.1903 0.2719 
     H167359  2 0.1989 0.1648 0.1827 0.2128 0.2408 
     H167397  2 0.1691 0.1440 0.0758 0.2162 0.3949 
     H167428  2 0.1975 0.2907 0.0818 0.2254 0.2046 
     H167496  2 0.1513 0.2320 0.3436 0.1251 0.1480 
     H167513  2 0.2150 0.1243 0.2112 0.1737 0.2758 
     H167545  2 0.2294 0.1893 0.1047 0.2514 0.2253 
     H167547  2 0.1344 0.1332 0.1097 0.2379 0.3848 
     H169621  2 0.2196 0.1612 0.1154 0.2078 0.2960 
     H169622  2 0.2355 0.2083 0.1375 0.2600 0.1587 
     H169750  2 0.1767 0.1542 0.2724 0.2092 0.1875 
     H171806  2 0.1441 0.2369 0.2002 0.2103 0.2084 
     H171808  2 0.1613 0.2862 0.1587 0.2172 0.1767 
     H171809  2 0.2507 0.2368 0.1840 0.1638 0.1647 
     H171813  2 0.2196 0.1813 0.1884 0.2201 0.1906 
     H171815  2 0.1296 0.1482 0.4170 0.1756 0.1295 
     H171824  2 0.1995 0.2837 0.2405 0.1281 0.1483 
     H171825  2 0.2171 0.2395 0.1458 0.2327 0.1649 
     H171826  2 0.2215 0.2234 0.2053 0.1682 0.1816 
     H171827  2 0.2628 0.2010 0.1816 0.1825 0.1721 
     H171828  2 0.1541 0.2308 0.3881 0.1137 0.1134 
     H171829  2 0.1582 0.1632 0.2268 0.2616 0.1902 
     H171830  2 0.2139 0.1473 0.1914 0.1739 0.2735 
     H171831  2 0.1894 0.1587 0.1121 0.2935 0.2464 
     H171832  2 0.2833 0.1447 0.1674 0.2196 0.1849 
     H171863  2 0.1940 0.1293 0.1006 0.3401 0.2360 
     H171864  2 0.1623 0.2191 0.1662 0.1760 0.2765 
     H171865  2 0.1400 0.1573 0.3638 0.1825 0.1564 
     H171879  2 0.1790 0.1491 0.1778 0.1955 0.2984 
     H171880  2 0.1480 0.1703 0.1364 0.1747 0.3705 
     H171881  2 0.2237 0.2534 0.1369 0.1918 0.1942 
     H171882  2 0.1509 0.1339 0.4761 0.1290 0.1101 
     H171929  2 0.2003 0.2078 0.1576 0.1919 0.2423 
     H171930  2 0.1890 0.1529 0.1078 0.2094 0.3410 
     H171933  2 0.1890 0.2000 0.1545 0.1972 0.2592 
     H171934  2 0.1885 0.3191 0.1340 0.1662 0.1922 
     H171937  2 0.2228 0.1170 0.1540 0.2809 0.2254 
     H171962  2 0.2562 0.2267 0.1331 0.2037 0.1803 
        H190  2 0.2416 0.1893 0.1415 0.2084 0.2193 
        H191  2 0.1777 0.1798 0.1823 0.2355 0.2248 
        H396  2 0.1422 0.4179 0.1535 0.1573 0.1291 
        H397  2 0.2155 0.2009 0.1504 0.1980 0.2352 
        H398  2 0.1448 0.2548 0.2071 0.2641 0.1292 
        H400  2 0.1775 0.3087 0.1557 0.1844 0.1737 
        H401  2 0.1462 0.1159 0.0854 0.1972 0.4554 
        H402  2 0.2284 0.1895 0.1219 0.1847 0.2755 
        H427  2 0.1940 0.3298 0.1545 0.1559 0.1657 
        H428  2 0.2005 0.2998 0.0808 0.2133 0.2056 
        H497  2 0.2014 0.1323 0.2892 0.1752 0.2019 
        H512  2 0.2065 0.1580 0.1785 0.1823 0.2746 
        H513  2 0.2024 0.1226 0.2235 0.1773 0.2742 
        H514  2 0.2595 0.1320 0.1725 0.2669 0.1691 
        H519  2 0.2026 0.1266 0.2018 0.1707 0.2983 
        H532  2 0.1816 0.3661 0.1120 0.1670 0.1734 
        H543  2 0.2377 0.1749 0.1137 0.2014 0.2723 
        H544  2 0.1878 0.1298 0.2154 0.3277 0.1393 
        H545  2 0.2288 0.1733 0.1009 0.2724 0.2245 
        H546  2 0.1622 0.1720 0.3127 0.2059 0.1473 
        H547  2 0.1459 0.1272 0.1079 0.2335 0.3855 
        H548  2 0.2046 0.2320 0.1609 0.1808 0.2218 
        H549  2 0.1576 0.2136 0.2132 0.2161 0.1995 
        H620  2 0.1453 0.1527 0.4793 0.1176 0.1052 
        H623  2 0.2259 0.1260 0.1476 0.2568 0.2436 
        H624  2 0.1820 0.1519 0.3304 0.2176 0.1182 
        H625  2 0.1764 0.3154 0.1380 0.1875 0.1827 
        H626  2 0.1674 0.2044 0.1946 0.1870 0.2466 
        H654  2 0.1167 0.1265 0.5353 0.1260 0.0955 
        H655  2 0.2441 0.1672 0.2367 0.1758 0.1762 
        H656  2 0.1372 0.1966 0.4409 0.1278 0.0975 
        H666  2 0.1061 0.1261 0.4720 0.1435 0.1524 
        H667  2 0.2516 0.2650 0.1426 0.1808 0.1600 
        H677  2 0.2076 0.2607 0.1577 0.1802 0.1938 
        H693  2 0.2197 0.2843 0.2612 0.1219 0.1129 
        H694  2 0.2068 0.1340 0.1678 0.2137 0.2776 
        H701  2 0.2499 0.1467 0.1351 0.1844 0.2838 
        H702  2 0.2593 0.1716 0.1939 0.1683 0.2069 
        H731  2 0.2183 0.2198 0.2496 0.1634 0.1489 
       H7359  2 0.1940 0.1635 0.1803 0.2140 0.2481 
       H7389  2 0.1380 0.2769 0.1441 0.2164 0.2246 
       H7390  2 0.1421 0.2053 0.3474 0.1608 0.1443 
       H7391  2 0.2137 0.3672 0.1134 0.1273 0.1784 
       H7392  2 0.1687 0.2485 0.1957 0.2281 0.1590 
       H7393  2 0.1777 0.1786 0.2613 0.1584 0.2240 
       H7398  2 0.1946 0.2709 0.1616 0.1514 0.2215 
       H7399  2 0.2561 0.2342 0.1149 0.2006 0.1941 
       H7400  2 0.1202 0.1249 0.5242 0.1268 0.1039 
        H745  2 0.1749 0.1273 0.1146 0.3835 0.1996 
        H746  2 0.2541 0.2458 0.1167 0.2166 0.1667 
        H747  2 0.1337 0.1976 0.3108 0.1611 0.1968 
        H748  2 0.2230 0.1609 0.1928 0.1904 0.2329 
       H7484  2 0.1260 0.1592 0.4054 0.1454 0.1640 
       H7485  2 0.2228 0.1497 0.1812 0.2311 0.2153 
        H749  2 0.2199 0.2238 0.1360 0.2299 0.1903 
        H930  2 0.1849 0.1623 0.1076 0.1874 0.3578 
        H931  2 0.2057 0.2168 0.1665 0.2239 0.1870 
        H932  2 0.1724 0.2247 0.1806 0.2034 0.2189 
        H111  3 0.2284 0.1290 0.1228 0.2639 0.2558 
        H951  3 0.1993 0.1675 0.1310 0.2210 0.2812 
        H952  3 0.1530 0.2051 0.1617 0.2734 0.2069 
        H953  3 0.1328 0.3841 0.1036 0.1551 0.2245 
        H954  3 0.1768 0.1391 0.3593 0.1518 0.1730 
        H955  3 0.2338 0.1578 0.1141 0.2276 0.2668 
        H956  3 0.1618 0.2256 0.1792 0.1704 0.2630 
       H9563  3 0.1725 0.2291 0.2049 0.1586 0.2349 
        H002  4 0.2353 0.1341 0.2989 0.2134 0.1183 
        H003  4 0.2672 0.2808 0.1100 0.2084 0.1336 
        H009  4 0.2189 0.1656 0.1632 0.2616 0.1907 
        H010  4 0.2184 0.2288 0.1462 0.2018 0.2047 
        H011  4 0.1987 0.2101 0.3467 0.1329 0.1116 
        H012  4 0.2893 0.1897 0.1255 0.1735 0.2219 
        H013  4 0.2687 0.2140 0.2247 0.1551 0.1375 
        H014  4 0.3025 0.1508 0.1737 0.1879 0.1851 
        H045  4 0.1552 0.3124 0.1958 0.1568 0.1798 
        H046  4 0.2086 0.2509 0.1153 0.2752 0.1500 
        H051  4 0.2083 0.2486 0.2431 0.1515 0.1486 
        H052  4 0.1438 0.1468 0.3125 0.2333 0.1637 
        H053  4 0.2017 0.1972 0.2159 0.1836 0.2017 
        H056  4 0.1850 0.1437 0.3275 0.1801 0.1638 
        H076  4 0.2066 0.1878 0.1156 0.2723 0.2176 
        H151  4 0.1693 0.1541 0.3854 0.1664 0.1248 
        H152  4 0.2104 0.1610 0.2852 0.2147 0.1287 
     H171803  4 0.1637 0.2636 0.2622 0.1565 0.1540 
     H171804  4 0.1603 0.2211 0.2392 0.1697 0.2097 
     H171833  4 0.2239 0.1252 0.1277 0.3271 0.1960 
     H171855  4 0.1479 0.1349 0.3920 0.1845 0.1407 
     H171856  4 0.1423 0.2350 0.1977 0.1776 0.2474 
     H171857  4 0.1544 0.1615 0.3040 0.2170 0.1631 
     H171858  4 0.2182 0.1959 0.1835 0.2242 0.1782 
     H171859  4 0.1847 0.2141 0.2032 0.2196 0.1784 
     H171961  4 0.2006 0.2187 0.2604 0.1703 0.1501 
        H198  4 0.2708 0.1998 0.1014 0.2460 0.1821 
      H20001  4 0.2607 0.1190 0.1490 0.2666 0.2048 
        H403  4 0.1429 0.2048 0.2529 0.1971 0.2024 
        H404  4 0.2874 0.2270 0.1156 0.2062 0.1638 
        H405  4 0.2028 0.2269 0.1227 0.2388 0.2088 
        H406  4 0.1285 0.1016 0.1860 0.2581 0.3258 
        H407  4 0.1301 0.2878 0.1756 0.1714 0.2351 
        H410  4 0.1338 0.2209 0.1009 0.1925 0.3519 
        H411  4 0.3000 0.1065 0.1375 0.2060 0.2500 
        H468  4 0.1722 0.1478 0.1932 0.2462 0.2406 
        H476  4 0.2115 0.1475 0.2215 0.1903 0.2292 
        H477  4 0.1769 0.1886 0.1103 0.3401 0.1841 
        H478  4 0.2856 0.2188 0.1432 0.1787 0.1738 
        H479  4 0.1699 0.2547 0.2499 0.1772 0.1483 
        H480  4 0.2415 0.1528 0.1229 0.2232 0.2596 
        H498  4 0.2713 0.1632 0.1672 0.2405 0.1577 
        H499  4 0.2103 0.2172 0.1840 0.2161 0.1725 
        H500  4 0.1699 0.1962 0.3441 0.1377 0.1521 
        H515  4 0.2114 0.1635 0.2359 0.1749 0.2143 
        H516  4 0.2204 0.1231 0.2084 0.2094 0.2388 
        H517  4 0.1875 0.1810 0.1683 0.1973 0.2660 
        H518  4 0.1487 0.1375 0.3058 0.2316 0.1764 
        H520  4 0.1596 0.1649 0.3097 0.1860 0.1799 
        H521  4 0.1970 0.2626 0.1475 0.2027 0.1903 
        H522  4 0.2039 0.2138 0.2102 0.1833 0.1889 
        H523  4 0.2251 0.1602 0.2006 0.1796 0.2345 
        H536  4 0.1762 0.2815 0.1399 0.2613 0.1412 
        H645  4 0.1938 0.3656 0.1775 0.1425 0.1206 
        H646  4 0.1291 0.1815 0.1174 0.2389 0.3331 
        H647  4 0.1629 0.2061 0.1946 0.2283 0.2080 
        H657  4 0.1867 0.1985 0.1279 0.2314 0.2554 
        H658  4 0.1749 0.2189 0.1852 0.1816 0.2393 
        H659  4 0.1606 0.1431 0.4521 0.1285 0.1157 
        H660  4 0.2287 0.1518 0.2362 0.2015 0.1819 
        H661  4 0.2207 0.1461 0.3115 0.1859 0.1358 
        H668  4 0.3201 0.2140 0.1161 0.1714 0.1784 
        H669  4 0.2019 0.2142 0.2047 0.1644 0.2148 
        H670  4 0.2819 0.3116 0.1719 0.1230 0.1117 
        H678  4 0.1781 0.1938 0.1831 0.1854 0.2596 
        H679  4 0.1845 0.1460 0.1282 0.2027 0.3386 
        H680  4 0.1858 0.1714 0.1724 0.2719 0.1985 
        H681  4 0.2521 0.2021 0.2322 0.1696 0.1440 
        H682  4 0.2216 0.2029 0.1344 0.1527 0.2884 
        H683  4 0.1364 0.1147 0.3420 0.2003 0.2065 
        H718  4 0.1226 0.1774 0.3690 0.1717 0.1593 
        H719  4 0.1980 0.2498 0.1984 0.1696 0.1843 
        H720  4 0.1778 0.1853 0.2697 0.2231 0.1442 
        H721  4 0.1509 0.1930 0.2227 0.2601 0.1733 
        H722  4 0.1566 0.1170 0.2866 0.2927 0.1471 
        H723  4 0.1760 0.2170 0.2951 0.1315 0.1804 
        H724  4 0.1102 0.1952 0.4194 0.1361 0.1392 
        H725  4 0.1377 0.1460 0.4207 0.1640 0.1316 
        H726  4 0.1962 0.1524 0.3244 0.1616 0.1654 
        H727  4 0.2063 0.2337 0.2345 0.1579 0.1677 
        H910  4 0.2189 0.2152 0.2080 0.1564 0.2016 
        H911  4 0.1537 0.1588 0.1504 0.2414 0.2957 
        H912  4 0.1629 0.1446 0.2504 0.2245 0.2176 
        H913  4 0.1499 0.2308 0.2418 0.1790 0.1986 
        H914  4 0.1895 0.2819 0.2463 0.1357 0.1466 
        H915  4 0.1960 0.1643 0.2051 0.1774 0.2573 
        H916  4 0.1894 0.1469 0.1710 0.2134 0.2792 
       H9572  4 0.1945 0.1815 0.2427 0.1779 0.2035 
        H015  5 0.2364 0.1478 0.1352 0.2287 0.2518 
        H016  5 0.1599 0.1630 0.1316 0.3720 0.1734 
        H017  5 0.2293 0.1511 0.1938 0.2223 0.2035 
        H019  5 0.2523 0.1426 0.1840 0.2267 0.1944 
        H020  5 0.1591 0.2514 0.2199 0.2073 0.1623 
        H032  5 0.2056 0.1483 0.2385 0.1791 0.2284 
        H033  5 0.2805 0.2026 0.1300 0.1784 0.2084 
        H034  5 0.2523 0.1921 0.2510 0.1504 0.1543 
        H035  5 0.1583 0.2249 0.1817 0.2093 0.2258 
        H036  5 0.1701 0.1947 0.1317 0.2065 0.2970 
        H037  5 0.1882 0.2581 0.2324 0.1660 0.1554 
        H048  5 0.1327 0.2829 0.3030 0.1339 0.1475 
        H049  5 0.2356 0.1441 0.1841 0.2437 0.1926 
        H054  5 0.1780 0.1926 0.1889 0.2413 0.1993 
        H055  5 0.2711 0.2083 0.2273 0.1649 0.1283 
        H057  5 0.2020 0.1289 0.1901 0.3511 0.1279 
        H060  5 0.2514 0.2080 0.2087 0.2116 0.1204 
        H061  5 0.2170 0.2725 0.1381 0.1934 0.1790 
        H064  5 0.2041 0.1968 0.2545 0.1975 0.1471 
        H070  5 0.2602 0.2159 0.2052 0.1484 0.1702 
        H077  5 0.1962 0.1230 0.3591 0.1593 0.1624 
        H078  5 0.1610 0.1597 0.2766 0.2019 0.2007 
        H079  5 0.1776 0.2967 0.1118 0.1789 0.2349 
        H097  5 0.2065 0.1192 0.2398 0.2621 0.1725 
        H107  5 0.1715 0.2026 0.4067 0.1206 0.0987 
        H122  5 0.1837 0.2265 0.1650 0.2346 0.1902 
        H123  5 0.1668 0.1860 0.1195 0.2475 0.2802 
        H124  5 0.1706 0.2360 0.1339 0.2235 0.2361 
        H131  5 0.2049 0.1789 0.1278 0.2105 0.2778 
        H132  5 0.1740 0.2451 0.2038 0.1822 0.1949 
        H141  5 0.1963 0.2227 0.2396 0.1831 0.1584 
        H142  5 0.3180 0.1806 0.1135 0.1939 0.1939 
        H157  5 0.1743 0.2352 0.2904 0.1562 0.1440 
        H158  5 0.1951 0.1469 0.1201 0.3049 0.2329 
        H159  5 0.2054 0.2022 0.1229 0.2224 0.2471 
        H160  5 0.1608 0.2153 0.1936 0.2105 0.2198 
        H163  5 0.2673 0.1606 0.1406 0.1895 0.2420 
        H164  5 0.3037 0.1581 0.1648 0.1863 0.1871 
        H165  5 0.2354 0.2631 0.1157 0.1866 0.1992 
        H166  5 0.2086 0.2280 0.1415 0.2293 0.1926 
        H169  5 0.2945 0.1996 0.1600 0.1864 0.1595 
     H169613  5 0.2879 0.1605 0.1926 0.1876 0.1713 
     H169653  5 0.2881 0.1623 0.1339 0.2169 0.1988 
     H169728  5 0.2136 0.1632 0.1463 0.2179 0.2591 
     H169742  5 0.1712 0.3845 0.1673 0.1555 0.1214 
        H170  5 0.2205 0.1464 0.1772 0.2902 0.1657 
        H171  5 0.2008 0.1363 0.1576 0.3297 0.1755 
     H171851  5 0.2584 0.1469 0.1820 0.2341 0.1786 
     H171852  5 0.1491 0.1694 0.3081 0.2276 0.1459 
     H171853  5 0.2026 0.1893 0.2237 0.1610 0.2234 
     H171854  5 0.2394 0.1184 0.2027 0.2018 0.2378 
     H171938  5 0.2319 0.2813 0.1577 0.1599 0.1693 
     H171939  5 0.1508 0.2276 0.1372 0.2900 0.1944 
     H171941  5 0.2211 0.2228 0.2948 0.1482 0.1131 
     H171965  5 0.3427 0.1529 0.1290 0.2237 0.1517 
     H171970  5 0.1846 0.1640 0.3929 0.1278 0.1307 
     H171973  5 0.1926 0.3020 0.1230 0.1902 0.1922 
     H171974  5 0.2330 0.2542 0.1683 0.1720 0.1726 
     H171975  5 0.2146 0.2245 0.2204 0.1677 0.1728 
     H171976  5 0.2054 0.1282 0.2077 0.2723 0.1864 
        H175  5 0.1520 0.2642 0.2514 0.1608 0.1716 
        H178  5 0.2332 0.2280 0.2069 0.1862 0.1457 
        H189  5 0.2519 0.1522 0.1164 0.2334 0.2461 
        H399  5 0.1158 0.1627 0.1718 0.3653 0.1844 
        H416  5 0.1854 0.2559 0.2060 0.1739 0.1787 
        H438  5 0.1978 0.2510 0.1625 0.1593 0.2294 
        H450  5 0.2499 0.1734 0.2882 0.1707 0.1178 
        H455  5 0.1846 0.2422 0.3191 0.1360 0.1181 
        H456  5 0.1793 0.3315 0.1721 0.1631 0.1540 
        H457  5 0.2084 0.1342 0.2988 0.2183 0.1403 
        H458  5 0.2259 0.2261 0.2256 0.1629 0.1594 
        H459  5 0.2120 0.1983 0.1143 0.2277 0.2478 
        H460  5 0.2035 0.2093 0.2028 0.1813 0.2031 
        H461  5 0.2448 0.1263 0.1791 0.2457 0.2041 
        H462  5 0.1938 0.2090 0.1170 0.1804 0.2997 
        H469  5 0.2109 0.1604 0.1296 0.1855 0.3135 
        H470  5 0.2422 0.1573 0.2181 0.1730 0.2093 
        H471  5 0.1646 0.1551 0.1281 0.2665 0.2857 
        H481  5 0.1304 0.1892 0.4106 0.1344 0.1354 
        H482  5 0.2309 0.1463 0.2741 0.1923 0.1565 
        H501  5 0.2227 0.1997 0.2131 0.1784 0.1862 
        H502  5 0.2752 0.1505 0.1246 0.2395 0.2103 
        H503  5 0.2099 0.1575 0.1423 0.2387 0.2516 
        H509  5 0.1382 0.2347 0.2805 0.1427 0.2039 
        H510  5 0.3208 0.1870 0.1664 0.1740 0.1518 
        H511  5 0.2747 0.1698 0.1424 0.2234 0.1896 
        H530  5 0.1863 0.2514 0.2250 0.1648 0.1726 
        H531  5 0.1171 0.1943 0.3585 0.1738 0.1563 
        H564  5 0.1989 0.1962 0.2543 0.2070 0.1436 
        H565  5 0.1590 0.1864 0.3719 0.1542 0.1285 
        H567  5 0.1618 0.1765 0.1086 0.2193 0.3338 
     H568???  5 0.1921 0.1555 0.1264 0.3019 0.2241 
        H608  5 0.2629 0.1823 0.2655 0.1591 0.1302 
        H609  5 0.2237 0.3056 0.1506 0.1634 0.1566 
        H612  5 0.1642 0.2366 0.3425 0.1282 0.1285 
        H614  5 0.1360 0.1755 0.3584 0.1945 0.1356 
        H615  5 0.1694 0.1629 0.3193 0.1967 0.1516 
        H616  5 0.1596 0.2228 0.3897 0.1158 0.1120 
        H617  5 0.1827 0.2543 0.1169 0.1831 0.2630 
        H618  5 0.1772 0.2050 0.3047 0.1592 0.1539 
        H619  5 0.2283 0.3568 0.1482 0.1546 0.1120 
        H635  5 0.2958 0.1505 0.1757 0.1822 0.1958 
        H636  5 0.2695 0.2997 0.1224 0.1442 0.1643 
        H637  5 0.1785 0.2501 0.2385 0.1905 0.1425 
        H644  5 0.1660 0.1121 0.0913 0.3581 0.2727 
        H711  5 0.2302 0.1577 0.1988 0.2541 0.1592 
        H712  5 0.1645 0.3448 0.2036 0.1504 0.1366 
       H7360  5 0.1942 0.1730 0.2335 0.2423 0.1570 
       H7361  5 0.2444 0.1667 0.2712 0.1728 0.1449 
       H7362  5 0.1619 0.1417 0.0908 0.3647 0.2409 
       H7363  5 0.1889 0.1731 0.2263 0.2038 0.2078 
       H7394  5 0.3227 0.1330 0.1230 0.1759 0.2454 
       H7395  5 0.2925 0.2228 0.1690 0.1764 0.1393 
       H7396  5 0.2234 0.2153 0.1681 0.1900 0.2031 
        H742  5 0.1664 0.3990 0.1668 0.1522 0.1156 
        H743  5 0.1320 0.2642 0.2379 0.1968 0.1690 
        H744  5 0.1288 0.2192 0.3408 0.1391 0.1721 
        H957  5 0.2815 0.1410 0.1999 0.2113 0.1663 
        H958  5 0.1788 0.2117 0.1497 0.1898 0.2700 
        H959  5 0.2238 0.2067 0.3122 0.1379 0.1194 
        H960  5 0.1867 0.2467 0.1685 0.1757 0.2224 
      H_PALI  6 0.2739 0.1507 0.1825 0.2008 0.1920 
        H581  6 0.1535 0.1957 0.2630 0.1872 0.2005 
        H582  6 0.1677 0.1593 0.3881 0.1576 0.1274 
        H583  6 0.1534 0.2158 0.2369 0.1911 0.2027 
        H595  6 0.1660 0.1491 0.1091 0.2052 0.3706 
        H596  6 0.1988 0.1581 0.1081 0.1967 0.3383 
        H597  6 0.1983 0.1827 0.1140 0.2910 0.2141 
        H598  6 0.2226 0.2004 0.1968 0.1689 0.2114 
        H599  6 0.1779 0.2390 0.2700 0.1627 0.1504 
        H642  6 0.1604 0.1372 0.1557 0.2516 0.2951 
        H643  6 0.1760 0.2232 0.1764 0.1775 0.2470 
        H664  6 0.1247 0.1657 0.3521 0.1885 0.1691 
        H665  6 0.2803 0.2571 0.1506 0.1475 0.1645 
        H674  6 0.1835 0.1414 0.1034 0.3176 0.2541 
        H675  6 0.1725 0.1800 0.2331 0.2239 0.1905 
        H676  6 0.2618 0.1116 0.1524 0.1993 0.2749 
        H686  6 0.2515 0.1728 0.1647 0.2302 0.1808 
        H687  6 0.1847 0.1760 0.1934 0.2268 0.2191 
        H917  6 0.2171 0.2086 0.1088 0.1757 0.2898 
        H918  6 0.2243 0.3234 0.1385 0.1828 0.1310 
        H919  6 0.1589 0.2630 0.2962 0.1408 0.1411 
        H920  6 0.2243 0.1335 0.2844 0.1735 0.1844 
        H631  7 0.2264 0.2127 0.2288 0.1909 0.1413 
        H684  7 0.3492 0.1252 0.1217 0.2352 0.1686 
        H685  7 0.1106 0.2034 0.3148 0.1403 0.2308 
        H713  7 0.1724 0.1933 0.3552 0.1392 0.1399 
        H715  7 0.2959 0.1414 0.1375 0.2479 0.1773 
        H716  7 0.2239 0.2734 0.1950 0.1930 0.1146 
        H717  7 0.1861 0.2091 0.2167 0.2093 0.1788 
        H729  7 0.2203 0.2000 0.0996 0.1795 0.3005 
        H730  7 0.1538 0.3294 0.1544 0.1504 0.2120 
        H431  8 0.1758 0.1790 0.2676 0.1620 0.2155 
        H432  8 0.1859 0.1913 0.1071 0.2992 0.2164 
        H433  8 0.2127 0.1971 0.1399 0.1866 0.2638 
        H434  8 0.2109 0.1965 0.1326 0.2137 0.2463 
        H444  8 0.2855 0.2189 0.1468 0.1781 0.1707 
        H454  8 0.1756 0.1953 0.3475 0.1438 0.1377 
        H475  8 0.2112 0.1190 0.3961 0.1385 0.1353 
        H491  8 0.2806 0.1907 0.2303 0.1755 0.1228 
        H492  8 0.1877 0.1928 0.2718 0.1644 0.1833 
        H493  8 0.2227 0.1598 0.1822 0.2442 0.1910 
        H494  8 0.1743 0.2206 0.1982 0.1952 0.2117 
        H495  8 0.1726 0.1397 0.3817 0.1886 0.1174 
        H662  8 0.1535 0.2127 0.1746 0.2654 0.1938 
        H663  8 0.1779 0.2228 0.1908 0.1999 0.2085 
        H695  8 0.1771 0.2260 0.2117 0.1738 0.2114 
       H7367  8 0.1806 0.1609 0.1070 0.1705 0.3811 
       H7368  8 0.2497 0.1623 0.1359 0.2414 0.2108 
       H7369  8 0.2187 0.2892 0.1731 0.1505 0.1684 
       H7370  8 0.1525 0.1698 0.0950 0.1684 0.4142 
       H7371  8 0.2108 0.2253 0.1525 0.1743 0.2371 
        H600  9 0.2020 0.1902 0.2721 0.1843 0.1515 
        H648  9 0.2388 0.1556 0.1976 0.2042 0.2038 
        H696  9 0.1505 0.1399 0.1071 0.2927 0.3098 
        H697  9 0.1738 0.2469 0.1612 0.1759 0.2423 
        H698  9 0.1520 0.1741 0.1419 0.2341 0.2979 
        H699  9 0.2095 0.1640 0.1888 0.1990 0.2387 
        H700  9 0.2543 0.2224 0.2268 0.1627 0.1338 
        H732  9 0.1314 0.1798 0.3566 0.1906 0.1416 
        H733  9 0.1854 0.1550 0.1333 0.1804 0.3459 
        H734  9 0.2116 0.1597 0.1189 0.2415 0.2684 
        H735  9 0.1617 0.1679 0.1446 0.1903 0.3355 
        H736  9 0.2027 0.2155 0.2270 0.1980 0.1569 
        H737  9 0.1625 0.2577 0.2097 0.1839 0.1862 
        H905  9 0.2658 0.2127 0.2387 0.1401 0.1427 
        H921  9 0.2341 0.2176 0.2231 0.1483 0.1769 
        H922  9 0.2113 0.1832 0.1048 0.1932 0.3075 
     H169705 10 0.1390 0.1987 0.1301 0.1553 0.3769 
     H171942 10 0.2100 0.1787 0.1043 0.2892 0.2178 
     H171943 10 0.1728 0.2578 0.1424 0.2217 0.2053 
     H171944 10 0.1980 0.2341 0.1674 0.1659 0.2346 
     H171946 10 0.1359 0.1916 0.2920 0.2181 0.1624 
     H171947 10 0.2205 0.1826 0.1777 0.2040 0.2152 
     H229641 10 0.1816 0.1347 0.2348 0.2034 0.2456 
      H30001 10 0.2509 0.1714 0.2009 0.1700 0.2068 
      H30002 10 0.2298 0.2275 0.1713 0.1966 0.1747 
      H30005 10 0.1831 0.1712 0.1376 0.1927 0.3154 
      H30006 10 0.1393 0.1711 0.1478 0.2312 0.3107 
      H30007 10 0.1421 0.2235 0.1104 0.3618 0.1622 
        H451 10 0.2995 0.1574 0.1223 0.1909 0.2300 
        H452 10 0.1179 0.1679 0.1742 0.2053 0.3347 
        H453 10 0.1725 0.1643 0.3545 0.1900 0.1188 
        H473 10 0.1740 0.2360 0.2584 0.1988 0.1328 
        H474 10 0.1410 0.1302 0.4228 0.1521 0.1539 
        H486 10 0.1783 0.1816 0.2530 0.1840 0.2031 
        H487 10 0.1797 0.1611 0.2555 0.1756 0.2282 
        H488 10 0.2530 0.2412 0.1821 0.1514 0.1724 
        H489 10 0.1431 0.1708 0.3491 0.1427 0.1944 
        H550 10 0.2240 0.1794 0.1422 0.2614 0.1929 
        H551 10 0.1558 0.2212 0.1854 0.1657 0.2720 
        H553 10 0.1170 0.1784 0.2877 0.1795 0.2375 
        H554 10 0.2949 0.1520 0.1617 0.2048 0.1865 
        H556 10 0.1320 0.2346 0.2039 0.2213 0.2083 
        H580 10 0.1894 0.2383 0.1306 0.1986 0.2431 
        H591 10 0.1360 0.1810 0.4164 0.1364 0.1302 
        H592 10 0.1656 0.1933 0.2422 0.1609 0.2380 
        H593 10 0.2660 0.1586 0.1784 0.2108 0.1861 
        H594 10 0.1657 0.1839 0.0913 0.2765 0.2827 
        H627 10 0.2216 0.1449 0.2226 0.2105 0.2004 
        H628 10 0.2259 0.3331 0.0842 0.1925 0.1643 
        H629 10 0.1601 0.1588 0.2348 0.2445 0.2019 
        H630 10 0.1561 0.1976 0.1955 0.1778 0.2730 
        H638 10 0.1823 0.1486 0.1658 0.1674 0.3360 
        H639 10 0.1222 0.1517 0.3406 0.2067 0.1788 
        H640 10 0.1891 0.1689 0.1509 0.2259 0.2652 
        H704 10 0.1822 0.2066 0.1251 0.2899 0.1963 
        H705 10 0.1390 0.2063 0.1313 0.1491 0.3742 
        H706 10 0.2095 0.2604 0.2210 0.1438 0.1653 
        H708 10 0.1518 0.2013 0.3584 0.1468 0.1417 
       H7351 10 0.2157 0.1920 0.1781 0.2370 0.1772 
       H7352 10 0.1898 0.2259 0.2132 0.1803 0.1908 
       H7353 10 0.1578 0.1235 0.1311 0.4040 0.1836 
       H7354 10 0.2739 0.2217 0.2116 0.1707 0.1220 
       H7365 10 0.1438 0.2196 0.3573 0.1352 0.1440 
       H7383 10 0.2423 0.2196 0.2113 0.1589 0.1679 
       H7384 10 0.2245 0.2241 0.2089 0.1614 0.1811 
       H7385 10 0.2089 0.2016 0.2441 0.1557 0.1898 
       H7386 10 0.2147 0.2289 0.1548 0.1864 0.2152 
       H7387 10 0.2402 0.2045 0.1538 0.2080 0.1933 
       H7388 10 0.1529 0.2016 0.1758 0.1856 0.2841 
        H906 10 0.1926 0.1853 0.2608 0.2441 0.1172 
        H907 10 0.2292 0.1273 0.1345 0.2142 0.2948 
        H908 10 0.2606 0.1720 0.1801 0.1607 0.2266 
        H909 10 0.2656 0.2729 0.1705 0.1728 0.1182 
       H9552 10 0.1858 0.2166 0.1718 0.2272 0.1986 
       H9553 10 0.1265 0.1995 0.2129 0.1799 0.2812 
       H9555 10 0.1888 0.2403 0.1334 0.1613 0.2762 
       H9575 10 0.1760 0.1709 0.3101 0.2038 0.1393 
       H9703 10 0.1233 0.2142 0.3538 0.1464 0.1623 
       H9707 10 0.1677 0.1410 0.3280 0.1679 0.1954 
       HSAA4 10 0.1906 0.2470 0.1271 0.1951 0.2403 
        H001 11 0.1969 0.2900 0.1868 0.1892 0.1371 
        H004 11 0.2595 0.1811 0.1674 0.2024 0.1897 
        H005 11 0.2371 0.1819 0.3451 0.1269 0.1090 
        H006 11 0.2597 0.2011 0.1712 0.1767 0.1914 
        H007 11 0.1881 0.2872 0.2560 0.1476 0.1211 
        H031 11 0.1393 0.1976 0.3909 0.1227 0.1496 
        H074 11 0.1491 0.1756 0.3197 0.1692 0.1864 
        H075 11 0.1620 0.2914 0.2852 0.1431 0.1183 
        H080 11 0.1759 0.1825 0.2865 0.1635 0.1916 
        H086 11 0.1955 0.1830 0.1643 0.1846 0.2726 
        H092 11 0.1919 0.1829 0.2374 0.1733 0.2145 
        H093 11 0.1861 0.1745 0.1215 0.3155 0.2024 
        H094 11 0.2064 0.1649 0.1465 0.2117 0.2705 
        H095 11 0.1698 0.2382 0.2692 0.1881 0.1347 
        H096 11 0.2335 0.2611 0.2227 0.1436 0.1391 
        H099 11 0.2005 0.1850 0.2373 0.1758 0.2014 
        H100 11 0.1842 0.3112 0.0958 0.2373 0.1715 
        H127 11 0.1591 0.2104 0.2345 0.1755 0.2205 
        H136 11 0.1601 0.1527 0.3797 0.1529 0.1545 
        H153 11 0.2807 0.1408 0.1725 0.2073 0.1987 
        H154 11 0.1428 0.2017 0.3339 0.1513 0.1703 
        H155 11 0.1919 0.3330 0.1010 0.1603 0.2138 
        H156 11 0.2645 0.2359 0.0877 0.1857 0.2262 
        H161 11 0.2479 0.1719 0.1770 0.2422 0.1611 
        H162 11 0.1693 0.1707 0.1168 0.1951 0.3481 
        H167 11 0.2573 0.2208 0.1306 0.2047 0.1866 
        H168 11 0.2332 0.2135 0.1534 0.1977 0.2022 
     H169586 11 0.1343 0.1465 0.2977 0.3017 0.1198 
     H169738 11 0.1938 0.2486 0.1167 0.1821 0.2587 
     H169741 11 0.1729 0.1841 0.3049 0.1640 0.1742 
     H171801 11 0.2306 0.1576 0.1396 0.2764 0.1958 
     H171810 11 0.2406 0.1620 0.2693 0.1711 0.1569 
     H171811 11 0.1865 0.1692 0.3240 0.1819 0.1384 
     H171812 11 0.2023 0.3731 0.1583 0.1464 0.1198 
     H171820 11 0.1558 0.1982 0.3378 0.1569 0.1514 
     H171821 11 0.2270 0.1907 0.1413 0.1874 0.2536 
     H171822 11 0.1993 0.2013 0.1512 0.1740 0.2741 
     H171823 11 0.2156 0.1017 0.3767 0.1913 0.1148 
     H171866 11 0.1708 0.1820 0.1506 0.2486 0.2480 
     H171867 11 0.2421 0.2168 0.1261 0.1572 0.2578 
     H171967 11 0.1624 0.2653 0.2825 0.1451 0.1447 
     H171969 11 0.2135 0.2224 0.1821 0.2025 0.1795 
        H172 11 0.1829 0.2594 0.1652 0.1954 0.1972 
        H173 11 0.1878 0.2764 0.1437 0.1533 0.2388 
        H174 11 0.1769 0.1453 0.1025 0.2526 0.3227 
        H196 11 0.1440 0.2206 0.1154 0.1917 0.3283 
        H197 11 0.2785 0.1719 0.1342 0.1763 0.2391 
        H346 11 0.2573 0.2411 0.1937 0.1738 0.1341 
        H355 11 0.1546 0.2782 0.2254 0.1903 0.1516 
        H356 11 0.1867 0.2120 0.2096 0.2032 0.1884 
        H357 11 0.1812 0.1832 0.2872 0.1584 0.1900 
        H358 11 0.2389 0.3023 0.1473 0.1477 0.1638 
        H359 11 0.2146 0.1712 0.1933 0.2031 0.2178 
        H360 11 0.2316 0.2183 0.1816 0.1709 0.1976 
        H361 11 0.2392 0.2065 0.1598 0.2123 0.1822 
        H362 11 0.2058 0.1418 0.0935 0.1924 0.3665 
        H363 11 0.2323 0.1675 0.3100 0.1464 0.1438 
        H364 11 0.2270 0.1986 0.1950 0.2315 0.1479 
        H365 11 0.1597 0.2853 0.1604 0.2011 0.1934 
        H366 11 0.1585 0.3058 0.1325 0.1985 0.2047 
        H367 11 0.1283 0.1746 0.3710 0.1434 0.1826 
        H368 11 0.2183 0.1748 0.1346 0.2586 0.2136 
        H369 11 0.1808 0.1908 0.3487 0.1247 0.1550 
        H370 11 0.2484 0.1804 0.1424 0.1999 0.2289 
        H371 11 0.1723 0.1697 0.1825 0.1854 0.2902 
        H372 11 0.1647 0.3077 0.1383 0.1900 0.1993 
        H373 11 0.2829 0.1836 0.1729 0.1763 0.1844 
        H374 11 0.2525 0.2308 0.2072 0.1731 0.1365 
        H375 11 0.1807 0.2808 0.2097 0.1621 0.1667 
        H376 11 0.2035 0.1921 0.1407 0.2792 0.1844 
        H377 11 0.2351 0.1714 0.2281 0.1646 0.2009 
        H378 11 0.1846 0.1906 0.2153 0.2234 0.1862 
        H379 11 0.2369 0.1576 0.1817 0.1919 0.2319 
        H380 11 0.2777 0.2448 0.1158 0.1774 0.1844 
        H381 11 0.1679 0.1578 0.3713 0.1698 0.1333 
        H382 11 0.2802 0.1407 0.0911 0.2131 0.2750 
        H383 11 0.2744 0.2164 0.1085 0.2392 0.1614 
        H384 11 0.1651 0.2166 0.2703 0.1882 0.1597 
        H385 11 0.2158 0.1413 0.2543 0.1705 0.2181 
        H386 11 0.2665 0.3084 0.1194 0.1436 0.1622 
        H387 11 0.1747 0.1646 0.1885 0.3382 0.1339 
        H388 11 0.1657 0.2867 0.1028 0.2086 0.2362 
        H389 11 0.1963 0.2762 0.1834 0.1568 0.1873 
        H390 11 0.2281 0.2222 0.1509 0.1901 0.2087 
        H391 11 0.1139 0.2590 0.1253 0.2561 0.2457 
        H392 11 0.2022 0.3003 0.2546 0.1356 0.1073 
        H393 11 0.2006 0.2367 0.1165 0.2751 0.1711 
        H394 11 0.1467 0.1594 0.1427 0.3517 0.1995 
        H395 11 0.1859 0.1978 0.3013 0.1564 0.1585 
        H408 11 0.2221 0.3314 0.1765 0.1435 0.1265 
        H412 11 0.0929 0.2025 0.4083 0.1619 0.1343 
        H417 11 0.1763 0.2283 0.2503 0.1773 0.1678 
        H418 11 0.1808 0.1588 0.2121 0.2271 0.2212 
        H429 11 0.2210 0.2923 0.1441 0.1984 0.1443 
        H430 11 0.2088 0.2319 0.1264 0.1953 0.2376 
        H439 11 0.2122 0.2103 0.1810 0.1707 0.2258 
        H440 11 0.1819 0.1981 0.3511 0.1460 0.1229 
        H441 11 0.1970 0.1769 0.1385 0.1665 0.3211 
        H442 11 0.1950 0.2309 0.1418 0.2209 0.2115 
        H446 11 0.2136 0.1860 0.1638 0.2406 0.1960 
        H447 11 0.2056 0.3025 0.1161 0.1729 0.2030 
        H448 11 0.1683 0.2799 0.1471 0.1545 0.2502 
        H534 11 0.1901 0.1595 0.3479 0.1810 0.1215 
        H537 11 0.1694 0.1613 0.3345 0.1996 0.1351 
        H568 11 0.1348 0.1165 0.4647 0.1318 0.1522 
        H569 11 0.1783 0.1800 0.0857 0.1901 0.3660 
        H586 11 0.1371 0.1437 0.3015 0.2978 0.1200 
        H587 11 0.1538 0.2000 0.3810 0.1383 0.1269 
        H588 11 0.2063 0.1732 0.1175 0.3381 0.1649 
        H589 11 0.1527 0.2321 0.3601 0.1479 0.1073 
        H590 11 0.1780 0.1865 0.3150 0.1817 0.1387 
        H601 11 0.2125 0.1765 0.1233 0.2126 0.2752 
        H602 11 0.1592 0.1924 0.2284 0.1776 0.2424 
        H603 11 0.2793 0.2227 0.1263 0.1608 0.2109 
