        H102  1 0.1428 0.1366 0.1647 0.1388 0.1871 0.2300 
        H103  1 0.0888 0.1639 0.2645 0.2076 0.2080 0.0672 
        H104  1 0.1747 0.1935 0.1602 0.1195 0.1568 0.1952 
        H105  1 0.2184 0.1284 0.1630 0.1431 0.1263 0.2208 
        H106  1 0.1397 0.1759 0.1930 0.1653 0.1632 0.1630 
        H112  1 0.1319 0.1480 0.1685 0.1229 0.1676 0.2611 
        H113  1 0.2076 0.2103 0.1859 0.1326 0.1453 0.1183 
        H114  1 0.2097 0.2029 0.2007 0.1352 0.1623 0.0892 
        H115  1 0.1862 0.1294 0.2033 0.1147 0.1418 0.2246 
        H143  1 0.1939 0.1264 0.1706 0.1661 0.1605 0.1825 
        H144  1 0.2020 0.1188 0.1525 0.3060 0.1381 0.0826 
        H145  1 0.1455 0.1607 0.1779 0.2373 0.1662 0.1125 
        H149  1 0.1435 0.1648 0.1601 0.1362 0.1786 0.2168 
        H150  1 0.1450 0.1506 0.1552 0.2426 0.1496 0.1569 
     H167542  1 0.3768 0.1183 0.1432 0.1217 0.1071 0.1330 
     H169604  1 0.2514 0.1511 0.1750 0.1419 0.1544 0.1262 
     H169607  1 0.2321 0.1550 0.1549 0.2141 0.1462 0.0977 
     H169608  1 0.0983 0.1197 0.1478 0.1115 0.1691 0.3536 
     H169633  1 0.2534 0.1587 0.1766 0.1589 0.1418 0.1106 
     H169688  1 0.1320 0.1789 0.1525 0.2463 0.1733 0.1169 
     H169714  1 0.1421 0.2030 0.1674 0.1541 0.1690 0.1644 
     H171802  1 0.1288 0.1639 0.1574 0.1254 0.1952 0.2293 
     H171805  1 0.1305 0.1696 0.2010 0.1986 0.1997 0.1006 
     H171807  1 0.1467 0.1545 0.1565 0.1585 0.1556 0.2282 
     H171814  1 0.1588 0.2197 0.1431 0.2474 0.1514 0.0796 
     H171816  1 0.1278 0.1853 0.1596 0.1696 0.1774 0.1803 
     H171817  1 0.1405 0.1830 0.1621 0.1419 0.1812 0.1913 
     H171818  1 0.1787 0.1742 0.1687 0.1667 0.1823 0.1294 
     H171819  1 0.1454 0.1913 0.1667 0.1628 0.1835 0.1503 
     H171834  1 0.1374 0.1354 0.1899 0.1889 0.1875 0.1608 
     H171835  1 0.1414 0.2146 0.1590 0.1081 0.1624 0.2145 
     H171836  1 0.1630 0.1661 0.2329 0.1652 0.1971 0.0757 
     H171837  1 0.2379 0.1570 0.1647 0.1246 0.1355 0.1805 
     H171838  1 0.0910 0.1879 0.2565 0.1720 0.1872 0.1054 
     H171839  1 0.1963 0.2103 0.1714 0.1213 0.1464 0.1542 
     H171841  1 0.0768 0.1093 0.0977 0.1172 0.1644 0.4347 
     H171860  1 0.2224 0.1793 0.1495 0.1412 0.1412 0.1664 
     H171861  1 0.1429 0.1587 0.2397 0.1765 0.1935 0.0888 
     H171862  1 0.1391 0.1580 0.1790 0.1960 0.1788 0.1491 
     H171868  1 0.2661 0.1196 0.1586 0.1425 0.1418 0.1713 
     H171869  1 0.1248 0.1554 0.1731 0.2808 0.1634 0.1025 
     H171870  1 0.1324 0.1685 0.1479 0.1845 0.1941 0.1725 
     H171871  1 0.0967 0.1928 0.2254 0.1982 0.1924 0.0944 
     H171872  1 0.1900 0.1935 0.1422 0.1376 0.1633 0.1734 
     H171873  1 0.1153 0.1918 0.1679 0.2005 0.1849 0.1396 
     H171874  1 0.1568 0.1683 0.1659 0.1835 0.1896 0.1359 
     H171875  1 0.2141 0.1649 0.1783 0.1855 0.1677 0.0896 
     H171876  1 0.2158 0.1437 0.2076 0.1667 0.1679 0.0983 
     H171877  1 0.3855 0.1200 0.1407 0.0997 0.1029 0.1513 
     H171878  1 0.1392 0.1551 0.1378 0.2041 0.1869 0.1769 
     H171901  1 0.1503 0.1949 0.1480 0.1314 0.1882 0.1872 
     H171902  1 0.1691 0.1453 0.1353 0.2094 0.1664 0.1745 
     H171903  1 0.1433 0.1771 0.2061 0.1623 0.1826 0.1287 
     H171935  1 0.0773 0.2073 0.1582 0.1608 0.1939 0.2025 
     H171936  1 0.3008 0.1907 0.1427 0.1411 0.1289 0.0958 
     H171940  1 0.2452 0.1104 0.1407 0.1451 0.1238 0.2347 
     H171945  1 0.1636 0.1281 0.1262 0.2350 0.1456 0.2015 
     H171948  1 0.1195 0.1528 0.1866 0.1419 0.1537 0.2456 
     H171949  1 0.1501 0.1381 0.1247 0.1249 0.1733 0.2889 
     H171950  1 0.1013 0.1789 0.1487 0.1129 0.2171 0.2410 
     H171963  1 0.1331 0.1873 0.1725 0.2284 0.1776 0.1011 
     H171964  1 0.1349 0.1470 0.1552 0.3145 0.1530 0.0953 
     H171966  1 0.1159 0.1653 0.1932 0.1844 0.1852 0.1560 
     H171968  1 0.1689 0.1334 0.1276 0.1985 0.1679 0.2038 
     H171971  1 0.0931 0.2152 0.1926 0.1841 0.1962 0.1188 
     H171972  1 0.1359 0.1852 0.2113 0.1847 0.1853 0.0976 
     H171977  1 0.2191 0.1316 0.1472 0.2595 0.1499 0.0928 
     H171978  1 0.0902 0.1623 0.1530 0.1828 0.2225 0.1891 
     H171979  1 0.1405 0.1880 0.2309 0.1814 0.1785 0.0806 
        H176  1 0.2115 0.1595 0.1491 0.1493 0.1330 0.1975 
        H177  1 0.1277 0.1477 0.1393 0.1287 0.1551 0.3015 
        H179  1 0.2827 0.1402 0.1142 0.1053 0.1522 0.2054 
        H181  1 0.1452 0.1665 0.2062 0.1906 0.1474 0.1441 
        H182  1 0.1149 0.1575 0.2506 0.1892 0.2062 0.0817 
        H183  1 0.1368 0.1580 0.1865 0.2470 0.1476 0.1241 
        H184  1 0.1473 0.1294 0.1398 0.1500 0.1412 0.2923 
        H185  1 0.2234 0.1662 0.1706 0.1814 0.1407 0.1177 
        H186  1 0.1305 0.1281 0.1293 0.2803 0.1633 0.1687 
        H187  1 0.1247 0.1934 0.1772 0.1738 0.1956 0.1353 
        H188  1 0.3692 0.1240 0.1173 0.1049 0.0937 0.1910 
        H192  1 0.1173 0.1458 0.1418 0.1318 0.1732 0.2901 
        H193  1 0.1388 0.1376 0.1948 0.2084 0.2110 0.1094 
        H194  1 0.1733 0.1724 0.1750 0.1530 0.1651 0.1612 
        H195  1 0.1494 0.1604 0.1442 0.2703 0.1649 0.1109 
        H199  1 0.1606 0.1354 0.1426 0.2808 0.1534 0.1272 
        H200  1 0.1687 0.1591 0.1384 0.1554 0.1468 0.2316 
        H414  1 0.1059 0.1903 0.1909 0.1957 0.2156 0.1016 
        H415  1 0.1744 0.1984 0.1851 0.1553 0.1851 0.1016 
        H422  1 0.1347 0.1313 0.1358 0.2218 0.1490 0.2274 
        H423  1 0.0856 0.0998 0.0976 0.0952 0.1599 0.4619 
        H424  1 0.1244 0.1467 0.1981 0.2591 0.1717 0.1000 
        H425  1 0.1699 0.1248 0.1209 0.3521 0.1371 0.0953 
        H426  1 0.0922 0.1593 0.1728 0.2813 0.1912 0.1031 
        H443  1 0.2247 0.1082 0.1066 0.3412 0.1183 0.1011 
        H466  1 0.1440 0.1802 0.1753 0.1730 0.1728 0.1546 
        H467  1 0.1152 0.1751 0.1350 0.1417 0.1998 0.2332 
        H472  1 0.2558 0.1519 0.1419 0.1589 0.1366 0.1548 
        H483  1 0.2428 0.1447 0.1809 0.1777 0.1270 0.1270 
        H504  1 0.1604 0.1519 0.1483 0.2744 0.1681 0.0968 
        H505  1 0.2357 0.1426 0.1438 0.1466 0.1594 0.1719 
        H506  1 0.1721 0.1405 0.1466 0.2044 0.1629 0.1735 
        H507  1 0.1940 0.1974 0.2026 0.1798 0.1624 0.0637 
        H508  1 0.1094 0.1933 0.1826 0.1512 0.2039 0.1596 
        H524  1 0.2060 0.2068 0.1823 0.1723 0.1447 0.0879 
        H525  1 0.1939 0.1550 0.1789 0.2093 0.1544 0.1086 
        H526  1 0.4000 0.1421 0.1191 0.1091 0.0908 0.1390 
        H527  1 0.1354 0.1672 0.1564 0.1517 0.1947 0.1946 
        H528  1 0.1715 0.1959 0.1857 0.1798 0.1608 0.1064 
        H529  1 0.1893 0.1535 0.1695 0.2719 0.1433 0.0725 
        H533  1 0.1069 0.1876 0.2572 0.1484 0.2312 0.0687 
        H538  1 0.2241 0.1632 0.1713 0.1435 0.1360 0.1618 
        H539  1 0.1013 0.2028 0.2002 0.1886 0.1929 0.1142 
        H540  1 0.1500 0.1632 0.1863 0.1828 0.1710 0.1467 
        H541  1 0.2726 0.1743 0.1629 0.1427 0.1402 0.1073 
        H558  1 0.0890 0.1626 0.2021 0.2141 0.1944 0.1378 
        H559  1 0.2067 0.1353 0.1415 0.1744 0.1450 0.1970 
        H579  1 0.1406 0.1513 0.2151 0.2066 0.1637 0.1226 
        H584  1 0.1434 0.1519 0.1741 0.2432 0.1712 0.1162 
        H585  1 0.1540 0.1760 0.1707 0.1968 0.1869 0.1155 
        H605  1 0.1426 0.1364 0.1646 0.1750 0.1564 0.2250 
        H606  1 0.1883 0.1086 0.1024 0.1175 0.1742 0.3090 
        H632  1 0.1650 0.1511 0.1647 0.2448 0.1669 0.1075 
        H634  1 0.1520 0.1503 0.1838 0.2153 0.1631 0.1355 
        H671  1 0.1411 0.1516 0.1327 0.1227 0.1821 0.2698 
        H672  1 0.1912 0.2251 0.1630 0.1571 0.1488 0.1149 
        H673  1 0.2013 0.1053 0.1763 0.2430 0.1264 0.1477 
        H689  1 0.2122 0.1468 0.1632 0.2201 0.1466 0.1110 
        H690  1 0.1560 0.1468 0.1925 0.1193 0.1598 0.2257 
        H691  1 0.2985 0.1372 0.1636 0.1354 0.1382 0.1271 
        H692  1 0.1413 0.1283 0.1954 0.3092 0.1520 0.0737 
        H709  1 0.1174 0.1754 0.2190 0.1747 0.1655 0.1480 
        H710  1 0.0998 0.1614 0.2581 0.2084 0.1907 0.0816 
       H7355  1 0.2815 0.1759 0.1809 0.1224 0.1446 0.0947 
       H7356  1 0.1256 0.1539 0.1890 0.1948 0.1853 0.1514 
       H7357  1 0.1988 0.1524 0.1710 0.1249 0.1542 0.1988 
       H7358  1 0.3280 0.1039 0.1683 0.1414 0.1124 0.1460 
       H7380  1 0.1537 0.1507 0.1857 0.2054 0.1750 0.1295 
       H7381  1 0.1093 0.1427 0.1431 0.2496 0.1572 0.1982 
       H7382  1 0.1933 0.1649 0.1662 0.1683 0.1837 0.1236 
        H904  1 0.1206 0.1131 0.1042 0.0912 0.1810 0.3900 
        H923  1 0.2018 0.1368 0.1324 0.1795 0.1456 0.2040 
        H924  1 0.1943 0.1360 0.1388 0.1728 0.1388 0.2193 
        H925  1 0.4229 0.1246 0.1302 0.1266 0.0920 0.1036 
       H9558  1 0.0857 0.1594 0.2076 0.2236 0.1815 0.1422 
        H008  2 0.2021 0.1557 0.1901 0.1726 0.1625 0.1169 
        H021  2 0.1786 0.1842 0.1598 0.1383 0.1727 0.1663 
        H023  2 0.2442 0.1319 0.1521 0.1282 0.1607 0.1829 
        H024  2 0.1439 0.2127 0.1962 0.1858 0.1790 0.0824 
        H025  2 0.1223 0.1132 0.1235 0.1687 0.1648 0.3076 
        H026  2 0.1581 0.1803 0.1280 0.2847 0.1654 0.0834 
        H027  2 0.2454 0.2095 0.1674 0.1425 0.1334 0.1018 
        H028  2 0.1522 0.1645 0.1964 0.2110 0.1457 0.1303 
        H029  2 0.2460 0.1996 0.1542 0.1716 0.1424 0.0862 
        H030  2 0.1432 0.1897 0.2018 0.2088 0.1579 0.0985 
        H038  2 0.1809 0.2184 0.1461 0.1202 0.1821 0.1523 
        H039  2 0.0720 0.0701 0.0669 0.0623 0.1633 0.5655 
        H040  2 0.1008 0.2187 0.1378 0.1304 0.2481 0.1642 
        H041  2 0.2805 0.1715 0.1525 0.1300 0.1230 0.1425 
        H042  2 0.2241 0.1452 0.1455 0.1595 0.1226 0.2031 
        H043  2 0.0781 0.1828 0.1277 0.1261 0.2215 0.2638 
        H044  2 0.1107 0.1787 0.2227 0.1654 0.1896 0.1329 
        H047  2 0.1161 0.1498 0.1664 0.1831 0.1617 0.2229 
        H050  2 0.1465 0.2067 0.2053 0.1601 0.1959 0.0854 
        H058  2 0.0985 0.1874 0.1817 0.1656 0.2056 0.1613 
        H062  2 0.3411 0.1100 0.1092 0.1180 0.1092 0.2124 
        H063  2 0.1441 0.1670 0.1667 0.1264 0.1657 0.2300 
        H065  2 0.1461 0.1081 0.1056 0.3291 0.1206 0.1905 
        H066  2 0.1025 0.2258 0.1796 0.1705 0.2200 0.1017 
        H067  2 0.2522 0.1559 0.1501 0.1850 0.1386 0.1182 
        H068  2 0.1461 0.1581 0.1534 0.1254 0.1919 0.2251 
        H069  2 0.1928 0.1671 0.1483 0.1902 0.1657 0.1359 
        H071  2 0.1524 0.1737 0.1692 0.1424 0.1623 0.2000 
        H072  2 0.1305 0.1200 0.1171 0.1030 0.1545 0.3750 
        H073  2 0.1814 0.1662 0.1682 0.2331 0.1481 0.1030 
        H081  2 0.2896 0.1168 0.1516 0.1142 0.1142 0.2137 
        H082  2 0.1343 0.1519 0.2670 0.1689 0.1578 0.1202 
        H083  2 0.1266 0.1559 0.2225 0.1975 0.1848 0.1127 
        H084  2 0.1531 0.2252 0.1646 0.1506 0.1811 0.1254 
        H085  2 0.3173 0.1701 0.1604 0.1144 0.1026 0.1351 
        H087  2 0.3337 0.1272 0.1497 0.1190 0.1190 0.1514 
        H088  2 0.1688 0.1393 0.1479 0.1328 0.1750 0.2364 
        H089  2 0.3038 0.1329 0.1555 0.1660 0.1214 0.1204 
        H090  2 0.1764 0.2274 0.1870 0.1612 0.1548 0.0932 
        H091  2 0.2530 0.2370 0.1879 0.1300 0.1302 0.0618 
        H098  2 0.1810 0.1732 0.1835 0.1464 0.1752 0.1406 
      H10001  2 0.0685 0.0782 0.0716 0.0641 0.1578 0.5597 
      H10002  2 0.1474 0.1319 0.1622 0.1185 0.1638 0.2762 
        H101  2 0.1368 0.2351 0.1883 0.1458 0.2133 0.0806 
        H108  2 0.2395 0.0904 0.1060 0.1135 0.1188 0.3318 
        H109  2 0.1209 0.1963 0.1557 0.1541 0.2178 0.1551 
        H110  2 0.1879 0.1598 0.2119 0.1499 0.1590 0.1314 
        H116  2 0.1293 0.1745 0.1661 0.2378 0.1819 0.1104 
        H117  2 0.2413 0.2674 0.1698 0.1152 0.1333 0.0729 
        H118  2 0.2330 0.2025 0.1511 0.2131 0.1219 0.0783 
        H119  2 0.1507 0.2287 0.1676 0.1511 0.1576 0.1444 
        H120  2 0.1629 0.0864 0.0899 0.0919 0.1109 0.4579 
        H121  2 0.2773 0.1796 0.1754 0.1564 0.1271 0.0842 
        H125  2 0.0786 0.1323 0.1026 0.0696 0.2014 0.4155 
        H126  2 0.1153 0.1175 0.1507 0.2711 0.1418 0.2037 
        H128  2 0.1762 0.2292 0.1781 0.2097 0.1585 0.0482 
        H129  2 0.1140 0.1439 0.1524 0.3131 0.1863 0.0903 
        H130  2 0.0761 0.1259 0.1407 0.1623 0.1947 0.3003 
        H133  2 0.0938 0.1171 0.1124 0.1186 0.1777 0.3805 
        H134  2 0.0994 0.1066 0.1117 0.4543 0.1419 0.0861 
        H135  2 0.1865 0.1495 0.1851 0.1404 0.1486 0.1899 
        H137  2 0.1578 0.2188 0.1976 0.1348 0.1774 0.1136 
        H138  2 0.0858 0.1575 0.1987 0.2653 0.1998 0.0929 
        H140  2 0.1754 0.1780 0.1496 0.1599 0.1553 0.1818 
        H146  2 0.1785 0.2485 0.1800 0.1530 0.1465 0.0936 
        H147  2 0.1808 0.1959 0.2273 0.1402 0.1498 0.1060 
        H148  2 0.2311 0.2066 0.1984 0.1172 0.1429 0.1038 
     H166022  2 0.1370 0.1941 0.2382 0.1676 0.1824 0.0807 
     H167359  2 0.1569 0.1668 0.1668 0.1825 0.1784 0.1486 
     H167397  2 0.1518 0.2145 0.2014 0.1810 0.1848 0.0665 
     H167428  2 0.3606 0.1319 0.1902 0.1344 0.1023 0.0805 
     H167496  2 0.1938 0.1458 0.1188 0.1037 0.1607 0.2773 
     H167513  2 0.0877 0.2153 0.2114 0.1294 0.2127 0.1435 
     H167545  2 0.1282 0.1597 0.2330 0.2031 0.1938 0.0823 
     H167547  2 0.1014 0.2429 0.1819 0.1930 0.1991 0.0816 
     H169621  2 0.1377 0.1884 0.2541 0.1631 0.1664 0.0903 
     H169622  2 0.1893 0.1653 0.1580 0.2136 0.1625 0.1114 
     H169750  2 0.0945 0.1912 0.1799 0.1582 0.1982 0.1780 
     H171806  2 0.1849 0.2232 0.1499 0.1564 0.1343 0.1513 
     H171808  2 0.2696 0.1435 0.1441 0.1633 0.1339 0.1456 
     H171809  2 0.2245 0.1389 0.1549 0.1347 0.1406 0.2064 
     H171813  2 0.1352 0.1494 0.1723 0.1833 0.1938 0.1659 
     H171815  2 0.0937 0.1400 0.1177 0.1331 0.1775 0.3380 
     H171824  2 0.2289 0.1765 0.1341 0.1101 0.1528 0.1976 
     H171825  2 0.1930 0.1610 0.1484 0.2177 0.1595 0.1204 
     H171826  2 0.1917 0.1640 0.1499 0.1389 0.1697 0.1859 
     H171827  2 0.1041 0.1937 0.2157 0.1596 0.2146 0.1123 
     H171828  2 0.1618 0.1032 0.0952 0.0835 0.1290 0.4273 
     H171829  2 0.0949 0.1870 0.1620 0.2268 0.1988 0.1305 
     H171830  2 0.1310 0.1717 0.2008 0.1368 0.1859 0.1738 
     H171831  2 0.1390 0.1628 0.1947 0.2462 0.1665 0.0908 
     H171832  2 0.1207 0.1423 0.2055 0.2024 0.1738 0.1553 
     H171863  2 0.1396 0.1686 0.1941 0.2334 0.1836 0.0806 
     H171864  2 0.1902 0.2171 0.1708 0.1362 0.1567 0.1290 
     H171865  2 0.1472 0.1352 0.1178 0.1324 0.1726 0.2948 
     H171879  2 0.1534 0.2172 0.1561 0.1690 0.1764 0.1279 
     H171880  2 0.1412 0.2842 0.1835 0.1362 0.1747 0.0800 
     H171881  2 0.2122 0.1592 0.1897 0.1732 0.1459 0.1197 
     H171882  2 0.0956 0.0808 0.0857 0.0811 0.1435 0.5133 
     H171929  2 0.2230 0.1486 0.1649 0.1649 0.1278 0.1709 
     H171930  2 0.1114 0.1818 0.2323 0.1885 0.2080 0.0780 
     H171933  2 0.1670 0.1933 0.1996 0.1700 0.1694 0.1007 
     H171934  2 0.2884 0.1576 0.1583 0.1328 0.1286 0.1343 
     H171937  2 0.1048 0.1250 0.1767 0.2814 0.1774 0.1347 
     H171962  2 0.2285 0.1397 0.1887 0.1792 0.1421 0.1219 
        H190  2 0.1554 0.1532 0.2026 0.1936 0.1779 0.1172 
        H191  2 0.1664 0.1724 0.1736 0.1787 0.1430 0.1659 
        H396  2 0.3978 0.1304 0.1300 0.1158 0.0972 0.1288 
        H397  2 0.1535 0.1580 0.1969 0.1858 0.1861 0.1197 
        H398  2 0.2284 0.1237 0.1138 0.2365 0.1159 0.1817 
        H400  2 0.3048 0.1271 0.1487 0.1413 0.1253 0.1529 
        H401  2 0.1279 0.2660 0.2078 0.1440 0.1988 0.0556 
        H402  2 0.1433 0.2262 0.1952 0.1559 0.1911 0.0882 
        H427  2 0.3518 0.1396 0.1314 0.1328 0.1232 0.1211 
        H428  2 0.3584 0.1202 0.1712 0.1540 0.1111 0.0852 
        H497  2 0.1072 0.1677 0.1606 0.1525 0.1925 0.2195 
        H512  2 0.1382 0.2152 0.1769 0.1594 0.1860 0.1243 
        H513  2 0.0929 0.2185 0.2182 0.1278 0.2025 0.1400 
        H514  2 0.1076 0.1774 0.1742 0.2122 0.1990 0.1296 
        H519  2 0.1029 0.1965 0.2167 0.1372 0.2004 0.1463 
        H532  2 0.3770 0.1554 0.1483 0.1260 0.1119 0.0813 
        H543  2 0.1324 0.2063 0.2422 0.1653 0.1711 0.0828 
        H544  2 0.1381 0.1304 0.1432 0.2288 0.1371 0.2224 
        H545  2 0.1136 0.1542 0.2435 0.2201 0.1923 0.0763 
        H546  2 0.1347 0.1370 0.1431 0.1497 0.1614 0.2742 
        H547  2 0.0947 0.2332 0.1905 0.2113 0.1933 0.0771 
        H548  2 0.2329 0.1486 0.1673 0.1581 0.1543 0.1388 
        H549  2 0.1209 0.2553 0.1743 0.1303 0.2190 0.1003 
        H620  2 0.1040 0.0961 0.0971 0.0874 0.1560 0.4594 
        H623  2 0.1083 0.1532 0.2158 0.2152 0.1658 0.1417 
        H624  2 0.1067 0.1736 0.1314 0.1590 0.1938 0.2355 
        H625  2 0.3102 0.1400 0.1625 0.1484 0.1231 0.1159 
        H626  2 0.1443 0.1989 0.1677 0.1669 0.1868 0.1354 
        H654  2 0.0751 0.1160 0.0832 0.0901 0.2179 0.4177 
        H655  2 0.1096 0.1617 0.2062 0.1431 0.2032 0.1762 
        H656  2 0.1492 0.0706 0.0751 0.0894 0.1349 0.4808 
        H666  2 0.0806 0.1155 0.0984 0.1058 0.1862 0.4136 
        H667  2 0.1966 0.1754 0.1821 0.1622 0.1677 0.1160 
        H677  2 0.2182 0.1752 0.1646 0.1557 0.1486 0.1377 
        H693  2 0.2788 0.0871 0.1006 0.0956 0.1031 0.3347 
        H694  2 0.1333 0.1394 0.1900 0.2105 0.1765 0.1503 
        H701  2 0.1423 0.1720 0.2096 0.1595 0.2049 0.1116 
        H702  2 0.1110 0.2101 0.1938 0.1449 0.2020 0.1382 
        H731  2 0.1852 0.1470 0.1592 0.1363 0.1491 0.2233 
       H7359  2 0.1605 0.1582 0.1700 0.1792 0.1850 0.1472 
       H7389  2 0.2563 0.2043 0.1590 0.1523 0.1333 0.0948 
       H7390  2 0.0943 0.2215 0.1472 0.1071 0.2416 0.1884 
       H7391  2 0.3997 0.1735 0.1261 0.0993 0.1055 0.0959 
       H7392  2 0.1960 0.1644 0.1556 0.1811 0.1591 0.1439 
       H7393  2 0.1302 0.1966 0.1566 0.1363 0.1885 0.1918 
       H7398  2 0.2834 0.1725 0.1605 0.1204 0.1230 0.1402 
       H7399  2 0.1931 0.1541 0.1852 0.1950 0.1751 0.0975 
       H7400  2 0.0900 0.0712 0.0704 0.0823 0.1639 0.5222 
        H745  2 0.1216 0.1314 0.1482 0.3560 0.1461 0.0967 
        H746  2 0.1728 0.1675 0.1940 0.1936 0.1805 0.0916 
        H747  2 0.1132 0.1978 0.1512 0.1268 0.1918 0.2194 
        H748  2 0.1218 0.1923 0.1895 0.1649 0.1970 0.1346 
       H7484  2 0.1211 0.1071 0.1073 0.1067 0.1602 0.3977 
       H7485  2 0.1304 0.1808 0.1757 0.1810 0.1801 0.1520 
        H749  2 0.1939 0.1742 0.1650 0.2021 0.1649 0.0999 
        H930  2 0.1293 0.1822 0.2195 0.1781 0.2091 0.0818 
        H931  2 0.2385 0.1463 0.1559 0.1610 0.1252 0.1731 
        H932  2 0.1643 0.2421 0.1631 0.1651 0.1338 0.1316 
        H111  3 0.0798 0.1576 0.1989 0.2563 0.2018 0.1056 
        H951  3 0.1671 0.1650 0.2009 0.1824 0.1714 0.1133 
        H952  3 0.1514 0.2002 0.1677 0.2050 0.1649 0.1108 
        H953  3 0.4291 0.1807 0.1135 0.1063 0.0964 0.0741 
        H954  3 0.1158 0.1529 0.1278 0.1266 0.1844 0.2925 
        H955  3 0.1256 0.1863 0.2190 0.1960 0.1867 0.0865 
        H956  3 0.1308 0.2630 0.2114 0.1203 0.1585 0.1160 
       H9563  3 0.1929 0.1970 0.1548 0.1393 0.1419 0.1741 
        H002  4 0.0852 0.1069 0.1303 0.1993 0.1660 0.3124 
        H003  4 0.1904 0.1561 0.1869 0.2128 0.1612 0.0927 
        H009  4 0.1179 0.1852 0.1849 0.2437 0.1717 0.0966 
        H010  4 0.1961 0.1775 0.1693 0.1782 0.1629 0.1160 
        H011  4 0.1889 0.1196 0.1139 0.1100 0.1339 0.3338 
        H012  4 0.1794 0.1620 0.2185 0.1494 0.1692 0.1216 
        H013  4 0.1733 0.1330 0.1726 0.1305 0.1568 0.2338 
        H014  4 0.1301 0.1777 0.2034 0.1662 0.1780 0.1446 
        H045  4 0.3191 0.1449 0.1304 0.1089 0.1109 0.1858 
        H046  4 0.1645 0.1503 0.1516 0.2848 0.1539 0.0949 
        H051  4 0.1981 0.1219 0.1376 0.1292 0.1240 0.2893 
        H052  4 0.1298 0.1164 0.1310 0.1609 0.1631 0.2989 
        H053  4 0.1270 0.2013 0.1822 0.1523 0.1856 0.1516 
        H056  4 0.1185 0.1261 0.1422 0.1489 0.1366 0.3277 
        H076  4 0.1460 0.1751 0.1581 0.2596 0.1596 0.1015 
        H151  4 0.0861 0.1623 0.1251 0.1327 0.2270 0.2668 
        H152  4 0.1147 0.1045 0.1381 0.1822 0.1528 0.3077 
     H171803  4 0.1290 0.2204 0.1716 0.1319 0.2061 0.1409 
     H171804  4 0.1516 0.1962 0.1665 0.1286 0.1822 0.1748 
     H171833  4 0.0942 0.1463 0.1743 0.3010 0.1766 0.1075 
     H171855  4 0.0752 0.1408 0.1109 0.1505 0.2091 0.3135 
     H171856  4 0.1408 0.2517 0.1656 0.1315 0.1954 0.1150 
     H171857  4 0.1226 0.1786 0.1376 0.1707 0.1905 0.1999 
     H171858  4 0.1483 0.1601 0.1467 0.1900 0.1579 0.1970 
     H171859  4 0.1573 0.1872 0.1384 0.1809 0.1642 0.1719 
     H171961  4 0.1819 0.1285 0.1465 0.1429 0.1352 0.2649 
        H198  4 0.1721 0.1580 0.1962 0.1958 0.1895 0.0884 
      H20001  4 0.0772 0.1609 0.2113 0.2236 0.2174 0.1097 
        H403  4 0.1426 0.2048 0.1592 0.1539 0.1881 0.1514 
        H404  4 0.1944 0.1366 0.1958 0.1877 0.1638 0.1217 
        H405  4 0.1956 0.1579 0.1747 0.2394 0.1392 0.0933 
        H406  4 0.0886 0.2081 0.1800 0.1965 0.1890 0.1378 
        H407  4 0.1950 0.2402 0.1571 0.1317 0.1582 0.1178 
        H410  4 0.2416 0.2754 0.1538 0.1253 0.1377 0.0662 
        H411  4 0.0804 0.1560 0.2271 0.2145 0.2024 0.1196 
        H468  4 0.0837 0.1995 0.1784 0.1943 0.2499 0.0942 
        H476  4 0.0957 0.1880 0.1841 0.1623 0.2237 0.1461 
        H477  4 0.1194 0.2006 0.1663 0.2593 0.1820 0.0725 
        H478  4 0.1528 0.1806 0.1909 0.1680 0.1841 0.1237 
        H479  4 0.2080 0.1186 0.1441 0.1505 0.1385 0.2403 
        H480  4 0.0868 0.1799 0.2472 0.1913 0.2123 0.0826 
        H498  4 0.1049 0.1572 0.2143 0.2160 0.1773 0.1303 
        H499  4 0.1735 0.1328 0.1797 0.1812 0.1645 0.1683 
        H500  4 0.1247 0.1626 0.1597 0.1158 0.2013 0.2359 
        H515  4 0.1158 0.1724 0.1949 0.1523 0.1769 0.1877 
        H516  4 0.1150 0.1558 0.1703 0.2007 0.2037 0.1545 
        H517  4 0.1562 0.2451 0.1519 0.1629 0.1653 0.1187 
        H518  4 0.1032 0.1382 0.1276 0.1998 0.1922 0.2390 
        H520  4 0.0905 0.1982 0.1429 0.1540 0.2410 0.1733 
        H521  4 0.2533 0.1653 0.1537 0.1592 0.1509 0.1177 
        H522  4 0.1129 0.2220 0.1903 0.1504 0.2115 0.1129 
        H523  4 0.1147 0.2011 0.2073 0.1612 0.1670 0.1488 
        H536  4 0.2093 0.1276 0.1419 0.2719 0.1329 0.1164 
        H645  4 0.3950 0.1037 0.1178 0.1019 0.1037 0.1779 
        H646  4 0.1676 0.2308 0.1638 0.1870 0.1716 0.0792 
        H647  4 0.1782 0.1952 0.1392 0.1923 0.1796 0.1156 
        H657  4 0.1579 0.2408 0.1849 0.1753 0.1674 0.0737 
        H658  4 0.1513 0.2010 0.2066 0.1425 0.1740 0.1247 
        H659  4 0.0689 0.1834 0.1236 0.0993 0.2543 0.2704 
        H660  4 0.1443 0.1477 0.1591 0.1722 0.1619 0.2148 
        H661  4 0.0902 0.1711 0.1429 0.1625 0.2246 0.2087 
        H668  4 0.1555 0.1644 0.2001 0.1684 0.1852 0.1265 
        H669  4 0.1987 0.1719 0.1575 0.1363 0.1667 0.1689 
        H670  4 0.2996 0.1045 0.1337 0.0986 0.1293 0.2342 
        H678  4 0.1351 0.2025 0.1932 0.1495 0.1935 0.1262 
        H679  4 0.1748 0.1781 0.2057 0.1501 0.1898 0.1015 
        H680  4 0.1205 0.1817 0.1646 0.2181 0.2014 0.1137 
        H681  4 0.1740 0.1430 0.1545 0.1293 0.1552 0.2440 
        H682  4 0.1390 0.2407 0.2017 0.1465 0.1852 0.0869 
        H683  4 0.1172 0.1332 0.1210 0.1958 0.1804 0.2524 
        H718  4 0.1593 0.1182 0.0970 0.1229 0.1526 0.3500 
        H719  4 0.2679 0.1193 0.1625 0.1234 0.1331 0.1937 
        H720  4 0.1336 0.1286 0.1429 0.1968 0.1650 0.2331 
        H721  4 0.1309 0.1494 0.1447 0.1950 0.1775 0.2025 
        H722  4 0.0942 0.1209 0.1168 0.2663 0.1514 0.2504 
        H723  4 0.1792 0.1657 0.1399 0.1246 0.1519 0.2386 
        H724  4 0.1304 0.1657 0.1192 0.0982 0.1993 0.2871 
        H725  4 0.0852 0.1407 0.1127 0.1305 0.2095 0.3215 
        H726  4 0.1157 0.1415 0.1480 0.1377 0.1597 0.2974 
        H727  4 0.1934 0.1650 0.1356 0.1260 0.1594 0.2207 
        H910  4 0.1632 0.1687 0.1697 0.1284 0.1687 0.2012 
        H911  4 0.1504 0.2300 0.1694 0.1780 0.1666 0.1056 
        H912  4 0.1165 0.1618 0.1538 0.2027 0.2014 0.1637 
        H913  4 0.1279 0.2195 0.2011 0.1370 0.1716 0.1429 
        H914  4 0.2123 0.1593 0.1554 0.1041 0.1619 0.2070 
        H915  4 0.1132 0.1920 0.1876 0.1657 0.2007 0.1408 
        H916  4 0.1070 0.1922 0.2004 0.1638 0.2173 0.1193 
       H9572  4 0.1265 0.2107 0.1910 0.1442 0.1889 0.1387 
        H015  5 0.1243 0.1900 0.2282 0.1834 0.1613 0.1128 
        H016  5 0.1271 0.1390 0.1443 0.3142 0.1526 0.1228 
        H017  5 0.0830 0.1761 0.1851 0.2205 0.2174 0.1179 
        H019  5 0.1410 0.1482 0.1848 0.1875 0.1612 0.1774 
        H020  5 0.2296 0.1282 0.1546 0.1599 0.1169 0.2107 
        H032  5 0.1152 0.1812 0.1494 0.1816 0.2059 0.1666 
        H033  5 0.1663 0.1675 0.2096 0.1625 0.1730 0.1211 
        H034  5 0.1349 0.1518 0.1550 0.1225 0.1474 0.2884 
        H035  5 0.1537 0.2244 0.1694 0.1571 0.1841 0.1113 
        H036  5 0.1722 0.1843 0.2107 0.1731 0.1659 0.0938 
        H037  5 0.1707 0.2004 0.1774 0.1360 0.1717 0.1437 
        H048  5 0.2407 0.1695 0.1216 0.1062 0.1655 0.1965 
        H049  5 0.1272 0.1408 0.2186 0.1929 0.1750 0.1456 
        H054  5 0.1675 0.1770 0.1358 0.2330 0.1339 0.1528 
        H055  5 0.1637 0.1218 0.1475 0.1630 0.1774 0.2265 
        H057  5 0.0959 0.1343 0.1354 0.3276 0.1539 0.1529 
        H060  5 0.1223 0.1101 0.1452 0.1622 0.1544 0.3058 
        H061  5 0.2425 0.1709 0.1483 0.1602 0.1584 0.1196 
        H064  5 0.1817 0.1214 0.1453 0.1600 0.1479 0.2438 
        H070  5 0.1383 0.1284 0.1765 0.1248 0.1548 0.2771 
        H077  5 0.0870 0.1208 0.1283 0.1120 0.1662 0.3858 
        H078  5 0.0970 0.1706 0.1391 0.1779 0.2291 0.1864 
        H079  5 0.2653 0.2037 0.1855 0.1388 0.1200 0.0867 
        H097  5 0.0807 0.1634 0.1632 0.2076 0.1600 0.2251 
        H107  5 0.1336 0.1487 0.1251 0.0950 0.1847 0.3129 
        H122  5 0.1506 0.1966 0.1712 0.1861 0.1847 0.1108 
        H123  5 0.1531 0.2334 0.1888 0.1906 0.1633 0.0708 
        H124  5 0.2141 0.2315 0.1628 0.1596 0.1483 0.0837 
        H131  5 0.1829 0.2092 0.1878 0.1661 0.1591 0.0948 
        H132  5 0.2343 0.1479 0.1295 0.1597 0.1587 0.1699 
        H141  5 0.1498 0.1892 0.1499 0.1512 0.2022 0.1576 
        H142  5 0.1326 0.1620 0.2256 0.1843 0.2035 0.0920 
        H157  5 0.1504 0.1860 0.1577 0.1311 0.1836 0.1912 
        H158  5 0.1045 0.2020 0.2120 0.2366 0.1656 0.0792 
        H159  5 0.1318 0.1972 0.2215 0.1903 0.1650 0.0942 
        H160  5 0.1116 0.2385 0.1741 0.1617 0.2055 0.1085 
        H163  5 0.1401 0.1586 0.2268 0.1893 0.1734 0.1117 
        H164  5 0.1374 0.1528 0.1927 0.1680 0.1667 0.1822 
        H165  5 0.2793 0.1743 0.1600 0.1490 0.1377 0.0997 
        H166  5 0.2296 0.1287 0.1994 0.1774 0.1391 0.1258 
        H169  5 0.1587 0.1636 0.2104 0.1539 0.1753 0.1381 
     H169613  5 0.1186 0.1701 0.1838 0.1620 0.1734 0.1922 
     H169653  5 0.1322 0.1564 0.2331 0.1843 0.1794 0.1147 
     H169728  5 0.1197 0.1613 0.1760 0.2092 0.2249 0.1089 
     H169742  5 0.3731 0.1019 0.1332 0.1056 0.1039 0.1824 
        H170  5 0.1147 0.1390 0.1675 0.2703 0.1602 0.1484 
        H171  5 0.1063 0.1595 0.1438 0.2945 0.1670 0.1289 
     H171851  5 0.1263 0.1474 0.2043 0.1949 0.1619 0.1652 
     H171852  5 0.1588 0.1253 0.1201 0.1738 0.1841 0.2378 
     H171853  5 0.1281 0.2124 0.1867 0.1397 0.1720 0.1612 
     H171854  5 0.1055 0.1692 0.1874 0.1623 0.1985 0.1770 
     H171938  5 0.1926 0.1658 0.1934 0.1362 0.1581 0.1540 
     H171939  5 0.2688 0.1548 0.1537 0.1945 0.1240 0.1043 
     H171941  5 0.1772 0.1017 0.1259 0.1091 0.1341 0.3521 
     H171965  5 0.1274 0.1521 0.1950 0.2120 0.1911 0.1224 
     H171970  5 0.1225 0.1221 0.1052 0.0972 0.1682 0.3847 
     H171973  5 0.2855 0.1601 0.1532 0.1593 0.1406 0.1014 
     H171974  5 0.2271 0.1708 0.1662 0.1266 0.1661 0.1432 
     H171975  5 0.2327 0.1467 0.1508 0.1402 0.1225 0.2070 
     H171976  5 0.0852 0.1670 0.1811 0.2367 0.1818 0.1483 
        H175  5 0.2143 0.1690 0.1282 0.1243 0.1598 0.2044 
        H178  5 0.1892 0.1295 0.1593 0.1568 0.1349 0.2303 
        H189  5 0.1414 0.2020 0.2074 0.1756 0.1857 0.0880 
        H399  5 0.0857 0.1753 0.1343 0.3116 0.1885 0.1046 
        H416  5 0.2546 0.1484 0.1422 0.1398 0.1377 0.1773 
        H438  5 0.1942 0.1974 0.1825 0.1429 0.1528 0.1301 
        H450  5 0.1021 0.1149 0.1464 0.1181 0.1538 0.3647 
        H455  5 0.1929 0.1027 0.1173 0.0973 0.1104 0.3793 
        H456  5 0.2800 0.1714 0.1499 0.1397 0.1382 0.1208 
        H457  5 0.1041 0.1267 0.1224 0.1509 0.1755 0.3205 
        H458  5 0.1481 0.1639 0.1757 0.1547 0.1907 0.1668 
        H459  5 0.1491 0.1962 0.2096 0.1962 0.1765 0.0725 
        H460  5 0.1043 0.2070 0.1969 0.1583 0.1981 0.1355 
        H461  5 0.1002 0.1525 0.1730 0.2284 0.1918 0.1541 
        H462  5 0.2040 0.1651 0.2099 0.1486 0.1652 0.1072 
        H469  5 0.1570 0.1838 0.2178 0.1595 0.1716 0.1103 
        H470  5 0.1212 0.1846 0.1627 0.1668 0.2177 0.1471 
        H471  5 0.1114 0.2186 0.1596 0.2434 0.1909 0.0761 
        H481  5 0.1424 0.1242 0.1128 0.1020 0.1637 0.3549 
        H482  5 0.1170 0.1433 0.1371 0.1556 0.1647 0.2823 
        H501  5 0.1881 0.1639 0.1667 0.1516 0.1728 0.1569 
        H502  5 0.1377 0.1489 0.1910 0.2299 0.1968 0.0958 
        H503  5 0.1310 0.1770 0.2271 0.1938 0.1696 0.1015 
        H509  5 0.1557 0.2173 0.1614 0.1113 0.1701 0.1843 
        H510  5 0.1581 0.1315 0.1773 0.1698 0.1444 0.2189 
        H511  5 0.1337 0.1501 0.1847 0.2019 0.1923 0.1374 
        H530  5 0.2374 0.1794 0.1387 0.1235 0.1570 0.1640 
        H531  5 0.1173 0.1769 0.1291 0.1434 0.2107 0.2226 
        H564  5 0.1488 0.1403 0.1476 0.1681 0.1673 0.2279 
        H565  5 0.1682 0.1169 0.1098 0.1157 0.1386 0.3508 
        H567  5 0.2084 0.1983 0.1851 0.1651 0.1594 0.0837 
     H568???  5 0.1150 0.1586 0.1746 0.2515 0.1968 0.1034 
        H608  5 0.0968 0.1118 0.1465 0.1258 0.1518 0.3673 
        H609  5 0.3008 0.1293 0.1681 0.1372 0.1239 0.1407 
        H612  5 0.1844 0.1369 0.1249 0.0959 0.1711 0.2868 
        H614  5 0.1266 0.1447 0.1200 0.1471 0.1987 0.2629 
        H615  5 0.1192 0.1590 0.1389 0.1685 0.1782 0.2363 
        H616  5 0.1601 0.1184 0.1117 0.0818 0.1315 0.3966 
        H617  5 0.2114 0.2220 0.1844 0.1446 0.1640 0.0736 
        H618  5 0.1765 0.1454 0.1363 0.1225 0.1454 0.2740 
        H619  5 0.3622 0.0917 0.1505 0.1215 0.1115 0.1626 
        H635  5 0.1405 0.1725 0.1978 0.1640 0.1596 0.1655 
        H636  5 0.2517 0.1372 0.1824 0.1392 0.1455 0.1441 
        H637  5 0.2593 0.0978 0.1306 0.1353 0.1109 0.2661 
        H644  5 0.1080 0.1586 0.1648 0.3476 0.1527 0.0683 
        H711  5 0.1220 0.1541 0.1721 0.2438 0.1726 0.1353 
        H712  5 0.3108 0.1448 0.1206 0.1152 0.1133 0.1953 
       H7360  5 0.1336 0.1505 0.1418 0.2186 0.1687 0.1868 
       H7361  5 0.1231 0.1349 0.1476 0.1568 0.1559 0.2816 
       H7362  5 0.1034 0.1486 0.1951 0.3350 0.1580 0.0599 
       H7363  5 0.1199 0.1601 0.1600 0.1648 0.1810 0.2142 
       H7394  5 0.1251 0.1675 0.2323 0.1455 0.2146 0.1150 
       H7395  5 0.1530 0.1421 0.1878 0.1727 0.1806 0.1638 
       H7396  5 0.1634 0.1888 0.2137 0.1494 0.1677 0.1170 
        H742  5 0.3723 0.1014 0.1358 0.1116 0.0994 0.1794 
        H743  5 0.2962 0.1310 0.1277 0.1433 0.1115 0.1902 
        H744  5 0.1952 0.1821 0.1204 0.0889 0.1342 0.2791 
        H957  5 0.0896 0.1633 0.1910 0.2047 0.2192 0.1321 
        H958  5 0.1627 0.1953 0.1977 0.1624 0.1799 0.1019 
        H959  5 0.1862 0.1201 0.1171 0.1134 0.1375 0.3256 
        H960  5 0.2497 0.1775 0.1547 0.1400 0.1391 0.1390 
      H_PALI  6 0.1365 0.1521 0.1889 0.1629 0.1965 0.1631 
        H581  6 0.1666 0.1762 0.1409 0.1541 0.1895 0.1726 
        H582  6 0.0950 0.1637 0.1353 0.1186 0.2196 0.2678 
        H583  6 0.1928 0.1795 0.1388 0.1523 0.1769 0.1596 
        H595  6 0.1285 0.2145 0.1915 0.1808 0.2104 0.0743 
        H596  6 0.1383 0.2134 0.1933 0.1740 0.2042 0.0769 
        H597  6 0.1541 0.1712 0.1662 0.2426 0.1690 0.0969 
        H598  6 0.1386 0.1815 0.2037 0.1491 0.1677 0.1594 
        H599  6 0.2485 0.1115 0.1324 0.1242 0.1026 0.2807 
        H642  6 0.0780 0.2440 0.1910 0.1846 0.2069 0.0954 
        H643  6 0.1843 0.2219 0.1655 0.1464 0.1595 0.1225 
        H664  6 0.0695 0.2360 0.1480 0.1362 0.2382 0.1722 
        H665  6 0.2445 0.1424 0.1679 0.1489 0.1514 0.1448 
        H674  6 0.1430 0.1739 0.2084 0.2242 0.1560 0.0945 
        H675  6 0.1337 0.1761 0.1698 0.1832 0.1631 0.1741 
        H676  6 0.0838 0.1579 0.2409 0.1779 0.1851 0.1543 
        H686  6 0.1383 0.1437 0.1727 0.2023 0.1949 0.1482 
        H687  6 0.1113 0.1809 0.1836 0.2121 0.1871 0.1249 
        H917  6 0.2060 0.1811 0.2148 0.1482 0.1651 0.0848 
        H918  6 0.3147 0.1170 0.1526 0.1494 0.1244 0.1420 
        H919  6 0.2222 0.1418 0.1284 0.0968 0.1273 0.2835 
        H920  6 0.0972 0.1490 0.1708 0.1585 0.1505 0.2740 
        H631  7 0.1688 0.1520 0.1490 0.1614 0.1648 0.2040 
        H684  7 0.0973 0.1681 0.2035 0.2231 0.1855 0.1225 
        H685  7 0.1004 0.2746 0.1823 0.0941 0.1930 0.1556 
        H713  7 0.0843 0.2284 0.1605 0.1079 0.2283 0.1906 
        H715  7 0.1066 0.1663 0.2094 0.2107 0.1832 0.1239 
        H716  7 0.2514 0.0987 0.1272 0.1520 0.1072 0.2634 
        H717  7 0.2015 0.1432 0.1591 0.1618 0.1262 0.2082 
        H729  7 0.2295 0.2094 0.2023 0.1386 0.1430 0.0772 
        H730  7 0.3457 0.1928 0.1381 0.0997 0.1067 0.1171 
        H431  8 0.1516 0.2185 0.1448 0.1282 0.1848 0.1720 
        H432  8 0.1740 0.1298 0.2196 0.2300 0.1511 0.0955 
        H433  8 0.1505 0.1835 0.2153 0.1686 0.1639 0.1182 
        H434  8 0.1659 0.1701 0.2343 0.1655 0.1598 0.1045 
        H444  8 0.2227 0.1240 0.1969 0.1409 0.1314 0.1842 
        H454  8 0.1709 0.1176 0.1303 0.1124 0.1308 0.3380 
        H475  8 0.0693 0.0993 0.1360 0.1063 0.1436 0.4455 
        H491  8 0.1464 0.1128 0.1376 0.1551 0.1469 0.3012 
        H492  8 0.1439 0.1650 0.1723 0.1414 0.1815 0.1958 
        H493  8 0.1316 0.1872 0.1806 0.1869 0.1986 0.1151 
        H494  8 0.2280 0.1385 0.1659 0.1380 0.1543 0.1753 
        H495  8 0.0896 0.1352 0.1209 0.1517 0.1988 0.3038 
        H662  8 0.1705 0.1831 0.1340 0.2207 0.1766 0.1151 
        H663  8 0.2000 0.1446 0.1701 0.1663 0.1526 0.1664 
        H695  8 0.1829 0.1831 0.1571 0.1506 0.1573 0.1689 
       H7367  8 0.1791 0.2299 0.1949 0.1469 0.1730 0.0762 
       H7368  8 0.1410 0.1580 0.1703 0.2499 0.1669 0.1138 
       H7369  8 0.2853 0.1472 0.1450 0.1348 0.1150 0.1727 
       H7370  8 0.1598 0.2438 0.1884 0.1412 0.2015 0.0652 
       H7371  8 0.1927 0.1894 0.1907 0.1567 0.1640 0.1066 
        H600  9 0.1158 0.1267 0.1510 0.1413 0.1657 0.2996 
        H648  9 0.1198 0.1752 0.1839 0.1952 0.1768 0.1491 
        H696  9 0.1116 0.1716 0.1677 0.2864 0.1916 0.0711 
        H697  9 0.2489 0.2076 0.1377 0.1399 0.1403 0.1257 
        H698  9 0.1731 0.2282 0.1744 0.1747 0.1533 0.0964 
        H699  9 0.1527 0.1734 0.1861 0.1620 0.1580 0.1677 
        H700  9 0.1228 0.1514 0.1677 0.1319 0.1818 0.2444 
        H732  9 0.1209 0.1712 0.1178 0.1449 0.1770 0.2682 
        H733  9 0.1758 0.2008 0.1807 0.1519 0.1804 0.1104 
        H734  9 0.1453 0.2114 0.2100 0.1789 0.1749 0.0793 
        H735  9 0.1585 0.2169 0.1884 0.1529 0.1817 0.1016 
        H736  9 0.1820 0.1787 0.1522 0.1574 0.1595 0.1702 
        H737  9 0.2205 0.1857 0.1648 0.1223 0.1294 0.1774 
        H905  9 0.1571 0.1155 0.1502 0.1270 0.1605 0.2898 
        H921  9 0.1949 0.1626 0.1645 0.1437 0.1542 0.1800 
        H922  9 0.1875 0.1687 0.2284 0.1591 0.1627 0.0936 
     H169705 10 0.1495 0.2941 0.1778 0.1237 0.1748 0.0801 
     H171942 10 0.1775 0.1318 0.2361 0.2111 0.1476 0.0959 
     H171943 10 0.1468 0.1971 0.2104 0.1707 0.1765 0.0985 
     H171944 10 0.1408 0.2175 0.2140 0.1413 0.1834 0.1030 
     H171946 10 0.1113 0.2212 0.1355 0.1604 0.2174 0.1542 
     H171947 10 0.2295 0.1255 0.1710 0.1557 0.1558 0.1626 
     H229641 10 0.1164 0.1744 0.1830 0.1596 0.1817 0.1849 
      H30001 10 0.1374 0.1742 0.1945 0.1503 0.1841 0.1595 
      H30002 10 0.1822 0.1611 0.2011 0.1491 0.1549 0.1516 
      H30005 10 0.1343 0.2499 0.2102 0.1520 0.1630 0.0906 
      H30006 10 0.1793 0.2189 0.1638 0.1788 0.1484 0.1108 
      H30007 10 0.2431 0.1316 0.1422 0.2622 0.1322 0.0887 
        H451 10 0.1514 0.1536 0.2261 0.1792 0.1545 0.1352 
        H452 10 0.1640 0.2672 0.1538 0.1557 0.1505 0.1087 
        H453 10 0.1202 0.1322 0.1188 0.1510 0.1836 0.2942 
        H473 10 0.2218 0.1085 0.1081 0.1623 0.1367 0.2626 
        H474 10 0.0674 0.1577 0.1184 0.1236 0.2482 0.2848 
        H486 10 0.1505 0.1687 0.1727 0.1521 0.1411 0.2149 
        H487 10 0.1463 0.1640 0.1551 0.1291 0.1631 0.2424 
        H488 10 0.2108 0.1335 0.1666 0.1361 0.1433 0.2098 
        H489 10 0.1365 0.1680 0.1412 0.1192 0.1960 0.2390 
        H550 10 0.1399 0.2145 0.1896 0.1884 0.1788 0.0888 
        H551 10 0.2456 0.1953 0.1754 0.1177 0.1335 0.1325 
        H553 10 0.1458 0.2051 0.1400 0.1343 0.1638 0.2111 
        H554 10 0.1303 0.1729 0.2116 0.1759 0.1704 0.1390 
        H556 10 0.1631 0.2059 0.1637 0.1830 0.1551 0.1292 
        H580 10 0.2025 0.2042 0.1819 0.1521 0.1482 0.1110 
        H591 10 0.1626 0.1081 0.1104 0.1010 0.1608 0.3570 
        H592 10 0.1315 0.2200 0.1519 0.1364 0.1945 0.1656 
        H593 10 0.1212 0.1662 0.1854 0.1902 0.1703 0.1667 
        H594 10 0.1780 0.1782 0.1782 0.2241 0.1738 0.0677 
        H627 10 0.0901 0.1716 0.1687 0.1926 0.2188 0.1582 
        H628 10 0.3485 0.1461 0.1374 0.1528 0.1172 0.0981 
        H629 10 0.1002 0.1873 0.1628 0.1899 0.2161 0.1437 
        H630 10 0.1159 0.2602 0.1612 0.1490 0.2137 0.1001 
        H638 10 0.1187 0.2156 0.1926 0.1521 0.2089 0.1122 
        H639 10 0.1070 0.1383 0.1113 0.1600 0.2155 0.2679 
        H640 10 0.1237 0.2118 0.1924 0.1817 0.1903 0.1000 
        H704 10 0.1868 0.1270 0.1451 0.2933 0.1484 0.0994 
        H705 10 0.1481 0.2942 0.1876 0.1165 0.1767 0.0768 
        H706 10 0.2097 0.1647 0.1760 0.1095 0.1261 0.2140 
        H708 10 0.1145 0.2174 0.1377 0.1130 0.2280 0.1894 
       H7351 10 0.1560 0.1790 0.1675 0.1880 0.1653 0.1442 
       H7352 10 0.1675 0.1857 0.1570 0.1615 0.1806 0.1476 
       H7353 10 0.1033 0.1126 0.1478 0.4000 0.1394 0.0969 
       H7354 10 0.1598 0.1200 0.1488 0.1373 0.1615 0.2727 
       H7365 10 0.1248 0.1962 0.1356 0.1013 0.2115 0.2305 
       H7383 10 0.1645 0.1507 0.1665 0.1495 0.1625 0.2062 
       H7384 10 0.1701 0.1729 0.1820 0.1411 0.1462 0.1877 
       H7385 10 0.1344 0.1338 0.1731 0.1285 0.1710 0.2591 
       H7386 10 0.2086 0.1768 0.1757 0.1683 0.1405 0.1302 
       H7387 10 0.1631 0.1687 0.1836 0.1831 0.1858 0.1157 
       H7388 10 0.1950 0.2414 0.1642 0.1437 0.1362 0.1195 
        H906 10 0.1711 0.1007 0.1001 0.1852 0.1090 0.3338 
        H907 10 0.0962 0.1751 0.2292 0.1911 0.2054 0.1031 
        H908 10 0.1287 0.1833 0.2090 0.1626 0.1722 0.1442 
        H909 10 0.2179 0.1243 0.1458 0.1361 0.1555 0.2203 
       H9552 10 0.1593 0.1923 0.1613 0.2015 0.1540 0.1316 
       H9553 10 0.1756 0.2421 0.1577 0.1428 0.1333 0.1485 
       H9555 10 0.1858 0.2040 0.2037 0.1470 0.1616 0.0979 
       H9575 10 0.1027 0.1768 0.1363 0.1725 0.2026 0.2091 
       H9703 10 0.1308 0.1948 0.1319 0.1131 0.1533 0.2762 
       H9707 10 0.1168 0.1677 0.1528 0.1306 0.1690 0.2631 
       HSAA4 10 0.1883 0.2092 0.1824 0.1633 0.1542 0.1027 
        H001 11 0.2564 0.1339 0.1356 0.1599 0.1431 0.1711 
        H004 11 0.1594 0.1603 0.1698 0.1718 0.1748 0.1640 
        H005 11 0.1412 0.1005 0.1075 0.1016 0.1516 0.3976 
        H006 11 0.1394 0.1721 0.2001 0.1655 0.1694 0.1534 
        H007 11 0.2605 0.0948 0.1286 0.0963 0.1075 0.3123 
        H031 11 0.1194 0.1670 0.1394 0.0952 0.1938 0.2851 
        H074 11 0.0980 0.2178 0.1532 0.1203 0.2236 0.1871 
        H075 11 0.2388 0.1153 0.1175 0.0984 0.1416 0.2883 
        H080 11 0.1381 0.1755 0.1428 0.1399 0.1770 0.2266 
        H086 11 0.1640 0.2097 0.1914 0.1470 0.1585 0.1294 
        H092 11 0.1235 0.1938 0.1846 0.1380 0.1548 0.2052 
        H093 11 0.1593 0.1303 0.1696 0.2866 0.1532 0.1010 
        H094 11 0.0864 0.2286 0.2097 0.1776 0.2113 0.0865 
        H095 11 0.1852 0.1444 0.1275 0.1353 0.1703 0.2373 
        H096 11 0.2323 0.1283 0.1299 0.1300 0.1358 0.2438 
        H099 11 0.1398 0.1714 0.1747 0.1445 0.1696 0.2001 
        H100 11 0.2934 0.1160 0.1909 0.1868 0.1275 0.0854 
        H127 11 0.2014 0.2041 0.1441 0.1341 0.1521 0.1642 
        H136 11 0.1160 0.1396 0.1212 0.1213 0.2075 0.2943 
        H153 11 0.1019 0.1377 0.2110 0.1860 0.1817 0.1817 
        H154 11 0.1028 0.2159 0.1554 0.1169 0.2204 0.1887 
        H155 11 0.3601 0.1699 0.1478 0.1268 0.1118 0.0836 
