        H102  1 0.1444 0.3577 0.2498 0.1550 0.0931 
        H103  1 0.0683 0.2770 0.2688 0.2793 0.1066 
        H104  1 0.3006 0.1622 0.1150 0.1066 0.3156 
        H105  1 0.1275 0.2363 0.2378 0.2089 0.1895 
        H106  1 0.2428 0.2184 0.1929 0.1968 0.1491 
        H112  1 0.2125 0.2319 0.2175 0.1635 0.1746 
        H113  1 0.1029 0.1490 0.1619 0.1460 0.4401 
        H114  1 0.0655 0.1768 0.2178 0.1659 0.3740 
        H115  1 0.1385 0.2772 0.1807 0.1330 0.2705 
        H143  1 0.0858 0.2873 0.2510 0.2025 0.1734 
        H144  1 0.0669 0.2591 0.2047 0.3430 0.1263 
        H145  1 0.0628 0.2834 0.2937 0.2433 0.1169 
        H149  1 0.3782 0.1610 0.1680 0.1511 0.1416 
        H150  1 0.1264 0.1717 0.1700 0.2748 0.2571 
     H167542  1 0.0913 0.2593 0.1809 0.1329 0.3356 
     H169604  1 0.1384 0.2800 0.1665 0.1561 0.2591 
     H169607  1 0.1553 0.2610 0.1733 0.2233 0.1872 
     H169608  1 0.2156 0.2817 0.2315 0.1653 0.1059 
     H169633  1 0.0760 0.1447 0.2398 0.1829 0.3567 
     H169688  1 0.2279 0.2424 0.1835 0.2736 0.0726 
     H169714  1 0.2197 0.1854 0.1885 0.1643 0.2420 
     H171802  1 0.3325 0.1313 0.1710 0.1447 0.2204 
     H171805  1 0.1194 0.2918 0.2416 0.2208 0.1264 
     H171807  1 0.2694 0.2022 0.1819 0.2120 0.1345 
     H171814  1 0.0867 0.1403 0.1981 0.2254 0.3495 
     H171816  1 0.2935 0.1791 0.1862 0.1883 0.1530 
     H171817  1 0.2974 0.1804 0.2013 0.1457 0.1753 
     H171818  1 0.1561 0.2013 0.2237 0.2291 0.1899 
     H171819  1 0.2014 0.1762 0.1864 0.1947 0.2413 
     H171834  1 0.0977 0.3122 0.2943 0.1672 0.1286 
     H171835  1 0.3637 0.1037 0.1080 0.1249 0.2998 
     H171836  1 0.0568 0.2158 0.3264 0.1907 0.2104 
     H171837  1 0.1788 0.1970 0.1481 0.1539 0.3222 
     H171838  1 0.0797 0.2265 0.3282 0.2655 0.1001 
     H171839  1 0.2502 0.1558 0.1345 0.1256 0.3338 
     H171841  1 0.4882 0.1455 0.1643 0.1418 0.0601 
     H171860  1 0.1256 0.2167 0.2299 0.1644 0.2634 
     H171861  1 0.0510 0.2902 0.2900 0.2138 0.1550 
     H171862  1 0.1392 0.2560 0.2289 0.2252 0.1506 
     H171868  1 0.0835 0.2951 0.2474 0.1598 0.2142 
     H171869  1 0.1165 0.2350 0.1797 0.3510 0.1179 
     H171870  1 0.3183 0.1874 0.1651 0.2246 0.1045 
     H171871  1 0.0937 0.2097 0.2775 0.2616 0.1576 
     H171872  1 0.2312 0.1964 0.1534 0.1210 0.2980 
     H171873  1 0.2798 0.1776 0.1483 0.2292 0.1652 
     H171874  1 0.0964 0.3183 0.2541 0.2139 0.1172 
     H171875  1 0.0547 0.2612 0.2259 0.1991 0.2590 
     H171876  1 0.1001 0.3059 0.2057 0.2068 0.1816 
     H171877  1 0.0909 0.2137 0.1716 0.1138 0.4100 
     H171878  1 0.3248 0.1627 0.1642 0.2648 0.0835 
     H171901  1 0.4135 0.1616 0.1619 0.1342 0.1288 
     H171902  1 0.3062 0.1946 0.1580 0.2284 0.1128 
     H171903  1 0.1450 0.2381 0.2301 0.2013 0.1855 
     H171935  1 0.3190 0.1542 0.1994 0.2388 0.0886 
     H171936  1 0.1008 0.1678 0.1833 0.1384 0.4096 
     H171940  1 0.2344 0.2295 0.2137 0.1757 0.1467 
     H171945  1 0.2830 0.1857 0.1581 0.2406 0.1327 
     H171948  1 0.1554 0.2442 0.2473 0.2047 0.1483 
     H171949  1 0.4808 0.1112 0.1344 0.1524 0.1212 
     H171950  1 0.4530 0.1750 0.1320 0.1223 0.1178 
     H171963  1 0.1119 0.1885 0.2414 0.3366 0.1215 
     H171964  1 0.0765 0.1668 0.2340 0.3675 0.1552 
     H171966  1 0.1679 0.2109 0.2271 0.2893 0.1049 
     H171968  1 0.3059 0.2485 0.1693 0.1794 0.0968 
     H171971  1 0.1810 0.1821 0.2503 0.2445 0.1421 
     H171972  1 0.0680 0.2339 0.2750 0.2631 0.1600 
     H171977  1 0.0993 0.1759 0.1929 0.3207 0.2111 
     H171978  1 0.2992 0.2269 0.1800 0.2004 0.0935 
     H171979  1 0.0784 0.1968 0.3149 0.2778 0.1321 
        H176  1 0.1121 0.1980 0.2110 0.1869 0.2920 
        H177  1 0.4861 0.1920 0.1222 0.1011 0.0986 
        H179  1 0.3465 0.1601 0.1099 0.1064 0.2771 
        H181  1 0.0999 0.1578 0.3059 0.2939 0.1424 
        H182  1 0.0535 0.3458 0.2775 0.2176 0.1056 
        H183  1 0.1237 0.2098 0.2729 0.2802 0.1135 
        H184  1 0.2181 0.2299 0.2450 0.1730 0.1340 
        H185  1 0.0999 0.1790 0.2461 0.2667 0.2083 
        H186  1 0.1885 0.2685 0.1702 0.2854 0.0874 
        H187  1 0.2194 0.2581 0.2150 0.1713 0.1362 
        H188  1 0.1870 0.1590 0.1260 0.1343 0.3936 
        H192  1 0.3388 0.1868 0.1894 0.1782 0.1069 
        H193  1 0.0712 0.3710 0.2251 0.2419 0.0908 
        H194  1 0.2147 0.1892 0.2055 0.1880 0.2026 
        H195  1 0.1765 0.2224 0.1671 0.3499 0.0842 
        H199  1 0.1832 0.2020 0.1907 0.2986 0.1255 
        H200  1 0.2391 0.1582 0.1752 0.1678 0.2597 
        H414  1 0.1971 0.2528 0.2000 0.2196 0.1305 
        H415  1 0.0891 0.2149 0.2341 0.1596 0.3023 
        H422  1 0.2191 0.2102 0.2169 0.2453 0.1086 
        H423  1 0.6309 0.0938 0.0893 0.1055 0.0805 
        H424  1 0.1175 0.2193 0.2166 0.2857 0.1609 
        H425  1 0.1726 0.2014 0.1424 0.3383 0.1453 
        H426  1 0.1292 0.2524 0.1893 0.3496 0.0795 
        H443  1 0.0732 0.2607 0.1931 0.3140 0.1590 
        H466  1 0.2073 0.1899 0.1956 0.2428 0.1644 
        H467  1 0.4455 0.1275 0.1133 0.1547 0.1591 
        H472  1 0.3032 0.1166 0.1585 0.1847 0.2369 
        H483  1 0.1050 0.2353 0.2567 0.2412 0.1618 
        H504  1 0.1206 0.2298 0.1762 0.3098 0.1637 
        H505  1 0.3249 0.1546 0.1631 0.1595 0.1979 
        H506  1 0.1364 0.2753 0.2373 0.2155 0.1355 
        H507  1 0.0637 0.2215 0.2490 0.2581 0.2077 
        H508  1 0.3732 0.1324 0.1507 0.2273 0.1164 
        H524  1 0.1004 0.1759 0.1987 0.1654 0.3597 
        H525  1 0.0905 0.2770 0.2141 0.2356 0.1828 
        H526  1 0.1126 0.1726 0.1630 0.1247 0.4271 
        H527  1 0.3127 0.2554 0.1817 0.1527 0.0975 
        H528  1 0.0673 0.1946 0.2055 0.2491 0.2835 
        H529  1 0.0751 0.2079 0.1827 0.3009 0.2334 
        H533  1 0.0728 0.2801 0.2817 0.2088 0.1567 
        H538  1 0.1749 0.2146 0.1691 0.1726 0.2688 
        H539  1 0.2231 0.2665 0.2178 0.2051 0.0874 
        H540  1 0.1657 0.2382 0.2216 0.2047 0.1698 
        H541  1 0.1182 0.2231 0.1722 0.1565 0.3299 
        H558  1 0.1061 0.2897 0.2957 0.2345 0.0742 
        H559  1 0.1431 0.3060 0.2248 0.1681 0.1581 
        H579  1 0.0633 0.3155 0.2785 0.2306 0.1121 
        H584  1 0.1089 0.1813 0.2214 0.3405 0.1479 
        H585  1 0.1331 0.1713 0.2251 0.2914 0.1790 
        H605  1 0.2954 0.2193 0.1692 0.1757 0.1404 
        H606  1 0.4380 0.1750 0.1455 0.1156 0.1260 
        H632  1 0.0812 0.2176 0.2386 0.3029 0.1597 
        H634  1 0.1239 0.2717 0.2547 0.2237 0.1261 
        H671  1 0.5715 0.0952 0.0941 0.1071 0.1321 
        H672  1 0.1797 0.1208 0.1859 0.1291 0.3845 
        H673  1 0.0959 0.2537 0.2253 0.2608 0.1643 
        H689  1 0.0914 0.2246 0.2375 0.2424 0.2042 
        H690  1 0.1400 0.2603 0.1743 0.1473 0.2781 
        H691  1 0.1081 0.2898 0.1878 0.1472 0.2671 
        H692  1 0.0439 0.2184 0.2275 0.3649 0.1454 
        H709  1 0.0871 0.2432 0.2079 0.2141 0.2477 
        H710  1 0.0455 0.2531 0.2494 0.3121 0.1399 
       H7355  1 0.0571 0.2591 0.2257 0.1401 0.3180 
       H7356  1 0.1568 0.2568 0.1923 0.2462 0.1479 
       H7357  1 0.2466 0.2274 0.1931 0.1528 0.1802 
       H7358  1 0.1212 0.2299 0.2127 0.2109 0.2253 
       H7380  1 0.0945 0.2849 0.2771 0.2129 0.1307 
       H7381  1 0.2545 0.1691 0.1639 0.2756 0.1370 
       H7382  1 0.1105 0.2932 0.2167 0.2255 0.1541 
        H904  1 0.5246 0.1618 0.1242 0.0890 0.1004 
        H923  1 0.2601 0.1672 0.1609 0.1836 0.2283 
        H924  1 0.2085 0.2062 0.1885 0.1839 0.2129 
        H925  1 0.1258 0.2131 0.1403 0.1449 0.3759 
       H9558  1 0.0806 0.3256 0.2995 0.2314 0.0630 
        H008  2 0.0638 0.2096 0.2513 0.2247 0.2506 
        H021  2 0.2516 0.1865 0.1655 0.1767 0.2197 
        H023  2 0.2889 0.2382 0.1524 0.1252 0.1953 
        H024  2 0.0600 0.1027 0.2960 0.2113 0.3300 
        H025  2 0.3096 0.1819 0.1823 0.2274 0.0989 
        H026  2 0.0669 0.1508 0.2144 0.3024 0.2654 
        H027  2 0.1250 0.1443 0.1795 0.1361 0.4150 
        H028  2 0.1220 0.2243 0.2516 0.2283 0.1739 
        H029  2 0.1020 0.1470 0.2215 0.1988 0.3307 
        H030  2 0.0681 0.1784 0.2499 0.2925 0.2111 
        H038  2 0.3931 0.1614 0.1119 0.1637 0.1699 
        H039  2 0.7380 0.0653 0.0677 0.0589 0.0701 
        H040  2 0.4816 0.1565 0.1118 0.1335 0.1167 
        H041  2 0.0999 0.1424 0.1746 0.1408 0.4423 
        H042  2 0.2138 0.2087 0.2220 0.1654 0.1901 
        H043  2 0.5252 0.1348 0.1223 0.1575 0.0602 
        H044  2 0.0886 0.2194 0.3599 0.2327 0.0994 
        H047  2 0.2023 0.2206 0.2047 0.2053 0.1671 
        H050  2 0.0834 0.1521 0.2539 0.1585 0.3522 
        H058  2 0.2994 0.1779 0.1840 0.2218 0.1169 
        H062  2 0.2504 0.2075 0.1802 0.1452 0.2167 
        H063  2 0.3429 0.1744 0.1438 0.1519 0.1870 
        H065  2 0.1753 0.1901 0.1774 0.3406 0.1165 
        H066  2 0.1433 0.1823 0.2608 0.2161 0.1975 
        H067  2 0.1172 0.2260 0.2160 0.1944 0.2464 
        H068  2 0.3885 0.1551 0.1261 0.1723 0.1580 
        H069  2 0.2722 0.1884 0.1887 0.2138 0.1369 
        H071  2 0.2192 0.2059 0.1684 0.1846 0.2218 
        H072  2 0.4652 0.1221 0.1375 0.1204 0.1549 
        H073  2 0.1600 0.2022 0.1602 0.2439 0.2337 
        H081  2 0.1457 0.2084 0.1685 0.1359 0.3416 
        H082  2 0.0614 0.1764 0.3266 0.2861 0.1496 
        H083  2 0.0733 0.2370 0.2937 0.3046 0.0913 
        H084  2 0.2415 0.1366 0.1772 0.1871 0.2576 
        H085  2 0.0769 0.1389 0.1673 0.1176 0.4993 
        H087  2 0.0937 0.2479 0.2347 0.1275 0.2961 
        H088  2 0.2759 0.2134 0.1887 0.1612 0.1607 
        H089  2 0.1561 0.2466 0.1741 0.1724 0.2507 
        H090  2 0.0609 0.1138 0.1854 0.1643 0.4756 
        H091  2 0.0508 0.1038 0.1586 0.1107 0.5761 
        H098  2 0.1221 0.1541 0.2301 0.2044 0.2893 
      H10001  2 0.7537 0.0700 0.0533 0.0634 0.0596 
      H10002  2 0.2360 0.3016 0.1953 0.1335 0.1336 
        H101  2 0.1071 0.1240 0.2371 0.1740 0.3579 
        H108  2 0.3557 0.2131 0.1452 0.1100 0.1759 
        H109  2 0.2196 0.1558 0.2166 0.1865 0.2216 
        H110  2 0.0677 0.2784 0.2590 0.1644 0.2306 
        H116  2 0.0994 0.2119 0.2128 0.3022 0.1738 
        H117  2 0.0562 0.0905 0.1573 0.1085 0.5875 
        H118  2 0.0517 0.1117 0.1597 0.1790 0.4978 
        H119  2 0.1945 0.1650 0.1389 0.1464 0.3553 
        H120  2 0.3968 0.1924 0.1429 0.0979 0.1700 
        H121  2 0.0643 0.1049 0.1809 0.1332 0.5167 
        H125  2 0.7366 0.0688 0.0553 0.0608 0.0786 
        H126  2 0.1169 0.2509 0.2401 0.2966 0.0954 
        H128  2 0.0366 0.0823 0.2108 0.1533 0.5170 
        H129  2 0.0807 0.1958 0.2026 0.4297 0.0913 
        H130  2 0.3702 0.2089 0.1986 0.1730 0.0493 
        H133  2 0.5322 0.1119 0.1118 0.1408 0.1033 
        H134  2 0.0592 0.1809 0.1987 0.4716 0.0897 
        H135  2 0.1746 0.2459 0.1985 0.1665 0.2144 
        H137  2 0.1783 0.1248 0.1807 0.1514 0.3648 
        H138  2 0.0684 0.2737 0.2672 0.3045 0.0862 
        H140  2 0.1492 0.1480 0.2048 0.1659 0.3321 
        H146  2 0.0784 0.0871 0.1363 0.1293 0.5689 
        H147  2 0.0820 0.2058 0.1899 0.1708 0.3515 
        H148  2 0.0718 0.1914 0.1593 0.1221 0.4555 
     H166022  2 0.0746 0.2306 0.2724 0.2121 0.2103 
     H167359  2 0.1686 0.1997 0.2616 0.2035 0.1666 
     H167397  2 0.0427 0.1376 0.3175 0.2145 0.2877 
     H167428  2 0.0394 0.1768 0.1918 0.1958 0.3963 
     H167496  2 0.4477 0.1210 0.1069 0.0923 0.2321 
     H167513  2 0.2239 0.1424 0.2392 0.2946 0.0999 
     H167545  2 0.0841 0.3637 0.2494 0.1908 0.1120 
     H167547  2 0.0746 0.1219 0.2480 0.3029 0.2526 
     H169621  2 0.0733 0.1723 0.2579 0.2247 0.2717 
     H169622  2 0.1170 0.3279 0.2065 0.2236 0.1250 
     H169750  2 0.2917 0.1513 0.1998 0.2433 0.1138 
     H171806  2 0.1587 0.1323 0.1354 0.1591 0.4145 
     H171808  2 0.1602 0.1822 0.2014 0.2250 0.2312 
     H171809  2 0.1558 0.2470 0.2186 0.1831 0.1954 
     H171813  2 0.1570 0.1960 0.2217 0.2608 0.1646 
     H171815  2 0.5508 0.1277 0.1108 0.1292 0.0815 
     H171824  2 0.2258 0.2012 0.1679 0.1029 0.3021 
     H171825  2 0.1408 0.3247 0.1915 0.1974 0.1456 
     H171826  2 0.1658 0.1934 0.2304 0.1643 0.2461 
     H171827  2 0.1789 0.3079 0.1853 0.1803 0.1475 
     H171828  2 0.4792 0.1266 0.0889 0.0811 0.2242 
     H171829  2 0.2711 0.1830 0.1857 0.2378 0.1225 
     H171830  2 0.1494 0.1791 0.2307 0.2114 0.2294 
     H171831  2 0.0599 0.1667 0.2813 0.3502 0.1419 
     H171832  2 0.0958 0.2588 0.3117 0.2358 0.0979 
     H171863  2 0.0618 0.2159 0.2707 0.3036 0.1479 
     H171864  2 0.1417 0.1263 0.2124 0.1531 0.3665 
     H171865  2 0.4444 0.1112 0.1342 0.1368 0.1733 
     H171879  2 0.1276 0.1416 0.2102 0.1698 0.3508 
     H171880  2 0.0873 0.1118 0.2363 0.1328 0.4318 
     H171881  2 0.1010 0.2246 0.2488 0.2026 0.2231 
     H171882  2 0.5984 0.1157 0.1080 0.0903 0.0875 
     H171929  2 0.1169 0.1571 0.2646 0.2046 0.2569 
     H171930  2 0.0680 0.2783 0.2774 0.2039 0.1723 
     H171933  2 0.1788 0.1643 0.2036 0.1976 0.2557 
     H171934  2 0.1151 0.2128 0.2021 0.1493 0.3207 
     H171937  2 0.0862 0.2341 0.2904 0.2772 0.1121 
     H171962  2 0.0910 0.2625 0.2612 0.2054 0.1800 
        H190  2 0.1474 0.2122 0.2554 0.2390 0.1461 
        H191  2 0.1704 0.1372 0.2162 0.2796 0.1967 
        H396  2 0.1606 0.2018 0.1476 0.1318 0.3582 
        H397  2 0.1603 0.2490 0.2056 0.2066 0.1785 
        H398  2 0.1613 0.1717 0.1926 0.3034 0.1710 
        H400  2 0.1476 0.2176 0.1851 0.1843 0.2654 
        H401  2 0.0432 0.1125 0.2499 0.2278 0.3666 
        H402  2 0.1072 0.2121 0.2662 0.2090 0.2056 
        H427  2 0.1126 0.2233 0.1886 0.1647 0.3108 
        H428  2 0.0426 0.1797 0.1999 0.1934 0.3843 
        H497  2 0.3015 0.1696 0.2033 0.2232 0.1023 
        H512  2 0.1243 0.1738 0.2401 0.2199 0.2419 
        H513  2 0.2269 0.1569 0.2346 0.2833 0.0982 
        H514  2 0.1126 0.2918 0.2371 0.2797 0.0788 
        H519  2 0.1895 0.1556 0.2562 0.2811 0.1176 
        H532  2 0.0710 0.2026 0.1807 0.1473 0.3984 
        H543  2 0.0849 0.2472 0.2581 0.2036 0.2063 
        H544  2 0.1845 0.2070 0.2335 0.3057 0.0693 
        H545  2 0.0733 0.3855 0.2400 0.1989 0.1023 
        H546  2 0.4515 0.1445 0.1567 0.1579 0.0894 
        H547  2 0.0713 0.1259 0.2540 0.2982 0.2507 
        H548  2 0.1578 0.2271 0.2257 0.1638 0.2256 
        H549  2 0.3754 0.1808 0.1555 0.1890 0.0994 
        H620  2 0.6238 0.1033 0.0862 0.0771 0.1096 
        H623  2 0.1035 0.2420 0.2683 0.2791 0.1071 
        H624  2 0.3582 0.1979 0.1625 0.2218 0.0596 
        H625  2 0.1189 0.1995 0.2255 0.1981 0.2579 
        H626  2 0.2146 0.1827 0.2146 0.2323 0.1558 
        H654  2 0.7404 0.0681 0.0720 0.0751 0.0443 
        H655  2 0.2113 0.2976 0.2012 0.1679 0.1220 
        H656  2 0.6013 0.1125 0.0746 0.0919 0.1197 
        H666  2 0.6406 0.0683 0.0704 0.0935 0.1273 
        H667  2 0.1248 0.2804 0.2289 0.1912 0.1747 
        H677  2 0.1120 0.2378 0.2107 0.1841 0.2553 
        H693  2 0.3043 0.2257 0.1603 0.1065 0.2032 
        H694  2 0.1535 0.2249 0.2601 0.2240 0.1374 
        H701  2 0.0890 0.2088 0.3262 0.1906 0.1855 
        H702  2 0.1921 0.2384 0.2158 0.1976 0.1561 
        H731  2 0.2575 0.2241 0.1593 0.1535 0.2056 
       H7359  2 0.1692 0.1952 0.2724 0.1953 0.1679 
       H7389  2 0.1104 0.1495 0.1357 0.1960 0.4084 
       H7390  2 0.5180 0.1284 0.1213 0.1343 0.0981 
       H7391  2 0.0843 0.1786 0.1270 0.0871 0.5230 
       H7392  2 0.2240 0.2023 0.1900 0.2203 0.1633 
       H7393  2 0.2768 0.1775 0.1984 0.1778 0.1695 
       H7398  2 0.1120 0.1364 0.1483 0.1345 0.4688 
       H7399  2 0.0784 0.2820 0.2348 0.2118 0.1929 
       H7400  2 0.7081 0.0823 0.0796 0.0722 0.0578 
        H745  2 0.0632 0.1355 0.1905 0.5000 0.1108 
        H746  2 0.0808 0.3265 0.2383 0.2387 0.1158 
        H747  2 0.4703 0.1223 0.0982 0.1214 0.1878 
        H748  2 0.1845 0.2301 0.2419 0.2055 0.1380 
       H7484  2 0.5157 0.1021 0.1103 0.1136 0.1583 
       H7485  2 0.2020 0.1846 0.2265 0.2831 0.1039 
        H749  2 0.1339 0.2615 0.2450 0.2419 0.1177 
        H930  2 0.0798 0.2515 0.2848 0.1702 0.2138 
        H931  2 0.1104 0.1576 0.2068 0.1856 0.3397 
        H932  2 0.1188 0.1279 0.1658 0.1717 0.4158 
        H111  3 0.0818 0.2192 0.3097 0.2884 0.1009 
        H951  3 0.0826 0.1673 0.2448 0.3124 0.1928 
        H952  3 0.1340 0.1475 0.1623 0.2566 0.2996 
        H953  3 0.0653 0.1086 0.1321 0.1107 0.5833 
        H954  3 0.4434 0.1450 0.1599 0.1372 0.1145 
        H955  3 0.0692 0.2826 0.2834 0.2289 0.1358 
        H956  3 0.1807 0.1667 0.1328 0.1225 0.3973 
       H9563  3 0.1597 0.1284 0.1835 0.1560 0.3725 
        H002  4 0.2659 0.2689 0.2123 0.1792 0.0737 
        H003  4 0.0707 0.3153 0.2190 0.2334 0.1615 
        H009  4 0.1320 0.2214 0.2346 0.2896 0.1224 
        H010  4 0.1269 0.2325 0.2137 0.1927 0.2341 
        H011  4 0.4299 0.1650 0.1474 0.1163 0.1413 
        H012  4 0.0791 0.2386 0.2833 0.2117 0.1873 
        H013  4 0.1858 0.2690 0.1855 0.1775 0.1822 
        H014  4 0.1170 0.2431 0.2698 0.2604 0.1096 
        H045  4 0.1981 0.1313 0.1368 0.1340 0.3998 
        H046  4 0.0839 0.3013 0.2119 0.2296 0.1733 
        H051  4 0.2481 0.1921 0.1714 0.1676 0.2208 
        H052  4 0.3697 0.1439 0.1691 0.2023 0.1150 
        H053  4 0.2362 0.2210 0.1814 0.1645 0.1969 
        H056  4 0.3386 0.1752 0.1847 0.2091 0.0925 
        H076  4 0.0831 0.1819 0.2198 0.2881 0.2270 
        H151  4 0.4059 0.1672 0.1697 0.1716 0.0856 
        H152  4 0.2185 0.2279 0.2166 0.2153 0.1217 
     H171803  4 0.4073 0.1872 0.1224 0.1581 0.1250 
     H171804  4 0.3047 0.1784 0.1550 0.1766 0.1853 
     H171833  4 0.0778 0.2731 0.2874 0.2815 0.0802 
     H171855  4 0.4865 0.1087 0.1219 0.2036 0.0793 
     H171856  4 0.2716 0.1569 0.1578 0.1481 0.2657 
     H171857  4 0.3299 0.1443 0.1584 0.2084 0.1590 
     H171858  4 0.1412 0.2157 0.2051 0.2317 0.2063 
     H171859  4 0.1783 0.2140 0.1856 0.1987 0.2233 
     H171961  4 0.2910 0.1866 0.1772 0.1664 0.1788 
        H198  4 0.0621 0.2915 0.2347 0.2660 0.1457 
      H20001  4 0.0870 0.2589 0.3061 0.2865 0.0615 
        H403  4 0.3219 0.1160 0.1565 0.2192 0.1864 
        H404  4 0.0815 0.3143 0.2381 0.1899 0.1762 
        H405  4 0.0826 0.2068 0.2074 0.2643 0.2389 
        H406  4 0.1388 0.1262 0.2534 0.2551 0.2265 
        H407  4 0.2003 0.1231 0.1305 0.1292 0.4168 
        H410  4 0.0538 0.0675 0.1700 0.1074 0.6014 
        H411  4 0.0640 0.2508 0.3062 0.3122 0.0668 
        H468  4 0.2960 0.1909 0.1886 0.2407 0.0837 
        H476  4 0.3042 0.2093 0.2071 0.1804 0.0990 
        H477  4 0.0916 0.2919 0.2366 0.2981 0.0819 
        H478  4 0.1015 0.3167 0.2626 0.2167 0.1024 
        H479  4 0.3197 0.1775 0.1499 0.1620 0.1908 
        H480  4 0.0782 0.2508 0.2483 0.2988 0.1240 
        H498  4 0.1337 0.2595 0.2323 0.2493 0.1252 
        H499  4 0.1368 0.2891 0.2374 0.2091 0.1277 
        H500  4 0.4091 0.2090 0.1196 0.1162 0.1461 
        H515  4 0.2024 0.2116 0.2296 0.2089 0.1475 
        H516  4 0.1662 0.1847 0.2731 0.1934 0.1826 
        H517  4 0.1320 0.1510 0.1540 0.1853 0.3778 
        H518  4 0.4509 0.1322 0.1327 0.1885 0.0957 
        H520  4 0.4820 0.1474 0.1144 0.1416 0.1147 
        H521  4 0.1478 0.1809 0.1919 0.2271 0.2524 
        H522  4 0.2576 0.2440 0.1731 0.1814 0.1440 
        H523  4 0.1707 0.2200 0.2035 0.1757 0.2300 
        H536  4 0.1479 0.2223 0.1679 0.2492 0.2127 
        H645  4 0.1742 0.2568 0.1561 0.1053 0.3075 
        H646  4 0.0805 0.1234 0.2391 0.1651 0.3918 
        H647  4 0.2426 0.1784 0.1883 0.2247 0.1661 
        H657  4 0.1102 0.1659 0.2092 0.2284 0.2864 
        H658  4 0.1797 0.2438 0.1584 0.1686 0.2495 
        H659  4 0.5934 0.1163 0.0978 0.1249 0.0677 
        H660  4 0.2250 0.2075 0.2558 0.2014 0.1103 
        H661  4 0.3935 0.1841 0.1508 0.1914 0.0802 
        H668  4 0.0712 0.3187 0.2970 0.1646 0.1485 
        H669  4 0.2110 0.1616 0.1869 0.1529 0.2876 
        H670  4 0.1188 0.3305 0.2276 0.0994 0.2237 
        H678  4 0.1674 0.1989 0.2163 0.2393 0.1782 
        H679  4 0.0969 0.1805 0.2802 0.1611 0.2812 
        H680  4 0.1536 0.1469 0.1951 0.3712 0.1332 
        H681  4 0.2127 0.3100 0.2112 0.1442 0.1219 
        H682  4 0.1100 0.2437 0.2103 0.1707 0.2654 
        H683  4 0.3878 0.1059 0.1742 0.1909 0.1413 
        H718  4 0.5146 0.0953 0.0903 0.0937 0.2062 
        H719  4 0.2199 0.1934 0.1871 0.1707 0.2288 
        H720  4 0.3437 0.1504 0.1871 0.2269 0.0919 
        H721  4 0.2776 0.1616 0.1742 0.2963 0.0903 
        H722  4 0.2878 0.1298 0.1421 0.3365 0.1038 
        H723  4 0.3000 0.1450 0.1685 0.1294 0.2572 
        H724  4 0.6362 0.0742 0.0731 0.0798 0.1367 
        H725  4 0.6024 0.1026 0.0893 0.1128 0.0929 
        H726  4 0.2818 0.1693 0.2296 0.1831 0.1361 
        H727  4 0.2653 0.1793 0.1648 0.1386 0.2520 
        H910  4 0.1944 0.2108 0.1660 0.1587 0.2702 
        H911  4 0.1105 0.1154 0.1897 0.2015 0.3829 
        H912  4 0.2451 0.1638 0.2184 0.2455 0.1272 
        H913  4 0.3172 0.1939 0.1338 0.1358 0.2193 
        H914  4 0.2689 0.2273 0.1497 0.0951 0.2591 
        H915  4 0.2256 0.1875 0.2203 0.2143 0.1524 
        H916  4 0.1211 0.2398 0.2356 0.2574 0.1461 
       H9572  4 0.3335 0.1351 0.1755 0.2178 0.1381 
        H015  5 0.0857 0.2146 0.3293 0.2651 0.1052 
        H016  5 0.0955 0.2376 0.2008 0.3209 0.1452 
        H017  5 0.2004 0.2028 0.2033 0.2824 0.1111 
        H019  5 0.1423 0.2570 0.2824 0.2148 0.1035 
        H020  5 0.2123 0.1876 0.1589 0.1857 0.2556 
        H032  5 0.2538 0.1937 0.2069 0.1678 0.1780 
        H033  5 0.1005 0.3070 0.2268 0.1818 0.1840 
        H034  5 0.2344 0.2148 0.2107 0.1491 0.1909 
        H035  5 0.2054 0.1727 0.1779 0.2335 0.2105 
        H036  5 0.1205 0.1697 0.1804 0.2216 0.3078 
        H037  5 0.3388 0.2237 0.1366 0.1524 0.1485 
        H048  5 0.4451 0.1050 0.0992 0.1131 0.2377 
        H049  5 0.1271 0.2808 0.2399 0.2387 0.1135 
        H054  5 0.1398 0.1242 0.1682 0.2541 0.3137 
        H055  5 0.1738 0.2659 0.2453 0.1866 0.1284 
        H057  5 0.1511 0.2210 0.1877 0.3800 0.0602 
        H060  5 0.1547 0.3064 0.2447 0.1858 0.1083 
        H061  5 0.1210 0.2401 0.2255 0.1946 0.2187 
        H064  5 0.2435 0.1842 0.1830 0.2366 0.1526 
        H070  5 0.1418 0.2694 0.2482 0.1458 0.1947 
        H077  5 0.3977 0.1646 0.1869 0.1598 0.0911 
        H078  5 0.3456 0.1469 0.1484 0.2368 0.1223 
        H079  5 0.0755 0.1813 0.1744 0.1482 0.4205 
        H097  5 0.2178 0.2182 0.2273 0.2706 0.0661 
        H107  5 0.5018 0.1432 0.1299 0.0862 0.1389 
        H122  5 0.1968 0.2145 0.1885 0.2539 0.1464 
        H123  5 0.0788 0.1280 0.2253 0.2154 0.3524 
        H124  5 0.0905 0.1526 0.1881 0.1703 0.3985 
        H131  5 0.0973 0.1600 0.2304 0.1458 0.3666 
        H132  5 0.2239 0.1735 0.1800 0.1764 0.2461 
        H141  5 0.3467 0.2140 0.1698 0.1479 0.1216 
        H142  5 0.0741 0.3394 0.2731 0.2109 0.1025 
        H157  5 0.3956 0.1582 0.1334 0.1372 0.1756 
        H158  5 0.0678 0.2423 0.1962 0.2729 0.2207 
        H159  5 0.1230 0.1892 0.2471 0.2861 0.1545 
        H160  5 0.3069 0.1771 0.1727 0.1978 0.1454 
        H163  5 0.0999 0.2671 0.2532 0.2175 0.1622 
        H164  5 0.1030 0.2633 0.2946 0.2286 0.1105 
        H165  5 0.0926 0.2014 0.2219 0.1507 0.3334 
        H166  5 0.1005 0.2466 0.2476 0.2470 0.1583 
        H169  5 0.0936 0.3525 0.2514 0.1790 0.1235 
     H169613  5 0.1310 0.2928 0.2757 0.1875 0.1130 
     H169653  5 0.0884 0.2633 0.2498 0.2634 0.1351 
     H169728  5 0.2092 0.2211 0.2159 0.2214 0.1325 
     H169742  5 0.1537 0.3002 0.1630 0.1354 0.2477 
        H170  5 0.1099 0.2413 0.2417 0.3017 0.1055 
        H171  5 0.0922 0.1874 0.2325 0.3831 0.1048 
     H171851  5 0.1298 0.2455 0.2651 0.2550 0.1045 
     H171852  5 0.5103 0.1250 0.1103 0.1438 0.1106 
     H171853  5 0.2589 0.1458 0.1803 0.2068 0.2082 
     H171854  5 0.1460 0.2342 0.2663 0.2505 0.1030 
     H171938  5 0.1353 0.2923 0.1968 0.1337 0.2419 
     H171939  5 0.1296 0.1677 0.2047 0.3044 0.1937 
     H171941  5 0.2968 0.2224 0.1850 0.1524 0.1433 
     H171965  5 0.0793 0.3658 0.2440 0.2227 0.0882 
     H171970  5 0.4865 0.1283 0.1434 0.1369 0.1049 
     H171973  5 0.1053 0.2451 0.1943 0.1667 0.2886 
     H171974  5 0.1222 0.2428 0.2316 0.1857 0.2178 
     H171975  5 0.1910 0.1730 0.2075 0.1854 0.2432 
     H171976  5 0.2079 0.2647 0.2286 0.2321 0.0668 
        H175  5 0.3208 0.1451 0.1334 0.1514 0.2492 
        H178  5 0.1706 0.2398 0.2264 0.2015 0.1618 
        H189  5 0.0736 0.2363 0.2448 0.2001 0.2453 
        H399  5 0.2588 0.1029 0.1316 0.3566 0.1500 
        H416  5 0.2093 0.2274 0.2000 0.1835 0.1798 
        H438  5 0.1370 0.1664 0.1905 0.1902 0.3159 
        H450  5 0.2221 0.2985 0.2308 0.1642 0.0843 
        H455  5 0.3673 0.1639 0.1356 0.1340 0.1992 
        H456  5 0.1572 0.2604 0.1747 0.1580 0.2496 
        H457  5 0.3291 0.1871 0.2119 0.1981 0.0738 
        H458  5 0.2295 0.2053 0.1942 0.1778 0.1932 
        H459  5 0.0764 0.2526 0.2793 0.1942 0.1975 
        H460  5 0.2187 0.2780 0.1917 0.1832 0.1285 
        H461  5 0.1385 0.2759 0.2461 0.2460 0.0934 
        H462  5 0.0934 0.1920 0.2228 0.1757 0.3161 
        H469  5 0.0726 0.1772 0.2643 0.2277 0.2582 
        H470  5 0.2213 0.1880 0.2142 0.2391 0.1375 
        H471  5 0.1062 0.1797 0.2340 0.2614 0.2187 
        H481  5 0.5454 0.1016 0.0894 0.0985 0.1651 
        H482  5 0.2235 0.2377 0.2418 0.1878 0.1092 
        H501  5 0.1997 0.2072 0.2264 0.2001 0.1666 
        H502  5 0.0696 0.2730 0.2527 0.2423 0.1624 
        H503  5 0.1198 0.2219 0.2109 0.2684 0.1791 
        H509  5 0.3758 0.1039 0.1318 0.1650 0.2235 
        H510  5 0.0983 0.2987 0.3023 0.2057 0.0951 
        H511  5 0.0844 0.2951 0.2821 0.2140 0.1244 
        H530  5 0.2451 0.1796 0.1618 0.1281 0.2854 
        H531  5 0.5495 0.1052 0.1199 0.1231 0.1023 
        H564  5 0.2711 0.2315 0.1922 0.1992 0.1059 
        H565  5 0.4683 0.1625 0.1232 0.1323 0.1136 
        H567  5 0.0613 0.1172 0.2306 0.1665 0.4244 
     H568???  5 0.0840 0.2357 0.2609 0.2918 0.1276 
        H608  5 0.2207 0.2955 0.2293 0.1438 0.1106 
        H609  5 0.1126 0.2244 0.1980 0.1704 0.2945 
        H612  5 0.4240 0.1910 0.1195 0.0892 0.1763 
        H614  5 0.5997 0.1063 0.0918 0.1155 0.0867 
        H615  5 0.4294 0.1618 0.1479 0.1656 0.0954 
        H616  5 0.4703 0.1369 0.0951 0.0729 0.2248 
        H617  5 0.0818 0.2102 0.2212 0.1897 0.2970 
        H618  5 0.3559 0.1423 0.1500 0.1604 0.1914 
        H619  5 0.1109 0.3218 0.1956 0.1479 0.2237 
        H635  5 0.1388 0.2390 0.2975 0.1787 0.1461 
        H636  5 0.0842 0.3688 0.2126 0.1218 0.2127 
        H637  5 0.2802 0.2387 0.1552 0.1631 0.1627 
        H644  5 0.0579 0.1316 0.2316 0.3789 0.1999 
        H711  5 0.1354 0.2589 0.2374 0.2718 0.0965 
        H712  5 0.2329 0.1778 0.1205 0.1309 0.3378 
       H7360  5 0.2543 0.2315 0.1950 0.2253 0.0939 
       H7361  5 0.2672 0.1987 0.2245 0.1918 0.1179 
       H7362  5 0.0590 0.1413 0.2373 0.3960 0.1664 
       H7363  5 0.2066 0.1952 0.2249 0.2174 0.1560 
       H7394  5 0.0719 0.2781 0.3034 0.1945 0.1522 
       H7395  5 0.1329 0.2767 0.2396 0.2050 0.1458 
       H7396  5 0.1552 0.2833 0.1951 0.1907 0.1757 
        H742  5 0.1544 0.2994 0.1591 0.1255 0.2617 
        H743  5 0.3029 0.1218 0.1152 0.1508 0.3092 
        H744  5 0.4171 0.0829 0.0793 0.0977 0.3231 
        H957  5 0.1524 0.3058 0.2461 0.2216 0.0741 
        H958  5 0.1524 0.2229 0.2152 0.1862 0.2234 
        H959  5 0.3009 0.2107 0.2007 0.1367 0.1509 
        H960  5 0.1519 0.1512 0.1780 0.1570 0.3620 
      H_PALI  6 0.1231 0.2768 0.2861 0.2160 0.0979 
        H581  6 0.3324 0.1768 0.1739 0.1651 0.1518 
        H582  6 0.5316 0.1154 0.1248 0.1460 0.0822 
        H583  6 0.2861 0.1774 0.1865 0.1893 0.1607 
        H595  6 0.0876 0.2019 0.2717 0.2359 0.2028 
        H596  6 0.0647 0.2102 0.2712 0.1873 0.2666 
        H597  6 0.0699 0.1637 0.2544 0.3023 0.2096 
        H598  6 0.1553 0.2548 0.1973 0.1733 0.2193 
        H599  6 0.2767 0.1728 0.1915 0.1571 0.2018 
        H642  6 0.1291 0.1281 0.2293 0.3678 0.1458 
        H643  6 0.1356 0.1609 0.1826 0.1494 0.3715 
        H664  6 0.4973 0.1101 0.1302 0.1895 0.0729 
        H665  6 0.1153 0.2733 0.2157 0.1583 0.2374 
        H674  6 0.0616 0.1511 0.2474 0.4058 0.1341 
        H675  6 0.2112 0.1685 0.1857 0.2861 0.1484 
        H676  6 0.0754 0.2413 0.3046 0.2723 0.1064 
        H686  6 0.1242 0.3170 0.2195 0.2453 0.0940 
        H687  6 0.1614 0.2301 0.1975 0.2635 0.1476 
        H917  6 0.0785 0.2081 0.2446 0.1854 0.2834 
        H918  6 0.1439 0.2942 0.2025 0.1592 0.2002 
        H919  6 0.3902 0.1305 0.1066 0.1118 0.2609 
        H920  6 0.2703 0.1937 0.2489 0.1950 0.0920 
        H631  7 0.2475 0.2341 0.2234 0.1621 0.1329 
        H684  7 0.0547 0.3203 0.3161 0.2461 0.0628 
        H685  7 0.4258 0.0944 0.1031 0.1168 0.2598 
        H713  7 0.5475 0.1271 0.1162 0.1151 0.0942 
        H715  7 0.0749 0.2710 0.2919 0.2692 0.0931 
        H716  7 0.1711 0.2768 0.2292 0.1634 0.1594 
        H717  7 0.2214 0.1719 0.2061 0.2097 0.1908 
        H729  7 0.0484 0.1455 0.1983 0.1320 0.4758 
        H730  7 0.1175 0.1056 0.1136 0.0941 0.5692 
        H431  8 0.2401 0.1355 0.1549 0.1431 0.3264 
        H432  8 0.0714 0.2061 0.2316 0.3339 0.1569 
        H433  8 0.1042 0.2193 0.2171 0.1890 0.2704 
        H434  8 0.0959 0.1976 0.2104 0.2403 0.2558 
        H444  8 0.1117 0.2603 0.2521 0.2060 0.1698 
        H454  8 0.3734 0.1612 0.1672 0.1343 0.1639 
        H475  8 0.3868 0.1986 0.1893 0.1480 0.0772 
        H491  8 0.2057 0.2645 0.2473 0.1797 0.1027 
        H492  8 0.3789 0.1867 0.1452 0.1412 0.1480 
        H493  8 0.1485 0.2314 0.2197 0.2598 0.1405 
        H494  8 0.2066 0.1741 0.1748 0.2212 0.2233 
        H495  8 0.4483 0.1540 0.1539 0.1858 0.0580 
        H662  8 0.2329 0.1402 0.1753 0.3034 0.1483 
        H663  8 0.1747 0.1928 0.2007 0.1942 0.2377 
        H695  8 0.2041 0.1891 0.1758 0.1497 0.2812 
       H7367  8 0.0523 0.0999 0.2353 0.1277 0.4847 
       H7368  8 0.0938 0.2594 0.2250 0.2828 0.1391 
       H7369  8 0.1286 0.2112 0.2345 0.1687 0.2570 
       H7370  8 0.0785 0.1824 0.2805 0.1444 0.3142 
       H7371  8 0.1440 0.2148 0.1805 0.1728 0.2880 
        H600  9 0.2790 0.2422 0.1714 0.1517 0.1557 
        H648  9 0.1475 0.2079 0.2172 0.2835 0.1440 
        H696  9 0.0993 0.1419 0.2167 0.3729 0.1692 
        H697  9 0.1142 0.1251 0.1781 0.1978 0.3848 
        H698  9 0.0973 0.0980 0.2105 0.2131 0.3810 
        H699  9 0.1517 0.1465 0.2111 0.2165 0.2743 
        H700  9 0.1941 0.3319 0.2388 0.1362 0.0990 
        H732  9 0.4511 0.1159 0.1124 0.1821 0.1386 
        H733  9 0.0840 0.1402 0.2691 0.2064 0.3003 
        H734  9 0.0950 0.2617 0.2842 0.2441 0.1150 
        H735  9 0.1049 0.1269 0.2403 0.2525 0.2754 
        H736  9 0.2531 0.2334 0.2048 0.1941 0.1147 
        H737  9 0.1348 0.1379 0.1327 0.1330 0.4616 
        H905  9 0.1727 0.2771 0.2254 0.1670 0.1579 
        H921  9 0.2147 0.1850 0.2088 0.1584 0.2331 
        H922  9 0.0762 0.1905 0.2499 0.2438 0.2396 
     H169705 10 0.0925 0.1224 0.1889 0.1294 0.4667 
     H171942 10 0.0727 0.1911 0.2435 0.3345 0.1582 
     H171943 10 0.1429 0.2713 0.1966 0.2186 0.1706 
     H171944 10 0.1466 0.1999 0.2100 0.1827 0.2609 
     H171946 10 0.4170 0.1431 0.1365 0.2096 0.0938 
     H171947 10 0.1272 0.1849 0.2806 0.2006 0.2067 
     H229641 10 0.2288 0.1919 0.2261 0.1923 0.1608 
      H30001 10 0.1635 0.2022 0.2489 0.2161 0.1692 
      H30002 10 0.1454 0.2575 0.2070 0.1720 0.2181 
      H30005 10 0.0837 0.1419 0.1879 0.1628 0.4237 
      H30006 10 0.1091 0.0860 0.1875 0.1491 0.4682 
      H30007 10 0.0874 0.2115 0.2080 0.3854 0.1077 
        H451 10 0.0854 0.2767 0.2799 0.2189 0.1391 
        H452 10 0.1184 0.0876 0.1609 0.1486 0.4845 
        H453 10 0.3861 0.1375 0.1927 0.1853 0.0984 
        H473 10 0.3030 0.1654 0.1881 0.1963 0.1471 
        H474 10 0.5919 0.1216 0.1048 0.1122 0.0695 
        H486 10 0.2630 0.1592 0.1693 0.1805 0.2280 
        H487 10 0.2161 0.1504 0.1767 0.1768 0.2801 
        H488 10 0.1446 0.2491 0.2138 0.1494 0.2432 
        H489 10 0.3876 0.1376 0.1549 0.1131 0.2067 
        H550 10 0.1205 0.2732 0.2379 0.2748 0.0936 
        H551 10 0.1677 0.1190 0.1545 0.1335 0.4252 
        H553 10 0.3596 0.0929 0.0971 0.1095 0.3410 
        H554 10 0.1029 0.2400 0.3021 0.2544 0.1006 
        H556 10 0.2660 0.1288 0.1408 0.1926 0.2718 
        H580 10 0.0894 0.1659 0.2222 0.2189 0.3036 
        H591 10 0.5484 0.1072 0.1036 0.0899 0.1508 
        H592 10 0.2857 0.1715 0.1756 0.1722 0.1949 
        H593 10 0.1318 0.2437 0.2805 0.2339 0.1101 
        H594 10 0.0584 0.1778 0.2260 0.2992 0.2386 
        H627 10 0.2335 0.2327 0.2013 0.2176 0.1148 
        H628 10 0.0495 0.1877 0.2058 0.1711 0.3859 
        H629 10 0.3234 0.1462 0.1771 0.2457 0.1076 
        H630 10 0.2374 0.1554 0.1848 0.2305 0.1919 
        H638 10 0.1279 0.1607 0.2597 0.2481 0.2036 
        H639 10 0.5782 0.0892 0.0975 0.1277 0.1074 
        H640 10 0.1300 0.2334 0.2555 0.2411 0.1400 
        H704 10 0.0814 0.1659 0.2527 0.3087 0.1914 
        H705 10 0.0894 0.1245 0.1775 0.1164 0.4922 
        H706 10 0.1596 0.1885 0.1320 0.1299 0.3900 
        H708 10 0.5056 0.1445 0.1070 0.1296 0.1133 
       H7351 10 0.1518 0.2293 0.2335 0.2558 0.1297 
       H7352 10 0.2022 0.1960 0.1854 0.2143 0.2020 
       H7353 10 0.0710 0.1260 0.1749 0.5104 0.1177 
       H7354 10 0.1752 0.3223 0.2480 0.1431 0.1114 
       H7365 10 0.5675 0.1255 0.0896 0.0941 0.1234 
       H7383 10 0.2196 0.2581 0.1932 0.1353 0.1938 
       H7384 10 0.1294 0.2156 0.1826 0.1530 0.3193 
       H7385 10 0.2006 0.2500 0.2088 0.1801 0.1605 
       H7386 10 0.1140 0.1922 0.2204 0.1942 0.2791 
       H7387 10 0.1057 0.2829 0.2137 0.2454 0.1523 
       H7388 10 0.1117 0.1003 0.1423 0.1129 0.5329 
        H906 10 0.2585 0.1922 0.1978 0.2282 0.1232 
        H907 10 0.0842 0.2026 0.2928 0.2705 0.1499 
        H908 10 0.1333 0.2303 0.2311 0.2442 0.1610 
        H909 10 0.1233 0.3479 0.2306 0.1591 0.1391 
       H9552 10 0.1279 0.1713 0.2104 0.2500 0.2405 
       H9553 10 0.2179 0.0853 0.1132 0.0966 0.4870 
       H9555 10 0.1121 0.2121 0.2329 0.1813 0.2617 
       H9575 10 0.3754 0.1809 0.1562 0.1951 0.0926 
       H9703 10 0.4302 0.0996 0.0921 0.0948 0.2832 
       H9707 10 0.3589 0.1517 0.1528 0.1550 0.1816 
       HSAA4 10 0.0943 0.1719 0.2118 0.2188 0.3032 
        H001 11 0.1481 0.2318 0.2039 0.1909 0.2254 
        H004 11 0.1354 0.2509 0.2495 0.2391 0.1251 
        H005 11 0.3297 0.2246 0.2012 0.1162 0.1282 
        H006 11 0.1559 0.2988 0.2125 0.1737 0.1591 
        H007 11 0.2333 0.2079 0.1655 0.1166 0.2767 
        H031 11 0.5391 0.1166 0.1083 0.0823 0.1537 
        H074 11 0.4975 0.1098 0.1290 0.1558 0.1079 
        H075 11 0.3358 0.2272 0.1579 0.1050 0.1740 
        H080 11 0.2663 0.1395 0.1729 0.1762 0.2452 
        H086 11 0.0933 0.1439 0.1603 0.1708 0.4318 
        H092 11 0.1746 0.1844 0.1965 0.1612 0.2833 
        H093 11 0.0836 0.1741 0.2070 0.3995 0.1358 
        H094 11 0.1192 0.2205 0.2869 0.2367 0.1367 
        H095 11 0.3176 0.1915 0.1602 0.1556 0.1751 
        H096 11 0.1986 0.2759 0.2123 0.1270 0.1863 
        H099 11 0.1961 0.1901 0.2343 0.2164 0.1632 
        H100 11 0.0712 0.2968 0.1762 0.2498 0.2061 
        H127 11 0.1991 0.1275 0.1372 0.1485 0.3877 
        H136 11 0.4253 0.1501 0.1592 0.1469 0.1185 
        H153 11 0.1254 0.2464 0.2666 0.2745 0.0871 
        H154 11 0.4782 0.1357 0.1116 0.1597 0.1149 
        H155 11 0.0582 0.1391 0.1584 0.1527 0.4915 
        H156 11 0.0485 0.2508 0.2722 0.1878 0.2407 
        H161 11 0.1275 0.2454 0.2771 0.2548 0.0953 
        H162 11 0.0842 0.1354 0.2366 0.2437 0.3000 
        H167 11 0.0717 0.2667 0.2267 0.1806 0.2543 
        H168 11 0.1041 0.2002 0.2108 0.1891 0.2959 
     H169586 11 0.4589 0.1876 0.0996 0.2023 0.0516 
     H169738 11 0.0685 0.1580 0.1629 0.1553 0.4553 
     H169741 11 0.3958 0.2060 0.1443 0.1165 0.1374 
     H171801 11 0.1001 0.2044 0.3156 0.2823 0.0976 
     H171810 11 0.3192 0.2325 0.1750 0.1894 0.0840 
     H171811 11 0.4318 0.1679 0.1400 0.1821 0.0783 
     H171812 11 0.1645 0.2276 0.2103 0.1348 0.2628 
     H171820 11 0.4552 0.1399 0.1270 0.1609 0.1170 
     H171821 11 0.0996 0.2261 0.2415 0.2210 0.2117 
     H171822 11 0.1312 0.2123 0.2034 0.1810 0.2720 
     H171823 11 0.3371 0.1887 0.2122 0.2005 0.0614 
     H171866 11 0.0868 0.1561 0.1963 0.2313 0.3295 
     H171867 11 0.0768 0.2292 0.2252 0.1493 0.3196 
     H171967 11 0.3369 0.1509 0.1342 0.1205 0.2575 
     H171969 11 0.1939 0.2358 0.2170 0.2075 0.1458 
        H172 11 0.2119 0.2224 0.1695 0.1785 0.2177 
        H173 11 0.1218 0.1842 0.1589 0.1372 0.3979 
        H174 11 0.0632 0.1585 0.2645 0.3479 0.1660 
        H196 11 0.0557 0.0656 0.1491 0.1089 0.6208 
        H197 11 0.0903 0.2374 0.2632 0.2155 0.1935 
        H346 11 0.1584 0.2948 0.2188 0.1572 0.1708 
        H355 11 0.3608 0.1890 0.1239 0.1414 0.1850 
        H356 11 0.1539 0.1809 0.1597 0.2215 0.2839 
        H357 11 0.3622 0.1787 0.1612 0.1418 0.1561 
        H358 11 0.1225 0.3134 0.1826 0.1526 0.2290 
        H359 11 0.2040 0.1990 0.2517 0.2097 0.1357 
        H360 11 0.1219 0.2009 0.2216 0.1710 0.2846 
        H361 11 0.0880 0.2039 0.1709 0.1930 0.3442 
        H362 11 0.0555 0.2068 0.2878 0.2244 0.2255 
        H363 11 0.3077 0.2556 0.1921 0.1345 0.1101 
        H364 11 0.1710 0.2977 0.2245 0.2075 0.0993 
        H365 11 0.1643 0.1847 0.1778 0.1749 0.2983 
        H366 11 0.1496 0.1520 0.1330 0.1402 0.4253 
        H367 11 0.4714 0.0849 0.1136 0.1439 0.1862 
        H368 11 0.1713 0.2607 0.2035 0.2758 0.0887 
        H369 11 0.4556 0.1510 0.1258 0.0880 0.1795 
        H370 11 0.1081 0.2667 0.2441 0.2176 0.1635 
        H371 11 0.1449 0.1363 0.2176 0.2093 0.2918 
        H372 11 0.1295 0.2511 0.1777 0.1647 0.2769 
        H373 11 0.1015 0.2738 0.2690 0.2119 0.1437 
        H374 11 0.1370 0.3159 0.2316 0.1624 0.1531 
        H375 11 0.2652 0.2173 0.1613 0.1447 0.2115 
        H376 11 0.1213 0.2137 0.2423 0.2772 0.1455 
        H377 11 0.1983 0.2750 0.2254 0.1551 0.1462 
        H378 11 0.1901 0.2001 0.2042 0.2177 0.1880 
        H379 11 0.1385 0.2492 0.2513 0.2227 0.1383 
        H380 11 0.0811 0.3403 0.2382 0.1555 0.1849 
        H381 11 0.4981 0.1287 0.1461 0.1581 0.0689 
        H382 11 0.0493 0.2478 0.3002 0.2338 0.1689 
        H383 11 0.0634 0.2566 0.2422 0.2836 0.1543 
        H384 11 0.3334 0.2054 0.1664 0.1662 0.1285 
        H385 11 0.1870 0.2122 0.2528 0.2105 0.1375 
        H386 11 0.0852 0.3358 0.1971 0.1247 0.2572 
        H387 11 0.1336 0.2362 0.2158 0.3326 0.0817 
        H388 11 0.0793 0.1347 0.1868 0.1625 0.4368 
        H389 11 0.1838 0.2046 0.1802 0.1468 0.2846 
        H390 11 0.1527 0.2589 0.2125 0.2297 0.1462 
        H391 11 0.1142 0.1530 0.1931 0.2916 0.2481 
        H392 11 0.2472 0.3019 0.1774 0.1169 0.1566 
        H393 11 0.0971 0.2204 0.2244 0.3033 0.1549 
        H394 11 0.1302 0.1162 0.1851 0.4606 0.1078 
        H395 11 0.3740 0.1703 0.1609 0.1218 0.1730 
        H408 11 0.1338 0.2885 0.2055 0.1371 0.2351 
        H412 11 0.6750 0.0706 0.0680 0.1302 0.0563 
        H417 11 0.3060 0.2139 0.1587 0.1389 0.1824 
        H418 11 0.2229 0.1435 0.1983 0.2706 0.1647 
        H429 11 0.1354 0.2577 0.1858 0.2201 0.2010 
        H430 11 0.0860 0.2110 0.2136 0.2251 0.2643 
        H439 11 0.1263 0.2199 0.1992 0.1794 0.2752 
        H440 11 0.3206 0.2125 0.1998 0.1468 0.1202 
        H441 11 0.1075 0.1413 0.2183 0.2360 0.2970 
        H442 11 0.1240 0.2114 0.2093 0.2070 0.2484 
        H446 11 0.1510 0.2527 0.1674 0.2702 0.1587 
        H447 11 0.0961 0.3019 0.1808 0.1483 0.2728 
        H448 11 0.1229 0.1339 0.1278 0.1166 0.4988 
        H534 11 0.3361 0.1896 0.1724 0.1910 0.1109 
        H537 11 0.4563 0.1197 0.1216 0.1871 0.1153 
        H568 11 0.5932 0.0953 0.1198 0.1012 0.0905 
        H569 11 0.0469 0.1328 0.2232 0.1353 0.4619 
        H586 11 0.4818 0.1804 0.0968 0.1901 0.0509 
        H587 11 0.5375 0.1473 0.1072 0.0898 0.1182 
        H588 11 0.0690 0.2386 0.1954 0.4012 0.0958 
        H589 11 0.4495 0.1880 0.1396 0.1095 0.1133 
        H590 11 0.3279 0.1840 0.1674 0.1851 0.1356 
        H601 11 0.0731 0.1859 0.2611 0.2144 0.2656 
        H602 11 0.2141 0.1529 0.1547 0.1686 0.3098 
        H603 11 0.0742 0.2636 0.2594 0.1876 0.2151 
