        H102  1 0.4044 0.3437 0.2519 
        H103  1 0.2831 0.2266 0.4903 
        H104  1 0.3326 0.4355 0.2319 
        H105  1 0.4477 0.2818 0.2705 
        H106  1 0.3038 0.3538 0.3424 
        H112  1 0.3356 0.4112 0.2532 
        H113  1 0.4183 0.2993 0.2824 
        H114  1 0.4591 0.2445 0.2964 
        H115  1 0.4089 0.3766 0.2146 
        H143  1 0.4323 0.2837 0.2840 
        H144  1 0.4291 0.1909 0.3800 
        H145  1 0.3187 0.2047 0.4765 
        H149  1 0.3191 0.4444 0.2365 
        H150  1 0.3337 0.3378 0.3285 
     H167542  1 0.4924 0.2626 0.2451 
     H169604  1 0.4435 0.2691 0.2874 
     H169607  1 0.4145 0.2242 0.3613 
     H169608  1 0.2712 0.4629 0.2659 
     H169633  1 0.4562 0.2193 0.3245 
     H169688  1 0.2643 0.2914 0.4443 
     H169714  1 0.2938 0.4129 0.2933 
     H171802  1 0.2498 0.4371 0.3131 
     H171805  1 0.3395 0.2808 0.3797 
     H171807  1 0.3204 0.3614 0.3182 
     H171814  1 0.2956 0.2269 0.4775 
     H171816  1 0.3042 0.3972 0.2986 
     H171817  1 0.3388 0.3812 0.2800 
     H171818  1 0.3726 0.3013 0.3260 
     H171819  1 0.3324 0.3484 0.3191 
     H171834  1 0.3834 0.3269 0.2897 
     H171835  1 0.2415 0.5162 0.2423 
     H171836  1 0.3943 0.1777 0.4280 
     H171837  1 0.3622 0.3707 0.2671 
     H171838  1 0.2980 0.2613 0.4407 
     H171839  1 0.3754 0.3760 0.2487 
     H171841  1 0.2052 0.5128 0.2820 
     H171860  1 0.3813 0.3237 0.2949 
     H171861  1 0.4561 0.1869 0.3570 
     H171862  1 0.3689 0.3034 0.3277 
     H171868  1 0.4934 0.2710 0.2356 
     H171869  1 0.2963 0.2770 0.4268 
     H171870  1 0.2789 0.3545 0.3666 
     H171871  1 0.2842 0.2656 0.4503 
     H171872  1 0.3769 0.3610 0.2621 
     H171873  1 0.2637 0.3758 0.3605 
     H171874  1 0.3878 0.2778 0.3344 
     H171875  1 0.4597 0.1950 0.3454 
     H171876  1 0.4438 0.2538 0.3024 
     H171877  1 0.4972 0.2720 0.2308 
     H171878  1 0.2564 0.3829 0.3606 
     H171901  1 0.2558 0.4316 0.3125 
     H171902  1 0.3182 0.3188 0.3630 
     H171903  1 0.3568 0.3402 0.3030 
     H171935  1 0.2158 0.4183 0.3659 
     H171936  1 0.4240 0.2650 0.3110 
     H171940  1 0.3742 0.3656 0.2602 
     H171945  1 0.3114 0.3156 0.3730 
     H171948  1 0.3477 0.3877 0.2646 
     H171949  1 0.2933 0.4484 0.2583 
     H171950  1 0.2276 0.5216 0.2508 
     H171963  1 0.2966 0.2613 0.4421 
     H171964  1 0.2903 0.2496 0.4601 
     H171966  1 0.3057 0.3380 0.3563 
     H171968  1 0.3440 0.3557 0.3003 
     H171971  1 0.2573 0.3483 0.3943 
     H171972  1 0.3229 0.2432 0.4339 
     H171977  1 0.3306 0.2394 0.4300 
     H171978  1 0.2714 0.4009 0.3277 
     H171979  1 0.3585 0.2108 0.4307 
        H176  1 0.3823 0.2918 0.3258 
        H177  1 0.2970 0.4738 0.2292 
        H179  1 0.3805 0.4020 0.2175 
        H181  1 0.3577 0.2445 0.3978 
        H182  1 0.3883 0.2104 0.4013 
        H183  1 0.2844 0.2625 0.4531 
        H184  1 0.3441 0.3704 0.2856 
        H185  1 0.3795 0.2341 0.3863 
        H186  1 0.3337 0.3477 0.3186 
        H187  1 0.2964 0.3483 0.3552 
        H188  1 0.4212 0.3526 0.2262 
        H192  1 0.3046 0.4322 0.2631 
        H193  1 0.3669 0.2318 0.4013 
        H194  1 0.3878 0.3343 0.2779 
        H195  1 0.2827 0.2477 0.4695 
        H199  1 0.3001 0.2477 0.4522 
        H200  1 0.3348 0.3610 0.3042 
        H414  1 0.3244 0.3050 0.3706 
        H415  1 0.3870 0.2718 0.3411 
        H422  1 0.2928 0.3531 0.3541 
        H423  1 0.2379 0.5270 0.2351 
        H424  1 0.3365 0.2348 0.4287 
        H425  1 0.3109 0.2468 0.4423 
        H426  1 0.2273 0.2845 0.4882 
        H443  1 0.3952 0.2384 0.3664 
        H466  1 0.3468 0.3542 0.2990 
        H467  1 0.2525 0.4918 0.2558 
        H472  1 0.3653 0.3014 0.3332 
        H483  1 0.4816 0.2166 0.3018 
        H504  1 0.2825 0.2358 0.4817 
        H505  1 0.3243 0.3972 0.2785 
        H506  1 0.3424 0.3194 0.3382 
        H507  1 0.4102 0.1853 0.4045 
        H508  1 0.2708 0.3766 0.3525 
        H524  1 0.4003 0.2334 0.3663 
        H525  1 0.3688 0.2938 0.3375 
        H526  1 0.5037 0.2364 0.2599 
        H527  1 0.3114 0.4099 0.2787 
        H528  1 0.3837 0.2381 0.3782 
        H529  1 0.3876 0.2138 0.3985 
        H533  1 0.3680 0.2205 0.4116 
        H538  1 0.4006 0.3214 0.2781 
        H539  1 0.2719 0.3102 0.4178 
        H540  1 0.3770 0.3157 0.3073 
        H541  1 0.4366 0.2852 0.2783 
        H558  1 0.2424 0.2736 0.4841 
        H559  1 0.4267 0.2942 0.2790 
        H579  1 0.3786 0.2510 0.3704 
        H584  1 0.3003 0.2693 0.4304 
        H585  1 0.3320 0.2879 0.3802 
        H605  1 0.3194 0.3700 0.3105 
        H606  1 0.3262 0.4460 0.2278 
        H632  1 0.3323 0.2440 0.4237 
        H634  1 0.3330 0.3046 0.3624 
        H671  1 0.2694 0.4813 0.2493 
        H672  1 0.3090 0.3229 0.3681 
        H673  1 0.4160 0.2586 0.3254 
        H689  1 0.4185 0.2431 0.3385 
        H690  1 0.3423 0.4139 0.2438 
        H691  1 0.4843 0.2741 0.2416 
        H692  1 0.4203 0.1600 0.4197 
        H709  1 0.3288 0.3203 0.3509 
        H710  1 0.3731 0.1929 0.4340 
       H7355  1 0.4811 0.2202 0.2987 
       H7356  1 0.3197 0.3160 0.3642 
       H7357  1 0.4020 0.3324 0.2656 
       H7358  1 0.4390 0.2220 0.3390 
       H7380  1 0.4207 0.2636 0.3157 
       H7381  1 0.2621 0.4193 0.3186 
       H7382  1 0.3985 0.2677 0.3339 
        H904  1 0.2822 0.5391 0.1787 
        H923  1 0.3319 0.3449 0.3232 
        H924  1 0.3431 0.3680 0.2889 
        H925  1 0.4653 0.2505 0.2842 
       H9558  1 0.2294 0.2558 0.5148 
        H008  2 0.4612 0.2071 0.3318 
        H021  2 0.3443 0.3976 0.2581 
        H023  2 0.3593 0.3981 0.2426 
        H024  2 0.2777 0.2141 0.5082 
        H025  2 0.2677 0.4015 0.3308 
        H026  2 0.2878 0.2417 0.4705 
        H027  2 0.4362 0.2727 0.2912 
        H028  2 0.3570 0.2668 0.3762 
        H029  2 0.3713 0.2480 0.3807 
        H030  2 0.2786 0.2267 0.4947 
        H038  2 0.2733 0.4291 0.2976 
        H039  2 0.1735 0.6502 0.1763 
        H040  2 0.2368 0.4473 0.3159 
        H041  2 0.4617 0.2705 0.2678 
        H042  2 0.3620 0.3393 0.2987 
        H043  2 0.1948 0.4886 0.3166 
        H044  2 0.2983 0.2424 0.4592 
        H047  2 0.2327 0.4152 0.3521 
        H050  2 0.2654 0.2697 0.4649 
        H058  2 0.2579 0.3951 0.3470 
        H062  2 0.3910 0.3604 0.2486 
        H063  2 0.2931 0.4546 0.2523 
        H065  2 0.2945 0.3322 0.3733 
        H066  2 0.2404 0.3278 0.4317 
        H067  2 0.4568 0.2526 0.2906 
        H068  2 0.2370 0.4772 0.2858 
        H069  2 0.2658 0.3121 0.4221 
        H071  2 0.3063 0.4177 0.2761 
        H072  2 0.2697 0.4915 0.2388 
        H073  2 0.3723 0.2675 0.3602 
        H081  2 0.4709 0.3061 0.2230 
        H082  2 0.3137 0.2126 0.4737 
        H083  2 0.3187 0.2345 0.4469 
        H084  2 0.2849 0.3621 0.3530 
        H085  2 0.5063 0.2548 0.2389 
        H087  2 0.5130 0.2573 0.2297 
        H088  2 0.3545 0.4053 0.2402 
        H089  2 0.4716 0.2470 0.2814 
        H090  2 0.3417 0.2418 0.4166 
        H091  2 0.4279 0.2162 0.3559 
        H098  2 0.3539 0.2654 0.3807 
      H10001  2 0.1898 0.6260 0.1842 
      H10002  2 0.3644 0.4158 0.2198 
        H101  2 0.2489 0.2722 0.4789 
        H108  2 0.4053 0.3843 0.2103 
        H109  2 0.2400 0.3947 0.3653 
        H110  2 0.5112 0.2258 0.2630 
        H116  2 0.3126 0.2703 0.4172 
        H117  2 0.4515 0.2521 0.2964 
        H118  2 0.3839 0.1895 0.4266 
        H119  2 0.3338 0.3904 0.2758 
        H120  2 0.3164 0.4905 0.1930 
        H121  2 0.4039 0.2209 0.3752 
        H125  2 0.1926 0.6309 0.1764 
        H126  2 0.2858 0.2810 0.4332 
        H128  2 0.2654 0.1459 0.5887 
        H129  2 0.3012 0.2197 0.4792 
        H130  2 0.2069 0.4471 0.3460 
        H133  2 0.2200 0.5127 0.2673 
        H134  2 0.2461 0.2057 0.5481 
        H135  2 0.4099 0.3267 0.2635 
        H137  2 0.3038 0.3279 0.3683 
        H138  2 0.2865 0.2544 0.4590 
        H140  2 0.3339 0.3108 0.3553 
        H146  2 0.3087 0.2748 0.4165 
        H147  2 0.4457 0.2501 0.3042 
        H148  2 0.4654 0.2701 0.2644 
     H166022  2 0.4050 0.2285 0.3665 
     H167359  2 0.3229 0.3142 0.3629 
     H167397  2 0.3783 0.1595 0.4622 
     H167428  2 0.5206 0.1601 0.3193 
     H167496  2 0.3279 0.4608 0.2113 
     H167513  2 0.2489 0.3534 0.3976 
     H167545  2 0.2923 0.2433 0.4643 
     H167547  2 0.2185 0.2136 0.5679 
     H169621  2 0.3457 0.2441 0.4102 
     H169622  2 0.3924 0.2505 0.3571 
     H169750  2 0.2175 0.4056 0.3769 
     H171806  2 0.2759 0.3798 0.3443 
     H171808  2 0.3587 0.2928 0.3484 
     H171809  2 0.4280 0.3029 0.2691 
     H171813  2 0.2765 0.3427 0.3808 
     H171815  2 0.2161 0.5178 0.2661 
     H171824  2 0.3833 0.4132 0.2035 
     H171825  2 0.3876 0.2774 0.3350 
     H171826  2 0.3686 0.3646 0.2669 
     H171827  2 0.3327 0.3632 0.3041 
     H171828  2 0.2857 0.5347 0.1797 
     H171829  2 0.2472 0.3544 0.3985 
     H171830  2 0.3219 0.3291 0.3491 
     H171831  2 0.3381 0.2117 0.4502 
     H171832  2 0.3258 0.2852 0.3890 
     H171863  2 0.2751 0.2000 0.5249 
     H171864  2 0.3805 0.3009 0.3187 
     H171865  2 0.2444 0.4782 0.2774 
     H171879  2 0.3003 0.3136 0.3862 
     H171880  2 0.3350 0.2784 0.3866 
     H171881  2 0.4330 0.2644 0.3026 
     H171882  2 0.2361 0.5516 0.2123 
     H171929  2 0.4095 0.2689 0.3216 
     H171930  2 0.2658 0.2278 0.5064 
     H171933  2 0.3521 0.2983 0.3496 
     H171934  2 0.4154 0.3002 0.2843 
     H171937  2 0.2636 0.2751 0.4613 
     H171962  2 0.4336 0.2559 0.3105 
        H190  2 0.3716 0.2551 0.3733 
        H191  2 0.3407 0.3185 0.3407 
        H396  2 0.4352 0.3013 0.2635 
        H397  2 0.3372 0.2868 0.3760 
        H398  2 0.3151 0.3584 0.3264 
        H400  2 0.4024 0.3037 0.2939 
        H401  2 0.2764 0.1817 0.5419 
        H402  2 0.4005 0.2485 0.3510 
        H427  2 0.4575 0.2745 0.2681 
        H428  2 0.5233 0.1641 0.3126 
        H497  2 0.2557 0.3981 0.3462 
        H512  2 0.3243 0.3240 0.3517 
        H513  2 0.2530 0.3452 0.4018 
        H514  2 0.2912 0.3033 0.4055 
        H519  2 0.2688 0.3476 0.3835 
        H532  2 0.4724 0.2338 0.2937 
        H543  2 0.4250 0.2344 0.3406 
        H544  2 0.2539 0.3057 0.4404 
        H545  2 0.2776 0.2316 0.4908 
        H546  2 0.2772 0.4202 0.3025 
        H547  2 0.2163 0.2159 0.5678 
        H548  2 0.4216 0.2691 0.3093 
        H549  2 0.2430 0.3112 0.4458 
        H620  2 0.2520 0.5461 0.2019 
        H623  2 0.2878 0.2580 0.4542 
        H624  2 0.2053 0.4135 0.3812 
        H625  2 0.4302 0.2595 0.3103 
        H626  2 0.3217 0.3300 0.3483 
        H654  2 0.1912 0.5984 0.2104 
        H655  2 0.2687 0.4325 0.2988 
        H656  2 0.3087 0.4781 0.2132 
        H666  2 0.1884 0.5609 0.2507 
        H667  2 0.4134 0.2866 0.3000 
        H677  2 0.3799 0.2888 0.3313 
        H693  2 0.3932 0.3968 0.2099 
        H694  2 0.3115 0.2464 0.4422 
        H701  2 0.3665 0.2479 0.3856 
        H702  2 0.3275 0.3691 0.3034 
        H731  2 0.3502 0.3886 0.2612 
       H7359  2 0.3317 0.3206 0.3477 
       H7389  2 0.3281 0.3225 0.3494 
       H7390  2 0.2398 0.5113 0.2488 
       H7391  2 0.5460 0.2392 0.2148 
       H7392  2 0.2992 0.3424 0.3583 
       H7393  2 0.2802 0.4096 0.3102 
       H7398  2 0.4489 0.2874 0.2637 
       H7399  2 0.4042 0.2401 0.3558 
       H7400  2 0.2178 0.5579 0.2243 
        H745  2 0.2711 0.2345 0.4944 
        H746  2 0.3897 0.2538 0.3566 
        H747  2 0.2460 0.4735 0.2805 
        H748  2 0.3068 0.3359 0.3573 
       H7484  2 0.2507 0.4999 0.2494 
       H7485  2 0.3112 0.2854 0.4035 
        H749  2 0.3799 0.2383 0.3818 
        H930  2 0.2818 0.2347 0.4835 
        H931  2 0.4120 0.2913 0.2966 
        H932  2 0.2939 0.3627 0.3434 
        H111  3 0.2843 0.2509 0.4649 
        H951  3 0.3369 0.2426 0.4205 
        H952  3 0.2693 0.3238 0.4069 
        H953  3 0.4562 0.2274 0.3164 
        H954  3 0.2529 0.4922 0.2549 
        H955  3 0.3162 0.2391 0.4447 
        H956  3 0.3172 0.3833 0.2995 
       H9563  3 0.3845 0.3421 0.2733 
        H002  4 0.2248 0.4647 0.3105 
        H003  4 0.4619 0.2284 0.3098 
        H009  4 0.2725 0.2815 0.4460 
        H010  4 0.3921 0.3010 0.3070 
        H011  4 0.3177 0.4718 0.2106 
        H012  4 0.4765 0.2344 0.2892 
        H013  4 0.4237 0.3398 0.2365 
        H014  4 0.3243 0.3194 0.3563 
        H045  4 0.3961 0.3539 0.2500 
        H046  4 0.3962 0.2366 0.3672 
        H051  4 0.3871 0.3745 0.2383 
        H052  4 0.2546 0.3850 0.3604 
        H053  4 0.2988 0.4008 0.3004 
        H056  4 0.2536 0.4394 0.3070 
        H076  4 0.3893 0.2260 0.3848 
        H151  4 0.2048 0.5468 0.2484 
        H152  4 0.2458 0.4353 0.3190 
     H171803  4 0.2803 0.4646 0.2552 
     H171804  4 0.3205 0.3910 0.2885 
     H171833  4 0.2828 0.2572 0.4600 
     H171855  4 0.2096 0.5052 0.2852 
     H171856  4 0.2788 0.3745 0.3467 
     H171857  4 0.2331 0.4500 0.3170 
     H171858  4 0.3211 0.3354 0.3435 
     H171859  4 0.3335 0.3498 0.3167 
     H171961  4 0.3467 0.3917 0.2616 
        H198  4 0.4406 0.2006 0.3588 
      H20001  4 0.2450 0.2827 0.4723 
        H403  4 0.2818 0.3766 0.3416 
        H404  4 0.4453 0.2466 0.3081 
        H405  4 0.4076 0.2416 0.3508 
        H406  4 0.1869 0.2978 0.5153 
        H407  4 0.3220 0.3765 0.3015 
        H410  4 0.3702 0.2311 0.3987 
        H411  4 0.2559 0.2705 0.4737 
        H468  4 0.2052 0.3477 0.4471 
        H476  4 0.2442 0.3801 0.3757 
        H477  4 0.2428 0.2484 0.5088 
        H478  4 0.4144 0.2618 0.3239 
        H479  4 0.3715 0.3598 0.2687 
        H480  4 0.2636 0.2491 0.4873 
        H498  4 0.3603 0.3077 0.3320 
        H499  4 0.3368 0.3245 0.3387 
        H500  4 0.2798 0.5015 0.2187 
        H515  4 0.2926 0.4041 0.3033 
        H516  4 0.2631 0.3584 0.3786 
        H517  4 0.3145 0.3286 0.3569 
        H518  4 0.2348 0.4027 0.3625 
        H520  4 0.2466 0.4576 0.2958 
        H521  4 0.3981 0.2899 0.3120 
        H522  4 0.2956 0.3878 0.3166 
        H523  4 0.2821 0.3886 0.3293 
        H536  4 0.4106 0.2815 0.3079 
        H645  4 0.4719 0.3247 0.2034 
        H646  4 0.2935 0.2452 0.4613 
        H647  4 0.2940 0.3138 0.3922 
        H657  4 0.3536 0.2477 0.3987 
        H658  4 0.3020 0.3720 0.3260 
        H659  4 0.1983 0.5922 0.2095 
        H660  4 0.3117 0.3702 0.3181 
        H661  4 0.2561 0.4489 0.2950 
        H668  4 0.4688 0.2431 0.2882 
        H669  4 0.3707 0.3424 0.2869 
        H670  4 0.4593 0.3241 0.2165 
        H678  4 0.3217 0.3353 0.3430 
        H679  4 0.3422 0.2415 0.4163 
        H680  4 0.2804 0.3353 0.3843 
        H681  4 0.3905 0.3573 0.2522 
        H682  4 0.3833 0.3011 0.3156 
        H683  4 0.2089 0.4170 0.3741 
        H718  4 0.2522 0.4734 0.2744 
        H719  4 0.4163 0.3285 0.2553 
        H720  4 0.2836 0.3627 0.3538 
        H721  4 0.2665 0.3705 0.3630 
        H722  4 0.2161 0.4018 0.3821 
        H723  4 0.3485 0.4214 0.2300 
        H724  4 0.2223 0.5371 0.2406 
        H725  4 0.2275 0.5151 0.2573 
        H726  4 0.2708 0.4591 0.2701 
        H727  4 0.3494 0.4093 0.2413 
        H910  4 0.3293 0.4012 0.2695 
        H911  4 0.3064 0.2752 0.4184 
        H912  4 0.2609 0.3745 0.3646 
        H913  4 0.2775 0.4096 0.3129 
        H914  4 0.3579 0.4265 0.2156 
        H915  4 0.2927 0.3567 0.3506 
        H916  4 0.2267 0.3391 0.4342 
       H9572  4 0.3021 0.3739 0.3239 
        H015  5 0.3167 0.2445 0.4388 
        H016  5 0.3015 0.2435 0.4550 
        H017  5 0.2280 0.3490 0.4231 
        H019  5 0.3296 0.2894 0.3810 
        H020  5 0.3383 0.3537 0.3080 
        H032  5 0.2777 0.3761 0.3462 
        H033  5 0.4321 0.2677 0.3001 
        H034  5 0.3502 0.4213 0.2285 
        H035  5 0.3061 0.3389 0.3550 
        H036  5 0.3226 0.2996 0.3778 
        H037  5 0.3093 0.4174 0.2734 
        H048  5 0.3348 0.4419 0.2233 
        H049  5 0.2691 0.3135 0.4174 
        H054  5 0.3426 0.3460 0.3114 
        H055  5 0.3621 0.3713 0.2666 
        H057  5 0.2608 0.3312 0.4080 
        H060  5 0.3067 0.3797 0.3136 
        H061  5 0.3966 0.2747 0.3286 
        H064  5 0.3365 0.3747 0.2888 
        H070  5 0.3722 0.3795 0.2482 
        H077  5 0.2470 0.4763 0.2767 
        H078  5 0.2149 0.4567 0.3284 
        H079  5 0.4682 0.2248 0.3070 
        H097  5 0.1955 0.3694 0.4351 
        H107  5 0.2869 0.5261 0.1870 
        H122  5 0.2768 0.3226 0.4006 
        H123  5 0.3178 0.2508 0.4313 
        H124  5 0.3764 0.2566 0.3670 
        H131  5 0.3738 0.2548 0.3714 
        H132  5 0.3549 0.3543 0.2908 
        H141  5 0.3155 0.3886 0.2959 
        H142  5 0.3745 0.2294 0.3961 
        H157  5 0.2945 0.4618 0.2437 
        H158  5 0.2593 0.2498 0.4909 
        H159  5 0.3408 0.2382 0.4210 
        H160  5 0.2773 0.3407 0.3819 
        H163  5 0.3461 0.2725 0.3814 
        H164  5 0.3784 0.2749 0.3467 
        H165  5 0.4821 0.2155 0.3025 
        H166  5 0.3581 0.2542 0.3877 
        H169  5 0.3871 0.2991 0.3139 
     H169613  5 0.3017 0.3321 0.3662 
     H169653  5 0.3985 0.2484 0.3531 
     H169728  5 0.3131 0.3016 0.3854 
     H169742  5 0.4450 0.3185 0.2365 
        H170  5 0.2541 0.3052 0.4407 
        H171  5 0.2675 0.2781 0.4545 
     H171851  5 0.3215 0.3162 0.3623 
     H171852  5 0.2585 0.4259 0.3156 
     H171853  5 0.3484 0.3763 0.2753 
     H171854  5 0.2908 0.3298 0.3794 
     H171938  5 0.4667 0.2948 0.2385 
     H171939  5 0.3327 0.2479 0.4195 
     H171941  5 0.3470 0.4372 0.2158 
     H171965  5 0.3785 0.2460 0.3755 
     H171970  5 0.2814 0.4971 0.2215 
     H171973  5 0.4632 0.2456 0.2912 
     H171974  5 0.4191 0.3250 0.2560 
     H171975  5 0.3799 0.3446 0.2756 
     H171976  5 0.2193 0.3309 0.4497 
        H175  5 0.3296 0.4257 0.2447 
        H178  5 0.3738 0.3333 0.2929 
        H189  5 0.3411 0.2168 0.4421 
        H399  5 0.2140 0.3228 0.4631 
        H416  5 0.3736 0.3246 0.3017 
        H438  5 0.4079 0.3182 0.2739 
        H450  5 0.2786 0.4525 0.2689 
        H455  5 0.3340 0.4615 0.2045 
        H456  5 0.4101 0.3275 0.2624 
        H457  5 0.2445 0.4313 0.3241 
        H458  5 0.3396 0.3978 0.2625 
        H459  5 0.3807 0.2333 0.3859 
        H460  5 0.2968 0.3616 0.3416 
        H461  5 0.2464 0.3104 0.4433 
        H462  5 0.3719 0.2758 0.3523 
        H469  5 0.3886 0.2326 0.3788 
        H470  5 0.3128 0.3749 0.3122 
        H471  5 0.2387 0.2428 0.5185 
        H481  5 0.2394 0.5301 0.2306 
        H482  5 0.3028 0.3985 0.2987 
        H501  5 0.3694 0.3469 0.2837 
        H502  5 0.3384 0.2257 0.4359 
        H503  5 0.3105 0.2899 0.3995 
        H509  5 0.3017 0.4360 0.2623 
        H510  5 0.3840 0.2926 0.3234 
        H511  5 0.3475 0.2656 0.3869 
        H530  5 0.3865 0.3620 0.2514 
        H531  5 0.2388 0.4721 0.2891 
        H564  5 0.3254 0.3768 0.2978 
        H565  5 0.2599 0.4655 0.2746 
        H567  5 0.3489 0.2069 0.4442 
     H568???  5 0.2996 0.2591 0.4413 
        H608  5 0.2769 0.4579 0.2652 
        H609  5 0.4924 0.2599 0.2477 
        H612  5 0.3222 0.4797 0.1980 
        H614  5 0.2336 0.5008 0.2656 
        H615  5 0.2355 0.4360 0.3286 
        H616  5 0.2779 0.5405 0.1817 
        H617  5 0.4008 0.2361 0.3631 
        H618  5 0.3107 0.4444 0.2449 
        H619  5 0.5288 0.2321 0.2391 
        H635  5 0.3641 0.3054 0.3305 
        H636  5 0.5122 0.2391 0.2487 
        H637  5 0.3799 0.3371 0.2831 
        H644  5 0.2571 0.1701 0.5728 
        H711  5 0.2715 0.3028 0.4256 
        H712  5 0.4213 0.3429 0.2358 
       H7360  5 0.3161 0.3390 0.3449 
       H7361  5 0.3017 0.4181 0.2803 
       H7362  5 0.3075 0.1862 0.5062 
       H7363  5 0.2701 0.3823 0.3475 
       H7394  5 0.3359 0.2528 0.4113 
       H7395  5 0.4080 0.3185 0.2735 
       H7396  5 0.3549 0.3259 0.3192 
        H742  5 0.4503 0.3219 0.2278 
        H743  5 0.3483 0.3376 0.3141 
        H744  5 0.2721 0.5002 0.2278 
        H957  5 0.2742 0.3391 0.3867 
        H958  5 0.3199 0.2873 0.3928 
        H959  5 0.3546 0.4323 0.2131 
        H960  5 0.3660 0.3188 0.3153 
      H_PALI  6 0.3364 0.3238 0.3398 
        H581  6 0.2648 0.4096 0.3256 
        H582  6 0.2329 0.5037 0.2635 
        H583  6 0.3040 0.3595 0.3365 
        H595  6 0.3051 0.2204 0.4745 
        H596  6 0.3208 0.2187 0.4605 
        H597  6 0.3291 0.2346 0.4363 
        H598  6 0.3598 0.3617 0.2785 
        H599  6 0.3610 0.3762 0.2627 
        H642  6 0.2374 0.2748 0.4878 
        H643  6 0.3622 0.3286 0.3092 
        H664  6 0.1844 0.4992 0.3164 
        H665  6 0.4852 0.2791 0.2357 
        H674  6 0.2671 0.1980 0.5349 
        H675  6 0.2698 0.3881 0.3421 
        H676  6 0.2871 0.2677 0.4452 
        H686  6 0.3347 0.3068 0.3586 
        H687  6 0.2751 0.3444 0.3805 
        H917  6 0.4414 0.2178 0.3408 
        H918  6 0.4900 0.2511 0.2588 
        H919  6 0.3247 0.4565 0.2189 
        H920  6 0.3059 0.4015 0.2926 
        H631  7 0.3181 0.4005 0.2814 
        H684  7 0.3128 0.2313 0.4559 
        H685  7 0.1933 0.5176 0.2891 
        H713  7 0.2580 0.5082 0.2338 
        H715  7 0.2893 0.2660 0.4447 
        H716  7 0.3843 0.3513 0.2643 
        H717  7 0.3367 0.3617 0.3016 
        H729  7 0.4782 0.2162 0.3056 
        H730  7 0.4260 0.3219 0.2521 
        H431  8 0.2841 0.4317 0.2842 
        H432  8 0.3528 0.2111 0.4361 
        H433  8 0.4023 0.2713 0.3264 
        H434  8 0.3522 0.3021 0.3456 
        H444  8 0.4931 0.2454 0.2615 
        H454  8 0.3219 0.4596 0.2185 
        H475  8 0.2345 0.5213 0.2441 
        H491  8 0.3393 0.3769 0.2838 
        H492  8 0.2779 0.4428 0.2793 
        H493  8 0.3101 0.3160 0.3739 
        H494  8 0.3388 0.3446 0.3166 
        H495  8 0.2000 0.4724 0.3276 
        H662  8 0.3035 0.2971 0.3994 
        H663  8 0.3361 0.3389 0.3250 
        H695  8 0.3449 0.3682 0.2869 
       H7367  8 0.3727 0.2346 0.3927 
       H7368  8 0.3556 0.2660 0.3784 
       H7369  8 0.4529 0.2843 0.2628 
       H7370  8 0.3120 0.2188 0.4692 
       H7371  8 0.4022 0.2954 0.3025 
        H600  9 0.2979 0.4215 0.2806 
        H648  9 0.3002 0.3315 0.3683 
        H696  9 0.2489 0.2000 0.5510 
        H697  9 0.3725 0.2878 0.3397 
        H698  9 0.3234 0.2800 0.3965 
        H699  9 0.3484 0.3065 0.3452 
        H700  9 0.3315 0.4212 0.2473 
        H732  9 0.2284 0.4781 0.2935 
        H733  9 0.3759 0.2429 0.3812 
        H734  9 0.2957 0.2309 0.4734 
        H735  9 0.2911 0.2798 0.4291 
        H736  9 0.3167 0.3480 0.3353 
        H737  9 0.3354 0.3804 0.2841 
        H905  9 0.3770 0.3862 0.2369 
        H921  9 0.3871 0.3698 0.2431 
        H922  9 0.3990 0.2137 0.3873 
     H169705 10 0.3194 0.2948 0.3858 
     H171942 10 0.3723 0.1951 0.4326 
     H171943 10 0.2904 0.3122 0.3974 
     H171944 10 0.3427 0.3326 0.3247 
     H171946 10 0.2056 0.4514 0.3430 
     H171947 10 0.3547 0.2890 0.3563 
     H229641 10 0.2850 0.3480 0.3671 
      H30001 10 0.3601 0.3497 0.2902 
      H30002 10 0.3994 0.3122 0.2884 
      H30005 10 0.3131 0.3194 0.3675 
      H30006 10 0.2869 0.2600 0.4531 
      H30007 10 0.2822 0.2028 0.5149 
        H451 10 0.4062 0.2304 0.3634 
        H452 10 0.2594 0.3202 0.4203 
        H453 10 0.2535 0.4757 0.2707 
        H473 10 0.3617 0.3570 0.2813 
        H474 10 0.1757 0.5471 0.2773 
        H486 10 0.3105 0.3883 0.3012 
        H487 10 0.2858 0.4376 0.2767 
        H488 10 0.4467 0.3292 0.2241 
        H489 10 0.2586 0.4902 0.2513 
        H550 10 0.2643 0.2654 0.4703 
        H551 10 0.3656 0.3556 0.2788 
        H553 10 0.2304 0.4677 0.3018 
        H554 10 0.3619 0.2680 0.3702 
        H556 10 0.2652 0.3575 0.3773 
        H580 10 0.3799 0.2909 0.3291 
        H591 10 0.2560 0.5195 0.2244 
        H592 10 0.2890 0.4082 0.3027 
        H593 10 0.3441 0.3089 0.3470 
        H594 10 0.3665 0.1906 0.4428 
        H627 10 0.2528 0.3690 0.3782 
        H628 10 0.5216 0.1805 0.2979 
        H629 10 0.2470 0.3645 0.3885 
        H630 10 0.2386 0.3620 0.3995 
        H638 10 0.3116 0.3052 0.3832 
        H639 10 0.2256 0.4493 0.3251 
        H640 10 0.3027 0.2706 0.4266 
        H704 10 0.3310 0.2560 0.4130 
        H705 10 0.3249 0.3015 0.3736 
        H706 10 0.3705 0.4098 0.2197 
        H708 10 0.2429 0.5193 0.2379 
       H7351 10 0.3373 0.3048 0.3579 
       H7352 10 0.3243 0.3650 0.3107 
       H7353 10 0.2798 0.2417 0.4785 
       H7354 10 0.3628 0.3779 0.2592 
       H7365 10 0.2658 0.4916 0.2426 
       H7383 10 0.3848 0.3635 0.2518 
       H7384 10 0.3503 0.3878 0.2619 
       H7385 10 0.2956 0.4397 0.2647 
       H7386 10 0.4222 0.2757 0.3021 
       H7387 10 0.3789 0.2890 0.3322 
       H7388 10 0.3353 0.3239 0.3407 
        H906 10 0.3154 0.3776 0.3071 
        H907 10 0.3112 0.2567 0.4321 
        H908 10 0.3539 0.3435 0.3025 
        H909 10 0.4449 0.3028 0.2522 
       H9552 10 0.3290 0.3187 0.3523 
       H9553 10 0.2681 0.4117 0.3202 
       H9555 10 0.3798 0.2868 0.3334 
       H9575 10 0.2479 0.4529 0.2992 
       H9703 10 0.2390 0.5160 0.2450 
       H9707 10 0.2663 0.4486 0.2851 
       HSAA4 10 0.3719 0.2910 0.3371 
        H001 11 0.3853 0.3423 0.2725 
        H004 11 0.3476 0.3113 0.3411 
        H005 11 0.3170 0.4752 0.2078 
        H006 11 0.3736 0.3268 0.2996 
        H007 11 0.3905 0.3996 0.2099 
        H031 11 0.2494 0.5401 0.2105 
        H074 11 0.2301 0.4739 0.2960 
        H075 11 0.3525 0.4355 0.2119 
        H080 11 0.3002 0.4449 0.2549 
        H086 11 0.3072 0.3631 0.3298 
        H092 11 0.3021 0.4005 0.2974 
        H093 11 0.3642 0.1897 0.4461 
        H094 11 0.2629 0.3212 0.4159 
        H095 11 0.3219 0.4125 0.2656 
        H096 11 0.4065 0.3588 0.2346 
        H099 11 0.3072 0.3947 0.2980 
        H100 11 0.4182 0.2232 0.3587 
        H127 11 0.3203 0.3969 0.2828 
        H136 11 0.2420 0.5127 0.2453 
        H153 11 0.3127 0.3106 0.3768 
        H154 11 0.2253 0.5139 0.2607 
        H155 11 0.5048 0.2028 0.2924 
        H156 11 0.4878 0.1738 0.3385 
        H161 11 0.3226 0.2979 0.3795 
        H162 11 0.3096 0.2388 0.4516 
        H167 11 0.4187 0.2757 0.3056 
        H168 11 0.3693 0.3074 0.3233 
     H169586 11 0.2043 0.4038 0.3919 
     H169738 11 0.4628 0.2329 0.3043 
     H169741 11 0.2488 0.4607 0.2905 
     H171801 11 0.3448 0.2528 0.4023 
     H171810 11 0.2380 0.4613 0.3007 
     H171811 11 0.2210 0.4750 0.3041 
     H171812 11 0.4855 0.2920 0.2226 
     H171820 11 0.2673 0.4667 0.2660 
     H171821 11 0.3743 0.2716 0.3541 
     H171822 11 0.3272 0.3216 0.3511 
     H171823 11 0.2142 0.4564 0.3294 
     H171866 11 0.3421 0.2563 0.4017 
     H171867 11 0.4490 0.2587 0.2923 
     H171967 11 0.3396 0.4408 0.2196 
     H171969 11 0.3785 0.3072 0.3144 
        H172 11 0.3974 0.2917 0.3110 
        H173 11 0.4482 0.2999 0.2519 
        H174 11 0.2787 0.2295 0.4918 
        H196 11 0.3888 0.2554 0.3558 
        H197 11 0.4148 0.2707 0.3145 
        H346 11 0.4350 0.3240 0.2410 
        H355 11 0.3693 0.3516 0.2791 
        H356 11 0.3357 0.3788 0.2855 
        H357 11 0.3282 0.4099 0.2618 
        H358 11 0.4497 0.3042 0.2461 
        H359 11 0.3130 0.3416 0.3454 
        H360 11 0.3900 0.3301 0.2798 
        H361 11 0.4251 0.2724 0.3024 
        H362 11 0.3509 0.2069 0.4422 
        H363 11 0.3046 0.4555 0.2399 
        H364 11 0.3453 0.3240 0.3307 
        H365 11 0.4177 0.2563 0.3260 
        H366 11 0.4322 0.2677 0.3001 
        H367 11 0.2340 0.5027 0.2634 
        H368 11 0.2578 0.2876 0.4546 
        H369 11 0.3013 0.4912 0.2074 
        H370 11 0.3635 0.2776 0.3589 
        H371 11 0.3019 0.3378 0.3602 
        H372 11 0.3754 0.3021 0.3225 
        H373 11 0.3557 0.3272 0.3171 
        H374 11 0.3697 0.3853 0.2450 
        H375 11 0.3999 0.3452 0.2549 
        H376 11 0.3859 0.2446 0.3695 
        H377 11 0.3313 0.3845 0.2842 
        H378 11 0.2927 0.3855 0.3217 
        H379 11 0.2972 0.3280 0.3748 
        H380 11 0.4886 0.2197 0.2916 
        H381 11 0.2314 0.4573 0.3113 
        H382 11 0.3824 0.1859 0.4317 
        H383 11 0.4338 0.2113 0.3549 
        H384 11 0.2940 0.4206 0.2854 
        H385 11 0.2758 0.4073 0.3169 
        H386 11 0.4864 0.2717 0.2419 
        H387 11 0.2412 0.3173 0.4416 
        H388 11 0.4442 0.2034 0.3524 
        H389 11 0.4193 0.3150 0.2657 
        H390 11 0.3776 0.2867 0.3357 
        H391 11 0.2659 0.2868 0.4474 
        H392 11 0.3319 0.4466 0.2215 
        H393 11 0.3930 0.2195 0.3875 
        H394 11 0.2626 0.2345 0.5028 
        H395 11 0.3210 0.4346 0.2445 
        H408 11 0.4474 0.3179 0.2347 
        H412 11 0.1482 0.5321 0.3196 
        H417 11 0.3330 0.3875 0.2795 
        H418 11 0.2323 0.3689 0.3988 
        H429 11 0.4517 0.2656 0.2827 
        H430 11 0.4285 0.2389 0.3326 
        H439 11 0.3460 0.3593 0.2948 
        H440 11 0.2697 0.4973 0.2330 
        H441 11 0.3591 0.2634 0.3774 
        H442 11 0.3957 0.2656 0.3387 
        H446 11 0.3197 0.3274 0.3529 
        H447 11 0.4385 0.2574 0.3041 
        H448 11 0.4326 0.2993 0.2680 
        H534 11 0.2184 0.5390 0.2426 
        H537 11 0.2535 0.4650 0.2816 
        H568 11 0.2169 0.5464 0.2367 
        H569 11 0.4225 0.1937 0.3838 
        H586 11 0.1963 0.3913 0.4125 
        H587 11 0.2525 0.5343 0.2132 
        H588 11 0.3040 0.2316 0.4644 
        H589 11 0.2839 0.4840 0.2322 
        H590 11 0.3070 0.4209 0.2721 
        H601 11 0.3706 0.2219 0.4075 
        H602 11 0.2958 0.4028 0.3015 
        H603 11 0.4640 0.2334 0.3026 
        H610 11 0.3033 0.4027 0.2941 
        H611 11 0.2485 0.4320 0.3195 
        H649 11 0.3467 0.3249 0.3284 
        H650 11 0.2543 0.2577 0.4880 
        H651 11 0.4485 0.2871 0.2644 
        H652 11 0.2666 0.3616 0.3718 
       H7364 11 0.3805 0.2838 0.3357 
       H7366 11 0.4186 0.3256 0.2558 
       H7378 11 0.2281 0.1622 0.6096 
       H7379 11 0.3369 0.3232 0.3399 
        H739 11 0.2556 0.4505 0.2939 
        H740 11 0.2855 0.2801 0.4344 
        H741 11 0.2482 0.4691 0.2827 
        H926 11 0.2959 0.2815 0.4226 
        H927 11 0.3636 0.2809 0.3555 
        H928 11 0.2627 0.3475 0.3898 
       H9560 11 0.2628 0.3302 0.4069 
        H409 12 0.4733 0.2253 0.3014 
        H413 12 0.2499 0.2345 0.5157 
        H419 12 0.4238 0.3003 0.2759 
        H420 12 0.3353 0.3826 0.2822 
        H421 12 0.3927 0.1989 0.4084 
        H435 12 0.3569 0.2479 0.3951 
        H436 12 0.4314 0.3208 0.2478 
        H437 12 0.2506 0.4530 0.2964 
        H445 12 0.4848 0.2375 0.2778 
        H449 12 0.2971 0.3023 0.4006 
        H463 12 0.2921 0.3979 0.3100 
        H464 12 0.3101 0.2346 0.4553 
        H465 12 0.2045 0.3284 0.4671 
        H490 12 0.3220 0.2328 0.4452 
        H561 12 0.3150 0.3219 0.3631 
        H562 12 0.4865 0.2896 0.2239 
        H563 12 0.3775 0.3420 0.2805 
        H570 12 0.3593 0.4097 0.2310 
        H571 12 0.2460 0.3493 0.4047 
        H572 12 0.3214 0.3827 0.2958 
        H573 12 0.4787 0.2210 0.3003 
       H7372 12 0.4964 0.1798 0.3238 
       H7373 12 0.2559 0.2384 0.5057 
       H7374 12 0.3695 0.3755 0.2549 
       H7375 12 0.3397 0.4004 0.2599 
       H7376 12 0.5685 0.1935 0.2380 
       H7377 12 0.2706 0.4369 0.2925 
