1:    0.417 0.276 0.307 1    
2:    0.337 0.342 0.321 1    
3:    0.315 0.421 0.264 1    
4:    0.310 0.246 0.445 1    
5:    0.249 0.406 0.344 1    
6:    0.289 0.246 0.465 1    
7:    0.412 0.282 0.307 1    
8:    0.343 0.278 0.378 1    
9:    0.381 0.265 0.354 1    
10:   0.346 0.234 0.420 1    
11:   0.334 0.355 0.311 1    
12:   0.208 0.539 0.253 1    
13:   0.339 0.312 0.349 1    
14:   0.411 0.318 0.271 1    
15:   0.331 0.358 0.311 1    
16:   0.237 0.438 0.324 1    
17:   0.307 0.283 0.409 1    
18:   0.246 0.390 0.364 1    
19:   0.308 0.239 0.453 1    
20:   0.289 0.361 0.349 1    
21:   0.289 0.412 0.299 1    
22:   0.300 0.439 0.261 1    
23:   0.285 0.347 0.367 1    
24:   0.318 0.279 0.403 1    
25:   0.437 0.270 0.293 1    
26:   0.263 0.433 0.304 1    
27:   0.286 0.319 0.394 1    
28:   0.336 0.392 0.272 1    
29:   0.268 0.479 0.253 1    
30:   0.396 0.264 0.341 1    
31:   0.410 0.351 0.240 1    
32:   0.336 0.269 0.395 1    
33:   0.318 0.293 0.389 1    
34:   0.341 0.336 0.324 1    
35:   0.383 0.341 0.276 1    
36:   0.439 0.321 0.241 1    
37:   0.332 0.409 0.259 1    
38:   0.387 0.299 0.314 1    
39:   0.332 0.274 0.394 1    
40:   0.398 0.247 0.355 1    
41:   0.361 0.285 0.355 1    
42:   0.224 0.513 0.263 1    
43:   0.379 0.366 0.255 1    
44:   0.299 0.257 0.443 1    
45:   0.334 0.398 0.268 1    
46:   0.290 0.346 0.364 1    
47:   0.486 0.254 0.260 1    
48:   0.341 0.280 0.379 1    
49:   0.483 0.255 0.262 1    
50:   0.335 0.247 0.419 1    
51:   0.413 0.332 0.255 1    
52:   0.282 0.498 0.220 1    
53:   0.327 0.282 0.391 1    
54:   0.257 0.515 0.228 1    
55:   0.285 0.323 0.393 1    
56:   0.313 0.173 0.513 1    
57:   0.323 0.241 0.436 1    
58:   0.221 0.413 0.366 1    
59:   0.267 0.436 0.297 1    
60:   0.250 0.247 0.503 1    
61:   0.397 0.329 0.274 1    
62:   0.357 0.278 0.365 1    
63:   0.318 0.276 0.406 1    
64:   0.336 0.323 0.341 1    
65:   0.327 0.269 0.404 1    
66:   0.458 0.272 0.270 1    
67:   0.453 0.279 0.268 1    
68:   0.462 0.241 0.297 1    
69:   0.315 0.332 0.353 1    
70:   0.414 0.189 0.397 1    
71:   0.335 0.242 0.422 1    
72:   0.341 0.410 0.249 1    
73:   0.295 0.326 0.379 1    
74:   0.314 0.267 0.419 1    
75:   0.317 0.219 0.464 1    
76:   0.377 0.248 0.375 1    
77:   0.381 0.265 0.353 1    
78:   0.319 0.336 0.345 1    
79:   0.314 0.342 0.344 1    
80:   0.312 0.326 0.362 1    
81:   0.374 0.353 0.273 1    
82:   0.268 0.328 0.404 1    
83:   0.229 0.465 0.306 1    
84:   0.392 0.375 0.234 1    
85:   0.371 0.307 0.321 1    
86:   0.348 0.352 0.299 1    
87:   0.393 0.308 0.299 1    
88:   0.278 0.504 0.217 1    
89:   0.309 0.305 0.386 1    
90:   0.347 0.350 0.303 1    
91:   0.337 0.244 0.418 1    
92:   0.313 0.329 0.359 1    
93:   0.267 0.240 0.492 1    
94:   0.369 0.321 0.310 1    
95:   0.241 0.458 0.301 1    
96:   0.343 0.290 0.367 1    
97:   0.405 0.263 0.332 1    
98:   0.394 0.269 0.337 1    
99:   0.265 0.469 0.266 1    
100:  0.359 0.335 0.306 1    
101:  0.331 0.239 0.430 1    
102:  0.391 0.268 0.341 1    
103:  0.388 0.316 0.296 1    
104:  0.275 0.284 0.442 1    
105:  0.323 0.336 0.342 1    
106:  0.375 0.267 0.358 1    
107:  0.314 0.338 0.348 1    
108:  0.356 0.331 0.313 1    
109:  0.364 0.290 0.346 1    
110:  0.278 0.356 0.366 1    
111:  0.335 0.340 0.325 1    
112:  0.345 0.219 0.436 1    
113:  0.478 0.219 0.303 1    
114:  0.408 0.314 0.278 1    
115:  0.347 0.244 0.409 1    
116:  0.271 0.395 0.334 1    
117:  0.385 0.281 0.334 1    
118:  0.293 0.329 0.378 1    
119:  0.299 0.326 0.376 1    
120:  0.302 0.331 0.367 1    
121:  0.412 0.277 0.311 1    
122:  0.459 0.248 0.293 1    
123:  0.248 0.345 0.408 1    
124:  0.295 0.256 0.449 1    
125:  0.248 0.388 0.364 1    
126:  0.320 0.220 0.460 1    
127:  0.405 0.314 0.281 1    
128:  0.292 0.265 0.443 1    
129:  0.276 0.503 0.220 1    
130:  0.310 0.268 0.421 1    
131:  0.201 0.422 0.377 1    
132:  0.348 0.337 0.315 1    
133:  0.340 0.342 0.318 1    
134:  0.210 0.530 0.260 1    
135:  0.304 0.408 0.288 1    
136:  0.285 0.464 0.250 1    
137:  0.233 0.459 0.309 1    
138:  0.441 0.284 0.276 1    
139:  0.398 0.294 0.309 1    
140:  0.327 0.445 0.228 1    
141:  0.312 0.257 0.431 1    
142:  0.358 0.279 0.363 1    
143:  0.401 0.334 0.266 1    
144:  0.348 0.372 0.280 1    
145:  0.320 0.337 0.344 1    
146:  0.320 0.308 0.371 1    
147:  0.277 0.416 0.307 1    
148:  0.478 0.287 0.235 1    
149:  0.319 0.314 0.367 1    
150:  0.334 0.346 0.319 1    
151:  0.408 0.310 0.282 1    
152:  0.393 0.251 0.356 1    
153:  0.220 0.530 0.250 1    
154:  0.255 0.284 0.461 1    
155:  0.401 0.254 0.345 1    
156:  0.321 0.355 0.323 1    
157:  0.364 0.332 0.304 1    
158:  0.284 0.407 0.308 1    
159:  0.279 0.331 0.389 1    
160:  0.379 0.278 0.344 1    
161:  0.343 0.247 0.410 1    
162:  0.332 0.352 0.316 1    
163:  0.352 0.323 0.325 1    
164:  0.250 0.439 0.311 1    
165:  0.442 0.255 0.303 1    
166:  0.295 0.268 0.437 1    
167:  0.384 0.287 0.329 1    
168:  0.298 0.452 0.249 1    
169:  0.449 0.276 0.275 1    
170:  0.363 0.394 0.243 1    
171:  0.344 0.326 0.330 1    
172:  0.355 0.359 0.286 1    
173:  0.392 0.255 0.353 1    
174:  0.342 0.406 0.253 1    
175:  0.244 0.343 0.413 1    
176:  0.344 0.353 0.303 1    
177:  0.253 0.408 0.339 1    
178:  0.353 0.264 0.383 1    
179:  0.260 0.452 0.288 1    
180:  0.225 0.437 0.338 1    
181:  0.364 0.346 0.290 1    
182:  0.369 0.360 0.271 1    
183:  0.307 0.254 0.438 1    
184:  0.230 0.447 0.322 1    
185:  0.335 0.306 0.359 1    
186:  0.274 0.399 0.327 1    
187:  0.304 0.332 0.364 1    
188:  0.355 0.319 0.326 1    
189:  0.293 0.416 0.291 1    
190:  0.419 0.236 0.345 1    
191:  0.258 0.269 0.472 1    
192:  0.297 0.322 0.382 1    
193:  0.383 0.288 0.329 1    
194:  0.433 0.255 0.312 1    
195:  0.233 0.296 0.471 1    
196:  0.335 0.319 0.346 1    
197:  0.390 0.239 0.371 1    
198:  0.271 0.296 0.433 1    
199:  0.295 0.298 0.408 1    
200:  0.310 0.369 0.321 1    
201:  0.264 0.273 0.463 1    
202:  0.428 0.262 0.311 1    
203:  0.334 0.354 0.312 1    
204:  0.325 0.264 0.410 1    
205:  0.364 0.330 0.306 1    
206:  0.306 0.350 0.344 1    
207:  0.338 0.399 0.263 1    
208:  0.321 0.363 0.316 1    
209:  0.309 0.287 0.404 1    
210:  0.415 0.266 0.319 1    
211:  0.263 0.348 0.389 1    
212:  0.325 0.333 0.342 1    
213:  0.367 0.320 0.312 1    
214:  0.353 0.314 0.333 1    
215:  0.325 0.348 0.327 1    
216:  0.385 0.301 0.314 1    
217:  0.364 0.389 0.247 1    
218:  0.310 0.235 0.454 1    
219:  0.286 0.309 0.405 1    
220:  0.396 0.240 0.364 1    
221:  0.345 0.338 0.317 1    
222:  0.282 0.468 0.250 1    
223:  0.309 0.369 0.322 1    
224:  0.256 0.400 0.344 1    
225:  0.443 0.250 0.307 1    
226:  0.373 0.329 0.298 1    
227:  0.387 0.366 0.247 1    
228:  0.323 0.326 0.351 1    
229:  0.363 0.282 0.356 1    
230:  0.294 0.326 0.381 1    
231:  0.388 0.348 0.264 1    
232:  0.480 0.266 0.255 1    
233:  0.247 0.351 0.402 1    
234:  0.281 0.428 0.291 1    
235:  0.352 0.359 0.289 1    
236:  0.277 0.334 0.389 1    
237:  0.259 0.340 0.401 1    
238:  0.220 0.411 0.370 1    
239:  0.370 0.391 0.238 1    
240:  0.266 0.449 0.285 1    
241:  0.289 0.415 0.295 1    
242:  0.292 0.427 0.281 1    
243:  0.347 0.385 0.268 1    
244:  0.356 0.373 0.271 1    
245:  0.359 0.287 0.353 1    
246:  0.324 0.335 0.341 1    
247:  0.320 0.349 0.332 1    
248:  0.370 0.389 0.240 1    
249:  0.342 0.349 0.308 1    
250:  0.275 0.330 0.395 1    
251:  0.347 0.298 0.355 1    
252:  0.325 0.274 0.402 1    
253:  0.290 0.284 0.426 1    
254:  0.272 0.341 0.387 1    
255:  0.318 0.308 0.374 1    
256:  0.273 0.378 0.350 1    
257:  0.357 0.306 0.336 1    
258:  0.437 0.274 0.289 1    
259:  0.361 0.384 0.255 1    
260:  0.331 0.296 0.373 1    
261:  0.359 0.272 0.368 1    
262:  0.336 0.384 0.280 1    
263:  0.342 0.395 0.263 1    
264:  0.298 0.327 0.376 1    
265:  0.374 0.321 0.305 1    
266:  0.304 0.382 0.315 1    
267:  0.264 0.357 0.379 1    
268:  0.269 0.395 0.335 1    
269:  0.410 0.274 0.316 1    
270:  0.300 0.377 0.323 1    
271:  0.354 0.392 0.254 1    
272:  0.271 0.447 0.282 1    
273:  0.266 0.360 0.374 1    
274:  0.406 0.267 0.327 1    
275:  0.245 0.348 0.407 1    
276:  0.344 0.426 0.230 1    
277:  0.312 0.294 0.394 1    
278:  0.380 0.252 0.368 1    
279:  0.384 0.277 0.339 1    
280:  0.387 0.258 0.355 1    
281:  0.318 0.366 0.316 1    
282:  0.353 0.330 0.317 1    
283:  0.416 0.266 0.318 1    
284:  0.327 0.390 0.283 1    
285:  0.301 0.262 0.437 1    
286:  0.389 0.238 0.373 1    
287:  0.371 0.265 0.365 1    
288:  0.365 0.296 0.340 1    
289:  0.402 0.303 0.295 1    
290:  0.443 0.223 0.334 1    
291:  0.320 0.308 0.372 1    
292:  0.423 0.281 0.295 1    
293:  0.327 0.341 0.332 1    
294:  0.393 0.289 0.318 1    
295:  0.340 0.296 0.364 1    
296:  0.347 0.361 0.291 1    
297:  0.246 0.309 0.446 1    
298:  0.277 0.335 0.388 1    
299:  0.282 0.330 0.388 1    
300:  0.273 0.392 0.336 1    
301:  0.397 0.324 0.279 1    
302:  0.295 0.329 0.376 1    
303:  0.430 0.328 0.242 1    
304:  0.293 0.289 0.418 1    
305:  0.270 0.465 0.265 1    
306:  0.361 0.286 0.353 1    
307:  0.258 0.474 0.268 1    
308:  0.399 0.310 0.291 1    
309:  0.384 0.338 0.278 1    
310:  0.352 0.356 0.292 1    
311:  0.246 0.311 0.443 1    
312:  0.333 0.374 0.294 1    
313:  0.323 0.382 0.295 1    
314:  0.389 0.226 0.384 1    
315:  0.273 0.270 0.457 1    
316:  0.321 0.388 0.291 1    
317:  0.439 0.301 0.260 1    
318:  0.267 0.446 0.286 1    
319:  0.275 0.483 0.242 1    
320:  0.425 0.313 0.261 1    
321:  0.269 0.404 0.327 1    
322:  0.326 0.389 0.285 1    
323:  0.430 0.248 0.322 1    
324:  0.372 0.312 0.316 1    
325:  0.265 0.321 0.413 1    
326:  0.340 0.303 0.356 1    
327:  0.362 0.277 0.361 1    
328:  0.350 0.333 0.318 1    
329:  0.336 0.230 0.434 1    
330:  0.256 0.466 0.278 1    
331:  0.304 0.372 0.324 1    
332:  0.333 0.385 0.282 1    
333:  0.362 0.265 0.373 1    
334:  0.352 0.261 0.387 1    
335:  0.371 0.342 0.287 1    
336:  0.313 0.362 0.325 1    
337:  0.337 0.301 0.362 1    
338:  0.394 0.341 0.266 1    
339:  0.278 0.364 0.358 1    
340:  0.286 0.376 0.339 1    
341:  0.242 0.486 0.272 1    
342:  0.320 0.239 0.441 1    
343:  0.304 0.251 0.445 1    
344:  0.281 0.441 0.277 1    
345:  0.392 0.312 0.297 1    
346:  0.346 0.421 0.233 1    
347:  0.246 0.444 0.309 1    
348:  0.255 0.431 0.313 1    
349:  0.283 0.493 0.224 1    
350:  0.474 0.231 0.295 1    
351:  0.275 0.444 0.281 1    
352:  0.391 0.306 0.303 1    
353:  0.356 0.318 0.326 1    
354:  0.464 0.282 0.254 1    
355:  0.292 0.407 0.301 1    
356:  0.319 0.209 0.472 1    
357:  0.288 0.311 0.401 1    
358:  0.336 0.401 0.263 1    
359:  0.326 0.297 0.377 1    
360:  0.288 0.431 0.282 1    
361:  0.319 0.217 0.464 1    
362:  0.249 0.397 0.354 1    
363:  0.384 0.280 0.336 1    
364:  0.350 0.364 0.286 1    
365:  0.346 0.351 0.303 1    
366:  0.353 0.364 0.283 1    
367:  0.273 0.375 0.352 1    
368:  0.286 0.439 0.275 1    
369:  0.303 0.312 0.385 1    
370:  0.371 0.281 0.348 1    
371:  0.306 0.458 0.236 1    
372:  0.338 0.351 0.311 1    
373:  0.362 0.376 0.262 1    
374:  0.309 0.254 0.437 1    
375:  0.447 0.280 0.273 1    
376:  0.336 0.282 0.382 1    
377:  0.383 0.337 0.279 1    
378:  0.298 0.448 0.254 1    
379:  0.267 0.477 0.256 1    
380:  0.269 0.430 0.301 1    
381:  0.302 0.418 0.280 1    
382:  0.343 0.292 0.365 1    
383:  0.319 0.363 0.318 1    
384:  0.193 0.453 0.354 1    
385:  0.309 0.303 0.389 1    
386:  0.333 0.358 0.308 1    
387:  0.368 0.342 0.290 1    
388:  0.383 0.252 0.365 1    
389:  0.379 0.276 0.345 1    
390:  0.381 0.343 0.276 1    
391:  0.378 0.240 0.382 1    
392:  0.413 0.305 0.282 1    
393:  0.368 0.257 0.376 1    
394:  0.328 0.240 0.433 1    
395:  0.297 0.292 0.411 1    
396:  0.405 0.310 0.285 1    
397:  0.271 0.371 0.358 1    
398:  0.308 0.312 0.380 1    
399:  0.351 0.338 0.311 1    
400:  0.377 0.356 0.267 1    
401:  0.351 0.327 0.322 1    
402:  0.393 0.275 0.331 1    
403:  0.284 0.271 0.444 1    
404:  0.215 0.281 0.504 1    
405:  0.419 0.256 0.324 1    
406:  0.316 0.294 0.391 1    
407:  0.248 0.439 0.314 1    
408:  0.276 0.383 0.341 1    
409:  0.241 0.424 0.336 1    
410:  0.350 0.355 0.296 1    
411:  0.284 0.376 0.340 1    
412:  0.397 0.338 0.265 1    
413:  0.298 0.401 0.301 1    
414:  0.323 0.258 0.419 1    
415:  0.375 0.333 0.291 1    
416:  0.312 0.346 0.342 1    
417:  0.391 0.276 0.334 1    
418:  0.309 0.308 0.383 1    
419:  0.378 0.289 0.334 1    
420:  0.252 0.495 0.253 1    
421:  0.363 0.350 0.287 1    
422:  0.362 0.292 0.347 1    
423:  0.343 0.239 0.418 1    
424:  0.286 0.333 0.382 1    
425:  0.427 0.244 0.329 1    
426:  0.256 0.331 0.412 1    
427:  0.310 0.295 0.394 1    
428:  0.337 0.298 0.365 1    
429:  0.278 0.374 0.348 1    
430:  0.369 0.233 0.398 1    
431:  0.282 0.282 0.435 1    
432:  0.380 0.256 0.364 1    
433:  0.358 0.390 0.252 1    
434:  0.284 0.444 0.272 1    
435:  0.349 0.278 0.372 1    
436:  0.339 0.333 0.329 1    
437:  0.266 0.282 0.453 1    
438:  0.306 0.397 0.298 1    
439:  0.339 0.379 0.282 1    
440:  0.373 0.363 0.264 1    
441:  0.323 0.358 0.319 1    
442:  0.305 0.400 0.295 1    
443:  0.411 0.285 0.304 1    
444:  0.388 0.303 0.309 1    
445:  0.368 0.312 0.320 1    
446:  0.261 0.428 0.311 1    
447:  0.341 0.287 0.372 1    
448:  0.399 0.311 0.290 1    
449:  0.349 0.377 0.274 1    
450:  0.322 0.328 0.350 1    
451:  0.345 0.314 0.341 1    
452:  0.407 0.267 0.325 1    
453:  0.293 0.412 0.295 1    
454:  0.292 0.416 0.292 1    
455:  0.323 0.390 0.286 1    
456:  0.373 0.291 0.336 1    
457:  0.342 0.366 0.292 1    
458:  0.319 0.340 0.341 1    
459:  0.302 0.457 0.241 1    
460:  0.388 0.316 0.297 1    
461:  0.296 0.456 0.249 1    
462:  0.310 0.458 0.232 1    
463:  0.288 0.390 0.322 1    
464:  0.287 0.466 0.247 1    
465:  0.315 0.418 0.267 1    
466:  0.318 0.314 0.368 1    
467:  0.316 0.380 0.304 1    
468:  0.329 0.255 0.416 1    
469:  0.367 0.301 0.332 1    
470:  0.324 0.376 0.300 1    
471:  0.379 0.365 0.256 1    
472:  0.310 0.382 0.308 1    
473:  0.308 0.285 0.407 1    
474:  0.346 0.336 0.318 1    
475:  0.251 0.465 0.284 1    
476:  0.322 0.330 0.348 1    
477:  0.322 0.394 0.285 1    
478:  0.477 0.238 0.285 1    
479:  0.410 0.236 0.354 1    
480:  0.287 0.331 0.382 1    
481:  0.385 0.237 0.377 1    
482:  0.379 0.308 0.313 1    
483:  0.378 0.313 0.309 1    
484:  0.216 0.371 0.413 1    
485:  0.381 0.295 0.324 1    
486:  0.313 0.413 0.274 1    
487:  0.310 0.270 0.420 1    
488:  0.267 0.453 0.280 1    
489:  0.257 0.403 0.340 1    
490:  0.335 0.381 0.283 1    
491:  0.285 0.414 0.301 1    
492:  0.373 0.292 0.336 1    
493:  0.360 0.302 0.338 1    
494:  0.221 0.430 0.349 1    
495:  0.304 0.298 0.398 1    
496:  0.447 0.277 0.276 1    
497:  0.335 0.417 0.248 1    
498:  0.309 0.355 0.336 1    
499:  0.390 0.316 0.294 1    
500:  0.454 0.289 0.256 1    
501:  0.334 0.231 0.435 1    
502:  0.401 0.265 0.334 1    
503:  0.418 0.273 0.309 1    
504:  0.353 0.388 0.259 1    
505:  0.333 0.336 0.331 1    
506:  0.291 0.375 0.334 1    
507:  0.308 0.394 0.298 1    
508:  0.392 0.349 0.258 1    
509:  0.359 0.304 0.337 1    
510:  0.380 0.332 0.288 1    
511:  0.359 0.332 0.308 1    
512:  0.417 0.228 0.355 1    
513:  0.353 0.399 0.247 1    
514:  0.308 0.351 0.341 1    
515:  0.327 0.321 0.352 1    
516:  0.399 0.264 0.337 1    
517:  0.301 0.387 0.312 1    
518:  0.291 0.277 0.432 1    
519:  0.367 0.410 0.223 1    
520:  0.387 0.270 0.343 1    
521:  0.308 0.347 0.346 1    
522:  0.389 0.312 0.299 1    
523:  0.320 0.364 0.316 1    
524:  0.299 0.391 0.310 1    
525:  0.406 0.330 0.264 1    
526:  0.342 0.287 0.371 1    
527:  0.344 0.354 0.302 1    
528:  0.310 0.364 0.326 1    
529:  0.336 0.313 0.352 1    
530:  0.460 0.251 0.289 1    
531:  0.251 0.404 0.345 1    
532:  0.421 0.205 0.374 1    
533:  0.353 0.281 0.367 1    
534:  0.277 0.408 0.315 1    
535:  0.307 0.387 0.306 1    
536:  0.478 0.294 0.229 1    
537:  0.259 0.328 0.412 1    
538:  0.394 0.235 0.371 1    
539:  0.381 0.361 0.258 1    
540:  0.415 0.249 0.336 1    
541:  0.288 0.276 0.436 1    
542:  0.291 0.452 0.257 1    
543:  0.285 0.289 0.426 1    
544:  0.258 0.271 0.472 1    
545:  0.345 0.390 0.265 1    
546:  0.402 0.328 0.271 1    
547:  0.239 0.353 0.408 1    
548:  0.334 0.374 0.292 1    
549:  0.273 0.345 0.382 1    
550:  0.390 0.324 0.286 1    
551:  0.380 0.289 0.332 1    
552:  0.370 0.330 0.300 1    
553:  0.291 0.417 0.292 1    
554:  0.445 0.242 0.313 1    
555:  0.407 0.270 0.323 1    
556:  0.359 0.291 0.351 1    
557:  0.456 0.268 0.276 1    
558:  0.411 0.286 0.303 1    
559:  0.239 0.486 0.275 1    
560:  0.331 0.372 0.298 1    
561:  0.242 0.466 0.292 1    
562:  0.361 0.223 0.416 1    
563:  0.212 0.365 0.423 1    
564:  0.292 0.443 0.264 1    
565:  0.263 0.300 0.438 1    
566:  0.257 0.469 0.274 1    
567:  0.290 0.424 0.286 1    
568:  0.344 0.270 0.386 1    
569:  0.326 0.376 0.299 1    
570:  0.466 0.268 0.266 1    
571:  0.315 0.344 0.341 1    
572:  0.297 0.394 0.309 1    
573:  0.319 0.355 0.326 1    
574:  0.304 0.289 0.407 1    
575:  0.415 0.317 0.269 1    
576:  0.307 0.351 0.342 1    
577:  0.356 0.301 0.344 1    
578:  0.390 0.328 0.283 1    
579:  0.264 0.193 0.543 1    
580:  0.322 0.331 0.347 1    
581:  0.298 0.401 0.300 1    
582:  0.339 0.264 0.397 1    
583:  0.317 0.409 0.274 1    
584:  0.309 0.299 0.392 1    
585:  0.438 0.253 0.309 1    
586:  0.335 0.301 0.364 1    
587:  0.324 0.284 0.392 1    
              
              
1:    0.478 0.289 0.233 1    
2:    0.310 0.314 0.376 1    
3:    0.344 0.279 0.378 1    
4:    0.339 0.426 0.236 1    
5:    0.306 0.334 0.360 1    
6:    0.264 0.448 0.288 1    
7:    0.386 0.322 0.292 1    
8:    0.347 0.371 0.281 1    
9:    0.301 0.381 0.318 1    
10:   0.331 0.412 0.257 1    
11:   0.292 0.343 0.365 1    
12:   0.226 0.270 0.503 1    
13:   0.301 0.350 0.348 1    
14:   0.454 0.268 0.278 1    
15:   0.365 0.307 0.328 1    
16:   0.255 0.341 0.404 1    
17:   0.328 0.388 0.284 1    
18:   0.249 0.363 0.388 1    
19:   0.286 0.417 0.297 1    
20:   0.295 0.344 0.361 1    
21:   0.308 0.317 0.375 1    
22:   0.337 0.273 0.390 1    
23:   0.337 0.364 0.298 1    
24:   0.238 0.402 0.360 1    
25:   0.409 0.311 0.280 1    
26:   0.274 0.298 0.428 1    
27:   0.271 0.389 0.341 1    
28:   0.335 0.279 0.386 1    
29:   0.325 0.264 0.411 1    
30:   0.403 0.349 0.248 1    
31:   0.492 0.241 0.267 1    
32:   0.385 0.378 0.237 1    
33:   0.377 0.366 0.257 1    
34:   0.290 0.338 0.372 1    
35:   0.444 0.275 0.281 1    
36:   0.462 0.253 0.285 1    
37:   0.356 0.259 0.386 1    
38:   0.401 0.320 0.279 1    
39:   0.359 0.391 0.250 1    
40:   0.406 0.343 0.251 1    
41:   0.419 0.331 0.250 1    
42:   0.252 0.277 0.471 1    
43:   0.379 0.271 0.350 1    
44:   0.275 0.403 0.323 1    
45:   0.429 0.282 0.289 1    
46:   0.264 0.349 0.388 1    
47:   0.524 0.257 0.219 1    
48:   0.328 0.379 0.293 1    
49:   0.409 0.299 0.292 1    
50:   0.364 0.407 0.229 1    
51:   0.367 0.284 0.349 1    
52:   0.357 0.241 0.403 1    
53:   0.381 0.362 0.257 1    
54:   0.258 0.247 0.495 1    
55:   0.369 0.366 0.265 1    
56:   0.310 0.494 0.196 1    
57:   0.370 0.397 0.233 1    
58:   0.240 0.348 0.412 1    
59:   0.267 0.306 0.427 1    
60:   0.259 0.480 0.261 1    
61:   0.394 0.286 0.320 1    
62:   0.353 0.362 0.285 1    
63:   0.278 0.401 0.321 1    
64:   0.323 0.344 0.333 1    
65:   0.311 0.400 0.289 1    
66:   0.476 0.271 0.252 1    
67:   0.375 0.292 0.332 1    
68:   0.415 0.316 0.269 1    
69:   0.299 0.353 0.348 1    
70:   0.405 0.388 0.207 1    
71:   0.386 0.384 0.230 1    
72:   0.380 0.251 0.369 1    
73:   0.333 0.354 0.313 1    
74:   0.298 0.406 0.295 1    
75:   0.270 0.471 0.258 1    
76:   0.355 0.367 0.279 1    
77:   0.363 0.349 0.288 1    
78:   0.309 0.349 0.343 1    
79:   0.283 0.364 0.353 1    
80:   0.277 0.370 0.353 1    
81:   0.379 0.282 0.339 1    
82:   0.292 0.384 0.324 1    
83:   0.249 0.327 0.424 1    
84:   0.319 0.253 0.428 1    
85:   0.363 0.335 0.302 1    
86:   0.302 0.311 0.387 1    
87:   0.349 0.316 0.336 1    
88:   0.330 0.237 0.432 1    
89:   0.296 0.373 0.331 1    
90:   0.398 0.288 0.314 1    
91:   0.327 0.413 0.259 1    
92:   0.335 0.347 0.318 1    
93:   0.285 0.457 0.258 1    
94:   0.385 0.305 0.310 1    
95:   0.282 0.313 0.405 1    
96:   0.290 0.393 0.317 1    
97:   0.338 0.356 0.306 1    
98:   0.387 0.338 0.275 1    
99:   0.336 0.284 0.380 1    
100:  0.410 0.305 0.285 1    
101:  0.292 0.423 0.285 1    
102:  0.357 0.342 0.301 1    
103:  0.359 0.313 0.328 1    
104:  0.313 0.411 0.276 1    
105:  0.372 0.332 0.296 1    
106:  0.424 0.341 0.235 1    
107:  0.349 0.345 0.306 1    
108:  0.406 0.313 0.280 1    
109:  0.376 0.332 0.292 1    
110:  0.283 0.353 0.364 1    
111:  0.326 0.331 0.343 1    
112:  0.344 0.432 0.224 1    
113:  0.423 0.327 0.250 1    
114:  0.402 0.290 0.307 1    
115:  0.389 0.377 0.233 1    
116:  0.312 0.348 0.339 1    
117:  0.358 0.333 0.309 1    
118:  0.330 0.355 0.314 1    
119:  0.311 0.364 0.325 1    
120:  0.343 0.335 0.322 1    
121:  0.340 0.343 0.317 1    
122:  0.407 0.301 0.292 1    
123:  0.279 0.395 0.326 1    
124:  0.286 0.433 0.281 1    
125:  0.303 0.364 0.333 1    
126:  0.269 0.471 0.260 1    
127:  0.385 0.310 0.306 1    
128:  0.285 0.442 0.273 1    
129:  0.346 0.254 0.400 1    
130:  0.393 0.368 0.239 1    
131:  0.201 0.373 0.426 1    
132:  0.409 0.304 0.286 1    
133:  0.300 0.332 0.368 1    
134:  0.239 0.285 0.476 1    
135:  0.271 0.289 0.440 1    
136:  0.384 0.278 0.337 1    
137:  0.239 0.315 0.447 1    
138:  0.401 0.313 0.285 1    
139:  0.320 0.345 0.335 1    
140:  0.415 0.241 0.345 1    
141:  0.353 0.396 0.251 1    
142:  0.353 0.346 0.301 1    
143:  0.359 0.278 0.363 1    
144:  0.367 0.281 0.352 1    
145:  0.306 0.345 0.349 1    
146:  0.300 0.384 0.316 1    
147:  0.215 0.294 0.491 1    
148:  0.476 0.258 0.267 1    
149:  0.281 0.372 0.347 1    
150:  0.294 0.326 0.380 1    
151:  0.448 0.270 0.282 1    
152:  0.387 0.359 0.254 1    
153:  0.262 0.285 0.453 1    
154:  0.306 0.416 0.277 1    
155:  0.381 0.359 0.260 1    
156:  0.301 0.320 0.379 1    
157:  0.308 0.316 0.376 1    
158:  0.335 0.319 0.346 1    
159:  0.346 0.384 0.270 1    
160:  0.319 0.384 0.296 1    
161:  0.303 0.408 0.289 1    
162:  0.400 0.305 0.295 1    
163:  0.280 0.329 0.391 1    
164:  0.290 0.314 0.397 1    
165:  0.446 0.314 0.240 1    
166:  0.295 0.425 0.280 1    
167:  0.312 0.344 0.344 1    
168:  0.389 0.257 0.354 1    
169:  0.437 0.288 0.276 1    
170:  0.438 0.252 0.311 1    
171:  0.341 0.326 0.333 1    
172:  0.439 0.273 0.288 1    
173:  0.393 0.354 0.253 1    
174:  0.452 0.251 0.296 1    
175:  0.273 0.404 0.323 1    
176:  0.292 0.308 0.400 1    
177:  0.299 0.349 0.353 1    
178:  0.340 0.385 0.275 1    
179:  0.224 0.287 0.489 1    
180:  0.241 0.347 0.412 1    
181:  0.307 0.308 0.384 1    
182:  0.365 0.277 0.358 1    
183:  0.311 0.421 0.268 1    
184:  0.233 0.332 0.434 1    
185:  0.272 0.369 0.360 1    
186:  0.285 0.337 0.377 1    
187:  0.261 0.367 0.372 1    
188:  0.349 0.344 0.307 1    
189:  0.345 0.300 0.355 1    
190:  0.370 0.353 0.277 1    
191:  0.275 0.431 0.294 1    
192:  0.298 0.378 0.325 1    
193:  0.404 0.323 0.273 1    
194:  0.396 0.334 0.270 1    
195:  0.239 0.460 0.301 1    
196:  0.274 0.333 0.393 1    
197:  0.327 0.397 0.276 1    
198:  0.284 0.408 0.308 1    
199:  0.272 0.387 0.341 1    
200:  0.277 0.321 0.402 1    
201:  0.218 0.432 0.350 1    
202:  0.425 0.326 0.248 1    
203:  0.396 0.309 0.295 1    
204:  0.304 0.392 0.303 1    
205:  0.395 0.308 0.297 1    
206:  0.316 0.341 0.343 1    
207:  0.333 0.270 0.396 1    
208:  0.284 0.319 0.397 1    
209:  0.294 0.382 0.324 1    
210:  0.347 0.353 0.300 1    
211:  0.263 0.375 0.361 1    
212:  0.301 0.333 0.366 1    
213:  0.408 0.306 0.286 1    
214:  0.318 0.328 0.355 1    
215:  0.309 0.316 0.375 1    
216:  0.411 0.310 0.279 1    
217:  0.420 0.273 0.308 1    
218:  0.276 0.436 0.288 1    
219:  0.260 0.382 0.358 1    
220:  0.369 0.378 0.254 1    
221:  0.278 0.310 0.411 1    
222:  0.254 0.268 0.479 1    
223:  0.352 0.307 0.342 1    
224:  0.250 0.350 0.399 1    
225:  0.385 0.326 0.289 1    
226:  0.374 0.298 0.328 1    
227:  0.384 0.265 0.351 1    
228:  0.282 0.346 0.372 1    
229:  0.356 0.360 0.284 1    
230:  0.296 0.373 0.331 1    
231:  0.394 0.291 0.315 1    
232:  0.421 0.276 0.304 1    
233:  0.294 0.384 0.322 1    
234:  0.326 0.312 0.362 1    
235:  0.450 0.263 0.286 1    
236:  0.337 0.387 0.276 1    
237:  0.286 0.389 0.324 1    
238:  0.273 0.374 0.353 1    
239:  0.368 0.269 0.362 1    
240:  0.241 0.283 0.476 1    
241:  0.319 0.292 0.389 1    
242:  0.274 0.292 0.434 1    
243:  0.328 0.275 0.397 1    
244:  0.365 0.274 0.361 1    
245:  0.357 0.371 0.272 1    
246:  0.290 0.336 0.374 1    
247:  0.272 0.314 0.414 1    
248:  0.307 0.259 0.434 1    
249:  0.291 0.312 0.397 1    
250:  0.260 0.374 0.367 1    
251:  0.370 0.348 0.282 1    
252:  0.365 0.367 0.267 1    
253:  0.314 0.404 0.282 1    
254:  0.245 0.385 0.370 1    
255:  0.364 0.359 0.277 1    
256:  0.314 0.339 0.348 1    
257:  0.302 0.361 0.337 1    
258:  0.439 0.285 0.276 1    
259:  0.332 0.271 0.398 1    
260:  0.292 0.356 0.352 1    
261:  0.378 0.344 0.277 1    
262:  0.288 0.283 0.428 1    
263:  0.362 0.279 0.359 1    
264:  0.337 0.363 0.301 1    
265:  0.345 0.310 0.345 1    
266:  0.303 0.325 0.372 1    
267:  0.291 0.365 0.344 1    
268:  0.265 0.342 0.393 1    
269:  0.326 0.351 0.324 1    
270:  0.360 0.332 0.308 1    
271:  0.358 0.269 0.374 1    
272:  0.295 0.298 0.406 1    
273:  0.239 0.348 0.413 1    
274:  0.408 0.334 0.258 1    
275:  0.247 0.400 0.353 1    
276:  0.356 0.241 0.403 1    
277:  0.262 0.392 0.346 1    
278:  0.320 0.371 0.309 1    
279:  0.323 0.356 0.321 1    
280:  0.352 0.361 0.287 1    
281:  0.337 0.316 0.347 1    
282:  0.296 0.338 0.367 1    
283:  0.400 0.329 0.271 1    
284:  0.338 0.280 0.382 1    
285:  0.264 0.436 0.300 1    
286:  0.393 0.369 0.237 1    
287:  0.325 0.371 0.304 1    
288:  0.342 0.340 0.318 1    
289:  0.435 0.304 0.262 1    
290:  0.399 0.363 0.238 1    
291:  0.373 0.352 0.275 1    
292:  0.369 0.317 0.315 1    
293:  0.321 0.331 0.348 1    
294:  0.413 0.309 0.278 1    
295:  0.338 0.350 0.312 1    
296:  0.375 0.292 0.333 1    
297:  0.258 0.433 0.309 1    
298:  0.326 0.370 0.304 1    
299:  0.279 0.368 0.353 1    
300:  0.268 0.331 0.402 1    
301:  0.383 0.292 0.325 1    
302:  0.301 0.360 0.338 1    
303:  0.440 0.260 0.300 1    
304:  0.317 0.403 0.280 1    
305:  0.329 0.259 0.412 1    
306:  0.365 0.343 0.292 1    
307:  0.313 0.271 0.415 1    
308:  0.379 0.303 0.318 1    
309:  0.331 0.288 0.381 1    
310:  0.409 0.290 0.301 1    
311:  0.234 0.433 0.333 1    
312:  0.327 0.291 0.383 1    
313:  0.376 0.304 0.320 1    
314:  0.365 0.393 0.242 1    
315:  0.250 0.436 0.313 1    
316:  0.303 0.314 0.383 1    
317:  0.419 0.265 0.316 1    
318:  0.273 0.301 0.427 1    
319:  0.399 0.252 0.349 1    
320:  0.374 0.291 0.335 1    
321:  0.280 0.329 0.391 1    
322:  0.333 0.289 0.378 1    
323:  0.381 0.336 0.283 1    
324:  0.346 0.334 0.320 1    
325:  0.253 0.399 0.347 1    
326:  0.373 0.330 0.296 1    
327:  0.382 0.340 0.278 1    
328:  0.357 0.311 0.332 1    
329:  0.275 0.436 0.288 1    
330:  0.246 0.283 0.471 1    
331:  0.298 0.324 0.378 1    
332:  0.358 0.271 0.371 1    
333:  0.376 0.363 0.261 1    
334:  0.356 0.385 0.259 1    
335:  0.359 0.291 0.350 1    
336:  0.408 0.312 0.280 1    
337:  0.325 0.371 0.304 1    
338:  0.365 0.283 0.352 1    
339:  0.221 0.360 0.419 1    
340:  0.315 0.338 0.346 1    
341:  0.255 0.296 0.449 1    
342:  0.316 0.410 0.274 1    
343:  0.277 0.435 0.289 1    
344:  0.277 0.292 0.431 1    
345:  0.430 0.288 0.282 1    
346:  0.339 0.258 0.403 1    
347:  0.227 0.299 0.474 1    
348:  0.256 0.313 0.431 1    
349:  0.305 0.241 0.454 1    
350:  0.420 0.322 0.258 1    
351:  0.323 0.292 0.385 1    
352:  0.443 0.305 0.252 1    
353:  0.370 0.320 0.310 1    
354:  0.462 0.279 0.259 1    
355:  0.348 0.316 0.336 1    
356:  0.338 0.448 0.214 1    
357:  0.258 0.395 0.347 1    
358:  0.389 0.265 0.346 1    
359:  0.319 0.371 0.310 1    
360:  0.293 0.297 0.410 1    
361:  0.345 0.429 0.227 1    
362:  0.249 0.349 0.402 1    
363:  0.350 0.341 0.309 1    
364:  0.392 0.290 0.318 1    
365:  0.313 0.300 0.387 1    
366:  0.380 0.285 0.335 1    
367:  0.318 0.362 0.320 1    
368:  0.277 0.285 0.438 1    
369:  0.269 0.386 0.345 1    
370:  0.348 0.348 0.304 1    
371:  0.368 0.250 0.383 1    
372:  0.329 0.334 0.337 1    
373:  0.273 0.289 0.438 1    
374:  0.384 0.388 0.227 1    
375:  0.464 0.271 0.266 1    
376:  0.351 0.347 0.302 1    
377:  0.481 0.262 0.256 1    
378:  0.382 0.251 0.367 1    
379:  0.297 0.269 0.434 1    
380:  0.369 0.298 0.333 1    
381:  0.328 0.280 0.392 1    
382:  0.315 0.357 0.328 1    
383:  0.355 0.305 0.341 1    
384:  0.221 0.363 0.415 1    
385:  0.288 0.385 0.327 1    
386:  0.356 0.316 0.328 1    
387:  0.338 0.309 0.354 1    
388:  0.356 0.365 0.280 1    
389:  0.357 0.350 0.293 1    
390:  0.422 0.294 0.284 1    
391:  0.290 0.393 0.318 1    
392:  0.412 0.293 0.294 1    
393:  0.317 0.370 0.313 1    
394:  0.424 0.369 0.207 1    
395:  0.263 0.387 0.350 1    
396:  0.320 0.311 0.369 1    
397:  0.221 0.357 0.422 1    
398:  0.337 0.353 0.310 1    
399:  0.350 0.323 0.326 1    
400:  0.390 0.264 0.346 1    
401:  0.342 0.317 0.341 1    
402:  0.352 0.343 0.305 1    
403:  0.306 0.415 0.280 1    
404:  0.227 0.494 0.279 1    
405:  0.475 0.305 0.220 1    
406:  0.293 0.406 0.301 1    
407:  0.259 0.302 0.440 1    
408:  0.305 0.341 0.355 1    
409:  0.233 0.319 0.448 1    
410:  0.402 0.302 0.296 1    
411:  0.269 0.335 0.396 1    
412:  0.448 0.266 0.286 1    
413:  0.244 0.290 0.465 1    
414:  0.269 0.393 0.338 1    
415:  0.399 0.288 0.312 1    
416:  0.275 0.342 0.382 1    
417:  0.425 0.326 0.249 1    
418:  0.291 0.355 0.354 1    
419:  0.332 0.342 0.326 1    
420:  0.280 0.277 0.443 1    
421:  0.303 0.294 0.403 1    
422:  0.363 0.352 0.285 1    
423:  0.350 0.395 0.255 1    
424:  0.300 0.368 0.332 1    
425:  0.447 0.326 0.227 1    
426:  0.263 0.391 0.346 1    
427:  0.270 0.375 0.355 1    
428:  0.312 0.348 0.340 1    
429:  0.301 0.338 0.360 1    
430:  0.361 0.384 0.255 1    
431:  0.290 0.418 0.292 1    
432:  0.323 0.365 0.312 1    
433:  0.385 0.260 0.355 1    
434:  0.222 0.289 0.489 1    
435:  0.331 0.362 0.308 1    
436:  0.294 0.336 0.371 1    
437:  0.314 0.412 0.274 1    
438:  0.317 0.291 0.391 1    
439:  0.311 0.294 0.394 1    
440:  0.357 0.276 0.367 1    
441:  0.295 0.318 0.387 1    
442:  0.301 0.294 0.404 1    
443:  0.431 0.307 0.263 1    
444:  0.327 0.316 0.358 1    
445:  0.323 0.358 0.319 1    
446:  0.360 0.315 0.324 1    
447:  0.320 0.353 0.326 1    
448:  0.412 0.291 0.297 1    
449:  0.391 0.277 0.332 1    
450:  0.304 0.342 0.354 1    
451:  0.297 0.350 0.353 1    
452:  0.373 0.327 0.299 1    
453:  0.264 0.303 0.434 1    
454:  0.256 0.304 0.440 1    
455:  0.346 0.301 0.354 1    
456:  0.332 0.345 0.323 1    
457:  0.312 0.305 0.383 1    
458:  0.304 0.339 0.357 1    
459:  0.327 0.254 0.419 1    
460:  0.365 0.304 0.330 1    
461:  0.393 0.250 0.357 1    
462:  0.286 0.252 0.462 1    
463:  0.275 0.312 0.413 1    
464:  0.309 0.269 0.422 1    
465:  0.308 0.272 0.420 1    
466:  0.309 0.363 0.328 1    
467:  0.301 0.309 0.390 1    
468:  0.390 0.385 0.225 1    
469:  0.295 0.336 0.370 1    
470:  0.295 0.311 0.394 1    
471:  0.385 0.274 0.341 1    
472:  0.320 0.302 0.378 1    
473:  0.326 0.382 0.293 1    
474:  0.327 0.328 0.344 1    
475:  0.244 0.287 0.469 1    
476:  0.369 0.331 0.300 1    
477:  0.257 0.299 0.444 1    
478:  0.485 0.288 0.227 1    
479:  0.425 0.337 0.238 1    
480:  0.339 0.365 0.296 1    
481:  0.361 0.386 0.254 1    
482:  0.376 0.312 0.312 1    
483:  0.353 0.314 0.334 1    
484:  0.211 0.397 0.392 1    
485:  0.456 0.319 0.225 1    
486:  0.248 0.270 0.482 1    
487:  0.381 0.364 0.255 1    
488:  0.280 0.285 0.434 1    
489:  0.217 0.351 0.432 1    
490:  0.357 0.291 0.352 1    
491:  0.293 0.313 0.394 1    
492:  0.352 0.351 0.297 1    
493:  0.315 0.345 0.340 1    
494:  0.293 0.359 0.348 1    
495:  0.353 0.383 0.264 1    
496:  0.448 0.271 0.281 1    
497:  0.363 0.261 0.376 1    
498:  0.356 0.326 0.318 1    
499:  0.361 0.302 0.338 1    
500:  0.433 0.263 0.304 1    
501:  0.308 0.424 0.268 1    
502:  0.330 0.366 0.305 1    
503:  0.407 0.307 0.286 1    
504:  0.405 0.263 0.332 1    
505:  0.334 0.347 0.319 1    
506:  0.335 0.327 0.338 1    
507:  0.330 0.295 0.375 1    
508:  0.358 0.272 0.370 1    
509:  0.287 0.356 0.357 1    
510:  0.359 0.283 0.358 1    
511:  0.384 0.314 0.301 1    
512:  0.392 0.360 0.247 1    
513:  0.308 0.263 0.429 1    
514:  0.284 0.352 0.364 1    
515:  0.328 0.372 0.300 1    
516:  0.380 0.345 0.275 1    
517:  0.310 0.313 0.378 1    
518:  0.277 0.392 0.331 1    
519:  0.354 0.247 0.399 1    
520:  0.362 0.333 0.305 1    
521:  0.335 0.330 0.335 1    
522:  0.325 0.325 0.351 1    
523:  0.328 0.314 0.358 1    
524:  0.316 0.296 0.388 1    
525:  0.445 0.272 0.283 1    
526:  0.350 0.360 0.290 1    
527:  0.344 0.293 0.363 1    
528:  0.283 0.322 0.395 1    
529:  0.341 0.347 0.311 1    
530:  0.461 0.293 0.246 1    
531:  0.264 0.333 0.403 1    
532:  0.425 0.363 0.212 1    
533:  0.334 0.368 0.297 1    
534:  0.224 0.304 0.472 1    
535:  0.269 0.308 0.422 1    
536:  0.446 0.257 0.296 1    
537:  0.244 0.411 0.346 1    
538:  0.333 0.403 0.264 1    
539:  0.448 0.263 0.290 1    
540:  0.402 0.332 0.266 1    
541:  0.236 0.422 0.342 1    
542:  0.317 0.271 0.413 1    
543:  0.366 0.385 0.249 1    
544:  0.326 0.436 0.238 1    
545:  0.298 0.297 0.405 1    
546:  0.396 0.280 0.324 1    
547:  0.195 0.384 0.422 1    
548:  0.269 0.303 0.428 1    
549:  0.253 0.381 0.365 1    
550:  0.427 0.294 0.280 1    
551:  0.431 0.312 0.256 1    
552:  0.327 0.308 0.364 1    
553:  0.271 0.296 0.433 1    
554:  0.414 0.328 0.258 1    
555:  0.354 0.355 0.291 1    
556:  0.339 0.336 0.325 1    
557:  0.413 0.297 0.289 1    
558:  0.430 0.303 0.267 1    
559:  0.229 0.281 0.490 1    
560:  0.336 0.305 0.359 1    
561:  0.243 0.291 0.467 1    
562:  0.412 0.366 0.222 1    
563:  0.206 0.413 0.381 1    
564:  0.279 0.264 0.456 1    
565:  0.266 0.408 0.326 1    
566:  0.243 0.289 0.468 1    
567:  0.354 0.300 0.346 1    
568:  0.388 0.362 0.250 1    
569:  0.293 0.319 0.389 1    
570:  0.496 0.276 0.228 1    
571:  0.304 0.334 0.363 1    
572:  0.249 0.301 0.450 1    
573:  0.362 0.308 0.331 1    
574:  0.284 0.396 0.320 1    
575:  0.416 0.280 0.304 1    
576:  0.278 0.339 0.383 1    
577:  0.348 0.338 0.314 1    
578:  0.383 0.301 0.316 1    
579:  0.285 0.515 0.200 1    
580:  0.321 0.327 0.352 1    
581:  0.264 0.298 0.438 1    
582:  0.317 0.382 0.302 1    
583:  0.248 0.267 0.485 1    
584:  0.334 0.371 0.295 1    
585:  0.306 0.355 0.339 1    
586:  0.300 0.352 0.348 1    
587:  0.262 0.381 0.357 1    
              
              
1:    0.415 0.348 0.237 1    
2:    0.372 0.274 0.353 1    
3:    0.330 0.215 0.456 1    
4:    0.278 0.529 0.193 1    
5:    0.179 0.356 0.465 1    
6:    0.255 0.562 0.183 1    
7:    0.482 0.286 0.232 1    
8:    0.345 0.407 0.248 1    
9:    0.408 0.377 0.215 1    
10:   0.293 0.531 0.175 1    
11:   0.347 0.262 0.391 1    
12:   0.143 0.162 0.695 1    
13:   0.302 0.328 0.369 1    
14:   0.457 0.274 0.269 1    
15:   0.317 0.303 0.380 1    
16:   0.187 0.263 0.550 1    
17:   0.264 0.479 0.256 1    
18:   0.201 0.382 0.417 1    
19:   0.307 0.498 0.196 1    
20:   0.250 0.360 0.389 1    
21:   0.300 0.228 0.472 1    
22:   0.296 0.225 0.478 1    
23:   0.259 0.402 0.339 1    
24:   0.273 0.476 0.251 1    
25:   0.496 0.279 0.225 1    
26:   0.212 0.266 0.521 1    
27:   0.253 0.431 0.316 1    
28:   0.370 0.237 0.392 1    
29:   0.219 0.207 0.574 1    
30:   0.455 0.333 0.212 1    
31:   0.453 0.217 0.330 1    
32:   0.290 0.485 0.224 1    
33:   0.281 0.465 0.253 1    
34:   0.344 0.341 0.315 1    
35:   0.458 0.251 0.291 1    
36:   0.498 0.224 0.278 1    
37:   0.329 0.235 0.436 1    
38:   0.427 0.270 0.303 1    
39:   0.371 0.419 0.209 1    
40:   0.467 0.355 0.178 1    
41:   0.322 0.408 0.270 1    
42:   0.175 0.172 0.654 1    
43:   0.392 0.216 0.392 1    
44:   0.287 0.503 0.210 1    
45:   0.340 0.210 0.451 1    
46:   0.267 0.365 0.368 1    
47:   0.559 0.238 0.204 1    
48:   0.323 0.441 0.235 1    
49:   0.562 0.259 0.179 1    
50:   0.358 0.455 0.187 1    
51:   0.503 0.230 0.267 1    
52:   0.270 0.169 0.561 1    
53:   0.363 0.420 0.217 1    
54:   0.217 0.170 0.613 1    
55:   0.239 0.454 0.307 1    
56:   0.290 0.601 0.108 1    
57:   0.271 0.536 0.194 1    
58:   0.173 0.287 0.540 1    
59:   0.217 0.262 0.521 1    
60:   0.191 0.618 0.192 1    
61:   0.423 0.248 0.329 1    
62:   0.341 0.403 0.255 1    
63:   0.288 0.470 0.242 1    
64:   0.322 0.365 0.313 1    
65:   0.342 0.414 0.243 1    
66:   0.530 0.258 0.211 1    
67:   0.527 0.242 0.232 1    
68:   0.504 0.310 0.186 1    
69:   0.274 0.378 0.348 1    
70:   0.386 0.487 0.126 1    
71:   0.357 0.460 0.184 1    
72:   0.353 0.214 0.433 1    
73:   0.231 0.432 0.338 1    
74:   0.275 0.455 0.271 1    
75:   0.287 0.552 0.161 1    
76:   0.362 0.439 0.198 1    
77:   0.378 0.374 0.248 1    
78:   0.280 0.389 0.331 1    
79:   0.355 0.339 0.306 1    
80:   0.346 0.345 0.309 1    
81:   0.412 0.255 0.333 1    
82:   0.256 0.409 0.335 1    
83:   0.194 0.253 0.553 1    
84:   0.436 0.188 0.376 1    
85:   0.389 0.323 0.288 1    
86:   0.377 0.306 0.317 1    
87:   0.424 0.274 0.303 1    
88:   0.278 0.158 0.565 1    
89:   0.291 0.431 0.278 1    
90:   0.307 0.328 0.365 1    
91:   0.295 0.522 0.183 1    
92:   0.282 0.417 0.301 1    
93:   0.218 0.588 0.194 1    
94:   0.418 0.286 0.296 1    
95:   0.215 0.267 0.518 1    
96:   0.369 0.380 0.251 1    
97:   0.434 0.368 0.199 1    
98:   0.393 0.383 0.224 1    
99:   0.209 0.188 0.603 1    
100:  0.345 0.341 0.314 1    
101:  0.296 0.516 0.189 1    
102:  0.384 0.370 0.246 1    
103:  0.429 0.270 0.301 1    
104:  0.218 0.511 0.271 1    
105:  0.339 0.340 0.322 1    
106:  0.361 0.377 0.261 1    
107:  0.331 0.359 0.311 1    
108:  0.413 0.256 0.332 1    
109:  0.331 0.366 0.304 1    
110:  0.268 0.367 0.365 1    
111:  0.350 0.288 0.362 1    
112:  0.311 0.535 0.154 1    
113:  0.491 0.329 0.179 1    
114:  0.450 0.267 0.283 1    
115:  0.373 0.442 0.184 1    
116:  0.231 0.322 0.448 1    
117:  0.379 0.363 0.258 1    
118:  0.241 0.414 0.345 1    
119:  0.258 0.424 0.318 1    
120:  0.262 0.395 0.343 1    
121:  0.482 0.289 0.229 1    
122:  0.495 0.300 0.205 1    
123:  0.190 0.433 0.377 1    
124:  0.266 0.488 0.246 1    
125:  0.218 0.312 0.469 1    
126:  0.290 0.545 0.165 1    
127:  0.423 0.263 0.314 1    
128:  0.278 0.411 0.311 1    
129:  0.235 0.156 0.609 1    
130:  0.246 0.500 0.254 1    
131:  0.178 0.320 0.502 1    
132:  0.381 0.313 0.306 1    
133:  0.372 0.295 0.333 1    
134:  0.150 0.167 0.683 1    
135:  0.254 0.262 0.483 1    
136:  0.265 0.173 0.562 1    
137:  0.189 0.247 0.564 1    
138:  0.507 0.254 0.238 1    
139:  0.421 0.293 0.286 1    
140:  0.340 0.182 0.479 1    
141:  0.262 0.483 0.255 1    
142:  0.346 0.398 0.256 1    
143:  0.418 0.258 0.324 1    
144:  0.361 0.234 0.406 1    
145:  0.281 0.375 0.344 1    
146:  0.352 0.387 0.261 1    
147:  0.263 0.261 0.475 1    
148:  0.583 0.192 0.225 1    
149:  0.288 0.384 0.329 1    
150:  0.308 0.318 0.374 1    
151:  0.451 0.284 0.265 1    
152:  0.441 0.361 0.198 1    
153:  0.157 0.154 0.690 1    
154:  0.220 0.557 0.223 1    
155:  0.456 0.330 0.214 1    
156:  0.308 0.284 0.408 1    
157:  0.370 0.304 0.326 1    
