      H008.9  2 0.0080 0.3871 0.1498 0.2021 0.1287 0.1245 
 H029.5_2002  2 0.0089 0.1353 0.1153 0.4300 0.2077 0.1027 
 H029.5_2003  2 0.0055 0.0956 0.1318 0.3296 0.1849 0.2526 
      H030.1  2 0.0328 0.0221 0.3079 0.0573 0.3751 0.2048 
      H038.4  2 0.0108 0.1141 0.1093 0.4642 0.1695 0.1321 
      H041.2  2 0.0094 0.2149 0.1205 0.3295 0.2387 0.0870 
 H042.3_2003  2 0.0125 0.2123 0.1998 0.1500 0.2578 0.1676 
 H042.4_2002  2 0.0470 0.3756 0.1411 0.1116 0.1870 0.1378 
   H042_2002  2 0.0071 0.6186 0.0527 0.1830 0.0793 0.0592 
   H042_2003  2 0.0070 0.6315 0.0525 0.1777 0.0717 0.0596 
      H043.7  2 0.0069 0.1191 0.2154 0.3959 0.1067 0.1560 
      H047.6  2 0.0146 0.1965 0.0851 0.4226 0.1189 0.1623 
 H071.1_2003  2 0.0044 0.0891 0.2612 0.1609 0.3209 0.1635 
 H071.5_2002  2 0.0154 0.0660 0.2070 0.2552 0.2623 0.1941 
 H081.3_2003  2 0.0187 0.1127 0.2605 0.1941 0.1475 0.2664 
      H081.7  2 0.0090 0.0696 0.1664 0.3154 0.2890 0.1507 
      H083.1  2 0.0146 0.0323 0.2395 0.1578 0.3168 0.2390 
      H084.5  2 0.0586 0.1242 0.2452 0.1842 0.1330 0.2549 
 H085.1_2003  2 0.0112 0.0282 0.2434 0.1609 0.4377 0.1187 
 H085.5_2002  2 0.0139 0.0988 0.1974 0.1695 0.4028 0.1176 
      H088.7  2 0.0118 0.2752 0.1291 0.2101 0.2016 0.1722 
      H091.1  2 0.0067 0.0131 0.2647 0.0200 0.6505 0.0450 
      H109.6  2 0.0338 0.2187 0.1975 0.3305 0.0483 0.1712 
      H126.2  2 0.0108 0.0761 0.2370 0.1946 0.1863 0.2952 
      H130.3  2 0.0138 0.0493 0.3031 0.0783 0.1872 0.3683 
      H133.1  2 0.0093 0.0981 0.1527 0.4164 0.1264 0.1970 
      H147.4  2 0.0074 0.0275 0.2458 0.2099 0.4369 0.0725 
      H148.6  2 0.0338 0.3995 0.0964 0.1864 0.1263 0.1577 
   H166022.2  2 0.0420 0.0711 0.2705 0.0835 0.3534 0.1796 
   H167397.3  2 0.0123 0.1045 0.0929 0.4858 0.0804 0.2242 
   H167496.6  2 0.0074 0.0436 0.3122 0.0354 0.5093 0.0921 
   H167513.8  2 0.0364 0.1424 0.1569 0.3744 0.0741 0.2158 
   H167547.4  2 0.0232 0.0331 0.3108 0.1093 0.3145 0.2091 
   H169750.2  2 0.0085 0.1360 0.2874 0.1199 0.2976 0.1506 
   H171929.2  2 0.1307 0.1234 0.1759 0.1809 0.1661 0.2230 
   H171930.8  2 0.0247 0.2466 0.1902 0.0950 0.1396 0.3039 
   H171933.7  2 0.0110 0.0568 0.2749 0.0986 0.4088 0.1499 
      H190.6  2 0.2976 0.1782 0.1203 0.1073 0.1421 0.1545 
      H400.4  2 0.0126 0.0875 0.2277 0.1197 0.3668 0.1858 
 H428.2_2006  2 0.0250 0.0524 0.2574 0.1502 0.2473 0.2678 
 H428.6_2005  2 0.0206 0.1013 0.1731 0.1584 0.3529 0.1938 
      H453.3  2 0.0116 0.0269 0.2631 0.0461 0.4382 0.2140 
     H512.10  2 0.0073 0.0563 0.2062 0.1886 0.1543 0.3873 
      H513.2  2 0.0149 0.0656 0.1863 0.1288 0.3831 0.2213 
      H532.3  2 0.0811 0.0587 0.2645 0.0808 0.3098 0.2050 
      H543.8  2 0.0103 0.1163 0.1394 0.4516 0.0973 0.1852 
 H545.1_2005  2 0.0049 0.1384 0.0388 0.6474 0.0848 0.0857 
 H545.3_2006  2 0.0055 0.1405 0.0427 0.6412 0.1023 0.0678 
      H547.7  2 0.0171 0.0169 0.3602 0.0450 0.4610 0.0998 
      H548.3  2 0.0045 0.1370 0.0662 0.5880 0.0789 0.1255 
     H7389.1  2 0.0088 0.1438 0.1689 0.0910 0.3732 0.2144 
      H747.2  2 0.2609 0.0961 0.1653 0.1012 0.1513 0.2252 
     H7484.8  2 0.0149 0.1597 0.1761 0.1605 0.2779 0.2109 
     H7485.6  2 0.0108 0.1399 0.0893 0.5880 0.0409 0.1311 
     H7496.6  2 0.0077 0.0223 0.2877 0.0215 0.6135 0.0473 
        UNK9  2 0.0117 0.0471 0.1893 0.1290 0.4284 0.1945 
      H009.6  4 0.0055 0.5291 0.1095 0.1972 0.0562 0.1025 
      H046.4  4 0.0332 0.1787 0.2229 0.1790 0.1515 0.2347 
 H076.2_2004  4 0.1713 0.1541 0.1749 0.0728 0.2219 0.2049 
 H076.5_2002  4 0.0153 0.4889 0.1558 0.0768 0.0822 0.1810 
 H076.6_2003  4 0.0057 0.7698 0.0367 0.1199 0.0253 0.0426 
      H477.6  4 0.0161 0.0482 0.2355 0.1411 0.3643 0.1948 
 H479.4_2006  4 0.0089 0.0457 0.2464 0.0991 0.4183 0.1816 
 H479.8_2005  4 0.0084 0.0421 0.2529 0.1283 0.4233 0.1450 
      H516.4  4 0.0349 0.1097 0.2093 0.2308 0.0902 0.3251 
      H646.2  4 0.0154 0.0388 0.2232 0.0567 0.1308 0.5351 
      H658.6  4 0.0165 0.0599 0.3389 0.1193 0.1968 0.2685 
      H682.1  4 0.0208 0.1075 0.2420 0.1320 0.3385 0.1591 
      H720.4  4 0.0397 0.1419 0.2160 0.1185 0.1802 0.3037 
      H724.6  4 0.0079 0.7262 0.0339 0.1417 0.0391 0.0512 
      H725.5  4 0.0129 0.0202 0.2932 0.0229 0.6021 0.0485 
      H726.2  4 0.1179 0.0836 0.3182 0.0764 0.1591 0.2447 
      H016.4  5 0.0068 0.0820 0.1663 0.2179 0.2248 0.3022 
 H017.1_2002  5 0.0443 0.1470 0.2554 0.2099 0.0910 0.2524 
 H017.5_2003  5 0.0075 0.0722 0.2297 0.2900 0.1198 0.2807 
      H032.3  5 0.0094 0.0768 0.2229 0.2626 0.2137 0.2147 
 H034.4_2002  5 0.0155 0.6892 0.0388 0.1793 0.0316 0.0455 
 H034.5_2003  5 0.0169 0.1809 0.1837 0.2792 0.1315 0.2078 
      H048.4  5 0.0171 0.1191 0.1979 0.1824 0.2724 0.2111 
      H060.1  5 0.0063 0.1491 0.1567 0.4222 0.0929 0.1728 
 H070.3_2002  5 0.0080 0.5305 0.0939 0.2715 0.0352 0.0609 
 H070.4_2004  5 0.0075 0.5409 0.0698 0.2453 0.0838 0.0527 
 H070.5_2003  5 0.0044 0.5864 0.0549 0.2786 0.0392 0.0365 
      H077.4  5 0.0184 0.0887 0.2625 0.2543 0.1534 0.2227 
      H097.6  5 0.0102 0.0289 0.3517 0.0766 0.3748 0.1578 
      H124.5  5 0.0087 0.1150 0.1941 0.2641 0.1867 0.2314 
      H132.5  5 0.0083 0.1742 0.1603 0.2338 0.2050 0.2184 
      H155.7  5 0.0239 0.5676 0.0820 0.1572 0.0962 0.0730 
      H169.2  5 0.0117 0.0624 0.2351 0.2978 0.1110 0.2820 
      H457.8  5 0.0145 0.0394 0.2789 0.1237 0.1958 0.3477 
      H462.4  5 0.0494 0.4881 0.0708 0.2500 0.0467 0.0950 
      H481.8  5 0.0121 0.1780 0.2590 0.1567 0.2303 0.1640 
      H509.4  5 0.0222 0.2239 0.2270 0.0788 0.3119 0.1363 
      H567.2  5 0.0122 0.5358 0.0924 0.1615 0.1189 0.0791 
      H608.4  5 0.0081 0.0668 0.2829 0.1858 0.2315 0.2249 
      H615.4  5 0.0111 0.1700 0.2511 0.2046 0.1449 0.2182 
      H635.4  5 0.0551 0.1039 0.1675 0.2793 0.1355 0.2586 
      H728.5  5 0.0162 0.1080 0.2387 0.2961 0.0728 0.2683 
 H7395.1_200  5 0.0907 0.0973 0.2161 0.1176 0.2028 0.2755 
     H7395.5  5 0.0210 0.0664 0.2229 0.2055 0.0960 0.3882 
      H742.2  5 0.0290 0.2107 0.2277 0.1584 0.1621 0.2122 
      H958.3  5 0.0096 0.2181 0.2547 0.1014 0.2373 0.1789 
      H452.9 10 0.0044 0.6999 0.0427 0.1504 0.0383 0.0643 
      H473.5 10 0.0038 0.0820 0.2253 0.2903 0.1964 0.2022 
      H487.5 10 0.0687 0.7190 0.0279 0.1258 0.0273 0.0314 
     H703.10 10 0.0221 0.0463 0.2297 0.1266 0.3127 0.2626 
      H705.2 10 0.0147 0.1357 0.1992 0.1034 0.3060 0.2410 
     H7352.5 10 0.0184 0.1325 0.1319 0.3963 0.1252 0.1956 
     H7354.1 10 0.0590 0.0651 0.2010 0.1918 0.1736 0.3095 
     H7359.1 10 0.0398 0.1577 0.2265 0.2753 0.1038 0.1969 
      H909.8 10 0.1024 0.1934 0.1590 0.1728 0.1943 0.1779 
     H9555.3 10 0.0287 0.7428 0.0262 0.1506 0.0158 0.0359 
     H9703.4 10 0.4491 0.0567 0.1459 0.0524 0.1669 0.1290 
     H9707.6 10 0.0145 0.1253 0.2179 0.1014 0.3500 0.1909 
     HSAA4.2 10 0.1148 0.6427 0.0356 0.0997 0.0385 0.0687 
   saaRTON.1 10 0.9685 0.0055 0.0075 0.0052 0.0070 0.0062 
  saaRTON.10 10 0.9337 0.0155 0.0131 0.0127 0.0115 0.0135 
   saaRTON.2 10 0.9714 0.0064 0.0054 0.0047 0.0063 0.0059 
   saaRTON.3 10 0.9539 0.0084 0.0096 0.0116 0.0071 0.0095 
   saaRTON.4 10 0.9731 0.0063 0.0052 0.0049 0.0045 0.0060 
   saaRTON.5 10 0.9709 0.0060 0.0056 0.0050 0.0065 0.0061 
   saaRTON.6 10 0.9634 0.0079 0.0077 0.0056 0.0072 0.0081 
   saaRTON.7 10 0.9451 0.0112 0.0093 0.0113 0.0127 0.0104 
   saaRTON.8 10 0.9697 0.0061 0.0058 0.0064 0.0063 0.0056 
   saaRTON.9 10 0.9793 0.0043 0.0038 0.0038 0.0040 0.0049 
      H005.8 11 0.0152 0.1108 0.2262 0.2745 0.1637 0.2097 
      H031.2 11 0.0187 0.2326 0.2205 0.1259 0.1830 0.2193 
      H136.1 11 0.0122 0.1048 0.2402 0.1505 0.1919 0.3003 
      H153.4 11 0.0820 0.1078 0.2418 0.1483 0.1236 0.2965 
      H167.1 11 0.0055 0.0976 0.1893 0.1965 0.2058 0.3054 
      H173.1 11 0.0119 0.0501 0.2074 0.1398 0.3744 0.2164 
 H194.8_2003 11 0.0507 0.6370 0.0546 0.1570 0.0376 0.0631 
      H196.6 11 0.0152 0.7707 0.0154 0.1407 0.0299 0.0281 
 H356.5_2002 11 0.0203 0.0449 0.2240 0.0767 0.1740 0.4601 
 H356.6_2001 11 0.1242 0.0273 0.3368 0.0400 0.2721 0.1996 
      H360.6 11 0.0134 0.1050 0.2944 0.0917 0.2936 0.2018 
 H369.1_2001 11 0.0077 0.4031 0.0956 0.2466 0.1311 0.1160 
      H369.4 11 0.0137 0.0965 0.2784 0.1789 0.2743 0.1582 
      H374.3 11 0.0171 0.0510 0.2961 0.2251 0.0855 0.3253 
      H376.1 11 0.0102 0.1129 0.2408 0.1916 0.1685 0.2761 
      H381.1 11 0.0097 0.1820 0.2010 0.2086 0.1999 0.1988 
      H386.5 11 0.0099 0.0899 0.1863 0.3756 0.1338 0.2045 
 H387.5_2001 11 0.0453 0.0628 0.3052 0.0469 0.1797 0.3601 
      H387.9 11 0.0219 0.0730 0.2526 0.1909 0.1269 0.3347 
      H392.6 11 0.0185 0.1142 0.2424 0.1225 0.0822 0.4203 
 H393.4_2001 11 0.0165 0.0532 0.3020 0.1730 0.0820 0.3732 
 H393.4_2002 11 0.0210 0.0564 0.2779 0.2261 0.1202 0.2984 
      H394.5 11 0.0104 0.1422 0.2160 0.2850 0.1319 0.2145 
      H412.9 11 0.1628 0.1149 0.2206 0.1283 0.1340 0.2393 
      H439.5 11 0.0592 0.2009 0.2167 0.2077 0.1472 0.1683 
 H441.6_2004 11 0.0063 0.6758 0.0509 0.1225 0.0486 0.0958 
 H441.7_2005 11 0.0154 0.4595 0.0971 0.2146 0.0830 0.1302 
 H442.6_2004 11 0.0363 0.3739 0.1530 0.1634 0.1456 0.1278 
      H442.9 11 0.0132 0.0663 0.2933 0.1486 0.2846 0.1940 
      H446.6 11 0.0142 0.2000 0.1974 0.0670 0.1656 0.3558 
      H447.7 11 0.0172 0.1044 0.2117 0.1395 0.3281 0.1991 
      H448.2 11 0.0135 0.4675 0.0780 0.1267 0.1646 0.1497 
      H586.2 11 0.0166 0.0434 0.2248 0.1401 0.1130 0.4621 
     H590.10 11 0.0145 0.0906 0.2380 0.1841 0.1416 0.3313 
      H610.7 11 0.0150 0.1520 0.2166 0.1233 0.2630 0.2301 
      H611.4 11 0.0083 0.2549 0.1929 0.2012 0.1357 0.2070 
 H7379.2_200 11 0.0426 0.1741 0.1706 0.2937 0.1121 0.2070 
 H7379.4_200 11 0.0173 0.3382 0.1073 0.2993 0.0657 0.1723 
      H741.1 11 0.0195 0.0472 0.2856 0.1318 0.2981 0.2178 
      H927.3 11 0.0053 0.1578 0.2046 0.1870 0.2326 0.2127 
      H928.4 11 0.0361 0.0846 0.3259 0.1140 0.1667 0.2726 
     H9560.4 11 0.2951 0.2433 0.1149 0.0823 0.1283 0.1360 
    Rad451.3 11 0.0099 0.1136 0.2555 0.2039 0.1548 0.2623 
