      H008.9  2 0.1675 0.1594 0.5278 0.1356 0.0097 
 H029.5_2002  2 0.1079 0.3436 0.0787 0.4622 0.0076 
 H029.5_2003  2 0.0780 0.3492 0.0441 0.5220 0.0067 
      H030.1  2 0.6168 0.1145 0.0240 0.2115 0.0332 
      H038.4  2 0.1250 0.5071 0.0340 0.3240 0.0099 
      H041.2  2 0.0947 0.2883 0.2295 0.3789 0.0086 
 H042.3_2003  2 0.3272 0.1653 0.2558 0.2354 0.0163 
 H042.4_2002  2 0.2349 0.1033 0.5025 0.1078 0.0515 
   H042_2002  2 0.0318 0.1167 0.7800 0.0631 0.0084 
   H042_2003  2 0.0283 0.1201 0.7539 0.0882 0.0095 
      H043.7  2 0.1212 0.6211 0.0243 0.2250 0.0084 
      H047.6  2 0.0433 0.4141 0.0531 0.4739 0.0157 
 H071.1_2003  2 0.4389 0.1801 0.1826 0.1924 0.0060 
 H071.5_2002  2 0.3692 0.2560 0.0537 0.3021 0.0189 
 H081.3_2003  2 0.1957 0.3426 0.1303 0.3069 0.0244 
      H081.7  2 0.3608 0.2795 0.1283 0.2195 0.0119 
      H083.1  2 0.4534 0.1768 0.0263 0.3197 0.0237 
      H084.5  2 0.1544 0.2545 0.0816 0.4341 0.0754 
 H085.1_2003  2 0.6506 0.0817 0.0497 0.2049 0.0132 
 H085.5_2002  2 0.5534 0.0891 0.2097 0.1311 0.0167 
      H088.7  2 0.1129 0.2345 0.3005 0.3387 0.0135 
      H091.1  2 0.8594 0.0306 0.0141 0.0898 0.0061 
      H109.6  2 0.0576 0.5008 0.0857 0.3228 0.0331 
      H126.2  2 0.2093 0.2699 0.0987 0.4051 0.0170 
      H130.3  2 0.2315 0.1844 0.0298 0.5325 0.0218 
      H133.1  2 0.0603 0.5562 0.0333 0.3401 0.0101 
      H147.4  2 0.6303 0.1481 0.0549 0.1585 0.0082 
      H148.6  2 0.1567 0.1656 0.5084 0.1277 0.0417 
   H166022.2  2 0.5171 0.1205 0.0952 0.2132 0.0541 
   H167397.3  2 0.0366 0.4373 0.0333 0.4790 0.0138 
   H167496.6  2 0.6899 0.0525 0.0966 0.1522 0.0087 
   H167513.8  2 0.1004 0.4963 0.0281 0.3315 0.0437 
   H167547.4  2 0.5806 0.1342 0.0350 0.2167 0.0335 
   H169750.2  2 0.5252 0.2008 0.1442 0.1214 0.0084 
   H171929.2  2 0.1974 0.2895 0.0950 0.2368 0.1812 
   H171930.8  2 0.1971 0.1192 0.3247 0.3370 0.0221 
   H171933.7  2 0.7242 0.0766 0.0356 0.1503 0.0133 
      H190.6  2 0.1418 0.0637 0.3668 0.1360 0.2917 
      H400.4  2 0.3164 0.2098 0.0699 0.3922 0.0117 
 H428.2_2006  2 0.3773 0.2459 0.0182 0.3241 0.0345 
 H428.6_2005  2 0.4598 0.2003 0.1594 0.1509 0.0296 
      H453.3  2 0.6739 0.0558 0.0296 0.2278 0.0128 
     H512.10  2 0.2306 0.2663 0.0180 0.4759 0.0093 
      H513.2  2 0.6000 0.1172 0.0538 0.2131 0.0158 
      H532.3  2 0.4809 0.1143 0.0794 0.2371 0.0882 
      H543.8  2 0.1211 0.4931 0.0719 0.3027 0.0111 
 H545.1_2005  2 0.0163 0.7297 0.0118 0.2356 0.0066 
 H545.3_2006  2 0.0161 0.7371 0.0067 0.2330 0.0071 
      H547.7  2 0.6610 0.0935 0.0280 0.2002 0.0173 
      H548.3  2 0.0204 0.7556 0.0212 0.1977 0.0051 
     H7389.1  2 0.5186 0.1358 0.1334 0.1992 0.0129 
      H747.2  2 0.1016 0.1648 0.0714 0.3256 0.3365 
     H7484.8  2 0.3175 0.1939 0.2438 0.2256 0.0192 
     H7485.6  2 0.0312 0.7216 0.0334 0.1960 0.0177 
     H7496.6  2 0.8330 0.0336 0.0422 0.0810 0.0101 
        UNK9  2 0.6452 0.1455 0.0255 0.1655 0.0183 
      H009.6  4 0.0499 0.0242 0.8389 0.0809 0.0062 
      H046.4  4 0.2397 0.2055 0.3052 0.2015 0.0481 
 H076.2_2004  4 0.2060 0.1076 0.2069 0.2902 0.1892 
 H076.5_2002  4 0.0556 0.0966 0.6175 0.2060 0.0244 
 H076.6_2003  4 0.0193 0.0257 0.9216 0.0269 0.0066 
      H477.6  4 0.6001 0.1421 0.0451 0.1916 0.0211 
 H479.4_2006  4 0.4420 0.2143 0.0373 0.2955 0.0109 
 H479.8_2005  4 0.6436 0.1333 0.0225 0.1908 0.0098 
      H516.4  4 0.1070 0.3962 0.0447 0.4080 0.0441 
      H646.2  4 0.1030 0.2129 0.0335 0.6291 0.0214 
      H658.6  4 0.3828 0.2072 0.1422 0.2491 0.0187 
      H682.1  4 0.5665 0.0879 0.1643 0.1544 0.0268 
      H720.4  4 0.1840 0.1689 0.1389 0.4583 0.0499 
      H724.6  4 0.0327 0.0463 0.8486 0.0638 0.0086 
      H725.5  4 0.8492 0.0352 0.0326 0.0668 0.0162 
      H726.2  4 0.2696 0.1112 0.1857 0.2796 0.1539 
      H016.4  5 0.1950 0.3339 0.0703 0.3918 0.0091 
 H017.1_2002  5 0.1182 0.2776 0.2904 0.2622 0.0515 
 H017.5_2003  5 0.1565 0.4621 0.0881 0.2811 0.0122 
      H032.3  5 0.2013 0.3207 0.0454 0.4214 0.0112 
 H034.4_2002  5 0.0247 0.0347 0.8827 0.0366 0.0213 
 H034.5_2003  5 0.1067 0.3752 0.3535 0.1481 0.0165 
      H048.4  5 0.2642 0.2210 0.0639 0.4320 0.0190 
      H060.1  5 0.0799 0.5346 0.0566 0.3214 0.0075 
 H070.3_2002  5 0.0704 0.1174 0.6924 0.1101 0.0097 
 H070.4_2004  5 0.0989 0.0482 0.7923 0.0509 0.0098 
 H070.5_2003  5 0.0701 0.0799 0.7908 0.0533 0.0059 
      H077.4  5 0.2071 0.3383 0.1264 0.3053 0.0229 
      H097.6  5 0.4981 0.1554 0.0362 0.2979 0.0125 
      H124.5  5 0.2373 0.2415 0.1709 0.3406 0.0098 
      H132.5  5 0.1237 0.2904 0.1605 0.4151 0.0103 
      H155.7  5 0.0751 0.1090 0.6576 0.1220 0.0363 
      H169.2  5 0.1326 0.5014 0.0626 0.2879 0.0155 
      H457.8  5 0.2931 0.2648 0.0239 0.4046 0.0136 
      H462.4  5 0.0740 0.1047 0.6935 0.0639 0.0639 
      H481.8  5 0.4259 0.1100 0.2903 0.1588 0.0149 
      H509.4  5 0.4339 0.0469 0.4104 0.0806 0.0281 
      H567.2  5 0.1308 0.0173 0.7872 0.0493 0.0154 
      H608.4  5 0.2440 0.2033 0.0453 0.4986 0.0088 
      H615.4  5 0.1679 0.2887 0.3578 0.1699 0.0157 
      H635.4  5 0.1059 0.4592 0.0737 0.2956 0.0656 
      H728.5  5 0.0762 0.5450 0.0261 0.3364 0.0163 
 H7395.1_200  5 0.3540 0.2201 0.0954 0.2374 0.0931 
     H7395.5  5 0.1450 0.5266 0.0214 0.2772 0.0298 
      H742.2  5 0.1415 0.1757 0.3424 0.3055 0.0349 
      H958.3  5 0.4413 0.0654 0.3422 0.1417 0.0094 
      H452.9 10 0.0428 0.0512 0.8592 0.0421 0.0046 
      H473.5 10 0.1598 0.2519 0.0194 0.5638 0.0051 
      H487.5 10 0.0171 0.0281 0.8753 0.0241 0.0554 
     H703.10 10 0.4433 0.2402 0.0974 0.1937 0.0253 
      H705.2 10 0.5745 0.0867 0.1682 0.1539 0.0167 
     H7352.5 10 0.0358 0.4183 0.0243 0.5004 0.0213 
     H7354.1 10 0.3601 0.2107 0.0741 0.2774 0.0777 
     H7359.1 10 0.1186 0.3525 0.2546 0.2245 0.0499 
      H909.8 10 0.2564 0.1275 0.3301 0.1467 0.1393 
     H9555.3 10 0.0290 0.0138 0.8973 0.0209 0.0390 
     H9703.4 10 0.2708 0.0796 0.0826 0.1142 0.4529 
     H9707.6 10 0.4381 0.1195 0.2162 0.2097 0.0165 
     HSAA4.2 10 0.0562 0.0218 0.7501 0.0227 0.1492 
   saaRTON.1 10 0.0087 0.0073 0.0069 0.0061 0.9710 
  saaRTON.10 10 0.0133 0.0153 0.0142 0.0142 0.9430 
   saaRTON.2 10 0.0074 0.0061 0.0079 0.0065 0.9721 
   saaRTON.3 10 0.0097 0.0111 0.0132 0.0108 0.9552 
   saaRTON.4 10 0.0062 0.0077 0.0065 0.0060 0.9736 
   saaRTON.5 10 0.0066 0.0069 0.0061 0.0070 0.9734 
   saaRTON.6 10 0.0080 0.0075 0.0102 0.0081 0.9663 
   saaRTON.7 10 0.0170 0.0121 0.0143 0.0143 0.9422 
   saaRTON.8 10 0.0069 0.0065 0.0070 0.0063 0.9733 
   saaRTON.9 10 0.0048 0.0043 0.0052 0.0057 0.9800 
      H005.8 11 0.1629 0.3186 0.0922 0.4096 0.0167 
      H031.2 11 0.1810 0.1479 0.4350 0.2146 0.0215 
      H136.1 11 0.2472 0.2170 0.1558 0.3602 0.0198 
      H153.4 11 0.1690 0.1669 0.1945 0.3353 0.1343 
      H167.1 11 0.2269 0.3477 0.0691 0.3487 0.0076 
      H173.1 11 0.4644 0.1567 0.1234 0.2391 0.0165 
 H194.8_2003 11 0.0338 0.0351 0.8177 0.0592 0.0542 
      H196.6 11 0.0202 0.0240 0.9065 0.0342 0.0151 
 H356.5_2002 11 0.2521 0.3149 0.0383 0.3708 0.0239 
 H356.6_2001 11 0.4770 0.1553 0.0248 0.2150 0.1279 
      H360.6 11 0.5258 0.1266 0.1574 0.1735 0.0168 
 H369.1_2001 11 0.1212 0.2295 0.4734 0.1688 0.0070 
      H369.4 11 0.3486 0.2089 0.2317 0.1976 0.0133 
      H374.3 11 0.1331 0.4365 0.0943 0.3138 0.0223 
      H376.1 11 0.1347 0.3240 0.0522 0.4757 0.0134 
      H381.1 11 0.2838 0.2064 0.3172 0.1753 0.0173 
      H386.5 11 0.1062 0.5281 0.1107 0.2434 0.0115 
 H387.5_2001 11 0.3875 0.1135 0.0755 0.3489 0.0746 
      H387.9 11 0.1196 0.3923 0.0268 0.4357 0.0256 
      H392.6 11 0.0790 0.3395 0.1039 0.4544 0.0232 
 H393.4_2001 11 0.0917 0.4404 0.0258 0.4238 0.0183 
 H393.4_2002 11 0.1604 0.3704 0.0966 0.3452 0.0274 
      H394.5 11 0.1600 0.3426 0.2110 0.2751 0.0114 
      H412.9 11 0.1450 0.1427 0.2631 0.2625 0.1866 
      H439.5 11 0.1774 0.3091 0.2075 0.2410 0.0650 
 H441.6_2004 11 0.0570 0.0266 0.8763 0.0334 0.0067 
 H441.7_2005 11 0.0865 0.1491 0.6004 0.1455 0.0185 
 H442.6_2004 11 0.1670 0.0555 0.6317 0.1020 0.0438 
      H442.9 11 0.3709 0.1278 0.2377 0.2372 0.0265 
      H446.6 11 0.2952 0.1367 0.2807 0.2691 0.0184 
      H447.7 11 0.3804 0.1670 0.1567 0.2725 0.0235 
      H448.2 11 0.1697 0.0460 0.6968 0.0702 0.0174 
      H586.2 11 0.1118 0.5490 0.0393 0.2782 0.0218 
     H590.10 11 0.0967 0.5198 0.0173 0.3526 0.0136 
      H610.7 11 0.4455 0.1569 0.1492 0.2326 0.0158 
      H611.4 11 0.1497 0.2477 0.3808 0.2124 0.0093 
 H7379.2_200 11 0.0858 0.3760 0.0655 0.4208 0.0520 
 H7379.4_200 11 0.0462 0.3598 0.3319 0.2429 0.0191 
      H741.1 11 0.3728 0.1876 0.0918 0.3255 0.0223 
      H927.3 11 0.3033 0.2649 0.1833 0.2422 0.0063 
      H928.4 11 0.2298 0.2022 0.1026 0.4233 0.0421 
     H9560.4 11 0.1889 0.0365 0.3625 0.0752 0.3369 
    Rad451.3 11 0.1708 0.3503 0.0965 0.3722 0.0102 
