      H008.9  2 0.3557 0.1568 0.1999 0.1477 0.0069 0.1329 
 H029.5_2002  2 0.1346 0.2967 0.0398 0.4209 0.0073 0.1007 
 H029.5_2003  2 0.1474 0.2439 0.0819 0.3949 0.0059 0.1260 
      H030.1  2 0.0313 0.3165 0.1723 0.1156 0.0236 0.3406 
      H038.4  2 0.0426 0.3222 0.0498 0.4795 0.0076 0.0983 
      H041.2  2 0.2392 0.2778 0.0326 0.3703 0.0072 0.0730 
 H042.3_2003  2 0.2941 0.2161 0.1628 0.1467 0.0132 0.1671 
 H042.4_2002  2 0.5574 0.1551 0.0881 0.0576 0.0342 0.1076 
   H042_2002  2 0.5894 0.0273 0.2784 0.0809 0.0055 0.0185 
   H042_2003  2 0.5888 0.0200 0.2728 0.0921 0.0066 0.0197 
      H043.7  2 0.0286 0.2079 0.2002 0.3889 0.0061 0.1683 
      H047.6  2 0.0869 0.2250 0.1091 0.4563 0.0169 0.1058 
 H071.1_2003  2 0.1162 0.2206 0.2658 0.1186 0.0041 0.2746 
 H071.5_2002  2 0.0324 0.2412 0.1434 0.2501 0.0131 0.3196 
 H081.3_2003  2 0.1470 0.1637 0.2628 0.2012 0.0194 0.2059 
      H081.7  2 0.0558 0.3151 0.2084 0.1744 0.0070 0.2394 
      H083.1  2 0.0153 0.2814 0.1419 0.2495 0.0167 0.2952 
      H084.5  2 0.1159 0.1360 0.2077 0.3212 0.0535 0.1657 
 H085.1_2003  2 0.0421 0.4633 0.0642 0.1735 0.0102 0.2467 
 H085.5_2002  2 0.1092 0.3264 0.2258 0.1175 0.0107 0.2105 
      H088.7  2 0.3224 0.2067 0.0927 0.2836 0.0100 0.0847 
      H091.1  2 0.0261 0.5517 0.0223 0.1181 0.0058 0.2760 
      H109.6  2 0.1511 0.1291 0.1590 0.3866 0.0336 0.1406 
      H126.2  2 0.0480 0.2394 0.3150 0.1830 0.0108 0.2037 
      H130.3  2 0.0680 0.1979 0.2650 0.1432 0.0137 0.3122 
      H133.1  2 0.0300 0.1656 0.0739 0.5732 0.0104 0.1469 
      H147.4  2 0.0785 0.4131 0.1153 0.1747 0.0054 0.2130 
      H148.6  2 0.3925 0.1382 0.1804 0.1677 0.0302 0.0910 
   H166022.2  2 0.0831 0.2891 0.1341 0.1004 0.0427 0.3506 
   H167397.3  2 0.0677 0.1568 0.0705 0.5932 0.0127 0.0991 
   H167496.6  2 0.0718 0.4521 0.1351 0.1050 0.0063 0.2297 
   H167513.8  2 0.0232 0.1397 0.1350 0.5119 0.0351 0.1550 
   H167547.4  2 0.0164 0.3326 0.1096 0.1309 0.0259 0.3847 
   H169750.2  2 0.1463 0.3492 0.1404 0.1595 0.0072 0.1973 
   H171929.2  2 0.1010 0.1213 0.2244 0.2713 0.1509 0.1311 
   H171930.8  2 0.4279 0.1441 0.2051 0.1005 0.0197 0.1027 
   H171933.7  2 0.0296 0.3926 0.1390 0.1296 0.0092 0.3000 
      H190.6  2 0.3391 0.0871 0.1219 0.0278 0.2832 0.1409 
      H400.4  2 0.1894 0.3495 0.0863 0.2159 0.0077 0.1512 
 H428.2_2006  2 0.0199 0.1944 0.1115 0.1887 0.0218 0.4637 
 H428.6_2005  2 0.0662 0.2597 0.1931 0.1608 0.0185 0.3016 
      H453.3  2 0.0282 0.2947 0.1352 0.0819 0.0084 0.4516 
     H512.10  2 0.0188 0.1601 0.1854 0.2982 0.0069 0.3306 
      H513.2  2 0.0644 0.3199 0.1214 0.1588 0.0134 0.3222 
      H532.3  2 0.0706 0.2894 0.1475 0.0936 0.0718 0.3271 
      H543.8  2 0.0772 0.2025 0.1091 0.4906 0.0085 0.1122 
 H545.1_2005  2 0.0078 0.1072 0.0430 0.7488 0.0045 0.0887 
 H545.3_2006  2 0.0071 0.1221 0.0626 0.7573 0.0058 0.0451 
      H547.7  2 0.0176 0.4500 0.0947 0.0989 0.0122 0.3266 
      H548.3  2 0.0358 0.1369 0.0922 0.6698 0.0040 0.0613 
     H7389.1  2 0.0757 0.2792 0.1280 0.1292 0.0091 0.3787 
      H747.2  2 0.0889 0.0646 0.2559 0.1641 0.2794 0.1471 
     H7484.8  2 0.1184 0.2750 0.2236 0.1508 0.0144 0.2179 
     H7485.6  2 0.0291 0.1660 0.0734 0.6770 0.0128 0.0417 
     H7496.6  2 0.0217 0.5057 0.1067 0.1108 0.0069 0.2482 
        UNK9  2 0.0294 0.3504 0.1090 0.2517 0.0117 0.2478 
      H009.6  4 0.6284 0.0416 0.2371 0.0225 0.0061 0.0643 
      H046.4  4 0.2853 0.1300 0.2051 0.1411 0.0343 0.2042 
 H076.2_2004  4 0.2123 0.1666 0.1864 0.1244 0.1554 0.1549 
 H076.5_2002  4 0.7167 0.0854 0.0325 0.0713 0.0153 0.0789 
 H076.6_2003  4 0.8947 0.0203 0.0396 0.0255 0.0062 0.0137 
      H477.6  4 0.0234 0.2744 0.1524 0.1446 0.0184 0.3867 
 H479.4_2006  4 0.0257 0.3425 0.1487 0.2258 0.0073 0.2499 
 H479.8_2005  4 0.0109 0.4695 0.0956 0.1969 0.0066 0.2204 
      H516.4  4 0.0234 0.1151 0.3024 0.2754 0.0361 0.2477 
      H646.2  4 0.1011 0.0873 0.2680 0.0671 0.0145 0.4619 
      H658.6  4 0.0939 0.2119 0.3196 0.0704 0.0154 0.2888 
      H682.1  4 0.1194 0.3587 0.1330 0.1433 0.0200 0.2257 
      H720.4  4 0.1983 0.1580 0.2312 0.1295 0.0386 0.2443 
      H724.6  4 0.8533 0.0333 0.0486 0.0385 0.0063 0.0200 
      H725.5  4 0.0418 0.4525 0.1141 0.1324 0.0114 0.2478 
      H726.2  4 0.1374 0.1621 0.3025 0.0528 0.1229 0.2222 
      H016.4  5 0.0787 0.2547 0.1952 0.3199 0.0067 0.1448 
 H017.1_2002  5 0.1939 0.0967 0.2931 0.0395 0.0368 0.3400 
 H017.5_2003  5 0.0528 0.1648 0.2975 0.1504 0.0079 0.3265 
      H032.3  5 0.0649 0.3477 0.1382 0.2840 0.0066 0.1586 
 H034.4_2002  5 0.7116 0.0332 0.1555 0.0371 0.0174 0.0453 
 H034.5_2003  5 0.3158 0.1215 0.2291 0.1740 0.0123 0.1473 
      H048.4  5 0.1275 0.2695 0.1418 0.2870 0.0173 0.1570 
      H060.1  5 0.0269 0.1526 0.2040 0.4672 0.0047 0.1446 
 H070.3_2002  5 0.4675 0.0941 0.2429 0.0803 0.0065 0.1087 
 H070.4_2004  5 0.5435 0.0946 0.2396 0.0439 0.0071 0.0713 
 H070.5_2003  5 0.5196 0.0511 0.2405 0.0694 0.0048 0.1146 
      H077.4  5 0.0540 0.1714 0.2957 0.1943 0.0141 0.2705 
      H097.6  5 0.0488 0.4719 0.1023 0.1114 0.0088 0.2568 
      H124.5  5 0.1386 0.2902 0.1237 0.3232 0.0092 0.1152 
      H132.5  5 0.1067 0.2214 0.1725 0.3355 0.0081 0.1558 
      H155.7  5 0.4931 0.0617 0.2347 0.1023 0.0244 0.0838 
      H169.2  5 0.0206 0.1284 0.3067 0.2748 0.0097 0.2597 
      H457.8  5 0.0224 0.1270 0.2199 0.1540 0.0117 0.4650 
      H462.4  5 0.4723 0.0431 0.2640 0.0669 0.0520 0.1017 
      H481.8  5 0.2542 0.1847 0.2688 0.0595 0.0089 0.2238 
      H509.4  5 0.4040 0.2681 0.1076 0.0782 0.0180 0.1241 
      H567.2  5 0.6853 0.0960 0.1370 0.0208 0.0097 0.0511 
      H608.4  5 0.0269 0.3006 0.2099 0.1559 0.0066 0.3000 
      H615.4  5 0.2474 0.1641 0.3528 0.1087 0.0117 0.1153 
      H635.4  5 0.0691 0.1758 0.2213 0.3125 0.0470 0.1743 
      H728.5  5 0.0381 0.1619 0.1661 0.4269 0.0137 0.1934 
 H7395.1_200  5 0.0855 0.2681 0.1672 0.1408 0.0822 0.2561 
     H7395.5  5 0.0180 0.2100 0.1914 0.3301 0.0206 0.2298 
      H742.2  5 0.2856 0.1534 0.2753 0.0916 0.0242 0.1699 
      H958.3  5 0.3518 0.2735 0.1183 0.0506 0.0082 0.1977 
      H452.9 10 0.8692 0.0333 0.0363 0.0253 0.0037 0.0323 
      H473.5 10 0.0167 0.1874 0.1396 0.3720 0.0047 0.2796 
      H487.5 10 0.8642 0.0164 0.0242 0.0162 0.0535 0.0256 
     H703.10 10 0.0767 0.2229 0.3047 0.1122 0.0205 0.2631 
      H705.2 10 0.1408 0.2508 0.2565 0.1193 0.0121 0.2205 
     H7352.5 10 0.0324 0.1523 0.0946 0.6215 0.0185 0.0806 
     H7354.1 10 0.0320 0.1567 0.2370 0.2100 0.0456 0.3187 
     H7359.1 10 0.2544 0.1248 0.2118 0.1761 0.0389 0.1940 
      H909.8 10 0.1733 0.1671 0.3254 0.0620 0.0881 0.1841 
     H9555.3 10 0.8896 0.0203 0.0206 0.0138 0.0295 0.0262 
     H9703.4 10 0.0718 0.1351 0.1535 0.0516 0.4208 0.1672 
     H9707.6 10 0.1857 0.2539 0.2303 0.1209 0.0113 0.1979 
     HSAA4.2 10 0.7733 0.0369 0.0244 0.0171 0.1009 0.0474 
   saaRTON.1 10 0.0049 0.0072 0.0057 0.0061 0.9713 0.0049 
  saaRTON.10 10 0.0120 0.0112 0.0111 0.0111 0.9458 0.0088 
   saaRTON.2 10 0.0063 0.0062 0.0048 0.0044 0.9734 0.0050 
   saaRTON.3 10 0.0100 0.0076 0.0085 0.0076 0.9591 0.0072 
   saaRTON.4 10 0.0056 0.0048 0.0043 0.0050 0.9756 0.0047 
   saaRTON.5 10 0.0062 0.0055 0.0058 0.0045 0.9726 0.0054 
   saaRTON.6 10 0.0080 0.0064 0.0072 0.0060 0.9665 0.0059 
   saaRTON.7 10 0.0122 0.0133 0.0121 0.0086 0.9408 0.0131 
   saaRTON.8 10 0.0055 0.0052 0.0051 0.0052 0.9731 0.0059 
   saaRTON.9 10 0.0035 0.0038 0.0040 0.0041 0.9804 0.0042 
      H005.8 11 0.0571 0.1553 0.2424 0.2278 0.0140 0.3034 
      H031.2 11 0.2351 0.1585 0.3244 0.0846 0.0151 0.1824 
      H136.1 11 0.0728 0.1768 0.3328 0.1108 0.0135 0.2933 
      H153.4 11 0.0600 0.1269 0.3081 0.1049 0.1009 0.2992 
      H167.1 11 0.0535 0.2730 0.2300 0.2360 0.0051 0.2024 
      H173.1 11 0.0428 0.2960 0.2094 0.1269 0.0112 0.3137 
 H194.8_2003 11 0.6701 0.0390 0.1689 0.0404 0.0393 0.0423 
      H196.6 11 0.8899 0.0181 0.0236 0.0377 0.0147 0.0161 
 H356.5_2002 11 0.0272 0.0939 0.4032 0.0802 0.0171 0.3784 
 H356.6_2001 11 0.0195 0.2150 0.2359 0.0951 0.1080 0.3265 
      H360.6 11 0.1714 0.2497 0.1930 0.1353 0.0115 0.2392 
 H369.1_2001 11 0.3208 0.1738 0.1936 0.2269 0.0054 0.0795 
      H369.4 11 0.0776 0.2313 0.3364 0.0875 0.0117 0.2555 
      H374.3 11 0.0238 0.1186 0.3788 0.0806 0.0158 0.3824 
      H376.1 11 0.0480 0.1401 0.1912 0.2327 0.0119 0.3761 
      H381.1 11 0.1646 0.2120 0.2529 0.1279 0.0105 0.2321 
      H386.5 11 0.0790 0.1399 0.1464 0.4499 0.0074 0.1774 
 H387.5_2001 11 0.0664 0.2635 0.1410 0.0861 0.0463 0.3967 
      H387.9 11 0.0268 0.1179 0.2571 0.1714 0.0177 0.4091 
      H392.6 11 0.0290 0.0497 0.3920 0.2565 0.0196 0.2532 
 H393.4_2001 11 0.0234 0.1095 0.3152 0.1864 0.0118 0.3536 
 H393.4_2002 11 0.0241 0.1663 0.3023 0.1389 0.0179 0.3504 
      H394.5 11 0.0748 0.2285 0.3083 0.1015 0.0097 0.2771 
      H412.9 11 0.1228 0.1327 0.2706 0.0987 0.1631 0.2120 
      H439.5 11 0.1660 0.1736 0.2555 0.1715 0.0566 0.1768 
 H441.6_2004 11 0.8486 0.0331 0.0680 0.0194 0.0047 0.0261 
 H441.7_2005 11 0.3928 0.0863 0.3083 0.0923 0.0120 0.1084 
 H442.6_2004 11 0.5197 0.1515 0.1546 0.0485 0.0350 0.0908 
      H442.9 11 0.1581 0.2895 0.1767 0.0992 0.0191 0.2574 
      H446.6 11 0.2710 0.1946 0.2819 0.0537 0.0128 0.1860 
      H447.7 11 0.1105 0.3747 0.1694 0.1463 0.0188 0.1802 
      H448.2 11 0.6189 0.1360 0.0791 0.0249 0.0124 0.1288 
      H586.2 11 0.0224 0.0939 0.2825 0.3609 0.0167 0.2236 
     H590.10 11 0.0184 0.0878 0.3391 0.3356 0.0089 0.2103 
      H610.7 11 0.1398 0.2408 0.2527 0.1826 0.0151 0.1690 
      H611.4 11 0.2825 0.0931 0.2219 0.2295 0.0077 0.1653 
 H7379.2_200 11 0.0921 0.1732 0.2148 0.3637 0.0324 0.1238 
 H7379.4_200 11 0.1786 0.0911 0.3154 0.3260 0.0149 0.0740 
      H741.1 11 0.0715 0.2678 0.2481 0.1042 0.0140 0.2944 
      H927.3 11 0.1351 0.2234 0.1750 0.3126 0.0054 0.1485 
      H928.4 11 0.0907 0.2022 0.1876 0.1892 0.0330 0.2974 
     H9560.4 11 0.2830 0.1126 0.1954 0.0313 0.2795 0.0982 
    Rad451.3 11 0.1010 0.1617 0.2629 0.2564 0.0090 0.2090 
