      H008.9  2 0.0092 0.4663 0.1813 0.1722 0.1710 
 H029.5_2002  2 0.0114 0.0708 0.8257 0.0416 0.0504 
 H029.5_2003  2 0.0065 0.0592 0.7011 0.0844 0.1489 
      H030.1  2 0.0366 0.1746 0.0765 0.4684 0.2439 
      H038.4  2 0.0099 0.0506 0.7975 0.0500 0.0920 
      H041.2  2 0.0089 0.1067 0.7549 0.0638 0.0658 
 H042.3_2003  2 0.0152 0.2502 0.1988 0.2666 0.2692 
 H042.4_2002  2 0.0524 0.3732 0.1170 0.2360 0.2214 
   H042_2002  2 0.0082 0.3922 0.2877 0.1635 0.1484 
   H042_2003  2 0.0081 0.3733 0.2755 0.1779 0.1652 
      H043.7  2 0.0080 0.1683 0.4955 0.1694 0.1588 
      H047.6  2 0.0184 0.0575 0.7575 0.0703 0.0963 
 H071.1_2003  2 0.0062 0.3324 0.0818 0.3222 0.2574 
 H071.5_2002  2 0.0164 0.1589 0.2378 0.3196 0.2673 
 H081.3_2003  2 0.0223 0.1896 0.2620 0.2742 0.2519 
      H081.7  2 0.0096 0.2870 0.3210 0.2098 0.1726 
      H083.1  2 0.0191 0.1684 0.1758 0.3276 0.3092 
      H084.5  2 0.0526 0.0753 0.2265 0.2681 0.3775 
 H085.1_2003  2 0.0123 0.2497 0.1604 0.3230 0.2545 
 H085.5_2002  2 0.0140 0.4272 0.0566 0.3295 0.1728 
      H088.7  2 0.0135 0.1556 0.5443 0.1371 0.1495 
      H091.1  2 0.0071 0.3137 0.0171 0.4667 0.1954 
      H109.6  2 0.0388 0.0913 0.5570 0.1207 0.1922 
      H126.2  2 0.0150 0.1910 0.1968 0.2593 0.3379 
      H130.3  2 0.0173 0.0665 0.1118 0.3376 0.4668 
      H133.1  2 0.0091 0.0580 0.7061 0.1127 0.1141 
      H147.4  2 0.0078 0.2285 0.2347 0.2806 0.2484 
      H148.6  2 0.0371 0.3399 0.2343 0.1942 0.1945 
   H166022.2  2 0.0465 0.2322 0.0662 0.3604 0.2947 
   H167397.3  2 0.0136 0.0276 0.8084 0.0569 0.0934 
   H167496.6  2 0.0086 0.3101 0.0802 0.3916 0.2096 
   H167513.8  2 0.0414 0.0727 0.5773 0.1141 0.1945 
   H167547.4  2 0.0282 0.2868 0.0751 0.3022 0.3078 
   H169750.2  2 0.0105 0.3152 0.1590 0.2963 0.2190 
   H171929.2  2 0.1542 0.1782 0.2983 0.1776 0.1917 
   H171930.8  2 0.0225 0.2523 0.1301 0.2590 0.3361 
   H171933.7  2 0.0110 0.2858 0.0305 0.4511 0.2216 
      H190.6  2 0.2985 0.2681 0.0567 0.1908 0.1860 
      H400.4  2 0.0101 0.1205 0.3338 0.2592 0.2764 
 H428.2_2006  2 0.0358 0.1189 0.1933 0.2574 0.3946 
 H428.6_2005  2 0.0255 0.4227 0.1000 0.2705 0.1813 
      H453.3  2 0.0115 0.2080 0.0143 0.4694 0.2967 
     H512.10  2 0.0088 0.0582 0.2068 0.3394 0.3868 
      H513.2  2 0.0128 0.2779 0.1033 0.3562 0.2499 
      H532.3  2 0.0975 0.1756 0.0570 0.4336 0.2363 
      H543.8  2 0.0112 0.0637 0.6591 0.1140 0.1520 
 H545.1_2005  2 0.0060 0.0222 0.8156 0.0642 0.0920 
 H545.3_2006  2 0.0070 0.0102 0.8098 0.0662 0.1068 
      H547.7  2 0.0173 0.2808 0.1122 0.3540 0.2357 
      H548.3  2 0.0052 0.0316 0.8294 0.0596 0.0742 
     H7389.1  2 0.0120 0.3518 0.0480 0.3127 0.2754 
      H747.2  2 0.2781 0.1126 0.1626 0.1949 0.2518 
     H7484.8  2 0.0146 0.2923 0.1330 0.3023 0.2577 
     H7485.6  2 0.0151 0.0493 0.8326 0.0466 0.0563 
     H7496.6  2 0.0083 0.3470 0.0375 0.4354 0.1718 
        UNK9  2 0.0156 0.2913 0.2337 0.2721 0.1873 
      H009.6  4 0.0063 0.5109 0.0948 0.1563 0.2317 
      H046.4  4 0.0428 0.2018 0.2154 0.2644 0.2755 
 H076.2_2004  4 0.1752 0.1399 0.1036 0.2862 0.2951 
 H076.5_2002  4 0.0235 0.2999 0.1841 0.2419 0.2506 
 H076.6_2003  4 0.0063 0.4630 0.2065 0.1736 0.1506 
      H477.6  4 0.0174 0.2460 0.0748 0.3572 0.3046 
 H479.4_2006  4 0.0103 0.1783 0.2035 0.3038 0.3042 
 H479.8_2005  4 0.0093 0.1871 0.1513 0.4131 0.2392 
      H516.4  4 0.0338 0.0769 0.2643 0.2444 0.3806 
      H646.2  4 0.0190 0.0422 0.0427 0.3667 0.5294 
      H658.6  4 0.0177 0.2527 0.0416 0.3816 0.3064 
      H682.1  4 0.0202 0.3057 0.0842 0.3563 0.2337 
      H720.4  4 0.0407 0.1439 0.1424 0.3159 0.3571 
      H724.6  4 0.0090 0.4239 0.3204 0.1186 0.1281 
      H725.5  4 0.0151 0.3308 0.0298 0.4506 0.1737 
      H726.2  4 0.1130 0.1578 0.0332 0.3071 0.3889 
      H016.4  5 0.0072 0.0621 0.4230 0.2148 0.2929 
 H017.1_2002  5 0.0489 0.3397 0.0731 0.2388 0.2996 
 H017.5_2003  5 0.0119 0.2419 0.1999 0.2595 0.2869 
      H032.3  5 0.0103 0.1105 0.3741 0.2106 0.2945 
 H034.4_2002  5 0.0214 0.5182 0.1594 0.1613 0.1397 
 H034.5_2003  5 0.0181 0.3186 0.2219 0.2510 0.1903 
      H048.4  5 0.0150 0.1449 0.4072 0.1755 0.2574 
      H060.1  5 0.0069 0.0831 0.5810 0.1479 0.1810 
 H070.3_2002  5 0.0075 0.5250 0.1678 0.1436 0.1562 
 H070.4_2004  5 0.0090 0.5821 0.1075 0.1641 0.1374 
 H070.5_2003  5 0.0063 0.5577 0.1271 0.1456 0.1633 
      H077.4  5 0.0170 0.1847 0.1929 0.2996 0.3058 
      H097.6  5 0.0119 0.2069 0.1102 0.3596 0.3114 
      H124.5  5 0.0079 0.1387 0.3586 0.2099 0.2849 
      H132.5  5 0.0107 0.1174 0.5624 0.1489 0.1606 
      H155.7  5 0.0292 0.3804 0.1710 0.1951 0.2243 
      H169.2  5 0.0146 0.2047 0.3200 0.2288 0.2319 
      H457.8  5 0.0143 0.0461 0.1202 0.2843 0.5351 
      H462.4  5 0.0553 0.5172 0.1042 0.1602 0.1631 
      H481.8  5 0.0118 0.3685 0.0582 0.3490 0.2125 
      H509.4  5 0.0221 0.4301 0.0469 0.2901 0.2109 
      H567.2  5 0.0141 0.5527 0.0709 0.2189 0.1433 
      H608.4  5 0.0084 0.2000 0.2938 0.2217 0.2761 
      H615.4  5 0.0115 0.3514 0.1724 0.2296 0.2351 
      H635.4  5 0.0592 0.0585 0.4384 0.1881 0.2558 
      H728.5  5 0.0199 0.0809 0.3901 0.2650 0.2440 
 H7395.1_200  5 0.0945 0.1408 0.1036 0.3270 0.3341 
     H7395.5  5 0.0266 0.0689 0.2299 0.2665 0.4082 
      H742.2  5 0.0292 0.2695 0.1879 0.2654 0.2479 
      H958.3  5 0.0083 0.3773 0.0200 0.2918 0.3025 
      H452.9 10 0.0055 0.5129 0.2030 0.1411 0.1375 
      H473.5 10 0.0048 0.0639 0.4136 0.2365 0.2812 
      H487.5 10 0.0548 0.4724 0.1891 0.1521 0.1317 
     H703.10 10 0.0211 0.2323 0.0784 0.3824 0.2858 
      H705.2 10 0.0156 0.4285 0.0241 0.3142 0.2176 
     H7352.5 10 0.0237 0.0273 0.7749 0.0537 0.1203 
     H7354.1 10 0.0666 0.1859 0.1046 0.3640 0.2789 
     H7359.1 10 0.0522 0.2348 0.3036 0.1600 0.2494 
      H909.8 10 0.1154 0.3788 0.0382 0.2687 0.1989 
     H9555.3 10 0.0325 0.5522 0.1416 0.1605 0.1132 
     H9703.4 10 0.4339 0.1985 0.0258 0.1704 0.1716 
     H9707.6 10 0.0143 0.3575 0.1446 0.2753 0.2083 
     HSAA4.2 10 0.1309 0.4817 0.1123 0.1524 0.1228 
   saaRTON.1 10 0.9719 0.0078 0.0054 0.0072 0.0077 
  saaRTON.10 10 0.9453 0.0135 0.0129 0.0124 0.0159 
   saaRTON.2 10 0.9731 0.0073 0.0056 0.0070 0.0070 
   saaRTON.3 10 0.9575 0.0134 0.0095 0.0109 0.0086 
   saaRTON.4 10 0.9755 0.0056 0.0067 0.0064 0.0057 
   saaRTON.5 10 0.9746 0.0060 0.0064 0.0067 0.0063 
   saaRTON.6 10 0.9691 0.0082 0.0070 0.0075 0.0082 
   saaRTON.7 10 0.9430 0.0158 0.0131 0.0127 0.0154 
   saaRTON.8 10 0.9736 0.0072 0.0059 0.0065 0.0068 
   saaRTON.9 10 0.9799 0.0044 0.0041 0.0057 0.0058 
      H005.8 11 0.0177 0.1382 0.2547 0.2921 0.2973 
      H031.2 11 0.0171 0.3101 0.1468 0.3035 0.2225 
      H136.1 11 0.0160 0.1741 0.0538 0.3448 0.4113 
      H153.4 11 0.1181 0.2123 0.0485 0.2966 0.3244 
      H167.1 11 0.0075 0.1279 0.2932 0.2526 0.3189 
      H173.1 11 0.0151 0.2544 0.0694 0.3633 0.2977 
 H194.8_2003 11 0.0650 0.4531 0.1565 0.1589 0.1664 
      H196.6 11 0.0200 0.4985 0.2646 0.1047 0.1121 
 H356.5_2002 11 0.0227 0.1072 0.0437 0.3581 0.4684 
 H356.6_2001 11 0.1111 0.1684 0.0227 0.3733 0.3246 
      H360.6 11 0.0152 0.2743 0.0508 0.4095 0.2503 
 H369.1_2001 11 0.0068 0.3137 0.3759 0.1457 0.1578 
      H369.4 11 0.0138 0.3318 0.0599 0.2970 0.2974 
      H374.3 11 0.0237 0.2089 0.1256 0.3634 0.2784 
      H376.1 11 0.0129 0.0662 0.1547 0.2953 0.4710 
      H381.1 11 0.0138 0.3483 0.1045 0.2958 0.2376 
      H386.5 11 0.0106 0.1033 0.4092 0.2207 0.2562 
 H387.5_2001 11 0.0571 0.0839 0.0254 0.4562 0.3775 
      H387.9 11 0.0268 0.0747 0.1200 0.3287 0.4497 
      H392.6 11 0.0178 0.0495 0.1725 0.2583 0.5018 
 H393.4_2001 11 0.0146 0.1433 0.1952 0.2408 0.4061 
 H393.4_2002 11 0.0266 0.2316 0.1255 0.2990 0.3173 
      H394.5 11 0.0110 0.3280 0.1544 0.2319 0.2748 
      H412.9 11 0.1508 0.1682 0.0857 0.3103 0.2850 
      H439.5 11 0.0599 0.2726 0.2049 0.2538 0.2089 
 H441.6_2004 11 0.0069 0.5077 0.0697 0.2281 0.1877 
 H441.7_2005 11 0.0153 0.3579 0.2270 0.2169 0.1829 
 H442.6_2004 11 0.0424 0.3960 0.0671 0.2601 0.2345 
      H442.9 11 0.0210 0.2637 0.0847 0.3437 0.2869 
      H446.6 11 0.0170 0.2580 0.0556 0.3050 0.3644 
      H447.7 11 0.0231 0.2118 0.1141 0.3502 0.3008 
      H448.2 11 0.0158 0.5458 0.0742 0.2002 0.1640 
      H586.2 11 0.0209 0.0485 0.1977 0.2668 0.4661 
     H590.10 11 0.0115 0.0772 0.3430 0.2463 0.3220 
      H610.7 11 0.0181 0.2742 0.1753 0.2822 0.2502 
      H611.4 11 0.0092 0.3039 0.1966 0.2416 0.2486 
 H7379.2_200 11 0.0436 0.0679 0.5590 0.1314 0.1980 
 H7379.4_200 11 0.0224 0.2188 0.4543 0.1229 0.1815 
      H741.1 11 0.0175 0.2093 0.0981 0.3725 0.3026 
      H927.3 11 0.0057 0.1998 0.3249 0.2666 0.2029 
      H928.4 11 0.0467 0.1273 0.1976 0.2674 0.3609 
     H9560.4 11 0.2485 0.3090 0.0309 0.2256 0.1860 
    Rad451.3 11 0.0103 0.1030 0.2240 0.2627 0.4000 
