      H008.9  2 0.6071 0.1900 0.1961 0.0069 
 H029.5_2002  2 0.1103 0.2055 0.6743 0.0099 
 H029.5_2003  2 0.0790 0.1242 0.7905 0.0064 
      H030.1  2 0.0551 0.7944 0.1267 0.0237 
      H038.4  2 0.0250 0.2510 0.7157 0.0084 
      H041.2  2 0.2678 0.1897 0.5356 0.0069 
 H042.3_2003  2 0.4386 0.2933 0.2557 0.0124 
 H042.4_2002  2 0.7408 0.1646 0.0612 0.0333 
   H042_2002  2 0.7586 0.0560 0.1779 0.0075 
   H042_2003  2 0.7807 0.0527 0.1588 0.0079 
      H043.7  2 0.0716 0.2501 0.6718 0.0065 
      H047.6  2 0.0804 0.0990 0.8043 0.0163 
 H071.1_2003  2 0.1572 0.7286 0.1097 0.0045 
 H071.5_2002  2 0.0628 0.5603 0.3600 0.0168 
 H081.3_2003  2 0.2073 0.2752 0.4930 0.0244 
      H081.7  2 0.1502 0.5698 0.2707 0.0092 
      H083.1  2 0.0426 0.7672 0.1755 0.0147 
      H084.5  2 0.1291 0.2169 0.5894 0.0646 
 H085.1_2003  2 0.0445 0.8010 0.1451 0.0094 
 H085.5_2002  2 0.3178 0.6310 0.0391 0.0120 
      H088.7  2 0.4775 0.1332 0.3783 0.0110 
      H091.1  2 0.0226 0.9487 0.0222 0.0065 
      H109.6  2 0.1443 0.0592 0.7687 0.0278 
      H126.2  2 0.2078 0.2361 0.5466 0.0095 
      H130.3  2 0.1146 0.5013 0.3680 0.0160 
      H133.1  2 0.0233 0.1069 0.8616 0.0082 
      H147.4  2 0.0577 0.7667 0.1690 0.0066 
      H148.6  2 0.5073 0.2384 0.2207 0.0336 
   H166022.2  2 0.1403 0.7174 0.0944 0.0480 
   H167397.3  2 0.0306 0.0624 0.8916 0.0154 
   H167496.6  2 0.1022 0.8075 0.0827 0.0075 
   H167513.8  2 0.0289 0.0621 0.8777 0.0313 
   H167547.4  2 0.0861 0.6900 0.1991 0.0248 
   H169750.2  2 0.2112 0.6071 0.1732 0.0085 
   H171929.2  2 0.2069 0.1783 0.4531 0.1617 
   H171930.8  2 0.4425 0.2074 0.3283 0.0218 
   H171933.7  2 0.0689 0.8600 0.0610 0.0101 
      H190.6  2 0.5660 0.1195 0.0607 0.2537 
      H400.4  2 0.1085 0.4597 0.4219 0.0098 
 H428.2_2006  2 0.0327 0.7356 0.2065 0.0252 
 H428.6_2005  2 0.3955 0.4947 0.0896 0.0202 
      H453.3  2 0.0674 0.8506 0.0716 0.0104 
     H512.10  2 0.0530 0.5255 0.4129 0.0085 
      H513.2  2 0.1523 0.7270 0.1053 0.0155 
      H532.3  2 0.1050 0.7041 0.1068 0.0841 
      H543.8  2 0.0901 0.2113 0.6885 0.0101 
 H545.1_2005  2 0.0087 0.0182 0.9670 0.0060 
 H545.3_2006  2 0.0073 0.0187 0.9687 0.0053 
      H547.7  2 0.0439 0.7716 0.1660 0.0184 
      H548.3  2 0.0248 0.0288 0.9414 0.0049 
     H7389.1  2 0.2234 0.6859 0.0797 0.0109 
      H747.2  2 0.1501 0.1181 0.4203 0.3114 
     H7484.8  2 0.3801 0.4107 0.1948 0.0144 
     H7485.6  2 0.0364 0.0392 0.9101 0.0143 
     H7496.6  2 0.0948 0.8620 0.0338 0.0094 
        UNK9  2 0.0398 0.7327 0.2146 0.0128 
      H009.6  4 0.8840 0.0752 0.0350 0.0058 
      H046.4  4 0.4634 0.2543 0.2437 0.0387 
 H076.2_2004  4 0.3408 0.3271 0.1634 0.1686 
 H076.5_2002  4 0.8180 0.0747 0.0929 0.0144 
 H076.6_2003  4 0.9497 0.0190 0.0254 0.0059 
      H477.6  4 0.0955 0.6966 0.1907 0.0173 
 H479.4_2006  4 0.0637 0.6098 0.3164 0.0100 
 H479.8_2005  4 0.0339 0.7255 0.2328 0.0078 
      H516.4  4 0.0986 0.1281 0.7356 0.0378 
      H646.2  4 0.2417 0.4371 0.3045 0.0167 
      H658.6  4 0.4701 0.3493 0.1617 0.0188 
      H682.1  4 0.2450 0.5938 0.1425 0.0188 
      H720.4  4 0.3263 0.2734 0.3514 0.0489 
      H724.6  4 0.8810 0.0387 0.0739 0.0063 
      H725.5  4 0.1013 0.8521 0.0332 0.0135 
      H726.2  4 0.5378 0.2370 0.0903 0.1349 
      H016.4  5 0.0643 0.2626 0.6653 0.0078 
 H017.1_2002  5 0.5654 0.1945 0.1938 0.0462 
 H017.5_2003  5 0.3175 0.2701 0.4027 0.0096 
      H032.3  5 0.1073 0.2951 0.5882 0.0094 
 H034.4_2002  5 0.8544 0.0579 0.0644 0.0234 
 H034.5_2003  5 0.5529 0.1641 0.2664 0.0166 
      H048.4  5 0.1046 0.3527 0.5277 0.0149 
      H060.1  5 0.0511 0.0908 0.8518 0.0064 
 H070.3_2002  5 0.6784 0.1253 0.1885 0.0079 
 H070.4_2004  5 0.7662 0.1609 0.0660 0.0069 
 H070.5_2003  5 0.8462 0.0752 0.0739 0.0046 
      H077.4  5 0.2518 0.3400 0.3898 0.0184 
      H097.6  5 0.0452 0.7692 0.1744 0.0113 
      H124.5  5 0.1455 0.3179 0.5284 0.0082 
      H132.5  5 0.1758 0.2209 0.5940 0.0092 
      H155.7  5 0.6782 0.1056 0.1909 0.0253 
      H169.2  5 0.2146 0.2343 0.5374 0.0137 
      H457.8  5 0.0388 0.5449 0.4027 0.0137 
      H462.4  5 0.7483 0.1048 0.0977 0.0493 
      H481.8  5 0.5045 0.4201 0.0652 0.0102 
      H509.4  5 0.5669 0.3651 0.0514 0.0166 
      H567.2  5 0.8509 0.1132 0.0237 0.0122 
      H608.4  5 0.0777 0.4950 0.4182 0.0091 
      H615.4  5 0.5952 0.1696 0.2235 0.0117 
      H635.4  5 0.1642 0.2319 0.5549 0.0490 
      H728.5  5 0.0504 0.0925 0.8423 0.0148 
 H7395.1_200  5 0.1259 0.5154 0.2546 0.1041 
     H7395.5  5 0.0287 0.2273 0.7199 0.0240 
      H742.2  5 0.6079 0.2158 0.1488 0.0275 
      H958.3  5 0.7325 0.2445 0.0143 0.0088 
      H452.9 10 0.8761 0.0675 0.0517 0.0047 
      H473.5 10 0.0162 0.3278 0.6512 0.0048 
      H487.5 10 0.9210 0.0137 0.0225 0.0428 
     H703.10 10 0.2027 0.5987 0.1728 0.0259 
      H705.2 10 0.3310 0.6229 0.0321 0.0140 
     H7352.5 10 0.0225 0.0353 0.9257 0.0164 
     H7354.1 10 0.1540 0.4590 0.3220 0.0650 
     H7359.1 10 0.4532 0.1122 0.3826 0.0521 
      H909.8 10 0.5568 0.2720 0.0794 0.0919 
     H9555.3 10 0.9391 0.0159 0.0140 0.0310 
     H9703.4 10 0.1321 0.3642 0.0592 0.4445 
     H9707.6 10 0.3175 0.5254 0.1437 0.0133 
     HSAA4.2 10 0.8293 0.0461 0.0189 0.1058 
   saaRTON.1 10 0.0068 0.0067 0.0056 0.9809 
  saaRTON.10 10 0.0109 0.0111 0.0119 0.9661 
   saaRTON.2 10 0.0064 0.0058 0.0050 0.9829 
   saaRTON.3 10 0.0097 0.0087 0.0089 0.9726 
   saaRTON.4 10 0.0052 0.0051 0.0054 0.9843 
   saaRTON.5 10 0.0067 0.0059 0.0056 0.9819 
   saaRTON.6 10 0.0076 0.0082 0.0063 0.9780 
   saaRTON.7 10 0.0171 0.0140 0.0130 0.9558 
   saaRTON.8 10 0.0069 0.0052 0.0057 0.9823 
   saaRTON.9 10 0.0048 0.0044 0.0042 0.9866 
      H005.8 11 0.1729 0.3727 0.4392 0.0152 
      H031.2 11 0.6325 0.2048 0.1456 0.0171 
      H136.1 11 0.2958 0.3673 0.3213 0.0155 
      H153.4 11 0.4238 0.1974 0.2341 0.1447 
      H167.1 11 0.1164 0.4184 0.4593 0.0060 
      H173.1 11 0.2769 0.6307 0.0774 0.0151 
 H194.8_2003 11 0.8593 0.0481 0.0483 0.0442 
      H196.6 11 0.9277 0.0249 0.0327 0.0146 
 H356.5_2002 11 0.1426 0.5322 0.3060 0.0193 
 H356.6_2001 11 0.0603 0.7661 0.0738 0.0998 
      H360.6 11 0.1845 0.6976 0.1038 0.0142 
 H369.1_2001 11 0.4366 0.1620 0.3944 0.0070 
      H369.4 11 0.3584 0.5245 0.1043 0.0127 
      H374.3 11 0.2709 0.3160 0.3918 0.0213 
      H376.1 11 0.1429 0.2247 0.6222 0.0103 
      H381.1 11 0.3960 0.3190 0.2700 0.0151 
      H386.5 11 0.2490 0.1502 0.5900 0.0108 
 H387.5_2001 11 0.1831 0.6372 0.1088 0.0709 
      H387.9 11 0.0830 0.2896 0.6073 0.0202 
      H392.6 11 0.1503 0.1011 0.7264 0.0221 
 H393.4_2001 11 0.1283 0.3777 0.4784 0.0156 
 H393.4_2002 11 0.2116 0.4656 0.2934 0.0294 
      H394.5 11 0.3783 0.3099 0.2997 0.0121 
      H412.9 11 0.3996 0.2161 0.2043 0.1799 
      H439.5 11 0.3925 0.2143 0.3349 0.0583 
 H441.6_2004 11 0.9213 0.0539 0.0190 0.0058 
 H441.7_2005 11 0.5383 0.1287 0.3183 0.0147 
 H442.6_2004 11 0.7662 0.1495 0.0556 0.0286 
      H442.9 11 0.5172 0.3040 0.1592 0.0196 
      H446.6 11 0.5212 0.3313 0.1339 0.0135 
      H447.7 11 0.2020 0.5983 0.1798 0.0199 
      H448.2 11 0.8598 0.0973 0.0314 0.0115 
      H586.2 11 0.0519 0.1017 0.8249 0.0214 
     H590.10 11 0.0651 0.1650 0.7578 0.0120 
      H610.7 11 0.2188 0.4656 0.3010 0.0147 
      H611.4 11 0.5733 0.1156 0.3037 0.0074 
 H7379.2_200 11 0.1335 0.0907 0.7455 0.0303 
 H7379.4_200 11 0.2750 0.0516 0.6585 0.0149 
      H741.1 11 0.2475 0.5122 0.2243 0.0161 
      H927.3 11 0.1994 0.4028 0.3930 0.0047 
      H928.4 11 0.2221 0.3466 0.3939 0.0374 
     H9560.4 11 0.5103 0.1522 0.0536 0.2839 
    Rad451.3 11 0.2936 0.1536 0.5445 0.0083 
