      H008.9  2 0.4604 0.1299 0.0065 0.1332 0.1438 0.1262 
 H029.5_2002  2 0.0513 0.1664 0.0081 0.1727 0.1657 0.4358 
 H029.5_2003  2 0.0307 0.2461 0.0059 0.2512 0.2218 0.2443 
      H030.1  2 0.0209 0.2123 0.0242 0.2291 0.2533 0.2603 
      H038.4  2 0.0302 0.1571 0.0087 0.1599 0.1624 0.4817 
      H041.2  2 0.2357 0.1169 0.0079 0.1316 0.1097 0.3983 
 H042.3_2003  2 0.2385 0.1872 0.0118 0.1754 0.1992 0.1880 
 H042.4_2002  2 0.4163 0.1412 0.0431 0.1468 0.1333 0.1193 
   H042_2002  2 0.7057 0.0832 0.0078 0.0684 0.0580 0.0769 
   H042_2003  2 0.7252 0.0704 0.0076 0.0653 0.0572 0.0742 
      H043.7  2 0.0308 0.1743 0.0063 0.1734 0.2303 0.3849 
      H047.6  2 0.0474 0.1897 0.0163 0.2212 0.2007 0.3247 
 H071.1_2003  2 0.1967 0.1879 0.0055 0.1561 0.1634 0.2904 
 H071.5_2002  2 0.0417 0.2021 0.0164 0.2039 0.2452 0.2908 
 H081.3_2003  2 0.0808 0.2355 0.0228 0.2527 0.2818 0.1264 
      H081.7  2 0.0976 0.1787 0.0115 0.1606 0.1421 0.4095 
      H083.1  2 0.0206 0.2706 0.0179 0.2136 0.2154 0.2620 
      H084.5  2 0.0699 0.2107 0.0512 0.2321 0.2486 0.1875 
 H085.1_2003  2 0.0378 0.1788 0.0095 0.1373 0.1843 0.4523 
 H085.5_2002  2 0.2102 0.1391 0.0136 0.1478 0.1617 0.3277 
      H088.7  2 0.2369 0.1887 0.0113 0.1766 0.1476 0.2387 
      H091.1  2 0.0186 0.2275 0.0072 0.1661 0.1756 0.4051 
      H109.6  2 0.1145 0.2056 0.0411 0.2104 0.1980 0.2304 
      H126.2  2 0.0435 0.2985 0.0104 0.2917 0.2525 0.1033 
      H130.3  2 0.0189 0.2452 0.0147 0.3373 0.3245 0.0594 
      H133.1  2 0.0265 0.2028 0.0120 0.2027 0.1961 0.3599 
      H147.4  2 0.0576 0.1278 0.0081 0.1605 0.1821 0.4638 
      H148.6  2 0.4557 0.1222 0.0372 0.1128 0.1179 0.1542 
   H166022.2  2 0.0705 0.2240 0.0503 0.2008 0.2359 0.2186 
   H167397.3  2 0.0320 0.2086 0.0136 0.1858 0.1769 0.3831 
   H167496.6  2 0.0788 0.1984 0.0063 0.1949 0.1884 0.3333 
   H167513.8  2 0.0230 0.2492 0.0348 0.2448 0.2468 0.2014 
   H167547.4  2 0.0265 0.2474 0.0245 0.2162 0.2732 0.2123 
   H169750.2  2 0.1672 0.1308 0.0091 0.2122 0.1850 0.2957 
   H171929.2  2 0.0673 0.2209 0.1406 0.2123 0.2176 0.1413 
   H171930.8  2 0.2469 0.1931 0.0212 0.2430 0.1937 0.1021 
   H171933.7  2 0.0323 0.2027 0.0097 0.2092 0.2326 0.3135 
      H190.6  2 0.1951 0.1236 0.3010 0.1723 0.1346 0.0735 
      H400.4  2 0.0498 0.2473 0.0083 0.2511 0.1990 0.2445 
 H428.2_2006  2 0.0188 0.2658 0.0247 0.2729 0.2220 0.1958 
 H428.6_2005  2 0.1172 0.1891 0.0255 0.1629 0.2026 0.3027 
      H453.3  2 0.0270 0.2120 0.0129 0.2590 0.2599 0.2291 
     H512.10  2 0.0179 0.2896 0.0072 0.2775 0.2226 0.1853 
      H513.2  2 0.0649 0.2098 0.0135 0.2064 0.2167 0.2888 
      H532.3  2 0.0498 0.2128 0.0800 0.2381 0.2363 0.1830 
      H543.8  2 0.0715 0.1550 0.0109 0.2150 0.1749 0.3726 
 H545.1_2005  2 0.0131 0.1696 0.0054 0.1511 0.1779 0.4829 
 H545.3_2006  2 0.0089 0.1991 0.0054 0.1223 0.1799 0.4844 
      H547.7  2 0.0147 0.2758 0.0182 0.2220 0.2514 0.2179 
      H548.3  2 0.0339 0.1766 0.0046 0.1658 0.1625 0.4565 
     H7389.1  2 0.1181 0.2115 0.0106 0.2132 0.1871 0.2596 
      H747.2  2 0.0429 0.2242 0.3135 0.1989 0.1323 0.0881 
     H7484.8  2 0.2188 0.1486 0.0175 0.1653 0.2025 0.2473 
     H7485.6  2 0.0265 0.1532 0.0150 0.1672 0.1751 0.4630 
     H7496.6  2 0.0522 0.1994 0.0100 0.2128 0.1729 0.3526 
        UNK9  2 0.0182 0.2201 0.0171 0.1816 0.2405 0.3226 
      H009.6  4 0.7726 0.0783 0.0059 0.0559 0.0620 0.0253 
      H046.4  4 0.1800 0.1988 0.0442 0.2127 0.2324 0.1318 
 H076.2_2004  4 0.1316 0.1962 0.1567 0.2332 0.1834 0.0989 
 H076.5_2002  4 0.5716 0.1169 0.0175 0.1470 0.0986 0.0484 
 H076.6_2003  4 0.8740 0.0422 0.0061 0.0291 0.0299 0.0187 
      H477.6  4 0.0211 0.2311 0.0177 0.2572 0.2856 0.1872 
 H479.4_2006  4 0.0210 0.2422 0.0105 0.2168 0.1824 0.3271 
 H479.8_2005  4 0.0157 0.1808 0.0077 0.1865 0.1896 0.4197 
      H516.4  4 0.0208 0.2441 0.0299 0.3075 0.2798 0.1179 
      H646.2  4 0.0194 0.3625 0.0132 0.2808 0.2926 0.0315 
      H658.6  4 0.0574 0.2706 0.0189 0.2623 0.2881 0.1027 
      H682.1  4 0.1325 0.1986 0.0198 0.2054 0.1800 0.2637 
      H720.4  4 0.0843 0.2494 0.0447 0.2545 0.2903 0.0767 
      H724.6  4 0.8210 0.0579 0.0073 0.0478 0.0305 0.0354 
      H725.5  4 0.0569 0.1696 0.0158 0.1503 0.2260 0.3814 
      H726.2  4 0.0951 0.2354 0.1216 0.2274 0.2506 0.0699 
      H016.4  5 0.0552 0.2287 0.0074 0.2458 0.2496 0.2133 
 H017.1_2002  5 0.1459 0.2494 0.0468 0.2370 0.2648 0.0562 
 H017.5_2003  5 0.0500 0.2587 0.0089 0.3132 0.2730 0.0962 
      H032.3  5 0.0368 0.2139 0.0076 0.3007 0.2195 0.2215 
 H034.4_2002  5 0.8510 0.0299 0.0160 0.0469 0.0233 0.0328 
 H034.5_2003  5 0.2740 0.1801 0.0186 0.1826 0.2057 0.1389 
      H048.4  5 0.0447 0.2444 0.0158 0.2587 0.2159 0.2206 
      H060.1  5 0.0460 0.2491 0.0069 0.2005 0.2647 0.2329 
 H070.3_2002  5 0.6740 0.0761 0.0077 0.0788 0.0742 0.0892 
 H070.4_2004  5 0.7890 0.0490 0.0095 0.0453 0.0454 0.0618 
 H070.5_2003  5 0.8355 0.0340 0.0061 0.0525 0.0312 0.0406 
      H077.4  5 0.0571 0.2407 0.0161 0.2898 0.2999 0.0964 
      H097.6  5 0.0220 0.2841 0.0095 0.2641 0.2736 0.1466 
      H124.5  5 0.1259 0.1628 0.0080 0.2174 0.2153 0.2706 
      H132.5  5 0.1310 0.2053 0.0087 0.1940 0.1940 0.2670 
      H155.7  5 0.6568 0.0770 0.0268 0.0851 0.0712 0.0831 
      H169.2  5 0.0205 0.2648 0.0125 0.2523 0.2728 0.1770 
      H457.8  5 0.0154 0.3172 0.0114 0.2657 0.3011 0.0893 
      H462.4  5 0.6781 0.0655 0.0590 0.0743 0.0666 0.0566 
      H481.8  5 0.2139 0.1864 0.0115 0.2353 0.2096 0.1434 
      H509.4  5 0.3667 0.1644 0.0225 0.1548 0.1163 0.1753 
      H567.2  5 0.7758 0.0599 0.0123 0.0498 0.0474 0.0548 
      H608.4  5 0.0372 0.2768 0.0081 0.2585 0.3035 0.1159 
      H615.4  5 0.2116 0.2057 0.0126 0.2293 0.2226 0.1182 
      H635.4  5 0.0582 0.2027 0.0655 0.2034 0.2001 0.2700 
      H728.5  5 0.0320 0.2900 0.0134 0.2445 0.2409 0.1791 
 H7395.1_200  5 0.0602 0.2375 0.0946 0.1828 0.2325 0.1924 
     H7395.5  5 0.0187 0.2538 0.0242 0.2824 0.2649 0.1559 
      H742.2  5 0.1843 0.2107 0.0224 0.2490 0.2287 0.1049 
      H958.3  5 0.2831 0.1624 0.0096 0.2004 0.2288 0.1157 
      H452.9 10 0.8708 0.0257 0.0048 0.0324 0.0332 0.0330 
      H473.5 10 0.0212 0.2736 0.0044 0.2673 0.2231 0.2103 
      H487.5 10 0.8382 0.0269 0.0634 0.0210 0.0324 0.0180 
     H703.10 10 0.0339 0.2400 0.0237 0.2048 0.2533 0.2443 
      H705.2 10 0.0997 0.1997 0.0170 0.2317 0.1887 0.2632 
     H7352.5 10 0.0118 0.2269 0.0192 0.1863 0.1837 0.3721 
     H7354.1 10 0.0537 0.2818 0.0618 0.2395 0.2353 0.1279 
     H7359.1 10 0.2070 0.2092 0.0529 0.2006 0.2253 0.1051 
      H909.8 10 0.2309 0.1729 0.1067 0.1648 0.1892 0.1355 
     H9555.3 10 0.8866 0.0179 0.0425 0.0197 0.0152 0.0181 
     H9703.4 10 0.0605 0.1030 0.4309 0.1357 0.1558 0.1141 
     H9707.6 10 0.1432 0.2266 0.0133 0.1908 0.1949 0.2313 
     HSAA4.2 10 0.6896 0.0265 0.1718 0.0360 0.0263 0.0498 
   saaRTON.1 10 0.0055 0.0070 0.9658 0.0073 0.0071 0.0072 
  saaRTON.10 10 0.0110 0.0138 0.9411 0.0114 0.0123 0.0103 
   saaRTON.2 10 0.0058 0.0056 0.9710 0.0060 0.0058 0.0056 
   saaRTON.3 10 0.0151 0.0104 0.9489 0.0091 0.0074 0.0092 
   saaRTON.4 10 0.0064 0.0061 0.9699 0.0060 0.0050 0.0065 
   saaRTON.5 10 0.0052 0.0057 0.9711 0.0065 0.0066 0.0049 
   saaRTON.6 10 0.0081 0.0061 0.9633 0.0075 0.0081 0.0069 
   saaRTON.7 10 0.0137 0.0141 0.9349 0.0113 0.0145 0.0116 
   saaRTON.8 10 0.0069 0.0064 0.9693 0.0053 0.0063 0.0059 
   saaRTON.9 10 0.0048 0.0043 0.9772 0.0045 0.0051 0.0041 
      H005.8 11 0.0663 0.2368 0.0127 0.2625 0.2556 0.1661 
      H031.2 11 0.2653 0.2033 0.0201 0.2210 0.2039 0.0863 
      H136.1 11 0.0836 0.2387 0.0145 0.2485 0.2803 0.1344 
      H153.4 11 0.0596 0.2525 0.1029 0.2319 0.2860 0.0671 
      H167.1 11 0.0600 0.1999 0.0071 0.2360 0.2346 0.2624 
      H173.1 11 0.0564 0.2415 0.0124 0.2028 0.2623 0.2246 
 H194.8_2003 11 0.7583 0.0456 0.0536 0.0557 0.0617 0.0250 
      H196.6 11 0.8755 0.0204 0.0154 0.0305 0.0277 0.0306 
 H356.5_2002 11 0.0313 0.2992 0.0175 0.2918 0.2642 0.0960 
 H356.6_2001 11 0.0200 0.2275 0.1060 0.2185 0.2356 0.1923 
      H360.6 11 0.1552 0.2010 0.0153 0.1839 0.2083 0.2362 
 H369.1_2001 11 0.4783 0.0992 0.0074 0.0971 0.0839 0.2340 
      H369.4 11 0.1282 0.1802 0.0135 0.2119 0.2334 0.2328 
      H374.3 11 0.0484 0.2817 0.0177 0.2883 0.2748 0.0892 
      H376.1 11 0.0325 0.3351 0.0107 0.2739 0.2525 0.0952 
      H381.1 11 0.1794 0.2381 0.0118 0.2374 0.2032 0.1300 
      H386.5 11 0.0634 0.2083 0.0096 0.2246 0.2122 0.2820 
 H387.5_2001 11 0.0390 0.2612 0.0404 0.3078 0.2641 0.0875 
      H387.9 11 0.0162 0.3037 0.0185 0.2789 0.2751 0.1076 
      H392.6 11 0.0450 0.2957 0.0175 0.2565 0.2806 0.1047 
 H393.4_2001 11 0.0400 0.2785 0.0163 0.2662 0.2668 0.1322 
 H393.4_2002 11 0.0705 0.2790 0.0256 0.2304 0.2778 0.1167 
      H394.5 11 0.2163 0.1965 0.0121 0.1751 0.2036 0.1964 
      H412.9 11 0.1141 0.2114 0.1467 0.2187 0.2557 0.0534 
      H439.5 11 0.1743 0.1924 0.0611 0.2351 0.1862 0.1508 
 H441.6_2004 11 0.8354 0.0456 0.0072 0.0399 0.0322 0.0396 
 H441.7_2005 11 0.5898 0.1006 0.0155 0.1092 0.1085 0.0763 
 H442.6_2004 11 0.4601 0.1489 0.0440 0.1378 0.1278 0.0815 
      H442.9 11 0.1006 0.2597 0.0165 0.2317 0.2954 0.0961 
      H446.6 11 0.1848 0.2149 0.0165 0.2290 0.2189 0.1359 
      H447.7 11 0.1106 0.2012 0.0231 0.2080 0.2478 0.2093 
      H448.2 11 0.5970 0.0952 0.0139 0.1062 0.0959 0.0917 
      H586.2 11 0.0270 0.3032 0.0165 0.2806 0.2758 0.0969 
     H590.10 11 0.0179 0.2884 0.0127 0.2924 0.2719 0.1167 
      H610.7 11 0.1316 0.2091 0.0129 0.2247 0.2198 0.2020 
      H611.4 11 0.2410 0.1948 0.0097 0.2125 0.2249 0.1171 
 H7379.2_200 11 0.1175 0.1828 0.0481 0.2047 0.1934 0.2535 
 H7379.4_200 11 0.3881 0.1415 0.0186 0.1348 0.1547 0.1622 
      H741.1 11 0.0479 0.2635 0.0167 0.2817 0.2798 0.1106 
      H927.3 11 0.1128 0.1950 0.0055 0.2075 0.2070 0.2723 
      H928.4 11 0.0767 0.2663 0.0448 0.2210 0.2565 0.1347 
     H9560.4 11 0.2934 0.1370 0.2923 0.1123 0.1229 0.0422 
    Rad451.3 11 0.0560 0.2600 0.0079 0.2581 0.2710 0.1470 
