      H008.9  2 0.6958 0.1487 0.1470 0.0085 
 H029.5_2002  2 0.1171 0.3664 0.5073 0.0093 
 H029.5_2003  2 0.0659 0.4378 0.4909 0.0055 
      H030.1  2 0.0462 0.4710 0.4550 0.0278 
      H038.4  2 0.0516 0.3670 0.5722 0.0092 
      H041.2  2 0.3194 0.2727 0.4000 0.0079 
 H042.3_2003  2 0.4983 0.2254 0.2604 0.0159 
 H042.4_2002  2 0.7153 0.1247 0.1187 0.0412 
   H042_2002  2 0.7947 0.1071 0.0905 0.0077 
   H042_2003  2 0.8019 0.0930 0.0977 0.0075 
      H043.7  2 0.0414 0.3895 0.5625 0.0066 
      H047.6  2 0.0813 0.4117 0.4897 0.0174 
 H071.1_2003  2 0.1628 0.3775 0.4545 0.0052 
 H071.5_2002  2 0.0709 0.3696 0.5449 0.0146 
 H081.3_2003  2 0.1933 0.3537 0.4282 0.0248 
      H081.7  2 0.1374 0.3187 0.5332 0.0108 
      H083.1  2 0.0453 0.3760 0.5625 0.0162 
      H084.5  2 0.1284 0.4237 0.3791 0.0688 
 H085.1_2003  2 0.1413 0.3479 0.4990 0.0118 
 H085.5_2002  2 0.4372 0.2330 0.3168 0.0130 
      H088.7  2 0.3961 0.2932 0.2988 0.0118 
      H091.1  2 0.1153 0.4804 0.3976 0.0066 
      H109.6  2 0.2295 0.3207 0.4118 0.0381 
      H126.2  2 0.1540 0.4069 0.4252 0.0139 
      H130.3  2 0.0487 0.6100 0.3241 0.0173 
      H133.1  2 0.0370 0.4755 0.4782 0.0092 
      H147.4  2 0.0921 0.3141 0.5877 0.0062 
      H148.6  2 0.6268 0.1340 0.2072 0.0320 
   H166022.2  2 0.2095 0.3253 0.4105 0.0547 
   H167397.3  2 0.0603 0.3680 0.5590 0.0127 
   H167496.6  2 0.2030 0.3857 0.4033 0.0080 
   H167513.8  2 0.0462 0.4144 0.5039 0.0356 
   H167547.4  2 0.1334 0.4780 0.3582 0.0304 
   H169750.2  2 0.2646 0.3280 0.3987 0.0087 
   H171929.2  2 0.1086 0.3603 0.3614 0.1697 
   H171930.8  2 0.4979 0.2613 0.2175 0.0233 
   H171933.7  2 0.1825 0.4059 0.4016 0.0100 
      H190.6  2 0.4453 0.1279 0.1270 0.2999 
      H400.4  2 0.1752 0.4749 0.3383 0.0117 
 H428.2_2006  2 0.0406 0.3971 0.5361 0.0262 
 H428.6_2005  2 0.3124 0.3193 0.3399 0.0284 
      H453.3  2 0.1105 0.4716 0.4048 0.0131 
     H512.10  2 0.0213 0.5815 0.3889 0.0083 
      H513.2  2 0.2681 0.3434 0.3750 0.0136 
      H532.3  2 0.1242 0.3581 0.4079 0.1098 
      H543.8  2 0.1354 0.3493 0.5037 0.0117 
 H545.1_2005  2 0.0133 0.4317 0.5491 0.0060 
 H545.3_2006  2 0.0082 0.4437 0.5426 0.0055 
      H547.7  2 0.0686 0.5497 0.3638 0.0178 
      H548.3  2 0.0513 0.4178 0.5259 0.0050 
     H7389.1  2 0.3294 0.3143 0.3475 0.0088 
      H747.2  2 0.1063 0.3394 0.2400 0.3143 
     H7484.8  2 0.4429 0.2167 0.3239 0.0165 
     H7485.6  2 0.0721 0.3862 0.5301 0.0116 
     H7496.6  2 0.1977 0.3955 0.3983 0.0085 
        UNK9  2 0.0792 0.3613 0.5466 0.0129 
      H009.6  4 0.8627 0.0648 0.0662 0.0064 
      H046.4  4 0.4394 0.2393 0.2855 0.0357 
 H076.2_2004  4 0.2627 0.3111 0.2414 0.1848 
 H076.5_2002  4 0.6259 0.1978 0.1560 0.0203 
 H076.6_2003  4 0.9292 0.0309 0.0336 0.0063 
      H477.6  4 0.1029 0.4873 0.3896 0.0201 
 H479.4_2006  4 0.0929 0.4316 0.4648 0.0106 
 H479.8_2005  4 0.0534 0.4304 0.5064 0.0098 
      H516.4  4 0.1016 0.5130 0.3418 0.0436 
      H646.2  4 0.0437 0.6503 0.2868 0.0192 
      H658.6  4 0.2885 0.3311 0.3585 0.0219 
      H682.1  4 0.2372 0.3171 0.4240 0.0217 
      H720.4  4 0.2199 0.4053 0.3263 0.0485 
      H724.6  4 0.8872 0.0595 0.0456 0.0077 
      H725.5  4 0.2111 0.3943 0.3813 0.0133 
      H726.2  4 0.3700 0.2477 0.2289 0.1534 
      H016.4  5 0.1476 0.3910 0.4540 0.0074 
 H017.1_2002  5 0.4210 0.3478 0.1878 0.0434 
 H017.5_2003  5 0.0977 0.5266 0.3646 0.0111 
      H032.3  5 0.0807 0.5038 0.4067 0.0088 
 H034.4_2002  5 0.9018 0.0407 0.0372 0.0203 
 H034.5_2003  5 0.5477 0.2240 0.2110 0.0173 
      H048.4  5 0.1003 0.4480 0.4344 0.0173 
      H060.1  5 0.0947 0.4761 0.4235 0.0057 
 H070.3_2002  5 0.7741 0.1117 0.1073 0.0069 
 H070.4_2004  5 0.8301 0.0713 0.0895 0.0090 
 H070.5_2003  5 0.8549 0.0662 0.0736 0.0053 
      H077.4  5 0.2611 0.4644 0.2553 0.0192 
      H097.6  5 0.0795 0.5466 0.3629 0.0109 
      H124.5  5 0.1722 0.3913 0.4279 0.0085 
      H132.5  5 0.2056 0.4145 0.3691 0.0108 
      H155.7  5 0.7616 0.0891 0.1220 0.0273 
      H169.2  5 0.0766 0.5360 0.3705 0.0168 
      H457.8  5 0.0284 0.5114 0.4470 0.0131 
      H462.4  5 0.7388 0.1095 0.1070 0.0448 
      H481.8  5 0.4253 0.2713 0.2918 0.0116 
      H509.4  5 0.5202 0.2179 0.2340 0.0279 
      H567.2  5 0.8403 0.0645 0.0814 0.0139 
      H608.4  5 0.0721 0.5441 0.3754 0.0084 
      H615.4  5 0.4233 0.2984 0.2658 0.0125 
      H635.4  5 0.1106 0.3177 0.5178 0.0538 
      H728.5  5 0.0690 0.4603 0.4526 0.0181 
 H7395.1_200  5 0.1134 0.3617 0.4177 0.1072 
     H7395.5  5 0.0236 0.4667 0.4841 0.0256 
      H742.2  5 0.4741 0.2670 0.2276 0.0312 
      H958.3  5 0.6790 0.1440 0.1672 0.0098 
      H452.9 10 0.8863 0.0586 0.0496 0.0055 
      H473.5 10 0.0517 0.5639 0.3790 0.0054 
      H487.5 10 0.9000 0.0293 0.0188 0.0519 
     H703.10 10 0.1388 0.4204 0.4164 0.0244 
      H705.2 10 0.3993 0.2373 0.3439 0.0196 
     H7352.5 10 0.0415 0.4643 0.4752 0.0190 
     H7354.1 10 0.1566 0.4378 0.3317 0.0738 
     H7359.1 10 0.4283 0.2589 0.2693 0.0435 
      H909.8 10 0.4466 0.2159 0.2065 0.1310 
     H9555.3 10 0.9236 0.0189 0.0280 0.0295 
     H9703.4 10 0.1444 0.2009 0.2199 0.4348 
     H9707.6 10 0.3643 0.2963 0.3243 0.0151 
     HSAA4.2 10 0.8487 0.0208 0.0244 0.1061 
   saaRTON.1 10 0.0069 0.0063 0.0062 0.9807 
  saaRTON.10 10 0.0106 0.0124 0.0118 0.9653 
   saaRTON.2 10 0.0064 0.0062 0.0064 0.9810 
   saaRTON.3 10 0.0111 0.0084 0.0096 0.9709 
   saaRTON.4 10 0.0066 0.0052 0.0056 0.9826 
   saaRTON.5 10 0.0070 0.0056 0.0061 0.9813 
   saaRTON.6 10 0.0078 0.0069 0.0068 0.9784 
   saaRTON.7 10 0.0114 0.0119 0.0151 0.9616 
   saaRTON.8 10 0.0067 0.0063 0.0058 0.9811 
   saaRTON.9 10 0.0044 0.0047 0.0047 0.9862 
      H005.8 11 0.1534 0.4275 0.4014 0.0176 
      H031.2 11 0.4951 0.2691 0.2174 0.0184 
      H136.1 11 0.2540 0.4558 0.2680 0.0222 
      H153.4 11 0.3129 0.3838 0.1753 0.1280 
      H167.1 11 0.1481 0.3908 0.4546 0.0064 
      H173.1 11 0.2295 0.4272 0.3294 0.0139 
 H194.8_2003 11 0.8126 0.0647 0.0738 0.0490 
      H196.6 11 0.9346 0.0240 0.0212 0.0202 
 H356.5_2002 11 0.0522 0.3966 0.5315 0.0196 
 H356.6_2001 11 0.0367 0.3950 0.4501 0.1182 
      H360.6 11 0.1967 0.3305 0.4519 0.0208 
 H369.1_2001 11 0.5155 0.2070 0.2693 0.0082 
      H369.4 11 0.3418 0.3396 0.3027 0.0159 
      H374.3 11 0.1354 0.5305 0.3155 0.0187 
      H376.1 11 0.0619 0.4415 0.4846 0.0120 
      H381.1 11 0.4576 0.2895 0.2385 0.0144 
      H386.5 11 0.2517 0.3794 0.3599 0.0089 
 H387.5_2001 11 0.1569 0.4526 0.3294 0.0611 
      H387.9 11 0.0454 0.5303 0.4006 0.0238 
      H392.6 11 0.1263 0.5130 0.3332 0.0276 
 H393.4_2001 11 0.0821 0.4929 0.4063 0.0186 
 H393.4_2002 11 0.1540 0.4190 0.3999 0.0271 
      H394.5 11 0.2965 0.3655 0.3275 0.0105 
      H412.9 11 0.3550 0.2954 0.1582 0.1914 
      H439.5 11 0.3142 0.2694 0.3418 0.0747 
 H441.6_2004 11 0.9116 0.0435 0.0371 0.0077 
 H441.7_2005 11 0.5974 0.1957 0.1919 0.0151 
 H442.6_2004 11 0.7359 0.1125 0.1109 0.0408 
      H442.9 11 0.3564 0.3723 0.2510 0.0202 
      H446.6 11 0.4097 0.2495 0.3228 0.0179 
      H447.7 11 0.2404 0.3461 0.3934 0.0201 
      H448.2 11 0.8530 0.0667 0.0668 0.0135 
      H586.2 11 0.0488 0.5527 0.3796 0.0190 
     H590.10 11 0.0386 0.5056 0.4442 0.0116 
      H610.7 11 0.2282 0.3310 0.4252 0.0156 
      H611.4 11 0.5063 0.2694 0.2158 0.0084 
 H7379.2_200 11 0.1863 0.3359 0.4355 0.0423 
 H7379.4_200 11 0.4206 0.2731 0.2879 0.0185 
      H741.1 11 0.1938 0.4463 0.3402 0.0197 
      H927.3 11 0.2234 0.3822 0.3883 0.0060 
      H928.4 11 0.1641 0.4086 0.3945 0.0328 
     H9560.4 11 0.4390 0.1413 0.1129 0.3068 
    Rad451.3 11 0.2609 0.4785 0.2495 0.0110 
