      H008.9  2 0.2597 0.2832 0.4474 0.0098 
 H029.5_2002  2 0.3071 0.2340 0.4482 0.0108 
 H029.5_2003  2 0.2176 0.3404 0.4343 0.0076 
      H030.1  2 0.6808 0.1397 0.1434 0.0362 
      H038.4  2 0.2954 0.2848 0.4078 0.0120 
      H041.2  2 0.3078 0.1806 0.5021 0.0095 
 H042.3_2003  2 0.2793 0.2979 0.4079 0.0149 
 H042.4_2002  2 0.3129 0.1894 0.4446 0.0532 
   H042_2002  2 0.1249 0.2677 0.5987 0.0086 
   H042_2003  2 0.1375 0.2738 0.5792 0.0094 
      H043.7  2 0.2259 0.4712 0.2963 0.0066 
      H047.6  2 0.1389 0.3911 0.4510 0.0190 
 H071.1_2003  2 0.6897 0.1229 0.1819 0.0055 
 H071.5_2002  2 0.4663 0.2641 0.2511 0.0185 
 H081.3_2003  2 0.3039 0.3877 0.2837 0.0247 
      H081.7  2 0.5368 0.1915 0.2596 0.0121 
      H083.1  2 0.5695 0.2048 0.2052 0.0206 
      H084.5  2 0.2623 0.3693 0.3122 0.0562 
 H085.1_2003  2 0.7418 0.1687 0.0786 0.0109 
 H085.5_2002  2 0.5977 0.2122 0.1744 0.0158 
      H088.7  2 0.3047 0.2173 0.4667 0.0113 
      H091.1  2 0.8216 0.1468 0.0238 0.0078 
      H109.6  2 0.0835 0.4847 0.3944 0.0374 
      H126.2  2 0.1577 0.5574 0.2690 0.0159 
      H130.3  2 0.4247 0.3784 0.1765 0.0204 
      H133.1  2 0.1156 0.4678 0.4049 0.0117 
      H147.4  2 0.6688 0.1168 0.2071 0.0072 
      H148.6  2 0.2181 0.2523 0.4861 0.0435 
   H166022.2  2 0.6254 0.2029 0.1274 0.0443 
   H167397.3  2 0.0707 0.4430 0.4716 0.0146 
   H167496.6  2 0.7531 0.1375 0.1007 0.0087 
   H167513.8  2 0.1111 0.5135 0.3367 0.0386 
   H167547.4  2 0.4096 0.4226 0.1352 0.0326 
   H169750.2  2 0.5919 0.1645 0.2340 0.0096 
   H171929.2  2 0.1753 0.3519 0.2786 0.1942 
   H171930.8  2 0.3604 0.2905 0.3290 0.0201 
   H171933.7  2 0.5519 0.2964 0.1382 0.0135 
      H190.6  2 0.1453 0.2600 0.2677 0.3270 
      H400.4  2 0.4982 0.2274 0.2620 0.0123 
 H428.2_2006  2 0.5481 0.2103 0.2118 0.0297 
 H428.6_2005  2 0.3704 0.3700 0.2329 0.0266 
      H453.3  2 0.7177 0.2126 0.0557 0.0141 
     H512.10  2 0.3591 0.3891 0.2418 0.0101 
      H513.2  2 0.4192 0.3745 0.1896 0.0168 
      H532.3  2 0.6417 0.1399 0.1271 0.0914 
      H543.8  2 0.2302 0.3569 0.3999 0.0130 
 H545.1_2005  2 0.0244 0.5665 0.4021 0.0070 
 H545.3_2006  2 0.0285 0.5478 0.4162 0.0075 
      H547.7  2 0.6521 0.2369 0.0889 0.0221 
      H548.3  2 0.0259 0.5388 0.4297 0.0056 
     H7389.1  2 0.4307 0.3314 0.2267 0.0113 
      H747.2  2 0.1434 0.3354 0.1746 0.3466 
     H7484.8  2 0.3539 0.3162 0.3101 0.0197 
     H7485.6  2 0.0555 0.5096 0.4180 0.0169 
     H7496.6  2 0.7670 0.1382 0.0838 0.0110 
        UNK9  2 0.5381 0.2693 0.1753 0.0173 
      H009.6  4 0.1707 0.2715 0.5513 0.0066 
      H046.4  4 0.2762 0.3123 0.3644 0.0471 
 H076.2_2004  4 0.3982 0.2199 0.2117 0.1702 
 H076.5_2002  4 0.2608 0.2436 0.4764 0.0192 
 H076.6_2003  4 0.1886 0.1856 0.6189 0.0068 
      H477.6  4 0.4084 0.4786 0.0936 0.0194 
 H479.4_2006  4 0.5893 0.2253 0.1758 0.0096 
 H479.8_2005  4 0.6278 0.2110 0.1511 0.0100 
      H516.4  4 0.0978 0.5672 0.2935 0.0415 
      H646.2  4 0.4084 0.4576 0.1106 0.0234 
      H658.6  4 0.4113 0.3827 0.1862 0.0198 
      H682.1  4 0.4915 0.2448 0.2408 0.0229 
      H720.4  4 0.3733 0.3176 0.2625 0.0466 
      H724.6  4 0.1485 0.2025 0.6388 0.0102 
      H725.5  4 0.7363 0.1808 0.0680 0.0148 
      H726.2  4 0.3258 0.3203 0.2035 0.1504 
      H016.4  5 0.2106 0.4058 0.3750 0.0086 
 H017.1_2002  5 0.1753 0.4219 0.3516 0.0512 
 H017.5_2003  5 0.1956 0.5658 0.2271 0.0116 
      H032.3  5 0.2974 0.3907 0.3008 0.0111 
 H034.4_2002  5 0.1551 0.2257 0.5931 0.0261 
 H034.5_2003  5 0.1977 0.3864 0.3956 0.0202 
      H048.4  5 0.4102 0.2685 0.3036 0.0177 
      H060.1  5 0.0996 0.5655 0.3255 0.0093 
 H070.3_2002  5 0.2118 0.2980 0.4814 0.0089 
 H070.4_2004  5 0.2176 0.2561 0.5166 0.0098 
 H070.5_2003  5 0.1411 0.2995 0.5533 0.0061 
      H077.4  5 0.2849 0.4454 0.2526 0.0171 
      H097.6  5 0.6354 0.2431 0.1077 0.0138 
      H124.5  5 0.4169 0.2129 0.3600 0.0101 
      H132.5  5 0.2596 0.2759 0.4543 0.0101 
      H155.7  5 0.1691 0.3467 0.4476 0.0366 
      H169.2  5 0.2065 0.5150 0.2624 0.0160 
      H457.8  5 0.3653 0.4374 0.1787 0.0186 
      H462.4  5 0.1607 0.3512 0.4340 0.0541 
      H481.8  5 0.3779 0.3086 0.2958 0.0177 
      H509.4  5 0.5525 0.1845 0.2354 0.0276 
      H567.2  5 0.2394 0.2995 0.4456 0.0154 
      H608.4  5 0.3905 0.4022 0.1988 0.0085 
      H615.4  5 0.2103 0.3817 0.3946 0.0134 
      H635.4  5 0.2107 0.3674 0.3594 0.0626 
      H728.5  5 0.1762 0.5314 0.2750 0.0174 
 H7395.1_200  5 0.5338 0.1932 0.1794 0.0936 
     H7395.5  5 0.2937 0.4150 0.2657 0.0257 
      H742.2  5 0.3199 0.2892 0.3554 0.0355 
      H958.3  5 0.2128 0.3635 0.4140 0.0098 
      H452.9 10 0.1929 0.1981 0.6025 0.0064 
      H473.5 10 0.2630 0.4748 0.2560 0.0062 
      H487.5 10 0.1525 0.1981 0.5904 0.0589 
     H703.10 10 0.5426 0.3537 0.0817 0.0219 
      H705.2 10 0.4159 0.3527 0.2105 0.0209 
     H7352.5 10 0.0985 0.4452 0.4338 0.0224 
     H7354.1 10 0.2922 0.4655 0.1635 0.0788 
     H7359.1 10 0.1366 0.3856 0.4257 0.0521 
      H909.8 10 0.2540 0.2772 0.3341 0.1348 
     H9555.3 10 0.1764 0.2151 0.5722 0.0363 
     H9703.4 10 0.3141 0.1499 0.0830 0.4530 
     H9707.6 10 0.5178 0.2005 0.2654 0.0164 
     HSAA4.2 10 0.1827 0.2073 0.4515 0.1585 
   saaRTON.1 10 0.0081 0.0067 0.0067 0.9785 
  saaRTON.10 10 0.0137 0.0118 0.0166 0.9579 
   saaRTON.2 10 0.0081 0.0064 0.0061 0.9793 
   saaRTON.3 10 0.0091 0.0106 0.0096 0.9707 
   saaRTON.4 10 0.0055 0.0065 0.0070 0.9810 
   saaRTON.5 10 0.0065 0.0071 0.0064 0.9800 
   saaRTON.6 10 0.0077 0.0086 0.0073 0.9764 
   saaRTON.7 10 0.0168 0.0158 0.0162 0.9512 
   saaRTON.8 10 0.0070 0.0067 0.0071 0.9792 
   saaRTON.9 10 0.0053 0.0051 0.0050 0.9846 
      H005.8 11 0.2715 0.4413 0.2681 0.0191 
      H031.2 11 0.3448 0.2594 0.3749 0.0209 
      H136.1 11 0.2113 0.5379 0.2253 0.0255 
      H153.4 11 0.1479 0.4828 0.2411 0.1282 
      H167.1 11 0.3512 0.2835 0.3592 0.0061 
      H173.1 11 0.5468 0.2585 0.1774 0.0172 
 H194.8_2003 11 0.2266 0.2014 0.5063 0.0657 
      H196.6 11 0.1493 0.1845 0.6412 0.0250 
 H356.5_2002 11 0.4762 0.3044 0.1967 0.0228 
 H356.6_2001 11 0.6179 0.1417 0.1106 0.1298 
      H360.6 11 0.6712 0.1574 0.1551 0.0163 
 H369.1_2001 11 0.2892 0.1915 0.5114 0.0079 
      H369.4 11 0.4806 0.2437 0.2604 0.0153 
      H374.3 11 0.2833 0.4680 0.2258 0.0229 
      H376.1 11 0.2251 0.4481 0.3156 0.0112 
      H381.1 11 0.3528 0.3970 0.2347 0.0155 
      H386.5 11 0.1117 0.4656 0.4106 0.0122 
 H387.5_2001 11 0.5210 0.2667 0.1487 0.0635 
      H387.9 11 0.2326 0.4565 0.2894 0.0215 
      H392.6 11 0.0674 0.6349 0.2726 0.0251 
 H393.4_2001 11 0.2555 0.4051 0.3196 0.0198 
 H393.4_2002 11 0.3333 0.3622 0.2693 0.0351 
      H394.5 11 0.3102 0.3339 0.3435 0.0124 
      H412.9 11 0.2702 0.2444 0.2937 0.1916 
      H439.5 11 0.2535 0.3030 0.3724 0.0711 
 H441.6_2004 11 0.1955 0.2341 0.5620 0.0084 
 H441.7_2005 11 0.2046 0.3323 0.4450 0.0181 
 H442.6_2004 11 0.2588 0.2878 0.4109 0.0425 
      H442.9 11 0.3420 0.3763 0.2548 0.0270 
      H446.6 11 0.3445 0.4120 0.2210 0.0225 
      H447.7 11 0.5433 0.2414 0.1926 0.0228 
      H448.2 11 0.2390 0.3021 0.4422 0.0167 
      H586.2 11 0.1063 0.5715 0.3016 0.0206 
     H590.10 11 0.1345 0.5096 0.3385 0.0173 
      H610.7 11 0.5163 0.2404 0.2221 0.0212 
      H611.4 11 0.1655 0.4289 0.3959 0.0096 
 H7379.2_200 11 0.1427 0.3856 0.4318 0.0399 
 H7379.4_200 11 0.0813 0.4309 0.4652 0.0226 
      H741.1 11 0.4160 0.3870 0.1763 0.0207 
      H927.3 11 0.4840 0.2656 0.2444 0.0060 
      H928.4 11 0.2873 0.3670 0.3047 0.0409 
     H9560.4 11 0.1777 0.2241 0.2572 0.3410 
    Rad451.3 11 0.2366 0.4005 0.3519 0.0110 
