      H008.9  2 0.6143 0.1994 0.1778 0.0085 
 H029.5_2002  2 0.0729 0.1708 0.7477 0.0086 
 H029.5_2003  2 0.0561 0.1084 0.8299 0.0057 
      H030.1  2 0.0536 0.7578 0.1558 0.0328 
      H038.4  2 0.0389 0.2143 0.7356 0.0112 
      H041.2  2 0.2437 0.1640 0.5847 0.0076 
 H042.3_2003  2 0.3912 0.4030 0.1935 0.0124 
 H042.4_2002  2 0.6407 0.2304 0.0929 0.0360 
   H042_2002  2 0.8152 0.0400 0.1378 0.0070 
   H042_2003  2 0.7861 0.0471 0.1596 0.0072 
      H043.7  2 0.0663 0.3072 0.6203 0.0062 
      H047.6  2 0.0676 0.0587 0.8595 0.0141 
 H071.1_2003  2 0.1903 0.7071 0.0973 0.0053 
 H071.5_2002  2 0.0707 0.6223 0.2912 0.0157 
 H081.3_2003  2 0.2196 0.3273 0.4301 0.0229 
      H081.7  2 0.1728 0.5768 0.2396 0.0108 
      H083.1  2 0.0348 0.7387 0.2116 0.0150 
      H084.5  2 0.1890 0.2093 0.5516 0.0501 
 H085.1_2003  2 0.0459 0.7360 0.2061 0.0120 
 H085.5_2002  2 0.2925 0.6451 0.0478 0.0145 
      H088.7  2 0.3514 0.1255 0.5127 0.0105 
      H091.1  2 0.0262 0.9382 0.0293 0.0063 
      H109.6  2 0.1611 0.0468 0.7648 0.0272 
      H126.2  2 0.1724 0.2238 0.5885 0.0153 
      H130.3  2 0.0632 0.4525 0.4675 0.0169 
      H133.1  2 0.0212 0.0826 0.8872 0.0091 
      H147.4  2 0.0558 0.7532 0.1846 0.0064 
      H148.6  2 0.5685 0.1917 0.1963 0.0435 
   H166022.2  2 0.1295 0.6996 0.1138 0.0571 
   H167397.3  2 0.0328 0.0321 0.9211 0.0140 
   H167496.6  2 0.1475 0.7337 0.1116 0.0072 
   H167513.8  2 0.0290 0.0855 0.8486 0.0368 
   H167547.4  2 0.0934 0.6407 0.2352 0.0306 
   H169750.2  2 0.2388 0.6096 0.1447 0.0069 
   H171929.2  2 0.1599 0.1800 0.4845 0.1757 
   H171930.8  2 0.4978 0.1879 0.2931 0.0212 
   H171933.7  2 0.0841 0.8555 0.0502 0.0102 
      H190.6  2 0.4092 0.2342 0.0786 0.2781 
      H400.4  2 0.1409 0.3539 0.4942 0.0110 
 H428.2_2006  2 0.0185 0.6427 0.3127 0.0261 
 H428.6_2005  2 0.3032 0.5176 0.1591 0.0202 
      H453.3  2 0.0549 0.8607 0.0736 0.0108 
     H512.10  2 0.0273 0.4364 0.5281 0.0083 
      H513.2  2 0.1276 0.6582 0.2004 0.0138 
      H532.3  2 0.1019 0.7256 0.0971 0.0753 
      H543.8  2 0.1022 0.1465 0.7401 0.0112 
 H545.1_2005  2 0.0116 0.0170 0.9655 0.0060 
 H545.3_2006  2 0.0099 0.0177 0.9658 0.0066 
      H547.7  2 0.0780 0.6737 0.2278 0.0205 
      H548.3  2 0.0422 0.0272 0.9258 0.0048 
     H7389.1  2 0.2183 0.5593 0.2136 0.0088 
      H747.2  2 0.1278 0.1171 0.4145 0.3406 
     H7484.8  2 0.3682 0.4201 0.1951 0.0165 
     H7485.6  2 0.0331 0.0321 0.9225 0.0123 
     H7496.6  2 0.1476 0.7947 0.0486 0.0091 
        UNK9  2 0.0299 0.7277 0.2293 0.0131 
      H009.6  4 0.9003 0.0500 0.0435 0.0062 
      H046.4  4 0.4133 0.2472 0.2995 0.0400 
 H076.2_2004  4 0.3364 0.2939 0.1815 0.1882 
 H076.5_2002  4 0.7065 0.0924 0.1852 0.0159 
 H076.6_2003  4 0.9325 0.0307 0.0309 0.0059 
      H477.6  4 0.1092 0.6635 0.2080 0.0192 
 H479.4_2006  4 0.0804 0.5688 0.3418 0.0090 
 H479.8_2005  4 0.0425 0.7163 0.2325 0.0086 
      H516.4  4 0.1302 0.1106 0.7250 0.0341 
      H646.2  4 0.1369 0.3631 0.4816 0.0184 
      H658.6  4 0.3429 0.4917 0.1475 0.0179 
      H682.1  4 0.2400 0.6355 0.1039 0.0206 
      H720.4  4 0.2897 0.2891 0.3653 0.0559 
      H724.6  4 0.8767 0.0382 0.0763 0.0088 
      H725.5  4 0.1499 0.8049 0.0306 0.0147 
      H726.2  4 0.3871 0.3142 0.1468 0.1519 
      H016.4  5 0.0825 0.2152 0.6945 0.0077 
 H017.1_2002  5 0.4137 0.2480 0.2739 0.0644 
 H017.5_2003  5 0.1887 0.2811 0.5181 0.0121 
      H032.3  5 0.1134 0.2049 0.6728 0.0088 
 H034.4_2002  5 0.8520 0.0661 0.0618 0.0201 
 H034.5_2003  5 0.4584 0.2086 0.3160 0.0170 
      H048.4  5 0.0828 0.2960 0.6008 0.0204 
      H060.1  5 0.0641 0.0719 0.8577 0.0064 
 H070.3_2002  5 0.7272 0.0982 0.1675 0.0071 
 H070.4_2004  5 0.7538 0.1807 0.0573 0.0082 
 H070.5_2003  5 0.8369 0.1016 0.0561 0.0054 
      H077.4  5 0.2486 0.3236 0.4084 0.0194 
      H097.6  5 0.0712 0.6578 0.2601 0.0108 
      H124.5  5 0.2075 0.2346 0.5490 0.0089 
      H132.5  5 0.2516 0.1891 0.5503 0.0090 
      H155.7  5 0.7348 0.1190 0.1201 0.0261 
      H169.2  5 0.1021 0.1951 0.6866 0.0162 
      H457.8  5 0.0452 0.3985 0.5430 0.0134 
      H462.4  5 0.7038 0.1330 0.1038 0.0594 
      H481.8  5 0.3586 0.5740 0.0561 0.0113 
      H509.4  5 0.4813 0.4672 0.0323 0.0192 
      H567.2  5 0.7793 0.1778 0.0306 0.0122 
      H608.4  5 0.0843 0.3828 0.5253 0.0075 
      H615.4  5 0.4504 0.2893 0.2487 0.0116 
      H635.4  5 0.1049 0.2246 0.6182 0.0523 
      H728.5  5 0.0490 0.0729 0.8624 0.0158 
 H7395.1_200  5 0.1504 0.5254 0.2192 0.1050 
     H7395.5  5 0.0148 0.1335 0.8254 0.0263 
      H742.2  5 0.5287 0.2095 0.2384 0.0234 
      H958.3  5 0.5844 0.3686 0.0386 0.0084 
      H452.9 10 0.8804 0.0719 0.0422 0.0054 
      H473.5 10 0.0255 0.2155 0.7542 0.0047 
      H487.5 10 0.9129 0.0172 0.0252 0.0448 
     H703.10 10 0.1636 0.6218 0.1914 0.0232 
      H705.2 10 0.3144 0.6177 0.0485 0.0194 
     H7352.5 10 0.0243 0.0156 0.9444 0.0156 
     H7354.1 10 0.1425 0.4271 0.3657 0.0647 
     H7359.1 10 0.3914 0.1468 0.4247 0.0371 
      H909.8 10 0.4874 0.3436 0.0559 0.1131 
     H9555.3 10 0.9207 0.0300 0.0187 0.0305 
     H9703.4 10 0.1364 0.3838 0.0503 0.4295 
     H9707.6 10 0.2920 0.5361 0.1577 0.0142 
     HSAA4.2 10 0.8057 0.0640 0.0192 0.1111 
   saaRTON.1 10 0.0061 0.0072 0.0053 0.9814 
  saaRTON.10 10 0.0155 0.0093 0.0133 0.9619 
   saaRTON.2 10 0.0075 0.0070 0.0059 0.9796 
   saaRTON.3 10 0.0114 0.0063 0.0080 0.9743 
   saaRTON.4 10 0.0054 0.0060 0.0068 0.9818 
   saaRTON.5 10 0.0064 0.0057 0.0061 0.9817 
   saaRTON.6 10 0.0078 0.0089 0.0065 0.9768 
   saaRTON.7 10 0.0126 0.0109 0.0133 0.9632 
   saaRTON.8 10 0.0073 0.0054 0.0062 0.9810 
   saaRTON.9 10 0.0052 0.0045 0.0047 0.9856 
      H005.8 11 0.1680 0.2901 0.5265 0.0153 
      H031.2 11 0.6116 0.2046 0.1625 0.0213 
      H136.1 11 0.3462 0.3512 0.2843 0.0183 
      H153.4 11 0.3726 0.2655 0.2152 0.1468 
      H167.1 11 0.1186 0.4401 0.4346 0.0067 
      H173.1 11 0.2246 0.6234 0.1356 0.0165 
 H194.8_2003 11 0.8245 0.0551 0.0617 0.0586 
      H196.6 11 0.9384 0.0144 0.0264 0.0208 
 H356.5_2002 11 0.1131 0.5590 0.3091 0.0188 
 H356.6_2001 11 0.0460 0.7547 0.0949 0.1044 
      H360.6 11 0.2284 0.6680 0.0882 0.0154 
 H369.1_2001 11 0.5598 0.1590 0.2740 0.0072 
      H369.4 11 0.3051 0.5496 0.1298 0.0155 
      H374.3 11 0.1851 0.3942 0.3960 0.0247 
      H376.1 11 0.1502 0.2267 0.6109 0.0122 
      H381.1 11 0.3439 0.3874 0.2547 0.0141 
      H386.5 11 0.1347 0.1400 0.7154 0.0099 
 H387.5_2001 11 0.1734 0.5614 0.2033 0.0619 
      H387.9 11 0.1028 0.2976 0.5719 0.0277 
      H392.6 11 0.2702 0.1044 0.6047 0.0207 
 H393.4_2001 11 0.1054 0.3648 0.5127 0.0171 
 H393.4_2002 11 0.2012 0.5207 0.2488 0.0294 
      H394.5 11 0.3425 0.3746 0.2725 0.0104 
      H412.9 11 0.3774 0.2105 0.2239 0.1881 
      H439.5 11 0.3332 0.2940 0.3168 0.0560 
 H441.6_2004 11 0.9304 0.0394 0.0225 0.0077 
 H441.7_2005 11 0.6607 0.1438 0.1794 0.0161 
 H442.6_2004 11 0.7014 0.2150 0.0506 0.0330 
      H442.9 11 0.4015 0.3457 0.2303 0.0226 
      H446.6 11 0.5165 0.2941 0.1757 0.0137 
      H447.7 11 0.2548 0.5377 0.1856 0.0218 
      H448.2 11 0.8240 0.1322 0.0299 0.0139 
      H586.2 11 0.0580 0.0477 0.8714 0.0229 
     H590.10 11 0.0497 0.1866 0.7508 0.0129 
      H610.7 11 0.2375 0.5288 0.2171 0.0165 
      H611.4 11 0.4856 0.1543 0.3521 0.0080 
 H7379.2_200 11 0.1949 0.1164 0.6499 0.0388 
 H7379.4_200 11 0.4722 0.0417 0.4672 0.0188 
      H741.1 11 0.2147 0.5148 0.2542 0.0162 
      H927.3 11 0.2972 0.3953 0.3026 0.0049 
      H928.4 11 0.1738 0.3972 0.3852 0.0438 
     H9560.4 11 0.4300 0.2376 0.0601 0.2724 
    Rad451.3 11 0.2325 0.1494 0.6089 0.0092 
