      H008.9  2 0.3792 0.0067 0.1740 0.2002 0.2399 
 H029.5_2002  2 0.0964 0.0089 0.7335 0.0702 0.0909 
 H029.5_2003  2 0.0880 0.0065 0.6680 0.1185 0.1191 
      H030.1  2 0.0276 0.0283 0.0863 0.3213 0.5365 
      H038.4  2 0.0285 0.0099 0.7859 0.0615 0.1142 
      H041.2  2 0.2135 0.0070 0.5445 0.0792 0.1557 
 H042.3_2003  2 0.3852 0.0129 0.1445 0.1991 0.2584 
 H042.4_2002  2 0.6770 0.0330 0.0543 0.1006 0.1350 
   H042_2002  2 0.8191 0.0085 0.0787 0.0519 0.0419 
   H042_2003  2 0.8439 0.0077 0.0710 0.0408 0.0366 
      H043.7  2 0.0282 0.0062 0.4940 0.2804 0.1913 
      H047.6  2 0.0819 0.0157 0.7457 0.1013 0.0554 
 H071.1_2003  2 0.1462 0.0049 0.0829 0.3009 0.4650 
 H071.5_2002  2 0.0462 0.0142 0.3326 0.2653 0.3417 
 H081.3_2003  2 0.1172 0.0231 0.3155 0.2997 0.2447 
      H081.7  2 0.0536 0.0109 0.3128 0.2051 0.4176 
      H083.1  2 0.0428 0.0148 0.1722 0.2571 0.5131 
      H084.5  2 0.1198 0.0538 0.5139 0.1931 0.1194 
 H085.1_2003  2 0.0216 0.0093 0.1206 0.1579 0.6906 
 H085.5_2002  2 0.1269 0.0157 0.0360 0.1968 0.6247 
      H088.7  2 0.4211 0.0108 0.3728 0.0994 0.0958 
      H091.1  2 0.0155 0.0062 0.0180 0.2580 0.7024 
      H109.6  2 0.0924 0.0339 0.6736 0.1330 0.0670 
      H126.2  2 0.0750 0.0125 0.3753 0.3502 0.1869 
      H130.3  2 0.0505 0.0171 0.2107 0.4759 0.2457 
      H133.1  2 0.0277 0.0092 0.7012 0.1705 0.0914 
      H147.4  2 0.0314 0.0065 0.2038 0.1490 0.6093 
      H148.6  2 0.4235 0.0290 0.2277 0.1317 0.1881 
   H166022.2  2 0.0954 0.0448 0.0857 0.2028 0.5712 
   H167397.3  2 0.0534 0.0132 0.8310 0.0354 0.0669 
   H167496.6  2 0.1105 0.0074 0.0433 0.2596 0.5792 
   H167513.8  2 0.0220 0.0378 0.7303 0.1446 0.0653 
   H167547.4  2 0.0377 0.0223 0.0767 0.3429 0.5205 
   H169750.2  2 0.2364 0.0076 0.1497 0.2114 0.3949 
   H171929.2  2 0.1352 0.1486 0.3056 0.2494 0.1612 
   H171930.8  2 0.4728 0.0196 0.1417 0.1853 0.1806 
   H171933.7  2 0.0568 0.0104 0.0479 0.2227 0.6623 
      H190.6  2 0.3276 0.2973 0.0418 0.2117 0.1215 
      H400.4  2 0.1098 0.0112 0.3653 0.2525 0.2612 
 H428.2_2006  2 0.0196 0.0223 0.2119 0.3052 0.4411 
 H428.6_2005  2 0.0805 0.0233 0.0848 0.2728 0.5385 
      H453.3  2 0.0218 0.0120 0.0262 0.2468 0.6932 
     H512.10  2 0.0265 0.0085 0.3190 0.3820 0.2640 
      H513.2  2 0.0977 0.0129 0.0922 0.1946 0.6026 
      H532.3  2 0.0610 0.0745 0.0460 0.3495 0.4691 
      H543.8  2 0.0449 0.0113 0.6918 0.1255 0.1264 
 H545.1_2005  2 0.0105 0.0066 0.9414 0.0297 0.0118 
 H545.3_2006  2 0.0074 0.0060 0.9434 0.0325 0.0108 
      H547.7  2 0.0233 0.0159 0.0625 0.3206 0.5777 
      H548.3  2 0.0173 0.0047 0.8821 0.0837 0.0123 
     H7389.1  2 0.1353 0.0099 0.0491 0.2477 0.5581 
      H747.2  2 0.1205 0.3513 0.2225 0.2067 0.0989 
     H7484.8  2 0.1944 0.0132 0.1436 0.2603 0.3885 
     H7485.6  2 0.0120 0.0127 0.8510 0.0854 0.0390 
     H7496.6  2 0.0906 0.0060 0.0203 0.2572 0.6260 
        UNK9  2 0.0490 0.0165 0.1700 0.1889 0.5756 
      H009.6  4 0.8227 0.0062 0.0260 0.0849 0.0601 
      H046.4  4 0.3138 0.0384 0.1725 0.2897 0.1856 
 H076.2_2004  4 0.2292 0.1876 0.1416 0.2465 0.1951 
 H076.5_2002  4 0.6526 0.0166 0.0785 0.1755 0.0768 
 H076.6_2003  4 0.9184 0.0075 0.0255 0.0323 0.0163 
      H477.6  4 0.0457 0.0174 0.1167 0.4139 0.4063 
 H479.4_2006  4 0.0416 0.0105 0.2394 0.3006 0.4078 
 H479.8_2005  4 0.0134 0.0081 0.1273 0.2080 0.6432 
      H516.4  4 0.0418 0.0339 0.3804 0.4775 0.0664 
      H646.2  4 0.0743 0.0181 0.0901 0.6486 0.1689 
      H658.6  4 0.0942 0.0174 0.0661 0.5483 0.2740 
      H682.1  4 0.1655 0.0206 0.0768 0.2094 0.5278 
      H720.4  4 0.2507 0.0544 0.2318 0.2849 0.1782 
      H724.6  4 0.8758 0.0089 0.0472 0.0399 0.0282 
      H725.5  4 0.0848 0.0104 0.0194 0.2387 0.6467 
      H726.2  4 0.1998 0.1453 0.0825 0.3652 0.2073 
      H016.4  5 0.0749 0.0080 0.5611 0.1883 0.1677 
 H017.1_2002  5 0.1092 0.0491 0.1020 0.5509 0.1888 
 H017.5_2003  5 0.0337 0.0100 0.2897 0.4711 0.1955 
      H032.3  5 0.0507 0.0087 0.4972 0.2940 0.1494 
 H034.4_2002  5 0.8266 0.0161 0.0517 0.0659 0.0396 
 H034.5_2003  5 0.3686 0.0167 0.1728 0.2833 0.1586 
      H048.4  5 0.0810 0.0149 0.4702 0.2279 0.2060 
      H060.1  5 0.0246 0.0050 0.6890 0.2132 0.0683 
 H070.3_2002  5 0.5771 0.0072 0.1554 0.1647 0.0955 
 H070.4_2004  5 0.6792 0.0070 0.0588 0.0806 0.1744 
 H070.5_2003  5 0.7237 0.0057 0.0706 0.1221 0.0779 
      H077.4  5 0.0830 0.0145 0.2414 0.4305 0.2306 
      H097.6  5 0.0544 0.0122 0.1252 0.3159 0.4923 
      H124.5  5 0.1761 0.0096 0.3315 0.1683 0.3144 
      H132.5  5 0.2548 0.0098 0.5110 0.1182 0.1062 
      H155.7  5 0.7306 0.0281 0.1105 0.0890 0.0417 
      H169.2  5 0.0320 0.0147 0.3220 0.4742 0.1571 
      H457.8  5 0.0232 0.0147 0.2971 0.3420 0.3229 
      H462.4  5 0.6102 0.0466 0.0693 0.1863 0.0877 
      H481.8  5 0.2583 0.0114 0.0539 0.3376 0.3388 
      H509.4  5 0.4655 0.0236 0.0317 0.1991 0.2800 
      H567.2  5 0.8175 0.0139 0.0269 0.0734 0.0683 
      H608.4  5 0.0658 0.0078 0.2608 0.3749 0.2907 
      H615.4  5 0.2990 0.0111 0.1549 0.2987 0.2363 
      H635.4  5 0.0769 0.0603 0.5688 0.1660 0.1280 
      H728.5  5 0.0324 0.0143 0.6292 0.2260 0.0981 
 H7395.1_200  5 0.0736 0.0926 0.1873 0.2896 0.3569 
     H7395.5  5 0.0164 0.0249 0.4395 0.3121 0.2071 
      H742.2  5 0.3247 0.0286 0.1544 0.2992 0.1930 
      H958.3  5 0.4458 0.0081 0.0123 0.2794 0.2544 
      H452.9 10 0.8936 0.0045 0.0295 0.0358 0.0366 
      H473.5 10 0.0277 0.0042 0.5177 0.2313 0.2192 
      H487.5 10 0.8796 0.0591 0.0213 0.0260 0.0140 
     H703.10 10 0.0401 0.0226 0.0975 0.4128 0.4270 
      H705.2 10 0.1673 0.0168 0.0315 0.2732 0.5112 
     H7352.5 10 0.0620 0.0192 0.8205 0.0513 0.0470 
     H7354.1 10 0.0510 0.0776 0.1851 0.3950 0.2913 
     H7359.1 10 0.2141 0.0460 0.3295 0.2937 0.1167 
      H909.8 10 0.2257 0.1157 0.0728 0.2784 0.3075 
     H9555.3 10 0.9248 0.0268 0.0104 0.0209 0.0171 
     H9703.4 10 0.0585 0.4342 0.0322 0.1948 0.2802 
     H9707.6 10 0.2703 0.0120 0.0977 0.1940 0.4259 
     HSAA4.2 10 0.8046 0.1334 0.0123 0.0210 0.0287 
   saaRTON.1 10 0.0071 0.9721 0.0062 0.0073 0.0073 
  saaRTON.10 10 0.0136 0.9548 0.0093 0.0133 0.0090 
   saaRTON.2 10 0.0061 0.9761 0.0048 0.0065 0.0065 
   saaRTON.3 10 0.0120 0.9617 0.0072 0.0109 0.0082 
   saaRTON.4 10 0.0065 0.9754 0.0061 0.0065 0.0056 
   saaRTON.5 10 0.0068 0.9738 0.0061 0.0072 0.0061 
   saaRTON.6 10 0.0059 0.9736 0.0061 0.0072 0.0072 
   saaRTON.7 10 0.0152 0.9462 0.0107 0.0128 0.0150 
   saaRTON.8 10 0.0058 0.9762 0.0056 0.0069 0.0054 
   saaRTON.9 10 0.0046 0.9819 0.0038 0.0045 0.0053 
      H005.8 11 0.0613 0.0151 0.3039 0.3981 0.2216 
      H031.2 11 0.3946 0.0202 0.1016 0.2750 0.2086 
      H136.1 11 0.1326 0.0151 0.1049 0.5644 0.1829 
      H153.4 11 0.1320 0.1126 0.0510 0.5150 0.1895 
      H167.1 11 0.0864 0.0062 0.3287 0.2393 0.3395 
      H173.1 11 0.0469 0.0105 0.0488 0.4237 0.4702 
 H194.8_2003 11 0.7767 0.0462 0.0531 0.0588 0.0652 
      H196.6 11 0.9268 0.0162 0.0290 0.0145 0.0135 
 H356.5_2002 11 0.0367 0.0186 0.1235 0.5284 0.2928 
 H356.6_2001 11 0.0146 0.1050 0.0353 0.4038 0.4413 
      H360.6 11 0.1857 0.0140 0.0901 0.2278 0.4824 
 H369.1_2001 11 0.3767 0.0078 0.3064 0.1336 0.1755 
      H369.4 11 0.0851 0.0134 0.0568 0.3744 0.4703 
      H374.3 11 0.0194 0.0148 0.1163 0.6139 0.2356 
      H376.1 11 0.0459 0.0131 0.5221 0.3020 0.1170 
      H381.1 11 0.2349 0.0165 0.1138 0.3681 0.2666 
      H386.5 11 0.1448 0.0100 0.4253 0.2964 0.1235 
 H387.5_2001 11 0.0709 0.0661 0.0426 0.3494 0.4709 
      H387.9 11 0.0279 0.0251 0.3000 0.4813 0.1657 
      H392.6 11 0.1019 0.0216 0.3852 0.4403 0.0509 
 H393.4_2001 11 0.0267 0.0136 0.1759 0.5349 0.2490 
 H393.4_2002 11 0.0273 0.0191 0.0831 0.5628 0.3076 
      H394.5 11 0.1338 0.0092 0.1919 0.3836 0.2815 
      H412.9 11 0.2398 0.1978 0.1062 0.2594 0.1968 
      H439.5 11 0.1783 0.0632 0.2945 0.2632 0.2008 
 H441.6_2004 11 0.8904 0.0065 0.0175 0.0543 0.0313 
 H441.7_2005 11 0.6319 0.0148 0.1743 0.1162 0.0629 
 H442.6_2004 11 0.6426 0.0412 0.0318 0.1969 0.0875 
      H442.9 11 0.2363 0.0203 0.0961 0.3802 0.2672 
      H446.6 11 0.3741 0.0202 0.0705 0.2766 0.2586 
      H447.7 11 0.1416 0.0239 0.1820 0.2483 0.4042 
      H448.2 11 0.7208 0.0159 0.0306 0.0882 0.1445 
      H586.2 11 0.0317 0.0224 0.5401 0.2844 0.1214 
     H590.10 11 0.0432 0.0102 0.3974 0.3922 0.1569 
      H610.7 11 0.2506 0.0143 0.1702 0.2084 0.3565 
      H611.4 11 0.3075 0.0096 0.2498 0.3132 0.1199 
 H7379.2_200 11 0.0617 0.0341 0.6883 0.1329 0.0830 
 H7379.4_200 11 0.2498 0.0202 0.5384 0.1510 0.0406 
      H741.1 11 0.1024 0.0173 0.1051 0.5003 0.2749 
      H927.3 11 0.1720 0.0063 0.2933 0.2367 0.2917 
      H928.4 11 0.0934 0.0349 0.2226 0.3723 0.2768 
     H9560.4 11 0.4062 0.2932 0.0212 0.1770 0.1024 
    Rad451.3 11 0.1018 0.0102 0.3967 0.3644 0.1270 
