      H008.9  2 0.5426 0.0071 0.4503 
 H029.5_2002  2 0.5939 0.0090 0.3972 
 H029.5_2003  2 0.5548 0.0054 0.4399 
      H030.1  2 0.4293 0.0387 0.5320 
      H038.4  2 0.6808 0.0100 0.3092 
      H041.2  2 0.5763 0.0097 0.4141 
 H042.3_2003  2 0.3874 0.0129 0.5997 
 H042.4_2002  2 0.3348 0.0447 0.6205 
   H042_2002  2 0.5665 0.0083 0.4252 
   H042_2003  2 0.5674 0.0073 0.4253 
      H043.7  2 0.6659 0.0064 0.3278 
      H047.6  2 0.5910 0.0157 0.3934 
 H071.1_2003  2 0.5397 0.0055 0.4548 
 H071.5_2002  2 0.5773 0.0161 0.4065 
 H081.3_2003  2 0.5523 0.0235 0.4241 
      H081.7  2 0.5825 0.0097 0.4078 
      H083.1  2 0.4766 0.0196 0.5038 
      H084.5  2 0.4564 0.0564 0.4872 
 H085.1_2003  2 0.5023 0.0123 0.4854 
 H085.5_2002  2 0.4189 0.0123 0.5688 
      H088.7  2 0.5847 0.0118 0.4034 
      H091.1  2 0.2472 0.0058 0.7470 
      H109.6  2 0.6183 0.0333 0.3484 
      H126.2  2 0.5463 0.0152 0.4385 
      H130.3  2 0.4454 0.0197 0.5350 
      H133.1  2 0.6176 0.0079 0.3745 
      H147.4  2 0.5675 0.0072 0.4253 
      H148.6  2 0.5310 0.0325 0.4365 
   H166022.2  2 0.3432 0.0482 0.6086 
   H167397.3  2 0.5461 0.0115 0.4423 
   H167496.6  2 0.4394 0.0067 0.5540 
   H167513.8  2 0.6192 0.0315 0.3493 
   H167547.4  2 0.2595 0.0305 0.7099 
   H169750.2  2 0.4652 0.0075 0.5273 
   H171929.2  2 0.4830 0.2024 0.3146 
   H171930.8  2 0.4641 0.0268 0.5091 
   H171933.7  2 0.3441 0.0099 0.6460 
      H190.6  2 0.2680 0.3257 0.4064 
      H400.4  2 0.4649 0.0115 0.5236 
 H428.2_2006  2 0.4978 0.0272 0.4750 
 H428.6_2005  2 0.4442 0.0269 0.5289 
      H453.3  2 0.2565 0.0106 0.7329 
     H512.10  2 0.4892 0.0093 0.5015 
      H513.2  2 0.3498 0.0136 0.6366 
      H532.3  2 0.3279 0.1212 0.5509 
      H543.8  2 0.6135 0.0100 0.3765 
 H545.1_2005  2 0.6781 0.0057 0.3162 
 H545.3_2006  2 0.6717 0.0051 0.3232 
      H547.7  2 0.3219 0.0203 0.6578 
      H548.3  2 0.6718 0.0044 0.3238 
     H7389.1  2 0.3647 0.0109 0.6244 
      H747.2  2 0.3490 0.3666 0.2843 
     H7484.8  2 0.5195 0.0177 0.4628 
     H7485.6  2 0.6494 0.0159 0.3347 
     H7496.6  2 0.3611 0.0119 0.6270 
        UNK9  2 0.4972 0.0139 0.4889 
      H009.6  4 0.4119 0.0059 0.5822 
      H046.4  4 0.4537 0.0425 0.5038 
 H076.2_2004  4 0.3366 0.1629 0.5004 
 H076.5_2002  4 0.3648 0.0186 0.6166 
 H076.6_2003  4 0.3952 0.0062 0.5986 
      H477.6  4 0.3468 0.0269 0.6263 
 H479.4_2006  4 0.5517 0.0089 0.4394 
 H479.8_2005  4 0.5429 0.0089 0.4482 
      H516.4  4 0.4892 0.0380 0.4727 
      H646.2  4 0.3642 0.0266 0.6091 
      H658.6  4 0.3170 0.0185 0.6646 
      H682.1  4 0.4421 0.0200 0.5379 
      H720.4  4 0.4076 0.0582 0.5341 
      H724.6  4 0.4571 0.0097 0.5331 
      H725.5  4 0.3917 0.0161 0.5922 
      H726.2  4 0.2585 0.1359 0.6056 
      H016.4  5 0.6147 0.0074 0.3779 
 H017.1_2002  5 0.3919 0.0532 0.5549 
 H017.5_2003  5 0.5124 0.0100 0.4775 
      H032.3  5 0.4780 0.0082 0.5138 
 H034.4_2002  5 0.4930 0.0283 0.4787 
 H034.5_2003  5 0.4771 0.0155 0.5075 
      H048.4  5 0.4740 0.0154 0.5105 
      H060.1  5 0.6223 0.0071 0.3706 
 H070.3_2002  5 0.5118 0.0075 0.4807 
 H070.4_2004  5 0.4698 0.0071 0.5230 
 H070.5_2003  5 0.5077 0.0056 0.4867 
      H077.4  5 0.5522 0.0169 0.4309 
      H097.6  5 0.3470 0.0112 0.6418 
      H124.5  5 0.5616 0.0093 0.4291 
      H132.5  5 0.5831 0.0091 0.4077 
      H155.7  5 0.4998 0.0323 0.4678 
      H169.2  5 0.5853 0.0180 0.3968 
      H457.8  5 0.4690 0.0143 0.5167 
      H462.4  5 0.4539 0.0705 0.4756 
      H481.8  5 0.4180 0.0128 0.5692 
      H509.4  5 0.3933 0.0315 0.5752 
      H567.2  5 0.3359 0.0148 0.6493 
      H608.4  5 0.4754 0.0073 0.5173 
      H615.4  5 0.5569 0.0151 0.4280 
      H635.4  5 0.5956 0.0572 0.3472 
      H728.5  5 0.6217 0.0152 0.3631 
 H7395.1_200  5 0.4792 0.1061 0.4148 
     H7395.5  5 0.6240 0.0242 0.3517 
      H742.2  5 0.4904 0.0305 0.4790 
      H958.3  5 0.3014 0.0094 0.6892 
      H452.9 10 0.4158 0.0053 0.5789 
      H473.5 10 0.5573 0.0051 0.4375 
      H487.5 10 0.3460 0.0503 0.6038 
     H703.10 10 0.4733 0.0275 0.4992 
      H705.2 10 0.3188 0.0182 0.6630 
     H7352.5 10 0.6074 0.0162 0.3764 
     H7354.1 10 0.4319 0.0649 0.5032 
     H7359.1 10 0.5187 0.0429 0.4384 
      H909.8 10 0.4215 0.1240 0.4545 
     H9555.3 10 0.3500 0.0282 0.6217 
     H9703.4 10 0.1679 0.5030 0.3291 
     H9707.6 10 0.4565 0.0196 0.5239 
     HSAA4.2 10 0.3491 0.1168 0.5340 
   saaRTON.1 10 0.0061 0.9874 0.0065 
  saaRTON.10 10 0.0131 0.9759 0.0110 
   saaRTON.2 10 0.0054 0.9882 0.0064 
   saaRTON.3 10 0.0084 0.9828 0.0087 
   saaRTON.4 10 0.0047 0.9893 0.0060 
   saaRTON.5 10 0.0060 0.9886 0.0054 
   saaRTON.6 10 0.0069 0.9855 0.0076 
   saaRTON.7 10 0.0111 0.9747 0.0142 
   saaRTON.8 10 0.0057 0.9886 0.0057 
   saaRTON.9 10 0.0045 0.9907 0.0048 
      H005.8 11 0.5170 0.0162 0.4668 
      H031.2 11 0.4734 0.0193 0.5072 
      H136.1 11 0.3485 0.0167 0.6348 
      H153.4 11 0.3336 0.1376 0.5288 
      H167.1 11 0.5922 0.0067 0.4011 
      H173.1 11 0.4424 0.0152 0.5424 
 H194.8_2003 11 0.4314 0.0547 0.5139 
      H196.6 11 0.4180 0.0182 0.5638 
 H356.5_2002 11 0.4591 0.0180 0.5228 
 H356.6_2001 11 0.3931 0.1351 0.4717 
      H360.6 11 0.4645 0.0161 0.5194 
 H369.1_2001 11 0.6105 0.0070 0.3825 
      H369.4 11 0.4792 0.0154 0.5054 
      H374.3 11 0.5616 0.0222 0.4162 
      H376.1 11 0.4954 0.0107 0.4939 
      H381.1 11 0.5093 0.0114 0.4793 
      H386.5 11 0.5355 0.0086 0.4559 
 H387.5_2001 11 0.3026 0.0662 0.6312 
      H387.9 11 0.4973 0.0209 0.4818 
      H392.6 11 0.4645 0.0200 0.5155 
 H393.4_2001 11 0.5445 0.0189 0.4366 
 H393.4_2002 11 0.5664 0.0311 0.4025 
      H394.5 11 0.5940 0.0124 0.3936 
      H412.9 11 0.3510 0.1932 0.4558 
      H439.5 11 0.5543 0.0617 0.3839 
 H441.6_2004 11 0.3470 0.0066 0.6464 
 H441.7_2005 11 0.5424 0.0195 0.4381 
 H442.6_2004 11 0.3577 0.0380 0.6042 
      H442.9 11 0.3552 0.0247 0.6201 
      H446.6 11 0.2407 0.0160 0.7433 
      H447.7 11 0.4380 0.0207 0.5414 
      H448.2 11 0.3176 0.0166 0.6657 
      H586.2 11 0.5426 0.0169 0.4405 
     H590.10 11 0.5826 0.0111 0.4064 
      H610.7 11 0.4792 0.0189 0.5019 
      H611.4 11 0.4935 0.0090 0.4976 
 H7379.2_200 11 0.6220 0.0362 0.3418 
 H7379.4_200 11 0.5987 0.0175 0.3838 
      H741.1 11 0.3643 0.0176 0.6181 
      H927.3 11 0.5287 0.0067 0.4646 
      H928.4 11 0.4632 0.0433 0.4935 
     H9560.4 11 0.2515 0.3231 0.4254 
    Rad451.3 11 0.5691 0.0090 0.4219 
