      H008.9  2 0.0917 0.1378 0.0076 0.6154 0.1475 
 H029.5_2002  2 0.1312 0.6528 0.0098 0.1051 0.1011 
 H029.5_2003  2 0.2944 0.5828 0.0060 0.0435 0.0734 
      H030.1  2 0.1808 0.0778 0.0297 0.0232 0.6885 
      H038.4  2 0.1246 0.7452 0.0103 0.0319 0.0880 
      H041.2  2 0.0896 0.5282 0.0076 0.3099 0.0648 
 H042.3_2003  2 0.2806 0.1695 0.0151 0.2313 0.3034 
 H042.4_2002  2 0.2326 0.0466 0.0461 0.5043 0.1705 
   H042_2002  2 0.1083 0.1474 0.0071 0.6899 0.0472 
   H042_2003  2 0.0912 0.1452 0.0076 0.7068 0.0491 
      H043.7  2 0.1767 0.6302 0.0061 0.0298 0.1572 
      H047.6  2 0.1521 0.7364 0.0143 0.0714 0.0258 
 H071.1_2003  2 0.1832 0.1043 0.0060 0.1427 0.5637 
 H071.5_2002  2 0.2337 0.2275 0.0176 0.0430 0.4782 
 H081.3_2003  2 0.3141 0.2945 0.0239 0.1372 0.2303 
      H081.7  2 0.1326 0.2962 0.0089 0.1096 0.4526 
      H083.1  2 0.2068 0.1439 0.0185 0.0188 0.6120 
      H084.5  2 0.3310 0.3163 0.0603 0.0959 0.1965 
 H085.1_2003  2 0.1878 0.1739 0.0114 0.0561 0.5708 
 H085.5_2002  2 0.1440 0.0749 0.0130 0.2251 0.5430 
      H088.7  2 0.1521 0.3662 0.0118 0.3884 0.0815 
      H091.1  2 0.1767 0.0348 0.0061 0.0163 0.7661 
      H109.6  2 0.2037 0.5626 0.0379 0.1415 0.0543 
      H126.2  2 0.4573 0.2663 0.0119 0.0883 0.1762 
      H130.3  2 0.5428 0.1482 0.0154 0.0345 0.2590 
      H133.1  2 0.1565 0.7478 0.0088 0.0268 0.0602 
      H147.4  2 0.1382 0.2004 0.0068 0.0578 0.5968 
      H148.6  2 0.1259 0.1562 0.0372 0.5582 0.1226 
   H166022.2  2 0.2518 0.0701 0.0557 0.0906 0.5319 
   H167397.3  2 0.1889 0.7442 0.0140 0.0376 0.0154 
   H167496.6  2 0.1540 0.0624 0.0072 0.1456 0.6309 
   H167513.8  2 0.2040 0.6523 0.0371 0.0189 0.0877 
   H167547.4  2 0.3487 0.1180 0.0314 0.0508 0.4512 
   H169750.2  2 0.1434 0.1664 0.0086 0.2091 0.4726 
   H171929.2  2 0.2224 0.4146 0.1552 0.0939 0.1139 
   H171930.8  2 0.3034 0.1049 0.0195 0.4366 0.1355 
   H171933.7  2 0.1784 0.0396 0.0111 0.0364 0.7345 
      H190.6  2 0.2079 0.0463 0.2863 0.3108 0.1487 
      H400.4  2 0.3049 0.3446 0.0116 0.1121 0.2269 
 H428.2_2006  2 0.2354 0.1983 0.0271 0.0217 0.5175 
 H428.6_2005  2 0.2831 0.1926 0.0265 0.2481 0.2497 
      H453.3  2 0.3028 0.0184 0.0096 0.0260 0.6433 
     H512.10  2 0.4482 0.2440 0.0093 0.0198 0.2786 
      H513.2  2 0.2270 0.1495 0.0158 0.1095 0.4982 
      H532.3  2 0.2396 0.0516 0.0878 0.0752 0.5458 
      H543.8  2 0.1397 0.6936 0.0108 0.0646 0.0913 
 H545.1_2005  2 0.0290 0.9442 0.0062 0.0097 0.0110 
 H545.3_2006  2 0.0200 0.9563 0.0061 0.0069 0.0107 
      H547.7  2 0.2854 0.0953 0.0175 0.0264 0.5755 
      H548.3  2 0.0513 0.8991 0.0049 0.0199 0.0248 
     H7389.1  2 0.2919 0.1051 0.0094 0.1870 0.4065 
      H747.2  2 0.2846 0.2434 0.2969 0.0673 0.1077 
     H7484.8  2 0.2102 0.1307 0.0140 0.2964 0.3487 
     H7485.6  2 0.0792 0.8684 0.0133 0.0235 0.0155 
     H7496.6  2 0.1371 0.0333 0.0098 0.0851 0.7347 
        UNK9  2 0.1775 0.2215 0.0146 0.0333 0.5531 
      H009.6  4 0.0830 0.0238 0.0052 0.8336 0.0545 
      H046.4  4 0.3066 0.1532 0.0405 0.1743 0.3253 
 H076.2_2004  4 0.3106 0.1055 0.1604 0.2164 0.2071 
 H076.5_2002  4 0.1999 0.0580 0.0167 0.6681 0.0574 
 H076.6_2003  4 0.0399 0.0260 0.0051 0.9102 0.0188 
      H477.6  4 0.3179 0.1028 0.0182 0.0191 0.5421 
 H479.4_2006  4 0.2552 0.2523 0.0089 0.0407 0.4430 
 H479.8_2005  4 0.2049 0.1687 0.0081 0.0196 0.5986 
      H516.4  4 0.4478 0.3447 0.0340 0.0380 0.1356 
      H646.2  4 0.8159 0.0418 0.0145 0.0449 0.0829 
      H658.6  4 0.4350 0.0961 0.0173 0.0955 0.3561 
      H682.1  4 0.2049 0.0710 0.0207 0.1323 0.5712 
      H720.4  4 0.4264 0.1621 0.0453 0.1854 0.1808 
      H724.6  4 0.0432 0.0700 0.0091 0.8396 0.0382 
      H725.5  4 0.1019 0.0318 0.0121 0.0546 0.7996 
      H726.2  4 0.5120 0.0720 0.1014 0.1099 0.2046 
      H016.4  5 0.2421 0.5395 0.0071 0.0763 0.1351 
 H017.1_2002  5 0.4454 0.1354 0.0510 0.2515 0.1167 
 H017.5_2003  5 0.4542 0.2645 0.0102 0.0866 0.1845 
      H032.3  5 0.3679 0.4169 0.0076 0.0656 0.1420 
 H034.4_2002  5 0.0302 0.0385 0.0202 0.8839 0.0272 
 H034.5_2003  5 0.2239 0.2380 0.0148 0.4049 0.1184 
      H048.4  5 0.2773 0.4337 0.0189 0.0734 0.1968 
      H060.1  5 0.1977 0.6779 0.0064 0.0574 0.0606 
 H070.3_2002  5 0.0816 0.1339 0.0073 0.7371 0.0400 
 H070.4_2004  5 0.0550 0.0567 0.0076 0.8007 0.0801 
 H070.5_2003  5 0.0371 0.0545 0.0050 0.8411 0.0624 
      H077.4  5 0.3309 0.2347 0.0165 0.1466 0.2713 
      H097.6  5 0.3487 0.1545 0.0098 0.0395 0.4476 
      H124.5  5 0.2754 0.4108 0.0090 0.0969 0.2079 
      H132.5  5 0.2151 0.5307 0.0090 0.1286 0.1166 
      H155.7  5 0.1420 0.0966 0.0292 0.6597 0.0724 
      H169.2  5 0.3228 0.4581 0.0121 0.0546 0.1524 
      H457.8  5 0.4521 0.1989 0.0127 0.0166 0.3196 
      H462.4  5 0.1092 0.0624 0.0504 0.6990 0.0791 
      H481.8  5 0.2157 0.0621 0.0098 0.2404 0.4720 
      H509.4  5 0.1206 0.0266 0.0231 0.4482 0.3813 
      H567.2  5 0.0722 0.0159 0.0103 0.8325 0.0691 
      H608.4  5 0.3440 0.3659 0.0086 0.0609 0.2207 
      H615.4  5 0.2588 0.1778 0.0115 0.3464 0.2056 
      H635.4  5 0.2750 0.4461 0.0513 0.0684 0.1592 
      H728.5  5 0.2853 0.5955 0.0159 0.0292 0.0740 
 H7395.1_200  5 0.2724 0.2022 0.0934 0.0514 0.3807 
     H7395.5  5 0.2973 0.5020 0.0226 0.0218 0.1564 
      H742.2  5 0.2463 0.1677 0.0230 0.3628 0.2002 
      H958.3  5 0.3026 0.0158 0.0095 0.3014 0.3706 
      H452.9 10 0.0502 0.0335 0.0047 0.8833 0.0283 
      H473.5 10 0.2716 0.5494 0.0042 0.0287 0.1461 
      H487.5 10 0.0314 0.0221 0.0562 0.8773 0.0130 
     H703.10 10 0.2872 0.1344 0.0192 0.0687 0.4905 
      H705.2 10 0.2494 0.0276 0.0165 0.1648 0.5416 
     H7352.5 10 0.1421 0.7851 0.0176 0.0296 0.0256 
     H7354.1 10 0.3407 0.2284 0.0583 0.0763 0.2963 
     H7359.1 10 0.2610 0.3235 0.0486 0.2114 0.1556 
      H909.8 10 0.2049 0.0812 0.1190 0.3777 0.2173 
     H9555.3 10 0.0203 0.0142 0.0276 0.9231 0.0149 
     H9703.4 10 0.1501 0.0422 0.4345 0.0871 0.2861 
     H9707.6 10 0.2154 0.1281 0.0124 0.2724 0.3718 
     HSAA4.2 10 0.0524 0.0149 0.1187 0.7807 0.0334 
   saaRTON.1 10 0.0060 0.0057 0.9741 0.0067 0.0075 
  saaRTON.10 10 0.0104 0.0101 0.9558 0.0127 0.0110 
   saaRTON.2 10 0.0060 0.0057 0.9753 0.0056 0.0074 
   saaRTON.3 10 0.0095 0.0066 0.9646 0.0105 0.0087 
   saaRTON.4 10 0.0063 0.0052 0.9771 0.0060 0.0055 
   saaRTON.5 10 0.0065 0.0062 0.9774 0.0053 0.0046 
   saaRTON.6 10 0.0081 0.0061 0.9694 0.0085 0.0079 
   saaRTON.7 10 0.0089 0.0129 0.9499 0.0167 0.0115 
   saaRTON.8 10 0.0059 0.0060 0.9757 0.0069 0.0055 
   saaRTON.9 10 0.0049 0.0042 0.9822 0.0043 0.0044 
      H005.8 11 0.2609 0.3333 0.0167 0.1111 0.2779 
      H031.2 11 0.2795 0.0922 0.0185 0.3836 0.2262 
      H136.1 11 0.5023 0.1125 0.0155 0.1076 0.2621 
      H153.4 11 0.4827 0.1144 0.1054 0.1063 0.1911 
      H167.1 11 0.2839 0.3229 0.0087 0.0909 0.2935 
      H173.1 11 0.3291 0.0685 0.0131 0.1024 0.4870 
 H194.8_2003 11 0.0517 0.0347 0.0516 0.8133 0.0487 
      H196.6 11 0.0331 0.0399 0.0185 0.8914 0.0171 
 H356.5_2002 11 0.4361 0.0632 0.0160 0.0229 0.4618 
 H356.6_2001 11 0.2191 0.0407 0.0854 0.0140 0.6408 
      H360.6 11 0.1620 0.0715 0.0123 0.1920 0.5621 
 H369.1_2001 11 0.0941 0.2601 0.0061 0.5423 0.0975 
      H369.4 11 0.3036 0.1000 0.0132 0.1877 0.3955 
      H374.3 11 0.4293 0.2620 0.0183 0.0687 0.2218 
      H376.1 11 0.5173 0.2401 0.0121 0.0362 0.1944 
      H381.1 11 0.2364 0.1963 0.0128 0.2793 0.2752 
      H386.5 11 0.2308 0.5361 0.0100 0.0978 0.1254 
 H387.5_2001 11 0.4590 0.0293 0.0439 0.1105 0.3572 
      H387.9 11 0.5292 0.2163 0.0232 0.0283 0.2031 
      H392.6 11 0.6019 0.2020 0.0202 0.0805 0.0953 
 H393.4_2001 11 0.5048 0.2264 0.0132 0.0560 0.1996 
 H393.4_2002 11 0.3894 0.1926 0.0275 0.1201 0.2704 
      H394.5 11 0.2898 0.2207 0.0109 0.2462 0.2324 
      H412.9 11 0.3642 0.0899 0.1631 0.2265 0.1564 
      H439.5 11 0.2110 0.2539 0.0598 0.2669 0.2084 
 H441.6_2004 11 0.0716 0.0141 0.0057 0.8725 0.0361 
 H441.7_2005 11 0.1268 0.1537 0.0138 0.5931 0.1126 
 H442.6_2004 11 0.2109 0.0331 0.0395 0.5386 0.1779 
      H442.9 11 0.3190 0.1106 0.0183 0.1714 0.3807 
      H446.6 11 0.4212 0.0543 0.0150 0.2183 0.2911 
      H447.7 11 0.2375 0.1802 0.0220 0.0927 0.4676 
      H448.2 11 0.1463 0.0294 0.0138 0.6523 0.1581 
      H586.2 11 0.5399 0.3236 0.0163 0.0263 0.0938 
     H590.10 11 0.4389 0.4097 0.0140 0.0237 0.1136 
      H610.7 11 0.2476 0.1550 0.0159 0.1333 0.4484 
      H611.4 11 0.1832 0.2802 0.0087 0.3692 0.1587 
 H7379.2_200 11 0.2159 0.5778 0.0465 0.1027 0.0570 
 H7379.4_200 11 0.1631 0.4007 0.0215 0.3620 0.0527 
      H741.1 11 0.3131 0.1526 0.0173 0.0711 0.4460 
      H927.3 11 0.1915 0.3299 0.0057 0.1515 0.3215 
      H928.4 11 0.3828 0.2032 0.0407 0.0992 0.2742 
     H9560.4 11 0.2092 0.0347 0.2870 0.3192 0.1498 
    Rad451.3 11 0.3497 0.3821 0.0092 0.1239 0.1352 
