      H008.9  2 0.0315 0.6655 0.3029 
 H029.5_2002  2 0.0222 0.3169 0.6609 
 H029.5_2003  2 0.0114 0.3263 0.6623 
      H030.1  2 0.0804 0.3880 0.5316 
      H038.4  2 0.0178 0.2784 0.7038 
      H041.2  2 0.0261 0.5287 0.4452 
 H042.3_2003  2 0.0659 0.6200 0.3142 
 H042.4_2002  2 0.2072 0.6648 0.1280 
   H042_2002  2 0.0742 0.6178 0.3080 
   H042_2003  2 0.0762 0.6199 0.3039 
      H043.7  2 0.0156 0.2205 0.7639 
      H047.6  2 0.0351 0.2813 0.6835 
 H071.1_2003  2 0.0154 0.5151 0.4695 
 H071.5_2002  2 0.0365 0.2756 0.6880 
 H081.3_2003  2 0.0625 0.3964 0.5411 
      H081.7  2 0.0214 0.4170 0.5616 
      H083.1  2 0.0267 0.2592 0.7141 
      H084.5  2 0.0992 0.2841 0.6167 
 H085.1_2003  2 0.0210 0.5168 0.4622 
 H085.5_2002  2 0.0374 0.7078 0.2548 
      H088.7  2 0.0569 0.5563 0.3868 
      H091.1  2 0.0150 0.6406 0.3444 
      H109.6  2 0.0791 0.2708 0.6501 
      H126.2  2 0.0373 0.3524 0.6103 
      H130.3  2 0.0587 0.2783 0.6630 
      H133.1  2 0.0197 0.2824 0.6980 
      H147.4  2 0.0135 0.4571 0.5294 
      H148.6  2 0.1110 0.5678 0.3212 
   H166022.2  2 0.1003 0.4680 0.4317 
   H167397.3  2 0.0206 0.2613 0.7181 
   H167496.6  2 0.0167 0.6706 0.3127 
   H167513.8  2 0.0563 0.2114 0.7323 
   H167547.4  2 0.0620 0.4796 0.4584 
   H169750.2  2 0.0329 0.6037 0.3633 
   H171929.2  2 0.2643 0.3247 0.4110 
   H171930.8  2 0.1010 0.5815 0.3175 
   H171933.7  2 0.0283 0.5690 0.4027 
      H190.6  2 0.4576 0.4719 0.0705 
      H400.4  2 0.0392 0.4726 0.4882 
 H428.2_2006  2 0.0479 0.1881 0.7640 
 H428.6_2005  2 0.0553 0.5616 0.3831 
      H453.3  2 0.0291 0.5314 0.4394 
     H512.10  2 0.0199 0.1603 0.8198 
      H513.2  2 0.0386 0.4753 0.4861 
      H532.3  2 0.1857 0.4094 0.4049 
      H543.8  2 0.0246 0.3255 0.6499 
 H545.1_2005  2 0.0107 0.2334 0.7559 
 H545.3_2006  2 0.0084 0.2253 0.7664 
      H547.7  2 0.0431 0.5525 0.4043 
      H548.3  2 0.0104 0.2332 0.7564 
     H7389.1  2 0.0391 0.5530 0.4079 
      H747.2  2 0.4381 0.2008 0.3610 
     H7484.8  2 0.0556 0.4945 0.4499 
     H7485.6  2 0.0221 0.2252 0.7527 
     H7496.6  2 0.0328 0.6996 0.2676 
        UNK9  2 0.0360 0.4231 0.5409 
      H009.6  4 0.0793 0.7030 0.2177 
      H046.4  4 0.1622 0.4696 0.3681 
 H076.2_2004  4 0.3268 0.4628 0.2104 
 H076.5_2002  4 0.1873 0.5674 0.2453 
 H076.6_2003  4 0.1728 0.7055 0.1216 
      H477.6  4 0.0726 0.4323 0.4951 
 H479.4_2006  4 0.0237 0.4519 0.5244 
 H479.8_2005  4 0.0233 0.3785 0.5982 
      H516.4  4 0.0687 0.2420 0.6893 
      H646.2  4 0.0944 0.2860 0.6196 
      H658.6  4 0.0942 0.6378 0.2680 
      H682.1  4 0.0790 0.5742 0.3468 
      H720.4  4 0.1887 0.3983 0.4131 
      H724.6  4 0.1024 0.6974 0.2002 
      H725.5  4 0.0552 0.6773 0.2675 
      H726.2  4 0.2422 0.5766 0.1812 
      H016.4  5 0.0160 0.3232 0.6608 
 H017.1_2002  5 0.1737 0.4261 0.4002 
 H017.5_2003  5 0.0390 0.3202 0.6408 
      H032.3  5 0.0262 0.3641 0.6097 
 H034.4_2002  5 0.1582 0.6801 0.1617 
 H034.5_2003  5 0.0890 0.5821 0.3289 
      H048.4  5 0.0408 0.3335 0.6257 
      H060.1  5 0.0140 0.2361 0.7498 
 H070.3_2002  5 0.0247 0.6796 0.2957 
 H070.4_2004  5 0.0414 0.7668 0.1917 
 H070.5_2003  5 0.0331 0.7446 0.2223 
      H077.4  5 0.0590 0.3957 0.5453 
      H097.6  5 0.0246 0.4840 0.4915 
      H124.5  5 0.0224 0.4718 0.5059 
      H132.5  5 0.0282 0.5000 0.4718 
      H155.7  5 0.1559 0.5064 0.3377 
      H169.2  5 0.0456 0.2967 0.6577 
      H457.8  5 0.0283 0.2118 0.7599 
      H462.4  5 0.1934 0.5914 0.2152 
      H481.8  5 0.1042 0.6603 0.2355 
      H509.4  5 0.1512 0.6889 0.1599 
      H567.2  5 0.1395 0.7385 0.1220 
      H608.4  5 0.0210 0.4032 0.5758 
      H615.4  5 0.0998 0.5563 0.3439 
      H635.4  5 0.1153 0.2964 0.5883 
      H728.5  5 0.0345 0.2225 0.7430 
 H7395.1_200  5 0.1764 0.3319 0.4918 
     H7395.5  5 0.0488 0.2091 0.7421 
      H742.2  5 0.1607 0.5327 0.3066 
      H958.3  5 0.1040 0.7413 0.1548 
      H452.9 10 0.1129 0.6894 0.1977 
      H473.5 10 0.0122 0.2244 0.7634 
      H487.5 10 0.2721 0.6488 0.0791 
     H703.10 10 0.0804 0.4355 0.4841 
      H705.2 10 0.0740 0.6853 0.2407 
     H7352.5 10 0.0253 0.2611 0.7136 
     H7354.1 10 0.1269 0.3336 0.5395 
     H7359.1 10 0.1538 0.4195 0.4267 
      H909.8 10 0.2216 0.5376 0.2408 
     H9555.3 10 0.2453 0.6878 0.0669 
     H9703.4 10 0.5688 0.2988 0.1325 
     H9707.6 10 0.0787 0.6249 0.2963 
     HSAA4.2 10 0.3292 0.6040 0.0667 
   saaRTON.1 10 0.9758 0.0120 0.0122 
  saaRTON.10 10 0.9573 0.0211 0.0216 
   saaRTON.2 10 0.9777 0.0115 0.0108 
   saaRTON.3 10 0.9698 0.0142 0.0160 
   saaRTON.4 10 0.9784 0.0104 0.0112 
   saaRTON.5 10 0.9805 0.0088 0.0107 
   saaRTON.6 10 0.9755 0.0121 0.0123 
   saaRTON.7 10 0.9605 0.0204 0.0190 
   saaRTON.8 10 0.9762 0.0122 0.0116 
   saaRTON.9 10 0.9836 0.0081 0.0083 
      H005.8 11 0.0330 0.3427 0.6243 
      H031.2 11 0.0941 0.5956 0.3102 
      H136.1 11 0.0798 0.4660 0.4542 
      H153.4 11 0.2238 0.3393 0.4369 
      H167.1 11 0.0137 0.3255 0.6608 
      H173.1 11 0.0463 0.4734 0.4803 
 H194.8_2003 11 0.2413 0.6244 0.1343 
      H196.6 11 0.2128 0.6875 0.0997 
 H356.5_2002 11 0.0588 0.2118 0.7294 
 H356.6_2001 11 0.1807 0.2613 0.5580 
      H360.6 11 0.0586 0.5308 0.4106 
 H369.1_2001 11 0.0194 0.5296 0.4510 
      H369.4 11 0.0667 0.5547 0.3786 
      H374.3 11 0.0555 0.2338 0.7106 
      H376.1 11 0.0282 0.2058 0.7660 
      H381.1 11 0.0506 0.5669 0.3826 
      H386.5 11 0.0354 0.3556 0.6090 
 H387.5_2001 11 0.1349 0.5272 0.3380 
      H387.9 11 0.0484 0.1645 0.7871 
      H392.6 11 0.0488 0.2357 0.7155 
 H393.4_2001 11 0.0311 0.1410 0.8280 
 H393.4_2002 11 0.0599 0.2379 0.7022 
      H394.5 11 0.0307 0.3372 0.6321 
      H412.9 11 0.3116 0.4157 0.2727 
      H439.5 11 0.1519 0.4270 0.4211 
 H441.6_2004 11 0.1576 0.7153 0.1270 
 H441.7_2005 11 0.0480 0.5358 0.4162 
 H442.6_2004 11 0.2148 0.6646 0.1206 
      H442.9 11 0.1362 0.5950 0.2688 
      H446.6 11 0.0814 0.5419 0.3767 
      H447.7 11 0.0700 0.5015 0.4285 
      H448.2 11 0.1750 0.6904 0.1346 
      H586.2 11 0.0347 0.2353 0.7300 
     H590.10 11 0.0307 0.1950 0.7743 
      H610.7 11 0.0548 0.4900 0.4552 
      H611.4 11 0.0388 0.5684 0.3927 
 H7379.2_200 11 0.0702 0.2502 0.6796 
 H7379.4_200 11 0.0435 0.3183 0.6382 
      H741.1 11 0.0741 0.5204 0.4055 
      H927.3 11 0.0223 0.5809 0.3968 
      H928.4 11 0.0869 0.3463 0.5667 
     H9560.4 11 0.4342 0.4717 0.0941 
    Rad451.3 11 0.0367 0.4623 0.5010 
