      H008.9  2 0.0815 0.2189 0.0066 0.1067 0.4025 0.0711 0.1127 
 H029.5_2002  2 0.4677 0.2646 0.0073 0.0646 0.0631 0.0610 0.0717 
 H029.5_2003  2 0.4490 0.2151 0.0049 0.0613 0.0277 0.1181 0.1239 
      H030.1  2 0.0668 0.1234 0.0259 0.3231 0.0131 0.2505 0.1973 
      H038.4  2 0.5531 0.1524 0.0067 0.1160 0.0267 0.0434 0.1016 
      H041.2  2 0.3807 0.2340 0.0076 0.0404 0.2621 0.0434 0.0318 
 H042.3_2003  2 0.1163 0.0942 0.0127 0.1452 0.2009 0.2523 0.1783 
 H042.4_2002  2 0.0384 0.0534 0.0377 0.0919 0.3925 0.2117 0.1745 
   H042_2002  2 0.1145 0.0619 0.0062 0.0391 0.6303 0.0680 0.0800 
   H042_2003  2 0.0972 0.0577 0.0079 0.0442 0.6434 0.0831 0.0664 
      H043.7  2 0.3252 0.2107 0.0055 0.2413 0.0212 0.0796 0.1164 
      H047.6  2 0.4922 0.2058 0.0123 0.0595 0.0536 0.0887 0.0879 
 H071.1_2003  2 0.0268 0.1958 0.0043 0.4011 0.0540 0.0901 0.2280 
 H071.5_2002  2 0.1224 0.1531 0.0141 0.3380 0.0169 0.1953 0.1602 
 H081.3_2003  2 0.1589 0.1665 0.0184 0.1955 0.0780 0.1934 0.1893 
      H081.7  2 0.1000 0.1783 0.0092 0.3825 0.0431 0.0628 0.2241 
      H083.1  2 0.1458 0.1359 0.0151 0.2374 0.0132 0.2835 0.1691 
      H084.5  2 0.2358 0.0592 0.0528 0.1356 0.0579 0.2418 0.2169 
 H085.1_2003  2 0.1076 0.1742 0.0108 0.2537 0.0297 0.1234 0.3006 
 H085.5_2002  2 0.0219 0.2631 0.0108 0.3286 0.0553 0.0542 0.2661 
      H088.7  2 0.1910 0.1748 0.0118 0.0931 0.2862 0.1307 0.1123 
      H091.1  2 0.0201 0.1119 0.0052 0.2078 0.0198 0.2901 0.3451 
      H109.6  2 0.5051 0.1476 0.0337 0.0837 0.0772 0.0801 0.0726 
      H126.2  2 0.1733 0.1456 0.0109 0.2214 0.0306 0.2291 0.1891 
      H130.3  2 0.0667 0.1068 0.0114 0.2354 0.0184 0.3705 0.1908 
      H133.1  2 0.5957 0.1167 0.0087 0.0532 0.0122 0.1226 0.0908 
      H147.4  2 0.1039 0.1935 0.0057 0.2960 0.0345 0.0614 0.3051 
      H148.6  2 0.1929 0.1110 0.0292 0.0799 0.4015 0.1003 0.0852 
   H166022.2  2 0.0663 0.1209 0.0442 0.1962 0.0663 0.2565 0.2495 
   H167397.3  2 0.5779 0.2354 0.0121 0.0487 0.0355 0.0252 0.0652 
   H167496.6  2 0.0368 0.1871 0.0054 0.2235 0.0711 0.1946 0.2816 
   H167513.8  2 0.4404 0.1464 0.0319 0.0968 0.0177 0.1515 0.1152 
   H167547.4  2 0.0535 0.1766 0.0264 0.2085 0.0292 0.2582 0.2476 
   H169750.2  2 0.0636 0.1210 0.0067 0.2635 0.1078 0.2206 0.2169 
   H171929.2  2 0.2152 0.1440 0.1396 0.1329 0.0637 0.1620 0.1425 
   H171930.8  2 0.0847 0.1089 0.0140 0.1408 0.3147 0.1830 0.1540 
   H171933.7  2 0.0324 0.1280 0.0113 0.2185 0.0283 0.3866 0.1949 
      H190.6  2 0.0405 0.0962 0.2501 0.1285 0.1920 0.1607 0.1319 
      H400.4  2 0.1147 0.2254 0.0099 0.1685 0.0736 0.2007 0.2073 
 H428.2_2006  2 0.0930 0.1766 0.0250 0.2780 0.0164 0.1714 0.2395 
 H428.6_2005  2 0.0590 0.2557 0.0171 0.1429 0.0540 0.2408 0.2305 
      H453.3  2 0.0446 0.0787 0.0092 0.2741 0.0233 0.2848 0.2853 
     H512.10  2 0.1759 0.1113 0.0068 0.2631 0.0158 0.2503 0.1768 
      H513.2  2 0.0745 0.1517 0.0120 0.1941 0.0463 0.3290 0.1924 
      H532.3  2 0.0375 0.1322 0.0753 0.2699 0.0361 0.2674 0.1815 
      H543.8  2 0.5286 0.1820 0.0091 0.0716 0.0553 0.0821 0.0713 
 H545.1_2005  2 0.8258 0.0815 0.0043 0.0120 0.0076 0.0233 0.0453 
 H545.3_2006  2 0.8448 0.0929 0.0053 0.0151 0.0061 0.0140 0.0217 
      H547.7  2 0.0474 0.2498 0.0142 0.1331 0.0185 0.2334 0.3036 
      H548.3  2 0.7801 0.0907 0.0036 0.0271 0.0187 0.0370 0.0429 
     H7389.1  2 0.0461 0.1256 0.0087 0.1722 0.0919 0.2982 0.2574 
      H747.2  2 0.1360 0.1235 0.2423 0.1340 0.0420 0.2006 0.1217 
     H7484.8  2 0.0551 0.1850 0.0137 0.1574 0.1178 0.3162 0.1548 
     H7485.6  2 0.7574 0.1059 0.0153 0.0689 0.0149 0.0169 0.0206 
     H7496.6  2 0.0136 0.1254 0.0077 0.2287 0.0333 0.2831 0.3083 
        UNK9  2 0.1273 0.1458 0.0133 0.1987 0.0185 0.3225 0.1738 
      H009.6  4 0.0335 0.1180 0.0055 0.0721 0.6383 0.0447 0.0880 
      H046.4  4 0.1478 0.1557 0.0295 0.1539 0.1297 0.2392 0.1442 
 H076.2_2004  4 0.0695 0.1232 0.1381 0.1554 0.1371 0.1740 0.2027 
 H076.5_2002  4 0.0444 0.0930 0.0136 0.1105 0.4912 0.0865 0.1608 
 H076.6_2003  4 0.0207 0.0203 0.0050 0.0232 0.8895 0.0195 0.0218 
      H477.6  4 0.0569 0.1780 0.0154 0.2014 0.0158 0.3065 0.2260 
 H479.4_2006  4 0.1561 0.1590 0.0089 0.1947 0.0175 0.2364 0.2273 
 H479.8_2005  4 0.0878 0.1713 0.0081 0.1960 0.0157 0.2684 0.2528 
      H516.4  4 0.2393 0.1786 0.0307 0.1355 0.0244 0.2441 0.1474 
      H646.2  4 0.0478 0.1360 0.0144 0.3367 0.0237 0.1901 0.2513 
      H658.6  4 0.0420 0.2438 0.0166 0.2836 0.0395 0.2210 0.1534 
      H682.1  4 0.0415 0.1080 0.0165 0.1816 0.0732 0.3491 0.2299 
      H720.4  4 0.0978 0.1545 0.0333 0.1792 0.0763 0.2616 0.1972 
      H724.6  4 0.0463 0.0124 0.0072 0.0276 0.8577 0.0232 0.0255 
      H725.5  4 0.0178 0.1486 0.0102 0.2318 0.0161 0.3555 0.2200 
      H726.2  4 0.0364 0.1455 0.0928 0.1209 0.0879 0.2718 0.2448 
      H016.4  5 0.2638 0.1439 0.0071 0.1226 0.0457 0.2582 0.1587 
 H017.1_2002  5 0.0297 0.3419 0.0376 0.3132 0.0502 0.0763 0.1512 
 H017.5_2003  5 0.0671 0.3177 0.0091 0.3356 0.0169 0.1042 0.1494 
      H032.3  5 0.2135 0.2756 0.0072 0.1329 0.0227 0.2045 0.1436 
 H034.4_2002  5 0.0262 0.0829 0.0212 0.0351 0.7539 0.0474 0.0334 
 H034.5_2003  5 0.2100 0.1536 0.0158 0.1483 0.2215 0.1464 0.1045 
      H048.4  5 0.2280 0.1839 0.0142 0.0795 0.0640 0.1862 0.2443 
      H060.1  5 0.4973 0.1389 0.0056 0.0984 0.0332 0.1119 0.1147 
 H070.3_2002  5 0.0675 0.1945 0.0058 0.0446 0.5745 0.0442 0.0689 
 H070.4_2004  5 0.0429 0.1682 0.0066 0.0627 0.5660 0.0775 0.0761 
 H070.5_2003  5 0.0725 0.1423 0.0056 0.0671 0.6224 0.0398 0.0502 
      H077.4  5 0.1397 0.2226 0.0117 0.1830 0.0416 0.2201 0.1814 
      H097.6  5 0.0711 0.1610 0.0079 0.1458 0.0259 0.2454 0.3429 
      H124.5  5 0.2561 0.2384 0.0065 0.1158 0.0794 0.1119 0.1919 
      H132.5  5 0.2652 0.1874 0.0076 0.1136 0.1676 0.1523 0.1063 
      H155.7  5 0.1042 0.0917 0.0257 0.0825 0.4364 0.1514 0.1082 
      H169.2  5 0.2420 0.3161 0.0116 0.1816 0.0191 0.0871 0.1425 
      H457.8  5 0.1399 0.0703 0.0116 0.2487 0.0115 0.2790 0.2390 
      H462.4  5 0.0525 0.2104 0.0486 0.1275 0.4201 0.0402 0.1005 
      H481.8  5 0.0334 0.2423 0.0109 0.2521 0.0851 0.1861 0.1900 
      H509.4  5 0.0281 0.0874 0.0192 0.2560 0.1885 0.2293 0.1915 
      H567.2  5 0.0190 0.1132 0.0132 0.0921 0.5345 0.1220 0.1060 
      H608.4  5 0.1580 0.3083 0.0062 0.1120 0.0295 0.2053 0.1807 
      H615.4  5 0.1344 0.2762 0.0106 0.2163 0.1165 0.1088 0.1371 
      H635.4  5 0.3638 0.1295 0.0521 0.1315 0.0546 0.1206 0.1478 
      H728.5  5 0.4367 0.1398 0.0140 0.1488 0.0127 0.1746 0.0734 
 H7395.1_200  5 0.1221 0.1609 0.0905 0.1993 0.0545 0.1536 0.2191 
     H7395.5  5 0.3362 0.1687 0.0245 0.1521 0.0127 0.2408 0.0651 
      H742.2  5 0.0984 0.1845 0.0241 0.1919 0.1571 0.1579 0.1861 
      H958.3  5 0.0296 0.0970 0.0076 0.1253 0.2247 0.3660 0.1499 
      H452.9 10 0.0180 0.0419 0.0040 0.0406 0.8274 0.0265 0.0416 
      H473.5 10 0.2428 0.1906 0.0034 0.1165 0.0138 0.2473 0.1855 
      H487.5 10 0.0193 0.0213 0.0674 0.0286 0.8220 0.0233 0.0181 
     H703.10 10 0.0831 0.1967 0.0179 0.3606 0.0216 0.1129 0.2073 
      H705.2 10 0.0320 0.1588 0.0121 0.1993 0.0996 0.2526 0.2456 
     H7352.5 10 0.5655 0.1596 0.0147 0.0332 0.0228 0.1059 0.0984 
     H7354.1 10 0.1105 0.1415 0.0573 0.1500 0.0287 0.3264 0.1857 
     H7359.1 10 0.2266 0.1662 0.0462 0.1696 0.1251 0.1280 0.1382 
      H909.8 10 0.0407 0.2558 0.1087 0.1669 0.1451 0.1142 0.1687 
     H9555.3 10 0.0143 0.0231 0.0393 0.0189 0.8494 0.0270 0.0280 
     H9703.4 10 0.0217 0.1058 0.4234 0.1762 0.0402 0.0896 0.1431 
     H9707.6 10 0.0610 0.1661 0.0114 0.1610 0.1532 0.2199 0.2275 
     HSAA4.2 10 0.0158 0.0227 0.1328 0.0445 0.6423 0.0985 0.0433 
   saaRTON.1 10 0.0051 0.0061 0.9616 0.0064 0.0055 0.0081 0.0072 
  saaRTON.10 10 0.0096 0.0111 0.9343 0.0105 0.0141 0.0104 0.0101 
   saaRTON.2 10 0.0048 0.0043 0.9673 0.0058 0.0055 0.0059 0.0064 
   saaRTON.3 10 0.0074 0.0067 0.9495 0.0084 0.0115 0.0087 0.0078 
   saaRTON.4 10 0.0053 0.0050 0.9696 0.0049 0.0047 0.0057 0.0048 
   saaRTON.5 10 0.0059 0.0053 0.9679 0.0045 0.0057 0.0054 0.0053 
   saaRTON.6 10 0.0057 0.0069 0.9597 0.0074 0.0059 0.0078 0.0065 
   saaRTON.7 10 0.0102 0.0127 0.9296 0.0112 0.0126 0.0122 0.0113 
   saaRTON.8 10 0.0048 0.0049 0.9695 0.0048 0.0060 0.0045 0.0055 
   saaRTON.9 10 0.0036 0.0041 0.9747 0.0040 0.0049 0.0041 0.0046 
      H005.8 11 0.2159 0.2251 0.0116 0.0890 0.0678 0.2312 0.1595 
      H031.2 11 0.0544 0.1708 0.0174 0.1777 0.2406 0.1436 0.1954 
      H136.1 11 0.0800 0.1747 0.0135 0.1486 0.0408 0.3654 0.1771 
      H153.4 11 0.0559 0.1916 0.1114 0.1286 0.0409 0.2275 0.2441 
      H167.1 11 0.1355 0.1739 0.0048 0.1760 0.0653 0.1739 0.2704 
      H173.1 11 0.0332 0.2476 0.0118 0.1709 0.0331 0.2497 0.2537 
 H194.8_2003 11 0.0291 0.0415 0.0551 0.0487 0.7081 0.0718 0.0458 
      H196.6 11 0.0265 0.0405 0.0178 0.0218 0.8601 0.0173 0.0160 
 H356.5_2002 11 0.0436 0.2377 0.0150 0.4223 0.0125 0.1243 0.1445 
 H356.6_2001 11 0.0120 0.1687 0.0770 0.4240 0.0104 0.1374 0.1705 
      H360.6 11 0.0479 0.1250 0.0119 0.3238 0.0986 0.1841 0.2087 
 H369.1_2001 11 0.2165 0.1056 0.0062 0.1050 0.4191 0.0608 0.0868 
      H369.4 11 0.0390 0.3344 0.0105 0.2554 0.0611 0.0828 0.2168 
      H374.3 11 0.0375 0.4065 0.0109 0.2912 0.0109 0.0812 0.1618 
      H376.1 11 0.1714 0.0865 0.0100 0.2719 0.0305 0.2653 0.1644 
      H381.1 11 0.1455 0.2081 0.0126 0.1490 0.1482 0.1719 0.1647 
      H386.5 11 0.4510 0.1223 0.0078 0.1003 0.0599 0.1079 0.1508 
 H387.5_2001 11 0.0492 0.1037 0.0458 0.2430 0.0670 0.2436 0.2476 
      H387.9 11 0.1792 0.1950 0.0192 0.2133 0.0144 0.1511 0.2279 
      H392.6 11 0.2063 0.1102 0.0182 0.1974 0.0399 0.2591 0.1690 
 H393.4_2001 11 0.0744 0.3121 0.0117 0.2880 0.0108 0.0884 0.2146 
 H393.4_2002 11 0.0228 0.3779 0.0193 0.2711 0.0196 0.0713 0.2180 
      H394.5 11 0.0490 0.3098 0.0074 0.2894 0.0682 0.0556 0.2205 
      H412.9 11 0.0587 0.2027 0.1537 0.1288 0.1294 0.1527 0.1740 
      H439.5 11 0.1550 0.1727 0.0487 0.1549 0.1329 0.1801 0.1557 
 H441.6_2004 11 0.0126 0.0374 0.0049 0.0457 0.7451 0.0698 0.0845 
 H441.7_2005 11 0.1300 0.0887 0.0151 0.0593 0.4838 0.1176 0.1056 
 H442.6_2004 11 0.0337 0.1024 0.0346 0.0987 0.3730 0.2214 0.1362 
      H442.9 11 0.0720 0.2348 0.0137 0.1687 0.0590 0.2491 0.2027 
      H446.6 11 0.0929 0.0671 0.0141 0.1801 0.1701 0.3251 0.1506 
      H447.7 11 0.1139 0.1139 0.0187 0.1727 0.0808 0.3062 0.1940 
      H448.2 11 0.0294 0.1058 0.0146 0.0731 0.4762 0.1958 0.1050 
      H586.2 11 0.3289 0.0717 0.0167 0.2056 0.0181 0.2087 0.1504 
     H590.10 11 0.2854 0.1432 0.0116 0.1639 0.0199 0.2181 0.1579 
      H610.7 11 0.1147 0.0624 0.0151 0.1651 0.0954 0.3402 0.2070 
      H611.4 11 0.2458 0.2040 0.0072 0.1105 0.1316 0.1625 0.1383 
 H7379.2_200 11 0.3873 0.1594 0.0435 0.0790 0.0680 0.1402 0.1225 
 H7379.4_200 11 0.3378 0.0927 0.0160 0.0764 0.2272 0.1676 0.0823 
      H741.1 11 0.0916 0.2249 0.0139 0.1737 0.0351 0.2267 0.2341 
      H927.3 11 0.2574 0.1088 0.0056 0.1588 0.1226 0.2089 0.1379 
      H928.4 11 0.1428 0.1568 0.0371 0.1733 0.0471 0.2113 0.2315 
     H9560.4 11 0.0334 0.1240 0.2022 0.0987 0.1593 0.1919 0.1904 
    Rad451.3 11 0.2581 0.0978 0.0085 0.1319 0.0524 0.2340 0.2174 
