      H008.9  2 0.0075 0.1669 0.4281 0.1173 0.1506 0.1295 
 H029.5_2002  2 0.0095 0.0320 0.0640 0.7533 0.0776 0.0635 
 H029.5_2003  2 0.0066 0.0484 0.0610 0.6942 0.1307 0.0591 
      H030.1  2 0.0270 0.1350 0.0237 0.0746 0.2531 0.4866 
      H038.4  2 0.0097 0.0951 0.0242 0.7184 0.0852 0.0674 
      H041.2  2 0.0072 0.0185 0.1893 0.6900 0.0553 0.0398 
 H042.3_2003  2 0.0152 0.1812 0.2082 0.1825 0.2113 0.2016 
 H042.4_2002  2 0.0424 0.1114 0.4079 0.0907 0.1510 0.1966 
   H042_2002  2 0.0080 0.0623 0.6660 0.1382 0.0655 0.0600 
   H042_2003  2 0.0074 0.0427 0.6678 0.1494 0.0786 0.0542 
      H043.7  2 0.0060 0.2940 0.0178 0.3789 0.1564 0.1468 
      H047.6  2 0.0159 0.0740 0.0862 0.6833 0.0904 0.0503 
 H071.1_2003  2 0.0054 0.2984 0.0992 0.1011 0.2680 0.2280 
 H071.5_2002  2 0.0162 0.2345 0.0343 0.1934 0.2405 0.2812 
 H081.3_2003  2 0.0241 0.3146 0.0917 0.1337 0.2564 0.1794 
      H081.7  2 0.0093 0.3729 0.0644 0.1804 0.2434 0.1296 
      H083.1  2 0.0164 0.2080 0.0142 0.1249 0.2070 0.4296 
      H084.5  2 0.0661 0.1373 0.0730 0.3353 0.1605 0.2279 
 H085.1_2003  2 0.0136 0.2269 0.0293 0.1420 0.2540 0.3342 
 H085.5_2002  2 0.0130 0.3684 0.1170 0.0300 0.2810 0.1906 
      H088.7  2 0.0126 0.0912 0.2063 0.5015 0.1030 0.0854 
      H091.1  2 0.0056 0.2072 0.0111 0.0487 0.2411 0.4864 
      H109.6  2 0.0418 0.1069 0.1385 0.4933 0.1197 0.0999 
      H126.2  2 0.0136 0.2456 0.0400 0.1812 0.3295 0.1901 
      H130.3  2 0.0141 0.1734 0.0228 0.1177 0.3361 0.3359 
      H133.1  2 0.0087 0.0396 0.0168 0.7997 0.0897 0.0456 
      H147.4  2 0.0075 0.2013 0.0768 0.2254 0.1962 0.2927 
      H148.6  2 0.0330 0.1491 0.4606 0.1157 0.1134 0.1282 
   H166022.2  2 0.0453 0.1651 0.1026 0.0689 0.2299 0.3882 
   H167397.3  2 0.0154 0.0330 0.0574 0.7655 0.0761 0.0526 
   H167496.6  2 0.0058 0.1410 0.0693 0.0820 0.2470 0.4548 
   H167513.8  2 0.0457 0.0920 0.0265 0.5381 0.1676 0.1301 
   H167547.4  2 0.0270 0.1991 0.0228 0.0418 0.2874 0.4218 
   H169750.2  2 0.0074 0.1877 0.1259 0.1373 0.2240 0.3177 
   H171929.2  2 0.1523 0.1944 0.0852 0.1947 0.2098 0.1635 
   H171930.8  2 0.0207 0.0939 0.4462 0.0916 0.1386 0.2089 
   H171933.7  2 0.0088 0.2445 0.0255 0.0176 0.2384 0.4652 
      H190.6  2 0.3089 0.1831 0.1646 0.0411 0.1469 0.1554 
      H400.4  2 0.0110 0.1249 0.1008 0.3288 0.2150 0.2195 
 H428.2_2006  2 0.0272 0.2541 0.0165 0.1472 0.1895 0.3654 
 H428.6_2005  2 0.0249 0.4722 0.0849 0.0508 0.2356 0.1316 
      H453.3  2 0.0123 0.2087 0.0205 0.0385 0.3046 0.4154 
     H512.10  2 0.0098 0.2349 0.0178 0.2122 0.2523 0.2729 
      H513.2  2 0.0158 0.2818 0.0463 0.0504 0.2024 0.4033 
      H532.3  2 0.0753 0.1839 0.0608 0.0402 0.2395 0.4003 
      H543.8  2 0.0112 0.1179 0.0640 0.5749 0.1100 0.1221 
 H545.1_2005  2 0.0072 0.0269 0.0087 0.8826 0.0213 0.0533 
 H545.3_2006  2 0.0064 0.0116 0.0071 0.9115 0.0127 0.0507 
      H547.7  2 0.0190 0.1950 0.0250 0.0615 0.2332 0.4663 
      H548.3  2 0.0048 0.0497 0.0181 0.8338 0.0397 0.0539 
     H7389.1  2 0.0105 0.3158 0.0890 0.0413 0.2346 0.3088 
      H747.2  2 0.3011 0.1155 0.0617 0.1526 0.1974 0.1716 
     H7484.8  2 0.0145 0.2544 0.1573 0.0880 0.2437 0.2421 
     H7485.6  2 0.0162 0.1053 0.0207 0.7980 0.0240 0.0359 
     H7496.6  2 0.0062 0.1799 0.0387 0.0525 0.2120 0.5106 
        UNK9  2 0.0171 0.1806 0.0173 0.1568 0.2069 0.4213 
      H009.6  4 0.0070 0.1275 0.6956 0.0205 0.0738 0.0756 
      H046.4  4 0.0388 0.1701 0.2091 0.1398 0.1960 0.2463 
 H076.2_2004  4 0.1596 0.1567 0.1981 0.0916 0.2338 0.1602 
 H076.5_2002  4 0.0141 0.0710 0.6764 0.0601 0.1157 0.0627 
 H076.6_2003  4 0.0050 0.0228 0.8758 0.0346 0.0298 0.0320 
      H477.6  4 0.0160 0.2334 0.0179 0.0524 0.3258 0.3545 
 H479.4_2006  4 0.0086 0.2245 0.0276 0.1861 0.2610 0.2923 
 H479.8_2005  4 0.0091 0.2350 0.0190 0.0967 0.2188 0.4214 
      H516.4  4 0.0369 0.1459 0.0489 0.2836 0.2624 0.2222 
      H646.2  4 0.0162 0.3241 0.0357 0.0258 0.3991 0.1990 
      H658.6  4 0.0172 0.2998 0.0419 0.0357 0.3125 0.2929 
      H682.1  4 0.0174 0.2522 0.0830 0.0552 0.1954 0.3968 
      H720.4  4 0.0476 0.1653 0.1097 0.1433 0.2942 0.2399 
      H724.6  4 0.0084 0.0203 0.8452 0.0699 0.0336 0.0226 
      H725.5  4 0.0118 0.1582 0.0291 0.0513 0.2164 0.5332 
      H726.2  4 0.0988 0.2154 0.0777 0.0436 0.2853 0.2792 
      H016.4  5 0.0076 0.1591 0.0575 0.4315 0.1927 0.1515 
 H017.1_2002  5 0.0460 0.4901 0.1336 0.0209 0.2181 0.0913 
 H017.5_2003  5 0.0113 0.5006 0.0397 0.0746 0.2557 0.1181 
      H032.3  5 0.0080 0.0989 0.0689 0.4503 0.2084 0.1655 
 H034.4_2002  5 0.0180 0.0875 0.7970 0.0314 0.0290 0.0372 
 H034.5_2003  5 0.0154 0.3058 0.2062 0.1901 0.1677 0.1149 
      H048.4  5 0.0183 0.1503 0.1240 0.3563 0.1583 0.1928 
      H060.1  5 0.0065 0.2343 0.0563 0.3712 0.1705 0.1613 
 H070.3_2002  5 0.0079 0.1596 0.6294 0.0535 0.0906 0.0591 
 H070.4_2004  5 0.0066 0.1911 0.6125 0.0398 0.0861 0.0638 
 H070.5_2003  5 0.0055 0.2065 0.6325 0.0316 0.0744 0.0495 
      H077.4  5 0.0149 0.3405 0.0764 0.1184 0.2481 0.2017 
      H097.6  5 0.0094 0.2500 0.0562 0.0702 0.2221 0.3921 
      H124.5  5 0.0090 0.1119 0.1127 0.4681 0.1291 0.1692 
      H132.5  5 0.0079 0.0920 0.1268 0.5336 0.1547 0.0850 
      H155.7  5 0.0314 0.0701 0.5835 0.1074 0.1111 0.0964 
      H169.2  5 0.0137 0.4203 0.0235 0.2002 0.1696 0.1727 
      H457.8  5 0.0134 0.2648 0.0148 0.1142 0.3068 0.2860 
      H462.4  5 0.0561 0.1916 0.5566 0.0293 0.1053 0.0611 
      H481.8  5 0.0123 0.2857 0.2010 0.0276 0.2034 0.2700 
      H509.4  5 0.0194 0.1305 0.2903 0.0508 0.1592 0.3498 
      H567.2  5 0.0128 0.0940 0.5856 0.0390 0.1254 0.1432 
      H608.4  5 0.0076 0.1878 0.0666 0.2272 0.2745 0.2363 
      H615.4  5 0.0120 0.3013 0.2104 0.0785 0.2209 0.1769 
      H635.4  5 0.0660 0.1475 0.0487 0.4703 0.1264 0.1412 
      H728.5  5 0.0143 0.1474 0.0291 0.3126 0.2561 0.2406 
 H7395.1_200  5 0.0962 0.2109 0.0847 0.1201 0.2488 0.2393 
     H7395.5  5 0.0203 0.2583 0.0142 0.2842 0.2311 0.1920 
      H742.2  5 0.0291 0.2584 0.2512 0.0889 0.2144 0.1581 
      H958.3  5 0.0079 0.1923 0.1804 0.0197 0.2406 0.3591 
      H452.9 10 0.0045 0.0365 0.8678 0.0249 0.0374 0.0290 
      H473.5 10 0.0046 0.1303 0.0194 0.4198 0.2710 0.1550 
      H487.5 10 0.0637 0.0203 0.8518 0.0178 0.0264 0.0200 
     H703.10 10 0.0188 0.3397 0.0255 0.0600 0.3098 0.2462 
      H705.2 10 0.0190 0.2952 0.1312 0.0200 0.2480 0.2865 
     H7352.5 10 0.0209 0.0194 0.0274 0.8066 0.0793 0.0462 
     H7354.1 10 0.0564 0.2324 0.0276 0.0960 0.2462 0.3413 
     H7359.1 10 0.0516 0.3046 0.1801 0.1862 0.1770 0.1005 
      H909.8 10 0.1013 0.3712 0.1682 0.0292 0.1664 0.1638 
     H9555.3 10 0.0319 0.0257 0.8856 0.0139 0.0229 0.0200 
     H9703.4 10 0.4185 0.1802 0.0368 0.0302 0.1743 0.1600 
     H9707.6 10 0.0133 0.2571 0.1581 0.0965 0.2557 0.2193 
     HSAA4.2 10 0.1499 0.0429 0.7216 0.0123 0.0335 0.0399 
   saaRTON.1 10 0.9646 0.0070 0.0072 0.0059 0.0067 0.0086 
  saaRTON.10 10 0.9371 0.0122 0.0171 0.0129 0.0115 0.0092 
   saaRTON.2 10 0.9681 0.0062 0.0055 0.0061 0.0069 0.0072 
   saaRTON.3 10 0.9584 0.0077 0.0099 0.0074 0.0095 0.0071 
   saaRTON.4 10 0.9703 0.0067 0.0054 0.0069 0.0062 0.0045 
   saaRTON.5 10 0.9684 0.0067 0.0061 0.0061 0.0063 0.0065 
   saaRTON.6 10 0.9644 0.0081 0.0082 0.0054 0.0071 0.0069 
   saaRTON.7 10 0.9353 0.0118 0.0117 0.0095 0.0137 0.0179 
   saaRTON.8 10 0.9678 0.0066 0.0072 0.0057 0.0070 0.0057 
   saaRTON.9 10 0.9760 0.0054 0.0050 0.0039 0.0042 0.0056 
      H005.8 11 0.0151 0.1994 0.0911 0.1726 0.2539 0.2679 
      H031.2 11 0.0185 0.2343 0.3372 0.0508 0.1474 0.2118 
      H136.1 11 0.0156 0.2274 0.0778 0.0557 0.3890 0.2344 
      H153.4 11 0.1094 0.3179 0.0804 0.0440 0.2981 0.1502 
      H167.1 11 0.0064 0.2670 0.0539 0.2379 0.2530 0.1818 
      H173.1 11 0.0136 0.3472 0.0593 0.0263 0.2551 0.2986 
 H194.8_2003 11 0.0437 0.0651 0.7833 0.0325 0.0391 0.0364 
      H196.6 11 0.0173 0.0209 0.8618 0.0611 0.0230 0.0159 
 H356.5_2002 11 0.0195 0.3010 0.0299 0.0545 0.3424 0.2527 
 H356.6_2001 11 0.1004 0.2524 0.0150 0.0160 0.3035 0.3127 
      H360.6 11 0.0175 0.2044 0.1410 0.0570 0.2366 0.3435 
 H369.1_2001 11 0.0060 0.1243 0.4388 0.2240 0.0986 0.1083 
      H369.4 11 0.0112 0.4474 0.0931 0.0263 0.3005 0.1214 
      H374.3 11 0.0191 0.5291 0.0230 0.0239 0.2705 0.1344 
      H376.1 11 0.0134 0.1700 0.0306 0.3038 0.2316 0.2506 
      H381.1 11 0.0140 0.3417 0.1614 0.0936 0.1620 0.2273 
      H386.5 11 0.0093 0.1718 0.0779 0.4433 0.1409 0.1569 
 H387.5_2001 11 0.0446 0.1995 0.0767 0.0350 0.3312 0.3130 
      H387.9 11 0.0209 0.2729 0.0166 0.1374 0.2976 0.2545 
      H392.6 11 0.0174 0.1391 0.0981 0.1622 0.3435 0.2397 
 H393.4_2001 11 0.0130 0.5150 0.0242 0.1261 0.1820 0.1397 
 H393.4_2002 11 0.0203 0.5464 0.0428 0.0602 0.1753 0.1549 
      H394.5 11 0.0078 0.4797 0.1162 0.0559 0.2458 0.0946 
      H412.9 11 0.1718 0.2227 0.1379 0.0569 0.2150 0.1957 
      H439.5 11 0.0572 0.2650 0.1411 0.1733 0.2153 0.1482 
 H441.6_2004 11 0.0058 0.0415 0.8353 0.0140 0.0515 0.0518 
 H441.7_2005 11 0.0141 0.1053 0.5829 0.0802 0.0873 0.1302 
 H442.6_2004 11 0.0372 0.1122 0.4773 0.0350 0.1608 0.1775 
      H442.9 11 0.0142 0.2660 0.0815 0.0669 0.2766 0.2948 
      H446.6 11 0.0176 0.1562 0.2686 0.0484 0.2396 0.2695 
      H447.7 11 0.0228 0.2438 0.0955 0.1329 0.2013 0.3038 
      H448.2 11 0.0139 0.1433 0.5139 0.0170 0.1710 0.1408 
      H586.2 11 0.0202 0.2215 0.0209 0.2514 0.3031 0.1829 
     H590.10 11 0.0125 0.2578 0.0225 0.2562 0.2714 0.1796 
      H610.7 11 0.0154 0.2009 0.1818 0.0884 0.1843 0.3292 
      H611.4 11 0.0082 0.1724 0.2352 0.2121 0.1952 0.1769 
 H7379.2_200 11 0.0508 0.1280 0.1122 0.5001 0.1317 0.0773 
 H7379.4_200 11 0.0171 0.1201 0.3342 0.3209 0.1125 0.0952 
      H741.1 11 0.0147 0.2418 0.0435 0.0876 0.3211 0.2912 
      H927.3 11 0.0061 0.1303 0.1113 0.2844 0.1754 0.2925 
      H928.4 11 0.0436 0.2256 0.0790 0.1859 0.2637 0.2022 
     H9560.4 11 0.2701 0.1222 0.2515 0.0246 0.1966 0.1351 
    Rad451.3 11 0.0101 0.2853 0.0605 0.2578 0.2141 0.1723 
