      H008.9  2 0.1402 0.2243 0.0073 0.1336 0.1624 0.1895 0.1428 
 H029.5_2002  2 0.0666 0.0535 0.0078 0.3613 0.0318 0.4434 0.0357 
 H029.5_2003  2 0.1217 0.0548 0.0054 0.3418 0.0518 0.3813 0.0432 
      H030.1  2 0.2114 0.1006 0.0267 0.0651 0.0940 0.0564 0.4458 
      H038.4  2 0.0716 0.0574 0.0089 0.3867 0.0447 0.3986 0.0322 
      H041.2  2 0.0269 0.0623 0.0066 0.2521 0.0685 0.5197 0.0640 
 H042.3_2003  2 0.1889 0.1078 0.0129 0.1417 0.1336 0.1081 0.3070 
 H042.4_2002  2 0.1521 0.0915 0.0342 0.0674 0.2255 0.2307 0.1987 
   H042_2002  2 0.1299 0.1871 0.0073 0.1217 0.2752 0.2192 0.0596 
   H042_2003  2 0.1157 0.1868 0.0072 0.1452 0.2518 0.2334 0.0599 
      H043.7  2 0.0881 0.1747 0.0053 0.5009 0.0760 0.0849 0.0701 
      H047.6  2 0.0777 0.0708 0.0160 0.4146 0.1043 0.2951 0.0216 
 H071.1_2003  2 0.1230 0.2098 0.0047 0.0956 0.1144 0.1468 0.3057 
 H071.5_2002  2 0.1859 0.1788 0.0145 0.1387 0.0853 0.1538 0.2430 
 H081.3_2003  2 0.2312 0.1948 0.0183 0.1902 0.1358 0.1292 0.1007 
      H081.7  2 0.1355 0.2295 0.0096 0.1593 0.0664 0.2701 0.1295 
      H083.1  2 0.2153 0.1338 0.0156 0.1091 0.1256 0.0798 0.3208 
      H084.5  2 0.2337 0.1263 0.0479 0.1877 0.1424 0.1606 0.1013 
 H085.1_2003  2 0.1150 0.1282 0.0097 0.0694 0.0801 0.2494 0.3482 
 H085.5_2002  2 0.1091 0.2971 0.0114 0.0803 0.0741 0.1627 0.2653 
      H088.7  2 0.1191 0.0934 0.0124 0.1533 0.2254 0.3205 0.0758 
      H091.1  2 0.0888 0.0491 0.0064 0.0106 0.0796 0.0176 0.7480 
      H109.6  2 0.1595 0.0742 0.0399 0.3300 0.1018 0.2551 0.0395 
      H126.2  2 0.3297 0.2041 0.0099 0.1214 0.1505 0.0413 0.1431 
      H130.3  2 0.2837 0.2137 0.0135 0.1206 0.2116 0.0407 0.1163 
      H133.1  2 0.0817 0.0455 0.0109 0.5365 0.0384 0.2491 0.0377 
      H147.4  2 0.0843 0.1578 0.0058 0.0880 0.0690 0.2783 0.3168 
      H148.6  2 0.1265 0.1580 0.0405 0.1190 0.1917 0.2661 0.0982 
   H166022.2  2 0.1536 0.1075 0.0514 0.0635 0.1602 0.0620 0.4019 
   H167397.3  2 0.0832 0.0163 0.0114 0.3940 0.0478 0.4196 0.0277 
   H167496.6  2 0.0928 0.0555 0.0061 0.0162 0.0588 0.0687 0.7019 
   H167513.8  2 0.1738 0.0609 0.0410 0.3898 0.0992 0.1935 0.0419 
   H167547.4  2 0.2082 0.0976 0.0276 0.0583 0.0972 0.0211 0.4901 
   H169750.2  2 0.1143 0.1435 0.0080 0.0967 0.1376 0.0907 0.4092 
   H171929.2  2 0.1876 0.1231 0.1114 0.2832 0.1227 0.0730 0.0990 
   H171930.8  2 0.2199 0.1014 0.0147 0.0500 0.3048 0.1779 0.1313 
   H171933.7  2 0.1233 0.2114 0.0087 0.0785 0.1413 0.0437 0.3931 
      H190.6  2 0.1319 0.1564 0.2583 0.0719 0.1401 0.1351 0.1062 
      H400.4  2 0.2112 0.1130 0.0095 0.0990 0.1512 0.1986 0.2175 
 H428.2_2006  2 0.2055 0.0925 0.0296 0.1239 0.1364 0.1721 0.2400 
 H428.6_2005  2 0.2318 0.2563 0.0245 0.1028 0.1044 0.0963 0.1840 
      H453.3  2 0.1764 0.0927 0.0098 0.0603 0.1805 0.0480 0.4322 
     H512.10  2 0.2766 0.1449 0.0077 0.1960 0.1723 0.0981 0.1044 
      H513.2  2 0.2398 0.1741 0.0129 0.1193 0.0920 0.0655 0.2964 
      H532.3  2 0.1484 0.1376 0.0650 0.0803 0.0939 0.0831 0.3918 
      H543.8  2 0.1341 0.1222 0.0099 0.2753 0.0857 0.3382 0.0346 
 H545.1_2005  2 0.0116 0.0157 0.0046 0.6115 0.0094 0.3360 0.0112 
 H545.3_2006  2 0.0156 0.0143 0.0059 0.6090 0.0138 0.3297 0.0117 
      H547.7  2 0.1366 0.0720 0.0116 0.0317 0.0601 0.0224 0.6657 
      H548.3  2 0.0326 0.0270 0.0047 0.5741 0.0408 0.3088 0.0119 
     H7389.1  2 0.2076 0.1723 0.0110 0.1308 0.1548 0.0805 0.2431 
      H747.2  2 0.1745 0.1435 0.2511 0.1456 0.1496 0.0450 0.0908 
     H7484.8  2 0.1993 0.2562 0.0133 0.1079 0.1481 0.0840 0.1913 
     H7485.6  2 0.0264 0.0409 0.0154 0.5850 0.0224 0.3010 0.0089 
     H7496.6  2 0.0578 0.0654 0.0061 0.0141 0.0540 0.0272 0.7755 
        UNK9  2 0.1706 0.1222 0.0140 0.1579 0.0539 0.0535 0.4279 
      H009.6  4 0.1248 0.2395 0.0064 0.0426 0.2807 0.1835 0.1226 
      H046.4  4 0.1742 0.1500 0.0412 0.1601 0.1489 0.1108 0.2148 
 H076.2_2004  4 0.1715 0.1155 0.1459 0.0799 0.2267 0.1375 0.1229 
 H076.5_2002  4 0.1260 0.0756 0.0150 0.0394 0.3853 0.3218 0.0368 
 H076.6_2003  4 0.0219 0.0386 0.0048 0.0265 0.4848 0.3882 0.0350 
      H477.6  4 0.2155 0.1823 0.0151 0.0697 0.1620 0.0207 0.3347 
 H479.4_2006  4 0.2198 0.2020 0.0079 0.0969 0.1117 0.0845 0.2773 
 H479.8_2005  4 0.1572 0.2012 0.0084 0.0958 0.0847 0.0987 0.3541 
      H516.4  4 0.2279 0.2015 0.0358 0.2339 0.1909 0.0559 0.0541 
      H646.2  4 0.4980 0.1221 0.0149 0.0832 0.1983 0.0239 0.0596 
      H658.6  4 0.2416 0.2060 0.0186 0.1161 0.1501 0.0599 0.2077 
      H682.1  4 0.1627 0.1091 0.0181 0.0914 0.1090 0.0398 0.4699 
      H720.4  4 0.2408 0.1318 0.0351 0.1208 0.2256 0.1189 0.1271 
      H724.6  4 0.0596 0.0459 0.0059 0.0303 0.4053 0.4176 0.0353 
      H725.5  4 0.0475 0.0976 0.0094 0.0406 0.0782 0.0287 0.6980 
      H726.2  4 0.2397 0.1556 0.1121 0.0824 0.1643 0.0890 0.1568 
      H016.4  5 0.2650 0.1486 0.0065 0.1641 0.1115 0.1907 0.1135 
 H017.1_2002  5 0.1950 0.3207 0.0399 0.2040 0.1458 0.0536 0.0409 
 H017.5_2003  5 0.1892 0.2495 0.0096 0.3428 0.1133 0.0237 0.0719 
      H032.3  5 0.1680 0.1135 0.0070 0.3195 0.1324 0.1311 0.1285 
 H034.4_2002  5 0.0957 0.1438 0.0166 0.0460 0.3598 0.2892 0.0489 
 H034.5_2003  5 0.1321 0.2154 0.0139 0.2598 0.1717 0.1310 0.0762 
      H048.4  5 0.2307 0.1038 0.0157 0.1681 0.1487 0.1584 0.1746 
      H060.1  5 0.1698 0.1416 0.0057 0.4195 0.1031 0.0918 0.0684 
 H070.3_2002  5 0.0829 0.3090 0.0073 0.0582 0.2480 0.2055 0.0890 
 H070.4_2004  5 0.1233 0.2857 0.0077 0.0477 0.2342 0.2207 0.0807 
 H070.5_2003  5 0.1098 0.3024 0.0049 0.0506 0.2682 0.1881 0.0761 
      H077.4  5 0.1999 0.2130 0.0150 0.2364 0.1851 0.0442 0.1064 
      H097.6  5 0.1836 0.0755 0.0104 0.0545 0.0835 0.0294 0.5630 
      H124.5  5 0.1086 0.1302 0.0082 0.1730 0.1188 0.3721 0.0890 
      H132.5  5 0.1453 0.1035 0.0080 0.3031 0.1193 0.2325 0.0883 
      H155.7  5 0.1108 0.2219 0.0288 0.0935 0.2619 0.2040 0.0790 
      H169.2  5 0.1468 0.2312 0.0127 0.4231 0.1032 0.0436 0.0394 
      H457.8  5 0.3180 0.1173 0.0148 0.1760 0.1764 0.0555 0.1420 
      H462.4  5 0.1327 0.3120 0.0515 0.0929 0.2056 0.1391 0.0662 
      H481.8  5 0.1246 0.2972 0.0089 0.1062 0.1387 0.0901 0.2344 
      H509.4  5 0.0984 0.0848 0.0179 0.0501 0.1843 0.1508 0.4137 
      H567.2  5 0.1272 0.1455 0.0105 0.0377 0.2928 0.1981 0.1882 
      H608.4  5 0.2407 0.1480 0.0071 0.1684 0.1493 0.0872 0.1993 
      H615.4  5 0.1573 0.2487 0.0107 0.2503 0.1608 0.0825 0.0897 
      H635.4  5 0.1634 0.1010 0.0567 0.2985 0.1287 0.1791 0.0726 
      H728.5  5 0.2692 0.1073 0.0131 0.2486 0.1625 0.1677 0.0314 
 H7395.1_200  5 0.1579 0.1286 0.0916 0.1453 0.2217 0.0985 0.1563 
     H7395.5  5 0.3181 0.1049 0.0233 0.1904 0.1573 0.1435 0.0626 
      H742.2  5 0.1935 0.1878 0.0218 0.1098 0.2217 0.1797 0.0857 
      H958.3  5 0.1974 0.1147 0.0084 0.0462 0.1713 0.0923 0.3696 
      H452.9 10 0.0571 0.0568 0.0044 0.0278 0.4642 0.3586 0.0312 
      H473.5 10 0.2052 0.1486 0.0039 0.2658 0.1098 0.1798 0.0868 
      H487.5 10 0.0397 0.0571 0.0424 0.0284 0.4584 0.3630 0.0109 
     H703.10 10 0.2154 0.2177 0.0239 0.1577 0.1679 0.0532 0.1642 
      H705.2 10 0.1635 0.2201 0.0144 0.0988 0.1839 0.0976 0.2217 
     H7352.5 10 0.0804 0.0408 0.0182 0.4636 0.0232 0.3447 0.0292 
     H7354.1 10 0.2451 0.2224 0.0513 0.1500 0.1227 0.0317 0.1770 
     H7359.1 10 0.1718 0.2244 0.0384 0.2152 0.1413 0.1462 0.0626 
      H909.8 10 0.1574 0.3060 0.1022 0.1371 0.1498 0.0835 0.0639 
     H9555.3 10 0.0251 0.0392 0.0310 0.0194 0.4742 0.3791 0.0319 
     H9703.4 10 0.1315 0.0921 0.4075 0.0434 0.1291 0.0379 0.1584 
     H9707.6 10 0.1681 0.1728 0.0115 0.1099 0.1856 0.1104 0.2416 
     HSAA4.2 10 0.0446 0.0704 0.1010 0.0413 0.4119 0.3122 0.0186 
   saaRTON.1 10 0.0073 0.0065 0.9594 0.0063 0.0061 0.0074 0.0069 
  saaRTON.10 10 0.0143 0.0116 0.9266 0.0097 0.0139 0.0115 0.0123 
   saaRTON.2 10 0.0058 0.0060 0.9665 0.0050 0.0055 0.0056 0.0056 
   saaRTON.3 10 0.0105 0.0095 0.9442 0.0068 0.0092 0.0113 0.0085 
   saaRTON.4 10 0.0056 0.0055 0.9680 0.0048 0.0054 0.0060 0.0047 
   saaRTON.5 10 0.0060 0.0058 0.9660 0.0052 0.0064 0.0058 0.0048 
   saaRTON.6 10 0.0069 0.0083 0.9556 0.0063 0.0073 0.0083 0.0073 
   saaRTON.7 10 0.0093 0.0104 0.9310 0.0120 0.0114 0.0138 0.0121 
   saaRTON.8 10 0.0069 0.0055 0.9640 0.0055 0.0062 0.0058 0.0060 
   saaRTON.9 10 0.0046 0.0039 0.9746 0.0043 0.0045 0.0043 0.0038 
      H005.8 11 0.1965 0.1679 0.0160 0.2189 0.1466 0.1261 0.1280 
      H031.2 11 0.1823 0.1352 0.0164 0.1223 0.2005 0.1413 0.2019 
      H136.1 11 0.2897 0.2618 0.0130 0.0476 0.1739 0.0480 0.1661 
      H153.4 11 0.2727 0.2471 0.0997 0.0648 0.1960 0.0429 0.0768 
      H167.1 11 0.2188 0.2094 0.0055 0.1402 0.1696 0.1429 0.1137 
      H173.1 11 0.2277 0.2092 0.0120 0.1138 0.1461 0.0339 0.2574 
 H194.8_2003 11 0.0975 0.1241 0.0469 0.0448 0.3522 0.2890 0.0456 
      H196.6 11 0.0576 0.0473 0.0155 0.0530 0.4510 0.3599 0.0158 
 H356.5_2002 11 0.2063 0.2542 0.0201 0.1217 0.1066 0.1107 0.1805 
 H356.6_2001 11 0.1240 0.2203 0.0929 0.1014 0.0857 0.0827 0.2930 
      H360.6 11 0.1171 0.1598 0.0132 0.0704 0.1382 0.1205 0.3809 
 H369.1_2001 11 0.0872 0.1382 0.0076 0.1353 0.1541 0.3601 0.1175 
      H369.4 11 0.1761 0.2696 0.0140 0.1355 0.1665 0.0910 0.1471 
      H374.3 11 0.1780 0.3117 0.0158 0.2917 0.1064 0.0642 0.0323 
      H376.1 11 0.3029 0.1886 0.0083 0.1086 0.1238 0.1483 0.1196 
      H381.1 11 0.2053 0.2519 0.0118 0.1017 0.1356 0.1173 0.1765 
      H386.5 11 0.1114 0.1207 0.0086 0.4486 0.0742 0.1513 0.0852 
 H387.5_2001 11 0.3193 0.1002 0.0504 0.0589 0.1759 0.0358 0.2593 
      H387.9 11 0.2674 0.1871 0.0204 0.1916 0.1489 0.0793 0.1053 
      H392.6 11 0.2872 0.2029 0.0188 0.1992 0.1900 0.0427 0.0593 
 H393.4_2001 11 0.1468 0.2927 0.0147 0.2621 0.1298 0.1326 0.0213 
 H393.4_2002 11 0.1467 0.3373 0.0213 0.2318 0.0845 0.1420 0.0364 
      H394.5 11 0.1405 0.3589 0.0080 0.1615 0.0947 0.2064 0.0299 
      H412.9 11 0.2805 0.1463 0.1500 0.0777 0.1827 0.0668 0.0959 
      H439.5 11 0.1370 0.2163 0.0588 0.1810 0.1698 0.1116 0.1254 
 H441.6_2004 11 0.0552 0.0620 0.0067 0.0232 0.4390 0.3798 0.0342 
 H441.7_2005 11 0.1652 0.1939 0.0134 0.1272 0.2344 0.1593 0.1067 
 H442.6_2004 11 0.1412 0.1406 0.0320 0.0397 0.2217 0.1654 0.2593 
      H442.9 11 0.1803 0.1807 0.0146 0.0851 0.1576 0.0864 0.2953 
      H446.6 11 0.2357 0.2279 0.0147 0.0658 0.2132 0.0833 0.1592 
      H447.7 11 0.1901 0.1249 0.0231 0.0670 0.1614 0.0772 0.3563 
      H448.2 11 0.1499 0.1998 0.0113 0.0467 0.3268 0.1746 0.0907 
      H586.2 11 0.3613 0.0941 0.0138 0.2361 0.1709 0.0482 0.0756 
     H590.10 11 0.2528 0.1821 0.0101 0.2865 0.1331 0.0533 0.0821 
      H610.7 11 0.1781 0.1576 0.0110 0.1052 0.1890 0.0906 0.2684 
      H611.4 11 0.1965 0.2363 0.0079 0.1819 0.1583 0.1449 0.0741 
 H7379.2_200 11 0.1564 0.1566 0.0454 0.2752 0.0985 0.1742 0.0938 
 H7379.4_200 11 0.1458 0.1859 0.0170 0.2762 0.1681 0.1366 0.0704 
      H741.1 11 0.2563 0.2024 0.0175 0.0636 0.1641 0.0536 0.2425 
      H927.3 11 0.1340 0.1049 0.0049 0.2062 0.1513 0.1411 0.2577 
      H928.4 11 0.2389 0.1287 0.0338 0.1776 0.1520 0.1151 0.1539 
     H9560.4 11 0.1441 0.1733 0.2397 0.0455 0.1274 0.1055 0.1646 
    Rad451.3 11 0.2336 0.1782 0.0093 0.1850 0.1730 0.1159 0.1049 
