      H008.9  2 0.1197 0.1168 0.0080 0.1448 0.4573 0.1535 
 H029.5_2002  2 0.0649 0.7646 0.0085 0.0570 0.0385 0.0664 
 H029.5_2003  2 0.0359 0.6506 0.0060 0.1809 0.0224 0.1043 
      H030.1  2 0.5520 0.0439 0.0270 0.1673 0.0286 0.1812 
      H038.4  2 0.0849 0.6944 0.0090 0.0999 0.0210 0.0908 
      H041.2  2 0.0684 0.6857 0.0074 0.0574 0.1147 0.0664 
 H042.3_2003  2 0.2257 0.1828 0.0146 0.2247 0.1951 0.1570 
 H042.4_2002  2 0.1281 0.0658 0.0411 0.1368 0.5090 0.1193 
   H042_2002  2 0.0539 0.1438 0.0072 0.0546 0.6790 0.0615 
   H042_2003  2 0.0568 0.1198 0.0061 0.0768 0.6893 0.0513 
      H043.7  2 0.1598 0.4909 0.0062 0.1683 0.0194 0.1552 
      H047.6  2 0.0340 0.6389 0.0155 0.1470 0.0540 0.1106 
 H071.1_2003  2 0.5614 0.0507 0.0049 0.1202 0.1433 0.1195 
 H071.5_2002  2 0.3326 0.2076 0.0144 0.2154 0.0493 0.1806 
 H081.3_2003  2 0.1828 0.1435 0.0243 0.2697 0.0905 0.2891 
      H081.7  2 0.3503 0.2118 0.0107 0.1740 0.0799 0.1733 
      H083.1  2 0.3903 0.1187 0.0157 0.2184 0.0209 0.2360 
      H084.5  2 0.1068 0.1618 0.0543 0.3029 0.0597 0.3143 
 H085.1_2003  2 0.4859 0.1764 0.0100 0.1508 0.0354 0.1414 
 H085.5_2002  2 0.4996 0.0424 0.0131 0.1166 0.1763 0.1519 
      H088.7  2 0.0661 0.4065 0.0105 0.1317 0.2617 0.1235 
      H091.1  2 0.5090 0.0274 0.0058 0.2502 0.0237 0.1840 
      H109.6  2 0.0526 0.3035 0.0383 0.2237 0.1184 0.2635 
      H126.2  2 0.2246 0.0850 0.0101 0.2937 0.0450 0.3415 
      H130.3  2 0.1355 0.0792 0.0178 0.4168 0.0395 0.3112 
      H133.1  2 0.0402 0.7436 0.0105 0.1036 0.0198 0.0823 
      H147.4  2 0.4516 0.2526 0.0062 0.1339 0.0535 0.1023 
      H148.6  2 0.1065 0.1347 0.0332 0.1113 0.4705 0.1439 
   H166022.2  2 0.2740 0.0435 0.0433 0.2472 0.0859 0.3061 
   H167397.3  2 0.0155 0.8172 0.0124 0.0587 0.0377 0.0585 
   H167496.6  2 0.5125 0.0427 0.0065 0.1724 0.1074 0.1585 
   H167513.8  2 0.0767 0.4656 0.0373 0.2035 0.0209 0.1960 
   H167547.4  2 0.2656 0.0584 0.0278 0.2813 0.0388 0.3281 
   H169750.2  2 0.3831 0.1559 0.0074 0.1243 0.1844 0.1450 
   H171929.2  2 0.1358 0.2029 0.1450 0.2021 0.0857 0.2286 
   H171930.8  2 0.1206 0.0695 0.0202 0.2155 0.3066 0.2676 
   H171933.7  2 0.4798 0.0211 0.0096 0.1806 0.0541 0.2548 
      H190.6  2 0.1176 0.0283 0.2568 0.1606 0.2873 0.1495 
      H400.4  2 0.1853 0.2304 0.0094 0.2191 0.0832 0.2725 
 H428.2_2006  2 0.3194 0.1442 0.0263 0.2454 0.0246 0.2400 
 H428.6_2005  2 0.3563 0.0770 0.0218 0.2092 0.1071 0.2285 
      H453.3  2 0.3496 0.0114 0.0096 0.2869 0.0645 0.2779 
     H512.10  2 0.1581 0.1922 0.0072 0.3216 0.0229 0.2980 
      H513.2  2 0.3230 0.0826 0.0117 0.2827 0.0567 0.2432 
      H532.3  2 0.3865 0.0430 0.0730 0.2177 0.0867 0.1932 
      H543.8  2 0.0620 0.6171 0.0107 0.1187 0.0518 0.1396 
 H545.1_2005  2 0.0091 0.9492 0.0056 0.0109 0.0084 0.0168 
 H545.3_2006  2 0.0098 0.9486 0.0067 0.0136 0.0076 0.0138 
      H547.7  2 0.3365 0.0581 0.0139 0.2383 0.0428 0.3104 
      H548.3  2 0.0287 0.8367 0.0044 0.0544 0.0234 0.0524 
     H7389.1  2 0.3195 0.0561 0.0101 0.2949 0.1127 0.2068 
      H747.2  2 0.0633 0.1116 0.2973 0.1937 0.0716 0.2624 
     H7484.8  2 0.2477 0.0787 0.0142 0.2845 0.1888 0.1860 
     H7485.6  2 0.0299 0.8186 0.0142 0.0579 0.0197 0.0597 
     H7496.6  2 0.5799 0.0198 0.0079 0.1733 0.0699 0.1492 
        UNK9  2 0.3581 0.2158 0.0159 0.2098 0.0275 0.1729 
      H009.6  4 0.1010 0.0208 0.0053 0.1056 0.6687 0.0986 
      H046.4  4 0.2031 0.1346 0.0314 0.1983 0.1879 0.2446 
 H076.2_2004  4 0.1245 0.0588 0.1820 0.2238 0.1986 0.2124 
 H076.5_2002  4 0.0419 0.0532 0.0182 0.1687 0.5650 0.1531 
 H076.6_2003  4 0.0200 0.0195 0.0065 0.0304 0.8903 0.0333 
      H477.6  4 0.3313 0.0498 0.0151 0.3059 0.0202 0.2777 
 H479.4_2006  4 0.3088 0.1892 0.0083 0.2312 0.0301 0.2324 
 H479.8_2005  4 0.4424 0.0995 0.0095 0.2216 0.0245 0.2024 
      H516.4  4 0.1262 0.1677 0.0373 0.2739 0.0440 0.3510 
      H646.2  4 0.0874 0.0190 0.0134 0.3777 0.0383 0.4642 
      H658.6  4 0.3384 0.0389 0.0144 0.3025 0.0611 0.2448 
      H682.1  4 0.4083 0.0524 0.0191 0.2449 0.1011 0.1742 
      H720.4  4 0.1065 0.0977 0.0337 0.3463 0.1285 0.2873 
      H724.6  4 0.0246 0.0648 0.0085 0.0464 0.8034 0.0523 
      H725.5  4 0.6304 0.0167 0.0128 0.1268 0.0737 0.1395 
      H726.2  4 0.1872 0.0334 0.1056 0.2726 0.1114 0.2899 
      H016.4  5 0.1258 0.2964 0.0063 0.2917 0.0533 0.2265 
 H017.1_2002  5 0.1395 0.1062 0.0462 0.2496 0.2171 0.2415 
 H017.5_2003  5 0.1791 0.1827 0.0094 0.2895 0.0779 0.2614 
      H032.3  5 0.1314 0.3940 0.0070 0.2141 0.0545 0.1991 
 H034.4_2002  5 0.0693 0.0388 0.0184 0.0527 0.7607 0.0600 
 H034.5_2003  5 0.1352 0.1624 0.0147 0.1708 0.2847 0.2321 
      H048.4  5 0.0773 0.1999 0.0159 0.3152 0.0781 0.3136 
      H060.1  5 0.0952 0.3600 0.0065 0.2191 0.0430 0.2762 
 H070.3_2002  5 0.1597 0.0719 0.0071 0.1005 0.5889 0.0720 
 H070.4_2004  5 0.1645 0.0332 0.0079 0.0547 0.6635 0.0761 
 H070.5_2003  5 0.1258 0.0514 0.0054 0.0812 0.6679 0.0684 
      H077.4  5 0.2100 0.1243 0.0171 0.2827 0.0876 0.2783 
      H097.6  5 0.2467 0.0890 0.0126 0.2996 0.0338 0.3183 
      H124.5  5 0.1087 0.4897 0.0072 0.1668 0.0934 0.1342 
      H132.5  5 0.0658 0.5070 0.0088 0.1649 0.1196 0.1338 
      H155.7  5 0.1119 0.0951 0.0300 0.0964 0.5622 0.1045 
      H169.2  5 0.2055 0.2578 0.0132 0.2249 0.0306 0.2681 
      H457.8  5 0.1637 0.0741 0.0130 0.4011 0.0266 0.3215 
      H462.4  5 0.1420 0.0728 0.0549 0.1012 0.5533 0.0758 
      H481.8  5 0.3954 0.0380 0.0103 0.1758 0.1877 0.1927 
      H509.4  5 0.3030 0.0246 0.0217 0.1364 0.3709 0.1435 
      H567.2  5 0.1574 0.0196 0.0093 0.0946 0.6518 0.0673 
      H608.4  5 0.1598 0.2026 0.0066 0.2548 0.0429 0.3333 
      H615.4  5 0.2377 0.0907 0.0121 0.1746 0.2641 0.2207 
      H635.4  5 0.1064 0.3941 0.0700 0.2135 0.0574 0.1586 
      H728.5  5 0.0953 0.2589 0.0121 0.3067 0.0366 0.2904 
 H7395.1_200  5 0.2707 0.0775 0.0928 0.2367 0.1023 0.2201 
     H7395.5  5 0.1003 0.1849 0.0224 0.3104 0.0233 0.3588 
      H742.2  5 0.1564 0.1177 0.0210 0.2370 0.2139 0.2540 
      H958.3  5 0.2756 0.0117 0.0088 0.2132 0.2684 0.2224 
      H452.9 10 0.0372 0.0254 0.0040 0.0409 0.8445 0.0478 
      H473.5 10 0.0626 0.4162 0.0038 0.2053 0.0214 0.2907 
      H487.5 10 0.0235 0.0196 0.0622 0.0394 0.8204 0.0349 
     H703.10 10 0.4308 0.0532 0.0205 0.1828 0.0611 0.2515 
      H705.2 10 0.4241 0.0224 0.0169 0.1974 0.1340 0.2052 
     H7352.5 10 0.0180 0.7282 0.0184 0.1047 0.0182 0.1125 
     H7354.1 10 0.2350 0.1042 0.0572 0.3072 0.0518 0.2447 
     H7359.1 10 0.1341 0.1881 0.0531 0.2597 0.1632 0.2019 
      H909.8 10 0.3290 0.0634 0.1035 0.1450 0.2133 0.1458 
     H9555.3 10 0.0165 0.0113 0.0297 0.0347 0.8788 0.0290 
     H9703.4 10 0.2288 0.0220 0.4377 0.1414 0.0627 0.1074 
     H9707.6 10 0.2929 0.0819 0.0098 0.2199 0.2134 0.1820 
     HSAA4.2 10 0.0272 0.0145 0.1415 0.0442 0.7195 0.0532 
   saaRTON.1 10 0.0073 0.0055 0.9696 0.0051 0.0061 0.0064 
  saaRTON.10 10 0.0102 0.0095 0.9443 0.0116 0.0131 0.0113 
   saaRTON.2 10 0.0064 0.0053 0.9713 0.0051 0.0062 0.0057 
   saaRTON.3 10 0.0103 0.0087 0.9539 0.0086 0.0098 0.0087 
   saaRTON.4 10 0.0046 0.0053 0.9735 0.0059 0.0051 0.0057 
   saaRTON.5 10 0.0054 0.0065 0.9699 0.0065 0.0057 0.0060 
   saaRTON.6 10 0.0079 0.0060 0.9625 0.0074 0.0080 0.0081 
   saaRTON.7 10 0.0150 0.0088 0.9382 0.0117 0.0142 0.0122 
   saaRTON.8 10 0.0055 0.0054 0.9706 0.0054 0.0066 0.0065 
   saaRTON.9 10 0.0048 0.0044 0.9780 0.0039 0.0043 0.0046 
      H005.8 11 0.1533 0.1988 0.0143 0.3190 0.0774 0.2372 
      H031.2 11 0.2160 0.0395 0.0174 0.2049 0.3294 0.1928 
      H136.1 11 0.2072 0.0487 0.0164 0.3352 0.0517 0.3409 
      H153.4 11 0.1846 0.0383 0.1019 0.2435 0.0727 0.3589 
      H167.1 11 0.2325 0.2365 0.0072 0.2321 0.0534 0.2384 
      H173.1 11 0.3156 0.0453 0.0146 0.2344 0.0484 0.3416 
 H194.8_2003 11 0.0503 0.0261 0.0452 0.0776 0.7394 0.0614 
      H196.6 11 0.0134 0.0573 0.0159 0.0360 0.8513 0.0260 
 H356.5_2002 11 0.4285 0.0409 0.0188 0.2749 0.0242 0.2128 
 H356.6_2001 11 0.5104 0.0269 0.1063 0.1863 0.0184 0.1517 
      H360.6 11 0.4688 0.0530 0.0151 0.1662 0.1152 0.1818 
 H369.1_2001 11 0.1740 0.2202 0.0070 0.1083 0.3645 0.1260 
      H369.4 11 0.3625 0.0631 0.0159 0.2111 0.1266 0.2208 
      H374.3 11 0.3304 0.1164 0.0187 0.2382 0.0391 0.2573 
      H376.1 11 0.1085 0.1214 0.0117 0.4078 0.0355 0.3150 
      H381.1 11 0.2574 0.0761 0.0139 0.1965 0.1868 0.2693 
      H386.5 11 0.0946 0.4867 0.0101 0.1836 0.0740 0.1511 
 H387.5_2001 11 0.1708 0.0271 0.0428 0.2996 0.0597 0.4000 
      H387.9 11 0.1468 0.1271 0.0203 0.3496 0.0254 0.3308 
      H392.6 11 0.0722 0.0798 0.0177 0.3591 0.0584 0.4129 
 H393.4_2001 11 0.2670 0.1632 0.0142 0.2437 0.0322 0.2797 
 H393.4_2002 11 0.3473 0.1292 0.0219 0.1959 0.0577 0.2480 
      H394.5 11 0.2423 0.1553 0.0100 0.2117 0.1808 0.2000 
      H412.9 11 0.1210 0.0645 0.1414 0.2621 0.1317 0.2793 
      H439.5 11 0.1854 0.1958 0.0581 0.1730 0.1946 0.1931 
 H441.6_2004 11 0.0506 0.0185 0.0058 0.0530 0.8159 0.0562 
 H441.7_2005 11 0.1379 0.0802 0.0159 0.1293 0.5132 0.1235 
 H442.6_2004 11 0.1380 0.0317 0.0358 0.1393 0.4772 0.1780 
      H442.9 11 0.2350 0.0801 0.0210 0.2188 0.1306 0.3144 
      H446.6 11 0.2284 0.0220 0.0164 0.3801 0.1274 0.2256 
      H447.7 11 0.2822 0.1204 0.0204 0.2582 0.1155 0.2034 
      H448.2 11 0.1824 0.0203 0.0140 0.1609 0.4951 0.1274 
      H586.2 11 0.0463 0.1733 0.0155 0.4039 0.0229 0.3381 
     H590.10 11 0.1162 0.2925 0.0107 0.3107 0.0297 0.2403 
      H610.7 11 0.2706 0.0993 0.0112 0.2115 0.1531 0.2542 
      H611.4 11 0.1249 0.2357 0.0089 0.2029 0.1858 0.2418 
 H7379.2_200 11 0.1000 0.4007 0.0461 0.1879 0.0792 0.1861 
 H7379.4_200 11 0.0912 0.2423 0.0198 0.1428 0.3184 0.1855 
      H741.1 11 0.3069 0.0858 0.0130 0.2809 0.0544 0.2590 
      H927.3 11 0.1951 0.3038 0.0058 0.1841 0.1270 0.1842 
      H928.4 11 0.2029 0.1675 0.0369 0.2617 0.0711 0.2599 
     H9560.4 11 0.1523 0.0256 0.2869 0.1122 0.3161 0.1069 
    Rad451.3 11 0.1217 0.1943 0.0076 0.3337 0.0697 0.2730 
