      H008.9  2 0.1282 0.1660 0.6973 0.0086 
 H029.5_2002  2 0.5355 0.2832 0.1712 0.0101 
 H029.5_2003  2 0.6231 0.2268 0.1436 0.0065 
      H030.1  2 0.2008 0.7098 0.0575 0.0319 
      H038.4  2 0.6513 0.2695 0.0694 0.0098 
      H041.2  2 0.4072 0.2558 0.3270 0.0100 
 H042.3_2003  2 0.1853 0.4205 0.3796 0.0146 
 H042.4_2002  2 0.0560 0.3218 0.5889 0.0332 
   H042_2002  2 0.1926 0.0689 0.7302 0.0084 
   H042_2003  2 0.2451 0.0926 0.6525 0.0098 
      H043.7  2 0.7156 0.2155 0.0619 0.0069 
      H047.6  2 0.7390 0.1595 0.0801 0.0214 
 H071.1_2003  2 0.2178 0.5551 0.2218 0.0053 
 H071.5_2002  2 0.3941 0.5168 0.0726 0.0164 
 H081.3_2003  2 0.4821 0.2816 0.2133 0.0230 
      H081.7  2 0.2750 0.4738 0.2408 0.0104 
      H083.1  2 0.2882 0.6662 0.0258 0.0198 
      H084.5  2 0.6194 0.1896 0.1274 0.0635 
 H085.1_2003  2 0.1821 0.6856 0.1202 0.0121 
 H085.5_2002  2 0.0537 0.5638 0.3704 0.0122 
      H088.7  2 0.3042 0.2106 0.4715 0.0137 
      H091.1  2 0.0212 0.9447 0.0272 0.0069 
      H109.6  2 0.7168 0.0874 0.1603 0.0355 
      H126.2  2 0.5809 0.3009 0.1024 0.0158 
      H130.3  2 0.4239 0.4951 0.0600 0.0210 
      H133.1  2 0.8245 0.1129 0.0523 0.0103 
      H147.4  2 0.1576 0.7365 0.0977 0.0082 
      H148.6  2 0.1735 0.1407 0.6517 0.0341 
   H166022.2  2 0.1380 0.6250 0.1815 0.0555 
   H167397.3  2 0.7870 0.1006 0.0964 0.0159 
   H167496.6  2 0.0919 0.7034 0.1971 0.0077 
   H167513.8  2 0.8512 0.0853 0.0249 0.0386 
   H167547.4  2 0.1752 0.7096 0.0865 0.0287 
   H169750.2  2 0.1484 0.5323 0.3115 0.0077 
   H171929.2  2 0.4843 0.1791 0.1439 0.1927 
   H171930.8  2 0.2636 0.1957 0.5161 0.0245 
   H171933.7  2 0.1684 0.7742 0.0449 0.0125 
      H190.6  2 0.0862 0.2158 0.3903 0.3078 
      H400.4  2 0.3275 0.4739 0.1862 0.0124 
 H428.2_2006  2 0.2615 0.6664 0.0442 0.0279 
 H428.6_2005  2 0.1304 0.4441 0.4049 0.0207 
      H453.3  2 0.1125 0.8279 0.0470 0.0126 
     H512.10  2 0.5200 0.4195 0.0521 0.0085 
      H513.2  2 0.2398 0.6469 0.0953 0.0180 
      H532.3  2 0.1114 0.6703 0.1241 0.0942 
      H543.8  2 0.6509 0.1825 0.1530 0.0135 
 H545.1_2005  2 0.9521 0.0291 0.0129 0.0059 
 H545.3_2006  2 0.9638 0.0207 0.0098 0.0057 
      H547.7  2 0.1126 0.7681 0.0981 0.0212 
      H548.3  2 0.9181 0.0421 0.0342 0.0057 
     H7389.1  2 0.1803 0.5975 0.2094 0.0128 
      H747.2  2 0.4284 0.1236 0.0821 0.3658 
     H7484.8  2 0.2533 0.3819 0.3457 0.0192 
     H7485.6  2 0.8695 0.0417 0.0754 0.0134 
     H7496.6  2 0.0369 0.8041 0.1499 0.0091 
        UNK9  2 0.2650 0.6571 0.0610 0.0169 
      H009.6  4 0.0430 0.0834 0.8681 0.0055 
      H046.4  4 0.2143 0.3470 0.4038 0.0350 
 H076.2_2004  4 0.1307 0.3198 0.3574 0.1922 
 H076.5_2002  4 0.1113 0.1304 0.7382 0.0201 
 H076.6_2003  4 0.0228 0.0462 0.9241 0.0069 
      H477.6  4 0.2904 0.6198 0.0716 0.0182 
 H479.4_2006  4 0.2819 0.6043 0.1027 0.0111 
 H479.8_2005  4 0.2166 0.7186 0.0546 0.0103 
      H516.4  4 0.7410 0.1482 0.0790 0.0318 
      H646.2  4 0.3948 0.4022 0.1833 0.0197 
      H658.6  4 0.1781 0.4208 0.3823 0.0188 
      H682.1  4 0.1469 0.6033 0.2269 0.0230 
      H720.4  4 0.4280 0.3065 0.2051 0.0604 
      H724.6  4 0.0763 0.0388 0.8763 0.0086 
      H725.5  4 0.0637 0.7820 0.1372 0.0170 
      H726.2  4 0.1178 0.3413 0.4002 0.1406 
      H016.4  5 0.6497 0.2277 0.1138 0.0087 
 H017.1_2002  5 0.2022 0.2898 0.4571 0.0510 
 H017.5_2003  5 0.4214 0.2967 0.2703 0.0116 
      H032.3  5 0.4925 0.3696 0.1275 0.0104 
 H034.4_2002  5 0.0510 0.0571 0.8683 0.0235 
 H034.5_2003  5 0.2443 0.1334 0.6047 0.0176 
      H048.4  5 0.3670 0.4051 0.2063 0.0216 
      H060.1  5 0.8216 0.1022 0.0690 0.0071 
 H070.3_2002  5 0.1357 0.1110 0.7453 0.0080 
 H070.4_2004  5 0.0681 0.1187 0.8056 0.0076 
 H070.5_2003  5 0.0614 0.0824 0.8505 0.0058 
      H077.4  5 0.4651 0.2859 0.2311 0.0179 
      H097.6  5 0.1574 0.7244 0.1062 0.0120 
      H124.5  5 0.3327 0.4439 0.2137 0.0098 
      H132.5  5 0.5711 0.2265 0.1933 0.0091 
      H155.7  5 0.2257 0.1202 0.6186 0.0356 
      H169.2  5 0.6138 0.1838 0.1865 0.0159 
      H457.8  5 0.4658 0.4683 0.0506 0.0153 
      H462.4  5 0.0989 0.1346 0.7056 0.0608 
      H481.8  5 0.1132 0.4181 0.4581 0.0106 
      H509.4  5 0.0590 0.4549 0.4634 0.0228 
      H567.2  5 0.0407 0.1740 0.7712 0.0141 
      H608.4  5 0.3891 0.4854 0.1172 0.0084 
      H615.4  5 0.2906 0.2193 0.4765 0.0136 
      H635.4  5 0.6023 0.1987 0.1439 0.0551 
      H728.5  5 0.7746 0.1421 0.0679 0.0155 
 H7395.1_200  5 0.1830 0.5072 0.2106 0.0991 
     H7395.5  5 0.6933 0.2089 0.0712 0.0266 
      H742.2  5 0.2198 0.2354 0.5166 0.0282 
      H958.3  5 0.0234 0.4100 0.5580 0.0086 
      H452.9 10 0.0513 0.0616 0.8822 0.0049 
      H473.5 10 0.6762 0.2949 0.0245 0.0045 
      H487.5 10 0.0265 0.0154 0.9089 0.0492 
     H703.10 10 0.3106 0.4596 0.2034 0.0263 
      H705.2 10 0.0636 0.5815 0.3347 0.0201 
     H7352.5 10 0.8311 0.1167 0.0320 0.0202 
     H7354.1 10 0.3699 0.4158 0.1482 0.0661 
     H7359.1 10 0.3900 0.1454 0.4201 0.0445 
      H909.8 10 0.0739 0.2675 0.5471 0.1115 
     H9555.3 10 0.0158 0.0371 0.9056 0.0414 
     H9703.4 10 0.1008 0.2574 0.1671 0.4746 
     H9707.6 10 0.1470 0.4857 0.3524 0.0150 
     HSAA4.2 10 0.0219 0.0526 0.7810 0.1444 
   saaRTON.1 10 0.0073 0.0087 0.0065 0.9775 
  saaRTON.10 10 0.0139 0.0128 0.0126 0.9607 
   saaRTON.2 10 0.0056 0.0068 0.0071 0.9804 
   saaRTON.3 10 0.0082 0.0106 0.0107 0.9705 
   saaRTON.4 10 0.0067 0.0056 0.0062 0.9815 
   saaRTON.5 10 0.0066 0.0066 0.0082 0.9786 
   saaRTON.6 10 0.0071 0.0077 0.0081 0.9771 
   saaRTON.7 10 0.0126 0.0154 0.0137 0.9584 
   saaRTON.8 10 0.0057 0.0073 0.0063 0.9806 
   saaRTON.9 10 0.0046 0.0047 0.0047 0.9860 
      H005.8 11 0.5189 0.2637 0.2013 0.0161 
      H031.2 11 0.1653 0.2658 0.5476 0.0213 
      H136.1 11 0.4175 0.4026 0.1601 0.0198 
      H153.4 11 0.2895 0.3174 0.2586 0.1345 
      H167.1 11 0.4294 0.4201 0.1419 0.0086 
      H173.1 11 0.1215 0.5785 0.2883 0.0118 
 H194.8_2003 11 0.0633 0.0731 0.8081 0.0554 
      H196.6 11 0.0263 0.0213 0.9305 0.0219 
 H356.5_2002 11 0.4835 0.4474 0.0409 0.0282 
 H356.6_2001 11 0.1658 0.6589 0.0441 0.1312 
      H360.6 11 0.1376 0.6167 0.2271 0.0186 
 H369.1_2001 11 0.2675 0.1345 0.5897 0.0083 
      H369.4 11 0.1312 0.4229 0.4299 0.0160 
      H374.3 11 0.3579 0.3598 0.2584 0.0239 
      H376.1 11 0.8024 0.1463 0.0412 0.0100 
      H381.1 11 0.2662 0.2765 0.4394 0.0179 
      H386.5 11 0.5526 0.1767 0.2595 0.0111 
 H387.5_2001 11 0.1396 0.5527 0.2364 0.0713 
      H387.9 11 0.6822 0.2345 0.0589 0.0244 
      H392.6 11 0.7439 0.1280 0.1071 0.0210 
 H393.4_2001 11 0.4522 0.3598 0.1753 0.0128 
 H393.4_2002 11 0.2814 0.4247 0.2655 0.0283 
      H394.5 11 0.3307 0.2768 0.3800 0.0124 
      H412.9 11 0.1790 0.1948 0.4315 0.1947 
      H439.5 11 0.3219 0.2166 0.3961 0.0655 
 H441.6_2004 11 0.0266 0.0761 0.8904 0.0069 
 H441.7_2005 11 0.2632 0.1368 0.5840 0.0160 
 H442.6_2004 11 0.0779 0.2201 0.6598 0.0422 
      H442.9 11 0.2094 0.3720 0.3960 0.0225 
      H446.6 11 0.2678 0.3660 0.3497 0.0165 
      H447.7 11 0.1907 0.5934 0.1922 0.0237 
      H448.2 11 0.0592 0.1944 0.7301 0.0164 
      H586.2 11 0.7158 0.2210 0.0402 0.0231 
     H590.10 11 0.7614 0.1716 0.0558 0.0113 
      H610.7 11 0.2569 0.5352 0.1908 0.0171 
      H611.4 11 0.3088 0.1449 0.5378 0.0085 
 H7379.2_200 11 0.7561 0.1013 0.1020 0.0406 
 H7379.4_200 11 0.6390 0.0675 0.2751 0.0184 
      H741.1 11 0.2828 0.5354 0.1640 0.0178 
      H927.3 11 0.3507 0.3672 0.2761 0.0060 
      H928.4 11 0.3331 0.4481 0.1743 0.0444 
     H9560.4 11 0.0877 0.2324 0.3797 0.3003 
    Rad451.3 11 0.4660 0.2474 0.2765 0.0101 
