      H008.9  2 0.1806 0.1017 0.1995 0.1147 0.2992 0.0075 0.0967 
 H029.5_2002  2 0.0581 0.1792 0.0505 0.0957 0.0704 0.0097 0.5364 
 H029.5_2003  2 0.0672 0.1304 0.0544 0.2257 0.0312 0.0061 0.4850 
      H030.1  2 0.3197 0.2679 0.1275 0.1154 0.0166 0.0243 0.1286 
      H038.4  2 0.0704 0.2424 0.0566 0.0898 0.0278 0.0113 0.5017 
      H041.2  2 0.0535 0.1269 0.0746 0.0371 0.2943 0.0066 0.4070 
 H042.3_2003  2 0.1268 0.0902 0.2763 0.1934 0.1744 0.0120 0.1269 
 H042.4_2002  2 0.0626 0.0822 0.2143 0.1094 0.4473 0.0338 0.0505 
   H042_2002  2 0.0514 0.0449 0.2068 0.0605 0.5594 0.0081 0.0689 
   H042_2003  2 0.0523 0.0548 0.2061 0.0692 0.5463 0.0068 0.0644 
      H043.7  2 0.0665 0.4875 0.0451 0.1057 0.0147 0.0054 0.2750 
      H047.6  2 0.1185 0.1697 0.0455 0.1515 0.0733 0.0129 0.4286 
 H071.1_2003  2 0.2191 0.4260 0.0740 0.0878 0.0439 0.0050 0.1442 
 H071.5_2002  2 0.2756 0.2686 0.1137 0.1240 0.0261 0.0167 0.1754 
 H081.3_2003  2 0.2252 0.1973 0.1045 0.1919 0.0625 0.0215 0.1971 
      H081.7  2 0.2079 0.3154 0.0963 0.1309 0.0469 0.0099 0.1926 
      H083.1  2 0.3609 0.1806 0.1492 0.1532 0.0173 0.0149 0.1238 
      H084.5  2 0.1827 0.1242 0.1082 0.2558 0.0944 0.0504 0.1842 
 H085.1_2003  2 0.2492 0.2540 0.1695 0.1350 0.0349 0.0107 0.1467 
 H085.5_2002  2 0.1987 0.3894 0.1342 0.0846 0.0639 0.0139 0.1154 
      H088.7  2 0.1228 0.0716 0.0854 0.1388 0.3402 0.0105 0.2306 
      H091.1  2 0.2424 0.1716 0.3991 0.1485 0.0155 0.0049 0.0179 
      H109.6  2 0.1543 0.1570 0.0532 0.1776 0.1181 0.0346 0.3052 
      H126.2  2 0.2298 0.0971 0.1863 0.3181 0.0476 0.0099 0.1114 
      H130.3  2 0.2510 0.1044 0.1828 0.2516 0.0242 0.0151 0.1708 
      H133.1  2 0.0613 0.2367 0.0552 0.1023 0.0202 0.0083 0.5161 
      H147.4  2 0.2102 0.2521 0.1546 0.1170 0.0381 0.0067 0.2213 
      H148.6  2 0.1174 0.1066 0.1210 0.1139 0.4050 0.0377 0.0984 
   H166022.2  2 0.2855 0.1161 0.1860 0.2220 0.0776 0.0525 0.0603 
   H167397.3  2 0.0501 0.2436 0.0257 0.0911 0.0202 0.0127 0.5565 
   H167496.6  2 0.2668 0.1904 0.3595 0.0896 0.0532 0.0067 0.0338 
   H167513.8  2 0.1598 0.1567 0.0634 0.1589 0.0175 0.0414 0.4024 
   H167547.4  2 0.1958 0.0623 0.4338 0.2037 0.0241 0.0276 0.0527 
   H169750.2  2 0.2059 0.2894 0.1549 0.1231 0.0935 0.0078 0.1254 
   H171929.2  2 0.1827 0.1264 0.1055 0.1902 0.0570 0.1228 0.2154 
   H171930.8  2 0.1747 0.0456 0.1740 0.2549 0.2991 0.0176 0.0342 
   H171933.7  2 0.2711 0.1190 0.3539 0.1699 0.0204 0.0106 0.0552 
      H190.6  2 0.0906 0.0589 0.1980 0.0984 0.2175 0.2686 0.0680 
      H400.4  2 0.2260 0.1448 0.2336 0.1945 0.0796 0.0105 0.1110 
 H428.2_2006  2 0.2981 0.1478 0.1338 0.1713 0.0200 0.0285 0.2006 
 H428.6_2005  2 0.3252 0.1069 0.1786 0.1845 0.0557 0.0185 0.1305 
      H453.3  2 0.3168 0.1499 0.2734 0.2029 0.0238 0.0087 0.0244 
     H512.10  2 0.2785 0.1376 0.1442 0.2259 0.0129 0.0085 0.1923 
      H513.2  2 0.2573 0.0829 0.3632 0.1814 0.0591 0.0116 0.0446 
      H532.3  2 0.2662 0.1637 0.2236 0.1072 0.0472 0.0777 0.1143 
      H543.8  2 0.1413 0.2617 0.0767 0.0778 0.0435 0.0088 0.3902 
 H545.1_2005  2 0.0141 0.3647 0.0101 0.0229 0.0073 0.0064 0.5746 
 H545.3_2006  2 0.0153 0.3532 0.0083 0.0202 0.0046 0.0060 0.5923 
      H547.7  2 0.2908 0.0970 0.4229 0.1106 0.0212 0.0170 0.0405 
      H548.3  2 0.0370 0.3491 0.0235 0.0394 0.0191 0.0044 0.5275 
     H7389.1  2 0.2648 0.0934 0.2633 0.2099 0.0655 0.0089 0.0941 
      H747.2  2 0.1861 0.0540 0.1335 0.2194 0.0457 0.2559 0.1054 
     H7484.8  2 0.3067 0.0987 0.1686 0.1920 0.1271 0.0137 0.0932 
     H7485.6  2 0.0235 0.3932 0.0165 0.0205 0.0138 0.0156 0.5169 
     H7496.6  2 0.2551 0.2253 0.4123 0.0534 0.0261 0.0078 0.0200 
        UNK9  2 0.2740 0.1779 0.2111 0.1655 0.0161 0.0155 0.1399 
      H009.6  4 0.0456 0.0688 0.1762 0.1142 0.5546 0.0054 0.0352 
      H046.4  4 0.1189 0.1323 0.1800 0.1744 0.1968 0.0383 0.1593 
 H076.2_2004  4 0.1472 0.0570 0.2066 0.1963 0.1783 0.1594 0.0551 
 H076.5_2002  4 0.0699 0.0446 0.0942 0.1516 0.5865 0.0127 0.0405 
 H076.6_2003  4 0.0355 0.0135 0.0264 0.0330 0.8739 0.0052 0.0126 
      H477.6  4 0.1501 0.0921 0.4521 0.2197 0.0145 0.0176 0.0538 
 H479.4_2006  4 0.2694 0.1840 0.2115 0.1791 0.0204 0.0093 0.1263 
 H479.8_2005  4 0.3454 0.1281 0.2313 0.1430 0.0164 0.0079 0.1278 
      H516.4  4 0.2134 0.1154 0.1299 0.3240 0.0208 0.0346 0.1620 
      H646.2  4 0.2078 0.0592 0.1397 0.5015 0.0219 0.0144 0.0556 
      H658.6  4 0.1486 0.2228 0.2817 0.1784 0.0314 0.0174 0.1198 
      H682.1  4 0.2477 0.1850 0.2531 0.1300 0.0757 0.0176 0.0910 
      H720.4  4 0.1973 0.0722 0.1940 0.2939 0.0950 0.0394 0.1083 
      H724.6  4 0.0424 0.0243 0.0320 0.0344 0.7971 0.0067 0.0631 
      H725.5  4 0.2430 0.2125 0.3845 0.0580 0.0166 0.0118 0.0737 
      H726.2  4 0.1378 0.0722 0.3189 0.2405 0.0419 0.1201 0.0686 
      H016.4  5 0.2680 0.1484 0.0761 0.2197 0.0580 0.0063 0.2236 
 H017.1_2002  5 0.1148 0.3606 0.1147 0.1344 0.0445 0.0406 0.1904 
 H017.5_2003  5 0.1351 0.4119 0.0742 0.1432 0.0125 0.0100 0.2132 
      H032.3  5 0.1781 0.1281 0.1634 0.2021 0.0305 0.0083 0.2895 
 H034.4_2002  5 0.0553 0.0195 0.0488 0.0446 0.7914 0.0167 0.0236 
 H034.5_2003  5 0.1337 0.1449 0.1546 0.1493 0.2186 0.0144 0.1845 
      H048.4  5 0.2091 0.0559 0.1901 0.2623 0.1098 0.0161 0.1568 
      H060.1  5 0.2058 0.2661 0.0724 0.2310 0.0402 0.0057 0.1788 
 H070.3_2002  5 0.1369 0.1009 0.1681 0.0914 0.4177 0.0084 0.0766 
 H070.4_2004  5 0.1177 0.0889 0.1439 0.0776 0.4866 0.0085 0.0769 
 H070.5_2003  5 0.1181 0.1135 0.1424 0.0765 0.5003 0.0045 0.0446 
      H077.4  5 0.2309 0.1839 0.2063 0.2077 0.0392 0.0145 0.1175 
      H097.6  5 0.2489 0.0869 0.3158 0.2457 0.0199 0.0116 0.0712 
      H124.5  5 0.1220 0.1518 0.1660 0.1447 0.0847 0.0075 0.3233 
      H132.5  5 0.1147 0.1354 0.1413 0.1589 0.1175 0.0096 0.3225 
      H155.7  5 0.0637 0.0495 0.2130 0.1141 0.4729 0.0221 0.0646 
      H169.2  5 0.2155 0.2712 0.0844 0.1318 0.0138 0.0127 0.2706 
      H457.8  5 0.2912 0.1043 0.1529 0.2946 0.0170 0.0129 0.1269 
      H462.4  5 0.0615 0.1587 0.1915 0.0920 0.3738 0.0428 0.0797 
      H481.8  5 0.1675 0.2150 0.2297 0.1343 0.1349 0.0120 0.1065 
      H509.4  5 0.1485 0.2313 0.2025 0.0984 0.2542 0.0179 0.0472 
      H567.2  5 0.0649 0.0451 0.2735 0.0756 0.5078 0.0091 0.0241 
      H608.4  5 0.1694 0.0796 0.3117 0.2312 0.0354 0.0089 0.1638 
      H615.4  5 0.1893 0.1956 0.1384 0.1306 0.1568 0.0103 0.1790 
      H635.4  5 0.1587 0.1839 0.0714 0.1535 0.0550 0.0547 0.3229 
      H728.5  5 0.3500 0.2479 0.0877 0.1572 0.0272 0.0136 0.1164 
 H7395.1_200  5 0.2298 0.1808 0.0871 0.2162 0.0915 0.0947 0.0998 
     H7395.5  5 0.3241 0.2058 0.0704 0.2226 0.0165 0.0216 0.1388 
      H742.2  5 0.1912 0.0901 0.1769 0.1963 0.2127 0.0274 0.1053 
      H958.3  5 0.0488 0.0618 0.5098 0.1670 0.1807 0.0102 0.0217 
      H452.9 10 0.0287 0.0507 0.0285 0.0469 0.8107 0.0044 0.0301 
      H473.5 10 0.1984 0.1452 0.1766 0.1630 0.0145 0.0041 0.2983 
      H487.5 10 0.0167 0.0181 0.0236 0.0399 0.8155 0.0675 0.0187 
     H703.10 10 0.1203 0.3673 0.1079 0.2375 0.0285 0.0203 0.1181 
      H705.2 10 0.2371 0.1713 0.2069 0.1986 0.0979 0.0209 0.0673 
     H7352.5 10 0.0455 0.2128 0.0420 0.0903 0.0196 0.0197 0.5700 
     H7354.1 10 0.2415 0.0797 0.2720 0.2182 0.0308 0.0629 0.0949 
     H7359.1 10 0.1653 0.1845 0.0962 0.1754 0.1444 0.0506 0.1836 
      H909.8 10 0.1910 0.1720 0.1257 0.1575 0.1190 0.1056 0.1293 
     H9555.3 10 0.0207 0.0164 0.0379 0.0319 0.8434 0.0335 0.0161 
     H9703.4 10 0.0930 0.1542 0.0967 0.1052 0.0456 0.4396 0.0656 
     H9707.6 10 0.2596 0.1632 0.1352 0.1460 0.1589 0.0131 0.1240 
     HSAA4.2 10 0.0355 0.0168 0.0234 0.0291 0.7442 0.1386 0.0123 
   saaRTON.1 10 0.0071 0.0078 0.0073 0.0059 0.0050 0.9608 0.0062 
  saaRTON.10 10 0.0105 0.0097 0.0140 0.0177 0.0137 0.9219 0.0125 
   saaRTON.2 10 0.0053 0.0063 0.0068 0.0061 0.0071 0.9628 0.0057 
   saaRTON.3 10 0.0083 0.0059 0.0091 0.0108 0.0101 0.9471 0.0087 
   saaRTON.4 10 0.0053 0.0056 0.0055 0.0058 0.0060 0.9664 0.0054 
   saaRTON.5 10 0.0072 0.0060 0.0057 0.0064 0.0063 0.9624 0.0060 
   saaRTON.6 10 0.0079 0.0071 0.0076 0.0080 0.0076 0.9551 0.0067 
   saaRTON.7 10 0.0117 0.0103 0.0124 0.0105 0.0132 0.9293 0.0125 
   saaRTON.8 10 0.0064 0.0062 0.0061 0.0061 0.0062 0.9620 0.0069 
   saaRTON.9 10 0.0045 0.0042 0.0046 0.0040 0.0039 0.9742 0.0045 
      H005.8 11 0.2143 0.1454 0.2158 0.1877 0.0616 0.0158 0.1594 
      H031.2 11 0.1921 0.1144 0.1559 0.1508 0.2579 0.0192 0.1097 
      H136.1 11 0.1612 0.0754 0.3198 0.3392 0.0599 0.0136 0.0309 
      H153.4 11 0.1266 0.0424 0.3364 0.2982 0.0451 0.1113 0.0399 
      H167.1 11 0.2496 0.1763 0.1181 0.2205 0.0466 0.0057 0.1834 
      H173.1 11 0.2348 0.1081 0.2700 0.1949 0.0342 0.0159 0.1420 
 H194.8_2003 11 0.0615 0.0386 0.0694 0.0566 0.6946 0.0529 0.0264 
      H196.6 11 0.0138 0.0142 0.0175 0.0197 0.8855 0.0141 0.0352 
 H356.5_2002 11 0.2436 0.3254 0.0376 0.2005 0.0187 0.0183 0.1558 
 H356.6_2001 11 0.2222 0.3809 0.0615 0.0848 0.0122 0.0938 0.1446 
      H360.6 11 0.2471 0.2336 0.1677 0.1039 0.0974 0.0151 0.1353 
 H369.1_2001 11 0.1487 0.1388 0.0880 0.1258 0.3214 0.0064 0.1709 
      H369.4 11 0.1794 0.2956 0.1408 0.1341 0.0567 0.0111 0.1824 
      H374.3 11 0.1701 0.3967 0.0621 0.1182 0.0137 0.0175 0.2217 
      H376.1 11 0.2516 0.1451 0.0672 0.3017 0.0402 0.0091 0.1852 
      H381.1 11 0.2742 0.1116 0.2363 0.1941 0.0775 0.0117 0.0946 
      H386.5 11 0.1002 0.2111 0.1665 0.1255 0.0608 0.0083 0.3275 
 H387.5_2001 11 0.1788 0.0463 0.2703 0.3550 0.0650 0.0464 0.0383 
      H387.9 11 0.1758 0.1416 0.1700 0.2751 0.0211 0.0190 0.1973 
      H392.6 11 0.1799 0.0581 0.1625 0.4640 0.0467 0.0192 0.0695 
 H393.4_2001 11 0.1161 0.3331 0.1262 0.1948 0.0199 0.0132 0.1966 
 H393.4_2002 11 0.1207 0.3880 0.1273 0.1366 0.0176 0.0226 0.1873 
      H394.5 11 0.1673 0.3758 0.0914 0.1094 0.0784 0.0113 0.1665 
      H412.9 11 0.2054 0.0642 0.1728 0.2205 0.0959 0.1614 0.0796 
      H439.5 11 0.2192 0.2080 0.0867 0.1738 0.1138 0.0671 0.1314 
 H441.6_2004 11 0.0502 0.0389 0.0325 0.0424 0.8115 0.0057 0.0189 
 H441.7_2005 11 0.1448 0.0767 0.1589 0.1200 0.4110 0.0143 0.0743 
 H442.6_2004 11 0.1191 0.0423 0.2531 0.0975 0.4305 0.0332 0.0243 
      H442.9 11 0.1537 0.0990 0.4177 0.1822 0.0578 0.0175 0.0721 
      H446.6 11 0.2145 0.0680 0.1202 0.3930 0.1556 0.0163 0.0324 
      H447.7 11 0.2233 0.1803 0.1896 0.2143 0.0888 0.0224 0.0812 
      H448.2 11 0.1133 0.0596 0.2160 0.1417 0.4311 0.0147 0.0236 
      H586.2 11 0.3016 0.1618 0.0971 0.2985 0.0182 0.0174 0.1053 
     H590.10 11 0.1617 0.1966 0.0869 0.3158 0.0208 0.0146 0.2036 
      H610.7 11 0.2747 0.1754 0.1381 0.2121 0.0737 0.0147 0.1113 
      H611.4 11 0.1569 0.0739 0.3194 0.1736 0.0920 0.0070 0.1772 
 H7379.2_200 11 0.1957 0.1825 0.0902 0.1585 0.1108 0.0437 0.2186 
 H7379.4_200 11 0.1843 0.1606 0.0968 0.1692 0.2552 0.0159 0.1180 
      H741.1 11 0.1938 0.0896 0.4020 0.1769 0.0312 0.0135 0.0929 
      H927.3 11 0.1784 0.1984 0.1527 0.1567 0.1326 0.0054 0.1758 
      H928.4 11 0.1771 0.1057 0.1969 0.2100 0.0506 0.0365 0.2231 
     H9560.4 11 0.0852 0.0518 0.3090 0.1064 0.1627 0.2656 0.0193 
    Rad451.3 11 0.2285 0.1143 0.1847 0.2363 0.0512 0.0081 0.1769 
