      H008.9  2 0.0075 0.1526 0.1684 0.1175 0.3165 0.1217 0.1157 
 H029.5_2002  2 0.0072 0.2340 0.2341 0.3248 0.0474 0.0633 0.0891 
 H029.5_2003  2 0.0052 0.1684 0.2003 0.3126 0.0343 0.0929 0.1863 
      H030.1  2 0.0267 0.0636 0.2805 0.1372 0.1299 0.2039 0.1582 
      H038.4  2 0.0092 0.0670 0.2710 0.3834 0.0424 0.1021 0.1248 
      H041.2  2 0.0066 0.3421 0.2043 0.2582 0.0809 0.0551 0.0528 
 H042.3_2003  2 0.0106 0.2019 0.1173 0.0689 0.2094 0.1921 0.1999 
 H042.4_2002  2 0.0343 0.2658 0.1442 0.0365 0.2714 0.1220 0.1257 
   H042_2002  2 0.0064 0.3232 0.0439 0.0662 0.4117 0.0715 0.0771 
   H042_2003  2 0.0064 0.3088 0.0487 0.0590 0.4560 0.0560 0.0651 
      H043.7  2 0.0055 0.1485 0.1998 0.3825 0.0613 0.0954 0.1071 
      H047.6  2 0.0157 0.2158 0.2030 0.3495 0.0339 0.0842 0.0980 
 H071.1_2003  2 0.0047 0.1691 0.1659 0.2990 0.1415 0.1043 0.1156 
 H071.5_2002  2 0.0169 0.1412 0.1460 0.2493 0.0843 0.1798 0.1826 
 H081.3_2003  2 0.0172 0.1806 0.1430 0.2116 0.0785 0.2044 0.1647 
      H081.7  2 0.0089 0.1332 0.1663 0.4287 0.0517 0.1081 0.1031 
      H083.1  2 0.0131 0.0926 0.2326 0.1426 0.1240 0.1887 0.2064 
      H084.5  2 0.0489 0.1188 0.1236 0.1240 0.0587 0.2147 0.3113 
 H085.1_2003  2 0.0104 0.0769 0.2389 0.2350 0.1063 0.1736 0.1588 
 H085.5_2002  2 0.0101 0.1191 0.2096 0.3218 0.1417 0.1231 0.0747 
      H088.7  2 0.0094 0.3238 0.1701 0.1707 0.1347 0.0897 0.1016 
      H091.1  2 0.0051 0.0503 0.3520 0.0146 0.2723 0.1740 0.1316 
      H109.6  2 0.0318 0.1447 0.2590 0.2289 0.0701 0.1356 0.1298 
      H126.2  2 0.0080 0.1151 0.0837 0.0824 0.0953 0.2593 0.3562 
      H130.3  2 0.0135 0.0827 0.1694 0.1106 0.0782 0.2941 0.2514 
      H133.1  2 0.0092 0.1174 0.2593 0.4116 0.0342 0.0678 0.1004 
      H147.4  2 0.0068 0.0800 0.2671 0.3082 0.0934 0.1073 0.1372 
      H148.6  2 0.0286 0.1956 0.2270 0.1107 0.1882 0.1132 0.1368 
   H166022.2  2 0.0428 0.1098 0.2100 0.0848 0.1090 0.2404 0.2032 
   H167397.3  2 0.0118 0.0795 0.3145 0.3246 0.0250 0.0760 0.1685 
   H167496.6  2 0.0070 0.1096 0.2847 0.0714 0.2032 0.1818 0.1424 
   H167513.8  2 0.0394 0.0848 0.2404 0.2826 0.0450 0.1335 0.1743 
   H167547.4  2 0.0217 0.0670 0.2997 0.0597 0.1851 0.1573 0.2093 
   H169750.2  2 0.0079 0.1433 0.1920 0.1647 0.2304 0.1207 0.1410 
   H171929.2  2 0.1233 0.1381 0.1312 0.1698 0.1036 0.1410 0.1930 
   H171930.8  2 0.0157 0.2071 0.1228 0.0782 0.1543 0.1794 0.2424 
   H171933.7  2 0.0079 0.1219 0.2491 0.0706 0.2162 0.1751 0.1591 
      H190.6  2 0.2965 0.1417 0.0933 0.0690 0.1544 0.1331 0.1120 
      H400.4  2 0.0100 0.1858 0.1248 0.1417 0.0881 0.2306 0.2189 
 H428.2_2006  2 0.0222 0.0982 0.1986 0.1915 0.0694 0.1699 0.2501 
 H428.6_2005  2 0.0171 0.1188 0.1029 0.1502 0.2112 0.2354 0.1645 
      H453.3  2 0.0090 0.0465 0.2743 0.0399 0.1778 0.2123 0.2403 
     H512.10  2 0.0064 0.1052 0.1844 0.1717 0.0597 0.2187 0.2540 
      H513.2  2 0.0108 0.0955 0.2493 0.0433 0.2115 0.2095 0.1801 
      H532.3  2 0.0666 0.0836 0.2624 0.1112 0.1357 0.1826 0.1578 
      H543.8  2 0.0085 0.0587 0.3822 0.3080 0.0447 0.1099 0.0880 
 H545.1_2005  2 0.0050 0.0093 0.4351 0.4784 0.0087 0.0232 0.0403 
 H545.3_2006  2 0.0049 0.0101 0.4313 0.4766 0.0071 0.0163 0.0538 
      H547.7  2 0.0138 0.0586 0.3417 0.0407 0.1896 0.1759 0.1796 
      H548.3  2 0.0047 0.0353 0.4157 0.4509 0.0235 0.0276 0.0423 
     H7389.1  2 0.0075 0.0923 0.2145 0.0685 0.2234 0.2239 0.1700 
      H747.2  2 0.2460 0.0643 0.1273 0.1049 0.0835 0.2071 0.1668 
     H7484.8  2 0.0137 0.1305 0.1316 0.0978 0.1820 0.2713 0.1730 
     H7485.6  2 0.0139 0.0240 0.3850 0.4771 0.0158 0.0433 0.0408 
     H7496.6  2 0.0062 0.0968 0.3427 0.0470 0.2365 0.1758 0.0951 
        UNK9  2 0.0130 0.0661 0.2426 0.1183 0.2534 0.1553 0.1513 
      H009.6  4 0.0059 0.2196 0.0409 0.0574 0.4648 0.0870 0.1244 
      H046.4  4 0.0256 0.1517 0.1625 0.1092 0.1742 0.1890 0.1879 
 H076.2_2004  4 0.1573 0.1659 0.1033 0.0650 0.0652 0.1850 0.2582 
 H076.5_2002  4 0.0136 0.3908 0.0619 0.0384 0.2302 0.1032 0.1618 
 H076.6_2003  4 0.0059 0.5100 0.0259 0.0146 0.3711 0.0285 0.0441 
      H477.6  4 0.0158 0.0768 0.2119 0.0416 0.1999 0.2784 0.1756 
 H479.4_2006  4 0.0088 0.1057 0.1309 0.1971 0.1080 0.2811 0.1685 
 H479.8_2005  4 0.0086 0.0947 0.2225 0.1366 0.1195 0.2813 0.1367 
      H516.4  4 0.0355 0.1069 0.1131 0.1783 0.0550 0.2476 0.2636 
      H646.2  4 0.0140 0.0615 0.0682 0.0234 0.0586 0.2781 0.4962 
      H658.6  4 0.0141 0.1395 0.1349 0.1553 0.1559 0.1772 0.2232 
      H682.1  4 0.0182 0.1269 0.1612 0.0864 0.2268 0.2200 0.1605 
      H720.4  4 0.0393 0.1100 0.1266 0.0881 0.1045 0.2940 0.2376 
      H724.6  4 0.0068 0.4642 0.0266 0.0364 0.3947 0.0290 0.0424 
      H725.5  4 0.0101 0.0658 0.3686 0.0603 0.2471 0.1503 0.0978 
      H726.2  4 0.0837 0.0946 0.1019 0.0294 0.1444 0.2461 0.3000 
      H016.4  5 0.0060 0.0980 0.1889 0.1895 0.0559 0.2395 0.2221 
 H017.1_2002  5 0.0401 0.1862 0.0946 0.2863 0.0959 0.1552 0.1417 
 H017.5_2003  5 0.0075 0.1610 0.1015 0.3599 0.0586 0.1332 0.1783 
      H032.3  5 0.0075 0.0905 0.2679 0.2459 0.0665 0.1603 0.1615 
 H034.4_2002  5 0.0185 0.3043 0.0391 0.0353 0.5002 0.0475 0.0552 
 H034.5_2003  5 0.0159 0.1426 0.1639 0.1867 0.1880 0.1450 0.1579 
      H048.4  5 0.0123 0.1459 0.2093 0.1509 0.0590 0.1513 0.2712 
      H060.1  5 0.0057 0.0849 0.2513 0.2894 0.0593 0.1523 0.1570 
 H070.3_2002  5 0.0059 0.1832 0.1036 0.1386 0.3889 0.0938 0.0860 
 H070.4_2004  5 0.0072 0.2136 0.0491 0.1455 0.4575 0.0651 0.0620 
 H070.5_2003  5 0.0046 0.1761 0.0557 0.1352 0.4615 0.0745 0.0923 
      H077.4  5 0.0150 0.1546 0.1567 0.1622 0.1137 0.1781 0.2198 
      H097.6  5 0.0106 0.0946 0.3142 0.0792 0.1735 0.1233 0.2045 
      H124.5  5 0.0072 0.1396 0.1643 0.2106 0.1198 0.2189 0.1395 
      H132.5  5 0.0079 0.2145 0.1261 0.2142 0.1364 0.1238 0.1771 
      H155.7  5 0.0215 0.2429 0.0598 0.0627 0.3650 0.1240 0.1240 
      H169.2  5 0.0119 0.1308 0.1938 0.3246 0.0501 0.1596 0.1292 
      H457.8  5 0.0102 0.1058 0.2163 0.1497 0.0498 0.1657 0.3025 
      H462.4  5 0.0512 0.1739 0.0745 0.1432 0.3618 0.0981 0.0974 
      H481.8  5 0.0094 0.1602 0.1718 0.1525 0.2313 0.1281 0.1466 
      H509.4  5 0.0207 0.1831 0.1548 0.0848 0.2710 0.1512 0.1344 
      H567.2  5 0.0125 0.2055 0.0585 0.0474 0.4515 0.1205 0.1041 
      H608.4  5 0.0065 0.0728 0.2380 0.1668 0.1086 0.2083 0.1990 
      H615.4  5 0.0102 0.2365 0.0860 0.2037 0.1574 0.1554 0.1508 
      H635.4  5 0.0559 0.1548 0.1310 0.2385 0.0499 0.1594 0.2104 
      H728.5  5 0.0126 0.1312 0.2365 0.2165 0.0216 0.2053 0.1763 
 H7395.1_200  5 0.0994 0.1713 0.1420 0.1563 0.0800 0.1667 0.1843 
     H7395.5  5 0.0231 0.1166 0.1924 0.2051 0.0231 0.2419 0.1979 
      H742.2  5 0.0241 0.2761 0.0955 0.1153 0.1052 0.1948 0.1889 
      H958.3  5 0.0087 0.1669 0.1660 0.0334 0.3099 0.1558 0.1592 
      H452.9 10 0.0043 0.4735 0.0156 0.0311 0.4049 0.0238 0.0468 
      H473.5 10 0.0041 0.0555 0.2059 0.2485 0.0883 0.2307 0.1668 
      H487.5 10 0.0590 0.4730 0.0174 0.0218 0.3690 0.0196 0.0401 
     H703.10 10 0.0169 0.1635 0.1203 0.2154 0.1136 0.1966 0.1737 
      H705.2 10 0.0132 0.1138 0.1974 0.1130 0.2047 0.1650 0.1929 
     H7352.5 10 0.0179 0.0955 0.2326 0.3468 0.0402 0.1055 0.1614 
     H7354.1 10 0.0462 0.0653 0.1834 0.1006 0.1436 0.2345 0.2263 
     H7359.1 10 0.0464 0.1856 0.1576 0.2128 0.1236 0.1242 0.1500 
      H909.8 10 0.0911 0.1740 0.1048 0.2142 0.1533 0.1267 0.1358 
     H9555.3 10 0.0326 0.4405 0.0169 0.0189 0.4081 0.0369 0.0461 
     H9703.4 10 0.4238 0.0884 0.0612 0.0969 0.0955 0.1260 0.1082 
     H9707.6 10 0.0123 0.2190 0.1295 0.1098 0.1287 0.1881 0.2126 
     HSAA4.2 10 0.1365 0.3559 0.0184 0.0155 0.3395 0.0581 0.0761 
   saaRTON.1 10 0.9639 0.0063 0.0062 0.0063 0.0058 0.0059 0.0057 
  saaRTON.10 10 0.9311 0.0120 0.0097 0.0124 0.0126 0.0117 0.0105 
   saaRTON.2 10 0.9664 0.0054 0.0053 0.0051 0.0055 0.0071 0.0051 
   saaRTON.3 10 0.9503 0.0107 0.0072 0.0084 0.0090 0.0076 0.0068 
   saaRTON.4 10 0.9707 0.0040 0.0061 0.0045 0.0041 0.0050 0.0054 
   saaRTON.5 10 0.9687 0.0052 0.0054 0.0061 0.0046 0.0051 0.0049 
   saaRTON.6 10 0.9604 0.0068 0.0068 0.0064 0.0066 0.0066 0.0063 
   saaRTON.7 10 0.9315 0.0090 0.0121 0.0102 0.0126 0.0121 0.0124 
   saaRTON.8 10 0.9654 0.0065 0.0053 0.0056 0.0061 0.0056 0.0056 
   saaRTON.9 10 0.9766 0.0037 0.0037 0.0039 0.0036 0.0044 0.0042 
      H005.8 11 0.0124 0.1038 0.1687 0.2193 0.0959 0.2096 0.1903 
      H031.2 11 0.0148 0.2450 0.0865 0.1073 0.2444 0.1572 0.1448 
      H136.1 11 0.0141 0.1069 0.0807 0.0657 0.1282 0.3351 0.2693 
      H153.4 11 0.0867 0.0845 0.0556 0.0712 0.1321 0.2780 0.2919 
      H167.1 11 0.0060 0.1880 0.1527 0.2120 0.0513 0.2194 0.1706 
      H173.1 11 0.0129 0.1292 0.1455 0.0943 0.1836 0.2135 0.2209 
 H194.8_2003 11 0.0438 0.3642 0.0382 0.0275 0.3927 0.0599 0.0738 
      H196.6 11 0.0162 0.4801 0.0288 0.0287 0.4063 0.0180 0.0219 
 H356.5_2002 11 0.0192 0.2097 0.1030 0.3127 0.0396 0.1648 0.1510 
 H356.6_2001 11 0.0832 0.1757 0.1252 0.2766 0.0726 0.1223 0.1443 
      H360.6 11 0.0124 0.1758 0.2370 0.1834 0.1765 0.1040 0.1108 
 H369.1_2001 11 0.0066 0.2140 0.1658 0.2001 0.2282 0.0861 0.0993 
      H369.4 11 0.0132 0.2280 0.0960 0.2209 0.1020 0.2127 0.1273 
      H374.3 11 0.0157 0.2783 0.0989 0.3881 0.0378 0.1077 0.0734 
      H376.1 11 0.0083 0.0990 0.1242 0.1438 0.0258 0.2708 0.3281 
      H381.1 11 0.0116 0.1023 0.1614 0.1393 0.2090 0.1782 0.1982 
      H386.5 11 0.0081 0.0905 0.2750 0.2670 0.0792 0.1402 0.1400 
 H387.5_2001 11 0.0465 0.0767 0.1838 0.0625 0.1464 0.1785 0.3055 
      H387.9 11 0.0212 0.1438 0.1069 0.2192 0.0312 0.1615 0.3160 
      H392.6 11 0.0150 0.1179 0.0362 0.0830 0.0709 0.2916 0.3854 
 H393.4_2001 11 0.0113 0.2265 0.0714 0.3618 0.0341 0.1620 0.1328 
 H393.4_2002 11 0.0193 0.2360 0.0867 0.3633 0.0396 0.1393 0.1158 
      H394.5 11 0.0080 0.2312 0.0792 0.3394 0.1135 0.1133 0.1154 
      H412.9 11 0.1454 0.0974 0.0741 0.0478 0.1346 0.2321 0.2686 
      H439.5 11 0.0558 0.1762 0.1594 0.1544 0.1059 0.1954 0.1529 
 H441.6_2004 11 0.0063 0.3670 0.0308 0.0309 0.4191 0.0569 0.0891 
 H441.7_2005 11 0.0109 0.2434 0.0856 0.0658 0.3727 0.1265 0.0951 
 H442.6_2004 11 0.0326 0.1975 0.1004 0.0343 0.2998 0.1579 0.1776 
      H442.9 11 0.0154 0.1128 0.1826 0.1121 0.1805 0.2060 0.1907 
      H446.6 11 0.0156 0.1344 0.0659 0.0330 0.1505 0.2461 0.3545 
      H447.7 11 0.0160 0.1169 0.1506 0.1150 0.1543 0.2268 0.2203 
      H448.2 11 0.0175 0.2416 0.0572 0.0323 0.3491 0.1048 0.1976 
      H586.2 11 0.0146 0.1474 0.1504 0.1178 0.0511 0.2185 0.3003 
     H590.10 11 0.0137 0.1379 0.1301 0.2264 0.0609 0.2060 0.2249 
      H610.7 11 0.0137 0.1656 0.1422 0.1140 0.1615 0.2342 0.1688 
      H611.4 11 0.0071 0.1270 0.1212 0.1319 0.1749 0.2436 0.1942 
 H7379.2_200 11 0.0382 0.1253 0.1703 0.2152 0.0839 0.2303 0.1368 
 H7379.4_200 11 0.0143 0.1813 0.1208 0.1257 0.2048 0.1704 0.1827 
      H741.1 11 0.0128 0.0923 0.1780 0.1205 0.1184 0.2616 0.2163 
      H927.3 11 0.0042 0.1296 0.2040 0.1821 0.1573 0.1577 0.1651 
      H928.4 11 0.0312 0.1349 0.1663 0.1267 0.0939 0.2428 0.2043 
     H9560.4 11 0.2233 0.1285 0.0655 0.0353 0.2183 0.1552 0.1739 
    Rad451.3 11 0.0085 0.1409 0.1644 0.1533 0.1150 0.1894 0.2285 
