      H008.9  2 0.1748 0.1296 0.1492 0.4331 0.0076 0.1057 
 H029.5_2002  2 0.1346 0.4878 0.0535 0.0421 0.0089 0.2730 
 H029.5_2003  2 0.2104 0.4352 0.0530 0.0449 0.0059 0.2506 
      H030.1  2 0.1678 0.1128 0.3714 0.0253 0.0236 0.2992 
      H038.4  2 0.0982 0.5516 0.0533 0.0263 0.0095 0.2611 
      H041.2  2 0.0827 0.4022 0.0750 0.1628 0.0066 0.2707 
 H042.3_2003  2 0.2525 0.1039 0.2504 0.1708 0.0142 0.2081 
 H042.4_2002  2 0.1760 0.0678 0.2008 0.4066 0.0464 0.1025 
   H042_2002  2 0.0919 0.0796 0.0404 0.6765 0.0077 0.1039 
   H042_2003  2 0.0844 0.0822 0.0459 0.6691 0.0076 0.1108 
      H043.7  2 0.1249 0.4838 0.0907 0.0165 0.0064 0.2776 
      H047.6  2 0.1367 0.3971 0.0740 0.0553 0.0152 0.3217 
 H071.1_2003  2 0.0951 0.1959 0.2776 0.1183 0.0050 0.3080 
 H071.5_2002  2 0.2569 0.2698 0.1641 0.0264 0.0145 0.2684 
 H081.3_2003  2 0.2558 0.1666 0.1436 0.0758 0.0209 0.3374 
      H081.7  2 0.1942 0.2775 0.1834 0.0564 0.0092 0.2793 
      H083.1  2 0.2964 0.1797 0.2356 0.0162 0.0158 0.2564 
      H084.5  2 0.2555 0.1481 0.1540 0.1156 0.0597 0.2670 
 H085.1_2003  2 0.1574 0.2147 0.3654 0.0339 0.0116 0.2169 
 H085.5_2002  2 0.1234 0.1596 0.3869 0.1702 0.0132 0.1466 
      H088.7  2 0.1473 0.2425 0.1012 0.2239 0.0119 0.2731 
      H091.1  2 0.1805 0.1489 0.5854 0.0145 0.0056 0.0651 
      H109.6  2 0.1689 0.2780 0.0929 0.1418 0.0344 0.2841 
      H126.2  2 0.3383 0.1189 0.2302 0.0524 0.0119 0.2483 
      H130.3  2 0.3266 0.1190 0.1541 0.0199 0.0154 0.3649 
      H133.1  2 0.1075 0.4510 0.0832 0.0160 0.0073 0.3351 
      H147.4  2 0.1313 0.3097 0.3267 0.0511 0.0064 0.1747 
      H148.6  2 0.1298 0.1493 0.1248 0.4447 0.0265 0.1250 
   H166022.2  2 0.2648 0.1221 0.3742 0.0817 0.0489 0.1085 
   H167397.3  2 0.2068 0.4483 0.0280 0.0484 0.0121 0.2564 
   H167496.6  2 0.1355 0.1593 0.4630 0.0819 0.0081 0.1522 
   H167513.8  2 0.1812 0.3229 0.1152 0.0259 0.0423 0.3125 
   H167547.4  2 0.2753 0.0843 0.5124 0.0218 0.0266 0.0797 
   H169750.2  2 0.1598 0.1769 0.2887 0.1387 0.0075 0.2284 
   H171929.2  2 0.2236 0.1800 0.1832 0.0619 0.1445 0.2068 
   H171930.8  2 0.3028 0.0886 0.1251 0.3287 0.0155 0.1393 
   H171933.7  2 0.1601 0.0394 0.5040 0.0323 0.0083 0.2558 
      H190.6  2 0.1784 0.0627 0.1425 0.1928 0.3264 0.0972 
      H400.4  2 0.2361 0.2248 0.2352 0.0539 0.0098 0.2402 
 H428.2_2006  2 0.2809 0.2216 0.2738 0.0178 0.0236 0.1822 
 H428.6_2005  2 0.2103 0.1332 0.3382 0.0974 0.0217 0.1992 
      H453.3  2 0.2897 0.0994 0.4192 0.0377 0.0098 0.1441 
     H512.10  2 0.3125 0.2214 0.1708 0.0170 0.0088 0.2694 
      H513.2  2 0.2270 0.0919 0.4264 0.0307 0.0133 0.2108 
      H532.3  2 0.2204 0.0928 0.3432 0.0356 0.0713 0.2366 
      H543.8  2 0.1367 0.4626 0.0852 0.0670 0.0105 0.2381 
 H545.1_2005  2 0.0647 0.6964 0.0231 0.0092 0.0062 0.2003 
 H545.3_2006  2 0.0233 0.7103 0.0153 0.0067 0.0053 0.2391 
      H547.7  2 0.2004 0.1475 0.5463 0.0233 0.0144 0.0681 
      H548.3  2 0.0361 0.6633 0.0182 0.0220 0.0047 0.2558 
     H7389.1  2 0.2607 0.0881 0.3829 0.0997 0.0111 0.1575 
      H747.2  2 0.1820 0.1103 0.1260 0.0602 0.2569 0.2646 
     H7484.8  2 0.2148 0.0938 0.2130 0.1806 0.0138 0.2839 
     H7485.6  2 0.0407 0.6549 0.0258 0.0207 0.0136 0.2445 
     H7496.6  2 0.0887 0.1344 0.6041 0.0298 0.0097 0.1333 
        UNK9  2 0.1773 0.1562 0.3845 0.0213 0.0142 0.2465 
      H009.6  4 0.0698 0.0293 0.0290 0.8255 0.0061 0.0403 
      H046.4  4 0.2678 0.1882 0.1665 0.1937 0.0408 0.1430 
 H076.2_2004  4 0.2552 0.1190 0.1565 0.1552 0.1667 0.1474 
 H076.5_2002  4 0.1805 0.0767 0.0610 0.5864 0.0180 0.0774 
 H076.6_2003  4 0.0415 0.0302 0.0248 0.8512 0.0062 0.0459 
      H477.6  4 0.2127 0.0726 0.4729 0.0164 0.0173 0.2081 
 H479.4_2006  4 0.2175 0.1900 0.2360 0.0352 0.0081 0.3132 
 H479.8_2005  4 0.1700 0.1397 0.4334 0.0206 0.0089 0.2275 
      H516.4  4 0.3322 0.1810 0.1379 0.0468 0.0362 0.2658 
      H646.2  4 0.6084 0.1074 0.1433 0.0247 0.0176 0.0986 
      H658.6  4 0.3124 0.1302 0.3038 0.0539 0.0164 0.1833 
      H682.1  4 0.1669 0.1178 0.3167 0.0991 0.0201 0.2793 
      H720.4  4 0.3096 0.1024 0.1479 0.1329 0.0362 0.2711 
      H724.6  4 0.0531 0.0426 0.0395 0.7981 0.0082 0.0585 
      H725.5  4 0.1067 0.1058 0.5504 0.0261 0.0127 0.1983 
      H726.2  4 0.4093 0.0730 0.2846 0.0596 0.0934 0.0801 
      H016.4  5 0.2556 0.1585 0.1340 0.0459 0.0071 0.3989 
 H017.1_2002  5 0.2599 0.1656 0.2116 0.2289 0.0489 0.0850 
 H017.5_2003  5 0.2811 0.2922 0.2109 0.0461 0.0102 0.1595 
      H032.3  5 0.1380 0.3248 0.1858 0.0481 0.0096 0.2935 
 H034.4_2002  5 0.0392 0.0219 0.0253 0.8542 0.0187 0.0408 
 H034.5_2003  5 0.1838 0.1933 0.1067 0.3431 0.0168 0.1562 
      H048.4  5 0.2473 0.2620 0.1738 0.0703 0.0171 0.2295 
      H060.1  5 0.2115 0.4142 0.0991 0.0437 0.0064 0.2251 
 H070.3_2002  5 0.1173 0.0823 0.1329 0.5861 0.0074 0.0739 
 H070.4_2004  5 0.0811 0.0536 0.0918 0.7127 0.0087 0.0521 
 H070.5_2003  5 0.0453 0.0474 0.0514 0.7892 0.0054 0.0614 
      H077.4  5 0.2485 0.2040 0.2124 0.0863 0.0151 0.2337 
      H097.6  5 0.3398 0.1818 0.3563 0.0306 0.0101 0.0814 
      H124.5  5 0.3210 0.2543 0.1435 0.1000 0.0081 0.1730 
      H132.5  5 0.1671 0.2493 0.1124 0.1151 0.0095 0.3466 
      H155.7  5 0.1355 0.0914 0.0714 0.5451 0.0234 0.1332 
      H169.2  5 0.2270 0.3662 0.1676 0.0256 0.0119 0.2017 
      H457.8  5 0.4635 0.1383 0.1717 0.0180 0.0131 0.1955 
      H462.4  5 0.0720 0.0867 0.1018 0.6327 0.0503 0.0566 
      H481.8  5 0.1631 0.0792 0.3010 0.1866 0.0111 0.2589 
      H509.4  5 0.1316 0.0775 0.2965 0.3160 0.0240 0.1544 
      H567.2  5 0.0593 0.0378 0.1129 0.7152 0.0119 0.0629 
      H608.4  5 0.2102 0.2439 0.2742 0.0469 0.0084 0.2165 
      H615.4  5 0.1736 0.1147 0.2158 0.2139 0.0117 0.2703 
      H635.4  5 0.1987 0.3212 0.0774 0.0662 0.0711 0.2655 
      H728.5  5 0.2565 0.2566 0.1035 0.0521 0.0133 0.3181 
 H7395.1_200  5 0.2483 0.1816 0.2263 0.0918 0.0911 0.1609 
     H7395.5  5 0.3296 0.2364 0.1073 0.0362 0.0264 0.2642 
      H742.2  5 0.2535 0.1157 0.1438 0.2636 0.0255 0.1979 
      H958.3  5 0.2135 0.0537 0.4693 0.1704 0.0090 0.0841 
      H452.9 10 0.0433 0.0375 0.0219 0.8474 0.0047 0.0453 
      H473.5 10 0.1960 0.2393 0.1667 0.0181 0.0042 0.3756 
      H487.5 10 0.0285 0.0203 0.0166 0.8403 0.0618 0.0325 
     H703.10 10 0.2352 0.1828 0.2398 0.0450 0.0204 0.2769 
      H705.2 10 0.2279 0.0548 0.4507 0.1125 0.0215 0.1327 
     H7352.5 10 0.1404 0.4256 0.0677 0.0177 0.0193 0.3295 
     H7354.1 10 0.2548 0.0944 0.3139 0.0327 0.0589 0.2454 
     H7359.1 10 0.1659 0.2300 0.1576 0.1937 0.0438 0.2089 
      H909.8 10 0.2132 0.0979 0.1832 0.2768 0.1145 0.1144 
     H9555.3 10 0.0251 0.0155 0.0228 0.8755 0.0311 0.0301 
     H9703.4 10 0.0986 0.0581 0.2193 0.0532 0.4278 0.1431 
     H9707.6 10 0.1615 0.1143 0.2471 0.1274 0.0112 0.3385 
     HSAA4.2 10 0.0700 0.0135 0.0602 0.6764 0.1407 0.0392 
   saaRTON.1 10 0.0076 0.0063 0.0073 0.0066 0.9656 0.0066 
  saaRTON.10 10 0.0121 0.0117 0.0132 0.0124 0.9400 0.0105 
   saaRTON.2 10 0.0063 0.0049 0.0063 0.0061 0.9705 0.0059 
   saaRTON.3 10 0.0100 0.0081 0.0078 0.0124 0.9532 0.0085 
   saaRTON.4 10 0.0049 0.0057 0.0056 0.0057 0.9717 0.0065 
   saaRTON.5 10 0.0054 0.0057 0.0051 0.0067 0.9698 0.0073 
   saaRTON.6 10 0.0079 0.0075 0.0070 0.0084 0.9605 0.0087 
   saaRTON.7 10 0.0132 0.0127 0.0138 0.0105 0.9377 0.0120 
   saaRTON.8 10 0.0065 0.0057 0.0048 0.0074 0.9693 0.0063 
   saaRTON.9 10 0.0041 0.0046 0.0051 0.0044 0.9772 0.0046 
      H005.8 11 0.2328 0.2151 0.2232 0.0806 0.0158 0.2324 
      H031.2 11 0.2364 0.0781 0.1999 0.2917 0.0170 0.1769 
      H136.1 11 0.2977 0.0793 0.2518 0.0950 0.0129 0.2632 
      H153.4 11 0.3702 0.0616 0.2375 0.0750 0.1088 0.1468 
      H167.1 11 0.2428 0.2512 0.1425 0.0650 0.0063 0.2923 
      H173.1 11 0.2633 0.1139 0.3732 0.0454 0.0134 0.1909 
 H194.8_2003 11 0.0770 0.0446 0.0627 0.6912 0.0586 0.0659 
      H196.6 11 0.0278 0.0322 0.0128 0.8530 0.0171 0.0571 
 H356.5_2002 11 0.2316 0.1236 0.2007 0.0368 0.0170 0.3902 
 H356.6_2001 11 0.1375 0.0824 0.3375 0.0126 0.0911 0.3388 
      H360.6 11 0.1895 0.1285 0.3347 0.1355 0.0152 0.1966 
 H369.1_2001 11 0.0982 0.1799 0.0711 0.4944 0.0066 0.1499 
      H369.4 11 0.2026 0.1657 0.2552 0.1468 0.0134 0.2163 
      H374.3 11 0.2107 0.2904 0.1520 0.0401 0.0195 0.2873 
      H376.1 11 0.2906 0.1077 0.1377 0.0648 0.0097 0.3895 
      H381.1 11 0.2120 0.1412 0.2968 0.1615 0.0112 0.1773 
      H386.5 11 0.2113 0.4480 0.0982 0.0699 0.0088 0.1637 
 H387.5_2001 11 0.3564 0.1411 0.2986 0.0617 0.0545 0.0876 
      H387.9 11 0.3188 0.2529 0.1477 0.0181 0.0187 0.2437 
      H392.6 11 0.5453 0.1266 0.0889 0.0581 0.0134 0.1677 
 H393.4_2001 11 0.2441 0.3749 0.1108 0.0260 0.0134 0.2308 
 H393.4_2002 11 0.2238 0.3159 0.1569 0.0465 0.0239 0.2331 
      H394.5 11 0.1713 0.2598 0.1355 0.2044 0.0115 0.2175 
      H412.9 11 0.2815 0.0999 0.1793 0.1772 0.1606 0.1015 
      H439.5 11 0.1601 0.1947 0.1565 0.1525 0.0552 0.2809 
 H441.6_2004 11 0.0886 0.0252 0.0409 0.8178 0.0059 0.0215 
 H441.7_2005 11 0.1586 0.0818 0.1053 0.5352 0.0110 0.1081 
 H442.6_2004 11 0.1179 0.0592 0.1819 0.4793 0.0392 0.1226 
      H442.9 11 0.2221 0.1095 0.4292 0.0934 0.0142 0.1317 
      H446.6 11 0.4040 0.0499 0.2241 0.1607 0.0179 0.1435 
      H447.7 11 0.2811 0.1320 0.2767 0.1054 0.0214 0.1835 
      H448.2 11 0.0970 0.0201 0.1971 0.5581 0.0152 0.1126 
      H586.2 11 0.4642 0.1103 0.0878 0.0221 0.0164 0.2993 
     H590.10 11 0.2872 0.3038 0.1462 0.0147 0.0121 0.2361 
      H610.7 11 0.2759 0.1090 0.2713 0.0600 0.0156 0.2682 
      H611.4 11 0.2182 0.1233 0.2462 0.2317 0.0088 0.1718 
 H7379.2_200 11 0.1496 0.2796 0.0526 0.0714 0.0482 0.3987 
 H7379.4_200 11 0.1763 0.1579 0.0487 0.3304 0.0200 0.2667 
      H741.1 11 0.2086 0.1089 0.4089 0.0479 0.0151 0.2105 
      H927.3 11 0.2272 0.2582 0.2268 0.1122 0.0063 0.1693 
      H928.4 11 0.2291 0.1492 0.2535 0.0582 0.0395 0.2705 
     H9560.4 11 0.1101 0.0517 0.2539 0.2417 0.2467 0.0959 
    Rad451.3 11 0.3258 0.1793 0.1961 0.0511 0.0077 0.2400 
