      H008.9  2 0.0079 0.1768 0.1835 0.1456 0.1313 0.3549 
 H029.5_2002  2 0.0081 0.1100 0.1020 0.3118 0.3027 0.1655 
 H029.5_2003  2 0.0055 0.2139 0.0652 0.2454 0.3306 0.1395 
      H030.1  2 0.0208 0.1711 0.3845 0.2613 0.1375 0.0249 
      H038.4  2 0.0112 0.1267 0.0901 0.2576 0.4712 0.0431 
      H041.2  2 0.0066 0.1084 0.1369 0.2355 0.1907 0.3219 
 H042.3_2003  2 0.0157 0.2063 0.1900 0.2145 0.1411 0.2324 
 H042.4_2002  2 0.0337 0.1143 0.1229 0.1582 0.0487 0.5222 
   H042_2002  2 0.0081 0.1139 0.0604 0.0996 0.0916 0.6265 
   H042_2003  2 0.0079 0.1045 0.0607 0.1119 0.0908 0.6241 
      H043.7  2 0.0067 0.1164 0.1137 0.2828 0.4528 0.0275 
      H047.6  2 0.0150 0.1717 0.0722 0.2650 0.3479 0.1282 
 H071.1_2003  2 0.0048 0.1203 0.4192 0.2286 0.1045 0.1227 
 H071.5_2002  2 0.0167 0.1289 0.2998 0.2961 0.2081 0.0504 
 H081.3_2003  2 0.0182 0.2152 0.1950 0.1971 0.2784 0.0962 
      H081.7  2 0.0117 0.1496 0.3240 0.2735 0.1771 0.0639 
      H083.1  2 0.0155 0.1904 0.2939 0.3102 0.1675 0.0226 
      H084.5  2 0.0563 0.2522 0.1168 0.1665 0.3398 0.0684 
 H085.1_2003  2 0.0109 0.1176 0.4625 0.2548 0.0844 0.0697 
 H085.5_2002  2 0.0150 0.0897 0.4522 0.2203 0.0645 0.1582 
      H088.7  2 0.0105 0.1532 0.1224 0.1641 0.1423 0.4075 
      H091.1  2 0.0063 0.1142 0.5221 0.2917 0.0242 0.0414 
      H109.6  2 0.0341 0.1651 0.0869 0.1795 0.4451 0.0893 
      H126.2  2 0.0132 0.3356 0.1611 0.2222 0.2137 0.0542 
      H130.3  2 0.0162 0.4394 0.1644 0.2110 0.1211 0.0481 
      H133.1  2 0.0098 0.1725 0.0713 0.1969 0.4939 0.0557 
      H147.4  2 0.0070 0.1190 0.4429 0.2489 0.0971 0.0851 
      H148.6  2 0.0385 0.1346 0.1214 0.1579 0.1702 0.3775 
   H166022.2  2 0.0381 0.1868 0.3409 0.2515 0.0909 0.0917 
   H167397.3  2 0.0124 0.1170 0.0341 0.2942 0.4881 0.0542 
   H167496.6  2 0.0069 0.0627 0.4972 0.3138 0.0317 0.0878 
   H167513.8  2 0.0386 0.2230 0.1016 0.2010 0.4063 0.0296 
   H167547.4  2 0.0268 0.2308 0.3321 0.2983 0.0841 0.0278 
   H169750.2  2 0.0091 0.1341 0.3292 0.1990 0.1525 0.1761 
   H171929.2  2 0.1460 0.1907 0.1214 0.1190 0.3438 0.0791 
   H171930.8  2 0.0166 0.2023 0.1769 0.1380 0.1354 0.3307 
   H171933.7  2 0.0100 0.2239 0.3020 0.3570 0.0719 0.0351 
      H190.6  2 0.3190 0.1072 0.1478 0.1086 0.0631 0.2543 
      H400.4  2 0.0129 0.2274 0.2971 0.1840 0.1623 0.1163 
 H428.2_2006  2 0.0267 0.1668 0.3155 0.3063 0.1644 0.0202 
 H428.6_2005  2 0.0233 0.2497 0.2523 0.2330 0.1599 0.0819 
      H453.3  2 0.0116 0.2284 0.3833 0.2613 0.0566 0.0589 
     H512.10  2 0.0077 0.3911 0.1586 0.1647 0.2607 0.0173 
      H513.2  2 0.0135 0.2349 0.2788 0.3071 0.1043 0.0614 
      H532.3  2 0.0829 0.1590 0.3688 0.2483 0.0742 0.0667 
      H543.8  2 0.0106 0.1467 0.0924 0.2338 0.4519 0.0646 
 H545.1_2005  2 0.0057 0.0352 0.0210 0.2929 0.6372 0.0079 
 H545.3_2006  2 0.0061 0.0422 0.0103 0.2880 0.6461 0.0073 
      H547.7  2 0.0152 0.1347 0.4778 0.3119 0.0293 0.0312 
      H548.3  2 0.0042 0.0674 0.0181 0.2695 0.6227 0.0181 
     H7389.1  2 0.0089 0.2737 0.2588 0.2261 0.1155 0.1170 
      H747.2  2 0.2907 0.2500 0.0993 0.1377 0.1420 0.0803 
     H7484.8  2 0.0151 0.2766 0.2286 0.1674 0.1417 0.1706 
     H7485.6  2 0.0140 0.0484 0.0196 0.2689 0.6315 0.0177 
     H7496.6  2 0.0071 0.0453 0.5319 0.3395 0.0154 0.0608 
        UNK9  2 0.0144 0.1857 0.2626 0.2994 0.2071 0.0308 
      H009.6  4 0.0060 0.1193 0.1316 0.0783 0.0435 0.6213 
      H046.4  4 0.0349 0.1741 0.1811 0.2319 0.1970 0.1809 
 H076.2_2004  4 0.1696 0.1713 0.1982 0.1637 0.1076 0.1895 
 H076.5_2002  4 0.0159 0.1189 0.0757 0.0777 0.0827 0.6291 
 H076.6_2003  4 0.0051 0.0354 0.0234 0.0400 0.0167 0.8794 
      H477.6  4 0.0183 0.2352 0.2651 0.3576 0.1007 0.0231 
 H479.4_2006  4 0.0098 0.2348 0.3571 0.2240 0.1468 0.0276 
 H479.8_2005  4 0.0091 0.1684 0.3677 0.2832 0.1481 0.0236 
      H516.4  4 0.0290 0.3680 0.1304 0.1800 0.2621 0.0305 
      H646.2  4 0.0190 0.4900 0.1317 0.2012 0.1153 0.0427 
      H658.6  4 0.0164 0.2496 0.2604 0.2755 0.1450 0.0530 
      H682.1  4 0.0207 0.2171 0.3209 0.2428 0.1028 0.0957 
      H720.4  4 0.0379 0.3310 0.0987 0.2333 0.1464 0.1527 
      H724.6  4 0.0068 0.0415 0.0241 0.0399 0.0478 0.8399 
      H725.5  4 0.0115 0.0894 0.5033 0.3311 0.0363 0.0285 
      H726.2  4 0.1356 0.2163 0.1821 0.2394 0.1048 0.1218 
      H016.4  5 0.0076 0.2496 0.1515 0.2844 0.2511 0.0559 
 H017.1_2002  5 0.0505 0.2733 0.2245 0.1494 0.1803 0.1220 
 H017.5_2003  5 0.0116 0.3037 0.2233 0.1617 0.2677 0.0320 
      H032.3  5 0.0099 0.2397 0.1723 0.2545 0.2481 0.0754 
 H034.4_2002  5 0.0179 0.0809 0.0396 0.0284 0.0722 0.7610 
 H034.5_2003  5 0.0165 0.2046 0.1278 0.1140 0.3029 0.2343 
      H048.4  5 0.0143 0.2504 0.2463 0.2070 0.1758 0.1063 
      H060.1  5 0.0064 0.1834 0.1325 0.2014 0.4426 0.0337 
 H070.3_2002  5 0.0087 0.1516 0.1315 0.1086 0.0811 0.5184 
 H070.4_2004  5 0.0075 0.0995 0.1103 0.0834 0.0336 0.6657 
 H070.5_2003  5 0.0055 0.1409 0.0925 0.0745 0.0615 0.6250 
      H077.4  5 0.0188 0.2883 0.1988 0.2457 0.2053 0.0431 
      H097.6  5 0.0111 0.2002 0.3893 0.2973 0.0763 0.0258 
      H124.5  5 0.0090 0.2532 0.2101 0.1830 0.2021 0.1426 
      H132.5  5 0.0080 0.2224 0.1157 0.2406 0.2451 0.1683 
      H155.7  5 0.0273 0.1696 0.0818 0.1443 0.0825 0.4946 
      H169.2  5 0.0131 0.2274 0.1931 0.1506 0.3898 0.0259 
      H457.8  5 0.0149 0.3952 0.1559 0.2112 0.2004 0.0224 
      H462.4  5 0.0510 0.1458 0.1163 0.0849 0.1198 0.4822 
      H481.8  5 0.0109 0.1587 0.2935 0.2711 0.0810 0.1848 
      H509.4  5 0.0216 0.0932 0.3068 0.1798 0.0484 0.3502 
      H567.2  5 0.0115 0.0951 0.1184 0.0930 0.0311 0.6509 
      H608.4  5 0.0075 0.2948 0.2011 0.3092 0.1462 0.0412 
      H615.4  5 0.0095 0.1963 0.2196 0.1619 0.2326 0.1801 
      H635.4  5 0.0618 0.2007 0.1154 0.1945 0.3668 0.0608 
      H728.5  5 0.0155 0.2161 0.1357 0.1476 0.4542 0.0308 
 H7395.1_200  5 0.0859 0.1911 0.3058 0.1794 0.1483 0.0895 
     H7395.5  5 0.0233 0.2901 0.1136 0.1441 0.4086 0.0202 
      H742.2  5 0.0323 0.1460 0.1932 0.1905 0.1793 0.2587 
      H958.3  5 0.0101 0.1429 0.2192 0.2911 0.0423 0.2944 
      H452.9 10 0.0047 0.0291 0.0329 0.0401 0.0306 0.8625 
      H473.5 10 0.0041 0.3515 0.1429 0.2996 0.1768 0.0252 
      H487.5 10 0.0698 0.0362 0.0193 0.0229 0.0197 0.8322 
     H703.10 10 0.0239 0.1687 0.3062 0.2465 0.2204 0.0343 
      H705.2 10 0.0196 0.2360 0.3323 0.2218 0.0864 0.1039 
     H7352.5 10 0.0188 0.1811 0.0757 0.2823 0.3980 0.0441 
     H7354.1 10 0.0565 0.3498 0.1662 0.1913 0.2038 0.0323 
     H7359.1 10 0.0505 0.2082 0.1422 0.1649 0.2718 0.1625 
      H909.8 10 0.1210 0.1753 0.2282 0.1647 0.1542 0.1567 
     H9555.3 10 0.0350 0.0276 0.0323 0.0182 0.0110 0.8760 
     H9703.4 10 0.4417 0.1045 0.1802 0.1182 0.0773 0.0782 
     H9707.6 10 0.0127 0.1652 0.3099 0.1884 0.1299 0.1940 
     HSAA4.2 10 0.1257 0.0430 0.0290 0.0310 0.0177 0.7536 
   saaRTON.1 10 0.9672 0.0070 0.0065 0.0071 0.0061 0.0060 
  saaRTON.10 10 0.9384 0.0135 0.0092 0.0137 0.0115 0.0136 
   saaRTON.2 10 0.9683 0.0063 0.0067 0.0065 0.0056 0.0066 
   saaRTON.3 10 0.9511 0.0112 0.0093 0.0095 0.0086 0.0103 
   saaRTON.4 10 0.9704 0.0055 0.0063 0.0057 0.0066 0.0056 
   saaRTON.5 10 0.9698 0.0058 0.0060 0.0058 0.0065 0.0062 
   saaRTON.6 10 0.9624 0.0073 0.0080 0.0074 0.0070 0.0078 
   saaRTON.7 10 0.9379 0.0117 0.0127 0.0135 0.0119 0.0123 
   saaRTON.8 10 0.9673 0.0069 0.0057 0.0060 0.0064 0.0077 
   saaRTON.9 10 0.9761 0.0050 0.0054 0.0047 0.0044 0.0043 
      H005.8 11 0.0144 0.2805 0.2001 0.2854 0.1693 0.0503 
      H031.2 11 0.0189 0.1847 0.2314 0.1585 0.1363 0.2701 
      H136.1 11 0.0121 0.4106 0.1694 0.1714 0.1656 0.0709 
      H153.4 11 0.1207 0.3630 0.1703 0.1300 0.1439 0.0722 
      H167.1 11 0.0065 0.2685 0.2251 0.1954 0.2389 0.0657 
      H173.1 11 0.0148 0.2642 0.3080 0.2318 0.1429 0.0382 
 H194.8_2003 11 0.0496 0.0589 0.0602 0.0626 0.0415 0.7271 
      H196.6 11 0.0182 0.0434 0.0208 0.0349 0.0225 0.8602 
 H356.5_2002 11 0.0198 0.1849 0.3110 0.2084 0.2549 0.0210 
 H356.6_2001 11 0.1031 0.1205 0.3775 0.2159 0.1699 0.0131 
      H360.6 11 0.0160 0.1028 0.3838 0.2447 0.0973 0.1553 
 H369.1_2001 11 0.0073 0.1176 0.1666 0.1891 0.1640 0.3553 
      H369.4 11 0.0126 0.1669 0.3718 0.1987 0.1646 0.0854 
      H374.3 11 0.0171 0.1723 0.2439 0.2081 0.3321 0.0265 
      H376.1 11 0.0108 0.2625 0.1304 0.1951 0.3582 0.0429 
      H381.1 11 0.0098 0.1978 0.2147 0.2506 0.1920 0.1350 
      H386.5 11 0.0119 0.1706 0.0748 0.2069 0.4846 0.0513 
 H387.5_2001 11 0.0549 0.2139 0.3213 0.1899 0.1193 0.1007 
      H387.9 11 0.0217 0.3800 0.1367 0.2103 0.2298 0.0215 
      H392.6 11 0.0204 0.4306 0.1380 0.1450 0.2069 0.0591 
 H393.4_2001 11 0.0148 0.2131 0.1991 0.2191 0.3293 0.0246 
 H393.4_2002 11 0.0201 0.2002 0.2433 0.1982 0.2969 0.0414 
      H394.5 11 0.0114 0.1906 0.2588 0.1784 0.2106 0.1503 
      H412.9 11 0.1543 0.2786 0.1646 0.1566 0.1256 0.1204 
      H439.5 11 0.0683 0.1926 0.1943 0.1401 0.2372 0.1675 
 H441.6_2004 11 0.0065 0.0318 0.0523 0.0481 0.0222 0.8391 
 H441.7_2005 11 0.0128 0.2191 0.0797 0.1248 0.1050 0.4587 
 H442.6_2004 11 0.0481 0.1387 0.1188 0.1613 0.0479 0.4853 
      H442.9 11 0.0203 0.2239 0.3029 0.2591 0.1269 0.0669 
      H446.6 11 0.0144 0.3376 0.2382 0.1455 0.0787 0.1856 
      H447.7 11 0.0214 0.2308 0.2998 0.2141 0.1313 0.1027 
      H448.2 11 0.0163 0.1176 0.1065 0.1102 0.0544 0.5950 
      H586.2 11 0.0181 0.3553 0.1054 0.1255 0.3801 0.0156 
     H590.10 11 0.0137 0.2634 0.1500 0.1767 0.3662 0.0301 
      H610.7 11 0.0157 0.2114 0.2640 0.1850 0.1544 0.1695 
      H611.4 11 0.0080 0.2701 0.1714 0.1731 0.2388 0.1386 
 H7379.2_200 11 0.0386 0.2282 0.1364 0.2367 0.2788 0.0813 
 H7379.4_200 11 0.0182 0.2205 0.0958 0.1905 0.2494 0.2256 
      H741.1 11 0.0181 0.2213 0.2997 0.2894 0.1315 0.0400 
      H927.3 11 0.0066 0.1297 0.2525 0.2226 0.2487 0.1398 
      H928.4 11 0.0419 0.2281 0.2127 0.2452 0.1965 0.0757 
     H9560.4 11 0.3035 0.1392 0.1347 0.1167 0.0458 0.2602 
    Rad451.3 11 0.0091 0.2616 0.2220 0.1588 0.2844 0.0640 
