      H008.9  2 0.1399 0.1209 0.0077 0.1577 0.1211 0.1226 0.3302 
 H029.5_2002  2 0.6354 0.0625 0.0065 0.0747 0.0609 0.1050 0.0550 
 H029.5_2003  2 0.4837 0.0995 0.0049 0.0714 0.0764 0.2307 0.0333 
      H030.1  2 0.0398 0.1674 0.0252 0.2937 0.2943 0.1627 0.0169 
      H038.4  2 0.6726 0.0771 0.0078 0.0613 0.0887 0.0724 0.0202 
      H041.2  2 0.5456 0.0445 0.0064 0.0758 0.0878 0.0926 0.1475 
 H042.3_2003  2 0.1256 0.1803 0.0131 0.2164 0.1008 0.1882 0.1757 
 H042.4_2002  2 0.0472 0.0916 0.0417 0.2113 0.0928 0.0742 0.4412 
   H042_2002  2 0.0974 0.0511 0.0055 0.0442 0.0456 0.0529 0.7033 
   H042_2003  2 0.0979 0.0592 0.0068 0.0345 0.0548 0.0569 0.6899 
      H043.7  2 0.3575 0.1096 0.0060 0.0564 0.3665 0.0744 0.0295 
      H047.6  2 0.4995 0.0955 0.0132 0.0456 0.1164 0.1785 0.0512 
 H071.1_2003  2 0.0683 0.0898 0.0048 0.2010 0.4589 0.1134 0.0639 
 H071.5_2002  2 0.1720 0.1456 0.0136 0.1503 0.3174 0.1801 0.0210 
 H081.3_2003  2 0.1236 0.1986 0.0203 0.1364 0.2679 0.1828 0.0705 
      H081.7  2 0.1819 0.0682 0.0101 0.1949 0.3739 0.1380 0.0331 
      H083.1  2 0.0918 0.2296 0.0141 0.2139 0.2528 0.1821 0.0156 
      H084.5  2 0.1787 0.2491 0.0456 0.0887 0.0999 0.2860 0.0520 
 H085.1_2003  2 0.1285 0.0938 0.0098 0.3457 0.2822 0.1236 0.0164 
 H085.5_2002  2 0.0387 0.0687 0.0118 0.2899 0.4230 0.0953 0.0726 
      H088.7  2 0.3023 0.1094 0.0122 0.1300 0.1001 0.1482 0.1977 
      H091.1  2 0.0106 0.1387 0.0049 0.5506 0.2050 0.0809 0.0094 
      H109.6  2 0.4093 0.1414 0.0351 0.0724 0.1226 0.1117 0.1075 
      H126.2  2 0.1220 0.2939 0.0082 0.1131 0.0933 0.3336 0.0359 
      H130.3  2 0.0501 0.2182 0.0144 0.2376 0.1542 0.2997 0.0258 
      H133.1  2 0.5576 0.0962 0.0086 0.0517 0.1242 0.1388 0.0229 
      H147.4  2 0.1778 0.0714 0.0061 0.3149 0.2733 0.1211 0.0354 
      H148.6  2 0.1538 0.1297 0.0255 0.0996 0.0867 0.1347 0.3700 
   H166022.2  2 0.0304 0.1947 0.0444 0.2481 0.1996 0.2217 0.0612 
   H167397.3  2 0.7467 0.0804 0.0120 0.0202 0.0299 0.0900 0.0209 
   H167496.6  2 0.0526 0.1282 0.0062 0.5118 0.1540 0.1084 0.0388 
   H167513.8  2 0.4442 0.1658 0.0326 0.0807 0.1245 0.1330 0.0192 
   H167547.4  2 0.0366 0.2511 0.0220 0.2862 0.1094 0.2731 0.0218 
   H169750.2  2 0.1052 0.1483 0.0076 0.3151 0.2224 0.1357 0.0657 
   H171929.2  2 0.1581 0.1319 0.1458 0.1375 0.1617 0.2070 0.0581 
   H171930.8  2 0.0883 0.2080 0.0179 0.1815 0.0564 0.2022 0.2456 
   H171933.7  2 0.0336 0.3072 0.0089 0.2947 0.1395 0.1863 0.0297 
      H190.6  2 0.0236 0.1363 0.2709 0.1485 0.0969 0.1060 0.2178 
      H400.4  2 0.1616 0.1485 0.0080 0.2705 0.1372 0.2035 0.0706 
 H428.2_2006  2 0.1084 0.2123 0.0272 0.1531 0.2450 0.2386 0.0154 
 H428.6_2005  2 0.0352 0.2542 0.0191 0.1785 0.2266 0.2016 0.0847 
      H453.3  2 0.0122 0.1145 0.0097 0.3608 0.2540 0.2306 0.0182 
     H512.10  2 0.1533 0.2829 0.0069 0.1323 0.1626 0.2499 0.0121 
      H513.2  2 0.0545 0.3258 0.0126 0.2012 0.1231 0.2372 0.0455 
      H532.3  2 0.0371 0.1847 0.0710 0.2542 0.2333 0.1796 0.0401 
      H543.8  2 0.5469 0.1343 0.0089 0.0674 0.0451 0.1387 0.0586 
 H545.1_2005  2 0.8290 0.0433 0.0053 0.0133 0.0363 0.0621 0.0107 
 H545.3_2006  2 0.8233 0.0535 0.0070 0.0103 0.0278 0.0710 0.0071 
      H547.7  2 0.0376 0.1595 0.0154 0.4686 0.1454 0.1569 0.0166 
      H548.3  2 0.7418 0.0695 0.0043 0.0279 0.0509 0.0832 0.0223 
     H7389.1  2 0.0396 0.2914 0.0088 0.1711 0.1770 0.2289 0.0831 
      H747.2  2 0.1224 0.2127 0.2707 0.1063 0.0787 0.1493 0.0598 
     H7484.8  2 0.0523 0.2633 0.0121 0.1629 0.1381 0.2308 0.1406 
     H7485.6  2 0.7294 0.0549 0.0113 0.0492 0.0986 0.0375 0.0191 
     H7496.6  2 0.0140 0.1347 0.0066 0.5688 0.1798 0.0725 0.0236 
        UNK9  2 0.1353 0.2349 0.0130 0.2443 0.1932 0.1612 0.0181 
      H009.6  4 0.0638 0.0821 0.0064 0.0431 0.0740 0.0510 0.6795 
      H046.4  4 0.1135 0.1746 0.0433 0.2043 0.1563 0.1619 0.1461 
 H076.2_2004  4 0.0444 0.1684 0.1508 0.1856 0.1026 0.2035 0.1447 
 H076.5_2002  4 0.0406 0.1229 0.0140 0.0657 0.0579 0.0983 0.6005 
 H076.6_2003  4 0.0217 0.0323 0.0060 0.0200 0.0161 0.0265 0.8774 
      H477.6  4 0.0409 0.3311 0.0167 0.3006 0.0715 0.2148 0.0245 
 H479.4_2006  4 0.1156 0.1682 0.0096 0.3280 0.1708 0.1805 0.0273 
 H479.8_2005  4 0.0604 0.2413 0.0065 0.3021 0.1698 0.2070 0.0129 
      H516.4  4 0.2042 0.2176 0.0291 0.1201 0.1270 0.2760 0.0260 
      H646.2  4 0.0135 0.3401 0.0153 0.1651 0.1055 0.3270 0.0336 
      H658.6  4 0.0405 0.2524 0.0140 0.3182 0.1636 0.1835 0.0278 
      H682.1  4 0.0551 0.2244 0.0192 0.2879 0.1645 0.1619 0.0870 
      H720.4  4 0.0748 0.2767 0.0391 0.1971 0.0788 0.2162 0.1173 
      H724.6  4 0.0517 0.0429 0.0083 0.0243 0.0233 0.0325 0.8170 
      H725.5  4 0.0161 0.1730 0.0123 0.5039 0.2029 0.0636 0.0281 
      H726.2  4 0.0512 0.2314 0.1268 0.2471 0.0776 0.2044 0.0616 
      H016.4  5 0.2892 0.1905 0.0076 0.1022 0.1082 0.2447 0.0576 
 H017.1_2002  5 0.0279 0.1520 0.0382 0.1366 0.4307 0.1358 0.0787 
 H017.5_2003  5 0.0785 0.1340 0.0079 0.2041 0.3870 0.1683 0.0202 
      H032.3  5 0.2831 0.1491 0.0084 0.2527 0.1080 0.1715 0.0272 
 H034.4_2002  5 0.0418 0.0345 0.0165 0.0252 0.0563 0.0413 0.7844 
 H034.5_2003  5 0.1269 0.1577 0.0158 0.1362 0.1770 0.1551 0.2313 
      H048.4  5 0.2267 0.1659 0.0154 0.1815 0.1292 0.2382 0.0430 
      H060.1  5 0.4381 0.1271 0.0064 0.0732 0.1471 0.1765 0.0316 
 H070.3_2002  5 0.1460 0.0823 0.0067 0.0651 0.1070 0.0868 0.5060 
 H070.4_2004  5 0.0854 0.0651 0.0078 0.0911 0.1095 0.0861 0.5552 
 H070.5_2003  5 0.1153 0.0876 0.0050 0.0773 0.1210 0.0658 0.5280 
      H077.4  5 0.1153 0.2596 0.0140 0.1978 0.1915 0.1753 0.0466 
      H097.6  5 0.0511 0.2041 0.0088 0.3667 0.1705 0.1763 0.0225 
      H124.5  5 0.3097 0.1478 0.0076 0.1607 0.0740 0.1922 0.1080 
      H132.5  5 0.4475 0.1137 0.0076 0.0918 0.0711 0.1734 0.0950 
      H155.7  5 0.0970 0.0655 0.0217 0.0728 0.0364 0.0865 0.6201 
      H169.2  5 0.1746 0.1273 0.0113 0.1317 0.3604 0.1764 0.0183 
      H457.8  5 0.0488 0.2511 0.0130 0.1493 0.1704 0.3549 0.0124 
      H462.4  5 0.0895 0.0783 0.0431 0.0692 0.1485 0.0717 0.4997 
      H481.8  5 0.0331 0.1716 0.0103 0.2811 0.2447 0.1220 0.1372 
      H509.4  5 0.0309 0.1162 0.0203 0.3415 0.1916 0.0869 0.2125 
      H567.2  5 0.0407 0.0751 0.0096 0.1377 0.0524 0.0603 0.6242 
      H608.4  5 0.1448 0.2383 0.0076 0.2280 0.1188 0.2284 0.0341 
      H615.4  5 0.0584 0.1693 0.0136 0.1654 0.3107 0.1439 0.1387 
      H635.4  5 0.3417 0.1221 0.0510 0.1020 0.1394 0.2003 0.0434 
      H728.5  5 0.2182 0.2118 0.0116 0.1340 0.1170 0.2825 0.0249 
 H7395.1_200  5 0.0796 0.1842 0.0897 0.1820 0.2512 0.1565 0.0567 
     H7395.5  5 0.1955 0.2560 0.0232 0.1495 0.1253 0.2379 0.0127 
      H742.2  5 0.0855 0.1869 0.0277 0.1784 0.1416 0.1826 0.1973 
      H958.3  5 0.0121 0.1708 0.0078 0.3867 0.0855 0.1200 0.2171 
      H452.9 10 0.0226 0.0365 0.0040 0.0248 0.0574 0.0283 0.8264 
      H473.5 10 0.2961 0.2694 0.0036 0.0847 0.1102 0.2082 0.0278 
      H487.5 10 0.0208 0.0208 0.0666 0.0200 0.0176 0.0205 0.8335 
     H703.10 10 0.0498 0.2096 0.0199 0.2474 0.2926 0.1508 0.0298 
      H705.2 10 0.0340 0.1772 0.0148 0.2874 0.1800 0.2113 0.0953 
     H7352.5 10 0.6452 0.0824 0.0231 0.0176 0.0551 0.1518 0.0248 
     H7354.1 10 0.1008 0.3031 0.0479 0.1793 0.0880 0.2504 0.0305 
     H7359.1 10 0.1416 0.1476 0.0400 0.1587 0.2167 0.1749 0.1204 
      H909.8 10 0.0545 0.1448 0.1038 0.1605 0.2420 0.1266 0.1679 
     H9555.3 10 0.0137 0.0226 0.0272 0.0202 0.0212 0.0160 0.8792 
     H9703.4 10 0.0286 0.0948 0.4451 0.1765 0.1182 0.0905 0.0462 
     H9707.6 10 0.0494 0.1841 0.0114 0.2050 0.2348 0.1626 0.1527 
     HSAA4.2 10 0.0153 0.0355 0.1153 0.0312 0.0169 0.0413 0.7444 
   saaRTON.1 10 0.0047 0.0064 0.9639 0.0070 0.0060 0.0065 0.0054 
  saaRTON.10 10 0.0129 0.0120 0.9344 0.0093 0.0097 0.0110 0.0108 
   saaRTON.2 10 0.0045 0.0059 0.9657 0.0071 0.0062 0.0053 0.0053 
   saaRTON.3 10 0.0091 0.0091 0.9477 0.0064 0.0092 0.0088 0.0097 
   saaRTON.4 10 0.0044 0.0060 0.9674 0.0056 0.0048 0.0056 0.0062 
   saaRTON.5 10 0.0072 0.0058 0.9630 0.0049 0.0060 0.0065 0.0065 
   saaRTON.6 10 0.0061 0.0075 0.9567 0.0086 0.0065 0.0075 0.0071 
   saaRTON.7 10 0.0113 0.0108 0.9297 0.0136 0.0092 0.0121 0.0133 
   saaRTON.8 10 0.0053 0.0053 0.9672 0.0053 0.0058 0.0049 0.0062 
   saaRTON.9 10 0.0038 0.0045 0.9748 0.0044 0.0041 0.0038 0.0046 
      H005.8 11 0.2127 0.2491 0.0140 0.1290 0.1273 0.2186 0.0493 
      H031.2 11 0.0360 0.1894 0.0178 0.1689 0.2057 0.1798 0.2023 
      H136.1 11 0.0392 0.3631 0.0143 0.1848 0.0810 0.2357 0.0821 
      H153.4 11 0.0461 0.2963 0.1017 0.1199 0.1228 0.2493 0.0639 
      H167.1 11 0.1096 0.1975 0.0062 0.1544 0.2621 0.2250 0.0453 
      H173.1 11 0.0431 0.3005 0.0119 0.1996 0.2006 0.2043 0.0401 
 H194.8_2003 11 0.0344 0.0621 0.0430 0.0631 0.0628 0.0544 0.6802 
      H196.6 11 0.0320 0.0231 0.0148 0.0193 0.0170 0.0177 0.8761 
 H356.5_2002 11 0.0282 0.1415 0.0206 0.1434 0.4709 0.1708 0.0247 
 H356.6_2001 11 0.0149 0.1142 0.0994 0.2200 0.3947 0.1455 0.0115 
      H360.6 11 0.0490 0.1220 0.0128 0.2458 0.3542 0.1308 0.0854 
 H369.1_2001 11 0.2956 0.1123 0.0060 0.0683 0.0906 0.0793 0.3480 
      H369.4 11 0.0292 0.1590 0.0123 0.1691 0.4251 0.1437 0.0615 
      H374.3 11 0.0375 0.1365 0.0133 0.1399 0.5134 0.1421 0.0172 
      H376.1 11 0.1436 0.2770 0.0099 0.0768 0.1265 0.3325 0.0337 
      H381.1 11 0.1083 0.2442 0.0115 0.1833 0.1364 0.2024 0.1140 
      H386.5 11 0.3757 0.1681 0.0096 0.1324 0.1218 0.1245 0.0679 
 H387.5_2001 11 0.0186 0.2069 0.0437 0.2566 0.1449 0.2824 0.0469 
      H387.9 11 0.1353 0.2196 0.0212 0.0638 0.2175 0.3225 0.0200 
      H392.6 11 0.1664 0.2894 0.0177 0.1069 0.0711 0.2960 0.0526 
 H393.4_2001 11 0.0579 0.1423 0.0120 0.0668 0.4771 0.2223 0.0216 
 H393.4_2002 11 0.0340 0.1463 0.0198 0.0799 0.5497 0.1523 0.0180 
      H394.5 11 0.1091 0.0929 0.0103 0.1236 0.4275 0.1433 0.0934 
      H412.9 11 0.0574 0.2158 0.1755 0.1541 0.1026 0.1610 0.1335 
      H439.5 11 0.1256 0.1569 0.0514 0.1371 0.2517 0.1580 0.1194 
 H441.6_2004 11 0.0137 0.0556 0.0062 0.0523 0.0342 0.0441 0.7939 
 H441.7_2005 11 0.1178 0.0980 0.0125 0.0568 0.0885 0.1471 0.4793 
 H442.6_2004 11 0.0266 0.1383 0.0410 0.2159 0.0481 0.1434 0.3867 
      H442.9 11 0.0530 0.2544 0.0127 0.3943 0.0832 0.1427 0.0597 
      H446.6 11 0.0381 0.2451 0.0152 0.2113 0.0709 0.2649 0.1545 
      H447.7 11 0.0746 0.1852 0.0176 0.2788 0.1584 0.2027 0.0827 
      H448.2 11 0.0166 0.1581 0.0116 0.0934 0.0636 0.1005 0.5562 
      H586.2 11 0.1187 0.2752 0.0139 0.1220 0.1161 0.3305 0.0236 
     H590.10 11 0.1882 0.1662 0.0127 0.0977 0.2451 0.2748 0.0153 
      H610.7 11 0.0788 0.1801 0.0128 0.1939 0.2155 0.2143 0.1045 
      H611.4 11 0.2031 0.1476 0.0085 0.2226 0.0944 0.1518 0.1719 
 H7379.2_200 11 0.3532 0.1424 0.0323 0.0671 0.1415 0.1948 0.0686 
 H7379.4_200 11 0.2624 0.1002 0.0160 0.0593 0.0914 0.1816 0.2890 
      H741.1 11 0.0431 0.2412 0.0146 0.3521 0.1132 0.1816 0.0542 
      H927.3 11 0.2830 0.1593 0.0053 0.1901 0.1114 0.1519 0.0990 
      H928.4 11 0.1039 0.1911 0.0343 0.1877 0.1828 0.2599 0.0403 
     H9560.4 11 0.0170 0.1142 0.2850 0.1836 0.0454 0.1340 0.2208 
    Rad451.3 11 0.1426 0.2026 0.0081 0.2803 0.0791 0.2392 0.0481 
