      H008.9  2 0.1633 0.5180 0.0082 0.1548 0.1557 
 H029.5_2002  2 0.0544 0.0385 0.0091 0.8003 0.0977 
 H029.5_2003  2 0.0936 0.0285 0.0058 0.7497 0.1224 
      H030.1  2 0.4410 0.0307 0.0280 0.0506 0.4497 
      H038.4  2 0.1112 0.0218 0.0087 0.7328 0.1255 
      H041.2  2 0.0539 0.1290 0.0078 0.6927 0.1167 
 H042.3_2003  2 0.2263 0.3080 0.0126 0.1639 0.2893 
 H042.4_2002  2 0.1743 0.5434 0.0313 0.0549 0.1960 
   H042_2002  2 0.0724 0.7230 0.0074 0.1381 0.0592 
   H042_2003  2 0.0585 0.7359 0.0073 0.1456 0.0527 
      H043.7  2 0.2089 0.0446 0.0069 0.5927 0.1469 
      H047.6  2 0.0646 0.0330 0.0134 0.8207 0.0683 
 H071.1_2003  2 0.3881 0.1499 0.0043 0.0703 0.3874 
 H071.5_2002  2 0.3776 0.0593 0.0171 0.2241 0.3219 
 H081.3_2003  2 0.3311 0.1522 0.0211 0.2801 0.2156 
      H081.7  2 0.2653 0.0999 0.0106 0.3215 0.3027 
      H083.1  2 0.4010 0.0346 0.0125 0.1432 0.4087 
      H084.5  2 0.3140 0.0724 0.0610 0.4032 0.1494 
 H085.1_2003  2 0.3239 0.0331 0.0123 0.1477 0.4830 
 H085.5_2002  2 0.2482 0.2684 0.0136 0.0452 0.4246 
      H088.7  2 0.1434 0.2673 0.0112 0.4364 0.1417 
      H091.1  2 0.3133 0.0187 0.0065 0.0230 0.6385 
      H109.6  2 0.1562 0.0751 0.0391 0.6398 0.0898 
      H126.2  2 0.3205 0.1126 0.0132 0.2823 0.2713 
      H130.3  2 0.4122 0.0430 0.0167 0.1292 0.3989 
      H133.1  2 0.1035 0.0228 0.0089 0.8022 0.0624 
      H147.4  2 0.2845 0.0459 0.0068 0.1989 0.4639 
      H148.6  2 0.1417 0.4726 0.0342 0.1581 0.1934 
   H166022.2  2 0.3630 0.0792 0.0478 0.0547 0.4554 
   H167397.3  2 0.0767 0.0167 0.0157 0.8602 0.0307 
   H167496.6  2 0.3332 0.0971 0.0079 0.0355 0.5263 
   H167513.8  2 0.1482 0.0201 0.0382 0.7354 0.0580 
   H167547.4  2 0.3111 0.0909 0.0208 0.0856 0.4917 
   H169750.2  2 0.3122 0.2058 0.0070 0.1417 0.3333 
   H171929.2  2 0.2379 0.1235 0.1509 0.3372 0.1505 
   H171930.8  2 0.3795 0.2545 0.0160 0.1232 0.2268 
   H171933.7  2 0.3105 0.0899 0.0104 0.0310 0.5582 
      H190.6  2 0.2031 0.3308 0.2605 0.0373 0.1684 
      H400.4  2 0.3377 0.0823 0.0108 0.2929 0.2763 
 H428.2_2006  2 0.3986 0.0176 0.0305 0.2081 0.3452 
 H428.6_2005  2 0.2605 0.2268 0.0248 0.1085 0.3793 
      H453.3  2 0.4270 0.0373 0.0112 0.0132 0.5113 
     H512.10  2 0.4011 0.0219 0.0087 0.2387 0.3296 
      H513.2  2 0.2961 0.1507 0.0140 0.0880 0.4512 
      H532.3  2 0.3510 0.0823 0.0743 0.0473 0.4451 
      H543.8  2 0.1504 0.0790 0.0112 0.6694 0.0900 
 H545.1_2005  2 0.0266 0.0076 0.0059 0.9466 0.0134 
 H545.3_2006  2 0.0292 0.0064 0.0066 0.9415 0.0163 
      H547.7  2 0.3372 0.0280 0.0177 0.0542 0.5629 
      H548.3  2 0.0689 0.0212 0.0050 0.8702 0.0346 
     H7389.1  2 0.2667 0.2841 0.0096 0.0720 0.3675 
      H747.2  2 0.2270 0.0684 0.2983 0.2205 0.1858 
     H7484.8  2 0.2463 0.3402 0.0155 0.1352 0.2628 
     H7485.6  2 0.0375 0.0206 0.0151 0.8970 0.0298 
     H7496.6  2 0.3224 0.0518 0.0081 0.0218 0.5959 
        UNK9  2 0.3544 0.0399 0.0133 0.2044 0.3879 
      H009.6  4 0.1229 0.7469 0.0059 0.0371 0.0873 
      H046.4  4 0.2369 0.2588 0.0395 0.1821 0.2827 
 H076.2_2004  4 0.2992 0.1922 0.1705 0.0850 0.2530 
 H076.5_2002  4 0.2006 0.5916 0.0231 0.0766 0.1082 
 H076.6_2003  4 0.0300 0.8895 0.0066 0.0316 0.0422 
      H477.6  4 0.3920 0.0522 0.0165 0.0768 0.4624 
 H479.4_2006  4 0.3365 0.0269 0.0088 0.2213 0.4065 
 H479.8_2005  4 0.3568 0.0283 0.0071 0.1427 0.4651 
      H516.4  4 0.2872 0.0582 0.0376 0.4063 0.2106 
      H646.2  4 0.5877 0.0330 0.0152 0.0436 0.3205 
      H658.6  4 0.4201 0.1330 0.0175 0.0441 0.3852 
      H682.1  4 0.2825 0.2087 0.0202 0.0676 0.4211 
      H720.4  4 0.3366 0.1290 0.0491 0.1768 0.3087 
      H724.6  4 0.0541 0.8089 0.0079 0.0849 0.0444 
      H725.5  4 0.3191 0.0395 0.0143 0.0295 0.5976 
      H726.2  4 0.3721 0.1490 0.1207 0.0478 0.3104 
      H016.4  5 0.3508 0.0599 0.0070 0.4242 0.1581 
 H017.1_2002  5 0.3664 0.3237 0.0534 0.0542 0.2024 
 H017.5_2003  5 0.4161 0.1320 0.0101 0.2055 0.2362 
      H032.3  5 0.1687 0.0479 0.0097 0.5059 0.2677 
 H034.4_2002  5 0.0486 0.8475 0.0191 0.0502 0.0346 
 H034.5_2003  5 0.2112 0.3983 0.0140 0.2118 0.1647 
      H048.4  5 0.2447 0.0699 0.0165 0.4192 0.2498 
      H060.1  5 0.1441 0.0419 0.0059 0.6197 0.1884 
 H070.3_2002  5 0.0937 0.6890 0.0083 0.1051 0.1039 
 H070.4_2004  5 0.0837 0.7530 0.0059 0.0719 0.0855 
 H070.5_2003  5 0.0572 0.8179 0.0053 0.0654 0.0541 
      H077.4  5 0.3412 0.1147 0.0163 0.1726 0.3552 
      H097.6  5 0.4012 0.0408 0.0101 0.0896 0.4584 
      H124.5  5 0.2118 0.0995 0.0080 0.4335 0.2472 
      H132.5  5 0.1435 0.1323 0.0088 0.5661 0.1494 
      H155.7  5 0.1087 0.6590 0.0241 0.0952 0.1130 
      H169.2  5 0.2623 0.0975 0.0150 0.3631 0.2621 
      H457.8  5 0.4864 0.0239 0.0152 0.1578 0.3167 
      H462.4  5 0.0796 0.7061 0.0504 0.0626 0.1013 
      H481.8  5 0.2463 0.3815 0.0113 0.0351 0.3258 
      H509.4  5 0.2398 0.3798 0.0193 0.0248 0.3363 
      H567.2  5 0.0774 0.7469 0.0107 0.0191 0.1460 
      H608.4  5 0.2786 0.0455 0.0068 0.2691 0.4000 
      H615.4  5 0.2373 0.4022 0.0121 0.1634 0.1850 
      H635.4  5 0.2504 0.0726 0.0508 0.4971 0.1291 
      H728.5  5 0.2764 0.0356 0.0148 0.5072 0.1660 
 H7395.1_200  5 0.4368 0.0863 0.0814 0.0967 0.2988 
     H7395.5  5 0.3137 0.0225 0.0251 0.4164 0.2224 
      H742.2  5 0.2799 0.3455 0.0231 0.1021 0.2493 
      H958.3  5 0.2117 0.4445 0.0084 0.0096 0.3258 
      H452.9 10 0.0457 0.8760 0.0057 0.0346 0.0380 
      H473.5 10 0.2215 0.0301 0.0045 0.5175 0.2264 
      H487.5 10 0.0231 0.8779 0.0645 0.0179 0.0166 
     H703.10 10 0.4180 0.0495 0.0221 0.0990 0.4114 
      H705.2 10 0.2856 0.2704 0.0156 0.0324 0.3960 
     H7352.5 10 0.0565 0.0142 0.0182 0.8602 0.0508 
     H7354.1 10 0.3184 0.0740 0.0505 0.1815 0.3756 
     H7359.1 10 0.2370 0.2300 0.0509 0.2670 0.2151 
      H909.8 10 0.2261 0.3796 0.1040 0.0502 0.2402 
     H9555.3 10 0.0173 0.9205 0.0295 0.0132 0.0195 
     H9703.4 10 0.1995 0.0865 0.4275 0.0284 0.2581 
     H9707.6 10 0.2791 0.2655 0.0127 0.1424 0.3003 
     HSAA4.2 10 0.0225 0.8131 0.1191 0.0137 0.0317 
   saaRTON.1 10 0.0066 0.0064 0.9746 0.0054 0.0070 
  saaRTON.10 10 0.0110 0.0103 0.9585 0.0117 0.0085 
   saaRTON.2 10 0.0067 0.0062 0.9745 0.0057 0.0069 
   saaRTON.3 10 0.0095 0.0110 0.9634 0.0092 0.0069 
   saaRTON.4 10 0.0057 0.0062 0.9769 0.0066 0.0047 
   saaRTON.5 10 0.0068 0.0054 0.9757 0.0058 0.0062 
   saaRTON.6 10 0.0089 0.0079 0.9707 0.0054 0.0071 
   saaRTON.7 10 0.0127 0.0122 0.9509 0.0117 0.0124 
   saaRTON.8 10 0.0061 0.0063 0.9764 0.0053 0.0059 
   saaRTON.9 10 0.0050 0.0041 0.9821 0.0040 0.0048 
      H005.8 11 0.3160 0.0819 0.0139 0.3284 0.2598 
      H031.2 11 0.2791 0.4053 0.0178 0.0713 0.2265 
      H136.1 11 0.3580 0.1708 0.0145 0.0878 0.3688 
      H153.4 11 0.3380 0.1814 0.1122 0.0889 0.2794 
      H167.1 11 0.3254 0.0679 0.0067 0.3279 0.2721 
      H173.1 11 0.3948 0.1254 0.0146 0.0674 0.3979 
 H194.8_2003 11 0.0566 0.8258 0.0456 0.0280 0.0440 
      H196.6 11 0.0235 0.8900 0.0162 0.0475 0.0228 
 H356.5_2002 11 0.5700 0.0731 0.0201 0.0700 0.2668 
 H356.6_2001 11 0.4254 0.0264 0.0926 0.0371 0.4185 
      H360.6 11 0.3444 0.1603 0.0154 0.0583 0.4216 
 H369.1_2001 11 0.1245 0.4157 0.0078 0.3114 0.1406 
      H369.4 11 0.3294 0.2351 0.0144 0.0668 0.3543 
      H374.3 11 0.4991 0.0951 0.0206 0.1079 0.2772 
      H376.1 11 0.4409 0.0492 0.0123 0.3202 0.1775 
      H381.1 11 0.3495 0.2675 0.0153 0.1125 0.2553 
      H386.5 11 0.2503 0.0857 0.0111 0.4570 0.1960 
 H387.5_2001 11 0.5067 0.0593 0.0493 0.0360 0.3487 
      H387.9 11 0.5442 0.0270 0.0221 0.1680 0.2387 
      H392.6 11 0.4160 0.1015 0.0178 0.2399 0.2248 
 H393.4_2001 11 0.3805 0.0956 0.0170 0.2294 0.2773 
 H393.4_2002 11 0.3527 0.1647 0.0238 0.1339 0.3249 
      H394.5 11 0.3160 0.2660 0.0103 0.1838 0.2238 
      H412.9 11 0.2861 0.2204 0.1738 0.0909 0.2288 
      H439.5 11 0.2063 0.2758 0.0666 0.2304 0.2209 
 H441.6_2004 11 0.0431 0.8955 0.0076 0.0121 0.0417 
 H441.7_2005 11 0.1374 0.4992 0.0148 0.1598 0.1889 
 H442.6_2004 11 0.1457 0.5545 0.0339 0.0454 0.2205 
      H442.9 11 0.2638 0.2425 0.0186 0.0887 0.3863 
      H446.6 11 0.3851 0.3295 0.0143 0.0508 0.2205 
      H447.7 11 0.3259 0.1435 0.0230 0.1134 0.3942 
      H448.2 11 0.0686 0.7781 0.0144 0.0180 0.1209 
      H586.2 11 0.3937 0.0308 0.0172 0.3504 0.2079 
     H590.10 11 0.3644 0.0292 0.0113 0.4046 0.1905 
      H610.7 11 0.3429 0.1776 0.0168 0.1431 0.3196 
      H611.4 11 0.2129 0.3343 0.0092 0.2475 0.1960 
 H7379.2_200 11 0.1495 0.1117 0.0502 0.5775 0.1111 
 H7379.4_200 11 0.1386 0.2694 0.0206 0.4789 0.0924 
      H741.1 11 0.3101 0.1116 0.0147 0.1221 0.4415 
      H927.3 11 0.2613 0.1357 0.0055 0.3061 0.2913 
      H928.4 11 0.3482 0.1279 0.0329 0.1615 0.3294 
     H9560.4 11 0.1555 0.3688 0.2799 0.0305 0.1654 
    Rad451.3 11 0.3385 0.0840 0.0090 0.2813 0.2872 
