      H008.9  2 0.1433 0.0074 0.3292 0.0596 0.1820 0.1246 0.1539 
 H029.5_2002  2 0.0346 0.0073 0.0655 0.7200 0.0491 0.0640 0.0595 
 H029.5_2003  2 0.0850 0.0061 0.0346 0.6233 0.0557 0.0728 0.1226 
      H030.1  2 0.1874 0.0274 0.0294 0.0447 0.1953 0.3580 0.1579 
      H038.4  2 0.0383 0.0085 0.0195 0.7538 0.0456 0.0828 0.0514 
      H041.2  2 0.0361 0.0084 0.1779 0.5963 0.0568 0.0751 0.0494 
 H042.3_2003  2 0.2056 0.0141 0.1563 0.1171 0.2037 0.1383 0.1649 
 H042.4_2002  2 0.1446 0.0398 0.3406 0.0470 0.1658 0.1204 0.1417 
   H042_2002  2 0.0833 0.0075 0.4995 0.0990 0.1234 0.0802 0.1070 
   H042_2003  2 0.0837 0.0081 0.4912 0.1075 0.1318 0.0607 0.1170 
      H043.7  2 0.1466 0.0067 0.0142 0.5340 0.1059 0.0965 0.0960 
      H047.6  2 0.0584 0.0133 0.0813 0.6194 0.0780 0.0828 0.0669 
 H071.1_2003  2 0.1548 0.0052 0.1481 0.0676 0.1687 0.3084 0.1471 
 H071.5_2002  2 0.1464 0.0152 0.0357 0.1731 0.2002 0.2606 0.1687 
 H081.3_2003  2 0.2039 0.0243 0.0761 0.1311 0.2026 0.1476 0.2144 
      H081.7  2 0.1727 0.0117 0.0693 0.2272 0.1384 0.2806 0.1000 
      H083.1  2 0.1642 0.0176 0.0164 0.1036 0.1669 0.3365 0.1948 
      H084.5  2 0.1762 0.0539 0.0836 0.1318 0.1704 0.1106 0.2735 
 H085.1_2003  2 0.1193 0.0105 0.0293 0.1452 0.1513 0.3921 0.1522 
 H085.5_2002  2 0.1572 0.0143 0.1359 0.0452 0.1536 0.3661 0.1277 
      H088.7  2 0.1091 0.0100 0.2465 0.3433 0.1006 0.0965 0.0940 
      H091.1  2 0.2622 0.0063 0.0215 0.0123 0.1842 0.4153 0.0981 
      H109.6  2 0.1473 0.0390 0.0773 0.3363 0.1564 0.0687 0.1751 
      H126.2  2 0.1902 0.0115 0.0485 0.0723 0.2573 0.1106 0.3097 
      H130.3  2 0.1923 0.0168 0.0292 0.0347 0.2691 0.2002 0.2577 
      H133.1  2 0.0704 0.0091 0.0242 0.6876 0.0743 0.0720 0.0623 
      H147.4  2 0.1476 0.0074 0.0346 0.2141 0.1552 0.3333 0.1079 
      H148.6  2 0.1082 0.0291 0.3234 0.1256 0.1338 0.1590 0.1210 
   H166022.2  2 0.2205 0.0381 0.0867 0.0290 0.1801 0.2464 0.1992 
   H167397.3  2 0.0405 0.0147 0.0342 0.7858 0.0326 0.0239 0.0684 
   H167496.6  2 0.2374 0.0068 0.0697 0.0269 0.1836 0.3653 0.1103 
   H167513.8  2 0.1260 0.0467 0.0236 0.4115 0.1438 0.0745 0.1739 
   H167547.4  2 0.2301 0.0262 0.0233 0.0301 0.2357 0.2446 0.2100 
   H169750.2  2 0.1625 0.0078 0.1377 0.1107 0.1735 0.2733 0.1346 
   H171929.2  2 0.1362 0.1511 0.1021 0.1710 0.1265 0.1371 0.1760 
   H171930.8  2 0.1370 0.0214 0.2927 0.0408 0.2083 0.0857 0.2142 
   H171933.7  2 0.1827 0.0101 0.0341 0.0269 0.2319 0.3531 0.1612 
      H190.6  2 0.1482 0.2683 0.1636 0.0216 0.1541 0.0983 0.1458 
      H400.4  2 0.1992 0.0104 0.0867 0.1558 0.1651 0.2118 0.1711 
 H428.2_2006  2 0.1916 0.0259 0.0181 0.1486 0.1966 0.2342 0.1851 
 H428.6_2005  2 0.1436 0.0267 0.1018 0.0342 0.1753 0.3468 0.1717 
      H453.3  2 0.2639 0.0111 0.0347 0.0131 0.1755 0.2718 0.2299 
     H512.10  2 0.2222 0.0077 0.0234 0.1563 0.2094 0.1958 0.1853 
      H513.2  2 0.1937 0.0130 0.0475 0.0658 0.2291 0.2615 0.1894 
      H532.3  2 0.1837 0.0780 0.0421 0.0376 0.2157 0.2555 0.1873 
      H543.8  2 0.0735 0.0091 0.0342 0.6067 0.0961 0.0925 0.0880 
 H545.1_2005  2 0.0296 0.0064 0.0088 0.9032 0.0176 0.0161 0.0182 
 H545.3_2006  2 0.0247 0.0071 0.0073 0.9226 0.0127 0.0108 0.0148 
      H547.7  2 0.2551 0.0176 0.0176 0.0338 0.2055 0.2762 0.1943 
      H548.3  2 0.0440 0.0049 0.0151 0.8292 0.0332 0.0345 0.0392 
     H7389.1  2 0.2101 0.0114 0.1219 0.0419 0.1796 0.2344 0.2006 
      H747.2  2 0.1231 0.2891 0.0722 0.0791 0.1317 0.0864 0.2184 
     H7484.8  2 0.1893 0.0148 0.1251 0.0394 0.2125 0.2046 0.2143 
     H7485.6  2 0.0336 0.0138 0.0219 0.8011 0.0505 0.0568 0.0223 
     H7496.6  2 0.2529 0.0080 0.0525 0.0170 0.1986 0.3690 0.1020 
        UNK9  2 0.1847 0.0132 0.0328 0.1721 0.1769 0.2664 0.1539 
      H009.6  4 0.0745 0.0067 0.4509 0.0321 0.1806 0.0584 0.1968 
      H046.4  4 0.1892 0.0448 0.1265 0.0854 0.2106 0.1349 0.2085 
 H076.2_2004  4 0.1352 0.1485 0.1772 0.0397 0.1684 0.1594 0.1716 
 H076.5_2002  4 0.1169 0.0128 0.5666 0.0485 0.0923 0.0388 0.1241 
 H076.6_2003  4 0.0222 0.0059 0.8871 0.0170 0.0219 0.0230 0.0229 
      H477.6  4 0.2384 0.0146 0.0142 0.0306 0.2177 0.2829 0.2016 
 H479.4_2006  4 0.1896 0.0087 0.0320 0.0987 0.1692 0.3322 0.1696 
 H479.8_2005  4 0.1723 0.0085 0.0276 0.0780 0.1549 0.4190 0.1398 
      H516.4  4 0.2107 0.0369 0.0413 0.1189 0.1790 0.0845 0.3287 
      H646.2  4 0.2649 0.0194 0.0264 0.0132 0.2409 0.0806 0.3546 
      H658.6  4 0.3098 0.0131 0.0527 0.0277 0.1970 0.1962 0.2034 
      H682.1  4 0.2039 0.0205 0.0946 0.0342 0.2280 0.2681 0.1508 
      H720.4  4 0.1997 0.0404 0.1257 0.0761 0.2250 0.0967 0.2363 
      H724.6  4 0.0376 0.0066 0.7985 0.0621 0.0365 0.0257 0.0330 
      H725.5  4 0.1885 0.0126 0.0595 0.0114 0.1683 0.4387 0.1211 
      H726.2  4 0.2188 0.1125 0.0547 0.0223 0.2132 0.1322 0.2463 
      H016.4  5 0.1748 0.0085 0.0450 0.2838 0.1438 0.0989 0.2452 
 H017.1_2002  5 0.2688 0.0382 0.0600 0.0341 0.1751 0.2345 0.1892 
 H017.5_2003  5 0.2489 0.0122 0.0270 0.1440 0.1884 0.2104 0.1691 
      H032.3  5 0.1934 0.0094 0.0418 0.3043 0.1565 0.1224 0.1723 
 H034.4_2002  5 0.0525 0.0166 0.7047 0.0328 0.0726 0.0468 0.0739 
 H034.5_2003  5 0.1554 0.0165 0.2056 0.1314 0.2109 0.1119 0.1680 
      H048.4  5 0.1667 0.0152 0.1041 0.1763 0.1626 0.1502 0.2250 
      H060.1  5 0.1521 0.0065 0.0297 0.4085 0.1374 0.0942 0.1717 
 H070.3_2002  5 0.1059 0.0066 0.3417 0.0529 0.1745 0.1258 0.1926 
 H070.4_2004  5 0.0570 0.0088 0.5732 0.0263 0.1024 0.1363 0.0959 
 H070.5_2003  5 0.0578 0.0053 0.5028 0.0364 0.1762 0.1034 0.1180 
      H077.4  5 0.2218 0.0173 0.0455 0.0688 0.2221 0.1445 0.2800 
      H097.6  5 0.2400 0.0107 0.0287 0.0468 0.1691 0.2871 0.2177 
      H124.5  5 0.1241 0.0094 0.0826 0.4041 0.1129 0.1362 0.1307 
      H132.5  5 0.0897 0.0096 0.1607 0.4096 0.0938 0.1199 0.1166 
      H155.7  5 0.1035 0.0259 0.4282 0.0638 0.1574 0.0728 0.1484 
      H169.2  5 0.2066 0.0121 0.0219 0.1857 0.1998 0.1791 0.1948 
      H457.8  5 0.2268 0.0138 0.0160 0.0617 0.2458 0.1480 0.2879 
      H462.4  5 0.0851 0.0489 0.2951 0.0392 0.2523 0.1281 0.1514 
      H481.8  5 0.2020 0.0114 0.1452 0.0259 0.2322 0.2348 0.1485 
      H509.4  5 0.1754 0.0216 0.2418 0.0189 0.2064 0.1945 0.1413 
      H567.2  5 0.0749 0.0097 0.5360 0.0130 0.1711 0.0863 0.1091 
      H608.4  5 0.1972 0.0071 0.0461 0.1430 0.1802 0.2103 0.2161 
      H615.4  5 0.2439 0.0131 0.1518 0.0491 0.2232 0.1507 0.1681 
      H635.4  5 0.1497 0.0537 0.0451 0.3172 0.1247 0.1054 0.2041 
      H728.5  5 0.1954 0.0178 0.0238 0.1886 0.1793 0.1471 0.2480 
 H7395.1_200  5 0.1853 0.0930 0.0744 0.0567 0.1514 0.2537 0.1856 
     H7395.5  5 0.2596 0.0232 0.0128 0.1230 0.1990 0.1210 0.2614 
      H742.2  5 0.1735 0.0221 0.2135 0.0712 0.2052 0.1191 0.1953 
      H958.3  5 0.2195 0.0096 0.1565 0.0117 0.2288 0.1706 0.2033 
      H452.9 10 0.0313 0.0044 0.8662 0.0225 0.0246 0.0278 0.0232 
      H473.5 10 0.1552 0.0051 0.0228 0.3575 0.1819 0.1570 0.1204 
      H487.5 10 0.0417 0.0564 0.7977 0.0179 0.0338 0.0144 0.0380 
     H703.10 10 0.2582 0.0232 0.0394 0.0666 0.2086 0.2295 0.1746 
      H705.2 10 0.1889 0.0173 0.1686 0.0132 0.1838 0.2944 0.1338 
     H7352.5 10 0.0541 0.0231 0.0244 0.7189 0.0330 0.0545 0.0920 
     H7354.1 10 0.2127 0.0595 0.0285 0.0377 0.2632 0.1929 0.2054 
     H7359.1 10 0.2046 0.0507 0.1262 0.1220 0.1685 0.1403 0.1877 
      H909.8 10 0.1329 0.0969 0.1345 0.0260 0.1959 0.2289 0.1849 
     H9555.3 10 0.0221 0.0330 0.8586 0.0132 0.0247 0.0206 0.0279 
     H9703.4 10 0.1566 0.4162 0.0629 0.0190 0.0947 0.1398 0.1107 
     H9707.6 10 0.1803 0.0141 0.2395 0.0414 0.1921 0.2148 0.1178 
     HSAA4.2 10 0.0399 0.1262 0.7357 0.0107 0.0328 0.0226 0.0321 
   saaRTON.1 10 0.0064 0.9635 0.0055 0.0049 0.0067 0.0067 0.0063 
  saaRTON.10 10 0.0135 0.9255 0.0135 0.0108 0.0117 0.0119 0.0131 
   saaRTON.2 10 0.0062 0.9626 0.0062 0.0057 0.0070 0.0067 0.0056 
   saaRTON.3 10 0.0102 0.9399 0.0101 0.0097 0.0095 0.0095 0.0110 
   saaRTON.4 10 0.0059 0.9654 0.0057 0.0048 0.0064 0.0056 0.0063 
   saaRTON.5 10 0.0070 0.9619 0.0056 0.0054 0.0064 0.0060 0.0076 
   saaRTON.6 10 0.0070 0.9558 0.0082 0.0062 0.0076 0.0068 0.0085 
   saaRTON.7 10 0.0135 0.9268 0.0136 0.0123 0.0106 0.0105 0.0128 
   saaRTON.8 10 0.0053 0.9648 0.0066 0.0057 0.0058 0.0057 0.0062 
   saaRTON.9 10 0.0048 0.9714 0.0043 0.0039 0.0054 0.0051 0.0051 
      H005.8 11 0.1690 0.0151 0.0509 0.1517 0.1835 0.2006 0.2292 
      H031.2 11 0.2196 0.0184 0.2224 0.0355 0.1924 0.1462 0.1656 
      H136.1 11 0.1458 0.0148 0.0824 0.0292 0.2460 0.1445 0.3373 
      H153.4 11 0.1572 0.1037 0.0401 0.0165 0.2716 0.1512 0.2596 
      H167.1 11 0.2400 0.0058 0.0480 0.1478 0.1865 0.2062 0.1658 
      H173.1 11 0.2210 0.0160 0.0306 0.0236 0.2383 0.2565 0.2141 
 H194.8_2003 11 0.1064 0.0530 0.5816 0.0256 0.0894 0.0551 0.0889 
      H196.6 11 0.0241 0.0151 0.8493 0.0521 0.0189 0.0216 0.0191 
 H356.5_2002 11 0.2451 0.0179 0.0274 0.0395 0.2179 0.1888 0.2634 
 H356.6_2001 11 0.2340 0.0956 0.0153 0.0285 0.1610 0.2934 0.1723 
      H360.6 11 0.1730 0.0160 0.1114 0.0649 0.2091 0.2968 0.1288 
 H369.1_2001 11 0.0822 0.0064 0.3254 0.1954 0.1113 0.1356 0.1438 
      H369.4 11 0.2009 0.0112 0.0914 0.0235 0.2084 0.2794 0.1852 
      H374.3 11 0.2663 0.0219 0.0173 0.0593 0.2544 0.2223 0.1585 
      H376.1 11 0.2447 0.0113 0.0599 0.0671 0.2352 0.1278 0.2540 
      H381.1 11 0.1725 0.0126 0.1028 0.0603 0.2313 0.1758 0.2447 
      H386.5 11 0.1740 0.0097 0.0483 0.3252 0.1605 0.1232 0.1590 
 H387.5_2001 11 0.2488 0.0419 0.0587 0.0145 0.2541 0.1387 0.2434 
      H387.9 11 0.2418 0.0203 0.0161 0.1331 0.2206 0.1493 0.2189 
      H392.6 11 0.2444 0.0183 0.0589 0.0903 0.1724 0.0780 0.3378 
 H393.4_2001 11 0.2243 0.0108 0.0152 0.1507 0.2043 0.1888 0.2060 
 H393.4_2002 11 0.2408 0.0203 0.0206 0.0937 0.1849 0.2799 0.1598 
      H394.5 11 0.1592 0.0092 0.0967 0.1086 0.2070 0.2633 0.1560 
      H412.9 11 0.2183 0.1466 0.0868 0.0377 0.1764 0.1212 0.2131 
      H439.5 11 0.1731 0.0609 0.1656 0.0924 0.1438 0.1762 0.1881 
 H441.6_2004 11 0.0698 0.0065 0.7783 0.0131 0.0445 0.0453 0.0425 
 H441.7_2005 11 0.1339 0.0131 0.3344 0.0643 0.1426 0.1149 0.1967 
 H442.6_2004 11 0.1344 0.0323 0.3779 0.0165 0.1777 0.1282 0.1330 
      H442.9 11 0.2157 0.0159 0.0433 0.0354 0.2487 0.2177 0.2232 
      H446.6 11 0.1966 0.0170 0.2344 0.0213 0.1671 0.1405 0.2232 
      H447.7 11 0.2017 0.0185 0.1038 0.0686 0.1841 0.2312 0.1922 
      H448.2 11 0.0918 0.0139 0.5429 0.0153 0.1688 0.0795 0.0877 
      H586.2 11 0.1860 0.0169 0.0180 0.0847 0.2626 0.0946 0.3372 
     H590.10 11 0.2208 0.0142 0.0177 0.2202 0.1702 0.1615 0.1954 
      H610.7 11 0.1685 0.0179 0.1742 0.0546 0.1638 0.2340 0.1869 
      H611.4 11 0.1808 0.0082 0.0887 0.1022 0.2324 0.1703 0.2173 
 H7379.2_200 11 0.1400 0.0518 0.1108 0.3267 0.1121 0.1104 0.1483 
 H7379.4_200 11 0.1173 0.0196 0.2528 0.1681 0.1546 0.0907 0.1969 
      H741.1 11 0.2105 0.0147 0.0284 0.0492 0.2713 0.2285 0.1973 
      H927.3 11 0.1390 0.0058 0.1471 0.2821 0.1303 0.1661 0.1296 
      H928.4 11 0.2297 0.0454 0.0458 0.0888 0.2077 0.1423 0.2403 
     H9560.4 11 0.1317 0.2443 0.1950 0.0167 0.1579 0.1039 0.1506 
    Rad451.3 11 0.2206 0.0099 0.0569 0.0939 0.2191 0.1525 0.2470 
