      H008.9  2 0.1651 0.1288 0.1392 0.4333 0.1260 0.0076 
 H029.5_2002  2 0.2777 0.3981 0.0734 0.0785 0.1628 0.0095 
 H029.5_2003  2 0.3120 0.3789 0.0384 0.0685 0.1963 0.0059 
      H030.1  2 0.1345 0.0642 0.5849 0.0144 0.1744 0.0277 
      H038.4  2 0.2138 0.5067 0.0886 0.0299 0.1509 0.0101 
      H041.2  2 0.2184 0.3853 0.0863 0.1942 0.1076 0.0082 
 H042.3_2003  2 0.1992 0.1727 0.2151 0.1994 0.1978 0.0157 
 H042.4_2002  2 0.1041 0.0444 0.1928 0.4880 0.1282 0.0424 
   H042_2002  2 0.0394 0.0939 0.0335 0.7744 0.0520 0.0068 
   H042_2003  2 0.0339 0.0924 0.0223 0.7981 0.0459 0.0075 
      H043.7  2 0.1686 0.5256 0.0945 0.0179 0.1875 0.0060 
      H047.6  2 0.2470 0.4664 0.0344 0.0620 0.1776 0.0127 
 H071.1_2003  2 0.1328 0.0523 0.6056 0.0675 0.1371 0.0048 
 H071.5_2002  2 0.2429 0.1153 0.3323 0.0503 0.2447 0.0145 
 H081.3_2003  2 0.2064 0.2241 0.1881 0.0885 0.2727 0.0201 
      H081.7  2 0.1665 0.1677 0.4223 0.0505 0.1841 0.0089 
      H083.1  2 0.2867 0.0978 0.3629 0.0157 0.2222 0.0147 
      H084.5  2 0.2948 0.1961 0.1196 0.0800 0.2572 0.0523 
 H085.1_2003  2 0.0811 0.1776 0.6105 0.0212 0.0992 0.0104 
 H085.5_2002  2 0.0832 0.0855 0.5999 0.0999 0.1212 0.0103 
      H088.7  2 0.1808 0.2133 0.0673 0.3272 0.1996 0.0117 
      H091.1  2 0.1037 0.0888 0.7192 0.0104 0.0724 0.0056 
      H109.6  2 0.2321 0.4459 0.0419 0.1147 0.1336 0.0318 
      H126.2  2 0.2736 0.1232 0.1140 0.0694 0.4077 0.0122 
      H130.3  2 0.2737 0.0601 0.1912 0.0192 0.4409 0.0148 
      H133.1  2 0.2122 0.6234 0.0315 0.0197 0.1034 0.0098 
      H147.4  2 0.0933 0.1757 0.5858 0.0356 0.1028 0.0068 
      H148.6  2 0.1145 0.1754 0.1050 0.4532 0.1160 0.0359 
   H166022.2  2 0.1885 0.0935 0.3990 0.0917 0.1783 0.0489 
   H167397.3  2 0.2257 0.4713 0.0241 0.0273 0.2384 0.0132 
   H167496.6  2 0.1143 0.0588 0.6516 0.0552 0.1128 0.0073 
   H167513.8  2 0.1902 0.4677 0.0631 0.0156 0.2204 0.0430 
   H167547.4  2 0.2048 0.1231 0.3637 0.0239 0.2618 0.0228 
   H169750.2  2 0.1676 0.1017 0.5072 0.0868 0.1293 0.0074 
   H171929.2  2 0.1905 0.2723 0.0841 0.0629 0.2351 0.1550 
   H171930.8  2 0.1788 0.0791 0.1125 0.4364 0.1721 0.0212 
   H171933.7  2 0.2589 0.1227 0.4358 0.0291 0.1436 0.0100 
      H190.6  2 0.1433 0.0538 0.1159 0.2288 0.1547 0.3035 
      H400.4  2 0.2616 0.1395 0.3178 0.0844 0.1873 0.0094 
 H428.2_2006  2 0.2551 0.1358 0.2962 0.0171 0.2650 0.0308 
 H428.6_2005  2 0.2942 0.1868 0.2498 0.0688 0.1797 0.0207 
      H453.3  2 0.1090 0.0824 0.5304 0.0232 0.2436 0.0115 
     H512.10  2 0.2447 0.1852 0.2014 0.0155 0.3454 0.0078 
      H513.2  2 0.3516 0.1497 0.2468 0.0435 0.1974 0.0110 
      H532.3  2 0.1523 0.0555 0.4508 0.0400 0.2185 0.0828 
      H543.8  2 0.2148 0.4538 0.1069 0.0594 0.1558 0.0093 
 H545.1_2005  2 0.1524 0.7749 0.0174 0.0093 0.0415 0.0044 
 H545.3_2006  2 0.1704 0.7584 0.0136 0.0063 0.0453 0.0060 
      H547.7  2 0.1935 0.0655 0.5188 0.0210 0.1796 0.0217 
      H548.3  2 0.1446 0.7610 0.0179 0.0153 0.0565 0.0048 
     H7389.1  2 0.3153 0.1757 0.2364 0.0841 0.1777 0.0109 
      H747.2  2 0.1712 0.1343 0.0663 0.0676 0.2581 0.3025 
     H7484.8  2 0.2160 0.1244 0.1624 0.2546 0.2288 0.0137 
     H7485.6  2 0.1531 0.7241 0.0283 0.0151 0.0649 0.0145 
     H7496.6  2 0.1286 0.0665 0.7181 0.0279 0.0507 0.0081 
        UNK9  2 0.2385 0.2218 0.3274 0.0219 0.1730 0.0174 
      H009.6  4 0.0496 0.0407 0.0606 0.7618 0.0815 0.0059 
      H046.4  4 0.2170 0.1640 0.1525 0.2030 0.2280 0.0356 
 H076.2_2004  4 0.1795 0.0783 0.2000 0.1553 0.2228 0.1642 
 H076.5_2002  4 0.0997 0.0569 0.0508 0.6032 0.1714 0.0179 
 H076.6_2003  4 0.0264 0.0147 0.0191 0.9030 0.0301 0.0066 
      H477.6  4 0.2918 0.1117 0.2751 0.0192 0.2858 0.0164 
 H479.4_2006  4 0.2156 0.1635 0.3901 0.0221 0.1999 0.0088 
 H479.8_2005  4 0.2350 0.1742 0.3872 0.0151 0.1810 0.0076 
      H516.4  4 0.2524 0.2804 0.0686 0.0280 0.3354 0.0351 
      H646.2  4 0.2087 0.0464 0.1166 0.0189 0.5953 0.0141 
      H658.6  4 0.2063 0.0947 0.3777 0.0381 0.2673 0.0159 
      H682.1  4 0.1944 0.0854 0.4397 0.1119 0.1466 0.0221 
      H720.4  4 0.2467 0.0883 0.0919 0.1343 0.3924 0.0465 
      H724.6  4 0.0279 0.0534 0.0248 0.8431 0.0416 0.0092 
      H725.5  4 0.1546 0.0853 0.6339 0.0274 0.0871 0.0118 
      H726.2  4 0.2569 0.0427 0.2079 0.0653 0.2970 0.1302 
      H016.4  5 0.3141 0.2835 0.1047 0.0670 0.2229 0.0078 
 H017.1_2002  5 0.2062 0.2242 0.1336 0.1002 0.2821 0.0537 
 H017.5_2003  5 0.2462 0.2952 0.1387 0.0313 0.2795 0.0091 
      H032.3  5 0.2493 0.3045 0.1091 0.0406 0.2893 0.0073 
 H034.4_2002  5 0.0408 0.0179 0.0257 0.8490 0.0482 0.0184 
 H034.5_2003  5 0.1625 0.2900 0.0993 0.2546 0.1772 0.0164 
      H048.4  5 0.2657 0.2603 0.1136 0.0767 0.2663 0.0174 
      H060.1  5 0.1892 0.4623 0.0592 0.0430 0.2391 0.0072 
 H070.3_2002  5 0.0790 0.0690 0.0956 0.6431 0.1057 0.0076 
 H070.4_2004  5 0.0637 0.0324 0.0981 0.7255 0.0741 0.0062 
 H070.5_2003  5 0.0660 0.0695 0.0621 0.7282 0.0681 0.0061 
      H077.4  5 0.2692 0.2608 0.1474 0.0500 0.2576 0.0150 
      H097.6  5 0.1918 0.0992 0.3763 0.0242 0.2985 0.0101 
      H124.5  5 0.2007 0.2830 0.1657 0.1222 0.2198 0.0087 
      H132.5  5 0.2912 0.2684 0.0719 0.1009 0.2575 0.0100 
      H155.7  5 0.0824 0.0506 0.0564 0.7171 0.0687 0.0248 
      H169.2  5 0.2216 0.4357 0.1242 0.0172 0.1897 0.0118 
      H457.8  5 0.2747 0.1540 0.1667 0.0155 0.3745 0.0147 
      H462.4  5 0.1395 0.0600 0.0905 0.5920 0.0710 0.0470 
      H481.8  5 0.1639 0.1056 0.3988 0.1909 0.1295 0.0113 
      H509.4  5 0.1144 0.0339 0.4311 0.3087 0.0930 0.0189 
      H567.2  5 0.0456 0.0252 0.1008 0.7609 0.0560 0.0115 
      H608.4  5 0.2902 0.1274 0.1802 0.0409 0.3534 0.0080 
      H615.4  5 0.1991 0.1984 0.1553 0.2557 0.1793 0.0121 
      H635.4  5 0.2016 0.3434 0.1320 0.0825 0.1801 0.0605 
      H728.5  5 0.2914 0.3338 0.0632 0.0277 0.2701 0.0137 
 H7395.1_200  5 0.1784 0.1261 0.3267 0.0654 0.2044 0.0990 
     H7395.5  5 0.3009 0.2603 0.0970 0.0185 0.2936 0.0297 
      H742.2  5 0.2331 0.1180 0.1700 0.1897 0.2642 0.0251 
      H958.3  5 0.2233 0.0782 0.2859 0.2042 0.1995 0.0089 
      H452.9 10 0.0274 0.0346 0.0277 0.8755 0.0298 0.0050 
      H473.5 10 0.3453 0.2891 0.0805 0.0181 0.2620 0.0050 
      H487.5 10 0.0276 0.0223 0.0185 0.8298 0.0227 0.0791 
     H703.10 10 0.1771 0.1457 0.4528 0.0259 0.1767 0.0218 
      H705.2 10 0.1811 0.1176 0.4554 0.0814 0.1478 0.0168 
     H7352.5 10 0.2526 0.5610 0.0194 0.0186 0.1303 0.0181 
     H7354.1 10 0.3030 0.1431 0.1563 0.0488 0.2930 0.0558 
     H7359.1 10 0.2070 0.2568 0.1216 0.1434 0.2347 0.0365 
      H909.8 10 0.1957 0.1375 0.2425 0.1476 0.1681 0.1086 
     H9555.3 10 0.0209 0.0160 0.0164 0.8716 0.0346 0.0405 
     H9703.4 10 0.0604 0.0580 0.3045 0.0562 0.0916 0.4293 
     H9707.6 10 0.2086 0.1198 0.3048 0.1903 0.1624 0.0141 
     HSAA4.2 10 0.0291 0.0199 0.0296 0.7507 0.0309 0.1398 
   saaRTON.1 10 0.0073 0.0061 0.0078 0.0060 0.0069 0.9659 
  saaRTON.10 10 0.0145 0.0110 0.0129 0.0128 0.0138 0.9350 
   saaRTON.2 10 0.0062 0.0061 0.0062 0.0067 0.0059 0.9687 
   saaRTON.3 10 0.0111 0.0093 0.0104 0.0127 0.0101 0.9464 
   saaRTON.4 10 0.0060 0.0049 0.0059 0.0055 0.0054 0.9723 
   saaRTON.5 10 0.0066 0.0066 0.0049 0.0065 0.0064 0.9691 
   saaRTON.6 10 0.0087 0.0062 0.0073 0.0080 0.0078 0.9621 
   saaRTON.7 10 0.0124 0.0127 0.0171 0.0127 0.0132 0.9319 
   saaRTON.8 10 0.0058 0.0066 0.0055 0.0067 0.0059 0.9695 
   saaRTON.9 10 0.0048 0.0041 0.0046 0.0054 0.0044 0.9767 
      H005.8 11 0.2906 0.2383 0.1242 0.0547 0.2814 0.0108 
      H031.2 11 0.1466 0.1023 0.1896 0.3666 0.1732 0.0218 
      H136.1 11 0.3368 0.0727 0.1284 0.0662 0.3796 0.0164 
      H153.4 11 0.3167 0.0892 0.0780 0.0661 0.3705 0.0795 
      H167.1 11 0.2336 0.3127 0.1802 0.0573 0.2102 0.0061 
      H173.1 11 0.3317 0.1335 0.2374 0.0537 0.2298 0.0139 
 H194.8_2003 11 0.0391 0.0408 0.0435 0.7759 0.0542 0.0465 
      H196.6 11 0.0237 0.0261 0.0160 0.8997 0.0199 0.0147 
 H356.5_2002 11 0.2065 0.0662 0.4573 0.0162 0.2358 0.0180 
 H356.6_2001 11 0.1401 0.0378 0.5720 0.0129 0.1513 0.0859 
      H360.6 11 0.1586 0.0642 0.5445 0.0908 0.1292 0.0127 
 H369.1_2001 11 0.1844 0.2358 0.1058 0.3713 0.0945 0.0082 
      H369.4 11 0.1949 0.1650 0.3476 0.0652 0.2129 0.0145 
      H374.3 11 0.1878 0.3165 0.2003 0.0231 0.2523 0.0199 
      H376.1 11 0.2957 0.1658 0.1714 0.0420 0.3136 0.0115 
      H381.1 11 0.2583 0.1414 0.2241 0.1931 0.1682 0.0148 
      H386.5 11 0.1207 0.5586 0.0756 0.0430 0.1935 0.0086 
 H387.5_2001 11 0.1569 0.0709 0.3338 0.0565 0.3270 0.0549 
      H387.9 11 0.2106 0.2047 0.1405 0.0173 0.4078 0.0191 
      H392.6 11 0.2438 0.1928 0.0763 0.0660 0.3989 0.0221 
 H393.4_2001 11 0.2359 0.2687 0.1569 0.0200 0.3034 0.0151 
 H393.4_2002 11 0.2393 0.2482 0.2008 0.0271 0.2620 0.0225 
      H394.5 11 0.1653 0.1982 0.2026 0.1580 0.2636 0.0121 
      H412.9 11 0.2199 0.0881 0.1276 0.1400 0.2561 0.1684 
      H439.5 11 0.1678 0.2179 0.1999 0.1546 0.2057 0.0542 
 H441.6_2004 11 0.0421 0.0182 0.0294 0.8672 0.0372 0.0060 
 H441.7_2005 11 0.1109 0.0946 0.0715 0.6100 0.0984 0.0145 
 H442.6_2004 11 0.1187 0.0343 0.1271 0.5781 0.0974 0.0445 
      H442.9 11 0.3241 0.0910 0.1981 0.0938 0.2741 0.0189 
      H446.6 11 0.2222 0.0850 0.2802 0.1971 0.2022 0.0132 
      H447.7 11 0.1975 0.1103 0.3683 0.1076 0.1930 0.0233 
      H448.2 11 0.1294 0.0417 0.0963 0.5963 0.1197 0.0166 
      H586.2 11 0.2686 0.2078 0.0736 0.0182 0.4129 0.0190 
     H590.10 11 0.2181 0.3547 0.0956 0.0205 0.2990 0.0121 
      H610.7 11 0.2306 0.1051 0.3377 0.1081 0.2027 0.0157 
      H611.4 11 0.2260 0.2142 0.1221 0.2346 0.1950 0.0081 
 H7379.2_200 11 0.2919 0.2521 0.0819 0.1344 0.2010 0.0388 
 H7379.4_200 11 0.2159 0.2319 0.0521 0.3627 0.1188 0.0186 
      H741.1 11 0.3186 0.1040 0.2479 0.0615 0.2514 0.0166 
      H927.3 11 0.1760 0.2415 0.3144 0.0973 0.1650 0.0059 
      H928.4 11 0.2587 0.1658 0.1994 0.0630 0.2638 0.0493 
     H9560.4 11 0.1649 0.0297 0.1092 0.3078 0.1116 0.2768 
    Rad451.3 11 0.2733 0.2409 0.1228 0.0546 0.2987 0.0095 
