      H008.9  2 0.1809 0.0086 0.1261 0.2260 0.3018 0.1567 
 H029.5_2002  2 0.0652 0.0072 0.7905 0.0702 0.0301 0.0367 
 H029.5_2003  2 0.0853 0.0049 0.6949 0.0630 0.0320 0.1201 
      H030.1  2 0.2975 0.0285 0.0353 0.0350 0.3135 0.2901 
      H038.4  2 0.0696 0.0083 0.6781 0.0270 0.1072 0.1099 
      H041.2  2 0.0541 0.0075 0.7036 0.1708 0.0274 0.0366 
 H042.3_2003  2 0.1974 0.0142 0.1839 0.2703 0.1257 0.2085 
 H042.4_2002  2 0.0715 0.0448 0.0382 0.7323 0.0316 0.0815 
   H042_2002  2 0.0432 0.0068 0.0979 0.7753 0.0294 0.0475 
   H042_2003  2 0.0437 0.0078 0.1085 0.7555 0.0489 0.0356 
      H043.7  2 0.1311 0.0058 0.4259 0.0235 0.2832 0.1305 
      H047.6  2 0.0374 0.0148 0.7941 0.0396 0.0485 0.0656 
 H071.1_2003  2 0.2615 0.0047 0.0490 0.1109 0.3274 0.2464 
 H071.5_2002  2 0.2834 0.0144 0.2219 0.0389 0.2271 0.2143 
 H081.3_2003  2 0.1545 0.0196 0.1515 0.1064 0.2843 0.2838 
      H081.7  2 0.1464 0.0103 0.1609 0.0620 0.3749 0.2456 
      H083.1  2 0.3662 0.0175 0.1273 0.0259 0.2243 0.2387 
      H084.5  2 0.2208 0.0496 0.2045 0.1033 0.1182 0.3036 
 H085.1_2003  2 0.2373 0.0101 0.1200 0.0317 0.3158 0.2850 
 H085.5_2002  2 0.2077 0.0126 0.0237 0.0930 0.4264 0.2367 
      H088.7  2 0.0920 0.0128 0.4674 0.2558 0.0581 0.1139 
      H091.1  2 0.4845 0.0054 0.0140 0.0306 0.2404 0.2251 
      H109.6  2 0.0882 0.0350 0.5336 0.0893 0.1265 0.1274 
      H126.2  2 0.2450 0.0122 0.1692 0.0580 0.1996 0.3160 
      H130.3  2 0.3488 0.0169 0.1168 0.0401 0.1272 0.3502 
      H133.1  2 0.0596 0.0106 0.7620 0.0170 0.0637 0.0871 
      H147.4  2 0.2759 0.0061 0.1890 0.0345 0.2640 0.2305 
      H148.6  2 0.0979 0.0317 0.0966 0.3851 0.2212 0.1674 
   H166022.2  2 0.3123 0.0434 0.0660 0.0640 0.2857 0.2285 
   H167397.3  2 0.0251 0.0113 0.8778 0.0376 0.0182 0.0301 
   H167496.6  2 0.4490 0.0064 0.0410 0.0538 0.2914 0.1584 
   H167513.8  2 0.0947 0.0370 0.6591 0.0168 0.0975 0.0950 
   H167547.4  2 0.3428 0.0208 0.0779 0.0236 0.2561 0.2788 
   H169750.2  2 0.2515 0.0073 0.0971 0.1725 0.3051 0.1664 
   H171929.2  2 0.1457 0.1360 0.2872 0.0828 0.1487 0.1995 
   H171930.8  2 0.1420 0.0207 0.0938 0.3442 0.1511 0.2482 
   H171933.7  2 0.3853 0.0107 0.0308 0.0514 0.2416 0.2802 
      H190.6  2 0.1118 0.2833 0.0260 0.3391 0.1060 0.1339 
      H400.4  2 0.2257 0.0106 0.3055 0.0944 0.1503 0.2135 
 H428.2_2006  2 0.2393 0.0265 0.1860 0.0130 0.2450 0.2902 
 H428.6_2005  2 0.2536 0.0192 0.0496 0.0364 0.3971 0.2440 
      H453.3  2 0.2993 0.0089 0.0228 0.0416 0.2800 0.3475 
     H512.10  2 0.2385 0.0079 0.1288 0.0242 0.2096 0.3911 
      H513.2  2 0.2854 0.0161 0.1025 0.0980 0.2244 0.2736 
      H532.3  2 0.3078 0.0772 0.0411 0.0960 0.2128 0.2650 
      H543.8  2 0.1490 0.0106 0.5094 0.0336 0.1706 0.1268 
 H545.1_2005  2 0.0132 0.0072 0.9242 0.0098 0.0240 0.0216 
 H545.3_2006  2 0.0196 0.0054 0.9318 0.0069 0.0130 0.0234 
      H547.7  2 0.4226 0.0167 0.0575 0.0346 0.2429 0.2258 
      H548.3  2 0.0584 0.0045 0.7777 0.0185 0.0607 0.0803 
     H7389.1  2 0.3069 0.0118 0.0488 0.0825 0.2560 0.2940 
      H747.2  2 0.1493 0.2836 0.2211 0.0597 0.0873 0.1991 
     H7484.8  2 0.1882 0.0138 0.0899 0.1841 0.2331 0.2909 
     H7485.6  2 0.0388 0.0140 0.8040 0.0148 0.0727 0.0558 
     H7496.6  2 0.4846 0.0078 0.0229 0.0425 0.2650 0.1772 
        UNK9  2 0.2726 0.0153 0.2069 0.0433 0.2322 0.2296 
      H009.6  4 0.1152 0.0063 0.0306 0.5958 0.1153 0.1368 
      H046.4  4 0.2177 0.0366 0.1204 0.2317 0.1475 0.2462 
 H076.2_2004  4 0.1914 0.1753 0.0481 0.2186 0.1582 0.2085 
 H076.5_2002  4 0.0658 0.0140 0.0387 0.6692 0.0862 0.1261 
 H076.6_2003  4 0.0252 0.0058 0.0163 0.9137 0.0129 0.0262 
      H477.6  4 0.3982 0.0163 0.0451 0.0218 0.2511 0.2675 
 H479.4_2006  4 0.3142 0.0096 0.1293 0.0263 0.2801 0.2406 
 H479.8_2005  4 0.3405 0.0085 0.0733 0.0162 0.2921 0.2693 
      H516.4  4 0.1865 0.0413 0.3042 0.0325 0.1877 0.2478 
      H646.2  4 0.2989 0.0153 0.0270 0.0365 0.1816 0.4406 
      H658.6  4 0.3196 0.0141 0.0285 0.0578 0.3227 0.2572 
      H682.1  4 0.3265 0.0169 0.0607 0.1415 0.2483 0.2062 
      H720.4  4 0.2010 0.0369 0.1619 0.1740 0.1405 0.2857 
      H724.6  4 0.0175 0.0065 0.0665 0.8595 0.0203 0.0297 
      H725.5  4 0.4354 0.0139 0.0219 0.0835 0.2643 0.1810 
      H726.2  4 0.3082 0.1290 0.0248 0.1285 0.2171 0.1925 
      H016.4  5 0.1927 0.0076 0.4337 0.0445 0.1321 0.1894 
 H017.1_2002  5 0.2009 0.0489 0.0255 0.0732 0.4287 0.2228 
 H017.5_2003  5 0.2291 0.0090 0.0619 0.0234 0.4264 0.2502 
      H032.3  5 0.2635 0.0082 0.3723 0.0369 0.1363 0.1828 
 H034.4_2002  5 0.0403 0.0176 0.0399 0.7117 0.1184 0.0721 
 H034.5_2003  5 0.1577 0.0166 0.0940 0.2171 0.2688 0.2458 
      H048.4  5 0.2489 0.0192 0.3509 0.0607 0.1516 0.1685 
      H060.1  5 0.1349 0.0069 0.4285 0.0413 0.2041 0.1843 
 H070.3_2002  5 0.2038 0.0070 0.0905 0.2869 0.2793 0.1325 
 H070.4_2004  5 0.1111 0.0079 0.0399 0.5040 0.2100 0.1272 
 H070.5_2003  5 0.1313 0.0047 0.0756 0.4080 0.2707 0.1097 
      H077.4  5 0.2369 0.0175 0.0799 0.0733 0.3474 0.2450 
      H097.6  5 0.4243 0.0089 0.0794 0.0451 0.2075 0.2348 
      H124.5  5 0.1789 0.0081 0.3452 0.0958 0.1963 0.1757 
      H132.5  5 0.0968 0.0079 0.6026 0.1271 0.0661 0.0995 
      H155.7  5 0.0565 0.0252 0.0830 0.6898 0.0628 0.0827 
      H169.2  5 0.1653 0.0131 0.1834 0.0217 0.3792 0.2373 
      H457.8  5 0.2046 0.0111 0.1010 0.0155 0.2321 0.4357 
      H462.4  5 0.1388 0.0542 0.0442 0.3783 0.2497 0.1348 
      H481.8  5 0.2447 0.0121 0.0298 0.2900 0.2330 0.1904 
      H509.4  5 0.1713 0.0213 0.0157 0.5308 0.1527 0.1082 
      H567.2  5 0.1438 0.0128 0.0208 0.6617 0.0767 0.0841 
      H608.4  5 0.3724 0.0084 0.2712 0.0315 0.1309 0.1856 
      H615.4  5 0.1620 0.0097 0.0827 0.3183 0.2680 0.1593 
      H635.4  5 0.1562 0.0542 0.3951 0.0815 0.1139 0.1992 
      H728.5  5 0.1532 0.0153 0.2210 0.0299 0.3007 0.2799 
 H7395.1_200  5 0.2168 0.0862 0.0446 0.0770 0.2358 0.3396 
     H7395.5  5 0.1667 0.0240 0.1423 0.0130 0.3466 0.3074 
      H742.2  5 0.1852 0.0251 0.0897 0.3568 0.1866 0.1566 
      H958.3  5 0.3227 0.0075 0.0088 0.3293 0.1843 0.1474 
      H452.9 10 0.0469 0.0047 0.0237 0.8354 0.0526 0.0368 
      H473.5 10 0.1272 0.0047 0.6126 0.0167 0.0860 0.1528 
      H487.5 10 0.0174 0.0598 0.0160 0.8622 0.0223 0.0221 
     H703.10 10 0.2674 0.0199 0.0504 0.0429 0.3519 0.2675 
      H705.2 10 0.2408 0.0149 0.0191 0.1340 0.2621 0.3290 
     H7352.5 10 0.0256 0.0173 0.8791 0.0167 0.0186 0.0426 
     H7354.1 10 0.2381 0.0610 0.0762 0.0368 0.3017 0.2861 
     H7359.1 10 0.1479 0.0393 0.1750 0.1796 0.2310 0.2271 
      H909.8 10 0.1588 0.0992 0.0325 0.1243 0.3391 0.2461 
     H9555.3 10 0.0196 0.0257 0.0156 0.9010 0.0196 0.0185 
     H9703.4 10 0.1630 0.4204 0.0364 0.0625 0.1394 0.1783 
     H9707.6 10 0.2253 0.0126 0.0870 0.2039 0.2292 0.2419 
     HSAA4.2 10 0.0307 0.1377 0.0112 0.7536 0.0235 0.0433 
   saaRTON.1 10 0.0072 0.9671 0.0051 0.0060 0.0069 0.0078 
  saaRTON.10 10 0.0127 0.9423 0.0121 0.0136 0.0096 0.0096 
   saaRTON.2 10 0.0062 0.9677 0.0055 0.0067 0.0073 0.0065 
   saaRTON.3 10 0.0091 0.9540 0.0074 0.0124 0.0082 0.0089 
   saaRTON.4 10 0.0065 0.9736 0.0046 0.0053 0.0048 0.0051 
   saaRTON.5 10 0.0055 0.9687 0.0057 0.0069 0.0065 0.0066 
   saaRTON.6 10 0.0071 0.9635 0.0069 0.0076 0.0086 0.0064 
   saaRTON.7 10 0.0121 0.9346 0.0108 0.0134 0.0135 0.0156 
   saaRTON.8 10 0.0057 0.9715 0.0051 0.0063 0.0062 0.0053 
   saaRTON.9 10 0.0043 0.9781 0.0041 0.0046 0.0041 0.0048 
      H005.8 11 0.2576 0.0146 0.2601 0.0606 0.2206 0.1864 
      H031.2 11 0.1538 0.0170 0.0524 0.3345 0.2274 0.2148 
      H136.1 11 0.3131 0.0136 0.0675 0.0923 0.1592 0.3543 
      H153.4 11 0.2861 0.1117 0.0717 0.0640 0.1642 0.3023 
      H167.1 11 0.2039 0.0058 0.1931 0.0708 0.2716 0.2548 
      H173.1 11 0.3554 0.0131 0.0206 0.0501 0.3287 0.2321 
 H194.8_2003 11 0.0600 0.0456 0.0256 0.7778 0.0451 0.0458 
      H196.6 11 0.0111 0.0174 0.0428 0.8857 0.0180 0.0251 
 H356.5_2002 11 0.2637 0.0167 0.0395 0.0480 0.2773 0.3549 
 H356.6_2001 11 0.2746 0.1078 0.0189 0.0199 0.3022 0.2767 
      H360.6 11 0.2885 0.0121 0.0356 0.2309 0.2254 0.2074 
 H369.1_2001 11 0.1580 0.0060 0.2322 0.2358 0.2017 0.1663 
      H369.4 11 0.1827 0.0111 0.0279 0.0630 0.5077 0.2076 
      H374.3 11 0.1844 0.0188 0.0290 0.0127 0.4724 0.2827 
      H376.1 11 0.2148 0.0130 0.1962 0.0491 0.1749 0.3520 
      H381.1 11 0.2180 0.0135 0.0681 0.1089 0.3784 0.2131 
      H386.5 11 0.1479 0.0100 0.3750 0.0757 0.1867 0.2046 
 H387.5_2001 11 0.2841 0.0432 0.0177 0.0483 0.2987 0.3079 
      H387.9 11 0.2491 0.0265 0.1512 0.0247 0.2203 0.3282 
      H392.6 11 0.2353 0.0227 0.2522 0.0676 0.1271 0.2952 
 H393.4_2001 11 0.1986 0.0105 0.1218 0.0182 0.3776 0.2733 
 H393.4_2002 11 0.1946 0.0227 0.0551 0.0195 0.4207 0.2874 
      H394.5 11 0.1530 0.0078 0.0623 0.1006 0.4452 0.2311 
      H412.9 11 0.2654 0.1543 0.0665 0.1423 0.1624 0.2091 
      H439.5 11 0.1643 0.0551 0.1607 0.1460 0.2644 0.2095 
 H441.6_2004 11 0.0325 0.0059 0.0084 0.8550 0.0562 0.0420 
 H441.7_2005 11 0.1325 0.0156 0.1578 0.4582 0.1295 0.1064 
 H442.6_2004 11 0.1399 0.0335 0.0295 0.6103 0.0933 0.0935 
      H442.9 11 0.3858 0.0180 0.0564 0.1268 0.2303 0.1827 
      H446.6 11 0.2091 0.0170 0.0531 0.2988 0.1353 0.2867 
      H447.7 11 0.3074 0.0204 0.0770 0.1012 0.2456 0.2482 
      H448.2 11 0.1131 0.0145 0.0169 0.7011 0.0628 0.0916 
      H586.2 11 0.2037 0.0162 0.2424 0.0262 0.1561 0.3553 
     H590.10 11 0.2187 0.0131 0.3495 0.0229 0.2033 0.1925 
      H610.7 11 0.2639 0.0170 0.0984 0.2055 0.2080 0.2073 
      H611.4 11 0.2232 0.0103 0.2011 0.1321 0.2788 0.1546 
 H7379.2_200 11 0.0883 0.0398 0.5476 0.0843 0.1202 0.1198 
 H7379.4_200 11 0.0901 0.0184 0.4324 0.1926 0.1060 0.1605 
      H741.1 11 0.3922 0.0164 0.0920 0.0421 0.2244 0.2329 
      H927.3 11 0.2409 0.0063 0.2465 0.1579 0.1817 0.1666 
      H928.4 11 0.2286 0.0408 0.2339 0.0614 0.1479 0.2874 
     H9560.4 11 0.1695 0.2785 0.0295 0.3166 0.0926 0.1132 
    Rad451.3 11 0.2094 0.0093 0.2245 0.0486 0.2274 0.2808 
