1:    0.155 0.005 0.006 0.008 0.005 0.004 0.009 0.015 0.005 0.007 0.006 0.007 0.018 0.006 0.007 0.013 0.007 0.666 0.009 0.004 0.008 0.013 0.004 0.005 0.006 1    
2:    0.006 0.004 0.004 0.005 0.004 0.004 0.009 0.005 0.003 0.005 0.006 0.006 0.007 0.006 0.007 0.005 0.005 0.861 0.004 0.006 0.006 0.017 0.005 0.005 0.004 1    
3:    0.007 0.005 0.006 0.011 0.008 0.006 0.008 0.006 0.006 0.006 0.011 0.005 0.007 0.008 0.010 0.034 0.004 0.769 0.007 0.006 0.010 0.038 0.006 0.008 0.007 1    
4:    0.019 0.005 0.004 0.004 0.008 0.005 0.005 0.009 0.009 0.004 0.007 0.007 0.011 0.009 0.004 0.004 0.006 0.827 0.004 0.008 0.012 0.013 0.009 0.005 0.004 1    
5:    0.042 0.004 0.005 0.005 0.005 0.005 0.007 0.010 0.005 0.004 0.004 0.005 0.005 0.006 0.003 0.005 0.004 0.827 0.004 0.005 0.012 0.013 0.005 0.006 0.004 1    
6:    0.011 0.003 0.004 0.005 0.006 0.005 0.010 0.006 0.006 0.006 0.003 0.009 0.009 0.005 0.007 0.006 0.009 0.834 0.003 0.010 0.007 0.019 0.005 0.006 0.004 1    
7:    0.012 0.007 0.005 0.006 0.012 0.005 0.010 0.015 0.004 0.005 0.011 0.008 0.007 0.010 0.006 0.006 0.006 0.796 0.004 0.012 0.004 0.028 0.007 0.005 0.008 1    
8:    0.008 0.005 0.007 0.009 0.004 0.006 0.007 0.007 0.007 0.019 0.006 0.006 0.011 0.005 0.042 0.009 0.006 0.793 0.011 0.004 0.004 0.008 0.006 0.005 0.004 1    
9:    0.006 0.008 0.015 0.008 0.008 0.009 0.013 0.008 0.007 0.020 0.008 0.014 0.012 0.012 0.043 0.023 0.024 0.621 0.006 0.026 0.008 0.084 0.007 0.006 0.006 1    
10:   0.203 0.004 0.010 0.012 0.043 0.004 0.008 0.476 0.031 0.022 0.008 0.015 0.010 0.010 0.017 0.005 0.007 0.016 0.005 0.015 0.004 0.007 0.055 0.006 0.008 1    
11:   0.007 0.004 0.010 0.028 0.134 0.007 0.013 0.497 0.006 0.012 0.006 0.010 0.008 0.057 0.030 0.050 0.021 0.030 0.006 0.009 0.009 0.017 0.011 0.006 0.010 1    
12:   0.130 0.004 0.006 0.015 0.033 0.011 0.019 0.609 0.017 0.004 0.018 0.006 0.004 0.030 0.004 0.008 0.012 0.013 0.004 0.015 0.005 0.013 0.007 0.004 0.008 1    
13:   0.016 0.006 0.015 0.054 0.082 0.017 0.022 0.545 0.006 0.009 0.006 0.024 0.005 0.032 0.007 0.053 0.009 0.016 0.004 0.017 0.015 0.010 0.005 0.010 0.015 1    
14:   0.041 0.004 0.006 0.015 0.022 0.009 0.007 0.682 0.007 0.005 0.014 0.011 0.003 0.034 0.012 0.013 0.027 0.012 0.007 0.031 0.009 0.008 0.007 0.006 0.010 1    
15:   0.079 0.005 0.005 0.016 0.103 0.006 0.007 0.617 0.006 0.005 0.008 0.006 0.013 0.012 0.009 0.011 0.020 0.011 0.005 0.006 0.009 0.014 0.006 0.010 0.011 1    
16:   0.143 0.004 0.004 0.003 0.014 0.003 0.004 0.730 0.005 0.004 0.007 0.004 0.007 0.006 0.005 0.004 0.011 0.004 0.004 0.006 0.006 0.005 0.006 0.004 0.007 1    
17:   0.013 0.004 0.008 0.007 0.100 0.006 0.006 0.587 0.008 0.011 0.004 0.007 0.022 0.007 0.014 0.094 0.012 0.009 0.011 0.012 0.005 0.009 0.005 0.007 0.031 1    
18:   0.210 0.005 0.007 0.009 0.034 0.003 0.006 0.591 0.017 0.007 0.008 0.007 0.015 0.019 0.005 0.006 0.008 0.005 0.004 0.005 0.005 0.007 0.009 0.005 0.004 1    
19:   0.053 0.004 0.007 0.006 0.088 0.004 0.010 0.677 0.005 0.006 0.004 0.005 0.008 0.007 0.010 0.045 0.007 0.008 0.007 0.006 0.005 0.010 0.005 0.004 0.008 1    
20:   0.069 0.004 0.004 0.003 0.090 0.005 0.004 0.707 0.004 0.003 0.008 0.010 0.004 0.010 0.010 0.003 0.007 0.007 0.005 0.013 0.005 0.004 0.006 0.003 0.009 1    
21:   0.106 0.012 0.012 0.021 0.022 0.010 0.017 0.447 0.018 0.013 0.006 0.015 0.030 0.043 0.011 0.112 0.020 0.005 0.011 0.007 0.010 0.009 0.005 0.019 0.019 1    
22:   0.177 0.003 0.005 0.007 0.012 0.011 0.008 0.653 0.014 0.004 0.011 0.008 0.005 0.009 0.003 0.010 0.006 0.008 0.004 0.015 0.004 0.007 0.005 0.003 0.009 1    
23:   0.023 0.021 0.017 0.044 0.121 0.007 0.050 0.061 0.071 0.009 0.012 0.054 0.010 0.009 0.015 0.008 0.025 0.007 0.010 0.004 0.033 0.048 0.005 0.312 0.023 1    
24:   0.040 0.028 0.005 0.013 0.029 0.004 0.005 0.023 0.012 0.007 0.113 0.006 0.030 0.005 0.006 0.020 0.007 0.023 0.024 0.069 0.035 0.042 0.112 0.328 0.014 1    
25:   0.278 0.003 0.005 0.006 0.005 0.007 0.005 0.570 0.004 0.009 0.003 0.017 0.005 0.006 0.006 0.004 0.005 0.012 0.004 0.017 0.007 0.005 0.005 0.006 0.005 1    
26:   0.273 0.009 0.008 0.004 0.005 0.003 0.005 0.610 0.011 0.003 0.005 0.005 0.005 0.003 0.003 0.005 0.006 0.004 0.006 0.004 0.004 0.005 0.007 0.005 0.004 1    
27:   0.236 0.008 0.009 0.007 0.004 0.004 0.004 0.569 0.012 0.008 0.005 0.012 0.015 0.004 0.004 0.004 0.017 0.006 0.008 0.023 0.010 0.007 0.011 0.007 0.007 1    
28:   0.257 0.012 0.007 0.006 0.004 0.004 0.005 0.581 0.008 0.005 0.005 0.013 0.012 0.005 0.005 0.003 0.008 0.006 0.007 0.013 0.010 0.006 0.006 0.004 0.005 1    
29:   0.195 0.005 0.004 0.004 0.006 0.002 0.005 0.654 0.006 0.004 0.007 0.007 0.003 0.006 0.008 0.005 0.022 0.004 0.010 0.010 0.005 0.005 0.004 0.006 0.013 1    
30:   0.296 0.003 0.008 0.007 0.007 0.003 0.007 0.571 0.006 0.005 0.004 0.006 0.004 0.004 0.005 0.007 0.008 0.006 0.007 0.009 0.004 0.004 0.006 0.006 0.007 1    
31:   0.318 0.004 0.006 0.013 0.004 0.003 0.005 0.530 0.007 0.004 0.003 0.009 0.006 0.003 0.005 0.005 0.018 0.004 0.007 0.007 0.004 0.006 0.014 0.005 0.011 1    
32:   0.241 0.010 0.010 0.005 0.003 0.003 0.006 0.593 0.008 0.004 0.006 0.010 0.008 0.004 0.004 0.003 0.006 0.004 0.010 0.029 0.007 0.005 0.008 0.008 0.006 1    
33:   0.021 0.008 0.005 0.005 0.070 0.010 0.012 0.091 0.012 0.009 0.156 0.083 0.357 0.009 0.003 0.017 0.008 0.016 0.005 0.012 0.005 0.024 0.005 0.007 0.050 1    
34:   0.013 0.006 0.007 0.010 0.131 0.006 0.008 0.087 0.012 0.008 0.006 0.011 0.554 0.030 0.008 0.006 0.008 0.011 0.004 0.010 0.016 0.029 0.006 0.007 0.005 1    
35:   0.048 0.009 0.018 0.009 0.124 0.020 0.006 0.394 0.010 0.022 0.013 0.025 0.051 0.030 0.011 0.061 0.015 0.036 0.005 0.022 0.008 0.034 0.007 0.005 0.018 1    
36:   0.051 0.011 0.033 0.015 0.171 0.032 0.005 0.159 0.030 0.039 0.019 0.013 0.209 0.018 0.013 0.058 0.009 0.036 0.009 0.012 0.017 0.014 0.011 0.009 0.007 1    
37:   0.009 0.044 0.010 0.006 0.566 0.008 0.012 0.009 0.028 0.019 0.009 0.011 0.015 0.010 0.004 0.010 0.007 0.061 0.041 0.012 0.081 0.007 0.010 0.006 0.005 1    
38:   0.051 0.011 0.024 0.049 0.016 0.006 0.030 0.016 0.014 0.028 0.011 0.010 0.328 0.009 0.012 0.015 0.007 0.119 0.009 0.049 0.086 0.062 0.013 0.019 0.007 1    
39:   0.042 0.006 0.006 0.008 0.321 0.008 0.016 0.163 0.006 0.004 0.009 0.006 0.007 0.040 0.004 0.027 0.011 0.027 0.015 0.027 0.020 0.004 0.160 0.005 0.057 1    
40:   0.047 0.011 0.011 0.008 0.102 0.008 0.014 0.080 0.205 0.013 0.004 0.012 0.272 0.028 0.011 0.035 0.012 0.042 0.005 0.004 0.032 0.015 0.010 0.011 0.006 1    
41:   0.005 0.013 0.005 0.007 0.280 0.008 0.012 0.010 0.011 0.010 0.005 0.009 0.019 0.016 0.003 0.029 0.008 0.028 0.041 0.013 0.394 0.012 0.044 0.005 0.014 1    
42:   0.023 0.013 0.008 0.006 0.078 0.013 0.011 0.028 0.093 0.019 0.030 0.015 0.075 0.009 0.004 0.132 0.014 0.048 0.046 0.033 0.176 0.016 0.043 0.010 0.058 1    
43:   0.014 0.027 0.025 0.006 0.576 0.006 0.009 0.037 0.036 0.010 0.009 0.038 0.014 0.023 0.005 0.061 0.009 0.018 0.006 0.019 0.018 0.006 0.006 0.012 0.012 1    
44:   0.041 0.015 0.032 0.006 0.333 0.012 0.007 0.056 0.304 0.010 0.034 0.044 0.007 0.009 0.004 0.012 0.007 0.008 0.005 0.009 0.008 0.009 0.005 0.008 0.013 1    
45:   0.005 0.009 0.007 0.004 0.801 0.007 0.007 0.009 0.053 0.007 0.004 0.007 0.004 0.008 0.003 0.009 0.006 0.011 0.006 0.003 0.006 0.009 0.004 0.004 0.006 1    
46:   0.015 0.011 0.025 0.010 0.664 0.046 0.009 0.013 0.019 0.009 0.007 0.027 0.005 0.007 0.004 0.005 0.005 0.037 0.014 0.012 0.011 0.004 0.014 0.005 0.024 1    
47:   0.015 0.057 0.006 0.016 0.378 0.007 0.008 0.018 0.042 0.014 0.006 0.020 0.018 0.026 0.008 0.006 0.005 0.026 0.020 0.005 0.216 0.012 0.052 0.005 0.013 1    
48:   0.010 0.011 0.005 0.006 0.604 0.013 0.013 0.011 0.014 0.009 0.003 0.007 0.053 0.026 0.006 0.033 0.008 0.057 0.011 0.019 0.034 0.016 0.022 0.003 0.007 1    
49:   0.040 0.006 0.036 0.020 0.022 0.041 0.015 0.030 0.150 0.020 0.004 0.020 0.025 0.022 0.009 0.028 0.010 0.268 0.017 0.039 0.030 0.020 0.097 0.007 0.024 1    
50:   0.046 0.007 0.038 0.020 0.029 0.049 0.013 0.026 0.126 0.018 0.004 0.021 0.028 0.018 0.011 0.034 0.011 0.251 0.018 0.034 0.035 0.024 0.098 0.007 0.034 1    
51:   0.013 0.004 0.017 0.011 0.005 0.009 0.005 0.008 0.009 0.005 0.009 0.193 0.012 0.003 0.007 0.004 0.009 0.012 0.040 0.048 0.005 0.012 0.006 0.010 0.542 1    
52:   0.030 0.003 0.076 0.008 0.004 0.075 0.013 0.030 0.006 0.039 0.004 0.245 0.049 0.009 0.019 0.007 0.009 0.037 0.106 0.156 0.010 0.006 0.004 0.005 0.050 1    
53:   0.126 0.004 0.011 0.034 0.007 0.017 0.011 0.020 0.023 0.022 0.003 0.260 0.021 0.005 0.013 0.005 0.009 0.033 0.092 0.021 0.009 0.008 0.021 0.007 0.218 1    
54:   0.055 0.005 0.083 0.016 0.004 0.049 0.012 0.014 0.011 0.014 0.004 0.271 0.027 0.004 0.004 0.004 0.005 0.020 0.055 0.060 0.014 0.012 0.011 0.007 0.239 1    
55:   0.035 0.004 0.026 0.006 0.005 0.007 0.009 0.033 0.009 0.022 0.005 0.235 0.088 0.008 0.017 0.005 0.021 0.026 0.133 0.182 0.011 0.009 0.006 0.004 0.092 1    
56:   0.049 0.005 0.014 0.007 0.006 0.009 0.008 0.110 0.010 0.035 0.004 0.312 0.011 0.010 0.009 0.006 0.007 0.026 0.070 0.110 0.020 0.003 0.012 0.006 0.143 1    
57:   0.032 0.004 0.014 0.027 0.005 0.074 0.005 0.010 0.013 0.043 0.003 0.338 0.063 0.003 0.005 0.003 0.009 0.005 0.036 0.076 0.010 0.007 0.013 0.006 0.195 1    
58:   0.015 0.007 0.008 0.015 0.003 0.020 0.007 0.011 0.004 0.021 0.008 0.198 0.056 0.004 0.032 0.004 0.032 0.023 0.113 0.017 0.011 0.005 0.010 0.018 0.358 1    
59:   0.013 0.004 0.010 0.012 0.007 0.012 0.005 0.018 0.007 0.006 0.005 0.183 0.006 0.003 0.005 0.006 0.008 0.017 0.013 0.024 0.005 0.005 0.009 0.006 0.613 1    
60:   0.449 0.005 0.005 0.005 0.004 0.005 0.008 0.012 0.018 0.012 0.004 0.004 0.015 0.004 0.003 0.006 0.013 0.017 0.009 0.006 0.013 0.346 0.032 0.005 0.003 1    
61:   0.079 0.010 0.019 0.039 0.012 0.005 0.031 0.102 0.018 0.017 0.020 0.014 0.032 0.012 0.006 0.006 0.007 0.010 0.004 0.004 0.006 0.516 0.009 0.005 0.014 1    
62:   0.076 0.009 0.013 0.041 0.013 0.013 0.033 0.042 0.023 0.010 0.022 0.010 0.041 0.018 0.006 0.007 0.005 0.022 0.005 0.004 0.011 0.535 0.018 0.005 0.018 1    
63:   0.113 0.009 0.009 0.071 0.020 0.008 0.007 0.120 0.033 0.021 0.005 0.012 0.202 0.009 0.010 0.007 0.018 0.011 0.006 0.004 0.009 0.251 0.026 0.006 0.013 1    
64:   0.225 0.016 0.006 0.020 0.005 0.031 0.021 0.020 0.015 0.008 0.004 0.008 0.021 0.014 0.003 0.008 0.012 0.027 0.007 0.003 0.015 0.437 0.052 0.007 0.016 1    
65:   0.019 0.006 0.008 0.018 0.019 0.006 0.008 0.034 0.011 0.016 0.007 0.007 0.082 0.013 0.004 0.005 0.005 0.005 0.003 0.004 0.004 0.678 0.027 0.004 0.008 1    
66:   0.276 0.008 0.004 0.004 0.010 0.006 0.009 0.095 0.037 0.010 0.006 0.004 0.031 0.006 0.003 0.006 0.013 0.022 0.020 0.014 0.012 0.271 0.123 0.004 0.003 1    
67:   0.040 0.005 0.008 0.019 0.014 0.009 0.014 0.029 0.016 0.009 0.008 0.005 0.127 0.007 0.005 0.010 0.004 0.016 0.007 0.003 0.013 0.590 0.030 0.005 0.006 1    
68:   0.274 0.039 0.010 0.009 0.008 0.016 0.038 0.069 0.070 0.008 0.004 0.014 0.014 0.011 0.004 0.007 0.016 0.036 0.011 0.004 0.018 0.208 0.099 0.007 0.007 1    
69:   0.812 0.004 0.009 0.005 0.005 0.010 0.009 0.033 0.006 0.005 0.003 0.013 0.006 0.006 0.003 0.005 0.004 0.007 0.009 0.006 0.008 0.005 0.007 0.010 0.009 1    
70:   0.578 0.005 0.012 0.019 0.008 0.032 0.014 0.010 0.009 0.018 0.003 0.110 0.015 0.012 0.004 0.008 0.006 0.016 0.005 0.011 0.013 0.009 0.007 0.062 0.014 1    
71:   0.346 0.008 0.005 0.005 0.004 0.006 0.004 0.314 0.004 0.004 0.007 0.009 0.004 0.003 0.012 0.004 0.007 0.007 0.160 0.008 0.006 0.004 0.014 0.045 0.010 1    
72:   0.410 0.005 0.015 0.007 0.005 0.012 0.011 0.338 0.007 0.029 0.003 0.018 0.008 0.012 0.020 0.009 0.012 0.015 0.015 0.007 0.009 0.008 0.008 0.009 0.007 1    
73:   0.868 0.003 0.005 0.004 0.006 0.006 0.007 0.020 0.006 0.004 0.003 0.007 0.004 0.004 0.003 0.004 0.003 0.009 0.004 0.003 0.006 0.004 0.003 0.006 0.004 1    
74:   0.765 0.007 0.004 0.008 0.004 0.005 0.004 0.014 0.004 0.004 0.007 0.005 0.026 0.004 0.009 0.007 0.022 0.008 0.034 0.008 0.005 0.011 0.009 0.017 0.009 1    
75:   0.253 0.019 0.010 0.005 0.006 0.006 0.006 0.433 0.004 0.008 0.005 0.018 0.003 0.006 0.011 0.005 0.006 0.007 0.109 0.010 0.005 0.006 0.010 0.016 0.032 1    
76:   0.857 0.005 0.004 0.005 0.004 0.004 0.004 0.007 0.005 0.003 0.004 0.004 0.003 0.003 0.006 0.007 0.010 0.009 0.029 0.003 0.003 0.004 0.008 0.006 0.005 1    
77:   0.795 0.009 0.005 0.005 0.006 0.005 0.004 0.051 0.005 0.003 0.009 0.006 0.004 0.003 0.004 0.004 0.004 0.008 0.024 0.005 0.004 0.004 0.010 0.011 0.011 1    
78:   0.784 0.008 0.007 0.009 0.004 0.005 0.008 0.007 0.007 0.008 0.003 0.007 0.009 0.004 0.007 0.006 0.032 0.009 0.033 0.003 0.004 0.005 0.013 0.008 0.009 1    
79:   0.620 0.005 0.006 0.007 0.004 0.007 0.004 0.046 0.004 0.006 0.004 0.007 0.003 0.004 0.022 0.004 0.008 0.016 0.157 0.005 0.007 0.005 0.025 0.011 0.012 1    
80:   0.831 0.006 0.005 0.007 0.004 0.005 0.005 0.007 0.010 0.006 0.003 0.011 0.004 0.003 0.004 0.005 0.010 0.006 0.019 0.003 0.005 0.004 0.009 0.018 0.012 1    
81:   0.879 0.003 0.003 0.011 0.004 0.005 0.004 0.006 0.004 0.005 0.003 0.005 0.006 0.003 0.006 0.003 0.004 0.008 0.009 0.004 0.006 0.005 0.008 0.004 0.004 1    
82:   0.811 0.010 0.008 0.006 0.004 0.005 0.007 0.011 0.008 0.006 0.003 0.010 0.006 0.003 0.003 0.006 0.011 0.009 0.021 0.004 0.004 0.003 0.007 0.020 0.012 1    
83:   0.327 0.004 0.009 0.006 0.005 0.010 0.007 0.444 0.005 0.016 0.003 0.015 0.007 0.008 0.031 0.007 0.008 0.040 0.008 0.005 0.008 0.010 0.006 0.006 0.005 1    
84:   0.135 0.017 0.016 0.007 0.009 0.010 0.006 0.354 0.006 0.011 0.007 0.062 0.008 0.013 0.046 0.008 0.050 0.012 0.045 0.009 0.006 0.009 0.024 0.011 0.117 1    
85:   0.814 0.009 0.007 0.008 0.006 0.013 0.006 0.022 0.006 0.005 0.007 0.009 0.004 0.012 0.004 0.008 0.004 0.017 0.004 0.005 0.006 0.005 0.008 0.007 0.005 1    
86:   0.035 0.010 0.089 0.186 0.035 0.010 0.016 0.027 0.017 0.018 0.013 0.049 0.017 0.039 0.016 0.009 0.020 0.089 0.005 0.189 0.048 0.010 0.020 0.015 0.018 1    
87:   0.775 0.008 0.009 0.016 0.006 0.053 0.006 0.023 0.009 0.006 0.005 0.012 0.004 0.008 0.005 0.005 0.004 0.008 0.003 0.004 0.005 0.009 0.006 0.005 0.005 1    
88:   0.031 0.009 0.038 0.016 0.020 0.069 0.009 0.023 0.008 0.009 0.043 0.088 0.012 0.005 0.033 0.014 0.215 0.090 0.024 0.007 0.020 0.008 0.005 0.182 0.022 1    
89:   0.333 0.006 0.015 0.007 0.007 0.033 0.005 0.371 0.008 0.015 0.007 0.047 0.006 0.006 0.019 0.005 0.010 0.023 0.006 0.008 0.009 0.032 0.005 0.011 0.006 1    
90:   0.013 0.011 0.145 0.009 0.016 0.027 0.015 0.019 0.012 0.024 0.015 0.086 0.011 0.009 0.060 0.011 0.042 0.037 0.018 0.011 0.014 0.012 0.011 0.252 0.120 1    
91:   0.808 0.007 0.007 0.007 0.008 0.005 0.008 0.019 0.008 0.005 0.006 0.009 0.008 0.005 0.009 0.011 0.010 0.010 0.009 0.005 0.009 0.007 0.006 0.010 0.006 1    
92:   0.016 0.017 0.098 0.067 0.045 0.015 0.020 0.015 0.009 0.022 0.009 0.292 0.010 0.033 0.015 0.016 0.022 0.014 0.007 0.012 0.014 0.008 0.009 0.181 0.033 1    
93:   0.767 0.005 0.014 0.012 0.008 0.007 0.007 0.030 0.006 0.010 0.004 0.016 0.006 0.004 0.009 0.006 0.011 0.015 0.004 0.005 0.010 0.008 0.008 0.018 0.008 1    
94:   0.041 0.014 0.021 0.239 0.029 0.031 0.021 0.011 0.014 0.019 0.008 0.317 0.029 0.030 0.010 0.006 0.011 0.019 0.006 0.015 0.027 0.011 0.019 0.038 0.013 1    
95:   0.863 0.005 0.006 0.010 0.004 0.009 0.005 0.007 0.005 0.006 0.003 0.005 0.004 0.006 0.004 0.008 0.005 0.008 0.005 0.003 0.008 0.005 0.006 0.007 0.005 1    
96:   0.512 0.013 0.013 0.007 0.007 0.098 0.005 0.131 0.007 0.009 0.009 0.068 0.005 0.006 0.015 0.004 0.008 0.015 0.007 0.005 0.019 0.009 0.005 0.016 0.008 1    
97:   0.231 0.010 0.009 0.011 0.010 0.008 0.007 0.414 0.005 0.011 0.015 0.041 0.009 0.009 0.045 0.007 0.040 0.015 0.013 0.010 0.021 0.006 0.008 0.036 0.008 1    
98:   0.520 0.005 0.005 0.016 0.029 0.008 0.011 0.228 0.004 0.004 0.032 0.013 0.004 0.014 0.008 0.006 0.007 0.008 0.017 0.008 0.005 0.009 0.020 0.008 0.011 1    
99:   0.449 0.012 0.009 0.017 0.007 0.014 0.006 0.284 0.006 0.008 0.021 0.013 0.006 0.004 0.006 0.012 0.004 0.006 0.007 0.007 0.004 0.034 0.009 0.008 0.049 1    
100:  0.263 0.010 0.006 0.023 0.010 0.019 0.004 0.277 0.005 0.008 0.134 0.005 0.005 0.004 0.068 0.010 0.003 0.047 0.033 0.015 0.007 0.011 0.010 0.008 0.013 1    
101:  0.352 0.007 0.008 0.027 0.033 0.010 0.008 0.289 0.005 0.006 0.093 0.008 0.005 0.029 0.012 0.007 0.007 0.015 0.010 0.024 0.004 0.018 0.011 0.005 0.007 1    
102:  0.254 0.010 0.007 0.019 0.013 0.016 0.010 0.338 0.004 0.007 0.136 0.008 0.003 0.037 0.029 0.011 0.008 0.010 0.024 0.008 0.013 0.008 0.009 0.012 0.006 1    
103:  0.184 0.022 0.006 0.010 0.005 0.021 0.005 0.357 0.006 0.009 0.209 0.005 0.004 0.005 0.033 0.015 0.005 0.020 0.033 0.011 0.005 0.011 0.007 0.005 0.008 1    
104:  0.415 0.015 0.010 0.015 0.007 0.013 0.007 0.286 0.005 0.007 0.025 0.012 0.007 0.006 0.006 0.016 0.004 0.005 0.007 0.007 0.003 0.076 0.009 0.004 0.033 1    
105:  0.451 0.006 0.005 0.012 0.043 0.009 0.011 0.180 0.006 0.003 0.162 0.006 0.005 0.018 0.009 0.006 0.007 0.014 0.008 0.008 0.004 0.013 0.008 0.005 0.004 1    
106:  0.006 0.014 0.026 0.007 0.010 0.008 0.008 0.023 0.008 0.005 0.008 0.018 0.008 0.029 0.010 0.011 0.502 0.008 0.006 0.070 0.005 0.012 0.019 0.015 0.164 1    
107:  0.005 0.006 0.022 0.008 0.013 0.003 0.008 0.031 0.006 0.006 0.006 0.023 0.004 0.005 0.009 0.006 0.231 0.005 0.007 0.031 0.005 0.006 0.006 0.022 0.525 1    
108:  0.007 0.098 0.042 0.046 0.020 0.006 0.015 0.021 0.026 0.005 0.014 0.013 0.027 0.088 0.009 0.009 0.040 0.008 0.006 0.287 0.017 0.011 0.035 0.113 0.039 1    
109:  0.006 0.015 0.030 0.063 0.042 0.003 0.005 0.034 0.041 0.007 0.006 0.010 0.068 0.027 0.014 0.006 0.261 0.012 0.003 0.214 0.042 0.014 0.012 0.018 0.045 1    
110:  0.006 0.015 0.009 0.036 0.011 0.012 0.011 0.011 0.012 0.006 0.009 0.019 0.054 0.069 0.008 0.005 0.417 0.006 0.006 0.071 0.022 0.022 0.127 0.015 0.021 1    
111:  0.006 0.062 0.023 0.012 0.008 0.007 0.005 0.009 0.010 0.006 0.047 0.009 0.049 0.039 0.021 0.006 0.083 0.007 0.005 0.111 0.010 0.022 0.040 0.386 0.016 1    
112:  0.005 0.012 0.012 0.010 0.021 0.005 0.010 0.019 0.009 0.006 0.007 0.011 0.007 0.011 0.012 0.006 0.546 0.008 0.009 0.020 0.009 0.008 0.008 0.022 0.208 1    
113:  0.005 0.030 0.011 0.013 0.011 0.009 0.009 0.016 0.014 0.004 0.009 0.010 0.041 0.107 0.008 0.005 0.452 0.008 0.004 0.149 0.007 0.022 0.027 0.014 0.015 1    
114:  0.014 0.005 0.029 0.006 0.016 0.310 0.004 0.014 0.004 0.006 0.009 0.466 0.004 0.005 0.005 0.003 0.004 0.027 0.006 0.009 0.012 0.005 0.011 0.013 0.014 1    
115:  0.099 0.009 0.012 0.008 0.020 0.064 0.006 0.156 0.007 0.007 0.081 0.324 0.047 0.008 0.018 0.007 0.008 0.029 0.026 0.013 0.008 0.009 0.006 0.008 0.022 1    
116:  0.007 0.012 0.058 0.009 0.008 0.043 0.005 0.026 0.005 0.032 0.066 0.591 0.005 0.014 0.008 0.004 0.006 0.010 0.011 0.022 0.022 0.004 0.009 0.014 0.010 1    
117:  0.222 0.006 0.019 0.017 0.035 0.016 0.015 0.213 0.012 0.009 0.035 0.109 0.026 0.006 0.018 0.011 0.012 0.078 0.017 0.008 0.028 0.037 0.005 0.016 0.029 1    
118:  0.010 0.006 0.023 0.012 0.015 0.187 0.005 0.007 0.010 0.006 0.012 0.619 0.013 0.006 0.004 0.005 0.004 0.016 0.007 0.004 0.009 0.007 0.004 0.005 0.008 1    
119:  0.543 0.007 0.006 0.010 0.008 0.010 0.007 0.007 0.010 0.006 0.006 0.088 0.139 0.003 0.004 0.006 0.004 0.035 0.026 0.004 0.035 0.006 0.003 0.016 0.011 1    
120:  0.017 0.007 0.024 0.008 0.015 0.106 0.009 0.034 0.006 0.024 0.020 0.531 0.005 0.011 0.010 0.005 0.006 0.045 0.019 0.019 0.031 0.004 0.009 0.023 0.013 1    
121:  0.370 0.012 0.008 0.014 0.039 0.009 0.008 0.083 0.063 0.010 0.006 0.080 0.154 0.009 0.004 0.005 0.007 0.012 0.007 0.006 0.029 0.007 0.024 0.025 0.008 1    
122:  0.010 0.005 0.007 0.005 0.008 0.226 0.006 0.004 0.006 0.006 0.005 0.629 0.013 0.007 0.003 0.005 0.003 0.013 0.005 0.003 0.010 0.005 0.003 0.006 0.006 1    
123:  0.519 0.006 0.013 0.011 0.024 0.016 0.007 0.058 0.009 0.005 0.054 0.039 0.009 0.004 0.008 0.008 0.007 0.079 0.029 0.007 0.023 0.012 0.005 0.036 0.012 1    
124:  0.005 0.004 0.076 0.006 0.008 0.162 0.005 0.008 0.004 0.005 0.007 0.630 0.007 0.006 0.004 0.003 0.005 0.010 0.005 0.006 0.005 0.005 0.006 0.004 0.014 1    
125:  0.040 0.010 0.009 0.029 0.018 0.010 0.012 0.017 0.024 0.017 0.006 0.481 0.205 0.012 0.008 0.009 0.007 0.014 0.009 0.005 0.023 0.017 0.004 0.007 0.009 1    
126:  0.029 0.008 0.040 0.041 0.030 0.089 0.007 0.017 0.013 0.014 0.036 0.500 0.012 0.005 0.007 0.005 0.005 0.043 0.009 0.007 0.028 0.028 0.006 0.013 0.008 1    
127:  0.425 0.014 0.008 0.006 0.011 0.010 0.011 0.073 0.012 0.008 0.010 0.114 0.099 0.009 0.008 0.011 0.006 0.055 0.043 0.008 0.013 0.013 0.005 0.007 0.023 1    
128:  0.013 0.007 0.025 0.037 0.010 0.031 0.007 0.008 0.005 0.032 0.014 0.619 0.032 0.009 0.011 0.005 0.007 0.016 0.015 0.011 0.058 0.005 0.006 0.012 0.006 1    
129:  0.057 0.024 0.023 0.016 0.116 0.024 0.013 0.075 0.054 0.011 0.089 0.243 0.020 0.011 0.009 0.006 0.010 0.033 0.013 0.016 0.053 0.026 0.019 0.012 0.028 1    
130:  0.020 0.006 0.011 0.014 0.018 0.212 0.009 0.014 0.009 0.008 0.012 0.540 0.009 0.006 0.008 0.005 0.004 0.018 0.008 0.016 0.019 0.006 0.008 0.012 0.008 1    
131:  0.005 0.016 0.040 0.008 0.576 0.011 0.010 0.015 0.006 0.009 0.014 0.017 0.004 0.101 0.033 0.056 0.012 0.013 0.019 0.006 0.004 0.008 0.005 0.006 0.007 1    
132:  0.006 0.011 0.022 0.011 0.730 0.020 0.008 0.011 0.011 0.012 0.007 0.012 0.003 0.043 0.011 0.007 0.007 0.007 0.007 0.006 0.004 0.013 0.011 0.006 0.012 1    
133:  0.004 0.006 0.013 0.013 0.806 0.009 0.008 0.007 0.008 0.011 0.006 0.006 0.003 0.020 0.011 0.006 0.007 0.006 0.005 0.005 0.005 0.013 0.009 0.005 0.008 1    
134:  0.004 0.003 0.008 0.008 0.810 0.003 0.005 0.019 0.006 0.010 0.003 0.005 0.005 0.008 0.011 0.028 0.017 0.005 0.006 0.004 0.004 0.004 0.007 0.011 0.006 1    
135:  0.004 0.004 0.008 0.004 0.852 0.004 0.005 0.008 0.006 0.008 0.004 0.006 0.006 0.010 0.014 0.008 0.010 0.005 0.007 0.004 0.003 0.005 0.004 0.004 0.005 1    
136:  0.005 0.007 0.010 0.005 0.787 0.004 0.005 0.021 0.008 0.008 0.006 0.004 0.007 0.016 0.023 0.012 0.013 0.006 0.013 0.004 0.005 0.010 0.004 0.009 0.005 1    
137:  0.009 0.005 0.007 0.011 0.800 0.006 0.005 0.021 0.008 0.005 0.005 0.011 0.005 0.010 0.008 0.007 0.014 0.009 0.005 0.005 0.004 0.016 0.010 0.004 0.009 1    
138:  0.017 0.007 0.010 0.006 0.574 0.006 0.007 0.100 0.010 0.006 0.006 0.008 0.015 0.014 0.043 0.075 0.025 0.014 0.009 0.006 0.004 0.017 0.005 0.007 0.007 1    
139:  0.024 0.010 0.006 0.004 0.638 0.005 0.007 0.014 0.009 0.005 0.016 0.058 0.030 0.005 0.005 0.009 0.004 0.026 0.054 0.009 0.024 0.008 0.006 0.008 0.016 1    
140:  0.011 0.013 0.004 0.004 0.543 0.004 0.008 0.014 0.006 0.006 0.020 0.020 0.069 0.006 0.005 0.009 0.004 0.144 0.059 0.003 0.013 0.011 0.007 0.004 0.015 1    
141:  0.007 0.009 0.012 0.009 0.004 0.011 0.012 0.011 0.004 0.008 0.016 0.005 0.011 0.028 0.014 0.013 0.722 0.010 0.007 0.013 0.007 0.031 0.011 0.005 0.019 1    
142:  0.006 0.005 0.007 0.005 0.004 0.004 0.003 0.006 0.008 0.009 0.005 0.005 0.003 0.006 0.006 0.007 0.861 0.006 0.004 0.005 0.005 0.005 0.008 0.011 0.005 1    
143:  0.010 0.007 0.009 0.010 0.009 0.005 0.014 0.010 0.020 0.005 0.008 0.053 0.021 0.012 0.008 0.009 0.626 0.006 0.026 0.008 0.005 0.048 0.008 0.008 0.056 1    
144:  0.006 0.004 0.008 0.005 0.005 0.005 0.005 0.010 0.010 0.008 0.004 0.008 0.008 0.006 0.011 0.018 0.782 0.004 0.036 0.009 0.004 0.010 0.008 0.005 0.019 1    
145:  0.032 0.005 0.007 0.006 0.015 0.005 0.008 0.027 0.051 0.006 0.004 0.014 0.012 0.029 0.005 0.007 0.685 0.008 0.010 0.004 0.006 0.014 0.006 0.009 0.027 1    
146:  0.007 0.011 0.010 0.012 0.005 0.004 0.009 0.011 0.011 0.012 0.006 0.007 0.005 0.016 0.034 0.022 0.729 0.010 0.010 0.007 0.007 0.015 0.018 0.011 0.008 1    
147:  0.007 0.007 0.020 0.014 0.014 0.135 0.034 0.028 0.128 0.136 0.005 0.012 0.007 0.012 0.015 0.057 0.023 0.068 0.018 0.007 0.023 0.012 0.141 0.005 0.072 1    
148:  0.051 0.006 0.048 0.019 0.013 0.039 0.013 0.020 0.015 0.059 0.013 0.014 0.005 0.006 0.009 0.021 0.042 0.330 0.140 0.021 0.012 0.037 0.046 0.008 0.011 1    
149:  0.016 0.004 0.025 0.005 0.041 0.009 0.005 0.062 0.007 0.010 0.021 0.006 0.006 0.008 0.010 0.029 0.008 0.333 0.007 0.005 0.008 0.006 0.335 0.004 0.030 1    
150:  0.011 0.004 0.009 0.010 0.007 0.013 0.009 0.018 0.005 0.370 0.007 0.007 0.007 0.007 0.008 0.397 0.008 0.015 0.030 0.010 0.005 0.008 0.020 0.006 0.007 1    
151:  0.128 0.007 0.015 0.021 0.005 0.016 0.028 0.016 0.030 0.067 0.005 0.014 0.009 0.005 0.009 0.022 0.010 0.389 0.116 0.004 0.007 0.006 0.055 0.006 0.009 1    
152:  0.067 0.004 0.058 0.013 0.013 0.066 0.007 0.044 0.007 0.012 0.005 0.030 0.008 0.004 0.005 0.004 0.006 0.336 0.011 0.004 0.004 0.012 0.266 0.004 0.008 1    
153:  0.552 0.006 0.012 0.021 0.048 0.042 0.006 0.068 0.009 0.009 0.009 0.015 0.010 0.003 0.007 0.057 0.007 0.016 0.043 0.003 0.006 0.009 0.028 0.006 0.008 1    
154:  0.006 0.011 0.313 0.017 0.029 0.007 0.029 0.010 0.049 0.076 0.008 0.289 0.016 0.014 0.019 0.009 0.017 0.011 0.014 0.006 0.009 0.016 0.005 0.006 0.015 1    
155:  0.026 0.022 0.083 0.034 0.022 0.010 0.048 0.021 0.014 0.070 0.032 0.186 0.024 0.009 0.079 0.007 0.035 0.008 0.011 0.008 0.006 0.038 0.005 0.177 0.026 1    
156:  0.018 0.009 0.408 0.033 0.021 0.006 0.234 0.017 0.008 0.007 0.004 0.079 0.004 0.007 0.013 0.036 0.009 0.004 0.006 0.005 0.004 0.009 0.005 0.044 0.012 1    
157:  0.005 0.013 0.253 0.008 0.016 0.011 0.119 0.012 0.015 0.127 0.011 0.229 0.006 0.009 0.045 0.009 0.009 0.010 0.010 0.015 0.005 0.013 0.004 0.016 0.029 1    
158:  0.034 0.014 0.177 0.034 0.017 0.010 0.008 0.020 0.016 0.024 0.010 0.486 0.008 0.013 0.012 0.006 0.010 0.004 0.006 0.004 0.007 0.007 0.005 0.055 0.012 1    
159:  0.011 0.006 0.012 0.008 0.009 0.011 0.016 0.036 0.021 0.024 0.007 0.065 0.017 0.010 0.005 0.008 0.016 0.005 0.004 0.016 0.006 0.016 0.006 0.010 0.656 1    
160:  0.013 0.004 0.038 0.014 0.021 0.033 0.012 0.016 0.026 0.028 0.005 0.141 0.022 0.011 0.010 0.007 0.137 0.016 0.005 0.006 0.007 0.021 0.011 0.037 0.357 1    
161:  0.009 0.007 0.012 0.005 0.019 0.015 0.011 0.038 0.016 0.007 0.008 0.115 0.008 0.015 0.004 0.009 0.018 0.007 0.006 0.030 0.004 0.012 0.010 0.009 0.604 1    
162:  0.013 0.006 0.009 0.013 0.005 0.011 0.012 0.014 0.012 0.013 0.006 0.083 0.043 0.007 0.012 0.006 0.019 0.010 0.005 0.018 0.008 0.028 0.005 0.007 0.635 1    
163:  0.006 0.004 0.013 0.009 0.015 0.020 0.010 0.009 0.005 0.013 0.006 0.082 0.004 0.006 0.009 0.008 0.016 0.009 0.004 0.006 0.007 0.006 0.005 0.010 0.718 1    
164:  0.005 0.008 0.059 0.020 0.038 0.016 0.009 0.018 0.024 0.043 0.008 0.088 0.006 0.013 0.012 0.007 0.019 0.010 0.006 0.007 0.007 0.007 0.011 0.012 0.546 1    
165:  0.012 0.015 0.007 0.006 0.008 0.014 0.015 0.014 0.022 0.009 0.008 0.167 0.097 0.013 0.005 0.008 0.009 0.006 0.004 0.029 0.007 0.025 0.005 0.005 0.489 1    
166:  0.006 0.005 0.010 0.004 0.009 0.044 0.020 0.012 0.005 0.010 0.009 0.085 0.016 0.006 0.004 0.006 0.011 0.005 0.005 0.018 0.027 0.010 0.005 0.005 0.661 1    
167:  0.010 0.004 0.008 0.008 0.009 0.008 0.016 0.025 0.016 0.019 0.007 0.066 0.008 0.007 0.004 0.010 0.009 0.005 0.005 0.021 0.005 0.011 0.005 0.010 0.703 1    
168:  0.534 0.010 0.006 0.044 0.013 0.026 0.003 0.013 0.011 0.014 0.013 0.015 0.101 0.021 0.004 0.006 0.022 0.024 0.003 0.009 0.041 0.014 0.012 0.036 0.004 1    
169:  0.802 0.005 0.006 0.025 0.008 0.007 0.004 0.004 0.008 0.010 0.005 0.012 0.009 0.007 0.004 0.004 0.005 0.004 0.003 0.004 0.024 0.006 0.009 0.023 0.003 1    
170:  0.827 0.004 0.006 0.017 0.004 0.015 0.003 0.005 0.006 0.006 0.005 0.007 0.012 0.006 0.002 0.005 0.006 0.012 0.004 0.004 0.007 0.004 0.006 0.020 0.003 1    
171:  0.758 0.004 0.003 0.013 0.005 0.008 0.004 0.006 0.004 0.004 0.005 0.008 0.034 0.004 0.003 0.004 0.006 0.028 0.003 0.014 0.010 0.007 0.005 0.056 0.003 1    
172:  0.591 0.005 0.012 0.029 0.049 0.018 0.004 0.008 0.015 0.008 0.011 0.008 0.011 0.022 0.009 0.051 0.055 0.009 0.005 0.005 0.008 0.008 0.008 0.047 0.004 1    
173:  0.555 0.004 0.008 0.032 0.085 0.011 0.005 0.021 0.015 0.005 0.012 0.008 0.018 0.010 0.008 0.023 0.084 0.007 0.008 0.006 0.010 0.007 0.009 0.046 0.005 1    
174:  0.707 0.005 0.004 0.012 0.004 0.010 0.005 0.009 0.008 0.006 0.012 0.005 0.062 0.009 0.003 0.006 0.017 0.022 0.004 0.015 0.013 0.013 0.009 0.036 0.004 1    
175:  0.663 0.003 0.004 0.010 0.057 0.011 0.003 0.025 0.004 0.003 0.016 0.009 0.013 0.010 0.008 0.015 0.024 0.010 0.006 0.021 0.009 0.018 0.007 0.047 0.004 1    
176:  0.811 0.004 0.004 0.022 0.005 0.014 0.003 0.007 0.008 0.006 0.004 0.005 0.015 0.005 0.003 0.006 0.008 0.014 0.004 0.004 0.009 0.006 0.005 0.024 0.003 1    
177:  0.005 0.013 0.027 0.025 0.012 0.005 0.005 0.010 0.009 0.551 0.015 0.017 0.011 0.047 0.032 0.012 0.043 0.010 0.008 0.027 0.039 0.015 0.024 0.025 0.014 1    
178:  0.010 0.036 0.030 0.017 0.005 0.014 0.004 0.011 0.006 0.282 0.013 0.024 0.008 0.317 0.029 0.023 0.034 0.007 0.004 0.029 0.022 0.011 0.032 0.011 0.021 1    
179:  0.011 0.230 0.007 0.012 0.013 0.012 0.016 0.038 0.016 0.023 0.007 0.029 0.018 0.162 0.027 0.009 0.010 0.038 0.006 0.027 0.246 0.013 0.011 0.014 0.006 1    
180:  0.007 0.026 0.038 0.048 0.008 0.008 0.007 0.016 0.015 0.350 0.008 0.023 0.015 0.118 0.136 0.020 0.011 0.013 0.007 0.024 0.054 0.011 0.022 0.010 0.007 1    
181:  0.008 0.165 0.018 0.020 0.017 0.010 0.009 0.011 0.004 0.027 0.009 0.008 0.005 0.324 0.167 0.039 0.022 0.010 0.005 0.019 0.023 0.012 0.029 0.033 0.005 1    
182:  0.007 0.157 0.040 0.019 0.009 0.014 0.005 0.018 0.011 0.151 0.028 0.024 0.014 0.184 0.051 0.016 0.018 0.020 0.004 0.096 0.058 0.010 0.022 0.015 0.010 1    
183:  0.005 0.041 0.016 0.020 0.021 0.006 0.009 0.010 0.005 0.108 0.008 0.012 0.006 0.288 0.136 0.147 0.025 0.007 0.016 0.014 0.030 0.021 0.023 0.011 0.013 1    
184:  0.007 0.176 0.017 0.012 0.023 0.009 0.006 0.008 0.007 0.161 0.006 0.039 0.009 0.331 0.051 0.028 0.008 0.010 0.004 0.027 0.033 0.006 0.009 0.008 0.007 1    
185:  0.007 0.099 0.034 0.011 0.006 0.039 0.012 0.020 0.006 0.110 0.019 0.048 0.012 0.050 0.039 0.034 0.015 0.030 0.010 0.096 0.095 0.049 0.096 0.013 0.048 1    
186:  0.013 0.006 0.016 0.034 0.689 0.009 0.003 0.008 0.013 0.005 0.057 0.016 0.009 0.012 0.004 0.006 0.023 0.019 0.004 0.010 0.017 0.009 0.007 0.008 0.005 1    
187:  0.047 0.014 0.009 0.126 0.440 0.012 0.009 0.036 0.015 0.011 0.040 0.012 0.019 0.011 0.012 0.020 0.048 0.015 0.009 0.012 0.011 0.021 0.016 0.031 0.006 1    
188:  0.006 0.013 0.035 0.023 0.590 0.004 0.007 0.006 0.007 0.006 0.169 0.010 0.005 0.011 0.019 0.023 0.010 0.005 0.011 0.004 0.006 0.011 0.004 0.007 0.009 1    
189:  0.004 0.005 0.012 0.064 0.772 0.004 0.007 0.008 0.004 0.004 0.020 0.008 0.003 0.008 0.011 0.010 0.005 0.004 0.013 0.004 0.006 0.006 0.005 0.009 0.006 1    
190:  0.008 0.007 0.012 0.079 0.709 0.004 0.008 0.009 0.009 0.003 0.015 0.010 0.006 0.007 0.006 0.004 0.024 0.008 0.008 0.004 0.011 0.007 0.005 0.029 0.007 1    
191:  0.007 0.005 0.079 0.031 0.596 0.006 0.006 0.006 0.010 0.016 0.033 0.049 0.008 0.012 0.007 0.009 0.013 0.008 0.008 0.016 0.013 0.030 0.005 0.019 0.008 1    
192:  0.006 0.003 0.004 0.004 0.007 0.004 0.007 0.008 0.007 0.006 0.004 0.006 0.009 0.004 0.838 0.006 0.029 0.009 0.005 0.005 0.006 0.005 0.004 0.006 0.006 1    
193:  0.021 0.007 0.029 0.362 0.152 0.012 0.016 0.015 0.028 0.028 0.032 0.084 0.012 0.013 0.006 0.006 0.021 0.030 0.004 0.006 0.016 0.012 0.006 0.069 0.011 1    
194:  0.015 0.009 0.005 0.020 0.040 0.005 0.005 0.041 0.021 0.016 0.004 0.010 0.333 0.010 0.007 0.006 0.017 0.012 0.011 0.353 0.016 0.006 0.011 0.023 0.004 1    
195:  0.024 0.009 0.007 0.061 0.016 0.032 0.008 0.026 0.006 0.097 0.041 0.050 0.039 0.016 0.012 0.005 0.006 0.028 0.007 0.390 0.077 0.008 0.006 0.021 0.009 1    
196:  0.026 0.009 0.004 0.013 0.023 0.004 0.007 0.057 0.016 0.020 0.005 0.007 0.189 0.006 0.005 0.004 0.012 0.032 0.007 0.504 0.013 0.006 0.015 0.011 0.007 1    
197:  0.020 0.011 0.007 0.013 0.013 0.023 0.008 0.017 0.003 0.008 0.020 0.021 0.029 0.046 0.015 0.011 0.009 0.016 0.008 0.492 0.123 0.050 0.007 0.015 0.014 1    
198:  0.014 0.009 0.007 0.042 0.021 0.006 0.006 0.026 0.014 0.044 0.008 0.020 0.084 0.011 0.016 0.012 0.011 0.010 0.012 0.509 0.064 0.007 0.007 0.034 0.007 1    
199:  0.014 0.007 0.005 0.006 0.015 0.010 0.011 0.064 0.007 0.014 0.006 0.010 0.176 0.016 0.007 0.011 0.007 0.019 0.009 0.499 0.015 0.011 0.044 0.007 0.009 1    
200:  0.007 0.041 0.044 0.026 0.165 0.004 0.012 0.027 0.287 0.006 0.021 0.035 0.006 0.109 0.008 0.012 0.044 0.007 0.033 0.009 0.019 0.011 0.018 0.009 0.041 1    
201:  0.036 0.080 0.051 0.078 0.036 0.012 0.010 0.100 0.045 0.020 0.007 0.054 0.015 0.041 0.059 0.013 0.094 0.014 0.023 0.011 0.009 0.061 0.074 0.012 0.045 1    
202:  0.022 0.049 0.074 0.038 0.097 0.037 0.014 0.016 0.116 0.010 0.050 0.289 0.008 0.019 0.005 0.016 0.005 0.031 0.016 0.006 0.021 0.025 0.008 0.009 0.017 1    
203:  0.017 0.003 0.005 0.008 0.863 0.005 0.004 0.006 0.005 0.004 0.006 0.006 0.003 0.004 0.004 0.005 0.004 0.010 0.005 0.004 0.005 0.005 0.007 0.006 0.005 1    
204:  0.015 0.003 0.005 0.133 0.677 0.005 0.009 0.009 0.012 0.006 0.005 0.012 0.006 0.011 0.005 0.009 0.009 0.014 0.006 0.005 0.011 0.008 0.009 0.008 0.007 1    
205:  0.008 0.046 0.101 0.019 0.012 0.005 0.010 0.008 0.497 0.011 0.020 0.051 0.058 0.009 0.005 0.010 0.024 0.011 0.023 0.005 0.019 0.016 0.014 0.007 0.012 1    
206:  0.032 0.005 0.004 0.088 0.669 0.006 0.005 0.010 0.016 0.006 0.007 0.014 0.013 0.011 0.006 0.006 0.021 0.013 0.006 0.005 0.011 0.008 0.023 0.008 0.008 1    
207:  0.007 0.004 0.011 0.011 0.006 0.005 0.005 0.004 0.006 0.007 0.007 0.009 0.009 0.005 0.009 0.005 0.007 0.004 0.007 0.006 0.007 0.834 0.009 0.008 0.009 1    
208:  0.006 0.009 0.006 0.007 0.013 0.007 0.005 0.007 0.024 0.011 0.006 0.009 0.013 0.012 0.005 0.007 0.016 0.007 0.006 0.017 0.006 0.783 0.008 0.005 0.008 1    
209:  0.013 0.011 0.008 0.017 0.006 0.005 0.010 0.006 0.007 0.006 0.012 0.004 0.011 0.003 0.006 0.012 0.027 0.023 0.008 0.007 0.007 0.744 0.011 0.025 0.011 1    
210:  0.008 0.009 0.011 0.027 0.016 0.006 0.006 0.010 0.009 0.013 0.039 0.007 0.016 0.013 0.009 0.009 0.009 0.005 0.004 0.009 0.006 0.622 0.018 0.009 0.107 1    
211:  0.005 0.006 0.005 0.005 0.010 0.006 0.005 0.006 0.012 0.009 0.006 0.012 0.012 0.010 0.004 0.003 0.013 0.005 0.004 0.015 0.005 0.826 0.007 0.004 0.006 1    
212:  0.012 0.013 0.012 0.018 0.015 0.006 0.008 0.008 0.013 0.008 0.015 0.007 0.015 0.005 0.006 0.004 0.025 0.010 0.005 0.009 0.006 0.736 0.015 0.021 0.007 1    
213:  0.009 0.004 0.007 0.007 0.008 0.006 0.005 0.008 0.005 0.005 0.015 0.013 0.007 0.004 0.005 0.003 0.022 0.007 0.004 0.023 0.006 0.789 0.007 0.007 0.022 1    
214:  0.007 0.004 0.006 0.014 0.006 0.004 0.007 0.005 0.004 0.006 0.005 0.005 0.008 0.003 0.008 0.004 0.047 0.005 0.006 0.012 0.004 0.799 0.007 0.015 0.010 1    
215:  0.007 0.246 0.084 0.009 0.018 0.006 0.018 0.015 0.284 0.046 0.020 0.017 0.078 0.014 0.015 0.021 0.007 0.012 0.011 0.022 0.008 0.013 0.008 0.008 0.012 1    
216:  0.004 0.180 0.014 0.006 0.025 0.007 0.008 0.008 0.055 0.012 0.028 0.016 0.537 0.006 0.004 0.010 0.007 0.006 0.014 0.011 0.022 0.006 0.005 0.007 0.004 1    
217:  0.005 0.201 0.016 0.005 0.031 0.007 0.009 0.008 0.068 0.008 0.021 0.013 0.504 0.006 0.004 0.009 0.007 0.005 0.014 0.013 0.018 0.008 0.006 0.009 0.006 1    
218:  0.007 0.062 0.070 0.012 0.100 0.015 0.027 0.031 0.098 0.079 0.191 0.028 0.030 0.008 0.010 0.070 0.012 0.016 0.036 0.036 0.013 0.024 0.006 0.009 0.012 1    
219:  0.006 0.225 0.009 0.006 0.338 0.007 0.007 0.031 0.019 0.024 0.014 0.007 0.045 0.087 0.006 0.021 0.024 0.007 0.028 0.007 0.037 0.014 0.013 0.015 0.005 1    
220:  0.009 0.215 0.009 0.006 0.314 0.007 0.010 0.028 0.028 0.023 0.012 0.006 0.046 0.090 0.006 0.029 0.027 0.007 0.025 0.009 0.045 0.015 0.013 0.016 0.005 1    
221:  0.016 0.224 0.087 0.015 0.010 0.048 0.024 0.021 0.073 0.026 0.019 0.053 0.028 0.018 0.033 0.013 0.025 0.082 0.019 0.014 0.027 0.069 0.011 0.014 0.032 1    
222:  0.010 0.029 0.055 0.010 0.124 0.012 0.012 0.013 0.056 0.041 0.029 0.061 0.006 0.007 0.013 0.027 0.033 0.010 0.031 0.013 0.010 0.029 0.013 0.009 0.348 1    
223:  0.059 0.009 0.010 0.053 0.015 0.011 0.040 0.034 0.009 0.062 0.006 0.199 0.048 0.017 0.018 0.036 0.024 0.018 0.007 0.031 0.063 0.066 0.009 0.063 0.092 1    
224:  0.009 0.017 0.020 0.004 0.026 0.017 0.020 0.020 0.050 0.008 0.007 0.161 0.005 0.006 0.021 0.013 0.061 0.011 0.020 0.004 0.006 0.078 0.005 0.031 0.379 1    
225:  0.012 0.008 0.019 0.140 0.051 0.013 0.092 0.024 0.035 0.064 0.005 0.089 0.009 0.047 0.011 0.014 0.017 0.025 0.010 0.070 0.024 0.052 0.029 0.006 0.136 1    
226:  0.024 0.006 0.009 0.006 0.057 0.008 0.006 0.021 0.005 0.010 0.026 0.105 0.008 0.004 0.004 0.029 0.019 0.005 0.011 0.004 0.007 0.015 0.005 0.010 0.596 1    
227:  0.067 0.008 0.010 0.015 0.037 0.013 0.013 0.111 0.007 0.043 0.011 0.152 0.020 0.010 0.019 0.104 0.023 0.013 0.018 0.009 0.010 0.020 0.006 0.032 0.229 1    
228:  0.023 0.016 0.018 0.037 0.023 0.033 0.044 0.058 0.027 0.033 0.006 0.135 0.017 0.008 0.029 0.015 0.020 0.028 0.030 0.018 0.062 0.166 0.016 0.014 0.125 1    
229:  0.005 0.007 0.008 0.004 0.005 0.021 0.005 0.007 0.006 0.005 0.005 0.023 0.008 0.012 0.005 0.006 0.004 0.007 0.004 0.022 0.004 0.814 0.004 0.004 0.005 1    
230:  0.007 0.018 0.009 0.004 0.010 0.021 0.008 0.010 0.008 0.007 0.009 0.095 0.013 0.016 0.007 0.005 0.011 0.008 0.004 0.014 0.008 0.681 0.007 0.012 0.008 1    
231:  0.006 0.006 0.007 0.005 0.006 0.014 0.007 0.007 0.006 0.007 0.003 0.012 0.012 0.011 0.004 0.007 0.003 0.009 0.005 0.017 0.006 0.822 0.005 0.005 0.007 1    
232:  0.004 0.016 0.009 0.004 0.005 0.008 0.006 0.006 0.008 0.010 0.007 0.014 0.008 0.013 0.003 0.009 0.006 0.004 0.005 0.004 0.004 0.782 0.004 0.004 0.055 1    
233:  0.006 0.007 0.007 0.003 0.004 0.006 0.004 0.009 0.007 0.006 0.005 0.006 0.010 0.007 0.004 0.012 0.005 0.007 0.004 0.007 0.006 0.849 0.003 0.006 0.010 1    
234:  0.011 0.019 0.015 0.006 0.011 0.020 0.009 0.012 0.014 0.010 0.010 0.018 0.009 0.007 0.004 0.018 0.006 0.016 0.005 0.004 0.008 0.743 0.003 0.008 0.013 1    
235:  0.008 0.010 0.013 0.004 0.004 0.007 0.006 0.007 0.005 0.006 0.004 0.009 0.021 0.006 0.007 0.008 0.010 0.005 0.007 0.009 0.005 0.801 0.005 0.006 0.026 1    
236:  0.004 0.008 0.008 0.004 0.003 0.005 0.004 0.005 0.004 0.006 0.004 0.007 0.010 0.005 0.005 0.006 0.007 0.004 0.007 0.009 0.004 0.854 0.005 0.006 0.015 1    
237:  0.010 0.008 0.005 0.004 0.004 0.020 0.005 0.003 0.005 0.009 0.004 0.013 0.005 0.006 0.003 0.006 0.004 0.009 0.004 0.003 0.004 0.851 0.004 0.004 0.006 1    
238:  0.004 0.022 0.013 0.004 0.007 0.025 0.008 0.007 0.009 0.006 0.006 0.029 0.005 0.007 0.004 0.006 0.004 0.007 0.004 0.004 0.004 0.798 0.004 0.005 0.008 1    
239:  0.013 0.006 0.009 0.006 0.008 0.026 0.006 0.007 0.008 0.006 0.006 0.025 0.006 0.004 0.006 0.006 0.009 0.011 0.005 0.003 0.006 0.794 0.004 0.008 0.009 1    
240:  0.003 0.003 0.003 0.004 0.005 0.002 0.006 0.006 0.004 0.013 0.003 0.003 0.005 0.006 0.006 0.006 0.849 0.004 0.007 0.017 0.004 0.029 0.004 0.005 0.004 1    
241:  0.012 0.014 0.012 0.014 0.085 0.013 0.020 0.014 0.076 0.018 0.007 0.017 0.017 0.010 0.025 0.011 0.381 0.014 0.024 0.007 0.018 0.014 0.007 0.159 0.011 1    
242:  0.004 0.008 0.003 0.005 0.008 0.005 0.009 0.007 0.005 0.004 0.005 0.007 0.005 0.015 0.006 0.006 0.848 0.005 0.006 0.007 0.008 0.005 0.007 0.007 0.006 1    
243:  0.005 0.006 0.004 0.011 0.031 0.003 0.011 0.005 0.012 0.005 0.007 0.006 0.007 0.006 0.015 0.009 0.737 0.006 0.016 0.009 0.044 0.006 0.011 0.024 0.007 1    
244:  0.011 0.014 0.009 0.008 0.019 0.014 0.021 0.035 0.025 0.045 0.009 0.028 0.010 0.008 0.008 0.014 0.425 0.012 0.088 0.019 0.010 0.064 0.009 0.076 0.021 1    
245:  0.018 0.006 0.005 0.006 0.010 0.003 0.011 0.014 0.009 0.005 0.006 0.008 0.007 0.009 0.005 0.014 0.696 0.005 0.038 0.007 0.017 0.004 0.013 0.070 0.015 1    
246:  0.005 0.005 0.005 0.007 0.004 0.006 0.006 0.005 0.005 0.006 0.004 0.008 0.009 0.007 0.007 0.005 0.847 0.006 0.004 0.009 0.009 0.012 0.005 0.009 0.005 1    
