        D174  1 0.1013 0.5550 0.0756 0.1337 0.1345 
        D199  1 0.0545 0.1200 0.0971 0.3029 0.4254 
        D203  1 0.2393 0.0968 0.1471 0.3449 0.1719 
        D204  1 0.0520 0.0702 0.0849 0.6901 0.1028 
     D237366  1 0.4694 0.1536 0.1551 0.1382 0.0836 
     D237367  1 0.0705 0.1726 0.1626 0.2728 0.3215 
     D237368  1 0.0553 0.0950 0.4370 0.2246 0.1881 
     D244101  1 0.1051 0.0360 0.0426 0.6798 0.1364 
     D244102  1 0.1548 0.1724 0.3200 0.1708 0.1819 
     D244103  1 0.2245 0.1393 0.0932 0.4431 0.0998 
     D244104  1 0.0595 0.1032 0.0799 0.6865 0.0709 
     D244105  1 0.1996 0.0421 0.4516 0.2376 0.0691 
     D244106  1 0.3119 0.3795 0.0512 0.0893 0.1681 
     D244107  1 0.0636 0.0326 0.6489 0.1476 0.1073 
     D244108  1 0.0861 0.2584 0.3972 0.1258 0.1325 
     D244113  1 0.0323 0.7982 0.0574 0.0390 0.0731 
     D244114  1 0.4375 0.1820 0.0909 0.1298 0.1599 
     D244115  1 0.0758 0.4720 0.1151 0.2245 0.1126 
     D267365  1 0.0882 0.2191 0.0905 0.5035 0.0987 
        D404  1 0.0844 0.6155 0.0808 0.0448 0.1745 
        D405  1 0.0996 0.3570 0.1291 0.1534 0.2609 
        D406  1 0.0438 0.0513 0.8188 0.0532 0.0329 
        D407  1 0.0325 0.0692 0.0560 0.1254 0.7170 
        D408  1 0.1348 0.6628 0.0322 0.0683 0.1020 
        D409  1 0.4421 0.0780 0.0827 0.2570 0.1403 
        D410  1 0.0409 0.0623 0.7560 0.1026 0.0381 
        D421  1 0.0267 0.0538 0.0245 0.6435 0.2515 
        D422  1 0.1680 0.0300 0.7129 0.0429 0.0462 
        D423  1 0.0398 0.0431 0.5997 0.0621 0.2553 
        D424  1 0.0366 0.0738 0.0670 0.7504 0.0723 
        D425  1 0.0700 0.3350 0.0593 0.3912 0.1446 
        D426  1 0.5620 0.0484 0.0546 0.0904 0.2446 
        D427  1 0.0392 0.1025 0.0372 0.2616 0.5594 
        D428  1 0.0431 0.2884 0.2492 0.1431 0.2762 
        D429  1 0.2154 0.2914 0.0674 0.3096 0.1162 
        D430  1 0.2254 0.2067 0.0491 0.1157 0.4031 
        D491  1 0.0517 0.6537 0.0720 0.1282 0.0944 
        D492  1 0.0638 0.4788 0.0653 0.1594 0.2328 
        D537  1 0.0422 0.1272 0.1065 0.5842 0.1399 
        D538  1 0.0831 0.1709 0.3583 0.0997 0.2880 
        D539  1 0.3291 0.3002 0.2022 0.0846 0.0839 
        D540  1 0.0865 0.1480 0.1070 0.4321 0.2265 
        D541  1 0.0353 0.0371 0.0395 0.8207 0.0675 
        D551  1 0.5898 0.0774 0.1293 0.0729 0.1305 
        D552  1 0.0701 0.1038 0.5871 0.1767 0.0623 
        D553  1 0.0270 0.0390 0.0374 0.8700 0.0266 
        D615  1 0.1082 0.1828 0.2682 0.3429 0.0980 
        D616  1 0.0938 0.0900 0.1824 0.3441 0.2897 
        D621  1 0.0462 0.2182 0.6631 0.0311 0.0414 
        D622  1 0.1250 0.1072 0.6030 0.0986 0.0662 
        D623  1 0.0461 0.2355 0.0674 0.0697 0.5814 
        D624  1 0.0679 0.7026 0.0534 0.1129 0.0632 
        D625  1 0.0631 0.2960 0.1176 0.4673 0.0560 
        D626  1 0.0894 0.5570 0.1407 0.1479 0.0649 
        D627  1 0.5059 0.0665 0.0440 0.3169 0.0667 
        D690  1 0.0325 0.2488 0.1320 0.5508 0.0359 
        D691  1 0.3653 0.0668 0.3637 0.1266 0.0775 
        D710  1 0.0511 0.1975 0.1331 0.3987 0.2196 
        D711  1 0.0932 0.1671 0.2014 0.4643 0.0740 
        D712  1 0.0929 0.5429 0.1303 0.0896 0.1444 
        D713  1 0.0577 0.5790 0.1048 0.1516 0.1069 
        D746  1 0.0625 0.0716 0.7309 0.0839 0.0510 
        D747  1 0.0493 0.0524 0.0347 0.7928 0.0709 
        D748  1 0.3172 0.1440 0.1800 0.2540 0.1048 
        D749  1 0.0862 0.1768 0.5615 0.0897 0.0859 
        D750  1 0.0501 0.6306 0.0593 0.1937 0.0663 
        D763  1 0.1471 0.1203 0.2105 0.2417 0.2804 
        D764  1 0.0316 0.1583 0.0777 0.6761 0.0563 
        D765  1 0.1405 0.1026 0.6165 0.0764 0.0639 
        D766  1 0.0617 0.1382 0.5933 0.1262 0.0807 
        D767  1 0.1337 0.1524 0.3902 0.2186 0.1050 
        D768  1 0.0344 0.0369 0.0397 0.8431 0.0459 
        D811  1 0.0456 0.7229 0.0606 0.0449 0.1260 
        D816  1 0.0329 0.1010 0.0561 0.7548 0.0552 
        D825  1 0.0686 0.5647 0.1838 0.0793 0.1036 
        D866  1 0.3510 0.1803 0.0823 0.1575 0.2289 
        D867  1 0.0489 0.0822 0.6633 0.0691 0.1365 
        D871  1 0.5544 0.1350 0.0496 0.1896 0.0714 
        D872  1 0.0385 0.0846 0.5851 0.2325 0.0594 
        D873  1 0.0256 0.0232 0.8989 0.0187 0.0335 
        D874  1 0.0970 0.4044 0.0453 0.3065 0.1468 
        D875  1 0.6541 0.0605 0.0910 0.0927 0.1017 
        D876  1 0.0533 0.1191 0.1785 0.5979 0.0513 
        D877  1 0.0414 0.7515 0.0524 0.0442 0.1105 
        D892  1 0.2264 0.2625 0.1177 0.2971 0.0962 
        D893  1 0.1330 0.0843 0.1695 0.5003 0.1129 
        D894  1 0.2313 0.1085 0.0692 0.5020 0.0890 
        D915  1 0.1341 0.1220 0.1578 0.5183 0.0678 
        D916  1 0.0375 0.0491 0.0491 0.8143 0.0501 
        D917  1 0.0557 0.4037 0.0578 0.3002 0.1826 
        D925  1 0.0263 0.0987 0.6823 0.1405 0.0522 
        D926  1 0.1078 0.2208 0.0811 0.5134 0.0769 
        D927  1 0.1055 0.0880 0.0942 0.3280 0.3843 
        D928  1 0.0265 0.7341 0.0516 0.1318 0.0560 
        D929  1 0.1380 0.5021 0.1510 0.1378 0.0711 
        D936  1 0.1312 0.1327 0.0725 0.5567 0.1069 
        D938  1 0.0466 0.0634 0.8107 0.0416 0.0376 
        D956  1 0.1584 0.5640 0.0811 0.0673 0.1293 
        D957  1 0.0609 0.0564 0.6483 0.1502 0.0842 
        D958  1 0.0435 0.1978 0.5202 0.1920 0.0466 
        D959  1 0.0536 0.0561 0.0597 0.1407 0.6898 
        D960  1 0.0603 0.0441 0.7838 0.0603 0.0516 
        D989  1 0.0881 0.2241 0.0406 0.2018 0.4454 
        D990  1 0.0715 0.0474 0.7903 0.0386 0.0522 
        H102  1 0.0882 0.4247 0.1629 0.2627 0.0615 
        H103  1 0.0844 0.0541 0.1833 0.1727 0.5055 
        H104  1 0.3707 0.1901 0.0731 0.2580 0.1082 
        H105  1 0.0602 0.3671 0.0895 0.3554 0.1278 
        H106  1 0.2545 0.0954 0.4617 0.0847 0.1037 
        H112  1 0.2764 0.2908 0.1074 0.1755 0.1498 
        H113  1 0.1910 0.1038 0.0979 0.4079 0.1995 
        H114  1 0.1187 0.0431 0.1019 0.6122 0.1241 
        H115  1 0.2277 0.1342 0.0840 0.4747 0.0795 
        H143  1 0.0450 0.0902 0.1395 0.6376 0.0876 
        H144  1 0.0525 0.0720 0.1027 0.6271 0.1456 
        H145  1 0.0619 0.7247 0.0876 0.0357 0.0901 
        H149  1 0.3398 0.1162 0.0816 0.3598 0.1025 
        H150  1 0.2484 0.3119 0.1963 0.0601 0.1834 
     H167542  1 0.0544 0.1068 0.0837 0.7056 0.0495 
     H169604  1 0.1507 0.4515 0.0426 0.1259 0.2293 
     H169607  1 0.0738 0.6339 0.0695 0.0854 0.1374 
     H169608  1 0.0649 0.6588 0.1226 0.0828 0.0710 
     H169633  1 0.0844 0.1282 0.1004 0.5250 0.1620 
     H169688  1 0.0399 0.0855 0.5649 0.0920 0.2177 
     H169714  1 0.7736 0.0434 0.0534 0.0662 0.0633 
     H171802  1 0.1750 0.0862 0.2161 0.1032 0.4195 
     H171805  1 0.1792 0.0683 0.5707 0.1102 0.0717 
     H171807  1 0.1630 0.3496 0.1196 0.0596 0.3082 
     H171814  1 0.0773 0.0402 0.1321 0.5179 0.2326 
     H171816  1 0.1415 0.1396 0.3571 0.0903 0.2715 
     H171817  1 0.1328 0.5594 0.1398 0.0999 0.0681 
     H171818  1 0.2400 0.0527 0.3050 0.2781 0.1243 
     H171819  1 0.2009 0.1701 0.1966 0.2065 0.2260 
     H171834  1 0.4894 0.0413 0.1694 0.2077 0.0922 
     H171835  1 0.4297 0.1498 0.1743 0.1228 0.1234 
     H171836  1 0.0621 0.0807 0.3818 0.1335 0.3420 
     H171837  1 0.1358 0.2073 0.0991 0.4887 0.0692 
     H171838  1 0.4450 0.0627 0.2396 0.0348 0.2179 
     H171839  1 0.2485 0.2098 0.0603 0.3003 0.1811 
     H171841  1 0.0582 0.4804 0.3377 0.0384 0.0854 
     H171860  1 0.1021 0.5027 0.0439 0.1291 0.2222 
     H171861  1 0.0622 0.0596 0.2863 0.5303 0.0615 
     H171862  1 0.4582 0.1159 0.0999 0.2245 0.1016 
     H171868  1 0.0808 0.0662 0.0516 0.7610 0.0404 
     H171869  1 0.0946 0.0544 0.4607 0.2112 0.1791 
     H171870  1 0.1260 0.1011 0.4709 0.0715 0.2306 
     H171871  1 0.3228 0.0635 0.3017 0.1191 0.1929 
     H171872  1 0.2074 0.5320 0.0547 0.1255 0.0804 
     H171873  1 0.2617 0.0689 0.4950 0.0520 0.1224 
     H171874  1 0.1736 0.2129 0.1975 0.1937 0.2223 
     H171875  1 0.0841 0.0631 0.1115 0.6636 0.0777 
     H171876  1 0.0536 0.1662 0.0547 0.2566 0.4688 
     H171877  1 0.0673 0.1554 0.0647 0.6329 0.0796 
     H171878  1 0.0870 0.0501 0.4935 0.0811 0.2882 
     H171901  1 0.0563 0.5439 0.2450 0.0564 0.0984 
     H171902  1 0.0870 0.7396 0.0704 0.0512 0.0517 
     H171903  1 0.3114 0.0871 0.0550 0.2702 0.2762 
     H171935  1 0.3469 0.2033 0.2194 0.0304 0.1999 
     H171936  1 0.0743 0.0424 0.1175 0.5983 0.1675 
     H171940  1 0.1251 0.3869 0.1150 0.2842 0.0889 
     H171945  1 0.0670 0.1641 0.5458 0.1121 0.1110 
     H171948  1 0.3549 0.1710 0.1346 0.1537 0.1857 
     H171949  1 0.3462 0.4065 0.1015 0.0641 0.0817 
     H171950  1 0.2900 0.3584 0.1727 0.1162 0.0627 
     H171963  1 0.0699 0.0447 0.6379 0.0927 0.1548 
     H171964  1 0.3334 0.0873 0.0856 0.0417 0.4519 
     H171966  1 0.2700 0.0916 0.4351 0.1283 0.0750 
     H171968  1 0.0520 0.7047 0.1194 0.0766 0.0474 
     H171971  1 0.5779 0.0537 0.1959 0.0438 0.1287 
     H171972  1 0.0442 0.0751 0.0395 0.0489 0.7922 
     H171977  1 0.0796 0.0783 0.3281 0.3190 0.1951 
     H171978  1 0.3409 0.2277 0.2465 0.0712 0.1137 
     H171979  1 0.2018 0.1297 0.0821 0.0710 0.5154 
        H176  1 0.0974 0.5445 0.0600 0.2120 0.0861 
        H177  1 0.1495 0.2241 0.4553 0.1087 0.0624 
        H179  1 0.0707 0.1087 0.0501 0.6984 0.0720 
        H181  1 0.2226 0.0858 0.2991 0.1432 0.2493 
        H182  1 0.1188 0.0903 0.5054 0.1930 0.0925 
        H183  1 0.0457 0.0403 0.5063 0.1398 0.2679 
        H184  1 0.1878 0.4594 0.1274 0.0934 0.1321 
        H185  1 0.1387 0.0875 0.2359 0.1366 0.4011 
        H186  1 0.0590 0.0816 0.2367 0.5306 0.0921 
        H187  1 0.0304 0.0417 0.6864 0.1524 0.0892 
        H188  1 0.0997 0.1885 0.0595 0.5451 0.1073 
        H192  1 0.3805 0.1377 0.3432 0.0609 0.0778 
        H193  1 0.1084 0.1920 0.2473 0.3285 0.1237 
        H194  1 0.4790 0.1537 0.0666 0.1665 0.1342 
        H195  1 0.0552 0.0637 0.5764 0.0619 0.2428 
        H199  1 0.0492 0.3714 0.3320 0.0590 0.1884 
        H200  1 0.0917 0.2815 0.1133 0.1268 0.3867 
        H414  1 0.3158 0.1770 0.1790 0.1960 0.1321 
        H415  1 0.1446 0.1783 0.1081 0.3506 0.2185 
        H422  1 0.0803 0.3580 0.2577 0.2192 0.0848 
        H423  1 0.1286 0.6007 0.0835 0.0753 0.1118 
        H424  1 0.0576 0.0505 0.5282 0.2707 0.0930 
        H425  1 0.0654 0.0690 0.6941 0.0781 0.0934 
        H426  1 0.4689 0.0882 0.2131 0.0694 0.1604 
        H443  1 0.0641 0.1120 0.1330 0.6257 0.0652 
        H466  1 0.2431 0.0747 0.0780 0.2681 0.3361 
        H467  1 0.8058 0.0511 0.0729 0.0329 0.0373 
        H472  1 0.0493 0.7339 0.0425 0.0573 0.1170 
        H483  1 0.1040 0.1430 0.1748 0.3810 0.1972 
        H504  1 0.0523 0.1332 0.5494 0.1336 0.1315 
        H505  1 0.1476 0.1828 0.1598 0.3231 0.1867 
        H506  1 0.0804 0.2894 0.1441 0.1757 0.3104 
        H507  1 0.0817 0.0953 0.3446 0.2661 0.2123 
        H508  1 0.3772 0.0876 0.1471 0.1634 0.2247 
        H524  1 0.0759 0.0808 0.4026 0.2653 0.1754 
        H525  1 0.0850 0.3005 0.1264 0.2149 0.2732 
        H526  1 0.0920 0.4367 0.0687 0.2978 0.1047 
        H527  1 0.1082 0.4078 0.2159 0.1143 0.1538 
        H528  1 0.2014 0.2130 0.0487 0.2298 0.3072 
        H529  1 0.1244 0.1144 0.2951 0.2482 0.2178 
        H533  1 0.1767 0.1172 0.4351 0.1675 0.1034 
        H538  1 0.0824 0.5437 0.0615 0.0886 0.2239 
        H539  1 0.0263 0.0337 0.8362 0.0535 0.0503 
        H540  1 0.1659 0.2021 0.4010 0.1113 0.1197 
        H541  1 0.1052 0.1819 0.0927 0.4933 0.1268 
        H558  1 0.0571 0.0471 0.7036 0.0455 0.1466 
        H559  1 0.0412 0.3190 0.0694 0.4653 0.1050 
        H579  1 0.0581 0.1408 0.5496 0.0956 0.1559 
        H584  1 0.3870 0.1886 0.1093 0.1134 0.2017 
        H585  1 0.3931 0.0789 0.0991 0.1910 0.2378 
        H605  1 0.1354 0.1726 0.3025 0.2761 0.1133 
        H606  1 0.0548 0.5433 0.0850 0.2755 0.0414 
        H632  1 0.2716 0.2150 0.0756 0.0779 0.3599 
        H634  1 0.1201 0.1979 0.3108 0.2307 0.1405 
        H671  1 0.1430 0.6241 0.0413 0.1070 0.0846 
        H672  1 0.0476 0.0873 0.0712 0.1825 0.6114 
        H673  1 0.0437 0.1246 0.0932 0.4712 0.2673 
        H689  1 0.2614 0.1608 0.1145 0.1574 0.3059 
        H690  1 0.2313 0.1378 0.1950 0.3697 0.0662 
        H691  1 0.1153 0.1058 0.0812 0.4075 0.2902 
        H692  1 0.0428 0.0474 0.0467 0.0930 0.7702 
        H709  1 0.0911 0.0814 0.0858 0.6362 0.1055 
        H710  1 0.1206 0.0611 0.1183 0.2155 0.4845 
       H7355  1 0.1050 0.5909 0.1140 0.0863 0.1039 
       H7356  1 0.2409 0.0912 0.3609 0.0691 0.2379 
       H7357  1 0.1239 0.3235 0.2300 0.2750 0.0475 
       H7358  1 0.0290 0.3435 0.1757 0.2676 0.1842 
       H7380  1 0.2464 0.2633 0.1039 0.3261 0.0603 
       H7381  1 0.1260 0.3843 0.1126 0.1866 0.1905 
       H7382  1 0.0915 0.1798 0.1247 0.0975 0.5065 
        H904  1 0.0967 0.4098 0.1011 0.3474 0.0450 
        H923  1 0.2239 0.2299 0.2464 0.1146 0.1852 
        H924  1 0.0716 0.2955 0.1987 0.3129 0.1213 
        H925  1 0.0395 0.0818 0.1483 0.6362 0.0942 
       H9558  1 0.0434 0.0354 0.7996 0.0388 0.0827 
      H105.1  1 0.3891 0.0491 0.1168 0.2209 0.2240 
      H115.1  1 0.0531 0.0457 0.1033 0.7383 0.0596 
      H145.1  1 0.0422 0.7443 0.0631 0.0875 0.0628 
      H149.1  1 0.0396 0.0438 0.0492 0.8211 0.0463 
      H150.1  1 0.1070 0.1072 0.6579 0.0643 0.0636 
   H169607.1  1 0.0554 0.5133 0.1743 0.1421 0.1149 
   H169633.1  1 0.0551 0.1251 0.1553 0.5221 0.1424 
   H169688.1  1 0.0384 0.1154 0.0987 0.3082 0.4394 
   H171901.1  1 0.1818 0.1271 0.1606 0.1323 0.3982 
   H171902.1  1 0.0546 0.6963 0.1182 0.0885 0.0424 
   H171903.1  1 0.2229 0.3395 0.0936 0.1191 0.2248 
      H177.1  1 0.0563 0.1920 0.0977 0.2485 0.4055 
      H179.1  1 0.0764 0.1973 0.1305 0.5349 0.0608 
      H180.1  1 0.3891 0.1466 0.2198 0.1420 0.1025 
      H181.1  1 0.3020 0.1218 0.1698 0.2596 0.1468 
 H194.1_2004  1 0.1297 0.1148 0.2537 0.0907 0.4111 
 H195.1_2003  1 0.1331 0.1084 0.1506 0.0877 0.5201 
 H195.1_2004  1 0.0739 0.4881 0.0637 0.1736 0.2007 
      H415.1  1 0.0765 0.0760 0.1593 0.5984 0.0897 
      H506.1  1 0.0494 0.1189 0.0708 0.6234 0.1374 
      H533.1  1 0.0559 0.1093 0.2452 0.5224 0.0672 
      H535.1  1 0.2548 0.1491 0.2059 0.2476 0.1426 
      H539.1  1 0.0487 0.0830 0.7194 0.1110 0.0379 
      H540.1  1 0.0471 0.0662 0.8026 0.0408 0.0433 
     H9558.1  1 0.0412 0.0628 0.7750 0.0480 0.0729 
    kos339.1  1 0.1080 0.1515 0.0839 0.5724 0.0842 
        D023  2 0.0315 0.0320 0.5259 0.3506 0.0600 
        D130  2 0.0579 0.0519 0.7428 0.0848 0.0626 
        D131  2 0.1601 0.0692 0.0487 0.6516 0.0704 
        D163  2 0.1075 0.0695 0.6816 0.1001 0.0413 
        D164  2 0.0206 0.0263 0.6396 0.0239 0.2896 
        D165  2 0.0549 0.0393 0.5257 0.2598 0.1202 
        D166  2 0.2347 0.1519 0.3818 0.0902 0.1414 
        D167  2 0.0314 0.0407 0.0368 0.0299 0.8612 
        D192  2 0.0434 0.0355 0.0500 0.0293 0.8418 
        D193  2 0.3601 0.2311 0.1550 0.1125 0.1413 
        D206  2 0.0757 0.0728 0.0989 0.5659 0.1867 
        D207  2 0.0950 0.0484 0.0543 0.0954 0.7069 
        D208  2 0.1509 0.5009 0.1106 0.1251 0.1125 
        D209  2 0.0440 0.0430 0.2687 0.1153 0.5289 
        D210  2 0.3229 0.4053 0.0673 0.1078 0.0967 
     D229599  2 0.1473 0.0857 0.1413 0.5180 0.1076 
     D229600  2 0.0865 0.0561 0.3413 0.0709 0.4453 
     D237227  2 0.0757 0.3457 0.1812 0.0854 0.3120 
     D237228  2 0.0771 0.2754 0.2249 0.0368 0.3858 
     D237258  2 0.0827 0.1226 0.1315 0.3016 0.3616 
     D237310  2 0.2348 0.1626 0.2915 0.0327 0.2785 
     D237311  2 0.0811 0.0666 0.1787 0.0482 0.6253 
     D237312  2 0.3923 0.2655 0.1594 0.0699 0.1128 
     D237313  2 0.1019 0.1631 0.3157 0.3776 0.0418 
     D237322  2 0.4355 0.3007 0.0909 0.0817 0.0912 
     D237323  2 0.1484 0.1932 0.3606 0.0504 0.2475 
     D237324  2 0.1800 0.0405 0.3722 0.0860 0.3212 
     D237325  2 0.1954 0.2065 0.3295 0.0920 0.1767 
     D237326  2 0.0535 0.0823 0.4827 0.1597 0.2218 
     D237327  2 0.5300 0.0924 0.0793 0.0764 0.2219 
     D237337  2 0.1790 0.1855 0.4665 0.0790 0.0900 
     D237338  2 0.3062 0.1730 0.2212 0.1062 0.1934 
     D237339  2 0.1170 0.0521 0.1641 0.3613 0.3055 
     D237340  2 0.1163 0.1587 0.1233 0.0541 0.5477 
     D237389  2 0.1462 0.0658 0.3693 0.0478 0.3709 
     D237390  2 0.4299 0.1596 0.1261 0.1195 0.1649 
     D244017  2 0.0413 0.1534 0.0735 0.0657 0.6661 
     D244112  2 0.0843 0.0415 0.1621 0.0315 0.6805 
     D244118  2 0.0444 0.0264 0.5157 0.0345 0.3790 
     D244119  2 0.0431 0.3377 0.0424 0.0592 0.5177 
     D244120  2 0.4268 0.0919 0.0917 0.0353 0.3542 
     D244122  2 0.0894 0.1206 0.1801 0.0885 0.5214 
        D291  2 0.2909 0.1063 0.1658 0.1894 0.2477 
        D292  2 0.1414 0.1106 0.1459 0.4364 0.1657 
        D293  2 0.0569 0.0268 0.0244 0.3534 0.5385 
        D322  2 0.0474 0.0380 0.0886 0.3902 0.4358 
        D323  2 0.0620 0.1137 0.0983 0.2045 0.5214 
        D324  2 0.3110 0.1158 0.1202 0.3250 0.1280 
        D325  2 0.0850 0.0241 0.0306 0.0928 0.7676 
        D326  2 0.0345 0.0397 0.0212 0.8640 0.0406 
        D340  2 0.0372 0.0337 0.0347 0.0381 0.8563 
        D341  2 0.3933 0.1068 0.0823 0.0814 0.3362 
        D342  2 0.1906 0.0526 0.5942 0.0689 0.0937 
        D343  2 0.0284 0.0202 0.0211 0.0387 0.8916 
        D344  2 0.0964 0.0906 0.1397 0.5428 0.1305 
        D345  2 0.0497 0.0601 0.6256 0.2125 0.0521 
        D346  2 0.0698 0.5467 0.0386 0.1172 0.2277 
        D351  2 0.0827 0.0511 0.0698 0.6890 0.1074 
        D352  2 0.0805 0.1968 0.0861 0.2067 0.4299 
        D353  2 0.0647 0.1036 0.0527 0.6049 0.1741 
        D354  2 0.0577 0.1547 0.2445 0.4520 0.0911 
        D362  2 0.0373 0.0618 0.1015 0.7134 0.0860 
        D363  2 0.0324 0.0594 0.0531 0.7661 0.0889 
        D364  2 0.0482 0.0452 0.1110 0.7457 0.0499 
        D365  2 0.0256 0.0250 0.0190 0.0411 0.8892 
        D369  2 0.0772 0.0977 0.0429 0.5194 0.2629 
        D374  2 0.0489 0.6505 0.1260 0.0631 0.1115 
        D375  2 0.0867 0.0753 0.2577 0.4168 0.1634 
        D376  2 0.1159 0.5135 0.1498 0.0772 0.1435 
        D377  2 0.2584 0.3263 0.1550 0.1503 0.1101 
        D378  2 0.0581 0.0415 0.0572 0.7198 0.1233 
        D379  2 0.0661 0.0522 0.0450 0.7899 0.0466 
        D384  2 0.0298 0.0558 0.0311 0.8517 0.0315 
        D385  2 0.0274 0.0457 0.0266 0.0336 0.8668 
        D386  2 0.0550 0.0609 0.1784 0.6217 0.0840 
        D391  2 0.0487 0.0399 0.0366 0.1104 0.7644 
        D392  2 0.0457 0.0464 0.0704 0.1098 0.7277 
        D393  2 0.1771 0.0531 0.0645 0.6321 0.0732 
        D394  2 0.1783 0.0700 0.3591 0.1519 0.2408 
        D395  2 0.0431 0.0326 0.0359 0.0725 0.8159 
        D401  2 0.0412 0.0676 0.3827 0.0504 0.4581 
        D402  2 0.1250 0.0535 0.0519 0.0533 0.7163 
        D403  2 0.1246 0.0718 0.1790 0.5867 0.0379 
        D415  2 0.0696 0.0417 0.0449 0.7448 0.0990 
        D435  2 0.1125 0.0520 0.1115 0.3991 0.3249 
        D436  2 0.1643 0.2136 0.0757 0.4510 0.0954 
        D438  2 0.0383 0.0620 0.0450 0.0365 0.8181 
        D439  2 0.0871 0.0424 0.2526 0.5122 0.1056 
        D449  2 0.1801 0.0383 0.0935 0.2770 0.4111 
        D450  2 0.1363 0.5601 0.1027 0.1330 0.0679 
        D456  2 0.0364 0.0352 0.0329 0.8657 0.0298 
        D462  2 0.0430 0.0275 0.0388 0.1571 0.7336 
        D463  2 0.0340 0.0480 0.0280 0.8528 0.0372 
        D464  2 0.0622 0.1458 0.0472 0.2690 0.4758 
        D465  2 0.0399 0.0480 0.0464 0.0777 0.7880 
        D473  2 0.0765 0.7233 0.0784 0.0580 0.0638 
        D474  2 0.0902 0.0758 0.0851 0.6661 0.0827 
        D476  2 0.1430 0.0371 0.4078 0.2428 0.1692 
        D477  2 0.1385 0.1905 0.0648 0.5017 0.1045 
        D478  2 0.0826 0.1295 0.2158 0.3408 0.2313 
        D480  2 0.1829 0.1034 0.0457 0.5329 0.1352 
        D481  2 0.0609 0.0931 0.2965 0.3129 0.2367 
        D482  2 0.2199 0.3260 0.1940 0.0973 0.1628 
        D483  2 0.0360 0.0380 0.0436 0.0382 0.8443 
        D484  2 0.1480 0.1805 0.1289 0.0883 0.4543 
        D510  2 0.0976 0.6805 0.0527 0.0624 0.1068 
        D511  2 0.0769 0.0622 0.0830 0.5432 0.2347 
        D512  2 0.0480 0.0339 0.1354 0.0290 0.7536 
        D513  2 0.0959 0.1623 0.0851 0.1316 0.5250 
        D635  2 0.0404 0.0403 0.1561 0.6238 0.1394 
        D636  2 0.0235 0.0394 0.8521 0.0529 0.0321 
        D637  2 0.3237 0.2201 0.0841 0.1118 0.2603 
        D658  2 0.1302 0.1156 0.0740 0.0767 0.6035 
        D659  2 0.2105 0.1043 0.1008 0.5163 0.0681 
        D677  2 0.2109 0.0661 0.1076 0.5370 0.0783 
        D678  2 0.0409 0.0471 0.1797 0.0366 0.6957 
        D679  2 0.2239 0.1392 0.0717 0.4743 0.0910 
        D719  2 0.0655 0.2159 0.0536 0.4912 0.1738 
        D720  2 0.0465 0.1649 0.1070 0.5871 0.0945 
        D721  2 0.0591 0.0745 0.5161 0.1655 0.1848 
        D722  2 0.0626 0.3443 0.1725 0.1014 0.3192 
        D734  2 0.1748 0.4175 0.0380 0.1357 0.2340 
        D735  2 0.1624 0.1123 0.1419 0.4893 0.0941 
        D736  2 0.2180 0.3125 0.0943 0.1892 0.1860 
        D737  2 0.2513 0.0646 0.2400 0.0973 0.3468 
        D807  2 0.1904 0.2772 0.0775 0.3494 0.1056 
        D808  2 0.2981 0.0443 0.2172 0.1949 0.2456 
        D817  2 0.0415 0.1207 0.1098 0.6011 0.1268 
        D818  2 0.3749 0.0585 0.0524 0.2249 0.2894 
        D819  2 0.0595 0.0757 0.0826 0.4701 0.3122 
        D820  2 0.0717 0.0544 0.0361 0.7388 0.0991 
        D895  2 0.0847 0.1305 0.2978 0.3545 0.1325 
        D896  2 0.0735 0.0972 0.6195 0.0491 0.1608 
        D897  2 0.4350 0.0801 0.2304 0.0740 0.1805 
        D898  2 0.3950 0.1166 0.2155 0.1282 0.1446 
        D918  2 0.3861 0.2089 0.1315 0.1128 0.1608 
        D919  2 0.0812 0.0427 0.0714 0.6086 0.1961 
        D920  2 0.0833 0.0531 0.7731 0.0450 0.0454 
        D923  2 0.0325 0.0547 0.0375 0.8099 0.0654 
        D930  2 0.0945 0.6189 0.0748 0.1501 0.0618 
        D931  2 0.0957 0.1003 0.0484 0.4273 0.3283 
        D968  2 0.0409 0.0297 0.0372 0.1065 0.7857 
        D969  2 0.1455 0.0502 0.0434 0.5378 0.2231 
        D977  2 0.1149 0.0532 0.0403 0.0573 0.7342 
        D978  2 0.5872 0.0824 0.0418 0.1737 0.1149 
        H008  2 0.0529 0.1301 0.0797 0.6203 0.1171 
        H021  2 0.4619 0.0886 0.1499 0.1726 0.1269 
        H023  2 0.0784 0.3024 0.2167 0.3577 0.0447 
        H024  2 0.2158 0.0598 0.1767 0.0971 0.4506 
        H025  2 0.1369 0.2239 0.1777 0.2689 0.1925 
        H026  2 0.1121 0.0380 0.0677 0.5069 0.2754 
        H027  2 0.1586 0.1135 0.0777 0.3922 0.2580 
        H028  2 0.1481 0.1327 0.3033 0.2165 0.1993 
        H029  2 0.0487 0.0531 0.0960 0.5387 0.2635 
        H030  2 0.0572 0.0414 0.0488 0.0410 0.8116 
        H038  2 0.0914 0.0551 0.6355 0.1753 0.0427 
        H039  2 0.0675 0.7763 0.0737 0.0496 0.0330 
        H040  2 0.1093 0.0805 0.5831 0.1807 0.0464 
        H041  2 0.0848 0.1110 0.0559 0.4736 0.2746 
        H042  2 0.0770 0.5908 0.1519 0.0877 0.0925 
        H043  2 0.0356 0.0644 0.8100 0.0498 0.0402 
        H044  2 0.0993 0.1441 0.3403 0.0428 0.3734 
        H047  2 0.0909 0.1118 0.6414 0.0999 0.0560 
        H050  2 0.0847 0.0690 0.0904 0.0695 0.6864 
        H058  2 0.2436 0.0587 0.4402 0.1258 0.1317 
        H062  2 0.0753 0.5245 0.2135 0.1352 0.0515 
        H063  2 0.0998 0.1006 0.2443 0.2238 0.3316 
        H065  2 0.0355 0.0954 0.0574 0.7784 0.0332 
        H066  2 0.1696 0.0346 0.6269 0.0824 0.0865 
        H067  2 0.2424 0.3190 0.0893 0.1799 0.1694 
        H068  2 0.2101 0.4828 0.1056 0.0571 0.1445 
        H069  2 0.0345 0.0895 0.2393 0.0972 0.5396 
        H071  2 0.1070 0.1792 0.0722 0.5416 0.0999 
        H072  2 0.0760 0.6688 0.0693 0.0796 0.1063 
        H073  2 0.1994 0.0667 0.1841 0.3300 0.2197 
        H081  2 0.0746 0.4848 0.0424 0.3073 0.0910 
        H082  2 0.0412 0.0395 0.1241 0.0879 0.7073 
        H083  2 0.0512 0.0350 0.0477 0.0714 0.7947 
        H084  2 0.4076 0.1371 0.1647 0.0806 0.2099 
        H085  2 0.0354 0.1274 0.0345 0.4569 0.3459 
        H087  2 0.1850 0.2241 0.0632 0.4202 0.1075 
        H088  2 0.0897 0.1835 0.1044 0.4758 0.1466 
        H089  2 0.0726 0.2721 0.1689 0.2307 0.2558 
        H090  2 0.0955 0.0397 0.0345 0.0750 0.7553 
        H091  2 0.0507 0.0667 0.0345 0.2386 0.6095 
        H098  2 0.2863 0.1205 0.1404 0.2076 0.2453 
      H10001  2 0.0690 0.7873 0.0734 0.0370 0.0333 
      H10002  2 0.1079 0.2460 0.2134 0.3512 0.0815 
        H101  2 0.0703 0.0549 0.0734 0.0400 0.7614 
        H108  2 0.0610 0.7511 0.0362 0.1180 0.0336 
        H109  2 0.1987 0.0790 0.3770 0.1790 0.1663 
        H110  2 0.0522 0.1343 0.0607 0.6246 0.1282 
        H116  2 0.1078 0.0980 0.1725 0.3562 0.2655 
        H117  2 0.3410 0.0477 0.0429 0.3467 0.2217 
        H118  2 0.0646 0.0420 0.0263 0.5703 0.2968 
        H119  2 0.1324 0.1182 0.0674 0.6059 0.0761 
        H120  2 0.0342 0.7407 0.0640 0.1223 0.0388 
        H121  2 0.0300 0.0464 0.0251 0.0609 0.8376 
        H125  2 0.3052 0.5530 0.0456 0.0503 0.0458 
        H126  2 0.0461 0.2065 0.4737 0.1360 0.1378 
        H128  2 0.0222 0.0171 0.0192 0.0437 0.8977 
        H129  2 0.5310 0.0495 0.0788 0.1666 0.1741 
        H130  2 0.0550 0.7794 0.0866 0.0306 0.0483 
        H133  2 0.1010 0.5688 0.0740 0.0533 0.2028 
        H134  2 0.0657 0.0315 0.0760 0.7750 0.0518 
        H135  2 0.0496 0.1596 0.1100 0.5072 0.1737 
        H137  2 0.5258 0.0435 0.0948 0.1218 0.2142 
        H138  2 0.3614 0.0721 0.1520 0.3042 0.1103 
        H140  2 0.2947 0.1499 0.0675 0.0614 0.4266 
        H146  2 0.0728 0.0387 0.0344 0.3055 0.5486 
        H147  2 0.0896 0.0509 0.0659 0.2320 0.5616 
        H148  2 0.4234 0.0860 0.0877 0.3000 0.1029 
     H166022  2 0.1638 0.1653 0.1704 0.1423 0.3582 
     H167359  2 0.1768 0.2268 0.2292 0.1548 0.2123 
     H167397  2 0.0428 0.0397 0.1064 0.1542 0.6569 
     H167428  2 0.0294 0.0380 0.0382 0.6609 0.2335 
     H167496  2 0.1805 0.2753 0.0667 0.3682 0.1093 
     H167513  2 0.0898 0.0627 0.7425 0.0385 0.0665 
     H167545  2 0.0414 0.0496 0.8016 0.0603 0.0470 
     H167547  2 0.4420 0.0467 0.0735 0.0537 0.3841 
     H169621  2 0.1866 0.0448 0.0510 0.0379 0.6796 
     H169622  2 0.0514 0.1924 0.3732 0.2064 0.1765 
     H169750  2 0.0629 0.1157 0.0409 0.0420 0.7385 
     H171806  2 0.1182 0.1285 0.0434 0.2136 0.4964 
     H171808  2 0.0435 0.3148 0.1762 0.3919 0.0736 
     H171809  2 0.1051 0.4321 0.0961 0.2987 0.0680 
     H171813  2 0.5558 0.0819 0.2200 0.0507 0.0917 
     H171815  2 0.0944 0.0606 0.6693 0.1334 0.0423 
     H171824  2 0.2142 0.3680 0.0484 0.2769 0.0925 
     H171825  2 0.0612 0.6160 0.1756 0.0706 0.0766 
     H171826  2 0.1457 0.0923 0.0857 0.6105 0.0658 
     H171827  2 0.1688 0.0560 0.3632 0.2838 0.1282 
     H171828  2 0.0975 0.7351 0.0406 0.0826 0.0443 
     H171829  2 0.4569 0.3011 0.1261 0.0418 0.0741 
     H171830  2 0.0660 0.1572 0.1536 0.3940 0.2292 
     H171831  2 0.3710 0.1337 0.2031 0.1125 0.1797 
     H171832  2 0.0520 0.1409 0.4808 0.1012 0.2252 
     H171863  2 0.0324 0.0338 0.2220 0.1198 0.5920 
     H171864  2 0.1277 0.1898 0.1608 0.3894 0.1323 
     H171865  2 0.0459 0.0836 0.2356 0.5735 0.0613 
     H171879  2 0.5795 0.0558 0.0734 0.1136 0.1777 
     H171880  2 0.1669 0.0498 0.1185 0.1049 0.5599 
     H171881  2 0.3368 0.1237 0.1372 0.1919 0.2104 
     H171882  2 0.0546 0.7167 0.0865 0.0877 0.0545 
     H171929  2 0.0626 0.1855 0.0745 0.2858 0.3916 
     H171930  2 0.0521 0.0298 0.7851 0.0409 0.0921 
     H171933  2 0.4821 0.1249 0.0706 0.0622 0.2602 
     H171934  2 0.2020 0.3635 0.1366 0.2135 0.0844 
     H171937  2 0.1258 0.1295 0.3825 0.1091 0.2531 
     H171962  2 0.1029 0.0754 0.3475 0.3193 0.1550 
        H190  2 0.3695 0.0509 0.1086 0.1327 0.3382 
        H191  2 0.1960 0.1205 0.3045 0.2622 0.1169 
        H396  2 0.0629 0.1318 0.0538 0.6790 0.0725 
        H397  2 0.1252 0.3905 0.0994 0.1309 0.2540 
        H398  2 0.0866 0.1949 0.0765 0.5757 0.0664 
        H400  2 0.0533 0.2501 0.2654 0.3561 0.0751 
        H401  2 0.6698 0.0459 0.0601 0.0482 0.1760 
        H402  2 0.1256 0.0398 0.3725 0.2519 0.2102 
        H427  2 0.1143 0.0799 0.0583 0.6725 0.0750 
        H428  2 0.0283 0.0341 0.0378 0.6818 0.2181 
        H497  2 0.0502 0.0739 0.7213 0.0569 0.0976 
        H512  2 0.4548 0.0609 0.1080 0.2332 0.1431 
        H513  2 0.0866 0.0537 0.7500 0.0400 0.0697 
        H514  2 0.1120 0.0550 0.2075 0.2920 0.3335 
        H519  2 0.1362 0.0750 0.5785 0.0498 0.1604 
        H532  2 0.0570 0.0426 0.0600 0.7813 0.0592 
        H543  2 0.1092 0.0645 0.1802 0.1323 0.5138 
        H544  2 0.0296 0.4750 0.0719 0.0512 0.3724 
        H545  2 0.0342 0.0426 0.8384 0.0458 0.0390 
        H546  2 0.1570 0.1102 0.3855 0.2701 0.0773 
        H547  2 0.4405 0.0577 0.0866 0.0553 0.3599 
        H548  2 0.0751 0.3466 0.2107 0.2516 0.1161 
        H549  2 0.0203 0.0268 0.9009 0.0288 0.0232 
        H620  2 0.1196 0.5315 0.1084 0.1983 0.0423 
        H623  2 0.1311 0.0509 0.6082 0.0653 0.1445 
        H624  2 0.0290 0.0792 0.7825 0.0548 0.0545 
        H625  2 0.0588 0.3205 0.2056 0.3159 0.0992 
        H626  2 0.1272 0.1332 0.5317 0.1054 0.1025 
        H654  2 0.0728 0.0865 0.7647 0.0482 0.0278 
        H655  2 0.1675 0.3553 0.2091 0.0806 0.1875 
        H656  2 0.0366 0.7927 0.0539 0.0816 0.0353 
        H666  2 0.2403 0.3527 0.1112 0.0858 0.2100 
        H667  2 0.0736 0.0888 0.4670 0.2550 0.1156 
        H677  2 0.0893 0.1149 0.1148 0.5778 0.1032 
        H693  2 0.1294 0.5153 0.0864 0.2167 0.0522 
        H694  2 0.1081 0.1424 0.3258 0.0547 0.3689 
        H701  2 0.1661 0.0763 0.1904 0.1146 0.4526 
        H702  2 0.1843 0.3286 0.1764 0.1494 0.1613 
        H731  2 0.0875 0.3748 0.0553 0.0759 0.4065 
       H7359  2 0.1817 0.2335 0.1797 0.1697 0.2355 
       H7389  2 0.1924 0.0550 0.1137 0.4903 0.1485 
       H7390  2 0.6634 0.1289 0.0805 0.0712 0.0560 
       H7391  2 0.2171 0.1036 0.0516 0.5460 0.0818 
       H7392  2 0.2588 0.1192 0.0872 0.1239 0.4109 
       H7393  2 0.5068 0.1478 0.1724 0.0501 0.1229 
       H7398  2 0.0768 0.1192 0.0431 0.5947 0.1663 
       H7399  2 0.0916 0.0586 0.1838 0.2939 0.3721 
       H7400  2 0.0850 0.4460 0.3618 0.0756 0.0315 
        H745  2 0.1875 0.0578 0.0898 0.1221 0.5428 
        H746  2 0.0451 0.0402 0.4221 0.3903 0.1024 
        H747  2 0.2478 0.4307 0.1362 0.0834 0.1020 
        H748  2 0.1070 0.1165 0.3740 0.2032 0.1993 
       H7484  2 0.1525 0.6649 0.0660 0.0639 0.0527 
       H7485  2 0.0376 0.0349 0.7534 0.0883 0.0858 
        H749  2 0.0270 0.0885 0.7219 0.0968 0.0658 
        H930  2 0.0789 0.0414 0.6436 0.0609 0.1752 
        H931  2 0.0491 0.2343 0.0527 0.4842 0.1797 
        H932  2 0.1131 0.0814 0.0655 0.6669 0.0731 
      H008.1  2 0.0350 0.0757 0.0423 0.7987 0.0484 
 H029.1_2002  2 0.0467 0.0482 0.1991 0.5807 0.1252 
 H029.1_2003  2 0.0551 0.0618 0.0633 0.6886 0.1312 
      H030.1  2 0.5143 0.0868 0.0607 0.1145 0.2237 
      H038.1  2 0.0395 0.2161 0.1303 0.5539 0.0602 
      H041.1  2 0.0338 0.0265 0.0315 0.2194 0.6887 
 H042.1_2002  2 0.0709 0.0670 0.0423 0.0555 0.7643 
 H042.1_2003  2 0.0925 0.1622 0.2680 0.3095 0.1679 
   H042_2002  2 0.0704 0.5589 0.1615 0.0979 0.1113 
   H042_2003  2 0.0743 0.5755 0.1601 0.0928 0.0972 
      H043.1  2 0.0282 0.0431 0.8301 0.0597 0.0389 
      H047.1  2 0.0607 0.0861 0.6364 0.1722 0.0446 
 H071.1_2002  2 0.0582 0.0827 0.2084 0.5809 0.0698 
 H071.1_2003  2 0.0873 0.2361 0.1287 0.4074 0.1405 
 H081.1_2002  2 0.0504 0.0703 0.0607 0.7550 0.0636 
 H081.1_2003  2 0.1408 0.0950 0.2475 0.4221 0.0946 
      H083.1  2 0.0646 0.0296 0.1726 0.3623 0.3709 
      H084.1  2 0.3585 0.0471 0.4273 0.0550 0.1121 
 H085.1_2002  2 0.0308 0.1371 0.0753 0.3102 0.4467 
 H085.1_2003  2 0.0333 0.0449 0.0309 0.5614 0.3296 
      H088.1  2 0.0893 0.0475 0.0415 0.1206 0.7011 
      H091.1  2 0.0339 0.0226 0.0248 0.0419 0.8768 
      H109.1  2 0.1793 0.0610 0.5537 0.1003 0.1056 
      H126.1  2 0.1262 0.4071 0.2392 0.0822 0.1453 
      H130.1  2 0.0560 0.7008 0.0991 0.0435 0.1006 
      H133.1  2 0.0722 0.2400 0.2186 0.1289 0.3402 
      H147.1  2 0.1394 0.0888 0.0760 0.1677 0.5281 
      H148.1  2 0.1295 0.3050 0.2554 0.2289 0.0812 
   H166022.1  2 0.0457 0.0288 0.0365 0.0408 0.8481 
   H167397.1  2 0.0777 0.0538 0.4975 0.1623 0.2086 
   H167496.1  2 0.3343 0.1596 0.0821 0.2529 0.1711 
   H167513.1  2 0.0687 0.0838 0.5699 0.0578 0.2198 
   H167547.1  2 0.3732 0.2118 0.1591 0.0883 0.1676 
   H169750.1  2 0.1914 0.2678 0.0599 0.0634 0.4174 
   H171929.1  2 0.0603 0.0576 0.3340 0.0835 0.4646 
   H171930.1  2 0.0927 0.0386 0.7365 0.0545 0.0777 
   H171933.1  2 0.0520 0.1223 0.0490 0.1061 0.6706 
      H190.1  2 0.5056 0.1425 0.1314 0.1364 0.0841 
      H400.1  2 0.0599 0.0555 0.0987 0.2051 0.5807 
 H428.1_2005  2 0.0510 0.0562 0.0589 0.3491 0.4848 
 H428.1_2006  2 0.0317 0.0509 0.0358 0.1205 0.7612 
      H453.1  2 0.0573 0.0526 0.0616 0.0690 0.7595 
      H512.1  2 0.3024 0.0617 0.1121 0.1289 0.3950 
      H513.1  2 0.0593 0.0425 0.0753 0.0390 0.7838 
      H532.1  2 0.0757 0.0985 0.2133 0.4500 0.1625 
      H543.1  2 0.0503 0.0459 0.2456 0.3875 0.2707 
 H545.1_2005  2 0.0206 0.0282 0.8948 0.0335 0.0229 
 H545.1_2006  2 0.0469 0.0417 0.1582 0.6194 0.1338 
      H547.1  2 0.0675 0.0410 0.0338 0.0356 0.8221 
      H548.1  2 0.0322 0.0885 0.6814 0.1239 0.0739 
     H7389.1  2 0.0733 0.1677 0.0355 0.0623 0.6612 
      H747.1  2 0.1996 0.3242 0.1347 0.0753 0.2661 
     H7484.1  2 0.0987 0.3363 0.0932 0.2098 0.2620 
     H7485.1  2 0.0606 0.0553 0.1187 0.5474 0.2180 
     H7496.1  2 0.3624 0.1603 0.0628 0.2152 0.1993 
        D211  3 0.2369 0.1415 0.3064 0.2715 0.0437 
     D229639  3 0.4892 0.1958 0.0861 0.1589 0.0700 
     D237212  3 0.3047 0.1936 0.1152 0.2509 0.1355 
     D237213  3 0.2985 0.1072 0.2691 0.2140 0.1111 
     D237214  3 0.0647 0.1248 0.3627 0.0954 0.3525 
     D237215  3 0.0723 0.1848 0.0680 0.0368 0.6381 
     D237216  3 0.2274 0.0884 0.2384 0.1121 0.3337 
     D237217  3 0.1822 0.0391 0.4429 0.2798 0.0560 
     D237218  3 0.7176 0.0594 0.0626 0.1159 0.0445 
     D237219  3 0.2145 0.2819 0.3596 0.0852 0.0588 
     D237382  3 0.3360 0.2714 0.1323 0.1345 0.1257 
     D244127  3 0.2105 0.0514 0.4454 0.0449 0.2479 
     D244129  3 0.1459 0.1523 0.1918 0.2722 0.2378 
     D244133  3 0.0579 0.4530 0.1122 0.1344 0.2425 
     D244134  3 0.2465 0.2833 0.2700 0.1323 0.0679 
     D244135  3 0.0680 0.0812 0.5092 0.2235 0.1180 
     D244136  3 0.0591 0.3557 0.0760 0.2648 0.2445 
        D416  3 0.3462 0.0679 0.1727 0.1826 0.2306 
        D417  3 0.2126 0.0594 0.0622 0.6172 0.0485 
        D419  3 0.2095 0.1369 0.2483 0.2986 0.1067 
        D565  3 0.0328 0.7417 0.0438 0.1390 0.0427 
        D566  3 0.2439 0.2894 0.0533 0.1242 0.2893 
        D567  3 0.0389 0.0691 0.1307 0.7079 0.0534 
        D568  3 0.1338 0.0395 0.2603 0.5021 0.0644 
        D569  3 0.1481 0.1284 0.3089 0.1223 0.2922 
        D573  3 0.2186 0.0392 0.0423 0.5386 0.1614 
        D574  3 0.1557 0.3046 0.1442 0.1152 0.2803 
        D575  3 0.0451 0.3891 0.4129 0.1001 0.0528 
        D576  3 0.0480 0.0950 0.0336 0.0209 0.8024 
        D577  3 0.0936 0.2333 0.1333 0.4875 0.0523 
        D578  3 0.0582 0.0312 0.4457 0.0324 0.4325 
        D579  3 0.2315 0.3408 0.1036 0.2376 0.0864 
        D660  3 0.0866 0.0942 0.2150 0.0497 0.5545 
        D661  3 0.7296 0.0415 0.0786 0.0586 0.0916 
        D663  3 0.6529 0.0830 0.0550 0.1158 0.0933 
        D664  3 0.1240 0.3647 0.3510 0.0575 0.1027 
        D665  3 0.1126 0.0694 0.5585 0.0440 0.2154 
        D666  3 0.1466 0.4261 0.1802 0.1501 0.0970 
        H111  3 0.1910 0.0932 0.5025 0.1287 0.0846 
        H951  3 0.0727 0.1034 0.2400 0.1565 0.4274 
        H952  3 0.1401 0.1454 0.0636 0.0793 0.5714 
        H953  3 0.3224 0.1642 0.0770 0.3533 0.0830 
        H954  3 0.1446 0.3518 0.1981 0.0869 0.2187 
        H955  3 0.0418 0.0568 0.3399 0.1909 0.3705 
        H956  3 0.1091 0.0968 0.0674 0.3170 0.4097 
       H9563  3 0.3572 0.2620 0.0657 0.0970 0.2182 
        D009  4 0.1734 0.0739 0.6004 0.1107 0.0416 
        D057  4 0.3925 0.0594 0.3190 0.1131 0.1160 
        D109  4 0.0619 0.4391 0.2961 0.1022 0.1006 
     D237222  4 0.1184 0.1448 0.5938 0.0776 0.0653 
     D237223  4 0.3285 0.1945 0.2004 0.0767 0.2000 
     D237224  4 0.1245 0.0660 0.1113 0.4884 0.2097 
     D237225  4 0.4948 0.1009 0.2306 0.1075 0.0662 
     D237299  4 0.8511 0.0471 0.0319 0.0306 0.0394 
     D237300  4 0.7644 0.0859 0.0536 0.0356 0.0606 
     D237306  4 0.2466 0.3756 0.0847 0.1371 0.1559 
     D237307  4 0.1359 0.2486 0.0641 0.4611 0.0902 
     D237308  4 0.0709 0.2218 0.2364 0.0992 0.3718 
     D237309  4 0.2140 0.0678 0.3896 0.2474 0.0811 
     D237317  4 0.0874 0.3082 0.2036 0.3437 0.0570 
     D237318  4 0.7524 0.0397 0.0277 0.0621 0.1180 
     D237319  4 0.2682 0.0919 0.1778 0.3184 0.1437 
     D237320  4 0.6273 0.0541 0.0737 0.1460 0.0989 
     D237321  4 0.4802 0.1053 0.1070 0.1577 0.1498 
     D237397  4 0.4925 0.1797 0.1199 0.1164 0.0915 
     D237398  4 0.7299 0.0349 0.0307 0.1296 0.0749 
     D237399  4 0.4594 0.1660 0.0907 0.2068 0.0771 
     D244001  4 0.0788 0.0590 0.7236 0.0753 0.0632 
        D289  4 0.2279 0.2537 0.0888 0.3123 0.1174 
        D290  4 0.5096 0.1678 0.1310 0.1033 0.0882 
        D294  4 0.2967 0.2316 0.1719 0.1634 0.1364 
        D295  4 0.2753 0.2140 0.1321 0.3228 0.0558 
        D301  4 0.1069 0.0712 0.7245 0.0444 0.0530 
        D302  4 0.1154 0.0767 0.0816 0.6713 0.0550 
        D303  4 0.0798 0.7099 0.0804 0.0587 0.0712 
        D304  4 0.4137 0.2541 0.0704 0.1936 0.0682 
        D305  4 0.1938 0.0537 0.4164 0.1362 0.1999 
        D306  4 0.2343 0.3146 0.1936 0.1224 0.1351 
        D307  4 0.0604 0.1303 0.7209 0.0404 0.0480 
        D327  4 0.0605 0.1467 0.0406 0.6521 0.1001 
        D328  4 0.1393 0.5553 0.1075 0.1035 0.0945 
        D329  4 0.1736 0.0691 0.5645 0.1182 0.0746 
        D330  4 0.0841 0.0542 0.4031 0.3466 0.1120 
        D331  4 0.1872 0.1928 0.2498 0.2493 0.1208 
        D333  4 0.2389 0.3166 0.2520 0.1165 0.0759 
        D334  4 0.0989 0.6761 0.0655 0.1015 0.0580 
        D335  4 0.0578 0.0856 0.0920 0.6480 0.1166 
        D370  4 0.0750 0.2425 0.3839 0.1365 0.1622 
        D371  4 0.0381 0.5556 0.0411 0.2059 0.1593 
        D372  4 0.7501 0.0862 0.0652 0.0362 0.0622 
        D373  4 0.0530 0.0480 0.7237 0.0685 0.1067 
        D455  4 0.1186 0.0653 0.7015 0.0622 0.0524 
        D490  4 0.0889 0.0739 0.7379 0.0574 0.0419 
        D497  4 0.1319 0.0772 0.6914 0.0356 0.0639 
        D498  4 0.1757 0.2609 0.2701 0.1132 0.1800 
        D499  4 0.2538 0.0799 0.0422 0.1216 0.5025 
        D514  4 0.1753 0.1361 0.0830 0.3692 0.2365 
        D515  4 0.5675 0.1016 0.1048 0.1025 0.1236 
        D516  4 0.1374 0.2231 0.2292 0.2445 0.1658 
        D517  4 0.1060 0.0362 0.6257 0.1284 0.1036 
        D518  4 0.1818 0.1634 0.3537 0.2031 0.0979 
        D519  4 0.7920 0.0366 0.0377 0.0848 0.0490 
        D560  4 0.7307 0.0346 0.0611 0.1257 0.0479 
        D561  4 0.1228 0.0318 0.1415 0.5173 0.1866 
        D562  4 0.2209 0.1431 0.2504 0.1484 0.2372 
        D563  4 0.0839 0.0303 0.0740 0.0886 0.7232 
        D572  4 0.1515 0.1854 0.1906 0.3166 0.1559 
        D629  4 0.0684 0.0967 0.1409 0.6299 0.0641 
        D630  4 0.3894 0.1728 0.0991 0.2530 0.0857 
        D631  4 0.4731 0.0913 0.1243 0.1241 0.1872 
        D632  4 0.0404 0.0582 0.5045 0.1308 0.2660 
        D646  4 0.6582 0.0493 0.1276 0.1017 0.0632 
        D647  4 0.1646 0.0332 0.1735 0.5324 0.0964 
        D648  4 0.0643 0.6651 0.0946 0.0591 0.1169 
        D649  4 0.0824 0.0685 0.1797 0.6175 0.0520 
        D650  4 0.2802 0.2452 0.0779 0.3316 0.0651 
        D708  4 0.2116 0.5073 0.1176 0.0930 0.0705 
        D709  4 0.1284 0.3994 0.2541 0.1091 0.1090 
        D738  4 0.1958 0.3896 0.1589 0.1738 0.0819 
        D739  4 0.3546 0.1000 0.3650 0.0801 0.1003 
        D740  4 0.4191 0.2107 0.2656 0.0491 0.0555 
        D741  4 0.4985 0.0422 0.0456 0.2382 0.1755 
        D742  4 0.2615 0.1164 0.0706 0.1287 0.4228 
        D743  4 0.1107 0.1087 0.0629 0.5688 0.1488 
        D744  4 0.2208 0.0931 0.1069 0.3467 0.2325 
        D745  4 0.7534 0.0674 0.0563 0.0625 0.0604 
        D814  4 0.5178 0.0700 0.1448 0.1013 0.1661 
        D815  4 0.0804 0.3481 0.2048 0.2753 0.0914 
        D828  4 0.2296 0.4728 0.1414 0.0308 0.1254 
        D845  4 0.6809 0.0952 0.0458 0.0916 0.0866 
        D846  4 0.0824 0.0363 0.1994 0.4762 0.2056 
        D847  4 0.3824 0.1439 0.1313 0.2161 0.1263 
