        D174  1 0.1713 0.1338 0.6950 
        D199  1 0.6005 0.1478 0.2517 
        D203  1 0.4285 0.3183 0.2532 
        D204  1 0.6129 0.1253 0.2618 
     D237366  1 0.1917 0.4901 0.3182 
     D237367  1 0.4311 0.1789 0.3900 
     D237368  1 0.3653 0.4634 0.1714 
     D244101  1 0.8320 0.0826 0.0854 
     D244102  1 0.2375 0.4292 0.3333 
     D244103  1 0.3131 0.2516 0.4354 
     D244104  1 0.4800 0.1285 0.3915 
     D244105  1 0.1553 0.7285 0.1162 
     D244106  1 0.2180 0.2504 0.5316 
     D244107  1 0.4104 0.5089 0.0806 
     D244108  1 0.1988 0.3126 0.4886 
     D244113  1 0.0727 0.1132 0.8141 
     D244114  1 0.2650 0.4075 0.3275 
     D244115  1 0.2049 0.1789 0.6162 
     D267365  1 0.3779 0.1272 0.4948 
        D404  1 0.1606 0.2113 0.6281 
        D405  1 0.2282 0.2924 0.4794 
        D406  1 0.0969 0.7472 0.1560 
        D407  1 0.7336 0.1222 0.1442 
        D408  1 0.2567 0.1066 0.6367 
        D409  1 0.5088 0.3082 0.1830 
        D410  1 0.0923 0.7201 0.1875 
        D421  1 0.8261 0.0493 0.1246 
        D422  1 0.0938 0.8511 0.0551 
        D423  1 0.3469 0.5534 0.0997 
        D424  1 0.6199 0.1556 0.2245 
        D425  1 0.3439 0.1132 0.5430 
        D426  1 0.6168 0.2676 0.1156 
        D427  1 0.8092 0.0753 0.1155 
        D428  1 0.2856 0.2269 0.4875 
        D429  1 0.2247 0.2332 0.5421 
        D430  1 0.3879 0.2319 0.3802 
        D491  1 0.1541 0.1138 0.7321 
        D492  1 0.2846 0.1333 0.5821 
        D537  1 0.3979 0.1733 0.4288 
        D538  1 0.2402 0.4676 0.2922 
        D539  1 0.1155 0.3884 0.4961 
        D540  1 0.3434 0.2817 0.3749 
        D541  1 0.7829 0.0864 0.1307 
        D551  1 0.3026 0.5507 0.1467 
        D552  1 0.2488 0.4703 0.2809 
        D553  1 0.7375 0.0731 0.1895 
        D615  1 0.2351 0.4023 0.3627 
        D616  1 0.6379 0.2124 0.1497 
        D621  1 0.0778 0.5494 0.3728 
        D622  1 0.1932 0.5850 0.2218 
        D623  1 0.4566 0.1531 0.3904 
        D624  1 0.1306 0.1095 0.7599 
        D625  1 0.2642 0.1497 0.5861 
        D626  1 0.1362 0.1472 0.7166 
        D627  1 0.7113 0.1567 0.1320 
        D690  1 0.2334 0.1223 0.6443 
        D691  1 0.2485 0.5810 0.1705 
        D710  1 0.5909 0.1416 0.2675 
        D711  1 0.3519 0.2378 0.4103 
        D712  1 0.1528 0.1978 0.6494 
        D713  1 0.1442 0.1427 0.7131 
        D746  1 0.1522 0.6945 0.1532 
        D747  1 0.7306 0.0799 0.1896 
        D748  1 0.3343 0.3155 0.3502 
        D749  1 0.1535 0.6545 0.1920 
        D750  1 0.1568 0.1182 0.7250 
        D763  1 0.5033 0.2656 0.2311 
        D764  1 0.4093 0.1413 0.4494 
        D765  1 0.0777 0.7055 0.2168 
        D766  1 0.1932 0.4363 0.3705 
        D767  1 0.2201 0.3992 0.3807 
        D768  1 0.7750 0.0961 0.1289 
        D811  1 0.1303 0.1391 0.7305 
        D816  1 0.4312 0.1266 0.4422 
        D825  1 0.1194 0.2523 0.6283 
        D866  1 0.4481 0.2509 0.3010 
        D867  1 0.1456 0.7272 0.1272 
        D871  1 0.3532 0.2309 0.4160 
        D872  1 0.2423 0.3978 0.3599 
        D873  1 0.0472 0.9035 0.0493 
        D874  1 0.2802 0.1035 0.6163 
        D875  1 0.3834 0.4503 0.1664 
        D876  1 0.2648 0.2467 0.4886 
        D877  1 0.0938 0.0999 0.8062 
        D892  1 0.2095 0.2255 0.5650 
        D893  1 0.4319 0.2852 0.2829 
        D894  1 0.4619 0.2440 0.2941 
        D915  1 0.3474 0.2477 0.4049 
        D916  1 0.6312 0.1234 0.2454 
        D917  1 0.4068 0.1067 0.4865 
        D925  1 0.1390 0.5760 0.2850 
        D926  1 0.2441 0.1518 0.6042 
        D927  1 0.6106 0.1880 0.2014 
        D928  1 0.1209 0.0714 0.8077 
        D929  1 0.1186 0.1935 0.6879 
        D936  1 0.4942 0.1629 0.3429 
        D938  1 0.1050 0.7389 0.1561 
        D956  1 0.1554 0.2891 0.5556 
        D957  1 0.2537 0.5216 0.2247 
        D958  1 0.1953 0.2605 0.5443 
        D959  1 0.7542 0.1370 0.1088 
        D960  1 0.0769 0.8241 0.0990 
        D989  1 0.5417 0.1080 0.3503 
        D990  1 0.1188 0.7806 0.1005 
        H102  1 0.1714 0.1755 0.6530 
        H103  1 0.4618 0.3693 0.1689 
        H104  1 0.3670 0.1762 0.4569 
        H105  1 0.2716 0.1332 0.5952 
        H106  1 0.1164 0.6735 0.2101 
        H112  1 0.2299 0.3000 0.4701 
        H113  1 0.6186 0.1702 0.2111 
        H114  1 0.7296 0.1596 0.1108 
        H115  1 0.3720 0.2239 0.4041 
        H143  1 0.4098 0.2300 0.3603 
        H144  1 0.6162 0.2064 0.1774 
        H145  1 0.1639 0.2152 0.6209 
        H149  1 0.3470 0.3240 0.3291 
        H150  1 0.2012 0.3998 0.3990 
     H167542  1 0.2806 0.2052 0.5143 
     H169604  1 0.3184 0.1222 0.5594 
     H169607  1 0.1705 0.1466 0.6829 
     H169608  1 0.1350 0.1687 0.6963 
     H169633  1 0.5646 0.1724 0.2631 
     H169688  1 0.2048 0.6362 0.1591 
     H169714  1 0.2522 0.5153 0.2325 
     H171802  1 0.5040 0.2983 0.1977 
     H171805  1 0.1394 0.6898 0.1708 
     H171807  1 0.1632 0.3372 0.4996 
     H171814  1 0.7353 0.1587 0.1060 
     H171816  1 0.2567 0.4618 0.2815 
     H171817  1 0.1499 0.1814 0.6688 
     H171818  1 0.2936 0.5459 0.1605 
     H171819  1 0.4832 0.2497 0.2670 
     H171834  1 0.3074 0.5759 0.1167 
     H171835  1 0.3276 0.3733 0.2991 
     H171836  1 0.4719 0.3730 0.1550 
     H171837  1 0.4019 0.1275 0.4705 
     H171838  1 0.1185 0.7923 0.0893 
     H171839  1 0.4728 0.1384 0.3888 
     H171841  1 0.0760 0.3595 0.5645 
     H171860  1 0.3064 0.0941 0.5994 
     H171861  1 0.3727 0.3930 0.2342 
     H171862  1 0.3760 0.3825 0.2415 
     H171868  1 0.4974 0.1697 0.3330 
     H171869  1 0.2959 0.5967 0.1074 
     H171870  1 0.1463 0.6918 0.1619 
     H171871  1 0.3136 0.5372 0.1491 
     H171872  1 0.2439 0.1138 0.6423 
     H171873  1 0.2697 0.6056 0.1246 
     H171874  1 0.5229 0.2681 0.2090 
     H171875  1 0.7329 0.1490 0.1181 
     H171876  1 0.6327 0.1063 0.2610 
     H171877  1 0.4195 0.1161 0.4644 
     H171878  1 0.2459 0.6422 0.1119 
     H171901  1 0.1166 0.1974 0.6860 
     H171902  1 0.0862 0.1592 0.7546 
     H171903  1 0.6029 0.1891 0.2081 
     H171935  1 0.1006 0.6904 0.2089 
     H171936  1 0.6843 0.1830 0.1327 
     H171940  1 0.1395 0.2004 0.6602 
     H171945  1 0.1938 0.5340 0.2722 
     H171948  1 0.2276 0.4445 0.3279 
     H171949  1 0.1184 0.3166 0.5651 
     H171950  1 0.1427 0.2324 0.6249 
     H171963  1 0.1661 0.7304 0.1035 
     H171964  1 0.3002 0.5723 0.1275 
     H171966  1 0.2000 0.6047 0.1954 
     H171968  1 0.0998 0.1743 0.7259 
     H171971  1 0.2006 0.6883 0.1111 
     H171972  1 0.5869 0.2314 0.1816 
     H171977  1 0.3366 0.4754 0.1881 
     H171978  1 0.1059 0.5668 0.3273 
     H171979  1 0.3355 0.4407 0.2237 
        H176  1 0.3551 0.1023 0.5426 
        H177  1 0.1007 0.3827 0.5166 
        H179  1 0.4559 0.1057 0.4384 
        H181  1 0.1997 0.6539 0.1464 
        H182  1 0.2201 0.5852 0.1947 
        H183  1 0.2756 0.6024 0.1220 
        H184  1 0.1542 0.2843 0.5615 
        H185  1 0.3184 0.5067 0.1748 
        H186  1 0.4937 0.3113 0.1951 
        H187  1 0.2689 0.5417 0.1895 
        H188  1 0.3553 0.1346 0.5101 
        H192  1 0.1193 0.6423 0.2384 
        H193  1 0.1891 0.4446 0.3663 
        H194  1 0.4002 0.2733 0.3265 
        H195  1 0.1712 0.7224 0.1064 
        H199  1 0.1733 0.4080 0.4187 
        H200  1 0.4768 0.1242 0.3990 
        H414  1 0.3342 0.3230 0.3429 
        H415  1 0.5538 0.1757 0.2705 
        H422  1 0.2047 0.3220 0.4733 
        H423  1 0.1318 0.1912 0.6770 
        H424  1 0.3573 0.5160 0.1267 
        H425  1 0.2142 0.6423 0.1435 
        H426  1 0.1894 0.6456 0.1651 
        H443  1 0.5380 0.2244 0.2375 
        H466  1 0.4345 0.3720 0.1934 
        H467  1 0.2248 0.5914 0.1839 
        H472  1 0.1515 0.1026 0.7459 
        H483  1 0.3397 0.3871 0.2732 
        H504  1 0.2785 0.4844 0.2371 
        H505  1 0.2770 0.2700 0.4530 
        H506  1 0.2687 0.3325 0.3988 
        H507  1 0.3818 0.3905 0.2277 
        H508  1 0.2427 0.5331 0.2242 
        H524  1 0.3645 0.3833 0.2522 
        H525  1 0.3351 0.2597 0.4052 
        H526  1 0.4518 0.0934 0.4548 
        H527  1 0.1403 0.3121 0.5476 
        H528  1 0.6182 0.1005 0.2812 
        H529  1 0.3679 0.4005 0.2317 
        H533  1 0.1885 0.5803 0.2312 
        H538  1 0.2207 0.1233 0.6560 
        H539  1 0.1085 0.7949 0.0966 
        H540  1 0.1962 0.4955 0.3084 
        H541  1 0.3427 0.1675 0.4898 
        H558  1 0.1155 0.7893 0.0952 
        H559  1 0.3255 0.1378 0.5367 
        H579  1 0.1820 0.5895 0.2285 
        H584  1 0.2623 0.4236 0.3142 
        H585  1 0.5940 0.2445 0.1615 
        H605  1 0.2166 0.3192 0.4642 
        H606  1 0.1413 0.0963 0.7624 
        H632  1 0.4191 0.2871 0.2939 
        H634  1 0.3033 0.2941 0.4026 
        H671  1 0.1439 0.1120 0.7441 
        H672  1 0.7690 0.0880 0.1430 
        H673  1 0.4600 0.2342 0.3058 
        H689  1 0.5463 0.2387 0.2150 
        H690  1 0.2083 0.3539 0.4378 
        H691  1 0.6196 0.1710 0.2094 
        H692  1 0.6379 0.2358 0.1263 
        H709  1 0.4890 0.2249 0.2861 
        H710  1 0.5660 0.3062 0.1278 
       H7355  1 0.2507 0.2129 0.5365 
       H7356  1 0.1450 0.6793 0.1757 
       H7357  1 0.1556 0.2180 0.6264 
       H7358  1 0.2808 0.1530 0.5661 
       H7380  1 0.2744 0.2153 0.5104 
       H7381  1 0.2354 0.2540 0.5106 
       H7382  1 0.3456 0.3719 0.2825 
        H904  1 0.2063 0.1481 0.6457 
        H923  1 0.4371 0.2644 0.2985 
        H924  1 0.2530 0.2231 0.5239 
        H925  1 0.5451 0.1506 0.3043 
       H9558  1 0.0899 0.8334 0.0767 
      H105.1  1 0.2596 0.5920 0.1483 
      H115.1  1 0.5837 0.1946 0.2217 
      H145.1  1 0.1731 0.1177 0.7092 
      H149.1  1 0.6368 0.1234 0.2398 
      H150.1  1 0.1117 0.6727 0.2156 
   H169607.1  1 0.2097 0.1758 0.6145 
   H169633.1  1 0.5611 0.1808 0.2581 
   H169688.1  1 0.6233 0.1712 0.2055 
   H171901.1  1 0.5198 0.2880 0.1922 
   H171902.1  1 0.1087 0.1470 0.7442 
   H171903.1  1 0.1637 0.2901 0.5462 
      H177.1  1 0.4863 0.1419 0.3717 
      H179.1  1 0.3383 0.1458 0.5159 
      H180.1  1 0.2270 0.4455 0.3275 
      H181.1  1 0.2311 0.5349 0.2341 
 H194.1_2004  1 0.3554 0.4357 0.2089 
 H195.1_2003  1 0.3671 0.3873 0.2456 
 H195.1_2004  1 0.3288 0.1013 0.5699 
      H415.1  1 0.5412 0.2330 0.2258 
      H506.1  1 0.5334 0.1803 0.2863 
      H533.1  1 0.2707 0.3224 0.4069 
      H535.1  1 0.2428 0.3484 0.4087 
      H539.1  1 0.1250 0.5678 0.3071 
      H540.1  1 0.0778 0.7770 0.1453 
     H9558.1  1 0.1747 0.6612 0.1641 
    kos339.1  1 0.3797 0.1712 0.4491 
        D023  2 0.4521 0.4496 0.0982 
        D130  2 0.1051 0.7691 0.1258 
        D131  2 0.6974 0.1401 0.1626 
        D163  2 0.1347 0.7205 0.1448 
        D164  2 0.1871 0.7524 0.0605 
        D165  2 0.4415 0.4889 0.0696 
        D166  2 0.1528 0.6048 0.2423 
        D167  2 0.5057 0.3861 0.1082 
        D192  2 0.4252 0.4916 0.0831 
        D193  2 0.1354 0.4981 0.3665 
        D206  2 0.5302 0.2409 0.2288 
        D207  2 0.5977 0.2653 0.1370 
        D208  2 0.2134 0.1783 0.6082 
        D209  2 0.4220 0.4839 0.0940 
        D210  2 0.2516 0.1596 0.5888 
     D229599  2 0.4887 0.2952 0.2161 
     D229600  2 0.1973 0.6884 0.1143 
     D237227  2 0.3028 0.2667 0.4305 
     D237228  2 0.1644 0.4633 0.3723 
     D237258  2 0.5128 0.2359 0.2513 
     D237310  2 0.0852 0.7542 0.1606 
     D237311  2 0.2449 0.6257 0.1294 
     D237312  2 0.1274 0.5284 0.3442 
     D237313  2 0.1737 0.3393 0.4870 
     D237322  2 0.1755 0.2921 0.5324 
     D237323  2 0.1632 0.5688 0.2680 
     D237324  2 0.3035 0.6069 0.0895 
     D237325  2 0.1584 0.4756 0.3660 
     D237326  2 0.3505 0.4638 0.1856 
     D237327  2 0.4311 0.3856 0.1833 
     D237337  2 0.1179 0.5401 0.3420 
     D237338  2 0.2233 0.4874 0.2893 
     D237339  2 0.6341 0.2252 0.1408 
     D237340  2 0.2690 0.4541 0.2769 
     D237389  2 0.1288 0.7634 0.1079 
     D237390  2 0.2411 0.3997 0.3592 
     D244017  2 0.4421 0.2636 0.2943 
     D244112  2 0.2291 0.6842 0.0867 
     D244118  2 0.1188 0.8171 0.0641 
     D244119  2 0.3730 0.1413 0.4857 
     D244120  2 0.2236 0.6159 0.1605 
     D244122  2 0.2787 0.4964 0.2250 
        D291  2 0.5731 0.2530 0.1739 
        D292  2 0.5397 0.1995 0.2608 
        D293  2 0.9087 0.0382 0.0531 
        D322  2 0.7782 0.1400 0.0818 
        D323  2 0.5621 0.1605 0.2774 
        D324  2 0.6487 0.1574 0.1939 
        D325  2 0.9001 0.0570 0.0429 
        D326  2 0.7888 0.0606 0.1507 
        D340  2 0.8218 0.1009 0.0773 
        D341  2 0.4364 0.3144 0.2491 
        D342  2 0.1050 0.8064 0.0886 
        D343  2 0.9138 0.0464 0.0397 
        D344  2 0.3298 0.4290 0.2412 
        D345  2 0.2732 0.5066 0.2202 
        D346  2 0.3256 0.1158 0.5586 
        D351  2 0.7084 0.1260 0.1656 
        D352  2 0.4774 0.2285 0.2941 
        D353  2 0.7168 0.1122 0.1710 
        D354  2 0.2032 0.3880 0.4088 
        D362  2 0.5521 0.1557 0.2922 
        D363  2 0.6090 0.1242 0.2668 
        D364  2 0.3297 0.4018 0.2684 
        D365  2 0.8943 0.0499 0.0559 
        D369  2 0.7729 0.0803 0.1468 
        D374  2 0.0837 0.2034 0.7129 
        D375  2 0.2902 0.5205 0.1893 
        D376  2 0.1034 0.3972 0.4994 
        D377  2 0.1807 0.3275 0.4917 
        D378  2 0.7774 0.1140 0.1086 
        D379  2 0.4347 0.1709 0.3944 
        D384  2 0.4828 0.0759 0.4413 
        D385  2 0.7655 0.1278 0.1068 
        D386  2 0.5037 0.2583 0.2379 
        D391  2 0.8241 0.0861 0.0898 
        D392  2 0.7428 0.1584 0.0988 
        D393  2 0.7148 0.1315 0.1538 
        D394  2 0.3695 0.4721 0.1584 
        D395  2 0.7692 0.1367 0.0941 
        D401  2 0.1892 0.6727 0.1381 
        D402  2 0.6600 0.2067 0.1333 
        D403  2 0.2090 0.4902 0.3008 
        D415  2 0.7441 0.1412 0.1147 
        D435  2 0.7365 0.1478 0.1157 
        D436  2 0.3607 0.1723 0.4670 
        D438  2 0.7762 0.1189 0.1049 
        D439  2 0.5268 0.3777 0.0955 
        D449  2 0.5518 0.3555 0.0928 
        D450  2 0.1453 0.1883 0.6663 
        D456  2 0.6808 0.1071 0.2122 
        D462  2 0.8675 0.0784 0.0542 
        D463  2 0.5736 0.0821 0.3443 
        D464  2 0.5930 0.1371 0.2699 
        D465  2 0.8220 0.0917 0.0863 
        D473  2 0.1192 0.1454 0.7355 
        D474  2 0.6663 0.1328 0.2010 
        D476  2 0.3653 0.5529 0.0818 
        D477  2 0.3766 0.1708 0.4525 
        D478  2 0.4275 0.3260 0.2464 
        D480  2 0.5241 0.1266 0.3493 
        D481  2 0.5856 0.2448 0.1696 
        D482  2 0.2021 0.3414 0.4565 
        D483  2 0.6372 0.2460 0.1168 
        D484  2 0.3659 0.3549 0.2792 
        D510  2 0.1067 0.1301 0.7632 
        D511  2 0.7266 0.1247 0.1487 
        D512  2 0.3803 0.5431 0.0766 
        D513  2 0.6460 0.1143 0.2397 
        D635  2 0.7375 0.1616 0.1009 
        D636  2 0.1145 0.7624 0.1230 
        D637  2 0.3775 0.1961 0.4263 
        D658  2 0.3048 0.4530 0.2422 
        D659  2 0.5103 0.1821 0.3075 
        D677  2 0.3635 0.3302 0.3063 
        D678  2 0.2471 0.6423 0.1106 
        D679  2 0.5317 0.1275 0.3408 
        D719  2 0.5989 0.0764 0.3247 
        D720  2 0.4651 0.1183 0.4166 
        D721  2 0.4094 0.4560 0.1346 
        D722  2 0.1984 0.2916 0.5099 
        D734  2 0.4250 0.1091 0.4659 
        D735  2 0.3993 0.2649 0.3358 
        D736  2 0.4060 0.2098 0.3842 
        D737  2 0.2951 0.5480 0.1569 
        D807  2 0.3782 0.1428 0.4790 
        D808  2 0.4471 0.4318 0.1211 
        D817  2 0.4390 0.1575 0.4035 
        D818  2 0.7507 0.1256 0.1238 
        D819  2 0.7042 0.1438 0.1520 
        D820  2 0.7219 0.0866 0.1914 
        D895  2 0.3824 0.2798 0.3379 
        D896  2 0.1295 0.7240 0.1466 
        D897  2 0.1743 0.6812 0.1445 
        D898  2 0.2048 0.5814 0.2137 
        D918  2 0.3235 0.2521 0.4244 
        D919  2 0.7106 0.1689 0.1205 
        D920  2 0.0732 0.8344 0.0924 
        D923  2 0.6336 0.1369 0.2296 
        D930  2 0.1340 0.1341 0.7319 
        D931  2 0.6525 0.1310 0.2165 
        D968  2 0.8433 0.0900 0.0667 
        D969  2 0.7236 0.1415 0.1349 
        D977  2 0.7558 0.1316 0.1126 
        D978  2 0.3250 0.3603 0.3147 
        H008  2 0.4796 0.1628 0.3576 
        H021  2 0.3553 0.4484 0.1963 
        H023  2 0.1337 0.1586 0.7077 
        H024  2 0.4237 0.4521 0.1242 
        H025  2 0.3010 0.3066 0.3924 
        H026  2 0.8563 0.0793 0.0643 
        H027  2 0.5745 0.1819 0.2436 
        H028  2 0.2256 0.5480 0.2264 
        H029  2 0.7887 0.1106 0.1007 
        H030  2 0.5370 0.3732 0.0898 
        H038  2 0.1716 0.6473 0.1811 
        H039  2 0.0676 0.0940 0.8384 
        H040  2 0.1560 0.6401 0.2039 
        H041  2 0.6932 0.1063 0.2004 
        H042  2 0.1473 0.2292 0.6235 
        H043  2 0.1010 0.7363 0.1626 
        H044  2 0.2236 0.5519 0.2246 
        H047  2 0.1470 0.6242 0.2288 
        H050  2 0.6228 0.2316 0.1456 
        H058  2 0.1787 0.6882 0.1331 
        H062  2 0.0878 0.2193 0.6929 
        H063  2 0.4758 0.2718 0.2523 
        H065  2 0.4723 0.1108 0.4170 
        H066  2 0.2068 0.7172 0.0761 
        H067  2 0.2348 0.2815 0.4837 
        H068  2 0.1451 0.2386 0.6163 
        H069  2 0.3992 0.3476 0.2532 
        H071  2 0.3667 0.1333 0.5000 
        H072  2 0.1483 0.1292 0.7225 
        H073  2 0.4672 0.3271 0.2058 
        H081  2 0.2033 0.1024 0.6943 
        H082  2 0.5620 0.3355 0.1025 
        H083  2 0.6737 0.2202 0.1061 
        H084  2 0.2621 0.4612 0.2767 
        H085  2 0.6407 0.0792 0.2801 
        H087  2 0.3382 0.1590 0.5027 
        H088  2 0.4052 0.1850 0.4098 
        H089  2 0.3928 0.1656 0.4417 
        H090  2 0.8616 0.0633 0.0751 
        H091  2 0.7891 0.0829 0.1281 
        H098  2 0.3344 0.4177 0.2480 
      H10001  2 0.0728 0.1193 0.8079 
      H10002  2 0.2118 0.2494 0.5389 
        H101  2 0.6159 0.2645 0.1196 
        H108  2 0.0774 0.0763 0.8463 
        H109  2 0.3829 0.4462 0.1709 
        H110  2 0.5471 0.1562 0.2967 
        H116  2 0.4300 0.4016 0.1684 
        H117  2 0.7867 0.1099 0.1034 
        H118  2 0.8306 0.0705 0.0989 
        H119  2 0.6020 0.1216 0.2764 
        H120  2 0.0935 0.0724 0.8341 
        H121  2 0.8438 0.0597 0.0965 
        H125  2 0.1050 0.1661 0.7289 
        H126  2 0.1796 0.5273 0.2931 
        H128  2 0.9085 0.0519 0.0396 
        H129  2 0.3335 0.5383 0.1281 
        H130  2 0.0601 0.2292 0.7107 
        H133  2 0.1465 0.2350 0.6185 
        H134  2 0.6815 0.1942 0.1243 
        H135  2 0.4904 0.1584 0.3512 
        H137  2 0.4878 0.3828 0.1293 
        H138  2 0.4127 0.3979 0.1894 
        H140  2 0.6042 0.1523 0.2435 
        H146  2 0.8652 0.0601 0.0748 
        H147  2 0.6955 0.1579 0.1465 
        H148  2 0.5710 0.2326 0.1964 
     H166022  2 0.3641 0.3255 0.3103 
     H167359  2 0.2971 0.3227 0.3802 
     H167397  2 0.5872 0.3105 0.1023 
     H167428  2 0.8314 0.0785 0.0901 
     H167496  2 0.3173 0.1552 0.5275 
     H167513  2 0.0758 0.8313 0.0929 
     H167545  2 0.1174 0.7438 0.1388 
     H167547  2 0.5324 0.3613 0.1063 
     H169621  2 0.4103 0.4778 0.1119 
     H169622  2 0.2325 0.3294 0.4381 
     H169750  2 0.4563 0.2725 0.2712 
     H171806  2 0.6767 0.0849 0.2384 
     H171808  2 0.2788 0.1435 0.5778 
     H171809  2 0.2126 0.1473 0.6401 
     H171813  2 0.1897 0.6432 0.1671 
     H171815  2 0.1297 0.6855 0.1849 
     H171824  2 0.3679 0.0976 0.5345 
     H171825  2 0.1304 0.2098 0.6598 
     H171826  2 0.5743 0.1711 0.2546 
     H171827  2 0.4048 0.4483 0.1468 
     H171828  2 0.0970 0.0942 0.8087 
     H171829  2 0.1113 0.4251 0.4636 
     H171830  2 0.3848 0.2464 0.3688 
     H171831  2 0.3271 0.4299 0.2430 
     H171832  2 0.2036 0.5233 0.2731 
     H171863  2 0.5348 0.3625 0.1027 
     H171864  2 0.4347 0.2027 0.3626 
     H171865  2 0.3798 0.3090 0.3112 
     H171879  2 0.7972 0.1139 0.0889 
     H171880  2 0.6438 0.2519 0.1044 
     H171881  2 0.3160 0.4766 0.2074 
     H171882  2 0.0895 0.1249 0.7855 
     H171929  2 0.4925 0.1718 0.3357 
     H171930  2 0.1557 0.7569 0.0874 
     H171933  2 0.2947 0.4015 0.3037 
     H171934  2 0.1693 0.2336 0.5972 
     H171937  2 0.1695 0.5632 0.2672 
     H171962  2 0.3685 0.4154 0.2160 
        H190  2 0.3510 0.5053 0.1437 
        H191  2 0.2391 0.5049 0.2560 
        H396  2 0.3960 0.1154 0.4886 
        H397  2 0.2317 0.2298 0.5384 
        H398  2 0.3154 0.1791 0.5055 
        H400  2 0.1939 0.2099 0.5962 
        H401  2 0.4827 0.4221 0.0952 
        H402  2 0.3563 0.5406 0.1031 
        H427  2 0.4994 0.1864 0.3142 
        H428  2 0.8526 0.0693 0.0781 
        H497  2 0.1438 0.7096 0.1466 
        H512  2 0.5258 0.3299 0.1442 
        H513  2 0.0769 0.8257 0.0974 
        H514  2 0.4843 0.3913 0.1245 
        H519  2 0.1051 0.7709 0.1240 
        H532  2 0.7603 0.1053 0.1344 
        H543  2 0.6314 0.2452 0.1234 
        H544  2 0.2138 0.1483 0.6380 
        H545  2 0.0872 0.8087 0.1041 
        H546  2 0.1216 0.5549 0.3235 
        H547  2 0.5528 0.3488 0.0983 
        H548  2 0.2645 0.1479 0.5876 
        H549  2 0.0650 0.8502 0.0848 
        H620  2 0.0983 0.1433 0.7584 
        H623  2 0.1075 0.7932 0.0993 
        H624  2 0.0988 0.6594 0.2418 
        H625  2 0.2415 0.2089 0.5496 
        H626  2 0.2720 0.4164 0.3116 
        H654  2 0.0636 0.6611 0.2753 
        H655  2 0.1771 0.3338 0.4890 
        H656  2 0.0694 0.0856 0.8449 
        H666  2 0.3281 0.1489 0.5231 
        H667  2 0.3590 0.4689 0.1721 
        H677  2 0.4971 0.1612 0.3416 
        H693  2 0.1388 0.1361 0.7251 
        H694  2 0.2240 0.5543 0.2217 
        H701  2 0.4962 0.3450 0.1589 
        H702  2 0.2432 0.2829 0.4739 
        H731  2 0.3186 0.1474 0.5340 
       H7359  2 0.3040 0.2839 0.4121 
       H7389  2 0.7345 0.1484 0.1171 
       H7390  2 0.1661 0.4719 0.3619 
       H7391  2 0.5732 0.1216 0.3052 
       H7392  2 0.4687 0.2885 0.2428 
       H7393  2 0.1226 0.6299 0.2475 
       H7398  2 0.6228 0.1170 0.2602 
       H7399  2 0.6279 0.2604 0.1117 
       H7400  2 0.0617 0.2265 0.7118 
        H745  2 0.5101 0.3799 0.1100 
        H746  2 0.4449 0.4376 0.1175 
        H747  2 0.1310 0.2724 0.5966 
        H748  2 0.4550 0.3254 0.2196 
       H7484  2 0.0818 0.1481 0.7701 
       H7485  2 0.1999 0.7073 0.0928 
        H749  2 0.2283 0.5129 0.2588 
        H930  2 0.2637 0.6296 0.1067 
        H931  2 0.4890 0.0960 0.4150 
        H932  2 0.6821 0.1052 0.2127 
      H008.1  2 0.4691 0.0967 0.4342 
 H029.1_2002  2 0.4668 0.3746 0.1585 
 H029.1_2003  2 0.7661 0.0950 0.1389 
      H030.1  2 0.3279 0.3852 0.2869 
      H038.1  2 0.2655 0.1750 0.5595 
      H041.1  2 0.8944 0.0582 0.0474 
 H042.1_2002  2 0.7810 0.1014 0.1176 
 H042.1_2003  2 0.3559 0.3311 0.3130 
   H042_2002  2 0.1376 0.2334 0.6290 
   H042_2003  2 0.1493 0.2232 0.6276 
      H043.1  2 0.0904 0.7998 0.1098 
      H047.1  2 0.1089 0.6428 0.2484 
 H071.1_2002  2 0.2473 0.4167 0.3360 
 H071.1_2003  2 0.2912 0.2347 0.4742 
 H081.1_2002  2 0.3941 0.2442 0.3617 
 H081.1_2003  2 0.3382 0.4137 0.2481 
      H083.1  2 0.4268 0.4757 0.0975 
      H084.1  2 0.1120 0.7973 0.0907 
 H085.1_2002  2 0.4926 0.1548 0.3526 
 H085.1_2003  2 0.8339 0.0709 0.0952 
      H088.1  2 0.8580 0.0654 0.0766 
      H091.1  2 0.8892 0.0613 0.0496 
      H109.1  2 0.2010 0.6771 0.1218 
      H126.1  2 0.1548 0.3293 0.5158 
      H130.1  2 0.1211 0.1216 0.7573 
      H133.1  2 0.3977 0.2511 0.3513 
      H147.1  2 0.5046 0.3149 0.1806 
      H148.1  2 0.2449 0.2618 0.4933 
   H166022.1  2 0.7880 0.1323 0.0796 
   H167397.1  2 0.3415 0.5635 0.0950 
   H167496.1  2 0.5187 0.1627 0.3186 
   H167513.1  2 0.1518 0.6890 0.1592 
   H167547.1  2 0.2935 0.4025 0.3039 
   H169750.1  2 0.3538 0.2258 0.4204 
   H171929.1  2 0.4295 0.4606 0.1099 
   H171930.1  2 0.1650 0.7140 0.1210 
   H171933.1  2 0.5901 0.1442 0.2657 
      H190.1  2 0.1616 0.4449 0.3934 
      H400.1  2 0.7819 0.1177 0.1004 
 H428.1_2005  2 0.7078 0.1446 0.1475 
 H428.1_2006  2 0.7694 0.1225 0.1081 
      H453.1  2 0.6813 0.1769 0.1417 
      H512.1  2 0.3702 0.4767 0.1531 
      H513.1  2 0.3725 0.5231 0.1044 
      H532.1  2 0.3932 0.3248 0.2820 
      H543.1  2 0.7255 0.1913 0.0833 
 H545.1_2005  2 0.0780 0.8459 0.0761 
 H545.1_2006  2 0.7019 0.2034 0.0947 
      H547.1  2 0.7438 0.1439 0.1123 
      H548.1  2 0.2492 0.5243 0.2265 
     H7389.1  2 0.6799 0.0928 0.2273 
      H747.1  2 0.1746 0.3869 0.4385 
     H7484.1  2 0.2175 0.1791 0.6034 
     H7485.1  2 0.7574 0.1388 0.1038 
     H7496.1  2 0.3646 0.2689 0.3666 
        D211  3 0.1889 0.4476 0.3634 
     D229639  3 0.4372 0.1892 0.3736 
     D237212  3 0.4812 0.1898 0.3290 
     D237213  3 0.2886 0.4374 0.2739 
     D237214  3 0.2970 0.5322 0.1708 
     D237215  3 0.2257 0.4186 0.3558 
     D237216  3 0.2430 0.5656 0.1914 
     D237217  3 0.2453 0.6267 0.1280 
     D237218  3 0.2864 0.3949 0.3187 
     D237219  3 0.1322 0.3663 0.5015 
     D237382  3 0.1612 0.3228 0.5160 
     D244127  3 0.1514 0.7507 0.0979 
     D244129  3 0.4549 0.2569 0.2882 
     D244133  3 0.2677 0.1987 0.5336 
     D244134  3 0.2310 0.2093 0.5598 
     D244135  3 0.3273 0.4894 0.1833 
     D244136  3 0.3521 0.1160 0.5319 
        D416  3 0.3990 0.4613 0.1397 
        D417  3 0.3021 0.3307 0.3672 
        D419  3 0.3349 0.2969 0.3682 
        D565  3 0.1250 0.0656 0.8094 
        D566  3 0.5499 0.1243 0.3259 
        D567  3 0.4517 0.2169 0.3315 
        D568  3 0.4004 0.4454 0.1542 
        D569  3 0.4042 0.4022 0.1936 
        D573  3 0.8503 0.0726 0.0771 
        D574  3 0.2718 0.2835 0.4447 
        D575  3 0.1675 0.1994 0.6331 
        D576  3 0.2757 0.5099 0.2144 
        D577  3 0.1931 0.1962 0.6107 
        D578  3 0.1695 0.7596 0.0709 
        D579  3 0.2743 0.1771 0.5486 
        D660  3 0.3451 0.4922 0.1627 
        D661  3 0.2039 0.6783 0.1178 
        D663  3 0.7107 0.1409 0.1485 
        D664  3 0.1285 0.4987 0.3728 
        D665  3 0.1718 0.7013 0.1268 
        D666  3 0.1779 0.2613 0.5608 
        H111  3 0.1797 0.6394 0.1809 
        H951  3 0.4986 0.3221 0.1793 
        H952  3 0.4962 0.2180 0.2858 
        H953  3 0.6649 0.1071 0.2280 
        H954  3 0.1840 0.3378 0.4782 
        H955  3 0.4927 0.3767 0.1305 
        H956  3 0.7227 0.1139 0.1635 
       H9563  3 0.3532 0.2327 0.4141 
        D009  4 0.1038 0.7409 0.1553 
        D057  4 0.3100 0.5347 0.1553 
        D109  4 0.1384 0.3364 0.5253 
     D237222  4 0.1045 0.6489 0.2466 
     D237223  4 0.1724 0.5469 0.2807 
     D237224  4 0.6850 0.1728 0.1422 
     D237225  4 0.1449 0.5860 0.2692 
     D237299  4 0.1320 0.6212 0.2468 
     D237300  4 0.4577 0.3222 0.2201 
     D237306  4 0.1985 0.2462 0.5553 
     D237307  4 0.2369 0.1264 0.6367 
     D237308  4 0.2742 0.3205 0.4053 
     D237309  4 0.1773 0.6613 0.1614 
     D237317  4 0.1692 0.1925 0.6382 
     D237318  4 0.8564 0.0744 0.0692 
     D237319  4 0.2735 0.4522 0.2743 
     D237320  4 0.4460 0.3822 0.1719 
     D237321  4 0.5048 0.2937 0.2015 
     D237397  4 0.2314 0.3517 0.4169 
     D237398  4 0.7401 0.1528 0.1070 
     D237399  4 0.2887 0.2486 0.4627 
     D244001  4 0.1088 0.7537 0.1376 
        D289  4 0.5040 0.1618 0.3342 
        D290  4 0.2095 0.3769 0.4137 
        D294  4 0.1930 0.4581 0.3490 
        D295  4 0.1804 0.2506 0.5691 
        D301  4 0.0825 0.7691 0.1484 
        D302  4 0.3979 0.1939 0.4082 
        D303  4 0.1283 0.1544 0.7173 
        D304  4 0.1877 0.1908 0.6215 
        D305  4 0.2362 0.6547 0.1091 
        D306  4 0.1699 0.3297 0.5004 
        D307  4 0.0710 0.6984 0.2306 
        D327  4 0.4813 0.1019 0.4168 
        D328  4 0.1427 0.1798 0.6775 
        D329  4 0.2003 0.6200 0.1797 
        D330  4 0.4058 0.4679 0.1263 
        D331  4 0.2478 0.3131 0.4391 
        D333  4 0.1278 0.3279 0.5443 
        D334  4 0.1405 0.1194 0.7401 
        D335  4 0.4826 0.1601 0.3573 
        D370  4 0.1475 0.4144 0.4382 
        D371  4 0.2558 0.0806 0.6636 
        D372  4 0.1626 0.5514 0.2860 
        D373  4 0.1978 0.6808 0.1214 
        D455  4 0.1190 0.7257 0.1553 
        D490  4 0.0775 0.7707 0.1517 
        D497  4 0.0898 0.7935 0.1167 
        D498  4 0.2117 0.3384 0.4498 
        D499  4 0.5843 0.2356 0.1801 
        D514  4 0.4161 0.2881 0.2959 
        D515  4 0.1525 0.6112 0.2363 
        D516  4 0.3370 0.2330 0.4300 
        D517  4 0.1342 0.7818 0.0839 
        D518  4 0.1768 0.4463 0.3769 
        D519  4 0.2918 0.5364 0.1718 
        D560  4 0.1579 0.6642 0.1779 
        D561  4 0.6592 0.2489 0.0919 
        D562  4 0.3485 0.3966 0.2549 
        D563  4 0.7735 0.1592 0.0673 
        D572  4 0.4092 0.2589 0.3319 
        D629  4 0.5017 0.1987 0.2996 
        D630  4 0.2621 0.3222 0.4157 
        D631  4 0.3351 0.4195 0.2454 
        D632  4 0.2210 0.6369 0.1421 
        D646  4 0.2771 0.5792 0.1437 
        D647  4 0.4903 0.3795 0.1302 
        D648  4 0.0961 0.2269 0.6771 
        D649  4 0.3359 0.3384 0.3257 
        D650  4 0.2023 0.1661 0.6316 
        D708  4 0.1445 0.2631 0.5923 
        D709  4 0.1148 0.2948 0.5904 
        D738  4 0.1992 0.2372 0.5636 
        D739  4 0.1606 0.6356 0.2038 
        D740  4 0.1454 0.5468 0.3078 
        D741  4 0.7675 0.1344 0.0981 
        D742  4 0.6505 0.1589 0.1906 
        D743  4 0.6144 0.1174 0.2682 
        D744  4 0.6762 0.1545 0.1693 
        D745  4 0.1989 0.5951 0.2060 
        D814  4 0.2082 0.6232 0.1685 
        D815  4 0.1757 0.1887 0.6356 
        D828  4 0.0841 0.5054 0.4105 
        D845  4 0.7036 0.0989 0.1975 
        D846  4 0.5567 0.2941 0.1492 
        D847  4 0.3697 0.3101 0.3202 
        D848  4 0.2814 0.6299 0.0888 
        D849  4 0.1071 0.7371 0.1558 
        D850  4 0.6479 0.1277 0.2243 
        D856  4 0.2847 0.4642 0.2511 
        D857  4 0.0584 0.8283 0.1133 
        D859  4 0.3860 0.3467 0.2674 
        D860  4 0.5159 0.1273 0.3568 
        D883  4 0.2541 0.2353 0.5107 
        D884  4 0.1720 0.2923 0.5358 
        D885  4 0.5417 0.3167 0.1416 
        D886  4 0.2064 0.5173 0.2764 
        D887  4 0.3396 0.3094 0.3510 
        D889  4 0.2236 0.2891 0.4873 
        D890  4 0.1980 0.2335 0.5685 
        D891  4 0.8789 0.0684 0.0527 
        D899  4 0.5815 0.1702 0.2483 
        D900  4 0.4744 0.2586 0.2669 
        D970  4 0.4344 0.2882 0.2774 
        D971  4 0.5468 0.1896 0.2636 
        D979  4 0.5228 0.1113 0.3659 
        H002  4 0.1465 0.5027 0.3508 
        H003  4 0.4181 0.3702 0.2117 
        H009  4 0.1021 0.7318 0.1661 
        H010  4 0.3405 0.3912 0.2683 
        H011  4 0.1350 0.2747 0.5903 
        H012  4 0.3325 0.3430 0.3245 
        H013  4 0.4242 0.1993 0.3765 
        H014  4 0.3010 0.4542 0.2448 
        H045  4 0.3715 0.1943 0.4342 
        H046  4 0.3374 0.3434 0.3192 
        H051  4 0.1888 0.1618 0.6493 
        H052  4 0.0815 0.1711 0.7474 
        H053  4 0.5468 0.2172 0.2360 
        H056  4 0.0687 0.3930 0.5383 
        H076  4 0.8079 0.1174 0.0747 
        H151  4 0.3600 0.2561 0.3839 
        H152  4 0.1372 0.1245 0.7383 
     H171803  4 0.1368 0.6571 0.2061 
     H171804  4 0.1276 0.3224 0.5500 
     H171833  4 0.1186 0.7889 0.0926 
     H171855  4 0.1443 0.5141 0.3416 
     H171856  4 0.1891 0.6204 0.1904 
     H171857  4 0.2480 0.2629 0.4891 
     H171858  4 0.2705 0.0904 0.6391 
     H171859  4 0.2836 0.1491 0.5673 
     H171961  4 0.3889 0.2421 0.3689 
        H198  4 0.5208 0.3084 0.1707 
      H20001  4 0.0663 0.8680 0.0658 
        H403  4 0.2592 0.5734 0.1673 
        H404  4 0.4892 0.2226 0.2882 
        H405  4 0.3775 0.3740 0.2485 
        H406  4 0.3028 0.6101 0.0871 
        H407  4 0.3117 0.3037 0.3846 
        H410  4 0.8298 0.0906 0.0796 
        H411  4 0.1415 0.7676 0.0909 
        H468  4 0.1632 0.7259 0.1109 
        H476  4 0.2271 0.3717 0.4012 
        H477  4 0.0745 0.7377 0.1879 
        H478  4 0.1026 0.7427 0.1547 
        H479  4 0.3091 0.1107 0.5802 
        H480  4 0.3244 0.4493 0.2263 
        H498  4 0.2364 0.5779 0.1858 
        H499  4 0.1502 0.4200 0.4298 
        H500  4 0.2333 0.3019 0.4648 
        H515  4 0.1833 0.5510 0.2657 
        H516  4 0.2972 0.5821 0.1208 
        H517  4 0.7182 0.0848 0.1970 
        H518  4 0.0826 0.1776 0.7398 
        H520  4 0.1603 0.3789 0.4608 
        H521  4 0.4478 0.2850 0.2672 
        H522  4 0.1334 0.7169 0.1497 
        H523  4 0.3637 0.2413 0.3949 
        H536  4 0.2753 0.3432 0.3815 
        H645  4 0.2576 0.0926 0.6498 
        H646  4 0.7716 0.1325 0.0959 
        H647  4 0.2822 0.4857 0.2321 
        H657  4 0.6342 0.1583 0.2075 
        H658  4 0.3498 0.1731 0.4770 
        H659  4 0.1093 0.6407 0.2500 
        H660  4 0.1617 0.4174 0.4210 
        H661  4 0.1133 0.7750 0.1116 
        H668  4 0.3251 0.2961 0.3789 
        H669  4 0.7421 0.1367 0.1211 
        H670  4 0.2190 0.0825 0.6986 
        H678  4 0.3518 0.5292 0.1190 
        H679  4 0.7364 0.1368 0.1268 
        H680  4 0.3059 0.4680 0.2261 
        H681  4 0.1687 0.1143 0.7170 
        H682  4 0.5674 0.2732 0.1594 
        H683  4 0.3628 0.3722 0.2650 
        H718  4 0.2593 0.1658 0.5750 
        H719  4 0.2809 0.3395 0.3796 
        H720  4 0.0642 0.5915 0.3443 
        H721  4 0.0540 0.6996 0.2464 
        H722  4 0.2434 0.5779 0.1786 
        H723  4 0.3906 0.1972 0.4122 
        H724  4 0.1252 0.1347 0.7400 
        H725  4 0.1000 0.3301 0.5698 
        H726  4 0.3592 0.3731 0.2677 
        H727  4 0.3772 0.1969 0.4259 
        H910  4 0.1862 0.2107 0.6031 
        H911  4 0.7395 0.1490 0.1114 
        H912  4 0.4118 0.4094 0.1788 
        H913  4 0.3787 0.2475 0.3738 
        H914  4 0.2174 0.1393 0.6434 
        H915  4 0.3357 0.4263 0.2380 
        H916  4 0.1483 0.7109 0.1408 
       H9572  4 0.0855 0.8135 0.1010 
      H009.1  4 0.1264 0.1664 0.7073 
      H046.4  4 0.4159 0.3053 0.2788 
 H076.1_2002  4 0.8468 0.1024 0.0508 
 H076.1_2003  4 0.8852 0.0660 0.0487 
 H076.1_2004  4 0.8259 0.1003 0.0738 
      H477.1  4 0.0890 0.7442 0.1667 
 H479.1_2005  4 0.3650 0.1929 0.4422 
 H479.1_2006  4 0.2342 0.5311 0.2347 
      H516.1  4 0.4176 0.3687 0.2137 
      H646.1  4 0.3903 0.3863 0.2233 
      H658.1  4 0.1628 0.5673 0.2699 
      H682.1  4 0.4893 0.1457 0.3650 
      H720.1  4 0.4001 0.3704 0.2294 
      H724.1  4 0.4056 0.2629 0.3315 
      H725.1  4 0.0936 0.1989 0.7075 
      H726.1  4 0.1528 0.5861 0.2611 
        UNK1  4 0.1917 0.1508 0.6575 
        D093  5 0.1008 0.1176 0.7816 
        D154  5 0.3854 0.2142 0.4004 
        D168  5 0.4475 0.3631 0.1894 
        D189  5 0.2547 0.1235 0.6218 
        D190  5 0.1210 0.0990 0.7800 
     D237220  5 0.1666 0.5218 0.3115 
     D237221  5 0.2266 0.1360 0.6375 
     D237274  5 0.5138 0.3131 0.1731 
     D237275  5 0.3678 0.4787 0.1535 
     D237276  5 0.0988 0.2155 0.6857 
     D237277  5 0.1108 0.0948 0.7944 
     D237278  5 0.3746 0.4309 0.1946 
     D237279  5 0.2616 0.6034 0.1350 
     D237280  5 0.0982 0.4720 0.4298 
     D237281  5 0.8231 0.0985 0.0784 
     D237351  5 0.0698 0.4032 0.5270 
     D237352  5 0.3387 0.3391 0.3223 
     D237353  5 0.1005 0.1080 0.7916 
     D237359  5 0.2007 0.5123 0.2871 
     D237361  5 0.0842 0.0766 0.8392 
     D237362  5 0.3111 0.1503 0.5386 
     D237363  5 0.5101 0.3398 0.1502 
     D237364  5 0.3146 0.5470 0.1385 
     D237376  5 0.1296 0.2217 0.6487 
     D237377  5 0.4929 0.1647 0.3424 
     D237378  5 0.1259 0.1740 0.7001 
     D237379  5 0.2958 0.2176 0.4866 
     D237380  5 0.0514 0.7392 0.2094 
     D237381  5 0.1016 0.6652 0.2332 
     D237391  5 0.1147 0.0837 0.8016 
     D237392  5 0.6888 0.1676 0.1436 
     D237393  5 0.3241 0.2361 0.4398 
     D237394  5 0.1122 0.0738 0.8140 
     D237395  5 0.0950 0.3542 0.5508 
     D237396  5 0.7578 0.0845 0.1577 
     D244016  5 0.2902 0.1663 0.5435 
     D244018  5 0.6132 0.1356 0.2512 
     D244019  5 0.4039 0.1819 0.4142 
        D279  5 0.1924 0.4531 0.3545 
        D280  5 0.3068 0.2482 0.4450 
        D281  5 0.5714 0.1738 0.2548 
        D283  5 0.3415 0.1124 0.5461 
        D284  5 0.2974 0.4168 0.2859 
        D285  5 0.1232 0.1271 0.7498 
        D286  5 0.1331 0.1957 0.6712 
        D287  5 0.0899 0.2574 0.6527 
        D288  5 0.6110 0.1492 0.2398 
        D308  5 0.0965 0.6375 0.2660 
        D309  5 0.5014 0.2918 0.2068 
        D310  5 0.0835 0.1117 0.8048 
        D311  5 0.1561 0.1132 0.7307 
        D312  5 0.1377 0.1419 0.7204 
        D313  5 0.0553 0.8418 0.1028 
        D314  5 0.1431 0.4429 0.4140 
        D315  5 0.4953 0.2566 0.2481 
        D317  5 0.1187 0.0845 0.7968 
        D318  5 0.6094 0.1772 0.2134 
        D319  5 0.0874 0.1098 0.8028 
        D320  5 0.0977 0.1125 0.7898 
        D321  5 0.2323 0.4905 0.2771 
        D336  5 0.0778 0.0652 0.8570 
        D337  5 0.1585 0.0778 0.7637 
        D338  5 0.1963 0.2291 0.5747 
        D339  5 0.1134 0.1831 0.7035 
        D347  5 0.2737 0.3875 0.3389 
        D348  5 0.2003 0.1365 0.6632 
        D349  5 0.0672 0.5793 0.3535 
        D350  5 0.3524 0.3684 0.2792 
        D355  5 0.6532 0.1650 0.1818 
        D356  5 0.2874 0.2186 0.4940 
        D357  5 0.1563 0.5483 0.2954 
        D358  5 0.4134 0.1581 0.4285 
        D359  5 0.2331 0.1221 0.6448 
        D360  5 0.1775 0.1959 0.6267 
        D361  5 0.0815 0.7032 0.2153 
        D366  5 0.8340 0.0712 0.0948 
        D367  5 0.1259 0.2797 0.5944 
        D368  5 0.1338 0.2410 0.6253 
        D380  5 0.6809 0.1613 0.1579 
        D381  5 0.2096 0.1843 0.6061 
        D400  5 0.1523 0.1663 0.6814 
        D411  5 0.1390 0.7785 0.0825 
        D412  5 0.1996 0.6004 0.2000 
        D413  5 0.6543 0.2195 0.1262 
        D414  5 0.3436 0.3767 0.2797 
        D420  5 0.5200 0.2781 0.2019 
        D431  5 0.1859 0.5042 0.3099 
        D432  5 0.2182 0.2756 0.5062 
        D433  5 0.1324 0.1311 0.7366 
        D434  5 0.2019 0.2264 0.5717 
        D440  5 0.2439 0.5292 0.2268 
        D447  5 0.6751 0.2207 0.1042 
        D448  5 0.1086 0.1452 0.7461 
        D459  5 0.8653 0.0590 0.0757 
        D460  5 0.2080 0.5831 0.2089 
        D461  5 0.2992 0.2254 0.4754 
        D468  5 0.4630 0.1281 0.4088 
        D469  5 0.2634 0.1915 0.5451 
        D470  5 0.1067 0.3766 0.5168 
        D471  5 0.1916 0.1229 0.6855 
        D472  5 0.8084 0.0963 0.0953 
        D479  5 0.5415 0.3207 0.1378 
        D485  5 0.2396 0.3173 0.4431 
        D486  5 0.3269 0.1753 0.4978 
        D487  5 0.1479 0.5012 0.3509 
        D555  5 0.2553 0.1109 0.6338 
        D556  5 0.1775 0.2399 0.5826 
        D557  5 0.2006 0.0787 0.7207 
        D564  5 0.4017 0.3989 0.1995 
        D594  5 0.2874 0.2203 0.4923 
        D595  5 0.3030 0.1572 0.5398 
        D596  5 0.1932 0.1088 0.6980 
        D597  5 0.2696 0.1403 0.5901 
        D598  5 0.1767 0.1992 0.6241 
        D617  5 0.1890 0.7101 0.1008 
        D618  5 0.1611 0.1393 0.6995 
        D619  5 0.2927 0.4371 0.2702 
        D620  5 0.6988 0.1556 0.1456 
        D628  5 0.1618 0.5002 0.3380 
        D714  5 0.3837 0.1430 0.4733 
        D715  5 0.3396 0.0982 0.5621 
        D716  5 0.3035 0.2674 0.4291 
        D717  5 0.4727 0.1635 0.3638 
        D718  5 0.1289 0.5058 0.3653 
        D769  5 0.1080 0.8000 0.0919 
        D770  5 0.4955 0.2016 0.3029 
        D771  5 0.3482 0.4134 0.2384 
        D772  5 0.1365 0.1418 0.7217 
        D782  5 0.5416 0.3537 0.1046 
        D783  5 0.4664 0.1829 0.3507 
        D784  5 0.4718 0.1098 0.4184 
        D785  5 0.0830 0.1097 0.8073 
        D786  5 0.2589 0.5772 0.1639 
        D821  5 0.0704 0.0567 0.8729 
        D822  5 0.4996 0.1446 0.3558 
        D826  5 0.2792 0.1476 0.5732 
        D827  5 0.6194 0.1762 0.2044 
        D851  5 0.4644 0.3566 0.1790 
        D852  5 0.2109 0.5052 0.2840 
        D853  5 0.1120 0.2023 0.6857 
        D854  5 0.5178 0.3037 0.1785 
        D861  5 0.3324 0.2765 0.3911 
        D862  5 0.1946 0.1168 0.6886 
        D865  5 0.2081 0.1634 0.6285 
        D868  5 0.3088 0.1708 0.5204 
        D869  5 0.2503 0.5661 0.1837 
        D870  5 0.4666 0.3660 0.1674 
        D907  5 0.0991 0.1889 0.7119 
        D908  5 0.1201 0.4475 0.4324 
        D910  5 0.3465 0.1104 0.5432 
        D911  5 0.7412 0.1155 0.1432 
        D934  5 0.5329 0.2158 0.2513 
        D946  5 0.2642 0.5745 0.1613 
        D947  5 0.1433 0.3484 0.5083 
        D948  5 0.0984 0.4534 0.4482 
        D949  5 0.0801 0.4448 0.4752 
        D950  5 0.7181 0.1316 0.1503 
        D951  5 0.6577 0.1248 0.2175 
