        D174  1 0.1819 0.0731 0.1160 0.4675 0.0623 0.0349 0.0643 
        D199  1 0.2076 0.1406 0.3798 0.0710 0.0927 0.0830 0.0254 
        D203  1 0.2509 0.0976 0.1924 0.0572 0.0754 0.1986 0.1280 
        D204  1 0.6836 0.0350 0.1232 0.0370 0.0401 0.0445 0.0367 
     D237366  1 0.0664 0.0693 0.0374 0.0619 0.0376 0.0387 0.6887 
     D237367  1 0.4578 0.0770 0.1903 0.0969 0.0784 0.0418 0.0578 
     D237368  1 0.1001 0.1036 0.2275 0.0456 0.4257 0.0433 0.0542 
     D244101  1 0.2419 0.1056 0.4352 0.0221 0.0344 0.1296 0.0313 
     D244102  1 0.0854 0.2086 0.0977 0.1025 0.1847 0.2087 0.1124 
     D244103  1 0.3617 0.2572 0.0442 0.0876 0.0575 0.0839 0.1078 
     D244104  1 0.5807 0.0544 0.0918 0.0828 0.0579 0.1008 0.0316 
     D244105  1 0.2313 0.2403 0.0258 0.0243 0.2313 0.0887 0.1582 
     D244106  1 0.0663 0.1011 0.1213 0.2094 0.0295 0.0644 0.4080 
     D244107  1 0.0546 0.1686 0.0644 0.0219 0.5703 0.0846 0.0355 
     D244108  1 0.1538 0.0916 0.0881 0.2071 0.3398 0.0777 0.0420 
     D244113  1 0.0287 0.0739 0.0328 0.7841 0.0436 0.0183 0.0186 
     D244114  1 0.0609 0.2537 0.0411 0.0875 0.0414 0.0830 0.4325 
     D244115  1 0.2194 0.1741 0.0754 0.2852 0.0898 0.1007 0.0554 
     D267365  1 0.4073 0.0920 0.0816 0.1726 0.0490 0.1436 0.0539 
        D404  1 0.0314 0.1305 0.1390 0.5444 0.0453 0.0517 0.0577 
        D405  1 0.1509 0.2600 0.1558 0.2354 0.0752 0.0655 0.0572 
        D406  1 0.0588 0.0329 0.0318 0.0409 0.7384 0.0272 0.0700 
        D407  1 0.2622 0.1514 0.4403 0.0464 0.0389 0.0319 0.0288 
        D408  1 0.0380 0.0692 0.0519 0.6353 0.0206 0.1529 0.0322 
        D409  1 0.0865 0.3276 0.0651 0.0396 0.0450 0.3955 0.0407 
        D410  1 0.0841 0.0729 0.0202 0.0399 0.7175 0.0298 0.0357 
        D421  1 0.6516 0.0262 0.2357 0.0284 0.0131 0.0304 0.0146 
        D422  1 0.0276 0.0712 0.0176 0.0199 0.6204 0.0367 0.2066 
        D423  1 0.0589 0.0580 0.1736 0.0267 0.6297 0.0299 0.0231 
        D424  1 0.7239 0.1361 0.0279 0.0384 0.0299 0.0228 0.0210 
        D425  1 0.3752 0.1554 0.0665 0.1534 0.0264 0.1875 0.0356 
        D426  1 0.0299 0.5313 0.0647 0.0314 0.0282 0.2424 0.0720 
        D427  1 0.1922 0.0341 0.5954 0.0486 0.0244 0.0780 0.0272 
        D428  1 0.1817 0.2484 0.1017 0.2325 0.1270 0.0714 0.0373 
        D429  1 0.3047 0.1181 0.0792 0.1272 0.0295 0.0587 0.2826 
        D430  1 0.0941 0.1901 0.2112 0.1067 0.0305 0.1264 0.2410 
        D491  1 0.0912 0.0906 0.0502 0.5852 0.0707 0.0854 0.0267 
        D492  1 0.2776 0.1536 0.2388 0.2146 0.0363 0.0399 0.0392 
        D537  1 0.6523 0.0905 0.0594 0.0703 0.0717 0.0240 0.0317 
        D538  1 0.0562 0.2400 0.2105 0.1109 0.2419 0.0926 0.0478 
        D539  1 0.0668 0.1079 0.0485 0.2168 0.1137 0.1386 0.3077 
        D540  1 0.2361 0.4114 0.0497 0.1007 0.0566 0.1123 0.0332 
        D541  1 0.7262 0.0435 0.0869 0.0218 0.0311 0.0730 0.0175 
        D551  1 0.0367 0.3189 0.0292 0.0347 0.0591 0.0746 0.4467 
        D552  1 0.1477 0.0866 0.0656 0.0855 0.4971 0.0709 0.0467 
        D553  1 0.8676 0.0236 0.0150 0.0217 0.0168 0.0396 0.0157 
        D615  1 0.3833 0.1217 0.0641 0.1040 0.1581 0.1008 0.0679 
        D616  1 0.1288 0.1775 0.2737 0.0609 0.1142 0.2082 0.0366 
        D621  1 0.0207 0.0469 0.0245 0.2289 0.6119 0.0298 0.0372 
        D622  1 0.0586 0.0876 0.0410 0.0771 0.5233 0.0722 0.1402 
        D623  1 0.0342 0.0602 0.6279 0.1503 0.0487 0.0560 0.0229 
        D624  1 0.1441 0.1774 0.0419 0.4942 0.0405 0.0477 0.0542 
        D625  1 0.5712 0.0668 0.0400 0.1752 0.0592 0.0397 0.0479 
        D626  1 0.2456 0.0606 0.0331 0.3240 0.0901 0.1724 0.0742 
        D627  1 0.1059 0.3167 0.0420 0.0399 0.0276 0.4045 0.0634 
        D690  1 0.5999 0.0358 0.0347 0.1924 0.0639 0.0490 0.0243 
        D691  1 0.0894 0.0401 0.0506 0.0370 0.1805 0.0421 0.5604 
        D710  1 0.2066 0.1495 0.1793 0.1295 0.1511 0.1625 0.0215 
        D711  1 0.5535 0.0719 0.0941 0.0648 0.0913 0.0610 0.0633 
        D712  1 0.0434 0.0856 0.1308 0.5037 0.0918 0.1054 0.0393 
        D713  1 0.2037 0.1712 0.0326 0.4565 0.0603 0.0357 0.0400 
        D746  1 0.0691 0.0296 0.0331 0.0407 0.6677 0.0314 0.1285 
        D747  1 0.7169 0.0370 0.1132 0.0274 0.0208 0.0572 0.0275 
        D748  1 0.2422 0.0593 0.0572 0.0847 0.0802 0.0598 0.4167 
        D749  1 0.0410 0.2998 0.0339 0.0730 0.4228 0.0591 0.0703 
        D750  1 0.1397 0.0519 0.0593 0.6037 0.0531 0.0397 0.0527 
        D763  1 0.1187 0.1594 0.1977 0.0733 0.1981 0.1544 0.0983 
        D764  1 0.5372 0.0690 0.0691 0.1323 0.0882 0.0817 0.0226 
        D765  1 0.0608 0.1852 0.0228 0.0718 0.4830 0.1043 0.0720 
        D766  1 0.0925 0.0958 0.0396 0.1035 0.5848 0.0370 0.0469 
        D767  1 0.2698 0.1154 0.0979 0.0942 0.2031 0.0781 0.1414 
        D768  1 0.8425 0.0344 0.0277 0.0157 0.0246 0.0271 0.0280 
        D811  1 0.0382 0.1373 0.0491 0.6368 0.0498 0.0615 0.0272 
        D816  1 0.8115 0.0386 0.0385 0.0391 0.0237 0.0262 0.0224 
        D825  1 0.1121 0.1390 0.0473 0.4746 0.1259 0.0572 0.0439 
        D866  1 0.0849 0.1061 0.1621 0.0997 0.0526 0.4231 0.0715 
        D867  1 0.0431 0.1268 0.0609 0.0547 0.6352 0.0344 0.0449 
        D871  1 0.0871 0.3353 0.0328 0.1448 0.0255 0.2972 0.0772 
        D872  1 0.2944 0.0454 0.0525 0.0532 0.4931 0.0316 0.0298 
        D873  1 0.0109 0.0226 0.0172 0.0168 0.9015 0.0136 0.0175 
        D874  1 0.2150 0.1004 0.1257 0.4074 0.0243 0.0588 0.0684 
        D875  1 0.0390 0.4411 0.0491 0.0428 0.0640 0.2388 0.1253 
        D876  1 0.5025 0.0941 0.0530 0.1269 0.1279 0.0584 0.0373 
        D877  1 0.0443 0.1287 0.0469 0.6938 0.0270 0.0246 0.0346 
        D892  1 0.3951 0.0563 0.0945 0.1173 0.0430 0.0385 0.2553 
        D893  1 0.5485 0.1225 0.0548 0.0390 0.0597 0.0695 0.1059 
        D894  1 0.3463 0.1151 0.0678 0.0767 0.0363 0.1653 0.1925 
        D915  1 0.6240 0.0696 0.0508 0.0450 0.0739 0.0596 0.0771 
        D916  1 0.7527 0.0357 0.0740 0.0377 0.0298 0.0468 0.0233 
        D917  1 0.2077 0.1415 0.1644 0.2610 0.0377 0.1716 0.0161 
        D925  1 0.1675 0.0343 0.0281 0.0635 0.6523 0.0327 0.0217 
        D926  1 0.5884 0.1191 0.0293 0.0841 0.0356 0.0566 0.0868 
        D927  1 0.1770 0.0881 0.5001 0.0421 0.0610 0.0515 0.0803 
        D928  1 0.1131 0.0572 0.0456 0.6914 0.0418 0.0355 0.0154 
        D929  1 0.0983 0.1306 0.0415 0.4335 0.0638 0.0631 0.1692 
        D936  1 0.5035 0.0864 0.1062 0.0709 0.0383 0.1168 0.0780 
        D938  1 0.0310 0.0300 0.0224 0.0443 0.8051 0.0234 0.0438 
        D956  1 0.0519 0.1763 0.0872 0.4204 0.0497 0.1163 0.0982 
        D957  1 0.1893 0.0918 0.0660 0.0337 0.5190 0.0638 0.0364 
        D958  1 0.1531 0.0680 0.0615 0.2479 0.3996 0.0365 0.0335 
        D959  1 0.2454 0.2877 0.3199 0.0307 0.0455 0.0259 0.0449 
        D960  1 0.0470 0.0569 0.0276 0.0329 0.6927 0.0183 0.1245 
        D989  1 0.0762 0.1032 0.4809 0.1229 0.0258 0.1509 0.0401 
        D990  1 0.0245 0.0537 0.0393 0.0275 0.7369 0.0781 0.0400 
        H102  1 0.3356 0.0785 0.0399 0.3399 0.0938 0.0515 0.0608 
        H103  1 0.1345 0.4997 0.0956 0.0293 0.0887 0.1192 0.0331 
        H104  1 0.3018 0.1005 0.0638 0.0972 0.0369 0.1886 0.2113 
        H105  1 0.2414 0.1369 0.0945 0.3074 0.0653 0.1236 0.0310 
        H106  1 0.0816 0.0850 0.0595 0.0669 0.2824 0.0624 0.3621 
        H112  1 0.1366 0.1648 0.0768 0.2242 0.0812 0.1143 0.2020 
        H113  1 0.1946 0.1321 0.0859 0.0565 0.0579 0.4190 0.0541 
        H114  1 0.3279 0.0993 0.0952 0.0287 0.0733 0.3384 0.0372 
        H115  1 0.3392 0.0906 0.0589 0.0984 0.0500 0.1076 0.2553 
        H143  1 0.6742 0.0844 0.0318 0.0441 0.1135 0.0250 0.0270 
        H144  1 0.5723 0.2179 0.0573 0.0369 0.0466 0.0284 0.0405 
        H145  1 0.0183 0.0886 0.0292 0.6567 0.0597 0.1124 0.0351 
        H149  1 0.2244 0.0924 0.1039 0.0711 0.0348 0.0798 0.3936 
        H150  1 0.0269 0.3579 0.0791 0.1907 0.0572 0.1053 0.1829 
     H167542  1 0.7898 0.0427 0.0259 0.0459 0.0388 0.0198 0.0370 
     H169604  1 0.1146 0.1030 0.2397 0.2648 0.0302 0.1408 0.1070 
     H169607  1 0.0592 0.1832 0.0708 0.5045 0.0546 0.0820 0.0456 
     H169608  1 0.0595 0.0572 0.0400 0.6508 0.0731 0.0718 0.0477 
     H169633  1 0.2361 0.1755 0.1563 0.1062 0.0738 0.1923 0.0599 
     H169688  1 0.0961 0.0952 0.1318 0.0486 0.5391 0.0272 0.0620 
     H169714  1 0.0454 0.0359 0.0318 0.0270 0.0236 0.0443 0.7919 
     H171802  1 0.1044 0.1648 0.2450 0.0514 0.1682 0.1286 0.1375 
     H171805  1 0.0779 0.2110 0.0337 0.0492 0.3346 0.0825 0.2111 
     H171807  1 0.0409 0.1802 0.1822 0.3419 0.0712 0.0606 0.1231 
     H171814  1 0.0974 0.2523 0.3128 0.0288 0.0704 0.2119 0.0264 
     H171816  1 0.0597 0.2370 0.1265 0.1149 0.2291 0.1409 0.0919 
     H171817  1 0.0699 0.0906 0.0448 0.4751 0.1022 0.1217 0.0956 
     H171818  1 0.2418 0.1313 0.0679 0.0304 0.1827 0.2665 0.0794 
     H171819  1 0.0498 0.0834 0.1419 0.0805 0.0753 0.5208 0.0483 
     H171834  1 0.0949 0.1113 0.0554 0.0248 0.1062 0.0826 0.5249 
     H171835  1 0.0502 0.0476 0.1055 0.0753 0.0742 0.0771 0.5700 
     H171836  1 0.0582 0.1878 0.1898 0.0458 0.3905 0.0931 0.0347 
     H171837  1 0.3858 0.0665 0.0610 0.1733 0.0753 0.1679 0.0701 
     H171838  1 0.0174 0.1108 0.0951 0.0314 0.1455 0.1389 0.4610 
     H171839  1 0.1545 0.0638 0.2145 0.1555 0.0292 0.2225 0.1601 
     H171841  1 0.0206 0.0878 0.0332 0.5731 0.2104 0.0361 0.0387 
     H171860  1 0.0778 0.1147 0.2094 0.3954 0.0326 0.1204 0.0496 
     H171861  1 0.2908 0.1680 0.0408 0.0512 0.2815 0.1350 0.0326 
     H171862  1 0.1391 0.1834 0.0611 0.0731 0.0657 0.1485 0.3291 
     H171868  1 0.6797 0.0468 0.0379 0.0382 0.0309 0.1275 0.0391 
     H171869  1 0.1163 0.2425 0.1034 0.0256 0.3577 0.0880 0.0664 
     H171870  1 0.0634 0.1535 0.0899 0.0525 0.2469 0.0334 0.3604 
     H171871  1 0.0586 0.3978 0.0655 0.0363 0.1838 0.1020 0.1561 
     H171872  1 0.0878 0.0714 0.0490 0.3516 0.0322 0.3119 0.0960 
     H171873  1 0.0375 0.1291 0.0850 0.0354 0.3601 0.1031 0.2499 
     H171874  1 0.0671 0.1952 0.2498 0.0880 0.1564 0.1709 0.0726 
     H171875  1 0.2416 0.2658 0.0880 0.0318 0.0710 0.2792 0.0227 
     H171876  1 0.1513 0.1086 0.5228 0.0753 0.0322 0.0822 0.0275 
     H171877  1 0.6658 0.0365 0.0790 0.0687 0.0396 0.0817 0.0288 
     H171878  1 0.0361 0.2399 0.1982 0.0270 0.4065 0.0402 0.0521 
     H171901  1 0.0519 0.0636 0.0737 0.5514 0.1738 0.0427 0.0430 
     H171902  1 0.0297 0.1042 0.0247 0.6799 0.0509 0.0554 0.0552 
     H171903  1 0.1506 0.2303 0.2401 0.0571 0.0353 0.1859 0.1007 
     H171935  1 0.0165 0.1053 0.0895 0.1300 0.1697 0.0614 0.4277 
     H171936  1 0.3938 0.0629 0.1982 0.0255 0.1447 0.1246 0.0502 
     H171940  1 0.3727 0.1622 0.0594 0.1775 0.0484 0.0537 0.1261 
     H171945  1 0.0529 0.2325 0.0668 0.1318 0.4008 0.0337 0.0815 
     H171948  1 0.0804 0.1603 0.0791 0.0980 0.0731 0.1325 0.3766 
     H171949  1 0.0443 0.0752 0.0563 0.2565 0.0539 0.0473 0.4664 
     H171950  1 0.1559 0.0517 0.0522 0.1944 0.0848 0.0894 0.3716 
     H171963  1 0.0539 0.1141 0.0623 0.0284 0.6043 0.0580 0.0789 
     H171964  1 0.0209 0.3131 0.2126 0.0475 0.0683 0.1691 0.1686 
     H171966  1 0.0793 0.1293 0.0341 0.0531 0.3156 0.2472 0.1415 
     H171968  1 0.0805 0.0883 0.0333 0.5851 0.1223 0.0347 0.0558 
     H171971  1 0.0258 0.1288 0.0837 0.0358 0.1364 0.3552 0.2343 
     H171972  1 0.0237 0.0742 0.7461 0.0606 0.0297 0.0438 0.0219 
     H171977  1 0.1516 0.2171 0.1441 0.0541 0.2649 0.0754 0.0927 
     H171978  1 0.0453 0.2244 0.0424 0.1447 0.0919 0.0457 0.4057 
     H171979  1 0.0276 0.3129 0.2007 0.0922 0.0735 0.2246 0.0684 
        H176  1 0.1177 0.0750 0.0655 0.3352 0.0317 0.3308 0.0442 
        H177  1 0.1688 0.0855 0.0464 0.1596 0.2558 0.0625 0.2214 
        H179  1 0.7028 0.0570 0.0488 0.0471 0.0248 0.0774 0.0422 
        H181  1 0.0456 0.3925 0.0930 0.0426 0.2112 0.1066 0.1084 
        H182  1 0.0938 0.2171 0.0404 0.0597 0.3429 0.1652 0.0808 
        H183  1 0.0502 0.1996 0.0826 0.0241 0.5893 0.0233 0.0309 
        H184  1 0.0688 0.1701 0.0433 0.3286 0.0931 0.1927 0.1034 
        H185  1 0.0874 0.1802 0.2472 0.0497 0.2709 0.0959 0.0688 
        H186  1 0.5126 0.1824 0.0281 0.0371 0.1274 0.0332 0.0792 
        H187  1 0.1713 0.0554 0.0502 0.0246 0.6425 0.0375 0.0185 
        H188  1 0.5911 0.0569 0.0918 0.0913 0.0296 0.1006 0.0387 
        H192  1 0.0310 0.0941 0.0417 0.0814 0.1862 0.0689 0.4966 
        H193  1 0.2597 0.3939 0.0292 0.0563 0.0807 0.1168 0.0634 
        H194  1 0.0650 0.1044 0.0787 0.0905 0.0337 0.1914 0.4361 
        H195  1 0.0562 0.1253 0.0896 0.0294 0.5960 0.0396 0.0638 
        H199  1 0.0444 0.2745 0.0703 0.2780 0.2364 0.0460 0.0504 
        H200  1 0.1386 0.0994 0.2877 0.2450 0.0717 0.1182 0.0395 
        H414  1 0.1423 0.1987 0.0930 0.0656 0.0977 0.2822 0.1205 
        H415  1 0.2379 0.1606 0.1279 0.1185 0.0691 0.2284 0.0576 
        H422  1 0.1854 0.2113 0.0499 0.2593 0.1738 0.0780 0.0421 
        H423  1 0.0355 0.1342 0.0548 0.5781 0.0655 0.0709 0.0610 
        H424  1 0.1159 0.3310 0.0534 0.0365 0.3612 0.0553 0.0467 
        H425  1 0.0381 0.1570 0.0680 0.0354 0.6022 0.0374 0.0619 
        H426  1 0.0366 0.3796 0.0543 0.0509 0.1624 0.1422 0.1740 
        H443  1 0.4582 0.3141 0.0350 0.0539 0.0675 0.0445 0.0268 
        H466  1 0.1433 0.2143 0.1959 0.0512 0.0543 0.0923 0.2487 
        H467  1 0.0187 0.0469 0.0278 0.0309 0.0389 0.1529 0.6839 
        H472  1 0.0315 0.0732 0.0493 0.7196 0.0298 0.0693 0.0273 
        H483  1 0.1885 0.2696 0.1538 0.0758 0.1432 0.0807 0.0884 
        H504  1 0.0575 0.2043 0.0756 0.0769 0.4365 0.1211 0.0282 
        H505  1 0.5094 0.1295 0.0901 0.0504 0.0759 0.0526 0.0921 
        H506  1 0.1470 0.3168 0.1358 0.1035 0.0792 0.1777 0.0401 
        H507  1 0.1261 0.1773 0.0919 0.0440 0.3080 0.2128 0.0400 
        H508  1 0.0634 0.2125 0.1144 0.0554 0.0695 0.3674 0.1175 
        H524  1 0.1929 0.1067 0.2208 0.0487 0.3004 0.0429 0.0877 
        H525  1 0.1342 0.2672 0.1706 0.1436 0.0833 0.1583 0.0428 
        H526  1 0.1524 0.1205 0.0988 0.3228 0.0616 0.2225 0.0215 
        H527  1 0.1118 0.1774 0.1036 0.2735 0.1794 0.0645 0.0898 
        H528  1 0.0746 0.2175 0.0990 0.0656 0.0286 0.4846 0.0302 
        H529  1 0.1599 0.3957 0.0514 0.0592 0.1548 0.0737 0.1054 
        H533  1 0.1536 0.1824 0.0510 0.0572 0.2239 0.2122 0.1196 
        H538  1 0.0782 0.1305 0.1938 0.4230 0.0512 0.0517 0.0717 
        H539  1 0.0331 0.0269 0.0322 0.0220 0.8418 0.0213 0.0227 
        H540  1 0.0612 0.1795 0.0738 0.0998 0.3287 0.1404 0.1166 
        H541  1 0.5141 0.0931 0.1288 0.0819 0.0379 0.0596 0.0846 
        H558  1 0.0297 0.1238 0.0787 0.0304 0.6580 0.0332 0.0461 
        H559  1 0.4803 0.1513 0.0880 0.1512 0.0439 0.0615 0.0238 
        H579  1 0.0518 0.0989 0.0440 0.0878 0.6276 0.0646 0.0254 
        H584  1 0.0715 0.2992 0.0737 0.1407 0.0788 0.1335 0.2027 
        H585  1 0.1284 0.2394 0.0966 0.0351 0.0551 0.3694 0.0760 
        H605  1 0.3921 0.1069 0.0827 0.0869 0.1488 0.0533 0.1293 
        H606  1 0.4260 0.0594 0.0348 0.3548 0.0446 0.0315 0.0490 
        H632  1 0.0486 0.1714 0.2332 0.1311 0.0653 0.2638 0.0866 
        H634  1 0.2292 0.1216 0.0795 0.1110 0.2635 0.1523 0.0430 
        H671  1 0.0996 0.0855 0.0592 0.5102 0.0288 0.1668 0.0498 
        H672  1 0.1722 0.0552 0.6283 0.0480 0.0398 0.0253 0.0313 
        H673  1 0.2008 0.4985 0.1476 0.0560 0.0436 0.0275 0.0261 
        H689  1 0.0877 0.3373 0.1735 0.0770 0.0684 0.1221 0.1340 
        H690  1 0.4123 0.0660 0.0309 0.0674 0.0749 0.0337 0.3148 
        H691  1 0.2631 0.0779 0.3816 0.0573 0.0572 0.0682 0.0948 
        H692  1 0.0395 0.6019 0.2280 0.0271 0.0320 0.0482 0.0233 
        H709  1 0.4662 0.1054 0.1046 0.0535 0.0454 0.0756 0.1493 
        H710  1 0.0623 0.5422 0.0892 0.0414 0.0472 0.1742 0.0433 
       H7355  1 0.0645 0.1101 0.0343 0.4567 0.0639 0.2056 0.0648 
       H7356  1 0.0439 0.1874 0.0717 0.0503 0.1139 0.0313 0.5015 
       H7357  1 0.4058 0.0612 0.0284 0.1991 0.1419 0.0859 0.0777 
       H7358  1 0.2012 0.0778 0.1951 0.2965 0.1743 0.0347 0.0203 
       H7380  1 0.1452 0.1931 0.0397 0.2640 0.0510 0.2202 0.0868 
       H7381  1 0.0566 0.4931 0.0785 0.1736 0.0354 0.1035 0.0593 
       H7382  1 0.0700 0.2273 0.3206 0.1343 0.0932 0.0804 0.0742 
        H904  1 0.3439 0.0511 0.0413 0.3226 0.0574 0.0572 0.1266 
        H923  1 0.0641 0.2046 0.1481 0.1052 0.1991 0.2129 0.0659 
        H924  1 0.2405 0.1381 0.0965 0.2860 0.1345 0.0470 0.0573 
        H925  1 0.7111 0.0468 0.0718 0.0454 0.0691 0.0368 0.0190 
       H9558  1 0.0236 0.0643 0.0473 0.0236 0.7876 0.0218 0.0318 
      H105.1  1 0.0836 0.3763 0.0639 0.0253 0.0460 0.2658 0.1392 
      H115.1  1 0.7497 0.0399 0.0394 0.0250 0.0529 0.0685 0.0247 
      H145.1  1 0.0502 0.0659 0.0313 0.7074 0.0393 0.0827 0.0232 
      H149.1  1 0.7604 0.0324 0.0751 0.0263 0.0328 0.0456 0.0274 
      H150.1  1 0.0318 0.2260 0.0199 0.0756 0.5324 0.0544 0.0600 
   H169607.1  1 0.1196 0.1003 0.0855 0.3289 0.1204 0.2172 0.0282 
   H169633.1  1 0.3127 0.0787 0.2364 0.0806 0.1662 0.0947 0.0308 
   H169688.1  1 0.2549 0.1950 0.3791 0.0528 0.0575 0.0401 0.0205 
   H171901.1  1 0.0310 0.1249 0.1705 0.0615 0.0811 0.4731 0.0578 
   H171902.1  1 0.1031 0.0461 0.0274 0.6619 0.0910 0.0365 0.0339 
   H171903.1  1 0.0837 0.2651 0.0803 0.1910 0.0481 0.0451 0.2867 
      H177.1  1 0.4371 0.0545 0.2914 0.0982 0.0450 0.0231 0.0507 
      H179.1  1 0.5350 0.0628 0.0769 0.0795 0.0764 0.1304 0.0391 
      H180.1  1 0.1708 0.4346 0.0545 0.0521 0.1048 0.0695 0.1137 
      H181.1  1 0.2184 0.1612 0.0628 0.0682 0.1063 0.1451 0.2380 
 H194.1_2004  1 0.0843 0.4342 0.0785 0.0702 0.1181 0.0381 0.1764 
 H195.1_2003  1 0.0791 0.2514 0.3277 0.0684 0.1108 0.0765 0.0861 
 H195.1_2004  1 0.2044 0.0696 0.2331 0.2910 0.0374 0.1206 0.0439 
      H415.1  1 0.5171 0.1066 0.0676 0.0483 0.1112 0.0894 0.0598 
      H506.1  1 0.5153 0.1875 0.0720 0.0440 0.0377 0.1222 0.0213 
      H533.1  1 0.5785 0.0933 0.0272 0.0384 0.1372 0.0922 0.0332 
      H535.1  1 0.3361 0.1214 0.0616 0.0717 0.0874 0.0491 0.2728 
      H539.1  1 0.0688 0.0834 0.0219 0.0856 0.6767 0.0248 0.0388 
      H540.1  1 0.0247 0.0647 0.0258 0.0686 0.7355 0.0312 0.0496 
     H9558.1  1 0.0251 0.0455 0.0454 0.0518 0.7734 0.0313 0.0275 
    kos339.1  1 0.5375 0.0730 0.0979 0.0965 0.0400 0.0487 0.1065 
        D023  2 0.1268 0.0425 0.0437 0.0239 0.6837 0.0577 0.0216 
        D130  2 0.0982 0.0401 0.0391 0.0237 0.6047 0.0178 0.1765 
        D131  2 0.3351 0.2047 0.0721 0.0465 0.0288 0.2318 0.0810 
        D163  2 0.0610 0.0890 0.0205 0.0387 0.5876 0.0494 0.1539 
        D164  2 0.0135 0.0179 0.2315 0.0145 0.6967 0.0123 0.0136 
        D165  2 0.0871 0.0673 0.0572 0.0236 0.5550 0.1586 0.0513 
        D166  2 0.0635 0.2463 0.0464 0.1011 0.1864 0.1622 0.1940 
        D167  2 0.0188 0.0283 0.8567 0.0215 0.0280 0.0251 0.0215 
        D192  2 0.0145 0.0366 0.8187 0.0223 0.0405 0.0327 0.0347 
        D193  2 0.0808 0.3287 0.0429 0.1131 0.0720 0.1399 0.2225 
        D206  2 0.5307 0.1252 0.1352 0.0418 0.0706 0.0594 0.0371 
        D207  2 0.0391 0.1627 0.5881 0.0307 0.0363 0.0751 0.0679 
        D208  2 0.0835 0.1052 0.0975 0.2868 0.0594 0.2645 0.1032 
        D209  2 0.0476 0.3223 0.2846 0.0261 0.2321 0.0497 0.0375 
        D210  2 0.0607 0.0659 0.0923 0.3434 0.0436 0.2220 0.1720 
     D229599  2 0.2675 0.1113 0.0629 0.0439 0.0897 0.3580 0.0668 
     D229600  2 0.0508 0.0908 0.2266 0.0348 0.4150 0.0315 0.1505 
     D237227  2 0.0694 0.1059 0.2499 0.2225 0.1957 0.0987 0.0579 
     D237228  2 0.0200 0.2321 0.1356 0.1941 0.2865 0.0960 0.0358 
     D237258  2 0.1274 0.1481 0.1874 0.0556 0.0809 0.3618 0.0389 
     D237310  2 0.0154 0.1219 0.1058 0.1216 0.3246 0.0542 0.2565 
     D237311  2 0.0315 0.1579 0.3074 0.0334 0.3404 0.0694 0.0600 
     D237312  2 0.0486 0.1114 0.0422 0.1594 0.0754 0.0712 0.4917 
     D237313  2 0.3791 0.1190 0.0295 0.1345 0.1796 0.0805 0.0778 
     D237322  2 0.0524 0.2367 0.0506 0.1922 0.0474 0.1968 0.2240 
     D237323  2 0.0241 0.0917 0.1539 0.1235 0.3856 0.1123 0.1088 
     D237324  2 0.0405 0.3911 0.1400 0.0266 0.1964 0.0604 0.1448 
     D237325  2 0.0807 0.1155 0.1296 0.1399 0.2067 0.0547 0.2729 
     D237326  2 0.0731 0.0997 0.0719 0.0428 0.5930 0.0861 0.0333 
     D237327  2 0.0286 0.0864 0.1042 0.0424 0.0320 0.4358 0.2706 
     D237337  2 0.1071 0.1196 0.0521 0.1268 0.4271 0.0512 0.1161 
     D237338  2 0.0826 0.1220 0.1099 0.1061 0.1255 0.1127 0.3412 
     D237339  2 0.1338 0.2088 0.3754 0.0282 0.0742 0.1063 0.0733 
     D237340  2 0.0305 0.1236 0.3888 0.1389 0.1198 0.1104 0.0880 
     D237389  2 0.0265 0.1756 0.1208 0.0394 0.4605 0.0423 0.1348 
     D237390  2 0.0977 0.1179 0.0839 0.1008 0.0735 0.2212 0.3051 
     D244017  2 0.0354 0.0901 0.6886 0.0516 0.0482 0.0657 0.0203 
     D244112  2 0.0183 0.0858 0.5764 0.0220 0.1684 0.0421 0.0870 
     D244118  2 0.0193 0.0455 0.2516 0.0174 0.5828 0.0337 0.0496 
     D244119  2 0.0333 0.0369 0.6414 0.2029 0.0274 0.0305 0.0274 
     D244120  2 0.0179 0.1397 0.2581 0.0521 0.0466 0.2606 0.2249 
     D244122  2 0.0678 0.1080 0.5059 0.0735 0.1138 0.0475 0.0835 
        D291  2 0.0726 0.1362 0.0517 0.0291 0.0552 0.6194 0.0356 
        D292  2 0.2782 0.0506 0.1424 0.0464 0.0736 0.3688 0.0400 
        D293  2 0.0456 0.0318 0.8487 0.0146 0.0125 0.0281 0.0188 
        D322  2 0.0754 0.0606 0.7133 0.0240 0.0519 0.0483 0.0266 
        D323  2 0.2020 0.1825 0.3389 0.0834 0.0496 0.1112 0.0325 
        D324  2 0.0875 0.1257 0.0658 0.0724 0.0808 0.5042 0.0635 
        D325  2 0.0307 0.0392 0.8036 0.0135 0.0213 0.0643 0.0274 
        D326  2 0.7484 0.0446 0.0361 0.0221 0.0152 0.1169 0.0166 
        D340  2 0.0234 0.0254 0.8474 0.0243 0.0258 0.0301 0.0236 
        D341  2 0.0719 0.0311 0.3196 0.0668 0.0303 0.0568 0.4235 
        D342  2 0.0382 0.1770 0.0545 0.0273 0.5163 0.0720 0.1147 
        D343  2 0.0154 0.0136 0.9216 0.0099 0.0110 0.0143 0.0142 
        D344  2 0.2719 0.4201 0.0538 0.0481 0.0717 0.0764 0.0580 
        D345  2 0.0808 0.1011 0.0298 0.0492 0.5998 0.1132 0.0260 
        D346  2 0.0599 0.0745 0.2233 0.4910 0.0289 0.0783 0.0442 
        D351  2 0.2121 0.1559 0.0858 0.0398 0.0460 0.4323 0.0282 
        D352  2 0.0529 0.3212 0.1992 0.1394 0.0520 0.2013 0.0339 
        D353  2 0.1161 0.6905 0.0328 0.0425 0.0185 0.0744 0.0252 
        D354  2 0.2165 0.3336 0.0368 0.1539 0.1589 0.0502 0.0500 
        D362  2 0.7623 0.0499 0.0406 0.0249 0.0576 0.0461 0.0187 
        D363  2 0.6979 0.0425 0.0786 0.0430 0.0444 0.0759 0.0177 
        D364  2 0.4897 0.2498 0.0402 0.0304 0.0976 0.0448 0.0474 
        D365  2 0.0157 0.0131 0.9216 0.0139 0.0095 0.0122 0.0139 
        D369  2 0.1443 0.0691 0.5150 0.0479 0.0342 0.1654 0.0241 
        D374  2 0.0528 0.1922 0.0522 0.5588 0.0782 0.0344 0.0313 
        D375  2 0.1412 0.5172 0.0507 0.0491 0.1118 0.0780 0.0521 
        D376  2 0.0348 0.2403 0.1075 0.3741 0.0992 0.0403 0.1038 
        D377  2 0.1285 0.1616 0.0621 0.2495 0.1165 0.1456 0.1363 
        D378  2 0.3114 0.0831 0.3535 0.0304 0.0481 0.1186 0.0548 
        D379  2 0.7739 0.0833 0.0271 0.0268 0.0230 0.0290 0.0369 
        D384  2 0.8665 0.0216 0.0164 0.0310 0.0172 0.0262 0.0210 
        D385  2 0.0209 0.0286 0.8571 0.0352 0.0184 0.0193 0.0205 
        D386  2 0.4468 0.1668 0.1163 0.0443 0.1384 0.0484 0.0389 
        D391  2 0.0293 0.0203 0.8392 0.0316 0.0214 0.0315 0.0268 
        D392  2 0.0473 0.0343 0.7702 0.0274 0.0553 0.0482 0.0173 
        D393  2 0.3410 0.0603 0.0877 0.0290 0.0445 0.3713 0.0663 
        D394  2 0.0770 0.1440 0.1695 0.0400 0.2873 0.1925 0.0897 
        D395  2 0.0238 0.0729 0.7888 0.0260 0.0233 0.0325 0.0327 
        D401  2 0.0328 0.1873 0.1382 0.0509 0.5153 0.0483 0.0272 
        D402  2 0.0234 0.0421 0.7263 0.0399 0.0268 0.0723 0.0691 
        D403  2 0.4985 0.2995 0.0203 0.0327 0.0476 0.0411 0.0603 
        D415  2 0.6319 0.1534 0.0740 0.0257 0.0250 0.0283 0.0616 
        D435  2 0.2766 0.0911 0.3479 0.0336 0.0578 0.1239 0.0690 
        D436  2 0.3985 0.1539 0.0508 0.1300 0.0334 0.1274 0.1059 
        D438  2 0.0197 0.0293 0.8364 0.0442 0.0290 0.0153 0.0261 
        D439  2 0.1097 0.3524 0.0589 0.0294 0.1368 0.2624 0.0504 
        D449  2 0.0943 0.4783 0.1849 0.0297 0.0492 0.0638 0.0999 
        D450  2 0.1017 0.1361 0.0238 0.5163 0.0506 0.0910 0.0805 
        D456  2 0.8250 0.0618 0.0170 0.0224 0.0176 0.0375 0.0187 
        D462  2 0.0287 0.0245 0.8495 0.0192 0.0193 0.0348 0.0240 
        D463  2 0.8231 0.0664 0.0204 0.0279 0.0146 0.0288 0.0188 
        D464  2 0.0722 0.4805 0.2773 0.0566 0.0253 0.0399 0.0482 
        D465  2 0.0460 0.0377 0.8189 0.0280 0.0272 0.0214 0.0209 
        D473  2 0.0299 0.0322 0.0370 0.7607 0.0497 0.0528 0.0376 
        D474  2 0.3242 0.0419 0.0820 0.0499 0.0557 0.4030 0.0432 
        D476  2 0.0690 0.1159 0.1497 0.0211 0.2672 0.1358 0.2414 
        D477  2 0.2406 0.1115 0.0608 0.1969 0.0563 0.2450 0.0890 
        D478  2 0.1254 0.2822 0.0712 0.0876 0.1615 0.2415 0.0305 
        D480  2 0.3446 0.0792 0.1859 0.0597 0.0245 0.0635 0.2426 
        D481  2 0.1636 0.1271 0.1593 0.0460 0.2303 0.2413 0.0324 
        D482  2 0.0438 0.2107 0.0809 0.1781 0.0865 0.3352 0.0647 
        D483  2 0.0216 0.0191 0.8677 0.0207 0.0248 0.0201 0.0260 
        D484  2 0.0300 0.2479 0.2624 0.1600 0.0698 0.1406 0.0893 
        D510  2 0.0442 0.1090 0.0512 0.6436 0.0278 0.0717 0.0524 
        D511  2 0.1993 0.0980 0.3853 0.0375 0.0644 0.1688 0.0466 
        D512  2 0.0227 0.1470 0.4412 0.0245 0.2675 0.0420 0.0552 
        D513  2 0.1439 0.0951 0.4328 0.1360 0.0600 0.0888 0.0434 
        D635  2 0.2601 0.0931 0.1680 0.0276 0.2594 0.1670 0.0249 
        D636  2 0.0270 0.0187 0.0180 0.0234 0.8859 0.0153 0.0118 
        D637  2 0.0681 0.1511 0.2375 0.1446 0.0500 0.0912 0.2575 
        D658  2 0.0362 0.0559 0.5948 0.0733 0.0619 0.0320 0.1459 
        D659  2 0.4143 0.1728 0.0464 0.0807 0.0555 0.1167 0.1137 
        D677  2 0.5038 0.0815 0.0413 0.0314 0.0546 0.1483 0.1390 
        D678  2 0.0206 0.2078 0.4807 0.0310 0.1887 0.0273 0.0439 
        D679  2 0.2930 0.1269 0.0635 0.1217 0.0463 0.2693 0.0793 
        D719  2 0.2093 0.0661 0.3297 0.1566 0.0310 0.1702 0.0371 
        D720  2 0.6440 0.0550 0.0737 0.0887 0.0521 0.0612 0.0253 
        D721  2 0.1204 0.0759 0.1010 0.0419 0.5191 0.0383 0.1034 
        D722  2 0.0490 0.2690 0.1377 0.3061 0.1336 0.0750 0.0296 
        D734  2 0.0456 0.0743 0.3189 0.3075 0.0215 0.0972 0.1349 
        D735  2 0.3960 0.0994 0.1186 0.0907 0.1074 0.0864 0.1016 
        D736  2 0.0735 0.0890 0.0815 0.2254 0.0602 0.3957 0.0747 
        D737  2 0.0327 0.0668 0.3906 0.0355 0.1250 0.1217 0.2277 
        D807  2 0.2156 0.0700 0.1047 0.2140 0.0521 0.2752 0.0684 
        D808  2 0.0697 0.1219 0.3279 0.0298 0.1138 0.2208 0.1160 
        D817  2 0.4408 0.1577 0.0553 0.0584 0.0876 0.1767 0.0235 
        D818  2 0.1120 0.1616 0.3320 0.0376 0.0284 0.1761 0.1524 
        D819  2 0.2010 0.1725 0.2288 0.0523 0.0673 0.2523 0.0258 
        D820  2 0.6505 0.0475 0.1311 0.0323 0.0191 0.0371 0.0825 
        D895  2 0.2679 0.3118 0.0485 0.0965 0.1601 0.0673 0.0479 
        D896  2 0.0306 0.0509 0.0577 0.0570 0.7126 0.0400 0.0512 
        D897  2 0.0331 0.1948 0.1016 0.0386 0.1471 0.0947 0.3901 
        D898  2 0.0439 0.1832 0.0354 0.0674 0.0879 0.4737 0.1085 
        D918  2 0.0605 0.1434 0.1434 0.1741 0.0723 0.0994 0.3068 
        D919  2 0.2229 0.2259 0.1198 0.0246 0.0479 0.3317 0.0273 
        D920  2 0.0333 0.0390 0.0242 0.0291 0.6867 0.0277 0.1601 
        D923  2 0.6596 0.1165 0.0662 0.0422 0.0353 0.0526 0.0277 
        D930  2 0.1149 0.1065 0.0394 0.5810 0.0408 0.0408 0.0766 
        D931  2 0.1413 0.0644 0.5961 0.0462 0.0275 0.0701 0.0544 
        D968  2 0.0252 0.0420 0.7574 0.0178 0.0200 0.1214 0.0162 
        D969  2 0.2421 0.0994 0.2482 0.0247 0.0297 0.2833 0.0728 
        D977  2 0.0251 0.0548 0.7653 0.0339 0.0279 0.0291 0.0638 
        D978  2 0.0689 0.1173 0.0586 0.0468 0.0245 0.2600 0.4238 
        H008  2 0.3760 0.2084 0.0724 0.0939 0.0558 0.1693 0.0241 
        H021  2 0.0597 0.0800 0.1915 0.0585 0.0865 0.1068 0.4171 
        H023  2 0.6176 0.0504 0.0219 0.1158 0.0880 0.0405 0.0658 
        H024  2 0.0326 0.4298 0.1371 0.0434 0.1206 0.1331 0.1033 
        H025  2 0.1555 0.3958 0.0813 0.1433 0.0996 0.0756 0.0489 
        H026  2 0.1775 0.3252 0.2360 0.0228 0.0324 0.1690 0.0371 
        H027  2 0.1943 0.0672 0.3420 0.0612 0.0678 0.0638 0.2037 
        H028  2 0.1060 0.3353 0.0678 0.0866 0.2112 0.0975 0.0957 
        H029  2 0.2657 0.1199 0.3266 0.0358 0.0855 0.1443 0.0222 
        H030  2 0.0214 0.0539 0.7838 0.0264 0.0364 0.0278 0.0503 
        H038  2 0.1750 0.0439 0.0352 0.0313 0.5449 0.0603 0.1093 
        H039  2 0.0495 0.0539 0.0205 0.7362 0.0440 0.0374 0.0585 
        H040  2 0.2133 0.0566 0.0343 0.0429 0.3820 0.0712 0.1999 
        H041  2 0.1999 0.1006 0.2975 0.0680 0.0355 0.2634 0.0351 
        H042  2 0.0781 0.1380 0.0467 0.4919 0.1345 0.0643 0.0465 
        H043  2 0.0378 0.0343 0.0240 0.0475 0.8034 0.0257 0.0273 
        H044  2 0.0219 0.2118 0.1158 0.0960 0.4102 0.1089 0.0355 
        H047  2 0.0811 0.0675 0.0384 0.0709 0.5980 0.0749 0.0693 
        H050  2 0.0938 0.1069 0.5442 0.0524 0.0626 0.0413 0.0987 
        H058  2 0.0748 0.1738 0.0977 0.0302 0.2525 0.2715 0.0996 
        H062  2 0.1552 0.0879 0.0309 0.4393 0.1749 0.0297 0.0820 
        H063  2 0.1455 0.0794 0.3650 0.0412 0.1573 0.1628 0.0487 
        H065  2 0.7955 0.0671 0.0160 0.0474 0.0247 0.0279 0.0214 
        H066  2 0.0418 0.0666 0.0771 0.0176 0.6156 0.1182 0.0631 
        H067  2 0.1453 0.1106 0.0770 0.2331 0.0484 0.1676 0.2180 
        H068  2 0.0914 0.0964 0.1284 0.3139 0.0649 0.1661 0.1389 
        H069  2 0.0828 0.0656 0.4587 0.0425 0.2891 0.0367 0.0246 
        H071  2 0.5129 0.0932 0.0662 0.1150 0.0452 0.0977 0.0697 
        H072  2 0.0506 0.0710 0.0670 0.6432 0.0486 0.0786 0.0411 
        H073  2 0.1852 0.3146 0.0825 0.0367 0.0995 0.1168 0.1646 
        H081  2 0.2685 0.0885 0.0624 0.4270 0.0221 0.0783 0.0533 
        H082  2 0.0497 0.0653 0.6444 0.0284 0.1508 0.0401 0.0214 
        H083  2 0.0443 0.0408 0.7743 0.0238 0.0382 0.0265 0.0521 
        H084  2 0.0396 0.0986 0.0863 0.0769 0.1115 0.3759 0.2111 
        H085  2 0.1889 0.0724 0.5653 0.0850 0.0226 0.0363 0.0295 
        H087  2 0.2736 0.1272 0.0678 0.2073 0.0418 0.1755 0.1068 
        H088  2 0.3503 0.1250 0.1209 0.1492 0.0954 0.0830 0.0762 
        H089  2 0.1693 0.1098 0.2199 0.1612 0.1283 0.1594 0.0521 
        H090  2 0.0222 0.0247 0.8364 0.0164 0.0202 0.0589 0.0212 
        H091  2 0.0407 0.0307 0.8255 0.0313 0.0193 0.0237 0.0289 
        H098  2 0.1172 0.1938 0.0604 0.0707 0.0867 0.3564 0.1148 
      H10001  2 0.0224 0.0257 0.0236 0.8204 0.0346 0.0240 0.0494 
      H10002  2 0.4846 0.0818 0.0502 0.1159 0.1155 0.0358 0.1161 
        H101  2 0.0298 0.0771 0.7051 0.0371 0.0553 0.0421 0.0535 
        H108  2 0.1769 0.0627 0.0193 0.6454 0.0172 0.0298 0.0487 
        H109  2 0.0890 0.1581 0.1236 0.0567 0.2114 0.2930 0.0682 
        H110  2 0.3942 0.1592 0.0808 0.1129 0.0542 0.1654 0.0333 
        H116  2 0.1654 0.3314 0.1120 0.0585 0.1147 0.1390 0.0790 
        H117  2 0.0703 0.0609 0.2649 0.0274 0.0230 0.4054 0.1481 
        H118  2 0.1361 0.1416 0.5714 0.0320 0.0252 0.0635 0.0303 
        H119  2 0.1982 0.0804 0.0337 0.0722 0.0383 0.5365 0.0408 
        H120  2 0.0746 0.0331 0.0201 0.7916 0.0297 0.0305 0.0203 
        H121  2 0.0305 0.0227 0.8726 0.0264 0.0122 0.0181 0.0175 
        H125  2 0.0462 0.0718 0.0344 0.4389 0.0320 0.1862 0.1904 
        H126  2 0.0666 0.3038 0.0357 0.1528 0.3711 0.0476 0.0224 
        H128  2 0.0122 0.0143 0.9262 0.0108 0.0117 0.0129 0.0119 
        H129  2 0.0876 0.3916 0.0526 0.0242 0.0351 0.2603 0.1487 
        H130  2 0.0223 0.0721 0.0251 0.7733 0.0346 0.0192 0.0533 
        H133  2 0.0451 0.1280 0.0828 0.5241 0.0550 0.0402 0.1248 
        H134  2 0.2562 0.6027 0.0268 0.0251 0.0336 0.0352 0.0204 
        H135  2 0.4461 0.0924 0.1572 0.0910 0.0783 0.1006 0.0343 
        H137  2 0.0764 0.0787 0.1867 0.0301 0.0451 0.2071 0.3760 
        H138  2 0.0822 0.4800 0.0461 0.0383 0.0594 0.2090 0.0850 
        H140  2 0.0316 0.0973 0.4790 0.1016 0.0371 0.0880 0.1655 
        H146  2 0.0459 0.0627 0.7962 0.0233 0.0163 0.0306 0.0250 
        H147  2 0.1162 0.1848 0.3576 0.0347 0.0347 0.2250 0.0470 
        H148  2 0.1037 0.0565 0.0836 0.0580 0.0589 0.4421 0.1973 
     H166022  2 0.0705 0.1953 0.1171 0.0897 0.0867 0.3710 0.0697 
     H167359  2 0.1160 0.3203 0.0951 0.0996 0.1476 0.1418 0.0796 
     H167397  2 0.0535 0.3327 0.2209 0.0234 0.0825 0.2688 0.0183 
     H167428  2 0.2801 0.0853 0.5268 0.0218 0.0331 0.0364 0.0165 
     H167496  2 0.2666 0.0734 0.1242 0.1852 0.0320 0.1350 0.1835 
     H167513  2 0.0222 0.0505 0.0433 0.0396 0.6983 0.0524 0.0937 
     H167545  2 0.0448 0.0288 0.0254 0.0287 0.8118 0.0286 0.0319 
     H167547  2 0.0155 0.0838 0.0517 0.0204 0.0266 0.7551 0.0468 
     H169621  2 0.0235 0.0615 0.5974 0.0239 0.0351 0.0415 0.2170 
     H169622  2 0.2043 0.2924 0.0699 0.1069 0.2420 0.0488 0.0357 
     H169750  2 0.0354 0.0821 0.6462 0.0962 0.0287 0.0596 0.0519 
     H171806  2 0.1447 0.0622 0.4432 0.0826 0.0259 0.1891 0.0523 
     H171808  2 0.3061 0.0577 0.0473 0.3189 0.1933 0.0517 0.0250 
     H171809  2 0.1867 0.1023 0.0453 0.3753 0.0689 0.1739 0.0477 
     H171813  2 0.0255 0.0429 0.0357 0.0500 0.0830 0.0999 0.6630 
     H171815  2 0.1059 0.0702 0.0323 0.0438 0.5897 0.0507 0.1073 
     H171824  2 0.2086 0.0653 0.1150 0.2609 0.0256 0.2043 0.1202 
     H171825  2 0.0916 0.1772 0.0320 0.4569 0.1315 0.0697 0.0411 
     H171826  2 0.3171 0.0778 0.0825 0.0685 0.0493 0.3485 0.0564 
     H171827  2 0.2560 0.1113 0.0675 0.0305 0.2613 0.0702 0.2033 
     H171828  2 0.0728 0.0424 0.0464 0.6376 0.0230 0.0876 0.0903 
     H171829  2 0.0217 0.1336 0.0416 0.1098 0.0525 0.4071 0.2336 
     H171830  2 0.3077 0.1787 0.1226 0.0913 0.0876 0.1814 0.0307 
     H171831  2 0.0335 0.2763 0.0973 0.0794 0.1334 0.3223 0.0578 
     H171832  2 0.0437 0.1802 0.0822 0.1192 0.4813 0.0619 0.0314 
     H171863  2 0.0422 0.1056 0.5049 0.0228 0.2625 0.0439 0.0181 
     H171864  2 0.1952 0.0746 0.0976 0.1034 0.1176 0.3558 0.0558 
     H171865  2 0.4313 0.1149 0.0831 0.0579 0.1975 0.0889 0.0264 
     H171879  2 0.0337 0.0687 0.0946 0.0295 0.0424 0.7009 0.0301 
     H171880  2 0.0325 0.1264 0.4245 0.0308 0.0674 0.2117 0.1067 
     H171881  2 0.1167 0.2022 0.1225 0.0522 0.0689 0.1129 0.3245 
     H171882  2 0.0906 0.0510 0.0367 0.6905 0.0459 0.0375 0.0478 
     H171929  2 0.1424 0.1514 0.3293 0.1542 0.0681 0.1122 0.0425 
     H171930  2 0.0268 0.0341 0.0622 0.0147 0.7763 0.0482 0.0378 
     H171933  2 0.0461 0.1334 0.1477 0.0746 0.0413 0.1747 0.3823 
     H171934  2 0.1718 0.1131 0.0315 0.2016 0.0788 0.0627 0.3405 
     H171937  2 0.0544 0.6007 0.0424 0.0390 0.1717 0.0362 0.0557 
     H171962  2 0.2372 0.1026 0.1145 0.0319 0.3910 0.0712 0.0516 
        H190  2 0.0799 0.2451 0.1814 0.0299 0.0635 0.0987 0.3015 
        H191  2 0.0824 0.1771 0.0633 0.0864 0.2486 0.2691 0.0732 
        H396  2 0.6549 0.0612 0.0846 0.0866 0.0309 0.0537 0.0282 
        H397  2 0.0976 0.2452 0.1321 0.2644 0.0418 0.0756 0.1434 
        H398  2 0.5457 0.0877 0.0495 0.1570 0.0499 0.0341 0.0762 
        H400  2 0.3783 0.0629 0.0454 0.1945 0.2462 0.0459 0.0268 
        H401  2 0.0185 0.0735 0.0604 0.0239 0.0334 0.7161 0.0743 
        H402  2 0.1651 0.1065 0.1198 0.0206 0.3129 0.0872 0.1879 
        H427  2 0.4566 0.1106 0.0444 0.0423 0.0320 0.2715 0.0425 
        H428  2 0.2671 0.0932 0.5340 0.0206 0.0265 0.0436 0.0150 
        H497  2 0.0404 0.0588 0.0452 0.0430 0.7206 0.0398 0.0522 
        H512  2 0.1127 0.1826 0.1158 0.0360 0.0559 0.3298 0.1671 
        H513  2 0.0274 0.0486 0.0336 0.0327 0.7137 0.0458 0.0983 
        H514  2 0.0626 0.3121 0.2861 0.0321 0.1597 0.1271 0.0202 
        H519  2 0.0315 0.0810 0.0770 0.0481 0.5377 0.0750 0.1496 
        H532  2 0.5274 0.0453 0.0893 0.0350 0.0563 0.2177 0.0291 
        H543  2 0.0710 0.1114 0.2093 0.0467 0.1323 0.3919 0.0374 
        H544  2 0.0322 0.1135 0.2584 0.4561 0.0942 0.0252 0.0205 
        H545  2 0.0316 0.0293 0.0204 0.0268 0.8411 0.0252 0.0256 
        H546  2 0.2137 0.2175 0.0387 0.0920 0.2743 0.0558 0.1081 
        H547  2 0.0146 0.0829 0.0512 0.0226 0.0264 0.7623 0.0400 
        H548  2 0.1734 0.1027 0.0504 0.2854 0.1870 0.1731 0.0281 
        H549  2 0.0181 0.0139 0.0178 0.0159 0.9023 0.0135 0.0186 
        H620  2 0.2900 0.0645 0.0297 0.3799 0.0720 0.0886 0.0754 
        H623  2 0.0408 0.2080 0.0689 0.0395 0.4827 0.0364 0.1237 
        H624  2 0.0423 0.0318 0.0283 0.0496 0.8099 0.0172 0.0210 
        H625  2 0.3376 0.0967 0.0587 0.2069 0.1913 0.0734 0.0354 
        H626  2 0.0592 0.1279 0.0431 0.0686 0.3349 0.3240 0.0423 
        H654  2 0.0749 0.0419 0.0180 0.0648 0.6751 0.0287 0.0966 
        H655  2 0.0737 0.1961 0.0872 0.2636 0.1685 0.0665 0.1444 
        H656  2 0.0864 0.0431 0.0212 0.7562 0.0420 0.0217 0.0294 
        H666  2 0.0640 0.1267 0.2701 0.2838 0.0560 0.0388 0.1606 
        H667  2 0.1572 0.0993 0.0512 0.0547 0.4605 0.1122 0.0649 
        H677  2 0.4665 0.1292 0.0770 0.0720 0.0742 0.1141 0.0670 
        H693  2 0.2457 0.0705 0.0303 0.4033 0.0550 0.1073 0.0878 
        H694  2 0.0398 0.2767 0.1155 0.0903 0.3922 0.0331 0.0524 
        H701  2 0.0841 0.2629 0.2558 0.0466 0.1695 0.0978 0.0832 
        H702  2 0.0716 0.1217 0.0867 0.2330 0.1014 0.3069 0.0787 
        H731  2 0.0319 0.1068 0.4377 0.2038 0.0254 0.1554 0.0390 
       H7359  2 0.1185 0.3180 0.0912 0.1138 0.1214 0.1531 0.0840 
       H7389  2 0.2125 0.0579 0.2126 0.0301 0.0885 0.3688 0.0297 
       H7390  2 0.0344 0.0534 0.0471 0.0736 0.0385 0.0970 0.6561 
       H7391  2 0.3122 0.0412 0.0693 0.0590 0.0287 0.4237 0.0660 
       H7392  2 0.1001 0.1062 0.4130 0.0614 0.0501 0.1184 0.1508 
       H7393  2 0.0295 0.0708 0.0655 0.0674 0.0787 0.0647 0.6235 
       H7398  2 0.3071 0.1145 0.2258 0.0971 0.0278 0.1628 0.0649 
       H7399  2 0.1770 0.1127 0.2573 0.0387 0.1509 0.0558 0.2076 
       H7400  2 0.1359 0.0610 0.0185 0.4712 0.1932 0.0385 0.0816 
        H745  2 0.0423 0.5321 0.2210 0.0332 0.0454 0.0761 0.0499 
        H746  2 0.2395 0.0916 0.0760 0.0314 0.4380 0.0586 0.0648 
        H747  2 0.1179 0.0813 0.0749 0.2718 0.0578 0.0884 0.3079 
        H748  2 0.0748 0.0987 0.1382 0.0806 0.3376 0.2288 0.0413 
       H7484  2 0.0744 0.1119 0.0272 0.5369 0.0314 0.0394 0.1788 
       H7485  2 0.0396 0.0482 0.0670 0.0217 0.7593 0.0378 0.0263 
        H749  2 0.0369 0.0383 0.0256 0.0615 0.7894 0.0344 0.0138 
        H930  2 0.0337 0.0567 0.0804 0.0268 0.6807 0.0659 0.0557 
        H931  2 0.2774 0.2357 0.1530 0.1839 0.0449 0.0816 0.0235 
        H932  2 0.2767 0.1192 0.0972 0.0626 0.0406 0.3603 0.0435 
      H008.1  2 0.7210 0.0595 0.0318 0.0625 0.0295 0.0790 0.0167 
 H029.1_2002  2 0.2237 0.3862 0.0997 0.0324 0.1367 0.0951 0.0262 
 H029.1_2003  2 0.5384 0.2036 0.0626 0.0358 0.0348 0.1042 0.0206 
      H030.1  2 0.0963 0.1518 0.2064 0.0597 0.0301 0.0901 0.3655 
      H038.1  2 0.5032 0.0724 0.0377 0.1681 0.1411 0.0572 0.0203 
      H041.1  2 0.0282 0.0223 0.8821 0.0140 0.0156 0.0225 0.0154 
 H042.1_2002  2 0.0367 0.0260 0.7913 0.0425 0.0255 0.0237 0.0544 
 H042.1_2003  2 0.1281 0.2190 0.0728 0.0984 0.2150 0.2012 0.0654 
   H042_2002  2 0.0697 0.1473 0.0402 0.4929 0.1402 0.0665 0.0433 
   H042_2003  2 0.0858 0.1037 0.0425 0.5159 0.1396 0.0652 0.0472 
      H043.1  2 0.0352 0.0260 0.0230 0.0234 0.8548 0.0169 0.0207 
      H047.1  2 0.1939 0.1028 0.0310 0.0605 0.5274 0.0313 0.0532 
 H071.1_2002  2 0.3435 0.3458 0.0549 0.0547 0.1097 0.0362 0.0552 
 H071.1_2003  2 0.1874 0.3768 0.0820 0.1909 0.0536 0.0676 0.0417 
 H081.1_2002  2 0.3753 0.3871 0.0452 0.0632 0.0380 0.0544 0.0367 
 H081.1_2003  2 0.3171 0.1147 0.0652 0.0762 0.2099 0.1341 0.0828 
      H083.1  2 0.2129 0.2299 0.3552 0.0191 0.1070 0.0276 0.0483 
      H084.1  2 0.0335 0.2089 0.0473 0.0314 0.3398 0.0870 0.2520 
 H085.1_2002  2 0.2439 0.1241 0.4213 0.1027 0.0588 0.0265 0.0227 
 H085.1_2003  2 0.1219 0.0469 0.7136 0.0305 0.0230 0.0378 0.0264 
      H088.1  2 0.0978 0.0616 0.6832 0.0272 0.0279 0.0589 0.0434 
      H091.1  2 0.0126 0.0146 0.9230 0.0105 0.0112 0.0123 0.0159 
      H109.1  2 0.0480 0.0789 0.0595 0.0335 0.5547 0.1346 0.0908 
      H126.1  2 0.0705 0.1859 0.0534 0.2934 0.2015 0.1116 0.0836 
