        D174  1 0.0866 0.0643 0.7405 0.1086 
        D199  1 0.0655 0.1479 0.1666 0.6200 
        D203  1 0.3186 0.1864 0.1673 0.3277 
        D204  1 0.0489 0.0729 0.0864 0.7918 
     D237366  1 0.5516 0.1591 0.1567 0.1326 
     D237367  1 0.0802 0.1307 0.1942 0.5949 
     D237368  1 0.0591 0.5801 0.0862 0.2746 
     D244101  1 0.0442 0.0321 0.0344 0.8894 
     D244102  1 0.2160 0.4086 0.2225 0.1529 
     D244103  1 0.3008 0.1438 0.2472 0.3082 
     D244104  1 0.0555 0.0800 0.2382 0.6263 
     D244105  1 0.4424 0.3800 0.0449 0.1326 
     D244106  1 0.3174 0.0641 0.5068 0.1118 
     D244107  1 0.0699 0.6688 0.0286 0.2327 
     D244108  1 0.0777 0.4041 0.3752 0.1430 
     D244113  1 0.0342 0.0911 0.8468 0.0279 
     D244114  1 0.6400 0.0969 0.1586 0.1045 
     D244115  1 0.1023 0.1029 0.6337 0.1610 
     D267365  1 0.0974 0.1088 0.4339 0.3599 
        D404  1 0.1553 0.1242 0.6585 0.0621 
        D405  1 0.1264 0.1919 0.5372 0.1445 
        D406  1 0.0472 0.8531 0.0489 0.0508 
        D407  1 0.0451 0.0637 0.0544 0.8369 
        D408  1 0.1536 0.0342 0.6997 0.1125 
        D409  1 0.5251 0.1325 0.0521 0.2903 
        D410  1 0.0399 0.8405 0.0661 0.0536 
        D421  1 0.0206 0.0182 0.0381 0.9231 
        D422  1 0.2120 0.7223 0.0192 0.0466 
        D423  1 0.0325 0.6921 0.0350 0.2404 
        D424  1 0.0339 0.0615 0.0768 0.8278 
        D425  1 0.0957 0.0620 0.5308 0.3115 
        D426  1 0.6901 0.0475 0.0353 0.2271 
        D427  1 0.0370 0.0608 0.0532 0.8490 
        D428  1 0.0665 0.2722 0.4113 0.2501 
        D429  1 0.2200 0.0663 0.4992 0.2145 
        D430  1 0.4604 0.0623 0.2294 0.2479 
        D491  1 0.0425 0.0658 0.7908 0.1009 
        D492  1 0.0568 0.0590 0.6251 0.2592 
        D537  1 0.0512 0.1408 0.2506 0.5574 
        D538  1 0.1524 0.5140 0.1773 0.1563 
        D539  1 0.3056 0.1846 0.4638 0.0460 
        D540  1 0.1365 0.2094 0.3844 0.2698 
        D541  1 0.0285 0.0370 0.0427 0.8918 
        D551  1 0.7325 0.1114 0.0524 0.1037 
        D552  1 0.0735 0.5767 0.1462 0.2036 
        D553  1 0.0309 0.0302 0.0687 0.8702 
        D615  1 0.1610 0.3286 0.2970 0.2134 
        D616  1 0.0889 0.1971 0.1023 0.6117 
        D621  1 0.0615 0.6849 0.2154 0.0382 
        D622  1 0.1883 0.5831 0.1102 0.1184 
        D623  1 0.0641 0.1922 0.3791 0.3646 
        D624  1 0.0610 0.0401 0.8440 0.0549 
        D625  1 0.0824 0.0905 0.5572 0.2699 
        D626  1 0.0976 0.0969 0.7209 0.0846 
        D627  1 0.4241 0.0413 0.0418 0.4928 
        D690  1 0.0349 0.1089 0.5377 0.3185 
        D691  1 0.4739 0.2649 0.0703 0.1908 
        D710  1 0.0478 0.2103 0.2297 0.5123 
        D711  1 0.0944 0.1677 0.2807 0.4572 
        D712  1 0.1139 0.1748 0.6376 0.0737 
        D713  1 0.0565 0.1003 0.7585 0.0846 
        D746  1 0.0918 0.7543 0.0619 0.0920 
        D747  1 0.0383 0.0301 0.0527 0.8789 
        D748  1 0.3462 0.1266 0.1845 0.3427 
        D749  1 0.1233 0.6951 0.0999 0.0816 
        D750  1 0.0477 0.0650 0.7612 0.1261 
        D763  1 0.2118 0.2050 0.1207 0.4624 
        D764  1 0.0333 0.1339 0.3009 0.5319 
        D765  1 0.1997 0.6141 0.1515 0.0346 
        D766  1 0.0668 0.5966 0.1945 0.1421 
        D767  1 0.2154 0.3597 0.2306 0.1943 
        D768  1 0.0369 0.0335 0.0345 0.8951 
        D811  1 0.0509 0.0747 0.8231 0.0513 
        D816  1 0.0396 0.0736 0.3363 0.5504 
        D825  1 0.0643 0.1352 0.7336 0.0669 
        D866  1 0.3564 0.1281 0.2522 0.2634 
        D867  1 0.0441 0.8544 0.0470 0.0545 
        D871  1 0.6754 0.0414 0.1115 0.1718 
        D872  1 0.0490 0.5882 0.1485 0.2144 
        D873  1 0.0193 0.9489 0.0174 0.0144 
        D874  1 0.1157 0.0373 0.5517 0.2953 
        D875  1 0.7235 0.0719 0.0388 0.1658 
        D876  1 0.0782 0.2870 0.2820 0.3528 
        D877  1 0.0462 0.0633 0.8516 0.0389 
        D892  1 0.2522 0.0821 0.4037 0.2620 
        D893  1 0.2233 0.1665 0.1645 0.4457 
        D894  1 0.2661 0.0698 0.1701 0.4940 
        D915  1 0.1822 0.1735 0.2862 0.3580 
        D916  1 0.0429 0.0379 0.0810 0.8382 
        D917  1 0.0474 0.1029 0.5624 0.2873 
        D925  1 0.0294 0.8171 0.0944 0.0591 
        D926  1 0.1098 0.0974 0.5043 0.2885 
        D927  1 0.0985 0.0814 0.0930 0.7271 
        D928  1 0.0152 0.0430 0.8925 0.0494 
        D929  1 0.1707 0.1074 0.6533 0.0686 
        D936  1 0.1293 0.0600 0.1914 0.6193 
        D938  1 0.0416 0.8555 0.0532 0.0497 
        D956  1 0.2454 0.1289 0.5578 0.0678 
        D957  1 0.0628 0.7132 0.0654 0.1586 
        D958  1 0.0425 0.4073 0.3621 0.1881 
        D959  1 0.0470 0.0619 0.0386 0.8525 
        D960  1 0.0516 0.8618 0.0433 0.0432 
        D989  1 0.1326 0.0625 0.3191 0.4858 
        D990  1 0.0516 0.8543 0.0422 0.0519 
        H102  1 0.1005 0.1235 0.6344 0.1416 
        H103  1 0.1918 0.3487 0.0941 0.3654 
        H104  1 0.4300 0.0633 0.2574 0.2493 
        H105  1 0.0513 0.1271 0.5838 0.2378 
        H106  1 0.3200 0.4671 0.1546 0.0583 
        H112  1 0.3041 0.1430 0.3820 0.1708 
        H113  1 0.2044 0.0990 0.1365 0.5601 
        H114  1 0.1149 0.1135 0.0627 0.7089 
        H115  1 0.3397 0.0814 0.2134 0.3654 
        H143  1 0.0595 0.1986 0.1969 0.5450 
        H144  1 0.0442 0.0782 0.0627 0.8149 
        H145  1 0.1196 0.1195 0.7156 0.0452 
        H149  1 0.4012 0.0851 0.1729 0.3409 
        H150  1 0.3168 0.1929 0.3959 0.0945 
     H167542  1 0.0853 0.1295 0.3284 0.4568 
     H169604  1 0.1778 0.0441 0.4954 0.2828 
     H169607  1 0.0824 0.0697 0.7753 0.0726 
     H169608  1 0.0837 0.0792 0.7744 0.0627 
     H169633  1 0.0934 0.1542 0.1493 0.6031 
     H169688  1 0.0498 0.7716 0.0698 0.1088 
     H169714  1 0.8278 0.0606 0.0480 0.0636 
     H171802  1 0.2903 0.1982 0.0675 0.4440 
     H171805  1 0.3226 0.5233 0.0932 0.0609 
     H171807  1 0.2951 0.1624 0.4704 0.0721 
     H171814  1 0.0720 0.1600 0.0369 0.7312 
     H171816  1 0.2210 0.4482 0.2090 0.1219 
     H171817  1 0.0991 0.1360 0.6750 0.0899 
     H171818  1 0.3347 0.3809 0.0837 0.2007 
     H171819  1 0.1997 0.2543 0.2148 0.3312 
     H171834  1 0.5675 0.1970 0.0529 0.1826 
     H171835  1 0.5247 0.1497 0.1317 0.1938 
     H171836  1 0.0850 0.6424 0.0652 0.2074 
     H171837  1 0.1286 0.0737 0.3731 0.4246 
     H171838  1 0.5417 0.3843 0.0402 0.0337 
     H171839  1 0.2374 0.0522 0.2361 0.4743 
     H171841  1 0.0754 0.2905 0.6060 0.0281 
     H171860  1 0.0818 0.0417 0.6444 0.2321 
     H171861  1 0.0796 0.4768 0.1048 0.3388 
     H171862  1 0.4911 0.1282 0.1337 0.2470 
     H171868  1 0.1511 0.0713 0.1923 0.5853 
     H171869  1 0.1540 0.5566 0.0418 0.2475 
     H171870  1 0.2462 0.5874 0.0885 0.0779 
     H171871  1 0.4642 0.2937 0.0742 0.1679 
     H171872  1 0.1823 0.0411 0.6572 0.1194 
     H171873  1 0.4106 0.4293 0.0550 0.1051 
     H171874  1 0.2031 0.2182 0.1751 0.4035 
     H171875  1 0.0751 0.1582 0.0560 0.7107 
     H171876  1 0.0581 0.0932 0.1601 0.6886 
     H171877  1 0.0758 0.0914 0.4242 0.4086 
     H171878  1 0.0938 0.7690 0.0373 0.0999 
     H171901  1 0.0676 0.2048 0.6593 0.0683 
     H171902  1 0.0740 0.0588 0.8351 0.0321 
     H171903  1 0.2838 0.0789 0.1165 0.5209 
     H171935  1 0.4708 0.3870 0.1087 0.0335 
     H171936  1 0.0546 0.2050 0.0514 0.6889 
     H171940  1 0.1362 0.1100 0.6524 0.1014 
     H171945  1 0.0966 0.6109 0.1783 0.1143 
     H171948  1 0.4675 0.2040 0.2162 0.1122 
     H171949  1 0.3968 0.0881 0.4526 0.0624 
     H171950  1 0.2708 0.1079 0.5275 0.0939 
     H171963  1 0.0794 0.8393 0.0299 0.0515 
     H171964  1 0.6205 0.2598 0.0600 0.0597 
     H171966  1 0.3520 0.4499 0.0986 0.0994 
     H171968  1 0.0440 0.0978 0.8062 0.0520 
     H171971  1 0.6864 0.2147 0.0515 0.0475 
     H171972  1 0.1292 0.3830 0.0909 0.3968 
     H171977  1 0.1033 0.6088 0.0991 0.1888 
     H171978  1 0.5015 0.2588 0.1918 0.0479 
     H171979  1 0.4300 0.2744 0.1682 0.1274 
        H176  1 0.0711 0.0523 0.5296 0.3470 
        H177  1 0.2099 0.2845 0.4421 0.0636 
        H179  1 0.0873 0.0582 0.2616 0.5929 
        H181  1 0.2068 0.5921 0.0931 0.1080 
        H182  1 0.1680 0.5902 0.1167 0.1251 
        H183  1 0.0467 0.7812 0.0417 0.1304 
        H184  1 0.2178 0.1717 0.5408 0.0697 
        H185  1 0.1341 0.6020 0.0868 0.1772 
        H186  1 0.0698 0.1654 0.0639 0.7009 
        H187  1 0.0267 0.8307 0.0433 0.0993 
        H188  1 0.1294 0.0715 0.3779 0.4211 
        H192  1 0.5134 0.3165 0.1258 0.0444 
        H193  1 0.2422 0.2909 0.3362 0.1307 
        H194  1 0.5873 0.0654 0.1206 0.2267 
        H195  1 0.0649 0.8266 0.0483 0.0602 
        H199  1 0.0579 0.4655 0.3991 0.0776 
        H200  1 0.0741 0.1283 0.2699 0.5278 
        H414  1 0.3152 0.2043 0.2590 0.2215 
        H415  1 0.1502 0.1314 0.1431 0.5752 
        H422  1 0.0937 0.4168 0.3698 0.1197 
        H423  1 0.1335 0.1126 0.6975 0.0564 
        H424  1 0.1106 0.5680 0.0511 0.2704 
        H425  1 0.0579 0.7916 0.0606 0.0900 
        H426  1 0.6386 0.2264 0.0636 0.0713 
        H443  1 0.0661 0.1403 0.1112 0.6823 
        H466  1 0.4597 0.1090 0.0959 0.3354 
        H467  1 0.8761 0.0555 0.0430 0.0254 
        H472  1 0.0510 0.0637 0.8286 0.0567 
        H483  1 0.1047 0.3969 0.2043 0.2941 
        H504  1 0.0760 0.6750 0.1176 0.1314 
        H505  1 0.1633 0.2513 0.3268 0.2586 
        H506  1 0.1681 0.3211 0.3649 0.1459 
        H507  1 0.1135 0.4974 0.1424 0.2468 
        H508  1 0.5874 0.1829 0.0926 0.1372 
        H524  1 0.1091 0.3602 0.1229 0.4077 
        H525  1 0.1670 0.2314 0.4091 0.1925 
        H526  1 0.0608 0.0573 0.5609 0.3211 
        H527  1 0.1273 0.3120 0.4798 0.0809 
        H528  1 0.1682 0.0713 0.2403 0.5202 
        H529  1 0.1826 0.3992 0.1341 0.2840 
        H533  1 0.1882 0.5055 0.1802 0.1262 
        H538  1 0.0873 0.0708 0.6905 0.1514 
        H539  1 0.0288 0.9015 0.0280 0.0417 
        H540  1 0.2132 0.4388 0.2356 0.1124 
        H541  1 0.1699 0.0811 0.3123 0.4367 
        H558  1 0.0360 0.8825 0.0375 0.0440 
        H559  1 0.0411 0.1256 0.5252 0.3080 
        H579  1 0.0516 0.7871 0.0981 0.0633 
        H584  1 0.5678 0.1241 0.1840 0.1241 
        H585  1 0.5185 0.1968 0.0774 0.2072 
        H605  1 0.1611 0.3458 0.2949 0.1982 
        H606  1 0.0337 0.0650 0.8052 0.0960 
        H632  1 0.3734 0.1814 0.2407 0.2045 
        H634  1 0.1471 0.3554 0.2792 0.2182 
        H671  1 0.0737 0.0377 0.8193 0.0693 
        H672  1 0.0316 0.0436 0.0665 0.8583 
        H673  1 0.0912 0.3008 0.2278 0.3802 
        H689  1 0.2771 0.1084 0.1318 0.4827 
        H690  1 0.3605 0.1803 0.2778 0.1814 
        H691  1 0.1166 0.0842 0.1032 0.6960 
        H692  1 0.1092 0.2391 0.0706 0.5811 
        H709  1 0.1836 0.0846 0.1326 0.5992 
        H710  1 0.3118 0.1853 0.0502 0.4527 
       H7355  1 0.2013 0.1292 0.5245 0.1450 
       H7356  1 0.5080 0.3137 0.0778 0.1005 
       H7357  1 0.0984 0.1535 0.6412 0.1069 
       H7358  1 0.0283 0.1990 0.4171 0.3556 
       H7380  1 0.3309 0.1184 0.2652 0.2855 
       H7381  1 0.2200 0.1997 0.4715 0.1089 
       H7382  1 0.1863 0.2852 0.3117 0.2168 
        H904  1 0.1252 0.0730 0.5284 0.2735 
        H923  1 0.2636 0.2185 0.2416 0.2763 
        H924  1 0.0934 0.2126 0.4452 0.2488 
        H925  1 0.0379 0.1445 0.2055 0.6122 
       H9558  1 0.0306 0.9195 0.0243 0.0256 
      H105.1  1 0.6299 0.1659 0.0571 0.1470 
      H115.1  1 0.0711 0.1566 0.0874 0.6849 
      H145.1  1 0.0506 0.0549 0.7961 0.0985 
      H149.1  1 0.0320 0.0415 0.0753 0.8512 
      H150.1  1 0.1211 0.6733 0.1612 0.0444 
   H169607.1  1 0.0786 0.2192 0.5643 0.1379 
   H169633.1  1 0.0508 0.1399 0.1345 0.6748 
   H169688.1  1 0.0335 0.1211 0.0787 0.7667 
   H171901.1  1 0.2091 0.3044 0.1292 0.3573 
   H171902.1  1 0.0453 0.1103 0.8034 0.0410 
   H171903.1  1 0.3050 0.1264 0.4586 0.1100 
      H177.1  1 0.0451 0.0708 0.1973 0.6868 
      H179.1  1 0.0713 0.1293 0.4224 0.3770 
      H180.1  1 0.4677 0.2387 0.1841 0.1095 
      H181.1  1 0.3731 0.2399 0.1732 0.2138 
 H194.1_2004  1 0.2558 0.3458 0.1151 0.2833 
 H195.1_2003  1 0.2203 0.3146 0.1846 0.2805 
 H195.1_2004  1 0.0838 0.0597 0.5828 0.2736 
      H415.1  1 0.1089 0.1881 0.0931 0.6099 
      H506.1  1 0.0681 0.1481 0.2717 0.5121 
      H533.1  1 0.0682 0.4058 0.3133 0.2127 
      H535.1  1 0.3571 0.1493 0.2561 0.2375 
      H539.1  1 0.0775 0.7401 0.1111 0.0713 
      H540.1  1 0.0580 0.8570 0.0526 0.0324 
     H9558.1  1 0.0359 0.8343 0.0611 0.0687 
    kos339.1  1 0.1416 0.0810 0.2858 0.4916 
        D023  2 0.0259 0.7268 0.0318 0.2155 
        D130  2 0.0940 0.8036 0.0531 0.0493 
        D131  2 0.1280 0.0404 0.0636 0.7680 
        D163  2 0.1578 0.7205 0.0533 0.0684 
        D164  2 0.0205 0.9286 0.0169 0.0341 
        D165  2 0.0559 0.7024 0.0338 0.2080 
        D166  2 0.4302 0.3516 0.1586 0.0596 
        D167  2 0.0697 0.7123 0.0373 0.1806 
        D192  2 0.1083 0.7307 0.0310 0.1301 
        D193  2 0.3830 0.2201 0.3370 0.0599 
        D206  2 0.1002 0.2357 0.1031 0.5610 
        D207  2 0.2717 0.1457 0.0759 0.5066 
        D208  2 0.2154 0.1233 0.5500 0.1114 
        D209  2 0.0498 0.7305 0.0387 0.1810 
        D210  2 0.3131 0.0683 0.4310 0.1876 
     D229599  2 0.2139 0.2696 0.1477 0.3687 
     D229600  2 0.0979 0.7763 0.0446 0.0812 
     D237227  2 0.0985 0.2598 0.4476 0.1941 
     D237228  2 0.0937 0.5247 0.3187 0.0630 
     D237258  2 0.1330 0.3249 0.1997 0.3424 
     D237310  2 0.2841 0.5418 0.1323 0.0417 
     D237311  2 0.1130 0.7539 0.0544 0.0786 
     D237312  2 0.4509 0.1874 0.2968 0.0649 
     D237313  2 0.1416 0.3184 0.4138 0.1262 
     D237322  2 0.5780 0.0918 0.2524 0.0779 
     D237323  2 0.1639 0.5578 0.2161 0.0622 
     D237324  2 0.3067 0.4810 0.0446 0.1676 
     D237325  2 0.2434 0.3784 0.2952 0.0830 
     D237326  2 0.0472 0.7398 0.0584 0.1546 
     D237327  2 0.6165 0.0822 0.0831 0.2182 
     D237337  2 0.1549 0.5849 0.2025 0.0577 
     D237338  2 0.4217 0.2695 0.1772 0.1317 
     D237339  2 0.1445 0.1379 0.0466 0.6711 
     D237340  2 0.2003 0.5012 0.1719 0.1265 
     D237389  2 0.1588 0.7519 0.0445 0.0449 
     D237390  2 0.5053 0.1701 0.2169 0.1077 
     D244017  2 0.0933 0.3488 0.3027 0.2552 
     D244112  2 0.2070 0.7162 0.0254 0.0513 
     D244118  2 0.0362 0.9156 0.0211 0.0271 
     D244119  2 0.0773 0.1757 0.4625 0.2845 
     D244120  2 0.6224 0.2496 0.0755 0.0525 
     D244122  2 0.1829 0.5857 0.1052 0.1262 
        D291  2 0.4699 0.1724 0.1356 0.2221 
        D292  2 0.1537 0.2200 0.2028 0.4234 
        D293  2 0.0271 0.0155 0.0137 0.9438 
        D322  2 0.0425 0.0653 0.0282 0.8640 
        D323  2 0.1005 0.1510 0.2085 0.5400 
        D324  2 0.2703 0.1080 0.1350 0.4867 
        D325  2 0.0502 0.0193 0.0172 0.9133 
        D326  2 0.0381 0.0250 0.0439 0.8930 
        D340  2 0.0306 0.0735 0.0304 0.8656 
        D341  2 0.4826 0.1465 0.0745 0.2964 
        D342  2 0.2006 0.7225 0.0404 0.0365 
        D343  2 0.0203 0.0189 0.0131 0.9478 
        D344  2 0.1838 0.3863 0.1384 0.2915 
        D345  2 0.0735 0.6768 0.0706 0.1791 
        D346  2 0.0948 0.0595 0.5812 0.2645 
        D351  2 0.1506 0.0693 0.0670 0.7131 
        D352  2 0.1169 0.3230 0.1943 0.3658 
        D353  2 0.0937 0.0350 0.0695 0.8018 
        D354  2 0.0862 0.4895 0.2421 0.1822 
        D362  2 0.0436 0.1850 0.1812 0.5902 
        D363  2 0.0313 0.1265 0.1880 0.6541 
        D364  2 0.0717 0.4867 0.1228 0.3187 
        D365  2 0.0188 0.0199 0.0172 0.9441 
        D369  2 0.0508 0.0395 0.0733 0.8364 
        D374  2 0.0452 0.1392 0.7907 0.0250 
        D375  2 0.1118 0.5899 0.0821 0.2162 
        D376  2 0.1364 0.2419 0.5732 0.0485 
        D377  2 0.2814 0.1823 0.4213 0.1150 
        D378  2 0.0584 0.0455 0.0375 0.8587 
        D379  2 0.1303 0.0950 0.1421 0.6325 
        D384  2 0.0400 0.0428 0.1163 0.8009 
        D385  2 0.0363 0.1465 0.0527 0.7645 
        D386  2 0.0913 0.1810 0.0912 0.6365 
        D391  2 0.0451 0.0410 0.0286 0.8854 
        D392  2 0.0352 0.3279 0.0419 0.5950 
        D393  2 0.1576 0.0697 0.0519 0.7208 
        D394  2 0.1698 0.5434 0.0900 0.1969 
        D395  2 0.0725 0.1041 0.0368 0.7866 
        D401  2 0.0492 0.8153 0.0549 0.0805 
        D402  2 0.2287 0.2253 0.0485 0.4974 
        D403  2 0.3205 0.3299 0.1705 0.1791 
        D415  2 0.0547 0.0426 0.0368 0.8658 
        D435  2 0.0816 0.0710 0.0376 0.8098 
        D436  2 0.2493 0.1066 0.3068 0.3373 
        D438  2 0.0409 0.1130 0.0432 0.8028 
        D439  2 0.1189 0.3908 0.0405 0.4498 
        D449  2 0.2123 0.2726 0.0372 0.4779 
        D450  2 0.1088 0.0915 0.7479 0.0518 
        D456  2 0.0491 0.0392 0.0555 0.8561 
        D462  2 0.0286 0.0407 0.0199 0.9108 
        D463  2 0.0386 0.0426 0.0696 0.8491 
        D464  2 0.1271 0.0498 0.1336 0.6894 
        D465  2 0.0444 0.0434 0.0436 0.8686 
        D473  2 0.0767 0.0807 0.7855 0.0571 
        D474  2 0.1043 0.0824 0.1122 0.7011 
        D476  2 0.1539 0.5655 0.0264 0.2541 
        D477  2 0.1434 0.0967 0.3301 0.4298 
        D478  2 0.0887 0.4983 0.1713 0.2417 
        D480  2 0.2636 0.0343 0.1430 0.5590 
        D481  2 0.0596 0.4701 0.0972 0.3731 
        D482  2 0.3655 0.1985 0.3479 0.0881 
        D483  2 0.0669 0.4942 0.0405 0.3984 
        D484  2 0.2238 0.3126 0.2161 0.2475 
        D510  2 0.1064 0.0733 0.7740 0.0463 
        D511  2 0.0674 0.0947 0.0709 0.7670 
        D512  2 0.1324 0.6412 0.0383 0.1881 
        D513  2 0.0804 0.0651 0.1331 0.7215 
        D635  2 0.0401 0.2123 0.0427 0.7049 
        D636  2 0.0207 0.9117 0.0295 0.0381 
        D637  2 0.4088 0.0847 0.2539 0.2527 
        D658  2 0.2621 0.3701 0.1331 0.2346 
        D659  2 0.1810 0.0822 0.1473 0.5894 
        D677  2 0.3908 0.1405 0.1415 0.3272 
        D678  2 0.0669 0.8233 0.0391 0.0707 
        D679  2 0.2863 0.0643 0.1713 0.4781 
        D719  2 0.0511 0.0328 0.1786 0.7375 
        D720  2 0.0522 0.0925 0.2809 0.5744 
        D721  2 0.0630 0.6012 0.0533 0.2825 
        D722  2 0.0550 0.2970 0.5665 0.0815 
        D734  2 0.2259 0.0421 0.3576 0.3744 
        D735  2 0.1702 0.1322 0.1841 0.5134 
        D736  2 0.2130 0.1505 0.3681 0.2684 
        D737  2 0.2840 0.4900 0.0751 0.1509 
        D807  2 0.1734 0.0901 0.3920 0.3444 
        D808  2 0.3545 0.2192 0.0501 0.3762 
        D817  2 0.0585 0.1973 0.2972 0.4469 
        D818  2 0.3018 0.0331 0.0506 0.6145 
        D819  2 0.0664 0.1210 0.0691 0.7436 
        D820  2 0.0898 0.0278 0.0665 0.8159 
        D895  2 0.1057 0.3042 0.1741 0.4159 
        D896  2 0.0616 0.8178 0.0679 0.0526 
        D897  2 0.5360 0.3011 0.0730 0.0899 
        D898  2 0.5423 0.2430 0.1423 0.0724 
        D918  2 0.4492 0.0862 0.2848 0.1799 
        D919  2 0.1002 0.1496 0.0435 0.7067 
        D920  2 0.0800 0.8568 0.0374 0.0259 
        D923  2 0.0474 0.1189 0.0850 0.7488 
        D930  2 0.0974 0.0716 0.7408 0.0902 
        D931  2 0.0805 0.0611 0.1005 0.7579 
        D968  2 0.0537 0.1015 0.0306 0.8142 
        D969  2 0.1749 0.0506 0.0658 0.7087 
        D977  2 0.1252 0.0432 0.0493 0.7824 
        D978  2 0.7543 0.0358 0.1069 0.1031 
        H008  2 0.0665 0.1762 0.2893 0.4680 
        H021  2 0.5844 0.1261 0.0757 0.2138 
        H023  2 0.0594 0.1118 0.7031 0.1256 
        H024  2 0.3333 0.3274 0.0489 0.2904 
        H025  2 0.2344 0.2705 0.2380 0.2571 
        H026  2 0.0451 0.0323 0.0247 0.8979 
        H027  2 0.1690 0.0803 0.0907 0.6601 
        H028  2 0.1649 0.5066 0.1767 0.1517 
        H029  2 0.0325 0.0886 0.0362 0.8427 
        H030  2 0.0985 0.5651 0.0337 0.3026 
        H038  2 0.1384 0.7018 0.0738 0.0860 
        H039  2 0.0509 0.0437 0.8753 0.0301 
        H040  2 0.2275 0.5556 0.1000 0.1169 
        H041  2 0.0672 0.0768 0.1010 0.7550 
        H042  2 0.0877 0.1745 0.6784 0.0594 
        H043  2 0.0385 0.8731 0.0553 0.0331 
        H044  2 0.1247 0.6696 0.1314 0.0744 
        H047  2 0.0846 0.7238 0.1165 0.0750 
        H050  2 0.1018 0.1220 0.0733 0.7028 
        H058  2 0.4021 0.4152 0.0683 0.1145 
        H062  2 0.0583 0.1497 0.7375 0.0546 
        H063  2 0.1270 0.3644 0.1557 0.3529 
        H065  2 0.0451 0.0692 0.1570 0.7288 
        H066  2 0.1364 0.7576 0.0325 0.0735 
        H067  2 0.3010 0.1244 0.4424 0.1322 
        H068  2 0.1495 0.0940 0.7044 0.0522 
        H069  2 0.0306 0.7015 0.0727 0.1953 
        H071  2 0.1550 0.0810 0.3060 0.4580 
        H072  2 0.0753 0.0805 0.7687 0.0756 
        H073  2 0.3440 0.1996 0.0913 0.3650 
        H081  2 0.0955 0.0537 0.6860 0.1648 
        H082  2 0.0450 0.6491 0.0443 0.2616 
        H083  2 0.0707 0.2988 0.0366 0.5938 
        H084  2 0.5621 0.1881 0.1380 0.1118 
        H085  2 0.0493 0.0397 0.1599 0.7511 
        H087  2 0.2081 0.0912 0.4028 0.2980 
        H088  2 0.1191 0.1439 0.2603 0.4767 
        H089  2 0.0884 0.1754 0.3549 0.3813 
        H090  2 0.0579 0.0275 0.0283 0.8863 
        H091  2 0.0410 0.0320 0.0542 0.8728 
        H098  2 0.3610 0.3407 0.1207 0.1776 
      H10001  2 0.0765 0.0515 0.8394 0.0327 
      H10002  2 0.1254 0.2295 0.4042 0.2409 
        H101  2 0.1237 0.2288 0.0554 0.5921 
        H108  2 0.0621 0.0293 0.8678 0.0408 
        H109  2 0.2278 0.4354 0.0897 0.2471 
        H110  2 0.0758 0.1441 0.1745 0.6056 
        H116  2 0.1801 0.4510 0.0954 0.2735 
        H117  2 0.2312 0.0375 0.0408 0.6906 
        H118  2 0.0418 0.0272 0.0362 0.8948 
        H119  2 0.1652 0.0834 0.1783 0.5731 
        H120  2 0.0412 0.0490 0.8546 0.0552 
        H121  2 0.0251 0.0221 0.0339 0.9189 
        H125  2 0.3317 0.0425 0.5882 0.0376 
        H126  2 0.0446 0.6532 0.1998 0.1023 
        H128  2 0.0188 0.0208 0.0131 0.9473 
        H129  2 0.7557 0.1115 0.0380 0.0948 
        H130  2 0.0455 0.0907 0.8416 0.0222 
        H133  2 0.1576 0.1132 0.6633 0.0659 
        H134  2 0.0610 0.1352 0.0339 0.7699 
        H135  2 0.0550 0.1405 0.2118 0.5927 
        H137  2 0.6179 0.0998 0.0497 0.2326 
        H138  2 0.4316 0.1831 0.0745 0.3108 
        H140  2 0.3061 0.0607 0.1435 0.4897 
        H146  2 0.0383 0.0192 0.0260 0.9165 
        H147  2 0.1986 0.1012 0.0620 0.6381 
        H148  2 0.3553 0.1007 0.1071 0.4369 
     H166022  2 0.2486 0.3039 0.2589 0.1886 
     H167359  2 0.1876 0.3320 0.3109 0.1695 
     H167397  2 0.1133 0.4644 0.0453 0.3770 
     H167428  2 0.0211 0.0339 0.0222 0.9228 
     H167496  2 0.2220 0.0860 0.3602 0.3319 
     H167513  2 0.0432 0.9012 0.0341 0.0214 
     H167545  2 0.0457 0.8650 0.0484 0.0408 
     H167547  2 0.6079 0.1771 0.0422 0.1727 
     H169621  2 0.5338 0.2364 0.0378 0.1920 
     H169622  2 0.0746 0.4130 0.3614 0.1509 
     H169750  2 0.2001 0.3908 0.1879 0.2212 
     H171806  2 0.1035 0.0413 0.1272 0.7280 
     H171808  2 0.0344 0.1818 0.4369 0.3468 
     H171809  2 0.1089 0.1171 0.6115 0.1624 
     H171813  2 0.7414 0.1566 0.0555 0.0465 
     H171815  2 0.1342 0.7194 0.0606 0.0859 
     H171824  2 0.1827 0.0422 0.4540 0.3211 
     H171825  2 0.0657 0.1318 0.7497 0.0528 
     H171826  2 0.1506 0.1048 0.1237 0.6209 
     H171827  2 0.2503 0.3265 0.0589 0.3643 
     H171828  2 0.1293 0.0340 0.7940 0.0427 
     H171829  2 0.5081 0.1423 0.3120 0.0377 
     H171830  2 0.0938 0.4174 0.2120 0.2768 
     H171831  2 0.3165 0.4126 0.1357 0.1352 
     H171832  2 0.0597 0.7300 0.1161 0.0942 
     H171863  2 0.0312 0.7625 0.0350 0.1713 
     H171864  2 0.1153 0.2032 0.2752 0.4062 
     H171865  2 0.0531 0.4971 0.1426 0.3072 
     H171879  2 0.4558 0.0734 0.0515 0.4193 
     H171880  2 0.3137 0.1655 0.0550 0.4658 
     H171881  2 0.4906 0.2075 0.1279 0.1740 
     H171882  2 0.0636 0.0606 0.8260 0.0497 
     H171929  2 0.0703 0.1767 0.2948 0.4582 
     H171930  2 0.0399 0.8901 0.0264 0.0436 
     H171933  2 0.6931 0.0660 0.1184 0.1226 
     H171934  2 0.2076 0.1261 0.5731 0.0931 
     H171937  2 0.1676 0.5701 0.1668 0.0956 
     H171962  2 0.1009 0.5556 0.0951 0.2484 
        H190  2 0.6081 0.1473 0.0593 0.1853 
        H191  2 0.2088 0.4947 0.1615 0.1350 
        H396  2 0.0779 0.0667 0.3385 0.5168 
        H397  2 0.2313 0.1331 0.4809 0.1547 
        H398  2 0.1187 0.1100 0.2560 0.5153 
        H400  2 0.0486 0.2563 0.4860 0.2091 
        H401  2 0.8297 0.0828 0.0323 0.0552 
        H402  2 0.1351 0.6160 0.0433 0.2056 
        H427  2 0.2180 0.1289 0.1434 0.5098 
        H428  2 0.0203 0.0385 0.0268 0.9143 
        H497  2 0.0533 0.8545 0.0495 0.0427 
        H512  2 0.4601 0.1433 0.0654 0.3313 
        H513  2 0.0781 0.8591 0.0363 0.0266 
        H514  2 0.1164 0.5067 0.0454 0.3316 
        H519  2 0.1255 0.7857 0.0506 0.0382 
        H532  2 0.0500 0.0720 0.0525 0.8256 
        H543  2 0.1950 0.2434 0.0822 0.4793 
        H544  2 0.0364 0.2951 0.5492 0.1192 
        H545  2 0.0369 0.8924 0.0360 0.0347 
        H546  2 0.1676 0.4346 0.2873 0.1105 
        H547  2 0.6557 0.1564 0.0417 0.1462 
        H548  2 0.0661 0.1673 0.5687 0.1979 
        H549  2 0.0157 0.9395 0.0227 0.0221 
        H620  2 0.1159 0.0941 0.7227 0.0674 
        H623  2 0.1630 0.7447 0.0433 0.0490 
        H624  2 0.0263 0.8309 0.1071 0.0356 
        H625  2 0.0561 0.2764 0.4813 0.1863 
        H626  2 0.1565 0.4916 0.1901 0.1618 
        H654  2 0.1032 0.7272 0.1403 0.0293 
        H655  2 0.2091 0.2049 0.5038 0.0822 
        H656  2 0.0286 0.0558 0.8851 0.0305 
        H666  2 0.2406 0.0821 0.3976 0.2796 
        H667  2 0.0914 0.5799 0.0787 0.2500 
        H677  2 0.0994 0.1242 0.2119 0.5645 
        H693  2 0.1538 0.0638 0.6952 0.0872 
        H694  2 0.1315 0.6616 0.1220 0.0849 
        H701  2 0.2160 0.3235 0.0910 0.3695 
        H702  2 0.1822 0.2297 0.4698 0.1184 
        H731  2 0.1745 0.0820 0.5392 0.2043 
       H7359  2 0.2228 0.2374 0.3414 0.1984 
       H7389  2 0.1427 0.1226 0.0673 0.6674 
       H7390  2 0.6932 0.0786 0.1409 0.0873 
       H7391  2 0.2253 0.0651 0.2325 0.4771 
       H7392  2 0.4090 0.1515 0.0980 0.3415 
       H7393  2 0.5723 0.2518 0.1291 0.0468 
       H7398  2 0.1117 0.0806 0.1336 0.6741 
       H7399  2 0.0929 0.1734 0.0409 0.6928 
       H7400  2 0.0867 0.1851 0.6979 0.0302 
        H745  2 0.3777 0.2795 0.0465 0.2963 
        H746  2 0.0661 0.5344 0.0494 0.3501 
        H747  2 0.2450 0.1138 0.5675 0.0737 
        H748  2 0.1088 0.5027 0.1177 0.2708 
       H7484  2 0.1416 0.0734 0.7487 0.0363 
       H7485  2 0.0322 0.8805 0.0284 0.0590 
        H749  2 0.0328 0.8075 0.0893 0.0704 
        H930  2 0.0691 0.7940 0.0386 0.0983 
        H931  2 0.0446 0.1046 0.2923 0.5585 
        H932  2 0.1035 0.0693 0.0930 0.7342 
      H008.1  2 0.0479 0.0627 0.2220 0.6673 
 H029.1_2002  2 0.0923 0.5594 0.0462 0.3021 
 H029.1_2003  2 0.0467 0.0444 0.0409 0.8680 
      H030.1  2 0.7192 0.1050 0.0635 0.1123 
      H038.1  2 0.0472 0.2396 0.5009 0.2123 
      H041.1  2 0.0204 0.0243 0.0166 0.9386 
 H042.1_2002  2 0.0559 0.0522 0.0434 0.8485 
 H042.1_2003  2 0.1306 0.3690 0.2243 0.2762 
   H042_2002  2 0.0824 0.1731 0.6739 0.0705 
   H042_2003  2 0.0883 0.1870 0.6569 0.0678 
      H043.1  2 0.0265 0.9048 0.0323 0.0364 
      H047.1  2 0.0536 0.7801 0.0911 0.0752 
 H071.1_2002  2 0.1360 0.5381 0.1067 0.2192 
 H071.1_2003  2 0.2311 0.2650 0.2762 0.2278 
 H081.1_2002  2 0.1641 0.3104 0.1517 0.3738 
 H081.1_2003  2 0.2101 0.3710 0.1468 0.2721 
      H083.1  2 0.1151 0.6095 0.0230 0.2523 
      H084.1  2 0.4280 0.4965 0.0335 0.0420 
 H085.1_2002  2 0.0285 0.1611 0.2174 0.5930 
 H085.1_2003  2 0.0246 0.0242 0.0359 0.9154 
      H088.1  2 0.0339 0.0311 0.0246 0.9104 
      H091.1  2 0.0228 0.0201 0.0153 0.9418 
      H109.1  2 0.1508 0.7312 0.0437 0.0743 
      H126.1  2 0.1697 0.3001 0.4269 0.1033 
      H130.1  2 0.0544 0.0850 0.8138 0.0468 
      H133.1  2 0.0824 0.3402 0.2788 0.2986 
      H147.1  2 0.2792 0.2800 0.1128 0.3281 
      H148.1  2 0.1296 0.2298 0.4590 0.1816 
   H166022.1  2 0.0723 0.1022 0.0359 0.7897 
   H167397.1  2 0.0951 0.7366 0.0429 0.1255 
   H167496.1  2 0.2481 0.0992 0.1618 0.4909 
   H167513.1  2 0.0405 0.8571 0.0604 0.0420 
   H167547.1  2 0.4671 0.2037 0.1889 0.1403 
   H169750.1  2 0.2562 0.1625 0.2508 0.3305 
   H171929.1  2 0.0568 0.7005 0.0536 0.1891 
   H171930.1  2 0.0719 0.8354 0.0458 0.0469 
   H171933.1  2 0.0862 0.1222 0.2562 0.5355 
      H190.1  2 0.6757 0.0860 0.1539 0.0844 
      H400.1  2 0.0566 0.0696 0.0297 0.8441 
 H428.1_2005  2 0.0514 0.1345 0.0849 0.7291 
 H428.1_2006  2 0.0362 0.1354 0.0530 0.7753 
      H453.1  2 0.0947 0.1351 0.0687 0.7016 
      H512.1  2 0.4809 0.3072 0.0532 0.1587 
      H513.1  2 0.1470 0.6808 0.0497 0.1225 
      H532.1  2 0.0818 0.3716 0.2203 0.3263 
      H543.1  2 0.0406 0.3747 0.0350 0.5498 
 H545.1_2005  2 0.0202 0.9376 0.0226 0.0196 
 H545.1_2006  2 0.0536 0.3369 0.0393 0.5702 
      H547.1  2 0.1816 0.0640 0.0443 0.7100 
      H548.1  2 0.0244 0.8198 0.0764 0.0795 
     H7389.1  2 0.0712 0.1216 0.2095 0.5978 
      H747.1  2 0.2388 0.2750 0.3950 0.0912 
     H7484.1  2 0.1224 0.1454 0.5498 0.1824 
     H7485.1  2 0.0549 0.2417 0.0557 0.6477 
     H7496.1  2 0.4709 0.0864 0.1794 0.2633 
        D211  3 0.4180 0.2793 0.1933 0.1094 
     D229639  3 0.5195 0.0896 0.2233 0.1677 
     D237212  3 0.3607 0.1057 0.2155 0.3181 
     D237213  3 0.4421 0.2512 0.1309 0.1758 
     D237214  3 0.1247 0.6140 0.1090 0.1523 
     D237215  3 0.2315 0.3906 0.3001 0.0779 
     D237216  3 0.5000 0.2902 0.0741 0.1357 
     D237217  3 0.3236 0.5016 0.0500 0.1248 
     D237218  3 0.7761 0.0463 0.0724 0.1051 
     D237219  3 0.2801 0.2680 0.4039 0.0481 
     D237382  3 0.4262 0.1312 0.3195 0.1230 
     D244127  3 0.2807 0.6297 0.0378 0.0518 
     D244129  3 0.1823 0.2726 0.1909 0.3543 
     D244133  3 0.0825 0.1355 0.6445 0.1375 
     D244134  3 0.2256 0.2005 0.4611 0.1128 
     D244135  3 0.1261 0.5297 0.0913 0.2529 
     D244136  3 0.0732 0.0826 0.4619 0.3822 
        D416  3 0.4637 0.1814 0.0596 0.2953 
        D417  3 0.3688 0.0715 0.1095 0.4501 
        D419  3 0.3007 0.2118 0.2265 0.2610 
        D565  3 0.0316 0.0472 0.8406 0.0806 
        D566  3 0.2544 0.0919 0.3377 0.3160 
        D567  3 0.0536 0.2086 0.1640 0.5738 
        D568  3 0.1859 0.3902 0.0508 0.3732 
        D569  3 0.1836 0.5031 0.0972 0.2161 
        D573  3 0.1138 0.0354 0.0322 0.8187 
        D574  3 0.1648 0.2520 0.4687 0.1146 
        D575  3 0.0611 0.2791 0.5814 0.0784 
        D576  3 0.3264 0.4894 0.1369 0.0474 
        D577  3 0.1298 0.1078 0.5719 0.1905 
        D578  3 0.1888 0.7367 0.0263 0.0482 
        D579  3 0.2470 0.0916 0.4520 0.2095 
        D660  3 0.2135 0.5258 0.1021 0.1586 
        D661  3 0.8743 0.0400 0.0326 0.0531 
        D663  3 0.7176 0.0437 0.0532 0.1855 
        D664  3 0.1687 0.4484 0.3312 0.0517 
        D665  3 0.2117 0.6834 0.0514 0.0536 
        D666  3 0.2214 0.1654 0.4984 0.1147 
        H111  3 0.2912 0.5263 0.1024 0.0802 
        H951  3 0.1039 0.5226 0.1244 0.2491 
        H952  3 0.2867 0.1126 0.1770 0.4236 
        H953  3 0.2158 0.0775 0.1879 0.5188 
        H954  3 0.1745 0.2902 0.4306 0.1047 
        H955  3 0.0386 0.6440 0.0560 0.2614 
        H956  3 0.1072 0.0541 0.0781 0.7606 
       H9563  3 0.4632 0.0742 0.3212 0.1414 
        D009  4 0.3323 0.5345 0.0753 0.0578 
        D057  4 0.5252 0.2378 0.0471 0.1899 
        D109  4 0.0936 0.3308 0.5055 0.0700 
     D237222  4 0.1521 0.6879 0.1072 0.0527 
     D237223  4 0.4046 0.3230 0.1778 0.0945 
     D237224  4 0.1527 0.1647 0.0828 0.5998 
     D237225  4 0.7121 0.1377 0.0945 0.0557 
     D237299  4 0.9120 0.0220 0.0387 0.0273 
     D237300  4 0.8512 0.0372 0.0617 0.0500 
     D237306  4 0.2086 0.1224 0.5355 0.1334 
     D237307  4 0.1502 0.0514 0.5132 0.2852 
     D237308  4 0.0825 0.5497 0.2155 0.1523 
     D237309  4 0.3130 0.4186 0.1008 0.1676 
     D237317  4 0.0745 0.1280 0.7139 0.0836 
     D237318  4 0.7896 0.0277 0.0406 0.1421 
     D237319  4 0.4120 0.2391 0.1417 0.2072 
     D237320  4 0.6465 0.1011 0.0639 0.1885 
     D237321  4 0.5750 0.1501 0.1064 0.1685 
     D237397  4 0.4976 0.1180 0.2566 0.1279 
     D237398  4 0.7276 0.0382 0.0281 0.2061 
     D237399  4 0.5097 0.0880 0.2477 0.1546 
     D244001  4 0.1185 0.7872 0.0437 0.0506 
        D289  4 0.2239 0.0719 0.2157 0.4885 
        D290  4 0.5595 0.1168 0.2299 0.0937 
        D294  4 0.4747 0.1507 0.2236 0.1509 
        D295  4 0.3870 0.1089 0.3491 0.1550 
        D301  4 0.1241 0.7859 0.0579 0.0320 
        D302  4 0.2101 0.1839 0.1756 0.4304 
        D303  4 0.0815 0.0720 0.7823 0.0642 
        D304  4 0.3662 0.0495 0.4942 0.0901 
        D305  4 0.2673 0.5949 0.0362 0.1016 
        D306  4 0.1999 0.2300 0.4825 0.0876 
        D307  4 0.1083 0.7152 0.1398 0.0367 
        D327  4 0.0700 0.0474 0.2629 0.6196 
        D328  4 0.1334 0.1087 0.6751 0.0828 
        D329  4 0.2745 0.5411 0.0641 0.1204 
        D330  4 0.1476 0.4633 0.0533 0.3358 
        D331  4 0.2040 0.2560 0.3798 0.1603 
        D333  4 0.2774 0.2023 0.4352 0.0852 
        D334  4 0.1043 0.0514 0.7347 0.1096 
        D335  4 0.0727 0.1349 0.1817 0.6107 
        D370  4 0.0788 0.4212 0.4296 0.0704 
        D371  4 0.0418 0.0461 0.7354 0.1766 
        D372  4 0.8440 0.0565 0.0698 0.0297 
        D373  4 0.0777 0.7928 0.0411 0.0884 
        D455  4 0.2031 0.6878 0.0602 0.0489 
        D490  4 0.2407 0.6503 0.0716 0.0374 
        D497  4 0.2813 0.6353 0.0529 0.0304 
        D498  4 0.2025 0.2929 0.3894 0.1152 
        D499  4 0.4402 0.0945 0.0856 0.3798 
        D514  4 0.3206 0.1364 0.2106 0.3324 
        D515  4 0.7723 0.0735 0.0820 0.0722 
        D516  4 0.1795 0.2521 0.3100 0.2584 
        D517  4 0.1533 0.7374 0.0368 0.0724 
        D518  4 0.3159 0.2857 0.2202 0.1782 
        D519  4 0.8429 0.0373 0.0315 0.0884 
        D560  4 0.8571 0.0505 0.0387 0.0537 
        D561  4 0.1312 0.2059 0.0267 0.6361 
        D562  4 0.3024 0.3439 0.1782 0.1755 
        D563  4 0.1382 0.1445 0.0282 0.6892 
        D572  4 0.2009 0.1774 0.1917 0.4300 
        D629  4 0.1164 0.1773 0.2126 0.4936 
        D630  4 0.5166 0.1138 0.2161 0.1535 
        D631  4 0.5807 0.0987 0.0844 0.2362 
        D632  4 0.0460 0.8295 0.0400 0.0844 
        D646  4 0.7117 0.1224 0.0444 0.1215 
        D647  4 0.2311 0.2731 0.0462 0.4497 
        D648  4 0.0840 0.1138 0.7603 0.0418 
        D649  4 0.1190 0.2743 0.1567 0.4499 
        D650  4 0.2387 0.0680 0.5016 0.1917 
        D708  4 0.2393 0.1213 0.5877 0.0517 
        D709  4 0.1105 0.2629 0.5712 0.0554 
        D738  4 0.1676 0.1284 0.5631 0.1409 
        D739  4 0.5055 0.3244 0.0971 0.0731 
        D740  4 0.5234 0.2495 0.1809 0.0462 
        D741  4 0.3753 0.0272 0.0281 0.5694 
        D742  4 0.3662 0.0607 0.0832 0.4899 
        D743  4 0.0991 0.0498 0.1134 0.7377 
        D744  4 0.1994 0.1171 0.0926 0.5909 
        D745  4 0.8416 0.0424 0.0599 0.0560 
        D814  4 0.6954 0.1702 0.0514 0.0830 
        D815  4 0.1280 0.2045 0.4988 0.1687 
        D828  4 0.3065 0.2142 0.4519 0.0274 
        D845  4 0.5814 0.0373 0.0894 0.2919 
        D846  4 0.1340 0.2713 0.0460 0.5487 
        D847  4 0.4778 0.0779 0.1646 0.2796 
        D848  4 0.1237 0.7512 0.0365 0.0886 
        D849  4 0.5072 0.3933 0.0570 0.0424 
        D850  4 0.1196 0.0784 0.1542 0.6477 
        D856  4 0.3434 0.3217 0.1305 0.2044 
        D857  4 0.0349 0.8982 0.0486 0.0183 
        D859  4 0.4853 0.1202 0.1314 0.2630 
        D860  4 0.0721 0.1155 0.3272 0.4853 
        D883  4 0.1746 0.1767 0.4457 0.2030 
        D884  4 0.4695 0.0811 0.3735 0.0760 
        D885  4 0.4515 0.0873 0.0653 0.3959 
        D886  4 0.1701 0.5404 0.1558 0.1337 
        D887  4 0.4494 0.1110 0.2100 0.2296 
        D889  4 0.8508 0.0239 0.0961 0.0291 
        D890  4 0.0713 0.3049 0.4966 0.1273 
        D891  4 0.8689 0.0197 0.0242 0.0872 
        D899  4 0.2686 0.0860 0.1775 0.4680 
        D900  4 0.2813 0.1402 0.1578 0.4206 
        D970  4 0.2400 0.1768 0.1496 0.4336 
        D971  4 0.0344 0.4679 0.1141 0.3835 
        D979  4 0.0593 0.0568 0.1614 0.7225 
        H002  4 0.3273 0.3490 0.2061 0.1177 
        H003  4 0.4695 0.1022 0.0855 0.3428 
        H009  4 0.0939 0.7926 0.0771 0.0365 
        H010  4 0.3394 0.1573 0.2069 0.2964 
        H011  4 0.2205 0.1387 0.5685 0.0724 
        H012  4 0.2544 0.2742 0.2270 0.2444 
        H013  4 0.2902 0.1184 0.2217 0.3696 
        H014  4 0.7074 0.0977 0.1102 0.0847 
        H045  4 0.3434 0.0924 0.2000 0.3642 
        H046  4 0.5480 0.1393 0.0862 0.2265 
        H051  4 0.1532 0.0866 0.6574 0.1028 
        H052  4 0.0486 0.0597 0.8602 0.0315 
        H053  4 0.2312 0.1307 0.1261 0.5120 
        H056  4 0.0809 0.2295 0.6646 0.0250 
        H076  4 0.7729 0.0313 0.0368 0.1589 
        H151  4 0.4841 0.1101 0.1886 0.2173 
        H152  4 0.0668 0.0576 0.7908 0.0848 
     H171803  4 0.5981 0.2351 0.0813 0.0856 
     H171804  4 0.3017 0.2176 0.4077 0.0730 
     H171833  4 0.1519 0.7471 0.0397 0.0613 
     H171855  4 0.8086 0.0672 0.0934 0.0308 
     H171856  4 0.4233 0.3852 0.0725 0.1190 
     H171857  4 0.6505 0.0806 0.1914 0.0775 
     H171858  4 0.1107 0.0511 0.6842 0.1540 
     H171859  4 0.1780 0.0850 0.6218 0.1152 
     H171961  4 0.2692 0.1633 0.2606 0.3069 
        H198  4 0.2633 0.0936 0.0815 0.5616 
      H20001  4 0.0503 0.9044 0.0218 0.0234 
        H403  4 0.4015 0.4324 0.0890 0.0771 
        H404  4 0.1296 0.1381 0.1522 0.5802 
        H405  4 0.1179 0.4665 0.1100 0.3057 
        H406  4 0.1259 0.7395 0.0329 0.1017 
        H407  4 0.5768 0.0752 0.2270 0.1211 
        H410  4 0.4448 0.0440 0.0307 0.4805 
        H411  4 0.3313 0.5578 0.0564 0.0545 
        H468  4 0.4301 0.4483 0.0450 0.0767 
        H476  4 0.0819 0.5112 0.2894 0.1176 
        H477  4 0.0457 0.8662 0.0593 0.0287 
        H478  4 0.0637 0.8156 0.0670 0.0537 
        H479  4 0.0825 0.0912 0.4679 0.3584 
        H480  4 0.3657 0.2466 0.1730 0.2147 
        H498  4 0.7013 0.0999 0.0621 0.1368 
        H499  4 0.1092 0.5574 0.2468 0.0866 
        H500  4 0.2513 0.2531 0.2654 0.2302 
        H515  4 0.3460 0.3297 0.1838 0.1405 
        H516  4 0.6654 0.1542 0.0466 0.1338 
        H517  4 0.2013 0.0578 0.2418 0.4990 
        H518  4 0.1021 0.0607 0.8111 0.0261 
        H520  4 0.4333 0.1493 0.3376 0.0798 
        H521  4 0.2179 0.2191 0.1392 0.4238 
        H522  4 0.4414 0.4265 0.0661 0.0661 
        H523  4 0.3167 0.1375 0.3327 0.2131 
        H536  4 0.1214 0.2580 0.3988 0.2218 
        H645  4 0.0428 0.0646 0.6660 0.2266 
        H646  4 0.2458 0.0406 0.0345 0.6791 
        H647  4 0.0542 0.6908 0.1304 0.1246 
        H657  4 0.3745 0.0729 0.1385 0.4141 
        H658  4 0.1280 0.0967 0.5104 0.2650 
        H659  4 0.1807 0.6521 0.1066 0.0607 
        H660  4 0.1404 0.3927 0.3882 0.0787 
        H661  4 0.4898 0.4340 0.0388 0.0374 
        H668  4 0.0840 0.2560 0.2250 0.4350 
        H669  4 0.0927 0.0843 0.0492 0.7739 
        H670  4 0.0938 0.0351 0.6573 0.2138 
        H678  4 0.2953 0.4592 0.0477 0.1978 
        H679  4 0.0818 0.2348 0.0550 0.6284 
        H680  4 0.8351 0.0631 0.0574 0.0444 
        H681  4 0.0497 0.0710 0.7539 0.1254 
        H682  4 0.1659 0.1732 0.0741 0.5868 
        H683  4 0.0683 0.6960 0.0981 0.1377 
        H718  4 0.4014 0.0598 0.3136 0.2252 
        H719  4 0.5534 0.0947 0.2044 0.1475 
        H720  4 0.0867 0.6851 0.2019 0.0262 
        H721  4 0.8292 0.0452 0.1034 0.0222 
        H722  4 0.3264 0.4919 0.0814 0.1003 
        H723  4 0.1946 0.2160 0.2957 0.2937 
        H724  4 0.2158 0.0337 0.6884 0.0621 
        H725  4 0.6105 0.0580 0.2961 0.0353 
        H726  4 0.4298 0.1805 0.1299 0.2598 
        H727  4 0.4425 0.0566 0.2169 0.2840 
        H910  4 0.2371 0.0849 0.5943 0.0837 
        H911  4 0.1291 0.2481 0.0677 0.5550 
        H912  4 0.2257 0.4777 0.0721 0.2244 
        H913  4 0.3593 0.1151 0.2636 0.2619 
        H914  4 0.1573 0.0762 0.5963 0.1701 
        H915  4 0.1158 0.5800 0.0988 0.2054 
        H916  4 0.1984 0.6937 0.0637 0.0442 
       H9572  4 0.7686 0.1885 0.0232 0.0197 
      H009.1  4 0.0480 0.1503 0.7473 0.0544 
      H046.4  4 0.2574 0.1875 0.1472 0.4080 
 H076.1_2002  4 0.7029 0.0496 0.0231 0.2244 
 H076.1_2003  4 0.8825 0.0243 0.0248 0.0683 
 H076.1_2004  4 0.7764 0.0269 0.0271 0.1695 
      H477.1  4 0.4328 0.4608 0.0711 0.0353 
 H479.1_2005  4 0.0690 0.2149 0.3351 0.3810 
 H479.1_2006  4 0.2213 0.5312 0.1002 0.1474 
      H516.1  4 0.4491 0.1473 0.1046 0.2990 
      H646.1  4 0.4869 0.1690 0.1041 0.2399 
      H658.1  4 0.2271 0.4652 0.1928 0.1149 
