        D174  1 0.1211 0.0853 0.6133 0.1015 0.0788 
        D199  1 0.5317 0.1252 0.1339 0.1635 0.0457 
        D203  1 0.2867 0.1418 0.1232 0.1749 0.2735 
        D204  1 0.6990 0.0718 0.0837 0.0869 0.0587 
     D237366  1 0.0572 0.0916 0.1226 0.1295 0.5990 
     D237367  1 0.4446 0.1230 0.2084 0.1403 0.0836 
     D237368  1 0.2311 0.5255 0.0723 0.1058 0.0653 
     D244101  1 0.8114 0.0412 0.0289 0.0737 0.0448 
     D244102  1 0.1089 0.2923 0.1395 0.2886 0.1706 
     D244103  1 0.1045 0.0895 0.2138 0.4910 0.1011 
     D244104  1 0.6104 0.0888 0.1749 0.0684 0.0575 
     D244105  1 0.0570 0.2298 0.0388 0.4436 0.2308 
     D244106  1 0.1118 0.0517 0.3553 0.0760 0.4052 
     D244107  1 0.1432 0.5822 0.0346 0.1908 0.0492 
     D244108  1 0.1319 0.4614 0.2332 0.0941 0.0794 
     D244113  1 0.0343 0.1057 0.7163 0.1103 0.0335 
     D244114  1 0.0563 0.0740 0.1151 0.3149 0.4397 
     D244115  1 0.1201 0.0951 0.5536 0.1722 0.0590 
     D267365  1 0.2953 0.0893 0.3793 0.1651 0.0710 
        D404  1 0.0735 0.1347 0.5246 0.1600 0.1072 
        D405  1 0.1059 0.1522 0.2529 0.4179 0.0710 
        D406  1 0.0458 0.7823 0.0503 0.0516 0.0700 
        D407  1 0.6895 0.0571 0.0682 0.1519 0.0334 
        D408  1 0.1314 0.0354 0.5969 0.1339 0.1023 
        D409  1 0.0750 0.0743 0.0548 0.7368 0.0591 
        D410  1 0.0453 0.7387 0.0766 0.0957 0.0438 
        D421  1 0.8743 0.0213 0.0523 0.0306 0.0215 
        D422  1 0.0489 0.6399 0.0256 0.0950 0.1906 
        D423  1 0.2716 0.5678 0.0431 0.0888 0.0288 
        D424  1 0.3318 0.0518 0.1239 0.4546 0.0379 
        D425  1 0.2194 0.0532 0.3721 0.2867 0.0685 
        D426  1 0.1317 0.0412 0.0448 0.6426 0.1397 
        D427  1 0.7608 0.0410 0.0715 0.0916 0.0350 
        D428  1 0.2054 0.2352 0.3005 0.2085 0.0504 
        D429  1 0.1882 0.0582 0.3467 0.1369 0.2701 
        D430  1 0.2318 0.0562 0.1826 0.2133 0.3161 
        D491  1 0.0842 0.0584 0.7116 0.1031 0.0427 
        D492  1 0.3073 0.0697 0.4224 0.1447 0.0559 
        D537  1 0.3575 0.1526 0.2189 0.2132 0.0579 
        D538  1 0.1484 0.4054 0.1431 0.2272 0.0759 
        D539  1 0.0596 0.1508 0.3247 0.1113 0.3536 
        D540  1 0.0752 0.0787 0.1168 0.6694 0.0599 
        D541  1 0.8218 0.0453 0.0414 0.0656 0.0259 
        D551  1 0.0835 0.1095 0.0575 0.2396 0.5098 
        D552  1 0.1440 0.5569 0.1227 0.1184 0.0581 
        D553  1 0.5495 0.0429 0.0959 0.2800 0.0317 
        D615  1 0.1716 0.2643 0.2596 0.2084 0.0962 
        D616  1 0.5633 0.1671 0.0916 0.1198 0.0583 
        D621  1 0.0369 0.6605 0.1746 0.0690 0.0589 
        D622  1 0.0741 0.5434 0.0986 0.1087 0.1751 
        D623  1 0.4077 0.1456 0.2539 0.1473 0.0455 
        D624  1 0.0718 0.0425 0.7400 0.0950 0.0507 
        D625  1 0.2714 0.0994 0.4648 0.0947 0.0696 
        D626  1 0.0630 0.1185 0.6281 0.0900 0.1004 
        D627  1 0.1700 0.0396 0.0703 0.5550 0.1650 
        D690  1 0.2109 0.1139 0.5688 0.0679 0.0385 
        D691  1 0.1485 0.2435 0.0688 0.0564 0.4828 
        D710  1 0.4423 0.1567 0.1785 0.1776 0.0448 
        D711  1 0.3706 0.1896 0.2351 0.0982 0.1066 
        D712  1 0.0651 0.1343 0.5620 0.1653 0.0733 
        D713  1 0.0945 0.0794 0.5962 0.1760 0.0540 
        D746  1 0.0818 0.7125 0.0682 0.0558 0.0817 
        D747  1 0.7988 0.0422 0.0639 0.0531 0.0420 
        D748  1 0.2519 0.1169 0.1629 0.0878 0.3805 
        D749  1 0.0605 0.4896 0.1075 0.2546 0.0877 
        D750  1 0.1350 0.0622 0.6892 0.0571 0.0565 
        D763  1 0.3533 0.1759 0.1288 0.1679 0.1742 
        D764  1 0.3787 0.1292 0.3505 0.1077 0.0340 
        D765  1 0.0304 0.5488 0.1272 0.1896 0.1041 
        D766  1 0.0928 0.5520 0.1456 0.1499 0.0597 
        D767  1 0.1488 0.2927 0.1870 0.1541 0.2174 
        D768  1 0.5717 0.0513 0.0500 0.2655 0.0616 
        D811  1 0.0536 0.0930 0.6158 0.1877 0.0499 
        D816  1 0.4464 0.0729 0.2608 0.1752 0.0447 
        D825  1 0.0661 0.2094 0.5200 0.1371 0.0674 
        D866  1 0.2808 0.1227 0.2036 0.1779 0.2150 
        D867  1 0.0555 0.6766 0.0628 0.1577 0.0474 
        D871  1 0.0732 0.0355 0.1647 0.6100 0.1166 
        D872  1 0.1333 0.6306 0.0987 0.0913 0.0461 
        D873  1 0.0205 0.9077 0.0202 0.0275 0.0241 
        D874  1 0.2459 0.0401 0.4372 0.1411 0.1357 
        D875  1 0.0752 0.0689 0.0551 0.6597 0.1412 
        D876  1 0.1952 0.2781 0.2723 0.1947 0.0597 
        D877  1 0.0520 0.0554 0.7228 0.1167 0.0531 
        D892  1 0.2083 0.0810 0.3229 0.1095 0.2783 
        D893  1 0.2508 0.1387 0.0951 0.3376 0.1777 
        D894  1 0.3763 0.0573 0.1678 0.1847 0.2138 
        D915  1 0.2769 0.1614 0.1892 0.2091 0.1633 
        D916  1 0.7465 0.0485 0.0893 0.0743 0.0413 
        D917  1 0.2104 0.0750 0.4349 0.2440 0.0357 
        D925  1 0.0655 0.7282 0.1192 0.0614 0.0257 
        D926  1 0.1590 0.0735 0.4268 0.2159 0.1247 
        D927  1 0.6409 0.0745 0.0822 0.1011 0.1012 
        D928  1 0.0620 0.0499 0.7964 0.0695 0.0223 
        D929  1 0.0533 0.0993 0.4962 0.1871 0.1641 
        D936  1 0.5021 0.0610 0.1631 0.1236 0.1502 
        D938  1 0.0376 0.8250 0.0472 0.0431 0.0471 
        D956  1 0.0760 0.0935 0.5043 0.1745 0.1517 
        D957  1 0.1107 0.6681 0.0546 0.1147 0.0519 
        D958  1 0.1266 0.4323 0.3327 0.0659 0.0425 
        D959  1 0.6177 0.0656 0.0444 0.2218 0.0505 
        D960  1 0.0383 0.7825 0.0414 0.0612 0.0766 
        D989  1 0.4993 0.0472 0.2203 0.1503 0.0829 
        D990  1 0.0554 0.7796 0.0469 0.0473 0.0707 
        H102  1 0.0906 0.1325 0.5955 0.1129 0.0684 
        H103  1 0.1196 0.1116 0.0393 0.6833 0.0462 
        H104  1 0.1819 0.0648 0.2007 0.1329 0.4197 
        H105  1 0.1870 0.1142 0.4749 0.1771 0.0468 
        H106  1 0.0621 0.3892 0.1173 0.1288 0.3025 
        H112  1 0.1004 0.1190 0.3179 0.2339 0.2289 
        H113  1 0.4101 0.1055 0.1177 0.2444 0.1223 
        H114  1 0.5909 0.1181 0.0431 0.1647 0.0832 
        H115  1 0.2363 0.0730 0.2046 0.1409 0.3453 
        H143  1 0.2888 0.2025 0.1863 0.2715 0.0509 
        H144  1 0.2917 0.0703 0.0682 0.5280 0.0417 
        H145  1 0.0327 0.0939 0.5431 0.2679 0.0625 
        H149  1 0.2758 0.0539 0.1040 0.0973 0.4690 
        H150  1 0.0614 0.1222 0.1990 0.3812 0.2363 
     H167542  1 0.2649 0.1421 0.2749 0.2231 0.0950 
     H169604  1 0.2825 0.0410 0.3872 0.1193 0.1699 
     H169607  1 0.0579 0.0650 0.5934 0.2263 0.0573 
     H169608  1 0.0569 0.1058 0.6709 0.0986 0.0678 
     H169633  1 0.4939 0.1037 0.1455 0.1622 0.0947 
     H169688  1 0.1043 0.5619 0.0570 0.2264 0.0504 
     H169714  1 0.0493 0.0414 0.0407 0.0504 0.8182 
     H171802  1 0.3238 0.1718 0.0734 0.1797 0.2513 
     H171805  1 0.0523 0.4285 0.0703 0.2395 0.2094 
     H171807  1 0.0539 0.1423 0.2949 0.3057 0.2031 
     H171814  1 0.5016 0.0917 0.0382 0.3259 0.0427 
     H171816  1 0.0940 0.3144 0.1211 0.3242 0.1463 
     H171817  1 0.0766 0.1190 0.5539 0.1065 0.1439 
     H171818  1 0.2020 0.3317 0.0651 0.2081 0.1931 
     H171819  1 0.2775 0.1902 0.1687 0.2043 0.1592 
     H171834  1 0.1020 0.1712 0.0464 0.1435 0.5368 
     H171835  1 0.1356 0.0931 0.1117 0.0592 0.6005 
     H171836  1 0.2083 0.4461 0.0599 0.2339 0.0518 
     H171837  1 0.3193 0.0878 0.3775 0.0889 0.1266 
     H171838  1 0.0328 0.2591 0.0417 0.1468 0.5196 
     H171839  1 0.4168 0.0529 0.1865 0.0876 0.2562 
     H171841  1 0.0302 0.3282 0.4195 0.1614 0.0608 
     H171860  1 0.2414 0.0417 0.5216 0.1239 0.0713 
     H171861  1 0.1290 0.3863 0.0940 0.3246 0.0661 
     H171862  1 0.1395 0.1002 0.1076 0.2355 0.4172 
     H171868  1 0.3900 0.0788 0.1623 0.2535 0.1153 
     H171869  1 0.1046 0.3470 0.0450 0.4193 0.0841 
     H171870  1 0.0837 0.4164 0.0662 0.1736 0.2602 
     H171871  1 0.1107 0.1852 0.0596 0.4130 0.2315 
     H171872  1 0.1195 0.0549 0.5287 0.1029 0.1941 
     H171873  1 0.1189 0.4518 0.0568 0.1229 0.2496 
     H171874  1 0.3705 0.1861 0.1271 0.2274 0.0889 
     H171875  1 0.4496 0.0979 0.0498 0.3590 0.0438 
     H171876  1 0.5865 0.0631 0.1449 0.1558 0.0498 
     H171877  1 0.4087 0.0968 0.2999 0.1181 0.0765 
     H171878  1 0.0969 0.5113 0.0446 0.2733 0.0739 
     H171901  1 0.0667 0.2700 0.5434 0.0653 0.0546 
     H171902  1 0.0422 0.0593 0.7085 0.1124 0.0776 
     H171903  1 0.4744 0.0516 0.0798 0.2303 0.1639 
     H171935  1 0.0417 0.3020 0.1240 0.1275 0.4048 
     H171936  1 0.6339 0.1551 0.0522 0.0877 0.0710 
     H171940  1 0.0724 0.0916 0.4580 0.2420 0.1360 
     H171945  1 0.0663 0.4132 0.1672 0.2702 0.0830 
     H171948  1 0.0830 0.1174 0.1122 0.2590 0.4284 
     H171949  1 0.0511 0.0799 0.3028 0.0644 0.5017 
     H171950  1 0.0922 0.1113 0.3296 0.0453 0.4215 
     H171963  1 0.0552 0.6897 0.0448 0.1405 0.0698 
     H171964  1 0.0945 0.1309 0.0533 0.4129 0.3084 
     H171966  1 0.0893 0.4310 0.1009 0.1611 0.2176 
     H171968  1 0.0594 0.1149 0.7186 0.0524 0.0548 
     H171971  1 0.0677 0.2088 0.0426 0.1691 0.5117 
     H171972  1 0.3704 0.1464 0.0920 0.3495 0.0417 
     H171977  1 0.1280 0.3374 0.0856 0.3410 0.1079 
     H171978  1 0.0433 0.1802 0.1699 0.2885 0.3180 
     H171979  1 0.1239 0.1429 0.0973 0.4624 0.1735 
        H176  1 0.2363 0.0398 0.5705 0.0954 0.0580 
        H177  1 0.0438 0.3404 0.2700 0.1264 0.2195 
        H179  1 0.4878 0.0541 0.2157 0.1423 0.1000 
        H181  1 0.0880 0.3179 0.0686 0.4165 0.1091 
        H182  1 0.0609 0.3534 0.0989 0.3881 0.0987 
        H183  1 0.1046 0.6207 0.0392 0.1910 0.0444 
        H184  1 0.0815 0.1535 0.3620 0.2259 0.1771 
        H185  1 0.1333 0.4644 0.0752 0.2514 0.0757 
        H186  1 0.1593 0.1274 0.0918 0.5610 0.0605 
        H187  1 0.0685 0.7868 0.0361 0.0824 0.0262 
        H188  1 0.3973 0.0669 0.3067 0.1182 0.1110 
        H192  1 0.0417 0.2552 0.0953 0.0880 0.5198 
        H193  1 0.0437 0.1094 0.1304 0.6461 0.0703 
        H194  1 0.1485 0.0647 0.1158 0.1292 0.5418 
        H195  1 0.0812 0.6002 0.0453 0.2075 0.0658 
        H199  1 0.0726 0.3493 0.3203 0.1994 0.0585 
        H200  1 0.4765 0.0997 0.2613 0.0825 0.0801 
        H414  1 0.2118 0.1526 0.1146 0.2161 0.3048 
        H415  1 0.3939 0.0979 0.1456 0.2521 0.1106 
        H422  1 0.1063 0.2103 0.3750 0.2417 0.0667 
        H423  1 0.0505 0.0841 0.5489 0.2102 0.1063 
        H424  1 0.1226 0.3555 0.0465 0.4184 0.0570 
        H425  1 0.0813 0.6430 0.0529 0.1697 0.0530 
        H426  1 0.0731 0.2189 0.0575 0.3348 0.3156 
        H443  1 0.3000 0.1001 0.1192 0.4288 0.0519 
        H466  1 0.2379 0.0694 0.0658 0.3349 0.2919 
        H467  1 0.0546 0.0576 0.0378 0.0383 0.8117 
        H472  1 0.0601 0.0526 0.7360 0.0975 0.0538 
        H483  1 0.2032 0.2560 0.1411 0.3113 0.0885 
        H504  1 0.1342 0.4955 0.1238 0.1957 0.0507 
        H505  1 0.2092 0.2134 0.1904 0.2267 0.1602 
        H506  1 0.1135 0.1490 0.1962 0.4710 0.0703 
        H507  1 0.1336 0.4395 0.1043 0.2529 0.0696 
        H508  1 0.1293 0.1158 0.0847 0.3901 0.2800 
        H524  1 0.3213 0.3674 0.0859 0.1319 0.0935 
        H525  1 0.1975 0.1150 0.2223 0.3799 0.0853 
        H526  1 0.2696 0.0712 0.4408 0.1681 0.0502 
        H527  1 0.0723 0.2513 0.3372 0.2242 0.1151 
        H528  1 0.3381 0.0438 0.1497 0.3802 0.0883 
        H529  1 0.1028 0.1976 0.1085 0.4811 0.1100 
        H533  1 0.0783 0.3397 0.1252 0.2797 0.1771 
        H538  1 0.1623 0.0713 0.5510 0.1293 0.0861 
        H539  1 0.0363 0.8494 0.0320 0.0513 0.0311 
        H540  1 0.0884 0.3892 0.1750 0.1858 0.1616 
        H541  1 0.3109 0.0907 0.2340 0.2118 0.1525 
        H558  1 0.0424 0.7438 0.0397 0.1281 0.0460 
        H559  1 0.2512 0.0886 0.3651 0.2548 0.0403 
        H579  1 0.0532 0.6038 0.1305 0.1709 0.0416 
        H584  1 0.1312 0.0958 0.1750 0.1816 0.4165 
        H585  1 0.2080 0.0860 0.0548 0.3237 0.3275 
        H605  1 0.1442 0.2996 0.2100 0.1866 0.1595 
        H606  1 0.1119 0.0610 0.7019 0.0750 0.0502 
        H632  1 0.2121 0.1265 0.2330 0.2586 0.1698 
        H634  1 0.1741 0.3239 0.2017 0.2050 0.0953 
        H671  1 0.0837 0.0433 0.6532 0.1147 0.1051 
        H672  1 0.8387 0.0378 0.0463 0.0387 0.0384 
        H673  1 0.1684 0.1097 0.1029 0.5738 0.0453 
        H689  1 0.3235 0.0867 0.1465 0.2713 0.1720 
        H690  1 0.1165 0.1388 0.1805 0.1704 0.3939 
        H691  1 0.6375 0.0773 0.0931 0.0933 0.0989 
        H692  1 0.2264 0.0836 0.0482 0.6018 0.0400 
        H709  1 0.3829 0.0884 0.1403 0.2025 0.1859 
        H710  1 0.1194 0.0729 0.0488 0.7053 0.0536 
       H7355  1 0.0818 0.0904 0.5393 0.1788 0.1097 
       H7356  1 0.0694 0.2042 0.0676 0.2801 0.3786 
       H7357  1 0.0771 0.1706 0.5482 0.0836 0.1206 
       H7358  1 0.3459 0.2300 0.3125 0.0819 0.0296 
       H7380  1 0.0974 0.0677 0.2885 0.4459 0.1005 
       H7381  1 0.0706 0.0850 0.2148 0.5056 0.1241 
       H7382  1 0.2060 0.1958 0.1899 0.2960 0.1123 
        H904  1 0.1548 0.0818 0.5642 0.0603 0.1388 
        H923  1 0.2697 0.2016 0.1904 0.1714 0.1668 
        H924  1 0.2351 0.1748 0.3314 0.1855 0.0733 
        H925  1 0.5248 0.1651 0.1456 0.1303 0.0342 
       H9558  1 0.0350 0.8212 0.0283 0.0747 0.0408 
      H105.1  1 0.0710 0.0796 0.0414 0.5902 0.2179 
      H115.1  1 0.4999 0.1579 0.0761 0.1910 0.0750 
      H145.1  1 0.0511 0.0403 0.7968 0.0751 0.0367 
      H149.1  1 0.7305 0.0649 0.0993 0.0640 0.0413 
      H150.1  1 0.0327 0.5264 0.1024 0.2585 0.0801 
   H169607.1  1 0.1119 0.1492 0.5142 0.1634 0.0612 
   H169633.1  1 0.6183 0.1620 0.1240 0.0582 0.0376 
   H169688.1  1 0.4066 0.0749 0.0842 0.4048 0.0295 
   H171901.1  1 0.2544 0.1924 0.1301 0.2856 0.1375 
   H171902.1  1 0.0473 0.0897 0.7593 0.0562 0.0474 
   H171903.1  1 0.0680 0.0782 0.2575 0.3715 0.2249 
      H177.1  1 0.5784 0.0731 0.1907 0.0907 0.0671 
      H179.1  1 0.3113 0.1481 0.3329 0.1173 0.0905 
      H180.1  1 0.0691 0.1453 0.1226 0.5216 0.1413 
      H181.1  1 0.1436 0.1849 0.1427 0.3097 0.2191 
 H194.1_2004  1 0.1522 0.2240 0.0938 0.3635 0.1666 
 H195.1_2003  1 0.2354 0.2469 0.1076 0.2728 0.1374 
 H195.1_2004  1 0.2698 0.0594 0.5146 0.0800 0.0762 
      H415.1  1 0.4710 0.1645 0.0972 0.1947 0.0726 
      H506.1  1 0.3500 0.0819 0.1474 0.3708 0.0499 
      H533.1  1 0.1325 0.3107 0.1849 0.3114 0.0605 
      H535.1  1 0.1670 0.1284 0.1756 0.2549 0.2741 
      H539.1  1 0.0438 0.6214 0.0938 0.1876 0.0533 
      H540.1  1 0.0310 0.7811 0.0646 0.0767 0.0465 
     H9558.1  1 0.0707 0.7244 0.0582 0.1024 0.0443 
    kos339.1  1 0.4129 0.0811 0.1969 0.1404 0.1686 
        D023  2 0.2206 0.6493 0.0378 0.0639 0.0284 
        D130  2 0.0513 0.7212 0.0583 0.0777 0.0915 
        D131  2 0.4819 0.0511 0.0934 0.2575 0.1161 
        D163  2 0.0548 0.5375 0.0705 0.1108 0.2264 
        D164  2 0.0676 0.8595 0.0206 0.0324 0.0200 
        D165  2 0.2539 0.5693 0.0373 0.0827 0.0567 
        D166  2 0.0524 0.2497 0.1291 0.3262 0.2426 
        D167  2 0.2419 0.3426 0.0380 0.3352 0.0422 
        D192  2 0.1940 0.4067 0.0347 0.2909 0.0737 
        D193  2 0.0368 0.1410 0.1083 0.4709 0.2430 
        D206  2 0.3553 0.1786 0.0986 0.3045 0.0631 
        D207  2 0.3724 0.0823 0.0498 0.3591 0.1363 
        D208  2 0.1407 0.1090 0.4054 0.1465 0.1984 
        D209  2 0.1155 0.4259 0.0366 0.3805 0.0416 
        D210  2 0.1783 0.0629 0.4393 0.0666 0.2530 
     D229599  2 0.1928 0.1793 0.1267 0.3200 0.1812 
     D229600  2 0.0845 0.6349 0.0502 0.1474 0.0831 
     D237227  2 0.2080 0.3019 0.2664 0.1281 0.0956 
     D237228  2 0.0553 0.4126 0.2320 0.2293 0.0708 
     D237258  2 0.3216 0.1964 0.1355 0.2612 0.0854 
     D237310  2 0.0378 0.4638 0.0964 0.1302 0.2718 
     D237311  2 0.0878 0.5671 0.0509 0.2005 0.0936 
     D237312  2 0.0488 0.1475 0.1909 0.2208 0.3920 
     D237313  2 0.0726 0.3057 0.2858 0.2061 0.1299 
     D237322  2 0.0579 0.0732 0.2196 0.2391 0.4101 
     D237323  2 0.0803 0.5297 0.1348 0.0929 0.1623 
     D237324  2 0.1421 0.3080 0.0368 0.3424 0.1707 
     D237325  2 0.0799 0.3107 0.2221 0.1262 0.2611 
     D237326  2 0.1415 0.6259 0.0716 0.1163 0.0446 
     D237327  2 0.1477 0.0653 0.0767 0.1574 0.5529 
     D237337  2 0.0550 0.4675 0.1681 0.1522 0.1571 
     D237338  2 0.1332 0.1888 0.1238 0.1443 0.4100 
     D237339  2 0.4570 0.1168 0.0581 0.2376 0.1306 
     D237340  2 0.1406 0.3393 0.1668 0.2099 0.1435 
     D237389  2 0.0520 0.5991 0.0395 0.1774 0.1320 
     D237390  2 0.1003 0.1148 0.1408 0.2088 0.4353 
     D244017  2 0.2003 0.1778 0.1825 0.3813 0.0581 
     D244112  2 0.0959 0.4725 0.0335 0.2791 0.1190 
     D244118  2 0.0386 0.8155 0.0229 0.0785 0.0445 
     D244119  2 0.3204 0.1142 0.4158 0.0936 0.0559 
     D244120  2 0.0653 0.1514 0.0708 0.2847 0.4277 
     D244122  2 0.1445 0.4213 0.0992 0.2308 0.1042 
        D291  2 0.1449 0.1317 0.0684 0.5151 0.1399 
        D292  2 0.4358 0.1805 0.1365 0.1297 0.1174 
        D293  2 0.9208 0.0178 0.0181 0.0237 0.0196 
        D322  2 0.7813 0.0912 0.0300 0.0540 0.0434 
        D323  2 0.3175 0.1078 0.1137 0.3994 0.0617 
        D324  2 0.4193 0.1167 0.1474 0.1480 0.1686 
        D325  2 0.8863 0.0208 0.0173 0.0402 0.0354 
        D326  2 0.6787 0.0299 0.0739 0.1808 0.0367 
        D340  2 0.7994 0.0583 0.0379 0.0733 0.0312 
        D341  2 0.3063 0.0935 0.0995 0.0716 0.4291 
        D342  2 0.0385 0.6529 0.0400 0.1585 0.1102 
        D343  2 0.9249 0.0188 0.0148 0.0190 0.0224 
        D344  2 0.0756 0.1220 0.0577 0.6790 0.0658 
        D345  2 0.0699 0.5682 0.0721 0.2497 0.0400 
        D346  2 0.2260 0.0517 0.5182 0.1268 0.0774 
        D351  2 0.5376 0.0650 0.0636 0.2688 0.0650 
        D352  2 0.1340 0.0933 0.1186 0.5942 0.0599 
        D353  2 0.1171 0.0321 0.0485 0.7658 0.0364 
        D354  2 0.0519 0.2368 0.1471 0.5147 0.0495 
        D362  2 0.4525 0.1667 0.1502 0.1869 0.0437 
        D363  2 0.5361 0.0906 0.1659 0.1750 0.0324 
        D364  2 0.1079 0.2475 0.0812 0.4915 0.0718 
        D365  2 0.9200 0.0196 0.0200 0.0218 0.0186 
        D369  2 0.8311 0.0343 0.0498 0.0505 0.0343 
        D374  2 0.0398 0.1730 0.4654 0.2780 0.0438 
        D375  2 0.0429 0.1475 0.0537 0.7082 0.0477 
        D376  2 0.0462 0.2182 0.3367 0.2807 0.1181 
        D377  2 0.0798 0.1832 0.3459 0.1982 0.1930 
        D378  2 0.7521 0.0582 0.0519 0.0745 0.0633 
        D379  2 0.2061 0.0605 0.1594 0.4689 0.1052 
        D384  2 0.4397 0.0432 0.1967 0.2751 0.0452 
        D385  2 0.7116 0.0662 0.0472 0.1245 0.0505 
        D386  2 0.3779 0.2216 0.0786 0.2610 0.0609 
        D391  2 0.8266 0.0336 0.0458 0.0528 0.0412 
        D392  2 0.6807 0.1638 0.0429 0.0820 0.0306 
        D393  2 0.5880 0.0791 0.0603 0.0914 0.1813 
        D394  2 0.1527 0.4190 0.0647 0.2382 0.1255 
        D395  2 0.5490 0.0580 0.0434 0.2710 0.0786 
        D401  2 0.0918 0.6188 0.0522 0.1973 0.0399 
        D402  2 0.5359 0.1165 0.0679 0.1606 0.1191 
        D403  2 0.0759 0.2497 0.0837 0.4638 0.1269 
        D415  2 0.4084 0.0522 0.0421 0.4189 0.0785 
        D435  2 0.6981 0.0860 0.0585 0.0655 0.0919 
        D436  2 0.1995 0.0684 0.2216 0.3611 0.1495 
        D438  2 0.8025 0.0626 0.0444 0.0480 0.0424 
        D439  2 0.1427 0.1961 0.0444 0.5329 0.0839 
        D449  2 0.2991 0.1002 0.0376 0.4543 0.1088 
        D450  2 0.0497 0.0601 0.6254 0.1523 0.1124 
        D456  2 0.3295 0.0493 0.0852 0.4926 0.0435 
        D462  2 0.8782 0.0303 0.0214 0.0436 0.0265 
        D463  2 0.2955 0.0438 0.1183 0.5095 0.0330 
        D464  2 0.2064 0.0461 0.1051 0.5828 0.0596 
        D465  2 0.8256 0.0442 0.0430 0.0485 0.0388 
        D473  2 0.0677 0.1024 0.7132 0.0487 0.0680 
        D474  2 0.5989 0.0847 0.1519 0.0606 0.1039 
        D476  2 0.1990 0.3448 0.0340 0.2117 0.2105 
        D477  2 0.2515 0.0934 0.3501 0.1560 0.1491 
        D478  2 0.0816 0.2094 0.1305 0.5367 0.0418 
        D480  2 0.4594 0.0396 0.1504 0.0613 0.2894 
        D481  2 0.3287 0.3571 0.0818 0.1832 0.0493 
        D482  2 0.0800 0.1534 0.2358 0.2930 0.2377 
        D483  2 0.4414 0.2487 0.0488 0.2101 0.0511 
        D484  2 0.1550 0.1670 0.1442 0.3420 0.1917 
        D510  2 0.0518 0.0584 0.6080 0.1950 0.0868 
        D511  2 0.5972 0.0952 0.0733 0.1423 0.0919 
        D512  2 0.2072 0.4639 0.0332 0.2111 0.0845 
        D513  2 0.6386 0.0704 0.1388 0.0801 0.0721 
        D635  2 0.6538 0.1754 0.0503 0.0858 0.0347 
        D636  2 0.0367 0.8707 0.0357 0.0355 0.0214 
        D637  2 0.1965 0.0874 0.1941 0.1499 0.3721 
        D658  2 0.2538 0.2253 0.1128 0.1296 0.2785 
        D659  2 0.3950 0.0710 0.1633 0.1984 0.1722 
        D677  2 0.1854 0.1356 0.0957 0.2226 0.3607 
        D678  2 0.0616 0.4853 0.0353 0.3785 0.0392 
        D679  2 0.3595 0.0603 0.2286 0.1563 0.1953 
        D719  2 0.6637 0.0421 0.1852 0.0600 0.0490 
        D720  2 0.4996 0.0997 0.2422 0.1138 0.0447 
        D721  2 0.2728 0.5009 0.0669 0.0820 0.0774 
        D722  2 0.0776 0.2592 0.2585 0.3586 0.0461 
        D734  2 0.2941 0.0328 0.3125 0.0924 0.2682 
        D735  2 0.3560 0.1681 0.1888 0.1300 0.1571 
        D736  2 0.2261 0.1186 0.3680 0.1254 0.1619 
        D737  2 0.1509 0.3204 0.0469 0.1256 0.3561 
        D807  2 0.2935 0.0715 0.3926 0.0947 0.1478 
        D808  2 0.3968 0.2094 0.0443 0.1497 0.1998 
        D817  2 0.1849 0.1522 0.1921 0.4253 0.0455 
        D818  2 0.5785 0.0453 0.0576 0.1044 0.2142 
        D819  2 0.5240 0.0827 0.0696 0.2777 0.0461 
        D820  2 0.7287 0.0277 0.0783 0.0757 0.0896 
        D895  2 0.1869 0.2441 0.1635 0.3336 0.0719 
        D896  2 0.0599 0.7468 0.0572 0.0663 0.0697 
        D897  2 0.0731 0.2738 0.0597 0.1455 0.4480 
        D898  2 0.0538 0.1654 0.0941 0.3952 0.2915 
        D918  2 0.1889 0.0983 0.2104 0.1610 0.3415 
        D919  2 0.4497 0.0775 0.0486 0.3578 0.0664 
        D920  2 0.0313 0.7852 0.0428 0.0462 0.0946 
        D923  2 0.4651 0.0536 0.1015 0.3367 0.0431 
        D930  2 0.0695 0.0595 0.6509 0.1280 0.0920 
        D931  2 0.6979 0.0504 0.0854 0.0796 0.0867 
        D968  2 0.7782 0.0369 0.0308 0.1221 0.0320 
        D969  2 0.6069 0.0398 0.0547 0.1647 0.1340 
        D977  2 0.6768 0.0500 0.0485 0.0861 0.1385 
        D978  2 0.0599 0.0359 0.0755 0.2589 0.5698 
        H008  2 0.1645 0.0923 0.1845 0.5088 0.0499 
        H021  2 0.2345 0.1273 0.0881 0.0798 0.4702 
        H023  2 0.0948 0.1705 0.5385 0.0892 0.1070 
        H024  2 0.2297 0.1827 0.0517 0.3629 0.1730 
        H025  2 0.1175 0.1503 0.1484 0.4968 0.0869 
        H026  2 0.7504 0.0365 0.0307 0.1443 0.0381 
        H027  2 0.5415 0.0894 0.1017 0.0609 0.2065 
        H028  2 0.0886 0.3449 0.0898 0.3609 0.1158 
        H029  2 0.7408 0.0842 0.0434 0.0996 0.0320 
        H030  2 0.3702 0.2168 0.0381 0.2550 0.1198 
        H038  2 0.0919 0.6401 0.0706 0.0750 0.1225 
        H039  2 0.0333 0.0657 0.7499 0.0640 0.0871 
        H040  2 0.0765 0.4631 0.0881 0.1042 0.2681 
        H041  2 0.5996 0.0600 0.1164 0.1618 0.0622 
        H042  2 0.0637 0.2043 0.4654 0.1868 0.0799 
        H043  2 0.0390 0.8098 0.0610 0.0561 0.0340 
        H044  2 0.0679 0.5440 0.0967 0.2276 0.0638 
        H047  2 0.0670 0.6241 0.1180 0.0919 0.0989 
        H050  2 0.5558 0.1170 0.0707 0.1199 0.1366 
        H058  2 0.1102 0.4351 0.0564 0.2102 0.1880 
        H062  2 0.0473 0.1618 0.6442 0.0841 0.0626 
        H063  2 0.3061 0.3444 0.1039 0.1347 0.1109 
        H065  2 0.2006 0.0568 0.2066 0.4943 0.0417 
        H066  2 0.0918 0.6751 0.0283 0.0728 0.1320 
        H067  2 0.1142 0.0929 0.3684 0.1312 0.2933 
        H068  2 0.0853 0.1008 0.4735 0.1473 0.1931 
        H069  2 0.1726 0.6080 0.0670 0.1080 0.0443 
        H071  2 0.2897 0.0668 0.3175 0.1983 0.1277 
        H072  2 0.0741 0.0892 0.5964 0.1597 0.0807 
        H073  2 0.1444 0.1262 0.0781 0.4319 0.2195 
        H081  2 0.1099 0.0424 0.6050 0.1616 0.0811 
        H082  2 0.3074 0.4185 0.0445 0.1844 0.0451 
        H083  2 0.5903 0.1421 0.0348 0.1657 0.0671 
        H084  2 0.1178 0.1778 0.1012 0.1136 0.4896 
        H085  2 0.6868 0.0363 0.1494 0.0820 0.0454 
        H087  2 0.1964 0.0698 0.3551 0.1824 0.1963 
        H088  2 0.3403 0.1351 0.2054 0.2107 0.1086 
        H089  2 0.3092 0.1607 0.3030 0.1525 0.0746 
        H090  2 0.8517 0.0314 0.0303 0.0370 0.0496 
        H091  2 0.7850 0.0336 0.0546 0.0685 0.0582 
        H098  2 0.1208 0.1678 0.0916 0.3991 0.2207 
      H10001  2 0.0330 0.0559 0.7863 0.0435 0.0814 
      H10002  2 0.1767 0.2276 0.3440 0.1451 0.1066 
        H101  2 0.5842 0.1470 0.0542 0.1079 0.1067 
        H108  2 0.0332 0.0285 0.7846 0.1031 0.0506 
        H109  2 0.2255 0.3333 0.0882 0.1820 0.1709 
        H110  2 0.3066 0.0848 0.1804 0.3757 0.0525 
        H116  2 0.1485 0.1577 0.0762 0.4997 0.1178 
        H117  2 0.5469 0.0373 0.0424 0.0741 0.2994 
        H118  2 0.7750 0.0325 0.0439 0.1127 0.0358 
        H119  2 0.4118 0.0695 0.2121 0.1702 0.1364 
        H120  2 0.0459 0.0520 0.7695 0.0958 0.0367 
        H121  2 0.8706 0.0223 0.0418 0.0362 0.0290 
        H125  2 0.0441 0.0477 0.4390 0.0776 0.3917 
        H126  2 0.0509 0.4157 0.1516 0.3443 0.0376 
        H128  2 0.9142 0.0207 0.0153 0.0280 0.0218 
        H129  2 0.1106 0.0687 0.0360 0.4297 0.3551 
        H130  2 0.0209 0.1000 0.7161 0.1101 0.0529 
        H133  2 0.0774 0.0837 0.5351 0.1447 0.1590 
        H134  2 0.0981 0.0511 0.0287 0.7980 0.0241 
        H135  2 0.4778 0.1309 0.1543 0.1907 0.0463 
        H137  2 0.2385 0.0714 0.0439 0.1093 0.5370 
        H138  2 0.0893 0.1067 0.0602 0.6333 0.1105 
        H140  2 0.4988 0.0507 0.1462 0.0982 0.2060 
        H146  2 0.8587 0.0242 0.0326 0.0469 0.0376 
        H147  2 0.2901 0.0570 0.0584 0.5011 0.0934 
        H148  2 0.3523 0.0852 0.1003 0.0585 0.4037 
     H166022  2 0.1401 0.1928 0.1541 0.3508 0.1622 
     H167359  2 0.1389 0.2335 0.1438 0.3640 0.1198 
     H167397  2 0.1752 0.1717 0.0386 0.5726 0.0418 
     H167428  2 0.8131 0.0373 0.0316 0.0979 0.0200 
     H167496  2 0.2529 0.0621 0.2825 0.1275 0.2749 
     H167513  2 0.0317 0.7793 0.0432 0.0610 0.0848 
     H167545  2 0.0387 0.8059 0.0481 0.0631 0.0442 
     H167547  2 0.1309 0.0678 0.0383 0.4970 0.2659 
     H169621  2 0.1922 0.1257 0.0386 0.1922 0.4513 
     H169622  2 0.1166 0.3935 0.2155 0.2328 0.0417 
     H169750  2 0.2982 0.1610 0.1400 0.3023 0.0986 
     H171806  2 0.6178 0.0305 0.1758 0.0774 0.0985 
     H171808  2 0.2046 0.2284 0.4583 0.0742 0.0345 
     H171809  2 0.0996 0.0911 0.5654 0.1573 0.0865 
     H171813  2 0.0566 0.1224 0.0632 0.0572 0.7006 
     H171815  2 0.0780 0.6318 0.0728 0.1123 0.1051 
     H171824  2 0.3481 0.0404 0.3477 0.0643 0.1995 
     H171825  2 0.0626 0.1475 0.5736 0.1592 0.0572 
     H171826  2 0.5420 0.0874 0.1293 0.1185 0.1229 
     H171827  2 0.2447 0.2959 0.0775 0.1699 0.2120 
     H171828  2 0.0514 0.0371 0.7184 0.0596 0.1334 
     H171829  2 0.0418 0.0937 0.1553 0.1689 0.5404 
     H171830  2 0.1450 0.1583 0.1252 0.5140 0.0574 
     H171831  2 0.1034 0.2031 0.1366 0.4368 0.1201 
     H171832  2 0.0764 0.4752 0.1132 0.2864 0.0488 
     H171863  2 0.2169 0.5300 0.0312 0.1937 0.0282 
     H171864  2 0.3023 0.2254 0.2474 0.1163 0.1085 
     H171865  2 0.2173 0.4055 0.1056 0.2234 0.0482 
     H171879  2 0.4908 0.0664 0.0480 0.1043 0.2904 
     H171880  2 0.4610 0.1284 0.0427 0.1375 0.2304 
     H171881  2 0.1748 0.1414 0.1019 0.1866 0.3953 
     H171882  2 0.0520 0.0789 0.7083 0.0807 0.0801 
     H171929  2 0.4023 0.1299 0.2198 0.1776 0.0705 
     H171930  2 0.0685 0.8043 0.0278 0.0495 0.0499 
     H171933  2 0.1022 0.0616 0.1013 0.1272 0.6077 
     H171934  2 0.0940 0.0976 0.4592 0.1272 0.2221 
     H171937  2 0.0554 0.2330 0.0747 0.5757 0.0612 
     H171962  2 0.2327 0.4507 0.0718 0.1573 0.0874 
        H190  2 0.1558 0.0873 0.0491 0.3801 0.3277 
        H191  2 0.1256 0.3641 0.1274 0.2290 0.1538 
        H396  2 0.3788 0.0781 0.2982 0.1873 0.0577 
        H397  2 0.1015 0.0802 0.2842 0.3421 0.1919 
        H398  2 0.2583 0.1006 0.3156 0.2227 0.1028 
        H400  2 0.1521 0.3007 0.4090 0.0985 0.0397 
        H401  2 0.1205 0.0783 0.0315 0.2772 0.4924 
        H402  2 0.1826 0.4633 0.0388 0.1435 0.1718 
        H427  2 0.2754 0.0971 0.1773 0.3313 0.1189 
        H428  2 0.8078 0.0371 0.0363 0.0990 0.0199 
        H497  2 0.0545 0.7623 0.0624 0.0756 0.0452 
        H512  2 0.2453 0.1093 0.0637 0.2662 0.3155 
        H513  2 0.0266 0.8011 0.0446 0.0578 0.0700 
        H514  2 0.1482 0.2282 0.0492 0.5341 0.0403 
        H519  2 0.0370 0.6558 0.0582 0.0909 0.1581 
        H532  2 0.7493 0.0844 0.0617 0.0659 0.0388 
        H543  2 0.3961 0.2566 0.0780 0.1695 0.0999 
        H544  2 0.1251 0.1849 0.4779 0.1814 0.0306 
        H545  2 0.0299 0.8575 0.0389 0.0367 0.0370 
        H546  2 0.0754 0.3583 0.1506 0.2843 0.1314 
        H547  2 0.1365 0.0688 0.0378 0.5153 0.2416 
        H548  2 0.1381 0.1956 0.5085 0.1000 0.0577 
        H549  2 0.0231 0.9125 0.0227 0.0163 0.0254 
        H620  2 0.0672 0.0913 0.5979 0.1150 0.1286 
        H623  2 0.0489 0.5854 0.0466 0.1877 0.1315 
        H624  2 0.0390 0.7816 0.0795 0.0718 0.0282 
        H625  2 0.1517 0.2857 0.3571 0.1489 0.0566 
        H626  2 0.1024 0.4118 0.1537 0.2166 0.1155 
        H654  2 0.0270 0.6995 0.1134 0.0547 0.1053 
        H655  2 0.0915 0.2192 0.3150 0.1846 0.1897 
        H656  2 0.0288 0.0405 0.8220 0.0767 0.0319 
        H666  2 0.2731 0.0819 0.3605 0.0880 0.1965 
        H667  2 0.1478 0.4955 0.0976 0.1794 0.0797 
        H677  2 0.4055 0.1085 0.1948 0.1936 0.0976 
        H693  2 0.0639 0.0681 0.5986 0.0874 0.1820 
        H694  2 0.0932 0.4589 0.0899 0.2672 0.0908 
        H701  2 0.2939 0.2159 0.0608 0.2834 0.1459 
        H702  2 0.1254 0.2200 0.3758 0.1337 0.1452 
        H731  2 0.1663 0.0604 0.4063 0.2728 0.0941 
       H7359  2 0.1599 0.1707 0.1571 0.3733 0.1391 
       H7389  2 0.6940 0.1103 0.0502 0.0745 0.0710 
       H7390  2 0.0667 0.0622 0.1181 0.0616 0.6913 
       H7391  2 0.4382 0.0480 0.1723 0.1137 0.2278 
       H7392  2 0.4288 0.0991 0.1212 0.1128 0.2380 
       H7393  2 0.0501 0.1565 0.1090 0.0999 0.5844 
       H7398  2 0.4733 0.0544 0.1372 0.2367 0.0985 
       H7399  2 0.5074 0.1678 0.0571 0.1364 0.1313 
       H7400  2 0.0321 0.2103 0.5851 0.0856 0.0869 
        H745  2 0.1303 0.1220 0.0429 0.6409 0.0639 
        H746  2 0.2360 0.4606 0.0521 0.1884 0.0629 
        H747  2 0.0726 0.1058 0.4108 0.0987 0.3121 
        H748  2 0.2102 0.4242 0.1025 0.1747 0.0884 
       H7484  2 0.0281 0.0570 0.5835 0.1353 0.1960 
       H7485  2 0.0854 0.7726 0.0358 0.0694 0.0368 
        H749  2 0.0584 0.7732 0.0840 0.0596 0.0248 
        H930  2 0.1002 0.7148 0.0313 0.0721 0.0816 
        H931  2 0.4495 0.0714 0.2545 0.1882 0.0364 
        H932  2 0.5981 0.0544 0.1108 0.1440 0.0928 
      H008.1  2 0.2923 0.0738 0.2276 0.3641 0.0421 
 H029.1_2002  2 0.1203 0.2527 0.0466 0.5290 0.0513 
 H029.1_2003  2 0.4449 0.0674 0.0625 0.3607 0.0646 
      H030.1  2 0.1113 0.0511 0.0755 0.2587 0.5035 
      H038.1  2 0.1368 0.2268 0.4399 0.1565 0.0400 
      H041.1  2 0.9019 0.0218 0.0223 0.0324 0.0216 
 H042.1_2002  2 0.8121 0.0341 0.0530 0.0469 0.0539 
 H042.1_2003  2 0.1078 0.2282 0.1691 0.3955 0.0995 
   H042_2002  2 0.0566 0.1942 0.5201 0.1566 0.0724 
   H042_2003  2 0.0644 0.1929 0.4860 0.1863 0.0704 
      H043.1  2 0.0330 0.8747 0.0361 0.0302 0.0260 
      H047.1  2 0.0447 0.5783 0.0795 0.2374 0.0601 
 H071.1_2002  2 0.0911 0.2284 0.0876 0.5379 0.0551 
 H071.1_2003  2 0.0921 0.0879 0.2456 0.5084 0.0660 
 H081.1_2002  2 0.0870 0.0664 0.0781 0.7221 0.0464 
 H081.1_2003  2 0.1663 0.3415 0.1366 0.2145 0.1411 
      H083.1  2 0.1592 0.2498 0.0262 0.5146 0.0502 
      H084.1  2 0.0419 0.5042 0.0392 0.1441 0.2706 
 H085.1_2002  2 0.4604 0.1345 0.1778 0.1928 0.0345 
 H085.1_2003  2 0.8462 0.0290 0.0390 0.0539 0.0319 
      H088.1  2 0.8567 0.0326 0.0301 0.0350 0.0456 
      H091.1  2 0.9080 0.0216 0.0184 0.0260 0.0261 
      H109.1  2 0.0877 0.6107 0.0513 0.1009 0.1494 
      H126.1  2 0.0721 0.2808 0.2569 0.2276 0.1626 
      H130.1  2 0.0568 0.1122 0.7218 0.0586 0.0506 
      H133.1  2 0.2603 0.3159 0.2234 0.1170 0.0833 
      H147.1  2 0.1477 0.1407 0.0771 0.4520 0.1825 
      H148.1  2 0.1159 0.2120 0.4351 0.1039 0.1332 
   H166022.1  2 0.6202 0.0670 0.0377 0.2184 0.0566 
   H167397.1  2 0.1598 0.5066 0.0392 0.2293 0.0651 
   H167496.1  2 0.5058 0.0831 0.1370 0.0558 0.2183 
   H167513.1  2 0.0615 0.7124 0.0539 0.1025 0.0698 
   H167547.1  2 0.1325 0.1469 0.1819 0.1226 0.4161 
   H169750.1  2 0.3056 0.0830 0.2678 0.0989 0.2447 
   H171929.1  2 0.2253 0.4869 0.0556 0.1792 0.0531 
   H171930.1  2 0.0751 0.7200 0.0374 0.0483 0.1192 
   H171933.1  2 0.6324 0.0978 0.1446 0.0681 0.0570 
      H190.1  2 0.0742 0.1036 0.1553 0.1317 0.5351 
      H400.1  2 0.7783 0.0725 0.0355 0.0727 0.0409 
 H428.1_2005  2 0.6247 0.1030 0.0552 0.1667 0.0503 
 H428.1_2006  2 0.7432 0.0725 0.0434 0.1086 0.0322 
      H453.1  2 0.6021 0.0882 0.0589 0.1578 0.0929 
      H512.1  2 0.0780 0.0909 0.0513 0.6660 0.1139 
      H513.1  2 0.1435 0.4123 0.0349 0.3233 0.0860 
      H532.1  2 0.3531 0.3229 0.1044 0.1416 0.0780 
      H543.1  2 0.5355 0.2609 0.0394 0.1221 0.0422 
 H545.1_2005  2 0.0203 0.9084 0.0273 0.0243 0.0197 
 H545.1_2006  2 0.5091 0.2693 0.0470 0.1305 0.0441 
      H547.1  2 0.4656 0.0467 0.0452 0.3243 0.1182 
      H548.1  2 0.0880 0.7551 0.0760 0.0472 0.0337 
     H7389.1  2 0.6017 0.0735 0.1910 0.0778 0.0560 
      H747.1  2 0.0826 0.1844 0.3042 0.2068 0.2220 
     H7484.1  2 0.1424 0.1230 0.3288 0.2584 0.1474 
     H7485.1  2 0.6170 0.1696 0.0510 0.1148 0.0477 
     H7496.1  2 0.1715 0.0505 0.1083 0.1002 0.5694 
        D211  3 0.0719 0.2207 0.1995 0.2781 0.2297 
     D229639  3 0.2326 0.0898 0.2278 0.1101 0.3397 
     D237212  3 0.2727 0.1028 0.1852 0.1600 0.2793 
     D237213  3 0.1053 0.2015 0.1048 0.3011 0.2872 
     D237214  3 0.0911 0.2903 0.0841 0.4720 0.0625 
     D237215  3 0.1120 0.2344 0.1871 0.3246 0.1418 
     D237216  3 0.0502 0.1005 0.0545 0.6378 0.1569 
     D237217  3 0.0692 0.2501 0.0400 0.4991 0.1415 
     D237218  3 0.0969 0.0451 0.0811 0.0657 0.7111 
     D237219  3 0.0464 0.2380 0.2715 0.1601 0.2840 
     D237382  3 0.1012 0.1063 0.2711 0.1115 0.4099 
     D244127  3 0.0580 0.5358 0.0366 0.1320 0.2376 
     D244129  3 0.2640 0.2190 0.1739 0.2139 0.1292 
     D244133  3 0.1688 0.1140 0.3917 0.2672 0.0583 
     D244134  3 0.1172 0.1979 0.3744 0.1018 0.2087 
     D244135  3 0.1768 0.4602 0.0844 0.2091 0.0696 
     D244136  3 0.2952 0.0805 0.3700 0.1933 0.0610 
        D416  3 0.2122 0.1513 0.0597 0.1664 0.4103 
        D417  3 0.1808 0.0647 0.1006 0.2386 0.4153 
        D419  3 0.2153 0.2157 0.1398 0.2330 0.1962 
        D565  3 0.0562 0.0423 0.8359 0.0381 0.0275 
        D566  3 0.3750 0.0691 0.2658 0.1402 0.1499 
        D567  3 0.4004 0.1954 0.1396 0.2201 0.0445 
        D568  3 0.2420 0.3161 0.0410 0.2469 0.1539 
        D569  3 0.1413 0.2556 0.0973 0.3941 0.1116 
        D573  3 0.8075 0.0294 0.0327 0.0632 0.0672 
        D574  3 0.0785 0.1785 0.3086 0.3352 0.0992 
        D575  3 0.0778 0.3326 0.4570 0.0715 0.0610 
        D576  3 0.0807 0.1963 0.0870 0.5461 0.0898 
        D577  3 0.1281 0.1052 0.3840 0.2942 0.0885 
        D578  3 0.0530 0.4099 0.0255 0.4327 0.0789 
        D579  3 0.1838 0.0896 0.4065 0.0645 0.2556 
        D660  3 0.1353 0.3304 0.0743 0.2939 0.1661 
        D661  3 0.0490 0.0386 0.0274 0.0404 0.8445 
        D663  3 0.3169 0.0608 0.0608 0.3111 0.2503 
        D664  3 0.0422 0.3913 0.2267 0.2201 0.1198 
        D665  3 0.0626 0.4371 0.0468 0.3652 0.0883 
        D666  3 0.0667 0.1496 0.3822 0.2154 0.1861 
        H111  3 0.0550 0.3009 0.0769 0.4468 0.1203 
        H951  3 0.1860 0.2657 0.0878 0.4098 0.0507 
        H952  3 0.4065 0.0710 0.1898 0.1357 0.1970 
        H953  3 0.5552 0.0732 0.1712 0.0540 0.1465 
        H954  3 0.1212 0.2820 0.2826 0.1488 0.1655 
        H955  3 0.1437 0.5382 0.0590 0.2308 0.0283 
        H956  3 0.7208 0.0448 0.0621 0.0619 0.1105 
       H9563  3 0.1485 0.0718 0.2381 0.1585 0.3832 
        D009  4 0.0552 0.4450 0.0614 0.1557 0.2827 
        D057  4 0.1133 0.1485 0.0352 0.0355 0.6675 
        D109  4 0.0459 0.2133 0.3955 0.2889 0.0564 
     D237222  4 0.0522 0.6023 0.1458 0.0836 0.1161 
     D237223  4 0.0841 0.2136 0.1541 0.1633 0.3850 
     D237224  4 0.5020 0.1306 0.0665 0.1756 0.1253 
     D237225  4 0.0430 0.1245 0.0967 0.2184 0.5175 
     D237299  4 0.0287 0.0314 0.0679 0.1378 0.7342 
     D237300  4 0.1568 0.0673 0.0785 0.0738 0.6235 
     D237306  4 0.1236 0.0934 0.3638 0.1782 0.2411 
     D237307  4 0.1840 0.0661 0.4526 0.1414 0.1559 
     D237308  4 0.1632 0.4219 0.2146 0.1107 0.0896 
     D237309  4 0.0808 0.2406 0.0734 0.3209 0.2844 
     D237317  4 0.0621 0.1220 0.4416 0.3170 0.0573 
     D237318  4 0.4288 0.0279 0.0356 0.0731 0.4346 
     D237319  4 0.1335 0.1697 0.0927 0.2769 0.3272 
     D237320  4 0.1430 0.0677 0.0530 0.0911 0.6452 
     D237321  4 0.1949 0.1220 0.0959 0.2238 0.3635 
     D237397  4 0.1017 0.0930 0.1557 0.0917 0.5580 
     D237398  4 0.2985 0.0322 0.0398 0.0952 0.5343 
     D237399  4 0.1171 0.0746 0.2190 0.1089 0.4803 
     D244001  4 0.0465 0.5986 0.0599 0.1543 0.1406 
        D289  4 0.3324 0.0712 0.2273 0.1577 0.2114 
        D290  4 0.0990 0.1096 0.0876 0.1089 0.5950 
        D294  4 0.0638 0.1033 0.1582 0.3159 0.3587 
        D295  4 0.1254 0.0925 0.2325 0.1158 0.4338 
        D301  4 0.0360 0.6510 0.0666 0.0656 0.1809 
        D302  4 0.2807 0.1187 0.1517 0.2155 0.2335 
        D303  4 0.0889 0.0897 0.6766 0.0674 0.0774 
        D304  4 0.0867 0.0612 0.1992 0.2250 0.4278 
        D305  4 0.0657 0.1368 0.0462 0.6566 0.0947 
        D306  4 0.0790 0.1220 0.2099 0.4167 0.1724 
        D307  4 0.0322 0.6383 0.1187 0.0664 0.1443 
        D327  4 0.3370 0.0522 0.2889 0.2589 0.0630 
        D328  4 0.0666 0.0984 0.5349 0.1604 0.1398 
        D329  4 0.0791 0.4666 0.0627 0.1469 0.2446 
        D330  4 0.1518 0.2461 0.0476 0.4771 0.0774 
        D331  4 0.1531 0.2572 0.2120 0.1896 0.1881 
        D333  4 0.0711 0.1987 0.3197 0.0963 0.3142 
        D334  4 0.0874 0.0509 0.7030 0.0408 0.1180 
        D335  4 0.4484 0.1370 0.1555 0.1665 0.0926 
        D370  4 0.0763 0.4468 0.1674 0.2242 0.0854 
        D371  4 0.2128 0.0407 0.5786 0.1340 0.0339 
        D372  4 0.0376 0.0562 0.0616 0.2707 0.5739 
        D373  4 0.0849 0.6779 0.0407 0.1076 0.0889 
        D455  4 0.0506 0.6047 0.0598 0.0572 0.2277 
        D490  4 0.0421 0.5412 0.0645 0.0644 0.2878 
        D497  4 0.0381 0.4961 0.0685 0.0837 0.3135 
        D498  4 0.0974 0.3486 0.2140 0.1762 0.1638 
        D499  4 0.3077 0.0614 0.0953 0.2136 0.3220 
        D514  4 0.1770 0.0872 0.1200 0.4592 0.1566 
        D515  4 0.0736 0.0805 0.0868 0.1729 0.5862 
        D516  4 0.2687 0.2384 0.2100 0.1405 0.1423 
        D517  4 0.0518 0.4356 0.0345 0.3055 0.1726 
        D518  4 0.1007 0.2113 0.1866 0.0744 0.4271 
        D519  4 0.0684 0.0357 0.0363 0.0510 0.8085 
        D560  4 0.0653 0.0573 0.0381 0.0814 0.7580 
        D561  4 0.2813 0.0967 0.0325 0.5365 0.0531 
        D562  4 0.1100 0.1816 0.0983 0.4263 0.1838 
        D563  4 0.6722 0.0839 0.0281 0.1223 0.0935 
        D572  4 0.2790 0.1299 0.1676 0.2383 0.1853 
        D629  4 0.2876 0.1764 0.1963 0.2678 0.0718 
        D630  4 0.0923 0.0748 0.1436 0.1835 0.5058 
        D631  4 0.1326 0.0653 0.0577 0.0641 0.6804 
        D632  4 0.0891 0.6898 0.0465 0.1265 0.0481 
        D646  4 0.0703 0.0859 0.0387 0.1443 0.6607 
        D647  4 0.3331 0.2157 0.0390 0.2055 0.2068 
        D648  4 0.0428 0.0868 0.5586 0.2238 0.0879 
        D649  4 0.2316 0.2660 0.1754 0.2110 0.1159 
        D650  4 0.1233 0.0644 0.4640 0.1023 0.2459 
        D708  4 0.0387 0.0953 0.4914 0.1566 0.2180 
        D709  4 0.0437 0.2059 0.2402 0.3810 0.1292 
        D738  4 0.1492 0.1371 0.4395 0.0926 0.1816 
        D739  4 0.0667 0.2273 0.0682 0.2400 0.3978 
        D740  4 0.0452 0.1845 0.2061 0.0823 0.4819 
        D741  4 0.4802 0.0351 0.0411 0.1644 0.2792 
        D742  4 0.5094 0.0596 0.0893 0.1115 0.2302 
        D743  4 0.6167 0.0467 0.1159 0.0965 0.1242 
        D744  4 0.4376 0.0813 0.0804 0.1826 0.2182 
        D745  4 0.0578 0.0452 0.0550 0.0584 0.7836 
        D814  4 0.0569 0.0927 0.0516 0.3410 0.4578 
        D815  4 0.1151 0.1720 0.4059 0.2118 0.0951 
        D828  4 0.0274 0.1656 0.2846 0.2368 0.2856 
        D845  4 0.3426 0.0316 0.0756 0.0708 0.4795 
        D846  4 0.2368 0.1653 0.0450 0.4329 0.1199 
        D847  4 0.1975 0.0896 0.1399 0.1631 0.4100 
