        D174  1 0.0583 0.2763 0.0626 0.0324 0.0348 0.0610 0.1000 0.0391 0.0497 0.0856 0.2002 
        D199  1 0.2181 0.0864 0.1143 0.0449 0.0389 0.1107 0.0209 0.0377 0.2037 0.0473 0.0770 
        D203  1 0.1133 0.0545 0.0954 0.1011 0.0767 0.0769 0.1044 0.0861 0.1008 0.0494 0.1413 
        D204  1 0.0481 0.0248 0.0264 0.0272 0.0723 0.0224 0.0177 0.0336 0.6138 0.0284 0.0854 
     D237366  1 0.0292 0.0836 0.0697 0.0371 0.2178 0.2125 0.1776 0.0208 0.0330 0.0526 0.0662 
     D237367  1 0.1138 0.0389 0.0707 0.0236 0.1937 0.0863 0.0262 0.0345 0.0863 0.0530 0.2730 
     D237368  1 0.1233 0.0636 0.0884 0.0285 0.0211 0.3608 0.0401 0.0454 0.1308 0.0449 0.0530 
     D244101  1 0.2282 0.0173 0.0766 0.1698 0.0317 0.0265 0.0202 0.0474 0.1874 0.0328 0.1621 
     D244102  1 0.0558 0.0441 0.0832 0.0864 0.3035 0.0452 0.0373 0.1800 0.0613 0.0452 0.0579 
     D244103  1 0.0189 0.0288 0.0861 0.0892 0.0350 0.0465 0.1090 0.0332 0.0477 0.0622 0.4433 
     D244104  1 0.0377 0.0496 0.0364 0.0558 0.0176 0.0354 0.0293 0.0335 0.5372 0.0540 0.1135 
     D244105  1 0.0200 0.0232 0.1385 0.0415 0.0358 0.2278 0.1824 0.1227 0.0229 0.0242 0.1609 
     D244106  1 0.0696 0.2483 0.0491 0.0276 0.0577 0.0280 0.3063 0.0253 0.1140 0.0357 0.0384 
     D244107  1 0.0333 0.0136 0.1256 0.1300 0.0246 0.1012 0.0289 0.4193 0.0671 0.0233 0.0330 
     D244108  1 0.0445 0.2371 0.0690 0.0323 0.0818 0.0444 0.0220 0.3274 0.0657 0.0269 0.0489 
     D244113  1 0.0409 0.1812 0.0451 0.0181 0.0492 0.0488 0.0132 0.0384 0.0148 0.4891 0.0614 
     D244114  1 0.0280 0.0825 0.1793 0.0708 0.0564 0.0407 0.3328 0.0321 0.0341 0.0877 0.0555 
     D244115  1 0.0300 0.1765 0.1018 0.0495 0.0342 0.0575 0.0396 0.0573 0.3503 0.0575 0.0457 
     D267365  1 0.0526 0.1552 0.0972 0.1220 0.0494 0.0944 0.0264 0.0381 0.1505 0.0717 0.1425 
        D404  1 0.0810 0.1823 0.0621 0.0435 0.1492 0.0214 0.0292 0.0948 0.0878 0.2292 0.0194 
        D405  1 0.0775 0.0553 0.0742 0.0352 0.0826 0.0348 0.0386 0.1165 0.1878 0.2521 0.0455 
        D406  1 0.0216 0.0404 0.0342 0.0172 0.0367 0.6929 0.0256 0.0411 0.0258 0.0222 0.0424 
        D407  1 0.1146 0.0225 0.0795 0.0202 0.0171 0.0488 0.0259 0.0217 0.5530 0.0352 0.0615 
        D408  1 0.0342 0.1953 0.0444 0.1336 0.0275 0.0177 0.0189 0.0266 0.0544 0.4140 0.0334 
        D409  1 0.0482 0.0276 0.0712 0.5226 0.0255 0.0374 0.0283 0.0485 0.1214 0.0324 0.0369 
        D410  1 0.0151 0.0307 0.0429 0.0233 0.0202 0.0408 0.0265 0.6748 0.0442 0.0444 0.0371 
        D421  1 0.0720 0.0296 0.0256 0.0253 0.0130 0.0154 0.0130 0.0138 0.5912 0.0173 0.1839 
        D422  1 0.0162 0.0164 0.0628 0.0278 0.0177 0.5018 0.1524 0.0544 0.1174 0.0177 0.0154 
        D423  1 0.1039 0.0306 0.0650 0.0244 0.0226 0.0280 0.0191 0.5972 0.0492 0.0205 0.0396 
        D424  1 0.0232 0.0403 0.0951 0.0176 0.0181 0.0674 0.0291 0.0177 0.2036 0.0199 0.4680 
        D425  1 0.0343 0.0600 0.1498 0.0945 0.0743 0.0238 0.0250 0.1056 0.0607 0.1371 0.2347 
        D426  1 0.0485 0.0214 0.1356 0.4283 0.0127 0.0502 0.1345 0.0239 0.0711 0.0403 0.0335 
        D427  1 0.3680 0.1178 0.0329 0.0508 0.0154 0.0301 0.0178 0.0170 0.1976 0.0226 0.1299 
        D428  1 0.0360 0.0941 0.0818 0.0289 0.1083 0.0430 0.0129 0.1014 0.4135 0.0394 0.0408 
        D429  1 0.0189 0.1121 0.0424 0.0255 0.0441 0.0198 0.1614 0.0316 0.4876 0.0203 0.0362 
        D430  1 0.1008 0.1110 0.1025 0.0488 0.0727 0.0391 0.2107 0.0280 0.1677 0.0879 0.0309 
        D491  1 0.0304 0.4496 0.0684 0.0445 0.0307 0.0288 0.0243 0.0733 0.0641 0.1052 0.0808 
        D492  1 0.0644 0.1534 0.1006 0.0212 0.0365 0.0359 0.0389 0.0261 0.3973 0.0510 0.0746 
        D537  1 0.0321 0.0323 0.0708 0.0220 0.0346 0.0580 0.0274 0.0467 0.1357 0.0719 0.4684 
        D538  1 0.1130 0.1108 0.1776 0.0392 0.0838 0.1092 0.0480 0.1329 0.0723 0.0775 0.0357 
        D539  1 0.0276 0.1864 0.1056 0.0677 0.0853 0.0709 0.2366 0.0613 0.0473 0.0616 0.0497 
        D540  1 0.0294 0.0232 0.1337 0.0465 0.0224 0.0425 0.0409 0.0746 0.0384 0.1229 0.4255 
        D541  1 0.0143 0.0123 0.0165 0.0210 0.0138 0.0134 0.0120 0.0157 0.8393 0.0145 0.0270 
        D551  1 0.0226 0.0288 0.1741 0.1007 0.0283 0.0365 0.4579 0.0312 0.0423 0.0288 0.0487 
        D552  1 0.0322 0.1192 0.0812 0.0323 0.0257 0.1899 0.0463 0.2048 0.1548 0.0330 0.0806 
        D553  1 0.0151 0.0173 0.0186 0.0261 0.0128 0.0165 0.0174 0.0168 0.0508 0.0183 0.7903 
        D615  1 0.0282 0.0685 0.0815 0.0347 0.0310 0.0753 0.0596 0.0841 0.3840 0.1005 0.0525 
        D616  1 0.0671 0.0525 0.0873 0.0771 0.0125 0.0510 0.0376 0.0370 0.5370 0.0201 0.0208 
        D621  1 0.0208 0.1031 0.0430 0.0333 0.0287 0.2889 0.0267 0.1356 0.0433 0.2615 0.0150 
        D622  1 0.0303 0.0702 0.0724 0.0545 0.0399 0.4142 0.0819 0.0914 0.0412 0.0388 0.0652 
        D623  1 0.4856 0.1781 0.0553 0.0303 0.0659 0.0267 0.0151 0.0440 0.0370 0.0371 0.0248 
        D624  1 0.0161 0.6270 0.0885 0.0187 0.0227 0.0230 0.0307 0.0178 0.0814 0.0268 0.0473 
        D625  1 0.0190 0.0692 0.0393 0.0242 0.0362 0.0477 0.0297 0.0212 0.5865 0.0574 0.0697 
        D626  1 0.0222 0.3619 0.0583 0.0617 0.0961 0.0453 0.0312 0.0424 0.0407 0.0392 0.2011 
        D627  1 0.0260 0.0364 0.1200 0.5174 0.0280 0.0328 0.0505 0.0184 0.0479 0.0254 0.0973 
        D690  1 0.0122 0.0365 0.0248 0.0192 0.0224 0.0232 0.0160 0.0240 0.7628 0.0259 0.0330 
        D691  1 0.0331 0.0353 0.0356 0.0396 0.0447 0.4425 0.2107 0.0239 0.0688 0.0229 0.0428 
        D710  1 0.1058 0.0741 0.1177 0.0948 0.0296 0.0818 0.0188 0.1098 0.1464 0.1049 0.1164 
        D711  1 0.0165 0.0264 0.0225 0.0172 0.0644 0.0231 0.0146 0.0222 0.7570 0.0152 0.0208 
        D712  1 0.0753 0.3639 0.0637 0.0720 0.0751 0.0738 0.0247 0.0561 0.0305 0.1131 0.0516 
        D713  1 0.0222 0.0600 0.1044 0.0234 0.0412 0.0713 0.0345 0.0425 0.0792 0.4306 0.0907 
        D746  1 0.0222 0.0310 0.0247 0.0232 0.0161 0.6617 0.0499 0.0253 0.0717 0.0262 0.0479 
        D747  1 0.0150 0.0129 0.0167 0.0196 0.0200 0.0118 0.0115 0.0124 0.8502 0.0111 0.0189 
        D748  1 0.0262 0.0391 0.0629 0.0423 0.0508 0.1248 0.2739 0.0283 0.2222 0.0769 0.0527 
        D749  1 0.0273 0.0732 0.2611 0.0324 0.0230 0.2743 0.0667 0.0770 0.0755 0.0630 0.0266 
        D750  1 0.0255 0.2735 0.0319 0.0203 0.0169 0.0309 0.0321 0.0293 0.4585 0.0635 0.0177 
        D763  1 0.0996 0.0310 0.1529 0.0793 0.0375 0.1725 0.0660 0.0380 0.1107 0.1665 0.0459 
        D764  1 0.0232 0.0861 0.0366 0.0302 0.0138 0.0452 0.0233 0.0248 0.6226 0.0349 0.0594 
        D765  1 0.0159 0.0817 0.0751 0.0309 0.0312 0.0742 0.0496 0.5649 0.0173 0.0234 0.0359 
        D766  1 0.0295 0.0476 0.0574 0.0273 0.0265 0.1051 0.0332 0.4195 0.1001 0.0853 0.0686 
        D767  1 0.0446 0.0314 0.0470 0.0280 0.5296 0.0617 0.0308 0.0609 0.0609 0.0356 0.0696 
        D768  1 0.0230 0.0182 0.0369 0.0275 0.0177 0.0280 0.0359 0.0217 0.0606 0.0191 0.7114 
        D811  1 0.0310 0.0983 0.0443 0.0321 0.0309 0.0190 0.0202 0.0738 0.0206 0.6025 0.0273 
        D816  1 0.0267 0.0469 0.0328 0.0204 0.0353 0.0241 0.0207 0.0329 0.4884 0.0218 0.2500 
        D825  1 0.0271 0.2401 0.1337 0.0353 0.0537 0.0300 0.0383 0.2535 0.0602 0.0597 0.0685 
        D866  1 0.0692 0.2444 0.0777 0.2336 0.0312 0.0542 0.0674 0.0461 0.1064 0.0396 0.0301 
        D867  1 0.0425 0.0238 0.0525 0.0221 0.0206 0.6021 0.0335 0.0544 0.0231 0.0800 0.0455 
        D871  1 0.0245 0.0486 0.0790 0.4499 0.1210 0.0165 0.0271 0.0219 0.1234 0.0480 0.0401 
        D872  1 0.0385 0.0399 0.0570 0.0210 0.1571 0.2484 0.0164 0.1196 0.1016 0.0357 0.1648 
        D873  1 0.0165 0.0143 0.0157 0.0156 0.0191 0.0254 0.0159 0.8312 0.0210 0.0167 0.0087 
        D874  1 0.0768 0.1098 0.0643 0.0308 0.0511 0.0248 0.0371 0.0215 0.1386 0.3622 0.0829 
        D875  1 0.0335 0.0223 0.1301 0.4157 0.0375 0.0568 0.1058 0.0559 0.0790 0.0415 0.0219 
        D876  1 0.0322 0.0885 0.1012 0.0361 0.0603 0.1217 0.0236 0.0530 0.0798 0.0830 0.3205 
        D877  1 0.0453 0.1614 0.0668 0.0188 0.1005 0.0165 0.0246 0.0375 0.0528 0.4465 0.0293 
        D892  1 0.0516 0.1416 0.0815 0.0226 0.1051 0.1072 0.2000 0.0323 0.0741 0.0342 0.1499 
        D893  1 0.0363 0.0226 0.1066 0.0436 0.1387 0.0507 0.0336 0.0467 0.1411 0.0524 0.3277 
        D894  1 0.0164 0.0174 0.0258 0.0266 0.0243 0.0160 0.0648 0.0135 0.7625 0.0185 0.0142 
        D915  1 0.0256 0.0459 0.0739 0.0297 0.0291 0.0581 0.1006 0.1158 0.0912 0.0383 0.3919 
        D916  1 0.0116 0.0124 0.0132 0.0133 0.0087 0.0122 0.0136 0.0119 0.8768 0.0124 0.0138 
        D917  1 0.0669 0.2043 0.1100 0.1666 0.0316 0.0359 0.0154 0.0472 0.1503 0.0955 0.0762 
        D925  1 0.0196 0.0934 0.0513 0.0224 0.0259 0.0863 0.0170 0.4138 0.0594 0.0362 0.1746 
        D926  1 0.0280 0.0796 0.1096 0.0413 0.0584 0.0365 0.0790 0.0511 0.1961 0.0285 0.2919 
        D927  1 0.3417 0.0558 0.0979 0.0259 0.1104 0.0782 0.0509 0.0226 0.0933 0.0209 0.1023 
        D928  1 0.0244 0.5855 0.0351 0.0252 0.0190 0.0141 0.0128 0.0824 0.0449 0.0762 0.0805 
        D929  1 0.0211 0.0464 0.0333 0.0237 0.6203 0.0281 0.0243 0.0253 0.0320 0.0973 0.0481 
        D936  1 0.0443 0.0372 0.0557 0.0618 0.0783 0.0176 0.0572 0.0422 0.4917 0.0320 0.0820 
        D938  1 0.0195 0.0273 0.0361 0.0311 0.0238 0.6131 0.0386 0.0668 0.0414 0.0668 0.0357 
        D956  1 0.0474 0.3291 0.0794 0.0460 0.0418 0.0275 0.0868 0.0678 0.1525 0.0991 0.0225 
        D957  1 0.0422 0.0391 0.0564 0.0421 0.0820 0.1158 0.0183 0.4328 0.0818 0.0258 0.0636 
        D958  1 0.0374 0.1662 0.0704 0.0227 0.0440 0.1962 0.0289 0.1110 0.1373 0.1069 0.0788 
        D959  1 0.0943 0.0232 0.1054 0.0210 0.0154 0.0418 0.0369 0.0404 0.5295 0.0243 0.0677 
        D960  1 0.0221 0.0359 0.0418 0.0147 0.0209 0.5367 0.1041 0.1354 0.0360 0.0215 0.0309 
        D989  1 0.2574 0.2824 0.0792 0.0577 0.0535 0.0362 0.0335 0.0208 0.0885 0.0381 0.0526 
        D990  1 0.0369 0.0827 0.1689 0.0807 0.0821 0.0796 0.0170 0.3854 0.0364 0.0152 0.0150 
        H102  1 0.0226 0.1328 0.0566 0.0388 0.0268 0.1557 0.0792 0.0396 0.1902 0.0824 0.1752 
        H103  1 0.0397 0.0180 0.3188 0.0624 0.0649 0.0798 0.0170 0.0722 0.2244 0.0623 0.0405 
        H104  1 0.0331 0.0791 0.0678 0.1012 0.3066 0.0371 0.0884 0.0271 0.0585 0.0342 0.1668 
        H105  1 0.0521 0.1737 0.0951 0.0580 0.0196 0.0414 0.0351 0.1322 0.2034 0.1165 0.0730 
        H106  1 0.0442 0.0448 0.0500 0.0404 0.1409 0.1738 0.2659 0.0897 0.0306 0.0450 0.0746 
        H112  1 0.0451 0.1020 0.1276 0.0662 0.0517 0.0531 0.1895 0.0744 0.0643 0.1272 0.0988 
        H113  1 0.0658 0.0488 0.1316 0.3095 0.0351 0.0548 0.0383 0.0837 0.0682 0.0408 0.1233 
        H114  1 0.0415 0.0239 0.0870 0.2369 0.0253 0.0447 0.0444 0.0737 0.3087 0.0307 0.0833 
        H115  1 0.0455 0.0488 0.0945 0.0602 0.0581 0.0615 0.1608 0.0347 0.2643 0.0853 0.0862 
        H143  1 0.0179 0.0431 0.0770 0.0288 0.0212 0.0359 0.0363 0.1489 0.3834 0.0364 0.1712 
        H144  1 0.0523 0.0459 0.1923 0.0276 0.0254 0.0691 0.0344 0.0308 0.1598 0.0245 0.3379 
        H145  1 0.0129 0.0395 0.0333 0.0770 0.0224 0.0353 0.0203 0.0298 0.0138 0.6946 0.0210 
        H149  1 0.0269 0.0270 0.0279 0.0285 0.0673 0.0181 0.1872 0.0217 0.5441 0.0284 0.0229 
        H150  1 0.0710 0.0907 0.3095 0.0731 0.1087 0.0973 0.0627 0.0268 0.0224 0.1184 0.0194 
     H167542  1 0.0164 0.0255 0.0246 0.0160 0.0213 0.0221 0.0420 0.0292 0.0489 0.0262 0.7278 
     H169604  1 0.1276 0.2480 0.0794 0.0876 0.0959 0.0209 0.0660 0.0306 0.0561 0.1082 0.0798 
     H169607  1 0.0452 0.3034 0.1531 0.0657 0.0579 0.0307 0.0396 0.0394 0.0374 0.1448 0.0828 
     H169608  1 0.0199 0.0608 0.0333 0.0423 0.0280 0.0533 0.0330 0.0316 0.0396 0.6324 0.0257 
     H169633  1 0.0963 0.0742 0.1089 0.1441 0.0276 0.0332 0.0700 0.1214 0.0558 0.0496 0.2190 
     H169688  1 0.1425 0.0513 0.0717 0.0232 0.0679 0.4456 0.0141 0.0265 0.0352 0.0635 0.0586 
     H169714  1 0.0372 0.0258 0.0534 0.0611 0.2482 0.0360 0.4028 0.0202 0.0574 0.0306 0.0272 
     H171802  1 0.1549 0.0321 0.1129 0.0752 0.0643 0.0514 0.1071 0.2220 0.0566 0.0513 0.0721 
     H171805  1 0.0248 0.0309 0.1184 0.0453 0.2925 0.1044 0.0788 0.1387 0.0505 0.0363 0.0794 
     H171807  1 0.1308 0.1417 0.1077 0.0463 0.0435 0.0496 0.1246 0.0603 0.0249 0.2320 0.0385 
     H171814  1 0.1724 0.0323 0.1484 0.3042 0.0279 0.0532 0.0154 0.0856 0.0767 0.0195 0.0646 
     H171816  1 0.0721 0.0361 0.1074 0.0718 0.1096 0.1352 0.0518 0.1282 0.0680 0.1716 0.0482 
     H171817  1 0.0205 0.2788 0.0651 0.0660 0.1901 0.0551 0.0443 0.0960 0.0880 0.0559 0.0402 
     H171818  1 0.0413 0.0244 0.1117 0.0855 0.0804 0.0759 0.0769 0.1822 0.2363 0.0250 0.0604 
     H171819  1 0.0641 0.0745 0.0742 0.4302 0.0438 0.0700 0.0285 0.0819 0.0389 0.0609 0.0329 
     H171834  1 0.0193 0.0136 0.0312 0.0270 0.0167 0.0391 0.7039 0.0450 0.0544 0.0186 0.0311 
     H171835  1 0.0685 0.1067 0.0496 0.0511 0.4111 0.1277 0.0540 0.0195 0.0268 0.0498 0.0352 
     H171836  1 0.0881 0.0415 0.1426 0.0578 0.0216 0.1071 0.0332 0.3415 0.0593 0.0592 0.0481 
     H171837  1 0.0293 0.1010 0.0833 0.1018 0.0297 0.0656 0.0431 0.0415 0.0949 0.0784 0.3314 
     H171838  1 0.1133 0.0307 0.1042 0.1050 0.0420 0.0828 0.2358 0.1879 0.0215 0.0611 0.0156 
     H171839  1 0.0728 0.2282 0.0657 0.1062 0.1307 0.0303 0.0538 0.0345 0.1691 0.0432 0.0654 
     H171841  1 0.0169 0.0399 0.0292 0.0202 0.0179 0.0281 0.0225 0.0954 0.0202 0.6948 0.0149 
     H171860  1 0.0936 0.1906 0.0624 0.0954 0.0480 0.0287 0.0501 0.0313 0.0557 0.2818 0.0624 
     H171861  1 0.0199 0.0445 0.1365 0.0801 0.0237 0.1600 0.0306 0.1716 0.1520 0.0479 0.1331 
     H171862  1 0.0424 0.0556 0.1327 0.0753 0.0426 0.0411 0.3327 0.1062 0.0562 0.0354 0.0799 
     H171868  1 0.0235 0.0277 0.0744 0.0873 0.0352 0.0327 0.0481 0.0421 0.3758 0.0559 0.1971 
     H171869  1 0.0685 0.0289 0.1819 0.0399 0.0313 0.3295 0.0512 0.0890 0.0516 0.0220 0.1062 
     H171870  1 0.0540 0.0312 0.0658 0.0199 0.1263 0.4629 0.0732 0.0309 0.0339 0.0599 0.0418 
     H171871  1 0.0517 0.0215 0.2301 0.0559 0.0919 0.0854 0.0916 0.1601 0.0755 0.0847 0.0516 
     H171872  1 0.0259 0.3584 0.0831 0.1322 0.1379 0.0356 0.0420 0.0246 0.0421 0.0571 0.0609 
     H171873  1 0.0448 0.0427 0.0844 0.1056 0.0835 0.4144 0.0747 0.0449 0.0473 0.0237 0.0339 
     H171874  1 0.0698 0.1298 0.0763 0.1806 0.0218 0.1841 0.0444 0.0381 0.1624 0.0643 0.0283 
     H171875  1 0.0346 0.0289 0.1419 0.2385 0.0220 0.0611 0.0156 0.0787 0.2189 0.0511 0.1088 
     H171876  1 0.2690 0.1894 0.0765 0.0689 0.0285 0.0382 0.0356 0.0312 0.1517 0.0341 0.0769 
     H171877  1 0.0367 0.0374 0.0325 0.0373 0.0224 0.0439 0.0226 0.0217 0.0239 0.0354 0.6862 
     H171878  1 0.2578 0.0229 0.1974 0.0216 0.1275 0.1145 0.0302 0.1084 0.0666 0.0263 0.0267 
     H171901  1 0.0409 0.3080 0.0476 0.0264 0.2013 0.0418 0.0186 0.1409 0.0862 0.0492 0.0391 
     H171902  1 0.0250 0.3755 0.1094 0.0687 0.0332 0.0509 0.0602 0.0313 0.0581 0.1512 0.0366 
     H171903  1 0.0620 0.0388 0.1186 0.1486 0.0306 0.0330 0.1083 0.0343 0.3045 0.0729 0.0483 
     H171935  1 0.0650 0.1915 0.0789 0.0588 0.1612 0.1708 0.1221 0.0565 0.0163 0.0609 0.0181 
     H171936  1 0.1197 0.0273 0.0755 0.0951 0.0374 0.1023 0.0463 0.1765 0.1139 0.0198 0.1861 
     H171940  1 0.0440 0.1842 0.0565 0.0273 0.0365 0.0244 0.1269 0.1146 0.0740 0.0492 0.2624 
     H171945  1 0.0467 0.0441 0.2013 0.0249 0.0412 0.1374 0.0843 0.1083 0.0482 0.2060 0.0577 
     H171948  1 0.0474 0.0243 0.0668 0.0569 0.0418 0.0292 0.1516 0.1837 0.0565 0.3161 0.0256 
     H171949  1 0.0606 0.1435 0.0554 0.0323 0.0647 0.0274 0.4022 0.0497 0.0394 0.0749 0.0501 
     H171950  1 0.0278 0.1737 0.0409 0.0369 0.2983 0.0718 0.0353 0.0186 0.2470 0.0289 0.0210 
     H171963  1 0.0385 0.0160 0.0534 0.0279 0.0208 0.6809 0.0205 0.0341 0.0232 0.0420 0.0426 
     H171964  1 0.1310 0.0378 0.2316 0.1713 0.0360 0.0915 0.0598 0.0229 0.0290 0.1688 0.0202 
     H171966  1 0.0188 0.0794 0.1154 0.1874 0.0384 0.1815 0.0878 0.1336 0.0665 0.0357 0.0554 
     H171968  1 0.0197 0.4732 0.0543 0.0241 0.0280 0.0628 0.0364 0.0260 0.2013 0.0467 0.0274 
     H171971  1 0.0708 0.0297 0.1003 0.2229 0.1639 0.0953 0.1123 0.1186 0.0381 0.0274 0.0207 
     H171972  1 0.5896 0.0298 0.0411 0.0382 0.0313 0.0273 0.0211 0.0274 0.0437 0.1298 0.0207 
     H171977  1 0.1202 0.0706 0.1273 0.0420 0.0460 0.2627 0.0291 0.0945 0.0249 0.0297 0.1531 
     H171978  1 0.0253 0.0593 0.0913 0.0269 0.4279 0.0334 0.0842 0.0754 0.0445 0.1023 0.0295 
     H171979  1 0.0889 0.0373 0.1318 0.1568 0.0346 0.0259 0.0685 0.0912 0.0442 0.2948 0.0260 
        H176  1 0.0319 0.1528 0.0971 0.3164 0.0290 0.0246 0.0341 0.0338 0.0951 0.1182 0.0669 
        H177  1 0.0248 0.0935 0.0753 0.0254 0.1685 0.1095 0.1061 0.0902 0.0296 0.0890 0.1881 
        H179  1 0.0313 0.0400 0.0451 0.0573 0.1297 0.0163 0.0203 0.0353 0.3462 0.0287 0.2498 
        H181  1 0.0484 0.0436 0.1180 0.0450 0.0172 0.0304 0.1383 0.4569 0.0462 0.0270 0.0290 
        H182  1 0.0249 0.0485 0.1522 0.0810 0.0489 0.2413 0.0706 0.1805 0.0443 0.0400 0.0679 
        H183  1 0.0416 0.0160 0.0440 0.0173 0.0128 0.0221 0.0433 0.6977 0.0441 0.0213 0.0398 
        H184  1 0.0273 0.0707 0.0831 0.0790 0.0647 0.0388 0.0816 0.1190 0.0487 0.3546 0.0324 
        H185  1 0.1726 0.0257 0.1322 0.0859 0.0343 0.1724 0.0696 0.0836 0.0389 0.0844 0.1004 
        H186  1 0.0214 0.0336 0.1206 0.0296 0.0390 0.2497 0.0222 0.0177 0.0813 0.0285 0.3564 
        H187  1 0.0361 0.0150 0.0492 0.0245 0.1157 0.1578 0.0135 0.3239 0.1014 0.0454 0.1173 
        H188  1 0.0411 0.1243 0.0647 0.0564 0.0239 0.0218 0.0561 0.0532 0.1046 0.0409 0.4131 
        H192  1 0.0413 0.0501 0.0737 0.0397 0.0624 0.0545 0.3787 0.1442 0.0435 0.0847 0.0270 
        H193  1 0.0186 0.0527 0.2603 0.0328 0.0805 0.0840 0.0449 0.0698 0.0386 0.0526 0.2650 
        H194  1 0.0458 0.0328 0.0667 0.1458 0.0600 0.0301 0.1786 0.0372 0.1296 0.2349 0.0384 
        H195  1 0.0839 0.0453 0.0613 0.0279 0.0224 0.5702 0.0308 0.0302 0.0422 0.0543 0.0316 
        H199  1 0.0554 0.3851 0.1270 0.0241 0.0182 0.1156 0.0299 0.1297 0.0245 0.0557 0.0348 
        H200  1 0.1416 0.2291 0.0800 0.0720 0.0335 0.0298 0.0317 0.1114 0.1456 0.0503 0.0749 
        H414  1 0.0577 0.0528 0.1240 0.0628 0.2367 0.0648 0.0495 0.0854 0.1723 0.0320 0.0620 
        H415  1 0.0664 0.0660 0.0802 0.1845 0.0649 0.0273 0.0439 0.1794 0.1601 0.0588 0.0686 
        H422  1 0.0329 0.2923 0.1700 0.0644 0.0230 0.0693 0.0246 0.1037 0.1010 0.0468 0.0721 
        H423  1 0.0414 0.1434 0.0880 0.0395 0.0493 0.0244 0.0371 0.1077 0.0409 0.4023 0.0258 
        H424  1 0.0301 0.0151 0.2045 0.0420 0.0378 0.0977 0.0472 0.2221 0.0792 0.1111 0.1132 
        H425  1 0.0690 0.0481 0.3751 0.0350 0.0501 0.1376 0.0432 0.1291 0.0520 0.0224 0.0384 
        H426  1 0.0308 0.0287 0.2191 0.0935 0.0742 0.0241 0.1474 0.2450 0.0481 0.0571 0.0319 
        H443  1 0.0279 0.0499 0.2693 0.0302 0.0220 0.0397 0.0469 0.0227 0.1140 0.0449 0.3325 
        H466  1 0.1081 0.0266 0.1279 0.0365 0.0895 0.0432 0.1971 0.0862 0.1241 0.0794 0.0814 
        H467  1 0.0291 0.0406 0.0720 0.2453 0.1577 0.1062 0.2424 0.0228 0.0292 0.0300 0.0248 
        H472  1 0.0533 0.5457 0.0762 0.0409 0.0433 0.0195 0.0224 0.0369 0.0206 0.0945 0.0468 
        H483  1 0.0545 0.1072 0.0838 0.0344 0.0174 0.0355 0.1171 0.3215 0.1657 0.0195 0.0433 
        H504  1 0.0617 0.1275 0.1777 0.0758 0.0360 0.1555 0.0176 0.2197 0.0570 0.0331 0.0383 
        H505  1 0.0701 0.0478 0.0882 0.0312 0.1466 0.0368 0.0616 0.1048 0.0917 0.0383 0.2828 
        H506  1 0.0601 0.0872 0.2058 0.0754 0.0922 0.0883 0.0281 0.0768 0.1375 0.0980 0.0506 
        H507  1 0.0758 0.0658 0.1457 0.0618 0.0649 0.1135 0.0276 0.2412 0.0559 0.0267 0.1209 
        H508  1 0.0618 0.0565 0.2117 0.1015 0.1690 0.1034 0.0804 0.0462 0.0598 0.0542 0.0554 
        H524  1 0.1263 0.0513 0.0920 0.0298 0.1634 0.1200 0.0323 0.1560 0.0692 0.0224 0.1374 
        H525  1 0.0586 0.0502 0.1340 0.0721 0.0658 0.1613 0.0321 0.0232 0.0514 0.2216 0.1298 
        H526  1 0.0445 0.0674 0.0754 0.1873 0.0221 0.0730 0.0220 0.0287 0.0317 0.2192 0.2289 
        H527  1 0.0450 0.0635 0.0654 0.0334 0.3234 0.0618 0.0344 0.1038 0.0532 0.1561 0.0600 
        H528  1 0.0564 0.0325 0.1080 0.4770 0.0294 0.0231 0.0154 0.0609 0.1100 0.0610 0.0263 
        H529  1 0.0307 0.0291 0.2891 0.0558 0.1316 0.0812 0.0574 0.0459 0.0381 0.0383 0.2027 
        H533  1 0.0248 0.0445 0.0822 0.0477 0.4248 0.0685 0.0326 0.1616 0.0376 0.0177 0.0580 
        H538  1 0.1259 0.2309 0.0772 0.0313 0.0798 0.0274 0.0484 0.0472 0.0836 0.1544 0.0939 
        H539  1 0.0233 0.0126 0.0234 0.0156 0.0325 0.7311 0.0154 0.0356 0.0281 0.0334 0.0489 
        H540  1 0.0325 0.0534 0.1105 0.0622 0.0722 0.1546 0.1094 0.1746 0.0770 0.0998 0.0538 
        H541  1 0.0503 0.0506 0.0764 0.0332 0.1364 0.0342 0.0385 0.0435 0.3180 0.0519 0.1670 
        H558  1 0.0356 0.0201 0.0480 0.0208 0.0164 0.0471 0.0349 0.6982 0.0204 0.0399 0.0185 
        H559  1 0.0316 0.1084 0.0779 0.0301 0.0520 0.0437 0.0198 0.0580 0.4546 0.0649 0.0590 
        H579  1 0.0199 0.0289 0.0651 0.0466 0.0169 0.3796 0.0217 0.1881 0.0354 0.1709 0.0269 
        H584  1 0.0523 0.0923 0.2568 0.1011 0.0428 0.0538 0.1279 0.0410 0.0640 0.1303 0.0376 
        H585  1 0.0851 0.0210 0.1418 0.2111 0.1088 0.0368 0.0557 0.0900 0.0662 0.0660 0.1174 
        H605  1 0.0567 0.0606 0.1027 0.0380 0.0828 0.1019 0.0694 0.0593 0.1472 0.0578 0.2234 
        H606  1 0.0179 0.1391 0.0481 0.0192 0.0331 0.0312 0.0263 0.0199 0.5181 0.0741 0.0730 
        H632  1 0.1519 0.2215 0.1554 0.1777 0.0342 0.0614 0.0395 0.0275 0.0560 0.0449 0.0301 
        H634  1 0.0437 0.0625 0.1203 0.0881 0.0576 0.0981 0.0257 0.1130 0.2442 0.0736 0.0733 
        H671  1 0.0325 0.4191 0.0659 0.1174 0.0932 0.0196 0.0280 0.0479 0.0623 0.0654 0.0489 
        H672  1 0.2564 0.0412 0.0497 0.0245 0.0694 0.0406 0.0193 0.0283 0.3954 0.0249 0.0502 
        H673  1 0.0843 0.0398 0.2855 0.0240 0.0187 0.0555 0.0398 0.0610 0.0834 0.0943 0.2137 
        H689  1 0.0573 0.0782 0.2039 0.0584 0.0312 0.0229 0.1265 0.0672 0.2584 0.0619 0.0341 
        H690  1 0.0225 0.0246 0.0513 0.0290 0.0841 0.1839 0.1611 0.0300 0.0385 0.1579 0.2171 
        H691  1 0.1192 0.0515 0.0528 0.0315 0.0444 0.0312 0.0972 0.0375 0.4549 0.0275 0.0523 
        H692  1 0.1374 0.0341 0.3814 0.0392 0.0181 0.0246 0.0424 0.1531 0.0945 0.0425 0.0326 
        H709  1 0.0584 0.0362 0.1588 0.0475 0.2035 0.0829 0.0517 0.0345 0.1403 0.0481 0.1379 
        H710  1 0.0508 0.0233 0.3516 0.1604 0.0291 0.0630 0.0356 0.0733 0.0916 0.0630 0.0582 
       H7355  1 0.0254 0.1783 0.0863 0.1511 0.0412 0.0857 0.0481 0.0333 0.0513 0.2565 0.0428 
       H7356  1 0.0619 0.0274 0.1456 0.0262 0.1354 0.1040 0.2252 0.0551 0.0706 0.1196 0.0289 
       H7357  1 0.0219 0.2415 0.0759 0.0492 0.0846 0.0863 0.0524 0.0889 0.1209 0.0269 0.1516 
       H7358  1 0.0974 0.2888 0.0611 0.0228 0.0220 0.0507 0.0210 0.0992 0.1945 0.0578 0.0848 
       H7380  1 0.0216 0.1251 0.0990 0.2775 0.0429 0.0308 0.0345 0.0452 0.2293 0.0457 0.0484 
       H7381  1 0.0486 0.1345 0.2485 0.0468 0.1805 0.0395 0.0449 0.0624 0.0323 0.0912 0.0708 
       H7382  1 0.0969 0.0857 0.1114 0.0551 0.0304 0.1200 0.0564 0.0384 0.2989 0.0815 0.0253 
        H904  1 0.0153 0.0726 0.0388 0.0258 0.0254 0.0258 0.0554 0.0247 0.6278 0.0482 0.0402 
        H923  1 0.0993 0.0838 0.1637 0.1761 0.0519 0.0510 0.0416 0.0799 0.0351 0.1097 0.1079 
        H924  1 0.0576 0.1028 0.0955 0.0327 0.0270 0.0441 0.0481 0.1048 0.1101 0.1817 0.1955 
        H925  1 0.0423 0.0192 0.0292 0.0233 0.0159 0.0272 0.0142 0.0286 0.0350 0.0237 0.7414 
       H9558  1 0.0289 0.0130 0.0243 0.0158 0.0154 0.0298 0.0246 0.7820 0.0153 0.0314 0.0194 
      H105.1  1 0.0492 0.0260 0.2011 0.0915 0.0719 0.0524 0.2023 0.1844 0.0347 0.0304 0.0561 
      H115.1  1 0.0280 0.0168 0.0488 0.0467 0.0285 0.0915 0.0290 0.0590 0.1459 0.0343 0.4717 
      H145.1  1 0.0206 0.3200 0.0605 0.0690 0.0271 0.0865 0.0185 0.0233 0.0731 0.2553 0.0460 
      H149.1  1 0.0102 0.0120 0.0120 0.0129 0.0112 0.0153 0.0143 0.0117 0.8722 0.0120 0.0162 
      H150.1  1 0.0177 0.0637 0.2189 0.0504 0.0317 0.4051 0.0238 0.0837 0.0218 0.0510 0.0323 
   H169607.1  1 0.0516 0.1811 0.0710 0.0962 0.1527 0.0811 0.0192 0.0665 0.0734 0.1337 0.0735 
   H169633.1  1 0.0770 0.0776 0.0436 0.0371 0.0145 0.0445 0.0284 0.0700 0.5360 0.0250 0.0462 
   H169688.1  1 0.2595 0.0402 0.1083 0.0330 0.0211 0.0789 0.0175 0.0315 0.2338 0.0642 0.1119 
   H171901.1  1 0.0795 0.0375 0.1092 0.4309 0.0538 0.0688 0.0227 0.0803 0.0595 0.0377 0.0199 
   H171902.1  1 0.0205 0.1907 0.0605 0.0453 0.0287 0.1437 0.0267 0.0393 0.1248 0.2382 0.0816 
   H171903.1  1 0.0488 0.0328 0.0734 0.0266 0.1931 0.0360 0.0786 0.0371 0.0362 0.3768 0.0605 
      H177.1  1 0.1090 0.0740 0.0524 0.0182 0.0311 0.0481 0.0516 0.0272 0.4139 0.0495 0.1251 
      H179.1  1 0.0368 0.1039 0.0538 0.0618 0.0975 0.0307 0.0256 0.1215 0.3159 0.0239 0.1285 
      H180.1  1 0.0284 0.0625 0.2307 0.0949 0.0547 0.2199 0.1006 0.0490 0.0646 0.0225 0.0722 
      H181.1  1 0.0261 0.1000 0.1307 0.0455 0.0288 0.1014 0.2113 0.0591 0.2366 0.0201 0.0405 
 H194.1_2004  1 0.0451 0.0235 0.1344 0.0303 0.0420 0.1011 0.0967 0.0872 0.1859 0.1934 0.0604 
 H195.1_2003  1 0.1240 0.0330 0.0912 0.0444 0.1686 0.0536 0.0335 0.1062 0.2525 0.0688 0.0240 
 H195.1_2004  1 0.0493 0.6208 0.0337 0.0493 0.0167 0.0439 0.0282 0.0172 0.0853 0.0200 0.0356 
      H415.1  1 0.0356 0.0515 0.1076 0.0752 0.0381 0.0905 0.0469 0.1411 0.2513 0.0280 0.1342 
      H506.1  1 0.0441 0.0474 0.1159 0.0627 0.0631 0.0393 0.0178 0.0701 0.4110 0.0218 0.1070 
      H533.1  1 0.0165 0.0512 0.0727 0.0308 0.0618 0.0505 0.0193 0.2157 0.1938 0.0154 0.2723 
      H535.1  1 0.0461 0.0334 0.0762 0.0366 0.0471 0.0555 0.2302 0.0725 0.1288 0.0950 0.1784 
      H539.1  1 0.0155 0.0231 0.0414 0.0247 0.0161 0.2087 0.0398 0.2426 0.0336 0.3041 0.0503 
      H540.1  1 0.0211 0.0258 0.0480 0.0259 0.0549 0.5700 0.0270 0.0813 0.0367 0.0859 0.0234 
     H9558.1  1 0.0370 0.0247 0.0391 0.0297 0.0171 0.0927 0.0272 0.5914 0.0574 0.0681 0.0157 
    kos339.1  1 0.0286 0.0311 0.0335 0.0271 0.0438 0.0242 0.0340 0.0216 0.6754 0.0383 0.0424 
        D023  2 0.0146 0.0128 0.0173 0.0203 0.0119 0.8172 0.0128 0.0181 0.0439 0.0117 0.0194 
        D130  2 0.0258 0.0197 0.0271 0.0141 0.0318 0.6699 0.0813 0.0192 0.0291 0.0309 0.0512 
        D131  2 0.0513 0.0613 0.1932 0.2172 0.0579 0.0297 0.0675 0.0290 0.0555 0.0318 0.2057 
        D163  2 0.0130 0.0574 0.0828 0.0352 0.0348 0.5196 0.0677 0.0520 0.0822 0.0166 0.0386 
        D164  2 0.2699 0.0144 0.0208 0.0125 0.0114 0.2023 0.0197 0.3840 0.0122 0.0254 0.0274 
        D165  2 0.0209 0.0188 0.0298 0.0566 0.0132 0.6974 0.0257 0.0186 0.0855 0.0188 0.0148 
        D166  2 0.0335 0.0232 0.1126 0.0606 0.1531 0.0796 0.0770 0.0769 0.0323 0.3260 0.0252 
        D167  2 0.7928 0.0207 0.0249 0.0180 0.0264 0.0227 0.0183 0.0249 0.0162 0.0191 0.0159 
        D192  2 0.7736 0.0182 0.0241 0.0240 0.0226 0.0251 0.0217 0.0330 0.0151 0.0299 0.0128 
        D193  2 0.0222 0.0607 0.0873 0.0420 0.1307 0.0271 0.1575 0.3125 0.0293 0.0420 0.0886 
        D206  2 0.0606 0.0142 0.0426 0.0288 0.0155 0.0263 0.0369 0.0313 0.0229 0.0274 0.6934 
        D207  2 0.4991 0.0229 0.1026 0.0470 0.0568 0.0418 0.0758 0.0304 0.0453 0.0453 0.0330 
        D208  2 0.0433 0.1497 0.0629 0.1076 0.3328 0.0440 0.0223 0.0327 0.0598 0.0938 0.0511 
        D209  2 0.3687 0.0211 0.1901 0.0385 0.0235 0.0863 0.0266 0.1267 0.0401 0.0390 0.0394 
        D210  2 0.0515 0.4483 0.0414 0.0831 0.0433 0.0287 0.1086 0.0260 0.1056 0.0354 0.0279 
     D229599  2 0.0498 0.0523 0.1490 0.1581 0.0663 0.1065 0.0343 0.1740 0.0825 0.0418 0.0853 
     D229600  2 0.1599 0.0186 0.0523 0.0209 0.0397 0.5223 0.0485 0.0288 0.0233 0.0380 0.0477 
     D237227  2 0.0926 0.3270 0.0847 0.0565 0.0571 0.0713 0.0296 0.1214 0.0669 0.0540 0.0388 
     D237228  2 0.0553 0.1715 0.0593 0.0380 0.0185 0.0222 0.0373 0.5185 0.0208 0.0437 0.0150 
     D237258  2 0.1199 0.0481 0.1474 0.1223 0.0308 0.1196 0.0327 0.0652 0.1595 0.0823 0.0723 
     D237310  2 0.0835 0.0892 0.0658 0.0373 0.1161 0.0367 0.2191 0.2544 0.0242 0.0608 0.0130 
     D237311  2 0.2117 0.0283 0.0658 0.0391 0.0371 0.0644 0.0599 0.4091 0.0191 0.0447 0.0208 
     D237312  2 0.0288 0.0663 0.0692 0.0456 0.0865 0.0650 0.3649 0.1015 0.0326 0.1005 0.0392 
     D237313  2 0.0196 0.1125 0.0713 0.0452 0.0469 0.0566 0.0825 0.1102 0.0374 0.0401 0.3776 
     D237322  2 0.0471 0.1444 0.2127 0.0578 0.2865 0.0292 0.0546 0.0491 0.0326 0.0546 0.0314 
     D237323  2 0.0941 0.1918 0.0522 0.0584 0.1571 0.0605 0.0501 0.2468 0.0384 0.0346 0.0158 
     D237324  2 0.1007 0.0202 0.3417 0.0602 0.0543 0.2257 0.0383 0.0388 0.0619 0.0340 0.0242 
     D237325  2 0.0675 0.1239 0.0715 0.0244 0.1455 0.1282 0.1834 0.1298 0.0405 0.0401 0.0452 
     D237326  2 0.0373 0.0452 0.0491 0.0320 0.0190 0.0408 0.0244 0.6659 0.0288 0.0219 0.0355 
     D237327  2 0.0668 0.0378 0.0806 0.3968 0.1851 0.0379 0.0740 0.0208 0.0499 0.0332 0.0171 
     D237337  2 0.0230 0.0949 0.0606 0.0360 0.0795 0.0334 0.1006 0.4624 0.0201 0.0310 0.0584 
     D237338  2 0.0821 0.1172 0.0861 0.0977 0.1097 0.1305 0.1212 0.1152 0.0511 0.0476 0.0416 
     D237339  2 0.2697 0.0275 0.1264 0.0746 0.1889 0.0440 0.0295 0.0922 0.0505 0.0245 0.0723 
     D237340  2 0.2776 0.1159 0.0888 0.0628 0.0538 0.0806 0.0524 0.1529 0.0257 0.0642 0.0253 
     D237389  2 0.0575 0.0188 0.0575 0.0261 0.0396 0.0343 0.0844 0.5866 0.0288 0.0513 0.0151 
     D237390  2 0.0460 0.0669 0.0702 0.1158 0.1079 0.0755 0.1660 0.2086 0.0253 0.0678 0.0502 
     D244017  2 0.5772 0.0863 0.0580 0.0331 0.0670 0.0469 0.0162 0.0321 0.0248 0.0257 0.0327 
     D244112  2 0.5720 0.0240 0.0572 0.0403 0.0381 0.0578 0.0327 0.1105 0.0287 0.0258 0.0128 
     D244118  2 0.2517 0.0218 0.0341 0.0222 0.0571 0.4886 0.0197 0.0596 0.0152 0.0137 0.0162 
     D244119  2 0.3603 0.4527 0.0233 0.0178 0.0243 0.0167 0.0187 0.0213 0.0204 0.0180 0.0265 
     D244120  2 0.1490 0.0378 0.0777 0.2100 0.0504 0.0440 0.1576 0.0991 0.0331 0.1291 0.0121 
     D244122  2 0.3638 0.0292 0.0585 0.0262 0.0886 0.0697 0.0477 0.0697 0.0486 0.1427 0.0553 
        D291  2 0.0354 0.0216 0.1189 0.4344 0.1094 0.0679 0.0174 0.0348 0.0301 0.0503 0.0799 
        D292  2 0.1072 0.0663 0.0706 0.1439 0.0557 0.0391 0.0275 0.1318 0.2109 0.0280 0.1190 
        D293  2 0.6982 0.0173 0.0435 0.0400 0.0260 0.0116 0.0150 0.0149 0.0861 0.0156 0.0317 
        D322  2 0.4405 0.0247 0.0558 0.0414 0.0280 0.0592 0.0251 0.0386 0.2458 0.0224 0.0185 
        D323  2 0.1779 0.0387 0.0995 0.0464 0.0502 0.0420 0.0205 0.0472 0.0277 0.0801 0.3699 
        D324  2 0.0324 0.0503 0.0928 0.4012 0.0168 0.0837 0.0634 0.0504 0.0905 0.0634 0.0552 
        D325  2 0.6818 0.0158 0.0359 0.0648 0.0224 0.0166 0.0336 0.0278 0.0624 0.0147 0.0240 
        D326  2 0.0193 0.0165 0.0244 0.0419 0.0128 0.0115 0.0153 0.0146 0.0507 0.0164 0.7765 
        D340  2 0.7395 0.0290 0.0257 0.0355 0.0144 0.0208 0.0328 0.0297 0.0329 0.0219 0.0177 
        D341  2 0.2742 0.0478 0.0384 0.0408 0.1092 0.0279 0.3159 0.0328 0.0278 0.0285 0.0568 
        D342  2 0.0333 0.0189 0.1062 0.0346 0.0269 0.2682 0.1882 0.2042 0.0434 0.0372 0.0388 
        D343  2 0.8683 0.0116 0.0150 0.0125 0.0131 0.0115 0.0156 0.0101 0.0196 0.0085 0.0142 
        D344  2 0.0409 0.0161 0.0836 0.0337 0.0285 0.0172 0.0493 0.3653 0.0341 0.1004 0.2309 
        D345  2 0.0214 0.0362 0.0943 0.0422 0.0367 0.0783 0.0185 0.5002 0.0908 0.0369 0.0446 
        D346  2 0.1013 0.2262 0.0429 0.0466 0.0172 0.0271 0.0704 0.0297 0.0520 0.3313 0.0553 
        D351  2 0.0534 0.0345 0.1373 0.2560 0.0808 0.0485 0.0263 0.0419 0.1720 0.0397 0.1096 
        D352  2 0.1327 0.0817 0.1619 0.1695 0.0397 0.0258 0.0210 0.1934 0.0272 0.1188 0.0284 
        D353  2 0.0476 0.0176 0.5339 0.0449 0.0298 0.0192 0.0187 0.0233 0.0296 0.1155 0.1202 
        D354  2 0.0281 0.0440 0.0801 0.0169 0.0192 0.0302 0.0319 0.4018 0.0451 0.1502 0.1525 
        D362  2 0.0316 0.0221 0.0395 0.0293 0.0260 0.0432 0.0171 0.0480 0.2110 0.0271 0.5052 
        D363  2 0.0454 0.0252 0.0471 0.0329 0.0200 0.0453 0.0158 0.0449 0.2341 0.0332 0.4561 
        D364  2 0.0301 0.0205 0.0559 0.0233 0.0132 0.0200 0.0357 0.3602 0.0419 0.0329 0.3662 
        D365  2 0.8680 0.0168 0.0137 0.0111 0.0124 0.0098 0.0146 0.0093 0.0173 0.0105 0.0165 
        D369  2 0.2368 0.0579 0.0511 0.1294 0.0192 0.0210 0.0292 0.0301 0.3410 0.0304 0.0541 
        D374  2 0.0304 0.2168 0.0481 0.0193 0.0280 0.0173 0.0258 0.3732 0.0211 0.1702 0.0498 
        D375  2 0.0444 0.0186 0.1545 0.0415 0.0301 0.0392 0.0486 0.3871 0.0202 0.0936 0.1221 
        D376  2 0.0445 0.2360 0.0539 0.0217 0.0245 0.0181 0.0974 0.3348 0.0431 0.0968 0.0291 
        D377  2 0.0432 0.0577 0.0804 0.0963 0.0357 0.0521 0.1090 0.1050 0.0207 0.2987 0.1012 
        D378  2 0.2197 0.0244 0.1197 0.0601 0.0433 0.1223 0.0323 0.0233 0.2073 0.0310 0.1167 
        D379  2 0.0183 0.0207 0.0240 0.0174 0.0182 0.0165 0.0395 0.0228 0.0189 0.0158 0.7879 
        D384  2 0.0121 0.0279 0.0180 0.0176 0.0130 0.0113 0.0162 0.0170 0.0285 0.0146 0.8238 
        D385  2 0.7750 0.0261 0.0269 0.0153 0.0137 0.0168 0.0222 0.0282 0.0162 0.0409 0.0186 
        D386  2 0.0567 0.0221 0.1128 0.0299 0.0490 0.1336 0.0329 0.0407 0.1622 0.0748 0.2852 
        D391  2 0.7456 0.0234 0.0231 0.0217 0.0410 0.0192 0.0202 0.0200 0.0356 0.0259 0.0243 
        D392  2 0.6034 0.0220 0.0384 0.0522 0.0231 0.0431 0.0185 0.0707 0.0495 0.0346 0.0447 
        D393  2 0.0475 0.0246 0.0445 0.1731 0.0288 0.0441 0.0543 0.0303 0.4298 0.0263 0.0965 
        D394  2 0.0912 0.0340 0.1190 0.1132 0.0458 0.1280 0.0660 0.2143 0.1264 0.0271 0.0351 
        D395  2 0.7513 0.0256 0.0434 0.0237 0.0199 0.0184 0.0307 0.0303 0.0193 0.0202 0.0171 
        D401  2 0.0573 0.0311 0.0404 0.0306 0.0173 0.0178 0.0216 0.6807 0.0295 0.0546 0.0189 
        D402  2 0.5697 0.0413 0.0479 0.0769 0.0335 0.0291 0.0405 0.0345 0.0458 0.0607 0.0200 
        D403  2 0.0197 0.0163 0.1655 0.0247 0.0559 0.0341 0.0419 0.0365 0.0374 0.0295 0.5383 
        D415  2 0.0616 0.0268 0.1852 0.0288 0.0299 0.0290 0.1005 0.0499 0.1051 0.0277 0.3554 
        D435  2 0.1555 0.0281 0.0551 0.0657 0.0192 0.0294 0.0708 0.0536 0.4441 0.0281 0.0504 
        D436  2 0.0325 0.0417 0.0880 0.0744 0.1131 0.0278 0.0466 0.1030 0.0582 0.1376 0.2771 
        D438  2 0.7533 0.0311 0.0225 0.0224 0.0167 0.0341 0.0303 0.0172 0.0175 0.0296 0.0254 
        D439  2 0.0452 0.0194 0.2030 0.1094 0.0364 0.0458 0.0318 0.3970 0.0301 0.0350 0.0468 
        D449  2 0.1558 0.0221 0.1343 0.0649 0.0135 0.0155 0.2186 0.1761 0.1057 0.0223 0.0712 
        D450  2 0.0238 0.0945 0.1163 0.0711 0.0485 0.0521 0.0498 0.0312 0.1124 0.3462 0.0541 
        D456  2 0.0135 0.0191 0.0394 0.0203 0.0142 0.0177 0.0176 0.0185 0.0366 0.0162 0.7868 
        D462  2 0.7238 0.0164 0.0296 0.0469 0.0361 0.0208 0.0146 0.0238 0.0356 0.0238 0.0286 
        D463  2 0.0141 0.0245 0.0187 0.0163 0.0148 0.0124 0.0176 0.0161 0.0205 0.0154 0.8296 
        D464  2 0.2598 0.0314 0.2974 0.0169 0.0466 0.0238 0.0368 0.0215 0.0587 0.1357 0.0713 
        D465  2 0.5989 0.0219 0.0354 0.0281 0.0198 0.0208 0.0284 0.0410 0.1210 0.0592 0.0256 
        D473  2 0.0417 0.4444 0.0390 0.0540 0.0461 0.0806 0.0440 0.0340 0.0441 0.1344 0.0378 
        D474  2 0.0271 0.0602 0.0439 0.1691 0.0175 0.0510 0.0393 0.0511 0.4525 0.0230 0.0652 
        D476  2 0.1852 0.0227 0.0785 0.1101 0.0839 0.3298 0.0304 0.0619 0.0313 0.0207 0.0454 
        D477  2 0.0508 0.0981 0.0912 0.1371 0.0362 0.0279 0.0479 0.0959 0.1963 0.1201 0.0983 
        D478  2 0.0421 0.0552 0.1068 0.1264 0.0403 0.3882 0.0215 0.0642 0.0342 0.0345 0.0867 
        D480  2 0.1333 0.0579 0.0555 0.0402 0.0766 0.0273 0.1812 0.0210 0.1191 0.0386 0.2493 
        D481  2 0.1178 0.0481 0.1088 0.1303 0.0358 0.1068 0.0228 0.1544 0.1122 0.0329 0.1300 
        D482  2 0.0559 0.1429 0.1549 0.1314 0.1189 0.0660 0.0383 0.0864 0.0349 0.1149 0.0554 
        D483  2 0.7828 0.0311 0.0222 0.0164 0.0250 0.0295 0.0170 0.0219 0.0142 0.0131 0.0268 
        D484  2 0.1228 0.0513 0.1487 0.0921 0.1109 0.0413 0.0365 0.1197 0.0501 0.2110 0.0156 
        D510  2 0.0258 0.5271 0.0604 0.0622 0.0360 0.0230 0.0397 0.0643 0.0418 0.0778 0.0420 
        D511  2 0.3409 0.0356 0.0771 0.1133 0.0512 0.0713 0.0213 0.0367 0.1223 0.0425 0.0878 
        D512  2 0.3477 0.0169 0.0438 0.0274 0.0317 0.0256 0.0515 0.3573 0.0293 0.0516 0.0171 
        D513  2 0.3080 0.0520 0.0662 0.1260 0.0334 0.0375 0.0390 0.0569 0.0346 0.1032 0.1433 
        D635  2 0.0359 0.0192 0.0458 0.0385 0.0177 0.3986 0.0206 0.0291 0.3197 0.0225 0.0524 
        D636  2 0.0156 0.0130 0.0171 0.0118 0.0109 0.8315 0.0109 0.0280 0.0147 0.0210 0.0255 
        D637  2 0.1988 0.0681 0.0811 0.0524 0.0648 0.0329 0.1753 0.0877 0.0407 0.1410 0.0569 
        D658  2 0.5058 0.0711 0.0324 0.0233 0.0596 0.0369 0.1176 0.0498 0.0316 0.0391 0.0328 
        D659  2 0.0159 0.0225 0.0531 0.0537 0.0239 0.0198 0.0477 0.0286 0.6610 0.0377 0.0360 
        D677  2 0.0278 0.0183 0.0557 0.0762 0.0704 0.0408 0.1133 0.0467 0.0396 0.0312 0.4799 
        D678  2 0.4744 0.0149 0.1097 0.0217 0.0208 0.0749 0.0321 0.0658 0.0276 0.1408 0.0173 
        D679  2 0.0461 0.0717 0.1020 0.1745 0.0331 0.0491 0.0630 0.0273 0.0744 0.0973 0.2615 
        D719  2 0.1515 0.2725 0.0666 0.0905 0.0537 0.0190 0.0202 0.0511 0.1400 0.0375 0.0974 
        D720  2 0.0270 0.0612 0.0475 0.0312 0.0309 0.0317 0.0180 0.0352 0.1123 0.0286 0.5764 
        D721  2 0.0420 0.0257 0.0312 0.0212 0.0130 0.7502 0.0247 0.0179 0.0305 0.0220 0.0217 
        D722  2 0.0630 0.1058 0.0757 0.0481 0.0338 0.0258 0.0207 0.4368 0.0272 0.1125 0.0505 
        D734  2 0.2709 0.1300 0.0666 0.0542 0.0934 0.0189 0.0444 0.0197 0.0453 0.2210 0.0357 
        D735  2 0.0576 0.0799 0.1596 0.0638 0.0445 0.0766 0.0629 0.0477 0.1895 0.0491 0.1687 
        D736  2 0.0381 0.2042 0.0713 0.2620 0.0219 0.0593 0.0688 0.0778 0.1255 0.0465 0.0248 
        D737  2 0.3775 0.0317 0.0733 0.0381 0.2051 0.0949 0.0521 0.0528 0.0305 0.0209 0.0231 
        D807  2 0.0508 0.1054 0.0458 0.1337 0.0464 0.0263 0.0603 0.0451 0.3850 0.0577 0.0435 
        D808  2 0.1883 0.0297 0.1262 0.1137 0.0622 0.0732 0.1367 0.1000 0.1051 0.0238 0.0410 
        D817  2 0.0297 0.0241 0.0710 0.0439 0.0314 0.0363 0.0169 0.0788 0.0383 0.0743 0.5553 
        D818  2 0.1673 0.0400 0.1568 0.1250 0.1193 0.0840 0.1246 0.0150 0.0952 0.0240 0.0488 
        D819  2 0.1281 0.0228 0.1056 0.1249 0.0252 0.0468 0.0229 0.1133 0.1835 0.1281 0.0988 
        D820  2 0.0554 0.0218 0.0715 0.0395 0.0830 0.0317 0.0527 0.0224 0.4315 0.0421 0.1485 
        D895  2 0.0257 0.0291 0.1324 0.0303 0.0383 0.0450 0.0344 0.1040 0.4053 0.1003 0.0550 
        D896  2 0.0327 0.0414 0.0283 0.0248 0.0445 0.0250 0.0344 0.6958 0.0222 0.0305 0.0204 
        D897  2 0.0677 0.0342 0.1380 0.0565 0.0646 0.0674 0.3706 0.0960 0.0364 0.0311 0.0374 
        D898  2 0.0235 0.0454 0.1250 0.2762 0.0593 0.0312 0.0590 0.2636 0.0228 0.0661 0.0279 
        D918  2 0.1001 0.0699 0.1032 0.0682 0.1202 0.0655 0.1495 0.0494 0.0508 0.1713 0.0520 
        D919  2 0.0971 0.0261 0.1706 0.2428 0.1124 0.0499 0.0217 0.0721 0.0765 0.0266 0.1042 
        D920  2 0.0238 0.0398 0.0678 0.0252 0.1292 0.4875 0.0451 0.0911 0.0277 0.0185 0.0443 
        D923  2 0.0630 0.0222 0.0744 0.0472 0.0244 0.0272 0.0258 0.0493 0.0788 0.0742 0.5135 
        D930  2 0.0230 0.1398 0.0702 0.0325 0.0200 0.0266 0.0938 0.0365 0.0519 0.3897 0.1158 
        D931  2 0.4273 0.0324 0.0454 0.0360 0.0357 0.0243 0.0348 0.0280 0.2380 0.0523 0.0457 
        D968  2 0.6403 0.0223 0.0322 0.1507 0.0197 0.0167 0.0125 0.0321 0.0206 0.0246 0.0284 
        D969  2 0.1291 0.0355 0.0888 0.1094 0.0390 0.0281 0.0786 0.0310 0.3279 0.0234 0.1092 
        D977  2 0.6729 0.0261 0.0353 0.0225 0.0316 0.0203 0.0719 0.0240 0.0405 0.0263 0.0286 
        D978  2 0.0532 0.0559 0.1250 0.1286 0.0901 0.0319 0.2741 0.0166 0.0281 0.0429 0.1536 
        H008  2 0.0489 0.0368 0.0766 0.0572 0.0264 0.0273 0.0202 0.1174 0.0330 0.0900 0.4662 
        H021  2 0.0901 0.0319 0.0499 0.0433 0.0464 0.0962 0.4435 0.0263 0.1050 0.0328 0.0346 
        H023  2 0.0159 0.0691 0.0334 0.0226 0.0798 0.0504 0.0271 0.0396 0.0259 0.0225 0.6138 
        H024  2 0.1014 0.0279 0.1111 0.1087 0.0205 0.0297 0.1004 0.4028 0.0281 0.0455 0.0238 
        H025  2 0.0665 0.0224 0.1148 0.0369 0.0473 0.0206 0.0354 0.1077 0.0357 0.4265 0.0860 
        H026  2 0.1638 0.0222 0.2429 0.2522 0.0222 0.0289 0.0363 0.0434 0.0718 0.0228 0.0936 
