        D174  1 0.5002 0.0916 0.0636 0.0639 0.0615 0.2192 
        D199  1 0.0943 0.1688 0.0340 0.2974 0.1472 0.2584 
        D203  1 0.0682 0.1224 0.1695 0.2084 0.0981 0.3332 
        D204  1 0.0460 0.0426 0.0396 0.1205 0.0442 0.7072 
     D237366  1 0.0794 0.0770 0.6200 0.0424 0.0991 0.0820 
     D237367  1 0.0960 0.1232 0.0753 0.2123 0.0783 0.4148 
     D237368  1 0.0662 0.1025 0.0379 0.1567 0.5217 0.1150 
     D244101  1 0.0266 0.0831 0.0364 0.5606 0.0373 0.2561 
     D244102  1 0.1465 0.2460 0.1603 0.1038 0.1987 0.1446 
     D244103  1 0.1007 0.3883 0.1024 0.0364 0.0565 0.3156 
     D244104  1 0.0824 0.0511 0.0337 0.0982 0.0544 0.6803 
     D244105  1 0.0294 0.2927 0.1759 0.0345 0.2229 0.2445 
     D244106  1 0.2771 0.0796 0.3915 0.1229 0.0414 0.0875 
     D244107  1 0.0252 0.1877 0.0382 0.0905 0.6073 0.0511 
     D244108  1 0.2401 0.0938 0.0554 0.1148 0.3412 0.1547 
     D244113  1 0.7947 0.0534 0.0257 0.0289 0.0652 0.0320 
     D244114  1 0.0917 0.2711 0.4470 0.0544 0.0488 0.0869 
     D244115  1 0.3961 0.1708 0.0465 0.0537 0.0851 0.2479 
     D267365  1 0.1821 0.0995 0.0571 0.0838 0.0652 0.5123 
        D404  1 0.6178 0.1029 0.0882 0.1039 0.0534 0.0338 
        D405  1 0.2147 0.3846 0.0570 0.0832 0.0904 0.1700 
        D406  1 0.0394 0.0402 0.0598 0.0286 0.7587 0.0733 
        D407  1 0.0505 0.2568 0.0294 0.3669 0.0686 0.2278 
        D408  1 0.6139 0.1250 0.0533 0.1365 0.0244 0.0469 
        D409  1 0.0491 0.6951 0.0390 0.0515 0.0593 0.1060 
        D410  1 0.0486 0.1002 0.0394 0.0203 0.7051 0.0863 
        D421  1 0.0416 0.0338 0.0149 0.3454 0.0157 0.5485 
        D422  1 0.0190 0.0867 0.1583 0.0254 0.6804 0.0301 
        D423  1 0.0349 0.0677 0.0219 0.2133 0.6110 0.0512 
        D424  1 0.0364 0.1775 0.0270 0.0309 0.0455 0.6826 
        D425  1 0.2158 0.1398 0.0464 0.1279 0.0393 0.4309 
        D426  1 0.0368 0.6969 0.0990 0.0908 0.0310 0.0454 
        D427  1 0.0595 0.0340 0.0200 0.7015 0.0341 0.1509 
        D428  1 0.2341 0.2469 0.0429 0.1002 0.1660 0.2099 
        D429  1 0.1937 0.1327 0.2210 0.0669 0.0334 0.3523 
        D430  1 0.1743 0.2489 0.2258 0.2262 0.0407 0.0841 
        D491  1 0.7248 0.0777 0.0301 0.0467 0.0488 0.0718 
        D492  1 0.3719 0.1365 0.0347 0.1245 0.0482 0.2841 
        D537  1 0.0615 0.1023 0.0290 0.0502 0.0740 0.6831 
        D538  1 0.1322 0.3015 0.0624 0.1403 0.2909 0.0727 
        D539  1 0.2676 0.1151 0.3452 0.0526 0.1425 0.0771 
        D540  1 0.0977 0.4968 0.0412 0.0521 0.0620 0.2501 
        D541  1 0.0232 0.0450 0.0190 0.0986 0.0304 0.7838 
        D551  1 0.0384 0.3271 0.4246 0.0728 0.0662 0.0709 
        D552  1 0.1110 0.1121 0.0580 0.0684 0.4522 0.1984 
        D553  1 0.0328 0.0491 0.0160 0.0218 0.0214 0.8590 
        D615  1 0.1422 0.1887 0.0686 0.0521 0.1652 0.3832 
        D616  1 0.0787 0.1916 0.0440 0.3498 0.1732 0.1628 
        D621  1 0.2351 0.0520 0.0434 0.0270 0.6219 0.0206 
        D622  1 0.0692 0.1000 0.1464 0.0614 0.5394 0.0835 
        D623  1 0.2004 0.0922 0.0333 0.5482 0.0803 0.0456 
        D624  1 0.5892 0.1301 0.0447 0.0453 0.0345 0.1562 
        D625  1 0.1943 0.0587 0.0481 0.0432 0.0712 0.5844 
        D626  1 0.4736 0.0640 0.0796 0.0484 0.1002 0.2342 
        D627  1 0.0575 0.5180 0.1370 0.1551 0.0326 0.0999 
        D690  1 0.2328 0.0351 0.0302 0.0285 0.0723 0.6012 
        D691  1 0.0376 0.0456 0.4914 0.0767 0.2193 0.1296 
        D710  1 0.1495 0.1898 0.0293 0.2376 0.1706 0.2234 
        D711  1 0.1135 0.0714 0.0833 0.0534 0.0987 0.5797 
        D712  1 0.5158 0.1561 0.0599 0.0957 0.1196 0.0530 
        D713  1 0.4494 0.1835 0.0431 0.0403 0.0723 0.2114 
        D746  1 0.0476 0.0427 0.0656 0.0305 0.7383 0.0753 
        D747  1 0.0251 0.0337 0.0365 0.1233 0.0212 0.7602 
        D748  1 0.0954 0.0950 0.3703 0.0765 0.1012 0.2616 
        D749  1 0.1029 0.2182 0.0557 0.0480 0.5196 0.0555 
        D750  1 0.6514 0.0526 0.0414 0.0418 0.0466 0.1662 
        D763  1 0.1015 0.1978 0.1152 0.2629 0.1719 0.1508 
        D764  1 0.1755 0.0791 0.0200 0.0633 0.0902 0.5719 
        D765  1 0.1109 0.2651 0.1064 0.0295 0.4232 0.0648 
        D766  1 0.1368 0.1418 0.0575 0.0443 0.5197 0.0999 
        D767  1 0.0849 0.1115 0.1782 0.0723 0.2546 0.2984 
        D768  1 0.0197 0.0894 0.0329 0.0477 0.0268 0.7836 
        D811  1 0.7089 0.1449 0.0280 0.0430 0.0438 0.0313 
        D816  1 0.0449 0.0508 0.0275 0.0278 0.0253 0.8237 
        D825  1 0.5303 0.1608 0.0473 0.0370 0.1236 0.1010 
        D866  1 0.1491 0.1545 0.1528 0.3100 0.0855 0.1481 
        D867  1 0.0534 0.0981 0.0296 0.0498 0.7168 0.0523 
        D871  1 0.1537 0.5651 0.1169 0.0360 0.0381 0.0903 
        D872  1 0.0609 0.0670 0.0322 0.0503 0.4089 0.3808 
        D873  1 0.0169 0.0262 0.0187 0.0160 0.9084 0.0138 
        D874  1 0.4025 0.1181 0.0817 0.1301 0.0290 0.2386 
        D875  1 0.0464 0.7132 0.1105 0.0439 0.0485 0.0374 
        D876  1 0.1148 0.1033 0.0479 0.0435 0.1219 0.5686 
        D877  1 0.7008 0.1585 0.0399 0.0320 0.0266 0.0423 
        D892  1 0.1665 0.0703 0.2383 0.0540 0.0534 0.4175 
        D893  1 0.0546 0.1552 0.1461 0.0582 0.0787 0.5071 
        D894  1 0.1217 0.1567 0.1545 0.0771 0.0516 0.4385 
        D915  1 0.0629 0.0897 0.0821 0.0373 0.0707 0.6573 
        D916  1 0.0433 0.0335 0.0307 0.0539 0.0319 0.8067 
        D917  1 0.3470 0.1897 0.0239 0.1562 0.0718 0.2114 
        D925  1 0.0717 0.0405 0.0194 0.0294 0.6925 0.1465 
        D926  1 0.1144 0.1197 0.0685 0.0350 0.0377 0.6246 
        D927  1 0.0556 0.1015 0.0973 0.4434 0.0678 0.2345 
        D928  1 0.7318 0.0635 0.0161 0.0391 0.0357 0.1136 
        D929  1 0.3855 0.1597 0.2072 0.0404 0.0890 0.1181 
        D936  1 0.0913 0.0795 0.0841 0.1323 0.0395 0.5734 
        D938  1 0.0435 0.0318 0.0510 0.0252 0.8082 0.0402 
        D956  1 0.5546 0.1598 0.1015 0.0642 0.0636 0.0563 
        D957  1 0.0451 0.0888 0.0446 0.0604 0.5193 0.2417 
        D958  1 0.2449 0.0755 0.0415 0.0582 0.3980 0.1819 
        D959  1 0.0334 0.4096 0.0317 0.2709 0.0698 0.1847 
        D960  1 0.0302 0.0516 0.0723 0.0233 0.7588 0.0637 
        D989  1 0.1689 0.1166 0.0506 0.5093 0.0380 0.1167 
        D990  1 0.0305 0.0383 0.0473 0.0528 0.8035 0.0277 
        H102  1 0.2713 0.0822 0.0582 0.0320 0.1308 0.4255 
        H103  1 0.0338 0.6712 0.0334 0.0535 0.0770 0.1311 
        H104  1 0.1180 0.1221 0.3254 0.1211 0.0451 0.2682 
        H105  1 0.3470 0.1947 0.0356 0.0805 0.0862 0.2561 
        H106  1 0.0673 0.1011 0.3946 0.0554 0.3015 0.0800 
        H112  1 0.2267 0.2359 0.2016 0.0749 0.0782 0.1827 
        H113  1 0.0815 0.2010 0.0869 0.2685 0.0863 0.2758 
        H114  1 0.0321 0.1358 0.0644 0.2497 0.0846 0.4335 
        H115  1 0.1071 0.1081 0.2376 0.0746 0.0480 0.4247 
        H143  1 0.0585 0.1041 0.0320 0.0319 0.1158 0.6576 
        H144  1 0.0470 0.2514 0.0275 0.0548 0.0761 0.5431 
        H145  1 0.7744 0.0868 0.0294 0.0372 0.0544 0.0178 
        H149  1 0.0728 0.0919 0.4239 0.0901 0.0412 0.2801 
        H150  1 0.2509 0.2913 0.2343 0.0890 0.0975 0.0369 
     H167542  1 0.0529 0.0594 0.0404 0.0241 0.0403 0.7830 
     H169604  1 0.3244 0.1201 0.1119 0.2818 0.0338 0.1280 
     H169607  1 0.5972 0.1888 0.0472 0.0632 0.0486 0.0549 
     H169608  1 0.7526 0.0555 0.0480 0.0404 0.0512 0.0522 
     H169633  1 0.1205 0.1503 0.0615 0.2612 0.0780 0.3286 
     H169688  1 0.0489 0.1118 0.0518 0.0793 0.6402 0.0680 
     H169714  1 0.0304 0.0349 0.8220 0.0351 0.0321 0.0455 
     H171802  1 0.0616 0.1638 0.1664 0.3651 0.1530 0.0901 
     H171805  1 0.0500 0.2066 0.2307 0.0386 0.3892 0.0849 
     H171807  1 0.3807 0.2603 0.1346 0.1113 0.0725 0.0405 
     H171814  1 0.0341 0.3112 0.0346 0.4357 0.0816 0.1027 
     H171816  1 0.1374 0.2245 0.1258 0.1703 0.2684 0.0735 
     H171817  1 0.4617 0.1055 0.1373 0.0654 0.1292 0.1009 
     H171818  1 0.0370 0.1477 0.1197 0.1001 0.2515 0.3439 
     H171819  1 0.1459 0.1422 0.0968 0.3867 0.1332 0.0953 
     H171834  1 0.0308 0.1643 0.4612 0.0692 0.1077 0.1667 
     H171835  1 0.0932 0.0366 0.5540 0.1496 0.0999 0.0667 
     H171836  1 0.0535 0.1906 0.0387 0.1672 0.4792 0.0709 
     H171837  1 0.2397 0.0717 0.0855 0.1310 0.0894 0.3828 
     H171838  1 0.0416 0.1665 0.5041 0.0734 0.1914 0.0231 
     H171839  1 0.1645 0.0560 0.2079 0.3370 0.0399 0.1946 
     H171841  1 0.6158 0.0917 0.0406 0.0264 0.2002 0.0254 
     H171860  1 0.4305 0.1202 0.0583 0.2453 0.0425 0.1032 
     H171861  1 0.0532 0.2477 0.0406 0.0428 0.2470 0.3687 
     H171862  1 0.0943 0.2320 0.3203 0.0906 0.0789 0.1839 
     H171868  1 0.0405 0.0633 0.0463 0.0340 0.0281 0.7879 
     H171869  1 0.0347 0.2441 0.0651 0.0644 0.4426 0.1491 
     H171870  1 0.0489 0.1417 0.3993 0.0716 0.2754 0.0631 
     H171871  1 0.0437 0.4154 0.1993 0.0913 0.1670 0.0832 
     H171872  1 0.4758 0.0856 0.1556 0.1289 0.0399 0.1142 
     H171873  1 0.0436 0.1321 0.2863 0.0959 0.4057 0.0365 
     H171874  1 0.0958 0.2233 0.0644 0.3358 0.1981 0.0827 
     H171875  1 0.0427 0.3465 0.0300 0.2043 0.1010 0.2755 
     H171876  1 0.1094 0.1518 0.0354 0.4592 0.0470 0.1972 
     H171877  1 0.0811 0.0376 0.0338 0.0874 0.0503 0.7098 
     H171878  1 0.0339 0.2086 0.0668 0.0979 0.5459 0.0469 
     H171901  1 0.5432 0.0751 0.0508 0.0711 0.1841 0.0757 
     H171902  1 0.7679 0.0671 0.0617 0.0311 0.0449 0.0273 
     H171903  1 0.0726 0.2797 0.1021 0.3130 0.0392 0.1935 
     H171935  1 0.1576 0.0909 0.4415 0.0833 0.2065 0.0203 
     H171936  1 0.0254 0.0908 0.0546 0.2199 0.1631 0.4463 
     H171940  1 0.1990 0.1572 0.1006 0.0361 0.0571 0.4500 
     H171945  1 0.1312 0.3093 0.0709 0.0495 0.3560 0.0831 
     H171948  1 0.1098 0.3040 0.3383 0.0607 0.0777 0.1094 
     H171949  1 0.2044 0.0541 0.5745 0.0536 0.0550 0.0583 
     H171950  1 0.2252 0.0366 0.4463 0.0489 0.0767 0.1663 
     H171963  1 0.0331 0.0878 0.0624 0.0584 0.7041 0.0542 
     H171964  1 0.0688 0.3096 0.1956 0.2969 0.1020 0.0270 
     H171966  1 0.0854 0.1804 0.1701 0.0758 0.3600 0.1284 
     H171968  1 0.6774 0.0477 0.0418 0.0306 0.1121 0.0903 
     H171971  1 0.0288 0.1576 0.4850 0.1394 0.1544 0.0350 
     H171972  1 0.0683 0.1574 0.0281 0.6486 0.0657 0.0321 
     H171977  1 0.0638 0.2007 0.0991 0.1261 0.3131 0.1972 
     H171978  1 0.1409 0.2404 0.4022 0.0373 0.1313 0.0481 
     H171979  1 0.1263 0.4121 0.1082 0.2472 0.0751 0.0311 
        H176  1 0.4824 0.0900 0.0505 0.1773 0.0396 0.1602 
        H177  1 0.1639 0.0918 0.2750 0.0310 0.2456 0.1927 
        H179  1 0.0489 0.0490 0.0445 0.0624 0.0249 0.7702 
        H181  1 0.0465 0.4510 0.1010 0.0764 0.2194 0.1057 
        H182  1 0.0689 0.2915 0.0931 0.0498 0.3867 0.1100 
        H183  1 0.0286 0.2436 0.0313 0.0648 0.5428 0.0890 
        H184  1 0.3889 0.2270 0.1432 0.0572 0.0981 0.0856 
        H185  1 0.0620 0.1685 0.0710 0.1784 0.4495 0.0706 
        H186  1 0.0436 0.2365 0.0512 0.0421 0.1779 0.4487 
        H187  1 0.0245 0.0908 0.0268 0.0431 0.6190 0.1958 
        H188  1 0.1263 0.0718 0.0597 0.1086 0.0438 0.5898 
        H192  1 0.0973 0.0809 0.5426 0.0366 0.2036 0.0390 
        H193  1 0.0905 0.4708 0.0558 0.0279 0.0904 0.2647 
        H194  1 0.1413 0.1311 0.4359 0.1545 0.0509 0.0862 
        H195  1 0.0377 0.1353 0.0393 0.0930 0.6513 0.0434 
        H199  1 0.3531 0.1702 0.0502 0.0866 0.3006 0.0393 
        H200  1 0.2276 0.0744 0.0503 0.4341 0.0776 0.1361 
        H414  1 0.0878 0.2130 0.2951 0.1277 0.1166 0.1599 
        H415  1 0.1256 0.2282 0.0873 0.2324 0.0865 0.2400 
        H422  1 0.2856 0.1863 0.0500 0.0528 0.2022 0.2231 
        H423  1 0.6110 0.1404 0.0768 0.0608 0.0652 0.0459 
        H424  1 0.0327 0.3928 0.0510 0.0548 0.3071 0.1615 
        H425  1 0.0459 0.1481 0.0472 0.0617 0.6521 0.0450 
        H426  1 0.0751 0.4155 0.2221 0.0728 0.1568 0.0577 
        H443  1 0.0654 0.2409 0.0292 0.0444 0.0943 0.5259 
        H466  1 0.0571 0.3174 0.2451 0.1289 0.0486 0.2029 
        H467  1 0.0346 0.0347 0.7763 0.0688 0.0590 0.0266 
        H472  1 0.7549 0.0588 0.0377 0.0827 0.0321 0.0338 
        H483  1 0.0947 0.3013 0.0764 0.1027 0.1339 0.2910 
        H504  1 0.1022 0.1759 0.0294 0.0953 0.5153 0.0818 
        H505  1 0.0786 0.1303 0.1037 0.0722 0.1069 0.5083 
        H506  1 0.1637 0.3217 0.0478 0.1254 0.1589 0.1825 
        H507  1 0.0768 0.2483 0.0489 0.1138 0.3522 0.1600 
        H508  1 0.0609 0.3649 0.2137 0.1451 0.1040 0.1114 
        H524  1 0.0601 0.1070 0.1051 0.1907 0.3144 0.2226 
        H525  1 0.2098 0.2737 0.0512 0.1770 0.1217 0.1666 
        H526  1 0.4135 0.1268 0.0315 0.1926 0.0726 0.1629 
        H527  1 0.2711 0.1751 0.1350 0.0533 0.2036 0.1620 
        H528  1 0.1229 0.3544 0.0491 0.3450 0.0307 0.0980 
        H529  1 0.0615 0.3808 0.1160 0.0703 0.2124 0.1590 
        H533  1 0.0798 0.2698 0.1769 0.0506 0.2422 0.1807 
        H538  1 0.4940 0.1517 0.0641 0.1619 0.0503 0.0779 
        H539  1 0.0181 0.0325 0.0218 0.0202 0.8589 0.0484 
        H540  1 0.1442 0.2212 0.1276 0.0856 0.3384 0.0831 
        H541  1 0.1005 0.1220 0.1053 0.0869 0.0473 0.5379 
        H558  1 0.0297 0.1592 0.0384 0.0406 0.7009 0.0313 
        H559  1 0.1963 0.1541 0.0266 0.0506 0.0531 0.5194 
        H579  1 0.1171 0.1238 0.0338 0.0425 0.6392 0.0436 
        H584  1 0.1492 0.2602 0.3114 0.0990 0.0940 0.0863 
        H585  1 0.0465 0.3626 0.1629 0.2057 0.0667 0.1557 
        H605  1 0.1042 0.1292 0.1371 0.0641 0.1519 0.4134 
        H606  1 0.4349 0.0488 0.0414 0.0317 0.0577 0.3856 
        H632  1 0.2082 0.1486 0.0949 0.4002 0.0877 0.0604 
        H634  1 0.1076 0.1969 0.0747 0.0785 0.2691 0.2732 
        H671  1 0.6360 0.0827 0.0685 0.0940 0.0349 0.0840 
        H672  1 0.0510 0.0497 0.0331 0.6818 0.0482 0.1362 
        H673  1 0.0710 0.4636 0.0270 0.1006 0.0663 0.2716 
        H689  1 0.1063 0.3616 0.1219 0.2324 0.0845 0.0935 
        H690  1 0.0775 0.1136 0.2863 0.0367 0.0971 0.3889 
        H691  1 0.0657 0.0925 0.0868 0.3578 0.0725 0.3247 
        H692  1 0.0414 0.5699 0.0247 0.2526 0.0634 0.0479 
        H709  1 0.0620 0.1395 0.1833 0.0814 0.0438 0.4900 
        H710  1 0.0303 0.7402 0.0399 0.0658 0.0529 0.0709 
       H7355  1 0.6223 0.1056 0.0653 0.0684 0.0918 0.0466 
       H7356  1 0.0536 0.2106 0.4775 0.0520 0.1614 0.0449 
       H7357  1 0.2369 0.0652 0.1010 0.0325 0.1227 0.4417 
       H7358  1 0.3054 0.1041 0.0218 0.1284 0.1897 0.2506 
       H7380  1 0.2270 0.3947 0.0952 0.0439 0.0583 0.1810 
       H7381  1 0.2448 0.4221 0.1025 0.0735 0.0494 0.1076 
       H7382  1 0.1795 0.2756 0.0750 0.2376 0.1593 0.0732 
        H904  1 0.3405 0.0466 0.1071 0.0448 0.0621 0.3989 
        H923  1 0.1479 0.1846 0.1281 0.2728 0.1893 0.0774 
        H924  1 0.2574 0.1343 0.0523 0.0867 0.1379 0.3313 
        H925  1 0.0484 0.0556 0.0257 0.0723 0.0908 0.7072 
       H9558  1 0.0262 0.0883 0.0356 0.0343 0.7898 0.0259 
      H105.1  1 0.0289 0.6045 0.1587 0.0666 0.0505 0.0908 
      H115.1  1 0.0282 0.0572 0.0326 0.0423 0.0530 0.7868 
      H145.1  1 0.7573 0.0666 0.0262 0.0425 0.0512 0.0562 
      H149.1  1 0.0405 0.0360 0.0257 0.0435 0.0398 0.8144 
      H150.1  1 0.1003 0.1822 0.0884 0.0313 0.5556 0.0421 
   H169607.1  1 0.4363 0.1058 0.0495 0.1002 0.1583 0.1498 
   H169633.1  1 0.1080 0.0768 0.0342 0.2473 0.1719 0.3619 
   H169688.1  1 0.0829 0.2811 0.0223 0.2182 0.1140 0.2815 
   H171901.1  1 0.0928 0.1351 0.0719 0.5491 0.1103 0.0408 
   H171902.1  1 0.6575 0.0502 0.0374 0.0290 0.1062 0.1196 
   H171903.1  1 0.1787 0.3717 0.2213 0.0604 0.0624 0.1055 
      H177.1  1 0.1114 0.0994 0.0509 0.2790 0.0587 0.4006 
      H179.1  1 0.1264 0.0626 0.0510 0.0673 0.0743 0.6183 
      H180.1  1 0.0689 0.5035 0.1023 0.0376 0.1180 0.1697 
      H181.1  1 0.0747 0.2847 0.1840 0.0629 0.1408 0.2531 
 H194.1_2004  1 0.0717 0.4630 0.1305 0.0678 0.1875 0.0796 
 H195.1_2003  1 0.0926 0.2716 0.0977 0.2923 0.1550 0.0908 
 H195.1_2004  1 0.3746 0.0667 0.0497 0.2921 0.0526 0.1644 
      H415.1  1 0.0578 0.1510 0.0594 0.0999 0.1236 0.5084 
      H506.1  1 0.0500 0.1620 0.0249 0.0799 0.0582 0.6250 
      H533.1  1 0.0494 0.1075 0.0376 0.0281 0.1298 0.6477 
      H535.1  1 0.0955 0.1436 0.1974 0.0665 0.1249 0.3721 
      H539.1  1 0.0883 0.1116 0.0439 0.0285 0.6359 0.0918 
      H540.1  1 0.0497 0.0582 0.0382 0.0248 0.7985 0.0306 
     H9558.1  1 0.0613 0.0718 0.0296 0.0474 0.7625 0.0273 
    kos339.1  1 0.0931 0.0738 0.0993 0.0643 0.0597 0.6098 
        D023  2 0.0205 0.0388 0.0196 0.0620 0.7392 0.1198 
        D130  2 0.0376 0.0499 0.1208 0.0280 0.6605 0.1033 
        D131  2 0.0631 0.1808 0.1124 0.1636 0.0449 0.4351 
        D163  2 0.0450 0.0711 0.1707 0.0313 0.5988 0.0831 
        D164  2 0.0158 0.0181 0.0186 0.1335 0.7982 0.0157 
        D165  2 0.0296 0.0577 0.0386 0.1175 0.6747 0.0818 
        D166  2 0.1124 0.3247 0.2191 0.0487 0.2293 0.0659 
        D167  2 0.0331 0.1051 0.0310 0.6713 0.1357 0.0238 
        D192  2 0.0284 0.0839 0.0428 0.6614 0.1641 0.0195 
        D193  2 0.1068 0.3941 0.2639 0.0325 0.0859 0.1168 
        D206  2 0.0409 0.1617 0.0446 0.0993 0.0719 0.5817 
        D207  2 0.0333 0.2335 0.0860 0.5330 0.0529 0.0613 
        D208  2 0.3800 0.1059 0.1724 0.1218 0.0807 0.1392 
        D209  2 0.0261 0.3961 0.0355 0.1835 0.2876 0.0711 
        D210  2 0.3741 0.0666 0.2039 0.2063 0.0495 0.0996 
     D229599  2 0.0645 0.1951 0.1210 0.1034 0.1215 0.3945 
     D229600  2 0.0309 0.1168 0.0620 0.1042 0.6266 0.0595 
     D237227  2 0.2931 0.1027 0.0828 0.2236 0.2071 0.0907 
     D237228  2 0.2969 0.2505 0.0455 0.0765 0.3063 0.0243 
     D237258  2 0.1095 0.1830 0.0443 0.3496 0.1400 0.1736 
     D237310  2 0.1627 0.1388 0.2406 0.0712 0.3633 0.0234 
     D237311  2 0.0383 0.1675 0.0677 0.1840 0.5083 0.0342 
     D237312  2 0.1717 0.1712 0.4605 0.0400 0.1016 0.0550 
     D237313  2 0.1553 0.1177 0.1024 0.0337 0.1726 0.4183 
     D237322  2 0.2334 0.1786 0.4254 0.0659 0.0472 0.0494 
     D237323  2 0.1818 0.0860 0.1312 0.1118 0.4556 0.0335 
     D237324  2 0.0287 0.3336 0.1516 0.1588 0.2877 0.0396 
     D237325  2 0.1299 0.1247 0.3304 0.0981 0.2397 0.0772 
     D237326  2 0.0537 0.1464 0.0365 0.0839 0.5757 0.1038 
     D237327  2 0.0680 0.0743 0.3853 0.3952 0.0420 0.0352 
     D237337  2 0.1261 0.1096 0.1589 0.0413 0.4471 0.1170 
     D237338  2 0.1004 0.1263 0.4099 0.1305 0.1266 0.1062 
     D237339  2 0.0337 0.2282 0.1167 0.3671 0.0855 0.1688 
     D237340  2 0.1396 0.1877 0.1261 0.2978 0.2152 0.0337 
     D237389  2 0.0507 0.2299 0.1121 0.0752 0.5043 0.0277 
     D237390  2 0.1125 0.2088 0.3737 0.1068 0.1020 0.0961 
     D244017  2 0.1315 0.1932 0.0385 0.4435 0.1317 0.0616 
     D244112  2 0.0273 0.1440 0.1178 0.3173 0.3696 0.0239 
     D244118  2 0.0194 0.0503 0.0488 0.1073 0.7545 0.0197 
     D244119  2 0.3237 0.0706 0.0330 0.4748 0.0575 0.0404 
     D244120  2 0.0783 0.2522 0.3442 0.2016 0.1011 0.0226 
     D244122  2 0.0921 0.1593 0.1080 0.2419 0.3185 0.0802 
        D291  2 0.0592 0.4531 0.0962 0.1819 0.1064 0.1033 
        D292  2 0.0735 0.0675 0.0700 0.2555 0.0891 0.4444 
        D293  2 0.0168 0.0238 0.0197 0.8847 0.0150 0.0399 
        D322  2 0.0265 0.0601 0.0333 0.7020 0.0894 0.0886 
        D323  2 0.0810 0.2679 0.0399 0.3144 0.0624 0.2344 
        D324  2 0.1125 0.1812 0.0951 0.3383 0.1146 0.1582 
        D325  2 0.0132 0.0265 0.0292 0.8858 0.0155 0.0297 
        D326  2 0.0256 0.0669 0.0188 0.0558 0.0161 0.8167 
        D340  2 0.0255 0.0330 0.0209 0.8673 0.0305 0.0228 
        D341  2 0.0772 0.0424 0.3922 0.3698 0.0552 0.0632 
        D342  2 0.0299 0.1758 0.1148 0.0384 0.5792 0.0619 
        D343  2 0.0106 0.0160 0.0171 0.9258 0.0127 0.0178 
        D344  2 0.0406 0.4849 0.0590 0.0437 0.0610 0.3108 
        D345  2 0.0635 0.2094 0.0318 0.0425 0.4759 0.1768 
        D346  2 0.5468 0.0999 0.0411 0.2178 0.0306 0.0638 
        D351  2 0.0461 0.2214 0.0533 0.2283 0.0660 0.3849 
        D352  2 0.1427 0.4658 0.0433 0.2314 0.0518 0.0650 
        D353  2 0.0541 0.6071 0.0276 0.0860 0.0282 0.1970 
        D354  2 0.1340 0.3791 0.0493 0.0340 0.1412 0.2623 
        D362  2 0.0346 0.0704 0.0223 0.0512 0.0619 0.7595 
        D363  2 0.0518 0.0632 0.0164 0.0686 0.0507 0.7492 
        D364  2 0.0384 0.2956 0.0392 0.0332 0.0909 0.5028 
        D365  2 0.0153 0.0138 0.0144 0.9228 0.0147 0.0191 
        D369  2 0.0561 0.0730 0.0341 0.6254 0.0299 0.1814 
        D374  2 0.5267 0.2882 0.0339 0.0257 0.0595 0.0659 
        D375  2 0.0474 0.5642 0.0553 0.0497 0.1325 0.1510 
        D376  2 0.4389 0.2635 0.0959 0.0486 0.0819 0.0711 
        D377  2 0.3268 0.1552 0.1591 0.0843 0.1307 0.1437 
        D378  2 0.0369 0.1012 0.0643 0.4276 0.0568 0.3132 
        D379  2 0.0277 0.0653 0.0367 0.0284 0.0270 0.8149 
        D384  2 0.0381 0.0327 0.0187 0.0264 0.0189 0.8651 
        D385  2 0.0356 0.0523 0.0259 0.8411 0.0227 0.0225 
        D386  2 0.0497 0.1274 0.0503 0.0981 0.1769 0.4975 
        D391  2 0.0312 0.0267 0.0279 0.8517 0.0302 0.0323 
        D392  2 0.0298 0.0431 0.0203 0.7743 0.0808 0.0516 
        D393  2 0.0405 0.0659 0.1220 0.2962 0.0544 0.4210 
        D394  2 0.0595 0.2072 0.1039 0.1563 0.3527 0.1204 
        D395  2 0.0270 0.1263 0.0510 0.7319 0.0284 0.0354 
        D401  2 0.0482 0.2084 0.0282 0.1186 0.5587 0.0379 
        D402  2 0.0450 0.0403 0.0622 0.7784 0.0452 0.0290 
        D403  2 0.0370 0.2135 0.0731 0.0245 0.0776 0.5743 
        D415  2 0.0284 0.2503 0.0526 0.0702 0.0294 0.5692 
        D435  2 0.0439 0.0778 0.0739 0.4965 0.0596 0.2482 
        D436  2 0.1212 0.2208 0.1149 0.0729 0.0386 0.4317 
        D438  2 0.0362 0.0292 0.0256 0.8490 0.0364 0.0235 
        D439  2 0.0332 0.4764 0.0522 0.1090 0.1500 0.1792 
        D449  2 0.0313 0.4765 0.0801 0.1725 0.0536 0.1860 
        D450  2 0.5722 0.1314 0.1023 0.0355 0.0706 0.0879 
        D456  2 0.0265 0.1226 0.0215 0.0257 0.0269 0.7769 
        D462  2 0.0186 0.0283 0.0190 0.8778 0.0220 0.0343 
        D463  2 0.0279 0.0702 0.0200 0.0245 0.0193 0.8380 
        D464  2 0.0804 0.5487 0.0605 0.1495 0.0352 0.1257 
        D465  2 0.0350 0.0527 0.0231 0.8186 0.0306 0.0400 
        D473  2 0.7953 0.0298 0.0511 0.0488 0.0446 0.0304 
        D474  2 0.0862 0.0468 0.0522 0.3007 0.0587 0.4554 
        D476  2 0.0280 0.1258 0.2295 0.2067 0.3191 0.0908 
        D477  2 0.2532 0.1294 0.1027 0.1009 0.0576 0.3562 
        D478  2 0.1026 0.4038 0.0348 0.1005 0.2219 0.1363 
        D480  2 0.0680 0.0755 0.2448 0.1907 0.0261 0.3948 
        D481  2 0.0664 0.1367 0.0317 0.2601 0.3242 0.1809 
        D482  2 0.2526 0.2332 0.1623 0.1354 0.1369 0.0795 
        D483  2 0.0298 0.0541 0.0371 0.7471 0.1003 0.0317 
        D484  2 0.1830 0.3110 0.1114 0.2502 0.1077 0.0366 
        D510  2 0.6092 0.1797 0.0712 0.0498 0.0409 0.0492 
        D511  2 0.0511 0.0920 0.0502 0.5137 0.0691 0.2239 
        D512  2 0.0325 0.1766 0.0510 0.4033 0.3099 0.0266 
        D513  2 0.1153 0.0694 0.0536 0.5862 0.0505 0.1249 
        D635  2 0.0362 0.1112 0.0264 0.2326 0.2805 0.3131 
        D636  2 0.0233 0.0209 0.0137 0.0183 0.8978 0.0260 
        D637  2 0.1747 0.1021 0.3139 0.2920 0.0491 0.0682 
        D658  2 0.0983 0.0744 0.2659 0.3820 0.1255 0.0539 
        D659  2 0.0775 0.1639 0.1278 0.0716 0.0752 0.4840 
        D677  2 0.0389 0.0985 0.1621 0.0613 0.0645 0.5749 
        D678  2 0.0351 0.3161 0.0415 0.1640 0.4102 0.0331 
        D679  2 0.1370 0.1187 0.0863 0.1204 0.0451 0.4924 
        D719  2 0.1377 0.0508 0.0349 0.5132 0.0312 0.2322 
        D720  2 0.0836 0.0650 0.0279 0.0699 0.0580 0.6956 
        D721  2 0.0470 0.0542 0.0700 0.0834 0.6659 0.0794 
        D722  2 0.2861 0.3549 0.0398 0.0961 0.1356 0.0875 
        D734  2 0.3252 0.0557 0.1445 0.3957 0.0250 0.0538 
        D735  2 0.0925 0.1320 0.0973 0.0859 0.1153 0.4771 
        D736  2 0.3463 0.1281 0.1190 0.2292 0.0843 0.0931 
        D737  2 0.0346 0.1020 0.3497 0.2539 0.2008 0.0590 
        D807  2 0.2783 0.0782 0.1064 0.1924 0.0714 0.2733 
        D808  2 0.0319 0.1801 0.1231 0.4210 0.1384 0.1055 
        D817  2 0.1005 0.1989 0.0282 0.0707 0.0863 0.5155 
        D818  2 0.0463 0.1049 0.1770 0.5252 0.0380 0.1086 
        D819  2 0.0546 0.2624 0.0298 0.2835 0.0730 0.2966 
        D820  2 0.0391 0.0594 0.0824 0.1609 0.0253 0.6329 
        D895  2 0.1052 0.3399 0.0492 0.0402 0.1824 0.2830 
        D896  2 0.0620 0.0876 0.0515 0.0571 0.7102 0.0316 
        D897  2 0.0404 0.1494 0.4627 0.0993 0.1948 0.0535 
        D898  2 0.1112 0.3930 0.2395 0.0775 0.1113 0.0674 
        D918  2 0.1751 0.1130 0.3158 0.2225 0.0825 0.0911 
        D919  2 0.0314 0.2832 0.0495 0.2563 0.0614 0.3181 
        D920  2 0.0338 0.0302 0.1647 0.0231 0.7114 0.0367 
        D923  2 0.0400 0.1484 0.0290 0.0517 0.0328 0.6981 
        D930  2 0.5764 0.0967 0.0825 0.0389 0.0524 0.1530 
        D931  2 0.0737 0.0754 0.0600 0.5383 0.0405 0.2121 
        D968  2 0.0182 0.0392 0.0189 0.8717 0.0198 0.0324 
        D969  2 0.0320 0.1026 0.0945 0.3637 0.0249 0.3823 
        D977  2 0.0353 0.0719 0.0695 0.7441 0.0339 0.0452 
        D978  2 0.0523 0.2033 0.5622 0.0644 0.0248 0.0930 
        H008  2 0.1018 0.3294 0.0296 0.0760 0.0560 0.4073 
        H021  2 0.0632 0.0702 0.4490 0.2202 0.1086 0.0889 
        H023  2 0.1497 0.0549 0.0772 0.0272 0.1025 0.5885 
        H024  2 0.0490 0.4855 0.1097 0.1945 0.1223 0.0390 
        H025  2 0.1399 0.4455 0.0624 0.0687 0.0924 0.1910 
        H026  2 0.0267 0.2469 0.0405 0.4937 0.0384 0.1538 
        H027  2 0.0631 0.0675 0.2716 0.3202 0.0722 0.2054 
        H028  2 0.0748 0.4313 0.0911 0.0638 0.1950 0.1440 
        H029  2 0.0279 0.0875 0.0241 0.5828 0.0899 0.1878 
        H030  2 0.0265 0.1132 0.0789 0.6744 0.0802 0.0267 
        H038  2 0.0404 0.0444 0.0966 0.0424 0.6043 0.1720 
        H039  2 0.7660 0.0548 0.0703 0.0223 0.0426 0.0440 
        H040  2 0.0406 0.0601 0.2896 0.0482 0.3640 0.1976 
        H041  2 0.0808 0.1271 0.0452 0.4515 0.0401 0.2553 
        H042  2 0.4782 0.1671 0.0573 0.0509 0.1701 0.0764 
        H043  2 0.0487 0.0409 0.0368 0.0236 0.8078 0.0423 
        H044  2 0.1340 0.2002 0.0489 0.0969 0.4933 0.0267 
        H047  2 0.0910 0.1021 0.0744 0.0483 0.6077 0.0766 
        H050  2 0.0526 0.1411 0.1408 0.4781 0.0808 0.1066 
        H058  2 0.0430 0.2428 0.1665 0.0946 0.3418 0.1113 
        H062  2 0.4719 0.0668 0.0728 0.0258 0.1511 0.2116 
        H063  2 0.0740 0.0970 0.0753 0.3648 0.2220 0.1669 
        H065  2 0.0583 0.0992 0.0213 0.0177 0.0274 0.7760 
        H066  2 0.0201 0.0632 0.1018 0.1062 0.6540 0.0547 
        H067  2 0.2711 0.1156 0.2354 0.1305 0.0780 0.1694 
        H068  2 0.4339 0.1299 0.1587 0.1097 0.0769 0.0909 
        H069  2 0.0435 0.0871 0.0319 0.2472 0.5020 0.0883 
        H071  2 0.1280 0.1343 0.0782 0.0765 0.0478 0.5352 
        H072  2 0.5989 0.1239 0.0549 0.0922 0.0583 0.0718 
        H073  2 0.0406 0.3298 0.2238 0.0934 0.1081 0.2042 
        H081  2 0.4225 0.1190 0.0551 0.0658 0.0323 0.3053 
        H082  2 0.0286 0.1344 0.0270 0.4356 0.3120 0.0623 
        H083  2 0.0330 0.0761 0.0517 0.7203 0.0637 0.0552 
        H084  2 0.1179 0.0853 0.4685 0.1546 0.1213 0.0524 
        H085  2 0.1187 0.0877 0.0430 0.4273 0.0257 0.2976 
        H087  2 0.2595 0.1601 0.1016 0.1084 0.0437 0.3268 
        H088  2 0.1454 0.1479 0.0644 0.1071 0.0862 0.4492 
        H089  2 0.2105 0.1294 0.0564 0.2325 0.1675 0.2037 
        H090  2 0.0273 0.0273 0.0302 0.8732 0.0188 0.0232 
        H091  2 0.0416 0.0563 0.0309 0.7898 0.0248 0.0567 
        H098  2 0.0942 0.3363 0.1662 0.1521 0.0949 0.1563 
      H10001  2 0.8135 0.0336 0.0721 0.0285 0.0299 0.0224 
      H10002  2 0.1254 0.0847 0.1075 0.0349 0.1388 0.5086 
        H101  2 0.0413 0.0759 0.0916 0.6954 0.0603 0.0355 
        H108  2 0.6290 0.0824 0.0514 0.0241 0.0230 0.1901 
        H109  2 0.0670 0.2386 0.1049 0.2101 0.2753 0.1042 
        H110  2 0.0932 0.2376 0.0314 0.0802 0.0672 0.4904 
        H116  2 0.0622 0.3666 0.0906 0.1656 0.1291 0.1859 
        H117  2 0.0313 0.0626 0.1475 0.5915 0.0253 0.1418 
        H118  2 0.0340 0.1163 0.0328 0.6052 0.0245 0.1872 
        H119  2 0.1476 0.1172 0.0952 0.2705 0.0663 0.3032 
        H120  2 0.7615 0.0523 0.0278 0.0275 0.0378 0.0931 
        H121  2 0.0309 0.0330 0.0183 0.8701 0.0189 0.0288 
        H125  2 0.4887 0.0698 0.3023 0.0545 0.0339 0.0508 
        H126  2 0.1093 0.3514 0.0276 0.0549 0.3884 0.0683 
        H128  2 0.0118 0.0172 0.0135 0.9277 0.0147 0.0151 
        H129  2 0.0274 0.4966 0.1836 0.1227 0.0517 0.1180 
        H130  2 0.7725 0.0891 0.0464 0.0186 0.0453 0.0281 
        H133  2 0.5257 0.1381 0.1252 0.1103 0.0553 0.0454 
        H134  2 0.0271 0.5730 0.0190 0.0300 0.0432 0.3077 
        H135  2 0.1179 0.1108 0.0375 0.1305 0.0830 0.5201 
        H137  2 0.0334 0.1019 0.4735 0.2561 0.0434 0.0917 
        H138  2 0.0497 0.6457 0.0812 0.0593 0.0654 0.0987 
        H140  2 0.1078 0.0759 0.1494 0.5945 0.0400 0.0324 
        H146  2 0.0255 0.0369 0.0265 0.8424 0.0196 0.0491 
        H147  2 0.0409 0.3296 0.0657 0.3948 0.0452 0.1238 
        H148  2 0.0758 0.0666 0.3033 0.3427 0.0651 0.1467 
     H166022  2 0.1306 0.3255 0.1105 0.1623 0.1633 0.1078 
     H167359  2 0.1150 0.4143 0.0832 0.1044 0.1558 0.1273 
     H167397  2 0.0279 0.4845 0.0252 0.3026 0.1155 0.0443 
     H167428  2 0.0250 0.1582 0.0167 0.3833 0.0345 0.3824 
     H167496  2 0.1759 0.0822 0.2324 0.1258 0.0416 0.3421 
     H167513  2 0.0353 0.0458 0.1130 0.0357 0.7463 0.0241 
     H167545  2 0.0288 0.0313 0.0375 0.0298 0.8212 0.0514 
     H167547  2 0.0357 0.2340 0.1186 0.5472 0.0457 0.0187 
     H169621  2 0.0281 0.0805 0.2666 0.5317 0.0676 0.0255 
     H169622  2 0.1602 0.2423 0.0354 0.0675 0.2976 0.1970 
     H169750  2 0.1269 0.1059 0.0786 0.6076 0.0472 0.0338 
     H171806  2 0.1007 0.0399 0.0554 0.6715 0.0267 0.1058 
     H171808  2 0.3044 0.0717 0.0248 0.0557 0.2161 0.3274 
     H171809  2 0.4575 0.1493 0.0618 0.0423 0.0721 0.2171 
     H171813  2 0.0587 0.0341 0.6975 0.0584 0.1235 0.0279 
     H171815  2 0.0540 0.0790 0.0895 0.0369 0.6171 0.1235 
     H171824  2 0.2706 0.0508 0.1479 0.2380 0.0304 0.2624 
     H171825  2 0.5609 0.1463 0.0395 0.0400 0.1224 0.0909 
     H171826  2 0.0845 0.1257 0.0746 0.1736 0.0620 0.4796 
     H171827  2 0.0368 0.1452 0.1797 0.0969 0.3233 0.2181 
     H171828  2 0.7142 0.0317 0.1051 0.0397 0.0276 0.0817 
     H171829  2 0.1598 0.1342 0.5237 0.0514 0.0985 0.0324 
     H171830  2 0.0876 0.3175 0.0428 0.1121 0.0955 0.3444 
     H171831  2 0.0941 0.4767 0.0960 0.1206 0.1580 0.0546 
     H171832  2 0.1668 0.2415 0.0379 0.0579 0.4283 0.0677 
     H171863  2 0.0249 0.1525 0.0205 0.2636 0.4863 0.0523 
     H171864  2 0.1439 0.1059 0.0949 0.2300 0.1563 0.2689 
     H171865  2 0.0582 0.0768 0.0274 0.0795 0.1588 0.5993 
     H171879  2 0.0353 0.0863 0.1217 0.6533 0.0585 0.0448 
     H171880  2 0.0368 0.1069 0.1182 0.6161 0.0843 0.0377 
     H171881  2 0.0866 0.1797 0.3124 0.1354 0.1239 0.1620 
     H171882  2 0.6763 0.0582 0.0691 0.0308 0.0620 0.1035 
     H171929  2 0.1794 0.1750 0.0480 0.3318 0.0978 0.1680 
     H171930  2 0.0229 0.0382 0.0406 0.0531 0.8196 0.0256 
     H171933  2 0.0801 0.1111 0.5503 0.1676 0.0453 0.0456 
     H171934  2 0.2930 0.1344 0.2549 0.0467 0.1045 0.1665 
     H171937  2 0.0576 0.5486 0.0547 0.0272 0.2201 0.0917 
     H171962  2 0.0512 0.1370 0.0567 0.1084 0.3848 0.2620 
        H190  2 0.0392 0.3658 0.2758 0.1306 0.0828 0.1057 
        H191  2 0.1042 0.2624 0.1152 0.0974 0.2549 0.1658 
        H396  2 0.1020 0.0681 0.0354 0.1041 0.0388 0.6516 
        H397  2 0.2642 0.2717 0.1848 0.1239 0.0640 0.0914 
        H398  2 0.1113 0.0765 0.0649 0.0388 0.0698 0.6387 
        H400  2 0.2007 0.0610 0.0332 0.0334 0.2042 0.4675 
        H401  2 0.0279 0.2053 0.2406 0.4368 0.0646 0.0249 
        H402  2 0.0225 0.1125 0.1640 0.1341 0.4028 0.1641 
        H427  2 0.0868 0.1490 0.0571 0.0983 0.0490 0.5597 
        H428  2 0.0230 0.1549 0.0165 0.3806 0.0387 0.3863 
        H497  2 0.0539 0.0516 0.0462 0.0476 0.7504 0.0503 
        H512  2 0.0438 0.2580 0.2080 0.2236 0.1029 0.1637 
        H513  2 0.0367 0.0440 0.1068 0.0362 0.7545 0.0217 
        H514  2 0.0374 0.5058 0.0287 0.1235 0.2242 0.0803 
        H519  2 0.0445 0.0762 0.1696 0.0502 0.6253 0.0341 
        H532  2 0.0457 0.0466 0.0296 0.2152 0.0696 0.5932 
        H543  2 0.0565 0.1465 0.0595 0.4825 0.1692 0.0858 
        H544  2 0.4057 0.2267 0.0208 0.1471 0.1652 0.0345 
        H545  2 0.0250 0.0268 0.0341 0.0253 0.8570 0.0319 
        H546  2 0.1084 0.1957 0.1077 0.0304 0.2025 0.3553 
        H547  2 0.0366 0.2306 0.1259 0.5485 0.0380 0.0205 
        H548  2 0.3554 0.1220 0.0519 0.0863 0.1834 0.2011 
        H549  2 0.0170 0.0123 0.0218 0.0184 0.9099 0.0205 
        H620  2 0.4083 0.0724 0.1095 0.0423 0.0884 0.2790 
        H623  2 0.0408 0.2874 0.1132 0.0370 0.4718 0.0497 
        H624  2 0.0538 0.0690 0.0206 0.0229 0.7825 0.0513 
        H625  2 0.2638 0.0753 0.0417 0.0660 0.1942 0.3590 
        H626  2 0.1258 0.1687 0.0699 0.0909 0.4518 0.0930 
        H654  2 0.0724 0.0362 0.1326 0.0171 0.6549 0.0867 
        H655  2 0.3186 0.1842 0.1598 0.0827 0.1751 0.0796 
        H656  2 0.7594 0.0587 0.0291 0.0180 0.0487 0.0862 
        H666  2 0.2948 0.0845 0.1766 0.3096 0.0639 0.0706 
        H667  2 0.0682 0.0840 0.0595 0.0813 0.5909 0.1161 
        H677  2 0.1015 0.1748 0.0570 0.1080 0.0916 0.4671 
        H693  2 0.4509 0.0718 0.1143 0.0417 0.0542 0.2671 
        H694  2 0.1093 0.2573 0.0640 0.1210 0.4129 0.0354 
        H701  2 0.0532 0.3172 0.1234 0.2500 0.1538 0.1024 
        H702  2 0.3178 0.1522 0.1346 0.1251 0.1458 0.1246 
        H731  2 0.3383 0.1518 0.0682 0.3477 0.0462 0.0478 
       H7359  2 0.0905 0.4808 0.0909 0.0921 0.1017 0.1439 
       H7389  2 0.0395 0.0722 0.0550 0.4844 0.1052 0.2437 
       H7390  2 0.0890 0.0462 0.7415 0.0440 0.0358 0.0435 
       H7391  2 0.0790 0.0676 0.1454 0.2369 0.0437 0.4273 
       H7392  2 0.0800 0.0906 0.1344 0.5216 0.0752 0.0982 
       H7393  2 0.0801 0.0745 0.6428 0.0593 0.1140 0.0293 
       H7398  2 0.0893 0.1590 0.0705 0.3042 0.0334 0.3435 
       H7399  2 0.0375 0.1377 0.1588 0.2805 0.2216 0.1638 
       H7400  2 0.4752 0.0780 0.0953 0.0217 0.1807 0.1491 
        H745  2 0.0397 0.6236 0.0517 0.1528 0.0731 0.0591 
        H746  2 0.0324 0.1171 0.0466 0.0700 0.5410 0.1929 
        H747  2 0.2852 0.0973 0.3679 0.0721 0.0831 0.0944 
        H748  2 0.1012 0.1044 0.0631 0.1798 0.4607 0.0908 
       H7484  2 0.5176 0.1371 0.1883 0.0276 0.0463 0.0831 
       H7485  2 0.0263 0.0487 0.0245 0.0527 0.7996 0.0483 
        H749  2 0.0564 0.0437 0.0178 0.0429 0.7927 0.0464 
        H930  2 0.0275 0.0672 0.0552 0.1050 0.6994 0.0456 
        H931  2 0.1811 0.1593 0.0279 0.1920 0.0588 0.3809 
        H932  2 0.0804 0.1319 0.0640 0.2920 0.0574 0.3743 
      H008.1  2 0.0675 0.0846 0.0271 0.0492 0.0270 0.7445 
 H029.1_2002  2 0.0405 0.3967 0.0385 0.0863 0.1864 0.2516 
 H029.1_2003  2 0.0338 0.2571 0.0327 0.1160 0.0437 0.5167 
      H030.1  2 0.0539 0.1688 0.4874 0.1535 0.0470 0.0893 
      H038.1  2 0.1589 0.0795 0.0256 0.0474 0.1420 0.5464 
      H041.1  2 0.0165 0.0272 0.0173 0.8799 0.0171 0.0420 
 H042.1_2002  2 0.0433 0.0342 0.0480 0.7877 0.0347 0.0522 
 H042.1_2003  2 0.1136 0.3171 0.0777 0.0922 0.2328 0.1665 
   H042_2002  2 0.4565 0.1746 0.0641 0.0603 0.1658 0.0786 
   H042_2003  2 0.4983 0.1485 0.0623 0.0452 0.1637 0.0821 
      H043.1  2 0.0303 0.0290 0.0219 0.0195 0.8517 0.0477 
      H047.1  2 0.0567 0.1831 0.0528 0.0194 0.5196 0.1685 
 H071.1_2002  2 0.0478 0.3330 0.0521 0.0334 0.1441 0.3896 
 H071.1_2003  2 0.1629 0.4150 0.0543 0.0576 0.0691 0.2410 
 H081.1_2002  2 0.0559 0.4289 0.0379 0.0312 0.0444 0.4017 
 H081.1_2003  2 0.0825 0.1259 0.1009 0.0777 0.2490 0.3641 
      H083.1  2 0.0175 0.3954 0.0446 0.1578 0.1481 0.2367 
      H084.1  2 0.0317 0.1460 0.2704 0.0504 0.4496 0.0520 
 H085.1_2002  2 0.1388 0.1514 0.0272 0.2131 0.1101 0.3594 
 H085.1_2003  2 0.0335 0.0519 0.0270 0.6967 0.0306 0.1604 
      H088.1  2 0.0259 0.0402 0.0319 0.8041 0.0312 0.0667 
      H091.1  2 0.0147 0.0148 0.0199 0.9211 0.0155 0.0142 
      H109.1  2 0.0399 0.1076 0.1182 0.0773 0.5797 0.0772 
      H126.1  2 0.3168 0.2421 0.1160 0.0553 0.2006 0.0691 
      H130.1  2 0.7327 0.0551 0.0411 0.0617 0.0761 0.0333 
      H133.1  2 0.2121 0.1171 0.0672 0.2675 0.2580 0.0781 
      H147.1  2 0.0899 0.3745 0.1142 0.2586 0.0882 0.0746 
      H148.1  2 0.3786 0.0933 0.0827 0.1120 0.2121 0.1214 
   H166022.1  2 0.0224 0.0734 0.0266 0.8164 0.0375 0.0236 
   H167397.1  2 0.0348 0.1153 0.0433 0.1598 0.5901 0.0566 
   H167496.1  2 0.1151 0.0523 0.2198 0.3832 0.0736 0.1560 
   H167513.1  2 0.0527 0.1172 0.0459 0.0739 0.6673 0.0431 
   H167547.1  2 0.1789 0.1367 0.2951 0.2045 0.1402 0.0446 
   H169750.1  2 0.2227 0.0672 0.2206 0.3919 0.0519 0.0456 
   H171929.1  2 0.0505 0.1708 0.0349 0.2217 0.4708 0.0514 
   H171930.1  2 0.0312 0.0347 0.0882 0.0656 0.7321 0.0483 
   H171933.1  2 0.0903 0.0513 0.0317 0.6998 0.0567 0.0702 
      H190.1  2 0.0873 0.1031 0.5844 0.0529 0.0723 0.1001 
      H400.1  2 0.0325 0.0667 0.0328 0.6366 0.0969 0.1345 
 H428.1_2005  2 0.0303 0.1184 0.0395 0.3350 0.0659 0.4109 
 H428.1_2006  2 0.0277 0.0502 0.0213 0.7778 0.0456 0.0775 
      H453.1  2 0.0398 0.0916 0.0535 0.6944 0.0558 0.0650 
      H512.1  2 0.0444 0.5903 0.0865 0.1318 0.0992 0.0479 
      H513.1  2 0.0380 0.1288 0.0766 0.5483 0.1854 0.0229 
      H532.1  2 0.0678 0.1335 0.0523 0.0895 0.1915 0.4654 
      H543.1  2 0.0259 0.1289 0.0293 0.2939 0.3737 0.1484 
 H545.1_2005  2 0.0164 0.0187 0.0154 0.0126 0.9187 0.0182 
 H545.1_2006  2 0.0293 0.1262 0.0366 0.2025 0.3453 0.2602 
      H547.1  2 0.0301 0.1039 0.0616 0.7572 0.0254 0.0217 
      H548.1  2 0.0478 0.0334 0.0209 0.0437 0.8009 0.0533 
     H7389.1  2 0.1104 0.0283 0.0274 0.7578 0.0350 0.0411 
      H747.1  2 0.2391 0.2398 0.2118 0.1203 0.1286 0.0604 
     H7484.1  2 0.2680 0.1877 0.1108 0.1060 0.0866 0.2409 
     H7485.1  2 0.0447 0.1378 0.0360 0.3647 0.2054 0.2113 
     H7496.1  2 0.0700 0.0777 0.5216 0.1794 0.0350 0.1162 
        D211  3 0.0953 0.2131 0.2154 0.0357 0.1816 0.2589 
     D229639  3 0.1506 0.0849 0.1793 0.3535 0.0621 0.1696 
     D237212  3 0.1980 0.1465 0.1973 0.2118 0.0852 0.1612 
     D237213  3 0.0826 0.3089 0.1946 0.0838 0.1641 0.1660 
     D237214  3 0.0774 0.3869 0.0387 0.0523 0.3903 0.0545 
     D237215  3 0.2190 0.1839 0.1079 0.3181 0.1297 0.0415 
     D237216  3 0.0476 0.6341 0.1299 0.0379 0.0794 0.0712 
     D237217  3 0.0265 0.4082 0.1032 0.0498 0.2253 0.1871 
     D237218  3 0.0406 0.0425 0.6833 0.0641 0.0347 0.1347 
     D237219  3 0.2183 0.1543 0.1851 0.0444 0.2569 0.1410 
     D237382  3 0.1709 0.1036 0.4367 0.0809 0.0763 0.1316 
     D244127  3 0.0343 0.1749 0.2162 0.0969 0.4403 0.0375 
     D244129  3 0.1469 0.1796 0.0777 0.2600 0.1880 0.1478 
     D244133  3 0.4236 0.1981 0.0399 0.1199 0.0957 0.1229 
     D244134  3 0.3324 0.0914 0.1261 0.1222 0.1831 0.1448 
     D244135  3 0.0592 0.1133 0.0523 0.0761 0.5546 0.1446 
     D244136  3 0.3382 0.1549 0.0328 0.1745 0.0579 0.2417 
        D416  3 0.0556 0.1996 0.3205 0.1466 0.1728 0.1048 
        D417  3 0.0333 0.0699 0.1784 0.0248 0.0383 0.6553 
        D419  3 0.1144 0.1715 0.1535 0.1154 0.1353 0.3098 
        D565  3 0.7238 0.0446 0.0205 0.0427 0.0353 0.1332 
        D566  3 0.1841 0.0831 0.0741 0.5350 0.0447 0.0792 
        D567  3 0.0515 0.0820 0.0319 0.0414 0.0967 0.6966 
        D568  3 0.0273 0.1589 0.1067 0.0762 0.1541 0.4768 
        D569  3 0.0788 0.2905 0.1067 0.2018 0.2644 0.0578 
        D573  3 0.0248 0.0598 0.0532 0.7092 0.0227 0.1303 
        D574  3 0.3451 0.2650 0.0643 0.1259 0.1250 0.0746 
        D575  3 0.4879 0.0517 0.0272 0.0411 0.3311 0.0610 
        D576  3 0.1350 0.2764 0.0523 0.4325 0.0889 0.0149 
        D577  3 0.1590 0.1466 0.0662 0.0267 0.0700 0.5314 
        D578  3 0.0273 0.3133 0.0651 0.0813 0.4936 0.0193 
        D579  3 0.2864 0.0569 0.2165 0.1129 0.0775 0.2499 
        D660  3 0.0748 0.2249 0.1190 0.2783 0.2572 0.0458 
        D661  3 0.0209 0.0464 0.8280 0.0493 0.0274 0.0279 
        D663  3 0.0500 0.2272 0.1093 0.5042 0.0400 0.0694 
        D664  3 0.2559 0.1508 0.0893 0.0482 0.4146 0.0413 
        D665  3 0.0395 0.3643 0.0684 0.0660 0.4390 0.0227 
        D666  3 0.3868 0.1439 0.1507 0.0495 0.1316 0.1376 
        H111  3 0.0597 0.4119 0.0845 0.0509 0.2905 0.1025 
        H951  3 0.0759 0.3203 0.0447 0.2021 0.2605 0.0964 
