        D174  1 0.6706 0.1882 0.1412 
        D199  1 0.2765 0.5826 0.1409 
        D203  1 0.2683 0.4371 0.2947 
        D204  1 0.2904 0.5910 0.1186 
     D237366  1 0.3262 0.1897 0.4841 
     D237367  1 0.3990 0.4274 0.1736 
     D237368  1 0.1903 0.3632 0.4465 
     D244101  1 0.0952 0.8198 0.0850 
     D244102  1 0.3110 0.2368 0.4522 
     D244103  1 0.4147 0.3414 0.2439 
     D244104  1 0.3817 0.4820 0.1363 
     D244105  1 0.1146 0.1922 0.6932 
     D244106  1 0.5110 0.2228 0.2662 
     D244107  1 0.0873 0.4219 0.4907 
     D244108  1 0.4772 0.2190 0.3038 
     D244113  1 0.7889 0.0814 0.1297 
     D244114  1 0.3005 0.2591 0.4404 
     D244115  1 0.5906 0.2047 0.2047 
     D267365  1 0.5288 0.3360 0.1352 
        D404  1 0.6038 0.1731 0.2232 
        D405  1 0.4967 0.2423 0.2610 
        D406  1 0.1420 0.1121 0.7459 
        D407  1 0.1660 0.7070 0.1269 
        D408  1 0.6232 0.2784 0.0984 
        D409  1 0.1729 0.5500 0.2771 
        D410  1 0.2163 0.1167 0.6670 
        D421  1 0.1722 0.7764 0.0515 
        D422  1 0.0625 0.0961 0.8414 
        D423  1 0.1168 0.3571 0.5261 
        D424  1 0.2250 0.6412 0.1339 
        D425  1 0.5244 0.3521 0.1235 
        D426  1 0.1171 0.6212 0.2617 
        D427  1 0.1502 0.7790 0.0708 
        D428  1 0.5003 0.2908 0.2089 
        D429  1 0.5381 0.2368 0.2250 
        D430  1 0.3447 0.4261 0.2292 
        D491  1 0.6912 0.1818 0.1270 
        D492  1 0.5618 0.2930 0.1452 
        D537  1 0.4477 0.3761 0.1763 
        D538  1 0.2860 0.2595 0.4545 
        D539  1 0.4642 0.1376 0.3981 
        D540  1 0.3797 0.3440 0.2763 
        D541  1 0.1632 0.7521 0.0847 
        D551  1 0.1372 0.2877 0.5750 
        D552  1 0.2862 0.2454 0.4684 
        D553  1 0.2442 0.6716 0.0842 
        D615  1 0.3784 0.2268 0.3948 
        D616  1 0.1528 0.6532 0.1941 
        D621  1 0.3420 0.0926 0.5654 
        D622  1 0.2255 0.1797 0.5948 
        D623  1 0.4152 0.4445 0.1403 
        D624  1 0.7502 0.1361 0.1137 
        D625  1 0.6178 0.2300 0.1521 
        D626  1 0.7158 0.1368 0.1474 
        D627  1 0.1198 0.7230 0.1572 
        D690  1 0.6849 0.1986 0.1165 
        D691  1 0.1737 0.2774 0.5489 
        D710  1 0.3009 0.5620 0.1371 
        D711  1 0.4501 0.3156 0.2344 
        D712  1 0.6396 0.1687 0.1917 
        D713  1 0.7068 0.1379 0.1553 
        D746  1 0.1621 0.1525 0.6854 
        D747  1 0.2200 0.6956 0.0844 
        D748  1 0.3351 0.3258 0.3391 
        D749  1 0.1927 0.1480 0.6593 
        D750  1 0.7020 0.1704 0.1277 
        D763  1 0.2355 0.5025 0.2620 
        D764  1 0.4552 0.4040 0.1408 
        D765  1 0.2197 0.0879 0.6924 
        D766  1 0.3399 0.2184 0.4417 
        D767  1 0.3840 0.2348 0.3812 
        D768  1 0.1308 0.7573 0.1119 
        D811  1 0.7088 0.1399 0.1513 
        D816  1 0.4970 0.3715 0.1314 
        D825  1 0.5861 0.1529 0.2610 
        D866  1 0.3261 0.4137 0.2602 
        D867  1 0.1471 0.1622 0.6907 
        D871  1 0.4060 0.3974 0.1966 
        D872  1 0.3585 0.2220 0.4196 
        D873  1 0.0532 0.0537 0.8930 
        D874  1 0.6520 0.2492 0.0988 
        D875  1 0.1506 0.3758 0.4736 
        D876  1 0.5060 0.2401 0.2539 
        D877  1 0.7930 0.1050 0.1020 
        D892  1 0.5232 0.2225 0.2542 
        D893  1 0.3098 0.4001 0.2901 
        D894  1 0.3034 0.4299 0.2667 
        D915  1 0.3888 0.3356 0.2756 
        D916  1 0.2638 0.6076 0.1286 
        D917  1 0.5410 0.3707 0.0883 
        D925  1 0.3431 0.1247 0.5322 
        D926  1 0.5608 0.2492 0.1900 
        D927  1 0.2085 0.6211 0.1704 
        D928  1 0.8048 0.1179 0.0773 
        D929  1 0.6452 0.1277 0.2272 
        D936  1 0.3765 0.4521 0.1714 
        D938  1 0.1536 0.1086 0.7379 
        D956  1 0.5275 0.1695 0.3030 
        D957  1 0.2178 0.2929 0.4893 
        D958  1 0.5052 0.2059 0.2889 
        D959  1 0.1103 0.7436 0.1460 
        D960  1 0.0959 0.0941 0.8101 
        D989  1 0.3542 0.5369 0.1089 
        D990  1 0.1054 0.1202 0.7743 
        H102  1 0.6620 0.1681 0.1699 
        H103  1 0.1812 0.4327 0.3861 
        H104  1 0.4290 0.4047 0.1663 
        H105  1 0.5822 0.2775 0.1403 
        H106  1 0.1965 0.1296 0.6739 
        H112  1 0.4689 0.2492 0.2819 
        H113  1 0.2220 0.6022 0.1758 
        H114  1 0.1208 0.7102 0.1689 
        H115  1 0.3946 0.3604 0.2450 
        H143  1 0.3674 0.4134 0.2191 
        H144  1 0.1607 0.6670 0.1722 
        H145  1 0.5973 0.1720 0.2307 
        H149  1 0.3106 0.3365 0.3529 
        H150  1 0.3987 0.2054 0.3958 
     H167542  1 0.5247 0.2609 0.2144 
     H169604  1 0.5526 0.3256 0.1217 
     H169607  1 0.6707 0.1774 0.1519 
     H169608  1 0.7046 0.1260 0.1694 
     H169633  1 0.2818 0.5456 0.1725 
     H169688  1 0.1624 0.2386 0.5989 
     H169714  1 0.2013 0.2312 0.5675 
     H171802  1 0.1859 0.5067 0.3075 
     H171805  1 0.1938 0.1480 0.6582 
     H171807  1 0.4927 0.1767 0.3306 
     H171814  1 0.1019 0.7409 0.1572 
     H171816  1 0.2845 0.2617 0.4538 
     H171817  1 0.6488 0.1588 0.1924 
     H171818  1 0.1638 0.3202 0.5159 
     H171819  1 0.2632 0.5027 0.2341 
     H171834  1 0.1203 0.3042 0.5755 
     H171835  1 0.2956 0.3122 0.3922 
     H171836  1 0.1594 0.4897 0.3509 
     H171837  1 0.5233 0.3475 0.1293 
     H171838  1 0.0953 0.1375 0.7671 
     H171839  1 0.3714 0.4884 0.1401 
     H171841  1 0.5553 0.0885 0.3562 
     H171860  1 0.5806 0.3216 0.0978 
     H171861  1 0.2285 0.3805 0.3910 
     H171862  1 0.2318 0.3716 0.3967 
     H171868  1 0.3790 0.4474 0.1736 
     H171869  1 0.1135 0.3056 0.5810 
     H171870  1 0.1866 0.1473 0.6662 
     H171871  1 0.1617 0.3207 0.5176 
     H171872  1 0.5933 0.2681 0.1386 
     H171873  1 0.1223 0.2771 0.6006 
     H171874  1 0.2166 0.5280 0.2554 
     H171875  1 0.1323 0.7169 0.1508 
     H171876  1 0.2529 0.6446 0.1025 
     H171877  1 0.5168 0.3652 0.1180 
     H171878  1 0.1191 0.2736 0.6073 
     H171901  1 0.6815 0.1303 0.1882 
     H171902  1 0.7289 0.0983 0.1727 
     H171903  1 0.1935 0.6142 0.1923 
     H171935  1 0.2160 0.1257 0.6583 
     H171936  1 0.1536 0.6516 0.1947 
     H171940  1 0.6269 0.1446 0.2285 
     H171945  1 0.2975 0.1664 0.5361 
     H171948  1 0.3015 0.2460 0.4525 
     H171949  1 0.5285 0.1376 0.3338 
     H171950  1 0.5915 0.1476 0.2609 
     H171963  1 0.1068 0.1766 0.7167 
     H171964  1 0.1390 0.3047 0.5562 
     H171966  1 0.2055 0.2068 0.5878 
     H171968  1 0.7152 0.1155 0.1693 
     H171971  1 0.1199 0.2141 0.6660 
     H171972  1 0.1882 0.6256 0.1863 
     H171977  1 0.1974 0.3364 0.4662 
     H171978  1 0.3124 0.1215 0.5661 
     H171979  1 0.2183 0.3415 0.4402 
        H176  1 0.5614 0.3388 0.0998 
        H177  1 0.4828 0.1167 0.4006 
        H179  1 0.4873 0.4025 0.1102 
        H181  1 0.1367 0.2028 0.6605 
        H182  1 0.1997 0.2133 0.5870 
        H183  1 0.1263 0.2759 0.5979 
        H184  1 0.5295 0.1657 0.3048 
        H185  1 0.1818 0.3506 0.4677 
        H186  1 0.1942 0.5134 0.2924 
        H187  1 0.1875 0.2964 0.5161 
        H188  1 0.4866 0.3705 0.1429 
        H192  1 0.2043 0.1261 0.6696 
        H193  1 0.3758 0.1757 0.4486 
        H194  1 0.2834 0.4099 0.3067 
        H195  1 0.1192 0.2073 0.6736 
        H199  1 0.4293 0.1721 0.3986 
        H200  1 0.4000 0.4654 0.1346 
        H414  1 0.3422 0.3268 0.3310 
        H415  1 0.2637 0.5569 0.1794 
        H422  1 0.5203 0.2029 0.2768 
        H423  1 0.6463 0.1377 0.2160 
        H424  1 0.1454 0.3170 0.5376 
        H425  1 0.1578 0.2013 0.6409 
        H426  1 0.1472 0.2093 0.6435 
        H443  1 0.2775 0.4883 0.2343 
        H466  1 0.1895 0.4393 0.3712 
        H467  1 0.1717 0.2443 0.5840 
        H472  1 0.7560 0.1433 0.1007 
        H483  1 0.2592 0.3435 0.3973 
        H504  1 0.2661 0.2721 0.4618 
        H505  1 0.4322 0.2822 0.2856 
        H506  1 0.4235 0.2591 0.3174 
        H507  1 0.2537 0.3771 0.3692 
        H508  1 0.2060 0.2494 0.5446 
        H524  1 0.2616 0.3996 0.3388 
        H525  1 0.3990 0.3216 0.2794 
        H526  1 0.4268 0.4753 0.0980 
        H527  1 0.5563 0.1523 0.2915 
        H528  1 0.2588 0.6423 0.0989 
        H529  1 0.2607 0.3387 0.4006 
        H533  1 0.2573 0.1848 0.5579 
        H538  1 0.6341 0.2318 0.1341 
        H539  1 0.1026 0.1115 0.7859 
        H540  1 0.2880 0.2079 0.5041 
        H541  1 0.4889 0.3449 0.1662 
        H558  1 0.1121 0.1342 0.7537 
        H559  1 0.5670 0.3013 0.1317 
        H579  1 0.2711 0.1808 0.5481 
        H584  1 0.3031 0.2636 0.4333 
        H585  1 0.1602 0.5855 0.2543 
        H605  1 0.4425 0.2230 0.3345 
        H606  1 0.7672 0.1288 0.1040 
        H632  1 0.2988 0.4093 0.2919 
        H634  1 0.3925 0.3227 0.2848 
        H671  1 0.7501 0.1459 0.1040 
        H672  1 0.1623 0.7411 0.0965 
        H673  1 0.3067 0.4705 0.2228 
        H689  1 0.2178 0.5185 0.2638 
        H690  1 0.3953 0.2303 0.3745 
        H691  1 0.2308 0.6069 0.1624 
        H692  1 0.1266 0.6399 0.2335 
        H709  1 0.3047 0.4673 0.2280 
        H710  1 0.1314 0.5610 0.3076 
       H7355  1 0.5483 0.2337 0.2180 
       H7356  1 0.1702 0.1603 0.6695 
       H7357  1 0.6457 0.1449 0.2094 
       H7358  1 0.5774 0.2901 0.1325 
       H7380  1 0.4627 0.3306 0.2066 
       H7381  1 0.5162 0.2287 0.2551 
       H7382  1 0.2877 0.3718 0.3404 
        H904  1 0.6518 0.2051 0.1431 
        H923  1 0.2771 0.4467 0.2762 
        H924  1 0.5105 0.2509 0.2386 
        H925  1 0.3484 0.4924 0.1592 
       H9558  1 0.0880 0.1107 0.8013 
      H105.1  1 0.1392 0.2596 0.6013 
      H115.1  1 0.2148 0.5965 0.1886 
      H145.1  1 0.7131 0.1722 0.1147 
      H149.1  1 0.2634 0.5949 0.1417 
      H150.1  1 0.2429 0.1230 0.6341 
   H169607.1  1 0.6433 0.2035 0.1532 
   H169633.1  1 0.2744 0.5548 0.1707 
   H169688.1  1 0.1947 0.6659 0.1394 
   H171901.1  1 0.2092 0.5125 0.2782 
   H171902.1  1 0.7536 0.1043 0.1421 
   H171903.1  1 0.4958 0.1769 0.3273 
      H177.1  1 0.3789 0.4891 0.1321 
      H179.1  1 0.5377 0.3033 0.1589 
      H180.1  1 0.2953 0.2341 0.4706 
      H181.1  1 0.2311 0.2284 0.5404 
 H194.1_2004  1 0.2046 0.3426 0.4528 
 H195.1_2003  1 0.2439 0.4115 0.3446 
 H195.1_2004  1 0.5673 0.3222 0.1105 
      H415.1  1 0.2183 0.5426 0.2390 
      H506.1  1 0.3411 0.4822 0.1767 
      H533.1  1 0.4389 0.2335 0.3277 
      H535.1  1 0.4458 0.2426 0.3116 
      H539.1  1 0.2581 0.1393 0.6027 
      H540.1  1 0.1434 0.0868 0.7699 
     H9558.1  1 0.1696 0.1950 0.6354 
    kos339.1  1 0.5001 0.3491 0.1508 
        D023  2 0.1119 0.4295 0.4586 
        D130  2 0.1301 0.1038 0.7661 
        D131  2 0.1696 0.6870 0.1434 
        D163  2 0.1490 0.1268 0.7241 
        D164  2 0.0772 0.2162 0.7066 
        D165  2 0.0807 0.4533 0.4660 
        D166  2 0.2175 0.1417 0.6409 
        D167  2 0.1040 0.5637 0.3323 
        D192  2 0.0916 0.4788 0.4297 
        D193  2 0.3428 0.1410 0.5161 
        D206  2 0.2246 0.5339 0.2415 
        D207  2 0.1459 0.5927 0.2614 
        D208  2 0.6105 0.1987 0.1907 
        D209  2 0.1104 0.4164 0.4732 
        D210  2 0.5695 0.2659 0.1646 
     D229599  2 0.2488 0.4569 0.2943 
     D229600  2 0.1252 0.2314 0.6434 
     D237227  2 0.4388 0.2887 0.2725 
     D237228  2 0.3471 0.1839 0.4690 
     D237258  2 0.2771 0.4799 0.2430 
     D237310  2 0.1591 0.0900 0.7508 
     D237311  2 0.1295 0.2640 0.6065 
     D237312  2 0.3255 0.1220 0.5525 
     D237313  2 0.5025 0.1602 0.3373 
     D237322  2 0.4827 0.1802 0.3371 
     D237323  2 0.2612 0.1617 0.5770 
     D237324  2 0.0987 0.3048 0.5964 
     D237325  2 0.3509 0.1582 0.4909 
     D237326  2 0.2077 0.3259 0.4664 
     D237327  2 0.2035 0.4230 0.3735 
     D237337  2 0.3481 0.1146 0.5373 
     D237338  2 0.2655 0.2497 0.4848 
     D237339  2 0.1463 0.6409 0.2129 
     D237340  2 0.2920 0.3045 0.4035 
     D237389  2 0.1042 0.1342 0.7615 
     D237390  2 0.3260 0.2816 0.3925 
     D244017  2 0.2920 0.4538 0.2542 
     D244112  2 0.0923 0.2451 0.6625 
     D244118  2 0.0771 0.1593 0.7636 
     D244119  2 0.4969 0.3698 0.1333 
     D244120  2 0.1547 0.2517 0.5936 
     D244122  2 0.2448 0.3066 0.4486 
        D291  2 0.1892 0.5472 0.2635 
        D292  2 0.2972 0.4914 0.2114 
        D293  2 0.0570 0.9003 0.0427 
        D322  2 0.0939 0.7551 0.1510 
        D323  2 0.3055 0.5412 0.1532 
        D324  2 0.2019 0.6318 0.1663 
        D325  2 0.0512 0.8870 0.0618 
        D326  2 0.1642 0.7736 0.0621 
        D340  2 0.0855 0.8100 0.1045 
        D341  2 0.2488 0.4356 0.3155 
        D342  2 0.1116 0.1036 0.7848 
        D343  2 0.0447 0.9010 0.0542 
        D344  2 0.2406 0.3278 0.4316 
        D345  2 0.2443 0.2368 0.5189 
        D346  2 0.5356 0.3403 0.1241 
        D351  2 0.1683 0.7074 0.1243 
        D352  2 0.3013 0.4858 0.2130 
        D353  2 0.1708 0.7145 0.1146 
        D354  2 0.4117 0.1848 0.4035 
        D362  2 0.3576 0.4704 0.1720 
        D363  2 0.3346 0.5417 0.1237 
        D364  2 0.2793 0.3107 0.4100 
        D365  2 0.0551 0.8976 0.0473 
        D369  2 0.1489 0.7676 0.0835 
        D374  2 0.6716 0.0937 0.2347 
        D375  2 0.1925 0.3089 0.4986 
        D376  2 0.4762 0.1107 0.4131 
        D377  2 0.4722 0.1940 0.3337 
        D378  2 0.1271 0.7461 0.1268 
        D379  2 0.4376 0.3645 0.1980 
        D384  2 0.4645 0.4374 0.0982 
        D385  2 0.1191 0.7667 0.1142 
        D386  2 0.2548 0.4988 0.2465 
        D391  2 0.0986 0.8203 0.0811 
        D392  2 0.1030 0.7381 0.1589 
        D393  2 0.1820 0.6684 0.1495 
        D394  2 0.1502 0.3686 0.4812 
        D395  2 0.1001 0.7490 0.1509 
        D401  2 0.1451 0.2545 0.6004 
        D402  2 0.1342 0.6705 0.1954 
        D403  2 0.3316 0.1956 0.4728 
        D415  2 0.1131 0.7184 0.1685 
        D435  2 0.1284 0.6966 0.1750 
        D436  2 0.4854 0.3336 0.1810 
        D438  2 0.1045 0.7902 0.1053 
        D439  2 0.1098 0.4864 0.4038 
        D449  2 0.0963 0.5690 0.3348 
        D450  2 0.6680 0.1407 0.1913 
        D456  2 0.2231 0.6632 0.1136 
        D462  2 0.0622 0.8577 0.0801 
        D463  2 0.3751 0.5283 0.0966 
        D464  2 0.2539 0.6057 0.1404 
        D465  2 0.1023 0.8021 0.0957 
        D473  2 0.7009 0.1427 0.1564 
        D474  2 0.2454 0.6065 0.1480 
        D476  2 0.0891 0.3671 0.5437 
        D477  2 0.4338 0.3817 0.1845 
        D478  2 0.2745 0.4085 0.3170 
        D480  2 0.3724 0.4896 0.1380 
        D481  2 0.2044 0.5264 0.2691 
        D482  2 0.4000 0.2399 0.3602 
        D483  2 0.1157 0.6650 0.2193 
        D484  2 0.2897 0.3701 0.3402 
        D510  2 0.7227 0.1312 0.1461 
        D511  2 0.1719 0.6780 0.1501 
        D512  2 0.0868 0.4289 0.4842 
        D513  2 0.2545 0.6302 0.1153 
        D635  2 0.1277 0.7412 0.1311 
        D636  2 0.1408 0.1139 0.7452 
        D637  2 0.3918 0.4022 0.2060 
        D658  2 0.2511 0.3488 0.4001 
        D659  2 0.3137 0.4771 0.2093 
        D677  2 0.2999 0.3689 0.3312 
        D678  2 0.1252 0.2673 0.6075 
        D679  2 0.3337 0.5285 0.1378 
        D719  2 0.3548 0.5634 0.0819 
        D720  2 0.4655 0.4171 0.1174 
        D721  2 0.1535 0.3844 0.4621 
        D722  2 0.5186 0.1975 0.2840 
        D734  2 0.4271 0.4547 0.1181 
        D735  2 0.3544 0.3951 0.2505 
        D736  2 0.3921 0.3842 0.2237 
        D737  2 0.1446 0.2972 0.5582 
        D807  2 0.4900 0.3703 0.1398 
        D808  2 0.1115 0.4893 0.3992 
        D817  2 0.4101 0.4246 0.1653 
        D818  2 0.1196 0.7598 0.1206 
        D819  2 0.1755 0.6898 0.1347 
        D820  2 0.2140 0.6889 0.0970 
        D895  2 0.3592 0.3420 0.2987 
        D896  2 0.1585 0.1338 0.7076 
        D897  2 0.1460 0.1773 0.6767 
        D898  2 0.2095 0.2132 0.5774 
        D918  2 0.3963 0.3433 0.2604 
        D919  2 0.1227 0.6934 0.1839 
        D920  2 0.1033 0.0751 0.8216 
        D923  2 0.2433 0.6016 0.1551 
        D930  2 0.7136 0.1393 0.1471 
        D931  2 0.2028 0.6625 0.1347 
        D968  2 0.0761 0.8373 0.0866 
        D969  2 0.1452 0.7173 0.1375 
        D977  2 0.1173 0.7391 0.1436 
        D978  2 0.3377 0.3232 0.3391 
        H008  2 0.3904 0.4515 0.1581 
        H021  2 0.1870 0.3717 0.4413 
        H023  2 0.6988 0.1172 0.1840 
        H024  2 0.1176 0.4407 0.4417 
        H025  2 0.3797 0.3188 0.3016 
        H026  2 0.0726 0.8470 0.0804 
        H027  2 0.2383 0.5887 0.1730 
        H028  2 0.2313 0.2166 0.5521 
        H029  2 0.1175 0.7854 0.0971 
        H030  2 0.0936 0.6039 0.3025 
        H038  2 0.2016 0.1727 0.6257 
        H039  2 0.7983 0.0830 0.1188 
        H040  2 0.2220 0.1628 0.6152 
        H041  2 0.1980 0.6859 0.1161 
        H042  2 0.6185 0.1602 0.2213 
        H043  2 0.1840 0.1040 0.7120 
        H044  2 0.2261 0.2326 0.5412 
        H047  2 0.2515 0.1418 0.6067 
        H050  2 0.1610 0.6079 0.2311 
        H058  2 0.1390 0.2029 0.6581 
        H062  2 0.7000 0.0899 0.2102 
        H063  2 0.2409 0.4768 0.2823 
        H065  2 0.4571 0.4151 0.1279 
        H066  2 0.0815 0.2040 0.7145 
        H067  2 0.5141 0.2086 0.2773 
        H068  2 0.5687 0.1579 0.2734 
        H069  2 0.2884 0.4198 0.2918 
        H071  2 0.4967 0.3570 0.1463 
        H072  2 0.7118 0.1519 0.1363 
        H073  2 0.2167 0.4363 0.3470 
        H081  2 0.6748 0.2142 0.1110 
        H082  2 0.1156 0.5766 0.3079 
        H083  2 0.1097 0.6866 0.2036 
        H084  2 0.2601 0.2943 0.4456 
        H085  2 0.2791 0.6404 0.0806 
        H087  2 0.4772 0.3496 0.1731 
        H088  2 0.4169 0.4029 0.1802 
        H089  2 0.4378 0.3862 0.1760 
        H090  2 0.0712 0.8584 0.0703 
        H091  2 0.1347 0.7797 0.0856 
        H098  2 0.2379 0.3592 0.4029 
      H10001  2 0.7811 0.0776 0.1413 
      H10002  2 0.5409 0.1904 0.2687 
        H101  2 0.1329 0.6151 0.2521 
        H108  2 0.8283 0.0847 0.0870 
        H109  2 0.1837 0.3795 0.4368 
        H110  2 0.3127 0.5261 0.1612 
        H116  2 0.1864 0.4180 0.3956 
        H117  2 0.1231 0.7643 0.1125 
        H118  2 0.1182 0.8120 0.0698 
        H119  2 0.3200 0.5671 0.1128 
        H120  2 0.8162 0.1007 0.0831 
        H121  2 0.1048 0.8313 0.0639 
        H125  2 0.7158 0.1138 0.1704 
        H126  2 0.3305 0.1875 0.4821 
        H128  2 0.0423 0.9029 0.0548 
        H129  2 0.1055 0.3235 0.5710 
        H130  2 0.7245 0.0579 0.2176 
        H133  2 0.5864 0.1515 0.2621 
        H134  2 0.1296 0.6492 0.2213 
        H135  2 0.3614 0.4870 0.1516 
        H137  2 0.1353 0.4679 0.3968 
        H138  2 0.2084 0.4197 0.3718 
        H140  2 0.2244 0.6323 0.1433 
        H146  2 0.0832 0.8569 0.0599 
        H147  2 0.1554 0.6833 0.1613 
        H148  2 0.2025 0.5397 0.2578 
     H166022  2 0.3088 0.3492 0.3420 
     H167359  2 0.3270 0.3457 0.3273 
     H167397  2 0.1008 0.5987 0.3005 
     H167428  2 0.0967 0.8221 0.0812 
     H167496  2 0.5415 0.2967 0.1617 
     H167513  2 0.0965 0.0794 0.8241 
     H167545  2 0.1458 0.1250 0.7292 
     H167547  2 0.1044 0.5655 0.3300 
     H169621  2 0.1066 0.4834 0.4100 
     H169622  2 0.4461 0.2448 0.3092 
     H169750  2 0.2974 0.4590 0.2436 
     H171806  2 0.2763 0.6325 0.0912 
     H171808  2 0.6098 0.2485 0.1417 
     H171809  2 0.6213 0.2132 0.1655 
     H171813  2 0.1474 0.1901 0.6625 
     H171815  2 0.1890 0.1228 0.6882 
     H171824  2 0.5465 0.3426 0.1109 
     H171825  2 0.6547 0.1354 0.2099 
     H171826  2 0.2785 0.5250 0.1965 
     H171827  2 0.1503 0.4020 0.4476 
     H171828  2 0.7768 0.1203 0.1029 
     H171829  2 0.4098 0.1248 0.4654 
     H171830  2 0.3791 0.3908 0.2301 
     H171831  2 0.2084 0.3373 0.4543 
     H171832  2 0.2900 0.2033 0.5067 
     H171863  2 0.1167 0.5679 0.3154 
     H171864  2 0.3827 0.4116 0.2058 
     H171865  2 0.3249 0.3711 0.3040 
     H171879  2 0.0999 0.7802 0.1199 
     H171880  2 0.1117 0.6299 0.2584 
     H171881  2 0.2021 0.3088 0.4891 
     H171882  2 0.7700 0.0941 0.1358 
     H171929  2 0.3428 0.4993 0.1580 
     H171930  2 0.1038 0.1560 0.7402 
     H171933  2 0.2694 0.3118 0.4189 
     H171934  2 0.5979 0.1620 0.2401 
     H171937  2 0.2445 0.1707 0.5848 
     H171962  2 0.2170 0.3684 0.4146 
        H190  2 0.1285 0.3586 0.5129 
        H191  2 0.2430 0.2463 0.5107 
        H396  2 0.4957 0.3894 0.1149 
        H397  2 0.5664 0.2198 0.2139 
        H398  2 0.5134 0.2847 0.2019 
        H400  2 0.6167 0.1983 0.1849 
        H401  2 0.0926 0.4889 0.4185 
        H402  2 0.1080 0.3560 0.5360 
        H427  2 0.2962 0.5018 0.2020 
        H428  2 0.0963 0.8326 0.0711 
        H497  2 0.1630 0.1437 0.6932 
        H512  2 0.1500 0.5131 0.3368 
        H513  2 0.1096 0.0807 0.8097 
        H514  2 0.1324 0.5129 0.3548 
        H519  2 0.1293 0.1010 0.7697 
        H532  2 0.1949 0.6881 0.1170 
        H543  2 0.1298 0.6228 0.2474 
        H544  2 0.6472 0.2146 0.1382 
        H545  2 0.1199 0.0990 0.7811 
        H546  2 0.3064 0.1299 0.5637 
        H547  2 0.1040 0.5460 0.3500 
        H548  2 0.6233 0.2361 0.1407 
        H549  2 0.0864 0.0642 0.8494 
        H620  2 0.7258 0.1174 0.1568 
        H623  2 0.1061 0.1111 0.7828 
        H624  2 0.3061 0.1018 0.5921 
        H625  2 0.5968 0.2253 0.1779 
        H626  2 0.3145 0.2441 0.4414 
        H654  2 0.2755 0.0709 0.6536 
        H655  2 0.4829 0.1717 0.3454 
        H656  2 0.8340 0.0778 0.0881 
        H666  2 0.4893 0.3574 0.1534 
        H667  2 0.2104 0.3447 0.4449 
        H677  2 0.3880 0.4421 0.1699 
        H693  2 0.7307 0.1345 0.1348 
        H694  2 0.2436 0.2369 0.5195 
        H701  2 0.1655 0.4826 0.3518 
        H702  2 0.4793 0.2310 0.2896 
        H731  2 0.4943 0.3647 0.1410 
       H7359  2 0.3469 0.3432 0.3099 
       H7389  2 0.1448 0.7060 0.1492 
       H7390  2 0.3360 0.1895 0.4745 
       H7391  2 0.3313 0.5448 0.1239 
       H7392  2 0.2476 0.4699 0.2825 
       H7393  2 0.2179 0.1417 0.6404 
       H7398  2 0.2499 0.6268 0.1233 
       H7399  2 0.1385 0.5953 0.2662 
       H7400  2 0.6797 0.0671 0.2531 
        H745  2 0.1225 0.5308 0.3467 
        H746  2 0.1392 0.4238 0.4371 
        H747  2 0.5852 0.1371 0.2777 
        H748  2 0.2582 0.4163 0.3254 
       H7484  2 0.7604 0.0817 0.1580 
       H7485  2 0.1021 0.1838 0.7141 
        H749  2 0.2980 0.2184 0.4836 
        H930  2 0.1125 0.2445 0.6430 
        H931  2 0.4026 0.5079 0.0895 
        H932  2 0.2528 0.6420 0.1052 
      H008.1  2 0.4712 0.4328 0.0960 
 H029.1_2002  2 0.1534 0.4832 0.3634 
 H029.1_2003  2 0.1470 0.7446 0.1084 
      H030.1  2 0.2267 0.3830 0.3903 
      H038.1  2 0.5903 0.2509 0.1588 
      H041.1  2 0.0570 0.8827 0.0603 
 H042.1_2002  2 0.1243 0.7697 0.1060 
 H042.1_2003  2 0.3476 0.3467 0.3057 
   H042_2002  2 0.5952 0.1557 0.2491 
   H042_2003  2 0.6028 0.1538 0.2434 
      H043.1  2 0.1277 0.1014 0.7710 
      H047.1  2 0.2442 0.1160 0.6398 
 H071.1_2002  2 0.3181 0.2808 0.4010 
 H071.1_2003  2 0.4482 0.3134 0.2384 
 H081.1_2002  2 0.3787 0.3682 0.2531 
 H081.1_2003  2 0.2688 0.3404 0.3908 
      H083.1  2 0.0934 0.4608 0.4458 
      H084.1  2 0.0889 0.1134 0.7978 
 H085.1_2002  2 0.3453 0.5016 0.1531 
 H085.1_2003  2 0.1161 0.8213 0.0626 
      H088.1  2 0.0860 0.8331 0.0808 
      H091.1  2 0.0491 0.8903 0.0606 
      H109.1  2 0.1341 0.1974 0.6685 
      H126.1  2 0.4836 0.1596 0.3568 
      H130.1  2 0.7477 0.1204 0.1319 
      H133.1  2 0.3763 0.3655 0.2582 
      H147.1  2 0.1726 0.5329 0.2945 
      H148.1  2 0.4656 0.2761 0.2583 
   H166022.1  2 0.0749 0.8044 0.1207 
   H167397.1  2 0.1006 0.3310 0.5684 
   H167496.1  2 0.3052 0.5051 0.1898 
   H167513.1  2 0.1814 0.1676 0.6510 
   H167547.1  2 0.2853 0.2890 0.4257 
   H169750.1  2 0.4111 0.3593 0.2296 
   H171929.1  2 0.1156 0.4741 0.4104 
   H171930.1  2 0.1275 0.1876 0.6849 
   H171933.1  2 0.2780 0.5779 0.1441 
      H190.1  2 0.3405 0.1880 0.4715 
      H400.1  2 0.1128 0.7645 0.1227 
 H428.1_2005  2 0.1563 0.6994 0.1444 
 H428.1_2006  2 0.1125 0.7738 0.1137 
      H453.1  2 0.1458 0.6848 0.1694 
      H512.1  2 0.1450 0.4097 0.4454 
      H513.1  2 0.1064 0.4144 0.4792 
      H532.1  2 0.3253 0.3505 0.3243 
      H543.1  2 0.0997 0.7106 0.1897 
 H545.1_2005  2 0.0906 0.0749 0.8345 
 H545.1_2006  2 0.1235 0.6632 0.2132 
      H547.1  2 0.1059 0.7428 0.1513 
      H548.1  2 0.2639 0.2511 0.4850 
     H7389.1  2 0.2312 0.6679 0.1009 
      H747.1  2 0.4365 0.2035 0.3600 
     H7484.1  2 0.5893 0.2303 0.1805 
     H7485.1  2 0.1241 0.7178 0.1581 
     H7496.1  2 0.3372 0.3756 0.2872 
        D211  3 0.3638 0.1885 0.4477 
     D229639  3 0.3829 0.4290 0.1881 
     D237212  3 0.3285 0.4467 0.2248 
     D237213  3 0.2794 0.2791 0.4415 
     D237214  3 0.1739 0.2993 0.5268 
     D237215  3 0.3660 0.2489 0.3851 
     D237216  3 0.1865 0.2632 0.5503 
     D237217  3 0.1478 0.2442 0.6080 
     D237218  3 0.3253 0.2918 0.3829 
     D237219  3 0.4485 0.1276 0.4239 
     D237382  3 0.4819 0.1637 0.3545 
     D244127  3 0.1031 0.1679 0.7291 
     D244129  3 0.2686 0.4640 0.2674 
     D244133  3 0.5323 0.2696 0.1982 
     D244134  3 0.5299 0.2327 0.2374 
     D244135  3 0.2045 0.3013 0.4942 
     D244136  3 0.4857 0.4007 0.1136 
        D416  3 0.1427 0.3735 0.4838 
        D417  3 0.3693 0.2912 0.3395 
        D419  3 0.3446 0.3583 0.2971 
        D565  3 0.7946 0.1343 0.0711 
        D566  3 0.3387 0.5346 0.1267 
        D567  3 0.3613 0.4102 0.2285 
        D568  3 0.1320 0.4366 0.4314 
        D569  3 0.2056 0.4004 0.3940 
        D573  3 0.0889 0.8366 0.0745 
        D574  3 0.4159 0.2867 0.2973 
        D575  3 0.6707 0.1516 0.1777 
        D576  3 0.2141 0.3272 0.4587 
        D577  3 0.6141 0.1717 0.2142 
        D578  3 0.0832 0.2001 0.7167 
        D579  3 0.5314 0.2796 0.1890 
        D660  3 0.1744 0.3542 0.4714 
        D661  3 0.1191 0.2174 0.6636 
        D663  3 0.1581 0.7094 0.1325 
        D664  3 0.3761 0.1375 0.4865 
        D665  3 0.1378 0.1839 0.6783 
        D666  3 0.5654 0.1731 0.2615 
        H111  3 0.1660 0.1569 0.6771 
        H951  3 0.1907 0.4937 0.3155 
        H952  3 0.2918 0.4940 0.2142 
        H953  3 0.2552 0.6280 0.1168 
        H954  3 0.4299 0.2051 0.3649 
        H955  3 0.1744 0.4661 0.3595 
        H956  3 0.1868 0.6984 0.1148 
       H9563  3 0.3733 0.3923 0.2345 
        D009  4 0.1767 0.1158 0.7075 
        D057  4 0.1805 0.2876 0.5319 
        D109  4 0.5525 0.1452 0.3023 
     D237222  4 0.2564 0.1096 0.6340 
     D237223  4 0.2890 0.1906 0.5204 
     D237224  4 0.1685 0.6425 0.1890 
     D237225  4 0.2476 0.1249 0.6276 
     D237299  4 0.1948 0.1477 0.6574 
     D237300  4 0.2068 0.4613 0.3318 
     D237306  4 0.5183 0.2091 0.2727 
     D237307  4 0.6469 0.2299 0.1233 
     D237308  4 0.4292 0.2780 0.2928 
     D237309  4 0.1774 0.1890 0.6336 
     D237317  4 0.6286 0.1646 0.2068 
     D237318  4 0.0726 0.8418 0.0856 
     D237319  4 0.2545 0.2811 0.4644 
     D237320  4 0.1703 0.4494 0.3803 
     D237321  4 0.2026 0.4911 0.3063 
     D237397  4 0.3808 0.2670 0.3522 
     D237398  4 0.1111 0.7195 0.1694 
     D237399  4 0.4396 0.2972 0.2633 
     D244001  4 0.1462 0.1222 0.7315 
        D289  4 0.3625 0.4795 0.1579 
        D290  4 0.3657 0.2245 0.4097 
        D294  4 0.3295 0.1884 0.4821 
        D295  4 0.5224 0.1992 0.2784 
        D301  4 0.1602 0.0814 0.7584 
        D302  4 0.3847 0.4022 0.2131 
        D303  4 0.6768 0.1498 0.1733 
        D304  4 0.6135 0.1806 0.2058 
        D305  4 0.1285 0.2267 0.6448 
        D306  4 0.4746 0.1678 0.3575 
        D307  4 0.2493 0.0858 0.6649 
        D327  4 0.4266 0.4675 0.1058 
        D328  4 0.6409 0.1563 0.2028 
        D329  4 0.1963 0.1841 0.6196 
        D330  4 0.1335 0.4025 0.4640 
        D331  4 0.4429 0.2566 0.3005 
        D333  4 0.5225 0.1374 0.3401 
        D334  4 0.7217 0.1387 0.1396 
        D335  4 0.4061 0.4324 0.1615 
        D370  4 0.4251 0.1446 0.4303 
        D371  4 0.6787 0.2269 0.0944 
        D372  4 0.2586 0.1604 0.5810 
        D373  4 0.1219 0.1932 0.6849 
        D455  4 0.1649 0.1134 0.7217 
        D490  4 0.1523 0.0921 0.7555 
        D497  4 0.1187 0.0880 0.7933 
        D498  4 0.4376 0.2183 0.3440 
        D499  4 0.1507 0.6296 0.2197 
        D514  4 0.3355 0.3791 0.2855 
        D515  4 0.1983 0.1693 0.6324 
        D516  4 0.4311 0.3354 0.2334 
        D517  4 0.1006 0.1529 0.7465 
        D518  4 0.3936 0.1762 0.4302 
        D519  4 0.1300 0.3414 0.5286 
        D560  4 0.1387 0.1614 0.6998 
        D561  4 0.0893 0.6452 0.2655 
        D562  4 0.2502 0.3396 0.4102 
        D563  4 0.0736 0.7743 0.1520 
        D572  4 0.3296 0.3834 0.2870 
        D629  4 0.3476 0.4641 0.1883 
        D630  4 0.3968 0.2845 0.3187 
        D631  4 0.2377 0.3649 0.3974 
        D632  4 0.1534 0.2366 0.6100 
        D646  4 0.1329 0.2696 0.5975 
        D647  4 0.1270 0.4709 0.4021 
        D648  4 0.6478 0.1076 0.2446 
        D649  4 0.3367 0.3202 0.3432 
        D650  4 0.5957 0.1965 0.2078 
        D708  4 0.5794 0.1382 0.2824 
        D709  4 0.5577 0.1088 0.3335 
        D738  4 0.5627 0.2015 0.2358 
        D739  4 0.1844 0.1720 0.6436 
        D740  4 0.2955 0.1273 0.5772 
        D741  4 0.1033 0.7551 0.1416 
        D742  4 0.1885 0.6475 0.1640 
        D743  4 0.2724 0.6032 0.1243 
        D744  4 0.1911 0.6373 0.1715 
        D745  4 0.1605 0.2233 0.6163 
        D814  4 0.1617 0.2070 0.6313 
        D815  4 0.6226 0.1800 0.1974 
        D828  4 0.4166 0.0938 0.4896 
        D845  4 0.1932 0.7027 0.1041 
        D846  4 0.1486 0.5430 0.3084 
        D847  4 0.3380 0.3514 0.3106 
        D848  4 0.0962 0.2896 0.6142 
        D849  4 0.1650 0.1164 0.7186 
        D850  4 0.2498 0.6144 0.1358 
        D856  4 0.2295 0.3170 0.4535 
        D857  4 0.1249 0.0705 0.8046 
        D859  4 0.2694 0.3797 0.3509 
        D860  4 0.3966 0.4647 0.1387 
        D883  4 0.5072 0.2522 0.2407 
        D884  4 0.4621 0.1853 0.3526 
        D885  4 0.1559 0.5128 0.3313 
        D886  4 0.3078 0.2090 0.4832 
        D887  4 0.3233 0.3642 0.3124 
        D889  4 0.4266 0.2047 0.3687 
        D890  4 0.5327 0.2116 0.2557 
        D891  4 0.0612 0.8601 0.0787 
        D899  4 0.2455 0.5926 0.1619 
        D900  4 0.2622 0.4663 0.2715 
        D970  4 0.2932 0.4072 0.2996 
        D971  4 0.3065 0.5407 0.1527 
        D979  4 0.4213 0.4651 0.1136 
        H002  4 0.3446 0.1393 0.5161 
        H003  4 0.2322 0.4047 0.3631 
        H009  4 0.1735 0.1074 0.7192 
        H010  4 0.2857 0.3253 0.3890 
        H011  4 0.5747 0.1330 0.2922 
        H012  4 0.2865 0.3475 0.3660 
        H013  4 0.3651 0.4317 0.2033 
        H014  4 0.2703 0.2958 0.4339 
        H045  4 0.4158 0.3734 0.2108 
        H046  4 0.3042 0.3732 0.3226 
        H051  4 0.5865 0.2169 0.1966 
        H052  4 0.6994 0.1030 0.1976 
        H053  4 0.2345 0.5315 0.2339 
        H056  4 0.5263 0.0713 0.4023 
        H076  4 0.0848 0.7961 0.1191 
        H151  4 0.3872 0.3626 0.2503 
        H152  4 0.6775 0.1510 0.1715 
     H171803  4 0.2315 0.1330 0.6355 
     H171804  4 0.5437 0.1310 0.3252 
     H171833  4 0.1036 0.1163 0.7801 
     H171855  4 0.3176 0.1454 0.5370 
     H171856  4 0.1919 0.1944 0.6137 
     H171857  4 0.4991 0.2312 0.2697 
     H171858  4 0.5817 0.2990 0.1193 
     H171859  4 0.5465 0.2908 0.1627 
     H171961  4 0.3377 0.3932 0.2691 
        H198  4 0.1575 0.5523 0.2902 
      H20001  4 0.0742 0.0699 0.8559 
        H403  4 0.1657 0.2752 0.5591 
        H404  4 0.3106 0.4654 0.2241 
        H405  4 0.2805 0.3781 0.3414 
        H406  4 0.0925 0.3256 0.5819 
        H407  4 0.3576 0.3220 0.3204 
        H410  4 0.0819 0.8197 0.0984 
        H411  4 0.1014 0.1304 0.7682 
        H468  4 0.1400 0.1571 0.7029 
        H476  4 0.4025 0.2352 0.3623 
        H477  4 0.2215 0.0739 0.7046 
        H478  4 0.1686 0.1091 0.7223 
        H479  4 0.6383 0.2541 0.1076 
        H480  4 0.2481 0.3231 0.4288 
        H498  4 0.1518 0.3052 0.5430 
        H499  4 0.4109 0.1494 0.4397 
        H500  4 0.4409 0.2434 0.3157 
        H515  4 0.2756 0.1927 0.5317 
        H516  4 0.1224 0.2776 0.6000 
        H517  4 0.1986 0.7046 0.0968 
        H518  4 0.6927 0.0890 0.2183 
        H520  4 0.4503 0.1623 0.3875 
        H521  4 0.2882 0.4091 0.3027 
        H522  4 0.1565 0.1496 0.6939 
        H523  4 0.3840 0.3916 0.2244 
        H536  4 0.4544 0.2268 0.3188 
        H645  4 0.6988 0.2093 0.0919 
        H646  4 0.1070 0.7585 0.1344 
        H647  4 0.2358 0.3064 0.4578 
        H657  4 0.2342 0.6102 0.1555 
        H658  4 0.4685 0.3441 0.1874 
        H659  4 0.2349 0.1234 0.6418 
        H660  4 0.4181 0.1566 0.4252 
        H661  4 0.1106 0.1101 0.7793 
        H668  4 0.3966 0.2880 0.3154 
        H669  4 0.1379 0.6970 0.1651 
        H670  4 0.7253 0.1866 0.0881 
        H678  4 0.1137 0.3579 0.5284 
        H679  4 0.1420 0.7104 0.1477 
        H680  4 0.2195 0.2972 0.4833 
        H681  4 0.7303 0.1676 0.1021 
        H682  4 0.1706 0.5671 0.2623 
        H683  4 0.2801 0.3768 0.3431 
        H718  4 0.5138 0.3091 0.1772 
        H719  4 0.3479 0.3258 0.3263 
        H720  4 0.3584 0.0638 0.5778 
        H721  4 0.1940 0.0605 0.7455 
        H722  4 0.1900 0.2627 0.5473 
        H723  4 0.4034 0.3978 0.1988 
        H724  4 0.7292 0.1221 0.1486 
        H725  4 0.5162 0.1053 0.3786 
        H726  4 0.2880 0.3479 0.3641 
        H727  4 0.4181 0.3768 0.2051 
        H910  4 0.6157 0.1668 0.2174 
        H911  4 0.1203 0.7389 0.1408 
        H912  4 0.1882 0.3836 0.4282 
        H913  4 0.3591 0.3869 0.2540 
        H914  4 0.6404 0.2013 0.1583 
        H915  4 0.2395 0.3227 0.4378 
        H916  4 0.1654 0.1451 0.6896 
       H9572  4 0.0860 0.0925 0.8216 
      H009.1  4 0.6869 0.1355 0.1776 
      H046.4  4 0.2930 0.3676 0.3394 
 H076.1_2002  4 0.0564 0.8331 0.1104 
 H076.1_2003  4 0.0604 0.8472 0.0923 
 H076.1_2004  4 0.0810 0.8170 0.1020 
      H477.1  4 0.1887 0.0999 0.7113 
 H479.1_2005  4 0.4968 0.3336 0.1696 
 H479.1_2006  4 0.2451 0.2348 0.5201 
      H516.1  4 0.1926 0.3958 0.4116 
      H646.1  4 0.2124 0.4136 0.3740 
      H658.1  4 0.3232 0.1495 0.5273 
      H682.1  4 0.3606 0.4874 0.1520 
      H720.1  4 0.1927 0.4138 0.3935 
      H724.1  4 0.3346 0.4028 0.2626 
      H725.1  4 0.7023 0.1007 0.1969 
      H726.1  4 0.2535 0.1515 0.5950 
        UNK1  4 0.6264 0.2056 0.1679 
        D093  5 0.7464 0.1253 0.1282 
        D154  5 0.3571 0.4088 0.2341 
        D168  5 0.2009 0.4451 0.3540 
        D189  5 0.5903 0.2793 0.1305 
        D190  5 0.7543 0.1316 0.1140 
     D237220  5 0.3013 0.1687 0.5300 
     D237221  5 0.6135 0.2377 0.1487 
     D237274  5 0.1893 0.4989 0.3118 
     D237275  5 0.1687 0.3953 0.4360 
     D237276  5 0.6259 0.0965 0.2776 
     D237277  5 0.7442 0.1398 0.1160 
     D237278  5 0.2071 0.4085 0.3844 
     D237279  5 0.1717 0.2746 0.5536 
     D237280  5 0.4417 0.0964 0.4619 
     D237281  5 0.0900 0.8079 0.1021 
     D237351  5 0.5044 0.0769 0.4187 
     D237352  5 0.3633 0.3026 0.3341 
     D237353  5 0.8001 0.0884 0.1115 
     D237359  5 0.2747 0.2089 0.5164 
     D237361  5 0.8490 0.0759 0.0751 
     D237362  5 0.5562 0.3020 0.1417 
     D237363  5 0.1640 0.4882 0.3478 
     D237364  5 0.1439 0.2956 0.5605 
     D237376  5 0.6082 0.1590 0.2328 
     D237377  5 0.3816 0.4627 0.1557 
     D237378  5 0.6806 0.1451 0.1743 
     D237379  5 0.4646 0.3045 0.2308 
     D237380  5 0.2080 0.0534 0.7386 
     D237381  5 0.2468 0.1065 0.6467 
     D237391  5 0.7951 0.1144 0.0905 
     D237392  5 0.1424 0.6940 0.1636 
     D237393  5 0.4672 0.2972 0.2356 
     D237394  5 0.8119 0.1068 0.0813 
     D237395  5 0.5226 0.1116 0.3657 
     D237396  5 0.1923 0.7161 0.0916 
     D244016  5 0.5424 0.2796 0.1780 
     D244018  5 0.2504 0.6096 0.1399 
     D244019  5 0.4745 0.3559 0.1696 
        D279  5 0.3332 0.1882 0.4787 
        D280  5 0.4417 0.2935 0.2648 
        D281  5 0.2208 0.6136 0.1656 
        D283  5 0.6293 0.2512 0.1195 
        D284  5 0.2615 0.3131 0.4253 
        D285  5 0.7261 0.1253 0.1485 
        D286  5 0.6398 0.1407 0.2195 
        D287  5 0.6178 0.0969 0.2854 
        D288  5 0.3033 0.5279 0.1688 
        D308  5 0.3116 0.1014 0.5869 
        D309  5 0.2289 0.5105 0.2606 
        D310  5 0.7728 0.0968 0.1304 
        D311  5 0.7302 0.1533 0.1165 
        D312  5 0.7098 0.1368 0.1534 
        D313  5 0.1131 0.0551 0.8319 
        D314  5 0.3656 0.1452 0.4892 
        D315  5 0.2695 0.4672 0.2632 
        D317  5 0.7950 0.1177 0.0874 
        D318  5 0.2235 0.5844 0.1922 
        D319  5 0.7689 0.1030 0.1282 
        D320  5 0.7861 0.1001 0.1138 
        D321  5 0.3108 0.2165 0.4726 
        D336  5 0.8389 0.0844 0.0766 
        D337  5 0.7680 0.1607 0.0713 
        D338  5 0.5974 0.1798 0.2228 
        D339  5 0.7084 0.0955 0.1961 
        D347  5 0.3764 0.2669 0.3567 
        D348  5 0.6820 0.1830 0.1350 
        D349  5 0.3738 0.0714 0.5547 
        D350  5 0.3067 0.3455 0.3478 
        D355  5 0.1961 0.6168 0.1871 
        D356  5 0.5116 0.2662 0.2223 
        D357  5 0.3066 0.1581 0.5353 
        D358  5 0.4126 0.4215 0.1659 
        D359  5 0.6734 0.1980 0.1286 
        D360  5 0.6389 0.1942 0.1669 
        D361  5 0.2625 0.0915 0.6460 
        D366  5 0.1050 0.8099 0.0851 
        D367  5 0.5789 0.1341 0.2870 
        D368  5 0.6269 0.1213 0.2518 
        D380  5 0.1903 0.6459 0.1638 
        D381  5 0.6495 0.1987 0.1518 
        D400  5 0.6600 0.1464 0.1936 
        D411  5 0.0804 0.1640 0.7556 
        D412  5 0.2435 0.1965 0.5601 
        D413  5 0.1358 0.6518 0.2124 
        D414  5 0.2481 0.3530 0.3990 
        D420  5 0.1974 0.5364 0.2662 
        D431  5 0.2769 0.1862 0.5369 
        D432  5 0.4999 0.2156 0.2845 
        D433  5 0.7158 0.1490 0.1352 
        D434  5 0.6123 0.1851 0.2027 
        D440  5 0.2268 0.2361 0.5371 
        D447  5 0.1093 0.6349 0.2558 
        D448  5 0.7214 0.1217 0.1569 
        D459  5 0.0807 0.8590 0.0603 
        D460  5 0.2408 0.2233 0.5359 
        D461  5 0.5066 0.2713 0.2221 
        D468  5 0.3918 0.4882 0.1200 
        D469  5 0.5528 0.2655 0.1817 
        D470  5 0.5189 0.1063 0.3747 
        D471  5 0.6924 0.1790 0.1286 
        D472  5 0.1290 0.7834 0.0876 
        D479  5 0.1572 0.5635 0.2793 
        D485  5 0.4343 0.2415 0.3242 
        D486  5 0.4734 0.3478 0.1788 
        D487  5 0.3405 0.1256 0.5339 
        D555  5 0.6277 0.2680 0.1043 
        D556  5 0.5815 0.1778 0.2407 
        D557  5 0.7138 0.1983 0.0880 
        D564  5 0.2003 0.4114 0.3883 
        D594  5 0.4659 0.2951 0.2390 
        D595  5 0.4968 0.3393 0.1639 
        D596  5 0.6558 0.2271 0.1171 
        D597  5 0.6275 0.2279 0.1446 
        D598  5 0.6004 0.1775 0.2221 
        D617  5 0.1021 0.2159 0.6821 
        D618  5 0.7041 0.1472 0.1486 
        D619  5 0.3157 0.2627 0.4216 
        D620  5 0.1592 0.6813 0.1596 
        D628  5 0.3104 0.1597 0.5299 
        D714  5 0.4340 0.4192 0.1469 
        D715  5 0.5693 0.3245 0.1062 
        D716  5 0.4450 0.2858 0.2692 
        D717  5 0.4107 0.4362 0.1531 
        D718  5 0.3040 0.1417 0.5543 
        D769  5 0.1023 0.1142 0.7835 
        D770  5 0.3028 0.4912 0.2059 
        D771  5 0.2237 0.3458 0.4305 
        D772  5 0.7389 0.1330 0.1282 
        D782  5 0.1122 0.5498 0.3380 
        D783  5 0.3799 0.4569 0.1632 
        D784  5 0.4602 0.4210 0.1188 
        D785  5 0.8087 0.0835 0.1079 
        D786  5 0.1764 0.2612 0.5623 
        D821  5 0.8555 0.0814 0.0631 
        D822  5 0.3987 0.4352 0.1661 
        D826  5 0.5979 0.2530 0.1491 
        D827  5 0.2019 0.6203 0.1777 
        D851  5 0.2010 0.4605 0.3385 
        D852  5 0.3168 0.2116 0.4715 
        D853  5 0.6553 0.1105 0.2342 
        D854  5 0.1654 0.5520 0.2826 
        D861  5 0.3506 0.3456 0.3038 
        D862  5 0.6949 0.2054 0.0996 
        D865  5 0.6161 0.2039 0.1801 
        D868  5 0.5337 0.2969 0.1694 
        D869  5 0.1946 0.2872 0.5182 
        D870  5 0.1761 0.5066 0.3173 
        D907  5 0.6799 0.1053 0.2148 
        D908  5 0.3878 0.1410 0.4713 
        D910  5 0.5707 0.3161 0.1132 
        D911  5 0.1660 0.7245 0.1095 
        D934  5 0.2210 0.5480 0.2310 
        D946  5 0.1547 0.2592 0.5860 
        D947  5 0.4810 0.1444 0.3745 
        D948  5 0.4942 0.0954 0.4104 
        D949  5 0.5090 0.0776 0.4135 
        D950  5 0.1912 0.6867 0.1221 
        D951  5 0.2412 0.6287 0.1301 
