        D174  1 0.6411 0.0572 0.1362 0.0679 0.0976 
        D199  1 0.1242 0.1254 0.3532 0.0480 0.3492 
        D203  1 0.1001 0.1502 0.3625 0.2310 0.1563 
        D204  1 0.0590 0.0498 0.7754 0.0378 0.0779 
     D237366  1 0.1112 0.1352 0.1202 0.5692 0.0642 
     D237367  1 0.1923 0.1288 0.3092 0.0592 0.3106 
     D237368  1 0.0640 0.5332 0.1985 0.0531 0.1512 
     D244101  1 0.0258 0.0319 0.7781 0.0548 0.1094 
     D244102  1 0.1846 0.3267 0.1665 0.1461 0.1762 
     D244103  1 0.1352 0.0928 0.5535 0.1570 0.0615 
     D244104  1 0.1201 0.0742 0.7166 0.0454 0.0437 
     D244105  1 0.0285 0.4873 0.2286 0.2021 0.0535 
     D244106  1 0.3826 0.0398 0.0731 0.3011 0.2034 
     D244107  1 0.0223 0.7264 0.1131 0.0434 0.0947 
     D244108  1 0.2403 0.4120 0.1212 0.0719 0.1546 
     D244113  1 0.8726 0.0382 0.0285 0.0208 0.0398 
     D244114  1 0.1621 0.0948 0.1353 0.4795 0.1283 
     D244115  1 0.4781 0.1088 0.2444 0.0567 0.1120 
     D267365  1 0.1896 0.0827 0.5909 0.0625 0.0743 
        D404  1 0.6479 0.0452 0.0371 0.0746 0.1952 
        D405  1 0.4317 0.1073 0.1416 0.0751 0.2443 
        D406  1 0.0412 0.8380 0.0493 0.0465 0.0249 
        D407  1 0.0518 0.0429 0.1401 0.0299 0.7354 
        D408  1 0.6836 0.0318 0.0961 0.0994 0.0891 
        D409  1 0.0443 0.0793 0.4707 0.2728 0.1329 
        D410  1 0.0521 0.8249 0.0588 0.0332 0.0310 
        D421  1 0.0359 0.0191 0.6896 0.0166 0.2388 
        D422  1 0.0172 0.7657 0.0308 0.1418 0.0446 
        D423  1 0.0306 0.6906 0.0538 0.0245 0.2005 
        D424  1 0.0481 0.0455 0.8177 0.0252 0.0635 
        D425  1 0.3537 0.0539 0.4020 0.0711 0.1193 
        D426  1 0.0420 0.0407 0.2350 0.4417 0.2406 
        D427  1 0.0843 0.0308 0.2306 0.0248 0.6296 
        D428  1 0.3031 0.2317 0.1231 0.0481 0.2941 
        D429  1 0.3116 0.0426 0.3512 0.1908 0.1038 
        D430  1 0.1586 0.0376 0.0822 0.2352 0.4863 
        D491  1 0.6958 0.0610 0.1131 0.0421 0.0880 
        D492  1 0.4889 0.0656 0.2156 0.0492 0.1807 
        D537  1 0.1881 0.1064 0.5489 0.0376 0.1190 
        D538  1 0.1698 0.3552 0.0862 0.0760 0.3128 
        D539  1 0.3207 0.1739 0.0637 0.3688 0.0728 
        D540  1 0.1849 0.1154 0.3556 0.0701 0.2741 
        D541  1 0.0215 0.0218 0.9032 0.0166 0.0370 
        D551  1 0.0528 0.1486 0.0890 0.5912 0.1184 
        D552  1 0.0834 0.6068 0.2042 0.0523 0.0533 
        D553  1 0.0201 0.0242 0.9214 0.0184 0.0159 
        D615  1 0.1951 0.3384 0.3016 0.0819 0.0831 
        D616  1 0.0851 0.1955 0.3522 0.0621 0.3050 
        D621  1 0.1564 0.7400 0.0267 0.0442 0.0327 
        D622  1 0.0876 0.6125 0.0782 0.1567 0.0650 
        D623  1 0.1997 0.0508 0.0610 0.0356 0.6529 
        D624  1 0.7864 0.0438 0.0764 0.0447 0.0487 
        D625  1 0.3246 0.1018 0.4652 0.0514 0.0571 
        D626  1 0.6079 0.1342 0.1364 0.0755 0.0460 
        D627  1 0.0443 0.0332 0.4736 0.3913 0.0576 
        D690  1 0.2234 0.1235 0.5951 0.0322 0.0259 
        D691  1 0.0494 0.2900 0.1154 0.4715 0.0736 
        D710  1 0.1736 0.1557 0.4196 0.0381 0.2130 
        D711  1 0.1498 0.1703 0.5337 0.0940 0.0521 
        D712  1 0.6056 0.1125 0.0755 0.0749 0.1315 
        D713  1 0.6929 0.0672 0.1229 0.0477 0.0693 
        D746  1 0.0437 0.8045 0.0578 0.0587 0.0353 
        D747  1 0.0369 0.0211 0.8748 0.0275 0.0396 
        D748  1 0.1474 0.1350 0.2981 0.3434 0.0761 
        D749  1 0.1189 0.6616 0.0522 0.0830 0.0844 
        D750  1 0.6576 0.0595 0.1802 0.0466 0.0561 
        D763  1 0.1158 0.2236 0.2422 0.1561 0.2623 
        D764  1 0.1495 0.0688 0.7080 0.0218 0.0518 
        D765  1 0.1235 0.6584 0.0673 0.1033 0.0475 
        D766  1 0.1070 0.6818 0.0958 0.0417 0.0736 
        D767  1 0.1679 0.3896 0.2025 0.1466 0.0935 
        D768  1 0.0205 0.0336 0.8805 0.0306 0.0348 
        D811  1 0.7612 0.0581 0.0325 0.0322 0.1160 
        D816  1 0.0895 0.0443 0.7897 0.0263 0.0502 
        D825  1 0.5753 0.1819 0.0966 0.0680 0.0782 
        D866  1 0.1698 0.0913 0.1876 0.3100 0.2413 
        D867  1 0.0650 0.7220 0.0571 0.0437 0.1121 
        D871  1 0.1070 0.0317 0.3494 0.4515 0.0604 
        D872  1 0.0914 0.5906 0.2415 0.0358 0.0406 
        D873  1 0.0172 0.9307 0.0124 0.0185 0.0211 
        D874  1 0.4292 0.0401 0.2913 0.1208 0.1186 
        D875  1 0.0414 0.0844 0.2130 0.5257 0.1355 
        D876  1 0.1166 0.1997 0.5935 0.0457 0.0445 
        D877  1 0.8392 0.0360 0.0366 0.0274 0.0607 
        D892  1 0.3069 0.0970 0.2744 0.2572 0.0646 
        D893  1 0.0742 0.1351 0.5473 0.1510 0.0924 
        D894  1 0.1008 0.0609 0.5651 0.1850 0.0882 
        D915  1 0.1026 0.1289 0.6053 0.1091 0.0542 
        D916  1 0.0372 0.0252 0.8817 0.0261 0.0297 
        D917  1 0.4452 0.0537 0.2965 0.0404 0.1642 
        D925  1 0.0663 0.7865 0.0900 0.0228 0.0343 
        D926  1 0.2471 0.0785 0.5344 0.0910 0.0491 
        D927  1 0.0679 0.1005 0.3758 0.1003 0.3556 
        D928  1 0.7657 0.0501 0.0927 0.0206 0.0708 
        D929  1 0.6078 0.1084 0.0989 0.1255 0.0594 
        D936  1 0.1143 0.0622 0.6283 0.1079 0.0872 
        D938  1 0.0388 0.8615 0.0366 0.0405 0.0226 
        D956  1 0.5630 0.0755 0.0611 0.1286 0.1718 
        D957  1 0.0562 0.6750 0.1663 0.0441 0.0584 
        D958  1 0.2671 0.4777 0.1829 0.0294 0.0429 
        D959  1 0.0426 0.0562 0.1125 0.0377 0.7509 
        D960  1 0.0369 0.8107 0.0532 0.0653 0.0338 
        D989  1 0.2427 0.0347 0.2045 0.0543 0.4638 
        D990  1 0.0277 0.8482 0.0306 0.0573 0.0362 
        H102  1 0.4392 0.1391 0.3210 0.0664 0.0342 
        H103  1 0.0455 0.2224 0.1720 0.0656 0.4944 
        H104  1 0.1784 0.0585 0.2791 0.3915 0.0925 
        H105  1 0.3906 0.0852 0.3556 0.0471 0.1214 
        H106  1 0.1055 0.4577 0.0694 0.2628 0.1046 
        H112  1 0.3161 0.1279 0.1686 0.2399 0.1474 
        H113  1 0.0866 0.0786 0.4710 0.1411 0.2226 
        H114  1 0.0301 0.0804 0.6786 0.0889 0.1220 
        H115  1 0.1208 0.0789 0.4837 0.2506 0.0661 
        H143  1 0.0793 0.1643 0.6689 0.0334 0.0541 
        H144  1 0.0628 0.0892 0.7134 0.0323 0.1024 
        H145  1 0.6847 0.1392 0.0284 0.0524 0.0953 
        H149  1 0.0861 0.0506 0.4056 0.3756 0.0821 
        H150  1 0.3196 0.1568 0.0510 0.2421 0.2305 
     H167542  1 0.1118 0.0710 0.7383 0.0484 0.0305 
     H169604  1 0.4933 0.0301 0.1360 0.1346 0.2059 
     H169607  1 0.7181 0.0497 0.0592 0.0545 0.1185 
     H169608  1 0.6810 0.1005 0.0817 0.0845 0.0522 
     H169633  1 0.1094 0.0912 0.5675 0.0762 0.1557 
     H169688  1 0.0713 0.6570 0.0661 0.0380 0.1675 
     H169714  1 0.0268 0.0370 0.0493 0.8498 0.0372 
     H171802  1 0.0678 0.2144 0.0963 0.1755 0.4461 
     H171805  1 0.0682 0.5881 0.0774 0.2054 0.0611 
     H171807  1 0.4243 0.0698 0.0391 0.1289 0.3379 
     H171814  1 0.0292 0.0848 0.5884 0.0518 0.2459 
     H171816  1 0.1523 0.3046 0.0791 0.1378 0.3263 
     H171817  1 0.6240 0.1243 0.0828 0.1116 0.0572 
     H171818  1 0.0487 0.3219 0.2818 0.2345 0.1131 
     H171819  1 0.1548 0.2369 0.2226 0.1786 0.2071 
     H171834  1 0.0375 0.1846 0.2216 0.4642 0.0921 
     H171835  1 0.1016 0.1068 0.1131 0.5806 0.0979 
     H171836  1 0.0546 0.4692 0.1105 0.0410 0.3248 
     H171837  1 0.1881 0.0872 0.5075 0.1469 0.0703 
     H171838  1 0.0412 0.2735 0.0211 0.4895 0.1747 
     H171839  1 0.1770 0.0458 0.3404 0.3027 0.1341 
     H171841  1 0.5126 0.3246 0.0250 0.0536 0.0841 
     H171860  1 0.5416 0.0348 0.1049 0.0958 0.2229 
     H171861  1 0.0514 0.3086 0.5270 0.0536 0.0594 
     H171862  1 0.0926 0.1058 0.2743 0.4445 0.0828 
     H171868  1 0.0380 0.0437 0.8356 0.0533 0.0293 
     H171869  1 0.0327 0.5739 0.1585 0.0646 0.1703 
     H171870  1 0.0825 0.4198 0.0548 0.2244 0.2184 
     H171871  1 0.0505 0.3447 0.0925 0.3036 0.2088 
     H171872  1 0.5508 0.0554 0.1342 0.1728 0.0868 
     H171873  1 0.0475 0.4228 0.0613 0.3444 0.1239 
     H171874  1 0.1784 0.1985 0.2660 0.1705 0.1866 
     H171875  1 0.0355 0.0874 0.7760 0.0459 0.0551 
     H171876  1 0.1287 0.0397 0.3850 0.0402 0.4064 
     H171877  1 0.1597 0.0607 0.6605 0.0496 0.0694 
     H171878  1 0.0334 0.5610 0.0639 0.0779 0.2637 
     H171901  1 0.6605 0.1820 0.0364 0.0527 0.0685 
     H171902  1 0.8216 0.0538 0.0350 0.0582 0.0315 
     H171903  1 0.1028 0.0475 0.3084 0.2255 0.3159 
     H171935  1 0.1247 0.1930 0.0220 0.4613 0.1990 
     H171936  1 0.0381 0.1246 0.6464 0.0609 0.1300 
     H171940  1 0.5461 0.0729 0.2051 0.0959 0.0801 
     H171945  1 0.1396 0.6008 0.1005 0.0604 0.0987 
     H171948  1 0.1575 0.1209 0.1594 0.3964 0.1658 
     H171949  1 0.4121 0.0649 0.0481 0.4152 0.0597 
     H171950  1 0.3337 0.1356 0.1008 0.3788 0.0511 
     H171963  1 0.0343 0.7077 0.0585 0.0561 0.1434 
     H171964  1 0.0483 0.0763 0.0325 0.3068 0.5361 
     H171966  1 0.0778 0.4915 0.1288 0.2371 0.0648 
     H171968  1 0.7519 0.1184 0.0558 0.0383 0.0355 
     H171971  1 0.0471 0.1505 0.0359 0.6386 0.1280 
     H171972  1 0.0549 0.0290 0.0372 0.0316 0.8472 
     H171977  1 0.0724 0.3685 0.2876 0.0761 0.1955 
     H171978  1 0.2752 0.2267 0.0422 0.3226 0.1333 
     H171979  1 0.1071 0.0739 0.0472 0.1635 0.6083 
        H176  1 0.4803 0.0430 0.2944 0.0937 0.0885 
        H177  1 0.2676 0.4226 0.1026 0.1606 0.0465 
        H179  1 0.1222 0.0394 0.7195 0.0594 0.0596 
        H181  1 0.0790 0.3461 0.1590 0.1958 0.2201 
        H182  1 0.0797 0.5822 0.1760 0.0893 0.0728 
        H183  1 0.0345 0.6094 0.1012 0.0356 0.2193 
        H184  1 0.4603 0.1426 0.0770 0.2064 0.1137 
        H185  1 0.0772 0.2867 0.1217 0.0851 0.4293 
        H186  1 0.0651 0.2110 0.5970 0.0591 0.0679 
        H187  1 0.0313 0.6859 0.1911 0.0223 0.0695 
        H188  1 0.1998 0.0467 0.5553 0.0668 0.1314 
        H192  1 0.1088 0.3712 0.0331 0.4252 0.0616 
        H193  1 0.2298 0.3067 0.2740 0.0905 0.0991 
        H194  1 0.1500 0.0549 0.1425 0.4906 0.1620 
        H195  1 0.0506 0.6721 0.0397 0.0431 0.1945 
        H199  1 0.3540 0.3088 0.0463 0.0413 0.2496 
        H200  1 0.2330 0.1219 0.1311 0.0860 0.4280 
        H414  1 0.1496 0.1798 0.2362 0.3091 0.1253 
        H415  1 0.1466 0.1061 0.4446 0.0984 0.2043 
        H422  1 0.2882 0.3479 0.1971 0.0791 0.0877 
        H423  1 0.6301 0.0893 0.0455 0.1104 0.1247 
        H424  1 0.0355 0.5535 0.2806 0.0469 0.0834 
        H425  1 0.0477 0.7638 0.0600 0.0512 0.0772 
        H426  1 0.0651 0.1947 0.0743 0.4735 0.1924 
        H443  1 0.0832 0.1312 0.6953 0.0399 0.0504 
        H466  1 0.0601 0.0784 0.2497 0.2729 0.3388 
        H467  1 0.0320 0.0525 0.0269 0.8645 0.0242 
        H472  1 0.7522 0.0362 0.0411 0.0375 0.1331 
        H483  1 0.1474 0.1875 0.4301 0.0720 0.1631 
        H504  1 0.1112 0.6284 0.1039 0.0447 0.1118 
        H505  1 0.2209 0.1412 0.3046 0.1498 0.1835 
        H506  1 0.2830 0.1730 0.1755 0.0598 0.3086 
        H507  1 0.0968 0.4273 0.2046 0.0650 0.2063 
        H508  1 0.0831 0.1392 0.1327 0.3614 0.2835 
        H524  1 0.0963 0.3417 0.2875 0.0966 0.1779 
        H525  1 0.2975 0.1411 0.1879 0.0692 0.3043 
        H526  1 0.4469 0.0480 0.3897 0.0473 0.0681 
        H527  1 0.4832 0.2110 0.1050 0.0908 0.1100 
        H528  1 0.2506 0.0385 0.3317 0.1344 0.2448 
        H529  1 0.0905 0.3565 0.2653 0.1242 0.1635 
        H533  1 0.1164 0.4948 0.1173 0.1604 0.1111 
        H538  1 0.5897 0.0445 0.0736 0.0580 0.2342 
        H539  1 0.0220 0.8871 0.0364 0.0225 0.0320 
        H540  1 0.1792 0.4697 0.0894 0.1547 0.1071 
        H541  1 0.2147 0.0804 0.4728 0.1105 0.1217 
        H558  1 0.0327 0.7831 0.0322 0.0461 0.1059 
        H559  1 0.3212 0.0758 0.5009 0.0292 0.0729 
        H579  1 0.0980 0.6417 0.0892 0.0351 0.1359 
        H584  1 0.1400 0.1025 0.0745 0.4881 0.1949 
        H585  1 0.0707 0.0949 0.1861 0.4101 0.2382 
        H605  1 0.1550 0.2996 0.3075 0.1417 0.0962 
        H606  1 0.6534 0.0639 0.2098 0.0372 0.0357 
        H632  1 0.2241 0.0754 0.0945 0.2400 0.3660 
        H634  1 0.2012 0.3754 0.2194 0.1077 0.0964 
        H671  1 0.6964 0.0368 0.0873 0.0991 0.0803 
        H672  1 0.0582 0.0499 0.1629 0.0328 0.6963 
        H673  1 0.1533 0.0768 0.4349 0.0340 0.3010 
        H689  1 0.1152 0.1412 0.1522 0.1908 0.4006 
        H690  1 0.1637 0.1836 0.3363 0.2556 0.0609 
        H691  1 0.0806 0.0753 0.4433 0.0927 0.3081 
        H692  1 0.0323 0.0288 0.0405 0.0266 0.8718 
        H709  1 0.0625 0.0669 0.6837 0.1191 0.0677 
        H710  1 0.0427 0.1098 0.2819 0.1103 0.4553 
       H7355  1 0.5585 0.1332 0.0975 0.0991 0.1117 
       H7356  1 0.0760 0.3185 0.0488 0.2924 0.2642 
       H7357  1 0.3365 0.2123 0.3039 0.1110 0.0363 
       H7358  1 0.3703 0.1940 0.2416 0.0257 0.1685 
       H7380  1 0.2025 0.0916 0.4746 0.1860 0.0452 
       H7381  1 0.3653 0.0744 0.1804 0.1334 0.2465 
       H7382  1 0.1694 0.1043 0.0786 0.0697 0.5780 
        H904  1 0.3863 0.0812 0.3828 0.1066 0.0431 
        H923  1 0.2331 0.2642 0.1146 0.2150 0.1731 
        H924  1 0.3446 0.1821 0.3163 0.0573 0.0997 
        H925  1 0.0820 0.1168 0.7011 0.0311 0.0690 
       H9558  1 0.0280 0.8603 0.0244 0.0320 0.0553 
      H105.1  1 0.0479 0.1238 0.2059 0.3508 0.2716 
      H115.1  1 0.0297 0.0616 0.8259 0.0414 0.0414 
      H145.1  1 0.8027 0.0416 0.0743 0.0293 0.0521 
      H149.1  1 0.0242 0.0267 0.8993 0.0262 0.0236 
      H150.1  1 0.0906 0.7407 0.0409 0.0769 0.0508 
   H169607.1  1 0.5196 0.1581 0.1690 0.0479 0.1055 
   H169633.1  1 0.1018 0.1589 0.5904 0.0380 0.1110 
   H169688.1  1 0.0845 0.0933 0.4134 0.0238 0.3851 
   H171901.1  1 0.0996 0.2060 0.1146 0.1802 0.3996 
   H171902.1  1 0.7528 0.1022 0.0790 0.0371 0.0289 
   H171903.1  1 0.4017 0.0823 0.0718 0.2309 0.2133 
      H177.1  1 0.2046 0.0814 0.2453 0.0507 0.4179 
      H179.1  1 0.1671 0.1002 0.6183 0.0659 0.0485 
      H180.1  1 0.1552 0.1949 0.2434 0.3107 0.0958 
      H181.1  1 0.0985 0.1883 0.2896 0.2675 0.1561 
 H194.1_2004  1 0.1098 0.2599 0.0817 0.1481 0.4004 
 H195.1_2003  1 0.1219 0.1556 0.0824 0.0962 0.5439 
 H195.1_2004  1 0.5498 0.0531 0.1643 0.0641 0.1686 
      H415.1  1 0.0644 0.1558 0.6700 0.0525 0.0574 
      H506.1  1 0.1197 0.0939 0.6389 0.0336 0.1140 
      H533.1  1 0.1033 0.3063 0.4886 0.0477 0.0541 
      H535.1  1 0.1669 0.1804 0.2517 0.2590 0.1421 
      H539.1  1 0.0789 0.7679 0.0857 0.0401 0.0274 
      H540.1  1 0.0491 0.8515 0.0259 0.0414 0.0321 
     H9558.1  1 0.0435 0.8361 0.0351 0.0303 0.0550 
    kos339.1  1 0.1533 0.0690 0.5764 0.1166 0.0847 
        D023  2 0.0204 0.5849 0.3234 0.0280 0.0433 
        D130  2 0.0402 0.8160 0.0513 0.0539 0.0386 
        D131  2 0.0543 0.0319 0.7688 0.1000 0.0451 
        D163  2 0.0409 0.7496 0.0744 0.1047 0.0303 
        D164  2 0.0170 0.7268 0.0173 0.0184 0.2206 
        D165  2 0.0240 0.6092 0.2245 0.0506 0.0917 
        D166  2 0.1427 0.3825 0.0823 0.2830 0.1095 
        D167  2 0.0242 0.0312 0.0203 0.0184 0.9058 
        D192  2 0.0216 0.0425 0.0207 0.0324 0.8828 
        D193  2 0.3179 0.1294 0.1035 0.3441 0.1051 
        D206  2 0.0688 0.0956 0.5863 0.0570 0.1924 
        D207  2 0.0329 0.0349 0.0728 0.0615 0.7978 
        D208  2 0.4671 0.1064 0.1156 0.1758 0.1350 
        D209  2 0.0301 0.3839 0.1085 0.0295 0.4480 
        D210  2 0.4207 0.0518 0.1088 0.3372 0.0815 
     D229599  2 0.0578 0.1454 0.5904 0.1260 0.0803 
     D229600  2 0.0417 0.3883 0.0534 0.0789 0.4377 
     D237227  2 0.3413 0.1841 0.0727 0.0749 0.3271 
     D237228  2 0.2541 0.2341 0.0255 0.0528 0.4335 
     D237258  2 0.1001 0.1442 0.3218 0.0715 0.3623 
     D237310  2 0.1305 0.3330 0.0260 0.1816 0.3290 
     D237311  2 0.0408 0.1998 0.0355 0.0745 0.6494 
     D237312  2 0.2851 0.1442 0.0542 0.4051 0.1115 
     D237313  2 0.2008 0.2987 0.3693 0.0934 0.0378 
     D237322  2 0.2727 0.0564 0.0562 0.5454 0.0693 
     D237323  2 0.1558 0.3784 0.0377 0.1435 0.2846 
     D237324  2 0.0308 0.3753 0.0704 0.2463 0.2772 
     D237325  2 0.2465 0.2896 0.0778 0.2054 0.1808 
     D237326  2 0.0558 0.6171 0.1185 0.0405 0.1681 
     D237327  2 0.0549 0.0529 0.0726 0.6014 0.2182 
     D237337  2 0.1563 0.5390 0.0697 0.1489 0.0861 
     D237338  2 0.1169 0.2670 0.0986 0.3263 0.1913 
     D237339  2 0.0437 0.1174 0.4369 0.1220 0.2800 
     D237340  2 0.1353 0.1263 0.0422 0.0749 0.6213 
     D237389  2 0.0442 0.3925 0.0309 0.1018 0.4305 
     D237390  2 0.1697 0.1192 0.1124 0.3865 0.2122 
     D244017  2 0.1179 0.0684 0.0782 0.0283 0.7073 
     D244112  2 0.0243 0.1551 0.0219 0.0779 0.7209 
     D244118  2 0.0189 0.5724 0.0242 0.0406 0.3439 
     D244119  2 0.3053 0.0274 0.0438 0.0344 0.5891 
     D244120  2 0.0710 0.0757 0.0334 0.4087 0.4112 
     D244122  2 0.1131 0.1902 0.0772 0.1041 0.5153 
        D291  2 0.1027 0.1473 0.2188 0.3028 0.2283 
        D292  2 0.0929 0.1497 0.4997 0.1213 0.1363 
        D293  2 0.0193 0.0173 0.3637 0.0442 0.5555 
        D322  2 0.0266 0.0839 0.3750 0.0509 0.4636 
        D323  2 0.1065 0.0808 0.2039 0.0588 0.5501 
        D324  2 0.1088 0.1045 0.4065 0.2782 0.1020 
        D325  2 0.0150 0.0214 0.0591 0.0518 0.8527 
        D326  2 0.0243 0.0154 0.9125 0.0189 0.0289 
        D340  2 0.0237 0.0278 0.0246 0.0238 0.9001 
        D341  2 0.0684 0.0456 0.0630 0.4734 0.3496 
        D342  2 0.0465 0.6905 0.0534 0.1255 0.0841 
        D343  2 0.0118 0.0163 0.0220 0.0198 0.9301 
        D344  2 0.0838 0.1905 0.5256 0.0773 0.1228 
        D345  2 0.0408 0.6872 0.2055 0.0331 0.0334 
        D346  2 0.5376 0.0370 0.1331 0.0583 0.2340 
        D351  2 0.0389 0.0522 0.7824 0.0570 0.0696 
        D352  2 0.1437 0.1021 0.1504 0.0552 0.5487 
        D353  2 0.0907 0.0399 0.6555 0.0483 0.1656 
        D354  2 0.1723 0.3050 0.4182 0.0484 0.0561 
        D362  2 0.0620 0.0911 0.7693 0.0230 0.0546 
        D363  2 0.0801 0.0601 0.7618 0.0206 0.0775 
        D364  2 0.0467 0.1603 0.7134 0.0335 0.0461 
        D365  2 0.0172 0.0107 0.0289 0.0164 0.9268 
        D369  2 0.0543 0.0297 0.6757 0.0372 0.2031 
        D374  2 0.8183 0.0621 0.0383 0.0306 0.0508 
        D375  2 0.0781 0.3564 0.3635 0.0572 0.1448 
        D376  2 0.6166 0.0929 0.0542 0.1170 0.1193 
        D377  2 0.3678 0.1397 0.1525 0.2100 0.1299 
        D378  2 0.0303 0.0460 0.7646 0.0650 0.0941 
        D379  2 0.0474 0.0396 0.8443 0.0370 0.0318 
        D384  2 0.0425 0.0246 0.8883 0.0219 0.0227 
        D385  2 0.0239 0.0208 0.0233 0.0207 0.9113 
        D386  2 0.0627 0.1711 0.6673 0.0438 0.0551 
        D391  2 0.0312 0.0238 0.0787 0.0343 0.8320 
        D392  2 0.0376 0.0654 0.0748 0.0217 0.8005 
        D393  2 0.0354 0.0554 0.7346 0.1153 0.0592 
        D394  2 0.0679 0.4188 0.1375 0.1502 0.2255 
        D395  2 0.0263 0.0265 0.0543 0.0344 0.8585 
        D401  2 0.0464 0.4635 0.0370 0.0295 0.4235 
        D402  2 0.0425 0.0363 0.0400 0.0864 0.7948 
        D403  2 0.0630 0.1453 0.6290 0.1359 0.0268 
        D415  2 0.0299 0.0297 0.8323 0.0428 0.0653 
        D435  2 0.0409 0.0895 0.4869 0.0903 0.2924 
        D436  2 0.2323 0.0608 0.4986 0.1256 0.0827 
        D438  2 0.0411 0.0298 0.0210 0.0268 0.8814 
        D439  2 0.0306 0.3317 0.4345 0.0670 0.1361 
        D449  2 0.0287 0.1408 0.2901 0.1179 0.4225 
        D450  2 0.6121 0.0993 0.1185 0.1106 0.0594 
        D456  2 0.0279 0.0223 0.9142 0.0210 0.0145 
        D462  2 0.0223 0.0253 0.1202 0.0276 0.8047 
        D463  2 0.0310 0.0198 0.9059 0.0191 0.0242 
        D464  2 0.1325 0.0357 0.3399 0.0449 0.4471 
        D465  2 0.0365 0.0289 0.0403 0.0275 0.8668 
        D473  2 0.7622 0.0672 0.0434 0.0724 0.0548 
        D474  2 0.0558 0.0670 0.7474 0.0839 0.0459 
        D476  2 0.0212 0.4313 0.2066 0.1733 0.1675 
        D477  2 0.1282 0.0670 0.6260 0.0886 0.0902 
        D478  2 0.1633 0.2572 0.3113 0.0498 0.2183 
        D480  2 0.0798 0.0273 0.5290 0.2558 0.1081 
        D481  2 0.0638 0.3242 0.3651 0.0493 0.1976 
        D482  2 0.3087 0.2390 0.0737 0.2107 0.1679 
        D483  2 0.0302 0.0344 0.0313 0.0242 0.8800 
        D484  2 0.1849 0.1620 0.0778 0.1381 0.4372 
        D510  2 0.7504 0.0427 0.0486 0.0849 0.0734 
        D511  2 0.0506 0.0845 0.5591 0.0726 0.2333 
        D512  2 0.0229 0.1072 0.0244 0.0468 0.7987 
        D513  2 0.1399 0.0700 0.1495 0.0636 0.5770 
        D635  2 0.0316 0.2000 0.6202 0.0294 0.1188 
        D636  2 0.0216 0.9093 0.0325 0.0162 0.0205 
        D637  2 0.2264 0.0665 0.0934 0.3585 0.2552 
        D658  2 0.0894 0.0771 0.0594 0.1576 0.6165 
        D659  2 0.1092 0.1033 0.5206 0.1964 0.0705 
        D677  2 0.0671 0.0925 0.5728 0.1975 0.0701 
        D678  2 0.0317 0.2202 0.0263 0.0306 0.6912 
        D679  2 0.1394 0.0602 0.4852 0.2348 0.0804 
        D719  2 0.1645 0.0363 0.5629 0.0581 0.1783 
        D720  2 0.1745 0.1065 0.5777 0.0383 0.1030 
        D721  2 0.0432 0.5644 0.1775 0.0762 0.1386 
        D722  2 0.5192 0.1227 0.0789 0.0470 0.2322 
        D734  2 0.3673 0.0330 0.1379 0.2087 0.2530 
        D735  2 0.1013 0.1211 0.5272 0.1622 0.0882 
        D736  2 0.3002 0.0949 0.2247 0.2000 0.1801 
        D737  2 0.0498 0.2246 0.0724 0.3471 0.3061 
        D807  2 0.2657 0.0501 0.4775 0.1311 0.0756 
        D808  2 0.0414 0.2000 0.2263 0.2517 0.2806 
        D817  2 0.1487 0.1244 0.5725 0.0308 0.1236 
        D818  2 0.0460 0.0351 0.2910 0.3170 0.3109 
        D819  2 0.0652 0.0713 0.5176 0.0357 0.3102 
        D820  2 0.0340 0.0244 0.8082 0.0823 0.0511 
        D895  2 0.1134 0.3933 0.3120 0.0622 0.1190 
        D896  2 0.0744 0.6977 0.0387 0.0474 0.1418 
        D897  2 0.0639 0.2425 0.0516 0.4666 0.1754 
        D898  2 0.1158 0.2445 0.1012 0.3766 0.1619 
        D918  2 0.2371 0.1160 0.1067 0.3678 0.1724 
        D919  2 0.0356 0.0707 0.6209 0.0615 0.2114 
        D920  2 0.0327 0.7896 0.0285 0.1217 0.0275 
        D923  2 0.0331 0.0332 0.8631 0.0240 0.0465 
        D930  2 0.6357 0.0714 0.1437 0.0892 0.0600 
        D931  2 0.0906 0.0487 0.4154 0.0790 0.3663 
        D968  2 0.0230 0.0241 0.0681 0.0273 0.8574 
        D969  2 0.0363 0.0259 0.6126 0.1213 0.2040 
        D977  2 0.0394 0.0324 0.0425 0.0968 0.7890 
        D978  2 0.0699 0.0257 0.1305 0.6865 0.0874 
        H008  2 0.1274 0.0644 0.6277 0.0340 0.1464 
        H021  2 0.0800 0.1323 0.1687 0.4988 0.1202 
        H023  2 0.4139 0.1434 0.3274 0.0822 0.0331 
        H024  2 0.0404 0.2210 0.0718 0.1645 0.5022 
        H025  2 0.2377 0.1762 0.2876 0.1222 0.1763 
        H026  2 0.0264 0.0418 0.5565 0.0729 0.3025 
        H027  2 0.0732 0.0738 0.4351 0.1969 0.2211 
        H028  2 0.1683 0.3221 0.2245 0.1509 0.1342 
        H029  2 0.0384 0.0965 0.5706 0.0362 0.2582 
        H030  2 0.0258 0.0323 0.0281 0.0394 0.8745 
        H038  2 0.0478 0.6348 0.1458 0.1376 0.0340 
        H039  2 0.8554 0.0449 0.0278 0.0448 0.0272 
        H040  2 0.0549 0.5880 0.1531 0.1715 0.0325 
        H041  2 0.0670 0.0435 0.5434 0.0454 0.3007 
        H042  2 0.6525 0.1355 0.0736 0.0629 0.0755 
        H043  2 0.0378 0.8673 0.0324 0.0307 0.0318 
        H044  2 0.1130 0.4121 0.0278 0.0724 0.3748 
        H047  2 0.0893 0.7337 0.0608 0.0682 0.0480 
        H050  2 0.0458 0.0626 0.0643 0.0698 0.7575 
        H058  2 0.0467 0.4230 0.0927 0.2466 0.1910 
        H062  2 0.5907 0.1858 0.1274 0.0605 0.0356 
        H063  2 0.1028 0.2340 0.2637 0.0856 0.3139 
        H065  2 0.0734 0.0372 0.8422 0.0245 0.0225 
        H066  2 0.0227 0.6737 0.0539 0.1649 0.0848 
        H067  2 0.3265 0.0813 0.1830 0.2424 0.1668 
        H068  2 0.5755 0.0714 0.0452 0.1649 0.1430 
        H069  2 0.0812 0.3046 0.0798 0.0269 0.5076 
        H071  2 0.1709 0.0572 0.5778 0.1024 0.0917 
        H072  2 0.7408 0.0593 0.0545 0.0455 0.0999 
        H073  2 0.0644 0.1685 0.3475 0.2337 0.1858 
        H081  2 0.5316 0.0371 0.2720 0.0696 0.0897 
        H082  2 0.0285 0.1268 0.0639 0.0319 0.7488 
        H083  2 0.0302 0.0458 0.0441 0.0358 0.8441 
        H084  2 0.1301 0.1011 0.0612 0.5086 0.1990 
        H085  2 0.1160 0.0231 0.4216 0.0308 0.4086 
        H087  2 0.2290 0.0501 0.4693 0.1471 0.1046 
        H088  2 0.1974 0.1026 0.4653 0.1060 0.1287 
        H089  2 0.2764 0.1774 0.2532 0.0735 0.2194 
        H090  2 0.0249 0.0232 0.0744 0.0597 0.8178 
        H091  2 0.0457 0.0234 0.2570 0.0480 0.6260 
        H098  2 0.0801 0.1839 0.1808 0.2645 0.2908 
      H10001  2 0.7966 0.0780 0.0297 0.0633 0.0324 
      H10002  2 0.2573 0.2126 0.3834 0.0916 0.0550 
        H101  2 0.0403 0.0473 0.0289 0.0550 0.8284 
        H108  2 0.8286 0.0242 0.0767 0.0393 0.0311 
        H109  2 0.0639 0.3937 0.1726 0.1815 0.1883 
        H110  2 0.0936 0.0730 0.6952 0.0368 0.1014 
        H116  2 0.0737 0.2006 0.3059 0.0746 0.3452 
        H117  2 0.0350 0.0282 0.4285 0.3120 0.1963 
        H118  2 0.0293 0.0235 0.5957 0.0501 0.3013 
        H119  2 0.1119 0.0687 0.6065 0.1324 0.0806 
        H120  2 0.8412 0.0408 0.0642 0.0275 0.0262 
        H121  2 0.0376 0.0179 0.0369 0.0201 0.8875 
        H125  2 0.5410 0.0382 0.0411 0.3358 0.0439 
        H126  2 0.1958 0.5922 0.0807 0.0344 0.0969 
        H128  2 0.0119 0.0143 0.0232 0.0150 0.9355 
        H129  2 0.0399 0.0802 0.1638 0.5320 0.1841 
        H130  2 0.8427 0.0619 0.0181 0.0339 0.0434 
        H133  2 0.6016 0.0602 0.0318 0.0976 0.2088 
        H134  2 0.0276 0.0506 0.8458 0.0334 0.0427 
        H135  2 0.1190 0.1055 0.5788 0.0393 0.1574 
        H137  2 0.0363 0.0638 0.1052 0.5621 0.2326 
        H138  2 0.0676 0.1472 0.3901 0.2909 0.1041 
        H140  2 0.1174 0.0548 0.0525 0.2999 0.4754 
        H146  2 0.0227 0.0222 0.3566 0.0486 0.5499 
        H147  2 0.0404 0.0460 0.2565 0.0566 0.6005 
        H148  2 0.0522 0.0810 0.3685 0.4031 0.0952 
     H166022  2 0.1921 0.1674 0.1599 0.1488 0.3318 
     H167359  2 0.2452 0.2443 0.1278 0.1558 0.2270 
     H167397  2 0.0305 0.1430 0.1237 0.0325 0.6704 
     H167428  2 0.0252 0.0269 0.7580 0.0186 0.1714 
     H167496  2 0.2656 0.0691 0.3750 0.1750 0.1153 
     H167513  2 0.0364 0.8017 0.0245 0.0843 0.0530 
     H167545  2 0.0335 0.8453 0.0436 0.0369 0.0407 
     H167547  2 0.0355 0.0857 0.0588 0.4696 0.3504 
     H169621  2 0.0312 0.0434 0.0292 0.1705 0.7256 
     H169622  2 0.2902 0.3421 0.1625 0.0447 0.1605 
     H169750  2 0.0863 0.0348 0.0257 0.0465 0.8067 
     H171806  2 0.1130 0.0329 0.2421 0.1135 0.4985 
     H171808  2 0.3108 0.1640 0.4409 0.0247 0.0596 
     H171809  2 0.4297 0.0864 0.3326 0.0933 0.0579 
     H171813  2 0.0482 0.1352 0.0286 0.7299 0.0581 
     H171815  2 0.0401 0.7293 0.1159 0.0845 0.0303 
     H171824  2 0.3615 0.0328 0.3290 0.2010 0.0756 
     H171825  2 0.7088 0.1329 0.0578 0.0449 0.0555 
     H171826  2 0.0640 0.0761 0.7091 0.1019 0.0488 
     H171827  2 0.0485 0.3821 0.2454 0.1909 0.1331 
     H171828  2 0.7435 0.0288 0.0812 0.1045 0.0421 
     H171829  2 0.2871 0.1183 0.0298 0.4940 0.0708 
     H171830  2 0.1515 0.1913 0.3583 0.0512 0.2478 
     H171831  2 0.1178 0.2421 0.1511 0.3161 0.1728 
     H171832  2 0.1222 0.5447 0.0652 0.0353 0.2325 
     H171863  2 0.0291 0.2602 0.0992 0.0203 0.5912 
     H171864  2 0.1523 0.1573 0.4541 0.1010 0.1354 
     H171865  2 0.0754 0.2939 0.5360 0.0368 0.0578 
     H171879  2 0.0537 0.0723 0.1214 0.5517 0.2008 
     H171880  2 0.0383 0.0772 0.0932 0.1843 0.6070 
     H171881  2 0.0861 0.1304 0.2089 0.3704 0.2043 
     H171882  2 0.7861 0.0699 0.0650 0.0427 0.0363 
     H171929  2 0.1881 0.0941 0.2566 0.0565 0.4046 
     H171930  2 0.0215 0.8556 0.0307 0.0318 0.0605 
     H171933  2 0.1064 0.0445 0.0501 0.5076 0.2914 
     H171934  2 0.5027 0.1290 0.1572 0.1599 0.0512 
     H171937  2 0.1253 0.4666 0.0888 0.1001 0.2193 
     H171962  2 0.0700 0.4420 0.2641 0.0669 0.1570 
        H190  2 0.0435 0.1047 0.1084 0.3472 0.3961 
        H191  2 0.1370 0.3106 0.3025 0.1530 0.0970 
        H396  2 0.1171 0.0357 0.7486 0.0377 0.0609 
        H397  2 0.4342 0.0849 0.1140 0.1657 0.2012 
        H398  2 0.1526 0.0603 0.6544 0.0764 0.0563 
        H400  2 0.3018 0.2713 0.3311 0.0367 0.0590 
        H401  2 0.0330 0.0622 0.0462 0.6528 0.2059 
        H402  2 0.0311 0.4271 0.1888 0.1612 0.1917 
        H427  2 0.0675 0.0522 0.7466 0.0781 0.0555 
        H428  2 0.0213 0.0273 0.7957 0.0173 0.1384 
        H497  2 0.0440 0.8199 0.0490 0.0291 0.0580 
        H512  2 0.0499 0.1225 0.3189 0.3642 0.1446 
        H513  2 0.0345 0.7877 0.0286 0.0951 0.0542 
        H514  2 0.0423 0.2063 0.3727 0.0610 0.3177 
        H519  2 0.0497 0.6514 0.0328 0.1453 0.1207 
        H532  2 0.0394 0.0516 0.8131 0.0444 0.0515 
        H543  2 0.0547 0.1666 0.1403 0.0894 0.5490 
        H544  2 0.5268 0.0807 0.0380 0.0267 0.3279 
        H545  2 0.0287 0.8891 0.0282 0.0296 0.0244 
        H546  2 0.1602 0.3286 0.3324 0.1325 0.0463 
        H547  2 0.0317 0.0902 0.0434 0.4503 0.3844 
        H548  2 0.4364 0.2103 0.1797 0.0721 0.1015 
        H549  2 0.0181 0.9266 0.0207 0.0175 0.0171 
        H620  2 0.5670 0.1160 0.1587 0.1168 0.0415 
        H623  2 0.0407 0.6177 0.0466 0.1218 0.1731 
        H624  2 0.0536 0.8416 0.0395 0.0206 0.0447 
        H625  2 0.3600 0.2036 0.3167 0.0436 0.0762 
        H626  2 0.1105 0.6197 0.0814 0.0919 0.0966 
        H654  2 0.0859 0.7961 0.0374 0.0601 0.0205 
        H655  2 0.3911 0.2129 0.0579 0.1484 0.1898 
        H656  2 0.8485 0.0418 0.0581 0.0242 0.0274 
        H666  2 0.3493 0.0884 0.0702 0.2487 0.2434 
        H667  2 0.0697 0.5226 0.2362 0.0743 0.0972 
        H677  2 0.1098 0.1155 0.6107 0.0829 0.0811 
        H693  2 0.5255 0.0761 0.2171 0.1345 0.0468 
        H694  2 0.0908 0.3547 0.0305 0.0510 0.4731 
        H701  2 0.0679 0.2192 0.0899 0.1395 0.4836 
        H702  2 0.3719 0.1582 0.1497 0.1679 0.1523 
        H731  2 0.4052 0.0530 0.0881 0.0763 0.3774 
       H7359  2 0.2704 0.1786 0.1366 0.1627 0.2516 
       H7389  2 0.0433 0.0984 0.5953 0.1386 0.1244 
       H7390  2 0.0836 0.0533 0.0518 0.7794 0.0319 
       H7391  2 0.1090 0.0371 0.6511 0.1443 0.0585 
       H7392  2 0.1078 0.0810 0.1114 0.2058 0.4939 
       H7393  2 0.1275 0.1704 0.0394 0.5465 0.1163 
       H7398  2 0.0986 0.0419 0.5959 0.0683 0.1953 
       H7399  2 0.0417 0.2141 0.3264 0.1047 0.3130 
       H7400  2 0.5386 0.3225 0.0520 0.0647 0.0223 
        H745  2 0.0483 0.0610 0.1116 0.1434 0.6357 
        H746  2 0.0354 0.4460 0.3959 0.0430 0.0797 
        H747  2 0.4621 0.0884 0.0883 0.2773 0.0840 
        H748  2 0.0918 0.4482 0.2195 0.1035 0.1371 
       H7484  2 0.7227 0.0468 0.0450 0.1451 0.0405 
       H7485  2 0.0242 0.8451 0.0500 0.0259 0.0549 
        H749  2 0.0716 0.7934 0.0720 0.0237 0.0393 
        H930  2 0.0314 0.6722 0.0449 0.0754 0.1761 
        H931  2 0.2525 0.0456 0.4273 0.0364 0.2383 
        H932  2 0.0689 0.0499 0.6849 0.1135 0.0829 
      H008.1  2 0.0812 0.0460 0.7975 0.0239 0.0514 
 H029.1_2002  2 0.0377 0.3051 0.5442 0.0400 0.0730 
 H029.1_2003  2 0.0434 0.0421 0.7865 0.0340 0.0939 
      H030.1  2 0.0775 0.0538 0.1472 0.4781 0.2434 
      H038.1  2 0.2000 0.1271 0.6071 0.0242 0.0416 
      H041.1  2 0.0174 0.0232 0.1916 0.0206 0.7472 
 H042.1_2002  2 0.0472 0.0318 0.0413 0.0484 0.8313 
 H042.1_2003  2 0.1701 0.3011 0.2910 0.0767 0.1610 
   H042_2002  2 0.6485 0.1395 0.0734 0.0549 0.0836 
   H042_2003  2 0.6735 0.1144 0.0644 0.0643 0.0833 
      H043.1  2 0.0297 0.8918 0.0359 0.0174 0.0252 
      H047.1  2 0.0753 0.7336 0.1188 0.0433 0.0290 
 H071.1_2002  2 0.0711 0.2393 0.5830 0.0578 0.0487 
 H071.1_2003  2 0.2310 0.1743 0.4075 0.0705 0.1167 
 H081.1_2002  2 0.0628 0.1004 0.7646 0.0327 0.0394 
 H081.1_2003  2 0.0809 0.2816 0.4545 0.1101 0.0728 
      H083.1  2 0.0243 0.2241 0.3635 0.0492 0.3389 
      H084.1  2 0.0385 0.4766 0.0551 0.3334 0.0964 
 H085.1_2002  2 0.1350 0.0574 0.2991 0.0233 0.4853 
 H085.1_2003  2 0.0288 0.0231 0.5564 0.0260 0.3657 
      H088.1  2 0.0345 0.0432 0.1384 0.0605 0.7234 
      H091.1  2 0.0124 0.0157 0.0203 0.0225 0.9292 
      H109.1  2 0.0389 0.6053 0.0752 0.1754 0.1051 
      H126.1  2 0.4113 0.2893 0.0568 0.1267 0.1158 
      H130.1  2 0.7546 0.0695 0.0295 0.0409 0.1056 
      H133.1  2 0.2479 0.2513 0.1286 0.0624 0.3098 
      H147.1  2 0.0919 0.1174 0.1383 0.1412 0.5112 
      H148.1  2 0.2419 0.2901 0.2713 0.1265 0.0701 
   H166022.1  2 0.0209 0.0328 0.0307 0.0289 0.8868 
   H167397.1  2 0.0317 0.6234 0.1128 0.0580 0.1742 
   H167496.1  2 0.1495 0.0745 0.3288 0.3099 0.1373 
   H167513.1  2 0.0643 0.6457 0.0402 0.0564 0.1934 
   H167547.1  2 0.1539 0.1533 0.0675 0.4440 0.1813 
   H169750.1  2 0.2367 0.0465 0.0445 0.1904 0.4819 
   H171929.1  2 0.0431 0.4028 0.0566 0.0425 0.4549 
   H171930.1  2 0.0280 0.7881 0.0384 0.0901 0.0554 
   H171933.1  2 0.1312 0.0567 0.1313 0.0407 0.6401 
      H190.1  2 0.1152 0.1031 0.1067 0.5962 0.0789 
      H400.1  2 0.0394 0.0890 0.1858 0.0473 0.6385 
 H428.1_2005  2 0.0372 0.0477 0.3851 0.0326 0.4974 
 H428.1_2006  2 0.0339 0.0323 0.0957 0.0278 0.8102 
      H453.1  2 0.0405 0.0437 0.0475 0.0410 0.8272 
      H512.1  2 0.0594 0.1764 0.1847 0.2159 0.3636 
      H513.1  2 0.0292 0.0695 0.0272 0.0588 0.8152 
      H532.1  2 0.1246 0.1706 0.5197 0.0659 0.1191 
      H543.1  2 0.0335 0.2887 0.3930 0.0365 0.2484 
 H545.1_2005  2 0.0192 0.9322 0.0188 0.0151 0.0147 
 H545.1_2006  2 0.0259 0.2009 0.6453 0.0363 0.0915 
      H547.1  2 0.0260 0.0182 0.0235 0.0477 0.8846 
      H548.1  2 0.0585 0.7652 0.0877 0.0302 0.0584 
     H7389.1  2 0.1476 0.0282 0.0781 0.0428 0.7033 
      H747.1  2 0.3596 0.1160 0.0607 0.1733 0.2904 
     H7484.1  2 0.4054 0.0781 0.1895 0.1019 0.2251 
     H7485.1  2 0.0412 0.1408 0.5749 0.0503 0.1929 
     H7496.1  2 0.1212 0.0487 0.1985 0.4389 0.1927 
        D211  3 0.1064 0.3452 0.2229 0.2853 0.0402 
     D229639  3 0.1465 0.0675 0.2988 0.4219 0.0652 
     D237212  3 0.1442 0.0987 0.2939 0.3259 0.1373 
     D237213  3 0.0923 0.2608 0.1860 0.3457 0.1152 
     D237214  3 0.0941 0.4100 0.1014 0.0470 0.3475 
     D237215  3 0.1565 0.0455 0.0233 0.0706 0.7042 
     D237216  3 0.0862 0.2346 0.0750 0.2347 0.3695 
     D237217  3 0.0268 0.5562 0.1844 0.1956 0.0370 
     D237218  3 0.0350 0.0387 0.0932 0.7981 0.0349 
     D237219  3 0.2766 0.3572 0.0703 0.2493 0.0466 
     D237382  3 0.2630 0.1004 0.1122 0.4039 0.1205 
     D244127  3 0.0337 0.4231 0.0367 0.2047 0.3018 
     D244129  3 0.1605 0.2036 0.2250 0.1410 0.2699 
     D244133  3 0.4567 0.0887 0.1064 0.0473 0.3009 
     D244134  3 0.3104 0.2391 0.1063 0.2826 0.0615 
     D244135  3 0.0660 0.5777 0.1827 0.0656 0.1081 
     D244136  3 0.3281 0.0679 0.3089 0.0526 0.2425 
        D416  3 0.0467 0.1851 0.1480 0.3362 0.2839 
        D417  3 0.0391 0.0429 0.6964 0.1925 0.0290 
        D419  3 0.1457 0.2399 0.2782 0.2409 0.0952 
        D565  3 0.8019 0.0341 0.0994 0.0323 0.0324 
        D566  3 0.2544 0.0429 0.2227 0.1910 0.2889 
        D567  3 0.0622 0.1418 0.7277 0.0317 0.0366 
        D568  3 0.0300 0.2885 0.5275 0.0998 0.0541 
        D569  3 0.1068 0.3840 0.0804 0.1355 0.2933 
        D573  3 0.0285 0.0274 0.7327 0.0953 0.1161 
        D574  3 0.3856 0.1263 0.0981 0.1232 0.2668 
        D575  3 0.4255 0.4489 0.0571 0.0307 0.0377 
        D576  3 0.0519 0.0334 0.0125 0.0396 0.8626 
        D577  3 0.2972 0.1227 0.4535 0.0909 0.0358 
        D578  3 0.0217 0.4182 0.0190 0.0519 0.4891 
        D579  3 0.3549 0.0884 0.2264 0.2449 0.0854 
        D660  3 0.0559 0.2229 0.0277 0.0677 0.6259 
        D661  3 0.0247 0.0468 0.0309 0.8320 0.0657 
        D663  3 0.0628 0.0373 0.2035 0.6171 0.0793 
        D664  3 0.3109 0.4201 0.0413 0.1281 0.0997 
        D665  3 0.0443 0.6326 0.0340 0.0861 0.2030 
        D666  3 0.4463 0.1531 0.1422 0.1673 0.0912 
        H111  3 0.0770 0.6104 0.0784 0.1681 0.0661 
        H951  3 0.1077 0.2953 0.1309 0.0677 0.3984 
        H952  3 0.1230 0.0439 0.0667 0.1253 0.6412 
        H953  3 0.1254 0.0595 0.5506 0.2053 0.0592 
        H954  3 0.3820 0.1762 0.0634 0.1496 0.2289 
        H955  3 0.0475 0.4046 0.1374 0.0292 0.3813 
        H956  3 0.0890 0.0448 0.3341 0.1004 0.4317 
       H9563  3 0.2305 0.0472 0.0840 0.3840 0.2542 
        D009  4 0.0649 0.6541 0.0666 0.1678 0.0466 
        D057  4 0.0336 0.1774 0.0730 0.6347 0.0812 
        D109  4 0.4256 0.3370 0.0894 0.0416 0.1064 
     D237222  4 0.1185 0.6001 0.0577 0.1637 0.0600 
     D237223  4 0.1766 0.2258 0.0539 0.3623 0.1815 
     D237224  4 0.0534 0.1085 0.5169 0.1193 0.2019 
     D237225  4 0.0939 0.2356 0.0962 0.4951 0.0791 
     D237299  4 0.0387 0.0207 0.0311 0.8779 0.0316 
     D237300  4 0.0570 0.0459 0.0400 0.8037 0.0533 
     D237306  4 0.4456 0.0726 0.1048 0.2415 0.1356 
     D237307  4 0.3193 0.0408 0.4772 0.1023 0.0604 
     D237308  4 0.2115 0.3122 0.0867 0.0810 0.3086 
     D237309  4 0.0634 0.4155 0.2393 0.2118 0.0700 
     D237317  4 0.5232 0.1833 0.2006 0.0532 0.0397 
     D237318  4 0.0328 0.0182 0.0729 0.7757 0.1004 
     D237319  4 0.1079 0.1877 0.2970 0.2568 0.1507 
     D237320  4 0.0472 0.0636 0.1546 0.6472 0.0874 
     D237321  4 0.0905 0.1041 0.2276 0.4190 0.1588 
     D237397  4 0.1857 0.1008 0.0803 0.5578 0.0754 
     D237398  4 0.0240 0.0284 0.2101 0.6628 0.0746 
     D237399  4 0.1860 0.0647 0.2499 0.4393 0.0600 
     D244001  4 0.0564 0.7667 0.0483 0.0770 0.0515 
        D289  4 0.2024 0.0704 0.3729 0.2399 0.1143 
        D290  4 0.1329 0.1042 0.0930 0.5763 0.0937 
        D294  4 0.2105 0.1559 0.1559 0.3736 0.1041 
        D295  4 0.1805 0.1075 0.3284 0.3319 0.0517 
        D301  4 0.0601 0.7565 0.0335 0.1135 0.0365 
        D302  4 0.0817 0.0693 0.6560 0.1457 0.0473 
        D303  4 0.7493 0.0642 0.0469 0.0742 0.0654 
        D304  4 0.2462 0.0542 0.1877 0.4542 0.0576 
        D305  4 0.0441 0.4362 0.0642 0.2169 0.2386 
        D306  4 0.3539 0.2081 0.1008 0.1971 0.1401 
        D307  4 0.0970 0.7385 0.0301 0.0980 0.0364 
        D327  4 0.1315 0.0344 0.6981 0.0394 0.0966 
        D328  4 0.6131 0.1071 0.0653 0.1276 0.0870 
        D329  4 0.0647 0.5261 0.1223 0.2337 0.0531 
        D330  4 0.0376 0.4260 0.3600 0.0633 0.1131 
        D331  4 0.2307 0.1984 0.2291 0.1980 0.1438 
        D333  4 0.3326 0.2175 0.0809 0.3157 0.0533 
        D334  4 0.6600 0.0647 0.1033 0.1240 0.0481 
        D335  4 0.0977 0.0926 0.6331 0.0687 0.1080 
        D370  4 0.3553 0.3491 0.1071 0.0774 0.1111 
        D371  4 0.6329 0.0292 0.1796 0.0271 0.1312 
        D372  4 0.0594 0.0371 0.0232 0.8479 0.0323 
        D373  4 0.0278 0.7548 0.0503 0.0618 0.1053 
        D455  4 0.0416 0.7076 0.0456 0.1673 0.0380 
        D490  4 0.0508 0.7036 0.0369 0.1844 0.0243 
        D497  4 0.0549 0.6415 0.0226 0.2289 0.0520 
        D498  4 0.2703 0.2919 0.0951 0.1873 0.1554 
        D499  4 0.0684 0.0356 0.1290 0.2207 0.5463 
        D514  4 0.1350 0.0877 0.3848 0.1736 0.2190 
        D515  4 0.0943 0.0683 0.0806 0.6475 0.1094 
        D516  4 0.2518 0.2073 0.2176 0.1403 0.1830 
        D517  4 0.0261 0.6794 0.0745 0.1196 0.1004 
        D518  4 0.1480 0.2660 0.1596 0.3628 0.0637 
        D519  4 0.0306 0.0253 0.0644 0.8288 0.0509 
        D560  4 0.0299 0.0420 0.0829 0.8065 0.0387 
        D561  4 0.0231 0.0990 0.6842 0.0509 0.1428 
        D562  4 0.1609 0.2592 0.1293 0.2557 0.1950 
        D563  4 0.0223 0.0505 0.0717 0.0882 0.7673 
        D572  4 0.1823 0.1973 0.2854 0.1815 0.1535 
        D629  4 0.1129 0.1618 0.6257 0.0526 0.0470 
        D630  4 0.1597 0.0853 0.2341 0.4427 0.0782 
        D631  4 0.0662 0.0816 0.0941 0.6647 0.0935 
        D632  4 0.0444 0.6267 0.0964 0.0362 0.1963 
        D646  4 0.0372 0.1426 0.1118 0.6420 0.0664 
        D647  4 0.0233 0.1688 0.5700 0.1477 0.0902 
        D648  4 0.7471 0.0709 0.0367 0.0535 0.0918 
        D649  4 0.0502 0.1256 0.7371 0.0529 0.0341 
        D650  4 0.3208 0.0681 0.2871 0.2726 0.0513 
        D708  4 0.5322 0.1254 0.0797 0.2076 0.0551 
        D709  4 0.4478 0.2992 0.0815 0.0875 0.0841 
        D738  4 0.4561 0.1353 0.1561 0.1831 0.0693 
        D739  4 0.0767 0.3220 0.0525 0.4719 0.0768 
        D740  4 0.1979 0.2468 0.0356 0.4738 0.0459 
        D741  4 0.0293 0.0391 0.2519 0.4385 0.2412 
        D742  4 0.0780 0.0515 0.1043 0.2814 0.4848 
        D743  4 0.0858 0.0523 0.6459 0.0942 0.1219 
        D744  4 0.0629 0.0895 0.3790 0.2431 0.2256 
        D745  4 0.0535 0.0468 0.0569 0.7758 0.0670 
        D814  4 0.0498 0.1591 0.0704 0.5793 0.1414 
        D815  4 0.3749 0.2118 0.2799 0.0789 0.0544 
        D828  4 0.4806 0.1290 0.0240 0.2483 0.1181 
        D845  4 0.0655 0.0339 0.1198 0.7057 0.0752 
        D846  4 0.0273 0.2187 0.4843 0.0863 0.1834 
        D847  4 0.1370 0.1174 0.2190 0.4015 0.1251 
