        D174  1 0.1319 0.0745 0.7135 0.0802 
        D199  1 0.5948 0.1610 0.1824 0.0618 
        D203  1 0.3521 0.1838 0.1693 0.2947 
        D204  1 0.7779 0.0647 0.1083 0.0491 
     D237366  1 0.1269 0.1492 0.1383 0.5856 
     D237367  1 0.5645 0.1207 0.2434 0.0714 
     D237368  1 0.2631 0.5932 0.0903 0.0534 
     D244101  1 0.8628 0.0416 0.0351 0.0605 
     D244102  1 0.1373 0.4028 0.2627 0.1972 
     D244103  1 0.2608 0.1582 0.2542 0.3268 
     D244104  1 0.6251 0.0991 0.2072 0.0687 
     D244105  1 0.1228 0.4987 0.0431 0.3354 
     D244106  1 0.1356 0.0694 0.4519 0.3431 
     D244107  1 0.1442 0.7770 0.0293 0.0495 
     D244108  1 0.1610 0.3909 0.3469 0.1011 
     D244113  1 0.0298 0.0828 0.8581 0.0294 
     D244114  1 0.1056 0.0981 0.1651 0.6311 
     D244115  1 0.2378 0.1257 0.5492 0.0872 
     D267365  1 0.3474 0.1095 0.4486 0.0946 
        D404  1 0.0660 0.1098 0.7095 0.1147 
        D405  1 0.1737 0.1976 0.5049 0.1237 
        D406  1 0.0666 0.8296 0.0534 0.0505 
        D407  1 0.8077 0.0904 0.0596 0.0423 
        D408  1 0.1207 0.0414 0.6536 0.1844 
        D409  1 0.2161 0.1428 0.0666 0.5745 
        D410  1 0.0501 0.8502 0.0649 0.0348 
        D421  1 0.9055 0.0237 0.0478 0.0230 
        D422  1 0.0578 0.7435 0.0225 0.1763 
        D423  1 0.2445 0.6798 0.0398 0.0358 
        D424  1 0.8321 0.0475 0.0862 0.0342 
        D425  1 0.3250 0.0655 0.4934 0.1162 
        D426  1 0.1381 0.0761 0.0453 0.7405 
        D427  1 0.8606 0.0511 0.0505 0.0378 
        D428  1 0.2554 0.2684 0.4179 0.0582 
        D429  1 0.2336 0.0596 0.4465 0.2603 
        D430  1 0.2601 0.0692 0.2359 0.4348 
        D491  1 0.1192 0.0685 0.7670 0.0452 
        D492  1 0.2946 0.0609 0.5791 0.0654 
        D537  1 0.5404 0.1401 0.2734 0.0461 
        D538  1 0.1575 0.5083 0.2065 0.1278 
        D539  1 0.0554 0.1726 0.4042 0.3678 
        D540  1 0.2439 0.1886 0.3964 0.1712 
        D541  1 0.8999 0.0340 0.0367 0.0294 
        D551  1 0.0957 0.1399 0.0596 0.7048 
        D552  1 0.1954 0.5809 0.1416 0.0821 
        D553  1 0.8453 0.0387 0.0775 0.0385 
        D615  1 0.2376 0.3197 0.2721 0.1706 
        D616  1 0.5978 0.2004 0.0938 0.1080 
        D621  1 0.0384 0.7155 0.1963 0.0498 
        D622  1 0.1232 0.5662 0.1228 0.1878 
        D623  1 0.4166 0.1385 0.3775 0.0674 
        D624  1 0.0849 0.0441 0.8090 0.0621 
        D625  1 0.3008 0.0841 0.5546 0.0605 
        D626  1 0.1008 0.0990 0.6952 0.1050 
        D627  1 0.4646 0.0420 0.0522 0.4413 
        D690  1 0.3386 0.1164 0.4980 0.0470 
        D691  1 0.2068 0.2614 0.0702 0.4616 
        D710  1 0.5017 0.2191 0.2205 0.0586 
        D711  1 0.4746 0.1682 0.2572 0.1000 
        D712  1 0.0657 0.1759 0.6417 0.1167 
        D713  1 0.0897 0.0818 0.7746 0.0539 
        D746  1 0.1062 0.7318 0.0614 0.1005 
        D747  1 0.8495 0.0342 0.0701 0.0462 
        D748  1 0.3540 0.0973 0.1682 0.3804 
        D749  1 0.0754 0.6935 0.1200 0.1111 
        D750  1 0.1544 0.0681 0.7306 0.0469 
        D763  1 0.4202 0.2235 0.1397 0.2166 
        D764  1 0.5677 0.1156 0.2740 0.0428 
        D765  1 0.0373 0.6083 0.1671 0.1873 
        D766  1 0.1445 0.6158 0.1807 0.0590 
        D767  1 0.2312 0.3520 0.2458 0.1710 
        D768  1 0.8748 0.0371 0.0416 0.0466 
        D811  1 0.0469 0.0741 0.8247 0.0543 
        D816  1 0.6034 0.0681 0.2934 0.0350 
        D825  1 0.0847 0.1689 0.6748 0.0716 
        D866  1 0.2677 0.1357 0.2181 0.3785 
        D867  1 0.0571 0.8354 0.0674 0.0402 
        D871  1 0.1080 0.0507 0.1367 0.7047 
        D872  1 0.2126 0.5951 0.1466 0.0457 
        D873  1 0.0155 0.9455 0.0198 0.0192 
        D874  1 0.3224 0.0409 0.5106 0.1262 
        D875  1 0.0926 0.0947 0.0475 0.7652 
        D876  1 0.3644 0.2563 0.2946 0.0847 
        D877  1 0.0466 0.0662 0.8455 0.0416 
        D892  1 0.2903 0.0724 0.3877 0.2496 
        D893  1 0.4450 0.1860 0.1610 0.2080 
        D894  1 0.4740 0.0648 0.1579 0.3033 
        D915  1 0.3694 0.1841 0.2639 0.1825 
        D916  1 0.8439 0.0423 0.0687 0.0451 
        D917  1 0.2844 0.0910 0.5752 0.0494 
        D925  1 0.0687 0.7828 0.1188 0.0297 
        D926  1 0.3204 0.1052 0.4878 0.0866 
        D927  1 0.7114 0.0820 0.1022 0.1044 
        D928  1 0.0684 0.0531 0.8557 0.0227 
        D929  1 0.0745 0.1109 0.6794 0.1353 
        D936  1 0.5067 0.0895 0.2594 0.1444 
        D938  1 0.0474 0.8490 0.0562 0.0473 
        D956  1 0.0928 0.1176 0.5850 0.2045 
        D957  1 0.1790 0.6570 0.0985 0.0655 
        D958  1 0.1958 0.3885 0.3699 0.0458 
        D959  1 0.8097 0.0994 0.0442 0.0467 
        D960  1 0.0444 0.8626 0.0411 0.0520 
        D989  1 0.5383 0.0563 0.2996 0.1058 
        D990  1 0.0435 0.8577 0.0445 0.0543 
        H102  1 0.1482 0.1253 0.6379 0.0886 
        H103  1 0.3074 0.4357 0.0894 0.1676 
        H104  1 0.2728 0.0641 0.2582 0.4049 
        H105  1 0.2406 0.1173 0.5881 0.0540 
        H106  1 0.0759 0.4372 0.1655 0.3214 
        H112  1 0.1675 0.1326 0.3879 0.3120 
        H113  1 0.5474 0.1187 0.1150 0.2189 
        H114  1 0.6958 0.1167 0.0597 0.1278 
        H115  1 0.3690 0.0863 0.2164 0.3283 
        H143  1 0.5170 0.2341 0.1920 0.0569 
        H144  1 0.8314 0.0572 0.0677 0.0436 
        H145  1 0.0467 0.1255 0.6819 0.1460 
        H149  1 0.3142 0.0665 0.1659 0.4534 
        H150  1 0.0747 0.2488 0.3034 0.3731 
     H167542  1 0.4465 0.1186 0.3515 0.0835 
     H169604  1 0.2357 0.0511 0.5256 0.1876 
     H169607  1 0.0636 0.0675 0.8076 0.0613 
     H169608  1 0.0682 0.1137 0.7115 0.1066 
     H169633  1 0.5866 0.1492 0.1494 0.1147 
     H169688  1 0.1339 0.7580 0.0594 0.0487 
     H169714  1 0.0830 0.0576 0.0505 0.8089 
     H171802  1 0.4038 0.2572 0.0896 0.2493 
     H171805  1 0.0716 0.5524 0.0947 0.2814 
     H171807  1 0.0672 0.1421 0.5285 0.2621 
     H171814  1 0.7076 0.1552 0.0415 0.0957 
     H171816  1 0.1309 0.3966 0.2245 0.2480 
     H171817  1 0.0722 0.1153 0.6871 0.1253 
     H171818  1 0.2015 0.4103 0.0880 0.3003 
     H171819  1 0.3120 0.2411 0.1843 0.2627 
     H171834  1 0.1856 0.2147 0.0544 0.5454 
     H171835  1 0.2037 0.1470 0.1071 0.5422 
     H171836  1 0.2600 0.6150 0.0665 0.0585 
     H171837  1 0.3978 0.0779 0.3630 0.1613 
     H171838  1 0.0400 0.4093 0.0435 0.5072 
     H171839  1 0.4544 0.0478 0.2056 0.2922 
     H171841  1 0.0363 0.2787 0.5967 0.0883 
     H171860  1 0.2141 0.0464 0.6399 0.0997 
     H171861  1 0.3097 0.4773 0.1155 0.0975 
     H171862  1 0.2455 0.1380 0.1608 0.4557 
     H171868  1 0.5699 0.0984 0.1769 0.1547 
     H171869  1 0.2447 0.5551 0.0456 0.1547 
     H171870  1 0.0846 0.5908 0.0928 0.2318 
     H171871  1 0.1595 0.4003 0.0722 0.3679 
     H171872  1 0.1105 0.0544 0.6479 0.1872 
     H171873  1 0.1052 0.4733 0.0561 0.3654 
     H171874  1 0.3954 0.2366 0.1577 0.2103 
     H171875  1 0.7122 0.1579 0.0582 0.0717 
     H171876  1 0.6923 0.0802 0.1503 0.0772 
     H171877  1 0.4601 0.0822 0.3678 0.0898 
     H171878  1 0.1068 0.7558 0.0461 0.0913 
     H171901  1 0.0585 0.1962 0.6839 0.0614 
     H171902  1 0.0342 0.0609 0.8265 0.0783 
     H171903  1 0.5127 0.0650 0.1093 0.3130 
     H171935  1 0.0358 0.3604 0.1200 0.4838 
     H171936  1 0.6909 0.1808 0.0614 0.0669 
     H171940  1 0.1353 0.1165 0.6122 0.1359 
     H171945  1 0.1115 0.6228 0.1737 0.0920 
     H171948  1 0.1196 0.1913 0.2076 0.4815 
     H171949  1 0.0763 0.0944 0.4005 0.4288 
     H171950  1 0.1053 0.0987 0.4773 0.3188 
     H171963  1 0.0586 0.8176 0.0330 0.0907 
     H171964  1 0.0574 0.2328 0.0658 0.6440 
     H171966  1 0.1041 0.4792 0.0945 0.3223 
     H171968  1 0.0538 0.0829 0.8088 0.0546 
     H171971  1 0.0392 0.2226 0.0553 0.6830 
     H171972  1 0.5040 0.2657 0.1171 0.1132 
     H171977  1 0.2576 0.5290 0.0947 0.1187 
     H171978  1 0.0533 0.2984 0.2581 0.3902 
     H171979  1 0.1272 0.2475 0.1915 0.4337 
        H176  1 0.3089 0.0551 0.5330 0.1029 
        H177  1 0.0646 0.3189 0.4352 0.1813 
        H179  1 0.5607 0.0577 0.3037 0.0780 
        H181  1 0.1382 0.5833 0.0843 0.1943 
        H182  1 0.1235 0.5974 0.1206 0.1585 
        H183  1 0.1427 0.7702 0.0445 0.0426 
        H184  1 0.0754 0.1745 0.5368 0.2134 
        H185  1 0.1917 0.5694 0.0907 0.1482 
        H186  1 0.6786 0.1817 0.0649 0.0747 
        H187  1 0.0869 0.8265 0.0500 0.0366 
        H188  1 0.4394 0.0655 0.3428 0.1523 
        H192  1 0.0589 0.3393 0.1294 0.4724 
        H193  1 0.1297 0.2612 0.3469 0.2622 
        H194  1 0.1788 0.0665 0.1550 0.5998 
        H195  1 0.0954 0.7864 0.0523 0.0659 
        H199  1 0.0591 0.4744 0.4041 0.0624 
        H200  1 0.5356 0.1154 0.2626 0.0864 
        H414  1 0.2298 0.2132 0.2363 0.3207 
        H415  1 0.5521 0.1274 0.1681 0.1525 
        H422  1 0.1194 0.4309 0.3469 0.1029 
        H423  1 0.0673 0.1019 0.6986 0.1322 
        H424  1 0.2319 0.6417 0.0472 0.0791 
        H425  1 0.0794 0.7966 0.0620 0.0620 
        H426  1 0.0556 0.2402 0.0532 0.6510 
        H443  1 0.5938 0.1834 0.1442 0.0786 
        H466  1 0.3560 0.1286 0.1034 0.4120 
        H467  1 0.0382 0.0602 0.0351 0.8665 
        H472  1 0.0738 0.0516 0.8200 0.0546 
        H483  1 0.3603 0.3313 0.2026 0.1058 
        H504  1 0.1033 0.6901 0.1506 0.0560 
        H505  1 0.2775 0.2542 0.3200 0.1483 
        H506  1 0.1448 0.2694 0.4252 0.1606 
        H507  1 0.2148 0.5136 0.1483 0.1233 
        H508  1 0.1247 0.1688 0.1118 0.5946 
        H524  1 0.4222 0.3516 0.1315 0.0946 
        H525  1 0.1865 0.2045 0.4023 0.2067 
        H526  1 0.2948 0.0886 0.5315 0.0851 
        H527  1 0.0871 0.2835 0.5180 0.1113 
        H528  1 0.5066 0.0703 0.2464 0.1767 
        H529  1 0.2421 0.4529 0.1536 0.1515 
        H533  1 0.0778 0.5101 0.1762 0.2359 
        H538  1 0.1510 0.0756 0.6853 0.0881 
        H539  1 0.0428 0.8980 0.0329 0.0263 
        H540  1 0.1292 0.4450 0.2177 0.2081 
        H541  1 0.4810 0.0827 0.2996 0.1367 
        H558  1 0.0495 0.8640 0.0420 0.0444 
        H559  1 0.3213 0.1081 0.5148 0.0558 
        H579  1 0.0582 0.7818 0.1049 0.0552 
        H584  1 0.1315 0.0960 0.1820 0.5905 
        H585  1 0.1863 0.1885 0.1050 0.5201 
        H605  1 0.1909 0.3132 0.3530 0.1430 
        H606  1 0.1189 0.0497 0.7862 0.0451 
        H632  1 0.1614 0.1511 0.2476 0.4399 
        H634  1 0.2311 0.3351 0.2691 0.1647 
        H671  1 0.0598 0.0432 0.7889 0.1080 
        H672  1 0.8479 0.0505 0.0609 0.0407 
        H673  1 0.4778 0.1910 0.2633 0.0679 
        H689  1 0.4486 0.1183 0.1384 0.2947 
        H690  1 0.1910 0.2024 0.2634 0.3432 
        H691  1 0.6697 0.0815 0.1320 0.1167 
        H692  1 0.5868 0.2040 0.0861 0.1231 
        H709  1 0.5728 0.0958 0.1277 0.2037 
        H710  1 0.4221 0.2494 0.0607 0.2678 
       H7355  1 0.1293 0.1405 0.5163 0.2140 
       H7356  1 0.0805 0.4149 0.0903 0.4144 
       H7357  1 0.1157 0.1407 0.6323 0.1113 
       H7358  1 0.3861 0.1849 0.3972 0.0319 
       H7380  1 0.2533 0.1082 0.2859 0.3525 
       H7381  1 0.1808 0.1406 0.5063 0.1722 
       H7382  1 0.2577 0.2345 0.3039 0.2039 
        H904  1 0.2631 0.0780 0.5373 0.1216 
        H923  1 0.2445 0.2446 0.2148 0.2961 
        H924  1 0.2602 0.2062 0.4586 0.0750 
        H925  1 0.5464 0.1509 0.2662 0.0365 
       H9558  1 0.0334 0.9052 0.0292 0.0322 
      H105.1  1 0.1348 0.1700 0.0623 0.6329 
      H115.1  1 0.6973 0.1411 0.0868 0.0748 
      H145.1  1 0.0915 0.0541 0.8075 0.0468 
      H149.1  1 0.8300 0.0451 0.0797 0.0452 
      H150.1  1 0.0488 0.7116 0.1175 0.1222 
   H169607.1  1 0.1198 0.1672 0.6384 0.0746 
   H169633.1  1 0.6829 0.1569 0.1055 0.0547 
   H169688.1  1 0.7780 0.0915 0.0922 0.0383 
   H171901.1  1 0.2542 0.2897 0.1562 0.2999 
   H171902.1  1 0.0460 0.0977 0.8153 0.0410 
   H171903.1  1 0.1006 0.1120 0.5153 0.2721 
      H177.1  1 0.7091 0.0573 0.1897 0.0439 
      H179.1  1 0.3634 0.1657 0.3891 0.0819 
      H180.1  1 0.1090 0.2521 0.2215 0.4175 
      H181.1  1 0.2173 0.2325 0.1801 0.3701 
 H194.1_2004  1 0.2574 0.3858 0.1276 0.2293 
 H195.1_2003  1 0.2835 0.3222 0.2138 0.1805 
 H195.1_2004  1 0.3110 0.0612 0.5254 0.1025 
      H415.1  1 0.5940 0.2134 0.0970 0.0956 
      H506.1  1 0.5062 0.1498 0.2762 0.0679 
      H533.1  1 0.2192 0.3704 0.3274 0.0831 
      H535.1  1 0.2381 0.1861 0.2364 0.3394 
      H539.1  1 0.0924 0.6995 0.1331 0.0750 
      H540.1  1 0.0335 0.8340 0.0709 0.0615 
     H9558.1  1 0.0662 0.8223 0.0681 0.0434 
    kos339.1  1 0.5674 0.0722 0.2378 0.1227 
        D023  2 0.1879 0.7500 0.0341 0.0281 
        D130  2 0.0449 0.8063 0.0682 0.0806 
        D131  2 0.7575 0.0507 0.0570 0.1349 
        D163  2 0.0730 0.7042 0.0569 0.1660 
        D164  2 0.0395 0.9153 0.0206 0.0246 
        D165  2 0.2062 0.7000 0.0325 0.0612 
        D166  2 0.0621 0.3878 0.1834 0.3666 
        D167  2 0.3035 0.5264 0.0543 0.1158 
        D192  2 0.1646 0.6623 0.0391 0.1340 
        D193  2 0.0667 0.2206 0.3811 0.3316 
        D206  2 0.5096 0.2669 0.1325 0.0910 
        D207  2 0.4809 0.1502 0.0913 0.2777 
        D208  2 0.1123 0.1015 0.5755 0.2106 
        D209  2 0.1673 0.7499 0.0384 0.0444 
        D210  2 0.1911 0.0681 0.4213 0.3195 
     D229599  2 0.3404 0.2928 0.1407 0.2261 
     D229600  2 0.1000 0.7429 0.0509 0.1062 
     D237227  2 0.2048 0.2533 0.4302 0.1117 
     D237228  2 0.0715 0.5581 0.2878 0.0827 
     D237258  2 0.3515 0.2602 0.2155 0.1729 
     D237310  2 0.0418 0.5467 0.1159 0.2956 
     D237311  2 0.0689 0.7367 0.0616 0.1328 
     D237312  2 0.0699 0.1956 0.2594 0.4750 
     D237313  2 0.1283 0.3506 0.3600 0.1611 
     D237322  2 0.0908 0.1144 0.2869 0.5079 
     D237323  2 0.0779 0.5415 0.2022 0.1783 
     D237324  2 0.1695 0.4888 0.0470 0.2948 
     D237325  2 0.1109 0.3501 0.3157 0.2233 
     D237326  2 0.1504 0.7231 0.0792 0.0473 
     D237327  2 0.1571 0.0784 0.0755 0.6890 
     D237337  2 0.0574 0.5779 0.2231 0.1416 
     D237338  2 0.1337 0.2836 0.1703 0.4124 
     D237339  2 0.6894 0.1303 0.0552 0.1251 
     D237340  2 0.1392 0.4073 0.1978 0.2558 
     D237389  2 0.0521 0.7581 0.0493 0.1404 
     D237390  2 0.1444 0.1525 0.1945 0.5085 
     D244017  2 0.2854 0.3030 0.3179 0.0937 
     D244112  2 0.0807 0.6788 0.0425 0.1979 
     D244118  2 0.0348 0.8967 0.0221 0.0464 
     D244119  2 0.3136 0.1343 0.4810 0.0712 
     D244120  2 0.0508 0.2032 0.0694 0.6766 
     D244122  2 0.1702 0.5042 0.1509 0.1746 
        D291  2 0.1848 0.2184 0.1392 0.4576 
        D292  2 0.3976 0.2270 0.1908 0.1846 
        D293  2 0.9428 0.0191 0.0158 0.0222 
        D322  2 0.8338 0.0834 0.0289 0.0539 
        D323  2 0.5527 0.1663 0.2020 0.0791 
        D324  2 0.4048 0.1280 0.1574 0.3098 
        D325  2 0.9167 0.0227 0.0178 0.0429 
        D326  2 0.8689 0.0271 0.0543 0.0497 
        D340  2 0.8564 0.0764 0.0318 0.0353 
        D341  2 0.3157 0.1159 0.0730 0.4953 
        D342  2 0.0436 0.7376 0.0494 0.1694 
        D343  2 0.9381 0.0222 0.0140 0.0257 
        D344  2 0.2784 0.4381 0.1413 0.1423 
        D345  2 0.1112 0.7167 0.1081 0.0640 
        D346  2 0.2905 0.0618 0.5329 0.1148 
        D351  2 0.7292 0.0786 0.0702 0.1220 
        D352  2 0.3312 0.3034 0.2351 0.1303 
        D353  2 0.7884 0.0573 0.0758 0.0785 
        D354  2 0.1733 0.4715 0.2991 0.0561 
        D362  2 0.5303 0.2028 0.2256 0.0412 
        D363  2 0.6104 0.1363 0.2147 0.0387 
        D364  2 0.3672 0.4568 0.1092 0.0668 
        D365  2 0.9456 0.0196 0.0175 0.0172 
        D369  2 0.8428 0.0389 0.0609 0.0574 
        D374  2 0.0351 0.1028 0.8266 0.0355 
        D375  2 0.2460 0.5584 0.0994 0.0961 
        D376  2 0.0605 0.2255 0.5849 0.1291 
        D377  2 0.1174 0.2028 0.4095 0.2703 
        D378  2 0.8539 0.0505 0.0413 0.0543 
        D379  2 0.6319 0.0840 0.1821 0.1020 
        D384  2 0.7721 0.0458 0.1437 0.0384 
        D385  2 0.8203 0.0831 0.0545 0.0421 
        D386  2 0.6440 0.1995 0.0839 0.0727 
        D391  2 0.8795 0.0366 0.0356 0.0483 
        D392  2 0.6716 0.2411 0.0451 0.0422 
        D393  2 0.6996 0.0752 0.0681 0.1572 
        D394  2 0.1983 0.5378 0.0810 0.1830 
        D395  2 0.8203 0.0885 0.0397 0.0515 
        D401  2 0.0842 0.7887 0.0747 0.0524 
        D402  2 0.4892 0.2003 0.0588 0.2517 
        D403  2 0.1971 0.3864 0.2181 0.1984 
        D415  2 0.8603 0.0454 0.0387 0.0556 
        D435  2 0.8060 0.0703 0.0441 0.0796 
        D436  2 0.3389 0.1008 0.3059 0.2544 
        D438  2 0.8339 0.0732 0.0477 0.0452 
        D439  2 0.4288 0.4205 0.0448 0.1059 
        D449  2 0.4753 0.2930 0.0412 0.1905 
        D450  2 0.0605 0.0926 0.7136 0.1333 
        D456  2 0.8183 0.0486 0.0893 0.0438 
        D462  2 0.9119 0.0376 0.0232 0.0273 
        D463  2 0.8149 0.0361 0.1069 0.0422 
        D464  2 0.6941 0.0689 0.1250 0.1120 
        D465  2 0.8777 0.0385 0.0422 0.0416 
        D473  2 0.0650 0.0771 0.7871 0.0709 
        D474  2 0.6422 0.0777 0.1314 0.1487 
        D476  2 0.2427 0.5580 0.0376 0.1618 
        D477  2 0.4148 0.1094 0.3139 0.1619 
        D478  2 0.1993 0.4594 0.2339 0.1074 
        D480  2 0.6297 0.0405 0.1350 0.1948 
        D481  2 0.3904 0.4365 0.1061 0.0670 
        D482  2 0.0953 0.2207 0.3095 0.3745 
        D483  2 0.5442 0.3256 0.0514 0.0788 
        D484  2 0.2491 0.3181 0.2099 0.2229 
        D510  2 0.0402 0.0513 0.7888 0.1197 
        D511  2 0.7664 0.0985 0.0653 0.0699 
        D512  2 0.1996 0.6446 0.0383 0.1175 
        D513  2 0.6941 0.0759 0.1458 0.0843 
        D635  2 0.6471 0.2624 0.0471 0.0434 
        D636  2 0.0310 0.9106 0.0331 0.0254 
        D637  2 0.2783 0.1096 0.2581 0.3540 
        D658  2 0.3206 0.2698 0.1552 0.2544 
        D659  2 0.4706 0.1151 0.1759 0.2384 
        D677  2 0.2784 0.1989 0.1676 0.3552 
        D678  2 0.0687 0.8045 0.0576 0.0693 
        D679  2 0.4428 0.0788 0.1586 0.3198 
        D719  2 0.7045 0.0388 0.2069 0.0498 
        D720  2 0.5738 0.0901 0.2875 0.0486 
        D721  2 0.2905 0.5787 0.0656 0.0652 
        D722  2 0.0912 0.2593 0.5923 0.0573 
        D734  2 0.3823 0.0398 0.3367 0.2411 
        D735  2 0.4959 0.1440 0.1637 0.1964 
        D736  2 0.2407 0.1423 0.3425 0.2746 
        D737  2 0.1522 0.4266 0.0741 0.3471 
        D807  2 0.3353 0.0831 0.3972 0.1844 
        D808  2 0.3774 0.2257 0.0479 0.3490 
        D817  2 0.3731 0.2272 0.3433 0.0564 
        D818  2 0.6134 0.0427 0.0548 0.2891 
        D819  2 0.7044 0.1339 0.0804 0.0814 
        D820  2 0.8238 0.0344 0.0582 0.0836 
        D895  2 0.3750 0.3404 0.1907 0.0940 
        D896  2 0.0502 0.8118 0.0797 0.0583 
        D897  2 0.0860 0.3699 0.0674 0.4767 
        D898  2 0.0720 0.2454 0.1468 0.5358 
        D918  2 0.2049 0.1029 0.2732 0.4190 
        D919  2 0.6783 0.1551 0.0492 0.1174 
        D920  2 0.0310 0.8607 0.0363 0.0720 
        D923  2 0.7390 0.1114 0.0986 0.0510 
        D930  2 0.0878 0.0652 0.7608 0.0862 
        D931  2 0.7439 0.0594 0.1110 0.0857 
        D968  2 0.8274 0.0872 0.0307 0.0547 
        D969  2 0.6646 0.0533 0.0824 0.1997 
        D977  2 0.7427 0.0578 0.0490 0.1505 
        D978  2 0.0971 0.0464 0.0924 0.7640 
        H008  2 0.4136 0.1825 0.3308 0.0731 
        H021  2 0.2487 0.1459 0.0862 0.5193 
        H023  2 0.0964 0.1148 0.7252 0.0636 
        H024  2 0.2643 0.3960 0.0528 0.2869 
        H025  2 0.2357 0.2583 0.2858 0.2201 
        H026  2 0.8874 0.0318 0.0286 0.0522 
        H027  2 0.6650 0.0853 0.1000 0.1497 
        H028  2 0.1597 0.5173 0.1952 0.1277 
        H029  2 0.8078 0.1020 0.0457 0.0444 
        H030  2 0.4388 0.4068 0.0408 0.1136 
        H038  2 0.0850 0.7014 0.0876 0.1261 
        H039  2 0.0343 0.0510 0.8570 0.0577 
        H040  2 0.1197 0.5974 0.1002 0.1828 
        H041  2 0.7308 0.0724 0.1124 0.0844 
        H042  2 0.0586 0.1919 0.6786 0.0709 
        H043  2 0.0365 0.8490 0.0702 0.0442 
        H044  2 0.0711 0.6825 0.1267 0.1197 
        H047  2 0.0656 0.7460 0.1004 0.0880 
        H050  2 0.7039 0.1257 0.0752 0.0953 
        H058  2 0.1147 0.4922 0.0635 0.3296 
        H062  2 0.0481 0.1318 0.7569 0.0631 
        H063  2 0.3656 0.3476 0.1532 0.1335 
        H065  2 0.7287 0.0514 0.1836 0.0363 
        H066  2 0.0805 0.7433 0.0284 0.1478 
        H067  2 0.1393 0.1083 0.4058 0.3466 
        H068  2 0.0700 0.1199 0.5931 0.2170 
        H069  2 0.2231 0.6252 0.1118 0.0398 
        H071  2 0.4238 0.0785 0.3483 0.1495 
        H072  2 0.0812 0.0918 0.7445 0.0824 
        H073  2 0.3146 0.2281 0.1159 0.3414 
        H081  2 0.1644 0.0542 0.7028 0.0786 
        H082  2 0.2978 0.6044 0.0425 0.0553 
        H083  2 0.6381 0.2181 0.0442 0.0996 
        H084  2 0.1145 0.1892 0.1409 0.5554 
        H085  2 0.7454 0.0440 0.1611 0.0495 
        H087  2 0.2802 0.0823 0.4306 0.2069 
        H088  2 0.4347 0.1614 0.2946 0.1093 
        H089  2 0.4052 0.1702 0.3278 0.0968 
        H090  2 0.8814 0.0324 0.0325 0.0537 
        H091  2 0.8756 0.0305 0.0458 0.0481 
        H098  2 0.1616 0.3330 0.1101 0.3953 
      H10001  2 0.0383 0.0562 0.8374 0.0681 
      H10002  2 0.2263 0.2226 0.4456 0.1055 
        H101  2 0.6074 0.1806 0.0658 0.1462 
        H108  2 0.0373 0.0329 0.8747 0.0551 
        H109  2 0.2240 0.4388 0.1087 0.2285 
        H110  2 0.5615 0.1598 0.1868 0.0919 
        H116  2 0.3205 0.3803 0.1065 0.1928 
        H117  2 0.6513 0.0505 0.0440 0.2543 
        H118  2 0.9030 0.0301 0.0377 0.0291 
        H119  2 0.5400 0.0993 0.1810 0.1796 
        H120  2 0.0518 0.0398 0.8739 0.0345 
        H121  2 0.9193 0.0232 0.0342 0.0232 
        H125  2 0.0361 0.0451 0.6108 0.3080 
        H126  2 0.0763 0.6776 0.2040 0.0421 
        H128  2 0.9492 0.0219 0.0122 0.0166 
        H129  2 0.1029 0.0869 0.0431 0.7671 
        H130  2 0.0236 0.0718 0.8513 0.0532 
        H133  2 0.0782 0.1211 0.6178 0.1829 
        H134  2 0.7664 0.1424 0.0325 0.0588 
        H135  2 0.5932 0.1307 0.2181 0.0579 
        H137  2 0.2414 0.0966 0.0560 0.6061 
        H138  2 0.2869 0.2012 0.0855 0.4264 
        H140  2 0.5205 0.0701 0.1320 0.2774 
        H146  2 0.9206 0.0227 0.0261 0.0305 
        H147  2 0.6016 0.0888 0.0890 0.2205 
        H148  2 0.3578 0.0941 0.0858 0.4623 
     H166022  2 0.1954 0.3029 0.2544 0.2473 
     H167359  2 0.1966 0.3064 0.3271 0.1699 
     H167397  2 0.3288 0.5124 0.0636 0.0952 
     H167428  2 0.9178 0.0356 0.0254 0.0212 
     H167496  2 0.3100 0.0834 0.3976 0.2089 
     H167513  2 0.0275 0.8671 0.0373 0.0681 
     H167545  2 0.0482 0.8543 0.0529 0.0446 
     H167547  2 0.1117 0.1288 0.0481 0.7113 
     H169621  2 0.2180 0.1745 0.0444 0.5631 
     H169622  2 0.1507 0.3939 0.3912 0.0642 
     H169750  2 0.3172 0.2770 0.2002 0.2057 
     H171806  2 0.7111 0.0393 0.1474 0.1022 
     H171808  2 0.2983 0.1837 0.4812 0.0369 
     H171809  2 0.1597 0.1185 0.6047 0.1170 
     H171813  2 0.0464 0.1509 0.0616 0.7411 
     H171815  2 0.0858 0.7076 0.0746 0.1319 
     H171824  2 0.3312 0.0384 0.4204 0.2100 
     H171825  2 0.0659 0.1443 0.7230 0.0668 
     H171826  2 0.5952 0.1072 0.1207 0.1770 
     H171827  2 0.3616 0.3280 0.0654 0.2450 
     H171828  2 0.0621 0.0379 0.7494 0.1506 
     H171829  2 0.0411 0.1491 0.2759 0.5339 
     H171830  2 0.2506 0.3940 0.2569 0.0985 
     H171831  2 0.1374 0.3675 0.1308 0.3644 
     H171832  2 0.0792 0.7301 0.1261 0.0646 
     H171863  2 0.2122 0.7100 0.0445 0.0332 
     H171864  2 0.4202 0.2099 0.2318 0.1381 
     H171865  2 0.2938 0.5213 0.1312 0.0536 
     H171879  2 0.3247 0.0994 0.0581 0.5178 
     H171880  2 0.4905 0.1957 0.0585 0.2554 
     H171881  2 0.2007 0.1851 0.1315 0.4827 
     H171882  2 0.0446 0.0712 0.8321 0.0521 
     H171929  2 0.4994 0.1701 0.2559 0.0746 
     H171930  2 0.0500 0.8785 0.0320 0.0395 
     H171933  2 0.1259 0.0774 0.1225 0.6742 
     H171934  2 0.1187 0.1191 0.5673 0.1949 
     H171937  2 0.1042 0.6541 0.1419 0.0997 
     H171962  2 0.2132 0.5880 0.0979 0.1009 
        H190  2 0.2294 0.1453 0.0705 0.5549 
        H191  2 0.1673 0.4633 0.1467 0.2227 
        H396  2 0.4879 0.0796 0.3544 0.0781 
        H397  2 0.1744 0.1036 0.5140 0.2081 
        H398  2 0.5116 0.0864 0.2940 0.1080 
        H400  2 0.1836 0.2963 0.4837 0.0364 
        H401  2 0.0479 0.0855 0.0326 0.8340 
        H402  2 0.2610 0.5298 0.0540 0.1552 
        H427  2 0.4607 0.1380 0.1899 0.2114 
        H428  2 0.9183 0.0323 0.0277 0.0216 
        H497  2 0.0499 0.8320 0.0626 0.0555 
        H512  2 0.3345 0.1659 0.0613 0.4383 
        H513  2 0.0268 0.8498 0.0407 0.0826 
        H514  2 0.3283 0.5210 0.0456 0.1050 
        H519  2 0.0370 0.7936 0.0556 0.1137 
        H532  2 0.7840 0.0881 0.0733 0.0547 
        H543  2 0.4488 0.2877 0.0733 0.1902 
        H544  2 0.1243 0.2688 0.5696 0.0373 
        H545  2 0.0336 0.8925 0.0381 0.0358 
        H546  2 0.1337 0.4120 0.3114 0.1429 
        H547  2 0.1132 0.1376 0.0419 0.7073 
        H548  2 0.1873 0.1646 0.5762 0.0719 
        H549  2 0.0289 0.9244 0.0273 0.0195 
        H620  2 0.0576 0.0913 0.7270 0.1241 
        H623  2 0.0555 0.7852 0.0547 0.1046 
        H624  2 0.0399 0.8110 0.1192 0.0299 
        H625  2 0.1972 0.2365 0.5085 0.0578 
        H626  2 0.1095 0.5372 0.1793 0.1741 
        H654  2 0.0331 0.7060 0.1596 0.1013 
        H655  2 0.1035 0.2187 0.4356 0.2421 
        H656  2 0.0330 0.0360 0.9022 0.0288 
        H666  2 0.2837 0.0857 0.4447 0.1859 
        H667  2 0.2069 0.5897 0.0971 0.1063 
        H677  2 0.5417 0.1173 0.2345 0.1065 
        H693  2 0.1091 0.0807 0.6466 0.1637 
        H694  2 0.0897 0.7184 0.1054 0.0865 
        H701  2 0.3668 0.3423 0.1033 0.1877 
        H702  2 0.1181 0.1996 0.4603 0.2219 
        H731  2 0.1981 0.0827 0.5403 0.1789 
       H7359  2 0.2011 0.2808 0.3415 0.1766 
       H7389  2 0.6596 0.1278 0.0626 0.1499 
       H7390  2 0.0656 0.0672 0.1204 0.7469 
       H7391  2 0.5062 0.0619 0.1933 0.2387 
       H7392  2 0.3425 0.1147 0.1093 0.4335 
       H7393  2 0.0626 0.2026 0.1397 0.5952 
       H7398  2 0.6828 0.0771 0.1375 0.1026 
       H7399  2 0.6863 0.1825 0.0429 0.0883 
       H7400  2 0.0343 0.1811 0.7148 0.0699 
        H745  2 0.2813 0.2696 0.0499 0.3993 
        H746  2 0.3375 0.5650 0.0475 0.0500 
        H747  2 0.0850 0.1186 0.5518 0.2445 
        H748  2 0.2533 0.4989 0.1317 0.1161 
       H7484  2 0.0430 0.0566 0.8023 0.0981 
       H7485  2 0.0664 0.8601 0.0329 0.0406 
        H749  2 0.0772 0.7949 0.0998 0.0281 
        H930  2 0.1009 0.7843 0.0403 0.0745 
        H931  2 0.5779 0.0925 0.2894 0.0402 
        H932  2 0.7097 0.0796 0.1011 0.1097 
      H008.1  2 0.6066 0.0791 0.2693 0.0451 
 H029.1_2002  2 0.2653 0.6212 0.0479 0.0656 
 H029.1_2003  2 0.8264 0.0573 0.0584 0.0579 
      H030.1  2 0.1808 0.1115 0.0988 0.6089 
      H038.1  2 0.2090 0.2649 0.4815 0.0446 
      H041.1  2 0.9283 0.0297 0.0194 0.0226 
 H042.1_2002  2 0.8426 0.0496 0.0485 0.0592 
 H042.1_2003  2 0.2445 0.3679 0.2495 0.1381 
   H042_2002  2 0.0552 0.1569 0.7200 0.0679 
   H042_2003  2 0.0705 0.2036 0.6491 0.0768 
      H043.1  2 0.0340 0.8965 0.0415 0.0280 
      H047.1  2 0.0619 0.7677 0.1082 0.0622 
 H071.1_2002  2 0.2328 0.5480 0.1274 0.0918 
 H071.1_2003  2 0.2338 0.3034 0.3358 0.1270 
 H081.1_2002  2 0.3732 0.3156 0.1923 0.1189 
 H081.1_2003  2 0.2425 0.4204 0.1648 0.1722 
      H083.1  2 0.3173 0.5877 0.0303 0.0648 
      H084.1  2 0.0458 0.5556 0.0488 0.3499 
 H085.1_2002  2 0.5668 0.1415 0.2514 0.0403 
 H085.1_2003  2 0.9099 0.0268 0.0371 0.0261 
      H088.1  2 0.8868 0.0352 0.0303 0.0478 
      H091.1  2 0.9347 0.0230 0.0159 0.0263 
      H109.1  2 0.0747 0.7239 0.0582 0.1432 
      H126.1  2 0.0893 0.2919 0.4590 0.1598 
      H130.1  2 0.0525 0.0883 0.7997 0.0595 
      H133.1  2 0.2711 0.3415 0.3075 0.0800 
      H147.1  2 0.3005 0.2719 0.1391 0.2884 
      H148.1  2 0.1821 0.2416 0.3997 0.1766 
   H166022.1  2 0.7669 0.1048 0.0339 0.0944 
   H167397.1  2 0.1252 0.7248 0.0451 0.1050 
   H167496.1  2 0.5172 0.0831 0.1480 0.2518 
   H167513.1  2 0.0506 0.8258 0.0736 0.0500 
   H167547.1  2 0.1386 0.1910 0.1720 0.4983 
   H169750.1  2 0.2985 0.0972 0.3076 0.2967 
   H171929.1  2 0.1653 0.7087 0.0678 0.0582 
   H171930.1  2 0.0638 0.8128 0.0419 0.0815 
   H171933.1  2 0.5935 0.1188 0.2075 0.0802 
      H190.1  2 0.1014 0.1160 0.1713 0.6112 
      H400.1  2 0.8562 0.0640 0.0370 0.0427 
 H428.1_2005  2 0.7703 0.1066 0.0740 0.0491 
 H428.1_2006  2 0.8045 0.1021 0.0492 0.0442 
      H453.1  2 0.7189 0.1239 0.0807 0.0765 
      H512.1  2 0.2059 0.3556 0.0651 0.3734 
      H513.1  2 0.1452 0.6586 0.0410 0.1553 
      H532.1  2 0.4220 0.3104 0.1888 0.0787 
      H543.1  2 0.5469 0.3456 0.0446 0.0630 
 H545.1_2005  2 0.0226 0.9296 0.0292 0.0186 
 H545.1_2006  2 0.5670 0.3415 0.0430 0.0486 
      H547.1  2 0.6456 0.0556 0.0564 0.2424 
      H548.1  2 0.0895 0.7838 0.0882 0.0385 
     H7389.1  2 0.6235 0.1101 0.1782 0.0882 
      H747.1  2 0.0941 0.2506 0.4302 0.2252 
     H7484.1  2 0.1817 0.1552 0.5593 0.1038 
     H7485.1  2 0.6466 0.2386 0.0527 0.0621 
     H7496.1  2 0.3225 0.0756 0.1806 0.4213 
        D211  3 0.1106 0.2725 0.1991 0.4178 
     D229639  3 0.1540 0.0976 0.2174 0.5310 
     D237212  3 0.2837 0.1043 0.2042 0.4079 
     D237213  3 0.1679 0.2962 0.1537 0.3822 
     D237214  3 0.1366 0.6416 0.1024 0.1194 
     D237215  3 0.0954 0.3178 0.3196 0.2673 
     D237216  3 0.1308 0.3095 0.0873 0.4724 
     D237217  3 0.1343 0.5346 0.0578 0.2732 
     D237218  3 0.0964 0.0496 0.0773 0.7766 
     D237219  3 0.0524 0.2809 0.3813 0.2854 
     D237382  3 0.1341 0.1140 0.3623 0.3896 
     D244127  3 0.0614 0.6527 0.0460 0.2399 
     D244129  3 0.3651 0.2688 0.1959 0.1702 
     D244133  3 0.1713 0.1630 0.5573 0.1084 
     D244134  3 0.0965 0.1828 0.4299 0.2908 
     D244135  3 0.2309 0.5595 0.0952 0.1144 
     D244136  3 0.3853 0.0803 0.4543 0.0801 
        D416  3 0.2458 0.2389 0.0594 0.4559 
        D417  3 0.5146 0.0674 0.1291 0.2889 
        D419  3 0.3005 0.2087 0.2189 0.2719 
        D565  3 0.0533 0.0346 0.8819 0.0301 
        D566  3 0.2895 0.0876 0.3301 0.2928 
        D567  3 0.5970 0.1803 0.1775 0.0452 
        D568  3 0.3617 0.4181 0.0491 0.1711 
        D569  3 0.2158 0.4795 0.1086 0.1961 
        D573  3 0.7883 0.0409 0.0285 0.1423 
        D574  3 0.1102 0.2674 0.4606 0.1618 
        D575  3 0.0906 0.3037 0.5449 0.0608 
        D576  3 0.0688 0.3890 0.1715 0.3707 
        D577  3 0.1639 0.1091 0.6154 0.1116 
        D578  3 0.0628 0.7253 0.0336 0.1783 
        D579  3 0.1986 0.0900 0.4873 0.2241 
        D660  3 0.1636 0.4717 0.0915 0.2732 
        D661  3 0.0671 0.0536 0.0402 0.8391 
        D663  3 0.1419 0.0573 0.0702 0.7305 
        D664  3 0.0542 0.4240 0.3428 0.1790 
        D665  3 0.0544 0.7210 0.0513 0.1734 
        D666  3 0.0999 0.1775 0.5079 0.2147 
        H111  3 0.0941 0.4954 0.1142 0.2963 
        H951  3 0.2637 0.5194 0.1294 0.0875 
        H952  3 0.4574 0.0977 0.2018 0.2431 
        H953  3 0.4185 0.0690 0.2258 0.2867 
        H954  3 0.1142 0.2831 0.4327 0.1700 
        H955  3 0.2362 0.6557 0.0684 0.0397 
        H956  3 0.7597 0.0548 0.0815 0.1040 
       H9563  3 0.1392 0.1069 0.3171 0.4368 
        D009  4 0.0650 0.5622 0.0899 0.2829 
        D057  4 0.1890 0.2317 0.0550 0.5242 
        D109  4 0.0885 0.2726 0.5219 0.1170 
     D237222  4 0.0616 0.6491 0.1433 0.1460 
     D237223  4 0.1110 0.2833 0.1773 0.4284 
     D237224  4 0.6040 0.1504 0.0828 0.1628 
     D237225  4 0.0735 0.1936 0.1020 0.6309 
     D237299  4 0.0254 0.0267 0.0376 0.9102 
     D237300  4 0.0375 0.0454 0.0656 0.8514 
     D237306  4 0.1360 0.1287 0.5372 0.1981 
     D237307  4 0.2418 0.0480 0.5670 0.1432 
     D237308  4 0.1675 0.4778 0.2569 0.0978 
     D237309  4 0.1766 0.3927 0.0980 0.3327 
     D237317  4 0.0814 0.1414 0.6856 0.0916 
     D237318  4 0.1187 0.0332 0.0339 0.8142 
     D237319  4 0.2450 0.2615 0.1580 0.3355 
     D237320  4 0.1711 0.0876 0.0645 0.6768 
     D237321  4 0.1372 0.1306 0.1136 0.6186 
     D237397  4 0.0947 0.1313 0.2470 0.5270 
     D237398  4 0.1523 0.0334 0.0312 0.7831 
     D237399  4 0.1363 0.0772 0.2242 0.5623 
     D244001  4 0.0647 0.7784 0.0654 0.0915 
        D289  4 0.4401 0.0752 0.2197 0.2650 
        D290  4 0.1201 0.1383 0.2366 0.5049 
        D294  4 0.1175 0.1570 0.2461 0.4795 
        D295  4 0.1639 0.1276 0.3408 0.3677 
        D301  4 0.0314 0.7591 0.0689 0.1405 
        D302  4 0.4264 0.1695 0.2094 0.1947 
        D303  4 0.0985 0.0779 0.7280 0.0955 
        D304  4 0.1018 0.0542 0.5162 0.3278 
        D305  4 0.0911 0.5705 0.0437 0.2947 
        D306  4 0.1217 0.2621 0.4593 0.1568 
        D307  4 0.0338 0.7189 0.1107 0.1366 
        D327  4 0.5866 0.0653 0.2809 0.0673 
        D328  4 0.0808 0.1255 0.6511 0.1426 
        D329  4 0.1106 0.5459 0.0785 0.2650 
        D330  4 0.3415 0.4779 0.0481 0.1325 
        D331  4 0.1626 0.2451 0.3678 0.2244 
        D333  4 0.0846 0.1878 0.4731 0.2544 
        D334  4 0.1082 0.0522 0.7120 0.1277 
        D335  4 0.5379 0.1484 0.2309 0.0828 
        D370  4 0.0883 0.3904 0.4411 0.0802 
        D371  4 0.2016 0.0394 0.7217 0.0372 
        D372  4 0.0302 0.0716 0.0846 0.8136 
        D373  4 0.0734 0.8161 0.0432 0.0673 
        D455  4 0.0649 0.6919 0.0614 0.1817 
        D490  4 0.0456 0.6496 0.0778 0.2270 
        D497  4 0.0321 0.6441 0.0586 0.2652 
        D498  4 0.1024 0.3436 0.3690 0.1850 
        D499  4 0.4103 0.0793 0.0729 0.4375 
        D514  4 0.2929 0.1426 0.2926 0.2719 
        D515  4 0.0821 0.0845 0.0962 0.7373 
        D516  4 0.3012 0.2507 0.2961 0.1521 
        D517  4 0.0837 0.7445 0.0407 0.1311 
        D518  4 0.1953 0.2897 0.2506 0.2644 
        D519  4 0.0688 0.0362 0.0323 0.8628 
        D560  4 0.0692 0.0604 0.0402 0.8301 
        D561  4 0.6146 0.2199 0.0290 0.1365 
        D562  4 0.2026 0.3025 0.1865 0.3084 
        D563  4 0.7043 0.1279 0.0331 0.1346 
        D572  4 0.4496 0.1743 0.2147 0.1614 
        D629  4 0.4322 0.2405 0.2219 0.1054 
        D630  4 0.1537 0.1157 0.2243 0.5063 
        D631  4 0.2205 0.0886 0.1004 0.5905 
        D632  4 0.1021 0.7965 0.0542 0.0473 
        D646  4 0.1399 0.1514 0.0447 0.6640 
        D647  4 0.5235 0.2349 0.0522 0.1893 
        D648  4 0.0535 0.0952 0.7883 0.0630 
        D649  4 0.4333 0.2763 0.1679 0.1225 
        D650  4 0.1933 0.0652 0.4932 0.2483 
        D708  4 0.0659 0.1148 0.5763 0.2429 
        D709  4 0.0627 0.2613 0.5502 0.1258 
        D738  4 0.1541 0.1213 0.5522 0.1725 
        D739  4 0.0743 0.3281 0.1105 0.4870 
        D740  4 0.0434 0.2763 0.1628 0.5174 
        D741  4 0.6110 0.0339 0.0378 0.3174 
        D742  4 0.5816 0.0561 0.0848 0.2775 
        D743  4 0.7258 0.0465 0.1282 0.0995 
        D744  4 0.5617 0.1341 0.0967 0.2075 
        D745  4 0.0680 0.0514 0.0521 0.8285 
        D814  4 0.0933 0.2256 0.0710 0.6102 
        D815  4 0.1491 0.2269 0.5254 0.0986 
        D828  4 0.0259 0.2053 0.4106 0.3581 
        D845  4 0.2031 0.0394 0.0808 0.6767 
        D846  4 0.5032 0.3267 0.0561 0.1140 
        D847  4 0.2390 0.1157 0.1580 0.4873 
        D848  4 0.0901 0.7177 0.0384 0.1538 
        D849  4 0.0577 0.4296 0.0778 0.4349 
        D850  4 0.5131 0.1221 0.1753 0.1895 
        D856  4 0.2003 0.3810 0.1205 0.2982 
        D857  4 0.0227 0.8771 0.0560 0.0442 
        D859  4 0.2065 0.1149 0.1447 0.5339 
        D860  4 0.4158 0.1399 0.3481 0.0962 
        D883  4 0.2150 0.1802 0.4500 0.1548 
        D884  4 0.0884 0.1139 0.3226 0.4751 
        D885  4 0.3882 0.0995 0.0680 0.4443 
        D886  4 0.1589 0.5171 0.1813 0.1427 
        D887  4 0.1985 0.1346 0.2008 0.4662 
        D889  4 0.0300 0.0263 0.0896 0.8540 
        D890  4 0.1305 0.2803 0.5186 0.0706 
        D891  4 0.0486 0.0207 0.0238 0.9068 
        D899  4 0.4945 0.0865 0.1435 0.2756 
        D900  4 0.3805 0.1897 0.1614 0.2684 
        D970  4 0.3995 0.1883 0.1645 0.2477 
        D971  4 0.4364 0.3755 0.1452 0.0430 
        D979  4 0.6363 0.0601 0.2344 0.0692 
        H002  4 0.1004 0.4036 0.2100 0.2861 
        H003  4 0.3089 0.0924 0.1020 0.4967 
        H009  4 0.0383 0.7930 0.0877 0.0809 
        H010  4 0.3346 0.1504 0.1839 0.3311 
        H011  4 0.0682 0.1378 0.5500 0.2440 
        H012  4 0.2235 0.2478 0.2599 0.2688 
        H013  4 0.2837 0.1080 0.2639 0.3444 
        H014  4 0.0978 0.1168 0.1288 0.6565 
        H045  4 0.3650 0.0924 0.2255 0.3171 
        H046  4 0.1422 0.1439 0.0993 0.6146 
        H051  4 0.1107 0.1026 0.6483 0.1384 
        H052  4 0.0346 0.0631 0.8407 0.0616 
        H053  4 0.5173 0.1066 0.1405 0.2356 
        H056  4 0.0297 0.2367 0.6332 0.1004 
        H076  4 0.1132 0.0292 0.0327 0.8249 
        H151  4 0.2242 0.1156 0.2055 0.4547 
        H152  4 0.0835 0.0834 0.7555 0.0775 
     H171803  4 0.1011 0.2515 0.0850 0.5623 
     H171804  4 0.0682 0.1855 0.4396 0.3067 
     H171833  4 0.0680 0.7686 0.0425 0.1209 
     H171855  4 0.0403 0.0850 0.0864 0.7883 
     H171856  4 0.1040 0.4103 0.0708 0.4149 
     H171857  4 0.0644 0.0729 0.1851 0.6776 
     H171858  4 0.1674 0.0579 0.6384 0.1363 
     H171859  4 0.0969 0.0769 0.6117 0.2145 
     H171961  4 0.3568 0.1497 0.2159 0.2775 
        H198  4 0.5094 0.0865 0.1019 0.3021 
      H20001  4 0.0254 0.8903 0.0202 0.0642 
        H403  4 0.0839 0.4260 0.0822 0.4079 
        H404  4 0.5581 0.1434 0.1597 0.1388 
        H405  4 0.2530 0.5098 0.1234 0.1137 
        H406  4 0.0789 0.8064 0.0329 0.0817 
        H407  4 0.1244 0.0854 0.1677 0.6225 
        H410  4 0.3953 0.0612 0.0340 0.5095 
        H411  4 0.0632 0.6075 0.0506 0.2787 
        H468  4 0.0640 0.5273 0.0499 0.3588 
        H476  4 0.1342 0.4731 0.3127 0.0800 
        H477  4 0.0271 0.8289 0.0957 0.0482 
        H478  4 0.0526 0.8142 0.0656 0.0675 
        H479  4 0.3298 0.1004 0.5028 0.0670 
        H480  4 0.2164 0.2658 0.1969 0.3209 
        H498  4 0.1208 0.1062 0.0643 0.7087 
        H499  4 0.0926 0.5249 0.2580 0.1244 
        H500  4 0.2528 0.2601 0.2640 0.2231 
        H515  4 0.1285 0.4111 0.1523 0.3081 
        H516  4 0.1588 0.1576 0.0456 0.6381 
        H517  4 0.4591 0.0483 0.2166 0.2759 
        H518  4 0.0360 0.0941 0.7677 0.1022 
        H520  4 0.1159 0.1594 0.3350 0.3898 
        H521  4 0.4119 0.2244 0.1587 0.2050 
        H522  4 0.0632 0.4290 0.0672 0.4406 
        H523  4 0.2895 0.1383 0.3021 0.2701 
        H536  4 0.2885 0.2454 0.3776 0.0885 
        H645  4 0.2729 0.0581 0.6166 0.0525 
        H646  4 0.6810 0.0416 0.0424 0.2350 
        H647  4 0.1806 0.6569 0.1185 0.0440 
        H657  4 0.3129 0.0747 0.1679 0.4445 
        H658  4 0.3037 0.1070 0.4446 0.1446 
        H659  4 0.0725 0.6483 0.1129 0.1663 
        H660  4 0.0698 0.4386 0.3806 0.1110 
        H661  4 0.0388 0.4786 0.0424 0.4403 
        H668  4 0.3802 0.2900 0.2385 0.0913 
        H669  4 0.7794 0.0936 0.0395 0.0875 
        H670  4 0.2345 0.0386 0.6239 0.1030 
        H678  4 0.2100 0.4340 0.0488 0.3072 
        H679  4 0.6488 0.2140 0.0653 0.0718 
        H680  4 0.0378 0.0618 0.0421 0.8583 
        H681  4 0.1102 0.0647 0.7743 0.0508 
        H682  4 0.5708 0.1839 0.0727 0.1726 
        H683  4 0.2064 0.5886 0.1292 0.0759 
        H718  4 0.2212 0.0582 0.3475 0.3732 
        H719  4 0.1456 0.1037 0.2327 0.5180 
        H720  4 0.0275 0.6771 0.2241 0.0713 
        H721  4 0.0258 0.0391 0.1049 0.8302 
        H722  4 0.1134 0.5197 0.0977 0.2693 
        H723  4 0.2950 0.2167 0.3078 0.1805 
        H724  4 0.0855 0.0557 0.6111 0.2476 
        H725  4 0.0415 0.0807 0.3230 0.5548 
        H726  4 0.2209 0.2227 0.1150 0.4414 
        H727  4 0.2202 0.0688 0.2481 0.4629 
        H910  4 0.0875 0.0790 0.5112 0.3224 
        H911  4 0.5039 0.2874 0.0756 0.1330 
        H912  4 0.2058 0.4234 0.0866 0.2843 
        H913  4 0.2671 0.1179 0.2842 0.3308 
        H914  4 0.1606 0.0924 0.5448 0.2021 
        H915  4 0.1574 0.6234 0.0980 0.1212 
        H916  4 0.0559 0.6343 0.0652 0.2446 
       H9572  4 0.0287 0.1978 0.0309 0.7426 
      H009.1  4 0.0460 0.1429 0.7548 0.0563 
      H046.4  4 0.4240 0.1931 0.1519 0.2310 
 H076.1_2002  4 0.1813 0.0554 0.0244 0.7388 
 H076.1_2003  4 0.0428 0.0253 0.0201 0.9118 
 H076.1_2004  4 0.1017 0.0359 0.0277 0.8347 
      H477.1  4 0.0372 0.4249 0.0866 0.4513 
 H479.1_2005  4 0.3646 0.2111 0.3695 0.0547 
 H479.1_2006  4 0.1273 0.5501 0.1048 0.2178 
      H516.1  4 0.2957 0.1845 0.1137 0.4060 
      H646.1  4 0.3055 0.1788 0.1027 0.4130 
      H658.1  4 0.0968 0.5235 0.2007 0.1790 
