        D174  1 0.1596 0.1412 0.6992 
        D199  1 0.5797 0.1545 0.2658 
        D203  1 0.4272 0.3216 0.2512 
        D204  1 0.5489 0.1211 0.3300 
     D237366  1 0.1991 0.4948 0.3061 
     D237367  1 0.4044 0.1839 0.4117 
     D237368  1 0.3561 0.4505 0.1935 
     D244101  1 0.8028 0.0841 0.1131 
     D244102  1 0.2566 0.4289 0.3145 
     D244103  1 0.3275 0.2001 0.4724 
     D244104  1 0.4593 0.1371 0.4037 
     D244105  1 0.1848 0.6905 0.1247 
     D244106  1 0.2212 0.2886 0.4902 
     D244107  1 0.4322 0.4705 0.0973 
     D244108  1 0.1992 0.3060 0.4949 
     D244113  1 0.0725 0.1128 0.8147 
     D244114  1 0.3154 0.4024 0.2822 
     D244115  1 0.2181 0.2026 0.5793 
     D267365  1 0.3588 0.1462 0.4949 
        D404  1 0.1569 0.2066 0.6365 
        D405  1 0.2291 0.2613 0.5095 
        D406  1 0.1143 0.7332 0.1524 
        D407  1 0.7385 0.1132 0.1483 
        D408  1 0.2708 0.0938 0.6355 
        D409  1 0.5822 0.2382 0.1796 
        D410  1 0.1062 0.6728 0.2210 
        D421  1 0.7843 0.0495 0.1662 
        D422  1 0.1181 0.8193 0.0626 
        D423  1 0.3450 0.5334 0.1217 
        D424  1 0.5782 0.1330 0.2888 
        D425  1 0.3386 0.1155 0.5459 
        D426  1 0.6854 0.2050 0.1097 
        D427  1 0.7907 0.0737 0.1357 
        D428  1 0.2861 0.2177 0.4963 
        D429  1 0.2327 0.2504 0.5169 
        D430  1 0.3919 0.2581 0.3500 
        D491  1 0.1628 0.1168 0.7203 
        D492  1 0.2880 0.1356 0.5764 
        D537  1 0.3778 0.1784 0.4438 
        D538  1 0.2421 0.4755 0.2824 
        D539  1 0.1258 0.4279 0.4463 
        D540  1 0.3587 0.2461 0.3952 
        D541  1 0.7462 0.0884 0.1654 
        D551  1 0.2843 0.5771 0.1387 
        D552  1 0.2341 0.4527 0.3132 
        D553  1 0.6529 0.0843 0.2628 
        D615  1 0.2166 0.3988 0.3846 
        D616  1 0.6236 0.2134 0.1630 
        D621  1 0.0897 0.5479 0.3624 
        D622  1 0.1937 0.5809 0.2254 
        D623  1 0.4441 0.1447 0.4112 
        D624  1 0.1422 0.1108 0.7470 
        D625  1 0.2424 0.1335 0.6241 
        D626  1 0.1290 0.1535 0.7175 
        D627  1 0.7240 0.1353 0.1407 
        D690  1 0.1880 0.1198 0.6922 
        D691  1 0.2560 0.5716 0.1724 
        D710  1 0.5713 0.1390 0.2898 
        D711  1 0.3055 0.2395 0.4550 
        D712  1 0.1873 0.1963 0.6163 
        D713  1 0.1478 0.1575 0.6946 
        D746  1 0.1438 0.6825 0.1736 
        D747  1 0.6710 0.0993 0.2297 
        D748  1 0.3236 0.3477 0.3286 
        D749  1 0.1591 0.6217 0.2192 
        D750  1 0.1591 0.1256 0.7153 
        D763  1 0.4872 0.2534 0.2594 
        D764  1 0.4072 0.1368 0.4559 
        D765  1 0.0793 0.7272 0.1935 
        D766  1 0.2054 0.4002 0.3944 
        D767  1 0.2020 0.3961 0.4019 
        D768  1 0.7243 0.1101 0.1655 
        D811  1 0.1420 0.1682 0.6897 
        D816  1 0.3729 0.1248 0.5022 
        D825  1 0.1359 0.2704 0.5937 
        D866  1 0.4219 0.2890 0.2891 
        D867  1 0.1681 0.6743 0.1576 
        D871  1 0.4111 0.1676 0.4213 
        D872  1 0.2262 0.4063 0.3674 
        D873  1 0.0530 0.8893 0.0577 
        D874  1 0.2417 0.0991 0.6591 
        D875  1 0.4614 0.3894 0.1491 
        D876  1 0.2430 0.2252 0.5318 
        D877  1 0.0993 0.1149 0.7857 
        D892  1 0.2276 0.2492 0.5232 
        D893  1 0.4292 0.2714 0.2995 
        D894  1 0.4330 0.2509 0.3161 
        D915  1 0.3228 0.2711 0.4061 
        D916  1 0.5728 0.1372 0.2900 
        D917  1 0.3854 0.0912 0.5234 
        D925  1 0.1299 0.5601 0.3100 
        D926  1 0.2470 0.1618 0.5912 
        D927  1 0.6072 0.1854 0.2074 
        D928  1 0.1042 0.0753 0.8205 
        D929  1 0.1088 0.2018 0.6894 
        D936  1 0.4646 0.1722 0.3631 
        D938  1 0.1034 0.7146 0.1820 
        D956  1 0.1557 0.3047 0.5396 
        D957  1 0.2789 0.4947 0.2264 
        D958  1 0.1775 0.2507 0.5718 
        D959  1 0.7329 0.1446 0.1225 
        D960  1 0.0890 0.8046 0.1064 
        D989  1 0.5633 0.1111 0.3256 
        D990  1 0.1182 0.7817 0.1001 
        H102  1 0.1556 0.1791 0.6653 
        H103  1 0.4738 0.3489 0.1773 
        H104  1 0.3808 0.1945 0.4248 
        H105  1 0.2830 0.1475 0.5694 
        H106  1 0.1126 0.6623 0.2251 
        H112  1 0.2332 0.3143 0.4524 
        H113  1 0.6155 0.1865 0.1980 
        H114  1 0.7118 0.1671 0.1211 
        H115  1 0.3629 0.2388 0.3983 
        H143  1 0.4140 0.2230 0.3631 
        H144  1 0.6228 0.1706 0.2066 
        H145  1 0.1537 0.2314 0.6149 
        H149  1 0.3202 0.3646 0.3152 
        H150  1 0.2152 0.4070 0.3778 
     H167542  1 0.2387 0.1850 0.5763 
     H169604  1 0.2943 0.1239 0.5817 
     H169607  1 0.1658 0.1515 0.6827 
     H169608  1 0.1354 0.1906 0.6740 
     H169633  1 0.5498 0.1642 0.2860 
     H169688  1 0.2410 0.6022 0.1567 
     H169714  1 0.2086 0.6086 0.1828 
     H171802  1 0.4893 0.3294 0.1813 
     H171805  1 0.1468 0.6653 0.1879 
     H171807  1 0.1869 0.3365 0.4765 
     H171814  1 0.7616 0.1357 0.1027 
     H171816  1 0.2692 0.4449 0.2859 
     H171817  1 0.1372 0.1827 0.6801 
     H171818  1 0.3087 0.5278 0.1634 
     H171819  1 0.4961 0.2243 0.2796 
     H171834  1 0.2678 0.6189 0.1132 
     H171835  1 0.3230 0.3981 0.2789 
     H171836  1 0.5117 0.3390 0.1493 
     H171837  1 0.3589 0.1296 0.5115 
     H171838  1 0.1327 0.7734 0.0938 
     H171839  1 0.4740 0.1503 0.3757 
     H171841  1 0.0792 0.3455 0.5752 
     H171860  1 0.3247 0.1071 0.5683 
     H171861  1 0.3761 0.3814 0.2425 
     H171862  1 0.3627 0.4028 0.2346 
     H171868  1 0.4640 0.1803 0.3557 
     H171869  1 0.3458 0.5400 0.1142 
     H171870  1 0.1613 0.6572 0.1814 
     H171871  1 0.3326 0.5148 0.1525 
     H171872  1 0.2329 0.1473 0.6198 
     H171873  1 0.2776 0.5948 0.1276 
     H171874  1 0.5169 0.2577 0.2254 
     H171875  1 0.7157 0.1316 0.1527 
     H171876  1 0.6348 0.1047 0.2605 
     H171877  1 0.4041 0.1281 0.4678 
     H171878  1 0.2770 0.6020 0.1210 
     H171901  1 0.1065 0.1890 0.7046 
     H171902  1 0.0963 0.1771 0.7267 
     H171903  1 0.6107 0.1895 0.1999 
     H171935  1 0.1057 0.6829 0.2114 
     H171936  1 0.6444 0.2018 0.1538 
     H171940  1 0.1381 0.2175 0.6444 
     H171945  1 0.1867 0.5145 0.2989 
     H171948  1 0.2355 0.4449 0.3196 
     H171949  1 0.1290 0.3308 0.5402 
     H171950  1 0.1412 0.2851 0.5737 
     H171963  1 0.1897 0.6963 0.1141 
     H171964  1 0.3059 0.5539 0.1401 
     H171966  1 0.2133 0.5919 0.1948 
     H171968  1 0.1060 0.1454 0.7486 
     H171971  1 0.2043 0.6927 0.1030 
     H171972  1 0.6203 0.2023 0.1774 
     H171977  1 0.3346 0.4434 0.2219 
     H171978  1 0.1228 0.5736 0.3036 
     H171979  1 0.3585 0.4294 0.2121 
        H176  1 0.3476 0.0930 0.5594 
        H177  1 0.0998 0.3925 0.5077 
        H179  1 0.3641 0.1158 0.5201 
        H181  1 0.2200 0.6271 0.1528 
        H182  1 0.2312 0.5491 0.2197 
        H183  1 0.2673 0.5887 0.1440 
        H184  1 0.1591 0.3004 0.5405 
        H185  1 0.3588 0.4573 0.1839 
        H186  1 0.4816 0.2894 0.2290 
        H187  1 0.2772 0.5201 0.2027 
        H188  1 0.3616 0.1464 0.4921 
        H192  1 0.1181 0.6556 0.2263 
        H193  1 0.1966 0.4286 0.3748 
        H194  1 0.3815 0.3147 0.3038 
        H195  1 0.2083 0.6798 0.1119 
        H199  1 0.1804 0.3806 0.4391 
        H200  1 0.4630 0.1306 0.4064 
        H414  1 0.3172 0.3438 0.3390 
        H415  1 0.5457 0.1780 0.2763 
        H422  1 0.2149 0.2925 0.4926 
        H423  1 0.1420 0.2128 0.6452 
        H424  1 0.3427 0.5045 0.1528 
        H425  1 0.2169 0.6356 0.1475 
        H426  1 0.2022 0.6461 0.1518 
        H443  1 0.4859 0.2340 0.2801 
        H466  1 0.4177 0.3910 0.1913 
        H467  1 0.2286 0.5917 0.1797 
        H472  1 0.1528 0.1056 0.7415 
        H483  1 0.3276 0.3967 0.2757 
        H504  1 0.3018 0.4452 0.2529 
        H505  1 0.2685 0.3091 0.4224 
        H506  1 0.2846 0.3123 0.4031 
        H507  1 0.3924 0.3549 0.2527 
        H508  1 0.2436 0.5489 0.2074 
        H524  1 0.3721 0.3404 0.2875 
        H525  1 0.3802 0.2528 0.3670 
        H526  1 0.4421 0.0895 0.4684 
        H527  1 0.1381 0.3172 0.5447 
        H528  1 0.6695 0.0937 0.2368 
        H529  1 0.3494 0.3834 0.2673 
        H533  1 0.1985 0.5205 0.2809 
        H538  1 0.2198 0.1370 0.6432 
        H539  1 0.1201 0.7719 0.1079 
        H540  1 0.2116 0.5007 0.2877 
        H541  1 0.3198 0.1720 0.5083 
        H558  1 0.1329 0.7496 0.1175 
        H559  1 0.2893 0.1380 0.5727 
        H579  1 0.2160 0.5508 0.2332 
        H584  1 0.2863 0.4156 0.2982 
        H585  1 0.6234 0.2246 0.1520 
        H605  1 0.2197 0.3228 0.4576 
        H606  1 0.1219 0.0982 0.7798 
        H632  1 0.4410 0.2859 0.2730 
        H634  1 0.3116 0.3036 0.3848 
        H671  1 0.1536 0.1144 0.7320 
        H672  1 0.7308 0.0953 0.1739 
        H673  1 0.4682 0.2208 0.3110 
        H689  1 0.5202 0.2649 0.2149 
        H690  1 0.2209 0.3723 0.4068 
        H691  1 0.5787 0.1822 0.2392 
        H692  1 0.6787 0.2049 0.1164 
        H709  1 0.4932 0.2328 0.2740 
        H710  1 0.5852 0.2850 0.1297 
       H7355  1 0.2693 0.2112 0.5195 
       H7356  1 0.1599 0.6755 0.1646 
       H7357  1 0.1572 0.2133 0.6295 
       H7358  1 0.2772 0.1256 0.5971 
       H7380  1 0.3127 0.1777 0.5096 
       H7381  1 0.2468 0.2689 0.4843 
       H7382  1 0.3742 0.3411 0.2846 
        H904  1 0.1937 0.1525 0.6538 
        H923  1 0.4419 0.2581 0.3000 
        H924  1 0.2557 0.2113 0.5330 
        H925  1 0.4701 0.1568 0.3731 
       H9558  1 0.1057 0.7951 0.0992 
      H105.1  1 0.2855 0.5695 0.1450 
      H115.1  1 0.5336 0.2030 0.2635 
      H145.1  1 0.1804 0.1086 0.7110 
      H149.1  1 0.5804 0.1443 0.2753 
      H150.1  1 0.1294 0.6287 0.2419 
   H169607.1  1 0.2059 0.1565 0.6376 
   H169633.1  1 0.5384 0.1797 0.2819 
   H169688.1  1 0.6585 0.1439 0.1975 
   H171901.1  1 0.4964 0.3147 0.1890 
   H171902.1  1 0.0982 0.1348 0.7669 
   H171903.1  1 0.1662 0.3172 0.5166 
      H177.1  1 0.4745 0.1494 0.3761 
      H179.1  1 0.2861 0.1610 0.5529 
      H180.1  1 0.2634 0.4215 0.3151 
      H181.1  1 0.2330 0.5359 0.2311 
 H194.1_2004  1 0.3398 0.4297 0.2305 
 H195.1_2003  1 0.3753 0.3738 0.2509 
 H195.1_2004  1 0.3539 0.1194 0.5268 
      H415.1  1 0.5632 0.2132 0.2236 
      H506.1  1 0.4833 0.1702 0.3465 
      H533.1  1 0.2603 0.3307 0.4089 
      H535.1  1 0.2337 0.3384 0.4279 
      H539.1  1 0.1352 0.5471 0.3176 
      H540.1  1 0.0859 0.7587 0.1554 
     H9558.1  1 0.2011 0.6002 0.1987 
    kos339.1  1 0.3452 0.1845 0.4703 
        D023  2 0.4880 0.4064 0.1056 
        D130  2 0.0972 0.7710 0.1318 
        D131  2 0.6713 0.1488 0.1799 
        D163  2 0.1300 0.7128 0.1572 
        D164  2 0.2230 0.7009 0.0762 
        D165  2 0.4611 0.4596 0.0792 
        D166  2 0.1827 0.5737 0.2436 
        D167  2 0.5675 0.3234 0.1090 
        D192  2 0.4785 0.4375 0.0840 
        D193  2 0.1227 0.4991 0.3782 
        D206  2 0.5308 0.2074 0.2618 
        D207  2 0.6078 0.2732 0.1190 
        D208  2 0.1996 0.1867 0.6137 
        D209  2 0.4536 0.4391 0.1073 
        D210  2 0.2785 0.1692 0.5523 
     D229599  2 0.4891 0.2755 0.2354 
     D229600  2 0.2228 0.6527 0.1244 
     D237227  2 0.3020 0.2752 0.4228 
     D237228  2 0.1924 0.4834 0.3242 
     D237258  2 0.5304 0.2384 0.2312 
     D237310  2 0.0941 0.7639 0.1419 
     D237311  2 0.2485 0.6334 0.1181 
     D237312  2 0.1340 0.5423 0.3237 
     D237313  2 0.1793 0.3311 0.4896 
     D237322  2 0.1590 0.3357 0.5054 
     D237323  2 0.1727 0.5811 0.2462 
     D237324  2 0.3150 0.5910 0.0940 
     D237325  2 0.1524 0.5356 0.3120 
     D237326  2 0.3332 0.4879 0.1789 
     D237327  2 0.4070 0.4044 0.1886 
     D237337  2 0.1100 0.5501 0.3399 
     D237338  2 0.2609 0.4898 0.2493 
     D237339  2 0.6183 0.2301 0.1517 
     D237340  2 0.3065 0.4181 0.2754 
     D237389  2 0.1241 0.7663 0.1096 
     D237390  2 0.2719 0.4084 0.3198 
     D244017  2 0.4357 0.2527 0.3116 
     D244112  2 0.2629 0.6465 0.0907 
     D244118  2 0.1573 0.7720 0.0707 
     D244119  2 0.3496 0.1443 0.5061 
     D244120  2 0.2669 0.5663 0.1668 
     D244122  2 0.2939 0.4676 0.2384 
        D291  2 0.5613 0.2562 0.1825 
        D292  2 0.4978 0.2310 0.2712 
        D293  2 0.8978 0.0491 0.0530 
        D322  2 0.7597 0.1537 0.0866 
        D323  2 0.5510 0.1693 0.2797 
        D324  2 0.6457 0.1540 0.2002 
        D325  2 0.8868 0.0634 0.0498 
        D326  2 0.7622 0.0649 0.1730 
        D340  2 0.8250 0.0967 0.0783 
        D341  2 0.4217 0.3304 0.2480 
        D342  2 0.1164 0.7879 0.0958 
        D343  2 0.9050 0.0517 0.0433 
        D344  2 0.3473 0.3834 0.2693 
        D345  2 0.2624 0.4824 0.2552 
        D346  2 0.3558 0.1119 0.5324 
        D351  2 0.7137 0.1229 0.1634 
        D352  2 0.5263 0.1875 0.2862 
        D353  2 0.6996 0.1078 0.1926 
        D354  2 0.2069 0.3430 0.4501 
        D362  2 0.4903 0.1465 0.3632 
        D363  2 0.5735 0.1103 0.3162 
        D364  2 0.3484 0.3629 0.2888 
        D365  2 0.8869 0.0535 0.0596 
        D369  2 0.7476 0.0943 0.1581 
        D374  2 0.0902 0.2031 0.7067 
        D375  2 0.3510 0.4502 0.1988 
        D376  2 0.1083 0.3729 0.5188 
        D377  2 0.2167 0.3398 0.4435 
        D378  2 0.7570 0.1159 0.1271 
        D379  2 0.3670 0.1682 0.4648 
        D384  2 0.3951 0.0760 0.5289 
        D385  2 0.7470 0.1375 0.1154 
        D386  2 0.4737 0.2448 0.2815 
        D391  2 0.8131 0.0877 0.0992 
        D392  2 0.7728 0.1328 0.0944 
        D393  2 0.6643 0.1482 0.1875 
        D394  2 0.3409 0.4995 0.1596 
        D395  2 0.7556 0.1380 0.1064 
        D401  2 0.2347 0.6232 0.1421 
        D402  2 0.6457 0.2212 0.1332 
        D403  2 0.1903 0.4372 0.3725 
        D415  2 0.7045 0.1595 0.1360 
        D435  2 0.6889 0.1679 0.1432 
        D436  2 0.3454 0.1543 0.5003 
        D438  2 0.7693 0.1184 0.1124 
        D439  2 0.5737 0.3148 0.1115 
        D449  2 0.5944 0.3190 0.0866 
        D450  2 0.1499 0.1913 0.6588 
        D456  2 0.6459 0.0997 0.2544 
        D462  2 0.8610 0.0764 0.0626 
        D463  2 0.5030 0.0855 0.4115 
        D464  2 0.5744 0.1332 0.2924 
        D465  2 0.8005 0.0939 0.1056 
        D473  2 0.1292 0.1431 0.7276 
        D474  2 0.6415 0.1386 0.2200 
        D476  2 0.3999 0.5169 0.0832 
        D477  2 0.4108 0.1590 0.4302 
        D478  2 0.4401 0.2972 0.2627 
        D480  2 0.4960 0.1400 0.3640 
        D481  2 0.5763 0.2221 0.2016 
        D482  2 0.2473 0.3492 0.4034 
        D483  2 0.6595 0.2253 0.1152 
        D484  2 0.3969 0.3139 0.2892 
        D510  2 0.1352 0.1568 0.7081 
        D511  2 0.6947 0.1385 0.1668 
        D512  2 0.3917 0.5247 0.0836 
        D513  2 0.6199 0.1307 0.2494 
        D635  2 0.7426 0.1335 0.1239 
        D636  2 0.1249 0.7300 0.1451 
        D637  2 0.3593 0.2217 0.4190 
        D658  2 0.3377 0.4241 0.2383 
        D659  2 0.4863 0.2003 0.3133 
        D677  2 0.3356 0.3626 0.3018 
        D678  2 0.2902 0.5889 0.1210 
        D679  2 0.4895 0.1390 0.3716 
        D719  2 0.5750 0.0820 0.3429 
        D720  2 0.3901 0.1205 0.4894 
        D721  2 0.4107 0.4427 0.1466 
        D722  2 0.1977 0.2741 0.5282 
        D734  2 0.4401 0.1043 0.4557 
        D735  2 0.3855 0.2500 0.3644 
        D736  2 0.4181 0.2076 0.3743 
        D737  2 0.2755 0.5783 0.1462 
        D807  2 0.3569 0.1579 0.4852 
        D808  2 0.4715 0.4107 0.1178 
        D817  2 0.4219 0.1683 0.4098 
        D818  2 0.7193 0.1491 0.1316 
        D819  2 0.7040 0.1347 0.1613 
        D820  2 0.6738 0.0847 0.2415 
        D895  2 0.3662 0.2917 0.3421 
        D896  2 0.1374 0.7081 0.1545 
        D897  2 0.1859 0.6749 0.1392 
        D898  2 0.2361 0.5463 0.2176 
        D918  2 0.2954 0.2640 0.4406 
        D919  2 0.7228 0.1569 0.1202 
        D920  2 0.0709 0.8227 0.1064 
        D923  2 0.6253 0.1213 0.2534 
        D930  2 0.1369 0.1462 0.7169 
        D931  2 0.6517 0.1308 0.2175 
        D968  2 0.8418 0.0838 0.0744 
        D969  2 0.6863 0.1592 0.1546 
        D977  2 0.7192 0.1521 0.1287 
        D978  2 0.3213 0.3788 0.2999 
        H008  2 0.4573 0.1487 0.3940 
        H021  2 0.3551 0.4718 0.1732 
        H023  2 0.1285 0.1666 0.7050 
        H024  2 0.4841 0.4008 0.1151 
        H025  2 0.3011 0.2808 0.4181 
        H026  2 0.8500 0.0775 0.0725 
        H027  2 0.5475 0.2082 0.2443 
        H028  2 0.2224 0.5403 0.2373 
        H029  2 0.8054 0.0944 0.1003 
        H030  2 0.5836 0.3262 0.0902 
        H038  2 0.1780 0.6133 0.2086 
        H039  2 0.0732 0.1118 0.8150 
        H040  2 0.1640 0.6296 0.2064 
        H041  2 0.6951 0.1069 0.1980 
        H042  2 0.1571 0.2190 0.6238 
        H043  2 0.1036 0.7178 0.1786 
        H044  2 0.2374 0.5456 0.2169 
        H047  2 0.1454 0.6130 0.2417 
        H050  2 0.6184 0.2384 0.1432 
        H058  2 0.1981 0.6665 0.1353 
        H062  2 0.0898 0.2165 0.6937 
        H063  2 0.4604 0.2864 0.2533 
        H065  2 0.3780 0.0947 0.5273 
        H066  2 0.1954 0.7217 0.0829 
        H067  2 0.2219 0.2746 0.5035 
        H068  2 0.1595 0.2818 0.5587 
        H069  2 0.3940 0.3441 0.2619 
        H071  2 0.3537 0.1485 0.4978 
        H072  2 0.1418 0.1258 0.7325 
        H073  2 0.4310 0.3594 0.2096 
        H081  2 0.1985 0.1061 0.6955 
        H082  2 0.5499 0.3357 0.1143 
        H083  2 0.6597 0.2305 0.1098 
        H084  2 0.3005 0.4688 0.2307 
        H085  2 0.6343 0.0809 0.2847 
        H087  2 0.3616 0.1582 0.4802 
        H088  2 0.3635 0.1983 0.4383 
        H089  2 0.3786 0.1748 0.4465 
        H090  2 0.8534 0.0709 0.0758 
        H091  2 0.7809 0.0846 0.1345 
        H098  2 0.3673 0.3946 0.2381 
      H10001  2 0.0661 0.1317 0.8021 
      H10002  2 0.1915 0.2683 0.5402 
        H101  2 0.6132 0.2623 0.1245 
        H108  2 0.0852 0.0819 0.8329 
        H109  2 0.3767 0.4365 0.1868 
        H110  2 0.5480 0.1272 0.3248 
        H116  2 0.4724 0.3470 0.1806 
        H117  2 0.7704 0.1150 0.1146 
        H118  2 0.8232 0.0650 0.1118 
        H119  2 0.5917 0.1223 0.2860 
        H120  2 0.0963 0.0808 0.8229 
        H121  2 0.8229 0.0632 0.1140 
        H125  2 0.1065 0.1648 0.7287 
        H126  2 0.1864 0.4828 0.3308 
        H128  2 0.9063 0.0517 0.0419 
        H129  2 0.3387 0.5488 0.1125 
        H130  2 0.0631 0.2317 0.7051 
        H133  2 0.1492 0.2452 0.6057 
        H134  2 0.6709 0.1643 0.1648 
        H135  2 0.4628 0.1698 0.3674 
        H137  2 0.4327 0.4319 0.1354 
        H138  2 0.4485 0.3350 0.2165 
        H140  2 0.6089 0.1583 0.2328 
        H146  2 0.8594 0.0613 0.0793 
        H147  2 0.7102 0.1500 0.1399 
        H148  2 0.5876 0.2335 0.1789 
     H166022  2 0.3624 0.3381 0.2995 
     H167359  2 0.2955 0.3349 0.3696 
     H167397  2 0.6412 0.2539 0.1049 
     H167428  2 0.8298 0.0734 0.0968 
     H167496  2 0.2847 0.1651 0.5501 
     H167513  2 0.0827 0.8242 0.0930 
     H167545  2 0.1325 0.7108 0.1567 
     H167547  2 0.5637 0.3377 0.0986 
     H169621  2 0.4255 0.4744 0.1001 
     H169622  2 0.2286 0.3316 0.4398 
     H169750  2 0.4635 0.2650 0.2715 
     H171806  2 0.6574 0.0947 0.2479 
     H171808  2 0.2376 0.1306 0.6318 
     H171809  2 0.2163 0.1475 0.6362 
     H171813  2 0.2020 0.6363 0.1617 
     H171815  2 0.1377 0.6801 0.1823 
     H171824  2 0.3328 0.1118 0.5554 
     H171825  2 0.1278 0.2101 0.6621 
     H171826  2 0.5256 0.2021 0.2723 
     H171827  2 0.3776 0.4686 0.1537 
     H171828  2 0.1040 0.1020 0.7940 
     H171829  2 0.1364 0.4489 0.4148 
     H171830  2 0.4126 0.2139 0.3735 
     H171831  2 0.3673 0.3869 0.2459 
     H171832  2 0.2128 0.5016 0.2855 
     H171863  2 0.5788 0.3111 0.1102 
     H171864  2 0.4281 0.2091 0.3628 
     H171865  2 0.3874 0.2532 0.3594 
     H171879  2 0.7883 0.1179 0.0938 
     H171880  2 0.6817 0.2162 0.1021 
     H171881  2 0.3160 0.4582 0.2259 
     H171882  2 0.0821 0.1422 0.7756 
     H171929  2 0.4828 0.1607 0.3565 
     H171930  2 0.1525 0.7477 0.0997 
     H171933  2 0.3142 0.4352 0.2506 
     H171934  2 0.1653 0.2433 0.5914 
     H171937  2 0.1854 0.5844 0.2302 
     H171962  2 0.3676 0.4332 0.1992 
        H190  2 0.3367 0.5187 0.1445 
        H191  2 0.2609 0.5063 0.2328 
        H396  2 0.4037 0.1101 0.4862 
        H397  2 0.2374 0.2116 0.5510 
        H398  2 0.2614 0.1650 0.5736 
        H400  2 0.1941 0.1796 0.6263 
        H401  2 0.4951 0.4177 0.0872 
        H402  2 0.3614 0.5336 0.1049 
        H427  2 0.5200 0.1777 0.3023 
        H428  2 0.8295 0.0764 0.0941 
        H497  2 0.1453 0.6901 0.1646 
        H512  2 0.5288 0.3315 0.1396 
        H513  2 0.0803 0.8259 0.0937 
        H514  2 0.5484 0.3202 0.1313 
        H519  2 0.0985 0.7690 0.1325 
        H532  2 0.6898 0.1257 0.1844 
        H543  2 0.6629 0.2075 0.1296 
        H544  2 0.2144 0.1431 0.6425 
        H545  2 0.0933 0.7774 0.1293 
        H546  2 0.1160 0.5295 0.3545 
        H547  2 0.5520 0.3545 0.0935 
        H548  2 0.2495 0.1529 0.5976 
        H549  2 0.0662 0.8452 0.0886 
        H620  2 0.1038 0.1454 0.7508 
        H623  2 0.1156 0.7803 0.1042 
        H624  2 0.1098 0.6028 0.2874 
        H625  2 0.2318 0.1867 0.5815 
        H626  2 0.2520 0.4203 0.3276 
        H654  2 0.0718 0.6648 0.2634 
        H655  2 0.1787 0.3574 0.4639 
        H656  2 0.0683 0.0843 0.8475 
        H666  2 0.3270 0.1758 0.4973 
        H667  2 0.3665 0.4288 0.2047 
        H677  2 0.4160 0.1539 0.4301 
        H693  2 0.1344 0.1347 0.7308 
        H694  2 0.2304 0.5482 0.2214 
        H701  2 0.4812 0.3504 0.1685 
        H702  2 0.2361 0.2869 0.4770 
        H731  2 0.3443 0.1650 0.4907 
       H7359  2 0.3114 0.3320 0.3565 
       H7389  2 0.7055 0.1513 0.1433 
       H7390  2 0.1703 0.5075 0.3222 
       H7391  2 0.5284 0.1329 0.3387 
       H7392  2 0.4627 0.3050 0.2323 
       H7393  2 0.1247 0.6508 0.2244 
       H7398  2 0.6422 0.1103 0.2476 
       H7399  2 0.6055 0.2619 0.1326 
       H7400  2 0.0661 0.2425 0.6914 
        H745  2 0.5685 0.3177 0.1138 
        H746  2 0.4288 0.4177 0.1536 
        H747  2 0.1384 0.3005 0.5612 
        H748  2 0.4440 0.3162 0.2398 
       H7484  2 0.0845 0.1551 0.7604 
       H7485  2 0.2044 0.6993 0.0963 
        H749  2 0.2375 0.4482 0.3143 
        H930  2 0.2444 0.6481 0.1075 
        H931  2 0.4941 0.0871 0.4188 
        H932  2 0.6461 0.1077 0.2462 
      H008.1  2 0.4651 0.0847 0.4501 
 H029.1_2002  2 0.5316 0.3107 0.1577 
 H029.1_2003  2 0.7554 0.0997 0.1449 
      H030.1  2 0.3844 0.3882 0.2275 
      H038.1  2 0.2383 0.1550 0.6068 
      H041.1  2 0.8879 0.0585 0.0536 
 H042.1_2002  2 0.7664 0.1147 0.1190 
 H042.1_2003  2 0.3808 0.3002 0.3190 
   H042_2002  2 0.1465 0.2189 0.6346 
   H042_2003  2 0.1558 0.2315 0.6127 
      H043.1  2 0.1008 0.7745 0.1247 
      H047.1  2 0.1148 0.6055 0.2797 
 H071.1_2002  2 0.2742 0.3737 0.3521 
 H071.1_2003  2 0.3052 0.2263 0.4685 
 H081.1_2002  2 0.4199 0.2189 0.3613 
 H081.1_2003  2 0.3348 0.3838 0.2814 
      H083.1  2 0.4828 0.4016 0.1156 
      H084.1  2 0.1136 0.7963 0.0900 
 H085.1_2002  2 0.5144 0.1314 0.3541 
 H085.1_2003  2 0.8071 0.0689 0.1241 
      H088.1  2 0.8419 0.0758 0.0822 
      H091.1  2 0.8910 0.0583 0.0507 
      H109.1  2 0.1970 0.6771 0.1259 
      H126.1  2 0.1685 0.3313 0.5002 
      H130.1  2 0.1181 0.1373 0.7446 
      H133.1  2 0.3516 0.2484 0.4000 
      H147.1  2 0.5431 0.2678 0.1891 
      H148.1  2 0.2583 0.2626 0.4791 
   H166022.1  2 0.8020 0.1188 0.0792 
   H167397.1  2 0.3922 0.5083 0.0995 
   H167496.1  2 0.4641 0.1812 0.3547 
   H167513.1  2 0.1725 0.6558 0.1718 
   H167547.1  2 0.3010 0.4312 0.2678 
   H169750.1  2 0.3558 0.2516 0.3926 
   H171929.1  2 0.4519 0.4234 0.1247 
   H171930.1  2 0.1582 0.7069 0.1348 
   H171933.1  2 0.6014 0.1378 0.2608 
      H190.1  2 0.1773 0.4670 0.3557 
      H400.1  2 0.7612 0.1252 0.1136 
 H428.1_2005  2 0.7046 0.1437 0.1517 
 H428.1_2006  2 0.7714 0.1133 0.1152 
      H453.1  2 0.6604 0.1973 0.1423 
      H512.1  2 0.4414 0.4225 0.1361 
      H513.1  2 0.4330 0.4657 0.1014 
      H532.1  2 0.3453 0.3387 0.3160 
      H543.1  2 0.7310 0.1710 0.0980 
 H545.1_2005  2 0.0845 0.8110 0.1046 
 H545.1_2006  2 0.6948 0.1916 0.1135 
      H547.1  2 0.7325 0.1777 0.0898 
      H548.1  2 0.2745 0.4581 0.2674 
     H7389.1  2 0.6673 0.0958 0.2370 
      H747.1  2 0.1995 0.4047 0.3959 
     H7484.1  2 0.2230 0.2034 0.5736 
     H7485.1  2 0.7430 0.1389 0.1181 
     H7496.1  2 0.3460 0.3239 0.3300 
        D211  3 0.1697 0.4354 0.3950 
     D229639  3 0.4307 0.1985 0.3708 
     D237212  3 0.4532 0.2169 0.3299 
     D237213  3 0.2897 0.4354 0.2750 
     D237214  3 0.3436 0.4755 0.1809 
     D237215  3 0.2609 0.4067 0.3324 
     D237216  3 0.2931 0.5100 0.1970 
     D237217  3 0.2464 0.6022 0.1514 
     D237218  3 0.2731 0.4005 0.3264 
     D237219  3 0.1207 0.3992 0.4801 
     D237382  3 0.1570 0.3802 0.4627 
     D244127  3 0.1664 0.7269 0.1067 
     D244129  3 0.4315 0.2678 0.3007 
     D244133  3 0.2529 0.2085 0.5386 
     D244134  3 0.2333 0.2447 0.5220 
     D244135  3 0.3061 0.4773 0.2166 
     D244136  3 0.3986 0.1083 0.4931 
        D416  3 0.4013 0.4588 0.1399 
        D417  3 0.2670 0.3327 0.4003 
        D419  3 0.3371 0.3136 0.3492 
        D565  3 0.1217 0.0680 0.8102 
        D566  3 0.5243 0.1328 0.3429 
        D567  3 0.4002 0.2073 0.3925 
        D568  3 0.4012 0.4469 0.1519 
        D569  3 0.4090 0.3816 0.2094 
        D573  3 0.8433 0.0750 0.0816 
        D574  3 0.3165 0.2774 0.4061 
        D575  3 0.1546 0.1760 0.6694 
        D576  3 0.3481 0.4588 0.1931 
        D577  3 0.1621 0.2026 0.6353 
        D578  3 0.2079 0.7188 0.0733 
        D579  3 0.2384 0.1979 0.5637 
        D660  3 0.3619 0.4757 0.1624 
        D661  3 0.2144 0.6743 0.1113 
        D663  3 0.6993 0.1469 0.1538 
        D664  3 0.1404 0.4769 0.3827 
        D665  3 0.1999 0.6683 0.1318 
        D666  3 0.1691 0.2643 0.5666 
        H111  3 0.1911 0.6225 0.1864 
        H951  3 0.5214 0.2937 0.1848 
        H952  3 0.4886 0.2111 0.3003 
        H953  3 0.6504 0.1055 0.2441 
        H954  3 0.2045 0.3528 0.4427 
        H955  3 0.4872 0.3573 0.1555 
        H956  3 0.7159 0.1193 0.1648 
       H9563  3 0.4123 0.2274 0.3603 
        D009  4 0.1157 0.7156 0.1687 
        D057  4 0.2791 0.5595 0.1614 
        D109  4 0.1472 0.3065 0.5463 
     D237222  4 0.1019 0.6452 0.2529 
     D237223  4 0.1901 0.5403 0.2696 
     D237224  4 0.6719 0.1624 0.1657 
     D237225  4 0.1373 0.6104 0.2523 
     D237299  4 0.1563 0.6558 0.1879 
     D237300  4 0.4762 0.3109 0.2129 
     D237306  4 0.2100 0.2440 0.5459 
     D237307  4 0.2440 0.1233 0.6327 
     D237308  4 0.2901 0.3078 0.4021 
     D237309  4 0.1903 0.6344 0.1753 
     D237317  4 0.1614 0.2041 0.6345 
     D237318  4 0.8431 0.0796 0.0773 
     D237319  4 0.2673 0.4716 0.2612 
     D237320  4 0.4276 0.4149 0.1575 
     D237321  4 0.5109 0.2929 0.1962 
     D237397  4 0.2540 0.3751 0.3709 
     D237398  4 0.6997 0.1755 0.1248 
     D237399  4 0.2831 0.2859 0.4310 
     D244001  4 0.1159 0.7317 0.1524 
        D289  4 0.4642 0.1642 0.3716 
        D290  4 0.2154 0.3982 0.3864 
        D294  4 0.1944 0.4669 0.3387 
        D295  4 0.1874 0.2917 0.5209 
        D301  4 0.0833 0.7699 0.1468 
        D302  4 0.3645 0.2155 0.4201 
        D303  4 0.1388 0.1751 0.6861 
        D304  4 0.1594 0.2190 0.6216 
        D305  4 0.3045 0.5738 0.1217 
        D306  4 0.1763 0.3474 0.4763 
        D307  4 0.0844 0.6861 0.2294 
        D327  4 0.4709 0.1056 0.4235 
        D328  4 0.1389 0.1976 0.6635 
        D329  4 0.1780 0.6426 0.1794 
        D330  4 0.4649 0.4048 0.1302 
        D331  4 0.2351 0.3158 0.4491 
        D333  4 0.1331 0.3250 0.5418 
        D334  4 0.1331 0.1277 0.7392 
        D335  4 0.4167 0.1658 0.4175 
        D370  4 0.1336 0.3938 0.4726 
        D371  4 0.2206 0.0804 0.6990 
        D372  4 0.1553 0.5969 0.2478 
        D373  4 0.2046 0.6732 0.1222 
        D455  4 0.1160 0.7265 0.1575 
        D490  4 0.0861 0.7732 0.1407 
        D497  4 0.0851 0.8006 0.1143 
        D498  4 0.2105 0.3949 0.3947 
        D499  4 0.6009 0.2334 0.1657 
        D514  4 0.3777 0.2940 0.3284 
        D515  4 0.1549 0.6466 0.1985 
        D516  4 0.3211 0.2486 0.4303 
        D517  4 0.1516 0.7533 0.0951 
        D518  4 0.1762 0.4491 0.3746 
        D519  4 0.3185 0.5536 0.1278 
        D560  4 0.1432 0.7013 0.1555 
        D561  4 0.7253 0.1853 0.0894 
        D562  4 0.3619 0.3899 0.2482 
        D563  4 0.7640 0.1620 0.0740 
        D572  4 0.3811 0.2811 0.3378 
        D629  4 0.4691 0.1829 0.3479 
        D630  4 0.2476 0.3536 0.3989 
        D631  4 0.3517 0.4205 0.2278 
        D632  4 0.2302 0.6057 0.1641 
        D646  4 0.2407 0.6267 0.1325 
        D647  4 0.4801 0.3896 0.1303 
        D648  4 0.1031 0.2166 0.6802 
        D649  4 0.3154 0.3421 0.3425 
        D650  4 0.1972 0.1930 0.6098 
        D708  4 0.1398 0.2887 0.5715 
        D709  4 0.1241 0.2876 0.5883 
        D738  4 0.1940 0.2403 0.5657 
        D739  4 0.1695 0.6408 0.1897 
        D740  4 0.1377 0.5842 0.2781 
        D741  4 0.7441 0.1580 0.0979 
        D742  4 0.6209 0.1956 0.1835 
        D743  4 0.5816 0.1190 0.2994 
        D744  4 0.6328 0.1797 0.1874 
        D745  4 0.1982 0.6394 0.1624 
        D814  4 0.1903 0.6604 0.1493 
        D815  4 0.1876 0.1805 0.6318 
        D828  4 0.1051 0.4917 0.4032 
        D845  4 0.6907 0.1108 0.1986 
        D846  4 0.5618 0.2980 0.1402 
        D847  4 0.3710 0.3139 0.3151 
        D848  4 0.2921 0.6160 0.0920 
        D849  4 0.1166 0.7306 0.1528 
        D850  4 0.6362 0.1131 0.2507 
        D856  4 0.3217 0.4430 0.2353 
        D857  4 0.0661 0.8222 0.1117 
        D859  4 0.3880 0.3202 0.2918 
        D860  4 0.4654 0.1422 0.3924 
        D883  4 0.2417 0.2513 0.5071 
        D884  4 0.1647 0.3457 0.4896 
        D885  4 0.5466 0.3209 0.1325 
        D886  4 0.1875 0.5087 0.3037 
        D887  4 0.3759 0.3001 0.3241 
        D889  4 0.2169 0.3548 0.4283 
        D890  4 0.2063 0.2446 0.5491 
        D891  4 0.8762 0.0667 0.0572 
        D899  4 0.5853 0.1604 0.2544 
        D900  4 0.4642 0.2694 0.2665 
        D970  4 0.4202 0.2858 0.2940 
        D971  4 0.5590 0.1617 0.2793 
        D979  4 0.4713 0.1118 0.4169 
        H002  4 0.1551 0.5247 0.3202 
        H003  4 0.4146 0.3639 0.2215 
        H009  4 0.1118 0.7029 0.1853 
        H010  4 0.3370 0.3923 0.2707 
        H011  4 0.1263 0.2883 0.5854 
        H012  4 0.3405 0.3612 0.2983 
        H013  4 0.4351 0.2055 0.3594 
        H014  4 0.2845 0.4740 0.2415 
        H045  4 0.3664 0.1922 0.4414 
        H046  4 0.3921 0.2445 0.3635 
        H051  4 0.1920 0.1798 0.6282 
        H052  4 0.0990 0.2046 0.6965 
        H053  4 0.5388 0.2053 0.2560 
        H056  4 0.0723 0.4175 0.5102 
        H076  4 0.7711 0.1333 0.0956 
        H151  4 0.3531 0.2707 0.3762 
        H152  4 0.1512 0.1600 0.6888 
     H171803  4 0.1209 0.6822 0.1970 
     H171804  4 0.1337 0.3665 0.4998 
     H171833  4 0.1280 0.7672 0.1048 
     H171855  4 0.1510 0.5441 0.3049 
     H171856  4 0.2001 0.6283 0.1716 
     H171857  4 0.2492 0.2565 0.4943 
     H171858  4 0.2987 0.1137 0.5877 
     H171859  4 0.2851 0.1579 0.5570 
     H171961  4 0.3795 0.2605 0.3600 
        H198  4 0.5320 0.3022 0.1658 
      H20001  4 0.0714 0.8649 0.0637 
        H403  4 0.2920 0.5431 0.1648 
        H404  4 0.4754 0.2202 0.3044 
        H405  4 0.3912 0.3344 0.2744 
        H406  4 0.3354 0.5808 0.0839 
        H407  4 0.2866 0.3321 0.3813 
        H410  4 0.8261 0.0913 0.0825 
        H411  4 0.1503 0.7442 0.1055 
        H468  4 0.1402 0.7444 0.1155 
        H476  4 0.2270 0.3707 0.4023 
        H477  4 0.0733 0.7102 0.2165 
        H478  4 0.0981 0.7236 0.1783 
        H479  4 0.2756 0.1021 0.6222 
        H480  4 0.3352 0.4192 0.2456 
        H498  4 0.2675 0.5708 0.1617 
        H499  4 0.1459 0.4303 0.4238 
        H500  4 0.2319 0.3285 0.4396 
        H515  4 0.1881 0.5452 0.2667 
        H516  4 0.2763 0.6003 0.1233 
        H517  4 0.6886 0.0946 0.2168 
        H518  4 0.0829 0.1922 0.7249 
        H520  4 0.1574 0.3862 0.4564 
        H521  4 0.4222 0.2897 0.2882 
        H522  4 0.1402 0.7139 0.1459 
        H523  4 0.3846 0.2382 0.3772 
        H536  4 0.2359 0.2840 0.4800 
        H645  4 0.2252 0.1021 0.6727 
        H646  4 0.7445 0.1441 0.1113 
        H647  4 0.3033 0.4402 0.2565 
        H657  4 0.6142 0.1531 0.2327 
        H658  4 0.3113 0.1967 0.4920 
        H659  4 0.1266 0.6486 0.2248 
        H660  4 0.1564 0.4408 0.4028 
        H661  4 0.1172 0.7701 0.1127 
        H668  4 0.2946 0.3097 0.3957 
        H669  4 0.7019 0.1611 0.1369 
        H670  4 0.1846 0.0940 0.7214 
        H678  4 0.3849 0.5028 0.1123 
        H679  4 0.7020 0.1585 0.1395 
        H680  4 0.3233 0.4841 0.1926 
        H681  4 0.1621 0.1222 0.7156 
        H682  4 0.5618 0.2602 0.1780 
        H683  4 0.3942 0.3387 0.2671 
        H718  4 0.2458 0.2019 0.5523 
        H719  4 0.2763 0.3786 0.3451 
        H720  4 0.0646 0.5643 0.3711 
        H721  4 0.0624 0.7550 0.1827 
        H722  4 0.2505 0.5607 0.1888 
        H723  4 0.3910 0.2075 0.4016 
        H724  4 0.1235 0.1531 0.7234 
        H725  4 0.0948 0.3790 0.5262 
        H726  4 0.3525 0.3730 0.2745 
        H727  4 0.3577 0.2240 0.4183 
        H910  4 0.1819 0.2405 0.5776 
        H911  4 0.7247 0.1463 0.1291 
        H912  4 0.4087 0.3979 0.1935 
        H913  4 0.3621 0.2835 0.3544 
        H914  4 0.2156 0.1540 0.6305 
        H915  4 0.3513 0.3883 0.2605 
        H916  4 0.1466 0.7184 0.1350 
       H9572  4 0.0905 0.8256 0.0839 
      H009.1  4 0.1456 0.1735 0.6809 
      H046.4  4 0.3666 0.2988 0.3346 
 H076.1_2002  4 0.8437 0.1042 0.0521 
 H076.1_2003  4 0.8643 0.0801 0.0556 
 H076.1_2004  4 0.8227 0.0992 0.0781 
      H477.1  4 0.0886 0.7607 0.1507 
 H479.1_2005  4 0.3392 0.1702 0.4906 
 H479.1_2006  4 0.2601 0.4994 0.2405 
      H516.1  4 0.4256 0.3795 0.1949 
      H646.1  4 0.4111 0.3597 0.2292 
      H658.1  4 0.1607 0.5309 0.3084 
      H682.1  4 0.4921 0.1571 0.3508 
      H720.1  4 0.3931 0.4091 0.1978 
      H724.1  4 0.4047 0.2711 0.3242 
      H725.1  4 0.1061 0.2178 0.6761 
      H726.1  4 0.1573 0.6118 0.2308 
        UNK1  4 0.2085 0.1477 0.6439 
        D093  5 0.1065 0.1300 0.7635 
        D154  5 0.3805 0.2590 0.3605 
        D168  5 0.4403 0.3638 0.1959 
        D189  5 0.2441 0.1470 0.6089 
        D190  5 0.1252 0.1158 0.7589 
     D237220  5 0.1776 0.5362 0.2862 
     D237221  5 0.2041 0.1513 0.6446 
     D237274  5 0.5081 0.2891 0.2028 
     D237275  5 0.3894 0.4682 0.1424 
     D237276  5 0.0902 0.2777 0.6321 
     D237277  5 0.1224 0.1087 0.7689 
     D237278  5 0.3805 0.4141 0.2054 
     D237279  5 0.3041 0.5337 0.1622 
     D237280  5 0.0950 0.4388 0.4662 
     D237281  5 0.8136 0.1026 0.0838 
     D237351  5 0.0742 0.4503 0.4755 
     D237352  5 0.2881 0.3256 0.3864 
     D237353  5 0.0897 0.1095 0.8008 
     D237359  5 0.2276 0.4949 0.2774 
     D237361  5 0.0867 0.0805 0.8328 
     D237362  5 0.3239 0.1557 0.5204 
     D237363  5 0.5747 0.2726 0.1527 
     D237364  5 0.2841 0.5670 0.1488 
     D237376  5 0.1391 0.2118 0.6491 
     D237377  5 0.4520 0.1607 0.3873 
     D237378  5 0.1444 0.1913 0.6642 
     D237379  5 0.3150 0.2450 0.4400 
     D237380  5 0.0516 0.7003 0.2481 
     D237381  5 0.1107 0.6396 0.2497 
     D237391  5 0.1115 0.0921 0.7964 
     D237392  5 0.6833 0.1608 0.1559 
     D237393  5 0.2959 0.2286 0.4755 
     D237394  5 0.1005 0.0772 0.8223 
     D237395  5 0.1135 0.3863 0.5002 
     D237396  5 0.7272 0.1003 0.1725 
     D244016  5 0.3080 0.1596 0.5323 
     D244018  5 0.5995 0.1597 0.2408 
     D244019  5 0.3785 0.1713 0.4502 
        D279  5 0.1829 0.5290 0.2880 
        D280  5 0.2885 0.2713 0.4402 
        D281  5 0.5816 0.1747 0.2437 
        D283  5 0.2924 0.1130 0.5946 
        D284  5 0.2955 0.4349 0.2696 
        D285  5 0.1166 0.1537 0.7297 
        D286  5 0.1267 0.2009 0.6724 
        D287  5 0.0922 0.2672 0.6406 
        D288  5 0.5669 0.1619 0.2712 
        D308  5 0.1052 0.5798 0.3150 
        D309  5 0.4325 0.3250 0.2426 
        D310  5 0.0983 0.1302 0.7715 
        D311  5 0.1391 0.1083 0.7526 
        D312  5 0.1393 0.1389 0.7218 
        D313  5 0.0558 0.8293 0.1149 
        D314  5 0.1452 0.5127 0.3422 
        D315  5 0.4924 0.2456 0.2620 
        D317  5 0.1249 0.0908 0.7842 
        D318  5 0.6009 0.1908 0.2083 
        D319  5 0.1056 0.1435 0.7510 
        D320  5 0.1025 0.1163 0.7812 
        D321  5 0.2070 0.4719 0.3211 
        D336  5 0.0757 0.0729 0.8514 
        D337  5 0.1498 0.0694 0.7808 
        D338  5 0.1834 0.2724 0.5441 
        D339  5 0.0977 0.2068 0.6955 
        D347  5 0.2617 0.3799 0.3585 
        D348  5 0.1847 0.1306 0.6847 
        D349  5 0.0645 0.5777 0.3579 
        D350  5 0.2828 0.4126 0.3046 
        D355  5 0.6008 0.2004 0.1988 
        D356  5 0.2422 0.2104 0.5473 
        D357  5 0.1674 0.5333 0.2992 
        D358  5 0.4089 0.1591 0.4319 
        D359  5 0.2103 0.1171 0.6726 
        D360  5 0.1859 0.1785 0.6355 
        D361  5 0.0776 0.6660 0.2564 
        D366  5 0.8108 0.0732 0.1161 
        D367  5 0.1254 0.2850 0.5896 
        D368  5 0.1247 0.2424 0.6329 
        D380  5 0.6632 0.1622 0.1746 
        D381  5 0.1989 0.1643 0.6368 
        D400  5 0.1532 0.1939 0.6529 
        D411  5 0.1677 0.7464 0.0859 
        D412  5 0.2092 0.5588 0.2319 
        D413  5 0.6680 0.2059 0.1262 
        D414  5 0.3251 0.4239 0.2510 
        D420  5 0.5538 0.2537 0.1925 
        D431  5 0.1898 0.5279 0.2824 
        D432  5 0.2243 0.3030 0.4728 
        D433  5 0.1429 0.1442 0.7129 
        D434  5 0.1863 0.2429 0.5708 
        D440  5 0.1927 0.5935 0.2138 
        D447  5 0.6727 0.2193 0.1080 
        D448  5 0.1270 0.1501 0.7229 
        D459  5 0.8582 0.0655 0.0764 
        D460  5 0.2264 0.5241 0.2495 
        D461  5 0.2386 0.2485 0.5129 
        D468  5 0.4737 0.1279 0.3984 
        D469  5 0.2631 0.1852 0.5516 
        D470  5 0.1103 0.3791 0.5106 
        D471  5 0.1742 0.1422 0.6836 
        D472  5 0.7771 0.0947 0.1282 
        D479  5 0.5600 0.2748 0.1651 
        D485  5 0.2413 0.3366 0.4220 
        D486  5 0.3108 0.2099 0.4793 
        D487  5 0.1358 0.5514 0.3128 
        D555  5 0.2518 0.1186 0.6297 
        D556  5 0.1781 0.2195 0.6024 
        D557  5 0.2002 0.0825 0.7172 
        D564  5 0.4302 0.3693 0.2006 
        D594  5 0.2861 0.2458 0.4681 
        D595  5 0.3164 0.1832 0.5004 
        D596  5 0.1898 0.1103 0.6998 
        D597  5 0.2354 0.1520 0.6126 
        D598  5 0.1610 0.1985 0.6405 
        D617  5 0.2081 0.6875 0.1045 
        D618  5 0.1524 0.1534 0.6942 
        D619  5 0.2577 0.4171 0.3252 
        D620  5 0.6629 0.1808 0.1564 
        D628  5 0.1642 0.5188 0.3170 
        D714  5 0.3811 0.1360 0.4829 
        D715  5 0.3145 0.1059 0.5796 
        D716  5 0.2906 0.2791 0.4303 
        D717  5 0.4035 0.1591 0.4375 
        D718  5 0.1503 0.5568 0.2929 
        D769  5 0.1210 0.7712 0.1078 
        D770  5 0.5095 0.2069 0.2837 
        D771  5 0.3588 0.4033 0.2379 
        D772  5 0.1308 0.1388 0.7303 
        D782  5 0.5543 0.3323 0.1134 
        D783  5 0.4848 0.1731 0.3421 
        D784  5 0.4153 0.1236 0.4611 
        D785  5 0.0839 0.1079 0.8081 
        D786  5 0.2448 0.5704 0.1848 
        D821  5 0.0825 0.0687 0.8488 
        D822  5 0.4817 0.1416 0.3767 
        D826  5 0.2727 0.1621 0.5652 
        D827  5 0.6424 0.1488 0.2087 
        D851  5 0.4777 0.3477 0.1746 
        D852  5 0.1938 0.5075 0.2987 
        D853  5 0.1144 0.2148 0.6708 
        D854  5 0.5542 0.2871 0.1586 
        D861  5 0.3300 0.3113 0.3588 
        D862  5 0.2087 0.1038 0.6875 
        D865  5 0.2160 0.1759 0.6081 
        D868  5 0.2868 0.1864 0.5268 
        D869  5 0.2724 0.5454 0.1822 
        D870  5 0.5777 0.2281 0.1943 
        D907  5 0.1100 0.2302 0.6599 
        D908  5 0.1323 0.4835 0.3842 
        D910  5 0.3345 0.1200 0.5455 
        D911  5 0.6971 0.1373 0.1656 
        D934  5 0.5943 0.1906 0.2152 
        D946  5 0.2542 0.5747 0.1711 
        D947  5 0.1350 0.3857 0.4793 
        D948  5 0.0928 0.4317 0.4755 
        D949  5 0.0724 0.4248 0.5028 
        D950  5 0.6934 0.1393 0.1674 
        D951  5 0.6388 0.1316 0.2296 
