        D174  1 0.7176 0.1182 0.1642 
        D199  1 0.2473 0.1463 0.6063 
        D203  1 0.2440 0.3031 0.4529 
        D204  1 0.2986 0.1306 0.5708 
     D237366  1 0.2971 0.5222 0.1806 
     D237367  1 0.3798 0.1488 0.4714 
     D237368  1 0.1607 0.5013 0.3379 
     D244101  1 0.0857 0.0719 0.8424 
     D244102  1 0.3640 0.4109 0.2252 
     D244103  1 0.3784 0.2181 0.4035 
     D244104  1 0.3489 0.1247 0.5263 
     D244105  1 0.1127 0.7030 0.1843 
     D244106  1 0.5574 0.2415 0.2011 
     D244107  1 0.0724 0.4485 0.4791 
     D244108  1 0.5062 0.2806 0.2131 
     D244113  1 0.8232 0.1116 0.0653 
     D244114  1 0.3028 0.4315 0.2657 
     D244115  1 0.6322 0.1800 0.1878 
     D267365  1 0.5063 0.1386 0.3551 
        D404  1 0.6621 0.1913 0.1467 
        D405  1 0.5261 0.2655 0.2084 
        D406  1 0.1198 0.7806 0.0996 
        D407  1 0.1076 0.0867 0.8057 
        D408  1 0.6220 0.0952 0.2829 
        D409  1 0.1071 0.1907 0.7022 
        D410  1 0.1891 0.7121 0.0988 
        D421  1 0.1169 0.0445 0.8386 
        D422  1 0.0471 0.8575 0.0954 
        D423  1 0.1086 0.5265 0.3649 
        D424  1 0.1993 0.1137 0.6870 
        D425  1 0.5394 0.1080 0.3526 
        D426  1 0.0667 0.1387 0.7947 
        D427  1 0.1010 0.0718 0.8272 
        D428  1 0.4741 0.2373 0.2886 
        D429  1 0.5594 0.2228 0.2179 
        D430  1 0.3484 0.2272 0.4244 
        D491  1 0.7570 0.0999 0.1431 
        D492  1 0.5920 0.1318 0.2761 
        D537  1 0.4385 0.1592 0.4023 
        D538  1 0.2585 0.5200 0.2215 
        D539  1 0.4869 0.3987 0.1143 
        D540  1 0.3679 0.2665 0.3656 
        D541  1 0.1171 0.0689 0.8141 
        D551  1 0.1204 0.5564 0.3232 
        D552  1 0.2756 0.4901 0.2343 
        D553  1 0.2137 0.0692 0.7171 
        D615  1 0.3852 0.3880 0.2269 
        D616  1 0.1414 0.2060 0.6526 
        D621  1 0.3262 0.5946 0.0792 
        D622  1 0.1905 0.6240 0.1856 
        D623  1 0.4213 0.1366 0.4421 
        D624  1 0.7702 0.1011 0.1287 
        D625  1 0.6104 0.1402 0.2493 
        D626  1 0.7352 0.1427 0.1221 
        D627  1 0.0986 0.1123 0.7891 
        D690  1 0.6563 0.1115 0.2323 
        D691  1 0.1559 0.5707 0.2734 
        D710  1 0.2883 0.1323 0.5793 
        D711  1 0.4402 0.2259 0.3339 
        D712  1 0.6736 0.1820 0.1444 
        D713  1 0.7329 0.1337 0.1334 
        D746  1 0.1333 0.7311 0.1356 
        D747  1 0.1897 0.0721 0.7382 
        D748  1 0.3278 0.3217 0.3505 
        D749  1 0.1978 0.6768 0.1254 
        D750  1 0.7357 0.1144 0.1499 
        D763  1 0.2490 0.2547 0.4964 
        D764  1 0.4101 0.1222 0.4677 
        D765  1 0.1815 0.7420 0.0765 
        D766  1 0.3779 0.4187 0.2034 
        D767  1 0.4158 0.3783 0.2058 
        D768  1 0.1161 0.0892 0.7947 
        D811  1 0.7374 0.1351 0.1275 
        D816  1 0.5034 0.1120 0.3845 
        D825  1 0.6119 0.2544 0.1337 
        D866  1 0.3060 0.2721 0.4218 
        D867  1 0.1255 0.7390 0.1355 
        D871  1 0.2957 0.1525 0.5518 
        D872  1 0.3813 0.3825 0.2362 
        D873  1 0.0404 0.9210 0.0386 
        D874  1 0.6784 0.0810 0.2406 
        D875  1 0.0987 0.3278 0.5736 
        D876  1 0.4791 0.2474 0.2735 
        D877  1 0.8276 0.0951 0.0773 
        D892  1 0.5860 0.1933 0.2207 
        D893  1 0.3297 0.2561 0.4141 
        D894  1 0.2755 0.2522 0.4723 
        D915  1 0.4088 0.2310 0.3602 
        D916  1 0.2212 0.1097 0.6691 
        D917  1 0.5349 0.0867 0.3785 
        D925  1 0.2980 0.5844 0.1176 
        D926  1 0.5965 0.1634 0.2401 
        D927  1 0.2023 0.1832 0.6145 
        D928  1 0.8069 0.0649 0.1281 
        D929  1 0.7253 0.1827 0.0919 
        D936  1 0.3919 0.1668 0.4412 
        D938  1 0.1478 0.7581 0.0940 
        D956  1 0.5567 0.2899 0.1534 
        D957  1 0.2298 0.4820 0.2883 
        D958  1 0.5521 0.2853 0.1626 
        D959  1 0.0747 0.0941 0.8312 
        D960  1 0.0836 0.8433 0.0731 
        D989  1 0.3651 0.1066 0.5283 
        D990  1 0.0909 0.8056 0.1034 
        H102  1 0.6772 0.1666 0.1562 
        H103  1 0.1551 0.3504 0.4945 
        H104  1 0.4347 0.1671 0.3982 
        H105  1 0.5783 0.1371 0.2846 
        H106  1 0.2321 0.6599 0.1080 
        H112  1 0.4976 0.2611 0.2413 
        H113  1 0.1829 0.1612 0.6559 
        H114  1 0.0931 0.1495 0.7574 
        H115  1 0.3921 0.2342 0.3737 
        H143  1 0.3305 0.2009 0.4686 
        H144  1 0.1518 0.1661 0.6820 
        H145  1 0.6675 0.2046 0.1279 
        H149  1 0.3131 0.3522 0.3347 
        H150  1 0.4129 0.3861 0.2009 
     H167542  1 0.5603 0.1688 0.2709 
     H169604  1 0.6079 0.1042 0.2879 
     H169607  1 0.7027 0.1417 0.1556 
     H169608  1 0.6991 0.1725 0.1284 
     H169633  1 0.2614 0.1471 0.5915 
     H169688  1 0.1227 0.6478 0.2295 
     H169714  1 0.1997 0.5812 0.2192 
     H171802  1 0.1680 0.3283 0.5037 
     H171805  1 0.1899 0.6777 0.1324 
     H171807  1 0.5113 0.3310 0.1577 
     H171814  1 0.0718 0.1173 0.8109 
     H171816  1 0.2998 0.4648 0.2354 
     H171817  1 0.6598 0.1924 0.1478 
     H171818  1 0.1449 0.5465 0.3087 
     H171819  1 0.2571 0.2280 0.5148 
     H171834  1 0.1151 0.5891 0.2958 
     H171835  1 0.2874 0.3974 0.3152 
     H171836  1 0.1465 0.3719 0.4816 
     H171837  1 0.5309 0.1229 0.3462 
     H171838  1 0.0935 0.7841 0.1224 
     H171839  1 0.3741 0.1344 0.4915 
     H171841  1 0.5730 0.3612 0.0658 
     H171860  1 0.6365 0.0862 0.2773 
     H171861  1 0.2283 0.3810 0.3908 
     H171862  1 0.2190 0.3784 0.4025 
     H171868  1 0.3426 0.1558 0.5016 
     H171869  1 0.0920 0.5819 0.3261 
     H171870  1 0.1618 0.7007 0.1375 
     H171871  1 0.1386 0.5403 0.3210 
     H171872  1 0.6685 0.1039 0.2276 
     H171873  1 0.1152 0.6163 0.2685 
     H171874  1 0.2036 0.2482 0.5482 
     H171875  1 0.1143 0.1243 0.7614 
     H171876  1 0.2356 0.1101 0.6543 
     H171877  1 0.4825 0.1046 0.4128 
     H171878  1 0.1085 0.6551 0.2365 
     H171901  1 0.7458 0.1599 0.0943 
     H171902  1 0.7440 0.1704 0.0855 
     H171903  1 0.1820 0.1438 0.6741 
     H171935  1 0.1901 0.7182 0.0917 
     H171936  1 0.1450 0.1958 0.6593 
     H171940  1 0.6344 0.2193 0.1463 
     H171945  1 0.2850 0.5409 0.1740 
     H171948  1 0.3154 0.4710 0.2136 
     H171949  1 0.5624 0.3202 0.1174 
     H171950  1 0.6282 0.2458 0.1260 
     H171963  1 0.0891 0.7527 0.1582 
     H171964  1 0.1184 0.6034 0.2782 
     H171966  1 0.1947 0.6036 0.2017 
     H171968  1 0.7542 0.1544 0.0914 
     H171971  1 0.0960 0.7168 0.1872 
     H171972  1 0.1574 0.2241 0.6185 
     H171977  1 0.2075 0.4704 0.3221 
     H171978  1 0.3516 0.5364 0.1120 
     H171979  1 0.2017 0.4444 0.3540 
        H176  1 0.5712 0.0844 0.3444 
        H177  1 0.5338 0.3691 0.0971 
        H179  1 0.4506 0.0928 0.4566 
        H181  1 0.1289 0.6691 0.2020 
        H182  1 0.1963 0.6050 0.1987 
        H183  1 0.1039 0.6187 0.2775 
        H184  1 0.5231 0.3152 0.1617 
        H185  1 0.1505 0.5114 0.3381 
        H186  1 0.1639 0.2838 0.5523 
        H187  1 0.1884 0.5558 0.2558 
        H188  1 0.4779 0.1182 0.4039 
        H192  1 0.2392 0.6650 0.0958 
        H193  1 0.3746 0.4517 0.1736 
        H194  1 0.3160 0.2909 0.3931 
        H195  1 0.0936 0.7259 0.1805 
        H199  1 0.4231 0.4068 0.1701 
        H200  1 0.3872 0.1218 0.4910 
        H414  1 0.3647 0.3088 0.3265 
        H415  1 0.2803 0.1483 0.5714 
        H422  1 0.4899 0.3266 0.1835 
        H423  1 0.6979 0.1906 0.1116 
        H424  1 0.1255 0.5429 0.3315 
        H425  1 0.1160 0.6780 0.2060 
        H426  1 0.1338 0.6500 0.2163 
        H443  1 0.2034 0.2367 0.5599 
        H466  1 0.1866 0.3814 0.4321 
        H467  1 0.1646 0.5945 0.2408 
        H472  1 0.7580 0.0982 0.1438 
        H483  1 0.2509 0.4078 0.3413 
        H504  1 0.2486 0.5121 0.2393 
        H505  1 0.4277 0.2736 0.2987 
        H506  1 0.4292 0.3059 0.2649 
        H507  1 0.2353 0.3695 0.3952 
        H508  1 0.1911 0.5644 0.2445 
        H524  1 0.2566 0.3592 0.3842 
        H525  1 0.3966 0.2536 0.3498 
        H526  1 0.4046 0.0895 0.5059 
        H527  1 0.6133 0.2672 0.1195 
        H528  1 0.2665 0.0800 0.6535 
        H529  1 0.2235 0.3789 0.3976 
        H533  1 0.2935 0.5241 0.1824 
        H538  1 0.6588 0.1182 0.2229 
        H539  1 0.0920 0.8041 0.1040 
        H540  1 0.2796 0.5241 0.1963 
        H541  1 0.5411 0.1591 0.2997 
        H558  1 0.0909 0.7770 0.1320 
        H559  1 0.5572 0.1451 0.2977 
        H579  1 0.2143 0.5895 0.1962 
        H584  1 0.2937 0.4304 0.2759 
        H585  1 0.1573 0.2579 0.5848 
        H605  1 0.4763 0.3173 0.2065 
        H606  1 0.8047 0.0823 0.1129 
        H632  1 0.2751 0.3018 0.4231 
        H634  1 0.3787 0.2712 0.3500 
        H671  1 0.7852 0.0867 0.1281 
        H672  1 0.1455 0.0832 0.7714 
        H673  1 0.3137 0.2469 0.4395 
        H689  1 0.1854 0.2479 0.5668 
        H690  1 0.4227 0.3655 0.2118 
        H691  1 0.2221 0.1765 0.6014 
        H692  1 0.1156 0.1951 0.6894 
        H709  1 0.2969 0.2423 0.4609 
        H710  1 0.1014 0.2703 0.6282 
       H7355  1 0.5448 0.2054 0.2498 
       H7356  1 0.1531 0.6945 0.1524 
       H7357  1 0.6974 0.1695 0.1331 
       H7358  1 0.5820 0.1263 0.2918 
       H7380  1 0.4062 0.1818 0.4119 
       H7381  1 0.5706 0.2209 0.2085 
       H7382  1 0.2832 0.3573 0.3595 
        H904  1 0.6891 0.1229 0.1879 
        H923  1 0.2953 0.2215 0.4833 
        H924  1 0.5446 0.2207 0.2348 
        H925  1 0.3465 0.1544 0.4991 
       H9558  1 0.0691 0.8533 0.0776 
      H105.1  1 0.1184 0.6204 0.2612 
      H115.1  1 0.2262 0.1827 0.5911 
      H145.1  1 0.7308 0.0939 0.1753 
      H149.1  1 0.2357 0.1298 0.6345 
      H150.1  1 0.2195 0.6729 0.1076 
   H169607.1  1 0.6432 0.1479 0.2088 
   H169633.1  1 0.2357 0.1875 0.5768 
   H169688.1  1 0.1635 0.1405 0.6960 
   H171901.1  1 0.1871 0.3048 0.5081 
   H171902.1  1 0.7914 0.1119 0.0967 
   H171903.1  1 0.5329 0.2934 0.1737 
      H177.1  1 0.3453 0.1202 0.5344 
      H179.1  1 0.5245 0.1702 0.3053 
      H180.1  1 0.3121 0.3745 0.3134 
      H181.1  1 0.2087 0.5529 0.2384 
 H194.1_2004  1 0.2025 0.4049 0.3926 
 H195.1_2003  1 0.2334 0.3762 0.3903 
 H195.1_2004  1 0.5828 0.0969 0.3203 
      H415.1  1 0.2141 0.2038 0.5821 
      H506.1  1 0.3309 0.1644 0.5047 
      H533.1  1 0.4316 0.3310 0.2374 
      H535.1  1 0.4163 0.3406 0.2431 
      H539.1  1 0.2838 0.6000 0.1162 
      H540.1  1 0.1244 0.8049 0.0706 
     H9558.1  1 0.1533 0.6663 0.1804 
    kos339.1  1 0.5173 0.1666 0.3161 
        D023  2 0.0816 0.4544 0.4639 
        D130  2 0.1068 0.8076 0.0857 
        D131  2 0.1411 0.1230 0.7359 
        D163  2 0.1211 0.7554 0.1235 
        D164  2 0.0562 0.7792 0.1646 
        D165  2 0.0669 0.4891 0.4440 
        D166  2 0.2277 0.6331 0.1393 
        D167  2 0.0987 0.3930 0.5083 
        D192  2 0.0758 0.5087 0.4155 
        D193  2 0.3775 0.4947 0.1278 
        D206  2 0.2095 0.2115 0.5790 
        D207  2 0.1350 0.2660 0.5990 
        D208  2 0.6920 0.1514 0.1566 
        D209  2 0.0833 0.4963 0.4204 
        D210  2 0.5468 0.1732 0.2800 
     D229599  2 0.2241 0.2800 0.4958 
     D229600  2 0.0998 0.7011 0.1991 
     D237227  2 0.4567 0.2340 0.3093 
     D237228  2 0.3835 0.4447 0.1719 
     D237258  2 0.2342 0.2300 0.5358 
     D237310  2 0.1397 0.7759 0.0844 
     D237311  2 0.1022 0.6626 0.2352 
     D237312  2 0.3608 0.5213 0.1179 
     D237313  2 0.5164 0.3300 0.1536 
     D237322  2 0.5290 0.3048 0.1662 
     D237323  2 0.2588 0.5770 0.1642 
     D237324  2 0.0962 0.6241 0.2797 
     D237325  2 0.3552 0.4939 0.1509 
     D237326  2 0.1760 0.4677 0.3563 
     D237327  2 0.1871 0.4039 0.4090 
     D237337  2 0.3550 0.5393 0.1058 
     D237338  2 0.2896 0.4619 0.2484 
     D237339  2 0.1141 0.2127 0.6732 
     D237340  2 0.2658 0.4322 0.3020 
     D237389  2 0.0994 0.7805 0.1201 
     D237390  2 0.3462 0.3705 0.2833 
     D244017  2 0.3238 0.2681 0.4080 
     D244112  2 0.0690 0.7417 0.1893 
     D244118  2 0.0593 0.8140 0.1267 
     D244119  2 0.5059 0.1366 0.3575 
     D244120  2 0.1557 0.6502 0.1941 
     D244122  2 0.2375 0.5049 0.2576 
        D291  2 0.1858 0.2186 0.5956 
        D292  2 0.2694 0.2265 0.5042 
        D293  2 0.0435 0.0361 0.9204 
        D322  2 0.0711 0.1320 0.7970 
        D323  2 0.2865 0.1340 0.5795 
        D324  2 0.1849 0.1361 0.6790 
        D325  2 0.0422 0.0481 0.9097 
        D326  2 0.1557 0.0538 0.7905 
        D340  2 0.0609 0.0926 0.8464 
        D341  2 0.2199 0.3735 0.4066 
        D342  2 0.0875 0.8236 0.0888 
        D343  2 0.0358 0.0456 0.9186 
        D344  2 0.2087 0.4215 0.3698 
        D345  2 0.2235 0.5249 0.2516 
        D346  2 0.5497 0.1014 0.3490 
        D351  2 0.1406 0.1226 0.7367 
        D352  2 0.2937 0.2036 0.5028 
        D353  2 0.1734 0.1083 0.7183 
        D354  2 0.3972 0.4126 0.1902 
        D362  2 0.3196 0.1713 0.5091 
        D363  2 0.3079 0.1128 0.5793 
        D364  2 0.2717 0.4080 0.3203 
        D365  2 0.0518 0.0439 0.9043 
        D369  2 0.1221 0.0780 0.7999 
        D374  2 0.7131 0.2137 0.0732 
        D375  2 0.1987 0.5050 0.2963 
        D376  2 0.5038 0.4045 0.0918 
        D377  2 0.4790 0.3231 0.1979 
        D378  2 0.1043 0.1165 0.7792 
        D379  2 0.3687 0.1573 0.4740 
        D384  2 0.3712 0.0741 0.5547 
        D385  2 0.1008 0.1167 0.7825 
        D386  2 0.2619 0.2615 0.4767 
        D391  2 0.0779 0.0890 0.8331 
        D392  2 0.0790 0.1671 0.7540 
        D393  2 0.1709 0.1368 0.6923 
        D394  2 0.1371 0.5330 0.3299 
        D395  2 0.0835 0.1227 0.7938 
        D401  2 0.1208 0.6511 0.2281 
        D402  2 0.1158 0.2402 0.6441 
        D403  2 0.3496 0.4423 0.2081 
        D415  2 0.1216 0.1378 0.7406 
        D435  2 0.1084 0.1476 0.7440 
        D436  2 0.4751 0.1672 0.3577 
        D438  2 0.0788 0.1178 0.8034 
        D439  2 0.0940 0.3535 0.5524 
        D449  2 0.0777 0.3032 0.6191 
        D450  2 0.6991 0.1731 0.1278 
        D456  2 0.1968 0.1061 0.6971 
        D462  2 0.0512 0.0695 0.8793 
        D463  2 0.2847 0.0773 0.6380 
        D464  2 0.2896 0.1374 0.5730 
        D465  2 0.0816 0.0828 0.8357 
        D473  2 0.7413 0.1348 0.1239 
        D474  2 0.2064 0.1248 0.6688 
        D476  2 0.0808 0.5896 0.3296 
        D477  2 0.4509 0.1674 0.3817 
        D478  2 0.2645 0.3029 0.4326 
        D480  2 0.3293 0.1330 0.5377 
        D481  2 0.1901 0.2417 0.5682 
        D482  2 0.4838 0.3046 0.2116 
        D483  2 0.0947 0.2637 0.6416 
        D484  2 0.2962 0.3146 0.3892 
        D510  2 0.7703 0.1291 0.1006 
        D511  2 0.1592 0.1230 0.7178 
        D512  2 0.0713 0.5052 0.4234 
        D513  2 0.1982 0.1032 0.6986 
        D635  2 0.1013 0.1343 0.7644 
        D636  2 0.0944 0.7982 0.1073 
        D637  2 0.4227 0.2173 0.3600 
        D658  2 0.2539 0.4337 0.3124 
        D659  2 0.2493 0.1739 0.5768 
        D677  2 0.2587 0.3381 0.4031 
        D678  2 0.0915 0.6690 0.2395 
        D679  2 0.3326 0.1286 0.5388 
        D719  2 0.3600 0.0651 0.5750 
        D720  2 0.4752 0.1064 0.4184 
        D721  2 0.1331 0.5252 0.3417 
        D722  2 0.5222 0.2712 0.2066 
        D734  2 0.4980 0.1035 0.3985 
        D735  2 0.3456 0.2740 0.3803 
        D736  2 0.3771 0.1947 0.4282 
        D737  2 0.1459 0.6256 0.2284 
        D807  2 0.4704 0.1498 0.3798 
        D808  2 0.1064 0.4335 0.4600 
        D817  2 0.3936 0.1392 0.4672 
        D818  2 0.1193 0.1261 0.7546 
        D819  2 0.1382 0.1279 0.7339 
        D820  2 0.2168 0.0785 0.7047 
        D895  2 0.3195 0.2860 0.3945 
        D896  2 0.1573 0.7239 0.1188 
        D897  2 0.1257 0.6985 0.1758 
        D898  2 0.2072 0.5991 0.1936 
        D918  2 0.4293 0.2720 0.2987 
        D919  2 0.1042 0.1697 0.7262 
        D920  2 0.0821 0.8592 0.0586 
        D923  2 0.2213 0.1263 0.6524 
        D930  2 0.7406 0.1363 0.1231 
        D931  2 0.2230 0.1283 0.6487 
        D968  2 0.0615 0.0832 0.8553 
        D969  2 0.1542 0.1316 0.7142 
        D977  2 0.1009 0.1304 0.7687 
        D978  2 0.3162 0.3530 0.3308 
        H008  2 0.3696 0.1420 0.4884 
        H021  2 0.1898 0.4762 0.3340 
        H023  2 0.7638 0.1350 0.1012 
        H024  2 0.0871 0.3944 0.5185 
        H025  2 0.3990 0.3077 0.2933 
        H026  2 0.0593 0.0766 0.8642 
        H027  2 0.2147 0.1378 0.6475 
        H028  2 0.2282 0.5637 0.2081 
        H029  2 0.0920 0.0935 0.8145 
        H030  2 0.0762 0.3799 0.5439 
        H038  2 0.1733 0.6793 0.1474 
        H039  2 0.8404 0.0947 0.0649 
        H040  2 0.2017 0.6416 0.1567 
        H041  2 0.1822 0.0942 0.7236 
        H042  2 0.6521 0.2107 0.1373 
        H043  2 0.1325 0.7897 0.0779 
        H044  2 0.2093 0.5647 0.2259 
        H047  2 0.2309 0.6446 0.1245 
        H050  2 0.1340 0.2007 0.6653 
        H058  2 0.1086 0.7266 0.1648 
        H062  2 0.6977 0.2188 0.0835 
        H063  2 0.2306 0.3003 0.4691 
        H065  2 0.3821 0.1064 0.5115 
        H066  2 0.0695 0.7235 0.2070 
        H067  2 0.4862 0.2811 0.2327 
        H068  2 0.6592 0.2123 0.1284 
        H069  2 0.2622 0.3437 0.3941 
        H071  2 0.5411 0.1327 0.3262 
        H072  2 0.7728 0.1121 0.1150 
        H073  2 0.2246 0.3443 0.4311 
        H081  2 0.6946 0.0983 0.2071 
        H082  2 0.0975 0.3530 0.5495 
        H083  2 0.0817 0.2478 0.6706 
        H084  2 0.2533 0.4638 0.2829 
        H085  2 0.3088 0.0706 0.6206 
        H087  2 0.4997 0.1641 0.3362 
        H088  2 0.4152 0.1957 0.3891 
        H089  2 0.4545 0.1575 0.3880 
        H090  2 0.0583 0.0562 0.8855 
        H091  2 0.1270 0.0705 0.8026 
        H098  2 0.2167 0.4297 0.3536 
      H10001  2 0.8053 0.1348 0.0599 
      H10002  2 0.5196 0.2667 0.2137 
        H101  2 0.1247 0.2291 0.6462 
        H108  2 0.8606 0.0661 0.0733 
        H109  2 0.1723 0.4341 0.3936 
        H110  2 0.2871 0.1195 0.5935 
        H116  2 0.1559 0.3825 0.4616 
        H117  2 0.0863 0.0927 0.8210 
        H118  2 0.0763 0.0682 0.8555 
        H119  2 0.2724 0.1048 0.6227 
        H120  2 0.8408 0.0735 0.0857 
        H121  2 0.0936 0.0481 0.8583 
        H125  2 0.7637 0.1453 0.0911 
        H126  2 0.3025 0.5175 0.1800 
        H128  2 0.0298 0.0435 0.9268 
        H129  2 0.0987 0.5707 0.3306 
        H130  2 0.7448 0.2096 0.0456 
        H133  2 0.6270 0.2352 0.1378 
        H134  2 0.1010 0.1442 0.7548 
        H135  2 0.3251 0.1458 0.5291 
        H137  2 0.1319 0.4222 0.4459 
        H138  2 0.1609 0.3155 0.5236 
        H140  2 0.2350 0.1376 0.6275 
        H146  2 0.0676 0.0506 0.8818 
        H147  2 0.1432 0.1551 0.7017 
        H148  2 0.1866 0.2221 0.5912 
     H166022  2 0.2802 0.3433 0.3765 
     H167359  2 0.3723 0.3301 0.2976 
     H167397  2 0.0819 0.3007 0.6173 
     H167428  2 0.0724 0.0686 0.8590 
     H167496  2 0.5542 0.1530 0.2928 
     H167513  2 0.0879 0.8506 0.0615 
     H167545  2 0.1469 0.7446 0.1085 
     H167547  2 0.0964 0.3353 0.5683 
     H169621  2 0.0989 0.4729 0.4282 
     H169622  2 0.4531 0.3170 0.2300 
     H169750  2 0.2422 0.2745 0.4832 
     H171806  2 0.2354 0.0768 0.6878 
     H171808  2 0.6380 0.1195 0.2424 
     H171809  2 0.6713 0.1489 0.1798 
     H171813  2 0.1243 0.7006 0.1752 
     H171815  2 0.1508 0.7362 0.1130 
     H171824  2 0.5679 0.1004 0.3317 
     H171825  2 0.7007 0.1870 0.1124 
     H171826  2 0.2648 0.1875 0.5477 
     H171827  2 0.1285 0.4517 0.4198 
     H171828  2 0.8044 0.0933 0.1023 
     H171829  2 0.4663 0.4141 0.1196 
     H171830  2 0.3817 0.2308 0.3874 
     H171831  2 0.2210 0.3911 0.3879 
     H171832  2 0.2422 0.5709 0.1868 
     H171863  2 0.0944 0.3577 0.5478 
     H171864  2 0.3636 0.2134 0.4230 
     H171865  2 0.3212 0.2833 0.3955 
     H171879  2 0.0864 0.0936 0.8200 
     H171880  2 0.0955 0.2393 0.6652 
     H171881  2 0.2036 0.5110 0.2854 
     H171882  2 0.8007 0.1169 0.0825 
     H171929  2 0.3289 0.1622 0.5089 
     H171930  2 0.0810 0.7909 0.1281 
     H171933  2 0.2701 0.3972 0.3327 
     H171934  2 0.6182 0.2465 0.1353 
     H171937  2 0.2618 0.5701 0.1681 
     H171962  2 0.1802 0.4446 0.3752 
        H190  2 0.1360 0.5083 0.3558 
        H191  2 0.2064 0.5341 0.2595 
        H396  2 0.4755 0.1070 0.4174 
        H397  2 0.6186 0.1653 0.2161 
        H398  2 0.4762 0.1770 0.3468 
        H400  2 0.6176 0.1898 0.1926 
        H401  2 0.0884 0.4220 0.4897 
        H402  2 0.0936 0.5840 0.3224 
        H427  2 0.2981 0.1982 0.5037 
        H428  2 0.0752 0.0665 0.8583 
        H497  2 0.1362 0.7399 0.1238 
        H512  2 0.1228 0.3474 0.5299 
        H513  2 0.0867 0.8495 0.0637 
        H514  2 0.0914 0.3050 0.6036 
        H519  2 0.1130 0.8038 0.0832 
        H532  2 0.1735 0.1117 0.7148 
        H543  2 0.1261 0.2234 0.6504 
        H544  2 0.6466 0.1482 0.2052 
        H545  2 0.1017 0.8122 0.0861 
        H546  2 0.3180 0.5632 0.1188 
        H547  2 0.0936 0.3576 0.5488 
        H548  2 0.6388 0.1325 0.2288 
        H549  2 0.0762 0.8696 0.0542 
        H620  2 0.7695 0.1392 0.0913 
        H623  2 0.0893 0.8173 0.0934 
        H624  2 0.2481 0.6628 0.0890 
        H625  2 0.5743 0.1926 0.2330 
        H626  2 0.3307 0.4322 0.2371 
        H654  2 0.2268 0.7124 0.0607 
        H655  2 0.5203 0.3107 0.1689 
        H656  2 0.8649 0.0711 0.0639 
        H666  2 0.5318 0.1467 0.3215 
        H667  2 0.1655 0.4900 0.3445 
        H677  2 0.3881 0.1841 0.4279 
        H693  2 0.7397 0.1285 0.1318 
        H694  2 0.2059 0.5771 0.2170 
        H701  2 0.1582 0.3599 0.4819 
        H702  2 0.4989 0.2654 0.2356 
        H731  2 0.5236 0.1452 0.3312 
       H7359  2 0.3865 0.3100 0.3035 
       H7389  2 0.1137 0.1182 0.7681 
       H7390  2 0.3629 0.4552 0.1819 
       H7391  2 0.3474 0.1109 0.5417 
       H7392  2 0.2371 0.2749 0.4880 
       H7393  2 0.1977 0.6757 0.1266 
       H7398  2 0.2600 0.1012 0.6388 
       H7399  2 0.1092 0.2747 0.6162 
       H7400  2 0.7112 0.2300 0.0589 
        H745  2 0.0966 0.3765 0.5270 
        H746  2 0.1108 0.4638 0.4254 
        H747  2 0.6052 0.2770 0.1178 
        H748  2 0.2272 0.3433 0.4295 
       H7484  2 0.8254 0.1146 0.0600 
       H7485  2 0.0803 0.7695 0.1502 
        H749  2 0.2645 0.5085 0.2270 
        H930  2 0.1064 0.6551 0.2385 
        H931  2 0.3556 0.0787 0.5657 
        H932  2 0.2146 0.0962 0.6892 
      H008.1  2 0.4335 0.0780 0.4885 
 H029.1_2002  2 0.1267 0.3883 0.4850 
 H029.1_2003  2 0.1209 0.0782 0.8009 
      H030.1  2 0.2517 0.3755 0.3728 
      H038.1  2 0.5921 0.1511 0.2567 
      H041.1  2 0.0421 0.0496 0.9083 
 H042.1_2002  2 0.0896 0.0948 0.8155 
 H042.1_2003  2 0.3061 0.3263 0.3676 
   H042_2002  2 0.6526 0.2005 0.1469 
   H042_2003  2 0.6409 0.2227 0.1364 
      H043.1  2 0.1034 0.8154 0.0812 
      H047.1  2 0.2527 0.6385 0.1088 
 H071.1_2002  2 0.3140 0.4428 0.2432 
 H071.1_2003  2 0.4723 0.2439 0.2838 
 H081.1_2002  2 0.3488 0.2618 0.3894 
 H081.1_2003  2 0.2448 0.3949 0.3604 
      H083.1  2 0.0872 0.4912 0.4216 
      H084.1  2 0.0731 0.8379 0.0890 
 H085.1_2002  2 0.3603 0.1418 0.4979 
 H085.1_2003  2 0.0954 0.0578 0.8468 
      H088.1  2 0.0689 0.0608 0.8703 
      H091.1  2 0.0392 0.0504 0.9104 
      H109.1  2 0.1194 0.6925 0.1881 
      H126.1  2 0.5523 0.2971 0.1506 
      H130.1  2 0.7618 0.1221 0.1160 
      H133.1  2 0.3925 0.2432 0.3643 
      H147.1  2 0.1830 0.2821 0.5349 
      H148.1  2 0.5147 0.2467 0.2387 
   H166022.1  2 0.0610 0.1261 0.8128 
   H167397.1  2 0.0801 0.6013 0.3187 
   H167496.1  2 0.3222 0.1600 0.5178 
   H167513.1  2 0.1462 0.7117 0.1420 
   H167547.1  2 0.2895 0.4230 0.2875 
   H169750.1  2 0.3837 0.2544 0.3619 
   H171929.1  2 0.1063 0.4635 0.4302 
   H171930.1  2 0.1126 0.7653 0.1220 
   H171933.1  2 0.2714 0.1367 0.5919 
      H190.1  2 0.4016 0.4189 0.1795 
      H400.1  2 0.0862 0.1183 0.7956 
 H428.1_2005  2 0.1515 0.1341 0.7144 
 H428.1_2006  2 0.0981 0.1168 0.7851 
      H453.1  2 0.1259 0.1617 0.7124 
      H512.1  2 0.1205 0.4741 0.4054 
      H513.1  2 0.0908 0.5124 0.3967 
      H532.1  2 0.3077 0.3439 0.3483 
      H543.1  2 0.0725 0.1785 0.7490 
 H545.1_2005  2 0.0696 0.8640 0.0664 
 H545.1_2006  2 0.0998 0.1820 0.7182 
      H547.1  2 0.0935 0.1496 0.7569 
      H548.1  2 0.2216 0.5359 0.2425 
     H7389.1  2 0.2256 0.0855 0.6889 
      H747.1  2 0.4418 0.3878 0.1705 
     H7484.1  2 0.6155 0.1863 0.1982 
     H7485.1  2 0.0988 0.1461 0.7551 
     H7496.1  2 0.3491 0.2906 0.3603 
        D211  3 0.3662 0.4788 0.1550 
     D229639  3 0.3664 0.1901 0.4435 
     D237212  3 0.3146 0.2052 0.4802 
     D237213  3 0.2684 0.4467 0.2849 
     D237214  3 0.1395 0.5545 0.3060 
     D237215  3 0.3764 0.4156 0.2081 
     D237216  3 0.1746 0.5490 0.2764 
     D237217  3 0.1208 0.6431 0.2362 
     D237218  3 0.3577 0.3719 0.2704 
     D237219  3 0.5214 0.3683 0.1103 
     D237382  3 0.4968 0.3363 0.1669 
     D244127  3 0.1049 0.7436 0.1516 
     D244129  3 0.2811 0.2656 0.4533 
     D244133  3 0.5435 0.1875 0.2690 
     D244134  3 0.5604 0.2312 0.2083 
     D244135  3 0.1835 0.5118 0.3047 
     D244136  3 0.5045 0.1071 0.3884 
        D416  3 0.1145 0.4629 0.4226 
        D417  3 0.3443 0.2884 0.3673 
        D419  3 0.3848 0.3050 0.3102 
        D565  3 0.8360 0.0604 0.1036 
        D566  3 0.3083 0.1236 0.5681 
        D567  3 0.3659 0.2028 0.4312 
        D568  3 0.1350 0.4454 0.4196 
        D569  3 0.2135 0.4058 0.3807 
        D573  3 0.0725 0.0632 0.8643 
        D574  3 0.4555 0.2706 0.2739 
        D575  3 0.6690 0.1853 0.1456 
        D576  3 0.1968 0.5292 0.2740 
        D577  3 0.6289 0.1976 0.1735 
        D578  3 0.0603 0.7870 0.1527 
        D579  3 0.6053 0.1626 0.2321 
        D660  3 0.1773 0.4975 0.3252 
        D661  3 0.1071 0.6969 0.1961 
        D663  3 0.1376 0.1095 0.7529 
        D664  3 0.4041 0.4751 0.1207 
        D665  3 0.1207 0.7094 0.1699 
        D666  3 0.6203 0.2394 0.1403 
        H111  3 0.1698 0.6486 0.1816 
        H951  3 0.1731 0.3086 0.5183 
        H952  3 0.3059 0.1879 0.5062 
        H953  3 0.2298 0.1005 0.6698 
        H954  3 0.4970 0.3387 0.1643 
        H955  3 0.1455 0.3511 0.5035 
        H956  3 0.1761 0.1073 0.7166 
       H9563  3 0.4164 0.2224 0.3612 
        D009  4 0.1706 0.7249 0.1045 
        D057  4 0.1852 0.5802 0.2346 
        D109  4 0.5098 0.3469 0.1433 
     D237222  4 0.2034 0.6983 0.0983 
     D237223  4 0.2775 0.5400 0.1825 
     D237224  4 0.1443 0.1649 0.6908 
     D237225  4 0.2411 0.6246 0.1344 
     D237299  4 0.1625 0.6591 0.1784 
     D237300  4 0.2110 0.3398 0.4491 
     D237306  4 0.5525 0.2382 0.2093 
     D237307  4 0.6354 0.1168 0.2478 
     D237308  4 0.4130 0.3144 0.2727 
     D237309  4 0.1518 0.6518 0.1964 
     D237317  4 0.6409 0.1946 0.1645 
     D237318  4 0.0676 0.0653 0.8671 
     D237319  4 0.2586 0.4670 0.2744 
     D237320  4 0.1482 0.3964 0.4555 
     D237321  4 0.1986 0.2892 0.5123 
     D237397  4 0.4139 0.3437 0.2424 
     D237398  4 0.0845 0.1308 0.7847 
     D237399  4 0.4264 0.2666 0.3069 
     D244001  4 0.1108 0.7950 0.0942 
        D289  4 0.3755 0.1733 0.4512 
        D290  4 0.4066 0.3816 0.2118 
        D294  4 0.3629 0.4564 0.1807 
        D295  4 0.5549 0.2631 0.1819 
        D301  4 0.1133 0.8270 0.0597 
        D302  4 0.3586 0.2141 0.4273 
        D303  4 0.7468 0.1410 0.1121 
        D304  4 0.6216 0.2002 0.1782 
        D305  4 0.0950 0.6511 0.2539 
        D306  4 0.4845 0.3247 0.1909 
        D307  4 0.2168 0.7124 0.0708 
        D327  4 0.4061 0.0953 0.4986 
        D328  4 0.6826 0.1707 0.1467 
        D329  4 0.1867 0.6291 0.1842 
        D330  4 0.1071 0.4419 0.4510 
        D331  4 0.4599 0.2956 0.2445 
        D333  4 0.5695 0.3024 0.1282 
        D334  4 0.7614 0.1201 0.1185 
        D335  4 0.4357 0.1379 0.4264 
        D370  4 0.4458 0.4327 0.1215 
        D371  4 0.6561 0.0741 0.2697 
        D372  4 0.2897 0.5522 0.1581 
        D373  4 0.1053 0.7288 0.1659 
        D455  4 0.1371 0.7647 0.0981 
        D490  4 0.1240 0.7984 0.0776 
        D497  4 0.1042 0.8185 0.0772 
        D498  4 0.4420 0.3499 0.2081 
        D499  4 0.1553 0.2326 0.6121 
        D514  4 0.2968 0.2866 0.4166 
        D515  4 0.1919 0.6598 0.1484 
        D516  4 0.4295 0.2446 0.3260 
        D517  4 0.0799 0.7955 0.1246 
        D518  4 0.4065 0.4497 0.1438 
        D519  4 0.1283 0.5473 0.3245 
        D560  4 0.1399 0.6845 0.1755 
        D561  4 0.0668 0.1632 0.7700 
        D562  4 0.2564 0.4031 0.3404 
        D563  4 0.0638 0.1621 0.7741 
        D572  4 0.3527 0.2738 0.3735 
        D629  4 0.3240 0.1902 0.4859 
        D630  4 0.4444 0.2980 0.2576 
        D631  4 0.2607 0.4250 0.3143 
        D632  4 0.1208 0.6914 0.1878 
        D646  4 0.1059 0.5994 0.2947 
        D647  4 0.1129 0.3862 0.5010 
        D648  4 0.7308 0.1843 0.0850 
        D649  4 0.3206 0.3334 0.3460 
        D650  4 0.6369 0.1680 0.1951 
        D708  4 0.6084 0.2627 0.1289 
        D709  4 0.5950 0.2916 0.1134 
        D738  4 0.5994 0.2095 0.1911 
        D739  4 0.1933 0.6436 0.1631 
        D740  4 0.3330 0.5506 0.1164 
        D741  4 0.0927 0.1159 0.7914 
        D742  4 0.1859 0.1821 0.6320 
        D743  4 0.2802 0.1071 0.6127 
        D744  4 0.1923 0.1925 0.6152 
        D745  4 0.1516 0.6215 0.2269 
        D814  4 0.1330 0.6717 0.1953 
        D815  4 0.6409 0.1802 0.1789 
        D828  4 0.4485 0.4754 0.0760 
        D845  4 0.1876 0.0836 0.7287 
        D846  4 0.1300 0.2938 0.5762 
        D847  4 0.3188 0.3044 0.3768 
        D848  4 0.0797 0.6549 0.2654 
        D849  4 0.1403 0.7748 0.0849 
        D850  4 0.2201 0.0965 0.6834 
        D856  4 0.2008 0.4975 0.3016 
        D857  4 0.1017 0.8508 0.0475 
        D859  4 0.3214 0.3286 0.3501 
        D860  4 0.4163 0.1239 0.4598 
        D883  4 0.5257 0.2341 0.2402 
        D884  4 0.5412 0.3110 0.1478 
        D885  4 0.1620 0.2927 0.5453 
        D886  4 0.2988 0.5186 0.1826 
        D887  4 0.3370 0.3388 0.3243 
        D889  4 0.4677 0.3200 0.2123 
        D890  4 0.5611 0.2489 0.1900 
        D891  4 0.0462 0.0624 0.8914 
        D899  4 0.2397 0.1600 0.6003 
        D900  4 0.2601 0.2459 0.4940 
        D970  4 0.2938 0.2944 0.4117 
        D971  4 0.2641 0.2027 0.5333 
        D979  4 0.4305 0.1030 0.4664 
        H002  4 0.3265 0.5226 0.1509 
        H003  4 0.1802 0.3418 0.4780 
        H009  4 0.1466 0.7599 0.0936 
        H010  4 0.2595 0.3816 0.3589 
        H011  4 0.6393 0.2514 0.1094 
        H012  4 0.2912 0.3488 0.3599 
        H013  4 0.3478 0.1999 0.4523 
        H014  4 0.2687 0.4623 0.2690 
        H045  4 0.4096 0.1956 0.3948 
        H046  4 0.2234 0.2491 0.5274 
        H051  4 0.6457 0.1619 0.1924 
        H052  4 0.7723 0.1581 0.0696 
        H053  4 0.2345 0.2245 0.5410 
        H056  4 0.5126 0.4237 0.0637 
        H076  4 0.0726 0.1092 0.8182 
        H151  4 0.3602 0.2670 0.3728 
        H152  4 0.7285 0.1384 0.1331 
     H171803  4 0.1866 0.7050 0.1084 
     H171804  4 0.5458 0.3269 0.1273 
     H171833  4 0.0817 0.7930 0.1253 
     H171855  4 0.3016 0.5599 0.1385 
     H171856  4 0.1699 0.6688 0.1613 
     H171857  4 0.4394 0.2601 0.3005 
     H171858  4 0.6157 0.0940 0.2904 
     H171859  4 0.5796 0.1454 0.2750 
     H171961  4 0.3457 0.2661 0.3883 
        H198  4 0.1252 0.2823 0.5925 
      H20001  4 0.0617 0.8804 0.0579 
        H403  4 0.1506 0.5903 0.2591 
        H404  4 0.2974 0.1961 0.5065 
        H405  4 0.2041 0.3819 0.4141 
        H406  4 0.0836 0.5780 0.3385 
        H407  4 0.3919 0.3148 0.2933 
        H410  4 0.0687 0.0807 0.8506 
        H411  4 0.0915 0.7844 0.1241 
        H468  4 0.1184 0.7311 0.1505 
        H476  4 0.4158 0.3625 0.2217 
        H477  4 0.1831 0.7552 0.0616 
        H478  4 0.1409 0.7561 0.1030 
        H479  4 0.6305 0.1072 0.2623 
        H480  4 0.2287 0.4519 0.3194 
        H498  4 0.1373 0.5985 0.2642 
        H499  4 0.4812 0.4069 0.1119 
        H500  4 0.4648 0.3032 0.2320 
        H515  4 0.2692 0.5621 0.1687 
        H516  4 0.1253 0.5762 0.2985 
        H517  4 0.2348 0.0892 0.6760 
        H518  4 0.7521 0.1777 0.0702 
        H520  4 0.4894 0.3593 0.1514 
        H521  4 0.2662 0.3303 0.4035 
        H522  4 0.1568 0.7140 0.1292 
        H523  4 0.4487 0.2208 0.3305 
        H536  4 0.4494 0.2964 0.2542 
        H645  4 0.6944 0.0825 0.2231 
        H646  4 0.0899 0.1326 0.7775 
        H647  4 0.2364 0.4747 0.2889 
        H657  4 0.2136 0.1364 0.6500 
        H658  4 0.5313 0.1681 0.3007 
        H659  4 0.2292 0.6441 0.1266 
        H660  4 0.4495 0.4078 0.1427 
        H661  4 0.0974 0.8092 0.0934 
        H668  4 0.3733 0.3013 0.3254 
        H669  4 0.1146 0.1358 0.7496 
        H670  4 0.7109 0.0836 0.2055 
        H678  4 0.0985 0.5499 0.3516 
        H679  4 0.1227 0.1528 0.7246 
        H680  4 0.2296 0.5116 0.2587 
        H681  4 0.7707 0.0943 0.1350 
        H682  4 0.1708 0.2548 0.5743 
        H683  4 0.2533 0.3889 0.3578 
        H718  4 0.5328 0.1819 0.2854 
        H719  4 0.3532 0.3387 0.3081 
        H720  4 0.3114 0.6340 0.0546 
        H721  4 0.1901 0.7462 0.0638 
        H722  4 0.1564 0.6197 0.2239 
        H723  4 0.4192 0.2064 0.3743 
        H724  4 0.7813 0.1119 0.1067 
        H725  4 0.5665 0.3417 0.0918 
        H726  4 0.2461 0.3842 0.3697 
        H727  4 0.4480 0.1962 0.3558 
        H910  4 0.6704 0.1897 0.1399 
        H911  4 0.1104 0.1447 0.7448 
        H912  4 0.1895 0.4293 0.3812 
        H913  4 0.3875 0.2388 0.3736 
        H914  4 0.6409 0.1388 0.2203 
        H915  4 0.2277 0.4292 0.3431 
        H916  4 0.1266 0.7598 0.1137 
       H9572  4 0.0749 0.8613 0.0638 
      H009.1  4 0.7349 0.1584 0.1068 
      H046.4  4 0.2981 0.3029 0.3990 
 H076.1_2002  4 0.0428 0.0942 0.8630 
 H076.1_2003  4 0.0438 0.0576 0.8987 
 H076.1_2004  4 0.0643 0.0908 0.8449 
      H477.1  4 0.1542 0.7738 0.0720 
 H479.1_2005  4 0.4836 0.1876 0.3288 
 H479.1_2006  4 0.2187 0.5506 0.2307 
      H516.1  4 0.1803 0.3769 0.4429 
      H646.1  4 0.1867 0.4133 0.4000 
      H658.1  4 0.3030 0.5257 0.1712 
      H682.1  4 0.3776 0.1396 0.4828 
      H720.1  4 0.2128 0.3991 0.3881 
      H724.1  4 0.3025 0.2767 0.4208 
      H725.1  4 0.6975 0.2189 0.0837 
      H726.1  4 0.2097 0.6313 0.1591 
        UNK1  4 0.6769 0.1376 0.1855 
        D093  5 0.7960 0.1119 0.0921 
        D154  5 0.3737 0.2367 0.3896 
        D168  5 0.1869 0.4157 0.3974 
        D189  5 0.6582 0.1039 0.2379 
        D190  5 0.8052 0.0878 0.1070 
     D237220  5 0.3306 0.5086 0.1608 
     D237221  5 0.6646 0.1425 0.1929 
     D237274  5 0.1607 0.3194 0.5199 
     D237275  5 0.1421 0.4921 0.3658 
     D237276  5 0.6926 0.2212 0.0862 
     D237277  5 0.7911 0.1018 0.1072 
     D237278  5 0.1954 0.4327 0.3719 
     D237279  5 0.1223 0.5594 0.3183 
     D237280  5 0.4287 0.4807 0.0906 
     D237281  5 0.0739 0.0897 0.8364 
     D237351  5 0.5027 0.4344 0.0629 
     D237352  5 0.3088 0.3650 0.3262 
     D237353  5 0.8374 0.0825 0.0801 
     D237359  5 0.3048 0.4772 0.2180 
     D237361  5 0.8788 0.0621 0.0591 
     D237362  5 0.5630 0.1451 0.2919 
     D237363  5 0.1449 0.3199 0.5352 
     D237364  5 0.1301 0.5504 0.3196 
     D237376  5 0.6877 0.1875 0.1247 
     D237377  5 0.3331 0.1423 0.5246 
     D237378  5 0.7530 0.1411 0.1058 
     D237379  5 0.5028 0.2122 0.2850 
     D237380  5 0.2126 0.7395 0.0479 
     D237381  5 0.2219 0.6757 0.1023 
     D237391  5 0.8075 0.0782 0.1143 
     D237392  5 0.1297 0.1541 0.7161 
     D237393  5 0.4369 0.2554 0.3077 
     D237394  5 0.8539 0.0598 0.0863 
     D237395  5 0.5430 0.3593 0.0977 
     D237396  5 0.1436 0.0867 0.7697 
     D244016  5 0.5802 0.1525 0.2674 
     D244018  5 0.2289 0.1323 0.6388 
     D244019  5 0.4362 0.1671 0.3966 
        D279  5 0.3608 0.4686 0.1706 
        D280  5 0.4406 0.2683 0.2911 
        D281  5 0.2417 0.1443 0.6139 
        D283  5 0.6110 0.1156 0.2734 
        D284  5 0.2617 0.4222 0.3161 
        D285  5 0.7438 0.1419 0.1144 
        D286  5 0.6985 0.1821 0.1195 
        D287  5 0.6761 0.2381 0.0858 
        D288  5 0.2644 0.1558 0.5798 
        D308  5 0.2954 0.6134 0.0912 
        D309  5 0.2218 0.2491 0.5292 
        D310  5 0.8043 0.1124 0.0833 
        D311  5 0.7506 0.1023 0.1472 
        D312  5 0.7437 0.1317 0.1246 
        D313  5 0.0886 0.8680 0.0434 
        D314  5 0.4163 0.4640 0.1197 
        D315  5 0.2512 0.2533 0.4955 
        D317  5 0.8120 0.0764 0.1116 
        D318  5 0.2394 0.1830 0.5777 
        D319  5 0.8119 0.1067 0.0814 
        D320  5 0.8262 0.0885 0.0853 
        D321  5 0.2654 0.5056 0.2290 
        D336  5 0.8789 0.0539 0.0672 
        D337  5 0.7982 0.0584 0.1434 
        D338  5 0.6153 0.2285 0.1562 
        D339  5 0.7457 0.1711 0.0833 
        D347  5 0.3673 0.3617 0.2709 
        D348  5 0.7187 0.1161 0.1652 
        D349  5 0.3116 0.6286 0.0598 
        D350  5 0.3085 0.3603 0.3313 
        D355  5 0.1836 0.1711 0.6453 
        D356  5 0.5569 0.1854 0.2577 
        D357  5 0.3118 0.5300 0.1582 
        D358  5 0.3762 0.1658 0.4579 
        D359  5 0.7039 0.1029 0.1933 
        D360  5 0.6535 0.1578 0.1887 
        D361  5 0.2293 0.6937 0.0770 
        D366  5 0.0855 0.0586 0.8558 
        D367  5 0.6075 0.2842 0.1083 
        D368  5 0.6469 0.2440 0.1091 
        D380  5 0.1540 0.1450 0.7010 
        D381  5 0.6771 0.1537 0.1692 
        D400  5 0.7192 0.1608 0.1201 
        D411  5 0.0716 0.7994 0.1290 
        D412  5 0.2175 0.6053 0.1772 
        D413  5 0.1044 0.2356 0.6600 
        D414  5 0.2634 0.3863 0.3503 
        D420  5 0.1701 0.2128 0.6171 
        D431  5 0.2848 0.5484 0.1668 
        D432  5 0.5309 0.2708 0.1984 
        D433  5 0.7669 0.1255 0.1076 
        D434  5 0.6123 0.2123 0.1754 
        D440  5 0.2448 0.5124 0.2428 
        D447  5 0.0897 0.1996 0.7107 
        D448  5 0.7672 0.1328 0.1000 
        D459  5 0.0696 0.0522 0.8782 
        D460  5 0.2113 0.5871 0.2017 
        D461  5 0.4907 0.2360 0.2733 
        D468  5 0.3898 0.1083 0.5019 
        D469  5 0.5872 0.1620 0.2508 
        D470  5 0.5097 0.3887 0.1015 
        D471  5 0.7066 0.1280 0.1653 
        D472  5 0.1011 0.0824 0.8165 
        D479  5 0.1473 0.3328 0.5199 
        D485  5 0.4830 0.3000 0.2170 
        D486  5 0.4955 0.1760 0.3285 
        D487  5 0.3512 0.5225 0.1263 
        D555  5 0.6672 0.0848 0.2480 
        D556  5 0.5789 0.2510 0.1701 
        D557  5 0.7646 0.0692 0.1662 
        D564  5 0.1829 0.4010 0.4161 
        D594  5 0.4822 0.2262 0.2916 
        D595  5 0.5107 0.1543 0.3350 
        D596  5 0.7113 0.0952 0.1935 
        D597  5 0.6267 0.1462 0.2271 
        D598  5 0.6449 0.2010 0.1541 
        D617  5 0.0931 0.7169 0.1901 
        D618  5 0.7357 0.1234 0.1408 
        D619  5 0.2796 0.4438 0.2766 
        D620  5 0.1265 0.1783 0.6952 
        D628  5 0.3270 0.5150 0.1580 
        D714  5 0.5077 0.1292 0.3632 
        D715  5 0.6152 0.0838 0.3011 
        D716  5 0.4759 0.2393 0.2848 
        D717  5 0.4250 0.1427 0.4323 
        D718  5 0.3020 0.5693 0.1287 
        D769  5 0.0847 0.8097 0.1056 
        D770  5 0.3204 0.1972 0.4823 
        D771  5 0.2393 0.3959 0.3648 
        D772  5 0.7560 0.1263 0.1177 
        D782  5 0.0813 0.2951 0.6236 
        D783  5 0.3568 0.1561 0.4871 
        D784  5 0.4598 0.0996 0.4406 
        D785  5 0.8216 0.1030 0.0755 
        D786  5 0.1547 0.6058 0.2395 
        D821  5 0.8794 0.0543 0.0663 
        D822  5 0.3677 0.1407 0.4916 
        D826  5 0.6342 0.1321 0.2337 
        D827  5 0.1848 0.1542 0.6610 
        D851  5 0.1732 0.3243 0.5025 
        D852  5 0.3497 0.4367 0.2135 
        D853  5 0.6917 0.2040 0.1043 
        D854  5 0.1545 0.3007 0.5448 
        D861  5 0.3756 0.3139 0.3104 
        D862  5 0.6907 0.0940 0.2152 
        D865  5 0.6813 0.1503 0.1684 
        D868  5 0.5257 0.1581 0.3162 
        D869  5 0.1523 0.5901 0.2576 
        D870  5 0.0949 0.2236 0.6816 
        D907  5 0.7267 0.1891 0.0843 
        D908  5 0.4878 0.4109 0.1013 
        D910  5 0.5886 0.1064 0.3050 
        D911  5 0.1294 0.1065 0.7641 
        D934  5 0.2289 0.1782 0.5929 
        D946  5 0.1517 0.6355 0.2128 
        D947  5 0.5033 0.3710 0.1257 
        D948  5 0.4515 0.4700 0.0785 
        D949  5 0.4545 0.4733 0.0723 
        D950  5 0.1576 0.1113 0.7310 
        D951  5 0.2015 0.1274 0.6712 
