        D174  1 0.0860 0.7056 0.0879 0.1205 
        D199  1 0.1685 0.1555 0.0642 0.6118 
        D203  1 0.1956 0.1512 0.2583 0.3950 
        D204  1 0.0710 0.1117 0.0662 0.7511 
     D237366  1 0.1594 0.1652 0.5285 0.1469 
     D237367  1 0.1149 0.2236 0.0689 0.5926 
     D237368  1 0.5559 0.0887 0.0643 0.2911 
     D244101  1 0.0439 0.0395 0.0608 0.8557 
     D244102  1 0.3909 0.2548 0.2128 0.1415 
     D244103  1 0.1509 0.2465 0.3247 0.2779 
     D244104  1 0.0986 0.2080 0.0803 0.6131 
     D244105  1 0.4448 0.0514 0.3759 0.1280 
     D244106  1 0.0830 0.4497 0.3116 0.1557 
     D244107  1 0.7126 0.0341 0.0890 0.1643 
     D244108  1 0.4372 0.3405 0.0804 0.1419 
     D244113  1 0.0880 0.8424 0.0366 0.0330 
     D244114  1 0.1483 0.1305 0.6008 0.1204 
     D244115  1 0.1355 0.5219 0.1171 0.2255 
     D267365  1 0.1027 0.3774 0.0922 0.4277 
        D404  1 0.1182 0.7037 0.1140 0.0641 
        D405  1 0.2277 0.4720 0.1335 0.1668 
        D406  1 0.8178 0.0626 0.0459 0.0737 
        D407  1 0.0846 0.0568 0.0476 0.8111 
        D408  1 0.0390 0.7115 0.1657 0.0839 
        D409  1 0.1731 0.0786 0.5744 0.1739 
        D410  1 0.8245 0.0814 0.0443 0.0498 
        D421  1 0.0197 0.0392 0.0226 0.9185 
        D422  1 0.6476 0.0267 0.2822 0.0435 
        D423  1 0.6541 0.0508 0.0446 0.2505 
        D424  1 0.0587 0.0763 0.0331 0.8319 
        D425  1 0.0634 0.5188 0.1073 0.3106 
        D426  1 0.0748 0.0458 0.7542 0.1252 
        D427  1 0.0521 0.0497 0.0396 0.8586 
        D428  1 0.3240 0.3703 0.0698 0.2359 
        D429  1 0.0853 0.4376 0.2532 0.2238 
        D430  1 0.0824 0.2193 0.4508 0.2475 
        D491  1 0.0727 0.7865 0.0509 0.0900 
        D492  1 0.0796 0.5591 0.0702 0.2911 
        D537  1 0.1463 0.2666 0.0630 0.5241 
        D538  1 0.5298 0.2028 0.1194 0.1479 
        D539  1 0.2145 0.4295 0.2963 0.0597 
        D540  1 0.2154 0.3221 0.1953 0.2672 
        D541  1 0.0403 0.0439 0.0381 0.8778 
        D551  1 0.1162 0.0593 0.7440 0.0804 
        D552  1 0.5546 0.1497 0.0852 0.2105 
        D553  1 0.0406 0.0638 0.0344 0.8612 
        D615  1 0.3278 0.2721 0.1755 0.2247 
        D616  1 0.2099 0.1021 0.1418 0.5461 
        D621  1 0.6887 0.2215 0.0534 0.0364 
        D622  1 0.5434 0.1172 0.2048 0.1346 
        D623  1 0.1836 0.3717 0.0717 0.3730 
        D624  1 0.0429 0.7999 0.0787 0.0785 
        D625  1 0.0987 0.5412 0.0695 0.2906 
        D626  1 0.1146 0.6624 0.1165 0.1066 
        D627  1 0.0516 0.0629 0.4935 0.3920 
        D690  1 0.1079 0.4892 0.0407 0.3622 
        D691  1 0.3239 0.0783 0.3689 0.2289 
        D710  1 0.1891 0.2031 0.0524 0.5553 
        D711  1 0.1738 0.2774 0.1087 0.4400 
        D712  1 0.1776 0.6333 0.1095 0.0797 
        D713  1 0.1037 0.7091 0.0630 0.1242 
        D746  1 0.7347 0.0757 0.0898 0.0998 
        D747  1 0.0319 0.0494 0.0504 0.8683 
        D748  1 0.1163 0.1939 0.3361 0.3537 
        D749  1 0.6831 0.1227 0.1257 0.0684 
        D750  1 0.0693 0.7273 0.0567 0.1467 
        D763  1 0.1794 0.1339 0.2174 0.4693 
        D764  1 0.1200 0.2566 0.0404 0.5830 
        D765  1 0.6193 0.1340 0.2072 0.0395 
        D766  1 0.5738 0.2082 0.0750 0.1431 
        D767  1 0.3419 0.2777 0.1726 0.2078 
        D768  1 0.0450 0.0359 0.0445 0.8745 
        D811  1 0.0909 0.8086 0.0515 0.0490 
        D816  1 0.0848 0.2588 0.0476 0.6088 
        D825  1 0.1762 0.6717 0.0759 0.0762 
        D866  1 0.1422 0.2254 0.3906 0.2419 
        D867  1 0.8143 0.0792 0.0437 0.0628 
        D871  1 0.0485 0.1744 0.6637 0.1133 
        D872  1 0.5364 0.1644 0.0488 0.2504 
        D873  1 0.9343 0.0248 0.0226 0.0183 
        D874  1 0.0464 0.5332 0.1059 0.3146 
        D875  1 0.0923 0.0691 0.7582 0.0804 
        D876  1 0.2614 0.3013 0.0805 0.3567 
        D877  1 0.0591 0.8518 0.0371 0.0520 
        D892  1 0.0982 0.3851 0.2110 0.3057 
        D893  1 0.1860 0.1722 0.2090 0.4328 
        D894  1 0.0840 0.1506 0.3188 0.4465 
        D915  1 0.1521 0.2470 0.1747 0.4263 
        D916  1 0.0501 0.0661 0.0473 0.8364 
        D917  1 0.0968 0.5355 0.0724 0.2953 
        D925  1 0.7861 0.1193 0.0254 0.0692 
        D926  1 0.0863 0.4181 0.1313 0.3644 
        D927  1 0.1005 0.1061 0.1132 0.6802 
        D928  1 0.0465 0.8460 0.0291 0.0784 
        D929  1 0.1347 0.6280 0.1531 0.0842 
        D936  1 0.0839 0.2521 0.1281 0.5359 
        D938  1 0.8384 0.0635 0.0531 0.0450 
        D956  1 0.1287 0.5597 0.2284 0.0833 
        D957  1 0.6759 0.0831 0.0623 0.1787 
        D958  1 0.3927 0.3612 0.0446 0.2015 
        D959  1 0.0966 0.0474 0.0798 0.7762 
        D960  1 0.8435 0.0497 0.0563 0.0506 
        D989  1 0.0640 0.2716 0.1015 0.5629 
        D990  1 0.8248 0.0455 0.0790 0.0507 
        H102  1 0.1436 0.6176 0.0994 0.1394 
        H103  1 0.4074 0.0885 0.2134 0.2908 
        H104  1 0.0715 0.2858 0.3754 0.2673 
        H105  1 0.1276 0.5577 0.0612 0.2535 
        H106  1 0.5156 0.1440 0.2596 0.0808 
        H112  1 0.1271 0.3911 0.3270 0.1548 
        H113  1 0.1265 0.1155 0.2337 0.5242 
        H114  1 0.1125 0.0529 0.1464 0.6882 
        H115  1 0.0845 0.2041 0.3148 0.3967 
        H143  1 0.2376 0.1745 0.0734 0.5145 
        H144  1 0.0911 0.0780 0.0597 0.7712 
        H145  1 0.1222 0.7237 0.1143 0.0398 
        H149  1 0.0921 0.1780 0.3767 0.3532 
        H150  1 0.2408 0.3481 0.3300 0.0811 
     H167542  1 0.1155 0.3270 0.0832 0.4742 
     H169604  1 0.0573 0.4812 0.1705 0.2911 
     H169607  1 0.0805 0.7502 0.0974 0.0719 
     H169608  1 0.1108 0.7259 0.0942 0.0691 
     H169633  1 0.1243 0.1464 0.1123 0.6170 
     H169688  1 0.7518 0.0670 0.0485 0.1327 
     H169714  1 0.0555 0.0586 0.8086 0.0773 
     H171802  1 0.2222 0.0879 0.2701 0.4198 
     H171805  1 0.5370 0.0962 0.2962 0.0706 
     H171807  1 0.1966 0.4700 0.2526 0.0808 
     H171814  1 0.1766 0.0434 0.1062 0.6738 
     H171816  1 0.4143 0.2231 0.2322 0.1303 
     H171817  1 0.1135 0.6772 0.1192 0.0901 
     H171818  1 0.3944 0.0732 0.3138 0.2185 
     H171819  1 0.2294 0.1945 0.2537 0.3224 
     H171834  1 0.2246 0.0505 0.5433 0.1816 
     H171835  1 0.1646 0.1623 0.4243 0.2488 
     H171836  1 0.6027 0.0755 0.0761 0.2457 
     H171837  1 0.0916 0.3015 0.1622 0.4447 
     H171838  1 0.4241 0.0526 0.4850 0.0383 
     H171839  1 0.0536 0.2437 0.2356 0.4671 
     H171841  1 0.3175 0.5464 0.0990 0.0371 
     H171860  1 0.0494 0.6220 0.1105 0.2181 
     H171861  1 0.4779 0.1313 0.1119 0.2789 
     H171862  1 0.1359 0.1333 0.4924 0.2384 
     H171868  1 0.0837 0.1426 0.1661 0.6076 
     H171869  1 0.5297 0.0506 0.1907 0.2291 
     H171870  1 0.5928 0.1074 0.2055 0.0943 
     H171871  1 0.3336 0.0731 0.4227 0.1706 
     H171872  1 0.0534 0.6286 0.1828 0.1353 
     H171873  1 0.4401 0.0845 0.3680 0.1074 
     H171874  1 0.2729 0.1733 0.1893 0.3645 
     H171875  1 0.1443 0.0712 0.0982 0.6863 
     H171876  1 0.0887 0.1738 0.0681 0.6694 
     H171877  1 0.0817 0.3309 0.0922 0.4952 
     H171878  1 0.7292 0.0490 0.1145 0.1073 
     H171901  1 0.2102 0.6641 0.0591 0.0666 
     H171902  1 0.0645 0.8089 0.0880 0.0386 
     H171903  1 0.0733 0.1281 0.3223 0.4764 
     H171935  1 0.3904 0.1435 0.4215 0.0446 
     H171936  1 0.1783 0.0548 0.0872 0.6797 
     H171940  1 0.1227 0.6038 0.1472 0.1263 
     H171945  1 0.5985 0.1873 0.0888 0.1253 
     H171948  1 0.2227 0.1948 0.4667 0.1157 
     H171949  1 0.1057 0.4153 0.3863 0.0927 
     H171950  1 0.1304 0.4798 0.2550 0.1348 
     H171963  1 0.8209 0.0426 0.0692 0.0674 
     H171964  1 0.2277 0.0710 0.6385 0.0627 
     H171966  1 0.4327 0.1080 0.3555 0.1038 
     H171968  1 0.0849 0.7933 0.0610 0.0608 
     H171971  1 0.2529 0.0639 0.6379 0.0453 
     H171972  1 0.3290 0.1239 0.1379 0.4092 
     H171977  1 0.5482 0.1046 0.1031 0.2441 
     H171978  1 0.2756 0.2685 0.4009 0.0551 
     H171979  1 0.2572 0.1621 0.4713 0.1094 
        H176  1 0.0505 0.5463 0.1038 0.2994 
        H177  1 0.3303 0.4169 0.1816 0.0712 
        H179  1 0.0526 0.2567 0.0911 0.5997 
        H181  1 0.5325 0.0927 0.2308 0.1440 
        H182  1 0.6188 0.1170 0.1650 0.0991 
        H183  1 0.7312 0.0396 0.0586 0.1706 
        H184  1 0.1810 0.4969 0.2424 0.0797 
        H185  1 0.5493 0.0922 0.1761 0.1825 
        H186  1 0.2064 0.0754 0.0839 0.6343 
        H187  1 0.7756 0.0677 0.0355 0.1212 
        H188  1 0.0731 0.2593 0.1387 0.5288 
        H192  1 0.3500 0.1458 0.4473 0.0569 
        H193  1 0.3430 0.2961 0.2474 0.1135 
        H194  1 0.0786 0.1919 0.5533 0.1762 
        H195  1 0.7766 0.0514 0.0819 0.0902 
        H199  1 0.4551 0.4157 0.0609 0.0683 
        H200  1 0.0912 0.2882 0.0881 0.5325 
        H414  1 0.2061 0.2461 0.3362 0.2116 
        H415  1 0.1361 0.1728 0.1545 0.5366 
        H422  1 0.3400 0.3775 0.1281 0.1543 
        H423  1 0.1251 0.6613 0.1428 0.0708 
        H424  1 0.5725 0.0664 0.1156 0.2455 
        H425  1 0.7392 0.0690 0.0912 0.1006 
        H426  1 0.2567 0.0645 0.6180 0.0608 
        H443  1 0.1372 0.1417 0.0929 0.6282 
        H466  1 0.1169 0.1130 0.4345 0.3355 
        H467  1 0.0839 0.0492 0.8260 0.0409 
        H472  1 0.0560 0.8103 0.0557 0.0781 
        H483  1 0.3452 0.1889 0.1260 0.3400 
        H504  1 0.6408 0.1694 0.0699 0.1199 
        H505  1 0.2375 0.2941 0.1704 0.2980 
        H506  1 0.3121 0.3945 0.1366 0.1568 
        H507  1 0.5139 0.1320 0.1286 0.2255 
        H508  1 0.1575 0.1108 0.6022 0.1295 
        H524  1 0.3378 0.1370 0.0907 0.4345 
        H525  1 0.2147 0.3811 0.1886 0.2156 
        H526  1 0.0662 0.5242 0.0836 0.3260 
        H527  1 0.2624 0.5139 0.1185 0.1052 
        H528  1 0.0712 0.2494 0.2178 0.4616 
        H529  1 0.3806 0.1388 0.2042 0.2764 
        H533  1 0.4967 0.1696 0.2206 0.1131 
        H538  1 0.0669 0.6637 0.0889 0.1806 
        H539  1 0.8860 0.0363 0.0320 0.0457 
        H540  1 0.4302 0.1938 0.2649 0.1110 
        H541  1 0.1055 0.2854 0.1368 0.4723 
        H558  1 0.8611 0.0453 0.0496 0.0440 
        H559  1 0.1139 0.4727 0.0520 0.3614 
        H579  1 0.7542 0.1056 0.0698 0.0704 
        H584  1 0.1184 0.1752 0.5703 0.1362 
        H585  1 0.1705 0.0882 0.5390 0.2023 
        H605  1 0.2659 0.3297 0.1468 0.2576 
        H606  1 0.0581 0.7638 0.0438 0.1343 
        H632  1 0.1576 0.2567 0.4252 0.1605 
        H634  1 0.3467 0.2580 0.1509 0.2443 
        H671  1 0.0528 0.7582 0.1064 0.0825 
        H672  1 0.0538 0.0655 0.0366 0.8441 
        H673  1 0.2208 0.2452 0.1067 0.4273 
        H689  1 0.1202 0.1618 0.3470 0.3710 
        H690  1 0.1915 0.2666 0.3055 0.2364 
        H691  1 0.0993 0.1121 0.1327 0.6559 
        H692  1 0.2377 0.0722 0.2058 0.4844 
        H709  1 0.1046 0.1551 0.1736 0.5667 
        H710  1 0.2459 0.0650 0.3424 0.3467 
       H7355  1 0.1303 0.5919 0.1665 0.1113 
       H7356  1 0.3869 0.0985 0.4268 0.0879 
       H7357  1 0.1884 0.5499 0.1121 0.1496 
       H7358  1 0.1818 0.3928 0.0343 0.3911 
       H7380  1 0.1229 0.3056 0.3527 0.2189 
       H7381  1 0.1450 0.5060 0.2139 0.1350 
       H7382  1 0.3247 0.2425 0.2032 0.2296 
        H904  1 0.0900 0.5207 0.1291 0.2603 
        H923  1 0.2117 0.2296 0.3109 0.2478 
        H924  1 0.1948 0.4320 0.0886 0.2846 
        H925  1 0.1399 0.1858 0.0372 0.6371 
       H9558  1 0.8916 0.0359 0.0352 0.0373 
      H105.1  1 0.1761 0.0546 0.6504 0.1189 
      H115.1  1 0.1545 0.0921 0.0817 0.6717 
      H145.1  1 0.0666 0.7946 0.0516 0.0872 
      H149.1  1 0.0442 0.0616 0.0436 0.8507 
      H150.1  1 0.6878 0.1386 0.1190 0.0546 
   H169607.1  1 0.1864 0.6032 0.0845 0.1259 
   H169633.1  1 0.1492 0.1205 0.0605 0.6699 
   H169688.1  1 0.1223 0.1003 0.0453 0.7322 
   H171901.1  1 0.3152 0.1469 0.2632 0.2748 
   H171902.1  1 0.1001 0.7913 0.0565 0.0521 
   H171903.1  1 0.1164 0.5182 0.2637 0.1017 
      H177.1  1 0.0688 0.1724 0.0558 0.7030 
      H179.1  1 0.1351 0.3880 0.0870 0.3899 
      H180.1  1 0.1884 0.2022 0.4906 0.1187 
      H181.1  1 0.2494 0.1570 0.3897 0.2039 
 H194.1_2004  1 0.3158 0.1312 0.2964 0.2566 
 H195.1_2003  1 0.3616 0.1864 0.2229 0.2291 
 H195.1_2004  1 0.0695 0.5482 0.0897 0.2926 
      H415.1  1 0.1848 0.0874 0.0892 0.6386 
      H506.1  1 0.1642 0.2330 0.0834 0.5194 
      H533.1  1 0.4411 0.2623 0.0822 0.2144 
      H535.1  1 0.1918 0.2404 0.3094 0.2584 
      H539.1  1 0.6986 0.1597 0.0592 0.0825 
      H540.1  1 0.8314 0.0711 0.0594 0.0381 
     H9558.1  1 0.8137 0.0780 0.0479 0.0604 
    kos339.1  1 0.0890 0.2543 0.1098 0.5469 
        D023  2 0.6886 0.0347 0.0345 0.2421 
        D130  2 0.8043 0.0553 0.0726 0.0678 
        D131  2 0.0444 0.0674 0.1494 0.7388 
        D163  2 0.6810 0.0604 0.1812 0.0774 
        D164  2 0.9021 0.0222 0.0238 0.0519 
        D165  2 0.6526 0.0322 0.0653 0.2499 
        D166  2 0.4016 0.1738 0.3470 0.0776 
        D167  2 0.5923 0.0555 0.1080 0.2442 
        D192  2 0.6725 0.0349 0.1419 0.1507 
        D193  2 0.2121 0.3131 0.4054 0.0694 
        D206  2 0.2037 0.1050 0.1016 0.5897 
        D207  2 0.1461 0.0872 0.2912 0.4756 
        D208  2 0.1246 0.5723 0.1658 0.1373 
        D209  2 0.7352 0.0430 0.0566 0.1652 
        D210  2 0.0656 0.4606 0.2899 0.1839 
     D229599  2 0.3018 0.1266 0.2275 0.3441 
     D229600  2 0.7329 0.0571 0.1150 0.0950 
     D237227  2 0.2888 0.4052 0.1092 0.1968 
     D237228  2 0.5188 0.3046 0.1018 0.0747 
     D237258  2 0.3089 0.2123 0.1508 0.3280 
     D237310  2 0.5677 0.1312 0.2545 0.0466 
     D237311  2 0.6926 0.0676 0.1492 0.0906 
     D237312  2 0.2224 0.2960 0.4205 0.0612 
     D237313  2 0.3010 0.3918 0.1626 0.1446 
     D237322  2 0.0889 0.2993 0.5385 0.0732 
     D237323  2 0.5692 0.1855 0.1722 0.0731 
     D237324  2 0.4488 0.0496 0.3286 0.1730 
     D237325  2 0.3819 0.2744 0.2289 0.1148 
     D237326  2 0.7022 0.0810 0.0610 0.1558 
     D237327  2 0.0984 0.0739 0.6791 0.1486 
     D237337  2 0.5272 0.2302 0.1664 0.0763 
     D237338  2 0.2965 0.1863 0.3605 0.1567 
     D237339  2 0.1386 0.0596 0.1518 0.6500 
     D237340  2 0.4428 0.1952 0.2130 0.1490 
     D237389  2 0.7261 0.0522 0.1621 0.0595 
     D237390  2 0.1737 0.2549 0.4091 0.1623 
     D244017  2 0.3302 0.3024 0.1000 0.2675 
     D244112  2 0.6732 0.0374 0.2180 0.0714 
     D244118  2 0.8888 0.0271 0.0507 0.0335 
     D244119  2 0.1564 0.4691 0.0786 0.2959 
     D244120  2 0.2293 0.0725 0.6562 0.0420 
     D244122  2 0.5393 0.1223 0.1678 0.1705 
        D291  2 0.1965 0.1433 0.4981 0.1621 
        D292  2 0.2015 0.2101 0.1500 0.4384 
        D293  2 0.0214 0.0204 0.0269 0.9312 
        D322  2 0.0793 0.0321 0.0577 0.8308 
        D323  2 0.1460 0.1765 0.1000 0.5774 
        D324  2 0.1380 0.1616 0.3024 0.3980 
        D325  2 0.0252 0.0211 0.0486 0.9051 
        D326  2 0.0296 0.0585 0.0545 0.8574 
        D340  2 0.1047 0.0393 0.0470 0.8090 
        D341  2 0.1438 0.0916 0.4459 0.3187 
        D342  2 0.6390 0.0571 0.2526 0.0512 
        D343  2 0.0244 0.0158 0.0253 0.9346 
        D344  2 0.3796 0.1251 0.1675 0.3278 
        D345  2 0.6528 0.1035 0.0789 0.1649 
        D346  2 0.0698 0.5653 0.1118 0.2531 
        D351  2 0.0686 0.0776 0.1557 0.6981 
        D352  2 0.3029 0.2376 0.1154 0.3442 
        D353  2 0.0529 0.0937 0.1041 0.7493 
        D354  2 0.4762 0.2639 0.0760 0.1840 
        D362  2 0.1730 0.1738 0.0680 0.5851 
        D363  2 0.1213 0.1539 0.0479 0.6769 
        D364  2 0.4056 0.1495 0.0810 0.3639 
        D365  2 0.0197 0.0227 0.0207 0.9369 
        D369  2 0.0395 0.0757 0.0636 0.8212 
        D374  2 0.1246 0.7737 0.0621 0.0396 
        D375  2 0.5535 0.0987 0.1226 0.2251 
        D376  2 0.2765 0.5247 0.1410 0.0578 
        D377  2 0.1900 0.4498 0.2319 0.1282 
        D378  2 0.0543 0.0387 0.0727 0.8343 
        D379  2 0.0721 0.1282 0.1048 0.6949 
        D384  2 0.0340 0.1058 0.0354 0.8249 
        D385  2 0.1177 0.0625 0.0421 0.7777 
        D386  2 0.1813 0.1025 0.0941 0.6221 
        D391  2 0.0441 0.0388 0.0439 0.8732 
        D392  2 0.2586 0.0447 0.0491 0.6476 
        D393  2 0.0796 0.0627 0.1959 0.6617 
        D394  2 0.4841 0.0925 0.1880 0.2354 
        D395  2 0.0876 0.0454 0.0642 0.8029 
        D401  2 0.7878 0.0670 0.0614 0.0838 
        D402  2 0.2091 0.0689 0.2214 0.5006 
        D403  2 0.2719 0.2109 0.2717 0.2455 
        D415  2 0.0492 0.0401 0.0664 0.8442 
        D435  2 0.0654 0.0481 0.0985 0.7879 
        D436  2 0.1086 0.3338 0.2134 0.3443 
        D438  2 0.0988 0.0546 0.0504 0.7961 
        D439  2 0.3735 0.0471 0.1549 0.4244 
        D449  2 0.2489 0.0365 0.2774 0.4371 
        D450  2 0.0995 0.6828 0.1451 0.0726 
        D456  2 0.0549 0.0682 0.0594 0.8175 
        D462  2 0.0485 0.0280 0.0308 0.8927 
        D463  2 0.0406 0.0869 0.0590 0.8135 
        D464  2 0.0717 0.1449 0.1067 0.6767 
        D465  2 0.0616 0.0489 0.0422 0.8473 
        D473  2 0.0755 0.7896 0.0758 0.0591 
        D474  2 0.0996 0.1362 0.1424 0.6219 
        D476  2 0.5919 0.0384 0.1509 0.2188 
        D477  2 0.1057 0.3404 0.1781 0.3757 
        D478  2 0.4459 0.2069 0.1295 0.2177 
        D480  2 0.0408 0.1235 0.2062 0.6294 
        D481  2 0.4236 0.1012 0.0730 0.4022 
        D482  2 0.2079 0.3502 0.3431 0.0987 
        D483  2 0.3955 0.0541 0.0759 0.4745 
        D484  2 0.2934 0.2433 0.2524 0.2109 
        D510  2 0.0747 0.7549 0.1124 0.0579 
        D511  2 0.1078 0.0641 0.0767 0.7514 
        D512  2 0.6471 0.0383 0.1416 0.1730 
        D513  2 0.0799 0.1333 0.0946 0.6923 
        D635  2 0.2074 0.0440 0.0577 0.6909 
        D636  2 0.8935 0.0403 0.0245 0.0417 
        D637  2 0.1067 0.2603 0.3315 0.3016 
        D658  2 0.3059 0.1396 0.2252 0.3293 
        D659  2 0.0944 0.1552 0.2223 0.5281 
        D677  2 0.1530 0.1351 0.3554 0.3566 
        D678  2 0.7994 0.0472 0.0781 0.0753 
        D679  2 0.0635 0.2066 0.2763 0.4536 
        D719  2 0.0470 0.2181 0.0526 0.6824 
        D720  2 0.1127 0.2810 0.0548 0.5515 
        D721  2 0.5652 0.0542 0.0666 0.3141 
        D722  2 0.3228 0.4877 0.0845 0.1050 
        D734  2 0.0413 0.4135 0.1827 0.3625 
        D735  2 0.1537 0.1627 0.2257 0.4580 
        D736  2 0.1482 0.3586 0.2565 0.2366 
        D737  2 0.4642 0.0886 0.2951 0.1522 
        D807  2 0.0885 0.3921 0.1908 0.3285 
        D808  2 0.2197 0.0538 0.3513 0.3752 
        D817  2 0.2259 0.2889 0.0663 0.4189 
        D818  2 0.0418 0.0572 0.2870 0.6141 
        D819  2 0.1467 0.0786 0.0731 0.7016 
        D820  2 0.0375 0.0722 0.0768 0.8134 
        D895  2 0.2761 0.2039 0.1409 0.3791 
        D896  2 0.7960 0.0756 0.0667 0.0617 
        D897  2 0.3010 0.0770 0.5438 0.0782 
        D898  2 0.2589 0.1417 0.5169 0.0825 
        D918  2 0.1103 0.2772 0.3731 0.2394 
        D919  2 0.1645 0.0611 0.1438 0.6306 
        D920  2 0.8330 0.0406 0.0951 0.0313 
        D923  2 0.0822 0.0814 0.0545 0.7819 
        D930  2 0.0686 0.7459 0.0921 0.0933 
        D931  2 0.0863 0.1070 0.0887 0.7181 
        D968  2 0.1123 0.0337 0.0556 0.7984 
        D969  2 0.0585 0.0744 0.1940 0.6731 
        D977  2 0.0540 0.0462 0.1103 0.7894 
        D978  2 0.0461 0.0901 0.7622 0.1016 
        H008  2 0.1636 0.3013 0.0896 0.4455 
        H021  2 0.1339 0.0818 0.5334 0.2508 
        H023  2 0.1752 0.6019 0.0863 0.1366 
        H024  2 0.3297 0.0542 0.3554 0.2606 
        H025  2 0.2250 0.2866 0.2203 0.2680 
        H026  2 0.0373 0.0284 0.0524 0.8819 
        H027  2 0.0869 0.1163 0.1382 0.6586 
        H028  2 0.4959 0.1679 0.1719 0.1643 
        H029  2 0.0932 0.0439 0.0524 0.8105 
        H030  2 0.4304 0.0486 0.1161 0.4049 
        H038  2 0.6816 0.0801 0.1205 0.1178 
        H039  2 0.0503 0.8626 0.0525 0.0346 
        H040  2 0.5880 0.1197 0.1553 0.1370 
        H041  2 0.0732 0.1272 0.0838 0.7159 
        H042  2 0.1718 0.6766 0.0781 0.0736 
        H043  2 0.8394 0.0750 0.0422 0.0434 
        H044  2 0.6655 0.1243 0.1218 0.0884 
        H047  2 0.7147 0.1159 0.0843 0.0851 
        H050  2 0.1341 0.0705 0.1226 0.6728 
        H058  2 0.4618 0.0643 0.3511 0.1228 
        H062  2 0.1651 0.7002 0.0729 0.0618 
        H063  2 0.3569 0.1437 0.1351 0.3643 
        H065  2 0.0576 0.1545 0.0451 0.7428 
        H066  2 0.6791 0.0334 0.1795 0.1080 
        H067  2 0.1463 0.3837 0.3136 0.1564 
        H068  2 0.1214 0.6165 0.1878 0.0744 
        H069  2 0.6088 0.0903 0.0410 0.2600 
        H071  2 0.0897 0.3094 0.1592 0.4417 
        H072  2 0.0875 0.7367 0.0898 0.0859 
        H073  2 0.2421 0.0743 0.3506 0.3329 
        H081  2 0.0615 0.6668 0.0984 0.1733 
        H082  2 0.5637 0.0445 0.0632 0.3285 
        H083  2 0.2577 0.0472 0.0961 0.5990 
        H084  2 0.1805 0.1368 0.5465 0.1362 
        H085  2 0.0403 0.1621 0.0470 0.7505 
        H087  2 0.0769 0.4018 0.2091 0.3122 
        H088  2 0.1499 0.2889 0.1162 0.4450 
        H089  2 0.1684 0.3223 0.1000 0.4093 
        H090  2 0.0375 0.0397 0.0709 0.8519 
        H091  2 0.0409 0.0521 0.0551 0.8519 
        H098  2 0.3062 0.1292 0.3948 0.1697 
      H10001  2 0.0553 0.8523 0.0526 0.0398 
      H10002  2 0.2323 0.4151 0.1042 0.2485 
        H101  2 0.1945 0.0724 0.1476 0.5854 
        H108  2 0.0386 0.8615 0.0494 0.0505 
        H109  2 0.4254 0.1028 0.2271 0.2447 
        H110  2 0.1508 0.1760 0.0902 0.5830 
        H116  2 0.4058 0.1046 0.2067 0.2828 
        H117  2 0.0413 0.0535 0.2702 0.6350 
        H118  2 0.0292 0.0382 0.0404 0.8922 
        H119  2 0.0813 0.1785 0.2177 0.5225 
        H120  2 0.0517 0.8494 0.0434 0.0556 
        H121  2 0.0276 0.0478 0.0288 0.8958 
        H125  2 0.0518 0.6252 0.2761 0.0469 
        H126  2 0.6556 0.2074 0.0524 0.0846 
        H128  2 0.0269 0.0164 0.0214 0.9353 
        H129  2 0.0902 0.0446 0.7546 0.1105 
        H130  2 0.0865 0.8283 0.0630 0.0222 
        H133  2 0.1163 0.6649 0.1396 0.0792 
        H134  2 0.1313 0.0400 0.0828 0.7459 
        H135  2 0.1268 0.1978 0.0645 0.6110 
        H137  2 0.1016 0.0598 0.5498 0.2888 
        H138  2 0.1930 0.0856 0.5010 0.2203 
        H140  2 0.0738 0.1529 0.2714 0.5019 
        H146  2 0.0255 0.0324 0.0405 0.9017 
        H147  2 0.1196 0.0777 0.2225 0.5802 
        H148  2 0.1077 0.0922 0.4230 0.3771 
     H166022  2 0.3050 0.2096 0.2898 0.1956 
     H167359  2 0.3093 0.2855 0.2094 0.1958 
     H167397  2 0.5067 0.0565 0.1076 0.3291 
     H167428  2 0.0373 0.0296 0.0239 0.9092 
     H167496  2 0.0766 0.4050 0.1849 0.3334 
     H167513  2 0.8653 0.0410 0.0653 0.0283 
     H167545  2 0.8295 0.0726 0.0450 0.0529 
     H167547  2 0.1543 0.0455 0.7123 0.0879 
     H169621  2 0.2325 0.0600 0.5171 0.1904 
     H169622  2 0.4920 0.2869 0.0613 0.1598 
     H169750  2 0.3629 0.2093 0.1821 0.2458 
     H171806  2 0.0465 0.1431 0.1344 0.6760 
     H171808  2 0.1709 0.4185 0.0503 0.3603 
     H171809  2 0.1156 0.5850 0.1169 0.1824 
     H171813  2 0.2041 0.0638 0.6729 0.0592 
     H171815  2 0.6833 0.0893 0.1298 0.0977 
     H171824  2 0.0442 0.4243 0.1909 0.3406 
     H171825  2 0.1487 0.7288 0.0704 0.0521 
     H171826  2 0.0921 0.1365 0.1924 0.5790 
     H171827  2 0.3311 0.0684 0.2849 0.3157 
     H171828  2 0.0363 0.7941 0.1070 0.0626 
     H171829  2 0.1482 0.3188 0.4923 0.0406 
     H171830  2 0.3890 0.2216 0.0966 0.2928 
     H171831  2 0.3604 0.1384 0.3736 0.1276 
     H171832  2 0.6790 0.1537 0.0741 0.0932 
     H171863  2 0.6736 0.0343 0.0464 0.2457 
     H171864  2 0.1706 0.2704 0.1371 0.4219 
     H171865  2 0.4607 0.1388 0.0604 0.3401 
     H171879  2 0.0821 0.0629 0.5295 0.3255 
     H171880  2 0.2031 0.0676 0.3142 0.4151 
     H171881  2 0.2053 0.1212 0.4733 0.2002 
     H171882  2 0.0709 0.8162 0.0545 0.0584 
     H171929  2 0.1570 0.2378 0.0825 0.5227 
     H171930  2 0.8514 0.0386 0.0467 0.0632 
     H171933  2 0.0978 0.1512 0.6280 0.1230 
     H171934  2 0.1222 0.5538 0.1968 0.1272 
     H171937  2 0.5334 0.1434 0.1858 0.1374 
     H171962  2 0.5035 0.0931 0.1243 0.2791 
        H190  2 0.1416 0.0737 0.5664 0.2184 
        H191  2 0.4097 0.1748 0.2633 0.1523 
        H396  2 0.0769 0.2605 0.0792 0.5834 
        H397  2 0.1185 0.5634 0.1709 0.1473 
        H398  2 0.1020 0.2453 0.1064 0.5463 
        H400  2 0.2801 0.4444 0.0547 0.2209 
        H401  2 0.0849 0.0356 0.8243 0.0552 
        H402  2 0.5582 0.0427 0.1538 0.2454 
        H427  2 0.1288 0.1675 0.2295 0.4741 
        H428  2 0.0331 0.0302 0.0258 0.9108 
        H497  2 0.8195 0.0653 0.0608 0.0545 
        H512  2 0.1435 0.0653 0.4704 0.3208 
        H513  2 0.8537 0.0449 0.0683 0.0331 
        H514  2 0.4785 0.0582 0.1429 0.3205 
        H519  2 0.7585 0.0555 0.1425 0.0435 
        H532  2 0.0737 0.0611 0.0706 0.7946 
        H543  2 0.2766 0.0743 0.2329 0.4163 
        H544  2 0.2502 0.5845 0.0408 0.1245 
        H545  2 0.8851 0.0450 0.0297 0.0402 
        H546  2 0.4469 0.2722 0.1611 0.1199 
        H547  2 0.1538 0.0412 0.7145 0.0906 
        H548  2 0.1494 0.5897 0.0720 0.1889 
        H549  2 0.9214 0.0273 0.0217 0.0296 
        H620  2 0.0928 0.7086 0.1191 0.0795 
        H623  2 0.7695 0.0521 0.1230 0.0554 
        H624  2 0.8273 0.0910 0.0344 0.0473 
        H625  2 0.2827 0.4425 0.0609 0.2140 
        H626  2 0.4775 0.1954 0.2099 0.1171 
        H654  2 0.7047 0.1670 0.0905 0.0378 
        H655  2 0.2226 0.4907 0.1970 0.0897 
        H656  2 0.0371 0.8961 0.0329 0.0339 
        H666  2 0.0831 0.4359 0.1867 0.2942 
        H667  2 0.5965 0.0885 0.1047 0.2103 
        H677  2 0.1290 0.2147 0.1125 0.5438 
        H693  2 0.0703 0.6821 0.1411 0.1065 
        H694  2 0.6588 0.1164 0.1178 0.1071 
        H701  2 0.3290 0.0919 0.2326 0.3465 
        H702  2 0.2331 0.4326 0.2078 0.1266 
        H731  2 0.0936 0.5149 0.1795 0.2119 
       H7359  2 0.2401 0.3481 0.2099 0.2019 
       H7389  2 0.1203 0.0714 0.1735 0.6347 
       H7390  2 0.0722 0.1415 0.7085 0.0778 
       H7391  2 0.0627 0.1840 0.2530 0.5003 
       H7392  2 0.1537 0.1356 0.3348 0.3759 
       H7393  2 0.3007 0.1655 0.4663 0.0675 
       H7398  2 0.0817 0.1229 0.0994 0.6960 
       H7399  2 0.1769 0.0508 0.1117 0.6606 
       H7400  2 0.1814 0.6915 0.0782 0.0489 
        H745  2 0.2021 0.0639 0.4823 0.2517 
        H746  2 0.5170 0.0540 0.0760 0.3531 
        H747  2 0.1323 0.5600 0.2199 0.0878 
        H748  2 0.5171 0.1300 0.1193 0.2336 
       H7484  2 0.0658 0.7775 0.1174 0.0393 
       H7485  2 0.8325 0.0443 0.0437 0.0796 
        H749  2 0.7971 0.0943 0.0410 0.0676 
        H930  2 0.7891 0.0452 0.0714 0.0944 
        H931  2 0.0831 0.2688 0.0655 0.5826 
        H932  2 0.0592 0.0896 0.1476 0.7036 
      H008.1  2 0.0656 0.2423 0.0643 0.6279 
 H029.1_2002  2 0.5633 0.0590 0.0862 0.2915 
 H029.1_2003  2 0.0597 0.0596 0.0634 0.8172 
      H030.1  2 0.1121 0.1259 0.5908 0.1712 
      H038.1  2 0.2223 0.4916 0.0547 0.2314 
      H041.1  2 0.0336 0.0204 0.0266 0.9193 
 H042.1_2002  2 0.0475 0.0528 0.0515 0.8482 
 H042.1_2003  2 0.3513 0.2227 0.1498 0.2763 
   H042_2002  2 0.1628 0.6683 0.0891 0.0798 
   H042_2003  2 0.1784 0.6703 0.0813 0.0699 
      H043.1  2 0.8879 0.0421 0.0291 0.0409 
      H047.1  2 0.7460 0.1270 0.0582 0.0689 
 H071.1_2002  2 0.4627 0.1891 0.1000 0.2482 
 H071.1_2003  2 0.2296 0.4209 0.1299 0.2196 
 H081.1_2002  2 0.2364 0.2263 0.1488 0.3885 
 H081.1_2003  2 0.3250 0.1915 0.1927 0.2908 
      H083.1  2 0.5474 0.0392 0.0953 0.3180 
      H084.1  2 0.4519 0.0477 0.4462 0.0541 
 H085.1_2002  2 0.1619 0.2049 0.0517 0.5816 
 H085.1_2003  2 0.0329 0.0354 0.0371 0.8946 
      H088.1  2 0.0386 0.0333 0.0508 0.8774 
      H091.1  2 0.0266 0.0173 0.0253 0.9308 
      H109.1  2 0.7032 0.0625 0.1659 0.0684 
      H126.1  2 0.2815 0.4470 0.1726 0.0989 
      H130.1  2 0.1023 0.7759 0.0582 0.0636 
      H133.1  2 0.3046 0.2939 0.0929 0.3086 
      H147.1  2 0.2738 0.1388 0.2910 0.2964 
      H148.1  2 0.2512 0.4020 0.1714 0.1754 
   H166022.1  2 0.0986 0.0422 0.1032 0.7560 
   H167397.1  2 0.7488 0.0455 0.0868 0.1189 
   H167496.1  2 0.0917 0.1576 0.2408 0.5099 
   H167513.1  2 0.7955 0.0816 0.0663 0.0566 
   H167547.1  2 0.2064 0.1844 0.4620 0.1471 
   H169750.1  2 0.1382 0.3227 0.2556 0.2836 
   H171929.1  2 0.6734 0.0642 0.0720 0.1905 
   H171930.1  2 0.8003 0.0575 0.0904 0.0518 
   H171933.1  2 0.1291 0.2111 0.0795 0.5803 
      H190.1  2 0.0939 0.1920 0.6089 0.1052 
      H400.1  2 0.0814 0.0350 0.0479 0.8357 
 H428.1_2005  2 0.1076 0.0637 0.0490 0.7797 
 H428.1_2006  2 0.1234 0.0561 0.0598 0.7608 
      H453.1  2 0.1106 0.0762 0.0962 0.7171 
      H512.1  2 0.3061 0.0789 0.4670 0.1481 
      H513.1  2 0.6702 0.0432 0.1507 0.1359 
      H532.1  2 0.3294 0.1480 0.1000 0.4226 
      H543.1  2 0.3175 0.0407 0.0643 0.5775 
 H545.1_2005  2 0.9194 0.0262 0.0230 0.0314 
 H545.1_2006  2 0.2919 0.0467 0.0707 0.5907 
      H547.1  2 0.0755 0.0535 0.2800 0.5910 
      H548.1  2 0.7615 0.0956 0.0402 0.1026 
     H7389.1  2 0.1037 0.2246 0.0992 0.5725 
      H747.1  2 0.2426 0.4079 0.2485 0.1010 
     H7484.1  2 0.1637 0.5674 0.1009 0.1680 
     H7485.1  2 0.2380 0.0648 0.0737 0.6235 
     H7496.1  2 0.0868 0.2108 0.3848 0.3176 
        D211  3 0.2700 0.2201 0.3983 0.1117 
     D229639  3 0.0931 0.2185 0.5367 0.1518 
     D237212  3 0.1279 0.2000 0.3816 0.2905 
     D237213  3 0.2525 0.1473 0.4440 0.1562 
     D237214  3 0.5877 0.1158 0.1519 0.1447 
     D237215  3 0.4158 0.2839 0.2203 0.0800 
     D237216  3 0.2237 0.0915 0.5851 0.0997 
     D237217  3 0.3914 0.0450 0.4078 0.1559 
     D237218  3 0.0539 0.0693 0.7726 0.1042 
     D237219  3 0.2803 0.3634 0.2990 0.0573 
     D237382  3 0.1127 0.3820 0.3736 0.1317 
     D244127  3 0.6139 0.0488 0.2767 0.0605 
     D244129  3 0.2368 0.1904 0.2044 0.3685 
     D244133  3 0.1781 0.5198 0.1158 0.1863 
     D244134  3 0.1629 0.4216 0.2887 0.1268 
     D244135  3 0.5082 0.1165 0.1379 0.2374 
     D244136  3 0.1030 0.4304 0.1009 0.3657 
        D416  3 0.1872 0.0702 0.5123 0.2303 
        D417  3 0.0767 0.1167 0.2636 0.5429 
        D419  3 0.2118 0.2263 0.2690 0.2929 
        D565  3 0.0436 0.8280 0.0389 0.0896 
        D566  3 0.1051 0.3339 0.3345 0.2265 
        D567  3 0.1866 0.1624 0.0566 0.5943 
        D568  3 0.3602 0.0468 0.1890 0.4040 
        D569  3 0.5125 0.1308 0.1793 0.1774 
        D573  3 0.0416 0.0416 0.1788 0.7381 
        D574  3 0.2559 0.4463 0.1828 0.1150 
        D575  3 0.2518 0.5853 0.0632 0.0997 
        D576  3 0.4382 0.1589 0.3407 0.0621 
        D577  3 0.1390 0.5257 0.1368 0.1985 
        D578  3 0.7174 0.0377 0.1905 0.0543 
        D579  3 0.1041 0.4353 0.2185 0.2421 
        D660  3 0.4663 0.0899 0.2604 0.1834 
        D661  3 0.0542 0.0380 0.8402 0.0677 
        D663  3 0.0554 0.0711 0.7479 0.1256 
        D664  3 0.3958 0.3766 0.1675 0.0602 
        D665  3 0.6371 0.0667 0.2275 0.0687 
        D666  3 0.1801 0.5330 0.1903 0.0967 
        H111  3 0.4811 0.1069 0.3340 0.0780 
        H951  3 0.4741 0.1451 0.1204 0.2604 
        H952  3 0.1152 0.1984 0.2506 0.4358 
        H953  3 0.0886 0.2138 0.3045 0.3932 
        H954  3 0.3096 0.3986 0.1660 0.1258 
        H955  3 0.6660 0.0694 0.0495 0.2151 
        H956  3 0.0576 0.0964 0.1109 0.7351 
       H9563  3 0.0908 0.3277 0.4459 0.1356 
        D009  4 0.5359 0.0751 0.3186 0.0704 
        D057  4 0.2974 0.0672 0.3911 0.2444 
        D109  4 0.3306 0.4851 0.1003 0.0841 
     D237222  4 0.6666 0.1364 0.1359 0.0611 
     D237223  4 0.2792 0.1772 0.4404 0.1032 
     D237224  4 0.1292 0.0757 0.1622 0.6329 
     D237225  4 0.1677 0.1192 0.6434 0.0698 
     D237299  4 0.0334 0.0550 0.8817 0.0300 
     D237300  4 0.0580 0.0706 0.8251 0.0463 
     D237306  4 0.1261 0.5315 0.1958 0.1466 
     D237307  4 0.0616 0.4623 0.1791 0.2970 
     D237308  4 0.4637 0.2748 0.0932 0.1683 
     D237309  4 0.4277 0.0878 0.3257 0.1588 
     D237317  4 0.1305 0.6535 0.1045 0.1115 
     D237318  4 0.0317 0.0413 0.8340 0.0929 
     D237319  4 0.2467 0.1400 0.3483 0.2650 
     D237320  4 0.0912 0.0596 0.6571 0.1922 
     D237321  4 0.1518 0.1229 0.5848 0.1406 
     D237397  4 0.1276 0.2295 0.5188 0.1241 
     D237398  4 0.0372 0.0336 0.7897 0.1395 
     D237399  4 0.0844 0.2543 0.4951 0.1662 
     D244001  4 0.7394 0.0741 0.1144 0.0722 
        D289  4 0.0787 0.2723 0.2548 0.3941 
        D290  4 0.1634 0.2440 0.4623 0.1302 
        D294  4 0.1925 0.2597 0.4221 0.1257 
        D295  4 0.1277 0.3694 0.3409 0.1621 
        D301  4 0.7921 0.0660 0.1078 0.0340 
        D302  4 0.1552 0.2009 0.2134 0.4305 
        D303  4 0.0802 0.7593 0.0790 0.0815 
        D304  4 0.0547 0.4490 0.3862 0.1101 
        D305  4 0.4436 0.0559 0.3953 0.1053 
        D306  4 0.1949 0.4356 0.2304 0.1391 
        D307  4 0.7093 0.1443 0.1048 0.0416 
        D327  4 0.0558 0.2704 0.0812 0.5927 
        D328  4 0.1167 0.6365 0.1517 0.0951 
        D329  4 0.5568 0.0809 0.2339 0.1285 
        D330  4 0.4775 0.0657 0.1559 0.3009 
        D331  4 0.2564 0.3265 0.2536 0.1636 
        D333  4 0.1916 0.4189 0.2980 0.0915 
        D334  4 0.0503 0.7344 0.0843 0.1310 
        D335  4 0.1530 0.1762 0.0768 0.5941 
        D370  4 0.4553 0.3578 0.0910 0.0959 
        D371  4 0.0489 0.6713 0.0479 0.2319 
        D372  4 0.0696 0.0839 0.8147 0.0317 
        D373  4 0.8213 0.0479 0.0631 0.0677 
        D455  4 0.7008 0.0755 0.1576 0.0662 
        D490  4 0.6659 0.0739 0.2101 0.0500 
        D497  4 0.6723 0.0597 0.2300 0.0379 
        D498  4 0.3386 0.3499 0.2037 0.1077 
        D499  4 0.0881 0.1031 0.4362 0.3726 
        D514  4 0.1754 0.2532 0.2998 0.2715 
        D515  4 0.0928 0.1086 0.7166 0.0820 
        D516  4 0.2225 0.2783 0.1745 0.3246 
        D517  4 0.7151 0.0378 0.1510 0.0961 
        D518  4 0.3075 0.2385 0.2228 0.2311 
        D519  4 0.0308 0.0413 0.8421 0.0858 
        D560  4 0.0713 0.0496 0.8066 0.0725 
        D561  4 0.2361 0.0327 0.1697 0.5615 
        D562  4 0.2917 0.1750 0.3682 0.1652 
        D563  4 0.1510 0.0395 0.1700 0.6395 
        D572  4 0.1907 0.2096 0.1862 0.4135 
        D629  4 0.1915 0.2349 0.1437 0.4299 
        D630  4 0.1095 0.2495 0.4605 0.1805 
        D631  4 0.1384 0.1202 0.4453 0.2961 
        D632  4 0.8037 0.0532 0.0440 0.0991 
        D646  4 0.1109 0.0494 0.7024 0.1373 
        D647  4 0.2277 0.0528 0.2335 0.4860 
        D648  4 0.1132 0.7506 0.0817 0.0544 
        D649  4 0.2919 0.1773 0.1344 0.3964 
        D650  4 0.0677 0.4563 0.2554 0.2206 
        D708  4 0.1419 0.5400 0.2443 0.0738 
        D709  4 0.2440 0.5594 0.1174 0.0792 
        D738  4 0.1471 0.5131 0.1778 0.1620 
        D739  4 0.2936 0.1065 0.5312 0.0686 
        D740  4 0.2320 0.2143 0.5034 0.0502 
        D741  4 0.0417 0.0389 0.3504 0.5690 
        D742  4 0.0669 0.1061 0.2449 0.5820 
        D743  4 0.0503 0.1077 0.1076 0.7344 
        D744  4 0.1126 0.0893 0.2463 0.5517 
        D745  4 0.0530 0.0644 0.8177 0.0648 
        D814  4 0.1601 0.0597 0.7005 0.0797 
        D815  4 0.2034 0.5247 0.0984 0.1736 
        D828  4 0.2164 0.4194 0.3270 0.0371 
        D845  4 0.0466 0.0976 0.6717 0.1841 
        D846  4 0.2911 0.0504 0.1495 0.5089 
        D847  4 0.1109 0.1875 0.4750 0.2266 
        D848  4 0.7087 0.0486 0.1345 0.1083 
        D849  4 0.4155 0.0684 0.4602 0.0558 
        D850  4 0.0961 0.1812 0.1884 0.5343 
        D856  4 0.3509 0.1498 0.2897 0.2097 
        D857  4 0.8778 0.0615 0.0348 0.0260 
        D859  4 0.1490 0.1858 0.4528 0.2125 
        D860  4 0.1433 0.3584 0.1073 0.3910 
        D883  4 0.1901 0.3929 0.1833 0.2338 
        D884  4 0.0965 0.3324 0.4773 0.0938 
        D885  4 0.0843 0.0718 0.4695 0.3744 
        D886  4 0.5001 0.1722 0.1660 0.1617 
        D887  4 0.1151 0.2043 0.4566 0.2240 
        D889  4 0.0358 0.0986 0.8331 0.0324 
        D890  4 0.3043 0.4809 0.0782 0.1366 
        D891  4 0.0233 0.0244 0.9092 0.0431 
        D899  4 0.0942 0.1761 0.2473 0.4824 
        D900  4 0.1722 0.1625 0.3070 0.3582 
        D970  4 0.1618 0.1466 0.2802 0.4114 
        D971  4 0.3847 0.1560 0.0378 0.4215 
        D979  4 0.0641 0.1681 0.0776 0.6902 
        H002  4 0.3259 0.2134 0.3245 0.1361 
        H003  4 0.0836 0.0913 0.5310 0.2941 
        H009  4 0.7714 0.1135 0.0740 0.0411 
        H010  4 0.1913 0.1963 0.3121 0.3003 
        H011  4 0.1507 0.5512 0.2100 0.0880 
        H012  4 0.2769 0.2350 0.2736 0.2145 
        H013  4 0.1182 0.2207 0.3308 0.3303 
        H014  4 0.1184 0.1502 0.6148 0.1166 
        H045  4 0.0740 0.1939 0.3274 0.4047 
        H046  4 0.1413 0.1331 0.5864 0.1392 
        H051  4 0.1101 0.6128 0.1545 0.1226 
        H052  4 0.0625 0.8313 0.0664 0.0398 
        H053  4 0.1352 0.1495 0.2404 0.4749 
        H056  4 0.2490 0.6226 0.0929 0.0354 
        H076  4 0.0424 0.0365 0.7950 0.1261 
        H151  4 0.1183 0.2166 0.4283 0.2367 
        H152  4 0.0863 0.7317 0.0794 0.1027 
     H171803  4 0.2925 0.1164 0.4946 0.0966 
     H171804  4 0.2221 0.4132 0.2874 0.0773 
     H171833  4 0.7029 0.0441 0.1878 0.0652 
     H171855  4 0.0698 0.0862 0.8101 0.0340 
     H171856  4 0.4181 0.0902 0.3443 0.1473 
     H171857  4 0.0758 0.2451 0.6057 0.0734 
     H171858  4 0.0498 0.6282 0.1535 0.1685 
     H171859  4 0.0879 0.6305 0.1724 0.1092 
     H171961  4 0.1493 0.2687 0.2498 0.3323 
        H198  4 0.1007 0.0908 0.3204 0.4881 
      H20001  4 0.8553 0.0241 0.0895 0.0311 
        H403  4 0.4031 0.0959 0.4371 0.0638 
        H404  4 0.1460 0.1524 0.1329 0.5686 
        H405  4 0.4958 0.1079 0.1388 0.2575 
        H406  4 0.7311 0.0335 0.1138 0.1217 
        H407  4 0.0857 0.2222 0.5599 0.1322 
        H410  4 0.0629 0.0342 0.5616 0.3413 
        H411  4 0.5923 0.0526 0.2909 0.0642 
        H468  4 0.5072 0.0450 0.3896 0.0582 
        H476  4 0.4908 0.3002 0.0864 0.1225 
        H477  4 0.8138 0.1052 0.0477 0.0332 
        H478  4 0.8110 0.0644 0.0549 0.0698 
        H479  4 0.0999 0.4672 0.0703 0.3626 
        H480  4 0.3262 0.1559 0.3271 0.1908 
        H498  4 0.1082 0.0847 0.6960 0.1112 
        H499  4 0.5169 0.2568 0.1189 0.1074 
        H500  4 0.2671 0.2393 0.2231 0.2706 
        H515  4 0.4219 0.1993 0.2388 0.1400 
        H516  4 0.1369 0.0512 0.6687 0.1432 
        H517  4 0.0685 0.2443 0.2809 0.4063 
        H518  4 0.0888 0.7423 0.1304 0.0385 
        H520  4 0.1800 0.3617 0.3483 0.1101 
        H521  4 0.2099 0.1418 0.2180 0.4303 
        H522  4 0.4660 0.0640 0.3928 0.0772 
        H523  4 0.1357 0.3642 0.2482 0.2518 
        H536  4 0.2284 0.3428 0.1379 0.2909 
        H645  4 0.0698 0.5645 0.0463 0.3193 
        H646  4 0.0469 0.0391 0.1994 0.7146 
        H647  4 0.6258 0.1441 0.0715 0.1586 
        H657  4 0.0841 0.1492 0.4776 0.2891 
        H658  4 0.1112 0.4911 0.1465 0.2512 
        H659  4 0.6165 0.1218 0.1880 0.0736 
        H660  4 0.4194 0.3768 0.1290 0.0748 
        H661  4 0.4649 0.0543 0.4397 0.0411 
        H668  4 0.2841 0.2539 0.1063 0.3556 
        H669  4 0.0795 0.0499 0.0901 0.7805 
        H670  4 0.0392 0.6478 0.0940 0.2190 
        H678  4 0.4186 0.0589 0.3369 0.1856 
        H679  4 0.2060 0.0696 0.0853 0.6391 
        H680  4 0.0499 0.0487 0.8553 0.0460 
        H681  4 0.0851 0.7425 0.0549 0.1174 
        H682  4 0.2152 0.0771 0.1731 0.5345 
        H683  4 0.5727 0.1467 0.0817 0.1989 
        H718  4 0.0723 0.3780 0.2809 0.2688 
        H719  4 0.1184 0.1788 0.5344 0.1685 
        H720  4 0.6573 0.2282 0.0825 0.0320 
        H721  4 0.0656 0.1088 0.7991 0.0265 
        H722  4 0.4834 0.0889 0.2886 0.1391 
        H723  4 0.1852 0.3021 0.1815 0.3312 
        H724  4 0.0385 0.6712 0.2062 0.0840 
        H725  4 0.0758 0.3338 0.5397 0.0507 
        H726  4 0.1750 0.1556 0.4337 0.2357 
        H727  4 0.0625 0.2252 0.4501 0.2622 
        H910  4 0.0879 0.5602 0.2553 0.0966 
        H911  4 0.2302 0.0676 0.1602 0.5420 
        H912  4 0.3782 0.0835 0.3276 0.2107 
        H913  4 0.1314 0.3381 0.2960 0.2345 
        H914  4 0.0908 0.5516 0.1701 0.1875 
        H915  4 0.5881 0.0994 0.1396 0.1729 
        H916  4 0.6705 0.0842 0.1874 0.0578 
       H9572  4 0.3027 0.0401 0.6210 0.0362 
      H009.1  4 0.1511 0.7337 0.0576 0.0577 
      H046.4  4 0.1910 0.1675 0.2668 0.3747 
 H076.1_2002  4 0.0521 0.0262 0.7811 0.1407 
 H076.1_2003  4 0.0246 0.0227 0.9075 0.0452 
 H076.1_2004  4 0.0356 0.0304 0.8301 0.1039 
      H477.1  4 0.5108 0.0917 0.3521 0.0455 
 H479.1_2005  4 0.2300 0.3156 0.0736 0.3808 
 H479.1_2006  4 0.4753 0.1350 0.2359 0.1539 
      H516.1  4 0.1520 0.1200 0.4804 0.2476 
      H646.1  4 0.1956 0.1111 0.3869 0.3064 
      H658.1  4 0.5132 0.1813 0.2122 0.0932 
