        D174  1 0.0629 0.0731 0.0819 0.1073 0.6748 
        D199  1 0.0423 0.1645 0.1516 0.5315 0.1102 
        D203  1 0.2184 0.2009 0.1453 0.3395 0.0959 
        D204  1 0.0428 0.0887 0.0702 0.6998 0.0985 
     D237366  1 0.5825 0.1209 0.1204 0.0625 0.1137 
     D237367  1 0.0677 0.1268 0.1114 0.4814 0.2128 
     D237368  1 0.0552 0.1355 0.5087 0.2322 0.0684 
     D244101  1 0.0510 0.0875 0.0327 0.8029 0.0259 
     D244102  1 0.1712 0.2335 0.3030 0.1162 0.1762 
     D244103  1 0.0992 0.6111 0.0719 0.0666 0.1513 
     D244104  1 0.0619 0.1440 0.0801 0.5689 0.1450 
     D244105  1 0.1718 0.5619 0.1911 0.0404 0.0348 
     D244106  1 0.3918 0.0768 0.0482 0.1697 0.3135 
     D244107  1 0.0419 0.2653 0.5399 0.1269 0.0260 
     D244108  1 0.0671 0.1075 0.3968 0.1446 0.2840 
     D244113  1 0.0254 0.0581 0.0822 0.0257 0.8086 
     D244114  1 0.4148 0.3433 0.0652 0.0598 0.1169 
     D244115  1 0.0588 0.1867 0.0956 0.1603 0.4986 
     D267365  1 0.0831 0.1475 0.0911 0.2955 0.3828 
        D404  1 0.1031 0.1175 0.0934 0.0761 0.6100 
        D405  1 0.0717 0.3984 0.1523 0.1155 0.2621 
        D406  1 0.0508 0.0433 0.8138 0.0473 0.0448 
        D407  1 0.0292 0.1814 0.0729 0.6608 0.0557 
        D408  1 0.1137 0.1470 0.0299 0.0936 0.6158 
        D409  1 0.1177 0.7037 0.0547 0.0805 0.0434 
        D410  1 0.0367 0.0983 0.7737 0.0298 0.0614 
        D421  1 0.0198 0.0462 0.0204 0.8639 0.0497 
        D422  1 0.2177 0.1234 0.6030 0.0326 0.0232 
        D423  1 0.0275 0.0812 0.6132 0.2444 0.0337 
        D424  1 0.0334 0.6351 0.0489 0.1872 0.0953 
        D425  1 0.0567 0.2045 0.0524 0.2565 0.4299 
        D426  1 0.2351 0.6231 0.0359 0.0696 0.0363 
        D427  1 0.0268 0.0394 0.0324 0.8503 0.0511 
        D428  1 0.0394 0.2131 0.2546 0.2202 0.2728 
        D429  1 0.2412 0.2515 0.0576 0.1767 0.2730 
        D430  1 0.2903 0.2203 0.0585 0.2361 0.1948 
        D491  1 0.0459 0.1151 0.0552 0.0886 0.6953 
        D492  1 0.0486 0.1903 0.0617 0.2526 0.4468 
        D537  1 0.0482 0.2907 0.1326 0.3151 0.2134 
        D538  1 0.0664 0.2514 0.3938 0.1328 0.1557 
        D539  1 0.3212 0.1274 0.1735 0.0555 0.3224 
        D540  1 0.0365 0.7861 0.0607 0.0490 0.0677 
        D541  1 0.0210 0.1113 0.0334 0.8020 0.0323 
        D551  1 0.4224 0.4106 0.0682 0.0464 0.0523 
        D552  1 0.0578 0.1907 0.5226 0.1144 0.1145 
        D553  1 0.0334 0.5201 0.0382 0.3232 0.0852 
        D615  1 0.0818 0.3297 0.2543 0.1497 0.1845 
        D616  1 0.0509 0.1659 0.1852 0.5371 0.0608 
        D621  1 0.0617 0.0621 0.6234 0.0307 0.2221 
        D622  1 0.1645 0.1087 0.5373 0.0822 0.1072 
        D623  1 0.0517 0.0745 0.1263 0.4852 0.2623 
        D624  1 0.0593 0.1194 0.0429 0.0680 0.7104 
        D625  1 0.0648 0.1122 0.1057 0.2363 0.4810 
        D626  1 0.0861 0.0870 0.1164 0.0598 0.6507 
        D627  1 0.2598 0.5979 0.0323 0.0638 0.0461 
        D690  1 0.0378 0.0877 0.1062 0.2139 0.5545 
        D691  1 0.4588 0.0588 0.2791 0.1434 0.0599 
        D710  1 0.0394 0.2204 0.1394 0.4314 0.1693 
        D711  1 0.1024 0.1021 0.1714 0.4415 0.1825 
        D712  1 0.0757 0.1583 0.1499 0.0624 0.5537 
        D713  1 0.0418 0.1894 0.0650 0.0716 0.6322 
        D746  1 0.0646 0.0500 0.7754 0.0551 0.0550 
        D747  1 0.0309 0.0379 0.0205 0.8652 0.0456 
        D748  1 0.3629 0.1084 0.1249 0.2423 0.1615 
        D749  1 0.0743 0.3183 0.4762 0.0438 0.0873 
        D750  1 0.0399 0.0736 0.0678 0.1207 0.6979 
        D763  1 0.1539 0.1951 0.2086 0.3279 0.1145 
        D764  1 0.0290 0.1791 0.1334 0.3509 0.3075 
        D765  1 0.1092 0.2868 0.4890 0.0249 0.0901 
        D766  1 0.0552 0.1880 0.5243 0.0716 0.1608 
        D767  1 0.1663 0.1456 0.3364 0.1741 0.1775 
        D768  1 0.0540 0.4410 0.0539 0.4067 0.0444 
        D811  1 0.0472 0.1059 0.0753 0.0456 0.7260 
        D816  1 0.0355 0.2245 0.0604 0.4320 0.2476 
        D825  1 0.0521 0.1567 0.1238 0.0555 0.6118 
        D866  1 0.2859 0.1503 0.1143 0.3129 0.1366 
        D867  1 0.0383 0.1165 0.7373 0.0513 0.0565 
        D871  1 0.2313 0.5533 0.0340 0.0553 0.1262 
        D872  1 0.0459 0.0784 0.5878 0.1734 0.1146 
        D873  1 0.0173 0.0240 0.9263 0.0157 0.0166 
        D874  1 0.0996 0.1398 0.0341 0.2573 0.4692 
        D875  1 0.2187 0.6037 0.0652 0.0651 0.0472 
        D876  1 0.0594 0.2814 0.1967 0.1726 0.2899 
        D877  1 0.0361 0.0840 0.0559 0.0555 0.7685 
        D892  1 0.2393 0.0927 0.0850 0.2158 0.3672 
        D893  1 0.1563 0.3706 0.1236 0.2587 0.0908 
        D894  1 0.1913 0.2582 0.0564 0.3923 0.1018 
        D915  1 0.1362 0.2435 0.1428 0.2700 0.2075 
        D916  1 0.0298 0.1022 0.0382 0.7696 0.0601 
        D917  1 0.0352 0.2652 0.0715 0.1973 0.4308 
        D925  1 0.0220 0.0581 0.7892 0.0490 0.0817 
        D926  1 0.0908 0.2783 0.0697 0.1650 0.3962 
        D927  1 0.0749 0.0657 0.0717 0.7295 0.0583 
        D928  1 0.0176 0.0753 0.0431 0.0540 0.8100 
        D929  1 0.1394 0.1520 0.1091 0.0580 0.5414 
        D936  1 0.1219 0.1465 0.0486 0.5238 0.1592 
        D938  1 0.0380 0.0599 0.8182 0.0314 0.0524 
        D956  1 0.1459 0.2033 0.0960 0.0773 0.4776 
        D957  1 0.0551 0.1315 0.5924 0.1646 0.0564 
        D958  1 0.0374 0.0765 0.4310 0.1206 0.3345 
        D959  1 0.0406 0.3314 0.0775 0.5055 0.0450 
        D960  1 0.0583 0.0666 0.8056 0.0306 0.0388 
        D989  1 0.0737 0.1497 0.0444 0.5292 0.2029 
        D990  1 0.0463 0.0309 0.8414 0.0491 0.0323 
        H102  1 0.0704 0.1176 0.1032 0.0811 0.6277 
        H103  1 0.0488 0.6911 0.1065 0.1140 0.0396 
        H104  1 0.4128 0.1382 0.0630 0.1864 0.1996 
        H105  1 0.0471 0.2484 0.1107 0.1613 0.4325 
        H106  1 0.2621 0.1141 0.4311 0.0668 0.1259 
        H112  1 0.2239 0.2330 0.1090 0.0997 0.3343 
        H113  1 0.1365 0.2632 0.1075 0.3804 0.1125 
        H114  1 0.0892 0.1960 0.1049 0.5658 0.0440 
        H115  1 0.3155 0.1542 0.0923 0.2440 0.1940 
        H143  1 0.0393 0.3662 0.1872 0.2264 0.1809 
        H144  1 0.0382 0.6708 0.0611 0.1595 0.0705 
        H145  1 0.0545 0.1087 0.1088 0.0345 0.6934 
        H149  1 0.4401 0.1302 0.0541 0.2786 0.0969 
        H150  1 0.2834 0.2377 0.1311 0.0749 0.2729 
     H167542  1 0.0742 0.3060 0.1136 0.2380 0.2682 
     H169604  1 0.1592 0.1144 0.0465 0.2616 0.4184 
     H169607  1 0.0711 0.1640 0.0597 0.0642 0.6410 
     H169608  1 0.0574 0.0642 0.0966 0.0662 0.7156 
     H169633  1 0.0939 0.2719 0.0817 0.4066 0.1458 
     H169688  1 0.0424 0.1256 0.6827 0.0925 0.0567 
     H169714  1 0.8321 0.0595 0.0392 0.0401 0.0291 
     H171802  1 0.1872 0.1639 0.2101 0.3715 0.0673 
     H171805  1 0.1788 0.2170 0.4968 0.0395 0.0679 
     H171807  1 0.1840 0.2809 0.1399 0.0637 0.3315 
     H171814  1 0.0545 0.4104 0.0993 0.4076 0.0283 
     H171816  1 0.1418 0.2471 0.3625 0.0995 0.1492 
     H171817  1 0.1389 0.1046 0.1069 0.0718 0.5778 
     H171818  1 0.2251 0.2481 0.3076 0.1633 0.0559 
     H171819  1 0.1769 0.2014 0.1880 0.2827 0.1510 
     H171834  1 0.5071 0.2419 0.1304 0.0804 0.0402 
     H171835  1 0.5779 0.0338 0.1133 0.1766 0.0984 
     H171836  1 0.0461 0.2847 0.4216 0.1857 0.0619 
     H171837  1 0.1390 0.1185 0.0653 0.3395 0.3377 
     H171838  1 0.4883 0.1633 0.2633 0.0441 0.0411 
     H171839  1 0.2371 0.0950 0.0429 0.4748 0.1501 
     H171841  1 0.0619 0.1169 0.2821 0.0282 0.5109 
     H171860  1 0.0835 0.0822 0.0481 0.2408 0.5455 
     H171861  1 0.0527 0.4550 0.2714 0.1261 0.0949 
     H171862  1 0.4043 0.2887 0.0769 0.1286 0.1016 
     H171868  1 0.1156 0.4281 0.0606 0.2766 0.1191 
     H171869  1 0.0657 0.4840 0.3345 0.0761 0.0397 
     H171870  1 0.3089 0.1188 0.4194 0.0768 0.0761 
     H171871  1 0.2359 0.4597 0.1771 0.0712 0.0560 
     H171872  1 0.2052 0.1045 0.0512 0.1075 0.5316 
     H171873  1 0.2825 0.1124 0.4663 0.0885 0.0504 
     H171874  1 0.1267 0.2612 0.2265 0.2683 0.1173 
     H171875  1 0.0455 0.5598 0.0814 0.2726 0.0406 
     H171876  1 0.0479 0.1543 0.0630 0.6233 0.1116 
     H171877  1 0.0635 0.1162 0.0651 0.4521 0.3032 
     H171878  1 0.0586 0.1896 0.6154 0.1034 0.0330 
     H171901  1 0.0470 0.0687 0.2164 0.0745 0.5933 
     H171902  1 0.0642 0.0801 0.0664 0.0355 0.7538 
     H171903  1 0.1506 0.3265 0.0417 0.4135 0.0677 
     H171935  1 0.4127 0.0805 0.3464 0.0381 0.1223 
     H171936  1 0.0727 0.1020 0.1327 0.6455 0.0471 
     H171940  1 0.1358 0.3364 0.0890 0.0771 0.3615 
     H171945  1 0.0725 0.3053 0.4113 0.0588 0.1521 
     H171948  1 0.4301 0.2831 0.0868 0.0799 0.1200 
     H171949  1 0.5010 0.0575 0.0568 0.0473 0.3375 
     H171950  1 0.3445 0.0495 0.1295 0.1442 0.3324 
     H171963  1 0.0609 0.1011 0.7404 0.0637 0.0339 
     H171964  1 0.3711 0.2538 0.2037 0.1109 0.0604 
     H171966  1 0.2493 0.1732 0.4336 0.0614 0.0826 
     H171968  1 0.0609 0.0591 0.1402 0.0561 0.6838 
     H171971  1 0.5612 0.1658 0.1944 0.0427 0.0359 
     H171972  1 0.0385 0.1718 0.1657 0.5292 0.0948 
     H171977  1 0.0751 0.2762 0.3943 0.1802 0.0743 
     H171978  1 0.3232 0.1949 0.2403 0.0453 0.1962 
     H171979  1 0.2468 0.3990 0.1235 0.1226 0.1080 
        H176  1 0.0737 0.1071 0.0418 0.2643 0.5130 
        H177  1 0.1841 0.1487 0.2704 0.0480 0.3488 
        H179  1 0.0873 0.1259 0.0558 0.5034 0.2275 
        H181  1 0.0885 0.5168 0.2718 0.0648 0.0582 
        H182  1 0.0999 0.3961 0.3755 0.0530 0.0755 
        H183  1 0.0374 0.3118 0.5343 0.0799 0.0365 
        H184  1 0.2155 0.2216 0.1354 0.0671 0.3603 
        H185  1 0.0848 0.2185 0.4575 0.1479 0.0913 
        H186  1 0.0534 0.6119 0.1563 0.1080 0.0705 
        H187  1 0.0246 0.1120 0.7221 0.1036 0.0376 
        H188  1 0.1059 0.1339 0.0561 0.4582 0.2458 
        H192  1 0.5342 0.0972 0.2240 0.0426 0.1019 
        H193  1 0.0525 0.7224 0.1038 0.0326 0.0887 
        H194  1 0.5289 0.1495 0.0485 0.1563 0.1167 
        H195  1 0.0503 0.1169 0.7218 0.0678 0.0433 
        H199  1 0.0498 0.2235 0.3787 0.0617 0.2864 
        H200  1 0.0729 0.1056 0.0885 0.4829 0.2501 
        H414  1 0.2696 0.2665 0.1407 0.1979 0.1254 
        H415  1 0.1030 0.2438 0.0915 0.4168 0.1449 
        H422  1 0.0662 0.2831 0.2326 0.0926 0.3255 
        H423  1 0.0939 0.1524 0.1162 0.0578 0.5797 
        H424  1 0.0530 0.4938 0.3250 0.0872 0.0410 
        H425  1 0.0548 0.1572 0.6666 0.0740 0.0475 
        H426  1 0.3379 0.3345 0.2217 0.0505 0.0555 
        H443  1 0.0450 0.5734 0.1069 0.1641 0.1106 
        H466  1 0.2534 0.3699 0.0700 0.2450 0.0617 
        H467  1 0.8356 0.0371 0.0580 0.0295 0.0398 
        H472  1 0.0540 0.0941 0.0464 0.0711 0.7345 
        H483  1 0.0754 0.4431 0.2076 0.1697 0.1042 
        H504  1 0.0525 0.1863 0.5431 0.1058 0.1124 
        H505  1 0.1516 0.2690 0.1654 0.2294 0.1847 
        H506  1 0.0543 0.4685 0.1901 0.1216 0.1655 
        H507  1 0.0559 0.3647 0.4063 0.0988 0.0743 
        H508  1 0.2921 0.4078 0.1135 0.1168 0.0698 
        H524  1 0.0890 0.1473 0.3590 0.3226 0.0820 
        H525  1 0.0841 0.3357 0.1735 0.1670 0.2397 
        H526  1 0.0627 0.1360 0.0446 0.2078 0.5490 
        H527  1 0.0978 0.1759 0.2800 0.0762 0.3701 
        H528  1 0.1087 0.3486 0.0426 0.3342 0.1659 
        H529  1 0.0770 0.4941 0.2429 0.0891 0.0969 
        H533  1 0.1407 0.2894 0.3785 0.0964 0.0950 
        H538  1 0.0722 0.1268 0.0723 0.1351 0.5936 
        H539  1 0.0261 0.0376 0.8771 0.0309 0.0283 
        H540  1 0.1525 0.2203 0.3660 0.0977 0.1635 
        H541  1 0.1323 0.2046 0.0791 0.3338 0.2501 
        H558  1 0.0432 0.1224 0.7556 0.0412 0.0376 
        H559  1 0.0341 0.3322 0.0911 0.2557 0.2870 
        H579  1 0.0429 0.1115 0.6933 0.0513 0.1010 
        H584  1 0.4571 0.1695 0.0881 0.1122 0.1730 
        H585  1 0.2756 0.4201 0.0806 0.1726 0.0511 
        H605  1 0.1361 0.2125 0.2700 0.1464 0.2350 
        H606  1 0.0469 0.0622 0.0489 0.0877 0.7544 
        H632  1 0.2072 0.2254 0.1688 0.2076 0.1910 
        H634  1 0.0963 0.2458 0.2752 0.1754 0.2072 
        H671  1 0.1016 0.0969 0.0455 0.0761 0.6799 
        H672  1 0.0250 0.0406 0.0347 0.8597 0.0401 
        H673  1 0.0327 0.6584 0.0827 0.1472 0.0791 
        H689  1 0.1711 0.4031 0.0805 0.2381 0.1072 
        H690  1 0.3391 0.1822 0.1590 0.1100 0.2098 
        H691  1 0.0792 0.1159 0.0635 0.6716 0.0698 
        H692  1 0.0370 0.6439 0.0706 0.2025 0.0459 
        H709  1 0.1690 0.2259 0.0783 0.3945 0.1324 
        H710  1 0.0506 0.7294 0.0856 0.0970 0.0375 
       H7355  1 0.0977 0.1423 0.0973 0.0837 0.5791 
       H7356  1 0.3119 0.2066 0.3443 0.0703 0.0668 
       H7357  1 0.1091 0.1015 0.1590 0.0844 0.5459 
       H7358  1 0.0231 0.0723 0.1926 0.3471 0.3649 
       H7380  1 0.1264 0.5089 0.0617 0.0627 0.2402 
       H7381  1 0.1090 0.5369 0.0783 0.0723 0.2034 
       H7382  1 0.0975 0.2868 0.2504 0.2019 0.1634 
        H904  1 0.1302 0.0891 0.0798 0.1799 0.5210 
        H923  1 0.2078 0.1854 0.2089 0.2072 0.1907 
        H924  1 0.0638 0.2333 0.1511 0.1757 0.3760 
        H925  1 0.0357 0.1645 0.1950 0.4210 0.1838 
       H9558  1 0.0278 0.0654 0.8529 0.0268 0.0271 
      H105.1  1 0.2186 0.6238 0.0713 0.0579 0.0284 
      H115.1  1 0.0560 0.2612 0.1209 0.4974 0.0645 
      H145.1  1 0.0298 0.0586 0.0562 0.0600 0.7955 
      H149.1  1 0.0317 0.0791 0.0487 0.7834 0.0571 
      H150.1  1 0.1140 0.2018 0.5320 0.0358 0.1165 
   H169607.1  1 0.0566 0.1185 0.1870 0.1030 0.5349 
   H169633.1  1 0.0432 0.0746 0.1497 0.6182 0.1143 
   H169688.1  1 0.0263 0.4395 0.0882 0.3764 0.0696 
   H171901.1  1 0.1505 0.1863 0.2025 0.3714 0.0894 
   H171902.1  1 0.0376 0.0591 0.0773 0.0352 0.7907 
   H171903.1  1 0.2229 0.3195 0.0840 0.0728 0.3007 
      H177.1  1 0.0504 0.1021 0.0714 0.6112 0.1649 
      H179.1  1 0.0947 0.1202 0.1344 0.3666 0.2840 
      H180.1  1 0.1537 0.4775 0.1711 0.0888 0.1089 
      H181.1  1 0.1987 0.4293 0.1612 0.1026 0.1082 
 H194.1_2004  1 0.1446 0.4345 0.2062 0.1133 0.1014 
 H195.1_2003  1 0.1237 0.2149 0.3115 0.2526 0.0973 
 H195.1_2004  1 0.0657 0.0668 0.0659 0.3231 0.4785 
      H415.1  1 0.0766 0.2877 0.1432 0.3986 0.0939 
      H506.1  1 0.0337 0.4163 0.0916 0.3525 0.1060 
      H533.1  1 0.0457 0.3945 0.2788 0.1117 0.1693 
      H535.1  1 0.2360 0.3359 0.1267 0.1484 0.1531 
      H539.1  1 0.0514 0.2362 0.5331 0.0384 0.1409 
      H540.1  1 0.0460 0.0711 0.7876 0.0280 0.0673 
     H9558.1  1 0.0354 0.0708 0.7796 0.0546 0.0597 
    kos339.1  1 0.1330 0.1526 0.0671 0.4512 0.1960 
        D023  2 0.0255 0.0467 0.6880 0.2023 0.0375 
        D130  2 0.0644 0.0642 0.7703 0.0462 0.0549 
        D131  2 0.2109 0.2983 0.0529 0.3598 0.0780 
        D163  2 0.1853 0.1354 0.5819 0.0446 0.0528 
        D164  2 0.0187 0.0234 0.8584 0.0811 0.0184 
        D165  2 0.0566 0.0833 0.6309 0.2020 0.0272 
        D166  2 0.2780 0.2841 0.2300 0.0596 0.1483 
        D167  2 0.0416 0.1856 0.3611 0.3696 0.0421 
        D192  2 0.0736 0.1864 0.4013 0.3091 0.0296 
        D193  2 0.2338 0.4680 0.1050 0.0392 0.1540 
        D206  2 0.0605 0.4749 0.1221 0.2519 0.0905 
        D207  2 0.1452 0.3044 0.0764 0.4245 0.0496 
        D208  2 0.1749 0.1026 0.1163 0.1422 0.4640 
        D209  2 0.0351 0.4410 0.3535 0.1377 0.0327 
        D210  2 0.3055 0.0666 0.0607 0.2038 0.3635 
     D229599  2 0.1706 0.3240 0.1582 0.2413 0.1059 
     D229600  2 0.0704 0.0939 0.7120 0.0871 0.0366 
     D237227  2 0.0831 0.0970 0.2862 0.2592 0.2746 
     D237228  2 0.0752 0.1889 0.4446 0.0632 0.2281 
     D237258  2 0.0684 0.2770 0.2050 0.3280 0.1218 
     D237310  2 0.2165 0.0891 0.5406 0.0379 0.1159 
     D237311  2 0.0803 0.1329 0.6485 0.0935 0.0448 
     D237312  2 0.3980 0.1668 0.1505 0.0498 0.2349 
     D237313  2 0.1283 0.2802 0.2564 0.0597 0.2753 
     D237322  2 0.4548 0.1647 0.0714 0.0630 0.2461 
     D237323  2 0.1146 0.0487 0.6061 0.0807 0.1499 
     D237324  2 0.1483 0.3309 0.3558 0.1302 0.0348 
     D237325  2 0.2372 0.1376 0.3075 0.0914 0.2263 
     D237326  2 0.0420 0.1630 0.6279 0.1043 0.0628 
     D237327  2 0.5175 0.1086 0.0750 0.2456 0.0534 
     D237337  2 0.1348 0.0918 0.5746 0.0532 0.1456 
     D237338  2 0.4116 0.1202 0.1792 0.1474 0.1416 
     D237339  2 0.1395 0.2348 0.0977 0.4836 0.0444 
     D237340  2 0.1372 0.1511 0.3787 0.1781 0.1549 
     D237389  2 0.1184 0.1888 0.6000 0.0508 0.0420 
     D237390  2 0.4043 0.1794 0.1261 0.1107 0.1796 
     D244017  2 0.0562 0.2365 0.2026 0.3380 0.1667 
     D244112  2 0.1099 0.1530 0.5791 0.1259 0.0321 
     D244118  2 0.0364 0.0399 0.8487 0.0548 0.0201 
     D244119  2 0.0431 0.0624 0.1168 0.4012 0.3766 
     D244120  2 0.4931 0.2084 0.1689 0.0691 0.0605 
     D244122  2 0.0882 0.2230 0.3951 0.1744 0.1193 
        D291  2 0.1771 0.5038 0.1229 0.1307 0.0655 
        D292  2 0.1004 0.1251 0.1311 0.5351 0.1083 
        D293  2 0.0171 0.0185 0.0156 0.9330 0.0158 
        D322  2 0.0357 0.0567 0.0684 0.8149 0.0242 
        D323  2 0.0711 0.3671 0.1000 0.3260 0.1358 
        D324  2 0.2018 0.2363 0.0938 0.3247 0.1432 
        D325  2 0.0343 0.0331 0.0170 0.9002 0.0154 
        D326  2 0.0381 0.4290 0.0245 0.4406 0.0677 
        D340  2 0.0246 0.0475 0.0398 0.8572 0.0308 
        D341  2 0.4008 0.0668 0.0920 0.3500 0.0903 
        D342  2 0.1343 0.2954 0.4961 0.0349 0.0393 
        D343  2 0.0169 0.0147 0.0142 0.9429 0.0112 
        D344  2 0.0587 0.7729 0.0689 0.0485 0.0510 
        D345  2 0.0397 0.4284 0.4148 0.0567 0.0604 
        D346  2 0.0688 0.1355 0.0547 0.2192 0.5218 
        D351  2 0.0782 0.2787 0.0540 0.5301 0.0589 
        D352  2 0.0611 0.5323 0.0962 0.1730 0.1374 
        D353  2 0.0304 0.8251 0.0254 0.0645 0.0546 
        D354  2 0.0521 0.6457 0.1301 0.0464 0.1258 
        D362  2 0.0406 0.2285 0.1601 0.4294 0.1414 
        D363  2 0.0307 0.2163 0.0986 0.5002 0.1542 
        D364  2 0.0427 0.7065 0.1100 0.0726 0.0681 
        D365  2 0.0148 0.0141 0.0158 0.9411 0.0143 
        D369  2 0.0330 0.0455 0.0234 0.8553 0.0427 
        D374  2 0.0325 0.2671 0.0751 0.0316 0.5936 
        D375  2 0.0419 0.7697 0.0977 0.0485 0.0422 
        D376  2 0.1018 0.3165 0.1489 0.0431 0.3897 
        D377  2 0.2019 0.1581 0.1675 0.0767 0.3958 
        D378  2 0.0609 0.0800 0.0583 0.7536 0.0472 
        D379  2 0.0675 0.7134 0.0514 0.0828 0.0848 
        D384  2 0.0314 0.4569 0.0385 0.2894 0.1838 
        D385  2 0.0382 0.0553 0.0503 0.8062 0.0499 
        D386  2 0.0559 0.2944 0.1702 0.3933 0.0863 
        D391  2 0.0314 0.0310 0.0310 0.8731 0.0334 
        D392  2 0.0266 0.0448 0.1165 0.7774 0.0347 
        D393  2 0.1917 0.1065 0.0637 0.5795 0.0586 
        D394  2 0.1223 0.2277 0.3890 0.1968 0.0643 
        D395  2 0.0573 0.1587 0.0494 0.7014 0.0332 
        D401  2 0.0368 0.1520 0.6785 0.0845 0.0481 
        D402  2 0.1118 0.0899 0.1348 0.6088 0.0548 
        D403  2 0.1001 0.6308 0.1218 0.0583 0.0891 
        D415  2 0.0630 0.5573 0.0428 0.2892 0.0477 
        D435  2 0.0868 0.0922 0.0525 0.7282 0.0402 
        D436  2 0.1464 0.3932 0.0483 0.1538 0.2583 
        D438  2 0.0329 0.0325 0.0509 0.8387 0.0450 
        D439  2 0.0700 0.6104 0.1433 0.1427 0.0337 
        D449  2 0.0995 0.6478 0.0677 0.1538 0.0312 
        D450  2 0.0941 0.1309 0.0647 0.0406 0.6696 
        D456  2 0.0391 0.7719 0.0386 0.0970 0.0533 
        D462  2 0.0204 0.0300 0.0236 0.9073 0.0187 
        D463  2 0.0322 0.7747 0.0250 0.1205 0.0476 
        D464  2 0.0619 0.5738 0.0297 0.2320 0.1027 
        D465  2 0.0306 0.0383 0.0431 0.8525 0.0356 
        D473  2 0.0797 0.0385 0.0977 0.0809 0.7032 
        D474  2 0.1241 0.1098 0.0781 0.5832 0.1047 
        D476  2 0.2003 0.1623 0.3680 0.2398 0.0296 
        D477  2 0.1328 0.2187 0.0711 0.2488 0.3287 
        D478  2 0.0517 0.4772 0.2365 0.0937 0.1410 
        D480  2 0.3091 0.0841 0.0295 0.4624 0.1149 
        D481  2 0.0478 0.2133 0.3066 0.3659 0.0663 
        D482  2 0.2714 0.2571 0.1453 0.0693 0.2570 
        D483  2 0.0439 0.0939 0.2500 0.5700 0.0421 
        D484  2 0.1947 0.2522 0.1633 0.2149 0.1749 
        D510  2 0.0681 0.1762 0.0554 0.0358 0.6646 
        D511  2 0.0636 0.1263 0.0788 0.6707 0.0605 
        D512  2 0.0739 0.1226 0.5343 0.2416 0.0275 
        D513  2 0.0774 0.0711 0.0610 0.6765 0.1141 
        D635  2 0.0327 0.1454 0.1896 0.5926 0.0396 
        D636  2 0.0153 0.0314 0.8932 0.0284 0.0316 
        D637  2 0.3835 0.1562 0.0707 0.2124 0.1772 
        D658  2 0.1969 0.0746 0.2143 0.3960 0.1183 
        D659  2 0.2112 0.3907 0.0554 0.2049 0.1378 
        D677  2 0.3239 0.2918 0.1230 0.1604 0.1009 
        D678  2 0.0419 0.2911 0.5409 0.0887 0.0375 
        D679  2 0.2425 0.2282 0.0686 0.2814 0.1793 
        D719  2 0.0538 0.0492 0.0359 0.6928 0.1683 
        D720  2 0.0375 0.1726 0.1020 0.4630 0.2249 
        D721  2 0.0619 0.0650 0.6281 0.1872 0.0578 
        D722  2 0.0533 0.3055 0.2126 0.0881 0.3406 
        D734  2 0.2313 0.0864 0.0291 0.3554 0.2978 
        D735  2 0.1723 0.1436 0.1464 0.4030 0.1347 
        D736  2 0.1792 0.1855 0.1169 0.2173 0.3012 
        D737  2 0.3077 0.1087 0.3272 0.2029 0.0536 
        D807  2 0.1557 0.0892 0.0736 0.3434 0.3381 
        D808  2 0.2059 0.1479 0.1683 0.4385 0.0394 
        D817  2 0.0364 0.4941 0.1319 0.1436 0.1940 
        D818  2 0.2145 0.1159 0.0412 0.5795 0.0489 
        D819  2 0.0383 0.2835 0.0784 0.5378 0.0619 
        D820  2 0.0633 0.0713 0.0312 0.7667 0.0675 
        D895  2 0.0544 0.5305 0.1724 0.1201 0.1225 
        D896  2 0.0473 0.0507 0.7870 0.0606 0.0545 
        D897  2 0.4378 0.1972 0.2254 0.0749 0.0646 
        D898  2 0.3392 0.3649 0.1457 0.0497 0.1005 
        D918  2 0.3331 0.1640 0.1013 0.1970 0.2046 
        D919  2 0.0636 0.3082 0.0798 0.5101 0.0383 
        D920  2 0.0740 0.0402 0.8201 0.0265 0.0391 
        D923  2 0.0362 0.4751 0.0518 0.3588 0.0781 
        D930  2 0.0687 0.1018 0.0420 0.0537 0.7338 
        D931  2 0.0770 0.0902 0.0488 0.7053 0.0787 
        D968  2 0.0319 0.0763 0.0337 0.8326 0.0255 
        D969  2 0.1256 0.1975 0.0405 0.5888 0.0476 
        D977  2 0.1045 0.0763 0.0328 0.7465 0.0399 
        D978  2 0.6938 0.1509 0.0339 0.0608 0.0606 
        H008  2 0.0425 0.6206 0.0835 0.1098 0.1436 
        H021  2 0.4602 0.0919 0.1374 0.2479 0.0626 
        H023  2 0.0933 0.0715 0.1724 0.0904 0.5724 
        H024  2 0.2018 0.4037 0.1552 0.1912 0.0480 
        H025  2 0.0724 0.6067 0.1024 0.0799 0.1386 
        H026  2 0.0539 0.3088 0.0385 0.5689 0.0298 
        H027  2 0.1879 0.0678 0.0844 0.5716 0.0883 
        H028  2 0.0992 0.4222 0.2889 0.0863 0.1036 
        H029  2 0.0355 0.1073 0.0884 0.7327 0.0361 
        H030  2 0.0753 0.0962 0.2460 0.5483 0.0342 
        H038  2 0.1149 0.0778 0.6704 0.0831 0.0538 
        H039  2 0.0525 0.0431 0.0457 0.0225 0.8362 
        H040  2 0.2546 0.0898 0.4841 0.0857 0.0858 
        H041  2 0.0639 0.1684 0.0487 0.6196 0.0994 
        H042  2 0.0607 0.1308 0.1530 0.0459 0.6096 
        H043  2 0.0376 0.0460 0.8324 0.0316 0.0524 
        H044  2 0.0609 0.2132 0.5726 0.0637 0.0896 
        H047  2 0.0801 0.1023 0.6610 0.0474 0.1092 
        H050  2 0.1079 0.0774 0.0888 0.6639 0.0620 
        H058  2 0.2086 0.2319 0.4033 0.1077 0.0485 
        H062  2 0.0526 0.0716 0.1283 0.0359 0.7116 
        H063  2 0.1027 0.1323 0.2772 0.3922 0.0956 
        H065  2 0.0330 0.7421 0.0393 0.0689 0.1168 
        H066  2 0.1461 0.0621 0.6774 0.0886 0.0258 
        H067  2 0.2784 0.1572 0.1231 0.1277 0.3136 
        H068  2 0.1970 0.0845 0.0950 0.0979 0.5255 
        H069  2 0.0282 0.0662 0.5909 0.2480 0.0667 
        H071  2 0.1302 0.2431 0.0633 0.2724 0.2910 
        H072  2 0.0725 0.1060 0.0601 0.0782 0.6832 
        H073  2 0.2153 0.4310 0.1305 0.1542 0.0690 
        H081  2 0.0840 0.1594 0.0436 0.1157 0.5972 
        H082  2 0.0363 0.1605 0.3741 0.3893 0.0398 
        H083  2 0.0592 0.1223 0.1222 0.6609 0.0354 
        H084  2 0.5169 0.0873 0.1520 0.1280 0.1157 
        H085  2 0.0384 0.0832 0.0331 0.6972 0.1482 
        H087  2 0.1716 0.2302 0.0535 0.1773 0.3675 
        H088  2 0.0993 0.2302 0.1001 0.3346 0.2358 
        H089  2 0.0719 0.1599 0.1894 0.3206 0.2583 
        H090  2 0.0483 0.0351 0.0238 0.8659 0.0270 
        H091  2 0.0346 0.0442 0.0284 0.8493 0.0435 
        H098  2 0.2335 0.4162 0.1303 0.1228 0.0972 
      H10001  2 0.0689 0.0315 0.0553 0.0287 0.8155 
      H10002  2 0.1224 0.1463 0.2056 0.1737 0.3519 
        H101  2 0.0842 0.0626 0.1148 0.6897 0.0487 
        H108  2 0.0447 0.1022 0.0267 0.0225 0.8038 
        H109  2 0.1560 0.1796 0.3241 0.2567 0.0836 
        H110  2 0.0552 0.4119 0.0802 0.2765 0.1763 
        H116  2 0.1175 0.4861 0.1682 0.1606 0.0676 
        H117  2 0.3092 0.0538 0.0358 0.5557 0.0456 
        H118  2 0.0383 0.1666 0.0264 0.7305 0.0382 
        H119  2 0.1520 0.1471 0.0741 0.4532 0.1736 
        H120  2 0.0319 0.0812 0.0371 0.0436 0.8061 
        H121  2 0.0217 0.0284 0.0197 0.8942 0.0360 
        H125  2 0.3834 0.0728 0.0526 0.0399 0.4513 
        H126  2 0.0279 0.3487 0.4104 0.0534 0.1596 
        H128  2 0.0155 0.0194 0.0177 0.9357 0.0117 
        H129  2 0.3406 0.4801 0.0708 0.0760 0.0326 
        H130  2 0.0482 0.0979 0.0929 0.0174 0.7437 
        H133  2 0.1655 0.1078 0.0931 0.0887 0.5449 
        H134  2 0.0220 0.8835 0.0327 0.0399 0.0219 
        H135  2 0.0384 0.1986 0.1164 0.4864 0.1601 
        H137  2 0.5095 0.0908 0.0654 0.2944 0.0399 
        H138  2 0.1432 0.6822 0.0665 0.0612 0.0469 
        H140  2 0.2499 0.0910 0.0482 0.5011 0.1098 
        H146  2 0.0332 0.0340 0.0193 0.8886 0.0248 
        H147  2 0.1157 0.4163 0.0526 0.3572 0.0581 
        H148  2 0.3722 0.0906 0.0770 0.3679 0.0923 
     H166022  2 0.1492 0.3776 0.1934 0.1367 0.1431 
     H167359  2 0.1335 0.3619 0.1927 0.1304 0.1815 
     H167397  2 0.0354 0.5652 0.1716 0.1928 0.0350 
     H167428  2 0.0166 0.1006 0.0294 0.8334 0.0200 
     H167496  2 0.2209 0.1359 0.0731 0.2980 0.2722 
     H167513  2 0.0878 0.0571 0.7943 0.0269 0.0339 
     H167545  2 0.0348 0.0365 0.8541 0.0373 0.0372 
     H167547  2 0.3854 0.3378 0.0803 0.1568 0.0397 
     H169621  2 0.3337 0.1244 0.1791 0.3181 0.0446 
     H169622  2 0.0394 0.3383 0.3888 0.0878 0.1457 
     H169750  2 0.1053 0.1575 0.1702 0.4297 0.1372 
     H171806  2 0.0815 0.0377 0.0334 0.7221 0.1253 
     H171808  2 0.0310 0.0956 0.1712 0.1845 0.5176 
     H171809  2 0.0838 0.2025 0.0776 0.0805 0.5555 
     H171813  2 0.7313 0.0445 0.1220 0.0450 0.0571 
     H171815  2 0.1206 0.1218 0.6264 0.0620 0.0692 
     H171824  2 0.2059 0.0776 0.0358 0.3809 0.2998 
     H171825  2 0.0504 0.1618 0.1741 0.0530 0.5607 
     H171826  2 0.1314 0.1691 0.0739 0.5177 0.1080 
     H171827  2 0.1714 0.2069 0.3691 0.1981 0.0545 
     H171828  2 0.1194 0.0419 0.0333 0.0386 0.7668 
     H171829  2 0.5871 0.1190 0.0906 0.0456 0.1577 
     H171830  2 0.0559 0.4955 0.1358 0.1741 0.1387 
     H171831  2 0.1855 0.4180 0.1904 0.0895 0.1166 
     H171832  2 0.0457 0.2161 0.5555 0.0599 0.1228 
     H171863  2 0.0212 0.1412 0.5080 0.3016 0.0280 
     H171864  2 0.1128 0.1182 0.1747 0.3209 0.2734 
     H171865  2 0.0498 0.2911 0.3060 0.2502 0.1029 
     H171879  2 0.3898 0.1307 0.0651 0.3745 0.0399 
     H171880  2 0.2012 0.1063 0.1222 0.5272 0.0431 
     H171881  2 0.3349 0.2122 0.1631 0.1999 0.0899 
     H171882  2 0.0514 0.0473 0.0523 0.0441 0.8049 
     H171929  2 0.0619 0.2161 0.1140 0.4052 0.2028 
     H171930  2 0.0369 0.0344 0.8472 0.0580 0.0235 
     H171933  2 0.6317 0.1179 0.0554 0.1020 0.0929 
     H171934  2 0.2293 0.1082 0.1015 0.0695 0.4915 
     H171937  2 0.0691 0.5770 0.2339 0.0419 0.0781 
     H171962  2 0.0773 0.2336 0.4504 0.1653 0.0733 
        H190  2 0.3545 0.3848 0.0716 0.1491 0.0400 
        H191  2 0.1616 0.2412 0.3697 0.1197 0.1079 
        H396  2 0.0690 0.1686 0.0645 0.3484 0.3494 
        H397  2 0.1679 0.2190 0.0949 0.1264 0.3917 
        H398  2 0.1030 0.3110 0.0920 0.1915 0.3025 
        H400  2 0.0367 0.1097 0.2806 0.1549 0.4181 
        H401  2 0.6312 0.1640 0.0715 0.1008 0.0325 
        H402  2 0.1570 0.1327 0.4840 0.1943 0.0319 
        H427  2 0.1282 0.3868 0.0784 0.2589 0.1477 
        H428  2 0.0176 0.1061 0.0333 0.8185 0.0244 
        H497  2 0.0442 0.0625 0.7902 0.0488 0.0543 
        H512  2 0.3420 0.2256 0.1011 0.2785 0.0528 
        H513  2 0.0644 0.0427 0.8266 0.0254 0.0410 
        H514  2 0.0486 0.4807 0.2441 0.1853 0.0413 
        H519  2 0.1603 0.0841 0.6617 0.0409 0.0530 
        H532  2 0.0554 0.0676 0.0731 0.7549 0.0490 
        H543  2 0.1144 0.1888 0.2406 0.3951 0.0611 
        H544  2 0.0246 0.1149 0.1957 0.1553 0.5096 
        H545  2 0.0270 0.0278 0.8778 0.0298 0.0376 
        H546  2 0.1267 0.3993 0.2578 0.0717 0.1444 
        H547  2 0.3581 0.3605 0.0908 0.1504 0.0401 
        H548  2 0.0635 0.1389 0.1571 0.1337 0.5068 
        H549  2 0.0185 0.0139 0.9260 0.0238 0.0179 
        H620  2 0.1094 0.0894 0.0857 0.0496 0.6659 
        H623  2 0.0916 0.1975 0.6249 0.0426 0.0434 
        H624  2 0.0237 0.0802 0.7862 0.0383 0.0716 
        H625  2 0.0533 0.1330 0.2398 0.1302 0.4437 
        H626  2 0.1046 0.2438 0.4446 0.0762 0.1308 
        H654  2 0.1123 0.0538 0.6937 0.0283 0.1119 
        H655  2 0.1641 0.1471 0.1924 0.0933 0.4032 
        H656  2 0.0312 0.0573 0.0396 0.0238 0.8483 
        H666  2 0.1992 0.1165 0.0782 0.2648 0.3413 
        H667  2 0.0800 0.1291 0.5763 0.1220 0.0926 
        H677  2 0.1052 0.2221 0.1103 0.3950 0.1673 
        H693  2 0.1314 0.0986 0.0497 0.0540 0.6663 
        H694  2 0.0709 0.2018 0.5553 0.0783 0.0937 
        H701  2 0.1161 0.3224 0.2222 0.2828 0.0565 
        H702  2 0.1887 0.1539 0.1902 0.1224 0.3446 
        H731  2 0.0982 0.1525 0.0664 0.2417 0.4412 
       H7359  2 0.1179 0.3916 0.1792 0.1401 0.1712 
       H7389  2 0.0988 0.0740 0.0998 0.6846 0.0427 
       H7390  2 0.7325 0.0656 0.0571 0.0627 0.0821 
       H7391  2 0.2386 0.1090 0.0537 0.4385 0.1602 
       H7392  2 0.1898 0.1541 0.1089 0.4672 0.0801 
       H7393  2 0.5905 0.0791 0.1749 0.0530 0.1025 
       H7398  2 0.0893 0.2382 0.0429 0.5027 0.1269 
       H7399  2 0.1281 0.1296 0.1849 0.5096 0.0478 
       H7400  2 0.0879 0.0903 0.1267 0.0212 0.6738 
        H745  2 0.0789 0.6550 0.1113 0.1140 0.0407 
        H746  2 0.0579 0.2010 0.4909 0.2032 0.0472 
        H747  2 0.2537 0.0845 0.1476 0.0845 0.4297 
        H748  2 0.0773 0.1467 0.4489 0.2224 0.1047 
       H7484  2 0.1340 0.1041 0.0460 0.0253 0.6906 
       H7485  2 0.0332 0.0654 0.8049 0.0675 0.0291 
        H749  2 0.0234 0.0512 0.8035 0.0430 0.0788 
        H930  2 0.0590 0.0527 0.7753 0.0810 0.0320 
        H931  2 0.0371 0.2313 0.0542 0.4733 0.2041 
        H932  2 0.1063 0.1485 0.0489 0.5803 0.1161 
      H008.1  2 0.0490 0.3756 0.0582 0.2878 0.2295 
 H029.1_2002  2 0.0383 0.6682 0.1527 0.1018 0.0392 
 H029.1_2003  2 0.0474 0.5624 0.0494 0.2797 0.0611 
      H030.1  2 0.5142 0.1849 0.0607 0.1611 0.0792 
      H038.1  2 0.0404 0.2416 0.1845 0.0939 0.4396 
      H041.1  2 0.0186 0.0271 0.0196 0.9182 0.0165 
 H042.1_2002  2 0.0370 0.0291 0.0315 0.8563 0.0461 
 H042.1_2003  2 0.0746 0.3523 0.2970 0.1059 0.1702 
   H042_2002  2 0.0606 0.1368 0.1525 0.0503 0.5999 
   H042_2003  2 0.0646 0.1333 0.1534 0.0485 0.6002 
      H043.1  2 0.0209 0.0230 0.8827 0.0368 0.0367 
      H047.1  2 0.0501 0.2600 0.5709 0.0342 0.0849 
 H071.1_2002  2 0.0587 0.6519 0.1455 0.0581 0.0858 
 H071.1_2003  2 0.0548 0.5369 0.0873 0.0751 0.2458 
 H081.1_2002  2 0.0432 0.7961 0.0420 0.0497 0.0690 
 H081.1_2003  2 0.1312 0.2736 0.2830 0.1690 0.1432 
      H083.1  2 0.0394 0.5855 0.1817 0.1701 0.0234 
      H084.1  2 0.2738 0.2346 0.4011 0.0438 0.0468 
 H085.1_2002  2 0.0293 0.2122 0.1011 0.4652 0.1921 
 H085.1_2003  2 0.0252 0.0589 0.0223 0.8599 0.0337 
      H088.1  2 0.0418 0.0501 0.0280 0.8554 0.0248 
      H091.1  2 0.0228 0.0180 0.0172 0.9278 0.0143 
      H109.1  2 0.1392 0.1144 0.6336 0.0665 0.0463 
      H126.1  2 0.1488 0.1940 0.2661 0.0647 0.3264 
      H130.1  2 0.0429 0.0501 0.0860 0.0528 0.7683 
      H133.1  2 0.0744 0.1082 0.2683 0.3425 0.2066 
      H147.1  2 0.1695 0.4273 0.1353 0.1746 0.0932 
      H148.1  2 0.1311 0.1222 0.2276 0.1182 0.4009 
   H166022.1  2 0.0553 0.1317 0.0472 0.7363 0.0295 
   H167397.1  2 0.0480 0.1998 0.5770 0.1451 0.0300 
   H167496.1  2 0.2208 0.0533 0.0639 0.5485 0.1134 
   H167513.1  2 0.0519 0.0794 0.7511 0.0616 0.0559 
   H167547.1  2 0.3715 0.1291 0.1737 0.1523 0.1734 
   H169750.1  2 0.2129 0.0837 0.0890 0.3910 0.2234 
   H171929.1  2 0.0559 0.1852 0.5253 0.1829 0.0507 
   H171930.1  2 0.0842 0.0493 0.7643 0.0670 0.0352 
   H171933.1  2 0.0423 0.0405 0.0667 0.7275 0.1230 
      H190.1  2 0.5440 0.1364 0.1031 0.0758 0.1407 
      H400.1  2 0.0370 0.0547 0.0591 0.8187 0.0305 
 H428.1_2005  2 0.0379 0.1099 0.0594 0.7435 0.0492 
 H428.1_2006  2 0.0294 0.0729 0.0576 0.8012 0.0390 
      H453.1  2 0.0832 0.1137 0.0817 0.6759 0.0455 
      H512.1  2 0.1550 0.6081 0.1022 0.0826 0.0521 
      H513.1  2 0.1043 0.2328 0.3994 0.2287 0.0348 
      H532.1  2 0.0694 0.2112 0.2869 0.3300 0.1026 
      H543.1  2 0.0328 0.1184 0.3129 0.5017 0.0342 
 H545.1_2005  2 0.0168 0.0187 0.9237 0.0166 0.0242 
 H545.1_2006  2 0.0424 0.1498 0.2574 0.5099 0.0406 
      H547.1  2 0.0853 0.1248 0.0395 0.7077 0.0426 
      H548.1  2 0.0301 0.0466 0.7706 0.0793 0.0734 
     H7389.1  2 0.0488 0.0573 0.0731 0.6879 0.1329 
      H747.1  2 0.1784 0.1511 0.2217 0.0912 0.3575 
     H7484.1  2 0.1118 0.2475 0.0902 0.1371 0.4133 
     H7485.1  2 0.0397 0.1525 0.1696 0.5909 0.0472 
     H7496.1  2 0.4963 0.1120 0.0527 0.2145 0.1245 
        D211  3 0.2182 0.3137 0.2491 0.0571 0.1619 
     D229639  3 0.4455 0.0982 0.0758 0.2008 0.1797 
     D237212  3 0.2998 0.1478 0.0854 0.2728 0.1942 
     D237213  3 0.3165 0.3297 0.1775 0.0944 0.0819 
     D237214  3 0.0457 0.3001 0.4808 0.0741 0.0993 
     D237215  3 0.1417 0.1485 0.3215 0.1844 0.2039 
     D237216  3 0.1305 0.6519 0.1222 0.0395 0.0558 
     D237217  3 0.1286 0.5840 0.2003 0.0519 0.0352 
     D237218  3 0.7821 0.0535 0.0376 0.0719 0.0550 
     D237219  3 0.2573 0.1725 0.2557 0.0429 0.2716 
     D237382  3 0.3660 0.0980 0.1169 0.1187 0.3004 
     D244127  3 0.1822 0.1291 0.5981 0.0547 0.0359 
     D244129  3 0.1191 0.2459 0.2267 0.2468 0.1616 
     D244133  3 0.0568 0.2047 0.1437 0.1629 0.4320 
     D244134  3 0.2943 0.1026 0.1819 0.0747 0.3465 
     D244135  3 0.0693 0.2151 0.5207 0.1153 0.0796 
     D244136  3 0.0557 0.1828 0.0853 0.2725 0.4037 
        D416  3 0.4109 0.2524 0.1346 0.1457 0.0564 
        D417  3 0.3192 0.4420 0.0593 0.1095 0.0700 
        D419  3 0.2012 0.2941 0.1756 0.1841 0.1451 
        D565  3 0.0227 0.0467 0.0342 0.0579 0.8385 
        D566  3 0.2104 0.1438 0.0629 0.2907 0.2922 
        D567  3 0.0497 0.2916 0.1603 0.3606 0.1378 
        D568  3 0.1765 0.3461 0.2388 0.2004 0.0382 
        D569  3 0.1193 0.2895 0.3655 0.1453 0.0804 
        D573  3 0.0780 0.0812 0.0288 0.7853 0.0267 
        D574  3 0.1118 0.3095 0.1757 0.0729 0.3302 
        D575  3 0.0396 0.0900 0.2771 0.0616 0.5317 
        D576  3 0.1186 0.2873 0.3339 0.1439 0.1163 
        D577  3 0.0757 0.3320 0.0993 0.0749 0.4181 
        D578  3 0.0525 0.1751 0.7003 0.0492 0.0229 
        D579  3 0.2859 0.0822 0.0769 0.1806 0.3744 
        D660  3 0.1571 0.2224 0.3532 0.1995 0.0678 
        D661  3 0.8719 0.0364 0.0330 0.0374 0.0213 
        D663  3 0.4241 0.2884 0.0477 0.1819 0.0579 
        D664  3 0.1050 0.1577 0.3576 0.0404 0.3393 
        D665  3 0.1054 0.2030 0.5982 0.0497 0.0437 
        D666  3 0.1466 0.1984 0.1492 0.0683 0.4374 
        H111  3 0.1294 0.4649 0.3014 0.0496 0.0546 
        H951  3 0.0556 0.3436 0.2807 0.2221 0.0980 
        H952  3 0.2042 0.0850 0.0799 0.4997 0.1313 
        H953  3 0.1914 0.0679 0.0671 0.5066 0.1669 
        H954  3 0.1671 0.1273 0.2639 0.1417 0.2999 
        H955  3 0.0275 0.2491 0.5451 0.1334 0.0449 
        H956  3 0.0627 0.0503 0.0345 0.7978 0.0546 
       H9563  3 0.3881 0.1521 0.0576 0.1441 0.2580 
        D009  4 0.2348 0.1944 0.4756 0.0431 0.0521 
        D057  4 0.5382 0.0275 0.2069 0.1909 0.0366 
        D109  4 0.0474 0.2833 0.2590 0.0531 0.3571 
     D237222  4 0.1138 0.0677 0.6654 0.0477 0.1055 
     D237223  4 0.3312 0.1850 0.2545 0.0835 0.1458 
     D237224  4 0.1294 0.1695 0.0958 0.5452 0.0601 
     D237225  4 0.5199 0.2595 0.1159 0.0357 0.0690 
     D237299  4 0.7950 0.1089 0.0303 0.0224 0.0434 
     D237300  4 0.7112 0.0919 0.0441 0.0819 0.0709 
     D237306  4 0.2154 0.2301 0.0883 0.1216 0.3445 
     D237307  4 0.1366 0.1915 0.0575 0.1931 0.4212 
     D237308  4 0.0639 0.0862 0.4430 0.1861 0.2207 
     D237309  4 0.2221 0.4375 0.2329 0.0526 0.0549 
     D237317  4 0.0612 0.3658 0.1164 0.0519 0.4047 
     D237318  4 0.6198 0.0901 0.0269 0.2308 0.0324 
     D237319  4 0.2660 0.3228 0.1880 0.1243 0.0990 
     D237320  4 0.6627 0.1199 0.0662 0.1118 0.0394 
     D237321  4 0.4106 0.2165 0.1071 0.1753 0.0905 
     D237397  4 0.5748 0.1134 0.0904 0.0843 0.1370 
     D237398  4 0.6579 0.1422 0.0246 0.1485 0.0268 
     D237399  4 0.5597 0.0939 0.0698 0.1199 0.1566 
     D244001  4 0.0973 0.1982 0.6187 0.0343 0.0515 
        D289  4 0.1994 0.1832 0.0728 0.3723 0.1722 
        D290  4 0.6165 0.0900 0.0960 0.1114 0.0861 
        D294  4 0.3483 0.3417 0.1029 0.0601 0.1470 
        D295  4 0.3787 0.1430 0.1206 0.1139 0.2438 
        D301  4 0.1542 0.0580 0.6988 0.0287 0.0603 
        D302  4 0.2192 0.2133 0.1139 0.2965 0.1571 
        D303  4 0.0774 0.0591 0.0823 0.0989 0.6823 
        D304  4 0.4516 0.1997 0.0458 0.0767 0.2262 
        D305  4 0.0896 0.6217 0.1716 0.0807 0.0364 
        D306  4 0.1652 0.4407 0.1186 0.0776 0.1979 
        D307  4 0.1067 0.0376 0.6976 0.0307 0.1274 
        D327  4 0.0542 0.3194 0.0337 0.3242 0.2685 
        D328  4 0.1368 0.1102 0.0721 0.0620 0.6188 
        D329  4 0.2299 0.1450 0.4547 0.1185 0.0519 
        D330  4 0.0706 0.5844 0.1747 0.1330 0.0373 
        D331  4 0.2025 0.1703 0.2306 0.1717 0.2250 
        D333  4 0.2926 0.1262 0.2115 0.0741 0.2955 
        D334  4 0.1194 0.0364 0.0557 0.1101 0.6785 
        D335  4 0.0797 0.1448 0.1259 0.5052 0.1444 
        D370  4 0.0776 0.2082 0.4182 0.0811 0.2148 
        D371  4 0.0333 0.2426 0.0319 0.1763 0.5158 
        D372  4 0.7413 0.1327 0.0448 0.0302 0.0511 
        D373  4 0.0516 0.0664 0.7661 0.0707 0.0452 
        D455  4 0.1487 0.0414 0.7018 0.0611 0.0470 
        D490  4 0.1848 0.0489 0.6706 0.0345 0.0612 
        D497  4 0.1984 0.0365 0.6547 0.0414 0.0690 
        D498  4 0.1707 0.1366 0.3100 0.1238 0.2590 
        D499  4 0.3380 0.1970 0.0540 0.3384 0.0725 
        D514  4 0.1474 0.5241 0.0698 0.1508 0.1079 
        D515  4 0.5878 0.1940 0.0691 0.0547 0.0943 
        D516  4 0.1247 0.1661 0.2473 0.2569 0.2050 
        D517  4 0.1180 0.2251 0.5890 0.0410 0.0268 
        D518  4 0.3853 0.0839 0.2338 0.1215 0.1754 
        D519  4 0.8321 0.0499 0.0268 0.0587 0.0326 
        D560  4 0.7654 0.1138 0.0413 0.0452 0.0343 
        D561  4 0.0487 0.5890 0.1082 0.2282 0.0259 
        D562  4 0.1629 0.4017 0.2165 0.1095 0.1094 
        D563  4 0.0727 0.0888 0.0893 0.7249 0.0242 
        D572  4 0.1451 0.2291 0.1487 0.3241 0.1531 
        D629  4 0.0608 0.4141 0.1463 0.1918 0.1869 
        D630  4 0.4678 0.1593 0.0932 0.1201 0.1596 
        D631  4 0.5800 0.0629 0.0755 0.2125 0.0692 
        D632  4 0.0438 0.1447 0.6515 0.1012 0.0588 
        D646  4 0.6653 0.1972 0.0644 0.0450 0.0281 
        D647  4 0.2087 0.2477 0.1879 0.3236 0.0321 
        D648  4 0.0638 0.1447 0.0624 0.0424 0.6867 
        D649  4 0.1012 0.2921 0.2448 0.2189 0.1430 
        D650  4 0.2620 0.0923 0.0798 0.1290 0.4370 
        D708  4 0.1910 0.1928 0.0920 0.0466 0.4777 
        D709  4 0.1209 0.3799 0.1779 0.0451 0.2762 
        D738  4 0.2000 0.1035 0.1298 0.1345 0.4321 
        D739  4 0.3835 0.1948 0.2991 0.0517 0.0709 
        D740  4 0.4796 0.0780 0.2348 0.0433 0.1643 
        D741  4 0.2484 0.2463 0.0235 0.4533 0.0285 
        D742  4 0.1853 0.0900 0.0626 0.5844 0.0777 
        D743  4 0.1025 0.1113 0.0416 0.6507 0.0940 
        D744  4 0.1830 0.1897 0.0805 0.4700 0.0767 
        D745  4 0.7623 0.0839 0.0414 0.0573 0.0551 
        D814  4 0.3395 0.5295 0.0581 0.0355 0.0374 
        D815  4 0.0884 0.2284 0.1573 0.1268 0.3990 
        D828  4 0.2983 0.1292 0.1874 0.0291 0.3560 
        D845  4 0.5905 0.0711 0.0258 0.2526 0.0600 
        D846  4 0.0816 0.4242 0.1707 0.2773 0.0462 
        D847  4 0.3506 0.1339 0.1280 0.2443 0.1432 
