        D174  1 0.1196 0.1095 0.6807 0.0902 
        D199  1 0.5993 0.0683 0.1680 0.1644 
        D203  1 0.3643 0.2679 0.1536 0.2142 
        D204  1 0.7637 0.0640 0.0990 0.0733 
     D237366  1 0.1195 0.5935 0.1546 0.1324 
     D237367  1 0.5508 0.1026 0.2484 0.0982 
     D237368  1 0.2709 0.0793 0.1093 0.5405 
     D244101  1 0.8394 0.0725 0.0452 0.0429 
     D244102  1 0.1483 0.2191 0.2086 0.4240 
     D244103  1 0.2562 0.3140 0.2802 0.1496 
     D244104  1 0.5764 0.0830 0.2349 0.1057 
     D244105  1 0.1316 0.3822 0.0561 0.4301 
     D244106  1 0.1331 0.3549 0.4447 0.0673 
     D244107  1 0.1980 0.0827 0.0428 0.6765 
     D244108  1 0.1780 0.1113 0.3540 0.3568 
     D244113  1 0.0410 0.0488 0.7882 0.1220 
     D244114  1 0.1081 0.6178 0.1560 0.1181 
     D244115  1 0.2056 0.1163 0.5305 0.1476 
     D267365  1 0.3420 0.1016 0.4372 0.1192 
        D404  1 0.0937 0.1361 0.6254 0.1447 
        D405  1 0.1626 0.1353 0.4361 0.2659 
        D406  1 0.0778 0.0764 0.0712 0.7745 
        D407  1 0.7768 0.0558 0.0830 0.0845 
        D408  1 0.1109 0.1822 0.6643 0.0426 
        D409  1 0.2162 0.4945 0.1070 0.1823 
        D410  1 0.0798 0.0599 0.1007 0.7597 
        D421  1 0.8702 0.0326 0.0684 0.0288 
        D422  1 0.0765 0.2129 0.0346 0.6759 
        D423  1 0.2788 0.0589 0.0532 0.6092 
        D424  1 0.7681 0.0506 0.1051 0.0762 
        D425  1 0.3376 0.1096 0.4648 0.0880 
        D426  1 0.2043 0.6474 0.0629 0.0853 
        D427  1 0.8012 0.0493 0.0765 0.0731 
        D428  1 0.2517 0.0753 0.4053 0.2677 
        D429  1 0.2324 0.2544 0.4292 0.0841 
        D430  1 0.2681 0.4080 0.2379 0.0861 
        D491  1 0.0714 0.0572 0.7982 0.0732 
        D492  1 0.3016 0.0811 0.5417 0.0757 
        D537  1 0.5000 0.0727 0.2793 0.1480 
        D538  1 0.1764 0.1299 0.1972 0.4965 
        D539  1 0.0666 0.3379 0.3897 0.2058 
        D540  1 0.2600 0.1595 0.3591 0.2214 
        D541  1 0.8497 0.0397 0.0546 0.0559 
        D551  1 0.1129 0.6707 0.0824 0.1339 
        D552  1 0.2284 0.1071 0.1714 0.4930 
        D553  1 0.7928 0.0472 0.1149 0.0452 
        D615  1 0.2186 0.1672 0.3039 0.3104 
        D616  1 0.5658 0.1164 0.1170 0.2008 
        D621  1 0.0481 0.0625 0.2466 0.6427 
        D622  1 0.1344 0.2274 0.1463 0.4918 
        D623  1 0.3871 0.0760 0.3642 0.1727 
        D624  1 0.0751 0.0674 0.8044 0.0531 
        D625  1 0.2908 0.0901 0.5046 0.1145 
        D626  1 0.0919 0.1390 0.6709 0.0981 
        D627  1 0.3957 0.4803 0.0696 0.0543 
        D690  1 0.2940 0.0542 0.5514 0.1005 
        D691  1 0.2138 0.4727 0.0870 0.2265 
        D710  1 0.4937 0.0647 0.2254 0.2162 
        D711  1 0.4349 0.1246 0.2686 0.1720 
        D712  1 0.0809 0.1126 0.6293 0.1772 
        D713  1 0.1027 0.0770 0.7168 0.1036 
        D746  1 0.1215 0.1222 0.0999 0.6563 
        D747  1 0.8232 0.0516 0.0805 0.0447 
        D748  1 0.3202 0.3853 0.1880 0.1066 
        D749  1 0.0820 0.1433 0.1445 0.6302 
        D750  1 0.1169 0.0572 0.7586 0.0673 
        D763  1 0.4068 0.2411 0.1457 0.2064 
        D764  1 0.4795 0.0563 0.3234 0.1407 
        D765  1 0.0450 0.1749 0.1542 0.6260 
        D766  1 0.1622 0.0875 0.2006 0.5496 
        D767  1 0.2328 0.2049 0.2101 0.3522 
        D768  1 0.8382 0.0565 0.0523 0.0529 
        D811  1 0.0716 0.0699 0.7575 0.1010 
        D816  1 0.5639 0.0550 0.3032 0.0780 
        D825  1 0.0974 0.0981 0.6087 0.1958 
        D866  1 0.2565 0.3530 0.2336 0.1569 
        D867  1 0.0753 0.0589 0.0852 0.7806 
        D871  1 0.1596 0.5975 0.1844 0.0585 
        D872  1 0.2260 0.0643 0.1651 0.5446 
        D873  1 0.0239 0.0278 0.0282 0.9201 
        D874  1 0.3067 0.1137 0.5293 0.0503 
        D875  1 0.1389 0.6679 0.0738 0.1193 
        D876  1 0.3405 0.0942 0.3090 0.2563 
        D877  1 0.0602 0.0568 0.7871 0.0959 
        D892  1 0.3000 0.2686 0.3410 0.0904 
        D893  1 0.5228 0.2129 0.1239 0.1404 
        D894  1 0.4560 0.2913 0.1693 0.0833 
        D915  1 0.4082 0.1765 0.2397 0.1757 
        D916  1 0.7940 0.0490 0.0917 0.0653 
        D917  1 0.2664 0.0657 0.5343 0.1336 
        D925  1 0.0854 0.0391 0.1417 0.7338 
        D926  1 0.3084 0.1390 0.4443 0.1083 
        D927  1 0.7043 0.1078 0.0995 0.0884 
        D928  1 0.0813 0.0299 0.8079 0.0809 
        D929  1 0.0861 0.2093 0.5686 0.1360 
        D936  1 0.5029 0.1627 0.2352 0.0992 
        D938  1 0.0745 0.0787 0.0863 0.7605 
        D956  1 0.0969 0.2262 0.5434 0.1336 
        D957  1 0.1853 0.0849 0.0863 0.6434 
        D958  1 0.1963 0.0526 0.3758 0.3753 
        D959  1 0.7902 0.0683 0.0564 0.0851 
        D960  1 0.0573 0.0852 0.0541 0.8035 
        D989  1 0.4661 0.1344 0.3193 0.0802 
        D990  1 0.0655 0.0826 0.0538 0.7982 
        H102  1 0.1482 0.1035 0.5989 0.1495 
        H103  1 0.3370 0.1767 0.0870 0.3993 
        H104  1 0.2725 0.4231 0.2329 0.0715 
        H105  1 0.2476 0.0752 0.5253 0.1519 
        H106  1 0.0892 0.3465 0.1427 0.4216 
        H112  1 0.1557 0.2807 0.3972 0.1665 
        H113  1 0.4842 0.2343 0.1308 0.1507 
        H114  1 0.6734 0.1412 0.0645 0.1209 
        H115  1 0.3399 0.3385 0.2252 0.0965 
        H143  1 0.4576 0.0655 0.2454 0.2315 
        H144  1 0.7399 0.0693 0.0892 0.1017 
        H145  1 0.0543 0.1051 0.7054 0.1351 
        H149  1 0.3294 0.4556 0.1244 0.0906 
        H150  1 0.0940 0.3472 0.3395 0.2193 
     H167542  1 0.4203 0.0927 0.3616 0.1254 
     H169604  1 0.2564 0.1899 0.4963 0.0574 
     H169607  1 0.0830 0.0946 0.7282 0.0943 
     H169608  1 0.0934 0.1060 0.6814 0.1193 
     H169633  1 0.5569 0.1281 0.1756 0.1395 
     H169688  1 0.1526 0.0668 0.0786 0.7020 
     H169714  1 0.0761 0.7987 0.0650 0.0602 
     H171802  1 0.4223 0.2791 0.0964 0.2021 
     H171805  1 0.0856 0.3217 0.1019 0.4908 
     H171807  1 0.0905 0.2719 0.4331 0.2045 
     H171814  1 0.6681 0.0942 0.0525 0.1852 
     H171816  1 0.1426 0.1948 0.2065 0.4561 
     H171817  1 0.0902 0.1646 0.6136 0.1316 
     H171818  1 0.2437 0.3141 0.0922 0.3500 
     H171819  1 0.3227 0.2436 0.2037 0.2300 
     H171834  1 0.2014 0.5435 0.0632 0.1919 
     H171835  1 0.2163 0.4824 0.1675 0.1338 
     H171836  1 0.2702 0.0805 0.0840 0.5653 
     H171837  1 0.3723 0.1662 0.3765 0.0849 
     H171838  1 0.0497 0.4864 0.0540 0.4099 
     H171839  1 0.4351 0.2557 0.2480 0.0612 
     H171841  1 0.0379 0.0714 0.5872 0.3036 
     H171860  1 0.2175 0.1076 0.6110 0.0639 
     H171861  1 0.3117 0.1038 0.1185 0.4660 
     H171862  1 0.2456 0.4774 0.1363 0.1407 
     H171868  1 0.5576 0.1663 0.1844 0.0917 
     H171869  1 0.2416 0.1574 0.0605 0.5405 
     H171870  1 0.1115 0.2729 0.1114 0.5043 
     H171871  1 0.1989 0.3685 0.0870 0.3456 
     H171872  1 0.1506 0.2454 0.5425 0.0615 
     H171873  1 0.1334 0.3879 0.0660 0.4127 
     H171874  1 0.3286 0.2150 0.1949 0.2615 
     H171875  1 0.6592 0.0938 0.0859 0.1611 
     H171876  1 0.6287 0.0799 0.1885 0.1029 
     H171877  1 0.4034 0.0929 0.4013 0.1024 
     H171878  1 0.1212 0.1162 0.0481 0.7145 
     H171901  1 0.0868 0.0824 0.6043 0.2265 
     H171902  1 0.0527 0.1034 0.7527 0.0912 
     H171903  1 0.4954 0.2728 0.1454 0.0864 
     H171935  1 0.0452 0.4434 0.1355 0.3759 
     H171936  1 0.6518 0.0923 0.0675 0.1883 
     H171940  1 0.1234 0.1439 0.5816 0.1510 
     H171945  1 0.1273 0.1129 0.1870 0.5728 
     H171948  1 0.1216 0.4799 0.1899 0.2086 
     H171949  1 0.0849 0.4414 0.3767 0.0970 
     H171950  1 0.1158 0.3608 0.3959 0.1276 
     H171963  1 0.0707 0.0804 0.0535 0.7954 
     H171964  1 0.0901 0.5557 0.0882 0.2660 
     H171966  1 0.1042 0.3319 0.1369 0.4270 
     H171968  1 0.0756 0.0654 0.7394 0.1196 
     H171971  1 0.0561 0.6341 0.0524 0.2574 
     H171972  1 0.3959 0.0912 0.1317 0.3812 
     H171977  1 0.2385 0.1408 0.1238 0.4970 
     H171978  1 0.0676 0.3990 0.2718 0.2616 
     H171979  1 0.1577 0.3792 0.1727 0.2903 
        H176  1 0.3223 0.1126 0.4982 0.0669 
        H177  1 0.0735 0.2266 0.4079 0.2920 
        H179  1 0.5466 0.1051 0.2843 0.0639 
        H181  1 0.1263 0.2075 0.0887 0.5775 
        H182  1 0.1206 0.1868 0.1420 0.5506 
        H183  1 0.1685 0.0541 0.0579 0.7195 
        H184  1 0.0928 0.2447 0.4648 0.1976 
        H185  1 0.1647 0.1409 0.1034 0.5910 
        H186  1 0.5564 0.1123 0.1179 0.2134 
        H187  1 0.1315 0.0410 0.0571 0.7704 
        H188  1 0.4284 0.1565 0.3357 0.0793 
        H192  1 0.0640 0.4938 0.1392 0.3030 
        H193  1 0.1499 0.2463 0.3025 0.3013 
        H194  1 0.1830 0.5602 0.1754 0.0814 
        H195  1 0.1032 0.0887 0.0616 0.7466 
        H199  1 0.0888 0.0907 0.3812 0.4394 
        H200  1 0.4652 0.0978 0.3175 0.1195 
        H414  1 0.2652 0.3612 0.1669 0.2067 
        H415  1 0.5162 0.1689 0.1756 0.1393 
        H422  1 0.1562 0.1086 0.4121 0.3231 
        H423  1 0.0768 0.1559 0.6271 0.1402 
        H424  1 0.2509 0.1083 0.0704 0.5705 
        H425  1 0.1163 0.1006 0.0833 0.6998 
        H426  1 0.0725 0.5666 0.0830 0.2779 
        H443  1 0.5836 0.0917 0.1776 0.1472 
        H466  1 0.3483 0.4031 0.1101 0.1385 
        H467  1 0.0483 0.8174 0.0552 0.0790 
        H472  1 0.0951 0.0780 0.7496 0.0772 
        H483  1 0.2947 0.1497 0.1805 0.3751 
        H504  1 0.1200 0.0944 0.1542 0.6313 
        H505  1 0.3096 0.1997 0.2701 0.2205 
        H506  1 0.1627 0.1688 0.3640 0.3044 
        H507  1 0.2365 0.1210 0.1548 0.4877 
        H508  1 0.1510 0.5496 0.0986 0.2008 
        H524  1 0.4203 0.1058 0.1278 0.3461 
        H525  1 0.2104 0.1671 0.3837 0.2388 
        H526  1 0.3471 0.0940 0.4766 0.0823 
        H527  1 0.1108 0.1394 0.4255 0.3244 
        H528  1 0.4623 0.2128 0.2329 0.0920 
        H529  1 0.3046 0.1581 0.1552 0.3821 
        H533  1 0.1293 0.2503 0.1724 0.4480 
        H538  1 0.1724 0.1068 0.6441 0.0767 
        H539  1 0.0647 0.0390 0.0396 0.8567 
        H540  1 0.1317 0.2545 0.2161 0.3977 
        H541  1 0.4098 0.1620 0.3299 0.0983 
        H558  1 0.0517 0.0617 0.0452 0.8415 
        H559  1 0.3239 0.0623 0.4877 0.1260 
        H579  1 0.0709 0.0698 0.1531 0.7062 
        H584  1 0.1556 0.5229 0.2099 0.1116 
        H585  1 0.2540 0.4651 0.0964 0.1845 
        H605  1 0.2568 0.1812 0.2844 0.2776 
        H606  1 0.1443 0.0542 0.7269 0.0746 
        H632  1 0.1743 0.3593 0.2526 0.2139 
        H634  1 0.2444 0.1556 0.2515 0.3485 
        H671  1 0.1012 0.1248 0.7181 0.0559 
        H672  1 0.8235 0.0509 0.0765 0.0491 
        H673  1 0.4036 0.1006 0.2358 0.2600 
        H689  1 0.4093 0.2981 0.1695 0.1230 
        H690  1 0.2057 0.3475 0.2571 0.1896 
        H691  1 0.6426 0.1252 0.1360 0.0962 
        H692  1 0.4994 0.1091 0.0937 0.2978 
        H709  1 0.5416 0.2069 0.1489 0.1026 
        H710  1 0.4340 0.2579 0.0772 0.2308 
       H7355  1 0.1218 0.1619 0.5937 0.1227 
       H7356  1 0.1116 0.4566 0.1076 0.3242 
       H7357  1 0.1343 0.1349 0.5701 0.1607 
       H7358  1 0.3537 0.0429 0.4225 0.1809 
       H7380  1 0.2224 0.3433 0.3105 0.1237 
       H7381  1 0.1194 0.2562 0.4291 0.1954 
       H7382  1 0.2582 0.1983 0.2533 0.2903 
        H904  1 0.2076 0.1366 0.5822 0.0737 
        H923  1 0.2587 0.2677 0.2615 0.2120 
        H924  1 0.2774 0.0981 0.4345 0.1899 
        H925  1 0.5536 0.0555 0.2168 0.1741 
       H9558  1 0.0416 0.0428 0.0386 0.8771 
      H105.1  1 0.1450 0.5609 0.0661 0.2279 
      H115.1  1 0.6682 0.0968 0.0896 0.1454 
      H145.1  1 0.0876 0.0608 0.7774 0.0742 
      H149.1  1 0.7945 0.0526 0.0850 0.0679 
      H150.1  1 0.0644 0.1449 0.1627 0.6280 
   H169607.1  1 0.1276 0.0909 0.5570 0.2245 
   H169633.1  1 0.5997 0.0698 0.1724 0.1582 
   H169688.1  1 0.6936 0.0470 0.1270 0.1324 
   H171901.1  1 0.2907 0.2393 0.1375 0.3324 
   H171902.1  1 0.0632 0.0632 0.7107 0.1629 
   H171903.1  1 0.1195 0.2951 0.4614 0.1240 
      H177.1  1 0.6135 0.0658 0.2327 0.0880 
      H179.1  1 0.3882 0.0993 0.3643 0.1482 
      H180.1  1 0.1094 0.4424 0.2045 0.2436 
      H181.1  1 0.1839 0.3698 0.1643 0.2820 
 H194.1_2004  1 0.3156 0.2398 0.1454 0.2991 
 H195.1_2003  1 0.2808 0.2089 0.1674 0.3429 
 H195.1_2004  1 0.2635 0.1098 0.5497 0.0769 
      H415.1  1 0.5794 0.1015 0.1228 0.1963 
      H506.1  1 0.5185 0.0801 0.2278 0.1737 
      H533.1  1 0.2139 0.0959 0.2594 0.4308 
      H535.1  1 0.2422 0.3238 0.2624 0.1716 
      H539.1  1 0.0988 0.0829 0.1459 0.6724 
      H540.1  1 0.0477 0.0739 0.0871 0.7912 
     H9558.1  1 0.0842 0.0570 0.0790 0.7798 
    kos339.1  1 0.4560 0.1597 0.2898 0.0944 
        D023  2 0.2439 0.0400 0.0513 0.6648 
        D130  2 0.0766 0.1072 0.0788 0.7374 
        D131  2 0.6892 0.1719 0.0810 0.0579 
        D163  2 0.1006 0.2045 0.0782 0.6166 
        D164  2 0.0602 0.0275 0.0290 0.8833 
        D165  2 0.2412 0.0677 0.0450 0.6461 
        D166  2 0.0793 0.3486 0.1601 0.4120 
        D167  2 0.2398 0.0697 0.0587 0.6318 
        D192  2 0.1665 0.0754 0.0486 0.7095 
        D193  2 0.0735 0.4386 0.2321 0.2559 
        D206  2 0.5043 0.1190 0.1236 0.2531 
        D207  2 0.4830 0.2493 0.0947 0.1729 
        D208  2 0.1374 0.2412 0.5127 0.1087 
        D209  2 0.1624 0.0562 0.0485 0.7329 
        D210  2 0.1687 0.2705 0.4830 0.0778 
     D229599  2 0.3645 0.2208 0.1524 0.2623 
     D229600  2 0.1021 0.1086 0.0741 0.7152 
     D237227  2 0.2224 0.1158 0.3945 0.2672 
     D237228  2 0.0774 0.0971 0.2954 0.5301 
     D237258  2 0.3344 0.1611 0.2236 0.2809 
     D237310  2 0.0502 0.2647 0.1462 0.5389 
     D237311  2 0.1076 0.1170 0.0691 0.7062 
     D237312  2 0.0775 0.4651 0.2402 0.2173 
     D237313  2 0.1506 0.1762 0.3928 0.2804 
     D237322  2 0.0912 0.5148 0.2854 0.1086 
     D237323  2 0.0845 0.1988 0.1932 0.5235 
     D237324  2 0.1811 0.2758 0.0528 0.4904 
     D237325  2 0.1177 0.2770 0.2481 0.3572 
     D237326  2 0.1493 0.0546 0.0951 0.7010 
     D237327  2 0.1681 0.6628 0.0778 0.0913 
     D237337  2 0.0809 0.1705 0.2497 0.4988 
     D237338  2 0.1448 0.4273 0.1707 0.2571 
     D237339  2 0.6277 0.1471 0.0657 0.1595 
     D237340  2 0.1433 0.2232 0.1798 0.4537 
     D237389  2 0.0620 0.1505 0.0647 0.7228 
     D237390  2 0.1375 0.4863 0.2051 0.1711 
     D244017  2 0.2783 0.1010 0.2583 0.3624 
     D244112  2 0.1008 0.1523 0.0473 0.6996 
     D244118  2 0.0481 0.0526 0.0301 0.8693 
     D244119  2 0.2929 0.0812 0.4508 0.1751 
     D244120  2 0.0666 0.5753 0.0835 0.2746 
     D244122  2 0.1528 0.1413 0.1491 0.5567 
        D291  2 0.2261 0.4239 0.1232 0.2268 
        D292  2 0.4434 0.1669 0.1983 0.1914 
        D293  2 0.9217 0.0291 0.0273 0.0219 
        D322  2 0.7988 0.0619 0.0400 0.0993 
        D323  2 0.5130 0.1011 0.2189 0.1670 
        D324  2 0.4281 0.2786 0.1416 0.1517 
        D325  2 0.8857 0.0564 0.0258 0.0321 
        D326  2 0.8333 0.0546 0.0770 0.0351 
        D340  2 0.7901 0.0458 0.0441 0.1199 
        D341  2 0.2970 0.4637 0.1018 0.1374 
        D342  2 0.0586 0.1440 0.0604 0.7371 
        D343  2 0.9175 0.0306 0.0207 0.0312 
        D344  2 0.2792 0.1623 0.1264 0.4320 
        D345  2 0.1733 0.0762 0.1124 0.6381 
        D346  2 0.2284 0.1143 0.5885 0.0688 
        D351  2 0.7284 0.1224 0.0777 0.0716 
        D352  2 0.3432 0.1267 0.2235 0.3066 
        D353  2 0.7123 0.1046 0.1034 0.0797 
        D354  2 0.1637 0.0816 0.2790 0.4757 
        D362  2 0.5467 0.0526 0.2223 0.1784 
        D363  2 0.5734 0.0502 0.2237 0.1527 
        D364  2 0.3167 0.0924 0.1277 0.4632 
        D365  2 0.9207 0.0251 0.0270 0.0272 
        D369  2 0.7705 0.0718 0.1044 0.0534 
        D374  2 0.0524 0.0610 0.6708 0.2158 
        D375  2 0.2269 0.1142 0.1051 0.5538 
        D376  2 0.0637 0.1497 0.4696 0.3170 
        D377  2 0.1139 0.2626 0.3994 0.2242 
        D378  2 0.8065 0.0791 0.0489 0.0655 
        D379  2 0.6084 0.1298 0.1619 0.0999 
        D384  2 0.7519 0.0495 0.1564 0.0422 
        D385  2 0.7563 0.0482 0.0693 0.1261 
        D386  2 0.5854 0.0917 0.1090 0.2138 
        D391  2 0.8379 0.0534 0.0483 0.0604 
        D392  2 0.6113 0.0513 0.0569 0.2805 
        D393  2 0.6587 0.1802 0.0883 0.0727 
        D394  2 0.2080 0.1901 0.0908 0.5111 
        D395  2 0.7298 0.0892 0.0599 0.1211 
        D401  2 0.1045 0.0598 0.0760 0.7597 
        D402  2 0.4620 0.2121 0.0749 0.2510 
        D403  2 0.1888 0.2618 0.1799 0.3695 
        D415  2 0.8100 0.0834 0.0498 0.0568 
        D435  2 0.7607 0.0981 0.0607 0.0805 
        D436  2 0.3287 0.2331 0.3202 0.1180 
        D438  2 0.7647 0.0562 0.0584 0.1207 
        D439  2 0.4043 0.1288 0.0580 0.4090 
        D449  2 0.4957 0.1837 0.0568 0.2638 
        D450  2 0.0813 0.1482 0.6514 0.1191 
        D456  2 0.7920 0.0568 0.0935 0.0578 
        D462  2 0.8693 0.0422 0.0302 0.0583 
        D463  2 0.7801 0.0527 0.1106 0.0566 
        D464  2 0.6372 0.1096 0.1799 0.0733 
        D465  2 0.8340 0.0538 0.0529 0.0594 
        D473  2 0.0752 0.1006 0.7350 0.0892 
        D474  2 0.5651 0.1509 0.1771 0.1069 
        D476  2 0.2655 0.2267 0.0406 0.4673 
        D477  2 0.3634 0.1739 0.3438 0.1189 
        D478  2 0.2088 0.1156 0.2016 0.4740 
        D480  2 0.5123 0.2586 0.1751 0.0540 
        D481  2 0.4043 0.0910 0.1187 0.3860 
        D482  2 0.0950 0.3583 0.3132 0.2336 
        D483  2 0.4305 0.0725 0.0596 0.4374 
        D484  2 0.2441 0.2400 0.2135 0.3024 
        D510  2 0.0622 0.1316 0.7065 0.0998 
        D511  2 0.6753 0.1201 0.0758 0.1288 
        D512  2 0.2124 0.1414 0.0491 0.5970 
        D513  2 0.6430 0.0960 0.1711 0.0899 
        D635  2 0.6354 0.0534 0.0690 0.2422 
        D636  2 0.0492 0.0311 0.0503 0.8695 
        D637  2 0.2732 0.3319 0.2775 0.1174 
        D658  2 0.2910 0.2266 0.1666 0.3158 
        D659  2 0.4863 0.2206 0.1954 0.0977 
        D677  2 0.3023 0.3714 0.1546 0.1717 
        D678  2 0.0810 0.0648 0.0587 0.7955 
        D679  2 0.4253 0.2802 0.2200 0.0745 
        D719  2 0.6262 0.0611 0.2600 0.0526 
        D720  2 0.5543 0.0572 0.2831 0.1054 
        D721  2 0.3130 0.0833 0.0908 0.5129 
        D722  2 0.1000 0.0800 0.4144 0.4056 
        D734  2 0.3609 0.2145 0.3754 0.0492 
        D735  2 0.4229 0.2275 0.1873 0.1623 
        D736  2 0.2186 0.2373 0.3825 0.1616 
        D737  2 0.1500 0.3333 0.0778 0.4389 
        D807  2 0.2935 0.1885 0.4203 0.0978 
        D808  2 0.4033 0.3312 0.0621 0.2035 
        D817  2 0.3955 0.0730 0.3034 0.2281 
        D818  2 0.5366 0.3373 0.0657 0.0604 
        D819  2 0.6951 0.0673 0.1065 0.1311 
        D820  2 0.7808 0.0922 0.0842 0.0428 
        D895  2 0.3767 0.1163 0.2237 0.2833 
        D896  2 0.0633 0.0768 0.0888 0.7711 
        D897  2 0.1095 0.4687 0.0894 0.3325 
        D898  2 0.0938 0.4532 0.1542 0.2988 
        D918  2 0.2206 0.3721 0.2923 0.1150 
        D919  2 0.6143 0.1318 0.0697 0.1841 
        D920  2 0.0439 0.0978 0.0537 0.8047 
        D923  2 0.7156 0.0643 0.1218 0.0983 
        D930  2 0.1107 0.1085 0.7009 0.0800 
        D931  2 0.6750 0.1169 0.1336 0.0745 
        D968  2 0.7757 0.0593 0.0418 0.1232 
        D969  2 0.6235 0.2348 0.0693 0.0724 
        D977  2 0.7215 0.1497 0.0690 0.0599 
        D978  2 0.1037 0.7465 0.0989 0.0509 
        H008  2 0.4067 0.0811 0.3122 0.2000 
        H021  2 0.2191 0.5675 0.0899 0.1234 
        H023  2 0.1128 0.1148 0.6220 0.1504 
        H024  2 0.2658 0.3082 0.0700 0.3560 
        H025  2 0.2621 0.2200 0.2331 0.2848 
        H026  2 0.8550 0.0558 0.0400 0.0492 
        H027  2 0.5900 0.1820 0.1268 0.1013 
        H028  2 0.1629 0.1765 0.1408 0.5198 
        H029  2 0.7654 0.0498 0.0520 0.1327 
        H030  2 0.3269 0.1110 0.0517 0.5104 
        H038  2 0.1107 0.1591 0.1096 0.6207 
        H039  2 0.0419 0.0736 0.8181 0.0664 
        H040  2 0.1519 0.2716 0.1146 0.4620 
        H041  2 0.6533 0.1036 0.1452 0.0979 
        H042  2 0.0855 0.0894 0.6000 0.2251 
        H043  2 0.0515 0.0488 0.0940 0.8057 
        H044  2 0.0826 0.1262 0.1329 0.6583 
        H047  2 0.0893 0.1077 0.1535 0.6496 
        H050  2 0.6411 0.1333 0.0840 0.1416 
        H058  2 0.1160 0.3334 0.0784 0.4722 
        H062  2 0.0685 0.0822 0.7005 0.1488 
        H063  2 0.3423 0.1371 0.1684 0.3521 
        H065  2 0.6400 0.0634 0.2200 0.0765 
        H066  2 0.1057 0.1778 0.0412 0.6754 
        H067  2 0.1362 0.3345 0.3977 0.1316 
        H068  2 0.0775 0.2350 0.5766 0.1109 
        H069  2 0.2566 0.0449 0.0989 0.5996 
        H071  2 0.4027 0.1645 0.3489 0.0839 
        H072  2 0.0901 0.0745 0.7381 0.0974 
        H073  2 0.2874 0.4012 0.1090 0.2024 
        H081  2 0.1724 0.0886 0.6726 0.0664 
        H082  2 0.2985 0.0560 0.0596 0.5860 
        H083  2 0.5616 0.0916 0.0610 0.2857 
        H084  2 0.1422 0.5165 0.1526 0.1886 
        H085  2 0.6691 0.0461 0.2297 0.0550 
        H087  2 0.2425 0.2281 0.4378 0.0916 
        H088  2 0.4270 0.1308 0.2907 0.1515 
        H089  2 0.3587 0.1176 0.3680 0.1557 
        H090  2 0.8416 0.0690 0.0417 0.0477 
        H091  2 0.8247 0.0603 0.0706 0.0444 
        H098  2 0.2049 0.3615 0.1470 0.2866 
      H10001  2 0.0476 0.0875 0.7989 0.0659 
      H10002  2 0.2513 0.1246 0.4302 0.1939 
        H101  2 0.5960 0.1305 0.0779 0.1956 
        H108  2 0.0527 0.0650 0.8377 0.0446 
        H109  2 0.2600 0.2113 0.0968 0.4320 
        H110  2 0.5238 0.1015 0.2168 0.1579 
        H116  2 0.2929 0.1877 0.1029 0.4166 
        H117  2 0.6079 0.2768 0.0613 0.0541 
        H118  2 0.8704 0.0427 0.0496 0.0373 
        H119  2 0.4665 0.2275 0.2132 0.0928 
        H120  2 0.0540 0.0516 0.8399 0.0545 
        H121  2 0.8819 0.0362 0.0505 0.0313 
        H125  2 0.0561 0.3304 0.5573 0.0562 
        H126  2 0.1051 0.0558 0.1903 0.6488 
        H128  2 0.9190 0.0276 0.0206 0.0328 
        H129  2 0.1280 0.6802 0.0632 0.1285 
        H130  2 0.0272 0.0758 0.7712 0.1259 
        H133  2 0.0948 0.1796 0.5923 0.1333 
        H134  2 0.6860 0.0876 0.0475 0.1789 
        H135  2 0.5657 0.0749 0.2063 0.1531 
        H137  2 0.2660 0.5463 0.0620 0.1257 
        H138  2 0.2567 0.4179 0.1271 0.1983 
        H140  2 0.4921 0.2651 0.1579 0.0848 
        H146  2 0.8853 0.0436 0.0378 0.0333 
        H147  2 0.5679 0.2236 0.0923 0.1161 
        H148  2 0.3516 0.4198 0.1226 0.1060 
     H166022  2 0.1778 0.2473 0.2207 0.3542 
     H167359  2 0.2129 0.1807 0.2458 0.3606 
     H167397  2 0.3578 0.0810 0.0601 0.5011 
     H167428  2 0.8792 0.0304 0.0430 0.0474 
     H167496  2 0.3230 0.2290 0.3497 0.0983 
     H167513  2 0.0371 0.0822 0.0519 0.8287 
     H167545  2 0.0565 0.0706 0.0687 0.8042 
     H167547  2 0.1406 0.6224 0.0553 0.1817 
     H169621  2 0.2060 0.4993 0.0584 0.2363 
     H169622  2 0.1716 0.0632 0.3542 0.4111 
     H169750  2 0.2638 0.1506 0.1979 0.3877 
     H171806  2 0.6400 0.1453 0.1692 0.0455 
     H171808  2 0.2922 0.0464 0.4839 0.1775 
     H171809  2 0.1583 0.1234 0.5908 0.1275 
     H171813  2 0.0602 0.6988 0.0794 0.1615 
     H171815  2 0.1080 0.1344 0.1004 0.6572 
     H171824  2 0.3516 0.2001 0.3952 0.0531 
     H171825  2 0.0781 0.0801 0.6855 0.1563 
     H171826  2 0.5666 0.1713 0.1445 0.1175 
     H171827  2 0.3636 0.2804 0.0762 0.2797 
     H171828  2 0.0552 0.1625 0.7361 0.0462 
     H171829  2 0.0550 0.6213 0.1772 0.1466 
     H171830  2 0.2622 0.0922 0.2329 0.4128 
     H171831  2 0.1439 0.3679 0.1454 0.3428 
     H171832  2 0.0888 0.0679 0.1792 0.6641 
     H171863  2 0.2179 0.0382 0.0415 0.7024 
     H171864  2 0.3969 0.1489 0.2658 0.1884 
     H171865  2 0.2821 0.0688 0.1517 0.4974 
     H171879  2 0.3947 0.4330 0.0711 0.1012 
     H171880  2 0.4621 0.2727 0.0606 0.2047 
     H171881  2 0.2221 0.4675 0.1167 0.1936 
     H171882  2 0.0699 0.0729 0.7696 0.0876 
     H171929  2 0.4654 0.1009 0.2532 0.1805 
     H171930  2 0.0728 0.0570 0.0402 0.8300 
     H171933  2 0.1134 0.6706 0.1294 0.0867 
     H171934  2 0.1257 0.2063 0.5399 0.1281 
     H171937  2 0.1242 0.1219 0.1749 0.5790 
     H171962  2 0.2462 0.1121 0.1203 0.5214 
        H190  2 0.2431 0.5175 0.0772 0.1622 
        H191  2 0.1700 0.2450 0.1610 0.4241 
        H396  2 0.4305 0.0920 0.4003 0.0772 
        H397  2 0.1886 0.2367 0.4332 0.1415 
        H398  2 0.4450 0.1285 0.3098 0.1167 
        H400  2 0.1691 0.0577 0.5195 0.2538 
        H401  2 0.0763 0.7464 0.0493 0.1281 
        H402  2 0.2522 0.1714 0.0492 0.5272 
        H427  2 0.4042 0.2174 0.2209 0.1575 
        H428  2 0.8918 0.0273 0.0404 0.0405 
        H497  2 0.0757 0.0600 0.0900 0.7743 
        H512  2 0.3447 0.4489 0.0741 0.1323 
        H513  2 0.0346 0.0944 0.0554 0.8156 
        H514  2 0.3082 0.1098 0.0708 0.5111 
        H519  2 0.0485 0.1396 0.0650 0.7469 
        H532  2 0.7489 0.0712 0.0910 0.0889 
        H543  2 0.4264 0.2014 0.0993 0.2728 
        H544  2 0.1336 0.0409 0.4953 0.3302 
        H545  2 0.0475 0.0448 0.0631 0.8446 
        H546  2 0.1205 0.1860 0.2508 0.4427 
        H547  2 0.1323 0.6277 0.0457 0.1944 
        H548  2 0.1715 0.0810 0.5670 0.1805 
        H549  2 0.0362 0.0331 0.0325 0.8983 
        H620  2 0.0856 0.1216 0.6963 0.0965 
        H623  2 0.0695 0.1226 0.0572 0.7508 
        H624  2 0.0573 0.0335 0.1149 0.7943 
        H625  2 0.1746 0.0848 0.4998 0.2407 
        H626  2 0.1430 0.1767 0.2036 0.4766 
        H654  2 0.0389 0.1099 0.1902 0.6611 
        H655  2 0.1062 0.2422 0.4161 0.2356 
        H656  2 0.0424 0.0447 0.8426 0.0703 
        H666  2 0.2972 0.2040 0.4031 0.0957 
        H667  2 0.2063 0.1233 0.1427 0.5277 
        H677  2 0.5106 0.1261 0.2346 0.1287 
        H693  2 0.0997 0.1467 0.6777 0.0759 
        H694  2 0.1229 0.1031 0.1457 0.6282 
        H701  2 0.3850 0.1896 0.1004 0.3250 
        H702  2 0.1266 0.1984 0.4459 0.2291 
        H731  2 0.2131 0.1975 0.4919 0.0975 
       H7359  2 0.2232 0.1946 0.2884 0.2938 
       H7389  2 0.5913 0.1644 0.0850 0.1593 
       H7390  2 0.0722 0.7085 0.1455 0.0738 
       H7391  2 0.4626 0.2539 0.2139 0.0696 
       H7392  2 0.3686 0.3485 0.1369 0.1461 
       H7393  2 0.0680 0.5758 0.1381 0.2181 
       H7398  2 0.6317 0.1311 0.1522 0.0849 
       H7399  2 0.6178 0.1364 0.0604 0.1854 
       H7400  2 0.0418 0.0979 0.6873 0.1729 
        H745  2 0.3365 0.3286 0.0595 0.2754 
        H746  2 0.3197 0.0936 0.0713 0.5154 
        H747  2 0.0981 0.3044 0.4491 0.1484 
        H748  2 0.2371 0.1204 0.1309 0.5115 
       H7484  2 0.0487 0.1679 0.6973 0.0861 
       H7485  2 0.0900 0.0535 0.0492 0.8073 
        H749  2 0.0915 0.0404 0.1136 0.7545 
        H930  2 0.1209 0.0846 0.0488 0.7458 
        H931  2 0.5349 0.0603 0.3048 0.1000 
        H932  2 0.6768 0.1162 0.1276 0.0794 
      H008.1  2 0.5583 0.0569 0.3075 0.0773 
 H029.1_2002  2 0.2735 0.0867 0.0654 0.5744 
 H029.1_2003  2 0.7680 0.0716 0.0761 0.0843 
      H030.1  2 0.1746 0.5985 0.0983 0.1286 
      H038.1  2 0.1918 0.0594 0.5180 0.2308 
      H041.1  2 0.9123 0.0282 0.0258 0.0337 
 H042.1_2002  2 0.8276 0.0619 0.0666 0.0440 
 H042.1_2003  2 0.2541 0.1437 0.2419 0.3603 
   H042_2002  2 0.0745 0.0968 0.6253 0.2033 
   H042_2003  2 0.0785 0.0967 0.6094 0.2153 
      H043.1  2 0.0502 0.0341 0.0596 0.8561 
      H047.1  2 0.0923 0.0817 0.1302 0.6958 
 H071.1_2002  2 0.2093 0.1127 0.1703 0.5077 
 H071.1_2003  2 0.2246 0.1347 0.3513 0.2895 
 H081.1_2002  2 0.3543 0.1403 0.2127 0.2927 
 H081.1_2003  2 0.2828 0.2099 0.1821 0.3252 
      H083.1  2 0.3124 0.0813 0.0447 0.5615 
      H084.1  2 0.0662 0.3287 0.0567 0.5484 
 H085.1_2002  2 0.5084 0.0487 0.2599 0.1829 
 H085.1_2003  2 0.8711 0.0400 0.0463 0.0426 
      H088.1  2 0.8586 0.0646 0.0389 0.0378 
      H091.1  2 0.9038 0.0425 0.0226 0.0311 
      H109.1  2 0.1025 0.1791 0.0689 0.6495 
      H126.1  2 0.1125 0.1698 0.4000 0.3177 
      H130.1  2 0.0655 0.0718 0.7511 0.1116 
      H133.1  2 0.3025 0.0929 0.2608 0.3438 
      H147.1  2 0.2942 0.2666 0.1412 0.2980 
      H148.1  2 0.1805 0.1855 0.4100 0.2239 
   H166022.1  2 0.7206 0.1041 0.0495 0.1258 
   H167397.1  2 0.1660 0.0927 0.0561 0.6852 
   H167496.1  2 0.4666 0.2582 0.1770 0.0983 
   H167513.1  2 0.0602 0.0710 0.0878 0.7811 
   H167547.1  2 0.1537 0.4816 0.1855 0.1792 
   H169750.1  2 0.2832 0.2696 0.2971 0.1501 
   H171929.1  2 0.2388 0.0796 0.0734 0.6082 
   H171930.1  2 0.0847 0.1287 0.0553 0.7313 
   H171933.1  2 0.5335 0.0928 0.2406 0.1332 
      H190.1  2 0.1107 0.6035 0.1708 0.1151 
      H400.1  2 0.7824 0.0640 0.0488 0.1048 
 H428.1_2005  2 0.7360 0.0678 0.0792 0.1170 
 H428.1_2006  2 0.7074 0.0562 0.0786 0.1578 
      H453.1  2 0.6507 0.0982 0.0932 0.1579 
      H512.1  2 0.1859 0.3426 0.0877 0.3837 
      H513.1  2 0.1403 0.1097 0.0520 0.6980 
      H532.1  2 0.3317 0.1128 0.1624 0.3930 
      H543.1  2 0.5260 0.0651 0.0543 0.3546 
 H545.1_2005  2 0.0288 0.0287 0.0444 0.8982 
 H545.1_2006  2 0.5392 0.0663 0.0596 0.3350 
      H547.1  2 0.6400 0.2186 0.0631 0.0784 
      H548.1  2 0.1083 0.0442 0.1384 0.7091 
     H7389.1  2 0.5162 0.0984 0.2292 0.1562 
      H747.1  2 0.1048 0.2510 0.3738 0.2705 
     H7484.1  2 0.1931 0.1269 0.5384 0.1417 
     H7485.1  2 0.6232 0.0727 0.0681 0.2360 
     H7496.1  2 0.2569 0.4737 0.1819 0.0876 
        D211  3 0.1275 0.3769 0.2667 0.2289 
     D229639  3 0.1467 0.5061 0.2531 0.0942 
     D237212  3 0.3047 0.3646 0.2207 0.1100 
     D237213  3 0.1759 0.3806 0.1495 0.2940 
     D237214  3 0.1863 0.1471 0.1132 0.5533 
     D237215  3 0.1011 0.2100 0.2747 0.4142 
     D237216  3 0.1511 0.4710 0.0999 0.2780 
     D237217  3 0.1582 0.3223 0.0590 0.4606 
     D237218  3 0.1243 0.7321 0.0911 0.0525 
     D237219  3 0.0658 0.3065 0.3768 0.2510 
     D237382  3 0.1402 0.4551 0.2674 0.1374 
     D244127  3 0.0943 0.2576 0.0567 0.5913 
     D244129  3 0.3535 0.1968 0.1942 0.2555 
     D244133  3 0.1721 0.0915 0.5737 0.1628 
     D244134  3 0.1121 0.3044 0.4000 0.1836 
     D244135  3 0.2340 0.1546 0.1307 0.4806 
     D244136  3 0.2951 0.0958 0.5120 0.0971 
        D416  3 0.2625 0.4593 0.0750 0.2032 
        D417  3 0.4464 0.3424 0.1247 0.0866 
        D419  3 0.2533 0.2937 0.2304 0.2226 
        D565  3 0.0766 0.0402 0.8271 0.0561 
        D566  3 0.2803 0.2751 0.3333 0.1114 
        D567  3 0.5831 0.0656 0.1646 0.1867 
        D568  3 0.3625 0.2057 0.0564 0.3754 
        D569  3 0.1978 0.2048 0.1249 0.4726 
        D573  3 0.7383 0.1609 0.0502 0.0506 
        D574  3 0.1311 0.1758 0.4161 0.2770 
        D575  3 0.1010 0.0741 0.5842 0.2407 
        D576  3 0.0797 0.2404 0.1750 0.5049 
        D577  3 0.1833 0.1271 0.5512 0.1384 
        D578  3 0.0923 0.1626 0.0350 0.7100 
        D579  3 0.2086 0.2657 0.4142 0.1116 
        D660  3 0.2023 0.2337 0.1094 0.4546 
        D661  3 0.0897 0.7870 0.0457 0.0776 
        D663  3 0.2013 0.6214 0.0898 0.0875 
        D664  3 0.0639 0.1910 0.3198 0.4253 
        D665  3 0.0754 0.1909 0.0732 0.6605 
        D666  3 0.1116 0.2487 0.4706 0.1691 
        H111  3 0.1058 0.2867 0.1027 0.5048 
        H951  3 0.2935 0.1142 0.1283 0.4640 
        H952  3 0.4285 0.2738 0.1903 0.1075 
        H953  3 0.3631 0.3065 0.2534 0.0770 
        H954  3 0.1367 0.1737 0.3871 0.3026 
        H955  3 0.2564 0.0549 0.0760 0.6128 
        H956  3 0.7133 0.1176 0.1075 0.0617 
       H9563  3 0.1630 0.4595 0.2813 0.0962 
        D009  4 0.0971 0.3261 0.0926 0.4842 
        D057  4 0.2180 0.4928 0.0685 0.2208 
        D109  4 0.0934 0.1039 0.4871 0.3156 
     D237222  4 0.0718 0.1657 0.1578 0.6047 
     D237223  4 0.1030 0.3976 0.2134 0.2859 
     D237224  4 0.5300 0.2067 0.0921 0.1712 
     D237225  4 0.0829 0.6406 0.1194 0.1572 
     D237299  4 0.0340 0.8619 0.0663 0.0378 
     D237300  4 0.0576 0.7897 0.0913 0.0614 
     D237306  4 0.1369 0.2279 0.4948 0.1404 
     D237307  4 0.2369 0.1623 0.5370 0.0638 
     D237308  4 0.1615 0.0996 0.2455 0.4934 
     D237309  4 0.1639 0.3178 0.1061 0.4122 
     D237317  4 0.0888 0.0910 0.6706 0.1496 
     D237318  4 0.1595 0.7539 0.0449 0.0417 
     D237319  4 0.2363 0.3826 0.1400 0.2411 
     D237320  4 0.1934 0.6324 0.0735 0.1007 
     D237321  4 0.1662 0.5479 0.1322 0.1537 
     D237397  4 0.1246 0.5376 0.2078 0.1300 
     D237398  4 0.1737 0.7357 0.0441 0.0465 
     D237399  4 0.1427 0.5258 0.2465 0.0850 
     D244001  4 0.0823 0.1251 0.0783 0.7143 
        D289  4 0.3964 0.2361 0.2838 0.0838 
        D290  4 0.1312 0.5822 0.1397 0.1469 
        D294  4 0.1212 0.5120 0.1988 0.1681 
        D295  4 0.1648 0.3908 0.3326 0.1118 
        D301  4 0.0417 0.1689 0.0969 0.6925 
        D302  4 0.3989 0.2406 0.2038 0.1568 
        D303  4 0.0851 0.0783 0.7372 0.0995 
        D304  4 0.1062 0.4790 0.3290 0.0858 
        D305  4 0.1120 0.3094 0.0577 0.5210 
        D306  4 0.1546 0.2655 0.2905 0.2894 
        D307  4 0.0492 0.1584 0.1766 0.6158 
        D327  4 0.5696 0.0836 0.2794 0.0674 
        D328  4 0.0854 0.1491 0.6465 0.1190 
        D329  4 0.1237 0.3135 0.0825 0.4803 
        D330  4 0.3099 0.1256 0.0651 0.4994 
        D331  4 0.1732 0.2444 0.3142 0.2682 
        D333  4 0.0944 0.3170 0.3932 0.1954 
        D334  4 0.1233 0.1371 0.6797 0.0599 
        D335  4 0.5696 0.0896 0.1990 0.1418 
        D370  4 0.0888 0.0923 0.3085 0.5103 
        D371  4 0.1841 0.0436 0.7127 0.0596 
        D372  4 0.0387 0.7629 0.1025 0.0959 
        D373  4 0.1059 0.0865 0.0571 0.7505 
        D455  4 0.0828 0.2342 0.0839 0.5992 
        D490  4 0.0522 0.3077 0.0924 0.5477 
        D497  4 0.0439 0.3038 0.0745 0.5779 
        D498  4 0.1359 0.2338 0.2929 0.3374 
        D499  4 0.3761 0.4150 0.1071 0.1018 
        D514  4 0.3271 0.2806 0.2356 0.1566 
        D515  4 0.1022 0.6615 0.1195 0.1168 
        D516  4 0.3134 0.1656 0.2888 0.2322 
        D517  4 0.1086 0.1974 0.0447 0.6493 
        D518  4 0.1811 0.2783 0.2476 0.2930 
        D519  4 0.0776 0.8307 0.0446 0.0471 
        D560  4 0.0901 0.7894 0.0539 0.0667 
        D561  4 0.5589 0.1519 0.0384 0.2509 
        D562  4 0.2101 0.2999 0.1843 0.3056 
        D563  4 0.6794 0.1480 0.0424 0.1302 
        D572  4 0.4206 0.1868 0.2046 0.1880 
        D629  4 0.4236 0.1223 0.2394 0.2146 
        D630  4 0.1631 0.5406 0.1881 0.1082 
        D631  4 0.2438 0.5521 0.0976 0.1065 
        D632  4 0.0995 0.0507 0.0710 0.7788 
        D646  4 0.1551 0.6539 0.0575 0.1335 
        D647  4 0.4444 0.2366 0.0514 0.2676 
        D648  4 0.0588 0.0934 0.7179 0.1299 
        D649  4 0.3819 0.1417 0.2020 0.2744 
        D650  4 0.1879 0.2775 0.4584 0.0762 
        D708  4 0.0651 0.2301 0.5790 0.1258 
        D709  4 0.0871 0.1656 0.3954 0.3519 
        D738  4 0.1623 0.2140 0.4847 0.1390 
        D739  4 0.0882 0.4668 0.1127 0.3323 
        D740  4 0.0612 0.5265 0.2134 0.1989 
        D741  4 0.6081 0.2953 0.0460 0.0506 
        D742  4 0.5424 0.2569 0.1252 0.0755 
        D743  4 0.6832 0.1213 0.1354 0.0601 
        D744  4 0.5203 0.2596 0.1055 0.1146 
        D745  4 0.0664 0.8168 0.0571 0.0598 
        D814  4 0.1044 0.5838 0.0847 0.2271 
        D815  4 0.1658 0.1116 0.4750 0.2476 
        D828  4 0.0427 0.3217 0.3710 0.2646 
        D845  4 0.2051 0.6359 0.1105 0.0485 
        D846  4 0.5235 0.1639 0.0683 0.2442 
        D847  4 0.2217 0.5291 0.1504 0.0988 
        D848  4 0.1194 0.1510 0.0471 0.6825 
        D849  4 0.0683 0.4978 0.0768 0.3570 
        D850  4 0.5247 0.1613 0.2040 0.1100 
        D856  4 0.2175 0.2861 0.1384 0.3579 
        D857  4 0.0313 0.0484 0.0652 0.8551 
        D859  4 0.2034 0.5091 0.1539 0.1336 
        D860  4 0.4339 0.1013 0.3246 0.1402 
        D883  4 0.1928 0.1833 0.4126 0.2113 
        D884  4 0.0956 0.4650 0.3242 0.1152 
        D885  4 0.3820 0.4398 0.0870 0.0912 
        D886  4 0.1639 0.1794 0.1576 0.4991 
        D887  4 0.2210 0.4378 0.2167 0.1244 
        D889  4 0.0444 0.8188 0.1033 0.0335 
        D890  4 0.1113 0.0952 0.4809 0.3126 
        D891  4 0.0837 0.8542 0.0310 0.0311 
        D899  4 0.4770 0.2148 0.1986 0.1097 
        D900  4 0.4075 0.2619 0.1615 0.1691 
        D970  4 0.4133 0.2640 0.1625 0.1602 
        D971  4 0.4479 0.0439 0.1607 0.3475 
        D979  4 0.6200 0.0875 0.2282 0.0644 
        H002  4 0.1390 0.2486 0.2185 0.3939 
        H003  4 0.2524 0.5070 0.1325 0.1081 
        H009  4 0.0551 0.0852 0.1131 0.7465 
        H010  4 0.2846 0.3502 0.1922 0.1730 
        H011  4 0.0926 0.2637 0.4659 0.1778 
        H012  4 0.2311 0.2630 0.2524 0.2535 
        H013  4 0.3133 0.3278 0.2460 0.1129 
        H014  4 0.1221 0.6274 0.1314 0.1191 
        H045  4 0.2998 0.3637 0.2393 0.0972 
        H046  4 0.1629 0.5352 0.1460 0.1558 
        H051  4 0.1211 0.1501 0.6093 0.1196 
        H052  4 0.0453 0.0698 0.8096 0.0753 
        H053  4 0.4710 0.2519 0.1445 0.1326 
        H056  4 0.0367 0.1227 0.5071 0.3335 
        H076  4 0.1725 0.7190 0.0552 0.0533 
        H151  4 0.2166 0.4264 0.2239 0.1330 
        H152  4 0.1058 0.1035 0.6916 0.0991 
     H171803  4 0.0893 0.5751 0.0991 0.2364 
     H171804  4 0.0719 0.3768 0.3408 0.2106 
     H171833  4 0.0839 0.1474 0.0555 0.7131 
     H171855  4 0.0461 0.7354 0.1166 0.1018 
     H171856  4 0.1357 0.4099 0.0974 0.3569 
     H171857  4 0.0762 0.6094 0.2286 0.0858 
     H171858  4 0.1699 0.1812 0.5852 0.0636 
     H171859  4 0.1226 0.2341 0.5406 0.1026 
     H171961  4 0.3325 0.2564 0.2588 0.1522 
        H198  4 0.4989 0.2827 0.1090 0.1094 
      H20001  4 0.0381 0.1086 0.0330 0.8203 
        H403  4 0.0804 0.3921 0.1015 0.4261 
        H404  4 0.5074 0.1411 0.1828 0.1686 
        H405  4 0.2934 0.1202 0.1450 0.4414 
        H406  4 0.1469 0.1160 0.0433 0.6939 
        H407  4 0.1082 0.5995 0.2133 0.0790 
        H410  4 0.3919 0.4857 0.0479 0.0745 
        H411  4 0.0832 0.2953 0.0620 0.5595 
        H468  4 0.0803 0.3791 0.0460 0.4947 
        H476  4 0.1397 0.0863 0.2375 0.5365 
        H477  4 0.0426 0.0695 0.1049 0.7831 
        H478  4 0.0714 0.0742 0.0859 0.7684 
        H479  4 0.3326 0.0809 0.4985 0.0879 
        H480  4 0.2348 0.2992 0.1861 0.2799 
        H498  4 0.1498 0.6449 0.0854 0.1199 
        H499  4 0.0947 0.1486 0.2735 0.4832 
        H500  4 0.2481 0.2664 0.2300 0.2555 
        H515  4 0.1453 0.3160 0.1829 0.3558 
        H516  4 0.1677 0.5984 0.0640 0.1699 
        H517  4 0.5153 0.2353 0.1698 0.0795 
        H518  4 0.0456 0.1684 0.6796 0.1064 
        H520  4 0.1146 0.4729 0.1929 0.2196 
        H521  4 0.3688 0.1992 0.1993 0.2326 
        H522  4 0.0920 0.4642 0.0697 0.3742 
        H523  4 0.2656 0.2557 0.3142 0.1645 
        H536  4 0.2601 0.1447 0.2947 0.3004 
        H645  4 0.2358 0.0622 0.6206 0.0814 
        H646  4 0.7190 0.1637 0.0540 0.0634 
        H647  4 0.1871 0.0750 0.1510 0.5868 
        H657  4 0.2853 0.4411 0.1664 0.1073 
        H658  4 0.3112 0.1595 0.4247 0.1046 
        H659  4 0.0671 0.2237 0.1585 0.5507 
        H660  4 0.0919 0.1184 0.3201 0.4696 
        H661  4 0.0488 0.4827 0.0648 0.4037 
        H668  4 0.3708 0.1104 0.2694 0.2494 
        H669  4 0.7410 0.1136 0.0647 0.0807 
        H670  4 0.1917 0.0886 0.6695 0.0503 
        H678  4 0.2260 0.3046 0.0661 0.4032 
        H679  4 0.6509 0.0731 0.0749 0.2010 
        H680  4 0.0576 0.8077 0.0654 0.0693 
        H681  4 0.1298 0.0549 0.7168 0.0985 
        H682  4 0.5204 0.1866 0.0858 0.2073 
        H683  4 0.1929 0.0847 0.1355 0.5869 
        H718  4 0.2345 0.3718 0.3231 0.0706 
        H719  4 0.1832 0.4970 0.2179 0.1019 
        H720  4 0.0408 0.0878 0.2724 0.5991 
        H721  4 0.0324 0.7751 0.1278 0.0648 
        H722  4 0.1324 0.2691 0.1201 0.4783 
        H723  4 0.2930 0.2337 0.2787 0.1946 
        H724  4 0.0908 0.2651 0.5881 0.0561 
        H725  4 0.0531 0.6444 0.1944 0.1081 
        H726  4 0.2192 0.4364 0.1715 0.1729 
        H727  4 0.2225 0.4565 0.2482 0.0728 
        H910  4 0.1045 0.2805 0.5173 0.0977 
        H911  4 0.5772 0.1293 0.0777 0.2158 
        H912  4 0.2239 0.2639 0.0984 0.4138 
        H913  4 0.2998 0.3272 0.2420 0.1310 
        H914  4 0.1758 0.1748 0.5722 0.0773 
        H915  4 0.2080 0.1424 0.1230 0.5266 
        H916  4 0.0784 0.1965 0.0818 0.6433 
       H9572  4 0.0366 0.7126 0.0421 0.2087 
      H009.1  4 0.0607 0.0577 0.6977 0.1839 
      H046.4  4 0.3563 0.2982 0.1602 0.1854 
 H076.1_2002  4 0.2739 0.6133 0.0305 0.0823 
 H076.1_2003  4 0.0961 0.8441 0.0274 0.0324 
 H076.1_2004  4 0.1836 0.7333 0.0405 0.0427 
      H477.1  4 0.0467 0.4414 0.0838 0.4281 
 H479.1_2005  4 0.3625 0.0737 0.3348 0.2290 
 H479.1_2006  4 0.1597 0.2423 0.1293 0.4687 
      H516.1  4 0.3065 0.3871 0.1486 0.1579 
      H646.1  4 0.3244 0.3110 0.1190 0.2456 
      H658.1  4 0.1169 0.2172 0.2037 0.4622 
