        D174  1 0.0623 0.0504 0.0417 0.1904 0.1106 0.0907 0.0802 0.3737 
        D199  1 0.0351 0.0459 0.0879 0.1656 0.0318 0.4362 0.1367 0.0608 
        D203  1 0.1385 0.1200 0.1512 0.1921 0.1480 0.1123 0.0816 0.0563 
        D204  1 0.0494 0.1242 0.1677 0.5268 0.0204 0.0312 0.0436 0.0368 
     D237366  1 0.0267 0.2534 0.0395 0.0625 0.2787 0.1777 0.0843 0.0771 
     D237367  1 0.0417 0.2758 0.2054 0.2327 0.0327 0.0427 0.1041 0.0650 
     D237368  1 0.0571 0.0290 0.0794 0.0956 0.0414 0.5616 0.0792 0.0567 
     D244101  1 0.0569 0.0347 0.6720 0.1255 0.0274 0.0247 0.0411 0.0177 
     D244102  1 0.2468 0.3422 0.0584 0.0675 0.0448 0.0683 0.1191 0.0528 
     D244103  1 0.0489 0.0489 0.0320 0.3083 0.2931 0.0709 0.1370 0.0609 
     D244104  1 0.0396 0.0250 0.0596 0.6521 0.0419 0.0597 0.0483 0.0739 
     D244105  1 0.1572 0.0681 0.0245 0.1334 0.2014 0.1225 0.2702 0.0227 
     D244106  1 0.0352 0.0577 0.0648 0.0899 0.3580 0.0700 0.0602 0.2641 
     D244107  1 0.5651 0.0292 0.0873 0.0527 0.0372 0.0752 0.1299 0.0234 
     D244108  1 0.4297 0.1024 0.0652 0.0647 0.0367 0.0589 0.0705 0.1721 
     D244113  1 0.0706 0.0533 0.0189 0.0407 0.0225 0.1614 0.0638 0.5689 
     D244114  1 0.0520 0.0940 0.0459 0.0628 0.4190 0.0503 0.1951 0.0809 
     D244115  1 0.1224 0.0403 0.0426 0.2018 0.0767 0.1044 0.1697 0.2421 
     D267365  1 0.0426 0.0739 0.0634 0.3677 0.0412 0.1452 0.0770 0.1888 
        D404  1 0.1458 0.1753 0.0735 0.0311 0.0490 0.0460 0.0952 0.3841 
        D405  1 0.2571 0.1162 0.0432 0.1102 0.0577 0.1521 0.1432 0.1202 
        D406  1 0.0609 0.0952 0.0307 0.0694 0.0504 0.5984 0.0529 0.0421 
        D407  1 0.0405 0.0279 0.4057 0.2034 0.0351 0.0600 0.1882 0.0392 
        D408  1 0.0314 0.0331 0.0895 0.0379 0.0567 0.0248 0.0940 0.6326 
        D409  1 0.0819 0.0367 0.0401 0.0996 0.2418 0.1316 0.3168 0.0515 
        D410  1 0.7342 0.0367 0.0203 0.0612 0.0279 0.0264 0.0510 0.0421 
        D421  1 0.0155 0.0132 0.2940 0.5834 0.0164 0.0196 0.0285 0.0295 
        D422  1 0.0794 0.0278 0.0224 0.0307 0.2350 0.4808 0.1025 0.0214 
        D423  1 0.6400 0.0231 0.1639 0.0347 0.0225 0.0263 0.0664 0.0232 
        D424  1 0.0208 0.0252 0.0242 0.7329 0.0257 0.0507 0.0872 0.0333 
        D425  1 0.1966 0.1135 0.0813 0.2738 0.0306 0.0341 0.1104 0.1597 
        D426  1 0.0357 0.0152 0.0752 0.0357 0.5397 0.0467 0.2118 0.0400 
        D427  1 0.0182 0.0202 0.3624 0.1968 0.0272 0.2678 0.0332 0.0742 
        D428  1 0.1939 0.1985 0.0892 0.1135 0.0207 0.0630 0.1926 0.1286 
        D429  1 0.0530 0.0884 0.0354 0.3448 0.2123 0.0429 0.0809 0.1422 
        D430  1 0.0425 0.0843 0.0978 0.1012 0.2888 0.0834 0.1591 0.1429 
        D491  1 0.0669 0.0297 0.0381 0.0947 0.0380 0.0387 0.0687 0.6253 
        D492  1 0.0443 0.0504 0.0999 0.3241 0.0714 0.0582 0.1191 0.2326 
        D537  1 0.0606 0.0499 0.0502 0.5849 0.0356 0.0824 0.0858 0.0505 
        D538  1 0.1632 0.1042 0.0873 0.0567 0.0568 0.1968 0.2228 0.1123 
        D539  1 0.0686 0.1268 0.0298 0.0632 0.3424 0.0822 0.1038 0.1832 
        D540  1 0.1096 0.0339 0.0419 0.3165 0.0662 0.0522 0.3285 0.0510 
        D541  1 0.0255 0.0244 0.0786 0.7713 0.0218 0.0207 0.0368 0.0209 
        D551  1 0.0466 0.0358 0.0479 0.0461 0.5231 0.0496 0.2153 0.0355 
        D552  1 0.2224 0.0527 0.0602 0.1794 0.0815 0.1623 0.1220 0.1194 
        D553  1 0.0176 0.0152 0.0261 0.8626 0.0176 0.0179 0.0212 0.0218 
        D615  1 0.1019 0.0418 0.0379 0.3480 0.1064 0.1449 0.1251 0.0939 
        D616  1 0.0685 0.0196 0.4072 0.0955 0.0721 0.0959 0.1810 0.0602 
        D621  1 0.2713 0.0378 0.0299 0.0206 0.0452 0.2470 0.0675 0.2806 
        D622  1 0.1436 0.0750 0.0599 0.0827 0.1851 0.2315 0.1445 0.0777 
        D623  1 0.0825 0.0829 0.3348 0.0382 0.0256 0.1502 0.0896 0.1962 
        D624  1 0.0255 0.0403 0.0315 0.0925 0.0578 0.0589 0.1253 0.5682 
        D625  1 0.0392 0.0682 0.0475 0.5274 0.0424 0.0483 0.0590 0.1679 
        D626  1 0.0549 0.1801 0.0472 0.1488 0.0572 0.0539 0.0892 0.3687 
        D627  1 0.0205 0.0330 0.1000 0.1176 0.3876 0.0301 0.2534 0.0579 
        D690  1 0.0497 0.0525 0.0280 0.5262 0.0224 0.0321 0.0387 0.2504 
        D691  1 0.0344 0.0946 0.0667 0.0892 0.4203 0.1904 0.0625 0.0417 
        D710  1 0.1770 0.0373 0.2007 0.1700 0.0255 0.1296 0.1322 0.1278 
        D711  1 0.0446 0.2840 0.0522 0.3936 0.0295 0.0516 0.0502 0.0942 
        D712  1 0.0590 0.1230 0.0483 0.0448 0.0468 0.1521 0.0879 0.4381 
        D713  1 0.0765 0.0716 0.0339 0.2031 0.0539 0.0864 0.1739 0.3006 
        D746  1 0.0348 0.0305 0.0331 0.0906 0.0853 0.6206 0.0583 0.0468 
        D747  1 0.0264 0.0527 0.1568 0.6549 0.0210 0.0255 0.0354 0.0273 
        D748  1 0.0528 0.1310 0.0727 0.1800 0.3664 0.0466 0.0725 0.0779 
        D749  1 0.1798 0.0317 0.0375 0.0470 0.0940 0.2935 0.2307 0.0858 
        D750  1 0.0477 0.0220 0.0363 0.1262 0.0559 0.0619 0.0422 0.6077 
        D763  1 0.0476 0.0582 0.1347 0.0906 0.1308 0.2258 0.2310 0.0814 
        D764  1 0.0492 0.0196 0.0504 0.5547 0.0311 0.0830 0.0664 0.1455 
        D765  1 0.6118 0.0340 0.0174 0.0444 0.0715 0.0684 0.1013 0.0512 
        D766  1 0.5155 0.0422 0.0493 0.0687 0.0424 0.0709 0.1187 0.0922 
        D767  1 0.0844 0.6345 0.0474 0.0575 0.0289 0.0465 0.0587 0.0421 
        D768  1 0.0252 0.0211 0.0331 0.8176 0.0324 0.0233 0.0298 0.0174 
        D811  1 0.2263 0.0550 0.0480 0.0402 0.0288 0.0390 0.1083 0.4543 
        D816  1 0.0458 0.0438 0.0350 0.7447 0.0219 0.0257 0.0344 0.0487 
        D825  1 0.2908 0.0662 0.0314 0.0886 0.0421 0.0383 0.1376 0.3050 
        D866  1 0.0717 0.0450 0.1459 0.0918 0.2053 0.1954 0.1011 0.1438 
        D867  1 0.0861 0.0200 0.0422 0.0413 0.0401 0.6619 0.0663 0.0420 
        D871  1 0.0339 0.1666 0.0388 0.0691 0.2911 0.0258 0.2270 0.1478 
        D872  1 0.1243 0.3264 0.0443 0.1869 0.0208 0.1584 0.0831 0.0558 
        D873  1 0.8662 0.0230 0.0160 0.0101 0.0191 0.0268 0.0215 0.0173 
        D874  1 0.0373 0.1061 0.1435 0.2023 0.0600 0.0310 0.0775 0.3423 
        D875  1 0.0431 0.0352 0.0349 0.0294 0.4666 0.0503 0.2981 0.0424 
        D876  1 0.0554 0.0838 0.0346 0.5026 0.0320 0.1020 0.0866 0.1030 
        D877  1 0.1142 0.0949 0.0377 0.0376 0.0263 0.0463 0.0961 0.5469 
        D892  1 0.0347 0.1471 0.0435 0.2782 0.2426 0.0618 0.0689 0.1232 
        D893  1 0.0574 0.2590 0.0351 0.4052 0.0498 0.0355 0.1267 0.0313 
        D894  1 0.0263 0.0633 0.0457 0.4190 0.1924 0.0598 0.1179 0.0756 
        D915  1 0.1692 0.0478 0.0432 0.4524 0.1121 0.0473 0.0727 0.0553 
        D916  1 0.0224 0.0220 0.0424 0.7586 0.0415 0.0354 0.0427 0.0349 
        D917  1 0.0838 0.0389 0.1655 0.1559 0.0251 0.0965 0.1158 0.3186 
        D925  1 0.4460 0.0382 0.0189 0.2411 0.0189 0.1077 0.0477 0.0814 
        D926  1 0.1299 0.0669 0.0469 0.4762 0.0859 0.0248 0.1041 0.0653 
        D927  1 0.0261 0.1470 0.2985 0.1839 0.0678 0.1192 0.1047 0.0527 
        D928  1 0.1918 0.0221 0.0334 0.0845 0.0150 0.0249 0.0425 0.5858 
        D929  1 0.0443 0.6827 0.0252 0.0454 0.0246 0.0279 0.0561 0.0936 
        D936  1 0.1037 0.1203 0.1346 0.3999 0.0675 0.0291 0.0782 0.0667 
        D938  1 0.1516 0.0476 0.0408 0.0514 0.0532 0.5072 0.0799 0.0683 
        D956  1 0.0760 0.0456 0.0345 0.0586 0.1468 0.0707 0.1213 0.4465 
        D957  1 0.5199 0.1328 0.0433 0.0815 0.0239 0.0904 0.0769 0.0314 
        D958  1 0.1472 0.0755 0.0727 0.1470 0.0367 0.1287 0.1014 0.2908 
        D959  1 0.0631 0.0220 0.3308 0.1665 0.0576 0.0325 0.3004 0.0272 
        D960  1 0.1701 0.0282 0.0218 0.0504 0.1216 0.5198 0.0620 0.0261 
        D989  1 0.0332 0.0690 0.2986 0.1117 0.0650 0.1499 0.0988 0.1738 
        D990  1 0.4418 0.1146 0.0565 0.0263 0.0408 0.0528 0.2085 0.0587 
        H102  1 0.0541 0.0429 0.0232 0.3468 0.0772 0.1277 0.0716 0.2565 
        H103  1 0.0633 0.1226 0.0452 0.1172 0.0283 0.1252 0.4717 0.0264 
        H104  1 0.0442 0.3951 0.1104 0.1522 0.1261 0.0291 0.0745 0.0684 
        H105  1 0.2044 0.0320 0.0585 0.2251 0.0381 0.0816 0.1175 0.2429 
        H106  1 0.1390 0.2300 0.0323 0.0652 0.2364 0.1433 0.1027 0.0511 
        H112  1 0.1454 0.0735 0.0542 0.1209 0.2441 0.0605 0.1470 0.1544 
        H113  1 0.1242 0.0550 0.3098 0.1455 0.0961 0.0528 0.1557 0.0609 
        H114  1 0.1166 0.0313 0.2889 0.2968 0.0776 0.0616 0.0965 0.0307 
        H115  1 0.0510 0.1253 0.0671 0.2794 0.2388 0.0656 0.0856 0.0873 
        H143  1 0.1991 0.0201 0.0299 0.5622 0.0364 0.0275 0.0602 0.0646 
        H144  1 0.0441 0.0326 0.0374 0.5652 0.0433 0.0698 0.1687 0.0389 
        H145  1 0.0428 0.0433 0.0204 0.0211 0.0338 0.1157 0.1467 0.5763 
        H149  1 0.0571 0.1646 0.0920 0.2434 0.2636 0.0416 0.0766 0.0612 
        H150  1 0.0349 0.1865 0.0711 0.0301 0.0888 0.1389 0.2880 0.1616 
     H167542  1 0.0404 0.0329 0.0275 0.7637 0.0418 0.0303 0.0328 0.0306 
     H169604  1 0.0510 0.1277 0.2672 0.0943 0.0935 0.0401 0.0801 0.2461 
     H169607  1 0.0521 0.0760 0.0660 0.0595 0.0434 0.0528 0.1914 0.4588 
     H169608  1 0.0408 0.0540 0.0350 0.0435 0.0401 0.0620 0.0550 0.6696 
     H169633  1 0.1486 0.0309 0.2977 0.2024 0.0604 0.0510 0.1184 0.0906 
     H169688  1 0.0335 0.0612 0.0460 0.0530 0.0193 0.6928 0.0591 0.0352 
     H169714  1 0.0356 0.2846 0.0373 0.0523 0.4684 0.0366 0.0595 0.0257 
     H171802  1 0.1900 0.0856 0.3358 0.0484 0.1029 0.0470 0.1452 0.0451 
     H171805  1 0.1581 0.3904 0.0319 0.0714 0.0919 0.0601 0.1621 0.0342 
     H171807  1 0.1033 0.0727 0.0657 0.0404 0.1849 0.1334 0.1647 0.2349 
     H171814  1 0.0846 0.0396 0.4977 0.0610 0.0420 0.0725 0.1664 0.0363 
     H171816  1 0.2080 0.1708 0.0842 0.0414 0.0634 0.1726 0.1849 0.0747 
     H171817  1 0.1444 0.2762 0.0568 0.0600 0.0525 0.0448 0.0863 0.2791 
     H171818  1 0.1855 0.0822 0.0703 0.2369 0.1391 0.1272 0.1300 0.0288 
     H171819  1 0.1977 0.0863 0.2883 0.0440 0.0652 0.1139 0.1016 0.1031 
     H171834  1 0.0732 0.0215 0.0277 0.0586 0.7030 0.0543 0.0441 0.0176 
     H171835  1 0.0277 0.4930 0.1289 0.0329 0.0774 0.0933 0.0382 0.1086 
     H171836  1 0.3076 0.0257 0.1199 0.0550 0.0385 0.2015 0.2109 0.0410 
     H171837  1 0.0443 0.0535 0.1412 0.3458 0.0920 0.0404 0.0758 0.2070 
     H171838  1 0.2356 0.0401 0.0331 0.0156 0.3519 0.1937 0.0961 0.0339 
     H171839  1 0.0449 0.2138 0.2731 0.1104 0.0752 0.0300 0.0582 0.1944 
     H171841  1 0.3493 0.0306 0.0217 0.0196 0.0391 0.0692 0.0746 0.3958 
     H171860  1 0.0499 0.0565 0.2300 0.0819 0.0660 0.0505 0.0854 0.3798 
     H171861  1 0.2383 0.0396 0.0425 0.3014 0.0512 0.1091 0.1695 0.0485 
     H171862  1 0.1475 0.0549 0.1125 0.1230 0.3594 0.0349 0.1014 0.0663 
     H171868  1 0.0312 0.0345 0.0306 0.7581 0.0446 0.0295 0.0409 0.0307 
     H171869  1 0.0939 0.0442 0.0390 0.1111 0.0794 0.3579 0.2401 0.0344 
     H171870  1 0.0447 0.1925 0.0385 0.0528 0.0830 0.4203 0.1265 0.0417 
     H171871  1 0.1922 0.1068 0.0693 0.0498 0.1359 0.0672 0.3422 0.0367 
     H171872  1 0.0444 0.1548 0.1411 0.0784 0.0832 0.0344 0.0814 0.3824 
     H171873  1 0.0576 0.1217 0.1122 0.0450 0.1976 0.2690 0.1584 0.0385 
     H171874  1 0.0454 0.0244 0.2033 0.0711 0.1178 0.3371 0.0892 0.1116 
     H171875  1 0.1299 0.0271 0.2278 0.2531 0.0512 0.0694 0.2051 0.0364 
     H171876  1 0.0543 0.0334 0.2498 0.1898 0.0468 0.1926 0.1166 0.1168 
     H171877  1 0.0284 0.0335 0.0482 0.6789 0.0363 0.0812 0.0365 0.0571 
     H171878  1 0.1588 0.1411 0.0444 0.0405 0.0407 0.3291 0.2159 0.0295 
     H171901  1 0.1749 0.2256 0.0581 0.0490 0.0272 0.0567 0.0655 0.3430 
     H171902  1 0.0405 0.0511 0.0317 0.0439 0.0688 0.0433 0.0861 0.6346 
     H171903  1 0.0528 0.0480 0.2259 0.1705 0.2079 0.0639 0.1758 0.0552 
     H171935  1 0.0735 0.1437 0.0460 0.0201 0.1621 0.2883 0.1091 0.1571 
     H171936  1 0.2316 0.0426 0.2580 0.2248 0.0527 0.0878 0.0727 0.0298 
     H171940  1 0.1688 0.0423 0.0287 0.3656 0.1687 0.0469 0.0768 0.1021 
     H171945  1 0.1900 0.0811 0.0481 0.0650 0.0788 0.1545 0.2533 0.1293 
     H171948  1 0.4476 0.0604 0.0384 0.0529 0.2067 0.0609 0.0768 0.0563 
     H171949  1 0.0750 0.1099 0.0622 0.0522 0.3868 0.0487 0.0773 0.1879 
     H171950  1 0.0277 0.5327 0.0341 0.0969 0.0639 0.0555 0.0400 0.1492 
     H171963  1 0.0404 0.0257 0.0369 0.0463 0.0333 0.7138 0.0796 0.0240 
     H171964  1 0.0294 0.0435 0.1229 0.0266 0.1486 0.3036 0.2664 0.0591 
     H171966  1 0.1797 0.0606 0.0448 0.0897 0.1741 0.1966 0.1875 0.0671 
     H171968  1 0.0519 0.0418 0.0292 0.0972 0.0477 0.0528 0.0782 0.6012 
     H171971  1 0.0998 0.1484 0.0606 0.0254 0.2965 0.1838 0.1583 0.0272 
     H171972  1 0.0448 0.0456 0.2976 0.0305 0.0267 0.3965 0.0945 0.0638 
     H171977  1 0.1225 0.0658 0.0667 0.1440 0.0444 0.3128 0.1845 0.0593 
     H171978  1 0.1182 0.4634 0.0266 0.0300 0.1128 0.0469 0.1141 0.0879 
     H171979  1 0.1512 0.0437 0.1153 0.0339 0.1806 0.1344 0.2539 0.0870 
        H176  1 0.0471 0.0374 0.1651 0.1297 0.0409 0.0285 0.0844 0.4669 
        H177  1 0.1187 0.3066 0.0297 0.1218 0.1206 0.0899 0.1042 0.1085 
        H179  1 0.0542 0.1169 0.0790 0.6165 0.0244 0.0198 0.0409 0.0483 
        H181  1 0.5836 0.0188 0.0273 0.0378 0.1427 0.0638 0.1002 0.0258 
        H182  1 0.2120 0.0674 0.0356 0.0806 0.1201 0.2024 0.2211 0.0609 
        H183  1 0.7930 0.0136 0.0362 0.0311 0.0304 0.0362 0.0438 0.0157 
        H184  1 0.2543 0.0992 0.0514 0.0613 0.1334 0.0573 0.1375 0.2056 
        H185  1 0.0821 0.0437 0.0805 0.0898 0.0806 0.4642 0.1159 0.0431 
        H186  1 0.0228 0.0578 0.0299 0.4210 0.0377 0.2198 0.1628 0.0482 
        H187  1 0.3677 0.1613 0.0479 0.1061 0.0163 0.2013 0.0746 0.0248 
        H188  1 0.0453 0.0281 0.0949 0.6085 0.0754 0.0297 0.0492 0.0688 
        H192  1 0.1280 0.1322 0.0375 0.0348 0.4256 0.0659 0.1022 0.0737 
        H193  1 0.0875 0.1051 0.0187 0.2575 0.0948 0.0928 0.2878 0.0558 
        H194  1 0.0594 0.1213 0.1172 0.0888 0.3348 0.0547 0.1321 0.0917 
        H195  1 0.0351 0.0240 0.0479 0.0315 0.0406 0.7212 0.0692 0.0304 
        H199  1 0.2578 0.0243 0.0653 0.0276 0.0360 0.1255 0.1476 0.3159 
        H200  1 0.1824 0.0441 0.3926 0.0644 0.0495 0.0356 0.0764 0.1550 
        H414  1 0.0929 0.3290 0.1120 0.1065 0.0719 0.0777 0.1538 0.0563 
        H415  1 0.2795 0.0906 0.2175 0.1297 0.0568 0.0379 0.1013 0.0867 
        H422  1 0.1405 0.0404 0.0496 0.2074 0.0336 0.0681 0.1453 0.3151 
        H423  1 0.2892 0.0690 0.0477 0.0374 0.0542 0.0386 0.0758 0.3881 
        H424  1 0.2713 0.0601 0.0542 0.0937 0.0570 0.0905 0.3489 0.0244 
        H425  1 0.1314 0.0729 0.0716 0.0508 0.0549 0.1531 0.4133 0.0519 
        H426  1 0.3118 0.0541 0.0463 0.0468 0.2597 0.0379 0.1807 0.0628 
        H443  1 0.0272 0.0297 0.0420 0.5488 0.0544 0.0307 0.2119 0.0553 
        H466  1 0.1142 0.1369 0.0873 0.1523 0.2388 0.0595 0.1734 0.0376 
        H467  1 0.0252 0.1255 0.0650 0.0252 0.5980 0.0728 0.0511 0.0373 
        H472  1 0.0568 0.0463 0.0686 0.0426 0.0258 0.0319 0.0690 0.6590 
        H483  1 0.5238 0.0197 0.0507 0.0898 0.0822 0.0747 0.1001 0.0589 
        H504  1 0.3040 0.0468 0.1126 0.0493 0.0234 0.1588 0.2085 0.0965 
        H505  1 0.1285 0.1656 0.0560 0.3606 0.0707 0.0610 0.1122 0.0453 
        H506  1 0.1443 0.1257 0.0640 0.1164 0.0473 0.1890 0.1754 0.1380 
        H507  1 0.2051 0.0945 0.0767 0.1263 0.0441 0.1680 0.2362 0.0491 
        H508  1 0.0450 0.2668 0.0474 0.0672 0.1441 0.0989 0.2875 0.0430 
        H524  1 0.1820 0.2252 0.1920 0.1138 0.0379 0.0779 0.1249 0.0463 
        H525  1 0.0375 0.0965 0.0899 0.1456 0.0579 0.2428 0.2055 0.1243 
        H526  1 0.0442 0.0268 0.2436 0.2128 0.0465 0.0798 0.1209 0.2254 
        H527  1 0.1349 0.3608 0.0369 0.0630 0.0413 0.1592 0.1046 0.0993 
        H528  1 0.1050 0.0533 0.3014 0.0654 0.0649 0.0572 0.2860 0.0668 
        H529  1 0.0469 0.1653 0.0596 0.1252 0.0906 0.0542 0.4129 0.0453 
        H533  1 0.1860 0.4876 0.0307 0.0582 0.0454 0.0657 0.0949 0.0314 
        H538  1 0.0513 0.0856 0.1492 0.0965 0.0738 0.0371 0.1292 0.3774 
        H539  1 0.0449 0.0497 0.0282 0.0509 0.0215 0.7427 0.0390 0.0230 
        H540  1 0.1861 0.0898 0.0548 0.0613 0.1461 0.1780 0.1944 0.0895 
        H541  1 0.0586 0.1808 0.0852 0.4036 0.0568 0.0416 0.0976 0.0757 
        H558  1 0.7860 0.0201 0.0215 0.0226 0.0277 0.0598 0.0399 0.0224 
        H559  1 0.1223 0.0564 0.0683 0.3603 0.0239 0.0893 0.0971 0.1825 
        H579  1 0.2420 0.0260 0.0215 0.0533 0.0378 0.4555 0.0865 0.0774 
        H584  1 0.0615 0.0767 0.0999 0.0574 0.2029 0.0619 0.3116 0.1281 
        H585  1 0.1248 0.1543 0.1231 0.1383 0.1378 0.0565 0.2330 0.0322 
        H605  1 0.0763 0.1289 0.0384 0.4249 0.0762 0.0694 0.1200 0.0660 
        H606  1 0.0410 0.0584 0.0358 0.3718 0.0358 0.0390 0.0465 0.3717 
        H632  1 0.0318 0.0439 0.1424 0.0555 0.1622 0.2486 0.1056 0.2101 
        H634  1 0.1783 0.0914 0.0470 0.2110 0.0552 0.1102 0.2097 0.0972 
        H671  1 0.0875 0.1521 0.0756 0.0748 0.0392 0.0261 0.0659 0.4788 
        H672  1 0.0287 0.0645 0.7061 0.0656 0.0244 0.0357 0.0417 0.0332 
        H673  1 0.0575 0.0186 0.0513 0.2557 0.0495 0.1846 0.3350 0.0478 
        H689  1 0.1364 0.0358 0.1768 0.0825 0.1974 0.0382 0.2613 0.0717 
        H690  1 0.0460 0.2167 0.0359 0.2890 0.1878 0.0923 0.0802 0.0521 
        H691  1 0.0603 0.0562 0.2645 0.2705 0.1189 0.0831 0.0807 0.0658 
        H692  1 0.1106 0.0173 0.1445 0.0500 0.0558 0.0818 0.5015 0.0385 
        H709  1 0.0379 0.3728 0.0765 0.2057 0.0555 0.0626 0.1419 0.0474 
        H710  1 0.1042 0.0346 0.0763 0.0771 0.0560 0.0541 0.5655 0.0321 
       H7355  1 0.0353 0.0599 0.0617 0.0406 0.0957 0.0587 0.1025 0.5456 
       H7356  1 0.0909 0.2088 0.0569 0.0376 0.2859 0.1037 0.1691 0.0471 
       H7357  1 0.1078 0.1358 0.0282 0.3234 0.0630 0.0449 0.0660 0.2310 
       H7358  1 0.1208 0.0230 0.1384 0.1901 0.0234 0.0894 0.0838 0.3311 
       H7380  1 0.0771 0.0883 0.0376 0.1558 0.1519 0.0401 0.2147 0.2346 
       H7381  1 0.0810 0.1562 0.0445 0.0659 0.0616 0.0627 0.3554 0.1726 
       H7382  1 0.0520 0.0291 0.0794 0.0750 0.0869 0.4057 0.1520 0.1200 
        H904  1 0.0400 0.0721 0.0610 0.3246 0.0924 0.0579 0.0504 0.3017 
        H923  1 0.0781 0.0749 0.2844 0.0712 0.1191 0.0565 0.1870 0.1287 
        H924  1 0.1644 0.0362 0.0879 0.2724 0.0708 0.0692 0.0966 0.2026 
        H925  1 0.0534 0.0257 0.0777 0.7125 0.0207 0.0387 0.0439 0.0273 
       H9558  1 0.8413 0.0198 0.0198 0.0175 0.0258 0.0332 0.0238 0.0188 
      H105.1  1 0.2059 0.0913 0.0428 0.0674 0.2312 0.0657 0.2741 0.0215 
      H115.1  1 0.0664 0.0370 0.0437 0.7235 0.0284 0.0367 0.0428 0.0215 
      H145.1  1 0.0242 0.0311 0.0350 0.0573 0.0256 0.0576 0.0455 0.7236 
      H149.1  1 0.0236 0.0185 0.0487 0.7873 0.0328 0.0332 0.0281 0.0278 
      H150.1  1 0.1099 0.0641 0.0253 0.0389 0.0420 0.3158 0.3042 0.0998 
   H169607.1  1 0.0930 0.1929 0.0664 0.0640 0.0247 0.1528 0.1002 0.3060 
   H169633.1  1 0.0909 0.0233 0.1500 0.3165 0.0476 0.1683 0.0755 0.1279 
   H169688.1  1 0.0471 0.0261 0.0979 0.2555 0.0255 0.3593 0.1273 0.0613 
   H171901.1  1 0.0815 0.1489 0.2824 0.0365 0.0533 0.1486 0.1564 0.0924 
   H171902.1  1 0.0595 0.0394 0.0240 0.1423 0.0386 0.1126 0.0616 0.5220 
   H171903.1  1 0.0793 0.3684 0.0521 0.0608 0.1448 0.0507 0.1668 0.0770 
      H177.1  1 0.0402 0.0485 0.3142 0.3375 0.0651 0.0347 0.0860 0.0740 
      H179.1  1 0.1411 0.1489 0.0882 0.4094 0.0332 0.0297 0.0578 0.0917 
      H180.1  1 0.0702 0.1132 0.0293 0.0849 0.2550 0.1256 0.2702 0.0516 
      H181.1  1 0.0780 0.0373 0.0245 0.1840 0.3059 0.1851 0.1151 0.0702 
 H194.1_2004  1 0.1783 0.0486 0.0754 0.0669 0.1131 0.0758 0.3896 0.0523 
 H195.1_2003  1 0.2131 0.2036 0.1737 0.0625 0.0523 0.0929 0.1579 0.0439 
 H195.1_2004  1 0.0269 0.0333 0.1376 0.1070 0.0705 0.1035 0.0573 0.4639 
      H415.1  1 0.2128 0.0472 0.1439 0.3143 0.0486 0.0654 0.1082 0.0597 
      H506.1  1 0.1275 0.0915 0.0868 0.4015 0.0233 0.0694 0.1429 0.0571 
      H533.1  1 0.2224 0.0765 0.0204 0.4771 0.0279 0.0677 0.0676 0.0404 
      H535.1  1 0.1005 0.0803 0.0507 0.2890 0.2778 0.0450 0.1052 0.0515 
      H539.1  1 0.4648 0.0273 0.0268 0.0728 0.0635 0.1349 0.1232 0.0866 
      H540.1  1 0.1332 0.0850 0.0228 0.0296 0.0491 0.4859 0.1387 0.0556 
     H9558.1  1 0.7285 0.0214 0.0500 0.0234 0.0317 0.0514 0.0463 0.0472 
    kos339.1  1 0.0377 0.1507 0.0675 0.4766 0.0519 0.0599 0.0682 0.0876 
        D023  2 0.0168 0.0138 0.0237 0.0402 0.0155 0.8510 0.0210 0.0180 
        D130  2 0.0336 0.0901 0.0205 0.0807 0.0843 0.5987 0.0576 0.0345 
        D131  2 0.0422 0.0915 0.2195 0.3356 0.0798 0.0270 0.1458 0.0585 
        D163  2 0.0817 0.0813 0.0334 0.0720 0.1414 0.3502 0.1852 0.0548 
        D164  2 0.3060 0.0135 0.0305 0.0149 0.0155 0.5835 0.0210 0.0151 
        D165  2 0.0204 0.0205 0.0455 0.0350 0.0261 0.7905 0.0371 0.0248 
        D166  2 0.1291 0.3427 0.0338 0.0381 0.0984 0.1060 0.1926 0.0594 
        D167  2 0.0280 0.0208 0.0282 0.0166 0.0236 0.8364 0.0265 0.0199 
        D192  2 0.0299 0.0191 0.0235 0.0156 0.0281 0.8350 0.0274 0.0213 
        D193  2 0.5322 0.1109 0.0244 0.0428 0.1045 0.0302 0.1212 0.0338 
        D206  2 0.0701 0.0278 0.0804 0.5837 0.0617 0.0502 0.1032 0.0229 
        D207  2 0.0451 0.0705 0.2093 0.0487 0.1041 0.3077 0.1800 0.0346 
        D208  2 0.0438 0.4229 0.0530 0.0727 0.0350 0.0601 0.0935 0.2190 
        D209  2 0.2262 0.0259 0.0679 0.0380 0.0282 0.3791 0.2106 0.0242 
        D210  2 0.0323 0.0572 0.1221 0.0780 0.2097 0.0566 0.0494 0.3948 
     D229599  2 0.2936 0.0879 0.0668 0.2022 0.0647 0.1355 0.1032 0.0460 
     D229600  2 0.0274 0.0389 0.0254 0.0550 0.0597 0.7194 0.0491 0.0252 
     D237227  2 0.2084 0.0842 0.0967 0.0716 0.0373 0.1103 0.1190 0.2725 
     D237228  2 0.6387 0.0210 0.0415 0.0170 0.0466 0.0452 0.0841 0.1058 
     D237258  2 0.0861 0.0489 0.1982 0.1483 0.0815 0.2175 0.1392 0.0804 
     D237310  2 0.3057 0.1181 0.0565 0.0166 0.2241 0.0484 0.1096 0.1210 
     D237311  2 0.4712 0.0306 0.0993 0.0209 0.0504 0.2352 0.0639 0.0286 
     D237312  2 0.1460 0.1139 0.0361 0.0390 0.4076 0.0460 0.1225 0.0888 
     D237313  2 0.1714 0.0638 0.0327 0.2948 0.1245 0.0472 0.1139 0.1517 
     D237322  2 0.0409 0.4908 0.0527 0.0308 0.0618 0.0341 0.1606 0.1284 
     D237323  2 0.2652 0.2299 0.1076 0.0238 0.0786 0.0716 0.0858 0.1376 
     D237324  2 0.0421 0.1000 0.0782 0.0361 0.0734 0.2407 0.4007 0.0287 
     D237325  2 0.1302 0.2328 0.0637 0.0438 0.1866 0.0980 0.1276 0.1172 
     D237326  2 0.7355 0.0223 0.0542 0.0389 0.0265 0.0506 0.0395 0.0323 
     D237327  2 0.0309 0.3622 0.1845 0.0263 0.1476 0.0727 0.1163 0.0595 
     D237337  2 0.5426 0.0790 0.0305 0.0590 0.1127 0.0306 0.0661 0.0795 
     D237338  2 0.1952 0.2089 0.0908 0.0608 0.1507 0.0900 0.1111 0.0926 
     D237339  2 0.1131 0.2359 0.3509 0.0692 0.0313 0.0469 0.1277 0.0250 
     D237340  2 0.2007 0.0805 0.1474 0.0254 0.0816 0.2749 0.1080 0.0816 
     D237389  2 0.6764 0.0331 0.0250 0.0213 0.0781 0.0708 0.0712 0.0243 
     D237390  2 0.3617 0.1206 0.0713 0.0491 0.1837 0.0534 0.0972 0.0630 
     D244017  2 0.0623 0.0978 0.1038 0.0412 0.0250 0.4440 0.1226 0.1034 
     D244112  2 0.0676 0.0358 0.0489 0.0199 0.0383 0.7039 0.0608 0.0249 
     D244118  2 0.0284 0.0281 0.0160 0.0135 0.0162 0.8635 0.0194 0.0149 
     D244119  2 0.0312 0.0382 0.1967 0.0448 0.0351 0.2108 0.0421 0.4011 
     D244120  2 0.0999 0.0467 0.0484 0.0174 0.2117 0.4229 0.1020 0.0510 
     D244122  2 0.0462 0.0501 0.0261 0.0475 0.0410 0.7098 0.0466 0.0327 
        D291  2 0.0481 0.1778 0.0806 0.0801 0.0629 0.1201 0.3923 0.0382 
        D292  2 0.1973 0.0739 0.1492 0.2705 0.0516 0.1195 0.0701 0.0679 
        D293  2 0.0133 0.0202 0.8866 0.0240 0.0130 0.0116 0.0173 0.0140 
        D322  2 0.0560 0.0464 0.6582 0.0384 0.0346 0.0815 0.0598 0.0250 
        D323  2 0.0957 0.0894 0.2431 0.1590 0.0410 0.0785 0.2331 0.0601 
        D324  2 0.0688 0.0298 0.2364 0.1342 0.1756 0.0931 0.1590 0.1030 
        D325  2 0.0189 0.0201 0.8716 0.0206 0.0216 0.0160 0.0185 0.0127 
        D326  2 0.0175 0.0156 0.0439 0.8255 0.0227 0.0195 0.0342 0.0212 
        D340  2 0.0366 0.0182 0.7791 0.0211 0.0290 0.0587 0.0284 0.0290 
        D341  2 0.0326 0.1845 0.3067 0.0551 0.2157 0.1065 0.0388 0.0601 
        D342  2 0.1721 0.0369 0.0228 0.0439 0.1436 0.4200 0.1346 0.0261 
        D343  2 0.0104 0.0141 0.8984 0.0146 0.0150 0.0210 0.0157 0.0109 
        D344  2 0.6164 0.0288 0.0318 0.1494 0.0521 0.0252 0.0756 0.0207 
        D345  2 0.5592 0.0507 0.0330 0.0945 0.0282 0.0642 0.1267 0.0435 
        D346  2 0.0479 0.0233 0.1364 0.0724 0.1031 0.0572 0.0577 0.5020 
        D351  2 0.0683 0.1286 0.3035 0.2089 0.0314 0.0363 0.1847 0.0382 
        D352  2 0.4423 0.0479 0.2229 0.0298 0.0258 0.0266 0.1129 0.0918 
        D353  2 0.0306 0.0338 0.0468 0.1205 0.0227 0.0269 0.6752 0.0435 
        D354  2 0.6321 0.0219 0.0217 0.1268 0.0374 0.0353 0.0606 0.0643 
        D362  2 0.0763 0.0269 0.0357 0.6962 0.0189 0.0630 0.0496 0.0333 
        D363  2 0.0627 0.0225 0.0539 0.6989 0.0164 0.0576 0.0495 0.0385 
        D364  2 0.5303 0.0183 0.0251 0.2859 0.0339 0.0300 0.0499 0.0265 
        D365  2 0.0108 0.0120 0.9007 0.0162 0.0145 0.0170 0.0129 0.0160 
        D369  2 0.0418 0.0208 0.5871 0.1504 0.0375 0.0452 0.0540 0.0632 
        D374  2 0.6181 0.0279 0.0216 0.0331 0.0257 0.0384 0.0766 0.1587 
        D375  2 0.6271 0.0335 0.0318 0.0413 0.0386 0.0410 0.1563 0.0304 
        D376  2 0.5200 0.0311 0.0306 0.0295 0.1065 0.0519 0.0508 0.1795 
        D377  2 0.2331 0.0552 0.0631 0.0936 0.1498 0.1030 0.1193 0.1829 
        D378  2 0.0368 0.0725 0.3881 0.2252 0.0480 0.1040 0.0890 0.0363 
        D379  2 0.0479 0.0251 0.0283 0.7696 0.0423 0.0192 0.0448 0.0229 
        D384  2 0.0224 0.0160 0.0255 0.8550 0.0179 0.0163 0.0202 0.0268 
        D385  2 0.0566 0.0218 0.6854 0.0203 0.0383 0.1007 0.0380 0.0390 
        D386  2 0.0534 0.0712 0.0919 0.4800 0.0478 0.1129 0.1057 0.0369 
        D391  2 0.0189 0.0342 0.8251 0.0218 0.0182 0.0250 0.0277 0.0291 
        D392  2 0.0565 0.0220 0.4888 0.0534 0.0225 0.2742 0.0511 0.0316 
        D393  2 0.0433 0.0533 0.3445 0.3473 0.0782 0.0389 0.0579 0.0366 
        D394  2 0.3433 0.0719 0.0683 0.0642 0.0935 0.1874 0.1309 0.0404 
        D395  2 0.0554 0.0265 0.7360 0.0190 0.0443 0.0344 0.0574 0.0269 
        D401  2 0.7653 0.0164 0.0367 0.0237 0.0257 0.0319 0.0689 0.0313 
        D402  2 0.0415 0.0444 0.5684 0.0288 0.0628 0.1554 0.0480 0.0506 
        D403  2 0.0524 0.0534 0.0183 0.6065 0.0427 0.0307 0.1739 0.0222 
        D415  2 0.0450 0.0391 0.0619 0.5850 0.0935 0.0265 0.1244 0.0246 
        D435  2 0.0729 0.0338 0.4470 0.2141 0.0890 0.0418 0.0678 0.0335 
        D436  2 0.2419 0.1487 0.0850 0.2282 0.0491 0.0247 0.1293 0.0932 
        D438  2 0.0218 0.0186 0.6960 0.0265 0.0359 0.1354 0.0303 0.0355 
        D439  2 0.5318 0.0509 0.1065 0.0604 0.0386 0.0349 0.1481 0.0288 
        D449  2 0.3543 0.0163 0.1179 0.0953 0.1453 0.0561 0.1842 0.0307 
        D450  2 0.0513 0.0830 0.0268 0.1199 0.0690 0.0814 0.1099 0.4587 
        D456  2 0.0251 0.0223 0.0248 0.8262 0.0236 0.0145 0.0397 0.0237 
        D462  2 0.0204 0.0279 0.8444 0.0200 0.0146 0.0322 0.0219 0.0186 
        D463  2 0.0256 0.0174 0.0211 0.8442 0.0208 0.0180 0.0295 0.0235 
        D464  2 0.0343 0.0624 0.1472 0.0802 0.0549 0.0556 0.5038 0.0616 
        D465  2 0.0455 0.0187 0.7738 0.0365 0.0299 0.0210 0.0405 0.0341 
        D473  2 0.0381 0.0633 0.0578 0.0325 0.0448 0.0436 0.0352 0.6846 
        D474  2 0.0580 0.0259 0.2256 0.4360 0.0789 0.0543 0.0444 0.0768 
        D476  2 0.0699 0.1256 0.3639 0.0437 0.0406 0.2602 0.0691 0.0269 
        D477  2 0.1453 0.0588 0.0919 0.2977 0.0665 0.0409 0.1016 0.1974 
        D478  2 0.0954 0.0483 0.0417 0.0824 0.0307 0.4557 0.1853 0.0603 
        D480  2 0.0277 0.1030 0.2378 0.3260 0.1569 0.0272 0.0529 0.0684 
        D481  2 0.1892 0.0546 0.2004 0.1409 0.0299 0.1972 0.1186 0.0692 
        D482  2 0.1414 0.1371 0.0951 0.0469 0.0782 0.0625 0.2540 0.1848 
        D483  2 0.0185 0.0260 0.0538 0.0213 0.0236 0.7971 0.0279 0.0316 
        D484  2 0.2816 0.1177 0.2193 0.0196 0.0490 0.0622 0.1439 0.1067 
        D510  2 0.1968 0.0525 0.0265 0.0519 0.0753 0.0690 0.0948 0.4333 
        D511  2 0.0439 0.0566 0.6425 0.0718 0.0327 0.0517 0.0599 0.0408 
        D512  2 0.4612 0.0403 0.2538 0.0204 0.0611 0.0463 0.0940 0.0230 
        D513  2 0.0739 0.0398 0.5208 0.0953 0.0577 0.0487 0.0680 0.0958 
        D635  2 0.0401 0.0240 0.1131 0.1433 0.0244 0.5350 0.0880 0.0321 
        D636  2 0.0231 0.0157 0.0159 0.0283 0.0148 0.8445 0.0281 0.0296 
        D637  2 0.1628 0.1113 0.2967 0.0505 0.1398 0.0487 0.0853 0.1048 
        D658  2 0.0853 0.0788 0.2742 0.0384 0.1237 0.2452 0.0677 0.0867 
        D659  2 0.1152 0.0533 0.0698 0.3776 0.1178 0.0474 0.1452 0.0738 
        D677  2 0.0670 0.1311 0.0746 0.4332 0.1339 0.0513 0.0793 0.0296 
        D678  2 0.0469 0.0266 0.0266 0.0209 0.0256 0.7252 0.1058 0.0223 
        D679  2 0.0299 0.0506 0.1124 0.3951 0.1296 0.0559 0.1097 0.1169 
        D719  2 0.0610 0.0463 0.5333 0.1047 0.0238 0.0272 0.0475 0.1561 
        D720  2 0.0567 0.0529 0.1017 0.6024 0.0254 0.0360 0.0562 0.0686 
        D721  2 0.0211 0.0198 0.0365 0.0428 0.0289 0.7769 0.0303 0.0437 
        D722  2 0.6457 0.0318 0.0467 0.0348 0.0267 0.0669 0.0715 0.0760 
        D734  2 0.0373 0.1261 0.3996 0.0329 0.0514 0.0247 0.0489 0.2791 
        D735  2 0.0408 0.0544 0.0558 0.4970 0.0917 0.0865 0.1011 0.0727 
        D736  2 0.1199 0.0335 0.1311 0.0701 0.1254 0.1412 0.0854 0.2933 
        D737  2 0.0612 0.2281 0.0640 0.0329 0.0722 0.4581 0.0557 0.0279 
        D807  2 0.0912 0.0833 0.1708 0.2142 0.0856 0.0717 0.0680 0.2151 
        D808  2 0.0925 0.0785 0.3719 0.0576 0.1445 0.0763 0.1455 0.0333 
        D817  2 0.2002 0.0550 0.0830 0.3930 0.0265 0.0447 0.1494 0.0482 
        D818  2 0.0197 0.1179 0.4667 0.0802 0.0973 0.0668 0.1154 0.0360 
        D819  2 0.1307 0.0350 0.2555 0.2125 0.0369 0.0696 0.2035 0.0564 
        D820  2 0.0292 0.1959 0.2124 0.3882 0.0493 0.0231 0.0646 0.0374 
        D895  2 0.1581 0.0495 0.0426 0.2274 0.0485 0.0784 0.3205 0.0749 
        D896  2 0.7547 0.0394 0.0496 0.0210 0.0367 0.0190 0.0333 0.0465 
        D897  2 0.1327 0.0813 0.0756 0.0397 0.2867 0.1324 0.2090 0.0426 
        D898  2 0.3417 0.1232 0.0463 0.0380 0.1234 0.0525 0.2015 0.0735 
        D918  2 0.0733 0.1589 0.2469 0.0676 0.1331 0.0467 0.1305 0.1431 
        D919  2 0.1296 0.1292 0.2686 0.1917 0.0355 0.0617 0.1573 0.0263 
        D920  2 0.0618 0.1672 0.0205 0.0427 0.0421 0.5700 0.0603 0.0354 
        D923  2 0.0577 0.0228 0.0484 0.7092 0.0235 0.0416 0.0613 0.0355 
        D930  2 0.0854 0.0321 0.0390 0.1788 0.1120 0.0404 0.0746 0.4377 
        D931  2 0.0440 0.0548 0.4939 0.1548 0.0648 0.0629 0.0627 0.0621 
        D968  2 0.0272 0.0204 0.8248 0.0209 0.0142 0.0489 0.0264 0.0173 
        D969  2 0.0441 0.0559 0.2266 0.3371 0.1323 0.0785 0.0950 0.0305 
        D977  2 0.0379 0.0511 0.6179 0.0424 0.0976 0.0388 0.0816 0.0327 
        D978  2 0.0208 0.1283 0.0443 0.0968 0.4573 0.0475 0.1481 0.0567 
        H008  2 0.2416 0.0380 0.0810 0.3274 0.0345 0.0454 0.1665 0.0656 
        H021  2 0.0315 0.0834 0.1051 0.0668 0.5185 0.0911 0.0545 0.0491 
        H023  2 0.0703 0.1686 0.0235 0.5093 0.0360 0.0496 0.0415 0.1013 
        H024  2 0.5440 0.0200 0.1368 0.0200 0.0939 0.0252 0.1315 0.0286 
        H025  2 0.3252 0.0603 0.0501 0.1240 0.0585 0.0695 0.2301 0.0823 
        H026  2 0.0416 0.0208 0.4758 0.1585 0.0545 0.0398 0.1867 0.0223 
        H027  2 0.0391 0.1660 0.3626 0.1363 0.0759 0.0667 0.0856 0.0678 
        H028  2 0.7232 0.0253 0.0376 0.0415 0.0406 0.0374 0.0587 0.0359 
        H029  2 0.0456 0.0346 0.6215 0.1208 0.0206 0.0566 0.0708 0.0294 
        H030  2 0.1153 0.0408 0.3711 0.0198 0.0586 0.3329 0.0374 0.0240 
        H038  2 0.0252 0.1596 0.0416 0.2158 0.0420 0.4344 0.0446 0.0368 
        H039  2 0.1848 0.0697 0.0296 0.0438 0.0452 0.0199 0.0498 0.5572 
        H040  2 0.0272 0.7305 0.0271 0.0562 0.0208 0.0893 0.0256 0.0233 
        H041  2 0.1248 0.0305 0.4910 0.1553 0.0392 0.0329 0.0570 0.0691 
        H042  2 0.1202 0.1414 0.0435 0.0975 0.0448 0.1554 0.1647 0.2324 
        H043  2 0.0773 0.0506 0.0344 0.0463 0.0246 0.6606 0.0404 0.0659 
        H044  2 0.2420 0.0242 0.0573 0.0260 0.0741 0.2391 0.2319 0.1053 
        H047  2 0.7370 0.0329 0.0473 0.0350 0.0427 0.0227 0.0350 0.0473 
        H050  2 0.0839 0.2012 0.3288 0.0539 0.0546 0.0715 0.1675 0.0386 
        H058  2 0.0891 0.1407 0.0515 0.0832 0.1355 0.2607 0.2103 0.0289 
        H062  2 0.0876 0.0555 0.0209 0.2386 0.0847 0.1423 0.0719 0.2984 
        H063  2 0.1494 0.1241 0.1533 0.0887 0.0541 0.2866 0.0885 0.0554 
        H065  2 0.0509 0.0196 0.0184 0.7842 0.0228 0.0152 0.0437 0.0452 
        H066  2 0.6289 0.0649 0.0783 0.0337 0.0588 0.0541 0.0615 0.0198 
        H067  2 0.0663 0.0489 0.0657 0.1538 0.1832 0.0694 0.1100 0.3025 
        H068  2 0.1401 0.1545 0.0708 0.0644 0.1362 0.0723 0.1024 0.2594 
        H069  2 0.0782 0.1645 0.0845 0.0680 0.0152 0.4533 0.0945 0.0417 
        H071  2 0.0344 0.0771 0.0849 0.4988 0.0558 0.0478 0.1038 0.0974 
        H072  2 0.1991 0.0792 0.0592 0.0508 0.0349 0.0580 0.0629 0.4559 
        H073  2 0.0416 0.2500 0.0702 0.1754 0.0845 0.0691 0.2726 0.0366 
        H081  2 0.0621 0.0635 0.0678 0.2826 0.0616 0.0383 0.0964 0.3277 
        H082  2 0.0783 0.0161 0.0700 0.0479 0.0269 0.6830 0.0539 0.0240 
        H083  2 0.0368 0.0254 0.1606 0.0507 0.0593 0.6049 0.0407 0.0217 
        H084  2 0.0681 0.2417 0.1517 0.0405 0.1724 0.0872 0.1470 0.0914 
        H085  2 0.0362 0.0406 0.4214 0.1966 0.0394 0.0603 0.0854 0.1201 
        H087  2 0.0731 0.0383 0.0768 0.3057 0.1910 0.0502 0.1076 0.1574 
        H088  2 0.1822 0.0758 0.1057 0.3340 0.0622 0.0693 0.0827 0.0883 
        H089  2 0.0521 0.0737 0.1360 0.1548 0.0468 0.1647 0.2114 0.1605 
        H090  2 0.0273 0.0116 0.8294 0.0235 0.0344 0.0267 0.0225 0.0246 
        H091  2 0.0184 0.0652 0.7500 0.0356 0.0274 0.0301 0.0387 0.0346 
        H098  2 0.3792 0.0753 0.1039 0.0986 0.1074 0.0406 0.1479 0.0470 
      H10001  2 0.0268 0.0386 0.0244 0.0209 0.0488 0.0223 0.0300 0.7883 
      H10002  2 0.0592 0.1374 0.0382 0.3929 0.0805 0.1286 0.0737 0.0896 
        H101  2 0.0857 0.1627 0.5336 0.0225 0.0351 0.0418 0.0870 0.0317 
        H108  2 0.0599 0.0500 0.0235 0.2432 0.0521 0.0173 0.0480 0.5060 
        H109  2 0.4058 0.1379 0.1148 0.0481 0.0432 0.0730 0.1291 0.0481 
        H110  2 0.0560 0.0316 0.1129 0.4396 0.0422 0.0930 0.1371 0.0876 
        H116  2 0.2279 0.0555 0.1226 0.1191 0.0519 0.1524 0.2261 0.0447 
        H117  2 0.0295 0.0482 0.7077 0.0534 0.0749 0.0204 0.0390 0.0271 
        H118  2 0.0513 0.0204 0.6296 0.1486 0.0281 0.0237 0.0619 0.0364 
        H119  2 0.0364 0.1613 0.2600 0.1751 0.0424 0.0970 0.1054 0.1225 
        H120  2 0.0378 0.0545 0.0305 0.0922 0.0203 0.0334 0.0524 0.6789 
        H121  2 0.0193 0.0156 0.8370 0.0287 0.0209 0.0193 0.0290 0.0302 
        H125  2 0.0385 0.5015 0.0358 0.0326 0.0527 0.0264 0.0450 0.2675 
        H126  2 0.5962 0.0178 0.0349 0.0571 0.0276 0.0275 0.1314 0.1076 
        H128  2 0.0132 0.0133 0.9025 0.0128 0.0129 0.0199 0.0157 0.0097 
        H129  2 0.0653 0.0390 0.0570 0.0988 0.3915 0.0694 0.2581 0.0207 
        H130  2 0.1562 0.0315 0.0144 0.0223 0.1021 0.0427 0.0581 0.5728 
        H133  2 0.1107 0.0579 0.0873 0.0306 0.0654 0.0587 0.0885 0.5009 
        H134  2 0.2351 0.0208 0.0426 0.2827 0.0486 0.0426 0.3040 0.0236 
        H135  2 0.1143 0.0740 0.1581 0.3484 0.0321 0.0771 0.0966 0.0995 
        H137  2 0.1778 0.0884 0.2717 0.0485 0.2639 0.0369 0.0864 0.0263 
        H138  2 0.1217 0.0527 0.0501 0.0854 0.2719 0.0513 0.3325 0.0344 
        H140  2 0.0477 0.0278 0.6391 0.0251 0.1056 0.0288 0.0452 0.0807 
        H146  2 0.0172 0.0242 0.8476 0.0307 0.0177 0.0154 0.0270 0.0202 
        H147  2 0.0425 0.1105 0.3063 0.0979 0.0613 0.1088 0.2368 0.0358 
        H148  2 0.0795 0.0417 0.2890 0.0861 0.3296 0.0421 0.0616 0.0704 
     H166022  2 0.1988 0.1578 0.0789 0.0634 0.0553 0.1753 0.1932 0.0774 
     H167359  2 0.4688 0.1070 0.0691 0.0606 0.0500 0.0654 0.1278 0.0512 
     H167397  2 0.1276 0.0509 0.2682 0.0499 0.0277 0.1496 0.2951 0.0310 
     H167428  2 0.0761 0.0137 0.3474 0.3620 0.0270 0.0490 0.1022 0.0227 
     H167496  2 0.0813 0.3680 0.1265 0.1486 0.0559 0.0371 0.0683 0.1144 
     H167513  2 0.0665 0.0388 0.0185 0.0206 0.0364 0.7442 0.0374 0.0376 
     H167545  2 0.3021 0.1380 0.0275 0.0733 0.0311 0.2986 0.0824 0.0471 
     H167547  2 0.0602 0.1575 0.2579 0.0153 0.0662 0.0517 0.3591 0.0322 
     H169621  2 0.0405 0.0773 0.2109 0.0227 0.2370 0.3097 0.0733 0.0287 
     H169622  2 0.1293 0.0515 0.0501 0.2037 0.0365 0.1681 0.2624 0.0984 
     H169750  2 0.0452 0.1636 0.1834 0.0311 0.0369 0.3896 0.0641 0.0862 
     H171806  2 0.0197 0.0820 0.5848 0.0692 0.0409 0.0318 0.0512 0.1205 
     H171808  2 0.0928 0.0448 0.0584 0.3633 0.0199 0.0638 0.0890 0.2680 
     H171809  2 0.1478 0.0731 0.0401 0.1624 0.0602 0.0413 0.1246 0.3505 
     H171813  2 0.0307 0.0894 0.0560 0.0267 0.5245 0.1570 0.0589 0.0567 
     H171815  2 0.2434 0.1144 0.0475 0.1284 0.0808 0.2397 0.0994 0.0464 
     H171824  2 0.0387 0.1147 0.2743 0.1802 0.0892 0.0242 0.0533 0.2254 
     H171825  2 0.1456 0.0977 0.0370 0.0958 0.0398 0.0510 0.1676 0.3655 
     H171826  2 0.1570 0.0618 0.1627 0.3370 0.0655 0.0462 0.0737 0.0961 
     H171827  2 0.0401 0.1805 0.0583 0.1440 0.0834 0.3480 0.1126 0.0332 
     H171828  2 0.0218 0.0898 0.0476 0.0600 0.0717 0.0260 0.0378 0.6453 
     H171829  2 0.0365 0.5244 0.0276 0.0212 0.0748 0.0439 0.1378 0.1338 
     H171830  2 0.3955 0.0821 0.0746 0.1713 0.0258 0.0842 0.1131 0.0535 
     H171831  2 0.2640 0.0363 0.0658 0.0361 0.1640 0.0870 0.2761 0.0706 
     H171832  2 0.5231 0.0383 0.0359 0.0397 0.0300 0.1154 0.1311 0.0865 
     H171863  2 0.0501 0.0320 0.0384 0.0228 0.0122 0.7876 0.0405 0.0165 
     H171864  2 0.1438 0.0785 0.2380 0.1542 0.0592 0.0910 0.1104 0.1249 
     H171865  2 0.4714 0.0712 0.0567 0.2312 0.0189 0.0617 0.0546 0.0344 
     H171879  2 0.0472 0.0436 0.5883 0.0403 0.1108 0.0488 0.0904 0.0307 
     H171880  2 0.0644 0.2160 0.5036 0.0204 0.0365 0.0470 0.0873 0.0248 
     H171881  2 0.0845 0.0586 0.0709 0.0978 0.4764 0.0623 0.1086 0.0409 
     H171882  2 0.1149 0.0970 0.0358 0.0693 0.0443 0.0516 0.0584 0.5287 
     H171929  2 0.1940 0.0222 0.2701 0.1102 0.0720 0.1134 0.0864 0.1318 
     H171930  2 0.7514 0.0405 0.0424 0.0282 0.0286 0.0470 0.0410 0.0210 
     H171933  2 0.0493 0.1458 0.1264 0.0337 0.3858 0.0650 0.1247 0.0692 
     H171934  2 0.0437 0.1686 0.0459 0.1758 0.1864 0.0951 0.1258 0.1587 
     H171937  2 0.5876 0.0379 0.0282 0.0553 0.0631 0.0398 0.1589 0.0292 
     H171962  2 0.5397 0.0195 0.0362 0.1591 0.0775 0.0711 0.0606 0.0362 
        H190  2 0.0864 0.0588 0.0665 0.0715 0.4035 0.0687 0.2186 0.0261 
        H191  2 0.4004 0.0392 0.0747 0.0604 0.1203 0.0729 0.1700 0.0620 
        H396  2 0.0166 0.0365 0.0694 0.6892 0.0445 0.0450 0.0427 0.0561 
        H397  2 0.0446 0.5969 0.0411 0.0581 0.0245 0.0506 0.0906 0.0938 
        H398  2 0.0302 0.0311 0.0244 0.6103 0.0850 0.0590 0.0669 0.0931 
        H400  2 0.1453 0.0325 0.0338 0.4670 0.0281 0.0978 0.0565 0.1390 
        H401  2 0.1350 0.0712 0.2025 0.0204 0.2447 0.0722 0.2287 0.0253 
        H402  2 0.0507 0.1024 0.0767 0.1192 0.0456 0.5140 0.0743 0.0169 
        H427  2 0.0557 0.0656 0.0671 0.5762 0.0624 0.0496 0.0747 0.0487 
        H428  2 0.0724 0.0157 0.3804 0.3621 0.0303 0.0377 0.0776 0.0239 
        H497  2 0.0544 0.0280 0.0399 0.0474 0.0324 0.6925 0.0483 0.0572 
        H512  2 0.0718 0.1505 0.1687 0.1024 0.1804 0.1033 0.1872 0.0357 
        H513  2 0.0621 0.0409 0.0210 0.0207 0.0403 0.7410 0.0369 0.0371 
        H514  2 0.1007 0.0298 0.0509 0.0535 0.0715 0.4900 0.1723 0.0314 
        H519  2 0.1414 0.0548 0.0245 0.0227 0.0625 0.6118 0.0516 0.0307 
        H532  2 0.0278 0.0239 0.1557 0.5858 0.0422 0.0752 0.0531 0.0362 
        H543  2 0.0592 0.0461 0.2697 0.0638 0.0825 0.2715 0.1526 0.0545 
        H544  2 0.0836 0.0283 0.0743 0.0323 0.0183 0.2709 0.0917 0.4006 
        H545  2 0.4777 0.0979 0.0260 0.0635 0.0268 0.1985 0.0694 0.0402 
        H546  2 0.4389 0.0609 0.0286 0.1558 0.1179 0.0456 0.0951 0.0573 
        H547  2 0.0569 0.1539 0.2709 0.0163 0.0657 0.0727 0.3312 0.0324 
        H548  2 0.1064 0.0825 0.0951 0.1751 0.0368 0.0727 0.1634 0.2680 
        H549  2 0.0237 0.1089 0.0208 0.0302 0.0146 0.7643 0.0159 0.0216 
