        D174  1 0.2093 0.0415 0.0712 0.0519 0.3598 0.0922 0.0697 0.1043 
        D199  1 0.2368 0.0686 0.0489 0.0910 0.0645 0.0287 0.1378 0.3237 
        D203  1 0.1947 0.1235 0.1187 0.1113 0.0567 0.1158 0.1097 0.1695 
        D204  1 0.6947 0.0375 0.0503 0.0403 0.0427 0.0316 0.0464 0.0564 
     D237366  1 0.0606 0.0539 0.0279 0.2977 0.0814 0.3605 0.0717 0.0463 
     D237367  1 0.3773 0.0394 0.0437 0.1555 0.0966 0.0469 0.1079 0.1327 
     D237368  1 0.1477 0.0330 0.0652 0.3744 0.0566 0.0439 0.1028 0.1765 
     D244101  1 0.2463 0.1886 0.0933 0.0346 0.0223 0.0479 0.1300 0.2369 
     D244102  1 0.0719 0.1284 0.2670 0.1263 0.0738 0.0715 0.1762 0.0849 
     D244103  1 0.3037 0.1059 0.0677 0.0764 0.0673 0.1395 0.1989 0.0407 
     D244104  1 0.6222 0.0802 0.0490 0.0490 0.0660 0.0327 0.0557 0.0451 
     D244105  1 0.0835 0.0596 0.1536 0.2545 0.0244 0.2059 0.1875 0.0309 
     D244106  1 0.0939 0.0537 0.0400 0.0405 0.1750 0.4103 0.0668 0.1198 
     D244107  1 0.0480 0.0816 0.4302 0.1553 0.0251 0.0351 0.1746 0.0501 
     D244108  1 0.0845 0.0669 0.3907 0.1387 0.1459 0.0395 0.0674 0.0664 
     D244113  1 0.0352 0.0223 0.0710 0.0460 0.6945 0.0250 0.0585 0.0474 
     D244114  1 0.0621 0.0790 0.0621 0.0679 0.0835 0.4120 0.1900 0.0434 
     D244115  1 0.2686 0.0781 0.1044 0.0581 0.1848 0.0808 0.1848 0.0404 
     D267365  1 0.3431 0.1566 0.0562 0.1028 0.1503 0.0370 0.0854 0.0686 
        D404  1 0.0300 0.0583 0.1485 0.0388 0.4372 0.0638 0.0948 0.1286 
        D405  1 0.1153 0.0530 0.3517 0.0558 0.1241 0.0480 0.1363 0.1158 
        D406  1 0.0475 0.0242 0.0428 0.7689 0.0314 0.0363 0.0234 0.0255 
        D407  1 0.4950 0.0299 0.0369 0.0629 0.0389 0.0272 0.1518 0.1574 
        D408  1 0.0477 0.1917 0.0369 0.0181 0.5825 0.0258 0.0543 0.0429 
        D409  1 0.0732 0.4514 0.0705 0.0376 0.0434 0.0369 0.2402 0.0467 
        D410  1 0.0593 0.0294 0.6678 0.0760 0.0467 0.0336 0.0663 0.0209 
        D421  1 0.8357 0.0236 0.0143 0.0153 0.0243 0.0132 0.0261 0.0474 
        D422  1 0.0331 0.0418 0.0520 0.5290 0.0194 0.2253 0.0795 0.0200 
        D423  1 0.0749 0.0286 0.6044 0.0676 0.0275 0.0213 0.0584 0.1174 
        D424  1 0.7343 0.0208 0.0222 0.0402 0.0331 0.0267 0.0889 0.0338 
        D425  1 0.3244 0.1523 0.1694 0.0285 0.1299 0.0333 0.0984 0.0637 
        D426  1 0.0532 0.3850 0.0336 0.0430 0.0352 0.1269 0.2712 0.0519 
        D427  1 0.3459 0.0536 0.0179 0.0227 0.0674 0.0234 0.0335 0.4355 
        D428  1 0.2290 0.0473 0.1443 0.1328 0.1839 0.0301 0.1793 0.0532 
        D429  1 0.3669 0.0382 0.0594 0.0298 0.0878 0.3001 0.0743 0.0433 
        D430  1 0.0883 0.0872 0.0485 0.0344 0.0905 0.3115 0.1619 0.1777 
        D491  1 0.0840 0.0614 0.0933 0.0361 0.5397 0.0309 0.1044 0.0501 
        D492  1 0.4123 0.0326 0.0490 0.0532 0.1772 0.0551 0.1120 0.1085 
        D537  1 0.6463 0.0238 0.0573 0.0795 0.0438 0.0357 0.0687 0.0449 
        D538  1 0.0557 0.0480 0.1581 0.2016 0.1112 0.0527 0.2110 0.1617 
        D539  1 0.0507 0.0784 0.0786 0.1456 0.2000 0.2956 0.1041 0.0470 
        D540  1 0.2022 0.0859 0.1835 0.0443 0.0497 0.0464 0.3515 0.0365 
        D541  1 0.8365 0.0305 0.0232 0.0195 0.0164 0.0164 0.0317 0.0259 
        D551  1 0.0478 0.1430 0.0450 0.0518 0.0299 0.4802 0.1746 0.0279 
        D552  1 0.1382 0.0491 0.1857 0.3093 0.0946 0.0613 0.1126 0.0494 
        D553  1 0.8330 0.0337 0.0208 0.0220 0.0276 0.0199 0.0261 0.0170 
        D615  1 0.3425 0.0683 0.1231 0.0983 0.1051 0.0806 0.1281 0.0539 
        D616  1 0.2183 0.1372 0.0829 0.0667 0.0605 0.0724 0.2267 0.1354 
        D621  1 0.0178 0.0279 0.2199 0.3243 0.2834 0.0504 0.0538 0.0226 
        D622  1 0.0781 0.0632 0.0896 0.4132 0.0678 0.1543 0.0890 0.0448 
        D623  1 0.0314 0.0511 0.0588 0.0353 0.1157 0.0211 0.0566 0.6300 
        D624  1 0.1253 0.0512 0.0242 0.0468 0.5206 0.0596 0.1396 0.0327 
        D625  1 0.6042 0.0357 0.0369 0.0674 0.1324 0.0455 0.0501 0.0278 
        D626  1 0.1402 0.1153 0.0557 0.1286 0.3951 0.0537 0.0747 0.0366 
        D627  1 0.1253 0.4952 0.0226 0.0298 0.0426 0.0541 0.1919 0.0386 
        D690  1 0.6166 0.0354 0.0337 0.0555 0.1764 0.0233 0.0384 0.0209 
        D691  1 0.0911 0.0587 0.0277 0.4274 0.0336 0.2823 0.0416 0.0375 
        D710  1 0.2048 0.1056 0.1715 0.0682 0.1128 0.0260 0.1696 0.1416 
        D711  1 0.5537 0.0395 0.0407 0.1455 0.0768 0.0439 0.0611 0.0388 
        D712  1 0.0429 0.1107 0.0724 0.1223 0.4137 0.0287 0.0842 0.1251 
        D713  1 0.2195 0.0351 0.0823 0.0717 0.3420 0.0690 0.1411 0.0393 
        D746  1 0.0841 0.0315 0.0368 0.6579 0.0504 0.0709 0.0404 0.0281 
        D747  1 0.8067 0.0359 0.0244 0.0220 0.0191 0.0268 0.0270 0.0381 
        D748  1 0.2231 0.0444 0.0381 0.1274 0.0649 0.4003 0.0597 0.0421 
        D749  1 0.0412 0.0444 0.1915 0.2563 0.0842 0.1118 0.2363 0.0343 
        D750  1 0.1645 0.0353 0.0635 0.0393 0.5285 0.0773 0.0473 0.0443 
        D763  1 0.1059 0.1252 0.0472 0.1440 0.0852 0.1429 0.1945 0.1549 
        D764  1 0.6131 0.0432 0.0483 0.0495 0.1228 0.0282 0.0597 0.0353 
        D765  1 0.0264 0.0464 0.6423 0.0895 0.0432 0.0581 0.0756 0.0185 
        D766  1 0.0852 0.0335 0.4137 0.1736 0.0999 0.0568 0.0977 0.0396 
        D767  1 0.1045 0.0581 0.1187 0.4014 0.0696 0.0772 0.0952 0.0753 
        D768  1 0.8350 0.0221 0.0249 0.0255 0.0185 0.0266 0.0256 0.0217 
        D811  1 0.0368 0.0517 0.1889 0.0269 0.5088 0.0350 0.1048 0.0471 
        D816  1 0.7848 0.0220 0.0336 0.0292 0.0329 0.0249 0.0448 0.0277 
        D825  1 0.0799 0.0442 0.3195 0.0549 0.2786 0.0635 0.1194 0.0400 
        D866  1 0.0984 0.3638 0.0625 0.0498 0.0939 0.0918 0.1227 0.1171 
        D867  1 0.0402 0.0297 0.1167 0.5338 0.0435 0.0517 0.1070 0.0775 
        D871  1 0.0649 0.4333 0.0285 0.0367 0.1244 0.0800 0.1997 0.0326 
        D872  1 0.1404 0.0269 0.0804 0.5806 0.0479 0.0230 0.0571 0.0437 
        D873  1 0.0109 0.0168 0.8172 0.0703 0.0172 0.0201 0.0246 0.0228 
        D874  1 0.1976 0.0512 0.0442 0.0372 0.3657 0.0844 0.0942 0.1255 
        D875  1 0.0554 0.3183 0.0476 0.0658 0.0382 0.1479 0.2868 0.0402 
        D876  1 0.3247 0.0401 0.0664 0.2647 0.1122 0.0311 0.1159 0.0448 
        D877  1 0.0460 0.0263 0.1115 0.0274 0.5986 0.0330 0.1019 0.0554 
        D892  1 0.3077 0.0316 0.0322 0.1787 0.1096 0.2224 0.0603 0.0575 
        D893  1 0.4666 0.0698 0.0577 0.1191 0.0425 0.0650 0.1199 0.0595 
        D894  1 0.4849 0.0811 0.0288 0.0356 0.0514 0.1682 0.1110 0.0389 
        D915  1 0.4920 0.0539 0.1651 0.0519 0.0521 0.1005 0.0530 0.0314 
        D916  1 0.8401 0.0223 0.0203 0.0203 0.0228 0.0277 0.0255 0.0210 
        D917  1 0.1765 0.1541 0.0992 0.0423 0.2355 0.0222 0.1595 0.1106 
        D925  1 0.2067 0.0294 0.3795 0.1998 0.0748 0.0227 0.0558 0.0312 
        D926  1 0.4378 0.0646 0.1104 0.0554 0.0568 0.1290 0.1180 0.0280 
        D927  1 0.1933 0.0599 0.0237 0.1003 0.0466 0.0569 0.0749 0.4446 
        D928  1 0.0838 0.0254 0.2571 0.0209 0.5194 0.0183 0.0447 0.0304 
        D929  1 0.0670 0.0571 0.0951 0.2065 0.3045 0.0980 0.1185 0.0533 
        D936  1 0.4398 0.0910 0.0896 0.0354 0.0648 0.0950 0.0969 0.0875 
        D938  1 0.0329 0.0361 0.0832 0.6718 0.0552 0.0554 0.0403 0.0252 
        D956  1 0.0508 0.0611 0.0843 0.0339 0.4286 0.1491 0.1231 0.0691 
        D957  1 0.0828 0.0464 0.4759 0.2183 0.0297 0.0269 0.0695 0.0504 
        D958  1 0.1367 0.0330 0.1119 0.3640 0.2056 0.0371 0.0730 0.0387 
        D959  1 0.4331 0.0214 0.0734 0.0385 0.0308 0.0676 0.2237 0.1116 
        D960  1 0.0337 0.0205 0.2220 0.5586 0.0269 0.0699 0.0391 0.0291 
        D989  1 0.0972 0.1186 0.0372 0.0403 0.1386 0.0451 0.0814 0.4417 
        D990  1 0.0297 0.0930 0.2444 0.2942 0.0364 0.0257 0.2311 0.0455 
        H102  1 0.3990 0.0474 0.0525 0.1106 0.2333 0.0663 0.0629 0.0281 
        H103  1 0.1112 0.0636 0.0916 0.1248 0.0316 0.0267 0.4874 0.0631 
        H104  1 0.2140 0.2118 0.0491 0.0813 0.1014 0.1721 0.1048 0.0655 
        H105  1 0.2171 0.0745 0.2743 0.0415 0.1942 0.0412 0.0922 0.0650 
        H106  1 0.0601 0.0576 0.1396 0.3019 0.0602 0.2393 0.0802 0.0611 
        H112  1 0.0983 0.0762 0.1602 0.0524 0.1729 0.2207 0.1402 0.0792 
        H113  1 0.1756 0.3132 0.0986 0.0517 0.0554 0.0648 0.1583 0.0824 
        H114  1 0.3476 0.2452 0.0950 0.0559 0.0266 0.0536 0.1089 0.0673 
        H115  1 0.3326 0.0791 0.0459 0.0853 0.0871 0.2338 0.0791 0.0570 
        H143  1 0.5969 0.0279 0.1675 0.0308 0.0496 0.0400 0.0641 0.0232 
        H144  1 0.5677 0.0317 0.0440 0.0604 0.0339 0.0414 0.1644 0.0564 
        H145  1 0.0204 0.0885 0.0306 0.0657 0.6181 0.0370 0.1022 0.0375 
        H149  1 0.2186 0.0554 0.0663 0.0361 0.0473 0.4315 0.0717 0.0729 
        H150  1 0.0255 0.1310 0.0377 0.1440 0.1652 0.1030 0.2914 0.1021 
     H167542  1 0.6880 0.0233 0.0477 0.0599 0.0436 0.0672 0.0439 0.0264 
     H169604  1 0.1477 0.1423 0.0431 0.0339 0.2332 0.1112 0.0820 0.2067 
     H169607  1 0.0512 0.0805 0.0625 0.0467 0.4525 0.0544 0.1897 0.0625 
     H169608  1 0.0473 0.0610 0.0349 0.0625 0.6580 0.0353 0.0644 0.0367 
     H169633  1 0.2046 0.1483 0.1722 0.0471 0.0999 0.0770 0.1196 0.1312 
     H169688  1 0.0651 0.0325 0.0481 0.5284 0.0543 0.0256 0.1049 0.1410 
     H169714  1 0.0406 0.0820 0.0307 0.0771 0.0293 0.6286 0.0629 0.0488 
     H171802  1 0.0813 0.0877 0.1550 0.0760 0.0496 0.1897 0.1624 0.1984 
     H171805  1 0.0598 0.0750 0.1634 0.3068 0.0345 0.1333 0.1882 0.0389 
     H171807  1 0.0301 0.0605 0.1218 0.0655 0.2041 0.1547 0.1182 0.2450 
     H171814  1 0.0862 0.2626 0.0661 0.0988 0.0311 0.0201 0.1781 0.2570 
     H171816  1 0.0492 0.1019 0.1909 0.1713 0.0846 0.0729 0.1689 0.1603 
     H171817  1 0.0725 0.1160 0.1442 0.1029 0.3395 0.0925 0.0896 0.0427 
     H171818  1 0.2174 0.1572 0.1970 0.1239 0.0273 0.0961 0.1338 0.0474 
     H171819  1 0.0457 0.4276 0.1086 0.0909 0.0959 0.0482 0.0807 0.1023 
     H171834  1 0.0677 0.0437 0.0939 0.0432 0.0186 0.6416 0.0520 0.0394 
     H171835  1 0.0541 0.1312 0.0263 0.2470 0.1502 0.1798 0.0569 0.1546 
     H171836  1 0.0572 0.0603 0.3824 0.0991 0.0540 0.0370 0.2110 0.0989 
     H171837  1 0.3089 0.1696 0.0358 0.0811 0.2016 0.0746 0.0804 0.0480 
     H171838  1 0.0193 0.0817 0.2002 0.0957 0.0357 0.2976 0.1257 0.1441 
     H171839  1 0.1500 0.2691 0.0386 0.0536 0.1568 0.0955 0.0915 0.1448 
     H171841  1 0.0186 0.0367 0.3325 0.0608 0.4212 0.0369 0.0600 0.0333 
     H171860  1 0.1054 0.1400 0.0572 0.0367 0.3534 0.0602 0.0951 0.1520 
     H171861  1 0.1961 0.0992 0.2939 0.1560 0.0422 0.0404 0.1477 0.0245 
     H171862  1 0.0925 0.0882 0.1364 0.0475 0.0632 0.3526 0.1636 0.0559 
     H171868  1 0.6810 0.0882 0.0368 0.0337 0.0327 0.0423 0.0588 0.0267 
     H171869  1 0.1198 0.0613 0.0944 0.2655 0.0324 0.0692 0.2588 0.0986 
     H171870  1 0.0547 0.0294 0.0418 0.5528 0.0405 0.0959 0.1170 0.0679 
     H171871  1 0.0514 0.1014 0.1919 0.1430 0.0398 0.1452 0.2587 0.0687 
     H171872  1 0.0835 0.3418 0.0385 0.0569 0.2815 0.0817 0.0740 0.0420 
     H171873  1 0.0353 0.1133 0.0411 0.5224 0.0377 0.1079 0.0879 0.0543 
     H171874  1 0.0904 0.2042 0.1248 0.1824 0.1015 0.0580 0.1145 0.1242 
     H171875  1 0.2307 0.2291 0.2136 0.0698 0.0305 0.0239 0.1625 0.0399 
     H171876  1 0.1661 0.0626 0.0599 0.0388 0.0994 0.0399 0.0914 0.4419 
     H171877  1 0.5875 0.0871 0.0326 0.0632 0.0745 0.0321 0.0610 0.0619 
     H171878  1 0.0482 0.0417 0.0960 0.2222 0.0310 0.0493 0.2703 0.2411 
     H171901  1 0.0588 0.0338 0.2005 0.1017 0.4102 0.0437 0.0751 0.0762 
     H171902  1 0.0353 0.0710 0.0436 0.0450 0.5732 0.0814 0.1238 0.0268 
     H171903  1 0.2516 0.1557 0.0663 0.0355 0.0425 0.1319 0.1880 0.1284 
     H171935  1 0.0171 0.0781 0.0652 0.2339 0.1775 0.1940 0.0848 0.1493 
     H171936  1 0.3410 0.0790 0.2012 0.0792 0.0278 0.0649 0.0690 0.1379 
     H171940  1 0.2781 0.0414 0.2257 0.0406 0.0932 0.1875 0.0845 0.0490 
     H171945  1 0.0566 0.0316 0.1390 0.2129 0.1289 0.1108 0.2531 0.0672 
     H171948  1 0.0466 0.0609 0.4579 0.0343 0.0529 0.2231 0.0721 0.0523 
     H171949  1 0.0452 0.0551 0.0533 0.0394 0.1634 0.5100 0.0690 0.0646 
     H171950  1 0.1703 0.0896 0.0257 0.3164 0.1771 0.1319 0.0493 0.0397 
     H171963  1 0.0388 0.0392 0.0475 0.6405 0.0268 0.0329 0.1140 0.0604 
     H171964  1 0.0236 0.2690 0.0281 0.0997 0.0550 0.0764 0.2227 0.2255 
     H171966  1 0.0845 0.2010 0.1434 0.2209 0.0638 0.1168 0.1441 0.0256 
     H171968  1 0.1158 0.0325 0.0465 0.0726 0.5745 0.0658 0.0642 0.0281 
     H171971  1 0.0249 0.3713 0.1387 0.1249 0.0301 0.0918 0.1186 0.0997 
     H171972  1 0.0244 0.0497 0.0390 0.0347 0.0498 0.0269 0.0619 0.7136 
     H171977  1 0.0916 0.0826 0.1230 0.2959 0.0539 0.0469 0.1686 0.1375 
     H171978  1 0.0425 0.0540 0.1618 0.1167 0.1087 0.2797 0.1973 0.0392 
     H171979  1 0.0326 0.1745 0.1906 0.0384 0.0629 0.1000 0.2403 0.1607 
        H176  1 0.1275 0.2693 0.0424 0.0289 0.3663 0.0405 0.0765 0.0486 
        H177  1 0.0983 0.0363 0.1118 0.3112 0.1394 0.1625 0.0962 0.0442 
        H179  1 0.6985 0.0690 0.0513 0.0263 0.0384 0.0360 0.0459 0.0345 
        H181  1 0.0339 0.0428 0.6565 0.0310 0.0287 0.0854 0.0792 0.0425 
        H182  1 0.0589 0.1175 0.2150 0.2653 0.0516 0.0746 0.1802 0.0367 
        H183  1 0.0312 0.0195 0.7892 0.0234 0.0195 0.0412 0.0458 0.0303 
        H184  1 0.0613 0.1095 0.2839 0.0505 0.1644 0.1407 0.1475 0.0422 
        H185  1 0.0844 0.0798 0.1210 0.1520 0.0549 0.0788 0.1893 0.2398 
        H186  1 0.4581 0.0374 0.0270 0.2410 0.0461 0.0345 0.1290 0.0268 
        H187  1 0.1075 0.0294 0.3170 0.3536 0.0268 0.0213 0.0792 0.0652 
        H188  1 0.6031 0.0635 0.0478 0.0214 0.0787 0.0753 0.0531 0.0571 
        H192  1 0.0296 0.0487 0.0847 0.1241 0.0624 0.5165 0.0918 0.0422 
        H193  1 0.2291 0.0647 0.1494 0.1309 0.0588 0.0648 0.2758 0.0264 
        H194  1 0.0616 0.1422 0.0551 0.0370 0.0727 0.4408 0.1094 0.0813 
        H195  1 0.0593 0.0379 0.0547 0.5476 0.0494 0.0395 0.1051 0.1065 
        H199  1 0.0359 0.0413 0.2059 0.0957 0.3307 0.0437 0.1841 0.0626 
        H200  1 0.1725 0.0766 0.2018 0.0470 0.1652 0.0566 0.0984 0.1819 
        H414  1 0.1357 0.2101 0.1034 0.1191 0.0607 0.0642 0.1886 0.1182 
        H415  1 0.1654 0.1803 0.2426 0.0529 0.0981 0.0685 0.1121 0.0803 
        H422  1 0.1700 0.0884 0.1015 0.1136 0.2724 0.0353 0.1756 0.0432 
        H423  1 0.0291 0.0643 0.2341 0.0338 0.3845 0.0752 0.1219 0.0570 
        H424  1 0.0966 0.0496 0.2338 0.1596 0.0256 0.0694 0.3244 0.0410 
        H425  1 0.0502 0.0438 0.0676 0.3304 0.0418 0.0573 0.3301 0.0788 
        H426  1 0.0483 0.1335 0.2979 0.0419 0.0459 0.2210 0.1700 0.0415 
        H443  1 0.5695 0.0314 0.0204 0.0657 0.0522 0.0378 0.1962 0.0268 
        H466  1 0.1329 0.0584 0.1372 0.0486 0.0413 0.2642 0.1686 0.1488 
        H467  1 0.0248 0.2284 0.0274 0.1555 0.0383 0.4393 0.0515 0.0348 
        H472  1 0.0385 0.0674 0.0739 0.0217 0.6284 0.0351 0.0606 0.0744 
        H483  1 0.1017 0.0394 0.5497 0.0335 0.0415 0.0979 0.0662 0.0701 
        H504  1 0.0580 0.0795 0.2104 0.2081 0.1005 0.0277 0.2359 0.0799 
        H505  1 0.3776 0.0394 0.1794 0.0830 0.0453 0.0918 0.1104 0.0731 
        H506  1 0.0996 0.1062 0.2190 0.0973 0.1021 0.0358 0.2514 0.0887 
        H507  1 0.1015 0.1074 0.2769 0.1592 0.0497 0.0362 0.1708 0.0982 
        H508  1 0.0581 0.1849 0.0521 0.1225 0.0507 0.1031 0.3312 0.0974 
        H524  1 0.1259 0.0461 0.1725 0.3021 0.0442 0.0575 0.0914 0.1602 
        H525  1 0.1352 0.1146 0.0447 0.1565 0.1035 0.0412 0.2837 0.1205 
        H526  1 0.1680 0.2342 0.0689 0.0575 0.2266 0.0358 0.1424 0.0666 
        H527  1 0.0946 0.0469 0.2731 0.1538 0.1473 0.0653 0.1199 0.0991 
        H528  1 0.0785 0.4802 0.0742 0.0239 0.0464 0.0334 0.1692 0.0943 
        H529  1 0.1499 0.0813 0.0504 0.1443 0.0478 0.0826 0.4074 0.0362 
        H533  1 0.0711 0.1284 0.2134 0.2701 0.0429 0.0572 0.1731 0.0438 
        H538  1 0.1153 0.0524 0.0572 0.0454 0.3908 0.0840 0.1055 0.1494 
        H539  1 0.0416 0.0172 0.0431 0.7974 0.0198 0.0174 0.0341 0.0294 
        H540  1 0.0634 0.0850 0.1752 0.1876 0.1059 0.1374 0.1839 0.0617 
        H541  1 0.4018 0.0611 0.0753 0.0761 0.0933 0.1001 0.1038 0.0886 
        H558  1 0.0258 0.0206 0.7690 0.0364 0.0248 0.0307 0.0492 0.0434 
        H559  1 0.3960 0.0544 0.1602 0.0537 0.1411 0.0283 0.1212 0.0450 
        H579  1 0.0568 0.1072 0.2341 0.3115 0.1041 0.0299 0.1198 0.0367 
        H584  1 0.0691 0.1521 0.0495 0.0518 0.1209 0.2152 0.2743 0.0672 
        H585  1 0.1325 0.2542 0.1721 0.0487 0.0356 0.1034 0.1734 0.0802 
        H605  1 0.3852 0.0572 0.0651 0.1542 0.0813 0.0911 0.0890 0.0770 
        H606  1 0.4435 0.0278 0.0362 0.0407 0.3142 0.0477 0.0647 0.0253 
        H632  1 0.0550 0.2804 0.0375 0.0578 0.1903 0.0480 0.1054 0.2255 
        H634  1 0.2325 0.1329 0.1182 0.1539 0.0933 0.0552 0.1571 0.0568 
        H671  1 0.0679 0.2240 0.0816 0.0261 0.4038 0.0443 0.0951 0.0574 
        H672  1 0.3484 0.0370 0.0413 0.0648 0.0485 0.0366 0.0697 0.3535 
        H673  1 0.2175 0.0370 0.1438 0.0394 0.0585 0.0447 0.3489 0.1101 
        H689  1 0.1206 0.0879 0.1337 0.0402 0.0703 0.2215 0.2439 0.0819 
        H690  1 0.2233 0.0473 0.0474 0.2569 0.0692 0.2427 0.0787 0.0345 
        H691  1 0.3349 0.0494 0.0674 0.0515 0.0535 0.1104 0.0717 0.2613 
        H692  1 0.0581 0.0338 0.2382 0.0230 0.0279 0.0383 0.3946 0.1859 
        H709  1 0.3022 0.0906 0.0476 0.1404 0.0647 0.0912 0.1588 0.1044 
        H710  1 0.0687 0.1605 0.1051 0.0510 0.0331 0.0431 0.4865 0.0520 
       H7355  1 0.0446 0.1243 0.0267 0.0526 0.5627 0.0556 0.1003 0.0332 
       H7356  1 0.0437 0.0254 0.0676 0.2130 0.0455 0.3973 0.1467 0.0609 
       H7357  1 0.2719 0.0868 0.0946 0.1741 0.1978 0.0799 0.0655 0.0294 
       H7358  1 0.2834 0.0288 0.1327 0.0543 0.2713 0.0283 0.0839 0.1172 
       H7380  1 0.1310 0.2441 0.0625 0.0519 0.2162 0.0805 0.1792 0.0346 
       H7381  1 0.0614 0.0879 0.1194 0.0533 0.1653 0.0606 0.3737 0.0784 
       H7382  1 0.1173 0.0696 0.0794 0.1309 0.1152 0.0914 0.1910 0.2050 
        H904  1 0.3829 0.0448 0.0356 0.0631 0.2381 0.1576 0.0538 0.0242 
        H923  1 0.0869 0.2023 0.0569 0.1129 0.1443 0.0775 0.2139 0.1052 
        H924  1 0.2593 0.0459 0.2018 0.0623 0.1716 0.0919 0.1009 0.0663 
        H925  1 0.6786 0.0326 0.0626 0.0620 0.0307 0.0221 0.0537 0.0577 
       H9558  1 0.0177 0.0189 0.8144 0.0444 0.0182 0.0261 0.0315 0.0287 
      H105.1  1 0.0533 0.1413 0.3177 0.0355 0.0210 0.1553 0.2269 0.0490 
      H115.1  1 0.6547 0.0602 0.0714 0.0713 0.0254 0.0336 0.0502 0.0333 
      H145.1  1 0.0557 0.0641 0.0252 0.0421 0.7246 0.0205 0.0434 0.0244 
      H149.1  1 0.8453 0.0209 0.0179 0.0269 0.0172 0.0267 0.0245 0.0205 
      H150.1  1 0.0309 0.0599 0.0845 0.4977 0.0880 0.0367 0.1802 0.0221 
   H169607.1  1 0.0793 0.1652 0.1053 0.1038 0.3364 0.0273 0.0969 0.0859 
   H169633.1  1 0.4648 0.0563 0.1087 0.0491 0.1037 0.0402 0.0643 0.1129 
   H169688.1  1 0.3221 0.0381 0.0587 0.0649 0.0541 0.0246 0.1580 0.2796 
   H171901.1  1 0.0313 0.3866 0.0782 0.0914 0.0760 0.0380 0.1608 0.1376 
   H171902.1  1 0.1202 0.0455 0.0592 0.0921 0.5544 0.0414 0.0588 0.0283 
   H171903.1  1 0.0671 0.0446 0.1224 0.0794 0.1485 0.2654 0.1850 0.0875 
      H177.1  1 0.5855 0.0203 0.0309 0.0527 0.0714 0.0524 0.0577 0.1292 
      H179.1  1 0.4625 0.0940 0.1322 0.0678 0.0793 0.0399 0.0685 0.0557 
      H180.1  1 0.1215 0.0890 0.0535 0.2526 0.0561 0.1064 0.2660 0.0550 
      H181.1  1 0.2061 0.0824 0.1204 0.0919 0.0541 0.2405 0.1583 0.0462 
 H194.1_2004  1 0.0897 0.0408 0.1144 0.1286 0.0632 0.2112 0.2762 0.0759 
 H195.1_2003  1 0.0836 0.0679 0.2493 0.0815 0.0505 0.0806 0.1395 0.2471 
 H195.1_2004  1 0.1915 0.1157 0.0300 0.0464 0.3680 0.0396 0.0724 0.1364 
      H415.1  1 0.3678 0.0685 0.2166 0.1037 0.0523 0.0662 0.0830 0.0418 
      H506.1  1 0.4187 0.0747 0.1737 0.0505 0.0476 0.0233 0.1527 0.0588 
      H533.1  1 0.4251 0.0539 0.2353 0.1210 0.0392 0.0320 0.0667 0.0268 
      H535.1  1 0.2960 0.0460 0.0933 0.0750 0.0630 0.2563 0.1226 0.0478 
      H539.1  1 0.0508 0.0335 0.3612 0.3191 0.0864 0.0638 0.0610 0.0241 
      H540.1  1 0.0224 0.0305 0.0744 0.6924 0.0506 0.0402 0.0603 0.0292 
     H9558.1  1 0.0227 0.0341 0.6978 0.0898 0.0443 0.0278 0.0465 0.0370 
    kos339.1  1 0.5017 0.0478 0.0459 0.0689 0.0736 0.1084 0.0913 0.0624 
        D023  2 0.0854 0.0503 0.0184 0.7416 0.0191 0.0177 0.0371 0.0304 
        D130  2 0.0637 0.0180 0.0305 0.7388 0.0247 0.0585 0.0299 0.0359 
        D131  2 0.2975 0.2451 0.0319 0.0444 0.0566 0.0693 0.1821 0.0731 
        D163  2 0.0589 0.0522 0.0673 0.5857 0.0365 0.0957 0.0821 0.0217 
        D164  2 0.0187 0.0171 0.3214 0.2316 0.0232 0.0223 0.0266 0.3389 
        D165  2 0.0717 0.1001 0.0240 0.6436 0.0262 0.0375 0.0548 0.0420 
        D166  2 0.0353 0.1161 0.1086 0.2055 0.0856 0.1622 0.2419 0.0449 
        D167  2 0.0157 0.0197 0.0378 0.0186 0.0184 0.0188 0.0321 0.8388 
        D192  2 0.0143 0.0249 0.0424 0.0287 0.0220 0.0291 0.0329 0.8058 
        D193  2 0.0404 0.0545 0.5863 0.0400 0.0363 0.1256 0.0873 0.0296 
        D206  2 0.4624 0.0568 0.1081 0.0544 0.0404 0.0626 0.1102 0.1050 
        D207  2 0.0418 0.0695 0.0388 0.0368 0.0236 0.0646 0.1490 0.5760 
        D208  2 0.0824 0.2889 0.0430 0.1025 0.2512 0.0412 0.0882 0.1026 
        D209  2 0.0348 0.0433 0.1930 0.0998 0.0287 0.0361 0.2338 0.3306 
        D210  2 0.0875 0.1657 0.0425 0.0495 0.3234 0.1597 0.0663 0.1054 
     D229599  2 0.1538 0.2119 0.2561 0.0993 0.0494 0.0424 0.1300 0.0570 
     D229600  2 0.0514 0.0320 0.0442 0.4126 0.0294 0.0798 0.0678 0.2828 
     D237227  2 0.0803 0.1123 0.1819 0.1149 0.2186 0.0426 0.0856 0.1638 
     D237228  2 0.0169 0.0536 0.6377 0.0264 0.0863 0.0428 0.0835 0.0528 
     D237258  2 0.1089 0.2221 0.1035 0.0887 0.0603 0.0451 0.1793 0.1921 
     D237310  2 0.0175 0.0539 0.2926 0.0828 0.1138 0.2165 0.1211 0.1017 
     D237311  2 0.0243 0.0425 0.4426 0.0491 0.0311 0.0650 0.0816 0.2638 
     D237312  2 0.0374 0.0640 0.1744 0.0769 0.1080 0.3991 0.0951 0.0452 
     D237313  2 0.1996 0.0943 0.1763 0.1278 0.1421 0.1101 0.1197 0.0301 
     D237322  2 0.0403 0.2153 0.0518 0.0647 0.1693 0.1073 0.2857 0.0656 
     D237323  2 0.0257 0.1045 0.2385 0.1667 0.1590 0.0782 0.1005 0.1270 
     D237324  2 0.0366 0.0663 0.0471 0.2628 0.0276 0.0611 0.3404 0.1581 
     D237325  2 0.0513 0.0375 0.1644 0.1590 0.1010 0.2705 0.0893 0.1270 
     D237326  2 0.0459 0.0415 0.7223 0.0504 0.0288 0.0258 0.0492 0.0360 
     D237327  2 0.0322 0.4703 0.0258 0.0771 0.0518 0.1178 0.0944 0.1306 
     D237337  2 0.0605 0.0553 0.4961 0.0715 0.0959 0.1105 0.0751 0.0350 
     D237338  2 0.0624 0.1456 0.1364 0.1819 0.0893 0.1833 0.0823 0.1189 
     D237339  2 0.0975 0.0956 0.1173 0.0917 0.0254 0.0530 0.1699 0.3496 
     D237340  2 0.0320 0.0923 0.2012 0.0595 0.0878 0.0799 0.1080 0.3394 
     D237389  2 0.0184 0.0331 0.6732 0.0364 0.0245 0.0973 0.0574 0.0597 
     D237390  2 0.0504 0.1500 0.3221 0.0541 0.0670 0.2207 0.0830 0.0528 
     D244017  2 0.0282 0.0417 0.0427 0.0414 0.0522 0.0166 0.0514 0.7258 
     D244112  2 0.0193 0.0386 0.0910 0.0738 0.0238 0.0420 0.0821 0.6295 
     D244118  2 0.0150 0.0297 0.0746 0.4518 0.0212 0.0257 0.0380 0.3441 
     D244119  2 0.0352 0.0332 0.0347 0.0245 0.1960 0.0269 0.0346 0.6148 
     D244120  2 0.0202 0.1825 0.1972 0.0396 0.0511 0.1704 0.0784 0.2606 
     D244122  2 0.0513 0.0468 0.1043 0.0950 0.0627 0.0726 0.0758 0.4916 
        D291  2 0.0648 0.5259 0.0480 0.0871 0.0315 0.0248 0.1594 0.0587 
        D292  2 0.2322 0.2595 0.1460 0.0561 0.0509 0.0378 0.0730 0.1446 
        D293  2 0.0846 0.0421 0.0206 0.0183 0.0173 0.0207 0.0340 0.7623 
        D322  2 0.1078 0.0528 0.0475 0.0746 0.0251 0.0387 0.0819 0.5716 
        D323  2 0.1240 0.0814 0.0767 0.0598 0.0626 0.0361 0.2568 0.3027 
        D324  2 0.1064 0.4840 0.0659 0.0724 0.0639 0.0628 0.0968 0.0480 
        D325  2 0.0361 0.0670 0.0324 0.0217 0.0149 0.0376 0.0508 0.7396 
        D326  2 0.7802 0.0568 0.0306 0.0134 0.0241 0.0196 0.0514 0.0237 
        D340  2 0.0276 0.0295 0.0280 0.0199 0.0285 0.0285 0.0358 0.8022 
        D341  2 0.0571 0.0665 0.0373 0.0384 0.0632 0.3865 0.0342 0.3169 
        D342  2 0.0423 0.0467 0.2370 0.2430 0.0316 0.1630 0.1803 0.0562 
        D343  2 0.0188 0.0178 0.0126 0.0130 0.0127 0.0195 0.0169 0.8887 
        D344  2 0.0683 0.0289 0.7043 0.0198 0.0235 0.0486 0.0770 0.0295 
        D345  2 0.0691 0.0657 0.4864 0.1456 0.0473 0.0287 0.1216 0.0356 
        D346  2 0.0642 0.0669 0.0580 0.0223 0.4676 0.0704 0.0486 0.2020 
        D351  2 0.2197 0.3607 0.0549 0.0662 0.0437 0.0325 0.1573 0.0650 
        D352  2 0.0280 0.0949 0.3596 0.0297 0.0986 0.0313 0.2141 0.1438 
        D353  2 0.1378 0.0592 0.0358 0.0269 0.0571 0.0326 0.5764 0.0742 
        D354  2 0.0708 0.0242 0.7080 0.0335 0.0516 0.0344 0.0522 0.0253 
        D362  2 0.7030 0.0469 0.0862 0.0398 0.0316 0.0182 0.0424 0.0319 
        D363  2 0.6605 0.0493 0.1005 0.0382 0.0342 0.0165 0.0563 0.0446 
        D364  2 0.1504 0.0219 0.6622 0.0234 0.0251 0.0362 0.0513 0.0295 
        D365  2 0.0210 0.0136 0.0118 0.0121 0.0151 0.0170 0.0162 0.8931 
        D369  2 0.2124 0.1849 0.0509 0.0279 0.0628 0.0483 0.0726 0.3402 
        D374  2 0.0323 0.0234 0.7059 0.0191 0.1087 0.0282 0.0518 0.0306 
        D375  2 0.0318 0.0297 0.6568 0.0337 0.0274 0.0534 0.1232 0.0440 
        D376  2 0.0286 0.0243 0.5720 0.0297 0.1519 0.0744 0.0530 0.0661 
        D377  2 0.0652 0.1481 0.1979 0.0691 0.1897 0.1582 0.1144 0.0574 
        D378  2 0.2612 0.0995 0.0281 0.1199 0.0345 0.0468 0.1395 0.2706 
        D379  2 0.7240 0.0294 0.0499 0.0303 0.0237 0.0612 0.0548 0.0267 
        D384  2 0.8438 0.0246 0.0233 0.0151 0.0343 0.0207 0.0207 0.0175 
        D385  2 0.0222 0.0190 0.0382 0.0151 0.0310 0.0242 0.0288 0.8216 
        D386  2 0.3265 0.0370 0.0684 0.2510 0.0400 0.0481 0.1442 0.0847 
        D391  2 0.0316 0.0324 0.0189 0.0223 0.0310 0.0244 0.0342 0.8052 
        D392  2 0.0671 0.0523 0.0657 0.0357 0.0294 0.0204 0.0488 0.6805 
        D393  2 0.3492 0.2866 0.0364 0.0599 0.0355 0.0773 0.0807 0.0744 
        D394  2 0.0710 0.0956 0.3091 0.1304 0.0389 0.0817 0.1413 0.1321 
        D395  2 0.0223 0.0255 0.0448 0.0214 0.0219 0.0346 0.0568 0.7727 
        D401  2 0.0251 0.0360 0.7203 0.0302 0.0319 0.0227 0.0564 0.0774 
        D402  2 0.0306 0.0849 0.0354 0.0273 0.0501 0.0595 0.0455 0.6667 
        D403  2 0.4206 0.0295 0.0772 0.1031 0.0343 0.0801 0.2354 0.0198 
        D415  2 0.5535 0.0278 0.0769 0.0328 0.0235 0.0965 0.1292 0.0599 
        D435  2 0.4196 0.0732 0.0648 0.0354 0.0333 0.0949 0.0746 0.2042 
        D436  2 0.2146 0.0875 0.2856 0.0451 0.1007 0.1039 0.1081 0.0546 
        D438  2 0.0261 0.0235 0.0231 0.0281 0.0413 0.0322 0.0226 0.8032 
        D439  2 0.0644 0.0970 0.3699 0.0728 0.0329 0.0441 0.2489 0.0700 
        D449  2 0.0865 0.0574 0.3397 0.0229 0.0220 0.1807 0.1805 0.1102 
        D450  2 0.1127 0.0738 0.0412 0.0606 0.4500 0.0760 0.1567 0.0291 
        D456  2 0.7762 0.0500 0.0341 0.0282 0.0275 0.0250 0.0408 0.0183 
        D462  2 0.0371 0.0385 0.0270 0.0260 0.0204 0.0190 0.0361 0.7958 
        D463  2 0.8218 0.0265 0.0272 0.0183 0.0280 0.0211 0.0374 0.0197 
        D464  2 0.0712 0.0294 0.0446 0.0303 0.0737 0.0590 0.4065 0.2852 
        D465  2 0.0784 0.0307 0.0661 0.0230 0.0350 0.0378 0.0464 0.6827 
        D473  2 0.0303 0.0512 0.0376 0.0594 0.6959 0.0470 0.0341 0.0446 
        D474  2 0.3870 0.2889 0.0576 0.0384 0.0602 0.0585 0.0537 0.0557 
        D476  2 0.0472 0.1028 0.0871 0.4042 0.0258 0.0440 0.0994 0.1894 
        D477  2 0.2188 0.1719 0.1399 0.0306 0.1706 0.0896 0.1213 0.0573 
        D478  2 0.0715 0.1717 0.1392 0.2195 0.0743 0.0276 0.2283 0.0679 
        D480  2 0.3742 0.0634 0.0273 0.0434 0.0531 0.2341 0.0702 0.1344 
        D481  2 0.1419 0.1550 0.1607 0.1457 0.0527 0.0269 0.1433 0.1736 
        D482  2 0.0386 0.2327 0.0787 0.0945 0.1840 0.0785 0.2117 0.0813 
        D483  2 0.0222 0.0217 0.0212 0.0261 0.0228 0.0196 0.0205 0.8460 
        D484  2 0.0203 0.0885 0.2659 0.0521 0.1139 0.0671 0.1821 0.2102 
        D510  2 0.0401 0.0919 0.2870 0.0289 0.3655 0.0528 0.0787 0.0551 
        D511  2 0.1400 0.1267 0.0498 0.1054 0.0423 0.0404 0.1044 0.3910 
        D512  2 0.0234 0.0332 0.3701 0.0342 0.0264 0.0646 0.1027 0.3454 
        D513  2 0.1567 0.1234 0.1184 0.0466 0.0956 0.0505 0.0905 0.3183 
        D635  2 0.2621 0.1331 0.0505 0.3002 0.0312 0.0256 0.1194 0.0778 
        D636  2 0.0342 0.0201 0.0296 0.8164 0.0301 0.0146 0.0310 0.0239 
        D637  2 0.0454 0.0637 0.1564 0.0444 0.1047 0.2634 0.0890 0.2331 
        D658  2 0.0420 0.0300 0.0583 0.0500 0.0666 0.1170 0.0410 0.5951 
        D659  2 0.4321 0.0841 0.1050 0.0486 0.0566 0.1292 0.1216 0.0228 
        D677  2 0.3239 0.1159 0.0915 0.0832 0.0298 0.2192 0.0936 0.0429 
        D678  2 0.0212 0.0254 0.0768 0.0980 0.0301 0.0492 0.1589 0.5405 
        D679  2 0.2778 0.2482 0.0331 0.0504 0.1214 0.0693 0.1422 0.0576 
        D719  2 0.2260 0.1995 0.0756 0.0264 0.1583 0.0334 0.0583 0.2225 
        D720  2 0.6797 0.0361 0.0482 0.0415 0.0729 0.0218 0.0579 0.0419 
        D721  2 0.0593 0.0316 0.0282 0.6711 0.0396 0.0507 0.0485 0.0711 
        D722  2 0.0294 0.0388 0.6877 0.0193 0.0778 0.0210 0.0630 0.0630 
        D734  2 0.0438 0.0815 0.0307 0.0248 0.3633 0.0780 0.0678 0.3101 
        D735  2 0.3976 0.0836 0.0395 0.1097 0.0894 0.0750 0.1424 0.0627 
        D736  2 0.0662 0.3215 0.1678 0.0405 0.1677 0.0935 0.0882 0.0547 
        D737  2 0.0294 0.0806 0.0697 0.1845 0.0281 0.0736 0.0557 0.4785 
        D807  2 0.1961 0.2582 0.0853 0.0393 0.1717 0.0921 0.0614 0.0958 
        D808  2 0.0738 0.1488 0.0987 0.1288 0.0291 0.1069 0.1450 0.2689 
        D817  2 0.3396 0.0980 0.1715 0.0566 0.0611 0.0348 0.1909 0.0475 
        D818  2 0.0925 0.1668 0.0233 0.0901 0.0342 0.1843 0.1444 0.2644 
        D819  2 0.2359 0.1842 0.1356 0.0394 0.0456 0.0322 0.1985 0.1286 
        D820  2 0.6718 0.0433 0.0247 0.0337 0.0350 0.0680 0.0460 0.0775 
        D895  2 0.2252 0.0430 0.1681 0.0977 0.1063 0.0718 0.2404 0.0475 
        D896  2 0.0241 0.0322 0.7331 0.0462 0.0410 0.0457 0.0343 0.0434 
        D897  2 0.0454 0.0874 0.1088 0.0737 0.0495 0.3485 0.1525 0.1342 
        D898  2 0.0290 0.3631 0.2235 0.0427 0.0540 0.0654 0.1856 0.0366 
        D918  2 0.0613 0.0921 0.0711 0.1072 0.1432 0.2727 0.0925 0.1599 
        D919  2 0.1821 0.2258 0.0898 0.0687 0.0242 0.0387 0.2435 0.1272 
        D920  2 0.0330 0.0361 0.0511 0.7053 0.0416 0.0539 0.0483 0.0306 
        D923  2 0.5630 0.0454 0.1184 0.0320 0.0403 0.0381 0.0936 0.0692 
        D930  2 0.1478 0.0486 0.0740 0.0419 0.4101 0.1505 0.0908 0.0363 
        D931  2 0.1645 0.0557 0.0429 0.0337 0.0504 0.0706 0.0665 0.5157 
        D968  2 0.0265 0.1245 0.0421 0.0185 0.0205 0.0181 0.0439 0.7059 
        D969  2 0.2644 0.2271 0.0525 0.0361 0.0311 0.0935 0.1170 0.1783 
        D977  2 0.0286 0.0306 0.0292 0.0272 0.0299 0.0761 0.0446 0.7338 
        D978  2 0.0585 0.2578 0.0237 0.0310 0.0502 0.2813 0.2148 0.0827 
        H008  2 0.1904 0.0872 0.3494 0.0304 0.0689 0.0322 0.1792 0.0622 
        H021  2 0.0591 0.0587 0.0306 0.1533 0.0411 0.4468 0.0546 0.1557 
        H023  2 0.4508 0.0484 0.0694 0.1533 0.1310 0.0522 0.0678 0.0271 
        H024  2 0.0228 0.0876 0.4652 0.0361 0.0279 0.1160 0.1579 0.0864 
        H025  2 0.1035 0.0452 0.3678 0.0467 0.0913 0.0837 0.1931 0.0687 
        H026  2 0.2257 0.1247 0.0459 0.0299 0.0281 0.0464 0.2597 0.2397 
        H027  2 0.2177 0.0707 0.0408 0.0832 0.0497 0.1211 0.0848 0.3320 
        H028  2 0.0457 0.0360 0.6882 0.0320 0.0340 0.0650 0.0666 0.0325 
        H029  2 0.2355 0.1783 0.0723 0.0707 0.0326 0.0190 0.1302 0.2614 
        H030  2 0.0183 0.0252 0.0778 0.0312 0.0240 0.0473 0.0396 0.7366 
        H038  2 0.1207 0.0475 0.0290 0.6567 0.0377 0.0416 0.0379 0.0290 
        H039  2 0.0390 0.0338 0.0966 0.0300 0.6416 0.0901 0.0457 0.0232 
        H040  2 0.0692 0.0370 0.0231 0.7447 0.0281 0.0388 0.0369 0.0223 
        H041  2 0.1669 0.1911 0.1540 0.0269 0.0611 0.0560 0.0954 0.2485 
        H042  2 0.0629 0.0681 0.1121 0.1621 0.3496 0.0460 0.1513 0.0478 
        H043  2 0.0473 0.0280 0.0955 0.6757 0.0626 0.0243 0.0367 0.0299 
        H044  2 0.0315 0.0772 0.3144 0.0864 0.1063 0.0484 0.2250 0.1108 
        H047  2 0.0451 0.0569 0.6963 0.0327 0.0568 0.0490 0.0364 0.0269 
        H050  2 0.1351 0.0417 0.0672 0.0756 0.0484 0.0641 0.1199 0.4480 
        H058  2 0.0729 0.1027 0.0769 0.3081 0.0317 0.0980 0.2218 0.0879 
        H062  2 0.1335 0.0306 0.0912 0.1838 0.3549 0.1066 0.0654 0.0341 
        H063  2 0.0940 0.1450 0.1547 0.0991 0.0517 0.0464 0.0893 0.3199 
        H065  2 0.7607 0.0255 0.0631 0.0240 0.0534 0.0271 0.0292 0.0170 
        H066  2 0.0456 0.1160 0.4818 0.1351 0.0199 0.0574 0.0829 0.0613 
        H067  2 0.1456 0.1546 0.0656 0.0607 0.2520 0.1624 0.0972 0.0618 
        H068  2 0.0557 0.1796 0.1313 0.0516 0.2330 0.1079 0.1099 0.1309 
        H069  2 0.0876 0.0367 0.0916 0.1417 0.0458 0.0192 0.0788 0.4986 
        H071  2 0.4003 0.0863 0.0435 0.0615 0.1288 0.0763 0.1471 0.0562 
        H072  2 0.0449 0.0668 0.1789 0.0372 0.4751 0.0447 0.0753 0.0771 
        H073  2 0.1584 0.1123 0.0371 0.1456 0.0413 0.1100 0.3073 0.0880 
        H081  2 0.2103 0.1010 0.0722 0.0381 0.3707 0.0534 0.0907 0.0637 
        H082  2 0.0538 0.0460 0.0974 0.0635 0.0272 0.0237 0.0538 0.6347 
        H083  2 0.0409 0.0241 0.0531 0.0355 0.0248 0.0586 0.0337 0.7293 
        H084  2 0.0461 0.3819 0.0576 0.0835 0.0846 0.1250 0.1217 0.0995 
        H085  2 0.2141 0.0400 0.0406 0.0292 0.0917 0.0346 0.0771 0.4727 
        H087  2 0.2070 0.1697 0.0751 0.0440 0.1572 0.1874 0.0993 0.0604 
        H088  2 0.3305 0.0665 0.1833 0.0614 0.1001 0.0806 0.1022 0.0755 
        H089  2 0.1468 0.0942 0.0629 0.1449 0.1759 0.0592 0.1667 0.1494 
        H090  2 0.0304 0.1045 0.0337 0.0190 0.0226 0.0335 0.0320 0.7244 
        H091  2 0.0360 0.0283 0.0200 0.0327 0.0318 0.0268 0.0423 0.7821 
        H098  2 0.0673 0.1817 0.3243 0.0554 0.0555 0.1059 0.1301 0.0798 
      H10001  2 0.0217 0.0225 0.0234 0.0285 0.7771 0.0591 0.0346 0.0332 
      H10002  2 0.4222 0.0328 0.0660 0.1861 0.0795 0.0910 0.0740 0.0483 
        H101  2 0.0342 0.0516 0.0725 0.0435 0.0312 0.0471 0.0650 0.6548 
        H108  2 0.1524 0.0353 0.0545 0.0249 0.5368 0.0804 0.0964 0.0193 
        H109  2 0.0586 0.1326 0.4438 0.0625 0.0382 0.0570 0.1396 0.0676 
        H110  2 0.3563 0.1432 0.0886 0.0579 0.1037 0.0356 0.1430 0.0718 
        H116  2 0.1172 0.1273 0.2489 0.0992 0.0484 0.0618 0.2127 0.0846 
        H117  2 0.0783 0.4970 0.0357 0.0307 0.0263 0.0857 0.0873 0.1590 
        H118  2 0.1693 0.0627 0.0651 0.0220 0.0316 0.0390 0.1199 0.4904 
        H119  2 0.1273 0.5006 0.0285 0.0774 0.0818 0.0364 0.1118 0.0362 
        H120  2 0.0783 0.0317 0.0356 0.0320 0.7084 0.0302 0.0576 0.0263 
        H121  2 0.0333 0.0207 0.0161 0.0149 0.0302 0.0197 0.0273 0.8377 
        H125  2 0.0378 0.1965 0.0464 0.0412 0.4147 0.1527 0.0788 0.0320 
        H126  2 0.0381 0.0328 0.5833 0.0294 0.1267 0.0332 0.1256 0.0310 
        H128  2 0.0157 0.0137 0.0139 0.0122 0.0111 0.0139 0.0158 0.9037 
        H129  2 0.0764 0.1436 0.1105 0.0360 0.0209 0.2885 0.2720 0.0520 
        H130  2 0.0209 0.0216 0.1719 0.0317 0.5355 0.0950 0.0886 0.0349 
        H133  2 0.0360 0.0501 0.0780 0.0523 0.5505 0.0982 0.0741 0.0608 
        H134  2 0.2567 0.0664 0.2259 0.0313 0.0231 0.0269 0.3339 0.0358 
        H135  2 0.3795 0.0809 0.1275 0.0666 0.0882 0.0357 0.1095 0.1120 
        H137  2 0.0540 0.1488 0.1492 0.0411 0.0275 0.3617 0.0812 0.1366 
        H138  2 0.0618 0.2244 0.1366 0.0545 0.0414 0.1009 0.3426 0.0376 
        H140  2 0.0374 0.0749 0.0553 0.0280 0.0970 0.2760 0.0948 0.3366 
        H146  2 0.0572 0.0430 0.0264 0.0257 0.0247 0.0295 0.0762 0.7174 
        H147  2 0.0740 0.1157 0.0434 0.0507 0.0269 0.0440 0.1703 0.4751 
        H148  2 0.0852 0.3426 0.0664 0.0490 0.0718 0.2465 0.0608 0.0776 
     H166022  2 0.0726 0.2375 0.2163 0.0806 0.0772 0.0406 0.1555 0.1197 
     H167359  2 0.0603 0.0632 0.5718 0.0613 0.0410 0.0419 0.1186 0.0419 
     H167397  2 0.0388 0.1297 0.1908 0.0705 0.0286 0.0267 0.2867 0.2282 
     H167428  2 0.4030 0.0461 0.0853 0.0244 0.0216 0.0217 0.0816 0.3162 
     H167496  2 0.1782 0.1109 0.1288 0.0562 0.1498 0.1620 0.0914 0.1227 
     H167513  2 0.0234 0.0554 0.1081 0.6009 0.0465 0.0582 0.0505 0.0572 
     H167545  2 0.0373 0.0376 0.1493 0.6259 0.0305 0.0230 0.0646 0.0318 
     H167547  2 0.0139 0.7472 0.0357 0.0266 0.0220 0.0265 0.0654 0.0626 
     H169621  2 0.0237 0.0506 0.0320 0.0395 0.0240 0.1376 0.0391 0.6536 
     H169622  2 0.2113 0.0334 0.1966 0.1719 0.0929 0.0285 0.2110 0.0545 
     H169750  2 0.0285 0.0754 0.0578 0.0385 0.1047 0.0425 0.0766 0.5759 
     H171806  2 0.1448 0.2407 0.0237 0.0309 0.1118 0.0429 0.0778 0.3273 
     H171808  2 0.3770 0.0420 0.0694 0.0603 0.2773 0.0282 0.0956 0.0502 
     H171809  2 0.1319 0.1023 0.1085 0.0445 0.3533 0.0628 0.1577 0.0389 
     H171813  2 0.0279 0.1782 0.0302 0.2905 0.0590 0.2921 0.0715 0.0506 
     H171815  2 0.0910 0.0434 0.2071 0.4491 0.0512 0.0813 0.0493 0.0276 
     H171824  2 0.2413 0.2114 0.0387 0.0423 0.2230 0.0982 0.0632 0.0819 
     H171825  2 0.0937 0.0461 0.1592 0.0766 0.3790 0.0408 0.1741 0.0305 
     H171826  2 0.3594 0.2101 0.1270 0.0352 0.0688 0.0663 0.0800 0.0532 
     H171827  2 0.1472 0.0620 0.0378 0.5363 0.0276 0.0711 0.0714 0.0467 
     H171828  2 0.0558 0.0785 0.0244 0.0329 0.6034 0.1035 0.0589 0.0427 
     H171829  2 0.0260 0.3408 0.0468 0.1348 0.1283 0.0694 0.2012 0.0527 
     H171830  2 0.1107 0.1014 0.4540 0.0637 0.0621 0.0239 0.0961 0.0881 
     H171831  2 0.0403 0.3675 0.1794 0.0543 0.0481 0.0496 0.1784 0.0823 
     H171832  2 0.0416 0.0573 0.5280 0.0769 0.0718 0.0275 0.1520 0.0450 
     H171863  2 0.0366 0.0417 0.1394 0.1453 0.0225 0.0149 0.1207 0.4788 
     H171864  2 0.1373 0.2841 0.1133 0.0757 0.1197 0.0548 0.1079 0.1071 
     H171865  2 0.1222 0.0634 0.5532 0.0893 0.0411 0.0220 0.0558 0.0529 
     H171879  2 0.0376 0.6397 0.0539 0.0488 0.0264 0.0478 0.0995 0.0462 
     H171880  2 0.0370 0.1961 0.0864 0.0726 0.0302 0.0709 0.1532 0.3535 
     H171881  2 0.0854 0.0606 0.0866 0.0546 0.0420 0.4866 0.1197 0.0645 
     H171882  2 0.0671 0.0380 0.1090 0.0520 0.5756 0.0597 0.0530 0.0456 
     H171929  2 0.1334 0.0696 0.2405 0.0390 0.1010 0.0730 0.1006 0.2429 
     H171930  2 0.0271 0.0529 0.5877 0.1592 0.0235 0.0318 0.0549 0.0628 
     H171933  2 0.0395 0.1321 0.0508 0.0477 0.0673 0.3628 0.1303 0.1694 
     H171934  2 0.1461 0.0614 0.0447 0.1729 0.1405 0.3006 0.0920 0.0419 
     H171937  2 0.0482 0.0289 0.5477 0.0387 0.0256 0.0793 0.1980 0.0335 
     H171962  2 0.1180 0.0476 0.5913 0.0487 0.0298 0.0713 0.0492 0.0442 
        H190  2 0.0580 0.0548 0.1105 0.0424 0.0280 0.4281 0.1830 0.0951 
        H191  2 0.0540 0.1666 0.3534 0.0581 0.0656 0.0919 0.1517 0.0587 
        H396  2 0.5859 0.0631 0.0210 0.0542 0.0827 0.0385 0.0665 0.0880 
        H397  2 0.0763 0.1220 0.0521 0.1202 0.1973 0.0567 0.2116 0.1639 
        H398  2 0.5692 0.0371 0.0441 0.0399 0.1199 0.0778 0.0717 0.0402 
        H400  2 0.3701 0.0360 0.1801 0.1086 0.1681 0.0379 0.0621 0.0372 
        H401  2 0.0180 0.7081 0.0654 0.0365 0.0226 0.0443 0.0557 0.0495 
        H402  2 0.1483 0.0595 0.0852 0.4436 0.0193 0.0666 0.0947 0.0830 
        H427  2 0.3125 0.2630 0.0779 0.0665 0.0532 0.0643 0.1166 0.0461 
        H428  2 0.4186 0.0495 0.0933 0.0235 0.0212 0.0228 0.1001 0.2710 
        H497  2 0.0573 0.0358 0.0725 0.6136 0.0618 0.0392 0.0622 0.0575 
        H512  2 0.1077 0.3114 0.0648 0.1131 0.0338 0.1262 0.1500 0.0929 
        H513  2 0.0223 0.0581 0.1333 0.5718 0.0405 0.0501 0.0590 0.0649 
        H514  2 0.0721 0.1325 0.1725 0.0918 0.0303 0.0302 0.2257 0.2448 
        H519  2 0.0259 0.0608 0.2411 0.3740 0.0516 0.0735 0.0728 0.1004 
        H532  2 0.5915 0.1590 0.0293 0.0470 0.0337 0.0291 0.0495 0.0609 
        H543  2 0.0732 0.2369 0.0644 0.1830 0.0444 0.0605 0.1587 0.1789 
        H544  2 0.0376 0.0252 0.1326 0.0296 0.4146 0.0212 0.0983 0.2408 
        H545  2 0.0404 0.0307 0.3213 0.4703 0.0397 0.0240 0.0429 0.0306 
        H546  2 0.0811 0.0367 0.5474 0.0691 0.0471 0.1303 0.0557 0.0327 
        H547  2 0.0126 0.7338 0.0340 0.0316 0.0229 0.0244 0.0888 0.0520 
        H548  2 0.1656 0.1453 0.1101 0.1065 0.2836 0.0374 0.1095 0.0420 
        H549  2 0.0201 0.0142 0.0189 0.8854 0.0179 0.0137 0.0129 0.0169 
