        D174  1 0.0667 0.0390 0.0411 0.4224 0.0995 0.0848 0.1305 0.1162 
        D199  1 0.0955 0.0844 0.0692 0.0694 0.3513 0.1446 0.1545 0.0311 
        D203  1 0.1747 0.1174 0.0714 0.0498 0.1625 0.0984 0.1962 0.1297 
        D204  1 0.2058 0.0462 0.0367 0.0395 0.0929 0.0618 0.4897 0.0275 
     D237366  1 0.2190 0.0455 0.0791 0.0772 0.0442 0.0864 0.0703 0.3783 
     D237367  1 0.3340 0.0402 0.0677 0.0665 0.1635 0.0781 0.2181 0.0320 
     D237368  1 0.0448 0.0454 0.3370 0.0546 0.2073 0.1009 0.1644 0.0456 
     D244101  1 0.0735 0.1616 0.0306 0.0250 0.2334 0.0850 0.3569 0.0340 
     D244102  1 0.2997 0.1356 0.1410 0.0618 0.0755 0.1406 0.0894 0.0562 
     D244103  1 0.0613 0.0584 0.0378 0.0721 0.0352 0.1646 0.4082 0.1625 
     D244104  1 0.0273 0.0765 0.0683 0.0636 0.0541 0.0528 0.6088 0.0487 
     D244105  1 0.0608 0.0635 0.1399 0.0255 0.0280 0.1792 0.2033 0.2999 
     D244106  1 0.0706 0.0587 0.0321 0.1654 0.1223 0.0742 0.0731 0.4036 
     D244107  1 0.0332 0.1634 0.4395 0.0228 0.0538 0.1344 0.1046 0.0482 
     D244108  1 0.2625 0.0639 0.2516 0.1303 0.0673 0.1117 0.0780 0.0346 
     D244113  1 0.0457 0.0186 0.0417 0.7398 0.0438 0.0536 0.0353 0.0216 
     D244114  1 0.0636 0.0777 0.0446 0.0957 0.0356 0.1602 0.0623 0.4603 
     D244115  1 0.0466 0.0890 0.0837 0.2264 0.0440 0.1563 0.2804 0.0736 
     D267365  1 0.1048 0.1475 0.0468 0.1727 0.0646 0.0923 0.3305 0.0409 
        D404  1 0.1935 0.0532 0.0360 0.4368 0.1261 0.0704 0.0318 0.0522 
        D405  1 0.1628 0.0511 0.0582 0.1589 0.1441 0.2077 0.1566 0.0607 
        D406  1 0.0858 0.0252 0.6826 0.0435 0.0291 0.0331 0.0606 0.0401 
        D407  1 0.0353 0.0345 0.0521 0.0423 0.3207 0.1543 0.3271 0.0338 
        D408  1 0.0263 0.1473 0.0180 0.6158 0.0400 0.0758 0.0495 0.0271 
        D409  1 0.0379 0.2653 0.0562 0.0354 0.0541 0.2791 0.2085 0.0635 
        D410  1 0.0561 0.0321 0.6106 0.0507 0.0226 0.0972 0.0967 0.0338 
        D421  1 0.0178 0.0328 0.0165 0.0348 0.1449 0.0328 0.7014 0.0192 
        D422  1 0.0184 0.0354 0.5939 0.0179 0.0219 0.0673 0.0429 0.2023 
        D423  1 0.0416 0.0356 0.5541 0.0279 0.1697 0.0617 0.0799 0.0295 
        D424  1 0.0279 0.0226 0.0294 0.0449 0.0310 0.0964 0.7154 0.0324 
        D425  1 0.1605 0.1606 0.0300 0.1420 0.0637 0.2020 0.2092 0.0321 
        D426  1 0.0156 0.2185 0.0356 0.0384 0.0665 0.3188 0.1198 0.1870 
        D427  1 0.0197 0.0856 0.0269 0.0855 0.4811 0.0300 0.2443 0.0270 
        D428  1 0.2819 0.0513 0.1120 0.1577 0.0617 0.1958 0.1175 0.0222 
        D429  1 0.0595 0.0487 0.0291 0.0818 0.0467 0.0944 0.3728 0.2669 
        D430  1 0.0804 0.0759 0.0290 0.1039 0.2090 0.1636 0.0851 0.2531 
        D491  1 0.0320 0.0650 0.0445 0.5964 0.0440 0.0801 0.1021 0.0359 
        D492  1 0.0632 0.0382 0.0413 0.2113 0.1360 0.1425 0.3057 0.0618 
        D537  1 0.1035 0.0303 0.0625 0.0612 0.0547 0.1201 0.5193 0.0484 
        D538  1 0.0961 0.0584 0.1745 0.1175 0.1886 0.2350 0.0658 0.0642 
        D539  1 0.1178 0.1053 0.0883 0.1513 0.0404 0.1037 0.0473 0.3459 
        D540  1 0.0335 0.0741 0.0625 0.0717 0.0539 0.2411 0.3966 0.0666 
        D541  1 0.0244 0.0433 0.0226 0.0201 0.0342 0.0333 0.8052 0.0169 
        D551  1 0.0311 0.0915 0.0407 0.0399 0.0311 0.1407 0.0378 0.5872 
        D552  1 0.0342 0.0466 0.4497 0.0829 0.0488 0.0962 0.1705 0.0711 
        D553  1 0.0211 0.0297 0.0195 0.0263 0.0186 0.0268 0.8393 0.0187 
        D615  1 0.0603 0.0720 0.1554 0.1059 0.0428 0.1403 0.3277 0.0956 
        D616  1 0.0218 0.1952 0.1272 0.0685 0.1459 0.1288 0.2462 0.0665 
        D621  1 0.0259 0.0311 0.5587 0.2504 0.0218 0.0393 0.0296 0.0431 
        D622  1 0.0538 0.0736 0.4077 0.0604 0.0442 0.1254 0.0693 0.1655 
        D623  1 0.1126 0.0687 0.0377 0.1165 0.5426 0.0690 0.0295 0.0233 
        D624  1 0.0587 0.0561 0.0337 0.4782 0.0389 0.1802 0.0877 0.0665 
        D625  1 0.1079 0.0461 0.0753 0.1831 0.0321 0.0752 0.4196 0.0607 
        D626  1 0.1928 0.1123 0.0974 0.3357 0.0378 0.0851 0.0922 0.0467 
        D627  1 0.0286 0.3781 0.0265 0.0519 0.0381 0.1654 0.2215 0.0899 
        D690  1 0.0679 0.0367 0.0767 0.2160 0.0204 0.0413 0.5179 0.0232 
        D691  1 0.1064 0.0540 0.2182 0.0426 0.0481 0.0626 0.0687 0.3994 
        D710  1 0.0416 0.1701 0.1203 0.1281 0.1217 0.1169 0.2724 0.0290 
        D711  1 0.3683 0.0345 0.0676 0.0631 0.0398 0.0507 0.3423 0.0337 
        D712  1 0.1137 0.0912 0.0834 0.4370 0.1003 0.0917 0.0463 0.0364 
        D713  1 0.1132 0.0311 0.0619 0.3505 0.0363 0.1814 0.1700 0.0556 
        D746  1 0.0271 0.0291 0.6729 0.0474 0.0233 0.0393 0.0624 0.0984 
        D747  1 0.0753 0.0581 0.0212 0.0249 0.0458 0.0384 0.7123 0.0240 
        D748  1 0.1475 0.0537 0.0815 0.0772 0.0429 0.0758 0.1511 0.3703 
        D749  1 0.0301 0.0607 0.3870 0.0706 0.0357 0.2287 0.0747 0.1125 
        D750  1 0.0200 0.0372 0.0400 0.5749 0.0370 0.0467 0.1751 0.0690 
        D763  1 0.0674 0.1741 0.1555 0.0777 0.1470 0.1293 0.1074 0.1416 
        D764  1 0.0197 0.0524 0.0883 0.1561 0.0330 0.0703 0.5523 0.0279 
        D765  1 0.0558 0.0779 0.3747 0.0745 0.0288 0.2107 0.0658 0.1118 
        D766  1 0.0551 0.0437 0.4623 0.1158 0.0425 0.1056 0.1128 0.0621 
        D767  1 0.6742 0.0293 0.0712 0.0411 0.0397 0.0481 0.0616 0.0348 
        D768  1 0.0278 0.0279 0.0285 0.0198 0.0350 0.0376 0.7886 0.0348 
        D811  1 0.0698 0.0588 0.0454 0.5863 0.0558 0.1051 0.0354 0.0435 
        D816  1 0.0564 0.0307 0.0319 0.0540 0.0334 0.0651 0.7022 0.0263 
        D825  1 0.0947 0.0634 0.0981 0.3374 0.0501 0.2178 0.0728 0.0657 
        D866  1 0.0454 0.3680 0.0475 0.1127 0.1333 0.1055 0.0744 0.1133 
        D867  1 0.0270 0.0326 0.5696 0.0681 0.0818 0.0966 0.0683 0.0558 
        D871  1 0.1437 0.1648 0.0210 0.1231 0.0376 0.2293 0.2114 0.0691 
        D872  1 0.3797 0.0269 0.2913 0.0453 0.0424 0.0594 0.1353 0.0196 
        D873  1 0.0183 0.0197 0.8560 0.0166 0.0227 0.0283 0.0156 0.0228 
        D874  1 0.1603 0.0493 0.0238 0.3242 0.1033 0.0830 0.1952 0.0609 
        D875  1 0.0569 0.1505 0.0632 0.0392 0.0417 0.3547 0.0989 0.1949 
        D876  1 0.0971 0.0395 0.1214 0.1117 0.0410 0.1014 0.4515 0.0364 
        D877  1 0.1692 0.0247 0.0302 0.4955 0.0605 0.1519 0.0368 0.0312 
        D892  1 0.2633 0.0287 0.0418 0.1345 0.0643 0.0819 0.1558 0.2296 
        D893  1 0.3085 0.0537 0.0538 0.0363 0.0482 0.1288 0.3202 0.0506 
        D894  1 0.0567 0.0936 0.0452 0.0614 0.0302 0.0848 0.4722 0.1560 
        D915  1 0.0934 0.0616 0.0796 0.0837 0.0481 0.1234 0.3539 0.1563 
        D916  1 0.0226 0.0262 0.0230 0.0300 0.0251 0.0269 0.8190 0.0271 
        D917  1 0.0604 0.1999 0.0373 0.2830 0.1087 0.1042 0.1841 0.0224 
        D925  1 0.0365 0.0386 0.6145 0.0808 0.0268 0.0445 0.1354 0.0231 
        D926  1 0.0719 0.0535 0.0370 0.0603 0.0269 0.1371 0.5233 0.0900 
        D927  1 0.1795 0.0596 0.0566 0.0421 0.4060 0.0893 0.1007 0.0663 
        D928  1 0.0266 0.0314 0.0273 0.6995 0.0359 0.0724 0.0892 0.0178 
        D929  1 0.6293 0.0334 0.0375 0.1134 0.0301 0.0590 0.0575 0.0396 
        D936  1 0.1408 0.1342 0.0378 0.0543 0.0750 0.0993 0.3848 0.0738 
        D938  1 0.0316 0.0295 0.7394 0.0491 0.0254 0.0367 0.0442 0.0440 
        D956  1 0.0463 0.0691 0.0510 0.3984 0.0827 0.1410 0.0617 0.1498 
        D957  1 0.2051 0.0578 0.3651 0.0332 0.0576 0.0945 0.1533 0.0333 
        D958  1 0.0875 0.0295 0.3675 0.2317 0.0447 0.0625 0.1299 0.0466 
        D959  1 0.0251 0.0314 0.0544 0.0319 0.1971 0.2551 0.3292 0.0759 
        D960  1 0.0276 0.0220 0.6120 0.0393 0.0319 0.0608 0.0679 0.1386 
        D989  1 0.0546 0.1327 0.0283 0.1300 0.4013 0.1036 0.0986 0.0508 
        D990  1 0.0781 0.0986 0.6447 0.0334 0.0423 0.0566 0.0232 0.0231 
        H102  1 0.0553 0.0480 0.1071 0.3377 0.0323 0.0775 0.2468 0.0954 
        H103  1 0.1748 0.0841 0.0942 0.0292 0.0796 0.4120 0.1007 0.0253 
        H104  1 0.4849 0.1125 0.0250 0.0737 0.0481 0.0680 0.0974 0.0905 
        H105  1 0.0469 0.1080 0.0653 0.2758 0.0735 0.1074 0.2732 0.0501 
        H106  1 0.2097 0.0449 0.2278 0.0522 0.0637 0.0882 0.0498 0.2638 
        H112  1 0.1116 0.0629 0.0555 0.1908 0.0701 0.1556 0.1037 0.2498 
        H113  1 0.0676 0.4229 0.0519 0.0517 0.0977 0.1324 0.1101 0.0656 
        H114  1 0.0409 0.3301 0.0588 0.0314 0.0804 0.0897 0.3177 0.0510 
        H115  1 0.1007 0.0891 0.0468 0.1049 0.0493 0.0847 0.2732 0.2512 
        H143  1 0.0315 0.0333 0.1021 0.0604 0.0333 0.1052 0.5973 0.0369 
        H144  1 0.0338 0.0277 0.0488 0.0337 0.0537 0.1933 0.5658 0.0432 
        H145  1 0.0356 0.0951 0.0549 0.6159 0.0275 0.1061 0.0241 0.0409 
        H149  1 0.1365 0.0473 0.0290 0.0521 0.0810 0.0689 0.2786 0.3066 
        H150  1 0.1161 0.1005 0.0708 0.1689 0.0735 0.3161 0.0311 0.1228 
     H167542  1 0.0566 0.0248 0.0368 0.0481 0.0310 0.0417 0.6872 0.0737 
     H169604  1 0.1602 0.1221 0.0265 0.2154 0.2020 0.1008 0.0670 0.1060 
     H169607  1 0.0892 0.0679 0.0487 0.4538 0.0747 0.1497 0.0642 0.0518 
     H169608  1 0.0428 0.0456 0.0896 0.6510 0.0360 0.0553 0.0404 0.0392 
     H169633  1 0.0392 0.1897 0.0492 0.1074 0.1224 0.1070 0.3228 0.0623 
     H169688  1 0.1534 0.0265 0.3751 0.0540 0.1613 0.1353 0.0683 0.0261 
     H169714  1 0.1981 0.0626 0.0360 0.0277 0.0420 0.0671 0.0575 0.5091 
     H171802  1 0.1305 0.0918 0.1034 0.0593 0.2368 0.1735 0.0484 0.1563 
     H171805  1 0.3108 0.0579 0.1926 0.0370 0.0342 0.1388 0.0795 0.1492 
     H171807  1 0.0647 0.0536 0.0588 0.2362 0.2201 0.1461 0.0442 0.1763 
     H171814  1 0.0462 0.1848 0.0699 0.0329 0.3042 0.1725 0.1691 0.0204 
     H171816  1 0.1562 0.1049 0.2065 0.0935 0.1392 0.1665 0.0469 0.0862 
     H171817  1 0.2190 0.1211 0.0785 0.2840 0.0334 0.1142 0.0700 0.0798 
     H171818  1 0.1199 0.1886 0.1423 0.0263 0.0614 0.1581 0.1939 0.1095 
     H171819  1 0.0578 0.4592 0.0899 0.0837 0.1103 0.0964 0.0546 0.0483 
     H171834  1 0.0215 0.0349 0.0447 0.0172 0.0284 0.0332 0.0744 0.7458 
     H171835  1 0.4508 0.0702 0.0891 0.0862 0.0922 0.0674 0.0292 0.1150 
     H171836  1 0.0268 0.0896 0.3793 0.0474 0.1397 0.1632 0.0965 0.0575 
     H171837  1 0.0948 0.1846 0.0918 0.2023 0.0515 0.0837 0.2122 0.0791 
     H171838  1 0.0337 0.1267 0.1456 0.0310 0.1114 0.0876 0.0244 0.4394 
     H171839  1 0.2227 0.1471 0.0409 0.1464 0.1619 0.0953 0.1154 0.0702 
     H171841  1 0.0360 0.0304 0.1866 0.5686 0.0321 0.0804 0.0263 0.0396 
     H171860  1 0.1105 0.1174 0.0255 0.3691 0.1555 0.0808 0.0825 0.0589 
     H171861  1 0.0339 0.1025 0.1632 0.0437 0.0270 0.1276 0.4573 0.0447 
     H171862  1 0.0472 0.1036 0.0408 0.0686 0.0536 0.1420 0.1385 0.4057 
     H171868  1 0.0319 0.0776 0.0319 0.0408 0.0264 0.0514 0.6859 0.0540 
     H171869  1 0.0447 0.0713 0.2455 0.0309 0.1114 0.2572 0.1523 0.0867 
     H171870  1 0.1897 0.0296 0.2864 0.0442 0.0755 0.1738 0.0409 0.1600 
     H171871  1 0.1173 0.1106 0.1490 0.0473 0.0890 0.2370 0.0774 0.1724 
     H171872  1 0.1768 0.2490 0.0307 0.2875 0.0411 0.0783 0.0717 0.0648 
     H171873  1 0.0703 0.1093 0.4283 0.0343 0.0642 0.1356 0.0412 0.1169 
     H171874  1 0.0349 0.1594 0.1556 0.0973 0.1737 0.1256 0.1700 0.0836 
     H171875  1 0.0246 0.1986 0.0650 0.0269 0.0438 0.0987 0.5172 0.0252 
     H171876  1 0.0381 0.1171 0.0373 0.0911 0.4243 0.0942 0.1611 0.0368 
     H171877  1 0.0804 0.0942 0.0519 0.0976 0.0901 0.0671 0.4668 0.0519 
     H171878  1 0.0830 0.0373 0.2540 0.0321 0.2764 0.2053 0.0551 0.0568 
     H171901  1 0.3322 0.0316 0.1015 0.3364 0.0566 0.0676 0.0400 0.0340 
     H171902  1 0.0433 0.0593 0.0467 0.6249 0.0246 0.0834 0.0444 0.0733 
     H171903  1 0.0736 0.1521 0.0341 0.0654 0.1505 0.1392 0.2114 0.1738 
     H171935  1 0.1384 0.0688 0.1529 0.1374 0.1354 0.1093 0.0200 0.2377 
     H171936  1 0.0623 0.1403 0.0964 0.0275 0.1767 0.0888 0.3532 0.0547 
     H171940  1 0.0543 0.0393 0.0372 0.1025 0.0453 0.1468 0.3693 0.2053 
     H171945  1 0.0507 0.0417 0.3120 0.1322 0.0562 0.1776 0.0915 0.1381 
     H171948  1 0.0612 0.1061 0.0646 0.0877 0.0729 0.1221 0.1152 0.3702 
     H171949  1 0.0821 0.0549 0.0497 0.1633 0.0705 0.0577 0.0431 0.4787 
     H171950  1 0.5966 0.0496 0.0499 0.1138 0.0329 0.0332 0.0685 0.0555 
     H171963  1 0.0361 0.0502 0.6516 0.0270 0.0539 0.0941 0.0480 0.0391 
     H171964  1 0.0322 0.1962 0.0739 0.0499 0.1974 0.3087 0.0291 0.1125 
     H171966  1 0.0529 0.2503 0.2692 0.0567 0.0285 0.1619 0.0582 0.1224 
     H171968  1 0.0476 0.0377 0.1178 0.5430 0.0308 0.0800 0.0788 0.0643 
     H171971  1 0.1201 0.2914 0.1405 0.0312 0.0903 0.1302 0.0325 0.1639 
     H171972  1 0.0342 0.0545 0.0345 0.0487 0.7106 0.0581 0.0287 0.0306 
     H171977  1 0.0565 0.0970 0.2627 0.0515 0.1102 0.1965 0.1717 0.0540 
     H171978  1 0.4290 0.0359 0.0612 0.0934 0.0342 0.1198 0.0324 0.1942 
     H171979  1 0.0454 0.2247 0.0645 0.0855 0.2102 0.1716 0.0476 0.1505 
        H176  1 0.0413 0.3311 0.0300 0.3279 0.0424 0.0684 0.1260 0.0328 
        H177  1 0.3411 0.0383 0.1784 0.1133 0.0377 0.0740 0.0706 0.1466 
        H179  1 0.2502 0.0858 0.0227 0.0481 0.0491 0.0587 0.4576 0.0278 
        H181  1 0.0206 0.0848 0.1290 0.0420 0.0836 0.3032 0.0948 0.2420 
        H182  1 0.0610 0.1641 0.3050 0.0591 0.0387 0.1592 0.1129 0.1000 
        H183  1 0.0207 0.0295 0.4301 0.0271 0.1126 0.2031 0.1086 0.0683 
        H184  1 0.0986 0.1492 0.0727 0.2126 0.0463 0.1698 0.0684 0.1823 
        H185  1 0.0448 0.0923 0.2263 0.0555 0.2286 0.1374 0.1301 0.0851 
        H186  1 0.0925 0.0323 0.1361 0.0512 0.0279 0.2035 0.4078 0.0487 
        H187  1 0.1995 0.0292 0.4934 0.0266 0.0561 0.0620 0.1150 0.0183 
        H188  1 0.0418 0.1254 0.0342 0.1089 0.0766 0.0969 0.4189 0.0971 
        H192  1 0.0651 0.0599 0.1450 0.0604 0.0382 0.0792 0.0276 0.5244 
        H193  1 0.0935 0.0661 0.0742 0.0589 0.0273 0.3767 0.2142 0.0891 
        H194  1 0.0654 0.1874 0.0359 0.0751 0.0695 0.0806 0.0978 0.3883 
        H195  1 0.0470 0.0401 0.4765 0.0383 0.1757 0.1353 0.0481 0.0390 
        H199  1 0.0318 0.0677 0.2762 0.2674 0.0692 0.2006 0.0418 0.0452 
        H200  1 0.0799 0.1105 0.0644 0.2145 0.2330 0.1151 0.1259 0.0568 
        H414  1 0.3990 0.0803 0.0846 0.0493 0.0922 0.1353 0.0994 0.0599 
        H415  1 0.1421 0.2029 0.0560 0.1027 0.0926 0.1337 0.2105 0.0596 
        H422  1 0.0414 0.0887 0.1227 0.2811 0.0476 0.1463 0.2312 0.0411 
        H423  1 0.0547 0.0663 0.0485 0.5031 0.0650 0.1244 0.0472 0.0908 
        H424  1 0.0534 0.0556 0.2817 0.0313 0.0536 0.2186 0.2168 0.0889 
        H425  1 0.0475 0.0404 0.5565 0.0437 0.0634 0.1354 0.0455 0.0677 
        H426  1 0.0773 0.1359 0.1486 0.0512 0.0481 0.2979 0.0560 0.1849 
        H443  1 0.0299 0.0361 0.0777 0.0592 0.0302 0.2052 0.5127 0.0488 
        H466  1 0.0999 0.0604 0.0412 0.0395 0.1469 0.1615 0.1466 0.3040 
        H467  1 0.0970 0.2165 0.0783 0.0361 0.0416 0.0621 0.0312 0.4371 
        H472  1 0.0466 0.0621 0.0324 0.6462 0.0698 0.0811 0.0330 0.0288 
        H483  1 0.0259 0.0781 0.1071 0.0643 0.1183 0.1850 0.2436 0.1777 
        H504  1 0.0520 0.1375 0.3922 0.0787 0.0639 0.1867 0.0631 0.0259 
        H505  1 0.2928 0.0378 0.0537 0.0480 0.1017 0.1193 0.2578 0.0889 
        H506  1 0.1164 0.1767 0.0664 0.1190 0.0931 0.2613 0.1137 0.0535 
        H507  1 0.0860 0.1610 0.2300 0.0464 0.0989 0.1766 0.1645 0.0366 
        H508  1 0.1819 0.1486 0.0771 0.0501 0.1059 0.2436 0.0665 0.1263 
        H524  1 0.3389 0.0364 0.2002 0.0379 0.1371 0.0971 0.1044 0.0479 
        H525  1 0.0788 0.1332 0.0861 0.1062 0.1319 0.2888 0.1170 0.0581 
        H526  1 0.0303 0.2074 0.0571 0.3106 0.0876 0.1089 0.1686 0.0294 
        H527  1 0.4991 0.0359 0.0682 0.1320 0.0810 0.0779 0.0620 0.0440 
        H528  1 0.0377 0.5092 0.0220 0.0493 0.0770 0.1837 0.0923 0.0288 
        H529  1 0.1708 0.0706 0.1389 0.0456 0.0410 0.3465 0.1074 0.0793 
        H533  1 0.4450 0.1339 0.1316 0.0380 0.0286 0.1172 0.0641 0.0417 
        H538  1 0.1007 0.0406 0.0393 0.3680 0.1554 0.1126 0.0992 0.0842 
        H539  1 0.0393 0.0177 0.7755 0.0201 0.0347 0.0343 0.0549 0.0235 
        H540  1 0.0927 0.1178 0.2510 0.1045 0.0664 0.1347 0.0673 0.1657 
        H541  1 0.2479 0.0519 0.0341 0.0700 0.0747 0.0992 0.3503 0.0719 
        H558  1 0.0253 0.0320 0.5669 0.0343 0.0866 0.1355 0.0483 0.0711 
        H559  1 0.0765 0.0677 0.0520 0.1395 0.0507 0.1456 0.4360 0.0319 
        H579  1 0.0228 0.0976 0.5907 0.0797 0.0354 0.0966 0.0442 0.0329 
        H584  1 0.1021 0.1629 0.0884 0.1257 0.0690 0.2313 0.0498 0.1709 
        H585  1 0.1343 0.2557 0.0416 0.0305 0.0976 0.2067 0.1503 0.0833 
        H605  1 0.1729 0.0475 0.1468 0.0910 0.0640 0.1409 0.2523 0.0846 
        H606  1 0.0801 0.0321 0.0541 0.3883 0.0274 0.0570 0.3148 0.0462 
        H632  1 0.0401 0.2386 0.0532 0.1575 0.2289 0.1730 0.0469 0.0618 
        H634  1 0.1327 0.1201 0.2152 0.0822 0.0650 0.1416 0.2000 0.0431 
        H671  1 0.2323 0.1429 0.0235 0.3992 0.0454 0.0726 0.0529 0.0311 
        H672  1 0.1558 0.0362 0.0360 0.0480 0.5139 0.0503 0.1337 0.0261 
        H673  1 0.0258 0.0362 0.0523 0.0456 0.0860 0.3766 0.3077 0.0699 
        H689  1 0.0336 0.0947 0.0492 0.0842 0.1041 0.2250 0.1546 0.2546 
        H690  1 0.2704 0.0448 0.0801 0.0580 0.0315 0.0982 0.1813 0.2356 
        H691  1 0.0656 0.0707 0.0490 0.0512 0.2716 0.0797 0.2874 0.1248 
        H692  1 0.0219 0.0407 0.0345 0.0330 0.2250 0.5246 0.0717 0.0486 
        H709  1 0.4786 0.0481 0.0515 0.0524 0.0625 0.1394 0.1079 0.0596 
        H710  1 0.0298 0.1629 0.0517 0.0351 0.0680 0.5102 0.0947 0.0475 
       H7355  1 0.0447 0.1945 0.0498 0.4958 0.0351 0.0707 0.0555 0.0538 
       H7356  1 0.1470 0.0302 0.1414 0.0472 0.0779 0.1656 0.0474 0.3433 
       H7357  1 0.1394 0.1006 0.1441 0.2136 0.0283 0.0909 0.2162 0.0669 
       H7358  1 0.0349 0.0375 0.1585 0.2524 0.1580 0.1107 0.2197 0.0283 
       H7380  1 0.0550 0.1390 0.0457 0.1608 0.0324 0.1793 0.3133 0.0747 
       H7381  1 0.1912 0.0822 0.0365 0.1258 0.0573 0.3941 0.0563 0.0567 
       H7382  1 0.0524 0.0817 0.1082 0.1329 0.2832 0.1496 0.0921 0.0999 
        H904  1 0.0824 0.0465 0.0566 0.2935 0.0340 0.0543 0.3049 0.1277 
        H923  1 0.0730 0.1968 0.1646 0.1322 0.1267 0.1680 0.0593 0.0795 
        H924  1 0.0413 0.0408 0.1099 0.1604 0.0723 0.1230 0.3518 0.1004 
        H925  1 0.0464 0.0456 0.0877 0.0421 0.0653 0.0717 0.6190 0.0222 
       H9558  1 0.0227 0.0272 0.7123 0.0288 0.0567 0.0598 0.0376 0.0549 
      H105.1  1 0.0625 0.1689 0.0427 0.0233 0.0720 0.3058 0.0897 0.2351 
      H115.1  1 0.0698 0.0742 0.0598 0.0220 0.0367 0.0553 0.6468 0.0355 
      H145.1  1 0.0320 0.0646 0.0367 0.7374 0.0234 0.0396 0.0421 0.0242 
      H149.1  1 0.0219 0.0259 0.0265 0.0230 0.0338 0.0275 0.8153 0.0263 
      H150.1  1 0.0448 0.0484 0.4804 0.1112 0.0218 0.1977 0.0389 0.0568 
   H169607.1  1 0.1998 0.1691 0.0820 0.2943 0.0832 0.0888 0.0599 0.0228 
   H169633.1  1 0.0240 0.0994 0.1372 0.1098 0.1596 0.0831 0.3390 0.0479 
   H169688.1  1 0.0293 0.0416 0.0474 0.0615 0.3456 0.1181 0.3283 0.0281 
   H171901.1  1 0.0798 0.4479 0.0833 0.0770 0.1252 0.1098 0.0403 0.0367 
   H171902.1  1 0.0370 0.0433 0.0999 0.6209 0.0275 0.0558 0.0750 0.0406 
   H171903.1  1 0.3409 0.0358 0.0406 0.1122 0.0624 0.1376 0.0790 0.1915 
      H177.1  1 0.0674 0.0284 0.0467 0.0930 0.2203 0.0783 0.3800 0.0860 
      H179.1  1 0.2872 0.1362 0.0671 0.0711 0.0521 0.0724 0.2778 0.0362 
      H180.1  1 0.1307 0.0363 0.0742 0.0412 0.0596 0.4546 0.0874 0.1160 
      H181.1  1 0.0384 0.0694 0.0835 0.0579 0.0590 0.1807 0.2198 0.2914 
 H194.1_2004  1 0.0673 0.0382 0.1359 0.0710 0.0823 0.2973 0.0947 0.2133 
 H195.1_2003  1 0.2533 0.0489 0.0733 0.0585 0.2848 0.1654 0.0662 0.0496 
 H195.1_2004  1 0.0353 0.1550 0.0439 0.3584 0.1752 0.0662 0.1123 0.0536 
      H415.1  1 0.0584 0.0849 0.0735 0.0473 0.0448 0.0786 0.5659 0.0467 
      H506.1  1 0.0790 0.1359 0.0432 0.0480 0.0603 0.1488 0.4589 0.0258 
      H533.1  1 0.1216 0.1026 0.1181 0.0405 0.0232 0.1511 0.4115 0.0313 
      H535.1  1 0.1164 0.0409 0.0801 0.0584 0.0606 0.1247 0.2054 0.3135 
      H539.1  1 0.0293 0.0317 0.5938 0.0710 0.0202 0.0659 0.1170 0.0711 
      H540.1  1 0.0456 0.0303 0.7125 0.0585 0.0285 0.0470 0.0308 0.0469 
     H9558.1  1 0.0226 0.0375 0.7236 0.0545 0.0470 0.0411 0.0339 0.0398 
    kos339.1  1 0.1811 0.0504 0.0469 0.0707 0.0559 0.0806 0.4452 0.0692 
        D023  2 0.0161 0.1012 0.6891 0.0221 0.0240 0.0491 0.0812 0.0172 
        D130  2 0.0907 0.0185 0.6027 0.0323 0.0453 0.0519 0.0600 0.0985 
        D131  2 0.0740 0.2194 0.0367 0.0611 0.0667 0.1951 0.2792 0.0679 
        D163  2 0.0540 0.0555 0.5622 0.0435 0.0238 0.0758 0.0805 0.1047 
        D164  2 0.0152 0.0139 0.6557 0.0167 0.2468 0.0187 0.0150 0.0180 
        D165  2 0.0220 0.1901 0.5686 0.0241 0.0444 0.0420 0.0760 0.0329 
        D166  2 0.3241 0.0928 0.1213 0.0865 0.0461 0.1539 0.0412 0.1342 
        D167  2 0.0260 0.0296 0.0253 0.0193 0.8224 0.0335 0.0189 0.0251 
        D192  2 0.0201 0.0291 0.0388 0.0225 0.8062 0.0297 0.0189 0.0347 
        D193  2 0.1473 0.0930 0.0490 0.0583 0.0364 0.3104 0.0708 0.2347 
        D206  2 0.0334 0.0618 0.0448 0.0365 0.0973 0.1071 0.5546 0.0645 
        D207  2 0.0567 0.0693 0.0336 0.0303 0.5521 0.1381 0.0426 0.0773 
        D208  2 0.3790 0.1815 0.0516 0.1524 0.0729 0.0720 0.0497 0.0409 
        D209  2 0.0263 0.0726 0.1960 0.0274 0.3247 0.2358 0.0715 0.0455 
        D210  2 0.0662 0.1497 0.0338 0.3046 0.1066 0.0529 0.0797 0.2065 
     D229599  2 0.0724 0.3130 0.0840 0.0473 0.0539 0.1119 0.2614 0.0561 
     D229600  2 0.0806 0.0342 0.3316 0.0339 0.2392 0.1051 0.0598 0.1156 
     D237227  2 0.0683 0.1095 0.1762 0.2121 0.1814 0.1351 0.0739 0.0434 
     D237228  2 0.0277 0.0884 0.2409 0.1429 0.1079 0.3078 0.0268 0.0576 
     D237258  2 0.0426 0.2999 0.0819 0.0736 0.1530 0.1490 0.1463 0.0536 
     D237310  2 0.0859 0.0409 0.2463 0.1072 0.1260 0.1309 0.0173 0.2454 
     D237311  2 0.0446 0.0795 0.2609 0.0387 0.3404 0.1302 0.0284 0.0773 
     D237312  2 0.1191 0.0585 0.0660 0.1274 0.0432 0.1280 0.0444 0.4135 
     D237313  2 0.0643 0.0781 0.1750 0.1096 0.0250 0.1203 0.2894 0.1385 
     D237322  2 0.2606 0.1377 0.0376 0.1472 0.0449 0.2546 0.0407 0.0768 
     D237323  2 0.2094 0.0965 0.2786 0.1000 0.1288 0.1028 0.0250 0.0589 
     D237324  2 0.0819 0.0676 0.1743 0.0242 0.1127 0.4102 0.0445 0.0846 
     D237325  2 0.2288 0.0418 0.1218 0.1034 0.0954 0.1188 0.0489 0.2410 
     D237326  2 0.0541 0.0928 0.4503 0.0503 0.0761 0.1714 0.0655 0.0395 
     D237327  2 0.1513 0.4138 0.0370 0.0496 0.1254 0.0641 0.0359 0.1230 
     D237337  2 0.1363 0.0641 0.2940 0.1079 0.0457 0.1717 0.0510 0.1292 
     D237338  2 0.1664 0.1418 0.0957 0.0863 0.1384 0.1143 0.0659 0.1912 
     D237339  2 0.2426 0.0955 0.0675 0.0288 0.2891 0.1463 0.0877 0.0426 
     D237340  2 0.0908 0.1033 0.1038 0.0872 0.3973 0.1057 0.0307 0.0813 
     D237389  2 0.0563 0.0435 0.3393 0.0354 0.1678 0.1601 0.0332 0.1644 
     D237390  2 0.2070 0.1730 0.0542 0.0779 0.0694 0.1347 0.0549 0.2290 
     D244017  2 0.0753 0.0568 0.0407 0.0432 0.6452 0.0862 0.0310 0.0215 
     D244112  2 0.0464 0.0415 0.1150 0.0262 0.6301 0.0601 0.0235 0.0572 
     D244118  2 0.0696 0.0405 0.4620 0.0171 0.3115 0.0515 0.0203 0.0275 
     D244119  2 0.0432 0.0314 0.0254 0.1944 0.6091 0.0388 0.0330 0.0247 
     D244120  2 0.0485 0.1959 0.0612 0.0503 0.2746 0.0934 0.0219 0.2541 
     D244122  2 0.0981 0.0369 0.0932 0.0683 0.4570 0.0854 0.0661 0.0951 
        D291  2 0.1357 0.4507 0.0497 0.0357 0.0565 0.1888 0.0556 0.0274 
        D292  2 0.1064 0.3583 0.0657 0.0385 0.0972 0.0808 0.2075 0.0455 
        D293  2 0.0450 0.0333 0.0151 0.0180 0.7804 0.0300 0.0601 0.0182 
        D322  2 0.0485 0.0657 0.0679 0.0243 0.6353 0.0600 0.0646 0.0337 
        D323  2 0.0964 0.0883 0.0530 0.0616 0.3099 0.2316 0.1245 0.0348 
        D324  2 0.0338 0.4317 0.0893 0.0783 0.0484 0.1349 0.0978 0.0858 
        D325  2 0.0297 0.0677 0.0187 0.0162 0.7644 0.0325 0.0407 0.0301 
        D326  2 0.0202 0.0500 0.0132 0.0319 0.0307 0.0409 0.7954 0.0177 
        D340  2 0.0171 0.0451 0.0243 0.0311 0.7900 0.0258 0.0340 0.0327 
        D341  2 0.1399 0.0513 0.0394 0.0510 0.3185 0.0361 0.0367 0.3270 
        D342  2 0.0357 0.0418 0.3796 0.0337 0.0466 0.1855 0.0509 0.2261 
        D343  2 0.0153 0.0167 0.0133 0.0117 0.8858 0.0176 0.0206 0.0191 
        D344  2 0.0386 0.0558 0.0386 0.0395 0.0452 0.1179 0.5606 0.1039 
        D345  2 0.0571 0.0847 0.4038 0.0497 0.0306 0.1410 0.2030 0.0301 
        D346  2 0.0241 0.0598 0.0323 0.4598 0.1967 0.0637 0.0841 0.0796 
        D351  2 0.1196 0.3321 0.0424 0.0392 0.0644 0.1429 0.2256 0.0338 
        D352  2 0.0448 0.2213 0.0393 0.1292 0.2114 0.2404 0.0846 0.0291 
        D353  2 0.0328 0.0580 0.0280 0.0491 0.0483 0.4877 0.2615 0.0347 
        D354  2 0.0233 0.0349 0.0936 0.0903 0.0405 0.1371 0.5063 0.0740 
        D362  2 0.0450 0.0487 0.0549 0.0286 0.0318 0.0442 0.7261 0.0208 
        D363  2 0.0314 0.0671 0.0403 0.0542 0.0615 0.0559 0.6717 0.0179 
        D364  2 0.0194 0.0330 0.0467 0.0296 0.0250 0.0640 0.7410 0.0413 
        D365  2 0.0158 0.0150 0.0111 0.0142 0.8979 0.0146 0.0148 0.0166 
        D369  2 0.0268 0.2260 0.0243 0.0544 0.3224 0.0708 0.2353 0.0400 
        D374  2 0.0468 0.0369 0.0640 0.4761 0.0456 0.1984 0.0824 0.0498 
        D375  2 0.0432 0.0673 0.0941 0.0426 0.0657 0.2595 0.3385 0.0892 
        D376  2 0.0378 0.0348 0.0629 0.3136 0.1183 0.1803 0.0861 0.1663 
        D377  2 0.0532 0.1382 0.1027 0.2353 0.0694 0.1328 0.0820 0.1864 
        D378  2 0.0673 0.1135 0.0506 0.0402 0.3476 0.0831 0.2540 0.0437 
        D379  2 0.0416 0.0318 0.0231 0.0258 0.0233 0.0672 0.7271 0.0600 
        D384  2 0.0241 0.0278 0.0183 0.0410 0.0206 0.0264 0.8216 0.0203 
        D385  2 0.0170 0.0204 0.0165 0.0371 0.8327 0.0262 0.0234 0.0266 
        D386  2 0.0833 0.0371 0.1066 0.0484 0.0749 0.1147 0.4805 0.0546 
        D391  2 0.0469 0.0363 0.0223 0.0360 0.7791 0.0261 0.0322 0.0211 
        D392  2 0.0259 0.0557 0.0662 0.0359 0.6917 0.0476 0.0548 0.0222 
        D393  2 0.0624 0.3495 0.0444 0.0364 0.0678 0.0527 0.2991 0.0877 
        D394  2 0.0864 0.2009 0.1444 0.0407 0.1567 0.1688 0.0978 0.1042 
        D395  2 0.0237 0.0390 0.0207 0.0245 0.7797 0.0477 0.0324 0.0323 
        D401  2 0.0299 0.0516 0.4135 0.0493 0.1594 0.2201 0.0344 0.0418 
        D402  2 0.0424 0.0974 0.0285 0.0437 0.6542 0.0409 0.0308 0.0621 
        D403  2 0.0660 0.0214 0.0379 0.0281 0.0175 0.1717 0.6050 0.0525 
        D415  2 0.0340 0.0205 0.0241 0.0254 0.0647 0.1173 0.6342 0.0799 
        D435  2 0.0347 0.1049 0.0506 0.0313 0.2474 0.0519 0.3889 0.0903 
        D436  2 0.2490 0.0972 0.0263 0.0919 0.0467 0.1022 0.3251 0.0616 
        D438  2 0.0175 0.0174 0.0267 0.0399 0.8168 0.0258 0.0254 0.0305 
        D439  2 0.0359 0.2161 0.0991 0.0333 0.0674 0.2188 0.2610 0.0684 
        D449  2 0.0184 0.0629 0.0362 0.0312 0.1541 0.1968 0.2378 0.2628 
        D450  2 0.0844 0.0915 0.0465 0.4711 0.0285 0.1056 0.1017 0.0707 
        D456  2 0.0210 0.0318 0.0167 0.0226 0.0156 0.0337 0.8358 0.0227 
        D462  2 0.0415 0.0403 0.0200 0.0242 0.7724 0.0333 0.0509 0.0175 
        D463  2 0.0233 0.0203 0.0156 0.0266 0.0207 0.0344 0.8409 0.0183 
        D464  2 0.0610 0.0263 0.0241 0.0596 0.2588 0.4069 0.1061 0.0572 
        D465  2 0.0268 0.0314 0.0362 0.0373 0.7473 0.0378 0.0451 0.0381 
        D473  2 0.0504 0.0483 0.0475 0.7035 0.0434 0.0357 0.0353 0.0360 
        D474  2 0.0252 0.4415 0.0429 0.0485 0.0420 0.0401 0.3119 0.0480 
        D476  2 0.1347 0.1562 0.2659 0.0249 0.1683 0.0885 0.1165 0.0451 
        D477  2 0.0400 0.2459 0.0403 0.1577 0.0531 0.1288 0.2610 0.0732 
        D478  2 0.0414 0.2470 0.1336 0.0892 0.0888 0.2317 0.1404 0.0278 
        D480  2 0.1947 0.0650 0.0239 0.0658 0.1839 0.0704 0.1917 0.2046 
        D481  2 0.0431 0.3275 0.1535 0.0525 0.1425 0.0967 0.1546 0.0296 
        D482  2 0.1073 0.2747 0.0993 0.1479 0.0698 0.1845 0.0490 0.0675 
        D483  2 0.0259 0.0241 0.0242 0.0253 0.8233 0.0259 0.0259 0.0254 
        D484  2 0.1092 0.1519 0.0554 0.1310 0.2727 0.1647 0.0415 0.0736 
        D510  2 0.0659 0.1045 0.0334 0.4914 0.0551 0.1337 0.0506 0.0655 
        D511  2 0.0998 0.1927 0.0627 0.0402 0.3283 0.0737 0.1630 0.0395 
        D512  2 0.0365 0.0333 0.1740 0.0223 0.5500 0.0888 0.0262 0.0689 
        D513  2 0.0513 0.0941 0.0661 0.1319 0.3984 0.0973 0.1019 0.0591 
        D635  2 0.0355 0.1892 0.3062 0.0326 0.0714 0.1304 0.2083 0.0263 
        D636  2 0.0164 0.0191 0.8628 0.0213 0.0173 0.0240 0.0253 0.0137 
        D637  2 0.1024 0.0667 0.0376 0.1400 0.2529 0.1325 0.0557 0.2123 
        D658  2 0.0809 0.0288 0.0476 0.0652 0.5906 0.0410 0.0446 0.1013 
        D659  2 0.0576 0.1205 0.0398 0.0695 0.0289 0.0821 0.4694 0.1322 
        D677  2 0.1399 0.1310 0.0614 0.0283 0.0405 0.0742 0.3445 0.1802 
        D678  2 0.0309 0.0308 0.1619 0.0321 0.5332 0.1175 0.0274 0.0662 
        D679  2 0.0664 0.2212 0.0422 0.1209 0.0627 0.1114 0.2457 0.1296 
        D719  2 0.0954 0.1782 0.0270 0.1944 0.2457 0.0778 0.1529 0.0285 
        D720  2 0.1274 0.0724 0.0777 0.1087 0.0535 0.0936 0.4364 0.0304 
        D721  2 0.0249 0.0376 0.6482 0.0386 0.0640 0.0554 0.0765 0.0548 
        D722  2 0.0636 0.0826 0.0954 0.1812 0.1334 0.3238 0.0762 0.0438 
        D734  2 0.1483 0.0870 0.0195 0.3209 0.2599 0.0638 0.0389 0.0616 
        D735  2 0.0922 0.0927 0.1163 0.1029 0.0804 0.1392 0.2877 0.0886 
        D736  2 0.0300 0.3608 0.0616 0.2137 0.0669 0.0823 0.0810 0.1038 
        D737  2 0.1928 0.0936 0.0920 0.0293 0.3848 0.0728 0.0382 0.0965 
        D807  2 0.0877 0.2814 0.0419 0.1801 0.0874 0.0655 0.1801 0.0758 
        D808  2 0.0843 0.1560 0.1087 0.0301 0.2665 0.1559 0.0692 0.1293 
        D817  2 0.0764 0.1392 0.0754 0.0724 0.0531 0.1937 0.3614 0.0284 
        D818  2 0.1080 0.1529 0.0375 0.0353 0.3220 0.1019 0.0992 0.1432 
        D819  2 0.0312 0.2382 0.0657 0.0567 0.1278 0.1834 0.2628 0.0341 
        D820  2 0.4028 0.0409 0.0224 0.0351 0.0900 0.0574 0.3049 0.0465 
        D895  2 0.0576 0.0555 0.1330 0.0932 0.0384 0.2269 0.3226 0.0728 
        D896  2 0.0820 0.0383 0.5697 0.0584 0.0616 0.0932 0.0368 0.0600 
        D897  2 0.0755 0.0769 0.0921 0.0427 0.1076 0.1339 0.0360 0.4354 
        D898  2 0.0566 0.4718 0.0863 0.0615 0.0315 0.1582 0.0523 0.0818 
        D918  2 0.1984 0.0706 0.0665 0.1704 0.1650 0.1054 0.0540 0.1697 
        D919  2 0.1175 0.2904 0.0415 0.0268 0.1147 0.1629 0.2183 0.0280 
        D920  2 0.1066 0.0316 0.6673 0.0344 0.0254 0.0414 0.0398 0.0535 
        D923  2 0.0278 0.0396 0.0274 0.0365 0.0414 0.0684 0.7282 0.0306 
        D930  2 0.0406 0.0422 0.0415 0.4893 0.0342 0.1129 0.1228 0.1164 
        D931  2 0.0508 0.0759 0.0295 0.0510 0.4788 0.0557 0.1982 0.0601 
        D968  2 0.0270 0.1348 0.0211 0.0207 0.7043 0.0373 0.0375 0.0174 
        D969  2 0.0473 0.2311 0.0244 0.0249 0.1782 0.0963 0.2952 0.1027 
        D977  2 0.0336 0.0339 0.0303 0.0290 0.7073 0.0446 0.0419 0.0794 
        D978  2 0.0877 0.1965 0.0213 0.0464 0.0665 0.1542 0.0709 0.3565 
        H008  2 0.0388 0.1439 0.0505 0.0700 0.0632 0.1798 0.4102 0.0437 
        H021  2 0.0560 0.0560 0.0809 0.0525 0.1422 0.0637 0.0763 0.4723 
        H023  2 0.3932 0.0496 0.0993 0.1289 0.0251 0.0768 0.1820 0.0451 
        H024  2 0.0244 0.1903 0.0877 0.0386 0.1599 0.2651 0.0434 0.1908 
        H025  2 0.0887 0.0434 0.0805 0.1038 0.0922 0.2112 0.2822 0.0982 
        H026  2 0.0257 0.2020 0.0393 0.0228 0.2285 0.1875 0.2467 0.0475 
        H027  2 0.2088 0.0770 0.0495 0.0487 0.3428 0.0749 0.1108 0.0875 
        H028  2 0.0385 0.0741 0.1775 0.0563 0.0735 0.2492 0.1831 0.1478 
        H029  2 0.0469 0.2404 0.0623 0.0398 0.2833 0.1043 0.2029 0.0200 
        H030  2 0.0306 0.0263 0.0361 0.0238 0.7688 0.0371 0.0257 0.0517 
        H038  2 0.1748 0.0655 0.4678 0.0469 0.0293 0.0486 0.1268 0.0404 
        H039  2 0.0967 0.0293 0.0463 0.6522 0.0229 0.0573 0.0340 0.0613 
        H040  2 0.5978 0.0405 0.1867 0.0294 0.0263 0.0377 0.0496 0.0321 
        H041  2 0.0354 0.2690 0.0323 0.0642 0.2208 0.0870 0.2370 0.0543 
        H042  2 0.1121 0.0532 0.1261 0.3690 0.0443 0.1783 0.0686 0.0484 
        H043  2 0.0441 0.0296 0.7351 0.0596 0.0240 0.0403 0.0421 0.0253 
        H044  2 0.0278 0.1162 0.2919 0.1204 0.1511 0.1897 0.0326 0.0702 
        H047  2 0.0706 0.0846 0.4819 0.0658 0.0326 0.0852 0.0796 0.0998 
        H050  2 0.1373 0.0351 0.0621 0.0484 0.4713 0.1264 0.0638 0.0555 
        H058  2 0.1405 0.1205 0.2349 0.0296 0.0969 0.2072 0.0600 0.1105 
        H062  2 0.0634 0.0330 0.1683 0.3725 0.0307 0.0961 0.1360 0.0999 
        H063  2 0.1664 0.1351 0.1363 0.0496 0.2713 0.1180 0.0847 0.0387 
        H065  2 0.0263 0.0237 0.0293 0.0550 0.0190 0.0481 0.7678 0.0307 
        H066  2 0.1114 0.1544 0.4626 0.0166 0.0694 0.0725 0.0406 0.0725 
        H067  2 0.0501 0.1781 0.0651 0.2125 0.0536 0.1049 0.1447 0.1911 
        H068  2 0.2445 0.0990 0.0600 0.1760 0.1161 0.1675 0.0406 0.0963 
        H069  2 0.2570 0.0355 0.1245 0.0417 0.4080 0.0654 0.0497 0.0182 
        H071  2 0.1758 0.0756 0.0452 0.1474 0.0654 0.1487 0.2685 0.0734 
        H072  2 0.0996 0.0635 0.0401 0.5652 0.0705 0.0744 0.0460 0.0408 
        H073  2 0.2210 0.1060 0.0866 0.0412 0.0666 0.2332 0.1223 0.1232 
        H081  2 0.0654 0.0893 0.0285 0.3686 0.0636 0.0907 0.2393 0.0546 
        H082  2 0.0287 0.0432 0.0941 0.0287 0.6509 0.0643 0.0620 0.0281 
        H083  2 0.0340 0.0302 0.0350 0.0259 0.7238 0.0441 0.0460 0.0610 
        H084  2 0.1811 0.3552 0.0774 0.0662 0.0892 0.1055 0.0296 0.0959 
        H085  2 0.0513 0.0412 0.0243 0.1189 0.5139 0.0600 0.1573 0.0331 
        H087  2 0.0328 0.1421 0.0472 0.1629 0.0552 0.0832 0.2913 0.1852 
        H088  2 0.0994 0.0698 0.0509 0.1196 0.0870 0.1174 0.3740 0.0819 
        H089  2 0.0823 0.1243 0.1374 0.1599 0.1627 0.1492 0.1313 0.0529 
        H090  2 0.0178 0.0846 0.0206 0.0249 0.7668 0.0310 0.0242 0.0301 
        H091  2 0.0694 0.0269 0.0179 0.0345 0.7508 0.0371 0.0375 0.0259 
        H098  2 0.0742 0.2897 0.0611 0.0651 0.1053 0.1549 0.1343 0.1153 
      H10001  2 0.0467 0.0256 0.0346 0.7429 0.0304 0.0328 0.0226 0.0644 
      H10002  2 0.1563 0.0299 0.1197 0.1123 0.0496 0.0701 0.3645 0.0976 
        H101  2 0.1803 0.0435 0.0444 0.0280 0.5645 0.0814 0.0227 0.0353 
        H108  2 0.0591 0.0297 0.0179 0.5632 0.0205 0.0836 0.1438 0.0823 
        H109  2 0.2219 0.2049 0.1454 0.0495 0.0796 0.1574 0.0797 0.0616 
        H110  2 0.0306 0.1405 0.0435 0.0988 0.0643 0.0854 0.4996 0.0372 
        H116  2 0.0640 0.1618 0.1052 0.0403 0.0992 0.2569 0.2167 0.0560 
        H117  2 0.0859 0.4671 0.0222 0.0309 0.2107 0.0462 0.0507 0.0863 
        H118  2 0.0249 0.0657 0.0236 0.0315 0.5147 0.0841 0.2252 0.0303 
        H119  2 0.0900 0.5570 0.0386 0.0754 0.0279 0.0911 0.0884 0.0318 
        H120  2 0.0493 0.0349 0.0329 0.6973 0.0230 0.0556 0.0789 0.0278 
        H121  2 0.0205 0.0209 0.0134 0.0318 0.8320 0.0267 0.0328 0.0220 
        H125  2 0.3926 0.0998 0.0242 0.3033 0.0260 0.0509 0.0255 0.0778 
        H126  2 0.0360 0.0450 0.3169 0.1307 0.0394 0.2909 0.1052 0.0359 
        H128  2 0.0129 0.0153 0.0122 0.0105 0.9061 0.0160 0.0139 0.0130 
        H129  2 0.0444 0.1903 0.0403 0.0192 0.0474 0.3390 0.0755 0.2438 
        H130  2 0.0503 0.0215 0.0496 0.5755 0.0317 0.1242 0.0237 0.1235 
        H133  2 0.0905 0.0462 0.0487 0.5151 0.0659 0.1125 0.0305 0.0907 
        H134  2 0.0200 0.0562 0.0395 0.0310 0.0335 0.2435 0.5468 0.0296 
        H135  2 0.0735 0.0814 0.0829 0.0994 0.1181 0.1086 0.4027 0.0334 
        H137  2 0.0855 0.2135 0.0531 0.0314 0.1429 0.0945 0.0658 0.3134 
        H138  2 0.0572 0.1327 0.0555 0.0440 0.0495 0.3229 0.1867 0.1516 
        H140  2 0.0307 0.0816 0.0413 0.0995 0.3653 0.0875 0.0457 0.2483 
        H146  2 0.0539 0.0480 0.0181 0.0305 0.7137 0.0515 0.0545 0.0297 
        H147  2 0.0848 0.1909 0.0351 0.0308 0.3846 0.1456 0.0829 0.0454 
        H148  2 0.0413 0.4493 0.0454 0.0544 0.0533 0.0496 0.1134 0.1932 
     H166022  2 0.1663 0.3097 0.0719 0.0745 0.0965 0.1464 0.0674 0.0674 
     H167359  2 0.2521 0.1099 0.0745 0.0592 0.0816 0.2534 0.0972 0.0720 
     H167397  2 0.0395 0.2338 0.0640 0.0254 0.2763 0.2447 0.0856 0.0308 
     H167428  2 0.0148 0.0414 0.0244 0.0213 0.2609 0.0645 0.5492 0.0234 
     H167496  2 0.3678 0.0872 0.0373 0.1057 0.0969 0.0632 0.1575 0.0843 
     H167513  2 0.0412 0.0568 0.6642 0.0348 0.0466 0.0547 0.0321 0.0696 
     H167545  2 0.0716 0.0312 0.7410 0.0323 0.0286 0.0353 0.0349 0.0252 
     H167547  2 0.0351 0.7754 0.0269 0.0223 0.0434 0.0568 0.0150 0.0251 
     H169621  2 0.0498 0.0625 0.0332 0.0228 0.5920 0.0553 0.0253 0.1591 
     H169622  2 0.0812 0.0391 0.2083 0.1099 0.0657 0.2518 0.2043 0.0397 
     H169750  2 0.1482 0.0576 0.0293 0.0867 0.5365 0.0802 0.0325 0.0289 
     H171806  2 0.1569 0.2035 0.0275 0.0999 0.3403 0.0825 0.0584 0.0310 
     H171808  2 0.0607 0.0499 0.1652 0.3059 0.0604 0.0928 0.2398 0.0253 
     H171809  2 0.0602 0.1248 0.0485 0.3722 0.0352 0.1097 0.1809 0.0684 
     H171813  2 0.0504 0.1401 0.2157 0.0606 0.0420 0.0603 0.0269 0.4041 
     H171815  2 0.1044 0.0424 0.5136 0.0466 0.0281 0.0683 0.1140 0.0826 
     H171824  2 0.1692 0.2137 0.0331 0.1801 0.0677 0.0596 0.1699 0.1067 
     H171825  2 0.1175 0.0514 0.1320 0.3933 0.0295 0.1483 0.0890 0.0390 
     H171826  2 0.0448 0.2814 0.0599 0.0621 0.0481 0.0695 0.3752 0.0589 
     H171827  2 0.2078 0.0733 0.2763 0.0353 0.0501 0.1408 0.1071 0.1094 
     H171828  2 0.1031 0.0840 0.0274 0.5518 0.0363 0.0536 0.0505 0.0934 
     H171829  2 0.4956 0.1138 0.0801 0.1007 0.0401 0.0999 0.0199 0.0500 
     H171830  2 0.1186 0.1658 0.0669 0.0785 0.1196 0.1826 0.2394 0.0286 
     H171831  2 0.0323 0.2832 0.1144 0.0581 0.0813 0.2886 0.0716 0.0705 
     H171832  2 0.0352 0.0662 0.4252 0.1283 0.0519 0.1872 0.0669 0.0392 
     H171863  2 0.0591 0.0546 0.2136 0.0203 0.4548 0.1401 0.0417 0.0158 
     H171864  2 0.0917 0.2804 0.1070 0.1127 0.1041 0.1380 0.1165 0.0496 
     H171865  2 0.1366 0.0796 0.1550 0.0557 0.0651 0.0853 0.3976 0.0250 
     H171879  2 0.0434 0.6537 0.0554 0.0254 0.0666 0.0687 0.0363 0.0504 
     H171880  2 0.2627 0.1483 0.0749 0.0318 0.2976 0.0954 0.0327 0.0566 
     H171881  2 0.0411 0.0839 0.0487 0.0310 0.0682 0.0947 0.1194 0.5131 
     H171882  2 0.1281 0.0360 0.0504 0.5675 0.0373 0.0648 0.0592 0.0566 
     H171929  2 0.0254 0.1005 0.0632 0.1503 0.2778 0.1287 0.1840 0.0699 
     H171930  2 0.0386 0.0518 0.7487 0.0194 0.0546 0.0322 0.0255 0.0292 
     H171933  2 0.1180 0.1662 0.0432 0.0597 0.1713 0.1078 0.0371 0.2966 
     H171934  2 0.2072 0.0557 0.0814 0.1518 0.0361 0.1076 0.1128 0.2474 
     H171937  2 0.0476 0.0298 0.1459 0.0307 0.0345 0.5351 0.0619 0.1145 
     H171962  2 0.0304 0.0699 0.2867 0.0383 0.0768 0.1270 0.2525 0.1184 
        H190  2 0.0477 0.0584 0.0501 0.0272 0.1022 0.1430 0.0819 0.4895 
        H191  2 0.0376 0.2519 0.1652 0.0611 0.0676 0.2369 0.0681 0.1116 
        H396  2 0.0548 0.0439 0.0336 0.1085 0.1034 0.0778 0.5325 0.0456 
        H397  2 0.5406 0.0533 0.0286 0.0998 0.0792 0.1195 0.0451 0.0339 
        H398  2 0.0413 0.0348 0.0524 0.1354 0.0480 0.0856 0.5123 0.0901 
        H400  2 0.0601 0.0441 0.2046 0.2345 0.0435 0.0883 0.2873 0.0375 
        H401  2 0.0335 0.7442 0.0330 0.0233 0.0459 0.0488 0.0218 0.0495 
        H402  2 0.1330 0.0911 0.3133 0.0201 0.1020 0.0953 0.1634 0.0819 
        H427  2 0.0585 0.2441 0.0402 0.0535 0.0390 0.0662 0.4517 0.0468 
        H428  2 0.0152 0.0515 0.0245 0.0201 0.2207 0.0730 0.5707 0.0243 
        H497  2 0.0363 0.0400 0.6525 0.0495 0.0565 0.0633 0.0491 0.0527 
        H512  2 0.1401 0.3129 0.0492 0.0387 0.1017 0.1307 0.1194 0.1073 
        H513  2 0.0473 0.0582 0.6443 0.0353 0.0502 0.0699 0.0317 0.0632 
        H514  2 0.0512 0.0757 0.1323 0.0353 0.2884 0.2222 0.1608 0.0340 
        H519  2 0.0698 0.0841 0.4722 0.0482 0.0817 0.1085 0.0306 0.1049 
        H532  2 0.0414 0.2371 0.0634 0.0410 0.0761 0.0414 0.4682 0.0313 
        H543  2 0.0380 0.3005 0.1602 0.0484 0.1794 0.1369 0.0755 0.0612 
        H544  2 0.0463 0.0271 0.0607 0.3884 0.2704 0.1514 0.0333 0.0224 
        H545  2 0.0613 0.0243 0.7924 0.0215 0.0256 0.0304 0.0228 0.0216 
        H546  2 0.0659 0.0361 0.2042 0.0684 0.0389 0.1480 0.2771 0.1614 
        H547  2 0.0332 0.7718 0.0246 0.0257 0.0365 0.0647 0.0180 0.0256 
        H548  2 0.1250 0.1350 0.1362 0.2842 0.0461 0.1213 0.1081 0.0441 
        H549  2 0.0568 0.0124 0.8510 0.0179 0.0154 0.0158 0.0181 0.0126 
