        D174  1 0.1518 0.7045 0.1436 
        D199  1 0.6315 0.2265 0.1421 
        D203  1 0.4377 0.2446 0.3176 
        D204  1 0.6575 0.2346 0.1079 
     D237366  1 0.1922 0.2772 0.5306 
     D237367  1 0.5109 0.3283 0.1608 
     D237368  1 0.3569 0.1533 0.4898 
     D244101  1 0.8780 0.0614 0.0605 
     D244102  1 0.2016 0.3642 0.4342 
     D244103  1 0.3384 0.3861 0.2755 
     D244104  1 0.5843 0.3212 0.0945 
     D244105  1 0.1877 0.0952 0.7171 
     D244106  1 0.1880 0.5785 0.2335 
     D244107  1 0.4701 0.0615 0.4684 
     D244108  1 0.1979 0.5276 0.2745 
     D244113  1 0.0573 0.8447 0.0980 
     D244114  1 0.2895 0.2804 0.4301 
     D244115  1 0.1926 0.6207 0.1868 
     D267365  1 0.3779 0.4929 0.1292 
        D404  1 0.1237 0.6870 0.1893 
        D405  1 0.2166 0.5319 0.2515 
        D406  1 0.0891 0.1058 0.8051 
        D407  1 0.8065 0.0952 0.0984 
        D408  1 0.2600 0.6525 0.0875 
        D409  1 0.5566 0.1171 0.3263 
        D410  1 0.0905 0.2000 0.7095 
        D421  1 0.8640 0.1002 0.0358 
        D422  1 0.0856 0.0441 0.8703 
        D423  1 0.3272 0.0949 0.5779 
        D424  1 0.7333 0.1597 0.1070 
        D425  1 0.3214 0.5869 0.0916 
        D426  1 0.6227 0.0692 0.3081 
        D427  1 0.8359 0.0931 0.0710 
        D428  1 0.3265 0.4499 0.2235 
        D429  1 0.2440 0.5531 0.2029 
        D430  1 0.3907 0.4055 0.2039 
        D491  1 0.1290 0.7901 0.0809 
        D492  1 0.3130 0.5702 0.1169 
        D537  1 0.4620 0.3890 0.1489 
        D538  1 0.2118 0.2708 0.5173 
        D539  1 0.1050 0.4706 0.4244 
        D540  1 0.3744 0.3669 0.2588 
        D541  1 0.8581 0.0780 0.0640 
        D551  1 0.2994 0.1027 0.5979 
        D552  1 0.2580 0.2710 0.4710 
        D553  1 0.8080 0.1371 0.0549 
        D615  1 0.2305 0.3905 0.3789 
        D616  1 0.6720 0.1243 0.2038 
        D621  1 0.0747 0.3386 0.5867 
        D622  1 0.1618 0.2082 0.6300 
        D623  1 0.4017 0.4611 0.1372 
        D624  1 0.0969 0.8163 0.0868 
        D625  1 0.2434 0.6420 0.1146 
        D626  1 0.1376 0.7435 0.1189 
        D627  1 0.7728 0.1018 0.1254 
        D690  1 0.2403 0.6644 0.0953 
        D691  1 0.2907 0.1419 0.5674 
        D710  1 0.6049 0.2733 0.1217 
        D711  1 0.3668 0.4587 0.1744 
        D712  1 0.1445 0.6578 0.1977 
        D713  1 0.1553 0.7188 0.1258 
        D746  1 0.1226 0.1311 0.7463 
        D747  1 0.7891 0.1543 0.0567 
        D748  1 0.3798 0.3210 0.2992 
        D749  1 0.1330 0.1777 0.6893 
        D750  1 0.1656 0.7214 0.1130 
        D763  1 0.5157 0.2301 0.2541 
        D764  1 0.4771 0.4044 0.1185 
        D765  1 0.0633 0.1832 0.7535 
        D766  1 0.2135 0.3583 0.4282 
        D767  1 0.2236 0.3811 0.3953 
        D768  1 0.8288 0.0870 0.0842 
        D811  1 0.1031 0.7872 0.1097 
        D816  1 0.4546 0.4357 0.1097 
        D825  1 0.1165 0.6793 0.2042 
        D866  1 0.4185 0.3097 0.2718 
        D867  1 0.1091 0.1125 0.7785 
        D871  1 0.4216 0.3342 0.2442 
        D872  1 0.2278 0.3619 0.4102 
        D873  1 0.0333 0.0455 0.9212 
        D874  1 0.2312 0.6947 0.0741 
        D875  1 0.4138 0.1029 0.4832 
        D876  1 0.2806 0.4719 0.2475 
        D877  1 0.0747 0.8485 0.0768 
        D892  1 0.2212 0.5673 0.2115 
        D893  1 0.4505 0.2871 0.2624 
        D894  1 0.4763 0.3021 0.2216 
        D915  1 0.3863 0.3916 0.2221 
        D916  1 0.7125 0.1978 0.0897 
        D917  1 0.3701 0.5448 0.0851 
        D925  1 0.1100 0.2953 0.5947 
        D926  1 0.2615 0.6003 0.1382 
        D927  1 0.6345 0.2010 0.1645 
        D928  1 0.0816 0.8678 0.0506 
        D929  1 0.1016 0.7242 0.1742 
        D936  1 0.5098 0.3743 0.1159 
        D938  1 0.0954 0.1349 0.7698 
        D956  1 0.1426 0.6079 0.2495 
        D957  1 0.2818 0.2036 0.5145 
        D958  1 0.1666 0.5653 0.2681 
        D959  1 0.8278 0.0617 0.1105 
        D960  1 0.0667 0.0818 0.8514 
        D989  1 0.5575 0.3427 0.0999 
        D990  1 0.0928 0.0782 0.8290 
        H102  1 0.1591 0.6753 0.1656 
        H103  1 0.5104 0.1366 0.3530 
        H104  1 0.4140 0.4371 0.1489 
        H105  1 0.2498 0.6292 0.1209 
        H106  1 0.0943 0.2354 0.6702 
        H112  1 0.2339 0.4838 0.2823 
        H113  1 0.6627 0.1555 0.1818 
        H114  1 0.7717 0.0866 0.1417 
        H115  1 0.4207 0.3675 0.2118 
        H143  1 0.5167 0.2910 0.1923 
        H144  1 0.7495 0.1145 0.1360 
        H145  1 0.1228 0.6649 0.2123 
        H149  1 0.3536 0.3374 0.3090 
        H150  1 0.1574 0.3727 0.4699 
     H167542  1 0.3116 0.5167 0.1717 
     H169604  1 0.3229 0.5850 0.0920 
     H169607  1 0.1442 0.7081 0.1477 
     H169608  1 0.1041 0.7350 0.1609 
     H169633  1 0.6054 0.2405 0.1541 
     H169688  1 0.1904 0.1237 0.6859 
     H169714  1 0.2561 0.1780 0.5660 
     H171802  1 0.5585 0.1605 0.2809 
     H171805  1 0.1155 0.1764 0.7080 
     H171807  1 0.1293 0.5300 0.3407 
     H171814  1 0.7643 0.0723 0.1634 
     H171816  1 0.2234 0.2872 0.4894 
     H171817  1 0.1218 0.7285 0.1497 
     H171818  1 0.3140 0.1380 0.5481 
     H171819  1 0.5389 0.2578 0.2034 
     H171834  1 0.3203 0.0994 0.5802 
     H171835  1 0.2887 0.2852 0.4260 
     H171836  1 0.4818 0.1360 0.3822 
     H171837  1 0.3898 0.5108 0.0995 
     H171838  1 0.0951 0.0866 0.8183 
     H171839  1 0.5108 0.3536 0.1356 
     H171841  1 0.0668 0.6053 0.3279 
     H171860  1 0.3066 0.6141 0.0792 
     H171861  1 0.4339 0.2094 0.3567 
     H171862  1 0.4011 0.2228 0.3761 
     H171868  1 0.5508 0.2956 0.1536 
     H171869  1 0.3307 0.0838 0.5856 
     H171870  1 0.1190 0.1296 0.7514 
     H171871  1 0.3187 0.1314 0.5499 
     H171872  1 0.2177 0.6790 0.1033 
     H171873  1 0.2720 0.0963 0.6317 
     H171874  1 0.5628 0.1740 0.2632 
     H171875  1 0.7664 0.1009 0.1327 
     H171876  1 0.6655 0.2352 0.0993 
     H171877  1 0.4038 0.4986 0.0976 
     H171878  1 0.2303 0.0990 0.6707 
     H171901  1 0.1088 0.7303 0.1609 
     H171902  1 0.0678 0.7612 0.1710 
     H171903  1 0.6957 0.1663 0.1380 
     H171935  1 0.0865 0.1805 0.7330 
     H171936  1 0.7190 0.1174 0.1637 
     H171940  1 0.1251 0.6842 0.1906 
     H171945  1 0.1646 0.2584 0.5770 
     H171948  1 0.2242 0.3512 0.4246 
     H171949  1 0.1028 0.5855 0.3117 
     H171950  1 0.1213 0.6433 0.2354 
     H171963  1 0.1181 0.0825 0.7994 
     H171964  1 0.2216 0.1043 0.6741 
     H171966  1 0.1818 0.1817 0.6365 
     H171968  1 0.0867 0.7657 0.1477 
     H171971  1 0.1838 0.1108 0.7054 
     H171972  1 0.5467 0.1538 0.2995 
     H171977  1 0.3107 0.1898 0.4994 
     H171978  1 0.0956 0.3528 0.5516 
     H171979  1 0.3197 0.2209 0.4595 
        H176  1 0.3459 0.5742 0.0799 
        H177  1 0.0877 0.5391 0.3732 
        H179  1 0.4892 0.4225 0.0882 
        H181  1 0.2028 0.1369 0.6603 
        H182  1 0.1896 0.2079 0.6025 
        H183  1 0.2822 0.0962 0.6216 
        H184  1 0.1317 0.6247 0.2436 
        H185  1 0.2932 0.1280 0.5789 
        H186  1 0.6030 0.1187 0.2783 
        H187  1 0.2865 0.1822 0.5313 
        H188  1 0.4251 0.4694 0.1055 
        H192  1 0.0940 0.2512 0.6548 
        H193  1 0.1757 0.3726 0.4517 
        H194  1 0.3819 0.3169 0.3012 
        H195  1 0.1504 0.0935 0.7561 
        H199  1 0.1558 0.4343 0.4099 
        H200  1 0.5162 0.3768 0.1070 
        H414  1 0.3211 0.4183 0.2606 
        H415  1 0.5920 0.2517 0.1563 
        H422  1 0.2092 0.4401 0.3507 
        H423  1 0.1043 0.7176 0.1781 
        H424  1 0.3572 0.1005 0.5423 
        H425  1 0.1787 0.1170 0.7043 
        H426  1 0.1533 0.1110 0.7357 
        H443  1 0.6158 0.1702 0.2139 
        H466  1 0.4617 0.1894 0.3489 
        H467  1 0.2172 0.1778 0.6050 
        H472  1 0.1194 0.7950 0.0856 
        H483  1 0.3283 0.2825 0.3891 
        H504  1 0.2537 0.2185 0.5278 
        H505  1 0.2815 0.4419 0.2766 
        H506  1 0.2697 0.4255 0.3048 
        H507  1 0.3871 0.2412 0.3717 
        H508  1 0.2306 0.1968 0.5726 
        H524  1 0.3736 0.2491 0.3773 
        H525  1 0.3210 0.4134 0.2656 
        H526  1 0.4520 0.4706 0.0774 
        H527  1 0.1226 0.5913 0.2861 
        H528  1 0.6796 0.2384 0.0821 
        H529  1 0.3837 0.2297 0.3866 
        H533  1 0.1764 0.2591 0.5645 
        H538  1 0.2196 0.6579 0.1225 
        H539  1 0.0847 0.0655 0.8498 
        H540  1 0.2058 0.2719 0.5223 
        H541  1 0.3148 0.5466 0.1387 
        H558  1 0.1115 0.1032 0.7853 
        H559  1 0.3332 0.5445 0.1223 
        H579  1 0.1628 0.2296 0.6076 
        H584  1 0.2488 0.2570 0.4942 
        H585  1 0.6519 0.1361 0.2120 
        H605  1 0.2032 0.4739 0.3229 
        H606  1 0.1354 0.7799 0.0846 
        H632  1 0.4064 0.2543 0.3393 
        H634  1 0.3365 0.4056 0.2579 
        H671  1 0.1212 0.7862 0.0926 
        H672  1 0.8026 0.1260 0.0713 
        H673  1 0.4341 0.3460 0.2199 
        H689  1 0.5734 0.1970 0.2296 
        H690  1 0.2284 0.4021 0.3695 
        H691  1 0.6191 0.2151 0.1658 
        H692  1 0.6641 0.0987 0.2373 
        H709  1 0.5082 0.2747 0.2171 
        H710  1 0.5838 0.0867 0.3295 
       H7355  1 0.2410 0.5692 0.1899 
       H7356  1 0.1383 0.1413 0.7204 
       H7357  1 0.1358 0.6973 0.1669 
       H7358  1 0.2639 0.6176 0.1186 
       H7380  1 0.3410 0.4350 0.2240 
       H7381  1 0.2005 0.5606 0.2389 
       H7382  1 0.3376 0.2932 0.3692 
        H904  1 0.2059 0.6733 0.1208 
        H923  1 0.4526 0.3269 0.2205 
        H924  1 0.2429 0.5457 0.2114 
        H925  1 0.5594 0.3060 0.1346 
       H9558  1 0.0629 0.0772 0.8600 
      H105.1  1 0.2397 0.1276 0.6327 
      H115.1  1 0.6700 0.1671 0.1628 
      H145.1  1 0.1630 0.7561 0.0808 
      H149.1  1 0.7257 0.1753 0.0989 
      H150.1  1 0.0880 0.1896 0.7224 
   H169607.1  1 0.1982 0.6574 0.1444 
   H169633.1  1 0.5993 0.2527 0.1479 
   H169688.1  1 0.7436 0.1369 0.1195 
   H171901.1  1 0.5348 0.1919 0.2733 
   H171902.1  1 0.0906 0.7891 0.1202 
   H171903.1  1 0.1647 0.5434 0.2919 
      H177.1  1 0.6278 0.2673 0.1049 
      H179.1  1 0.3336 0.5422 0.1242 
      H180.1  1 0.2246 0.2994 0.4760 
      H181.1  1 0.2383 0.2047 0.5570 
 H194.1_2004  1 0.3977 0.1582 0.4441 
 H195.1_2003  1 0.4065 0.2183 0.3752 
 H195.1_2004  1 0.2936 0.6166 0.0898 
      H415.1  1 0.5952 0.1881 0.2167 
      H506.1  1 0.5494 0.3130 0.1376 
      H533.1  1 0.2540 0.4530 0.2931 
      H535.1  1 0.2507 0.4071 0.3422 
      H539.1  1 0.1304 0.2726 0.5970 
      H540.1  1 0.0678 0.1126 0.8196 
     H9558.1  1 0.1624 0.1638 0.6738 
    kos339.1  1 0.3535 0.5067 0.1399 
        D023  2 0.4215 0.0825 0.4959 
        D130  2 0.0804 0.0827 0.8368 
        D131  2 0.7876 0.1056 0.1069 
        D163  2 0.1186 0.1019 0.7795 
        D164  2 0.1081 0.0486 0.8433 
        D165  2 0.4003 0.0577 0.5420 
        D166  2 0.1231 0.2502 0.6267 
        D167  2 0.4247 0.0896 0.4856 
        D192  2 0.3592 0.0707 0.5701 
        D193  2 0.1099 0.4259 0.4642 
        D206  2 0.5659 0.2212 0.2129 
        D207  2 0.6252 0.1218 0.2530 
        D208  2 0.1652 0.6583 0.1764 
        D209  2 0.4219 0.0869 0.4912 
        D210  2 0.2495 0.6161 0.1344 
     D229599  2 0.5602 0.2030 0.2368 
     D229600  2 0.1650 0.0861 0.7489 
     D237227  2 0.2599 0.5074 0.2327 
     D237228  2 0.1506 0.3931 0.4563 
     D237258  2 0.5135 0.2455 0.2410 
     D237310  2 0.0798 0.1403 0.7799 
     D237311  2 0.2035 0.0951 0.7014 
     D237312  2 0.1097 0.3463 0.5440 
     D237313  2 0.1620 0.4984 0.3395 
     D237322  2 0.1502 0.5122 0.3376 
     D237323  2 0.1242 0.2541 0.6217 
     D237324  2 0.3009 0.0718 0.6273 
     D237325  2 0.1520 0.3528 0.4952 
     D237326  2 0.3476 0.1668 0.4855 
     D237327  2 0.4173 0.1895 0.3932 
     D237337  2 0.0997 0.3100 0.5903 
     D237338  2 0.2381 0.3135 0.4484 
     D237339  2 0.6840 0.1232 0.1928 
     D237340  2 0.2652 0.2647 0.4702 
     D237389  2 0.0971 0.0894 0.8135 
     D237390  2 0.2532 0.3504 0.3964 
     D244017  2 0.3991 0.3330 0.2678 
     D244112  2 0.1481 0.0667 0.7852 
     D244118  2 0.1001 0.0510 0.8489 
     D244119  2 0.3306 0.5086 0.1609 
     D244120  2 0.1729 0.1384 0.6887 
     D244122  2 0.2416 0.2235 0.5349 
        D291  2 0.5712 0.1846 0.2442 
        D292  2 0.5022 0.2921 0.2057 
        D293  2 0.9306 0.0384 0.0310 
        D322  2 0.8145 0.0588 0.1267 
        D323  2 0.6021 0.2698 0.1281 
        D324  2 0.6882 0.1765 0.1353 
        D325  2 0.9279 0.0335 0.0386 
        D326  2 0.8230 0.1249 0.0521 
        D340  2 0.8671 0.0520 0.0809 
        D341  2 0.4082 0.2013 0.3905 
        D342  2 0.0800 0.0819 0.8381 
        D343  2 0.9318 0.0304 0.0378 
        D344  2 0.3561 0.2577 0.3862 
        D345  2 0.2634 0.2242 0.5124 
        D346  2 0.3522 0.5439 0.1039 
        D351  2 0.7830 0.1222 0.0949 
        D352  2 0.4937 0.2781 0.2282 
        D353  2 0.7660 0.1365 0.0975 
        D354  2 0.2104 0.4504 0.3391 
        D362  2 0.5394 0.3192 0.1414 
        D363  2 0.5979 0.3142 0.0879 
        D364  2 0.3320 0.2716 0.3964 
        D365  2 0.9206 0.0417 0.0377 
        D369  2 0.8194 0.1156 0.0650 
        D374  2 0.0672 0.7646 0.1682 
        D375  2 0.3037 0.1863 0.5100 
        D376  2 0.0788 0.5497 0.3714 
        D377  2 0.1990 0.4973 0.3037 
        D378  2 0.8196 0.0788 0.1016 
        D379  2 0.5676 0.2757 0.1567 
        D384  2 0.6448 0.2947 0.0606 
        D385  2 0.8018 0.0881 0.1101 
        D386  2 0.5481 0.2378 0.2142 
        D391  2 0.8672 0.0662 0.0666 
        D392  2 0.7446 0.0776 0.1779 
        D393  2 0.7212 0.1574 0.1215 
        D394  2 0.3529 0.1509 0.4962 
        D395  2 0.8114 0.0725 0.1161 
        D401  2 0.1748 0.1125 0.7127 
        D402  2 0.6371 0.1054 0.2575 
        D403  2 0.2011 0.2881 0.5108 
        D415  2 0.7868 0.0818 0.1314 
        D435  2 0.8008 0.0883 0.1108 
        D436  2 0.3826 0.4706 0.1468 
        D438  2 0.7982 0.0771 0.1247 
        D439  2 0.5867 0.0812 0.3321 
        D449  2 0.6536 0.0672 0.2792 
        D450  2 0.1276 0.7090 0.1634 
        D456  2 0.7941 0.1330 0.0729 
        D462  2 0.8924 0.0405 0.0671 
        D463  2 0.7351 0.1850 0.0798 
        D464  2 0.6371 0.2477 0.1152 
        D465  2 0.8425 0.0738 0.0837 
        D473  2 0.1011 0.7807 0.1182 
        D474  2 0.6671 0.2219 0.1110 
        D476  2 0.3453 0.0608 0.5939 
        D477  2 0.4362 0.4243 0.1395 
        D478  2 0.3983 0.2526 0.3491 
        D480  2 0.5432 0.3266 0.1302 
        D481  2 0.5553 0.1906 0.2540 
        D482  2 0.2014 0.4641 0.3346 
        D483  2 0.5658 0.0933 0.3409 
        D484  2 0.3780 0.3032 0.3189 
        D510  2 0.1027 0.7823 0.1150 
        D511  2 0.7576 0.1195 0.1229 
        D512  2 0.4026 0.0677 0.5297 
        D513  2 0.6868 0.2014 0.1118 
        D635  2 0.7712 0.1017 0.1271 
        D636  2 0.1029 0.0898 0.8072 
        D637  2 0.3725 0.4420 0.1854 
        D658  2 0.2692 0.2421 0.4887 
        D659  2 0.6112 0.2284 0.1605 
        D677  2 0.4079 0.2912 0.3009 
        D678  2 0.1976 0.0961 0.7063 
        D679  2 0.5695 0.2855 0.1450 
        D719  2 0.5853 0.3469 0.0679 
        D720  2 0.4784 0.4233 0.0983 
        D721  2 0.3855 0.1088 0.5057 
        D722  2 0.1547 0.5928 0.2525 
        D734  2 0.4273 0.4884 0.0843 
        D735  2 0.4273 0.3225 0.2502 
        D736  2 0.3779 0.4107 0.2114 
        D737  2 0.2418 0.1345 0.6237 
        D807  2 0.3511 0.5129 0.1360 
        D808  2 0.4596 0.0872 0.4532 
        D817  2 0.4637 0.3927 0.1437 
        D818  2 0.7945 0.0873 0.1182 
        D819  2 0.7485 0.1185 0.1329 
        D820  2 0.7729 0.1655 0.0616 
        D895  2 0.4357 0.3094 0.2549 
        D896  2 0.1041 0.1569 0.7390 
        D897  2 0.1622 0.1326 0.7051 
        D898  2 0.2252 0.2237 0.5511 
        D918  2 0.3188 0.4323 0.2489 
        D919  2 0.7602 0.0936 0.1462 
        D920  2 0.0512 0.0725 0.8764 
        D923  2 0.6920 0.1954 0.1125 
        D930  2 0.1170 0.7648 0.1182 
        D931  2 0.6575 0.2203 0.1221 
        D968  2 0.8629 0.0594 0.0777 
        D969  2 0.7227 0.1517 0.1256 
        D977  2 0.8136 0.0891 0.0973 
        D978  2 0.2986 0.3357 0.3656 
        H008  2 0.5029 0.3668 0.1303 
        H021  2 0.3506 0.1762 0.4733 
        H023  2 0.1092 0.7552 0.1355 
        H024  2 0.5050 0.0874 0.4076 
        H025  2 0.2925 0.3885 0.3189 
        H026  2 0.8884 0.0473 0.0643 
        H027  2 0.5948 0.2329 0.1723 
        H028  2 0.2274 0.2717 0.5009 
        H029  2 0.8282 0.0826 0.0892 
        H030  2 0.5101 0.0689 0.4210 
        H038  2 0.1566 0.1540 0.6894 
        H039  2 0.0608 0.8577 0.0815 
        H040  2 0.1330 0.1850 0.6820 
        H041  2 0.7577 0.1579 0.0843 
        H042  2 0.1067 0.7270 0.1663 
        H043  2 0.0805 0.1358 0.7837 
        H044  2 0.2024 0.2041 0.5935 
        H047  2 0.1243 0.2393 0.6364 
        H050  2 0.6942 0.1101 0.1958 
        H058  2 0.1714 0.1009 0.7277 
        H062  2 0.0791 0.7013 0.2195 
        H063  2 0.4795 0.2490 0.2715 
        H065  2 0.6076 0.2896 0.1028 
        H066  2 0.1638 0.0662 0.7700 
        H067  2 0.2185 0.5053 0.2763 
        H068  2 0.1237 0.6750 0.2013 
        H069  2 0.3705 0.2320 0.3974 
        H071  2 0.3529 0.5338 0.1134 
        H072  2 0.1274 0.7748 0.0978 
        H073  2 0.4688 0.1831 0.3481 
        H081  2 0.1782 0.7452 0.0766 
        H082  2 0.5176 0.0924 0.3899 
        H083  2 0.6308 0.0862 0.2830 
        H084  2 0.2576 0.2664 0.4760 
        H085  2 0.6600 0.2732 0.0668 
        H087  2 0.3618 0.4972 0.1410 
        H088  2 0.4269 0.4133 0.1598 
        H089  2 0.3367 0.5100 0.1533 
        H090  2 0.8991 0.0509 0.0499 
        H091  2 0.8113 0.1193 0.0694 
        H098  2 0.3517 0.2289 0.4194 
      H10001  2 0.0481 0.8396 0.1122 
      H10002  2 0.1973 0.5480 0.2548 
        H101  2 0.6675 0.1035 0.2290 
        H108  2 0.0681 0.8675 0.0644 
        H109  2 0.4144 0.1667 0.4190 
        H110  2 0.5846 0.2783 0.1370 
        H116  2 0.4734 0.1440 0.3826 
        H117  2 0.8174 0.0893 0.0933 
        H118  2 0.8724 0.0718 0.0558 
        H119  2 0.6336 0.2594 0.1070 
        H120  2 0.0723 0.8607 0.0670 
        H121  2 0.8747 0.0815 0.0438 
        H125  2 0.0792 0.8006 0.1202 
        H126  2 0.1699 0.3006 0.5295 
        H128  2 0.9337 0.0273 0.0390 
        H129  2 0.3388 0.0842 0.5770 
        H130  2 0.0414 0.7499 0.2087 
        H133  2 0.1413 0.6392 0.2196 
        H134  2 0.7692 0.0666 0.1642 
        H135  2 0.5552 0.2993 0.1455 
        H137  2 0.4914 0.1237 0.3848 
        H138  2 0.4525 0.1683 0.3793 
        H140  2 0.6482 0.2160 0.1357 
        H146  2 0.8987 0.0592 0.0421 
        H147  2 0.7140 0.1345 0.1515 
        H148  2 0.5790 0.1832 0.2378 
     H166022  2 0.3455 0.2959 0.3587 
     H167359  2 0.3043 0.3737 0.3220 
     H167397  2 0.6165 0.0765 0.3071 
     H167428  2 0.8842 0.0603 0.0555 
     H167496  2 0.2929 0.5717 0.1354 
     H167513  2 0.0625 0.0913 0.8462 
     H167545  2 0.0978 0.1173 0.7848 
     H167547  2 0.5242 0.0931 0.3827 
     H169621  2 0.3837 0.0877 0.5285 
     H169622  2 0.2427 0.4214 0.3359 
     H169750  2 0.4086 0.2077 0.3837 
     H171806  2 0.6971 0.2206 0.0822 
     H171808  2 0.2853 0.5875 0.1272 
     H171809  2 0.1982 0.6616 0.1402 
     H171813  2 0.1716 0.1319 0.6965 
     H171815  2 0.1176 0.1388 0.7436 
     H171824  2 0.3789 0.5329 0.0882 
     H171825  2 0.0929 0.7325 0.1746 
     H171826  2 0.6281 0.2191 0.1527 
     H171827  2 0.4446 0.1178 0.4377 
     H171828  2 0.0886 0.8298 0.0816 
     H171829  2 0.1000 0.5096 0.3903 
     H171830  2 0.3993 0.3631 0.2376 
     H171831  2 0.3234 0.2018 0.4749 
     H171832  2 0.1817 0.2637 0.5546 
     H171863  2 0.4676 0.0836 0.4489 
     H171864  2 0.4127 0.3698 0.2175 
     H171865  2 0.3801 0.3173 0.3026 
     H171879  2 0.8405 0.0708 0.0887 
     H171880  2 0.6679 0.0872 0.2449 
     H171881  2 0.2974 0.2168 0.4858 
     H171882  2 0.0707 0.8287 0.1007 
     H171929  2 0.4873 0.3331 0.1796 
     H171930  2 0.1326 0.0760 0.7914 
     H171933  2 0.3081 0.2767 0.4153 
     H171934  2 0.1188 0.6472 0.2340 
     H171937  2 0.1763 0.2333 0.5904 
     H171962  2 0.3687 0.2031 0.4282 
        H190  2 0.3229 0.1319 0.5452 
        H191  2 0.2410 0.2148 0.5442 
        H396  2 0.4088 0.4837 0.1075 
        H397  2 0.2065 0.6057 0.1878 
        H398  2 0.4180 0.4154 0.1666 
        H400  2 0.1988 0.6272 0.1740 
        H401  2 0.4454 0.0774 0.4773 
        H402  2 0.3438 0.0818 0.5744 
        H427  2 0.5788 0.2528 0.1684 
        H428  2 0.8871 0.0623 0.0506 
        H497  2 0.1285 0.1156 0.7558 
        H512  2 0.5292 0.1331 0.3378 
        H513  2 0.0566 0.0808 0.8626 
        H514  2 0.5145 0.1013 0.3842 
        H519  2 0.0853 0.1036 0.8111 
        H532  2 0.7684 0.1398 0.0917 
        H543  2 0.6791 0.1118 0.2092 
        H544  2 0.1785 0.6443 0.1772 
        H545  2 0.0702 0.1001 0.8296 
        H546  2 0.1160 0.3340 0.5500 
        H547  2 0.5238 0.0994 0.3768 
        H548  2 0.2325 0.6357 0.1318 
        H549  2 0.0515 0.0596 0.8889 
        H620  2 0.0873 0.7849 0.1278 
        H623  2 0.0875 0.0783 0.8342 
        H624  2 0.0797 0.2514 0.6688 
        H625  2 0.2382 0.5729 0.1889 
        H626  2 0.2547 0.3070 0.4384 
        H654  2 0.0581 0.2601 0.6818 
        H655  2 0.1685 0.4891 0.3425 
        H656  2 0.0503 0.8854 0.0643 
        H666  2 0.3085 0.5390 0.1525 
        H667  2 0.3355 0.1518 0.5126 
        H677  2 0.4599 0.3769 0.1632 
        H693  2 0.1214 0.7531 0.1255 
        H694  2 0.2081 0.1920 0.5999 
        H701  2 0.4596 0.1542 0.3861 
        H702  2 0.1839 0.5322 0.2839 
        H731  2 0.2811 0.5773 0.1415 
       H7359  2 0.2945 0.4049 0.3006 
       H7389  2 0.7181 0.1308 0.1511 
       H7390  2 0.1625 0.3752 0.4623 
       H7391  2 0.5537 0.3462 0.1000 
       H7392  2 0.4630 0.2091 0.3279 
       H7393  2 0.1022 0.2521 0.6457 
       H7398  2 0.6987 0.2036 0.0976 
       H7399  2 0.6617 0.0977 0.2406 
       H7400  2 0.0537 0.7517 0.1946 
        H745  2 0.4805 0.0768 0.4427 
        H746  2 0.4432 0.1069 0.4499 
        H747  2 0.1128 0.6039 0.2833 
        H748  2 0.4615 0.2244 0.3141 
       H7484  2 0.0629 0.8100 0.1271 
       H7485  2 0.1424 0.0709 0.7866 
        H749  2 0.2131 0.2500 0.5369 
        H930  2 0.2332 0.0902 0.6766 
        H931  2 0.5205 0.3942 0.0853 
        H932  2 0.7121 0.1923 0.0956 
      H008.1  2 0.5203 0.4091 0.0706 
 H029.1_2002  2 0.4807 0.1130 0.4064 
 H029.1_2003  2 0.8386 0.0898 0.0716 
      H030.1  2 0.3838 0.2321 0.3842 
      H038.1  2 0.2542 0.5911 0.1547 
      H041.1  2 0.9183 0.0394 0.0424 
 H042.1_2002  2 0.8161 0.0952 0.0887 
 H042.1_2003  2 0.3744 0.3189 0.3066 
   H042_2002  2 0.1074 0.7169 0.1757 
   H042_2003  2 0.1156 0.6912 0.1932 
      H043.1  2 0.0698 0.0838 0.8464 
      H047.1  2 0.1076 0.2448 0.6476 
 H071.1_2002  2 0.3019 0.2604 0.4377 
 H071.1_2003  2 0.3534 0.3899 0.2566 
 H081.1_2002  2 0.4639 0.2772 0.2588 
 H081.1_2003  2 0.3550 0.2407 0.4043 
      H083.1  2 0.4276 0.0708 0.5016 
      H084.1  2 0.1031 0.0718 0.8251 
 H085.1_2002  2 0.5349 0.3300 0.1352 
 H085.1_2003  2 0.8797 0.0701 0.0503 
      H088.1  2 0.8841 0.0582 0.0577 
      H091.1  2 0.9212 0.0344 0.0444 
      H109.1  2 0.1749 0.1125 0.7126 
      H126.1  2 0.1405 0.5818 0.2777 
      H130.1  2 0.0949 0.8024 0.1027 
      H133.1  2 0.3503 0.3880 0.2617 
      H147.1  2 0.5321 0.1621 0.3059 
      H148.1  2 0.2430 0.5217 0.2353 
   H166022.1  2 0.8347 0.0599 0.1054 
   H167397.1  2 0.3091 0.0795 0.6114 
   H167496.1  2 0.5300 0.3154 0.1546 
   H167513.1  2 0.1042 0.1680 0.7278 
   H167547.1  2 0.2928 0.2938 0.4134 
   H169750.1  2 0.3391 0.3724 0.2886 
   H171929.1  2 0.3771 0.1110 0.5119 
   H171930.1  2 0.1532 0.1091 0.7378 
   H171933.1  2 0.6184 0.2661 0.1155 
      H190.1  2 0.1864 0.3679 0.4457 
      H400.1  2 0.8218 0.0728 0.1054 
 H428.1_2005  2 0.7285 0.1420 0.1296 
 H428.1_2006  2 0.8255 0.0786 0.0959 
      H453.1  2 0.7242 0.1164 0.1594 
      H512.1  2 0.3934 0.1149 0.4917 
      H513.1  2 0.3058 0.0792 0.6150 
      H532.1  2 0.3537 0.3340 0.3123 
      H543.1  2 0.7210 0.0774 0.2017 
 H545.1_2005  2 0.0569 0.0596 0.8835 
 H545.1_2006  2 0.6700 0.0969 0.2330 
      H547.1  2 0.7528 0.0983 0.1489 
      H548.1  2 0.2359 0.1968 0.5673 
     H7389.1  2 0.6728 0.2240 0.1032 
      H747.1  2 0.1581 0.4447 0.3972 
     H7484.1  2 0.1933 0.6493 0.1574 
     H7485.1  2 0.7490 0.1028 0.1482 
     H7496.1  2 0.3873 0.3432 0.2695 
        D211  3 0.1974 0.2939 0.5087 
     D229639  3 0.4392 0.3786 0.1822 
     D237212  3 0.4989 0.3199 0.1812 
     D237213  3 0.2865 0.2533 0.4602 
     D237214  3 0.2530 0.1355 0.6115 
     D237215  3 0.1833 0.3423 0.4744 
     D237216  3 0.2374 0.1489 0.6137 
     D237217  3 0.1774 0.0985 0.7241 
     D237218  3 0.3077 0.3282 0.3642 
     D237219  3 0.1064 0.5178 0.3758 
     D237382  3 0.1546 0.4599 0.3856 
     D244127  3 0.1355 0.0804 0.7841 
     D244129  3 0.4950 0.2701 0.2348 
     D244133  3 0.2434 0.5636 0.1930 
     D244134  3 0.2213 0.5584 0.2203 
     D244135  3 0.2972 0.1698 0.5330 
     D244136  3 0.4070 0.4938 0.0991 
        D416  3 0.4208 0.1075 0.4717 
        D417  3 0.4559 0.2760 0.2681 
        D419  3 0.3347 0.3621 0.3031 
        D565  3 0.1361 0.8089 0.0550 
        D566  3 0.5411 0.3348 0.1240 
        D567  3 0.4516 0.3526 0.1958 
        D568  3 0.4439 0.1277 0.4284 
        D569  3 0.3824 0.2006 0.4170 
        D573  3 0.8817 0.0608 0.0575 
        D574  3 0.2427 0.4904 0.2669 
        D575  3 0.1428 0.6782 0.1791 
        D576  3 0.2058 0.1473 0.6469 
        D577  3 0.1865 0.6311 0.1823 
        D578  3 0.1491 0.0489 0.8019 
        D579  3 0.2452 0.5854 0.1694 
        D660  3 0.3097 0.1638 0.5265 
        D661  3 0.1983 0.0995 0.7022 
        D663  3 0.7794 0.1173 0.1033 
        D664  3 0.1067 0.4009 0.4924 
        D665  3 0.1444 0.0976 0.7580 
        D666  3 0.1725 0.5735 0.2540 
        H111  3 0.1704 0.1577 0.6719 
        H951  3 0.4885 0.1710 0.3405 
        H952  3 0.5250 0.2700 0.2050 
        H953  3 0.6746 0.2333 0.0920 
        H954  3 0.1627 0.5239 0.3134 
        H955  3 0.5212 0.1351 0.3436 
        H956  3 0.7422 0.1601 0.0977 
       H9563  3 0.3527 0.4557 0.1916 
        D009  4 0.0905 0.1537 0.7558 
        D057  4 0.2488 0.1546 0.5966 
        D109  4 0.1358 0.5179 0.3463 
     D237222  4 0.0881 0.1767 0.7352 
     D237223  4 0.1477 0.2475 0.6048 
     D237224  4 0.7237 0.1357 0.1406 
     D237225  4 0.1279 0.2464 0.6257 
     D237299  4 0.1233 0.1669 0.7097 
     D237300  4 0.4588 0.2245 0.3167 
     D237306  4 0.1987 0.5965 0.2048 
     D237307  4 0.2810 0.6083 0.1107 
     D237308  4 0.2505 0.3857 0.3638 
     D237309  4 0.2048 0.1569 0.6383 
     D237317  4 0.1229 0.6863 0.1908 
     D237318  4 0.8773 0.0522 0.0706 
     D237319  4 0.2615 0.2656 0.4729 
     D237320  4 0.4576 0.1625 0.3799 
     D237321  4 0.5165 0.1985 0.2850 
     D237397  4 0.2141 0.4240 0.3620 
     D237398  4 0.7917 0.0839 0.1244 
     D237399  4 0.2975 0.4590 0.2435 
     D244001  4 0.1075 0.1185 0.7740 
        D289  4 0.5272 0.3273 0.1455 
        D290  4 0.1778 0.5005 0.3217 
        D294  4 0.1892 0.3048 0.5060 
        D295  4 0.2043 0.5657 0.2300 
        D301  4 0.0603 0.1160 0.8237 
        D302  4 0.4230 0.3899 0.1871 
        D303  4 0.1184 0.7696 0.1120 
        D304  4 0.1351 0.7123 0.1527 
        D305  4 0.2294 0.0907 0.6799 
        D306  4 0.1573 0.5687 0.2740 
        D307  4 0.0673 0.1977 0.7350 
        D327  4 0.5379 0.3710 0.0911 
        D328  4 0.1095 0.7342 0.1563 
        D329  4 0.1818 0.1711 0.6471 
        D330  4 0.4641 0.0967 0.4392 
        D331  4 0.2261 0.4756 0.2983 
        D333  4 0.1298 0.5731 0.2971 
        D334  4 0.1288 0.7616 0.1096 
        D335  4 0.4833 0.3796 0.1371 
        D370  4 0.1146 0.4983 0.3872 
        D371  4 0.2577 0.6723 0.0701 
        D372  4 0.1200 0.3107 0.5693 
        D373  4 0.1671 0.0986 0.7343 
        D455  4 0.0978 0.1113 0.7909 
        D490  4 0.0644 0.1169 0.8186 
        D497  4 0.0557 0.0925 0.8519 
        D498  4 0.1986 0.4720 0.3295 
        D499  4 0.6186 0.1537 0.2277 
        D514  4 0.4389 0.3248 0.2364 
        D515  4 0.1159 0.1653 0.7188 
        D516  4 0.3203 0.4592 0.2205 
        D517  4 0.1256 0.0670 0.8074 
        D518  4 0.1610 0.3686 0.4705 
        D519  4 0.2970 0.1008 0.6023 
        D560  4 0.1511 0.1294 0.7195 
        D561  4 0.6953 0.0576 0.2471 
        D562  4 0.3084 0.2460 0.4456 
        D563  4 0.7874 0.0596 0.1529 
        D572  4 0.4387 0.3072 0.2541 
        D629  4 0.5080 0.3016 0.1904 
        D630  4 0.2689 0.3970 0.3341 
        D631  4 0.3279 0.2564 0.4157 
        D632  4 0.1923 0.1072 0.7005 
        D646  4 0.3047 0.1102 0.5851 
        D647  4 0.5465 0.1084 0.3451 
        D648  4 0.0854 0.7375 0.1771 
        D649  4 0.3719 0.3027 0.3254 
        D650  4 0.1863 0.6286 0.1851 
        D708  4 0.1164 0.6297 0.2539 
        D709  4 0.0876 0.6726 0.2398 
        D738  4 0.1933 0.5808 0.2259 
        D739  4 0.1334 0.1883 0.6782 
        D740  4 0.1021 0.3064 0.5915 
        D741  4 0.8242 0.0688 0.1070 
        D742  4 0.6444 0.1692 0.1864 
        D743  4 0.6713 0.2352 0.0935 
        D744  4 0.6841 0.1521 0.1638 
        D745  4 0.1975 0.1406 0.6619 
        D814  4 0.2266 0.1269 0.6465 
        D815  4 0.1784 0.6689 0.1527 
        D828  4 0.0672 0.4546 0.4782 
        D845  4 0.7441 0.1669 0.0890 
        D846  4 0.5974 0.1163 0.2863 
        D847  4 0.3854 0.3348 0.2797 
        D848  4 0.2313 0.0723 0.6965 
        D849  4 0.0815 0.1141 0.8044 
        D850  4 0.6903 0.1934 0.1164 
        D856  4 0.3067 0.2009 0.4923 
        D857  4 0.0417 0.0992 0.8591 
        D859  4 0.4196 0.3147 0.2657 
        D860  4 0.5192 0.3780 0.1028 
        D883  4 0.2565 0.5169 0.2266 
        D884  4 0.1498 0.5540 0.2962 
        D885  4 0.5822 0.1319 0.2859 
        D886  4 0.1865 0.3067 0.5068 
        D887  4 0.3363 0.3610 0.3026 
        D889  4 0.1744 0.5572 0.2684 
        D890  4 0.1781 0.5928 0.2291 
        D891  4 0.9058 0.0408 0.0534 
        D899  4 0.6001 0.2526 0.1473 
        D900  4 0.5262 0.2401 0.2337 
        D970  4 0.4491 0.2806 0.2703 
        D971  4 0.5183 0.2403 0.2414 
        D979  4 0.5219 0.3955 0.0826 
        H002  4 0.1541 0.3381 0.5077 
        H003  4 0.3953 0.1766 0.4281 
        H009  4 0.0878 0.1297 0.7825 
        H010  4 0.3536 0.2842 0.3622 
        H011  4 0.0977 0.6704 0.2318 
        H012  4 0.3363 0.3198 0.3438 
        H013  4 0.4727 0.3365 0.1908 
        H014  4 0.2909 0.2684 0.4407 
        H045  4 0.3877 0.4211 0.1912 
        H046  4 0.3758 0.2411 0.3831 
        H051  4 0.1561 0.6920 0.1519 
        H052  4 0.0640 0.7993 0.1367 
        H053  4 0.5726 0.2178 0.2096 
        H056  4 0.0500 0.5901 0.3599 
        H076  4 0.8317 0.0713 0.0971 
        H151  4 0.3794 0.3264 0.2941 
        H152  4 0.1137 0.7555 0.1308 
     H171803  4 0.1091 0.1701 0.7208 
     H171804  4 0.1185 0.5952 0.2862 
     H171833  4 0.1134 0.0761 0.8105 
     H171855  4 0.1389 0.3278 0.5332 
     H171856  4 0.1650 0.1553 0.6797 
     H171857  4 0.2342 0.4543 0.3115 
     H171858  4 0.2772 0.6420 0.0808 
     H171859  4 0.2558 0.6057 0.1385 
     H171961  4 0.4076 0.3724 0.2200 
        H198  4 0.5624 0.1271 0.3105 
      H20001  4 0.0559 0.0456 0.8986 
        H403  4 0.2381 0.1445 0.6173 
        H404  4 0.5303 0.2724 0.1973 
        H405  4 0.4172 0.2355 0.3473 
        H406  4 0.3100 0.0681 0.6219 
        H407  4 0.2892 0.3889 0.3219 
        H410  4 0.8672 0.0568 0.0761 
        H411  4 0.1107 0.0810 0.8083 
        H468  4 0.1141 0.1145 0.7715 
        H476  4 0.2206 0.4149 0.3645 
        H477  4 0.0568 0.1636 0.7796 
        H478  4 0.0855 0.1328 0.7818 
        H479  4 0.2808 0.6227 0.0965 
        H480  4 0.3251 0.2577 0.4172 
        H498  4 0.2208 0.1191 0.6601 
        H499  4 0.1224 0.4672 0.4104 
        H500  4 0.2628 0.4383 0.2989 
        H515  4 0.1782 0.3004 0.5214 
        H516  4 0.3172 0.0902 0.5926 
        H517  4 0.7029 0.2188 0.0783 
        H518  4 0.0584 0.8096 0.1320 
        H520  4 0.1292 0.5614 0.3094 
        H521  4 0.4774 0.2163 0.3064 
        H522  4 0.1173 0.1273 0.7554 
        H523  4 0.3255 0.4397 0.2349 
        H536  4 0.2570 0.4490 0.2940 
        H645  4 0.2672 0.6607 0.0721 
        H646  4 0.7964 0.0782 0.1254 
        H647  4 0.2988 0.2326 0.4685 
        H657  4 0.6476 0.2121 0.1403 
        H658  4 0.3141 0.5477 0.1382 
        H659  4 0.1142 0.2135 0.6723 
        H660  4 0.1068 0.4911 0.4021 
        H661  4 0.0951 0.0904 0.8145 
        H668  4 0.3409 0.3844 0.2747 
        H669  4 0.7597 0.1078 0.1325 
        H670  4 0.2096 0.7351 0.0553 
        H678  4 0.3619 0.0903 0.5478 
        H679  4 0.7595 0.1085 0.1320 
        H680  4 0.2785 0.2141 0.5075 
        H681  4 0.1327 0.7684 0.0989 
        H682  4 0.6169 0.1368 0.2463 
        H683  4 0.3086 0.2527 0.4387 
        H718  4 0.2610 0.5881 0.1509 
        H719  4 0.2893 0.3712 0.3395 
        H720  4 0.0446 0.2985 0.6569 
        H721  4 0.0433 0.1698 0.7869 
        H722  4 0.1958 0.1551 0.6490 
        H723  4 0.3922 0.4105 0.1973 
        H724  4 0.1010 0.7956 0.1033 
        H725  4 0.0765 0.6387 0.2848 
        H726  4 0.4380 0.2332 0.3288 
        H727  4 0.3734 0.4370 0.1896 
        H910  4 0.1403 0.6630 0.1967 
        H911  4 0.7668 0.0886 0.1446 
        H912  4 0.4524 0.1788 0.3687 
        H913  4 0.3938 0.3679 0.2383 
        H914  4 0.2051 0.6734 0.1216 
        H915  4 0.3662 0.2493 0.3845 
        H916  4 0.1093 0.1270 0.7637 
       H9572  4 0.0718 0.0777 0.8505 
      H009.1  4 0.1069 0.7335 0.1596 
      H046.4  4 0.3972 0.2846 0.3181 
 H076.1_2002  4 0.8706 0.0377 0.0918 
 H076.1_2003  4 0.8929 0.0413 0.0659 
 H076.1_2004  4 0.8600 0.0559 0.0841 
      H477.1  4 0.0646 0.1221 0.8133 
 H479.1_2005  4 0.3325 0.4896 0.1779 
 H479.1_2006  4 0.2201 0.2021 0.5778 
      H516.1  4 0.4688 0.1611 0.3701 
      H646.1  4 0.3886 0.1660 0.4454 
      H658.1  4 0.1497 0.3252 0.5251 
      H682.1  4 0.5065 0.3357 0.1578 
      H720.1  4 0.3954 0.2082 0.3964 
      H724.1  4 0.4194 0.3253 0.2553 
      H725.1  4 0.0846 0.7499 0.1654 
      H726.1  4 0.1530 0.2360 0.6110 
        UNK1  4 0.2115 0.6587 0.1298 
        D093  5 0.0767 0.8238 0.0994 
        D154  5 0.3982 0.3599 0.2419 
        D168  5 0.4585 0.1685 0.3730 
        D189  5 0.2077 0.6812 0.1111 
        D190  5 0.1042 0.8184 0.0775 
     D237220  5 0.1606 0.3072 0.5322 
     D237221  5 0.2197 0.6572 0.1231 
     D237274  5 0.5785 0.1419 0.2796 
     D237275  5 0.3282 0.1115 0.5603 
     D237276  5 0.0808 0.7095 0.2097 
     D237277  5 0.1090 0.8106 0.0804 
     D237278  5 0.3672 0.1769 0.4559 
     D237279  5 0.3025 0.1297 0.5678 
     D237280  5 0.0908 0.5007 0.4084 
     D237281  5 0.8467 0.0641 0.0891 
     D237351  5 0.0600 0.5234 0.4166 
     D237352  5 0.3488 0.3102 0.3410 
     D237353  5 0.0727 0.8501 0.0771 
     D237359  5 0.2160 0.3008 0.4832 
     D237361  5 0.0621 0.8825 0.0554 
     D237362  5 0.3224 0.5474 0.1302 
     D237363  5 0.5479 0.1353 0.3169 
     D237364  5 0.2951 0.1144 0.5905 
     D237376  5 0.1123 0.7146 0.1731 
     D237377  5 0.5143 0.3408 0.1449 
     D237378  5 0.1174 0.7391 0.1435 
     D237379  5 0.3014 0.4813 0.2173 
     D237380  5 0.0420 0.2198 0.7382 
     D237381  5 0.0861 0.2141 0.6998 
     D237391  5 0.0812 0.8474 0.0715 
     D237392  5 0.7400 0.1085 0.1515 
     D237393  5 0.3434 0.4246 0.2320 
     D237394  5 0.0993 0.8415 0.0592 
     D237395  5 0.0879 0.5512 0.3609 
     D237396  5 0.7697 0.1489 0.0814 
     D244016  5 0.2429 0.6045 0.1526 
     D244018  5 0.6707 0.2096 0.1197 
     D244019  5 0.3716 0.4709 0.1574 
        D279  5 0.1708 0.3665 0.4627 
        D280  5 0.2738 0.4589 0.2673 
        D281  5 0.6223 0.2383 0.1394 
        D283  5 0.2542 0.6491 0.0967 
        D284  5 0.2855 0.2541 0.4604 
        D285  5 0.0966 0.7960 0.1074 
        D286  5 0.1047 0.7239 0.1713 
        D287  5 0.0692 0.6981 0.2327 
        D288  5 0.5584 0.2778 0.1638 
        D308  5 0.0787 0.2758 0.6455 
        D309  5 0.5100 0.2129 0.2771 
        D310  5 0.0680 0.8304 0.1016 
        D311  5 0.1418 0.7615 0.0967 
        D312  5 0.1149 0.7611 0.1240 
        D313  5 0.0397 0.0790 0.8814 
        D314  5 0.1054 0.4086 0.4860 
        D315  5 0.5160 0.2330 0.2510 
        D317  5 0.0944 0.8382 0.0674 
        D318  5 0.6204 0.2128 0.1668 
        D319  5 0.0766 0.8195 0.1039 
        D320  5 0.0772 0.8261 0.0966 
        D321  5 0.2143 0.2646 0.5211 
        D336  5 0.0602 0.8884 0.0514 
        D337  5 0.1310 0.8138 0.0552 
        D338  5 0.1659 0.6044 0.2297 
        D339  5 0.0764 0.7818 0.1418 
        D347  5 0.2293 0.3880 0.3827 
        D348  5 0.1442 0.7437 0.1121 
        D349  5 0.0574 0.3415 0.6011 
        D350  5 0.3472 0.3202 0.3326 
        D355  5 0.6785 0.1609 0.1605 
        D356  5 0.2515 0.5549 0.1936 
        D357  5 0.1569 0.3196 0.5235 
        D358  5 0.3868 0.4408 0.1724 
        D359  5 0.1955 0.6969 0.1076 
        D360  5 0.1711 0.6891 0.1398 
        D361  5 0.0611 0.2316 0.7073 
        D366  5 0.8873 0.0643 0.0484 
        D367  5 0.0920 0.6773 0.2308 
        D368  5 0.1056 0.6443 0.2501 
        D380  5 0.7161 0.1576 0.1263 
        D381  5 0.1664 0.6784 0.1552 
        D400  5 0.1315 0.7027 0.1658 
        D411  5 0.1168 0.0636 0.8196 
        D412  5 0.1641 0.2052 0.6307 
        D413  5 0.5718 0.1054 0.3229 
        D414  5 0.3607 0.2511 0.3882 
        D420  5 0.5571 0.1803 0.2626 
        D431  5 0.1758 0.2867 0.5375 
        D432  5 0.1887 0.5404 0.2709 
        D433  5 0.1145 0.7646 0.1209 
        D434  5 0.1669 0.6342 0.1990 
        D440  5 0.2323 0.2669 0.5008 
        D447  5 0.6985 0.0838 0.2177 
        D448  5 0.0998 0.7893 0.1109 
        D459  5 0.8953 0.0549 0.0498 
        D460  5 0.2046 0.2073 0.5881 
        D461  5 0.2860 0.5201 0.1939 
        D468  5 0.5128 0.3918 0.0954 
        D469  5 0.2902 0.5419 0.1679 
        D470  5 0.1010 0.4930 0.4060 
        D471  5 0.1645 0.7239 0.1116 
        D472  5 0.8459 0.0799 0.0742 
        D479  5 0.4907 0.1322 0.3770 
        D485  5 0.2024 0.4588 0.3388 
        D486  5 0.3363 0.4795 0.1842 
        D487  5 0.1132 0.3982 0.4887 
        D555  5 0.1988 0.7212 0.0800 
        D556  5 0.1555 0.6122 0.2322 
        D557  5 0.1616 0.7755 0.0630 
        D564  5 0.4338 0.1745 0.3917 
        D594  5 0.2993 0.4861 0.2145 
        D595  5 0.3106 0.5588 0.1306 
        D596  5 0.1793 0.7303 0.0904 
        D597  5 0.2610 0.6055 0.1335 
        D598  5 0.1533 0.6392 0.2075 
        D617  5 0.1509 0.0812 0.7679 
        D618  5 0.1439 0.7345 0.1216 
        D619  5 0.2700 0.3177 0.4123 
        D620  5 0.6937 0.1226 0.1838 
        D628  5 0.1524 0.3433 0.5044 
        D714  5 0.3615 0.4967 0.1418 
        D715  5 0.3608 0.5702 0.0690 
        D716  5 0.2986 0.4606 0.2409 
        D717  5 0.4560 0.4179 0.1260 
        D718  5 0.1064 0.3115 0.5821 
        D769  5 0.1004 0.0697 0.8300 
        D770  5 0.4885 0.3155 0.1960 
        D771  5 0.3389 0.2594 0.4018 
        D772  5 0.1061 0.7667 0.1271 
        D782  5 0.5803 0.0952 0.3246 
        D783  5 0.4799 0.3549 0.1651 
        D784  5 0.4722 0.4243 0.1036 
        D785  5 0.0705 0.8255 0.1039 
        D786  5 0.2659 0.1340 0.6002 
        D821  5 0.0561 0.8993 0.0446 
        D822  5 0.5033 0.3793 0.1173 
        D826  5 0.2496 0.6082 0.1422 
        D827  5 0.6801 0.1680 0.1519 
        D851  5 0.4986 0.1686 0.3328 
        D852  5 0.1899 0.3070 0.5031 
        D853  5 0.0813 0.7457 0.1730 
        D854  5 0.5515 0.1620 0.2865 
        D861  5 0.3352 0.3732 0.2916 
        D862  5 0.1904 0.7150 0.0946 
        D865  5 0.1567 0.7035 0.1398 
        D868  5 0.3104 0.5356 0.1539 
        D869  5 0.2518 0.1220 0.6261 
        D870  5 0.4961 0.1144 0.3895 
        D907  5 0.0702 0.7848 0.1450 
        D908  5 0.0968 0.4845 0.4187 
        D910  5 0.3502 0.5422 0.1076 
        D911  5 0.7909 0.1218 0.0873 
        D934  5 0.5757 0.2348 0.1895 
        D946  5 0.2538 0.1635 0.5827 
        D947  5 0.1247 0.5218 0.3535 
        D948  5 0.0841 0.4314 0.4845 
        D949  5 0.0710 0.4566 0.4724 
        D950  5 0.7892 0.1201 0.0908 
        D951  5 0.6770 0.2010 0.1221 
