        D174  1 0.0992 0.1989 0.1015 0.0764 0.0443 0.0567 0.3490 0.0499 0.0241 
        D199  1 0.1202 0.1819 0.0310 0.3225 0.1235 0.0430 0.0609 0.0605 0.0565 
        D203  1 0.0784 0.1482 0.1085 0.1637 0.0620 0.1534 0.0480 0.1259 0.1119 
        D204  1 0.0364 0.5690 0.0250 0.0647 0.0280 0.0573 0.0290 0.1595 0.0311 
     D237366  1 0.0655 0.0474 0.3937 0.0333 0.1386 0.0315 0.0826 0.1688 0.0385 
     D237367  1 0.0757 0.3368 0.0343 0.1439 0.0692 0.0427 0.0589 0.2096 0.0290 
     D237368  1 0.0743 0.1069 0.0451 0.1530 0.4218 0.0641 0.0618 0.0333 0.0396 
     D244101  1 0.0708 0.1761 0.0240 0.3001 0.0279 0.1109 0.0185 0.0729 0.1988 
     D244102  1 0.1380 0.0667 0.0474 0.0574 0.0765 0.1498 0.0449 0.3304 0.0888 
     D244103  1 0.2047 0.3733 0.1429 0.0310 0.0382 0.0672 0.0589 0.0544 0.0295 
     D244104  1 0.0448 0.5792 0.0481 0.0457 0.0596 0.0460 0.0649 0.0255 0.0862 
     D244105  1 0.2321 0.1032 0.2316 0.0243 0.1166 0.1668 0.0215 0.0599 0.0441 
     D244106  1 0.0607 0.0840 0.3970 0.1050 0.0286 0.0409 0.1502 0.0908 0.0429 
     D244107  1 0.0907 0.0509 0.0273 0.0348 0.2560 0.3682 0.0228 0.0272 0.1220 
     D244108  1 0.0719 0.0613 0.0250 0.0734 0.0901 0.3220 0.1558 0.1404 0.0601 
     D244113  1 0.0606 0.0333 0.0175 0.0406 0.0493 0.1086 0.6199 0.0555 0.0146 
     D244114  1 0.1920 0.0595 0.4163 0.0363 0.0445 0.0476 0.0729 0.0605 0.0704 
     D244115  1 0.1427 0.2521 0.0651 0.0421 0.0563 0.1099 0.2286 0.0354 0.0678 
     D267365  1 0.0904 0.3550 0.0310 0.0687 0.0783 0.0471 0.1483 0.0541 0.1271 
        D404  1 0.0735 0.0259 0.0384 0.1095 0.0262 0.1501 0.3198 0.2219 0.0347 
        D405  1 0.1824 0.0934 0.0464 0.0994 0.0425 0.2854 0.0929 0.1145 0.0431 
        D406  1 0.0317 0.0445 0.0449 0.0224 0.7093 0.0477 0.0362 0.0408 0.0226 
        D407  1 0.1071 0.3826 0.0296 0.2703 0.0620 0.0580 0.0353 0.0276 0.0275 
        D408  1 0.0962 0.0412 0.0306 0.0381 0.0165 0.0326 0.5973 0.0312 0.1163 
        D409  1 0.5319 0.0705 0.0519 0.0407 0.0468 0.0898 0.0420 0.0316 0.0947 
        D410  1 0.0640 0.0584 0.0276 0.0190 0.0945 0.6424 0.0386 0.0328 0.0227 
        D421  1 0.0175 0.7854 0.0135 0.0974 0.0136 0.0158 0.0228 0.0122 0.0218 
        D422  1 0.0631 0.0250 0.2109 0.0161 0.5729 0.0447 0.0181 0.0183 0.0311 
        D423  1 0.0559 0.0621 0.0197 0.1296 0.0945 0.5547 0.0268 0.0241 0.0326 
        D424  1 0.0697 0.7695 0.0258 0.0259 0.0232 0.0169 0.0309 0.0215 0.0166 
        D425  1 0.1184 0.2689 0.0309 0.0575 0.0210 0.1548 0.1270 0.1214 0.1002 
        D426  1 0.5314 0.0493 0.1466 0.0506 0.0334 0.0387 0.0337 0.0131 0.1032 
        D427  1 0.0337 0.3336 0.0234 0.4349 0.0312 0.0152 0.0608 0.0154 0.0518 
        D428  1 0.1334 0.1417 0.0165 0.0461 0.0956 0.1315 0.1398 0.2461 0.0494 
        D429  1 0.0631 0.3119 0.2798 0.0415 0.0302 0.0568 0.1151 0.0642 0.0374 
        D430  1 0.1713 0.0849 0.2766 0.1560 0.0300 0.0404 0.0837 0.0981 0.0590 
        D491  1 0.0792 0.0869 0.0270 0.0398 0.0337 0.0784 0.5711 0.0332 0.0508 
        D492  1 0.1451 0.4086 0.0543 0.1093 0.0453 0.0357 0.1238 0.0517 0.0263 
        D537  1 0.0819 0.5725 0.0338 0.0439 0.0441 0.0829 0.0400 0.0756 0.0253 
        D538  1 0.1854 0.0454 0.0523 0.1535 0.1761 0.1460 0.1110 0.0850 0.0453 
        D539  1 0.0900 0.0513 0.2883 0.0361 0.1047 0.0505 0.1693 0.1077 0.1019 
        D540  1 0.2371 0.2387 0.0473 0.0441 0.0405 0.2184 0.0567 0.0325 0.0847 
        D541  1 0.0267 0.7715 0.0175 0.0436 0.0213 0.0249 0.0217 0.0240 0.0490 
        D551  1 0.1466 0.0368 0.5440 0.0349 0.0545 0.0365 0.0303 0.0280 0.0884 
        D552  1 0.0895 0.1352 0.0583 0.0426 0.3721 0.1221 0.0954 0.0331 0.0517 
        D553  1 0.0221 0.8511 0.0151 0.0144 0.0178 0.0190 0.0223 0.0155 0.0228 
        D615  1 0.1496 0.3476 0.0725 0.0376 0.1084 0.0860 0.1000 0.0437 0.0545 
        D616  1 0.1333 0.1640 0.0638 0.1592 0.1382 0.0538 0.0477 0.0182 0.2216 
        D621  1 0.0337 0.0155 0.0372 0.0191 0.3073 0.2113 0.3117 0.0371 0.0271 
        D622  1 0.1055 0.0669 0.1579 0.0337 0.3802 0.0751 0.0581 0.0530 0.0696 
        D623  1 0.0536 0.0286 0.0174 0.5172 0.0308 0.0609 0.1134 0.1230 0.0552 
        D624  1 0.1040 0.1539 0.0588 0.0311 0.0452 0.0222 0.5111 0.0339 0.0400 
        D625  1 0.0507 0.5417 0.0417 0.0310 0.0594 0.0399 0.1432 0.0569 0.0355 
        D626  1 0.0797 0.1705 0.0524 0.0309 0.0779 0.0395 0.3194 0.1501 0.0796 
        D627  1 0.3911 0.1330 0.0862 0.0365 0.0309 0.0181 0.0376 0.0282 0.2384 
        D690  1 0.0416 0.5553 0.0206 0.0186 0.0516 0.0311 0.2105 0.0412 0.0296 
        D691  1 0.0390 0.0720 0.3965 0.0414 0.2613 0.0272 0.0313 0.0800 0.0514 
        D710  1 0.1200 0.1803 0.0186 0.1366 0.1025 0.1452 0.1069 0.0436 0.1463 
        D711  1 0.0488 0.3831 0.0312 0.0336 0.1025 0.0297 0.0574 0.2865 0.0270 
        D712  1 0.1187 0.0333 0.0284 0.0832 0.0934 0.0594 0.4327 0.0761 0.0749 
        D713  1 0.1621 0.1968 0.0473 0.0309 0.0608 0.1017 0.2684 0.1038 0.0282 
        D746  1 0.0248 0.0663 0.0690 0.0227 0.7107 0.0225 0.0363 0.0175 0.0302 
        D747  1 0.0214 0.7634 0.0200 0.0416 0.0171 0.0231 0.0201 0.0442 0.0491 
        D748  1 0.0614 0.1509 0.3997 0.0366 0.0906 0.0371 0.0845 0.0891 0.0500 
        D749  1 0.1614 0.0348 0.1017 0.0271 0.3813 0.1584 0.0577 0.0308 0.0468 
        D750  1 0.0427 0.1471 0.0602 0.0462 0.0398 0.0578 0.5465 0.0253 0.0344 
        D763  1 0.1574 0.0832 0.1292 0.1291 0.2062 0.0366 0.0710 0.0607 0.1264 
        D764  1 0.0737 0.5952 0.0232 0.0299 0.0628 0.0520 0.1126 0.0169 0.0337 
        D765  1 0.1352 0.0346 0.0529 0.0175 0.0866 0.5267 0.0584 0.0445 0.0435 
        D766  1 0.0740 0.0528 0.0507 0.0378 0.1051 0.5001 0.0936 0.0553 0.0305 
        D767  1 0.0427 0.0468 0.0319 0.0391 0.0803 0.0660 0.0301 0.6326 0.0305 
        D768  1 0.0283 0.8242 0.0277 0.0214 0.0205 0.0202 0.0159 0.0173 0.0245 
        D811  1 0.1158 0.0433 0.0298 0.0585 0.0293 0.1846 0.4190 0.0718 0.0479 
        D816  1 0.0463 0.7555 0.0226 0.0261 0.0251 0.0279 0.0333 0.0396 0.0235 
        D825  1 0.1764 0.1143 0.0639 0.0413 0.0642 0.1531 0.2386 0.0985 0.0496 
        D866  1 0.1032 0.0788 0.0801 0.0941 0.0599 0.0434 0.0988 0.0346 0.4071 
        D867  1 0.0581 0.0384 0.0527 0.0873 0.5435 0.1243 0.0371 0.0354 0.0231 
        D871  1 0.4748 0.0589 0.0674 0.0278 0.0224 0.0207 0.1250 0.1333 0.0699 
        D872  1 0.0536 0.1207 0.0197 0.0393 0.4010 0.1001 0.0458 0.1919 0.0279 
        D873  1 0.0248 0.0104 0.0201 0.0197 0.1536 0.7134 0.0158 0.0236 0.0185 
        D874  1 0.0888 0.1598 0.0412 0.1155 0.0210 0.0509 0.2972 0.1896 0.0361 
        D875  1 0.5830 0.0319 0.1532 0.0274 0.0458 0.0297 0.0340 0.0365 0.0584 
        D876  1 0.1196 0.3169 0.0284 0.0374 0.1957 0.0685 0.1374 0.0547 0.0414 
        D877  1 0.0955 0.0337 0.0302 0.0483 0.0223 0.1464 0.3945 0.2084 0.0206 
        D892  1 0.0708 0.2598 0.2400 0.0690 0.0577 0.0319 0.0980 0.1540 0.0189 
        D893  1 0.1385 0.4314 0.0468 0.0421 0.0655 0.0347 0.0308 0.1486 0.0615 
        D894  1 0.0883 0.4596 0.2082 0.0296 0.0388 0.0215 0.0653 0.0339 0.0548 
        D915  1 0.0647 0.4660 0.1056 0.0302 0.0461 0.1604 0.0391 0.0510 0.0369 
        D916  1 0.0225 0.8286 0.0254 0.0198 0.0239 0.0223 0.0188 0.0160 0.0227 
        D917  1 0.1074 0.1663 0.0210 0.0994 0.0471 0.0948 0.2636 0.0525 0.1479 
        D925  1 0.0446 0.1727 0.0179 0.0228 0.4744 0.1490 0.0675 0.0250 0.0260 
        D926  1 0.0770 0.5271 0.0827 0.0289 0.0311 0.1168 0.0531 0.0532 0.0302 
        D927  1 0.0630 0.1562 0.0485 0.4206 0.0861 0.0174 0.0380 0.1260 0.0442 
        D928  1 0.0424 0.0563 0.0139 0.0296 0.0171 0.2557 0.5364 0.0249 0.0238 
        D929  1 0.0607 0.0409 0.0337 0.0226 0.0327 0.0474 0.1080 0.6275 0.0265 
        D936  1 0.0753 0.3644 0.0677 0.0739 0.0337 0.0660 0.0559 0.1373 0.1259 
        D938  1 0.0444 0.0279 0.0618 0.0291 0.6294 0.0923 0.0481 0.0310 0.0359 
        D956  1 0.1438 0.0501 0.1243 0.0495 0.0324 0.0882 0.4088 0.0517 0.0512 
        D957  1 0.0557 0.0609 0.0204 0.0440 0.1075 0.5330 0.0253 0.1138 0.0394 
        D958  1 0.0616 0.0959 0.0379 0.0512 0.2652 0.1451 0.2528 0.0642 0.0262 
        D959  1 0.1795 0.3434 0.0552 0.1946 0.0461 0.1078 0.0269 0.0223 0.0241 
        D960  1 0.0493 0.0356 0.1402 0.0215 0.4786 0.2118 0.0240 0.0220 0.0170 
        D989  1 0.0985 0.0871 0.0383 0.4339 0.0354 0.0339 0.1250 0.0526 0.0953 
        D990  1 0.0423 0.0198 0.0190 0.0461 0.6729 0.0561 0.0298 0.0455 0.0685 
        H102  1 0.0700 0.3486 0.0767 0.0204 0.1373 0.0404 0.2364 0.0373 0.0329 
        H103  1 0.4126 0.0779 0.0212 0.0565 0.1402 0.0587 0.0268 0.1331 0.0731 
        H104  1 0.0719 0.1683 0.1063 0.0423 0.0290 0.0441 0.0694 0.3576 0.1112 
        H105  1 0.1047 0.1621 0.0388 0.0637 0.0417 0.2695 0.2153 0.0303 0.0739 
        H106  1 0.0758 0.0556 0.2815 0.0533 0.1885 0.1228 0.0483 0.1397 0.0345 
        H112  1 0.1961 0.0993 0.1814 0.0482 0.0395 0.1390 0.1561 0.0844 0.0559 
        H113  1 0.1201 0.1544 0.0548 0.0688 0.0529 0.0669 0.0535 0.0499 0.3787 
        H114  1 0.0923 0.2799 0.0458 0.0551 0.0556 0.0742 0.0244 0.0247 0.3480 
        H115  1 0.1007 0.2698 0.2534 0.0511 0.0532 0.0461 0.0825 0.0830 0.0603 
        H143  1 0.0744 0.6034 0.0384 0.0232 0.0426 0.1357 0.0395 0.0193 0.0235 
        H144  1 0.1398 0.6017 0.0387 0.0557 0.0426 0.0371 0.0272 0.0310 0.0262 
        H145  1 0.1200 0.0209 0.0232 0.0273 0.0771 0.0266 0.5851 0.0414 0.0784 
        H149  1 0.0693 0.2089 0.3578 0.0708 0.0313 0.0557 0.0424 0.1157 0.0481 
        H150  1 0.2423 0.0256 0.0832 0.0787 0.1064 0.0434 0.1589 0.1533 0.1081 
     H167542  1 0.0273 0.7128 0.0652 0.0266 0.0319 0.0488 0.0315 0.0378 0.0180 
     H169604  1 0.0946 0.1353 0.0826 0.1914 0.0276 0.0340 0.1855 0.1443 0.1046 
     H169607  1 0.1781 0.0606 0.0520 0.0676 0.0407 0.0447 0.3979 0.0845 0.0739 
     H169608  1 0.0514 0.0395 0.0369 0.0286 0.0543 0.0258 0.6893 0.0357 0.0385 
     H169633  1 0.0882 0.2009 0.0679 0.1105 0.0456 0.1829 0.0939 0.0289 0.1814 
     H169688  1 0.0805 0.0732 0.0202 0.1517 0.4846 0.0337 0.0511 0.0811 0.0238 
     H169714  1 0.0434 0.0388 0.5066 0.0347 0.0365 0.0376 0.0231 0.2042 0.0752 
     H171802  1 0.1322 0.0513 0.1450 0.1925 0.0681 0.1466 0.0397 0.1160 0.1086 
     H171805  1 0.1559 0.0690 0.0940 0.0258 0.1912 0.1131 0.0284 0.2757 0.0469 
     H171807  1 0.1588 0.0288 0.1552 0.1829 0.0501 0.1087 0.2067 0.0638 0.0451 
     H171814  1 0.2648 0.0806 0.0226 0.2249 0.0770 0.0755 0.0309 0.0372 0.1865 
     H171816  1 0.1760 0.0365 0.0739 0.0814 0.1695 0.1610 0.0630 0.1370 0.1017 
     H171817  1 0.0636 0.0581 0.0518 0.0315 0.0677 0.1454 0.2491 0.2057 0.1272 
     H171818  1 0.1191 0.2279 0.0935 0.0507 0.1310 0.1314 0.0201 0.0774 0.1490 
     H171819  1 0.0948 0.0352 0.0390 0.0639 0.0668 0.0731 0.0768 0.0612 0.4892 
     H171834  1 0.0392 0.0375 0.6925 0.0263 0.0400 0.1003 0.0146 0.0176 0.0319 
     H171835  1 0.0596 0.0310 0.1182 0.0784 0.1096 0.0183 0.1131 0.3610 0.1107 
     H171836  1 0.1254 0.0464 0.0396 0.1039 0.1755 0.3714 0.0395 0.0223 0.0762 
     H171837  1 0.0822 0.2637 0.0611 0.0469 0.0963 0.0297 0.1772 0.0458 0.1971 
     H171838  1 0.0928 0.0144 0.3443 0.1284 0.0937 0.1601 0.0314 0.0331 0.1018 
     H171839  1 0.0699 0.1054 0.0743 0.1259 0.0373 0.0296 0.1919 0.1344 0.2314 
     H171841  1 0.0771 0.0154 0.0293 0.0268 0.0727 0.2858 0.4325 0.0287 0.0316 
     H171860  1 0.0855 0.0708 0.0549 0.1716 0.0266 0.0581 0.3177 0.0822 0.1326 
     H171861  1 0.1589 0.1862 0.0367 0.0261 0.1483 0.2791 0.0350 0.0323 0.0973 
     H171862  1 0.1094 0.1114 0.3594 0.0408 0.0470 0.1119 0.0551 0.0448 0.1203 
     H171868  1 0.0616 0.6680 0.0514 0.0259 0.0301 0.0266 0.0346 0.0262 0.0756 
     H171869  1 0.3217 0.1079 0.0784 0.0852 0.2332 0.0651 0.0298 0.0401 0.0386 
     H171870  1 0.0864 0.0538 0.1159 0.0697 0.4182 0.0478 0.0322 0.1539 0.0221 
     H171871  1 0.2808 0.0381 0.0974 0.0552 0.0933 0.2324 0.0351 0.0897 0.0781 
     H171872  1 0.0800 0.0888 0.0541 0.0411 0.0349 0.0415 0.2831 0.1557 0.2207 
     H171873  1 0.0896 0.0326 0.1041 0.0512 0.5150 0.0345 0.0271 0.0766 0.0692 
     H171874  1 0.1472 0.0782 0.0809 0.1335 0.1618 0.1146 0.0943 0.0233 0.1662 
     H171875  1 0.1766 0.2210 0.0219 0.0376 0.0526 0.2117 0.0274 0.0270 0.2242 
     H171876  1 0.1115 0.1750 0.0336 0.3647 0.0407 0.0468 0.0848 0.0312 0.1117 
     H171877  1 0.0479 0.6060 0.0273 0.0634 0.0541 0.0312 0.0741 0.0340 0.0621 
     H171878  1 0.1739 0.0367 0.0359 0.1909 0.2960 0.0671 0.0278 0.1469 0.0248 
     H171901  1 0.0538 0.0346 0.0263 0.0486 0.0645 0.1866 0.2457 0.3100 0.0300 
     H171902  1 0.0822 0.0389 0.0608 0.0259 0.0588 0.0280 0.6049 0.0417 0.0587 
     H171903  1 0.1707 0.1447 0.1605 0.1432 0.0312 0.0753 0.0419 0.0552 0.1773 
     H171935  1 0.1176 0.0151 0.1738 0.0879 0.1740 0.0618 0.1416 0.1711 0.0572 
     H171936  1 0.0592 0.2778 0.0477 0.1523 0.0648 0.2209 0.0214 0.0443 0.1116 
     H171940  1 0.0798 0.2525 0.1457 0.0491 0.0327 0.2459 0.0984 0.0599 0.0359 
     H171945  1 0.1950 0.0439 0.1001 0.0618 0.2666 0.1198 0.1222 0.0585 0.0322 
     H171948  1 0.0766 0.0326 0.1474 0.0340 0.0270 0.5296 0.0446 0.0492 0.0589 
     H171949  1 0.0556 0.0536 0.4170 0.0620 0.0400 0.0457 0.1750 0.1100 0.0411 
     H171950  1 0.0327 0.1184 0.0702 0.0341 0.0861 0.0206 0.1199 0.4738 0.0443 
     H171963  1 0.0515 0.0390 0.0257 0.0363 0.7275 0.0393 0.0232 0.0253 0.0323 
     H171964  1 0.3030 0.0243 0.0812 0.2045 0.1113 0.0287 0.0554 0.0303 0.1614 
     H171966  1 0.1153 0.0665 0.1231 0.0208 0.2240 0.0626 0.0518 0.0425 0.2934 
     H171968  1 0.0486 0.0911 0.0503 0.0235 0.1110 0.0370 0.5713 0.0325 0.0346 
     H171971  1 0.1298 0.0219 0.1089 0.0743 0.1264 0.0896 0.0277 0.1679 0.2535 
     H171972  1 0.0707 0.0199 0.0217 0.7209 0.0260 0.0310 0.0384 0.0261 0.0453 
     H171977  1 0.1689 0.0897 0.0443 0.1065 0.3172 0.1023 0.0460 0.0530 0.0722 
     H171978  1 0.1289 0.0303 0.1122 0.0348 0.0601 0.1050 0.0729 0.4262 0.0296 
     H171979  1 0.2282 0.0275 0.0989 0.1543 0.0363 0.1712 0.0644 0.0446 0.1747 
        H176  1 0.0503 0.1277 0.0335 0.0449 0.0278 0.0309 0.3941 0.0348 0.2559 
        H177  1 0.0690 0.0987 0.1521 0.0299 0.1811 0.0859 0.1081 0.2435 0.0317 
        H179  1 0.0322 0.5573 0.0210 0.0407 0.0170 0.0510 0.0351 0.1751 0.0705 
        H181  1 0.0949 0.0316 0.1045 0.0365 0.0367 0.5977 0.0249 0.0173 0.0559 
        H182  1 0.1979 0.0558 0.0766 0.0322 0.2827 0.1577 0.0455 0.0545 0.0970 
        H183  1 0.0308 0.0368 0.0342 0.0434 0.0304 0.7747 0.0152 0.0136 0.0210 
        H184  1 0.1259 0.0528 0.1317 0.0297 0.0462 0.2739 0.1288 0.0911 0.1200 
        H185  1 0.1712 0.1164 0.0788 0.2006 0.1865 0.0981 0.0478 0.0414 0.0591 
        H186  1 0.1309 0.4733 0.0383 0.0301 0.1609 0.0252 0.0446 0.0714 0.0252 
        H187  1 0.0567 0.1057 0.0172 0.0539 0.2726 0.3032 0.0222 0.1386 0.0298 
        H188  1 0.0596 0.5579 0.0683 0.0591 0.0209 0.0554 0.0757 0.0293 0.0736 
        H192  1 0.0591 0.0294 0.4790 0.0379 0.1037 0.0761 0.0692 0.0887 0.0570 
        H193  1 0.3571 0.2397 0.0557 0.0230 0.0919 0.0748 0.0478 0.0781 0.0318 
        H194  1 0.0943 0.0477 0.3249 0.0731 0.0336 0.0558 0.0636 0.1015 0.2054 
        H195  1 0.0684 0.0454 0.0424 0.1444 0.5212 0.0675 0.0285 0.0462 0.0359 
        H199  1 0.1253 0.0330 0.0424 0.0540 0.2676 0.1223 0.2776 0.0350 0.0429 
        H200  1 0.0611 0.1093 0.0378 0.2176 0.0451 0.1837 0.1778 0.0525 0.1150 
        H414  1 0.1096 0.0968 0.0603 0.0862 0.0717 0.0872 0.0400 0.3719 0.0763 
        H415  1 0.1281 0.1312 0.0405 0.0721 0.0334 0.3029 0.0732 0.0843 0.1341 
        H422  1 0.1216 0.1986 0.0311 0.0381 0.1200 0.0941 0.2890 0.0339 0.0735 
        H423  1 0.0909 0.0262 0.0714 0.0433 0.0271 0.2436 0.3835 0.0689 0.0449 
        H424  1 0.3047 0.0696 0.0576 0.0427 0.1859 0.2142 0.0242 0.0363 0.0649 
        H425  1 0.0632 0.0412 0.0504 0.0628 0.6158 0.0443 0.0354 0.0508 0.0362 
        H426  1 0.2580 0.0373 0.1507 0.0366 0.0571 0.2318 0.0491 0.0886 0.0908 
        H443  1 0.0757 0.6277 0.0403 0.0272 0.1242 0.0163 0.0360 0.0263 0.0264 
        H466  1 0.2023 0.1035 0.2297 0.1318 0.0419 0.1091 0.0375 0.0910 0.0532 
        H467  1 0.0519 0.0241 0.4574 0.0287 0.0933 0.0265 0.0345 0.1108 0.1728 
        H472  1 0.0544 0.0360 0.0241 0.0603 0.0206 0.0557 0.6447 0.0602 0.0441 
        H483  1 0.0802 0.0796 0.0964 0.0690 0.0303 0.5364 0.0427 0.0186 0.0469 
        H504  1 0.1173 0.0461 0.0223 0.0575 0.3902 0.0926 0.0831 0.0437 0.1471 
        H505  1 0.0689 0.2653 0.0575 0.0776 0.0434 0.1902 0.0375 0.2335 0.0261 
        H506  1 0.2193 0.1185 0.0365 0.0735 0.0967 0.1434 0.0783 0.1515 0.0824 
        H507  1 0.1509 0.0900 0.0342 0.0834 0.1605 0.2523 0.0517 0.0896 0.0874 
        H508  1 0.3504 0.0505 0.0991 0.0655 0.1061 0.0357 0.0480 0.1424 0.1023 
        H524  1 0.0687 0.1166 0.0461 0.1295 0.1447 0.1911 0.0335 0.2238 0.0461 
        H525  1 0.2145 0.1493 0.0407 0.1199 0.1561 0.0405 0.0995 0.0751 0.1043 
        H526  1 0.1600 0.1902 0.0364 0.0732 0.0656 0.0700 0.2264 0.0291 0.1491 
        H527  1 0.0819 0.0643 0.0391 0.0655 0.0700 0.1729 0.0882 0.3875 0.0307 
        H528  1 0.1590 0.0697 0.0226 0.0840 0.0205 0.0812 0.0471 0.0424 0.4734 
        H529  1 0.2794 0.1513 0.0841 0.0386 0.1212 0.0546 0.0418 0.1527 0.0764 
        H533  1 0.1209 0.0576 0.0410 0.0293 0.1850 0.0873 0.0293 0.3338 0.1158 
        H538  1 0.0973 0.1075 0.0718 0.1397 0.0369 0.0709 0.3166 0.1149 0.0445 
        H539  1 0.0271 0.0440 0.0181 0.0255 0.7542 0.0486 0.0184 0.0446 0.0193 
        H540  1 0.1696 0.0603 0.1246 0.0502 0.2197 0.1229 0.0892 0.0846 0.0788 
        H541  1 0.1082 0.3729 0.0547 0.0639 0.0310 0.0608 0.0520 0.2040 0.0524 
        H558  1 0.0296 0.0203 0.0307 0.0385 0.0539 0.7687 0.0193 0.0204 0.0187 
        H559  1 0.1055 0.4418 0.0223 0.0397 0.0516 0.1100 0.1123 0.0734 0.0434 
        H579  1 0.0937 0.0390 0.0318 0.0285 0.5629 0.1158 0.0713 0.0205 0.0365 
        H584  1 0.1996 0.0588 0.1669 0.0804 0.0872 0.0361 0.1225 0.1052 0.1432 
        H585  1 0.1427 0.0945 0.0692 0.0789 0.0290 0.1904 0.0227 0.1361 0.2365 
        H605  1 0.0984 0.3439 0.0923 0.0624 0.1477 0.0503 0.0669 0.0974 0.0408 
        H606  1 0.0370 0.4346 0.0322 0.0249 0.0380 0.0510 0.2887 0.0732 0.0203 
        H632  1 0.1533 0.0605 0.0621 0.2090 0.0698 0.0313 0.1901 0.0397 0.1842 
        H634  1 0.1390 0.1837 0.0398 0.0607 0.1822 0.0836 0.0777 0.1148 0.1186 
        H671  1 0.0606 0.0664 0.0325 0.0472 0.0227 0.0494 0.4461 0.1427 0.1324 
        H672  1 0.0465 0.1788 0.0197 0.5076 0.0430 0.0430 0.0322 0.0879 0.0413 
        H673  1 0.2600 0.2002 0.0450 0.1452 0.0308 0.2109 0.0521 0.0247 0.0311 
        H689  1 0.2473 0.0858 0.1752 0.1053 0.0515 0.1512 0.0745 0.0289 0.0802 
        H690  1 0.0815 0.2180 0.2506 0.0310 0.0951 0.0580 0.0509 0.1852 0.0296 
        H691  1 0.0645 0.2786 0.1077 0.2975 0.0542 0.0438 0.0460 0.0550 0.0529 
        H692  1 0.3378 0.0452 0.0404 0.2216 0.0205 0.2481 0.0283 0.0194 0.0388 
        H709  1 0.1483 0.2640 0.0642 0.0715 0.0701 0.0288 0.0407 0.2370 0.0754 
        H710  1 0.6073 0.0578 0.0381 0.0371 0.0538 0.0714 0.0247 0.0225 0.0873 
       H7355  1 0.0993 0.0420 0.0587 0.0295 0.0666 0.0268 0.5407 0.0345 0.1018 
       H7356  1 0.1421 0.0390 0.2681 0.0639 0.1365 0.0746 0.0394 0.2135 0.0228 
       H7357  1 0.0680 0.2871 0.0619 0.0267 0.1373 0.0681 0.2027 0.0944 0.0538 
       H7358  1 0.0805 0.2262 0.0205 0.1672 0.0701 0.1297 0.2442 0.0311 0.0305 
       H7380  1 0.3206 0.1216 0.0660 0.0247 0.0431 0.0526 0.2102 0.0681 0.0931 
       H7381  1 0.2761 0.0543 0.0464 0.0858 0.0360 0.1463 0.1192 0.1509 0.0851 
       H7382  1 0.1824 0.0944 0.0837 0.2257 0.1362 0.0800 0.0937 0.0481 0.0558 
        H904  1 0.0551 0.2658 0.1119 0.0319 0.0571 0.0376 0.3186 0.0728 0.0493 
        H923  1 0.1804 0.0737 0.0702 0.1073 0.1552 0.0453 0.1132 0.0698 0.1849 
        H924  1 0.0917 0.2204 0.0859 0.0678 0.0706 0.2147 0.1654 0.0422 0.0415 
        H925  1 0.0330 0.7355 0.0157 0.0400 0.0520 0.0443 0.0242 0.0278 0.0275 
       H9558  1 0.0269 0.0158 0.0261 0.0238 0.0452 0.8163 0.0132 0.0181 0.0145 
      H105.1  1 0.2521 0.0329 0.1478 0.0424 0.0249 0.3174 0.0189 0.0563 0.1072 
      H115.1  1 0.0629 0.6522 0.0294 0.0287 0.0472 0.0522 0.0216 0.0485 0.0572 
      H145.1  1 0.0520 0.0587 0.0158 0.0222 0.0430 0.0198 0.7219 0.0249 0.0416 
      H149.1  1 0.0237 0.8163 0.0246 0.0216 0.0291 0.0197 0.0221 0.0172 0.0257 
      H150.1  1 0.1608 0.0270 0.0486 0.0225 0.4102 0.1100 0.0948 0.0535 0.0727 
   H169607.1  1 0.1025 0.0725 0.0214 0.0733 0.0907 0.0681 0.2394 0.2120 0.1202 
   H169633.1  1 0.0818 0.3151 0.0454 0.1459 0.1074 0.0884 0.1065 0.0184 0.0912 
   H169688.1  1 0.1147 0.2336 0.0202 0.4326 0.0428 0.0534 0.0445 0.0318 0.0265 
   H171901.1  1 0.0857 0.0295 0.0364 0.1069 0.0739 0.0462 0.0600 0.1039 0.4575 
   H171902.1  1 0.0660 0.1330 0.0316 0.0279 0.1228 0.0508 0.4938 0.0428 0.0313 
   H171903.1  1 0.1142 0.0490 0.1382 0.0483 0.0325 0.1029 0.0948 0.3889 0.0313 
      H177.1  1 0.0393 0.4655 0.0642 0.2119 0.0525 0.0393 0.0669 0.0383 0.0221 
      H179.1  1 0.0447 0.3935 0.0256 0.0544 0.0593 0.0789 0.0662 0.1752 0.1023 
      H180.1  1 0.3921 0.1147 0.1069 0.0484 0.0914 0.0501 0.0451 0.1224 0.0288 
      H181.1  1 0.1883 0.1810 0.2681 0.0447 0.0901 0.0804 0.0631 0.0340 0.0502 
 H194.1_2004  1 0.1928 0.0741 0.1346 0.0726 0.1268 0.2484 0.0509 0.0587 0.0410 
 H195.1_2003  1 0.1041 0.0486 0.0339 0.1765 0.0555 0.2405 0.0314 0.2600 0.0494 
 H195.1_2004  1 0.0558 0.1542 0.0548 0.1422 0.0519 0.0253 0.4010 0.0362 0.0786 
      H415.1  1 0.0928 0.2776 0.0423 0.0563 0.0778 0.2892 0.0481 0.0472 0.0687 
      H506.1  1 0.0977 0.4831 0.0202 0.0484 0.0550 0.0752 0.0346 0.0956 0.0902 
      H533.1  1 0.0602 0.5277 0.0275 0.0227 0.0981 0.0970 0.0350 0.0696 0.0621 
      H535.1  1 0.1024 0.2602 0.2908 0.0465 0.0519 0.0874 0.0494 0.0777 0.0338 
      H539.1  1 0.0813 0.0351 0.0637 0.0197 0.2174 0.4593 0.0695 0.0276 0.0265 
      H540.1  1 0.0706 0.0217 0.0453 0.0224 0.6124 0.0946 0.0439 0.0665 0.0226 
     H9558.1  1 0.0382 0.0193 0.0300 0.0419 0.1457 0.6285 0.0456 0.0188 0.0320 
    kos339.1  1 0.0843 0.4101 0.0745 0.0592 0.0441 0.0496 0.0747 0.1643 0.0393 
        D023  2 0.0220 0.0355 0.0156 0.0200 0.8347 0.0137 0.0164 0.0124 0.0295 
        D130  2 0.0422 0.0750 0.0998 0.0330 0.6168 0.0337 0.0270 0.0603 0.0122 
        D131  2 0.2279 0.2962 0.0643 0.0531 0.0323 0.0313 0.0435 0.0598 0.1915 
        D163  2 0.0611 0.0460 0.1167 0.0204 0.5548 0.0733 0.0463 0.0362 0.0454 
        D164  2 0.0210 0.0170 0.0195 0.2770 0.4597 0.1616 0.0162 0.0144 0.0137 
        D165  2 0.0307 0.0254 0.0297 0.0326 0.7257 0.0196 0.0236 0.0178 0.0949 
        D166  2 0.1926 0.0338 0.1193 0.0385 0.1094 0.1042 0.0679 0.2546 0.0796 
        D167  2 0.0335 0.0140 0.0197 0.8037 0.0237 0.0331 0.0203 0.0277 0.0243 
        D192  2 0.0351 0.0123 0.0276 0.7852 0.0255 0.0448 0.0204 0.0219 0.0274 
        D193  2 0.0740 0.0400 0.1232 0.0246 0.0201 0.5481 0.0296 0.0953 0.0452 
        D206  2 0.0780 0.5137 0.0627 0.0948 0.0404 0.0993 0.0302 0.0290 0.0518 
        D207  2 0.1353 0.0322 0.0691 0.5493 0.0309 0.0487 0.0223 0.0569 0.0553 
        D208  2 0.0896 0.0666 0.0251 0.0643 0.0722 0.0291 0.1698 0.3144 0.1687 
        D209  2 0.1436 0.0269 0.0314 0.3438 0.1570 0.1910 0.0243 0.0274 0.0546 
        D210  2 0.0494 0.0666 0.1722 0.0998 0.0312 0.0371 0.3231 0.0588 0.1618 
     D229599  2 0.1426 0.1655 0.0543 0.0554 0.0738 0.2138 0.0489 0.0541 0.1917 
     D229600  2 0.0827 0.0556 0.0895 0.2357 0.3770 0.0418 0.0236 0.0714 0.0228 
     D237227  2 0.0900 0.0680 0.0380 0.1640 0.1622 0.1038 0.2274 0.0550 0.0916 
     D237228  2 0.0727 0.0160 0.0327 0.0511 0.0316 0.6560 0.0779 0.0213 0.0407 
     D237258  2 0.1435 0.1331 0.0515 0.1613 0.1029 0.0852 0.0582 0.0436 0.2207 
     D237310  2 0.1162 0.0137 0.2127 0.0869 0.0919 0.2303 0.1032 0.1133 0.0317 
     D237311  2 0.0800 0.0205 0.0454 0.2082 0.0509 0.5041 0.0235 0.0309 0.0364 
     D237312  2 0.1208 0.0335 0.3697 0.0289 0.0445 0.1580 0.0870 0.1171 0.0403 
     D237313  2 0.1279 0.2207 0.1237 0.0231 0.1192 0.1071 0.1359 0.0576 0.0849 
     D237322  2 0.1736 0.0283 0.0561 0.0411 0.0399 0.0446 0.2080 0.2960 0.1124 
     D237323  2 0.0774 0.0231 0.0586 0.1073 0.2066 0.1700 0.1118 0.1688 0.0765 
     D237324  2 0.2700 0.0349 0.0761 0.1161 0.2863 0.0476 0.0204 0.0698 0.0788 
     D237325  2 0.0762 0.0365 0.1927 0.1028 0.1093 0.1344 0.0940 0.2185 0.0357 
     D237326  2 0.0624 0.0310 0.0241 0.0416 0.0616 0.6835 0.0273 0.0207 0.0478 
     D237327  2 0.0713 0.0239 0.1093 0.1213 0.0450 0.0207 0.0368 0.1883 0.3835 
     D237337  2 0.0783 0.0538 0.0951 0.0315 0.0699 0.4745 0.0829 0.0729 0.0411 
     D237338  2 0.1007 0.0527 0.1550 0.1064 0.1059 0.1219 0.1016 0.1406 0.1152 
     D237339  2 0.1052 0.0617 0.0345 0.2470 0.0486 0.1198 0.0200 0.2602 0.1030 
     D237340  2 0.1203 0.0255 0.0716 0.2893 0.0567 0.2406 0.0759 0.0561 0.0639 
     D237389  2 0.0509 0.0172 0.0570 0.0484 0.0423 0.7085 0.0195 0.0303 0.0260 
     D237390  2 0.1078 0.0368 0.1516 0.0428 0.0333 0.3837 0.0489 0.1048 0.0903 
     D244017  2 0.0955 0.0266 0.0180 0.6036 0.0604 0.0409 0.0470 0.0749 0.0333 
     D244112  2 0.0841 0.0154 0.0420 0.5804 0.1235 0.0588 0.0227 0.0391 0.0340 
     D244118  2 0.0427 0.0141 0.0236 0.2593 0.4981 0.0513 0.0162 0.0659 0.0288 
     D244119  2 0.0432 0.0398 0.0235 0.5863 0.0271 0.0298 0.1828 0.0381 0.0293 
     D244120  2 0.1208 0.0168 0.1782 0.1997 0.0377 0.1934 0.0446 0.0472 0.1616 
     D244122  2 0.0759 0.0541 0.0588 0.4511 0.1002 0.0792 0.0467 0.1035 0.0305 
        D291  2 0.2714 0.0564 0.0203 0.0341 0.0883 0.0306 0.0309 0.0766 0.3914 
        D292  2 0.0519 0.1874 0.0326 0.1243 0.0678 0.0882 0.0450 0.0906 0.3122 
        D293  2 0.0277 0.0416 0.0162 0.7625 0.0139 0.0161 0.0152 0.0330 0.0740 
        D322  2 0.0685 0.0695 0.0376 0.5475 0.0840 0.0373 0.0230 0.0491 0.0834 
        D323  2 0.2245 0.1338 0.0308 0.2325 0.0494 0.0896 0.0459 0.1061 0.0875 
        D324  2 0.1050 0.0870 0.0861 0.0318 0.0792 0.0650 0.0653 0.0227 0.4579 
        D325  2 0.0348 0.0325 0.0343 0.7240 0.0176 0.0287 0.0151 0.0246 0.0883 
        D326  2 0.0516 0.7812 0.0175 0.0290 0.0149 0.0225 0.0183 0.0160 0.0489 
        D340  2 0.0260 0.0219 0.0261 0.8024 0.0197 0.0303 0.0226 0.0171 0.0340 
        D341  2 0.0295 0.0420 0.3354 0.3034 0.0267 0.0263 0.0496 0.1396 0.0475 
        D342  2 0.1172 0.0362 0.1436 0.0367 0.4172 0.1636 0.0240 0.0315 0.0300 
        D343  2 0.0130 0.0141 0.0147 0.8977 0.0111 0.0109 0.0091 0.0139 0.0155 
        D344  2 0.0368 0.0474 0.0316 0.0235 0.0137 0.7843 0.0148 0.0217 0.0261 
        D345  2 0.1506 0.0560 0.0227 0.0305 0.1964 0.3502 0.0482 0.0509 0.0945 
        D346  2 0.0718 0.0634 0.0753 0.1822 0.0272 0.0603 0.4291 0.0225 0.0684 
        D351  2 0.2376 0.1701 0.0333 0.0543 0.0454 0.0429 0.0320 0.0723 0.3120 
        D352  2 0.1259 0.0286 0.0214 0.0916 0.0225 0.4578 0.0874 0.0453 0.1195 
        D353  2 0.5968 0.1289 0.0238 0.0511 0.0221 0.0381 0.0659 0.0280 0.0454 
        D354  2 0.0476 0.0420 0.0285 0.0216 0.0216 0.7626 0.0380 0.0193 0.0188 
        D362  2 0.0423 0.7070 0.0197 0.0318 0.0411 0.0676 0.0223 0.0267 0.0416 
        D363  2 0.0492 0.6784 0.0149 0.0472 0.0366 0.0761 0.0338 0.0194 0.0446 
        D364  2 0.0364 0.1218 0.0259 0.0223 0.0194 0.7184 0.0219 0.0149 0.0189 
        D365  2 0.0120 0.0132 0.0143 0.8984 0.0096 0.0111 0.0153 0.0126 0.0136 
        D369  2 0.0560 0.2032 0.0381 0.3410 0.0248 0.0452 0.0552 0.0224 0.2140 
        D374  2 0.0450 0.0274 0.0201 0.0255 0.0158 0.7260 0.0937 0.0263 0.0203 
        D375  2 0.0665 0.0279 0.0319 0.0318 0.0263 0.7410 0.0232 0.0250 0.0264 
        D376  2 0.0564 0.0256 0.0835 0.0600 0.0198 0.5515 0.1499 0.0330 0.0203 
        D377  2 0.1306 0.0734 0.1487 0.0536 0.0662 0.2257 0.1473 0.0552 0.0992 
        D378  2 0.0973 0.2831 0.0423 0.2730 0.1044 0.0221 0.0297 0.0518 0.0963 
        D379  2 0.0499 0.7289 0.0462 0.0201 0.0168 0.0645 0.0195 0.0302 0.0239 
        D384  2 0.0182 0.8557 0.0166 0.0128 0.0121 0.0207 0.0270 0.0145 0.0224 
        D385  2 0.0224 0.0175 0.0243 0.8109 0.0140 0.0504 0.0286 0.0162 0.0156 
        D386  2 0.1480 0.3010 0.0348 0.0885 0.1734 0.0754 0.0392 0.1071 0.0326 
        D391  2 0.0262 0.0317 0.0233 0.7809 0.0190 0.0216 0.0301 0.0349 0.0323 
        D392  2 0.0526 0.0464 0.0188 0.6862 0.0396 0.0521 0.0268 0.0204 0.0571 
        D393  2 0.0506 0.2530 0.0636 0.0565 0.0463 0.0309 0.0294 0.0459 0.4238 
        D394  2 0.1263 0.0617 0.0792 0.0979 0.1153 0.2708 0.0344 0.0807 0.1337 
        D395  2 0.0532 0.0206 0.0283 0.7536 0.0189 0.0517 0.0223 0.0241 0.0273 
        D401  2 0.0536 0.0267 0.0182 0.0665 0.0345 0.7231 0.0238 0.0193 0.0344 
        D402  2 0.0437 0.0218 0.0644 0.6200 0.0275 0.0352 0.0440 0.0449 0.0984 
        D403  2 0.1021 0.5858 0.0447 0.0177 0.0365 0.0912 0.0247 0.0775 0.0199 
        D415  2 0.1710 0.5205 0.0858 0.0587 0.0295 0.0558 0.0237 0.0327 0.0222 
        D435  2 0.0543 0.3296 0.0876 0.2450 0.0463 0.0608 0.0355 0.0257 0.1152 
        D436  2 0.0848 0.1420 0.0432 0.0356 0.0191 0.3623 0.0621 0.1956 0.0551 
        D438  2 0.0218 0.0243 0.0257 0.8078 0.0318 0.0224 0.0294 0.0179 0.0189 
        D439  2 0.2252 0.0510 0.0364 0.0451 0.0670 0.3071 0.0335 0.0418 0.1929 
        D449  2 0.0993 0.0686 0.1420 0.1102 0.0213 0.4780 0.0247 0.0173 0.0385 
        D450  2 0.1088 0.1134 0.0906 0.0263 0.0609 0.0457 0.4401 0.0598 0.0544 
        D456  2 0.0668 0.7803 0.0193 0.0166 0.0199 0.0285 0.0183 0.0183 0.0320 
        D462  2 0.0248 0.0292 0.0159 0.7908 0.0170 0.0284 0.0173 0.0262 0.0504 
        D463  2 0.0381 0.8287 0.0160 0.0152 0.0129 0.0256 0.0226 0.0178 0.0231 
        D464  2 0.4269 0.0669 0.0322 0.2526 0.0229 0.0416 0.0571 0.0780 0.0218 
        D465  2 0.0532 0.0493 0.0256 0.7219 0.0208 0.0488 0.0282 0.0220 0.0302 
        D473  2 0.0345 0.0271 0.0332 0.0389 0.0459 0.0265 0.7033 0.0598 0.0309 
        D474  2 0.0372 0.3818 0.0404 0.0419 0.0424 0.0400 0.0586 0.0236 0.3341 
        D476  2 0.0892 0.0365 0.0531 0.1607 0.3227 0.0974 0.0199 0.0913 0.1292 
        D477  2 0.1170 0.2051 0.0699 0.0589 0.0318 0.1000 0.1456 0.0422 0.2294 
        D478  2 0.2593 0.0860 0.0261 0.0634 0.2011 0.1373 0.0783 0.0423 0.1062 
        D480  2 0.0513 0.3151 0.1877 0.1467 0.0269 0.0308 0.0428 0.1286 0.0701 
        D481  2 0.1057 0.1557 0.0267 0.1319 0.1904 0.1230 0.0576 0.0475 0.1614 
        D482  2 0.1841 0.0286 0.0459 0.0609 0.0898 0.0784 0.1450 0.1440 0.2233 
        D483  2 0.0268 0.0241 0.0211 0.8239 0.0256 0.0211 0.0180 0.0225 0.0169 
        D484  2 0.1382 0.0194 0.0408 0.1369 0.0356 0.2740 0.0854 0.1655 0.1042 
        D510  2 0.1077 0.0482 0.0533 0.0417 0.0227 0.2098 0.3821 0.0543 0.0802 
        D511  2 0.0819 0.1102 0.0275 0.3284 0.0745 0.0510 0.0398 0.0871 0.1998 
        D512  2 0.0824 0.0209 0.0472 0.3720 0.0653 0.3218 0.0167 0.0371 0.0367 
        D513  2 0.0722 0.1290 0.0445 0.3677 0.0415 0.0974 0.1199 0.0402 0.0876 
        D635  2 0.1273 0.1158 0.0227 0.0654 0.4763 0.0340 0.0331 0.0211 0.1043 
        D636  2 0.0162 0.0218 0.0121 0.0165 0.8740 0.0164 0.0193 0.0110 0.0127 
        D637  2 0.0861 0.0415 0.1567 0.2069 0.0338 0.1861 0.0948 0.1105 0.0835 
        D658  2 0.0365 0.0278 0.1220 0.5551 0.0355 0.0823 0.0451 0.0731 0.0225 
        D659  2 0.0818 0.3741 0.1091 0.0305 0.0460 0.1348 0.0550 0.0530 0.1157 
        D677  2 0.0605 0.3848 0.1518 0.0367 0.0422 0.0732 0.0253 0.0979 0.1277 
        D678  2 0.1357 0.0175 0.0451 0.5176 0.1370 0.0686 0.0249 0.0317 0.0219 
        D679  2 0.1187 0.2536 0.0802 0.0542 0.0501 0.0305 0.1224 0.0476 0.2428 
        D719  2 0.0607 0.1602 0.0255 0.2228 0.0190 0.0648 0.1464 0.0503 0.2502 
        D720  2 0.0607 0.6467 0.0220 0.0401 0.0454 0.0376 0.0522 0.0558 0.0394 
        D721  2 0.0244 0.0475 0.0401 0.0387 0.7593 0.0169 0.0318 0.0181 0.0232 
        D722  2 0.0637 0.0337 0.0220 0.0527 0.0253 0.6652 0.0629 0.0316 0.0429 
        D734  2 0.0556 0.0260 0.0487 0.2597 0.0159 0.0379 0.3298 0.1254 0.1009 
        D735  2 0.1174 0.3900 0.0731 0.0640 0.1233 0.0239 0.0833 0.0612 0.0639 
        D736  2 0.0851 0.0438 0.0818 0.0459 0.0455 0.1390 0.1611 0.0258 0.3720 
        D737  2 0.0513 0.0259 0.0618 0.4097 0.1218 0.0713 0.0234 0.1694 0.0655 
        D807  2 0.0722 0.1643 0.0701 0.0912 0.0502 0.0667 0.1698 0.0856 0.2299 
        D808  2 0.1750 0.0651 0.1210 0.2142 0.0929 0.0844 0.0279 0.0682 0.1512 
        D817  2 0.1362 0.3047 0.0255 0.0438 0.0538 0.2039 0.0617 0.0561 0.1143 
        D818  2 0.1756 0.0948 0.1338 0.2426 0.0674 0.0175 0.0352 0.1112 0.1220 
        D819  2 0.2272 0.1842 0.0270 0.1294 0.0443 0.1595 0.0415 0.0289 0.1580 
        D820  2 0.0492 0.4447 0.0590 0.0789 0.0235 0.0358 0.0281 0.2131 0.0677 
        D895  2 0.2397 0.1785 0.0470 0.0381 0.1167 0.1952 0.0775 0.0601 0.0471 
        D896  2 0.0371 0.0220 0.0296 0.0371 0.0443 0.7299 0.0308 0.0438 0.0256 
        D897  2 0.1261 0.0361 0.3569 0.0943 0.1212 0.0666 0.0374 0.0972 0.0641 
        D898  2 0.1973 0.0281 0.0719 0.0226 0.0349 0.1806 0.0462 0.0591 0.3592 
        D918  2 0.0995 0.0565 0.2092 0.1119 0.0677 0.0752 0.1100 0.1905 0.0794 
        D919  2 0.1520 0.1264 0.0277 0.0795 0.0476 0.0738 0.0216 0.1376 0.3339 
        D920  2 0.0332 0.0360 0.0566 0.0281 0.6310 0.0527 0.0328 0.1021 0.0275 
        D923  2 0.0846 0.5789 0.0305 0.0602 0.0280 0.1167 0.0369 0.0276 0.0365 
        D930  2 0.0817 0.1486 0.1139 0.0378 0.0354 0.0833 0.4286 0.0323 0.0384 
        D931  2 0.0529 0.1310 0.0601 0.5250 0.0273 0.0577 0.0423 0.0441 0.0596 
        D968  2 0.0366 0.0241 0.0146 0.6560 0.0165 0.0402 0.0173 0.0201 0.1746 
        D969  2 0.0968 0.2307 0.0978 0.1928 0.0341 0.0413 0.0270 0.0490 0.2305 
        D977  2 0.0387 0.0310 0.0706 0.7092 0.0280 0.0247 0.0260 0.0392 0.0326 
        D978  2 0.2380 0.0610 0.3152 0.0554 0.0300 0.0190 0.0544 0.1019 0.1250 
        H008  2 0.1354 0.1553 0.0267 0.0545 0.0292 0.4082 0.0569 0.0280 0.1058 
        H021  2 0.0629 0.0454 0.4853 0.1343 0.1119 0.0267 0.0393 0.0513 0.0429 
        H023  2 0.0401 0.4264 0.0331 0.0218 0.0890 0.0414 0.0638 0.2427 0.0417 
        H024  2 0.1065 0.0158 0.0795 0.0707 0.0296 0.5863 0.0202 0.0203 0.0711 
        H025  2 0.2085 0.0619 0.0402 0.0521 0.0218 0.4556 0.0490 0.0765 0.0343 
        H026  2 0.2098 0.1887 0.0449 0.1953 0.0328 0.0455 0.0215 0.0259 0.2356 
        H027  2 0.0475 0.1329 0.0909 0.3261 0.0522 0.0424 0.0544 0.1535 0.1001 
        H028  2 0.0414 0.0369 0.0436 0.0302 0.0274 0.7354 0.0275 0.0257 0.0320 
        H029  2 0.0909 0.2041 0.0166 0.2449 0.0823 0.0507 0.0327 0.0401 0.2378 
        H030  2 0.0322 0.0160 0.0430 0.7158 0.0214 0.1076 0.0193 0.0243 0.0205 
        H038  2 0.0388 0.1395 0.0408 0.0249 0.5332 0.0253 0.0320 0.1110 0.0545 
        H039  2 0.0336 0.0290 0.0462 0.0184 0.0225 0.1227 0.5924 0.1029 0.0324 
        H040  2 0.0336 0.0647 0.0293 0.0198 0.3624 0.0158 0.0273 0.4175 0.0296 
        H041  2 0.0740 0.1382 0.0426 0.2195 0.0250 0.1709 0.0678 0.0338 0.2283 
        H042  2 0.1397 0.0796 0.0445 0.0419 0.1066 0.1410 0.2385 0.1600 0.0481 
        H043  2 0.0351 0.0355 0.0236 0.0244 0.6606 0.0871 0.0600 0.0435 0.0301 
        H044  2 0.1762 0.0258 0.0656 0.0950 0.1498 0.2628 0.0965 0.0260 0.1024 
        H047  2 0.0269 0.0306 0.0323 0.0233 0.0246 0.7405 0.0495 0.0355 0.0368 
        H050  2 0.0969 0.0549 0.0538 0.4881 0.0622 0.0569 0.0372 0.1224 0.0275 
        H058  2 0.2551 0.0678 0.1095 0.0624 0.2502 0.0514 0.0239 0.0947 0.0851 
        H062  2 0.0542 0.2227 0.1051 0.0300 0.1283 0.0758 0.2891 0.0716 0.0234 
        H063  2 0.0866 0.0672 0.0382 0.2740 0.1077 0.1360 0.0462 0.1087 0.1354 
        H065  2 0.0419 0.7574 0.0219 0.0148 0.0221 0.0507 0.0474 0.0191 0.0247 
        H066  2 0.0561 0.0355 0.0478 0.0557 0.1760 0.3317 0.0171 0.0975 0.1827 
        H067  2 0.0883 0.1376 0.1785 0.0612 0.0641 0.0578 0.2108 0.0461 0.1556 
        H068  2 0.1198 0.0444 0.0722 0.1066 0.0433 0.0637 0.2018 0.2319 0.1164 
        H069  2 0.0532 0.0586 0.0134 0.3973 0.1226 0.0542 0.0365 0.2316 0.0325 
        H071  2 0.1403 0.3771 0.0643 0.0608 0.0387 0.0366 0.1153 0.0911 0.0759 
        H072  2 0.0676 0.0323 0.0270 0.0485 0.0243 0.2762 0.3898 0.0784 0.0559 
        H073  2 0.2151 0.1282 0.0912 0.0787 0.1221 0.0368 0.0281 0.2116 0.0882 
        H081  2 0.0968 0.2379 0.0485 0.0390 0.0286 0.0722 0.3682 0.0479 0.0609 
        H082  2 0.0632 0.0488 0.0233 0.6124 0.0621 0.1029 0.0263 0.0191 0.0419 
        H083  2 0.0361 0.0398 0.0597 0.7016 0.0398 0.0439 0.0222 0.0313 0.0256 
        H084  2 0.1203 0.0444 0.0870 0.0685 0.0840 0.0350 0.0765 0.1984 0.2861 
        H085  2 0.0744 0.1441 0.0247 0.5162 0.0239 0.0493 0.0919 0.0385 0.0371 
        H087  2 0.0958 0.2323 0.1908 0.0651 0.0415 0.0604 0.1350 0.0389 0.1401 
        H088  2 0.1104 0.2506 0.0601 0.0809 0.0504 0.1976 0.0871 0.0981 0.0649 
        H089  2 0.1283 0.1526 0.0437 0.1635 0.1568 0.0475 0.1410 0.0772 0.0893 
        H090  2 0.0245 0.0192 0.0294 0.7579 0.0186 0.0344 0.0199 0.0134 0.0827 
        H091  2 0.0337 0.0304 0.0198 0.7660 0.0215 0.0186 0.0298 0.0485 0.0317 
        H098  2 0.1531 0.0790 0.0850 0.0688 0.0321 0.3445 0.0432 0.0666 0.1277 
      H10001  2 0.0265 0.0187 0.0494 0.0211 0.0199 0.0212 0.7874 0.0375 0.0184 
      H10002  2 0.0688 0.4014 0.0790 0.0415 0.1344 0.0638 0.0760 0.1058 0.0292 
        H101  2 0.0485 0.0222 0.0283 0.5668 0.0283 0.0395 0.0228 0.2023 0.0413 
        H108  2 0.0498 0.2129 0.0618 0.0171 0.0164 0.0778 0.4849 0.0506 0.0286 
        H109  2 0.1214 0.0374 0.0361 0.0487 0.0565 0.3566 0.0361 0.1467 0.1605 
        H110  2 0.1804 0.3861 0.0361 0.0609 0.0541 0.0785 0.0732 0.0288 0.1019 
        H116  2 0.1709 0.0859 0.0515 0.0849 0.0966 0.3160 0.0389 0.0579 0.0974 
        H117  2 0.0548 0.0525 0.0487 0.1260 0.0178 0.0280 0.0209 0.0425 0.6089 
        H118  2 0.1074 0.1340 0.0329 0.5020 0.0178 0.0717 0.0291 0.0205 0.0845 
        H119  2 0.0577 0.0735 0.0239 0.0238 0.0572 0.0222 0.0641 0.0731 0.6045 
        H120  2 0.0394 0.0655 0.0222 0.0227 0.0272 0.0496 0.7056 0.0358 0.0320 
        H121  2 0.0228 0.0269 0.0155 0.8449 0.0130 0.0190 0.0235 0.0165 0.0179 
        H125  2 0.0388 0.0251 0.0582 0.0215 0.0225 0.0341 0.2638 0.4626 0.0734 
        H126  2 0.0986 0.0365 0.0239 0.0224 0.0271 0.6430 0.0982 0.0257 0.0248 
        H128  2 0.0126 0.0115 0.0110 0.9076 0.0113 0.0125 0.0088 0.0121 0.0128 
        H129  2 0.2581 0.1084 0.2513 0.0442 0.0373 0.0740 0.0162 0.0413 0.1692 
        H130  2 0.0873 0.0231 0.0777 0.0260 0.0321 0.1532 0.5391 0.0417 0.0198 
        H133  2 0.0895 0.0289 0.0873 0.0664 0.0443 0.1154 0.4328 0.0913 0.0442 
        H134  2 0.3197 0.2566 0.0199 0.0269 0.0265 0.2759 0.0209 0.0195 0.0341 
        H135  2 0.1100 0.3968 0.0278 0.0899 0.0715 0.0849 0.0714 0.0632 0.0845 
        H137  2 0.0707 0.0485 0.2987 0.1009 0.0274 0.1398 0.0217 0.0684 0.2239 
        H138  2 0.4647 0.0642 0.1024 0.0382 0.0480 0.0943 0.0387 0.0520 0.0974 
        H140  2 0.0656 0.0298 0.2406 0.3429 0.0274 0.0597 0.0871 0.0358 0.1111 
        H146  2 0.0461 0.0382 0.0222 0.7198 0.0154 0.0312 0.0239 0.0446 0.0586 
        H147  2 0.2317 0.0629 0.0428 0.3628 0.0472 0.0455 0.0300 0.0603 0.1167 
        H148  2 0.0448 0.0705 0.2133 0.0550 0.0416 0.0473 0.0577 0.0297 0.4402 
     H166022  2 0.1602 0.0494 0.0485 0.0815 0.0630 0.1473 0.0596 0.1437 0.2467 
     H167359  2 0.0963 0.0531 0.0358 0.0376 0.0343 0.5573 0.0262 0.1077 0.0517 
     H167397  2 0.2797 0.0401 0.0224 0.1817 0.0785 0.1706 0.0255 0.0426 0.1588 
     H167428  2 0.0753 0.2880 0.0214 0.4089 0.0295 0.1029 0.0215 0.0125 0.0400 
     H167496  2 0.0451 0.0873 0.0665 0.0682 0.0299 0.0866 0.0946 0.4565 0.0653 
     H167513  2 0.0469 0.0197 0.0545 0.0411 0.5730 0.1448 0.0328 0.0499 0.0374 
     H167545  2 0.0286 0.0322 0.0215 0.0234 0.7449 0.0488 0.0254 0.0485 0.0267 
     H167547  2 0.0748 0.0119 0.0202 0.0364 0.0287 0.0234 0.0208 0.0478 0.7360 
     H169621  2 0.0543 0.0212 0.1538 0.5937 0.0353 0.0285 0.0251 0.0362 0.0521 
     H169622  2 0.1320 0.2429 0.0313 0.0497 0.2246 0.1357 0.0851 0.0610 0.0378 
     H169750  2 0.0634 0.0293 0.0300 0.5125 0.0293 0.0374 0.0709 0.1692 0.0580 
     H171806  2 0.0683 0.1117 0.0330 0.3581 0.0296 0.0218 0.0970 0.0932 0.1872 
     H171808  2 0.0703 0.3832 0.0213 0.0393 0.0931 0.0439 0.2767 0.0367 0.0354 
     H171809  2 0.1442 0.1232 0.0562 0.0329 0.0343 0.1020 0.3801 0.0512 0.0758 
