        D174  1 0.0785 0.0978 0.1015 0.4951 0.1227 0.0579 0.0466 
        D199  1 0.1517 0.0318 0.3782 0.0683 0.2146 0.0688 0.0866 
        D203  1 0.1239 0.1711 0.2248 0.0560 0.1980 0.1502 0.0761 
        D204  1 0.0478 0.0201 0.0941 0.0356 0.6027 0.1648 0.0350 
     D237366  1 0.0917 0.2234 0.0417 0.0810 0.0624 0.4514 0.0484 
     D237367  1 0.0859 0.0294 0.2376 0.0598 0.2413 0.2870 0.0590 
     D237368  1 0.0984 0.0447 0.2294 0.0540 0.1616 0.0319 0.3800 
     D244101  1 0.1003 0.0736 0.3949 0.0216 0.3419 0.0342 0.0334 
     D244102  1 0.1732 0.0443 0.0757 0.0732 0.0797 0.4160 0.1379 
     D244103  1 0.2099 0.2102 0.0330 0.0693 0.3644 0.0672 0.0461 
     D244104  1 0.0473 0.0437 0.0755 0.0687 0.6902 0.0209 0.0537 
     D244105  1 0.3373 0.1922 0.0367 0.0263 0.1358 0.0904 0.1812 
     D244106  1 0.0961 0.3244 0.1271 0.2597 0.0766 0.0879 0.0280 
     D244107  1 0.1622 0.0507 0.0509 0.0226 0.0822 0.0272 0.6043 
     D244108  1 0.1027 0.0533 0.1153 0.1694 0.0930 0.1190 0.3474 
     D244113  1 0.0348 0.0152 0.0406 0.7930 0.0307 0.0389 0.0467 
     D244114  1 0.2671 0.3754 0.0382 0.1122 0.0548 0.1110 0.0413 
     D244115  1 0.1851 0.0772 0.0497 0.3045 0.2555 0.0414 0.0866 
     D267365  1 0.0875 0.0498 0.0920 0.1452 0.4588 0.1024 0.0642 
        D404  1 0.0891 0.0413 0.1201 0.5102 0.0281 0.1549 0.0564 
        D405  1 0.1625 0.0536 0.1371 0.2113 0.1207 0.2389 0.0758 
        D406  1 0.0291 0.0275 0.0258 0.0323 0.0512 0.0589 0.7753 
        D407  1 0.1598 0.0229 0.5163 0.0403 0.2031 0.0275 0.0301 
        D408  1 0.0764 0.0879 0.0659 0.6752 0.0400 0.0319 0.0226 
        D409  1 0.4518 0.2237 0.0648 0.0486 0.1233 0.0358 0.0519 
        D410  1 0.0646 0.0206 0.0199 0.0410 0.0661 0.0378 0.7500 
        D421  1 0.0364 0.0199 0.2789 0.0291 0.6031 0.0181 0.0146 
        D422  1 0.0759 0.1724 0.0218 0.0180 0.0282 0.0219 0.6616 
        D423  1 0.0712 0.0284 0.2227 0.0249 0.0436 0.0248 0.5844 
        D424  1 0.1083 0.0204 0.0389 0.0414 0.7355 0.0298 0.0257 
        D425  1 0.2106 0.0362 0.0948 0.1959 0.2690 0.1561 0.0374 
        D426  1 0.3373 0.4989 0.0532 0.0329 0.0391 0.0138 0.0248 
        D427  1 0.0354 0.0295 0.6293 0.0771 0.1852 0.0193 0.0243 
        D428  1 0.2258 0.0227 0.1277 0.1628 0.1100 0.2348 0.1162 
        D429  1 0.1037 0.1634 0.0620 0.2001 0.3222 0.1143 0.0343 
        D430  1 0.1983 0.2284 0.2048 0.1430 0.1018 0.0987 0.0249 
        D491  1 0.0582 0.0308 0.0585 0.6971 0.0766 0.0263 0.0526 
        D492  1 0.1619 0.0386 0.1930 0.2898 0.2229 0.0597 0.0343 
        D537  1 0.0969 0.0321 0.0550 0.0656 0.6046 0.0686 0.0771 
        D538  1 0.2391 0.0515 0.1930 0.1139 0.0577 0.0910 0.2537 
        D539  1 0.0961 0.3573 0.0327 0.2024 0.0628 0.1267 0.1220 
        D540  1 0.4201 0.0560 0.0525 0.0794 0.3003 0.0367 0.0550 
        D541  1 0.0340 0.0188 0.0577 0.0185 0.8338 0.0196 0.0175 
        D551  1 0.1916 0.5842 0.0322 0.0308 0.0489 0.0381 0.0742 
        D552  1 0.0729 0.0726 0.0528 0.0959 0.1858 0.0353 0.4848 
        D553  1 0.0163 0.0164 0.0137 0.0209 0.8990 0.0154 0.0182 
        D615  1 0.1242 0.0762 0.0541 0.1272 0.3768 0.0595 0.1820 
        D616  1 0.1984 0.1272 0.2312 0.0594 0.1951 0.0232 0.1656 
        D621  1 0.0381 0.0284 0.0212 0.1714 0.0202 0.0292 0.6915 
        D622  1 0.0942 0.1254 0.0383 0.0721 0.0599 0.0699 0.5402 
        D623  1 0.0436 0.0222 0.6904 0.1156 0.0262 0.0590 0.0430 
        D624  1 0.2084 0.0592 0.0433 0.5370 0.0834 0.0450 0.0237 
        D625  1 0.0552 0.0427 0.0502 0.1537 0.5730 0.0715 0.0538 
        D626  1 0.0954 0.0557 0.0426 0.3710 0.1420 0.2136 0.0797 
        D627  1 0.3200 0.4078 0.0430 0.0378 0.1344 0.0344 0.0226 
        D690  1 0.0490 0.0188 0.0279 0.2000 0.5731 0.0629 0.0682 
        D691  1 0.0721 0.4177 0.0620 0.0367 0.0742 0.1244 0.2128 
        D710  1 0.1628 0.0304 0.2164 0.1455 0.2715 0.0480 0.1254 
        D711  1 0.0495 0.0314 0.0556 0.0658 0.3199 0.4205 0.0572 
        D712  1 0.0917 0.0410 0.1076 0.4771 0.0456 0.1612 0.0758 
        D713  1 0.1584 0.0422 0.0388 0.4631 0.1612 0.0791 0.0573 
        D746  1 0.0301 0.0876 0.0241 0.0419 0.0749 0.0252 0.7162 
        D747  1 0.0314 0.0245 0.1036 0.0241 0.7496 0.0499 0.0169 
        D748  1 0.0931 0.2548 0.0667 0.0841 0.2349 0.1883 0.0781 
        D749  1 0.2429 0.0934 0.0422 0.1068 0.0551 0.0341 0.4255 
        D750  1 0.0521 0.0376 0.0492 0.6231 0.1609 0.0265 0.0507 
        D763  1 0.1870 0.1346 0.1883 0.0801 0.1456 0.0788 0.1857 
        D764  1 0.0654 0.0259 0.0462 0.1263 0.6468 0.0145 0.0749 
        D765  1 0.2179 0.1062 0.0198 0.0643 0.0610 0.0533 0.4775 
        D766  1 0.0620 0.0418 0.0395 0.1029 0.0775 0.0438 0.6324 
        D767  1 0.0485 0.0295 0.0481 0.0366 0.0582 0.6995 0.0796 
        D768  1 0.0403 0.0235 0.0206 0.0162 0.8592 0.0214 0.0188 
        D811  1 0.1143 0.0324 0.0486 0.6600 0.0355 0.0501 0.0591 
        D816  1 0.0508 0.0183 0.0364 0.0497 0.7634 0.0527 0.0288 
        D825  1 0.1260 0.0439 0.0454 0.5061 0.0739 0.0584 0.1464 
        D866  1 0.1213 0.3042 0.2360 0.1118 0.1200 0.0526 0.0541 
        D867  1 0.0940 0.0292 0.0567 0.0452 0.0493 0.0289 0.6966 
        D871  1 0.3975 0.2100 0.0349 0.1124 0.0737 0.1469 0.0245 
        D872  1 0.0620 0.0191 0.0668 0.0441 0.1565 0.2195 0.4320 
        D873  1 0.0170 0.0146 0.0144 0.0160 0.0118 0.0129 0.9132 
        D874  1 0.0745 0.0437 0.1013 0.3996 0.1872 0.1723 0.0213 
        D875  1 0.4639 0.3519 0.0353 0.0310 0.0305 0.0377 0.0496 
        D876  1 0.0603 0.0264 0.0377 0.1069 0.5754 0.0829 0.1104 
        D877  1 0.1111 0.0209 0.0568 0.6707 0.0312 0.0772 0.0320 
        D892  1 0.0838 0.1443 0.0780 0.1449 0.2235 0.2836 0.0419 
        D893  1 0.1212 0.0481 0.0445 0.0384 0.3408 0.3597 0.0473 
        D894  1 0.1699 0.1369 0.0569 0.0841 0.4353 0.0802 0.0367 
        D915  1 0.0802 0.1010 0.0398 0.0630 0.5684 0.0680 0.0795 
        D916  1 0.0290 0.0285 0.0454 0.0290 0.8256 0.0210 0.0215 
        D917  1 0.1578 0.0377 0.1579 0.3030 0.2503 0.0544 0.0390 
        D925  1 0.0342 0.0237 0.0263 0.0610 0.1527 0.0331 0.6690 
        D926  1 0.1260 0.1048 0.0373 0.0942 0.5066 0.0893 0.0419 
        D927  1 0.0673 0.0599 0.4925 0.0460 0.1416 0.1424 0.0503 
        D928  1 0.0362 0.0170 0.0348 0.7404 0.1171 0.0195 0.0350 
        D929  1 0.0510 0.0264 0.0267 0.0678 0.0427 0.7608 0.0246 
        D936  1 0.0879 0.0921 0.1002 0.0915 0.4283 0.1544 0.0456 
        D938  1 0.0271 0.0324 0.0226 0.0371 0.0336 0.0307 0.8164 
        D956  1 0.1395 0.1007 0.0532 0.5669 0.0437 0.0383 0.0577 
        D957  1 0.0775 0.0345 0.0832 0.0391 0.1475 0.1415 0.4767 
        D958  1 0.0461 0.0319 0.0550 0.1813 0.1473 0.0636 0.4747 
        D959  1 0.2998 0.0538 0.3672 0.0288 0.1848 0.0240 0.0415 
        D960  1 0.0371 0.0699 0.0280 0.0290 0.0447 0.0348 0.7565 
        D989  1 0.0909 0.0639 0.5306 0.1272 0.1113 0.0576 0.0187 
        D990  1 0.0535 0.0417 0.0477 0.0347 0.0211 0.0642 0.7372 
        H102  1 0.0668 0.0889 0.0293 0.3078 0.3266 0.0559 0.1246 
        H103  1 0.5265 0.0238 0.1002 0.0237 0.0914 0.1705 0.0638 
        H104  1 0.0921 0.1773 0.0624 0.0891 0.1841 0.3663 0.0286 
        H105  1 0.1273 0.0493 0.0784 0.3096 0.3359 0.0290 0.0704 
        H106  1 0.0763 0.1939 0.0550 0.0583 0.0516 0.2749 0.2901 
        H112  1 0.1725 0.2313 0.0663 0.2219 0.1275 0.1053 0.0753 
        H113  1 0.2372 0.1592 0.1553 0.0659 0.2414 0.0656 0.0753 
        H114  1 0.1476 0.1381 0.1038 0.0285 0.4651 0.0387 0.0782 
        H115  1 0.0802 0.1915 0.0535 0.0993 0.3771 0.1532 0.0452 
        H143  1 0.1115 0.0322 0.0381 0.0453 0.6146 0.0292 0.1292 
        H144  1 0.2358 0.0382 0.0629 0.0444 0.5365 0.0379 0.0443 
        H145  1 0.1435 0.0269 0.0283 0.7038 0.0195 0.0375 0.0405 
        H149  1 0.0799 0.2135 0.0984 0.0782 0.2503 0.2371 0.0425 
        H150  1 0.3470 0.1079 0.1055 0.1810 0.0245 0.1729 0.0611 
     H167542  1 0.0339 0.0372 0.0288 0.0306 0.7913 0.0395 0.0387 
     H169604  1 0.0763 0.0969 0.2028 0.3692 0.0691 0.1601 0.0256 
     H169607  1 0.1526 0.0431 0.0668 0.5732 0.0510 0.0734 0.0399 
     H169608  1 0.0610 0.0332 0.0368 0.6885 0.0420 0.0696 0.0690 
     H169633  1 0.1559 0.1234 0.1407 0.1071 0.3576 0.0362 0.0791 
     H169688  1 0.1093 0.0205 0.1224 0.0479 0.0534 0.2808 0.3657 
     H169714  1 0.0660 0.5437 0.0328 0.0283 0.0467 0.2477 0.0346 
     H171802  1 0.1632 0.1531 0.2734 0.0440 0.0605 0.1193 0.1864 
     H171805  1 0.1597 0.0683 0.0312 0.0315 0.0619 0.4399 0.2075 
     H171807  1 0.1569 0.1589 0.1287 0.3853 0.0351 0.0754 0.0596 
     H171814  1 0.2971 0.0404 0.4048 0.0263 0.1263 0.0441 0.0610 
     H171816  1 0.2038 0.0831 0.1413 0.1150 0.0475 0.1807 0.2287 
     H171817  1 0.0829 0.0734 0.0362 0.4390 0.0724 0.2181 0.0782 
     H171818  1 0.1336 0.2061 0.0652 0.0286 0.2775 0.0947 0.1944 
     H171819  1 0.1465 0.1028 0.2168 0.1364 0.0942 0.1329 0.1703 
     H171834  1 0.0702 0.6649 0.0361 0.0175 0.1012 0.0283 0.0818 
     H171835  1 0.0482 0.0713 0.1113 0.0779 0.0380 0.5916 0.0617 
     H171836  1 0.2014 0.0592 0.1520 0.0500 0.0782 0.0285 0.4307 
     H171837  1 0.0823 0.1276 0.0647 0.1631 0.4307 0.0690 0.0626 
     H171838  1 0.1670 0.3813 0.0768 0.0414 0.0188 0.0976 0.2171 
     H171839  1 0.0654 0.0999 0.2219 0.1551 0.1555 0.2643 0.0378 
     H171841  1 0.0822 0.0306 0.0242 0.5472 0.0206 0.0355 0.2598 
     H171860  1 0.0964 0.1023 0.1887 0.4359 0.0860 0.0629 0.0279 
     H171861  1 0.1123 0.0479 0.0376 0.0476 0.4374 0.0341 0.2831 
     H171862  1 0.1216 0.4044 0.0724 0.0837 0.1647 0.0929 0.0602 
     H171868  1 0.0487 0.0474 0.0260 0.0355 0.7807 0.0352 0.0265 
     H171869  1 0.3759 0.0831 0.1011 0.0279 0.1209 0.0673 0.2238 
     H171870  1 0.1616 0.0797 0.0739 0.0422 0.0522 0.3774 0.2131 
     H171871  1 0.3475 0.1850 0.0770 0.0384 0.0642 0.1222 0.1656 
     H171872  1 0.0942 0.0962 0.0482 0.4038 0.0819 0.2508 0.0248 
     H171873  1 0.1551 0.2582 0.0791 0.0435 0.0392 0.1193 0.3057 
     H171874  1 0.1170 0.2323 0.2717 0.1149 0.0951 0.0347 0.1342 
     H171875  1 0.2298 0.0888 0.0906 0.0389 0.4482 0.0284 0.0752 
     H171876  1 0.0915 0.0341 0.5149 0.1211 0.1713 0.0330 0.0341 
     H171877  1 0.0369 0.0380 0.0746 0.0761 0.6993 0.0372 0.0378 
     H171878  1 0.1959 0.0256 0.1748 0.0263 0.0603 0.1419 0.3752 
     H171901  1 0.0730 0.0257 0.0749 0.3823 0.0399 0.2319 0.1723 
     H171902  1 0.0748 0.0590 0.0240 0.7514 0.0255 0.0284 0.0369 
     H171903  1 0.1697 0.3120 0.1899 0.0616 0.1786 0.0491 0.0391 
     H171935  1 0.1098 0.2390 0.1103 0.1486 0.0174 0.1829 0.1921 
     H171936  1 0.0757 0.0603 0.2320 0.0242 0.4160 0.0515 0.1403 
     H171940  1 0.1055 0.1241 0.0484 0.2385 0.3648 0.0580 0.0606 
     H171945  1 0.2414 0.0450 0.0668 0.1015 0.0635 0.0634 0.4184 
     H171948  1 0.1718 0.2912 0.0818 0.1159 0.0991 0.1313 0.1089 
     H171949  1 0.0652 0.2864 0.0532 0.3650 0.0478 0.1145 0.0679 
     H171950  1 0.0481 0.0413 0.0378 0.1306 0.0738 0.6253 0.0431 
     H171963  1 0.1718 0.0455 0.0627 0.0267 0.0644 0.0424 0.5865 
     H171964  1 0.4147 0.2062 0.1718 0.0551 0.0248 0.0793 0.0482 
     H171966  1 0.1733 0.2310 0.0293 0.0654 0.0814 0.0557 0.3639 
     H171968  1 0.0689 0.0415 0.0276 0.6654 0.0792 0.0336 0.0839 
     H171971  1 0.1205 0.4362 0.0613 0.0361 0.0302 0.1781 0.1376 
     H171972  1 0.0564 0.0289 0.7718 0.0544 0.0248 0.0281 0.0355 
     H171977  1 0.2486 0.0457 0.1452 0.0605 0.1979 0.0841 0.2181 
     H171978  1 0.1609 0.0708 0.0345 0.0867 0.0309 0.5420 0.0742 
     H171979  1 0.2845 0.2416 0.2114 0.0983 0.0304 0.0524 0.0813 
        H176  1 0.1341 0.0606 0.0787 0.4965 0.1596 0.0383 0.0322 
        H177  1 0.0780 0.1030 0.0353 0.1356 0.0918 0.3793 0.1770 
        H179  1 0.0499 0.0302 0.0499 0.0419 0.6462 0.1586 0.0233 
        H181  1 0.2732 0.2224 0.0778 0.0449 0.0931 0.0194 0.2691 
        H182  1 0.2376 0.0826 0.0408 0.0787 0.1021 0.0724 0.3857 
        H183  1 0.0980 0.0462 0.0563 0.0272 0.0890 0.0155 0.6677 
        H184  1 0.1752 0.1829 0.0610 0.2769 0.0723 0.1157 0.1159 
        H185  1 0.1806 0.0931 0.2145 0.0487 0.1071 0.0376 0.3185 
        H186  1 0.2866 0.0419 0.0439 0.0401 0.3663 0.1359 0.0853 
        H187  1 0.0642 0.0160 0.0636 0.0227 0.0975 0.1089 0.6272 
        H188  1 0.0917 0.1069 0.0611 0.1074 0.5634 0.0332 0.0362 
        H192  1 0.0892 0.3974 0.0355 0.0831 0.0402 0.1271 0.2275 
        H193  1 0.4209 0.0691 0.0230 0.0866 0.1827 0.1546 0.0632 
        H194  1 0.1475 0.3814 0.1124 0.1027 0.1004 0.1149 0.0406 
        H195  1 0.1988 0.0477 0.1127 0.0407 0.0430 0.0707 0.4864 
        H199  1 0.1894 0.0336 0.0586 0.3673 0.0329 0.0338 0.2843 
        H200  1 0.0912 0.0885 0.3303 0.2206 0.1227 0.0447 0.1020 
        H414  1 0.1621 0.0760 0.1103 0.0591 0.0966 0.4065 0.0895 
        H415  1 0.2038 0.0980 0.1797 0.1369 0.1926 0.1155 0.0734 
        H422  1 0.2274 0.0521 0.0473 0.2807 0.2051 0.0480 0.1394 
        H423  1 0.1106 0.0646 0.0499 0.5955 0.0365 0.0648 0.0781 
        H424  1 0.3066 0.0350 0.0516 0.0276 0.1761 0.0522 0.3508 
        H425  1 0.1548 0.0379 0.0615 0.0362 0.0350 0.0487 0.6259 
        H426  1 0.2935 0.3295 0.0311 0.0564 0.0520 0.0790 0.1584 
        H443  1 0.2712 0.0429 0.0385 0.0512 0.4994 0.0252 0.0716 
        H466  1 0.2166 0.1521 0.2158 0.0471 0.1537 0.1608 0.0539 
        H467  1 0.0438 0.6811 0.0274 0.0280 0.0273 0.1411 0.0513 
        H472  1 0.0688 0.0279 0.0582 0.7420 0.0370 0.0369 0.0292 
        H483  1 0.1983 0.1309 0.1178 0.0903 0.2766 0.0262 0.1600 
        H504  1 0.2310 0.0275 0.0831 0.1032 0.0634 0.0481 0.4437 
        H505  1 0.1329 0.0791 0.1131 0.0674 0.3334 0.1907 0.0834 
        H506  1 0.3569 0.0681 0.1258 0.1182 0.1052 0.1568 0.0691 
        H507  1 0.2595 0.0481 0.1111 0.0575 0.1459 0.1082 0.2695 
        H508  1 0.3231 0.1351 0.1009 0.0489 0.0726 0.2422 0.0772 
        H524  1 0.0796 0.0367 0.2215 0.0388 0.1223 0.2500 0.2511 
        H525  1 0.3049 0.0746 0.1481 0.1320 0.1749 0.1030 0.0625 
        H526  1 0.1302 0.0733 0.0831 0.3474 0.2724 0.0281 0.0655 
        H527  1 0.0877 0.0344 0.0626 0.1404 0.0676 0.5157 0.0916 
        H528  1 0.3629 0.1656 0.1708 0.0936 0.1129 0.0590 0.0351 
        H529  1 0.4217 0.0405 0.0385 0.0427 0.1265 0.1821 0.1479 
        H533  1 0.1244 0.0423 0.0339 0.0385 0.0623 0.5924 0.1062 
        H538  1 0.1161 0.0533 0.1609 0.4418 0.0867 0.0955 0.0456 
        H539  1 0.0296 0.0158 0.0273 0.0172 0.0420 0.0581 0.8099 
        H540  1 0.1852 0.1756 0.0650 0.1101 0.0768 0.0913 0.2960 
        H541  1 0.1016 0.0442 0.0968 0.0675 0.3395 0.3180 0.0324 
        H558  1 0.0718 0.0371 0.0471 0.0272 0.0264 0.0284 0.7620 
        H559  1 0.1216 0.0214 0.0717 0.2018 0.4465 0.0905 0.0465 
        H579  1 0.1450 0.0396 0.0482 0.0944 0.0718 0.0251 0.5758 
        H584  1 0.2899 0.2581 0.0750 0.1355 0.0665 0.0929 0.0820 
        H585  1 0.2528 0.2353 0.1034 0.0418 0.1488 0.1536 0.0642 
        H605  1 0.1025 0.0718 0.0709 0.0889 0.3608 0.1446 0.1604 
        H606  1 0.0581 0.0285 0.0330 0.3938 0.3843 0.0555 0.0467 
        H632  1 0.1978 0.2408 0.2257 0.1874 0.0503 0.0409 0.0571 
        H634  1 0.1378 0.0580 0.0693 0.1144 0.1972 0.1387 0.2846 
        H671  1 0.0703 0.0554 0.0712 0.5671 0.0697 0.1363 0.0300 
        H672  1 0.0393 0.0235 0.6983 0.0332 0.1018 0.0701 0.0338 
        H673  1 0.4008 0.0353 0.1291 0.0756 0.2790 0.0208 0.0595 
        H689  1 0.3208 0.2548 0.1646 0.0859 0.0883 0.0343 0.0513 
        H690  1 0.0833 0.1541 0.0311 0.0642 0.2735 0.2967 0.0971 
        H691  1 0.0809 0.1156 0.3757 0.0541 0.2600 0.0661 0.0476 
        H692  1 0.5414 0.0501 0.2582 0.0480 0.0443 0.0209 0.0372 
        H709  1 0.1147 0.0321 0.0822 0.0495 0.2403 0.4386 0.0426 
        H710  1 0.6562 0.0554 0.0891 0.0239 0.0862 0.0396 0.0496 
       H7355  1 0.1697 0.0750 0.0339 0.5452 0.0511 0.0641 0.0611 
       H7356  1 0.2304 0.1598 0.1040 0.0498 0.0453 0.2774 0.1335 
       H7357  1 0.0668 0.0687 0.0322 0.2316 0.3293 0.1369 0.1346 
       H7358  1 0.0734 0.0234 0.1869 0.3107 0.1945 0.0216 0.1895 
       H7380  1 0.2290 0.1523 0.0419 0.2591 0.1729 0.0976 0.0472 
       H7381  1 0.4556 0.0499 0.0628 0.1739 0.0793 0.1392 0.0392 
       H7382  1 0.2547 0.0716 0.2861 0.1606 0.0837 0.0433 0.1000 
        H904  1 0.0531 0.0877 0.0392 0.3428 0.3557 0.0717 0.0499 
        H923  1 0.2427 0.1539 0.1425 0.1564 0.0682 0.0702 0.1661 
        H924  1 0.1027 0.0684 0.0877 0.2343 0.2959 0.0382 0.1729 
        H925  1 0.0576 0.0235 0.1009 0.0297 0.6774 0.0256 0.0852 
       H9558  1 0.0400 0.0320 0.0366 0.0205 0.0228 0.0208 0.8273 
      H105.1  1 0.5328 0.1911 0.0590 0.0219 0.0674 0.0836 0.0441 
      H115.1  1 0.0543 0.0291 0.0369 0.0221 0.7501 0.0516 0.0559 
      H145.1  1 0.0606 0.0284 0.0301 0.7604 0.0531 0.0361 0.0312 
      H149.1  1 0.0293 0.0271 0.0448 0.0254 0.8250 0.0208 0.0276 
      H150.1  1 0.2264 0.0443 0.0259 0.0693 0.0331 0.0639 0.5372 
   H169607.1  1 0.1125 0.0326 0.1194 0.3282 0.1109 0.1938 0.1027 
   H169633.1  1 0.0597 0.0570 0.1752 0.1034 0.3746 0.0195 0.2106 
   H169688.1  1 0.1621 0.0239 0.3900 0.0628 0.2817 0.0322 0.0473 
   H171901.1  1 0.2140 0.0525 0.2931 0.1072 0.0650 0.1590 0.1091 
   H171902.1  1 0.0341 0.0315 0.0206 0.6930 0.0999 0.0340 0.0869 
   H171903.1  1 0.1840 0.0911 0.0660 0.1199 0.0555 0.4452 0.0382 
      H177.1  1 0.0957 0.0601 0.3607 0.0847 0.2988 0.0430 0.0571 
      H179.1  1 0.0716 0.0384 0.0778 0.1163 0.4358 0.1776 0.0825 
      H180.1  1 0.3951 0.1796 0.0511 0.0522 0.0889 0.1515 0.0816 
      H181.1  1 0.2492 0.2506 0.0552 0.0635 0.2358 0.0436 0.1022 
 H194.1_2004  1 0.3928 0.1383 0.1237 0.0509 0.0706 0.0558 0.1679 
 H195.1_2003  1 0.1979 0.0503 0.3458 0.0584 0.0459 0.1900 0.1119 
 H195.1_2004  1 0.0887 0.0630 0.2337 0.4115 0.1371 0.0314 0.0346 
      H415.1  1 0.1346 0.0615 0.0563 0.0645 0.5147 0.0538 0.1146 
      H506.1  1 0.2244 0.0297 0.0833 0.0573 0.4670 0.0983 0.0401 
      H533.1  1 0.0817 0.0276 0.0297 0.0541 0.5252 0.1482 0.1334 
      H535.1  1 0.1306 0.1920 0.0579 0.0771 0.2839 0.1770 0.0815 
      H539.1  1 0.0702 0.0401 0.0242 0.0611 0.0707 0.0268 0.7071 
      H540.1  1 0.0544 0.0320 0.0236 0.0468 0.0281 0.0693 0.7457 
     H9558.1  1 0.0335 0.0273 0.0385 0.0404 0.0222 0.0206 0.8175 
    kos339.1  1 0.0597 0.0441 0.0800 0.0794 0.5370 0.1714 0.0285 
        D023  2 0.0576 0.0196 0.0362 0.0164 0.2429 0.0163 0.6110 
        D130  2 0.0476 0.0425 0.0341 0.0263 0.0733 0.1650 0.6113 
        D131  2 0.1968 0.1333 0.0925 0.0534 0.4088 0.0821 0.0331 
        D163  2 0.1087 0.1000 0.0221 0.0440 0.0694 0.0772 0.5786 
        D164  2 0.0174 0.0135 0.2069 0.0145 0.0138 0.0108 0.7231 
        D165  2 0.1052 0.0400 0.0750 0.0227 0.1822 0.0381 0.5368 
        D166  2 0.1977 0.0857 0.0368 0.0730 0.0372 0.3956 0.1739 
        D167  2 0.0249 0.0249 0.8532 0.0230 0.0171 0.0218 0.0351 
        D192  2 0.0305 0.0315 0.8176 0.0227 0.0169 0.0288 0.0519 
        D193  2 0.2423 0.2667 0.0356 0.0910 0.0846 0.2083 0.0715 
        D206  2 0.1037 0.0765 0.1022 0.0349 0.5842 0.0266 0.0719 
        D207  2 0.1509 0.0632 0.6229 0.0261 0.0444 0.0601 0.0325 
        D208  2 0.0703 0.0487 0.0632 0.2314 0.0622 0.4854 0.0389 
        D209  2 0.3031 0.0272 0.2727 0.0233 0.0572 0.0268 0.2897 
        D210  2 0.0473 0.3045 0.1201 0.3430 0.0971 0.0547 0.0332 
     D229599  2 0.2022 0.0758 0.0682 0.0509 0.3479 0.1544 0.1007 
     D229600  2 0.0927 0.0736 0.2038 0.0302 0.0572 0.0688 0.4737 
     D237227  2 0.1108 0.0521 0.2547 0.2449 0.0580 0.0760 0.2035 
     D237228  2 0.1793 0.1119 0.1284 0.1939 0.0233 0.0264 0.3368 
     D237258  2 0.1931 0.1107 0.2343 0.0793 0.2229 0.0558 0.1038 
     D237310  2 0.1038 0.1877 0.1128 0.1220 0.0160 0.1312 0.3264 
     D237311  2 0.1111 0.0765 0.3162 0.0348 0.0289 0.0413 0.3913 
     D237312  2 0.1782 0.3303 0.0440 0.1464 0.0380 0.1538 0.1093 
     D237313  2 0.1005 0.1232 0.0279 0.1442 0.3424 0.0654 0.1964 
     D237322  2 0.2727 0.0814 0.0529 0.1662 0.0343 0.3542 0.0384 
     D237323  2 0.0882 0.0881 0.1654 0.1142 0.0247 0.1804 0.3391 
     D237324  2 0.4569 0.0624 0.1221 0.0222 0.0361 0.0959 0.2044 
     D237325  2 0.0975 0.1665 0.1310 0.1194 0.0409 0.2780 0.1667 
     D237326  2 0.0986 0.0413 0.0804 0.0436 0.0742 0.0324 0.6295 
     D237327  2 0.1727 0.1270 0.2265 0.0625 0.0401 0.3437 0.0274 
     D237337  2 0.1167 0.1192 0.0427 0.1137 0.0798 0.1226 0.4053 
     D237338  2 0.1316 0.2027 0.1402 0.0993 0.0612 0.2282 0.1367 
     D237339  2 0.1672 0.0372 0.2934 0.0224 0.0824 0.3415 0.0558 
     D237340  2 0.1192 0.0943 0.4086 0.1240 0.0299 0.0870 0.1371 
     D237389  2 0.1319 0.1036 0.0983 0.0371 0.0259 0.0517 0.5516 
     D237390  2 0.1555 0.3130 0.0765 0.0867 0.0593 0.2091 0.0999 
     D244017  2 0.0904 0.0241 0.6602 0.0738 0.0334 0.0686 0.0495 
     D244112  2 0.1291 0.0488 0.5368 0.0269 0.0190 0.0486 0.1909 
     D244118  2 0.0585 0.0316 0.2627 0.0145 0.0177 0.0910 0.5241 
     D244119  2 0.0406 0.0281 0.6032 0.2352 0.0346 0.0251 0.0331 
     D244120  2 0.1669 0.4230 0.2005 0.0663 0.0194 0.0539 0.0700 
     D244122  2 0.1147 0.0640 0.4197 0.0753 0.0728 0.0941 0.1594 
        D291  2 0.3621 0.1205 0.0786 0.0482 0.0750 0.2544 0.0613 
        D292  2 0.0869 0.0970 0.2054 0.0625 0.3428 0.0979 0.1074 
        D293  2 0.0265 0.0152 0.8712 0.0156 0.0335 0.0268 0.0112 
        D322  2 0.0740 0.0266 0.6563 0.0216 0.0979 0.0505 0.0731 
        D323  2 0.2099 0.0391 0.4040 0.0709 0.1445 0.0809 0.0508 
        D324  2 0.1479 0.3668 0.0785 0.0878 0.1794 0.0384 0.1012 
        D325  2 0.0277 0.0351 0.8589 0.0122 0.0293 0.0216 0.0151 
        D326  2 0.0503 0.0237 0.0274 0.0190 0.8520 0.0154 0.0121 
        D340  2 0.0249 0.0372 0.8590 0.0218 0.0235 0.0122 0.0214 
        D341  2 0.0435 0.2817 0.3579 0.0683 0.0418 0.1660 0.0407 
        D342  2 0.1282 0.1893 0.0325 0.0256 0.0350 0.0300 0.5593 
        D343  2 0.0149 0.0128 0.9275 0.0094 0.0117 0.0127 0.0111 
        D344  2 0.2172 0.0811 0.0641 0.0401 0.4326 0.0444 0.1205 
        D345  2 0.1096 0.0274 0.0369 0.0447 0.1644 0.0465 0.5705 
        D346  2 0.0592 0.0879 0.1836 0.5485 0.0718 0.0183 0.0307 
        D351  2 0.2523 0.0615 0.1146 0.0363 0.3450 0.1482 0.0422 
        D352  2 0.4404 0.0326 0.2170 0.1348 0.0722 0.0534 0.0497 
        D353  2 0.6114 0.0240 0.0762 0.0392 0.1958 0.0345 0.0188 
        D354  2 0.1809 0.0315 0.0334 0.1508 0.3664 0.0294 0.2076 
        D362  2 0.0449 0.0171 0.0468 0.0268 0.7848 0.0325 0.0471 
        D363  2 0.0467 0.0148 0.0598 0.0314 0.7884 0.0235 0.0354 
        D364  2 0.0807 0.0295 0.0378 0.0265 0.6689 0.0175 0.1390 
        D365  2 0.0130 0.0130 0.9260 0.0118 0.0146 0.0120 0.0095 
        D369  2 0.0681 0.0732 0.5707 0.0525 0.1848 0.0220 0.0288 
        D374  2 0.1034 0.0477 0.0445 0.6057 0.0571 0.0441 0.0975 
        D375  2 0.4190 0.0362 0.0613 0.0452 0.2318 0.0578 0.1489 
        D376  2 0.1287 0.1290 0.0909 0.4326 0.0681 0.0387 0.1120 
        D377  2 0.1329 0.1992 0.0598 0.2560 0.1305 0.0565 0.1651 
        D378  2 0.0843 0.0358 0.3223 0.0255 0.4005 0.0856 0.0460 
        D379  2 0.0537 0.0370 0.0193 0.0265 0.8091 0.0264 0.0279 
        D384  2 0.0215 0.0217 0.0155 0.0309 0.8736 0.0177 0.0191 
        D385  2 0.0252 0.0200 0.8612 0.0344 0.0207 0.0196 0.0189 
        D386  2 0.0788 0.0297 0.0846 0.0384 0.5835 0.0592 0.1258 
        D391  2 0.0230 0.0184 0.8537 0.0220 0.0284 0.0377 0.0169 
        D392  2 0.0364 0.0210 0.7732 0.0290 0.0448 0.0192 0.0765 
        D393  2 0.0561 0.1344 0.1025 0.0296 0.5811 0.0546 0.0417 
        D394  2 0.2236 0.0939 0.1363 0.0481 0.0962 0.0956 0.3063 
        D395  2 0.0795 0.0236 0.8004 0.0211 0.0264 0.0280 0.0210 
        D401  2 0.1532 0.0450 0.1475 0.0428 0.0306 0.0181 0.5628 
        D402  2 0.0461 0.0596 0.7429 0.0479 0.0259 0.0410 0.0367 
        D403  2 0.1894 0.0398 0.0168 0.0236 0.5937 0.0793 0.0573 
        D415  2 0.2218 0.0559 0.0799 0.0240 0.5559 0.0345 0.0279 
        D435  2 0.0873 0.0856 0.3854 0.0350 0.3190 0.0331 0.0547 
        D436  2 0.1870 0.0910 0.0571 0.1158 0.2983 0.2093 0.0416 
        D438  2 0.0178 0.0251 0.8497 0.0388 0.0195 0.0169 0.0323 
        D439  2 0.4198 0.0472 0.0620 0.0273 0.2202 0.0496 0.1739 
        D449  2 0.3676 0.2087 0.1615 0.0270 0.1480 0.0152 0.0719 
        D450  2 0.1395 0.0710 0.0258 0.4967 0.1297 0.0753 0.0620 
        D456  2 0.0408 0.0230 0.0161 0.0193 0.8649 0.0194 0.0165 
        D462  2 0.0311 0.0159 0.8533 0.0188 0.0315 0.0314 0.0180 
        D463  2 0.0366 0.0188 0.0148 0.0231 0.8727 0.0172 0.0167 
        D464  2 0.4157 0.0267 0.3006 0.0623 0.1076 0.0618 0.0252 
        D465  2 0.0365 0.0255 0.8153 0.0289 0.0455 0.0200 0.0282 
        D473  2 0.0338 0.0504 0.0406 0.7486 0.0316 0.0525 0.0424 
        D474  2 0.0611 0.1239 0.0900 0.0520 0.5747 0.0309 0.0674 
        D476  2 0.1858 0.0522 0.1496 0.0225 0.0904 0.2625 0.2370 
        D477  2 0.1045 0.0868 0.0649 0.2047 0.4302 0.0509 0.0579 
        D478  2 0.4235 0.0379 0.0945 0.0900 0.1414 0.0625 0.1503 
        D480  2 0.0607 0.1203 0.1873 0.0649 0.3820 0.1659 0.0189 
        D481  2 0.1431 0.0398 0.2157 0.0615 0.2093 0.0580 0.2725 
        D482  2 0.2284 0.1412 0.0859 0.2574 0.0524 0.1277 0.1070 
        D483  2 0.0224 0.0201 0.8759 0.0187 0.0207 0.0236 0.0187 
        D484  2 0.2671 0.0520 0.2004 0.1241 0.0331 0.2386 0.0846 
        D510  2 0.0815 0.0843 0.0427 0.6450 0.0408 0.0740 0.0318 
        D511  2 0.1072 0.0340 0.4380 0.0392 0.2466 0.0888 0.0463 
        D512  2 0.0885 0.0695 0.5018 0.0259 0.0226 0.0341 0.2577 
        D513  2 0.0859 0.0638 0.4778 0.1320 0.1252 0.0412 0.0741 
        D635  2 0.1222 0.0282 0.1593 0.0282 0.4301 0.0308 0.2012 
        D636  2 0.0241 0.0127 0.0156 0.0202 0.0276 0.0151 0.8847 
        D637  2 0.1213 0.2465 0.2556 0.1513 0.0562 0.1073 0.0617 
        D658  2 0.0564 0.0875 0.5879 0.0755 0.0359 0.0911 0.0657 
        D659  2 0.1732 0.1628 0.0394 0.0739 0.4298 0.0591 0.0619 
        D677  2 0.0774 0.1803 0.0453 0.0300 0.4750 0.1419 0.0502 
        D678  2 0.2069 0.0345 0.4086 0.0303 0.0271 0.0270 0.2657 
        D679  2 0.1195 0.2135 0.0673 0.1141 0.3986 0.0464 0.0405 
        D719  2 0.0521 0.0338 0.3748 0.2064 0.2258 0.0772 0.0300 
        D720  2 0.0687 0.0292 0.0810 0.0810 0.6077 0.0658 0.0666 
        D721  2 0.0896 0.0346 0.0878 0.0429 0.1774 0.0447 0.5230 
        D722  2 0.1920 0.0531 0.1401 0.3489 0.0653 0.0686 0.1320 
        D734  2 0.0628 0.0489 0.3170 0.3319 0.0436 0.1747 0.0210 
        D735  2 0.1048 0.0872 0.0854 0.0726 0.4803 0.0792 0.0904 
        D736  2 0.1030 0.2433 0.1046 0.3249 0.1038 0.0415 0.0788 
        D737  2 0.0659 0.0857 0.4072 0.0283 0.0360 0.2706 0.1063 
        D807  2 0.0699 0.1484 0.1216 0.2256 0.2765 0.0953 0.0627 
        D808  2 0.1464 0.2195 0.3312 0.0307 0.0749 0.0808 0.1164 
        D817  2 0.1654 0.0235 0.0470 0.0773 0.5386 0.0609 0.0874 
        D818  2 0.1573 0.1786 0.3693 0.0450 0.1130 0.1085 0.0282 
        D819  2 0.2196 0.0538 0.2689 0.0528 0.2859 0.0411 0.0778 
        D820  2 0.0576 0.0515 0.1458 0.0370 0.4280 0.2596 0.0206 
        D895  2 0.2940 0.0488 0.0517 0.0833 0.2501 0.0469 0.2253 
        D896  2 0.0507 0.0545 0.0655 0.0541 0.0264 0.0552 0.6936 
        D897  2 0.1756 0.3648 0.0907 0.0443 0.0412 0.0922 0.1911 
        D898  2 0.3494 0.1699 0.0468 0.0678 0.0521 0.1693 0.1448 
        D918  2 0.1305 0.2438 0.1630 0.1545 0.0603 0.1719 0.0760 
        D919  2 0.2557 0.0390 0.1802 0.0248 0.3405 0.1071 0.0527 
        D920  2 0.0447 0.0460 0.0219 0.0284 0.0289 0.1399 0.6904 
        D923  2 0.0599 0.0222 0.0472 0.0355 0.7829 0.0204 0.0318 
        D930  2 0.0944 0.0935 0.0276 0.5300 0.1680 0.0297 0.0568 
        D931  2 0.0563 0.0459 0.5714 0.0481 0.1999 0.0424 0.0362 
        D968  2 0.0393 0.0248 0.8442 0.0206 0.0304 0.0191 0.0216 
        D969  2 0.1207 0.1502 0.2618 0.0307 0.3584 0.0510 0.0272 
        D977  2 0.0449 0.0640 0.7859 0.0274 0.0264 0.0318 0.0196 
        D978  2 0.2119 0.3488 0.0689 0.0506 0.1213 0.1786 0.0199 
        H008  2 0.2130 0.0306 0.0749 0.0890 0.4928 0.0360 0.0637 
        H021  2 0.0689 0.4372 0.1526 0.0599 0.0910 0.0991 0.0913 
        H023  2 0.0404 0.0350 0.0287 0.1148 0.4452 0.2610 0.0749 
        H024  2 0.3320 0.2555 0.1628 0.0356 0.0361 0.0269 0.1511 
        H025  2 0.2947 0.0725 0.0984 0.1525 0.1979 0.0672 0.1169 
        H026  2 0.3117 0.0831 0.2533 0.0264 0.2717 0.0197 0.0340 
        H027  2 0.0602 0.0823 0.4008 0.0601 0.1685 0.1827 0.0454 
        H028  2 0.2387 0.1394 0.0802 0.0759 0.1414 0.0398 0.2847 
        H029  2 0.1369 0.0261 0.3859 0.0331 0.2856 0.0470 0.0855 
        H030  2 0.0335 0.0395 0.8172 0.0202 0.0212 0.0380 0.0304 
        H038  2 0.0474 0.0417 0.0303 0.0326 0.1699 0.2499 0.4282 
        H039  2 0.0485 0.0454 0.0197 0.7379 0.0417 0.0582 0.0487 
        H040  2 0.0322 0.0195 0.0223 0.0175 0.0434 0.7916 0.0734 
        H041  2 0.1011 0.0710 0.3446 0.0730 0.3307 0.0360 0.0436 
        H042  2 0.1129 0.0398 0.0422 0.4326 0.0712 0.1160 0.1853 
        H043  2 0.0302 0.0211 0.0189 0.0410 0.0302 0.0432 0.8153 
        H044  2 0.1954 0.1111 0.0931 0.1059 0.0262 0.0226 0.4456 
        H047  2 0.0410 0.0731 0.0313 0.0619 0.0608 0.0452 0.6867 
        H050  2 0.0899 0.0360 0.6077 0.0435 0.0507 0.1258 0.0463 
        H058  2 0.1959 0.1561 0.0995 0.0320 0.0962 0.1400 0.2804 
        H062  2 0.0570 0.0579 0.0245 0.4048 0.1994 0.0564 0.2001 
        H063  2 0.0957 0.0595 0.3713 0.0551 0.1044 0.1265 0.1875 
        H065  2 0.0491 0.0225 0.0151 0.0490 0.8158 0.0204 0.0281 
        H066  2 0.0747 0.0996 0.0756 0.0165 0.0400 0.0764 0.6171 
        H067  2 0.1244 0.2458 0.0761 0.2623 0.1286 0.1100 0.0527 
        H068  2 0.1079 0.1393 0.1357 0.3475 0.0542 0.1532 0.0622 
        H069  2 0.0673 0.0158 0.4537 0.0343 0.0492 0.1416 0.2382 
        H071  2 0.0802 0.0684 0.0629 0.0840 0.5499 0.1189 0.0358 
        H072  2 0.0836 0.0459 0.0747 0.6181 0.0507 0.0633 0.0638 
        H073  2 0.3028 0.0622 0.0879 0.0309 0.1767 0.2641 0.0754 
        H081  2 0.0836 0.0420 0.0475 0.4071 0.3309 0.0632 0.0257 
        H082  2 0.0743 0.0241 0.5999 0.0202 0.0720 0.0241 0.1853 
        H083  2 0.0504 0.0391 0.7684 0.0231 0.0506 0.0269 0.0415 
        H084  2 0.1425 0.2488 0.1136 0.0866 0.0531 0.2364 0.1189 
        H085  2 0.0537 0.0255 0.5295 0.1170 0.2166 0.0363 0.0214 
        H087  2 0.0935 0.1905 0.0590 0.1935 0.3824 0.0369 0.0443 
        H088  2 0.0946 0.0580 0.1062 0.1166 0.4434 0.0946 0.0866 
        H089  2 0.1523 0.0650 0.1829 0.1759 0.1994 0.0996 0.1250 
        H090  2 0.0206 0.0608 0.8281 0.0262 0.0297 0.0141 0.0204 
        H091  2 0.0295 0.0203 0.8120 0.0339 0.0367 0.0523 0.0152 
        H098  2 0.2244 0.2109 0.1080 0.0711 0.1563 0.0966 0.1329 
      H10001  2 0.0222 0.0335 0.0216 0.8318 0.0239 0.0380 0.0291 
      H10002  2 0.0602 0.0601 0.0486 0.0954 0.4172 0.1916 0.1269 
        H101  2 0.0490 0.0341 0.7201 0.0274 0.0230 0.1030 0.0435 
        H108  2 0.0631 0.0368 0.0158 0.6313 0.1863 0.0469 0.0199 
        H109  2 0.2054 0.1047 0.1028 0.0502 0.0807 0.1672 0.2890 
        H110  2 0.1468 0.0491 0.0893 0.0902 0.5406 0.0395 0.0444 
        H116  2 0.4219 0.0519 0.1103 0.0518 0.1737 0.0950 0.0954 
        H117  2 0.0856 0.2095 0.4058 0.0342 0.1431 0.0926 0.0292 
        H118  2 0.0963 0.0324 0.6100 0.0285 0.1906 0.0176 0.0246 
        H119  2 0.1412 0.0769 0.0754 0.0870 0.4273 0.1427 0.0495 
        H120  2 0.0480 0.0237 0.0196 0.7155 0.1085 0.0425 0.0423 
        H121  2 0.0230 0.0145 0.8865 0.0260 0.0221 0.0154 0.0126 
        H125  2 0.0531 0.0975 0.0258 0.3080 0.0252 0.4666 0.0239 
        H126  2 0.2612 0.0275 0.0293 0.1343 0.0784 0.0293 0.4401 
        H128  2 0.0139 0.0095 0.9330 0.0099 0.0116 0.0122 0.0098 
        H129  2 0.2350 0.4912 0.0475 0.0244 0.1026 0.0527 0.0466 
        H130  2 0.0424 0.0383 0.0218 0.8166 0.0179 0.0285 0.0346 
        H133  2 0.1185 0.0621 0.0745 0.5634 0.0261 0.0989 0.0564 
        H134  2 0.4305 0.0294 0.0361 0.0215 0.4182 0.0187 0.0458 
        H135  2 0.0920 0.0245 0.1275 0.0804 0.5227 0.0704 0.0825 
        H137  2 0.1107 0.4511 0.1778 0.0316 0.0540 0.1190 0.0557 
        H138  2 0.4198 0.2118 0.0578 0.0428 0.1267 0.0718 0.0693 
        H140  2 0.0912 0.3312 0.3791 0.0917 0.0381 0.0277 0.0410 
        H146  2 0.0366 0.0235 0.8157 0.0221 0.0478 0.0389 0.0154 
        H147  2 0.2420 0.0561 0.3886 0.0284 0.1461 0.1073 0.0315 
        H148  2 0.0570 0.5400 0.0985 0.0637 0.1386 0.0431 0.0591 
     H166022  2 0.2242 0.1035 0.1482 0.0897 0.0726 0.2623 0.0995 
     H167359  2 0.2724 0.0998 0.1007 0.0941 0.1163 0.1751 0.1416 
     H167397  2 0.4956 0.0395 0.2444 0.0270 0.0673 0.0484 0.0779 
     H167428  2 0.0731 0.0238 0.5160 0.0223 0.3209 0.0136 0.0302 
     H167496  2 0.0818 0.0667 0.1265 0.1543 0.1958 0.3416 0.0334 
     H167513  2 0.0348 0.0611 0.0291 0.0318 0.0216 0.0604 0.7613 
     H167545  2 0.0387 0.0232 0.0211 0.0311 0.0397 0.0949 0.7513 
     H167547  2 0.5335 0.1421 0.1243 0.0304 0.0219 0.1123 0.0356 
     H169621  2 0.0624 0.1417 0.6591 0.0232 0.0195 0.0590 0.0352 
     H169622  2 0.2760 0.0347 0.0747 0.1146 0.2173 0.0611 0.2216 
     H169750  2 0.0823 0.0266 0.6406 0.0743 0.0245 0.1242 0.0275 
     H171806  2 0.0878 0.0440 0.5628 0.0893 0.0963 0.0953 0.0245 
     H171808  2 0.0667 0.0218 0.0518 0.2472 0.3665 0.0386 0.2075 
     H171809  2 0.1252 0.0517 0.0441 0.4371 0.2194 0.0615 0.0610 
     H171813  2 0.0614 0.4996 0.0349 0.0690 0.0358 0.1654 0.1339 
     H171815  2 0.0579 0.0566 0.0312 0.0409 0.1079 0.0965 0.6090 
     H171824  2 0.0585 0.1694 0.1063 0.2702 0.2060 0.1679 0.0218 
     H171825  2 0.1267 0.0393 0.0342 0.5144 0.0710 0.1142 0.1001 
     H171826  2 0.0986 0.0984 0.0755 0.0836 0.5095 0.0563 0.0780 
     H171827  2 0.1285 0.0860 0.0724 0.0341 0.1379 0.3615 0.1797 
     H171828  2 0.0366 0.0650 0.0417 0.6782 0.0757 0.0774 0.0254 
     H171829  2 0.1583 0.0605 0.0345 0.1035 0.0199 0.5641 0.0594 
     H171830  2 0.2057 0.0328 0.1391 0.0808 0.3043 0.1208 0.1164 
     H171831  2 0.3406 0.2516 0.0990 0.0705 0.0456 0.0402 0.1525 
     H171832  2 0.2040 0.0344 0.0674 0.0970 0.0583 0.0367 0.5022 
     H171863  2 0.0792 0.0156 0.5321 0.0206 0.0502 0.0371 0.2652 
     H171864  2 0.1269 0.0962 0.1432 0.1350 0.2828 0.0745 0.1414 
     H171865  2 0.0497 0.0237 0.0706 0.0460 0.4508 0.0750 0.2842 
     H171879  2 0.1660 0.4896 0.1573 0.0292 0.0411 0.0581 0.0586 
     H171880  2 0.1164 0.0579 0.3715 0.0286 0.0310 0.3185 0.0761 
     H171881  2 0.1150 0.4561 0.1084 0.0537 0.1345 0.0625 0.0698 
     H171882  2 0.0603 0.0329 0.0325 0.6173 0.0746 0.1115 0.0709 
     H171929  2 0.1401 0.0856 0.3141 0.1358 0.2139 0.0231 0.0874 
     H171930  2 0.0333 0.0265 0.0536 0.0214 0.0271 0.0322 0.8060 
     H171933  2 0.1717 0.3170 0.1622 0.0750 0.0324 0.2014 0.0403 
     H171934  2 0.1162 0.1629 0.0427 0.1878 0.2133 0.1973 0.0799 
     H171937  2 0.5056 0.0617 0.0422 0.0366 0.0699 0.0569 0.2270 
     H171962  2 0.1155 0.1062 0.0787 0.0380 0.2438 0.0239 0.3938 
        H190  2 0.2411 0.3630 0.1487 0.0256 0.0816 0.0774 0.0626 
        H191  2 0.1560 0.2499 0.0871 0.0853 0.1539 0.0456 0.2221 
        H396  2 0.0475 0.0284 0.0748 0.0624 0.7256 0.0381 0.0231 
        H397  2 0.0923 0.0287 0.0657 0.1171 0.0460 0.6242 0.0260 
        H398  2 0.0474 0.0551 0.0327 0.1145 0.6576 0.0340 0.0587 
        H400  2 0.0677 0.0348 0.0523 0.1472 0.4611 0.0417 0.1952 
        H401  2 0.2156 0.5122 0.1207 0.0285 0.0179 0.0577 0.0475 
        H402  2 0.1209 0.0675 0.1275 0.0194 0.1977 0.1815 0.2854 
        H427  2 0.1140 0.0786 0.0439 0.0413 0.6348 0.0486 0.0388 
        H428  2 0.0777 0.0198 0.4732 0.0192 0.3698 0.0144 0.0259 
        H497  2 0.0566 0.0268 0.0373 0.0391 0.0441 0.0459 0.7502 
        H512  2 0.1972 0.2190 0.1859 0.0279 0.1221 0.1877 0.0602 
        H513  2 0.0420 0.0430 0.0358 0.0325 0.0225 0.0503 0.7738 
        H514  2 0.2756 0.0637 0.3002 0.0345 0.0995 0.0333 0.1931 
        H519  2 0.0679 0.0792 0.0453 0.0350 0.0270 0.0902 0.6555 
        H532  2 0.0526 0.0523 0.1138 0.0281 0.6831 0.0250 0.0451 
        H543  2 0.1843 0.1392 0.3113 0.0392 0.1238 0.0517 0.1506 
        H544  2 0.1046 0.0180 0.2381 0.4678 0.0279 0.0257 0.1179 
        H545  2 0.0258 0.0194 0.0240 0.0231 0.0294 0.0606 0.8177 
        H546  2 0.1099 0.1306 0.0405 0.0943 0.2800 0.0563 0.2884 
        H547  2 0.5909 0.1189 0.1103 0.0274 0.0197 0.1028 0.0300 
        H548  2 0.1243 0.0569 0.0581 0.2783 0.1815 0.0884 0.2123 
        H549  2 0.0128 0.0123 0.0176 0.0154 0.0166 0.0585 0.8669 
        H620  2 0.0680 0.1064 0.0287 0.2739 0.1808 0.2525 0.0897 
        H623  2 0.1183 0.0916 0.0426 0.0316 0.0340 0.0767 0.6052 
        H624  2 0.0555 0.0145 0.0304 0.0536 0.0325 0.0543 0.7592 
        H625  2 0.0813 0.0353 0.0723 0.1997 0.3462 0.0501 0.2150 
        H626  2 0.1785 0.0653 0.0537 0.0933 0.0720 0.1742 0.3629 
        H654  2 0.0279 0.0368 0.0174 0.0428 0.0456 0.2130 0.6165 
        H655  2 0.1568 0.1017 0.0756 0.2441 0.0444 0.2392 0.1382 
        H656  2 0.0498 0.0239 0.0261 0.7358 0.0958 0.0324 0.0362 
        H666  2 0.1151 0.1633 0.2528 0.2766 0.0589 0.0716 0.0618 
        H667  2 0.1260 0.0380 0.0498 0.0520 0.2389 0.1249 0.3703 
        H677  2 0.1366 0.0514 0.0872 0.0628 0.4486 0.1451 0.0683 
        H693  2 0.0556 0.1254 0.0297 0.4520 0.2247 0.0561 0.0565 
        H694  2 0.1937 0.0708 0.1198 0.0796 0.0421 0.0220 0.4720 
        H701  2 0.2419 0.1483 0.2496 0.0376 0.0938 0.0950 0.1339 
        H702  2 0.1253 0.1112 0.1058 0.2367 0.1245 0.1754 0.1210 
        H731  2 0.0866 0.0394 0.4198 0.2613 0.0410 0.1239 0.0281 
       H7359  2 0.2799 0.1083 0.1060 0.0950 0.1040 0.1945 0.1123 
       H7389  2 0.0823 0.1345 0.2467 0.0331 0.3720 0.0440 0.0874 
       H7390  2 0.0515 0.3445 0.0456 0.0931 0.0408 0.3920 0.0325 
       H7391  2 0.0797 0.2199 0.0711 0.0755 0.4530 0.0735 0.0273 
       H7392  2 0.1020 0.1924 0.4065 0.0614 0.0765 0.1194 0.0418 
       H7393  2 0.0927 0.3281 0.0938 0.0863 0.0360 0.2635 0.0996 
       H7398  2 0.1198 0.0640 0.2617 0.0926 0.3652 0.0628 0.0339 
       H7399  2 0.1598 0.0751 0.2484 0.0314 0.2754 0.0762 0.1338 
       H7400  2 0.0630 0.0689 0.0188 0.3486 0.0736 0.1345 0.2927 
        H745  2 0.5745 0.0806 0.1919 0.0358 0.0495 0.0169 0.0507 
        H746  2 0.1297 0.0253 0.0608 0.0265 0.3712 0.0498 0.3367 
        H747  2 0.0754 0.0759 0.0682 0.2208 0.0673 0.4355 0.0568 
        H748  2 0.1159 0.0458 0.1543 0.0730 0.0892 0.1619 0.3598 
       H7484  2 0.1493 0.0780 0.0256 0.5022 0.0761 0.1331 0.0356 
       H7485  2 0.0442 0.0240 0.0481 0.0194 0.0428 0.0228 0.7988 
        H749  2 0.0530 0.0185 0.0273 0.0663 0.0620 0.0227 0.7501 
        H930  2 0.0732 0.0352 0.0837 0.0223 0.0265 0.0487 0.7105 
        H931  2 0.1280 0.0394 0.1603 0.1523 0.4504 0.0243 0.0453 
        H932  2 0.1361 0.0539 0.1005 0.0552 0.5172 0.0956 0.0415 
      H008.1  2 0.0468 0.0186 0.0371 0.0419 0.7884 0.0303 0.0369 
 H029.1_2002  2 0.2597 0.0335 0.0800 0.0351 0.3616 0.0243 0.2058 
 H029.1_2003  2 0.1980 0.0371 0.0830 0.0404 0.5655 0.0366 0.0393 
      H030.1  2 0.2103 0.2463 0.1729 0.0535 0.0863 0.1976 0.0332 
      H038.1  2 0.0537 0.0262 0.0346 0.1008 0.6658 0.0222 0.0966 
      H041.1  2 0.0188 0.0142 0.8891 0.0163 0.0283 0.0185 0.0147 
 H042.1_2002  2 0.0274 0.0358 0.8017 0.0481 0.0278 0.0367 0.0224 
 H042.1_2003  2 0.2385 0.0464 0.0742 0.0893 0.1573 0.2467 0.1476 
   H042_2002  2 0.1312 0.0464 0.0470 0.4030 0.0943 0.1266 0.1515 
   H042_2003  2 0.1080 0.0490 0.0452 0.4167 0.0947 0.1146 0.1718 
      H043.1  2 0.0209 0.0136 0.0223 0.0198 0.0321 0.0298 0.8615 
      H047.1  2 0.0704 0.0322 0.0229 0.0425 0.1462 0.0635 0.6222 
 H071.1_2002  2 0.1481 0.0348 0.0362 0.0430 0.5599 0.0436 0.1343 
 H071.1_2003  2 0.2893 0.0466 0.0720 0.1553 0.3004 0.0672 0.0694 
 H081.1_2002  2 0.1645 0.0328 0.0300 0.0483 0.6573 0.0167 0.0504 
 H081.1_2003  2 0.0734 0.1135 0.0649 0.0675 0.3858 0.0581 0.2368 
      H083.1  2 0.1567 0.0438 0.3088 0.0149 0.2959 0.0366 0.1433 
      H084.1  2 0.1436 0.3321 0.0320 0.0261 0.0397 0.0418 0.3846 
 H085.1_2002  2 0.0771 0.0257 0.3318 0.0948 0.3852 0.0185 0.0668 
 H085.1_2003  2 0.0357 0.0226 0.7316 0.0268 0.1392 0.0245 0.0196 
      H088.1  2 0.0351 0.0508 0.7592 0.0216 0.0854 0.0244 0.0235 
      H091.1  2 0.0139 0.0109 0.9239 0.0112 0.0122 0.0170 0.0109 
      H109.1  2 0.1046 0.0971 0.0452 0.0318 0.0620 0.0902 0.5691 
      H126.1  2 0.1789 0.0499 0.0481 0.2244 0.0523 0.2565 0.1898 
