        D174  1 0.1007 0.0512 0.0725 0.1680 0.4617 0.0935 0.0524 
        D199  1 0.3837 0.0764 0.0629 0.2516 0.0601 0.0319 0.1333 
        D203  1 0.1669 0.0777 0.1607 0.2392 0.0515 0.1888 0.1153 
        D204  1 0.0846 0.0433 0.1951 0.5829 0.0296 0.0244 0.0402 
     D237366  1 0.0405 0.0792 0.4423 0.0655 0.0761 0.2178 0.0785 
     D237367  1 0.2109 0.0681 0.3651 0.1786 0.0659 0.0278 0.0837 
     D237368  1 0.2057 0.4126 0.0382 0.1383 0.0527 0.0493 0.1032 
     D244101  1 0.3844 0.0307 0.0484 0.3459 0.0225 0.0750 0.0930 
     D244102  1 0.0787 0.1320 0.3945 0.0725 0.0735 0.0531 0.1956 
     D244103  1 0.0429 0.0769 0.0605 0.2979 0.0761 0.2308 0.2150 
     D244104  1 0.0434 0.0512 0.0295 0.7201 0.0712 0.0392 0.0455 
     D244105  1 0.0406 0.2270 0.0832 0.1264 0.0193 0.1957 0.3077 
     D244106  1 0.1333 0.0387 0.0882 0.0929 0.2601 0.3204 0.0664 
     D244107  1 0.0516 0.5768 0.0264 0.0668 0.0196 0.0400 0.2188 
     D244108  1 0.1112 0.3668 0.1638 0.0850 0.1402 0.0431 0.0899 
     D244113  1 0.0273 0.0521 0.0378 0.0279 0.7797 0.0171 0.0580 
     D244114  1 0.0376 0.0514 0.1102 0.0697 0.0931 0.3501 0.2880 
     D244115  1 0.0611 0.0850 0.0368 0.2460 0.3519 0.0691 0.1500 
     D267365  1 0.0806 0.0502 0.1004 0.4667 0.1704 0.0490 0.0827 
        D404  1 0.1615 0.0359 0.2084 0.0266 0.4404 0.0397 0.0875 
        D405  1 0.1525 0.0761 0.2106 0.1326 0.1781 0.0544 0.1958 
        D406  1 0.0287 0.7838 0.0544 0.0483 0.0280 0.0298 0.0270 
        D407  1 0.4568 0.0655 0.0229 0.2499 0.0437 0.0268 0.1343 
        D408  1 0.0471 0.0211 0.0347 0.0474 0.7108 0.0841 0.0548 
        D409  1 0.0549 0.0611 0.0450 0.1198 0.0435 0.2224 0.4534 
        D410  1 0.0204 0.7312 0.0378 0.0702 0.0496 0.0289 0.0619 
        D421  1 0.2017 0.0145 0.0158 0.6971 0.0317 0.0152 0.0239 
        D422  1 0.0182 0.7139 0.0237 0.0262 0.0184 0.1252 0.0744 
        D423  1 0.2053 0.6061 0.0267 0.0465 0.0279 0.0264 0.0612 
        D424  1 0.0398 0.0431 0.0242 0.6660 0.0434 0.0196 0.1639 
        D425  1 0.0976 0.0379 0.1639 0.2972 0.1859 0.0373 0.1801 
        D426  1 0.0645 0.0281 0.0143 0.0533 0.0286 0.4611 0.3502 
        D427  1 0.5542 0.0198 0.0180 0.2706 0.0773 0.0262 0.0339 
        D428  1 0.0888 0.1830 0.2283 0.1206 0.1677 0.0224 0.1892 
        D429  1 0.0622 0.0306 0.0983 0.3784 0.1722 0.1512 0.1070 
        D430  1 0.2563 0.0322 0.1119 0.1016 0.1273 0.1973 0.1734 
        D491  1 0.0440 0.0501 0.0267 0.0845 0.7136 0.0278 0.0533 
        D492  1 0.1757 0.0544 0.0585 0.3192 0.2440 0.0388 0.1093 
        D537  1 0.0695 0.0680 0.0851 0.5831 0.0579 0.0258 0.1106 
        D538  1 0.2076 0.2202 0.1196 0.0474 0.1073 0.0423 0.2556 
        D539  1 0.0314 0.1082 0.1279 0.0556 0.1918 0.3831 0.1021 
        D540  1 0.0514 0.0606 0.0338 0.2135 0.1086 0.0537 0.4785 
        D541  1 0.0376 0.0196 0.0195 0.8492 0.0152 0.0187 0.0403 
        D551  1 0.0322 0.0650 0.0324 0.0383 0.0320 0.6014 0.1988 
        D552  1 0.0503 0.5154 0.0355 0.1641 0.0907 0.0689 0.0750 
        D553  1 0.0143 0.0208 0.0175 0.8684 0.0217 0.0228 0.0345 
        D615  1 0.0635 0.1777 0.0589 0.3559 0.1250 0.0984 0.1206 
        D616  1 0.2035 0.1786 0.0218 0.2424 0.0642 0.1104 0.1791 
        D621  1 0.0247 0.6454 0.0306 0.0217 0.1966 0.0338 0.0472 
        D622  1 0.0413 0.5601 0.0674 0.0498 0.0632 0.1194 0.0988 
        D623  1 0.6642 0.0347 0.0863 0.0359 0.1037 0.0186 0.0567 
        D624  1 0.0426 0.0261 0.0335 0.1651 0.5823 0.0660 0.0843 
        D625  1 0.0374 0.0602 0.0668 0.6033 0.1569 0.0328 0.0426 
        D626  1 0.0367 0.0750 0.2290 0.1518 0.3727 0.0542 0.0805 
        D627  1 0.0365 0.0204 0.0293 0.1203 0.0397 0.3563 0.3976 
        D690  1 0.0177 0.0678 0.0468 0.6397 0.1780 0.0214 0.0286 
        D691  1 0.0663 0.2740 0.1028 0.1051 0.0364 0.3774 0.0380 
        D710  1 0.1882 0.1345 0.0522 0.2469 0.1483 0.0365 0.1934 
        D711  1 0.0462 0.0903 0.3822 0.3363 0.0718 0.0309 0.0424 
        D712  1 0.1032 0.0764 0.1418 0.0573 0.4947 0.0432 0.0833 
        D713  1 0.0398 0.0773 0.1046 0.1631 0.4013 0.0421 0.1719 
        D746  1 0.0241 0.7532 0.0266 0.0649 0.0371 0.0578 0.0365 
        D747  1 0.0450 0.0174 0.0475 0.8194 0.0248 0.0187 0.0272 
        D748  1 0.0511 0.1061 0.1743 0.2682 0.0908 0.2347 0.0747 
        D749  1 0.0430 0.4742 0.0307 0.0454 0.1048 0.0999 0.2020 
        D750  1 0.0422 0.0569 0.0242 0.2274 0.5659 0.0447 0.0388 
        D763  1 0.1800 0.1776 0.0827 0.1581 0.0841 0.1182 0.1993 
        D764  1 0.0406 0.0585 0.0143 0.7024 0.1151 0.0235 0.0456 
        D765  1 0.0243 0.4391 0.0475 0.0417 0.0801 0.1088 0.2585 
        D766  1 0.0441 0.5923 0.0517 0.0713 0.1010 0.0397 0.0999 
        D767  1 0.0462 0.0877 0.6951 0.0589 0.0383 0.0295 0.0442 
        D768  1 0.0221 0.0200 0.0234 0.8272 0.0178 0.0274 0.0621 
        D811  1 0.0518 0.0445 0.0560 0.0269 0.6837 0.0241 0.1129 
        D816  1 0.0363 0.0255 0.0601 0.7558 0.0548 0.0174 0.0501 
        D825  1 0.0462 0.1426 0.0930 0.0875 0.4097 0.0440 0.1770 
        D866  1 0.2239 0.0607 0.0522 0.1289 0.1254 0.3051 0.1038 
        D867  1 0.0672 0.6864 0.0270 0.0418 0.0502 0.0313 0.0961 
        D871  1 0.0333 0.0249 0.1565 0.0909 0.1049 0.2419 0.3477 
        D872  1 0.0501 0.3817 0.2899 0.1749 0.0400 0.0182 0.0453 
        D873  1 0.0176 0.9000 0.0174 0.0105 0.0161 0.0148 0.0236 
        D874  1 0.1012 0.0237 0.1638 0.1914 0.3962 0.0450 0.0788 
        D875  1 0.0406 0.0525 0.0375 0.0385 0.0281 0.3368 0.4659 
        D876  1 0.0302 0.0985 0.0795 0.5751 0.0992 0.0330 0.0845 
        D877  1 0.0762 0.0282 0.1854 0.0315 0.5564 0.0232 0.0991 
        D892  1 0.0796 0.0437 0.3096 0.2318 0.1302 0.1335 0.0715 
        D893  1 0.0450 0.0544 0.3793 0.3229 0.0391 0.0365 0.1227 
        D894  1 0.0610 0.0337 0.0579 0.5524 0.0587 0.1359 0.1004 
        D915  1 0.0493 0.1055 0.0922 0.5064 0.0603 0.1090 0.0774 
        D916  1 0.0211 0.0214 0.0148 0.8837 0.0215 0.0208 0.0167 
        D917  1 0.1535 0.0402 0.0646 0.2400 0.3085 0.0293 0.1638 
        D925  1 0.0264 0.6716 0.0323 0.1447 0.0621 0.0154 0.0474 
        D926  1 0.0414 0.0480 0.0849 0.5045 0.1086 0.0732 0.1394 
        D927  1 0.4123 0.0492 0.1864 0.1853 0.0410 0.0458 0.0800 
        D928  1 0.0397 0.0321 0.0198 0.0737 0.7702 0.0160 0.0485 
        D929  1 0.0235 0.0277 0.7584 0.0332 0.0887 0.0260 0.0425 
        D936  1 0.0713 0.0371 0.1863 0.4467 0.0867 0.0674 0.1044 
        D938  1 0.0238 0.8058 0.0292 0.0344 0.0316 0.0377 0.0376 
        D956  1 0.0738 0.0454 0.0515 0.0606 0.5299 0.1146 0.1243 
        D957  1 0.0687 0.4849 0.1589 0.1360 0.0306 0.0317 0.0892 
        D958  1 0.0508 0.4463 0.0858 0.1454 0.1772 0.0258 0.0687 
        D959  1 0.3542 0.0688 0.0268 0.1703 0.0304 0.0485 0.3010 
        D960  1 0.0263 0.7690 0.0242 0.0482 0.0300 0.0587 0.0437 
        D989  1 0.4610 0.0273 0.0625 0.1354 0.1792 0.0599 0.0746 
        D990  1 0.0427 0.7285 0.0756 0.0297 0.0314 0.0372 0.0548 
        H102  1 0.0338 0.1278 0.0522 0.3364 0.3142 0.0731 0.0626 
        H103  1 0.1127 0.1062 0.1211 0.0828 0.0316 0.0263 0.5194 
        H104  1 0.0379 0.0284 0.5305 0.1324 0.0712 0.1427 0.0569 
        H105  1 0.0787 0.0642 0.0356 0.3369 0.3033 0.0488 0.1326 
        H106  1 0.0587 0.2790 0.2879 0.0580 0.0509 0.1716 0.0940 
        H112  1 0.0882 0.0809 0.1093 0.1214 0.2098 0.2437 0.1467 
        H113  1 0.1367 0.0758 0.0825 0.2423 0.0657 0.1467 0.2504 
        H114  1 0.0956 0.0812 0.0402 0.5276 0.0362 0.0944 0.1249 
        H115  1 0.0566 0.0546 0.1351 0.3759 0.0998 0.1915 0.0864 
        H143  1 0.0339 0.1148 0.0293 0.6680 0.0501 0.0303 0.0735 
        H144  1 0.0762 0.0688 0.0312 0.4804 0.0551 0.0294 0.2590 
        H145  1 0.0334 0.0354 0.0387 0.0173 0.7792 0.0328 0.0632 
        H149  1 0.0980 0.0409 0.1774 0.3442 0.0498 0.2153 0.0744 
        H150  1 0.0911 0.0719 0.1405 0.0426 0.1767 0.1098 0.3673 
     H167542  1 0.0261 0.0451 0.0423 0.7456 0.0484 0.0428 0.0498 
     H169604  1 0.2017 0.0298 0.1672 0.0925 0.3169 0.0973 0.0947 
     H169607  1 0.0588 0.0430 0.0834 0.0469 0.6035 0.0462 0.1181 
     H169608  1 0.0336 0.0676 0.0572 0.0517 0.7204 0.0295 0.0401 
     H169633  1 0.1261 0.0545 0.0337 0.3779 0.1083 0.1286 0.1708 
     H169688  1 0.1790 0.4910 0.0993 0.0493 0.0483 0.0202 0.1128 
     H169714  1 0.0325 0.0431 0.2363 0.0487 0.0229 0.5544 0.0621 
     H171802  1 0.2968 0.1438 0.1446 0.0624 0.0508 0.1416 0.1600 
     H171805  1 0.0408 0.2473 0.3611 0.0568 0.0347 0.0869 0.1724 
     H171807  1 0.1855 0.0766 0.0690 0.0330 0.3325 0.1212 0.1824 
     H171814  1 0.3031 0.0700 0.0465 0.1362 0.0248 0.0466 0.3729 
     H171816  1 0.1618 0.2325 0.1777 0.0502 0.1031 0.0852 0.1894 
     H171817  1 0.0402 0.0884 0.2198 0.0701 0.4101 0.0711 0.1004 
     H171818  1 0.0671 0.1917 0.1081 0.2619 0.0311 0.1979 0.1423 
     H171819  1 0.2273 0.1410 0.1429 0.1016 0.1200 0.1084 0.1587 
     H171834  1 0.0368 0.0955 0.0326 0.0926 0.0204 0.6615 0.0605 
     H171835  1 0.1029 0.0640 0.5861 0.0376 0.0805 0.0895 0.0393 
     H171836  1 0.1524 0.3585 0.0323 0.0844 0.0541 0.0605 0.2577 
     H171837  1 0.0566 0.0659 0.0629 0.3928 0.2062 0.1460 0.0697 
     H171838  1 0.0985 0.1506 0.0556 0.0170 0.0366 0.4148 0.2268 
     H171839  1 0.1876 0.0353 0.2501 0.2061 0.1452 0.1118 0.0639 
     H171841  1 0.0437 0.2305 0.0403 0.0173 0.5589 0.0402 0.0691 
     H171860  1 0.1690 0.0272 0.0720 0.0923 0.4663 0.0917 0.0816 
     H171861  1 0.0283 0.2336 0.0306 0.4517 0.0414 0.0485 0.1660 
     H171862  1 0.0709 0.0580 0.0503 0.1256 0.0757 0.4620 0.1575 
     H171868  1 0.0285 0.0329 0.0364 0.7819 0.0289 0.0469 0.0446 
     H171869  1 0.1170 0.3202 0.0585 0.1220 0.0326 0.0521 0.2976 
     H171870  1 0.0924 0.2916 0.2776 0.0519 0.0403 0.0997 0.1466 
     H171871  1 0.0884 0.1605 0.1160 0.0468 0.0440 0.1652 0.3790 
     H171872  1 0.0474 0.0337 0.2689 0.0800 0.4037 0.1012 0.0652 
     H171873  1 0.0856 0.4026 0.0833 0.0311 0.0341 0.2642 0.0990 
     H171874  1 0.2246 0.1788 0.0313 0.1241 0.1251 0.2153 0.1008 
     H171875  1 0.0844 0.0807 0.0247 0.4591 0.0410 0.0720 0.2381 
     H171876  1 0.5192 0.0362 0.0412 0.1842 0.1091 0.0397 0.0703 
     H171877  1 0.0565 0.0383 0.0405 0.6909 0.0930 0.0435 0.0372 
     H171878  1 0.1947 0.3345 0.1369 0.0427 0.0257 0.0335 0.2320 
     H171901  1 0.0803 0.1531 0.2291 0.0424 0.3923 0.0277 0.0750 
     H171902  1 0.0315 0.0485 0.0466 0.0365 0.7056 0.0457 0.0855 
     H171903  1 0.2048 0.0379 0.0586 0.1811 0.0579 0.2963 0.1634 
     H171935  1 0.1243 0.2000 0.1638 0.0188 0.1458 0.2548 0.0925 
     H171936  1 0.1640 0.1218 0.0626 0.5099 0.0267 0.0498 0.0652 
     H171940  1 0.0535 0.0603 0.0676 0.3448 0.2102 0.1243 0.1392 
     H171945  1 0.0623 0.3556 0.0701 0.0690 0.1225 0.0419 0.2787 
     H171948  1 0.0923 0.0906 0.1221 0.1103 0.1279 0.2307 0.2261 
     H171949  1 0.0689 0.0652 0.1139 0.0511 0.2942 0.3314 0.0753 
     H171950  1 0.0393 0.0536 0.6401 0.0747 0.1003 0.0641 0.0279 
     H171963  1 0.0675 0.6531 0.0317 0.0556 0.0284 0.0453 0.1183 
     H171964  1 0.2431 0.0511 0.0471 0.0268 0.0771 0.2166 0.3382 
     H171966  1 0.0358 0.3623 0.0602 0.0939 0.0726 0.2330 0.1422 
     H171968  1 0.0257 0.1012 0.0349 0.0846 0.6671 0.0396 0.0468 
     H171971  1 0.0658 0.1378 0.1851 0.0256 0.0316 0.4518 0.1023 
     H171972  1 0.7878 0.0238 0.0281 0.0246 0.0535 0.0319 0.0503 
     H171977  1 0.1633 0.2413 0.0730 0.1669 0.0574 0.0411 0.2571 
     H171978  1 0.0342 0.0618 0.5877 0.0305 0.1034 0.0741 0.1084 
     H171979  1 0.2603 0.0738 0.0466 0.0344 0.0861 0.1889 0.3098 
        H176  1 0.0795 0.0262 0.0454 0.1664 0.5253 0.0520 0.1052 
        H177  1 0.0385 0.2199 0.4100 0.0648 0.1260 0.0709 0.0698 
        H179  1 0.0578 0.0249 0.1676 0.6166 0.0438 0.0318 0.0575 
        H181  1 0.0905 0.1509 0.0197 0.0707 0.0410 0.1975 0.4296 
        H182  1 0.0371 0.3542 0.0625 0.0924 0.0653 0.0984 0.2902 
        H183  1 0.0774 0.5967 0.0193 0.0506 0.0244 0.0322 0.1994 
        H184  1 0.0580 0.1041 0.1062 0.0656 0.2973 0.1768 0.1920 
        H185  1 0.2477 0.2611 0.0405 0.0819 0.0576 0.0851 0.2261 
        H186  1 0.0444 0.1478 0.0745 0.3879 0.0426 0.0363 0.2665 
        H187  1 0.0515 0.5934 0.1501 0.1161 0.0225 0.0169 0.0494 
        H188  1 0.0634 0.0360 0.0344 0.5869 0.1084 0.0903 0.0806 
        H192  1 0.0488 0.2122 0.1290 0.0380 0.0913 0.3840 0.0967 
        H193  1 0.0325 0.0745 0.1709 0.1955 0.0744 0.0640 0.3883 
        H194  1 0.0968 0.0507 0.1043 0.0927 0.1270 0.4034 0.1252 
        H195  1 0.1468 0.5643 0.0362 0.0335 0.0441 0.0384 0.1368 
        H199  1 0.0813 0.2942 0.0303 0.0276 0.3570 0.0368 0.1728 
        H200  1 0.3276 0.0865 0.0627 0.1221 0.2335 0.0651 0.1026 
        H414  1 0.0939 0.0883 0.4417 0.1247 0.0471 0.0684 0.1358 
        H415  1 0.1557 0.0619 0.1450 0.2455 0.1200 0.0907 0.1813 
        H422  1 0.0515 0.1628 0.0455 0.1966 0.2735 0.0425 0.2275 
        H423  1 0.0636 0.0582 0.0809 0.0403 0.5072 0.0724 0.1774 
        H424  1 0.0443 0.3103 0.0545 0.1471 0.0310 0.0345 0.3783 
        H425  1 0.0750 0.5811 0.0393 0.0447 0.0357 0.0419 0.1822 
        H426  1 0.0463 0.1710 0.0848 0.0456 0.0450 0.3681 0.2392 
        H443  1 0.0366 0.0774 0.0304 0.5688 0.0508 0.0395 0.1965 
        H466  1 0.1987 0.0473 0.1709 0.1853 0.0441 0.1373 0.2164 
        H467  1 0.0253 0.0588 0.1067 0.0236 0.0312 0.7127 0.0417 
        H472  1 0.0797 0.0359 0.0360 0.0425 0.7183 0.0260 0.0616 
        H483  1 0.1224 0.1503 0.0278 0.2523 0.0822 0.0998 0.2652 
        H504  1 0.0882 0.4475 0.0456 0.0560 0.0924 0.0265 0.2438 
        H505  1 0.1181 0.0797 0.2323 0.3044 0.0586 0.0727 0.1342 
        H506  1 0.1273 0.0753 0.1660 0.1130 0.1251 0.0605 0.3328 
        H507  1 0.1039 0.3135 0.0912 0.1381 0.0544 0.0479 0.2510 
        H508  1 0.1238 0.0690 0.2738 0.0767 0.0427 0.1314 0.2826 
        H524  1 0.1579 0.2961 0.2632 0.1060 0.0354 0.0386 0.1028 
        H525  1 0.2028 0.0916 0.1020 0.1633 0.1900 0.0626 0.1878 
        H526  1 0.1049 0.0605 0.0269 0.2420 0.3752 0.0816 0.1089 
        H527  1 0.0813 0.0911 0.5251 0.0543 0.1401 0.0358 0.0722 
        H528  1 0.1735 0.0312 0.0535 0.1439 0.1258 0.1167 0.3554 
        H529  1 0.0341 0.1841 0.1654 0.0979 0.0501 0.0601 0.4084 
        H533  1 0.0326 0.1083 0.5984 0.0548 0.0341 0.0490 0.1228 
        H538  1 0.1958 0.0516 0.1081 0.0773 0.3961 0.0715 0.0996 
        H539  1 0.0249 0.8333 0.0400 0.0381 0.0190 0.0137 0.0310 
        H540  1 0.0838 0.2897 0.1032 0.0702 0.1324 0.1579 0.1628 
        H541  1 0.0913 0.0423 0.2167 0.4327 0.0837 0.0482 0.0851 
        H558  1 0.0782 0.7056 0.0232 0.0220 0.0265 0.0348 0.1097 
        H559  1 0.0466 0.0416 0.0915 0.5135 0.1760 0.0223 0.1084 
        H579  1 0.0486 0.6335 0.0262 0.0680 0.0876 0.0333 0.1028 
        H584  1 0.0836 0.0723 0.0853 0.0654 0.1208 0.2686 0.3039 
        H585  1 0.1206 0.0588 0.1775 0.1425 0.0393 0.2151 0.2462 
        H605  1 0.0765 0.1613 0.1833 0.2972 0.0928 0.0916 0.0973 
        H606  1 0.0328 0.0453 0.0712 0.3847 0.3750 0.0254 0.0655 
        H632  1 0.2655 0.0545 0.0358 0.0595 0.1968 0.2394 0.1485 
        H634  1 0.0668 0.2992 0.1329 0.2001 0.0920 0.0657 0.1435 
        H671  1 0.0610 0.0281 0.1713 0.0805 0.5175 0.0645 0.0770 
        H672  1 0.6796 0.0413 0.0706 0.1165 0.0359 0.0227 0.0334 
        H673  1 0.1472 0.0700 0.0222 0.2942 0.0589 0.0548 0.3527 
        H689  1 0.1441 0.0691 0.0382 0.1030 0.1013 0.2094 0.3349 
        H690  1 0.0293 0.1090 0.2941 0.2413 0.0777 0.1469 0.1016 
        H691  1 0.3162 0.0620 0.0476 0.3692 0.0553 0.0857 0.0641 
        H692  1 0.2730 0.0360 0.0201 0.0707 0.0295 0.0471 0.5236 
        H709  1 0.0659 0.0442 0.4480 0.2272 0.0508 0.0471 0.1169 
        H710  1 0.0748 0.0454 0.0352 0.0679 0.0342 0.0608 0.6817 
       H7355  1 0.0362 0.0594 0.0487 0.0623 0.5493 0.0756 0.1686 
       H7356  1 0.0975 0.2020 0.2261 0.0438 0.0500 0.1457 0.2349 
       H7357  1 0.0288 0.1288 0.1528 0.3229 0.2325 0.0709 0.0632 
       H7358  1 0.1595 0.1461 0.0294 0.2870 0.2759 0.0243 0.0778 
       H7380  1 0.0397 0.0427 0.0813 0.1947 0.1798 0.1495 0.3123 
       H7381  1 0.0800 0.0504 0.2114 0.0638 0.1678 0.0969 0.3296 
       H7382  1 0.3695 0.1136 0.0528 0.0885 0.1324 0.0860 0.1571 
        H904  1 0.0347 0.0629 0.0860 0.4055 0.2961 0.0794 0.0354 
        H923  1 0.1484 0.1520 0.0795 0.0692 0.1615 0.1878 0.2016 
        H924  1 0.0984 0.1716 0.0437 0.3059 0.2029 0.0745 0.1028 
        H925  1 0.0639 0.1113 0.0346 0.6712 0.0420 0.0207 0.0562 
       H9558  1 0.0423 0.8100 0.0207 0.0198 0.0235 0.0278 0.0560 
      H105.1  1 0.0647 0.0489 0.0824 0.0746 0.0228 0.2113 0.4952 
      H115.1  1 0.0391 0.0509 0.0443 0.7682 0.0193 0.0321 0.0462 
      H145.1  1 0.0287 0.0359 0.0241 0.0497 0.8009 0.0225 0.0381 
      H149.1  1 0.0218 0.0266 0.0168 0.8626 0.0237 0.0214 0.0271 
      H150.1  1 0.0250 0.5652 0.0492 0.0353 0.0861 0.0394 0.1997 
   H169607.1  1 0.0957 0.1011 0.2208 0.1123 0.3517 0.0271 0.0913 
   H169633.1  1 0.1031 0.1538 0.0220 0.5161 0.0966 0.0535 0.0549 
   H169688.1  1 0.4136 0.0649 0.0270 0.2497 0.0581 0.0232 0.1636 
   H171901.1  1 0.3539 0.1059 0.1083 0.0585 0.0861 0.0654 0.2220 
   H171902.1  1 0.0262 0.1027 0.0322 0.1219 0.6107 0.0392 0.0672 
   H171903.1  1 0.0860 0.0475 0.4248 0.0503 0.1161 0.0849 0.1904 
      H177.1  1 0.3552 0.0489 0.0562 0.3148 0.1207 0.0435 0.0606 
      H179.1  1 0.0611 0.0821 0.2125 0.4252 0.0983 0.0390 0.0818 
      H180.1  1 0.0516 0.0941 0.1509 0.0981 0.0655 0.2000 0.3398 
      H181.1  1 0.0670 0.1056 0.0425 0.2674 0.0716 0.2544 0.1914 
 H194.1_2004  1 0.1188 0.2249 0.0499 0.0531 0.0724 0.1200 0.3609 
 H195.1_2003  1 0.3720 0.0904 0.2341 0.0478 0.0544 0.0529 0.1483 
 H195.1_2004  1 0.2155 0.0384 0.0338 0.1508 0.4340 0.0742 0.0532 
      H415.1  1 0.0652 0.1140 0.0532 0.5378 0.0519 0.0491 0.1287 
      H506.1  1 0.0554 0.0382 0.1098 0.5682 0.0413 0.0255 0.1615 
      H533.1  1 0.0234 0.1090 0.1701 0.4815 0.0621 0.0268 0.1269 
      H535.1  1 0.0679 0.1267 0.1503 0.2212 0.0830 0.1867 0.1642 
      H539.1  1 0.0220 0.6825 0.0259 0.0693 0.0658 0.0387 0.0959 
      H540.1  1 0.0228 0.7836 0.0486 0.0215 0.0474 0.0278 0.0483 
     H9558.1  1 0.0395 0.8015 0.0194 0.0205 0.0460 0.0292 0.0439 
    kos339.1  1 0.0601 0.0430 0.1465 0.5606 0.0796 0.0506 0.0596 
        D023  2 0.0337 0.6608 0.0158 0.2138 0.0191 0.0183 0.0384 
        D130  2 0.0360 0.6894 0.0964 0.0617 0.0315 0.0474 0.0375 
        D131  2 0.0915 0.0340 0.0979 0.4235 0.0540 0.1128 0.1863 
        D163  2 0.0215 0.6514 0.0585 0.0567 0.0431 0.0786 0.0902 
        D164  2 0.2518 0.6834 0.0109 0.0126 0.0140 0.0122 0.0150 
        D165  2 0.0604 0.6055 0.0269 0.1650 0.0259 0.0410 0.0753 
        D166  2 0.0452 0.1138 0.4114 0.0369 0.0717 0.0693 0.2517 
        D167  2 0.8577 0.0255 0.0268 0.0170 0.0212 0.0205 0.0313 
        D192  2 0.8469 0.0318 0.0236 0.0164 0.0255 0.0275 0.0284 
        D193  2 0.0397 0.0587 0.2003 0.0613 0.0821 0.1877 0.3703 
        D206  2 0.1218 0.0949 0.0352 0.5057 0.0411 0.0615 0.1398 
        D207  2 0.6214 0.0338 0.0526 0.0476 0.0233 0.0754 0.1459 
        D208  2 0.0740 0.0435 0.4547 0.0785 0.2309 0.0570 0.0614 
        D209  2 0.2325 0.2273 0.0273 0.0513 0.0251 0.0212 0.4152 
        D210  2 0.0960 0.0347 0.0661 0.0972 0.3218 0.3436 0.0406 
     D229599  2 0.0717 0.1047 0.1473 0.3398 0.0533 0.0667 0.2164 
     D229600  2 0.2586 0.4526 0.0584 0.0457 0.0251 0.0758 0.0838 
     D237227  2 0.2431 0.2019 0.0786 0.0596 0.2715 0.0528 0.0924 
     D237228  2 0.1610 0.3165 0.0345 0.0217 0.1991 0.0871 0.1801 
     D237258  2 0.1931 0.0959 0.0475 0.2757 0.0882 0.0972 0.2025 
     D237310  2 0.1172 0.2834 0.1451 0.0169 0.0989 0.1900 0.1484 
     D237311  2 0.3900 0.3094 0.0520 0.0214 0.0341 0.0969 0.0963 
     D237312  2 0.0425 0.0991 0.1801 0.0398 0.1651 0.3176 0.1557 
     D237313  2 0.0279 0.2280 0.0724 0.2636 0.1690 0.1189 0.1203 
     D237322  2 0.0558 0.0414 0.3325 0.0459 0.1552 0.1408 0.2284 
     D237323  2 0.1428 0.3362 0.1963 0.0213 0.1140 0.0989 0.0904 
     D237324  2 0.1674 0.2335 0.0966 0.0398 0.0259 0.0794 0.3575 
     D237325  2 0.1116 0.1973 0.2874 0.0426 0.1138 0.1524 0.0948 
     D237326  2 0.0863 0.6000 0.0378 0.0727 0.0506 0.0473 0.1053 
     D237327  2 0.2578 0.0325 0.3134 0.0408 0.0493 0.1903 0.1159 
     D237337  2 0.0477 0.4060 0.1286 0.0701 0.1093 0.1326 0.1058 
     D237338  2 0.1435 0.1357 0.2301 0.0728 0.0969 0.1979 0.1231 
     D237339  2 0.2500 0.0585 0.3340 0.1074 0.0215 0.0397 0.1891 
     D237340  2 0.4337 0.1157 0.0818 0.0319 0.0997 0.0993 0.1379 
     D237389  2 0.1656 0.4471 0.0568 0.0258 0.0349 0.1096 0.1602 
     D237390  2 0.0956 0.0729 0.2250 0.0692 0.0913 0.2771 0.1689 
     D244017  2 0.6491 0.0501 0.0930 0.0333 0.0595 0.0204 0.0946 
     D244112  2 0.6371 0.1221 0.0502 0.0176 0.0215 0.0457 0.1059 
     D244118  2 0.2944 0.5280 0.0528 0.0155 0.0169 0.0283 0.0641 
     D244119  2 0.6834 0.0231 0.0301 0.0335 0.1826 0.0256 0.0217 
     D244120  2 0.2691 0.0727 0.0613 0.0226 0.0567 0.3782 0.1395 
     D244122  2 0.5018 0.1429 0.1007 0.0622 0.0662 0.0613 0.0649 
        D291  2 0.0940 0.0746 0.2994 0.0758 0.0443 0.1225 0.2894 
        D292  2 0.1690 0.1054 0.1048 0.3825 0.0625 0.0873 0.0885 
        D293  2 0.8009 0.0157 0.0396 0.0785 0.0151 0.0201 0.0301 
        D322  2 0.6609 0.0694 0.0534 0.1066 0.0203 0.0262 0.0633 
        D323  2 0.3589 0.0526 0.0951 0.1421 0.0613 0.0333 0.2567 
        D324  2 0.0754 0.0822 0.0349 0.1850 0.0929 0.3688 0.1608 
        D325  2 0.8377 0.0160 0.0256 0.0343 0.0136 0.0409 0.0318 
        D326  2 0.0278 0.0115 0.0170 0.8774 0.0170 0.0210 0.0283 
        D340  2 0.8586 0.0203 0.0174 0.0243 0.0252 0.0291 0.0251 
        D341  2 0.3761 0.0369 0.2010 0.0571 0.0565 0.2401 0.0324 
        D342  2 0.0512 0.4993 0.0401 0.0483 0.0246 0.1612 0.1754 
        D343  2 0.9231 0.0116 0.0121 0.0164 0.0101 0.0147 0.0121 
        D344  2 0.0499 0.0613 0.0483 0.2661 0.0474 0.0615 0.4655 
        D345  2 0.0309 0.5529 0.0533 0.1199 0.0494 0.0219 0.1718 
        D346  2 0.2288 0.0261 0.0250 0.0704 0.5228 0.0786 0.0483 
        D351  2 0.0626 0.0401 0.1321 0.4539 0.0362 0.0440 0.2311 
        D352  2 0.1691 0.0345 0.0581 0.0725 0.1048 0.0282 0.5327 
        D353  2 0.0775 0.0205 0.0287 0.1684 0.0402 0.0280 0.6367 
        D354  2 0.0310 0.1558 0.0298 0.2763 0.1043 0.0389 0.3639 
        D362  2 0.0397 0.0472 0.0361 0.7712 0.0262 0.0208 0.0588 
        D363  2 0.0522 0.0431 0.0243 0.7751 0.0424 0.0178 0.0452 
        D364  2 0.0323 0.0967 0.0193 0.5803 0.0317 0.0400 0.1997 
        D365  2 0.9199 0.0116 0.0142 0.0160 0.0125 0.0131 0.0128 
        D369  2 0.3575 0.0239 0.0257 0.4076 0.0597 0.0624 0.0633 
        D374  2 0.0442 0.0771 0.0491 0.0451 0.5601 0.0328 0.1915 
        D375  2 0.0454 0.0835 0.0397 0.0971 0.0377 0.0265 0.6700 
        D376  2 0.1059 0.1259 0.0406 0.0505 0.3654 0.1109 0.2008 
        D377  2 0.0728 0.1275 0.0652 0.1304 0.2683 0.1967 0.1390 
        D378  2 0.2617 0.0545 0.0696 0.4618 0.0311 0.0408 0.0805 
        D379  2 0.0239 0.0250 0.0327 0.7555 0.0342 0.0402 0.0884 
        D384  2 0.0156 0.0157 0.0199 0.8563 0.0386 0.0173 0.0365 
        D385  2 0.8775 0.0185 0.0163 0.0188 0.0284 0.0177 0.0229 
        D386  2 0.0714 0.1159 0.0661 0.5567 0.0378 0.0309 0.1212 
        D391  2 0.8339 0.0204 0.0412 0.0316 0.0246 0.0206 0.0278 
        D392  2 0.7637 0.0532 0.0238 0.0669 0.0272 0.0244 0.0409 
        D393  2 0.0743 0.0449 0.0559 0.6189 0.0331 0.1199 0.0530 
        D394  2 0.1410 0.2862 0.1117 0.0981 0.0424 0.0927 0.2279 
        D395  2 0.7659 0.0231 0.0283 0.0302 0.0181 0.0282 0.1062 
        D401  2 0.2160 0.4902 0.0161 0.0349 0.0454 0.0319 0.1655 
        D402  2 0.7564 0.0315 0.0377 0.0249 0.0341 0.0794 0.0360 
        D403  2 0.0175 0.0774 0.0815 0.5472 0.0284 0.0487 0.1992 
        D415  2 0.0738 0.0258 0.0313 0.6231 0.0233 0.0554 0.1672 
        D435  2 0.3045 0.0585 0.0343 0.3937 0.0326 0.0975 0.0789 
        D436  2 0.0618 0.0298 0.2720 0.2743 0.1180 0.0724 0.1717 
        D438  2 0.8498 0.0286 0.0158 0.0211 0.0400 0.0258 0.0188 
        D439  2 0.0580 0.1062 0.0397 0.1165 0.0280 0.0350 0.6167 
        D449  2 0.1794 0.0532 0.0159 0.1430 0.0332 0.1966 0.3786 
        D450  2 0.0253 0.0486 0.1071 0.1077 0.4645 0.0639 0.1829 
        D456  2 0.0167 0.0196 0.0222 0.8103 0.0228 0.0199 0.0886 
        D462  2 0.8407 0.0166 0.0352 0.0382 0.0202 0.0171 0.0321 
        D463  2 0.0182 0.0143 0.0238 0.8179 0.0288 0.0197 0.0773 
        D464  2 0.3081 0.0226 0.0897 0.0953 0.0569 0.0314 0.3961 
        D465  2 0.8288 0.0242 0.0213 0.0419 0.0305 0.0240 0.0294 
        D473  2 0.0435 0.0524 0.0507 0.0355 0.7409 0.0453 0.0317 
        D474  2 0.0597 0.0529 0.0251 0.6969 0.0466 0.0777 0.0411 
        D476  2 0.1734 0.2932 0.1655 0.0905 0.0196 0.0562 0.2016 
        D477  2 0.0606 0.0468 0.0478 0.4826 0.1697 0.0826 0.1099 
        D478  2 0.0832 0.1838 0.0775 0.1339 0.0889 0.0438 0.3888 
        D480  2 0.1360 0.0244 0.1530 0.4334 0.0557 0.1481 0.0494 
        D481  2 0.1823 0.2457 0.0634 0.1999 0.0556 0.0399 0.2132 
        D482  2 0.0847 0.1289 0.1690 0.0506 0.1822 0.1019 0.2827 
        D483  2 0.8734 0.0197 0.0251 0.0196 0.0200 0.0210 0.0211 
        D484  2 0.2637 0.0615 0.1807 0.0276 0.1238 0.0526 0.2900 
        D510  2 0.0497 0.0355 0.0571 0.0423 0.6393 0.0730 0.1031 
        D511  2 0.3419 0.0483 0.0997 0.3148 0.0338 0.0415 0.1200 
        D512  2 0.5524 0.2073 0.0367 0.0193 0.0181 0.0509 0.1154 
        D513  2 0.5170 0.0639 0.0490 0.1203 0.1089 0.0660 0.0749 
        D635  2 0.1150 0.2560 0.0251 0.4691 0.0243 0.0268 0.0837 
        D636  2 0.0162 0.8921 0.0165 0.0249 0.0207 0.0107 0.0189 
        D637  2 0.2287 0.0547 0.1189 0.0688 0.1664 0.2113 0.1513 
        D658  2 0.6453 0.0498 0.0806 0.0444 0.0557 0.0741 0.0501 
        D659  2 0.0335 0.0561 0.0808 0.4439 0.0683 0.1519 0.1655 
        D677  2 0.0436 0.0700 0.1461 0.4375 0.0344 0.1668 0.1015 
        D678  2 0.5036 0.2122 0.0337 0.0225 0.0277 0.0250 0.1754 
        D679  2 0.0825 0.0464 0.0581 0.3902 0.1219 0.1886 0.1122 
        D719  2 0.2724 0.0299 0.0826 0.3359 0.1955 0.0290 0.0548 
        D720  2 0.0860 0.0699 0.0926 0.5322 0.1094 0.0326 0.0774 
        D721  2 0.1180 0.5876 0.0360 0.1227 0.0425 0.0273 0.0659 
        D722  2 0.1459 0.1505 0.0508 0.0618 0.2561 0.0368 0.2980 
        D734  2 0.2424 0.0208 0.1993 0.0561 0.3570 0.0540 0.0704 
        D735  2 0.1029 0.0780 0.0664 0.4918 0.0830 0.0940 0.0839 
        D736  2 0.1070 0.0765 0.0393 0.1474 0.2651 0.2513 0.1134 
        D737  2 0.4082 0.1292 0.2334 0.0415 0.0239 0.0975 0.0662 
        D807  2 0.1044 0.0527 0.0904 0.3598 0.2078 0.1309 0.0539 
        D808  2 0.2831 0.1261 0.0901 0.1071 0.0250 0.2063 0.1622 
        D817  2 0.0539 0.1033 0.0913 0.4019 0.0960 0.0277 0.2260 
        D818  2 0.3156 0.0355 0.1316 0.1582 0.0389 0.2183 0.1019 
        D819  2 0.2111 0.0608 0.0401 0.3636 0.0483 0.0440 0.2323 
        D820  2 0.0794 0.0219 0.3125 0.4564 0.0369 0.0414 0.0515 
        D895  2 0.0410 0.1776 0.0584 0.2215 0.0908 0.0415 0.3693 
        D896  2 0.0624 0.6835 0.0677 0.0263 0.0506 0.0536 0.0559 
        D897  2 0.1091 0.1525 0.1000 0.0436 0.0478 0.3749 0.1721 
        D898  2 0.0457 0.0995 0.1459 0.0411 0.0767 0.1667 0.4245 
        D918  2 0.1593 0.0795 0.1847 0.0632 0.1823 0.2228 0.1083 
        D919  2 0.1449 0.0358 0.1194 0.3271 0.0263 0.0335 0.3131 
        D920  2 0.0245 0.7418 0.0832 0.0264 0.0226 0.0455 0.0560 
        D923  2 0.0429 0.0280 0.0315 0.7540 0.0285 0.0219 0.0932 
        D930  2 0.0292 0.0415 0.0371 0.1558 0.5636 0.0654 0.1075 
        D931  2 0.4536 0.0293 0.0425 0.3045 0.0632 0.0600 0.0469 
        D968  2 0.7946 0.0222 0.0252 0.0530 0.0199 0.0202 0.0649 
        D969  2 0.2203 0.0243 0.0455 0.4261 0.0281 0.1405 0.1152 
        D977  2 0.7583 0.0279 0.0385 0.0333 0.0314 0.0607 0.0499 
        D978  2 0.0827 0.0209 0.1558 0.0816 0.0439 0.4274 0.1876 
        H008  2 0.0616 0.0521 0.0321 0.4258 0.1056 0.0305 0.2924 
        H021  2 0.1322 0.1091 0.0827 0.1029 0.0538 0.4601 0.0592 
        H023  2 0.0306 0.1083 0.3031 0.3283 0.1473 0.0372 0.0452 
        H024  2 0.1709 0.0962 0.0300 0.0401 0.0401 0.2140 0.4087 
        H025  2 0.1058 0.1000 0.0734 0.1609 0.1189 0.0653 0.3756 
        H026  2 0.2654 0.0418 0.0270 0.2515 0.0226 0.0860 0.3057 
        H027  2 0.3307 0.0622 0.1824 0.2270 0.0519 0.0833 0.0625 
        H028  2 0.0835 0.2291 0.0492 0.1228 0.0638 0.1088 0.3428 
        H029  2 0.2953 0.0704 0.0378 0.3952 0.0369 0.0298 0.1346 
        H030  2 0.8129 0.0258 0.0353 0.0247 0.0211 0.0357 0.0447 
        H038  2 0.0361 0.5499 0.1351 0.1662 0.0317 0.0427 0.0383 
        H039  2 0.0234 0.0499 0.0661 0.0355 0.7313 0.0461 0.0477 
        H040  2 0.0202 0.0799 0.7881 0.0404 0.0261 0.0198 0.0255 
        H041  2 0.3144 0.0328 0.0384 0.3691 0.0726 0.0730 0.0996 
        H042  2 0.0426 0.1521 0.0946 0.0656 0.4583 0.0402 0.1466 
        H043  2 0.0242 0.8101 0.0385 0.0263 0.0422 0.0239 0.0348 
        H044  2 0.1493 0.3646 0.0277 0.0221 0.0993 0.0986 0.2384 
        H047  2 0.0333 0.6343 0.0518 0.0661 0.0745 0.0754 0.0646 
        H050  2 0.5934 0.0634 0.1179 0.0507 0.0408 0.0378 0.0961 
        H058  2 0.1140 0.2400 0.1898 0.0850 0.0337 0.1521 0.1854 
        H062  2 0.0317 0.1994 0.0482 0.1777 0.4202 0.0575 0.0654 
        H063  2 0.3451 0.1834 0.1659 0.1148 0.0516 0.0589 0.0802 
        H065  2 0.0166 0.0285 0.0231 0.7331 0.0724 0.0249 0.1013 
        H066  2 0.0776 0.6122 0.0875 0.0453 0.0170 0.0885 0.0720 
        H067  2 0.0614 0.0619 0.0786 0.1902 0.2538 0.2484 0.1057 
        H068  2 0.1564 0.0671 0.1768 0.0500 0.3134 0.1583 0.0781 
        H069  2 0.4752 0.1957 0.1733 0.0509 0.0358 0.0141 0.0549 
        H071  2 0.0662 0.0365 0.1191 0.5166 0.1157 0.0542 0.0918 
        H072  2 0.0725 0.0440 0.1042 0.0459 0.6103 0.0456 0.0775 
        H073  2 0.0698 0.0878 0.2238 0.1816 0.0308 0.0799 0.3263 
        H081  2 0.0523 0.0294 0.0697 0.3134 0.4230 0.0430 0.0692 
        H082  2 0.6541 0.1357 0.0230 0.0408 0.0274 0.0245 0.0945 
        H083  2 0.8029 0.0291 0.0262 0.0445 0.0209 0.0407 0.0357 
        H084  2 0.1124 0.0797 0.2848 0.0571 0.1020 0.2353 0.1286 
        H085  2 0.5035 0.0201 0.0380 0.2775 0.0876 0.0264 0.0469 
        H087  2 0.0622 0.0438 0.0317 0.3789 0.1921 0.1569 0.1343 
        H088  2 0.1128 0.0679 0.1093 0.4362 0.1163 0.0586 0.0989 
        H089  2 0.1801 0.1156 0.0950 0.2259 0.1757 0.0497 0.1579 
        H090  2 0.8245 0.0216 0.0160 0.0298 0.0203 0.0608 0.0271 
        H091  2 0.7464 0.0169 0.0849 0.0582 0.0333 0.0188 0.0415 
        H098  2 0.1052 0.0627 0.1123 0.1289 0.0654 0.1738 0.3517 
      H10001  2 0.0271 0.0325 0.0412 0.0189 0.8184 0.0363 0.0256 
      H10002  2 0.0592 0.1394 0.1579 0.4054 0.1148 0.0605 0.0627 
        H101  2 0.6934 0.0349 0.1403 0.0211 0.0268 0.0326 0.0510 
        H108  2 0.0177 0.0206 0.0550 0.1238 0.6680 0.0459 0.0690 
        H109  2 0.1167 0.2278 0.1974 0.0977 0.0487 0.1044 0.2073 
        H110  2 0.0793 0.0546 0.0418 0.5127 0.1123 0.0463 0.1530 
        H116  2 0.1498 0.1253 0.0747 0.1931 0.0469 0.0603 0.3499 
        H117  2 0.2948 0.0263 0.1263 0.2204 0.0307 0.2256 0.0759 
        H118  2 0.5194 0.0231 0.0221 0.2401 0.0348 0.0398 0.1207 
        H119  2 0.0543 0.0476 0.1727 0.4115 0.1006 0.0701 0.1432 
        H120  2 0.0165 0.0336 0.0471 0.0727 0.7701 0.0194 0.0406 
        H121  2 0.8703 0.0143 0.0185 0.0267 0.0292 0.0155 0.0256 
        H125  2 0.0288 0.0268 0.5187 0.0303 0.2475 0.1047 0.0432 
        H126  2 0.0446 0.3909 0.0367 0.0507 0.0994 0.0258 0.3518 
        H128  2 0.9271 0.0105 0.0118 0.0155 0.0087 0.0113 0.0152 
        H129  2 0.0475 0.0399 0.0528 0.1011 0.0225 0.4285 0.3078 
        H130  2 0.0265 0.0423 0.0369 0.0192 0.7639 0.0529 0.0583 
        H133  2 0.1076 0.0465 0.0979 0.0341 0.5286 0.0765 0.1087 
        H134  2 0.0245 0.0320 0.0159 0.2351 0.0186 0.0261 0.6478 
        H135  2 0.1280 0.0733 0.0738 0.5032 0.0957 0.0267 0.0993 
        H137  2 0.1683 0.0590 0.1075 0.0789 0.0292 0.4572 0.0998 
        H138  2 0.0562 0.0741 0.0601 0.1057 0.0597 0.1973 0.4469 
        H140  2 0.3930 0.0351 0.0336 0.0381 0.1092 0.3006 0.0903 
        H146  2 0.7360 0.0140 0.0415 0.0801 0.0257 0.0285 0.0741 
        H147  2 0.3983 0.0353 0.1050 0.1285 0.0308 0.0465 0.2557 
        H148  2 0.0645 0.0550 0.0381 0.1669 0.0656 0.5446 0.0653 
     H166022  2 0.1430 0.1011 0.2191 0.0746 0.0986 0.0814 0.2822 
     H167359  2 0.0977 0.1435 0.2490 0.0903 0.0811 0.1093 0.2292 
     H167397  2 0.2203 0.0608 0.0475 0.0696 0.0280 0.0321 0.5417 
     H167428  2 0.3246 0.0225 0.0126 0.5405 0.0173 0.0229 0.0596 
     H167496  2 0.1003 0.0269 0.4090 0.2194 0.1155 0.0723 0.0567 
     H167513  2 0.0372 0.7594 0.0468 0.0205 0.0291 0.0501 0.0569 
     H167545  2 0.0247 0.7838 0.0726 0.0385 0.0263 0.0197 0.0344 
     H167547  2 0.1186 0.0337 0.0792 0.0216 0.0300 0.1300 0.5869 
     H169621  2 0.6688 0.0382 0.0638 0.0200 0.0253 0.1279 0.0561 
     H169622  2 0.0807 0.2737 0.0580 0.1757 0.1366 0.0333 0.2419 
     H169750  2 0.6502 0.0294 0.1378 0.0282 0.0785 0.0294 0.0466 
     H171806  2 0.5489 0.0268 0.1054 0.1166 0.0953 0.0509 0.0562 
     H171808  2 0.0426 0.1593 0.0400 0.3935 0.2733 0.0233 0.0679 
     H171809  2 0.0485 0.0500 0.0519 0.1984 0.4284 0.0531 0.1698 
     H171813  2 0.0490 0.1517 0.0867 0.0314 0.0603 0.5431 0.0778 
     H171815  2 0.0292 0.5967 0.0959 0.1079 0.0411 0.0582 0.0711 
     H171824  2 0.0781 0.0275 0.1485 0.2538 0.2409 0.1943 0.0570 
     H171825  2 0.0324 0.1187 0.0982 0.0678 0.5353 0.0340 0.1135 
     H171826  2 0.0630 0.0653 0.0648 0.5345 0.0893 0.0893 0.0936 
     H171827  2 0.0584 0.2706 0.2893 0.1651 0.0352 0.0860 0.0955 
     H171828  2 0.0250 0.0223 0.1038 0.0605 0.6555 0.0972 0.0358 
     H171829  2 0.0361 0.0675 0.5870 0.0196 0.0862 0.0662 0.1374 
     H171830  2 0.1444 0.0861 0.1454 0.2158 0.0941 0.0344 0.2798 
     H171831  2 0.1046 0.1250 0.0282 0.0499 0.0677 0.2755 0.3492 
     H171832  2 0.0783 0.4779 0.0372 0.0548 0.1038 0.0299 0.2182 
     H171863  2 0.5114 0.2502 0.0388 0.0595 0.0206 0.0170 0.1025 
     H171864  2 0.1358 0.1388 0.0860 0.2916 0.1317 0.0934 0.1227 
     H171865  2 0.0692 0.2373 0.1314 0.3854 0.0549 0.0227 0.0991 
     H171879  2 0.1599 0.0577 0.0585 0.0747 0.0381 0.4560 0.1550 
     H171880  2 0.3231 0.0547 0.3655 0.0353 0.0351 0.0556 0.1306 
     H171881  2 0.0908 0.0651 0.0589 0.1685 0.0542 0.4207 0.1419 
     H171882  2 0.0363 0.0578 0.0967 0.0729 0.6358 0.0350 0.0655 
     H171929  2 0.3466 0.0718 0.0240 0.1996 0.1402 0.0828 0.1349 
     H171930  2 0.0599 0.8000 0.0331 0.0239 0.0194 0.0328 0.0309 
     H171933  2 0.2121 0.0356 0.1531 0.0351 0.0627 0.3723 0.1292 
     H171934  2 0.0402 0.1056 0.1680 0.1600 0.2662 0.1581 0.1020 
     H171937  2 0.0474 0.2009 0.0639 0.0581 0.0423 0.0680 0.5194 
     H171962  2 0.0793 0.4049 0.0274 0.2625 0.0424 0.1110 0.0724 
        H190  2 0.1567 0.0578 0.0751 0.0829 0.0265 0.3374 0.2636 
        H191  2 0.0559 0.2210 0.0399 0.1710 0.0867 0.1916 0.2339 
        H396  2 0.0720 0.0272 0.0405 0.6860 0.0935 0.0346 0.0461 
        H397  2 0.0605 0.0266 0.6544 0.0358 0.0974 0.0265 0.0988 
        H398  2 0.0314 0.0577 0.0328 0.6466 0.1046 0.0643 0.0627 
        H400  2 0.0379 0.2419 0.0362 0.4202 0.1768 0.0320 0.0550 
        H401  2 0.0908 0.0423 0.0636 0.0235 0.0259 0.4613 0.2927 
        H402  2 0.1160 0.3469 0.1371 0.1950 0.0231 0.0844 0.0974 
        H427  2 0.0526 0.0336 0.0521 0.6171 0.0462 0.0761 0.1222 
        H428  2 0.3122 0.0208 0.0143 0.5399 0.0190 0.0214 0.0724 
        H497  2 0.0428 0.7617 0.0283 0.0399 0.0489 0.0314 0.0470 
        H512  2 0.1004 0.0557 0.1929 0.1508 0.0361 0.2644 0.1997 
        H513  2 0.0386 0.7600 0.0387 0.0236 0.0361 0.0477 0.0552 
        H514  2 0.3251 0.1669 0.0416 0.0960 0.0352 0.0715 0.2638 
        H519  2 0.0692 0.6091 0.0646 0.0257 0.0423 0.0834 0.1056 
        H532  2 0.0650 0.0367 0.0223 0.7910 0.0241 0.0335 0.0274 
        H543  2 0.2926 0.1952 0.0547 0.1169 0.0447 0.1168 0.1791 
        H544  2 0.3091 0.0819 0.0340 0.0325 0.4277 0.0165 0.0984 
        H545  2 0.0212 0.8476 0.0423 0.0297 0.0169 0.0181 0.0241 
        H546  2 0.0460 0.2434 0.0695 0.2326 0.0792 0.1149 0.2145 
        H547  2 0.1473 0.0349 0.1022 0.0211 0.0292 0.1423 0.5231 
        H548  2 0.0624 0.1437 0.1156 0.1795 0.3335 0.0484 0.1169 
        H549  2 0.0144 0.8928 0.0386 0.0199 0.0118 0.0108 0.0117 
        H620  2 0.0321 0.0814 0.3206 0.1488 0.2901 0.0680 0.0590 
        H623  2 0.0843 0.4385 0.0773 0.0414 0.0271 0.0792 0.2522 
        H624  2 0.0280 0.7898 0.0429 0.0309 0.0450 0.0141 0.0493 
        H625  2 0.0627 0.2128 0.0655 0.3103 0.2391 0.0392 0.0704 
        H626  2 0.0483 0.3099 0.2558 0.0579 0.0979 0.0579 0.1723 
        H654  2 0.0177 0.6090 0.2004 0.0511 0.0490 0.0434 0.0293 
        H655  2 0.0807 0.1630 0.2761 0.0408 0.2427 0.0952 0.1015 
        H656  2 0.0207 0.0387 0.0329 0.0718 0.7593 0.0237 0.0529 
        H666  2 0.2678 0.0545 0.0880 0.0487 0.2748 0.1561 0.1100 
        H667  2 0.0501 0.4812 0.0868 0.2056 0.0438 0.0369 0.0956 
        H677  2 0.0742 0.0719 0.1579 0.4409 0.0811 0.0497 0.1242 
        H693  2 0.0298 0.0494 0.0497 0.1997 0.4815 0.1243 0.0658 
        H694  2 0.1604 0.3470 0.0311 0.0314 0.0802 0.0790 0.2709 
        H701  2 0.2450 0.1407 0.1053 0.0779 0.0453 0.1493 0.2364 
        H702  2 0.1075 0.1292 0.1312 0.1313 0.2896 0.1015 0.1097 
        H731  2 0.3439 0.0345 0.1517 0.0407 0.2850 0.0433 0.1009 
       H7359  2 0.1000 0.1270 0.2429 0.0935 0.0867 0.1092 0.2407 
       H7389  2 0.2649 0.1105 0.0579 0.3447 0.0351 0.1138 0.0730 
       H7390  2 0.0404 0.0374 0.3404 0.0420 0.0696 0.4103 0.0599 
       H7391  2 0.0700 0.0332 0.0879 0.4812 0.0693 0.1985 0.0599 
       H7392  2 0.3846 0.0452 0.1615 0.1114 0.0632 0.1595 0.0746 
       H7393  2 0.0897 0.1259 0.2091 0.0328 0.0822 0.3631 0.0973 
       H7398  2 0.2208 0.0265 0.0690 0.4032 0.0824 0.0486 0.1496 
       H7399  2 0.2776 0.1889 0.0690 0.2247 0.0349 0.0674 0.1375 
       H7400  2 0.0178 0.2285 0.1368 0.0532 0.4214 0.0619 0.0803 
        H745  2 0.2833 0.0295 0.0198 0.0582 0.0318 0.0688 0.5086 
        H746  2 0.0827 0.4103 0.0578 0.2786 0.0250 0.0262 0.1195 
        H747  2 0.0602 0.0418 0.5414 0.0578 0.1628 0.0737 0.0624 
        H748  2 0.1880 0.3228 0.1435 0.1064 0.0781 0.0371 0.1241 
       H7484  2 0.0276 0.0297 0.1790 0.0379 0.4972 0.0851 0.1435 
       H7485  2 0.0420 0.7754 0.0209 0.0541 0.0262 0.0304 0.0510 
        H749  2 0.0288 0.7743 0.0252 0.0477 0.0679 0.0191 0.0371 
        H930  2 0.1056 0.6949 0.0598 0.0305 0.0219 0.0397 0.0476 
        H931  2 0.1383 0.0429 0.0269 0.4188 0.2149 0.0374 0.1207 
        H932  2 0.0825 0.0450 0.0984 0.5125 0.0623 0.0611 0.1383 
      H008.1  2 0.0299 0.0227 0.0365 0.7650 0.0531 0.0180 0.0748 
 H029.1_2002  2 0.0831 0.1376 0.0310 0.2668 0.0285 0.0256 0.4273 
 H029.1_2003  2 0.0882 0.0394 0.0423 0.5284 0.0374 0.0417 0.2226 
      H030.1  2 0.1574 0.0298 0.2653 0.0716 0.0473 0.2615 0.1671 
      H038.1  2 0.0415 0.1161 0.0219 0.5764 0.1604 0.0269 0.0568 
      H041.1  2 0.8643 0.0162 0.0188 0.0501 0.0154 0.0142 0.0210 
 H042.1_2002  2 0.7877 0.0281 0.0333 0.0379 0.0454 0.0428 0.0249 
 H042.1_2003  2 0.0663 0.1979 0.2176 0.1201 0.1048 0.0432 0.2501 
   H042_2002  2 0.0481 0.1280 0.1084 0.0651 0.4524 0.0374 0.1606 
   H042_2003  2 0.0428 0.1660 0.1204 0.0743 0.4057 0.0467 0.1440 
      H043.1  2 0.0276 0.8502 0.0289 0.0357 0.0225 0.0147 0.0205 
      H047.1  2 0.0254 0.6221 0.0791 0.0924 0.0467 0.0409 0.0935 
 H071.1_2002  2 0.0420 0.1252 0.0476 0.4168 0.0549 0.0367 0.2769 
 H071.1_2003  2 0.0736 0.0574 0.0810 0.2174 0.1780 0.0587 0.3338 
 H081.1_2002  2 0.0358 0.0538 0.0235 0.4591 0.0544 0.0468 0.3266 
 H081.1_2003  2 0.0515 0.2601 0.0580 0.3849 0.0554 0.0959 0.0943 
      H083.1  2 0.3108 0.1220 0.0312 0.2134 0.0156 0.0467 0.2605 
      H084.1  2 0.0445 0.3266 0.0440 0.0439 0.0332 0.3436 0.1643 
 H085.1_2002  2 0.4220 0.0556 0.0207 0.3220 0.0870 0.0245 0.0683 
 H085.1_2003  2 0.6515 0.0237 0.0403 0.1934 0.0333 0.0229 0.0348 
      H088.1  2 0.7274 0.0289 0.0272 0.0872 0.0287 0.0574 0.0432 
      H091.1  2 0.9185 0.0118 0.0160 0.0132 0.0120 0.0146 0.0138 
      H109.1  2 0.0661 0.5582 0.0822 0.0578 0.0298 0.0936 0.1122 
      H126.1  2 0.0651 0.1353 0.2840 0.0484 0.2356 0.0496 0.1820 
