        D174  1 0.0679 0.0821 0.0569 0.0484 0.7446 
        D199  1 0.1996 0.4793 0.0338 0.1566 0.1307 
        D203  1 0.1772 0.3337 0.2442 0.1402 0.1047 
        D204  1 0.1097 0.7238 0.0438 0.0547 0.0679 
     D237366  1 0.0785 0.0440 0.7214 0.0681 0.0880 
     D237367  1 0.0934 0.5359 0.0826 0.1197 0.1685 
     D237368  1 0.1318 0.1857 0.0512 0.5759 0.0554 
     D244101  1 0.0608 0.8747 0.0267 0.0219 0.0159 
     D244102  1 0.3010 0.0919 0.1897 0.2415 0.1759 
     D244103  1 0.4053 0.1092 0.1777 0.0613 0.2466 
     D244104  1 0.0728 0.6125 0.0476 0.0892 0.1780 
     D244105  1 0.4111 0.0558 0.2083 0.2957 0.0292 
     D244106  1 0.0590 0.0914 0.3996 0.0364 0.4135 
     D244107  1 0.1661 0.1647 0.0259 0.6222 0.0211 
     D244108  1 0.0949 0.1058 0.0491 0.4582 0.2919 
     D244113  1 0.0745 0.0143 0.0166 0.0585 0.8361 
     D244114  1 0.2633 0.0551 0.5359 0.0543 0.0915 
     D244115  1 0.1129 0.1181 0.0319 0.0812 0.6559 
     D267365  1 0.1062 0.3235 0.0626 0.0649 0.4427 
        D404  1 0.1709 0.0590 0.0841 0.0917 0.5943 
        D405  1 0.5121 0.0763 0.0637 0.1129 0.2350 
        D406  1 0.0284 0.0311 0.0516 0.8548 0.0340 
        D407  1 0.1209 0.7348 0.0225 0.0865 0.0354 
        D408  1 0.1222 0.1604 0.0716 0.0276 0.6182 
        D409  1 0.6852 0.0515 0.1409 0.0427 0.0797 
        D410  1 0.0575 0.0284 0.0245 0.8448 0.0447 
        D421  1 0.0261 0.9127 0.0136 0.0139 0.0337 
        D422  1 0.0450 0.0297 0.1583 0.7501 0.0169 
        D423  1 0.0404 0.2352 0.0196 0.6804 0.0244 
        D424  1 0.4042 0.4568 0.0272 0.0463 0.0656 
        D425  1 0.1924 0.3216 0.0542 0.0468 0.3851 
        D426  1 0.5322 0.1292 0.2718 0.0276 0.0392 
        D427  1 0.0808 0.8193 0.0229 0.0305 0.0464 
        D428  1 0.1671 0.2057 0.0377 0.2961 0.2934 
        D429  1 0.1758 0.1518 0.2209 0.0342 0.4172 
        D430  1 0.2108 0.2194 0.3455 0.0433 0.1810 
        D491  1 0.0708 0.0739 0.0271 0.0413 0.7869 
        D492  1 0.1282 0.2787 0.0333 0.0688 0.4911 
        D537  1 0.2400 0.3567 0.0455 0.1465 0.2113 
        D538  1 0.3128 0.0958 0.0593 0.4044 0.1276 
        D539  1 0.1086 0.0329 0.3337 0.1486 0.3763 
        D540  1 0.7329 0.0618 0.0443 0.0528 0.1082 
        D541  1 0.0582 0.8739 0.0148 0.0272 0.0258 
        D551  1 0.2138 0.0717 0.6098 0.0716 0.0330 
        D552  1 0.1275 0.0966 0.0577 0.5653 0.1529 
        D553  1 0.2939 0.5944 0.0229 0.0274 0.0614 
        D615  1 0.2496 0.1704 0.0712 0.2728 0.2360 
        D616  1 0.1211 0.5675 0.0432 0.2083 0.0599 
        D621  1 0.0489 0.0210 0.0489 0.7504 0.1309 
        D622  1 0.0635 0.0852 0.1835 0.6051 0.0627 
        D623  1 0.1912 0.3685 0.0408 0.1166 0.2829 
        D624  1 0.0409 0.0380 0.0267 0.0302 0.8641 
        D625  1 0.0774 0.2168 0.0447 0.1260 0.5351 
        D626  1 0.0826 0.0521 0.1082 0.1002 0.6570 
        D627  1 0.4238 0.2750 0.2255 0.0234 0.0523 
        D690  1 0.0475 0.2229 0.0363 0.1332 0.5601 
        D691  1 0.0284 0.1466 0.5512 0.2306 0.0432 
        D710  1 0.1787 0.4420 0.0316 0.1791 0.1685 
        D711  1 0.0852 0.4130 0.1366 0.1466 0.2185 
        D712  1 0.1599 0.0527 0.0579 0.1267 0.6028 
        D713  1 0.1207 0.0543 0.0312 0.0685 0.7253 
        D746  1 0.0261 0.0434 0.0956 0.7966 0.0383 
        D747  1 0.0331 0.8620 0.0286 0.0308 0.0454 
        D748  1 0.0538 0.2591 0.4272 0.1073 0.1525 
        D749  1 0.2017 0.0430 0.0502 0.6356 0.0695 
        D750  1 0.0410 0.0874 0.0298 0.0587 0.7830 
        D763  1 0.1431 0.3408 0.1817 0.2314 0.1029 
        D764  1 0.1183 0.3576 0.0183 0.1085 0.3972 
        D765  1 0.3136 0.0219 0.0895 0.4705 0.1045 
        D766  1 0.1117 0.0585 0.0374 0.6389 0.1535 
        D767  1 0.1583 0.1380 0.2510 0.3075 0.1451 
        D768  1 0.2645 0.6505 0.0312 0.0282 0.0255 
        D811  1 0.1299 0.0480 0.0321 0.0602 0.7298 
        D816  1 0.1689 0.5135 0.0258 0.0478 0.2441 
        D825  1 0.1221 0.0403 0.0475 0.1548 0.6354 
        D866  1 0.1766 0.3003 0.1816 0.1181 0.2234 
        D867  1 0.0861 0.0305 0.0299 0.8088 0.0447 
        D871  1 0.4444 0.0482 0.2493 0.0217 0.2364 
        D872  1 0.0940 0.1233 0.0311 0.6500 0.1016 
        D873  1 0.0250 0.0106 0.0141 0.9388 0.0114 
        D874  1 0.1442 0.2522 0.1239 0.0240 0.4558 
        D875  1 0.5444 0.0434 0.2968 0.0424 0.0731 
        D876  1 0.2035 0.2275 0.0535 0.2320 0.2834 
        D877  1 0.1781 0.0328 0.0316 0.0402 0.7174 
        D892  1 0.0840 0.1808 0.2919 0.0671 0.3761 
        D893  1 0.3620 0.2787 0.1763 0.1026 0.0804 
        D894  1 0.1855 0.3976 0.1983 0.0585 0.1601 
        D915  1 0.1891 0.2619 0.1593 0.1436 0.2460 
        D916  1 0.0669 0.7780 0.0266 0.0418 0.0866 
        D917  1 0.2484 0.1725 0.0243 0.0548 0.5001 
        D925  1 0.0474 0.0376 0.0153 0.8213 0.0784 
        D926  1 0.1504 0.1976 0.1138 0.0547 0.4836 
        D927  1 0.0926 0.6628 0.1072 0.0660 0.0715 
        D928  1 0.0465 0.0341 0.0118 0.0319 0.8757 
        D929  1 0.1692 0.0547 0.2002 0.0882 0.4877 
        D936  1 0.1193 0.5123 0.1379 0.0488 0.1818 
        D938  1 0.0295 0.0242 0.0350 0.8763 0.0351 
        D956  1 0.2139 0.0450 0.0969 0.0628 0.5815 
        D957  1 0.1514 0.1238 0.0506 0.6245 0.0496 
        D958  1 0.0687 0.1089 0.0342 0.4754 0.3128 
        D959  1 0.1534 0.7118 0.0241 0.0826 0.0280 
        D960  1 0.0442 0.0230 0.0514 0.8530 0.0285 
        D989  1 0.1441 0.5110 0.0528 0.0388 0.2534 
        D990  1 0.0207 0.0304 0.0380 0.8873 0.0235 
        H102  1 0.0729 0.0814 0.0559 0.1002 0.6896 
        H103  1 0.7275 0.0864 0.0319 0.1261 0.0281 
        H104  1 0.0971 0.1933 0.5056 0.0362 0.1679 
        H105  1 0.1752 0.1342 0.0303 0.0839 0.5765 
        H106  1 0.1286 0.0428 0.3149 0.4003 0.1134 
        H112  1 0.2502 0.0964 0.2282 0.0961 0.3290 
        H113  1 0.2347 0.4347 0.1306 0.0858 0.1143 
        H114  1 0.1581 0.6588 0.0607 0.0937 0.0287 
        H115  1 0.1265 0.2339 0.3911 0.0692 0.1793 
        H143  1 0.2373 0.3451 0.0387 0.1995 0.1794 
        H144  1 0.4680 0.3790 0.0360 0.0686 0.0484 
        H145  1 0.2075 0.0304 0.0352 0.0960 0.6309 
        H149  1 0.1233 0.2438 0.4962 0.0454 0.0913 
        H150  1 0.2260 0.0484 0.3473 0.1335 0.2449 
     H167542  1 0.1855 0.3360 0.0810 0.1125 0.2849 
     H169604  1 0.0994 0.3272 0.1411 0.0327 0.3996 
     H169607  1 0.1886 0.0506 0.0508 0.0480 0.6620 
     H169608  1 0.0542 0.0366 0.0464 0.0770 0.7857 
     H169633  1 0.1907 0.5306 0.0673 0.0747 0.1368 
     H169688  1 0.0987 0.0699 0.0465 0.7355 0.0494 
     H169714  1 0.0348 0.0342 0.8709 0.0326 0.0274 
     H171802  1 0.1400 0.3927 0.1763 0.2373 0.0537 
     H171805  1 0.2182 0.0355 0.2167 0.4787 0.0508 
     H171807  1 0.3387 0.0541 0.1656 0.1042 0.3374 
     H171814  1 0.3278 0.5237 0.0421 0.0754 0.0309 
     H171816  1 0.3280 0.0730 0.1648 0.3331 0.1010 
     H171817  1 0.0751 0.0721 0.1451 0.1141 0.5937 
     H171818  1 0.2374 0.1967 0.1527 0.3616 0.0516 
     H171819  1 0.2284 0.3105 0.1334 0.1758 0.1519 
     H171834  1 0.1870 0.0929 0.5057 0.1738 0.0406 
     H171835  1 0.0254 0.0901 0.7525 0.0673 0.0647 
     H171836  1 0.2807 0.1492 0.0281 0.4952 0.0468 
     H171837  1 0.0742 0.3942 0.1076 0.0868 0.3372 
     H171838  1 0.2517 0.0233 0.4521 0.2495 0.0234 
     H171839  1 0.0478 0.4997 0.2613 0.0352 0.1561 
     H171841  1 0.1419 0.0174 0.0552 0.3087 0.4768 
     H171860  1 0.0831 0.2469 0.0505 0.0358 0.5837 
     H171861  1 0.2926 0.1450 0.0403 0.4226 0.0996 
     H171862  1 0.2707 0.1406 0.4200 0.0682 0.1005 
     H171868  1 0.2228 0.4829 0.0979 0.0645 0.1319 
     H171869  1 0.4130 0.0633 0.0627 0.4326 0.0284 
     H171870  1 0.0933 0.0600 0.3651 0.4260 0.0557 
     H171871  1 0.4475 0.0859 0.2273 0.1982 0.0412 
     H171872  1 0.0556 0.1158 0.2004 0.0426 0.5856 
     H171873  1 0.0634 0.0912 0.2852 0.5210 0.0392 
     H171874  1 0.1274 0.4192 0.0887 0.2330 0.1317 
     H171875  1 0.3536 0.4664 0.0268 0.1009 0.0523 
     H171876  1 0.2279 0.5612 0.0278 0.0460 0.1371 
     H171877  1 0.1059 0.3602 0.0772 0.0889 0.3678 
     H171878  1 0.4148 0.0592 0.0679 0.4285 0.0296 
     H171901  1 0.0551 0.0551 0.0451 0.2323 0.6124 
     H171902  1 0.0680 0.0234 0.0477 0.0601 0.8008 
     H171903  1 0.2475 0.5047 0.1281 0.0371 0.0825 
     H171935  1 0.1294 0.0234 0.4688 0.2948 0.0837 
     H171936  1 0.1234 0.6284 0.0593 0.1560 0.0330 
     H171940  1 0.2430 0.0642 0.0845 0.0644 0.5439 
     H171945  1 0.3296 0.0669 0.0676 0.4077 0.1283 
     H171948  1 0.3516 0.0592 0.3720 0.0958 0.1214 
     H171949  1 0.0512 0.0377 0.5710 0.0589 0.2814 
     H171950  1 0.0224 0.0789 0.4863 0.0955 0.3169 
     H171963  1 0.0910 0.0442 0.0593 0.7803 0.0252 
     H171964  1 0.4374 0.1175 0.2935 0.1195 0.0321 
     H171966  1 0.1588 0.0670 0.2366 0.4556 0.0819 
     H171968  1 0.0257 0.0313 0.0381 0.0989 0.8060 
     H171971  1 0.2146 0.0499 0.5783 0.1338 0.0233 
     H171972  1 0.4672 0.3126 0.0299 0.1221 0.0682 
     H171977  1 0.3324 0.1207 0.1001 0.3790 0.0678 
     H171978  1 0.2706 0.0282 0.3765 0.1938 0.1309 
     H171979  1 0.5886 0.1114 0.0940 0.1239 0.0820 
        H176  1 0.0595 0.2521 0.0449 0.0369 0.6066 
        H177  1 0.1205 0.0368 0.2686 0.2973 0.2767 
        H179  1 0.0966 0.6306 0.0630 0.0331 0.1767 
        H181  1 0.6006 0.0538 0.0756 0.2212 0.0487 
        H182  1 0.3879 0.0319 0.0699 0.4198 0.0905 
        H183  1 0.2585 0.0975 0.0235 0.6000 0.0205 
        H184  1 0.1723 0.0472 0.1839 0.1540 0.4426 
        H185  1 0.2953 0.1184 0.0666 0.4598 0.0600 
        H186  1 0.4199 0.2945 0.0827 0.1488 0.0541 
        H187  1 0.1186 0.0761 0.0192 0.7541 0.0320 
        H188  1 0.0955 0.4330 0.0927 0.0407 0.3380 
        H192  1 0.0780 0.0284 0.5938 0.2303 0.0695 
        H193  1 0.6427 0.0390 0.0493 0.1285 0.1405 
        H194  1 0.1741 0.1324 0.5703 0.0343 0.0889 
        H195  1 0.0780 0.0523 0.0517 0.7904 0.0275 
        H199  1 0.1965 0.0571 0.0514 0.3538 0.3413 
        H200  1 0.0795 0.5736 0.0532 0.1027 0.1909 
        H414  1 0.2569 0.1648 0.3191 0.1382 0.1209 
        H415  1 0.2408 0.4445 0.0839 0.0820 0.1489 
        H422  1 0.2011 0.0891 0.0473 0.2914 0.3710 
        H423  1 0.1846 0.0324 0.1002 0.0905 0.5923 
        H424  1 0.5173 0.0965 0.0330 0.3249 0.0283 
        H425  1 0.1486 0.0677 0.0366 0.7044 0.0426 
        H426  1 0.4666 0.0605 0.2555 0.1747 0.0426 
        H443  1 0.2952 0.4756 0.0277 0.1113 0.0902 
        H466  1 0.3924 0.2113 0.2843 0.0577 0.0543 
        H467  1 0.0218 0.0337 0.8570 0.0578 0.0298 
        H472  1 0.0780 0.0745 0.0400 0.0354 0.7720 
        H483  1 0.4052 0.1948 0.0545 0.2149 0.1305 
        H504  1 0.1808 0.0835 0.0417 0.5909 0.1031 
        H505  1 0.2289 0.2463 0.1578 0.1595 0.2076 
        H506  1 0.5641 0.0894 0.0400 0.1436 0.1628 
        H507  1 0.2840 0.1131 0.0544 0.4555 0.0930 
        H508  1 0.5132 0.0975 0.2529 0.0800 0.0564 
        H524  1 0.1210 0.3419 0.1153 0.3260 0.0959 
        H525  1 0.3031 0.1912 0.0657 0.1661 0.2739 
        H526  1 0.1069 0.2866 0.0314 0.0482 0.5268 
        H527  1 0.2553 0.0597 0.1152 0.2152 0.3546 
        H528  1 0.2721 0.4293 0.0653 0.0382 0.1950 
        H529  1 0.3122 0.1393 0.1245 0.3213 0.1027 
        H533  1 0.3744 0.0553 0.1794 0.3016 0.0893 
        H538  1 0.0926 0.1441 0.0804 0.0588 0.6242 
        H539  1 0.0269 0.0207 0.0198 0.9105 0.0221 
        H540  1 0.2353 0.0707 0.1294 0.3925 0.1721 
        H541  1 0.1812 0.4164 0.1423 0.0647 0.1954 
        H558  1 0.2225 0.0236 0.0249 0.7044 0.0246 
        H559  1 0.2505 0.2591 0.0274 0.0724 0.3906 
        H579  1 0.1199 0.0291 0.0238 0.7645 0.0627 
        H584  1 0.1711 0.0974 0.4991 0.0942 0.1382 
        H585  1 0.4883 0.1841 0.2274 0.0598 0.0403 
        H605  1 0.1597 0.1527 0.1579 0.3252 0.2045 
        H606  1 0.0349 0.0714 0.0273 0.0428 0.8236 
        H632  1 0.2741 0.2874 0.1377 0.1029 0.1979 
        H634  1 0.1800 0.1792 0.0993 0.3769 0.1645 
        H671  1 0.0641 0.0592 0.0674 0.0199 0.7894 
        H672  1 0.0244 0.9015 0.0200 0.0237 0.0304 
        H673  1 0.6348 0.1797 0.0339 0.0679 0.0836 
        H689  1 0.2977 0.3880 0.1185 0.0982 0.0977 
        H690  1 0.1583 0.0962 0.4019 0.1312 0.2124 
        H691  1 0.0819 0.6765 0.0685 0.0760 0.0971 
        H692  1 0.6777 0.2068 0.0220 0.0591 0.0344 
        H709  1 0.1683 0.3761 0.2675 0.0678 0.1203 
        H710  1 0.7537 0.1055 0.0531 0.0538 0.0338 
       H7355  1 0.1424 0.0726 0.0924 0.1036 0.5891 
       H7356  1 0.2089 0.0512 0.3876 0.2857 0.0666 
       H7357  1 0.0614 0.0973 0.0869 0.1429 0.6114 
       H7358  1 0.0602 0.3458 0.0215 0.2201 0.3525 
       H7380  1 0.3808 0.1018 0.1341 0.0677 0.3156 
       H7381  1 0.5318 0.0777 0.1406 0.0666 0.1833 
       H7382  1 0.3302 0.1625 0.0867 0.2381 0.1825 
        H904  1 0.0418 0.1639 0.1184 0.0800 0.5960 
        H923  1 0.1397 0.2598 0.1679 0.2724 0.1603 
        H924  1 0.1528 0.2289 0.0523 0.1819 0.3841 
        H925  1 0.1028 0.5181 0.0246 0.1808 0.1736 
       H9558  1 0.0865 0.0164 0.0264 0.8502 0.0205 
      H105.1  1 0.7652 0.0473 0.1255 0.0356 0.0264 
      H115.1  1 0.2440 0.4756 0.0720 0.1283 0.0801 
      H145.1  1 0.0480 0.0585 0.0234 0.0436 0.8265 
      H149.1  1 0.0812 0.7877 0.0249 0.0520 0.0542 
      H150.1  1 0.1382 0.0248 0.1547 0.5882 0.0941 
   H169607.1  1 0.1595 0.1010 0.0557 0.1623 0.5214 
   H169633.1  1 0.0521 0.6268 0.0236 0.1624 0.1351 
   H169688.1  1 0.3755 0.4779 0.0171 0.0762 0.0533 
   H171901.1  1 0.3098 0.2944 0.0947 0.2141 0.0870 
   H171902.1  1 0.0335 0.0348 0.0266 0.0832 0.8219 
   H171903.1  1 0.3565 0.0591 0.2630 0.0480 0.2734 
      H177.1  1 0.0605 0.7064 0.0413 0.0533 0.1386 
      H179.1  1 0.1023 0.3886 0.0617 0.1226 0.3247 
      H180.1  1 0.3666 0.0554 0.1914 0.1428 0.2438 
      H181.1  1 0.3510 0.1256 0.1949 0.1940 0.1345 
 H194.1_2004  1 0.3034 0.1650 0.1476 0.3238 0.0603 
 H195.1_2003  1 0.3042 0.2171 0.1106 0.2611 0.1069 
 H195.1_2004  1 0.0545 0.2861 0.0441 0.0536 0.5617 
      H415.1  1 0.2027 0.4455 0.0764 0.1695 0.1060 
      H506.1  1 0.3984 0.3495 0.0330 0.0944 0.1247 
      H533.1  1 0.3579 0.1202 0.0514 0.2767 0.1938 
      H535.1  1 0.1820 0.1876 0.3060 0.1603 0.1641 
      H539.1  1 0.1418 0.0392 0.0374 0.6778 0.1037 
      H540.1  1 0.0464 0.0169 0.0332 0.8699 0.0337 
     H9558.1  1 0.0436 0.0398 0.0221 0.8596 0.0348 
    kos339.1  1 0.1092 0.4618 0.1812 0.0509 0.1969 
        D023  2 0.0310 0.1045 0.0207 0.8210 0.0228 
        D130  2 0.0405 0.0292 0.0820 0.8131 0.0352 
        D131  2 0.2648 0.5538 0.0902 0.0406 0.0507 
        D163  2 0.0448 0.0325 0.1976 0.6793 0.0458 
        D164  2 0.0503 0.0368 0.0129 0.8897 0.0103 
        D165  2 0.0403 0.1580 0.0413 0.7394 0.0211 
        D166  2 0.3536 0.0342 0.2885 0.2149 0.1088 
        D167  2 0.5816 0.1063 0.0303 0.2551 0.0267 
        D192  2 0.5799 0.0850 0.0295 0.2896 0.0160 
        D193  2 0.4948 0.0324 0.2335 0.0868 0.1525 
        D206  2 0.3312 0.3853 0.0584 0.1541 0.0710 
        D207  2 0.5095 0.2780 0.1195 0.0581 0.0349 
        D208  2 0.1171 0.1197 0.1751 0.0775 0.5106 
        D209  2 0.5311 0.0595 0.0230 0.3669 0.0195 
        D210  2 0.0491 0.2324 0.1976 0.0508 0.4702 
     D229599  2 0.3755 0.1753 0.1858 0.1668 0.0966 
     D229600  2 0.1489 0.0552 0.0647 0.6981 0.0332 
     D237227  2 0.0943 0.2095 0.0866 0.2951 0.3145 
     D237228  2 0.2825 0.0448 0.0371 0.4300 0.2057 
     D237258  2 0.2712 0.3150 0.0628 0.1981 0.1529 
     D237310  2 0.1470 0.0289 0.2352 0.4818 0.1071 
     D237311  2 0.3058 0.0622 0.0699 0.5335 0.0286 
     D237312  2 0.1901 0.0320 0.4049 0.1417 0.2312 
     D237313  2 0.1779 0.0691 0.1107 0.2909 0.3514 
     D237322  2 0.0967 0.0417 0.6626 0.0490 0.1499 
     D237323  2 0.0670 0.0511 0.1163 0.6397 0.1260 
     D237324  2 0.2623 0.0957 0.1882 0.4309 0.0229 
     D237325  2 0.1084 0.0670 0.2540 0.3605 0.2101 
     D237326  2 0.0967 0.0979 0.0303 0.7175 0.0577 
     D237327  2 0.1538 0.2453 0.4909 0.0554 0.0545 
     D237337  2 0.0781 0.0389 0.1316 0.6123 0.1391 
     D237338  2 0.1051 0.0887 0.5220 0.1768 0.1074 
     D237339  2 0.2210 0.5298 0.1296 0.0853 0.0343 
     D237340  2 0.2814 0.1083 0.1237 0.3034 0.1832 
     D237389  2 0.3262 0.0227 0.0934 0.5253 0.0325 
     D237390  2 0.1872 0.0778 0.4785 0.0999 0.1566 
     D244017  2 0.5224 0.1488 0.0417 0.1411 0.1460 
     D244112  2 0.4762 0.0258 0.0580 0.4224 0.0176 
     D244118  2 0.1372 0.0256 0.0323 0.7918 0.0131 
     D244119  2 0.1125 0.3013 0.0396 0.0917 0.4549 
     D244120  2 0.4328 0.0388 0.3303 0.1432 0.0550 
     D244122  2 0.3902 0.0993 0.0835 0.3574 0.0697 
        D291  2 0.5624 0.0958 0.1776 0.1047 0.0595 
        D292  2 0.1550 0.4294 0.1113 0.1800 0.1243 
        D293  2 0.0132 0.9515 0.0140 0.0121 0.0092 
        D322  2 0.0633 0.8007 0.0429 0.0744 0.0187 
        D323  2 0.4806 0.3149 0.0451 0.0841 0.0753 
        D324  2 0.1103 0.5024 0.1481 0.1151 0.1241 
        D325  2 0.0191 0.9358 0.0221 0.0119 0.0111 
        D326  2 0.2763 0.6479 0.0235 0.0137 0.0386 
        D340  2 0.0740 0.8470 0.0220 0.0359 0.0211 
        D341  2 0.0643 0.3831 0.4182 0.0736 0.0607 
        D342  2 0.3089 0.0263 0.1138 0.5222 0.0289 
        D343  2 0.0146 0.9545 0.0142 0.0096 0.0071 
        D344  2 0.7534 0.0705 0.0601 0.0711 0.0449 
        D345  2 0.3241 0.0521 0.0272 0.5469 0.0497 
        D346  2 0.1345 0.2232 0.0475 0.0408 0.5539 
        D351  2 0.2811 0.5616 0.0558 0.0511 0.0503 
        D352  2 0.7018 0.0837 0.0287 0.0923 0.0936 
        D353  2 0.6991 0.2194 0.0267 0.0183 0.0366 
        D354  2 0.6371 0.0440 0.0341 0.1448 0.1399 
        D362  2 0.2089 0.4125 0.0298 0.1677 0.1811 
        D363  2 0.1871 0.4902 0.0220 0.1238 0.1768 
        D364  2 0.6675 0.0889 0.0337 0.1408 0.0691 
        D365  2 0.0116 0.9566 0.0103 0.0103 0.0111 
        D369  2 0.0628 0.8602 0.0206 0.0242 0.0321 
        D374  2 0.3458 0.0271 0.0284 0.0662 0.5324 
        D375  2 0.8200 0.0273 0.0315 0.0851 0.0362 
        D376  2 0.3714 0.0325 0.0865 0.1385 0.3711 
        D377  2 0.2067 0.0704 0.1933 0.1465 0.3831 
        D378  2 0.0778 0.7924 0.0635 0.0361 0.0301 
        D379  2 0.4223 0.3251 0.0867 0.0539 0.1120 
        D384  2 0.2620 0.5266 0.0263 0.0290 0.1561 
        D385  2 0.2009 0.6930 0.0271 0.0497 0.0293 
        D386  2 0.2739 0.3959 0.0575 0.1945 0.0783 
        D391  2 0.0449 0.8745 0.0333 0.0234 0.0238 
        D392  2 0.1637 0.6487 0.0195 0.1332 0.0350 
        D393  2 0.0675 0.6766 0.1526 0.0616 0.0416 
        D394  2 0.2891 0.1414 0.1086 0.4060 0.0550 
        D395  2 0.3562 0.5138 0.0626 0.0501 0.0174 
        D401  2 0.1856 0.0424 0.0250 0.7088 0.0381 
        D402  2 0.2039 0.5345 0.0999 0.1137 0.0480 
        D403  2 0.4162 0.1585 0.1289 0.1755 0.1210 
        D415  2 0.3484 0.5506 0.0420 0.0252 0.0337 
        D435  2 0.0453 0.8257 0.0568 0.0425 0.0296 
        D436  2 0.3258 0.1649 0.1738 0.0494 0.2862 
        D438  2 0.0609 0.8497 0.0246 0.0335 0.0313 
        D439  2 0.6412 0.1378 0.0429 0.1476 0.0304 
        D449  2 0.6760 0.1757 0.0586 0.0677 0.0220 
        D450  2 0.1012 0.0332 0.0736 0.0589 0.7331 
        D456  2 0.4101 0.4769 0.0224 0.0363 0.0544 
        D462  2 0.0475 0.9072 0.0171 0.0177 0.0105 
        D463  2 0.4491 0.4276 0.0187 0.0199 0.0848 
        D464  2 0.6014 0.2358 0.0786 0.0229 0.0613 
        D465  2 0.0583 0.8653 0.0262 0.0271 0.0231 
        D473  2 0.0332 0.0598 0.0398 0.0498 0.8174 
        D474  2 0.0485 0.7004 0.0689 0.0601 0.1221 
        D476  2 0.1333 0.1608 0.2752 0.4103 0.0204 
        D477  2 0.2115 0.2451 0.1003 0.0754 0.3677 
        D478  2 0.5914 0.0694 0.0292 0.1835 0.1265 
        D480  2 0.0328 0.4889 0.3533 0.0307 0.0943 
        D481  2 0.2299 0.3069 0.0355 0.3351 0.0927 
        D482  2 0.2921 0.0614 0.2822 0.1444 0.2199 
        D483  2 0.3779 0.3779 0.0264 0.1842 0.0335 
        D484  2 0.4700 0.1363 0.1668 0.1220 0.1049 
        D510  2 0.1892 0.0238 0.0449 0.0354 0.7068 
        D511  2 0.1298 0.6863 0.0768 0.0672 0.0400 
        D512  2 0.2875 0.1391 0.0536 0.5006 0.0192 
        D513  2 0.0585 0.7737 0.0411 0.0435 0.0832 
        D635  2 0.1195 0.5668 0.0219 0.2622 0.0297 
        D636  2 0.0179 0.0158 0.0137 0.9318 0.0208 
        D637  2 0.1373 0.2122 0.4330 0.0489 0.1686 
        D658  2 0.1895 0.2281 0.2865 0.2005 0.0953 
        D659  2 0.1733 0.4289 0.1836 0.0911 0.1232 
        D677  2 0.1862 0.2367 0.3603 0.1306 0.0862 
        D678  2 0.5402 0.0199 0.0222 0.4018 0.0158 
        D679  2 0.1627 0.3802 0.1966 0.0586 0.2018 
        D719  2 0.0317 0.7383 0.0425 0.0252 0.1624 
        D720  2 0.1418 0.4587 0.0373 0.0892 0.2730 
        D721  2 0.0452 0.1504 0.0814 0.6813 0.0418 
        D722  2 0.4283 0.0697 0.0330 0.1778 0.2912 
        D734  2 0.0525 0.3365 0.2819 0.0200 0.3090 
        D735  2 0.1264 0.3451 0.1664 0.1792 0.1829 
        D736  2 0.1324 0.2063 0.1268 0.1159 0.4186 
        D737  2 0.1867 0.1189 0.3551 0.2971 0.0422 
        D807  2 0.0867 0.3102 0.1224 0.0626 0.4181 
        D808  2 0.1800 0.4269 0.1700 0.1916 0.0315 
        D817  2 0.4791 0.1615 0.0295 0.1292 0.2007 
        D818  2 0.0656 0.6312 0.2265 0.0333 0.0435 
        D819  2 0.2674 0.5425 0.0315 0.0987 0.0599 
        D820  2 0.0570 0.7806 0.0973 0.0180 0.0471 
        D895  2 0.3233 0.2047 0.0545 0.3083 0.1092 
        D896  2 0.0658 0.0296 0.0366 0.8162 0.0517 
        D897  2 0.1974 0.0493 0.5533 0.1668 0.0333 
        D898  2 0.5179 0.0389 0.2398 0.1233 0.0801 
        D918  2 0.0854 0.2084 0.4197 0.0872 0.1993 
        D919  2 0.4835 0.3673 0.0641 0.0547 0.0304 
        D920  2 0.0363 0.0151 0.1040 0.8179 0.0267 
        D923  2 0.4279 0.4112 0.0414 0.0448 0.0747 
        D930  2 0.0919 0.0373 0.0582 0.0504 0.7622 
        D931  2 0.0929 0.7162 0.0833 0.0356 0.0721 
        D968  2 0.1916 0.7490 0.0197 0.0246 0.0151 
        D969  2 0.1792 0.6452 0.0956 0.0318 0.0482 
        D977  2 0.0675 0.7744 0.0924 0.0311 0.0346 
        D978  2 0.2622 0.0505 0.6120 0.0254 0.0498 
        H008  2 0.5920 0.1423 0.0313 0.0727 0.1617 
        H021  2 0.0686 0.2660 0.4772 0.1177 0.0704 
        H023  2 0.0729 0.0878 0.1056 0.1402 0.5935 
        H024  2 0.4717 0.1918 0.1297 0.1774 0.0294 
        H025  2 0.6037 0.0888 0.0857 0.1001 0.1216 
        H026  2 0.1527 0.7786 0.0257 0.0244 0.0186 
        H027  2 0.0473 0.6191 0.2196 0.0489 0.0651 
        H028  2 0.4409 0.0842 0.0914 0.2778 0.1057 
        H029  2 0.0870 0.8107 0.0168 0.0606 0.0249 
        H030  2 0.4721 0.2449 0.0629 0.1967 0.0234 
        H038  2 0.0425 0.0622 0.1321 0.7074 0.0559 
        H039  2 0.0306 0.0182 0.0458 0.0419 0.8635 
        H040  2 0.0530 0.0795 0.3440 0.4617 0.0618 
        H041  2 0.1587 0.6809 0.0467 0.0402 0.0736 
        H042  2 0.1343 0.0451 0.0638 0.1622 0.5947 
        H043  2 0.0327 0.0226 0.0235 0.8849 0.0363 
        H044  2 0.2965 0.0351 0.0425 0.5565 0.0694 
        H047  2 0.0670 0.0405 0.0589 0.7502 0.0834 
        H050  2 0.0950 0.6122 0.1382 0.1076 0.0471 
        H058  2 0.3125 0.0728 0.1678 0.4035 0.0434 
        H062  2 0.0489 0.0337 0.0427 0.1259 0.7488 
        H063  2 0.2296 0.2986 0.0925 0.2914 0.0879 
        H065  2 0.4238 0.3603 0.0269 0.0421 0.1469 
        H066  2 0.0576 0.0810 0.0995 0.7420 0.0199 
        H067  2 0.1338 0.1322 0.2385 0.1021 0.3933 
        H068  2 0.1049 0.0572 0.1342 0.0847 0.6189 
        H069  2 0.1425 0.1629 0.0275 0.6143 0.0528 
        H071  2 0.2054 0.2743 0.1325 0.0542 0.3336 
        H072  2 0.1694 0.0668 0.0714 0.0634 0.6290 
        H073  2 0.3805 0.1871 0.2730 0.1096 0.0499 
        H081  2 0.1376 0.1040 0.0656 0.0313 0.6614 
        H082  2 0.3213 0.2352 0.0250 0.3925 0.0260 
        H083  2 0.3483 0.4536 0.0455 0.1263 0.0263 
        H084  2 0.1055 0.0793 0.5582 0.1532 0.1038 
        H085  2 0.0726 0.7237 0.0438 0.0191 0.1409 
        H087  2 0.1548 0.1686 0.1449 0.0542 0.4775 
        H088  2 0.2369 0.2862 0.1061 0.1406 0.2302 
        H089  2 0.1279 0.3548 0.0622 0.1763 0.2787 
        H090  2 0.0228 0.9166 0.0233 0.0157 0.0217 
        H091  2 0.0431 0.8655 0.0394 0.0183 0.0337 
        H098  2 0.4761 0.1144 0.2210 0.1043 0.0841 
      H10001  2 0.0217 0.0192 0.0540 0.0337 0.8714 
      H10002  2 0.1268 0.1876 0.1581 0.1926 0.3349 
        H101  2 0.1401 0.6230 0.0997 0.1037 0.0335 
        H108  2 0.0651 0.0296 0.0387 0.0193 0.8473 
        H109  2 0.2746 0.2027 0.1315 0.3249 0.0663 
        H110  2 0.3437 0.3239 0.0443 0.0650 0.2231 
        H116  2 0.5819 0.1248 0.0878 0.1366 0.0689 
        H117  2 0.0397 0.6417 0.2683 0.0240 0.0264 
        H118  2 0.0762 0.8465 0.0279 0.0199 0.0296 
        H119  2 0.1517 0.4309 0.1556 0.0862 0.1756 
        H120  2 0.0527 0.0376 0.0298 0.0427 0.8373 
        H121  2 0.0382 0.9002 0.0154 0.0153 0.0309 
        H125  2 0.0602 0.0298 0.3973 0.0276 0.4851 
        H126  2 0.3700 0.0389 0.0238 0.4825 0.0848 
        H128  2 0.0148 0.9545 0.0112 0.0111 0.0083 
        H129  2 0.6290 0.0752 0.2201 0.0508 0.0250 
        H130  2 0.0836 0.0128 0.0370 0.0605 0.8062 
        H133  2 0.1189 0.0695 0.1678 0.0688 0.5750 
        H134  2 0.7570 0.1813 0.0177 0.0268 0.0171 
        H135  2 0.1852 0.4997 0.0354 0.1293 0.1504 
        H137  2 0.1277 0.2387 0.5583 0.0438 0.0315 
        H138  2 0.6726 0.0715 0.1165 0.0698 0.0697 
        H140  2 0.0431 0.6040 0.2216 0.0445 0.0868 
        H146  2 0.0201 0.9239 0.0271 0.0131 0.0157 
        H147  2 0.5615 0.2513 0.0972 0.0526 0.0374 
        H148  2 0.0636 0.4337 0.3239 0.0859 0.0930 
     H166022  2 0.4325 0.1042 0.1311 0.1738 0.1584 
     H167359  2 0.3831 0.1462 0.1167 0.1929 0.1612 
     H167397  2 0.7193 0.1295 0.0197 0.1080 0.0235 
     H167428  2 0.0963 0.8419 0.0142 0.0253 0.0223 
     H167496  2 0.0892 0.2563 0.3293 0.0470 0.2782 
     H167513  2 0.0435 0.0173 0.0924 0.8180 0.0288 
     H167545  2 0.0313 0.0236 0.0263 0.8882 0.0306 
     H167547  2 0.5643 0.1777 0.1958 0.0400 0.0223 
     H169621  2 0.1918 0.2065 0.4331 0.1348 0.0338 
     H169622  2 0.2407 0.0938 0.0386 0.4430 0.1839 
     H169750  2 0.4954 0.2430 0.0859 0.0953 0.0805 
     H171806  2 0.0414 0.7708 0.0624 0.0293 0.0962 
     H171808  2 0.0673 0.2142 0.0227 0.2315 0.4644 
     H171809  2 0.1533 0.0965 0.0617 0.0743 0.6141 
     H171813  2 0.0226 0.0383 0.8301 0.0714 0.0376 
     H171815  2 0.0723 0.0475 0.1105 0.7209 0.0488 
     H171824  2 0.0461 0.4191 0.1671 0.0246 0.3432 
     H171825  2 0.1309 0.0390 0.0396 0.1274 0.6630 
     H171826  2 0.1137 0.5836 0.1028 0.0677 0.1322 
     H171827  2 0.1272 0.1977 0.2569 0.3587 0.0594 
     H171828  2 0.0301 0.0451 0.1599 0.0274 0.7375 
     H171829  2 0.1273 0.0234 0.6340 0.0645 0.1508 
     H171830  2 0.6025 0.1099 0.0468 0.1156 0.1253 
     H171831  2 0.4197 0.1018 0.1344 0.1940 0.1501 
     H171832  2 0.2551 0.0458 0.0357 0.5902 0.0731 
     H171863  2 0.3509 0.0917 0.0153 0.5240 0.0181 
     H171864  2 0.1370 0.3137 0.0848 0.2117 0.2529 
     H171865  2 0.2894 0.2608 0.0315 0.3329 0.0854 
     H171879  2 0.0677 0.5797 0.2850 0.0391 0.0285 
     H171880  2 0.1561 0.4515 0.2680 0.0901 0.0344 
     H171881  2 0.2268 0.1963 0.3188 0.1687 0.0895 
     H171882  2 0.0574 0.0362 0.0631 0.0484 0.7949 
     H171929  2 0.1967 0.4121 0.0474 0.0969 0.2468 
     H171930  2 0.0314 0.0341 0.0283 0.8876 0.0186 
     H171933  2 0.1145 0.0798 0.6771 0.0422 0.0864 
     H171934  2 0.0765 0.0778 0.2467 0.1033 0.4957 
     H171937  2 0.6224 0.0334 0.0565 0.2373 0.0504 
     H171962  2 0.2006 0.1972 0.0375 0.5050 0.0597 
        H190  2 0.5143 0.1090 0.2846 0.0618 0.0304 
        H191  2 0.2494 0.1231 0.1082 0.4121 0.1072 
        H396  2 0.1537 0.5117 0.0492 0.0493 0.2361 
        H397  2 0.2962 0.0916 0.2334 0.0631 0.3156 
        H398  2 0.2044 0.3355 0.0814 0.0975 0.2812 
        H400  2 0.0967 0.1467 0.0281 0.2875 0.4411 
        H401  2 0.3407 0.1588 0.4196 0.0555 0.0254 
        H402  2 0.1185 0.1605 0.1730 0.5209 0.0271 
        H427  2 0.3623 0.3055 0.0934 0.0646 0.1743 
        H428  2 0.0977 0.8447 0.0121 0.0237 0.0219 
        H497  2 0.0478 0.0310 0.0250 0.8593 0.0369 
        H512  2 0.2558 0.2750 0.3194 0.1006 0.0492 
        H513  2 0.0431 0.0154 0.1283 0.7856 0.0275 
        H514  2 0.6362 0.0996 0.0306 0.1953 0.0383 
        H519  2 0.1305 0.0213 0.1198 0.6899 0.0385 
        H532  2 0.0394 0.8238 0.0271 0.0630 0.0468 
        H543  2 0.1813 0.3729 0.0906 0.3046 0.0505 
        H544  2 0.2677 0.0868 0.0216 0.1950 0.4289 
        H545  2 0.0210 0.0194 0.0243 0.9122 0.0231 
        H546  2 0.3733 0.0799 0.1146 0.2896 0.1425 
        H547  2 0.6077 0.1681 0.1556 0.0490 0.0196 
        H548  2 0.0930 0.1575 0.0402 0.1894 0.5200 
        H549  2 0.0093 0.0146 0.0136 0.9489 0.0135 
        H620  2 0.0688 0.0580 0.1315 0.0877 0.6540 
        H623  2 0.2703 0.0336 0.1171 0.5503 0.0287 
        H624  2 0.0518 0.0239 0.0183 0.8487 0.0572 
        H625  2 0.1319 0.1447 0.0406 0.2377 0.4452 
        H626  2 0.2245 0.0813 0.0912 0.4830 0.1200 
        H654  2 0.0340 0.0194 0.0896 0.7720 0.0851 
        H655  2 0.1782 0.0658 0.1749 0.1960 0.3851 
        H656  2 0.0343 0.0174 0.0173 0.0235 0.9076 
        H666  2 0.0690 0.2929 0.2293 0.0573 0.3516 
        H667  2 0.1096 0.1070 0.0735 0.6428 0.0670 
        H677  2 0.1470 0.4724 0.0765 0.1076 0.1965 
        H693  2 0.0685 0.0619 0.1368 0.0425 0.6902 
        H694  2 0.2506 0.0678 0.0590 0.5584 0.0642 
        H701  2 0.3436 0.2531 0.1245 0.2357 0.0431 
        H702  2 0.1653 0.0942 0.1210 0.1655 0.4540 
        H731  2 0.2879 0.1617 0.1120 0.0435 0.3948 
       H7359  2 0.4451 0.1168 0.0927 0.1539 0.1915 
       H7389  2 0.0651 0.6954 0.0907 0.1135 0.0352 
       H7390  2 0.0432 0.0456 0.7923 0.0430 0.0758 
       H7391  2 0.0740 0.4993 0.2019 0.0435 0.1814 
       H7392  2 0.0999 0.5219 0.1859 0.1145 0.0779 
       H7393  2 0.0917 0.0323 0.6750 0.1071 0.0939 
       H7398  2 0.2572 0.5242 0.0910 0.0272 0.1004 
       H7399  2 0.0844 0.5206 0.1613 0.2029 0.0309 
       H7400  2 0.0685 0.0204 0.0840 0.1666 0.6604 
        H745  2 0.7961 0.0729 0.0447 0.0587 0.0277 
        H746  2 0.1065 0.1835 0.0492 0.6233 0.0375 
        H747  2 0.0850 0.0596 0.3230 0.1019 0.4306 
        H748  2 0.1711 0.1900 0.0624 0.4887 0.0877 
       H7484  2 0.1071 0.0213 0.1586 0.0448 0.6682 
       H7485  2 0.0519 0.0431 0.0209 0.8621 0.0220 
        H749  2 0.0369 0.0413 0.0172 0.8676 0.0370 
        H930  2 0.0548 0.0649 0.0416 0.8167 0.0220 
        H931  2 0.1989 0.4449 0.0234 0.0611 0.2716 
        H932  2 0.1191 0.6294 0.1037 0.0601 0.0876 
      H008.1  2 0.3077 0.3904 0.0290 0.0467 0.2262 
 H029.1_2002  2 0.7363 0.0575 0.0288 0.1507 0.0268 
 H029.1_2003  2 0.3446 0.5591 0.0278 0.0395 0.0291 
      H030.1  2 0.2209 0.0714 0.6159 0.0437 0.0481 
      H038.1  2 0.1736 0.1533 0.0284 0.1742 0.4705 
      H041.1  2 0.0232 0.9386 0.0129 0.0146 0.0107 
 H042.1_2002  2 0.0245 0.8815 0.0348 0.0242 0.0351 
 H042.1_2003  2 0.4173 0.0826 0.0826 0.2394 0.1781 
   H042_2002  2 0.1246 0.0486 0.0735 0.1708 0.5824 
   H042_2003  2 0.1230 0.0372 0.0517 0.1938 0.5943 
      H043.1  2 0.0279 0.0186 0.0144 0.9130 0.0261 
      H047.1  2 0.1998 0.0260 0.0481 0.6501 0.0759 
 H071.1_2002  2 0.6643 0.0542 0.0604 0.1533 0.0679 
 H071.1_2003  2 0.6076 0.0585 0.0661 0.0645 0.2033 
 H081.1_2002  2 0.8094 0.0488 0.0260 0.0396 0.0762 
 H081.1_2003  2 0.2157 0.1554 0.1540 0.3601 0.1147 
      H083.1  2 0.6928 0.0808 0.0320 0.1797 0.0148 
      H084.1  2 0.1928 0.0294 0.3106 0.4405 0.0267 
 H085.1_2002  2 0.2323 0.4287 0.0253 0.1251 0.1886 
 H085.1_2003  2 0.0307 0.9027 0.0196 0.0199 0.0272 
      H088.1  2 0.0259 0.9191 0.0214 0.0167 0.0169 
      H091.1  2 0.0122 0.9511 0.0133 0.0122 0.0111 
      H109.1  2 0.0813 0.0579 0.1132 0.7176 0.0300 
      H126.1  2 0.2701 0.0497 0.1634 0.2484 0.2683 
      H130.1  2 0.0484 0.0471 0.0434 0.0978 0.7633 
      H133.1  2 0.1344 0.2643 0.0722 0.2841 0.2450 
      H147.1  2 0.5584 0.1134 0.1601 0.0891 0.0791 
      H148.1  2 0.0783 0.1147 0.1119 0.2532 0.4419 
   H166022.1  2 0.2415 0.6535 0.0343 0.0499 0.0207 
   H167397.1  2 0.1512 0.0882 0.0522 0.6806 0.0278 
   H167496.1  2 0.0464 0.5574 0.2164 0.0601 0.1197 
   H167513.1  2 0.1506 0.0288 0.0363 0.7372 0.0472 
   H167547.1  2 0.1200 0.1283 0.4225 0.1516 0.1776 
   H169750.1  2 0.1154 0.3006 0.2497 0.0909 0.2435 
   H171929.1  2 0.1822 0.1313 0.0343 0.6228 0.0294 
   H171930.1  2 0.0318 0.0396 0.0637 0.8391 0.0258 
   H171933.1  2 0.0750 0.6336 0.0452 0.0929 0.1534 
      H190.1  2 0.1128 0.0639 0.6243 0.0632 0.1357 
      H400.1  2 0.0470 0.8505 0.0269 0.0529 0.0227 
 H428.1_2005  2 0.1576 0.6896 0.0314 0.0804 0.0409 
 H428.1_2006  2 0.1691 0.7270 0.0223 0.0466 0.0350 
      H453.1  2 0.1670 0.6550 0.0681 0.0672 0.0427 
      H512.1  2 0.7663 0.0379 0.0864 0.0770 0.0324 
      H513.1  2 0.5195 0.0801 0.0414 0.3364 0.0225 
      H532.1  2 0.1807 0.3578 0.0590 0.2796 0.1230 
      H543.1  2 0.1297 0.4145 0.0319 0.3972 0.0267 
 H545.1_2005  2 0.0167 0.0109 0.0126 0.9464 0.0135 
 H545.1_2006  2 0.1127 0.4254 0.0350 0.3937 0.0331 
      H547.1  2 0.2882 0.5774 0.0736 0.0343 0.0266 
      H548.1  2 0.0260 0.0482 0.0187 0.8523 0.0549 
     H7389.1  2 0.1035 0.6662 0.0315 0.0406 0.1582 
      H747.1  2 0.1969 0.0705 0.1935 0.2104 0.3287 
     H7484.1  2 0.3283 0.1135 0.1193 0.0853 0.3536 
     H7485.1  2 0.1980 0.4750 0.0396 0.2428 0.0446 
     H7496.1  2 0.0895 0.1377 0.6529 0.0302 0.0896 
        D211  3 0.2070 0.0609 0.3274 0.2346 0.1700 
     D229639  3 0.0943 0.3422 0.3322 0.0635 0.1678 
     D237212  3 0.1432 0.2830 0.3089 0.0914 0.1735 
     D237213  3 0.3129 0.0920 0.2696 0.2396 0.0859 
     D237214  3 0.2859 0.0485 0.0462 0.5238 0.0956 
     D237215  3 0.4452 0.0870 0.1291 0.2288 0.1099 
     D237216  3 0.7161 0.0300 0.1248 0.0927 0.0365 
     D237217  3 0.3452 0.0827 0.1948 0.3443 0.0331 
     D237218  3 0.0346 0.0814 0.8153 0.0314 0.0372 
     D237219  3 0.1329 0.0326 0.2491 0.2896 0.2958 
     D237382  3 0.1211 0.0769 0.4376 0.0614 0.3030 
     D244127  3 0.1662 0.0521 0.1662 0.5890 0.0265 
     D244129  3 0.2250 0.2697 0.1080 0.2586 0.1387 
     D244133  3 0.2045 0.1539 0.0392 0.1574 0.4451 
     D244134  3 0.0704 0.1111 0.2077 0.2169 0.3939 
     D244135  3 0.1575 0.1305 0.0748 0.5834 0.0537 
     D244136  3 0.2012 0.2475 0.0361 0.0651 0.4501 
        D416  3 0.2208 0.1372 0.4279 0.1805 0.0337 
        D417  3 0.2159 0.3388 0.3374 0.0400 0.0679 
        D419  3 0.2146 0.2360 0.2058 0.1959 0.1477 
        D565  3 0.0382 0.0430 0.0134 0.0306 0.8747 
        D566  3 0.1303 0.4626 0.1153 0.0433 0.2484 
        D567  3 0.2120 0.4474 0.0364 0.1768 0.1273 
        D568  3 0.2388 0.2594 0.1649 0.3021 0.0347 
        D569  3 0.4611 0.0903 0.0967 0.2922 0.0597 
        D573  3 0.0485 0.8602 0.0550 0.0171 0.0193 
        D574  3 0.3582 0.0543 0.0743 0.1573 0.3559 
        D575  3 0.0559 0.0639 0.0359 0.4353 0.4091 
        D576  3 0.6057 0.0958 0.0664 0.1825 0.0497 
        D577  3 0.2555 0.1213 0.0756 0.1085 0.4391 
        D578  3 0.1856 0.0339 0.0582 0.7048 0.0175 
        D579  3 0.0557 0.2101 0.2338 0.0940 0.4064 
        D660  3 0.3573 0.0754 0.1462 0.3815 0.0395 
        D661  3 0.0257 0.0270 0.9056 0.0244 0.0173 
        D663  3 0.2622 0.3876 0.2780 0.0299 0.0423 
        D664  3 0.1925 0.0308 0.0956 0.4244 0.2566 
        D665  3 0.2716 0.0426 0.0701 0.5889 0.0268 
        D666  3 0.1659 0.0548 0.2034 0.1404 0.4354 
        H111  3 0.4578 0.0379 0.0994 0.3434 0.0615 
        H951  3 0.4338 0.1552 0.0444 0.2993 0.0673 
        H952  3 0.1215 0.4789 0.1984 0.0605 0.1407 
        H953  3 0.0243 0.6899 0.1051 0.0391 0.1415 
        H954  3 0.1626 0.0792 0.1758 0.2578 0.3245 
        H955  3 0.2330 0.1148 0.0235 0.5901 0.0386 
        H956  3 0.0513 0.7706 0.0924 0.0410 0.0448 
       H9563  3 0.1824 0.1449 0.3965 0.0544 0.2217 
        D009  4 0.1313 0.0341 0.2795 0.5200 0.0352 
        D057  4 0.0222 0.0735 0.7766 0.1048 0.0229 
        D109  4 0.2385 0.0426 0.0349 0.3391 0.3449 
     D237222  4 0.0488 0.0364 0.1297 0.6950 0.0900 
     D237223  4 0.1867 0.0769 0.3471 0.2443 0.1449 
     D237224  4 0.2011 0.4718 0.1312 0.1399 0.0560 
     D237225  4 0.1456 0.0327 0.6318 0.1144 0.0755 
     D237299  4 0.1273 0.0170 0.7946 0.0207 0.0405 
     D237300  4 0.1047 0.1967 0.5992 0.0334 0.0660 
     D237306  4 0.2045 0.0858 0.1748 0.0762 0.4587 
     D237307  4 0.1209 0.2360 0.1087 0.0377 0.4967 
     D237308  4 0.1227 0.1402 0.0699 0.4786 0.1886 
     D237309  4 0.2806 0.0568 0.3052 0.2973 0.0602 
     D237317  4 0.2031 0.0488 0.0454 0.1092 0.5935 
     D237318  4 0.0580 0.5330 0.3719 0.0161 0.0210 
     D237319  4 0.2326 0.1560 0.3589 0.1714 0.0810 
     D237320  4 0.0980 0.1436 0.6433 0.0560 0.0591 
     D237321  4 0.2502 0.2361 0.3563 0.0763 0.0810 
     D237397  4 0.0750 0.0895 0.6015 0.0776 0.1565 
     D237398  4 0.1051 0.3343 0.5111 0.0249 0.0245 
     D237399  4 0.0830 0.1225 0.5599 0.0553 0.1791 
     D244001  4 0.1050 0.0308 0.1585 0.6689 0.0368 
        D289  4 0.1375 0.4209 0.1806 0.0489 0.2121 
        D290  4 0.0883 0.0831 0.6490 0.0905 0.0892 
        D294  4 0.2331 0.0631 0.5125 0.0662 0.1251 
        D295  4 0.1162 0.1179 0.4394 0.0926 0.2340 
        D301  4 0.0377 0.0244 0.2424 0.6540 0.0415 
        D302  4 0.1866 0.2632 0.2991 0.1259 0.1252 
        D303  4 0.0556 0.0608 0.0620 0.0737 0.7479 
        D304  4 0.1835 0.0896 0.4531 0.0351 0.2389 
        D305  4 0.7281 0.0334 0.0916 0.1250 0.0219 
        D306  4 0.5256 0.0478 0.1143 0.1097 0.2026 
        D307  4 0.0277 0.0199 0.1683 0.7128 0.0712 
        D327  4 0.2361 0.4240 0.0442 0.0339 0.2618 
        D328  4 0.1571 0.0725 0.1406 0.0670 0.5629 
        D329  4 0.1473 0.0708 0.3231 0.4201 0.0388 
        D330  4 0.6055 0.1182 0.0517 0.1944 0.0302 
        D331  4 0.2050 0.1422 0.1969 0.2349 0.2210 
        D333  4 0.0900 0.0568 0.3859 0.1498 0.3175 
        D334  4 0.0307 0.1154 0.1520 0.0526 0.6493 
        D335  4 0.1737 0.4211 0.1078 0.1351 0.1623 
        D370  4 0.3023 0.0630 0.0791 0.3543 0.2013 
        D371  4 0.1175 0.2035 0.0176 0.0220 0.6395 
        D372  4 0.1054 0.0273 0.7893 0.0413 0.0366 
        D373  4 0.0468 0.0620 0.0527 0.8139 0.0245 
        D455  4 0.0293 0.0437 0.2178 0.6773 0.0320 
        D490  4 0.0217 0.0211 0.3111 0.6058 0.0403 
        D497  4 0.0433 0.0295 0.2684 0.6144 0.0444 
        D498  4 0.1785 0.1134 0.1448 0.3198 0.2434 
        D499  4 0.2781 0.3265 0.3151 0.0310 0.0492 
        D514  4 0.5320 0.1310 0.1666 0.0710 0.0993 
        D515  4 0.2242 0.0434 0.6138 0.0503 0.0682 
        D516  4 0.1484 0.2454 0.1306 0.2401 0.2355 
        D517  4 0.1627 0.0313 0.1735 0.6054 0.0271 
        D518  4 0.0393 0.0873 0.5450 0.1769 0.1515 
        D519  4 0.0378 0.0503 0.8687 0.0223 0.0209 
        D560  4 0.0853 0.0346 0.8231 0.0322 0.0248 
        D561  4 0.6281 0.2449 0.0429 0.0629 0.0213 
        D562  4 0.4465 0.0917 0.1822 0.1795 0.1000 
        D563  4 0.1591 0.6355 0.0823 0.1049 0.0183 
        D572  4 0.2058 0.3428 0.1951 0.1069 0.1494 
        D629  4 0.2299 0.3412 0.0571 0.1925 0.1792 
        D630  4 0.1249 0.0991 0.5769 0.0654 0.1337 
        D631  4 0.0368 0.0971 0.7946 0.0347 0.0368 
        D632  4 0.0914 0.0530 0.0285 0.8002 0.0269 
        D646  4 0.1701 0.0707 0.6592 0.0697 0.0303 
        D647  4 0.2720 0.3314 0.2345 0.1374 0.0247 
        D648  4 0.1973 0.0296 0.0927 0.0591 0.6213 
        D649  4 0.2037 0.2879 0.0954 0.2662 0.1468 
        D650  4 0.0610 0.1137 0.2785 0.0527 0.4941 
        D708  4 0.1583 0.0319 0.1997 0.0745 0.5356 
        D709  4 0.4363 0.0267 0.0956 0.1787 0.2627 
        D738  4 0.0567 0.1065 0.1922 0.1335 0.5111 
        D739  4 0.1942 0.0348 0.4565 0.2551 0.0594 
        D740  4 0.0693 0.0295 0.5563 0.2054 0.1396 
        D741  4 0.1237 0.5797 0.2456 0.0267 0.0243 
        D742  4 0.0853 0.5839 0.2242 0.0389 0.0677 
        D743  4 0.0748 0.6805 0.1191 0.0339 0.0917 
        D744  4 0.1810 0.4597 0.2067 0.0789 0.0738 
        D745  4 0.0590 0.0390 0.8371 0.0307 0.0343 
        D814  4 0.3919 0.0435 0.4692 0.0605 0.0349 
        D815  4 0.2224 0.1015 0.0895 0.1673 0.4193 
        D828  4 0.2700 0.0176 0.2801 0.1195 0.3129 
        D845  4 0.0383 0.5009 0.4066 0.0177 0.0365 
        D846  4 0.4399 0.2708 0.1131 0.1486 0.0276 
        D847  4 0.1095 0.2011 0.4585 0.0880 0.1430 
