        D174  1 0.1055 0.0615 0.0675 0.4400 0.2652 0.0603 
        D199  1 0.3300 0.0984 0.0370 0.0705 0.3431 0.1209 
        D203  1 0.1717 0.1761 0.1976 0.0773 0.2679 0.1093 
        D204  1 0.1106 0.0562 0.0355 0.0560 0.6916 0.0502 
     D237366  1 0.0535 0.0904 0.4840 0.1023 0.1103 0.1596 
     D237367  1 0.2432 0.0858 0.0529 0.1387 0.3306 0.1488 
     D237368  1 0.1864 0.0744 0.0512 0.0746 0.1796 0.4338 
     D244101  1 0.3555 0.1715 0.0949 0.0313 0.3078 0.0389 
     D244102  1 0.1227 0.3160 0.1061 0.1320 0.1046 0.2186 
     D244103  1 0.0503 0.3066 0.1013 0.0747 0.3952 0.0718 
     D244104  1 0.0624 0.0458 0.0444 0.0698 0.7201 0.0576 
     D244105  1 0.0411 0.3023 0.1883 0.0377 0.1714 0.2593 
     D244106  1 0.1778 0.0616 0.3058 0.3160 0.0907 0.0481 
     D244107  1 0.0766 0.3315 0.0417 0.0277 0.0646 0.4579 
     D244108  1 0.1478 0.1350 0.0569 0.2481 0.0955 0.3168 
     D244113  1 0.0412 0.0517 0.0196 0.7955 0.0373 0.0547 
     D244114  1 0.0775 0.2025 0.4326 0.1178 0.1040 0.0656 
     D244115  1 0.0859 0.1270 0.0635 0.3684 0.2648 0.0905 
     D267365  1 0.0850 0.0952 0.0565 0.1623 0.5350 0.0659 
        D404  1 0.1684 0.0776 0.0615 0.6015 0.0375 0.0535 
        D405  1 0.2046 0.2584 0.0621 0.2541 0.1200 0.1008 
        D406  1 0.0348 0.0356 0.0395 0.0430 0.0514 0.7957 
        D407  1 0.5661 0.0875 0.0292 0.0595 0.1907 0.0669 
        D408  1 0.0729 0.1035 0.1062 0.6379 0.0526 0.0268 
        D409  1 0.0721 0.6052 0.1017 0.0375 0.1216 0.0618 
        D410  1 0.0318 0.1760 0.0291 0.0526 0.0800 0.6305 
        D421  1 0.2052 0.0241 0.0193 0.0290 0.7017 0.0207 
        D422  1 0.0306 0.0942 0.1702 0.0228 0.0378 0.6444 
        D423  1 0.2149 0.1577 0.0294 0.0345 0.0505 0.5130 
        D424  1 0.0473 0.0662 0.0278 0.0453 0.7707 0.0428 
        D425  1 0.1067 0.1580 0.0478 0.2497 0.3981 0.0397 
        D426  1 0.1082 0.4998 0.2335 0.0367 0.0752 0.0466 
        D427  1 0.5682 0.0315 0.0294 0.0654 0.2784 0.0271 
        D428  1 0.1682 0.1873 0.0359 0.2275 0.1463 0.2348 
        D429  1 0.0970 0.0856 0.2377 0.1893 0.3433 0.0471 
        D430  1 0.2791 0.1274 0.2587 0.1789 0.1200 0.0358 
        D491  1 0.0653 0.0874 0.0413 0.6387 0.1242 0.0432 
        D492  1 0.2101 0.0680 0.0439 0.2992 0.3162 0.0626 
        D537  1 0.0761 0.0968 0.0342 0.0616 0.6564 0.0749 
        D538  1 0.2306 0.1730 0.0611 0.1680 0.0758 0.2915 
        D539  1 0.0594 0.1354 0.2871 0.2879 0.0777 0.1524 
        D540  1 0.0819 0.4786 0.0563 0.0841 0.2284 0.0708 
        D541  1 0.0477 0.0426 0.0210 0.0221 0.8389 0.0277 
        D551  1 0.0549 0.1658 0.5869 0.0455 0.0583 0.0887 
        D552  1 0.0784 0.1050 0.0591 0.0860 0.1274 0.5440 
        D553  1 0.0190 0.0368 0.0225 0.0239 0.8764 0.0215 
        D615  1 0.0667 0.1373 0.0743 0.1406 0.3839 0.1972 
        D616  1 0.2248 0.1636 0.0718 0.0880 0.2849 0.1669 
        D621  1 0.0359 0.0648 0.0467 0.2511 0.0212 0.5803 
        D622  1 0.0514 0.0915 0.1287 0.0951 0.0864 0.5467 
        D623  1 0.6470 0.0679 0.0318 0.1632 0.0477 0.0424 
        D624  1 0.0559 0.0460 0.0656 0.5766 0.1962 0.0596 
        D625  1 0.0425 0.0393 0.0348 0.1506 0.6528 0.0800 
        D626  1 0.0477 0.0872 0.0810 0.4839 0.1883 0.1119 
        D627  1 0.0466 0.4238 0.2725 0.0535 0.1692 0.0344 
        D690  1 0.0273 0.0508 0.0301 0.1755 0.6247 0.0916 
        D691  1 0.0619 0.0432 0.3900 0.0436 0.1594 0.3020 
        D710  1 0.2037 0.1934 0.0375 0.1413 0.3023 0.1218 
        D711  1 0.0696 0.0590 0.0571 0.1099 0.5243 0.1802 
        D712  1 0.1162 0.1368 0.0567 0.5040 0.0748 0.1116 
        D713  1 0.0555 0.1478 0.0398 0.4158 0.2728 0.0684 
        D746  1 0.0347 0.0345 0.0581 0.0422 0.0907 0.7398 
        D747  1 0.0715 0.0312 0.0309 0.0298 0.8132 0.0234 
        D748  1 0.0584 0.0671 0.2969 0.1002 0.3448 0.1326 
        D749  1 0.0672 0.2061 0.0988 0.1222 0.0569 0.4489 
        D750  1 0.0630 0.0585 0.0455 0.5804 0.2069 0.0457 
        D763  1 0.2023 0.1606 0.1487 0.1055 0.2036 0.1794 
        D764  1 0.0512 0.0748 0.0261 0.1138 0.6702 0.0640 
        D765  1 0.0305 0.3017 0.0891 0.0991 0.0520 0.4276 
        D766  1 0.0630 0.1522 0.0560 0.1377 0.0675 0.5234 
        D767  1 0.1196 0.1470 0.1251 0.1229 0.1805 0.3049 
        D768  1 0.0360 0.0504 0.0320 0.0208 0.8350 0.0258 
        D811  1 0.0759 0.1055 0.0336 0.7107 0.0341 0.0402 
        D816  1 0.0385 0.0492 0.0257 0.0486 0.8025 0.0356 
        D825  1 0.0568 0.1483 0.0590 0.5307 0.0887 0.1165 
        D866  1 0.2225 0.1299 0.2299 0.1746 0.1748 0.0683 
        D867  1 0.0888 0.1236 0.0357 0.0574 0.0505 0.6440 
        D871  1 0.0514 0.4646 0.1542 0.1462 0.1411 0.0425 
        D872  1 0.0473 0.0543 0.0295 0.0704 0.1741 0.6244 
        D873  1 0.0218 0.1218 0.0187 0.0222 0.0141 0.8014 
        D874  1 0.1458 0.1072 0.0837 0.3413 0.2819 0.0401 
        D875  1 0.0593 0.5478 0.1997 0.0460 0.0820 0.0651 
        D876  1 0.0493 0.1427 0.0374 0.1309 0.4500 0.1896 
        D877  1 0.0683 0.0605 0.0316 0.7704 0.0372 0.0320 
        D892  1 0.0824 0.0598 0.1946 0.1564 0.4234 0.0833 
        D893  1 0.0735 0.1497 0.0815 0.0462 0.5390 0.1101 
        D894  1 0.0738 0.0909 0.1553 0.0796 0.5441 0.0562 
        D915  1 0.0522 0.1033 0.0935 0.0596 0.5957 0.0957 
        D916  1 0.0249 0.0281 0.0240 0.0271 0.8688 0.0270 
        D917  1 0.1467 0.1866 0.0353 0.2931 0.2940 0.0442 
        D925  1 0.0324 0.0747 0.0230 0.0781 0.1581 0.6336 
        D926  1 0.0459 0.1383 0.0850 0.1528 0.5055 0.0726 
        D927  1 0.3915 0.0536 0.0787 0.0499 0.3477 0.0786 
        D928  1 0.0606 0.0877 0.0199 0.7015 0.0933 0.0370 
        D929  1 0.0606 0.1615 0.0999 0.4535 0.1056 0.1189 
        D936  1 0.1214 0.1207 0.1217 0.0976 0.4800 0.0586 
        D938  1 0.0297 0.0475 0.0470 0.0543 0.0339 0.7876 
        D956  1 0.0959 0.1385 0.0894 0.5526 0.0666 0.0570 
        D957  1 0.0864 0.1874 0.0467 0.0540 0.0957 0.5298 
        D958  1 0.0588 0.0747 0.0352 0.2246 0.1354 0.4713 
        D959  1 0.4990 0.1642 0.0414 0.0407 0.1867 0.0679 
        D960  1 0.0380 0.0690 0.0699 0.0388 0.0531 0.7313 
        D989  1 0.4646 0.0961 0.0565 0.1718 0.1761 0.0348 
        D990  1 0.0520 0.0534 0.0406 0.0398 0.0353 0.7790 
        H102  1 0.0393 0.0648 0.0696 0.2246 0.4867 0.1149 
        H103  1 0.1727 0.4616 0.0502 0.0432 0.1141 0.1581 
        H104  1 0.0881 0.1343 0.2748 0.1371 0.3037 0.0620 
        H105  1 0.0962 0.2080 0.0467 0.3116 0.2669 0.0707 
        H106  1 0.0771 0.1312 0.2142 0.0784 0.0677 0.4315 
        H112  1 0.1016 0.2299 0.2177 0.2260 0.1416 0.0832 
        H113  1 0.1060 0.3340 0.1027 0.0791 0.3119 0.0664 
        H114  1 0.1189 0.2202 0.0744 0.0342 0.4730 0.0792 
        H115  1 0.0666 0.1041 0.1873 0.1053 0.4686 0.0681 
        H143  1 0.0442 0.1038 0.0292 0.0503 0.6804 0.0921 
        H144  1 0.1144 0.1483 0.0344 0.0538 0.5743 0.0748 
        H145  1 0.0531 0.1168 0.0348 0.6937 0.0282 0.0735 
        H149  1 0.1110 0.0971 0.3701 0.0727 0.2953 0.0538 
        H150  1 0.1113 0.2031 0.2230 0.3050 0.0437 0.1138 
     H167542  1 0.0511 0.0889 0.0537 0.0636 0.6533 0.0894 
     H169604  1 0.2498 0.0830 0.1248 0.3650 0.1434 0.0340 
     H169607  1 0.0917 0.1432 0.0586 0.5888 0.0653 0.0525 
     H169608  1 0.0517 0.0741 0.0583 0.6526 0.0699 0.0935 
     H169633  1 0.1785 0.2643 0.0849 0.1238 0.2797 0.0688 
     H169688  1 0.1851 0.0603 0.0424 0.0658 0.0679 0.5785 
     H169714  1 0.0453 0.0512 0.7746 0.0321 0.0508 0.0461 
     H171802  1 0.3366 0.1615 0.1685 0.0722 0.0868 0.1744 
     H171805  1 0.0498 0.2187 0.1404 0.0599 0.0801 0.4511 
     H171807  1 0.2130 0.1671 0.1419 0.3405 0.0421 0.0954 
     H171814  1 0.2425 0.4080 0.0324 0.0358 0.2070 0.0743 
     H171816  1 0.1945 0.2761 0.1016 0.1145 0.0721 0.2412 
     H171817  1 0.0494 0.1199 0.1307 0.4810 0.0919 0.1271 
     H171818  1 0.0976 0.1923 0.1525 0.0391 0.2767 0.2418 
     H171819  1 0.1872 0.3083 0.1443 0.1386 0.1005 0.1211 
     H171834  1 0.0721 0.1269 0.5421 0.0319 0.1161 0.1109 
     H171835  1 0.1369 0.0456 0.4218 0.1323 0.0953 0.1682 
     H171836  1 0.2638 0.2573 0.0428 0.0592 0.0654 0.3115 
     H171837  1 0.0561 0.0715 0.0994 0.1615 0.5221 0.0894 
     H171838  1 0.1475 0.2011 0.4047 0.0489 0.0223 0.1755 
     H171839  1 0.2067 0.0828 0.2045 0.1527 0.2973 0.0560 
     H171841  1 0.0463 0.1116 0.0459 0.6005 0.0244 0.1712 
     H171860  1 0.2089 0.0994 0.0851 0.4477 0.1212 0.0377 
     H171861  1 0.0467 0.4205 0.0427 0.0521 0.2077 0.2301 
     H171862  1 0.0829 0.2704 0.3607 0.0763 0.1431 0.0666 
     H171868  1 0.0379 0.0716 0.0642 0.0396 0.7491 0.0376 
     H171869  1 0.1331 0.2520 0.0591 0.0398 0.1309 0.3850 
     H171870  1 0.1376 0.0883 0.1875 0.0673 0.0650 0.4542 
     H171871  1 0.1131 0.4245 0.1735 0.0481 0.0625 0.1783 
     H171872  1 0.0674 0.1099 0.1813 0.4275 0.1569 0.0569 
     H171873  1 0.0858 0.0709 0.2484 0.0539 0.0405 0.5005 
     H171874  1 0.2828 0.1181 0.1626 0.1361 0.1170 0.1835 
     H171875  1 0.1094 0.4898 0.0554 0.0416 0.2281 0.0757 
     H171876  1 0.4395 0.0902 0.0409 0.1093 0.2814 0.0388 
     H171877  1 0.0857 0.0505 0.0379 0.0746 0.7066 0.0446 
     H171878  1 0.2350 0.1798 0.0468 0.0333 0.0589 0.4463 
     H171901  1 0.1034 0.0779 0.0396 0.5325 0.0550 0.1917 
     H171902  1 0.0323 0.0546 0.0963 0.7144 0.0498 0.0526 
     H171903  1 0.2419 0.1711 0.1866 0.0685 0.2905 0.0414 
     H171935  1 0.1222 0.0747 0.3214 0.2184 0.0201 0.2432 
     H171936  1 0.2173 0.1152 0.0594 0.0339 0.4713 0.1029 
     H171940  1 0.0765 0.1753 0.1254 0.2303 0.3034 0.0891 
     H171945  1 0.0907 0.2429 0.0699 0.1303 0.0781 0.3881 
     H171948  1 0.1092 0.3126 0.3049 0.1156 0.0880 0.0697 
     H171949  1 0.0761 0.0472 0.4518 0.2872 0.0616 0.0762 
     H171950  1 0.0650 0.0359 0.2438 0.2415 0.2141 0.1997 
     H171963  1 0.0794 0.0936 0.0500 0.0340 0.0664 0.6767 
     H171964  1 0.3143 0.2098 0.2717 0.0871 0.0342 0.0828 
     H171966  1 0.0467 0.1957 0.2359 0.0871 0.0977 0.3370 
     H171968  1 0.0374 0.0381 0.0485 0.6243 0.1199 0.1317 
     H171971  1 0.1127 0.1685 0.4583 0.0524 0.0395 0.1686 
     H171972  1 0.7587 0.0747 0.0283 0.0739 0.0326 0.0317 
     H171977  1 0.2037 0.2009 0.0761 0.0652 0.1507 0.3033 
     H171978  1 0.0690 0.2197 0.2735 0.2038 0.0536 0.1804 
     H171979  1 0.3286 0.2926 0.1597 0.1045 0.0409 0.0737 
        H176  1 0.0940 0.1233 0.0512 0.4737 0.2206 0.0373 
        H177  1 0.0539 0.0819 0.1602 0.1916 0.1230 0.3894 
        H179  1 0.0544 0.0630 0.0537 0.0619 0.7355 0.0314 
        H181  1 0.1048 0.4739 0.1377 0.0539 0.0670 0.1627 
        H182  1 0.0503 0.4183 0.0778 0.0740 0.0735 0.3060 
        H183  1 0.1263 0.3195 0.0405 0.0362 0.0626 0.4149 
        H184  1 0.0785 0.2056 0.1792 0.3637 0.0713 0.1017 
        H185  1 0.2933 0.2184 0.0873 0.0618 0.1024 0.2369 
        H186  1 0.0472 0.0957 0.0572 0.0531 0.5576 0.1891 
        H187  1 0.0763 0.1082 0.0232 0.0339 0.0696 0.6887 
        H188  1 0.0885 0.0907 0.0608 0.1355 0.5908 0.0336 
        H192  1 0.0463 0.0889 0.4438 0.1101 0.0400 0.2708 
        H193  1 0.0420 0.4463 0.0599 0.0924 0.2566 0.1028 
        H194  1 0.1081 0.1108 0.5240 0.0995 0.1049 0.0527 
        H195  1 0.1856 0.0666 0.0534 0.0546 0.0507 0.5891 
        H199  1 0.1231 0.1580 0.0461 0.3810 0.0515 0.2404 
        H200  1 0.3494 0.1145 0.0911 0.2355 0.1160 0.0935 
        H414  1 0.1343 0.1910 0.1698 0.1925 0.1614 0.1511 
        H415  1 0.1682 0.2809 0.0813 0.1331 0.2600 0.0765 
        H422  1 0.0587 0.1834 0.0558 0.2755 0.2362 0.1903 
        H423  1 0.0797 0.1543 0.0940 0.5593 0.0451 0.0677 
        H424  1 0.0704 0.4360 0.0424 0.0441 0.1115 0.2956 
        H425  1 0.0764 0.0661 0.0512 0.0476 0.0571 0.7016 
        H426  1 0.0952 0.2377 0.3638 0.0703 0.0655 0.1675 
        H443  1 0.0360 0.0627 0.0341 0.0563 0.6927 0.1182 
        H466  1 0.2056 0.2356 0.2216 0.0559 0.2230 0.0583 
        H467  1 0.0315 0.0392 0.7753 0.0436 0.0312 0.0791 
        H472  1 0.0842 0.0867 0.0416 0.6950 0.0503 0.0422 
        H483  1 0.1614 0.3147 0.0971 0.1055 0.1906 0.1306 
        H504  1 0.1025 0.2220 0.0348 0.1428 0.0885 0.4094 
        H505  1 0.1378 0.1419 0.1122 0.1030 0.3723 0.1328 
        H506  1 0.1603 0.3315 0.0510 0.1691 0.1819 0.1061 
        H507  1 0.1333 0.3175 0.0549 0.0683 0.1437 0.2822 
        H508  1 0.1239 0.3098 0.2345 0.0734 0.1191 0.1393 
        H524  1 0.2125 0.1183 0.0612 0.0634 0.1375 0.4072 
        H525  1 0.1704 0.1817 0.0613 0.2128 0.2493 0.1245 
        H526  1 0.0931 0.1833 0.0639 0.3553 0.2411 0.0634 
        H527  1 0.1368 0.1669 0.0712 0.2914 0.1237 0.2100 
        H528  1 0.2145 0.3853 0.1227 0.1270 0.1132 0.0374 
        H529  1 0.0686 0.3323 0.0876 0.0718 0.1760 0.2636 
        H533  1 0.0627 0.3555 0.1014 0.0896 0.1103 0.2806 
        H538  1 0.2263 0.0809 0.0645 0.4691 0.0978 0.0613 
        H539  1 0.0351 0.0455 0.0219 0.0252 0.0437 0.8284 
        H540  1 0.1048 0.1889 0.1263 0.1374 0.0845 0.3580 
        H541  1 0.1294 0.1082 0.0911 0.1254 0.4689 0.0770 
        H558  1 0.0980 0.2681 0.0474 0.0350 0.0262 0.5253 
        H559  1 0.0652 0.1382 0.0298 0.1637 0.5478 0.0553 
        H579  1 0.0635 0.1438 0.0366 0.1448 0.0917 0.5196 
        H584  1 0.1431 0.1742 0.3231 0.1607 0.0988 0.1000 
        H585  1 0.1240 0.3667 0.2409 0.0498 0.1540 0.0646 
        H605  1 0.0940 0.0881 0.1041 0.1207 0.3540 0.2390 
        H606  1 0.0326 0.0411 0.0403 0.3895 0.4251 0.0714 
        H632  1 0.2754 0.1582 0.2027 0.2084 0.0832 0.0722 
        H634  1 0.1030 0.1578 0.0828 0.1333 0.1852 0.3379 
        H671  1 0.0814 0.1023 0.0937 0.5711 0.1178 0.0338 
        H672  1 0.6325 0.0478 0.0345 0.0501 0.1730 0.0620 
        H673  1 0.2518 0.2559 0.0445 0.1189 0.2518 0.0770 
        H689  1 0.1951 0.3042 0.2160 0.1067 0.1066 0.0713 
        H690  1 0.0410 0.1211 0.1966 0.0785 0.4185 0.1444 
        H691  1 0.3255 0.0629 0.0835 0.0617 0.4112 0.0551 
        H692  1 0.5428 0.2827 0.0364 0.0478 0.0581 0.0321 
        H709  1 0.1094 0.1195 0.0978 0.0645 0.5432 0.0655 
        H710  1 0.1186 0.6769 0.0551 0.0364 0.0638 0.0491 
       H7355  1 0.0562 0.2327 0.0731 0.4872 0.0654 0.0854 
       H7356  1 0.1555 0.1676 0.2436 0.0694 0.0487 0.3151 
       H7357  1 0.0348 0.0949 0.0986 0.2285 0.3214 0.2218 
       H7358  1 0.2191 0.0813 0.0221 0.3268 0.1988 0.1520 
       H7380  1 0.0414 0.4174 0.1013 0.1666 0.2112 0.0622 
       H7381  1 0.1487 0.2747 0.1062 0.2992 0.0960 0.0752 
       H7382  1 0.4272 0.1232 0.0668 0.1703 0.0958 0.1168 
        H904  1 0.0434 0.0504 0.1083 0.2860 0.4318 0.0801 
        H923  1 0.1667 0.1650 0.1785 0.1754 0.0908 0.2235 
        H924  1 0.1365 0.1310 0.0636 0.2254 0.2851 0.1584 
        H925  1 0.0791 0.0531 0.0269 0.0400 0.7133 0.0877 
       H9558  1 0.0644 0.2004 0.0384 0.0313 0.0237 0.6419 
      H105.1  1 0.0764 0.5382 0.1928 0.0339 0.1123 0.0464 
      H115.1  1 0.0401 0.0906 0.0389 0.0295 0.7291 0.0718 
      H145.1  1 0.0342 0.0650 0.0299 0.7502 0.0778 0.0429 
      H149.1  1 0.0321 0.0305 0.0247 0.0285 0.8472 0.0370 
      H150.1  1 0.0370 0.1531 0.0763 0.1315 0.0407 0.5614 
   H169607.1  1 0.0981 0.1457 0.0417 0.4582 0.1261 0.1302 
   H169633.1  1 0.1854 0.0672 0.0448 0.0916 0.4942 0.1169 
   H169688.1  1 0.4308 0.1050 0.0267 0.0643 0.3020 0.0713 
   H171901.1  1 0.3372 0.2138 0.1060 0.1158 0.0896 0.1377 
   H171902.1  1 0.0350 0.0531 0.0427 0.6071 0.1466 0.1155 
   H171903.1  1 0.1146 0.2895 0.1969 0.2396 0.0864 0.0730 
      H177.1  1 0.3505 0.0449 0.0390 0.1198 0.3506 0.0952 
      H179.1  1 0.0695 0.1054 0.0574 0.1205 0.5423 0.1049 
      H180.1  1 0.0659 0.2589 0.1341 0.0696 0.2558 0.2157 
      H181.1  1 0.0823 0.1690 0.2050 0.0860 0.3330 0.1247 
 H194.1_2004  1 0.2142 0.2798 0.1300 0.0886 0.0631 0.2244 
 H195.1_2003  1 0.4569 0.1777 0.0760 0.0874 0.0664 0.1357 
 H195.1_2004  1 0.1970 0.0485 0.0594 0.4112 0.2347 0.0492 
      H415.1  1 0.1054 0.2308 0.0733 0.0763 0.3883 0.1258 
      H506.1  1 0.0822 0.2408 0.0306 0.0531 0.5394 0.0539 
      H533.1  1 0.0358 0.2168 0.0367 0.0658 0.4899 0.1549 
      H535.1  1 0.0875 0.1317 0.2218 0.1024 0.2737 0.1829 
      H539.1  1 0.0321 0.1726 0.0397 0.0840 0.0498 0.6217 
      H540.1  1 0.0326 0.0780 0.0407 0.0648 0.0258 0.7582 
     H9558.1  1 0.0773 0.1232 0.0370 0.0521 0.0321 0.6782 
    kos339.1  1 0.0868 0.0629 0.0910 0.1143 0.5827 0.0623 
        D023  2 0.0372 0.0342 0.0222 0.0242 0.3380 0.5441 
        D130  2 0.0363 0.0439 0.0724 0.0424 0.0842 0.7208 
        D131  2 0.0985 0.2355 0.1353 0.0595 0.4222 0.0490 
        D163  2 0.0272 0.0875 0.1304 0.0487 0.0780 0.6281 
        D164  2 0.2840 0.0353 0.0202 0.0212 0.0207 0.6187 
        D165  2 0.0716 0.0722 0.0535 0.0246 0.2585 0.5196 
        D166  2 0.0774 0.3155 0.1731 0.1354 0.0553 0.2432 
        D167  2 0.8600 0.0397 0.0242 0.0269 0.0220 0.0271 
        D192  2 0.8218 0.0552 0.0366 0.0279 0.0190 0.0394 
        D193  2 0.0496 0.4703 0.2304 0.1118 0.0625 0.0755 
        D206  2 0.1603 0.2257 0.0656 0.0467 0.4205 0.0812 
        D207  2 0.6327 0.1234 0.0803 0.0447 0.0794 0.0396 
        D208  2 0.1147 0.0870 0.1166 0.4468 0.1497 0.0851 
        D209  2 0.3563 0.3021 0.0374 0.0318 0.0512 0.2211 
        D210  2 0.1062 0.0478 0.2765 0.3604 0.1529 0.0562 
     D229599  2 0.0830 0.4285 0.0995 0.0616 0.2255 0.1019 
     D229600  2 0.3156 0.0483 0.0807 0.0440 0.0727 0.4387 
     D237227  2 0.3065 0.0824 0.0683 0.2683 0.0969 0.1776 
     D237228  2 0.2417 0.2309 0.0716 0.2313 0.0224 0.2020 
     D237258  2 0.2425 0.2377 0.0732 0.1080 0.2171 0.1216 
     D237310  2 0.1904 0.1260 0.1931 0.1677 0.0234 0.2994 
     D237311  2 0.4770 0.1606 0.0853 0.0473 0.0314 0.1984 
     D237312  2 0.0741 0.2436 0.3420 0.1661 0.0627 0.1115 
     D237313  2 0.0386 0.2030 0.1062 0.1764 0.2452 0.2307 
     D237322  2 0.0730 0.1579 0.3378 0.3097 0.0520 0.0695 
     D237323  2 0.2198 0.0981 0.1124 0.1872 0.0331 0.3494 
     D237324  2 0.2307 0.1510 0.1578 0.0360 0.0565 0.3680 
     D237325  2 0.1557 0.1323 0.2087 0.1617 0.0712 0.2703 
     D237326  2 0.1078 0.2753 0.0454 0.0625 0.0970 0.4120 
     D237327  2 0.2611 0.1216 0.4116 0.0811 0.0591 0.0654 
     D237337  2 0.0647 0.1645 0.1445 0.1361 0.1000 0.3900 
     D237338  2 0.1728 0.1636 0.2861 0.1210 0.0768 0.1796 
     D237339  2 0.3701 0.2358 0.0759 0.0418 0.1653 0.1112 
     D237340  2 0.4646 0.1510 0.0936 0.1428 0.0414 0.1066 
     D237389  2 0.2234 0.2640 0.1031 0.0556 0.0352 0.3187 
     D237390  2 0.1084 0.3034 0.2875 0.1241 0.0954 0.0813 
     D244017  2 0.6459 0.1076 0.0283 0.1162 0.0456 0.0564 
     D244112  2 0.6669 0.0740 0.0643 0.0287 0.0202 0.1459 
     D244118  2 0.3024 0.0583 0.0372 0.0252 0.0222 0.5547 
     D244119  2 0.5934 0.0293 0.0292 0.2539 0.0562 0.0379 
     D244120  2 0.2951 0.2245 0.2951 0.0907 0.0255 0.0690 
     D244122  2 0.4899 0.0863 0.0749 0.0916 0.0904 0.1669 
        D291  2 0.1172 0.4809 0.1262 0.0671 0.1097 0.0989 
        D292  2 0.2007 0.1596 0.0887 0.0808 0.3660 0.1042 
        D293  2 0.7586 0.0328 0.0311 0.0226 0.1337 0.0213 
        D322  2 0.5557 0.0600 0.0361 0.0312 0.2387 0.0785 
        D323  2 0.3498 0.2719 0.0395 0.0944 0.1769 0.0675 
        D324  2 0.1037 0.2410 0.2274 0.1001 0.2331 0.0947 
        D325  2 0.8216 0.0439 0.0492 0.0209 0.0401 0.0242 
        D326  2 0.0379 0.0617 0.0253 0.0238 0.8333 0.0179 
        D340  2 0.8572 0.0339 0.0246 0.0243 0.0315 0.0285 
        D341  2 0.3477 0.0323 0.4129 0.0826 0.0763 0.0481 
        D342  2 0.0731 0.1824 0.0988 0.0339 0.0590 0.5527 
        D343  2 0.9105 0.0163 0.0220 0.0144 0.0222 0.0147 
        D344  2 0.0603 0.6591 0.0606 0.0446 0.1158 0.0595 
        D345  2 0.0367 0.3484 0.0286 0.0535 0.1023 0.4305 
        D346  2 0.2361 0.0638 0.0641 0.5191 0.0847 0.0323 
        D351  2 0.1013 0.3937 0.0519 0.0387 0.3705 0.0439 
        D352  2 0.1433 0.6170 0.0380 0.1235 0.0425 0.0357 
        D353  2 0.1426 0.4293 0.0523 0.0740 0.2636 0.0383 
        D354  2 0.0468 0.5724 0.0406 0.1051 0.1182 0.1170 
        D362  2 0.0546 0.0556 0.0264 0.0422 0.7733 0.0479 
        D363  2 0.0587 0.0697 0.0224 0.0377 0.7769 0.0345 
        D364  2 0.0476 0.5230 0.0440 0.0374 0.2546 0.0934 
        D365  2 0.9083 0.0149 0.0190 0.0173 0.0251 0.0154 
        D369  2 0.4711 0.0872 0.0483 0.0645 0.2913 0.0376 
        D374  2 0.0458 0.2676 0.0349 0.5661 0.0389 0.0468 
        D375  2 0.0500 0.7302 0.0419 0.0375 0.0707 0.0696 
        D376  2 0.1135 0.2457 0.0963 0.4293 0.0408 0.0743 
        D377  2 0.0776 0.2355 0.1704 0.2535 0.1380 0.1250 
        D378  2 0.1786 0.0592 0.0399 0.0320 0.6373 0.0529 
        D379  2 0.0293 0.1119 0.0527 0.0425 0.7223 0.0412 
        D384  2 0.0218 0.0408 0.0258 0.0429 0.8463 0.0224 
        D385  2 0.8545 0.0349 0.0252 0.0388 0.0237 0.0229 
        D386  2 0.0922 0.1461 0.0387 0.0468 0.4601 0.2161 
        D391  2 0.8276 0.0312 0.0327 0.0331 0.0465 0.0289 
        D392  2 0.7082 0.0743 0.0279 0.0398 0.0852 0.0646 
        D393  2 0.1024 0.1046 0.1415 0.0386 0.5490 0.0641 
        D394  2 0.1858 0.3317 0.0949 0.0640 0.0902 0.2334 
        D395  2 0.7848 0.0923 0.0384 0.0271 0.0327 0.0247 
        D401  2 0.2792 0.2378 0.0311 0.0567 0.0329 0.3623 
        D402  2 0.7263 0.0407 0.0942 0.0588 0.0394 0.0406 
        D403  2 0.0297 0.1395 0.0734 0.0465 0.5249 0.1860 
        D415  2 0.0998 0.2119 0.0689 0.0347 0.5355 0.0491 
        D435  2 0.3744 0.0929 0.1025 0.0438 0.3165 0.0700 
        D436  2 0.0649 0.4010 0.1044 0.1311 0.2520 0.0465 
        D438  2 0.8433 0.0241 0.0289 0.0371 0.0327 0.0339 
        D439  2 0.0532 0.6836 0.0511 0.0341 0.0983 0.0797 
        D449  2 0.2567 0.4555 0.1081 0.0353 0.0833 0.0610 
        D450  2 0.0415 0.1604 0.0882 0.4983 0.1354 0.0761 
        D456  2 0.0198 0.1033 0.0254 0.0275 0.8008 0.0232 
        D462  2 0.8128 0.0467 0.0281 0.0278 0.0556 0.0290 
        D463  2 0.0246 0.0773 0.0207 0.0362 0.8197 0.0215 
        D464  2 0.4117 0.2484 0.0487 0.0965 0.1585 0.0363 
        D465  2 0.8238 0.0344 0.0285 0.0359 0.0478 0.0296 
        D473  2 0.0557 0.0465 0.0530 0.7109 0.0546 0.0793 
        D474  2 0.0849 0.0800 0.0727 0.0547 0.6456 0.0620 
        D476  2 0.1609 0.2301 0.1390 0.0281 0.0859 0.3561 
        D477  2 0.0847 0.1951 0.1124 0.1929 0.3539 0.0609 
        D478  2 0.1089 0.4484 0.0419 0.0920 0.1749 0.1339 
        D480  2 0.1262 0.0414 0.2170 0.0700 0.5124 0.0330 
        D481  2 0.2092 0.2551 0.0446 0.0614 0.2123 0.2174 
        D482  2 0.0954 0.3113 0.1455 0.2589 0.0516 0.1373 
        D483  2 0.8584 0.0277 0.0260 0.0276 0.0275 0.0330 
        D484  2 0.3050 0.3194 0.0949 0.1784 0.0359 0.0664 
        D510  2 0.0710 0.1555 0.0791 0.6062 0.0509 0.0372 
        D511  2 0.3204 0.1437 0.0602 0.0581 0.3359 0.0817 
        D512  2 0.6524 0.0898 0.0586 0.0284 0.0241 0.1467 
        D513  2 0.4811 0.0917 0.0791 0.1418 0.1402 0.0661 
        D635  2 0.1077 0.0844 0.0275 0.0316 0.5993 0.1494 
        D636  2 0.0208 0.0251 0.0166 0.0273 0.0497 0.8604 
        D637  2 0.2399 0.1465 0.3162 0.1662 0.0661 0.0650 
        D658  2 0.6433 0.0599 0.1120 0.0835 0.0403 0.0610 
        D659  2 0.0582 0.1849 0.1647 0.0803 0.4374 0.0745 
        D677  2 0.0619 0.1555 0.1935 0.0460 0.4532 0.0900 
        D678  2 0.5645 0.1130 0.0467 0.0380 0.0262 0.2115 
        D679  2 0.0612 0.0745 0.1651 0.1227 0.5187 0.0578 
        D719  2 0.2735 0.0822 0.0483 0.1914 0.3728 0.0319 
        D720  2 0.0698 0.0626 0.0287 0.1024 0.6634 0.0731 
        D721  2 0.1160 0.0419 0.0712 0.0508 0.1899 0.5303 
        D722  2 0.1454 0.3615 0.0427 0.3040 0.0509 0.0956 
        D734  2 0.3200 0.1021 0.1236 0.3407 0.0840 0.0296 
        D735  2 0.0748 0.0670 0.0783 0.0880 0.6012 0.0907 
        D736  2 0.1388 0.1836 0.2131 0.2551 0.1336 0.0758 
        D737  2 0.4155 0.0983 0.2009 0.0442 0.0458 0.1953 
        D807  2 0.1092 0.0901 0.1255 0.2439 0.3758 0.0555 
        D808  2 0.3006 0.2105 0.1830 0.0392 0.0962 0.1706 
        D817  2 0.0600 0.4019 0.0306 0.0717 0.3693 0.0664 
        D818  2 0.3028 0.1007 0.2794 0.0511 0.2103 0.0557 
        D819  2 0.3119 0.2991 0.0374 0.0599 0.2260 0.0657 
        D820  2 0.0944 0.0502 0.0853 0.0341 0.7124 0.0236 
        D895  2 0.0700 0.3641 0.0537 0.0983 0.2172 0.1967 
        D896  2 0.1056 0.1816 0.0586 0.0724 0.0383 0.5434 
        D897  2 0.1494 0.1591 0.3896 0.0598 0.0567 0.1853 
        D898  2 0.0482 0.6013 0.1625 0.0673 0.0450 0.0757 
        D918  2 0.1717 0.1068 0.3771 0.1577 0.0732 0.1135 
        D919  2 0.1303 0.4527 0.0482 0.0325 0.2812 0.0550 
        D920  2 0.0355 0.0460 0.0853 0.0394 0.0347 0.7592 
        D923  2 0.0845 0.2241 0.0315 0.0503 0.5788 0.0309 
        D930  2 0.0431 0.0910 0.1153 0.5344 0.1626 0.0536 
        D931  2 0.4808 0.0681 0.0643 0.0640 0.2816 0.0413 
        D968  2 0.7879 0.0929 0.0342 0.0253 0.0356 0.0241 
        D969  2 0.2247 0.1210 0.1303 0.0357 0.4512 0.0371 
        D977  2 0.7575 0.0434 0.0941 0.0336 0.0342 0.0372 
        D978  2 0.0785 0.1675 0.5459 0.0719 0.1074 0.0288 
        H008  2 0.0838 0.4626 0.0364 0.1012 0.2783 0.0376 
        H021  2 0.1270 0.0686 0.4861 0.0630 0.1224 0.1330 
        H023  2 0.0377 0.0735 0.0565 0.1460 0.5262 0.1602 
        H024  2 0.2033 0.5135 0.1329 0.0409 0.0277 0.0817 
        H025  2 0.1258 0.3821 0.0870 0.1539 0.1399 0.1112 
        H026  2 0.2923 0.2313 0.0760 0.0288 0.3268 0.0449 
        H027  2 0.3276 0.0496 0.1329 0.0655 0.3486 0.0758 
        H028  2 0.0970 0.4374 0.1224 0.0974 0.0834 0.1624 
        H029  2 0.3387 0.1621 0.0311 0.0393 0.3497 0.0791 
        H030  2 0.7870 0.0696 0.0488 0.0300 0.0260 0.0387 
        H038  2 0.0353 0.0382 0.0732 0.0459 0.1768 0.6307 
        H039  2 0.0245 0.0715 0.0799 0.7152 0.0563 0.0525 
        H040  2 0.0383 0.0626 0.1248 0.0541 0.1761 0.5442 
        H041  2 0.3247 0.2394 0.0629 0.0883 0.2422 0.0424 
        H042  2 0.0676 0.1457 0.0583 0.5074 0.0886 0.1325 
        H043  2 0.0374 0.0402 0.0265 0.0555 0.0414 0.7990 
        H044  2 0.2135 0.2342 0.0643 0.1329 0.0310 0.3241 
        H047  2 0.0487 0.1920 0.0816 0.0892 0.0688 0.5198 
        H050  2 0.6437 0.0571 0.0884 0.0598 0.0736 0.0774 
        H058  2 0.1087 0.1950 0.1479 0.0479 0.1221 0.3783 
        H062  2 0.0364 0.0618 0.0789 0.3862 0.2298 0.2069 
        H063  2 0.3783 0.1356 0.0583 0.0855 0.1955 0.1468 
        H065  2 0.0268 0.0805 0.0311 0.0665 0.7531 0.0419 
        H066  2 0.0764 0.1077 0.1175 0.0281 0.0530 0.6173 
        H067  2 0.1423 0.0971 0.2288 0.2743 0.1736 0.0839 
        H068  2 0.1586 0.0974 0.1571 0.4507 0.0676 0.0686 
        H069  2 0.5167 0.0593 0.0293 0.0666 0.0768 0.2513 
        H071  2 0.0605 0.0927 0.0797 0.1265 0.5943 0.0463 
        H072  2 0.0985 0.1298 0.0522 0.6077 0.0481 0.0638 
        H073  2 0.1203 0.2429 0.1730 0.0492 0.2600 0.1545 
        H081  2 0.0605 0.1416 0.0554 0.3783 0.3288 0.0353 
        H082  2 0.6771 0.0858 0.0305 0.0339 0.0706 0.1022 
        H083  2 0.7553 0.0550 0.0546 0.0323 0.0584 0.0443 
        H084  2 0.1651 0.1233 0.3727 0.1369 0.0730 0.1289 
        H085  2 0.4077 0.0625 0.0403 0.1011 0.3571 0.0313 
        H087  2 0.0850 0.2009 0.1519 0.1983 0.3131 0.0508 
        H088  2 0.1265 0.1458 0.0687 0.1221 0.4605 0.0763 
        H089  2 0.2052 0.1033 0.0609 0.2150 0.2645 0.1511 
        H090  2 0.8071 0.0348 0.0629 0.0309 0.0430 0.0212 
        H091  2 0.7555 0.0391 0.0350 0.0400 0.1038 0.0266 
        H098  2 0.1187 0.5109 0.1470 0.0762 0.0735 0.0737 
      H10001  2 0.0287 0.0276 0.0542 0.8201 0.0298 0.0396 
      H10002  2 0.0691 0.0887 0.0910 0.1188 0.4440 0.1885 
        H101  2 0.7487 0.0596 0.0583 0.0484 0.0274 0.0577 
        H108  2 0.0268 0.0829 0.0472 0.6432 0.1682 0.0317 
        H109  2 0.1290 0.3905 0.1103 0.0628 0.0960 0.2115 
        H110  2 0.0848 0.2748 0.0415 0.0923 0.4556 0.0509 
        H116  2 0.1894 0.4005 0.0822 0.0733 0.1494 0.1052 
        H117  2 0.2747 0.1271 0.2686 0.0370 0.2582 0.0343 
        H118  2 0.5007 0.1465 0.0559 0.0357 0.2355 0.0257 
        H119  2 0.0604 0.1546 0.0899 0.1036 0.5377 0.0538 
        H120  2 0.0231 0.0641 0.0292 0.7473 0.0921 0.0442 
        H121  2 0.8651 0.0302 0.0208 0.0302 0.0363 0.0173 
        H125  2 0.0453 0.0898 0.2532 0.5169 0.0468 0.0480 
        H126  2 0.0564 0.3569 0.0309 0.1623 0.0630 0.3305 
        H128  2 0.9219 0.0185 0.0140 0.0130 0.0168 0.0157 
        H129  2 0.0987 0.3257 0.3702 0.0300 0.1302 0.0451 
        H130  2 0.0368 0.0750 0.0571 0.7492 0.0232 0.0588 
        H133  2 0.1580 0.0916 0.0902 0.5545 0.0399 0.0659 
        H134  2 0.0312 0.6329 0.0246 0.0233 0.2543 0.0337 
        H135  2 0.1670 0.1238 0.0398 0.0981 0.4831 0.0883 
        H137  2 0.1536 0.1314 0.5385 0.0373 0.0899 0.0494 
        H138  2 0.0671 0.5458 0.1177 0.0532 0.1401 0.0762 
        H140  2 0.4181 0.0696 0.3144 0.1087 0.0428 0.0464 
        H146  2 0.7356 0.0620 0.0420 0.0322 0.1082 0.0200 
        H147  2 0.3810 0.3065 0.0692 0.0426 0.1575 0.0433 
        H148  2 0.1194 0.1240 0.4171 0.0730 0.2025 0.0640 
     H166022  2 0.1766 0.4352 0.0874 0.0959 0.0920 0.1129 
     H167359  2 0.1493 0.3562 0.1088 0.1506 0.1007 0.1344 
     H167397  2 0.2357 0.6048 0.0250 0.0286 0.0522 0.0536 
     H167428  2 0.5186 0.1266 0.0239 0.0277 0.2686 0.0346 
     H167496  2 0.1438 0.1217 0.1752 0.2391 0.2626 0.0577 
     H167513  2 0.0585 0.0890 0.0689 0.0389 0.0276 0.7172 
     H167545  2 0.0363 0.0523 0.0342 0.0351 0.0375 0.8044 
     H167547  2 0.1548 0.5285 0.2052 0.0477 0.0221 0.0416 
     H169621  2 0.6674 0.0539 0.1724 0.0315 0.0262 0.0487 
     H169622  2 0.0969 0.1886 0.0349 0.1217 0.2104 0.3476 
     H169750  2 0.6983 0.0645 0.0563 0.1064 0.0415 0.0330 
     H171806  2 0.5292 0.0500 0.0742 0.1416 0.1702 0.0348 
     H171808  2 0.0569 0.0535 0.0287 0.2405 0.4742 0.1463 
     H171809  2 0.0557 0.1795 0.0662 0.4285 0.2118 0.0582 
     H171813  2 0.0418 0.0465 0.6352 0.0666 0.0398 0.1702 
     H171815  2 0.0442 0.0878 0.0849 0.0483 0.0888 0.6461 
     H171824  2 0.1137 0.0670 0.1946 0.2965 0.2888 0.0393 
     H171825  2 0.0503 0.1324 0.0483 0.5490 0.0883 0.1316 
     H171826  2 0.0931 0.1550 0.0965 0.0800 0.5106 0.0648 
     H171827  2 0.0822 0.0855 0.1256 0.0384 0.3289 0.3394 
     H171828  2 0.0399 0.0394 0.1057 0.6905 0.0905 0.0341 
     H171829  2 0.0634 0.1520 0.1938 0.4046 0.0348 0.1515 
     H171830  2 0.1307 0.5265 0.0367 0.0911 0.1479 0.0671 
     H171831  2 0.1164 0.4391 0.1437 0.0974 0.0556 0.1477 
     H171832  2 0.1101 0.2844 0.0366 0.1327 0.0672 0.3690 
     H171863  2 0.5951 0.0919 0.0190 0.0307 0.0669 0.1964 
     H171864  2 0.1461 0.1769 0.0907 0.1817 0.2733 0.1314 
     H171865  2 0.0940 0.3199 0.0306 0.0659 0.2632 0.2265 
     H171879  2 0.1840 0.2284 0.4083 0.0399 0.0598 0.0796 
     H171880  2 0.4875 0.2024 0.0966 0.0447 0.0762 0.0927 
     H171881  2 0.1360 0.1682 0.3311 0.0731 0.1747 0.1169 
     H171882  2 0.0404 0.0665 0.0441 0.7229 0.0658 0.0603 
     H171929  2 0.3529 0.1805 0.0701 0.1597 0.1807 0.0560 
     H171930  2 0.0711 0.0831 0.0450 0.0261 0.0338 0.7410 
     H171933  2 0.1875 0.0863 0.5223 0.0936 0.0531 0.0572 
     H171934  2 0.0515 0.1062 0.2087 0.2924 0.2052 0.1360 
     H171937  2 0.0930 0.4731 0.0764 0.0744 0.0661 0.2169 
     H171962  2 0.1180 0.2267 0.0800 0.0499 0.2597 0.2657 
        H190  2 0.1865 0.2574 0.3563 0.0388 0.0821 0.0788 
        H191  2 0.0978 0.3463 0.1205 0.0971 0.1237 0.2146 
        H396  2 0.0644 0.0484 0.0372 0.0827 0.7227 0.0446 
        H397  2 0.1720 0.1948 0.1104 0.3613 0.0842 0.0772 
        H398  2 0.0473 0.0552 0.0732 0.1492 0.6120 0.0632 
        H400  2 0.0483 0.0764 0.0346 0.1452 0.5411 0.1544 
        H401  2 0.1011 0.4021 0.3994 0.0325 0.0233 0.0417 
        H402  2 0.1451 0.1074 0.1142 0.0241 0.1857 0.4234 
        H427  2 0.0561 0.1934 0.0869 0.0665 0.5554 0.0417 
        H428  2 0.4698 0.1200 0.0217 0.0209 0.3333 0.0343 
        H497  2 0.0604 0.0644 0.0404 0.0613 0.0549 0.7185 
        H512  2 0.1696 0.2805 0.2467 0.0452 0.1553 0.1027 
        H513  2 0.0620 0.0801 0.0655 0.0419 0.0286 0.7218 
        H514  2 0.2396 0.3963 0.0383 0.0468 0.1281 0.1508 
        H519  2 0.0901 0.1542 0.1026 0.0598 0.0329 0.5604 
        H532  2 0.0747 0.0437 0.0355 0.0331 0.7645 0.0484 
        H543  2 0.3832 0.1754 0.1056 0.0566 0.1322 0.1470 
        H544  2 0.2816 0.0729 0.0215 0.5176 0.0389 0.0675 
        H545  2 0.0311 0.0502 0.0281 0.0311 0.0336 0.8260 
        H546  2 0.0540 0.2507 0.1359 0.0992 0.1897 0.2706 
        H547  2 0.1666 0.5216 0.2153 0.0346 0.0231 0.0388 
        H548  2 0.0700 0.1509 0.0535 0.3084 0.2372 0.1799 
        H549  2 0.0189 0.0168 0.0167 0.0221 0.0234 0.9023 
        H620  2 0.0365 0.1109 0.1181 0.4501 0.1920 0.0924 
        H623  2 0.0851 0.2431 0.1151 0.0432 0.0408 0.4727 
        H624  2 0.0388 0.0429 0.0198 0.0577 0.0475 0.7933 
        H625  2 0.0670 0.1050 0.0430 0.2294 0.3639 0.1917 
        H626  2 0.0606 0.2457 0.0807 0.1259 0.0764 0.4107 
        H654  2 0.0223 0.0481 0.0754 0.0769 0.0535 0.7238 
        H655  2 0.1313 0.1362 0.1401 0.3441 0.0766 0.1717 
        H656  2 0.0211 0.0591 0.0354 0.7502 0.0965 0.0377 
        H666  2 0.2383 0.0711 0.2346 0.3146 0.0613 0.0802 
        H667  2 0.0778 0.0854 0.0616 0.0608 0.2546 0.4598 
        H677  2 0.0743 0.1652 0.0715 0.0885 0.4838 0.1167 
        H693  2 0.0402 0.0797 0.1484 0.4755 0.1954 0.0608 
        H694  2 0.2432 0.1841 0.0838 0.1215 0.0411 0.3262 
        H701  2 0.3299 0.2379 0.1408 0.0477 0.0934 0.1503 
        H702  2 0.1263 0.1549 0.1402 0.2924 0.1439 0.1424 
        H731  2 0.3776 0.1235 0.0617 0.3402 0.0557 0.0414 
       H7359  2 0.1298 0.4109 0.1041 0.1332 0.1048 0.1172 
       H7389  2 0.1524 0.1388 0.0933 0.0373 0.4595 0.1187 
       H7390  2 0.0456 0.0485 0.6629 0.1168 0.0565 0.0698 
       H7391  2 0.0929 0.1154 0.2093 0.0999 0.4384 0.0440 
       H7392  2 0.4059 0.0761 0.1880 0.0850 0.1557 0.0893 
       H7393  2 0.1184 0.0850 0.4568 0.1190 0.0410 0.1798 
       H7398  2 0.2481 0.2665 0.0709 0.1051 0.2717 0.0377 
       H7399  2 0.2488 0.0674 0.1402 0.0403 0.3075 0.1959 
       H7400  2 0.0212 0.0922 0.0834 0.4768 0.0756 0.2508 
        H745  2 0.3433 0.3957 0.0887 0.0428 0.0751 0.0543 
        H746  2 0.0784 0.0799 0.0416 0.0279 0.3562 0.4161 
        H747  2 0.0845 0.0814 0.2405 0.3956 0.0775 0.1206 
        H748  2 0.1455 0.1867 0.0600 0.1022 0.1362 0.3695 
       H7484  2 0.0406 0.1192 0.1565 0.5818 0.0574 0.0444 
       H7485  2 0.0691 0.0865 0.0340 0.0320 0.0521 0.7262 
        H749  2 0.0405 0.0413 0.0231 0.0732 0.0863 0.7356 
        H930  2 0.1537 0.1085 0.0619 0.0391 0.0457 0.5912 
        H931  2 0.1591 0.1581 0.0392 0.1600 0.4475 0.0362 
        H932  2 0.0825 0.1124 0.0690 0.0710 0.6233 0.0418 
      H008.1  2 0.0477 0.1713 0.0258 0.0644 0.6554 0.0355 
 H029.1_2002  2 0.0797 0.6615 0.0276 0.0387 0.0837 0.1088 
 H029.1_2003  2 0.1031 0.2443 0.0412 0.0447 0.5187 0.0480 
      H030.1  2 0.2289 0.2244 0.3510 0.0710 0.0769 0.0477 
      H038.1  2 0.0413 0.1141 0.0345 0.1404 0.5611 0.1087 
      H041.1  2 0.8275 0.0391 0.0218 0.0193 0.0697 0.0226 
 H042.1_2002  2 0.7846 0.0246 0.0566 0.0500 0.0466 0.0375 
 H042.1_2003  2 0.0822 0.3816 0.0629 0.1148 0.1663 0.1922 
   H042_2002  2 0.0695 0.1648 0.0530 0.4819 0.0862 0.1447 
   H042_2003  2 0.0763 0.1484 0.0659 0.4546 0.1001 0.1547 
      H043.1  2 0.0307 0.0304 0.0186 0.0323 0.0432 0.8448 
      H047.1  2 0.0314 0.3066 0.0480 0.0572 0.0851 0.4715 
 H071.1_2002  2 0.0600 0.4629 0.0477 0.0635 0.2327 0.1332 
 H071.1_2003  2 0.0622 0.4870 0.0555 0.1813 0.1365 0.0775 
 H081.1_2002  2 0.0443 0.5836 0.0379 0.0624 0.2331 0.0386 
 H081.1_2003  2 0.0720 0.1587 0.0976 0.0633 0.3835 0.2249 
      H083.1  2 0.3351 0.3942 0.0469 0.0208 0.1052 0.0979 
      H084.1  2 0.0712 0.1849 0.2758 0.0386 0.0536 0.3759 
 H085.1_2002  2 0.4442 0.1022 0.0279 0.0989 0.2750 0.0518 
 H085.1_2003  2 0.4969 0.0461 0.0267 0.0379 0.3653 0.0271 
      H088.1  2 0.7185 0.0534 0.0611 0.0297 0.1007 0.0365 
      H091.1  2 0.9063 0.0171 0.0222 0.0148 0.0216 0.0180 
      H109.1  2 0.0920 0.1366 0.1201 0.0444 0.0633 0.5436 
      H126.1  2 0.0990 0.1869 0.1078 0.3412 0.0601 0.2051 
      H130.1  2 0.0864 0.0451 0.0373 0.7354 0.0337 0.0621 
      H133.1  2 0.3560 0.1001 0.0548 0.2076 0.1134 0.1682 
      H147.1  2 0.2263 0.4931 0.0881 0.0721 0.0642 0.0562 
      H148.1  2 0.0773 0.1294 0.0986 0.3168 0.1649 0.2130 
   H166022.1  2 0.8313 0.0592 0.0312 0.0255 0.0272 0.0256 
   H167397.1  2 0.1290 0.2582 0.0549 0.0373 0.0781 0.4425 
   H167496.1  2 0.2702 0.0507 0.2027 0.1263 0.2732 0.0768 
   H167513.1  2 0.1147 0.2474 0.0445 0.0741 0.0378 0.4816 
   H167547.1  2 0.1630 0.1481 0.3231 0.1831 0.0571 0.1256 
   H169750.1  2 0.4202 0.0450 0.1592 0.2639 0.0620 0.0496 
   H171929.1  2 0.2942 0.2313 0.0475 0.0418 0.0608 0.3244 
   H171930.1  2 0.0733 0.0969 0.0647 0.0360 0.0467 0.6824 
   H171933.1  2 0.7156 0.0321 0.0338 0.0877 0.0906 0.0403 
      H190.1  2 0.0645 0.1050 0.4437 0.1269 0.1420 0.1178 
      H400.1  2 0.6017 0.0494 0.0409 0.0355 0.1763 0.0963 
 H428.1_2005  2 0.5858 0.0581 0.0393 0.0319 0.2477 0.0372 
 H428.1_2006  2 0.8245 0.0426 0.0288 0.0250 0.0588 0.0203 
      H453.1  2 0.7600 0.0695 0.0484 0.0373 0.0482 0.0365 
      H512.1  2 0.2212 0.5052 0.0833 0.0595 0.0498 0.0809 
      H513.1  2 0.7668 0.0628 0.0525 0.0409 0.0227 0.0543 
      H532.1  2 0.1596 0.1432 0.0658 0.0784 0.3841 0.1688 
      H543.1  2 0.1716 0.0870 0.0301 0.0280 0.4551 0.2282 
 H545.1_2005  2 0.0168 0.0244 0.0169 0.0182 0.0239 0.8997 
 H545.1_2006  2 0.0941 0.0965 0.0359 0.0261 0.5853 0.1621 
      H547.1  2 0.7833 0.0657 0.0495 0.0378 0.0332 0.0305 
      H548.1  2 0.0577 0.0449 0.0271 0.0645 0.1150 0.6908 
     H7389.1  2 0.7500 0.0343 0.0489 0.0905 0.0477 0.0285 
      H747.1  2 0.2082 0.1622 0.1603 0.2908 0.0564 0.1221 
     H7484.1  2 0.2347 0.2107 0.1029 0.2295 0.1553 0.0669 
     H7485.1  2 0.1743 0.1336 0.0487 0.0387 0.4968 0.1079 
     H7496.1  2 0.2853 0.0767 0.4004 0.0899 0.1066 0.0411 
        D211  3 0.0335 0.2354 0.1773 0.0997 0.2084 0.2457 
     D229639  3 0.0785 0.1695 0.3745 0.1510 0.1582 0.0683 
     D237212  3 0.1038 0.2299 0.2602 0.1424 0.1853 0.0784 
     D237213  3 0.0706 0.3000 0.2298 0.0722 0.1559 0.1715 
     D237214  3 0.1391 0.2281 0.0347 0.0836 0.0921 0.4224 
     D237215  3 0.5721 0.0680 0.0821 0.1678 0.0406 0.0693 
     D237216  3 0.0961 0.4873 0.1222 0.0677 0.0758 0.1509 
     D237217  3 0.0342 0.3794 0.1236 0.0309 0.1409 0.2909 
     D237218  3 0.0374 0.0442 0.7135 0.0369 0.1154 0.0526 
     D237219  3 0.0415 0.1745 0.1916 0.2437 0.0804 0.2683 
     D237382  3 0.1216 0.1084 0.2820 0.2607 0.1236 0.1038 
     D244127  3 0.1525 0.1998 0.1751 0.0418 0.0370 0.3939 
     D244129  3 0.1642 0.2515 0.1091 0.1400 0.1914 0.1438 
     D244133  3 0.2170 0.0867 0.0597 0.4042 0.1528 0.0796 
     D244134  3 0.0546 0.1514 0.2042 0.3056 0.0996 0.1845 
     D244135  3 0.0756 0.1000 0.0603 0.0515 0.2167 0.4958 
     D244136  3 0.2053 0.1194 0.0460 0.3322 0.2491 0.0481 
        D416  3 0.1688 0.2050 0.3500 0.0464 0.1295 0.1003 
        D417  3 0.0313 0.0677 0.1913 0.0524 0.6085 0.0488 
        D419  3 0.0999 0.2362 0.1654 0.1159 0.2073 0.1753 
        D565  3 0.0449 0.0594 0.0299 0.6714 0.1476 0.0467 
        D566  3 0.2314 0.1305 0.1870 0.2640 0.1412 0.0460 
        D567  3 0.0603 0.1255 0.0386 0.0656 0.5589 0.1511 
        D568  3 0.0856 0.3022 0.1368 0.0319 0.2450 0.1986 
        D569  3 0.2199 0.2922 0.0919 0.1024 0.0763 0.2173 
        D573  3 0.2693 0.2852 0.1536 0.0352 0.2231 0.0336 
        D574  3 0.1318 0.4036 0.0969 0.2196 0.0591 0.0890 
        D575  3 0.0353 0.0666 0.0384 0.4420 0.0801 0.3376 
        D576  3 0.6545 0.0978 0.0601 0.1352 0.0169 0.0355 
        D577  3 0.0296 0.1231 0.0733 0.1513 0.5134 0.1094 
        D578  3 0.1949 0.1836 0.0392 0.0265 0.0275 0.5284 
        D579  3 0.0894 0.0643 0.2545 0.2520 0.2456 0.0942 
        D660  3 0.5097 0.1253 0.0791 0.0763 0.0376 0.1720 
        D661  3 0.0784 0.0324 0.7507 0.0285 0.0429 0.0672 
        D663  3 0.0708 0.3257 0.4006 0.0502 0.1101 0.0427 
        D664  3 0.0869 0.1449 0.0992 0.3058 0.0481 0.3151 
        D665  3 0.1187 0.2445 0.0558 0.0538 0.0321 0.4952 
        D666  3 0.0656 0.1515 0.1253 0.3948 0.1420 0.1208 
        H111  3 0.0448 0.4333 0.0985 0.0658 0.0602 0.2974 
        H951  3 0.2705 0.3828 0.0450 0.0624 0.0769 0.1623 
