        D174  1 0.0931 0.0596 0.1081 0.1818 0.0472 0.3275 0.0632 0.0418 0.0777 
        D199  1 0.0280 0.0714 0.2494 0.2083 0.1289 0.0548 0.0438 0.0627 0.1527 
        D203  1 0.1134 0.1801 0.1301 0.1724 0.0741 0.0536 0.1040 0.0965 0.0758 
        D204  1 0.0214 0.1919 0.0546 0.5609 0.0281 0.0258 0.0443 0.0314 0.0417 
     D237366  1 0.2749 0.1256 0.0430 0.0631 0.2570 0.0805 0.0277 0.0619 0.0663 
     D237367  1 0.0308 0.2910 0.1339 0.2405 0.1055 0.0528 0.0357 0.0286 0.0812 
     D237368  1 0.0412 0.0351 0.1659 0.1445 0.4046 0.0532 0.0547 0.0324 0.0684 
     D244101  1 0.0232 0.0739 0.2269 0.2678 0.0342 0.0199 0.0746 0.1915 0.0881 
     D244102  1 0.0473 0.2599 0.0648 0.0634 0.0860 0.0604 0.2090 0.0991 0.1099 
     D244103  1 0.1006 0.0735 0.0316 0.2988 0.0750 0.0665 0.0561 0.1232 0.1747 
     D244104  1 0.0334 0.0288 0.0426 0.6383 0.0455 0.0685 0.0348 0.0622 0.0458 
     D244105  1 0.1971 0.0564 0.0247 0.0852 0.1911 0.0225 0.1701 0.0431 0.2098 
     D244106  1 0.4218 0.0776 0.1040 0.0995 0.0309 0.1295 0.0412 0.0351 0.0604 
     D244107  1 0.0366 0.0252 0.0373 0.0611 0.1579 0.0223 0.5094 0.0889 0.0612 
     D244108  1 0.0292 0.1898 0.0556 0.0580 0.0744 0.1420 0.3036 0.0612 0.0861 
     D244113  1 0.0206 0.0724 0.0479 0.0284 0.0528 0.6309 0.0685 0.0265 0.0520 
     D244114  1 0.3765 0.0733 0.0399 0.0544 0.0469 0.0743 0.0438 0.0856 0.2053 
     D244115  1 0.0528 0.0403 0.0440 0.3559 0.0578 0.1450 0.0838 0.0626 0.1577 
     D267365  1 0.0392 0.0761 0.0633 0.3161 0.1045 0.1267 0.0437 0.1436 0.0868 
        D404  1 0.0455 0.2118 0.1062 0.0297 0.0259 0.2863 0.1610 0.0534 0.0801 
        D405  1 0.0471 0.1442 0.0866 0.1311 0.0486 0.0943 0.2472 0.0423 0.1586 
        D406  1 0.0341 0.0502 0.0235 0.0476 0.7165 0.0354 0.0449 0.0205 0.0274 
        D407  1 0.0300 0.0287 0.1416 0.5106 0.0566 0.0321 0.0304 0.0289 0.1410 
        D408  1 0.0233 0.0298 0.0391 0.0592 0.0194 0.5812 0.0297 0.1464 0.0719 
        D409  1 0.0273 0.0368 0.0551 0.1073 0.0512 0.0289 0.0653 0.4629 0.1653 
        D410  1 0.0269 0.0305 0.0195 0.0569 0.0472 0.0436 0.6882 0.0283 0.0590 
        D421  1 0.0145 0.0123 0.0635 0.8137 0.0161 0.0215 0.0132 0.0210 0.0243 
        D422  1 0.2188 0.0185 0.0164 0.0415 0.5327 0.0166 0.0764 0.0317 0.0474 
        D423  1 0.0204 0.0293 0.1234 0.0772 0.0522 0.0228 0.5850 0.0306 0.0592 
        D424  1 0.0272 0.0213 0.0275 0.7687 0.0404 0.0290 0.0217 0.0179 0.0463 
        D425  1 0.0253 0.1994 0.0490 0.2153 0.0274 0.1146 0.1214 0.1237 0.1239 
        D426  1 0.1520 0.0158 0.0472 0.0703 0.0426 0.0316 0.0374 0.3779 0.2252 
        D427  1 0.0185 0.0188 0.4027 0.3637 0.0291 0.0672 0.0190 0.0505 0.0305 
        D428  1 0.0215 0.2367 0.0471 0.1417 0.0839 0.1264 0.1202 0.0400 0.1826 
        D429  1 0.2367 0.0514 0.0350 0.4601 0.0302 0.0520 0.0417 0.0333 0.0596 
        D430  1 0.2710 0.0787 0.1527 0.1071 0.0399 0.0805 0.0369 0.0677 0.1655 
        D491  1 0.0323 0.0329 0.0368 0.0989 0.0402 0.5538 0.0629 0.0637 0.0786 
        D492  1 0.0545 0.0539 0.0823 0.4512 0.0594 0.1198 0.0354 0.0291 0.1143 
        D537  1 0.0396 0.1031 0.0449 0.4952 0.0718 0.0512 0.0733 0.0280 0.0929 
        D538  1 0.0508 0.1174 0.1419 0.0489 0.1984 0.1068 0.1231 0.0413 0.1715 
        D539  1 0.3238 0.0935 0.0352 0.0463 0.0922 0.1537 0.0715 0.0796 0.1042 
        D540  1 0.0552 0.0347 0.0372 0.2369 0.0502 0.0574 0.1396 0.0781 0.3107 
        D541  1 0.0149 0.0220 0.0267 0.8199 0.0188 0.0155 0.0207 0.0344 0.0271 
        D551  1 0.5494 0.0361 0.0275 0.0426 0.0428 0.0372 0.0456 0.1056 0.1131 
        D552  1 0.0619 0.0354 0.0429 0.1606 0.2918 0.0986 0.1742 0.0493 0.0853 
        D553  1 0.0155 0.0157 0.0141 0.8350 0.0222 0.0264 0.0196 0.0300 0.0214 
        D615  1 0.0854 0.0523 0.0420 0.3666 0.1036 0.0844 0.0989 0.0569 0.1099 
        D616  1 0.0649 0.0204 0.1375 0.2689 0.1030 0.0447 0.0639 0.1297 0.1671 
        D621  1 0.0439 0.0318 0.0203 0.0236 0.3219 0.2599 0.2164 0.0343 0.0479 
        D622  1 0.1325 0.0494 0.0380 0.0694 0.4081 0.0693 0.0909 0.0549 0.0875 
        D623  1 0.0161 0.1096 0.5546 0.0252 0.0300 0.0870 0.0655 0.0508 0.0611 
        D624  1 0.0584 0.0401 0.0308 0.1062 0.0669 0.4311 0.0239 0.0428 0.1999 
        D625  1 0.0434 0.0743 0.0264 0.5642 0.0577 0.1053 0.0327 0.0368 0.0592 
        D626  1 0.0364 0.1568 0.0309 0.1120 0.1024 0.3288 0.0566 0.0947 0.0814 
        D627  1 0.0528 0.0269 0.0335 0.1718 0.0334 0.0423 0.0171 0.4927 0.1295 
        D690  1 0.0176 0.0450 0.0182 0.6019 0.0462 0.1644 0.0373 0.0317 0.0378 
        D691  1 0.3102 0.0629 0.0349 0.0821 0.3765 0.0274 0.0263 0.0443 0.0354 
        D710  1 0.0228 0.0521 0.1282 0.2083 0.1040 0.1028 0.1435 0.1097 0.1285 
        D711  1 0.0291 0.2582 0.0331 0.4649 0.0649 0.0506 0.0283 0.0306 0.0403 
        D712  1 0.0287 0.0723 0.0926 0.0420 0.1016 0.4129 0.0630 0.0854 0.1014 
        D713  1 0.0522 0.1272 0.0335 0.1689 0.1001 0.2677 0.0780 0.0339 0.1386 
        D746  1 0.0756 0.0236 0.0255 0.0886 0.6621 0.0398 0.0265 0.0277 0.0305 
        D747  1 0.0211 0.0521 0.0355 0.7727 0.0205 0.0176 0.0222 0.0342 0.0241 
        D748  1 0.3648 0.0910 0.0387 0.1875 0.1156 0.0679 0.0345 0.0385 0.0616 
        D749  1 0.0826 0.0334 0.0295 0.0507 0.3486 0.0642 0.1552 0.0515 0.1844 
        D750  1 0.0673 0.0283 0.0337 0.2371 0.0435 0.4532 0.0594 0.0340 0.0436 
        D763  1 0.1236 0.0619 0.1402 0.0978 0.1857 0.0822 0.0418 0.1258 0.1410 
        D764  1 0.0233 0.0170 0.0310 0.6441 0.0570 0.1035 0.0408 0.0333 0.0500 
        D765  1 0.0524 0.0339 0.0198 0.0255 0.0856 0.0507 0.5867 0.0508 0.0948 
        D766  1 0.0556 0.0577 0.0368 0.0659 0.1610 0.0923 0.4108 0.0385 0.0814 
        D767  1 0.0319 0.6373 0.0387 0.0482 0.0862 0.0291 0.0608 0.0259 0.0418 
        D768  1 0.0325 0.0273 0.0236 0.7906 0.0287 0.0178 0.0230 0.0271 0.0294 
        D811  1 0.0365 0.0774 0.0429 0.0384 0.0310 0.4056 0.1614 0.0536 0.1533 
        D816  1 0.0209 0.0466 0.0259 0.7658 0.0266 0.0327 0.0311 0.0175 0.0330 
        D825  1 0.0553 0.0848 0.0390 0.0883 0.0457 0.2632 0.2199 0.0487 0.1550 
        D866  1 0.0895 0.0482 0.1143 0.0995 0.0514 0.0860 0.0546 0.3581 0.0984 
        D867  1 0.0395 0.0287 0.0828 0.0389 0.5672 0.0413 0.0910 0.0270 0.0836 
        D871  1 0.0396 0.1293 0.0286 0.0864 0.0258 0.0785 0.0280 0.4078 0.1761 
        D872  1 0.0179 0.3542 0.0383 0.0881 0.2935 0.0409 0.0951 0.0251 0.0468 
        D873  1 0.0185 0.0179 0.0237 0.0128 0.0407 0.0175 0.8297 0.0155 0.0238 
        D874  1 0.0557 0.1934 0.1040 0.1546 0.0288 0.2942 0.0360 0.0403 0.0930 
        D875  1 0.1328 0.0453 0.0334 0.0457 0.0628 0.0335 0.0453 0.3431 0.2581 
        D876  1 0.0344 0.0778 0.0377 0.3490 0.1880 0.1206 0.0661 0.0451 0.0812 
        D877  1 0.0348 0.2474 0.0483 0.0353 0.0209 0.3559 0.1101 0.0269 0.1205 
        D892  1 0.2026 0.2399 0.0553 0.2041 0.0953 0.0812 0.0284 0.0274 0.0659 
        D893  1 0.0508 0.2018 0.0417 0.3793 0.0742 0.0353 0.0475 0.0532 0.1162 
        D894  1 0.1395 0.0368 0.0283 0.5632 0.0375 0.0344 0.0235 0.0513 0.0854 
        D915  1 0.0832 0.0795 0.0328 0.3849 0.0768 0.0488 0.1671 0.0424 0.0844 
        D916  1 0.0276 0.0198 0.0183 0.8402 0.0196 0.0159 0.0164 0.0217 0.0203 
        D917  1 0.0197 0.0711 0.0966 0.1947 0.0447 0.1902 0.0676 0.1721 0.1433 
        D925  1 0.0219 0.0366 0.0227 0.1945 0.1819 0.0907 0.3776 0.0257 0.0483 
        D926  1 0.1055 0.0817 0.0279 0.4935 0.0435 0.0325 0.0933 0.0529 0.0692 
        D927  1 0.0488 0.1325 0.3882 0.1483 0.0773 0.0392 0.0211 0.0545 0.0900 
        D928  1 0.0135 0.0263 0.0337 0.0812 0.0189 0.5743 0.1858 0.0278 0.0384 
        D929  1 0.0312 0.6478 0.0253 0.0338 0.0424 0.0914 0.0370 0.0353 0.0557 
        D936  1 0.0764 0.1762 0.0568 0.3720 0.0255 0.0558 0.0660 0.0949 0.0765 
        D938  1 0.0512 0.0327 0.0233 0.0358 0.6402 0.0526 0.0953 0.0328 0.0362 
        D956  1 0.1194 0.0484 0.0471 0.0814 0.0379 0.3724 0.0800 0.0508 0.1625 
        D957  1 0.0209 0.1565 0.0338 0.0608 0.1672 0.0235 0.4523 0.0373 0.0478 
        D958  1 0.0350 0.1183 0.0386 0.1074 0.2741 0.2210 0.1194 0.0297 0.0565 
        D959  1 0.0582 0.0209 0.1141 0.4489 0.0496 0.0242 0.0662 0.0232 0.1946 
        D960  1 0.1132 0.0251 0.0239 0.0388 0.5089 0.0290 0.2084 0.0189 0.0338 
        D989  1 0.0458 0.0422 0.3936 0.1183 0.0441 0.1133 0.0419 0.1092 0.0916 
        D990  1 0.0236 0.0689 0.0503 0.0272 0.2682 0.0435 0.3007 0.1062 0.1115 
        H102  1 0.0864 0.0465 0.0294 0.3336 0.1561 0.1946 0.0488 0.0469 0.0577 
        H103  1 0.0216 0.1762 0.0452 0.0771 0.1012 0.0230 0.0672 0.0783 0.4102 
        H104  1 0.0902 0.3867 0.0468 0.1219 0.0366 0.0618 0.0398 0.1304 0.0858 
        H105  1 0.0458 0.0395 0.0614 0.2529 0.0472 0.2247 0.1720 0.0745 0.0821 
        H106  1 0.2333 0.2006 0.0599 0.0471 0.1881 0.0454 0.1076 0.0395 0.0784 
        H112  1 0.1872 0.0951 0.0648 0.1072 0.0631 0.1599 0.1246 0.0802 0.1180 
        H113  1 0.0464 0.0519 0.0853 0.1308 0.0590 0.0501 0.0806 0.3781 0.1178 
        H114  1 0.0446 0.0332 0.0642 0.3462 0.0515 0.0278 0.0716 0.2750 0.0860 
        H115  1 0.2036 0.1111 0.0398 0.3064 0.0741 0.0795 0.0409 0.0738 0.0709 
        H143  1 0.0379 0.0270 0.0233 0.5832 0.0345 0.0464 0.1482 0.0278 0.0717 
        H144  1 0.0405 0.0268 0.0386 0.6357 0.0568 0.0301 0.0336 0.0301 0.1080 
        H145  1 0.0261 0.0415 0.0295 0.0181 0.0687 0.5800 0.0277 0.1116 0.0968 
        H149  1 0.3645 0.1113 0.0596 0.2622 0.0275 0.0395 0.0415 0.0471 0.0469 
        H150  1 0.0991 0.1223 0.0977 0.0270 0.1153 0.1275 0.0378 0.0897 0.2837 
     H167542  1 0.0588 0.0647 0.0289 0.6508 0.0422 0.0378 0.0524 0.0203 0.0442 
     H169604  1 0.0876 0.1606 0.1746 0.0921 0.0259 0.1796 0.0394 0.1248 0.1154 
     H169607  1 0.0492 0.0991 0.0702 0.0522 0.0432 0.2813 0.0374 0.0738 0.2936 
     H169608  1 0.0327 0.0412 0.0344 0.0379 0.0538 0.6794 0.0288 0.0480 0.0438 
     H169633  1 0.0674 0.0413 0.1238 0.1759 0.0457 0.0949 0.1593 0.1509 0.1406 
     H169688  1 0.0252 0.0800 0.1374 0.0617 0.4923 0.0494 0.0351 0.0298 0.0891 
     H169714  1 0.4970 0.1883 0.0386 0.0499 0.0444 0.0224 0.0340 0.0807 0.0446 
     H171802  1 0.1470 0.0927 0.1964 0.0489 0.0588 0.0441 0.1776 0.0798 0.1548 
     H171805  1 0.1051 0.2546 0.0313 0.0572 0.2155 0.0315 0.1209 0.0451 0.1388 
     H171807  1 0.1448 0.0566 0.1782 0.0341 0.0523 0.2031 0.1055 0.0574 0.1680 
     H171814  1 0.0187 0.0359 0.2733 0.0703 0.0600 0.0328 0.0828 0.2693 0.1567 
     H171816  1 0.0632 0.1329 0.1019 0.0415 0.1668 0.0759 0.1490 0.1028 0.1661 
     H171817  1 0.0625 0.1792 0.0304 0.0648 0.0693 0.2717 0.1483 0.0872 0.0866 
     H171818  1 0.0873 0.0866 0.0478 0.2456 0.1148 0.0210 0.1603 0.1142 0.1222 
     H171819  1 0.0402 0.0618 0.1067 0.0393 0.0843 0.0792 0.0987 0.4161 0.0736 
     H171834  1 0.6962 0.0211 0.0244 0.0631 0.0337 0.0165 0.0702 0.0378 0.0371 
     H171835  1 0.1208 0.2424 0.1361 0.0311 0.1658 0.1233 0.0243 0.1105 0.0457 
     H171836  1 0.0382 0.0262 0.1161 0.0642 0.1526 0.0448 0.3194 0.0637 0.1749 
     H171837  1 0.0636 0.0793 0.0465 0.1973 0.0973 0.2368 0.0342 0.1693 0.0755 
     H171838  1 0.3501 0.0296 0.1111 0.0169 0.0831 0.0319 0.1868 0.0859 0.1046 
     H171839  1 0.0737 0.1499 0.1397 0.1636 0.0365 0.1819 0.0304 0.1621 0.0622 
     H171841  1 0.0343 0.0311 0.0283 0.0178 0.0598 0.4915 0.2415 0.0335 0.0622 
     H171860  1 0.0662 0.0864 0.1376 0.0789 0.0367 0.3262 0.0444 0.1330 0.0906 
     H171861  1 0.0429 0.0304 0.0266 0.2396 0.1977 0.0414 0.2207 0.0809 0.1199 
     H171862  1 0.3563 0.0459 0.0519 0.1153 0.0435 0.0510 0.1160 0.1194 0.1007 
     H171868  1 0.0497 0.0256 0.0254 0.6930 0.0297 0.0310 0.0339 0.0654 0.0463 
     H171869  1 0.0554 0.0337 0.0866 0.1038 0.2970 0.0336 0.0806 0.0511 0.2580 
     H171870  1 0.1123 0.1252 0.0593 0.0446 0.4444 0.0414 0.0401 0.0277 0.1050 
     H171871  1 0.1267 0.1033 0.0603 0.0487 0.1401 0.0388 0.1897 0.0664 0.2259 
     H171872  1 0.0523 0.1667 0.0362 0.0851 0.0438 0.2317 0.0315 0.2529 0.0999 
     H171873  1 0.1180 0.0557 0.0464 0.0390 0.4487 0.0374 0.0439 0.1246 0.0863 
     H171874  1 0.0597 0.0233 0.1075 0.1639 0.1918 0.0836 0.0706 0.2176 0.0820 
     H171875  1 0.0204 0.0272 0.0363 0.3098 0.0860 0.0211 0.1431 0.2140 0.1421 
     H171876  1 0.0330 0.0391 0.3624 0.2107 0.0370 0.1022 0.0427 0.0764 0.0965 
     H171877  1 0.0379 0.0825 0.0779 0.4400 0.0846 0.0913 0.0373 0.0824 0.0661 
     H171878  1 0.0412 0.1283 0.2441 0.0380 0.2137 0.0279 0.1189 0.0339 0.1540 
     H171901  1 0.0305 0.2376 0.0522 0.0501 0.0633 0.3086 0.1596 0.0406 0.0575 
     H171902  1 0.0842 0.0453 0.0314 0.0478 0.0538 0.4485 0.0444 0.0705 0.1741 
     H171903  1 0.1442 0.0581 0.1139 0.2474 0.0348 0.0447 0.0513 0.1535 0.1521 
     H171935  1 0.1991 0.0925 0.1097 0.0157 0.1889 0.1503 0.0652 0.0839 0.0948 
     H171936  1 0.0469 0.0733 0.1348 0.2411 0.0851 0.0238 0.2177 0.1065 0.0708 
     H171940  1 0.1689 0.0603 0.0472 0.2894 0.0360 0.0793 0.2108 0.0337 0.0744 
     H171945  1 0.1102 0.0693 0.0578 0.0563 0.2580 0.1174 0.1379 0.0333 0.1598 
     H171948  1 0.1885 0.0495 0.0422 0.0460 0.0315 0.0579 0.4446 0.0656 0.0742 
     H171949  1 0.4235 0.0828 0.0722 0.0386 0.0359 0.1774 0.0614 0.0468 0.0613 
     H171950  1 0.0615 0.4103 0.0319 0.1089 0.1536 0.1185 0.0229 0.0464 0.0460 
     H171963  1 0.0301 0.0244 0.0424 0.0429 0.6756 0.0231 0.0390 0.0381 0.0844 
     H171964  1 0.0815 0.0239 0.2036 0.0283 0.1131 0.0676 0.0251 0.2237 0.2332 
     H171966  1 0.1163 0.0382 0.0263 0.0632 0.2074 0.0574 0.1280 0.2125 0.1506 
     H171968  1 0.0631 0.0493 0.0280 0.1357 0.1263 0.4271 0.0445 0.0359 0.0900 
     H171971  1 0.1246 0.1475 0.0812 0.0266 0.1068 0.0251 0.1075 0.2686 0.1122 
     H171972  1 0.0197 0.0364 0.6980 0.0255 0.0324 0.0520 0.0290 0.0453 0.0618 
     H171977  1 0.0412 0.0585 0.1205 0.0862 0.3111 0.0616 0.1126 0.0616 0.1466 
     H171978  1 0.1611 0.3696 0.0283 0.0369 0.0738 0.0803 0.0838 0.0347 0.1314 
     H171979  1 0.1063 0.0433 0.1387 0.0403 0.0461 0.0697 0.1399 0.1795 0.2361 
        H176  1 0.0374 0.0321 0.0463 0.1477 0.0282 0.3309 0.0309 0.2817 0.0649 
        H177  1 0.1052 0.3081 0.0336 0.0680 0.1785 0.1146 0.0856 0.0342 0.0723 
        H179  1 0.0246 0.2172 0.0361 0.5196 0.0173 0.0385 0.0421 0.0687 0.0359 
        H181  1 0.0946 0.0208 0.0439 0.0377 0.0358 0.0280 0.6275 0.0326 0.0790 
        H182  1 0.0895 0.0506 0.0296 0.0440 0.2773 0.0522 0.1608 0.0954 0.2005 
        H183  1 0.0307 0.0165 0.0417 0.0471 0.0254 0.0202 0.7689 0.0172 0.0325 
        H184  1 0.1576 0.1047 0.0350 0.0687 0.0452 0.1302 0.2128 0.1071 0.1387 
        H185  1 0.0754 0.0387 0.2168 0.1015 0.1720 0.0516 0.1193 0.0762 0.1485 
        H186  1 0.0327 0.0515 0.0258 0.4590 0.2213 0.0440 0.0238 0.0323 0.1096 
        H187  1 0.0184 0.2304 0.0502 0.0808 0.2440 0.0209 0.2664 0.0256 0.0634 
        H188  1 0.0782 0.0469 0.0563 0.5138 0.0269 0.0901 0.0492 0.0600 0.0786 
        H192  1 0.5319 0.0646 0.0372 0.0277 0.0782 0.0573 0.0905 0.0478 0.0649 
        H193  1 0.0684 0.1015 0.0216 0.2007 0.1231 0.0434 0.0874 0.0424 0.3115 
        H194  1 0.3716 0.0746 0.0570 0.0706 0.0359 0.0663 0.0566 0.1591 0.1083 
        H195  1 0.0377 0.0437 0.1069 0.0519 0.5438 0.0370 0.0454 0.0400 0.0937 
        H199  1 0.0480 0.0326 0.0550 0.0322 0.1354 0.2594 0.1683 0.0340 0.2351 
        H200  1 0.0504 0.0644 0.1808 0.1313 0.0397 0.1582 0.1745 0.1020 0.0987 
        H414  1 0.0587 0.3068 0.0798 0.1203 0.0863 0.0497 0.0857 0.0829 0.1299 
        H415  1 0.0495 0.1002 0.0643 0.1459 0.0391 0.0724 0.2488 0.1588 0.1209 
        H422  1 0.0307 0.0284 0.0378 0.1864 0.1108 0.2275 0.1191 0.0805 0.1787 
        H423  1 0.0689 0.0702 0.0495 0.0347 0.0357 0.3698 0.1990 0.0595 0.1128 
        H424  1 0.0637 0.0558 0.0441 0.1038 0.2200 0.0319 0.2246 0.0554 0.2006 
        H425  1 0.0615 0.0681 0.0836 0.0522 0.3449 0.0383 0.1257 0.0432 0.1824 
        H426  1 0.1818 0.0799 0.0335 0.0350 0.0331 0.0394 0.2466 0.1117 0.2390 
        H443  1 0.0354 0.0225 0.0298 0.6296 0.0847 0.0419 0.0300 0.0284 0.0977 
        H466  1 0.2463 0.0919 0.1389 0.1606 0.0386 0.0388 0.0986 0.0536 0.1327 
        H467  1 0.3805 0.0561 0.0373 0.0242 0.1282 0.0390 0.0247 0.2596 0.0504 
        H472  1 0.0280 0.0537 0.0607 0.0359 0.0241 0.6120 0.0564 0.0621 0.0672 
        H483  1 0.0956 0.0218 0.0650 0.1316 0.0550 0.0362 0.4928 0.0344 0.0676 
        H504  1 0.0257 0.0472 0.0690 0.0484 0.2452 0.0796 0.1682 0.0942 0.2225 
        H505  1 0.0653 0.2994 0.0678 0.2766 0.0404 0.0362 0.1222 0.0326 0.0596 
        H506  1 0.0404 0.1528 0.0740 0.0998 0.1263 0.0954 0.1110 0.0826 0.2176 
        H507  1 0.0332 0.0683 0.0879 0.0864 0.1571 0.0477 0.2494 0.0909 0.1793 
        H508  1 0.0941 0.1412 0.0953 0.0613 0.1067 0.0388 0.0371 0.1164 0.3092 
        H524  1 0.0391 0.2400 0.1379 0.0972 0.1737 0.0320 0.1574 0.0377 0.0850 
        H525  1 0.0415 0.0821 0.0975 0.1231 0.2052 0.1046 0.0382 0.1117 0.1960 
        H526  1 0.0297 0.0352 0.0729 0.1581 0.0645 0.2228 0.0587 0.2480 0.1100 
        H527  1 0.0337 0.4420 0.0603 0.0493 0.0833 0.0860 0.1256 0.0329 0.0869 
        H528  1 0.0249 0.0456 0.0697 0.0845 0.0221 0.0340 0.0657 0.5327 0.1208 
        H529  1 0.0714 0.1211 0.0365 0.0927 0.1802 0.0433 0.0484 0.0524 0.3541 
        H533  1 0.0472 0.3270 0.0330 0.0543 0.1517 0.0366 0.1410 0.0820 0.1272 
        H538  1 0.0802 0.0927 0.1433 0.1064 0.0357 0.3329 0.0584 0.0415 0.1089 
        H539  1 0.0171 0.0419 0.0258 0.0331 0.7776 0.0212 0.0365 0.0186 0.0283 
        H540  1 0.1211 0.0777 0.0520 0.0598 0.1972 0.0896 0.1556 0.0750 0.1720 
        H541  1 0.0598 0.2058 0.0807 0.3367 0.0560 0.0662 0.0526 0.0503 0.0918 
        H558  1 0.0350 0.0220 0.0410 0.0183 0.0457 0.0214 0.7509 0.0186 0.0470 
        H559  1 0.0222 0.0842 0.0389 0.4312 0.0552 0.1142 0.1127 0.0390 0.1024 
        H579  1 0.0283 0.0198 0.0307 0.0459 0.3798 0.1117 0.2011 0.0832 0.0996 
        H584  1 0.1767 0.0937 0.0675 0.0579 0.0629 0.1141 0.0463 0.1108 0.2701 
        H585  1 0.0730 0.1422 0.0658 0.1109 0.0486 0.0293 0.1563 0.2076 0.1662 
        H605  1 0.0939 0.1376 0.0630 0.3110 0.1320 0.0618 0.0675 0.0424 0.0906 
        H606  1 0.0388 0.0713 0.0289 0.4829 0.0495 0.2256 0.0347 0.0264 0.0418 
        H632  1 0.0522 0.0398 0.1982 0.0524 0.0750 0.1871 0.0350 0.2530 0.1073 
        H634  1 0.0386 0.1153 0.0514 0.2280 0.1356 0.0712 0.1010 0.1096 0.1491 
        H671  1 0.0354 0.1814 0.0580 0.0626 0.0225 0.3386 0.0654 0.1669 0.0691 
        H672  1 0.0237 0.0940 0.4052 0.2582 0.0499 0.0401 0.0353 0.0342 0.0593 
        H673  1 0.0411 0.0354 0.1382 0.2251 0.0643 0.0529 0.0914 0.0334 0.3182 
        H689  1 0.2066 0.0325 0.0831 0.1740 0.0387 0.0790 0.0986 0.0880 0.1996 
        H690  1 0.2025 0.2427 0.0259 0.1406 0.1873 0.0495 0.0539 0.0307 0.0670 
        H691  1 0.1062 0.0527 0.2023 0.3599 0.0544 0.0473 0.0472 0.0590 0.0711 
        H692  1 0.0435 0.0197 0.1921 0.0728 0.0293 0.0328 0.1927 0.0477 0.3693 
        H709  1 0.0683 0.3411 0.0712 0.1607 0.0846 0.0525 0.0394 0.0664 0.1159 
        H710  1 0.0415 0.0331 0.0575 0.0866 0.0707 0.0332 0.0758 0.1743 0.4273 
       H7355  1 0.0562 0.0419 0.0310 0.0443 0.0903 0.4825 0.0301 0.1119 0.1118 
       H7356  1 0.3490 0.1511 0.0622 0.0386 0.1491 0.0371 0.0692 0.0284 0.1153 
       H7357  1 0.0622 0.1321 0.0294 0.2536 0.1241 0.1747 0.0834 0.0677 0.0729 
       H7358  1 0.0227 0.0365 0.1224 0.2456 0.0650 0.2613 0.1175 0.0271 0.1020 
       H7380  1 0.0542 0.0465 0.0301 0.1929 0.0496 0.1433 0.0622 0.2556 0.1656 
       H7381  1 0.0553 0.1791 0.0763 0.0489 0.0559 0.1167 0.0741 0.0695 0.3241 
       H7382  1 0.0832 0.0382 0.1738 0.1343 0.1617 0.1066 0.0681 0.0597 0.1744 
        H904  1 0.1360 0.0739 0.0241 0.3576 0.0544 0.2268 0.0339 0.0463 0.0471 
        H923  1 0.0676 0.0695 0.1147 0.0751 0.0917 0.1481 0.0641 0.2007 0.1686 
        H924  1 0.0760 0.0372 0.0604 0.2728 0.0688 0.1853 0.1696 0.0361 0.0938 
        H925  1 0.0202 0.0551 0.0526 0.6183 0.0836 0.0314 0.0468 0.0377 0.0544 
       H9558  1 0.0280 0.0195 0.0268 0.0178 0.0343 0.0187 0.8130 0.0160 0.0259 
      H105.1  1 0.1622 0.0684 0.0438 0.0522 0.0434 0.0196 0.2407 0.0910 0.2787 
      H115.1  1 0.0279 0.0815 0.0359 0.6154 0.0604 0.0217 0.0562 0.0533 0.0477 
      H145.1  1 0.0215 0.0304 0.0211 0.0535 0.0663 0.6708 0.0210 0.0499 0.0656 
      H149.1  1 0.0272 0.0172 0.0184 0.8330 0.0258 0.0184 0.0159 0.0195 0.0246 
      H150.1  1 0.0461 0.0398 0.0248 0.0282 0.4560 0.1009 0.1059 0.0402 0.1582 
   H169607.1  1 0.0232 0.2217 0.0698 0.0659 0.1137 0.2065 0.0727 0.1223 0.1040 
   H169633.1  1 0.0393 0.0250 0.1085 0.4551 0.0682 0.1045 0.0846 0.0542 0.0608 
   H169688.1  1 0.0208 0.0259 0.2662 0.3730 0.0507 0.0401 0.0543 0.0357 0.1331 
   H171901.1  1 0.0351 0.0596 0.1179 0.0316 0.0871 0.0641 0.0604 0.4420 0.1021 
   H171902.1  1 0.0381 0.0547 0.0232 0.1315 0.1177 0.4404 0.0770 0.0486 0.0689 
   H171903.1  1 0.1451 0.3455 0.0549 0.0517 0.0466 0.1003 0.0626 0.0292 0.1642 
      H177.1  1 0.0545 0.0465 0.1266 0.5425 0.0488 0.0728 0.0299 0.0194 0.0589 
      H179.1  1 0.0347 0.2534 0.0433 0.3600 0.0458 0.0554 0.0891 0.0724 0.0459 
      H180.1  1 0.0992 0.1319 0.0544 0.0820 0.1589 0.0396 0.0582 0.0847 0.2911 
      H181.1  1 0.2422 0.0338 0.0429 0.2805 0.1020 0.0458 0.0800 0.0522 0.1205 
 H194.1_2004  1 0.2055 0.0516 0.0520 0.0879 0.1018 0.0625 0.1529 0.0338 0.2520 
 H195.1_2003  1 0.0477 0.2673 0.1620 0.0635 0.0720 0.0353 0.1599 0.0733 0.1190 
 H195.1_2004  1 0.0397 0.0365 0.1196 0.1946 0.0655 0.3417 0.0257 0.1115 0.0654 
      H415.1  1 0.0484 0.0535 0.0394 0.3295 0.0787 0.0435 0.2348 0.0934 0.0788 
      H506.1  1 0.0226 0.1037 0.0455 0.4280 0.0568 0.0330 0.1008 0.0722 0.1375 
      H533.1  1 0.0283 0.1214 0.0210 0.3941 0.0957 0.0338 0.1650 0.0447 0.0959 
      H535.1  1 0.2540 0.1196 0.0475 0.2228 0.0691 0.0518 0.0809 0.0387 0.1155 
      H539.1  1 0.0632 0.0323 0.0250 0.0422 0.2956 0.0791 0.3581 0.0364 0.0681 
      H540.1  1 0.0407 0.0392 0.0229 0.0262 0.6694 0.0375 0.0816 0.0320 0.0504 
     H9558.1  1 0.0298 0.0208 0.0395 0.0300 0.0761 0.0478 0.6661 0.0385 0.0515 
    kos339.1  1 0.0633 0.1642 0.0603 0.4298 0.0549 0.0742 0.0370 0.0435 0.0727 
        D023  2 0.0137 0.0147 0.0208 0.0438 0.8207 0.0150 0.0190 0.0287 0.0235 
        D130  2 0.0719 0.0736 0.0312 0.0446 0.6736 0.0265 0.0303 0.0150 0.0333 
        D131  2 0.0620 0.0557 0.0638 0.3411 0.0351 0.0461 0.0346 0.2458 0.1158 
        D163  2 0.0983 0.0378 0.0173 0.0587 0.5738 0.0390 0.0576 0.0368 0.0807 
        D164  2 0.0234 0.0174 0.3146 0.0178 0.1754 0.0254 0.3851 0.0149 0.0260 
        D165  2 0.0298 0.0183 0.0327 0.0564 0.7254 0.0195 0.0199 0.0613 0.0367 
        D166  2 0.1009 0.2876 0.0440 0.0327 0.1279 0.0593 0.0894 0.0847 0.1734 
        D167  2 0.0204 0.0283 0.8011 0.0173 0.0267 0.0186 0.0336 0.0227 0.0314 
        D192  2 0.0266 0.0210 0.7893 0.0163 0.0323 0.0181 0.0441 0.0312 0.0212 
        D193  2 0.1006 0.1009 0.0284 0.0403 0.0231 0.0312 0.5303 0.0453 0.0999 
        D206  2 0.0791 0.0407 0.1304 0.3352 0.0585 0.0324 0.1370 0.0598 0.1269 
        D207  2 0.0792 0.0510 0.5325 0.0334 0.0443 0.0220 0.0458 0.0565 0.1354 
        D208  2 0.0362 0.2810 0.0525 0.0562 0.0762 0.1956 0.0365 0.1736 0.0922 
        D209  2 0.0366 0.0272 0.3014 0.0365 0.1113 0.0285 0.2123 0.0416 0.2045 
        D210  2 0.1637 0.0441 0.0959 0.1034 0.0440 0.2923 0.0318 0.1723 0.0525 
     D229599  2 0.0508 0.0889 0.0581 0.1370 0.0850 0.0541 0.2205 0.1797 0.1259 
     D229600  2 0.0781 0.0511 0.1928 0.0453 0.4518 0.0245 0.0430 0.0378 0.0756 
     D237227  2 0.0401 0.0608 0.1502 0.0772 0.0949 0.2505 0.1272 0.0797 0.1195 
     D237228  2 0.0382 0.0243 0.0450 0.0228 0.0265 0.0672 0.6298 0.0583 0.0878 
     D237258  2 0.0444 0.0414 0.1680 0.1235 0.1343 0.0547 0.0728 0.2116 0.1494 
     D237310  2 0.2476 0.0843 0.0964 0.0184 0.0582 0.0996 0.2597 0.0531 0.0827 
     D237311  2 0.0524 0.0427 0.2451 0.0217 0.0615 0.0246 0.4477 0.0425 0.0618 
     D237312  2 0.3327 0.1251 0.0335 0.0349 0.0649 0.0907 0.1394 0.0547 0.1240 
     D237313  2 0.1301 0.0905 0.0260 0.1581 0.1022 0.1357 0.1607 0.0688 0.1280 
     D237322  2 0.0963 0.2876 0.0476 0.0338 0.0420 0.1664 0.0365 0.1390 0.1507 
     D237323  2 0.0657 0.1508 0.1376 0.0231 0.1068 0.1238 0.2314 0.0927 0.0680 
     D237324  2 0.0673 0.0527 0.1249 0.0452 0.2741 0.0231 0.0468 0.0602 0.3058 
     D237325  2 0.2187 0.1840 0.0904 0.0338 0.1161 0.0928 0.1509 0.0369 0.0764 
     D237326  2 0.0267 0.0248 0.0328 0.0404 0.0361 0.0306 0.7339 0.0396 0.0350 
     D237327  2 0.1168 0.1270 0.1146 0.0316 0.0443 0.0429 0.0216 0.4387 0.0626 
     D237337  2 0.0940 0.0828 0.0329 0.0454 0.0501 0.0954 0.4979 0.0457 0.0558 
     D237338  2 0.1627 0.1279 0.1083 0.0528 0.1056 0.0867 0.1495 0.1066 0.1000 
     D237339  2 0.0350 0.2730 0.2648 0.0452 0.0551 0.0222 0.1072 0.0654 0.1320 
     D237340  2 0.0592 0.0807 0.2870 0.0282 0.0877 0.0786 0.2100 0.0857 0.0828 
     D237389  2 0.0726 0.0327 0.0513 0.0179 0.0309 0.0234 0.7032 0.0261 0.0419 
     D237390  2 0.1499 0.1474 0.0608 0.0411 0.0468 0.0527 0.3105 0.0995 0.0913 
     D244017  2 0.0158 0.0713 0.6278 0.0258 0.0467 0.0495 0.0365 0.0406 0.0861 
     D244112  2 0.0477 0.0296 0.5732 0.0236 0.0916 0.0258 0.0906 0.0394 0.0784 
     D244118  2 0.0235 0.0464 0.2746 0.0158 0.4874 0.0158 0.0802 0.0256 0.0307 
     D244119  2 0.0231 0.0316 0.5782 0.0404 0.0243 0.2110 0.0265 0.0315 0.0333 
     D244120  2 0.2129 0.0447 0.1800 0.0201 0.0432 0.0407 0.1827 0.1732 0.1025 
     D244122  2 0.0616 0.0734 0.4525 0.0570 0.1047 0.0502 0.0798 0.0361 0.0847 
        D291  2 0.0243 0.0845 0.0410 0.0541 0.0868 0.0323 0.0343 0.4488 0.1939 
        D292  2 0.0421 0.1208 0.0974 0.1838 0.0519 0.0442 0.1305 0.2593 0.0700 
        D293  2 0.0149 0.0344 0.7655 0.0541 0.0167 0.0171 0.0188 0.0458 0.0327 
        D322  2 0.0275 0.0517 0.5936 0.0725 0.0762 0.0238 0.0375 0.0532 0.0640 
        D323  2 0.0329 0.1113 0.2668 0.0850 0.0564 0.0583 0.0747 0.0812 0.2334 
        D324  2 0.0788 0.0306 0.0364 0.1054 0.0900 0.0780 0.0626 0.4324 0.0858 
        D325  2 0.0380 0.0278 0.7261 0.0426 0.0195 0.0146 0.0268 0.0754 0.0292 
        D326  2 0.0175 0.0224 0.0271 0.7620 0.0173 0.0211 0.0225 0.0646 0.0454 
        D340  2 0.0309 0.0185 0.7784 0.0320 0.0219 0.0306 0.0314 0.0320 0.0242 
        D341  2 0.2998 0.1362 0.3078 0.0415 0.0320 0.0666 0.0290 0.0519 0.0352 
        D342  2 0.1706 0.0320 0.0375 0.0503 0.2433 0.0220 0.3272 0.0359 0.0813 
        D343  2 0.0203 0.0160 0.8769 0.0179 0.0126 0.0116 0.0130 0.0162 0.0155 
        D344  2 0.0531 0.0337 0.0248 0.0869 0.0161 0.0216 0.6773 0.0284 0.0581 
        D345  2 0.0255 0.0419 0.0355 0.0560 0.1551 0.0515 0.4469 0.0587 0.1289 
        D346  2 0.0784 0.0214 0.1462 0.0909 0.0283 0.4712 0.0390 0.0622 0.0623 
        D351  2 0.0264 0.1152 0.0592 0.1988 0.0498 0.0339 0.0414 0.2842 0.1911 
        D352  2 0.0281 0.0453 0.1229 0.0266 0.0273 0.0677 0.3785 0.1147 0.1888 
        D353  2 0.0315 0.0288 0.0645 0.1682 0.0273 0.0553 0.0338 0.0606 0.5300 
        D354  2 0.0343 0.0245 0.0267 0.0773 0.0308 0.0505 0.6630 0.0200 0.0729 
        D362  2 0.0181 0.0368 0.0306 0.6769 0.0461 0.0312 0.0716 0.0380 0.0507 
        D363  2 0.0164 0.0273 0.0550 0.6591 0.0336 0.0408 0.0837 0.0429 0.0414 
        D364  2 0.0334 0.0185 0.0298 0.1857 0.0248 0.0270 0.6213 0.0223 0.0372 
        D365  2 0.0169 0.0133 0.8884 0.0162 0.0104 0.0148 0.0106 0.0127 0.0165 
        D369  2 0.0378 0.0229 0.2892 0.2976 0.0301 0.0514 0.0370 0.1728 0.0613 
        D374  2 0.0227 0.0362 0.0285 0.0379 0.0187 0.1295 0.6483 0.0237 0.0546 
        D375  2 0.0325 0.0360 0.0363 0.0355 0.0355 0.0276 0.6143 0.0308 0.1516 
        D376  2 0.0899 0.0337 0.0541 0.0345 0.0223 0.1597 0.5221 0.0212 0.0625 
        D377  2 0.1289 0.0514 0.0632 0.0684 0.0603 0.1637 0.2334 0.1347 0.0960 
        D378  2 0.0430 0.0662 0.2659 0.2409 0.1252 0.0356 0.0260 0.1081 0.0891 
        D379  2 0.0603 0.0381 0.0247 0.6520 0.0286 0.0247 0.0645 0.0330 0.0742 
        D384  2 0.0184 0.0198 0.0175 0.8182 0.0169 0.0356 0.0250 0.0243 0.0243 
        D385  2 0.0269 0.0192 0.7936 0.0194 0.0185 0.0371 0.0395 0.0152 0.0305 
        D386  2 0.0367 0.0808 0.1037 0.3027 0.2084 0.0358 0.0656 0.0485 0.1179 
        D391  2 0.0207 0.0496 0.7780 0.0266 0.0227 0.0335 0.0178 0.0263 0.0247 
        D392  2 0.0191 0.0295 0.6524 0.0563 0.0492 0.0334 0.0690 0.0501 0.0409 
        D393  2 0.0578 0.0554 0.0704 0.2967 0.0790 0.0323 0.0379 0.3121 0.0585 
        D394  2 0.0739 0.0921 0.1209 0.0743 0.1438 0.0326 0.2393 0.1124 0.1106 
        D395  2 0.0324 0.0353 0.7324 0.0189 0.0194 0.0254 0.0492 0.0266 0.0603 
        D401  2 0.0206 0.0207 0.0608 0.0312 0.0216 0.0342 0.7174 0.0353 0.0582 
        D402  2 0.0454 0.0446 0.6192 0.0248 0.0343 0.0502 0.0296 0.1168 0.0352 
        D403  2 0.0711 0.1047 0.0219 0.4065 0.0728 0.0267 0.0793 0.0350 0.1821 
        D415  2 0.0834 0.0287 0.0531 0.6056 0.0276 0.0287 0.0371 0.0261 0.1098 
        D435  2 0.0858 0.0337 0.1943 0.4238 0.0403 0.0296 0.0648 0.0751 0.0527 
        D436  2 0.0625 0.2512 0.0384 0.1383 0.0342 0.0676 0.2261 0.0842 0.0976 
        D438  2 0.0294 0.0164 0.8012 0.0243 0.0285 0.0342 0.0222 0.0221 0.0217 
        D439  2 0.0399 0.0338 0.0493 0.0509 0.0698 0.0349 0.4340 0.1131 0.1745 
        D449  2 0.1867 0.0173 0.1105 0.0937 0.0189 0.0285 0.3968 0.0480 0.0996 
        D450  2 0.0888 0.0800 0.0261 0.1094 0.0780 0.3877 0.0462 0.0574 0.1263 
        D456  2 0.0229 0.0251 0.0177 0.7736 0.0205 0.0206 0.0277 0.0397 0.0521 
        D462  2 0.0175 0.0294 0.7761 0.0306 0.0237 0.0198 0.0261 0.0507 0.0262 
        D463  2 0.0175 0.0283 0.0220 0.7742 0.0168 0.0280 0.0350 0.0261 0.0521 
        D464  2 0.0468 0.0877 0.3001 0.0926 0.0223 0.0567 0.0333 0.0200 0.3405 
        D465  2 0.0296 0.0294 0.6850 0.0744 0.0252 0.0379 0.0427 0.0294 0.0464 
        D473  2 0.0453 0.0421 0.0423 0.0313 0.0513 0.6650 0.0348 0.0475 0.0403 
        D474  2 0.0523 0.0277 0.0479 0.4326 0.0456 0.0487 0.0450 0.2467 0.0535 
        D476  2 0.0526 0.0608 0.1582 0.0399 0.3589 0.0252 0.0907 0.1288 0.0848 
        D477  2 0.0642 0.0418 0.0639 0.2466 0.0330 0.1514 0.1071 0.1944 0.0976 
        D478  2 0.0217 0.0496 0.0688 0.0576 0.3117 0.0564 0.1155 0.1495 0.1693 
        D480  2 0.1816 0.1603 0.1538 0.2685 0.0361 0.0547 0.0259 0.0524 0.0666 
        D481  2 0.0255 0.0591 0.1619 0.1419 0.1721 0.0516 0.1244 0.1388 0.1248 
        D482  2 0.0549 0.1156 0.0594 0.0284 0.0824 0.1303 0.1036 0.1938 0.2316 
        D483  2 0.0201 0.0210 0.8237 0.0244 0.0287 0.0195 0.0225 0.0181 0.0219 
        D484  2 0.0423 0.1667 0.1632 0.0259 0.0432 0.1004 0.2184 0.0860 0.1538 
        D510  2 0.0515 0.0581 0.0474 0.0477 0.0272 0.3438 0.2176 0.0890 0.1177 
        D511  2 0.0345 0.0897 0.3745 0.0947 0.0771 0.0439 0.0472 0.1480 0.0905 
        D512  2 0.0608 0.0308 0.3438 0.0256 0.0349 0.0188 0.3605 0.0350 0.0898 
        D513  2 0.0500 0.0468 0.3698 0.1175 0.0424 0.1040 0.0863 0.1029 0.0804 
        D635  2 0.0263 0.0244 0.0592 0.1812 0.4915 0.0231 0.0350 0.0669 0.0924 
        D636  2 0.0125 0.0150 0.0174 0.0255 0.8465 0.0243 0.0231 0.0163 0.0193 
        D637  2 0.1778 0.1368 0.2070 0.0383 0.0359 0.0982 0.1384 0.0677 0.0999 
        D658  2 0.1043 0.0718 0.5745 0.0306 0.0341 0.0550 0.0578 0.0257 0.0461 
        D659  2 0.1183 0.0443 0.0241 0.4655 0.0444 0.0528 0.0816 0.0864 0.0825 
        D677  2 0.1616 0.1649 0.0420 0.2685 0.0601 0.0251 0.0781 0.1105 0.0892 
        D678  2 0.0472 0.0365 0.4943 0.0201 0.1189 0.0272 0.0767 0.0229 0.1563 
        D679  2 0.0845 0.0592 0.0494 0.2079 0.0638 0.1167 0.0287 0.2412 0.1487 
        D719  2 0.0218 0.0897 0.2487 0.1591 0.0233 0.1866 0.0696 0.1393 0.0618 
        D720  2 0.0204 0.0929 0.0450 0.5704 0.0472 0.0633 0.0495 0.0441 0.0672 
        D721  2 0.0404 0.0197 0.0516 0.0409 0.7361 0.0329 0.0219 0.0233 0.0331 
        D722  2 0.0190 0.0440 0.0658 0.0299 0.0231 0.0751 0.6279 0.0370 0.0781 
        D734  2 0.0663 0.1242 0.2599 0.0353 0.0213 0.3261 0.0334 0.0706 0.0629 
        D735  2 0.0748 0.0807 0.0706 0.3572 0.1139 0.0885 0.0373 0.0732 0.1037 
        D736  2 0.0796 0.0242 0.0460 0.0734 0.0502 0.1833 0.0992 0.3612 0.0830 
        D737  2 0.0656 0.1217 0.4276 0.0304 0.1351 0.0256 0.0833 0.0618 0.0488 
        D807  2 0.0780 0.0892 0.0773 0.2074 0.0418 0.1185 0.0619 0.2569 0.0690 
        D808  2 0.1297 0.0641 0.2463 0.0737 0.1094 0.0299 0.1002 0.1092 0.1374 
        D817  2 0.0299 0.0863 0.0548 0.2222 0.0679 0.0605 0.1730 0.0903 0.2151 
        D818  2 0.1233 0.0850 0.2675 0.0794 0.0938 0.0324 0.0222 0.1610 0.1355 
        D819  2 0.0294 0.0363 0.1408 0.2421 0.0460 0.0438 0.1304 0.1216 0.2097 
        D820  2 0.0565 0.3047 0.0719 0.3828 0.0267 0.0301 0.0265 0.0453 0.0554 
        D895  2 0.0661 0.0594 0.0426 0.2911 0.0790 0.0996 0.1371 0.0355 0.1896 
        D896  2 0.0347 0.0436 0.0473 0.0218 0.0352 0.0401 0.7162 0.0287 0.0324 
        D897  2 0.3647 0.0751 0.0964 0.0344 0.0686 0.0445 0.1334 0.0644 0.1184 
        D898  2 0.0878 0.0654 0.0344 0.0307 0.0368 0.0600 0.2050 0.2856 0.1943 
        D918  2 0.1708 0.1965 0.1259 0.0445 0.0699 0.1290 0.0605 0.0800 0.1229 
        D919  2 0.0289 0.1392 0.1114 0.1109 0.0568 0.0244 0.0956 0.2645 0.1682 
        D920  2 0.0495 0.0573 0.0296 0.0345 0.6357 0.0328 0.0798 0.0267 0.0541 
        D923  2 0.0305 0.0331 0.0607 0.5467 0.0289 0.0387 0.1244 0.0438 0.0932 
        D930  2 0.1310 0.0481 0.0380 0.1291 0.0346 0.4202 0.0622 0.0415 0.0952 
        D931  2 0.0691 0.0519 0.4747 0.1793 0.0326 0.0398 0.0477 0.0505 0.0544 
        D968  2 0.0141 0.0288 0.6613 0.0278 0.0212 0.0208 0.0398 0.1434 0.0427 
        D969  2 0.0960 0.0517 0.1553 0.3218 0.0366 0.0220 0.0414 0.1697 0.1055 
        D977  2 0.0804 0.0310 0.7021 0.0329 0.0290 0.0292 0.0294 0.0271 0.0389 
        D978  2 0.2509 0.0849 0.0804 0.0612 0.0450 0.0415 0.0226 0.2682 0.1452 
        H008  2 0.0264 0.0388 0.0708 0.1788 0.0369 0.0589 0.3156 0.1003 0.1734 
        H021  2 0.4913 0.0382 0.1445 0.0603 0.0998 0.0429 0.0253 0.0572 0.0405 
        H023  2 0.0393 0.4315 0.0232 0.1746 0.1074 0.0841 0.0566 0.0303 0.0529 
        H024  2 0.0987 0.0221 0.0717 0.0216 0.0279 0.0300 0.5535 0.0685 0.1060 
        H025  2 0.0514 0.1023 0.0822 0.0817 0.0316 0.0850 0.3537 0.0444 0.1676 
        H026  2 0.0445 0.0247 0.2162 0.2444 0.0322 0.0262 0.0486 0.1879 0.1754 
        H027  2 0.0813 0.1550 0.2963 0.1586 0.0699 0.0562 0.0437 0.0658 0.0732 
        H028  2 0.0508 0.0310 0.0301 0.0393 0.0299 0.0336 0.6979 0.0329 0.0546 
        H029  2 0.0202 0.0453 0.2808 0.1768 0.0788 0.0349 0.0663 0.2083 0.0888 
        H030  2 0.0448 0.0292 0.7083 0.0171 0.0276 0.0217 0.0988 0.0238 0.0287 
        H038  2 0.0364 0.1051 0.0291 0.0806 0.5959 0.0376 0.0249 0.0498 0.0407 
        H039  2 0.0622 0.1074 0.0181 0.0297 0.0249 0.5450 0.1326 0.0333 0.0468 
        H040  2 0.0259 0.3727 0.0212 0.0493 0.4155 0.0297 0.0209 0.0325 0.0324 
        H041  2 0.0423 0.0395 0.2363 0.1323 0.0336 0.0566 0.1599 0.1954 0.1041 
        H042  2 0.0421 0.1513 0.0426 0.0639 0.1280 0.2755 0.1125 0.0637 0.1204 
        H043  2 0.0231 0.0475 0.0223 0.0362 0.6347 0.0699 0.0937 0.0348 0.0379 
        H044  2 0.0534 0.0197 0.0806 0.0278 0.1063 0.0878 0.3145 0.0796 0.2304 
        H047  2 0.0473 0.0425 0.0264 0.0341 0.0234 0.0511 0.7000 0.0432 0.0320 
        H050  2 0.0584 0.1191 0.4243 0.0867 0.0637 0.0432 0.0646 0.0378 0.1023 
        H058  2 0.0868 0.1039 0.0806 0.0713 0.2507 0.0306 0.0997 0.0989 0.1775 
        H062  2 0.1117 0.0744 0.0354 0.1232 0.1722 0.2916 0.0866 0.0356 0.0691 
        H063  2 0.0328 0.1416 0.2655 0.0610 0.0895 0.0527 0.1698 0.1069 0.0802 
        H065  2 0.0282 0.0315 0.0173 0.7116 0.0235 0.0608 0.0639 0.0256 0.0375 
        H066  2 0.0454 0.0749 0.0561 0.0379 0.0780 0.0181 0.5299 0.1090 0.0508 
        H067  2 0.1744 0.0532 0.0538 0.1388 0.0602 0.1893 0.0580 0.1320 0.1403 
        H068  2 0.0713 0.2440 0.1077 0.0502 0.0412 0.1752 0.0869 0.1137 0.1097 
        H069  2 0.0149 0.2224 0.4146 0.0494 0.1193 0.0335 0.0604 0.0345 0.0510 
        H071  2 0.0592 0.1697 0.0633 0.2655 0.0615 0.1299 0.0373 0.0946 0.1189 
        H072  2 0.0300 0.1213 0.0756 0.0386 0.0361 0.4163 0.1488 0.0675 0.0658 
        H073  2 0.0802 0.2212 0.0640 0.0899 0.1128 0.0296 0.0330 0.0874 0.2817 
        H081  2 0.0455 0.0733 0.0451 0.1928 0.0379 0.3548 0.0618 0.0782 0.1108 
        H082  2 0.0234 0.0224 0.6334 0.0469 0.0737 0.0250 0.0922 0.0348 0.0481 
        H083  2 0.0711 0.0353 0.6825 0.0331 0.0405 0.0217 0.0558 0.0241 0.0359 
        H084  2 0.0841 0.1570 0.0902 0.0361 0.0711 0.0734 0.0492 0.3225 0.1164 
        H085  2 0.0319 0.0428 0.4949 0.1654 0.0328 0.0950 0.0339 0.0334 0.0699 
        H087  2 0.1934 0.0381 0.0644 0.2103 0.0371 0.1451 0.0575 0.1600 0.0941 
        H088  2 0.0493 0.1029 0.0765 0.3221 0.0528 0.0758 0.1741 0.0666 0.0799 
        H089  2 0.0455 0.0754 0.1497 0.1308 0.1610 0.1490 0.0423 0.0785 0.1677 
        H090  2 0.0302 0.0156 0.7336 0.0257 0.0168 0.0262 0.0275 0.0928 0.0316 
        H091  2 0.0228 0.0422 0.7621 0.0293 0.0311 0.0304 0.0164 0.0230 0.0427 
        H098  2 0.0801 0.0752 0.0849 0.0586 0.0380 0.0415 0.3156 0.1369 0.1691 
      H10001  2 0.0567 0.0348 0.0278 0.0202 0.0216 0.7681 0.0225 0.0195 0.0286 
      H10002  2 0.0875 0.1269 0.0382 0.3585 0.1546 0.0708 0.0568 0.0331 0.0735 
        H101  2 0.0301 0.1496 0.5715 0.0243 0.0289 0.0271 0.0580 0.0495 0.0609 
        H108  2 0.0698 0.0629 0.0184 0.1757 0.0236 0.4718 0.0708 0.0350 0.0722 
        H109  2 0.0396 0.1365 0.0603 0.0424 0.0642 0.0405 0.3851 0.1085 0.1228 
        H110  2 0.0334 0.0325 0.0646 0.4037 0.0722 0.0775 0.0735 0.1054 0.1371 
        H116  2 0.0425 0.0552 0.0778 0.0932 0.1012 0.0397 0.2622 0.0943 0.2340 
        H117  2 0.0638 0.0545 0.1963 0.0521 0.0265 0.0245 0.0335 0.5014 0.0474 
        H118  2 0.0321 0.0243 0.5390 0.1287 0.0238 0.0286 0.0643 0.0571 0.1021 
        H119  2 0.0300 0.0860 0.0310 0.0737 0.1073 0.0719 0.0258 0.4859 0.0884 
        H120  2 0.0258 0.0482 0.0226 0.0670 0.0287 0.6737 0.0408 0.0322 0.0609 
        H121  2 0.0181 0.0191 0.8342 0.0270 0.0174 0.0277 0.0175 0.0177 0.0212 
        H125  2 0.0737 0.4380 0.0227 0.0243 0.0246 0.2327 0.0364 0.1031 0.0445 
        H126  2 0.0312 0.0317 0.0246 0.0413 0.0276 0.0898 0.5954 0.0336 0.1248 
        H128  2 0.0115 0.0116 0.9002 0.0133 0.0111 0.0102 0.0133 0.0132 0.0156 
        H129  2 0.2396 0.0569 0.0511 0.0791 0.0449 0.0192 0.0697 0.1395 0.3000 
        H130  2 0.1118 0.0494 0.0252 0.0223 0.0285 0.4935 0.1598 0.0235 0.0860 
        H133  2 0.0860 0.1048 0.0524 0.0347 0.0455 0.4937 0.0624 0.0433 0.0772 
        H134  2 0.0228 0.0249 0.0377 0.2609 0.0325 0.0232 0.2246 0.0848 0.2886 
        H135  2 0.0264 0.0871 0.1023 0.3822 0.0648 0.0754 0.0972 0.0768 0.0878 
        H137  2 0.3169 0.1011 0.1253 0.0471 0.0306 0.0234 0.1478 0.1368 0.0710 
        H138  2 0.0744 0.0531 0.0401 0.0820 0.0609 0.0391 0.0927 0.2973 0.2605 
        H140  2 0.2817 0.0326 0.3221 0.0392 0.0265 0.1076 0.0601 0.0730 0.0572 
        H146  2 0.0243 0.0452 0.7190 0.0500 0.0203 0.0231 0.0213 0.0436 0.0532 
        H147  2 0.0375 0.0749 0.4174 0.0548 0.0727 0.0335 0.0345 0.1106 0.1640 
        H148  2 0.2491 0.0351 0.0803 0.0819 0.0493 0.0668 0.0611 0.3335 0.0430 
     H166022  2 0.0454 0.1427 0.0839 0.0574 0.0649 0.0588 0.1473 0.2013 0.1984 
     H167359  2 0.0493 0.1551 0.0384 0.0595 0.0593 0.0372 0.4153 0.0718 0.1141 
     H167397  2 0.0238 0.0421 0.1781 0.0350 0.0977 0.0244 0.1459 0.1471 0.3059 
     H167428  2 0.0179 0.0161 0.2615 0.5319 0.0240 0.0184 0.0530 0.0311 0.0462 
     H167496  2 0.0702 0.4208 0.0819 0.1164 0.0347 0.0786 0.0733 0.0633 0.0607 
     H167513  2 0.0627 0.0426 0.0557 0.0217 0.5507 0.0386 0.1237 0.0524 0.0521 
     H167545  2 0.0248 0.0998 0.0274 0.0347 0.4779 0.0298 0.2005 0.0332 0.0719 
     H167547  2 0.0190 0.0423 0.0433 0.0125 0.0326 0.0249 0.0311 0.7206 0.0737 
     H169621  2 0.1512 0.0455 0.5994 0.0185 0.0440 0.0249 0.0282 0.0477 0.0405 
     H169622  2 0.0266 0.0612 0.0460 0.2238 0.2050 0.0723 0.1191 0.0280 0.2180 
     H169750  2 0.0351 0.1664 0.4877 0.0277 0.0338 0.0936 0.0397 0.0511 0.0650 
     H171806  2 0.0300 0.1423 0.3236 0.0683 0.0233 0.1132 0.0216 0.2144 0.0633 
     H171808  2 0.0227 0.0552 0.0514 0.2657 0.0758 0.3207 0.0792 0.0465 0.0829 
     H171809  2 0.0652 0.0690 0.0386 0.1519 0.0419 0.2922 0.1079 0.1227 0.1106 
