        D174  1 0.0874 0.0363 0.0242 0.0556 0.2603 0.0320 0.0786 0.0791 0.0450 0.1176 0.1036 0.0804 
        D199  1 0.0261 0.0336 0.0357 0.0886 0.1037 0.0319 0.0891 0.1454 0.0392 0.2377 0.0185 0.1505 
        D203  1 0.0680 0.0587 0.1013 0.0425 0.0585 0.0580 0.0717 0.1034 0.1489 0.0381 0.0819 0.1690 
        D204  1 0.0272 0.0551 0.0224 0.0256 0.0209 0.0267 0.0195 0.0357 0.0389 0.0176 0.0139 0.6965 
     D237366  1 0.0680 0.2384 0.0314 0.0275 0.0549 0.0352 0.0617 0.0371 0.0820 0.1448 0.1857 0.0335 
     D237367  1 0.0820 0.2091 0.0202 0.0804 0.0366 0.0347 0.0871 0.0848 0.0600 0.1200 0.0239 0.1611 
     D237368  1 0.0409 0.0365 0.0281 0.0450 0.0665 0.2097 0.1022 0.1980 0.0545 0.0727 0.0364 0.1095 
     D244101  1 0.0288 0.0339 0.1609 0.0482 0.0214 0.0275 0.0623 0.1941 0.2203 0.0353 0.0216 0.1459 
     D244102  1 0.0394 0.2691 0.0825 0.1010 0.0504 0.0786 0.0783 0.0476 0.1136 0.0472 0.0310 0.0612 
     D244103  1 0.0636 0.0348 0.0172 0.0619 0.0371 0.0290 0.0707 0.0196 0.3590 0.1598 0.0735 0.0739 
     D244104  1 0.0515 0.0188 0.0503 0.0370 0.0490 0.0325 0.0483 0.0364 0.0634 0.0965 0.0238 0.4924 
     D244105  1 0.0232 0.0463 0.0392 0.0347 0.0242 0.0839 0.2488 0.0222 0.2280 0.0638 0.1504 0.0353 
     D244106  1 0.0428 0.0489 0.0314 0.0906 0.1878 0.0208 0.0429 0.0656 0.0223 0.0205 0.2916 0.1349 
     D244107  1 0.0265 0.0257 0.1061 0.0710 0.0143 0.2364 0.0913 0.0321 0.2435 0.0967 0.0274 0.0291 
     D244108  1 0.0393 0.0503 0.0406 0.1031 0.2782 0.2038 0.0643 0.0382 0.0543 0.0233 0.0228 0.0818 
     D244113  1 0.4598 0.0416 0.0122 0.1032 0.1285 0.0444 0.0425 0.0514 0.0471 0.0403 0.0138 0.0154 
     D244114  1 0.0657 0.0484 0.0713 0.0817 0.0803 0.0230 0.1737 0.0274 0.0640 0.0477 0.2769 0.0399 
     D244115  1 0.0544 0.0267 0.0352 0.1173 0.1872 0.0380 0.1070 0.0211 0.0375 0.0369 0.0457 0.2931 
     D267365  1 0.0699 0.0443 0.0700 0.0330 0.1346 0.0256 0.0656 0.0427 0.0866 0.2004 0.0281 0.1993 
        D404  1 0.1455 0.1159 0.0422 0.2422 0.1368 0.0359 0.0705 0.0767 0.0420 0.0158 0.0262 0.0503 
        D405  1 0.0853 0.0586 0.0372 0.3125 0.0584 0.0341 0.0776 0.0569 0.0603 0.0235 0.0237 0.1719 
        D406  1 0.0291 0.0543 0.0167 0.0191 0.0386 0.6558 0.0270 0.0250 0.0460 0.0241 0.0380 0.0263 
        D407  1 0.0163 0.0142 0.0158 0.3876 0.0181 0.0122 0.0302 0.0392 0.0240 0.0466 0.0187 0.3771 
        D408  1 0.2574 0.0204 0.1186 0.1584 0.1848 0.0146 0.0770 0.0278 0.0456 0.0238 0.0164 0.0551 
        D409  1 0.0252 0.0202 0.0589 0.0477 0.0287 0.0284 0.0822 0.0378 0.5455 0.0282 0.0272 0.0702 
        D410  1 0.0395 0.0235 0.0207 0.0598 0.0319 0.5640 0.0446 0.0150 0.0778 0.0212 0.0238 0.0780 
        D421  1 0.0149 0.0121 0.0226 0.1281 0.0281 0.0095 0.0240 0.0290 0.0359 0.0544 0.0124 0.6290 
        D422  1 0.0142 0.0278 0.0239 0.0931 0.0192 0.2860 0.0680 0.0143 0.0986 0.1425 0.1650 0.0475 
        D423  1 0.0163 0.0260 0.0272 0.1705 0.0321 0.4074 0.0546 0.0638 0.0439 0.0292 0.0259 0.1029 
        D424  1 0.0214 0.0191 0.0135 0.0374 0.0399 0.0146 0.1101 0.0211 0.1549 0.0755 0.0184 0.4740 
        D425  1 0.1420 0.0721 0.1269 0.0787 0.0504 0.0250 0.1153 0.0331 0.0761 0.0441 0.0243 0.2119 
        D426  1 0.0187 0.0114 0.1188 0.1304 0.0250 0.0142 0.1306 0.0412 0.3288 0.0475 0.1003 0.0331 
        D427  1 0.0200 0.0158 0.0332 0.0232 0.0935 0.0127 0.0298 0.3375 0.0528 0.1318 0.0165 0.2333 
        D428  1 0.0374 0.0871 0.0322 0.2864 0.1059 0.0424 0.0641 0.0279 0.0323 0.0261 0.0127 0.2453 
        D429  1 0.0163 0.0487 0.0245 0.0439 0.1131 0.0151 0.0419 0.0223 0.0227 0.0209 0.1482 0.4823 
        D430  1 0.0343 0.0502 0.0282 0.3449 0.0865 0.0135 0.0685 0.0784 0.0244 0.0648 0.1284 0.0779 
        D491  1 0.1250 0.0250 0.0332 0.1173 0.3779 0.0413 0.0604 0.0246 0.0549 0.0562 0.0266 0.0575 
        D492  1 0.0275 0.0290 0.0163 0.1668 0.1262 0.0210 0.0720 0.0360 0.0299 0.0389 0.0326 0.4038 
        D537  1 0.0486 0.0363 0.0184 0.1707 0.0416 0.0454 0.0594 0.0310 0.1149 0.0914 0.0284 0.3139 
        D538  1 0.0711 0.0599 0.0352 0.1077 0.1128 0.1569 0.1474 0.1229 0.0640 0.0294 0.0357 0.0570 
        D539  1 0.0475 0.0564 0.0742 0.0788 0.2339 0.0719 0.0649 0.0271 0.0363 0.0412 0.2370 0.0308 
        D540  1 0.0470 0.0210 0.0505 0.2134 0.0269 0.0282 0.1513 0.0233 0.2793 0.0632 0.0303 0.0656 
        D541  1 0.0125 0.0135 0.0236 0.0198 0.0130 0.0150 0.0163 0.0190 0.0207 0.0153 0.0107 0.8206 
        D551  1 0.0258 0.0265 0.1053 0.0881 0.0269 0.0303 0.1733 0.0248 0.0441 0.0393 0.3795 0.0362 
        D552  1 0.0424 0.0240 0.0254 0.0285 0.0848 0.4881 0.0467 0.0336 0.0677 0.0312 0.0480 0.0795 
        D553  1 0.0273 0.0148 0.0317 0.0147 0.0236 0.0153 0.0259 0.0142 0.3526 0.0896 0.0158 0.3744 
        D615  1 0.0671 0.0237 0.0258 0.0676 0.0571 0.1190 0.0679 0.0265 0.0316 0.0243 0.0560 0.4335 
        D616  1 0.0170 0.0137 0.1058 0.0814 0.0865 0.0626 0.0793 0.0807 0.0416 0.0484 0.0468 0.3362 
        D621  1 0.2041 0.0205 0.0217 0.0450 0.0400 0.5401 0.0232 0.0146 0.0300 0.0209 0.0193 0.0207 
        D622  1 0.0638 0.0365 0.0508 0.0329 0.0544 0.3916 0.0862 0.0293 0.0607 0.0613 0.0879 0.0445 
        D623  1 0.0354 0.0540 0.0338 0.0519 0.2237 0.0237 0.0380 0.4247 0.0376 0.0302 0.0120 0.0350 
        D624  1 0.0180 0.0231 0.0208 0.0321 0.6148 0.0138 0.0987 0.0162 0.0128 0.0788 0.0258 0.0452 
        D625  1 0.0568 0.0395 0.0193 0.0306 0.1074 0.0339 0.0404 0.0189 0.0338 0.1080 0.0346 0.4769 
        D626  1 0.0436 0.0939 0.0555 0.0257 0.4035 0.0702 0.0622 0.0187 0.0496 0.1036 0.0277 0.0457 
        D627  1 0.0291 0.0298 0.1827 0.0262 0.0354 0.0164 0.1259 0.0344 0.3384 0.0492 0.0646 0.0679 
        D690  1 0.0488 0.0223 0.0173 0.0156 0.0360 0.0282 0.0243 0.0130 0.0246 0.0342 0.0139 0.7219 
        D691  1 0.0236 0.0653 0.0354 0.0319 0.0522 0.1083 0.0441 0.0335 0.0248 0.1526 0.3543 0.0740 
        D710  1 0.0919 0.0245 0.0899 0.0782 0.0599 0.0524 0.1105 0.0719 0.1382 0.1512 0.0180 0.1134 
        D711  1 0.0144 0.0712 0.0154 0.0210 0.0271 0.0226 0.0243 0.0185 0.0205 0.0186 0.0185 0.7280 
        D712  1 0.0910 0.0822 0.0424 0.0446 0.3607 0.0390 0.0712 0.0767 0.0786 0.0738 0.0183 0.0215 
        D713  1 0.2358 0.0303 0.0219 0.1574 0.0768 0.0333 0.0890 0.0213 0.0619 0.1627 0.0287 0.0809 
        D746  1 0.0357 0.0173 0.0254 0.0267 0.0287 0.5414 0.0391 0.0179 0.0257 0.0801 0.0873 0.0747 
        D747  1 0.0134 0.0244 0.0253 0.0169 0.0156 0.0104 0.0161 0.0181 0.0145 0.0170 0.0130 0.8153 
        D748  1 0.0533 0.0521 0.0312 0.0499 0.0492 0.0482 0.0481 0.0252 0.0398 0.1542 0.2850 0.1637 
        D749  1 0.0359 0.0252 0.0387 0.0922 0.0988 0.2826 0.1660 0.0212 0.0759 0.0530 0.0577 0.0529 
        D750  1 0.1149 0.0185 0.0187 0.0596 0.2430 0.0283 0.0336 0.0240 0.0288 0.0576 0.0443 0.3287 
        D763  1 0.0736 0.0305 0.0969 0.0801 0.0352 0.0737 0.0963 0.0925 0.0517 0.2452 0.0633 0.0610 
        D764  1 0.0400 0.0129 0.0207 0.0356 0.0991 0.0373 0.0407 0.0259 0.0507 0.1069 0.0218 0.5084 
        D765  1 0.0262 0.0416 0.0348 0.1131 0.1624 0.2532 0.1023 0.0183 0.1126 0.0370 0.0778 0.0206 
        D766  1 0.0580 0.0230 0.0279 0.0839 0.0395 0.4710 0.0485 0.0310 0.1033 0.0308 0.0326 0.0505 
        D767  1 0.0517 0.4361 0.0304 0.0258 0.0335 0.1112 0.0560 0.0476 0.0766 0.0387 0.0277 0.0646 
        D768  1 0.0180 0.0221 0.0267 0.0277 0.0255 0.0214 0.0380 0.0230 0.2782 0.1026 0.0345 0.3822 
        D811  1 0.1760 0.0244 0.0297 0.4871 0.0924 0.0274 0.0460 0.0208 0.0296 0.0238 0.0177 0.0252 
        D816  1 0.0163 0.0238 0.0158 0.0276 0.0449 0.0154 0.0275 0.0220 0.0481 0.0263 0.0174 0.7150 
        D825  1 0.0579 0.0518 0.0365 0.1332 0.2478 0.1317 0.1055 0.0288 0.0487 0.0282 0.0450 0.0849 
        D866  1 0.0304 0.0284 0.1760 0.0432 0.2795 0.0334 0.0783 0.0694 0.0333 0.0533 0.0734 0.1014 
        D867  1 0.0558 0.0209 0.0194 0.1143 0.0264 0.2244 0.0917 0.0516 0.0697 0.2633 0.0396 0.0230 
        D871  1 0.0861 0.1412 0.0452 0.0336 0.0351 0.0197 0.0787 0.0256 0.4071 0.0333 0.0298 0.0647 
        D872  1 0.0412 0.1346 0.0224 0.0167 0.0387 0.5049 0.0421 0.0311 0.0543 0.0272 0.0134 0.0734 
        D873  1 0.0156 0.0194 0.0136 0.0305 0.0125 0.7882 0.0238 0.0213 0.0240 0.0177 0.0182 0.0153 
        D874  1 0.4801 0.0394 0.0208 0.0487 0.0575 0.0133 0.0389 0.0699 0.0858 0.0534 0.0296 0.0625 
        D875  1 0.0302 0.0337 0.0511 0.0624 0.0247 0.0519 0.1605 0.0288 0.3618 0.0275 0.1236 0.0439 
        D876  1 0.1124 0.0595 0.0270 0.0233 0.0760 0.1169 0.0613 0.0325 0.3062 0.0608 0.0280 0.0962 
        D877  1 0.2523 0.0846 0.0215 0.2434 0.1328 0.0243 0.0788 0.0388 0.0258 0.0180 0.0215 0.0581 
        D892  1 0.0450 0.0899 0.0165 0.0251 0.1854 0.0318 0.0584 0.0431 0.0679 0.0696 0.2207 0.1466 
        D893  1 0.0379 0.1414 0.0291 0.0460 0.0254 0.0336 0.0890 0.0317 0.1377 0.0528 0.0387 0.3369 
        D894  1 0.0150 0.0335 0.0244 0.0292 0.0254 0.0144 0.0362 0.0171 0.0266 0.0236 0.0952 0.6593 
        D915  1 0.0623 0.0272 0.0408 0.0374 0.0427 0.0618 0.0642 0.0266 0.1133 0.0854 0.0967 0.3417 
        D916  1 0.0133 0.0118 0.0114 0.0134 0.0140 0.0125 0.0130 0.0121 0.0137 0.0191 0.0160 0.8497 
        D917  1 0.0726 0.0278 0.0940 0.0389 0.2614 0.0201 0.0710 0.0454 0.0889 0.1711 0.0145 0.0942 
        D925  1 0.0218 0.0225 0.0202 0.0351 0.1096 0.4863 0.0425 0.0197 0.0426 0.0648 0.0156 0.1193 
        D926  1 0.0405 0.0512 0.0391 0.0458 0.0553 0.0243 0.0980 0.0250 0.0786 0.0462 0.0730 0.4230 
        D927  1 0.0205 0.1025 0.0302 0.0343 0.0767 0.0291 0.0510 0.3264 0.0366 0.1191 0.0503 0.1233 
        D928  1 0.1455 0.0173 0.0243 0.0561 0.4786 0.0421 0.0424 0.0270 0.0738 0.0161 0.0101 0.0667 
        D929  1 0.1272 0.5799 0.0165 0.0298 0.0452 0.0217 0.0342 0.0205 0.0512 0.0317 0.0223 0.0196 
        D936  1 0.0493 0.0422 0.0645 0.0292 0.0347 0.0224 0.0360 0.0370 0.0441 0.0284 0.0368 0.5753 
        D938  1 0.0470 0.0193 0.0270 0.0312 0.0229 0.6850 0.0297 0.0150 0.0346 0.0294 0.0310 0.0279 
        D956  1 0.0662 0.0407 0.0358 0.1371 0.2944 0.0415 0.0862 0.0299 0.0436 0.0197 0.0822 0.1227 
        D957  1 0.0270 0.0592 0.0391 0.0417 0.0429 0.4665 0.0491 0.0326 0.1187 0.0234 0.0203 0.0795 
        D958  1 0.1333 0.0292 0.0180 0.0247 0.1042 0.4544 0.0347 0.0270 0.0504 0.0319 0.0282 0.0639 
        D959  1 0.0131 0.0124 0.0142 0.4122 0.0174 0.0119 0.0322 0.0280 0.0453 0.0336 0.0340 0.3458 
        D960  1 0.0188 0.0231 0.0150 0.0274 0.0373 0.5096 0.0445 0.0306 0.0478 0.0371 0.1716 0.0374 
        D989  1 0.0280 0.0373 0.0423 0.0613 0.3375 0.0139 0.0609 0.1795 0.0464 0.1150 0.0283 0.0497 
        D990  1 0.0163 0.0960 0.0869 0.0228 0.0887 0.5309 0.0443 0.0334 0.0195 0.0182 0.0167 0.0261 
        H102  1 0.0600 0.0276 0.0218 0.0274 0.1377 0.0457 0.0461 0.0223 0.0543 0.2832 0.0737 0.2002 
        H103  1 0.0308 0.0514 0.0422 0.3670 0.0192 0.0371 0.1352 0.0355 0.0843 0.0845 0.0152 0.0975 
        H104  1 0.0630 0.2809 0.0689 0.0329 0.0788 0.0224 0.1000 0.0285 0.0865 0.0682 0.0825 0.0875 
        H105  1 0.1766 0.0190 0.0489 0.1029 0.1542 0.0419 0.0603 0.0322 0.0946 0.0865 0.0271 0.1557 
        H106  1 0.0563 0.1089 0.0316 0.0363 0.0407 0.2574 0.0665 0.0495 0.0513 0.0284 0.2378 0.0352 
        H112  1 0.1834 0.0492 0.0382 0.0736 0.0852 0.0540 0.0989 0.0490 0.1158 0.0614 0.1300 0.0614 
        H113  1 0.0454 0.0345 0.1807 0.0415 0.0481 0.0364 0.1022 0.0648 0.1433 0.1866 0.0458 0.0706 
        H114  1 0.0229 0.0211 0.2124 0.0491 0.0204 0.0392 0.0706 0.0385 0.0991 0.0667 0.0299 0.3302 
        H115  1 0.1119 0.0504 0.0406 0.0311 0.0366 0.0252 0.0649 0.0337 0.0713 0.1754 0.1491 0.2097 
        H143  1 0.0334 0.0156 0.0220 0.1043 0.0381 0.0622 0.0566 0.0149 0.0622 0.0797 0.0340 0.4770 
        H144  1 0.0179 0.0252 0.0214 0.0750 0.0493 0.0224 0.1559 0.0306 0.1574 0.0455 0.0349 0.3645 
        H145  1 0.3253 0.0287 0.0675 0.1434 0.0771 0.0263 0.1178 0.0198 0.0449 0.1157 0.0214 0.0120 
        H149  1 0.0348 0.0739 0.0304 0.0276 0.0285 0.0235 0.0421 0.0431 0.0321 0.0157 0.1783 0.4700 
        H150  1 0.1392 0.1160 0.0931 0.0587 0.0757 0.0379 0.2187 0.0764 0.0462 0.0569 0.0618 0.0193 
     H167542  1 0.0439 0.0279 0.0211 0.0348 0.0483 0.0507 0.0435 0.0217 0.2486 0.0288 0.0538 0.3770 
     H169604  1 0.0524 0.0655 0.0843 0.0988 0.2731 0.0196 0.0712 0.1027 0.0472 0.0570 0.0528 0.0753 
     H169607  1 0.0505 0.0523 0.0591 0.1358 0.3344 0.0312 0.1261 0.0374 0.0483 0.0618 0.0323 0.0308 
     H169608  1 0.6731 0.0239 0.0223 0.0239 0.0353 0.0416 0.0364 0.0209 0.0253 0.0483 0.0220 0.0270 
     H169633  1 0.0550 0.0241 0.1294 0.0539 0.0878 0.0326 0.0971 0.0663 0.2602 0.0747 0.0525 0.0665 
     H169688  1 0.0319 0.1433 0.0176 0.1428 0.0514 0.1690 0.1091 0.1107 0.0591 0.0915 0.0171 0.0564 
     H169714  1 0.0318 0.2490 0.0735 0.0333 0.0307 0.0210 0.0596 0.0343 0.0328 0.0360 0.3489 0.0490 
     H171802  1 0.0766 0.0480 0.0796 0.1550 0.0249 0.0708 0.1528 0.1739 0.0487 0.0583 0.0647 0.0467 
     H171805  1 0.0240 0.3467 0.0294 0.0911 0.0469 0.1180 0.0670 0.0245 0.0975 0.0535 0.0649 0.0364 
     H171807  1 0.1078 0.0410 0.0523 0.1965 0.1315 0.0394 0.1198 0.1299 0.0464 0.0284 0.0833 0.0237 
     H171814  1 0.0203 0.0279 0.0596 0.0197 0.0351 0.0415 0.0758 0.1934 0.4138 0.0554 0.0129 0.0447 
     H171816  1 0.1014 0.0855 0.0731 0.1425 0.0282 0.0807 0.1340 0.0819 0.0611 0.1352 0.0392 0.0373 
     H171817  1 0.1014 0.1602 0.1053 0.0566 0.2096 0.0506 0.0813 0.0244 0.0402 0.0629 0.0346 0.0728 
     H171818  1 0.0185 0.0854 0.1062 0.0835 0.0291 0.1135 0.0834 0.0341 0.0470 0.0376 0.0680 0.2938 
     H171819  1 0.1128 0.0375 0.3309 0.0336 0.0578 0.0470 0.0697 0.0794 0.1004 0.0696 0.0269 0.0344 
     H171834  1 0.0171 0.0149 0.0300 0.0260 0.0175 0.0313 0.0366 0.0299 0.0534 0.0323 0.6600 0.0511 
     H171835  1 0.1212 0.4099 0.0519 0.0189 0.0507 0.0632 0.0484 0.0820 0.0228 0.0441 0.0570 0.0299 
     H171836  1 0.0244 0.0182 0.0672 0.2650 0.0428 0.1828 0.1217 0.0582 0.1036 0.0382 0.0331 0.0448 
     H171837  1 0.1396 0.0265 0.0666 0.0297 0.0727 0.0404 0.0622 0.0270 0.0626 0.3698 0.0446 0.0584 
     H171838  1 0.0304 0.0387 0.0956 0.0880 0.0300 0.0913 0.1091 0.1168 0.0847 0.0303 0.2693 0.0158 
     H171839  1 0.0759 0.1540 0.1153 0.0355 0.1441 0.0259 0.0667 0.0697 0.0387 0.0439 0.0557 0.1746 
     H171841  1 0.6199 0.0151 0.0212 0.1045 0.0284 0.0856 0.0312 0.0176 0.0243 0.0173 0.0180 0.0171 
     H171860  1 0.1823 0.0409 0.1022 0.1547 0.1888 0.0199 0.0654 0.0682 0.0454 0.0467 0.0316 0.0539 
     H171861  1 0.0289 0.0244 0.0561 0.0517 0.0354 0.1432 0.0829 0.0161 0.3083 0.1117 0.0292 0.1122 
     H171862  1 0.0435 0.0380 0.0665 0.0375 0.0549 0.0361 0.0932 0.0416 0.1630 0.0441 0.3001 0.0815 
     H171868  1 0.0436 0.0257 0.0574 0.0367 0.0183 0.0204 0.0612 0.0228 0.0946 0.0636 0.0351 0.5205 
     H171869  1 0.0219 0.0259 0.0250 0.0318 0.0329 0.1085 0.2451 0.1023 0.2072 0.0985 0.0526 0.0482 
     H171870  1 0.0427 0.2012 0.0208 0.1692 0.0372 0.0778 0.1240 0.0504 0.0282 0.1039 0.0999 0.0448 
     H171871  1 0.0522 0.0797 0.0436 0.1459 0.0226 0.0669 0.1705 0.0425 0.2001 0.0763 0.0722 0.0276 
     H171872  1 0.0894 0.1084 0.1283 0.0658 0.2756 0.0189 0.0676 0.0236 0.0497 0.0905 0.0402 0.0419 
     H171873  1 0.0324 0.0976 0.0937 0.1050 0.0330 0.2331 0.1436 0.0498 0.0299 0.0414 0.0869 0.0537 
     H171874  1 0.0312 0.0247 0.1385 0.1731 0.1649 0.0941 0.0732 0.0437 0.0647 0.0436 0.0378 0.1104 
     H171875  1 0.0231 0.0179 0.1695 0.0630 0.0306 0.0562 0.0775 0.0307 0.3563 0.0238 0.0179 0.1336 
     H171876  1 0.0219 0.0218 0.0404 0.1066 0.2096 0.0216 0.0808 0.1825 0.0602 0.0883 0.0250 0.1412 
     H171877  1 0.1097 0.0268 0.0475 0.0259 0.0641 0.0264 0.0546 0.0581 0.2054 0.2372 0.0311 0.1132 
     H171878  1 0.0201 0.1323 0.0201 0.0291 0.0179 0.1928 0.1098 0.2850 0.0850 0.0479 0.0221 0.0380 
     H171901  1 0.0851 0.1800 0.0236 0.1041 0.2595 0.1207 0.0498 0.0446 0.0312 0.0304 0.0188 0.0522 
     H171902  1 0.1283 0.0331 0.0737 0.0355 0.3778 0.0398 0.1002 0.0231 0.0381 0.0574 0.0588 0.0341 
     H171903  1 0.0374 0.0294 0.1186 0.1142 0.0437 0.0220 0.0939 0.0618 0.0465 0.0446 0.0840 0.3039 
     H171935  1 0.0546 0.1516 0.0374 0.1081 0.1438 0.1425 0.0835 0.0794 0.0289 0.0328 0.1239 0.0134 
     H171936  1 0.0212 0.0271 0.0871 0.0486 0.0367 0.0608 0.0623 0.0946 0.1110 0.1822 0.0486 0.2197 
     H171940  1 0.0434 0.0408 0.0269 0.1032 0.2111 0.0311 0.0832 0.0341 0.1311 0.0202 0.1032 0.1716 
     H171945  1 0.2034 0.0428 0.0214 0.0556 0.0370 0.1383 0.1531 0.0437 0.1547 0.0405 0.0668 0.0428 
     H171948  1 0.2354 0.0280 0.0705 0.1437 0.0242 0.0322 0.0754 0.0377 0.1087 0.0363 0.1527 0.0551 
     H171949  1 0.1041 0.0570 0.0442 0.0674 0.0955 0.0564 0.0764 0.0661 0.0310 0.0266 0.3418 0.0334 
     H171950  1 0.0435 0.3156 0.0270 0.0270 0.1550 0.0307 0.0385 0.0262 0.0152 0.0517 0.0318 0.2378 
     H171963  1 0.0407 0.0280 0.0404 0.0610 0.0221 0.3042 0.1242 0.0454 0.0528 0.2184 0.0381 0.0246 
     H171964  1 0.0567 0.0400 0.1485 0.1510 0.0306 0.0230 0.2694 0.1338 0.0364 0.0307 0.0564 0.0234 
     H171966  1 0.0363 0.0344 0.2182 0.0547 0.0600 0.2007 0.1339 0.0185 0.0470 0.0483 0.0733 0.0748 
     H171968  1 0.0377 0.0331 0.0191 0.0264 0.5697 0.0317 0.0471 0.0151 0.0205 0.0572 0.0417 0.1007 
     H171971  1 0.0241 0.1011 0.2363 0.1080 0.0343 0.1211 0.1018 0.0877 0.0330 0.0334 0.0858 0.0333 
     H171972  1 0.0445 0.0257 0.0391 0.1887 0.0318 0.0173 0.0491 0.4892 0.0361 0.0326 0.0160 0.0298 
     H171977  1 0.0332 0.0486 0.0438 0.0249 0.0930 0.0858 0.1625 0.1076 0.2783 0.0607 0.0345 0.0270 
     H171978  1 0.0533 0.3454 0.0232 0.1685 0.0663 0.0389 0.0781 0.0225 0.0413 0.0394 0.0889 0.0342 
     H171979  1 0.0464 0.0228 0.0879 0.5273 0.0302 0.0297 0.0722 0.0376 0.0346 0.0385 0.0492 0.0236 
        H176  1 0.1885 0.0263 0.2176 0.0355 0.1111 0.0233 0.0747 0.0258 0.0591 0.0600 0.0300 0.1480 
        H177  1 0.1084 0.1541 0.0239 0.0394 0.0900 0.1943 0.0859 0.0290 0.0762 0.0678 0.0947 0.0363 
        H179  1 0.0420 0.0937 0.0552 0.0359 0.0263 0.0163 0.0332 0.0214 0.0548 0.0218 0.0146 0.5848 
        H181  1 0.0236 0.0180 0.0367 0.0916 0.0516 0.1359 0.1715 0.0630 0.1205 0.0381 0.1844 0.0650 
        H182  1 0.0246 0.0396 0.0510 0.0724 0.0625 0.1372 0.0744 0.0234 0.2608 0.1635 0.0657 0.0249 
        H183  1 0.0255 0.0132 0.0243 0.1744 0.0152 0.4066 0.0820 0.0607 0.0521 0.0253 0.0414 0.0792 
        H184  1 0.1892 0.0419 0.0842 0.3002 0.0722 0.0397 0.0682 0.0190 0.0371 0.0343 0.0680 0.0458 
        H185  1 0.0751 0.0337 0.0465 0.0623 0.0275 0.0747 0.1160 0.2163 0.1416 0.0908 0.0682 0.0473 
        H186  1 0.0353 0.0633 0.0192 0.0395 0.0381 0.0390 0.1725 0.0210 0.1501 0.1513 0.0274 0.2433 
        H187  1 0.0245 0.0664 0.0243 0.0523 0.0150 0.5502 0.0352 0.0443 0.0781 0.0356 0.0104 0.0636 
        H188  1 0.0929 0.0225 0.0567 0.0639 0.1047 0.0264 0.0869 0.0533 0.0828 0.0240 0.0521 0.3338 
        H192  1 0.0776 0.0697 0.0480 0.0508 0.0482 0.1742 0.0570 0.0303 0.0302 0.0343 0.3448 0.0349 
        H193  1 0.0244 0.0837 0.0290 0.1373 0.1078 0.0336 0.1583 0.0148 0.1890 0.0910 0.0446 0.0866 
        H194  1 0.1292 0.0620 0.1309 0.0800 0.0250 0.0221 0.0686 0.0439 0.0667 0.0790 0.2195 0.0731 
        H195  1 0.0208 0.0298 0.0276 0.2361 0.0686 0.1968 0.1033 0.0716 0.0451 0.1252 0.0317 0.0434 
        H199  1 0.0551 0.0167 0.0346 0.0812 0.3864 0.1074 0.1237 0.0419 0.0447 0.0380 0.0367 0.0335 
        H200  1 0.1032 0.0250 0.0953 0.1484 0.1876 0.0528 0.0673 0.0833 0.0425 0.0300 0.0277 0.1370 
        H414  1 0.0327 0.2319 0.0466 0.0668 0.0629 0.0656 0.1023 0.0638 0.0726 0.0677 0.0447 0.1425 
        H415  1 0.0362 0.0562 0.1443 0.0713 0.0962 0.0298 0.0874 0.0402 0.2388 0.0646 0.0354 0.0994 
        H422  1 0.0592 0.0278 0.0581 0.0267 0.3063 0.0682 0.1591 0.0275 0.0900 0.0635 0.0211 0.0924 
        H423  1 0.5971 0.0353 0.0348 0.0473 0.0523 0.0350 0.0475 0.0350 0.0431 0.0235 0.0237 0.0253 
        H424  1 0.0474 0.0301 0.0397 0.0639 0.0143 0.1643 0.1183 0.0320 0.3677 0.0365 0.0315 0.0543 
        H425  1 0.0248 0.0494 0.0341 0.0300 0.0505 0.3590 0.2117 0.0676 0.0482 0.0419 0.0430 0.0399 
        H426  1 0.0303 0.0551 0.0829 0.1991 0.0380 0.1097 0.2037 0.0269 0.0617 0.0310 0.1232 0.0385 
        H443  1 0.0349 0.0224 0.0186 0.0526 0.0427 0.0510 0.2185 0.0241 0.1121 0.1094 0.0356 0.2782 
        H466  1 0.0538 0.0704 0.0316 0.1232 0.0256 0.0274 0.1555 0.0937 0.0925 0.0704 0.1534 0.1025 
        H467  1 0.0450 0.1558 0.2217 0.0297 0.0314 0.0703 0.0607 0.0327 0.0233 0.0297 0.2725 0.0270 
        H472  1 0.1446 0.0398 0.0515 0.0747 0.3746 0.0316 0.0785 0.0589 0.0573 0.0374 0.0211 0.0298 
        H483  1 0.0230 0.0186 0.0408 0.0848 0.1426 0.0767 0.1009 0.0719 0.0742 0.0545 0.1272 0.1849 
        H504  1 0.0365 0.0366 0.1008 0.0369 0.1389 0.2197 0.1608 0.0567 0.0904 0.0526 0.0170 0.0532 
        H505  1 0.0407 0.1308 0.0288 0.0987 0.0431 0.0458 0.0929 0.0799 0.0940 0.0282 0.0501 0.2671 
        H506  1 0.0443 0.0718 0.0512 0.1549 0.1213 0.0277 0.1273 0.0442 0.0882 0.1396 0.0210 0.1085 
        H507  1 0.0178 0.0722 0.0581 0.1031 0.1061 0.0852 0.1164 0.0594 0.1406 0.1759 0.0212 0.0441 
        H508  1 0.0389 0.2108 0.0732 0.0458 0.0649 0.0796 0.1804 0.0612 0.0877 0.0407 0.0768 0.0399 
        H524  1 0.0204 0.1272 0.0278 0.0536 0.0780 0.2394 0.0790 0.1383 0.0885 0.0404 0.0297 0.0777 
        H525  1 0.0661 0.0508 0.0620 0.1493 0.0498 0.0178 0.1029 0.0495 0.0465 0.3293 0.0223 0.0537 
        H526  1 0.2462 0.0180 0.1244 0.0588 0.0589 0.0309 0.0659 0.0487 0.1110 0.1790 0.0220 0.0360 
        H527  1 0.1242 0.2609 0.0231 0.1033 0.0808 0.0763 0.0769 0.0465 0.0509 0.0628 0.0288 0.0654 
        H528  1 0.0308 0.0279 0.4537 0.1228 0.0336 0.0177 0.0919 0.0469 0.0418 0.0304 0.0162 0.0863 
        H529  1 0.0324 0.1272 0.0467 0.1004 0.0299 0.0410 0.1601 0.0286 0.1096 0.2234 0.0521 0.0486 
        H533  1 0.0164 0.4086 0.0616 0.0652 0.0762 0.0626 0.0770 0.0234 0.0846 0.0489 0.0283 0.0470 
        H538  1 0.0905 0.0734 0.0273 0.2684 0.1809 0.0235 0.0595 0.0813 0.0446 0.0405 0.0465 0.0636 
        H539  1 0.0224 0.0319 0.0149 0.0378 0.0141 0.6963 0.0248 0.0276 0.0386 0.0451 0.0159 0.0307 
        H540  1 0.0817 0.0627 0.0605 0.0819 0.0591 0.1680 0.1330 0.0444 0.0616 0.1164 0.0829 0.0475 
        H541  1 0.0377 0.1421 0.0335 0.0699 0.0833 0.0227 0.0859 0.0593 0.0955 0.0584 0.0354 0.2763 
        H558  1 0.0307 0.0196 0.0237 0.0968 0.0187 0.5000 0.0778 0.0544 0.0854 0.0216 0.0510 0.0203 
        H559  1 0.0433 0.0357 0.0287 0.0730 0.1183 0.0161 0.0483 0.0253 0.0707 0.0698 0.0160 0.4547 
        H579  1 0.0570 0.0146 0.0233 0.1545 0.0281 0.1185 0.0492 0.0197 0.0361 0.4555 0.0224 0.0212 
        H584  1 0.0781 0.0376 0.1547 0.0941 0.0853 0.0435 0.1885 0.0552 0.0361 0.0519 0.1150 0.0599 
        H585  1 0.0422 0.0808 0.2252 0.0977 0.0185 0.0280 0.1516 0.0591 0.1471 0.0336 0.0417 0.0746 
        H605  1 0.0801 0.0817 0.0354 0.0291 0.0582 0.1297 0.1034 0.0550 0.0860 0.0287 0.0695 0.2433 
        H606  1 0.1113 0.0329 0.0168 0.0244 0.1105 0.0333 0.0420 0.0164 0.0283 0.0356 0.0268 0.5217 
        H632  1 0.0292 0.0291 0.1313 0.0736 0.2715 0.0229 0.1252 0.1451 0.0357 0.0523 0.0356 0.0485 
        H634  1 0.0602 0.0488 0.0741 0.0620 0.0532 0.1954 0.0809 0.0375 0.0739 0.0406 0.0235 0.2500 
        H671  1 0.1754 0.1022 0.1339 0.0290 0.3038 0.0245 0.0540 0.0366 0.0300 0.0193 0.0288 0.0625 
        H672  1 0.0311 0.0640 0.0270 0.1457 0.0320 0.0333 0.0362 0.1881 0.0272 0.0288 0.0173 0.3694 
        H673  1 0.0469 0.0161 0.0187 0.1206 0.0376 0.0457 0.3118 0.0577 0.1607 0.0428 0.0367 0.1046 
        H689  1 0.0384 0.0346 0.0684 0.2316 0.0543 0.0204 0.1517 0.0392 0.0728 0.0403 0.1099 0.1385 
        H690  1 0.1644 0.0890 0.0260 0.0311 0.0234 0.0545 0.0776 0.0252 0.1215 0.1532 0.1745 0.0595 
        H691  1 0.0251 0.0420 0.0359 0.0725 0.0741 0.0291 0.0523 0.1313 0.0414 0.0737 0.0715 0.3512 
        H692  1 0.0146 0.0144 0.0327 0.5233 0.0330 0.0183 0.1791 0.0611 0.0281 0.0222 0.0251 0.0482 
        H709  1 0.0619 0.1856 0.0323 0.0334 0.0442 0.0482 0.1340 0.0555 0.0911 0.0988 0.0489 0.1662 
        H710  1 0.0272 0.0193 0.0753 0.2714 0.0207 0.0220 0.1644 0.0303 0.2148 0.0776 0.0339 0.0430 
       H7355  1 0.1124 0.0396 0.0796 0.0821 0.1420 0.0309 0.1095 0.0196 0.1095 0.1996 0.0457 0.0296 
       H7356  1 0.0602 0.1450 0.0252 0.2181 0.0244 0.0604 0.0710 0.0449 0.0571 0.0411 0.2040 0.0487 
       H7357  1 0.0585 0.0890 0.0470 0.0281 0.2019 0.0840 0.0609 0.0231 0.0674 0.0794 0.0517 0.2091 
       H7358  1 0.0432 0.0145 0.0228 0.0912 0.2817 0.1135 0.0523 0.0732 0.0647 0.0257 0.0179 0.1993 
       H7380  1 0.0538 0.0424 0.0435 0.0306 0.1235 0.0340 0.0673 0.0185 0.3875 0.0370 0.0350 0.1269 
       H7381  1 0.1386 0.1220 0.0413 0.0700 0.0997 0.0280 0.2924 0.0465 0.0565 0.0277 0.0324 0.0450 
       H7382  1 0.0235 0.0247 0.0331 0.2973 0.1162 0.0291 0.0849 0.0773 0.0391 0.1077 0.0465 0.1207 
        H904  1 0.1079 0.0297 0.0311 0.0272 0.0497 0.0355 0.0340 0.0168 0.0321 0.0557 0.0628 0.5175 
        H923  1 0.1014 0.0564 0.1625 0.0886 0.0735 0.1448 0.1102 0.0996 0.0484 0.0363 0.0429 0.0354 
        H924  1 0.1362 0.0195 0.0305 0.0940 0.0719 0.1210 0.0795 0.0584 0.1115 0.0496 0.0481 0.1798 
        H925  1 0.0480 0.0260 0.0311 0.0446 0.0205 0.0519 0.0587 0.0453 0.1689 0.1840 0.0160 0.3049 
       H9558  1 0.0210 0.0152 0.0222 0.0593 0.0197 0.6068 0.0574 0.0425 0.0705 0.0197 0.0485 0.0171 
      H105.1  1 0.0252 0.0544 0.1081 0.1334 0.0359 0.0395 0.1911 0.0459 0.1484 0.0338 0.1450 0.0393 
      H115.1  1 0.0496 0.0282 0.0500 0.0314 0.0187 0.0512 0.0428 0.0289 0.2257 0.0886 0.0252 0.3598 
      H145.1  1 0.0808 0.0260 0.0372 0.0600 0.2927 0.0211 0.0527 0.0170 0.0358 0.3181 0.0193 0.0393 
      H149.1  1 0.0123 0.0132 0.0126 0.0119 0.0129 0.0143 0.0158 0.0134 0.0150 0.0218 0.0154 0.8413 
      H150.1  1 0.0692 0.0418 0.0561 0.0348 0.0508 0.3921 0.1553 0.0166 0.0786 0.0536 0.0329 0.0182 
   H169607.1  1 0.0877 0.0989 0.0686 0.0438 0.1801 0.0636 0.0623 0.0457 0.1157 0.1727 0.0152 0.0457 
   H169633.1  1 0.0399 0.0125 0.0375 0.0342 0.0841 0.0941 0.0508 0.0782 0.0364 0.0326 0.0345 0.4652 
   H169688.1  1 0.0290 0.0203 0.0280 0.1632 0.0611 0.0232 0.1152 0.1526 0.0791 0.0505 0.0154 0.2623 
   H171901.1  1 0.0394 0.0776 0.3083 0.0550 0.0589 0.0468 0.1036 0.0584 0.0484 0.1402 0.0267 0.0368 
   H171902.1  1 0.2415 0.0307 0.0311 0.0388 0.1887 0.0527 0.0609 0.0237 0.0473 0.2014 0.0284 0.0547 
   H171903.1  1 0.2033 0.1697 0.0220 0.1850 0.0343 0.0270 0.0906 0.0358 0.0843 0.0316 0.0737 0.0426 
      H177.1  1 0.0392 0.0311 0.0150 0.2012 0.0642 0.0302 0.0385 0.0524 0.0246 0.0366 0.0465 0.4204 
      H179.1  1 0.0411 0.0682 0.0779 0.0242 0.0611 0.0522 0.0440 0.0383 0.0426 0.0226 0.0232 0.5044 
      H180.1  1 0.0298 0.0751 0.0227 0.0248 0.0982 0.0601 0.2922 0.0348 0.1567 0.0479 0.0898 0.0679 
      H181.1  1 0.0168 0.0284 0.0307 0.0381 0.1142 0.0483 0.0888 0.0259 0.0555 0.0607 0.2481 0.2444 
 H194.1_2004  1 0.0702 0.0367 0.0261 0.3924 0.0208 0.0341 0.0938 0.0355 0.0766 0.0578 0.0770 0.0790 
 H195.1_2003  1 0.0249 0.1100 0.0527 0.4149 0.0275 0.0362 0.0543 0.0756 0.0449 0.0291 0.0241 0.1058 
 H195.1_2004  1 0.0145 0.0165 0.0257 0.0341 0.6658 0.0162 0.0250 0.0310 0.0175 0.0509 0.0252 0.0775 
      H415.1  1 0.0301 0.0323 0.0612 0.0574 0.0687 0.0516 0.0829 0.0314 0.2478 0.0818 0.0373 0.2175 
      H506.1  1 0.0181 0.0410 0.0652 0.0614 0.0746 0.0198 0.0658 0.0355 0.0695 0.0512 0.0150 0.4829 
      H533.1  1 0.0139 0.0639 0.0524 0.0426 0.1116 0.0860 0.0560 0.0160 0.0720 0.0361 0.0234 0.4261 
      H535.1  1 0.0699 0.0460 0.0219 0.1718 0.0325 0.0496 0.0920 0.0318 0.0648 0.0816 0.2141 0.1241 
      H539.1  1 0.1122 0.0137 0.0212 0.0329 0.0237 0.5719 0.0367 0.0162 0.0850 0.0276 0.0370 0.0219 
      H540.1  1 0.0612 0.0445 0.0246 0.0489 0.0321 0.5908 0.0462 0.0219 0.0447 0.0418 0.0254 0.0179 
     H9558.1  1 0.0492 0.0160 0.0311 0.0551 0.0338 0.6264 0.0431 0.0319 0.0353 0.0221 0.0284 0.0277 
    kos339.1  1 0.0423 0.0863 0.0196 0.0411 0.0357 0.0217 0.0584 0.0468 0.0400 0.1158 0.0375 0.4547 
        D023  2 0.0099 0.0104 0.0125 0.0099 0.0110 0.0348 0.0163 0.0130 0.0138 0.8373 0.0140 0.0172 
        D130  2 0.0362 0.0782 0.0124 0.0404 0.0203 0.4511 0.0410 0.0357 0.0334 0.0777 0.1205 0.0530 
        D131  2 0.0510 0.0613 0.1212 0.0309 0.0542 0.0287 0.1726 0.0475 0.1977 0.0501 0.0605 0.1243 
        D163  2 0.0228 0.0623 0.0396 0.0465 0.0756 0.2231 0.0775 0.0146 0.0954 0.2200 0.0696 0.0531 
        D164  2 0.0137 0.0107 0.0118 0.0133 0.0107 0.6078 0.0144 0.2571 0.0129 0.0225 0.0144 0.0106 
        D165  2 0.0109 0.0143 0.0277 0.0163 0.0121 0.0451 0.0184 0.0157 0.0145 0.7862 0.0190 0.0198 
        D166  2 0.2141 0.1098 0.0697 0.1148 0.0200 0.0844 0.1263 0.0362 0.1034 0.0297 0.0651 0.0267 
        D167  2 0.0171 0.0209 0.0164 0.0508 0.0215 0.0228 0.0181 0.7623 0.0231 0.0131 0.0179 0.0162 
        D192  2 0.0181 0.0229 0.0255 0.0290 0.0164 0.0164 0.0239 0.7700 0.0294 0.0148 0.0210 0.0127 
        D193  2 0.0442 0.1331 0.0590 0.1292 0.0800 0.0482 0.1536 0.0212 0.1196 0.0272 0.1454 0.0393 
        D206  2 0.0419 0.0249 0.0548 0.0687 0.0236 0.0483 0.0959 0.1188 0.3176 0.0755 0.0472 0.0829 
        D207  2 0.0250 0.0375 0.0491 0.1020 0.0303 0.0242 0.0869 0.4496 0.0307 0.0735 0.0601 0.0314 
        D208  2 0.0649 0.3040 0.0965 0.0619 0.1643 0.0261 0.0728 0.0333 0.0297 0.0730 0.0219 0.0516 
        D209  2 0.0283 0.0250 0.0492 0.0810 0.0198 0.0815 0.1430 0.3185 0.1669 0.0377 0.0226 0.0264 
        D210  2 0.0369 0.0445 0.0684 0.0385 0.4099 0.0225 0.0422 0.0458 0.0278 0.0571 0.1170 0.0895 
     D229599  2 0.0377 0.0487 0.1022 0.0274 0.0456 0.0328 0.1003 0.0346 0.2833 0.1747 0.0247 0.0879 
     D229600  2 0.0264 0.0685 0.0183 0.1311 0.0236 0.1403 0.0691 0.2132 0.0296 0.1611 0.0877 0.0311 
     D237227  2 0.0390 0.0453 0.0548 0.1424 0.3132 0.0781 0.0892 0.0704 0.0266 0.0355 0.0264 0.0789 
     D237228  2 0.0322 0.0202 0.0617 0.3553 0.1807 0.1349 0.0747 0.0356 0.0204 0.0204 0.0421 0.0218 
     D237258  2 0.0251 0.0217 0.0779 0.0942 0.0350 0.0274 0.0636 0.0705 0.0546 0.4619 0.0215 0.0467 
     D237310  2 0.0464 0.0969 0.0257 0.2786 0.0682 0.1373 0.0563 0.0609 0.0226 0.0175 0.1737 0.0160 
     D237311  2 0.0316 0.0323 0.0533 0.2976 0.0382 0.1380 0.0649 0.1762 0.0390 0.0339 0.0740 0.0209 
     D237312  2 0.0672 0.0863 0.0409 0.1198 0.0670 0.0445 0.0740 0.0232 0.0585 0.0788 0.3130 0.0269 
     D237313  2 0.0727 0.0420 0.0440 0.0259 0.1225 0.1755 0.0910 0.0215 0.2329 0.0279 0.0845 0.0596 
     D237322  2 0.0995 0.2293 0.0662 0.0381 0.1055 0.0325 0.2310 0.0373 0.0485 0.0350 0.0499 0.0272 
     D237323  2 0.0269 0.1233 0.0564 0.1190 0.2289 0.1789 0.0659 0.0634 0.0272 0.0300 0.0580 0.0221 
     D237324  2 0.0277 0.0649 0.0633 0.0641 0.0230 0.1551 0.3484 0.0898 0.0302 0.0248 0.0434 0.0651 
     D237325  2 0.0393 0.1076 0.0231 0.0581 0.1669 0.1072 0.0721 0.1090 0.0497 0.0526 0.1820 0.0324 
     D237326  2 0.0302 0.0173 0.0549 0.1477 0.0840 0.2990 0.0720 0.0436 0.0955 0.0607 0.0407 0.0543 
     D237327  2 0.0288 0.2144 0.2976 0.0342 0.0444 0.0217 0.0887 0.0609 0.0270 0.0469 0.0965 0.0388 
     D237337  2 0.0656 0.0582 0.0376 0.0808 0.1180 0.3086 0.0779 0.0259 0.0429 0.0220 0.1245 0.0379 
     D237338  2 0.0688 0.0946 0.0897 0.0412 0.1301 0.0636 0.1020 0.0934 0.0886 0.0489 0.1245 0.0547 
     D237339  2 0.0228 0.1337 0.0521 0.0350 0.0297 0.0404 0.1095 0.2791 0.1769 0.0339 0.0279 0.0590 
     D237340  2 0.0515 0.0560 0.0626 0.1253 0.1593 0.0488 0.0800 0.2349 0.0624 0.0336 0.0575 0.0282 
     D237389  2 0.0282 0.0388 0.0305 0.4011 0.0205 0.1609 0.0627 0.0607 0.0479 0.0226 0.1015 0.0245 
     D237390  2 0.0741 0.0621 0.1090 0.1100 0.0835 0.0362 0.0851 0.0448 0.1209 0.0546 0.1796 0.0400 
     D244017  2 0.0187 0.0476 0.0265 0.0512 0.1000 0.0296 0.0434 0.5828 0.0343 0.0295 0.0121 0.0243 
     D244112  2 0.0186 0.0415 0.0338 0.0797 0.0290 0.0705 0.0743 0.5497 0.0339 0.0146 0.0272 0.0271 
     D244118  2 0.0132 0.0700 0.0248 0.0304 0.0258 0.2653 0.0313 0.4234 0.0259 0.0522 0.0234 0.0143 
     D244119  2 0.0262 0.0228 0.0210 0.0339 0.3847 0.0193 0.0216 0.3921 0.0188 0.0197 0.0173 0.0226 
     D244120  2 0.0426 0.0376 0.1802 0.1886 0.0362 0.0312 0.0536 0.1625 0.0825 0.0231 0.1430 0.0190 
     D244122  2 0.0613 0.0900 0.0228 0.1073 0.0321 0.0671 0.0600 0.3843 0.0445 0.0510 0.0391 0.0405 
        D291  2 0.0349 0.0995 0.3180 0.0969 0.0333 0.0327 0.1347 0.0337 0.0744 0.0823 0.0157 0.0439 
        D292  2 0.0301 0.0445 0.2533 0.0316 0.0674 0.0617 0.0423 0.0768 0.0613 0.0497 0.0234 0.2581 
        D293  2 0.0190 0.0219 0.0385 0.0189 0.0185 0.0119 0.0346 0.6854 0.0477 0.0196 0.0125 0.0716 
        D322  2 0.0204 0.0260 0.0294 0.0220 0.0197 0.0459 0.0541 0.5042 0.0326 0.0688 0.0232 0.1538 
        D323  2 0.0504 0.0511 0.0521 0.1603 0.0438 0.0309 0.1065 0.1862 0.1541 0.1130 0.0174 0.0341 
        D324  2 0.0517 0.0179 0.3467 0.0554 0.0401 0.0521 0.0717 0.0277 0.0458 0.1665 0.0641 0.0604 
        D325  2 0.0157 0.0241 0.1102 0.0331 0.0164 0.0155 0.0319 0.6189 0.0397 0.0313 0.0267 0.0366 
        D326  2 0.0219 0.0129 0.0481 0.0228 0.0282 0.0120 0.0343 0.0254 0.4735 0.0460 0.0148 0.2601 
        D340  2 0.0252 0.0147 0.0317 0.0429 0.0267 0.0224 0.0249 0.6984 0.0344 0.0231 0.0301 0.0255 
        D341  2 0.0533 0.1071 0.0368 0.0218 0.0427 0.0356 0.0424 0.2722 0.0256 0.0367 0.3024 0.0233 
        D342  2 0.0356 0.0256 0.0266 0.0413 0.0228 0.3447 0.1371 0.0569 0.0513 0.0836 0.1341 0.0405 
        D343  2 0.0099 0.0150 0.0153 0.0133 0.0119 0.0111 0.0132 0.8495 0.0139 0.0116 0.0165 0.0188 
        D344  2 0.0458 0.0226 0.0266 0.0762 0.0159 0.0220 0.0417 0.0266 0.6405 0.0102 0.0360 0.0360 
        D345  2 0.0610 0.0321 0.0378 0.0267 0.0293 0.4305 0.0826 0.0307 0.1724 0.0404 0.0146 0.0419 
        D346  2 0.2000 0.0149 0.0359 0.1592 0.1796 0.0192 0.0413 0.1004 0.0579 0.0887 0.0635 0.0394 
        D351  2 0.0491 0.0556 0.1686 0.0342 0.0290 0.0260 0.1073 0.0422 0.1682 0.1779 0.0195 0.1224 
        D352  2 0.0904 0.0256 0.0890 0.0680 0.0900 0.0184 0.1158 0.0713 0.3554 0.0412 0.0182 0.0167 
        D353  2 0.1060 0.0290 0.0426 0.0216 0.0171 0.0193 0.3657 0.0441 0.2829 0.0142 0.0167 0.0407 
        D354  2 0.1213 0.0170 0.0163 0.0350 0.0304 0.0482 0.0491 0.0183 0.5889 0.0200 0.0271 0.0284 
        D362  2 0.0222 0.0213 0.0316 0.0429 0.0234 0.0295 0.0500 0.0269 0.0876 0.2921 0.0164 0.3562 
        D363  2 0.0303 0.0171 0.0288 0.0445 0.0286 0.0213 0.0473 0.0264 0.1084 0.3534 0.0135 0.2802 
        D364  2 0.0284 0.0134 0.0178 0.0201 0.0169 0.0342 0.0467 0.0215 0.6883 0.0212 0.0258 0.0658 
        D365  2 0.0110 0.0099 0.0116 0.0144 0.0155 0.0089 0.0129 0.8602 0.0106 0.0122 0.0153 0.0175 
        D369  2 0.0279 0.0179 0.1743 0.0692 0.0659 0.0176 0.0353 0.1452 0.0533 0.0506 0.0295 0.3132 
        D374  2 0.1509 0.0307 0.0245 0.3014 0.1940 0.0693 0.0734 0.0264 0.0408 0.0157 0.0273 0.0456 
        D375  2 0.0458 0.0214 0.0198 0.0284 0.0128 0.0174 0.0710 0.0216 0.6960 0.0242 0.0258 0.0159 
        D376  2 0.1061 0.0247 0.0225 0.1697 0.1965 0.0681 0.1101 0.0671 0.0667 0.0137 0.1021 0.0528 
        D377  2 0.3505 0.0291 0.0666 0.0718 0.0350 0.0513 0.0829 0.0370 0.0703 0.0881 0.0937 0.0237 
        D378  2 0.0237 0.0343 0.0295 0.0161 0.0205 0.0184 0.0399 0.1514 0.0549 0.4988 0.0278 0.0847 
        D379  2 0.0353 0.0244 0.0294 0.0357 0.0252 0.0222 0.0493 0.0212 0.3942 0.0394 0.0575 0.2663 
        D384  2 0.0436 0.0127 0.0252 0.0173 0.0324 0.0194 0.0433 0.0134 0.3567 0.0273 0.0155 0.3933 
        D385  2 0.0383 0.0132 0.0132 0.0410 0.0210 0.0136 0.0244 0.7372 0.0346 0.0190 0.0283 0.0161 
        D386  2 0.0793 0.0488 0.0200 0.0245 0.0206 0.1007 0.0870 0.0671 0.2443 0.1991 0.0245 0.0841 
        D391  2 0.0360 0.0287 0.0233 0.0209 0.0224 0.0175 0.0276 0.7308 0.0228 0.0279 0.0175 0.0247 
        D392  2 0.0421 0.0221 0.0561 0.0326 0.0205 0.0648 0.0366 0.5732 0.0500 0.0242 0.0176 0.0601 
        D393  2 0.0401 0.0337 0.1054 0.0281 0.0243 0.0225 0.0417 0.0414 0.0576 0.4245 0.0436 0.1371 
        D394  2 0.0400 0.0427 0.1075 0.0435 0.0379 0.1082 0.1113 0.1198 0.1413 0.0418 0.0665 0.1394 
        D395  2 0.0178 0.0214 0.0210 0.0387 0.0403 0.0116 0.0461 0.6313 0.0932 0.0336 0.0299 0.0152 
        D401  2 0.0144 0.0128 0.0259 0.5691 0.0296 0.1987 0.0383 0.0310 0.0214 0.0118 0.0234 0.0236 
        D402  2 0.0526 0.0270 0.0691 0.0405 0.0376 0.0259 0.0485 0.5643 0.0297 0.0336 0.0490 0.0221 
        D403  2 0.0483 0.0727 0.0217 0.0252 0.0187 0.0603 0.2058 0.0171 0.3172 0.0516 0.0440 0.1175 
        D415  2 0.0204 0.0248 0.0169 0.0450 0.0197 0.0242 0.0795 0.0376 0.3112 0.0208 0.0831 0.3168 
        D435  2 0.0409 0.0163 0.0778 0.0430 0.0217 0.0421 0.0447 0.1236 0.0599 0.0386 0.0655 0.4259 
        D436  2 0.1662 0.0753 0.0566 0.0359 0.0398 0.0181 0.0645 0.0306 0.3830 0.0305 0.0298 0.0697 
        D438  2 0.0332 0.0145 0.0151 0.0245 0.0201 0.0237 0.0235 0.7614 0.0159 0.0270 0.0246 0.0165 
        D439  2 0.0352 0.0265 0.0569 0.0173 0.0179 0.0405 0.1083 0.0367 0.5635 0.0522 0.0236 0.0214 
        D449  2 0.0283 0.0118 0.0546 0.0963 0.0198 0.0292 0.1348 0.1036 0.3076 0.0238 0.1367 0.0535 
        D450  2 0.3555 0.0522 0.0545 0.0390 0.0788 0.0219 0.0745 0.0211 0.0734 0.0976 0.0493 0.0822 
        D456  2 0.0202 0.0191 0.0276 0.0149 0.0227 0.0153 0.0313 0.0118 0.4895 0.0454 0.0202 0.2819 
        D462  2 0.0281 0.0327 0.0375 0.0179 0.0158 0.0165 0.0249 0.6933 0.0643 0.0231 0.0158 0.0300 
        D463  2 0.0254 0.0144 0.0176 0.0279 0.0356 0.0126 0.0318 0.0142 0.4554 0.0243 0.0163 0.3245 
        D464  2 0.1134 0.0429 0.0182 0.0668 0.0287 0.0182 0.2848 0.2285 0.1000 0.0362 0.0275 0.0347 
        D465  2 0.0318 0.0141 0.0249 0.2947 0.0234 0.0277 0.0399 0.3569 0.0265 0.0230 0.0300 0.1069 
        D473  2 0.2191 0.0552 0.0338 0.0368 0.3371 0.0473 0.0433 0.0402 0.0411 0.0847 0.0336 0.0276 
        D474  2 0.0276 0.0157 0.1624 0.0252 0.0361 0.0227 0.0271 0.0222 0.0389 0.3074 0.0317 0.2829 
        D476  2 0.0222 0.1425 0.0701 0.0202 0.0200 0.0903 0.0552 0.1045 0.2646 0.1540 0.0329 0.0235 
        D477  2 0.1405 0.0265 0.0749 0.0448 0.0556 0.0330 0.0702 0.0332 0.2424 0.1184 0.0502 0.1103 
        D478  2 0.0343 0.0312 0.0468 0.0348 0.0454 0.0267 0.0817 0.0414 0.2406 0.3705 0.0230 0.0236 
        D480  2 0.0678 0.0753 0.0331 0.0448 0.0565 0.0167 0.0627 0.1262 0.0545 0.1962 0.1715 0.0947 
        D481  2 0.0311 0.0335 0.1200 0.0502 0.0552 0.1019 0.0930 0.0884 0.2062 0.1034 0.0215 0.0955 
        D482  2 0.0882 0.0833 0.1757 0.0407 0.1387 0.0629 0.1427 0.0563 0.1089 0.0475 0.0318 0.0233 
        D483  2 0.0116 0.0229 0.0158 0.0211 0.0382 0.0179 0.0227 0.7751 0.0210 0.0209 0.0195 0.0133 
        D484  2 0.1311 0.0778 0.0763 0.1102 0.0495 0.0228 0.1036 0.1090 0.2087 0.0526 0.0336 0.0248 
        D510  2 0.0489 0.0260 0.0439 0.1022 0.5443 0.0225 0.0521 0.0238 0.0420 0.0284 0.0386 0.0272 
        D511  2 0.0444 0.0417 0.0649 0.0260 0.0306 0.0268 0.0556 0.2628 0.1434 0.2410 0.0218 0.0410 
        D512  2 0.0168 0.0233 0.0302 0.5548 0.0140 0.0720 0.0342 0.1507 0.0219 0.0181 0.0419 0.0221 
        D513  2 0.2132 0.0266 0.0773 0.0906 0.0326 0.0349 0.0739 0.2868 0.0417 0.0526 0.0301 0.0397 
        D635  2 0.0167 0.0139 0.0232 0.0231 0.0147 0.0261 0.0271 0.0268 0.0241 0.7391 0.0138 0.0513 
        D636  2 0.0225 0.0131 0.0118 0.0156 0.0137 0.4698 0.0277 0.0181 0.0200 0.3544 0.0113 0.0220 
        D637  2 0.2523 0.0681 0.0567 0.0447 0.0431 0.0332 0.0871 0.2032 0.0548 0.0392 0.0861 0.0316 
        D658  2 0.0400 0.0519 0.0215 0.0440 0.0548 0.0266 0.0383 0.5126 0.0454 0.0171 0.1188 0.0290 
        D659  2 0.0698 0.0255 0.0710 0.0714 0.0296 0.0200 0.0572 0.0149 0.0741 0.0498 0.0541 0.4625 
        D677  2 0.0281 0.0848 0.1259 0.0872 0.0239 0.0386 0.0627 0.0299 0.1598 0.1502 0.1011 0.1078 
        D678  2 0.0382 0.0239 0.0210 0.1894 0.0145 0.0798 0.1151 0.4112 0.0363 0.0201 0.0299 0.0207 
        D679  2 0.0958 0.0412 0.1563 0.0371 0.0577 0.0309 0.1058 0.0382 0.1201 0.1830 0.0605 0.0732 
        D719  2 0.0991 0.0339 0.1380 0.0398 0.1780 0.0261 0.0721 0.1550 0.0602 0.0283 0.0170 0.1526 
        D720  2 0.0467 0.0309 0.0260 0.0661 0.0591 0.0590 0.0569 0.0288 0.0902 0.0490 0.0205 0.4667 
        D721  2 0.0169 0.0129 0.0153 0.0216 0.0175 0.0377 0.0239 0.0326 0.0153 0.7523 0.0337 0.0202 
        D722  2 0.0711 0.0346 0.0513 0.3552 0.1241 0.0743 0.0910 0.0617 0.0485 0.0271 0.0180 0.0431 
        D734  2 0.4052 0.0742 0.0408 0.0236 0.0504 0.0158 0.0425 0.2276 0.0415 0.0245 0.0265 0.0273 
