        D174  1 0.0253 0.0473 0.0713 0.0973 0.0839 0.0887 0.1936 0.0634 0.0329 0.2963 
        D199  1 0.0288 0.0319 0.1310 0.0276 0.0164 0.5839 0.0445 0.0704 0.0274 0.0381 
        D203  1 0.1093 0.0581 0.1499 0.0662 0.1142 0.0907 0.1720 0.1123 0.0683 0.0590 
        D204  1 0.0374 0.0358 0.0858 0.0328 0.0187 0.4110 0.2088 0.0529 0.0861 0.0308 
     D237366  1 0.0291 0.0399 0.0370 0.0792 0.2636 0.0687 0.0526 0.0671 0.3008 0.0619 
     D237367  1 0.0213 0.0374 0.1358 0.0576 0.0255 0.0634 0.2536 0.0975 0.2676 0.0403 
     D237368  1 0.0234 0.1843 0.1463 0.0319 0.0332 0.3217 0.0611 0.0999 0.0256 0.0726 
     D244101  1 0.1480 0.0277 0.2454 0.0367 0.0211 0.0746 0.3249 0.0650 0.0343 0.0224 
     D244102  1 0.1198 0.0971 0.0504 0.0557 0.0358 0.0459 0.0592 0.0994 0.3872 0.0495 
     D244103  1 0.0254 0.0271 0.0229 0.2672 0.0997 0.0390 0.3886 0.0714 0.0304 0.0283 
     D244104  1 0.0394 0.0299 0.0303 0.0344 0.0261 0.6464 0.0883 0.0402 0.0176 0.0475 
     D244105  1 0.0482 0.1102 0.0256 0.0339 0.1892 0.0325 0.3381 0.1548 0.0458 0.0219 
     D244106  1 0.0329 0.0230 0.0954 0.0376 0.2506 0.0601 0.0385 0.0603 0.0482 0.3535 
     D244107  1 0.1437 0.4016 0.0508 0.0397 0.0281 0.1500 0.0454 0.1088 0.0178 0.0142 
     D244108  1 0.0652 0.3169 0.0565 0.0351 0.0239 0.0337 0.0662 0.0634 0.0619 0.2773 
     D244113  1 0.0150 0.0625 0.0401 0.4702 0.0148 0.0211 0.0544 0.0415 0.0486 0.2318 
     D244114  1 0.0582 0.0303 0.0273 0.0901 0.4522 0.0393 0.0445 0.1438 0.0380 0.0763 
     D244115  1 0.0439 0.0571 0.0292 0.0665 0.0515 0.1993 0.0561 0.1395 0.0281 0.3289 
     D267365  1 0.1091 0.0318 0.0475 0.0976 0.0292 0.2560 0.1573 0.0924 0.0534 0.1255 
        D404  1 0.0649 0.0396 0.1110 0.1930 0.0295 0.0366 0.0249 0.0705 0.1340 0.2960 
        D405  1 0.0532 0.0401 0.0674 0.3482 0.0437 0.1478 0.0403 0.1277 0.0729 0.0586 
        D406  1 0.0196 0.7000 0.0237 0.0241 0.0269 0.0238 0.0608 0.0334 0.0554 0.0322 
        D407  1 0.0193 0.0223 0.2275 0.0667 0.0308 0.3490 0.0767 0.1549 0.0230 0.0297 
        D408  1 0.1117 0.0169 0.0354 0.4381 0.0194 0.0435 0.0332 0.0489 0.0251 0.2279 
        D409  1 0.1436 0.0481 0.0490 0.4622 0.0317 0.0608 0.0378 0.1172 0.0231 0.0265 
        D410  1 0.0257 0.6748 0.0167 0.0319 0.0292 0.0286 0.0680 0.0586 0.0259 0.0406 
        D421  1 0.0238 0.0103 0.0928 0.0198 0.0138 0.6161 0.1552 0.0349 0.0111 0.0223 
        D422  1 0.0332 0.4739 0.0159 0.0226 0.1926 0.1213 0.0158 0.0811 0.0279 0.0157 
        D423  1 0.0379 0.5348 0.1377 0.0270 0.0247 0.0455 0.0561 0.0806 0.0267 0.0289 
        D424  1 0.0139 0.0196 0.0272 0.0200 0.0256 0.1999 0.5380 0.0974 0.0206 0.0377 
        D425  1 0.2095 0.0323 0.0301 0.1126 0.0225 0.0582 0.2888 0.1257 0.0547 0.0657 
        D426  1 0.1344 0.0194 0.0401 0.4068 0.1815 0.0404 0.0248 0.1180 0.0135 0.0210 
        D427  1 0.0455 0.0175 0.3752 0.0229 0.0184 0.3134 0.0704 0.0336 0.0162 0.0870 
        D428  1 0.0486 0.0746 0.0490 0.0887 0.0162 0.1664 0.0706 0.1816 0.1446 0.1596 
        D429  1 0.0340 0.0191 0.0247 0.0257 0.2191 0.3887 0.0532 0.0470 0.0550 0.1336 
        D430  1 0.0373 0.0223 0.1120 0.0933 0.2183 0.1718 0.0324 0.1423 0.0640 0.1062 
        D491  1 0.0288 0.0441 0.0353 0.1009 0.0261 0.0801 0.0620 0.0487 0.0294 0.5446 
        D492  1 0.0228 0.0227 0.0712 0.0382 0.0427 0.4137 0.0956 0.1194 0.0324 0.1414 
        D537  1 0.0211 0.0596 0.0437 0.0781 0.0253 0.1863 0.4450 0.0710 0.0399 0.0302 
        D538  1 0.0613 0.1695 0.1352 0.0822 0.0360 0.0953 0.0389 0.1820 0.0696 0.1300 
        D539  1 0.0702 0.0953 0.0275 0.0611 0.2690 0.0485 0.0368 0.0883 0.1067 0.1967 
        D540  1 0.0380 0.0376 0.0284 0.1651 0.0450 0.0327 0.3959 0.2043 0.0255 0.0275 
        D541  1 0.0379 0.0164 0.0271 0.0197 0.0133 0.7862 0.0512 0.0206 0.0147 0.0130 
        D551  1 0.0781 0.0416 0.0306 0.0391 0.6022 0.0212 0.0441 0.0902 0.0253 0.0276 
        D552  1 0.0470 0.4837 0.0352 0.0346 0.0490 0.0785 0.0882 0.0620 0.0262 0.0956 
        D553  1 0.0263 0.0159 0.0139 0.0179 0.0156 0.0818 0.7737 0.0228 0.0126 0.0194 
        D615  1 0.0453 0.1254 0.0303 0.1261 0.0641 0.2878 0.0694 0.1357 0.0386 0.0774 
        D616  1 0.0755 0.0573 0.0661 0.0198 0.0418 0.5546 0.0252 0.0892 0.0145 0.0560 
        D621  1 0.0258 0.6089 0.0145 0.1508 0.0239 0.0270 0.0164 0.0361 0.0257 0.0710 
        D622  1 0.0712 0.4188 0.0330 0.0340 0.1238 0.0623 0.0796 0.0758 0.0337 0.0677 
        D623  1 0.0444 0.0284 0.5053 0.0300 0.0172 0.0479 0.0260 0.0452 0.0576 0.1979 
        D624  1 0.0179 0.0169 0.0200 0.0375 0.0368 0.1699 0.0465 0.1106 0.0270 0.5170 
        D625  1 0.0175 0.0278 0.0197 0.0410 0.0244 0.6971 0.0502 0.0463 0.0289 0.0471 
        D626  1 0.0707 0.0583 0.0268 0.0515 0.0334 0.0548 0.1368 0.0657 0.1432 0.3588 
        D627  1 0.2262 0.0161 0.0406 0.1339 0.0841 0.0395 0.1107 0.2795 0.0331 0.0365 
        D690  1 0.0197 0.0364 0.0127 0.0283 0.0143 0.7692 0.0330 0.0183 0.0230 0.0452 
        D691  1 0.0341 0.1238 0.0346 0.0250 0.4065 0.1513 0.0586 0.0593 0.0634 0.0433 
        D710  1 0.1359 0.0645 0.1007 0.0749 0.0208 0.2472 0.1468 0.0994 0.0275 0.0823 
        D711  1 0.0205 0.0326 0.0288 0.0212 0.0219 0.6176 0.0424 0.0336 0.1455 0.0359 
        D712  1 0.0513 0.0482 0.0710 0.1914 0.0253 0.0532 0.0387 0.0739 0.1084 0.3387 
        D713  1 0.0265 0.0371 0.0233 0.4085 0.0322 0.1178 0.1006 0.1388 0.0327 0.0826 
        D746  1 0.0274 0.5646 0.0188 0.0221 0.0836 0.1491 0.0458 0.0366 0.0221 0.0299 
        D747  1 0.0221 0.0112 0.0244 0.0136 0.0118 0.8305 0.0279 0.0187 0.0248 0.0150 
        D748  1 0.0300 0.0413 0.0322 0.0642 0.3181 0.2922 0.0622 0.0641 0.0606 0.0351 
        D749  1 0.0427 0.2875 0.0275 0.0655 0.0865 0.1377 0.0421 0.2027 0.0247 0.0831 
        D750  1 0.0200 0.0232 0.0262 0.0725 0.0414 0.5180 0.0222 0.0355 0.0173 0.2236 
        D763  1 0.0885 0.0824 0.1062 0.1232 0.0947 0.2853 0.0476 0.1034 0.0364 0.0323 
        D764  1 0.0206 0.0322 0.0195 0.0225 0.0182 0.7587 0.0439 0.0265 0.0123 0.0457 
        D765  1 0.0466 0.4209 0.0198 0.0308 0.0723 0.0200 0.0436 0.1977 0.0492 0.0991 
        D766  1 0.0244 0.5831 0.0315 0.0842 0.0445 0.0409 0.0744 0.0514 0.0234 0.0424 
        D767  1 0.0310 0.0814 0.0425 0.0375 0.0282 0.0419 0.0990 0.0509 0.5620 0.0258 
        D768  1 0.0310 0.0177 0.0253 0.0168 0.0296 0.1110 0.7005 0.0373 0.0159 0.0148 
        D811  1 0.0475 0.0475 0.0390 0.4895 0.0231 0.0212 0.0304 0.0844 0.0300 0.1874 
        D816  1 0.0320 0.0219 0.0368 0.0263 0.0258 0.3685 0.3309 0.0550 0.0377 0.0652 
        D825  1 0.0411 0.1191 0.0360 0.0570 0.0462 0.0471 0.0766 0.1338 0.0521 0.3910 
        D866  1 0.2317 0.0412 0.0914 0.0447 0.0809 0.1447 0.0341 0.0995 0.0303 0.2017 
        D867  1 0.0296 0.5228 0.0543 0.1453 0.0432 0.0314 0.0574 0.0642 0.0214 0.0304 
        D871  1 0.0418 0.0182 0.0219 0.5574 0.0315 0.0392 0.0356 0.0741 0.1343 0.0460 
        D872  1 0.0248 0.4188 0.0335 0.0332 0.0154 0.0589 0.1946 0.0564 0.1255 0.0390 
        D873  1 0.0159 0.8545 0.0158 0.0171 0.0161 0.0173 0.0099 0.0197 0.0191 0.0145 
        D874  1 0.0254 0.0161 0.0667 0.4525 0.0286 0.0824 0.1125 0.0495 0.0504 0.1159 
        D875  1 0.0762 0.0538 0.0355 0.4689 0.1295 0.0411 0.0228 0.1262 0.0257 0.0203 
        D876  1 0.0336 0.1069 0.0317 0.1017 0.0215 0.0984 0.3653 0.0857 0.0734 0.0818 
        D877  1 0.0218 0.0313 0.0432 0.2306 0.0220 0.0434 0.0438 0.1010 0.0881 0.3748 
        D892  1 0.0214 0.0314 0.0545 0.0463 0.1827 0.1138 0.2700 0.0490 0.0955 0.1354 
        D893  1 0.0578 0.0368 0.0315 0.0719 0.0368 0.1040 0.3636 0.1170 0.1555 0.0252 
        D894  1 0.0350 0.0148 0.0156 0.0267 0.0708 0.7344 0.0141 0.0362 0.0332 0.0191 
        D915  1 0.0349 0.0633 0.0281 0.0317 0.0972 0.0963 0.5310 0.0534 0.0206 0.0434 
        D916  1 0.0147 0.0118 0.0116 0.0123 0.0134 0.8828 0.0164 0.0140 0.0110 0.0120 
        D917  1 0.0835 0.0154 0.0624 0.0882 0.0155 0.4190 0.0730 0.0789 0.0269 0.1372 
        D925  1 0.0193 0.5396 0.0200 0.0365 0.0172 0.1457 0.0864 0.0397 0.0291 0.0665 
        D926  1 0.0385 0.0277 0.0226 0.0216 0.0621 0.0867 0.4428 0.1053 0.0635 0.1292 
        D927  1 0.0316 0.0285 0.3011 0.0224 0.0474 0.2128 0.0982 0.0822 0.1162 0.0594 
        D928  1 0.0206 0.0281 0.0239 0.0359 0.0110 0.0356 0.0948 0.0347 0.0155 0.6999 
        D929  1 0.0187 0.0248 0.0193 0.1149 0.0217 0.0169 0.0384 0.0255 0.6757 0.0441 
        D936  1 0.1439 0.0326 0.0721 0.0406 0.0687 0.2213 0.2088 0.0691 0.0754 0.0674 
        D938  1 0.0197 0.7721 0.0174 0.0356 0.0320 0.0246 0.0267 0.0288 0.0184 0.0247 
        D956  1 0.0502 0.0386 0.0373 0.0879 0.0810 0.0890 0.0255 0.1001 0.0414 0.4490 
        D957  1 0.0618 0.5749 0.0432 0.0267 0.0203 0.0431 0.0942 0.0525 0.0571 0.0262 
        D958  1 0.0221 0.4490 0.0320 0.0669 0.0328 0.0693 0.1104 0.0457 0.0418 0.1301 
        D959  1 0.0204 0.0237 0.1437 0.0610 0.0609 0.3040 0.0763 0.2679 0.0181 0.0239 
        D960  1 0.0167 0.6182 0.0250 0.0196 0.1260 0.0417 0.0392 0.0534 0.0241 0.0362 
        D989  1 0.0509 0.0158 0.2178 0.0432 0.0304 0.2305 0.0491 0.0739 0.0553 0.2329 
        D990  1 0.0635 0.6114 0.0378 0.0155 0.0201 0.0229 0.0188 0.0474 0.0956 0.0670 
        H102  1 0.0224 0.0590 0.0179 0.1086 0.0804 0.4000 0.1347 0.0564 0.0311 0.0896 
        H103  1 0.0639 0.0621 0.0529 0.2029 0.0212 0.1296 0.0516 0.3150 0.0773 0.0235 
        H104  1 0.0801 0.0220 0.0413 0.0369 0.0724 0.0500 0.2295 0.0937 0.2905 0.0837 
        H105  1 0.0544 0.0517 0.0468 0.1333 0.0325 0.2234 0.1198 0.0990 0.0222 0.2169 
        H106  1 0.0395 0.2538 0.0462 0.0474 0.2533 0.0242 0.0805 0.0904 0.1216 0.0430 
        H112  1 0.0520 0.0603 0.0536 0.2227 0.1673 0.0568 0.1077 0.1150 0.0580 0.1066 
        H113  1 0.3914 0.0409 0.0785 0.0600 0.0444 0.1075 0.1044 0.0851 0.0394 0.0483 
        H114  1 0.3358 0.0512 0.0517 0.0444 0.0361 0.2728 0.0917 0.0718 0.0235 0.0212 
        H115  1 0.0499 0.0274 0.0387 0.1092 0.1678 0.3679 0.0863 0.0526 0.0555 0.0447 
        H143  1 0.0330 0.0862 0.0222 0.0518 0.0372 0.4603 0.1765 0.0820 0.0140 0.0369 
        H144  1 0.0258 0.0363 0.0630 0.0316 0.0370 0.1044 0.4467 0.1843 0.0289 0.0421 
        H145  1 0.0549 0.0277 0.0135 0.7173 0.0198 0.0203 0.0191 0.0571 0.0274 0.0430 
        H149  1 0.0414 0.0285 0.0489 0.0415 0.2404 0.3536 0.0478 0.0617 0.0942 0.0420 
        H150  1 0.0541 0.0547 0.0809 0.1922 0.0722 0.0344 0.0207 0.2298 0.1581 0.1028 
     H167542  1 0.0157 0.0216 0.0179 0.0242 0.0306 0.0249 0.7967 0.0213 0.0218 0.0252 
     H169604  1 0.0837 0.0197 0.1334 0.0895 0.0673 0.0798 0.0805 0.0809 0.0912 0.2740 
     H169607  1 0.0407 0.0312 0.0444 0.1546 0.0403 0.0352 0.0699 0.1209 0.0595 0.4034 
     H169608  1 0.0310 0.0421 0.0214 0.6747 0.0280 0.0465 0.0245 0.0307 0.0305 0.0706 
     H169633  1 0.2275 0.0564 0.0825 0.0454 0.0655 0.0784 0.2360 0.1052 0.0265 0.0765 
     H169688  1 0.0213 0.3015 0.1532 0.0469 0.0192 0.0449 0.1081 0.1349 0.1306 0.0395 
     H169714  1 0.0534 0.0222 0.0419 0.0345 0.3808 0.0582 0.0337 0.0647 0.2842 0.0263 
     H171802  1 0.0980 0.1267 0.2285 0.0608 0.1378 0.0368 0.0703 0.1474 0.0566 0.0372 
     H171805  1 0.0432 0.1648 0.0246 0.0478 0.0806 0.0352 0.0657 0.1235 0.3877 0.0270 
     H171807  1 0.0510 0.0372 0.1533 0.2234 0.1263 0.0236 0.0455 0.1189 0.0542 0.1667 
     H171814  1 0.1678 0.0517 0.2531 0.0601 0.0169 0.0964 0.0738 0.2164 0.0322 0.0316 
     H171816  1 0.0628 0.1158 0.0937 0.2390 0.0533 0.0632 0.0417 0.1694 0.1264 0.0348 
     H171817  1 0.0902 0.0553 0.0241 0.0510 0.0460 0.0822 0.0425 0.0667 0.2139 0.3280 
     H171818  1 0.1751 0.1195 0.0401 0.0318 0.0907 0.2243 0.0843 0.1316 0.0780 0.0245 
     H171819  1 0.5209 0.0569 0.0739 0.0542 0.0267 0.0555 0.0349 0.0622 0.0423 0.0726 
     H171834  1 0.0261 0.0313 0.0216 0.0207 0.7723 0.0394 0.0315 0.0280 0.0168 0.0122 
     H171835  1 0.0459 0.0541 0.0782 0.0414 0.0670 0.0339 0.0358 0.0477 0.4807 0.1154 
     H171836  1 0.0891 0.3611 0.1107 0.0586 0.0386 0.0521 0.0581 0.1792 0.0194 0.0331 
     H171837  1 0.0819 0.0501 0.0377 0.0871 0.0761 0.1698 0.2739 0.0720 0.0403 0.1110 
     H171838  1 0.1594 0.1647 0.1030 0.0751 0.3135 0.0232 0.0162 0.0768 0.0409 0.0273 
     H171839  1 0.0822 0.0315 0.0868 0.0534 0.0652 0.1044 0.0696 0.0755 0.1902 0.2412 
     H171841  1 0.0271 0.1004 0.0184 0.6721 0.0217 0.0148 0.0182 0.0419 0.0180 0.0674 
     H171860  1 0.0975 0.0215 0.0901 0.2562 0.0456 0.0472 0.0677 0.0864 0.0406 0.2472 
     H171861  1 0.0855 0.2235 0.0222 0.0819 0.0308 0.1312 0.2190 0.1364 0.0324 0.0370 
     H171862  1 0.1338 0.0460 0.0421 0.0513 0.3758 0.0560 0.0987 0.1003 0.0395 0.0566 
     H171868  1 0.0737 0.0263 0.0252 0.0669 0.0486 0.3779 0.2298 0.0759 0.0476 0.0281 
     H171869  1 0.0506 0.1608 0.1376 0.0335 0.0745 0.0584 0.1354 0.2849 0.0383 0.0260 
     H171870  1 0.0264 0.1201 0.0652 0.0707 0.1421 0.0600 0.0441 0.2279 0.2075 0.0359 
     H171871  1 0.0576 0.0963 0.0575 0.1634 0.1043 0.0721 0.0648 0.2534 0.1059 0.0246 
     H171872  1 0.1184 0.0240 0.0303 0.0576 0.0462 0.0589 0.0588 0.0883 0.1598 0.3578 
     H171873  1 0.0771 0.3127 0.0672 0.0283 0.1302 0.0296 0.0358 0.1523 0.1167 0.0500 
     H171874  1 0.1198 0.1129 0.0930 0.0868 0.0521 0.2149 0.0481 0.1045 0.0237 0.1442 
     H171875  1 0.2616 0.0751 0.0417 0.0869 0.0190 0.1311 0.2155 0.1241 0.0194 0.0255 
     H171876  1 0.0608 0.0205 0.2536 0.0297 0.0280 0.2626 0.0786 0.0612 0.0292 0.1758 
     H171877  1 0.0384 0.0246 0.0363 0.0309 0.0218 0.0448 0.7220 0.0297 0.0198 0.0316 
     H171878  1 0.0298 0.2020 0.2436 0.0309 0.0361 0.0980 0.0287 0.1664 0.1407 0.0240 
     H171901  1 0.0258 0.1521 0.0478 0.0492 0.0198 0.0434 0.0363 0.0542 0.2234 0.3480 
     H171902  1 0.0417 0.0520 0.0242 0.1861 0.0527 0.0960 0.0319 0.0763 0.0364 0.4028 
     H171903  1 0.1103 0.0256 0.0670 0.0876 0.1192 0.3485 0.0576 0.1126 0.0306 0.0409 
     H171935  1 0.0469 0.1327 0.0964 0.0619 0.1618 0.0230 0.0151 0.1083 0.1591 0.1948 
     H171936  1 0.1694 0.0783 0.1558 0.0203 0.0449 0.1661 0.2337 0.0695 0.0287 0.0333 
     H171940  1 0.0253 0.0384 0.0348 0.0440 0.1371 0.0428 0.2916 0.0788 0.0387 0.2686 
     H171945  1 0.0326 0.3264 0.0501 0.1985 0.0813 0.0404 0.0643 0.1369 0.0336 0.0359 
     H171948  1 0.1178 0.0456 0.0463 0.3715 0.1871 0.0432 0.0518 0.0792 0.0289 0.0286 
     H171949  1 0.0354 0.0530 0.0567 0.0433 0.4047 0.0308 0.0416 0.0562 0.0744 0.2039 
     H171950  1 0.0284 0.0302 0.0268 0.0313 0.0417 0.1526 0.0300 0.0405 0.4419 0.1766 
     H171963  1 0.0593 0.4326 0.0638 0.0600 0.0548 0.0707 0.0490 0.1629 0.0275 0.0194 
     H171964  1 0.1856 0.0292 0.1672 0.1694 0.0619 0.0254 0.0179 0.2712 0.0361 0.0360 
     H171966  1 0.3296 0.2296 0.0168 0.0269 0.0857 0.0577 0.0312 0.1213 0.0313 0.0700 
     H171968  1 0.0212 0.0672 0.0188 0.0381 0.0490 0.2819 0.0304 0.0534 0.0335 0.4066 
     H171971  1 0.2469 0.1319 0.0824 0.0378 0.1349 0.0423 0.0213 0.1064 0.1708 0.0254 
     H171972  1 0.0310 0.0229 0.5808 0.1948 0.0197 0.0420 0.0191 0.0394 0.0210 0.0293 
     H171977  1 0.0851 0.1108 0.1381 0.0370 0.0473 0.0385 0.2637 0.1736 0.0439 0.0620 
     H171978  1 0.0257 0.0435 0.0231 0.1377 0.1116 0.0330 0.0255 0.1318 0.4143 0.0538 
     H171979  1 0.1575 0.0446 0.1132 0.3156 0.0863 0.0487 0.0241 0.1274 0.0367 0.0459 
        H176  1 0.3445 0.0229 0.0348 0.1125 0.0354 0.0881 0.0720 0.0613 0.0270 0.2016 
        H177  1 0.0239 0.1749 0.0284 0.0869 0.1281 0.0269 0.2021 0.0657 0.1855 0.0775 
        H179  1 0.0702 0.0215 0.0347 0.0399 0.0245 0.1875 0.4096 0.0468 0.1133 0.0520 
        H181  1 0.1034 0.1584 0.0662 0.0307 0.1948 0.0638 0.0576 0.2440 0.0173 0.0639 
        H182  1 0.1084 0.2517 0.0293 0.0882 0.0777 0.0889 0.0814 0.1830 0.0479 0.0437 
        H183  1 0.0246 0.5955 0.0629 0.0235 0.0456 0.0402 0.0590 0.1123 0.0126 0.0238 
        H184  1 0.1091 0.0680 0.0351 0.2744 0.0990 0.0546 0.0475 0.1401 0.0545 0.1178 
        H185  1 0.0889 0.1862 0.1893 0.1016 0.0697 0.0578 0.0863 0.1572 0.0349 0.0280 
        H186  1 0.0204 0.0525 0.0332 0.0338 0.0292 0.1409 0.3934 0.2112 0.0515 0.0339 
        H187  1 0.0242 0.5590 0.0511 0.0409 0.0125 0.0453 0.1447 0.0406 0.0670 0.0147 
        H188  1 0.0584 0.0313 0.0491 0.0238 0.0494 0.0756 0.4681 0.0670 0.0165 0.1608 
        H192  1 0.0520 0.1377 0.0378 0.0524 0.4195 0.0423 0.0292 0.0786 0.0812 0.0692 
        H193  1 0.0440 0.0415 0.0215 0.0750 0.0654 0.0740 0.1942 0.3475 0.0934 0.0435 
        H194  1 0.1329 0.0283 0.0464 0.2503 0.2218 0.1207 0.0422 0.0634 0.0625 0.0314 
        H195  1 0.0344 0.3286 0.1278 0.0453 0.0412 0.0535 0.0552 0.2461 0.0331 0.0346 
        H199  1 0.0427 0.1564 0.0587 0.0454 0.0383 0.0335 0.0322 0.1409 0.0163 0.4356 
        H200  1 0.1082 0.0774 0.1920 0.0489 0.0456 0.0892 0.0716 0.0831 0.0368 0.2473 
        H414  1 0.0624 0.0751 0.0776 0.0375 0.0498 0.1386 0.0634 0.1091 0.3355 0.0511 
        H415  1 0.2506 0.0396 0.0706 0.0787 0.0475 0.1652 0.1040 0.1156 0.0590 0.0692 
        H422  1 0.0862 0.0832 0.0298 0.0558 0.0262 0.1388 0.0808 0.2122 0.0292 0.2578 
        H423  1 0.0562 0.0656 0.0518 0.3479 0.0567 0.0324 0.0373 0.0869 0.0566 0.2085 
        H424  1 0.0570 0.3496 0.0386 0.1398 0.0572 0.0324 0.1150 0.1582 0.0377 0.0145 
        H425  1 0.0337 0.5385 0.0589 0.0236 0.0518 0.0465 0.0376 0.1183 0.0445 0.0467 
        H426  1 0.1013 0.1575 0.0286 0.0782 0.1397 0.0409 0.0355 0.3005 0.0849 0.0329 
        H443  1 0.0218 0.0624 0.0242 0.0457 0.0384 0.1923 0.2870 0.2614 0.0273 0.0395 
        H466  1 0.0557 0.0352 0.1111 0.1100 0.2123 0.1028 0.0824 0.1813 0.0781 0.0310 
        H467  1 0.1745 0.0534 0.0328 0.0271 0.4017 0.0311 0.0233 0.0511 0.1533 0.0518 
        H472  1 0.0351 0.0286 0.0403 0.0697 0.0180 0.0191 0.0323 0.0422 0.0352 0.6794 
        H483  1 0.0557 0.0936 0.0733 0.0227 0.1293 0.2609 0.0698 0.1382 0.0161 0.1403 
        H504  1 0.1580 0.2850 0.0631 0.0306 0.0186 0.0523 0.0438 0.1970 0.0346 0.1169 
        H505  1 0.0263 0.0519 0.0890 0.0352 0.0525 0.0420 0.4689 0.0743 0.1088 0.0509 
        H506  1 0.0878 0.0317 0.0556 0.1191 0.0368 0.3068 0.0526 0.1984 0.0532 0.0581 
        H507  1 0.0895 0.1927 0.0775 0.0340 0.0275 0.0992 0.1534 0.1588 0.0914 0.0759 
        H508  1 0.0792 0.0543 0.0515 0.0735 0.0809 0.0739 0.0461 0.2481 0.2439 0.0486 
        H524  1 0.0326 0.2487 0.1546 0.0189 0.0308 0.0444 0.1726 0.0743 0.1625 0.0606 
        H525  1 0.0546 0.0275 0.0707 0.2431 0.0316 0.1171 0.1110 0.2440 0.0578 0.0426 
        H526  1 0.1334 0.0456 0.0633 0.2758 0.0236 0.0647 0.2090 0.0703 0.0199 0.0944 
        H527  1 0.0270 0.0762 0.0581 0.2228 0.0410 0.0653 0.0841 0.0878 0.2607 0.0771 
        H528  1 0.4810 0.0208 0.0618 0.0691 0.0168 0.0669 0.0370 0.1359 0.0300 0.0808 
        H529  1 0.0528 0.0796 0.0306 0.0961 0.0574 0.0445 0.1849 0.2881 0.1352 0.0307 
        H533  1 0.0819 0.0716 0.0217 0.0194 0.0278 0.0450 0.0465 0.0821 0.5744 0.0295 
        H538  1 0.0272 0.0313 0.0959 0.1671 0.0492 0.0423 0.0983 0.0789 0.0824 0.3274 
        H539  1 0.0131 0.7500 0.0270 0.0358 0.0155 0.0271 0.0528 0.0252 0.0416 0.0121 
        H540  1 0.1074 0.2076 0.0432 0.1231 0.1235 0.0880 0.0451 0.1317 0.0732 0.0571 
        H541  1 0.0419 0.0294 0.0711 0.0659 0.0385 0.2306 0.2000 0.0839 0.1865 0.0522 
        H558  1 0.0309 0.6848 0.0551 0.0414 0.0473 0.0179 0.0320 0.0565 0.0160 0.0181 
        H559  1 0.0340 0.0198 0.0254 0.0659 0.0201 0.5845 0.0430 0.0872 0.0280 0.0922 
        H579  1 0.0399 0.2661 0.0324 0.2991 0.0241 0.1553 0.0210 0.1148 0.0176 0.0297 
        H584  1 0.1585 0.0597 0.0411 0.0926 0.1268 0.0989 0.0445 0.2446 0.0500 0.0833 
        H585  1 0.2625 0.0370 0.0752 0.0783 0.0519 0.0489 0.1759 0.1702 0.0792 0.0209 
        H605  1 0.0367 0.1353 0.0615 0.0603 0.0877 0.0637 0.3156 0.1145 0.0750 0.0497 
        H606  1 0.0194 0.0320 0.0191 0.0720 0.0264 0.5233 0.0850 0.0484 0.0377 0.1367 
        H632  1 0.1535 0.0360 0.1798 0.0747 0.0608 0.0910 0.0287 0.1448 0.0377 0.1932 
        H634  1 0.1136 0.2394 0.0536 0.0871 0.0325 0.1146 0.1223 0.1232 0.0468 0.0669 
        H671  1 0.1036 0.0215 0.0317 0.0601 0.0261 0.0356 0.0509 0.0580 0.0942 0.5184 
        H672  1 0.0305 0.0356 0.4608 0.0269 0.0194 0.1791 0.0590 0.0569 0.0803 0.0514 
        H673  1 0.0188 0.0526 0.0765 0.0636 0.0459 0.0719 0.3240 0.2851 0.0153 0.0463 
        H689  1 0.0624 0.0430 0.0676 0.0766 0.1813 0.1683 0.0493 0.2157 0.0322 0.1036 
        H690  1 0.0265 0.0449 0.0239 0.1791 0.1455 0.0716 0.3645 0.0491 0.0754 0.0195 
        H691  1 0.0338 0.0295 0.1641 0.0421 0.0893 0.3973 0.0747 0.0697 0.0457 0.0538 
        H692  1 0.0376 0.0331 0.1827 0.0416 0.0402 0.0875 0.0356 0.4927 0.0138 0.0352 
        H709  1 0.0469 0.0395 0.0557 0.0694 0.0505 0.1736 0.1356 0.1526 0.2337 0.0427 
        H710  1 0.1266 0.0337 0.0522 0.1912 0.0420 0.0553 0.0479 0.4011 0.0254 0.0244 
       H7355  1 0.1264 0.0396 0.0296 0.3184 0.0600 0.1032 0.0386 0.0937 0.0459 0.1448 
       H7356  1 0.0231 0.0843 0.0634 0.1567 0.2862 0.0349 0.0387 0.1451 0.1393 0.0284 
       H7357  1 0.0569 0.1043 0.0189 0.0382 0.0541 0.1265 0.1436 0.0711 0.1370 0.2492 
       H7358  1 0.0256 0.1683 0.0966 0.0390 0.0179 0.1327 0.1152 0.0744 0.0191 0.3111 
       H7380  1 0.0912 0.0351 0.0241 0.2806 0.0535 0.1520 0.0628 0.1138 0.0613 0.1256 
       H7381  1 0.0500 0.0334 0.0463 0.0844 0.0433 0.0226 0.0843 0.3479 0.1248 0.1629 
       H7382  1 0.0458 0.0443 0.1264 0.1455 0.0568 0.2981 0.0283 0.1505 0.0293 0.0749 
        H904  1 0.0234 0.0317 0.0162 0.0395 0.0714 0.6108 0.0478 0.0316 0.0345 0.0930 
        H923  1 0.1766 0.1604 0.1104 0.0870 0.0561 0.0271 0.0865 0.1498 0.0465 0.0996 
        H924  1 0.0314 0.1356 0.0623 0.1467 0.0626 0.0746 0.2742 0.0707 0.0217 0.1203 
        H925  1 0.0223 0.0339 0.0355 0.0183 0.0147 0.0434 0.7632 0.0275 0.0189 0.0223 
       H9558  1 0.0291 0.7500 0.0368 0.0341 0.0440 0.0146 0.0214 0.0387 0.0143 0.0169 
      H105.1  1 0.1434 0.0416 0.0497 0.0355 0.1920 0.0447 0.0658 0.3373 0.0647 0.0252 
      H115.1  1 0.0641 0.0506 0.0255 0.0397 0.0316 0.1398 0.5638 0.0384 0.0304 0.0161 
      H145.1  1 0.0518 0.0336 0.0175 0.3238 0.0205 0.1922 0.0308 0.0691 0.0308 0.2299 
      H149.1  1 0.0118 0.0130 0.0119 0.0122 0.0130 0.8867 0.0154 0.0127 0.0122 0.0113 
      H150.1  1 0.0413 0.5410 0.0212 0.0638 0.0263 0.0221 0.0346 0.1457 0.0525 0.0513 
   H169607.1  1 0.0918 0.0716 0.0580 0.1263 0.0188 0.2036 0.0610 0.0805 0.1215 0.1670 
   H169633.1  1 0.0317 0.0716 0.0552 0.0183 0.0300 0.6306 0.0365 0.0483 0.0134 0.0643 
   H169688.1  1 0.0291 0.0318 0.2578 0.0497 0.0144 0.2363 0.1838 0.1223 0.0179 0.0568 
   H171901.1  1 0.4219 0.0564 0.0767 0.0491 0.0285 0.1286 0.0161 0.0812 0.0911 0.0503 
   H171902.1  1 0.0305 0.0685 0.0213 0.2643 0.0339 0.2626 0.0734 0.0706 0.0290 0.1459 
   H171903.1  1 0.0222 0.0275 0.0347 0.4880 0.0783 0.0234 0.0664 0.0876 0.1412 0.0307 
      H177.1  1 0.0187 0.0437 0.1678 0.0534 0.0780 0.2626 0.1812 0.0759 0.0364 0.0823 
      H179.1  1 0.1065 0.0704 0.0427 0.0295 0.0233 0.1544 0.2439 0.0624 0.1044 0.1626 
      H180.1  1 0.0240 0.0651 0.0553 0.1337 0.1001 0.0735 0.0944 0.3423 0.0533 0.0585 
      H181.1  1 0.0389 0.0550 0.0317 0.0264 0.2619 0.3639 0.0410 0.0883 0.0315 0.0612 
 H194.1_2004  1 0.0370 0.0743 0.0553 0.2482 0.1283 0.0836 0.0667 0.2390 0.0372 0.0305 
 H195.1_2003  1 0.0513 0.0591 0.1830 0.1196 0.0352 0.1159 0.0278 0.1942 0.1842 0.0297 
 H195.1_2004  1 0.0380 0.0171 0.0596 0.0268 0.0329 0.1896 0.0396 0.0439 0.0200 0.5325 
      H415.1  1 0.1038 0.0874 0.0368 0.0395 0.0529 0.2309 0.2382 0.1197 0.0450 0.0456 
      H506.1  1 0.0930 0.0204 0.0334 0.0260 0.0160 0.5247 0.0968 0.0946 0.0490 0.0461 
      H533.1  1 0.1308 0.0875 0.0187 0.0207 0.0238 0.2229 0.2330 0.1086 0.0739 0.0801 
      H535.1  1 0.0333 0.0623 0.0468 0.1172 0.2320 0.0976 0.1954 0.1103 0.0634 0.0417 
      H539.1  1 0.0231 0.5873 0.0179 0.1932 0.0363 0.0239 0.0500 0.0327 0.0131 0.0223 
      H540.1  1 0.0235 0.6469 0.0229 0.0895 0.0349 0.0250 0.0250 0.0445 0.0541 0.0336 
     H9558.1  1 0.0339 0.7394 0.0341 0.0567 0.0209 0.0286 0.0192 0.0287 0.0156 0.0230 
    kos339.1  1 0.0215 0.0201 0.0270 0.0469 0.0375 0.6474 0.0453 0.0503 0.0700 0.0341 
        D023  2 0.0193 0.1596 0.0151 0.0157 0.0129 0.7076 0.0186 0.0202 0.0206 0.0104 
        D130  2 0.0134 0.4602 0.0451 0.0508 0.1425 0.0465 0.0822 0.0488 0.0910 0.0195 
        D131  2 0.1447 0.0293 0.0651 0.0440 0.0586 0.0579 0.2501 0.1976 0.0883 0.0645 
        D163  2 0.0408 0.3583 0.0162 0.0205 0.0914 0.1848 0.0413 0.1179 0.0731 0.0556 
        D164  2 0.0110 0.6779 0.2229 0.0121 0.0136 0.0139 0.0142 0.0143 0.0093 0.0109 
        D165  2 0.0377 0.1180 0.0197 0.0149 0.0212 0.7152 0.0129 0.0239 0.0232 0.0133 
        D166  2 0.0733 0.0951 0.0325 0.3900 0.0636 0.0268 0.0344 0.1313 0.1329 0.0201 
        D167  2 0.0238 0.0208 0.8191 0.0250 0.0124 0.0137 0.0182 0.0198 0.0236 0.0238 
        D192  2 0.0263 0.0272 0.7872 0.0322 0.0246 0.0160 0.0141 0.0246 0.0275 0.0203 
        D193  2 0.1232 0.0568 0.0244 0.0547 0.1820 0.0191 0.1147 0.2072 0.1147 0.1033 
        D206  2 0.0385 0.0359 0.0585 0.0270 0.0351 0.0216 0.7029 0.0441 0.0161 0.0205 
        D207  2 0.0477 0.0247 0.4882 0.0582 0.0746 0.0695 0.0325 0.1311 0.0471 0.0264 
        D208  2 0.0722 0.0316 0.0429 0.0908 0.0297 0.0660 0.0550 0.0604 0.3937 0.1577 
        D209  2 0.0598 0.1920 0.3846 0.0490 0.0339 0.0481 0.0543 0.1385 0.0210 0.0188 
        D210  2 0.0593 0.0215 0.0504 0.0312 0.0977 0.1754 0.0330 0.0399 0.0437 0.4479 
     D229599  2 0.4345 0.0455 0.0394 0.0557 0.0305 0.1227 0.0915 0.1011 0.0432 0.0359 
     D229600  2 0.0197 0.3308 0.2217 0.0580 0.1110 0.0543 0.0487 0.0750 0.0635 0.0175 
     D237227  2 0.0646 0.1307 0.1383 0.0377 0.0324 0.0516 0.0415 0.0927 0.0648 0.3457 
     D237228  2 0.0567 0.2586 0.0698 0.0452 0.0469 0.0205 0.0203 0.1309 0.0186 0.3326 
     D237258  2 0.0998 0.0321 0.1015 0.0537 0.0299 0.4840 0.0417 0.0931 0.0300 0.0342 
     D237310  2 0.0279 0.2791 0.0805 0.1047 0.1912 0.0219 0.0132 0.0902 0.1087 0.0826 
     D237311  2 0.0796 0.3086 0.2696 0.0621 0.0645 0.0248 0.0249 0.1005 0.0327 0.0328 
     D237312  2 0.0448 0.0680 0.0273 0.1652 0.3724 0.0387 0.0453 0.0930 0.0718 0.0735 
     D237313  2 0.0498 0.1149 0.0188 0.0374 0.0808 0.0247 0.4551 0.0642 0.0458 0.1086 
     D237322  2 0.0801 0.0298 0.0388 0.0576 0.0641 0.0310 0.0362 0.1869 0.2979 0.1777 
     D237323  2 0.0534 0.2485 0.1272 0.0342 0.0535 0.0339 0.0156 0.0759 0.1613 0.1965 
     D237324  2 0.0766 0.1285 0.1153 0.0395 0.0616 0.0493 0.0263 0.4143 0.0681 0.0205 
     D237325  2 0.0279 0.1611 0.1291 0.0446 0.2070 0.0389 0.0497 0.0802 0.1263 0.1352 
     D237326  2 0.0854 0.5078 0.0645 0.0210 0.0405 0.0582 0.0546 0.0832 0.0240 0.0609 
     D237327  2 0.3031 0.0197 0.0747 0.0420 0.0708 0.0701 0.0166 0.0830 0.2866 0.0335 
     D237337  2 0.0489 0.4153 0.0342 0.0367 0.1149 0.0200 0.0703 0.0882 0.0615 0.1100 
     D237338  2 0.1184 0.0838 0.1046 0.0493 0.1422 0.0429 0.0611 0.1417 0.1562 0.0998 
     D237339  2 0.0987 0.0531 0.2741 0.0260 0.0293 0.0457 0.0939 0.1548 0.2013 0.0232 
     D237340  2 0.0770 0.0981 0.3196 0.0705 0.0568 0.0319 0.0321 0.1121 0.0622 0.1396 
     D237389  2 0.0443 0.3743 0.1239 0.0871 0.1378 0.0271 0.0223 0.1146 0.0442 0.0244 
     D237390  2 0.2010 0.0597 0.0626 0.0989 0.1902 0.0332 0.0759 0.1187 0.0747 0.0852 
     D244017  2 0.0309 0.0359 0.6187 0.0334 0.0146 0.0286 0.0355 0.0598 0.0413 0.1012 
     D244112  2 0.0518 0.1033 0.5881 0.0367 0.0364 0.0260 0.0142 0.0746 0.0460 0.0230 
     D244118  2 0.0286 0.4003 0.3472 0.0186 0.0229 0.0287 0.0151 0.0421 0.0761 0.0204 
     D244119  2 0.0179 0.0224 0.3777 0.0207 0.0172 0.0250 0.0245 0.0254 0.0219 0.4473 
     D244120  2 0.2329 0.0371 0.2007 0.1820 0.1447 0.0307 0.0147 0.0843 0.0346 0.0383 
     D244122  2 0.0290 0.1014 0.3580 0.1289 0.0682 0.0488 0.0673 0.0837 0.0744 0.0403 
        D291  2 0.4173 0.0364 0.0337 0.1001 0.0214 0.0357 0.0635 0.1745 0.0948 0.0225 
        D292  2 0.3667 0.0624 0.0790 0.0277 0.0287 0.1181 0.1447 0.0587 0.0513 0.0627 
        D293  2 0.0478 0.0124 0.7197 0.0145 0.0149 0.0769 0.0323 0.0374 0.0267 0.0175 
        D322  2 0.0373 0.0387 0.4386 0.0166 0.0262 0.3270 0.0220 0.0492 0.0267 0.0177 
        D323  2 0.0518 0.0341 0.2521 0.0969 0.0259 0.0326 0.2677 0.1349 0.0553 0.0486 
        D324  2 0.3588 0.0718 0.0309 0.0541 0.0683 0.2133 0.0442 0.0940 0.0169 0.0476 
        D325  2 0.0860 0.0142 0.7241 0.0149 0.0272 0.0397 0.0268 0.0257 0.0285 0.0131 
        D326  2 0.0685 0.0114 0.0191 0.0216 0.0144 0.0536 0.7350 0.0391 0.0139 0.0234 
        D340  2 0.0284 0.0199 0.7856 0.0248 0.0304 0.0250 0.0221 0.0238 0.0139 0.0261 
        D341  2 0.0361 0.0383 0.3017 0.0313 0.2515 0.0237 0.0493 0.0431 0.1567 0.0682 
        D342  2 0.0277 0.3747 0.0390 0.0485 0.2477 0.0701 0.0395 0.1091 0.0249 0.0188 
        D343  2 0.0141 0.0094 0.8826 0.0087 0.0154 0.0173 0.0138 0.0135 0.0135 0.0116 
        D344  2 0.0567 0.0373 0.0389 0.1240 0.0603 0.0195 0.5255 0.0910 0.0242 0.0226 
        D345  2 0.0602 0.5288 0.0225 0.0380 0.0182 0.0615 0.0754 0.1173 0.0333 0.0447 
        D346  2 0.0353 0.0200 0.1058 0.2817 0.0635 0.0778 0.0578 0.0455 0.0168 0.2958 
        D351  2 0.2473 0.0345 0.0496 0.0701 0.0250 0.1872 0.1150 0.1638 0.0807 0.0268 
        D352  2 0.2937 0.0256 0.1529 0.1285 0.0205 0.0363 0.0467 0.1855 0.0365 0.0738 
        D353  2 0.0448 0.0181 0.0525 0.2229 0.0213 0.0193 0.2467 0.3292 0.0271 0.0182 
        D354  2 0.0437 0.1478 0.0287 0.2084 0.0393 0.0302 0.3401 0.0889 0.0211 0.0518 
        D362  2 0.0394 0.0362 0.0301 0.0288 0.0170 0.2948 0.4373 0.0652 0.0286 0.0226 
        D363  2 0.0385 0.0305 0.0363 0.0391 0.0149 0.3747 0.3683 0.0477 0.0183 0.0316 
        D364  2 0.0329 0.0464 0.0270 0.0471 0.0451 0.0288 0.6855 0.0547 0.0143 0.0182 
        D365  2 0.0107 0.0100 0.8835 0.0106 0.0163 0.0150 0.0148 0.0126 0.0115 0.0150 
        D369  2 0.1380 0.0207 0.2392 0.0353 0.0345 0.3182 0.0625 0.0751 0.0183 0.0582 
        D374  2 0.0334 0.0785 0.0301 0.1062 0.0269 0.0192 0.0794 0.1016 0.0272 0.4974 
        D375  2 0.1042 0.0649 0.0493 0.2130 0.0529 0.0233 0.2690 0.1748 0.0289 0.0197 
        D376  2 0.0296 0.1020 0.0522 0.0859 0.1010 0.0261 0.0452 0.1109 0.0244 0.4228 
        D377  2 0.1256 0.1216 0.0475 0.2529 0.1152 0.0376 0.0969 0.0988 0.0332 0.0707 
        D378  2 0.0307 0.0212 0.1406 0.0294 0.0247 0.5743 0.0636 0.0524 0.0427 0.0204 
        D379  2 0.0188 0.0184 0.0176 0.0155 0.0333 0.0156 0.8200 0.0256 0.0181 0.0171 
        D384  2 0.0197 0.0159 0.0123 0.0135 0.0153 0.0246 0.8380 0.0164 0.0140 0.0302 
        D385  2 0.0141 0.0156 0.8206 0.0292 0.0213 0.0174 0.0183 0.0232 0.0141 0.0262 
        D386  2 0.0204 0.0664 0.0626 0.1011 0.0276 0.2355 0.3504 0.0703 0.0481 0.0176 
        D391  2 0.0300 0.0162 0.7709 0.0255 0.0189 0.0267 0.0262 0.0238 0.0322 0.0296 
        D392  2 0.0601 0.0779 0.6378 0.0288 0.0197 0.0458 0.0408 0.0421 0.0197 0.0274 
        D393  2 0.1136 0.0244 0.0449 0.0317 0.0380 0.5800 0.0805 0.0351 0.0282 0.0234 
        D394  2 0.2137 0.1462 0.1290 0.0488 0.0770 0.1106 0.0495 0.1372 0.0475 0.0405 
        D395  2 0.0386 0.0170 0.7351 0.0230 0.0275 0.0316 0.0207 0.0629 0.0227 0.0208 
        D401  2 0.0489 0.4728 0.1429 0.0549 0.0291 0.0228 0.0291 0.1331 0.0194 0.0470 
        D402  2 0.0559 0.0285 0.6364 0.0544 0.0468 0.0341 0.0254 0.0416 0.0308 0.0461 
        D403  2 0.0189 0.0449 0.0128 0.0318 0.0339 0.0238 0.6730 0.0974 0.0447 0.0189 
        D415  2 0.0193 0.0282 0.0619 0.0349 0.0775 0.0440 0.5743 0.1013 0.0316 0.0271 
        D435  2 0.0975 0.0387 0.1913 0.0380 0.0937 0.3336 0.0915 0.0696 0.0189 0.0272 
        D436  2 0.1123 0.0234 0.0347 0.1349 0.0438 0.0309 0.4073 0.0671 0.0924 0.0531 
        D438  2 0.0172 0.0324 0.7828 0.0281 0.0236 0.0233 0.0206 0.0223 0.0150 0.0347 
        D439  2 0.4133 0.0583 0.0514 0.0467 0.0328 0.0519 0.0738 0.2229 0.0292 0.0198 
        D449  2 0.0714 0.0466 0.1735 0.0335 0.2671 0.0879 0.1337 0.1495 0.0142 0.0225 
        D450  2 0.0667 0.0345 0.0202 0.3895 0.0516 0.1286 0.0497 0.1118 0.0521 0.0952 
        D456  2 0.0247 0.0170 0.0132 0.0169 0.0202 0.0379 0.8039 0.0289 0.0187 0.0186 
        D462  2 0.0508 0.0160 0.7515 0.0270 0.0141 0.0271 0.0361 0.0282 0.0322 0.0170 
        D463  2 0.0196 0.0114 0.0142 0.0216 0.0153 0.0184 0.8330 0.0286 0.0155 0.0224 
        D464  2 0.0193 0.0180 0.2156 0.1964 0.0309 0.0506 0.1598 0.2329 0.0448 0.0315 
        D465  2 0.0296 0.0307 0.6963 0.0431 0.0285 0.0567 0.0273 0.0453 0.0151 0.0274 
        D473  2 0.0326 0.0714 0.0413 0.1032 0.0424 0.0995 0.0290 0.0381 0.0496 0.4929 
        D474  2 0.1255 0.0255 0.0295 0.0228 0.0342 0.6295 0.0521 0.0290 0.0157 0.0361 
        D476  2 0.1668 0.1332 0.1527 0.0292 0.0431 0.0552 0.0701 0.1282 0.2001 0.0215 
        D477  2 0.1797 0.0399 0.0548 0.1176 0.0602 0.1643 0.1529 0.0781 0.0385 0.1141 
        D478  2 0.1604 0.0551 0.0664 0.1112 0.0285 0.1551 0.0881 0.2288 0.0510 0.0553 
        D480  2 0.0271 0.0160 0.1239 0.0456 0.1464 0.1669 0.2576 0.0680 0.0872 0.0614 
        D481  2 0.2490 0.1167 0.1253 0.0387 0.0207 0.1159 0.1271 0.1090 0.0321 0.0655 
        D482  2 0.2386 0.0742 0.0615 0.1034 0.0444 0.0347 0.0588 0.1286 0.1058 0.1501 
        D483  2 0.0155 0.0203 0.8133 0.0154 0.0175 0.0188 0.0236 0.0213 0.0240 0.0302 
        D484  2 0.2019 0.0391 0.1624 0.2154 0.0314 0.0491 0.0213 0.1430 0.0751 0.0613 
        D510  2 0.0668 0.0308 0.0302 0.0780 0.0479 0.0291 0.0398 0.0631 0.0329 0.5814 
        D511  2 0.0999 0.0283 0.3326 0.0426 0.0233 0.2131 0.1219 0.0616 0.0454 0.0314 
        D512  2 0.0309 0.2271 0.4680 0.0458 0.0590 0.0203 0.0183 0.0842 0.0284 0.0180 
        D513  2 0.0800 0.0530 0.3703 0.0933 0.0367 0.0435 0.1237 0.0947 0.0292 0.0756 
        D635  2 0.0277 0.0271 0.0264 0.0153 0.0146 0.8066 0.0263 0.0264 0.0158 0.0137 
        D636  2 0.0125 0.7633 0.0181 0.0287 0.0112 0.0848 0.0265 0.0222 0.0162 0.0164 
        D637  2 0.0764 0.0391 0.2418 0.1277 0.1406 0.0461 0.0656 0.0992 0.0743 0.0890 
        D658  2 0.0236 0.0431 0.5764 0.0495 0.0798 0.0246 0.0326 0.0499 0.0577 0.0628 
        D659  2 0.1006 0.0278 0.0206 0.0629 0.0621 0.5500 0.0504 0.0639 0.0268 0.0348 
        D677  2 0.0936 0.0391 0.0353 0.0328 0.1030 0.0451 0.4989 0.0530 0.0786 0.0207 
        D678  2 0.0208 0.1694 0.4583 0.1392 0.0400 0.0200 0.0200 0.0958 0.0211 0.0153 
        D679  2 0.1558 0.0323 0.0415 0.1397 0.0753 0.0916 0.2362 0.1142 0.0371 0.0762 
        D719  2 0.1212 0.0262 0.1631 0.0325 0.0198 0.0806 0.0987 0.0740 0.0475 0.3364 
        D720  2 0.0388 0.0553 0.0365 0.0297 0.0231 0.0863 0.5454 0.0550 0.0360 0.0939 
        D721  2 0.0311 0.1125 0.0645 0.0275 0.0562 0.5831 0.0242 0.0571 0.0225 0.0212 
        D722  2 0.0750 0.1371 0.0857 0.1064 0.0258 0.0252 0.0623 0.2006 0.0377 0.2442 
        D734  2 0.0564 0.0192 0.2449 0.2151 0.0457 0.0394 0.0375 0.0534 0.0757 0.2127 
        D735  2 0.0470 0.0792 0.0582 0.0448 0.0532 0.3170 0.1476 0.1037 0.0538 0.0954 
        D736  2 0.2103 0.0459 0.0403 0.0401 0.0872 0.2506 0.0240 0.0655 0.0271 0.2089 
        D737  2 0.0666 0.0529 0.4776 0.0258 0.0444 0.0420 0.0302 0.0592 0.1725 0.0288 
        D807  2 0.1059 0.0261 0.0436 0.0545 0.0392 0.5123 0.0486 0.0406 0.0445 0.0847 
        D808  2 0.1516 0.1027 0.2770 0.0334 0.1044 0.0612 0.0451 0.1299 0.0647 0.0298 
        D817  2 0.0810 0.0455 0.0387 0.0843 0.0206 0.0472 0.5076 0.1119 0.0350 0.0284 
        D818  2 0.0564 0.0145 0.2291 0.0292 0.1106 0.2426 0.0375 0.1155 0.1322 0.0323 
        D819  2 0.1726 0.0409 0.1227 0.1503 0.0222 0.1655 0.1155 0.1574 0.0251 0.0277 
        D820  2 0.0437 0.0201 0.0654 0.0645 0.0395 0.3119 0.2666 0.0689 0.0953 0.0239 
        D895  2 0.0420 0.1025 0.0253 0.1469 0.0370 0.3265 0.1007 0.1481 0.0347 0.0363 
        D896  2 0.0352 0.6025 0.0615 0.0383 0.0365 0.0235 0.0273 0.0638 0.0460 0.0654 
        D897  2 0.0572 0.1031 0.0902 0.0298 0.4239 0.0459 0.0361 0.1113 0.0659 0.0368 
        D898  2 0.5116 0.0587 0.0238 0.0588 0.0648 0.0217 0.0392 0.1093 0.0631 0.0491 
        D918  2 0.0472 0.0637 0.1290 0.1647 0.1361 0.0315 0.0746 0.1189 0.1546 0.0796 
        D919  2 0.3958 0.0240 0.0666 0.0294 0.0183 0.0995 0.1190 0.1331 0.0923 0.0219 
        D920  2 0.0263 0.5509 0.0225 0.0173 0.0452 0.0201 0.0374 0.0462 0.2027 0.0313 
        D923  2 0.0416 0.0213 0.0396 0.0882 0.0248 0.0718 0.6063 0.0694 0.0161 0.0210 
        D930  2 0.0316 0.0477 0.0264 0.3315 0.1043 0.0562 0.1564 0.0869 0.0204 0.1386 
        D931  2 0.0481 0.0245 0.4035 0.0474 0.0417 0.2500 0.0689 0.0429 0.0403 0.0328 
        D968  2 0.1803 0.0172 0.6487 0.0175 0.0118 0.0184 0.0324 0.0347 0.0189 0.0201 
        D969  2 0.0940 0.0190 0.0962 0.0274 0.0814 0.4255 0.1143 0.0665 0.0434 0.0324 
        D977  2 0.0255 0.0218 0.7020 0.0271 0.0596 0.0255 0.0332 0.0385 0.0402 0.0266 
        D978  2 0.0706 0.0149 0.0571 0.0914 0.2559 0.0572 0.0944 0.1561 0.1535 0.0489 
        H008  2 0.1088 0.0352 0.0470 0.1121 0.0212 0.0505 0.4666 0.0910 0.0238 0.0438 
        H021  2 0.0291 0.0448 0.1118 0.0387 0.4104 0.1640 0.0364 0.0510 0.0814 0.0322 
        H023  2 0.0312 0.0552 0.0165 0.0256 0.0287 0.0370 0.5551 0.0450 0.1047 0.1009 
        H024  2 0.2595 0.1053 0.1288 0.0488 0.1454 0.0266 0.0347 0.1919 0.0224 0.0367 
        H025  2 0.0305 0.0675 0.0472 0.5312 0.0268 0.0162 0.1729 0.0531 0.0277 0.0268 
        H026  2 0.3089 0.0300 0.1755 0.0299 0.0368 0.0670 0.0977 0.2106 0.0209 0.0226 
        H027  2 0.0301 0.0393 0.2336 0.0209 0.0694 0.2201 0.0911 0.0741 0.1539 0.0676 
        H028  2 0.1432 0.2369 0.0505 0.0475 0.1081 0.0556 0.1010 0.1604 0.0257 0.0712 
        H029  2 0.2388 0.0351 0.2065 0.0224 0.0139 0.2178 0.1233 0.0870 0.0292 0.0259 
        H030  2 0.0287 0.0216 0.7639 0.0350 0.0355 0.0194 0.0159 0.0319 0.0279 0.0203 
        H038  2 0.0290 0.3035 0.0271 0.0317 0.0274 0.1146 0.1702 0.0533 0.2181 0.0250 
        H039  2 0.0368 0.0877 0.0170 0.3253 0.0410 0.0242 0.0748 0.0510 0.0424 0.2997 
        H040  2 0.0261 0.0638 0.0185 0.0161 0.0128 0.0298 0.0419 0.0268 0.7433 0.0209 
        H041  2 0.2585 0.0271 0.1782 0.0860 0.0351 0.0620 0.1881 0.0835 0.0229 0.0587 
        H042  2 0.0358 0.1078 0.0307 0.4625 0.0280 0.0309 0.0981 0.0713 0.0843 0.0504 
        H043  2 0.0236 0.7231 0.0215 0.0703 0.0170 0.0285 0.0302 0.0344 0.0262 0.0252 
        H044  2 0.1043 0.3830 0.0772 0.0829 0.0473 0.0323 0.0209 0.1423 0.0182 0.0915 
        H047  2 0.0851 0.5266 0.0307 0.0418 0.0638 0.0277 0.0763 0.0623 0.0312 0.0545 
        H050  2 0.0373 0.0476 0.4641 0.0374 0.0439 0.0833 0.0321 0.0964 0.1181 0.0399 
        H058  2 0.0831 0.2137 0.0719 0.0435 0.0870 0.0709 0.0487 0.2084 0.1392 0.0335 
        H062  2 0.0219 0.1913 0.0275 0.2051 0.0975 0.0631 0.1926 0.0510 0.0528 0.0972 
        H063  2 0.1015 0.1247 0.3193 0.0521 0.0294 0.0916 0.0789 0.0858 0.0678 0.0490 
        H065  2 0.0159 0.0236 0.0127 0.0236 0.0183 0.0155 0.8206 0.0182 0.0163 0.0353 
        H066  2 0.2021 0.4716 0.0543 0.0190 0.0480 0.0432 0.0268 0.0446 0.0712 0.0192 
        H067  2 0.1035 0.0316 0.0502 0.0432 0.1330 0.1250 0.0725 0.0935 0.0416 0.3059 
        H068  2 0.0478 0.0481 0.0593 0.0356 0.0442 0.0162 0.0538 0.0730 0.0949 0.5270 
        H069  2 0.0305 0.1797 0.3964 0.0246 0.0114 0.0298 0.1001 0.0512 0.1359 0.0405 
        H071  2 0.0268 0.0238 0.0338 0.1146 0.0492 0.1122 0.4060 0.1033 0.0626 0.0677 
        H072  2 0.0613 0.0439 0.0442 0.5077 0.0284 0.0179 0.0696 0.0405 0.0467 0.1398 
        H073  2 0.0422 0.0491 0.0612 0.0543 0.0811 0.0531 0.2474 0.1784 0.2044 0.0287 
        H081  2 0.0448 0.0239 0.0331 0.3418 0.0328 0.0434 0.2942 0.0521 0.0392 0.0948 
        H082  2 0.0441 0.1215 0.5776 0.0550 0.0229 0.0398 0.0377 0.0626 0.0173 0.0216 
        H083  2 0.0229 0.0311 0.6825 0.0363 0.0660 0.0328 0.0429 0.0457 0.0200 0.0199 
        H084  2 0.1973 0.0650 0.0698 0.0419 0.0844 0.0499 0.0356 0.1440 0.2263 0.0859 
        H085  2 0.0224 0.0180 0.4030 0.1162 0.0264 0.1437 0.1649 0.0424 0.0248 0.0382 
        H087  2 0.1227 0.0295 0.0385 0.1862 0.1615 0.1030 0.2083 0.0743 0.0237 0.0523 
        H088  2 0.0572 0.0515 0.0625 0.1515 0.0458 0.1805 0.2578 0.0865 0.0524 0.0542 
        H089  2 0.0612 0.0719 0.1181 0.0441 0.0392 0.1644 0.1256 0.1147 0.0719 0.1890 
        H090  2 0.0661 0.0223 0.7674 0.0226 0.0255 0.0209 0.0177 0.0236 0.0103 0.0237 
        H091  2 0.0190 0.0140 0.7490 0.0257 0.0183 0.0405 0.0298 0.0303 0.0447 0.0287 
