        D174  1 0.0522 0.1816 0.0514 0.0558 0.1050 0.0217 0.0623 0.0654 0.0334 0.0533 0.0796 0.2381 
        D199  1 0.0436 0.0606 0.0300 0.0921 0.0181 0.0422 0.3672 0.0767 0.0308 0.1328 0.0269 0.0789 
        D203  1 0.1297 0.1333 0.0638 0.0717 0.0995 0.0692 0.0948 0.0876 0.0591 0.0648 0.0767 0.0498 
        D204  1 0.1147 0.0849 0.0274 0.0175 0.0131 0.0231 0.0183 0.0280 0.0590 0.5674 0.0279 0.0187 
     D237366  1 0.0416 0.0630 0.0167 0.1714 0.1916 0.0285 0.0395 0.0464 0.2462 0.0264 0.0767 0.0520 
     D237367  1 0.2102 0.2065 0.0301 0.0653 0.0213 0.0182 0.0187 0.0726 0.2005 0.0592 0.0619 0.0354 
     D237368  1 0.1136 0.0499 0.0382 0.3526 0.0318 0.0245 0.0972 0.0870 0.0236 0.0773 0.0347 0.0697 
     D244101  1 0.4451 0.1151 0.0348 0.0238 0.0184 0.1077 0.0255 0.0486 0.0233 0.0835 0.0566 0.0176 
     D244102  1 0.0386 0.0551 0.1388 0.0502 0.0305 0.0737 0.0976 0.0933 0.2856 0.0504 0.0484 0.0377 
     D244103  1 0.0272 0.5150 0.0237 0.0311 0.0943 0.0194 0.0301 0.0587 0.0169 0.0275 0.1248 0.0313 
     D244104  1 0.0456 0.1489 0.0359 0.0578 0.0315 0.0586 0.0443 0.0348 0.0165 0.4167 0.0428 0.0666 
     D244105  1 0.0179 0.1366 0.0948 0.2042 0.1506 0.0433 0.0256 0.1963 0.0419 0.0214 0.0475 0.0198 
     D244106  1 0.0534 0.0314 0.0216 0.0245 0.3161 0.0268 0.0897 0.0457 0.0453 0.1200 0.0335 0.1919 
     D244107  1 0.0606 0.0432 0.3867 0.1244 0.0264 0.0663 0.0220 0.1055 0.0217 0.0739 0.0543 0.0150 
     D244108  1 0.0375 0.0306 0.3725 0.0385 0.0207 0.0350 0.0391 0.0618 0.0536 0.0782 0.0395 0.1930 
     D244113  1 0.0151 0.0624 0.0323 0.0354 0.0156 0.0141 0.1578 0.0335 0.0443 0.0180 0.3756 0.1960 
     D244114  1 0.0294 0.0468 0.0347 0.0420 0.3654 0.0685 0.0709 0.1187 0.0461 0.0267 0.0643 0.0865 
     D244115  1 0.0208 0.0354 0.0640 0.0351 0.0354 0.0294 0.0561 0.0671 0.0233 0.4162 0.0508 0.1663 
     D267365  1 0.0308 0.1527 0.0296 0.1007 0.0247 0.1183 0.0663 0.0778 0.0433 0.1390 0.0708 0.1460 
        D404  1 0.0577 0.0198 0.0776 0.0187 0.0272 0.0339 0.1031 0.0553 0.1213 0.0947 0.1774 0.2133 
        D405  1 0.0219 0.0307 0.0435 0.0243 0.0252 0.0246 0.4816 0.0488 0.0367 0.1373 0.0907 0.0349 
        D406  1 0.0279 0.0475 0.0488 0.6165 0.0241 0.0190 0.0174 0.0325 0.0446 0.0352 0.0442 0.0423 
        D407  1 0.2572 0.0498 0.0197 0.0502 0.0204 0.0165 0.0192 0.0537 0.0137 0.4547 0.0199 0.0249 
        D408  1 0.0329 0.0359 0.0298 0.0164 0.0200 0.1280 0.0353 0.0538 0.0214 0.0544 0.2607 0.3113 
        D409  1 0.0221 0.1403 0.0584 0.0520 0.0315 0.0657 0.1699 0.1191 0.0225 0.0692 0.2264 0.0228 
        D410  1 0.0156 0.0449 0.6572 0.0356 0.0197 0.0186 0.0188 0.0411 0.0216 0.0632 0.0351 0.0285 
        D421  1 0.2181 0.2406 0.0134 0.0189 0.0141 0.0278 0.0167 0.0241 0.0118 0.3624 0.0139 0.0381 
        D422  1 0.0190 0.0168 0.0390 0.5298 0.1488 0.0274 0.0199 0.0499 0.0189 0.0977 0.0182 0.0146 
        D423  1 0.1666 0.0342 0.5882 0.0280 0.0186 0.0214 0.0151 0.0414 0.0168 0.0271 0.0220 0.0206 
        D424  1 0.0285 0.4305 0.0203 0.0644 0.0223 0.0163 0.0217 0.1146 0.0162 0.1983 0.0198 0.0470 
        D425  1 0.0435 0.1741 0.0801 0.0252 0.0234 0.1435 0.0630 0.1160 0.0512 0.0705 0.1572 0.0522 
        D426  1 0.0405 0.1115 0.0194 0.0402 0.1524 0.1190 0.0280 0.2505 0.0104 0.0346 0.1726 0.0208 
        D427  1 0.1806 0.1198 0.0162 0.0355 0.0178 0.0580 0.2418 0.0343 0.0147 0.1200 0.0163 0.1451 
        D428  1 0.0380 0.0280 0.0962 0.0375 0.0118 0.0253 0.0254 0.0595 0.0689 0.4999 0.0311 0.0785 
        D429  1 0.0128 0.0345 0.0177 0.0149 0.1283 0.0237 0.0578 0.0326 0.0466 0.5539 0.0144 0.0628 
        D430  1 0.0823 0.0267 0.0216 0.0438 0.1936 0.0422 0.1485 0.1062 0.0509 0.1357 0.0443 0.1042 
        D491  1 0.0283 0.0597 0.0563 0.0279 0.0272 0.0412 0.0406 0.0597 0.0279 0.0611 0.0504 0.5196 
        D492  1 0.0787 0.0874 0.0248 0.0333 0.0386 0.0190 0.0772 0.0859 0.0251 0.3778 0.0455 0.1068 
        D537  1 0.0557 0.3509 0.0482 0.0698 0.0314 0.0218 0.0343 0.0697 0.0329 0.1783 0.0732 0.0337 
        D538  1 0.0994 0.0365 0.1029 0.0927 0.0416 0.0284 0.1098 0.1780 0.0578 0.0488 0.0767 0.1274 
        D539  1 0.0190 0.0410 0.0552 0.0551 0.2343 0.0582 0.1076 0.0803 0.0855 0.0687 0.0485 0.1466 
        D540  1 0.0296 0.4145 0.0550 0.0417 0.0422 0.0599 0.0794 0.1281 0.0251 0.0412 0.0566 0.0267 
        D541  1 0.0283 0.0320 0.0176 0.0159 0.0118 0.0199 0.0140 0.0168 0.0123 0.8053 0.0132 0.0130 
        D551  1 0.0293 0.0434 0.0290 0.0342 0.4151 0.0938 0.0290 0.2036 0.0267 0.0436 0.0277 0.0247 
        D552  1 0.0436 0.0756 0.2539 0.1428 0.0576 0.0310 0.0346 0.0824 0.0266 0.1050 0.0447 0.1021 
        D553  1 0.0206 0.7902 0.0160 0.0181 0.0156 0.0226 0.0145 0.0196 0.0142 0.0322 0.0167 0.0197 
        D615  1 0.0217 0.0513 0.0690 0.0503 0.0617 0.0313 0.0934 0.0663 0.0303 0.3960 0.0784 0.0504 
        D616  1 0.0927 0.0237 0.0398 0.0652 0.0412 0.0866 0.0462 0.0826 0.0124 0.4423 0.0187 0.0485 
        D621  1 0.0181 0.0158 0.1316 0.1858 0.0217 0.0226 0.0235 0.0337 0.0294 0.0519 0.3674 0.0985 
        D622  1 0.0518 0.0484 0.0724 0.4179 0.0743 0.0459 0.0203 0.0848 0.0406 0.0483 0.0463 0.0490 
        D623  1 0.2178 0.0274 0.0408 0.0307 0.0143 0.0538 0.1966 0.0459 0.0574 0.0293 0.0383 0.2476 
        D624  1 0.0162 0.0286 0.0160 0.0386 0.0330 0.0215 0.0206 0.0618 0.0206 0.0914 0.0153 0.6364 
        D625  1 0.0193 0.0594 0.0194 0.0435 0.0306 0.0179 0.0156 0.0363 0.0265 0.6522 0.0377 0.0413 
        D626  1 0.0206 0.1332 0.0564 0.0419 0.0226 0.0470 0.0263 0.0565 0.1071 0.0319 0.0303 0.4262 
        D627  1 0.0496 0.1512 0.0170 0.0326 0.0909 0.1776 0.0220 0.2731 0.0300 0.0288 0.0800 0.0471 
        D690  1 0.0161 0.0276 0.0274 0.0235 0.0122 0.0192 0.0107 0.0174 0.0194 0.7711 0.0268 0.0285 
        D691  1 0.0495 0.0345 0.0247 0.3782 0.2532 0.0322 0.0136 0.0350 0.0487 0.0685 0.0261 0.0357 
        D710  1 0.1480 0.1041 0.0992 0.1070 0.0200 0.0901 0.0536 0.1096 0.0224 0.0819 0.0920 0.0721 
        D711  1 0.0161 0.0168 0.0186 0.0225 0.0164 0.0113 0.0135 0.0184 0.0565 0.7758 0.0142 0.0200 
        D712  1 0.0278 0.0436 0.0359 0.0749 0.0214 0.0483 0.0968 0.0480 0.0865 0.0244 0.0988 0.3936 
        D713  1 0.0301 0.0758 0.0355 0.0776 0.0276 0.0222 0.0526 0.0852 0.0291 0.0557 0.4314 0.0771 
        D746  1 0.0223 0.0376 0.0274 0.6431 0.0537 0.0245 0.0195 0.0292 0.0151 0.0757 0.0268 0.0251 
        D747  1 0.0216 0.0143 0.0120 0.0104 0.0099 0.0191 0.0142 0.0127 0.0166 0.8487 0.0101 0.0104 
        D748  1 0.0452 0.0510 0.0282 0.1095 0.3045 0.0316 0.0163 0.0414 0.0431 0.2002 0.0850 0.0440 
        D749  1 0.0251 0.0313 0.0801 0.2721 0.0486 0.0299 0.1145 0.1843 0.0226 0.0477 0.0709 0.0729 
        D750  1 0.0216 0.0205 0.0265 0.0272 0.0474 0.0225 0.0387 0.0217 0.0164 0.4895 0.0542 0.2139 
        D763  1 0.1093 0.0385 0.0461 0.1646 0.0715 0.0997 0.0573 0.1138 0.0333 0.0999 0.1287 0.0373 
        D764  1 0.0256 0.0583 0.0290 0.0532 0.0216 0.0222 0.0394 0.0399 0.0132 0.5967 0.0260 0.0748 
        D765  1 0.0137 0.0384 0.5027 0.0601 0.0528 0.0315 0.0593 0.0774 0.0404 0.0199 0.0263 0.0774 
        D766  1 0.0506 0.0579 0.3685 0.0938 0.0273 0.0259 0.0205 0.0539 0.0253 0.0679 0.1662 0.0420 
        D767  1 0.0563 0.0692 0.0647 0.0509 0.0244 0.0289 0.0391 0.0636 0.4595 0.0564 0.0587 0.0285 
        D768  1 0.0377 0.7177 0.0205 0.0236 0.0345 0.0274 0.0221 0.0309 0.0158 0.0370 0.0162 0.0166 
        D811  1 0.0358 0.0259 0.1003 0.0233 0.0204 0.0477 0.0613 0.0641 0.0288 0.0224 0.2993 0.2707 
        D816  1 0.0278 0.2922 0.0319 0.0307 0.0196 0.0207 0.0264 0.0460 0.0315 0.4119 0.0186 0.0428 
        D825  1 0.0303 0.0478 0.3148 0.0271 0.0411 0.0343 0.0410 0.1162 0.0413 0.0735 0.0425 0.1903 
        D866  1 0.0403 0.0326 0.0476 0.0429 0.0640 0.1875 0.1800 0.0775 0.0250 0.0980 0.0319 0.1728 
        D867  1 0.0481 0.0378 0.0391 0.5895 0.0291 0.0207 0.0431 0.0492 0.0159 0.0189 0.0807 0.0279 
        D871  1 0.0394 0.1377 0.0189 0.0167 0.0291 0.0304 0.0205 0.0587 0.1689 0.0725 0.3580 0.0492 
        D872  1 0.0405 0.1437 0.1370 0.1670 0.0150 0.0242 0.0398 0.0836 0.1380 0.0833 0.0798 0.0480 
        D873  1 0.0179 0.0087 0.8098 0.0208 0.0183 0.0123 0.0317 0.0207 0.0164 0.0161 0.0153 0.0119 
        D874  1 0.1389 0.0658 0.0152 0.0206 0.0244 0.0212 0.0263 0.0348 0.0423 0.1070 0.4178 0.0858 
        D875  1 0.0372 0.0701 0.0525 0.0633 0.1346 0.0380 0.0255 0.1674 0.0390 0.0645 0.2857 0.0222 
        D876  1 0.0282 0.2912 0.0515 0.1107 0.0244 0.0313 0.0326 0.0709 0.0595 0.0689 0.1403 0.0906 
        D877  1 0.0349 0.0348 0.0543 0.0162 0.0204 0.0214 0.0751 0.1115 0.0847 0.0640 0.2790 0.2036 
        D892  1 0.0558 0.1463 0.0292 0.0868 0.2167 0.0176 0.0216 0.0558 0.0882 0.0530 0.0762 0.1529 
        D893  1 0.0510 0.2811 0.0646 0.0694 0.0369 0.0397 0.0310 0.1003 0.1526 0.0969 0.0550 0.0216 
        D894  1 0.0123 0.0128 0.0118 0.0170 0.0717 0.0240 0.0218 0.0236 0.0214 0.7518 0.0164 0.0153 
        D915  1 0.0464 0.3239 0.1262 0.0714 0.0990 0.0368 0.0254 0.0710 0.0255 0.0742 0.0540 0.0462 
        D916  1 0.0163 0.0190 0.0102 0.0128 0.0148 0.0116 0.0105 0.0135 0.0097 0.8592 0.0109 0.0114 
        D917  1 0.0450 0.0884 0.0298 0.0447 0.0169 0.1125 0.0947 0.1305 0.0205 0.1460 0.0992 0.1719 
        D925  1 0.0119 0.1943 0.4102 0.0588 0.0167 0.0249 0.0498 0.0334 0.0275 0.0722 0.0205 0.0797 
        D926  1 0.0398 0.2604 0.0592 0.0364 0.0628 0.0406 0.0257 0.1145 0.0572 0.2138 0.0346 0.0551 
        D927  1 0.3087 0.0999 0.0282 0.0808 0.0490 0.0281 0.0644 0.0923 0.0911 0.0719 0.0201 0.0655 
        D928  1 0.0249 0.0754 0.0497 0.0138 0.0101 0.0218 0.0564 0.0377 0.0169 0.0361 0.0577 0.5996 
        D929  1 0.0216 0.0378 0.0209 0.0243 0.0206 0.0179 0.0208 0.0347 0.5713 0.0206 0.1686 0.0409 
        D936  1 0.0814 0.0791 0.0412 0.0207 0.0352 0.0753 0.0303 0.0638 0.0519 0.4512 0.0427 0.0273 
        D938  1 0.0317 0.0217 0.0929 0.5645 0.0327 0.0237 0.0134 0.0278 0.0222 0.0446 0.0932 0.0316 
        D956  1 0.0198 0.0188 0.0455 0.0217 0.0761 0.0277 0.1785 0.0803 0.0364 0.1294 0.0504 0.3153 
        D957  1 0.0329 0.0640 0.4049 0.1039 0.0180 0.0345 0.0462 0.0621 0.0644 0.1005 0.0382 0.0305 
        D958  1 0.0439 0.0648 0.1176 0.1363 0.0284 0.0202 0.0185 0.0720 0.0295 0.1329 0.1900 0.1458 
        D959  1 0.2525 0.0517 0.0231 0.0432 0.0431 0.0165 0.0167 0.0954 0.0127 0.4042 0.0173 0.0238 
        D960  1 0.0184 0.0358 0.0995 0.4726 0.1355 0.0139 0.0822 0.0346 0.0273 0.0266 0.0229 0.0308 
        D989  1 0.0607 0.0351 0.0181 0.0397 0.0343 0.0447 0.3186 0.0444 0.0325 0.0753 0.0235 0.2730 
        D990  1 0.0397 0.0169 0.4922 0.0528 0.0194 0.0696 0.0212 0.0881 0.0787 0.0278 0.0134 0.0802 
        H102  1 0.0175 0.1938 0.0281 0.1579 0.0612 0.0282 0.0343 0.0567 0.0234 0.2074 0.0760 0.1155 
        H103  1 0.0303 0.0494 0.0606 0.1082 0.0178 0.0463 0.1373 0.1889 0.0539 0.2422 0.0481 0.0170 
        H104  1 0.0794 0.1601 0.0336 0.0231 0.0805 0.0592 0.0166 0.0730 0.3186 0.0484 0.0385 0.0690 
        H105  1 0.0383 0.0737 0.0606 0.0426 0.0360 0.0596 0.1292 0.0922 0.0179 0.1831 0.1062 0.1606 
        H106  1 0.0320 0.0652 0.0979 0.1104 0.2667 0.0260 0.0764 0.0623 0.1357 0.0304 0.0535 0.0435 
        H112  1 0.0553 0.0863 0.0661 0.0438 0.1486 0.0466 0.0528 0.1027 0.0502 0.0548 0.2090 0.0837 
        H113  1 0.1639 0.1021 0.0792 0.0743 0.0331 0.2346 0.0302 0.1204 0.0307 0.0339 0.0520 0.0456 
        H114  1 0.0940 0.0840 0.0853 0.0584 0.0364 0.2490 0.0349 0.0891 0.0221 0.1927 0.0329 0.0211 
        H115  1 0.0508 0.0846 0.0328 0.0710 0.1880 0.0445 0.0308 0.0711 0.0486 0.1988 0.1354 0.0435 
        H143  1 0.0258 0.2251 0.1800 0.0355 0.0338 0.0291 0.0193 0.0657 0.0153 0.2916 0.0387 0.0400 
        H144  1 0.0413 0.3364 0.0321 0.0694 0.0314 0.0224 0.0515 0.1894 0.0213 0.1435 0.0198 0.0414 
        H145  1 0.0131 0.0235 0.0348 0.0625 0.0191 0.0748 0.0431 0.0485 0.0238 0.0127 0.5226 0.1214 
        H149  1 0.0274 0.0238 0.0202 0.0137 0.1361 0.0261 0.0425 0.0258 0.0597 0.5769 0.0261 0.0216 
        H150  1 0.0377 0.0189 0.0247 0.0772 0.0776 0.0641 0.0730 0.2090 0.1414 0.0231 0.1483 0.1051 
     H167542  1 0.0244 0.6527 0.0236 0.0216 0.0367 0.0183 0.0245 0.0306 0.0248 0.0731 0.0397 0.0299 
     H169604  1 0.1474 0.0804 0.0320 0.0266 0.0447 0.1079 0.0616 0.0681 0.0727 0.0409 0.0780 0.2396 
     H169607  1 0.0325 0.0636 0.0516 0.0275 0.0476 0.0564 0.0795 0.1120 0.0592 0.0488 0.0690 0.3524 
     H169608  1 0.0189 0.0226 0.0337 0.0364 0.0229 0.0321 0.0204 0.0273 0.0207 0.0275 0.6556 0.0819 
     H169633  1 0.1388 0.1651 0.0750 0.0435 0.0646 0.1454 0.0521 0.1124 0.0202 0.0494 0.0545 0.0791 
     H169688  1 0.0672 0.0769 0.0257 0.4101 0.0135 0.0192 0.0875 0.0665 0.1072 0.0280 0.0479 0.0503 
     H169714  1 0.0294 0.0306 0.0239 0.0336 0.3214 0.0783 0.0450 0.0449 0.2489 0.0902 0.0292 0.0246 
     H171802  1 0.3711 0.0364 0.1635 0.0450 0.0633 0.0531 0.0238 0.0803 0.0431 0.0398 0.0530 0.0277 
     H171805  1 0.0248 0.0790 0.1295 0.0872 0.0752 0.0372 0.0374 0.1158 0.2560 0.0780 0.0493 0.0306 
     H171807  1 0.0502 0.0394 0.0430 0.0452 0.0879 0.0370 0.2836 0.1147 0.0455 0.0291 0.1016 0.1230 
     H171814  1 0.3971 0.0971 0.0485 0.0641 0.0127 0.0700 0.0252 0.1312 0.0257 0.0277 0.0685 0.0321 
     H171816  1 0.0707 0.0318 0.1215 0.1661 0.0421 0.0645 0.1191 0.1231 0.0636 0.0523 0.1102 0.0352 
     H171817  1 0.0302 0.0433 0.0835 0.0474 0.0293 0.0820 0.0373 0.0772 0.1639 0.1413 0.0432 0.2213 
     H171818  1 0.0277 0.0611 0.1005 0.0652 0.0846 0.0908 0.0997 0.1059 0.0700 0.2534 0.0213 0.0198 
     H171819  1 0.0737 0.0307 0.0678 0.0787 0.0214 0.4154 0.0396 0.0622 0.0360 0.0366 0.0892 0.0486 
     H171834  1 0.0156 0.0315 0.0392 0.0367 0.7153 0.0193 0.0234 0.0290 0.0128 0.0430 0.0206 0.0136 
     H171835  1 0.0725 0.0263 0.0255 0.0750 0.0370 0.0444 0.0185 0.0331 0.5310 0.0176 0.0448 0.0742 
     H171836  1 0.0730 0.0496 0.2392 0.1099 0.0332 0.0506 0.1362 0.1466 0.0231 0.0500 0.0408 0.0479 
     H171837  1 0.0752 0.3053 0.0475 0.0647 0.0503 0.0873 0.0163 0.0736 0.0296 0.0710 0.0785 0.1007 
     H171838  1 0.0267 0.0150 0.1431 0.0550 0.2143 0.0824 0.2587 0.0672 0.0370 0.0220 0.0522 0.0263 
     H171839  1 0.1528 0.0588 0.0323 0.0274 0.0547 0.1162 0.0250 0.0480 0.1522 0.0815 0.0389 0.2122 
     H171841  1 0.0164 0.0147 0.1516 0.0442 0.0187 0.0208 0.0482 0.0287 0.0194 0.0223 0.5605 0.0545 
     H171860  1 0.1509 0.0650 0.0257 0.0248 0.0395 0.0780 0.0570 0.0556 0.0361 0.0476 0.1562 0.2636 
     H171861  1 0.0175 0.1481 0.1179 0.1430 0.0267 0.0862 0.0488 0.1432 0.0236 0.1466 0.0638 0.0346 
     H171862  1 0.0658 0.0816 0.0836 0.0328 0.3005 0.0707 0.0272 0.1154 0.0367 0.0695 0.0658 0.0504 
     H171868  1 0.0283 0.2124 0.0407 0.0351 0.0449 0.0855 0.0424 0.0718 0.0372 0.3199 0.0578 0.0239 
     H171869  1 0.0398 0.0867 0.0732 0.2969 0.0577 0.0273 0.0535 0.2162 0.0280 0.0544 0.0378 0.0285 
     H171870  1 0.0464 0.0364 0.0296 0.3905 0.0700 0.0214 0.0515 0.0925 0.1560 0.0328 0.0441 0.0288 
     H171871  1 0.0587 0.0579 0.1122 0.0639 0.0805 0.0497 0.0507 0.2579 0.0707 0.0927 0.0765 0.0285 
     H171872  1 0.0560 0.0557 0.0251 0.0456 0.0366 0.1582 0.0200 0.0648 0.1107 0.0348 0.0541 0.3383 
     H171873  1 0.0564 0.0334 0.0533 0.3755 0.0772 0.0892 0.0302 0.0815 0.0894 0.0507 0.0238 0.0393 
     H171874  1 0.0415 0.0356 0.0259 0.1566 0.0374 0.1513 0.1946 0.0653 0.0224 0.1030 0.0576 0.1090 
     H171875  1 0.0568 0.1180 0.0614 0.0703 0.0164 0.1879 0.0569 0.1272 0.0172 0.1464 0.1105 0.0311 
     H171876  1 0.1196 0.0787 0.0270 0.0374 0.0277 0.0544 0.2866 0.0535 0.0246 0.0849 0.0273 0.1784 
     H171877  1 0.0224 0.6692 0.0200 0.0348 0.0242 0.0307 0.0433 0.0301 0.0253 0.0223 0.0375 0.0401 
     H171878  1 0.0567 0.0285 0.1113 0.1073 0.0264 0.0215 0.2546 0.1803 0.0971 0.0677 0.0291 0.0195 
     H171901  1 0.0511 0.0370 0.1964 0.0306 0.0171 0.0248 0.0411 0.0540 0.1314 0.1147 0.0618 0.2401 
     H171902  1 0.0188 0.0354 0.0384 0.0499 0.0734 0.0479 0.0383 0.1045 0.0389 0.1058 0.1157 0.3330 
     H171903  1 0.1099 0.0514 0.0268 0.0358 0.0923 0.1271 0.0749 0.1026 0.0275 0.2423 0.0669 0.0425 
     H171935  1 0.0298 0.0167 0.0516 0.1053 0.1049 0.0459 0.1503 0.0591 0.2025 0.0142 0.0411 0.1786 
     H171936  1 0.2029 0.1417 0.1554 0.0900 0.0521 0.0882 0.0493 0.0650 0.0246 0.0752 0.0251 0.0305 
     H171940  1 0.0217 0.2369 0.0560 0.0237 0.1110 0.0245 0.1451 0.0661 0.0347 0.0707 0.0432 0.1663 
     H171945  1 0.0568 0.0469 0.1155 0.1108 0.0615 0.0214 0.0452 0.1664 0.0372 0.0563 0.2410 0.0410 
     H171948  1 0.0279 0.0264 0.1126 0.0247 0.1137 0.0619 0.1494 0.0556 0.0326 0.0581 0.3166 0.0206 
     H171949  1 0.0638 0.0416 0.0636 0.0295 0.3097 0.0496 0.0373 0.0745 0.0856 0.0538 0.0781 0.1127 
     H171950  1 0.0241 0.0216 0.0235 0.0646 0.0344 0.0339 0.0202 0.0313 0.2688 0.3241 0.0231 0.1304 
     H171963  1 0.0327 0.0349 0.0339 0.6692 0.0160 0.0302 0.0406 0.0546 0.0182 0.0222 0.0283 0.0191 
     H171964  1 0.0463 0.0200 0.0221 0.0508 0.0460 0.1564 0.2551 0.2272 0.0561 0.0285 0.0573 0.0342 
     H171966  1 0.0188 0.0447 0.1390 0.1525 0.0607 0.2389 0.0710 0.1167 0.0416 0.0479 0.0260 0.0421 
     H171968  1 0.0164 0.0237 0.0366 0.0478 0.0393 0.0239 0.0210 0.0386 0.0257 0.3752 0.0338 0.3181 
     H171971  1 0.0194 0.0206 0.0855 0.0531 0.1202 0.1680 0.2437 0.0789 0.1217 0.0454 0.0217 0.0218 
     H171972  1 0.1074 0.0203 0.0239 0.0259 0.0179 0.0412 0.5607 0.0488 0.0204 0.0397 0.0645 0.0293 
     H171977  1 0.0556 0.1261 0.0908 0.2218 0.0297 0.0386 0.0807 0.1508 0.0510 0.0173 0.0610 0.0765 
     H171978  1 0.0223 0.0309 0.0734 0.0431 0.0715 0.0257 0.0615 0.1242 0.3380 0.0483 0.0976 0.0636 
     H171979  1 0.0427 0.0253 0.0740 0.0284 0.0782 0.1534 0.3269 0.0957 0.0302 0.0384 0.0678 0.0389 
        H176  1 0.0805 0.0633 0.0347 0.0225 0.0287 0.3172 0.0249 0.0658 0.0250 0.0811 0.1172 0.1391 
        H177  1 0.0331 0.1631 0.0845 0.1162 0.1088 0.0288 0.0377 0.0714 0.1457 0.0348 0.0937 0.0822 
        H179  1 0.0720 0.1891 0.0343 0.0166 0.0187 0.0713 0.0320 0.0465 0.1192 0.3260 0.0422 0.0320 
        H181  1 0.0276 0.0284 0.2653 0.0362 0.1309 0.0269 0.3130 0.0761 0.0152 0.0255 0.0239 0.0309 
        H182  1 0.0231 0.0624 0.1416 0.2781 0.0839 0.0608 0.0545 0.0994 0.0336 0.0365 0.0842 0.0419 
        H183  1 0.0367 0.0402 0.6120 0.0228 0.0415 0.0170 0.0892 0.0562 0.0111 0.0387 0.0174 0.0171 
        H184  1 0.0311 0.0338 0.1209 0.0415 0.1083 0.0979 0.1011 0.0950 0.0382 0.0464 0.2021 0.0837 
        H185  1 0.0717 0.1200 0.0799 0.1092 0.0599 0.0454 0.2305 0.1152 0.0296 0.0454 0.0695 0.0234 
        H186  1 0.0230 0.3508 0.0157 0.2600 0.0238 0.0213 0.0323 0.0952 0.0512 0.0679 0.0304 0.0283 
        H187  1 0.0386 0.0960 0.3294 0.1355 0.0107 0.0226 0.0568 0.0669 0.0735 0.0924 0.0622 0.0154 
        H188  1 0.0811 0.3016 0.0498 0.0229 0.0505 0.0630 0.0456 0.0736 0.0221 0.0943 0.0403 0.1551 
        H192  1 0.0291 0.0250 0.1103 0.0480 0.3414 0.0417 0.0581 0.0911 0.0701 0.0629 0.0719 0.0505 
        H193  1 0.0157 0.3107 0.0445 0.0896 0.0428 0.0271 0.1452 0.1344 0.0593 0.0331 0.0377 0.0599 
        H194  1 0.0518 0.0363 0.0428 0.0318 0.1682 0.1864 0.0531 0.0724 0.0626 0.1095 0.1534 0.0319 
        H195  1 0.0495 0.0357 0.0215 0.5497 0.0324 0.0307 0.0950 0.0596 0.0185 0.0307 0.0305 0.0462 
        H199  1 0.0565 0.0301 0.1456 0.1099 0.0329 0.0296 0.0302 0.1079 0.0183 0.0240 0.0404 0.3747 
        H200  1 0.2440 0.0533 0.1127 0.0256 0.0304 0.0891 0.0310 0.0667 0.0296 0.0867 0.0543 0.1765 
        H414  1 0.0715 0.0508 0.0894 0.0576 0.0468 0.0610 0.0491 0.1436 0.2126 0.1348 0.0383 0.0445 
        H415  1 0.1219 0.0799 0.0972 0.0301 0.0355 0.1621 0.0286 0.0935 0.0502 0.1308 0.1032 0.0672 
        H422  1 0.0283 0.0871 0.1076 0.0588 0.0238 0.0481 0.0270 0.1501 0.0321 0.1325 0.0431 0.2615 
        H423  1 0.0437 0.0278 0.0694 0.0228 0.0293 0.0393 0.0519 0.0791 0.0471 0.0473 0.4424 0.0999 
        H424  1 0.0509 0.0951 0.1951 0.0745 0.0397 0.0437 0.0384 0.2141 0.0284 0.0675 0.1388 0.0139 
        H425  1 0.0542 0.0331 0.2058 0.0917 0.0489 0.0281 0.0513 0.3050 0.0605 0.0537 0.0220 0.0456 
        H426  1 0.0228 0.0373 0.2571 0.0205 0.1324 0.1088 0.0767 0.1378 0.0637 0.0394 0.0713 0.0322 
        H443  1 0.0417 0.3598 0.0301 0.0442 0.0342 0.0247 0.0314 0.2323 0.0174 0.0847 0.0440 0.0556 
        H466  1 0.1109 0.0719 0.0673 0.0410 0.1786 0.0336 0.1213 0.1125 0.0854 0.0885 0.0670 0.0219 
        H467  1 0.0319 0.0218 0.0246 0.0910 0.1813 0.2506 0.0331 0.0567 0.1921 0.0330 0.0425 0.0414 
        H472  1 0.0477 0.0402 0.0460 0.0157 0.0182 0.0456 0.0426 0.0536 0.0497 0.0227 0.0487 0.5693 
        H483  1 0.0311 0.0386 0.1496 0.0370 0.0802 0.0343 0.3859 0.0665 0.0186 0.0718 0.0198 0.0668 
        H504  1 0.0737 0.0358 0.2203 0.1203 0.0164 0.0698 0.0429 0.2202 0.0329 0.0401 0.0409 0.0867 
        H505  1 0.0646 0.2575 0.0914 0.0327 0.0485 0.0263 0.0753 0.0834 0.1337 0.1027 0.0383 0.0456 
        H506  1 0.0358 0.0485 0.0304 0.0807 0.0189 0.0454 0.4414 0.0735 0.0462 0.0617 0.0486 0.0688 
        H507  1 0.0332 0.1137 0.2251 0.1051 0.0239 0.0562 0.1006 0.1418 0.0423 0.0551 0.0249 0.0780 
        H508  1 0.0482 0.0599 0.0436 0.0894 0.0966 0.0681 0.1175 0.1352 0.2095 0.0428 0.0417 0.0473 
        H524  1 0.1681 0.1178 0.1639 0.0782 0.0300 0.0289 0.0383 0.0897 0.1421 0.0605 0.0231 0.0595 
        H525  1 0.0606 0.1310 0.0213 0.1697 0.0299 0.0638 0.1743 0.1065 0.0557 0.0363 0.0952 0.0557 
        H526  1 0.0768 0.2367 0.0353 0.0764 0.0235 0.1248 0.0226 0.0637 0.0170 0.0245 0.2153 0.0835 
        H527  1 0.0266 0.0687 0.0768 0.0572 0.0283 0.0244 0.1713 0.0680 0.1961 0.0890 0.1307 0.0630 
        H528  1 0.0466 0.0266 0.0453 0.0279 0.0150 0.4507 0.0795 0.1120 0.0274 0.0840 0.0447 0.0402 
        H529  1 0.0409 0.2197 0.0804 0.0827 0.0582 0.0429 0.0303 0.2308 0.1091 0.0335 0.0420 0.0294 
        H533  1 0.0167 0.0563 0.1595 0.0538 0.0353 0.0606 0.1047 0.1077 0.3085 0.0340 0.0205 0.0424 
        H538  1 0.1574 0.0905 0.0456 0.0280 0.0493 0.0296 0.0452 0.0578 0.0534 0.0645 0.0804 0.2983 
        H539  1 0.0221 0.0552 0.0358 0.6849 0.0143 0.0146 0.0269 0.0323 0.0327 0.0299 0.0394 0.0120 
        H540  1 0.0443 0.0487 0.1487 0.1187 0.0823 0.0542 0.0815 0.1287 0.0561 0.0916 0.0812 0.0639 
        H541  1 0.0408 0.1343 0.0274 0.0222 0.0318 0.0306 0.0634 0.0683 0.1097 0.3861 0.0355 0.0500 
        H558  1 0.0288 0.0259 0.6393 0.0370 0.0331 0.0195 0.0623 0.0449 0.0178 0.0235 0.0516 0.0163 
        H559  1 0.0395 0.0557 0.0377 0.0593 0.0145 0.0351 0.1667 0.0594 0.0295 0.3803 0.0465 0.0758 
        H579  1 0.0154 0.0264 0.2197 0.4224 0.0255 0.0401 0.0476 0.0498 0.0145 0.0323 0.0723 0.0341 
        H584  1 0.0778 0.0346 0.0507 0.0573 0.1129 0.1110 0.0441 0.2359 0.0439 0.0570 0.0936 0.0811 
        H585  1 0.0594 0.1020 0.0689 0.0351 0.0534 0.1901 0.0959 0.1421 0.0917 0.0646 0.0768 0.0200 
        H605  1 0.0430 0.2182 0.0707 0.0811 0.0655 0.0358 0.0469 0.1184 0.0625 0.1524 0.0671 0.0386 
        H606  1 0.0220 0.0426 0.0192 0.0217 0.0211 0.0134 0.0137 0.0370 0.0285 0.6511 0.0630 0.0668 
        H632  1 0.0357 0.0334 0.0238 0.0409 0.0427 0.1506 0.3085 0.0793 0.0309 0.0320 0.0233 0.1989 
        H634  1 0.0355 0.0641 0.1368 0.0776 0.0202 0.0727 0.0514 0.0804 0.0367 0.3104 0.0646 0.0496 
        H671  1 0.0399 0.0563 0.0381 0.0156 0.0250 0.1362 0.0511 0.0588 0.1234 0.0866 0.0743 0.2946 
        H672  1 0.5340 0.0314 0.0217 0.0285 0.0146 0.0208 0.0183 0.0340 0.0400 0.1998 0.0207 0.0361 
        H673  1 0.0303 0.1180 0.0418 0.0468 0.0312 0.0246 0.3531 0.2057 0.0136 0.0517 0.0467 0.0365 
        H689  1 0.0876 0.0379 0.0656 0.0293 0.0862 0.0619 0.0406 0.2218 0.0262 0.2344 0.0408 0.0677 
        H690  1 0.0342 0.1533 0.0298 0.1564 0.1265 0.0211 0.0175 0.0504 0.0861 0.0346 0.2677 0.0226 
        H691  1 0.1478 0.0585 0.0374 0.0396 0.0801 0.0347 0.0790 0.0539 0.0318 0.3410 0.0272 0.0690 
        H692  1 0.0555 0.0242 0.0542 0.0238 0.0377 0.0329 0.4529 0.2127 0.0131 0.0448 0.0197 0.0285 
        H709  1 0.0892 0.1170 0.0377 0.0797 0.0513 0.0361 0.0419 0.1222 0.2286 0.0847 0.0746 0.0369 
        H710  1 0.0454 0.0677 0.0589 0.0966 0.0346 0.1610 0.0889 0.2685 0.0219 0.0522 0.0800 0.0243 
       H7355  1 0.0285 0.0492 0.0339 0.1006 0.0638 0.1173 0.0381 0.0717 0.0321 0.0388 0.1588 0.2674 
       H7356  1 0.0596 0.0319 0.0624 0.0897 0.1929 0.0226 0.0439 0.1176 0.1147 0.0832 0.1570 0.0246 
       H7357  1 0.0218 0.1314 0.1005 0.0631 0.0554 0.0496 0.0254 0.0720 0.0836 0.1513 0.0351 0.2108 
       H7358  1 0.0904 0.0717 0.1368 0.0424 0.0179 0.0203 0.0624 0.0626 0.0150 0.1465 0.0403 0.2938 
       H7380  1 0.0232 0.1037 0.0444 0.0332 0.0375 0.0514 0.0438 0.1020 0.0498 0.2361 0.1818 0.0931 
       H7381  1 0.0343 0.0613 0.0530 0.0280 0.0312 0.0424 0.1504 0.3065 0.0926 0.0249 0.0698 0.1057 
       H7382  1 0.0464 0.0249 0.0268 0.1488 0.0595 0.0317 0.2222 0.0773 0.0245 0.2154 0.0358 0.0867 
        H904  1 0.0223 0.0332 0.0211 0.0275 0.0502 0.0263 0.0115 0.0239 0.0236 0.6685 0.0517 0.0401 
        H923  1 0.1718 0.0763 0.0902 0.0549 0.0327 0.1723 0.0358 0.1402 0.0411 0.0246 0.0805 0.0795 
        H924  1 0.0905 0.1427 0.1087 0.0549 0.0496 0.0280 0.0573 0.0715 0.0213 0.0838 0.2069 0.0849 
        H925  1 0.0538 0.6678 0.0509 0.0414 0.0132 0.0211 0.0188 0.0344 0.0181 0.0443 0.0201 0.0162 
       H9558  1 0.0217 0.0208 0.7188 0.0316 0.0284 0.0140 0.0416 0.0342 0.0156 0.0176 0.0404 0.0153 
      H105.1  1 0.0298 0.0487 0.0888 0.0392 0.1513 0.0708 0.2715 0.1652 0.0542 0.0269 0.0295 0.0240 
      H115.1  1 0.0460 0.4415 0.0547 0.0753 0.0310 0.0419 0.0242 0.0555 0.0267 0.1194 0.0674 0.0163 
      H145.1  1 0.0208 0.0503 0.0217 0.1003 0.0226 0.0531 0.0248 0.0558 0.0217 0.0518 0.0996 0.4773 
      H149.1  1 0.0147 0.0171 0.0113 0.0138 0.0150 0.0119 0.0098 0.0116 0.0108 0.8606 0.0126 0.0108 
      H150.1  1 0.0178 0.0337 0.0706 0.3478 0.0227 0.0444 0.0256 0.1671 0.0624 0.0264 0.1124 0.0691 
   H169607.1  1 0.0291 0.0506 0.0828 0.0977 0.0166 0.0953 0.0772 0.0885 0.1067 0.0627 0.1264 0.1664 
   H169633.1  1 0.0708 0.0382 0.0747 0.0631 0.0309 0.0419 0.0661 0.0594 0.0124 0.4214 0.0269 0.0942 
   H169688.1  1 0.0667 0.1129 0.0245 0.0824 0.0153 0.0268 0.2542 0.1204 0.0175 0.1963 0.0383 0.0449 
   H171901.1  1 0.0710 0.0185 0.0520 0.0616 0.0205 0.4536 0.0556 0.0751 0.0667 0.0558 0.0284 0.0411 
   H171902.1  1 0.0178 0.0843 0.0368 0.1133 0.0269 0.0283 0.0274 0.0542 0.0282 0.1728 0.2727 0.1373 
   H171903.1  1 0.0703 0.0496 0.0251 0.0450 0.0777 0.0248 0.0510 0.0664 0.1566 0.0378 0.3590 0.0365 
      H177.1  1 0.2538 0.1117 0.0218 0.0503 0.0514 0.0174 0.0218 0.0467 0.0250 0.3012 0.0330 0.0659 
      H179.1  1 0.0526 0.1204 0.1153 0.0212 0.0220 0.0751 0.0251 0.0644 0.0950 0.3212 0.0279 0.0598 
      H180.1  1 0.0349 0.0904 0.0519 0.1576 0.0964 0.0153 0.0303 0.2660 0.0375 0.0344 0.1162 0.0692 
      H181.1  1 0.0175 0.0425 0.0450 0.0723 0.2387 0.0342 0.1338 0.0707 0.0275 0.2306 0.0188 0.0682 
 H194.1_2004  1 0.0862 0.0584 0.0692 0.0976 0.0791 0.0347 0.0375 0.1771 0.0350 0.2057 0.0923 0.0270 
 H195.1_2003  1 0.1502 0.0256 0.0871 0.0419 0.0230 0.0409 0.1262 0.0813 0.0954 0.2553 0.0432 0.0299 
 H195.1_2004  1 0.0401 0.0377 0.0202 0.0435 0.0316 0.0408 0.0405 0.0311 0.0164 0.0574 0.0149 0.6258 
      H415.1  1 0.0679 0.1210 0.1113 0.0840 0.0457 0.0686 0.0237 0.0904 0.0284 0.2535 0.0563 0.0492 
      H506.1  1 0.0384 0.0769 0.0410 0.0467 0.0127 0.0681 0.2755 0.0703 0.0355 0.2750 0.0228 0.0372 
      H533.1  1 0.0138 0.2188 0.1608 0.0372 0.0196 0.0358 0.1733 0.0586 0.0397 0.1841 0.0143 0.0440 
      H535.1  1 0.0706 0.1321 0.0878 0.0498 0.1852 0.0322 0.0295 0.0840 0.0449 0.1627 0.0851 0.0361 
      H539.1  1 0.0156 0.0395 0.1394 0.1477 0.0228 0.0166 0.0133 0.0275 0.0124 0.0261 0.5194 0.0197 
      H540.1  1 0.0187 0.0237 0.0789 0.4953 0.0264 0.0209 0.0317 0.0548 0.0535 0.0476 0.1176 0.0309 
     H9558.1  1 0.0415 0.0160 0.5697 0.0539 0.0221 0.0304 0.0229 0.0359 0.0137 0.0496 0.1162 0.0281 
    kos339.1  1 0.0280 0.0244 0.0187 0.0204 0.0251 0.0181 0.0305 0.0287 0.0325 0.7212 0.0295 0.0229 
        D023  2 0.0164 0.0176 0.0154 0.8279 0.0133 0.0179 0.0171 0.0171 0.0085 0.0240 0.0116 0.0132 
        D130  2 0.0320 0.0598 0.0211 0.6035 0.0727 0.0117 0.0274 0.0315 0.0465 0.0284 0.0448 0.0207 
        D131  2 0.1697 0.2061 0.0309 0.0260 0.0578 0.1438 0.0193 0.1706 0.0554 0.0470 0.0327 0.0406 
        D163  2 0.0196 0.0393 0.0413 0.5332 0.0655 0.0333 0.0143 0.0691 0.0287 0.0873 0.0281 0.0404 
        D164  2 0.0707 0.0233 0.4256 0.1016 0.0189 0.0114 0.2550 0.0235 0.0112 0.0111 0.0313 0.0163 
        D165  2 0.0191 0.0152 0.0152 0.7234 0.0233 0.0556 0.0250 0.0282 0.0100 0.0505 0.0186 0.0159 
        D166  2 0.0242 0.0226 0.0615 0.0657 0.0606 0.0508 0.0899 0.1359 0.1024 0.0258 0.3345 0.0261 
        D167  2 0.0108 0.0118 0.0122 0.0103 0.0104 0.0096 0.8782 0.0126 0.0117 0.0109 0.0103 0.0112 
        D192  2 0.0113 0.0104 0.0135 0.0126 0.0126 0.0136 0.8690 0.0119 0.0130 0.0094 0.0120 0.0107 
        D193  2 0.0193 0.0837 0.1490 0.0239 0.1076 0.0367 0.2953 0.0905 0.1021 0.0186 0.0272 0.0461 
        D206  2 0.0574 0.6073 0.0443 0.0266 0.0375 0.0363 0.0372 0.0664 0.0164 0.0270 0.0257 0.0179 
        D207  2 0.1309 0.0322 0.0217 0.0524 0.0591 0.0432 0.4921 0.0593 0.0313 0.0274 0.0278 0.0227 
        D208  2 0.0248 0.0581 0.0473 0.0320 0.0208 0.0969 0.0593 0.0795 0.3150 0.0622 0.0567 0.1477 
        D209  2 0.0605 0.0306 0.0953 0.0550 0.0216 0.0382 0.4612 0.1218 0.0224 0.0290 0.0476 0.0169 
        D210  2 0.0478 0.0303 0.0210 0.0243 0.1143 0.0961 0.0433 0.0402 0.0379 0.1103 0.0427 0.3917 
     D229599  2 0.0349 0.0862 0.1211 0.0982 0.0318 0.1840 0.0826 0.1337 0.0460 0.0639 0.0763 0.0414 
     D229600  2 0.0341 0.0571 0.0237 0.3065 0.0591 0.0219 0.3277 0.0451 0.0483 0.0243 0.0301 0.0220 
     D237227  2 0.0564 0.0343 0.1633 0.0622 0.0290 0.0677 0.0533 0.0896 0.0571 0.0731 0.0226 0.2914 
     D237228  2 0.0247 0.0144 0.4999 0.0171 0.0329 0.0478 0.1067 0.0572 0.0164 0.0244 0.0338 0.1247 
     D237258  2 0.0851 0.0544 0.0449 0.1200 0.0230 0.1664 0.2432 0.0877 0.0211 0.0762 0.0392 0.0389 
     D237310  2 0.0546 0.0113 0.2839 0.0273 0.2494 0.0244 0.0607 0.0494 0.0969 0.0227 0.0597 0.0597 
     D237311  2 0.0590 0.0206 0.3568 0.0337 0.0582 0.0409 0.2866 0.0469 0.0297 0.0159 0.0288 0.0227 
     D237312  2 0.0315 0.0360 0.0856 0.0546 0.4037 0.0358 0.0416 0.0657 0.0605 0.0284 0.1019 0.0548 
     D237313  2 0.0238 0.3244 0.1302 0.0453 0.0834 0.0453 0.0224 0.1060 0.0433 0.0325 0.0642 0.0792 
     D237322  2 0.0421 0.0267 0.0334 0.0274 0.0358 0.0440 0.0253 0.1406 0.4355 0.0269 0.0569 0.1052 
     D237323  2 0.0513 0.0171 0.2659 0.0428 0.0700 0.0417 0.0519 0.0455 0.1773 0.0317 0.0290 0.1760 
     D237324  2 0.0700 0.0226 0.0362 0.1965 0.0359 0.0559 0.0779 0.3387 0.0625 0.0522 0.0321 0.0194 
     D237325  2 0.0653 0.0367 0.1159 0.0829 0.2007 0.0271 0.0907 0.0635 0.1123 0.0359 0.0510 0.1182 
     D237326  2 0.0421 0.0342 0.5874 0.0529 0.0324 0.0341 0.0582 0.0470 0.0171 0.0274 0.0234 0.0438 
     D237327  2 0.0839 0.0160 0.0227 0.0333 0.0848 0.3642 0.0382 0.0577 0.1951 0.0384 0.0314 0.0344 
     D237337  2 0.0240 0.0471 0.5361 0.0244 0.0892 0.0259 0.0199 0.0526 0.0600 0.0229 0.0320 0.0658 
     D237338  2 0.0888 0.0367 0.0995 0.1016 0.1175 0.0809 0.0394 0.0919 0.1207 0.0647 0.0629 0.0953 
     D237339  2 0.3608 0.0724 0.0715 0.0397 0.0238 0.0604 0.0353 0.0979 0.1452 0.0299 0.0431 0.0201 
     D237340  2 0.0880 0.0250 0.1043 0.0526 0.0637 0.0596 0.3044 0.0668 0.0545 0.0256 0.0528 0.1029 
     D237389  2 0.0248 0.0151 0.4562 0.0283 0.0753 0.0207 0.2362 0.0346 0.0219 0.0273 0.0410 0.0184 
     D237390  2 0.0572 0.0545 0.1681 0.0639 0.1637 0.0976 0.0657 0.0632 0.0740 0.0247 0.0974 0.0700 
     D244017  2 0.0495 0.0232 0.0298 0.0313 0.0137 0.0191 0.6261 0.0444 0.0384 0.0176 0.0198 0.0871 
     D244112  2 0.0315 0.0122 0.0612 0.0266 0.0249 0.0213 0.6908 0.0402 0.0409 0.0211 0.0143 0.0149 
     D244118  2 0.0143 0.0115 0.0285 0.1646 0.0132 0.0180 0.6542 0.0155 0.0413 0.0132 0.0119 0.0138 
     D244119  2 0.0839 0.0332 0.0211 0.0175 0.0181 0.0203 0.2872 0.0280 0.0285 0.0225 0.0173 0.4225 
     D244120  2 0.0156 0.0124 0.0264 0.0197 0.0418 0.0536 0.7232 0.0218 0.0194 0.0162 0.0304 0.0194 
     D244122  2 0.0209 0.0466 0.0313 0.0319 0.0319 0.0222 0.6095 0.0353 0.0479 0.0491 0.0455 0.0280 
        D291  2 0.0182 0.0817 0.0495 0.0651 0.0171 0.3329 0.1326 0.1278 0.0787 0.0254 0.0501 0.0209 
        D292  2 0.0404 0.1183 0.1199 0.0366 0.0281 0.2254 0.1314 0.0718 0.0387 0.1176 0.0279 0.0438 
        D293  2 0.8474 0.0179 0.0117 0.0109 0.0093 0.0163 0.0107 0.0168 0.0152 0.0173 0.0141 0.0125 
        D322  2 0.6343 0.0184 0.0408 0.0571 0.0276 0.0275 0.0312 0.0524 0.0210 0.0512 0.0192 0.0192 
        D323  2 0.1666 0.2673 0.0444 0.0487 0.0245 0.0467 0.1142 0.1134 0.0447 0.0253 0.0638 0.0406 
        D324  2 0.0291 0.0495 0.0589 0.1113 0.0729 0.4032 0.0329 0.0776 0.0163 0.0613 0.0443 0.0428 
        D325  2 0.7784 0.0154 0.0167 0.0164 0.0204 0.0434 0.0161 0.0236 0.0156 0.0305 0.0130 0.0105 
        D326  2 0.0240 0.7911 0.0116 0.0123 0.0151 0.0324 0.0184 0.0221 0.0122 0.0255 0.0167 0.0185 
        D340  2 0.7101 0.0175 0.0291 0.0207 0.0243 0.0246 0.0559 0.0238 0.0121 0.0325 0.0246 0.0249 
        D341  2 0.2617 0.0467 0.0412 0.0212 0.2252 0.0457 0.0784 0.0401 0.1381 0.0253 0.0320 0.0444 
        D342  2 0.0201 0.0379 0.2041 0.1720 0.1222 0.0213 0.2011 0.1026 0.0236 0.0433 0.0352 0.0165 
        D343  2 0.8753 0.0095 0.0087 0.0095 0.0136 0.0123 0.0144 0.0130 0.0106 0.0143 0.0095 0.0094 
        D344  2 0.0349 0.2318 0.1713 0.0128 0.0517 0.0394 0.0891 0.0913 0.0278 0.0403 0.1926 0.0170 
        D345  2 0.0248 0.0326 0.5044 0.0780 0.0141 0.0394 0.0297 0.0942 0.0264 0.0623 0.0667 0.0273 
        D346  2 0.0849 0.0634 0.0254 0.0309 0.0674 0.0467 0.0677 0.0512 0.0128 0.0347 0.1836 0.3313 
        D351  2 0.1280 0.1074 0.0376 0.0574 0.0219 0.2087 0.0300 0.1371 0.0569 0.1178 0.0667 0.0305 
        D352  2 0.2135 0.0418 0.0893 0.0240 0.0184 0.1035 0.0456 0.1714 0.0312 0.0258 0.1637 0.0716 
        D353  2 0.0445 0.1367 0.0176 0.0161 0.0189 0.0436 0.0392 0.3786 0.0246 0.0248 0.2383 0.0170 
        D354  2 0.0224 0.1836 0.1864 0.0258 0.0352 0.0181 0.0363 0.0769 0.0174 0.0494 0.3107 0.0378 
        D362  2 0.0315 0.4594 0.0518 0.0448 0.0149 0.0355 0.0425 0.0658 0.0232 0.1807 0.0242 0.0256 
        D363  2 0.0473 0.4066 0.0496 0.0531 0.0135 0.0544 0.0620 0.0524 0.0160 0.1774 0.0358 0.0319 
        D364  2 0.0266 0.4013 0.2036 0.0170 0.0361 0.0206 0.0545 0.0673 0.0114 0.0322 0.1120 0.0175 
        D365  2 0.8841 0.0109 0.0083 0.0087 0.0109 0.0101 0.0126 0.0109 0.0088 0.0115 0.0099 0.0134 
        D369  2 0.1784 0.0444 0.0271 0.0294 0.0318 0.2065 0.0971 0.0586 0.0197 0.2218 0.0246 0.0605 
        D374  2 0.0161 0.0381 0.1893 0.0158 0.0213 0.0172 0.3721 0.0575 0.0223 0.0254 0.0653 0.1596 
        D375  2 0.0442 0.1429 0.1752 0.0366 0.0375 0.0259 0.0736 0.1522 0.0272 0.0161 0.2501 0.0187 
        D376  2 0.0260 0.0199 0.1735 0.0156 0.0943 0.0218 0.3155 0.0647 0.0231 0.0295 0.0520 0.1641 
        D377  2 0.0419 0.0831 0.1174 0.0459 0.0835 0.0777 0.0587 0.0852 0.0359 0.0201 0.2927 0.0579 
        D378  2 0.3663 0.1207 0.0307 0.1155 0.0323 0.0378 0.0251 0.0840 0.0370 0.0938 0.0320 0.0250 
        D379  2 0.0222 0.7697 0.0215 0.0174 0.0352 0.0189 0.0188 0.0240 0.0184 0.0172 0.0209 0.0158 
        D384  2 0.0150 0.8173 0.0167 0.0117 0.0135 0.0164 0.0116 0.0196 0.0128 0.0242 0.0157 0.0255 
        D385  2 0.7347 0.0156 0.0223 0.0133 0.0200 0.0119 0.0638 0.0212 0.0126 0.0136 0.0454 0.0256 
        D386  2 0.0915 0.1960 0.0383 0.1321 0.0254 0.0218 0.0239 0.1112 0.0389 0.1680 0.1323 0.0206 
        D391  2 0.7961 0.0181 0.0166 0.0139 0.0136 0.0191 0.0179 0.0191 0.0234 0.0176 0.0263 0.0184 
        D392  2 0.4471 0.0367 0.0513 0.0423 0.0189 0.0415 0.2024 0.0509 0.0177 0.0389 0.0274 0.0249 
        D393  2 0.1209 0.0998 0.0293 0.0427 0.0396 0.1917 0.0209 0.0457 0.0268 0.3261 0.0366 0.0200 
        D394  2 0.0533 0.0332 0.1943 0.1229 0.0591 0.0793 0.1453 0.0919 0.0392 0.1025 0.0543 0.0248 
        D395  2 0.7487 0.0142 0.0227 0.0180 0.0300 0.0191 0.0199 0.0453 0.0153 0.0167 0.0245 0.0255 
        D401  2 0.0332 0.0176 0.5982 0.0164 0.0182 0.0306 0.1509 0.0435 0.0147 0.0243 0.0181 0.0343 
        D402  2 0.4477 0.0227 0.0334 0.0251 0.0391 0.0730 0.1551 0.0474 0.0314 0.0322 0.0579 0.0351 
        D403  2 0.0203 0.4989 0.0288 0.0248 0.0341 0.0223 0.0215 0.1727 0.0486 0.0625 0.0491 0.0165 
        D415  2 0.1292 0.3644 0.0394 0.0252 0.1029 0.0190 0.0288 0.1390 0.0287 0.0519 0.0527 0.0187 
        D435  2 0.2687 0.0448 0.0402 0.0359 0.0654 0.0734 0.0259 0.0494 0.0162 0.3177 0.0407 0.0218 
        D436  2 0.0632 0.1746 0.0531 0.0238 0.0355 0.0579 0.0263 0.0717 0.0928 0.0501 0.3103 0.0407 
        D438  2 0.7005 0.0260 0.0230 0.0329 0.0314 0.0176 0.0553 0.0223 0.0157 0.0178 0.0285 0.0290 
        D439  2 0.1208 0.0670 0.2781 0.0483 0.0219 0.0863 0.0202 0.1628 0.0303 0.0298 0.1138 0.0207 
        D449  2 0.0928 0.0712 0.1094 0.0192 0.1375 0.0665 0.0943 0.2300 0.0117 0.0842 0.0628 0.0204 
        D450  2 0.0179 0.0534 0.0256 0.0626 0.0506 0.0627 0.0331 0.0923 0.0508 0.1599 0.3008 0.0903 
        D456  2 0.0168 0.7952 0.0157 0.0169 0.0160 0.0232 0.0105 0.0241 0.0135 0.0297 0.0215 0.0169 
        D462  2 0.8061 0.0175 0.0141 0.0163 0.0110 0.0202 0.0242 0.0174 0.0184 0.0164 0.0242 0.0144 
        D463  2 0.0173 0.8153 0.0126 0.0127 0.0164 0.0160 0.0132 0.0231 0.0119 0.0199 0.0203 0.0213 
        D464  2 0.2511 0.0654 0.0190 0.0264 0.0291 0.0180 0.0804 0.2388 0.0433 0.0571 0.1320 0.0394 
        D465  2 0.7106 0.0195 0.0363 0.0198 0.0229 0.0209 0.0321 0.0261 0.0147 0.0489 0.0268 0.0213 
        D473  2 0.0490 0.0294 0.0510 0.0579 0.0376 0.0296 0.0193 0.0406 0.0470 0.0365 0.1558 0.4462 
        D474  2 0.0603 0.0728 0.0376 0.0530 0.0389 0.2907 0.0205 0.0379 0.0162 0.3044 0.0267 0.0411 
        D476  2 0.3169 0.0436 0.0262 0.2571 0.0214 0.0613 0.0183 0.0534 0.1040 0.0275 0.0533 0.0172 
        D477  2 0.0514 0.1221 0.0926 0.0228 0.0492 0.1637 0.0511 0.0917 0.0317 0.1472 0.1107 0.0657 
        D478  2 0.0206 0.0707 0.0476 0.4051 0.0239 0.0600 0.1143 0.0772 0.0267 0.0266 0.0772 0.0502 
        D480  2 0.2690 0.1924 0.0201 0.0254 0.1693 0.0320 0.0236 0.0432 0.0710 0.0715 0.0340 0.0484 
        D481  2 0.1096 0.1097 0.1414 0.1440 0.0228 0.1058 0.0707 0.1121 0.0281 0.0652 0.0432 0.0473 
        D482  2 0.0563 0.0539 0.0567 0.0586 0.0305 0.1319 0.0656 0.1607 0.0842 0.0313 0.1365 0.1337 
        D483  2 0.0307 0.0222 0.0150 0.0221 0.0227 0.0145 0.7741 0.0171 0.0254 0.0130 0.0127 0.0305 
        D484  2 0.2183 0.0178 0.0884 0.0434 0.0262 0.0602 0.0489 0.1165 0.0689 0.0430 0.2241 0.0442 
        D510  2 0.0157 0.0425 0.0437 0.0183 0.0346 0.0428 0.3149 0.0441 0.0359 0.0315 0.0431 0.3328 
        D511  2 0.5832 0.0501 0.0282 0.0400 0.0204 0.0632 0.0234 0.0527 0.0301 0.0371 0.0428 0.0287 
        D512  2 0.2688 0.0168 0.3878 0.0229 0.0572 0.0317 0.0760 0.0471 0.0299 0.0263 0.0212 0.0145 
        D513  2 0.3966 0.1034 0.0654 0.0372 0.0300 0.0703 0.0292 0.0498 0.0290 0.0258 0.1154 0.0477 
        D635  2 0.0284 0.0353 0.0336 0.5396 0.0150 0.0419 0.0286 0.0542 0.0133 0.1757 0.0170 0.0175 
        D636  2 0.0137 0.0221 0.0278 0.8264 0.0095 0.0109 0.0136 0.0174 0.0103 0.0148 0.0194 0.0141 
        D637  2 0.2675 0.0410 0.0811 0.0282 0.0974 0.0438 0.0799 0.0673 0.0541 0.0359 0.1620 0.0418 
        D658  2 0.3495 0.0319 0.0380 0.0252 0.1132 0.0209 0.1728 0.0418 0.0617 0.0385 0.0484 0.0581 
        D659  2 0.0183 0.0288 0.0217 0.0210 0.0341 0.0379 0.0186 0.0361 0.0214 0.7057 0.0356 0.0209 
        D677  2 0.0400 0.4396 0.0505 0.0448 0.1057 0.0865 0.0354 0.0520 0.0642 0.0357 0.0242 0.0213 
        D678  2 0.0177 0.0135 0.0325 0.0319 0.0274 0.0156 0.7479 0.0364 0.0158 0.0189 0.0314 0.0109 
        D679  2 0.0461 0.2614 0.0280 0.0473 0.0615 0.1852 0.0231 0.0783 0.0291 0.0607 0.1185 0.0607 
        D719  2 0.2758 0.0807 0.0466 0.0158 0.0152 0.1133 0.0403 0.0528 0.0452 0.0715 0.0319 0.2108 
        D720  2 0.0783 0.5136 0.0390 0.0317 0.0193 0.0316 0.0187 0.0519 0.0260 0.1109 0.0284 0.0507 
        D721  2 0.0365 0.0192 0.0176 0.7662 0.0263 0.0180 0.0163 0.0203 0.0122 0.0287 0.0166 0.0221 
        D722  2 0.0280 0.0288 0.1935 0.0193 0.0155 0.0346 0.4785 0.0547 0.0244 0.0198 0.0315 0.0716 
        D734  2 0.3856 0.0222 0.0174 0.0176 0.0284 0.0328 0.0242 0.0307 0.0708 0.0250 0.2516 0.0935 
