        D174  1 0.0478 0.3373 0.0309 0.0911 0.1080 0.0887 0.0711 0.1632 0.0619 
        D199  1 0.1347 0.0605 0.0601 0.1157 0.0309 0.2201 0.0465 0.2463 0.0853 
        D203  1 0.0739 0.0468 0.1223 0.0775 0.1217 0.1274 0.1215 0.1488 0.1601 
        D204  1 0.0315 0.0353 0.0351 0.0450 0.0272 0.0712 0.0424 0.5045 0.2079 
     D237366  1 0.1797 0.0762 0.0482 0.0973 0.2890 0.0400 0.0312 0.0665 0.1719 
     D237367  1 0.0858 0.0668 0.0276 0.0901 0.0391 0.1455 0.0393 0.2613 0.2445 
     D237368  1 0.3992 0.0603 0.0369 0.0658 0.0400 0.1227 0.0599 0.1750 0.0403 
     D244101  1 0.0320 0.0246 0.1759 0.0988 0.0281 0.2754 0.1009 0.1894 0.0751 
     D244102  1 0.0994 0.0614 0.1086 0.1450 0.0447 0.0707 0.1919 0.0660 0.2122 
     D244103  1 0.0707 0.0608 0.0984 0.1582 0.1681 0.0349 0.0534 0.2948 0.0607 
     D244104  1 0.0565 0.0612 0.0545 0.0444 0.0349 0.0400 0.0409 0.6412 0.0263 
     D244105  1 0.1711 0.0239 0.0467 0.2084 0.2481 0.0196 0.1732 0.0590 0.0500 
     D244106  1 0.0337 0.1503 0.0435 0.0563 0.3774 0.1144 0.0412 0.1025 0.0808 
     D244107  1 0.2145 0.0264 0.0753 0.1250 0.0363 0.0438 0.4032 0.0469 0.0287 
     D244108  1 0.0668 0.1312 0.0555 0.0693 0.0296 0.0571 0.2806 0.0692 0.2407 
     D244113  1 0.0408 0.6848 0.0217 0.0423 0.0206 0.0444 0.0564 0.0289 0.0600 
     D244114  1 0.0477 0.0825 0.0739 0.1642 0.4517 0.0375 0.0452 0.0497 0.0477 
     D244115  1 0.0725 0.1543 0.0640 0.1502 0.0641 0.0420 0.0961 0.3129 0.0438 
     D267365  1 0.0966 0.1428 0.1505 0.0799 0.0346 0.0601 0.0472 0.3146 0.0736 
        D404  1 0.0286 0.3594 0.0470 0.0585 0.0379 0.1138 0.1440 0.0311 0.1795 
        D405  1 0.0448 0.1051 0.0530 0.1306 0.0493 0.1098 0.2773 0.1283 0.1018 
        D406  1 0.6694 0.0384 0.0250 0.0380 0.0366 0.0291 0.0543 0.0499 0.0594 
        D407  1 0.0826 0.0349 0.0298 0.1036 0.0283 0.1932 0.0325 0.4675 0.0275 
        D408  1 0.0169 0.5993 0.1560 0.0527 0.0206 0.0402 0.0377 0.0550 0.0215 
        D409  1 0.0577 0.0318 0.4555 0.1624 0.0389 0.0462 0.0966 0.0774 0.0333 
        D410  1 0.0807 0.0500 0.0280 0.0600 0.0275 0.0193 0.6358 0.0561 0.0427 
        D421  1 0.0173 0.0196 0.0256 0.0234 0.0145 0.0729 0.0134 0.8001 0.0132 
        D422  1 0.5720 0.0199 0.0339 0.0628 0.1612 0.0206 0.0656 0.0448 0.0193 
        D423  1 0.0832 0.0230 0.0330 0.0677 0.0242 0.1224 0.5345 0.0833 0.0287 
        D424  1 0.0462 0.0371 0.0164 0.0859 0.0309 0.0237 0.0227 0.7137 0.0234 
        D425  1 0.0258 0.1189 0.1307 0.1344 0.0337 0.0443 0.1048 0.2310 0.1762 
        D426  1 0.0550 0.0379 0.3508 0.2169 0.1639 0.0497 0.0415 0.0682 0.0162 
        D427  1 0.0412 0.0804 0.0557 0.0383 0.0248 0.4021 0.0185 0.3222 0.0169 
        D428  1 0.0860 0.1230 0.0434 0.1337 0.0204 0.0405 0.0924 0.1951 0.2654 
        D429  1 0.0291 0.0625 0.0354 0.0734 0.2658 0.0333 0.0494 0.4041 0.0469 
        D430  1 0.0398 0.0909 0.0608 0.1366 0.2649 0.1775 0.0371 0.1149 0.0774 
        D491  1 0.0377 0.5734 0.0435 0.0642 0.0326 0.0351 0.0708 0.1051 0.0376 
        D492  1 0.0450 0.1078 0.0285 0.1098 0.0606 0.0901 0.0322 0.4789 0.0470 
        D537  1 0.0597 0.0488 0.0278 0.0840 0.0495 0.0398 0.0706 0.5120 0.1077 
        D538  1 0.1651 0.1076 0.0510 0.1770 0.0565 0.1531 0.1281 0.0576 0.1042 
        D539  1 0.0911 0.1455 0.0821 0.0973 0.3367 0.0391 0.0562 0.0568 0.0952 
        D540  1 0.0536 0.0580 0.0727 0.2718 0.0601 0.0474 0.1930 0.2074 0.0359 
        D541  1 0.0230 0.0148 0.0339 0.0233 0.0159 0.0298 0.0260 0.8113 0.0221 
        D551  1 0.0464 0.0316 0.1337 0.1202 0.5257 0.0288 0.0319 0.0478 0.0340 
        D552  1 0.3226 0.0916 0.0428 0.1143 0.0634 0.0476 0.1515 0.1295 0.0369 
        D553  1 0.0208 0.0241 0.0303 0.0271 0.0182 0.0152 0.0198 0.8277 0.0167 
        D615  1 0.1002 0.0988 0.0498 0.1157 0.0874 0.0426 0.0882 0.3568 0.0604 
        D616  1 0.1178 0.0508 0.1398 0.1644 0.0733 0.1263 0.0480 0.2569 0.0227 
        D621  1 0.2945 0.3005 0.0275 0.0518 0.0437 0.0211 0.2068 0.0198 0.0343 
        D622  1 0.3548 0.0669 0.0747 0.1081 0.1468 0.0433 0.0843 0.0640 0.0571 
        D623  1 0.0257 0.1042 0.0465 0.0488 0.0211 0.5860 0.0604 0.0267 0.0806 
        D624  1 0.0638 0.4215 0.0473 0.1530 0.0735 0.0326 0.0231 0.1512 0.0338 
        D625  1 0.0628 0.1267 0.0292 0.0577 0.0495 0.0290 0.0283 0.5437 0.0731 
        D626  1 0.0970 0.3184 0.1152 0.0945 0.0354 0.0321 0.0535 0.1183 0.1356 
        D627  1 0.0370 0.0358 0.4552 0.2351 0.0525 0.0371 0.0202 0.1028 0.0243 
        D690  1 0.0572 0.1680 0.0285 0.0360 0.0221 0.0182 0.0336 0.5866 0.0497 
        D691  1 0.3143 0.0318 0.0548 0.0468 0.2938 0.0399 0.0314 0.0962 0.0909 
        D710  1 0.0916 0.1212 0.1052 0.1321 0.0239 0.1123 0.1312 0.2407 0.0418 
        D711  1 0.0721 0.0597 0.0245 0.0444 0.0324 0.0365 0.0263 0.4141 0.2900 
        D712  1 0.1089 0.4364 0.0893 0.0778 0.0266 0.0857 0.0649 0.0355 0.0749 
        D713  1 0.0766 0.2913 0.0317 0.1501 0.0554 0.0319 0.0747 0.1857 0.1026 
        D746  1 0.6646 0.0380 0.0311 0.0342 0.0850 0.0259 0.0296 0.0693 0.0222 
        D747  1 0.0215 0.0196 0.0324 0.0320 0.0185 0.0324 0.0213 0.7565 0.0659 
        D748  1 0.1009 0.0768 0.0487 0.0678 0.3533 0.0323 0.0398 0.1583 0.1223 
        D749  1 0.3113 0.0742 0.0468 0.2548 0.0953 0.0297 0.1077 0.0555 0.0247 
        D750  1 0.0415 0.4944 0.0310 0.0363 0.0705 0.0330 0.0501 0.2143 0.0288 
        D763  1 0.2198 0.0800 0.1129 0.1422 0.1303 0.1308 0.0386 0.0933 0.0520 
        D764  1 0.0670 0.1305 0.0405 0.0614 0.0259 0.0335 0.0417 0.5836 0.0160 
        D765  1 0.0865 0.0547 0.0506 0.1336 0.0606 0.0179 0.5357 0.0248 0.0356 
        D766  1 0.1472 0.1074 0.0339 0.0917 0.0537 0.0353 0.4063 0.0587 0.0658 
        D767  1 0.0695 0.0356 0.0320 0.0465 0.0335 0.0427 0.0561 0.0556 0.6284 
        D768  1 0.0284 0.0164 0.0283 0.0506 0.0322 0.0225 0.0249 0.7708 0.0258 
        D811  1 0.0340 0.4539 0.0599 0.1082 0.0339 0.0578 0.1536 0.0342 0.0646 
        D816  1 0.0254 0.0294 0.0188 0.0326 0.0216 0.0271 0.0289 0.7736 0.0426 
        D825  1 0.0518 0.2221 0.0497 0.1756 0.0588 0.0346 0.2016 0.1024 0.1034 
        D866  1 0.0710 0.0861 0.3165 0.1317 0.0883 0.1106 0.0562 0.0972 0.0423 
        D867  1 0.5648 0.0462 0.0295 0.0606 0.0403 0.0765 0.1152 0.0429 0.0239 
        D871  1 0.0269 0.1040 0.3743 0.2064 0.0402 0.0307 0.0257 0.0638 0.1281 
        D872  1 0.2314 0.0397 0.0268 0.0545 0.0201 0.0463 0.0803 0.1088 0.3920 
        D873  1 0.1090 0.0177 0.0173 0.0218 0.0217 0.0250 0.7519 0.0131 0.0226 
        D874  1 0.0318 0.3368 0.0444 0.0951 0.0531 0.1106 0.0507 0.1232 0.1544 
        D875  1 0.0691 0.0365 0.3091 0.2432 0.1609 0.0393 0.0451 0.0437 0.0532 
        D876  1 0.1834 0.1341 0.0511 0.1100 0.0347 0.0333 0.0823 0.2882 0.0827 
        D877  1 0.0217 0.4831 0.0210 0.0685 0.0335 0.0448 0.1011 0.0372 0.1891 
        D892  1 0.0687 0.0952 0.0291 0.0687 0.1909 0.0628 0.0335 0.2103 0.2409 
        D893  1 0.0798 0.0341 0.0573 0.1485 0.0445 0.0364 0.0512 0.3670 0.1811 
        D894  1 0.0432 0.0389 0.0736 0.0685 0.1562 0.0251 0.0238 0.5353 0.0354 
        D915  1 0.0503 0.0464 0.0517 0.0809 0.1071 0.0364 0.1623 0.3922 0.0726 
        D916  1 0.0267 0.0223 0.0221 0.0227 0.0273 0.0194 0.0195 0.8233 0.0167 
        D917  1 0.0475 0.2130 0.1617 0.0985 0.0211 0.1160 0.0873 0.2041 0.0508 
        D925  1 0.2797 0.0605 0.0232 0.0596 0.0200 0.0238 0.2729 0.2219 0.0383 
        D926  1 0.0365 0.0448 0.0440 0.1098 0.0848 0.0282 0.1139 0.4683 0.0696 
        D927  1 0.1000 0.0410 0.0439 0.0745 0.0656 0.3719 0.0207 0.1690 0.1136 
        D928  1 0.0206 0.5559 0.0236 0.0367 0.0132 0.0290 0.2162 0.0747 0.0301 
        D929  1 0.0458 0.1208 0.0321 0.0660 0.0306 0.0275 0.0575 0.0408 0.5789 
        D936  1 0.0325 0.0582 0.0961 0.0849 0.0743 0.0771 0.0606 0.3855 0.1307 
        D938  1 0.6296 0.0611 0.0315 0.0404 0.0536 0.0233 0.0915 0.0357 0.0334 
        D956  1 0.0417 0.4041 0.0602 0.1221 0.1187 0.0560 0.0776 0.0768 0.0428 
        D957  1 0.1146 0.0324 0.0408 0.0545 0.0259 0.0363 0.4742 0.0542 0.1668 
        D958  1 0.2142 0.2739 0.0254 0.0779 0.0407 0.0480 0.1272 0.1030 0.0898 
        D959  1 0.0645 0.0258 0.0271 0.1684 0.0684 0.1287 0.0568 0.4392 0.0211 
        D960  1 0.4889 0.0274 0.0197 0.0394 0.1116 0.0243 0.2200 0.0410 0.0278 
        D989  1 0.0414 0.1286 0.1027 0.0949 0.0458 0.3817 0.0439 0.1137 0.0472 
        D990  1 0.3486 0.0408 0.1136 0.1395 0.0187 0.0498 0.1896 0.0250 0.0744 
        H102  1 0.1518 0.2090 0.0386 0.0541 0.0766 0.0302 0.0428 0.3574 0.0396 
        H103  1 0.1547 0.0260 0.0647 0.3310 0.0200 0.0435 0.0711 0.0983 0.1906 
        H104  1 0.0361 0.0838 0.1190 0.0994 0.1008 0.0520 0.0477 0.1418 0.3194 
        H105  1 0.0439 0.2062 0.0649 0.0822 0.0444 0.0554 0.2451 0.2229 0.0349 
        H106  1 0.1764 0.0472 0.0462 0.0741 0.2231 0.0546 0.1314 0.0586 0.1886 
        H112  1 0.0555 0.1673 0.0608 0.1186 0.2146 0.0626 0.1392 0.0899 0.0916 
        H113  1 0.0634 0.0615 0.3313 0.1504 0.0601 0.0786 0.0764 0.1263 0.0519 
        H114  1 0.0629 0.0299 0.2656 0.1054 0.0559 0.0495 0.0964 0.3016 0.0327 
        H115  1 0.0751 0.0946 0.0718 0.0858 0.2563 0.0497 0.0503 0.2252 0.0912 
        H143  1 0.0435 0.0447 0.0323 0.0527 0.0394 0.0202 0.1551 0.5855 0.0266 
        H144  1 0.0580 0.0307 0.0254 0.1427 0.0404 0.0500 0.0478 0.5764 0.0285 
        H145  1 0.0800 0.5853 0.1039 0.0867 0.0266 0.0280 0.0345 0.0172 0.0378 
        H149  1 0.0328 0.0434 0.0499 0.0644 0.3380 0.0596 0.0549 0.2440 0.1128 
        H150  1 0.1001 0.1476 0.0919 0.2923 0.0896 0.0822 0.0467 0.0241 0.1256 
     H167542  1 0.0338 0.0399 0.0210 0.0510 0.0680 0.0229 0.0704 0.6275 0.0655 
     H169604  1 0.0302 0.1765 0.1199 0.1074 0.0858 0.1862 0.0398 0.1162 0.1379 
     H169607  1 0.0519 0.3837 0.0730 0.1818 0.0477 0.0630 0.0498 0.0601 0.0891 
     H169608  1 0.0607 0.6716 0.0438 0.0526 0.0390 0.0311 0.0319 0.0360 0.0332 
     H169633  1 0.0583 0.0869 0.1672 0.1054 0.0862 0.1270 0.1608 0.1628 0.0454 
     H169688  1 0.4862 0.0462 0.0265 0.0737 0.0220 0.1250 0.0453 0.0766 0.0986 
     H169714  1 0.0401 0.0263 0.0827 0.0657 0.4693 0.0419 0.0364 0.0477 0.1900 
     H171802  1 0.0631 0.0442 0.0663 0.1512 0.1503 0.2103 0.1633 0.0585 0.0927 
     H171805  1 0.2008 0.0315 0.0505 0.1389 0.0841 0.0326 0.0901 0.0557 0.3158 
     H171807  1 0.0604 0.1966 0.0570 0.1356 0.1470 0.1953 0.1222 0.0328 0.0530 
     H171814  1 0.0779 0.0291 0.2599 0.1538 0.0195 0.2535 0.0955 0.0679 0.0429 
     H171816  1 0.1822 0.0684 0.1013 0.1640 0.0603 0.1240 0.1455 0.0390 0.1152 
     H171817  1 0.0780 0.2266 0.1060 0.0903 0.0623 0.0327 0.1419 0.0723 0.1899 
     H171818  1 0.1157 0.0218 0.1173 0.1235 0.0897 0.0528 0.1386 0.2558 0.0850 
     H171819  1 0.0669 0.0826 0.4469 0.0790 0.0308 0.1017 0.1019 0.0381 0.0521 
     H171834  1 0.0345 0.0153 0.0351 0.0382 0.7041 0.0308 0.0682 0.0490 0.0247 
     H171835  1 0.1374 0.1328 0.1013 0.0612 0.0619 0.1164 0.0186 0.0391 0.3313 
     H171836  1 0.1515 0.0435 0.0691 0.1325 0.0407 0.1117 0.3729 0.0514 0.0267 
     H171837  1 0.0822 0.2162 0.1390 0.1045 0.0852 0.0479 0.0315 0.2162 0.0772 
     H171838  1 0.0950 0.0349 0.0979 0.1028 0.3079 0.0945 0.2161 0.0178 0.0331 
     H171839  1 0.0364 0.1532 0.1881 0.0819 0.0864 0.1183 0.0361 0.1421 0.1575 
     H171841  1 0.0786 0.4758 0.0322 0.0421 0.0389 0.0275 0.2579 0.0183 0.0287 
     H171860  1 0.0414 0.3154 0.1403 0.0870 0.0642 0.1349 0.0500 0.0851 0.0817 
     H171861  1 0.1669 0.0377 0.0949 0.1577 0.0382 0.0254 0.2832 0.1647 0.0313 
     H171862  1 0.0506 0.0455 0.1027 0.1393 0.3274 0.0559 0.1166 0.1183 0.0437 
     H171868  1 0.0353 0.0309 0.0758 0.0468 0.0503 0.0279 0.0291 0.6747 0.0292 
     H171869  1 0.3063 0.0346 0.0535 0.2341 0.0872 0.0739 0.0683 0.0986 0.0436 
     H171870  1 0.4581 0.0375 0.0248 0.0987 0.0996 0.0674 0.0383 0.0551 0.1206 
     H171871  1 0.1311 0.0419 0.0733 0.2572 0.1150 0.0525 0.1725 0.0425 0.1139 
     H171872  1 0.0423 0.2616 0.2205 0.1024 0.0626 0.0376 0.0356 0.0821 0.1553 
     H171873  1 0.4821 0.0282 0.1144 0.0837 0.0764 0.0539 0.0425 0.0475 0.0713 
     H171874  1 0.1708 0.0827 0.2007 0.1040 0.0628 0.1161 0.1077 0.1310 0.0243 
     H171875  1 0.0678 0.0329 0.2410 0.1335 0.0209 0.0387 0.2411 0.1973 0.0269 
     H171876  1 0.0378 0.0975 0.0830 0.0833 0.0388 0.3112 0.0456 0.2666 0.0361 
     H171877  1 0.0754 0.0698 0.0834 0.0711 0.0380 0.0519 0.0377 0.5222 0.0506 
     H171878  1 0.2570 0.0324 0.0272 0.1564 0.0460 0.2402 0.0766 0.0450 0.1192 
     H171901  1 0.0704 0.2776 0.0339 0.0561 0.0258 0.0475 0.1366 0.0496 0.3025 
     H171902  1 0.0504 0.5242 0.0657 0.1120 0.0802 0.0306 0.0400 0.0574 0.0395 
     H171903  1 0.0393 0.0545 0.1513 0.1673 0.1487 0.1017 0.0588 0.2250 0.0534 
     H171935  1 0.1684 0.1372 0.0782 0.1188 0.1580 0.1311 0.0752 0.0177 0.1153 
     H171936  1 0.0721 0.0267 0.0981 0.0834 0.0494 0.1472 0.2072 0.2476 0.0682 
     H171940  1 0.0343 0.0698 0.0357 0.0912 0.1589 0.0464 0.2231 0.2781 0.0625 
     H171945  1 0.2442 0.1286 0.0285 0.1870 0.1038 0.0627 0.1255 0.0526 0.0672 
     H171948  1 0.0331 0.0552 0.0771 0.0690 0.1876 0.0429 0.4401 0.0466 0.0484 
     H171949  1 0.0334 0.1795 0.0430 0.0609 0.4251 0.0677 0.0582 0.0409 0.0913 
     H171950  1 0.0834 0.1161 0.0514 0.0403 0.0645 0.0387 0.0209 0.1381 0.4466 
     H171963  1 0.7171 0.0251 0.0372 0.0591 0.0244 0.0388 0.0342 0.0384 0.0256 
     H171964  1 0.1105 0.0589 0.2454 0.2621 0.0616 0.1777 0.0281 0.0297 0.0260 
     H171966  1 0.2046 0.0569 0.2448 0.1546 0.1117 0.0258 0.0855 0.0727 0.0433 
     H171968  1 0.1313 0.4615 0.0316 0.0786 0.0570 0.0264 0.0411 0.1354 0.0372 
     H171971  1 0.1208 0.0273 0.2727 0.1063 0.1250 0.0747 0.1114 0.0267 0.1351 
     H171972  1 0.0293 0.0495 0.0410 0.0588 0.0226 0.7041 0.0379 0.0252 0.0316 
     H171977  1 0.2795 0.0503 0.0893 0.1781 0.0411 0.1072 0.1141 0.0845 0.0559 
     H171978  1 0.0677 0.0782 0.0328 0.1158 0.1424 0.0351 0.0926 0.0352 0.4003 
     H171979  1 0.0519 0.0663 0.1680 0.2033 0.1246 0.1520 0.1561 0.0392 0.0388 
        H176  1 0.0276 0.3350 0.3004 0.0629 0.0365 0.0346 0.0368 0.1272 0.0391 
        H177  1 0.1733 0.0948 0.0365 0.0865 0.1358 0.0326 0.0784 0.0657 0.2963 
        H179  1 0.0231 0.0349 0.0692 0.0411 0.0260 0.0407 0.0540 0.4967 0.2142 
        H181  1 0.0338 0.0301 0.0406 0.0603 0.1068 0.0462 0.6255 0.0360 0.0207 
        H182  1 0.2679 0.0446 0.1086 0.1741 0.0915 0.0281 0.1837 0.0446 0.0568 
        H183  1 0.0314 0.0183 0.0216 0.0395 0.0432 0.0414 0.7442 0.0445 0.0159 
        H184  1 0.0520 0.1378 0.1069 0.1454 0.1488 0.0406 0.2146 0.0664 0.0875 
        H185  1 0.1549 0.0456 0.0730 0.1586 0.0938 0.2215 0.1156 0.0958 0.0413 
        H186  1 0.1802 0.0472 0.0265 0.1714 0.0336 0.0263 0.0250 0.4263 0.0636 
        H187  1 0.2537 0.0233 0.0255 0.0654 0.0159 0.0479 0.2705 0.0819 0.2158 
        H188  1 0.0253 0.0811 0.0819 0.0825 0.0828 0.0599 0.0543 0.4979 0.0343 
        H192  1 0.0993 0.0547 0.0504 0.0793 0.5056 0.0342 0.0741 0.0354 0.0670 
        H193  1 0.1183 0.0417 0.0464 0.2838 0.0782 0.0242 0.0923 0.2261 0.0891 
        H194  1 0.0346 0.0761 0.1872 0.0970 0.3683 0.0599 0.0534 0.0696 0.0540 
        H195  1 0.5429 0.0408 0.0368 0.0854 0.0395 0.0938 0.0602 0.0545 0.0462 
        H199  1 0.1480 0.2659 0.0423 0.2106 0.0473 0.0568 0.1475 0.0495 0.0321 
        H200  1 0.0380 0.1586 0.0938 0.0853 0.0521 0.1930 0.1610 0.1554 0.0628 
        H414  1 0.0758 0.0498 0.0688 0.1030 0.0551 0.0843 0.0820 0.1165 0.3647 
        H415  1 0.0431 0.0871 0.1516 0.1162 0.0497 0.0678 0.2619 0.1195 0.1032 
        H422  1 0.1176 0.2615 0.0754 0.1657 0.0394 0.0365 0.0986 0.1705 0.0348 
        H423  1 0.0356 0.4120 0.0533 0.0854 0.0559 0.0609 0.2008 0.0329 0.0633 
        H424  1 0.1884 0.0321 0.0479 0.2763 0.0674 0.0459 0.2084 0.0938 0.0399 
        H425  1 0.3677 0.0333 0.0448 0.2378 0.0609 0.0723 0.0533 0.0566 0.0732 
        H426  1 0.0556 0.0467 0.0974 0.2665 0.1685 0.0432 0.2068 0.0465 0.0687 
        H443  1 0.0631 0.0368 0.0323 0.2078 0.0417 0.0222 0.0164 0.5521 0.0277 
        H466  1 0.0421 0.0376 0.0486 0.1556 0.2354 0.1297 0.1007 0.1590 0.0912 
        H467  1 0.1170 0.0434 0.2761 0.0603 0.3130 0.0335 0.0300 0.0277 0.0990 
        H472  1 0.0245 0.6627 0.0478 0.0483 0.0267 0.0565 0.0518 0.0287 0.0530 
        H483  1 0.0458 0.0389 0.0478 0.0769 0.1052 0.0652 0.4826 0.1178 0.0198 
        H504  1 0.2327 0.0878 0.0941 0.2195 0.0253 0.0704 0.1558 0.0601 0.0543 
        H505  1 0.0419 0.0346 0.0272 0.0729 0.0554 0.0825 0.1220 0.2728 0.2907 
        H506  1 0.0866 0.1053 0.0702 0.2395 0.0373 0.0899 0.1334 0.1231 0.1147 
        H507  1 0.1821 0.0444 0.0880 0.1874 0.0343 0.0749 0.2289 0.0845 0.0754 
        H508  1 0.1137 0.0475 0.1100 0.2682 0.1088 0.0761 0.0458 0.0571 0.1728 
        H524  1 0.1362 0.0405 0.0362 0.0867 0.0423 0.1358 0.1768 0.0958 0.2498 
        H525  1 0.1787 0.0829 0.0827 0.2458 0.0483 0.0821 0.0337 0.1691 0.0768 
        H526  1 0.0691 0.2351 0.2089 0.1165 0.0294 0.0736 0.0713 0.1666 0.0296 
        H527  1 0.0830 0.0934 0.0285 0.0788 0.0408 0.0662 0.1280 0.0641 0.4173 
        H528  1 0.0257 0.0359 0.4585 0.1416 0.0250 0.0796 0.0947 0.1008 0.0383 
        H529  1 0.1145 0.0334 0.0551 0.3684 0.0695 0.0359 0.0530 0.1105 0.1597 
        H533  1 0.1523 0.0299 0.0770 0.1355 0.0411 0.0301 0.1116 0.0524 0.3702 
        H538  1 0.0365 0.3437 0.0376 0.0904 0.0679 0.1418 0.0604 0.1202 0.1015 
        H539  1 0.7349 0.0250 0.0168 0.0426 0.0176 0.0302 0.0412 0.0366 0.0550 
        H540  1 0.2332 0.0842 0.0697 0.1588 0.1480 0.0465 0.1251 0.0575 0.0770 
        H541  1 0.0456 0.0609 0.0500 0.1003 0.0618 0.0727 0.0585 0.3519 0.1983 
        H558  1 0.0493 0.0208 0.0195 0.0344 0.0355 0.0369 0.7617 0.0219 0.0201 
        H559  1 0.0569 0.0904 0.0421 0.0910 0.0237 0.0340 0.0988 0.5014 0.0618 
        H579  1 0.4426 0.0845 0.0677 0.1119 0.0347 0.0308 0.1555 0.0488 0.0235 
        H584  1 0.0782 0.1377 0.1493 0.2026 0.1665 0.0659 0.0492 0.0562 0.0944 
        H585  1 0.0388 0.0292 0.2072 0.1729 0.0797 0.0733 0.1614 0.0936 0.1439 
        H605  1 0.1225 0.0715 0.0471 0.1109 0.0868 0.0567 0.0638 0.3084 0.1323 
        H606  1 0.0398 0.2689 0.0224 0.0430 0.0339 0.0207 0.0353 0.4613 0.0746 
        H632  1 0.0771 0.1741 0.2471 0.1356 0.0483 0.1825 0.0271 0.0718 0.0364 
        H634  1 0.1502 0.0767 0.1413 0.1134 0.0295 0.0548 0.0899 0.2118 0.1324 
        H671  1 0.0237 0.3638 0.1611 0.0652 0.0320 0.0445 0.0647 0.0755 0.1696 
        H672  1 0.0487 0.0444 0.0399 0.0532 0.0280 0.4083 0.0352 0.2218 0.1205 
        H673  1 0.0446 0.0502 0.0268 0.3387 0.0547 0.1081 0.1115 0.2365 0.0288 
        H689  1 0.0463 0.0660 0.0713 0.2244 0.1960 0.0827 0.1045 0.1726 0.0363 
        H690  1 0.1280 0.0559 0.0325 0.0688 0.2310 0.0295 0.0629 0.1517 0.2396 
        H691  1 0.0576 0.0471 0.0549 0.0766 0.1199 0.2032 0.0489 0.3451 0.0466 
        H692  1 0.0289 0.0281 0.0462 0.3271 0.0430 0.2014 0.2169 0.0866 0.0218 
        H709  1 0.0692 0.0462 0.0682 0.1233 0.0546 0.0780 0.0354 0.2152 0.3099 
        H710  1 0.0761 0.0346 0.1739 0.4380 0.0429 0.0477 0.0821 0.0705 0.0342 
       H7355  1 0.0764 0.5123 0.1198 0.0985 0.0600 0.0280 0.0284 0.0434 0.0332 
       H7356  1 0.1314 0.0434 0.0304 0.1246 0.2903 0.0675 0.0744 0.0493 0.1887 
       H7357  1 0.1252 0.1588 0.0671 0.1008 0.0661 0.0286 0.0705 0.2639 0.1189 
       H7358  1 0.0726 0.2583 0.0382 0.0748 0.0257 0.1229 0.1232 0.2472 0.0371 
       H7380  1 0.0576 0.1602 0.2363 0.1651 0.0660 0.0302 0.0676 0.1665 0.0504 
       H7381  1 0.0353 0.1138 0.0642 0.3901 0.0534 0.0762 0.0727 0.0573 0.1368 
       H7382  1 0.1779 0.1039 0.0609 0.1234 0.0866 0.1769 0.0818 0.1438 0.0448 
        H904  1 0.0518 0.2609 0.0401 0.0505 0.1159 0.0253 0.0326 0.3519 0.0711 
        H923  1 0.1267 0.1253 0.2034 0.1678 0.0678 0.1113 0.0538 0.0727 0.0712 
        H924  1 0.0673 0.1505 0.0422 0.1125 0.0903 0.0684 0.1862 0.2385 0.0442 
        H925  1 0.0746 0.0270 0.0335 0.0681 0.0214 0.0520 0.0344 0.6445 0.0444 
       H9558  1 0.0496 0.0208 0.0192 0.0275 0.0256 0.0302 0.7916 0.0179 0.0177 
      H105.1  1 0.0368 0.0182 0.1224 0.2274 0.1736 0.0544 0.2634 0.0413 0.0624 
      H115.1  1 0.0499 0.0223 0.0614 0.0824 0.0321 0.0346 0.0900 0.5654 0.0618 
      H145.1  1 0.0732 0.6556 0.0531 0.0506 0.0245 0.0261 0.0227 0.0610 0.0332 
      H149.1  1 0.0303 0.0225 0.0233 0.0284 0.0268 0.0213 0.0187 0.8099 0.0188 
      H150.1  1 0.3991 0.0972 0.0563 0.2007 0.0391 0.0245 0.1011 0.0284 0.0535 
   H169607.1  1 0.1074 0.2242 0.1227 0.1100 0.0206 0.0744 0.0948 0.0625 0.1834 
   H169633.1  1 0.0936 0.1170 0.0724 0.0712 0.0503 0.0990 0.0802 0.3930 0.0232 
   H169688.1  1 0.0638 0.0491 0.0281 0.1329 0.0200 0.2908 0.0460 0.3405 0.0287 
   H171901.1  1 0.0865 0.0648 0.4466 0.1213 0.0317 0.0923 0.0573 0.0341 0.0653 
   H171902.1  1 0.1297 0.4836 0.0426 0.0608 0.0363 0.0225 0.0560 0.1278 0.0408 
   H171903.1  1 0.0445 0.0839 0.0366 0.1292 0.1335 0.0512 0.0993 0.0652 0.3566 
      H177.1  1 0.0398 0.0750 0.0235 0.0557 0.0653 0.1410 0.0321 0.5241 0.0436 
      H179.1  1 0.0502 0.0607 0.0745 0.0694 0.0294 0.0458 0.0815 0.3869 0.2015 
      H180.1  1 0.1411 0.0357 0.0771 0.1829 0.1082 0.0376 0.0679 0.1508 0.1986 
      H181.1  1 0.1109 0.0512 0.0533 0.1356 0.2726 0.0406 0.0815 0.2221 0.0322 
 H194.1_2004  1 0.1429 0.0634 0.0386 0.2109 0.1584 0.0506 0.1540 0.1157 0.0655 
 H195.1_2003  1 0.0658 0.0449 0.0533 0.0989 0.0411 0.1892 0.1741 0.0655 0.2673 
 H195.1_2004  1 0.0649 0.3237 0.0942 0.0605 0.0539 0.1191 0.0263 0.2180 0.0392 
      H415.1  1 0.0872 0.0544 0.0799 0.1085 0.0531 0.0396 0.2693 0.2545 0.0536 
      H506.1  1 0.0517 0.0320 0.0782 0.0961 0.0204 0.0479 0.0872 0.4931 0.0934 
      H533.1  1 0.0960 0.0292 0.0508 0.0796 0.0263 0.0223 0.1606 0.4549 0.0804 
      H535.1  1 0.0704 0.0420 0.0436 0.1264 0.2686 0.0496 0.0810 0.2202 0.0982 
      H539.1  1 0.2241 0.1097 0.0279 0.0692 0.0600 0.0209 0.4219 0.0358 0.0304 
      H540.1  1 0.6234 0.0490 0.0249 0.0533 0.0347 0.0252 0.0976 0.0230 0.0689 
     H9558.1  1 0.1001 0.0462 0.0347 0.0438 0.0316 0.0346 0.6627 0.0240 0.0223 
    kos339.1  1 0.0602 0.0706 0.0424 0.0807 0.0716 0.0611 0.0373 0.4298 0.1462 
        D023  2 0.7902 0.0170 0.0268 0.0221 0.0167 0.0176 0.0174 0.0773 0.0147 
        D130  2 0.6412 0.0279 0.0164 0.0437 0.0822 0.0288 0.0312 0.0615 0.0672 
        D131  2 0.0411 0.0543 0.2055 0.2133 0.0613 0.0673 0.0295 0.2588 0.0687 
        D163  2 0.5642 0.0352 0.0495 0.0864 0.0828 0.0196 0.0653 0.0558 0.0411 
        D164  2 0.3572 0.0209 0.0159 0.0244 0.0226 0.2750 0.2486 0.0179 0.0175 
        D165  2 0.6823 0.0245 0.0706 0.0453 0.0274 0.0352 0.0241 0.0742 0.0165 
        D166  2 0.1118 0.0811 0.0969 0.1709 0.1208 0.0417 0.1120 0.0353 0.2296 
        D167  2 0.0252 0.0205 0.0242 0.0308 0.0221 0.7834 0.0453 0.0195 0.0291 
        D192  2 0.0259 0.0221 0.0311 0.0298 0.0259 0.7775 0.0518 0.0153 0.0207 
        D193  2 0.0264 0.0324 0.0487 0.0791 0.1153 0.0222 0.5524 0.0393 0.0843 
        D206  2 0.0633 0.0361 0.0702 0.1232 0.0818 0.1347 0.1262 0.3217 0.0428 
        D207  2 0.0395 0.0224 0.0597 0.1198 0.1033 0.5226 0.0408 0.0462 0.0457 
        D208  2 0.0626 0.1711 0.1512 0.1076 0.0328 0.0750 0.0333 0.0726 0.2938 
        D209  2 0.1590 0.0260 0.0468 0.1578 0.0371 0.3225 0.1844 0.0335 0.0328 
        D210  2 0.0412 0.2691 0.1520 0.0685 0.1629 0.1036 0.0363 0.1072 0.0590 
     D229599  2 0.0877 0.0561 0.2009 0.1115 0.0466 0.0492 0.2679 0.1264 0.0537 
     D229600  2 0.4420 0.0265 0.0328 0.0726 0.0804 0.1939 0.0372 0.0544 0.0602 
     D237227  2 0.1174 0.1795 0.0960 0.1162 0.0319 0.1629 0.1375 0.1039 0.0547 
     D237228  2 0.0267 0.0610 0.0430 0.0595 0.0401 0.0489 0.6796 0.0200 0.0211 
     D237258  2 0.1362 0.0554 0.1641 0.1561 0.0490 0.1684 0.0897 0.1370 0.0440 
     D237310  2 0.0671 0.0920 0.0494 0.0914 0.2242 0.1091 0.2361 0.0161 0.1146 
     D237311  2 0.0514 0.0237 0.0437 0.0791 0.0548 0.2287 0.4663 0.0191 0.0331 
     D237312  2 0.0629 0.0947 0.0526 0.0887 0.3696 0.0393 0.1422 0.0398 0.1101 
     D237313  2 0.1131 0.1255 0.0728 0.1526 0.1357 0.0239 0.1539 0.1515 0.0710 
     D237322  2 0.0372 0.1542 0.1810 0.2570 0.0577 0.0539 0.0435 0.0314 0.1841 
     D237323  2 0.1667 0.1136 0.0799 0.0813 0.0624 0.1292 0.1821 0.0245 0.1604 
     D237324  2 0.2118 0.0211 0.0815 0.3648 0.0511 0.1117 0.0441 0.0460 0.0678 
     D237325  2 0.1138 0.0853 0.0387 0.0945 0.2152 0.1014 0.1284 0.0401 0.1825 
     D237326  2 0.0542 0.0330 0.0473 0.0416 0.0244 0.0318 0.7003 0.0434 0.0241 
     D237327  2 0.0528 0.0364 0.4562 0.0816 0.0960 0.1022 0.0244 0.0317 0.1187 
     D237337  2 0.0628 0.0914 0.0402 0.0807 0.0967 0.0324 0.4345 0.0546 0.1067 
     D237338  2 0.1004 0.0982 0.1382 0.1000 0.1421 0.1046 0.1483 0.0429 0.1254 
     D237339  2 0.0473 0.0226 0.0770 0.1106 0.0388 0.2668 0.1186 0.0608 0.2575 
     D237340  2 0.0660 0.0914 0.0785 0.0901 0.0671 0.2949 0.2191 0.0289 0.0640 
     D237389  2 0.0397 0.0234 0.0299 0.0442 0.0786 0.0676 0.6599 0.0201 0.0366 
     D237390  2 0.0437 0.0536 0.1104 0.0747 0.1494 0.0487 0.3671 0.0379 0.1144 
     D244017  2 0.0459 0.0485 0.0375 0.0581 0.0163 0.6626 0.0420 0.0293 0.0597 
     D244112  2 0.1032 0.0265 0.0391 0.0745 0.0392 0.5842 0.0726 0.0227 0.0381 
     D244118  2 0.4915 0.0185 0.0259 0.0400 0.0257 0.2614 0.0642 0.0168 0.0561 
     D244119  2 0.0267 0.1886 0.0284 0.0373 0.0251 0.5741 0.0348 0.0485 0.0366 
     D244120  2 0.0407 0.0482 0.1943 0.0726 0.1703 0.1641 0.2426 0.0178 0.0494 
     D244122  2 0.1128 0.0433 0.0361 0.0935 0.0699 0.3991 0.1022 0.0593 0.0838 
        D291  2 0.0913 0.0320 0.4367 0.1723 0.0205 0.0451 0.0398 0.0663 0.0961 
        D292  2 0.0669 0.0375 0.2531 0.0807 0.0347 0.1283 0.1119 0.1864 0.1005 
        D293  2 0.0165 0.0197 0.0384 0.0310 0.0155 0.7661 0.0197 0.0586 0.0344 
        D322  2 0.0611 0.0250 0.0385 0.0592 0.0306 0.6285 0.0477 0.0584 0.0509 
        D323  2 0.0493 0.0545 0.0746 0.1983 0.0330 0.2876 0.0850 0.0902 0.1275 
        D324  2 0.0865 0.0664 0.4403 0.1020 0.0825 0.0389 0.0518 0.1042 0.0275 
        D325  2 0.0204 0.0176 0.0698 0.0369 0.0393 0.7221 0.0307 0.0349 0.0283 
        D326  2 0.0139 0.0243 0.0713 0.0566 0.0196 0.0334 0.0283 0.7345 0.0182 
        D340  2 0.0209 0.0282 0.0311 0.0271 0.0277 0.7858 0.0335 0.0280 0.0176 
        D341  2 0.0317 0.0516 0.0605 0.0578 0.3234 0.2947 0.0262 0.0438 0.1103 
        D342  2 0.3365 0.0270 0.0291 0.1271 0.1942 0.0484 0.1645 0.0386 0.0348 
        D343  2 0.0141 0.0111 0.0150 0.0153 0.0176 0.8823 0.0127 0.0174 0.0145 
        D344  2 0.0155 0.0188 0.0238 0.0385 0.0393 0.0275 0.7662 0.0438 0.0265 
        D345  2 0.1720 0.0518 0.0615 0.1144 0.0257 0.0301 0.4422 0.0602 0.0422 
        D346  2 0.0308 0.4723 0.0533 0.0584 0.0815 0.1539 0.0564 0.0696 0.0239 
        D351  2 0.0540 0.0348 0.3114 0.1913 0.0371 0.0574 0.0630 0.1724 0.0787 
        D352  2 0.0294 0.0988 0.0965 0.1575 0.0295 0.1340 0.3809 0.0300 0.0434 
        D353  2 0.0231 0.0464 0.0585 0.5968 0.0294 0.0616 0.0435 0.1032 0.0374 
        D354  2 0.0287 0.0528 0.0215 0.0406 0.0336 0.0207 0.7348 0.0456 0.0218 
        D362  2 0.0494 0.0256 0.0364 0.0436 0.0176 0.0300 0.0692 0.6943 0.0339 
        D363  2 0.0433 0.0360 0.0382 0.0423 0.0202 0.0423 0.0775 0.6714 0.0287 
        D364  2 0.0206 0.0238 0.0246 0.0408 0.0367 0.0219 0.6816 0.1305 0.0194 
        D365  2 0.0115 0.0153 0.0127 0.0140 0.0176 0.8814 0.0116 0.0222 0.0137 
        D369  2 0.0344 0.0453 0.2094 0.0687 0.0386 0.2308 0.0437 0.3100 0.0191 
        D374  2 0.0182 0.1253 0.0211 0.0432 0.0252 0.0280 0.6691 0.0398 0.0300 
        D375  2 0.0274 0.0278 0.0301 0.0626 0.0348 0.0326 0.7334 0.0238 0.0274 
        D376  2 0.0254 0.1703 0.0268 0.0465 0.0956 0.0613 0.5091 0.0321 0.0330 
        D377  2 0.0601 0.1668 0.1207 0.1140 0.1441 0.0698 0.2183 0.0560 0.0503 
        D378  2 0.1115 0.0392 0.0916 0.1065 0.0525 0.2878 0.0273 0.2235 0.0602 
        D379  2 0.0261 0.0243 0.0328 0.0525 0.0495 0.0233 0.0592 0.6911 0.0413 
        D384  2 0.0166 0.0416 0.0236 0.0208 0.0172 0.0182 0.0217 0.8202 0.0202 
        D385  2 0.0158 0.0331 0.0168 0.0254 0.0278 0.8007 0.0416 0.0205 0.0183 
        D386  2 0.2018 0.0497 0.0338 0.1593 0.0466 0.1051 0.0695 0.2392 0.0947 
        D391  2 0.0191 0.0337 0.0275 0.0315 0.0222 0.7721 0.0236 0.0285 0.0420 
        D392  2 0.0486 0.0278 0.0498 0.0477 0.0187 0.6516 0.0660 0.0674 0.0223 
        D393  2 0.0709 0.0338 0.2654 0.0724 0.0797 0.0785 0.0398 0.2925 0.0671 
        D394  2 0.1360 0.0379 0.1259 0.0950 0.0721 0.1203 0.2688 0.0697 0.0744 
        D395  2 0.0225 0.0247 0.0258 0.0458 0.0337 0.7550 0.0503 0.0171 0.0252 
        D401  2 0.0297 0.0288 0.0336 0.0546 0.0267 0.0743 0.7050 0.0280 0.0193 
        D402  2 0.0279 0.0489 0.0890 0.0374 0.0514 0.6461 0.0330 0.0281 0.0382 
        D403  2 0.0608 0.0312 0.0310 0.2223 0.0544 0.0213 0.0881 0.3880 0.1029 
        D415  2 0.0272 0.0251 0.0255 0.1654 0.0938 0.0497 0.0541 0.5249 0.0342 
        D435  2 0.0375 0.0339 0.0912 0.0742 0.0800 0.1918 0.0652 0.3939 0.0322 
        D436  2 0.0267 0.0876 0.0858 0.0978 0.0653 0.0389 0.3091 0.1019 0.1871 
        D438  2 0.0317 0.0411 0.0207 0.0256 0.0287 0.7922 0.0190 0.0220 0.0192 
        D439  2 0.0702 0.0424 0.1305 0.2281 0.0387 0.0500 0.3533 0.0463 0.0405 
        D449  2 0.0250 0.0318 0.0481 0.1050 0.1736 0.1190 0.4104 0.0691 0.0180 
        D450  2 0.0604 0.4263 0.0752 0.1160 0.0849 0.0248 0.0460 0.1003 0.0661 
        D456  2 0.0231 0.0246 0.0361 0.0776 0.0283 0.0199 0.0336 0.7346 0.0221 
        D462  2 0.0226 0.0194 0.0456 0.0317 0.0179 0.7688 0.0301 0.0311 0.0329 
        D463  2 0.0172 0.0254 0.0295 0.0541 0.0225 0.0190 0.0324 0.7790 0.0209 
        D464  2 0.0264 0.0548 0.0249 0.3308 0.0530 0.3169 0.0384 0.0822 0.0726 
        D465  2 0.0265 0.0335 0.0301 0.0348 0.0319 0.6831 0.0472 0.0852 0.0277 
        D473  2 0.0460 0.6706 0.0455 0.0398 0.0410 0.0437 0.0277 0.0295 0.0562 
        D474  2 0.0580 0.0507 0.2952 0.0616 0.0564 0.0467 0.0461 0.3624 0.0229 
        D476  2 0.3315 0.0246 0.1111 0.0889 0.0364 0.2123 0.0916 0.0368 0.0667 
        D477  2 0.0326 0.1355 0.2004 0.1095 0.0598 0.0531 0.1246 0.2384 0.0461 
        D478  2 0.2526 0.0596 0.1656 0.1855 0.0305 0.0590 0.1356 0.0671 0.0446 
        D480  2 0.0330 0.0579 0.0511 0.0694 0.2093 0.1626 0.0253 0.2438 0.1475 
        D481  2 0.1691 0.0507 0.1645 0.1197 0.0287 0.1013 0.1409 0.1759 0.0492 
        D482  2 0.0888 0.1452 0.1831 0.2143 0.0568 0.0844 0.0827 0.0342 0.1106 
        D483  2 0.0284 0.0224 0.0238 0.0264 0.0209 0.8003 0.0236 0.0264 0.0278 
        D484  2 0.0388 0.1064 0.0902 0.1320 0.0442 0.1947 0.2360 0.0216 0.1362 
        D510  2 0.0293 0.3109 0.0930 0.1065 0.0601 0.0516 0.2545 0.0478 0.0462 
        D511  2 0.0682 0.0417 0.1204 0.0878 0.0326 0.4136 0.0454 0.1034 0.0869 
        D512  2 0.0474 0.0225 0.0315 0.0843 0.0646 0.3665 0.3201 0.0239 0.0392 
        D513  2 0.0408 0.1028 0.1083 0.0882 0.0440 0.3742 0.0894 0.1062 0.0462 
        D635  2 0.4558 0.0259 0.0558 0.1050 0.0209 0.0483 0.0375 0.2289 0.0219 
        D636  2 0.8423 0.0287 0.0157 0.0213 0.0129 0.0194 0.0202 0.0248 0.0147 
        D637  2 0.0381 0.1145 0.0528 0.1118 0.1518 0.2360 0.1590 0.0423 0.0938 
        D658  2 0.0377 0.0579 0.0280 0.0369 0.1060 0.5582 0.0624 0.0407 0.0721 
        D659  2 0.0523 0.0526 0.1050 0.0927 0.0998 0.0247 0.0849 0.4262 0.0616 
        D677  2 0.0647 0.0255 0.1287 0.0806 0.1927 0.0361 0.0731 0.2549 0.1436 
        D678  2 0.1358 0.0276 0.0234 0.1164 0.0550 0.5055 0.0859 0.0210 0.0294 
        D679  2 0.0466 0.1188 0.2117 0.1437 0.1088 0.0576 0.0297 0.2286 0.0545 
        D719  2 0.0236 0.1628 0.1820 0.0736 0.0234 0.2096 0.0769 0.1684 0.0796 
        D720  2 0.0490 0.0620 0.0521 0.0722 0.0225 0.0474 0.0494 0.5323 0.1129 
        D721  2 0.7087 0.0330 0.0278 0.0391 0.0433 0.0530 0.0203 0.0560 0.0189 
        D722  2 0.0206 0.0658 0.0437 0.0651 0.0263 0.0675 0.6410 0.0345 0.0355 
        D734  2 0.0221 0.2792 0.0701 0.0620 0.0489 0.3096 0.0388 0.0329 0.1362 
        D735  2 0.1028 0.0848 0.0699 0.1382 0.0818 0.0655 0.0268 0.3528 0.0774 
        D736  2 0.0530 0.1605 0.3130 0.0822 0.0958 0.0615 0.1365 0.0706 0.0269 
        D737  2 0.1567 0.0286 0.0980 0.0564 0.0714 0.3126 0.0758 0.0345 0.1660 
        D807  2 0.0392 0.1520 0.2204 0.0693 0.0829 0.0922 0.0792 0.1837 0.0812 
        D808  2 0.0902 0.0301 0.1341 0.1352 0.1331 0.2391 0.1019 0.0648 0.0714 
        D817  2 0.0605 0.0555 0.0805 0.1886 0.0322 0.0516 0.2304 0.2316 0.0692 
        D818  2 0.0891 0.0357 0.1482 0.1267 0.1319 0.2650 0.0180 0.0993 0.0861 
        D819  2 0.0580 0.0542 0.1381 0.2065 0.0303 0.1235 0.1295 0.2327 0.0272 
        D820  2 0.0289 0.0334 0.0444 0.0519 0.0477 0.0734 0.0330 0.3644 0.3229 
        D895  2 0.1178 0.1079 0.0414 0.1932 0.0565 0.0358 0.1315 0.2606 0.0553 
        D896  2 0.0387 0.0326 0.0356 0.0414 0.0417 0.0454 0.6989 0.0278 0.0379 
        D897  2 0.0841 0.0409 0.0636 0.1644 0.3344 0.0965 0.0859 0.0465 0.0836 
        D898  2 0.0367 0.0462 0.3475 0.1618 0.0699 0.0294 0.2200 0.0300 0.0584 
        D918  2 0.0816 0.1368 0.0861 0.1326 0.1459 0.1412 0.0739 0.0541 0.1479 
        D919  2 0.0630 0.0280 0.2534 0.1556 0.0337 0.0993 0.1048 0.1070 0.1551 
        D920  2 0.5971 0.0420 0.0347 0.0389 0.0509 0.0291 0.0636 0.0356 0.1083 
        D923  2 0.0344 0.0446 0.0511 0.1146 0.0367 0.0662 0.1697 0.4513 0.0313 
        D930  2 0.0373 0.4067 0.0453 0.0851 0.1441 0.0304 0.0987 0.1142 0.0383 
        D931  2 0.0308 0.0388 0.0530 0.0696 0.0676 0.4913 0.0509 0.1508 0.0473 
        D968  2 0.0195 0.0191 0.1384 0.0410 0.0158 0.6723 0.0419 0.0244 0.0277 
        D969  2 0.0416 0.0281 0.1561 0.1348 0.1058 0.1640 0.0391 0.2834 0.0470 
        D977  2 0.0240 0.0332 0.0245 0.0401 0.0696 0.7072 0.0305 0.0366 0.0343 
        D978  2 0.0364 0.0468 0.2015 0.2083 0.2754 0.0637 0.0225 0.0529 0.0925 
        H008  2 0.0373 0.0508 0.1114 0.1129 0.0283 0.0588 0.4218 0.1449 0.0339 
        H021  2 0.0922 0.0404 0.0494 0.0539 0.4958 0.1370 0.0262 0.0617 0.0434 
        H023  2 0.0950 0.0677 0.0333 0.0569 0.0387 0.0228 0.0419 0.3045 0.3392 
        H024  2 0.0276 0.0252 0.0779 0.0870 0.0948 0.0571 0.5912 0.0188 0.0204 
        H025  2 0.0348 0.0712 0.0413 0.1644 0.0508 0.0742 0.4058 0.0697 0.0878 
        H026  2 0.0347 0.0240 0.1623 0.2552 0.0455 0.2128 0.0429 0.1970 0.0257 
        H027  2 0.0675 0.0526 0.0511 0.0843 0.0906 0.3293 0.0417 0.1269 0.1560 
        H028  2 0.0342 0.0327 0.0327 0.0493 0.0487 0.0346 0.6956 0.0422 0.0300 
        H029  2 0.0943 0.0367 0.1902 0.1117 0.0177 0.2642 0.0674 0.1791 0.0389 
        H030  2 0.0283 0.0229 0.0257 0.0340 0.0532 0.6998 0.0881 0.0190 0.0291 
        H038  2 0.5476 0.0380 0.0568 0.0435 0.0336 0.0292 0.0289 0.0926 0.1299 
        H039  2 0.0258 0.5940 0.0296 0.0431 0.0616 0.0175 0.1028 0.0276 0.0980 
        H040  2 0.3287 0.0286 0.0323 0.0459 0.0253 0.0205 0.0198 0.0506 0.4483 
        H041  2 0.0291 0.0529 0.2122 0.0863 0.0482 0.2246 0.1934 0.1240 0.0293 
        H042  2 0.1114 0.2841 0.0562 0.1302 0.0399 0.0413 0.1125 0.0746 0.1497 
        H043  2 0.6330 0.0713 0.0291 0.0397 0.0214 0.0310 0.0870 0.0368 0.0509 
        H044  2 0.1351 0.0989 0.0792 0.1863 0.0514 0.1211 0.2727 0.0288 0.0264 
        H047  2 0.0326 0.0436 0.0454 0.0273 0.0460 0.0256 0.7027 0.0389 0.0379 
        H050  2 0.0542 0.0448 0.0430 0.1130 0.0478 0.4317 0.0560 0.0829 0.1265 
        H058  2 0.2492 0.0290 0.0787 0.2263 0.0968 0.0742 0.0632 0.0569 0.1257 
        H062  2 0.1687 0.2575 0.0317 0.0797 0.1312 0.0291 0.0780 0.1539 0.0702 
        H063  2 0.0951 0.0524 0.1005 0.0804 0.0363 0.2936 0.1352 0.0708 0.1358 
        H065  2 0.0212 0.0561 0.0288 0.0578 0.0258 0.0168 0.0694 0.6961 0.0279 
        H066  2 0.1342 0.0190 0.1250 0.0651 0.0397 0.0649 0.3938 0.0432 0.1150 
        H067  2 0.0685 0.1808 0.1748 0.1276 0.1451 0.0536 0.0573 0.1478 0.0446 
        H068  2 0.0410 0.1609 0.1065 0.1225 0.0826 0.1200 0.0655 0.0673 0.2336 
        H069  2 0.1374 0.0361 0.0294 0.0513 0.0142 0.3758 0.0672 0.0629 0.2257 
        H071  2 0.0475 0.1404 0.0617 0.1729 0.0598 0.0652 0.0367 0.2670 0.1489 
        H072  2 0.0297 0.3844 0.0498 0.0658 0.0320 0.0680 0.2462 0.0343 0.0897 
        H073  2 0.1347 0.0382 0.0742 0.2868 0.0871 0.0686 0.0293 0.0877 0.1933 
        H081  2 0.0420 0.3026 0.0983 0.1070 0.0664 0.0545 0.0694 0.1907 0.0690 
        H082  2 0.0583 0.0263 0.0369 0.0492 0.0262 0.6309 0.0984 0.0523 0.0216 
        H083  2 0.0482 0.0237 0.0261 0.0437 0.0839 0.6420 0.0535 0.0424 0.0365 
        H084  2 0.0727 0.0678 0.2976 0.1241 0.0949 0.0867 0.0388 0.0361 0.1814 
        H085  2 0.0252 0.1103 0.0302 0.0672 0.0356 0.4936 0.0434 0.1534 0.0408 
        H087  2 0.0403 0.1534 0.1438 0.1025 0.1805 0.0534 0.0703 0.2173 0.0385 
        H088  2 0.0508 0.0898 0.0583 0.0850 0.0594 0.0779 0.1587 0.3214 0.0987 
        H089  2 0.1651 0.1486 0.0811 0.1333 0.0502 0.1617 0.0450 0.1411 0.0739 
        H090  2 0.0181 0.0240 0.0998 0.0262 0.0265 0.7340 0.0345 0.0228 0.0140 
        H091  2 0.0300 0.0362 0.0264 0.0382 0.0208 0.7558 0.0183 0.0303 0.0440 
        H098  2 0.0325 0.0482 0.1669 0.1052 0.0784 0.0803 0.3798 0.0513 0.0573 
      H10001  2 0.0255 0.7680 0.0227 0.0283 0.0502 0.0253 0.0198 0.0206 0.0396 
      H10002  2 0.1632 0.0715 0.0244 0.0642 0.0766 0.0439 0.0565 0.3607 0.1389 
        H101  2 0.0264 0.0281 0.0338 0.0527 0.0292 0.5897 0.0517 0.0239 0.1646 
        H108  2 0.0198 0.4443 0.0313 0.0869 0.0849 0.0202 0.0757 0.1849 0.0519 
        H109  2 0.0492 0.0401 0.1289 0.0846 0.0407 0.0584 0.3966 0.0399 0.1616 
        H110  2 0.0998 0.1051 0.1170 0.1591 0.0459 0.0666 0.0945 0.2798 0.0322 
        H116  2 0.1050 0.0381 0.1081 0.2034 0.0421 0.0687 0.2923 0.0823 0.0600 
        H117  2 0.0255 0.0285 0.4198 0.0659 0.0805 0.2263 0.0330 0.0564 0.0642 
        H118  2 0.0219 0.0322 0.0525 0.1048 0.0276 0.5225 0.0947 0.1195 0.0243 
        H119  2 0.0944 0.0820 0.4049 0.1382 0.0297 0.0328 0.0214 0.0876 0.1089 
        H120  2 0.0283 0.6902 0.0365 0.0505 0.0269 0.0231 0.0399 0.0629 0.0417 
        H121  2 0.0143 0.0317 0.0205 0.0251 0.0188 0.8274 0.0198 0.0258 0.0166 
        H125  2 0.0252 0.2454 0.0918 0.0509 0.0672 0.0257 0.0319 0.0263 0.4355 
        H126  2 0.0295 0.1146 0.0250 0.0941 0.0299 0.0252 0.6225 0.0318 0.0274 
        H128  2 0.0128 0.0093 0.0135 0.0160 0.0126 0.8942 0.0156 0.0122 0.0137 
        H129  2 0.0348 0.0221 0.1229 0.2859 0.2727 0.0468 0.0788 0.0912 0.0448 
        H130  2 0.0320 0.4909 0.0234 0.0844 0.0913 0.0363 0.1585 0.0248 0.0584 
        H133  2 0.0505 0.4601 0.0348 0.1095 0.0698 0.0652 0.0735 0.0384 0.0984 
        H134  2 0.0353 0.0256 0.0621 0.3067 0.0242 0.0285 0.2739 0.2224 0.0214 
        H135  2 0.0699 0.0775 0.0660 0.1167 0.0313 0.1067 0.1001 0.3607 0.0712 
        H137  2 0.0333 0.0233 0.1770 0.0837 0.2647 0.1258 0.1715 0.0572 0.0635 
        H138  2 0.0592 0.0348 0.1805 0.3394 0.1109 0.0405 0.1027 0.0726 0.0594 
        H140  2 0.0346 0.0842 0.0961 0.0859 0.2031 0.3526 0.0733 0.0384 0.0319 
        H146  2 0.0189 0.0274 0.0367 0.0472 0.0198 0.7377 0.0322 0.0431 0.0369 
        H147  2 0.0703 0.0289 0.1041 0.1612 0.0433 0.4273 0.0477 0.0554 0.0618 
        H148  2 0.0525 0.0543 0.3696 0.0736 0.2058 0.0636 0.0628 0.0866 0.0311 
     H166022  2 0.0868 0.0595 0.2095 0.1580 0.0541 0.0893 0.1587 0.0597 0.1244 
     H167359  2 0.0523 0.0392 0.0642 0.1105 0.0499 0.0435 0.4329 0.0753 0.1322 
     H167397  2 0.0905 0.0285 0.1168 0.2541 0.0285 0.2263 0.1688 0.0438 0.0426 
     H167428  2 0.0296 0.0206 0.0387 0.0654 0.0200 0.2638 0.0851 0.4614 0.0155 
     H167496  2 0.0351 0.0915 0.0682 0.0637 0.0814 0.0904 0.0965 0.1283 0.3448 
     H167513  2 0.5432 0.0472 0.0422 0.0499 0.0528 0.0516 0.1486 0.0224 0.0421 
     H167545  2 0.6183 0.0274 0.0313 0.0515 0.0225 0.0276 0.1033 0.0349 0.0832 
     H167547  2 0.0294 0.0192 0.7693 0.0512 0.0200 0.0328 0.0313 0.0116 0.0352 
     H169621  2 0.0377 0.0207 0.0547 0.0455 0.1571 0.5867 0.0351 0.0244 0.0382 
     H169622  2 0.2141 0.0766 0.0285 0.1712 0.0369 0.0448 0.1243 0.2440 0.0597 
     H169750  2 0.0362 0.0774 0.0444 0.0686 0.0302 0.4838 0.0436 0.0310 0.1848 
     H171806  2 0.0266 0.1238 0.2306 0.0595 0.0319 0.3163 0.0199 0.0816 0.1099 
     H171808  2 0.0908 0.2817 0.0505 0.0946 0.0224 0.0497 0.0630 0.2961 0.0512 
     H171809  2 0.0417 0.3592 0.1075 0.1194 0.0524 0.0410 0.1154 0.1001 0.0634 
