        D174  1 0.1002 0.2815 0.1236 0.0617 0.0641 0.0518 0.0312 0.0977 0.0869 0.1012 
        D199  1 0.0259 0.0581 0.2709 0.1512 0.0433 0.0520 0.0509 0.0507 0.1745 0.1225 
        D203  1 0.0964 0.0480 0.1817 0.0853 0.0672 0.1065 0.0840 0.1348 0.1039 0.0922 
        D204  1 0.0235 0.0300 0.5771 0.0268 0.0424 0.0937 0.0322 0.0762 0.0605 0.0376 
     D237366  1 0.1945 0.0748 0.0578 0.2502 0.0272 0.1580 0.0422 0.0928 0.0394 0.0631 
     D237367  1 0.0294 0.0603 0.1023 0.0904 0.0414 0.2346 0.0293 0.1606 0.1697 0.0820 
     D237368  1 0.0391 0.0605 0.1551 0.3199 0.0529 0.0344 0.0350 0.0775 0.1309 0.0947 
     D244101  1 0.0245 0.0200 0.0968 0.0313 0.0438 0.0584 0.1470 0.2459 0.2531 0.0793 
     D244102  1 0.0446 0.0456 0.0624 0.0793 0.2040 0.2137 0.0871 0.0866 0.0611 0.1157 
     D244103  1 0.0976 0.0454 0.0503 0.0508 0.0407 0.0340 0.0499 0.5183 0.0312 0.0818 
     D244104  1 0.0364 0.0687 0.4912 0.0591 0.0415 0.0240 0.0705 0.1218 0.0438 0.0430 
     D244105  1 0.1985 0.0246 0.0447 0.1772 0.1026 0.0488 0.0423 0.1581 0.0280 0.1752 
     D244106  1 0.3628 0.1266 0.1652 0.0331 0.0314 0.0681 0.0304 0.0362 0.0927 0.0535 
     D244107  1 0.0394 0.0263 0.0358 0.1077 0.3185 0.0285 0.1268 0.1161 0.0526 0.1483 
     D244108  1 0.0258 0.1302 0.0684 0.0516 0.3932 0.1169 0.0525 0.0406 0.0522 0.0687 
     D244113  1 0.0199 0.4792 0.0243 0.0736 0.0467 0.0607 0.0219 0.1663 0.0506 0.0567 
     D244114  1 0.3729 0.0934 0.0593 0.0372 0.0492 0.0573 0.0707 0.0647 0.0400 0.1553 
     D244115  1 0.0488 0.1646 0.3467 0.0773 0.0892 0.0434 0.0437 0.0496 0.0347 0.1019 
     D267365  1 0.0327 0.1180 0.3139 0.1125 0.0422 0.0515 0.0867 0.0916 0.0528 0.0980 
        D404  1 0.0422 0.2688 0.0547 0.0306 0.1352 0.2144 0.0488 0.0369 0.0962 0.0723 
        D405  1 0.0463 0.0852 0.2825 0.0621 0.1408 0.1005 0.0350 0.0574 0.0760 0.1141 
        D406  1 0.0349 0.0428 0.0451 0.6068 0.0515 0.0669 0.0231 0.0580 0.0346 0.0363 
        D407  1 0.0346 0.0447 0.3232 0.0662 0.0401 0.0288 0.0290 0.0735 0.2839 0.0761 
        D408  1 0.0249 0.5593 0.0568 0.0227 0.0311 0.0235 0.1313 0.0526 0.0465 0.0513 
        D409  1 0.0443 0.0343 0.0985 0.0666 0.0505 0.0445 0.2377 0.1533 0.0633 0.2071 
        D410  1 0.0289 0.0388 0.0691 0.0373 0.6492 0.0353 0.0220 0.0447 0.0223 0.0524 
        D421  1 0.0170 0.0350 0.6129 0.0241 0.0172 0.0150 0.0277 0.0820 0.1407 0.0285 
        D422  1 0.1770 0.0214 0.0587 0.5218 0.0514 0.0220 0.0379 0.0245 0.0228 0.0625 
        D423  1 0.0234 0.0251 0.0398 0.0390 0.5703 0.0318 0.0322 0.0507 0.1296 0.0581 
        D424  1 0.0344 0.0432 0.4121 0.0738 0.0225 0.0272 0.0198 0.2378 0.0358 0.0932 
        D425  1 0.0292 0.1013 0.1972 0.0276 0.1034 0.1201 0.1288 0.1094 0.0567 0.1262 
        D426  1 0.1305 0.0379 0.0398 0.0567 0.0275 0.0162 0.2366 0.1394 0.0723 0.2432 
        D427  1 0.0214 0.0874 0.2769 0.0964 0.0178 0.0175 0.0576 0.0657 0.3193 0.0400 
        D428  1 0.0192 0.1117 0.2020 0.0628 0.1572 0.1893 0.0400 0.0424 0.0527 0.1227 
        D429  1 0.1907 0.0662 0.5218 0.0200 0.0296 0.0505 0.0268 0.0281 0.0232 0.0432 
        D430  1 0.2263 0.1018 0.1493 0.0437 0.0351 0.0746 0.0615 0.0398 0.1628 0.1051 
        D491  1 0.0376 0.4699 0.0670 0.0359 0.0916 0.0442 0.0543 0.0931 0.0403 0.0660 
        D492  1 0.0520 0.1100 0.4454 0.0412 0.0391 0.0418 0.0299 0.0526 0.0934 0.0946 
        D537  1 0.0435 0.0535 0.2650 0.0862 0.0599 0.0613 0.0231 0.2591 0.0520 0.0964 
        D538  1 0.0473 0.1191 0.0860 0.1023 0.1367 0.0988 0.0426 0.0591 0.1184 0.1897 
        D539  1 0.3036 0.1146 0.0617 0.0710 0.0807 0.0903 0.0821 0.0617 0.0340 0.1002 
        D540  1 0.0534 0.0457 0.0505 0.0509 0.0803 0.0293 0.0608 0.4699 0.0398 0.1194 
        D541  1 0.0172 0.0162 0.7872 0.0195 0.0205 0.0186 0.0283 0.0359 0.0304 0.0263 
        D551  1 0.4781 0.0348 0.0415 0.0345 0.0340 0.0364 0.1161 0.0518 0.0329 0.1399 
        D552  1 0.0617 0.0954 0.1075 0.1401 0.2885 0.0347 0.0454 0.0908 0.0525 0.0832 
        D553  1 0.0205 0.0345 0.2702 0.0296 0.0241 0.0176 0.0407 0.5088 0.0210 0.0332 
        D615  1 0.0649 0.0748 0.4523 0.0757 0.1005 0.0414 0.0339 0.0480 0.0323 0.0762 
        D616  1 0.0633 0.0446 0.4178 0.0583 0.0855 0.0202 0.0847 0.0358 0.0960 0.0938 
        D621  1 0.0288 0.2701 0.0325 0.2466 0.2128 0.0377 0.0320 0.0635 0.0231 0.0528 
        D622  1 0.1008 0.0738 0.0685 0.3109 0.1018 0.0547 0.0568 0.0786 0.0466 0.1075 
        D623  1 0.0192 0.1255 0.0369 0.0432 0.0652 0.0965 0.0459 0.0348 0.4514 0.0812 
        D624  1 0.0487 0.3670 0.2226 0.0502 0.0282 0.0347 0.0362 0.0299 0.0301 0.1524 
        D625  1 0.0356 0.0806 0.5824 0.0477 0.0316 0.0571 0.0273 0.0626 0.0275 0.0477 
        D626  1 0.0398 0.3160 0.0667 0.0621 0.0722 0.1329 0.0804 0.1303 0.0309 0.0687 
        D627  1 0.0782 0.0501 0.0604 0.0434 0.0206 0.0282 0.3334 0.1963 0.0404 0.1490 
        D690  1 0.0191 0.0548 0.7343 0.0280 0.0364 0.0304 0.0246 0.0267 0.0193 0.0263 
        D691  1 0.2132 0.0396 0.1103 0.3603 0.0378 0.0655 0.0519 0.0355 0.0432 0.0428 
        D710  1 0.0227 0.1089 0.1281 0.0769 0.1096 0.0397 0.1139 0.1492 0.1198 0.1312 
        D711  1 0.0230 0.0300 0.7138 0.0343 0.0273 0.0850 0.0205 0.0193 0.0240 0.0229 
        D712  1 0.0288 0.3399 0.0361 0.1441 0.0700 0.0736 0.0809 0.0637 0.0795 0.0834 
        D713  1 0.0579 0.2297 0.1612 0.0976 0.0616 0.0648 0.0325 0.1266 0.0399 0.1281 
        D746  1 0.0748 0.0478 0.0948 0.5782 0.0364 0.0223 0.0314 0.0574 0.0258 0.0311 
        D747  1 0.0157 0.0151 0.8018 0.0158 0.0168 0.0313 0.0288 0.0204 0.0344 0.0200 
        D748  1 0.2483 0.0707 0.2513 0.1298 0.0386 0.0679 0.0447 0.0521 0.0396 0.0571 
        D749  1 0.0938 0.0622 0.0798 0.2222 0.1724 0.0324 0.0388 0.0659 0.0320 0.2005 
        D750  1 0.0499 0.2688 0.4379 0.0435 0.0372 0.0286 0.0249 0.0316 0.0398 0.0377 
        D763  1 0.1120 0.0666 0.1012 0.1393 0.0569 0.0497 0.1181 0.0873 0.1128 0.1562 
        D764  1 0.0276 0.1044 0.6182 0.0484 0.0350 0.0153 0.0268 0.0410 0.0334 0.0499 
        D765  1 0.0717 0.0623 0.0240 0.0716 0.5452 0.0371 0.0388 0.0485 0.0193 0.0815 
        D766  1 0.0450 0.0743 0.0447 0.1108 0.4407 0.0390 0.0328 0.1069 0.0395 0.0663 
        D767  1 0.0314 0.0345 0.0526 0.0727 0.0590 0.5384 0.0339 0.0777 0.0411 0.0586 
        D768  1 0.0434 0.0258 0.3533 0.0412 0.0264 0.0253 0.0368 0.3565 0.0331 0.0582 
        D811  1 0.0301 0.4066 0.0355 0.0285 0.1677 0.0668 0.0512 0.0584 0.0661 0.0890 
        D816  1 0.0258 0.0295 0.6952 0.0265 0.0312 0.0359 0.0237 0.0607 0.0277 0.0438 
        D825  1 0.0513 0.1565 0.0818 0.0328 0.3706 0.0685 0.0324 0.0399 0.0340 0.1322 
        D866  1 0.0833 0.1152 0.1704 0.0687 0.0694 0.0385 0.2223 0.0349 0.0856 0.1116 
        D867  1 0.0398 0.0433 0.0276 0.5494 0.0559 0.0290 0.0304 0.0861 0.0785 0.0600 
        D871  1 0.0623 0.0856 0.0857 0.0267 0.0313 0.1605 0.2024 0.1669 0.0359 0.1427 
        D872  1 0.0197 0.0479 0.0928 0.2147 0.1259 0.2401 0.0274 0.1282 0.0419 0.0613 
        D873  1 0.0230 0.0187 0.0185 0.0303 0.7971 0.0223 0.0197 0.0161 0.0231 0.0312 
        D874  1 0.0366 0.2567 0.1378 0.0296 0.0364 0.1082 0.0383 0.1705 0.1186 0.0673 
        D875  1 0.1389 0.0404 0.0526 0.0725 0.0670 0.0556 0.1810 0.0690 0.0401 0.2828 
        D876  1 0.0297 0.1348 0.0889 0.1551 0.0592 0.0623 0.0359 0.3271 0.0374 0.0695 
        D877  1 0.0328 0.3174 0.0788 0.0206 0.0821 0.2067 0.0225 0.0493 0.0510 0.1390 
        D892  1 0.1962 0.0996 0.1919 0.0922 0.0339 0.1522 0.0254 0.0815 0.0506 0.0764 
        D893  1 0.0452 0.0364 0.2663 0.0930 0.0588 0.1336 0.0615 0.1580 0.0537 0.0934 
        D894  1 0.1031 0.0280 0.6855 0.0233 0.0189 0.0356 0.0361 0.0181 0.0205 0.0310 
        D915  1 0.0988 0.0515 0.2814 0.0633 0.1300 0.0427 0.0365 0.1592 0.0343 0.1022 
        D916  1 0.0185 0.0166 0.8478 0.0187 0.0144 0.0152 0.0169 0.0190 0.0168 0.0160 
        D917  1 0.0190 0.1618 0.2120 0.0518 0.0593 0.0505 0.1416 0.1040 0.0832 0.1169 
        D925  1 0.0214 0.0585 0.1950 0.0891 0.4210 0.0336 0.0265 0.0754 0.0240 0.0555 
        D926  1 0.0928 0.0441 0.3010 0.0449 0.0539 0.0654 0.0430 0.2155 0.0305 0.1089 
        D927  1 0.0583 0.0343 0.1995 0.0876 0.0324 0.1205 0.0415 0.0442 0.3016 0.0802 
        D928  1 0.0146 0.5583 0.0650 0.0217 0.0951 0.0278 0.0307 0.1082 0.0358 0.0428 
        D929  1 0.0288 0.0754 0.0317 0.0449 0.0350 0.5594 0.0329 0.1114 0.0275 0.0530 
        D936  1 0.0597 0.0334 0.5055 0.0235 0.0537 0.0756 0.0635 0.0693 0.0495 0.0661 
        D938  1 0.0477 0.0627 0.0441 0.5220 0.1102 0.0352 0.0346 0.0621 0.0313 0.0501 
        D956  1 0.1131 0.3349 0.1555 0.0340 0.0831 0.0571 0.0490 0.0303 0.0510 0.0921 
        D957  1 0.0258 0.0291 0.0781 0.1046 0.3995 0.1272 0.0378 0.0840 0.0517 0.0623 
        D958  1 0.0339 0.2552 0.0889 0.1600 0.1402 0.0510 0.0254 0.1262 0.0454 0.0736 
        D959  1 0.0669 0.0296 0.2934 0.0606 0.0429 0.0236 0.0260 0.0740 0.2442 0.1389 
        D960  1 0.1137 0.0332 0.0481 0.4683 0.1334 0.0286 0.0210 0.0570 0.0312 0.0655 
        D989  1 0.0400 0.1438 0.1445 0.0638 0.0289 0.0519 0.0861 0.0591 0.3017 0.0801 
        D990  1 0.0283 0.0466 0.0412 0.0584 0.4482 0.0763 0.0872 0.0206 0.0486 0.1448 
        H102  1 0.0686 0.1413 0.3654 0.1383 0.0505 0.0392 0.0314 0.0840 0.0247 0.0565 
        H103  1 0.0252 0.0263 0.1342 0.1228 0.0880 0.1147 0.0772 0.0492 0.0698 0.2926 
        H104  1 0.0919 0.0622 0.1178 0.0392 0.0370 0.2752 0.1073 0.1318 0.0476 0.0900 
        H105  1 0.0451 0.1876 0.2243 0.0488 0.0908 0.0298 0.0682 0.1610 0.0556 0.0889 
        H106  1 0.2248 0.0485 0.0430 0.1422 0.1284 0.1715 0.0402 0.0808 0.0463 0.0742 
        H112  1 0.1838 0.1412 0.0924 0.0612 0.0858 0.0810 0.0579 0.1073 0.0579 0.1314 
        H113  1 0.0466 0.0607 0.0853 0.0478 0.0876 0.0475 0.3239 0.0932 0.0815 0.1258 
        H114  1 0.0359 0.0269 0.2859 0.0525 0.0864 0.0248 0.2690 0.0832 0.0583 0.0770 
        H115  1 0.1530 0.0806 0.3241 0.0790 0.0334 0.0570 0.0518 0.1067 0.0430 0.0715 
        H143  1 0.0402 0.0502 0.5107 0.0311 0.1551 0.0274 0.0284 0.0758 0.0240 0.0571 
        H144  1 0.0393 0.0424 0.2728 0.0755 0.0471 0.0289 0.0296 0.2129 0.0528 0.1987 
        H145  1 0.0313 0.4432 0.0233 0.1011 0.0537 0.0378 0.1380 0.0415 0.0240 0.1060 
        H149  1 0.2143 0.0371 0.4577 0.0265 0.0256 0.0820 0.0347 0.0396 0.0397 0.0430 
        H150  1 0.0821 0.1466 0.0334 0.0885 0.0362 0.1257 0.0954 0.0595 0.0825 0.2503 
     H167542  1 0.0514 0.0381 0.1441 0.0447 0.0366 0.0359 0.0227 0.5597 0.0282 0.0385 
     H169604  1 0.0851 0.1908 0.0969 0.0338 0.0465 0.1150 0.0817 0.0730 0.1792 0.0981 
     H169607  1 0.0505 0.2619 0.0576 0.0384 0.1006 0.1169 0.0767 0.0721 0.0623 0.1631 
     H169608  1 0.0387 0.5240 0.0668 0.0747 0.0574 0.0463 0.0661 0.0450 0.0291 0.0520 
     H169633  1 0.0778 0.0890 0.0711 0.0384 0.0784 0.0325 0.1467 0.2382 0.1052 0.1226 
     H169688  1 0.0188 0.0469 0.0552 0.4590 0.0319 0.0676 0.0222 0.0640 0.1597 0.0747 
     H169714  1 0.3745 0.0275 0.0679 0.0543 0.0280 0.2186 0.0778 0.0472 0.0472 0.0569 
     H171802  1 0.1105 0.0482 0.0488 0.0462 0.1966 0.1012 0.0743 0.0500 0.2042 0.1199 
     H171805  1 0.0926 0.0323 0.0482 0.1352 0.1441 0.2785 0.0510 0.0980 0.0331 0.0870 
     H171807  1 0.1508 0.1898 0.0361 0.0653 0.1161 0.0544 0.0521 0.0646 0.1520 0.1187 
     H171814  1 0.0183 0.0372 0.0709 0.0699 0.0814 0.0334 0.2042 0.1522 0.1760 0.1566 
     H171816  1 0.0575 0.0615 0.0481 0.1528 0.1983 0.1109 0.0963 0.0558 0.0780 0.1408 
     H171817  1 0.0474 0.1986 0.1123 0.0543 0.1186 0.1695 0.0927 0.0630 0.0356 0.1080 
     H171818  1 0.0882 0.0218 0.3320 0.0718 0.1231 0.0780 0.0926 0.0493 0.0420 0.1013 
     H171819  1 0.0369 0.0696 0.0425 0.0677 0.0956 0.0499 0.4412 0.0613 0.0699 0.0654 
     H171834  1 0.6579 0.0176 0.0669 0.0406 0.0480 0.0217 0.0307 0.0495 0.0270 0.0401 
     H171835  1 0.0566 0.1126 0.0434 0.1495 0.0331 0.2927 0.1130 0.0380 0.0986 0.0624 
     H171836  1 0.0447 0.0501 0.0464 0.1419 0.2408 0.0267 0.0769 0.0904 0.1289 0.1532 
     H171837  1 0.0538 0.1887 0.0922 0.0726 0.0464 0.0517 0.1384 0.2297 0.0492 0.0773 
     H171838  1 0.3022 0.0383 0.0218 0.1009 0.1632 0.0444 0.1069 0.0302 0.0964 0.0958 
     H171839  1 0.0647 0.1263 0.2225 0.0357 0.0418 0.1257 0.1625 0.0560 0.1043 0.0604 
     H171841  1 0.0372 0.3329 0.0227 0.0558 0.3629 0.0344 0.0354 0.0291 0.0283 0.0614 
     H171860  1 0.0506 0.2477 0.0734 0.0394 0.0458 0.0738 0.1241 0.0996 0.1478 0.0980 
     H171861  1 0.0361 0.0454 0.1222 0.1812 0.1412 0.0327 0.0946 0.1851 0.0340 0.1273 
     H171862  1 0.2956 0.0563 0.1007 0.0411 0.0961 0.0415 0.0804 0.1100 0.0498 0.1285 
     H171868  1 0.0531 0.0360 0.5353 0.0356 0.0353 0.0280 0.0660 0.1295 0.0297 0.0514 
     H171869  1 0.0787 0.0327 0.0546 0.3225 0.0773 0.0392 0.0485 0.1098 0.0785 0.1582 
     H171870  1 0.0981 0.0392 0.0485 0.3956 0.0390 0.1384 0.0232 0.0541 0.0729 0.0912 
     H171871  1 0.1024 0.0425 0.0459 0.1023 0.1362 0.0993 0.0781 0.1065 0.0693 0.2176 
     H171872  1 0.0515 0.2434 0.0833 0.0481 0.0397 0.1497 0.1964 0.0602 0.0474 0.0801 
     H171873  1 0.0839 0.0471 0.0363 0.3583 0.0644 0.1002 0.0932 0.0454 0.0615 0.1097 
     H171874  1 0.0447 0.0895 0.1951 0.2021 0.0554 0.0274 0.1316 0.0633 0.1066 0.0842 
     H171875  1 0.0194 0.0307 0.1453 0.0585 0.0793 0.0277 0.2066 0.2773 0.0506 0.1045 
     H171876  1 0.0434 0.1045 0.2141 0.0665 0.0522 0.0339 0.0673 0.0648 0.2547 0.0986 
     H171877  1 0.0300 0.0576 0.0952 0.0709 0.0280 0.0413 0.0680 0.5129 0.0459 0.0501 
     H171878  1 0.0449 0.0278 0.0693 0.1570 0.1315 0.1380 0.0291 0.0444 0.1721 0.1859 
     H171901  1 0.0250 0.2163 0.0556 0.0475 0.1992 0.2627 0.0296 0.0475 0.0584 0.0581 
     H171902  1 0.1008 0.3458 0.0973 0.0445 0.0904 0.0558 0.0630 0.0550 0.0302 0.1173 
     H171903  1 0.1176 0.0449 0.3598 0.0408 0.0443 0.0424 0.1090 0.0534 0.0881 0.0996 
     H171935  1 0.1439 0.1522 0.0236 0.1957 0.0857 0.1193 0.0680 0.0275 0.0881 0.0961 
     H171936  1 0.0530 0.0276 0.1655 0.0908 0.1551 0.0583 0.1001 0.1092 0.1418 0.0986 
     H171940  1 0.1444 0.0877 0.1546 0.0317 0.1077 0.0530 0.0328 0.2630 0.0491 0.0760 
     H171945  1 0.0880 0.1054 0.0441 0.0900 0.1829 0.0598 0.0304 0.1479 0.0578 0.1937 
     H171948  1 0.2043 0.0705 0.1129 0.0483 0.1859 0.0588 0.0731 0.0962 0.0555 0.0945 
     H171949  1 0.3874 0.1277 0.0489 0.0354 0.0672 0.0895 0.0433 0.0663 0.0647 0.0695 
     H171950  1 0.0480 0.0886 0.2793 0.0840 0.0304 0.3171 0.0470 0.0244 0.0394 0.0419 
     H171963  1 0.0294 0.0291 0.0264 0.6495 0.0407 0.0284 0.0456 0.0587 0.0459 0.0463 
     H171964  1 0.0669 0.0680 0.0379 0.1634 0.0335 0.0315 0.2079 0.0352 0.1546 0.2012 
     H171966  1 0.0875 0.0568 0.0887 0.1718 0.1608 0.0409 0.1891 0.0431 0.0270 0.1343 
     H171968  1 0.0446 0.3068 0.3055 0.0640 0.0858 0.0492 0.0271 0.0288 0.0220 0.0661 
     H171971  1 0.1571 0.0288 0.0391 0.1125 0.1086 0.1231 0.2275 0.0289 0.0703 0.1039 
     H171972  1 0.0286 0.0602 0.0420 0.0971 0.0398 0.0343 0.0509 0.0333 0.5254 0.0885 
     H171977  1 0.0432 0.0547 0.0420 0.2490 0.0779 0.0466 0.0600 0.1932 0.1042 0.1292 
     H171978  1 0.1106 0.0706 0.0442 0.0622 0.1174 0.4052 0.0305 0.0358 0.0329 0.0907 
     H171979  1 0.1078 0.0769 0.0421 0.0599 0.1508 0.0502 0.2038 0.0418 0.1285 0.1381 
        H176  1 0.0336 0.2666 0.1339 0.0357 0.0460 0.0322 0.2765 0.0702 0.0380 0.0672 
        H177  1 0.1089 0.0875 0.0420 0.1314 0.1201 0.2279 0.0321 0.1541 0.0339 0.0622 
        H179  1 0.0231 0.0372 0.4343 0.0206 0.0381 0.1389 0.0687 0.1458 0.0422 0.0511 
        H181  1 0.1707 0.0390 0.0555 0.0503 0.3586 0.0229 0.0537 0.0558 0.0637 0.1298 
        H182  1 0.0803 0.0502 0.0580 0.2450 0.1457 0.0573 0.0908 0.1177 0.0298 0.1253 
        H183  1 0.0569 0.0212 0.0384 0.0296 0.6334 0.0174 0.0245 0.0562 0.0597 0.0627 
        H184  1 0.1139 0.1490 0.0678 0.0521 0.1556 0.0909 0.1182 0.0900 0.0403 0.1221 
        H185  1 0.0790 0.0451 0.0472 0.1678 0.0879 0.0466 0.0609 0.1557 0.1614 0.1484 
        H186  1 0.0305 0.0458 0.2232 0.2332 0.0245 0.0506 0.0302 0.1929 0.0270 0.1420 
        H187  1 0.0168 0.0220 0.0587 0.1628 0.3179 0.1350 0.0299 0.1479 0.0501 0.0589 
        H188  1 0.0727 0.1343 0.2535 0.0264 0.0595 0.0352 0.0646 0.1650 0.0894 0.0995 
        H192  1 0.4079 0.0623 0.0421 0.0589 0.1462 0.0773 0.0447 0.0501 0.0363 0.0742 
        H193  1 0.0798 0.0568 0.1066 0.1316 0.0732 0.0891 0.0433 0.1641 0.0229 0.2325 
        H194  1 0.2526 0.0710 0.0894 0.0418 0.0423 0.0733 0.1968 0.0969 0.0614 0.0745 
        H195  1 0.0365 0.0447 0.0580 0.5418 0.0449 0.0298 0.0359 0.0351 0.1005 0.0728 
        H199  1 0.0465 0.2315 0.0334 0.0822 0.2995 0.0287 0.0353 0.0480 0.0528 0.1420 
        H200  1 0.0460 0.1399 0.1122 0.0328 0.1472 0.0529 0.0997 0.0903 0.1915 0.0875 
        H414  1 0.0569 0.0474 0.1810 0.0723 0.0860 0.2476 0.0639 0.0547 0.0631 0.1271 
        H415  1 0.0473 0.0805 0.1813 0.0393 0.1019 0.0821 0.1396 0.1056 0.0844 0.1379 
        H422  1 0.0257 0.2247 0.1853 0.0887 0.1062 0.0353 0.0645 0.0849 0.0424 0.1424 
        H423  1 0.0598 0.3014 0.0468 0.0324 0.1486 0.0846 0.0586 0.1304 0.0562 0.0812 
        H424  1 0.0571 0.0273 0.0495 0.0653 0.2054 0.0455 0.0561 0.2897 0.0438 0.1603 
        H425  1 0.0609 0.0409 0.0590 0.1307 0.2255 0.0652 0.0393 0.0453 0.0699 0.2633 
        H426  1 0.1896 0.0483 0.0425 0.0306 0.2882 0.0738 0.1037 0.0441 0.0404 0.1388 
        H443  1 0.0475 0.0537 0.2993 0.0592 0.0371 0.0282 0.0343 0.1915 0.0319 0.2174 
        H466  1 0.2015 0.0430 0.1427 0.0513 0.0818 0.0895 0.0516 0.0822 0.1236 0.1328 
        H467  1 0.2814 0.0446 0.0361 0.1353 0.0306 0.1110 0.2367 0.0347 0.0367 0.0529 
        H472  1 0.0296 0.5047 0.0295 0.0245 0.0804 0.0571 0.0621 0.0693 0.0717 0.0710 
        H483  1 0.1362 0.0541 0.2000 0.0507 0.2340 0.0210 0.0388 0.0661 0.0824 0.1168 
        H504  1 0.0210 0.0629 0.0700 0.1253 0.2883 0.0399 0.0918 0.0532 0.0618 0.1859 
        H505  1 0.0710 0.0422 0.1522 0.0482 0.0871 0.2067 0.0311 0.1709 0.1035 0.0872 
        H506  1 0.0346 0.1073 0.1798 0.1315 0.0813 0.1292 0.0866 0.0529 0.0513 0.1453 
        H507  1 0.0363 0.0534 0.0576 0.1388 0.2230 0.0654 0.0880 0.1512 0.0717 0.1146 
        H508  1 0.1084 0.0548 0.0562 0.1245 0.0679 0.1901 0.1195 0.0595 0.0683 0.1509 
        H524  1 0.0368 0.0410 0.0521 0.1116 0.1722 0.1807 0.0384 0.1368 0.1429 0.0875 
        H525  1 0.0422 0.0914 0.0955 0.2487 0.0290 0.0654 0.0816 0.0983 0.0780 0.1699 
        H526  1 0.0270 0.1558 0.0405 0.0631 0.0405 0.0266 0.1549 0.3540 0.0615 0.0760 
        H527  1 0.0348 0.0840 0.0627 0.0870 0.1161 0.3590 0.0294 0.0930 0.0566 0.0773 
        H528  1 0.0236 0.0478 0.0997 0.0274 0.0683 0.0423 0.4120 0.0552 0.0674 0.1565 
        H529  1 0.0697 0.0518 0.0365 0.1213 0.0551 0.1346 0.0668 0.1655 0.0504 0.2483 
        H533  1 0.0430 0.0342 0.0758 0.0948 0.2119 0.2864 0.0755 0.0452 0.0271 0.1061 
        H538  1 0.0680 0.2891 0.0631 0.0356 0.0647 0.0879 0.0399 0.1220 0.1533 0.0764 
        H539  1 0.0194 0.0227 0.0300 0.6595 0.0443 0.0559 0.0201 0.0804 0.0305 0.0371 
        H540  1 0.1239 0.0849 0.0562 0.1376 0.1839 0.0721 0.0732 0.0729 0.0495 0.1458 
        H541  1 0.0479 0.0697 0.2873 0.0417 0.0482 0.1535 0.0400 0.1793 0.0585 0.0740 
        H558  1 0.0435 0.0298 0.0246 0.0595 0.6510 0.0227 0.0257 0.0450 0.0492 0.0490 
        H559  1 0.0232 0.0716 0.5701 0.0411 0.0504 0.0535 0.0391 0.0423 0.0366 0.0721 
        H579  1 0.0319 0.0752 0.0524 0.3952 0.2401 0.0222 0.0541 0.0334 0.0304 0.0651 
        H584  1 0.1403 0.1148 0.0781 0.0613 0.0574 0.0658 0.1128 0.0440 0.0855 0.2399 
        H585  1 0.0510 0.0272 0.0802 0.0447 0.0737 0.1227 0.2219 0.1576 0.0711 0.1500 
        H605  1 0.0855 0.0638 0.1884 0.0893 0.0874 0.1123 0.0440 0.1491 0.0675 0.1126 
        H606  1 0.0321 0.1504 0.5769 0.0302 0.0281 0.0460 0.0173 0.0578 0.0209 0.0403 
        H632  1 0.0567 0.1995 0.0835 0.0966 0.0372 0.0360 0.1870 0.0343 0.1515 0.1177 
        H634  1 0.0373 0.0618 0.1966 0.1005 0.1089 0.0830 0.1000 0.0926 0.0593 0.1600 
        H671  1 0.0301 0.2582 0.1132 0.0211 0.0782 0.1877 0.1396 0.0493 0.0409 0.0818 
        H672  1 0.0231 0.0377 0.2699 0.0436 0.0366 0.0768 0.0303 0.0379 0.3886 0.0556 
        H673  1 0.0529 0.0529 0.0837 0.0759 0.0599 0.0254 0.0327 0.2546 0.0916 0.2704 
        H689  1 0.1486 0.0702 0.1528 0.0385 0.0799 0.0325 0.0805 0.0565 0.1034 0.2370 
        H690  1 0.1549 0.0508 0.0883 0.1970 0.0328 0.1262 0.0305 0.2278 0.0275 0.0641 
        H691  1 0.0907 0.0464 0.4236 0.0529 0.0506 0.0582 0.0389 0.0476 0.1364 0.0547 
        H692  1 0.0487 0.0335 0.1005 0.0422 0.0968 0.0215 0.0413 0.0333 0.2443 0.3379 
        H709  1 0.0561 0.0512 0.2195 0.0998 0.0442 0.2043 0.0628 0.0758 0.0661 0.1203 
        H710  1 0.0503 0.0358 0.0639 0.0895 0.0724 0.0339 0.1505 0.0876 0.0728 0.3433 
       H7355  1 0.0526 0.4306 0.0589 0.0862 0.0355 0.0484 0.1117 0.0601 0.0309 0.0851 
       H7356  1 0.2622 0.0417 0.0461 0.1431 0.0714 0.1632 0.0248 0.0634 0.0798 0.1043 
       H7357  1 0.0632 0.1573 0.2523 0.1034 0.0880 0.0910 0.0622 0.0837 0.0258 0.0729 
       H7358  1 0.0256 0.2346 0.2015 0.0488 0.1494 0.0297 0.0333 0.0825 0.1187 0.0759 
       H7380  1 0.0577 0.1409 0.2221 0.0492 0.0495 0.0510 0.1265 0.1510 0.0282 0.1240 
       H7381  1 0.0442 0.1256 0.0534 0.0369 0.0654 0.1398 0.0632 0.0755 0.0453 0.3507 
       H7382  1 0.0688 0.0886 0.2472 0.1950 0.0580 0.0411 0.0440 0.0336 0.1200 0.1037 
        H904  1 0.0756 0.0952 0.5714 0.0376 0.0337 0.0428 0.0358 0.0361 0.0207 0.0512 
        H923  1 0.0621 0.1373 0.0372 0.0782 0.0912 0.0637 0.1778 0.0962 0.1097 0.1466 
        H924  1 0.0751 0.1511 0.1126 0.0625 0.1487 0.0392 0.0353 0.2144 0.0643 0.0969 
        H925  1 0.0231 0.0286 0.1146 0.0789 0.0669 0.0382 0.0413 0.4596 0.0778 0.0709 
       H9558  1 0.0387 0.0234 0.0188 0.0448 0.7187 0.0232 0.0193 0.0335 0.0415 0.0381 
      H105.1  1 0.2123 0.0261 0.0578 0.0538 0.1485 0.0824 0.1015 0.0872 0.0510 0.1793 
      H115.1  1 0.0355 0.0254 0.2768 0.0741 0.0538 0.0414 0.0554 0.3385 0.0383 0.0610 
      H145.1  1 0.0229 0.5754 0.0890 0.0852 0.0259 0.0291 0.0504 0.0438 0.0240 0.0544 
      H149.1  1 0.0189 0.0168 0.8378 0.0191 0.0172 0.0141 0.0175 0.0205 0.0187 0.0194 
      H150.1  1 0.0362 0.0912 0.0260 0.3434 0.0826 0.0475 0.0729 0.0806 0.0259 0.1936 
   H169607.1  1 0.0208 0.1827 0.0865 0.1027 0.0937 0.1743 0.1057 0.0881 0.0558 0.0898 
   H169633.1  1 0.0399 0.0881 0.5267 0.0558 0.0696 0.0196 0.0401 0.0322 0.0728 0.0551 
   H169688.1  1 0.0241 0.0472 0.2447 0.1142 0.0395 0.0304 0.0344 0.0994 0.2576 0.1086 
   H171901.1  1 0.0364 0.0667 0.0473 0.0765 0.0703 0.0694 0.4407 0.0311 0.0775 0.0841 
   H171902.1  1 0.0421 0.2861 0.1772 0.1435 0.0621 0.0399 0.0388 0.1043 0.0265 0.0795 
   H171903.1  1 0.1090 0.0921 0.0443 0.0522 0.0529 0.3037 0.0314 0.1503 0.0662 0.0978 
      H177.1  1 0.0729 0.0675 0.3742 0.0492 0.0376 0.0426 0.0190 0.0870 0.2039 0.0461 
      H179.1  1 0.0272 0.0446 0.4664 0.0299 0.0927 0.1193 0.0672 0.0595 0.0355 0.0576 
      H180.1  1 0.1182 0.0456 0.0742 0.1559 0.0562 0.0899 0.0403 0.0626 0.0504 0.3068 
      H181.1  1 0.2640 0.0587 0.3106 0.0833 0.0607 0.0350 0.0415 0.0392 0.0313 0.0757 
 H194.1_2004  1 0.1113 0.0545 0.0593 0.1157 0.0962 0.0747 0.0424 0.1276 0.1070 0.2112 
 H195.1_2003  1 0.0410 0.0412 0.1405 0.0580 0.1742 0.2127 0.0504 0.0362 0.1454 0.1004 
 H195.1_2004  1 0.0454 0.3622 0.2144 0.0673 0.0285 0.0307 0.0687 0.0330 0.0911 0.0585 
      H415.1  1 0.0456 0.0550 0.2827 0.0972 0.0969 0.0471 0.0646 0.1679 0.0548 0.0882 
      H506.1  1 0.0233 0.0328 0.5221 0.0489 0.0559 0.0564 0.0672 0.0520 0.0481 0.0934 
      H533.1  1 0.0316 0.0412 0.4096 0.0695 0.1646 0.0653 0.0398 0.0793 0.0227 0.0764 
      H535.1  1 0.2043 0.0572 0.1395 0.0633 0.0873 0.0799 0.0341 0.1782 0.0631 0.0932 
      H539.1  1 0.0529 0.0891 0.0365 0.2068 0.2764 0.0276 0.0302 0.1925 0.0255 0.0625 
      H540.1  1 0.0382 0.0519 0.0312 0.4876 0.1411 0.0695 0.0304 0.0576 0.0278 0.0647 
     H9558.1  1 0.0342 0.0451 0.0419 0.0593 0.6359 0.0222 0.0355 0.0415 0.0455 0.0388 
    kos339.1  1 0.0569 0.0454 0.5417 0.0427 0.0288 0.0831 0.0331 0.0543 0.0529 0.0610 
        D023  2 0.0167 0.0185 0.0507 0.7770 0.0197 0.0134 0.0319 0.0255 0.0215 0.0251 
        D130  2 0.0838 0.0313 0.0497 0.5898 0.0312 0.0666 0.0149 0.0624 0.0327 0.0376 
        D131  2 0.0636 0.0610 0.1150 0.0348 0.0346 0.0677 0.1987 0.1663 0.0758 0.1826 
        D163  2 0.0797 0.0445 0.0858 0.4635 0.0550 0.0421 0.0479 0.0609 0.0239 0.0969 
        D164  2 0.0234 0.0207 0.0152 0.2205 0.3949 0.0169 0.0164 0.0344 0.2314 0.0260 
        D165  2 0.0281 0.0243 0.0783 0.6765 0.0219 0.0167 0.0635 0.0248 0.0344 0.0316 
        D166  2 0.0944 0.0772 0.0429 0.1282 0.0995 0.2054 0.0886 0.0568 0.0401 0.1669 
        D167  2 0.0242 0.0226 0.0225 0.1751 0.0323 0.0307 0.0237 0.0214 0.6139 0.0335 
        D192  2 0.0372 0.0252 0.0192 0.1866 0.0339 0.0250 0.0271 0.0240 0.5940 0.0277 
        D193  2 0.1463 0.0508 0.0367 0.0355 0.2678 0.1508 0.0531 0.1202 0.0290 0.1097 
        D206  2 0.0498 0.0265 0.0355 0.0356 0.0477 0.0271 0.0395 0.5995 0.0802 0.0587 
        D207  2 0.0961 0.0260 0.0586 0.0839 0.0359 0.0476 0.0660 0.0449 0.4123 0.1286 
        D208  2 0.0377 0.1358 0.0973 0.0566 0.0567 0.2527 0.1605 0.0555 0.0589 0.0884 
        D209  2 0.0391 0.0274 0.0317 0.1038 0.1511 0.0272 0.0452 0.0627 0.3448 0.1670 
        D210  2 0.1514 0.2488 0.1868 0.0461 0.0415 0.0513 0.1149 0.0350 0.0700 0.0541 
     D229599  2 0.0461 0.0536 0.1727 0.1113 0.1166 0.0565 0.1692 0.1226 0.0450 0.1064 
     D229600  2 0.0764 0.0238 0.0357 0.4511 0.0391 0.0549 0.0286 0.0504 0.1781 0.0620 
     D237227  2 0.0395 0.1930 0.1172 0.0783 0.1697 0.0521 0.0723 0.0362 0.1244 0.1173 
     D237228  2 0.0433 0.0979 0.0241 0.0271 0.5564 0.0266 0.0472 0.0269 0.0645 0.0861 
     D237258  2 0.0453 0.0636 0.1473 0.1578 0.0676 0.0391 0.1778 0.0742 0.1194 0.1079 
     D237310  2 0.2236 0.0860 0.0242 0.0410 0.3137 0.0976 0.0360 0.0198 0.0886 0.0696 
     D237311  2 0.0594 0.0288 0.0280 0.0842 0.3901 0.0430 0.0535 0.0300 0.2151 0.0680 
     D237312  2 0.3260 0.0742 0.0394 0.0757 0.1401 0.1149 0.0519 0.0551 0.0392 0.0834 
     D237313  2 0.1043 0.0962 0.0529 0.0594 0.1140 0.0560 0.0604 0.3416 0.0243 0.0908 
     D237322  2 0.0577 0.1272 0.0431 0.0404 0.0542 0.2378 0.1055 0.0455 0.0487 0.2399 
     D237323  2 0.0701 0.1139 0.0386 0.0634 0.2701 0.1531 0.0697 0.0282 0.1185 0.0745 
     D237324  2 0.0499 0.0253 0.0601 0.2120 0.0465 0.0684 0.0655 0.0310 0.1078 0.3336 
     D237325  2 0.1948 0.0989 0.0488 0.1042 0.1364 0.1496 0.0339 0.0455 0.1019 0.0859 
     D237326  2 0.0305 0.0404 0.0583 0.0596 0.5659 0.0278 0.0525 0.0411 0.0420 0.0821 
     D237327  2 0.0925 0.0490 0.0490 0.0542 0.0268 0.1615 0.3868 0.0225 0.0828 0.0750 
     D237337  2 0.0911 0.0681 0.0378 0.0384 0.4981 0.0823 0.0360 0.0513 0.0273 0.0696 
     D237338  2 0.1364 0.0981 0.0815 0.1231 0.0906 0.1158 0.0994 0.0516 0.1017 0.1019 
     D237339  2 0.0326 0.0256 0.0571 0.0502 0.0792 0.1941 0.0761 0.1127 0.2456 0.1268 
     D237340  2 0.0665 0.0992 0.0340 0.0982 0.1285 0.0709 0.0745 0.0417 0.2766 0.1099 
     D237389  2 0.1114 0.0264 0.0326 0.0585 0.5343 0.0413 0.0370 0.0258 0.0596 0.0730 
     D237390  2 0.1387 0.0679 0.0445 0.0628 0.1871 0.1326 0.1141 0.0733 0.0736 0.1054 
     D244017  2 0.0199 0.0678 0.0427 0.1113 0.0429 0.0854 0.0395 0.0289 0.4775 0.0841 
     D244112  2 0.0388 0.0260 0.0389 0.1983 0.0832 0.0484 0.0383 0.0201 0.4211 0.0868 
     D244118  2 0.0271 0.0190 0.0195 0.5184 0.0550 0.0542 0.0288 0.0202 0.2221 0.0357 
     D244119  2 0.0277 0.2523 0.0472 0.0476 0.0400 0.0375 0.0333 0.0370 0.4374 0.0401 
     D244120  2 0.1909 0.0472 0.0406 0.1285 0.0991 0.0576 0.1700 0.0278 0.1621 0.0762 
     D244122  2 0.0633 0.0443 0.0549 0.1824 0.0707 0.0746 0.0301 0.0975 0.3155 0.0666 
        D291  2 0.0203 0.0381 0.0519 0.0963 0.0620 0.0959 0.4135 0.0551 0.0382 0.1286 
        D292  2 0.0432 0.0368 0.2453 0.0433 0.1183 0.0737 0.1805 0.0855 0.0954 0.0780 
        D293  2 0.0154 0.0203 0.1041 0.0173 0.0196 0.0336 0.0668 0.0311 0.6570 0.0349 
        D322  2 0.0320 0.0274 0.2060 0.0765 0.0523 0.0456 0.0544 0.0288 0.3919 0.0852 
        D323  2 0.0290 0.0594 0.0321 0.0466 0.0725 0.0689 0.0696 0.2039 0.2670 0.1510 
        D324  2 0.0669 0.0711 0.1122 0.0861 0.0651 0.0254 0.3812 0.0619 0.0469 0.0832 
        D325  2 0.0375 0.0167 0.0494 0.0204 0.0297 0.0323 0.0922 0.0406 0.6335 0.0477 
        D326  2 0.0204 0.0261 0.1706 0.0191 0.0189 0.0175 0.0826 0.5587 0.0390 0.0470 
        D340  2 0.0340 0.0303 0.0378 0.0300 0.0363 0.0184 0.0413 0.0295 0.7062 0.0361 
        D341  2 0.2750 0.0627 0.0361 0.0487 0.0360 0.1258 0.0569 0.0498 0.2611 0.0480 
        D342  2 0.2250 0.0281 0.0478 0.2610 0.1665 0.0384 0.0314 0.0474 0.0399 0.1146 
        D343  2 0.0198 0.0130 0.0274 0.0154 0.0142 0.0178 0.0182 0.0169 0.8373 0.0200 
        D344  2 0.0449 0.0223 0.0295 0.0221 0.1246 0.0322 0.0291 0.6006 0.0396 0.0550 
        D345  2 0.0225 0.0439 0.0472 0.0829 0.4936 0.0434 0.0561 0.1019 0.0243 0.0841 
        D346  2 0.0752 0.3960 0.0615 0.0356 0.0414 0.0211 0.0482 0.0940 0.1687 0.0583 
        D351  2 0.0291 0.0348 0.1712 0.0462 0.0419 0.0755 0.2804 0.1198 0.0604 0.1407 
        D352  2 0.0286 0.1010 0.0383 0.0382 0.1272 0.0598 0.1395 0.1433 0.1714 0.1527 
        D353  2 0.0250 0.0520 0.0424 0.0261 0.0255 0.0382 0.0551 0.2877 0.0600 0.3880 
        D354  2 0.0422 0.0615 0.0437 0.0276 0.1752 0.0235 0.0228 0.5226 0.0278 0.0532 
        D362  2 0.0208 0.0314 0.4394 0.0773 0.0769 0.0380 0.0396 0.1859 0.0382 0.0524 
        D363  2 0.0176 0.0449 0.3821 0.0645 0.0750 0.0259 0.0551 0.2133 0.0588 0.0629 
        D364  2 0.0403 0.0222 0.0454 0.0250 0.1170 0.0179 0.0206 0.6461 0.0283 0.0372 
        D365  2 0.0179 0.0183 0.0244 0.0120 0.0132 0.0147 0.0156 0.0177 0.8473 0.0189 
        D369  2 0.0412 0.0567 0.3416 0.0295 0.0372 0.0230 0.1458 0.0515 0.2159 0.0576 
        D374  2 0.0285 0.1840 0.0495 0.0211 0.3895 0.0325 0.0249 0.1349 0.0429 0.0921 
        D375  2 0.0479 0.0299 0.0209 0.0367 0.1417 0.0357 0.0431 0.5024 0.0466 0.0952 
        D376  2 0.1098 0.1872 0.0599 0.0223 0.3109 0.0326 0.0252 0.1114 0.0641 0.0767 
        D377  2 0.1247 0.1465 0.0316 0.0759 0.1374 0.0443 0.1035 0.1917 0.0460 0.0983 
        D378  2 0.0379 0.0363 0.1586 0.1276 0.0277 0.0460 0.0976 0.1269 0.2443 0.0970 
        D379  2 0.0502 0.0216 0.0403 0.0227 0.0328 0.0285 0.0273 0.7109 0.0268 0.0389 
        D384  2 0.0241 0.0465 0.1242 0.0181 0.0246 0.0202 0.0355 0.6440 0.0229 0.0398 
        D385  2 0.0276 0.0407 0.0216 0.0261 0.0304 0.0211 0.0185 0.0399 0.7439 0.0303 
        D386  2 0.0361 0.0323 0.0744 0.0825 0.0403 0.0539 0.0352 0.4886 0.0627 0.0942 
        D391  2 0.0223 0.0368 0.0314 0.0234 0.0279 0.0474 0.0406 0.0332 0.6994 0.0375 
        D392  2 0.0213 0.0349 0.0728 0.0812 0.0755 0.0226 0.0608 0.0411 0.5357 0.0540 
        D393  2 0.0635 0.0290 0.2252 0.0468 0.0414 0.0471 0.2698 0.1508 0.0694 0.0571 
        D394  2 0.0751 0.0408 0.1205 0.1261 0.1735 0.0617 0.1032 0.0433 0.0960 0.1598 
        D395  2 0.0404 0.0281 0.0210 0.0241 0.0279 0.0285 0.0316 0.0414 0.6954 0.0616 
        D401  2 0.0272 0.0390 0.0382 0.0252 0.6128 0.0195 0.0339 0.0244 0.1022 0.0774 
        D402  2 0.0630 0.0517 0.0300 0.0523 0.0447 0.0506 0.1097 0.0391 0.5064 0.0523 
        D403  2 0.0422 0.0236 0.0428 0.0317 0.0289 0.0641 0.0238 0.5994 0.0213 0.1222 
        D415  2 0.1099 0.0274 0.2061 0.0327 0.0660 0.0360 0.0266 0.2594 0.1060 0.1298 
        D435  2 0.0808 0.0319 0.3835 0.0345 0.0522 0.0245 0.0769 0.0832 0.1766 0.0561 
        D436  2 0.0470 0.0619 0.0673 0.0266 0.0456 0.1611 0.0652 0.3905 0.0441 0.0908 
        D438  2 0.0384 0.0419 0.0204 0.0460 0.0273 0.0176 0.0242 0.0401 0.7161 0.0279 
        D439  2 0.0358 0.0319 0.0380 0.0501 0.1808 0.0416 0.1522 0.2135 0.0531 0.2030 
        D449  2 0.2382 0.0348 0.0724 0.0247 0.0800 0.0175 0.0557 0.1537 0.1691 0.1540 
        D450  2 0.0727 0.2722 0.1807 0.0720 0.0411 0.0614 0.0770 0.0964 0.0261 0.1004 
        D456  2 0.0212 0.0265 0.1556 0.0231 0.0238 0.0250 0.0404 0.6213 0.0195 0.0437 
        D462  2 0.0194 0.0231 0.0406 0.0272 0.0234 0.0331 0.0639 0.0542 0.6843 0.0309 
        D463  2 0.0194 0.0284 0.0955 0.0189 0.0206 0.0224 0.0284 0.6980 0.0251 0.0435 
        D464  2 0.0417 0.0559 0.0473 0.0304 0.0297 0.0667 0.0223 0.1646 0.2676 0.2738 
        D465  2 0.0325 0.0361 0.1104 0.0266 0.0525 0.0247 0.0340 0.0306 0.6106 0.0418 
        D473  2 0.0475 0.5283 0.0452 0.0675 0.0534 0.0554 0.0588 0.0481 0.0480 0.0477 
        D474  2 0.0422 0.0487 0.4552 0.0480 0.0401 0.0210 0.2107 0.0579 0.0372 0.0391 
        D476  2 0.0409 0.0272 0.0333 0.3031 0.0439 0.0886 0.1289 0.1395 0.1409 0.0538 
        D477  2 0.0718 0.1187 0.1428 0.0366 0.1165 0.0426 0.1469 0.1629 0.0632 0.0980 
        D478  2 0.0305 0.0592 0.0527 0.3331 0.0561 0.0468 0.1141 0.1182 0.0533 0.1360 
        D480  2 0.1449 0.0516 0.1308 0.0329 0.0257 0.1009 0.0519 0.2451 0.1544 0.0618 
        D481  2 0.0267 0.0461 0.1128 0.1621 0.1277 0.0405 0.1589 0.1049 0.0992 0.1211 
        D482  2 0.0513 0.1277 0.0329 0.0596 0.0709 0.1018 0.1831 0.1164 0.0696 0.1866 
        D483  2 0.0261 0.0283 0.0189 0.1676 0.0232 0.0288 0.0236 0.0264 0.6293 0.0278 
        D484  2 0.0425 0.1009 0.0356 0.0468 0.1142 0.1709 0.1110 0.0743 0.1718 0.1320 
        D510  2 0.0598 0.3323 0.0681 0.0337 0.1626 0.0572 0.0676 0.0637 0.0497 0.1052 
        D511  2 0.0317 0.0447 0.0788 0.0762 0.0362 0.0589 0.1269 0.1953 0.2571 0.0943 
        D512  2 0.0624 0.0201 0.0263 0.0289 0.3542 0.0342 0.0323 0.0257 0.3640 0.0517 
        D513  2 0.0468 0.0938 0.0502 0.0442 0.0668 0.0433 0.1070 0.1550 0.3143 0.0787 
        D635  2 0.0254 0.0272 0.2145 0.4286 0.0451 0.0240 0.0661 0.0426 0.0505 0.0760 
        D636  2 0.0156 0.0292 0.0274 0.7814 0.0413 0.0138 0.0178 0.0288 0.0203 0.0244 
        D637  2 0.1190 0.0914 0.0481 0.0392 0.0950 0.1044 0.0729 0.1234 0.2023 0.1042 
        D658  2 0.1189 0.0643 0.0393 0.0637 0.0529 0.0845 0.0264 0.0431 0.4580 0.0489 
        D659  2 0.0692 0.0425 0.5482 0.0359 0.0365 0.0319 0.0787 0.0611 0.0268 0.0694 
        D677  2 0.1159 0.0251 0.0878 0.0593 0.0626 0.0914 0.1031 0.3404 0.0440 0.0703 
        D678  2 0.0480 0.0275 0.0284 0.1557 0.1036 0.0318 0.0237 0.0349 0.4434 0.1030 
        D679  2 0.0759 0.1203 0.0848 0.0555 0.0404 0.0486 0.2021 0.2003 0.0518 0.1203 
        D719  2 0.0226 0.1841 0.1977 0.0234 0.0551 0.0483 0.1360 0.0798 0.1882 0.0647 
        D720  2 0.0254 0.0642 0.3756 0.0519 0.0649 0.0491 0.0440 0.2032 0.0471 0.0747 
        D721  2 0.0404 0.0396 0.0480 0.6842 0.0251 0.0193 0.0265 0.0252 0.0549 0.0368 
        D722  2 0.0255 0.1013 0.0387 0.0350 0.4212 0.0401 0.0524 0.0965 0.0702 0.1192 
        D734  2 0.0493 0.2557 0.0482 0.0244 0.0277 0.1091 0.0723 0.0907 0.2543 0.0683 
        D735  2 0.0725 0.1033 0.2110 0.0970 0.0682 0.0706 0.0683 0.1192 0.0720 0.1179 
        D736  2 0.0854 0.1764 0.1500 0.0744 0.0799 0.0258 0.2517 0.0389 0.0478 0.0697 
        D737  2 0.0595 0.0283 0.0448 0.1811 0.0580 0.1486 0.0629 0.0394 0.3118 0.0656 
        D807  2 0.0541 0.0793 0.4569 0.0318 0.0542 0.0531 0.1330 0.0440 0.0431 0.0505 
        D808  2 0.1207 0.0286 0.1199 0.0735 0.0919 0.0642 0.1148 0.0394 0.2231 0.1238 
        D817  2 0.0257 0.0456 0.0608 0.0507 0.1313 0.0531 0.0894 0.3948 0.0488 0.0999 
        D818  2 0.0867 0.0362 0.0959 0.1211 0.0198 0.0935 0.1179 0.0560 0.2310 0.1420 
        D819  2 0.0286 0.0478 0.1621 0.0626 0.0769 0.0308 0.1535 0.1127 0.1699 0.1551 
        D820  2 0.0351 0.0342 0.5099 0.0313 0.0220 0.1120 0.0416 0.0877 0.0670 0.0591 
        D895  2 0.0477 0.0989 0.2223 0.0633 0.1096 0.0494 0.0422 0.1187 0.0461 0.2018 
        D896  2 0.0401 0.0407 0.0333 0.0262 0.6728 0.0420 0.0314 0.0221 0.0530 0.0383 
        D897  2 0.3575 0.0431 0.0418 0.0677 0.0837 0.0840 0.0634 0.0369 0.0748 0.1471 
        D898  2 0.0740 0.0587 0.0318 0.0396 0.1930 0.0654 0.3163 0.0616 0.0298 0.1298 
        D918  2 0.0952 0.1060 0.0498 0.0721 0.0623 0.1750 0.0912 0.0943 0.1417 0.1123 
        D919  2 0.0255 0.0234 0.1111 0.0549 0.0435 0.1172 0.2630 0.1328 0.0881 0.1403 
        D920  2 0.0577 0.0467 0.0380 0.4733 0.0868 0.1368 0.0346 0.0405 0.0290 0.0566 
        D923  2 0.0319 0.0324 0.1098 0.0388 0.0376 0.0237 0.0454 0.5589 0.0554 0.0662 
        D930  2 0.1199 0.2871 0.0822 0.0322 0.0592 0.0396 0.0374 0.2435 0.0361 0.0628 
        D931  2 0.0577 0.0407 0.2212 0.0402 0.0332 0.0452 0.0493 0.0695 0.3887 0.0544 
        D968  2 0.0149 0.0228 0.0258 0.0306 0.0292 0.0264 0.1852 0.0443 0.5800 0.0410 
        D969  2 0.0968 0.0237 0.3166 0.0446 0.0284 0.0396 0.1556 0.0891 0.1113 0.0943 
        D977  2 0.0916 0.0368 0.0441 0.0339 0.0280 0.0386 0.0299 0.0366 0.6132 0.0474 
        D978  2 0.2583 0.0600 0.0301 0.0492 0.0260 0.0879 0.1981 0.1142 0.0650 0.1112 
        H008  2 0.0281 0.0507 0.0360 0.0355 0.0852 0.0349 0.0760 0.5115 0.0627 0.0794 
        H021  2 0.4596 0.0373 0.0840 0.1043 0.0252 0.0450 0.0467 0.0604 0.0920 0.0455 
        H023  2 0.0422 0.0939 0.1172 0.0807 0.0840 0.2385 0.0388 0.2125 0.0237 0.0687 
        H024  2 0.1215 0.0379 0.0237 0.0340 0.2214 0.0282 0.1106 0.0649 0.1581 0.1997 
        H025  2 0.0463 0.0667 0.0320 0.0351 0.1248 0.0795 0.0326 0.3804 0.0654 0.1373 
        H026  2 0.0461 0.0275 0.0940 0.0313 0.0552 0.0244 0.1842 0.1263 0.2009 0.2102 
        H027  2 0.0859 0.0590 0.1350 0.0637 0.0479 0.1171 0.0613 0.0853 0.2663 0.0786 
        H028  2 0.0790 0.0375 0.0589 0.0423 0.4449 0.0353 0.0411 0.1127 0.0499 0.0982 
        H029  2 0.0201 0.0382 0.0942 0.0791 0.0546 0.0410 0.2031 0.1277 0.2283 0.1137 
        H030  2 0.0522 0.0244 0.0219 0.0473 0.0532 0.0372 0.0241 0.0324 0.6630 0.0442 
        H038  2 0.0293 0.0394 0.0440 0.4554 0.0237 0.1158 0.0529 0.1781 0.0281 0.0333 
        H039  2 0.0490 0.4446 0.0472 0.0254 0.1132 0.0985 0.0362 0.1083 0.0265 0.0511 
        H040  2 0.0238 0.0268 0.0482 0.3290 0.0249 0.4085 0.0294 0.0513 0.0237 0.0343 
        H041  2 0.0380 0.0563 0.0535 0.0285 0.0584 0.0359 0.1807 0.2594 0.2130 0.0764 
        H042  2 0.0331 0.1738 0.0356 0.0945 0.0745 0.1157 0.0527 0.2706 0.0431 0.1064 
        H043  2 0.0225 0.0660 0.0436 0.5617 0.0933 0.0487 0.0314 0.0569 0.0281 0.0478 
        H044  2 0.0523 0.0929 0.0351 0.0964 0.3610 0.0254 0.0613 0.0338 0.0753 0.1665 
        H047  2 0.0472 0.0520 0.0552 0.0214 0.5833 0.0439 0.0577 0.0583 0.0327 0.0483 
        H050  2 0.0446 0.0423 0.1093 0.0741 0.0614 0.1030 0.0339 0.0293 0.3970 0.1050 
        H058  2 0.1078 0.0366 0.0696 0.1898 0.1341 0.1236 0.0806 0.0495 0.0673 0.1410 
        H062  2 0.1118 0.1944 0.0544 0.1189 0.0838 0.0591 0.0256 0.2523 0.0324 0.0671 
        H063  2 0.0360 0.0528 0.1177 0.1204 0.1167 0.0922 0.1040 0.0600 0.2178 0.0823 
        H065  2 0.0247 0.0536 0.0573 0.0207 0.0435 0.0232 0.0290 0.6829 0.0179 0.0471 
        H066  2 0.0405 0.0196 0.0613 0.0463 0.5122 0.0750 0.1053 0.0302 0.0457 0.0637 
        H067  2 0.1500 0.1944 0.1660 0.0498 0.0632 0.0493 0.1026 0.0774 0.0539 0.0935 
        H068  2 0.0767 0.1462 0.0479 0.0402 0.1438 0.2183 0.0987 0.0447 0.0917 0.0918 
        H069  2 0.0147 0.0373 0.0402 0.1030 0.1159 0.1982 0.0312 0.0578 0.3294 0.0722 
        H071  2 0.0530 0.1172 0.1012 0.0553 0.0370 0.0787 0.0694 0.3287 0.0610 0.0985 
        H072  2 0.0308 0.2919 0.0345 0.0348 0.0977 0.1045 0.0673 0.1968 0.0578 0.0839 
        H073  2 0.0716 0.0342 0.0440 0.0551 0.0496 0.1726 0.0921 0.2205 0.0678 0.1923 
        H081  2 0.0357 0.1664 0.0471 0.0310 0.0330 0.0435 0.0509 0.4903 0.0403 0.0618 
        H082  2 0.0281 0.0315 0.0525 0.1665 0.0710 0.0199 0.0496 0.0461 0.4797 0.0550 
        H083  2 0.0665 0.0236 0.0380 0.1275 0.0480 0.0315 0.0295 0.0573 0.5335 0.0446 
        H084  2 0.0993 0.0771 0.0375 0.0721 0.0847 0.1713 0.2449 0.0337 0.0674 0.1120 
        H085  2 0.0303 0.0898 0.1043 0.0411 0.0285 0.0341 0.0386 0.1573 0.4101 0.0659 
        H087  2 0.1261 0.0903 0.1076 0.0344 0.0398 0.0307 0.1089 0.3467 0.0493 0.0663 
        H088  2 0.0554 0.0679 0.2013 0.0518 0.1084 0.0750 0.0504 0.2404 0.0793 0.0701 
        H089  2 0.0472 0.1493 0.0831 0.1238 0.0583 0.0680 0.0692 0.1299 0.1161 0.1551 
        H090  2 0.0347 0.0275 0.0358 0.0218 0.0328 0.0168 0.1091 0.0257 0.6611 0.0347 
        H091  2 0.0251 0.0426 0.0305 0.0345 0.0189 0.0464 0.0295 0.0424 0.6899 0.0402 
