        D174  1 0.0444 0.0871 0.0721 0.2676 0.0644 0.1937 0.0251 0.0757 0.1223 0.0477 
        D199  1 0.0327 0.5088 0.0458 0.0371 0.1405 0.0681 0.0377 0.0713 0.0231 0.0350 
        D203  1 0.0957 0.0899 0.0886 0.0509 0.1286 0.1739 0.1042 0.0861 0.1122 0.0699 
        D204  1 0.1143 0.3185 0.0418 0.0304 0.0736 0.2759 0.0394 0.0416 0.0229 0.0417 
     D237366  1 0.2078 0.0683 0.0592 0.0575 0.0348 0.1006 0.0388 0.0768 0.2994 0.0568 
     D237367  1 0.1888 0.0590 0.0401 0.0482 0.1335 0.3392 0.0240 0.0891 0.0281 0.0500 
     D237368  1 0.0307 0.3527 0.0487 0.0714 0.1241 0.0477 0.0269 0.0807 0.0354 0.1818 
     D244101  1 0.0433 0.0770 0.1153 0.0207 0.2753 0.2011 0.1475 0.0609 0.0271 0.0318 
     D244102  1 0.2894 0.0444 0.1335 0.0433 0.0581 0.0688 0.1044 0.1157 0.0411 0.1013 
     D244103  1 0.0356 0.0560 0.1123 0.0403 0.0260 0.3534 0.0485 0.1214 0.1730 0.0336 
     D244104  1 0.0218 0.6005 0.0326 0.0743 0.0358 0.0977 0.0402 0.0354 0.0286 0.0330 
     D244105  1 0.0410 0.0299 0.0612 0.0208 0.0248 0.2187 0.0438 0.2324 0.1898 0.1375 
     D244106  1 0.0711 0.0687 0.0503 0.2159 0.0950 0.0490 0.0359 0.0682 0.3197 0.0263 
     D244107  1 0.0264 0.1721 0.0522 0.0215 0.0491 0.0347 0.1386 0.1631 0.0395 0.3027 
     D244108  1 0.1146 0.0288 0.0547 0.2144 0.0655 0.0897 0.0640 0.0745 0.0264 0.2675 
     D244113  1 0.0560 0.0260 0.3647 0.3028 0.0397 0.0537 0.0187 0.0568 0.0191 0.0626 
     D244114  1 0.0413 0.0463 0.1159 0.0694 0.0316 0.0611 0.0701 0.1509 0.3791 0.0343 
     D244115  1 0.0377 0.2461 0.0922 0.1953 0.0358 0.0663 0.0630 0.1278 0.0680 0.0678 
     D267365  1 0.0477 0.1778 0.0884 0.1122 0.0513 0.2512 0.1166 0.0834 0.0342 0.0373 
        D404  1 0.1927 0.0426 0.1937 0.2275 0.1095 0.0258 0.0450 0.0856 0.0383 0.0394 
        D405  1 0.0513 0.0821 0.5686 0.0395 0.0551 0.0462 0.0370 0.0514 0.0317 0.0372 
        D406  1 0.0586 0.0288 0.0232 0.0351 0.0295 0.0487 0.0263 0.0338 0.0395 0.6764 
        D407  1 0.0285 0.3648 0.0473 0.0287 0.2252 0.0960 0.0248 0.1339 0.0237 0.0272 
        D408  1 0.0245 0.0542 0.1404 0.4671 0.0437 0.0317 0.1294 0.0664 0.0234 0.0191 
        D409  1 0.0318 0.0808 0.1425 0.0343 0.0543 0.0571 0.2686 0.1972 0.0860 0.0474 
        D410  1 0.0335 0.0357 0.0802 0.0423 0.0182 0.0861 0.0249 0.0631 0.0305 0.5856 
        D421  1 0.0156 0.5631 0.0237 0.0261 0.0968 0.1790 0.0333 0.0327 0.0164 0.0133 
        D422  1 0.0283 0.1807 0.0228 0.0177 0.0195 0.0177 0.0422 0.0942 0.1990 0.3779 
        D423  1 0.0269 0.0332 0.0399 0.0303 0.1562 0.0712 0.0365 0.0753 0.0282 0.5023 
        D424  1 0.0283 0.2358 0.0288 0.0366 0.0282 0.4440 0.0165 0.1331 0.0283 0.0203 
        D425  1 0.0596 0.0425 0.0740 0.0984 0.0410 0.4355 0.0986 0.1015 0.0219 0.0271 
        D426  1 0.0149 0.0657 0.0676 0.0282 0.0588 0.0367 0.2164 0.3128 0.1788 0.0200 
        D427  1 0.0179 0.3268 0.0221 0.0798 0.3458 0.0895 0.0431 0.0365 0.0207 0.0179 
        D428  1 0.1862 0.1477 0.0639 0.1654 0.0671 0.0861 0.0525 0.1378 0.0185 0.0747 
        D429  1 0.0746 0.4099 0.0996 0.0452 0.0267 0.0468 0.0317 0.0531 0.1910 0.0213 
        D430  1 0.0798 0.1994 0.0778 0.0988 0.1338 0.0372 0.0480 0.0966 0.2098 0.0187 
        D491  1 0.0386 0.1079 0.0790 0.4817 0.0312 0.0710 0.0418 0.0769 0.0331 0.0388 
        D492  1 0.0417 0.4307 0.0584 0.0838 0.0923 0.0869 0.0223 0.1070 0.0464 0.0306 
        D537  1 0.0421 0.1240 0.0783 0.0355 0.0418 0.4932 0.0209 0.0787 0.0332 0.0524 
        D538  1 0.0856 0.1029 0.1022 0.1117 0.1307 0.0375 0.0456 0.1918 0.0450 0.1470 
        D539  1 0.1007 0.0624 0.0918 0.1454 0.0360 0.0414 0.0729 0.1067 0.2516 0.0912 
        D540  1 0.0244 0.0539 0.3217 0.0301 0.0323 0.2612 0.0538 0.1537 0.0386 0.0303 
        D541  1 0.0221 0.7269 0.0258 0.0169 0.0283 0.0617 0.0452 0.0329 0.0151 0.0250 
        D551  1 0.0346 0.0392 0.0418 0.0299 0.0269 0.0517 0.1124 0.1687 0.4577 0.0370 
        D552  1 0.0344 0.0704 0.0524 0.1048 0.0504 0.0704 0.0401 0.1100 0.0626 0.4046 
        D553  1 0.0153 0.0744 0.0246 0.0219 0.0171 0.7478 0.0287 0.0294 0.0201 0.0206 
        D615  1 0.0405 0.2977 0.0867 0.0905 0.0366 0.0799 0.0424 0.0960 0.0981 0.1316 
        D616  1 0.0205 0.5603 0.0338 0.0473 0.0595 0.0238 0.0879 0.0744 0.0348 0.0576 
        D621  1 0.0302 0.0305 0.1084 0.1794 0.0220 0.0172 0.0271 0.0345 0.0271 0.5236 
        D622  1 0.0566 0.0617 0.0411 0.0672 0.0376 0.0758 0.0655 0.0919 0.1139 0.3888 
        D623  1 0.0808 0.0453 0.0666 0.1290 0.5026 0.0303 0.0399 0.0560 0.0193 0.0301 
        D624  1 0.0305 0.2656 0.0355 0.3296 0.0278 0.0495 0.0297 0.1591 0.0525 0.0202 
        D625  1 0.0311 0.7071 0.0279 0.0488 0.0193 0.0494 0.0229 0.0357 0.0296 0.0281 
        D626  1 0.1185 0.0581 0.0324 0.3105 0.0299 0.2169 0.0756 0.0616 0.0382 0.0584 
        D627  1 0.0323 0.0482 0.0361 0.0406 0.0416 0.0889 0.2875 0.2783 0.1233 0.0230 
        D690  1 0.0300 0.6888 0.0213 0.0884 0.0156 0.0508 0.0212 0.0291 0.0169 0.0379 
        D691  1 0.0719 0.1401 0.0223 0.0381 0.0426 0.0654 0.0496 0.0481 0.3892 0.1329 
        D710  1 0.0300 0.2381 0.0905 0.1117 0.1151 0.1269 0.0879 0.1154 0.0221 0.0622 
        D711  1 0.1955 0.5033 0.0250 0.0472 0.0326 0.0577 0.0225 0.0463 0.0255 0.0444 
        D712  1 0.0985 0.0598 0.1277 0.3499 0.0849 0.0525 0.0680 0.0756 0.0297 0.0535 
        D713  1 0.0530 0.1684 0.2465 0.1435 0.0308 0.1328 0.0265 0.1000 0.0445 0.0541 
        D746  1 0.0193 0.1341 0.0213 0.0392 0.0230 0.0542 0.0355 0.0392 0.1082 0.5259 
        D747  1 0.0398 0.7618 0.0162 0.0181 0.0360 0.0465 0.0270 0.0228 0.0150 0.0168 
        D748  1 0.0527 0.2703 0.0412 0.0529 0.0346 0.0817 0.0385 0.0564 0.3206 0.0511 
        D749  1 0.0348 0.1298 0.1600 0.0598 0.0267 0.0300 0.0386 0.1868 0.0891 0.2444 
        D750  1 0.0202 0.4964 0.0566 0.2402 0.0272 0.0279 0.0264 0.0315 0.0459 0.0277 
        D763  1 0.0384 0.2833 0.0641 0.0522 0.1056 0.0569 0.0818 0.1322 0.0893 0.0962 
        D764  1 0.0141 0.7243 0.0293 0.0599 0.0240 0.0429 0.0236 0.0336 0.0204 0.0279 
        D765  1 0.0466 0.0338 0.1023 0.0798 0.0214 0.0689 0.0446 0.1517 0.1074 0.3437 
        D766  1 0.0398 0.0404 0.0778 0.0802 0.0310 0.0644 0.0364 0.0729 0.0397 0.5174 
        D767  1 0.5201 0.0437 0.0485 0.0347 0.0402 0.1047 0.0326 0.0473 0.0299 0.0983 
        D768  1 0.0178 0.0966 0.0226 0.0164 0.0283 0.6739 0.0361 0.0446 0.0404 0.0234 
        D811  1 0.0380 0.0288 0.3002 0.3278 0.0415 0.0467 0.0584 0.0833 0.0243 0.0510 
        D816  1 0.0374 0.2151 0.0547 0.0407 0.0355 0.4943 0.0267 0.0482 0.0256 0.0218 
        D825  1 0.0706 0.0433 0.0695 0.2774 0.0446 0.1015 0.0426 0.1594 0.0493 0.1420 
        D866  1 0.0406 0.1250 0.0570 0.1151 0.0969 0.0398 0.3091 0.0874 0.0901 0.0391 
        D867  1 0.0253 0.0622 0.1831 0.0417 0.0570 0.0435 0.0278 0.1000 0.0423 0.4171 
        D871  1 0.1492 0.0662 0.0651 0.1094 0.0293 0.0507 0.1903 0.2230 0.0951 0.0217 
        D872  1 0.1455 0.0395 0.0432 0.0427 0.0473 0.1708 0.0281 0.0532 0.0224 0.4074 
        D873  1 0.0209 0.0238 0.0500 0.0174 0.0248 0.0098 0.0166 0.0229 0.0189 0.7950 
        D874  1 0.0740 0.1037 0.2071 0.2653 0.0926 0.1143 0.0332 0.0521 0.0391 0.0188 
        D875  1 0.0374 0.0476 0.0713 0.0322 0.0340 0.0288 0.1601 0.3050 0.2239 0.0596 
        D876  1 0.0755 0.0940 0.0825 0.1084 0.0387 0.2993 0.0470 0.0847 0.0308 0.1390 
        D877  1 0.1479 0.0430 0.2590 0.2328 0.0593 0.0418 0.0258 0.1308 0.0275 0.0321 
        D892  1 0.1104 0.0668 0.0303 0.0830 0.0571 0.3294 0.0229 0.0546 0.2133 0.0322 
        D893  1 0.1271 0.0754 0.0474 0.0249 0.0365 0.4635 0.0478 0.0925 0.0420 0.0431 
        D894  1 0.0360 0.7127 0.0259 0.0235 0.0168 0.0192 0.0309 0.0276 0.0918 0.0157 
        D915  1 0.0275 0.0529 0.0419 0.0356 0.0261 0.5660 0.0325 0.0555 0.1031 0.0588 
        D916  1 0.0151 0.8515 0.0160 0.0144 0.0137 0.0232 0.0187 0.0157 0.0178 0.0139 
        D917  1 0.0290 0.3983 0.1680 0.0944 0.0516 0.0676 0.0859 0.0693 0.0164 0.0196 
        D925  1 0.0280 0.1398 0.0361 0.0642 0.0215 0.1440 0.0245 0.0518 0.0176 0.4726 
        D926  1 0.0524 0.0893 0.0763 0.0508 0.0247 0.4232 0.0453 0.1278 0.0801 0.0300 
        D927  1 0.1165 0.1560 0.0226 0.0477 0.2964 0.1338 0.0351 0.0983 0.0610 0.0324 
        D928  1 0.0213 0.0377 0.1215 0.6037 0.0319 0.0777 0.0257 0.0371 0.0123 0.0310 
        D929  1 0.6345 0.0229 0.0890 0.0585 0.0226 0.0508 0.0275 0.0367 0.0292 0.0281 
        D936  1 0.0765 0.1766 0.0788 0.0599 0.0691 0.2504 0.1181 0.0735 0.0592 0.0379 
        D938  1 0.0270 0.0242 0.0309 0.0385 0.0224 0.0319 0.0305 0.0370 0.0435 0.7141 
        D956  1 0.0471 0.1018 0.1335 0.3512 0.0427 0.0233 0.0462 0.1062 0.1073 0.0407 
        D957  1 0.0954 0.0401 0.0562 0.0262 0.0567 0.0868 0.0531 0.0500 0.0238 0.5119 
        D958  1 0.0473 0.0682 0.0429 0.1747 0.0387 0.0768 0.0231 0.0528 0.0331 0.4425 
        D959  1 0.0210 0.3031 0.0598 0.0244 0.1544 0.1040 0.0263 0.2282 0.0551 0.0237 
        D960  1 0.0231 0.0425 0.0803 0.0295 0.0319 0.0387 0.0197 0.0652 0.1424 0.5266 
        D989  1 0.0578 0.2762 0.0781 0.1352 0.2175 0.0485 0.0684 0.0617 0.0367 0.0199 
        D990  1 0.0902 0.0326 0.0203 0.0561 0.0449 0.0254 0.0905 0.0975 0.0236 0.5188 
        H102  1 0.0318 0.3544 0.0585 0.0970 0.0218 0.2088 0.0275 0.0658 0.0794 0.0550 
        H103  1 0.0946 0.1261 0.1317 0.0264 0.0778 0.0780 0.0864 0.2884 0.0223 0.0682 
        H104  1 0.2810 0.0540 0.0308 0.0805 0.0387 0.2248 0.0826 0.0816 0.1002 0.0258 
        H105  1 0.0239 0.2240 0.2234 0.1640 0.0415 0.0850 0.0615 0.0900 0.0432 0.0435 
        H106  1 0.1044 0.0306 0.0582 0.0405 0.0564 0.0752 0.0341 0.0669 0.2316 0.3021 
        H112  1 0.0612 0.0557 0.1111 0.1328 0.0648 0.1273 0.0587 0.1085 0.2045 0.0754 
        H113  1 0.0409 0.0854 0.0409 0.0639 0.0730 0.1624 0.3234 0.1057 0.0487 0.0556 
        H114  1 0.0228 0.2294 0.0494 0.0254 0.0517 0.1092 0.3331 0.0849 0.0405 0.0535 
        H115  1 0.0609 0.3473 0.0511 0.0626 0.0370 0.1060 0.0523 0.0657 0.1808 0.0363 
        H143  1 0.0214 0.2554 0.0473 0.0359 0.0233 0.3838 0.0358 0.0654 0.0446 0.0871 
        H144  1 0.0304 0.1315 0.0546 0.0373 0.0550 0.3218 0.0298 0.2640 0.0409 0.0347 
        H145  1 0.0407 0.0444 0.1737 0.3429 0.0232 0.0271 0.1079 0.1493 0.0359 0.0550 
        H149  1 0.1175 0.3326 0.0534 0.0381 0.0521 0.0417 0.0391 0.0573 0.2339 0.0344 
        H150  1 0.1521 0.0393 0.1084 0.1224 0.0670 0.0238 0.0798 0.2683 0.0858 0.0531 
     H167542  1 0.0271 0.0361 0.0515 0.0306 0.0286 0.6889 0.0196 0.0423 0.0457 0.0296 
     H169604  1 0.0909 0.0589 0.1196 0.2075 0.1309 0.1080 0.1012 0.0912 0.0682 0.0234 
     H169607  1 0.0552 0.0535 0.1646 0.3039 0.0504 0.0691 0.0578 0.1637 0.0450 0.0368 
     H169608  1 0.0410 0.0571 0.0740 0.5052 0.0271 0.0430 0.0454 0.0754 0.0491 0.0828 
     H169633  1 0.0303 0.0705 0.0993 0.0971 0.0946 0.1883 0.1573 0.1237 0.0838 0.0551 
     H169688  1 0.1261 0.0435 0.0750 0.0419 0.1525 0.0887 0.0251 0.1475 0.0184 0.2813 
     H169714  1 0.2690 0.0613 0.0399 0.0250 0.0364 0.0400 0.0766 0.0612 0.3655 0.0250 
     H171802  1 0.0718 0.0449 0.0422 0.0595 0.2481 0.0986 0.0839 0.1292 0.1094 0.1125 
     H171805  1 0.2858 0.0378 0.1239 0.0331 0.0355 0.0774 0.0418 0.1079 0.0989 0.1579 
     H171807  1 0.0470 0.0327 0.2888 0.1520 0.1174 0.0404 0.0441 0.1240 0.1114 0.0422 
     H171814  1 0.0424 0.1154 0.0477 0.0397 0.2141 0.0605 0.1723 0.2183 0.0313 0.0582 
     H171816  1 0.1189 0.0844 0.1722 0.0507 0.0982 0.0457 0.0988 0.1419 0.0664 0.1229 
     H171817  1 0.2401 0.0832 0.1360 0.1773 0.0325 0.0595 0.0971 0.0651 0.0444 0.0649 
     H171818  1 0.0954 0.2485 0.0578 0.0229 0.0404 0.0971 0.1234 0.1006 0.0997 0.1141 
     H171819  1 0.0507 0.0622 0.0800 0.0880 0.0748 0.0432 0.4373 0.0656 0.0331 0.0651 
     H171834  1 0.0162 0.0491 0.0483 0.0146 0.0258 0.0298 0.0303 0.0313 0.7198 0.0349 
     H171835  1 0.4306 0.0306 0.0266 0.1311 0.0838 0.0350 0.0718 0.0520 0.0659 0.0726 
     H171836  1 0.0242 0.0605 0.1492 0.0436 0.1152 0.0422 0.0895 0.1804 0.0379 0.2572 
     H171837  1 0.0427 0.1428 0.0282 0.1811 0.0385 0.2713 0.1034 0.0786 0.0631 0.0503 
     H171838  1 0.0500 0.0253 0.1911 0.0336 0.0951 0.0139 0.1063 0.0892 0.2681 0.1274 
     H171839  1 0.1530 0.1039 0.0378 0.2030 0.1049 0.0838 0.1235 0.0703 0.0823 0.0374 
     H171841  1 0.0264 0.0232 0.2521 0.3469 0.0268 0.0197 0.0320 0.0588 0.0362 0.1778 
     H171860  1 0.0532 0.0612 0.1972 0.2480 0.0971 0.0836 0.0952 0.0810 0.0521 0.0314 
     H171861  1 0.0264 0.0839 0.1596 0.0405 0.0269 0.1413 0.1117 0.1427 0.0400 0.2269 
     H171862  1 0.0459 0.0499 0.1139 0.0520 0.0592 0.1057 0.0855 0.1324 0.3124 0.0432 
     H171868  1 0.0320 0.3265 0.0574 0.0419 0.0318 0.2742 0.0918 0.0603 0.0529 0.0312 
     H171869  1 0.0364 0.0868 0.0520 0.0339 0.0984 0.1105 0.0414 0.2755 0.0872 0.1779 
     H171870  1 0.1685 0.0644 0.0844 0.0387 0.0724 0.0570 0.0300 0.2035 0.1222 0.1588 
     H171871  1 0.1034 0.0803 0.1451 0.0335 0.0504 0.0619 0.0672 0.2598 0.0980 0.1005 
     H171872  1 0.1605 0.0595 0.0465 0.3022 0.0297 0.0862 0.1608 0.0699 0.0546 0.0301 
     H171873  1 0.1243 0.0406 0.0347 0.0341 0.0806 0.0389 0.0968 0.1499 0.0984 0.3019 
     H171874  1 0.0307 0.2165 0.2240 0.0652 0.0710 0.0315 0.1362 0.0901 0.0515 0.0832 
     H171875  1 0.0238 0.1240 0.2752 0.0236 0.0308 0.1194 0.2043 0.1181 0.0200 0.0606 
     H171876  1 0.0294 0.2478 0.0662 0.1094 0.2454 0.0961 0.0596 0.0879 0.0336 0.0245 
     H171877  1 0.0275 0.0662 0.0346 0.0469 0.0476 0.6343 0.0430 0.0354 0.0308 0.0336 
     H171878  1 0.1402 0.0996 0.0715 0.0267 0.2055 0.0318 0.0280 0.1923 0.0332 0.1712 
     H171901  1 0.3014 0.0431 0.0715 0.2860 0.0505 0.0417 0.0267 0.0481 0.0234 0.1078 
     H171902  1 0.0515 0.1442 0.1096 0.3042 0.0289 0.0374 0.0496 0.1479 0.0731 0.0539 
     H171903  1 0.0364 0.2887 0.1245 0.0398 0.0692 0.0622 0.1231 0.0942 0.1384 0.0235 
     H171935  1 0.1564 0.0247 0.0708 0.1813 0.0855 0.0186 0.0525 0.1080 0.1434 0.1587 
     H171936  1 0.0381 0.1474 0.0518 0.0271 0.1502 0.2634 0.1177 0.0692 0.0577 0.0775 
     H171940  1 0.0480 0.0484 0.2865 0.0887 0.0435 0.2102 0.0300 0.0731 0.1340 0.0376 
     H171945  1 0.0534 0.0394 0.1814 0.0820 0.0484 0.0619 0.0302 0.1852 0.0868 0.2313 
     H171948  1 0.0352 0.0409 0.4925 0.0394 0.0438 0.0336 0.0700 0.0634 0.1364 0.0448 
     H171949  1 0.1096 0.0361 0.0699 0.1528 0.0637 0.0453 0.0412 0.0654 0.3571 0.0591 
     H171950  1 0.4621 0.1667 0.0213 0.1175 0.0332 0.0373 0.0398 0.0393 0.0433 0.0395 
     H171963  1 0.0318 0.0946 0.0603 0.0295 0.0649 0.0558 0.0470 0.1667 0.0434 0.4061 
     H171964  1 0.0404 0.0338 0.0702 0.0728 0.1472 0.0221 0.1679 0.3364 0.0715 0.0376 
     H171966  1 0.0332 0.0569 0.0438 0.0620 0.0216 0.0723 0.2718 0.1224 0.0911 0.2248 
     H171968  1 0.0422 0.4207 0.0411 0.2577 0.0197 0.0287 0.0234 0.0527 0.0490 0.0646 
     H171971  1 0.1549 0.0420 0.0743 0.0242 0.0636 0.0264 0.2484 0.1076 0.1311 0.1274 
     H171972  1 0.0308 0.0465 0.1392 0.0416 0.5716 0.0224 0.0489 0.0469 0.0242 0.0277 
     H171977  1 0.0572 0.0370 0.0893 0.0740 0.1193 0.1623 0.0755 0.2311 0.0442 0.1101 
     H171978  1 0.4328 0.0306 0.1375 0.0525 0.0309 0.0378 0.0284 0.1043 0.0911 0.0541 
     H171979  1 0.0380 0.0545 0.2935 0.0455 0.0989 0.0238 0.1477 0.1615 0.0830 0.0536 
        H176  1 0.0314 0.1004 0.0390 0.3333 0.0378 0.0699 0.2444 0.0758 0.0372 0.0307 
        H177  1 0.1525 0.0285 0.0630 0.1033 0.0326 0.2268 0.0325 0.0706 0.1114 0.1789 
        H179  1 0.1439 0.1360 0.0552 0.0376 0.0418 0.4107 0.0804 0.0477 0.0240 0.0227 
        H181  1 0.0184 0.0523 0.2643 0.0394 0.0618 0.0311 0.0572 0.1816 0.1910 0.1029 
        H182  1 0.0460 0.0903 0.1636 0.0457 0.0316 0.0679 0.0902 0.1624 0.0898 0.2127 
        H183  1 0.0165 0.0508 0.1439 0.0274 0.0860 0.0640 0.0262 0.1355 0.0487 0.4008 
        H184  1 0.0586 0.0540 0.3056 0.1237 0.0362 0.0453 0.1126 0.1029 0.0937 0.0672 
        H185  1 0.0399 0.0666 0.1234 0.0336 0.1689 0.0814 0.0667 0.1649 0.0861 0.1685 
        H186  1 0.0633 0.1614 0.0315 0.0364 0.0272 0.3556 0.0272 0.1867 0.0396 0.0711 
        H187  1 0.0797 0.0369 0.0591 0.0174 0.0529 0.1114 0.0231 0.0387 0.0159 0.5649 
        H188  1 0.0260 0.0587 0.0354 0.1121 0.0622 0.4665 0.0796 0.0680 0.0589 0.0328 
        H192  1 0.0916 0.0453 0.0784 0.0585 0.0423 0.0324 0.0562 0.0698 0.3835 0.1420 
        H193  1 0.0662 0.0791 0.1254 0.0389 0.0223 0.3203 0.0358 0.1939 0.0754 0.0428 
        H194  1 0.0842 0.1443 0.1327 0.0471 0.0479 0.0419 0.1467 0.0758 0.2502 0.0291 
        H195  1 0.0411 0.0873 0.0595 0.0340 0.1203 0.0452 0.0385 0.2095 0.0488 0.3158 
        H199  1 0.0242 0.0414 0.0792 0.3390 0.0611 0.0429 0.0335 0.1991 0.0373 0.1424 
        H200  1 0.0512 0.0684 0.0960 0.1892 0.1976 0.0894 0.1029 0.0833 0.0457 0.0763 
        H414  1 0.2836 0.1254 0.0469 0.0461 0.0728 0.0656 0.0659 0.1396 0.0657 0.0884 
        H415  1 0.0793 0.1477 0.1272 0.0583 0.0912 0.1034 0.1595 0.1331 0.0530 0.0472 
        H422  1 0.0380 0.1592 0.0726 0.2192 0.0293 0.0722 0.0706 0.2213 0.0332 0.0842 
        H423  1 0.0892 0.0402 0.2828 0.2899 0.0479 0.0327 0.0482 0.0732 0.0512 0.0448 
        H424  1 0.0415 0.0374 0.1380 0.0278 0.0345 0.1059 0.0560 0.2086 0.0595 0.2909 
        H425  1 0.0690 0.0459 0.0403 0.0443 0.0734 0.0415 0.0454 0.2259 0.0502 0.3642 
        H426  1 0.0806 0.0412 0.0619 0.0551 0.0366 0.0453 0.1145 0.2639 0.1521 0.1487 
        H443  1 0.0276 0.2426 0.0293 0.0409 0.0281 0.2776 0.0255 0.2436 0.0404 0.0444 
        H466  1 0.0937 0.1123 0.1164 0.0364 0.1120 0.0937 0.0516 0.1241 0.2176 0.0422 
        H467  1 0.1829 0.0380 0.0278 0.0438 0.0387 0.0235 0.2223 0.0756 0.2768 0.0704 
        H472  1 0.0520 0.0288 0.0648 0.5971 0.0430 0.0395 0.0454 0.0765 0.0209 0.0319 
        H483  1 0.0202 0.1840 0.3105 0.0479 0.0662 0.0445 0.0350 0.1087 0.1164 0.0668 
        H504  1 0.0495 0.0769 0.0619 0.0882 0.0666 0.0590 0.1191 0.1751 0.0231 0.2805 
        H505  1 0.1464 0.0487 0.0865 0.0361 0.0933 0.3697 0.0312 0.0787 0.0585 0.0509 
        H506  1 0.0827 0.2861 0.2007 0.0609 0.0508 0.0476 0.0676 0.1389 0.0320 0.0327 
        H507  1 0.0832 0.1110 0.1085 0.0614 0.0785 0.1242 0.0827 0.1665 0.0327 0.1513 
        H508  1 0.1886 0.0851 0.0571 0.0542 0.0616 0.0625 0.1253 0.1654 0.1271 0.0731 
        H524  1 0.1747 0.0421 0.0497 0.0428 0.1619 0.1270 0.0370 0.0833 0.0359 0.2455 
        H525  1 0.0679 0.1946 0.1364 0.0788 0.0736 0.1316 0.0726 0.1723 0.0366 0.0357 
        H526  1 0.0249 0.0868 0.1819 0.1215 0.0595 0.1978 0.1600 0.0897 0.0309 0.0469 
        H527  1 0.2965 0.0543 0.2181 0.0763 0.0570 0.0802 0.0275 0.0708 0.0409 0.0784 
        H528  1 0.0304 0.0782 0.1439 0.0357 0.0658 0.0393 0.4626 0.0997 0.0225 0.0219 
        H529  1 0.1236 0.0323 0.0456 0.0375 0.0365 0.2317 0.0477 0.3054 0.0567 0.0830 
        H533  1 0.3721 0.0417 0.0938 0.0303 0.0310 0.1012 0.0952 0.1080 0.0393 0.0873 
        H538  1 0.1037 0.0496 0.1076 0.3116 0.1106 0.0917 0.0354 0.0928 0.0630 0.0340 
        H539  1 0.0406 0.0291 0.0456 0.0160 0.0305 0.0509 0.0199 0.0316 0.0169 0.7189 
        H540  1 0.0724 0.0898 0.1157 0.0716 0.0539 0.0501 0.0704 0.1352 0.1352 0.2057 
        H541  1 0.1522 0.1801 0.1160 0.0569 0.0620 0.2244 0.0473 0.0782 0.0493 0.0335 
        H558  1 0.0191 0.0237 0.1852 0.0215 0.0612 0.0264 0.0284 0.0839 0.0501 0.5005 
        H559  1 0.0423 0.5131 0.1414 0.0590 0.0266 0.0826 0.0359 0.0550 0.0197 0.0244 
        H579  1 0.0193 0.2497 0.0832 0.0788 0.0316 0.0301 0.0602 0.0990 0.0329 0.3152 
        H584  1 0.0516 0.1014 0.0674 0.1112 0.0672 0.0457 0.1408 0.2325 0.1249 0.0571 
        H585  1 0.0845 0.0477 0.1871 0.0231 0.0737 0.1418 0.2179 0.1187 0.0617 0.0439 
        H605  1 0.0948 0.0665 0.0433 0.0552 0.0683 0.2797 0.0503 0.1074 0.0850 0.1495 
        H606  1 0.0449 0.5651 0.0455 0.1240 0.0242 0.0725 0.0194 0.0445 0.0288 0.0311 
        H632  1 0.0369 0.1132 0.0545 0.1753 0.1703 0.0420 0.1904 0.1329 0.0488 0.0358 
        H634  1 0.0631 0.1083 0.0635 0.0821 0.0647 0.1332 0.1077 0.1283 0.0310 0.2181 
        H671  1 0.1357 0.0522 0.0919 0.3440 0.0415 0.0784 0.1350 0.0659 0.0291 0.0263 
        H672  1 0.0971 0.1733 0.0321 0.0449 0.4372 0.0666 0.0334 0.0487 0.0229 0.0437 
        H673  1 0.0178 0.0801 0.1816 0.0432 0.0880 0.1659 0.0304 0.2989 0.0470 0.0470 
        H689  1 0.0370 0.1648 0.0863 0.0725 0.0776 0.0536 0.0835 0.2145 0.1715 0.0386 
        H690  1 0.0923 0.0567 0.0978 0.0288 0.0324 0.3677 0.0288 0.0518 0.1733 0.0704 
        H691  1 0.0540 0.3411 0.0504 0.0447 0.1770 0.0822 0.0352 0.0601 0.1114 0.0438 
        H692  1 0.0175 0.0778 0.1637 0.0260 0.1689 0.0392 0.0508 0.3802 0.0386 0.0373 
        H709  1 0.1589 0.1442 0.0480 0.0449 0.0715 0.2355 0.0550 0.1293 0.0600 0.0527 
        H710  1 0.0256 0.0569 0.1187 0.0308 0.0714 0.0610 0.1912 0.3696 0.0423 0.0326 
       H7355  1 0.0454 0.0985 0.0919 0.3765 0.0278 0.0463 0.1112 0.0879 0.0690 0.0454 
       H7356  1 0.1502 0.0439 0.1169 0.0361 0.0869 0.0404 0.0286 0.1692 0.2298 0.0979 
       H7357  1 0.1026 0.0957 0.0440 0.1511 0.0244 0.2447 0.0562 0.0743 0.0652 0.1417 
       H7358  1 0.0222 0.1188 0.0668 0.2792 0.1224 0.0946 0.0290 0.0956 0.0210 0.1504 
       H7380  1 0.0624 0.1856 0.1195 0.1189 0.0262 0.0701 0.1368 0.1522 0.0838 0.0446 
       H7381  1 0.1042 0.0308 0.1076 0.1749 0.0478 0.0869 0.0531 0.3131 0.0491 0.0324 
       H7382  1 0.0368 0.3671 0.1187 0.0643 0.1048 0.0290 0.0391 0.1043 0.0794 0.0565 
        H904  1 0.0463 0.5626 0.0283 0.1107 0.0217 0.0568 0.0315 0.0361 0.0687 0.0373 
        H923  1 0.0543 0.0316 0.0529 0.1154 0.0986 0.0994 0.1693 0.1774 0.0428 0.1583 
        H924  1 0.0271 0.0832 0.1569 0.1837 0.0662 0.1688 0.0356 0.1008 0.0635 0.1143 
        H925  1 0.0224 0.0472 0.0267 0.0227 0.0546 0.6956 0.0302 0.0310 0.0187 0.0508 
       H9558  1 0.0196 0.0209 0.1203 0.0209 0.0507 0.0223 0.0204 0.0582 0.0457 0.6210 
      H105.1  1 0.0464 0.0520 0.2022 0.0201 0.0489 0.0679 0.1181 0.1683 0.2232 0.0529 
      H115.1  1 0.0311 0.0923 0.0459 0.0203 0.0321 0.5795 0.0513 0.0507 0.0323 0.0645 
      H145.1  1 0.0342 0.2223 0.0606 0.4337 0.0246 0.0404 0.0504 0.0705 0.0288 0.0344 
      H149.1  1 0.0132 0.8567 0.0136 0.0142 0.0154 0.0217 0.0164 0.0151 0.0175 0.0162 
      H150.1  1 0.0552 0.0259 0.0544 0.0713 0.0216 0.0431 0.0532 0.1773 0.0371 0.4611 
   H169607.1  1 0.1292 0.1774 0.0985 0.1931 0.0626 0.0731 0.0875 0.0763 0.0200 0.0825 
   H169633.1  1 0.0170 0.5550 0.0276 0.0894 0.0648 0.0513 0.0408 0.0387 0.0372 0.0782 
   H169688.1  1 0.0249 0.2598 0.1118 0.0420 0.2049 0.1299 0.0239 0.1494 0.0205 0.0331 
   H171901.1  1 0.1057 0.1485 0.0344 0.0691 0.0787 0.0177 0.3728 0.0782 0.0331 0.0619 
   H171902.1  1 0.0370 0.3999 0.1119 0.1567 0.0241 0.0659 0.0309 0.0650 0.0356 0.0731 
   H171903.1  1 0.2146 0.0374 0.3349 0.0484 0.0492 0.0725 0.0268 0.0716 0.1086 0.0360 
      H177.1  1 0.0387 0.2427 0.0596 0.0602 0.1591 0.2149 0.0220 0.0861 0.0698 0.0470 
      H179.1  1 0.1207 0.1311 0.0556 0.0813 0.0473 0.3162 0.0939 0.0645 0.0247 0.0646 
      H180.1  1 0.0845 0.0466 0.0536 0.0457 0.0511 0.1201 0.0420 0.3130 0.1730 0.0705 
      H181.1  1 0.0327 0.3186 0.0484 0.0453 0.0301 0.0516 0.0439 0.0992 0.2762 0.0539 
 H194.1_2004  1 0.0559 0.0943 0.1768 0.0458 0.0693 0.0743 0.0342 0.2641 0.1163 0.0689 
 H195.1_2003  1 0.1920 0.1395 0.1844 0.0327 0.1625 0.0353 0.0535 0.1070 0.0405 0.0525 
 H195.1_2004  1 0.0250 0.2534 0.0267 0.3859 0.0799 0.0527 0.0565 0.0540 0.0405 0.0254 
      H415.1  1 0.0423 0.2427 0.1046 0.0480 0.0429 0.1626 0.0940 0.1148 0.0564 0.0917 
      H506.1  1 0.0590 0.4254 0.1067 0.0395 0.0378 0.1439 0.0801 0.0684 0.0167 0.0224 
      H533.1  1 0.0619 0.1128 0.1153 0.0308 0.0206 0.3849 0.0683 0.0807 0.0249 0.0997 
      H535.1  1 0.0498 0.0950 0.0693 0.0483 0.0508 0.2436 0.0273 0.1123 0.2268 0.0768 
      H539.1  1 0.0198 0.0365 0.1384 0.0451 0.0205 0.0395 0.0297 0.0525 0.0442 0.5737 
      H540.1  1 0.0633 0.0325 0.0913 0.0434 0.0251 0.0258 0.0326 0.0465 0.0357 0.6038 
     H9558.1  1 0.0190 0.0430 0.0727 0.0456 0.0382 0.0193 0.0357 0.0343 0.0339 0.6581 
    kos339.1  1 0.0832 0.5997 0.0531 0.0388 0.0349 0.0551 0.0273 0.0434 0.0387 0.0259 
        D023  2 0.0188 0.6982 0.0128 0.0133 0.0178 0.0228 0.0230 0.0251 0.0157 0.1523 
        D130  2 0.0681 0.0541 0.0380 0.0242 0.0352 0.0816 0.0162 0.0433 0.1120 0.5274 
        D131  2 0.0779 0.0456 0.0322 0.0620 0.0731 0.2357 0.2094 0.1588 0.0724 0.0330 
        D163  2 0.0481 0.2309 0.0410 0.0517 0.0173 0.0573 0.0394 0.1305 0.0908 0.2929 
        D164  2 0.0112 0.0175 0.0162 0.0151 0.2329 0.0152 0.0150 0.0182 0.0196 0.6390 
        D165  2 0.0175 0.6776 0.0184 0.0159 0.0227 0.0139 0.0437 0.0291 0.0198 0.1413 
        D166  2 0.1413 0.0363 0.1586 0.0556 0.0423 0.0473 0.1011 0.1732 0.0923 0.1519 
        D167  2 0.0261 0.0168 0.0394 0.0196 0.7694 0.0240 0.0211 0.0321 0.0202 0.0313 
        D192  2 0.0234 0.0203 0.0507 0.0210 0.7554 0.0159 0.0269 0.0269 0.0268 0.0326 
        D193  2 0.0645 0.0187 0.4973 0.0378 0.0210 0.0741 0.0485 0.0944 0.0996 0.0441 
        D206  2 0.0219 0.0345 0.0686 0.0246 0.0659 0.5650 0.0487 0.0757 0.0476 0.0476 
        D207  2 0.0477 0.0788 0.0865 0.0238 0.4598 0.0358 0.0614 0.0820 0.0941 0.0300 
        D208  2 0.3305 0.0563 0.0654 0.1700 0.0455 0.0798 0.1202 0.0711 0.0296 0.0316 
        D209  2 0.0286 0.0518 0.1755 0.0247 0.2972 0.0349 0.0467 0.1762 0.0338 0.1306 
        D210  2 0.0549 0.2346 0.0453 0.2803 0.0637 0.0316 0.0784 0.0444 0.1373 0.0294 
     D229599  2 0.0472 0.1310 0.1697 0.0522 0.0561 0.1355 0.1921 0.1255 0.0346 0.0561 
     D229600  2 0.0709 0.0595 0.0519 0.0218 0.2182 0.0639 0.0255 0.0978 0.1053 0.2850 
     D237227  2 0.0621 0.0806 0.0571 0.2408 0.1360 0.0525 0.0809 0.1129 0.0347 0.1423 
     D237228  2 0.0252 0.0272 0.1628 0.1286 0.0752 0.0229 0.0869 0.1477 0.0579 0.2658 
     D237258  2 0.0327 0.4398 0.0788 0.0402 0.0839 0.0426 0.1350 0.0763 0.0295 0.0413 
     D237310  2 0.1135 0.0203 0.0626 0.1025 0.0868 0.0157 0.0310 0.0753 0.2237 0.2687 
     D237311  2 0.0365 0.0226 0.1102 0.0330 0.2493 0.0349 0.0723 0.0846 0.0876 0.2690 
     D237312  2 0.0763 0.0346 0.1263 0.0794 0.0305 0.0545 0.0478 0.0988 0.3829 0.0687 
     D237313  2 0.0413 0.0239 0.0647 0.0981 0.0229 0.3501 0.0678 0.1018 0.0957 0.1336 
     D237322  2 0.2701 0.0356 0.0501 0.1628 0.0480 0.0379 0.1093 0.2010 0.0499 0.0354 
     D237323  2 0.1801 0.0354 0.0455 0.1547 0.0880 0.0194 0.0700 0.0816 0.0593 0.2661 
     D237324  2 0.0577 0.0529 0.0396 0.0252 0.1238 0.0272 0.0761 0.3940 0.0497 0.1538 
     D237325  2 0.1469 0.0307 0.0714 0.0980 0.0919 0.0620 0.0393 0.0903 0.2118 0.1577 
     D237326  2 0.0264 0.0507 0.0794 0.0464 0.0595 0.0664 0.0930 0.0866 0.0365 0.4550 
     D237327  2 0.2448 0.0865 0.0216 0.0417 0.0866 0.0213 0.3214 0.0656 0.0878 0.0229 
     D237337  2 0.0587 0.0243 0.0464 0.0985 0.0429 0.1099 0.0469 0.0959 0.1349 0.3418 
     D237338  2 0.1333 0.0507 0.0803 0.0964 0.0949 0.0603 0.1212 0.1242 0.1524 0.0863 
     D237339  2 0.2059 0.0439 0.1041 0.0224 0.2585 0.0842 0.0699 0.1320 0.0335 0.0454 
     D237340  2 0.0680 0.0317 0.1307 0.0978 0.3276 0.0314 0.0673 0.0703 0.0837 0.0914 
     D237389  2 0.0384 0.0331 0.2075 0.0266 0.1223 0.0265 0.0449 0.0960 0.1153 0.2893 
     D237390  2 0.0705 0.0329 0.1495 0.0648 0.0634 0.1058 0.1538 0.0907 0.1971 0.0715 
     D244017  2 0.0659 0.0295 0.0533 0.0740 0.5747 0.0457 0.0371 0.0644 0.0193 0.0360 
     D244112  2 0.0537 0.0295 0.0625 0.0299 0.5513 0.0170 0.0423 0.0865 0.0420 0.0854 
     D244118  2 0.0924 0.0338 0.0393 0.0210 0.3118 0.0187 0.0308 0.0372 0.0280 0.3870 
     D244119  2 0.0329 0.0305 0.0257 0.3182 0.4579 0.0368 0.0228 0.0320 0.0236 0.0195 
     D244120  2 0.0454 0.0352 0.2990 0.0332 0.1783 0.0162 0.1451 0.0645 0.1404 0.0428 
     D244122  2 0.0811 0.0618 0.1624 0.0440 0.3279 0.0517 0.0332 0.0850 0.0576 0.0953 
        D291  2 0.0866 0.0472 0.0689 0.0332 0.0464 0.1115 0.4229 0.1258 0.0187 0.0390 
        D292  2 0.0570 0.0833 0.0559 0.0578 0.1205 0.1719 0.2805 0.0640 0.0399 0.0692 
        D293  2 0.0331 0.0650 0.0201 0.0223 0.7102 0.0394 0.0426 0.0349 0.0162 0.0161 
        D322  2 0.0386 0.3059 0.0243 0.0237 0.4091 0.0277 0.0421 0.0575 0.0286 0.0426 
        D323  2 0.0474 0.0421 0.1247 0.0534 0.2215 0.2727 0.0714 0.1001 0.0241 0.0426 
        D324  2 0.0196 0.1824 0.0360 0.0604 0.0331 0.0561 0.3808 0.0962 0.0716 0.0637 
        D325  2 0.0286 0.0436 0.0201 0.0151 0.6880 0.0273 0.0947 0.0346 0.0310 0.0169 
        D326  2 0.0165 0.0433 0.0312 0.0183 0.0225 0.7572 0.0500 0.0298 0.0196 0.0116 
        D340  2 0.0168 0.0348 0.0311 0.0297 0.7373 0.0204 0.0404 0.0295 0.0357 0.0244 
        D341  2 0.1265 0.0239 0.0228 0.0651 0.2781 0.0685 0.0529 0.0367 0.2927 0.0329 
        D342  2 0.0372 0.0758 0.0777 0.0235 0.0443 0.0333 0.0362 0.1356 0.1947 0.3417 
        D343  2 0.0159 0.0247 0.0117 0.0130 0.8543 0.0155 0.0160 0.0177 0.0192 0.0121 
        D344  2 0.0231 0.0180 0.5914 0.0177 0.0342 0.1689 0.0298 0.0541 0.0357 0.0270 
        D345  2 0.0472 0.0621 0.1038 0.0588 0.0366 0.0735 0.0666 0.1307 0.0249 0.3959 
        D346  2 0.0166 0.0854 0.0904 0.4274 0.1395 0.0445 0.0466 0.0482 0.0800 0.0214 
        D351  2 0.0789 0.1729 0.0664 0.0396 0.0582 0.1279 0.2879 0.1120 0.0290 0.0272 
        D352  2 0.0394 0.0593 0.3559 0.0730 0.0933 0.0323 0.1583 0.1425 0.0245 0.0214 
        D353  2 0.0403 0.0236 0.0850 0.0408 0.0466 0.1113 0.0686 0.5330 0.0242 0.0265 
        D354  2 0.0195 0.0309 0.6603 0.0406 0.0197 0.0831 0.0178 0.0399 0.0250 0.0631 
        D362  2 0.0294 0.2421 0.0431 0.0262 0.0390 0.4756 0.0394 0.0485 0.0189 0.0377 
        D363  2 0.0239 0.3180 0.0583 0.0359 0.0470 0.3791 0.0455 0.0495 0.0167 0.0263 
        D364  2 0.0171 0.0361 0.4577 0.0238 0.0314 0.2652 0.0278 0.0574 0.0421 0.0414 
        D365  2 0.0140 0.0186 0.0122 0.0197 0.8588 0.0186 0.0135 0.0143 0.0184 0.0117 
        D369  2 0.0240 0.2835 0.0492 0.0619 0.2562 0.0784 0.1231 0.0562 0.0425 0.0249 
        D374  2 0.0210 0.0186 0.6886 0.0834 0.0233 0.0309 0.0194 0.0590 0.0222 0.0335 
        D375  2 0.0262 0.0215 0.6456 0.0200 0.0407 0.0790 0.0293 0.0721 0.0326 0.0331 
        D376  2 0.0275 0.0307 0.5754 0.1135 0.0385 0.0268 0.0189 0.0563 0.0722 0.0401 
        D377  2 0.0366 0.0385 0.1733 0.1292 0.0565 0.0969 0.1274 0.0995 0.1210 0.1210 
        D378  2 0.0511 0.5092 0.0210 0.0248 0.1410 0.0811 0.0420 0.0702 0.0342 0.0255 
        D379  2 0.0218 0.0233 0.0354 0.0213 0.0233 0.7568 0.0203 0.0358 0.0425 0.0195 
        D384  2 0.0142 0.0251 0.0205 0.0294 0.0161 0.8164 0.0222 0.0209 0.0182 0.0170 
        D385  2 0.0152 0.0188 0.0685 0.0349 0.7558 0.0235 0.0144 0.0236 0.0268 0.0185 
        D386  2 0.0504 0.2581 0.1176 0.0272 0.0708 0.2286 0.0297 0.0951 0.0352 0.0874 
        D391  2 0.0414 0.0307 0.0260 0.0371 0.7247 0.0324 0.0343 0.0308 0.0199 0.0227 
        D392  2 0.0207 0.0519 0.0341 0.0347 0.6038 0.0481 0.0541 0.0510 0.0204 0.0812 
        D393  2 0.0400 0.4597 0.0271 0.0301 0.0442 0.0961 0.1783 0.0450 0.0483 0.0311 
        D394  2 0.0590 0.1074 0.1113 0.0321 0.1197 0.0500 0.1328 0.1563 0.0809 0.1505 
        D395  2 0.0238 0.0270 0.0474 0.0248 0.7092 0.0209 0.0343 0.0598 0.0366 0.0162 
        D401  2 0.0186 0.0301 0.1998 0.0405 0.1260 0.0318 0.0440 0.0845 0.0370 0.3876 
        D402  2 0.0390 0.0331 0.0393 0.0601 0.5903 0.0268 0.0849 0.0408 0.0554 0.0302 
        D403  2 0.0784 0.0412 0.0759 0.0206 0.0191 0.4086 0.0239 0.2383 0.0451 0.0490 
        D415  2 0.0322 0.0516 0.0512 0.0252 0.0822 0.3955 0.0287 0.1891 0.1097 0.0348 
        D435  2 0.0265 0.3429 0.0455 0.0340 0.1919 0.0672 0.0940 0.0651 0.0828 0.0499 
        D436  2 0.1001 0.0315 0.3087 0.0567 0.0318 0.2674 0.0676 0.0642 0.0461 0.0260 
        D438  2 0.0175 0.0301 0.0298 0.0356 0.7436 0.0223 0.0185 0.0287 0.0371 0.0367 
        D439  2 0.0440 0.0631 0.2178 0.0336 0.0623 0.0593 0.1796 0.2398 0.0378 0.0627 
        D449  2 0.0178 0.0926 0.1132 0.0283 0.1565 0.0690 0.0672 0.2245 0.2012 0.0297 
        D450  2 0.0670 0.1935 0.1541 0.2009 0.0251 0.0590 0.0678 0.1243 0.0675 0.0408 
        D456  2 0.0204 0.0450 0.0308 0.0214 0.0164 0.7559 0.0292 0.0431 0.0219 0.0160 
        D462  2 0.0430 0.0357 0.0367 0.0234 0.6966 0.0304 0.0663 0.0331 0.0163 0.0185 
        D463  2 0.0159 0.0246 0.0309 0.0208 0.0159 0.8078 0.0220 0.0299 0.0176 0.0145 
        D464  2 0.0670 0.0561 0.1329 0.0459 0.2567 0.0745 0.0230 0.2823 0.0417 0.0200 
        D465  2 0.0197 0.0777 0.0527 0.0375 0.6407 0.0321 0.0372 0.0420 0.0280 0.0324 
        D473  2 0.0531 0.0745 0.0422 0.5753 0.0400 0.0307 0.0371 0.0452 0.0440 0.0579 
        D474  2 0.0185 0.5005 0.0223 0.0490 0.0319 0.0682 0.1961 0.0429 0.0387 0.0319 
        D476  2 0.1608 0.0659 0.0861 0.0237 0.2034 0.0529 0.1057 0.0992 0.0431 0.1592 
        D477  2 0.0435 0.1434 0.1107 0.1503 0.0555 0.1283 0.1775 0.0860 0.0591 0.0456 
        D478  2 0.0382 0.1737 0.2029 0.0492 0.0625 0.0937 0.1211 0.1678 0.0322 0.0588 
        D480  2 0.0923 0.1749 0.0462 0.0579 0.1426 0.2064 0.0346 0.0647 0.1584 0.0220 
        D481  2 0.0408 0.1123 0.0693 0.0477 0.1339 0.1472 0.1527 0.1373 0.0256 0.1331 
        D482  2 0.1345 0.0441 0.1212 0.1438 0.0694 0.0487 0.1954 0.1350 0.0345 0.0734 
        D483  2 0.0262 0.0208 0.0281 0.0269 0.7730 0.0298 0.0222 0.0254 0.0231 0.0246 
        D484  2 0.1290 0.0554 0.3255 0.0746 0.1167 0.0173 0.0923 0.1121 0.0385 0.0387 
        D510  2 0.0331 0.0314 0.4465 0.2160 0.0334 0.0399 0.0542 0.0741 0.0466 0.0248 
        D511  2 0.0641 0.2104 0.0504 0.0438 0.2831 0.0963 0.1179 0.0722 0.0246 0.0373 
        D512  2 0.0321 0.0257 0.0827 0.0202 0.4685 0.0188 0.0359 0.0833 0.0508 0.1821 
        D513  2 0.0333 0.0428 0.0665 0.0835 0.3340 0.1504 0.0930 0.0876 0.0476 0.0612 
        D635  2 0.0170 0.7388 0.0196 0.0181 0.0353 0.0349 0.0380 0.0392 0.0170 0.0420 
        D636  2 0.0163 0.1414 0.0195 0.0256 0.0200 0.0333 0.0162 0.0260 0.0158 0.6860 
        D637  2 0.0881 0.0543 0.1956 0.0859 0.2036 0.0557 0.0700 0.0860 0.1248 0.0359 
        D658  2 0.0773 0.0259 0.0690 0.0730 0.4884 0.0323 0.0221 0.0517 0.1124 0.0477 
        D659  2 0.0407 0.5197 0.0755 0.0412 0.0202 0.0637 0.0822 0.0736 0.0586 0.0248 
        D677  2 0.0522 0.0434 0.0430 0.0206 0.0361 0.5126 0.0957 0.0567 0.1034 0.0362 
        D678  2 0.0238 0.0308 0.1598 0.0205 0.4089 0.0193 0.0237 0.1445 0.0417 0.1270 
        D679  2 0.0501 0.1070 0.0443 0.0999 0.0514 0.2508 0.1865 0.1029 0.0739 0.0331 
        D719  2 0.0507 0.0773 0.0583 0.2392 0.1791 0.1205 0.1559 0.0642 0.0220 0.0328 
        D720  2 0.0314 0.0634 0.0280 0.0606 0.0401 0.6140 0.0385 0.0551 0.0238 0.0453 
        D721  2 0.0245 0.5868 0.0201 0.0255 0.0584 0.0283 0.0262 0.0597 0.0489 0.1215 
        D722  2 0.0287 0.0265 0.5778 0.0824 0.0507 0.0426 0.0433 0.0704 0.0219 0.0557 
        D734  2 0.0998 0.0405 0.1001 0.3291 0.2305 0.0394 0.0518 0.0477 0.0430 0.0181 
        D735  2 0.0644 0.2607 0.0253 0.0934 0.0626 0.1693 0.0511 0.1032 0.0784 0.0917 
        D736  2 0.0274 0.2432 0.0928 0.1456 0.0404 0.0288 0.2365 0.0719 0.0725 0.0408 
        D737  2 0.2053 0.0394 0.0552 0.0293 0.4122 0.0331 0.0648 0.0504 0.0510 0.0592 
        D807  2 0.0550 0.4391 0.0515 0.1148 0.0497 0.0622 0.0993 0.0472 0.0508 0.0304 
        D808  2 0.0698 0.0559 0.0473 0.0331 0.2460 0.0403 0.1344 0.1278 0.1339 0.1114 
        D817  2 0.0330 0.0517 0.1414 0.0373 0.0340 0.4641 0.0791 0.0910 0.0209 0.0474 
        D818  2 0.1166 0.2390 0.0298 0.0247 0.2078 0.0516 0.0991 0.0989 0.1109 0.0216 
        D819  2 0.0226 0.1631 0.1738 0.0461 0.1369 0.1045 0.1634 0.1179 0.0241 0.0476 
        D820  2 0.1057 0.2327 0.0467 0.0307 0.0730 0.3205 0.0510 0.0679 0.0502 0.0215 
        D895  2 0.0401 0.2702 0.1266 0.0800 0.0322 0.0953 0.0413 0.1840 0.0412 0.0892 
        D896  2 0.0468 0.0238 0.0878 0.0535 0.0559 0.0429 0.0377 0.0537 0.0630 0.5351 
        D897  2 0.0803 0.0500 0.0358 0.0403 0.0825 0.0433 0.0697 0.1673 0.3512 0.0797 
        D898  2 0.0513 0.0227 0.1298 0.0658 0.0303 0.0444 0.3512 0.1404 0.0814 0.0828 
        D918  2 0.1441 0.0424 0.0901 0.1130 0.1363 0.0868 0.0651 0.1191 0.1370 0.0661 
        D919  2 0.0905 0.1199 0.0886 0.0235 0.0842 0.0991 0.2977 0.1372 0.0275 0.0318 
        D920  2 0.1383 0.0234 0.0332 0.0294 0.0244 0.0348 0.0277 0.0513 0.0464 0.5911 
        D923  2 0.0210 0.1141 0.1725 0.0250 0.0582 0.3835 0.0576 0.1067 0.0301 0.0313 
        D930  2 0.0295 0.0640 0.1439 0.2548 0.0315 0.1421 0.0372 0.0937 0.1504 0.0528 
        D931  2 0.0442 0.2225 0.0570 0.0442 0.4054 0.0533 0.0514 0.0505 0.0495 0.0220 
        D968  2 0.0219 0.0223 0.0373 0.0216 0.5907 0.0275 0.2153 0.0310 0.0149 0.0175 
        D969  2 0.0465 0.3684 0.0485 0.0274 0.1189 0.0973 0.1164 0.0746 0.0822 0.0199 
        D977  2 0.0472 0.0380 0.0430 0.0301 0.6633 0.0256 0.0283 0.0349 0.0650 0.0246 
        D978  2 0.1320 0.0495 0.0407 0.0516 0.0695 0.1060 0.1285 0.1031 0.2982 0.0209 
        H008  2 0.0244 0.0449 0.3940 0.0512 0.0464 0.2355 0.0778 0.0648 0.0242 0.0366 
        H021  2 0.0655 0.1711 0.0302 0.0364 0.0823 0.0283 0.0342 0.0566 0.4444 0.0512 
        H023  2 0.0466 0.0298 0.0239 0.0435 0.0167 0.6949 0.0248 0.0334 0.0250 0.0613 
        H024  2 0.0220 0.0226 0.1740 0.0431 0.1215 0.0298 0.1723 0.1903 0.1492 0.0752 
        H025  2 0.0465 0.0224 0.4671 0.0501 0.0596 0.1101 0.0388 0.1104 0.0324 0.0626 
        H026  2 0.0256 0.0886 0.0332 0.0266 0.1419 0.0721 0.2346 0.3063 0.0434 0.0277 
        H027  2 0.1367 0.2106 0.0280 0.0540 0.2190 0.0882 0.0450 0.0832 0.0883 0.0470 
        H028  2 0.0308 0.0411 0.4704 0.0316 0.0441 0.0561 0.0496 0.0995 0.0685 0.1082 
        H029  2 0.0411 0.2143 0.0445 0.0316 0.1780 0.1117 0.2283 0.0827 0.0171 0.0508 
        H030  2 0.0305 0.0230 0.0950 0.0210 0.6687 0.0195 0.0274 0.0369 0.0497 0.0283 
        H038  2 0.1587 0.1182 0.0304 0.0378 0.0297 0.1701 0.0470 0.0501 0.0355 0.3224 
        H039  2 0.0616 0.0268 0.1694 0.4713 0.0203 0.0669 0.0326 0.0460 0.0511 0.0540 
        H040  2 0.6305 0.0397 0.0189 0.0258 0.0220 0.0841 0.0312 0.0388 0.0183 0.0907 
        H041  2 0.0276 0.0596 0.1514 0.0687 0.1948 0.1544 0.1974 0.0743 0.0425 0.0293 
        H042  2 0.0887 0.0461 0.3359 0.1052 0.0323 0.1011 0.0532 0.0995 0.0313 0.1067 
        H043  2 0.0337 0.0354 0.0517 0.0531 0.0217 0.0400 0.0267 0.0338 0.0183 0.6855 
        H044  2 0.0244 0.0427 0.1462 0.0853 0.0826 0.0255 0.0761 0.1771 0.0599 0.2802 
        H047  2 0.0421 0.0319 0.1184 0.0712 0.0355 0.0768 0.0684 0.0482 0.0662 0.4414 
        H050  2 0.1408 0.0627 0.0412 0.0434 0.4493 0.0493 0.0385 0.0841 0.0398 0.0509 
        H058  2 0.1562 0.0865 0.0434 0.0381 0.0780 0.0611 0.0955 0.1390 0.1023 0.1998 
        H062  2 0.0628 0.0875 0.1245 0.1548 0.0261 0.1701 0.0292 0.0727 0.1115 0.1607 
        H063  2 0.0800 0.0759 0.0548 0.0576 0.3013 0.1087 0.0877 0.0683 0.0339 0.1319 
        H065  2 0.0169 0.0174 0.0312 0.0537 0.0149 0.7601 0.0193 0.0371 0.0215 0.0280 
        H066  2 0.0852 0.0505 0.0349 0.0199 0.0608 0.0319 0.1674 0.0716 0.0478 0.4300 
        H067  2 0.0480 0.0988 0.0736 0.2332 0.0435 0.0936 0.1216 0.1242 0.1264 0.0370 
        H068  2 0.1396 0.0217 0.0636 0.3057 0.1020 0.0693 0.0899 0.0688 0.0771 0.0623 
        H069  2 0.1606 0.0260 0.0309 0.0412 0.3632 0.1100 0.0340 0.0535 0.0137 0.1669 
        H071  2 0.0691 0.1191 0.0652 0.0907 0.0478 0.3623 0.0600 0.0948 0.0577 0.0333 
        H072  2 0.0632 0.0220 0.3680 0.2731 0.0557 0.0521 0.0554 0.0474 0.0228 0.0404 
        H073  2 0.1777 0.0688 0.0423 0.0301 0.0584 0.2384 0.0567 0.1883 0.0834 0.0559 
        H081  2 0.0457 0.0710 0.2181 0.1739 0.0366 0.2829 0.0538 0.0455 0.0496 0.0228 
        H082  2 0.0166 0.0397 0.0678 0.0269 0.5608 0.0380 0.0444 0.0608 0.0244 0.1207 
        H083  2 0.0210 0.0387 0.0675 0.0242 0.6181 0.0568 0.0283 0.0347 0.0749 0.0358 
        H084  2 0.1857 0.0460 0.0257 0.0968 0.0855 0.0432 0.2729 0.0914 0.0842 0.0687 
        H085  2 0.0363 0.1941 0.1068 0.0754 0.3581 0.0881 0.0294 0.0554 0.0356 0.0209 
        H087  2 0.0336 0.1270 0.1882 0.0911 0.0419 0.1271 0.1436 0.0854 0.1226 0.0394 
        H088  2 0.0617 0.1970 0.1597 0.0678 0.0694 0.2085 0.0482 0.0841 0.0570 0.0466 
        H089  2 0.0620 0.1456 0.0473 0.1546 0.1085 0.1634 0.0706 0.1307 0.0440 0.0734 
        H090  2 0.0126 0.0274 0.0232 0.0284 0.7073 0.0210 0.0892 0.0346 0.0318 0.0246 
        H091  2 0.0462 0.0476 0.0235 0.0315 0.7252 0.0349 0.0212 0.0332 0.0213 0.0153 
