        D174  1 0.7199 0.1304 0.1497 
        D199  1 0.2217 0.1320 0.6463 
        D203  1 0.2555 0.2972 0.4473 
        D204  1 0.2459 0.0926 0.6614 
     D237366  1 0.3105 0.5034 0.1861 
     D237367  1 0.3371 0.1591 0.5039 
     D237368  1 0.1376 0.5478 0.3146 
     D244101  1 0.0617 0.0534 0.8849 
     D244102  1 0.3647 0.4114 0.2240 
     D244103  1 0.4149 0.2845 0.3006 
     D244104  1 0.3075 0.1179 0.5746 
     D244105  1 0.1027 0.7070 0.1903 
     D244106  1 0.6177 0.2096 0.1726 
     D244107  1 0.0546 0.5195 0.4259 
     D244108  1 0.5036 0.2738 0.2226 
     D244113  1 0.8670 0.0836 0.0494 
     D244114  1 0.2897 0.4795 0.2307 
     D244115  1 0.6060 0.1732 0.2207 
     D267365  1 0.4600 0.1382 0.4018 
        D404  1 0.7366 0.1524 0.1110 
        D405  1 0.5285 0.2740 0.1974 
        D406  1 0.1146 0.8006 0.0848 
        D407  1 0.0894 0.0940 0.8166 
        D408  1 0.6733 0.0796 0.2470 
        D409  1 0.2048 0.3502 0.4450 
        D410  1 0.1445 0.7790 0.0766 
        D421  1 0.0734 0.0388 0.8878 
        D422  1 0.0351 0.8896 0.0754 
        D423  1 0.0827 0.5591 0.3582 
        D424  1 0.1749 0.1132 0.7119 
        D425  1 0.5213 0.0995 0.3792 
        D426  1 0.0998 0.3485 0.5518 
        D427  1 0.0890 0.0564 0.8546 
        D428  1 0.4452 0.2127 0.3421 
        D429  1 0.5655 0.2141 0.2204 
        D430  1 0.4301 0.2118 0.3581 
        D491  1 0.7639 0.0927 0.1434 
        D492  1 0.6126 0.1216 0.2658 
        D537  1 0.3923 0.1528 0.4550 
        D538  1 0.3121 0.4777 0.2102 
        D539  1 0.5697 0.3232 0.1071 
        D540  1 0.3871 0.2821 0.3309 
        D541  1 0.0844 0.0618 0.8538 
        D551  1 0.1063 0.6474 0.2463 
        D552  1 0.2484 0.5044 0.2472 
        D553  1 0.1472 0.0693 0.7835 
        D615  1 0.3631 0.4343 0.2026 
        D616  1 0.1192 0.2364 0.6444 
        D621  1 0.3552 0.5691 0.0757 
        D622  1 0.1793 0.6640 0.1567 
        D623  1 0.4471 0.1266 0.4263 
        D624  1 0.8361 0.0670 0.0969 
        D625  1 0.6387 0.1185 0.2428 
        D626  1 0.7204 0.1382 0.1415 
        D627  1 0.1175 0.1475 0.7350 
        D690  1 0.6522 0.0977 0.2501 
        D691  1 0.1270 0.5626 0.3104 
        D710  1 0.2627 0.1289 0.6084 
        D711  1 0.4551 0.1624 0.3825 
        D712  1 0.6482 0.2026 0.1491 
        D713  1 0.7216 0.1412 0.1372 
        D746  1 0.1125 0.7638 0.1238 
        D747  1 0.1240 0.0538 0.8222 
        D748  1 0.3290 0.2749 0.3961 
        D749  1 0.1612 0.7260 0.1128 
        D750  1 0.7514 0.0878 0.1608 
        D763  1 0.2251 0.2436 0.5313 
        D764  1 0.3593 0.1504 0.4902 
        D765  1 0.1660 0.7720 0.0620 
        D766  1 0.3298 0.4445 0.2257 
        D767  1 0.4348 0.3440 0.2212 
        D768  1 0.0924 0.0847 0.8229 
        D811  1 0.7701 0.1083 0.1216 
        D816  1 0.4145 0.0973 0.4883 
        D825  1 0.6736 0.2156 0.1108 
        D866  1 0.2958 0.2782 0.4260 
        D867  1 0.1000 0.7975 0.1025 
        D871  1 0.4415 0.2319 0.3266 
        D872  1 0.4088 0.3335 0.2577 
        D873  1 0.0419 0.9240 0.0341 
        D874  1 0.6942 0.0579 0.2478 
        D875  1 0.1648 0.5415 0.2937 
        D876  1 0.4765 0.2325 0.2910 
        D877  1 0.8487 0.0774 0.0739 
        D892  1 0.5640 0.1852 0.2507 
        D893  1 0.2629 0.2540 0.4831 
        D894  1 0.2911 0.2291 0.4798 
        D915  1 0.3584 0.2383 0.4033 
        D916  1 0.1891 0.0917 0.7192 
        D917  1 0.5354 0.0848 0.3798 
        D925  1 0.2225 0.6692 0.1084 
        D926  1 0.5487 0.1525 0.2987 
        D927  1 0.1858 0.1425 0.6717 
        D928  1 0.8417 0.0585 0.0998 
        D929  1 0.7420 0.1568 0.1012 
        D936  1 0.3434 0.1173 0.5392 
        D938  1 0.1222 0.7901 0.0877 
        D956  1 0.6291 0.2469 0.1239 
        D957  1 0.2346 0.4372 0.3282 
        D958  1 0.5717 0.2542 0.1742 
        D959  1 0.0624 0.1292 0.8084 
        D960  1 0.0739 0.8706 0.0555 
        D989  1 0.3096 0.1039 0.5865 
        D990  1 0.0770 0.8333 0.0897 
        H102  1 0.6658 0.1663 0.1680 
        H103  1 0.1396 0.4240 0.4365 
        H104  1 0.4447 0.1425 0.4128 
        H105  1 0.5855 0.1288 0.2857 
        H106  1 0.2447 0.6509 0.1044 
        H112  1 0.5045 0.2741 0.2214 
        H113  1 0.1502 0.1660 0.6838 
        H114  1 0.0830 0.1417 0.7753 
        H115  1 0.3748 0.1919 0.4333 
        H143  1 0.2526 0.2244 0.5230 
        H144  1 0.1266 0.1711 0.7023 
        H145  1 0.6760 0.2113 0.1127 
        H149  1 0.3739 0.2639 0.3622 
        H150  1 0.4570 0.3924 0.1507 
     H167542  1 0.5371 0.1532 0.3098 
     H169604  1 0.5935 0.0884 0.3180 
     H169607  1 0.7085 0.1429 0.1486 
     H169608  1 0.7323 0.1415 0.1263 
     H169633  1 0.2258 0.1586 0.6156 
     H169688  1 0.1136 0.7029 0.1834 
     H169714  1 0.2052 0.5409 0.2539 
     H171802  1 0.1562 0.3174 0.5264 
     H171805  1 0.2009 0.6687 0.1304 
     H171807  1 0.5249 0.3354 0.1397 
     H171814  1 0.0768 0.1795 0.7437 
     H171816  1 0.2658 0.5023 0.2319 
     H171817  1 0.7189 0.1450 0.1361 
     H171818  1 0.1420 0.5474 0.3106 
     H171819  1 0.2642 0.2245 0.5113 
     H171834  1 0.1009 0.6309 0.2682 
     H171835  1 0.2982 0.3479 0.3539 
     H171836  1 0.1197 0.4093 0.4710 
     H171837  1 0.4899 0.1006 0.4095 
     H171838  1 0.0776 0.8303 0.0921 
     H171839  1 0.3511 0.1092 0.5397 
     H171841  1 0.6062 0.3343 0.0594 
     H171860  1 0.5907 0.0814 0.3279 
     H171861  1 0.2130 0.3666 0.4205 
     H171862  1 0.2183 0.4051 0.3766 
     H171868  1 0.2841 0.1565 0.5593 
     H171869  1 0.0852 0.6318 0.2829 
     H171870  1 0.1456 0.7472 0.1072 
     H171871  1 0.1247 0.5443 0.3309 
     H171872  1 0.7029 0.0926 0.2045 
     H171873  1 0.1021 0.6468 0.2511 
     H171874  1 0.1829 0.2661 0.5510 
     H171875  1 0.0987 0.1205 0.7807 
     H171876  1 0.2214 0.1026 0.6760 
     H171877  1 0.4471 0.0967 0.4562 
     H171878  1 0.1023 0.6948 0.2029 
     H171901  1 0.7687 0.1406 0.0907 
     H171902  1 0.7826 0.1574 0.0601 
     H171903  1 0.1684 0.1688 0.6628 
     H171935  1 0.1782 0.7548 0.0670 
     H171936  1 0.1116 0.1732 0.7152 
     H171940  1 0.6509 0.2009 0.1482 
     H171945  1 0.2589 0.5926 0.1485 
     H171948  1 0.3313 0.4425 0.2262 
     H171949  1 0.6140 0.2732 0.1128 
     H171950  1 0.7027 0.1654 0.1319 
     H171963  1 0.0747 0.8108 0.1145 
     H171964  1 0.1083 0.6886 0.2031 
     H171966  1 0.1666 0.6603 0.1731 
     H171968  1 0.7822 0.1420 0.0759 
     H171971  1 0.1310 0.6910 0.1780 
     H171972  1 0.1399 0.2739 0.5861 
     H171977  1 0.1906 0.4958 0.3136 
     H171978  1 0.4172 0.4926 0.0902 
     H171979  1 0.2176 0.5039 0.2785 
        H176  1 0.5385 0.0676 0.3939 
        H177  1 0.5542 0.3542 0.0915 
        H179  1 0.3986 0.0750 0.5264 
        H181  1 0.1288 0.7022 0.1689 
        H182  1 0.2145 0.6009 0.1846 
        H183  1 0.0837 0.7203 0.1960 
        H184  1 0.5858 0.2853 0.1289 
        H185  1 0.1354 0.5649 0.2997 
        H186  1 0.1417 0.2887 0.5696 
        H187  1 0.1986 0.4989 0.3024 
        H188  1 0.4398 0.1120 0.4482 
        H192  1 0.3123 0.5814 0.1064 
        H193  1 0.4124 0.4395 0.1481 
        H194  1 0.3326 0.2479 0.4195 
        H195  1 0.0685 0.7744 0.1571 
        H199  1 0.4100 0.4439 0.1461 
        H200  1 0.3009 0.1110 0.5881 
        H414  1 0.4669 0.2360 0.2971 
        H415  1 0.2327 0.1712 0.5960 
        H422  1 0.4231 0.3868 0.1901 
        H423  1 0.7344 0.1716 0.0940 
        H424  1 0.1081 0.5918 0.3001 
        H425  1 0.1124 0.7364 0.1512 
        H426  1 0.1328 0.7102 0.1571 
        H443  1 0.2091 0.2510 0.5398 
        H466  1 0.1864 0.3763 0.4373 
        H467  1 0.1811 0.5962 0.2227 
        H472  1 0.7891 0.0779 0.1330 
        H483  1 0.2359 0.4485 0.3156 
        H504  1 0.1966 0.5659 0.2374 
        H505  1 0.4647 0.2666 0.2687 
        H506  1 0.4820 0.2959 0.2221 
        H507  1 0.2376 0.3964 0.3660 
        H508  1 0.2158 0.5685 0.2157 
        H524  1 0.2432 0.2969 0.4599 
        H525  1 0.4497 0.2732 0.2771 
        H526  1 0.4382 0.0828 0.4790 
        H527  1 0.6568 0.2282 0.1150 
        H528  1 0.2293 0.0845 0.6861 
        H529  1 0.2022 0.4283 0.3695 
        H533  1 0.2729 0.5507 0.1764 
        H538  1 0.6677 0.1279 0.2044 
        H539  1 0.0723 0.8487 0.0790 
        H540  1 0.2830 0.5295 0.1875 
        H541  1 0.5104 0.1366 0.3530 
        H558  1 0.0804 0.8208 0.0989 
        H559  1 0.5718 0.1293 0.2988 
        H579  1 0.2060 0.6735 0.1205 
        H584  1 0.2792 0.5009 0.2198 
        H585  1 0.1547 0.2437 0.6016 
        H605  1 0.4655 0.3021 0.2324 
        H606  1 0.8119 0.0729 0.1152 
        H632  1 0.2820 0.3471 0.3709 
        H634  1 0.4344 0.2439 0.3218 
        H671  1 0.7940 0.0810 0.1250 
        H672  1 0.0917 0.0589 0.8494 
        H673  1 0.3231 0.2371 0.4398 
        H689  1 0.1698 0.2518 0.5783 
        H690  1 0.3899 0.3645 0.2456 
        H691  1 0.1882 0.1537 0.6581 
        H692  1 0.1124 0.2410 0.6466 
        H709  1 0.2492 0.2078 0.5430 
        H710  1 0.0867 0.3727 0.5405 
       H7355  1 0.5827 0.1925 0.2248 
       H7356  1 0.1517 0.7117 0.1366 
       H7357  1 0.6627 0.1888 0.1485 
       H7358  1 0.5520 0.1137 0.3343 
       H7380  1 0.5493 0.1814 0.2693 
       H7381  1 0.5499 0.2459 0.2041 
       H7382  1 0.3221 0.3823 0.2957 
        H904  1 0.6590 0.1134 0.2276 
        H923  1 0.3065 0.2105 0.4830 
        H924  1 0.5549 0.2125 0.2327 
        H925  1 0.2902 0.1402 0.5695 
       H9558  1 0.0620 0.8754 0.0626 
      H105.1  1 0.1156 0.6615 0.2229 
      H115.1  1 0.1740 0.1549 0.6711 
      H145.1  1 0.7439 0.0913 0.1648 
      H149.1  1 0.1702 0.1030 0.7268 
      H150.1  1 0.1997 0.7092 0.0911 
   H169607.1  1 0.6438 0.1390 0.2172 
   H169633.1  1 0.2185 0.1765 0.6050 
   H169688.1  1 0.1540 0.1472 0.6988 
   H171901.1  1 0.1939 0.2729 0.5332 
   H171902.1  1 0.7777 0.1310 0.0913 
   H171903.1  1 0.5914 0.2594 0.1492 
      H177.1  1 0.2903 0.0985 0.6112 
      H179.1  1 0.4857 0.1370 0.3773 
      H180.1  1 0.3324 0.4738 0.1939 
      H181.1  1 0.2123 0.5777 0.2100 
 H194.1_2004  1 0.1416 0.4986 0.3597 
 H195.1_2003  1 0.2570 0.3560 0.3871 
 H195.1_2004  1 0.5708 0.0841 0.3451 
      H415.1  1 0.1697 0.2037 0.6266 
      H506.1  1 0.3248 0.1659 0.5093 
      H533.1  1 0.4084 0.3407 0.2509 
      H535.1  1 0.4272 0.3303 0.2426 
      H539.1  1 0.2887 0.5916 0.1197 
      H540.1  1 0.1279 0.8075 0.0646 
     H9558.1  1 0.1562 0.7048 0.1390 
    kos339.1  1 0.5085 0.1311 0.3604 
        D023  2 0.0697 0.5546 0.3757 
        D130  2 0.0986 0.8295 0.0719 
        D131  2 0.1102 0.1046 0.7852 
        D163  2 0.1046 0.7985 0.0969 
        D164  2 0.0454 0.8289 0.1257 
        D165  2 0.0488 0.5754 0.3758 
        D166  2 0.3213 0.5508 0.1279 
        D167  2 0.0930 0.4814 0.4256 
        D192  2 0.0627 0.5639 0.3734 
        D193  2 0.4133 0.4944 0.0923 
        D206  2 0.1857 0.2326 0.5817 
        D207  2 0.1191 0.2918 0.5891 
        D208  2 0.6941 0.1438 0.1622 
        D209  2 0.0743 0.5692 0.3565 
        D210  2 0.6102 0.1430 0.2468 
     D229599  2 0.2197 0.2449 0.5355 
     D229600  2 0.0913 0.7758 0.1329 
     D237227  2 0.4424 0.2464 0.3112 
     D237228  2 0.3003 0.5598 0.1399 
     D237258  2 0.2703 0.2645 0.4652 
     D237310  2 0.1598 0.7662 0.0740 
     D237311  2 0.0998 0.7318 0.1684 
     D237312  2 0.3659 0.5171 0.1170 
     D237313  2 0.5313 0.3094 0.1593 
     D237322  2 0.5733 0.3017 0.1250 
     D237323  2 0.2689 0.5900 0.1411 
     D237324  2 0.0934 0.6615 0.2452 
     D237325  2 0.3890 0.4663 0.1446 
     D237326  2 0.1460 0.5433 0.3106 
     D237327  2 0.2110 0.3501 0.4389 
     D237337  2 0.2732 0.6201 0.1067 
     D237338  2 0.2647 0.4803 0.2550 
     D237339  2 0.1188 0.1821 0.6991 
     D237340  2 0.2463 0.4813 0.2724 
     D237389  2 0.0828 0.8269 0.0903 
     D237390  2 0.3373 0.3895 0.2732 
     D244017  2 0.3406 0.2568 0.4025 
     D244112  2 0.0619 0.7961 0.1421 
     D244118  2 0.0492 0.8636 0.0873 
     D244119  2 0.4582 0.1674 0.3743 
     D244120  2 0.1575 0.6606 0.1819 
     D244122  2 0.1953 0.5615 0.2432 
        D291  2 0.1779 0.2508 0.5712 
        D292  2 0.2474 0.1813 0.5713 
        D293  2 0.0312 0.0301 0.9388 
        D322  2 0.0610 0.1265 0.8125 
        D323  2 0.2795 0.1303 0.5901 
        D324  2 0.1565 0.1477 0.6958 
        D325  2 0.0324 0.0416 0.9260 
        D326  2 0.1026 0.0413 0.8562 
        D340  2 0.0545 0.0815 0.8640 
        D341  2 0.2133 0.3575 0.4292 
        D342  2 0.0838 0.8448 0.0713 
        D343  2 0.0282 0.0337 0.9380 
        D344  2 0.2250 0.4030 0.3720 
        D345  2 0.2199 0.5098 0.2703 
        D346  2 0.5292 0.1133 0.3575 
        D351  2 0.1277 0.1155 0.7568 
        D352  2 0.2558 0.2627 0.4814 
        D353  2 0.1480 0.0866 0.7654 
        D354  2 0.4114 0.3715 0.2170 
        D362  2 0.2717 0.1688 0.5595 
        D363  2 0.2300 0.0854 0.6846 
        D364  2 0.2254 0.3984 0.3762 
        D365  2 0.0347 0.0365 0.9288 
        D369  2 0.0971 0.0684 0.8345 
        D374  2 0.7485 0.1865 0.0650 
        D375  2 0.1728 0.5318 0.2954 
        D376  2 0.5263 0.3957 0.0780 
        D377  2 0.4770 0.3356 0.1874 
        D378  2 0.0936 0.1037 0.8027 
        D379  2 0.3074 0.1534 0.5391 
        D384  2 0.2999 0.0593 0.6409 
        D385  2 0.0762 0.0934 0.8303 
        D386  2 0.2792 0.2178 0.5030 
        D391  2 0.0638 0.0696 0.8665 
        D392  2 0.0692 0.1600 0.7709 
        D393  2 0.1366 0.1155 0.7479 
        D394  2 0.1493 0.5011 0.3496 
        D395  2 0.0635 0.1170 0.8195 
        D401  2 0.0971 0.7607 0.1422 
        D402  2 0.0979 0.2316 0.6705 
        D403  2 0.3218 0.4607 0.2175 
        D415  2 0.0826 0.1112 0.8062 
        D435  2 0.0892 0.1024 0.8085 
        D436  2 0.4296 0.1415 0.4289 
        D438  2 0.0804 0.0963 0.8232 
        D439  2 0.0795 0.3940 0.5265 
        D449  2 0.0703 0.3815 0.5482 
        D450  2 0.7269 0.1624 0.1107 
        D456  2 0.1602 0.0790 0.7609 
        D462  2 0.0416 0.0536 0.9048 
        D463  2 0.2311 0.0664 0.7025 
        D464  2 0.2696 0.1052 0.6253 
        D465  2 0.0661 0.0697 0.8642 
        D473  2 0.7785 0.1276 0.0939 
        D474  2 0.1647 0.1120 0.7233 
        D476  2 0.0699 0.6092 0.3208 
        D477  2 0.3818 0.1706 0.4476 
        D478  2 0.2656 0.3592 0.3752 
        D480  2 0.3282 0.1078 0.5640 
        D481  2 0.1656 0.2152 0.6192 
        D482  2 0.5157 0.2822 0.2021 
        D483  2 0.0866 0.3060 0.6074 
        D484  2 0.3106 0.2971 0.3924 
        D510  2 0.7817 0.1204 0.0979 
        D511  2 0.1239 0.1124 0.7637 
        D512  2 0.0649 0.5524 0.3827 
        D513  2 0.1777 0.0927 0.7296 
        D635  2 0.0854 0.1562 0.7585 
        D636  2 0.0788 0.8444 0.0769 
        D637  2 0.3965 0.2028 0.4007 
        D658  2 0.2299 0.4517 0.3185 
        D659  2 0.2186 0.1758 0.6056 
        D677  2 0.2491 0.3190 0.4319 
        D678  2 0.0818 0.7582 0.1600 
        D679  2 0.2851 0.1353 0.5795 
        D719  2 0.2735 0.0540 0.6725 
        D720  2 0.3676 0.0992 0.5331 
        D721  2 0.1023 0.5525 0.3452 
        D722  2 0.5467 0.2996 0.1537 
        D734  2 0.4900 0.0810 0.4290 
        D735  2 0.3280 0.2631 0.4089 
        D736  2 0.4007 0.1966 0.4027 
        D737  2 0.1569 0.5287 0.3143 
        D807  2 0.4653 0.1306 0.4042 
        D808  2 0.0892 0.4191 0.4916 
        D817  2 0.3506 0.1438 0.5056 
        D818  2 0.0928 0.1024 0.8048 
        D819  2 0.1051 0.1127 0.7822 
        D820  2 0.1351 0.0625 0.8024 
        D895  2 0.2764 0.2838 0.4398 
        D896  2 0.1190 0.7777 0.1033 
        D897  2 0.1334 0.7202 0.1464 
        D898  2 0.2265 0.5848 0.1888 
        D918  2 0.4534 0.2205 0.3261 
        D919  2 0.0897 0.1432 0.7671 
        D920  2 0.0809 0.8688 0.0503 
        D923  2 0.1677 0.1205 0.7117 
        D930  2 0.7519 0.1273 0.1207 
        D931  2 0.1884 0.0967 0.7149 
        D968  2 0.0435 0.0694 0.8871 
        D969  2 0.1144 0.1171 0.7685 
        D977  2 0.0979 0.1048 0.7973 
        D978  2 0.3641 0.3553 0.2806 
        H008  2 0.3335 0.1581 0.5083 
        H021  2 0.2209 0.4332 0.3459 
        H023  2 0.7255 0.1536 0.1209 
        H024  2 0.0758 0.4561 0.4681 
        H025  2 0.3918 0.3027 0.3055 
        H026  2 0.0478 0.0578 0.8944 
        H027  2 0.1981 0.1438 0.6581 
        H028  2 0.1955 0.6028 0.2018 
        H029  2 0.0653 0.0815 0.8531 
        H030  2 0.0725 0.4047 0.5228 
        H038  2 0.1483 0.7245 0.1272 
        H039  2 0.8711 0.0770 0.0519 
        H040  2 0.1978 0.6495 0.1527 
        H041  2 0.1408 0.0858 0.7733 
        H042  2 0.7093 0.1787 0.1120 
        H043  2 0.1201 0.8108 0.0691 
        H044  2 0.1956 0.6278 0.1766 
        H047  2 0.2046 0.6738 0.1217 
        H050  2 0.1103 0.1848 0.7048 
        H058  2 0.1188 0.7070 0.1742 
        H062  2 0.7012 0.2161 0.0827 
        H063  2 0.2405 0.2755 0.4840 
        H065  2 0.3113 0.0834 0.6052 
        H066  2 0.0582 0.7663 0.1755 
        H067  2 0.5217 0.2631 0.2152 
        H068  2 0.6834 0.2025 0.1142 
        H069  2 0.2240 0.3647 0.4112 
        H071  2 0.5207 0.1277 0.3516 
        H072  2 0.7786 0.1034 0.1179 
        H073  2 0.2139 0.3595 0.4266 
        H081  2 0.6580 0.0973 0.2447 
        H082  2 0.0813 0.4013 0.5174 
        H083  2 0.0839 0.2848 0.6313 
        H084  2 0.2779 0.4569 0.2652 
        H085  2 0.2458 0.0676 0.6866 
        H087  2 0.4695 0.1498 0.3807 
        H088  2 0.3910 0.1656 0.4434 
        H089  2 0.4328 0.1655 0.4017 
        H090  2 0.0448 0.0439 0.9113 
        H091  2 0.1083 0.0556 0.8361 
        H098  2 0.2341 0.4219 0.3440 
      H10001  2 0.8725 0.0790 0.0485 
      H10002  2 0.5429 0.2305 0.2267 
        H101  2 0.0989 0.2083 0.6928 
        H108  2 0.8681 0.0656 0.0663 
        H109  2 0.1671 0.4170 0.4158 
        H110  2 0.2429 0.1466 0.6105 
        H116  2 0.1488 0.4243 0.4269 
        H117  2 0.0756 0.0774 0.8470 
        H118  2 0.0692 0.0442 0.8866 
        H119  2 0.2370 0.1122 0.6508 
        H120  2 0.8633 0.0610 0.0757 
        H121  2 0.0672 0.0454 0.8874 
        H125  2 0.8190 0.1006 0.0804 
        H126  2 0.2683 0.5894 0.1423 
        H128  2 0.0240 0.0371 0.9389 
        H129  2 0.1158 0.6288 0.2554 
        H130  2 0.8017 0.1574 0.0410 
        H133  2 0.6623 0.2232 0.1145 
        H134  2 0.0898 0.1820 0.7282 
        H135  2 0.3103 0.1390 0.5508 
        H137  2 0.1169 0.3704 0.5127 
        H138  2 0.2047 0.4326 0.3626 
        H140  2 0.2116 0.1391 0.6493 
        H146  2 0.0519 0.0396 0.9086 
        H147  2 0.1306 0.1594 0.7100 
        H148  2 0.1770 0.2163 0.6067 
     H166022  2 0.3033 0.3497 0.3470 
     H167359  2 0.3532 0.3626 0.2842 
     H167397  2 0.0940 0.3404 0.5657 
     H167428  2 0.0579 0.0565 0.8856 
     H167496  2 0.5114 0.1307 0.3579 
     H167513  2 0.0703 0.8796 0.0501 
     H167545  2 0.1146 0.7927 0.0927 
     H167547  2 0.0974 0.3681 0.5346 
     H169621  2 0.0921 0.4786 0.4293 
     H169622  2 0.4082 0.3777 0.2141 
     H169750  2 0.2468 0.3378 0.4155 
     H171806  2 0.1844 0.0566 0.7590 
     H171808  2 0.5556 0.1324 0.3120 
     H171809  2 0.6226 0.1545 0.2229 
     H171813  2 0.1427 0.7124 0.1449 
     H171815  2 0.1311 0.7465 0.1224 
     H171824  2 0.5227 0.0712 0.4061 
     H171825  2 0.7392 0.1636 0.0973 
     H171826  2 0.2284 0.1692 0.6023 
     H171827  2 0.1080 0.5005 0.3916 
     H171828  2 0.8372 0.0824 0.0804 
     H171829  2 0.6399 0.2813 0.0788 
     H171830  2 0.3520 0.2416 0.4064 
     H171831  2 0.2388 0.4731 0.2881 
     H171832  2 0.2086 0.6355 0.1558 
     H171863  2 0.0833 0.4007 0.5160 
     H171864  2 0.3399 0.1964 0.4638 
     H171865  2 0.3025 0.2803 0.4173 
     H171879  2 0.0650 0.0922 0.8428 
     H171880  2 0.1034 0.2193 0.6772 
     H171881  2 0.2367 0.4806 0.2827 
     H171882  2 0.8175 0.1067 0.0758 
     H171929  2 0.3221 0.1698 0.5081 
     H171930  2 0.0583 0.8265 0.1152 
     H171933  2 0.2986 0.3893 0.3121 
     H171934  2 0.6361 0.2118 0.1521 
     H171937  2 0.1970 0.6606 0.1424 
     H171962  2 0.1409 0.5147 0.3444 
        H190  2 0.1361 0.5400 0.3239 
        H191  2 0.2111 0.5541 0.2348 
        H396  2 0.4639 0.1010 0.4352 
        H397  2 0.6449 0.1676 0.1875 
        H398  2 0.4219 0.1723 0.4058 
        H400  2 0.5806 0.1966 0.2228 
        H401  2 0.0871 0.4576 0.4553 
        H402  2 0.0714 0.5982 0.3304 
        H427  2 0.2575 0.1789 0.5636 
        H428  2 0.0578 0.0521 0.8901 
        H497  2 0.1048 0.7848 0.1104 
        H512  2 0.1372 0.3019 0.5609 
        H513  2 0.0782 0.8687 0.0531 
        H514  2 0.1235 0.4609 0.4155 
        H519  2 0.1047 0.8207 0.0746 
        H532  2 0.1342 0.0969 0.7689 
        H543  2 0.1088 0.2245 0.6666 
        H544  2 0.6672 0.1434 0.1895 
        H545  2 0.0857 0.8509 0.0635 
        H546  2 0.3191 0.5745 0.1064 
        H547  2 0.1033 0.3709 0.5258 
        H548  2 0.5972 0.1273 0.2755 
        H549  2 0.0611 0.8870 0.0519 
        H620  2 0.7891 0.1136 0.0973 
        H623  2 0.0804 0.8420 0.0777 
        H624  2 0.2389 0.6880 0.0732 
        H625  2 0.5906 0.1648 0.2447 
        H626  2 0.3312 0.4201 0.2487 
        H654  2 0.2541 0.6918 0.0541 
        H655  2 0.5299 0.3143 0.1558 
        H656  2 0.8793 0.0646 0.0562 
        H666  2 0.5101 0.1523 0.3376 
        H667  2 0.1580 0.5301 0.3119 
        H677  2 0.3412 0.1462 0.5126 
        H693  2 0.7690 0.0948 0.1362 
        H694  2 0.1686 0.6571 0.1743 
        H701  2 0.1468 0.3552 0.4980 
        H702  2 0.5330 0.2450 0.2219 
        H731  2 0.6222 0.1215 0.2563 
       H7359  2 0.3767 0.3112 0.3122 
       H7389  2 0.0992 0.1246 0.7762 
       H7390  2 0.4365 0.4052 0.1583 
       H7391  2 0.2915 0.1098 0.5987 
       H7392  2 0.2454 0.2902 0.4644 
       H7393  2 0.2824 0.6061 0.1115 
       H7398  2 0.1974 0.0913 0.7113 
       H7399  2 0.0834 0.2631 0.6535 
       H7400  2 0.7817 0.1707 0.0475 
        H745  2 0.0921 0.5008 0.4071 
        H746  2 0.1098 0.4909 0.3993 
        H747  2 0.6584 0.2311 0.1105 
        H748  2 0.2295 0.3058 0.4647 
       H7484  2 0.8173 0.1199 0.0628 
       H7485  2 0.0668 0.8032 0.1300 
        H749  2 0.2108 0.5716 0.2176 
        H930  2 0.0790 0.6859 0.2351 
        H931  2 0.3270 0.0882 0.5848 
        H932  2 0.1640 0.0846 0.7515 
      H008.1  2 0.3622 0.0771 0.5608 
 H029.1_2002  2 0.1192 0.3902 0.4905 
 H029.1_2003  2 0.0847 0.0816 0.8337 
      H030.1  2 0.2667 0.3927 0.3405 
      H038.1  2 0.5125 0.1617 0.3258 
      H041.1  2 0.0352 0.0386 0.9261 
 H042.1_2002  2 0.0793 0.0837 0.8370 
 H042.1_2003  2 0.3247 0.3324 0.3429 
   H042_2002  2 0.6931 0.1884 0.1185 
   H042_2003  2 0.6831 0.1842 0.1327 
      H043.1  2 0.0733 0.8603 0.0664 
      H047.1  2 0.2326 0.6662 0.1012 
 H071.1_2002  2 0.3244 0.4071 0.2685 
 H071.1_2003  2 0.4489 0.2508 0.3002 
 H081.1_2002  2 0.3422 0.2575 0.4003 
 H081.1_2003  2 0.2474 0.4098 0.3428 
      H083.1  2 0.0727 0.5170 0.4103 
      H084.1  2 0.0639 0.8463 0.0898 
 H085.1_2002  2 0.3197 0.1445 0.5358 
 H085.1_2003  2 0.0785 0.0464 0.8751 
      H088.1  2 0.0575 0.0502 0.8924 
      H091.1  2 0.0297 0.0340 0.9363 
      H109.1  2 0.0856 0.7603 0.1540 
      H126.1  2 0.5695 0.2821 0.1484 
      H130.1  2 0.7927 0.1172 0.0901 
      H133.1  2 0.4145 0.2261 0.3594 
      H147.1  2 0.1807 0.3256 0.4937 
      H148.1  2 0.4422 0.2630 0.2948 
   H166022.1  2 0.0629 0.1132 0.8239 
   H167397.1  2 0.0716 0.6648 0.2636 
   H167496.1  2 0.2893 0.1218 0.5889 
   H167513.1  2 0.1375 0.7498 0.1128 
   H167547.1  2 0.3151 0.4072 0.2777 
   H169750.1  2 0.3886 0.2264 0.3850 
   H171929.1  2 0.0982 0.5607 0.3411 
   H171930.1  2 0.1050 0.7532 0.1418 
   H171933.1  2 0.2448 0.1246 0.6306 
      H190.1  2 0.4093 0.4073 0.1834 
      H400.1  2 0.0681 0.0974 0.8345 
 H428.1_2005  2 0.1194 0.1241 0.7565 
 H428.1_2006  2 0.0907 0.1084 0.8009 
      H453.1  2 0.1195 0.1466 0.7339 
      H512.1  2 0.1173 0.5592 0.3235 
      H513.1  2 0.0819 0.5923 0.3258 
      H532.1  2 0.3161 0.3233 0.3606 
      H543.1  2 0.0694 0.2139 0.7167 
 H545.1_2005  2 0.0523 0.8937 0.0540 
 H545.1_2006  2 0.0837 0.2157 0.7006 
      H547.1  2 0.0966 0.1220 0.7814 
      H548.1  2 0.1799 0.5976 0.2225 
     H7389.1  2 0.2087 0.0926 0.6987 
      H747.1  2 0.4532 0.3862 0.1606 
     H7484.1  2 0.6150 0.1529 0.2321 
     H7485.1  2 0.0912 0.1494 0.7594 
     H7496.1  2 0.3881 0.2351 0.3768 
        D211  3 0.3380 0.4958 0.1662 
     D229639  3 0.3688 0.1741 0.4571 
     D237212  3 0.3163 0.1955 0.4882 
     D237213  3 0.2301 0.5120 0.2578 
     D237214  3 0.1390 0.6761 0.1850 
     D237215  3 0.3527 0.4624 0.1849 
     D237216  3 0.1626 0.6581 0.1793 
     D237217  3 0.1093 0.6853 0.2054 
     D237218  3 0.3997 0.3354 0.2650 
     D237219  3 0.5292 0.3697 0.1011 
     D237382  3 0.5301 0.2978 0.1721 
     D244127  3 0.0885 0.7763 0.1352 
     D244129  3 0.2761 0.2616 0.4623 
     D244133  3 0.5680 0.2295 0.2025 
     D244134  3 0.5543 0.2097 0.2360 
     D244135  3 0.1680 0.5686 0.2635 
     D244136  3 0.4854 0.0981 0.4164 
        D416  3 0.0984 0.5318 0.3698 
        D417  3 0.3187 0.2678 0.4135 
        D419  3 0.3468 0.2716 0.3816 
        D565  3 0.7881 0.0661 0.1458 
        D566  3 0.3377 0.1239 0.5384 
        D567  3 0.3095 0.1897 0.5008 
        D568  3 0.1239 0.4128 0.4633 
        D569  3 0.2369 0.4190 0.3442 
        D573  3 0.0486 0.0478 0.9036 
        D574  3 0.4969 0.2723 0.2308 
        D575  3 0.6336 0.1973 0.1691 
        D576  3 0.1958 0.6091 0.1951 
        D577  3 0.6599 0.1724 0.1677 
        D578  3 0.0482 0.8485 0.1033 
        D579  3 0.5876 0.1358 0.2766 
        D660  3 0.2018 0.4965 0.3018 
        D661  3 0.1158 0.6913 0.1930 
        D663  3 0.1226 0.1096 0.7678 
        D664  3 0.4504 0.4444 0.1052 
        D665  3 0.1137 0.7573 0.1290 
        D666  3 0.5752 0.2557 0.1691 
        H111  3 0.1584 0.7027 0.1390 
        H951  3 0.1930 0.3363 0.4707 
        H952  3 0.2613 0.1912 0.5475 
        H953  3 0.1943 0.0886 0.7171 
        H954  3 0.5360 0.2937 0.1703 
        H955  3 0.1160 0.4348 0.4492 
        H956  3 0.1446 0.0836 0.7718 
       H9563  3 0.4735 0.1965 0.3300 
        D009  4 0.2057 0.7067 0.0875 
        D057  4 0.1841 0.5235 0.2924 
        D109  4 0.4863 0.3984 0.1154 
     D237222  4 0.1876 0.7326 0.0799 
     D237223  4 0.2388 0.6215 0.1396 
     D237224  4 0.1425 0.1467 0.7108 
     D237225  4 0.2970 0.5915 0.1115 
     D237299  4 0.2150 0.6956 0.0893 
     D237300  4 0.2394 0.3039 0.4567 
     D237306  4 0.5729 0.2423 0.1848 
     D237307  4 0.6543 0.1009 0.2449 
     D237308  4 0.3910 0.3446 0.2644 
     D237309  4 0.1380 0.6855 0.1765 
     D237317  4 0.7022 0.1707 0.1271 
     D237318  4 0.0591 0.0595 0.8813 
     D237319  4 0.2829 0.4400 0.2771 
     D237320  4 0.1528 0.3665 0.4807 
     D237321  4 0.1963 0.2639 0.5398 
     D237397  4 0.4055 0.3655 0.2290 
     D237398  4 0.0818 0.1359 0.7824 
     D237399  4 0.4902 0.2249 0.2849 
     D244001  4 0.1042 0.8083 0.0875 
        D289  4 0.3870 0.1237 0.4893 
        D290  4 0.5851 0.2308 0.1841 
        D294  4 0.3740 0.4534 0.1726 
        D295  4 0.5795 0.2100 0.2105 
        D301  4 0.1070 0.8346 0.0585 
        D302  4 0.3500 0.1960 0.4540 
        D303  4 0.7422 0.1330 0.1248 
        D304  4 0.7681 0.1091 0.1228 
        D305  4 0.0948 0.7204 0.1848 
        D306  4 0.6352 0.2383 0.1264 
        D307  4 0.1813 0.7549 0.0638 
        D327  4 0.3992 0.0881 0.5127 
        D328  4 0.7511 0.1292 0.1197 
        D329  4 0.1979 0.6030 0.1991 
        D330  4 0.1041 0.4669 0.4289 
        D331  4 0.4711 0.2809 0.2480 
        D333  4 0.6078 0.2671 0.1251 
        D334  4 0.7865 0.0921 0.1214 
        D335  4 0.3771 0.1274 0.4955 
        D370  4 0.4944 0.3858 0.1198 
        D371  4 0.6832 0.0768 0.2400 
        D372  4 0.3518 0.5387 0.1095 
        D373  4 0.0827 0.7661 0.1513 
        D455  4 0.1350 0.7646 0.1004 
        D490  4 0.1148 0.8257 0.0595 
        D497  4 0.1074 0.8235 0.0691 
        D498  4 0.4902 0.3218 0.1880 
        D499  4 0.1382 0.2147 0.6471 
        D514  4 0.3565 0.2483 0.3952 
        D515  4 0.1628 0.7136 0.1237 
        D516  4 0.3989 0.2344 0.3666 
        D517  4 0.0577 0.8429 0.0993 
        D518  4 0.3696 0.4488 0.1816 
        D519  4 0.1037 0.5928 0.3036 
        D560  4 0.1508 0.6996 0.1495 
        D561  4 0.0645 0.2491 0.6863 
        D562  4 0.2855 0.4369 0.2776 
        D563  4 0.0586 0.1620 0.7794 
        D572  4 0.3628 0.2308 0.4064 
        D629  4 0.2992 0.1974 0.5034 
        D630  4 0.4531 0.3123 0.2346 
        D631  4 0.2971 0.3457 0.3571 
        D632  4 0.1044 0.7064 0.1892 
        D646  4 0.1010 0.6289 0.2701 
        D647  4 0.0974 0.3374 0.5651 
        D648  4 0.7672 0.1632 0.0696 
        D649  4 0.2981 0.3161 0.3858 
        D650  4 0.6042 0.1819 0.2139 
        D708  4 0.6224 0.2474 0.1302 
        D709  4 0.7365 0.1731 0.0904 
        D738  4 0.5948 0.2044 0.2007 
        D739  4 0.2391 0.6231 0.1378 
        D740  4 0.3579 0.5410 0.1011 
        D741  4 0.0673 0.1048 0.8279 
        D742  4 0.1719 0.1477 0.6804 
        D743  4 0.2309 0.0889 0.6803 
        D744  4 0.1669 0.1565 0.6767 
        D745  4 0.1423 0.6777 0.1801 
        D814  4 0.1169 0.7268 0.1563 
        D815  4 0.6747 0.1321 0.1932 
        D828  4 0.5009 0.4358 0.0633 
        D845  4 0.1838 0.0796 0.7366 
        D846  4 0.0989 0.2647 0.6364 
        D847  4 0.3886 0.2565 0.3549 
        D848  4 0.0705 0.6893 0.2402 
        D849  4 0.1513 0.7631 0.0856 
        D850  4 0.1710 0.0942 0.7348 
        D856  4 0.2199 0.4636 0.3165 
        D857  4 0.0754 0.8891 0.0355 
        D859  4 0.2949 0.2948 0.4103 
        D860  4 0.3886 0.0921 0.5193 
        D883  4 0.5061 0.2316 0.2622 
        D884  4 0.5236 0.3225 0.1540 
        D885  4 0.1590 0.2879 0.5531 
        D886  4 0.3151 0.4895 0.1954 
        D887  4 0.3807 0.3084 0.3109 
        D889  4 0.6408 0.1913 0.1679 
        D890  4 0.5653 0.2398 0.1949 
        D891  4 0.0469 0.0519 0.9012 
        D899  4 0.2433 0.1144 0.6423 
        D900  4 0.2521 0.2319 0.5160 
        D970  4 0.3134 0.2666 0.4200 
        D971  4 0.2434 0.2188 0.5379 
        D979  4 0.3824 0.0861 0.5315 
        H002  4 0.3527 0.4928 0.1545 
        H003  4 0.1779 0.4281 0.3940 
        H009  4 0.1194 0.8142 0.0664 
        H010  4 0.2501 0.3845 0.3654 
        H011  4 0.6793 0.2228 0.0979 
        H012  4 0.2810 0.3802 0.3388 
        H013  4 0.3527 0.1829 0.4644 
        H014  4 0.2496 0.4790 0.2714 
        H045  4 0.3838 0.1818 0.4344 
        H046  4 0.3292 0.3528 0.3180 
        H051  4 0.6957 0.1300 0.1743 
        H052  4 0.8266 0.1125 0.0609 
        H053  4 0.2498 0.1930 0.5572 
        H056  4 0.6159 0.3311 0.0530 
        H076  4 0.0595 0.0998 0.8407 
        H151  4 0.3746 0.2695 0.3560 
        H152  4 0.7182 0.1403 0.1414 
     H171803  4 0.2019 0.6735 0.1246 
     H171804  4 0.5933 0.3018 0.1049 
     H171833  4 0.0693 0.8446 0.0861 
     H171855  4 0.3425 0.5268 0.1307 
     H171856  4 0.1757 0.6449 0.1795 
     H171857  4 0.5340 0.2873 0.1787 
     H171858  4 0.6051 0.0802 0.3147 
     H171859  4 0.6316 0.1291 0.2393 
     H171961  4 0.3735 0.2245 0.4021 
        H198  4 0.1228 0.3527 0.5245 
      H20001  4 0.0506 0.9020 0.0474 
        H403  4 0.1625 0.6112 0.2263 
        H404  4 0.2506 0.2128 0.5366 
        H405  4 0.1949 0.3952 0.4099 
        H406  4 0.0684 0.6579 0.2737 
        H407  4 0.3707 0.2745 0.3549 
        H410  4 0.0508 0.0672 0.8820 
        H411  4 0.0823 0.8269 0.0908 
        H468  4 0.1250 0.7229 0.1521 
        H476  4 0.4183 0.3532 0.2285 
        H477  4 0.1308 0.8189 0.0503 
        H478  4 0.1103 0.8082 0.0815 
        H479  4 0.6210 0.0944 0.2845 
        H480  4 0.2698 0.4242 0.3060 
        H498  4 0.1517 0.6130 0.2354 
        H499  4 0.4850 0.3755 0.1395 
        H500  4 0.4840 0.2764 0.2396 
        H515  4 0.3267 0.4937 0.1796 
        H516  4 0.1003 0.6283 0.2713 
        H517  4 0.1762 0.0722 0.7516 
        H518  4 0.8088 0.1298 0.0614 
        H520  4 0.6505 0.2168 0.1328 
        H521  4 0.2242 0.3322 0.4436 
        H522  4 0.1908 0.6884 0.1208 
        H523  4 0.4612 0.2200 0.3188 
        H536  4 0.4268 0.3477 0.2256 
        H645  4 0.6474 0.0745 0.2780 
        H646  4 0.0714 0.1053 0.8233 
        H647  4 0.2347 0.4821 0.2832 
        H657  4 0.2249 0.1363 0.6389 
        H658  4 0.5660 0.1161 0.3179 
        H659  4 0.1872 0.7022 0.1106 
        H660  4 0.4790 0.4107 0.1102 
        H661  4 0.1053 0.7992 0.0954 
        H668  4 0.3381 0.3199 0.3420 
        H669  4 0.1017 0.1151 0.7832 
        H670  4 0.6853 0.0728 0.2419 
        H678  4 0.0910 0.5767 0.3323 
        H679  4 0.1046 0.1328 0.7626 
        H680  4 0.2315 0.5084 0.2601 
        H681  4 0.7826 0.0860 0.1314 
        H682  4 0.1573 0.2326 0.6101 
        H683  4 0.2424 0.4583 0.2994 
        H718  4 0.5425 0.1519 0.3056 
        H719  4 0.4219 0.3217 0.2563 
        H720  4 0.2587 0.6961 0.0452 
        H721  4 0.2170 0.7380 0.0451 
        H722  4 0.1567 0.6646 0.1787 
        H723  4 0.4306 0.1757 0.3937 
        H724  4 0.8081 0.0914 0.1005 
        H725  4 0.7547 0.1795 0.0658 
        H726  4 0.2274 0.3484 0.4242 
        H727  4 0.4243 0.1722 0.4035 
        H910  4 0.6649 0.1799 0.1552 
        H911  4 0.0962 0.1248 0.7790 
        H912  4 0.1741 0.3709 0.4550 
        H913  4 0.4606 0.2169 0.3225 
        H914  4 0.6723 0.1106 0.2171 
        H915  4 0.2177 0.4074 0.3749 
        H916  4 0.1399 0.7409 0.1192 
       H9572  4 0.0655 0.8669 0.0675 
      H009.1  4 0.7416 0.1625 0.0959 
      H046.4  4 0.2833 0.3180 0.3987 
 H076.1_2002  4 0.0358 0.0823 0.8819 
 H076.1_2003  4 0.0408 0.0604 0.8988 
 H076.1_2004  4 0.0457 0.0850 0.8694 
      H477.1  4 0.1471 0.7798 0.0731 
 H479.1_2005  4 0.4607 0.2060 0.3333 
 H479.1_2006  4 0.2003 0.5646 0.2351 
      H516.1  4 0.1629 0.4098 0.4273 
      H646.1  4 0.1878 0.4073 0.4048 
      H658.1  4 0.3800 0.4851 0.1349 
      H682.1  4 0.3448 0.1415 0.5137 
      H720.1  4 0.2065 0.4096 0.3839 
      H724.1  4 0.3550 0.2447 0.4003 
      H725.1  4 0.7733 0.1546 0.0721 
      H726.1  4 0.2215 0.6231 0.1555 
        UNK1  4 0.6748 0.1380 0.1873 
        D093  5 0.8400 0.0839 0.0761 
        D154  5 0.3475 0.2454 0.4072 
        D168  5 0.1734 0.3759 0.4506 
        D189  5 0.6852 0.0953 0.2195 
        D190  5 0.8016 0.0814 0.1169 
     D237220  5 0.3773 0.4680 0.1547 
     D237221  5 0.6688 0.1214 0.2097 
     D237274  5 0.1635 0.3084 0.5282 
     D237275  5 0.1372 0.5461 0.3167 
     D237276  5 0.7045 0.2085 0.0870 
     D237277  5 0.8217 0.0779 0.1004 
     D237278  5 0.1832 0.4475 0.3693 
     D237279  5 0.1213 0.6378 0.2409 
     D237280  5 0.4779 0.4224 0.0997 
     D237281  5 0.0587 0.0699 0.8714 
     D237351  5 0.4739 0.4646 0.0615 
     D237352  5 0.3334 0.3374 0.3292 
     D237353  5 0.8389 0.0852 0.0760 
     D237359  5 0.3890 0.4299 0.1811 
     D237361  5 0.8907 0.0488 0.0605 
     D237362  5 0.4866 0.1486 0.3648 
     D237363  5 0.1201 0.3880 0.4919 
     D237364  5 0.1019 0.5689 0.3291 
     D237376  5 0.7110 0.1997 0.0892 
     D237377  5 0.2650 0.1563 0.5787 
     D237378  5 0.7949 0.1198 0.0854 
     D237379  5 0.5188 0.2184 0.2628 
     D237380  5 0.1887 0.7728 0.0384 
     D237381  5 0.1945 0.7171 0.0883 
     D237391  5 0.8428 0.0650 0.0922 
     D237392  5 0.1027 0.1576 0.7398 
     D237393  5 0.4274 0.2287 0.3439 
     D237394  5 0.8447 0.0580 0.0973 
     D237395  5 0.6087 0.3221 0.0692 
     D237396  5 0.1267 0.0785 0.7949 
     D244016  5 0.5921 0.1797 0.2282 
     D244018  5 0.1789 0.1117 0.7094 
     D244019  5 0.4656 0.1752 0.3592 
        D279  5 0.3958 0.4439 0.1603 
        D280  5 0.4583 0.2385 0.3032 
        D281  5 0.2246 0.1546 0.6208 
        D283  5 0.5895 0.1105 0.3000 
        D284  5 0.2953 0.4285 0.2761 
        D285  5 0.8108 0.0927 0.0965 
        D286  5 0.7348 0.1589 0.1063 
        D287  5 0.7433 0.1986 0.0582 
        D288  5 0.2698 0.1370 0.5932 
        D308  5 0.2130 0.7034 0.0836 
        D309  5 0.2240 0.2360 0.5400 
        D310  5 0.8126 0.1174 0.0700 
        D311  5 0.7574 0.1049 0.1378 
        D312  5 0.7515 0.1269 0.1216 
        D313  5 0.0604 0.9020 0.0376 
        D314  5 0.4173 0.4498 0.1329 
        D315  5 0.2387 0.2681 0.4932 
        D317  5 0.8430 0.0663 0.0907 
        D318  5 0.2546 0.1771 0.5683 
        D319  5 0.8130 0.1076 0.0794 
        D320  5 0.8354 0.0822 0.0824 
        D321  5 0.2086 0.5790 0.2124 
        D336  5 0.8906 0.0498 0.0596 
        D337  5 0.7975 0.0554 0.1471 
        D338  5 0.6470 0.1962 0.1568 
        D339  5 0.7937 0.1349 0.0714 
        D347  5 0.4233 0.3594 0.2174 
        D348  5 0.7328 0.1201 0.1472 
        D349  5 0.2597 0.6902 0.0500 
        D350  5 0.3561 0.2867 0.3572 
        D355  5 0.1742 0.1440 0.6818 
        D356  5 0.5391 0.1798 0.2811 
        D357  5 0.3376 0.5504 0.1120 
        D358  5 0.3961 0.1616 0.4423 
        D359  5 0.6769 0.1102 0.2129 
        D360  5 0.6980 0.1344 0.1676 
        D361  5 0.1604 0.7780 0.0616 
        D366  5 0.0658 0.0527 0.8816 
        D367  5 0.6194 0.2865 0.0941 
        D368  5 0.6274 0.2726 0.1000 
        D380  5 0.1249 0.1291 0.7460 
        D381  5 0.6819 0.1549 0.1632 
        D400  5 0.7478 0.1224 0.1298 
        D411  5 0.0556 0.8389 0.1056 
        D412  5 0.2207 0.6234 0.1559 
        D413  5 0.1001 0.3126 0.5873 
        D414  5 0.2646 0.3675 0.3678 
        D420  5 0.1943 0.2763 0.5294 
        D431  5 0.3688 0.5016 0.1295 
        D432  5 0.5579 0.2575 0.1846 
        D433  5 0.7606 0.1221 0.1173 
        D434  5 0.6034 0.2191 0.1775 
        D440  5 0.3205 0.4101 0.2694 
        D447  5 0.0812 0.2532 0.6655 
        D448  5 0.7708 0.1257 0.1035 
        D459  5 0.0570 0.0434 0.8996 
        D460  5 0.1534 0.6668 0.1798 
        D461  5 0.4890 0.1615 0.3495 
        D468  5 0.3815 0.1062 0.5123 
        D469  5 0.5545 0.1568 0.2887 
        D470  5 0.5099 0.4039 0.0862 
        D471  5 0.7159 0.1067 0.1775 
        D472  5 0.0772 0.0764 0.8464 
        D479  5 0.1183 0.3735 0.5082 
        D485  5 0.5400 0.2644 0.1956 
        D486  5 0.5220 0.1570 0.3210 
        D487  5 0.4066 0.4775 0.1159 
        D555  5 0.6558 0.0804 0.2639 
        D556  5 0.6498 0.1965 0.1537 
        D557  5 0.7605 0.0596 0.1799 
        D564  5 0.1722 0.4210 0.4068 
        D594  5 0.4747 0.2279 0.2975 
        D595  5 0.5546 0.1400 0.3054 
        D596  5 0.7165 0.0869 0.1966 
        D597  5 0.5986 0.1279 0.2735 
        D598  5 0.6903 0.1687 0.1410 
        D617  5 0.0837 0.7669 0.1494 
        D618  5 0.7570 0.1155 0.1275 
        D619  5 0.2362 0.5205 0.2434 
        D620  5 0.1041 0.1537 0.7422 
        D628  5 0.4060 0.4515 0.1425 
        D714  5 0.5248 0.1199 0.3553 
        D715  5 0.5419 0.0792 0.3790 
        D716  5 0.4925 0.2333 0.2742 
        D717  5 0.3825 0.1064 0.5110 
        D718  5 0.3110 0.5863 0.1026 
        D769  5 0.0727 0.8475 0.0798 
        D770  5 0.3540 0.1941 0.4519 
        D771  5 0.2806 0.3944 0.3251 
        D772  5 0.7914 0.1034 0.1052 
        D782  5 0.0807 0.3729 0.5463 
        D783  5 0.3287 0.1639 0.5074 
        D784  5 0.4249 0.0894 0.4857 
        D785  5 0.8473 0.0973 0.0554 
        D786  5 0.1286 0.6249 0.2465 
        D821  5 0.8815 0.0487 0.0698 
        D822  5 0.3625 0.1218 0.5157 
        D826  5 0.6049 0.1309 0.2642 
        D827  5 0.1810 0.1634 0.6557 
        D851  5 0.1546 0.3560 0.4894 
        D852  5 0.2918 0.4877 0.2204 
        D853  5 0.7666 0.1545 0.0788 
        D854  5 0.1517 0.3057 0.5426 
        D861  5 0.4087 0.3018 0.2895 
        D862  5 0.6535 0.1137 0.2328 
        D865  5 0.7093 0.1404 0.1502 
        D868  5 0.5204 0.1409 0.3386 
        D869  5 0.1221 0.6563 0.2216 
        D870  5 0.1703 0.4206 0.4091 
        D907  5 0.7767 0.1509 0.0724 
        D908  5 0.4959 0.4127 0.0914 
        D910  5 0.5145 0.1028 0.3827 
        D911  5 0.1239 0.0840 0.7921 
        D934  5 0.2508 0.1854 0.5637 
        D946  5 0.1717 0.5916 0.2367 
        D947  5 0.5681 0.3030 0.1289 
        D948  5 0.3700 0.5415 0.0886 
        D949  5 0.4224 0.5137 0.0639 
        D950  5 0.1294 0.1209 0.7497 
        D951  5 0.2184 0.1330 0.6487 
