        D174  1 0.0216 0.0768 0.2784 0.0604 0.2355 0.0970 0.0430 0.0343 0.0782 0.0747 
        D199  1 0.0387 0.0304 0.0761 0.0874 0.0501 0.0214 0.0351 0.0459 0.1927 0.4222 
        D203  1 0.1042 0.1482 0.1209 0.0499 0.0603 0.0984 0.0788 0.0664 0.1347 0.1384 
        D204  1 0.0380 0.0596 0.1609 0.0336 0.0281 0.0217 0.0915 0.0404 0.0675 0.4587 
     D237366  1 0.0438 0.0909 0.0813 0.0439 0.0746 0.2833 0.2312 0.0634 0.0411 0.0464 
     D237367  1 0.0233 0.0463 0.3968 0.0951 0.0474 0.0264 0.1788 0.0418 0.1051 0.0389 
     D237368  1 0.0335 0.0593 0.0462 0.0432 0.0599 0.0355 0.0313 0.2514 0.1446 0.2951 
     D244101  1 0.1428 0.1483 0.1205 0.0553 0.0238 0.0255 0.0396 0.0308 0.2841 0.1293 
     D244102  1 0.1044 0.1199 0.0648 0.1079 0.0447 0.0402 0.3312 0.0896 0.0520 0.0454 
     D244103  1 0.0279 0.1829 0.4460 0.0932 0.0338 0.0960 0.0299 0.0321 0.0255 0.0327 
     D244104  1 0.0443 0.0312 0.1059 0.0346 0.0409 0.0311 0.0193 0.0458 0.0354 0.6115 
     D244105  1 0.0468 0.2096 0.2679 0.0678 0.0188 0.1770 0.0494 0.1099 0.0329 0.0199 
     D244106  1 0.0328 0.0325 0.0471 0.0638 0.2021 0.3222 0.0672 0.0235 0.0976 0.1111 
     D244107  1 0.1050 0.1934 0.0315 0.0968 0.0166 0.0463 0.0257 0.3289 0.0419 0.1140 
     D244108  1 0.0725 0.1012 0.0870 0.0879 0.2155 0.0299 0.1112 0.1751 0.0716 0.0480 
     D244113  1 0.0169 0.2561 0.0555 0.0473 0.4137 0.0215 0.0497 0.0579 0.0594 0.0220 
     D244114  1 0.0900 0.0878 0.0587 0.1088 0.0796 0.4004 0.0655 0.0329 0.0365 0.0399 
     D244115  1 0.0527 0.0579 0.0644 0.1344 0.2034 0.0742 0.0418 0.0567 0.0392 0.2752 
     D267365  1 0.1096 0.0760 0.1940 0.0458 0.1352 0.0338 0.0558 0.0490 0.0572 0.2436 
        D404  1 0.0410 0.1104 0.0282 0.1265 0.2724 0.0334 0.1823 0.0325 0.1187 0.0545 
        D405  1 0.0509 0.2320 0.0468 0.1812 0.0908 0.0356 0.0753 0.0420 0.0892 0.1560 
        D406  1 0.0225 0.0553 0.0520 0.0211 0.0411 0.0376 0.0536 0.6558 0.0301 0.0308 
        D407  1 0.0214 0.0203 0.1575 0.5392 0.0255 0.0252 0.0197 0.0186 0.0896 0.0829 
        D408  1 0.1266 0.0740 0.0384 0.0901 0.5191 0.0253 0.0279 0.0159 0.0396 0.0431 
        D409  1 0.1222 0.4621 0.0381 0.1114 0.0300 0.0342 0.0285 0.0347 0.0541 0.0846 
        D410  1 0.0248 0.1066 0.0759 0.1489 0.0444 0.0311 0.0289 0.4697 0.0199 0.0499 
        D421  1 0.0280 0.0177 0.4168 0.0600 0.0230 0.0149 0.0128 0.0134 0.0832 0.3303 
        D422  1 0.0309 0.0292 0.0196 0.1418 0.0194 0.2036 0.0252 0.4476 0.0176 0.0650 
        D423  1 0.0413 0.0814 0.0868 0.1601 0.0319 0.0300 0.0280 0.3943 0.1205 0.0255 
        D424  1 0.0172 0.0242 0.7014 0.0445 0.0272 0.0281 0.0223 0.0191 0.0276 0.0883 
        D425  1 0.1360 0.1263 0.3375 0.0633 0.1063 0.0274 0.0560 0.0230 0.0511 0.0731 
        D426  1 0.1426 0.2231 0.0418 0.3102 0.0284 0.1545 0.0132 0.0205 0.0395 0.0262 
        D427  1 0.0522 0.0200 0.1443 0.0335 0.0824 0.0227 0.0164 0.0213 0.3584 0.2488 
        D428  1 0.0458 0.0353 0.0720 0.3662 0.1147 0.0151 0.1413 0.0525 0.0383 0.1188 
        D429  1 0.0330 0.0358 0.0630 0.0568 0.0706 0.1772 0.0698 0.0199 0.0316 0.4423 
        D430  1 0.0401 0.0425 0.0369 0.3501 0.0660 0.1561 0.0620 0.0163 0.0963 0.1336 
        D491  1 0.0415 0.0540 0.0854 0.1050 0.4638 0.0299 0.0384 0.0465 0.0323 0.1031 
        D492  1 0.0255 0.0380 0.1723 0.1463 0.1196 0.0493 0.0444 0.0313 0.0878 0.2854 
        D537  1 0.0239 0.0642 0.5406 0.1162 0.0361 0.0354 0.0344 0.0312 0.0341 0.0840 
        D538  1 0.0520 0.1113 0.0337 0.1399 0.1288 0.0448 0.0819 0.1861 0.1129 0.1085 
        D539  1 0.0978 0.0444 0.0486 0.1076 0.1561 0.2613 0.0947 0.0923 0.0375 0.0597 
        D540  1 0.0480 0.0739 0.2772 0.4158 0.0316 0.0376 0.0269 0.0287 0.0255 0.0347 
        D541  1 0.0274 0.0210 0.0510 0.0247 0.0149 0.0146 0.0188 0.0193 0.0246 0.7839 
        D551  1 0.0957 0.0228 0.0511 0.0763 0.0309 0.5991 0.0319 0.0346 0.0250 0.0326 
        D552  1 0.0394 0.0645 0.0528 0.0469 0.0852 0.0557 0.0305 0.4838 0.0407 0.1004 
        D553  1 0.0272 0.0242 0.7531 0.0187 0.0209 0.0199 0.0144 0.0211 0.0157 0.0848 
        D615  1 0.0427 0.0655 0.0489 0.0757 0.0882 0.0647 0.0427 0.1230 0.0361 0.4125 
        D616  1 0.0893 0.0302 0.0294 0.0727 0.0451 0.0456 0.0170 0.0636 0.0537 0.5535 
        D621  1 0.0293 0.1825 0.0150 0.0518 0.2006 0.0307 0.0261 0.4128 0.0189 0.0324 
        D622  1 0.0692 0.0792 0.0972 0.0595 0.0660 0.1300 0.0427 0.3735 0.0354 0.0474 
        D623  1 0.0411 0.0541 0.0273 0.0507 0.1228 0.0180 0.0706 0.0281 0.5407 0.0466 
        D624  1 0.0364 0.0225 0.0882 0.0694 0.4678 0.0579 0.0353 0.0249 0.0262 0.1714 
        D625  1 0.0208 0.0320 0.0709 0.0365 0.0567 0.0299 0.0341 0.0339 0.0176 0.6674 
        D626  1 0.0739 0.0422 0.2459 0.0421 0.2974 0.0378 0.1147 0.0696 0.0278 0.0486 
        D627  1 0.2535 0.2089 0.1438 0.0848 0.0551 0.1035 0.0443 0.0269 0.0400 0.0392 
        D690  1 0.0195 0.0222 0.0338 0.0177 0.0463 0.0160 0.0219 0.0310 0.0136 0.7779 
        D691  1 0.0441 0.0266 0.0694 0.0539 0.0352 0.3765 0.0704 0.1601 0.0391 0.1248 
        D710  1 0.1184 0.1130 0.0924 0.0884 0.0846 0.0227 0.0331 0.0850 0.1089 0.2534 
        D711  1 0.0197 0.0233 0.0326 0.0268 0.0367 0.0197 0.1057 0.0316 0.0270 0.6768 
        D712  1 0.0664 0.0843 0.0511 0.0671 0.4140 0.0295 0.0885 0.0654 0.0828 0.0510 
        D713  1 0.0259 0.1404 0.1660 0.2109 0.1872 0.0472 0.0413 0.0436 0.0280 0.1096 
        D746  1 0.0265 0.0302 0.0552 0.0332 0.0341 0.0880 0.0153 0.6020 0.0254 0.0902 
        D747  1 0.0247 0.0171 0.0259 0.0189 0.0170 0.0123 0.0265 0.0142 0.0220 0.8214 
        D748  1 0.0351 0.0652 0.0786 0.0871 0.0501 0.3128 0.0517 0.0503 0.0291 0.2399 
        D749  1 0.0504 0.1425 0.0307 0.1145 0.0762 0.0812 0.0317 0.3410 0.0317 0.1000 
        D750  1 0.0187 0.0389 0.0248 0.0355 0.2387 0.0437 0.0214 0.0255 0.0245 0.5283 
        D763  1 0.1121 0.0690 0.0544 0.1515 0.0458 0.1012 0.0398 0.0949 0.1303 0.2010 
        D764  1 0.0251 0.0289 0.0563 0.0405 0.0682 0.0219 0.0155 0.0310 0.0221 0.6906 
        D765  1 0.0687 0.1144 0.0541 0.2051 0.0769 0.0963 0.0556 0.2750 0.0256 0.0283 
        D766  1 0.0356 0.2308 0.0878 0.1046 0.0626 0.0443 0.0363 0.3154 0.0361 0.0466 
        D767  1 0.0405 0.0946 0.0765 0.0311 0.0368 0.0321 0.4664 0.0993 0.0464 0.0763 
        D768  1 0.0259 0.0228 0.7373 0.0268 0.0164 0.0357 0.0180 0.0193 0.0247 0.0731 
        D811  1 0.0432 0.0870 0.0389 0.4121 0.2592 0.0222 0.0471 0.0335 0.0364 0.0204 
        D816  1 0.0231 0.0386 0.4167 0.0391 0.0370 0.0208 0.0403 0.0241 0.0320 0.3283 
        D825  1 0.0540 0.0652 0.0923 0.2127 0.2299 0.0503 0.0899 0.0994 0.0402 0.0661 
        D866  1 0.2712 0.0433 0.0484 0.0536 0.1315 0.0957 0.0355 0.0463 0.1133 0.1611 
        D867  1 0.0275 0.1854 0.0661 0.1256 0.0291 0.0462 0.0246 0.3938 0.0764 0.0253 
        D871  1 0.0556 0.3298 0.0487 0.1220 0.0881 0.0482 0.1982 0.0209 0.0260 0.0624 
        D872  1 0.0228 0.0754 0.1120 0.0274 0.0455 0.0180 0.1312 0.4549 0.0409 0.0718 
        D873  1 0.0178 0.0566 0.0098 0.0372 0.0176 0.0182 0.0222 0.7710 0.0214 0.0281 
        D874  1 0.0320 0.1601 0.0900 0.0615 0.2878 0.0364 0.0566 0.0199 0.0804 0.1753 
        D875  1 0.0808 0.4058 0.0249 0.1547 0.0315 0.1180 0.0481 0.0448 0.0383 0.0532 
        D876  1 0.0405 0.1739 0.2410 0.0390 0.1321 0.0320 0.0601 0.1255 0.0407 0.1153 
        D877  1 0.0255 0.1264 0.0466 0.1639 0.3630 0.0261 0.1091 0.0306 0.0495 0.0593 
        D892  1 0.0191 0.0761 0.2809 0.0336 0.1237 0.2094 0.1003 0.0334 0.0428 0.0809 
        D893  1 0.0620 0.0618 0.4209 0.0523 0.0313 0.0410 0.1428 0.0468 0.0395 0.1017 
        D894  1 0.0296 0.0227 0.0153 0.0367 0.0225 0.0728 0.0306 0.0196 0.0172 0.7329 
        D915  1 0.0290 0.0595 0.5869 0.0277 0.0343 0.0943 0.0285 0.0519 0.0256 0.0622 
        D916  1 0.0126 0.0132 0.0178 0.0161 0.0135 0.0164 0.0127 0.0126 0.0124 0.8726 
        D917  1 0.1212 0.1280 0.0971 0.0581 0.1610 0.0185 0.0297 0.0240 0.0860 0.2764 
        D925  1 0.0212 0.0360 0.1432 0.0387 0.0560 0.0171 0.0238 0.5323 0.0200 0.1118 
        D926  1 0.0407 0.0856 0.3894 0.0609 0.0491 0.1064 0.0641 0.0311 0.0317 0.1410 
        D927  1 0.0407 0.0224 0.1589 0.0429 0.0410 0.0506 0.1054 0.0470 0.3249 0.1661 
        D928  1 0.0280 0.0924 0.0642 0.0360 0.6320 0.0136 0.0225 0.0265 0.0316 0.0533 
        D929  1 0.0211 0.1105 0.0514 0.0322 0.0571 0.0210 0.6315 0.0300 0.0212 0.0240 
        D936  1 0.1122 0.0716 0.1428 0.0316 0.0516 0.0533 0.0719 0.0289 0.0802 0.3560 
        D938  1 0.0275 0.0826 0.0335 0.0321 0.0364 0.0554 0.0276 0.6568 0.0212 0.0269 
        D956  1 0.0440 0.0614 0.0263 0.1385 0.3909 0.0956 0.0448 0.0386 0.0414 0.1184 
        D957  1 0.0487 0.2250 0.0688 0.0421 0.0293 0.0225 0.0854 0.3435 0.0579 0.0768 
        D958  1 0.0220 0.1466 0.0665 0.0345 0.1569 0.0360 0.0368 0.3671 0.0350 0.0987 
        D959  1 0.0164 0.0208 0.1259 0.6297 0.0216 0.0338 0.0171 0.0160 0.0609 0.0579 
        D960  1 0.0194 0.1101 0.0427 0.0324 0.0279 0.1870 0.0232 0.4772 0.0316 0.0484 
        D989  1 0.0603 0.0489 0.0430 0.0940 0.1508 0.0372 0.0512 0.0218 0.2868 0.2060 
        D990  1 0.0925 0.0185 0.0232 0.0255 0.0568 0.0210 0.0776 0.6100 0.0379 0.0370 
        H102  1 0.0273 0.0691 0.3129 0.0419 0.1118 0.0688 0.0291 0.0731 0.0291 0.2370 
        H103  1 0.0415 0.0397 0.0399 0.6228 0.0235 0.0167 0.0590 0.0394 0.0338 0.0837 
        H104  1 0.0931 0.0547 0.2278 0.0552 0.0682 0.0928 0.2807 0.0244 0.0374 0.0657 
        H105  1 0.0566 0.1503 0.0727 0.1249 0.1932 0.0382 0.0258 0.0389 0.0513 0.2481 
        H106  1 0.0371 0.1060 0.0707 0.0421 0.0446 0.2765 0.1165 0.2161 0.0582 0.0323 
        H112  1 0.0556 0.1587 0.1345 0.0933 0.1266 0.1800 0.0648 0.0528 0.0702 0.0637 
        H113  1 0.3236 0.0801 0.1797 0.0964 0.0468 0.0475 0.0442 0.0465 0.0615 0.0737 
        H114  1 0.3113 0.0624 0.1033 0.0852 0.0231 0.0446 0.0240 0.0453 0.0507 0.2502 
        H115  1 0.0555 0.0977 0.0953 0.0556 0.0594 0.1595 0.0614 0.0345 0.0459 0.3352 
        H143  1 0.0305 0.0593 0.3983 0.1057 0.0395 0.0348 0.0177 0.0608 0.0193 0.2341 
        H144  1 0.0253 0.0436 0.5724 0.0989 0.0325 0.0493 0.0324 0.0350 0.0422 0.0684 
        H145  1 0.0922 0.1125 0.0366 0.1651 0.3852 0.0321 0.0435 0.0770 0.0277 0.0280 
        H149  1 0.0349 0.0438 0.0224 0.0295 0.0339 0.1570 0.0805 0.0245 0.0380 0.5354 
        H150  1 0.0730 0.1428 0.0284 0.0942 0.2180 0.0895 0.1690 0.0556 0.0914 0.0382 
     H167542  1 0.0193 0.0734 0.6908 0.0255 0.0311 0.0395 0.0264 0.0354 0.0227 0.0358 
     H169604  1 0.0967 0.0644 0.1305 0.0888 0.2010 0.0636 0.1076 0.0231 0.1591 0.0652 
     H169607  1 0.0579 0.0860 0.0841 0.1955 0.3221 0.0406 0.0802 0.0455 0.0485 0.0395 
     H169608  1 0.0555 0.1186 0.0392 0.0477 0.4658 0.0475 0.0360 0.0906 0.0323 0.0669 
     H169633  1 0.1622 0.1289 0.1789 0.0775 0.0823 0.0875 0.0323 0.0556 0.1048 0.0900 
     H169688  1 0.0201 0.0522 0.1589 0.0861 0.0351 0.0189 0.1183 0.3192 0.1645 0.0266 
     H169714  1 0.0653 0.0386 0.0329 0.0334 0.0257 0.4037 0.2530 0.0287 0.0449 0.0739 
     H171802  1 0.1094 0.0585 0.0982 0.1838 0.0407 0.1371 0.0654 0.0788 0.1757 0.0524 
     H171805  1 0.0459 0.1119 0.0742 0.1143 0.0277 0.0951 0.3212 0.1438 0.0336 0.0322 
     H171807  1 0.0491 0.1137 0.0426 0.2126 0.1424 0.1464 0.0455 0.0472 0.1752 0.0253 
     H171814  1 0.1331 0.2425 0.0569 0.0554 0.0358 0.0180 0.0332 0.0658 0.2083 0.1510 
     H171816  1 0.0945 0.0868 0.0595 0.2338 0.0592 0.0633 0.1327 0.1196 0.0978 0.0527 
     H171817  1 0.1143 0.0746 0.0577 0.0530 0.2455 0.0573 0.2179 0.0548 0.0270 0.0979 
     H171818  1 0.1304 0.0439 0.0728 0.0946 0.0220 0.0848 0.0988 0.1038 0.0364 0.3125 
     H171819  1 0.4277 0.1336 0.0389 0.0386 0.0869 0.0352 0.0505 0.0644 0.0682 0.0559 
     H171834  1 0.0264 0.0586 0.0370 0.0266 0.0162 0.7127 0.0167 0.0374 0.0226 0.0459 
     H171835  1 0.0666 0.0250 0.0425 0.0218 0.1142 0.0653 0.4256 0.1007 0.0978 0.0405 
     H171836  1 0.0818 0.1301 0.0489 0.2334 0.0451 0.0439 0.0257 0.2423 0.0995 0.0493 
     H171837  1 0.0809 0.0345 0.3605 0.0518 0.1253 0.0630 0.0313 0.0511 0.0339 0.1678 
     H171838  1 0.1076 0.1514 0.0163 0.0612 0.0295 0.3026 0.0482 0.1376 0.1188 0.0268 
     H171839  1 0.1068 0.0281 0.0704 0.0413 0.2005 0.0670 0.1543 0.0365 0.0853 0.2099 
     H171841  1 0.0329 0.1949 0.0180 0.1233 0.3443 0.0342 0.0267 0.1713 0.0260 0.0285 
     H171860  1 0.1009 0.0589 0.0946 0.1390 0.3042 0.0491 0.0533 0.0260 0.1067 0.0674 
     H171861  1 0.0966 0.3101 0.1010 0.1311 0.0398 0.0363 0.0303 0.1434 0.0234 0.0880 
     H171862  1 0.0959 0.1883 0.0878 0.0423 0.0392 0.3495 0.0420 0.0436 0.0487 0.0626 
     H171868  1 0.0792 0.0485 0.2215 0.0533 0.0397 0.0608 0.0342 0.0275 0.0301 0.4051 
     H171869  1 0.0464 0.1540 0.1738 0.0595 0.0281 0.0686 0.0450 0.2499 0.1133 0.0615 
     H171870  1 0.0298 0.0442 0.0576 0.2394 0.0361 0.1246 0.1759 0.1680 0.0739 0.0505 
     H171871  1 0.0603 0.1249 0.0419 0.3624 0.0326 0.0926 0.0809 0.0807 0.0457 0.0781 
     H171872  1 0.1525 0.0526 0.0923 0.0667 0.3091 0.0471 0.1594 0.0249 0.0332 0.0621 
     H171873  1 0.0902 0.0408 0.0559 0.1883 0.0386 0.1182 0.1152 0.2638 0.0610 0.0281 
     H171874  1 0.1376 0.1269 0.0340 0.1798 0.0862 0.0585 0.0273 0.0969 0.1075 0.1455 
     H171875  1 0.2224 0.3872 0.0804 0.0532 0.0290 0.0197 0.0233 0.0515 0.0370 0.0963 
     H171876  1 0.0748 0.0379 0.1072 0.0793 0.1285 0.0353 0.0325 0.0282 0.2863 0.1901 
     H171877  1 0.0355 0.0339 0.6765 0.0224 0.0496 0.0315 0.0231 0.0295 0.0451 0.0529 
     H171878  1 0.0301 0.0940 0.0340 0.0467 0.0234 0.0400 0.1335 0.2777 0.2077 0.1128 
     H171901  1 0.0294 0.0585 0.0435 0.0724 0.2889 0.0210 0.2718 0.0965 0.0526 0.0654 
     H171902  1 0.0581 0.0834 0.0375 0.0724 0.4074 0.0700 0.0531 0.0685 0.0277 0.1220 
     H171903  1 0.1115 0.0662 0.0652 0.1185 0.0396 0.1144 0.0412 0.0247 0.0721 0.3466 
     H171935  1 0.0549 0.0462 0.0191 0.0926 0.1833 0.1485 0.1811 0.1536 0.0994 0.0214 
     H171936  1 0.1289 0.1002 0.2183 0.0406 0.0266 0.0500 0.0365 0.0796 0.1305 0.1889 
     H171940  1 0.0309 0.1532 0.2521 0.0614 0.1120 0.1871 0.0493 0.0330 0.0518 0.0693 
     H171945  1 0.0287 0.2858 0.0474 0.0706 0.0776 0.0834 0.0446 0.2616 0.0495 0.0508 
     H171948  1 0.0671 0.4560 0.0258 0.0923 0.0433 0.1349 0.0400 0.0297 0.0380 0.0727 
     H171949  1 0.0409 0.0573 0.0451 0.0543 0.1362 0.4148 0.0803 0.0619 0.0693 0.0399 
     H171950  1 0.0361 0.0231 0.0364 0.0291 0.1219 0.0578 0.3650 0.0513 0.0336 0.2456 
     H171963  1 0.0671 0.0410 0.0508 0.0833 0.0306 0.0355 0.0279 0.5563 0.0543 0.0533 
     H171964  1 0.2277 0.0372 0.0230 0.2524 0.0516 0.0826 0.0433 0.0508 0.1968 0.0347 
     H171966  1 0.3169 0.0377 0.0576 0.0851 0.0586 0.0926 0.0369 0.2201 0.0220 0.0725 
     H171968  1 0.0295 0.0320 0.0407 0.0541 0.3418 0.0441 0.0339 0.1109 0.0248 0.2883 
     H171971  1 0.2660 0.0450 0.0251 0.0747 0.0272 0.1558 0.1441 0.1352 0.0792 0.0476 
     H171972  1 0.0373 0.0574 0.0240 0.1084 0.0397 0.0217 0.0272 0.0258 0.6150 0.0436 
     H171977  1 0.0672 0.1540 0.1096 0.0401 0.0644 0.0504 0.0496 0.2586 0.1625 0.0436 
     H171978  1 0.0264 0.0715 0.0393 0.1118 0.0590 0.0931 0.4977 0.0417 0.0293 0.0301 
     H171979  1 0.0806 0.0507 0.0211 0.5763 0.0403 0.0651 0.0338 0.0331 0.0568 0.0423 
        H176  1 0.2135 0.0517 0.0757 0.0377 0.3753 0.0372 0.0306 0.0271 0.0366 0.1146 
        H177  1 0.0364 0.0823 0.2015 0.0411 0.0907 0.1199 0.1672 0.1999 0.0313 0.0297 
        H179  1 0.0698 0.0579 0.3070 0.0331 0.0354 0.0246 0.1357 0.0189 0.0439 0.2739 
        H181  1 0.0668 0.2867 0.0358 0.0988 0.0458 0.2233 0.0207 0.0870 0.0671 0.0678 
        H182  1 0.0914 0.2598 0.0747 0.1259 0.0545 0.0747 0.0480 0.2016 0.0286 0.0407 
        H183  1 0.0289 0.1618 0.0762 0.2619 0.0259 0.0607 0.0181 0.2435 0.0580 0.0650 
        H184  1 0.1039 0.1260 0.0381 0.3337 0.1085 0.0900 0.0646 0.0573 0.0311 0.0468 
        H185  1 0.0760 0.1509 0.1091 0.0957 0.0328 0.0747 0.0445 0.1407 0.2207 0.0550 
        H186  1 0.0220 0.0400 0.5974 0.0538 0.0397 0.0281 0.0580 0.0843 0.0322 0.0444 
        H187  1 0.0293 0.1730 0.0944 0.0412 0.0189 0.0147 0.0982 0.4212 0.0542 0.0549 
        H188  1 0.0715 0.0330 0.4791 0.0522 0.1022 0.0591 0.0239 0.0303 0.0611 0.0875 
        H192  1 0.0540 0.0580 0.0297 0.0554 0.0557 0.4207 0.0878 0.1424 0.0474 0.0488 
        H193  1 0.0435 0.0930 0.3198 0.2572 0.0511 0.0545 0.0706 0.0481 0.0227 0.0396 
        H194  1 0.1496 0.0914 0.0370 0.1005 0.0434 0.2193 0.0858 0.0307 0.0593 0.1831 
        H195  1 0.0363 0.0485 0.0831 0.2258 0.0384 0.0445 0.0308 0.3182 0.1347 0.0398 
        H199  1 0.0440 0.0792 0.0464 0.0999 0.2785 0.0400 0.0195 0.3117 0.0497 0.0311 
        H200  1 0.1339 0.0697 0.1019 0.1000 0.1930 0.0427 0.0441 0.0785 0.1588 0.0772 
        H414  1 0.0792 0.0674 0.0663 0.0769 0.0440 0.0478 0.2963 0.0796 0.0619 0.1806 
        H415  1 0.1368 0.2960 0.0935 0.0791 0.0731 0.0369 0.0745 0.0305 0.0570 0.1225 
        H422  1 0.0960 0.0918 0.1198 0.0611 0.2548 0.0318 0.0318 0.1307 0.0334 0.1489 
        H423  1 0.0462 0.3003 0.0297 0.0922 0.2972 0.0398 0.0603 0.0452 0.0482 0.0409 
        H424  1 0.0517 0.3226 0.0851 0.0907 0.0217 0.0526 0.0378 0.2341 0.0422 0.0615 
        H425  1 0.0382 0.0419 0.0354 0.0423 0.0426 0.0604 0.0459 0.5744 0.0693 0.0495 
        H426  1 0.1160 0.0881 0.0411 0.3063 0.0506 0.1404 0.0744 0.1024 0.0353 0.0453 
        H443  1 0.0268 0.0276 0.4975 0.0836 0.0384 0.0461 0.0264 0.0963 0.0305 0.1269 
        H466  1 0.0474 0.0844 0.0725 0.2170 0.0351 0.1778 0.0882 0.0308 0.1000 0.1469 
        H467  1 0.1923 0.0394 0.0270 0.0386 0.0458 0.3407 0.1671 0.0746 0.0412 0.0335 
        H472  1 0.0517 0.0427 0.0496 0.0800 0.5731 0.0233 0.0589 0.0347 0.0509 0.0351 
        H483  1 0.0501 0.1845 0.0607 0.0518 0.0559 0.1498 0.0228 0.0576 0.0814 0.2853 
        H504  1 0.1133 0.0960 0.0482 0.0546 0.0965 0.0197 0.0374 0.3889 0.0633 0.0820 
        H505  1 0.0269 0.0918 0.3350 0.0791 0.0388 0.0563 0.1631 0.0454 0.0927 0.0709 
        H506  1 0.0910 0.1479 0.0776 0.1728 0.1062 0.0283 0.0715 0.0486 0.0594 0.1967 
        H507  1 0.0759 0.0887 0.1124 0.2688 0.0523 0.0354 0.0765 0.1352 0.0777 0.0773 
        H508  1 0.1076 0.0673 0.0519 0.1324 0.0452 0.0949 0.2318 0.1045 0.0697 0.0947 
        H524  1 0.0369 0.0589 0.1655 0.0589 0.0370 0.0427 0.1806 0.2029 0.1598 0.0569 
        H525  1 0.0762 0.0519 0.1843 0.3000 0.0640 0.0385 0.0687 0.0367 0.0878 0.0920 
        H526  1 0.1396 0.1899 0.2645 0.0736 0.1175 0.0307 0.0262 0.0458 0.0704 0.0417 
        H527  1 0.0311 0.1887 0.0842 0.0656 0.0838 0.0340 0.3209 0.0727 0.0672 0.0518 
        H528  1 0.4394 0.0775 0.0438 0.1418 0.0464 0.0216 0.0368 0.0214 0.0781 0.0933 
        H529  1 0.0374 0.0461 0.2075 0.3670 0.0318 0.0508 0.1553 0.0476 0.0323 0.0243 
        H533  1 0.1027 0.0671 0.0783 0.0710 0.0429 0.0386 0.3970 0.1217 0.0300 0.0507 
        H538  1 0.0318 0.0493 0.1236 0.2343 0.2314 0.0659 0.0989 0.0278 0.0978 0.0392 
        H539  1 0.0182 0.0643 0.0538 0.0353 0.0180 0.0184 0.0464 0.6860 0.0343 0.0253 
        H540  1 0.0724 0.0959 0.0624 0.1192 0.0738 0.1309 0.0842 0.2293 0.0460 0.0859 
        H541  1 0.0383 0.0662 0.2103 0.0521 0.0662 0.0429 0.1592 0.0349 0.0745 0.2554 
        H558  1 0.0286 0.2901 0.0225 0.0784 0.0225 0.0584 0.0239 0.3954 0.0526 0.0277 
        H559  1 0.0438 0.1082 0.0980 0.0540 0.0929 0.0239 0.0435 0.0247 0.0290 0.4819 
        H579  1 0.0463 0.0624 0.0405 0.4292 0.0499 0.0250 0.0175 0.1757 0.0285 0.1249 
        H584  1 0.1586 0.0527 0.0477 0.2184 0.1146 0.1325 0.0583 0.0660 0.0615 0.0898 
        H585  1 0.2320 0.2130 0.0932 0.0933 0.0230 0.0602 0.1115 0.0349 0.0823 0.0565 
        H605  1 0.0412 0.0778 0.2098 0.0466 0.0580 0.0978 0.0850 0.1762 0.0821 0.1257 
        H606  1 0.0177 0.0443 0.0655 0.0322 0.1376 0.0271 0.0407 0.0306 0.0178 0.5865 
        H632  1 0.2094 0.0276 0.0420 0.0796 0.2438 0.0541 0.0281 0.0523 0.1967 0.0664 
        H634  1 0.1148 0.0826 0.1046 0.1106 0.0735 0.0377 0.0636 0.1887 0.0739 0.1499 
        H671  1 0.1328 0.0633 0.0577 0.0335 0.4021 0.0293 0.1441 0.0284 0.0404 0.0684 
        H672  1 0.0312 0.0363 0.0842 0.0747 0.0432 0.0238 0.0778 0.0380 0.4003 0.1906 
        H673  1 0.0381 0.1920 0.1355 0.1826 0.0869 0.0487 0.0269 0.0530 0.1211 0.1153 
        H689  1 0.0740 0.0571 0.0569 0.2909 0.0783 0.1466 0.0308 0.0360 0.0639 0.1654 
        H690  1 0.0318 0.1677 0.3125 0.0439 0.0397 0.1564 0.0927 0.0652 0.0306 0.0596 
        H691  1 0.0414 0.0361 0.0882 0.0659 0.0421 0.0925 0.0544 0.0388 0.1192 0.4214 
        H692  1 0.0295 0.0411 0.0250 0.6459 0.0244 0.0321 0.0172 0.0216 0.1094 0.0538 
        H709  1 0.0546 0.0606 0.1542 0.0634 0.0546 0.0572 0.1887 0.0611 0.0656 0.2400 
        H710  1 0.0792 0.1142 0.0458 0.5966 0.0222 0.0338 0.0200 0.0218 0.0320 0.0344 
       H7355  1 0.1011 0.0940 0.0516 0.0973 0.4195 0.0472 0.0478 0.0526 0.0283 0.0604 
       H7356  1 0.0233 0.0848 0.0332 0.2663 0.0292 0.2426 0.1751 0.0500 0.0613 0.0343 
       H7357  1 0.0548 0.0608 0.2022 0.0463 0.1929 0.0753 0.0912 0.1188 0.0244 0.1333 
       H7358  1 0.0367 0.0521 0.1194 0.1206 0.2068 0.0232 0.0209 0.1364 0.1447 0.1393 
       H7380  1 0.0685 0.3341 0.0652 0.0580 0.1359 0.0525 0.0551 0.0390 0.0236 0.1680 
       H7381  1 0.0630 0.1025 0.1002 0.0974 0.2531 0.0604 0.1741 0.0410 0.0580 0.0504 
       H7382  1 0.0367 0.0482 0.0391 0.3297 0.0929 0.0575 0.0292 0.0503 0.1197 0.1967 
        H904  1 0.0303 0.0357 0.0470 0.0302 0.0953 0.0702 0.0362 0.0341 0.0213 0.5997 
        H923  1 0.1854 0.0506 0.1484 0.1080 0.1039 0.0613 0.0605 0.1572 0.0968 0.0279 
        H924  1 0.0369 0.1580 0.2108 0.0966 0.1318 0.0774 0.0311 0.0991 0.0758 0.0826 
        H925  1 0.0285 0.0304 0.7265 0.0286 0.0178 0.0177 0.0230 0.0498 0.0393 0.0385 
       H9558  1 0.0230 0.2119 0.0194 0.0622 0.0189 0.0487 0.0208 0.5337 0.0445 0.0170 
      H105.1  1 0.1110 0.2035 0.0472 0.2659 0.0214 0.1555 0.0603 0.0367 0.0500 0.0484 
      H115.1  1 0.0633 0.1236 0.4589 0.0446 0.0211 0.0345 0.0268 0.0436 0.0300 0.1536 
      H145.1  1 0.0436 0.0433 0.0539 0.0730 0.6096 0.0228 0.0262 0.0293 0.0210 0.0771 
      H149.1  1 0.0135 0.0135 0.0188 0.0154 0.0145 0.0155 0.0117 0.0140 0.0127 0.8702 
      H150.1  1 0.0502 0.1860 0.0394 0.0630 0.1137 0.0340 0.0626 0.4042 0.0212 0.0257 
   H169607.1  1 0.0997 0.1740 0.0720 0.0586 0.2034 0.0180 0.1414 0.0734 0.0585 0.1011 
   H169633.1  1 0.0334 0.0257 0.0358 0.0294 0.0577 0.0281 0.0124 0.0695 0.0505 0.6575 
   H169688.1  1 0.0282 0.0962 0.2120 0.0998 0.0406 0.0204 0.0214 0.0369 0.3002 0.1443 
   H171901.1  1 0.4219 0.0380 0.0214 0.0691 0.0563 0.0284 0.0812 0.0757 0.0763 0.1316 
   H171902.1  1 0.0359 0.1462 0.0869 0.0489 0.2385 0.0394 0.0313 0.1040 0.0275 0.2414 
   H171903.1  1 0.0255 0.1760 0.0790 0.2003 0.0541 0.0821 0.2784 0.0276 0.0426 0.0344 
      H177.1  1 0.0244 0.0337 0.3553 0.1507 0.0609 0.0578 0.0383 0.0400 0.1166 0.1223 
      H179.1  1 0.1222 0.0562 0.1918 0.0252 0.0637 0.0287 0.1311 0.0633 0.0475 0.2703 
      H180.1  1 0.0301 0.2448 0.1783 0.0566 0.0524 0.1244 0.0758 0.1219 0.0590 0.0568 
      H181.1  1 0.0419 0.0425 0.0712 0.0663 0.0564 0.2799 0.0380 0.0626 0.0343 0.3068 
 H194.1_2004  1 0.0265 0.0471 0.0753 0.5433 0.0365 0.0962 0.0493 0.0383 0.0415 0.0461 
 H195.1_2003  1 0.0483 0.0667 0.0335 0.3520 0.0298 0.0268 0.1667 0.0384 0.1353 0.1025 
 H195.1_2004  1 0.0514 0.0192 0.0951 0.0505 0.4426 0.0412 0.0257 0.0271 0.0780 0.1693 
      H415.1  1 0.0766 0.2734 0.1278 0.0536 0.0544 0.0502 0.0413 0.0645 0.0363 0.2220 
      H506.1  1 0.1166 0.0864 0.1415 0.0575 0.0386 0.0176 0.0465 0.0271 0.0374 0.4306 
      H533.1  1 0.0816 0.0676 0.3838 0.0555 0.0425 0.0294 0.0603 0.0859 0.0207 0.1729 
      H535.1  1 0.0295 0.0672 0.2201 0.1875 0.0417 0.2240 0.0509 0.0500 0.0468 0.0824 
      H539.1  1 0.0242 0.4744 0.0308 0.0303 0.0537 0.0358 0.0152 0.2916 0.0174 0.0267 
      H540.1  1 0.0308 0.1083 0.0230 0.0464 0.0489 0.0350 0.0614 0.5934 0.0296 0.0231 
     H9558.1  1 0.0376 0.1770 0.0184 0.0589 0.0417 0.0295 0.0199 0.5379 0.0373 0.0420 
    kos339.1  1 0.0198 0.0297 0.0358 0.0286 0.0401 0.0305 0.0597 0.0211 0.0349 0.6997 
        D023  2 0.0236 0.0179 0.0293 0.0282 0.0158 0.0159 0.0156 0.3336 0.0180 0.5023 
        D130  2 0.0143 0.0500 0.1066 0.0602 0.0244 0.1126 0.0569 0.4903 0.0377 0.0470 
        D131  2 0.2108 0.0819 0.2856 0.0736 0.0599 0.0633 0.0716 0.0345 0.0680 0.0508 
        D163  2 0.0461 0.0645 0.0628 0.0893 0.0504 0.1090 0.0578 0.3894 0.0175 0.1133 
        D164  2 0.0116 0.0274 0.0148 0.0159 0.0127 0.0181 0.0106 0.6408 0.2327 0.0154 
        D165  2 0.0476 0.0215 0.0179 0.0410 0.0180 0.0241 0.0191 0.2679 0.0288 0.5140 
        D166  2 0.0901 0.2670 0.0309 0.1390 0.0508 0.0863 0.1352 0.1217 0.0387 0.0403 
        D167  2 0.0213 0.0281 0.0172 0.0253 0.0221 0.0186 0.0297 0.0247 0.7944 0.0185 
        D192  2 0.0260 0.0342 0.0130 0.0216 0.0204 0.0253 0.0253 0.0278 0.7857 0.0207 
        D193  2 0.0654 0.3901 0.0977 0.0880 0.0377 0.1405 0.1028 0.0324 0.0249 0.0204 
        D206  2 0.0487 0.0973 0.5436 0.0636 0.0229 0.0582 0.0209 0.0326 0.0863 0.0259 
        D207  2 0.0494 0.0425 0.0407 0.1435 0.0256 0.0846 0.0586 0.0329 0.4552 0.0669 
        D208  2 0.1185 0.0307 0.0831 0.0471 0.1919 0.0275 0.3227 0.0504 0.0500 0.0781 
        D209  2 0.0549 0.1677 0.0306 0.0757 0.0247 0.0396 0.0283 0.1381 0.3853 0.0552 
        D210  2 0.0877 0.0389 0.0312 0.0323 0.2968 0.1183 0.0484 0.0265 0.0515 0.2684 
     D229599  2 0.2096 0.3113 0.0958 0.0369 0.0488 0.0423 0.0444 0.0431 0.0448 0.1231 
     D229600  2 0.0304 0.0444 0.0695 0.1392 0.0208 0.1067 0.0772 0.2214 0.2565 0.0339 
     D237227  2 0.0777 0.0384 0.0564 0.1221 0.2532 0.0403 0.0568 0.1433 0.1271 0.0847 
     D237228  2 0.0687 0.0820 0.0241 0.3479 0.1368 0.0698 0.0299 0.1372 0.0822 0.0212 
     D237258  2 0.1501 0.0581 0.0776 0.1848 0.0540 0.0315 0.0340 0.0531 0.0996 0.2573 
     D237310  2 0.0282 0.0496 0.0148 0.2807 0.0890 0.1701 0.1326 0.1325 0.0814 0.0210 
     D237311  2 0.0527 0.0756 0.0305 0.3126 0.0362 0.0687 0.0334 0.1260 0.2428 0.0217 
     D237312  2 0.0442 0.1413 0.0458 0.1457 0.0825 0.3331 0.0976 0.0553 0.0275 0.0271 
     D237313  2 0.0743 0.1410 0.2819 0.0364 0.1089 0.0965 0.0418 0.1630 0.0248 0.0314 
     D237322  2 0.1206 0.0706 0.0378 0.0510 0.1793 0.0682 0.3542 0.0384 0.0441 0.0357 
     D237323  2 0.0615 0.0407 0.0189 0.1689 0.1520 0.0544 0.1888 0.1882 0.0881 0.0384 
     D237324  2 0.1167 0.0429 0.0321 0.1236 0.0268 0.0662 0.0892 0.2229 0.1988 0.0807 
     D237325  2 0.0353 0.0719 0.0539 0.0785 0.1157 0.2444 0.1633 0.1011 0.0977 0.0383 
     D237326  2 0.0748 0.1601 0.0672 0.1280 0.0625 0.0487 0.0241 0.2931 0.0620 0.0795 
     D237327  2 0.3175 0.0305 0.0180 0.0502 0.0482 0.0845 0.2282 0.0342 0.1132 0.0756 
     D237337  2 0.0517 0.0797 0.1149 0.1164 0.0889 0.1300 0.0901 0.2632 0.0355 0.0297 
     D237338  2 0.1073 0.1265 0.0439 0.0547 0.1116 0.1538 0.1401 0.0867 0.1124 0.0631 
     D237339  2 0.0684 0.1745 0.0663 0.0507 0.0245 0.0383 0.2072 0.0489 0.2663 0.0549 
     D237340  2 0.0685 0.1106 0.0334 0.1184 0.1174 0.0685 0.0785 0.0605 0.3185 0.0257 
     D237389  2 0.0347 0.1441 0.0233 0.2922 0.0255 0.1416 0.0576 0.1536 0.0885 0.0388 
     D237390  2 0.1268 0.2471 0.0849 0.1129 0.0596 0.1577 0.0872 0.0381 0.0543 0.0313 
     D244017  2 0.0324 0.0409 0.0360 0.0358 0.0785 0.0167 0.0608 0.0359 0.6300 0.0329 
     D244112  2 0.0432 0.0488 0.0182 0.0344 0.0272 0.0406 0.0448 0.1138 0.5981 0.0310 
     D244118  2 0.0289 0.0299 0.0170 0.0275 0.0196 0.0244 0.0731 0.3449 0.4090 0.0257 
     D244119  2 0.0238 0.0204 0.0373 0.0279 0.2745 0.0270 0.0307 0.0266 0.5021 0.0297 
     D244120  2 0.1491 0.2011 0.0154 0.0885 0.0425 0.1545 0.0515 0.0409 0.2208 0.0357 
     D244122  2 0.0288 0.0667 0.0559 0.0650 0.0421 0.0597 0.0922 0.0899 0.4414 0.0583 
        D291  2 0.4062 0.0454 0.1209 0.1534 0.0281 0.0192 0.0978 0.0512 0.0441 0.0337 
        D292  2 0.2643 0.0595 0.1291 0.0285 0.0543 0.0326 0.0616 0.0763 0.0983 0.1956 
        D293  2 0.0592 0.0232 0.0331 0.0200 0.0183 0.0167 0.0281 0.0147 0.6569 0.1298 
        D322  2 0.0420 0.0291 0.0253 0.0260 0.0249 0.0247 0.0293 0.0581 0.3095 0.4310 
        D323  2 0.0544 0.0598 0.3144 0.1732 0.0370 0.0266 0.0584 0.0347 0.2137 0.0277 
        D324  2 0.4077 0.0427 0.0604 0.1016 0.0469 0.0683 0.0210 0.0670 0.0359 0.1485 
        D325  2 0.1025 0.0297 0.0297 0.0329 0.0151 0.0375 0.0321 0.0165 0.6529 0.0513 
        D326  2 0.0542 0.0516 0.7134 0.0236 0.0191 0.0174 0.0167 0.0132 0.0242 0.0667 
        D340  2 0.0341 0.0341 0.0230 0.0342 0.0257 0.0320 0.0153 0.0259 0.7426 0.0331 
        D341  2 0.0541 0.0258 0.0833 0.0285 0.0550 0.2625 0.1436 0.0328 0.2799 0.0346 
        D342  2 0.0339 0.0627 0.0389 0.0354 0.0202 0.2375 0.0313 0.4358 0.0433 0.0612 
        D343  2 0.0175 0.0139 0.0174 0.0124 0.0107 0.0163 0.0152 0.0105 0.8640 0.0221 
        D344  2 0.0309 0.7099 0.0449 0.0525 0.0172 0.0440 0.0258 0.0224 0.0321 0.0202 
        D345  2 0.0670 0.2516 0.0409 0.0482 0.0517 0.0223 0.0366 0.3686 0.0275 0.0856 
        D346  2 0.0339 0.0747 0.0615 0.1278 0.3617 0.0828 0.0195 0.0260 0.1298 0.0822 
        D351  2 0.2545 0.1543 0.0882 0.0888 0.0309 0.0271 0.0719 0.0289 0.0480 0.2074 
        D352  2 0.1026 0.5160 0.0273 0.0747 0.0882 0.0198 0.0416 0.0218 0.0724 0.0357 
        D353  2 0.0697 0.4099 0.1461 0.0780 0.0526 0.0274 0.0353 0.0290 0.1200 0.0320 
        D354  2 0.0215 0.7395 0.0360 0.0346 0.0426 0.0264 0.0218 0.0300 0.0181 0.0295 
        D362  2 0.0360 0.0474 0.4963 0.0421 0.0249 0.0223 0.0315 0.0400 0.0303 0.2291 
        D363  2 0.0445 0.0610 0.3911 0.0576 0.0340 0.0168 0.0221 0.0298 0.0439 0.2992 
        D364  2 0.0239 0.6380 0.1201 0.0310 0.0210 0.0441 0.0173 0.0327 0.0273 0.0445 
        D365  2 0.0128 0.0119 0.0191 0.0167 0.0191 0.0172 0.0117 0.0109 0.8591 0.0215 
        D369  2 0.1375 0.0420 0.0669 0.0582 0.0470 0.0355 0.0198 0.0212 0.2346 0.3374 
        D374  2 0.0261 0.4189 0.0680 0.1331 0.2050 0.0262 0.0351 0.0398 0.0263 0.0215 
        D375  2 0.0224 0.7976 0.0290 0.0231 0.0177 0.0230 0.0227 0.0203 0.0286 0.0155 
        D376  2 0.0233 0.4164 0.0320 0.0626 0.1871 0.1056 0.0284 0.0408 0.0614 0.0424 
        D377  2 0.1007 0.2603 0.1039 0.0828 0.1096 0.1253 0.0479 0.0746 0.0596 0.0353 
        D378  2 0.0439 0.0273 0.0894 0.0215 0.0212 0.0306 0.0403 0.0372 0.1242 0.5645 
        D379  2 0.0227 0.0334 0.7696 0.0268 0.0197 0.0517 0.0185 0.0182 0.0179 0.0216 
        D384  2 0.0205 0.0225 0.8235 0.0181 0.0249 0.0169 0.0154 0.0178 0.0147 0.0259 
        D385  2 0.0155 0.0589 0.0242 0.0268 0.0350 0.0272 0.0167 0.0183 0.7585 0.0188 
        D386  2 0.0269 0.2274 0.1627 0.0432 0.0308 0.0272 0.0494 0.1026 0.0738 0.2559 
        D391  2 0.0337 0.0304 0.0326 0.0267 0.0302 0.0197 0.0344 0.0226 0.7306 0.0391 
        D392  2 0.0567 0.0538 0.0432 0.0472 0.0336 0.0202 0.0224 0.0657 0.5793 0.0778 
        D393  2 0.1388 0.0311 0.0808 0.0330 0.0294 0.0425 0.0305 0.0313 0.0419 0.5407 
        D394  2 0.1205 0.2134 0.0418 0.0504 0.0353 0.0829 0.0496 0.1355 0.1108 0.1598 
        D395  2 0.0328 0.0881 0.0195 0.0530 0.0226 0.0358 0.0247 0.0158 0.6803 0.0273 
        D401  2 0.0330 0.0375 0.0244 0.6127 0.0266 0.0276 0.0185 0.1399 0.0618 0.0180 
        D402  2 0.0814 0.0401 0.0255 0.0460 0.0502 0.0530 0.0408 0.0366 0.5893 0.0371 
        D403  2 0.0317 0.1888 0.3969 0.0382 0.0226 0.0559 0.1086 0.0578 0.0269 0.0727 
        D415  2 0.0295 0.1529 0.4082 0.0723 0.0259 0.1068 0.0329 0.0325 0.0832 0.0557 
        D435  2 0.0694 0.0569 0.0581 0.0495 0.0297 0.0759 0.0225 0.0420 0.1836 0.4123 
        D436  2 0.0540 0.5219 0.1359 0.0345 0.0496 0.0366 0.0878 0.0172 0.0302 0.0323 
        D438  2 0.0180 0.0228 0.0297 0.0251 0.0335 0.0330 0.0182 0.0333 0.7638 0.0227 
        D439  2 0.1929 0.4872 0.0429 0.0344 0.0236 0.0358 0.0386 0.0640 0.0336 0.0469 
        D449  2 0.0627 0.2215 0.0515 0.0981 0.0266 0.2761 0.0163 0.0313 0.1493 0.0664 
        D450  2 0.0672 0.1554 0.0553 0.0932 0.2578 0.0748 0.0584 0.0434 0.0251 0.1695 
        D456  2 0.0363 0.0383 0.7805 0.0241 0.0196 0.0196 0.0160 0.0152 0.0157 0.0347 
        D462  2 0.0492 0.0639 0.0238 0.0237 0.0213 0.0169 0.0327 0.0216 0.7072 0.0396 
        D463  2 0.0218 0.0396 0.8050 0.0227 0.0229 0.0180 0.0167 0.0127 0.0176 0.0230 
        D464  2 0.0240 0.1765 0.0796 0.1371 0.0649 0.0412 0.0502 0.0178 0.3411 0.0677 
        D465  2 0.0331 0.0387 0.0374 0.2052 0.0326 0.0324 0.0200 0.0267 0.4992 0.0746 
        D473  2 0.0324 0.0646 0.0363 0.0276 0.5978 0.0358 0.0514 0.0569 0.0318 0.0653 
        D474  2 0.1489 0.0306 0.0469 0.0200 0.0336 0.0349 0.0185 0.0292 0.0281 0.6093 
        D476  2 0.1037 0.2231 0.0343 0.0514 0.0252 0.0391 0.1316 0.1778 0.1474 0.0663 
        D477  2 0.1888 0.1689 0.0943 0.0520 0.0985 0.0628 0.0345 0.0327 0.0547 0.2127 
        D478  2 0.0945 0.3826 0.1000 0.0731 0.0605 0.0263 0.0434 0.0702 0.0700 0.0794 
        D480  2 0.0327 0.0339 0.2068 0.0427 0.0502 0.1446 0.0685 0.0204 0.1076 0.2926 
        D481  2 0.1682 0.1199 0.1064 0.0477 0.0585 0.0266 0.0352 0.1620 0.1154 0.1602 
        D482  2 0.2051 0.1878 0.0426 0.0902 0.1499 0.0431 0.0937 0.0828 0.0703 0.0346 
        D483  2 0.0178 0.0195 0.0303 0.0175 0.0260 0.0218 0.0241 0.0247 0.7993 0.0190 
        D484  2 0.0829 0.4377 0.0182 0.0778 0.0745 0.0296 0.0900 0.0355 0.1130 0.0409 
        D510  2 0.0909 0.1417 0.0584 0.1075 0.4100 0.0552 0.0390 0.0231 0.0408 0.0334 
        D511  2 0.1027 0.0849 0.0709 0.0436 0.0443 0.0324 0.0614 0.0375 0.2562 0.2662 
        D512  2 0.0264 0.0357 0.0178 0.5298 0.0193 0.0424 0.0336 0.0617 0.2063 0.0270 
        D513  2 0.0803 0.0938 0.1855 0.0844 0.0719 0.0484 0.0349 0.0456 0.3156 0.0398 
        D635  2 0.0354 0.0212 0.0442 0.0462 0.0197 0.0214 0.0202 0.0543 0.0343 0.7031 
        D636  2 0.0168 0.0198 0.0309 0.0228 0.0184 0.0140 0.0140 0.8015 0.0184 0.0433 
        D637  2 0.0731 0.1996 0.0426 0.0637 0.1003 0.1503 0.0764 0.0374 0.2028 0.0538 
        D658  2 0.0238 0.0713 0.0334 0.0328 0.0517 0.0953 0.0769 0.0414 0.5426 0.0306 
        D659  2 0.0746 0.0727 0.0430 0.0666 0.0373 0.0669 0.0294 0.0278 0.0204 0.5613 
        D677  2 0.0943 0.0413 0.4753 0.0560 0.0209 0.1314 0.0789 0.0314 0.0291 0.0415 
        D678  2 0.0226 0.0749 0.0200 0.1382 0.0217 0.0492 0.0240 0.1301 0.4936 0.0259 
        D679  2 0.2088 0.0625 0.2629 0.0560 0.0885 0.0759 0.0380 0.0358 0.0490 0.1226 
        D719  2 0.1407 0.0461 0.0993 0.0378 0.2356 0.0208 0.0475 0.0273 0.1608 0.1840 
        D720  2 0.0269 0.0225 0.6794 0.0361 0.0392 0.0199 0.0311 0.0432 0.0279 0.0738 
        D721  2 0.0345 0.0219 0.0423 0.0511 0.0422 0.0584 0.0255 0.3737 0.0706 0.2798 
        D722  2 0.0592 0.3094 0.0489 0.2449 0.1100 0.0264 0.0481 0.0467 0.0745 0.0319 
        D734  2 0.0633 0.1215 0.0367 0.0294 0.2901 0.0432 0.0926 0.0175 0.2583 0.0473 
        D735  2 0.0495 0.0312 0.1558 0.0611 0.0676 0.0846 0.0470 0.1086 0.0669 0.3277 
        D736  2 0.2442 0.0713 0.0279 0.1066 0.1614 0.0781 0.0218 0.0400 0.0496 0.1991 
        D737  2 0.0576 0.0459 0.0230 0.0272 0.0270 0.0593 0.1725 0.0941 0.4475 0.0458 
        D807  2 0.1024 0.0478 0.0443 0.0314 0.0786 0.0442 0.0452 0.0294 0.0564 0.5204 
        D808  2 0.1375 0.1315 0.0338 0.0591 0.0334 0.1051 0.0674 0.1100 0.2072 0.1150 
        D817  2 0.0903 0.0891 0.4448 0.1812 0.0319 0.0223 0.0353 0.0384 0.0292 0.0375 
        D818  2 0.0949 0.0428 0.0738 0.0650 0.0286 0.1100 0.1563 0.0239 0.2139 0.1908 
        D819  2 0.1248 0.0931 0.0973 0.3089 0.0349 0.0276 0.0288 0.0336 0.0994 0.1516 
        D820  2 0.0402 0.0553 0.2130 0.0286 0.0299 0.0489 0.0689 0.0202 0.0541 0.4408 
        D895  2 0.0386 0.0840 0.0757 0.2393 0.0636 0.0518 0.0509 0.0993 0.0325 0.2644 
        D896  2 0.0363 0.0684 0.0384 0.2807 0.0556 0.0581 0.0564 0.3233 0.0500 0.0328 
        D897  2 0.0629 0.0319 0.0476 0.0502 0.0354 0.4336 0.0699 0.1098 0.0972 0.0615 
        D898  2 0.3391 0.1562 0.0355 0.1439 0.0554 0.0756 0.0622 0.0654 0.0349 0.0318 
        D918  2 0.0765 0.0948 0.0730 0.1096 0.1273 0.1436 0.1469 0.0598 0.1306 0.0379 
        D919  2 0.3062 0.2119 0.0844 0.0509 0.0253 0.0236 0.1030 0.0325 0.0650 0.0972 
        D920  2 0.0278 0.0268 0.0313 0.0311 0.0281 0.0417 0.1498 0.6067 0.0295 0.0272 
        D923  2 0.0406 0.4050 0.2416 0.0529 0.0256 0.0324 0.0235 0.0246 0.0555 0.0982 
        D930  2 0.0402 0.2189 0.1117 0.0560 0.2818 0.1047 0.0305 0.0507 0.0317 0.0738 
        D931  2 0.0412 0.0576 0.0469 0.0499 0.0418 0.0482 0.0418 0.0203 0.3266 0.3255 
        D968  2 0.1949 0.0619 0.0325 0.0282 0.0214 0.0149 0.0226 0.0172 0.5857 0.0206 
        D969  2 0.1032 0.0275 0.0568 0.0377 0.0245 0.0709 0.0369 0.0214 0.0818 0.5393 
        D977  2 0.0274 0.0375 0.0255 0.0507 0.0311 0.0691 0.0440 0.0241 0.6516 0.0390 
        D978  2 0.1616 0.0384 0.1422 0.0678 0.0525 0.2838 0.1103 0.0234 0.0746 0.0453 
        H008  2 0.0844 0.3297 0.2383 0.1203 0.0507 0.0256 0.0303 0.0258 0.0592 0.0359 
        H021  2 0.0307 0.0484 0.0316 0.0304 0.0282 0.4051 0.0714 0.0698 0.0960 0.1884 
        H023  2 0.0285 0.0264 0.7091 0.0154 0.0411 0.0249 0.0682 0.0431 0.0165 0.0269 
        H024  2 0.1378 0.2902 0.0250 0.1567 0.0319 0.1581 0.0260 0.0467 0.1027 0.0249 
        H025  2 0.0294 0.6224 0.0527 0.0762 0.0387 0.0344 0.0341 0.0368 0.0534 0.0220 
        H026  2 0.3007 0.0787 0.1222 0.0646 0.0278 0.0407 0.0257 0.0390 0.1785 0.1220 
        H027  2 0.0458 0.0266 0.1052 0.0489 0.0554 0.0869 0.1302 0.0369 0.2272 0.2368 
        H028  2 0.0536 0.5221 0.0533 0.0668 0.0314 0.0766 0.0316 0.0672 0.0451 0.0523 
        H029  2 0.2465 0.0558 0.1612 0.0468 0.0241 0.0186 0.0331 0.0426 0.1968 0.1744 
        H030  2 0.0271 0.1270 0.0151 0.0324 0.0243 0.0410 0.0293 0.0214 0.6608 0.0217 
        H038  2 0.0369 0.0306 0.2119 0.0349 0.0300 0.0344 0.1352 0.3713 0.0339 0.0809 
        H039  2 0.0361 0.2059 0.0512 0.0360 0.4760 0.0457 0.0476 0.0483 0.0199 0.0334 
        H040  2 0.0290 0.0313 0.0606 0.0221 0.0262 0.0180 0.6180 0.1341 0.0260 0.0348 
        H041  2 0.2196 0.1851 0.1220 0.0703 0.0550 0.0447 0.0308 0.0243 0.1818 0.0663 
        H042  2 0.0450 0.2147 0.1072 0.1354 0.1193 0.0294 0.1578 0.1174 0.0380 0.0360 
        H043  2 0.0274 0.0677 0.0362 0.0355 0.0495 0.0205 0.0343 0.6752 0.0220 0.0318 
        H044  2 0.0766 0.0548 0.0234 0.2829 0.0725 0.0583 0.0227 0.2923 0.0841 0.0324 
        H047  2 0.0774 0.1900 0.0557 0.0654 0.0725 0.0765 0.0387 0.3485 0.0342 0.0411 
        H050  2 0.0324 0.0439 0.0440 0.1138 0.0420 0.0512 0.1047 0.0457 0.4445 0.0778 
        H058  2 0.0904 0.0542 0.0551 0.1175 0.0308 0.0856 0.1519 0.2445 0.0781 0.0919 
        H062  2 0.0265 0.1517 0.1962 0.0466 0.1243 0.1058 0.0702 0.1706 0.0354 0.0726 
        H063  2 0.0991 0.0757 0.0850 0.0540 0.0538 0.0330 0.0735 0.1100 0.2888 0.1272 
        H065  2 0.0186 0.0323 0.7963 0.0236 0.0390 0.0192 0.0180 0.0232 0.0131 0.0167 
        H066  2 0.1616 0.0556 0.0263 0.0453 0.0200 0.0559 0.0763 0.3946 0.0732 0.0912 
        H067  2 0.1276 0.0516 0.1051 0.0735 0.2118 0.1663 0.0490 0.0592 0.0483 0.1076 
        H068  2 0.0975 0.0322 0.0967 0.0669 0.2817 0.0676 0.1873 0.0452 0.1004 0.0245 
        H069  2 0.0298 0.0293 0.1105 0.0340 0.0340 0.0151 0.1461 0.1577 0.4121 0.0314 
        H071  2 0.0447 0.0683 0.4284 0.0666 0.0855 0.0476 0.0500 0.0336 0.0417 0.1336 
        H072  2 0.0525 0.3076 0.0484 0.0482 0.3261 0.0254 0.0660 0.0402 0.0590 0.0265 
        H073  2 0.0644 0.0438 0.3109 0.1166 0.0273 0.0668 0.1545 0.0786 0.0689 0.0680 
        H081  2 0.0575 0.1789 0.2857 0.0653 0.2112 0.0402 0.0475 0.0212 0.0388 0.0537 
        H082  2 0.0375 0.0399 0.0311 0.0654 0.0261 0.0290 0.0167 0.0873 0.6107 0.0563 
        H083  2 0.0285 0.0562 0.0543 0.0548 0.0218 0.0751 0.0228 0.0291 0.6186 0.0387 
        H084  2 0.2744 0.0262 0.0463 0.1033 0.0680 0.0895 0.1978 0.0705 0.0743 0.0494 
        H085  2 0.0254 0.0670 0.1237 0.0591 0.0840 0.0345 0.0309 0.0182 0.3835 0.1738 
        H087  2 0.1153 0.2099 0.1266 0.0747 0.0873 0.1546 0.0304 0.0302 0.0508 0.1202 
        H088  2 0.0542 0.1339 0.2028 0.0999 0.0667 0.0608 0.0617 0.0421 0.0514 0.2265 
        H089  2 0.0725 0.0411 0.1995 0.0995 0.1332 0.0509 0.0701 0.1116 0.1143 0.1074 
        H090  2 0.0939 0.0255 0.0225 0.0302 0.0217 0.0362 0.0122 0.0223 0.7056 0.0299 
        H091  2 0.0236 0.0291 0.0317 0.0295 0.0397 0.0228 0.0521 0.0147 0.6701 0.0867 
