        D174  1 0.7044 0.1619 0.1338 
        D199  1 0.2647 0.6025 0.1328 
        D203  1 0.2495 0.4241 0.3264 
        D204  1 0.3290 0.5506 0.1204 
     D237366  1 0.2431 0.1651 0.5919 
     D237367  1 0.3769 0.4380 0.1851 
     D237368  1 0.1881 0.3348 0.4771 
     D244101  1 0.0934 0.8344 0.0722 
     D244102  1 0.3124 0.2284 0.4592 
     D244103  1 0.3911 0.3660 0.2429 
     D244104  1 0.3833 0.4912 0.1254 
     D244105  1 0.1002 0.1650 0.7349 
     D244106  1 0.5082 0.2147 0.2770 
     D244107  1 0.0998 0.5106 0.3896 
     D244108  1 0.5745 0.1840 0.2416 
     D244113  1 0.8143 0.0691 0.1166 
     D244114  1 0.2581 0.2865 0.4554 
     D244115  1 0.6378 0.1881 0.1741 
     D267365  1 0.4838 0.3692 0.1471 
        D404  1 0.6333 0.1683 0.1984 
        D405  1 0.5117 0.2321 0.2562 
        D406  1 0.1351 0.0978 0.7671 
        D407  1 0.1403 0.7857 0.0739 
        D408  1 0.6115 0.2917 0.0969 
        D409  1 0.1004 0.6671 0.2325 
        D410  1 0.3763 0.0984 0.5253 
        D421  1 0.1183 0.8354 0.0462 
        D422  1 0.0521 0.0901 0.8578 
        D423  1 0.2442 0.3584 0.3974 
        D424  1 0.2187 0.6546 0.1266 
        D425  1 0.5685 0.3190 0.1125 
        D426  1 0.0658 0.7523 0.1819 
        D427  1 0.1035 0.8329 0.0637 
        D428  1 0.5440 0.2758 0.1802 
        D429  1 0.5424 0.1921 0.2655 
        D430  1 0.3118 0.4234 0.2648 
        D491  1 0.7346 0.1638 0.1016 
        D492  1 0.5998 0.2808 0.1194 
        D537  1 0.4915 0.3553 0.1532 
        D538  1 0.2924 0.2340 0.4737 
        D539  1 0.4550 0.1170 0.4280 
        D540  1 0.3865 0.3735 0.2400 
        D541  1 0.1434 0.7804 0.0762 
        D551  1 0.1158 0.2701 0.6141 
        D552  1 0.3427 0.2190 0.4383 
        D553  1 0.2116 0.7161 0.0723 
        D615  1 0.4233 0.2016 0.3751 
        D616  1 0.1521 0.6604 0.1875 
        D621  1 0.4143 0.0779 0.5078 
        D622  1 0.1936 0.1802 0.6262 
        D623  1 0.4172 0.4415 0.1413 
        D624  1 0.8120 0.1025 0.0855 
        D625  1 0.6136 0.2395 0.1470 
        D626  1 0.7151 0.1229 0.1620 
        D627  1 0.0977 0.7705 0.1318 
        D690  1 0.7005 0.1933 0.1062 
        D691  1 0.1580 0.2563 0.5857 
        D710  1 0.2832 0.5944 0.1224 
        D711  1 0.4519 0.2987 0.2493 
        D712  1 0.6105 0.1865 0.2030 
        D713  1 0.7447 0.1355 0.1199 
        D746  1 0.1553 0.1241 0.7206 
        D747  1 0.2035 0.7175 0.0791 
        D748  1 0.3055 0.3385 0.3560 
        D749  1 0.2030 0.1450 0.6520 
        D750  1 0.7419 0.1487 0.1094 
        D763  1 0.2194 0.4998 0.2808 
        D764  1 0.4881 0.4011 0.1108 
        D765  1 0.2495 0.0719 0.6786 
        D766  1 0.4691 0.1904 0.3405 
        D767  1 0.3796 0.2037 0.4167 
        D768  1 0.1309 0.7772 0.0919 
        D811  1 0.7450 0.1323 0.1227 
        D816  1 0.5200 0.3614 0.1186 
        D825  1 0.6708 0.1285 0.2006 
        D866  1 0.2914 0.4236 0.2849 
        D867  1 0.1414 0.1561 0.7025 
        D871  1 0.2570 0.4978 0.2452 
        D872  1 0.4323 0.1922 0.3755 
        D873  1 0.1905 0.0593 0.7502 
        D874  1 0.6113 0.2869 0.1017 
        D875  1 0.0912 0.4960 0.4128 
        D876  1 0.5401 0.2392 0.2207 
        D877  1 0.8428 0.0776 0.0796 
        D892  1 0.5120 0.2069 0.2811 
        D893  1 0.2807 0.3926 0.3267 
        D894  1 0.2781 0.4067 0.3152 
        D915  1 0.4264 0.3123 0.2613 
        D916  1 0.2686 0.6123 0.1191 
        D917  1 0.5077 0.4134 0.0789 
        D925  1 0.4839 0.1008 0.4153 
        D926  1 0.5859 0.2432 0.1709 
        D927  1 0.2001 0.6035 0.1965 
        D928  1 0.8585 0.0860 0.0555 
        D929  1 0.6423 0.1148 0.2429 
        D936  1 0.3471 0.4776 0.1753 
        D938  1 0.1720 0.0971 0.7310 
        D956  1 0.5383 0.1609 0.3008 
        D957  1 0.2984 0.2506 0.4510 
        D958  1 0.6306 0.1386 0.2308 
        D959  1 0.0934 0.8039 0.1027 
        D960  1 0.1235 0.0731 0.8034 
        D989  1 0.3012 0.5737 0.1251 
        D990  1 0.1459 0.1083 0.7458 
        H102  1 0.7007 0.1514 0.1479 
        H103  1 0.1580 0.5130 0.3290 
        H104  1 0.3850 0.3809 0.2341 
        H105  1 0.6374 0.2470 0.1157 
        H106  1 0.2122 0.1167 0.6711 
        H112  1 0.5033 0.2218 0.2748 
        H113  1 0.1985 0.6341 0.1674 
        H114  1 0.1075 0.7376 0.1549 
        H115  1 0.3595 0.3735 0.2669 
        H143  1 0.4698 0.3645 0.1657 
        H144  1 0.1670 0.6709 0.1622 
        H145  1 0.6056 0.1725 0.2220 
        H149  1 0.3079 0.3099 0.3823 
        H150  1 0.3642 0.1957 0.4400 
     H167542  1 0.5752 0.2269 0.1979 
     H169604  1 0.5060 0.3595 0.1345 
     H169607  1 0.6890 0.1687 0.1423 
     H169608  1 0.7088 0.1278 0.1634 
     H169633  1 0.2724 0.5724 0.1552 
     H169688  1 0.1505 0.2004 0.6491 
     H169714  1 0.1568 0.2336 0.6096 
     H171802  1 0.1828 0.5250 0.2922 
     H171805  1 0.1956 0.1241 0.6803 
     H171807  1 0.5032 0.1808 0.3160 
     H171814  1 0.0782 0.8151 0.1067 
     H171816  1 0.2773 0.2398 0.4829 
     H171817  1 0.6903 0.1245 0.1852 
     H171818  1 0.1685 0.3043 0.5272 
     H171819  1 0.2465 0.5329 0.2206 
     H171834  1 0.1152 0.2531 0.6317 
     H171835  1 0.2521 0.2949 0.4530 
     H171836  1 0.1651 0.5331 0.3018 
     H171837  1 0.5255 0.3641 0.1105 
     H171838  1 0.0906 0.1141 0.7954 
     H171839  1 0.3347 0.4950 0.1703 
     H171841  1 0.6481 0.0695 0.2824 
     H171860  1 0.5422 0.3469 0.1110 
     H171861  1 0.2927 0.3844 0.3229 
     H171862  1 0.2551 0.3382 0.4067 
     H171868  1 0.3513 0.4629 0.1858 
     H171869  1 0.1039 0.3074 0.5887 
     H171870  1 0.1479 0.1385 0.7136 
     H171871  1 0.1461 0.3214 0.5325 
     H171872  1 0.5825 0.2525 0.1650 
     H171873  1 0.1128 0.2739 0.6133 
     H171874  1 0.2070 0.5374 0.2556 
     H171875  1 0.1286 0.7390 0.1324 
     H171876  1 0.2494 0.6466 0.1040 
     H171877  1 0.4870 0.3934 0.1196 
     H171878  1 0.1084 0.2238 0.6678 
     H171901  1 0.7310 0.1015 0.1675 
     H171902  1 0.7370 0.0876 0.1754 
     H171903  1 0.1748 0.6468 0.1784 
     H171935  1 0.1874 0.1051 0.7074 
     H171936  1 0.1480 0.6626 0.1894 
     H171940  1 0.6636 0.1376 0.1987 
     H171945  1 0.2952 0.1709 0.5339 
     H171948  1 0.3297 0.2302 0.4401 
     H171949  1 0.5355 0.1096 0.3549 
     H171950  1 0.5166 0.1193 0.3641 
     H171963  1 0.0953 0.1736 0.7312 
     H171964  1 0.1087 0.3198 0.5715 
     H171966  1 0.1940 0.1850 0.6210 
     H171968  1 0.7533 0.0958 0.1510 
     H171971  1 0.0982 0.1829 0.7189 
     H171972  1 0.1506 0.6554 0.1940 
     H171977  1 0.2068 0.3315 0.4617 
     H171978  1 0.3265 0.1039 0.5696 
     H171979  1 0.2235 0.3677 0.4087 
        H176  1 0.5303 0.3823 0.0875 
        H177  1 0.5249 0.0938 0.3813 
        H179  1 0.4993 0.3920 0.1088 
        H181  1 0.1902 0.1953 0.6145 
        H182  1 0.2493 0.2197 0.5310 
        H183  1 0.2330 0.3029 0.4641 
        H184  1 0.5448 0.1720 0.2832 
        H185  1 0.1553 0.3741 0.4706 
        H186  1 0.1939 0.4988 0.3073 
        H187  1 0.2768 0.2603 0.4629 
        H188  1 0.5191 0.3521 0.1288 
        H192  1 0.2565 0.0939 0.6496 
        H193  1 0.3785 0.1759 0.4455 
        H194  1 0.2780 0.3783 0.3436 
        H195  1 0.1028 0.1696 0.7276 
        H199  1 0.4727 0.1742 0.3532 
        H200  1 0.4127 0.4670 0.1204 
        H414  1 0.3302 0.2988 0.3709 
        H415  1 0.2718 0.5649 0.1633 
        H422  1 0.5137 0.2009 0.2854 
        H423  1 0.6836 0.1274 0.1891 
        H424  1 0.1574 0.3174 0.5253 
        H425  1 0.1213 0.2172 0.6615 
        H426  1 0.1576 0.2138 0.6286 
        H443  1 0.2219 0.5445 0.2336 
        H466  1 0.1590 0.4427 0.3983 
        H467  1 0.1356 0.2090 0.6554 
        H472  1 0.7530 0.1525 0.0945 
        H483  1 0.3622 0.3050 0.3328 
        H504  1 0.2571 0.2761 0.4668 
        H505  1 0.4515 0.2704 0.2781 
        H506  1 0.4207 0.2640 0.3153 
        H507  1 0.2538 0.4036 0.3426 
        H508  1 0.1701 0.2246 0.6053 
        H524  1 0.3101 0.3546 0.3354 
        H525  1 0.3488 0.3864 0.2648 
        H526  1 0.4188 0.4964 0.0848 
        H527  1 0.6090 0.1248 0.2662 
        H528  1 0.2380 0.6731 0.0889 
        H529  1 0.2458 0.4089 0.3453 
        H533  1 0.2339 0.1713 0.5947 
        H538  1 0.6420 0.2244 0.1336 
        H539  1 0.1145 0.1091 0.7763 
        H540  1 0.2951 0.2016 0.5034 
        H541  1 0.4944 0.3203 0.1853 
        H558  1 0.2133 0.1405 0.6463 
        H559  1 0.6002 0.2722 0.1276 
        H579  1 0.3127 0.2047 0.4826 
        H584  1 0.2787 0.2505 0.4708 
        H585  1 0.1419 0.5933 0.2648 
        H605  1 0.4343 0.2155 0.3502 
        H606  1 0.7996 0.1004 0.1000 
        H632  1 0.2795 0.4343 0.2862 
        H634  1 0.3822 0.3094 0.3084 
        H671  1 0.7281 0.1625 0.1094 
        H672  1 0.1568 0.7563 0.0869 
        H673  1 0.3610 0.4203 0.2187 
        H689  1 0.2087 0.5520 0.2393 
        H690  1 0.3850 0.1788 0.4363 
        H691  1 0.2352 0.5954 0.1694 
        H692  1 0.1128 0.7327 0.1546 
        H709  1 0.2752 0.4688 0.2559 
        H710  1 0.1130 0.6539 0.2331 
       H7355  1 0.4863 0.2799 0.2338 
       H7356  1 0.1708 0.1637 0.6655 
       H7357  1 0.6572 0.1305 0.2124 
       H7358  1 0.6440 0.2420 0.1139 
       H7380  1 0.3818 0.4058 0.2124 
       H7381  1 0.4813 0.2172 0.3015 
       H7382  1 0.2895 0.3831 0.3275 
        H904  1 0.6649 0.1907 0.1443 
        H923  1 0.3064 0.4400 0.2536 
        H924  1 0.6163 0.2083 0.1754 
        H925  1 0.3809 0.4840 0.1351 
       H9558  1 0.2493 0.0909 0.6598 
      H105.1  1 0.1280 0.2765 0.5955 
      H115.1  1 0.2131 0.6005 0.1864 
      H145.1  1 0.6939 0.2054 0.1007 
      H149.1  1 0.2548 0.6011 0.1441 
      H150.1  1 0.2406 0.1163 0.6431 
   H169607.1  1 0.6375 0.2115 0.1510 
   H169633.1  1 0.3302 0.5210 0.1488 
   H169688.1  1 0.1626 0.7209 0.1165 
   H171901.1  1 0.1873 0.5278 0.2849 
   H171902.1  1 0.7757 0.0964 0.1279 
   H171903.1  1 0.4666 0.1830 0.3504 
      H177.1  1 0.3785 0.4989 0.1226 
      H179.1  1 0.5269 0.3045 0.1686 
      H180.1  1 0.2678 0.2785 0.4537 
      H181.1  1 0.2218 0.2262 0.5519 
 H194.1_2004  1 0.1908 0.3952 0.4141 
 H195.1_2003  1 0.2555 0.4001 0.3445 
 H195.1_2004  1 0.5779 0.3120 0.1101 
      H415.1  1 0.2393 0.5448 0.2159 
      H506.1  1 0.3546 0.4620 0.1834 
      H533.1  1 0.4634 0.2363 0.3003 
      H535.1  1 0.4280 0.2258 0.3463 
      H539.1  1 0.4144 0.1240 0.4616 
      H540.1  1 0.1317 0.0826 0.7857 
     H9558.1  1 0.3411 0.1660 0.4929 
    kos339.1  1 0.4674 0.3156 0.2170 
        D023  2 0.1058 0.4703 0.4239 
        D130  2 0.1167 0.0906 0.7927 
        D131  2 0.1499 0.7210 0.1291 
        D163  2 0.1216 0.1148 0.7636 
        D164  2 0.1620 0.2236 0.6145 
        D165  2 0.0658 0.4520 0.4822 
        D166  2 0.2252 0.1544 0.6204 
        D167  2 0.0955 0.5659 0.3386 
        D192  2 0.0746 0.4653 0.4601 
        D193  2 0.3930 0.1263 0.4807 
        D206  2 0.2369 0.5492 0.2139 
        D207  2 0.1263 0.5937 0.2799 
        D208  2 0.5739 0.2059 0.2201 
        D209  2 0.1059 0.4451 0.4490 
        D210  2 0.5489 0.2744 0.1767 
     D229599  2 0.2463 0.4725 0.2812 
     D229600  2 0.1065 0.2134 0.6801 
     D237227  2 0.4623 0.2900 0.2476 
     D237228  2 0.4827 0.1617 0.3555 
     D237258  2 0.2609 0.5204 0.2187 
     D237310  2 0.1911 0.0970 0.7119 
     D237311  2 0.1372 0.2733 0.5895 
     D237312  2 0.3557 0.1281 0.5162 
     D237313  2 0.5675 0.1277 0.3048 
     D237322  2 0.4171 0.1671 0.4158 
     D237323  2 0.3168 0.1554 0.5277 
     D237324  2 0.0768 0.3051 0.6181 
     D237325  2 0.3367 0.1542 0.5091 
     D237326  2 0.2941 0.3169 0.3890 
     D237327  2 0.1525 0.4095 0.4380 
     D237337  2 0.4362 0.1066 0.4572 
     D237338  2 0.2697 0.2200 0.5104 
     D237339  2 0.1243 0.6315 0.2442 
     D237340  2 0.2597 0.3332 0.4072 
     D237389  2 0.1442 0.1387 0.7171 
     D237390  2 0.3335 0.2775 0.3889 
     D244017  2 0.2838 0.4635 0.2527 
     D244112  2 0.0800 0.2384 0.6816 
     D244118  2 0.0636 0.1455 0.7909 
     D244119  2 0.4900 0.3789 0.1311 
     D244120  2 0.1361 0.2387 0.6253 
     D244122  2 0.2455 0.3012 0.4533 
        D291  2 0.1932 0.5515 0.2553 
        D292  2 0.2773 0.5128 0.2099 
        D293  2 0.0458 0.9110 0.0432 
        D322  2 0.0741 0.7845 0.1415 
        D323  2 0.2717 0.5792 0.1491 
        D324  2 0.1991 0.6661 0.1348 
        D325  2 0.0412 0.9041 0.0546 
        D326  2 0.1636 0.7759 0.0605 
        D340  2 0.0776 0.8434 0.0790 
        D341  2 0.2018 0.4136 0.3846 
        D342  2 0.0997 0.1053 0.7949 
        D343  2 0.0347 0.9221 0.0432 
        D344  2 0.2751 0.3587 0.3662 
        D345  2 0.2834 0.2445 0.4721 
        D346  2 0.5366 0.3702 0.0932 
        D351  2 0.1464 0.7255 0.1281 
        D352  2 0.2738 0.5386 0.1876 
        D353  2 0.1573 0.7326 0.1101 
        D354  2 0.5055 0.1938 0.3007 
        D362  2 0.4008 0.4619 0.1373 
        D363  2 0.3207 0.5792 0.1001 
        D364  2 0.3495 0.3361 0.3144 
        D365  2 0.0440 0.9150 0.0409 
        D369  2 0.1428 0.7897 0.0675 
        D374  2 0.7814 0.0701 0.1486 
        D375  2 0.2313 0.3369 0.4318 
        D376  2 0.6111 0.0973 0.2915 
        D377  2 0.4934 0.2035 0.3031 
        D378  2 0.0974 0.7803 0.1223 
        D379  2 0.4221 0.4069 0.1709 
        D384  2 0.4778 0.4451 0.0771 
        D385  2 0.1095 0.7842 0.1062 
        D386  2 0.2629 0.4852 0.2518 
        D391  2 0.0837 0.8455 0.0708 
        D392  2 0.0878 0.7815 0.1307 
        D393  2 0.1622 0.6724 0.1655 
        D394  2 0.1624 0.3544 0.4831 
        D395  2 0.0781 0.8045 0.1174 
        D401  2 0.2515 0.2376 0.5109 
        D402  2 0.1062 0.6871 0.2068 
        D403  2 0.3855 0.1839 0.4306 
        D415  2 0.1216 0.7399 0.1386 
        D435  2 0.1235 0.7319 0.1446 
        D436  2 0.4673 0.3511 0.1817 
        D438  2 0.0951 0.7932 0.1117 
        D439  2 0.0956 0.5657 0.3387 
        D449  2 0.0901 0.6340 0.2759 
        D450  2 0.6661 0.1415 0.1924 
        D456  2 0.2103 0.6936 0.0961 
        D462  2 0.0562 0.8781 0.0656 
        D463  2 0.3516 0.5726 0.0758 
        D464  2 0.2460 0.6084 0.1456 
        D465  2 0.0900 0.8159 0.0940 
        D473  2 0.7265 0.1126 0.1609 
        D474  2 0.2105 0.6643 0.1252 
        D476  2 0.0700 0.3595 0.5705 
        D477  2 0.4373 0.3977 0.1650 
        D478  2 0.2335 0.4656 0.3009 
        D480  2 0.3352 0.5087 0.1561 
        D481  2 0.1884 0.5878 0.2237 
        D482  2 0.3805 0.2115 0.4080 
        D483  2 0.0976 0.6474 0.2549 
        D484  2 0.2817 0.3883 0.3300 
        D510  2 0.7685 0.1085 0.1231 
        D511  2 0.1515 0.7129 0.1357 
        D512  2 0.1023 0.4708 0.4269 
        D513  2 0.2384 0.6535 0.1081 
        D635  2 0.1133 0.7668 0.1199 
        D636  2 0.1230 0.1232 0.7538 
        D637  2 0.3873 0.3886 0.2240 
        D658  2 0.2436 0.3436 0.4128 
        D659  2 0.2877 0.5221 0.1902 
        D677  2 0.2700 0.3691 0.3609 
        D678  2 0.1051 0.2548 0.6401 
        D679  2 0.3290 0.5300 0.1410 
        D719  2 0.3511 0.5831 0.0658 
        D720  2 0.5103 0.3840 0.1057 
        D721  2 0.1391 0.3489 0.5119 
        D722  2 0.6385 0.1692 0.1923 
        D734  2 0.3700 0.4909 0.1391 
        D735  2 0.3402 0.3742 0.2856 
        D736  2 0.4043 0.4271 0.1686 
        D737  2 0.1198 0.2684 0.6118 
        D807  2 0.5058 0.3567 0.1375 
        D808  2 0.0987 0.4717 0.4296 
        D817  2 0.4332 0.4210 0.1458 
        D818  2 0.1010 0.7504 0.1486 
        D819  2 0.1296 0.7527 0.1177 
        D820  2 0.1800 0.7251 0.0949 
        D895  2 0.3352 0.3945 0.2703 
        D896  2 0.3237 0.1236 0.5527 
        D897  2 0.1226 0.1556 0.7218 
        D898  2 0.2207 0.2315 0.5478 
        D918  2 0.4143 0.3138 0.2719 
        D919  2 0.1046 0.7219 0.1735 
        D920  2 0.0908 0.0588 0.8504 
        D923  2 0.2503 0.6336 0.1162 
        D930  2 0.7475 0.1169 0.1356 
        D931  2 0.1883 0.6757 0.1360 
        D968  2 0.0589 0.8574 0.0837 
        D969  2 0.1439 0.7020 0.1540 
        D977  2 0.1093 0.7546 0.1361 
        D978  2 0.2739 0.2947 0.4314 
        H008  2 0.3650 0.5051 0.1299 
        H021  2 0.1585 0.3297 0.5118 
        H023  2 0.7303 0.1022 0.1675 
        H024  2 0.1138 0.5050 0.3812 
        H025  2 0.4110 0.3058 0.2832 
        H026  2 0.0647 0.8554 0.0799 
        H027  2 0.2353 0.5693 0.1954 
        H028  2 0.3610 0.2022 0.4367 
        H029  2 0.1013 0.8011 0.0976 
        H030  2 0.0816 0.5678 0.3506 
        H038  2 0.1749 0.1402 0.6848 
        H039  2 0.8467 0.0601 0.0931 
        H040  2 0.1706 0.1340 0.6954 
        H041  2 0.1870 0.7206 0.0924 
        H042  2 0.6416 0.1553 0.2031 
        H043  2 0.1706 0.0824 0.7470 
        H044  2 0.2384 0.2614 0.5002 
        H047  2 0.4076 0.1173 0.4752 
        H050  2 0.1404 0.6343 0.2253 
        H058  2 0.1228 0.1703 0.7069 
        H062  2 0.7338 0.0773 0.1889 
        H063  2 0.2586 0.4769 0.2645 
        H065  2 0.4329 0.4717 0.0954 
        H066  2 0.1051 0.1951 0.6998 
        H067  2 0.4715 0.2364 0.2921 
        H068  2 0.6014 0.1605 0.2380 
        H069  2 0.2741 0.3828 0.3432 
        H071  2 0.5303 0.3297 0.1400 
        H072  2 0.7459 0.1311 0.1230 
        H073  2 0.1861 0.4004 0.4136 
        H081  2 0.6737 0.2298 0.0965 
        H082  2 0.1107 0.5957 0.2937 
        H083  2 0.1008 0.6899 0.2093 
        H084  2 0.2425 0.2727 0.4848 
        H085  2 0.2590 0.6612 0.0798 
        H087  2 0.4725 0.3641 0.1634 
        H088  2 0.4468 0.3877 0.1655 
        H089  2 0.4244 0.3859 0.1897 
        H090  2 0.0596 0.8786 0.0618 
        H091  2 0.1235 0.7903 0.0862 
        H098  2 0.2380 0.3734 0.3886 
      H10001  2 0.8035 0.0627 0.1338 
      H10002  2 0.5458 0.1908 0.2634 
        H101  2 0.1102 0.6534 0.2364 
        H108  2 0.8555 0.0686 0.0759 
        H109  2 0.1933 0.3928 0.4139 
        H110  2 0.2914 0.5698 0.1388 
        H116  2 0.1663 0.4888 0.3450 
        H117  2 0.0942 0.8056 0.1002 
        H118  2 0.0934 0.8475 0.0592 
        H119  2 0.2876 0.5891 0.1233 
        H120  2 0.8469 0.0844 0.0687 
        H121  2 0.0927 0.8509 0.0564 
        H125  2 0.6893 0.1046 0.2062 
        H126  2 0.4874 0.1718 0.3408 
        H128  2 0.0338 0.9215 0.0447 
        H129  2 0.1035 0.3179 0.5787 
        H130  2 0.7600 0.0515 0.1886 
        H133  2 0.6022 0.1485 0.2494 
        H134  2 0.1239 0.7465 0.1296 
        H135  2 0.3914 0.4775 0.1311 
        H137  2 0.1325 0.4523 0.4152 
        H138  2 0.1740 0.5085 0.3175 
        H140  2 0.2245 0.6439 0.1316 
        H146  2 0.0695 0.8754 0.0551 
        H147  2 0.1290 0.6954 0.1757 
        H148  2 0.1779 0.5743 0.2478 
     H166022  2 0.2760 0.3856 0.3383 
     H167359  2 0.3911 0.3022 0.3068 
     H167397  2 0.0897 0.6623 0.2480 
     H167428  2 0.0859 0.8579 0.0561 
     H167496  2 0.5239 0.2869 0.1893 
     H167513  2 0.0917 0.0690 0.8393 
     H167545  2 0.2518 0.1071 0.6411 
     H167547  2 0.0775 0.5767 0.3458 
     H169621  2 0.0917 0.4134 0.4949 
     H169622  2 0.4900 0.2264 0.2835 
     H169750  2 0.2521 0.4777 0.2702 
     H171806  2 0.2035 0.7224 0.0741 
     H171808  2 0.6353 0.2488 0.1160 
     H171809  2 0.6664 0.1956 0.1380 
     H171813  2 0.1391 0.1632 0.6977 
     H171815  2 0.2029 0.1053 0.6918 
     H171824  2 0.5161 0.3668 0.1170 
     H171825  2 0.6923 0.1242 0.1835 
     H171826  2 0.2629 0.5529 0.1842 
     H171827  2 0.1308 0.3733 0.4959 
     H171828  2 0.7555 0.1135 0.1310 
     H171829  2 0.3501 0.1036 0.5463 
     H171830  2 0.3837 0.3858 0.2306 
     H171831  2 0.2223 0.3986 0.3792 
     H171832  2 0.3542 0.2201 0.4257 
     H171863  2 0.1121 0.5957 0.2922 
     H171864  2 0.4037 0.4014 0.1949 
     H171865  2 0.3859 0.3559 0.2582 
     H171879  2 0.0819 0.8208 0.0973 
     H171880  2 0.0974 0.6525 0.2501 
     H171881  2 0.1939 0.2835 0.5225 
     H171882  2 0.8066 0.0779 0.1155 
     H171929  2 0.3388 0.4974 0.1637 
     H171930  2 0.1826 0.1640 0.6533 
     H171933  2 0.2221 0.3048 0.4731 
     H171934  2 0.5741 0.1514 0.2745 
     H171937  2 0.3135 0.1799 0.5065 
     H171962  2 0.3152 0.3347 0.3502 
        H190  2 0.1323 0.3058 0.5620 
        H191  2 0.2934 0.2344 0.4722 
        H396  2 0.4726 0.4021 0.1253 
        H397  2 0.4980 0.2401 0.2619 
        H398  2 0.5210 0.2991 0.1799 
        H400  2 0.6737 0.1739 0.1525 
        H401  2 0.0800 0.4627 0.4574 
        H402  2 0.1034 0.3185 0.5781 
        H427  2 0.2754 0.5343 0.1903 
        H428  2 0.0850 0.8632 0.0518 
        H497  2 0.1527 0.1287 0.7186 
        H512  2 0.1070 0.5411 0.3519 
        H513  2 0.0938 0.0690 0.8372 
        H514  2 0.1167 0.5979 0.2854 
        H519  2 0.1221 0.1024 0.7755 
        H532  2 0.1697 0.7319 0.0984 
        H543  2 0.1102 0.6787 0.2111 
        H544  2 0.6591 0.2219 0.1191 
        H545  2 0.2535 0.0833 0.6632 
        H546  2 0.4613 0.0953 0.4434 
        H547  2 0.0757 0.5571 0.3672 
        H548  2 0.6338 0.2382 0.1280 
        H549  2 0.0827 0.0584 0.8589 
        H620  2 0.7633 0.0921 0.1445 
        H623  2 0.1257 0.1086 0.7657 
        H624  2 0.3214 0.0999 0.5787 
        H625  2 0.5880 0.2288 0.1833 
        H626  2 0.3055 0.2778 0.4168 
        H654  2 0.2981 0.0601 0.6418 
        H655  2 0.5129 0.1530 0.3341 
        H656  2 0.8623 0.0600 0.0776 
        H666  2 0.5236 0.3240 0.1524 
        H667  2 0.1732 0.3300 0.4968 
        H677  2 0.3637 0.4639 0.1724 
        H693  2 0.7281 0.1375 0.1344 
        H694  2 0.3169 0.2388 0.4442 
        H701  2 0.1704 0.4781 0.3514 
        H702  2 0.5053 0.2176 0.2771 
        H731  2 0.4383 0.3875 0.1741 
       H7359  2 0.4018 0.3346 0.2637 
       H7389  2 0.1192 0.7425 0.1383 
       H7390  2 0.2931 0.1614 0.5455 
       H7391  2 0.3180 0.5554 0.1266 
       H7392  2 0.2039 0.4577 0.3384 
       H7393  2 0.2090 0.1098 0.6812 
       H7398  2 0.2288 0.6636 0.1076 
       H7399  2 0.1169 0.6300 0.2532 
       H7400  2 0.7604 0.0557 0.1838 
        H745  2 0.0992 0.5750 0.3257 
        H746  2 0.1295 0.4288 0.4417 
        H747  2 0.5396 0.1198 0.3406 
        H748  2 0.2365 0.4367 0.3267 
       H7484  2 0.7436 0.0744 0.1821 
       H7485  2 0.0888 0.1874 0.7238 
        H749  2 0.3251 0.2213 0.4536 
        H930  2 0.1458 0.2553 0.5990 
        H931  2 0.3943 0.5304 0.0753 
        H932  2 0.2043 0.6944 0.1013 
      H008.1  2 0.4597 0.4605 0.0799 
 H029.1_2002  2 0.1774 0.4845 0.3382 
 H029.1_2003  2 0.1283 0.7774 0.0942 
      H030.1  2 0.2310 0.3226 0.4463 
      H038.1  2 0.5994 0.2572 0.1434 
      H041.1  2 0.0501 0.8985 0.0515 
 H042.1_2002  2 0.1018 0.8091 0.0890 
 H042.1_2003  2 0.3144 0.3780 0.3076 
   H042_2002  2 0.6621 0.1443 0.1936 
   H042_2003  2 0.6635 0.1441 0.1924 
      H043.1  2 0.1180 0.0808 0.8011 
      H047.1  2 0.4408 0.0954 0.4639 
 H071.1_2002  2 0.3843 0.2647 0.3510 
 H071.1_2003  2 0.4746 0.3048 0.2206 
 H081.1_2002  2 0.3812 0.3784 0.2404 
 H081.1_2003  2 0.2740 0.3120 0.4140 
      H083.1  2 0.1063 0.4379 0.4558 
      H084.1  2 0.0772 0.0961 0.8267 
 H085.1_2002  2 0.3419 0.5316 0.1265 
 H085.1_2003  2 0.0911 0.8508 0.0581 
      H088.1  2 0.0728 0.8547 0.0726 
      H091.1  2 0.0367 0.9120 0.0513 
      H109.1  2 0.1196 0.1923 0.6881 
      H126.1  2 0.5281 0.1497 0.3222 
      H130.1  2 0.7606 0.1196 0.1198 
      H133.1  2 0.3741 0.3673 0.2587 
      H147.1  2 0.1678 0.5680 0.2642 
      H148.1  2 0.5095 0.2422 0.2483 
   H166022.1  2 0.0661 0.8337 0.1002 
   H167397.1  2 0.0863 0.3592 0.5546 
   H167496.1  2 0.3158 0.4678 0.2165 
   H167513.1  2 0.2930 0.1550 0.5520 
   H167547.1  2 0.2505 0.2914 0.4581 
   H169750.1  2 0.3605 0.3678 0.2717 
   H171929.1  2 0.1764 0.4816 0.3419 
   H171930.1  2 0.2080 0.1535 0.6386 
   H171933.1  2 0.2520 0.6154 0.1326 
      H190.1  2 0.2931 0.1588 0.5481 
      H400.1  2 0.0960 0.7938 0.1102 
 H428.1_2005  2 0.1608 0.7084 0.1308 
 H428.1_2006  2 0.0892 0.8090 0.1018 
      H453.1  2 0.1436 0.6868 0.1697 
      H512.1  2 0.1257 0.4139 0.4604 
      H513.1  2 0.0946 0.4102 0.4953 
      H532.1  2 0.4041 0.3170 0.2789 
      H543.1  2 0.0937 0.7181 0.1882 
 H545.1_2005  2 0.1423 0.0871 0.7706 
 H545.1_2006  2 0.0970 0.7029 0.2002 
      H547.1  2 0.0802 0.7446 0.1752 
      H548.1  2 0.2580 0.2539 0.4880 
     H7389.1  2 0.2089 0.7038 0.0873 
      H747.1  2 0.4191 0.1811 0.3998 
     H7484.1  2 0.5954 0.2233 0.1813 
     H7485.1  2 0.1155 0.7387 0.1458 
     H7496.1  2 0.2937 0.3370 0.3693 
        D211  3 0.3584 0.1651 0.4764 
     D229639  3 0.3517 0.4426 0.2057 
     D237212  3 0.2858 0.4808 0.2335 
     D237213  3 0.2756 0.2586 0.4658 
     D237214  3 0.1576 0.3362 0.5061 
     D237215  3 0.3231 0.2451 0.4318 
     D237216  3 0.1815 0.2900 0.5285 
     D237217  3 0.1314 0.2269 0.6417 
     D237218  3 0.2803 0.2396 0.4801 
     D237219  3 0.4872 0.1053 0.4075 
     D237382  3 0.4846 0.1553 0.3601 
     D244127  3 0.1165 0.1740 0.7095 
     D244129  3 0.3074 0.4478 0.2448 
     D244133  3 0.5388 0.2870 0.1741 
     D244134  3 0.5302 0.2136 0.2562 
     D244135  3 0.1850 0.2612 0.5538 
     D244136  3 0.4877 0.4089 0.1034 
        D416  3 0.1149 0.3778 0.5073 
        D417  3 0.3355 0.2887 0.3758 
        D419  3 0.3533 0.3182 0.3285 
        D565  3 0.8274 0.1152 0.0574 
        D566  3 0.3219 0.5537 0.1244 
        D567  3 0.4063 0.3984 0.1953 
        D568  3 0.1464 0.4043 0.4493 
        D569  3 0.1881 0.3965 0.4154 
        D573  3 0.0723 0.8617 0.0661 
        D574  3 0.4541 0.2952 0.2507 
        D575  3 0.7243 0.1398 0.1359 
        D576  3 0.1671 0.3396 0.4933 
        D577  3 0.6372 0.1563 0.2065 
        D578  3 0.0615 0.2106 0.7279 
        D579  3 0.5578 0.2435 0.1987 
        D660  3 0.1442 0.3401 0.5157 
        D661  3 0.0872 0.1774 0.7355 
        D663  3 0.1210 0.7543 0.1248 
        D664  3 0.3934 0.1456 0.4611 
        D665  3 0.1205 0.1887 0.6908 
        D666  3 0.5787 0.1683 0.2530 
        H111  3 0.1705 0.1619 0.6676 
        H951  3 0.1758 0.5568 0.2674 
        H952  3 0.2629 0.5271 0.2100 
        H953  3 0.2246 0.6733 0.1021 
        H954  3 0.4917 0.1794 0.3289 
        H955  3 0.2161 0.4963 0.2876 
        H956  3 0.1416 0.7291 0.1292 
       H9563  3 0.3459 0.3899 0.2642 
        D009  4 0.1612 0.1030 0.7358 
        D057  4 0.1336 0.2448 0.6216 
        D109  4 0.5669 0.1330 0.3000 
     D237222  4 0.2005 0.0987 0.7007 
     D237223  4 0.2750 0.1779 0.5471 
     D237224  4 0.1456 0.6707 0.1837 
     D237225  4 0.2101 0.1194 0.6704 
     D237299  4 0.1397 0.1563 0.7040 
     D237300  4 0.1800 0.4770 0.3430 
     D237306  4 0.5763 0.1916 0.2321 
     D237307  4 0.6305 0.2330 0.1365 
     D237308  4 0.4246 0.2807 0.2948 
     D237309  4 0.1642 0.1723 0.6635 
     D237317  4 0.7168 0.1289 0.1543 
     D237318  4 0.0635 0.8500 0.0865 
     D237319  4 0.2573 0.2489 0.4938 
     D237320  4 0.1516 0.4260 0.4223 
     D237321  4 0.1704 0.5226 0.3070 
     D237397  4 0.3930 0.2077 0.3993 
     D237398  4 0.0860 0.7228 0.1913 
     D237399  4 0.3879 0.2778 0.3343 
     D244001  4 0.1369 0.1037 0.7594 
        D289  4 0.3552 0.4618 0.1830 
        D290  4 0.3086 0.1927 0.4987 
        D294  4 0.2876 0.1784 0.5340 
        D295  4 0.5321 0.1672 0.3007 
        D301  4 0.1229 0.0702 0.8069 
        D302  4 0.3618 0.4010 0.2372 
        D303  4 0.7302 0.1242 0.1456 
        D304  4 0.5322 0.1769 0.2909 
        D305  4 0.1121 0.2363 0.6517 
        D306  4 0.4769 0.1542 0.3688 
        D307  4 0.1842 0.0699 0.7459 
        D327  4 0.4349 0.4684 0.0966 
        D328  4 0.6795 0.1420 0.1785 
        D329  4 0.1663 0.1582 0.6755 
        D330  4 0.1312 0.4664 0.4024 
        D331  4 0.4773 0.2024 0.3203 
        D333  4 0.5435 0.1124 0.3441 
        D334  4 0.7097 0.1326 0.1577 
        D335  4 0.4060 0.4389 0.1551 
        D370  4 0.5418 0.1259 0.3322 
        D371  4 0.7057 0.2198 0.0745 
        D372  4 0.1997 0.1313 0.6690 
        D373  4 0.1071 0.1865 0.7064 
        D455  4 0.1137 0.1071 0.7791 
        D490  4 0.1219 0.0757 0.8024 
        D497  4 0.0996 0.0776 0.8229 
        D498  4 0.4203 0.1992 0.3805 
        D499  4 0.1500 0.6457 0.2043 
        D514  4 0.3054 0.4065 0.2881 
        D515  4 0.1964 0.1530 0.6506 
        D516  4 0.4324 0.3183 0.2494 
        D517  4 0.0829 0.1185 0.7986 
        D518  4 0.3320 0.1478 0.5202 
        D519  4 0.1175 0.2694 0.6131 
        D560  4 0.1403 0.1348 0.7248 
        D561  4 0.0680 0.7347 0.1973 
        D562  4 0.2263 0.3205 0.4532 
        D563  4 0.0599 0.7866 0.1535 
        D572  4 0.3129 0.3852 0.3019 
        D629  4 0.3080 0.5123 0.1797 
        D630  4 0.3428 0.2343 0.4229 
        D631  4 0.1795 0.3223 0.4982 
        D632  4 0.1655 0.2443 0.5903 
        D646  4 0.1211 0.2547 0.6243 
        D647  4 0.1265 0.4348 0.4388 
        D648  4 0.7149 0.0978 0.1872 
        D649  4 0.3739 0.3378 0.2883 
        D650  4 0.6026 0.1874 0.2100 
        D708  4 0.5522 0.1381 0.3097 
        D709  4 0.6092 0.1012 0.2897 
        D738  4 0.5995 0.1894 0.2111 
        D739  4 0.1628 0.1603 0.6769 
        D740  4 0.2571 0.1148 0.6280 
        D741  4 0.0941 0.7659 0.1400 
        D742  4 0.1762 0.6359 0.1879 
        D743  4 0.2590 0.6206 0.1203 
        D744  4 0.1637 0.6601 0.1762 
        D745  4 0.1482 0.1901 0.6617 
        D814  4 0.1297 0.1920 0.6783 
        D815  4 0.6391 0.1759 0.1850 
        D828  4 0.3892 0.0898 0.5210 
        D845  4 0.1771 0.7281 0.0948 
        D846  4 0.1199 0.5153 0.3648 
        D847  4 0.2885 0.3418 0.3697 
        D848  4 0.0748 0.2737 0.6515 
        D849  4 0.1154 0.0929 0.7918 
        D850  4 0.2018 0.6854 0.1128 
        D856  4 0.2101 0.3337 0.4562 
        D857  4 0.2248 0.0590 0.7162 
        D859  4 0.2711 0.3696 0.3592 
        D860  4 0.3817 0.4884 0.1299 
        D883  4 0.5171 0.2369 0.2461 
        D884  4 0.5235 0.1525 0.3240 
        D885  4 0.1464 0.5296 0.3240 
        D886  4 0.2963 0.1741 0.5296 
        D887  4 0.2994 0.3581 0.3425 
        D889  4 0.3461 0.2000 0.4539 
        D890  4 0.5873 0.1957 0.2170 
        D891  4 0.0435 0.8902 0.0663 
        D899  4 0.2234 0.6182 0.1584 
        D900  4 0.2310 0.4915 0.2774 
        D970  4 0.2654 0.3856 0.3491 
        D971  4 0.2705 0.5555 0.1740 
        D979  4 0.3921 0.4979 0.1100 
        H002  4 0.3722 0.1188 0.5090 
        H003  4 0.1892 0.3937 0.4171 
        H009  4 0.1594 0.1134 0.7271 
        H010  4 0.3430 0.2978 0.3592 
        H011  4 0.6035 0.1109 0.2856 
        H012  4 0.3046 0.3552 0.3402 
        H013  4 0.3378 0.4408 0.2214 
        H014  4 0.2554 0.2946 0.4500 
        H045  4 0.3818 0.3813 0.2369 
        H046  4 0.1998 0.4881 0.3121 
        H051  4 0.6378 0.1891 0.1731 
        H052  4 0.7535 0.0809 0.1657 
        H053  4 0.2277 0.5386 0.2337 
        H056  4 0.6082 0.0666 0.3252 
        H076  4 0.0766 0.8075 0.1159 
        H151  4 0.3370 0.3463 0.3167 
        H152  4 0.7606 0.1322 0.1072 
     H171803  4 0.1526 0.1130 0.7343 
     H171804  4 0.4745 0.1295 0.3960 
     H171833  4 0.0987 0.1244 0.7768 
     H171855  4 0.2955 0.1276 0.5769 
     H171856  4 0.1567 0.1555 0.6878 
     H171857  4 0.3611 0.3167 0.3222 
     H171858  4 0.5890 0.3080 0.1030 
     H171859  4 0.5468 0.2971 0.1561 
     H171961  4 0.3566 0.3723 0.2711 
        H198  4 0.1378 0.5807 0.2816 
      H20001  4 0.0688 0.0634 0.8677 
        H403  4 0.1463 0.2560 0.5977 
        H404  4 0.3044 0.4750 0.2206 
        H405  4 0.2644 0.4167 0.3188 
        H406  4 0.1144 0.3697 0.5159 
        H407  4 0.3288 0.2890 0.3822 
        H410  4 0.0699 0.8455 0.0846 
        H411  4 0.0829 0.1161 0.8010 
        H468  4 0.1150 0.1369 0.7481 
        H476  4 0.4764 0.2151 0.3085 
        H477  4 0.3019 0.0652 0.6328 
        H478  4 0.1626 0.0952 0.7423 
        H479  4 0.6505 0.2440 0.1055 
        H480  4 0.2153 0.3470 0.4377 
        H498  4 0.1342 0.2395 0.6263 
        H499  4 0.4422 0.1243 0.4335 
        H500  4 0.4206 0.2160 0.3633 
        H515  4 0.2652 0.1698 0.5650 
        H516  4 0.1145 0.2788 0.6068 
        H517  4 0.1779 0.7358 0.0863 
        H518  4 0.7105 0.0758 0.2137 
        H520  4 0.3922 0.1463 0.4615 
        H521  4 0.2363 0.4499 0.3138 
        H522  4 0.1242 0.1243 0.7514 
        H523  4 0.3609 0.3638 0.2753 
        H536  4 0.4814 0.2361 0.2825 
        H645  4 0.7169 0.2019 0.0812 
        H646  4 0.0856 0.7802 0.1342 
        H647  4 0.2620 0.3062 0.4317 
        H657  4 0.1863 0.6371 0.1766 
        H658  4 0.4924 0.3270 0.1806 
        H659  4 0.2060 0.0984 0.6956 
        H660  4 0.4528 0.1363 0.4109 
        H661  4 0.0995 0.0895 0.8110 
        H668  4 0.4164 0.3150 0.2686 
        H669  4 0.1355 0.7214 0.1431 
        H670  4 0.7197 0.1954 0.0849 
        H678  4 0.1093 0.3468 0.5439 
        H679  4 0.1417 0.7159 0.1424 
        H680  4 0.1655 0.2576 0.5769 
        H681  4 0.7572 0.1427 0.1001 
        H682  4 0.1511 0.5408 0.3082 
        H683  4 0.2416 0.3729 0.3855 
        H718  4 0.5553 0.2570 0.1877 
        H719  4 0.3388 0.2946 0.3666 
        H720  4 0.3302 0.0543 0.6155 
        H721  4 0.1716 0.0512 0.7771 
        H722  4 0.1728 0.2460 0.5812 
        H723  4 0.3865 0.4053 0.2082 
        H724  4 0.7153 0.1084 0.1763 
        H725  4 0.4329 0.0867 0.4804 
        H726  4 0.2658 0.3531 0.3811 
        H727  4 0.4111 0.3423 0.2466 
        H910  4 0.5959 0.1643 0.2399 
        H911  4 0.1045 0.7528 0.1427 
        H912  4 0.1552 0.3738 0.4710 
        H913  4 0.3147 0.3869 0.2984 
        H914  4 0.6293 0.1958 0.1749 
        H915  4 0.2682 0.3284 0.4034 
        H916  4 0.1415 0.1180 0.7405 
       H9572  4 0.0721 0.0706 0.8573 
      H009.1  4 0.7080 0.1466 0.1453 
      H046.4  4 0.3143 0.3553 0.3304 
 H076.1_2002  4 0.0458 0.8603 0.0939 
 H076.1_2003  4 0.0447 0.8877 0.0677 
 H076.1_2004  4 0.0617 0.8334 0.1049 
      H477.1  4 0.1194 0.0753 0.8053 
 H479.1_2005  4 0.4987 0.3195 0.1818 
 H479.1_2006  4 0.2567 0.2250 0.5183 
      H516.1  4 0.1931 0.4196 0.3873 
      H646.1  4 0.1837 0.4174 0.3989 
      H658.1  4 0.3120 0.1621 0.5258 
      H682.1  4 0.3500 0.4876 0.1624 
      H720.1  4 0.1875 0.3728 0.4397 
      H724.1  4 0.2653 0.4364 0.2983 
      H725.1  4 0.6847 0.0842 0.2311 
      H726.1  4 0.2361 0.1421 0.6219 
        UNK1  4 0.6486 0.1887 0.1627 
        D093  5 0.7683 0.0985 0.1333 
        D154  5 0.3331 0.4281 0.2388 
        D168  5 0.1935 0.4484 0.3581 
        D189  5 0.5883 0.2529 0.1588 
        D190  5 0.7766 0.1158 0.1076 
     D237220  5 0.2765 0.1560 0.5675 
     D237221  5 0.6364 0.1928 0.1708 
     D237274  5 0.2611 0.4848 0.2541 
     D237275  5 0.1300 0.3944 0.4755 
     D237276  5 0.6321 0.0841 0.2837 
     D237277  5 0.7891 0.1104 0.1005 
     D237278  5 0.2014 0.3935 0.4051 
     D237279  5 0.1875 0.3449 0.4676 
     D237280  5 0.5518 0.0782 0.3700 
     D237281  5 0.0733 0.8372 0.0895 
     D237351  5 0.6317 0.0608 0.3075 
     D237352  5 0.3408 0.3275 0.3318 
     D237353  5 0.8268 0.0875 0.0857 
     D237359  5 0.2557 0.1989 0.5454 
     D237361  5 0.8649 0.0708 0.0643 
     D237362  5 0.5758 0.2920 0.1322 
     D237363  5 0.1596 0.5423 0.2981 
     D237364  5 0.1185 0.2812 0.6003 
     D237376  5 0.6326 0.1611 0.2063 
     D237377  5 0.4148 0.4638 0.1214 
     D237378  5 0.6674 0.1341 0.1985 
     D237379  5 0.4401 0.3141 0.2459 
     D237380  5 0.4222 0.0453 0.5325 
     D237381  5 0.2730 0.0975 0.6294 
     D237391  5 0.7972 0.1027 0.1001 
     D237392  5 0.1513 0.7065 0.1422 
     D237393  5 0.5195 0.2696 0.2109 
     D237394  5 0.8416 0.0932 0.0652 
     D237395  5 0.4856 0.1008 0.4136 
     D237396  5 0.1639 0.7431 0.0929 
     D244016  5 0.4938 0.3429 0.1633 
     D244018  5 0.2290 0.6231 0.1479 
     D244019  5 0.4440 0.3939 0.1621 
        D279  5 0.3266 0.1628 0.5106 
        D280  5 0.4139 0.2993 0.2869 
        D281  5 0.1989 0.6331 0.1680 
        D283  5 0.6014 0.3031 0.0956 
        D284  5 0.2355 0.3147 0.4498 
        D285  5 0.7273 0.1095 0.1632 
        D286  5 0.6117 0.1276 0.2607 
        D287  5 0.6386 0.0919 0.2695 
        D288  5 0.2834 0.5540 0.1626 
        D308  5 0.4958 0.0862 0.4180 
        D309  5 0.1743 0.5153 0.3104 
        D310  5 0.7796 0.0937 0.1267 
        D311  5 0.7481 0.1348 0.1171 
        D312  5 0.7428 0.1253 0.1320 
        D313  5 0.1757 0.0481 0.7762 
        D314  5 0.3951 0.1192 0.4857 
        D315  5 0.2594 0.4979 0.2427 
        D317  5 0.8067 0.1106 0.0827 
        D318  5 0.1949 0.6333 0.1718 
        D319  5 0.7667 0.0910 0.1423 
        D320  5 0.7845 0.0961 0.1194 
        D321  5 0.4378 0.1922 0.3700 
        D336  5 0.8596 0.0678 0.0726 
        D337  5 0.8014 0.1407 0.0579 
        D338  5 0.5402 0.1560 0.3037 
        D339  5 0.7108 0.0879 0.2012 
        D347  5 0.3546 0.2569 0.3885 
        D348  5 0.6976 0.1791 0.1232 
        D349  5 0.5403 0.0556 0.4042 
        D350  5 0.2438 0.2901 0.4661 
        D355  5 0.1540 0.6768 0.1693 
        D356  5 0.5419 0.2476 0.2105 
        D357  5 0.3257 0.1555 0.5188 
        D358  5 0.4095 0.4255 0.1650 
        D359  5 0.7174 0.1850 0.0977 
        D360  5 0.6582 0.1840 0.1577 
        D361  5 0.3878 0.0727 0.5395 
        D366  5 0.0999 0.8340 0.0661 
        D367  5 0.5993 0.1176 0.2831 
        D368  5 0.6798 0.1023 0.2179 
        D380  5 0.1685 0.6768 0.1547 
        D381  5 0.6682 0.1853 0.1464 
        D400  5 0.6351 0.1383 0.2265 
        D411  5 0.0711 0.1655 0.7634 
        D412  5 0.2167 0.1839 0.5995 
        D413  5 0.1035 0.6727 0.2238 
        D414  5 0.2450 0.3202 0.4348 
        D420  5 0.1524 0.5929 0.2547 
        D431  5 0.2914 0.1661 0.5425 
        D432  5 0.5032 0.1942 0.3027 
        D433  5 0.7548 0.1204 0.1249 
        D434  5 0.6456 0.1703 0.1841 
        D440  5 0.1979 0.2023 0.5998 
        D447  5 0.0949 0.6945 0.2106 
        D448  5 0.7260 0.1145 0.1595 
        D459  5 0.0642 0.8791 0.0566 
        D460  5 0.3792 0.1932 0.4276 
        D461  5 0.4416 0.2721 0.2863 
        D468  5 0.4120 0.4795 0.1085 
        D469  5 0.5517 0.2523 0.1959 
        D470  5 0.5119 0.0990 0.3891 
        D471  5 0.6698 0.1863 0.1439 
        D472  5 0.1035 0.8084 0.0881 
        D479  5 0.1514 0.5463 0.3023 
        D485  5 0.4144 0.2290 0.3566 
        D486  5 0.4750 0.3459 0.1791 
        D487  5 0.2973 0.1204 0.5824 
        D555  5 0.6539 0.2467 0.0995 
        D556  5 0.6166 0.1607 0.2227 
        D557  5 0.7278 0.1920 0.0803 
        D564  5 0.2138 0.4234 0.3628 
        D594  5 0.5016 0.2976 0.2008 
        D595  5 0.5117 0.3174 0.1708 
        D596  5 0.6826 0.2242 0.0931 
        D597  5 0.6045 0.2460 0.1495 
        D598  5 0.6465 0.1487 0.2048 
        D617  5 0.0893 0.1965 0.7142 
        D618  5 0.7121 0.1427 0.1453 
        D619  5 0.4795 0.2264 0.2941 
        D620  5 0.1392 0.6812 0.1796 
        D628  5 0.3706 0.1604 0.4691 
        D714  5 0.4195 0.4365 0.1439 
        D715  5 0.5873 0.3200 0.0927 
        D716  5 0.3895 0.3335 0.2770 
        D717  5 0.3712 0.4658 0.1630 
        D718  5 0.2762 0.1435 0.5802 
        D769  5 0.0897 0.1174 0.7929 
        D770  5 0.3223 0.4950 0.1826 
        D771  5 0.2271 0.3452 0.4277 
        D772  5 0.7350 0.1321 0.1328 
        D782  5 0.1185 0.6329 0.2486 
        D783  5 0.3243 0.5082 0.1675 
        D784  5 0.4356 0.4391 0.1254 
        D785  5 0.8336 0.0735 0.0930 
        D786  5 0.1823 0.2529 0.5648 
        D821  5 0.8632 0.0741 0.0627 
        D822  5 0.3903 0.4763 0.1333 
        D826  5 0.5655 0.2821 0.1524 
        D827  5 0.1761 0.6691 0.1548 
        D851  5 0.1829 0.4798 0.3373 
        D852  5 0.2854 0.2293 0.4853 
        D853  5 0.6585 0.1063 0.2352 
        D854  5 0.1545 0.5687 0.2768 
        D861  5 0.3857 0.3138 0.3006 
        D862  5 0.7271 0.1843 0.0885 
        D865  5 0.6347 0.1949 0.1704 
        D868  5 0.5057 0.2894 0.2049 
        D869  5 0.1729 0.2809 0.5462 
        D870  5 0.1092 0.6306 0.2602 
        D907  5 0.6635 0.1098 0.2267 
        D908  5 0.4539 0.1113 0.4347 
        D910  5 0.5334 0.3407 0.1259 
        D911  5 0.1050 0.7700 0.1250 
        D934  5 0.1910 0.6051 0.2039 
        D946  5 0.1687 0.2407 0.5906 
        D947  5 0.4469 0.1446 0.4085 
        D948  5 0.6437 0.0698 0.2864 
        D949  5 0.6271 0.0580 0.3149 
        D950  5 0.1339 0.7653 0.1008 
        D951  5 0.2700 0.6310 0.0990 
