        D174  1 0.7639 0.1055 0.0741 0.0564 
        D199  1 0.1553 0.6119 0.0580 0.1748 
        D203  1 0.1611 0.3794 0.2979 0.1616 
        D204  1 0.0750 0.8420 0.0368 0.0461 
     D237366  1 0.1266 0.0931 0.6386 0.1418 
     D237367  1 0.1645 0.6902 0.0520 0.0933 
     D237368  1 0.0583 0.2059 0.0593 0.6764 
     D244101  1 0.0214 0.9195 0.0323 0.0268 
     D244102  1 0.2779 0.1295 0.2007 0.3919 
     D244103  1 0.1931 0.3485 0.3320 0.1264 
     D244104  1 0.1946 0.6537 0.0569 0.0948 
     D244105  1 0.0421 0.1810 0.3553 0.4215 
     D244106  1 0.5185 0.1253 0.2962 0.0601 
     D244107  1 0.0211 0.1642 0.0609 0.7537 
     D244108  1 0.3987 0.1651 0.0714 0.3648 
     D244113  1 0.8654 0.0237 0.0235 0.0875 
     D244114  1 0.1582 0.0949 0.6260 0.1210 
     D244115  1 0.5948 0.2073 0.0881 0.1099 
     D267365  1 0.4823 0.3535 0.0846 0.0797 
        D404  1 0.7393 0.0526 0.1050 0.1031 
        D405  1 0.4817 0.1666 0.1187 0.2330 
        D406  1 0.0346 0.0407 0.0301 0.8946 
        D407  1 0.0401 0.8660 0.0422 0.0518 
        D408  1 0.6833 0.0947 0.1871 0.0349 
        D409  1 0.0588 0.2273 0.5975 0.1164 
        D410  1 0.0438 0.0334 0.0287 0.8941 
        D421  1 0.0284 0.9431 0.0161 0.0124 
        D422  1 0.0141 0.0384 0.1962 0.7513 
        D423  1 0.0244 0.2009 0.0300 0.7447 
        D424  1 0.0406 0.9107 0.0229 0.0259 
        D425  1 0.5288 0.3345 0.0737 0.0630 
        D426  1 0.0283 0.1338 0.7990 0.0388 
        D427  1 0.0437 0.8768 0.0197 0.0598 
        D428  1 0.4003 0.2889 0.0590 0.2518 
        D429  1 0.5099 0.1977 0.2353 0.0571 
        D430  1 0.2622 0.2034 0.4682 0.0662 
        D491  1 0.8376 0.0703 0.0346 0.0575 
        D492  1 0.6396 0.2521 0.0476 0.0607 
        D537  1 0.2547 0.5442 0.0434 0.1577 
        D538  1 0.2121 0.1426 0.1155 0.5298 
        D539  1 0.4208 0.0450 0.3551 0.1791 
        D540  1 0.3006 0.2725 0.1892 0.2378 
        D541  1 0.0260 0.9212 0.0202 0.0326 
        D551  1 0.0398 0.0522 0.7964 0.1117 
        D552  1 0.1512 0.2146 0.0680 0.5662 
        D553  1 0.0556 0.8955 0.0238 0.0250 
        D615  1 0.2751 0.2287 0.1804 0.3158 
        D616  1 0.0909 0.5617 0.1065 0.2409 
        D621  1 0.1462 0.0252 0.0483 0.7804 
        D622  1 0.0834 0.1288 0.2284 0.5594 
        D623  1 0.4628 0.3053 0.0486 0.1833 
        D624  1 0.8892 0.0383 0.0408 0.0317 
        D625  1 0.5106 0.3131 0.0630 0.1134 
        D626  1 0.7434 0.0849 0.0896 0.0822 
        D627  1 0.0399 0.5085 0.4191 0.0325 
        D690  1 0.5089 0.3551 0.0370 0.0990 
        D691  1 0.0546 0.2426 0.4101 0.2927 
        D710  1 0.2151 0.5499 0.0407 0.1943 
        D711  1 0.2769 0.4890 0.0928 0.1412 
        D712  1 0.6861 0.0520 0.0835 0.1784 
        D713  1 0.7408 0.0927 0.0587 0.1078 
        D746  1 0.0479 0.0587 0.0812 0.8122 
        D747  1 0.0415 0.9040 0.0342 0.0204 
        D748  1 0.1863 0.3805 0.3379 0.0954 
        D749  1 0.0994 0.0594 0.1190 0.7222 
        D750  1 0.7789 0.1283 0.0352 0.0576 
        D763  1 0.1201 0.4392 0.2352 0.2055 
        D764  1 0.2902 0.5627 0.0319 0.1153 
        D765  1 0.1268 0.0265 0.1767 0.6700 
        D766  1 0.2058 0.1822 0.0551 0.5569 
        D767  1 0.3092 0.2248 0.1745 0.2915 
        D768  1 0.0324 0.8962 0.0401 0.0313 
        D811  1 0.8223 0.0339 0.0478 0.0961 
        D816  1 0.2687 0.6409 0.0292 0.0612 
        D825  1 0.7239 0.0548 0.0669 0.1544 
        D866  1 0.2038 0.2360 0.4318 0.1284 
        D867  1 0.0373 0.0368 0.0294 0.8965 
        D871  1 0.1230 0.1620 0.6826 0.0325 
        D872  1 0.1634 0.2785 0.0358 0.5222 
        D873  1 0.0146 0.0117 0.0105 0.9632 
        D874  1 0.5513 0.3070 0.1089 0.0327 
        D875  1 0.0414 0.1065 0.7774 0.0747 
        D876  1 0.2902 0.4165 0.0670 0.2263 
        D877  1 0.8915 0.0411 0.0212 0.0462 
        D892  1 0.4347 0.2990 0.2021 0.0642 
        D893  1 0.1576 0.4803 0.2241 0.1381 
        D894  1 0.1892 0.5132 0.2480 0.0495 
        D915  1 0.2454 0.4449 0.1631 0.1465 
        D916  1 0.0655 0.8611 0.0403 0.0331 
        D917  1 0.5704 0.2861 0.0411 0.1024 
        D925  1 0.0866 0.0481 0.0221 0.8431 
        D926  1 0.4321 0.4036 0.1046 0.0597 
        D927  1 0.0925 0.7433 0.0927 0.0714 
        D928  1 0.8990 0.0425 0.0188 0.0397 
        D929  1 0.7318 0.0525 0.1346 0.0811 
        D936  1 0.2072 0.6063 0.1230 0.0634 
        D938  1 0.0441 0.0374 0.0396 0.8789 
        D956  1 0.6086 0.0681 0.2085 0.1148 
        D957  1 0.0842 0.2111 0.0535 0.6511 
        D958  1 0.4233 0.2327 0.0319 0.3121 
        D959  1 0.0279 0.8642 0.0527 0.0552 
        D960  1 0.0294 0.0293 0.0426 0.8987 
        D989  1 0.3538 0.4875 0.1042 0.0545 
        D990  1 0.0298 0.0352 0.0437 0.8913 
        H102  1 0.6607 0.1439 0.0829 0.1126 
        H103  1 0.0769 0.2683 0.2092 0.4455 
        H104  1 0.2680 0.2789 0.4073 0.0459 
        H105  1 0.5853 0.2351 0.0587 0.1210 
        H106  1 0.1918 0.0677 0.2907 0.4498 
        H112  1 0.3827 0.1501 0.3219 0.1453 
        H113  1 0.1267 0.5073 0.2538 0.1122 
        H114  1 0.0362 0.7221 0.1512 0.0904 
        H115  1 0.2357 0.3719 0.3179 0.0744 
        H143  1 0.1480 0.5722 0.0616 0.2182 
        H144  1 0.0448 0.8642 0.0337 0.0574 
        H145  1 0.7353 0.0277 0.0990 0.1380 
        H149  1 0.1587 0.3458 0.4357 0.0598 
        H150  1 0.3963 0.0662 0.3428 0.1947 
     H167542  1 0.3008 0.5511 0.0669 0.0813 
     H169604  1 0.6032 0.2158 0.1460 0.0350 
     H169607  1 0.8165 0.0449 0.0660 0.0726 
     H169608  1 0.7361 0.0596 0.0869 0.1174 
     H169633  1 0.1097 0.6616 0.1198 0.1090 
     H169688  1 0.0412 0.0863 0.0584 0.8141 
     H169714  1 0.0397 0.0613 0.8485 0.0506 
     H171802  1 0.0681 0.4278 0.2602 0.2439 
     H171805  1 0.0743 0.0635 0.3624 0.4998 
     H171807  1 0.4593 0.0558 0.2860 0.1988 
     H171814  1 0.0257 0.7756 0.0875 0.1111 
     H171816  1 0.2069 0.1173 0.2454 0.4304 
     H171817  1 0.7060 0.0701 0.1051 0.1187 
     H171818  1 0.0731 0.2149 0.3560 0.3560 
     H171819  1 0.1944 0.3513 0.2154 0.2389 
     H171834  1 0.0358 0.1506 0.6081 0.2055 
     H171835  1 0.1284 0.2102 0.5082 0.1532 
     H171836  1 0.0576 0.2355 0.0560 0.6509 
     H171837  1 0.3202 0.4514 0.1519 0.0764 
     H171838  1 0.0373 0.0302 0.4877 0.4449 
     H171839  1 0.1987 0.5009 0.2421 0.0583 
     H171841  1 0.5437 0.0232 0.0849 0.3483 
     H171860  1 0.6388 0.2187 0.1043 0.0382 
     H171861  1 0.0956 0.3804 0.0894 0.4346 
     H171862  1 0.1140 0.2683 0.5097 0.1080 
     H171868  1 0.1535 0.6277 0.1561 0.0628 
     H171869  1 0.0272 0.2352 0.1763 0.5613 
     H171870  1 0.0635 0.0645 0.2509 0.6211 
     H171871  1 0.0451 0.1701 0.4514 0.3334 
     H171872  1 0.6750 0.1051 0.1851 0.0348 
     H171873  1 0.0496 0.0929 0.3722 0.4853 
     H171874  1 0.1164 0.3873 0.2039 0.2924 
     H171875  1 0.0527 0.8210 0.0519 0.0744 
     H171876  1 0.1601 0.6986 0.0481 0.0932 
     H171877  1 0.3732 0.4865 0.0542 0.0861 
     H171878  1 0.0289 0.0838 0.1080 0.7793 
     H171901  1 0.7347 0.0497 0.0273 0.1882 
     H171902  1 0.8261 0.0307 0.0772 0.0659 
     H171903  1 0.1184 0.4927 0.3282 0.0607 
     H171935  1 0.1013 0.0258 0.4508 0.4222 
     H171936  1 0.0477 0.7423 0.0493 0.1607 
     H171940  1 0.6294 0.1186 0.1345 0.1175 
     H171945  1 0.1517 0.0992 0.0911 0.6581 
     H171948  1 0.1896 0.1214 0.4686 0.2204 
     H171949  1 0.4697 0.0654 0.3995 0.0654 
     H171950  1 0.5474 0.0950 0.2613 0.0963 
     H171963  1 0.0254 0.0380 0.0644 0.8721 
     H171964  1 0.0460 0.0401 0.6968 0.2172 
     H171966  1 0.0622 0.0906 0.3462 0.5010 
     H171968  1 0.8380 0.0380 0.0329 0.0911 
     H171971  1 0.0409 0.0328 0.6923 0.2341 
     H171972  1 0.0824 0.3499 0.1290 0.4386 
     H171977  1 0.0889 0.2182 0.1092 0.5837 
     H171978  1 0.2121 0.0358 0.5086 0.2435 
     H171979  1 0.1587 0.0933 0.4875 0.2605 
        H176  1 0.5751 0.2892 0.0948 0.0409 
        H177  1 0.4439 0.0641 0.1866 0.3055 
        H179  1 0.2414 0.6366 0.0726 0.0493 
        H181  1 0.0690 0.1187 0.2218 0.5905 
        H182  1 0.1443 0.1228 0.1446 0.5882 
        H183  1 0.0295 0.1110 0.0352 0.8244 
        H184  1 0.4917 0.0552 0.2488 0.2043 
        H185  1 0.0754 0.1459 0.1686 0.6101 
        H186  1 0.0514 0.7307 0.0767 0.1412 
        H187  1 0.0531 0.1335 0.0239 0.7895 
        H188  1 0.3027 0.5087 0.1237 0.0648 
        H192  1 0.1175 0.0416 0.5182 0.3227 
        H193  1 0.3743 0.1127 0.2402 0.2729 
        H194  1 0.1854 0.1971 0.5470 0.0705 
        H195  1 0.0341 0.0639 0.0624 0.8396 
        H199  1 0.3250 0.0398 0.0532 0.5819 
        H200  1 0.2208 0.5851 0.0757 0.1183 
        H414  1 0.3435 0.2281 0.2976 0.1309 
        H415  1 0.1405 0.6038 0.1537 0.1020 
        H422  1 0.2841 0.1359 0.1456 0.4345 
        H423  1 0.7162 0.0458 0.1342 0.1038 
        H424  1 0.0486 0.2662 0.0873 0.5980 
        H425  1 0.0427 0.0796 0.0611 0.8166 
        H426  1 0.0414 0.0409 0.6767 0.2410 
        H443  1 0.1053 0.6754 0.0638 0.1555 
        H466  1 0.0867 0.3510 0.4445 0.1178 
        H467  1 0.0303 0.0268 0.8918 0.0511 
        H472  1 0.8621 0.0562 0.0414 0.0403 
        H483  1 0.2165 0.3254 0.1033 0.3549 
        H504  1 0.1284 0.0944 0.0715 0.7057 
        H505  1 0.3176 0.3302 0.1607 0.1915 
        H506  1 0.4749 0.1216 0.1386 0.2650 
        H507  1 0.1240 0.2172 0.1035 0.5552 
        H508  1 0.0859 0.1434 0.6323 0.1383 
        H524  1 0.1076 0.5232 0.0748 0.2944 
        H525  1 0.4207 0.1568 0.1778 0.2447 
        H526  1 0.5457 0.3358 0.0611 0.0574 
        H527  1 0.5090 0.1040 0.0974 0.2896 
        H528  1 0.2583 0.4475 0.2468 0.0474 
        H529  1 0.1393 0.2643 0.2169 0.3795 
        H533  1 0.2209 0.1271 0.2045 0.4476 
        H538  1 0.6880 0.1562 0.0845 0.0713 
        H539  1 0.0261 0.0314 0.0232 0.9193 
        H540  1 0.2321 0.1087 0.2320 0.4271 
        H541  1 0.3012 0.5018 0.1234 0.0735 
        H558  1 0.0233 0.0327 0.0295 0.9144 
        H559  1 0.5689 0.2739 0.0359 0.1212 
        H579  1 0.0627 0.0468 0.0488 0.8417 
        H584  1 0.1488 0.0932 0.6669 0.0910 
        H585  1 0.0829 0.2078 0.5312 0.1781 
        H605  1 0.3181 0.2912 0.1404 0.2503 
        H606  1 0.7934 0.1321 0.0303 0.0442 
        H632  1 0.2203 0.1409 0.4336 0.2052 
        H634  1 0.2714 0.2242 0.1197 0.3847 
        H671  1 0.8467 0.0484 0.0715 0.0334 
        H672  1 0.0507 0.8859 0.0210 0.0424 
        H673  1 0.2283 0.4804 0.0941 0.1972 
        H689  1 0.1011 0.4667 0.3170 0.1152 
        H690  1 0.2991 0.2230 0.3087 0.1692 
        H691  1 0.0885 0.7051 0.1258 0.0807 
        H692  1 0.0683 0.5082 0.1540 0.2695 
        H709  1 0.1394 0.6106 0.1702 0.0798 
        H710  1 0.0467 0.3846 0.3482 0.2205 
       H7355  1 0.6835 0.0786 0.1474 0.0906 
       H7356  1 0.0690 0.0641 0.4840 0.3829 
       H7357  1 0.6104 0.1312 0.1006 0.1578 
       H7358  1 0.4062 0.3972 0.0210 0.1756 
       H7380  1 0.2390 0.3224 0.3549 0.0837 
       H7381  1 0.4816 0.1402 0.2278 0.1505 
       H7382  1 0.3038 0.2075 0.1875 0.3011 
        H904  1 0.5597 0.2753 0.1111 0.0539 
        H923  1 0.2077 0.2633 0.2694 0.2595 
        H924  1 0.4630 0.2782 0.0767 0.1821 
        H925  1 0.1684 0.6677 0.0303 0.1335 
       H9558  1 0.0187 0.0190 0.0223 0.9400 
      H105.1  1 0.0470 0.0986 0.7138 0.1407 
      H115.1  1 0.0611 0.7966 0.0493 0.0930 
      H145.1  1 0.8678 0.0573 0.0322 0.0427 
      H149.1  1 0.0541 0.8790 0.0326 0.0343 
      H150.1  1 0.1104 0.0388 0.1070 0.7437 
   H169607.1  1 0.6654 0.1145 0.0640 0.1560 
   H169633.1  1 0.1274 0.6902 0.0344 0.1480 
   H169688.1  1 0.0658 0.7820 0.0280 0.1243 
   H171901.1  1 0.1285 0.2960 0.2375 0.3381 
   H171902.1  1 0.8183 0.0442 0.0394 0.0982 
   H171903.1  1 0.5113 0.1145 0.2781 0.0961 
      H177.1  1 0.1149 0.7996 0.0333 0.0523 
      H179.1  1 0.3747 0.4309 0.0819 0.1125 
      H180.1  1 0.2548 0.0796 0.5424 0.1232 
      H181.1  1 0.1628 0.2217 0.3928 0.2227 
 H194.1_2004  1 0.0945 0.2736 0.3077 0.3242 
 H195.1_2003  1 0.1917 0.2340 0.2242 0.3501 
 H195.1_2004  1 0.6157 0.2542 0.0797 0.0504 
      H415.1  1 0.0728 0.7203 0.0719 0.1350 
      H506.1  1 0.2413 0.5490 0.0615 0.1482 
      H533.1  1 0.3377 0.2225 0.0585 0.3813 
      H535.1  1 0.2196 0.2454 0.3777 0.1573 
      H539.1  1 0.1427 0.0859 0.0460 0.7253 
      H540.1  1 0.0601 0.0253 0.0357 0.8789 
     H9558.1  1 0.0439 0.0434 0.0330 0.8797 
    kos339.1  1 0.2512 0.5697 0.1102 0.0689 
        D023  2 0.0226 0.1388 0.0240 0.8146 
        D130  2 0.0345 0.0399 0.0598 0.8657 
        D131  2 0.0439 0.8336 0.0946 0.0279 
        D163  2 0.0435 0.0426 0.1715 0.7424 
        D164  2 0.0121 0.0241 0.0131 0.9508 
        D165  2 0.0199 0.1423 0.0706 0.7673 
        D166  2 0.1908 0.0464 0.3824 0.3804 
        D167  2 0.0313 0.1665 0.0553 0.7469 
        D192  2 0.0198 0.1019 0.0935 0.7848 
        D193  2 0.3347 0.0545 0.4402 0.1706 
        D206  2 0.0697 0.6811 0.0812 0.1680 
        D207  2 0.0893 0.4523 0.2925 0.1659 
        D208  2 0.6289 0.1198 0.1593 0.0920 
        D209  2 0.0238 0.1368 0.0433 0.7961 
        D210  2 0.5102 0.1858 0.2521 0.0519 
     D229599  2 0.1245 0.4048 0.2124 0.2584 
     D229600  2 0.0452 0.0640 0.0831 0.8078 
     D237227  2 0.4405 0.1562 0.0814 0.3220 
     D237228  2 0.2802 0.0420 0.0979 0.5799 
     D237258  2 0.2164 0.3034 0.1439 0.3363 
     D237310  2 0.1184 0.0256 0.2126 0.6433 
     D237311  2 0.0411 0.0564 0.0972 0.8053 
     D237312  2 0.3338 0.0523 0.4474 0.1665 
     D237313  2 0.3947 0.1653 0.1269 0.3132 
     D237322  2 0.2795 0.0793 0.5807 0.0605 
     D237323  2 0.2004 0.0525 0.1384 0.6088 
     D237324  2 0.0249 0.1286 0.3105 0.5360 
     D237325  2 0.3438 0.1001 0.1947 0.3614 
     D237326  2 0.0542 0.1626 0.0541 0.7290 
     D237327  2 0.0844 0.1516 0.6645 0.0994 
     D237337  2 0.2011 0.0598 0.1451 0.5940 
     D237338  2 0.1460 0.1582 0.4414 0.2544 
     D237339  2 0.0363 0.7355 0.1325 0.0957 
     D237340  2 0.1895 0.1257 0.2066 0.4782 
     D237389  2 0.0385 0.0422 0.1107 0.8085 
     D237390  2 0.2546 0.1279 0.4732 0.1443 
     D244017  2 0.3644 0.2008 0.0743 0.3604 
     D244112  2 0.0237 0.0343 0.1643 0.7778 
     D244118  2 0.0171 0.0192 0.0249 0.9389 
     D244119  2 0.4398 0.3428 0.0546 0.1629 
     D244120  2 0.0897 0.0424 0.6019 0.2661 
     D244122  2 0.0914 0.1062 0.1267 0.6757 
        D291  2 0.1171 0.1905 0.5162 0.1763 
        D292  2 0.2308 0.4063 0.1370 0.2259 
        D293  2 0.0127 0.9606 0.0161 0.0106 
        D322  2 0.0246 0.8770 0.0445 0.0538 
        D323  2 0.1674 0.5741 0.0813 0.1772 
        D324  2 0.1561 0.3843 0.3538 0.1058 
        D325  2 0.0120 0.9433 0.0330 0.0117 
        D326  2 0.0359 0.8911 0.0521 0.0208 
        D340  2 0.0201 0.8309 0.0280 0.1210 
        D341  2 0.0675 0.3083 0.4696 0.1546 
        D342  2 0.0274 0.0387 0.2290 0.7049 
        D343  2 0.0090 0.9591 0.0158 0.0161 
        D344  2 0.0959 0.4088 0.1537 0.3416 
        D345  2 0.0704 0.1802 0.0540 0.6954 
        D346  2 0.6066 0.2649 0.0625 0.0660 
        D351  2 0.0462 0.7408 0.1369 0.0761 
        D352  2 0.1838 0.3967 0.1367 0.2828 
        D353  2 0.0465 0.8291 0.0911 0.0334 
        D354  2 0.2330 0.2235 0.0631 0.4804 
        D362  2 0.1734 0.5996 0.0454 0.1816 
        D363  2 0.1889 0.6637 0.0292 0.1181 
        D364  2 0.1066 0.4418 0.0630 0.3885 
        D365  2 0.0130 0.9612 0.0128 0.0129 
        D369  2 0.0518 0.8646 0.0515 0.0321 
        D374  2 0.8391 0.0219 0.0297 0.1094 
        D375  2 0.0784 0.2794 0.1015 0.5407 
        D376  2 0.5571 0.0393 0.1149 0.2888 
        D377  2 0.4177 0.1195 0.2797 0.1831 
        D378  2 0.0264 0.8667 0.0699 0.0370 
        D379  2 0.0692 0.8212 0.0730 0.0365 
        D384  2 0.0671 0.8843 0.0257 0.0229 
        D385  2 0.0347 0.7726 0.0279 0.1648 
        D386  2 0.0523 0.7385 0.0555 0.1538 
        D391  2 0.0191 0.9097 0.0306 0.0406 
        D392  2 0.0350 0.5418 0.0366 0.3866 
        D393  2 0.0421 0.7347 0.1735 0.0497 
        D394  2 0.0901 0.2304 0.1984 0.4811 
        D395  2 0.0284 0.8199 0.0690 0.0827 
        D401  2 0.0531 0.0473 0.0329 0.8667 
        D402  2 0.0364 0.4870 0.1858 0.2909 
        D403  2 0.1415 0.3107 0.3106 0.2372 
        D415  2 0.0240 0.9183 0.0335 0.0242 
        D435  2 0.0356 0.8352 0.0834 0.0457 
        D436  2 0.2690 0.4356 0.2268 0.0686 
        D438  2 0.0303 0.8003 0.0379 0.1315 
        D439  2 0.0323 0.4949 0.1258 0.3470 
        D449  2 0.0242 0.4384 0.2687 0.2687 
        D450  2 0.7822 0.0553 0.1059 0.0566 
        D456  2 0.0350 0.9125 0.0266 0.0259 
        D462  2 0.0135 0.9255 0.0205 0.0405 
        D463  2 0.0478 0.8817 0.0468 0.0237 
        D464  2 0.1074 0.7277 0.1175 0.0473 
        D465  2 0.0295 0.9003 0.0351 0.0351 
        D473  2 0.8440 0.0429 0.0506 0.0625 
        D474  2 0.1223 0.6625 0.1277 0.0875 
        D476  2 0.0181 0.2653 0.1759 0.5408 
        D477  2 0.2800 0.4792 0.1467 0.0941 
        D478  2 0.2604 0.2244 0.1061 0.4091 
        D480  2 0.0966 0.6683 0.2041 0.0309 
        D481  2 0.0941 0.4212 0.0563 0.4284 
        D482  2 0.3817 0.0732 0.3490 0.1961 
        D483  2 0.0362 0.3883 0.0417 0.5338 
        D484  2 0.2302 0.2314 0.2428 0.2956 
        D510  2 0.8338 0.0293 0.0747 0.0622 
        D511  2 0.0554 0.7714 0.0786 0.0946 
        D512  2 0.0272 0.1311 0.0893 0.7524 
        D513  2 0.0912 0.7578 0.0777 0.0733 
        D635  2 0.0344 0.6829 0.0501 0.2326 
        D636  2 0.0236 0.0244 0.0157 0.9364 
        D637  2 0.2140 0.2859 0.4174 0.0828 
        D658  2 0.1403 0.3009 0.2023 0.3565 
        D659  2 0.0907 0.5871 0.2501 0.0721 
        D677  2 0.1238 0.3591 0.3498 0.1673 
        D678  2 0.0296 0.0359 0.0461 0.8884 
        D679  2 0.1681 0.4882 0.2844 0.0593 
        D719  2 0.2116 0.7131 0.0476 0.0277 
        D720  2 0.2321 0.6450 0.0424 0.0806 
        D721  2 0.0469 0.2315 0.0465 0.6752 
        D722  2 0.5703 0.0560 0.0521 0.3217 
        D734  2 0.4074 0.4019 0.1662 0.0246 
        D735  2 0.1309 0.5146 0.2028 0.1517 
        D736  2 0.4211 0.2113 0.2013 0.1663 
        D737  2 0.0637 0.1394 0.3057 0.4913 
        D807  2 0.4528 0.2969 0.1564 0.0939 
        D808  2 0.0423 0.4090 0.3572 0.1915 
        D817  2 0.2920 0.4868 0.0591 0.1621 
        D818  2 0.0396 0.6111 0.3222 0.0270 
        D819  2 0.0579 0.7490 0.0657 0.1274 
        D820  2 0.0525 0.8725 0.0535 0.0215 
        D895  2 0.1409 0.4377 0.1075 0.3139 
        D896  2 0.0508 0.0395 0.0435 0.8662 
        D897  2 0.0672 0.0652 0.5630 0.3046 
        D898  2 0.1474 0.0735 0.5500 0.2291 
        D918  2 0.2617 0.2411 0.4247 0.0726 
        D919  2 0.0299 0.7226 0.1302 0.1172 
        D920  2 0.0304 0.0233 0.0771 0.8691 
        D923  2 0.0614 0.8233 0.0377 0.0777 
        D930  2 0.7787 0.0797 0.0845 0.0572 
        D931  2 0.0918 0.7782 0.0725 0.0574 
        D968  2 0.0222 0.8353 0.0439 0.0986 
        D969  2 0.0512 0.7321 0.1823 0.0344 
        D977  2 0.0345 0.8005 0.1215 0.0435 
        D978  2 0.1027 0.0797 0.7793 0.0384 
        H008  2 0.2780 0.4916 0.0771 0.1533 
        H021  2 0.0773 0.2407 0.5625 0.1194 
        H023  2 0.7130 0.1110 0.0638 0.1122 
        H024  2 0.0315 0.2927 0.3602 0.3156 
        H025  2 0.2244 0.3098 0.2188 0.2470 
        H026  2 0.0198 0.9099 0.0428 0.0274 
        H027  2 0.1145 0.6633 0.1637 0.0585 
        H028  2 0.1548 0.1634 0.1454 0.5364 
        H029  2 0.0250 0.8716 0.0288 0.0746 
        H030  2 0.0256 0.3602 0.0630 0.5512 
        H038  2 0.0478 0.0814 0.1358 0.7350 
        H039  2 0.8893 0.0259 0.0456 0.0392 
        H040  2 0.0875 0.1327 0.2081 0.5717 
        H041  2 0.0796 0.7842 0.0671 0.0691 
        H042  2 0.6830 0.0580 0.0751 0.1839 
        H043  2 0.0438 0.0251 0.0278 0.9033 
        H044  2 0.0883 0.0503 0.0973 0.7641 
        H047  2 0.0875 0.0535 0.0574 0.8016 
        H050  2 0.0495 0.7094 0.0990 0.1421 
        H058  2 0.0502 0.0933 0.4296 0.4269 
        H062  2 0.7270 0.0442 0.0557 0.1731 
        H063  2 0.1557 0.3304 0.1274 0.3865 
        H065  2 0.1045 0.8261 0.0322 0.0372 
        H066  2 0.0244 0.0993 0.1219 0.7544 
        H067  2 0.3984 0.1152 0.3543 0.1321 
        H068  2 0.6904 0.0470 0.1505 0.1121 
        H069  2 0.0762 0.1753 0.0351 0.7134 
        H071  2 0.3341 0.4575 0.1504 0.0581 
        H072  2 0.7964 0.0620 0.0685 0.0731 
        H073  2 0.0667 0.2852 0.4155 0.2325 
        H081  2 0.7001 0.1838 0.0728 0.0434 
        H082  2 0.0282 0.3143 0.0409 0.6165 
        H083  2 0.0242 0.5308 0.0957 0.3493 
        H084  2 0.1717 0.0990 0.5591 0.1702 
        H085  2 0.1403 0.8061 0.0311 0.0225 
        H087  2 0.3733 0.3043 0.2484 0.0740 
        H088  2 0.2835 0.4588 0.1189 0.1389 
        H089  2 0.3742 0.3914 0.0677 0.1667 
        H090  2 0.0190 0.9083 0.0494 0.0232 
        H091  2 0.0425 0.8886 0.0466 0.0224 
        H098  2 0.1080 0.1735 0.4096 0.3089 
      H10001  2 0.8755 0.0251 0.0539 0.0456 
      H10002  2 0.4035 0.2656 0.1275 0.2033 
        H101  2 0.0532 0.6029 0.1345 0.2094 
        H108  2 0.9039 0.0372 0.0382 0.0207 
        H109  2 0.0886 0.2444 0.2547 0.4123 
        H110  2 0.1497 0.6596 0.0738 0.1170 
        H116  2 0.0795 0.2707 0.2202 0.4297 
        H117  2 0.0409 0.6660 0.2637 0.0295 
        H118  2 0.0221 0.9407 0.0226 0.0146 
        H119  2 0.1630 0.5225 0.2310 0.0835 
        H120  2 0.9039 0.0305 0.0312 0.0344 
        H121  2 0.0234 0.9447 0.0152 0.0167 
        H125  2 0.6659 0.0318 0.2610 0.0413 
        H126  2 0.1317 0.0712 0.0358 0.7613 
        H128  2 0.0097 0.9614 0.0109 0.0180 
        H129  2 0.0295 0.0594 0.8316 0.0795 
        H130  2 0.8592 0.0154 0.0432 0.0821 
        H133  2 0.5869 0.0722 0.2191 0.1218 
        H134  2 0.0212 0.8677 0.0446 0.0665 
        H135  2 0.1518 0.6682 0.0419 0.1381 
        H137  2 0.0404 0.2615 0.6048 0.0933 
        H138  2 0.0468 0.2742 0.5534 0.1255 
        H140  2 0.0967 0.5210 0.3328 0.0495 
        H146  2 0.0178 0.9414 0.0246 0.0163 
        H147  2 0.0780 0.6411 0.1881 0.0929 
        H148  2 0.0811 0.4496 0.3721 0.0972 
     H166022  2 0.2537 0.1797 0.2356 0.3310 
     H167359  2 0.3035 0.1809 0.2022 0.3134 
     H167397  2 0.0411 0.3538 0.1014 0.5037 
     H167428  2 0.0207 0.9371 0.0177 0.0245 
     H167496  2 0.4065 0.3484 0.1836 0.0615 
     H167513  2 0.0243 0.0211 0.0400 0.9146 
     H167545  2 0.0363 0.0276 0.0349 0.9013 
     H167547  2 0.0338 0.0782 0.7672 0.1208 
     H169621  2 0.0472 0.1570 0.5666 0.2292 
     H169622  2 0.3442 0.1302 0.0713 0.4543 
     H169750  2 0.1380 0.2431 0.1551 0.4637 
     H171806  2 0.1139 0.7488 0.1035 0.0338 
     H171808  2 0.4405 0.3270 0.0404 0.1922 
     H171809  2 0.5905 0.1830 0.1044 0.1221 
     H171813  2 0.0397 0.0393 0.7586 0.1625 
     H171815  2 0.0573 0.0820 0.1047 0.7561 
     H171824  2 0.3818 0.3865 0.2063 0.0254 
     H171825  2 0.7262 0.0496 0.0739 0.1503 
     H171826  2 0.1125 0.5915 0.1966 0.0994 
     H171827  2 0.0511 0.3058 0.2854 0.3576 
     H171828  2 0.8472 0.0412 0.0892 0.0224 
     H171829  2 0.4728 0.0327 0.4170 0.0775 
     H171830  2 0.2083 0.3279 0.1081 0.3556 
     H171831  2 0.1255 0.1394 0.3814 0.3537 
     H171832  2 0.0851 0.0478 0.0466 0.8205 
     H171863  2 0.0261 0.1706 0.0252 0.7781 
     H171864  2 0.2735 0.4111 0.1296 0.1857 
     H171865  2 0.1101 0.3937 0.0342 0.4620 
     H171879  2 0.0450 0.3150 0.5752 0.0648 
     H171880  2 0.0579 0.4382 0.3421 0.1618 
     H171881  2 0.1301 0.1833 0.4936 0.1931 
     H171882  2 0.8848 0.0317 0.0370 0.0464 
     H171929  2 0.2110 0.5494 0.0716 0.1680 
     H171930  2 0.0207 0.0300 0.0286 0.9207 
     H171933  2 0.1263 0.0911 0.7167 0.0660 
     H171934  2 0.5956 0.0966 0.2060 0.1017 
     H171937  2 0.1267 0.1059 0.1759 0.5915 
     H171962  2 0.0810 0.2233 0.0785 0.6172 
        H190  2 0.0482 0.2137 0.5890 0.1490 
        H191  2 0.1097 0.1682 0.2675 0.4546 
        H396  2 0.3083 0.5670 0.0678 0.0569 
        H397  2 0.5917 0.1303 0.1989 0.0791 
        H398  2 0.1803 0.6305 0.1074 0.0818 
        H400  2 0.4668 0.2027 0.0422 0.2883 
        H401  2 0.0267 0.0391 0.8703 0.0639 
        H402  2 0.0311 0.2277 0.1579 0.5833 
        H427  2 0.1137 0.5242 0.2309 0.1312 
        H428  2 0.0158 0.9432 0.0158 0.0251 
        H497  2 0.0431 0.0379 0.0413 0.8777 
        H512  2 0.0524 0.3779 0.4598 0.1099 
        H513  2 0.0235 0.0218 0.0525 0.9022 
        H514  2 0.0400 0.3554 0.1343 0.4703 
        H519  2 0.0481 0.0270 0.0915 0.8334 
        H532  2 0.0540 0.8281 0.0521 0.0658 
        H543  2 0.0821 0.4151 0.2144 0.2884 
        H544  2 0.5061 0.1037 0.0286 0.3617 
        H545  2 0.0228 0.0253 0.0229 0.9290 
        H546  2 0.3246 0.1086 0.1291 0.4377 
        H547  2 0.0290 0.0914 0.7643 0.1153 
        H548  2 0.5994 0.1648 0.0743 0.1615 
        H549  2 0.0149 0.0156 0.0124 0.9571 
        H620  2 0.7417 0.0665 0.1199 0.0719 
        H623  2 0.0343 0.0399 0.1202 0.8055 
        H624  2 0.0598 0.0325 0.0242 0.8836 
        H625  2 0.5014 0.1850 0.0510 0.2627 
        H626  2 0.2004 0.0964 0.1617 0.5415 
        H654  2 0.1261 0.0211 0.0769 0.7759 
        H655  2 0.4627 0.0820 0.2010 0.2543 
        H656  2 0.9128 0.0233 0.0255 0.0384 
        H666  2 0.3450 0.3211 0.2425 0.0914 
        H667  2 0.0806 0.1950 0.0985 0.6259 
        H677  2 0.1857 0.6211 0.1056 0.0876 
        H693  2 0.6975 0.1048 0.1330 0.0647 
        H694  2 0.0694 0.0833 0.0877 0.7595 
        H701  2 0.0767 0.3514 0.2365 0.3354 
        H702  2 0.5028 0.0945 0.1752 0.2275 
        H731  2 0.5634 0.1810 0.1708 0.0848 
       H7359  2 0.3501 0.1824 0.2139 0.2536 
       H7389  2 0.0580 0.6757 0.1657 0.1005 
       H7390  2 0.1922 0.0599 0.6874 0.0605 
       H7391  2 0.2151 0.5281 0.2175 0.0394 
       H7392  2 0.1139 0.3422 0.4022 0.1417 
       H7393  2 0.1922 0.0525 0.5233 0.2320 
       H7398  2 0.1044 0.7430 0.0929 0.0597 
       H7399  2 0.0335 0.6616 0.1095 0.1955 
       H7400  2 0.7310 0.0212 0.0727 0.1750 
        H745  2 0.0341 0.2560 0.4933 0.2166 
        H746  2 0.0354 0.3271 0.0659 0.5717 
        H747  2 0.6267 0.0794 0.1855 0.1084 
        H748  2 0.1192 0.2421 0.1045 0.5341 
       H7484  2 0.7884 0.0276 0.1323 0.0516 
       H7485  2 0.0225 0.0401 0.0219 0.9154 
        H749  2 0.0534 0.0597 0.0240 0.8628 
        H930  2 0.0224 0.0633 0.0451 0.8692 
        H931  2 0.2642 0.6140 0.0312 0.0907 
        H932  2 0.0880 0.7101 0.1470 0.0549 
      H008.1  2 0.1731 0.7488 0.0372 0.0410 
 H029.1_2002  2 0.0416 0.4551 0.0790 0.4243 
 H029.1_2003  2 0.0435 0.8820 0.0367 0.0377 
      H030.1  2 0.1027 0.2201 0.5984 0.0789 
      H038.1  2 0.4382 0.2481 0.0503 0.2634 
      H041.1  2 0.0118 0.9494 0.0153 0.0236 
 H042.1_2002  2 0.0249 0.8967 0.0332 0.0453 
 H042.1_2003  2 0.2645 0.2280 0.1505 0.3570 
   H042_2002  2 0.7131 0.0468 0.0929 0.1472 
   H042_2003  2 0.6780 0.0630 0.0741 0.1850 
      H043.1  2 0.0234 0.0254 0.0204 0.9308 
      H047.1  2 0.0845 0.0674 0.0410 0.8072 
 H071.1_2002  2 0.1618 0.3747 0.0797 0.3838 
 H071.1_2003  2 0.3515 0.3185 0.1594 0.1706 
 H081.1_2002  2 0.1913 0.5107 0.1119 0.1862 
 H081.1_2003  2 0.1303 0.2965 0.2215 0.3517 
      H083.1  2 0.0210 0.4786 0.0847 0.4157 
      H084.1  2 0.0334 0.0292 0.4514 0.4860 
 H085.1_2002  2 0.2221 0.5785 0.0317 0.1677 
 H085.1_2003  2 0.0214 0.9287 0.0252 0.0248 
      H088.1  2 0.0219 0.9018 0.0406 0.0357 
      H091.1  2 0.0102 0.9575 0.0173 0.0150 
      H109.1  2 0.0401 0.0593 0.1464 0.7542 
      H126.1  2 0.4188 0.0845 0.1672 0.3295 
      H130.1  2 0.8328 0.0455 0.0472 0.0745 
      H133.1  2 0.3081 0.2857 0.0762 0.3300 
      H147.1  2 0.1412 0.3232 0.2760 0.2597 
      H148.1  2 0.4493 0.1686 0.1383 0.2437 
   H166022.1  2 0.0306 0.7521 0.0837 0.1337 
   H167397.1  2 0.0293 0.0887 0.0778 0.8043 
   H167496.1  2 0.1701 0.5526 0.2073 0.0700 
   H167513.1  2 0.0513 0.0286 0.0504 0.8696 
   H167547.1  2 0.2396 0.1170 0.4395 0.2039 
   H169750.1  2 0.2726 0.2937 0.2694 0.1643 
   H171929.1  2 0.0388 0.1450 0.0371 0.7791 
   H171930.1  2 0.0249 0.0496 0.0606 0.8649 
   H171933.1  2 0.2510 0.5579 0.0520 0.1391 
      H190.1  2 0.1876 0.1092 0.6264 0.0768 
      H400.1  2 0.0203 0.8800 0.0333 0.0664 
 H428.1_2005  2 0.0683 0.7772 0.0399 0.1146 
 H428.1_2006  2 0.0395 0.7812 0.0350 0.1444 
      H453.1  2 0.0514 0.7323 0.0740 0.1424 
      H512.1  2 0.0640 0.1956 0.4979 0.2425 
      H513.1  2 0.0269 0.0877 0.0920 0.7934 
      H532.1  2 0.1761 0.3518 0.0781 0.3940 
      H543.1  2 0.0284 0.4987 0.0691 0.4039 
 H545.1_2005  2 0.0190 0.0148 0.0121 0.9541 
 H545.1_2006  2 0.0362 0.5435 0.0490 0.3712 
      H547.1  2 0.0399 0.6754 0.2039 0.0808 
      H548.1  2 0.0702 0.0630 0.0259 0.8408 
     H7389.1  2 0.2043 0.5736 0.0733 0.1488 
      H747.1  2 0.4585 0.0987 0.2095 0.2332 
     H7484.1  2 0.5868 0.1772 0.1066 0.1294 
     H7485.1  2 0.0446 0.5900 0.0723 0.2931 
     H7496.1  2 0.1853 0.3182 0.4209 0.0756 
        D211  3 0.1526 0.1243 0.4846 0.2385 
     D229639  3 0.1997 0.1399 0.5867 0.0737 
     D237212  3 0.2124 0.3130 0.3815 0.0932 
     D237213  3 0.1218 0.1709 0.4498 0.2575 
     D237214  3 0.0986 0.1156 0.1304 0.6554 
     D237215  3 0.2553 0.0594 0.2060 0.4794 
     D237216  3 0.0640 0.0979 0.6232 0.2148 
     D237217  3 0.0316 0.1681 0.3980 0.4023 
     D237218  3 0.0611 0.0979 0.7996 0.0414 
     D237219  3 0.3911 0.0462 0.3186 0.2441 
     D237382  3 0.3936 0.1238 0.3933 0.0893 
     D244127  3 0.0342 0.0580 0.2572 0.6505 
     D244129  3 0.2051 0.3655 0.1793 0.2501 
     D244133  3 0.5436 0.1490 0.0970 0.2104 
     D244134  3 0.4657 0.1063 0.2520 0.1760 
     D244135  3 0.0712 0.2070 0.1418 0.5799 
     D244136  3 0.4927 0.3599 0.0645 0.0829 
        D416  3 0.0438 0.2477 0.4670 0.2415 
        D417  3 0.0943 0.5895 0.2814 0.0348 
        D419  3 0.2270 0.3444 0.2379 0.1907 
        D565  3 0.8837 0.0554 0.0235 0.0374 
        D566  3 0.3324 0.2631 0.3146 0.0899 
        D567  3 0.1233 0.7222 0.0363 0.1181 
        D568  3 0.0402 0.4769 0.1664 0.3165 
        D569  3 0.0933 0.1943 0.2080 0.5044 
        D573  3 0.0247 0.8095 0.1350 0.0309 
        D574  3 0.4654 0.1009 0.1737 0.2600 
        D575  3 0.5466 0.0893 0.0416 0.3225 
        D576  3 0.1077 0.0327 0.3063 0.5533 
        D577  3 0.5623 0.2311 0.0964 0.1103 
        D578  3 0.0224 0.0419 0.1505 0.7852 
        D579  3 0.4840 0.2247 0.2143 0.0770 
        D660  3 0.0946 0.1510 0.2082 0.5463 
        D661  3 0.0247 0.0485 0.8910 0.0359 
        D663  3 0.0501 0.0914 0.8246 0.0339 
        D664  3 0.3636 0.0446 0.1530 0.4388 
        D665  3 0.0404 0.0398 0.2012 0.7186 
        D666  3 0.5230 0.0861 0.2170 0.1739 
        H111  3 0.0955 0.0647 0.3343 0.5056 
        H951  3 0.1229 0.2307 0.0915 0.5549 
        H952  3 0.1584 0.3938 0.3082 0.1397 
        H953  3 0.2158 0.4376 0.2792 0.0673 
        H954  3 0.4623 0.0968 0.1384 0.3025 
        H955  3 0.0489 0.2176 0.0368 0.6967 
        H956  3 0.0696 0.8217 0.0761 0.0325 
       H9563  3 0.3297 0.1396 0.4579 0.0727 
        D009  4 0.0563 0.0601 0.3648 0.5188 
        D057  4 0.0529 0.2002 0.4952 0.2516 
        D109  4 0.4436 0.0816 0.0868 0.3879 
     D237222  4 0.1074 0.0406 0.1502 0.7017 
     D237223  4 0.1400 0.0817 0.5013 0.2770 
     D237224  4 0.0781 0.6417 0.1471 0.1330 
     D237225  4 0.0748 0.0460 0.7595 0.1197 
     D237299  4 0.0304 0.0199 0.9327 0.0170 
     D237300  4 0.0500 0.0320 0.8776 0.0405 
     D237306  4 0.5068 0.1231 0.2472 0.1229 
     D237307  4 0.5292 0.2914 0.1392 0.0403 
     D237308  4 0.2071 0.1310 0.0572 0.6047 
     D237309  4 0.0804 0.2046 0.3089 0.4061 
     D237317  4 0.7465 0.0719 0.0753 0.1063 
     D237318  4 0.0250 0.0463 0.9103 0.0184 
     D237319  4 0.1499 0.2916 0.3180 0.2404 
     D237320  4 0.0586 0.1948 0.6649 0.0818 
     D237321  4 0.1224 0.1738 0.5755 0.1283 
     D237397  4 0.2418 0.1054 0.5340 0.1188 
     D237398  4 0.0234 0.1510 0.7995 0.0260 
     D237399  4 0.2702 0.1713 0.4984 0.0601 
     D244001  4 0.0323 0.0499 0.1057 0.8121 
        D289  4 0.2652 0.4659 0.2074 0.0615 
        D290  4 0.3550 0.0813 0.4769 0.0868 
        D294  4 0.2186 0.1068 0.5032 0.1715 
        D295  4 0.3870 0.2003 0.3245 0.0882 
        D301  4 0.0457 0.0188 0.0934 0.8421 
        D302  4 0.1849 0.4182 0.2476 0.1494 
        D303  4 0.8157 0.0519 0.0558 0.0766 
        D304  4 0.6081 0.0658 0.2972 0.0290 
        D305  4 0.0274 0.0863 0.4887 0.3976 
        D306  4 0.5638 0.1080 0.1712 0.1571 
        D307  4 0.0860 0.0248 0.0977 0.7915 
        D327  4 0.2530 0.6463 0.0603 0.0403 
        D328  4 0.7051 0.0800 0.1278 0.0871 
        D329  4 0.0688 0.1132 0.2182 0.5998 
        D330  4 0.0436 0.3613 0.1587 0.4363 
        D331  4 0.3804 0.1733 0.2014 0.2450 
        D333  4 0.4888 0.0782 0.2614 0.1716 
        D334  4 0.7819 0.1103 0.0716 0.0363 
        D335  4 0.2005 0.6116 0.0606 0.1273 
        D370  4 0.4065 0.0717 0.0892 0.4326 
        D371  4 0.7039 0.2195 0.0345 0.0420 
        D372  4 0.0590 0.0165 0.8769 0.0476 
        D373  4 0.0314 0.0450 0.0441 0.8796 
        D455  4 0.0524 0.0481 0.1441 0.7554 
        D490  4 0.0533 0.0282 0.2278 0.6908 
        D497  4 0.0413 0.0217 0.1934 0.7436 
        D498  4 0.4068 0.1057 0.1905 0.2970 
        D499  4 0.0616 0.4037 0.4516 0.0832 
        D514  4 0.1826 0.3519 0.3429 0.1226 
        D515  4 0.0744 0.0464 0.8075 0.0716 
        D516  4 0.2850 0.3185 0.1719 0.2246 
        D517  4 0.0212 0.0637 0.1294 0.7858 
        D518  4 0.2234 0.1960 0.2620 0.3186 
        D519  4 0.0252 0.0514 0.8961 0.0273 
        D560  4 0.0350 0.0539 0.8756 0.0356 
        D561  4 0.0220 0.6884 0.1258 0.1638 
        D562  4 0.1904 0.1758 0.3056 0.3283 
        D563  4 0.0288 0.6520 0.1638 0.1554 
        D572  4 0.2073 0.4831 0.1769 0.1327 
        D629  4 0.2154 0.4830 0.1104 0.1912 
        D630  4 0.2656 0.1330 0.5253 0.0760 
        D631  4 0.1006 0.2617 0.5405 0.0973 
        D632  4 0.0305 0.0791 0.0267 0.8637 
        D646  4 0.0352 0.1394 0.7226 0.1028 
        D647  4 0.0456 0.5765 0.1915 0.1864 
        D648  4 0.7262 0.0453 0.0939 0.1346 
        D649  4 0.1690 0.5100 0.0976 0.2234 
        D650  4 0.4912 0.2051 0.2447 0.0590 
        D708  4 0.5964 0.0491 0.2166 0.1379 
        D709  4 0.7146 0.0538 0.0951 0.1365 
        D738  4 0.5904 0.1328 0.1631 0.1136 
        D739  4 0.0887 0.0430 0.5327 0.3355 
        D740  4 0.1732 0.0396 0.5509 0.2362 
        D741  4 0.0283 0.5631 0.3873 0.0213 
        D742  4 0.0803 0.5710 0.3045 0.0442 
        D743  4 0.1116 0.7658 0.0858 0.0368 
        D744  4 0.0869 0.5850 0.2402 0.0879 
        D745  4 0.0343 0.0543 0.8811 0.0303 
        D814  4 0.0368 0.0603 0.7119 0.1909 
        D815  4 0.5349 0.1808 0.0929 0.1914 
        D828  4 0.4920 0.0216 0.2814 0.2050 
        D845  4 0.0806 0.2076 0.6832 0.0287 
        D846  4 0.0362 0.5394 0.1507 0.2737 
        D847  4 0.1841 0.2811 0.4349 0.0999 
        D848  4 0.0314 0.0725 0.1041 0.7920 
        D849  4 0.0510 0.0338 0.5325 0.3827 
        D850  4 0.1392 0.5951 0.1925 0.0733 
        D856  4 0.1362 0.2192 0.3315 0.3131 
        D857  4 0.0363 0.0163 0.0270 0.9204 
        D859  4 0.1593 0.2538 0.4838 0.1031 
        D860  4 0.3615 0.4502 0.0753 0.1130 
        D883  4 0.4246 0.2285 0.1829 0.1640 
        D884  4 0.3651 0.0873 0.4549 0.0927 
        D885  4 0.0451 0.3270 0.5452 0.0826 
        D886  4 0.1708 0.1794 0.1569 0.4929 
        D887  4 0.2271 0.2043 0.4573 0.1113 
        D889  4 0.1274 0.0187 0.8369 0.0170 
        D890  4 0.5559 0.1202 0.0485 0.2754 
        D891  4 0.0176 0.0237 0.9456 0.0131 
        D899  4 0.2022 0.4681 0.2476 0.0820 
        D900  4 0.1655 0.4140 0.2749 0.1456 
        D970  4 0.1667 0.4402 0.2348 0.1582 
        D971  4 0.0852 0.4342 0.0295 0.4511 
        D979  4 0.1794 0.6962 0.0776 0.0468 
        H002  4 0.2086 0.1481 0.3075 0.3358 
        H003  4 0.0800 0.2457 0.5920 0.0823 
        H009  4 0.0502 0.0246 0.0566 0.8685 
        H010  4 0.2091 0.2932 0.3359 0.1618 
        H011  4 0.5681 0.0665 0.2193 0.1461 
        H012  4 0.2418 0.2077 0.2892 0.2612 
        H013  4 0.2272 0.3189 0.3434 0.1105 
        H014  4 0.0964 0.0876 0.7281 0.0878 
        H045  4 0.1488 0.4473 0.3278 0.0761 
        H046  4 0.1241 0.2250 0.5715 0.0795 
        H051  4 0.6856 0.0939 0.1319 0.0887 
        H052  4 0.8420 0.0287 0.0518 0.0776 
        H053  4 0.1332 0.5143 0.2401 0.1124 
        H056  4 0.6724 0.0216 0.0541 0.2519 
        H076  4 0.0248 0.0715 0.8840 0.0198 
        H151  4 0.1527 0.2027 0.5494 0.0952 
        H152  4 0.7976 0.0708 0.0674 0.0642 
     H171803  4 0.0732 0.0931 0.5856 0.2481 
     H171804  4 0.4671 0.0693 0.2683 0.1952 
     H171833  4 0.0331 0.0613 0.1711 0.7345 
     H171855  4 0.0951 0.0245 0.8279 0.0525 
     H171856  4 0.0716 0.1062 0.4024 0.4198 
     H171857  4 0.2087 0.0605 0.6760 0.0548 
     H171858  4 0.6772 0.1445 0.1316 0.0466 
     H171859  4 0.6900 0.0829 0.1683 0.0588 
     H171961  4 0.2359 0.3547 0.2269 0.1826 
        H198  4 0.0911 0.4112 0.3934 0.1042 
      H20001  4 0.0165 0.0189 0.0539 0.9107 
        H403  4 0.0726 0.0662 0.4374 0.4239 
        H404  4 0.1518 0.5736 0.1462 0.1285 
        H405  4 0.1111 0.2851 0.1371 0.4667 
        H406  4 0.0199 0.0839 0.1070 0.7892 
        H407  4 0.1788 0.0985 0.6653 0.0574 
        H410  4 0.0231 0.3507 0.5803 0.0459 
        H411  4 0.0392 0.0492 0.2764 0.6352 
        H468  4 0.0414 0.0467 0.4502 0.4618 
        H476  4 0.3164 0.1063 0.0788 0.4984 
        H477  4 0.0602 0.0204 0.0291 0.8902 
        H478  4 0.0357 0.0440 0.0426 0.8777 
        H479  4 0.4753 0.3831 0.0633 0.0783 
        H480  4 0.1618 0.1742 0.3759 0.2881 
        H498  4 0.0356 0.0767 0.7888 0.0989 
        H499  4 0.2737 0.0853 0.0914 0.5496 
        H500  4 0.2802 0.2877 0.2170 0.2150 
        H515  4 0.1825 0.1808 0.2676 0.3691 
        H516  4 0.0387 0.1493 0.6868 0.1253 
        H517  4 0.2462 0.4895 0.2112 0.0532 
        H518  4 0.8651 0.0249 0.0773 0.0327 
        H520  4 0.5194 0.0874 0.3167 0.0765 
        H521  4 0.1233 0.4048 0.2291 0.2429 
        H522  4 0.0610 0.0726 0.4320 0.4344 
        H523  4 0.4022 0.2387 0.2314 0.1278 
        H536  4 0.3860 0.2442 0.1277 0.2421 
        H645  4 0.6481 0.2710 0.0334 0.0475 
        H646  4 0.0221 0.7086 0.2366 0.0327 
        H647  4 0.1366 0.1587 0.0449 0.6598 
        H657  4 0.1403 0.2948 0.4960 0.0688 
        H658  4 0.5454 0.2332 0.1349 0.0866 
        H659  4 0.1038 0.0455 0.1579 0.6927 
        H660  4 0.4353 0.0636 0.1179 0.3833 
        H661  4 0.0330 0.0223 0.4125 0.5322 
        H668  4 0.2479 0.4585 0.0651 0.2284 
        H669  4 0.0349 0.7913 0.0828 0.0910 
        H670  4 0.6577 0.2013 0.1061 0.0349 
        H678  4 0.0425 0.2001 0.2894 0.4680 
        H679  4 0.0529 0.6468 0.0678 0.2325 
        H680  4 0.0400 0.0296 0.8869 0.0435 
        H681  4 0.7948 0.0990 0.0354 0.0708 
        H682  4 0.0866 0.6091 0.1586 0.1458 
        H683  4 0.0991 0.1674 0.0631 0.6704 
        H718  4 0.3031 0.2768 0.3682 0.0520 
        H719  4 0.1759 0.1451 0.5679 0.1111 
        H720  4 0.1439 0.0201 0.0604 0.7756 
        H721  4 0.0686 0.0145 0.8876 0.0293 
        H722  4 0.0602 0.0909 0.3119 0.5370 
        H723  4 0.3105 0.3568 0.1800 0.1528 
        H724  4 0.7030 0.0500 0.2048 0.0421 
        H725  4 0.4023 0.0227 0.5357 0.0393 
        H726  4 0.1010 0.2755 0.4425 0.1809 
        H727  4 0.2401 0.2663 0.4445 0.0491 
        H910  4 0.6371 0.0705 0.2130 0.0795 
        H911  4 0.0522 0.5760 0.1216 0.2503 
        H912  4 0.0924 0.1940 0.2739 0.4397 
        H913  4 0.3515 0.2192 0.3151 0.1142 
        H914  4 0.6020 0.1716 0.1448 0.0816 
        H915  4 0.0983 0.2322 0.1220 0.5475 
        H916  4 0.0507 0.0457 0.1975 0.7061 
       H9572  4 0.0257 0.0188 0.7301 0.2255 
      H009.1  4 0.6932 0.0531 0.0485 0.2052 
      H046.4  4 0.1430 0.4709 0.2400 0.1461 
 H076.1_2002  4 0.0148 0.1041 0.8269 0.0543 
 H076.1_2003  4 0.0133 0.0333 0.9395 0.0139 
 H076.1_2004  4 0.0167 0.0805 0.8798 0.0229 
      H477.1  4 0.0711 0.0241 0.4052 0.4996 
 H479.1_2005  4 0.2817 0.4238 0.0713 0.2232 
 H479.1_2006  4 0.0787 0.1255 0.2034 0.5924 
      H516.1  4 0.0714 0.2896 0.4676 0.1713 
      H646.1  4 0.0628 0.2752 0.4911 0.1709 
      H658.1  4 0.1911 0.1000 0.1936 0.5153 
