        D174  1 0.0950 0.0611 0.0876 0.1107 0.0647 0.1881 0.0590 0.3336 
        D199  1 0.0349 0.0717 0.1141 0.2867 0.0822 0.2705 0.0693 0.0705 
        D203  1 0.1383 0.1397 0.0938 0.1748 0.0725 0.1539 0.1687 0.0582 
        D204  1 0.0269 0.1956 0.0448 0.1164 0.0367 0.4751 0.0632 0.0414 
     D237366  1 0.2171 0.2573 0.0914 0.0598 0.1155 0.0929 0.0692 0.0968 
     D237367  1 0.0281 0.2808 0.1137 0.1785 0.0607 0.2126 0.0500 0.0755 
     D237368  1 0.0466 0.0393 0.0808 0.2144 0.3561 0.1223 0.0739 0.0666 
     D244101  1 0.0652 0.0674 0.0641 0.4484 0.0397 0.1369 0.1505 0.0277 
     D244102  1 0.0500 0.2700 0.1162 0.0718 0.1173 0.0704 0.2414 0.0629 
     D244103  1 0.1564 0.0527 0.2171 0.0387 0.0549 0.3424 0.0858 0.0519 
     D244104  1 0.0448 0.0300 0.0396 0.0523 0.0517 0.6765 0.0441 0.0609 
     D244105  1 0.1636 0.0723 0.3020 0.0319 0.1349 0.0595 0.2067 0.0291 
     D244106  1 0.2624 0.1150 0.0816 0.1372 0.0411 0.0794 0.0650 0.2183 
     D244107  1 0.0502 0.0332 0.1437 0.0541 0.3438 0.0628 0.2857 0.0265 
     D244108  1 0.0445 0.2072 0.0887 0.0793 0.2264 0.0662 0.1167 0.1710 
     D244113  1 0.0206 0.0564 0.0603 0.0439 0.0667 0.0440 0.0832 0.6250 
     D244114  1 0.2653 0.0959 0.2449 0.0470 0.0586 0.0807 0.1110 0.0967 
     D244115  1 0.0598 0.0424 0.2171 0.0446 0.0878 0.2375 0.0735 0.2374 
     D267365  1 0.0495 0.0819 0.0962 0.0803 0.0523 0.3639 0.1249 0.1509 
        D404  1 0.0428 0.1908 0.0790 0.1096 0.0388 0.0299 0.1301 0.3789 
        D405  1 0.0366 0.0823 0.1152 0.0857 0.0434 0.0792 0.4426 0.1150 
        D406  1 0.0370 0.0594 0.0385 0.0408 0.6837 0.0512 0.0427 0.0467 
        D407  1 0.0318 0.0341 0.2356 0.2692 0.0495 0.2975 0.0360 0.0463 
        D408  1 0.0930 0.0298 0.0834 0.0431 0.0217 0.0479 0.0544 0.6267 
        D409  1 0.1340 0.0389 0.2674 0.0554 0.0510 0.0713 0.3455 0.0365 
        D410  1 0.0356 0.0448 0.0914 0.0251 0.5447 0.0915 0.1039 0.0630 
        D421  1 0.0192 0.0178 0.0353 0.1570 0.0160 0.7025 0.0246 0.0275 
        D422  1 0.1806 0.0263 0.1051 0.0253 0.5412 0.0417 0.0563 0.0234 
        D423  1 0.0359 0.0386 0.1232 0.1638 0.4920 0.0473 0.0691 0.0301 
        D424  1 0.0280 0.0327 0.1447 0.0404 0.0395 0.6345 0.0383 0.0419 
        D425  1 0.0372 0.1676 0.1523 0.0790 0.0341 0.2126 0.1598 0.1574 
        D426  1 0.3503 0.0172 0.4029 0.0583 0.0310 0.0422 0.0598 0.0383 
        D427  1 0.0323 0.0209 0.0394 0.4365 0.0264 0.3230 0.0401 0.0815 
        D428  1 0.0226 0.2732 0.2046 0.0753 0.0901 0.1071 0.0616 0.1655 
        D429  1 0.1765 0.0912 0.0863 0.0469 0.0344 0.3285 0.1320 0.1043 
        D430  1 0.1914 0.1103 0.1737 0.1944 0.0322 0.1245 0.0453 0.1282 
        D491  1 0.0462 0.0432 0.0894 0.0520 0.0538 0.1071 0.0620 0.5462 
        D492  1 0.0532 0.0649 0.1818 0.1374 0.0506 0.2846 0.0603 0.1673 
        D537  1 0.0298 0.0688 0.1378 0.0582 0.0678 0.5181 0.0685 0.0509 
        D538  1 0.0600 0.0912 0.1929 0.1499 0.1934 0.0605 0.1163 0.1358 
        D539  1 0.3237 0.1077 0.1011 0.0363 0.1231 0.0549 0.0849 0.1682 
        D540  1 0.0582 0.0376 0.3297 0.0490 0.0414 0.2323 0.1968 0.0550 
        D541  1 0.0232 0.0314 0.0310 0.0449 0.0282 0.7708 0.0467 0.0239 
        D551  1 0.4715 0.0426 0.2343 0.0353 0.0582 0.0695 0.0452 0.0433 
        D552  1 0.0735 0.0380 0.0844 0.0567 0.4797 0.0833 0.0851 0.0993 
        D553  1 0.0188 0.0183 0.0236 0.0188 0.0222 0.8470 0.0262 0.0250 
        D615  1 0.0854 0.0537 0.1277 0.0553 0.1556 0.3073 0.0869 0.1281 
        D616  1 0.1167 0.0256 0.1638 0.1852 0.1378 0.2448 0.0680 0.0581 
        D621  1 0.0344 0.0365 0.0452 0.0269 0.4707 0.0218 0.0967 0.2679 
        D622  1 0.1116 0.0534 0.1189 0.0533 0.4434 0.0588 0.0816 0.0790 
        D623  1 0.0236 0.0884 0.0462 0.5675 0.0389 0.0371 0.0740 0.1242 
        D624  1 0.0660 0.0490 0.1615 0.0463 0.0393 0.1503 0.0268 0.4608 
        D625  1 0.0373 0.0668 0.0540 0.0344 0.0505 0.6101 0.0416 0.1053 
        D626  1 0.0634 0.1626 0.0799 0.0428 0.0883 0.1377 0.0706 0.3548 
        D627  1 0.3639 0.0395 0.2788 0.0496 0.0302 0.1283 0.0626 0.0472 
        D690  1 0.0205 0.0563 0.0354 0.0252 0.0641 0.6077 0.0385 0.1522 
        D691  1 0.3221 0.0889 0.0639 0.0639 0.2535 0.1382 0.0283 0.0411 
        D710  1 0.0349 0.0367 0.1311 0.1628 0.1046 0.2083 0.1826 0.1389 
        D711  1 0.0287 0.3584 0.0451 0.0480 0.0790 0.3324 0.0537 0.0547 
        D712  1 0.0497 0.0865 0.0991 0.1066 0.0971 0.0527 0.1038 0.4044 
        D713  1 0.0402 0.0809 0.1867 0.0383 0.0639 0.1741 0.1063 0.3097 
        D746  1 0.0632 0.0228 0.0394 0.0285 0.6804 0.0881 0.0324 0.0451 
        D747  1 0.0231 0.0830 0.0277 0.0710 0.0202 0.7038 0.0464 0.0248 
        D748  1 0.2406 0.1034 0.1176 0.0540 0.0988 0.2591 0.0385 0.0880 
        D749  1 0.0735 0.0319 0.1915 0.0411 0.3594 0.0478 0.1794 0.0754 
        D750  1 0.0539 0.0365 0.0524 0.0441 0.0455 0.2214 0.0664 0.4798 
        D763  1 0.1048 0.0721 0.1893 0.1536 0.1709 0.1446 0.0810 0.0837 
        D764  1 0.0298 0.0203 0.0536 0.0395 0.0624 0.6588 0.0469 0.0886 
        D765  1 0.1107 0.0594 0.1913 0.0252 0.2635 0.0580 0.2057 0.0862 
        D766  1 0.0443 0.0617 0.1330 0.0538 0.3996 0.0670 0.1261 0.1145 
        D767  1 0.0315 0.5984 0.0568 0.0434 0.0892 0.0656 0.0670 0.0481 
        D768  1 0.0287 0.0261 0.0406 0.0285 0.0269 0.8023 0.0283 0.0187 
        D811  1 0.0335 0.0655 0.1738 0.0512 0.0403 0.0373 0.0768 0.5216 
        D816  1 0.0265 0.0682 0.0686 0.0481 0.0419 0.6109 0.0759 0.0599 
        D825  1 0.0501 0.1080 0.1876 0.0468 0.1101 0.0756 0.0733 0.3485 
        D866  1 0.2577 0.0480 0.1012 0.1737 0.0617 0.1336 0.0906 0.1336 
        D867  1 0.0348 0.0272 0.1429 0.0745 0.5008 0.0507 0.1231 0.0460 
        D871  1 0.1470 0.2387 0.3060 0.0405 0.0269 0.0712 0.0586 0.1112 
        D872  1 0.0222 0.2559 0.0557 0.0509 0.4130 0.0944 0.0625 0.0454 
        D873  1 0.0200 0.0211 0.0318 0.0229 0.7726 0.0135 0.0951 0.0230 
        D874  1 0.0485 0.1358 0.0767 0.1249 0.0252 0.1817 0.1087 0.2985 
        D875  1 0.2277 0.0487 0.4706 0.0400 0.0605 0.0399 0.0767 0.0358 
        D876  1 0.0361 0.0957 0.1027 0.0470 0.1390 0.3371 0.1124 0.1300 
        D877  1 0.0256 0.1482 0.0956 0.0700 0.0292 0.0351 0.0689 0.5275 
        D892  1 0.1217 0.2387 0.0974 0.0820 0.0572 0.2264 0.0504 0.1262 
        D893  1 0.0432 0.2391 0.1441 0.0488 0.0722 0.3291 0.0835 0.0399 
        D894  1 0.1228 0.0620 0.0792 0.0419 0.0434 0.5341 0.0670 0.0495 
        D915  1 0.0990 0.0617 0.0980 0.0413 0.0783 0.4690 0.0942 0.0584 
        D916  1 0.0237 0.0235 0.0235 0.0243 0.0261 0.8333 0.0221 0.0234 
        D917  1 0.0321 0.0463 0.1017 0.1340 0.0370 0.2162 0.2167 0.2160 
        D925  1 0.0235 0.0317 0.0489 0.0320 0.5730 0.1748 0.0390 0.0770 
        D926  1 0.0743 0.1115 0.1699 0.0433 0.0443 0.3247 0.1432 0.0888 
        D927  1 0.0516 0.1358 0.0748 0.4485 0.0540 0.1572 0.0351 0.0430 
        D928  1 0.0174 0.0314 0.0488 0.0351 0.0298 0.0717 0.1228 0.6431 
        D929  1 0.0303 0.6273 0.0623 0.0345 0.0371 0.0389 0.0771 0.0925 
        D936  1 0.0766 0.1405 0.0884 0.1043 0.0428 0.2607 0.2052 0.0814 
        D938  1 0.0373 0.0343 0.0440 0.0304 0.7071 0.0312 0.0585 0.0572 
        D956  1 0.1175 0.0535 0.1212 0.0484 0.0589 0.0524 0.1131 0.4350 
        D957  1 0.0283 0.1537 0.0595 0.0574 0.3508 0.0709 0.2413 0.0382 
        D958  1 0.0324 0.0725 0.0796 0.0569 0.3908 0.0903 0.0581 0.2193 
        D959  1 0.0497 0.0293 0.3702 0.2176 0.0450 0.2038 0.0541 0.0303 
        D960  1 0.0788 0.0298 0.0458 0.0311 0.5807 0.0488 0.1529 0.0320 
        D989  1 0.0570 0.0602 0.0933 0.4357 0.0329 0.1224 0.0671 0.1313 
        D990  1 0.0433 0.0874 0.0542 0.0530 0.6485 0.0365 0.0380 0.0391 
        H102  1 0.0713 0.0511 0.0669 0.0352 0.1124 0.4253 0.0607 0.1771 
        H103  1 0.0254 0.1383 0.4767 0.0716 0.0705 0.1005 0.0862 0.0307 
        H104  1 0.1329 0.4171 0.0712 0.0582 0.0388 0.1518 0.0594 0.0706 
        H105  1 0.0455 0.0354 0.0937 0.0660 0.0482 0.2577 0.1903 0.2633 
        H106  1 0.1500 0.1826 0.0919 0.0508 0.2879 0.0581 0.1183 0.0604 
        H112  1 0.1733 0.0959 0.1584 0.0662 0.0744 0.1048 0.1267 0.2004 
        H113  1 0.1260 0.0698 0.1650 0.1210 0.0662 0.2007 0.1736 0.0775 
        H114  1 0.0925 0.0406 0.1233 0.0967 0.0687 0.3756 0.1642 0.0384 
        H115  1 0.1607 0.1022 0.0930 0.0634 0.0521 0.3494 0.0816 0.0977 
        H143  1 0.0416 0.0299 0.0876 0.0275 0.0957 0.5991 0.0623 0.0564 
        H144  1 0.0381 0.0397 0.2923 0.0578 0.0550 0.4076 0.0614 0.0481 
        H145  1 0.0403 0.0415 0.1933 0.0414 0.0720 0.0359 0.0600 0.5156 
        H149  1 0.1873 0.1850 0.0687 0.0985 0.0406 0.2404 0.1063 0.0732 
        H150  1 0.1052 0.1459 0.2977 0.0881 0.0653 0.0364 0.0683 0.1932 
     H167542  1 0.0455 0.0686 0.0761 0.0414 0.0707 0.4985 0.1383 0.0609 
     H169604  1 0.0941 0.1436 0.1007 0.2045 0.0292 0.0883 0.0815 0.2581 
     H169607  1 0.0511 0.0858 0.2551 0.0724 0.0552 0.0571 0.0779 0.3454 
     H169608  1 0.0348 0.0634 0.0569 0.0387 0.0641 0.0552 0.0429 0.6440 
     H169633  1 0.0898 0.0334 0.1444 0.1428 0.0513 0.1999 0.2402 0.0983 
     H169688  1 0.0249 0.1021 0.1411 0.1771 0.3974 0.0541 0.0538 0.0494 
     H169714  1 0.4645 0.2478 0.0639 0.0445 0.0366 0.0512 0.0623 0.0291 
     H171802  1 0.1303 0.1306 0.1833 0.2601 0.1095 0.0538 0.0708 0.0616 
     H171805  1 0.0922 0.3534 0.1291 0.0361 0.1604 0.0787 0.1133 0.0368 
     H171807  1 0.1049 0.0724 0.1721 0.1612 0.0708 0.0319 0.1321 0.2546 
     H171814  1 0.0351 0.0452 0.1589 0.3437 0.0871 0.1183 0.1672 0.0445 
     H171816  1 0.0736 0.1685 0.1800 0.1206 0.1962 0.0557 0.1258 0.0795 
     H171817  1 0.0686 0.2433 0.0832 0.0360 0.0776 0.0838 0.1600 0.2474 
     H171818  1 0.1494 0.1027 0.1083 0.0694 0.1533 0.2346 0.1514 0.0309 
     H171819  1 0.0849 0.0742 0.0942 0.1471 0.1112 0.0661 0.3035 0.1187 
     H171834  1 0.6079 0.0302 0.0593 0.0379 0.0613 0.0656 0.1162 0.0216 
     H171835  1 0.0800 0.4321 0.0547 0.1097 0.1249 0.0482 0.0281 0.1224 
     H171836  1 0.0508 0.0291 0.1717 0.1193 0.2902 0.0614 0.2298 0.0479 
     H171837  1 0.0982 0.0531 0.0715 0.0629 0.0713 0.4241 0.0391 0.1798 
     H171838  1 0.2050 0.0461 0.0983 0.0777 0.1552 0.0222 0.3538 0.0417 
     H171839  1 0.1005 0.2030 0.0793 0.1839 0.0458 0.1719 0.0464 0.1693 
     H171841  1 0.0337 0.0437 0.1016 0.0388 0.1586 0.0233 0.0958 0.5043 
     H171860  1 0.0970 0.0840 0.0971 0.2071 0.0306 0.0976 0.0952 0.2912 
     H171861  1 0.0467 0.0320 0.1339 0.0334 0.1833 0.1975 0.3342 0.0389 
     H171862  1 0.2740 0.0591 0.1687 0.0583 0.0487 0.1155 0.2139 0.0618 
     H171868  1 0.0535 0.0411 0.0489 0.0316 0.0317 0.6931 0.0604 0.0397 
     H171869  1 0.0768 0.0485 0.2197 0.1088 0.2457 0.0968 0.1634 0.0404 
     H171870  1 0.0800 0.1921 0.2382 0.0748 0.2562 0.0620 0.0532 0.0437 
     H171871  1 0.1239 0.1072 0.3129 0.0666 0.1041 0.0676 0.1750 0.0426 
     H171872  1 0.0981 0.2285 0.0961 0.0563 0.0445 0.1046 0.0602 0.3116 
     H171873  1 0.1876 0.0943 0.1312 0.0697 0.4059 0.0377 0.0342 0.0393 
     H171874  1 0.1855 0.0338 0.1319 0.1864 0.1574 0.0718 0.1413 0.0919 
     H171875  1 0.0750 0.0303 0.1096 0.0790 0.0662 0.1237 0.4845 0.0318 
     H171876  1 0.0443 0.0350 0.0941 0.4268 0.0414 0.1735 0.0806 0.1042 
     H171877  1 0.0430 0.0420 0.0551 0.0867 0.0481 0.5928 0.0554 0.0769 
     H171878  1 0.0335 0.1318 0.1602 0.2026 0.2899 0.0535 0.0954 0.0332 
     H171901  1 0.0317 0.2859 0.0554 0.0648 0.1280 0.0483 0.0754 0.3105 
     H171902  1 0.0897 0.0601 0.1406 0.0382 0.0689 0.0527 0.0611 0.4886 
     H171903  1 0.2045 0.0572 0.1599 0.1842 0.0404 0.1937 0.1019 0.0583 
     H171935  1 0.1889 0.1439 0.1035 0.0922 0.2350 0.0195 0.0549 0.1622 
     H171936  1 0.0561 0.0517 0.0658 0.2086 0.1113 0.3152 0.1625 0.0289 
     H171940  1 0.1286 0.0668 0.0908 0.0531 0.0401 0.1687 0.3292 0.1227 
     H171945  1 0.0503 0.0669 0.2009 0.0444 0.2680 0.0557 0.1908 0.1230 
     H171948  1 0.1279 0.0624 0.0842 0.0521 0.0471 0.0485 0.5115 0.0663 
     H171949  1 0.2956 0.1161 0.0748 0.0746 0.0618 0.0470 0.0692 0.2609 
     H171950  1 0.0510 0.5641 0.0395 0.0372 0.0582 0.1112 0.0282 0.1106 
     H171963  1 0.0412 0.0301 0.0993 0.0596 0.6046 0.0665 0.0660 0.0328 
     H171964  1 0.1872 0.0400 0.4043 0.1547 0.0690 0.0337 0.0504 0.0607 
     H171966  1 0.1916 0.0557 0.1336 0.0347 0.3262 0.0814 0.0954 0.0813 
     H171968  1 0.0584 0.0565 0.0862 0.0322 0.1425 0.1328 0.0400 0.4514 
     H171971  1 0.3657 0.1375 0.1268 0.0652 0.1395 0.0299 0.1028 0.0326 
     H171972  1 0.0310 0.0402 0.0612 0.6905 0.0347 0.0332 0.0546 0.0546 
     H171977  1 0.0465 0.0615 0.1660 0.1508 0.2018 0.0921 0.2248 0.0566 
     H171978  1 0.0681 0.4939 0.1361 0.0378 0.0604 0.0374 0.0765 0.0899 
     H171979  1 0.1699 0.0485 0.3066 0.1554 0.0596 0.0384 0.1414 0.0802 
        H176  1 0.0745 0.0505 0.0807 0.0924 0.0363 0.1717 0.0853 0.4086 
        H177  1 0.0886 0.2627 0.0877 0.0342 0.2261 0.0775 0.0847 0.1384 
        H179  1 0.0365 0.2549 0.0431 0.0639 0.0243 0.4080 0.1149 0.0544 
        H181  1 0.1242 0.0198 0.1193 0.0571 0.0884 0.0379 0.5108 0.0426 
        H182  1 0.0925 0.0545 0.1578 0.0412 0.2468 0.0588 0.2903 0.0581 
        H183  1 0.0477 0.0223 0.2239 0.0801 0.2871 0.0596 0.2461 0.0331 
        H184  1 0.1581 0.1009 0.1602 0.0545 0.0704 0.0671 0.1976 0.1913 
        H185  1 0.1017 0.0460 0.1434 0.1901 0.2030 0.1038 0.1643 0.0477 
        H186  1 0.0348 0.0852 0.2327 0.0387 0.1457 0.3525 0.0533 0.0571 
        H187  1 0.0185 0.1557 0.0683 0.0692 0.4622 0.0754 0.1243 0.0263 
        H188  1 0.1043 0.0431 0.0805 0.0963 0.0341 0.4488 0.0586 0.1342 
        H192  1 0.3436 0.1222 0.0872 0.0493 0.1689 0.0407 0.0972 0.0909 
        H193  1 0.0684 0.0917 0.2884 0.0273 0.0754 0.1429 0.2503 0.0556 
        H194  1 0.2817 0.1174 0.1255 0.0907 0.0512 0.1171 0.1288 0.0875 
        H195  1 0.0457 0.0407 0.1958 0.1506 0.4175 0.0396 0.0602 0.0499 
        H199  1 0.0370 0.0317 0.1851 0.0708 0.2276 0.0346 0.1129 0.3002 
        H200  1 0.0820 0.0654 0.0877 0.2687 0.0709 0.0723 0.1521 0.2010 
        H414  1 0.0823 0.3664 0.1153 0.0955 0.0994 0.1077 0.0834 0.0499 
        H415  1 0.0534 0.1164 0.1173 0.1085 0.0473 0.1221 0.3415 0.0935 
        H422  1 0.0421 0.0432 0.1495 0.0456 0.0985 0.1791 0.1476 0.2945 
        H423  1 0.0544 0.0872 0.0976 0.0645 0.0537 0.0343 0.1636 0.4447 
        H424  1 0.0424 0.0536 0.2519 0.0476 0.2230 0.1033 0.2404 0.0376 
        H425  1 0.0463 0.0603 0.1739 0.0789 0.4871 0.0437 0.0629 0.0469 
        H426  1 0.3051 0.1035 0.2123 0.0435 0.1502 0.0450 0.0783 0.0621 
        H443  1 0.0576 0.0314 0.1936 0.0344 0.0771 0.5251 0.0249 0.0559 
        H466  1 0.1342 0.1301 0.1972 0.1547 0.0500 0.1476 0.1389 0.0473 
        H467  1 0.6043 0.1232 0.0481 0.0307 0.0882 0.0285 0.0359 0.0411 
        H472  1 0.0377 0.0664 0.0916 0.0680 0.0365 0.0452 0.0537 0.6010 
        H483  1 0.0830 0.0232 0.0743 0.0714 0.0693 0.0984 0.5269 0.0535 
        H504  1 0.0340 0.0469 0.1569 0.0785 0.3571 0.0608 0.1726 0.0932 
        H505  1 0.0693 0.2490 0.0946 0.1057 0.0695 0.2188 0.1370 0.0563 
        H506  1 0.0440 0.0973 0.1186 0.0677 0.0733 0.0670 0.4294 0.1028 
        H507  1 0.0496 0.0975 0.1719 0.0924 0.1815 0.1421 0.2051 0.0599 
        H508  1 0.1319 0.2424 0.2408 0.1002 0.0991 0.0728 0.0658 0.0469 
        H524  1 0.0461 0.2529 0.0812 0.1572 0.2311 0.0798 0.1083 0.0434 
        H525  1 0.0771 0.0862 0.2532 0.1201 0.0839 0.1856 0.0623 0.1316 
        H526  1 0.0969 0.0356 0.1330 0.1261 0.0697 0.2212 0.1165 0.2011 
        H527  1 0.0408 0.3670 0.0792 0.0690 0.0880 0.0631 0.1684 0.1244 
        H528  1 0.0880 0.0620 0.2609 0.1859 0.0292 0.0609 0.2263 0.0868 
        H529  1 0.0659 0.1390 0.4205 0.0422 0.1016 0.1311 0.0576 0.0421 
        H533  1 0.0594 0.3635 0.1318 0.0363 0.1247 0.0561 0.1898 0.0384 
        H538  1 0.0686 0.1169 0.1352 0.1496 0.0426 0.0938 0.0459 0.3474 
        H539  1 0.0178 0.0475 0.0443 0.0342 0.7488 0.0443 0.0393 0.0238 
        H540  1 0.1443 0.0823 0.1713 0.0557 0.2687 0.0750 0.1085 0.0944 
        H541  1 0.0548 0.2287 0.0846 0.0802 0.0428 0.3088 0.1155 0.0846 
        H558  1 0.0386 0.0249 0.1231 0.0563 0.4360 0.0264 0.2642 0.0304 
        H559  1 0.0255 0.0552 0.0832 0.0442 0.0404 0.2787 0.3495 0.1233 
        H579  1 0.0439 0.0291 0.1390 0.0405 0.5120 0.0839 0.0605 0.0911 
        H584  1 0.2152 0.0975 0.2345 0.0793 0.0680 0.0710 0.0747 0.1599 
        H585  1 0.1696 0.1323 0.1460 0.0869 0.0602 0.1016 0.2737 0.0297 
        H605  1 0.0687 0.1428 0.1132 0.0759 0.1713 0.2848 0.0707 0.0726 
        H606  1 0.0384 0.0868 0.0525 0.0328 0.0456 0.4277 0.0556 0.2606 
        H632  1 0.2173 0.0434 0.1595 0.2008 0.0759 0.0638 0.0606 0.1786 
        H634  1 0.0556 0.1296 0.1695 0.0646 0.1970 0.1932 0.0968 0.0938 
        H671  1 0.0537 0.2269 0.0646 0.0713 0.0295 0.0633 0.1035 0.3873 
        H672  1 0.0283 0.1155 0.0498 0.5374 0.0499 0.1347 0.0395 0.0449 
        H673  1 0.0443 0.0242 0.4194 0.1042 0.0578 0.1457 0.1480 0.0563 
        H689  1 0.1912 0.0415 0.2844 0.0995 0.0563 0.1219 0.1165 0.0887 
        H690  1 0.1231 0.2014 0.1150 0.0366 0.1114 0.2410 0.1014 0.0701 
        H691  1 0.0989 0.0608 0.0677 0.2984 0.0527 0.2881 0.0622 0.0714 
        H692  1 0.0399 0.0211 0.4905 0.2146 0.0396 0.0617 0.0991 0.0336 
        H709  1 0.0418 0.3340 0.1425 0.0851 0.0560 0.2256 0.0601 0.0549 
        H710  1 0.0547 0.0356 0.5653 0.0619 0.0434 0.0684 0.1347 0.0361 
       H7355  1 0.0885 0.0513 0.1117 0.0392 0.0599 0.0732 0.0933 0.4828 
       H7356  1 0.1360 0.1940 0.2696 0.0781 0.1459 0.0421 0.0761 0.0582 
       H7357  1 0.0674 0.1372 0.0736 0.0335 0.1357 0.2541 0.0991 0.1993 
       H7358  1 0.0290 0.0396 0.1037 0.1738 0.1525 0.1430 0.0751 0.2832 
       H7380  1 0.1123 0.0626 0.1650 0.0442 0.0590 0.1632 0.2158 0.1780 
       H7381  1 0.0714 0.1756 0.3055 0.0804 0.0508 0.0519 0.1122 0.1521 
       H7382  1 0.0799 0.0574 0.2200 0.2407 0.0956 0.1021 0.0797 0.1246 
        H904  1 0.0849 0.0769 0.0579 0.0357 0.0555 0.4143 0.0414 0.2333 
        H923  1 0.1387 0.0655 0.2295 0.1492 0.1356 0.0773 0.0627 0.1415 
        H924  1 0.0781 0.0446 0.1437 0.0864 0.1416 0.1551 0.1437 0.2067 
        H925  1 0.0286 0.0375 0.0635 0.0714 0.0875 0.6372 0.0378 0.0364 
       H9558  1 0.0353 0.0218 0.0808 0.0433 0.5556 0.0224 0.2132 0.0276 
      H105.1  1 0.1720 0.0773 0.2163 0.0553 0.0438 0.0612 0.3467 0.0273 
      H115.1  1 0.0350 0.0509 0.0427 0.0353 0.0458 0.6548 0.1102 0.0252 
      H145.1  1 0.0292 0.0342 0.0666 0.0263 0.0454 0.0931 0.0441 0.6611 
      H149.1  1 0.0248 0.0206 0.0253 0.0263 0.0284 0.8247 0.0252 0.0248 
      H150.1  1 0.0433 0.0489 0.2026 0.0276 0.4555 0.0334 0.0832 0.1055 
   H169607.1  1 0.0304 0.2137 0.0939 0.0772 0.0957 0.0850 0.1740 0.2302 
   H169633.1  1 0.0453 0.0233 0.0675 0.1309 0.1352 0.4112 0.0640 0.1225 
   H169688.1  1 0.0251 0.0303 0.1814 0.3507 0.0593 0.1985 0.0980 0.0567 
   H171901.1  1 0.0748 0.1466 0.1443 0.2416 0.1201 0.0637 0.1267 0.0822 
   H171902.1  1 0.0458 0.0520 0.0640 0.0345 0.1321 0.1549 0.0765 0.4402 
   H171903.1  1 0.0785 0.3213 0.2054 0.0602 0.0426 0.0534 0.1439 0.0949 
      H177.1  1 0.0470 0.0623 0.1175 0.2384 0.0644 0.3084 0.0543 0.1077 
      H179.1  1 0.0385 0.2487 0.0568 0.0687 0.0676 0.2397 0.1910 0.0889 
      H180.1  1 0.1402 0.0893 0.3998 0.0603 0.1122 0.0780 0.0673 0.0529 
      H181.1  1 0.2179 0.0469 0.1603 0.0491 0.1172 0.2434 0.0999 0.0653 
 H194.1_2004  1 0.0844 0.0648 0.4556 0.0817 0.0834 0.0790 0.0925 0.0587 
 H195.1_2003  1 0.0497 0.2899 0.1260 0.2560 0.0758 0.0523 0.1072 0.0432 
 H195.1_2004  1 0.0852 0.0397 0.0640 0.1551 0.0469 0.2061 0.0364 0.3666 
      H415.1  1 0.0647 0.0700 0.1071 0.0666 0.0998 0.2485 0.2808 0.0625 
      H506.1  1 0.0232 0.0731 0.0811 0.0533 0.0424 0.2412 0.4420 0.0438 
      H533.1  1 0.0307 0.0903 0.0795 0.0271 0.1285 0.3011 0.2948 0.0480 
      H535.1  1 0.1605 0.0923 0.1872 0.0652 0.0726 0.2554 0.0922 0.0746 
      H539.1  1 0.0441 0.0311 0.0980 0.0251 0.4835 0.0481 0.1724 0.0977 
      H540.1  1 0.0407 0.0510 0.0684 0.0290 0.6361 0.0293 0.0767 0.0687 
     H9558.1  1 0.0396 0.0313 0.0507 0.0520 0.6584 0.0284 0.0760 0.0637 
    kos339.1  1 0.0490 0.1380 0.0644 0.0630 0.0375 0.5071 0.0670 0.0740 
        D023  2 0.0234 0.0180 0.0317 0.0289 0.5048 0.3479 0.0248 0.0206 
        D130  2 0.0468 0.0784 0.0715 0.0394 0.6106 0.0747 0.0390 0.0397 
        D131  2 0.1174 0.0945 0.1815 0.0895 0.0449 0.3393 0.0701 0.0628 
        D163  2 0.0981 0.0704 0.1346 0.0250 0.4416 0.0805 0.0899 0.0600 
        D164  2 0.0208 0.0145 0.0196 0.2142 0.6739 0.0168 0.0219 0.0183 
        D165  2 0.0371 0.0242 0.0572 0.0587 0.4920 0.2574 0.0457 0.0278 
        D166  2 0.0719 0.2543 0.2084 0.0416 0.1143 0.0381 0.1931 0.0783 
        D167  2 0.0266 0.0368 0.0442 0.7319 0.0417 0.0191 0.0769 0.0227 
        D192  2 0.0431 0.0270 0.0423 0.6924 0.0386 0.0199 0.1076 0.0290 
        D193  2 0.0929 0.0698 0.0955 0.0249 0.0299 0.0329 0.6154 0.0386 
        D206  2 0.0667 0.0415 0.1901 0.0981 0.0623 0.3327 0.1719 0.0366 
        D207  2 0.0739 0.0555 0.1457 0.5448 0.0364 0.0457 0.0661 0.0318 
        D208  2 0.0496 0.3792 0.0906 0.0730 0.0581 0.0928 0.0561 0.2007 
        D209  2 0.0278 0.0325 0.1264 0.2415 0.1469 0.0395 0.3545 0.0309 
        D210  2 0.3319 0.0618 0.0541 0.1098 0.0389 0.1019 0.0423 0.2593 
     D229599  2 0.0470 0.0628 0.0703 0.0469 0.0592 0.1298 0.5369 0.0472 
     D229600  2 0.0885 0.0697 0.1208 0.2011 0.3768 0.0689 0.0438 0.0305 
     D237227  2 0.0442 0.0704 0.1330 0.1813 0.1690 0.0754 0.0829 0.2438 
     D237228  2 0.0738 0.0346 0.2266 0.0978 0.2343 0.0223 0.1579 0.1526 
     D237258  2 0.0992 0.0418 0.1384 0.1778 0.1047 0.1900 0.1800 0.0680 
     D237310  2 0.1975 0.1268 0.1381 0.0903 0.2434 0.0188 0.0571 0.1280 
     D237311  2 0.0902 0.0536 0.1384 0.2513 0.2806 0.0262 0.1208 0.0388 
     D237312  2 0.2685 0.1399 0.1314 0.0453 0.0998 0.0529 0.1332 0.1290 
     D237313  2 0.1235 0.0766 0.1187 0.0301 0.1756 0.1079 0.1958 0.1718 
     D237322  2 0.0837 0.3265 0.1804 0.0589 0.0502 0.0383 0.0778 0.1842 
     D237323  2 0.1025 0.1691 0.0835 0.1464 0.2853 0.0267 0.0697 0.1167 
     D237324  2 0.0729 0.0740 0.3888 0.1263 0.2170 0.0460 0.0462 0.0289 
     D237325  2 0.1347 0.2243 0.0977 0.1228 0.1478 0.0415 0.1124 0.1188 
     D237326  2 0.0470 0.0370 0.0855 0.0752 0.3534 0.0805 0.2630 0.0584 
     D237327  2 0.1867 0.3165 0.0899 0.2058 0.0490 0.0489 0.0589 0.0442 
     D237337  2 0.1255 0.1116 0.1343 0.0525 0.3063 0.0633 0.0899 0.1166 
     D237338  2 0.1161 0.1852 0.1143 0.1037 0.1193 0.0611 0.1937 0.1067 
     D237339  2 0.0361 0.2488 0.0935 0.2763 0.0504 0.0482 0.2193 0.0272 
     D237340  2 0.0758 0.0947 0.1142 0.3155 0.0905 0.0318 0.1756 0.1019 
     D237389  2 0.0935 0.0579 0.1523 0.1095 0.2698 0.0307 0.2433 0.0430 
     D237390  2 0.1809 0.1220 0.1184 0.0669 0.0553 0.0441 0.3359 0.0766 
     D244017  2 0.0205 0.0802 0.0799 0.5651 0.0520 0.0279 0.1091 0.0654 
     D244112  2 0.0501 0.0405 0.0705 0.4894 0.1499 0.0219 0.1478 0.0299 
     D244118  2 0.0315 0.0539 0.0440 0.2278 0.5299 0.0202 0.0741 0.0188 
     D244119  2 0.0370 0.0450 0.0410 0.5720 0.0349 0.0437 0.0298 0.1967 
     D244120  2 0.2608 0.0446 0.0655 0.1327 0.0503 0.0192 0.3813 0.0455 
     D244122  2 0.0576 0.0904 0.1106 0.3371 0.1333 0.0902 0.1207 0.0601 
        D291  2 0.0932 0.1421 0.3387 0.0789 0.0795 0.0919 0.1333 0.0424 
        D292  2 0.0787 0.1048 0.0564 0.1890 0.1006 0.1758 0.2311 0.0636 
        D293  2 0.0205 0.0372 0.0296 0.7821 0.0174 0.0605 0.0316 0.0210 
        D322  2 0.0322 0.0436 0.0463 0.6234 0.0701 0.1094 0.0468 0.0282 
        D323  2 0.0337 0.0799 0.2397 0.3170 0.0547 0.1022 0.0992 0.0735 
        D324  2 0.3072 0.0346 0.1448 0.0667 0.0981 0.1967 0.0727 0.0792 
        D325  2 0.0472 0.0333 0.0373 0.7540 0.0225 0.0384 0.0493 0.0180 
        D326  2 0.0316 0.0215 0.0494 0.0330 0.0166 0.7768 0.0446 0.0266 
        D340  2 0.0364 0.0212 0.0358 0.7642 0.0322 0.0312 0.0467 0.0324 
        D341  2 0.2486 0.1895 0.0490 0.3147 0.0385 0.0545 0.0285 0.0767 
        D342  2 0.1649 0.0434 0.1231 0.0429 0.4193 0.0610 0.1134 0.0320 
        D343  2 0.0183 0.0222 0.0183 0.8730 0.0157 0.0193 0.0184 0.0148 
        D344  2 0.0330 0.0288 0.0555 0.0255 0.0236 0.0376 0.7689 0.0272 
        D345  2 0.0285 0.0628 0.1233 0.0369 0.2839 0.0869 0.3133 0.0645 
        D346  2 0.0818 0.0258 0.0612 0.1899 0.0282 0.0758 0.0588 0.4783 
        D351  2 0.0507 0.1118 0.1779 0.0798 0.0394 0.3187 0.1772 0.0445 
        D352  2 0.0240 0.0472 0.0764 0.0834 0.0293 0.0324 0.5967 0.1107 
        D353  2 0.0294 0.0448 0.6106 0.0591 0.0299 0.0874 0.0826 0.0562 
        D354  2 0.0268 0.0261 0.0569 0.0222 0.0447 0.0552 0.7115 0.0567 
        D362  2 0.0257 0.0398 0.0445 0.0416 0.0501 0.7001 0.0638 0.0345 
        D363  2 0.0189 0.0248 0.0454 0.0642 0.0372 0.6926 0.0789 0.0380 
        D364  2 0.0303 0.0207 0.0457 0.0242 0.0414 0.1019 0.7044 0.0315 
        D365  2 0.0183 0.0167 0.0178 0.8816 0.0136 0.0202 0.0129 0.0187 
        D369  2 0.0667 0.0327 0.0838 0.4165 0.0279 0.2342 0.0823 0.0559 
        D374  2 0.0310 0.0350 0.0891 0.0393 0.0452 0.0299 0.5288 0.2018 
        D375  2 0.0218 0.0233 0.0416 0.0256 0.0255 0.0243 0.8069 0.0311 
        D376  2 0.0756 0.0396 0.0777 0.0579 0.0529 0.0295 0.4562 0.2105 
        D377  2 0.1692 0.0671 0.1346 0.0622 0.0988 0.0861 0.1665 0.2155 
        D378  2 0.0380 0.0635 0.0554 0.2468 0.0599 0.4618 0.0443 0.0303 
        D379  2 0.0643 0.0439 0.0627 0.0288 0.0293 0.6394 0.0976 0.0339 
        D384  2 0.0234 0.0228 0.0269 0.0242 0.0188 0.8153 0.0298 0.0388 
        D385  2 0.0237 0.0231 0.0325 0.7626 0.0214 0.0228 0.0718 0.0422 
        D386  2 0.0302 0.0786 0.0962 0.0795 0.1239 0.4184 0.1277 0.0454 
        D391  2 0.0253 0.0448 0.0354 0.7651 0.0251 0.0333 0.0319 0.0391 
        D392  2 0.0282 0.0276 0.0519 0.6582 0.0707 0.0609 0.0643 0.0383 
        D393  2 0.1033 0.0455 0.0452 0.0809 0.0487 0.5849 0.0549 0.0366 
        D394  2 0.0747 0.0665 0.0872 0.0957 0.1707 0.0613 0.4071 0.0368 
        D395  2 0.0284 0.0258 0.0685 0.6709 0.0210 0.0259 0.1314 0.0280 
        D401  2 0.0421 0.0272 0.2516 0.1306 0.3295 0.0397 0.1261 0.0531 
        D402  2 0.0888 0.0508 0.0514 0.6284 0.0408 0.0379 0.0443 0.0575 
        D403  2 0.0829 0.1118 0.2071 0.0270 0.0676 0.3254 0.1438 0.0344 
        D415  2 0.0787 0.0383 0.2752 0.0907 0.0415 0.3606 0.0747 0.0402 
        D435  2 0.1020 0.0374 0.0707 0.2833 0.0528 0.2835 0.1294 0.0408 
        D436  2 0.0520 0.1264 0.0674 0.0401 0.0282 0.0964 0.4986 0.0909 
        D438  2 0.0339 0.0226 0.0370 0.7611 0.0446 0.0304 0.0240 0.0465 
        D439  2 0.0340 0.0393 0.1360 0.0411 0.0590 0.0595 0.5927 0.0383 
        D449  2 0.1541 0.0214 0.2191 0.1592 0.0346 0.0700 0.3055 0.0363 
        D450  2 0.0780 0.0916 0.0978 0.0294 0.0548 0.1323 0.1382 0.3779 
        D456  2 0.0324 0.0278 0.0620 0.0208 0.0237 0.7533 0.0504 0.0295 
        D462  2 0.0212 0.0372 0.0346 0.7440 0.0252 0.0387 0.0750 0.0241 
        D463  2 0.0287 0.0247 0.0486 0.0235 0.0187 0.7541 0.0623 0.0394 
        D464  2 0.0384 0.0756 0.3672 0.2909 0.0278 0.0674 0.0611 0.0716 
        D465  2 0.0327 0.0286 0.0631 0.7130 0.0380 0.0513 0.0378 0.0356 
        D473  2 0.0642 0.0773 0.0409 0.0569 0.0803 0.0494 0.0368 0.5940 
        D474  2 0.0981 0.0267 0.0455 0.0550 0.0480 0.6016 0.0693 0.0558 
        D476  2 0.0452 0.1300 0.0698 0.1747 0.2317 0.0528 0.2707 0.0250 
        D477  2 0.0757 0.0509 0.0918 0.0656 0.0439 0.2983 0.2067 0.1671 
        D478  2 0.0390 0.0471 0.1110 0.0590 0.1228 0.1119 0.4400 0.0692 
        D480  2 0.1152 0.1276 0.0580 0.1885 0.0291 0.3833 0.0334 0.0649 
        D481  2 0.0391 0.0554 0.0966 0.1568 0.1620 0.1399 0.2983 0.0520 
        D482  2 0.0681 0.1197 0.1802 0.0774 0.0888 0.0437 0.2598 0.1623 
        D483  2 0.0237 0.0373 0.0324 0.7787 0.0395 0.0283 0.0344 0.0256 
        D484  2 0.0346 0.1164 0.0968 0.1474 0.0468 0.0243 0.4326 0.1010 
        D510  2 0.0669 0.0527 0.0925 0.0448 0.0326 0.0419 0.3282 0.3404 
        D511  2 0.0433 0.0679 0.0673 0.4205 0.0581 0.1712 0.1230 0.0487 
        D512  2 0.0543 0.0478 0.1698 0.3997 0.2003 0.0243 0.0776 0.0263 
        D513  2 0.0647 0.0562 0.0995 0.4105 0.0638 0.1101 0.0653 0.1298 
        D635  2 0.0276 0.0314 0.0811 0.0577 0.1752 0.5548 0.0427 0.0295 
        D636  2 0.0144 0.0187 0.0273 0.0210 0.8210 0.0459 0.0199 0.0317 
        D637  2 0.1386 0.1069 0.0764 0.2302 0.0484 0.0544 0.2100 0.1351 
        D658  2 0.0717 0.0950 0.0583 0.5116 0.0578 0.0380 0.0922 0.0754 
        D659  2 0.1104 0.0634 0.1201 0.0373 0.0404 0.3522 0.2022 0.0739 
        D677  2 0.1723 0.1409 0.0976 0.0524 0.0561 0.3473 0.0986 0.0347 
        D678  2 0.0288 0.0392 0.1798 0.3989 0.1874 0.0258 0.1057 0.0345 
        D679  2 0.1951 0.0602 0.0956 0.0652 0.0490 0.3768 0.0408 0.1172 
        D719  2 0.0361 0.0763 0.0586 0.3156 0.0374 0.1892 0.0874 0.1996 
        D720  2 0.0326 0.0788 0.0837 0.0704 0.0729 0.5489 0.0411 0.0716 
        D721  2 0.0343 0.0268 0.0680 0.0805 0.5341 0.1799 0.0323 0.0441 
        D722  2 0.0324 0.0447 0.1357 0.0813 0.0553 0.0356 0.5029 0.1121 
        D734  2 0.0567 0.1159 0.0514 0.3115 0.0280 0.0405 0.0859 0.3101 
        D735  2 0.0624 0.0560 0.0661 0.0698 0.0866 0.5672 0.0264 0.0656 
        D736  2 0.1826 0.0347 0.1015 0.0832 0.0667 0.1238 0.1963 0.2113 
        D737  2 0.0692 0.1969 0.0558 0.3298 0.1324 0.0373 0.1505 0.0282 
        D807  2 0.1157 0.0910 0.0570 0.1214 0.0547 0.2878 0.1035 0.1690 
        D808  2 0.1621 0.0783 0.1538 0.2708 0.1204 0.0583 0.1210 0.0353 
        D817  2 0.0298 0.0640 0.1911 0.0683 0.0623 0.1998 0.3004 0.0843 
        D818  2 0.1541 0.1403 0.1099 0.2834 0.0324 0.1951 0.0464 0.0384 
        D819  2 0.0389 0.0383 0.1911 0.1548 0.0578 0.2408 0.2319 0.0465 
        D820  2 0.0475 0.2483 0.0532 0.1118 0.0234 0.4178 0.0569 0.0411 
        D895  2 0.0435 0.0674 0.2646 0.0415 0.0969 0.1999 0.1765 0.1099 
        D896  2 0.0627 0.0754 0.0782 0.0668 0.5121 0.0359 0.1109 0.0581 
        D897  2 0.3190 0.0895 0.1581 0.1027 0.1423 0.0515 0.0850 0.0520 
        D898  2 0.1257 0.0894 0.1584 0.0382 0.0737 0.0395 0.4070 0.0680 
        D918  2 0.1579 0.2145 0.1057 0.1616 0.0760 0.0597 0.0608 0.1638 
        D919  2 0.0348 0.1088 0.0981 0.1248 0.0404 0.1310 0.4334 0.0288 
        D920  2 0.0456 0.1059 0.0480 0.0292 0.6419 0.0380 0.0537 0.0377 
        D923  2 0.0285 0.0358 0.0729 0.0545 0.0296 0.4863 0.2569 0.0355 
        D930  2 0.0847 0.0419 0.1172 0.0383 0.0503 0.1499 0.0822 0.4355 
        D931  2 0.0541 0.0541 0.0525 0.5049 0.0339 0.1649 0.0845 0.0511 
        D968  2 0.0252 0.0295 0.0528 0.6844 0.0196 0.0296 0.1324 0.0265 
        D969  2 0.1487 0.0587 0.0798 0.1971 0.0287 0.3834 0.0745 0.0292 
        D977  2 0.0786 0.0452 0.0631 0.6568 0.0349 0.0402 0.0451 0.0361 
        D978  2 0.3980 0.1054 0.1676 0.0722 0.0290 0.1227 0.0483 0.0569 
        H008  2 0.0288 0.0334 0.1082 0.0634 0.0344 0.1399 0.5235 0.0684 
        H021  2 0.4218 0.0733 0.0565 0.1657 0.0949 0.1019 0.0376 0.0483 
        H023  2 0.0396 0.2606 0.0547 0.0338 0.1178 0.3346 0.0625 0.0964 
        H024  2 0.1170 0.0289 0.2214 0.0961 0.0541 0.0277 0.4148 0.0401 
        H025  2 0.0568 0.0905 0.2051 0.0769 0.0619 0.0523 0.3452 0.1113 
        H026  2 0.0764 0.0296 0.2199 0.2797 0.0461 0.2555 0.0604 0.0325 
        H027  2 0.0811 0.1491 0.0705 0.3187 0.0650 0.2247 0.0430 0.0480 
        H028  2 0.0612 0.0342 0.1100 0.0423 0.0717 0.0604 0.5767 0.0435 
        H029  2 0.0331 0.0532 0.0800 0.3177 0.0695 0.2316 0.1718 0.0432 
        H030  2 0.0377 0.0367 0.0409 0.6213 0.0329 0.0229 0.1817 0.0259 
        H038  2 0.0485 0.1242 0.0479 0.0341 0.4140 0.2548 0.0326 0.0439 
        H039  2 0.0436 0.0878 0.0535 0.0228 0.0517 0.0380 0.0779 0.6248 
        H040  2 0.0228 0.6008 0.0492 0.0283 0.1687 0.0614 0.0369 0.0318 
        H041  2 0.0445 0.0400 0.0749 0.2807 0.0368 0.1475 0.2986 0.0770 
        H042  2 0.0455 0.1289 0.1342 0.0481 0.1429 0.0922 0.1324 0.2758 
        H043  2 0.0255 0.0506 0.0434 0.0277 0.6877 0.0451 0.0510 0.0692 
        H044  2 0.0812 0.0276 0.2325 0.0874 0.3203 0.0337 0.1101 0.1072 
        H047  2 0.0771 0.0490 0.0630 0.0437 0.3750 0.0520 0.2551 0.0852 
        H050  2 0.0428 0.1539 0.1554 0.4229 0.0594 0.0636 0.0486 0.0533 
        H058  2 0.1416 0.1547 0.1723 0.0820 0.2415 0.1193 0.0485 0.0402 
        H062  2 0.0797 0.0791 0.0775 0.0345 0.1767 0.2148 0.0729 0.2648 
        H063  2 0.0482 0.1427 0.0758 0.3042 0.1436 0.0945 0.1205 0.0705 
        H065  2 0.0327 0.0300 0.0506 0.0234 0.0360 0.6835 0.0607 0.0832 
        H066  2 0.1127 0.1062 0.0670 0.0920 0.4285 0.0457 0.1239 0.0241 
        H067  2 0.1781 0.0600 0.1116 0.0751 0.0759 0.1695 0.0882 0.2416 
        H068  2 0.1116 0.2556 0.1188 0.1262 0.0668 0.0410 0.0491 0.2308 
        H069  2 0.0176 0.2115 0.0598 0.3729 0.1845 0.0534 0.0580 0.0422 
        H071  2 0.0558 0.0823 0.1104 0.0603 0.0418 0.4819 0.0400 0.1275 
        H072  2 0.0418 0.0908 0.0676 0.0660 0.0411 0.0459 0.2214 0.4253 
        H073  2 0.0579 0.2427 0.2042 0.0776 0.0821 0.2376 0.0608 0.0371 
        H081  2 0.0505 0.0613 0.0841 0.0629 0.0320 0.2507 0.1542 0.3043 
        H082  2 0.0290 0.0280 0.0878 0.5201 0.1422 0.0615 0.0985 0.0329 
        H083  2 0.0656 0.0281 0.0488 0.6647 0.0459 0.0598 0.0551 0.0318 
        H084  2 0.2446 0.2617 0.1136 0.1099 0.0873 0.0566 0.0468 0.0794 
        H085  2 0.0318 0.0450 0.0588 0.4773 0.0266 0.1971 0.0614 0.1020 
        H087  2 0.1552 0.0362 0.0957 0.0576 0.0420 0.3142 0.1525 0.1465 
        H088  2 0.0613 0.1061 0.0966 0.1124 0.0719 0.3178 0.1471 0.0868 
        H089  2 0.0554 0.0859 0.1718 0.1215 0.1178 0.2214 0.0575 0.1687 
        H090  2 0.0614 0.0163 0.0331 0.7732 0.0265 0.0297 0.0304 0.0294 
        H091  2 0.0237 0.0519 0.0352 0.7558 0.0213 0.0396 0.0294 0.0431 
        H098  2 0.0968 0.0576 0.0963 0.0574 0.0499 0.0487 0.5442 0.0490 
      H10001  2 0.0358 0.0440 0.0361 0.0321 0.0405 0.0271 0.0256 0.7588 
      H10002  2 0.0573 0.1468 0.0864 0.0494 0.1213 0.3785 0.0774 0.0828 
        H101  2 0.0392 0.1784 0.0664 0.5633 0.0467 0.0252 0.0475 0.0334 
        H108  2 0.0540 0.0515 0.0727 0.0250 0.0225 0.1524 0.0920 0.5300 
        H109  2 0.0629 0.1560 0.0976 0.0789 0.1312 0.0698 0.3554 0.0482 
        H110  2 0.0440 0.0321 0.1159 0.0813 0.0514 0.3881 0.2069 0.0802 
        H116  2 0.0486 0.0682 0.1499 0.0955 0.0756 0.0943 0.4200 0.0480 
        H117  2 0.2088 0.0942 0.0654 0.3295 0.0276 0.1287 0.1111 0.0348 
        H118  2 0.0378 0.0233 0.0945 0.5344 0.0229 0.1271 0.1164 0.0437 
        H119  2 0.0542 0.1366 0.0842 0.0479 0.0515 0.4789 0.0485 0.0981 
        H120  2 0.0254 0.0544 0.0489 0.0273 0.0395 0.0873 0.0643 0.6531 
        H121  2 0.0204 0.0227 0.0331 0.8131 0.0183 0.0313 0.0264 0.0348 
        H125  2 0.0822 0.5441 0.0408 0.0301 0.0278 0.0315 0.0463 0.1973 
        H126  2 0.0309 0.0271 0.2287 0.0386 0.2687 0.0483 0.2290 0.1288 
        H128  2 0.0146 0.0153 0.0176 0.8861 0.0144 0.0159 0.0233 0.0129 
        H129  2 0.3560 0.0489 0.2229 0.0563 0.0487 0.0828 0.1592 0.0252 
        H130  2 0.0734 0.0486 0.0872 0.0265 0.0516 0.0214 0.1136 0.5778 
        H133  2 0.0445 0.0800 0.1547 0.0648 0.0457 0.0327 0.0732 0.5043 
        H134  2 0.0283 0.0217 0.1453 0.0282 0.0298 0.2479 0.4736 0.0253 
        H135  2 0.0266 0.0813 0.1094 0.1122 0.0728 0.4044 0.1069 0.0864 
        H137  2 0.3097 0.0941 0.1118 0.1590 0.0607 0.0607 0.1728 0.0312 
        H138  2 0.1685 0.0740 0.3170 0.0488 0.0716 0.1153 0.1623 0.0426 
        H140  2 0.2679 0.0357 0.0728 0.3713 0.0457 0.0381 0.0634 0.1051 
        H146  2 0.0285 0.0387 0.0520 0.7323 0.0210 0.0525 0.0480 0.0270 
        H147  2 0.0607 0.0624 0.1629 0.3837 0.0369 0.1052 0.1499 0.0383 
        H148  2 0.4397 0.0400 0.0516 0.0827 0.0568 0.1498 0.0983 0.0811 
     H166022  2 0.0682 0.1133 0.1545 0.0848 0.0736 0.0714 0.3656 0.0686 
     H167359  2 0.0637 0.1441 0.1947 0.0700 0.0692 0.0825 0.3201 0.0556 
     H167397  2 0.0353 0.0396 0.1556 0.1833 0.0679 0.0491 0.4421 0.0271 
     H167428  2 0.0260 0.0193 0.0996 0.4241 0.0412 0.2313 0.1294 0.0291 
     H167496  2 0.0514 0.3649 0.0540 0.1143 0.0322 0.1122 0.1627 0.1082 
     H167513  2 0.0450 0.0458 0.0496 0.0470 0.6112 0.0244 0.1358 0.0413 
     H167545  2 0.0279 0.0779 0.0577 0.0311 0.6949 0.0402 0.0397 0.0305 
     H167547  2 0.1417 0.1087 0.2150 0.0903 0.0396 0.0194 0.3529 0.0324 
     H169621  2 0.1530 0.0717 0.0653 0.5621 0.0400 0.0271 0.0520 0.0289 
     H169622  2 0.0381 0.0612 0.2145 0.0619 0.2109 0.2161 0.1069 0.0903 
     H169750  2 0.0310 0.2185 0.0678 0.4646 0.0307 0.0296 0.0571 0.1008 
     H171806  2 0.0513 0.1250 0.0553 0.4527 0.0309 0.1298 0.0363 0.1187 
     H171808  2 0.0248 0.0491 0.0788 0.0576 0.1649 0.3768 0.0402 0.2077 
     H171809  2 0.0626 0.0631 0.1073 0.0455 0.0563 0.1651 0.1792 0.3209 
     H171813  2 0.4045 0.0641 0.1073 0.0498 0.2087 0.0395 0.0376 0.0885 
     H171815  2 0.0671 0.1117 0.0641 0.0356 0.4921 0.0639 0.1142 0.0513 
     H171824  2 0.1776 0.1430 0.0578 0.1048 0.0291 0.2077 0.0822 0.1978 
     H171825  2 0.0389 0.1126 0.2409 0.0304 0.1052 0.1008 0.0728 0.2983 
     H171826  2 0.0783 0.0636 0.0642 0.0654 0.0526 0.3683 0.2256 0.0820 
     H171827  2 0.0771 0.1657 0.1186 0.0620 0.2641 0.2335 0.0457 0.0333 
     H171828  2 0.0888 0.0912 0.0411 0.0459 0.0305 0.0555 0.0349 0.6121 
     H171829  2 0.0771 0.5332 0.0904 0.0442 0.0757 0.0256 0.0563 0.0975 
     H171830  2 0.0246 0.0603 0.0704 0.0553 0.0407 0.0481 0.6566 0.0440 
     H171831  2 0.2048 0.0435 0.2068 0.1032 0.1291 0.0441 0.2051 0.0633 
     H171832  2 0.0419 0.0437 0.2345 0.0575 0.2796 0.0598 0.1774 0.1055 
     H171863  2 0.0184 0.0396 0.0936 0.4170 0.2528 0.0592 0.0947 0.0247 
     H171864  2 0.0882 0.0689 0.0996 0.1365 0.1401 0.1966 0.1201 0.1500 
     H171865  2 0.0236 0.0973 0.0526 0.0702 0.1069 0.0921 0.4949 0.0624 
     H171879  2 0.3605 0.0665 0.1315 0.1623 0.0672 0.0728 0.1021 0.0373 
     H171880  2 0.0569 0.2615 0.1229 0.3073 0.0706 0.0457 0.1019 0.0332 
     H171881  2 0.3775 0.0551 0.1067 0.0745 0.0727 0.1348 0.1404 0.0383 
     H171882  2 0.0304 0.1069 0.0625 0.0409 0.0581 0.0617 0.0922 0.5473 
     H171929  2 0.0920 0.0289 0.0993 0.2354 0.0487 0.1233 0.2203 0.1522 
     H171930  2 0.0353 0.0525 0.0401 0.0646 0.7087 0.0290 0.0449 0.0249 
     H171933  2 0.3391 0.1483 0.1339 0.1650 0.0428 0.0367 0.0622 0.0720 
     H171934  2 0.1310 0.1640 0.1407 0.0417 0.0827 0.2080 0.0659 0.1660 
     H171937  2 0.0563 0.0560 0.4008 0.0361 0.1115 0.0400 0.2635 0.0357 
     H171962  2 0.1102 0.0285 0.0958 0.0705 0.2269 0.2253 0.2020 0.0407 
        H190  2 0.2672 0.0765 0.2507 0.1208 0.0557 0.0696 0.1265 0.0331 
        H191  2 0.1615 0.0445 0.1465 0.0643 0.1310 0.0855 0.2963 0.0703 
        H396  2 0.0348 0.0437 0.0508 0.0757 0.0322 0.6673 0.0272 0.0683 
        H397  2 0.0310 0.4767 0.1461 0.0819 0.0354 0.0486 0.0965 0.0838 
        H398  2 0.0771 0.0387 0.0511 0.0378 0.0539 0.6093 0.0344 0.0978 
        H400  2 0.0324 0.0403 0.0857 0.0390 0.1533 0.4392 0.0608 0.1494 
        H401  2 0.2991 0.0540 0.1274 0.0785 0.0436 0.0201 0.3507 0.0266 
        H402  2 0.0831 0.1165 0.0983 0.0894 0.2874 0.1758 0.1284 0.0212 
        H427  2 0.1040 0.0632 0.0850 0.0512 0.0392 0.3669 0.2302 0.0603 
        H428  2 0.0253 0.0198 0.0868 0.4313 0.0330 0.2285 0.1475 0.0278 
        H497  2 0.0360 0.0362 0.0612 0.0543 0.6241 0.0500 0.0703 0.0677 
        H512  2 0.1565 0.1314 0.1111 0.1142 0.0490 0.1130 0.2885 0.0362 
        H513  2 0.0553 0.0632 0.0470 0.0472 0.6112 0.0262 0.1060 0.0440 
        H514  2 0.0619 0.0465 0.1638 0.2707 0.1640 0.0889 0.1688 0.0355 
        H519  2 0.0709 0.0646 0.0597 0.0537 0.4450 0.0267 0.2323 0.0471 
        H532  2 0.0418 0.0253 0.0288 0.0672 0.0434 0.7342 0.0362 0.0231 
        H543  2 0.1094 0.0513 0.1887 0.2250 0.1497 0.1481 0.0795 0.0483 
        H544  2 0.0222 0.0441 0.1235 0.2444 0.0603 0.0370 0.0656 0.4030 
        H545  2 0.0234 0.0620 0.0301 0.0270 0.7745 0.0274 0.0291 0.0265 
        H546  2 0.1021 0.0717 0.1234 0.0384 0.1813 0.0810 0.3340 0.0681 
        H547  2 0.1333 0.1170 0.2216 0.0984 0.0403 0.0179 0.3342 0.0372 
        H548  2 0.0620 0.0886 0.1453 0.0544 0.1283 0.1779 0.0978 0.2457 
        H549  2 0.0146 0.0402 0.0206 0.0203 0.8477 0.0206 0.0165 0.0195 
