        D174  1 0.0587 0.0562 0.0632 0.7015 0.1203 
        D199  1 0.3747 0.0471 0.2139 0.1501 0.2142 
        D203  1 0.2195 0.2156 0.1235 0.0866 0.3549 
        D204  1 0.1831 0.0489 0.0701 0.0588 0.6391 
     D237366  1 0.0424 0.6526 0.0826 0.0913 0.1311 
     D237367  1 0.3319 0.0845 0.1157 0.1501 0.3178 
     D237368  1 0.1449 0.0586 0.5774 0.0618 0.1574 
     D244101  1 0.4304 0.0526 0.0430 0.0300 0.4439 
     D244102  1 0.1316 0.2045 0.2813 0.1791 0.2035 
     D244103  1 0.0505 0.0905 0.0839 0.0915 0.6835 
     D244104  1 0.1794 0.0522 0.0775 0.1424 0.5484 
     D244105  1 0.0441 0.1798 0.2820 0.0311 0.4630 
     D244106  1 0.1449 0.3389 0.0423 0.3940 0.0800 
     D244107  1 0.1329 0.0412 0.6820 0.0231 0.1208 
     D244108  1 0.1196 0.0744 0.3780 0.2923 0.1358 
     D244113  1 0.0247 0.0254 0.0513 0.8658 0.0328 
     D244114  1 0.1022 0.5313 0.0895 0.1275 0.1495 
     D244115  1 0.0881 0.0589 0.1177 0.4979 0.2373 
     D267365  1 0.1061 0.0615 0.0767 0.2550 0.5007 
        D404  1 0.1369 0.0769 0.0989 0.6327 0.0546 
        D405  1 0.1211 0.0896 0.1472 0.3705 0.2716 
        D406  1 0.0251 0.0609 0.8243 0.0332 0.0565 
        D407  1 0.6963 0.0270 0.0977 0.0579 0.1210 
        D408  1 0.1620 0.0719 0.0306 0.6583 0.0771 
        D409  1 0.0622 0.0948 0.1055 0.0384 0.6991 
        D410  1 0.0288 0.0335 0.8029 0.0614 0.0734 
        D421  1 0.4593 0.0168 0.0209 0.0493 0.4537 
        D422  1 0.0401 0.1665 0.7348 0.0202 0.0384 
        D423  1 0.2306 0.0218 0.6827 0.0286 0.0363 
        D424  1 0.0496 0.0276 0.0384 0.0544 0.8299 
        D425  1 0.1374 0.0660 0.0491 0.4049 0.3426 
        D426  1 0.3198 0.2066 0.0988 0.0364 0.3385 
        D427  1 0.7553 0.0247 0.0349 0.0581 0.1270 
        D428  1 0.1987 0.0503 0.3148 0.2770 0.1592 
        D429  1 0.0815 0.1912 0.0440 0.2973 0.3860 
        D430  1 0.3541 0.2579 0.0475 0.2313 0.1093 
        D491  1 0.0774 0.0327 0.0654 0.6898 0.1348 
        D492  1 0.1369 0.0376 0.0642 0.5554 0.2059 
        D537  1 0.1157 0.0387 0.1445 0.1540 0.5470 
        D538  1 0.1962 0.0864 0.4601 0.1590 0.0983 
        D539  1 0.0709 0.3524 0.1768 0.3140 0.0860 
        D540  1 0.1509 0.0652 0.1056 0.1666 0.5116 
        D541  1 0.1753 0.0196 0.0358 0.0279 0.7413 
        D551  1 0.1408 0.5811 0.1599 0.0518 0.0665 
        D552  1 0.0588 0.0604 0.5469 0.1057 0.2282 
        D553  1 0.0512 0.0207 0.0224 0.0388 0.8669 
        D615  1 0.0793 0.1016 0.2319 0.1941 0.3931 
        D616  1 0.4840 0.0456 0.2183 0.0750 0.1772 
        D621  1 0.0294 0.0411 0.7123 0.1894 0.0277 
        D622  1 0.0634 0.1511 0.6022 0.0882 0.0951 
        D623  1 0.5633 0.0406 0.0974 0.2398 0.0590 
        D624  1 0.0531 0.0481 0.0402 0.7695 0.0891 
        D625  1 0.0648 0.0527 0.0904 0.3880 0.4041 
        D626  1 0.0564 0.0954 0.1075 0.5735 0.1672 
        D627  1 0.1920 0.1396 0.0483 0.0556 0.5645 
        D690  1 0.0392 0.0361 0.0808 0.2808 0.5631 
        D691  1 0.1013 0.4571 0.2849 0.0543 0.1024 
        D710  1 0.2835 0.0411 0.1728 0.1746 0.3280 
        D711  1 0.0910 0.1254 0.1239 0.1561 0.5037 
        D712  1 0.1023 0.0712 0.1329 0.5994 0.0942 
        D713  1 0.0370 0.0333 0.0733 0.7213 0.1350 
        D746  1 0.0343 0.0761 0.7832 0.0418 0.0646 
        D747  1 0.2271 0.0402 0.0335 0.0629 0.6363 
        D748  1 0.1078 0.3604 0.1236 0.1633 0.2450 
        D749  1 0.0557 0.0772 0.6653 0.1113 0.0905 
        D750  1 0.0528 0.0422 0.0619 0.6857 0.1574 
        D763  1 0.3078 0.1724 0.2452 0.1026 0.1720 
        D764  1 0.0947 0.0243 0.1099 0.2309 0.5402 
        D765  1 0.0433 0.1252 0.5911 0.1237 0.1166 
        D766  1 0.0703 0.0476 0.6044 0.1241 0.1536 
        D767  1 0.1035 0.2175 0.2677 0.1278 0.2835 
        D768  1 0.0756 0.0380 0.0340 0.0251 0.8273 
        D811  1 0.0612 0.0321 0.0566 0.8164 0.0337 
        D816  1 0.0611 0.0298 0.0423 0.1265 0.7404 
        D825  1 0.0540 0.0501 0.1611 0.6390 0.0958 
        D866  1 0.2775 0.2349 0.1061 0.2097 0.1719 
        D867  1 0.0691 0.0328 0.7861 0.0485 0.0635 
        D871  1 0.0540 0.1692 0.0488 0.1303 0.5977 
        D872  1 0.0576 0.0451 0.5107 0.0995 0.2871 
        D873  1 0.0160 0.0170 0.9343 0.0174 0.0153 
        D874  1 0.1555 0.1083 0.0311 0.3899 0.3152 
        D875  1 0.0950 0.2361 0.1191 0.0498 0.4999 
        D876  1 0.0468 0.0512 0.1204 0.0970 0.6847 
        D877  1 0.0380 0.0338 0.0657 0.8307 0.0318 
        D892  1 0.0919 0.2747 0.0636 0.2694 0.3004 
        D893  1 0.0976 0.1408 0.0829 0.0622 0.6166 
        D894  1 0.1187 0.1836 0.0514 0.1257 0.5206 
        D915  1 0.0775 0.0883 0.1087 0.1167 0.6088 
        D916  1 0.1503 0.0351 0.0445 0.0647 0.7054 
        D917  1 0.1864 0.0285 0.0643 0.3690 0.3518 
        D925  1 0.0293 0.0198 0.7574 0.0733 0.1201 
        D926  1 0.0615 0.0903 0.0618 0.2261 0.5602 
        D927  1 0.5084 0.1028 0.1005 0.0996 0.1887 
        D928  1 0.0479 0.0156 0.0392 0.8001 0.0972 
        D929  1 0.0503 0.2019 0.0944 0.4739 0.1794 
        D936  1 0.1318 0.1093 0.0613 0.1404 0.5573 
        D938  1 0.0251 0.0429 0.8558 0.0372 0.0390 
        D956  1 0.0969 0.1396 0.0839 0.5935 0.0860 
        D957  1 0.0866 0.0495 0.5741 0.0587 0.2311 
        D958  1 0.0583 0.0360 0.4404 0.2623 0.2030 
        D959  1 0.6837 0.0363 0.1152 0.0372 0.1276 
        D960  1 0.0265 0.0664 0.7997 0.0311 0.0763 
        D989  1 0.4945 0.0623 0.0415 0.2399 0.1617 
        D990  1 0.0427 0.0460 0.8416 0.0375 0.0323 
        H102  1 0.0405 0.0699 0.1264 0.4405 0.3226 
        H103  1 0.3143 0.0802 0.2907 0.0465 0.2683 
        H104  1 0.1453 0.3763 0.0436 0.1562 0.2787 
        H105  1 0.1143 0.0379 0.0985 0.4188 0.3306 
        H106  1 0.0601 0.3884 0.3357 0.1063 0.1094 
        H112  1 0.1123 0.2405 0.1000 0.3134 0.2337 
        H113  1 0.3584 0.0931 0.1024 0.0925 0.3536 
        H114  1 0.2687 0.0693 0.0969 0.0290 0.5360 
        H115  1 0.0878 0.2447 0.0708 0.1427 0.4540 
        H143  1 0.0755 0.0372 0.1916 0.0872 0.6086 
        H144  1 0.0697 0.0332 0.0653 0.0714 0.7604 
        H145  1 0.0694 0.0401 0.0795 0.7722 0.0388 
        H149  1 0.1050 0.3922 0.0457 0.0971 0.3599 
        H150  1 0.1267 0.3624 0.1777 0.2793 0.0540 
     H167542  1 0.0451 0.0458 0.0674 0.1085 0.7333 
     H169604  1 0.2651 0.0949 0.0351 0.5078 0.0972 
     H169607  1 0.0998 0.0474 0.0570 0.7358 0.0599 
     H169608  1 0.0619 0.0831 0.1223 0.6632 0.0696 
     H169633  1 0.3297 0.0849 0.0977 0.1439 0.3439 
     H169688  1 0.0952 0.0518 0.7093 0.0559 0.0877 
     H169714  1 0.0415 0.8465 0.0413 0.0332 0.0375 
     H171802  1 0.4518 0.1778 0.2006 0.0725 0.0973 
     H171805  1 0.0505 0.2964 0.4195 0.0625 0.1711 
     H171807  1 0.1727 0.1561 0.0992 0.4949 0.0771 
     H171814  1 0.3621 0.0381 0.0997 0.0279 0.4723 
     H171816  1 0.2473 0.1722 0.2998 0.1759 0.1047 
     H171817  1 0.0629 0.1276 0.1014 0.6140 0.0940 
     H171818  1 0.1328 0.1727 0.3097 0.0575 0.3272 
     H171819  1 0.3200 0.1457 0.1748 0.1410 0.2185 
     H171834  1 0.0604 0.4824 0.1570 0.0396 0.2605 
     H171835  1 0.1120 0.6486 0.0954 0.0900 0.0540 
     H171836  1 0.2153 0.0467 0.5606 0.0680 0.1094 
     H171837  1 0.1751 0.1422 0.0911 0.2378 0.3537 
     H171838  1 0.1167 0.5662 0.2360 0.0420 0.0390 
     H171839  1 0.2949 0.2443 0.0419 0.1888 0.2301 
     H171841  1 0.0386 0.0608 0.2726 0.5898 0.0382 
     H171860  1 0.2838 0.0670 0.0365 0.5249 0.0877 
     H171861  1 0.0556 0.0411 0.2372 0.0571 0.6090 
     H171862  1 0.0950 0.3811 0.0772 0.0984 0.3483 
     H171868  1 0.0655 0.0624 0.0381 0.0777 0.7563 
     H171869  1 0.0917 0.0883 0.3599 0.0363 0.4237 
     H171870  1 0.1394 0.3311 0.4111 0.0692 0.0492 
     H171871  1 0.1793 0.3215 0.2855 0.0474 0.1663 
     H171872  1 0.1267 0.1589 0.0468 0.5471 0.1204 
     H171873  1 0.1240 0.2411 0.5275 0.0615 0.0459 
     H171874  1 0.3251 0.0828 0.2750 0.1571 0.1599 
     H171875  1 0.1513 0.0305 0.0792 0.0325 0.7066 
     H171876  1 0.4701 0.0505 0.0629 0.1671 0.2495 
     H171877  1 0.1497 0.0560 0.0747 0.1497 0.5699 
     H171878  1 0.1197 0.1028 0.6423 0.0379 0.0974 
     H171901  1 0.0607 0.0454 0.1893 0.6494 0.0552 
     H171902  1 0.0337 0.0579 0.0605 0.8034 0.0445 
     H171903  1 0.4258 0.1353 0.0495 0.0993 0.2900 
     H171935  1 0.0945 0.4699 0.2579 0.1530 0.0247 
     H171936  1 0.3121 0.0641 0.1639 0.0437 0.4162 
     H171940  1 0.0477 0.0996 0.0691 0.3995 0.3841 
     H171945  1 0.0620 0.0857 0.5665 0.1205 0.1653 
     H171948  1 0.1073 0.4299 0.0978 0.1546 0.2104 
     H171949  1 0.0644 0.4643 0.0683 0.3518 0.0512 
     H171950  1 0.0674 0.4748 0.0950 0.2613 0.1014 
     H171963  1 0.0767 0.0612 0.7839 0.0297 0.0485 
     H171964  1 0.4284 0.3344 0.1307 0.0688 0.0376 
     H171966  1 0.0778 0.2794 0.4356 0.0837 0.1234 
     H171968  1 0.0270 0.0447 0.1083 0.7729 0.0471 
     H171971  1 0.1614 0.5501 0.1903 0.0390 0.0592 
     H171972  1 0.6979 0.0395 0.1279 0.0889 0.0458 
     H171977  1 0.1525 0.1209 0.3425 0.0653 0.3188 
     H171978  1 0.0612 0.4638 0.1917 0.2133 0.0700 
     H171979  1 0.4937 0.1527 0.1416 0.1393 0.0726 
        H176  1 0.2023 0.0692 0.0459 0.4796 0.2030 
        H177  1 0.0357 0.2516 0.2781 0.2813 0.1532 
        H179  1 0.1287 0.0516 0.0313 0.0974 0.6910 
        H181  1 0.1505 0.1562 0.4045 0.0822 0.2066 
        H182  1 0.0611 0.1346 0.4069 0.0724 0.3250 
        H183  1 0.1205 0.0341 0.7113 0.0403 0.0938 
        H184  1 0.0833 0.1957 0.1629 0.4646 0.0935 
        H185  1 0.2395 0.0848 0.4749 0.0766 0.1242 
        H186  1 0.0430 0.0514 0.1627 0.0496 0.6932 
        H187  1 0.0537 0.0315 0.7017 0.0369 0.1762 
        H188  1 0.1852 0.0755 0.0498 0.2399 0.4496 
        H192  1 0.0384 0.5492 0.2702 0.1017 0.0404 
        H193  1 0.0590 0.1092 0.1525 0.1730 0.5062 
        H194  1 0.1687 0.4835 0.0508 0.1530 0.1441 
        H195  1 0.1055 0.0431 0.7639 0.0439 0.0437 
        H199  1 0.1353 0.0490 0.3668 0.4063 0.0427 
        H200  1 0.4744 0.0617 0.1040 0.2360 0.1239 
        H414  1 0.1501 0.3552 0.1568 0.1619 0.1760 
        H415  1 0.2624 0.1023 0.0921 0.1506 0.3925 
        H422  1 0.0867 0.0622 0.3340 0.2667 0.2504 
        H423  1 0.0978 0.1018 0.0904 0.6054 0.1046 
        H424  1 0.0631 0.0610 0.4639 0.0356 0.3764 
        H425  1 0.0647 0.0545 0.7902 0.0442 0.0464 
        H426  1 0.1784 0.4228 0.1969 0.0677 0.1343 
        H443  1 0.0704 0.0342 0.1296 0.0955 0.6704 
        H466  1 0.2247 0.3352 0.0642 0.0660 0.3100 
        H467  1 0.0688 0.8105 0.0572 0.0340 0.0294 
        H472  1 0.1105 0.0375 0.0442 0.7515 0.0563 
        H483  1 0.1382 0.0774 0.1977 0.1744 0.4122 
        H504  1 0.1081 0.0511 0.6586 0.0912 0.0909 
        H505  1 0.1322 0.1262 0.1559 0.1944 0.3913 
        H506  1 0.1866 0.0663 0.1947 0.2775 0.2749 
        H507  1 0.1846 0.0527 0.3755 0.0962 0.2910 
        H508  1 0.2436 0.3501 0.0957 0.0741 0.2366 
        H524  1 0.1937 0.1078 0.3745 0.0849 0.2391 
        H525  1 0.2057 0.0854 0.1880 0.3316 0.1894 
        H526  1 0.1793 0.0322 0.0646 0.4708 0.2531 
        H527  1 0.0834 0.1200 0.2333 0.3842 0.1791 
        H528  1 0.4646 0.0878 0.0532 0.1578 0.2366 
        H529  1 0.1759 0.1341 0.3522 0.0761 0.2617 
        H533  1 0.0710 0.2336 0.3272 0.1120 0.2562 
        H538  1 0.2199 0.0656 0.0582 0.5598 0.0966 
        H539  1 0.0262 0.0335 0.8643 0.0273 0.0486 
        H540  1 0.1168 0.1797 0.3932 0.1655 0.1448 
        H541  1 0.1487 0.1195 0.0585 0.1385 0.5349 
        H558  1 0.0567 0.0367 0.8145 0.0341 0.0580 
        H559  1 0.0627 0.0289 0.0791 0.2944 0.5349 
        H579  1 0.0487 0.0344 0.7490 0.1045 0.0634 
        H584  1 0.2275 0.4422 0.1094 0.1558 0.0651 
        H585  1 0.2669 0.2790 0.0767 0.0496 0.3278 
        H605  1 0.0709 0.1498 0.2120 0.1794 0.3879 
        H606  1 0.0338 0.0377 0.0618 0.5560 0.3108 
        H632  1 0.4469 0.1468 0.1086 0.2322 0.0655 
        H634  1 0.1101 0.0912 0.3663 0.1620 0.2703 
        H671  1 0.0759 0.0945 0.0351 0.6544 0.1401 
        H672  1 0.7419 0.0357 0.0523 0.0547 0.1153 
        H673  1 0.1752 0.0398 0.1056 0.1477 0.5317 
        H689  1 0.3964 0.1778 0.1277 0.1159 0.1823 
        H690  1 0.0439 0.3523 0.1253 0.1180 0.3606 
        H691  1 0.3672 0.0797 0.0821 0.0989 0.3720 
        H692  1 0.7273 0.0302 0.1075 0.0486 0.0863 
        H709  1 0.1101 0.2413 0.0573 0.0758 0.5155 
        H710  1 0.3470 0.0979 0.1645 0.0456 0.3451 
       H7355  1 0.1162 0.0976 0.0973 0.5694 0.1195 
       H7356  1 0.1271 0.3877 0.3550 0.0685 0.0616 
       H7357  1 0.0478 0.0870 0.1562 0.3939 0.3151 
       H7358  1 0.1568 0.0231 0.2636 0.3810 0.1755 
       H7380  1 0.0469 0.0782 0.0653 0.1652 0.6444 
       H7381  1 0.1256 0.1978 0.0747 0.3545 0.2475 
       H7382  1 0.3983 0.0891 0.1833 0.2185 0.1107 
        H904  1 0.0597 0.1164 0.0708 0.4619 0.2912 
        H923  1 0.3025 0.1586 0.2838 0.1643 0.0908 
        H924  1 0.1027 0.0494 0.1861 0.3354 0.3264 
        H925  1 0.1400 0.0269 0.1458 0.1213 0.5660 
       H9558  1 0.0354 0.0298 0.8769 0.0229 0.0350 
      H105.1  1 0.1884 0.3549 0.0810 0.0470 0.3286 
      H115.1  1 0.0868 0.0393 0.0773 0.0379 0.7586 
      H145.1  1 0.0547 0.0270 0.0449 0.8082 0.0651 
      H149.1  1 0.1203 0.0276 0.0482 0.0742 0.7297 
      H150.1  1 0.0392 0.1263 0.6454 0.1110 0.0781 
   H169607.1  1 0.0953 0.0512 0.1559 0.4961 0.2015 
   H169633.1  1 0.2691 0.0442 0.2092 0.1322 0.3453 
   H169688.1  1 0.2390 0.0250 0.1122 0.0809 0.5430 
   H171901.1  1 0.5400 0.1262 0.1605 0.0984 0.0748 
   H171902.1  1 0.0304 0.0342 0.1099 0.7216 0.1038 
   H171903.1  1 0.1254 0.2612 0.0768 0.3846 0.1520 
      H177.1  1 0.4331 0.0520 0.0768 0.1899 0.2482 
      H179.1  1 0.0973 0.0657 0.1115 0.1988 0.5267 
      H180.1  1 0.0574 0.2035 0.1640 0.1283 0.4468 
      H181.1  1 0.0990 0.2355 0.1519 0.1173 0.3963 
 H194.1_2004  1 0.2538 0.1467 0.4182 0.0847 0.0966 
 H195.1_2003  1 0.4374 0.1127 0.2096 0.1275 0.1129 
 H195.1_2004  1 0.2897 0.0551 0.0510 0.4868 0.1174 
      H415.1  1 0.1193 0.0593 0.1423 0.0719 0.6072 
      H506.1  1 0.1077 0.0368 0.0673 0.1089 0.6793 
      H533.1  1 0.0375 0.0511 0.2134 0.1336 0.5644 
      H535.1  1 0.0959 0.3179 0.1404 0.1218 0.3240 
      H539.1  1 0.0270 0.0465 0.6477 0.1019 0.1770 
      H540.1  1 0.0232 0.0505 0.8183 0.0571 0.0509 
     H9558.1  1 0.0445 0.0298 0.8272 0.0540 0.0445 
    kos339.1  1 0.1135 0.1508 0.0540 0.1633 0.5185 
        D023  2 0.0516 0.0233 0.8057 0.0228 0.0967 
        D130  2 0.0307 0.0984 0.7671 0.0416 0.0622 
        D131  2 0.1869 0.1111 0.0416 0.0556 0.6047 
        D163  2 0.0416 0.1805 0.6540 0.0461 0.0778 
        D164  2 0.1212 0.0158 0.8301 0.0157 0.0172 
        D165  2 0.0949 0.0622 0.7384 0.0217 0.0828 
        D166  2 0.0921 0.3939 0.2538 0.1350 0.1253 
        D167  2 0.6723 0.0350 0.2208 0.0348 0.0371 
        D192  2 0.6221 0.0521 0.2655 0.0292 0.0310 
        D193  2 0.0544 0.3293 0.1194 0.2545 0.2425 
        D206  2 0.2034 0.0568 0.1289 0.0690 0.5419 
        D207  2 0.7027 0.1130 0.0655 0.0440 0.0748 
        D208  2 0.0999 0.2163 0.0865 0.4985 0.0988 
        D209  2 0.2479 0.0391 0.5526 0.0282 0.1322 
        D210  2 0.1691 0.2029 0.0587 0.4612 0.1081 
     D229599  2 0.0976 0.1384 0.1174 0.0690 0.5776 
     D229600  2 0.1803 0.0720 0.6451 0.0446 0.0581 
     D237227  2 0.2211 0.0706 0.2321 0.4034 0.0729 
     D237228  2 0.2208 0.0530 0.4347 0.2525 0.0390 
     D237258  2 0.3862 0.0562 0.1935 0.1184 0.2457 
     D237310  2 0.1510 0.2674 0.4099 0.1451 0.0265 
     D237311  2 0.3360 0.0717 0.5029 0.0518 0.0376 
     D237312  2 0.0534 0.4640 0.1311 0.2751 0.0763 
     D237313  2 0.0421 0.1233 0.1978 0.2150 0.4217 
     D237322  2 0.0665 0.5797 0.0704 0.2158 0.0676 
     D237323  2 0.2074 0.1186 0.4679 0.1658 0.0403 
     D237324  2 0.2317 0.2440 0.4253 0.0322 0.0668 
     D237325  2 0.1217 0.2572 0.2769 0.2499 0.0943 
     D237326  2 0.1393 0.0307 0.6615 0.0659 0.1026 
     D237327  2 0.3372 0.4855 0.0562 0.0620 0.0591 
     D237337  2 0.0547 0.1924 0.4975 0.1699 0.0855 
     D237338  2 0.1665 0.4080 0.1798 0.1240 0.1217 
     D237339  2 0.4195 0.1571 0.1038 0.0412 0.2784 
     D237340  2 0.4185 0.1194 0.2416 0.1648 0.0557 
     D237389  2 0.1600 0.1055 0.6398 0.0490 0.0456 
     D237390  2 0.1536 0.4103 0.1146 0.1640 0.1575 
     D244017  2 0.4649 0.0375 0.1529 0.2005 0.1442 
     D244112  2 0.3674 0.1479 0.4134 0.0379 0.0334 
     D244118  2 0.1286 0.0423 0.7839 0.0182 0.0270 
     D244119  2 0.4396 0.0330 0.0840 0.4045 0.0388 
     D244120  2 0.2815 0.4276 0.1529 0.0931 0.0450 
     D244122  2 0.2764 0.1448 0.3942 0.1038 0.0808 
        D291  2 0.3071 0.1939 0.1455 0.0840 0.2695 
        D292  2 0.2468 0.1058 0.1508 0.0962 0.4004 
        D293  2 0.8740 0.0375 0.0149 0.0142 0.0593 
        D322  2 0.6781 0.0519 0.0804 0.0254 0.1642 
        D323  2 0.4467 0.0613 0.0904 0.1164 0.2852 
        D324  2 0.3441 0.1630 0.1425 0.1328 0.2176 
        D325  2 0.9020 0.0276 0.0174 0.0133 0.0397 
        D326  2 0.0641 0.0195 0.0158 0.0346 0.8660 
        D340  2 0.8978 0.0211 0.0296 0.0254 0.0261 
        D341  2 0.3528 0.4602 0.0786 0.0648 0.0436 
        D342  2 0.0339 0.1499 0.7045 0.0380 0.0738 
        D343  2 0.9434 0.0157 0.0140 0.0126 0.0143 
        D344  2 0.0755 0.0781 0.1132 0.0638 0.6693 
        D345  2 0.0451 0.0322 0.5237 0.0490 0.3500 
        D346  2 0.2118 0.0436 0.0358 0.6047 0.1040 
        D351  2 0.1936 0.0669 0.0549 0.0462 0.6385 
        D352  2 0.4140 0.0515 0.0925 0.1441 0.2979 
        D353  2 0.1964 0.0427 0.0324 0.0656 0.6629 
        D354  2 0.0366 0.0435 0.1473 0.1166 0.6561 
        D362  2 0.0924 0.0291 0.1085 0.0772 0.6928 
        D363  2 0.1500 0.0238 0.0775 0.1003 0.6484 
        D364  2 0.0261 0.0309 0.0789 0.0414 0.8228 
        D365  2 0.9405 0.0156 0.0127 0.0138 0.0174 
        D369  2 0.5186 0.0376 0.0431 0.0687 0.3319 
        D374  2 0.0394 0.0317 0.0901 0.7382 0.1006 
        D375  2 0.0810 0.0724 0.1576 0.0558 0.6332 
        D376  2 0.0603 0.0838 0.1392 0.5989 0.1178 
        D377  2 0.1068 0.1887 0.1431 0.4091 0.1522 
        D378  2 0.3531 0.0802 0.0579 0.0304 0.4784 
        D379  2 0.0298 0.0619 0.0374 0.0429 0.8281 
        D384  2 0.0254 0.0216 0.0180 0.0415 0.8935 
        D385  2 0.8862 0.0253 0.0266 0.0316 0.0304 
        D386  2 0.0770 0.0432 0.1398 0.0454 0.6946 
        D391  2 0.8896 0.0285 0.0247 0.0246 0.0326 
        D392  2 0.7688 0.0223 0.1183 0.0377 0.0529 
        D393  2 0.2802 0.1372 0.0592 0.0493 0.4742 
        D394  2 0.1744 0.1496 0.3908 0.0605 0.2247 
        D395  2 0.7955 0.0464 0.0427 0.0297 0.0857 
        D401  2 0.1633 0.0293 0.7010 0.0627 0.0437 
        D402  2 0.7959 0.0680 0.0626 0.0375 0.0360 
        D403  2 0.0227 0.0776 0.0813 0.0623 0.7562 
        D415  2 0.0938 0.0578 0.0407 0.0334 0.7743 
        D435  2 0.4859 0.0727 0.0737 0.0356 0.3322 
        D436  2 0.0961 0.1175 0.0494 0.1619 0.5751 
        D438  2 0.8769 0.0276 0.0372 0.0371 0.0211 
        D439  2 0.1190 0.0736 0.1714 0.0306 0.6055 
        D449  2 0.3839 0.1138 0.1621 0.0307 0.3095 
        D450  2 0.0461 0.1462 0.0793 0.5401 0.1883 
        D456  2 0.0233 0.0214 0.0196 0.0305 0.9052 
        D462  2 0.8928 0.0205 0.0246 0.0186 0.0435 
        D463  2 0.0211 0.0186 0.0171 0.0297 0.9135 
        D464  2 0.3564 0.0733 0.0412 0.0984 0.4307 
        D465  2 0.8474 0.0239 0.0378 0.0391 0.0519 
        D473  2 0.0596 0.0476 0.0769 0.7724 0.0435 
        D474  2 0.2350 0.0629 0.0931 0.0906 0.5184 
        D476  2 0.1935 0.2298 0.3629 0.0232 0.1907 
        D477  2 0.1377 0.0998 0.0665 0.2089 0.4871 
        D478  2 0.1516 0.0565 0.2079 0.1250 0.4589 
        D480  2 0.2400 0.3376 0.0341 0.0929 0.2954 
        D481  2 0.2443 0.0485 0.3204 0.0639 0.3229 
        D482  2 0.1462 0.2610 0.1764 0.3045 0.1119 
        D483  2 0.7657 0.0294 0.1340 0.0384 0.0325 
        D484  2 0.3844 0.1603 0.1487 0.1884 0.1182 
        D510  2 0.0540 0.0577 0.0407 0.7558 0.0918 
        D511  2 0.4697 0.0716 0.0927 0.0481 0.3179 
        D512  2 0.5606 0.0556 0.3243 0.0260 0.0335 
        D513  2 0.6492 0.0493 0.0783 0.1255 0.0977 
        D635  2 0.2846 0.0329 0.3118 0.0364 0.3343 
        D636  2 0.0230 0.0149 0.9105 0.0250 0.0266 
        D637  2 0.2631 0.3668 0.0647 0.1994 0.1060 
        D658  2 0.4616 0.2150 0.1671 0.1104 0.0459 
        D659  2 0.1307 0.1333 0.0861 0.0941 0.5557 
        D677  2 0.0971 0.2373 0.1014 0.0542 0.5099 
        D678  2 0.2920 0.0299 0.6060 0.0432 0.0289 
        D679  2 0.1857 0.1637 0.0541 0.1466 0.4498 
        D719  2 0.4617 0.0476 0.0300 0.1630 0.2978 
        D720  2 0.1397 0.0364 0.0901 0.1836 0.5502 
        D721  2 0.1016 0.0841 0.7009 0.0417 0.0717 
        D722  2 0.1195 0.0429 0.2024 0.4975 0.1377 
        D734  2 0.3678 0.1916 0.0273 0.3080 0.1053 
        D735  2 0.1407 0.2059 0.1333 0.1161 0.4040 
        D736  2 0.2972 0.1479 0.0949 0.2935 0.1665 
        D737  2 0.2391 0.3672 0.2712 0.0474 0.0751 
        D807  2 0.1410 0.1087 0.0686 0.3364 0.3453 
        D808  2 0.3734 0.2226 0.1540 0.0399 0.2101 
        D817  2 0.1102 0.0369 0.1181 0.1534 0.5814 
        D818  2 0.5482 0.2259 0.0450 0.0452 0.1356 
        D819  2 0.4080 0.0362 0.1079 0.0811 0.3667 
        D820  2 0.2353 0.0846 0.0308 0.0580 0.5913 
        D895  2 0.1272 0.0687 0.3105 0.1291 0.3646 
        D896  2 0.0775 0.0472 0.7757 0.0686 0.0310 
        D897  2 0.0980 0.5240 0.2773 0.0546 0.0462 
        D898  2 0.1070 0.4417 0.1710 0.1075 0.1728 
        D918  2 0.2234 0.3835 0.0729 0.2308 0.0894 
        D919  2 0.2819 0.0581 0.0478 0.0312 0.5809 
        D920  2 0.0282 0.1443 0.7649 0.0296 0.0331 
        D923  2 0.0664 0.0248 0.0379 0.0351 0.8357 
        D930  2 0.0439 0.0951 0.0596 0.6363 0.1652 
        D931  2 0.4914 0.0698 0.0532 0.0860 0.2996 
        D968  2 0.9001 0.0217 0.0216 0.0177 0.0389 
        D969  2 0.3859 0.1018 0.0296 0.0353 0.4474 
        D977  2 0.7902 0.1001 0.0356 0.0324 0.0418 
        D978  2 0.0826 0.6766 0.0315 0.0628 0.1464 
        H008  2 0.1164 0.0397 0.0621 0.1430 0.6388 
        H021  2 0.1559 0.4663 0.1323 0.0780 0.1675 
        H023  2 0.0361 0.0895 0.1381 0.4326 0.3038 
        H024  2 0.4705 0.1704 0.1918 0.0457 0.1215 
        H025  2 0.1149 0.0949 0.1399 0.1917 0.4586 
        H026  2 0.4892 0.0662 0.0510 0.0296 0.3640 
        H027  2 0.4196 0.2468 0.0782 0.0849 0.1705 
        H028  2 0.1114 0.1030 0.2767 0.1661 0.3428 
        H029  2 0.5309 0.0307 0.1079 0.0397 0.2908 
        H030  2 0.7368 0.0636 0.1246 0.0286 0.0463 
        H038  2 0.0477 0.1395 0.6402 0.0510 0.1215 
        H039  2 0.0263 0.0676 0.0502 0.8066 0.0492 
        H040  2 0.0512 0.3165 0.3872 0.0598 0.1853 
        H041  2 0.4209 0.0501 0.0417 0.0854 0.4019 
        H042  2 0.0656 0.0543 0.1485 0.6404 0.0912 
        H043  2 0.0274 0.0337 0.8498 0.0467 0.0424 
        H044  2 0.1457 0.0566 0.6454 0.1146 0.0378 
        H047  2 0.0563 0.0627 0.7015 0.0863 0.0932 
        H050  2 0.6792 0.1008 0.0928 0.0724 0.0549 
        H058  2 0.1281 0.2896 0.3953 0.0469 0.1401 
        H062  2 0.0324 0.0559 0.1617 0.6130 0.1370 
        H063  2 0.3057 0.0949 0.2889 0.0915 0.2190 
        H065  2 0.0223 0.0248 0.0303 0.0690 0.8537 
        H066  2 0.1078 0.1159 0.6883 0.0238 0.0642 
        H067  2 0.1724 0.2441 0.0887 0.3326 0.1622 
        H068  2 0.0950 0.2007 0.0737 0.5846 0.0460 
        H069  2 0.2778 0.0372 0.5600 0.0647 0.0602 
        H071  2 0.1249 0.1496 0.0585 0.1919 0.4750 
        H072  2 0.0770 0.0576 0.0619 0.7057 0.0978 
        H073  2 0.1618 0.3077 0.1513 0.0450 0.3342 
        H081  2 0.0778 0.0606 0.0317 0.5211 0.3089 
        H082  2 0.4982 0.0302 0.3680 0.0364 0.0672 
        H083  2 0.7454 0.0479 0.1090 0.0335 0.0641 
        H084  2 0.2042 0.4860 0.1388 0.1222 0.0488 
        H085  2 0.4919 0.0427 0.0353 0.1526 0.2776 
        H087  2 0.1284 0.1276 0.0585 0.2411 0.4444 
        H088  2 0.1365 0.1055 0.1117 0.2053 0.4410 
        H089  2 0.2860 0.0567 0.1829 0.2867 0.1876 
        H090  2 0.8873 0.0299 0.0243 0.0265 0.0321 
        H091  2 0.7467 0.0543 0.0256 0.0458 0.1275 
        H098  2 0.2313 0.2421 0.1251 0.0924 0.3091 
      H10001  2 0.0280 0.0862 0.0430 0.8045 0.0384 
      H10002  2 0.0516 0.1146 0.1820 0.2315 0.4202 
        H101  2 0.7853 0.0739 0.0642 0.0433 0.0332 
        H108  2 0.0252 0.0454 0.0232 0.7190 0.1873 
        H109  2 0.1998 0.1751 0.3359 0.0755 0.2136 
        H110  2 0.1393 0.0389 0.0630 0.0950 0.6638 
        H116  2 0.2548 0.1184 0.1982 0.0692 0.3594 
        H117  2 0.5352 0.2565 0.0307 0.0338 0.1438 
        H118  2 0.6148 0.0368 0.0244 0.0357 0.2883 
        H119  2 0.2723 0.1708 0.0878 0.1341 0.3349 
        H120  2 0.0327 0.0316 0.0470 0.7873 0.1014 
        H121  2 0.8836 0.0218 0.0196 0.0373 0.0376 
        H125  2 0.0455 0.3633 0.0348 0.4996 0.0568 
        H126  2 0.0671 0.0348 0.5997 0.1543 0.1442 
        H128  2 0.9442 0.0143 0.0133 0.0108 0.0174 
        H129  2 0.2390 0.4304 0.0766 0.0346 0.2194 
        H130  2 0.0201 0.0406 0.0529 0.8587 0.0277 
        H133  2 0.1532 0.1421 0.0719 0.5850 0.0479 
        H134  2 0.0310 0.0190 0.0387 0.0212 0.8901 
        H135  2 0.1821 0.0384 0.1126 0.1496 0.5174 
        H137  2 0.3219 0.5128 0.0487 0.0320 0.0845 
        H138  2 0.0601 0.1585 0.1218 0.0520 0.6076 
        H140  2 0.6138 0.1821 0.0441 0.1184 0.0416 
        H146  2 0.8457 0.0325 0.0170 0.0221 0.0827 
        H147  2 0.5167 0.0913 0.0439 0.0342 0.3139 
        H148  2 0.2994 0.3272 0.0837 0.0840 0.2057 
     H166022  2 0.2195 0.1685 0.2091 0.1526 0.2502 
     H167359  2 0.1692 0.1229 0.2572 0.2394 0.2113 
     H167397  2 0.5610 0.0361 0.1745 0.0361 0.1923 
     H167428  2 0.4035 0.0184 0.0501 0.0299 0.4981 
     H167496  2 0.1220 0.2171 0.0632 0.2475 0.3501 
     H167513  2 0.0342 0.1582 0.7459 0.0354 0.0264 
     H167545  2 0.0354 0.0392 0.8380 0.0353 0.0521 
     H167547  2 0.5785 0.2698 0.0587 0.0336 0.0594 
     H169621  2 0.5626 0.2705 0.0979 0.0338 0.0352 
     H169622  2 0.1091 0.0363 0.4080 0.2639 0.1828 
     H169750  2 0.6807 0.0721 0.0947 0.1093 0.0432 
     H171806  2 0.7115 0.0765 0.0337 0.0858 0.0925 
     H171808  2 0.0722 0.0328 0.2430 0.4157 0.2364 
     H171809  2 0.0692 0.0872 0.0812 0.4367 0.3256 
     H171813  2 0.0612 0.7560 0.1057 0.0457 0.0314 
     H171815  2 0.0288 0.1333 0.6253 0.0470 0.1655 
     H171824  2 0.2250 0.1562 0.0362 0.3669 0.2157 
     H171825  2 0.0488 0.0456 0.1298 0.6977 0.0780 
     H171826  2 0.1739 0.1033 0.0753 0.1019 0.5457 
     H171827  2 0.1365 0.1994 0.3994 0.0444 0.2203 
     H171828  2 0.0434 0.1193 0.0279 0.7440 0.0654 
     H171829  2 0.0497 0.5827 0.0849 0.2422 0.0405 
     H171830  2 0.1490 0.0501 0.1142 0.1172 0.5694 
     H171831  2 0.1977 0.1548 0.2863 0.1437 0.2175 
     H171832  2 0.0966 0.0496 0.6341 0.1478 0.0719 
     H171863  2 0.2943 0.0237 0.6122 0.0257 0.0441 
     H171864  2 0.2620 0.1022 0.1764 0.2037 0.2556 
     H171865  2 0.0596 0.0368 0.1960 0.0547 0.6529 
     H171879  2 0.5944 0.2432 0.0680 0.0410 0.0534 
     H171880  2 0.6490 0.1547 0.0950 0.0416 0.0596 
     H171881  2 0.1745 0.3825 0.1743 0.1039 0.1649 
     H171882  2 0.0406 0.0641 0.0572 0.7552 0.0828 
     H171929  2 0.4306 0.0504 0.1058 0.1672 0.2460 
     H171930  2 0.0498 0.0406 0.8593 0.0240 0.0264 
     H171933  2 0.2759 0.5182 0.0469 0.1056 0.0533 
     H171934  2 0.0618 0.2248 0.1130 0.4617 0.1388 
     H171937  2 0.1080 0.1073 0.5230 0.1069 0.1546 
     H171962  2 0.1159 0.0601 0.4978 0.0645 0.2617 
        H190  2 0.2876 0.4000 0.1000 0.0407 0.1717 
        H191  2 0.1105 0.1512 0.3606 0.1431 0.2345 
        H396  2 0.1495 0.0364 0.0449 0.1123 0.6569 
        H397  2 0.1437 0.2319 0.0630 0.4224 0.1390 
        H398  2 0.0603 0.1041 0.0823 0.1867 0.5666 
        H400  2 0.0609 0.0338 0.2783 0.3266 0.3004 
        H401  2 0.4606 0.4192 0.0484 0.0285 0.0433 
        H402  2 0.1922 0.1478 0.4491 0.0265 0.1844 
        H427  2 0.0941 0.0719 0.0480 0.0769 0.7091 
        H428  2 0.3709 0.0184 0.0425 0.0295 0.5387 
        H497  2 0.0438 0.0559 0.7987 0.0492 0.0525 
        H512  2 0.1966 0.3085 0.0852 0.0383 0.3715 
        H513  2 0.0410 0.1462 0.7372 0.0401 0.0356 
        H514  2 0.1278 0.0403 0.2797 0.0397 0.5126 
        H519  2 0.0607 0.2109 0.6244 0.0591 0.0449 
        H532  2 0.2623 0.0414 0.0868 0.0427 0.5667 
        H543  2 0.6005 0.0785 0.1760 0.0592 0.0858 
        H544  2 0.1639 0.0241 0.2179 0.5593 0.0348 
        H545  2 0.0254 0.0311 0.8780 0.0319 0.0335 
        H546  2 0.0423 0.1182 0.2301 0.1655 0.4439 
        H547  2 0.6071 0.2531 0.0516 0.0312 0.0570 
        H548  2 0.1130 0.0541 0.2099 0.4809 0.1420 
        H549  2 0.0174 0.0201 0.9258 0.0178 0.0190 
        H620  2 0.0378 0.1059 0.0774 0.5420 0.2368 
        H623  2 0.0620 0.1486 0.6750 0.0380 0.0765 
        H624  2 0.0215 0.0251 0.8640 0.0533 0.0361 
        H625  2 0.0636 0.0410 0.2473 0.3357 0.3125 
        H626  2 0.1106 0.1165 0.4990 0.1393 0.1346 
        H654  2 0.0200 0.1271 0.6979 0.0999 0.0551 
        H655  2 0.1147 0.1801 0.1933 0.4267 0.0852 
        H656  2 0.0199 0.0248 0.0369 0.8200 0.0984 
        H666  2 0.3066 0.2157 0.0815 0.3112 0.0851 
        H667  2 0.0929 0.0722 0.5891 0.0688 0.1771 
        H677  2 0.1672 0.0934 0.1121 0.1117 0.5156 
        H693  2 0.0438 0.1164 0.0651 0.5565 0.2181 
        H694  2 0.2586 0.0657 0.5252 0.0876 0.0628 
        H701  2 0.3897 0.1580 0.2383 0.0613 0.1527 
        H702  2 0.1606 0.1612 0.1647 0.3623 0.1512 
        H731  2 0.3374 0.0952 0.0463 0.3986 0.1226 
       H7359  2 0.1720 0.1429 0.1973 0.2971 0.1907 
       H7389  2 0.4441 0.0729 0.1222 0.0385 0.3224 
       H7390  2 0.0491 0.7506 0.0451 0.0936 0.0616 
       H7391  2 0.2520 0.1342 0.0482 0.1474 0.4183 
       H7392  2 0.4499 0.2216 0.1021 0.1100 0.1164 
       H7393  2 0.0830 0.5903 0.1502 0.1246 0.0520 
       H7398  2 0.2589 0.0586 0.0287 0.0790 0.5748 
       H7399  2 0.3647 0.1875 0.2296 0.0485 0.1698 
       H7400  2 0.0210 0.0886 0.1956 0.6053 0.0896 
        H745  2 0.3790 0.2265 0.1893 0.0471 0.1581 
        H746  2 0.0864 0.0589 0.5596 0.0357 0.2594 
        H747  2 0.0755 0.3377 0.0696 0.4243 0.0929 
        H748  2 0.1656 0.0656 0.4577 0.0919 0.2192 
       H7484  2 0.0314 0.1607 0.0385 0.7056 0.0637 
       H7485  2 0.0513 0.0332 0.8376 0.0250 0.0528 
        H749  2 0.0474 0.0208 0.8332 0.0608 0.0379 
        H930  2 0.1471 0.0538 0.7357 0.0297 0.0337 
        H931  2 0.2854 0.0365 0.0781 0.2671 0.3329 
        H932  2 0.3346 0.1204 0.0715 0.0789 0.3947 
      H008.1  2 0.0694 0.0270 0.0317 0.0630 0.8089 
 H029.1_2002  2 0.0642 0.0298 0.1567 0.0257 0.7235 
 H029.1_2003  2 0.1802 0.0364 0.0559 0.0522 0.6753 
      H030.1  2 0.1744 0.4835 0.0430 0.0689 0.2301 
      H038.1  2 0.0540 0.0291 0.1631 0.2012 0.5526 
      H041.1  2 0.8820 0.0171 0.0217 0.0151 0.0640 
 H042.1_2002  2 0.8398 0.0435 0.0335 0.0494 0.0338 
 H042.1_2003  2 0.1238 0.1025 0.2753 0.1520 0.3465 
   H042_2002  2 0.0654 0.0687 0.1579 0.6252 0.0827 
   H042_2003  2 0.0583 0.0606 0.1458 0.6362 0.0991 
      H043.1  2 0.0216 0.0213 0.8916 0.0330 0.0326 
      H047.1  2 0.0294 0.0523 0.5827 0.0820 0.2536 
 H071.1_2002  2 0.0356 0.0447 0.1015 0.0533 0.7649 
 H071.1_2003  2 0.0724 0.0761 0.0855 0.1784 0.5876 
 H081.1_2002  2 0.0249 0.0265 0.0292 0.0351 0.8843 
 H081.1_2003  2 0.0846 0.1344 0.2680 0.0898 0.4232 
      H083.1  2 0.1969 0.0404 0.1714 0.0212 0.5700 
      H084.1  2 0.0542 0.3116 0.5437 0.0362 0.0543 
 H085.1_2002  2 0.3437 0.0288 0.1145 0.2085 0.3045 
 H085.1_2003  2 0.6735 0.0292 0.0303 0.0324 0.2347 
      H088.1  2 0.8275 0.0412 0.0333 0.0230 0.0751 
      H091.1  2 0.9330 0.0194 0.0153 0.0141 0.0183 
      H109.1  2 0.0813 0.1478 0.6596 0.0422 0.0690 
      H126.1  2 0.0661 0.1740 0.2998 0.3919 0.0682 
      H130.1  2 0.0540 0.0400 0.0738 0.8015 0.0307 
      H133.1  2 0.3033 0.0791 0.3090 0.1993 0.1094 
      H147.1  2 0.4233 0.1507 0.1237 0.1003 0.2021 
      H148.1  2 0.1024 0.1198 0.2054 0.3510 0.2214 
   H166022.1  2 0.8716 0.0327 0.0364 0.0247 0.0346 
   H167397.1  2 0.1816 0.0539 0.6244 0.0291 0.1110 
   H167496.1  2 0.2636 0.2574 0.0874 0.1742 0.2174 
   H167513.1  2 0.0802 0.0516 0.7675 0.0600 0.0407 
   H167547.1  2 0.2120 0.3886 0.1537 0.1606 0.0850 
   H169750.1  2 0.4456 0.2108 0.0697 0.2235 0.0505 
   H171929.1  2 0.2765 0.0340 0.5901 0.0436 0.0557 
   H171930.1  2 0.0711 0.1055 0.7518 0.0340 0.0375 
   H171933.1  2 0.6505 0.0405 0.0875 0.1520 0.0695 
      H190.1  2 0.0632 0.6088 0.0707 0.1101 0.1472 
      H400.1  2 0.6817 0.0399 0.0928 0.0469 0.1387 
 H428.1_2005  2 0.4366 0.0364 0.0936 0.0483 0.3851 
 H428.1_2006  2 0.7451 0.0263 0.0667 0.0367 0.1252 
      H453.1  2 0.7637 0.0596 0.0677 0.0454 0.0636 
      H512.1  2 0.2532 0.1633 0.1171 0.0609 0.4054 
      H513.1  2 0.5396 0.0797 0.3096 0.0379 0.0333 
      H532.1  2 0.1427 0.0596 0.2705 0.0975 0.4297 
      H543.1  2 0.3120 0.0313 0.4694 0.0351 0.1522 
 H545.1_2005  2 0.0123 0.0160 0.9334 0.0192 0.0191 
 H545.1_2006  2 0.2166 0.0324 0.4156 0.0283 0.3071 
      H547.1  2 0.8507 0.0628 0.0217 0.0293 0.0355 
      H548.1  2 0.0451 0.0260 0.8362 0.0492 0.0435 
     H7389.1  2 0.7496 0.0258 0.0438 0.1447 0.0361 
      H747.1  2 0.2076 0.1947 0.1535 0.3532 0.0909 
     H7484.1  2 0.1420 0.1029 0.0786 0.3913 0.2853 
     H7485.1  2 0.3692 0.0591 0.2323 0.0450 0.2944 
     H7496.1  2 0.1826 0.4450 0.0523 0.1053 0.2147 
        D211  3 0.0429 0.2908 0.2267 0.0910 0.3485 
     D229639  3 0.2395 0.2896 0.0874 0.2202 0.1634 
     D237212  3 0.2283 0.2373 0.0878 0.1602 0.2863 
     D237213  3 0.1029 0.3428 0.2440 0.0849 0.2254 
     D237214  3 0.1555 0.0649 0.5882 0.0913 0.1001 
     D237215  3 0.4110 0.1328 0.1658 0.2607 0.0297 
     D237216  3 0.1493 0.3263 0.2907 0.0945 0.1392 
     D237217  3 0.0507 0.2249 0.3475 0.0311 0.3458 
     D237218  3 0.0485 0.7513 0.0408 0.0476 0.1118 
     D237219  3 0.0508 0.2585 0.2794 0.3302 0.0811 
     D237382  3 0.1082 0.4395 0.0774 0.2475 0.1274 
     D244127  3 0.1393 0.2393 0.5270 0.0418 0.0526 
     D244129  3 0.3269 0.1216 0.2090 0.1515 0.1910 
     D244133  3 0.1712 0.0530 0.1133 0.5643 0.0982 
     D244134  3 0.1498 0.2067 0.2149 0.3300 0.0986 
     D244135  3 0.0969 0.0683 0.5836 0.0671 0.1840 
     D244136  3 0.2237 0.0415 0.0646 0.4089 0.2611 
        D416  3 0.2072 0.4131 0.1906 0.0459 0.1432 
        D417  3 0.0233 0.1986 0.0346 0.0424 0.7012 
        D419  3 0.1268 0.2230 0.1866 0.1518 0.3118 
        D565  3 0.0549 0.0272 0.0352 0.8040 0.0786 
        D566  3 0.5418 0.0958 0.0556 0.2225 0.0843 
        D567  3 0.0540 0.0312 0.0930 0.0684 0.7534 
        D568  3 0.0789 0.1115 0.2028 0.0328 0.5740 
        D569  3 0.2095 0.1624 0.3896 0.0984 0.1401 
        D573  3 0.5975 0.0572 0.0235 0.0253 0.2965 
        D574  3 0.1885 0.0972 0.1752 0.3405 0.1987 
        D575  3 0.0530 0.0411 0.3691 0.4861 0.0508 
        D576  3 0.5651 0.1049 0.1584 0.1501 0.0215 
        D577  3 0.0431 0.0766 0.0679 0.2604 0.5520 
        D578  3 0.2022 0.0746 0.6644 0.0261 0.0327 
        D579  3 0.1353 0.2261 0.0861 0.3575 0.1950 
        D660  3 0.3610 0.1546 0.3477 0.0730 0.0637 
        D661  3 0.0530 0.8686 0.0279 0.0181 0.0323 
        D663  3 0.5242 0.2202 0.0427 0.0652 0.1476 
        D664  3 0.0576 0.1198 0.4076 0.3478 0.0672 
        D665  3 0.0983 0.1171 0.7039 0.0430 0.0378 
        D666  3 0.0753 0.1877 0.1180 0.4574 0.1616 
        H111  3 0.0722 0.1974 0.4438 0.0824 0.2041 
        H951  3 0.2828 0.0620 0.3530 0.0814 0.2209 
        H952  3 0.6241 0.1402 0.0501 0.1286 0.0571 
        H953  3 0.4587 0.1027 0.0560 0.1430 0.2397 
        H954  3 0.1556 0.1891 0.2216 0.3324 0.1013 
        H955  3 0.2134 0.0268 0.5543 0.0422 0.1633 
        H956  3 0.6614 0.0929 0.0494 0.0677 0.1286 
       H9563  3 0.2925 0.3019 0.0534 0.2576 0.0946 
        D009  4 0.0285 0.3551 0.4124 0.0556 0.1484 
        D057  4 0.0690 0.7442 0.1143 0.0293 0.0432 
        D109  4 0.0793 0.0559 0.2895 0.4680 0.1073 
     D237222  4 0.0436 0.1918 0.6088 0.0960 0.0599 
     D237223  4 0.1232 0.3768 0.2289 0.1975 0.0735 
     D237224  4 0.3246 0.1103 0.1139 0.0552 0.3960 
     D237225  4 0.0430 0.6350 0.1048 0.0845 0.1327 
     D237299  4 0.0313 0.7995 0.0295 0.0499 0.0899 
     D237300  4 0.3334 0.4930 0.0498 0.0769 0.0469 
     D237306  4 0.1075 0.1601 0.0932 0.4992 0.1400 
     D237307  4 0.0946 0.0937 0.0407 0.2799 0.4912 
     D237308  4 0.2242 0.0743 0.4072 0.2164 0.0780 
     D237309  4 0.0609 0.2689 0.1947 0.0516 0.4239 
     D237317  4 0.0535 0.0664 0.1196 0.3949 0.3656 
     D237318  4 0.6635 0.2488 0.0192 0.0276 0.0408 
     D237319  4 0.1076 0.3078 0.1624 0.0727 0.3495 
     D237320  4 0.1236 0.5946 0.0688 0.0457 0.1672 
     D237321  4 0.3430 0.3171 0.0889 0.0874 0.1637 
     D237397  4 0.0869 0.5405 0.0966 0.1593 0.1166 
     D237398  4 0.4163 0.4254 0.0253 0.0237 0.1093 
     D237399  4 0.0881 0.4655 0.0519 0.1510 0.2434 
     D244001  4 0.0352 0.1465 0.6685 0.0384 0.1114 
        D289  4 0.2232 0.2362 0.0629 0.1873 0.2903 
        D290  4 0.0766 0.6180 0.0947 0.1173 0.0934 
        D294  4 0.0691 0.4763 0.1140 0.1590 0.1816 
        D295  4 0.0504 0.3575 0.0637 0.2155 0.3130 
        D301  4 0.0307 0.2541 0.6207 0.0538 0.0408 
        D302  4 0.0853 0.2119 0.1090 0.0924 0.5014 
        D303  4 0.0624 0.0652 0.0546 0.7644 0.0534 
        D304  4 0.0630 0.4574 0.0415 0.2316 0.2065 
        D305  4 0.0943 0.3317 0.3793 0.0364 0.1583 
        D306  4 0.0701 0.2247 0.2290 0.3193 0.1569 
        D307  4 0.0332 0.1834 0.6541 0.0960 0.0332 
        D327  4 0.1371 0.0350 0.0276 0.1458 0.6545 
        D328  4 0.0633 0.1385 0.0756 0.6038 0.1188 
        D329  4 0.0641 0.3176 0.4368 0.0520 0.1295 
        D330  4 0.0988 0.0707 0.2468 0.0358 0.5478 
        D331  4 0.1340 0.1895 0.2004 0.2057 0.2703 
        D333  4 0.0568 0.3617 0.1635 0.3091 0.1089 
        D334  4 0.0541 0.1438 0.0519 0.6641 0.0861 
        D335  4 0.1608 0.0848 0.1086 0.0974 0.5483 
        D370  4 0.0703 0.0789 0.3090 0.3374 0.2044 
        D371  4 0.1234 0.0203 0.0355 0.6181 0.2027 
        D372  4 0.0473 0.7975 0.0429 0.0628 0.0494 
        D373  4 0.0851 0.0726 0.7463 0.0424 0.0536 
        D455  4 0.0477 0.2899 0.5706 0.0332 0.0586 
        D490  4 0.0226 0.3261 0.5533 0.0507 0.0472 
        D497  4 0.0510 0.3359 0.5272 0.0612 0.0247 
        D498  4 0.1413 0.1811 0.2709 0.2596 0.1471 
        D499  4 0.5461 0.2588 0.0407 0.0576 0.0968 
        D514  4 0.1478 0.1750 0.0638 0.1110 0.5023 
        D515  4 0.0743 0.6945 0.0689 0.0804 0.0819 
        D516  4 0.1874 0.1392 0.2393 0.2085 0.2257 
        D517  4 0.0497 0.1989 0.5426 0.0321 0.1766 
        D518  4 0.0538 0.5213 0.1653 0.1347 0.1250 
        D519  4 0.0606 0.8214 0.0289 0.0290 0.0601 
        D560  4 0.0371 0.7469 0.0424 0.0386 0.1350 
        D561  4 0.1504 0.0391 0.1074 0.0232 0.6799 
        D562  4 0.1554 0.3102 0.2035 0.1155 0.2155 
        D563  4 0.7822 0.0659 0.0808 0.0207 0.0503 
        D572  4 0.1413 0.2021 0.1276 0.1409 0.3881 
        D629  4 0.0803 0.0379 0.1143 0.0990 0.6685 
        D630  4 0.0696 0.4939 0.0623 0.1310 0.2432 
        D631  4 0.0992 0.7523 0.0463 0.0439 0.0583 
        D632  4 0.1037 0.0348 0.7210 0.0428 0.0977 
        D646  4 0.0564 0.6556 0.0961 0.0365 0.1554 
        D647  4 0.0781 0.1439 0.1329 0.0246 0.6206 
        D648  4 0.0560 0.0969 0.0656 0.7002 0.0812 
        D649  4 0.0639 0.0678 0.1435 0.0875 0.6372 
        D650  4 0.0593 0.2946 0.0595 0.2989 0.2876 
        D708  4 0.0485 0.2233 0.0891 0.5023 0.1369 
        D709  4 0.0504 0.1431 0.1858 0.4603 0.1603 
        D738  4 0.0844 0.1836 0.1335 0.4723 0.1262 
        D739  4 0.0594 0.5305 0.2520 0.0821 0.0760 
        D740  4 0.0532 0.5011 0.2201 0.1837 0.0419 
        D741  4 0.4447 0.2800 0.0372 0.0316 0.2065 
        D742  4 0.5007 0.2629 0.0476 0.0999 0.0888 
        D743  4 0.2042 0.0817 0.0411 0.0849 0.5881 
        D744  4 0.3575 0.2032 0.0831 0.0636 0.2926 
        D745  4 0.0592 0.7956 0.0461 0.0437 0.0555 
        D814  4 0.0925 0.6127 0.1433 0.0428 0.1087 
        D815  4 0.0693 0.1033 0.1655 0.2691 0.3928 
        D828  4 0.0607 0.3234 0.1139 0.4623 0.0396 
        D845  4 0.5408 0.3125 0.0258 0.0717 0.0493 
        D846  4 0.1769 0.1183 0.1580 0.0297 0.5172 
        D847  4 0.1754 0.3885 0.0908 0.1217 0.2235 
