        D174  1 0.0976 0.0817 0.0579 0.5197 0.1177 0.1254 
        D199  1 0.1549 0.0347 0.0704 0.0794 0.3344 0.3262 
        D203  1 0.1591 0.2104 0.1005 0.0709 0.1924 0.2667 
        D204  1 0.0507 0.0241 0.0447 0.0381 0.0898 0.7526 
     D237366  1 0.1337 0.4581 0.1563 0.1073 0.0609 0.0837 
     D237367  1 0.1377 0.0395 0.1236 0.1116 0.2281 0.3596 
     D237368  1 0.1309 0.0367 0.4168 0.0539 0.1549 0.2067 
     D244101  1 0.1313 0.0706 0.0347 0.0255 0.2904 0.4474 
     D244102  1 0.2183 0.1222 0.2719 0.1200 0.1485 0.1191 
     D244103  1 0.3674 0.1600 0.0654 0.1131 0.0459 0.2482 
     D244104  1 0.0468 0.0340 0.0501 0.0629 0.0401 0.7661 
     D244105  1 0.3530 0.1772 0.3071 0.0284 0.0307 0.1035 
     D244106  1 0.0760 0.3379 0.0376 0.3121 0.1586 0.0778 
     D244107  1 0.2361 0.0360 0.5385 0.0202 0.0646 0.1046 
     D244108  1 0.1220 0.0555 0.3637 0.2011 0.1622 0.0955 
     D244113  1 0.0432 0.0198 0.0435 0.8254 0.0451 0.0229 
     D244114  1 0.2764 0.3903 0.0702 0.1262 0.0631 0.0737 
     D244115  1 0.1966 0.0534 0.0974 0.4143 0.0655 0.1728 
     D267365  1 0.1014 0.0587 0.0504 0.2182 0.0841 0.4872 
        D404  1 0.1113 0.0630 0.0556 0.5329 0.2085 0.0287 
        D405  1 0.2995 0.0666 0.0771 0.2688 0.1782 0.1099 
        D406  1 0.0378 0.0241 0.8387 0.0329 0.0248 0.0417 
        D407  1 0.2352 0.0277 0.0625 0.0547 0.4405 0.1793 
        D408  1 0.0591 0.1046 0.0198 0.7105 0.0505 0.0556 
        D409  1 0.4212 0.2442 0.0603 0.0663 0.0838 0.1241 
        D410  1 0.0825 0.0252 0.7632 0.0484 0.0234 0.0572 
        D421  1 0.0306 0.0166 0.0142 0.0263 0.1539 0.7585 
        D422  1 0.0942 0.1558 0.6786 0.0171 0.0238 0.0304 
        D423  1 0.0819 0.0229 0.6170 0.0273 0.1964 0.0546 
        D424  1 0.2230 0.0268 0.0414 0.0508 0.0413 0.6167 
        D425  1 0.1849 0.0506 0.0327 0.2525 0.1236 0.3557 
        D426  1 0.4064 0.4309 0.0303 0.0342 0.0493 0.0489 
        D427  1 0.0303 0.0274 0.0241 0.0717 0.5531 0.2935 
        D428  1 0.2140 0.0310 0.1975 0.2528 0.1536 0.1510 
        D429  1 0.1325 0.1847 0.0381 0.2402 0.0671 0.3374 
        D430  1 0.2508 0.2410 0.0391 0.1568 0.2186 0.0937 
        D491  1 0.0654 0.0357 0.0569 0.6921 0.0569 0.0929 
        D492  1 0.1987 0.0404 0.0400 0.3275 0.1526 0.2407 
        D537  1 0.1651 0.0253 0.0703 0.0823 0.0637 0.5933 
        D538  1 0.3005 0.0508 0.2756 0.1254 0.1900 0.0577 
        D539  1 0.1078 0.3320 0.1534 0.2770 0.0540 0.0758 
        D540  1 0.4602 0.0571 0.0594 0.0967 0.0702 0.2565 
        D541  1 0.0378 0.0204 0.0222 0.0152 0.0320 0.8725 
        D551  1 0.2794 0.5193 0.0721 0.0391 0.0435 0.0466 
        D552  1 0.1037 0.0487 0.5648 0.0730 0.0715 0.1383 
        D553  1 0.0293 0.0198 0.0186 0.0218 0.0181 0.8924 
        D615  1 0.1676 0.0793 0.1909 0.1181 0.0571 0.3870 
        D616  1 0.1955 0.0705 0.1852 0.0709 0.1379 0.3400 
        D621  1 0.0499 0.0388 0.6778 0.1859 0.0254 0.0222 
        D622  1 0.1116 0.1076 0.5746 0.0777 0.0500 0.0785 
        D623  1 0.0598 0.0276 0.0394 0.1267 0.7056 0.0409 
        D624  1 0.1579 0.0566 0.0293 0.6155 0.0380 0.1027 
        D625  1 0.0681 0.0423 0.0830 0.1917 0.0339 0.5809 
        D626  1 0.0736 0.0815 0.1168 0.5224 0.0429 0.1628 
        D627  1 0.3506 0.4001 0.0290 0.0465 0.0452 0.1286 
        D690  1 0.0412 0.0210 0.0755 0.1732 0.0211 0.6680 
        D691  1 0.0529 0.3376 0.3733 0.0381 0.0523 0.1458 
        D710  1 0.1747 0.0301 0.1140 0.1435 0.1675 0.3703 
        D711  1 0.1022 0.0487 0.1117 0.1139 0.0806 0.5428 
        D712  1 0.0894 0.0572 0.1161 0.5274 0.1485 0.0615 
        D713  1 0.1747 0.0403 0.0667 0.5250 0.0351 0.1582 
        D746  1 0.0324 0.0517 0.7894 0.0413 0.0222 0.0631 
        D747  1 0.0260 0.0229 0.0213 0.0221 0.0497 0.8579 
        D748  1 0.0999 0.2534 0.1462 0.1076 0.0654 0.3275 
        D749  1 0.3216 0.0686 0.4188 0.1089 0.0374 0.0446 
        D750  1 0.0498 0.0429 0.0519 0.6610 0.0442 0.1503 
        D763  1 0.1901 0.1411 0.1676 0.0877 0.1722 0.2413 
        D764  1 0.0501 0.0208 0.0496 0.1069 0.0325 0.7401 
        D765  1 0.2168 0.1068 0.5032 0.0892 0.0303 0.0537 
        D766  1 0.1351 0.0455 0.5848 0.1041 0.0539 0.0767 
        D767  1 0.1731 0.0891 0.2878 0.1295 0.1386 0.1820 
        D768  1 0.0453 0.0245 0.0199 0.0202 0.0299 0.8602 
        D811  1 0.1133 0.0331 0.0552 0.6975 0.0610 0.0399 
        D816  1 0.0436 0.0174 0.0305 0.0509 0.0336 0.8241 
        D825  1 0.1467 0.0519 0.1283 0.5598 0.0506 0.0627 
        D866  1 0.1465 0.2680 0.0615 0.1433 0.2466 0.1341 
        D867  1 0.0933 0.0316 0.7034 0.0602 0.0696 0.0419 
        D871  1 0.3546 0.3466 0.0282 0.1637 0.0471 0.0597 
        D872  1 0.0763 0.0231 0.5494 0.0600 0.0596 0.2315 
        D873  1 0.0332 0.0151 0.9072 0.0182 0.0150 0.0113 
        D874  1 0.1062 0.0871 0.0327 0.3798 0.1591 0.2350 
        D875  1 0.4565 0.3473 0.0671 0.0458 0.0557 0.0276 
        D876  1 0.0823 0.0349 0.1729 0.1162 0.0373 0.5563 
        D877  1 0.1875 0.0268 0.0284 0.6595 0.0624 0.0353 
        D892  1 0.1318 0.1670 0.0882 0.1809 0.1004 0.3317 
        D893  1 0.1781 0.0860 0.1180 0.0641 0.0889 0.4648 
        D894  1 0.1557 0.1581 0.0438 0.0890 0.0550 0.4984 
        D915  1 0.1357 0.1046 0.1109 0.0895 0.0595 0.4998 
        D916  1 0.0334 0.0188 0.0235 0.0256 0.0175 0.8812 
        D917  1 0.1659 0.0306 0.0392 0.3383 0.1710 0.2550 
        D925  1 0.0392 0.0175 0.7347 0.0663 0.0255 0.1167 
        D926  1 0.2405 0.0927 0.0506 0.1237 0.0347 0.4577 
        D927  1 0.0922 0.0508 0.0518 0.0471 0.4771 0.2809 
        D928  1 0.0584 0.0187 0.0269 0.7682 0.0365 0.0913 
        D929  1 0.1675 0.0750 0.1099 0.4982 0.0682 0.0813 
        D936  1 0.0865 0.0989 0.0490 0.0914 0.0976 0.5765 
        D938  1 0.0314 0.0316 0.8494 0.0328 0.0245 0.0304 
        D956  1 0.1733 0.1051 0.0615 0.4971 0.1039 0.0591 
        D957  1 0.1129 0.0358 0.5723 0.0409 0.0866 0.1515 
        D958  1 0.0612 0.0307 0.5125 0.1951 0.0381 0.1624 
        D959  1 0.4202 0.0351 0.0557 0.0347 0.3051 0.1492 
        D960  1 0.0596 0.0482 0.7911 0.0270 0.0277 0.0464 
        D989  1 0.0894 0.0544 0.0314 0.1924 0.4584 0.1740 
        D990  1 0.0407 0.0403 0.8232 0.0343 0.0402 0.0214 
        H102  1 0.0959 0.0726 0.1162 0.4125 0.0372 0.2657 
        H103  1 0.6213 0.0334 0.0996 0.0309 0.1260 0.0889 
        H104  1 0.1118 0.3238 0.0460 0.1375 0.0951 0.2858 
        H105  1 0.1457 0.0353 0.0664 0.3638 0.0834 0.3055 
        H106  1 0.1127 0.2204 0.4378 0.0828 0.0907 0.0556 
        H112  1 0.1767 0.2583 0.0853 0.2548 0.1021 0.1228 
        H113  1 0.2102 0.1195 0.0790 0.0727 0.1599 0.3587 
        H114  1 0.0977 0.0757 0.0629 0.0239 0.0935 0.6463 
        H115  1 0.0865 0.2395 0.0566 0.1033 0.0601 0.4541 
        H143  1 0.1664 0.0287 0.1073 0.0587 0.0268 0.6121 
        H144  1 0.3907 0.0308 0.0541 0.0475 0.0519 0.4251 
        H145  1 0.0654 0.0314 0.0510 0.7903 0.0418 0.0201 
        H149  1 0.1094 0.3327 0.0453 0.0990 0.1054 0.3083 
        H150  1 0.3044 0.1563 0.1400 0.2278 0.1339 0.0375 
     H167542  1 0.0740 0.0391 0.0634 0.0741 0.0424 0.7069 
     H169604  1 0.1047 0.1285 0.0312 0.3853 0.2348 0.1156 
     H169607  1 0.1562 0.0457 0.0415 0.6233 0.0821 0.0513 
     H169608  1 0.0702 0.0538 0.0686 0.7037 0.0489 0.0549 
     H169633  1 0.1549 0.0959 0.0606 0.0833 0.1713 0.4339 
     H169688  1 0.1778 0.0239 0.5656 0.0506 0.1339 0.0482 
     H169714  1 0.0723 0.7595 0.0465 0.0318 0.0442 0.0456 
     H171802  1 0.1986 0.1614 0.2168 0.0554 0.2854 0.0825 
     H171805  1 0.2547 0.1077 0.4840 0.0485 0.0396 0.0656 
     H171807  1 0.1879 0.1489 0.0742 0.3324 0.2238 0.0328 
     H171814  1 0.2797 0.0409 0.0696 0.0339 0.3250 0.2510 
     H171816  1 0.2239 0.0945 0.2818 0.1179 0.2234 0.0584 
     H171817  1 0.0975 0.1012 0.0858 0.5932 0.0519 0.0704 
     H171818  1 0.2266 0.1670 0.2375 0.0334 0.0630 0.2725 
     H171819  1 0.1385 0.1410 0.1341 0.1594 0.3058 0.1211 
     H171834  1 0.1508 0.5233 0.0994 0.0292 0.0692 0.1280 
     H171835  1 0.0581 0.2648 0.1848 0.1185 0.2723 0.1015 
     H171836  1 0.2060 0.0432 0.4289 0.0554 0.1945 0.0720 
     H171837  1 0.0645 0.1044 0.0714 0.1555 0.0568 0.5473 
     H171838  1 0.1217 0.4758 0.2031 0.0415 0.1385 0.0194 
     H171839  1 0.0639 0.1884 0.0409 0.1629 0.2453 0.2985 
     H171841  1 0.0863 0.0332 0.2255 0.5836 0.0503 0.0213 
     H171860  1 0.0845 0.0803 0.0390 0.4640 0.2358 0.0964 
     H171861  1 0.1774 0.0459 0.3207 0.0479 0.0342 0.3739 
     H171862  1 0.1854 0.4278 0.0823 0.0862 0.0766 0.1416 
     H171868  1 0.0371 0.0408 0.0253 0.0345 0.0225 0.8399 
     H171869  1 0.3583 0.0570 0.3303 0.0298 0.1302 0.0944 
     H171870  1 0.2098 0.1303 0.4530 0.0531 0.0941 0.0597 
     H171871  1 0.3823 0.2258 0.2129 0.0377 0.0803 0.0609 
     H171872  1 0.0788 0.1611 0.0375 0.5776 0.0544 0.0905 
     H171873  1 0.1584 0.2355 0.4597 0.0434 0.0660 0.0370 
     H171874  1 0.2355 0.1874 0.1591 0.1035 0.2063 0.1083 
     H171875  1 0.3133 0.0689 0.0815 0.0362 0.0798 0.4203 
     H171876  1 0.0873 0.0285 0.0301 0.1064 0.5067 0.2410 
     H171877  1 0.0421 0.0354 0.0429 0.1046 0.0762 0.6988 
     H171878  1 0.3687 0.0400 0.3023 0.0277 0.2175 0.0438 
     H171901  1 0.0745 0.0400 0.1986 0.5428 0.0952 0.0489 
     H171902  1 0.0670 0.0735 0.0453 0.7516 0.0306 0.0320 
     H171903  1 0.2394 0.2048 0.0430 0.0644 0.2209 0.2275 
     H171935  1 0.1194 0.3160 0.2419 0.1488 0.1553 0.0186 
     H171936  1 0.0726 0.0474 0.0837 0.0292 0.1724 0.5947 
     H171940  1 0.2091 0.1168 0.0728 0.3068 0.0544 0.2401 
     H171945  1 0.2789 0.0418 0.4393 0.1025 0.0746 0.0628 
     H171948  1 0.2461 0.3721 0.0746 0.1113 0.1077 0.0883 
     H171949  1 0.0766 0.3853 0.0657 0.3592 0.0668 0.0465 
     H171950  1 0.0655 0.1992 0.1517 0.3859 0.0597 0.1379 
     H171963  1 0.1362 0.0404 0.6734 0.0278 0.0569 0.0653 
     H171964  1 0.3143 0.2796 0.0610 0.0547 0.2603 0.0302 
     H171966  1 0.1530 0.2268 0.4065 0.0607 0.0392 0.1138 
     H171968  1 0.0626 0.0323 0.1317 0.6655 0.0335 0.0745 
     H171971  1 0.1586 0.5344 0.1552 0.0351 0.0895 0.0272 
     H171972  1 0.0596 0.0274 0.0283 0.0565 0.7977 0.0305 
     H171977  1 0.1803 0.0522 0.3688 0.0622 0.1508 0.1857 
     H171978  1 0.3663 0.2075 0.1651 0.1663 0.0607 0.0340 
     H171979  1 0.3062 0.2106 0.0657 0.0899 0.2906 0.0370 
        H176  1 0.0610 0.0733 0.0363 0.6134 0.0673 0.1488 
        H177  1 0.1406 0.1415 0.3264 0.2256 0.0598 0.1062 
        H179  1 0.0476 0.0371 0.0283 0.0511 0.0443 0.7917 
        H181  1 0.4477 0.1451 0.1768 0.0479 0.0911 0.0914 
        H182  1 0.2307 0.0909 0.4339 0.0726 0.0555 0.1164 
        H183  1 0.3279 0.0360 0.4656 0.0273 0.0682 0.0750 
        H184  1 0.1766 0.1931 0.1277 0.3660 0.0636 0.0729 
        H185  1 0.2205 0.0934 0.2130 0.0659 0.3060 0.1012 
        H186  1 0.3877 0.0501 0.1648 0.0477 0.0334 0.3163 
        H187  1 0.0920 0.0178 0.6674 0.0294 0.0575 0.1359 
        H188  1 0.0673 0.0623 0.0336 0.1031 0.0602 0.6735 
        H192  1 0.1172 0.4039 0.3000 0.0866 0.0532 0.0391 
        H193  1 0.4952 0.0601 0.1134 0.0985 0.0467 0.1862 
        H194  1 0.1267 0.4584 0.0410 0.1162 0.1483 0.1094 
        H195  1 0.1852 0.0388 0.5913 0.0399 0.1055 0.0392 
        H199  1 0.1991 0.0298 0.3026 0.3352 0.0909 0.0425 
        H200  1 0.1164 0.0751 0.0839 0.2212 0.3732 0.1303 
        H414  1 0.2827 0.1945 0.1123 0.1011 0.1586 0.1508 
        H415  1 0.2240 0.0960 0.0610 0.1401 0.1955 0.2835 
        H422  1 0.2431 0.0715 0.1824 0.2548 0.0575 0.1908 
        H423  1 0.1486 0.0614 0.0790 0.5955 0.0789 0.0366 
        H424  1 0.3071 0.0447 0.4378 0.0304 0.0586 0.1213 
        H425  1 0.1739 0.0386 0.6326 0.0450 0.0681 0.0418 
        H426  1 0.2977 0.3854 0.1745 0.0443 0.0569 0.0413 
        H443  1 0.2861 0.0376 0.0800 0.0460 0.0318 0.5185 
        H466  1 0.2891 0.1821 0.0506 0.0567 0.2200 0.2015 
        H467  1 0.0337 0.8261 0.0613 0.0285 0.0271 0.0233 
        H472  1 0.0564 0.0311 0.0302 0.7651 0.0789 0.0384 
        H483  1 0.2679 0.0758 0.1461 0.1072 0.1266 0.2764 
        H504  1 0.2135 0.0310 0.4807 0.1042 0.0905 0.0800 
        H505  1 0.1930 0.0931 0.1089 0.0992 0.1417 0.3641 
        H506  1 0.4131 0.0517 0.0882 0.1517 0.1579 0.1374 
        H507  1 0.2251 0.0481 0.3160 0.0721 0.1251 0.2136 
        H508  1 0.3342 0.2190 0.1288 0.0622 0.1597 0.0960 
        H524  1 0.1184 0.0459 0.3342 0.0517 0.2313 0.2184 
        H525  1 0.2532 0.0581 0.1156 0.2191 0.1770 0.1772 
        H526  1 0.1159 0.0693 0.0557 0.4544 0.0702 0.2345 
        H527  1 0.2355 0.0561 0.1757 0.2983 0.1502 0.0843 
        H528  1 0.3619 0.1371 0.0363 0.1241 0.2173 0.1234 
        H529  1 0.4579 0.0671 0.2429 0.0650 0.0546 0.1126 
        H533  1 0.2030 0.1156 0.3271 0.1010 0.0875 0.1659 
        H538  1 0.1121 0.0610 0.0511 0.4702 0.2338 0.0718 
        H539  1 0.0333 0.0176 0.8756 0.0182 0.0256 0.0297 
        H540  1 0.2140 0.1715 0.3310 0.1329 0.0852 0.0654 
        H541  1 0.1271 0.0702 0.0568 0.1222 0.1080 0.5158 
        H558  1 0.1594 0.0335 0.6624 0.0283 0.0883 0.0282 
        H559  1 0.1978 0.0235 0.0486 0.1964 0.0579 0.4757 
        H579  1 0.1061 0.0365 0.6623 0.0777 0.0493 0.0682 
        H584  1 0.3022 0.3712 0.0686 0.1105 0.0725 0.0750 
        H585  1 0.3381 0.2863 0.0621 0.0424 0.1295 0.1416 
        H605  1 0.1493 0.0902 0.2587 0.1378 0.0981 0.2659 
        H606  1 0.0881 0.0326 0.0524 0.4335 0.0352 0.3583 
        H632  1 0.1454 0.2276 0.0693 0.1934 0.2933 0.0710 
        H634  1 0.2109 0.0780 0.2854 0.1486 0.0828 0.1943 
        H671  1 0.0772 0.0911 0.0335 0.6388 0.0822 0.0773 
        H672  1 0.0485 0.0274 0.0447 0.0456 0.6700 0.1638 
        H673  1 0.4939 0.0425 0.0592 0.0749 0.1195 0.2101 
        H689  1 0.3395 0.2066 0.0715 0.1120 0.1506 0.1197 
        H690  1 0.1260 0.2264 0.1651 0.0910 0.0451 0.3464 
        H691  1 0.1141 0.0652 0.0560 0.0644 0.3197 0.3806 
        H692  1 0.5246 0.0266 0.0399 0.0393 0.3182 0.0514 
        H709  1 0.1267 0.0495 0.0574 0.0586 0.0912 0.6166 
        H710  1 0.6126 0.0944 0.0692 0.0325 0.0887 0.1025 
       H7355  1 0.0888 0.0868 0.0855 0.6189 0.0629 0.0570 
       H7356  1 0.3094 0.1925 0.2957 0.0570 0.1072 0.0381 
       H7357  1 0.0737 0.0902 0.2006 0.2499 0.0340 0.3517 
       H7358  1 0.0753 0.0228 0.1695 0.2919 0.1552 0.2854 
       H7380  1 0.2143 0.1792 0.0522 0.3195 0.0457 0.1891 
       H7381  1 0.4763 0.0751 0.0579 0.2291 0.0938 0.0678 
       H7382  1 0.2638 0.0687 0.1015 0.1583 0.3275 0.0801 
        H904  1 0.0586 0.1033 0.0593 0.3226 0.0373 0.4190 
        H923  1 0.1774 0.2156 0.1880 0.1665 0.1604 0.0921 
        H924  1 0.1772 0.0746 0.1596 0.2492 0.0828 0.2565 
        H925  1 0.0741 0.0244 0.0935 0.0530 0.0778 0.6772 
       H9558  1 0.0921 0.0278 0.7988 0.0231 0.0388 0.0195 
      H105.1  1 0.5471 0.2248 0.0541 0.0288 0.0651 0.0800 
      H115.1  1 0.0380 0.0267 0.0470 0.0263 0.0308 0.8311 
      H145.1  1 0.0469 0.0270 0.0320 0.7861 0.0307 0.0773 
      H149.1  1 0.0257 0.0200 0.0337 0.0269 0.0256 0.8681 
      H150.1  1 0.1995 0.0508 0.6019 0.0817 0.0326 0.0334 
   H169607.1  1 0.1210 0.0396 0.1263 0.4457 0.1320 0.1355 
   H169633.1  1 0.0498 0.0418 0.0959 0.0774 0.1187 0.6164 
   H169688.1  1 0.3135 0.0235 0.0490 0.0751 0.3190 0.2199 
   H171901.1  1 0.1852 0.0878 0.1328 0.1252 0.4049 0.0642 
   H171902.1  1 0.0653 0.0396 0.0988 0.6646 0.0263 0.1054 
   H171903.1  1 0.3650 0.1424 0.0546 0.2530 0.1248 0.0602 
      H177.1  1 0.1378 0.0467 0.0582 0.1180 0.3150 0.3244 
      H179.1  1 0.0787 0.0549 0.0857 0.1547 0.0646 0.5614 
      H180.1  1 0.5181 0.1335 0.1420 0.0619 0.0694 0.0751 
      H181.1  1 0.2570 0.2449 0.1130 0.0770 0.0652 0.2429 
 H194.1_2004  1 0.4346 0.0901 0.2173 0.0832 0.1116 0.0632 
 H195.1_2003  1 0.2830 0.0675 0.1101 0.0629 0.4171 0.0594 
 H195.1_2004  1 0.0709 0.0621 0.0404 0.4857 0.1492 0.1917 
      H415.1  1 0.1492 0.0566 0.1149 0.0522 0.0754 0.5517 
      H506.1  1 0.1976 0.0277 0.0385 0.0459 0.0808 0.6095 
      H533.1  1 0.1025 0.0362 0.1480 0.0694 0.0416 0.6023 
      H535.1  1 0.2108 0.2245 0.1461 0.1044 0.0711 0.2432 
      H539.1  1 0.1113 0.0427 0.6968 0.0637 0.0259 0.0597 
      H540.1  1 0.0634 0.0319 0.8054 0.0435 0.0298 0.0260 
     H9558.1  1 0.0708 0.0319 0.7827 0.0455 0.0440 0.0251 
    kos339.1  1 0.1052 0.0618 0.0474 0.0991 0.0611 0.6252 
        D023  2 0.0454 0.0179 0.5516 0.0175 0.0310 0.3366 
        D130  2 0.0504 0.0428 0.7934 0.0252 0.0334 0.0548 
        D131  2 0.1798 0.1250 0.0433 0.0539 0.0931 0.5048 
        D163  2 0.0968 0.0858 0.6891 0.0391 0.0260 0.0633 
        D164  2 0.0171 0.0137 0.6768 0.0144 0.2618 0.0162 
        D165  2 0.0777 0.0367 0.5754 0.0275 0.0516 0.2312 
        D166  2 0.3126 0.2033 0.2470 0.1210 0.0641 0.0521 
        D167  2 0.0279 0.0218 0.0257 0.0238 0.8835 0.0174 
        D192  2 0.0291 0.0236 0.0303 0.0228 0.8771 0.0170 
        D193  2 0.4524 0.2388 0.0750 0.1265 0.0513 0.0559 
        D206  2 0.1902 0.0678 0.0718 0.0392 0.1237 0.5074 
        D207  2 0.2055 0.0694 0.0331 0.0355 0.5977 0.0588 
        D208  2 0.0828 0.0926 0.0807 0.4942 0.1468 0.1029 
        D209  2 0.3123 0.0319 0.2194 0.0285 0.3311 0.0768 
        D210  2 0.0577 0.2873 0.0437 0.3976 0.1127 0.1010 
     D229599  2 0.1897 0.1295 0.1382 0.0608 0.0910 0.3908 
     D229600  2 0.1009 0.0744 0.4427 0.0295 0.2945 0.0580 
     D237227  2 0.0803 0.0551 0.2256 0.3514 0.2345 0.0531 
     D237228  2 0.2423 0.0560 0.2656 0.2356 0.1772 0.0233 
     D237258  2 0.1541 0.0720 0.1160 0.0951 0.2463 0.3165 
     D237310  2 0.1127 0.1887 0.4071 0.1026 0.1708 0.0181 
     D237311  2 0.1255 0.0788 0.2671 0.0354 0.4674 0.0258 
     D237312  2 0.1840 0.3628 0.1469 0.1881 0.0702 0.0480 
     D237313  2 0.1320 0.1079 0.2706 0.1637 0.0291 0.2967 
     D237322  2 0.2900 0.2618 0.0799 0.2334 0.0773 0.0575 
     D237323  2 0.0700 0.0999 0.4849 0.1335 0.1814 0.0303 
     D237324  2 0.4042 0.0750 0.2620 0.0290 0.1861 0.0436 
     D237325  2 0.1383 0.1579 0.3119 0.1729 0.1582 0.0608 
     D237326  2 0.0942 0.0387 0.5739 0.0543 0.1247 0.1142 
     D237327  2 0.1258 0.3306 0.0532 0.0694 0.3735 0.0476 
     D237337  2 0.1240 0.1112 0.5308 0.1080 0.0627 0.0633 
     D237338  2 0.1314 0.2833 0.2052 0.1106 0.1980 0.0716 
     D237339  2 0.2759 0.0557 0.0853 0.0348 0.3543 0.1940 
     D237340  2 0.0751 0.0976 0.1394 0.1132 0.5414 0.0332 
     D237389  2 0.2118 0.1178 0.4027 0.0430 0.1993 0.0254 
     D237390  2 0.1709 0.3742 0.1092 0.1088 0.1365 0.1004 
     D244017  2 0.1174 0.0229 0.0395 0.0903 0.6966 0.0333 
     D244112  2 0.0967 0.0596 0.1077 0.0204 0.6972 0.0184 
     D244118  2 0.0546 0.0299 0.4811 0.0174 0.3951 0.0218 
     D244119  2 0.0342 0.0361 0.0274 0.2281 0.6353 0.0390 
     D244120  2 0.1369 0.3977 0.0597 0.0569 0.3292 0.0197 
     D244122  2 0.1236 0.0671 0.1113 0.0774 0.5675 0.0531 
        D291  2 0.3958 0.1642 0.1008 0.0773 0.1632 0.0987 
        D292  2 0.1033 0.0872 0.0924 0.0682 0.2105 0.4383 
        D293  2 0.0269 0.0216 0.0149 0.0182 0.8073 0.1110 
        D322  2 0.0697 0.0310 0.0569 0.0219 0.6419 0.1787 
        D323  2 0.2478 0.0446 0.0615 0.0838 0.4080 0.1542 
        D324  2 0.1412 0.3113 0.0963 0.1070 0.0775 0.2667 
        D325  2 0.0383 0.0384 0.0143 0.0122 0.8599 0.0369 
        D326  2 0.0316 0.0242 0.0127 0.0193 0.0247 0.8875 
        D340  2 0.0269 0.0231 0.0219 0.0216 0.8817 0.0249 
        D341  2 0.0492 0.3297 0.0460 0.0923 0.4136 0.0692 
        D342  2 0.2951 0.1315 0.4073 0.0377 0.0865 0.0419 
        D343  2 0.0144 0.0150 0.0098 0.0109 0.9288 0.0211 
        D344  2 0.5554 0.0695 0.0633 0.0470 0.0671 0.1976 
        D345  2 0.2037 0.0253 0.5386 0.0493 0.0375 0.1456 
        D346  2 0.0696 0.0672 0.0274 0.5183 0.2323 0.0852 
        D351  2 0.2115 0.0801 0.0540 0.0396 0.0846 0.5302 
        D352  2 0.3601 0.0408 0.0508 0.1321 0.3489 0.0673 
        D353  2 0.6627 0.0302 0.0259 0.0526 0.0610 0.1676 
        D354  2 0.3654 0.0431 0.1688 0.1485 0.0499 0.2243 
        D362  2 0.0555 0.0206 0.0583 0.0332 0.0400 0.7923 
        D363  2 0.0402 0.0173 0.0305 0.0427 0.0426 0.8268 
        D364  2 0.2841 0.0414 0.0997 0.0361 0.0399 0.4988 
        D365  2 0.0134 0.0137 0.0107 0.0145 0.9289 0.0188 
        D369  2 0.0716 0.0605 0.0270 0.0539 0.3551 0.4320 
        D374  2 0.2736 0.0360 0.0676 0.5299 0.0469 0.0460 
        D375  2 0.6207 0.0402 0.0853 0.0475 0.0875 0.1188 
        D376  2 0.3164 0.1146 0.0914 0.3633 0.0768 0.0375 
        D377  2 0.1707 0.2088 0.1304 0.2718 0.0908 0.1275 
        D378  2 0.0549 0.0319 0.0311 0.0232 0.1544 0.7045 
        D379  2 0.1189 0.0381 0.0348 0.0377 0.0240 0.7464 
        D384  2 0.0244 0.0203 0.0178 0.0302 0.0173 0.8900 
        D385  2 0.0238 0.0194 0.0161 0.0343 0.8883 0.0181 
        D386  2 0.1574 0.0442 0.1486 0.0480 0.0810 0.5208 
        D391  2 0.0268 0.0224 0.0193 0.0247 0.8605 0.0463 
        D392  2 0.0485 0.0214 0.0488 0.0269 0.7942 0.0603 
        D393  2 0.0423 0.0973 0.0393 0.0260 0.0689 0.7262 
        D394  2 0.2362 0.1005 0.2839 0.0504 0.2251 0.1039 
        D395  2 0.0788 0.0315 0.0177 0.0242 0.8178 0.0300 
        D401  2 0.1876 0.0365 0.5430 0.0462 0.1531 0.0336 
        D402  2 0.0383 0.0630 0.0349 0.0425 0.7907 0.0306 
        D403  2 0.3917 0.0645 0.0831 0.0482 0.0180 0.3945 
        D415  2 0.2169 0.0454 0.0281 0.0267 0.0742 0.6087 
        D435  2 0.0675 0.0967 0.0725 0.0349 0.3081 0.4202 
        D436  2 0.3192 0.1275 0.0362 0.1483 0.0929 0.2759 
        D438  2 0.0237 0.0248 0.0292 0.0383 0.8640 0.0199 
        D439  2 0.4206 0.0557 0.1414 0.0294 0.1389 0.2140 
        D449  2 0.5064 0.1423 0.0360 0.0253 0.1665 0.1235 
        D450  2 0.1405 0.0865 0.0602 0.5814 0.0340 0.0974 
        D456  2 0.0643 0.0242 0.0232 0.0244 0.0148 0.8491 
        D462  2 0.0255 0.0181 0.0182 0.0176 0.8641 0.0565 
        D463  2 0.0647 0.0207 0.0148 0.0345 0.0192 0.8460 
        D464  2 0.4843 0.0400 0.0307 0.0626 0.2740 0.1085 
        D465  2 0.0482 0.0271 0.0344 0.0287 0.8118 0.0499 
        D473  2 0.0298 0.0417 0.0568 0.7912 0.0436 0.0369 
        D474  2 0.0378 0.0580 0.0352 0.0616 0.0468 0.7606 
        D476  2 0.1338 0.0956 0.4165 0.0278 0.1967 0.1296 
        D477  2 0.0800 0.0912 0.0500 0.1967 0.0757 0.5063 
        D478  2 0.3891 0.0438 0.1661 0.1203 0.1138 0.1669 
        D480  2 0.0539 0.1127 0.0233 0.0570 0.1104 0.6428 
        D481  2 0.1591 0.0359 0.2394 0.0605 0.2535 0.2516 
        D482  2 0.2928 0.1579 0.1244 0.2631 0.1145 0.0473 
        D483  2 0.0211 0.0209 0.0209 0.0223 0.8936 0.0212 
        D484  2 0.2544 0.0912 0.0661 0.1223 0.4267 0.0393 
        D510  2 0.1125 0.0740 0.0334 0.6853 0.0545 0.0403 
        D511  2 0.0989 0.0410 0.0521 0.0438 0.3055 0.4586 
        D512  2 0.1353 0.0529 0.2094 0.0256 0.5506 0.0263 
        D513  2 0.1047 0.0636 0.0727 0.1347 0.4844 0.1398 
        D635  2 0.0990 0.0262 0.1336 0.0222 0.0853 0.6337 
        D636  2 0.0224 0.0154 0.8795 0.0214 0.0158 0.0455 
        D637  2 0.1445 0.2699 0.0511 0.1494 0.3102 0.0748 
        D658  2 0.0563 0.0784 0.0496 0.0745 0.7033 0.0379 
        D659  2 0.2032 0.1564 0.0583 0.0721 0.0337 0.4764 
        D677  2 0.1089 0.1936 0.0794 0.0364 0.0424 0.5392 
        D678  2 0.2136 0.0322 0.1513 0.0348 0.5438 0.0244 
        D679  2 0.1085 0.1702 0.0439 0.1025 0.0637 0.5112 
        D719  2 0.0433 0.0413 0.0272 0.1606 0.2736 0.4539 
        D720  2 0.0683 0.0300 0.0722 0.1270 0.0806 0.6220 
        D721  2 0.0637 0.0394 0.6065 0.0449 0.0850 0.1605 
        D722  2 0.3052 0.0477 0.1292 0.2790 0.1655 0.0733 
        D734  2 0.0646 0.1025 0.0218 0.3498 0.3798 0.0815 
        D735  2 0.0954 0.0773 0.1045 0.0831 0.0855 0.5542 
        D736  2 0.1100 0.2277 0.0822 0.3111 0.1275 0.1416 
        D737  2 0.0661 0.1233 0.1581 0.0341 0.5789 0.0395 
        D807  2 0.0854 0.1382 0.0517 0.2516 0.1088 0.3643 
        D808  2 0.1997 0.2022 0.1747 0.0391 0.2846 0.0996 
        D817  2 0.1602 0.0259 0.0957 0.0882 0.0619 0.5681 
        D818  2 0.1386 0.2407 0.0411 0.0398 0.3568 0.1830 
        D819  2 0.1916 0.0416 0.0723 0.0693 0.2021 0.4231 
        D820  2 0.0668 0.0429 0.0220 0.0363 0.0921 0.7399 
        D895  2 0.3030 0.0520 0.1694 0.0938 0.0569 0.3249 
        D896  2 0.0610 0.0527 0.7321 0.0606 0.0632 0.0303 
        D897  2 0.2180 0.3897 0.1331 0.0497 0.1671 0.0425 
        D898  2 0.2986 0.3277 0.1471 0.1031 0.0636 0.0599 
        D918  2 0.1391 0.2917 0.1060 0.1916 0.1959 0.0757 
        D919  2 0.2797 0.0399 0.0439 0.0239 0.1747 0.4381 
        D920  2 0.0531 0.0470 0.8157 0.0273 0.0254 0.0314 
        D923  2 0.0928 0.0243 0.0240 0.0329 0.0522 0.7738 
        D930  2 0.1215 0.0862 0.0581 0.5588 0.0412 0.1341 
        D931  2 0.0566 0.0531 0.0311 0.0548 0.4325 0.3718 
        D968  2 0.0344 0.0314 0.0201 0.0228 0.8401 0.0512 
        D969  2 0.0989 0.1153 0.0268 0.0346 0.1978 0.5267 
        D977  2 0.0459 0.0611 0.0276 0.0286 0.8082 0.0287 
        D978  2 0.1437 0.5864 0.0273 0.0546 0.0831 0.1050 
        H008  2 0.2184 0.0342 0.0626 0.1033 0.0882 0.4933 
        H021  2 0.0715 0.4377 0.1299 0.0592 0.1762 0.1255 
        H023  2 0.0815 0.0569 0.1601 0.2369 0.0381 0.4265 
        H024  2 0.3802 0.2089 0.1240 0.0369 0.2077 0.0423 
        H025  2 0.4799 0.0703 0.0967 0.1306 0.0900 0.1326 
        H026  2 0.2887 0.0693 0.0352 0.0241 0.2333 0.3494 
        H027  2 0.0835 0.0973 0.0541 0.0574 0.3159 0.3918 
        H028  2 0.3774 0.1124 0.2422 0.0681 0.0887 0.1112 
        H029  2 0.1129 0.0335 0.0762 0.0311 0.2716 0.4747 
        H030  2 0.0391 0.0326 0.0341 0.0203 0.8464 0.0275 
        H038  2 0.0544 0.0696 0.6486 0.0356 0.0329 0.1589 
        H039  2 0.0675 0.0441 0.0501 0.7734 0.0242 0.0408 
        H040  2 0.0668 0.0809 0.5496 0.0462 0.0416 0.2149 
        H041  2 0.0926 0.0692 0.0322 0.0749 0.3567 0.3744 
        H042  2 0.1521 0.0481 0.1533 0.5138 0.0570 0.0757 
        H043  2 0.0430 0.0235 0.8281 0.0485 0.0258 0.0310 
        H044  2 0.2540 0.0807 0.3451 0.1112 0.1805 0.0285 
        H047  2 0.0955 0.0750 0.6559 0.0769 0.0406 0.0561 
        H050  2 0.1077 0.0492 0.0707 0.0461 0.6638 0.0625 
        H058  2 0.2416 0.1552 0.3679 0.0401 0.1023 0.0929 
        H062  2 0.0882 0.0535 0.2004 0.4796 0.0270 0.1512 
        H063  2 0.1206 0.0714 0.1492 0.0646 0.4239 0.1704 
        H065  2 0.1123 0.0251 0.0344 0.0678 0.0171 0.7433 
        H066  2 0.0919 0.1025 0.6410 0.0212 0.0893 0.0540 
        H067  2 0.1120 0.2345 0.0900 0.3035 0.0967 0.1633 
        H068  2 0.1274 0.1490 0.0810 0.3909 0.1958 0.0559 
        H069  2 0.0730 0.0216 0.1727 0.0470 0.6274 0.0583 
        H071  2 0.1079 0.0770 0.0426 0.1463 0.0693 0.5568 
        H072  2 0.1063 0.0507 0.0434 0.6676 0.0800 0.0520 
        H073  2 0.3393 0.1080 0.1478 0.0388 0.1440 0.2222 
        H081  2 0.1061 0.0487 0.0359 0.4665 0.0635 0.2793 
        H082  2 0.0606 0.0269 0.1305 0.0298 0.6805 0.0717 
        H083  2 0.0409 0.0413 0.0314 0.0233 0.8129 0.0502 
        H084  2 0.1254 0.4234 0.1371 0.1006 0.1421 0.0713 
        H085  2 0.0547 0.0237 0.0224 0.0916 0.3958 0.4118 
        H087  2 0.0983 0.1822 0.0410 0.2116 0.0685 0.3984 
        H088  2 0.1517 0.0736 0.0690 0.1486 0.1434 0.4136 
        H089  2 0.1258 0.0462 0.1351 0.2066 0.1872 0.2990 
        H090  2 0.0261 0.0584 0.0211 0.0235 0.8296 0.0412 
        H091  2 0.0342 0.0258 0.0234 0.0328 0.8010 0.0828 
        H098  2 0.2777 0.2298 0.1082 0.0846 0.1739 0.1257 
      H10001  2 0.0252 0.0365 0.0387 0.8437 0.0333 0.0226 
      H10002  2 0.1102 0.0652 0.1952 0.1356 0.0668 0.4270 
        H101  2 0.0374 0.0384 0.0370 0.0272 0.8357 0.0243 
        H108  2 0.0668 0.0406 0.0220 0.7555 0.0204 0.0948 
        H109  2 0.2508 0.1355 0.2515 0.0608 0.1884 0.1129 
        H110  2 0.1638 0.0439 0.0421 0.0891 0.0747 0.5864 
        H116  2 0.3788 0.0856 0.1273 0.0613 0.1504 0.1965 
        H117  2 0.0643 0.2032 0.0283 0.0363 0.2793 0.3886 
        H118  2 0.1285 0.0381 0.0196 0.0300 0.4368 0.3470 
        H119  2 0.0998 0.0786 0.0529 0.0889 0.0474 0.6324 
        H120  2 0.0438 0.0264 0.0332 0.7765 0.0253 0.0948 
        H121  2 0.0340 0.0171 0.0149 0.0260 0.8719 0.0361 
        H125  2 0.0818 0.2389 0.0403 0.5481 0.0423 0.0486 
        H126  2 0.3883 0.0269 0.3464 0.1299 0.0442 0.0643 
        H128  2 0.0145 0.0113 0.0125 0.0088 0.9374 0.0156 
        H129  2 0.3112 0.4661 0.0370 0.0269 0.0717 0.0870 
        H130  2 0.0766 0.0349 0.0429 0.8021 0.0259 0.0176 
        H133  2 0.1785 0.0721 0.0797 0.4948 0.1378 0.0372 
        H134  2 0.5519 0.0276 0.0388 0.0211 0.0303 0.3303 
        H135  2 0.1153 0.0303 0.0732 0.0942 0.1230 0.5640 
        H137  2 0.0872 0.5440 0.0535 0.0332 0.1949 0.0873 
        H138  2 0.5237 0.1654 0.0838 0.0481 0.0544 0.1247 
        H140  2 0.0970 0.2785 0.0477 0.0967 0.4420 0.0381 
        H146  2 0.0672 0.0302 0.0188 0.0202 0.7412 0.1224 
        H147  2 0.2523 0.0754 0.0358 0.0451 0.4322 0.1592 
        H148  2 0.0384 0.4847 0.0607 0.0632 0.0897 0.2633 
     H166022  2 0.2264 0.1403 0.1354 0.1307 0.2583 0.1088 
     H167359  2 0.4080 0.0902 0.1264 0.1450 0.1338 0.0966 
     H167397  2 0.2932 0.0360 0.1074 0.0316 0.4296 0.1022 
     H167428  2 0.0935 0.0203 0.0282 0.0227 0.2827 0.5525 
     H167496  2 0.0934 0.1379 0.0492 0.2340 0.1545 0.3310 
     H167513  2 0.0482 0.0603 0.7726 0.0426 0.0491 0.0271 
     H167545  2 0.0340 0.0255 0.8490 0.0285 0.0278 0.0351 
     H167547  2 0.2844 0.3163 0.0486 0.0410 0.2827 0.0271 
     H169621  2 0.0548 0.1316 0.0483 0.0274 0.7159 0.0221 
     H169622  2 0.2912 0.0292 0.3003 0.1444 0.0719 0.1630 
     H169750  2 0.0736 0.0347 0.0310 0.0942 0.7368 0.0296 
     H171806  2 0.0696 0.0676 0.0352 0.1042 0.5707 0.1528 
     H171808  2 0.0762 0.0258 0.1462 0.2901 0.0434 0.4183 
     H171809  2 0.1162 0.0767 0.0672 0.4346 0.0502 0.2550 
     H171813  2 0.0765 0.6034 0.1821 0.0592 0.0506 0.0282 
     H171815  2 0.0866 0.0783 0.6696 0.0413 0.0325 0.0918 
     H171824  2 0.0730 0.1748 0.0300 0.2945 0.1324 0.2954 
     H171825  2 0.1534 0.0385 0.1050 0.6077 0.0357 0.0598 
     H171826  2 0.0871 0.0853 0.0545 0.0670 0.0880 0.6180 
     H171827  2 0.1572 0.1184 0.3921 0.0350 0.0810 0.2163 
     H171828  2 0.0341 0.0985 0.0311 0.7265 0.0432 0.0666 
     H171829  2 0.2581 0.3619 0.0907 0.2092 0.0567 0.0234 
     H171830  2 0.2772 0.0440 0.0972 0.1038 0.2205 0.2572 
     H171831  2 0.3713 0.2577 0.1458 0.0765 0.1097 0.0389 
     H171832  2 0.2812 0.0342 0.4217 0.1054 0.0887 0.0688 
     H171863  2 0.1240 0.0182 0.1973 0.0210 0.5642 0.0753 
     H171864  2 0.0751 0.1025 0.1433 0.1337 0.1185 0.4269 
     H171865  2 0.1426 0.0274 0.2134 0.0518 0.0697 0.4951 
     H171879  2 0.1544 0.5377 0.0542 0.0362 0.1403 0.0773 
     H171880  2 0.1464 0.0731 0.0757 0.0311 0.6077 0.0660 
     H171881  2 0.1876 0.3773 0.1030 0.0603 0.1098 0.1621 
     H171882  2 0.0728 0.0549 0.0721 0.6724 0.0446 0.0832 
     H171929  2 0.1328 0.0687 0.0733 0.1535 0.2965 0.2751 
     H171930  2 0.0286 0.0379 0.8262 0.0200 0.0601 0.0271 
     H171933  2 0.1337 0.5067 0.0494 0.0904 0.1772 0.0427 
     H171934  2 0.1457 0.1775 0.1295 0.3072 0.0488 0.1914 
     H171937  2 0.6651 0.0413 0.1673 0.0413 0.0539 0.0311 
     H171962  2 0.1802 0.0674 0.3080 0.0516 0.0888 0.3039 
        H190  2 0.3320 0.2728 0.0592 0.0335 0.2286 0.0738 
        H191  2 0.1971 0.1915 0.2386 0.0971 0.0753 0.2004 
        H396  2 0.0549 0.0288 0.0312 0.0720 0.0473 0.7659 
        H397  2 0.2009 0.0779 0.0616 0.3423 0.2311 0.0862 
        H398  2 0.0796 0.0650 0.0632 0.1314 0.0420 0.6188 
        H400  2 0.0819 0.0303 0.2058 0.2139 0.0378 0.4302 
        H401  2 0.1430 0.6417 0.0575 0.0311 0.1003 0.0264 
        H402  2 0.1450 0.1100 0.3722 0.0208 0.1486 0.2034 
        H427  2 0.1388 0.0902 0.0377 0.0555 0.0532 0.6245 
        H428  2 0.0805 0.0184 0.0266 0.0231 0.2960 0.5554 
        H497  2 0.0526 0.0357 0.7704 0.0441 0.0489 0.0482 
        H512  2 0.2380 0.3444 0.0823 0.0387 0.1480 0.1485 
        H513  2 0.0528 0.0654 0.7730 0.0364 0.0458 0.0265 
        H514  2 0.4040 0.0575 0.1031 0.0363 0.2913 0.1078 
        H519  2 0.0916 0.1189 0.5911 0.0573 0.1116 0.0295 
        H532  2 0.0331 0.0288 0.0292 0.0246 0.0485 0.8357 
        H543  2 0.1840 0.1215 0.1679 0.0620 0.3378 0.1268 
        H544  2 0.1503 0.0175 0.0461 0.4780 0.2743 0.0338 
        H545  2 0.0195 0.0240 0.8902 0.0198 0.0211 0.0254 
        H546  2 0.3152 0.0924 0.2475 0.0948 0.0395 0.2105 
        H547  2 0.2791 0.3115 0.0438 0.0354 0.3053 0.0248 
        H548  2 0.1051 0.0496 0.1649 0.3599 0.0607 0.2597 
        H549  2 0.0114 0.0122 0.9282 0.0143 0.0135 0.0204 
        H620  2 0.0862 0.1294 0.0958 0.4670 0.0344 0.1872 
        H623  2 0.2358 0.0842 0.5254 0.0319 0.0892 0.0334 
        H624  2 0.0667 0.0166 0.7877 0.0566 0.0311 0.0413 
        H625  2 0.0926 0.0349 0.1976 0.2674 0.0680 0.3395 
        H626  2 0.1745 0.0968 0.4542 0.1207 0.0755 0.0783 
        H654  2 0.0438 0.0625 0.7822 0.0547 0.0183 0.0386 
        H655  2 0.2002 0.1160 0.1770 0.3209 0.1286 0.0573 
        H656  2 0.0542 0.0244 0.0325 0.8172 0.0197 0.0520 
        H666  2 0.1243 0.1452 0.0725 0.2987 0.3034 0.0558 
        H667  2 0.1038 0.0461 0.4856 0.0625 0.0624 0.2396 
        H677  2 0.1607 0.0553 0.0774 0.0823 0.0642 0.5601 
        H693  2 0.0687 0.1394 0.0640 0.4955 0.0343 0.1980 
        H694  2 0.2600 0.0736 0.3767 0.0882 0.1672 0.0343 
        H701  2 0.3097 0.1017 0.1538 0.0431 0.3144 0.0773 
        H702  2 0.1141 0.1623 0.1144 0.3141 0.1493 0.1459 
        H731  2 0.1149 0.0536 0.0320 0.3182 0.4367 0.0445 
       H7359  2 0.4320 0.1131 0.0971 0.1286 0.1210 0.1082 
       H7389  2 0.0769 0.1130 0.0808 0.0369 0.2385 0.4539 
       H7390  2 0.0797 0.6384 0.0517 0.1156 0.0619 0.0527 
       H7391  2 0.0636 0.2269 0.0324 0.0813 0.0808 0.5150 
       H7392  2 0.1191 0.1680 0.0735 0.0881 0.4385 0.1128 
       H7393  2 0.1079 0.4268 0.1872 0.1132 0.1295 0.0354 
       H7398  2 0.1139 0.0626 0.0310 0.0932 0.3109 0.3884 
       H7399  2 0.1558 0.0850 0.1940 0.0370 0.2417 0.2865 
       H7400  2 0.0960 0.0776 0.2671 0.4798 0.0159 0.0636 
        H745  2 0.5025 0.0673 0.0494 0.0320 0.2855 0.0633 
        H746  2 0.1106 0.0279 0.4145 0.0278 0.0605 0.3586 
        H747  2 0.1170 0.1831 0.1127 0.3622 0.1389 0.0862 
        H748  2 0.1292 0.0576 0.3724 0.0805 0.2016 0.1586 
       H7484  2 0.1287 0.1055 0.0443 0.6330 0.0428 0.0457 
       H7485  2 0.0645 0.0266 0.7711 0.0278 0.0509 0.0592 
        H749  2 0.0484 0.0209 0.7558 0.0632 0.0375 0.0741 
        H930  2 0.0714 0.0413 0.7041 0.0214 0.1264 0.0354 
        H931  2 0.1298 0.0276 0.0325 0.1750 0.1493 0.4858 
        H932  2 0.1107 0.0584 0.0368 0.0528 0.0633 0.6780 
      H008.1  2 0.0645 0.0212 0.0309 0.0636 0.0305 0.7893 
 H029.1_2002  2 0.4068 0.0296 0.1202 0.0333 0.1167 0.2933 
 H029.1_2003  2 0.2005 0.0402 0.0374 0.0397 0.0791 0.6031 
      H030.1  2 0.2090 0.3504 0.0408 0.0638 0.2543 0.0818 
      H038.1  2 0.1063 0.0274 0.1001 0.1561 0.0358 0.5742 
      H041.1  2 0.0201 0.0154 0.0174 0.0144 0.8708 0.0620 
 H042.1_2002  2 0.0268 0.0316 0.0299 0.0395 0.8294 0.0428 
 H042.1_2003  2 0.2563 0.0642 0.2265 0.1351 0.1074 0.2103 
   H042_2002  2 0.1571 0.0509 0.1333 0.5305 0.0518 0.0764 
   H042_2003  2 0.1477 0.0603 0.1556 0.5025 0.0611 0.0727 
      H043.1  2 0.0297 0.0155 0.8670 0.0257 0.0212 0.0409 
      H047.1  2 0.1874 0.0434 0.5787 0.0524 0.0320 0.1062 
 H071.1_2002  2 0.4191 0.0299 0.1047 0.0510 0.0534 0.3419 
 H071.1_2003  2 0.4193 0.0514 0.0492 0.1847 0.0797 0.2157 
 H081.1_2002  2 0.4090 0.0334 0.0370 0.0677 0.0432 0.4098 
 H081.1_2003  2 0.1210 0.1342 0.2277 0.0719 0.0638 0.3813 
      H083.1  2 0.3680 0.0335 0.0883 0.0176 0.3126 0.1801 
      H084.1  2 0.2411 0.3211 0.2950 0.0310 0.0681 0.0437 
 H085.1_2002  2 0.1243 0.0259 0.0525 0.0861 0.3261 0.3852 
 H085.1_2003  2 0.0416 0.0211 0.0232 0.0269 0.4972 0.3900 
      H088.1  2 0.0575 0.0483 0.0297 0.0269 0.7256 0.1120 
      H091.1  2 0.0143 0.0150 0.0135 0.0136 0.9285 0.0151 
      H109.1  2 0.1107 0.0950 0.6138 0.0432 0.0707 0.0666 
      H126.1  2 0.2172 0.0838 0.2129 0.3673 0.0663 0.0525 
      H130.1  2 0.0384 0.0441 0.0689 0.7379 0.0772 0.0336 
      H133.1  2 0.1347 0.0481 0.1539 0.1796 0.4011 0.0826 
      H147.1  2 0.2307 0.1645 0.0745 0.0953 0.3321 0.1028 
      H148.1  2 0.0692 0.1076 0.2230 0.3349 0.0643 0.2010 
   H166022.1  2 0.0299 0.0303 0.0255 0.0173 0.8711 0.0259 
   H167397.1  2 0.1597 0.0581 0.5023 0.0332 0.1472 0.0995 
   H167496.1  2 0.0700 0.2125 0.0637 0.1154 0.2769 0.2615 
   H167513.1  2 0.1139 0.0416 0.6414 0.0588 0.1088 0.0355 
   H167547.1  2 0.1125 0.3567 0.1401 0.1818 0.1577 0.0512 
   H169750.1  2 0.0656 0.1101 0.0409 0.2233 0.5112 0.0489 
   H171929.1  2 0.1905 0.0496 0.4199 0.0426 0.2403 0.0570 
   H171930.1  2 0.0488 0.0696 0.7573 0.0235 0.0671 0.0337 
   H171933.1  2 0.0393 0.0454 0.0348 0.0895 0.7013 0.0897 
      H190.1  2 0.1411 0.4695 0.1058 0.1100 0.0830 0.0906 
      H400.1  2 0.0707 0.0338 0.0765 0.0376 0.6427 0.1387 
 H428.1_2005  2 0.0722 0.0288 0.0424 0.0389 0.5241 0.2936 
 H428.1_2006  2 0.0343 0.0210 0.0210 0.0206 0.8352 0.0680 
      H453.1  2 0.0563 0.0453 0.0368 0.0299 0.7809 0.0508 
      H512.1  2 0.5732 0.1128 0.0375 0.0408 0.1942 0.0415 
      H513.1  2 0.0448 0.0438 0.0418 0.0296 0.8192 0.0209 
      H532.1  2 0.1528 0.0588 0.1541 0.0566 0.1138 0.4640 
      H543.1  2 0.1189 0.0271 0.2298 0.0233 0.1053 0.4956 
 H545.1_2005  2 0.0185 0.0121 0.9166 0.0173 0.0143 0.0211 
 H545.1_2006  2 0.0958 0.0295 0.1715 0.0226 0.0597 0.6209 
      H547.1  2 0.0653 0.0374 0.0202 0.0269 0.8318 0.0183 
      H548.1  2 0.0395 0.0210 0.7486 0.0508 0.0419 0.0983 
     H7389.1  2 0.0322 0.0395 0.0236 0.0929 0.7754 0.0364 
      H747.1  2 0.1996 0.1428 0.1514 0.2573 0.2014 0.0475 
     H7484.1  2 0.1819 0.0644 0.0769 0.2866 0.2634 0.1267 
     H7485.1  2 0.1311 0.0399 0.0824 0.0335 0.1170 0.5962 
     H7496.1  2 0.0794 0.3400 0.0464 0.0850 0.3066 0.1426 
        D211  3 0.2061 0.2365 0.1950 0.1123 0.0380 0.2120 
     D229639  3 0.0740 0.4799 0.0554 0.1285 0.0590 0.2032 
     D237212  3 0.1144 0.2758 0.0857 0.1705 0.1145 0.2391 
     D237213  3 0.2317 0.2607 0.1994 0.0798 0.0722 0.1563 
     D237214  3 0.3846 0.0358 0.3538 0.0850 0.0860 0.0547 
     D237215  3 0.0718 0.0464 0.0533 0.1376 0.6647 0.0263 
     D237216  3 0.7086 0.0803 0.0708 0.0458 0.0472 0.0474 
     D237217  3 0.5049 0.1185 0.1963 0.0223 0.0223 0.1357 
     D237218  3 0.0528 0.7401 0.0440 0.0380 0.0348 0.0903 
     D237219  3 0.1499 0.2204 0.2714 0.2568 0.0347 0.0668 
     D237382  3 0.1754 0.2596 0.1068 0.2196 0.1442 0.0944 
     D244127  3 0.1556 0.1483 0.4996 0.0299 0.1315 0.0350 
     D244129  3 0.2171 0.1056 0.1816 0.1355 0.1714 0.1887 
     D244133  3 0.1593 0.0486 0.0798 0.4016 0.1892 0.1216 
     D244134  3 0.1027 0.2480 0.2053 0.2808 0.0607 0.1026 
     D244135  3 0.1392 0.0512 0.5195 0.0515 0.0694 0.1691 
     D244136  3 0.1406 0.0469 0.0543 0.3380 0.1763 0.2439 
        D416  3 0.1866 0.3451 0.1192 0.0380 0.1653 0.1458 
        D417  3 0.0911 0.1733 0.0370 0.0335 0.0323 0.6328 
        D419  3 0.1880 0.1801 0.1684 0.1308 0.1058 0.2269 
        D565  3 0.0278 0.0263 0.0307 0.8052 0.0332 0.0769 
        D566  3 0.1306 0.2514 0.0472 0.2486 0.2076 0.1146 
        D567  3 0.1183 0.0296 0.1244 0.0531 0.0355 0.6391 
        D568  3 0.1724 0.1304 0.1865 0.0244 0.0597 0.4265 
        D569  3 0.3869 0.0628 0.1933 0.0723 0.2262 0.0585 
        D573  3 0.0966 0.1701 0.0238 0.0256 0.2283 0.4557 
        D574  3 0.2536 0.1303 0.1131 0.3136 0.1326 0.0568 
        D575  3 0.0637 0.0430 0.3099 0.4483 0.0387 0.0964 
        D576  3 0.0928 0.0355 0.0303 0.0873 0.7423 0.0119 
        D577  3 0.1424 0.0578 0.1049 0.2069 0.0317 0.4563 
        D578  3 0.2776 0.0346 0.4871 0.0246 0.1582 0.0179 
        D579  3 0.0768 0.2277 0.0775 0.2788 0.0793 0.2598 
        D660  3 0.1557 0.0612 0.1480 0.0626 0.5447 0.0278 
        D661  3 0.0722 0.7120 0.0489 0.0258 0.0926 0.0486 
        D663  3 0.1984 0.5521 0.0377 0.0524 0.0689 0.0905 
        D664  3 0.1462 0.0808 0.3317 0.3111 0.0968 0.0333 
        D665  3 0.3571 0.0633 0.4255 0.0413 0.0842 0.0287 
        D666  3 0.0994 0.1594 0.1408 0.4081 0.0567 0.1357 
        H111  3 0.4298 0.0982 0.3360 0.0461 0.0348 0.0551 
        H951  3 0.2868 0.0434 0.1651 0.0740 0.3454 0.0853 
