        D174  1 0.0591 0.0850 0.0523 0.0954 0.4879 0.0792 0.1412 
        D199  1 0.0793 0.3860 0.0844 0.1391 0.0792 0.0344 0.1976 
        D203  1 0.1430 0.1712 0.0798 0.1183 0.0559 0.1964 0.2355 
        D204  1 0.1507 0.0725 0.0390 0.0561 0.0349 0.0240 0.6229 
     D237366  1 0.3997 0.0565 0.0764 0.1118 0.0729 0.2151 0.0676 
     D237367  1 0.3329 0.2206 0.0648 0.1060 0.0765 0.0277 0.1715 
     D237368  1 0.0348 0.1739 0.4029 0.1419 0.0561 0.0368 0.1537 
     D244101  1 0.0430 0.2211 0.0286 0.0793 0.0229 0.0724 0.5328 
     D244102  1 0.4566 0.0832 0.1327 0.1206 0.0679 0.0511 0.0880 
     D244103  1 0.0822 0.0464 0.0598 0.2058 0.0845 0.1808 0.3405 
     D244104  1 0.0295 0.0452 0.0574 0.0440 0.0707 0.0466 0.7065 
     D244105  1 0.1063 0.0343 0.2208 0.3118 0.0272 0.1642 0.1354 
     D244106  1 0.0744 0.1306 0.0330 0.0823 0.2601 0.3373 0.0823 
     D244107  1 0.0323 0.0549 0.5710 0.1886 0.0190 0.0483 0.0861 
     D244108  1 0.1748 0.1196 0.2871 0.1107 0.1532 0.0491 0.1054 
     D244113  1 0.0394 0.0405 0.0418 0.0582 0.7761 0.0138 0.0302 
     D244114  1 0.1012 0.0481 0.0448 0.3510 0.1074 0.2875 0.0600 
     D244115  1 0.0462 0.0689 0.0946 0.1816 0.3353 0.0634 0.2100 
     D267365  1 0.0873 0.0842 0.0546 0.0794 0.1829 0.0501 0.4616 
        D404  1 0.1726 0.1364 0.0453 0.0950 0.4670 0.0506 0.0331 
        D405  1 0.1679 0.1369 0.0722 0.2688 0.1904 0.0524 0.1113 
        D406  1 0.0653 0.0263 0.7586 0.0344 0.0374 0.0276 0.0504 
        D407  1 0.0286 0.5093 0.0451 0.1573 0.0515 0.0248 0.1834 
        D408  1 0.0391 0.0411 0.0193 0.0730 0.6785 0.1049 0.0441 
        D409  1 0.0416 0.0572 0.0621 0.3800 0.0488 0.2598 0.1504 
        D410  1 0.0375 0.0188 0.7116 0.0894 0.0481 0.0239 0.0707 
        D421  1 0.0153 0.1989 0.0125 0.0260 0.0319 0.0205 0.6948 
        D422  1 0.0269 0.0191 0.6910 0.0756 0.0186 0.1439 0.0249 
        D423  1 0.0263 0.1927 0.6033 0.0849 0.0263 0.0248 0.0418 
        D424  1 0.0328 0.0445 0.0399 0.1628 0.0395 0.0194 0.6612 
        D425  1 0.1601 0.1010 0.0361 0.1439 0.2058 0.0444 0.3087 
        D426  1 0.0150 0.0781 0.0262 0.2632 0.0354 0.5284 0.0537 
        D427  1 0.0187 0.5433 0.0204 0.0326 0.0567 0.0267 0.3015 
        D428  1 0.2705 0.0977 0.1246 0.1948 0.1876 0.0211 0.1038 
        D429  1 0.1072 0.0622 0.0337 0.1461 0.1638 0.1591 0.3279 
        D430  1 0.1047 0.2721 0.0339 0.1724 0.1278 0.1925 0.0967 
        D491  1 0.0388 0.0476 0.0471 0.0844 0.6810 0.0326 0.0685 
        D492  1 0.0643 0.1904 0.0437 0.1988 0.2629 0.0441 0.1958 
        D537  1 0.1030 0.0662 0.0833 0.1346 0.0773 0.0263 0.5094 
        D538  1 0.1040 0.2123 0.2360 0.2248 0.1183 0.0449 0.0597 
        D539  1 0.1380 0.0495 0.1053 0.1029 0.2152 0.3262 0.0628 
        D540  1 0.0406 0.0591 0.0651 0.3788 0.0763 0.0498 0.3304 
        D541  1 0.0165 0.0339 0.0246 0.0311 0.0164 0.0179 0.8596 
        D551  1 0.0411 0.0376 0.0695 0.2165 0.0360 0.5598 0.0396 
        D552  1 0.0380 0.0467 0.5009 0.0945 0.0854 0.0741 0.1603 
        D553  1 0.0168 0.0166 0.0185 0.0231 0.0188 0.0188 0.8875 
        D615  1 0.0519 0.0521 0.1888 0.1728 0.1171 0.0781 0.3393 
        D616  1 0.0238 0.2191 0.1676 0.2218 0.0547 0.0833 0.2297 
        D621  1 0.0291 0.0183 0.6534 0.0445 0.1993 0.0301 0.0254 
        D622  1 0.0578 0.0417 0.5409 0.1155 0.0771 0.1020 0.0650 
        D623  1 0.0984 0.6189 0.0412 0.0726 0.1190 0.0206 0.0293 
        D624  1 0.0517 0.0510 0.0619 0.1734 0.5318 0.0498 0.0803 
        D625  1 0.0881 0.0389 0.0655 0.0679 0.2242 0.0364 0.4790 
        D626  1 0.2461 0.0305 0.0771 0.0710 0.4110 0.0522 0.1121 
        D627  1 0.0329 0.0455 0.0241 0.2444 0.0367 0.4434 0.1729 
        D690  1 0.0585 0.0257 0.0631 0.0362 0.1968 0.0199 0.5999 
        D691  1 0.1473 0.0675 0.2291 0.0602 0.0362 0.3628 0.0969 
        D710  1 0.0487 0.1447 0.1461 0.1769 0.1411 0.0285 0.3140 
        D711  1 0.3902 0.0451 0.0580 0.0569 0.0725 0.0266 0.3506 
        D712  1 0.1549 0.1133 0.0688 0.1182 0.4557 0.0450 0.0442 
        D713  1 0.1017 0.0367 0.0686 0.1654 0.4661 0.0420 0.1195 
        D746  1 0.0222 0.0222 0.7653 0.0443 0.0394 0.0512 0.0555 
        D747  1 0.0424 0.0477 0.0201 0.0221 0.0243 0.0218 0.8215 
        D748  1 0.1920 0.0678 0.0871 0.0822 0.1109 0.2552 0.2046 
        D749  1 0.0337 0.0377 0.4663 0.2591 0.0841 0.0685 0.0506 
        D750  1 0.0275 0.0407 0.0472 0.0556 0.6265 0.0388 0.1637 
        D763  1 0.0861 0.1724 0.2303 0.1622 0.0882 0.1112 0.1496 
        D764  1 0.0188 0.0351 0.0764 0.0585 0.1511 0.0277 0.6325 
        D765  1 0.0666 0.0262 0.3525 0.3032 0.0827 0.1229 0.0459 
        D766  1 0.0480 0.0390 0.5754 0.1052 0.0981 0.0361 0.0984 
        D767  1 0.6818 0.0496 0.0718 0.0577 0.0386 0.0267 0.0739 
        D768  1 0.0210 0.0287 0.0239 0.0458 0.0190 0.0235 0.8380 
        D811  1 0.0489 0.0595 0.0428 0.1018 0.6770 0.0412 0.0289 
        D816  1 0.0448 0.0357 0.0269 0.0500 0.0474 0.0178 0.7775 
        D825  1 0.0933 0.0458 0.1399 0.1530 0.4438 0.0496 0.0747 
        D866  1 0.0509 0.2073 0.0539 0.1135 0.1151 0.3206 0.1387 
        D867  1 0.0282 0.0610 0.6832 0.1029 0.0478 0.0322 0.0446 
        D871  1 0.1794 0.0389 0.0261 0.2892 0.1224 0.2512 0.0930 
        D872  1 0.2693 0.0406 0.4023 0.0619 0.0514 0.0180 0.1566 
        D873  1 0.0166 0.0176 0.9007 0.0241 0.0168 0.0138 0.0104 
        D874  1 0.1769 0.0927 0.0259 0.0878 0.3592 0.0524 0.2051 
        D875  1 0.0517 0.0476 0.0632 0.3859 0.0426 0.3640 0.0451 
        D876  1 0.0837 0.0403 0.1019 0.0657 0.0961 0.0296 0.5827 
        D877  1 0.1411 0.0590 0.0231 0.1255 0.5934 0.0252 0.0326 
        D892  1 0.2769 0.0845 0.0419 0.0781 0.1763 0.1250 0.2173 
        D893  1 0.3665 0.0469 0.0543 0.1172 0.0478 0.0373 0.3301 
        D894  1 0.0685 0.0534 0.0352 0.1229 0.0769 0.1495 0.4936 
        D915  1 0.0641 0.0440 0.0976 0.1149 0.0662 0.1086 0.5046 
        D916  1 0.0173 0.0265 0.0251 0.0198 0.0282 0.0228 0.8604 
        D917  1 0.0384 0.1772 0.0441 0.1609 0.3092 0.0364 0.2338 
        D925  1 0.0325 0.0290 0.6732 0.0411 0.0764 0.0176 0.1301 
        D926  1 0.0945 0.0383 0.0427 0.1930 0.1058 0.0845 0.4411 
        D927  1 0.1748 0.4793 0.0495 0.0730 0.0408 0.0500 0.1327 
        D928  1 0.0213 0.0362 0.0305 0.0389 0.7644 0.0146 0.0939 
        D929  1 0.6991 0.0314 0.0328 0.0620 0.1148 0.0254 0.0344 
        D936  1 0.1352 0.0781 0.0384 0.0877 0.0707 0.0734 0.5164 
        D938  1 0.0308 0.0216 0.8070 0.0366 0.0393 0.0319 0.0328 
        D956  1 0.0532 0.0849 0.0640 0.1386 0.4706 0.1256 0.0631 
        D957  1 0.1574 0.0622 0.4932 0.0789 0.0365 0.0295 0.1423 
        D958  1 0.0695 0.0397 0.4100 0.0691 0.2289 0.0294 0.1534 
        D959  1 0.0246 0.3787 0.0427 0.3352 0.0363 0.0465 0.1359 
        D960  1 0.0324 0.0255 0.7390 0.0726 0.0289 0.0566 0.0451 
        D989  1 0.0591 0.4971 0.0277 0.0821 0.1742 0.0472 0.1126 
        D990  1 0.0695 0.0403 0.7376 0.0500 0.0352 0.0444 0.0230 
        H102  1 0.0509 0.0333 0.1045 0.0990 0.3980 0.0639 0.2502 
        H103  1 0.1891 0.1146 0.0885 0.4616 0.0306 0.0278 0.0878 
        H104  1 0.4371 0.0672 0.0284 0.0810 0.0825 0.1412 0.1626 
        H105  1 0.0348 0.0811 0.0727 0.1245 0.3423 0.0438 0.3007 
        H106  1 0.2586 0.0798 0.2864 0.0885 0.0647 0.1708 0.0512 
        H112  1 0.1032 0.0762 0.0668 0.1887 0.2300 0.2215 0.1136 
        H113  1 0.0682 0.1762 0.0720 0.2193 0.0650 0.1356 0.2637 
        H114  1 0.0355 0.0984 0.0853 0.1356 0.0255 0.1067 0.5131 
        H115  1 0.1408 0.0605 0.0518 0.0895 0.0955 0.1975 0.3643 
        H143  1 0.0288 0.0311 0.1241 0.1270 0.0565 0.0284 0.6042 
        H144  1 0.0317 0.0684 0.0571 0.2956 0.0362 0.0303 0.4808 
        H145  1 0.0428 0.0367 0.0603 0.1234 0.6804 0.0378 0.0185 
        H149  1 0.1923 0.0974 0.0432 0.1000 0.0527 0.1810 0.3333 
        H150  1 0.1627 0.1053 0.1029 0.2311 0.2937 0.0758 0.0284 
     H167542  1 0.0443 0.0304 0.0435 0.0514 0.0602 0.0340 0.7363 
     H169604  1 0.1903 0.1915 0.0242 0.0830 0.3294 0.1020 0.0797 
     H169607  1 0.0965 0.0686 0.0401 0.1487 0.5512 0.0440 0.0508 
     H169608  1 0.0438 0.0384 0.0779 0.0666 0.6977 0.0334 0.0421 
     H169633  1 0.0362 0.1316 0.0742 0.1558 0.0942 0.1140 0.3940 
     H169688  1 0.1653 0.1311 0.4218 0.1522 0.0547 0.0224 0.0525 
     H169714  1 0.2313 0.0397 0.0347 0.0651 0.0291 0.5531 0.0471 
     H171802  1 0.1177 0.2804 0.1705 0.1718 0.0500 0.1486 0.0610 
     H171805  1 0.4254 0.0365 0.2245 0.1226 0.0340 0.0922 0.0649 
     H171807  1 0.0671 0.2070 0.0734 0.2145 0.2886 0.1155 0.0339 
     H171814  1 0.0381 0.3366 0.0776 0.2529 0.0287 0.0442 0.2219 
     H171816  1 0.1719 0.1755 0.2050 0.2176 0.1030 0.0781 0.0488 
     H171817  1 0.2956 0.0366 0.0809 0.0949 0.3651 0.0698 0.0572 
     H171818  1 0.1040 0.0678 0.1824 0.1768 0.0267 0.1939 0.2485 
     H171819  1 0.1345 0.1991 0.1781 0.1349 0.1170 0.1268 0.1096 
     H171834  1 0.0296 0.0460 0.1178 0.1027 0.0237 0.5785 0.1017 
     H171835  1 0.4872 0.1098 0.0835 0.0602 0.0922 0.1157 0.0515 
     H171836  1 0.0274 0.1656 0.3765 0.2289 0.0486 0.0633 0.0896 
     H171837  1 0.0890 0.0767 0.0683 0.0914 0.2053 0.1273 0.3421 
     H171838  1 0.0531 0.1170 0.2089 0.1497 0.0405 0.4127 0.0180 
     H171839  1 0.2305 0.1902 0.0354 0.0794 0.1379 0.1191 0.2076 
     H171841  1 0.0362 0.0405 0.2559 0.0846 0.5291 0.0351 0.0186 
     H171860  1 0.0715 0.2029 0.0288 0.0897 0.4121 0.1165 0.0784 
     H171861  1 0.0391 0.0261 0.2302 0.1152 0.0432 0.0483 0.4978 
     H171862  1 0.0767 0.0548 0.0576 0.1730 0.0671 0.4161 0.1547 
     H171868  1 0.0332 0.0205 0.0272 0.0376 0.0257 0.0374 0.8185 
     H171869  1 0.0490 0.1089 0.3262 0.3151 0.0277 0.0528 0.1203 
     H171870  1 0.2852 0.1210 0.2652 0.1601 0.0507 0.0712 0.0466 
     H171871  1 0.1580 0.0739 0.1432 0.3534 0.0404 0.1763 0.0548 
     H171872  1 0.2284 0.0423 0.0347 0.0851 0.4126 0.1079 0.0891 
     H171873  1 0.1135 0.0838 0.3826 0.1465 0.0377 0.1994 0.0365 
     H171874  1 0.0310 0.1641 0.1580 0.1744 0.1277 0.2150 0.1298 
     H171875  1 0.0286 0.0580 0.0637 0.1899 0.0363 0.0777 0.5459 
     H171876  1 0.0358 0.4319 0.0363 0.0988 0.0962 0.0363 0.2646 
     H171877  1 0.0414 0.0663 0.0420 0.0367 0.0878 0.0384 0.6874 
     H171878  1 0.1234 0.1871 0.3834 0.2100 0.0255 0.0300 0.0407 
     H171901  1 0.2703 0.0682 0.1352 0.0832 0.3792 0.0260 0.0379 
     H171902  1 0.0449 0.0276 0.0473 0.0708 0.7223 0.0573 0.0298 
     H171903  1 0.0535 0.1553 0.0375 0.2053 0.0604 0.3074 0.1805 
     H171935  1 0.1527 0.1219 0.1764 0.1539 0.1294 0.2454 0.0203 
     H171936  1 0.0607 0.1794 0.1261 0.0676 0.0287 0.0711 0.4662 
     H171940  1 0.0657 0.0508 0.0604 0.1692 0.1784 0.1114 0.3640 
     H171945  1 0.0841 0.0540 0.3429 0.2698 0.1289 0.0434 0.0768 
     H171948  1 0.1068 0.0712 0.1009 0.1906 0.1180 0.2946 0.1179 
     H171949  1 0.1100 0.0655 0.0724 0.0905 0.3115 0.3001 0.0500 
     H171950  1 0.5706 0.0489 0.0515 0.0570 0.1389 0.0643 0.0687 
     H171963  1 0.0354 0.0706 0.7111 0.0771 0.0243 0.0306 0.0510 
     H171964  1 0.0424 0.2873 0.0671 0.2684 0.0474 0.2610 0.0264 
     H171966  1 0.0573 0.0348 0.3998 0.1477 0.0716 0.2026 0.0863 
     H171968  1 0.0474 0.0298 0.1383 0.0508 0.6122 0.0410 0.0805 
     H171971  1 0.1738 0.0693 0.1340 0.1549 0.0324 0.4123 0.0232 
     H171972  1 0.0321 0.7471 0.0332 0.0897 0.0440 0.0282 0.0256 
     H171977  1 0.0650 0.1738 0.2972 0.1711 0.0471 0.0463 0.1995 
     H171978  1 0.5278 0.0406 0.0600 0.1589 0.0932 0.0858 0.0338 
     H171979  1 0.0580 0.2795 0.0585 0.2863 0.0716 0.2066 0.0394 
        H176  1 0.0435 0.0909 0.0356 0.0940 0.5035 0.0607 0.1718 
        H177  1 0.3973 0.0382 0.1965 0.0875 0.1517 0.0713 0.0573 
        H179  1 0.1472 0.0372 0.0234 0.0383 0.0412 0.0330 0.6797 
        H181  1 0.0248 0.0729 0.1932 0.4180 0.0456 0.1732 0.0723 
        H182  1 0.0883 0.0425 0.3860 0.2366 0.0619 0.0823 0.1025 
        H183  1 0.0149 0.0860 0.5562 0.2092 0.0255 0.0322 0.0760 
        H184  1 0.1107 0.0553 0.0854 0.2013 0.2966 0.1776 0.0732 
        H185  1 0.0427 0.2351 0.3064 0.1552 0.0608 0.0910 0.1087 
        H186  1 0.0927 0.0547 0.1223 0.3363 0.0508 0.0265 0.3168 
        H187  1 0.1358 0.0612 0.5643 0.0625 0.0218 0.0146 0.1399 
        H188  1 0.0296 0.0636 0.0349 0.0648 0.1149 0.0843 0.6079 
        H192  1 0.1198 0.0480 0.2471 0.0998 0.0916 0.3610 0.0328 
        H193  1 0.1720 0.0290 0.0835 0.4181 0.0677 0.0617 0.1679 
        H194  1 0.1154 0.1198 0.0445 0.1335 0.0898 0.3839 0.1131 
        H195  1 0.0558 0.1281 0.5166 0.1999 0.0304 0.0310 0.0383 
        H199  1 0.0355 0.1002 0.3348 0.1449 0.3230 0.0301 0.0315 
        H200  1 0.0546 0.3185 0.1014 0.1188 0.2276 0.0799 0.0991 
        H414  1 0.4630 0.0793 0.0937 0.1462 0.0500 0.0581 0.1098 
        H415  1 0.1371 0.1478 0.0585 0.1662 0.1279 0.0898 0.2727 
        H422  1 0.0515 0.0438 0.1809 0.2145 0.2654 0.0540 0.1898 
        H423  1 0.0779 0.0546 0.0799 0.1287 0.5441 0.0748 0.0402 
        H424  1 0.0568 0.0417 0.3471 0.2985 0.0269 0.0359 0.1931 
        H425  1 0.0619 0.0700 0.5810 0.1718 0.0389 0.0365 0.0399 
        H426  1 0.0755 0.0464 0.1648 0.2853 0.0419 0.3455 0.0408 
        H443  1 0.0309 0.0306 0.0938 0.2420 0.0560 0.0434 0.5034 
        H466  1 0.1349 0.1787 0.0564 0.2507 0.0470 0.1280 0.2043 
        H467  1 0.1020 0.0237 0.0607 0.0417 0.0281 0.7198 0.0239 
        H472  1 0.0505 0.0793 0.0371 0.0721 0.6899 0.0287 0.0424 
        H483  1 0.0329 0.1021 0.1475 0.2741 0.0762 0.1013 0.2659 
        H504  1 0.0514 0.0807 0.5019 0.1805 0.0815 0.0307 0.0733 
        H505  1 0.2658 0.1029 0.0701 0.1368 0.0614 0.0658 0.2972 
        H506  1 0.1487 0.1389 0.0806 0.3910 0.1079 0.0349 0.0981 
        H507  1 0.1462 0.1034 0.2927 0.1854 0.0541 0.0506 0.1675 
        H508  1 0.2445 0.1316 0.0623 0.2788 0.0463 0.1638 0.0726 
        H524  1 0.2711 0.1824 0.2399 0.0897 0.0447 0.0326 0.1396 
        H525  1 0.0915 0.1823 0.0955 0.2744 0.1532 0.0720 0.1311 
        H526  1 0.0281 0.0742 0.0505 0.1136 0.4479 0.0653 0.2203 
        H527  1 0.5033 0.0762 0.0909 0.1095 0.1251 0.0328 0.0623 
        H528  1 0.0576 0.1537 0.0330 0.3276 0.1215 0.1663 0.1402 
        H529  1 0.2702 0.0397 0.1967 0.3011 0.0483 0.0545 0.0895 
        H533  1 0.6493 0.0314 0.0848 0.0917 0.0320 0.0519 0.0588 
        H538  1 0.1212 0.1868 0.0457 0.1047 0.4241 0.0483 0.0691 
        H539  1 0.0382 0.0243 0.8363 0.0316 0.0214 0.0158 0.0324 
        H540  1 0.1165 0.0789 0.2956 0.2024 0.1083 0.1394 0.0589 
        H541  1 0.2988 0.0743 0.0391 0.0894 0.0773 0.0502 0.3709 
        H558  1 0.0244 0.0587 0.7054 0.1221 0.0277 0.0300 0.0317 
        H559  1 0.0807 0.0519 0.0407 0.1621 0.1866 0.0231 0.4549 
        H579  1 0.0214 0.0450 0.6325 0.1307 0.0826 0.0373 0.0505 
        H584  1 0.1016 0.0960 0.0777 0.2371 0.1378 0.2893 0.0605 
        H585  1 0.1589 0.1057 0.0659 0.2613 0.0408 0.2024 0.1651 
        H605  1 0.1846 0.0701 0.1841 0.1316 0.0956 0.0767 0.2572 
        H606  1 0.0687 0.0266 0.0448 0.0468 0.4526 0.0245 0.3361 
        H632  1 0.0407 0.2494 0.0736 0.1930 0.1423 0.2586 0.0422 
        H634  1 0.1200 0.0757 0.2768 0.1546 0.1062 0.0698 0.1969 
        H671  1 0.1600 0.0513 0.0248 0.0819 0.5287 0.0692 0.0841 
        H672  1 0.0867 0.6691 0.0415 0.0444 0.0350 0.0261 0.0972 
        H673  1 0.0224 0.0909 0.0840 0.4236 0.0486 0.0437 0.2867 
        H689  1 0.0412 0.1354 0.0528 0.3330 0.0813 0.2565 0.0997 
        H690  1 0.3113 0.0371 0.0980 0.1021 0.0783 0.1691 0.2041 
        H691  1 0.0745 0.2626 0.0601 0.0929 0.0645 0.1079 0.3374 
        H692  1 0.0206 0.2388 0.0412 0.5723 0.0320 0.0407 0.0544 
        H709  1 0.4070 0.0795 0.0433 0.1118 0.0531 0.0387 0.2666 
        H710  1 0.0359 0.1029 0.0507 0.6261 0.0359 0.0631 0.0853 
       H7355  1 0.0641 0.0401 0.0713 0.1025 0.5891 0.0776 0.0553 
       H7356  1 0.2569 0.1092 0.1779 0.2216 0.0522 0.1388 0.0435 
       H7357  1 0.1696 0.0298 0.1203 0.0691 0.2699 0.0765 0.2648 
       H7358  1 0.0341 0.1403 0.1863 0.0919 0.3130 0.0231 0.2113 
       H7380  1 0.0949 0.0407 0.0524 0.2171 0.2305 0.1422 0.2222 
       H7381  1 0.1957 0.0597 0.0570 0.4294 0.1192 0.0600 0.0789 
       H7382  1 0.0479 0.3213 0.0964 0.2338 0.1369 0.0897 0.0740 
        H904  1 0.0898 0.0368 0.0608 0.0566 0.3200 0.0822 0.3536 
        H923  1 0.0671 0.1184 0.1915 0.2180 0.1583 0.1690 0.0777 
        H924  1 0.0407 0.0780 0.1604 0.1345 0.2142 0.0627 0.3095 
        H925  1 0.0378 0.0688 0.1303 0.0732 0.0533 0.0240 0.6127 
       H9558  1 0.0180 0.0339 0.8247 0.0481 0.0238 0.0279 0.0236 
      H105.1  1 0.0799 0.0670 0.0471 0.4800 0.0249 0.2137 0.0873 
      H115.1  1 0.0623 0.0288 0.0524 0.0494 0.0229 0.0348 0.7494 
      H145.1  1 0.0325 0.0342 0.0372 0.0374 0.7972 0.0188 0.0428 
      H149.1  1 0.0192 0.0243 0.0270 0.0290 0.0223 0.0233 0.8550 
      H150.1  1 0.0754 0.0270 0.5424 0.1762 0.1141 0.0309 0.0339 
   H169607.1  1 0.2265 0.0885 0.1059 0.1084 0.3409 0.0320 0.0978 
   H169633.1  1 0.0215 0.1430 0.1939 0.0696 0.1082 0.0440 0.4198 
   H169688.1  1 0.0305 0.3189 0.0519 0.2365 0.0616 0.0213 0.2794 
   H171901.1  1 0.1619 0.3398 0.1039 0.2262 0.0617 0.0559 0.0506 
   H171902.1  1 0.0343 0.0225 0.1083 0.0526 0.6529 0.0429 0.0863 
   H171903.1  1 0.4630 0.0588 0.0403 0.1940 0.1206 0.0665 0.0568 
      H177.1  1 0.0522 0.3306 0.0595 0.0933 0.1132 0.0444 0.3068 
      H179.1  1 0.2019 0.0640 0.0676 0.0722 0.0916 0.0405 0.4622 
      H180.1  1 0.1387 0.0498 0.0719 0.4196 0.0676 0.1727 0.0795 
      H181.1  1 0.0487 0.0581 0.1057 0.2728 0.0671 0.2369 0.2107 
 H194.1_2004  1 0.0591 0.1269 0.1654 0.4332 0.0658 0.0815 0.0681 
 H195.1_2003  1 0.2484 0.3341 0.0990 0.1649 0.0439 0.0516 0.0581 
 H195.1_2004  1 0.0393 0.1839 0.0489 0.0774 0.4455 0.0682 0.1370 
      H415.1  1 0.0493 0.0613 0.1048 0.0998 0.0491 0.0611 0.5745 
      H506.1  1 0.1012 0.0713 0.0451 0.1797 0.0485 0.0229 0.5312 
      H533.1  1 0.1392 0.0315 0.1495 0.1375 0.0600 0.0367 0.4456 
      H535.1  1 0.1546 0.0707 0.1052 0.1506 0.0902 0.1660 0.2628 
      H539.1  1 0.0213 0.0194 0.7381 0.0705 0.0652 0.0344 0.0510 
      H540.1  1 0.0556 0.0241 0.7466 0.0618 0.0551 0.0323 0.0245 
     H9558.1  1 0.0190 0.0377 0.8187 0.0423 0.0333 0.0251 0.0239 
    kos339.1  1 0.2034 0.0647 0.0380 0.0757 0.0745 0.0432 0.5005 
        D023  2 0.0176 0.0441 0.6874 0.0395 0.0190 0.0173 0.1750 
        D130  2 0.1393 0.0367 0.6328 0.0513 0.0340 0.0425 0.0634 
        D131  2 0.0779 0.0863 0.0297 0.1576 0.0543 0.1316 0.4626 
        D163  2 0.0748 0.0232 0.5910 0.1181 0.0346 0.0953 0.0631 
        D164  2 0.0126 0.2177 0.7122 0.0174 0.0145 0.0127 0.0129 
        D165  2 0.0281 0.0731 0.6641 0.0657 0.0229 0.0319 0.1143 
        D166  2 0.3712 0.0459 0.1652 0.2052 0.0692 0.1011 0.0423 
        D167  2 0.0235 0.8494 0.0347 0.0328 0.0202 0.0225 0.0170 
        D192  2 0.0301 0.8244 0.0371 0.0381 0.0221 0.0316 0.0166 
        D193  2 0.1859 0.0327 0.0641 0.3515 0.0772 0.2159 0.0726 
        D206  2 0.0322 0.1179 0.0625 0.1297 0.0435 0.0674 0.5468 
        D207  2 0.0523 0.6153 0.0382 0.1774 0.0260 0.0457 0.0451 
        D208  2 0.4313 0.0781 0.0573 0.0579 0.2465 0.0572 0.0717 
        D209  2 0.0361 0.2799 0.2945 0.2702 0.0244 0.0282 0.0667 
        D210  2 0.0631 0.0894 0.0315 0.0648 0.3271 0.3375 0.0866 
     D229599  2 0.0999 0.0829 0.1025 0.1469 0.0622 0.0725 0.4332 
     D229600  2 0.0667 0.2347 0.4805 0.0879 0.0286 0.0534 0.0483 
     D237227  2 0.0739 0.2329 0.1760 0.1228 0.2662 0.0602 0.0679 
     D237228  2 0.0287 0.1284 0.2857 0.2605 0.1868 0.0895 0.0204 
     D237258  2 0.0645 0.2547 0.1226 0.1987 0.0711 0.0913 0.1971 
     D237310  2 0.1459 0.1037 0.2929 0.1443 0.1372 0.1590 0.0170 
     D237311  2 0.0487 0.3414 0.3387 0.1263 0.0359 0.0855 0.0236 
     D237312  2 0.1622 0.0532 0.0887 0.1772 0.1549 0.3279 0.0359 
     D237313  2 0.0732 0.0237 0.2058 0.1080 0.1243 0.1217 0.3433 
     D237322  2 0.3064 0.0558 0.0455 0.2370 0.1595 0.1534 0.0424 
     D237323  2 0.2317 0.1648 0.2791 0.0813 0.1256 0.0943 0.0231 
     D237324  2 0.0834 0.1188 0.1964 0.4685 0.0270 0.0668 0.0392 
     D237325  2 0.3034 0.1246 0.1614 0.1202 0.1131 0.1343 0.0431 
     D237326  2 0.0359 0.0826 0.5672 0.1313 0.0504 0.0540 0.0786 
     D237327  2 0.3544 0.2144 0.0339 0.1126 0.0422 0.1999 0.0426 
     D237337  2 0.1088 0.0495 0.4272 0.1095 0.1097 0.1302 0.0650 
     D237338  2 0.1848 0.1486 0.1247 0.1646 0.0873 0.2066 0.0835 
     D237339  2 0.2986 0.2906 0.0594 0.1487 0.0240 0.0381 0.1405 
     D237340  2 0.0971 0.4455 0.0984 0.1450 0.0982 0.0906 0.0253 
     D237389  2 0.0601 0.1271 0.4838 0.1732 0.0352 0.0902 0.0304 
     D237390  2 0.2009 0.1001 0.0723 0.1540 0.0845 0.3161 0.0721 
     D244017  2 0.0791 0.6392 0.0571 0.0991 0.0795 0.0213 0.0247 
     D244112  2 0.0392 0.5543 0.1941 0.1152 0.0239 0.0538 0.0196 
     D244118  2 0.0708 0.2923 0.5330 0.0468 0.0162 0.0226 0.0183 
     D244119  2 0.0291 0.6503 0.0290 0.0361 0.1903 0.0302 0.0350 
     D244120  2 0.0514 0.2404 0.0599 0.1679 0.0479 0.4117 0.0207 
     D244122  2 0.0975 0.4617 0.1648 0.1074 0.0531 0.0527 0.0628 
        D291  2 0.2122 0.0823 0.0718 0.3825 0.0456 0.1186 0.0869 
        D292  2 0.1112 0.1458 0.1132 0.0778 0.0531 0.0980 0.4009 
        D293  2 0.0250 0.7759 0.0127 0.0273 0.0165 0.0177 0.1249 
        D322  2 0.0390 0.6556 0.0550 0.0676 0.0209 0.0278 0.1342 
        D323  2 0.1041 0.4016 0.0575 0.1984 0.0649 0.0326 0.1410 
        D324  2 0.0362 0.0809 0.1054 0.1654 0.0882 0.3443 0.1795 
        D325  2 0.0238 0.8409 0.0187 0.0268 0.0144 0.0349 0.0404 
        D326  2 0.0177 0.0277 0.0122 0.0261 0.0182 0.0198 0.8782 
        D340  2 0.0150 0.8644 0.0210 0.0256 0.0224 0.0288 0.0227 
        D341  2 0.1704 0.3655 0.0390 0.0511 0.0656 0.2464 0.0621 
        D342  2 0.0307 0.0389 0.5115 0.1837 0.0272 0.1677 0.0403 
        D343  2 0.0123 0.9232 0.0104 0.0141 0.0107 0.0126 0.0166 
        D344  2 0.0389 0.0448 0.0454 0.2748 0.0433 0.0605 0.4923 
        D345  2 0.0527 0.0335 0.5648 0.1303 0.0441 0.0248 0.1499 
        D346  2 0.0226 0.1889 0.0372 0.0628 0.5528 0.0559 0.0798 
        D351  2 0.1191 0.1086 0.0540 0.2173 0.0340 0.0505 0.4166 
        D352  2 0.0635 0.2641 0.0492 0.3402 0.1362 0.0375 0.1094 
        D353  2 0.0341 0.0735 0.0207 0.5025 0.0586 0.0274 0.2832 
        D354  2 0.0276 0.0276 0.1369 0.2727 0.0992 0.0353 0.4007 
        D362  2 0.0553 0.0506 0.0487 0.0588 0.0369 0.0201 0.7296 
        D363  2 0.0238 0.0416 0.0367 0.0408 0.0432 0.0186 0.7952 
        D364  2 0.0185 0.0223 0.0668 0.1117 0.0286 0.0315 0.7206 
        D365  2 0.0124 0.9214 0.0104 0.0134 0.0138 0.0121 0.0165 
        D369  2 0.0231 0.3519 0.0299 0.0601 0.0616 0.0769 0.3965 
        D374  2 0.0353 0.0414 0.0661 0.2612 0.5182 0.0317 0.0460 
        D375  2 0.0586 0.0665 0.1214 0.4098 0.0410 0.0425 0.2602 
        D376  2 0.0278 0.0803 0.0880 0.2663 0.3606 0.1152 0.0618 
        D377  2 0.0461 0.0776 0.1310 0.1544 0.2669 0.2172 0.1069 
        D378  2 0.0631 0.2719 0.0505 0.0707 0.0310 0.0417 0.4711 
        D379  2 0.0345 0.0197 0.0277 0.0457 0.0291 0.0321 0.8113 
        D384  2 0.0181 0.0166 0.0159 0.0248 0.0327 0.0196 0.8722 
        D385  2 0.0169 0.8677 0.0184 0.0246 0.0367 0.0168 0.0189 
        D386  2 0.0742 0.0763 0.1138 0.1093 0.0406 0.0303 0.5556 
        D391  2 0.0368 0.8383 0.0193 0.0261 0.0261 0.0193 0.0341 
        D392  2 0.0222 0.7448 0.0676 0.0478 0.0265 0.0275 0.0636 
        D393  2 0.0779 0.0923 0.0436 0.0643 0.0281 0.1357 0.5581 
        D394  2 0.1057 0.1385 0.3214 0.2006 0.0441 0.0898 0.0998 
        D395  2 0.0260 0.7985 0.0228 0.0740 0.0223 0.0261 0.0304 
        D401  2 0.0255 0.1217 0.4784 0.2484 0.0501 0.0397 0.0362 
        D402  2 0.0362 0.7572 0.0359 0.0441 0.0351 0.0654 0.0261 
        D403  2 0.0860 0.0188 0.0727 0.2220 0.0274 0.0428 0.5303 
        D415  2 0.0296 0.0692 0.0268 0.1205 0.0277 0.0434 0.6829 
        D435  2 0.0281 0.3270 0.0617 0.0827 0.0311 0.0869 0.3825 
        D436  2 0.2452 0.0460 0.0358 0.1585 0.1212 0.0719 0.3213 
        D438  2 0.0161 0.8526 0.0317 0.0220 0.0334 0.0240 0.0203 
        D439  2 0.0520 0.0901 0.1632 0.3223 0.0310 0.0563 0.2851 
        D449  2 0.0191 0.1815 0.0669 0.3909 0.0260 0.1715 0.1441 
        D450  2 0.0825 0.0309 0.0612 0.1151 0.5461 0.0641 0.1000 
        D456  2 0.0237 0.0169 0.0176 0.0529 0.0251 0.0220 0.8419 
        D462  2 0.0330 0.8383 0.0177 0.0316 0.0201 0.0172 0.0421 
        D463  2 0.0205 0.0173 0.0128 0.0306 0.0253 0.0181 0.8753 
        D464  2 0.0769 0.2852 0.0264 0.3778 0.0753 0.0359 0.1225 
        D465  2 0.0221 0.8164 0.0263 0.0401 0.0292 0.0244 0.0416 
        D473  2 0.0603 0.0417 0.0559 0.0342 0.7317 0.0469 0.0293 
        D474  2 0.0238 0.0705 0.0601 0.0456 0.0594 0.1146 0.6260 
        D476  2 0.1876 0.1723 0.2543 0.1466 0.0218 0.0686 0.1488 
        D477  2 0.0427 0.0562 0.0431 0.0875 0.1624 0.0773 0.5307 
        D478  2 0.0697 0.1063 0.1726 0.3638 0.1084 0.0395 0.1397 
        D480  2 0.1585 0.1529 0.0218 0.0600 0.0527 0.1294 0.4248 
        D481  2 0.0679 0.1852 0.2701 0.1633 0.0598 0.0409 0.2129 
        D482  2 0.1630 0.0951 0.1081 0.2368 0.2099 0.1272 0.0599 
        D483  2 0.0212 0.8677 0.0232 0.0240 0.0217 0.0214 0.0209 
        D484  2 0.1778 0.3172 0.0740 0.2162 0.1181 0.0544 0.0423 
        D510  2 0.0605 0.0543 0.0314 0.1410 0.5829 0.0887 0.0412 
        D511  2 0.1083 0.3424 0.0539 0.0970 0.0424 0.0405 0.3155 
        D512  2 0.0381 0.5117 0.2223 0.1356 0.0192 0.0515 0.0216 
        D513  2 0.0416 0.4760 0.0770 0.0846 0.1450 0.0774 0.0983 
        D635  2 0.0380 0.1213 0.2701 0.1246 0.0342 0.0259 0.3858 
        D636  2 0.0128 0.0152 0.8970 0.0188 0.0212 0.0117 0.0233 
        D637  2 0.0993 0.2872 0.0486 0.1234 0.1449 0.2353 0.0612 
        D658  2 0.0760 0.6425 0.0520 0.0527 0.0664 0.0725 0.0380 
        D659  2 0.0687 0.0346 0.0542 0.1728 0.0693 0.1179 0.4824 
        D677  2 0.1751 0.0522 0.0623 0.0891 0.0358 0.1551 0.4304 
        D678  2 0.0308 0.4569 0.2371 0.1867 0.0323 0.0305 0.0256 
        D679  2 0.0581 0.0661 0.0424 0.1247 0.1153 0.2306 0.3627 
        D719  2 0.0717 0.2935 0.0325 0.0546 0.2163 0.0327 0.2988 
        D720  2 0.0852 0.0816 0.0837 0.0862 0.1078 0.0336 0.5219 
        D721  2 0.0344 0.1079 0.6515 0.0563 0.0378 0.0277 0.0844 
        D722  2 0.0546 0.1384 0.0932 0.3358 0.2790 0.0408 0.0581 
        D734  2 0.1368 0.2653 0.0247 0.0630 0.3715 0.0636 0.0751 
        D735  2 0.0962 0.1025 0.0990 0.0933 0.0729 0.1105 0.4256 
        D736  2 0.0387 0.1240 0.0944 0.1031 0.2673 0.2700 0.1024 
        D737  2 0.2462 0.3991 0.1052 0.0752 0.0279 0.0963 0.0501 
        D807  2 0.1131 0.1209 0.0539 0.0731 0.1800 0.1479 0.3109 
        D808  2 0.0720 0.3230 0.0982 0.1566 0.0294 0.2192 0.1016 
        D817  2 0.0761 0.0555 0.0841 0.1632 0.0797 0.0266 0.5148 
        D818  2 0.1148 0.3856 0.0305 0.1145 0.0423 0.1683 0.1439 
        D819  2 0.0416 0.1942 0.0601 0.2352 0.0533 0.0430 0.3725 
        D820  2 0.2077 0.0936 0.0233 0.0662 0.0359 0.0470 0.5263 
        D895  2 0.0818 0.0431 0.1642 0.3341 0.0992 0.0494 0.2281 
        D896  2 0.0706 0.0581 0.6612 0.0745 0.0514 0.0499 0.0343 
        D897  2 0.0762 0.1139 0.1744 0.2132 0.0378 0.3491 0.0353 
        D898  2 0.1481 0.0512 0.1435 0.2970 0.0999 0.2034 0.0570 
        D918  2 0.1635 0.1459 0.0700 0.1478 0.1450 0.2559 0.0720 
        D919  2 0.1192 0.1642 0.0513 0.1837 0.0259 0.0334 0.4223 
        D920  2 0.1238 0.0265 0.6961 0.0498 0.0245 0.0501 0.0293 
        D923  2 0.0225 0.0408 0.0213 0.0603 0.0305 0.0234 0.8013 
        D930  2 0.0353 0.0333 0.0498 0.1010 0.5627 0.0748 0.1430 
        D931  2 0.0499 0.4391 0.0326 0.0491 0.0552 0.0628 0.3113 
        D968  2 0.0191 0.8064 0.0193 0.0498 0.0179 0.0270 0.0605 
        D969  2 0.0591 0.2083 0.0248 0.1104 0.0296 0.1292 0.4387 
        D977  2 0.0398 0.7664 0.0262 0.0463 0.0286 0.0623 0.0304 
        D978  2 0.1651 0.0701 0.0237 0.1925 0.0433 0.4184 0.0870 
        H008  2 0.0457 0.0677 0.0604 0.1627 0.0938 0.0317 0.5379 
        H021  2 0.0975 0.1350 0.0860 0.0767 0.0592 0.4496 0.0958 
        H023  2 0.2920 0.0282 0.1022 0.0559 0.1760 0.0472 0.2985 
        H024  2 0.0293 0.1707 0.1118 0.3598 0.0433 0.2451 0.0400 
        H025  2 0.0918 0.0970 0.0879 0.2917 0.1276 0.0630 0.2410 
        H026  2 0.0268 0.2566 0.0558 0.2300 0.0213 0.0878 0.3217 
        H027  2 0.2079 0.3582 0.0581 0.0568 0.0531 0.0746 0.1913 
        H028  2 0.0359 0.0789 0.2276 0.3018 0.0759 0.1058 0.1742 
        H029  2 0.0430 0.3133 0.0811 0.1190 0.0352 0.0277 0.3807 
        H030  2 0.0362 0.8026 0.0321 0.0437 0.0237 0.0359 0.0257 
        H038  2 0.1865 0.0316 0.5023 0.0502 0.0429 0.0543 0.1321 
        H039  2 0.0598 0.0232 0.0507 0.0453 0.7422 0.0393 0.0396 
        H040  2 0.7925 0.0210 0.0793 0.0268 0.0228 0.0183 0.0394 
        H041  2 0.0366 0.3161 0.0348 0.0849 0.0702 0.0674 0.3901 
        H042  2 0.1093 0.0401 0.1134 0.1270 0.5151 0.0352 0.0597 
        H043  2 0.0389 0.0254 0.7996 0.0406 0.0478 0.0185 0.0292 
        H044  2 0.0251 0.1464 0.3895 0.2230 0.1012 0.0901 0.0247 
        H047  2 0.0553 0.0331 0.6416 0.0601 0.0766 0.0726 0.0608 
        H050  2 0.1219 0.6152 0.0506 0.0728 0.0460 0.0425 0.0510 
        H058  2 0.1775 0.1074 0.2442 0.2297 0.0332 0.1342 0.0737 
        H062  2 0.0603 0.0308 0.1825 0.0801 0.4558 0.0639 0.1267 
        H063  2 0.1433 0.3357 0.1965 0.0923 0.0537 0.0553 0.1233 
        H065  2 0.0204 0.0181 0.0324 0.0502 0.0522 0.0256 0.8011 
        H066  2 0.0718 0.0706 0.5811 0.0975 0.0200 0.0958 0.0632 
        H067  2 0.0757 0.0810 0.0572 0.0992 0.2710 0.2449 0.1710 
        H068  2 0.1633 0.1195 0.0640 0.1220 0.3087 0.1758 0.0467 
        H069  2 0.1721 0.4277 0.2268 0.0609 0.0415 0.0187 0.0523 
        H071  2 0.1612 0.0810 0.0467 0.1112 0.1358 0.0624 0.4016 
        H072  2 0.0780 0.0667 0.0627 0.0863 0.5955 0.0420 0.0688 
        H073  2 0.3440 0.0789 0.0830 0.2461 0.0399 0.0764 0.1318 
        H081  2 0.0773 0.0487 0.0277 0.0805 0.4179 0.0499 0.2980 
        H082  2 0.0215 0.6082 0.1845 0.0624 0.0237 0.0321 0.0675 
        H083  2 0.0280 0.7812 0.0393 0.0442 0.0223 0.0421 0.0429 
        H084  2 0.2666 0.1166 0.1011 0.1199 0.0840 0.2659 0.0459 
        H085  2 0.0351 0.4840 0.0259 0.0548 0.0964 0.0247 0.2791 
        H087  2 0.0351 0.0592 0.0458 0.0779 0.2114 0.1494 0.4213 
        H088  2 0.0972 0.1137 0.0783 0.1331 0.1128 0.0672 0.3976 
        H089  2 0.1113 0.2366 0.1298 0.1492 0.1684 0.0541 0.1506 
        H090  2 0.0147 0.8168 0.0223 0.0233 0.0237 0.0675 0.0318 
        H091  2 0.0875 0.7582 0.0168 0.0324 0.0306 0.0204 0.0541 
        H098  2 0.0896 0.1201 0.0856 0.2307 0.0676 0.2389 0.1675 
      H10001  2 0.0403 0.0227 0.0282 0.0278 0.8294 0.0300 0.0217 
      H10002  2 0.1695 0.0530 0.1513 0.0889 0.1366 0.0540 0.3467 
        H101  2 0.1283 0.7192 0.0343 0.0371 0.0289 0.0317 0.0205 
        H108  2 0.0457 0.0166 0.0163 0.0586 0.6994 0.0386 0.1248 
        H109  2 0.1805 0.1152 0.2171 0.2200 0.0565 0.1037 0.1071 
        H110  2 0.0398 0.1069 0.0471 0.1340 0.1191 0.0440 0.5091 
        H116  2 0.0901 0.1429 0.1163 0.3278 0.0493 0.0520 0.2217 
        H117  2 0.0770 0.4067 0.0244 0.0531 0.0295 0.2044 0.2048 
        H118  2 0.0255 0.4650 0.0226 0.0899 0.0300 0.0385 0.3284 
        H119  2 0.1504 0.0835 0.0755 0.1231 0.1053 0.0832 0.3790 
        H120  2 0.0352 0.0205 0.0374 0.0370 0.7696 0.0178 0.0825 
        H121  2 0.0179 0.8706 0.0133 0.0284 0.0273 0.0155 0.0269 
        H125  2 0.4655 0.0311 0.0226 0.0547 0.2774 0.1209 0.0278 
        H126  2 0.0257 0.0334 0.3707 0.3385 0.1402 0.0230 0.0684 
        H128  2 0.0113 0.9300 0.0112 0.0136 0.0089 0.0101 0.0148 
        H129  2 0.0388 0.0656 0.0507 0.2564 0.0274 0.4528 0.1083 
        H130  2 0.0438 0.0337 0.0508 0.0988 0.7124 0.0396 0.0210 
        H133  2 0.0955 0.1036 0.0590 0.1162 0.5332 0.0618 0.0307 
        H134  2 0.0205 0.0291 0.0461 0.3201 0.0224 0.0361 0.5256 
        H135  2 0.0529 0.1385 0.0697 0.0896 0.0766 0.0267 0.5459 
        H137  2 0.0947 0.1941 0.0652 0.1109 0.0259 0.4229 0.0862 
        H138  2 0.0789 0.0486 0.0647 0.4315 0.0428 0.2073 0.1262 
        H140  2 0.0250 0.4369 0.0451 0.0846 0.1058 0.2698 0.0329 
        H146  2 0.0393 0.7426 0.0139 0.0427 0.0227 0.0293 0.1094 
        H147  2 0.1169 0.4868 0.0257 0.2061 0.0335 0.0410 0.0901 
        H148  2 0.0448 0.0648 0.0589 0.0568 0.0540 0.5293 0.1915 
     H166022  2 0.2385 0.1486 0.0967 0.2228 0.0923 0.1061 0.0950 
     H167359  2 0.1955 0.0909 0.1155 0.3259 0.0815 0.0911 0.0997 
     H167397  2 0.0650 0.3214 0.0901 0.4014 0.0242 0.0352 0.0627 
     H167428  2 0.0154 0.2661 0.0253 0.0794 0.0206 0.0225 0.5706 
     H167496  2 0.3463 0.1199 0.0259 0.0595 0.1380 0.0671 0.2433 
     H167513  2 0.0561 0.0384 0.7516 0.0429 0.0325 0.0540 0.0245 
     H167545  2 0.0662 0.0263 0.7827 0.0463 0.0272 0.0226 0.0288 
     H167547  2 0.1028 0.2073 0.0425 0.3642 0.0261 0.2329 0.0242 
     H169621  2 0.0648 0.6726 0.0384 0.0517 0.0196 0.1332 0.0197 
     H169622  2 0.0666 0.0759 0.2297 0.3316 0.1015 0.0366 0.1581 
     H169750  2 0.1126 0.6731 0.0296 0.0533 0.0811 0.0276 0.0227 
     H171806  2 0.1017 0.5806 0.0224 0.0720 0.0917 0.0529 0.0788 
     H171808  2 0.0494 0.0480 0.1686 0.0708 0.3368 0.0192 0.3071 
     H171809  2 0.0534 0.0386 0.0654 0.1134 0.4394 0.0513 0.2384 
     H171813  2 0.0827 0.0573 0.1785 0.0623 0.0680 0.5195 0.0317 
     H171815  2 0.1101 0.0285 0.5536 0.0831 0.0389 0.0586 0.1272 
     H171824  2 0.1360 0.0906 0.0261 0.0535 0.2567 0.2001 0.2369 
     H171825  2 0.1423 0.0293 0.1312 0.1603 0.4408 0.0367 0.0595 
     H171826  2 0.0571 0.0552 0.0604 0.0740 0.0605 0.0936 0.5993 
     H171827  2 0.3283 0.0665 0.2328 0.1381 0.0277 0.0627 0.1439 
     H171828  2 0.0674 0.0351 0.0268 0.0459 0.6866 0.0862 0.0519 
     H171829  2 0.5998 0.0439 0.0582 0.1079 0.0927 0.0769 0.0205 
     H171830  2 0.1219 0.1365 0.0939 0.2310 0.0760 0.0393 0.3013 
     H171831  2 0.0342 0.1064 0.1227 0.3195 0.0568 0.3088 0.0516 
     H171832  2 0.0327 0.0643 0.4737 0.2212 0.1195 0.0318 0.0567 
     H171863  2 0.0415 0.4716 0.2707 0.1076 0.0208 0.0180 0.0698 
     H171864  2 0.0847 0.1711 0.1361 0.1042 0.1304 0.0883 0.2852 
     H171865  2 0.0774 0.0634 0.1619 0.0811 0.0429 0.0250 0.5484 
     H171879  2 0.0566 0.1302 0.0620 0.1617 0.0341 0.4974 0.0580 
     H171880  2 0.2849 0.3905 0.0764 0.1077 0.0348 0.0639 0.0418 
     H171881  2 0.0741 0.1301 0.0744 0.1363 0.0523 0.3701 0.1627 
     H171882  2 0.0971 0.0445 0.0623 0.0705 0.6171 0.0322 0.0763 
     H171929  2 0.0200 0.3148 0.0781 0.1273 0.1572 0.0781 0.2244 
     H171930  2 0.0338 0.0456 0.8208 0.0318 0.0173 0.0262 0.0244 
     H171933  2 0.1954 0.2081 0.0474 0.1174 0.0659 0.3214 0.0445 
     H171934  2 0.2574 0.0420 0.0998 0.0856 0.2179 0.1553 0.1421 
     H171937  2 0.0484 0.0477 0.1830 0.5875 0.0416 0.0491 0.0427 
     H171962  2 0.0262 0.0671 0.3802 0.1455 0.0407 0.1148 0.2253 
        H190  2 0.0823 0.1761 0.0553 0.2800 0.0277 0.3030 0.0756 
        H191  2 0.0396 0.0687 0.2249 0.2290 0.0869 0.1990 0.1518 
        H396  2 0.0520 0.0658 0.0327 0.0642 0.1069 0.0333 0.6450 
        H397  2 0.6445 0.0777 0.0279 0.0833 0.0976 0.0265 0.0425 
        H398  2 0.0317 0.0360 0.0585 0.0671 0.1303 0.0642 0.6122 
        H400  2 0.0489 0.0376 0.2446 0.0727 0.1980 0.0346 0.3636 
        H401  2 0.0481 0.0755 0.0496 0.1449 0.0326 0.6241 0.0252 
        H402  2 0.1735 0.1272 0.2943 0.1419 0.0200 0.0782 0.1650 
        H427  2 0.0503 0.0476 0.0340 0.0991 0.0558 0.0782 0.6350 
        H428  2 0.0136 0.1996 0.0256 0.1027 0.0209 0.0212 0.6164 
        H497  2 0.0318 0.0440 0.7458 0.0566 0.0476 0.0328 0.0414 
        H512  2 0.1576 0.1169 0.0557 0.2034 0.0373 0.2661 0.1630 
        H513  2 0.0399 0.0406 0.7592 0.0592 0.0278 0.0509 0.0224 
        H514  2 0.0374 0.2485 0.1922 0.3081 0.0331 0.0700 0.1107 
        H519  2 0.0879 0.0609 0.6163 0.0878 0.0428 0.0759 0.0283 
        H532  2 0.0218 0.0600 0.0476 0.0348 0.0235 0.0344 0.7780 
        H543  2 0.0647 0.3355 0.1831 0.1817 0.0542 0.0974 0.0834 
        H544  2 0.0368 0.2347 0.0720 0.1412 0.4686 0.0176 0.0292 
        H545  2 0.0530 0.0234 0.8243 0.0273 0.0254 0.0203 0.0265 
        H546  2 0.0734 0.0335 0.2340 0.2383 0.0638 0.1128 0.2442 
        H547  2 0.0971 0.1780 0.0404 0.4082 0.0267 0.2252 0.0243 
        H548  2 0.1081 0.0530 0.1765 0.1228 0.3386 0.0575 0.1434 
        H549  2 0.0658 0.0166 0.8571 0.0133 0.0165 0.0128 0.0179 
        H620  2 0.2321 0.0342 0.0753 0.0819 0.3442 0.0798 0.1524 
        H623  2 0.0775 0.0707 0.4889 0.2051 0.0321 0.0793 0.0463 
        H624  2 0.0506 0.0320 0.7580 0.0582 0.0579 0.0133 0.0300 
        H625  2 0.0830 0.0655 0.2086 0.0927 0.2347 0.0365 0.2791 
        H626  2 0.2707 0.0595 0.3072 0.1496 0.0762 0.0710 0.0658 
        H654  2 0.1933 0.0190 0.5817 0.0518 0.0596 0.0500 0.0446 
        H655  2 0.2491 0.0835 0.1707 0.1328 0.2368 0.0901 0.0370 
        H656  2 0.0395 0.0233 0.0379 0.0371 0.7715 0.0233 0.0674 
        H666  2 0.0613 0.2469 0.0620 0.1337 0.2947 0.1497 0.0516 
        H667  2 0.1014 0.0666 0.4896 0.0987 0.0664 0.0364 0.1409 
        H677  2 0.1935 0.0649 0.0813 0.1217 0.0746 0.0586 0.4054 
        H693  2 0.0604 0.0302 0.0530 0.0394 0.4996 0.1195 0.1980 
        H694  2 0.0328 0.1468 0.4041 0.2061 0.0874 0.0808 0.0418 
        H701  2 0.0863 0.2207 0.1294 0.3109 0.0421 0.1350 0.0756 
        H702  2 0.1432 0.1057 0.1361 0.1480 0.2453 0.1104 0.1113 
        H731  2 0.1353 0.4071 0.0304 0.0809 0.2704 0.0394 0.0364 
       H7359  2 0.1991 0.0935 0.0778 0.3559 0.0864 0.0838 0.1036 
       H7389  2 0.0573 0.2468 0.0932 0.1059 0.0346 0.1459 0.3162 
       H7390  2 0.3164 0.0372 0.0355 0.0661 0.0802 0.4256 0.0392 
       H7391  2 0.0852 0.0702 0.0345 0.0630 0.0743 0.2131 0.4597 
       H7392  2 0.1601 0.3859 0.0546 0.1202 0.0537 0.1359 0.0895 
       H7393  2 0.2650 0.0906 0.0872 0.0960 0.0725 0.3525 0.0362 
       H7398  2 0.0534 0.1942 0.0262 0.0972 0.0739 0.0459 0.5091 
       H7399  2 0.0814 0.3401 0.1817 0.1348 0.0326 0.0543 0.1750 
       H7400  2 0.1452 0.0176 0.2142 0.0869 0.4021 0.0730 0.0610 
        H745  2 0.0187 0.2655 0.0553 0.4762 0.0344 0.0966 0.0533 
        H746  2 0.0714 0.0813 0.4411 0.1340 0.0267 0.0271 0.2184 
        H747  2 0.5028 0.0711 0.0431 0.0597 0.1849 0.0828 0.0556 
        H748  2 0.1468 0.1665 0.3171 0.1171 0.0772 0.0527 0.1226 
       H7484  2 0.1609 0.0324 0.0347 0.1050 0.5268 0.0792 0.0610 
       H7485  2 0.0253 0.0474 0.7791 0.0506 0.0232 0.0253 0.0490 
        H749  2 0.0284 0.0277 0.7900 0.0508 0.0465 0.0158 0.0408 
        H930  2 0.0420 0.1094 0.6961 0.0635 0.0215 0.0395 0.0280 
        H931  2 0.0257 0.0979 0.0499 0.2060 0.1892 0.0407 0.3906 
        H932  2 0.0966 0.1057 0.0567 0.1004 0.0641 0.0645 0.5120 
      H008.1  2 0.0304 0.0322 0.0255 0.0431 0.0508 0.0216 0.7964 
 H029.1_2002  2 0.0304 0.0772 0.1482 0.2328 0.0305 0.0288 0.4521 
 H029.1_2003  2 0.0416 0.0853 0.0352 0.2038 0.0367 0.0342 0.5632 
      H030.1  2 0.2277 0.1347 0.0291 0.1596 0.0443 0.3061 0.0986 
      H038.1  2 0.0225 0.0294 0.1299 0.0465 0.1573 0.0299 0.5844 
      H041.1  2 0.0190 0.8558 0.0155 0.0201 0.0155 0.0174 0.0566 
 H042.1_2002  2 0.0344 0.8009 0.0268 0.0225 0.0379 0.0380 0.0395 
 H042.1_2003  2 0.2324 0.0860 0.1841 0.2036 0.1030 0.0481 0.1428 
   H042_2002  2 0.1283 0.0494 0.1427 0.1065 0.4613 0.0355 0.0763 
   H042_2003  2 0.1080 0.0522 0.1340 0.1025 0.4917 0.0435 0.0681 
      H043.1  2 0.0281 0.0270 0.8405 0.0301 0.0274 0.0156 0.0313 
      H047.1  2 0.0739 0.0214 0.5372 0.0825 0.0543 0.0347 0.1958 
 H071.1_2002  2 0.0488 0.0324 0.1084 0.1758 0.0400 0.0353 0.5592 
 H071.1_2003  2 0.0535 0.0620 0.0607 0.3034 0.1516 0.0538 0.3150 
 H081.1_2002  2 0.0190 0.0259 0.0316 0.1750 0.0460 0.0305 0.6719 
 H081.1_2003  2 0.0600 0.0651 0.2333 0.1140 0.0705 0.1038 0.3533 
      H083.1  2 0.0311 0.2685 0.1109 0.2024 0.0161 0.0380 0.3331 
      H084.1  2 0.0428 0.0492 0.3067 0.1980 0.0366 0.3351 0.0316 
 H085.1_2002  2 0.0197 0.3544 0.0661 0.1200 0.0989 0.0287 0.3122 
 H085.1_2003  2 0.0328 0.6502 0.0215 0.0462 0.0225 0.0187 0.2082 
      H088.1  2 0.0281 0.7019 0.0345 0.0491 0.0261 0.0542 0.1061 
      H091.1  2 0.0190 0.9199 0.0108 0.0127 0.0120 0.0132 0.0125 
      H109.1  2 0.0857 0.0589 0.5505 0.1181 0.0339 0.0934 0.0594 
      H126.1  2 0.2380 0.0560 0.2125 0.1740 0.2291 0.0421 0.0483 
