        D174  1 0.0554 0.0498 0.0863 0.1957 0.0667 0.5460 
        D199  1 0.0287 0.1352 0.1753 0.2877 0.2857 0.0875 
        D203  1 0.1811 0.0908 0.1189 0.3628 0.1826 0.0639 
        D204  1 0.0312 0.0364 0.0383 0.7940 0.0666 0.0334 
     D237366  1 0.6306 0.0766 0.1058 0.0760 0.0403 0.0707 
     D237367  1 0.0597 0.0821 0.1144 0.4455 0.1989 0.0993 
     D237368  1 0.0398 0.4829 0.1093 0.1855 0.1228 0.0596 
     D244101  1 0.0387 0.0327 0.0917 0.3175 0.4939 0.0255 
     D244102  1 0.1778 0.2246 0.2085 0.1281 0.1260 0.1350 
     D244103  1 0.0780 0.0615 0.3408 0.3724 0.0375 0.1098 
     D244104  1 0.0312 0.0745 0.0416 0.7009 0.0735 0.0784 
     D244105  1 0.1723 0.2641 0.3000 0.2065 0.0298 0.0272 
     D244106  1 0.3941 0.0327 0.1007 0.0951 0.1124 0.2651 
     D244107  1 0.0332 0.6479 0.1704 0.0649 0.0600 0.0235 
     D244108  1 0.0517 0.4179 0.1067 0.1447 0.0998 0.1792 
     D244113  1 0.0217 0.0402 0.0502 0.0188 0.0257 0.8435 
     D244114  1 0.3206 0.0880 0.3357 0.0868 0.0518 0.1171 
     D244115  1 0.0385 0.0837 0.2376 0.2376 0.0532 0.3495 
     D267365  1 0.0515 0.0665 0.0849 0.5033 0.0935 0.2003 
        D404  1 0.0678 0.0518 0.0903 0.0262 0.1063 0.6576 
        D405  1 0.0706 0.0835 0.3811 0.1323 0.0935 0.2390 
        D406  1 0.0465 0.8266 0.0260 0.0440 0.0255 0.0315 
        D407  1 0.0220 0.0813 0.3081 0.1668 0.3811 0.0407 
        D408  1 0.0568 0.0222 0.0875 0.0369 0.1220 0.6746 
        D409  1 0.0451 0.0530 0.6219 0.1634 0.0580 0.0585 
        D410  1 0.0299 0.7641 0.0679 0.0777 0.0166 0.0438 
        D421  1 0.0126 0.0159 0.0342 0.6372 0.2722 0.0280 
        D422  1 0.1778 0.6824 0.0789 0.0224 0.0217 0.0167 
        D423  1 0.0287 0.6411 0.0691 0.0465 0.1912 0.0234 
        D424  1 0.0260 0.0423 0.1713 0.6901 0.0265 0.0439 
        D425  1 0.0486 0.0337 0.1831 0.3556 0.1238 0.2553 
        D426  1 0.0595 0.0279 0.7433 0.0421 0.1000 0.0272 
        D427  1 0.0195 0.0266 0.0328 0.1492 0.7087 0.0632 
        D428  1 0.0319 0.2428 0.2925 0.1348 0.0721 0.2258 
        D429  1 0.2183 0.0351 0.1438 0.3233 0.0484 0.2310 
        D430  1 0.2106 0.0362 0.2833 0.1108 0.1982 0.1609 
        D491  1 0.0274 0.0470 0.0785 0.0776 0.0395 0.7301 
        D492  1 0.0271 0.0710 0.1832 0.2659 0.1126 0.3402 
        D537  1 0.0248 0.0823 0.1533 0.6242 0.0419 0.0735 
        D538  1 0.0601 0.2820 0.3057 0.0746 0.1363 0.1413 
        D539  1 0.3613 0.1162 0.1280 0.0860 0.0575 0.2509 
        D540  1 0.0350 0.0710 0.5111 0.2314 0.0521 0.0994 
        D541  1 0.0166 0.0250 0.0388 0.8300 0.0687 0.0208 
        D551  1 0.2840 0.0853 0.4796 0.0423 0.0769 0.0319 
        D552  1 0.0429 0.5308 0.1041 0.1829 0.0500 0.0892 
        D553  1 0.0139 0.0172 0.0322 0.8922 0.0191 0.0254 
        D615  1 0.0675 0.1705 0.1938 0.4142 0.0396 0.1145 
        D616  1 0.0353 0.1897 0.2309 0.1715 0.3079 0.0647 
        D621  1 0.0345 0.7030 0.0491 0.0198 0.0252 0.1684 
        D622  1 0.1335 0.5600 0.1109 0.0782 0.0490 0.0683 
        D623  1 0.0317 0.0643 0.0794 0.0541 0.6014 0.1690 
        D624  1 0.0424 0.0332 0.1522 0.1196 0.0448 0.6079 
        D625  1 0.0413 0.0806 0.0785 0.5687 0.0392 0.1917 
        D626  1 0.0736 0.0958 0.0703 0.1910 0.0474 0.5219 
        D627  1 0.1047 0.0292 0.4883 0.1536 0.1620 0.0622 
        D690  1 0.0261 0.0915 0.0376 0.5777 0.0179 0.2491 
        D691  1 0.4404 0.3106 0.0417 0.1107 0.0632 0.0333 
        D710  1 0.0284 0.1537 0.1744 0.3056 0.1887 0.1491 
        D711  1 0.0834 0.1100 0.0608 0.6095 0.0474 0.0890 
        D712  1 0.0648 0.0992 0.1002 0.0647 0.1291 0.5420 
        D713  1 0.0375 0.0579 0.1900 0.1621 0.0344 0.5180 
        D746  1 0.0594 0.7784 0.0293 0.0688 0.0258 0.0383 
        D747  1 0.0256 0.0258 0.0294 0.8113 0.0851 0.0228 
        D748  1 0.2999 0.1201 0.0915 0.3315 0.0621 0.0949 
        D749  1 0.0544 0.4939 0.2756 0.0465 0.0425 0.0871 
        D750  1 0.0382 0.0439 0.0542 0.1517 0.0381 0.6740 
        D763  1 0.1005 0.2093 0.2230 0.1688 0.2031 0.0953 
        D764  1 0.0204 0.0879 0.0903 0.6200 0.0370 0.1444 
        D765  1 0.0920 0.4644 0.2588 0.0669 0.0249 0.0930 
        D766  1 0.0393 0.5892 0.1086 0.1013 0.0433 0.1183 
        D767  1 0.1938 0.2565 0.1008 0.2503 0.0992 0.0994 
        D768  1 0.0259 0.0247 0.0380 0.8629 0.0306 0.0179 
        D811  1 0.0240 0.0522 0.1526 0.0293 0.0458 0.6960 
        D816  1 0.0189 0.0275 0.0556 0.8331 0.0218 0.0431 
        D825  1 0.0512 0.1258 0.1621 0.0844 0.0424 0.5342 
        D866  1 0.1390 0.0816 0.1448 0.1416 0.3523 0.1407 
        D867  1 0.0323 0.7452 0.0850 0.0361 0.0508 0.0504 
        D871  1 0.1100 0.0243 0.4362 0.1663 0.0347 0.2286 
        D872  1 0.0321 0.5575 0.0570 0.2765 0.0318 0.0451 
        D873  1 0.0162 0.9189 0.0225 0.0117 0.0155 0.0152 
        D874  1 0.0834 0.0239 0.1119 0.2651 0.0995 0.4162 
        D875  1 0.1274 0.0585 0.6452 0.0773 0.0505 0.0410 
        D876  1 0.0407 0.1351 0.0716 0.6276 0.0303 0.0946 
        D877  1 0.0282 0.0257 0.1397 0.0350 0.0347 0.7368 
        D892  1 0.3191 0.0640 0.0753 0.3209 0.0553 0.1653 
        D893  1 0.1257 0.0782 0.1284 0.5787 0.0423 0.0466 
        D894  1 0.1543 0.0404 0.1586 0.4975 0.0603 0.0889 
        D915  1 0.0768 0.1141 0.0816 0.6140 0.0425 0.0710 
        D916  1 0.0179 0.0277 0.0340 0.8729 0.0224 0.0251 
        D917  1 0.0228 0.0575 0.1894 0.2489 0.1410 0.3403 
        D925  1 0.0171 0.7462 0.0289 0.1174 0.0221 0.0682 
        D926  1 0.0914 0.0384 0.1555 0.5790 0.0338 0.1018 
        D927  1 0.0821 0.0717 0.0910 0.2933 0.4116 0.0503 
        D928  1 0.0147 0.0353 0.0611 0.1001 0.0323 0.7565 
        D929  1 0.2292 0.0731 0.1266 0.1259 0.0391 0.4061 
        D936  1 0.0860 0.0354 0.0935 0.5895 0.1059 0.0897 
        D938  1 0.0375 0.8411 0.0307 0.0328 0.0221 0.0358 
        D956  1 0.1218 0.0503 0.1455 0.0561 0.0682 0.5581 
        D957  1 0.0363 0.5860 0.0803 0.1922 0.0606 0.0446 
        D958  1 0.0285 0.4423 0.0557 0.2195 0.0354 0.2187 
        D959  1 0.0240 0.0680 0.5056 0.1408 0.2296 0.0320 
        D960  1 0.0856 0.7571 0.0491 0.0612 0.0211 0.0259 
        D989  1 0.0471 0.0280 0.0966 0.1253 0.5435 0.1595 
        D990  1 0.0470 0.8191 0.0310 0.0272 0.0446 0.0312 
        H102  1 0.0549 0.1157 0.0915 0.3323 0.0284 0.3773 
        H103  1 0.0346 0.1160 0.6486 0.1031 0.0667 0.0310 
        H104  1 0.3649 0.0453 0.0930 0.2821 0.1014 0.1135 
        H105  1 0.0311 0.0816 0.1698 0.3168 0.0747 0.3260 
        H106  1 0.3398 0.3307 0.1198 0.0741 0.0632 0.0724 
        H112  1 0.2432 0.0825 0.2053 0.1470 0.0931 0.2288 
        H113  1 0.0893 0.0798 0.1808 0.2777 0.2968 0.0757 
        H114  1 0.0539 0.0746 0.1238 0.4492 0.2676 0.0309 
        H115  1 0.2297 0.0530 0.0880 0.4555 0.0756 0.0982 
        H143  1 0.0265 0.1480 0.1784 0.5594 0.0287 0.0590 
        H144  1 0.0292 0.0730 0.3324 0.4906 0.0404 0.0345 
        H145  1 0.0319 0.0479 0.0637 0.0159 0.0371 0.8035 
        H149  1 0.3871 0.0300 0.0963 0.3331 0.0789 0.0746 
        H150  1 0.1597 0.1199 0.3631 0.0349 0.1088 0.2135 
     H167542  1 0.0393 0.0547 0.0535 0.7649 0.0303 0.0572 
     H169604  1 0.1148 0.0351 0.1038 0.1104 0.2651 0.3708 
     H169607  1 0.0466 0.0536 0.2141 0.0541 0.0668 0.5647 
     H169608  1 0.0460 0.0507 0.0501 0.0473 0.0377 0.7682 
     H169633  1 0.0590 0.0716 0.1412 0.4111 0.2105 0.1066 
     H169688  1 0.0389 0.6526 0.1250 0.0579 0.0793 0.0463 
     H169714  1 0.8494 0.0321 0.0369 0.0345 0.0278 0.0194 
     H171802  1 0.1332 0.1739 0.1797 0.0835 0.3676 0.0621 
     H171805  1 0.1747 0.4383 0.2204 0.0764 0.0446 0.0455 
     H171807  1 0.1013 0.0685 0.2552 0.0357 0.1487 0.3905 
     H171814  1 0.0293 0.0813 0.2360 0.2266 0.3872 0.0397 
     H171816  1 0.1115 0.2691 0.2602 0.0622 0.1707 0.1262 
     H171817  1 0.1354 0.1107 0.0985 0.0729 0.0650 0.5176 
     H171818  1 0.1335 0.2446 0.1840 0.3274 0.0762 0.0343 
     H171819  1 0.0914 0.1391 0.1262 0.1119 0.3949 0.1365 
     H171834  1 0.4264 0.1651 0.1484 0.1669 0.0655 0.0277 
     H171835  1 0.6197 0.0708 0.0414 0.0567 0.1384 0.0731 
     H171836  1 0.0306 0.4874 0.2318 0.0539 0.1512 0.0451 
     H171837  1 0.0907 0.0893 0.0696 0.4020 0.1092 0.2393 
     H171838  1 0.5606 0.1932 0.0900 0.0166 0.1041 0.0355 
     H171839  1 0.1767 0.0346 0.0638 0.2362 0.3413 0.1473 
     H171841  1 0.0288 0.1518 0.0936 0.0190 0.0262 0.6805 
     H171860  1 0.0490 0.0321 0.1091 0.1024 0.2561 0.4513 
     H171861  1 0.0349 0.3172 0.2086 0.3551 0.0381 0.0462 
     H171862  1 0.3710 0.0750 0.1931 0.1971 0.0785 0.0853 
     H171868  1 0.0463 0.0316 0.0791 0.7719 0.0302 0.0409 
     H171869  1 0.0729 0.4345 0.2763 0.1150 0.0724 0.0289 
     H171870  1 0.3332 0.3119 0.1794 0.0549 0.0659 0.0547 
     H171871  1 0.2102 0.2258 0.3689 0.0746 0.0728 0.0478 
     H171872  1 0.1564 0.0419 0.0854 0.0984 0.1317 0.4864 
     H171873  1 0.2003 0.4609 0.1634 0.0308 0.0991 0.0455 
     H171874  1 0.0573 0.2006 0.2834 0.0775 0.2680 0.1131 
     H171875  1 0.0323 0.0979 0.3377 0.3466 0.1489 0.0366 
     H171876  1 0.0308 0.0401 0.1268 0.2244 0.4482 0.1298 
     H171877  1 0.0366 0.0421 0.0369 0.7337 0.0641 0.0867 
     H171878  1 0.0582 0.5194 0.2367 0.0504 0.1071 0.0281 
     H171901  1 0.0394 0.2165 0.0558 0.0462 0.0636 0.5785 
     H171902  1 0.0499 0.0411 0.0594 0.0320 0.0275 0.7900 
     H171903  1 0.1252 0.0422 0.2376 0.2197 0.3149 0.0604 
     H171935  1 0.4259 0.2036 0.1226 0.0183 0.0865 0.1430 
     H171936  1 0.0563 0.1452 0.0661 0.5296 0.1771 0.0257 
     H171940  1 0.1000 0.0614 0.1748 0.3982 0.0480 0.2177 
     H171945  1 0.0552 0.4564 0.2302 0.0771 0.0462 0.1348 
     H171948  1 0.3855 0.0708 0.2371 0.1223 0.0703 0.1140 
     H171949  1 0.4812 0.0618 0.0677 0.0499 0.0592 0.2802 
     H171950  1 0.4696 0.0793 0.0444 0.1342 0.0396 0.2328 
     H171963  1 0.0621 0.6981 0.1145 0.0526 0.0473 0.0254 
     H171964  1 0.1668 0.0588 0.3409 0.0202 0.3580 0.0554 
     H171966  1 0.1858 0.3807 0.2053 0.1054 0.0439 0.0789 
     H171968  1 0.0465 0.1416 0.0424 0.0740 0.0255 0.6699 
     H171971  1 0.4965 0.1342 0.1600 0.0278 0.1503 0.0312 
     H171972  1 0.0181 0.0393 0.1207 0.0252 0.7361 0.0605 
     H171977  1 0.0888 0.3025 0.1844 0.2421 0.1245 0.0578 
     H171978  1 0.3742 0.1447 0.2604 0.0394 0.0397 0.1416 
     H171979  1 0.1032 0.0653 0.3640 0.0325 0.3288 0.1062 
        H176  1 0.0516 0.0311 0.0617 0.1585 0.1519 0.5452 
        H177  1 0.2417 0.2884 0.1040 0.1484 0.0365 0.1809 
        H179  1 0.0369 0.0233 0.0417 0.7973 0.0580 0.0427 
        H181  1 0.1073 0.2240 0.4390 0.1173 0.0672 0.0452 
        H182  1 0.0900 0.4394 0.2568 0.0888 0.0478 0.0772 
        H183  1 0.0278 0.5477 0.2849 0.0725 0.0413 0.0258 
        H184  1 0.1342 0.1085 0.2602 0.0827 0.0561 0.3584 
        H185  1 0.0691 0.3597 0.2015 0.0788 0.2349 0.0560 
        H186  1 0.0504 0.1680 0.2908 0.4046 0.0401 0.0462 
        H187  1 0.0239 0.6656 0.0748 0.1657 0.0487 0.0211 
        H188  1 0.0488 0.0309 0.0661 0.6736 0.0804 0.1003 
        H192  1 0.5146 0.2213 0.1000 0.0337 0.0398 0.0906 
        H193  1 0.0504 0.1106 0.4678 0.2504 0.0266 0.0942 
        H194  1 0.4985 0.0326 0.1107 0.0855 0.1404 0.1323 
        H195  1 0.0450 0.6489 0.1450 0.0388 0.0851 0.0372 
        H199  1 0.0426 0.2811 0.2395 0.0334 0.0703 0.3332 
        H200  1 0.0554 0.0875 0.1001 0.1329 0.3919 0.2322 
        H414  1 0.3232 0.1179 0.2378 0.1506 0.0993 0.0713 
        H415  1 0.0917 0.0902 0.2104 0.2594 0.2203 0.1280 
        H422  1 0.0581 0.2431 0.1832 0.2179 0.0522 0.2455 
        H423  1 0.0742 0.0741 0.1217 0.0565 0.0677 0.6058 
        H424  1 0.0384 0.4663 0.2968 0.1298 0.0391 0.0295 
        H425  1 0.0370 0.6970 0.1232 0.0464 0.0535 0.0429 
        H426  1 0.2250 0.1581 0.4419 0.0572 0.0621 0.0558 
        H443  1 0.0286 0.1269 0.2426 0.4953 0.0427 0.0637 
        H466  1 0.2635 0.0655 0.2383 0.2377 0.1357 0.0593 
        H467  1 0.7820 0.0484 0.0451 0.0217 0.0722 0.0306 
        H472  1 0.0286 0.0317 0.0629 0.0400 0.0745 0.7621 
        H483  1 0.0656 0.1561 0.2905 0.3125 0.0960 0.0793 
        H504  1 0.0322 0.5017 0.1904 0.0795 0.1107 0.0854 
        H505  1 0.1084 0.0880 0.1494 0.5047 0.0770 0.0726 
        H506  1 0.0357 0.1423 0.3297 0.1991 0.1347 0.1585 
        H507  1 0.0440 0.4098 0.2152 0.1596 0.1166 0.0548 
        H508  1 0.2530 0.1038 0.3028 0.1232 0.1512 0.0661 
        H524  1 0.0800 0.3000 0.1188 0.2635 0.1764 0.0613 
        H525  1 0.0418 0.1238 0.2822 0.1823 0.1694 0.2005 
        H526  1 0.0349 0.0592 0.1214 0.1926 0.1970 0.3949 
        H527  1 0.1070 0.2157 0.1864 0.1384 0.0657 0.2868 
        H528  1 0.0544 0.0300 0.3922 0.0861 0.3135 0.1238 
        H529  1 0.1231 0.2203 0.4200 0.1231 0.0537 0.0598 
        H533  1 0.2338 0.2386 0.2561 0.1448 0.0703 0.0564 
        H538  1 0.0547 0.0503 0.1258 0.0810 0.1559 0.5323 
        H539  1 0.0209 0.8626 0.0354 0.0382 0.0220 0.0208 
        H540  1 0.1252 0.3620 0.2259 0.0763 0.0769 0.1337 
        H541  1 0.0954 0.0495 0.1006 0.5380 0.1065 0.1101 
        H558  1 0.0440 0.7058 0.1511 0.0295 0.0441 0.0256 
        H559  1 0.0232 0.0604 0.1121 0.5858 0.0460 0.1725 
        H579  1 0.0268 0.6382 0.1634 0.0492 0.0433 0.0791 
        H584  1 0.3338 0.0882 0.2855 0.0656 0.0995 0.1274 
        H585  1 0.1854 0.0628 0.3656 0.1498 0.1964 0.0400 
        H605  1 0.1225 0.2022 0.1337 0.3946 0.0550 0.0920 
        H606  1 0.0381 0.0564 0.0434 0.4212 0.0253 0.4156 
        H632  1 0.0779 0.0744 0.1975 0.0428 0.4040 0.2033 
        H634  1 0.0662 0.2803 0.1963 0.2418 0.0754 0.1399 
        H671  1 0.0721 0.0245 0.0680 0.0949 0.0812 0.6595 
        H672  1 0.0250 0.0435 0.0595 0.1355 0.6972 0.0393 
        H673  1 0.0224 0.0452 0.4951 0.3017 0.0783 0.0573 
        H689  1 0.1152 0.0869 0.4473 0.0963 0.1605 0.0937 
        H690  1 0.3173 0.1095 0.1027 0.3722 0.0367 0.0617 
        H691  1 0.0781 0.0821 0.1054 0.3861 0.2788 0.0695 
        H692  1 0.0179 0.0355 0.6958 0.0372 0.1846 0.0291 
        H709  1 0.1770 0.0417 0.1455 0.5167 0.0693 0.0498 
        H710  1 0.0278 0.0458 0.7648 0.0433 0.0899 0.0283 
       H7355  1 0.0550 0.0799 0.0867 0.0495 0.0824 0.6466 
       H7356  1 0.3593 0.2409 0.2590 0.0389 0.0584 0.0436 
       H7357  1 0.0948 0.1439 0.0759 0.3721 0.0351 0.2781 
       H7358  1 0.0197 0.2121 0.0843 0.2643 0.0974 0.3222 
       H7380  1 0.0877 0.0534 0.2919 0.2246 0.0434 0.2989 
       H7381  1 0.0943 0.0539 0.4050 0.1155 0.0892 0.2421 
       H7382  1 0.0574 0.1660 0.2689 0.0834 0.2696 0.1547 
        H904  1 0.1043 0.0681 0.0540 0.3670 0.0445 0.3620 
        H923  1 0.1056 0.2248 0.2242 0.0563 0.2548 0.1344 
        H924  1 0.0461 0.1785 0.1292 0.2903 0.0777 0.2781 
        H925  1 0.0153 0.1236 0.0561 0.7015 0.0652 0.0383 
       H9558  1 0.0293 0.8275 0.0686 0.0182 0.0325 0.0239 
      H105.1  1 0.1601 0.0430 0.5929 0.1151 0.0658 0.0231 
      H115.1  1 0.0319 0.0545 0.0548 0.8002 0.0324 0.0261 
      H145.1  1 0.0268 0.0461 0.0600 0.0529 0.0438 0.7703 
      H149.1  1 0.0198 0.0444 0.0504 0.8006 0.0515 0.0333 
      H150.1  1 0.0674 0.5959 0.1712 0.0369 0.0288 0.0998 
   H169607.1  1 0.0332 0.1415 0.1068 0.1218 0.1026 0.4941 
   H169633.1  1 0.0316 0.2110 0.0920 0.4070 0.1661 0.0924 
   H169688.1  1 0.0211 0.1102 0.3440 0.2619 0.2005 0.0622 
   H171901.1  1 0.0896 0.0903 0.1641 0.0491 0.5197 0.0873 
   H171902.1  1 0.0274 0.1168 0.0450 0.0833 0.0280 0.6994 
   H171903.1  1 0.2468 0.0616 0.2811 0.0922 0.0736 0.2446 
      H177.1  1 0.0346 0.0643 0.1190 0.3944 0.2787 0.1090 
      H179.1  1 0.0510 0.0929 0.0614 0.5986 0.0620 0.1342 
      H180.1  1 0.0908 0.1026 0.5366 0.1479 0.0493 0.0728 
      H181.1  1 0.2029 0.1322 0.2479 0.2632 0.0699 0.0839 
 H194.1_2004  1 0.0952 0.2051 0.4796 0.0550 0.0784 0.0867 
 H195.1_2003  1 0.0817 0.1631 0.2843 0.0810 0.3075 0.0824 
 H195.1_2004  1 0.0511 0.0476 0.0495 0.1597 0.2445 0.4475 
      H415.1  1 0.0411 0.1441 0.1202 0.5688 0.0707 0.0551 
      H506.1  1 0.0237 0.0483 0.1421 0.6803 0.0555 0.0500 
      H533.1  1 0.0507 0.1421 0.1320 0.6079 0.0284 0.0389 
      H535.1  1 0.1955 0.1057 0.2549 0.3071 0.0528 0.0841 
      H539.1  1 0.0317 0.6983 0.0934 0.0861 0.0203 0.0702 
      H540.1  1 0.0412 0.8083 0.0512 0.0223 0.0252 0.0518 
     H9558.1  1 0.0196 0.8125 0.0572 0.0247 0.0426 0.0434 
    kos339.1  1 0.1024 0.0517 0.0768 0.6267 0.0584 0.0841 
        D023  2 0.0180 0.7255 0.0362 0.1679 0.0354 0.0170 
        D130  2 0.0954 0.7144 0.0502 0.0864 0.0251 0.0285 
        D131  2 0.0958 0.0411 0.1802 0.5100 0.1178 0.0551 
        D163  2 0.1434 0.6538 0.0933 0.0501 0.0254 0.0341 
        D164  2 0.0147 0.7666 0.0173 0.0131 0.1747 0.0136 
        D165  2 0.0459 0.6827 0.0515 0.1112 0.0876 0.0212 
        D166  2 0.2679 0.1849 0.3153 0.0581 0.0527 0.1213 
        D167  2 0.0284 0.0557 0.0769 0.0182 0.7930 0.0278 
        D192  2 0.0475 0.0626 0.0600 0.0165 0.7858 0.0277 
        D193  2 0.2804 0.0609 0.3985 0.1186 0.0354 0.1061 
        D206  2 0.0358 0.0712 0.1820 0.5712 0.1008 0.0390 
        D207  2 0.0883 0.0491 0.2410 0.0533 0.5369 0.0314 
        D208  2 0.1457 0.0832 0.0833 0.0982 0.1459 0.4437 
        D209  2 0.0273 0.3848 0.3463 0.0684 0.1472 0.0260 
        D210  2 0.1950 0.0464 0.0699 0.1066 0.2017 0.3805 
     D229599  2 0.1487 0.1159 0.1632 0.4087 0.1148 0.0487 
     D229600  2 0.0758 0.6037 0.1017 0.0483 0.1423 0.0283 
     D237227  2 0.0601 0.2119 0.1089 0.0707 0.2183 0.3300 
     D237228  2 0.0455 0.2466 0.3853 0.0202 0.1172 0.1852 
     D237258  2 0.0452 0.1401 0.1684 0.2188 0.3277 0.0999 
     D237310  2 0.2522 0.3328 0.1718 0.0184 0.0983 0.1265 
     D237311  2 0.0662 0.4051 0.2009 0.0253 0.2669 0.0356 
     D237312  2 0.4637 0.1266 0.1538 0.0414 0.0530 0.1615 
     D237313  2 0.0859 0.2009 0.1314 0.3886 0.0297 0.1635 
     D237322  2 0.3955 0.0415 0.2045 0.0527 0.0674 0.2385 
     D237323  2 0.1417 0.4455 0.1018 0.0241 0.1511 0.1358 
     D237324  2 0.1189 0.2259 0.4675 0.0416 0.1193 0.0268 
     D237325  2 0.2856 0.2483 0.1325 0.0690 0.1098 0.1548 
     D237326  2 0.0471 0.6294 0.1281 0.0966 0.0553 0.0435 
     D237327  2 0.3697 0.0377 0.0885 0.0359 0.4140 0.0543 
     D237337  2 0.1510 0.4776 0.0955 0.1015 0.0473 0.1272 
     D237338  2 0.3979 0.1383 0.1235 0.0910 0.1451 0.1041 
     D237339  2 0.0929 0.0722 0.1588 0.2202 0.4277 0.0283 
     D237340  2 0.1110 0.1773 0.1494 0.0360 0.3968 0.1295 
     D237389  2 0.1454 0.4500 0.2399 0.0297 0.0971 0.0379 
     D237390  2 0.4184 0.0871 0.1836 0.0911 0.1056 0.1142 
     D244017  2 0.0327 0.1000 0.1856 0.0616 0.5019 0.1183 
     D244112  2 0.1240 0.2444 0.1318 0.0183 0.4525 0.0290 
     D244118  2 0.0585 0.6908 0.0516 0.0191 0.1617 0.0183 
     D244119  2 0.0282 0.0446 0.0638 0.0401 0.5479 0.2754 
     D244120  2 0.3393 0.0745 0.1952 0.0180 0.2993 0.0737 
     D244122  2 0.0879 0.2541 0.1814 0.0616 0.3315 0.0835 
        D291  2 0.1072 0.0845 0.4308 0.0907 0.2211 0.0656 
        D292  2 0.0781 0.0845 0.0690 0.4719 0.2244 0.0722 
        D293  2 0.0171 0.0134 0.0207 0.0522 0.8840 0.0125 
        D322  2 0.0387 0.0757 0.0833 0.1553 0.6211 0.0259 
        D323  2 0.0367 0.0556 0.3167 0.1679 0.3468 0.0763 
        D324  2 0.1075 0.1297 0.1928 0.1529 0.3151 0.1021 
        D325  2 0.0319 0.0180 0.0232 0.0296 0.8836 0.0137 
        D326  2 0.0185 0.0141 0.0414 0.8614 0.0422 0.0225 
        D340  2 0.0197 0.0235 0.0291 0.0196 0.8882 0.0200 
        D341  2 0.3777 0.0380 0.0476 0.0475 0.4177 0.0715 
        D342  2 0.0823 0.5604 0.2605 0.0388 0.0287 0.0293 
        D343  2 0.0147 0.0101 0.0132 0.0131 0.9388 0.0101 
        D344  2 0.0550 0.0605 0.4007 0.3983 0.0414 0.0442 
        D345  2 0.0296 0.6504 0.1248 0.1275 0.0288 0.0389 
        D346  2 0.0296 0.0315 0.0797 0.0826 0.2180 0.5586 
        D351  2 0.0423 0.0492 0.2462 0.4329 0.1900 0.0394 
        D352  2 0.0421 0.0893 0.4165 0.1049 0.2377 0.1096 
        D353  2 0.0217 0.0224 0.5482 0.2281 0.1282 0.0514 
        D354  2 0.0466 0.1632 0.3115 0.3258 0.0304 0.1225 
        D362  2 0.0181 0.0559 0.0528 0.8050 0.0337 0.0345 
        D363  2 0.0174 0.0442 0.0462 0.7971 0.0530 0.0421 
        D364  2 0.0384 0.0985 0.1968 0.5990 0.0316 0.0357 
        D365  2 0.0129 0.0103 0.0119 0.0155 0.9367 0.0127 
        D369  2 0.0277 0.0296 0.0883 0.2457 0.5428 0.0659 
        D374  2 0.0343 0.0623 0.3029 0.0654 0.0299 0.5053 
        D375  2 0.0523 0.1404 0.5084 0.1977 0.0514 0.0498 
        D376  2 0.1029 0.1008 0.2940 0.0757 0.0436 0.3831 
        D377  2 0.1589 0.1494 0.1660 0.1435 0.0788 0.3033 
        D378  2 0.0534 0.0546 0.0574 0.5198 0.2798 0.0350 
        D379  2 0.0282 0.0256 0.1005 0.7937 0.0214 0.0307 
        D384  2 0.0178 0.0138 0.0229 0.9005 0.0198 0.0252 
        D385  2 0.0296 0.0240 0.0301 0.0211 0.8598 0.0354 
        D386  2 0.0415 0.1569 0.1183 0.5805 0.0669 0.0357 
        D391  2 0.0249 0.0188 0.0278 0.0327 0.8741 0.0217 
        D392  2 0.0221 0.0588 0.0495 0.0542 0.7866 0.0288 
        D393  2 0.1100 0.0572 0.0585 0.5102 0.2295 0.0346 
        D394  2 0.1222 0.3472 0.1873 0.1385 0.1543 0.0505 
        D395  2 0.0371 0.0223 0.0883 0.0308 0.8005 0.0209 
        D401  2 0.0214 0.5538 0.2361 0.0312 0.1173 0.0402 
        D402  2 0.0571 0.0317 0.0325 0.0294 0.8096 0.0396 
        D403  2 0.0489 0.0725 0.2257 0.6060 0.0200 0.0267 
        D415  2 0.0482 0.0244 0.2223 0.6346 0.0418 0.0287 
        D435  2 0.0626 0.0558 0.0830 0.3659 0.3932 0.0395 
        D436  2 0.1215 0.0419 0.2035 0.4236 0.0722 0.1372 
        D438  2 0.0201 0.0245 0.0253 0.0174 0.8798 0.0328 
        D439  2 0.0587 0.2035 0.3629 0.2494 0.0986 0.0269 
        D449  2 0.0524 0.0553 0.6234 0.1078 0.1331 0.0279 
        D450  2 0.0955 0.0663 0.1268 0.1257 0.0352 0.5505 
        D456  2 0.0167 0.0192 0.0606 0.8613 0.0200 0.0223 
        D462  2 0.0162 0.0161 0.0232 0.0407 0.8865 0.0173 
        D463  2 0.0140 0.0166 0.0596 0.8740 0.0155 0.0202 
        D464  2 0.0540 0.0323 0.4205 0.1531 0.2558 0.0842 
        D465  2 0.0227 0.0293 0.0661 0.0533 0.7965 0.0321 
        D473  2 0.0486 0.0652 0.0335 0.0441 0.0667 0.7420 
        D474  2 0.0532 0.0614 0.0354 0.5611 0.2194 0.0696 
        D476  2 0.3009 0.2879 0.0996 0.1001 0.1918 0.0197 
        D477  2 0.0863 0.0580 0.1055 0.4387 0.0678 0.2437 
        D478  2 0.0368 0.2393 0.3162 0.1750 0.1217 0.1109 
        D480  2 0.1948 0.0226 0.0688 0.5187 0.1367 0.0584 
        D481  2 0.0415 0.3051 0.1124 0.2285 0.2344 0.0781 
        D482  2 0.1527 0.1152 0.2398 0.0637 0.1474 0.2812 
        D483  2 0.0235 0.0400 0.0307 0.0291 0.8494 0.0272 
        D484  2 0.1365 0.0890 0.2598 0.0365 0.3324 0.1458 
        D510  2 0.0614 0.0378 0.1563 0.0441 0.0503 0.6500 
        D511  2 0.0421 0.0626 0.0819 0.3443 0.4235 0.0457 
        D512  2 0.0558 0.2696 0.2324 0.0243 0.3934 0.0244 
        D513  2 0.0357 0.0495 0.0930 0.1336 0.5918 0.0964 
        D635  2 0.0222 0.3008 0.1368 0.3537 0.1547 0.0318 
        D636  2 0.0109 0.9129 0.0193 0.0247 0.0155 0.0167 
        D637  2 0.2741 0.0556 0.1288 0.0744 0.3041 0.1630 
        D658  2 0.2182 0.0795 0.0733 0.0523 0.5113 0.0654 
        D659  2 0.1181 0.0744 0.2146 0.4603 0.0487 0.0840 
        D677  2 0.1378 0.0659 0.1007 0.5824 0.0721 0.0410 
        D678  2 0.0402 0.3714 0.3139 0.0226 0.2154 0.0365 
        D679  2 0.0877 0.0444 0.1249 0.4838 0.1352 0.1240 
        D719  2 0.0359 0.0311 0.0444 0.3166 0.4154 0.1566 
        D720  2 0.0264 0.0775 0.0806 0.6555 0.0695 0.0906 
        D721  2 0.0550 0.6662 0.0499 0.1146 0.0753 0.0390 
        D722  2 0.0339 0.1335 0.4072 0.0770 0.1013 0.2471 
        D734  2 0.1539 0.0215 0.0585 0.0586 0.4133 0.2942 
        D735  2 0.1018 0.1001 0.1259 0.5182 0.0715 0.0825 
        D736  2 0.1248 0.0911 0.1483 0.0953 0.2611 0.2795 
        D737  2 0.3969 0.1570 0.0678 0.0541 0.2938 0.0304 
        D807  2 0.1110 0.0630 0.0782 0.3313 0.1565 0.2600 
        D808  2 0.1656 0.1423 0.1791 0.1065 0.3793 0.0272 
        D817  2 0.0253 0.1113 0.1864 0.5081 0.0721 0.0967 
        D818  2 0.1505 0.0344 0.1075 0.1206 0.5476 0.0393 
        D819  2 0.0270 0.0878 0.2589 0.3300 0.2375 0.0588 
        D820  2 0.0663 0.0214 0.0560 0.7195 0.1041 0.0328 
        D895  2 0.0406 0.2258 0.3617 0.2482 0.0350 0.0887 
        D896  2 0.0581 0.7386 0.0604 0.0295 0.0627 0.0508 
        D897  2 0.3691 0.2043 0.2261 0.0403 0.1065 0.0537 
        D898  2 0.3357 0.1391 0.2602 0.0719 0.0833 0.1098 
        D918  2 0.2353 0.0737 0.1332 0.0683 0.2567 0.2329 
        D919  2 0.0563 0.0424 0.2393 0.4377 0.2011 0.0232 
        D920  2 0.2653 0.6345 0.0280 0.0295 0.0177 0.0250 
        D923  2 0.0194 0.0256 0.1211 0.7655 0.0398 0.0286 
        D930  2 0.0620 0.0552 0.0886 0.1735 0.0353 0.5853 
        D931  2 0.0638 0.0390 0.0759 0.2935 0.4615 0.0663 
        D968  2 0.0183 0.0155 0.0295 0.0307 0.8886 0.0175 
        D969  2 0.0874 0.0257 0.0924 0.4721 0.2935 0.0289 
        D977  2 0.0651 0.0324 0.0582 0.0431 0.7719 0.0292 
        D978  2 0.5708 0.0225 0.1618 0.1118 0.0782 0.0548 
        H008  2 0.0308 0.0574 0.2537 0.4590 0.0903 0.1089 
        H021  2 0.4010 0.1189 0.0762 0.1184 0.2241 0.0613 
        H023  2 0.0702 0.1068 0.0643 0.5568 0.0270 0.1749 
        H024  2 0.1270 0.1195 0.4640 0.0332 0.2192 0.0372 
        H025  2 0.0519 0.0884 0.4460 0.2096 0.0638 0.1403 
        H026  2 0.0313 0.0387 0.2261 0.2496 0.4288 0.0256 
        H027  2 0.2227 0.0539 0.0618 0.2848 0.3182 0.0586 
        H028  2 0.1049 0.2507 0.3396 0.1660 0.0653 0.0734 
        H029  2 0.0227 0.0930 0.0796 0.2706 0.5040 0.0300 
        H030  2 0.0696 0.0384 0.0660 0.0287 0.7713 0.0260 
        H038  2 0.1299 0.5796 0.0377 0.1845 0.0328 0.0356 
        H039  2 0.0474 0.0476 0.0372 0.0656 0.0256 0.7766 
        H040  2 0.3257 0.3154 0.0614 0.2122 0.0395 0.0458 
        H041  2 0.0317 0.0310 0.1218 0.3287 0.4097 0.0771 
        H042  2 0.0512 0.1561 0.1584 0.0931 0.0581 0.4831 
        H043  2 0.0258 0.8467 0.0275 0.0329 0.0213 0.0458 
        H044  2 0.0387 0.4064 0.3062 0.0197 0.1351 0.0939 
        H047  2 0.0700 0.6545 0.0845 0.0716 0.0388 0.0807 
        H050  2 0.1168 0.0777 0.1644 0.0746 0.5231 0.0434 
        H058  2 0.1566 0.3244 0.2607 0.1152 0.1029 0.0403 
        H062  2 0.0595 0.1622 0.0693 0.2063 0.0240 0.4787 
        H063  2 0.0519 0.2516 0.1085 0.1879 0.3425 0.0575 
        H065  2 0.0180 0.0259 0.0661 0.8188 0.0174 0.0539 
        H066  2 0.1257 0.6214 0.0830 0.0536 0.0977 0.0187 
        H067  2 0.1971 0.0598 0.1240 0.1633 0.1354 0.3203 
        H068  2 0.1662 0.0669 0.1440 0.0812 0.1422 0.3994 
        H069  2 0.0275 0.4809 0.0800 0.0645 0.2958 0.0514 
        H071  2 0.0740 0.0421 0.1209 0.5436 0.0778 0.1417 
        H072  2 0.0323 0.0455 0.0791 0.0585 0.0792 0.7054 
        H073  2 0.1673 0.1467 0.3007 0.2263 0.1137 0.0453 
        H081  2 0.0553 0.0253 0.0832 0.3489 0.0545 0.4328 
        H082  2 0.0282 0.2390 0.1310 0.0801 0.4918 0.0299 
        H083  2 0.0391 0.0450 0.0647 0.0560 0.7715 0.0236 
        H084  2 0.4151 0.1369 0.1026 0.0559 0.1884 0.1011 
        H085  2 0.0398 0.0309 0.0816 0.3476 0.3823 0.1178 
        H087  2 0.1054 0.0419 0.1285 0.3571 0.1082 0.2589 
        H088  2 0.0683 0.1016 0.1315 0.4556 0.0943 0.1486 
        H089  2 0.0458 0.1582 0.1292 0.2208 0.2255 0.2204 
        H090  2 0.0219 0.0165 0.0263 0.0206 0.8954 0.0192 
        H091  2 0.0429 0.0244 0.0449 0.0881 0.7612 0.0384 
        H098  2 0.2167 0.0883 0.2730 0.1798 0.1654 0.0769 
      H10001  2 0.0500 0.0299 0.0228 0.0213 0.0216 0.8545 
      H10002  2 0.1051 0.1755 0.1085 0.4465 0.0481 0.1163 
        H101  2 0.0672 0.0490 0.0696 0.0284 0.7546 0.0312 
        H108  2 0.0370 0.0207 0.0585 0.1612 0.0168 0.7057 
        H109  2 0.1181 0.3018 0.2007 0.1200 0.1969 0.0626 
        H110  2 0.0319 0.0623 0.1588 0.5145 0.1131 0.1194 
        H116  2 0.0724 0.1217 0.4122 0.1766 0.1613 0.0558 
        H117  2 0.1714 0.0298 0.0489 0.1846 0.5319 0.0335 
        H118  2 0.0243 0.0208 0.1000 0.2643 0.5594 0.0312 
        H119  2 0.1020 0.0852 0.1483 0.3519 0.1958 0.1168 
        H120  2 0.0202 0.0347 0.0474 0.0830 0.0205 0.7943 
        H121  2 0.0195 0.0133 0.0286 0.0311 0.8798 0.0277 
        H125  2 0.3112 0.0333 0.0609 0.0454 0.0532 0.4960 
        H126  2 0.0199 0.3785 0.3686 0.0667 0.0296 0.1367 
        H128  2 0.0125 0.0121 0.0149 0.0156 0.9358 0.0090 
        H129  2 0.2415 0.0491 0.4837 0.0972 0.1040 0.0245 
        H130  2 0.0437 0.0584 0.0973 0.0185 0.0179 0.7642 
        H133  2 0.1000 0.0435 0.1339 0.0372 0.1079 0.5776 
        H134  2 0.0218 0.0385 0.4213 0.4701 0.0273 0.0209 
        H135  2 0.0305 0.0951 0.1257 0.5247 0.1192 0.1048 
        H137  2 0.4301 0.0554 0.1121 0.0738 0.2956 0.0330 
        H138  2 0.0820 0.0622 0.6147 0.1516 0.0451 0.0444 
        H140  2 0.1104 0.0346 0.0873 0.0304 0.6513 0.0860 
        H146  2 0.0276 0.0156 0.0479 0.0582 0.8332 0.0174 
        H147  2 0.0503 0.0413 0.2146 0.1256 0.5289 0.0394 
        H148  2 0.3182 0.0665 0.0533 0.2124 0.2784 0.0712 
     H166022  2 0.1275 0.1734 0.2894 0.1082 0.1960 0.1055 
     H167359  2 0.0893 0.1836 0.3614 0.1286 0.1172 0.1199 
     H167397  2 0.0294 0.1260 0.3606 0.0739 0.3820 0.0282 
     H167428  2 0.0143 0.0321 0.1470 0.5235 0.2605 0.0227 
     H167496  2 0.2647 0.0400 0.0845 0.3101 0.1045 0.1963 
     H167513  2 0.2116 0.6600 0.0414 0.0199 0.0340 0.0332 
     H167545  2 0.0334 0.8208 0.0430 0.0387 0.0278 0.0363 
     H167547  2 0.1432 0.0337 0.1958 0.0177 0.5794 0.0301 
     H169621  2 0.1877 0.0443 0.0778 0.0240 0.6424 0.0239 
     H169622  2 0.0243 0.3404 0.2718 0.1819 0.0609 0.1207 
     H169750  2 0.0521 0.0356 0.0690 0.0342 0.6984 0.1107 
     H171806  2 0.0598 0.0259 0.0421 0.0866 0.7146 0.0710 
     H171808  2 0.0246 0.1833 0.0785 0.3074 0.0355 0.3707 
     H171809  2 0.0558 0.0706 0.1480 0.2488 0.0370 0.4399 
     H171813  2 0.7250 0.0953 0.0472 0.0303 0.0605 0.0417 
     H171815  2 0.0805 0.6413 0.0772 0.1309 0.0292 0.0410 
     H171824  2 0.1327 0.0305 0.0647 0.2477 0.2336 0.2909 
     H171825  2 0.0396 0.1257 0.1580 0.0675 0.0292 0.5801 
     H171826  2 0.0781 0.0626 0.0886 0.5715 0.1168 0.0824 
     H171827  2 0.1707 0.3702 0.1481 0.1928 0.0831 0.0351 
     H171828  2 0.0929 0.0225 0.0397 0.0797 0.0474 0.7177 
     H171829  2 0.6084 0.0701 0.1253 0.0233 0.0545 0.1183 
     H171830  2 0.0459 0.0820 0.2457 0.4226 0.1123 0.0916 
     H171831  2 0.1019 0.1526 0.4582 0.0573 0.1453 0.0846 
     H171832  2 0.0333 0.4580 0.2735 0.0598 0.0429 0.1324 
     H171863  2 0.0214 0.4359 0.1490 0.0445 0.3272 0.0219 
     H171864  2 0.0858 0.1611 0.0958 0.2825 0.2195 0.1554 
     H171865  2 0.0256 0.1522 0.0802 0.6504 0.0485 0.0432 
     H171879  2 0.1547 0.0473 0.1216 0.0374 0.6037 0.0353 
     H171880  2 0.1287 0.0704 0.1033 0.0373 0.6321 0.0283 
     H171881  2 0.2771 0.1112 0.2084 0.1938 0.1301 0.0794 
     H171882  2 0.0522 0.0425 0.0648 0.1214 0.0375 0.6816 
     H171929  2 0.0458 0.0925 0.1596 0.2494 0.2971 0.1557 
     H171930  2 0.0395 0.8137 0.0374 0.0252 0.0628 0.0214 
     H171933  2 0.5137 0.0413 0.1024 0.0376 0.2288 0.0762 
     H171934  2 0.2721 0.0978 0.1141 0.1831 0.0416 0.2912 
     H171937  2 0.0345 0.1400 0.7058 0.0395 0.0349 0.0452 
     H171962  2 0.0527 0.3595 0.2019 0.2609 0.0804 0.0446 
        H190  2 0.2505 0.0710 0.3533 0.1047 0.1826 0.0379 
        H191  2 0.0960 0.2489 0.2614 0.2055 0.0942 0.0941 
        H396  2 0.0268 0.0282 0.0449 0.7519 0.0568 0.0914 
        H397  2 0.1996 0.0536 0.2069 0.1024 0.1180 0.3194 
        H398  2 0.0522 0.0459 0.0662 0.7041 0.0294 0.1021 
        H400  2 0.0241 0.2527 0.0658 0.4055 0.0391 0.2130 
        H401  2 0.2935 0.0403 0.1446 0.0222 0.4739 0.0254 
        H402  2 0.1729 0.3809 0.1218 0.1696 0.1315 0.0234 
        H427  2 0.0519 0.0374 0.1150 0.6682 0.0693 0.0582 
        H428  2 0.0149 0.0300 0.1449 0.5228 0.2605 0.0269 
        H497  2 0.0320 0.8071 0.0436 0.0382 0.0384 0.0406 
        H512  2 0.2346 0.0708 0.2116 0.2049 0.2448 0.0332 
        H513  2 0.2373 0.6334 0.0466 0.0231 0.0295 0.0302 
        H514  2 0.0242 0.2039 0.4465 0.1316 0.1513 0.0425 
        H519  2 0.2545 0.5267 0.0899 0.0307 0.0495 0.0487 
        H532  2 0.0246 0.0590 0.0273 0.7455 0.1132 0.0304 
        H543  2 0.0590 0.1992 0.1639 0.0870 0.4501 0.0408 
        H544  2 0.0164 0.0925 0.2166 0.0289 0.1453 0.5003 
        H545  2 0.0298 0.8762 0.0230 0.0287 0.0223 0.0200 
        H546  2 0.0914 0.1860 0.2167 0.3913 0.0317 0.0829 
        H547  2 0.1345 0.0314 0.2281 0.0176 0.5563 0.0321 
        H548  2 0.0417 0.2150 0.1105 0.2032 0.0677 0.3619 
        H549  2 0.0242 0.9159 0.0122 0.0209 0.0141 0.0127 
        H620  2 0.1256 0.0868 0.0822 0.3052 0.0338 0.3664 
        H623  2 0.1495 0.4622 0.2737 0.0396 0.0459 0.0291 
        H624  2 0.0190 0.8112 0.0525 0.0415 0.0268 0.0491 
        H625  2 0.0372 0.2021 0.0754 0.3740 0.0595 0.2519 
        H626  2 0.0875 0.4776 0.1306 0.0798 0.0824 0.1421 
        H654  2 0.0953 0.7159 0.0422 0.0638 0.0194 0.0635 
        H655  2 0.1352 0.1825 0.2001 0.0627 0.0885 0.3311 
        H656  2 0.0285 0.0374 0.0626 0.0906 0.0165 0.7643 
        H666  2 0.1191 0.0632 0.1160 0.0749 0.3578 0.2689 
        H667  2 0.0609 0.5409 0.1041 0.1685 0.0784 0.0473 
        H677  2 0.0642 0.0937 0.1517 0.5337 0.0676 0.0893 
        H693  2 0.0764 0.0446 0.0642 0.2224 0.0389 0.5536 
        H694  2 0.0622 0.3831 0.3214 0.0323 0.1192 0.0818 
        H701  2 0.0937 0.1664 0.3094 0.1045 0.2813 0.0447 
        H702  2 0.1332 0.1418 0.1372 0.1119 0.1582 0.3176 
        H731  2 0.0543 0.0326 0.1329 0.0379 0.4094 0.3328 
       H7359  2 0.0932 0.1334 0.4018 0.1357 0.0896 0.1462 
       H7389  2 0.0546 0.1083 0.0595 0.2852 0.4577 0.0347 
       H7390  2 0.7536 0.0395 0.0506 0.0359 0.0533 0.0671 
       H7391  2 0.1352 0.0391 0.0672 0.4858 0.1842 0.0885 
       H7392  2 0.1175 0.0878 0.1111 0.1003 0.5145 0.0687 
       H7393  2 0.6503 0.0972 0.0763 0.0266 0.0701 0.0795 
       H7398  2 0.0636 0.0316 0.1168 0.4160 0.2961 0.0761 
       H7399  2 0.1587 0.2368 0.1402 0.2197 0.2135 0.0310 
       H7400  2 0.0648 0.1885 0.0811 0.1411 0.0157 0.5089 
        H745  2 0.0552 0.0632 0.6312 0.0470 0.1663 0.0371 
        H746  2 0.0368 0.5217 0.0933 0.2703 0.0542 0.0236 
        H747  2 0.3666 0.0774 0.0706 0.1217 0.0777 0.2861 
        H748  2 0.0459 0.4424 0.1141 0.1116 0.1970 0.0891 
       H7484  2 0.1719 0.0364 0.0887 0.0847 0.0211 0.5972 
       H7485  2 0.0214 0.8106 0.0571 0.0433 0.0430 0.0247 
        H749  2 0.0154 0.8308 0.0287 0.0465 0.0215 0.0572 
        H930  2 0.0545 0.7233 0.0634 0.0282 0.1028 0.0278 
        H931  2 0.0261 0.0580 0.2036 0.3892 0.1604 0.1627 
        H932  2 0.0629 0.0641 0.1303 0.4554 0.2243 0.0629 
      H008.1  2 0.0239 0.0316 0.0744 0.7667 0.0410 0.0623 
 H029.1_2002  2 0.0256 0.1452 0.3290 0.4091 0.0614 0.0297 
 H029.1_2003  2 0.0280 0.0331 0.1862 0.6110 0.1062 0.0355 
      H030.1  2 0.3933 0.0417 0.1656 0.1715 0.1772 0.0507 
      H038.1  2 0.0213 0.1234 0.0720 0.5726 0.0378 0.1729 
      H041.1  2 0.0169 0.0174 0.0210 0.0371 0.8931 0.0145 
 H042.1_2002  2 0.0365 0.0244 0.0254 0.0444 0.8276 0.0416 
 H042.1_2003  2 0.0524 0.2554 0.2526 0.2105 0.0903 0.1388 
   H042_2002  2 0.0503 0.1444 0.1404 0.0719 0.0519 0.5411 
   H042_2003  2 0.0533 0.1277 0.1471 0.0798 0.0420 0.5501 
      H043.1  2 0.0187 0.8730 0.0235 0.0402 0.0179 0.0267 
      H047.1  2 0.0545 0.5571 0.1154 0.1963 0.0217 0.0550 
 H071.1_2002  2 0.0407 0.1117 0.2412 0.5301 0.0329 0.0434 
 H071.1_2003  2 0.0531 0.0695 0.3264 0.3022 0.0853 0.1635 
 H081.1_2002  2 0.0267 0.0368 0.3501 0.5155 0.0275 0.0435 
 H081.1_2003  2 0.0919 0.2457 0.1210 0.4010 0.0598 0.0805 
      H083.1  2 0.0338 0.1210 0.2932 0.3353 0.2022 0.0146 
      H084.1  2 0.2047 0.4382 0.2220 0.0429 0.0590 0.0333 
 H085.1_2002  2 0.0203 0.1091 0.1833 0.3815 0.1828 0.1231 
 H085.1_2003  2 0.0242 0.0252 0.0529 0.2710 0.5875 0.0392 
      H088.1  2 0.0291 0.0233 0.0416 0.0977 0.7843 0.0239 
      H091.1  2 0.0150 0.0131 0.0129 0.0147 0.9334 0.0109 
      H109.1  2 0.1418 0.5903 0.0948 0.0748 0.0672 0.0312 
      H126.1  2 0.1307 0.2068 0.2341 0.0658 0.0523 0.3104 
      H130.1  2 0.0279 0.0695 0.0424 0.0283 0.0623 0.7696 
      H133.1  2 0.0575 0.2195 0.1167 0.1131 0.2936 0.1997 
      H147.1  2 0.1233 0.0843 0.2730 0.0870 0.3429 0.0895 
      H148.1  2 0.1016 0.2100 0.0662 0.1635 0.1080 0.3506 
   H166022.1  2 0.0239 0.0263 0.0680 0.0185 0.8450 0.0182 
   H167397.1  2 0.0488 0.6145 0.1070 0.0701 0.1317 0.0279 
   H167496.1  2 0.2170 0.0633 0.0403 0.2219 0.3561 0.1015 
   H167513.1  2 0.0436 0.6882 0.1141 0.0266 0.0812 0.0462 
   H167547.1  2 0.3094 0.1364 0.1086 0.0447 0.2229 0.1780 
   H169750.1  2 0.2110 0.0414 0.0564 0.0451 0.4418 0.2043 
   H171929.1  2 0.0306 0.5248 0.1739 0.0517 0.1788 0.0403 
   H171930.1  2 0.0864 0.7374 0.0507 0.0309 0.0695 0.0251 
   H171933.1  2 0.0214 0.0358 0.0412 0.0575 0.7647 0.0794 
      H190.1  2 0.6105 0.0649 0.0812 0.0934 0.0559 0.0942 
      H400.1  2 0.0293 0.0962 0.0678 0.1248 0.6472 0.0346 
 H428.1_2005  2 0.0398 0.0660 0.1165 0.4496 0.2951 0.0330 
 H428.1_2006  2 0.0204 0.0356 0.0467 0.0780 0.7929 0.0263 
      H453.1  2 0.0562 0.0415 0.0919 0.0600 0.7195 0.0310 
      H512.1  2 0.0764 0.0837 0.5675 0.0593 0.1680 0.0452 
      H513.1  2 0.0788 0.1138 0.0892 0.0258 0.6642 0.0282 
      H532.1  2 0.0494 0.1607 0.1291 0.5048 0.0883 0.0678 
      H543.1  2 0.0237 0.4184 0.0928 0.2194 0.2238 0.0219 
 H545.1_2005  2 0.0142 0.9244 0.0162 0.0178 0.0110 0.0164 
 H545.1_2006  2 0.0266 0.3738 0.1116 0.3509 0.1123 0.0248 
      H547.1  2 0.0442 0.0190 0.0570 0.0217 0.8349 0.0232 
      H548.1  2 0.0197 0.7845 0.0339 0.0610 0.0428 0.0581 
     H7389.1  2 0.0227 0.0273 0.0347 0.0270 0.8072 0.0810 
      H747.1  2 0.2262 0.1252 0.2084 0.0604 0.1197 0.2601 
     H7484.1  2 0.0991 0.0616 0.1860 0.2284 0.1333 0.2916 
     H7485.1  2 0.0348 0.2390 0.1484 0.3113 0.2297 0.0367 
     H7496.1  2 0.5381 0.0253 0.0637 0.1414 0.1780 0.0534 
        D211  3 0.2967 0.1868 0.1713 0.1964 0.0328 0.1160 
     D229639  3 0.1952 0.0563 0.0945 0.1529 0.3569 0.1442 
     D237212  3 0.1940 0.0799 0.1489 0.1800 0.2086 0.1885 
     D237213  3 0.2099 0.1989 0.3170 0.1408 0.0600 0.0734 
     D237214  3 0.0385 0.4034 0.3852 0.0422 0.0603 0.0703 
     D237215  3 0.0940 0.0982 0.1642 0.0264 0.4483 0.1690 
     D237216  3 0.0821 0.0596 0.7333 0.0437 0.0360 0.0453 
     D237217  3 0.1166 0.1980 0.4588 0.1739 0.0288 0.0239 
     D237218  3 0.6887 0.0382 0.0469 0.1208 0.0613 0.0442 
     D237219  3 0.1775 0.2241 0.1937 0.1058 0.0428 0.2561 
     D237382  3 0.3841 0.0743 0.1257 0.1274 0.0942 0.1943 
     D244127  3 0.2223 0.4077 0.1946 0.0252 0.1159 0.0343 
     D244129  3 0.0740 0.1954 0.1796 0.1814 0.2467 0.1228 
     D244133  3 0.0308 0.0887 0.2438 0.1013 0.1273 0.4081 
     D244134  3 0.1393 0.1851 0.0729 0.1082 0.1297 0.3647 
     D244135  3 0.0420 0.5651 0.1161 0.1461 0.0757 0.0550 
     D244136  3 0.0306 0.0495 0.1434 0.1981 0.1931 0.3854 
        D416  3 0.3498 0.1563 0.2111 0.1136 0.1235 0.0458 
        D417  3 0.1663 0.0271 0.0489 0.7005 0.0237 0.0334 
        D419  3 0.1270 0.1603 0.1982 0.3018 0.1105 0.1022 
        D565  3 0.0203 0.0305 0.0432 0.0947 0.0421 0.7691 
        D566  3 0.0782 0.0542 0.0946 0.0770 0.5048 0.1911 
        D567  3 0.0205 0.1036 0.0710 0.7146 0.0375 0.0527 
        D568  3 0.0851 0.1707 0.1176 0.5399 0.0642 0.0225 
        D569  3 0.0831 0.3117 0.3023 0.0536 0.1735 0.0758 
        D573  3 0.0719 0.0196 0.0624 0.1449 0.6803 0.0209 
        D574  3 0.0708 0.1208 0.2556 0.0796 0.1350 0.3382 
        D575  3 0.0280 0.3077 0.0569 0.0760 0.0366 0.4948 
        D576  3 0.0455 0.0375 0.1916 0.0131 0.6042 0.1082 
        D577  3 0.0679 0.0687 0.1179 0.5081 0.0300 0.2074 
        D578  3 0.0527 0.4926 0.3160 0.0200 0.0976 0.0211 
        D579  3 0.2027 0.0777 0.0639 0.2369 0.1168 0.3019 
        D660  3 0.0887 0.2776 0.2284 0.0317 0.3126 0.0610 
        D661  3 0.8410 0.0293 0.0327 0.0244 0.0530 0.0196 
        D663  3 0.1388 0.0322 0.1957 0.0779 0.5015 0.0538 
        D664  3 0.0990 0.3360 0.1520 0.0347 0.0548 0.3235 
        D665  3 0.0557 0.3879 0.4421 0.0211 0.0605 0.0328 
        D666  3 0.1503 0.1076 0.1302 0.1182 0.0498 0.4439 
        H111  3 0.1224 0.3308 0.3625 0.0784 0.0458 0.0602 
        H951  3 0.0530 0.2836 0.2321 0.1142 0.2360 0.0811 
