1:    0.046 0.024 0.027 0.118 0.044 0.514 0.039 0.073 0.026 0.088 1    
2:    0.185 0.054 0.064 0.092 0.029 0.114 0.245 0.054 0.034 0.128 1    
3:    0.099 0.063 0.035 0.158 0.062 0.091 0.112 0.191 0.033 0.157 1    
4:    0.026 0.024 0.016 0.037 0.059 0.049 0.030 0.701 0.021 0.039 1    
5:    0.085 0.079 0.022 0.206 0.052 0.050 0.091 0.019 0.033 0.361 1    
6:    0.124 0.041 0.106 0.129 0.066 0.086 0.145 0.028 0.076 0.198 1    
7:    0.083 0.025 0.030 0.132 0.107 0.120 0.103 0.151 0.038 0.212 1    
8:    0.145 0.084 0.011 0.157 0.067 0.065 0.257 0.093 0.019 0.102 1    
9:    0.085 0.236 0.081 0.153 0.044 0.109 0.103 0.056 0.037 0.097 1    
10:   0.170 0.058 0.046 0.142 0.036 0.151 0.172 0.029 0.030 0.165 1    
11:   0.035 0.043 0.024 0.027 0.029 0.038 0.037 0.397 0.342 0.028 1    
12:   0.199 0.050 0.018 0.065 0.227 0.025 0.197 0.012 0.136 0.072 1    
13:   0.066 0.186 0.009 0.065 0.020 0.305 0.059 0.237 0.020 0.033 1    
14:   0.170 0.037 0.062 0.130 0.018 0.020 0.109 0.015 0.028 0.410 1    
15:   0.069 0.036 0.028 0.073 0.389 0.203 0.087 0.031 0.032 0.052 1    
16:   0.067 0.022 0.030 0.055 0.030 0.610 0.066 0.024 0.033 0.062 1    
17:   0.223 0.187 0.013 0.072 0.032 0.118 0.216 0.022 0.028 0.088 1    
18:   0.151 0.082 0.023 0.061 0.050 0.133 0.101 0.323 0.028 0.048 1    
19:   0.101 0.238 0.026 0.167 0.042 0.132 0.116 0.056 0.028 0.093 1    
20:   0.047 0.026 0.034 0.067 0.018 0.612 0.043 0.099 0.019 0.035 1    
21:   0.116 0.118 0.072 0.124 0.014 0.195 0.101 0.134 0.047 0.079 1    
22:   0.010 0.010 0.008 0.011 0.918 0.010 0.008 0.008 0.007 0.011 1    
23:   0.094 0.022 0.016 0.101 0.030 0.144 0.115 0.225 0.021 0.232 1    
24:   0.040 0.024 0.031 0.035 0.014 0.609 0.042 0.101 0.068 0.035 1    
25:   0.188 0.079 0.025 0.126 0.043 0.104 0.212 0.079 0.059 0.085 1    
26:   0.114 0.025 0.019 0.250 0.092 0.063 0.154 0.031 0.031 0.221 1    
27:   0.032 0.011 0.010 0.043 0.009 0.122 0.040 0.637 0.030 0.066 1    
28:   0.170 0.088 0.027 0.160 0.075 0.073 0.160 0.038 0.013 0.196 1    
29:   0.090 0.020 0.021 0.257 0.054 0.106 0.064 0.014 0.022 0.351 1    
30:   0.093 0.025 0.012 0.038 0.019 0.119 0.097 0.528 0.024 0.046 1    
31:   0.218 0.040 0.017 0.098 0.021 0.104 0.224 0.041 0.115 0.123 1    
32:   0.222 0.069 0.011 0.124 0.019 0.140 0.271 0.022 0.030 0.092 1    
33:   0.072 0.055 0.012 0.024 0.008 0.076 0.095 0.523 0.089 0.046 1    
34:   0.108 0.043 0.018 0.074 0.044 0.292 0.135 0.164 0.031 0.092 1    
35:   0.021 0.238 0.014 0.094 0.020 0.051 0.027 0.510 0.013 0.012 1    
36:   0.090 0.089 0.028 0.093 0.012 0.278 0.132 0.184 0.030 0.063 1    
37:   0.071 0.032 0.031 0.035 0.124 0.427 0.079 0.109 0.051 0.042 1    
38:   0.107 0.045 0.016 0.131 0.083 0.146 0.061 0.297 0.016 0.099 1    
39:   0.114 0.023 0.023 0.075 0.363 0.075 0.116 0.096 0.030 0.086 1    
40:   0.098 0.025 0.105 0.124 0.091 0.219 0.081 0.064 0.029 0.165 1    
41:   0.083 0.348 0.089 0.046 0.131 0.082 0.094 0.057 0.043 0.027 1    
42:   0.164 0.051 0.038 0.116 0.013 0.132 0.198 0.035 0.111 0.142 1    
43:   0.013 0.010 0.012 0.015 0.013 0.018 0.014 0.880 0.010 0.015 1    
44:   0.255 0.114 0.013 0.050 0.031 0.096 0.328 0.015 0.018 0.079 1    
45:   0.041 0.097 0.022 0.071 0.555 0.055 0.046 0.048 0.046 0.020 1    
46:   0.070 0.032 0.030 0.048 0.012 0.056 0.085 0.521 0.065 0.080 1    
47:   0.057 0.081 0.052 0.036 0.018 0.053 0.060 0.568 0.036 0.039 1    
48:   0.070 0.044 0.037 0.062 0.035 0.037 0.086 0.538 0.020 0.071 1    
49:   0.024 0.027 0.024 0.021 0.771 0.052 0.022 0.015 0.025 0.019 1    
50:   0.024 0.017 0.017 0.040 0.802 0.019 0.020 0.016 0.021 0.024 1    
51:   0.139 0.028 0.029 0.123 0.046 0.356 0.097 0.025 0.024 0.134 1    
52:   0.124 0.036 0.025 0.027 0.026 0.299 0.085 0.272 0.063 0.042 1    
53:   0.038 0.020 0.105 0.018 0.108 0.022 0.033 0.621 0.013 0.022 1    
54:   0.036 0.029 0.030 0.040 0.019 0.063 0.059 0.034 0.627 0.063 1    
55:   0.213 0.047 0.030 0.090 0.047 0.082 0.262 0.079 0.019 0.131 1    
56:   0.014 0.013 0.024 0.019 0.012 0.054 0.016 0.813 0.018 0.017 1    
57:   0.015 0.016 0.015 0.017 0.836 0.015 0.017 0.032 0.015 0.022 1    
58:   0.112 0.026 0.049 0.114 0.022 0.193 0.142 0.093 0.084 0.165 1    
59:   0.022 0.025 0.019 0.028 0.024 0.021 0.016 0.817 0.008 0.020 1    
60:   0.064 0.051 0.049 0.076 0.081 0.383 0.078 0.022 0.129 0.068 1    
61:   0.147 0.025 0.023 0.059 0.224 0.282 0.119 0.025 0.019 0.078 1    
62:   0.024 0.024 0.013 0.020 0.782 0.020 0.019 0.056 0.024 0.020 1    
63:   0.015 0.016 0.011 0.017 0.011 0.014 0.015 0.875 0.012 0.015 1    
64:   0.020 0.019 0.014 0.014 0.803 0.023 0.020 0.052 0.017 0.016 1    
65:   0.204 0.067 0.020 0.161 0.136 0.057 0.198 0.028 0.027 0.102 1    
66:   0.022 0.026 0.013 0.022 0.027 0.318 0.027 0.510 0.016 0.017 1    
67:   0.090 0.164 0.077 0.063 0.236 0.022 0.118 0.030 0.144 0.056 1    
68:   0.022 0.010 0.012 0.014 0.022 0.203 0.021 0.668 0.017 0.012 1    
69:   0.162 0.090 0.027 0.132 0.042 0.090 0.256 0.013 0.065 0.123 1    
70:   0.020 0.021 0.014 0.019 0.812 0.022 0.020 0.012 0.032 0.026 1    
71:   0.101 0.057 0.086 0.198 0.078 0.069 0.079 0.072 0.037 0.222 1    
72:   0.147 0.038 0.020 0.056 0.063 0.042 0.126 0.348 0.039 0.120 1    
73:   0.070 0.017 0.048 0.084 0.018 0.227 0.102 0.016 0.383 0.036 1    
74:   0.032 0.250 0.011 0.139 0.014 0.061 0.039 0.407 0.011 0.036 1    
75:   0.105 0.178 0.078 0.104 0.033 0.222 0.107 0.084 0.036 0.054 1    
76:   0.137 0.217 0.088 0.100 0.023 0.071 0.131 0.064 0.095 0.074 1    
77:   0.146 0.042 0.012 0.139 0.100 0.050 0.119 0.013 0.019 0.360 1    
78:   0.172 0.038 0.048 0.092 0.050 0.225 0.151 0.095 0.022 0.107 1    
79:   0.032 0.020 0.042 0.052 0.708 0.024 0.024 0.037 0.025 0.036 1    
80:   0.065 0.026 0.045 0.384 0.012 0.019 0.077 0.014 0.011 0.346 1    
81:   0.082 0.111 0.015 0.151 0.060 0.319 0.079 0.108 0.028 0.047 1    
82:   0.098 0.035 0.027 0.078 0.459 0.095 0.112 0.020 0.010 0.065 1    
83:   0.029 0.037 0.023 0.028 0.661 0.063 0.033 0.053 0.049 0.023 1    
84:   0.086 0.052 0.037 0.045 0.023 0.512 0.118 0.068 0.013 0.046 1    
85:   0.034 0.026 0.015 0.031 0.657 0.076 0.028 0.065 0.015 0.053 1    
86:   0.153 0.081 0.029 0.136 0.091 0.088 0.131 0.116 0.047 0.128 1    
87:   0.014 0.022 0.016 0.013 0.009 0.018 0.014 0.875 0.007 0.012 1    
88:   0.108 0.049 0.033 0.119 0.290 0.061 0.086 0.052 0.037 0.165 1    
89:   0.007 0.009 0.007 0.008 0.009 0.009 0.008 0.929 0.007 0.007 1    
90:   0.161 0.028 0.127 0.078 0.016 0.135 0.161 0.055 0.031 0.208 1    
91:   0.124 0.148 0.080 0.124 0.067 0.080 0.098 0.115 0.034 0.131 1    
92:   0.100 0.318 0.020 0.156 0.023 0.049 0.072 0.189 0.017 0.055 1    
93:   0.116 0.300 0.041 0.161 0.035 0.051 0.135 0.062 0.022 0.079 1    
94:   0.023 0.012 0.008 0.029 0.030 0.628 0.024 0.192 0.020 0.032 1    
95:   0.072 0.046 0.242 0.133 0.057 0.142 0.075 0.023 0.024 0.184 1    
96:   0.035 0.363 0.019 0.178 0.017 0.045 0.033 0.264 0.012 0.034 1    
97:   0.011 0.009 0.009 0.010 0.907 0.010 0.011 0.009 0.014 0.011 1    
98:   0.027 0.023 0.019 0.020 0.011 0.489 0.030 0.351 0.013 0.018 1    
99:   0.037 0.027 0.038 0.056 0.679 0.028 0.040 0.033 0.019 0.042 1    
100:  0.010 0.009 0.008 0.009 0.910 0.015 0.009 0.011 0.011 0.009 1    
101:  0.134 0.016 0.008 0.135 0.012 0.165 0.151 0.113 0.016 0.250 1    
102:  0.077 0.033 0.015 0.123 0.522 0.034 0.058 0.021 0.008 0.107 1    
103:  0.085 0.070 0.014 0.079 0.038 0.284 0.137 0.070 0.147 0.074 1    
104:  0.151 0.022 0.087 0.275 0.045 0.055 0.162 0.014 0.027 0.161 1    
105:  0.038 0.024 0.713 0.030 0.020 0.022 0.025 0.036 0.032 0.059 1    
106:  0.156 0.089 0.069 0.063 0.015 0.058 0.205 0.104 0.189 0.052 1    
107:  0.112 0.098 0.151 0.128 0.022 0.043 0.105 0.133 0.076 0.132 1    
108:  0.076 0.067 0.348 0.068 0.037 0.023 0.081 0.013 0.208 0.079 1    
109:  0.035 0.011 0.015 0.248 0.021 0.028 0.023 0.014 0.011 0.595 1    
110:  0.187 0.129 0.063 0.117 0.011 0.131 0.158 0.009 0.111 0.084 1    
111:  0.271 0.044 0.042 0.082 0.014 0.048 0.275 0.017 0.093 0.114 1    
112:  0.201 0.060 0.157 0.074 0.050 0.013 0.176 0.023 0.082 0.165 1    
113:  0.067 0.408 0.040 0.199 0.063 0.032 0.063 0.045 0.048 0.036 1    
114:  0.041 0.021 0.059 0.029 0.049 0.019 0.040 0.014 0.695 0.034 1    
115:  0.099 0.051 0.092 0.130 0.124 0.212 0.074 0.046 0.085 0.088 1    
116:  0.147 0.067 0.086 0.200 0.030 0.030 0.123 0.010 0.153 0.154 1    
117:  0.101 0.038 0.124 0.133 0.058 0.072 0.107 0.118 0.082 0.167 1    
118:  0.041 0.025 0.017 0.025 0.020 0.023 0.032 0.064 0.731 0.023 1    
119:  0.050 0.037 0.053 0.032 0.084 0.026 0.062 0.015 0.602 0.037 1    
120:  0.066 0.025 0.062 0.185 0.021 0.038 0.056 0.025 0.024 0.497 1    
121:  0.111 0.028 0.019 0.071 0.060 0.143 0.125 0.074 0.300 0.070 1    
122:  0.104 0.174 0.035 0.090 0.013 0.044 0.117 0.040 0.318 0.066 1    
123:  0.127 0.210 0.022 0.059 0.155 0.038 0.093 0.202 0.044 0.051 1    
124:  0.066 0.071 0.033 0.042 0.149 0.022 0.086 0.040 0.429 0.060 1    
125:  0.056 0.016 0.017 0.039 0.028 0.574 0.057 0.083 0.081 0.048 1    
126:  0.133 0.058 0.025 0.067 0.013 0.364 0.123 0.097 0.065 0.055 1    
127:  0.088 0.141 0.069 0.051 0.084 0.040 0.090 0.274 0.074 0.091 1    
128:  0.098 0.218 0.044 0.049 0.206 0.020 0.110 0.053 0.138 0.064 1    
129:  0.116 0.027 0.099 0.216 0.012 0.106 0.100 0.023 0.026 0.274 1    
130:  0.131 0.042 0.027 0.051 0.010 0.037 0.186 0.363 0.051 0.104 1    
131:  0.111 0.047 0.037 0.115 0.058 0.402 0.097 0.019 0.052 0.063 1    
132:  0.014 0.012 0.053 0.012 0.017 0.013 0.015 0.009 0.841 0.014 1    
133:  0.134 0.113 0.074 0.073 0.007 0.078 0.134 0.009 0.284 0.094 1    
134:  0.089 0.061 0.209 0.051 0.176 0.056 0.088 0.119 0.077 0.074 1    
135:  0.023 0.011 0.011 0.251 0.018 0.014 0.041 0.006 0.014 0.611 1    
136:  0.068 0.156 0.029 0.141 0.029 0.120 0.069 0.261 0.078 0.050 1    
137:  0.116 0.085 0.068 0.228 0.018 0.094 0.104 0.015 0.082 0.190 1    
138:  0.028 0.710 0.017 0.135 0.029 0.013 0.025 0.011 0.017 0.015 1    
139:  0.226 0.055 0.042 0.074 0.012 0.092 0.348 0.017 0.017 0.117 1    
140:  0.084 0.069 0.083 0.127 0.040 0.109 0.071 0.012 0.211 0.194 1    
141:  0.049 0.019 0.750 0.022 0.012 0.013 0.050 0.014 0.043 0.027 1    
142:  0.023 0.015 0.017 0.019 0.023 0.026 0.023 0.014 0.816 0.023 1    
143:  0.066 0.097 0.638 0.041 0.010 0.022 0.056 0.010 0.026 0.032 1    
144:  0.104 0.423 0.060 0.079 0.037 0.059 0.131 0.027 0.046 0.034 1    
145:  0.135 0.190 0.023 0.145 0.043 0.094 0.100 0.185 0.026 0.060 1    
146:  0.129 0.083 0.069 0.091 0.016 0.264 0.117 0.066 0.038 0.126 1    
147:  0.026 0.013 0.010 0.017 0.007 0.650 0.029 0.209 0.015 0.023 1    
148:  0.237 0.067 0.078 0.120 0.031 0.077 0.247 0.028 0.048 0.068 1    
149:  0.122 0.239 0.191 0.106 0.017 0.042 0.148 0.035 0.028 0.072 1    
150:  0.116 0.042 0.043 0.179 0.034 0.087 0.116 0.070 0.045 0.267 1    
151:  0.064 0.087 0.546 0.061 0.036 0.071 0.040 0.014 0.031 0.050 1    
152:  0.130 0.084 0.072 0.075 0.024 0.073 0.146 0.256 0.067 0.073 1    
153:  0.175 0.044 0.015 0.142 0.019 0.248 0.141 0.031 0.021 0.163 1    
154:  0.091 0.108 0.057 0.139 0.343 0.033 0.087 0.036 0.021 0.084 1    
155:  0.154 0.020 0.032 0.075 0.023 0.309 0.165 0.030 0.076 0.115 1    
156:  0.149 0.186 0.065 0.195 0.010 0.055 0.148 0.020 0.020 0.152 1    
157:  0.136 0.058 0.060 0.094 0.036 0.312 0.104 0.067 0.045 0.088 1    
158:  0.093 0.040 0.021 0.083 0.081 0.385 0.102 0.096 0.037 0.062 1    
159:  0.266 0.015 0.017 0.096 0.010 0.055 0.318 0.043 0.048 0.132 1    
160:  0.188 0.154 0.118 0.129 0.016 0.076 0.149 0.043 0.035 0.092 1    
161:  0.129 0.079 0.017 0.219 0.023 0.128 0.138 0.085 0.026 0.155 1    
162:  0.133 0.081 0.046 0.071 0.086 0.124 0.120 0.035 0.260 0.045 1    
163:  0.107 0.053 0.051 0.091 0.352 0.051 0.104 0.107 0.030 0.054 1    
164:  0.017 0.076 0.806 0.013 0.013 0.020 0.014 0.008 0.018 0.015 1    
165:  0.044 0.022 0.011 0.033 0.014 0.598 0.040 0.187 0.029 0.021 1    
166:  0.168 0.085 0.140 0.069 0.029 0.072 0.145 0.205 0.029 0.059 1    
167:  0.204 0.086 0.145 0.103 0.020 0.029 0.188 0.088 0.026 0.112 1    
168:  0.243 0.073 0.275 0.043 0.015 0.041 0.180 0.013 0.061 0.055 1    
169:  0.140 0.022 0.021 0.257 0.015 0.208 0.146 0.014 0.013 0.165 1    
170:  0.116 0.272 0.158 0.119 0.036 0.044 0.108 0.040 0.028 0.079 1    
171:  0.086 0.101 0.275 0.061 0.142 0.056 0.107 0.014 0.083 0.075 1    
172:  0.043 0.028 0.016 0.039 0.043 0.528 0.046 0.186 0.040 0.030 1    
173:  0.148 0.022 0.027 0.170 0.009 0.146 0.127 0.059 0.046 0.246 1    
174:  0.120 0.030 0.079 0.041 0.028 0.391 0.083 0.042 0.132 0.053 1    
175:  0.060 0.014 0.022 0.273 0.012 0.135 0.072 0.037 0.011 0.364 1    
176:  0.069 0.372 0.035 0.264 0.019 0.046 0.082 0.035 0.026 0.053 1    
177:  0.052 0.115 0.029 0.058 0.010 0.484 0.063 0.036 0.111 0.041 1    
178:  0.110 0.059 0.268 0.102 0.034 0.066 0.125 0.091 0.048 0.096 1    
179:  0.072 0.230 0.078 0.125 0.204 0.060 0.082 0.029 0.059 0.061 1    
180:  0.073 0.428 0.012 0.209 0.012 0.033 0.088 0.015 0.092 0.038 1    
181:  0.055 0.378 0.230 0.043 0.050 0.018 0.053 0.021 0.115 0.036 1    
182:  0.178 0.122 0.018 0.122 0.018 0.106 0.254 0.045 0.051 0.088 1    
183:  0.025 0.016 0.016 0.244 0.021 0.012 0.032 0.010 0.010 0.614 1    
184:  0.150 0.178 0.021 0.091 0.025 0.088 0.118 0.024 0.240 0.064 1    
185:  0.333 0.066 0.054 0.089 0.011 0.058 0.257 0.013 0.040 0.079 1    
186:  0.180 0.049 0.054 0.151 0.018 0.064 0.242 0.021 0.028 0.192 1    
187:  0.112 0.060 0.025 0.100 0.110 0.028 0.121 0.213 0.034 0.198 1    
188:  0.023 0.044 0.801 0.015 0.016 0.011 0.022 0.007 0.045 0.015 1    
189:  0.081 0.066 0.036 0.174 0.038 0.038 0.092 0.037 0.029 0.409 1    
190:  0.120 0.124 0.250 0.100 0.018 0.120 0.116 0.018 0.027 0.107 1    
191:  0.148 0.044 0.020 0.113 0.028 0.262 0.199 0.057 0.031 0.099 1    
192:  0.132 0.040 0.028 0.052 0.016 0.062 0.227 0.032 0.338 0.073 1    
193:  0.032 0.014 0.013 0.252 0.015 0.015 0.019 0.014 0.010 0.616 1    
194:  0.092 0.049 0.017 0.244 0.111 0.140 0.093 0.027 0.022 0.205 1    
195:  0.021 0.021 0.794 0.013 0.027 0.013 0.019 0.015 0.063 0.015 1    
196:  0.054 0.117 0.082 0.045 0.557 0.023 0.037 0.024 0.035 0.026 1    
197:  0.037 0.061 0.674 0.030 0.012 0.039 0.036 0.034 0.038 0.039 1    
198:  0.149 0.101 0.075 0.171 0.023 0.240 0.131 0.017 0.032 0.062 1    
199:  0.057 0.123 0.506 0.050 0.008 0.042 0.083 0.065 0.030 0.036 1    
200:  0.088 0.167 0.050 0.208 0.030 0.184 0.088 0.026 0.052 0.108 1    
201:  0.118 0.051 0.080 0.168 0.053 0.079 0.110 0.013 0.279 0.049 1    
202:  0.169 0.024 0.056 0.112 0.061 0.027 0.175 0.038 0.184 0.153 1    
203:  0.152 0.090 0.028 0.123 0.050 0.124 0.182 0.047 0.114 0.090 1    
204:  0.016 0.017 0.864 0.019 0.012 0.009 0.018 0.020 0.012 0.012 1    
205:  0.249 0.066 0.052 0.189 0.020 0.036 0.195 0.023 0.018 0.152 1    
206:  0.049 0.124 0.030 0.354 0.076 0.190 0.041 0.081 0.019 0.035 1    
207:  0.108 0.107 0.023 0.107 0.165 0.169 0.134 0.022 0.112 0.053 1    
208:  0.097 0.053 0.552 0.033 0.023 0.048 0.082 0.021 0.043 0.048 1    
209:  0.140 0.090 0.150 0.188 0.040 0.082 0.116 0.032 0.036 0.126 1    
210:  0.038 0.063 0.015 0.079 0.625 0.047 0.039 0.023 0.046 0.024 1    
211:  0.057 0.578 0.018 0.147 0.026 0.053 0.042 0.015 0.034 0.030 1    
212:  0.089 0.302 0.051 0.216 0.036 0.061 0.100 0.025 0.058 0.062 1    
213:  0.205 0.068 0.074 0.141 0.065 0.083 0.148 0.100 0.019 0.097 1    
214:  0.059 0.017 0.043 0.173 0.046 0.017 0.065 0.029 0.054 0.498 1    
215:  0.069 0.418 0.022 0.211 0.017 0.029 0.049 0.110 0.051 0.025 1    
216:  0.587 0.010 0.028 0.022 0.010 0.016 0.265 0.011 0.009 0.041 1    
217:  0.046 0.040 0.067 0.310 0.096 0.081 0.083 0.056 0.021 0.200 1    
218:  0.060 0.410 0.028 0.290 0.021 0.031 0.046 0.037 0.019 0.058 1    
219:  0.122 0.074 0.028 0.130 0.025 0.071 0.123 0.029 0.311 0.086 1    
220:  0.077 0.039 0.115 0.126 0.016 0.144 0.080 0.010 0.300 0.093 1    
221:  0.086 0.032 0.035 0.309 0.068 0.080 0.115 0.019 0.017 0.239 1    
222:  0.130 0.096 0.233 0.098 0.047 0.086 0.115 0.031 0.058 0.107 1    
223:  0.081 0.194 0.030 0.063 0.024 0.029 0.072 0.056 0.414 0.036 1    
224:  0.109 0.059 0.014 0.181 0.152 0.110 0.160 0.057 0.043 0.114 1    
225:  0.137 0.355 0.042 0.157 0.032 0.074 0.090 0.039 0.046 0.029 1    
226:  0.129 0.117 0.109 0.117 0.013 0.043 0.173 0.044 0.015 0.240 1    
227:  0.013 0.026 0.016 0.014 0.013 0.017 0.013 0.021 0.853 0.015 1    
228:  0.515 0.013 0.011 0.015 0.009 0.019 0.356 0.009 0.010 0.042 1    
229:  0.090 0.336 0.031 0.080 0.069 0.096 0.079 0.123 0.062 0.033 1    
230:  0.190 0.038 0.058 0.102 0.030 0.047 0.185 0.015 0.244 0.091 1    
231:  0.115 0.358 0.044 0.262 0.010 0.033 0.079 0.021 0.038 0.039 1    
232:  0.112 0.187 0.017 0.065 0.029 0.032 0.102 0.381 0.025 0.051 1    
233:  0.072 0.592 0.030 0.098 0.059 0.036 0.051 0.017 0.026 0.019 1    
234:  0.069 0.121 0.517 0.079 0.007 0.034 0.104 0.015 0.021 0.032 1    
235:  0.331 0.029 0.056 0.032 0.011 0.031 0.344 0.016 0.091 0.059 1    
236:  0.117 0.284 0.067 0.123 0.010 0.047 0.171 0.024 0.022 0.136 1    
237:  0.062 0.018 0.578 0.074 0.028 0.042 0.070 0.026 0.014 0.087 1    
238:  0.078 0.237 0.178 0.162 0.030 0.027 0.075 0.121 0.017 0.075 1    
239:  0.151 0.127 0.091 0.117 0.032 0.095 0.154 0.068 0.023 0.142 1    
240:  0.052 0.435 0.314 0.025 0.014 0.037 0.051 0.021 0.014 0.037 1    
241:  0.129 0.040 0.038 0.195 0.012 0.048 0.128 0.039 0.205 0.167 1    
242:  0.230 0.027 0.127 0.107 0.008 0.173 0.123 0.023 0.068 0.112 1    
243:  0.029 0.024 0.821 0.014 0.017 0.012 0.026 0.024 0.015 0.017 1    
244:  0.052 0.402 0.290 0.028 0.028 0.049 0.047 0.033 0.036 0.035 1    
245:  0.066 0.307 0.303 0.047 0.015 0.019 0.082 0.052 0.070 0.039 1    
246:  0.137 0.360 0.013 0.183 0.011 0.065 0.114 0.014 0.036 0.067 1    
247:  0.105 0.335 0.197 0.069 0.027 0.043 0.085 0.021 0.010 0.108 1    
248:  0.079 0.111 0.265 0.081 0.020 0.043 0.075 0.017 0.259 0.050 1    
249:  0.104 0.499 0.023 0.106 0.042 0.056 0.080 0.020 0.017 0.052 1    
250:  0.057 0.041 0.144 0.064 0.078 0.146 0.060 0.266 0.074 0.070 1    
251:  0.209 0.086 0.020 0.121 0.046 0.091 0.233 0.026 0.062 0.107 1    
252:  0.165 0.084 0.056 0.093 0.021 0.188 0.194 0.025 0.049 0.127 1    
253:  0.071 0.255 0.102 0.190 0.070 0.029 0.088 0.071 0.068 0.057 1    
254:  0.184 0.107 0.053 0.193 0.068 0.057 0.154 0.040 0.049 0.096 1    
255:  0.040 0.024 0.716 0.030 0.010 0.062 0.038 0.031 0.018 0.030 1    
256:  0.133 0.101 0.033 0.147 0.020 0.066 0.204 0.031 0.043 0.222 1    
257:  0.132 0.039 0.081 0.105 0.025 0.199 0.111 0.036 0.178 0.094 1    
258:  0.090 0.068 0.379 0.057 0.231 0.014 0.054 0.025 0.022 0.060 1    
259:  0.263 0.069 0.048 0.075 0.052 0.056 0.257 0.017 0.085 0.078 1    
260:  0.104 0.035 0.028 0.245 0.019 0.335 0.084 0.032 0.043 0.074 1    
261:  0.068 0.043 0.354 0.142 0.036 0.083 0.063 0.024 0.090 0.099 1    
262:  0.082 0.167 0.012 0.336 0.070 0.065 0.067 0.066 0.025 0.110 1    
263:  0.067 0.089 0.027 0.206 0.013 0.019 0.064 0.034 0.016 0.466 1    
264:  0.109 0.224 0.045 0.128 0.032 0.047 0.107 0.037 0.082 0.190 1    
265:  0.084 0.088 0.064 0.379 0.023 0.126 0.078 0.024 0.053 0.080 1    
266:  0.036 0.044 0.736 0.040 0.014 0.026 0.044 0.026 0.012 0.023 1    
267:  0.070 0.092 0.029 0.235 0.080 0.078 0.065 0.250 0.021 0.080 1    
268:  0.156 0.116 0.066 0.211 0.025 0.070 0.196 0.027 0.026 0.108 1    
269:  0.093 0.043 0.287 0.044 0.301 0.023 0.083 0.011 0.057 0.058 1    
270:  0.041 0.471 0.311 0.035 0.026 0.016 0.037 0.017 0.016 0.030 1    
271:  0.014 0.017 0.856 0.019 0.021 0.014 0.010 0.012 0.013 0.024 1    
272:  0.066 0.403 0.029 0.183 0.027 0.030 0.089 0.019 0.091 0.064 1    
273:  0.129 0.049 0.173 0.183 0.050 0.131 0.117 0.014 0.052 0.102 1    
274:  0.056 0.036 0.662 0.031 0.023 0.032 0.051 0.040 0.022 0.048 1    
275:  0.209 0.097 0.023 0.086 0.017 0.130 0.269 0.043 0.066 0.061 1    
276:  0.036 0.015 0.029 0.023 0.146 0.019 0.026 0.037 0.629 0.042 1    
277:  0.055 0.211 0.020 0.373 0.038 0.044 0.053 0.086 0.020 0.101 1    
278:  0.191 0.022 0.086 0.116 0.032 0.102 0.201 0.026 0.119 0.105 1    
279:  0.171 0.046 0.019 0.127 0.048 0.045 0.173 0.035 0.107 0.228 1    
280:  0.167 0.053 0.050 0.078 0.018 0.090 0.175 0.052 0.249 0.067 1    
281:  0.114 0.024 0.053 0.230 0.026 0.116 0.087 0.015 0.022 0.314 1    
282:  0.102 0.061 0.045 0.221 0.054 0.045 0.106 0.017 0.030 0.320 1    
283:  0.018 0.010 0.019 0.018 0.011 0.023 0.019 0.016 0.849 0.017 1    
284:  0.118 0.048 0.128 0.046 0.125 0.035 0.101 0.014 0.329 0.057 1    
285:  0.035 0.454 0.271 0.036 0.045 0.018 0.070 0.018 0.028 0.024 1    
286:  0.172 0.037 0.030 0.089 0.021 0.074 0.194 0.020 0.312 0.050 1    
287:  0.134 0.373 0.062 0.081 0.068 0.049 0.099 0.048 0.018 0.069 1    
288:  0.088 0.119 0.374 0.057 0.097 0.023 0.075 0.042 0.088 0.037 1    
289:  0.091 0.038 0.068 0.039 0.110 0.044 0.085 0.020 0.480 0.025 1    
290:  0.108 0.043 0.223 0.146 0.019 0.103 0.101 0.039 0.015 0.204 1    
291:  0.047 0.026 0.080 0.045 0.058 0.046 0.063 0.018 0.577 0.040 1    
292:  0.113 0.064 0.219 0.105 0.031 0.045 0.143 0.015 0.013 0.252 1    
293:  0.121 0.058 0.124 0.075 0.140 0.041 0.124 0.125 0.135 0.056 1    
294:  0.027 0.015 0.017 0.065 0.040 0.692 0.020 0.078 0.022 0.024 1    
295:  0.018 0.016 0.012 0.026 0.030 0.020 0.017 0.017 0.832 0.012 1    
296:  0.154 0.059 0.162 0.040 0.029 0.165 0.166 0.025 0.125 0.076 1    
297:  0.063 0.050 0.164 0.034 0.028 0.100 0.053 0.009 0.473 0.027 1    
298:  0.118 0.164 0.033 0.191 0.014 0.056 0.122 0.087 0.083 0.131 1    
299:  0.059 0.045 0.268 0.046 0.020 0.059 0.058 0.011 0.400 0.034 1    
300:  0.095 0.077 0.274 0.099 0.020 0.124 0.109 0.021 0.051 0.130 1    
301:  0.094 0.056 0.023 0.062 0.042 0.040 0.099 0.016 0.513 0.055 1    
302:  0.069 0.384 0.261 0.058 0.011 0.052 0.070 0.015 0.021 0.060 1    
303:  0.124 0.049 0.015 0.143 0.028 0.047 0.112 0.158 0.081 0.241 1    
304:  0.025 0.015 0.016 0.016 0.015 0.091 0.028 0.071 0.708 0.016 1    
305:  0.098 0.046 0.031 0.068 0.048 0.138 0.092 0.080 0.271 0.128 1    
306:  0.035 0.033 0.743 0.035 0.012 0.040 0.036 0.023 0.021 0.021 1    
307:  0.031 0.040 0.089 0.023 0.013 0.016 0.033 0.012 0.730 0.014 1    
308:  0.058 0.016 0.022 0.260 0.015 0.052 0.040 0.009 0.013 0.515 1    
309:  0.015 0.013 0.010 0.011 0.011 0.021 0.014 0.011 0.882 0.011 1    
310:  0.112 0.064 0.099 0.046 0.020 0.061 0.113 0.049 0.387 0.048 1    
311:  0.253 0.054 0.076 0.071 0.010 0.055 0.313 0.033 0.031 0.104 1    
312:  0.326 0.040 0.063 0.054 0.023 0.039 0.302 0.020 0.046 0.087 1    
313:  0.151 0.021 0.028 0.098 0.110 0.108 0.169 0.135 0.062 0.119 1    
314:  0.111 0.067 0.069 0.041 0.030 0.043 0.187 0.016 0.387 0.049 1    
315:  0.108 0.174 0.025 0.062 0.050 0.076 0.138 0.067 0.250 0.050 1    
316:  0.139 0.171 0.074 0.155 0.022 0.078 0.156 0.053 0.026 0.124 1    
317:  0.034 0.015 0.016 0.023 0.025 0.025 0.028 0.020 0.794 0.019 1    
318:  0.059 0.023 0.274 0.038 0.295 0.017 0.043 0.008 0.187 0.056 1    
319:  0.122 0.021 0.034 0.307 0.010 0.059 0.139 0.016 0.019 0.274 1    
320:  0.273 0.026 0.057 0.092 0.011 0.089 0.232 0.078 0.048 0.095 1    
321:  0.104 0.045 0.021 0.090 0.071 0.032 0.100 0.389 0.021 0.128 1    
322:  0.180 0.060 0.019 0.119 0.064 0.127 0.227 0.028 0.074 0.102 1    
323:  0.095 0.035 0.112 0.062 0.018 0.025 0.136 0.018 0.368 0.130 1    
324:  0.023 0.032 0.037 0.019 0.012 0.028 0.030 0.017 0.790 0.013 1    
325:  0.127 0.036 0.251 0.096 0.124 0.046 0.089 0.014 0.018 0.198 1    
326:  0.067 0.370 0.028 0.109 0.187 0.029 0.055 0.016 0.100 0.039 1    
327:  0.104 0.188 0.074 0.084 0.261 0.019 0.120 0.018 0.078 0.055 1    
328:  0.078 0.024 0.333 0.106 0.013 0.030 0.088 0.024 0.037 0.269 1    
329:  0.032 0.018 0.566 0.028 0.015 0.016 0.033 0.014 0.243 0.035 1    
330:  0.056 0.200 0.029 0.292 0.051 0.076 0.067 0.135 0.036 0.057 1    
331:  0.022 0.041 0.014 0.032 0.015 0.029 0.029 0.027 0.777 0.015 1    
332:  0.082 0.439 0.133 0.050 0.039 0.035 0.111 0.044 0.024 0.044 1    
333:  0.093 0.072 0.034 0.243 0.115 0.156 0.082 0.032 0.115 0.056 1    
334:  0.012 0.021 0.011 0.019 0.011 0.013 0.014 0.009 0.877 0.012 1    
335:  0.074 0.117 0.034 0.375 0.101 0.031 0.062 0.014 0.012 0.179 1    
336:  0.184 0.045 0.095 0.074 0.015 0.113 0.156 0.063 0.174 0.081 1    
337:  0.046 0.635 0.019 0.131 0.038 0.020 0.038 0.028 0.010 0.034 1    
338:  0.055 0.122 0.013 0.232 0.155 0.185 0.055 0.110 0.033 0.041 1    
339:  0.221 0.137 0.013 0.047 0.016 0.041 0.203 0.041 0.201 0.080 1    
340:  0.095 0.085 0.024 0.255 0.026 0.230 0.118 0.020 0.068 0.079 1    
341:  0.030 0.020 0.047 0.015 0.033 0.026 0.039 0.018 0.746 0.028 1    
342:  0.044 0.048 0.462 0.039 0.035 0.043 0.034 0.013 0.216 0.066 1    
343:  0.295 0.137 0.011 0.045 0.051 0.022 0.242 0.032 0.089 0.077 1    
344:  0.181 0.080 0.134 0.095 0.022 0.076 0.191 0.030 0.113 0.078 1    
345:  0.115 0.023 0.043 0.136 0.086 0.086 0.130 0.031 0.090 0.260 1    
346:  0.162 0.194 0.052 0.244 0.015 0.073 0.120 0.056 0.012 0.073 1    
347:  0.082 0.167 0.015 0.297 0.066 0.145 0.083 0.036 0.027 0.083 1    
348:  0.162 0.046 0.075 0.183 0.025 0.191 0.117 0.029 0.038 0.134 1    
349:  0.104 0.048 0.017 0.148 0.024 0.120 0.116 0.028 0.282 0.112 1    
350:  0.115 0.063 0.340 0.042 0.023 0.069 0.128 0.034 0.094 0.091 1    
351:  0.269 0.071 0.038 0.048 0.013 0.070 0.250 0.027 0.157 0.058 1    
352:  0.095 0.511 0.068 0.067 0.040 0.034 0.095 0.017 0.030 0.043 1    
                                   
                                   
1:    0.074 0.535 0.070 0.021 0.029 0.081 0.047 0.020 0.072 0.050 1    
2:    0.051 0.120 0.075 0.060 0.055 0.249 0.055 0.040 0.266 0.029 1    
3:    0.158 0.153 0.135 0.055 0.076 0.131 0.050 0.028 0.159 0.054 1    
4:    0.725 0.031 0.017 0.020 0.025 0.029 0.035 0.018 0.033 0.068 1    
5:    0.020 0.069 0.504 0.027 0.083 0.075 0.048 0.033 0.072 0.069 1    
6:    0.034 0.037 0.270 0.201 0.037 0.112 0.075 0.069 0.098 0.067 1    
7:    0.184 0.129 0.192 0.028 0.020 0.114 0.035 0.048 0.101 0.149 1    
8:    0.097 0.089 0.055 0.014 0.080 0.251 0.102 0.023 0.209 0.080 1    
9:    0.040 0.130 0.034 0.052 0.249 0.078 0.245 0.037 0.088 0.048 1    
10:   0.022 0.062 0.438 0.054 0.040 0.158 0.026 0.037 0.138 0.025 1    
11:   0.339 0.047 0.026 0.027 0.035 0.035 0.015 0.422 0.030 0.024 1    
12:   0.013 0.034 0.056 0.025 0.110 0.190 0.048 0.103 0.205 0.216 1    
13:   0.252 0.376 0.021 0.012 0.138 0.060 0.053 0.016 0.054 0.019 1    
14:   0.014 0.014 0.480 0.083 0.025 0.108 0.109 0.034 0.116 0.016 1    
15:   0.026 0.218 0.017 0.016 0.045 0.068 0.090 0.023 0.073 0.424 1    
16:   0.039 0.652 0.031 0.024 0.023 0.053 0.065 0.029 0.059 0.025 1    
17:   0.016 0.111 0.085 0.012 0.197 0.259 0.048 0.025 0.212 0.034 1    
18:   0.328 0.134 0.021 0.026 0.104 0.109 0.065 0.024 0.138 0.052 1    
19:   0.064 0.157 0.056 0.035 0.198 0.122 0.171 0.027 0.126 0.044 1    
20:   0.089 0.644 0.018 0.030 0.030 0.039 0.084 0.019 0.032 0.014 1    
21:   0.136 0.181 0.033 0.061 0.101 0.094 0.231 0.033 0.119 0.011 1    
22:   0.009 0.010 0.008 0.009 0.010 0.008 0.007 0.008 0.008 0.922 1    
23:   0.126 0.039 0.654 0.014 0.018 0.030 0.016 0.031 0.049 0.022 1    
24:   0.108 0.615 0.037 0.023 0.020 0.055 0.024 0.060 0.043 0.015 1    
25:   0.065 0.070 0.167 0.024 0.066 0.259 0.043 0.046 0.219 0.042 1    
26:   0.040 0.047 0.034 0.017 0.030 0.147 0.431 0.024 0.145 0.085 1    
27:   0.568 0.036 0.225 0.011 0.010 0.037 0.017 0.038 0.049 0.009 1    
28:   0.036 0.018 0.571 0.021 0.094 0.066 0.047 0.013 0.070 0.066 1    
29:   0.012 0.014 0.517 0.028 0.023 0.086 0.177 0.020 0.079 0.044 1    
30:   0.550 0.093 0.035 0.011 0.026 0.078 0.039 0.024 0.124 0.020 1    
31:   0.038 0.093 0.030 0.020 0.037 0.302 0.090 0.076 0.289 0.025 1    
32:   0.016 0.072 0.362 0.011 0.052 0.207 0.019 0.051 0.192 0.017 1    
33:   0.460 0.087 0.048 0.016 0.056 0.106 0.020 0.093 0.108 0.007 1    
34:   0.182 0.236 0.131 0.020 0.045 0.116 0.057 0.040 0.117 0.056 1    
35:   0.566 0.048 0.013 0.011 0.157 0.019 0.143 0.013 0.015 0.014 1    
36:   0.168 0.283 0.037 0.020 0.095 0.161 0.035 0.034 0.156 0.012 1    
37:   0.109 0.377 0.049 0.035 0.038 0.067 0.033 0.058 0.078 0.157 1    
38:   0.336 0.134 0.154 0.025 0.049 0.064 0.076 0.017 0.063 0.083 1    
39:   0.074 0.049 0.162 0.022 0.017 0.087 0.044 0.040 0.078 0.427 1    
40:   0.063 0.258 0.087 0.082 0.023 0.141 0.085 0.028 0.100 0.133 1    
41:   0.050 0.106 0.014 0.077 0.319 0.078 0.092 0.040 0.092 0.132 1    
42:   0.021 0.056 0.169 0.040 0.040 0.164 0.110 0.170 0.215 0.015 1    
43:   0.885 0.016 0.012 0.012 0.010 0.017 0.011 0.012 0.013 0.012 1    
44:   0.014 0.034 0.226 0.014 0.089 0.245 0.024 0.018 0.307 0.029 1    
45:   0.031 0.070 0.013 0.020 0.089 0.037 0.046 0.046 0.035 0.614 1    
46:   0.445 0.048 0.140 0.040 0.023 0.085 0.034 0.071 0.098 0.017 1    
47:   0.540 0.076 0.017 0.066 0.068 0.065 0.048 0.027 0.069 0.023 1    
48:   0.498 0.033 0.054 0.028 0.062 0.084 0.062 0.025 0.118 0.036 1    
49:   0.017 0.050 0.011 0.023 0.028 0.020 0.027 0.034 0.023 0.768 1    
50:   0.014 0.016 0.017 0.014 0.018 0.023 0.020 0.024 0.022 0.831 1    
51:   0.029 0.280 0.026 0.023 0.042 0.117 0.312 0.024 0.116 0.032 1    
52:   0.241 0.230 0.023 0.020 0.056 0.169 0.023 0.055 0.166 0.018 1    
53:   0.625 0.017 0.018 0.121 0.021 0.037 0.015 0.012 0.039 0.096 1    
54:   0.038 0.052 0.059 0.043 0.034 0.052 0.023 0.598 0.072 0.031 1    
55:   0.069 0.068 0.324 0.033 0.035 0.167 0.019 0.017 0.219 0.048 1    
56:   0.837 0.038 0.014 0.020 0.011 0.016 0.014 0.021 0.015 0.014 1    
57:   0.033 0.013 0.024 0.015 0.018 0.016 0.013 0.013 0.014 0.841 1    
58:   0.089 0.191 0.155 0.048 0.025 0.170 0.044 0.109 0.137 0.032 1    
59:   0.846 0.018 0.017 0.014 0.023 0.015 0.023 0.007 0.017 0.019 1    
60:   0.017 0.419 0.080 0.042 0.044 0.048 0.037 0.150 0.060 0.103 1    
61:   0.033 0.244 0.101 0.020 0.026 0.121 0.052 0.018 0.121 0.262 1    
62:   0.058 0.020 0.034 0.015 0.016 0.021 0.015 0.024 0.016 0.782 1    
63:   0.880 0.014 0.013 0.011 0.013 0.013 0.020 0.011 0.015 0.010 1    
64:   0.047 0.018 0.018 0.016 0.016 0.018 0.014 0.020 0.028 0.807 1    
65:   0.029 0.040 0.072 0.018 0.092 0.214 0.081 0.024 0.268 0.163 1    
66:   0.588 0.258 0.013 0.014 0.020 0.017 0.020 0.018 0.028 0.022 1    
67:   0.032 0.021 0.063 0.047 0.165 0.136 0.045 0.200 0.096 0.194 1    
68:   0.707 0.158 0.014 0.013 0.013 0.022 0.019 0.016 0.016 0.020 1    
69:   0.012 0.106 0.064 0.041 0.133 0.202 0.170 0.084 0.149 0.040 1    
70:   0.012 0.017 0.032 0.021 0.016 0.022 0.018 0.041 0.019 0.802 1    
71:   0.097 0.053 0.114 0.156 0.062 0.125 0.145 0.025 0.134 0.089 1    
72:   0.271 0.045 0.161 0.026 0.032 0.146 0.046 0.040 0.168 0.064 1    
73:   0.012 0.188 0.016 0.056 0.027 0.080 0.031 0.506 0.065 0.020 1    
74:   0.469 0.036 0.029 0.011 0.189 0.026 0.186 0.012 0.023 0.018 1    
75:   0.116 0.199 0.027 0.084 0.150 0.081 0.150 0.054 0.097 0.043 1    
76:   0.074 0.103 0.015 0.059 0.186 0.119 0.182 0.076 0.164 0.023 1    
77:   0.014 0.034 0.614 0.013 0.039 0.092 0.038 0.021 0.069 0.067 1    
78:   0.091 0.217 0.212 0.050 0.027 0.134 0.031 0.027 0.148 0.063 1    
79:   0.033 0.029 0.019 0.042 0.020 0.032 0.032 0.027 0.028 0.737 1    
80:   0.012 0.018 0.029 0.027 0.119 0.042 0.676 0.010 0.056 0.012 1    
81:   0.077 0.463 0.026 0.013 0.099 0.102 0.069 0.021 0.091 0.040 1    
82:   0.023 0.039 0.191 0.021 0.030 0.105 0.029 0.010 0.120 0.432 1    
83:   0.035 0.079 0.015 0.025 0.037 0.032 0.017 0.047 0.033 0.680 1    
84:   0.101 0.490 0.019 0.025 0.054 0.097 0.098 0.017 0.077 0.024 1    
85:   0.047 0.076 0.040 0.021 0.029 0.038 0.016 0.014 0.026 0.693 1    
86:   0.137 0.064 0.105 0.059 0.116 0.116 0.111 0.050 0.128 0.115 1    
87:   0.869 0.018 0.011 0.014 0.023 0.018 0.014 0.007 0.016 0.010 1    
88:   0.060 0.071 0.103 0.061 0.065 0.083 0.075 0.040 0.091 0.351 1    
89:   0.932 0.008 0.006 0.007 0.008 0.009 0.008 0.006 0.007 0.009 1    
90:   0.045 0.091 0.144 0.183 0.041 0.181 0.087 0.034 0.179 0.014 1    
91:   0.120 0.057 0.035 0.077 0.094 0.093 0.283 0.032 0.124 0.086 1    
92:   0.226 0.034 0.044 0.020 0.298 0.061 0.191 0.018 0.086 0.023 1    
93:   0.071 0.036 0.106 0.034 0.311 0.118 0.138 0.026 0.108 0.052 1    
94:   0.158 0.634 0.027 0.010 0.012 0.043 0.022 0.027 0.038 0.029 1    
95:   0.025 0.138 0.108 0.418 0.045 0.058 0.070 0.024 0.069 0.046 1    
96:   0.339 0.018 0.017 0.017 0.297 0.026 0.225 0.010 0.034 0.016 1    
97:   0.009 0.012 0.011 0.009 0.010 0.009 0.010 0.015 0.010 0.905 1    
98:   0.300 0.550 0.011 0.015 0.029 0.030 0.018 0.015 0.023 0.008 1    
99:   0.036 0.032 0.018 0.035 0.026 0.040 0.060 0.014 0.041 0.697 1    
100:  0.011 0.016 0.009 0.009 0.009 0.009 0.008 0.012 0.011 0.907 1    
101:  0.048 0.034 0.806 0.008 0.013 0.024 0.016 0.018 0.021 0.013 1    
102:  0.022 0.031 0.026 0.012 0.046 0.054 0.185 0.008 0.072 0.545 1    
103:  0.065 0.321 0.060 0.015 0.048 0.131 0.045 0.139 0.140 0.036 1    
104:  0.017 0.033 0.031 0.102 0.031 0.156 0.350 0.017 0.213 0.049 1    
105:  0.024 0.016 0.039 0.820 0.015 0.023 0.012 0.020 0.019 0.012 1    
106:  0.085 0.103 0.019 0.108 0.116 0.180 0.046 0.152 0.175 0.015 1    
107:  0.156 0.047 0.071 0.154 0.135 0.132 0.135 0.060 0.092 0.017 1    
108:  0.012 0.022 0.028 0.400 0.082 0.083 0.134 0.132 0.066 0.042 1    
109:  0.012 0.018 0.876 0.012 0.011 0.015 0.011 0.008 0.017 0.020 1    
110:  0.012 0.076 0.017 0.023 0.219 0.085 0.379 0.084 0.095 0.010 1    
111:  0.017 0.080 0.100 0.046 0.059 0.223 0.070 0.099 0.288 0.018 1    
112:  0.016 0.019 0.128 0.304 0.068 0.166 0.036 0.056 0.165 0.042 1    
113:  0.047 0.037 0.023 0.046 0.391 0.101 0.166 0.032 0.105 0.052 1    
114:  0.015 0.019 0.017 0.174 0.022 0.074 0.030 0.547 0.052 0.050 1    
115:  0.049 0.256 0.030 0.103 0.067 0.068 0.169 0.054 0.073 0.130 1    
116:  0.011 0.040 0.033 0.078 0.072 0.088 0.448 0.079 0.119 0.032 1    
117:  0.099 0.090 0.103 0.141 0.045 0.166 0.068 0.077 0.129 0.081 1    
118:  0.057 0.028 0.022 0.017 0.026 0.043 0.032 0.709 0.043 0.023 1    
119:  0.014 0.032 0.020 0.164 0.041 0.052 0.034 0.508 0.054 0.080 1    
120:  0.017 0.018 0.720 0.089 0.019 0.029 0.023 0.021 0.048 0.016 1    
121:  0.066 0.152 0.063 0.019 0.044 0.093 0.079 0.324 0.103 0.058 1    
122:  0.031 0.059 0.098 0.029 0.164 0.097 0.044 0.356 0.110 0.011 1    
123:  0.231 0.030 0.022 0.029 0.231 0.099 0.119 0.028 0.109 0.103 1    
124:  0.043 0.072 0.028 0.126 0.071 0.119 0.042 0.247 0.112 0.141 1    
125:  0.077 0.586 0.021 0.021 0.015 0.060 0.054 0.083 0.056 0.027 1    
126:  0.084 0.362 0.033 0.024 0.071 0.173 0.055 0.063 0.123 0.012 1    
127:  0.298 0.045 0.059 0.141 0.115 0.071 0.074 0.061 0.075 0.063 1    
128:  0.045 0.033 0.032 0.113 0.226 0.091 0.081 0.115 0.105 0.158 1    
129:  0.028 0.101 0.138 0.074 0.061 0.085 0.348 0.024 0.127 0.014 1    
130:  0.361 0.039 0.024 0.033 0.028 0.192 0.068 0.039 0.203 0.013 1    
131:  0.019 0.457 0.087 0.047 0.056 0.096 0.055 0.045 0.090 0.048 1    
132:  0.007 0.010 0.019 0.054 0.012 0.014 0.009 0.847 0.015 0.012 1    
133:  0.007 0.057 0.027 0.033 0.187 0.089 0.277 0.204 0.111 0.008 1    
134:  0.131 0.030 0.098 0.300 0.059 0.059 0.026 0.063 0.077 0.156 1    
135:  0.007 0.011 0.891 0.011 0.011 0.013 0.013 0.012 0.015 0.016 1    
136:  0.302 0.135 0.028 0.031 0.118 0.076 0.122 0.100 0.059 0.028 1    
137:  0.018 0.078 0.139 0.102 0.135 0.075 0.246 0.076 0.112 0.019 1    
138:  0.013 0.029 0.015 0.015 0.649 0.026 0.186 0.017 0.023 0.027 1    
139:  0.014 0.163 0.034 0.050 0.040 0.309 0.037 0.022 0.318 0.014 1    
140:  0.013 0.150 0.103 0.172 0.053 0.087 0.090 0.161 0.109 0.063 1    
141:  0.013 0.013 0.025 0.721 0.020 0.070 0.037 0.039 0.049 0.013 1    
142:  0.014 0.023 0.019 0.017 0.017 0.019 0.017 0.832 0.022 0.021 1    
143:  0.013 0.017 0.035 0.434 0.132 0.072 0.172 0.047 0.069 0.010 1    
144:  0.030 0.103 0.043 0.042 0.405 0.117 0.051 0.050 0.118 0.041 1    
145:  0.188 0.109 0.043 0.017 0.185 0.133 0.117 0.022 0.141 0.046 1    
146:  0.064 0.315 0.115 0.052 0.070 0.132 0.077 0.037 0.123 0.017 1    
147:  0.198 0.595 0.060 0.011 0.011 0.053 0.019 0.015 0.027 0.010 1    
148:  0.022 0.070 0.049 0.054 0.082 0.244 0.159 0.051 0.233 0.036 1    
149:  0.037 0.049 0.022 0.166 0.187 0.143 0.236 0.027 0.117 0.016 1    
150:  0.050 0.039 0.534 0.040 0.036 0.092 0.039 0.037 0.104 0.029 1    
151:  0.012 0.086 0.058 0.250 0.130 0.038 0.313 0.044 0.037 0.032 1    
152:  0.249 0.122 0.033 0.043 0.125 0.141 0.071 0.065 0.126 0.025 1    
153:  0.035 0.203 0.106 0.016 0.071 0.105 0.289 0.039 0.120 0.016 1    
154:  0.031 0.021 0.066 0.057 0.106 0.071 0.217 0.020 0.076 0.334 1    
155:  0.029 0.267 0.095 0.038 0.027 0.206 0.043 0.088 0.183 0.024 1    
156:  0.018 0.074 0.140 0.024 0.240 0.102 0.303 0.015 0.074 0.010 1    
157:  0.065 0.271 0.114 0.043 0.083 0.096 0.098 0.061 0.119 0.049 1    
158:  0.104 0.390 0.033 0.022 0.041 0.106 0.086 0.042 0.106 0.069 1    
159:  0.025 0.063 0.043 0.035 0.015 0.445 0.039 0.031 0.293 0.011 1    
160:  0.029 0.129 0.032 0.053 0.127 0.282 0.056 0.032 0.238 0.021 1    
161:  0.082 0.040 0.207 0.014 0.112 0.140 0.191 0.023 0.170 0.022 1    
162:  0.036 0.145 0.043 0.036 0.066 0.158 0.031 0.259 0.163 0.062 1    
163:  0.137 0.036 0.037 0.075 0.051 0.068 0.148 0.027 0.067 0.352 1    
164:  0.009 0.063 0.013 0.475 0.120 0.025 0.221 0.040 0.023 0.011 1    
165:  0.213 0.583 0.023 0.009 0.022 0.037 0.019 0.031 0.045 0.017 1    
166:  0.191 0.061 0.047 0.244 0.094 0.143 0.055 0.023 0.116 0.027 1    
167:  0.076 0.056 0.075 0.172 0.087 0.176 0.091 0.021 0.226 0.020 1    
168:  0.012 0.037 0.037 0.165 0.087 0.300 0.046 0.048 0.252 0.017 1    
169:  0.014 0.126 0.052 0.015 0.088 0.103 0.474 0.011 0.106 0.011 1    
170:  0.057 0.035 0.035 0.165 0.265 0.088 0.208 0.028 0.091 0.029 1    
171:  0.012 0.066 0.059 0.175 0.104 0.128 0.120 0.085 0.120 0.130 1    
172:  0.187 0.561 0.039 0.017 0.024 0.035 0.023 0.037 0.041 0.036 1    
173:  0.032 0.057 0.478 0.021 0.022 0.148 0.045 0.045 0.143 0.009 1    
174:  0.030 0.397 0.026 0.056 0.034 0.092 0.061 0.198 0.074 0.032 1    
175:  0.031 0.020 0.532 0.020 0.019 0.064 0.185 0.010 0.107 0.011 1    
176:  0.037 0.027 0.020 0.043 0.416 0.042 0.327 0.022 0.046 0.020 1    
177:  0.030 0.531 0.025 0.016 0.104 0.063 0.037 0.100 0.084 0.010 1    
178:  0.074 0.052 0.071 0.322 0.051 0.126 0.085 0.060 0.119 0.040 1    
179:  0.031 0.065 0.054 0.067 0.208 0.069 0.132 0.074 0.072 0.229 1    
180:  0.012 0.020 0.025 0.015 0.488 0.051 0.248 0.089 0.040 0.010 1    
181:  0.016 0.083 0.033 0.187 0.360 0.059 0.084 0.072 0.059 0.048 1    
182:  0.037 0.090 0.090 0.018 0.172 0.217 0.097 0.052 0.208 0.018 1    
183:  0.009 0.011 0.890 0.013 0.012 0.012 0.010 0.010 0.013 0.020 1    
184:  0.027 0.086 0.060 0.021 0.243 0.121 0.089 0.183 0.147 0.023 1    
185:  0.016 0.094 0.022 0.056 0.102 0.330 0.075 0.051 0.244 0.010 1    
186:  0.017 0.073 0.326 0.060 0.055 0.213 0.046 0.016 0.176 0.016 1    
187:  0.200 0.050 0.155 0.021 0.054 0.126 0.081 0.031 0.152 0.130 1    
188:  0.008 0.022 0.010 0.782 0.041 0.023 0.020 0.052 0.024 0.017 1    
189:  0.050 0.047 0.590 0.048 0.050 0.065 0.035 0.023 0.065 0.027 1    
190:  0.014 0.118 0.094 0.194 0.136 0.104 0.226 0.026 0.067 0.022 1    
191:  0.056 0.251 0.064 0.023 0.039 0.176 0.125 0.032 0.193 0.041 1    
192:  0.016 0.038 0.047 0.043 0.052 0.162 0.046 0.422 0.157 0.015 1    
193:  0.015 0.014 0.867 0.010 0.013 0.015 0.020 0.011 0.019 0.016 1    
194:  0.019 0.095 0.350 0.013 0.055 0.093 0.097 0.022 0.093 0.164 1    
195:  0.012 0.016 0.017 0.767 0.017 0.022 0.016 0.093 0.013 0.026 1    
196:  0.024 0.026 0.020 0.102 0.137 0.047 0.045 0.029 0.049 0.519 1    
197:  0.030 0.047 0.034 0.681 0.038 0.054 0.031 0.032 0.042 0.010 1    
198:  0.019 0.262 0.028 0.080 0.084 0.207 0.051 0.022 0.225 0.023 1    
199:  0.057 0.051 0.034 0.489 0.073 0.072 0.106 0.034 0.074 0.010 1    
200:  0.033 0.214 0.021 0.092 0.165 0.126 0.158 0.034 0.121 0.036 1    
201:  0.014 0.061 0.036 0.061 0.078 0.142 0.210 0.205 0.142 0.053 1    
202:  0.040 0.035 0.061 0.071 0.035 0.155 0.199 0.186 0.157 0.061 1    
