1:    0.180 0.143 0.105 0.382 0.189 1    
2:    0.317 0.106 0.228 0.166 0.183 1    
3:    0.222 0.231 0.103 0.265 0.179 1    
4:    0.045 0.090 0.039 0.771 0.055 1    
5:    0.233 0.478 0.074 0.093 0.122 1    
6:    0.293 0.211 0.146 0.111 0.239 1    
7:    0.187 0.335 0.075 0.290 0.112 1    
8:    0.373 0.226 0.062 0.270 0.069 1    
9:    0.157 0.292 0.176 0.230 0.145 1    
10:   0.501 0.176 0.125 0.083 0.115 1    
11:   0.093 0.102 0.404 0.352 0.049 1    
12:   0.274 0.422 0.212 0.041 0.050 1    
13:   0.062 0.075 0.040 0.784 0.040 1    
14:   0.441 0.133 0.094 0.041 0.291 1    
15:   0.153 0.449 0.165 0.139 0.094 1    
16:   0.228 0.120 0.229 0.172 0.251 1    
17:   0.447 0.195 0.156 0.156 0.046 1    
18:   0.104 0.096 0.053 0.694 0.053 1    
19:   0.175 0.180 0.142 0.382 0.121 1    
20:   0.104 0.054 0.079 0.464 0.300 1    
21:   0.130 0.066 0.151 0.369 0.283 1    
22:   0.023 0.907 0.022 0.027 0.022 1    
23:   0.346 0.083 0.056 0.456 0.058 1    
24:   0.140 0.049 0.201 0.499 0.111 1    
25:   0.436 0.208 0.126 0.148 0.083 1    
26:   0.434 0.202 0.134 0.092 0.137 1    
27:   0.106 0.035 0.076 0.755 0.028 1    
28:   0.481 0.326 0.044 0.069 0.079 1    
29:   0.639 0.158 0.063 0.055 0.085 1    
30:   0.150 0.060 0.043 0.716 0.030 1    
31:   0.393 0.084 0.288 0.178 0.058 1    
32:   0.687 0.101 0.103 0.068 0.041 1    
33:   0.129 0.025 0.329 0.480 0.036 1    
34:   0.161 0.112 0.116 0.546 0.064 1    
35:   0.035 0.054 0.031 0.852 0.028 1    
36:   0.138 0.048 0.108 0.620 0.086 1    
37:   0.109 0.176 0.183 0.490 0.043 1    
38:   0.097 0.094 0.030 0.735 0.043 1    
39:   0.192 0.454 0.120 0.171 0.063 1    
40:   0.183 0.220 0.073 0.202 0.322 1    
41:   0.097 0.388 0.203 0.188 0.124 1    
42:   0.354 0.067 0.444 0.070 0.064 1    
43:   0.045 0.035 0.033 0.855 0.031 1    
44:   0.726 0.133 0.051 0.051 0.039 1    
45:   0.051 0.660 0.100 0.159 0.030 1    
46:   0.218 0.086 0.196 0.446 0.054 1    
47:   0.087 0.100 0.087 0.623 0.102 1    
48:   0.256 0.149 0.070 0.440 0.086 1    
49:   0.054 0.742 0.087 0.054 0.062 1    
50:   0.046 0.830 0.047 0.043 0.034 1    
51:   0.237 0.142 0.157 0.194 0.269 1    
52:   0.193 0.045 0.199 0.494 0.069 1    
53:   0.079 0.115 0.036 0.611 0.158 1    
54:   0.097 0.097 0.624 0.123 0.060 1    
55:   0.573 0.146 0.053 0.157 0.071 1    
56:   0.034 0.035 0.038 0.859 0.033 1    
57:   0.056 0.815 0.036 0.057 0.036 1    
58:   0.284 0.121 0.204 0.276 0.115 1    
59:   0.034 0.046 0.019 0.851 0.049 1    
60:   0.115 0.265 0.404 0.131 0.086 1    
61:   0.333 0.262 0.110 0.209 0.086 1    
62:   0.045 0.802 0.041 0.074 0.037 1    
63:   0.035 0.023 0.028 0.878 0.036 1    
64:   0.086 0.670 0.055 0.143 0.045 1    
65:   0.503 0.294 0.056 0.075 0.073 1    
66:   0.030 0.037 0.041 0.865 0.028 1    
67:   0.138 0.372 0.311 0.066 0.114 1    
68:   0.034 0.033 0.040 0.870 0.023 1    
69:   0.332 0.238 0.314 0.047 0.070 1    
70:   0.056 0.781 0.082 0.044 0.038 1    
71:   0.167 0.296 0.079 0.167 0.292 1    
72:   0.345 0.184 0.141 0.280 0.049 1    
73:   0.094 0.042 0.659 0.076 0.130 1    
74:   0.042 0.064 0.029 0.839 0.025 1    
75:   0.142 0.168 0.152 0.416 0.122 1    
76:   0.133 0.085 0.235 0.171 0.377 1    
77:   0.473 0.288 0.047 0.049 0.143 1    
78:   0.378 0.151 0.074 0.286 0.111 1    
79:   0.059 0.704 0.066 0.061 0.110 1    
80:   0.421 0.067 0.035 0.039 0.438 1    
81:   0.091 0.137 0.077 0.656 0.039 1    
82:   0.402 0.417 0.032 0.077 0.072 1    
83:   0.064 0.629 0.108 0.162 0.038 1    
84:   0.248 0.056 0.081 0.406 0.209 1    
85:   0.072 0.670 0.034 0.193 0.032 1    
86:   0.231 0.276 0.154 0.233 0.106 1    
87:   0.037 0.025 0.020 0.888 0.030 1    
88:   0.146 0.495 0.091 0.140 0.127 1    
89:   0.023 0.030 0.019 0.907 0.021 1    
90:   0.285 0.058 0.115 0.154 0.388 1    
91:   0.200 0.252 0.143 0.235 0.170 1    
92:   0.133 0.154 0.047 0.625 0.041 1    
93:   0.243 0.248 0.113 0.260 0.135 1    
94:   0.073 0.061 0.149 0.685 0.032 1    
95:   0.144 0.187 0.086 0.114 0.469 1    
96:   0.076 0.121 0.045 0.699 0.059 1    
97:   0.031 0.877 0.039 0.026 0.028 1    
98:   0.061 0.033 0.059 0.791 0.056 1    
99:   0.072 0.744 0.048 0.057 0.080 1    
100:  0.030 0.828 0.044 0.072 0.026 1    
101:  0.565 0.054 0.050 0.294 0.037 1    
102:  0.117 0.747 0.022 0.041 0.072 1    
103:  0.133 0.093 0.428 0.308 0.039 1    
104:  0.441 0.135 0.080 0.064 0.281 1    
105:  0.090 0.076 0.171 0.055 0.608 1    
106:  0.198 0.058 0.430 0.171 0.143 1    
107:  0.157 0.079 0.202 0.203 0.358 1    
108:  0.094 0.107 0.321 0.042 0.436 1    
109:  0.454 0.222 0.025 0.068 0.231 1    
110:  0.136 0.029 0.535 0.036 0.264 1    
111:  0.503 0.097 0.187 0.066 0.147 1    
112:  0.350 0.227 0.161 0.034 0.228 1    
113:  0.143 0.379 0.117 0.287 0.075 1    
114:  0.066 0.151 0.647 0.033 0.103 1    
115:  0.112 0.226 0.132 0.156 0.374 1    
116:  0.197 0.097 0.340 0.036 0.330 1    
117:  0.152 0.194 0.157 0.187 0.310 1    
118:  0.090 0.072 0.666 0.113 0.058 1    
119:  0.064 0.172 0.606 0.045 0.113 1    
120:  0.301 0.183 0.076 0.048 0.391 1    
121:  0.185 0.112 0.414 0.227 0.063 1    
122:  0.194 0.081 0.545 0.063 0.118 1    
123:  0.138 0.413 0.046 0.360 0.043 1    
124:  0.089 0.247 0.476 0.068 0.120 1    
125:  0.092 0.058 0.312 0.472 0.067 1    
126:  0.184 0.040 0.243 0.429 0.103 1    
127:  0.123 0.252 0.178 0.327 0.120 1    
128:  0.112 0.517 0.216 0.066 0.089 1    
129:  0.203 0.057 0.060 0.071 0.608 1    
130:  0.289 0.046 0.230 0.321 0.113 1    
131:  0.295 0.183 0.170 0.206 0.146 1    
132:  0.043 0.054 0.782 0.021 0.100 1    
133:  0.108 0.020 0.620 0.027 0.225 1    
134:  0.154 0.358 0.184 0.147 0.157 1    
135:  0.453 0.239 0.046 0.023 0.238 1    
136:  0.077 0.084 0.160 0.601 0.077 1    
137:  0.220 0.065 0.146 0.047 0.523 1    
138:  0.119 0.664 0.080 0.079 0.058 1    
139:  0.573 0.049 0.088 0.070 0.219 1    
140:  0.158 0.136 0.249 0.038 0.419 1    
141:  0.078 0.034 0.110 0.027 0.752 1    
142:  0.045 0.051 0.808 0.042 0.055 1    
143:  0.158 0.040 0.176 0.031 0.595 1    
144:  0.263 0.353 0.100 0.106 0.179 1    
145:  0.132 0.187 0.057 0.579 0.045 1    
146:  0.205 0.066 0.153 0.197 0.379 1    
147:  0.089 0.028 0.101 0.750 0.032 1    
148:  0.343 0.098 0.268 0.117 0.174 1    
149:  0.176 0.070 0.145 0.111 0.497 1    
150:  0.329 0.143 0.148 0.247 0.133 1    
151:  0.104 0.067 0.102 0.046 0.682 1    
152:  0.137 0.071 0.142 0.519 0.131 1    
153:  0.458 0.066 0.179 0.172 0.125 1    
154:  0.151 0.603 0.061 0.080 0.105 1    
155:  0.275 0.058 0.310 0.261 0.096 1    
156:  0.461 0.074 0.050 0.072 0.343 1    
157:  0.192 0.087 0.119 0.398 0.204 1    
158:  0.153 0.169 0.151 0.467 0.060 1    
159:  0.703 0.027 0.107 0.082 0.081 1    
160:  0.339 0.104 0.083 0.079 0.395 1    
161:  0.525 0.055 0.065 0.298 0.057 1    
162:  0.224 0.191 0.300 0.161 0.123 1    
163:  0.128 0.529 0.054 0.188 0.101 1    
164:  0.040 0.029 0.110 0.020 0.802 1    
165:  0.063 0.046 0.134 0.723 0.034 1    
166:  0.171 0.094 0.063 0.424 0.248 1    
167:  0.269 0.082 0.050 0.123 0.475 1    
168:  0.430 0.064 0.130 0.042 0.333 1    
169:  0.651 0.048 0.068 0.071 0.163 1    
170:  0.217 0.246 0.104 0.118 0.315 1    
171:  0.157 0.191 0.205 0.039 0.408 1    
172:  0.071 0.093 0.124 0.674 0.038 1    
173:  0.558 0.033 0.148 0.186 0.074 1    
174:  0.143 0.071 0.447 0.193 0.146 1    
175:  0.610 0.041 0.038 0.156 0.156 1    
176:  0.201 0.344 0.150 0.179 0.126 1    
177:  0.128 0.047 0.438 0.164 0.224 1    
178:  0.189 0.144 0.155 0.129 0.383 1    
179:  0.087 0.563 0.114 0.085 0.150 1    
180:  0.170 0.192 0.492 0.093 0.053 1    
181:  0.104 0.311 0.181 0.038 0.365 1    
182:  0.375 0.093 0.307 0.156 0.069 1    
183:  0.432 0.269 0.033 0.029 0.236 1    
184:  0.188 0.108 0.517 0.079 0.108 1    
185:  0.335 0.042 0.317 0.059 0.247 1    
186:  0.439 0.068 0.099 0.074 0.320 1    
187:  0.208 0.399 0.083 0.221 0.089 1    
188:  0.061 0.041 0.122 0.020 0.756 1    
189:  0.383 0.310 0.074 0.095 0.138 1    
190:  0.197 0.076 0.108 0.059 0.560 1    
191:  0.199 0.070 0.233 0.385 0.113 1    
192:  0.194 0.056 0.608 0.069 0.073 1    
193:  0.406 0.268 0.030 0.048 0.249 1    
194:  0.304 0.419 0.053 0.156 0.070 1    
195:  0.071 0.057 0.191 0.032 0.650 1    
196:  0.061 0.708 0.081 0.074 0.076 1    
197:  0.087 0.035 0.114 0.067 0.696 1    
198:  0.274 0.145 0.134 0.167 0.279 1    
199:  0.086 0.028 0.089 0.081 0.715 1    
200:  0.149 0.173 0.210 0.196 0.272 1    
201:  0.219 0.154 0.387 0.056 0.184 1    
202:  0.240 0.209 0.264 0.075 0.213 1    
203:  0.157 0.109 0.420 0.212 0.102 1    
204:  0.058 0.048 0.067 0.036 0.791 1    
205:  0.358 0.067 0.055 0.056 0.464 1    
206:  0.091 0.314 0.048 0.469 0.077 1    
207:  0.132 0.242 0.486 0.091 0.048 1    
208:  0.155 0.068 0.155 0.056 0.566 1    
209:  0.115 0.105 0.119 0.116 0.545 1    
210:  0.054 0.719 0.078 0.122 0.026 1    
211:  0.220 0.502 0.119 0.111 0.048 1    
212:  0.159 0.263 0.333 0.144 0.102 1    
213:  0.296 0.165 0.057 0.190 0.292 1    
214:  0.300 0.319 0.105 0.059 0.218 1    
215:  0.109 0.181 0.240 0.380 0.090 1    
216:  0.882 0.025 0.026 0.027 0.040 1    
217:  0.125 0.306 0.052 0.115 0.403 1    
218:  0.174 0.303 0.110 0.155 0.258 1    
219:  0.107 0.080 0.701 0.067 0.045 1    
220:  0.123 0.045 0.454 0.035 0.343 1    
221:  0.279 0.345 0.053 0.077 0.246 1    
222:  0.179 0.213 0.222 0.099 0.287 1    
223:  0.145 0.132 0.559 0.103 0.061 1    
224:  0.202 0.278 0.241 0.237 0.042 1    
225:  0.169 0.288 0.103 0.265 0.175 1    
226:  0.304 0.076 0.055 0.071 0.495 1    
227:  0.034 0.041 0.823 0.062 0.040 1    
228:  0.893 0.028 0.023 0.029 0.027 1    
229:  0.101 0.383 0.105 0.335 0.076 1    
230:  0.204 0.057 0.522 0.040 0.176 1    
231:  0.238 0.135 0.284 0.120 0.223 1    
232:  0.209 0.160 0.092 0.482 0.058 1    
233:  0.166 0.616 0.105 0.066 0.047 1    
234:  0.104 0.036 0.088 0.048 0.724 1    
235:  0.620 0.029 0.188 0.047 0.116 1    
236:  0.319 0.085 0.108 0.080 0.409 1    
237:  0.176 0.085 0.041 0.065 0.632 1    
238:  0.171 0.175 0.060 0.246 0.348 1    
239:  0.202 0.104 0.066 0.205 0.424 1    
240:  0.124 0.095 0.044 0.061 0.676 1    
241:  0.166 0.038 0.548 0.062 0.186 1    
242:  0.357 0.032 0.129 0.084 0.397 1    
243:  0.096 0.078 0.117 0.063 0.646 1    
244:  0.089 0.118 0.159 0.108 0.525 1    
245:  0.129 0.084 0.233 0.071 0.483 1    
246:  0.481 0.134 0.252 0.068 0.065 1    
247:  0.297 0.132 0.036 0.061 0.473 1    
248:  0.082 0.075 0.282 0.039 0.521 1    
249:  0.204 0.511 0.057 0.109 0.119 1    
250:  0.090 0.106 0.167 0.481 0.155 1    
251:  0.408 0.159 0.227 0.120 0.086 1    
252:  0.290 0.064 0.204 0.118 0.324 1    
253:  0.159 0.307 0.153 0.246 0.136 1    
254:  0.306 0.206 0.158 0.175 0.155 1    
255:  0.058 0.027 0.052 0.070 0.794 1    
256:  0.346 0.200 0.178 0.089 0.186 1    
257:  0.174 0.071 0.361 0.083 0.312 1    
258:  0.113 0.324 0.043 0.040 0.481 1    
259:  0.267 0.125 0.408 0.066 0.134 1    
260:  0.258 0.167 0.172 0.299 0.104 1    
261:  0.089 0.093 0.156 0.054 0.608 1    
262:  0.247 0.316 0.061 0.305 0.070 1    
263:  0.311 0.133 0.057 0.068 0.431 1    
264:  0.226 0.170 0.222 0.093 0.289 1    
265:  0.149 0.119 0.167 0.145 0.419 1    
266:  0.069 0.042 0.037 0.058 0.793 1    
267:  0.114 0.235 0.049 0.512 0.090 1    
268:  0.305 0.157 0.058 0.107 0.373 1    
269:  0.164 0.437 0.137 0.029 0.233 1    
270:  0.076 0.177 0.041 0.032 0.673 1    
271:  0.043 0.063 0.066 0.033 0.795 1    
272:  0.225 0.322 0.256 0.072 0.124 1    
273:  0.260 0.104 0.075 0.056 0.507 1    
274:  0.109 0.061 0.087 0.083 0.660 1    
275:  0.515 0.093 0.159 0.120 0.113 1    
276:  0.068 0.208 0.590 0.061 0.073 1    
277:  0.217 0.256 0.042 0.384 0.101 1    
278:  0.339 0.114 0.236 0.106 0.205 1    
279:  0.312 0.236 0.233 0.100 0.119 1    
280:  0.195 0.060 0.460 0.138 0.147 1    
281:  0.557 0.113 0.058 0.068 0.204 1    
282:  0.260 0.260 0.071 0.064 0.345 1    
283:  0.042 0.026 0.853 0.032 0.048 1    
284:  0.123 0.182 0.470 0.031 0.195 1    
285:  0.123 0.255 0.089 0.054 0.480 1    
286:  0.282 0.042 0.590 0.044 0.042 1    
287:  0.233 0.280 0.041 0.170 0.276 1    
288:  0.146 0.233 0.250 0.074 0.297 1    
289:  0.087 0.322 0.451 0.050 0.091 1    
290:  0.380 0.074 0.066 0.086 0.395 1    
291:  0.120 0.135 0.561 0.047 0.137 1    
292:  0.237 0.132 0.046 0.038 0.547 1    
293:  0.124 0.249 0.373 0.127 0.128 1    
294:  0.087 0.085 0.150 0.559 0.120 1    
295:  0.064 0.071 0.785 0.044 0.037 1    
296:  0.190 0.063 0.378 0.095 0.274 1    
297:  0.064 0.077 0.613 0.035 0.211 1    
298:  0.195 0.114 0.307 0.229 0.155 1    
299:  0.077 0.058 0.621 0.031 0.212 1    
300:  0.110 0.069 0.087 0.058 0.677 1    
301:  0.143 0.129 0.605 0.055 0.067 1    
302:  0.078 0.060 0.071 0.057 0.735 1    
303:  0.309 0.206 0.206 0.231 0.049 1    
304:  0.047 0.030 0.809 0.084 0.030 1    
305:  0.153 0.126 0.421 0.169 0.131 1    
306:  0.091 0.047 0.058 0.068 0.736 1    
307:  0.063 0.036 0.728 0.026 0.148 1    
308:  0.420 0.137 0.055 0.052 0.336 1    
309:  0.045 0.038 0.855 0.036 0.027 1    
310:  0.117 0.069 0.623 0.086 0.105 1    
311:  0.474 0.061 0.115 0.089 0.260 1    
312:  0.478 0.097 0.232 0.062 0.132 1    
313:  0.236 0.166 0.173 0.316 0.108 1    
314:  0.111 0.080 0.630 0.036 0.143 1    
315:  0.156 0.246 0.374 0.158 0.067 1    
316:  0.248 0.100 0.122 0.186 0.344 1    
317:  0.086 0.056 0.753 0.061 0.044 1    
318:  0.083 0.419 0.217 0.023 0.257 1    
319:  0.491 0.057 0.058 0.059 0.335 1    
320:  0.424 0.035 0.163 0.106 0.272 1    
321:  0.187 0.250 0.039 0.420 0.104 1    
322:  0.404 0.206 0.202 0.115 0.074 1    
323:  0.161 0.109 0.542 0.034 0.153 1    
324:  0.052 0.045 0.790 0.044 0.070 1    
325:  0.247 0.272 0.055 0.042 0.384 1    
326:  0.109 0.568 0.194 0.066 0.064 1    
327:  0.101 0.641 0.147 0.040 0.071 1    
328:  0.166 0.096 0.116 0.057 0.564 1    
329:  0.058 0.057 0.357 0.029 0.499 1    
330:  0.085 0.218 0.106 0.454 0.137 1    
331:  0.045 0.053 0.791 0.070 0.042 1    
332:  0.190 0.252 0.090 0.121 0.347 1    
333:  0.175 0.348 0.226 0.173 0.079 1    
334:  0.037 0.051 0.835 0.033 0.044 1    
335:  0.184 0.464 0.036 0.047 0.268 1    
336:  0.225 0.072 0.324 0.164 0.215 1    
337:  0.165 0.645 0.032 0.102 0.055 1    
338:  0.064 0.275 0.075 0.546 0.040 1    
339:  0.259 0.049 0.560 0.082 0.050 1    
340:  0.223 0.169 0.278 0.236 0.094 1    
341:  0.038 0.061 0.778 0.040 0.083 1    
342:  0.079 0.136 0.274 0.043 0.467 1    
343:  0.466 0.183 0.267 0.052 0.031 1    
344:  0.213 0.087 0.376 0.084 0.239 1    
345:  0.309 0.213 0.157 0.058 0.262 1    
346:  0.389 0.144 0.040 0.256 0.171 1    
347:  0.146 0.325 0.128 0.333 0.069 1    
348:  0.289 0.120 0.119 0.178 0.295 1    
349:  0.316 0.109 0.393 0.133 0.050 1    
350:  0.193 0.078 0.233 0.081 0.415 1    
351:  0.397 0.041 0.287 0.100 0.175 1    
352:  0.143 0.380 0.095 0.074 0.309 1    
                    
                    
1:    0.179 0.172 0.104 0.427 0.118 1    
2:    0.196 0.348 0.161 0.201 0.094 1    
3:    0.192 0.225 0.120 0.228 0.234 1    
4:    0.063 0.051 0.037 0.762 0.088 1    
5:    0.122 0.210 0.080 0.104 0.484 1    
6:    0.234 0.297 0.131 0.134 0.204 1    
7:    0.166 0.191 0.080 0.308 0.255 1    
8:    0.070 0.365 0.074 0.204 0.286 1    
9:    0.175 0.173 0.147 0.239 0.266 1    
10:   0.126 0.421 0.123 0.137 0.194 1    
11:   0.051 0.068 0.423 0.351 0.107 1    
12:   0.054 0.342 0.172 0.044 0.387 1    
13:   0.041 0.081 0.043 0.738 0.098 1    
14:   0.337 0.383 0.093 0.042 0.146 1    
15:   0.103 0.181 0.144 0.181 0.390 1    
16:   0.239 0.270 0.225 0.172 0.094 1    
17:   0.063 0.443 0.131 0.126 0.237 1    
18:   0.061 0.102 0.056 0.670 0.111 1    
19:   0.132 0.169 0.149 0.336 0.214 1    
20:   0.268 0.103 0.086 0.499 0.044 1    
21:   0.287 0.124 0.147 0.376 0.066 1    
22:   0.026 0.027 0.024 0.032 0.891 1    
23:   0.066 0.200 0.052 0.602 0.079 1    
24:   0.103 0.125 0.193 0.523 0.056 1    
25:   0.112 0.400 0.118 0.166 0.205 1    
26:   0.190 0.486 0.082 0.108 0.135 1    
27:   0.031 0.080 0.072 0.786 0.031 1    
28:   0.111 0.391 0.044 0.099 0.355 1    
29:   0.146 0.538 0.090 0.089 0.137 1    
30:   0.027 0.122 0.037 0.767 0.047 1    
31:   0.070 0.420 0.246 0.193 0.071 1    
32:   0.040 0.642 0.111 0.108 0.099 1    
33:   0.036 0.122 0.315 0.499 0.029 1    
34:   0.073 0.146 0.087 0.579 0.115 1    
35:   0.028 0.037 0.031 0.839 0.065 1    
36:   0.094 0.153 0.095 0.601 0.057 1    
37:   0.051 0.134 0.163 0.517 0.135 1    
38:   0.047 0.084 0.029 0.753 0.088 1    
39:   0.070 0.243 0.123 0.218 0.346 1    
40:   0.392 0.166 0.064 0.214 0.163 1    
41:   0.107 0.100 0.151 0.184 0.458 1    
42:   0.076 0.379 0.397 0.082 0.066 1    
43:   0.035 0.042 0.040 0.843 0.041 1    
44:   0.037 0.681 0.048 0.067 0.167 1    
45:   0.032 0.057 0.079 0.101 0.730 1    
46:   0.057 0.187 0.203 0.465 0.088 1    
47:   0.107 0.091 0.093 0.576 0.133 1    
48:   0.119 0.204 0.083 0.451 0.143 1    
49:   0.067 0.056 0.083 0.062 0.732 1    
50:   0.040 0.073 0.056 0.048 0.783 1    
51:   0.297 0.254 0.131 0.208 0.110 1    
52:   0.067 0.181 0.115 0.578 0.059 1    
53:   0.131 0.081 0.043 0.600 0.145 1    
54:   0.056 0.092 0.622 0.126 0.104 1    
55:   0.091 0.482 0.057 0.209 0.162 1    
56:   0.041 0.029 0.033 0.865 0.032 1    
57:   0.045 0.057 0.046 0.056 0.797 1    
58:   0.163 0.249 0.197 0.304 0.087 1    
59:   0.054 0.041 0.023 0.824 0.057 1    
60:   0.104 0.135 0.330 0.126 0.305 1    
61:   0.093 0.368 0.077 0.252 0.210 1    
62:   0.038 0.045 0.043 0.075 0.798 1    
63:   0.037 0.035 0.028 0.870 0.030 1    
64:   0.055 0.073 0.061 0.157 0.653 1    
65:   0.102 0.417 0.060 0.100 0.321 1    
66:   0.033 0.034 0.031 0.862 0.040 1    
67:   0.093 0.136 0.334 0.070 0.368 1    
68:   0.029 0.033 0.027 0.880 0.032 1    
69:   0.062 0.469 0.220 0.045 0.204 1    
70:   0.043 0.066 0.100 0.052 0.739 1    
71:   0.331 0.170 0.096 0.148 0.255 1    
72:   0.066 0.289 0.153 0.329 0.162 1    
73:   0.114 0.140 0.623 0.087 0.036 1    
74:   0.029 0.043 0.031 0.838 0.058 1    
75:   0.119 0.189 0.119 0.442 0.131 1    
76:   0.369 0.133 0.259 0.149 0.090 1    
77:   0.177 0.486 0.057 0.065 0.214 1    
78:   0.116 0.328 0.061 0.362 0.133 1    
79:   0.134 0.094 0.088 0.082 0.602 1    
80:   0.542 0.306 0.043 0.042 0.067 1    
81:   0.055 0.121 0.088 0.507 0.230 1    
82:   0.083 0.430 0.034 0.104 0.348 1    
83:   0.035 0.059 0.083 0.124 0.700 1    
84:   0.195 0.225 0.068 0.450 0.062 1    
85:   0.050 0.090 0.036 0.232 0.592 1    
86:   0.094 0.227 0.149 0.226 0.305 1    
87:   0.034 0.030 0.024 0.878 0.034 1    
88:   0.146 0.166 0.095 0.152 0.441 1    
89:   0.025 0.021 0.021 0.903 0.031 1    
90:   0.421 0.222 0.126 0.184 0.047 1    
91:   0.229 0.164 0.123 0.278 0.206 1    
92:   0.052 0.134 0.057 0.598 0.160 1    
93:   0.121 0.261 0.107 0.230 0.281 1    
94:   0.033 0.080 0.110 0.715 0.062 1    
95:   0.506 0.119 0.086 0.110 0.180 1    
96:   0.063 0.063 0.048 0.678 0.147 1    
97:   0.028 0.032 0.054 0.030 0.855 1    
98:   0.058 0.046 0.041 0.821 0.034 1    
99:   0.105 0.100 0.057 0.069 0.669 1    
100:  0.031 0.036 0.043 0.097 0.793 1    
101:  0.044 0.388 0.051 0.446 0.071 1    
102:  0.104 0.124 0.024 0.052 0.696 1    
103:  0.048 0.144 0.371 0.301 0.137 1    
104:  0.313 0.433 0.079 0.049 0.126 1    
105:  0.604 0.074 0.155 0.061 0.107 1    
106:  0.125 0.188 0.431 0.192 0.063 1    
107:  0.362 0.144 0.241 0.188 0.065 1    
108:  0.375 0.101 0.354 0.032 0.138 1    
109:  0.230 0.522 0.033 0.080 0.135 1    
110:  0.205 0.172 0.543 0.045 0.035 1    
111:  0.146 0.478 0.196 0.076 0.104 1    
112:  0.182 0.309 0.211 0.039 0.259 1    
113:  0.071 0.116 0.111 0.151 0.550 1    
114:  0.092 0.076 0.692 0.032 0.108 1    
115:  0.379 0.128 0.157 0.171 0.165 1    
116:  0.353 0.211 0.309 0.038 0.089 1    
117:  0.339 0.144 0.191 0.174 0.152 1    
118:  0.051 0.069 0.684 0.124 0.072 1    
119:  0.114 0.074 0.616 0.039 0.157 1    
120:  0.376 0.303 0.093 0.056 0.172 1    
121:  0.064 0.158 0.418 0.256 0.104 1    
122:  0.117 0.202 0.533 0.071 0.077 1    
123:  0.044 0.131 0.060 0.350 0.415 1    
124:  0.106 0.095 0.501 0.061 0.237 1    
125:  0.061 0.101 0.280 0.489 0.069 1    
126:  0.111 0.134 0.234 0.481 0.041 1    
127:  0.166 0.090 0.188 0.316 0.239 1    
128:  0.072 0.101 0.207 0.069 0.552 1    
129:  0.628 0.189 0.073 0.056 0.054 1    
130:  0.104 0.299 0.220 0.324 0.053 1    
131:  0.210 0.254 0.169 0.183 0.185 1    
132:  0.074 0.060 0.793 0.023 0.050 1    
133:  0.150 0.116 0.686 0.026 0.023 1    
134:  0.161 0.128 0.226 0.157 0.328 1    
135:  0.210 0.551 0.053 0.025 0.161 1    
136:  0.091 0.060 0.169 0.588 0.092 1    
137:  0.544 0.188 0.170 0.043 0.055 1    
138:  0.044 0.073 0.070 0.048 0.765 1    
139:  0.240 0.533 0.109 0.071 0.047 1    
140:  0.395 0.143 0.315 0.037 0.110 1    
141:  0.684 0.105 0.150 0.026 0.036 1    
142:  0.049 0.049 0.808 0.046 0.048 1    
143:  0.506 0.218 0.194 0.032 0.050 1    
144:  0.151 0.220 0.104 0.104 0.422 1    
145:  0.054 0.133 0.067 0.518 0.227 1    
146:  0.330 0.265 0.132 0.215 0.058 1    
147:  0.032 0.075 0.049 0.813 0.030 1    
148:  0.181 0.386 0.220 0.096 0.117 1    
149:  0.485 0.180 0.146 0.126 0.062 1    
150:  0.154 0.289 0.150 0.267 0.140 1    
151:  0.652 0.114 0.127 0.050 0.057 1    
152:  0.149 0.130 0.171 0.468 0.083 1    
153:  0.127 0.427 0.144 0.237 0.065 1    
154:  0.135 0.139 0.061 0.091 0.573 1    
155:  0.124 0.305 0.232 0.283 0.057 1    
156:  0.327 0.414 0.084 0.096 0.078 1    
157:  0.201 0.170 0.113 0.421 0.095 1    
158:  0.068 0.144 0.113 0.500 0.174 1    
159:  0.107 0.632 0.125 0.105 0.031 1    
160:  0.395 0.333 0.081 0.081 0.110 1    
161:  0.074 0.358 0.090 0.405 0.073 1    
162:  0.091 0.249 0.312 0.146 0.202 1    
163:  0.132 0.140 0.068 0.237 0.424 1    
164:  0.736 0.054 0.152 0.026 0.033 1    
165:  0.033 0.076 0.074 0.772 0.045 1    
166:  0.252 0.158 0.067 0.406 0.118 1    
167:  0.427 0.301 0.064 0.100 0.106 1    
168:  0.202 0.553 0.133 0.046 0.065 1    
169:  0.167 0.612 0.071 0.101 0.050 1    
170:  0.318 0.177 0.122 0.143 0.240 1    
171:  0.369 0.162 0.230 0.043 0.196 1    
172:  0.041 0.078 0.080 0.690 0.111 1    
173:  0.105 0.454 0.142 0.260 0.039 1    
174:  0.145 0.195 0.371 0.213 0.076 1    
175:  0.206 0.473 0.041 0.238 0.042 1    
176:  0.134 0.173 0.138 0.161 0.394 1    
177:  0.214 0.142 0.428 0.168 0.049 1    
178:  0.429 0.164 0.162 0.115 0.130 1    
179:  0.154 0.078 0.108 0.072 0.588 1    
180:  0.054 0.173 0.452 0.074 0.246 1    
181:  0.338 0.099 0.187 0.039 0.337 1    
182:  0.069 0.417 0.236 0.182 0.096 1    
183:  0.207 0.543 0.038 0.028 0.185 1    
184:  0.084 0.157 0.561 0.075 0.124 1    
185:  0.202 0.417 0.277 0.060 0.044 1    
186:  0.333 0.434 0.086 0.079 0.068 1    
187:  0.122 0.217 0.123 0.203 0.335 1    
188:  0.693 0.092 0.147 0.022 0.047 1    
189:  0.168 0.374 0.071 0.103 0.285 1    
190:  0.564 0.162 0.125 0.059 0.089 1    
191:  0.124 0.243 0.171 0.385 0.076 1    
192:  0.069 0.225 0.547 0.092 0.068 1    
193:  0.281 0.464 0.034 0.053 0.168 1    
194:  0.088 0.305 0.056 0.170 0.381 1    
195:  0.594 0.090 0.218 0.034 0.063 1    
196:  0.070 0.049 0.062 0.058 0.761 1    
197:  0.661 0.102 0.125 0.069 0.043 1    
198:  0.301 0.274 0.128 0.102 0.196 1    
199:  0.693 0.094 0.093 0.085 0.035 1    
200:  0.253 0.164 0.215 0.136 0.232 1    
201:  0.178 0.187 0.398 0.047 0.190 1    
202:  0.218 0.271 0.286 0.089 0.136 1    
203:  0.100 0.189 0.377 0.233 0.102 1    
204:  0.778 0.063 0.071 0.034 0.053 1    
205:  0.548 0.305 0.052 0.053 0.042 1    
206:  0.102 0.083 0.047 0.418 0.349 1    
207:  0.057 0.162 0.376 0.091 0.314 1    
208:  0.491 0.187 0.189 0.064 0.068 1    
209:  0.562 0.141 0.118 0.097 0.083 1    
210:  0.030 0.046 0.062 0.076 0.786 1    
211:  0.042 0.171 0.130 0.098 0.559 1    
212:  0.113 0.131 0.298 0.130 0.329 1    
213:  0.311 0.247 0.064 0.219 0.159 1    
214:  0.199 0.335 0.136 0.067 0.263 1    
215:  0.085 0.125 0.216 0.309 0.265 1    
216:  0.044 0.876 0.027 0.027 0.026 1    
217:  0.484 0.120 0.053 0.083 0.259 1    
218:  0.271 0.206 0.087 0.099 0.336 1    
219:  0.055 0.144 0.620 0.070 0.111 1    
220:  0.336 0.129 0.448 0.035 0.052 1    
221:  0.317 0.278 0.071 0.094 0.239 1    
222:  0.315 0.154 0.216 0.121 0.194 1    
223:  0.073 0.095 0.565 0.097 0.170 1    
224:  0.060 0.274 0.150 0.259 0.258 1    
225:  0.141 0.194 0.096 0.194 0.375 1    
226:  0.582 0.212 0.061 0.078 0.067 1    
227:  0.041 0.036 0.816 0.060 0.048 1    
228:  0.029 0.884 0.023 0.036 0.028 1    
229:  0.075 0.105 0.113 0.316 0.391 1    
230:  0.199 0.277 0.417 0.038 0.070 1    
231:  0.223 0.276 0.253 0.107 0.142 1    
232:  0.069 0.202 0.076 0.475 0.178 1    
233:  0.051 0.143 0.077 0.056 0.674 1    
234:  0.648 0.150 0.116 0.050 0.037 1    
235:  0.113 0.636 0.175 0.042 0.034 1    
236:  0.340 0.382 0.117 0.074 0.088 1    
237:  0.662 0.166 0.048 0.067 0.058 1    
238:  0.385 0.163 0.070 0.197 0.185 1    
239:  0.410 0.230 0.076 0.191 0.093 1    
240:  0.624 0.151 0.072 0.068 0.086 1    
241:  0.177 0.151 0.575 0.060 0.037 1    
242:  0.331 0.438 0.112 0.093 0.027 1    
243:  0.634 0.077 0.132 0.062 0.095 1    
244:  0.466 0.106 0.182 0.112 0.134 1    
245:  0.415 0.149 0.280 0.070 0.086 1    
246:  0.062 0.465 0.255 0.070 0.147 1    
247:  0.448 0.315 0.043 0.070 0.125 1    
248:  0.469 0.093 0.331 0.040 0.067 1    
249:  0.109 0.204 0.059 0.098 0.530 1    
250:  0.196 0.081 0.149 0.439 0.136 1    
251:  0.089 0.391 0.196 0.117 0.208 1    
252:  0.394 0.276 0.162 0.100 0.068 1    
253:  0.106 0.120 0.151 0.149 0.474 1    
254:  0.171 0.311 0.153 0.109 0.255 1    
255:  0.769 0.073 0.061 0.071 0.027 1    
256:  0.194 0.371 0.156 0.087 0.192 1    
257:  0.291 0.143 0.430 0.082 0.055 1    
258:  0.494 0.094 0.052 0.041 0.319 1    
259:  0.132 0.278 0.353 0.077 0.160 1    
260:  0.128 0.268 0.171 0.231 0.202 1    
261:  0.603 0.087 0.178 0.053 0.079 1    
262:  0.102 0.183 0.069 0.276 0.369 1    
263:  0.454 0.295 0.077 0.068 0.106 1    
264:  0.283 0.230 0.227 0.091 0.168 1    
265:  0.421 0.149 0.169 0.135 0.126 1    
266:  0.781 0.067 0.049 0.058 0.044 1    
267:  0.103 0.101 0.050 0.456 0.290 1    
268:  0.394 0.310 0.068 0.076 0.152 1    
269:  0.257 0.165 0.141 0.037 0.400 1    
270:  0.630 0.105 0.066 0.031 0.167 1    
271:  0.758 0.049 0.082 0.042 0.070 1    
272:  0.142 0.155 0.301 0.057 0.345 1    
273:  0.556 0.213 0.093 0.061 0.077 1    
274:  0.628 0.110 0.114 0.087 0.062 1    
275:  0.107 0.448 0.210 0.102 0.132 1    
276:  0.048 0.066 0.618 0.063 0.206 1    
277:  0.152 0.165 0.050 0.303 0.330 1    
278:  0.207 0.350 0.228 0.092 0.123 1    
279:  0.145 0.310 0.273 0.096 0.176 1    
280:  0.169 0.187 0.437 0.139 0.068 1    
281:  0.222 0.488 0.064 0.104 0.123 1    
282:  0.400 0.249 0.079 0.063 0.209 1    
283:  0.040 0.046 0.841 0.043 0.030 1    
284:  0.176 0.150 0.488 0.035 0.152 1    
285:  0.388 0.176 0.108 0.056 0.272 1    
286:  0.036 0.260 0.586 0.048 0.070 1    
287:  0.315 0.186 0.049 0.147 0.304 1    
288:  0.259 0.137 0.260 0.081 0.264 1    
289:  0.093 0.121 0.436 0.060 0.290 1    
290:  0.414 0.315 0.082 0.118 0.072 1    
291:  0.126 0.112 0.586 0.052 0.123 1    
292:  0.566 0.239 0.047 0.049 0.099 1    
293:  0.131 0.144 0.363 0.121 0.240 1    
294:  0.137 0.079 0.126 0.571 0.087 1    
295:  0.039 0.054 0.776 0.057 0.074 1    
296:  0.244 0.215 0.364 0.097 0.080 1    
297:  0.200 0.082 0.617 0.043 0.058 1    
298:  0.163 0.172 0.350 0.214 0.100 1    
299:  0.200 0.081 0.618 0.039 0.062 1    
300:  0.618 0.138 0.115 0.068 0.060 1    
301:  0.081 0.141 0.582 0.058 0.140 1    
302:  0.665 0.120 0.096 0.054 0.065 1    
303:  0.078 0.280 0.221 0.209 0.212 1    
304:  0.030 0.067 0.727 0.137 0.040 1    
305:  0.138 0.149 0.409 0.172 0.132 1    
306:  0.712 0.094 0.082 0.068 0.043 1    
307:  0.093 0.061 0.766 0.035 0.046 1    
308:  0.331 0.487 0.056 0.049 0.076 1    
309:  0.030 0.073 0.821 0.038 0.038 1    
310:  0.097 0.119 0.631 0.086 0.066 1    
311:  0.218 0.486 0.126 0.098 0.072 1    
312:  0.128 0.511 0.192 0.066 0.103 1    
313:  0.117 0.263 0.157 0.350 0.112 1    
314:  0.114 0.163 0.597 0.041 0.086 1    
315:  0.065 0.122 0.391 0.145 0.277 1    
316:  0.383 0.206 0.149 0.137 0.126 1    
317:  0.051 0.100 0.742 0.056 0.052 1    
318:  0.262 0.077 0.260 0.024 0.377 1    
319:  0.394 0.431 0.054 0.069 0.053 1    
320:  0.214 0.456 0.166 0.127 0.036 1    
321:  0.124 0.217 0.052 0.345 0.263 1    
322:  0.087 0.404 0.207 0.145 0.156 1    
323:  0.133 0.166 0.561 0.044 0.096 1    
324:  0.054 0.055 0.790 0.052 0.050 1    
325:  0.436 0.195 0.063 0.053 0.253 1    
326:  0.063 0.073 0.193 0.058 0.612 1    
327:  0.085 0.106 0.131 0.041 0.637 1    
328:  0.528 0.216 0.135 0.061 0.059 1    
329:  0.409 0.082 0.404 0.029 0.075 1    
330:  0.174 0.106 0.104 0.368 0.247 1    
331:  0.038 0.047 0.796 0.070 0.049 1    
332:  0.343 0.154 0.104 0.128 0.271 1    
333:  0.094 0.149 0.210 0.102 0.445 1    
334:  0.038 0.057 0.810 0.034 0.060 1    
335:  0.364 0.152 0.041 0.042 0.402 1    
336:  0.198 0.222 0.313 0.183 0.083 1    
337:  0.047 0.093 0.026 0.095 0.740 1    
338:  0.049 0.068 0.088 0.372 0.423 1    
339:  0.055 0.224 0.574 0.083 0.064 1    
340:  0.113 0.232 0.252 0.159 0.244 1    
341:  0.077 0.050 0.751 0.048 0.075 1    
342:  0.447 0.082 0.284 0.045 0.142 1    
343:  0.034 0.471 0.265 0.053 0.176 1    
344:  0.216 0.225 0.378 0.097 0.084 1    
345:  0.237 0.325 0.226 0.078 0.134 1    
346:  0.192 0.393 0.046 0.165 0.204 1    
347:  0.081 0.170 0.105 0.224 0.420 1    
348:  0.272 0.306 0.125 0.133 0.163 1    
349:  0.056 0.282 0.412 0.101 0.149 1    
350:  0.372 0.181 0.245 0.094 0.108 1    
351:  0.173 0.359 0.293 0.134 0.041 1    
352:  0.259 0.164 0.113 0.078 0.386 1    
                    
                    
1:    0.126 0.148 0.514 0.152 0.060 1    
2:    0.062 0.358 0.250 0.184 0.145 1    
3:    0.213 0.271 0.210 0.214 0.092 1    
4:    0.092 0.035 0.806 0.044 0.023 1    
5:    0.423 0.297 0.068 0.167 0.045 1    
6:    0.221 0.304 0.083 0.298 0.094 1    
7:    0.297 0.174 0.298 0.177 0.054 1    
8:    0.302 0.388 0.196 0.059 0.055 1    
9:    0.278 0.177 0.218 0.173 0.154 1    
10:   0.127 0.476 0.167 0.124 0.106 1    
11:   0.106 0.052 0.383 0.036 0.423 1    
12:   0.370 0.273 0.040 0.068 0.248 1    
13:   0.094 0.069 0.775 0.028 0.033 1    
14:   0.099 0.413 0.023 0.315 0.151 1    
15:   0.422 0.161 0.159 0.075 0.183 1    
16:   0.083 0.315 0.263 0.156 0.182 1    
17:   0.197 0.504 0.168 0.044 0.087 1    
18:   0.100 0.094 0.730 0.041 0.036 1    
19:   0.209 0.164 0.403 0.124 0.100 1    
20:   0.041 0.072 0.655 0.179 0.053 1    
21:   0.065 0.137 0.428 0.229 0.141 1    
22:   0.934 0.018 0.018 0.015 0.015 1    
23:   0.056 0.232 0.625 0.048 0.038 1    
24:   0.041 0.096 0.709 0.063 0.090 1    
25:   0.186 0.460 0.182 0.066 0.106 1    
26:   0.238 0.533 0.071 0.067 0.090 1    
27:   0.025 0.062 0.860 0.018 0.035 1    
28:   0.333 0.463 0.076 0.094 0.034 1    
29:   0.148 0.648 0.058 0.076 0.070 1    
30:   0.039 0.075 0.842 0.019 0.025 1    
31:   0.055 0.494 0.160 0.055 0.236 1    
32:   0.069 0.638 0.204 0.026 0.064 1    
33:   0.021 0.110 0.505 0.025 0.339 1    
34:   0.105 0.148 0.615 0.053 0.080 1    
35:   0.057 0.025 0.884 0.018 0.017 1    
36:   0.037 0.172 0.627 0.070 0.095 1    
37:   0.101 0.065 0.697 0.035 0.101 1    
38:   0.100 0.068 0.782 0.029 0.021 1    
39:   0.391 0.242 0.207 0.051 0.110 1    
40:   0.178 0.180 0.208 0.393 0.041 1    
41:   0.476 0.065 0.137 0.123 0.199 1    
42:   0.051 0.425 0.062 0.051 0.412 1    
43:   0.025 0.050 0.877 0.025 0.024 1    
44:   0.120 0.738 0.083 0.033 0.027 1    
45:   0.814 0.030 0.087 0.024 0.045 1    
46:   0.049 0.152 0.613 0.056 0.130 1    
47:   0.162 0.084 0.566 0.107 0.081 1    
48:   0.132 0.258 0.425 0.108 0.078 1    
49:   0.799 0.046 0.044 0.053 0.058 1    
50:   0.851 0.046 0.032 0.031 0.040 1    
51:   0.101 0.301 0.286 0.212 0.100 1    
52:   0.032 0.105 0.741 0.033 0.089 1    
53:   0.137 0.057 0.656 0.124 0.026 1    
54:   0.082 0.064 0.104 0.048 0.703 1    
55:   0.128 0.512 0.232 0.093 0.035 1    
56:   0.019 0.020 0.920 0.022 0.020 1    
57:   0.852 0.037 0.045 0.038 0.028 1    
58:   0.074 0.282 0.348 0.149 0.146 1    
59:   0.052 0.030 0.866 0.036 0.016 1    
60:   0.277 0.121 0.185 0.128 0.290 1    
61:   0.169 0.385 0.328 0.058 0.059 1    
62:   0.874 0.033 0.043 0.021 0.029 1    
63:   0.024 0.027 0.904 0.026 0.020 1    
64:   0.715 0.059 0.142 0.041 0.043 1    
65:   0.283 0.550 0.062 0.057 0.048 1    
66:   0.026 0.018 0.918 0.018 0.020 1    
67:   0.315 0.125 0.047 0.094 0.420 1    
68:   0.021 0.019 0.928 0.015 0.017 1    
69:   0.212 0.481 0.031 0.045 0.230 1    
70:   0.774 0.051 0.041 0.026 0.108 1    
71:   0.297 0.212 0.105 0.322 0.063 1    
72:   0.129 0.326 0.361 0.052 0.132 1    
73:   0.026 0.108 0.084 0.106 0.676 1    
74:   0.068 0.035 0.852 0.026 0.020 1    
75:   0.160 0.144 0.465 0.124 0.107 1    
76:   0.090 0.125 0.156 0.346 0.283 1    
77:   0.226 0.500 0.034 0.196 0.044 1    
78:   0.122 0.317 0.437 0.085 0.040 1    
79:   0.700 0.065 0.050 0.117 0.068 1    
80:   0.155 0.473 0.023 0.311 0.037 1    
81:   0.225 0.073 0.619 0.041 0.042 1    
82:   0.368 0.439 0.125 0.050 0.019 1    
83:   0.724 0.041 0.138 0.030 0.068 1    
84:   0.062 0.215 0.570 0.097 0.056 1    
85:   0.622 0.056 0.253 0.048 0.020 1    
86:   0.320 0.227 0.209 0.096 0.148 1    
87:   0.025 0.019 0.922 0.019 0.016 1    
88:   0.523 0.129 0.128 0.146 0.075 1    
89:   0.021 0.016 0.935 0.015 0.014 1    
90:   0.031 0.243 0.207 0.435 0.083 1    
91:   0.347 0.180 0.232 0.134 0.108 1    
92:   0.177 0.115 0.619 0.046 0.043 1    
93:   0.275 0.220 0.246 0.161 0.097 1    
94:   0.028 0.045 0.861 0.018 0.049 1    
95:   0.167 0.111 0.089 0.588 0.045 1    
96:   0.221 0.062 0.628 0.051 0.038 1    
97:   0.899 0.025 0.019 0.023 0.034 1    
98:   0.019 0.035 0.890 0.034 0.022 1    
99:   0.739 0.095 0.049 0.071 0.045 1    
100:  0.862 0.029 0.054 0.028 0.028 1    
101:  0.042 0.422 0.459 0.030 0.048 1    
102:  0.777 0.134 0.031 0.043 0.015 1    
103:  0.109 0.160 0.366 0.043 0.322 1    
104:  0.159 0.487 0.029 0.266 0.060 1    
105:  0.050 0.073 0.036 0.756 0.084 1    
106:  0.053 0.200 0.185 0.183 0.378 1    
107:  0.055 0.172 0.123 0.370 0.280 1    
108:  0.108 0.079 0.021 0.445 0.346 1    
109:  0.085 0.523 0.070 0.304 0.019 1    
110:  0.025 0.161 0.029 0.173 0.612 1    
111:  0.103 0.459 0.057 0.180 0.202 1    
112:  0.169 0.219 0.022 0.376 0.214 1    
113:  0.669 0.086 0.093 0.091 0.060 1    
114:  0.057 0.046 0.017 0.064 0.815 1    
115:  0.182 0.110 0.182 0.381 0.145 1    
116:  0.080 0.214 0.023 0.228 0.455 1    
117:  0.152 0.160 0.149 0.408 0.132 1    
118:  0.041 0.047 0.074 0.038 0.801 1    
119:  0.115 0.045 0.024 0.084 0.732 1    
120:  0.099 0.362 0.035 0.433 0.072 1    
121:  0.094 0.134 0.265 0.043 0.464 1    
122:  0.077 0.135 0.049 0.092 0.646 1    
123:  0.517 0.076 0.324 0.037 0.046 1    
124:  0.193 0.062 0.036 0.075 0.634 1    
125:  0.045 0.087 0.616 0.044 0.209 1    
126:  0.027 0.121 0.616 0.096 0.140 1    
127:  0.283 0.086 0.242 0.135 0.254 1    
128:  0.500 0.069 0.040 0.094 0.297 1    
129:  0.050 0.248 0.043 0.610 0.049 1    
130:  0.046 0.311 0.232 0.116 0.296 1    
131:  0.159 0.326 0.238 0.164 0.113 1    
132:  0.027 0.029 0.013 0.072 0.859 1    
133:  0.014 0.105 0.021 0.124 0.736 1    
134:  0.345 0.122 0.153 0.157 0.222 1    
135:  0.115 0.558 0.016 0.285 0.027 1    
136:  0.105 0.058 0.635 0.061 0.141 1    
137:  0.045 0.276 0.027 0.430 0.222 1    
138:  0.803 0.061 0.031 0.057 0.047 1    
139:  0.035 0.520 0.060 0.289 0.096 1    
140:  0.094 0.170 0.030 0.402 0.303 1    
141:  0.024 0.072 0.016 0.800 0.088 1    
142:  0.028 0.043 0.030 0.033 0.866 1    
143:  0.034 0.191 0.020 0.551 0.205 1    
144:  0.450 0.221 0.069 0.162 0.098 1    
145:  0.244 0.127 0.542 0.042 0.046 1    
146:  0.052 0.277 0.326 0.261 0.084 1    
147:  0.016 0.041 0.896 0.017 0.030 1    
148:  0.094 0.400 0.104 0.161 0.241 1    
149:  0.054 0.160 0.098 0.528 0.161 1    
150:  0.104 0.384 0.208 0.213 0.090 1    
151:  0.041 0.127 0.045 0.663 0.124 1    
152:  0.083 0.123 0.514 0.121 0.159 1    
153:  0.050 0.549 0.188 0.077 0.135 1    
154:  0.634 0.154 0.052 0.118 0.042 1    
155:  0.046 0.279 0.384 0.092 0.200 1    
156:  0.063 0.509 0.076 0.272 0.078 1    
157:  0.078 0.191 0.433 0.205 0.093 1    
158:  0.147 0.150 0.568 0.053 0.082 1    
159:  0.022 0.729 0.099 0.061 0.089 1    
160:  0.095 0.422 0.057 0.377 0.049 1    
161:  0.063 0.419 0.395 0.040 0.082 1    
162:  0.201 0.245 0.152 0.123 0.278 1    
163:  0.472 0.148 0.214 0.113 0.053 1    
164:  0.022 0.062 0.019 0.714 0.183 1    
165:  0.027 0.050 0.851 0.022 0.051 1    
166:  0.096 0.135 0.401 0.323 0.045 1    
167:  0.129 0.199 0.064 0.566 0.042 1    
168:  0.050 0.466 0.031 0.323 0.129 1    
169:  0.036 0.729 0.087 0.098 0.051 1    
170:  0.244 0.195 0.113 0.351 0.098 1    
171:  0.154 0.169 0.029 0.353 0.295 1    
172:  0.061 0.052 0.821 0.023 0.044 1    
173:  0.028 0.556 0.271 0.066 0.079 1    
174:  0.056 0.175 0.247 0.112 0.410 1    
175:  0.040 0.602 0.209 0.122 0.027 1    
176:  0.536 0.154 0.088 0.119 0.104 1    
177:  0.038 0.164 0.248 0.182 0.369 1    
178:  0.149 0.184 0.091 0.423 0.153 1    
179:  0.697 0.061 0.058 0.107 0.077 1    
180:  0.289 0.165 0.045 0.050 0.452 1    
181:  0.326 0.081 0.023 0.350 0.220 1    
182:  0.079 0.447 0.162 0.048 0.264 1    
183:  0.110 0.592 0.018 0.256 0.024 1    
184:  0.093 0.180 0.071 0.078 0.578 1    
185:  0.034 0.385 0.037 0.181 0.363 1    
186:  0.045 0.542 0.057 0.296 0.060 1    
187:  0.408 0.216 0.171 0.081 0.124 1    
188:  0.027 0.036 0.016 0.868 0.053 1    
189:  0.225 0.462 0.058 0.209 0.046 1    
190:  0.065 0.248 0.048 0.549 0.091 1    
191:  0.080 0.301 0.375 0.087 0.158 1    
192:  0.049 0.143 0.061 0.055 0.692 1    
193:  0.133 0.500 0.034 0.309 0.024 1    
194:  0.494 0.290 0.137 0.051 0.028 1    
195:  0.034 0.035 0.024 0.818 0.089 1    
196:  0.791 0.046 0.044 0.062 0.058 1    
197:  0.025 0.119 0.049 0.729 0.078 1    
198:  0.163 0.358 0.121 0.273 0.085 1    
199:  0.025 0.101 0.059 0.733 0.081 1    
200:  0.309 0.171 0.115 0.233 0.172 1    
201:  0.187 0.233 0.037 0.174 0.369 1    
202:  0.150 0.227 0.059 0.164 0.399 1    
203:  0.124 0.163 0.205 0.067 0.441 1    
204:  0.037 0.021 0.019 0.898 0.025 1    
205:  0.068 0.405 0.033 0.443 0.051 1    
206:  0.386 0.093 0.415 0.082 0.025 1    
207:  0.261 0.120 0.062 0.038 0.519 1    
208:  0.047 0.162 0.051 0.601 0.139 1    
209:  0.091 0.138 0.070 0.620 0.081 1    
210:  0.861 0.037 0.051 0.020 0.031 1    
211:  0.700 0.111 0.081 0.038 0.070 1    
212:  0.383 0.158 0.096 0.115 0.249 1    
213:  0.167 0.285 0.188 0.317 0.044 1    
214:  0.193 0.347 0.045 0.311 0.105 1    
215:  0.334 0.106 0.246 0.104 0.210 1    
216:  0.014 0.920 0.016 0.033 0.017 1    
217:  0.383 0.142 0.095 0.341 0.040 1    
218:  0.479 0.171 0.062 0.222 0.066 1    
219:  0.071 0.113 0.038 0.039 0.740 1    
220:  0.041 0.156 0.029 0.265 0.510 1    
221:  0.330 0.338 0.077 0.205 0.051 1    
222:  0.195 0.189 0.096 0.323 0.198 1    
223:  0.107 0.099 0.071 0.056 0.667 1    
224:  0.329 0.241 0.194 0.027 0.209 1    
225:  0.505 0.135 0.128 0.165 0.067 1    
226:  0.049 0.221 0.044 0.647 0.038 1    
227:  0.026 0.026 0.034 0.024 0.890 1    
228:  0.017 0.931 0.019 0.018 0.015 1    
229:  0.508 0.077 0.275 0.065 0.075 1    
230:  0.051 0.254 0.024 0.134 0.537 1    
231:  0.215 0.216 0.060 0.252 0.258 1    
232:  0.193 0.234 0.446 0.048 0.079 1    
233:  0.712 0.130 0.049 0.055 0.054 1    
234:  0.036 0.182 0.032 0.655 0.095 1    
235:  0.025 0.664 0.031 0.093 0.187 1    
236:  0.072 0.472 0.056 0.318 0.081 1    
237:  0.039 0.141 0.041 0.750 0.029 1    
238:  0.192 0.152 0.121 0.493 0.042 1    
239:  0.097 0.282 0.142 0.407 0.072 1    
240:  0.118 0.156 0.053 0.633 0.040 1    
241:  0.024 0.137 0.035 0.082 0.722 1    
242:  0.020 0.418 0.074 0.386 0.102 1    
243:  0.052 0.061 0.041 0.772 0.075 1    
244:  0.144 0.110 0.108 0.476 0.162 1    
245:  0.070 0.114 0.054 0.504 0.258 1    
246:  0.179 0.498 0.050 0.042 0.230 1    
