1:    0.190 0.205 0.205 0.204 0.195 1    
2:    0.204 0.196 0.207 0.193 0.199 1    
3:    0.204 0.199 0.204 0.203 0.190 1    
4:    0.199 0.204 0.200 0.196 0.200 1    
5:    0.203 0.191 0.205 0.204 0.198 1    
6:    0.190 0.203 0.201 0.203 0.202 1    
7:    0.204 0.208 0.201 0.198 0.189 1    
8:    0.194 0.198 0.195 0.207 0.206 1    
9:    0.199 0.199 0.200 0.193 0.210 1    
10:   0.199 0.198 0.199 0.199 0.206 1    
11:   0.209 0.198 0.195 0.199 0.200 1    
12:   0.207 0.197 0.194 0.201 0.201 1    
13:   0.204 0.191 0.200 0.191 0.215 1    
14:   0.193 0.206 0.197 0.201 0.202 1    
15:   0.199 0.208 0.199 0.198 0.196 1    
16:   0.198 0.199 0.195 0.203 0.204 1    
17:   0.195 0.202 0.196 0.202 0.205 1    
18:   0.196 0.206 0.199 0.193 0.206 1    
19:   0.200 0.203 0.198 0.199 0.199 1    
20:   0.197 0.199 0.200 0.190 0.214 1    
21:   0.198 0.199 0.199 0.203 0.201 1    
22:   0.200 0.199 0.194 0.210 0.198 1    
23:   0.199 0.195 0.204 0.204 0.199 1    
24:   0.204 0.193 0.205 0.204 0.194 1    
25:   0.203 0.198 0.191 0.210 0.199 1    
26:   0.196 0.199 0.200 0.203 0.203 1    
27:   0.199 0.202 0.198 0.202 0.200 1    
28:   0.191 0.205 0.201 0.208 0.196 1    
29:   0.195 0.202 0.203 0.202 0.197 1    
30:   0.200 0.204 0.202 0.203 0.191 1    
31:   0.203 0.201 0.197 0.199 0.198 1    
32:   0.199 0.201 0.193 0.207 0.201 1    
                    
                    
1:    0.174 0.213 0.225 0.175 0.213 1    
2:    0.274 0.238 0.146 0.171 0.172 1    
3:    0.199 0.198 0.179 0.210 0.214 1    
4:    0.182 0.177 0.195 0.251 0.195 1    
5:    0.316 0.274 0.131 0.148 0.130 1    
6:    0.189 0.198 0.233 0.180 0.200 1    
7:    0.171 0.170 0.186 0.254 0.220 1    
8:    0.149 0.162 0.302 0.180 0.207 1    
9:    0.182 0.214 0.193 0.222 0.189 1    
10:   0.182 0.227 0.223 0.180 0.188 1    
11:   0.167 0.166 0.246 0.207 0.214 1    
12:   0.174 0.175 0.193 0.231 0.226 1    
13:   0.165 0.180 0.196 0.205 0.254 1    
14:   0.180 0.190 0.256 0.178 0.196 1    
15:   0.152 0.192 0.242 0.211 0.203 1    
16:   0.204 0.192 0.211 0.194 0.199 1    
17:   0.196 0.206 0.219 0.187 0.192 1    
18:   0.176 0.177 0.204 0.240 0.204 1    
19:   0.175 0.177 0.219 0.237 0.192 1    
20:   0.159 0.154 0.201 0.246 0.241 1    
21:   0.156 0.158 0.205 0.247 0.234 1    
22:   0.176 0.162 0.209 0.200 0.253 1    
23:   0.343 0.318 0.104 0.129 0.106 1    
24:   0.267 0.226 0.164 0.165 0.177 1    
25:   0.289 0.276 0.148 0.145 0.142 1    
26:   0.181 0.158 0.200 0.244 0.217 1    
27:   0.148 0.174 0.250 0.194 0.234 1    
28:   0.175 0.163 0.232 0.179 0.252 1    
29:   0.171 0.210 0.215 0.199 0.206 1    
30:   0.167 0.185 0.229 0.211 0.208 1    
31:   0.169 0.158 0.234 0.216 0.224 1    
32:   0.156 0.195 0.228 0.211 0.211 1    
                    
                    
1:    0.192 0.206 0.188 0.196 0.217 1    
2:    0.179 0.188 0.261 0.186 0.186 1    
3:    0.195 0.199 0.193 0.195 0.218 1    
4:    0.193 0.211 0.182 0.202 0.212 1    
5:    0.179 0.187 0.272 0.175 0.187 1    
6:    0.188 0.215 0.188 0.208 0.202 1    
7:    0.219 0.198 0.181 0.203 0.199 1    
8:    0.190 0.199 0.186 0.222 0.203 1    
9:    0.183 0.204 0.182 0.209 0.222 1    
10:   0.191 0.195 0.194 0.218 0.201 1    
11:   0.185 0.201 0.183 0.209 0.221 1    
12:   0.214 0.199 0.182 0.197 0.208 1    
13:   0.258 0.182 0.189 0.189 0.183 1    
14:   0.184 0.200 0.184 0.235 0.196 1    
15:   0.218 0.197 0.191 0.209 0.186 1    
16:   0.189 0.202 0.183 0.218 0.208 1    
17:   0.191 0.196 0.191 0.192 0.230 1    
18:   0.191 0.188 0.180 0.195 0.246 1    
19:   0.182 0.216 0.184 0.212 0.205 1    
20:   0.253 0.191 0.176 0.192 0.187 1    
21:   0.259 0.184 0.182 0.194 0.181 1    
22:   0.185 0.212 0.181 0.207 0.216 1    
23:   0.186 0.180 0.275 0.176 0.184 1    
24:   0.201 0.196 0.226 0.188 0.189 1    
25:   0.185 0.189 0.238 0.190 0.198 1    
26:   0.227 0.203 0.174 0.188 0.208 1    
27:   0.190 0.202 0.179 0.238 0.191 1    
28:   0.187 0.216 0.178 0.226 0.194 1    
29:   0.190 0.206 0.190 0.215 0.200 1    
30:   0.190 0.216 0.182 0.199 0.214 1    
31:   0.196 0.197 0.185 0.223 0.199 1    
32:   0.217 0.201 0.193 0.193 0.198 1    
                    
                    
1:    0.204 0.199 0.197 0.200 0.201 1    
2:    0.196 0.208 0.199 0.196 0.202 1    
3:    0.198 0.203 0.201 0.201 0.198 1    
4:    0.198 0.200 0.200 0.198 0.204 1    
5:    0.203 0.201 0.194 0.203 0.198 1    
6:    0.200 0.198 0.203 0.203 0.196 1    
7:    0.199 0.200 0.201 0.204 0.196 1    
8:    0.201 0.197 0.204 0.203 0.196 1    
9:    0.199 0.203 0.199 0.195 0.204 1    
10:   0.203 0.194 0.205 0.203 0.195 1    
11:   0.198 0.200 0.200 0.198 0.204 1    
12:   0.200 0.200 0.197 0.204 0.199 1    
13:   0.198 0.200 0.199 0.200 0.202 1    
14:   0.205 0.197 0.205 0.199 0.194 1    
15:   0.199 0.200 0.200 0.198 0.203 1    
16:   0.201 0.200 0.198 0.200 0.201 1    
17:   0.203 0.201 0.195 0.199 0.202 1    
18:   0.200 0.197 0.200 0.201 0.201 1    
19:   0.198 0.203 0.210 0.191 0.197 1    
20:   0.199 0.203 0.199 0.199 0.201 1    
21:   0.191 0.204 0.199 0.203 0.203 1    
22:   0.205 0.203 0.203 0.195 0.195 1    
23:   0.195 0.199 0.200 0.206 0.199 1    
24:   0.201 0.196 0.201 0.205 0.197 1    
25:   0.197 0.200 0.206 0.198 0.198 1    
26:   0.203 0.192 0.205 0.201 0.199 1    
27:   0.205 0.198 0.202 0.193 0.202 1    
28:   0.204 0.196 0.206 0.200 0.194 1    
29:   0.200 0.194 0.200 0.200 0.205 1    
30:   0.204 0.198 0.205 0.200 0.193 1    
31:   0.202 0.203 0.199 0.193 0.203 1    
32:   0.198 0.198 0.201 0.203 0.200 1    
                    
                    
1:    0.174 0.203 0.210 0.209 0.203 1    
2:    0.314 0.161 0.180 0.176 0.170 1    
3:    0.171 0.201 0.230 0.201 0.196 1    
4:    0.131 0.240 0.231 0.213 0.185 1    
5:    0.385 0.144 0.196 0.145 0.130 1    
6:    0.163 0.216 0.199 0.201 0.221 1    
7:    0.132 0.194 0.220 0.232 0.222 1    
8:    0.166 0.236 0.211 0.194 0.193 1    
9:    0.139 0.201 0.222 0.209 0.230 1    
10:   0.160 0.218 0.195 0.208 0.219 1    
11:   0.152 0.246 0.183 0.209 0.210 1    
12:   0.157 0.181 0.239 0.214 0.208 1    
13:   0.147 0.193 0.235 0.239 0.186 1    
14:   0.182 0.214 0.166 0.200 0.239 1    
15:   0.140 0.191 0.173 0.278 0.218 1    
16:   0.162 0.227 0.202 0.202 0.208 1    
17:   0.176 0.216 0.220 0.191 0.196 1    
18:   0.124 0.232 0.228 0.196 0.220 1    
19:   0.121 0.243 0.211 0.206 0.219 1    
20:   0.140 0.187 0.198 0.261 0.214 1    
21:   0.142 0.203 0.244 0.215 0.196 1    
22:   0.171 0.215 0.185 0.201 0.228 1    
23:   0.461 0.109 0.202 0.107 0.121 1    
24:   0.272 0.169 0.189 0.186 0.184 1    
25:   0.379 0.146 0.199 0.135 0.141 1    
26:   0.115 0.227 0.248 0.192 0.218 1    
27:   0.128 0.249 0.169 0.232 0.222 1    
28:   0.126 0.232 0.170 0.231 0.241 1    
29:   0.147 0.210 0.189 0.254 0.200 1    
30:   0.142 0.271 0.181 0.182 0.224 1    
31:   0.155 0.246 0.179 0.206 0.213 1    
32:   0.161 0.182 0.189 0.239 0.229 1    
                    
                    
1:    0.202 0.199 0.201 0.199 0.199 1    
2:    0.200 0.201 0.200 0.199 0.199 1    
3:    0.200 0.200 0.197 0.202 0.200 1    
4:    0.199 0.200 0.199 0.201 0.200 1    
5:    0.200 0.201 0.200 0.199 0.200 1    
6:    0.201 0.199 0.199 0.200 0.200 1    
7:    0.200 0.200 0.200 0.202 0.199 1    
8:    0.202 0.199 0.199 0.199 0.201 1    
9:    0.199 0.203 0.202 0.197 0.198 1    
10:   0.200 0.198 0.201 0.200 0.200 1    
11:   0.200 0.200 0.200 0.199 0.200 1    
12:   0.198 0.201 0.199 0.200 0.201 1    
13:   0.198 0.201 0.202 0.199 0.200 1    
14:   0.203 0.199 0.198 0.198 0.203 1    
15:   0.200 0.197 0.200 0.202 0.200 1    
16:   0.199 0.201 0.200 0.200 0.200 1    
17:   0.199 0.200 0.204 0.198 0.199 1    
18:   0.200 0.201 0.199 0.201 0.199 1    
19:   0.201 0.200 0.200 0.201 0.199 1    
20:   0.200 0.199 0.201 0.201 0.200 1    
21:   0.201 0.198 0.198 0.201 0.202 1    
22:   0.201 0.198 0.199 0.199 0.202 1    
23:   0.199 0.201 0.203 0.198 0.199 1    
24:   0.200 0.201 0.198 0.199 0.201 1    
25:   0.200 0.199 0.202 0.198 0.201 1    
26:   0.200 0.200 0.200 0.202 0.199 1    
27:   0.202 0.199 0.199 0.200 0.200 1    
28:   0.203 0.197 0.197 0.200 0.203 1    
29:   0.202 0.199 0.199 0.200 0.199 1    
30:   0.202 0.199 0.198 0.201 0.199 1    
31:   0.199 0.201 0.201 0.200 0.199 1    
32:   0.200 0.198 0.202 0.201 0.200 1    
                    
                    
1:    0.195 0.193 0.209 0.200 0.203 1    
2:    0.190 0.186 0.193 0.237 0.193 1    
3:    0.206 0.198 0.206 0.192 0.199 1    
4:    0.222 0.198 0.205 0.187 0.189 1    
5:    0.177 0.198 0.185 0.245 0.195 1    
6:    0.190 0.200 0.199 0.197 0.214 1    
7:    0.216 0.191 0.204 0.190 0.200 1    
8:    0.193 0.190 0.213 0.190 0.214 1    
9:    0.208 0.202 0.208 0.202 0.180 1    
10:   0.199 0.194 0.193 0.195 0.220 1    
11:   0.212 0.191 0.197 0.201 0.200 1    
12:   0.205 0.202 0.203 0.200 0.189 1    
13:   0.194 0.227 0.194 0.191 0.195 1    
14:   0.188 0.184 0.207 0.200 0.221 1    
15:   0.193 0.214 0.193 0.193 0.208 1    
16:   0.203 0.196 0.206 0.194 0.202 1    
17:   0.198 0.191 0.207 0.203 0.201 1    
18:   0.212 0.190 0.209 0.178 0.210 1    
19:   0.201 0.193 0.224 0.180 0.201 1    
20:   0.188 0.225 0.207 0.185 0.195 1    
21:   0.193 0.224 0.206 0.181 0.196 1    
22:   0.203 0.189 0.203 0.185 0.219 1    
23:   0.181 0.205 0.176 0.266 0.173 1    
24:   0.190 0.196 0.188 0.225 0.201 1    
25:   0.185 0.191 0.188 0.248 0.187 1    
26:   0.218 0.203 0.195 0.188 0.196 1    
27:   0.187 0.206 0.209 0.181 0.216 1    
28:   0.192 0.179 0.205 0.183 0.241 1    
29:   0.184 0.200 0.197 0.206 0.214 1    
30:   0.194 0.191 0.217 0.184 0.215 1    
31:   0.201 0.192 0.206 0.196 0.205 1    
32:   0.209 0.206 0.198 0.187 0.200 1    
                    
                    
1:    0.201 0.201 0.199 0.201 0.198 1    
2:    0.200 0.200 0.202 0.200 0.198 1    
3:    0.200 0.199 0.201 0.200 0.200 1    
4:    0.197 0.199 0.201 0.203 0.201 1    
5:    0.199 0.200 0.201 0.200 0.200 1    
6:    0.199 0.201 0.198 0.201 0.201 1    
7:    0.200 0.198 0.202 0.200 0.200 1    
8:    0.200 0.200 0.199 0.199 0.201 1    
9:    0.202 0.198 0.201 0.200 0.200 1    
10:   0.199 0.201 0.198 0.202 0.200 1    
11:   0.201 0.198 0.202 0.202 0.198 1    
12:   0.200 0.202 0.202 0.197 0.199 1    
13:   0.199 0.199 0.202 0.201 0.199 1    
14:   0.200 0.200 0.198 0.199 0.203 1    
15:   0.200 0.202 0.200 0.197 0.201 1    
16:   0.200 0.198 0.199 0.203 0.200 1    
17:   0.203 0.197 0.201 0.201 0.198 1    
18:   0.198 0.199 0.200 0.201 0.201 1    
19:   0.200 0.201 0.198 0.200 0.201 1    
20:   0.199 0.203 0.197 0.199 0.202 1    
21:   0.198 0.199 0.201 0.202 0.199 1    
22:   0.199 0.201 0.201 0.199 0.200 1    
23:   0.203 0.199 0.201 0.199 0.199 1    
24:   0.200 0.200 0.199 0.199 0.202 1    
25:   0.198 0.201 0.200 0.200 0.201 1    
26:   0.199 0.203 0.201 0.197 0.201 1    
27:   0.200 0.199 0.197 0.201 0.203 1    
28:   0.196 0.200 0.199 0.204 0.200 1    
29:   0.196 0.201 0.198 0.204 0.200 1    
30:   0.201 0.199 0.198 0.203 0.198 1    
31:   0.199 0.200 0.200 0.202 0.198 1    
32:   0.199 0.201 0.201 0.198 0.201 1    
                    
                    
1:    0.216 0.223 0.193 0.209 0.159 1    
2:    0.174 0.174 0.220 0.161 0.271 1    
3:    0.189 0.211 0.226 0.172 0.202 1    
4:    0.192 0.202 0.201 0.202 0.204 1    
5:    0.150 0.128 0.225 0.134 0.363 1    
6:    0.223 0.211 0.179 0.235 0.153 1    
7:    0.195 0.210 0.212 0.204 0.179 1    
8:    0.238 0.249 0.129 0.244 0.139 1    
9:    0.222 0.194 0.182 0.216 0.186 1    
10:   0.228 0.213 0.157 0.228 0.175 1    
11:   0.235 0.215 0.163 0.231 0.156 1    
12:   0.210 0.211 0.215 0.192 0.171 1    
13:   0.196 0.210 0.223 0.231 0.141 1    
14:   0.245 0.248 0.134 0.246 0.127 1    
15:   0.238 0.217 0.177 0.239 0.129 1    
16:   0.194 0.222 0.180 0.217 0.187 1    
17:   0.238 0.213 0.166 0.216 0.167 1    
18:   0.202 0.204 0.201 0.231 0.162 1    
19:   0.221 0.231 0.180 0.229 0.140 1    
20:   0.213 0.216 0.235 0.201 0.135 1    
21:   0.194 0.219 0.220 0.223 0.145 1    
22:   0.205 0.214 0.166 0.272 0.144 1    
23:   0.111 0.105 0.236 0.117 0.431 1    
24:   0.155 0.168 0.222 0.177 0.278 1    
25:   0.157 0.154 0.188 0.173 0.328 1    
26:   0.207 0.181 0.225 0.193 0.194 1    
27:   0.214 0.229 0.189 0.250 0.118 1    
28:   0.241 0.241 0.132 0.230 0.156 1    
29:   0.212 0.203 0.196 0.210 0.179 1    
30:   0.211 0.245 0.185 0.202 0.156 1    
31:   0.226 0.199 0.198 0.232 0.145 1    
32:   0.211 0.215 0.200 0.206 0.167 1    
                    
                    
1:    0.164 0.211 0.193 0.216 0.215 1    
2:    0.165 0.179 0.249 0.160 0.246 1    
3:    0.255 0.193 0.176 0.201 0.174 1    
4:    0.312 0.191 0.120 0.214 0.163 1    
5:    0.101 0.135 0.373 0.123 0.267 1    
6:    0.168 0.242 0.190 0.207 0.192 1    
7:    0.285 0.171 0.145 0.221 0.178 1    
8:    0.205 0.243 0.122 0.208 0.222 1    
9:    0.255 0.188 0.163 0.205 0.189 1    
10:   0.161 0.252 0.163 0.207 0.217 1    
11:   0.209 0.237 0.119 0.219 0.216 1    
12:   0.261 0.198 0.146 0.210 0.185 1    
13:   0.189 0.204 0.192 0.252 0.164 1    
14:   0.189 0.251 0.126 0.209 0.225 1    
15:   0.196 0.261 0.157 0.214 0.172 1    
16:   0.224 0.204 0.181 0.212 0.179 1    
17:   0.166 0.212 0.192 0.192 0.239 1    
18:   0.257 0.203 0.133 0.211 0.197 1    
19:   0.246 0.233 0.118 0.225 0.177 1    
20:   0.194 0.212 0.156 0.251 0.187 1    
21:   0.215 0.220 0.151 0.243 0.172 1    
22:   0.232 0.218 0.141 0.216 0.193 1    
23:   0.086 0.082 0.495 0.094 0.244 1    
24:   0.145 0.155 0.318 0.147 0.235 1    
25:   0.120 0.159 0.374 0.128 0.220 1    
26:   0.299 0.184 0.137 0.222 0.158 1    
27:   0.182 0.270 0.115 0.229 0.204 1    
28:   0.214 0.267 0.129 0.188 0.202 1    
29:   0.178 0.234 0.187 0.201 0.199 1    
30:   0.244 0.239 0.139 0.187 0.191 1    
31:   0.225 0.248 0.121 0.240 0.165 1    
32:   0.194 0.226 0.194 0.193 0.194 1    
