1:    0.152 0.167 0.681 1    
2:    0.144 0.602 0.254 1    
3:    0.311 0.457 0.232 1    
4:    0.119 0.641 0.240 1    
5:    0.501 0.191 0.308 1    
6:    0.174 0.469 0.357 1    
7:    0.453 0.367 0.179 1    
8:    0.075 0.843 0.081 1    
9:    0.448 0.240 0.312 1    
10:   0.309 0.301 0.390 1    
11:   0.116 0.536 0.348 1    
12:   0.709 0.169 0.122 1    
13:   0.249 0.224 0.527 1    
14:   0.448 0.461 0.091 1    
15:   0.263 0.206 0.531 1    
16:   0.127 0.069 0.804 1    
17:   0.453 0.256 0.291 1    
18:   0.178 0.205 0.617 1    
19:   0.135 0.386 0.479 1    
20:   0.211 0.142 0.647 1    
21:   0.259 0.234 0.507 1    
22:   0.733 0.116 0.151 1    
23:   0.116 0.751 0.133 1    
24:   0.094 0.243 0.663 1    
25:   0.415 0.447 0.138 1    
26:   0.612 0.099 0.288 1    
27:   0.048 0.834 0.118 1    
28:   0.833 0.108 0.059 1    
29:   0.490 0.347 0.163 1    
30:   0.131 0.662 0.207 1    
31:   0.123 0.360 0.517 1    
32:   0.387 0.516 0.097 1    
33:   0.074 0.817 0.110 1    
34:   0.212 0.298 0.490 1    
35:   0.220 0.255 0.525 1    
36:   0.239 0.406 0.355 1    
37:   0.107 0.146 0.746 1    
38:   0.136 0.325 0.539 1    
39:   0.155 0.430 0.415 1    
40:   0.482 0.244 0.274 1    
41:   0.361 0.120 0.518 1    
42:   0.262 0.326 0.412 1    
43:   0.075 0.815 0.110 1    
44:   0.613 0.258 0.130 1    
45:   0.415 0.265 0.319 1    
46:   0.070 0.759 0.172 1    
47:   0.350 0.264 0.386 1    
48:   0.225 0.613 0.163 1    
49:   0.468 0.078 0.454 1    
50:   0.586 0.191 0.223 1    
51:   0.152 0.444 0.405 1    
52:   0.097 0.111 0.792 1    
53:   0.133 0.246 0.621 1    
54:   0.140 0.137 0.723 1    
55:   0.198 0.696 0.107 1    
56:   0.098 0.244 0.658 1    
57:   0.538 0.302 0.160 1    
58:   0.127 0.600 0.273 1    
59:   0.214 0.401 0.385 1    
60:   0.203 0.163 0.634 1    
61:   0.148 0.155 0.697 1    
62:   0.659 0.176 0.166 1    
63:   0.062 0.802 0.135 1    
64:   0.307 0.371 0.322 1    
65:   0.645 0.141 0.214 1    
66:   0.090 0.174 0.735 1    
67:   0.245 0.500 0.256 1    
68:   0.131 0.446 0.423 1    
69:   0.712 0.080 0.208 1    
70:   0.372 0.202 0.426 1    
71:   0.421 0.241 0.337 1    
72:   0.099 0.788 0.113 1    
73:   0.122 0.120 0.758 1    
74:   0.128 0.468 0.403 1    
75:   0.230 0.132 0.639 1    
76:   0.274 0.417 0.309 1    
77:   0.704 0.151 0.146 1    
78:   0.345 0.330 0.325 1    
79:   0.371 0.256 0.373 1    
80:   0.849 0.053 0.098 1    
81:   0.091 0.269 0.640 1    
82:   0.594 0.294 0.112 1    
83:   0.238 0.265 0.498 1    
84:   0.111 0.090 0.799 1    
85:   0.267 0.241 0.492 1    
86:   0.264 0.476 0.259 1    
87:   0.240 0.525 0.235 1    
88:   0.230 0.419 0.352 1    
89:   0.094 0.709 0.197 1    
90:   0.091 0.392 0.517 1    
91:   0.488 0.124 0.388 1    
92:   0.177 0.245 0.577 1    
93:   0.181 0.657 0.162 1    
94:   0.070 0.109 0.821 1    
95:   0.208 0.133 0.659 1    
96:   0.126 0.547 0.327 1    
97:   0.711 0.109 0.180 1    
98:   0.290 0.155 0.555 1    
99:   0.496 0.284 0.220 1    
100:  0.221 0.181 0.598 1    
101:  0.135 0.767 0.098 1    
102:  0.804 0.086 0.110 1    
103:  0.115 0.540 0.345 1    
104:  0.766 0.108 0.126 1    
105:  0.178 0.183 0.639 1    
106:  0.407 0.450 0.143 1    
107:  0.205 0.420 0.376 1    
108:  0.124 0.291 0.586 1    
109:  0.670 0.114 0.216 1    
110:  0.292 0.251 0.457 1    
111:  0.177 0.623 0.199 1    
112:  0.154 0.738 0.109 1    
113:  0.228 0.399 0.373 1    
114:  0.182 0.467 0.351 1    
115:  0.192 0.649 0.158 1    
116:  0.217 0.121 0.661 1    
117:  0.345 0.368 0.287 1    
118:  0.442 0.149 0.409 1    
119:  0.173 0.282 0.545 1    
120:  0.116 0.330 0.554 1    
121:  0.168 0.147 0.686 1    
122:  0.156 0.132 0.712 1    
123:  0.158 0.587 0.254 1    
124:  0.663 0.202 0.135 1    
125:  0.590 0.218 0.193 1    
126:  0.299 0.516 0.184 1    
127:  0.671 0.130 0.199 1    
128:  0.331 0.144 0.525 1    
129:  0.204 0.708 0.088 1    
130:  0.481 0.241 0.277 1    
131:  0.175 0.135 0.690 1    
132:  0.491 0.362 0.148 1    
133:  0.224 0.510 0.266 1    
134:  0.552 0.322 0.126 1    
135:  0.384 0.326 0.290 1    
136:  0.382 0.445 0.173 1    
137:  0.108 0.368 0.524 1    
138:  0.790 0.108 0.102 1    
139:  0.148 0.498 0.354 1    
140:  0.281 0.070 0.648 1    
141:  0.099 0.315 0.586 1    
142:  0.341 0.392 0.267 1    
143:  0.357 0.403 0.240 1    
144:  0.141 0.555 0.304 1    
145:  0.560 0.327 0.113 1    
146:  0.705 0.130 0.165 1    
147:  0.557 0.304 0.139 1    
148:  0.128 0.249 0.623 1    
149:  0.639 0.242 0.119 1    
150:  0.281 0.479 0.240 1    
151:  0.135 0.726 0.139 1    
152:  0.107 0.650 0.243 1    
153:  0.110 0.441 0.449 1    
154:  0.629 0.256 0.116 1    
155:  0.179 0.120 0.700 1    
156:  0.191 0.089 0.720 1    
157:  0.177 0.663 0.160 1    
158:  0.723 0.086 0.191 1    
159:  0.168 0.712 0.120 1    
160:  0.197 0.140 0.663 1    
161:  0.501 0.184 0.315 1    
162:  0.430 0.257 0.313 1    
163:  0.312 0.124 0.564 1    
164:  0.249 0.155 0.596 1    
165:  0.718 0.177 0.105 1    
166:  0.635 0.225 0.140 1    
167:  0.574 0.219 0.207 1    
168:  0.144 0.103 0.753 1    
169:  0.711 0.197 0.093 1    
170:  0.242 0.564 0.194 1    
171:  0.466 0.304 0.230 1    
172:  0.551 0.102 0.347 1    
173:  0.472 0.303 0.225 1    
174:  0.095 0.371 0.534 1    
175:  0.373 0.100 0.527 1    
176:  0.101 0.501 0.398 1    
177:  0.648 0.203 0.149 1    
178:  0.552 0.207 0.241 1    
179:  0.571 0.280 0.149 1    
180:  0.279 0.148 0.573 1    
181:  0.506 0.338 0.156 1    
182:  0.307 0.497 0.197 1    
183:  0.517 0.268 0.216 1    
184:  0.140 0.424 0.436 1    
185:  0.601 0.114 0.285 1    
186:  0.449 0.180 0.371 1    
187:  0.290 0.392 0.318 1    
188:  0.718 0.181 0.101 1    
189:  0.378 0.159 0.463 1    
190:  0.119 0.481 0.400 1    
191:  0.370 0.342 0.287 1    
192:  0.189 0.542 0.268 1    
193:  0.318 0.195 0.487 1    
194:  0.194 0.118 0.688 1    
195:  0.515 0.348 0.136 1    
196:  0.646 0.207 0.147 1    
197:  0.648 0.194 0.158 1    
198:  0.239 0.542 0.219 1    
199:  0.365 0.457 0.178 1    
200:  0.616 0.206 0.178 1    
201:  0.109 0.152 0.739 1    
202:  0.373 0.362 0.266 1    
203:  0.501 0.265 0.234 1    
204:  0.295 0.303 0.402 1    
205:  0.340 0.279 0.381 1    
206:  0.380 0.341 0.279 1    
207:  0.594 0.226 0.180 1    
208:  0.354 0.385 0.261 1    
209:  0.259 0.348 0.393 1    
210:  0.096 0.436 0.467 1    
211:  0.317 0.147 0.536 1    
212:  0.106 0.635 0.259 1    
213:  0.419 0.348 0.233 1    
214:  0.557 0.196 0.246 1    
215:  0.136 0.237 0.627 1    
216:  0.787 0.111 0.103 1    
217:  0.478 0.227 0.295 1    
218:  0.157 0.381 0.462 1    
219:  0.736 0.121 0.143 1    
220:  0.130 0.351 0.519 1    
221:  0.504 0.163 0.333 1    
222:  0.445 0.267 0.288 1    
223:  0.246 0.617 0.136 1    
224:  0.346 0.235 0.419 1    
225:  0.091 0.143 0.766 1    
226:  0.324 0.390 0.286 1    
227:  0.267 0.344 0.389 1    
228:  0.112 0.155 0.734 1    
229:  0.091 0.768 0.141 1    
230:  0.243 0.430 0.327 1    
231:  0.241 0.536 0.223 1    
232:  0.404 0.218 0.378 1    
233:  0.164 0.622 0.214 1    
234:  0.248 0.619 0.134 1    
235:  0.241 0.511 0.248 1    
236:  0.321 0.556 0.123 1    
237:  0.193 0.233 0.575 1    
238:  0.660 0.148 0.192 1    
239:  0.196 0.130 0.675 1    
240:  0.119 0.303 0.578 1    
241:  0.268 0.306 0.426 1    
242:  0.288 0.210 0.501 1    
243:  0.359 0.317 0.323 1    
244:  0.123 0.238 0.639 1    
245:  0.242 0.426 0.333 1    
246:  0.205 0.251 0.543 1    
247:  0.148 0.533 0.320 1    
248:  0.769 0.092 0.139 1    
249:  0.652 0.215 0.134 1    
250:  0.162 0.653 0.185 1    
251:  0.102 0.153 0.745 1    
252:  0.107 0.692 0.201 1    
253:  0.661 0.096 0.243 1    
254:  0.165 0.223 0.612 1    
255:  0.171 0.586 0.243 1    
256:  0.150 0.673 0.177 1    
257:  0.321 0.504 0.175 1    
258:  0.138 0.096 0.766 1    
259:  0.363 0.156 0.481 1    
260:  0.121 0.549 0.330 1    
261:  0.137 0.379 0.484 1    
262:  0.531 0.194 0.276 1    
263:  0.530 0.250 0.220 1    
264:  0.428 0.356 0.216 1    
265:  0.397 0.349 0.253 1    
266:  0.106 0.338 0.556 1    
267:  0.201 0.588 0.211 1    
268:  0.159 0.541 0.300 1    
269:  0.309 0.284 0.407 1    
270:  0.312 0.252 0.436 1    
271:  0.495 0.127 0.378 1    
272:  0.765 0.080 0.155 1    
273:  0.576 0.195 0.229 1    
274:  0.157 0.390 0.454 1    
275:  0.419 0.478 0.103 1    
276:  0.798 0.091 0.111 1    
277:  0.121 0.729 0.150 1    
278:  0.737 0.120 0.143 1    
279:  0.727 0.172 0.101 1    
280:  0.464 0.459 0.077 1    
281:  0.598 0.143 0.258 1    
282:  0.412 0.485 0.103 1    
283:  0.520 0.400 0.079 1    
284:  0.527 0.122 0.351 1    
285:  0.214 0.573 0.212 1    
286:  0.334 0.551 0.115 1    
287:  0.183 0.201 0.615 1    
288:  0.491 0.406 0.103 1    
289:  0.164 0.261 0.575 1    
290:  0.267 0.504 0.228 1    
291:  0.702 0.191 0.106 1    
292:  0.247 0.306 0.447 1    
293:  0.426 0.140 0.434 1    
294:  0.247 0.500 0.253 1    
295:  0.728 0.087 0.185 1    
296:  0.685 0.184 0.132 1    
297:  0.525 0.122 0.353 1    
298:  0.278 0.163 0.559 1    
299:  0.341 0.162 0.497 1    
300:  0.566 0.147 0.286 1    
301:  0.647 0.267 0.087 1    
302:  0.531 0.155 0.314 1    
303:  0.448 0.340 0.213 1    
304:  0.415 0.399 0.186 1    
305:  0.531 0.120 0.349 1    
306:  0.475 0.234 0.291 1    
307:  0.220 0.649 0.131 1    
308:  0.465 0.276 0.259 1    
309:  0.751 0.120 0.129 1    
310:  0.412 0.278 0.309 1    
311:  0.292 0.400 0.308 1    
312:  0.730 0.189 0.081 1    
313:  0.831 0.114 0.056 1    
314:  0.148 0.349 0.504 1    
315:  0.632 0.207 0.161 1    
316:  0.535 0.253 0.212 1    
317:  0.296 0.526 0.178 1    
318:  0.191 0.549 0.260 1    
319:  0.041 0.913 0.047 1    
320:  0.138 0.789 0.072 1    
321:  0.173 0.548 0.279 1    
322:  0.167 0.658 0.175 1    
323:  0.058 0.900 0.042 1    
324:  0.061 0.795 0.144 1    
325:  0.103 0.818 0.079 1    
326:  0.365 0.423 0.213 1    
327:  0.794 0.104 0.102 1    
328:  0.051 0.912 0.036 1    
329:  0.416 0.331 0.253 1    
330:  0.465 0.264 0.271 1    
331:  0.109 0.311 0.579 1    
332:  0.103 0.747 0.150 1    
333:  0.222 0.466 0.312 1    
334:  0.127 0.679 0.193 1    
335:  0.328 0.186 0.486 1    
336:  0.150 0.556 0.294 1    
337:  0.114 0.609 0.277 1    
338:  0.364 0.322 0.314 1    
339:  0.046 0.902 0.052 1    
340:  0.075 0.805 0.120 1    
341:  0.205 0.079 0.717 1    
342:  0.500 0.280 0.219 1    
343:  0.354 0.095 0.551 1    
344:  0.324 0.211 0.465 1    
345:  0.099 0.797 0.104 1    
346:  0.185 0.461 0.353 1    
347:  0.090 0.548 0.362 1    
348:  0.113 0.760 0.127 1    
349:  0.245 0.504 0.250 1    
350:  0.093 0.818 0.089 1    
351:  0.151 0.757 0.091 1    
352:  0.131 0.706 0.163 1    
353:  0.508 0.356 0.136 1    
354:  0.153 0.752 0.095 1    
355:  0.616 0.191 0.194 1    
356:  0.219 0.650 0.131 1    
357:  0.510 0.182 0.307 1    
358:  0.159 0.728 0.114 1    
359:  0.137 0.753 0.109 1    
360:  0.191 0.358 0.451 1    
361:  0.117 0.776 0.107 1    
362:  0.349 0.545 0.106 1    
363:  0.346 0.557 0.097 1    
364:  0.171 0.126 0.703 1    
365:  0.100 0.705 0.195 1    
366:  0.074 0.868 0.058 1    
367:  0.107 0.641 0.252 1    
368:  0.162 0.564 0.274 1    
369:  0.088 0.814 0.098 1    
370:  0.146 0.124 0.730 1    
371:  0.105 0.700 0.195 1    
372:  0.561 0.359 0.079 1    
373:  0.153 0.430 0.417 1    
374:  0.343 0.387 0.270 1    
375:  0.127 0.541 0.332 1    
376:  0.223 0.598 0.179 1    
377:  0.329 0.211 0.460 1    
378:  0.296 0.592 0.113 1    
379:  0.355 0.362 0.283 1    
380:  0.121 0.098 0.781 1    
381:  0.124 0.730 0.146 1    
382:  0.540 0.364 0.096 1    
383:  0.114 0.646 0.239 1    
384:  0.137 0.751 0.112 1    
385:  0.734 0.132 0.134 1    
386:  0.220 0.390 0.390 1    
387:  0.460 0.297 0.243 1    
388:  0.181 0.554 0.265 1    
389:  0.341 0.372 0.287 1    
390:  0.686 0.201 0.113 1    
391:  0.125 0.513 0.362 1    
392:  0.079 0.607 0.315 1    
393:  0.107 0.489 0.403 1    
394:  0.463 0.391 0.146 1    
395:  0.290 0.172 0.538 1    
396:  0.105 0.442 0.453 1    
397:  0.253 0.425 0.322 1    
398:  0.193 0.415 0.393 1    
399:  0.607 0.265 0.128 1    
400:  0.142 0.365 0.493 1    
401:  0.442 0.446 0.111 1    
402:  0.162 0.414 0.424 1    
403:  0.137 0.766 0.096 1    
404:  0.134 0.715 0.152 1    
405:  0.078 0.771 0.151 1    
406:  0.256 0.401 0.343 1    
407:  0.636 0.119 0.245 1    
408:  0.706 0.166 0.128 1    
409:  0.567 0.210 0.223 1    
410:  0.274 0.282 0.444 1    
411:  0.179 0.715 0.105 1    
412:  0.838 0.065 0.097 1    
413:  0.126 0.685 0.189 1    
414:  0.141 0.124 0.735 1    
415:  0.123 0.673 0.204 1    
416:  0.084 0.845 0.071 1    
417:  0.148 0.718 0.133 1    
418:  0.139 0.739 0.122 1    
419:  0.399 0.319 0.282 1    
420:  0.139 0.473 0.388 1    
421:  0.452 0.360 0.188 1    
422:  0.171 0.147 0.682 1    
423:  0.476 0.410 0.114 1    
424:  0.310 0.282 0.408 1    
425:  0.078 0.858 0.065 1    
426:  0.185 0.614 0.201 1    
427:  0.531 0.210 0.258 1    
428:  0.090 0.818 0.093 1    
429:  0.384 0.525 0.092 1    
430:  0.646 0.173 0.181 1    
431:  0.091 0.066 0.842 1    
432:  0.656 0.163 0.181 1    
433:  0.108 0.700 0.192 1    
434:  0.210 0.132 0.658 1    
435:  0.727 0.096 0.177 1    
436:  0.559 0.207 0.234 1    
437:  0.536 0.128 0.336 1    
438:  0.220 0.637 0.143 1    
439:  0.693 0.180 0.128 1    
440:  0.185 0.094 0.721 1    
441:  0.278 0.490 0.232 1    
442:  0.127 0.477 0.396 1    
443:  0.693 0.218 0.089 1    
444:  0.292 0.206 0.502 1    
445:  0.248 0.139 0.613 1    
446:  0.344 0.403 0.253 1    
447:  0.137 0.355 0.508 1    
448:  0.114 0.137 0.750 1    
449:  0.355 0.428 0.216 1    
450:  0.104 0.202 0.694 1    
451:  0.335 0.542 0.123 1    
452:  0.266 0.630 0.105 1    
453:  0.494 0.267 0.239 1    
454:  0.072 0.659 0.270 1    
455:  0.147 0.378 0.474 1    
456:  0.183 0.411 0.405 1    
457:  0.178 0.370 0.452 1    
458:  0.061 0.872 0.067 1    
459:  0.075 0.804 0.120 1    
460:  0.458 0.314 0.228 1    
461:  0.099 0.066 0.834 1    
462:  0.251 0.226 0.523 1    
463:  0.238 0.648 0.114 1    
464:  0.076 0.072 0.852 1    
465:  0.419 0.406 0.175 1    
466:  0.143 0.555 0.302 1    
467:  0.422 0.401 0.177 1    
468:  0.106 0.794 0.101 1    
469:  0.065 0.835 0.100 1    
470:  0.115 0.628 0.257 1    
471:  0.075 0.098 0.827 1    
472:  0.059 0.847 0.094 1    
473:  0.160 0.095 0.745 1    
474:  0.444 0.175 0.381 1    
475:  0.052 0.915 0.033 1    
476:  0.571 0.327 0.102 1    
477:  0.192 0.052 0.756 1    
478:  0.241 0.148 0.611 1    
479:  0.251 0.642 0.107 1    
480:  0.141 0.552 0.307 1    
481:  0.414 0.455 0.131 1    
482:  0.413 0.398 0.189 1    
483:  0.149 0.588 0.263 1    
484:  0.059 0.873 0.068 1    
485:  0.179 0.681 0.140 1    
486:  0.198 0.624 0.178 1    
487:  0.347 0.368 0.285 1    
488:  0.346 0.313 0.341 1    
489:  0.301 0.606 0.093 1    
490:  0.064 0.861 0.075 1    
491:  0.158 0.338 0.504 1    
492:  0.827 0.073 0.100 1    
493:  0.692 0.123 0.185 1    
494:  0.430 0.471 0.099 1    
495:  0.513 0.383 0.104 1    
496:  0.345 0.214 0.441 1    
497:  0.313 0.426 0.261 1    
498:  0.097 0.676 0.227 1    
499:  0.130 0.294 0.576 1    
500:  0.131 0.213 0.657 1    
501:  0.634 0.192 0.174 1    
502:  0.649 0.137 0.214 1    
503:  0.110 0.401 0.489 1    
504:  0.197 0.126 0.676 1    
505:  0.152 0.616 0.231 1    
506:  0.460 0.403 0.137 1    
507:  0.096 0.097 0.807 1    
508:  0.520 0.111 0.369 1    
509:  0.259 0.401 0.339 1    
510:  0.500 0.280 0.220 1    
511:  0.450 0.187 0.363 1    
512:  0.368 0.521 0.112 1    
513:  0.209 0.445 0.346 1    
514:  0.274 0.392 0.334 1    
515:  0.106 0.810 0.084 1    
516:  0.225 0.667 0.108 1    
517:  0.467 0.324 0.209 1    
518:  0.115 0.092 0.793 1    
519:  0.154 0.508 0.338 1    
520:  0.721 0.152 0.127 1    
521:  0.446 0.301 0.253 1    
522:  0.256 0.155 0.589 1    
523:  0.596 0.141 0.263 1    
524:  0.371 0.387 0.242 1    
525:  0.531 0.328 0.141 1    
526:  0.480 0.259 0.261 1    
527:  0.114 0.454 0.432 1    
528:  0.245 0.234 0.521 1    
529:  0.188 0.349 0.463 1    
530:  0.167 0.223 0.610 1    
531:  0.489 0.422 0.090 1    
532:  0.544 0.349 0.106 1    
533:  0.193 0.538 0.268 1    
534:  0.068 0.847 0.085 1    
535:  0.726 0.129 0.144 1    
536:  0.373 0.491 0.136 1    
537:  0.829 0.071 0.100 1    
538:  0.427 0.454 0.118 1    
539:  0.776 0.098 0.126 1    
540:  0.096 0.750 0.154 1    
541:  0.220 0.644 0.137 1    
542:  0.155 0.214 0.631 1    
543:  0.745 0.091 0.165 1    
544:  0.528 0.123 0.349 1    
545:  0.403 0.502 0.094 1    
546:  0.134 0.244 0.622 1    
547:  0.867 0.059 0.073 1    
548:  0.151 0.100 0.749 1    
549:  0.800 0.095 0.105 1    
550:  0.588 0.100 0.312 1    
551:  0.182 0.243 0.576 1    
552:  0.399 0.253 0.348 1    
553:  0.629 0.068 0.303 1    
554:  0.293 0.175 0.532 1    
555:  0.088 0.073 0.839 1    
556:  0.157 0.326 0.517 1    
557:  0.454 0.357 0.189 1    
558:  0.169 0.482 0.350 1    
559:  0.127 0.143 0.730 1    
560:  0.507 0.222 0.271 1    
561:  0.344 0.494 0.162 1    
562:  0.241 0.221 0.537 1    
563:  0.177 0.336 0.487 1    
564:  0.321 0.312 0.367 1    
565:  0.137 0.754 0.109 1    
566:  0.497 0.173 0.330 1    
567:  0.121 0.581 0.298 1    
568:  0.300 0.469 0.230 1    
569:  0.656 0.121 0.223 1    
570:  0.124 0.642 0.234 1    
571:  0.251 0.637 0.112 1    
572:  0.178 0.061 0.761 1    
573:  0.448 0.445 0.106 1    
574:  0.404 0.469 0.126 1    
575:  0.317 0.142 0.541 1    
576:  0.302 0.450 0.249 1    
577:  0.160 0.073 0.768 1    
578:  0.711 0.191 0.098 1    
579:  0.457 0.235 0.307 1    
580:  0.593 0.289 0.118 1    
581:  0.092 0.536 0.372 1    
582:  0.100 0.704 0.197 1    
583:  0.087 0.474 0.439 1    
584:  0.376 0.462 0.162 1    
585:  0.099 0.784 0.117 1    
586:  0.409 0.336 0.255 1    
587:  0.150 0.251 0.599 1    
588:  0.055 0.897 0.048 1    
589:  0.101 0.788 0.111 1    
590:  0.346 0.316 0.337 1    
591:  0.208 0.143 0.649 1    
592:  0.223 0.148 0.629 1    
593:  0.801 0.090 0.109 1    
594:  0.547 0.112 0.341 1    
595:  0.403 0.234 0.364 1    
596:  0.239 0.256 0.505 1    
597:  0.246 0.356 0.398 1    
598:  0.382 0.351 0.267 1    
599:  0.489 0.412 0.099 1    
600:  0.809 0.105 0.086 1    
601:  0.128 0.513 0.358 1    
602:  0.063 0.849 0.089 1    
603:  0.074 0.859 0.067 1    
604:  0.055 0.901 0.044 1    
605:  0.689 0.193 0.118 1    
606:  0.296 0.170 0.534 1    
607:  0.111 0.110 0.779 1    
608:  0.226 0.395 0.379 1    
609:  0.317 0.493 0.190 1    
610:  0.233 0.265 0.503 1    
611:  0.134 0.796 0.070 1    
612:  0.572 0.339 0.090 1    
613:  0.170 0.550 0.280 1    
614:  0.664 0.134 0.202 1    
615:  0.406 0.287 0.307 1    
616:  0.256 0.370 0.373 1    
617:  0.412 0.432 0.156 1    
618:  0.701 0.158 0.140 1    
619:  0.130 0.608 0.262 1    
620:  0.474 0.179 0.347 1    
621:  0.109 0.798 0.093 1    
622:  0.124 0.737 0.139 1    
623:  0.101 0.800 0.100 1    
624:  0.175 0.697 0.128 1    
625:  0.505 0.343 0.151 1    
626:  0.571 0.329 0.100 1    
627:  0.272 0.429 0.299 1    
628:  0.188 0.725 0.087 1    
629:  0.816 0.072 0.112 1    
630:  0.199 0.687 0.114 1    
631:  0.179 0.725 0.096 1    
632:  0.496 0.255 0.249 1    
633:  0.108 0.653 0.239 1    
634:  0.417 0.169 0.414 1    
635:  0.185 0.204 0.611 1    
636:  0.142 0.746 0.112 1    
637:  0.318 0.358 0.325 1    
638:  0.457 0.184 0.359 1    
639:  0.199 0.424 0.377 1    
640:  0.203 0.470 0.327 1    
641:  0.436 0.299 0.265 1    
642:  0.579 0.255 0.166 1    
643:  0.439 0.208 0.354 1    
644:  0.579 0.236 0.186 1    
645:  0.683 0.197 0.120 1    
646:  0.382 0.277 0.341 1    
647:  0.374 0.122 0.503 1    
648:  0.380 0.193 0.427 1    
649:  0.724 0.162 0.114 1    
650:  0.248 0.455 0.297 1    
651:  0.180 0.246 0.574 1    
652:  0.213 0.212 0.576 1    
653:  0.504 0.310 0.186 1    
654:  0.110 0.384 0.506 1    
655:  0.459 0.402 0.139 1    
656:  0.335 0.346 0.318 1    
657:  0.287 0.328 0.385 1    
658:  0.064 0.148 0.788 1    
659:  0.117 0.535 0.348 1    
660:  0.186 0.486 0.329 1    
661:  0.415 0.438 0.146 1    
662:  0.397 0.396 0.207 1    
663:  0.075 0.853 0.071 1    
664:  0.249 0.256 0.496 1    
665:  0.152 0.151 0.697 1    
666:  0.559 0.219 0.222 1    
667:  0.213 0.187 0.600 1    
668:  0.782 0.147 0.072 1    
669:  0.165 0.287 0.548 1    
670:  0.476 0.345 0.179 1    
671:  0.703 0.196 0.101 1    
672:  0.151 0.709 0.141 1    
673:  0.478 0.106 0.415 1    
674:  0.709 0.153 0.138 1    
675:  0.240 0.174 0.585 1    
676:  0.642 0.172 0.186 1    
677:  0.331 0.494 0.175 1    
678:  0.247 0.476 0.277 1    
679:  0.090 0.692 0.218 1    
680:  0.355 0.184 0.461 1    
681:  0.324 0.494 0.181 1    
682:  0.118 0.735 0.147 1    
683:  0.223 0.397 0.380 1    
684:  0.701 0.111 0.189 1    
685:  0.557 0.294 0.149 1    
686:  0.300 0.133 0.567 1    
687:  0.677 0.098 0.225 1    
688:  0.545 0.179 0.276 1    
689:  0.169 0.686 0.145 1    
690:  0.603 0.129 0.268 1    
691:  0.709 0.117 0.173 1    
692:  0.333 0.439 0.228 1    
693:  0.247 0.195 0.558 1    
694:  0.140 0.289 0.571 1    
695:  0.299 0.274 0.427 1    
696:  0.661 0.169 0.170 1    
697:  0.178 0.131 0.690 1    
698:  0.090 0.842 0.068 1    
699:  0.475 0.277 0.248 1    
700:  0.375 0.472 0.153 1    
701:  0.315 0.494 0.191 1    
702:  0.352 0.247 0.401 1    
703:  0.155 0.749 0.095 1    
704:  0.272 0.311 0.417 1    
705:  0.752 0.104 0.144 1    
706:  0.168 0.499 0.333 1    
707:  0.474 0.220 0.306 1    
708:  0.484 0.200 0.316 1    
709:  0.259 0.240 0.501 1    
710:  0.790 0.074 0.136 1    
711:  0.222 0.435 0.343 1    
712:  0.138 0.126 0.736 1    
713:  0.286 0.191 0.522 1    
714:  0.686 0.205 0.109 1    
715:  0.431 0.175 0.394 1    
716:  0.677 0.079 0.244 1    
717:  0.104 0.499 0.397 1    
718:  0.181 0.131 0.688 1    
719:  0.606 0.199 0.194 1    
720:  0.450 0.420 0.130 1    
721:  0.306 0.259 0.435 1    
722:  0.307 0.145 0.548 1    
723:  0.134 0.145 0.722 1    
724:  0.146 0.470 0.383 1    
725:  0.418 0.144 0.438 1    
726:  0.083 0.253 0.664 1    
727:  0.643 0.112 0.245 1    
728:  0.678 0.195 0.127 1    
729:  0.750 0.111 0.139 1    
730:  0.773 0.082 0.145 1    
731:  0.801 0.079 0.119 1    
732:  0.381 0.218 0.401 1    
733:  0.235 0.580 0.186 1    
734:  0.273 0.419 0.308 1    
735:  0.669 0.135 0.195 1    
736:  0.235 0.344 0.421 1    
737:  0.766 0.141 0.093 1    
738:  0.464 0.181 0.355 1    
739:  0.560 0.317 0.123 1    
740:  0.705 0.146 0.149 1    
741:  0.326 0.600 0.074 1    
742:  0.431 0.332 0.237 1    
743:  0.152 0.782 0.066 1    
744:  0.302 0.405 0.294 1    
745:  0.169 0.496 0.335 1    
746:  0.376 0.275 0.349 1    
747:  0.455 0.336 0.209 1    
748:  0.592 0.229 0.179 1    
749:  0.602 0.276 0.122 1    
750:  0.401 0.500 0.100 1    
751:  0.189 0.095 0.716 1    
752:  0.291 0.373 0.336 1    
753:  0.193 0.216 0.592 1    
754:  0.270 0.130 0.600 1    
755:  0.331 0.111 0.558 1    
756:  0.213 0.212 0.575 1    
757:  0.666 0.151 0.183 1    
758:  0.554 0.127 0.319 1    
759:  0.140 0.770 0.089 1    
760:  0.190 0.622 0.189 1    
761:  0.123 0.670 0.207 1    
762:  0.155 0.668 0.177 1    
763:  0.621 0.209 0.170 1    
764:  0.673 0.172 0.154 1    
765:  0.176 0.209 0.615 1    
766:  0.494 0.083 0.423 1    
767:  0.101 0.730 0.169 1    
768:  0.327 0.549 0.125 1    
769:  0.328 0.355 0.316 1    
770:  0.667 0.256 0.077 1    
771:  0.766 0.098 0.136 1    
772:  0.123 0.667 0.210 1    
773:  0.494 0.286 0.220 1    
774:  0.781 0.054 0.165 1    
775:  0.336 0.376 0.288 1    
776:  0.109 0.500 0.390 1    
777:  0.222 0.290 0.488 1    
778:  0.336 0.157 0.507 1    
779:  0.280 0.565 0.156 1    
780:  0.534 0.210 0.257 1    
781:  0.284 0.350 0.366 1    
782:  0.416 0.193 0.391 1    
783:  0.218 0.197 0.585 1    
784:  0.073 0.876 0.051 1    
785:  0.160 0.611 0.229 1    
786:  0.266 0.476 0.258 1    
787:  0.313 0.411 0.276 1    
788:  0.183 0.535 0.282 1    
789:  0.119 0.508 0.373 1    
790:  0.509 0.142 0.349 1    
791:  0.389 0.431 0.180 1    
792:  0.702 0.098 0.201 1    
793:  0.358 0.372 0.270 1    
794:  0.270 0.130 0.601 1    
795:  0.358 0.322 0.319 1    
796:  0.191 0.434 0.375 1    
797:  0.471 0.278 0.252 1    
798:  0.230 0.380 0.390 1    
799:  0.460 0.313 0.227 1    
800:  0.174 0.204 0.622 1    
801:  0.164 0.080 0.756 1    
802:  0.224 0.555 0.221 1    
803:  0.353 0.073 0.574 1    
804:  0.123 0.789 0.088 1    
805:  0.268 0.362 0.371 1    
806:  0.147 0.110 0.742 1    
807:  0.681 0.130 0.189 1    
808:  0.367 0.122 0.511 1    
809:  0.771 0.134 0.095 1    
810:  0.541 0.148 0.311 1    
811:  0.619 0.193 0.188 1    
812:  0.374 0.224 0.402 1    
813:  0.098 0.278 0.624 1    
814:  0.158 0.303 0.539 1    
815:  0.244 0.394 0.362 1    
816:  0.299 0.556 0.146 1    
817:  0.857 0.072 0.071 1    
818:  0.615 0.232 0.152 1    
819:  0.206 0.513 0.281 1    
820:  0.376 0.393 0.231 1    
821:  0.584 0.309 0.106 1    
822:  0.345 0.314 0.341 1    
823:  0.088 0.841 0.071 1    
824:  0.766 0.123 0.110 1    
825:  0.760 0.128 0.112 1    
826:  0.356 0.214 0.430 1    
827:  0.680 0.068 0.253 1    
828:  0.727 0.110 0.164 1    
829:  0.109 0.311 0.580 1    
830:  0.462 0.293 0.245 1    
831:  0.599 0.257 0.144 1    
832:  0.400 0.126 0.475 1    
833:  0.365 0.274 0.360 1    
834:  0.499 0.203 0.297 1    
835:  0.568 0.301 0.131 1    
836:  0.092 0.721 0.187 1    
837:  0.210 0.080 0.710 1    
838:  0.450 0.158 0.392 1    
839:  0.282 0.458 0.259 1    
840:  0.735 0.137 0.128 1    
841:  0.252 0.364 0.384 1    
842:  0.330 0.265 0.405 1    
843:  0.081 0.252 0.666 1    
844:  0.137 0.776 0.086 1    
845:  0.453 0.285 0.261 1    
846:  0.165 0.621 0.214 1    
847:  0.177 0.325 0.498 1    
848:  0.626 0.135 0.240 1    
849:  0.441 0.135 0.425 1    
850:  0.761 0.114 0.125 1    
851:  0.247 0.319 0.433 1    
852:  0.140 0.751 0.108 1    
853:  0.076 0.206 0.718 1    
854:  0.506 0.381 0.113 1    
855:  0.149 0.730 0.121 1    
856:  0.516 0.300 0.184 1    
857:  0.109 0.162 0.729 1    
858:  0.249 0.614 0.136 1    
859:  0.406 0.344 0.250 1    
860:  0.186 0.288 0.526 1    
861:  0.368 0.286 0.346 1    
862:  0.584 0.061 0.355 1    
863:  0.751 0.056 0.193 1    
864:  0.591 0.208 0.201 1    
865:  0.211 0.421 0.367 1    
866:  0.146 0.123 0.731 1    
867:  0.442 0.092 0.466 1    
868:  0.343 0.392 0.266 1    
869:  0.205 0.383 0.412 1    
870:  0.218 0.169 0.613 1    
871:  0.151 0.737 0.112 1    
872:  0.419 0.414 0.166 1    
873:  0.288 0.362 0.350 1    
874:  0.138 0.232 0.630 1    
875:  0.399 0.355 0.246 1    
876:  0.707 0.140 0.153 1    
877:  0.827 0.084 0.088 1    
878:  0.150 0.107 0.743 1    
879:  0.325 0.371 0.305 1    
880:  0.104 0.847 0.049 1    
881:  0.073 0.875 0.052 1    
882:  0.099 0.827 0.073 1    
883:  0.760 0.082 0.158 1    
884:  0.190 0.361 0.449 1    
885:  0.533 0.210 0.257 1    
886:  0.370 0.408 0.222 1    
887:  0.420 0.370 0.210 1    
888:  0.486 0.154 0.360 1    
889:  0.180 0.508 0.313 1    
890:  0.429 0.373 0.198 1    
891:  0.264 0.409 0.327 1    
892:  0.198 0.095 0.707 1    
893:  0.568 0.164 0.268 1    
894:  0.151 0.213 0.636 1    
895:  0.111 0.101 0.788 1    
896:  0.268 0.359 0.373 1    
897:  0.343 0.468 0.189 1    
898:  0.143 0.254 0.604 1    
899:  0.096 0.130 0.774 1    
900:  0.497 0.156 0.347 1    
901:  0.152 0.218 0.631 1    
902:  0.287 0.523 0.190 1    
903:  0.550 0.326 0.125 1    
904:  0.231 0.096 0.674 1    
905:  0.104 0.123 0.773 1    
906:  0.416 0.372 0.213 1    
907:  0.556 0.248 0.196 1    
908:  0.346 0.095 0.559 1    
909:  0.099 0.821 0.080 1    
910:  0.289 0.068 0.643 1    
911:  0.312 0.362 0.326 1    
912:  0.080 0.076 0.844 1    
913:  0.487 0.199 0.315 1    
914:  0.073 0.075 0.852 1    
915:  0.127 0.294 0.578 1    
916:  0.395 0.443 0.162 1    
917:  0.559 0.310 0.132 1    
918:  0.206 0.123 0.671 1    
919:  0.136 0.492 0.372 1    
920:  0.159 0.114 0.727 1    
921:  0.233 0.274 0.493 1    
922:  0.653 0.053 0.294 1    
923:  0.650 0.105 0.245 1    
924:  0.086 0.099 0.815 1    
925:  0.147 0.712 0.141 1    
926:  0.214 0.345 0.441 1    
927:  0.065 0.117 0.818 1    
928:  0.362 0.094 0.543 1    
929:  0.080 0.764 0.156 1    
930:  0.155 0.275 0.570 1    
931:  0.138 0.635 0.227 1    
932:  0.188 0.393 0.419 1    
933:  0.446 0.183 0.372 1    
934:  0.267 0.300 0.433 1    
935:  0.207 0.573 0.221 1    
936:  0.117 0.284 0.599 1    
937:  0.446 0.284 0.270 1    
938:  0.135 0.103 0.762 1    
939:  0.219 0.141 0.640 1    
940:  0.251 0.081 0.667 1    
941:  0.161 0.573 0.265 1    
942:  0.495 0.096 0.409 1    
943:  0.311 0.493 0.197 1    
944:  0.139 0.095 0.765 1    
945:  0.124 0.159 0.717 1    
946:  0.120 0.142 0.739 1    
947:  0.808 0.052 0.140 1    
948:  0.422 0.149 0.429 1    
949:  0.243 0.509 0.248 1    
950:  0.087 0.107 0.806 1    
951:  0.175 0.579 0.245 1    
952:  0.134 0.104 0.762 1    
953:  0.102 0.087 0.810 1    
954:  0.419 0.220 0.361 1    
955:  0.079 0.087 0.833 1    
956:  0.069 0.142 0.788 1    
957:  0.258 0.191 0.551 1    
958:  0.185 0.095 0.720 1    
959:  0.445 0.246 0.309 1    
960:  0.136 0.175 0.689 1    
961:  0.439 0.067 0.494 1    
962:  0.398 0.319 0.284 1    
963:  0.170 0.671 0.159 1    
964:  0.212 0.268 0.520 1    
965:  0.536 0.161 0.303 1    
966:  0.161 0.423 0.416 1    
967:  0.111 0.189 0.699 1    
968:  0.166 0.200 0.634 1    
969:  0.591 0.082 0.328 1    
970:  0.062 0.854 0.084 1    
971:  0.264 0.101 0.635 1    
972:  0.223 0.124 0.653 1    
973:  0.143 0.706 0.151 1    
974:  0.168 0.161 0.671 1    
975:  0.201 0.143 0.656 1    
976:  0.769 0.149 0.082 1    
977:  0.613 0.187 0.200 1    
978:  0.224 0.645 0.131 1    
979:  0.383 0.366 0.251 1    
980:  0.306 0.510 0.185 1    
981:  0.488 0.177 0.335 1    
982:  0.274 0.217 0.510 1    
983:  0.129 0.135 0.736 1    
984:  0.218 0.181 0.601 1    
985:  0.551 0.226 0.223 1    
986:  0.243 0.658 0.099 1    
987:  0.149 0.105 0.746 1    
988:  0.064 0.871 0.065 1    
989:  0.467 0.224 0.309 1    
990:  0.248 0.282 0.470 1    
991:  0.104 0.473 0.423 1    
992:  0.173 0.285 0.542 1    
993:  0.415 0.106 0.479 1    
994:  0.136 0.185 0.679 1    
995:  0.089 0.815 0.096 1    
996:  0.317 0.535 0.148 1    
997:  0.333 0.239 0.428 1    
998:  0.179 0.339 0.482 1    
999:  0.526 0.126 0.348 1    
1000: 0.105 0.250 0.646 1    
1001: 0.200 0.182 0.618 1    
1002: 0.077 0.178 0.745 1    
1003: 0.396 0.394 0.210 1    
1004: 0.270 0.286 0.444 1    
1005: 0.149 0.318 0.533 1    
1006: 0.098 0.208 0.693 1    
1007: 0.138 0.269 0.593 1    
1008: 0.212 0.179 0.610 1    
1009: 0.694 0.200 0.106 1    
1010: 0.139 0.146 0.715 1    
1011: 0.379 0.261 0.360 1    
1012: 0.160 0.709 0.131 1    
1013: 0.480 0.165 0.355 1    
1014: 0.144 0.343 0.513 1    
1015: 0.091 0.366 0.544 1    
1016: 0.306 0.305 0.389 1    
1017: 0.151 0.476 0.373 1    
1018: 0.576 0.110 0.314 1    
1019: 0.811 0.099 0.089 1    
1020: 0.196 0.455 0.349 1    
1021: 0.404 0.340 0.257 1    
1022: 0.114 0.119 0.768 1    
1023: 0.332 0.552 0.116 1    
1024: 0.171 0.478 0.351 1    
1025: 0.111 0.467 0.422 1    
1026: 0.090 0.075 0.835 1    
1027: 0.567 0.270 0.162 1    
1028: 0.061 0.063 0.876 1    
1029: 0.135 0.500 0.365 1    
1030: 0.134 0.247 0.619 1    
1031: 0.171 0.618 0.211 1    
1032: 0.342 0.479 0.179 1    
1033: 0.472 0.192 0.337 1    
1034: 0.187 0.110 0.703 1    
1035: 0.304 0.538 0.158 1    
1036: 0.291 0.309 0.399 1    
1037: 0.100 0.167 0.733 1    
1038: 0.146 0.176 0.678 1    
1039: 0.166 0.369 0.465 1    
1040: 0.538 0.272 0.191 1    
1041: 0.435 0.418 0.147 1    
1042: 0.180 0.095 0.725 1    
1043: 0.413 0.117 0.471 1    
1044: 0.127 0.336 0.537 1    
1045: 0.128 0.759 0.113 1    
1046: 0.190 0.568 0.242 1    
1047: 0.593 0.223 0.184 1    
1048: 0.326 0.158 0.517 1    
1049: 0.334 0.086 0.580 1    
1050: 0.338 0.074 0.588 1    
1051: 0.129 0.714 0.158 1    
1052: 0.142 0.659 0.199 1    
1053: 0.206 0.368 0.425 1    
1054: 0.126 0.129 0.745 1    
1055: 0.093 0.290 0.616 1    
1056: 0.358 0.111 0.532 1    
1057: 0.116 0.146 0.739 1    
1058: 0.133 0.355 0.513 1    
1059: 0.493 0.249 0.258 1    
1060: 0.370 0.284 0.346 1    
1061: 0.147 0.394 0.459 1    
1062: 0.394 0.312 0.294 1    
1063: 0.365 0.158 0.477 1    
1064: 0.740 0.098 0.162 1    
1065: 0.187 0.599 0.214 1    
1066: 0.813 0.094 0.092 1    
1067: 0.524 0.144 0.331 1    
1068: 0.132 0.506 0.362 1    
1069: 0.196 0.283 0.521 1    
1070: 0.187 0.441 0.372 1    
1071: 0.115 0.191 0.694 1    
1072: 0.235 0.657 0.108 1    
1073: 0.417 0.411 0.172 1    
1074: 0.276 0.231 0.494 1    
1075: 0.207 0.250 0.543 1    
1076: 0.658 0.161 0.181 1    
1077: 0.141 0.525 0.334 1    
1078: 0.440 0.252 0.308 1    
1079: 0.452 0.212 0.336 1    
1080: 0.124 0.109 0.766 1    
1081: 0.274 0.337 0.389 1    
1082: 0.571 0.149 0.280 1    
1083: 0.164 0.160 0.676 1    
1084: 0.352 0.113 0.535 1    
1085: 0.747 0.156 0.097 1    
1086: 0.123 0.733 0.145 1    
1087: 0.370 0.312 0.318 1    
1088: 0.157 0.196 0.647 1    
1089: 0.612 0.117 0.271 1    
1090: 0.137 0.764 0.099 1    
1091: 0.072 0.776 0.152 1    
1092: 0.133 0.735 0.131 1    
1093: 0.277 0.333 0.389 1    
1094: 0.381 0.128 0.492 1    
1095: 0.319 0.314 0.366 1    
1096: 0.228 0.228 0.544 1    
1097: 0.357 0.519 0.124 1    
1098: 0.692 0.114 0.195 1    
1099: 0.586 0.193 0.221 1    
1100: 0.349 0.296 0.355 1    
1101: 0.382 0.316 0.302 1    
1102: 0.146 0.723 0.131 1    
1103: 0.333 0.180 0.487 1    
1104: 0.486 0.220 0.294 1    
1105: 0.100 0.154 0.746 1    
1106: 0.361 0.318 0.321 1    
1107: 0.494 0.185 0.320 1    
1108: 0.119 0.230 0.651 1    
1109: 0.566 0.133 0.301 1    
1110: 0.345 0.450 0.206 1    
1111: 0.415 0.293 0.291 1    
1112: 0.202 0.335 0.463 1    
1113: 0.320 0.314 0.367 1    
1114: 0.522 0.238 0.240 1    
1115: 0.204 0.405 0.390 1    
1116: 0.161 0.712 0.127 1    
1117: 0.194 0.140 0.667 1    
1118: 0.184 0.187 0.629 1    
1119: 0.296 0.079 0.626 1    
1120: 0.108 0.305 0.586 1    
1121: 0.312 0.342 0.346 1    
1122: 0.288 0.187 0.526 1    
1123: 0.705 0.065 0.230 1    
1124: 0.286 0.314 0.400 1    
1125: 0.142 0.175 0.683 1    
1126: 0.274 0.526 0.200 1    
1127: 0.591 0.257 0.152 1    
1128: 0.280 0.204 0.516 1    
1129: 0.393 0.360 0.247 1    
1130: 0.211 0.091 0.698 1    
1131: 0.144 0.106 0.750 1    
1132: 0.257 0.374 0.370 1    
1133: 0.190 0.080 0.730 1    
1134: 0.292 0.394 0.314 1    
1135: 0.395 0.492 0.113 1    
1136: 0.712 0.121 0.167 1    
1137: 0.403 0.144 0.453 1    
1138: 0.263 0.394 0.343 1    
1139: 0.260 0.558 0.182 1    
1140: 0.695 0.188 0.117 1    
1141: 0.471 0.439 0.090 1    
1142: 0.082 0.107 0.811 1    
1143: 0.141 0.124 0.735 1    
1144: 0.209 0.635 0.156 1    
1145: 0.307 0.484 0.209 1    
1146: 0.678 0.210 0.112 1    
1147: 0.391 0.159 0.451 1    
1148: 0.415 0.130 0.454 1    
1149: 0.232 0.384 0.384 1    
1150: 0.090 0.556 0.354 1    
1151: 0.415 0.283 0.302 1    
1152: 0.512 0.127 0.361 1    
1153: 0.233 0.079 0.687 1    
1154: 0.115 0.766 0.120 1    
1155: 0.697 0.151 0.152 1    
1156: 0.137 0.123 0.741 1    
1157: 0.153 0.403 0.444 1    
1158: 0.143 0.118 0.739 1    
1159: 0.383 0.308 0.309 1    
1160: 0.238 0.105 0.657 1    
1161: 0.074 0.153 0.773 1    
1162: 0.303 0.532 0.166 1    
1163: 0.162 0.142 0.696 1    
1164: 0.236 0.281 0.483 1    
1165: 0.221 0.158 0.621 1    
1166: 0.118 0.193 0.689 1    
1167: 0.095 0.155 0.750 1    
1168: 0.382 0.501 0.117 1    
1169: 0.408 0.410 0.182 1    
1170: 0.068 0.098 0.835 1    
1171: 0.506 0.170 0.324 1    
1172: 0.111 0.099 0.790 1    
1173: 0.694 0.236 0.070 1    
1174: 0.379 0.147 0.474 1    
1175: 0.155 0.657 0.188 1    
1176: 0.254 0.308 0.438 1    
1177: 0.333 0.372 0.295 1    
1178: 0.119 0.201 0.681 1    
1179: 0.131 0.407 0.462 1    
1180: 0.100 0.410 0.490 1    
1181: 0.637 0.113 0.250 1    
1182: 0.332 0.109 0.559 1    
1183: 0.112 0.153 0.735 1    
1184: 0.152 0.477 0.371 1    
1185: 0.168 0.707 0.125 1    
1186: 0.463 0.358 0.179 1    
1187: 0.701 0.124 0.175 1    
1188: 0.310 0.171 0.519 1    
1189: 0.086 0.367 0.547 1    
1190: 0.099 0.111 0.790 1    
1191: 0.323 0.272 0.405 1    
1192: 0.292 0.069 0.640 1    
1193: 0.398 0.319 0.283 1    
1194: 0.101 0.159 0.740 1    
1195: 0.111 0.123 0.766 1    
1196: 0.117 0.089 0.794 1    
1197: 0.200 0.312 0.488 1    
1198: 0.130 0.671 0.199 1    
1199: 0.104 0.399 0.497 1    
1200: 0.132 0.606 0.262 1    
1201: 0.144 0.125 0.731 1    
1202: 0.224 0.287 0.489 1    
1203: 0.190 0.468 0.343 1    
1204: 0.191 0.076 0.733 1    
1205: 0.347 0.144 0.510 1    
1206: 0.206 0.431 0.363 1    
1207: 0.243 0.528 0.228 1    
1208: 0.314 0.085 0.601 1    
1209: 0.316 0.078 0.605 1    
1210: 0.345 0.281 0.374 1    
1211: 0.390 0.346 0.264 1    
1212: 0.329 0.354 0.317 1    
1213: 0.136 0.123 0.741 1    
1214: 0.679 0.151 0.171 1    
1215: 0.624 0.266 0.110 1    
1216: 0.754 0.120 0.126 1    
1217: 0.182 0.443 0.375 1    
1218: 0.208 0.406 0.386 1    
1219: 0.089 0.110 0.800 1    
1220: 0.514 0.243 0.243 1    
1221: 0.473 0.281 0.246 1    
1222: 0.243 0.412 0.345 1    
1223: 0.374 0.128 0.498 1    
1224: 0.217 0.497 0.286 1    
1225: 0.193 0.323 0.484 1    
1226: 0.591 0.299 0.110 1    
1227: 0.110 0.264 0.626 1    
1228: 0.622 0.283 0.094 1    
1229: 0.242 0.197 0.561 1    
1230: 0.135 0.213 0.652 1    
1231: 0.096 0.674 0.230 1    
1232: 0.561 0.231 0.208 1    
1233: 0.202 0.650 0.148 1    
1234: 0.214 0.312 0.474 1    
1235: 0.650 0.189 0.161 1    
1236: 0.264 0.072 0.665 1    
1237: 0.140 0.110 0.750 1    
1238: 0.110 0.113 0.777 1    
1239: 0.570 0.340 0.091 1    
1240: 0.706 0.106 0.188 1    
1241: 0.382 0.150 0.468 1    
1242: 0.629 0.214 0.157 1    
1243: 0.231 0.340 0.429 1    
1244: 0.081 0.076 0.842 1    
1245: 0.087 0.794 0.119 1    
1246: 0.113 0.174 0.713 1    
1247: 0.210 0.683 0.107 1    
1248: 0.647 0.183 0.170 1    
1249: 0.106 0.202 0.692 1    
1250: 0.172 0.600 0.228 1    
1251: 0.531 0.169 0.301 1    
1252: 0.398 0.344 0.258 1    
1253: 0.606 0.215 0.179 1    
1254: 0.714 0.074 0.212 1    
1255: 0.365 0.311 0.324 1    
1256: 0.461 0.437 0.101 1    
1257: 0.374 0.419 0.207 1    
1258: 0.324 0.424 0.253 1    
1259: 0.424 0.256 0.320 1    
1260: 0.150 0.268 0.582 1    
1261: 0.752 0.179 0.069 1    
1262: 0.275 0.358 0.366 1    
1263: 0.808 0.068 0.124 1    
1264: 0.207 0.481 0.312 1    
1265: 0.287 0.593 0.120 1    
1266: 0.517 0.133 0.350 1    
1267: 0.605 0.177 0.218 1    
1268: 0.354 0.151 0.495 1    
1269: 0.465 0.271 0.264 1    
1270: 0.438 0.374 0.188 1    
1271: 0.234 0.376 0.390 1    
1272: 0.102 0.160 0.738 1    
1273: 0.436 0.128 0.436 1    
1274: 0.532 0.244 0.225 1    
1275: 0.769 0.119 0.112 1    
1276: 0.358 0.255 0.387 1    
1277: 0.716 0.152 0.131 1    
1278: 0.453 0.356 0.191 1    
1279: 0.349 0.407 0.244 1    
1280: 0.368 0.533 0.099 1    
1281: 0.141 0.785 0.074 1    
1282: 0.759 0.062 0.180 1    
1283: 0.677 0.190 0.133 1    
1284: 0.350 0.132 0.518 1    
1285: 0.133 0.663 0.204 1    
1286: 0.162 0.659 0.179 1    
1287: 0.611 0.293 0.096 1    
1288: 0.136 0.762 0.102 1    
1289: 0.559 0.080 0.361 1    
1290: 0.446 0.102 0.452 1    
1291: 0.451 0.320 0.230 1    
1292: 0.507 0.232 0.262 1    
1293: 0.364 0.408 0.228 1    
1294: 0.346 0.319 0.334 1    
1295: 0.594 0.265 0.141 1    
1296: 0.317 0.563 0.120 1    
1297: 0.134 0.335 0.531 1    
1298: 0.847 0.071 0.082 1    
1299: 0.600 0.293 0.108 1    
1300: 0.273 0.443 0.284 1    
1301: 0.156 0.203 0.641 1    
1302: 0.315 0.112 0.573 1    
1303: 0.434 0.343 0.223 1    
1304: 0.532 0.267 0.201 1    
1305: 0.611 0.215 0.174 1    
1306: 0.396 0.203 0.401 1    
1307: 0.682 0.195 0.122 1    
1308: 0.710 0.171 0.119 1    
1309: 0.354 0.151 0.495 1    
1310: 0.581 0.300 0.120 1    
1311: 0.367 0.499 0.134 1    
1312: 0.631 0.221 0.149 1    
1313: 0.246 0.235 0.519 1    
1314: 0.339 0.189 0.473 1    
1315: 0.593 0.262 0.145 1    
1316: 0.357 0.274 0.369 1    
1317: 0.369 0.299 0.331 1    
1318: 0.369 0.205 0.426 1    
1319: 0.424 0.101 0.474 1    
1320: 0.417 0.471 0.112 1    
1321: 0.207 0.395 0.399 1    
1322: 0.537 0.412 0.051 1    
1323: 0.262 0.103 0.635 1    
1324: 0.571 0.233 0.196 1    
1325: 0.678 0.217 0.105 1    
1326: 0.381 0.467 0.151 1    
1327: 0.375 0.121 0.504 1    
1328: 0.403 0.239 0.358 1    
1329: 0.315 0.344 0.341 1    
1330: 0.617 0.117 0.266 1    
1331: 0.450 0.199 0.351 1    
1332: 0.314 0.132 0.554 1    
1333: 0.305 0.290 0.406 1    
