1:    0.072 0.273 0.050 0.119 0.035 0.080 0.074 0.165 0.058 0.074 1    
2:    0.106 0.050 0.055 0.029 0.046 0.050 0.215 0.068 0.105 0.275 1    
3:    0.104 0.043 0.109 0.099 0.096 0.093 0.124 0.133 0.072 0.128 1    
4:    0.036 0.029 0.074 0.019 0.031 0.039 0.047 0.106 0.022 0.597 1    
5:    0.067 0.060 0.173 0.247 0.050 0.025 0.040 0.089 0.209 0.039 1    
6:    0.083 0.061 0.202 0.031 0.026 0.033 0.126 0.235 0.095 0.109 1    
7:    0.085 0.056 0.025 0.042 0.034 0.049 0.150 0.059 0.374 0.125 1    
8:    0.057 0.021 0.049 0.023 0.153 0.063 0.264 0.203 0.027 0.140 1    
9:    0.077 0.046 0.334 0.044 0.072 0.188 0.053 0.064 0.064 0.058 1    
10:   0.100 0.036 0.035 0.124 0.071 0.037 0.028 0.478 0.051 0.039 1    
11:   0.044 0.051 0.021 0.036 0.067 0.031 0.033 0.136 0.056 0.524 1    
12:   0.184 0.020 0.052 0.180 0.047 0.116 0.020 0.165 0.189 0.027 1    
13:   0.057 0.125 0.084 0.373 0.034 0.042 0.074 0.041 0.029 0.141 1    
14:   0.137 0.025 0.025 0.036 0.124 0.319 0.039 0.050 0.154 0.092 1    
15:   0.063 0.120 0.118 0.029 0.054 0.380 0.041 0.050 0.052 0.092 1    
16:   0.063 0.548 0.074 0.018 0.019 0.085 0.044 0.091 0.040 0.018 1    
17:   0.171 0.082 0.055 0.356 0.076 0.049 0.040 0.062 0.054 0.054 1    
18:   0.093 0.120 0.041 0.052 0.047 0.089 0.031 0.043 0.055 0.428 1    
19:   0.067 0.132 0.059 0.031 0.118 0.050 0.058 0.162 0.114 0.207 1    
20:   0.078 0.275 0.214 0.043 0.045 0.153 0.070 0.026 0.024 0.072 1    
21:   0.089 0.083 0.099 0.041 0.043 0.223 0.094 0.047 0.039 0.242 1    
22:   0.031 0.036 0.045 0.028 0.021 0.035 0.026 0.047 0.695 0.035 1    
23:   0.077 0.031 0.021 0.022 0.023 0.037 0.127 0.064 0.058 0.542 1    
24:   0.041 0.631 0.026 0.024 0.126 0.029 0.033 0.034 0.016 0.040 1    
25:   0.175 0.028 0.035 0.050 0.382 0.076 0.041 0.065 0.060 0.089 1    
26:   0.054 0.045 0.032 0.026 0.022 0.644 0.016 0.048 0.050 0.063 1    
27:   0.026 0.027 0.014 0.016 0.025 0.015 0.084 0.165 0.019 0.609 1    
28:   0.052 0.017 0.018 0.171 0.036 0.028 0.016 0.018 0.528 0.116 1    
29:   0.052 0.024 0.028 0.021 0.030 0.595 0.108 0.040 0.048 0.055 1    
30:   0.084 0.031 0.021 0.029 0.017 0.019 0.024 0.423 0.067 0.285 1    
31:   0.136 0.126 0.094 0.029 0.120 0.151 0.053 0.181 0.026 0.084 1    
32:   0.227 0.035 0.015 0.163 0.314 0.026 0.051 0.059 0.044 0.067 1    
33:   0.034 0.094 0.019 0.020 0.062 0.017 0.387 0.125 0.036 0.206 1    
34:   0.094 0.097 0.144 0.018 0.038 0.134 0.037 0.047 0.059 0.333 1    
35:   0.041 0.044 0.040 0.172 0.027 0.034 0.022 0.036 0.020 0.564 1    
36:   0.135 0.081 0.079 0.203 0.052 0.040 0.146 0.035 0.033 0.196 1    
37:   0.074 0.497 0.033 0.035 0.053 0.067 0.043 0.072 0.034 0.091 1    
38:   0.095 0.099 0.039 0.039 0.028 0.042 0.079 0.080 0.047 0.452 1    
39:   0.080 0.054 0.047 0.040 0.021 0.058 0.042 0.409 0.064 0.185 1    
40:   0.170 0.101 0.095 0.045 0.056 0.127 0.137 0.045 0.138 0.086 1    
41:   0.095 0.131 0.097 0.268 0.087 0.069 0.034 0.062 0.083 0.073 1    
42:   0.189 0.039 0.032 0.039 0.060 0.086 0.034 0.437 0.043 0.041 1    
43:   0.019 0.014 0.015 0.012 0.023 0.017 0.018 0.028 0.016 0.836 1    
44:   0.157 0.032 0.029 0.462 0.098 0.032 0.032 0.050 0.050 0.059 1    
45:   0.091 0.075 0.038 0.066 0.047 0.163 0.041 0.094 0.243 0.142 1    
46:   0.039 0.025 0.015 0.020 0.033 0.023 0.015 0.710 0.023 0.097 1    
47:   0.079 0.096 0.044 0.072 0.040 0.079 0.032 0.051 0.074 0.433 1    
48:   0.088 0.030 0.017 0.038 0.071 0.055 0.065 0.029 0.053 0.554 1    
49:   0.049 0.322 0.034 0.031 0.032 0.165 0.020 0.029 0.276 0.041 1    
50:   0.094 0.062 0.050 0.100 0.059 0.076 0.037 0.075 0.390 0.056 1    
51:   0.060 0.090 0.104 0.019 0.045 0.069 0.515 0.031 0.027 0.039 1    
52:   0.158 0.349 0.048 0.059 0.044 0.030 0.029 0.054 0.058 0.171 1    
53:   0.047 0.080 0.040 0.034 0.026 0.025 0.021 0.064 0.050 0.613 1    
54:   0.073 0.241 0.139 0.040 0.075 0.049 0.029 0.230 0.069 0.055 1    
55:   0.147 0.041 0.033 0.072 0.434 0.020 0.033 0.138 0.035 0.047 1    
56:   0.025 0.080 0.026 0.017 0.024 0.025 0.014 0.030 0.026 0.733 1    
57:   0.037 0.029 0.064 0.247 0.048 0.030 0.027 0.042 0.391 0.086 1    
58:   0.131 0.117 0.032 0.024 0.093 0.109 0.131 0.109 0.105 0.146 1    
59:   0.027 0.021 0.069 0.018 0.018 0.022 0.018 0.021 0.027 0.760 1    
60:   0.087 0.378 0.093 0.032 0.082 0.067 0.079 0.053 0.097 0.031 1    
61:   0.116 0.302 0.065 0.060 0.029 0.076 0.030 0.136 0.080 0.106 1    
62:   0.032 0.040 0.019 0.055 0.029 0.028 0.023 0.043 0.644 0.087 1    
63:   0.018 0.012 0.022 0.014 0.021 0.015 0.021 0.018 0.015 0.844 1    
64:   0.055 0.061 0.069 0.289 0.044 0.030 0.031 0.054 0.114 0.253 1    
65:   0.207 0.059 0.027 0.072 0.039 0.176 0.031 0.036 0.278 0.075 1    
66:   0.037 0.244 0.026 0.055 0.027 0.045 0.035 0.026 0.033 0.473 1    
67:   0.134 0.066 0.045 0.101 0.101 0.035 0.123 0.071 0.161 0.161 1    
68:   0.043 0.073 0.016 0.026 0.025 0.039 0.027 0.059 0.036 0.656 1    
69:   0.106 0.053 0.047 0.059 0.044 0.519 0.018 0.043 0.089 0.023 1    
70:   0.089 0.106 0.042 0.048 0.033 0.354 0.034 0.085 0.138 0.071 1    
71:   0.055 0.034 0.540 0.034 0.030 0.049 0.036 0.063 0.088 0.069 1    
72:   0.046 0.017 0.022 0.037 0.029 0.025 0.025 0.642 0.037 0.119 1    
73:   0.076 0.461 0.073 0.030 0.045 0.164 0.050 0.044 0.028 0.030 1    
74:   0.031 0.029 0.032 0.022 0.022 0.036 0.026 0.169 0.029 0.604 1    
75:   0.125 0.198 0.074 0.046 0.043 0.299 0.033 0.062 0.037 0.084 1    
76:   0.085 0.092 0.045 0.072 0.317 0.053 0.099 0.036 0.054 0.147 1    
77:   0.047 0.043 0.021 0.037 0.028 0.100 0.069 0.048 0.578 0.030 1    
78:   0.157 0.076 0.120 0.063 0.343 0.031 0.029 0.058 0.024 0.099 1    
79:   0.056 0.050 0.201 0.017 0.025 0.082 0.036 0.165 0.260 0.109 1    
80:   0.029 0.017 0.026 0.019 0.017 0.799 0.021 0.012 0.036 0.024 1    
81:   0.053 0.302 0.099 0.044 0.039 0.032 0.100 0.137 0.032 0.161 1    
82:   0.216 0.044 0.047 0.166 0.285 0.039 0.036 0.031 0.074 0.062 1    
83:   0.077 0.109 0.066 0.033 0.041 0.054 0.037 0.332 0.147 0.104 1    
84:   0.098 0.357 0.219 0.032 0.020 0.104 0.052 0.033 0.024 0.060 1    
85:   0.060 0.102 0.171 0.237 0.026 0.033 0.046 0.148 0.077 0.099 1    
86:   0.121 0.033 0.155 0.044 0.046 0.052 0.042 0.233 0.085 0.189 1    
87:   0.033 0.026 0.032 0.074 0.032 0.017 0.019 0.014 0.019 0.734 1    
88:   0.059 0.038 0.047 0.110 0.040 0.124 0.031 0.361 0.063 0.127 1    
89:   0.017 0.014 0.013 0.016 0.014 0.012 0.013 0.020 0.016 0.865 1    
90:   0.128 0.171 0.043 0.022 0.141 0.069 0.095 0.101 0.036 0.195 1    
91:   0.046 0.086 0.039 0.023 0.024 0.382 0.022 0.154 0.125 0.099 1    
92:   0.095 0.030 0.063 0.098 0.041 0.082 0.026 0.234 0.037 0.294 1    
93:   0.072 0.035 0.114 0.048 0.039 0.025 0.351 0.096 0.086 0.133 1    
94:   0.033 0.581 0.028 0.014 0.033 0.128 0.028 0.085 0.019 0.050 1    
95:   0.054 0.067 0.648 0.022 0.027 0.034 0.019 0.064 0.037 0.027 1    
96:   0.055 0.038 0.069 0.048 0.073 0.055 0.054 0.065 0.026 0.517 1    
97:   0.042 0.051 0.028 0.048 0.033 0.082 0.024 0.036 0.627 0.030 1    
98:   0.095 0.339 0.062 0.108 0.047 0.078 0.043 0.031 0.035 0.163 1    
99:   0.058 0.030 0.092 0.023 0.047 0.429 0.038 0.072 0.120 0.092 1    
100:  0.049 0.238 0.050 0.040 0.027 0.114 0.038 0.109 0.201 0.135 1    
101:  0.111 0.024 0.016 0.050 0.022 0.054 0.104 0.072 0.053 0.495 1    
102:  0.045 0.026 0.024 0.112 0.019 0.171 0.028 0.036 0.504 0.035 1    
103:  0.081 0.102 0.056 0.038 0.093 0.030 0.359 0.061 0.044 0.137 1    
104:  0.151 0.039 0.083 0.021 0.108 0.315 0.045 0.021 0.169 0.048 1    
105:  0.056 0.198 0.036 0.091 0.040 0.046 0.024 0.164 0.137 0.207 1    
106:  0.276 0.025 0.081 0.020 0.062 0.087 0.054 0.054 0.114 0.228 1    
107:  0.078 0.045 0.334 0.082 0.101 0.038 0.042 0.168 0.035 0.077 1    
108:  0.097 0.187 0.029 0.047 0.060 0.153 0.057 0.098 0.048 0.225 1    
109:  0.067 0.043 0.194 0.236 0.036 0.103 0.051 0.079 0.158 0.034 1    
110:  0.116 0.143 0.076 0.197 0.071 0.114 0.060 0.104 0.049 0.071 1    
111:  0.123 0.060 0.054 0.042 0.278 0.088 0.071 0.147 0.065 0.071 1    
112:  0.088 0.025 0.027 0.040 0.225 0.062 0.058 0.105 0.054 0.316 1    
113:  0.072 0.069 0.073 0.188 0.064 0.037 0.048 0.090 0.066 0.292 1    
114:  0.069 0.050 0.023 0.039 0.032 0.161 0.020 0.185 0.039 0.383 1    
115:  0.169 0.038 0.029 0.037 0.029 0.051 0.035 0.316 0.086 0.210 1    
116:  0.080 0.620 0.030 0.025 0.085 0.033 0.023 0.026 0.064 0.014 1    
117:  0.039 0.028 0.076 0.187 0.030 0.029 0.030 0.028 0.021 0.531 1    
118:  0.237 0.129 0.156 0.088 0.096 0.036 0.091 0.031 0.106 0.028 1    
119:  0.030 0.027 0.029 0.056 0.021 0.031 0.023 0.699 0.030 0.053 1    
120:  0.067 0.179 0.130 0.075 0.124 0.042 0.189 0.098 0.027 0.071 1    
121:  0.187 0.325 0.095 0.047 0.060 0.064 0.058 0.075 0.035 0.054 1    
122:  0.049 0.688 0.029 0.036 0.033 0.027 0.026 0.033 0.043 0.038 1    
123:  0.114 0.080 0.032 0.079 0.124 0.089 0.113 0.245 0.044 0.080 1    
124:  0.078 0.045 0.067 0.019 0.025 0.048 0.143 0.066 0.469 0.040 1    
125:  0.065 0.024 0.206 0.407 0.080 0.025 0.040 0.039 0.042 0.073 1    
126:  0.167 0.052 0.082 0.112 0.081 0.149 0.176 0.062 0.065 0.054 1    
127:  0.094 0.025 0.300 0.090 0.051 0.126 0.028 0.089 0.144 0.052 1    
128:  0.134 0.189 0.058 0.124 0.052 0.114 0.189 0.058 0.047 0.034 1    
129:  0.212 0.034 0.036 0.017 0.222 0.063 0.208 0.077 0.067 0.065 1    
130:  0.170 0.066 0.111 0.064 0.086 0.158 0.090 0.046 0.149 0.060 1    
131:  0.075 0.174 0.198 0.050 0.094 0.134 0.027 0.060 0.077 0.111 1    
132:  0.135 0.020 0.071 0.072 0.101 0.147 0.035 0.072 0.086 0.261 1    
133:  0.057 0.068 0.049 0.035 0.470 0.075 0.080 0.039 0.079 0.049 1    
134:  0.039 0.015 0.018 0.656 0.029 0.063 0.027 0.038 0.049 0.067 1    
135:  0.042 0.106 0.350 0.053 0.063 0.026 0.130 0.045 0.159 0.026 1    
136:  0.151 0.045 0.024 0.039 0.059 0.315 0.104 0.061 0.137 0.065 1    
137:  0.068 0.190 0.036 0.062 0.113 0.026 0.038 0.324 0.065 0.078 1    
138:  0.103 0.038 0.040 0.301 0.114 0.183 0.094 0.017 0.082 0.027 1    
139:  0.071 0.153 0.158 0.063 0.146 0.034 0.099 0.070 0.034 0.173 1    
140:  0.065 0.527 0.023 0.031 0.028 0.196 0.025 0.020 0.055 0.028 1    
141:  0.084 0.304 0.063 0.058 0.125 0.047 0.125 0.091 0.032 0.072 1    
142:  0.111 0.038 0.030 0.042 0.079 0.210 0.022 0.151 0.149 0.167 1    
143:  0.116 0.054 0.046 0.333 0.105 0.092 0.053 0.092 0.045 0.064 1    
144:  0.057 0.036 0.036 0.051 0.080 0.032 0.024 0.208 0.040 0.435 1    
145:  0.236 0.028 0.038 0.060 0.046 0.077 0.082 0.088 0.296 0.048 1    
146:  0.106 0.034 0.124 0.078 0.024 0.046 0.058 0.039 0.443 0.047 1    
147:  0.292 0.037 0.088 0.106 0.067 0.105 0.059 0.070 0.089 0.086 1    
148:  0.082 0.246 0.157 0.050 0.226 0.036 0.034 0.072 0.039 0.058 1    
149:  0.073 0.034 0.069 0.082 0.115 0.059 0.055 0.039 0.434 0.040 1    
150:  0.073 0.070 0.025 0.049 0.185 0.103 0.100 0.039 0.168 0.188 1    
151:  0.085 0.024 0.021 0.019 0.241 0.116 0.037 0.192 0.059 0.206 1    
152:  0.080 0.083 0.034 0.036 0.068 0.059 0.313 0.077 0.032 0.218 1    
153:  0.034 0.038 0.033 0.027 0.041 0.023 0.041 0.676 0.050 0.036 1    
154:  0.233 0.027 0.113 0.034 0.035 0.098 0.195 0.033 0.163 0.068 1    
155:  0.055 0.202 0.278 0.023 0.030 0.193 0.035 0.044 0.049 0.090 1    
156:  0.127 0.420 0.049 0.064 0.070 0.058 0.029 0.037 0.051 0.096 1    
157:  0.106 0.039 0.040 0.112 0.126 0.046 0.081 0.046 0.039 0.366 1    
158:  0.096 0.133 0.174 0.139 0.061 0.093 0.091 0.023 0.172 0.019 1    
159:  0.081 0.025 0.042 0.049 0.097 0.180 0.134 0.154 0.094 0.143 1    
160:  0.058 0.066 0.038 0.165 0.033 0.158 0.049 0.302 0.034 0.098 1    
161:  0.169 0.137 0.053 0.087 0.031 0.100 0.058 0.075 0.228 0.063 1    
162:  0.082 0.063 0.060 0.207 0.078 0.306 0.048 0.044 0.037 0.075 1    
163:  0.069 0.113 0.073 0.437 0.047 0.055 0.066 0.062 0.035 0.042 1    
164:  0.036 0.077 0.324 0.046 0.043 0.024 0.029 0.027 0.094 0.301 1    
165:  0.057 0.023 0.021 0.022 0.032 0.032 0.040 0.042 0.706 0.025 1    
166:  0.304 0.063 0.034 0.056 0.188 0.023 0.173 0.026 0.097 0.035 1    
167:  0.125 0.064 0.043 0.079 0.220 0.117 0.023 0.044 0.215 0.069 1    
168:  0.061 0.299 0.043 0.048 0.027 0.048 0.021 0.034 0.071 0.350 1    
169:  0.115 0.024 0.129 0.121 0.242 0.134 0.070 0.025 0.096 0.045 1    
170:  0.043 0.055 0.030 0.024 0.040 0.032 0.675 0.024 0.033 0.044 1    
171:  0.123 0.049 0.045 0.035 0.059 0.083 0.119 0.175 0.284 0.029 1    
172:  0.111 0.086 0.425 0.091 0.029 0.097 0.033 0.034 0.051 0.043 1    
173:  0.174 0.067 0.044 0.092 0.178 0.174 0.143 0.033 0.040 0.056 1    
174:  0.077 0.336 0.028 0.035 0.242 0.036 0.037 0.068 0.027 0.112 1    
175:  0.067 0.095 0.195 0.130 0.039 0.079 0.036 0.164 0.151 0.043 1    
176:  0.042 0.033 0.139 0.023 0.060 0.041 0.037 0.205 0.020 0.400 1    
177:  0.135 0.030 0.017 0.107 0.045 0.516 0.046 0.036 0.034 0.035 1    
178:  0.113 0.051 0.050 0.097 0.079 0.155 0.029 0.088 0.293 0.046 1    
179:  0.049 0.019 0.014 0.044 0.022 0.697 0.043 0.038 0.025 0.050 1    
180:  0.119 0.125 0.078 0.125 0.114 0.230 0.038 0.056 0.048 0.066 1    
181:  0.145 0.045 0.045 0.076 0.073 0.102 0.180 0.125 0.167 0.043 1    
182:  0.097 0.037 0.041 0.033 0.026 0.025 0.026 0.352 0.258 0.105 1    
183:  0.059 0.022 0.117 0.016 0.027 0.252 0.046 0.146 0.226 0.090 1    
184:  0.078 0.099 0.033 0.074 0.083 0.043 0.069 0.362 0.028 0.131 1    
185:  0.079 0.056 0.086 0.448 0.050 0.074 0.041 0.035 0.082 0.048 1    
186:  0.258 0.050 0.093 0.065 0.045 0.070 0.022 0.255 0.087 0.056 1    
187:  0.113 0.069 0.076 0.247 0.158 0.051 0.072 0.053 0.040 0.120 1    
188:  0.083 0.038 0.033 0.035 0.037 0.045 0.098 0.040 0.537 0.054 1    
189:  0.137 0.274 0.023 0.039 0.037 0.257 0.051 0.036 0.106 0.039 1    
190:  0.092 0.138 0.044 0.043 0.114 0.141 0.151 0.084 0.037 0.156 1    
191:  0.118 0.045 0.261 0.048 0.068 0.073 0.058 0.053 0.069 0.207 1    
192:  0.104 0.078 0.085 0.054 0.149 0.165 0.066 0.078 0.042 0.178 1    
193:  0.190 0.255 0.036 0.025 0.071 0.072 0.027 0.107 0.087 0.130 1    
194:  0.099 0.364 0.076 0.053 0.062 0.179 0.047 0.045 0.031 0.044 1    
195:  0.293 0.030 0.034 0.049 0.040 0.162 0.041 0.149 0.131 0.072 1    
196:  0.257 0.038 0.066 0.048 0.042 0.084 0.066 0.040 0.279 0.079 1    
197:  0.193 0.046 0.081 0.155 0.103 0.276 0.034 0.042 0.025 0.045 1    
198:  0.229 0.041 0.029 0.037 0.036 0.023 0.035 0.336 0.074 0.159 1    
199:  0.186 0.036 0.081 0.181 0.052 0.083 0.119 0.072 0.047 0.143 1    
200:  0.059 0.034 0.113 0.269 0.282 0.024 0.031 0.025 0.130 0.033 1    
201:  0.078 0.563 0.049 0.028 0.052 0.061 0.060 0.054 0.019 0.036 1    
202:  0.081 0.037 0.022 0.094 0.044 0.429 0.062 0.049 0.047 0.134 1    
203:  0.196 0.074 0.041 0.019 0.086 0.227 0.054 0.051 0.170 0.081 1    
204:  0.084 0.033 0.169 0.064 0.033 0.113 0.076 0.275 0.046 0.107 1    
205:  0.246 0.078 0.098 0.038 0.061 0.120 0.069 0.051 0.092 0.147 1    
206:  0.162 0.045 0.064 0.036 0.091 0.192 0.070 0.129 0.146 0.064 1    
207:  0.203 0.043 0.213 0.091 0.112 0.037 0.073 0.062 0.107 0.059 1    
208:  0.085 0.036 0.180 0.039 0.043 0.164 0.112 0.134 0.146 0.061 1    
209:  0.178 0.093 0.065 0.037 0.082 0.035 0.094 0.137 0.212 0.067 1    
210:  0.070 0.161 0.026 0.027 0.179 0.051 0.070 0.308 0.072 0.034 1    
211:  0.076 0.078 0.390 0.041 0.033 0.126 0.066 0.064 0.066 0.059 1    
212:  0.089 0.036 0.043 0.021 0.454 0.071 0.080 0.034 0.026 0.145 1    
213:  0.280 0.037 0.130 0.054 0.048 0.056 0.036 0.209 0.120 0.031 1    
214:  0.092 0.029 0.383 0.039 0.064 0.159 0.026 0.056 0.094 0.058 1    
215:  0.093 0.257 0.107 0.068 0.040 0.070 0.120 0.109 0.036 0.100 1    
216:  0.024 0.019 0.039 0.016 0.017 0.039 0.026 0.058 0.730 0.031 1    
217:  0.156 0.088 0.069 0.127 0.078 0.131 0.046 0.055 0.165 0.085 1    
218:  0.080 0.055 0.144 0.046 0.036 0.051 0.064 0.167 0.035 0.324 1    
219:  0.036 0.028 0.023 0.037 0.020 0.721 0.037 0.029 0.045 0.023 1    
220:  0.073 0.062 0.050 0.021 0.031 0.116 0.034 0.050 0.046 0.516 1    
221:  0.070 0.094 0.019 0.029 0.051 0.221 0.030 0.030 0.406 0.048 1    
222:  0.211 0.131 0.064 0.151 0.121 0.050 0.073 0.047 0.071 0.082 1    
223:  0.176 0.024 0.104 0.052 0.224 0.116 0.077 0.117 0.037 0.073 1    
224:  0.125 0.057 0.096 0.084 0.039 0.056 0.065 0.193 0.125 0.162 1    
225:  0.039 0.152 0.042 0.033 0.021 0.024 0.019 0.062 0.039 0.568 1    
226:  0.139 0.189 0.036 0.057 0.207 0.033 0.173 0.041 0.068 0.057 1    
227:  0.100 0.065 0.069 0.030 0.105 0.106 0.055 0.080 0.105 0.287 1    
228:  0.079 0.280 0.161 0.030 0.146 0.081 0.052 0.069 0.023 0.079 1    
229:  0.047 0.030 0.066 0.019 0.031 0.034 0.284 0.042 0.040 0.408 1    
230:  0.283 0.048 0.025 0.054 0.034 0.086 0.089 0.236 0.052 0.093 1    
231:  0.187 0.069 0.030 0.134 0.091 0.073 0.063 0.054 0.037 0.264 1    
232:  0.054 0.043 0.119 0.207 0.030 0.044 0.029 0.266 0.160 0.047 1    
233:  0.057 0.041 0.043 0.089 0.040 0.047 0.139 0.057 0.046 0.440 1    
234:  0.321 0.024 0.018 0.035 0.038 0.229 0.186 0.030 0.025 0.095 1    
235:  0.123 0.057 0.256 0.063 0.053 0.040 0.072 0.111 0.089 0.137 1    
236:  0.319 0.030 0.030 0.039 0.204 0.099 0.059 0.069 0.073 0.078 1    
237:  0.083 0.550 0.035 0.054 0.081 0.029 0.024 0.042 0.060 0.042 1    
238:  0.124 0.041 0.154 0.274 0.033 0.070 0.068 0.037 0.140 0.059 1    
239:  0.079 0.145 0.113 0.074 0.063 0.073 0.023 0.142 0.117 0.171 1    
240:  0.085 0.234 0.025 0.025 0.037 0.106 0.121 0.084 0.060 0.222 1    
241:  0.123 0.132 0.044 0.068 0.199 0.058 0.025 0.087 0.042 0.223 1    
242:  0.309 0.128 0.175 0.043 0.070 0.083 0.054 0.065 0.036 0.038 1    
243:  0.125 0.078 0.039 0.071 0.038 0.059 0.135 0.030 0.131 0.294 1    
244:  0.035 0.123 0.032 0.078 0.031 0.023 0.019 0.045 0.039 0.574 1    
245:  0.147 0.127 0.073 0.058 0.210 0.047 0.096 0.109 0.087 0.046 1    
246:  0.085 0.141 0.033 0.086 0.031 0.160 0.075 0.230 0.059 0.099 1    
247:  0.046 0.021 0.024 0.021 0.022 0.047 0.048 0.646 0.058 0.067 1    
248:  0.031 0.021 0.016 0.027 0.018 0.784 0.028 0.021 0.034 0.022 1    
249:  0.224 0.019 0.079 0.139 0.097 0.245 0.051 0.065 0.043 0.039 1    
250:  0.065 0.023 0.039 0.033 0.049 0.052 0.031 0.423 0.072 0.213 1    
251:  0.045 0.702 0.028 0.018 0.041 0.018 0.020 0.033 0.045 0.048 1    
252:  0.013 0.014 0.013 0.016 0.014 0.012 0.015 0.015 0.015 0.872 1    
253:  0.188 0.095 0.052 0.030 0.048 0.085 0.025 0.044 0.410 0.024 1    
254:  0.083 0.206 0.182 0.022 0.121 0.061 0.059 0.086 0.088 0.092 1    
255:  0.046 0.077 0.017 0.036 0.042 0.056 0.090 0.031 0.049 0.557 1    
256:  0.116 0.039 0.022 0.023 0.035 0.052 0.222 0.104 0.067 0.319 1    
257:  0.123 0.057 0.064 0.030 0.429 0.059 0.070 0.025 0.071 0.071 1    
258:  0.060 0.375 0.040 0.035 0.049 0.051 0.024 0.080 0.146 0.138 1    
259:  0.125 0.095 0.308 0.129 0.033 0.079 0.054 0.080 0.050 0.047 1    
260:  0.046 0.060 0.038 0.065 0.019 0.034 0.111 0.099 0.058 0.470 1    
261:  0.046 0.043 0.109 0.028 0.062 0.081 0.035 0.103 0.037 0.457 1    
262:  0.246 0.039 0.094 0.131 0.079 0.061 0.041 0.074 0.183 0.053 1    
263:  0.123 0.037 0.034 0.217 0.038 0.060 0.028 0.040 0.097 0.324 1    
264:  0.255 0.057 0.050 0.115 0.035 0.109 0.063 0.068 0.110 0.139 1    
265:  0.100 0.033 0.172 0.034 0.049 0.196 0.125 0.027 0.048 0.215 1    
266:  0.067 0.305 0.029 0.043 0.087 0.024 0.106 0.055 0.071 0.212 1    
267:  0.070 0.045 0.041 0.045 0.069 0.157 0.033 0.133 0.099 0.308 1    
268:  0.094 0.028 0.062 0.020 0.055 0.091 0.049 0.070 0.040 0.489 1    
269:  0.072 0.027 0.074 0.027 0.043 0.188 0.019 0.178 0.070 0.303 1    
270:  0.078 0.053 0.059 0.255 0.038 0.081 0.049 0.189 0.060 0.139 1    
271:  0.056 0.103 0.025 0.055 0.027 0.282 0.023 0.131 0.250 0.047 1    
272:  0.042 0.047 0.047 0.042 0.024 0.081 0.026 0.029 0.630 0.033 1    
273:  0.033 0.059 0.017 0.031 0.032 0.652 0.035 0.023 0.072 0.045 1    
274:  0.036 0.040 0.066 0.037 0.024 0.023 0.036 0.046 0.031 0.660 1    
275:  0.019 0.015 0.012 0.015 0.024 0.017 0.018 0.021 0.789 0.070 1    
276:  0.032 0.028 0.050 0.080 0.016 0.030 0.034 0.061 0.628 0.040 1    
277:  0.125 0.052 0.082 0.069 0.208 0.035 0.050 0.257 0.037 0.085 1    
278:  0.070 0.033 0.042 0.082 0.044 0.038 0.019 0.053 0.523 0.097 1    
279:  0.022 0.020 0.019 0.020 0.017 0.343 0.280 0.038 0.226 0.015 1    
280:  0.034 0.022 0.014 0.025 0.048 0.018 0.028 0.022 0.664 0.124 1    
281:  0.191 0.078 0.226 0.099 0.074 0.091 0.048 0.041 0.115 0.038 1    
282:  0.026 0.019 0.031 0.020 0.024 0.042 0.775 0.018 0.023 0.024 1    
283:  0.028 0.022 0.023 0.028 0.030 0.035 0.772 0.017 0.027 0.017 1    
284:  0.074 0.030 0.107 0.129 0.059 0.461 0.025 0.072 0.024 0.020 1    
285:  0.047 0.021 0.022 0.044 0.031 0.045 0.063 0.669 0.030 0.029 1    
286:  0.099 0.021 0.049 0.073 0.051 0.043 0.529 0.038 0.055 0.042 1    
287:  0.071 0.147 0.342 0.028 0.135 0.039 0.052 0.051 0.056 0.078 1    
288:  0.195 0.025 0.024 0.030 0.049 0.139 0.339 0.041 0.112 0.046 1    
289:  0.056 0.218 0.055 0.155 0.143 0.036 0.080 0.035 0.040 0.183 1    
290:  0.106 0.050 0.061 0.041 0.202 0.167 0.050 0.105 0.110 0.107 1    
291:  0.054 0.025 0.048 0.069 0.030 0.038 0.180 0.056 0.471 0.029 1    
292:  0.090 0.199 0.054 0.036 0.067 0.179 0.112 0.045 0.099 0.119 1    
293:  0.057 0.055 0.023 0.037 0.052 0.676 0.040 0.016 0.021 0.024 1    
294:  0.122 0.053 0.035 0.039 0.159 0.074 0.154 0.074 0.127 0.162 1    
295:  0.073 0.106 0.127 0.193 0.031 0.310 0.076 0.013 0.046 0.025 1    
296:  0.065 0.027 0.035 0.045 0.046 0.475 0.208 0.023 0.056 0.021 1    
297:  0.084 0.079 0.122 0.359 0.048 0.135 0.031 0.042 0.067 0.032 1    
298:  0.074 0.074 0.047 0.100 0.050 0.096 0.021 0.448 0.055 0.035 1    
299:  0.221 0.161 0.268 0.064 0.088 0.037 0.042 0.046 0.032 0.041 1    
300:  0.063 0.112 0.188 0.056 0.077 0.267 0.088 0.022 0.088 0.038 1    
301:  0.363 0.025 0.049 0.040 0.055 0.038 0.107 0.028 0.217 0.077 1    
302:  0.094 0.074 0.161 0.200 0.031 0.136 0.094 0.044 0.122 0.044 1    
303:  0.043 0.030 0.021 0.026 0.040 0.687 0.039 0.038 0.041 0.035 1    
304:  0.089 0.045 0.182 0.090 0.344 0.023 0.096 0.022 0.048 0.062 1    
305:  0.068 0.072 0.097 0.100 0.042 0.463 0.028 0.060 0.047 0.024 1    
306:  0.096 0.089 0.127 0.145 0.106 0.112 0.086 0.046 0.121 0.070 1    
307:  0.150 0.020 0.201 0.033 0.076 0.097 0.251 0.069 0.049 0.054 1    
308:  0.088 0.069 0.098 0.072 0.076 0.198 0.260 0.033 0.077 0.030 1    
309:  0.051 0.021 0.037 0.070 0.027 0.671 0.047 0.019 0.029 0.029 1    
310:  0.087 0.048 0.114 0.155 0.099 0.307 0.042 0.066 0.052 0.030 1    
311:  0.065 0.046 0.072 0.017 0.034 0.051 0.611 0.030 0.043 0.031 1    
312:  0.117 0.022 0.052 0.035 0.044 0.084 0.528 0.017 0.067 0.034 1    
313:  0.031 0.018 0.061 0.019 0.024 0.056 0.251 0.015 0.505 0.021 1    
314:  0.042 0.190 0.039 0.028 0.033 0.038 0.536 0.034 0.023 0.037 1    
315:  0.077 0.041 0.053 0.194 0.171 0.180 0.188 0.016 0.045 0.035 1    
316:  0.078 0.048 0.093 0.054 0.037 0.078 0.406 0.066 0.080 0.060 1    
317:  0.193 0.031 0.086 0.021 0.397 0.043 0.043 0.075 0.073 0.039 1    
318:  0.073 0.041 0.062 0.034 0.228 0.099 0.094 0.126 0.043 0.200 1    
319:  0.033 0.019 0.032 0.015 0.043 0.016 0.719 0.030 0.015 0.077 1    
320:  0.060 0.023 0.036 0.035 0.042 0.030 0.489 0.023 0.059 0.202 1    
321:  0.103 0.043 0.056 0.028 0.050 0.059 0.220 0.367 0.044 0.030 1    
322:  0.099 0.068 0.024 0.071 0.379 0.058 0.042 0.059 0.099 0.103 1    
323:  0.029 0.015 0.028 0.037 0.093 0.028 0.654 0.025 0.020 0.072 1    
324:  0.035 0.018 0.019 0.018 0.049 0.018 0.025 0.741 0.014 0.063 1    
325:  0.029 0.029 0.019 0.031 0.032 0.030 0.735 0.024 0.022 0.048 1    
326:  0.037 0.048 0.113 0.313 0.048 0.027 0.289 0.071 0.025 0.029 1    
327:  0.129 0.024 0.032 0.197 0.041 0.153 0.040 0.038 0.300 0.046 1    
328:  0.018 0.011 0.015 0.019 0.017 0.013 0.851 0.016 0.013 0.027 1    
329:  0.078 0.020 0.029 0.056 0.035 0.419 0.040 0.272 0.017 0.034 1    
330:  0.122 0.054 0.037 0.019 0.059 0.382 0.030 0.073 0.141 0.083 1    
331:  0.048 0.433 0.017 0.074 0.051 0.042 0.167 0.074 0.026 0.067 1    
332:  0.149 0.035 0.082 0.028 0.241 0.051 0.059 0.123 0.048 0.183 1    
333:  0.184 0.091 0.055 0.023 0.131 0.249 0.160 0.050 0.026 0.030 1    
334:  0.453 0.045 0.044 0.027 0.066 0.029 0.069 0.211 0.024 0.033 1    
335:  0.089 0.057 0.022 0.040 0.023 0.428 0.028 0.243 0.029 0.042 1    
336:  0.065 0.032 0.036 0.020 0.033 0.065 0.033 0.382 0.061 0.272 1    
337:  0.049 0.037 0.023 0.016 0.042 0.063 0.041 0.393 0.050 0.287 1    
338:  0.043 0.020 0.015 0.042 0.025 0.336 0.029 0.434 0.020 0.036 1    
339:  0.015 0.015 0.013 0.017 0.015 0.012 0.866 0.015 0.012 0.020 1    
340:  0.047 0.042 0.020 0.034 0.163 0.029 0.207 0.052 0.025 0.380 1    
341:  0.050 0.122 0.027 0.024 0.023 0.629 0.032 0.051 0.017 0.025 1    
342:  0.137 0.035 0.031 0.045 0.033 0.441 0.051 0.170 0.034 0.022 1    
343:  0.079 0.152 0.033 0.083 0.026 0.479 0.050 0.036 0.020 0.043 1    
344:  0.089 0.142 0.048 0.116 0.112 0.171 0.051 0.173 0.069 0.029 1    
345:  0.080 0.034 0.053 0.035 0.065 0.024 0.242 0.123 0.142 0.202 1    
346:  0.023 0.017 0.021 0.047 0.024 0.027 0.022 0.774 0.021 0.024 1    
347:  0.024 0.030 0.015 0.016 0.026 0.022 0.014 0.792 0.015 0.047 1    
348:  0.028 0.034 0.017 0.030 0.016 0.041 0.772 0.026 0.017 0.018 1    
349:  0.071 0.035 0.050 0.036 0.026 0.047 0.067 0.374 0.117 0.177 1    
350:  0.027 0.037 0.041 0.020 0.028 0.022 0.735 0.037 0.020 0.032 1    
351:  0.040 0.035 0.023 0.021 0.049 0.057 0.627 0.041 0.043 0.065 1    
352:  0.043 0.026 0.037 0.049 0.173 0.025 0.054 0.127 0.041 0.425 1    
353:  0.118 0.037 0.056 0.063 0.095 0.238 0.094 0.036 0.109 0.154 1    
354:  0.048 0.025 0.027 0.032 0.026 0.039 0.743 0.023 0.019 0.017 1    
355:  0.052 0.027 0.018 0.019 0.031 0.717 0.061 0.020 0.020 0.033 1    
356:  0.047 0.056 0.038 0.051 0.102 0.031 0.572 0.026 0.032 0.044 1    
357:  0.151 0.020 0.060 0.042 0.025 0.037 0.014 0.571 0.038 0.040 1    
358:  0.153 0.027 0.033 0.108 0.031 0.059 0.076 0.323 0.026 0.162 1    
359:  0.061 0.030 0.025 0.070 0.058 0.048 0.132 0.050 0.038 0.487 1    
360:  0.093 0.070 0.144 0.059 0.069 0.129 0.034 0.329 0.024 0.050 1    
361:  0.021 0.043 0.018 0.037 0.023 0.025 0.749 0.032 0.035 0.016 1    
362:  0.231 0.032 0.044 0.035 0.129 0.265 0.058 0.095 0.078 0.033 1    
363:  0.206 0.029 0.015 0.180 0.056 0.154 0.133 0.095 0.021 0.112 1    
364:  0.098 0.359 0.071 0.078 0.064 0.043 0.027 0.065 0.062 0.133 1    
365:  0.033 0.020 0.017 0.020 0.035 0.020 0.015 0.762 0.018 0.059 1    
366:  0.033 0.024 0.038 0.016 0.041 0.023 0.730 0.034 0.023 0.038 1    
367:  0.027 0.020 0.018 0.016 0.024 0.022 0.016 0.813 0.015 0.029 1    
368:  0.280 0.052 0.066 0.035 0.030 0.038 0.322 0.090 0.027 0.061 1    
369:  0.044 0.039 0.022 0.033 0.028 0.072 0.577 0.025 0.026 0.133 1    
370:  0.037 0.617 0.062 0.042 0.045 0.032 0.043 0.033 0.047 0.041 1    
371:  0.038 0.044 0.018 0.042 0.222 0.036 0.031 0.063 0.050 0.456 1    
372:  0.078 0.022 0.071 0.037 0.127 0.053 0.161 0.074 0.333 0.045 1    
373:  0.091 0.150 0.036 0.066 0.147 0.101 0.056 0.140 0.031 0.182 1    
374:  0.150 0.055 0.045 0.026 0.114 0.087 0.055 0.105 0.328 0.034 1    
375:  0.054 0.045 0.093 0.163 0.040 0.024 0.134 0.283 0.029 0.135 1    
376:  0.112 0.049 0.040 0.027 0.114 0.132 0.105 0.118 0.150 0.154 1    
377:  0.163 0.110 0.126 0.054 0.199 0.089 0.074 0.078 0.070 0.038 1    
378:  0.022 0.021 0.026 0.022 0.020 0.019 0.793 0.027 0.030 0.019 1    
379:  0.155 0.099 0.132 0.049 0.103 0.175 0.163 0.027 0.052 0.045 1    
380:  0.075 0.293 0.056 0.055 0.093 0.272 0.042 0.045 0.028 0.041 1    
381:  0.080 0.046 0.059 0.027 0.097 0.033 0.359 0.120 0.070 0.108 1    
382:  0.069 0.018 0.032 0.055 0.028 0.460 0.260 0.022 0.026 0.029 1    
383:  0.065 0.105 0.042 0.039 0.107 0.087 0.317 0.153 0.043 0.041 1    
384:  0.065 0.026 0.020 0.022 0.047 0.030 0.043 0.043 0.363 0.341 1    
385:  0.020 0.025 0.013 0.012 0.015 0.025 0.017 0.027 0.825 0.021 1    
386:  0.103 0.085 0.109 0.158 0.059 0.115 0.217 0.066 0.040 0.048 1    
387:  0.045 0.054 0.077 0.113 0.025 0.066 0.514 0.034 0.036 0.037 1    
388:  0.051 0.030 0.025 0.052 0.066 0.032 0.018 0.032 0.031 0.663 1    
389:  0.056 0.018 0.082 0.116 0.104 0.046 0.037 0.442 0.053 0.046 1    
390:  0.146 0.029 0.025 0.040 0.024 0.075 0.511 0.026 0.088 0.036 1    
391:  0.092 0.091 0.042 0.067 0.193 0.023 0.047 0.325 0.053 0.067 1    
392:  0.056 0.181 0.056 0.021 0.128 0.071 0.203 0.109 0.022 0.153 1    
393:  0.055 0.051 0.048 0.024 0.039 0.054 0.042 0.420 0.050 0.216 1    
394:  0.028 0.029 0.017 0.037 0.024 0.022 0.046 0.022 0.735 0.039 1    
395:  0.062 0.059 0.032 0.020 0.038 0.640 0.056 0.040 0.026 0.028 1    
396:  0.044 0.281 0.106 0.054 0.059 0.033 0.295 0.049 0.025 0.052 1    
397:  0.117 0.091 0.055 0.080 0.063 0.039 0.069 0.170 0.079 0.237 1    
398:  0.084 0.152 0.025 0.071 0.305 0.086 0.037 0.035 0.050 0.156 1    
399:  0.056 0.023 0.185 0.068 0.064 0.055 0.357 0.031 0.118 0.042 1    
400:  0.045 0.094 0.055 0.056 0.139 0.057 0.055 0.056 0.031 0.411 1    
401:  0.143 0.026 0.074 0.117 0.122 0.105 0.199 0.037 0.073 0.103 1    
402:  0.078 0.039 0.043 0.022 0.060 0.096 0.040 0.532 0.042 0.047 1    
403:  0.108 0.028 0.111 0.105 0.136 0.020 0.226 0.060 0.100 0.106 1    
404:  0.136 0.049 0.031 0.029 0.150 0.138 0.147 0.113 0.052 0.155 1    
405:  0.068 0.028 0.144 0.042 0.038 0.025 0.063 0.136 0.030 0.426 1    
406:  0.136 0.059 0.043 0.041 0.035 0.068 0.032 0.071 0.063 0.452 1    
407:  0.028 0.030 0.043 0.035 0.027 0.738 0.028 0.019 0.024 0.028 1    
408:  0.171 0.039 0.073 0.341 0.060 0.072 0.091 0.042 0.065 0.047 1    
409:  0.160 0.055 0.063 0.068 0.281 0.236 0.031 0.039 0.041 0.027 1    
410:  0.114 0.128 0.150 0.161 0.070 0.058 0.128 0.074 0.076 0.043 1    
411:  0.142 0.024 0.131 0.027 0.234 0.078 0.085 0.108 0.058 0.111 1    
412:  0.062 0.038 0.139 0.043 0.028 0.059 0.029 0.040 0.533 0.030 1    
413:  0.062 0.029 0.022 0.031 0.043 0.071 0.053 0.565 0.030 0.093 1    
414:  0.096 0.311 0.029 0.135 0.040 0.066 0.033 0.191 0.035 0.064 1    
415:  0.040 0.033 0.036 0.053 0.044 0.038 0.468 0.055 0.031 0.203 1    
416:  0.034 0.020 0.021 0.014 0.147 0.032 0.657 0.035 0.018 0.021 1    
417:  0.077 0.023 0.037 0.064 0.121 0.034 0.125 0.106 0.034 0.377 1    
418:  0.048 0.033 0.039 0.075 0.029 0.027 0.648 0.031 0.027 0.042 1    
419:  0.105 0.044 0.092 0.270 0.165 0.022 0.065 0.169 0.036 0.031 1    
420:  0.079 0.051 0.034 0.026 0.063 0.150 0.060 0.468 0.029 0.040 1    
421:  0.050 0.035 0.050 0.434 0.056 0.026 0.100 0.041 0.107 0.101 1    
422:  0.031 0.052 0.148 0.028 0.028 0.047 0.021 0.534 0.078 0.033 1    
423:  0.177 0.038 0.024 0.112 0.122 0.314 0.114 0.035 0.032 0.032 1    
424:  0.110 0.082 0.066 0.054 0.042 0.294 0.085 0.192 0.036 0.040 1    
425:  0.237 0.027 0.025 0.049 0.151 0.053 0.204 0.122 0.037 0.096 1    
426:  0.091 0.040 0.131 0.079 0.050 0.037 0.269 0.100 0.055 0.148 1    
427:  0.062 0.030 0.032 0.065 0.044 0.602 0.035 0.052 0.037 0.041 1    
428:  0.109 0.032 0.038 0.020 0.203 0.052 0.207 0.142 0.081 0.116 1    
429:  0.033 0.023 0.029 0.045 0.027 0.087 0.688 0.018 0.032 0.018 1    
430:  0.039 0.032 0.074 0.034 0.044 0.020 0.027 0.202 0.484 0.044 1    
431:  0.045 0.536 0.091 0.053 0.035 0.086 0.018 0.074 0.026 0.036 1    
432:  0.030 0.022 0.446 0.018 0.024 0.019 0.019 0.059 0.337 0.025 1    
433:  0.063 0.054 0.030 0.047 0.167 0.105 0.205 0.239 0.030 0.059 1    
434:  0.107 0.209 0.136 0.038 0.050 0.102 0.043 0.180 0.108 0.027 1    
435:  0.047 0.064 0.041 0.021 0.028 0.082 0.022 0.039 0.617 0.039 1    
436:  0.191 0.095 0.025 0.056 0.077 0.321 0.074 0.028 0.099 0.035 1    
437:  0.029 0.049 0.039 0.051 0.047 0.647 0.031 0.038 0.020 0.049 1    
438:  0.103 0.040 0.093 0.044 0.034 0.076 0.378 0.029 0.062 0.140 1    
439:  0.174 0.030 0.142 0.094 0.083 0.091 0.080 0.069 0.177 0.059 1    
440:  0.065 0.202 0.057 0.118 0.026 0.076 0.031 0.262 0.116 0.048 1    
441:  0.073 0.045 0.083 0.031 0.099 0.123 0.304 0.068 0.088 0.086 1    
442:  0.030 0.045 0.019 0.021 0.018 0.031 0.015 0.786 0.017 0.019 1    
443:  0.061 0.018 0.065 0.042 0.112 0.461 0.048 0.024 0.065 0.105 1    
444:  0.119 0.159 0.052 0.144 0.130 0.054 0.048 0.078 0.050 0.166 1    
445:  0.097 0.148 0.238 0.082 0.091 0.105 0.099 0.061 0.041 0.039 1    
446:  0.068 0.042 0.182 0.013 0.027 0.077 0.381 0.082 0.091 0.036 1    
447:  0.058 0.090 0.059 0.051 0.051 0.029 0.042 0.522 0.041 0.056 1    
448:  0.069 0.401 0.086 0.030 0.050 0.148 0.061 0.089 0.029 0.037 1    
449:  0.198 0.027 0.164 0.054 0.063 0.033 0.063 0.261 0.092 0.046 1    
450:  0.049 0.224 0.046 0.041 0.040 0.042 0.041 0.449 0.032 0.035 1    
451:  0.050 0.030 0.016 0.024 0.039 0.079 0.599 0.037 0.067 0.060 1    
452:  0.044 0.023 0.026 0.070 0.027 0.055 0.615 0.063 0.050 0.026 1    
453:  0.115 0.078 0.201 0.092 0.255 0.041 0.078 0.043 0.065 0.031 1    
454:  0.055 0.092 0.029 0.033 0.026 0.026 0.505 0.129 0.027 0.078 1    
455:  0.064 0.126 0.031 0.140 0.122 0.058 0.050 0.262 0.040 0.107 1    
456:  0.084 0.073 0.065 0.056 0.050 0.141 0.062 0.190 0.050 0.228 1    
457:  0.144 0.129 0.067 0.040 0.073 0.037 0.112 0.166 0.138 0.094 1    
458:  0.030 0.025 0.013 0.028 0.100 0.031 0.700 0.022 0.018 0.034 1    
459:  0.024 0.034 0.043 0.018 0.022 0.019 0.744 0.035 0.026 0.035 1    
460:  0.110 0.035 0.070 0.108 0.133 0.225 0.070 0.185 0.039 0.024 1    
461:  0.031 0.713 0.041 0.060 0.025 0.022 0.030 0.025 0.022 0.032 1    
462:  0.047 0.056 0.097 0.073 0.023 0.054 0.033 0.099 0.163 0.356 1    
463:  0.063 0.025 0.176 0.028 0.041 0.092 0.497 0.020 0.023 0.035 1    
464:  0.065 0.295 0.058 0.062 0.033 0.049 0.019 0.358 0.019 0.040 1    
465:  0.124 0.041 0.130 0.038 0.103 0.289 0.053 0.028 0.043 0.151 1    
466:  0.081 0.090 0.027 0.036 0.095 0.050 0.070 0.314 0.087 0.151 1    
467:  0.206 0.036 0.053 0.045 0.077 0.193 0.072 0.082 0.128 0.107 1    
468:  0.056 0.027 0.063 0.074 0.381 0.034 0.199 0.063 0.027 0.076 1    
469:  0.060 0.029 0.019 0.024 0.041 0.048 0.513 0.200 0.020 0.045 1    
470:  0.085 0.064 0.083 0.025 0.355 0.025 0.026 0.113 0.097 0.127 1    
471:  0.049 0.582 0.037 0.025 0.030 0.032 0.024 0.149 0.031 0.041 1    
472:  0.022 0.028 0.018 0.019 0.017 0.016 0.813 0.028 0.015 0.023 1    
473:  0.049 0.192 0.447 0.056 0.099 0.032 0.022 0.031 0.023 0.049 1    
474:  0.121 0.084 0.030 0.027 0.029 0.474 0.035 0.145 0.031 0.022 1    
475:  0.014 0.009 0.012 0.012 0.013 0.014 0.888 0.012 0.012 0.014 1    
476:  0.246 0.019 0.045 0.222 0.140 0.090 0.051 0.083 0.046 0.056 1    
477:  0.078 0.405 0.043 0.105 0.021 0.228 0.029 0.026 0.029 0.036 1    
478:  0.078 0.512 0.063 0.049 0.038 0.072 0.050 0.027 0.048 0.063 1    
479:  0.233 0.024 0.018 0.023 0.071 0.162 0.033 0.380 0.029 0.028 1    
480:  0.076 0.079 0.050 0.028 0.053 0.086 0.097 0.128 0.057 0.347 1    
481:  0.071 0.023 0.061 0.279 0.158 0.151 0.113 0.051 0.033 0.060 1    
482:  0.223 0.038 0.040 0.101 0.176 0.111 0.038 0.080 0.056 0.138 1    
483:  0.078 0.078 0.032 0.229 0.096 0.053 0.299 0.042 0.035 0.058 1    
484:  0.045 0.026 0.037 0.023 0.045 0.019 0.671 0.043 0.019 0.073 1    
485:  0.103 0.030 0.054 0.037 0.078 0.038 0.423 0.140 0.063 0.034 1    
486:  0.057 0.059 0.032 0.220 0.322 0.045 0.050 0.042 0.055 0.117 1    
487:  0.152 0.051 0.116 0.046 0.192 0.165 0.084 0.057 0.075 0.060 1    
488:  0.130 0.041 0.113 0.042 0.062 0.399 0.033 0.060 0.044 0.074 1    
489:  0.282 0.027 0.043 0.024 0.127 0.121 0.180 0.046 0.098 0.051 1    
490:  0.066 0.020 0.015 0.020 0.047 0.078 0.333 0.113 0.024 0.284 1    
491:  0.061 0.073 0.321 0.063 0.066 0.073 0.094 0.127 0.028 0.094 1    
492:  0.059 0.046 0.050 0.060 0.051 0.124 0.049 0.031 0.500 0.029 1    
493:  0.048 0.031 0.098 0.023 0.036 0.201 0.030 0.065 0.443 0.025 1    
494:  0.080 0.026 0.046 0.020 0.695 0.030 0.044 0.015 0.028 0.017 1    
495:  0.044 0.024 0.046 0.159 0.057 0.033 0.542 0.019 0.047 0.030 1    
496:  0.159 0.060 0.048 0.030 0.029 0.161 0.038 0.098 0.143 0.234 1    
497:  0.067 0.071 0.179 0.030 0.049 0.050 0.442 0.029 0.034 0.050 1    
498:  0.085 0.109 0.076 0.032 0.188 0.021 0.297 0.104 0.026 0.061 1    
499:  0.103 0.274 0.038 0.025 0.044 0.080 0.043 0.186 0.085 0.122 1    
500:  0.127 0.244 0.051 0.058 0.108 0.107 0.034 0.108 0.033 0.130 1    
501:  0.070 0.073 0.047 0.245 0.152 0.031 0.051 0.027 0.283 0.022 1    
502:  0.075 0.044 0.081 0.063 0.036 0.171 0.025 0.092 0.334 0.079 1    
503:  0.041 0.113 0.088 0.056 0.203 0.025 0.050 0.064 0.030 0.330 1    
504:  0.148 0.257 0.117 0.038 0.050 0.134 0.024 0.077 0.061 0.093 1    
505:  0.049 0.041 0.037 0.035 0.122 0.048 0.027 0.035 0.022 0.585 1    
506:  0.053 0.022 0.063 0.046 0.043 0.030 0.035 0.081 0.557 0.070 1    
507:  0.039 0.567 0.075 0.065 0.053 0.021 0.038 0.092 0.027 0.022 1    
508:  0.078 0.092 0.531 0.043 0.080 0.036 0.033 0.020 0.058 0.029 1    
509:  0.083 0.047 0.086 0.020 0.070 0.283 0.060 0.283 0.037 0.030 1    
510:  0.170 0.042 0.031 0.052 0.307 0.184 0.070 0.035 0.062 0.049 1    
511:  0.119 0.109 0.026 0.028 0.038 0.458 0.039 0.034 0.095 0.055 1    
512:  0.096 0.020 0.035 0.013 0.035 0.130 0.390 0.031 0.181 0.070 1    
513:  0.093 0.083 0.049 0.045 0.228 0.103 0.077 0.212 0.064 0.046 1    
514:  0.046 0.041 0.068 0.016 0.049 0.300 0.045 0.328 0.060 0.046 1    
515:  0.084 0.028 0.041 0.037 0.565 0.042 0.056 0.028 0.051 0.069 1    
516:  0.105 0.029 0.219 0.040 0.097 0.076 0.275 0.027 0.065 0.066 1    
517:  0.090 0.028 0.038 0.408 0.047 0.062 0.057 0.040 0.043 0.187 1    
518:  0.049 0.482 0.083 0.047 0.032 0.091 0.045 0.058 0.048 0.066 1    
519:  0.087 0.102 0.023 0.072 0.085 0.205 0.214 0.086 0.046 0.080 1    
520:  0.046 0.022 0.044 0.030 0.053 0.607 0.053 0.024 0.096 0.026 1    
521:  0.115 0.057 0.122 0.267 0.121 0.041 0.128 0.039 0.055 0.055 1    
522:  0.066 0.101 0.138 0.200 0.045 0.039 0.030 0.240 0.101 0.039 1    
523:  0.195 0.020 0.042 0.082 0.027 0.468 0.031 0.076 0.028 0.031 1    
524:  0.066 0.029 0.017 0.068 0.048 0.486 0.041 0.115 0.046 0.084 1    
525:  0.161 0.020 0.046 0.414 0.043 0.065 0.083 0.078 0.040 0.049 1    
526:  0.131 0.058 0.029 0.085 0.162 0.294 0.050 0.087 0.061 0.043 1    
527:  0.025 0.032 0.036 0.024 0.022 0.013 0.037 0.755 0.031 0.025 1    
528:  0.086 0.057 0.546 0.023 0.052 0.030 0.056 0.089 0.033 0.028 1    
529:  0.062 0.100 0.034 0.100 0.034 0.042 0.037 0.473 0.053 0.066 1    
530:  0.086 0.155 0.035 0.032 0.035 0.150 0.032 0.288 0.111 0.078 1    
531:  0.068 0.023 0.038 0.042 0.639 0.068 0.050 0.020 0.036 0.015 1    
532:  0.047 0.015 0.069 0.051 0.062 0.054 0.075 0.072 0.460 0.094 1    
533:  0.069 0.037 0.050 0.045 0.208 0.037 0.036 0.407 0.044 0.067 1    
534:  0.066 0.019 0.014 0.021 0.045 0.078 0.327 0.113 0.026 0.291 1    
535:  0.050 0.067 0.026 0.036 0.031 0.056 0.052 0.059 0.584 0.039 1    
536:  0.122 0.027 0.098 0.095 0.233 0.050 0.070 0.041 0.083 0.181 1    
537:  0.067 0.042 0.048 0.054 0.048 0.127 0.067 0.025 0.493 0.029 1    
538:  0.142 0.027 0.029 0.027 0.101 0.113 0.222 0.035 0.096 0.208 1    
539:  0.083 0.036 0.076 0.068 0.060 0.201 0.090 0.029 0.327 0.030 1    
540:  0.046 0.038 0.018 0.028 0.122 0.026 0.052 0.151 0.069 0.450 1    
541:  0.134 0.040 0.033 0.058 0.155 0.053 0.116 0.033 0.188 0.190 1    
542:  0.151 0.263 0.048 0.019 0.030 0.127 0.238 0.044 0.036 0.044 1    
543:  0.044 0.031 0.075 0.021 0.030 0.356 0.027 0.060 0.334 0.021 1    
544:  0.066 0.041 0.056 0.123 0.032 0.421 0.029 0.123 0.047 0.063 1    
545:  0.071 0.028 0.045 0.020 0.696 0.032 0.049 0.015 0.029 0.016 1    
546:  0.103 0.209 0.062 0.032 0.117 0.080 0.036 0.219 0.089 0.053 1    
547:  0.015 0.018 0.039 0.013 0.015 0.023 0.018 0.024 0.814 0.021 1    
548:  0.059 0.186 0.172 0.069 0.054 0.111 0.028 0.237 0.036 0.048 1    
549:  0.105 0.021 0.059 0.095 0.031 0.504 0.052 0.044 0.062 0.027 1    
550:  0.052 0.060 0.035 0.017 0.016 0.073 0.027 0.029 0.622 0.070 1    
551:  0.039 0.065 0.052 0.024 0.034 0.065 0.037 0.537 0.117 0.030 1    
552:  0.178 0.079 0.172 0.032 0.122 0.113 0.033 0.063 0.169 0.038 1    
553:  0.047 0.058 0.186 0.064 0.026 0.119 0.018 0.057 0.380 0.046 1    
554:  0.127 0.199 0.167 0.094 0.042 0.089 0.050 0.039 0.093 0.100 1    
555:  0.056 0.463 0.049 0.032 0.021 0.079 0.022 0.226 0.024 0.027 1    
