1:    0.155 0.013 0.159 0.156 0.231 0.178 0.108 1    
2:    0.112 0.029 0.194 0.200 0.205 0.235 0.025 1    
3:    0.117 0.008 0.096 0.510 0.122 0.094 0.053 1    
4:    0.097 0.085 0.104 0.412 0.140 0.121 0.041 1    
5:    0.062 0.008 0.245 0.164 0.166 0.272 0.083 1    
6:    0.184 0.009 0.209 0.226 0.209 0.128 0.036 1    
7:    0.115 0.017 0.067 0.526 0.094 0.103 0.078 1    
8:    0.293 0.012 0.129 0.109 0.228 0.141 0.088 1    
9:    0.133 0.010 0.109 0.385 0.169 0.151 0.043 1    
10:   0.287 0.021 0.140 0.139 0.201 0.172 0.040 1    
11:   0.246 0.056 0.157 0.148 0.135 0.184 0.075 1    
12:   0.128 0.044 0.130 0.457 0.126 0.094 0.022 1    
13:   0.142 0.012 0.111 0.146 0.096 0.302 0.191 1    
14:   0.322 0.016 0.158 0.070 0.292 0.113 0.028 1    
15:   0.175 0.013 0.124 0.364 0.142 0.128 0.056 1    
16:   0.191 0.046 0.096 0.241 0.188 0.124 0.114 1    
17:   0.163 0.007 0.136 0.159 0.218 0.101 0.218 1    
18:   0.182 0.021 0.122 0.387 0.175 0.070 0.042 1    
19:   0.202 0.069 0.089 0.190 0.125 0.123 0.202 1    
20:   0.129 0.007 0.076 0.412 0.083 0.235 0.057 1    
21:   0.098 0.009 0.083 0.538 0.076 0.172 0.023 1    
22:   0.249 0.042 0.110 0.215 0.163 0.129 0.092 1    
23:   0.022 0.009 0.240 0.264 0.126 0.283 0.055 1    
24:   0.104 0.024 0.219 0.148 0.120 0.270 0.114 1    
25:   0.075 0.007 0.168 0.266 0.137 0.277 0.070 1    
26:   0.122 0.012 0.137 0.398 0.118 0.159 0.055 1    
27:   0.149 0.010 0.121 0.184 0.181 0.184 0.171 1    
28:   0.109 0.010 0.070 0.026 0.125 0.164 0.495 1    
29:   0.227 0.007 0.088 0.044 0.120 0.111 0.403 1    
30:   0.098 0.031 0.292 0.077 0.222 0.240 0.040 1    
31:   0.170 0.012 0.198 0.154 0.161 0.126 0.179 1    
32:   0.029 0.008 0.029 0.019 0.077 0.138 0.700 1    
33:   0.211 0.018 0.176 0.053 0.198 0.184 0.160 1    
34:   0.154 0.046 0.108 0.047 0.156 0.212 0.276 1    
35:   0.062 0.010 0.237 0.152 0.093 0.261 0.185 1    
36:   0.058 0.009 0.237 0.142 0.114 0.252 0.187 1    
37:   0.109 0.006 0.351 0.308 0.090 0.107 0.029 1    
38:   0.109 0.015 0.067 0.039 0.092 0.152 0.526 1    
39:   0.075 0.006 0.366 0.154 0.183 0.154 0.061 1    
40:   0.088 0.020 0.390 0.141 0.151 0.190 0.020 1    
41:   0.211 0.027 0.160 0.186 0.162 0.144 0.110 1    
42:   0.087 0.012 0.309 0.154 0.228 0.144 0.066 1    
43:   0.150 0.016 0.320 0.101 0.221 0.166 0.025 1    
44:   0.224 0.059 0.197 0.082 0.105 0.127 0.206 1    
45:   0.168 0.013 0.254 0.055 0.319 0.133 0.060 1    
46:   0.102 0.017 0.264 0.133 0.232 0.196 0.057 1    
47:   0.069 0.011 0.072 0.035 0.111 0.159 0.543 1    
48:   0.134 0.007 0.163 0.018 0.360 0.296 0.021 1    
49:   0.141 0.030 0.139 0.258 0.095 0.168 0.168 1    
50:   0.280 0.010 0.229 0.078 0.170 0.165 0.068 1    
51:   0.253 0.020 0.191 0.066 0.251 0.143 0.076 1    
52:   0.183 0.013 0.193 0.179 0.144 0.127 0.161 1    
53:   0.126 0.009 0.267 0.127 0.262 0.126 0.082 1    
54:   0.139 0.048 0.126 0.214 0.166 0.124 0.183 1    
55:   0.240 0.052 0.155 0.097 0.207 0.158 0.091 1    
56:   0.223 0.014 0.117 0.293 0.082 0.129 0.144 1    
57:   0.094 0.008 0.187 0.045 0.273 0.322 0.071 1    
58:   0.240 0.032 0.209 0.148 0.110 0.160 0.102 1    
59:   0.193 0.026 0.117 0.057 0.375 0.205 0.027 1    
60:   0.103 0.009 0.305 0.111 0.144 0.248 0.080 1    
61:   0.234 0.139 0.092 0.106 0.119 0.142 0.168 1    
62:   0.230 0.021 0.085 0.076 0.104 0.125 0.359 1    
63:   0.111 0.010 0.206 0.073 0.312 0.257 0.030 1    
64:   0.138 0.344 0.102 0.103 0.104 0.105 0.105 1    
65:   0.166 0.011 0.058 0.032 0.185 0.186 0.362 1    
66:   0.202 0.031 0.261 0.100 0.249 0.119 0.037 1    
67:   0.129 0.024 0.110 0.283 0.187 0.197 0.070 1    
68:   0.254 0.012 0.146 0.074 0.325 0.141 0.047 1    
69:   0.244 0.009 0.257 0.152 0.199 0.095 0.043 1    
70:   0.124 0.015 0.160 0.056 0.310 0.228 0.107 1    
71:   0.105 0.089 0.205 0.073 0.302 0.171 0.056 1    
72:   0.184 0.013 0.136 0.321 0.124 0.136 0.087 1    
73:   0.085 0.006 0.219 0.503 0.049 0.121 0.017 1    
74:   0.077 0.006 0.207 0.536 0.023 0.139 0.012 1    
75:   0.129 0.023 0.084 0.042 0.373 0.309 0.039 1    
76:   0.078 0.005 0.197 0.560 0.042 0.092 0.026 1    
77:   0.214 0.013 0.113 0.086 0.319 0.120 0.134 1    
78:   0.172 0.300 0.112 0.071 0.093 0.138 0.114 1    
79:   0.171 0.017 0.192 0.143 0.166 0.195 0.115 1    
80:   0.074 0.018 0.175 0.513 0.080 0.103 0.037 1    
81:   0.062 0.010 0.178 0.022 0.343 0.360 0.025 1    
82:   0.233 0.015 0.220 0.077 0.195 0.216 0.043 1    
83:   0.103 0.008 0.206 0.157 0.129 0.246 0.151 1    
84:   0.140 0.048 0.161 0.179 0.154 0.194 0.125 1    
85:   0.198 0.147 0.105 0.062 0.133 0.104 0.251 1    
86:   0.079 0.016 0.044 0.059 0.049 0.031 0.722 1    
87:   0.027 0.007 0.023 0.017 0.032 0.023 0.870 1    
88:   0.203 0.024 0.190 0.067 0.271 0.218 0.027 1    
89:   0.206 0.011 0.179 0.109 0.236 0.209 0.049 1    
90:   0.144 0.008 0.196 0.108 0.314 0.190 0.040 1    
91:   0.186 0.046 0.187 0.162 0.182 0.169 0.068 1    
92:   0.519 0.018 0.131 0.070 0.149 0.067 0.046 1    
93:   0.209 0.019 0.151 0.268 0.155 0.173 0.025 1    
94:   0.129 0.020 0.218 0.070 0.215 0.245 0.103 1    
95:   0.235 0.051 0.130 0.060 0.163 0.142 0.220 1    
96:   0.049 0.010 0.044 0.029 0.035 0.045 0.788 1    
97:   0.082 0.012 0.191 0.035 0.275 0.362 0.042 1    
98:   0.224 0.123 0.101 0.129 0.171 0.188 0.064 1    
99:   0.271 0.007 0.138 0.174 0.097 0.152 0.160 1    
100:  0.172 0.051 0.124 0.280 0.148 0.158 0.066 1    
101:  0.247 0.013 0.164 0.248 0.127 0.168 0.034 1    
102:  0.253 0.009 0.125 0.094 0.169 0.174 0.177 1    
103:  0.068 0.026 0.149 0.056 0.081 0.177 0.443 1    
104:  0.124 0.020 0.105 0.357 0.154 0.122 0.118 1    
105:  0.215 0.020 0.093 0.041 0.140 0.183 0.307 1    
106:  0.139 0.007 0.194 0.332 0.110 0.189 0.030 1    
107:  0.062 0.008 0.206 0.220 0.138 0.269 0.098 1    
108:  0.068 0.009 0.190 0.108 0.156 0.248 0.221 1    
109:  0.058 0.006 0.148 0.241 0.153 0.265 0.130 1    
110:  0.121 0.019 0.142 0.421 0.157 0.104 0.035 1    
111:  0.227 0.013 0.105 0.034 0.306 0.237 0.077 1    
112:  0.216 0.011 0.127 0.113 0.193 0.144 0.196 1    
113:  0.161 0.011 0.084 0.040 0.099 0.142 0.464 1    
114:  0.103 0.036 0.230 0.119 0.119 0.222 0.170 1    
115:  0.144 0.014 0.108 0.489 0.121 0.085 0.040 1    
116:  0.328 0.016 0.157 0.113 0.268 0.091 0.027 1    
117:  0.068 0.061 0.213 0.187 0.119 0.261 0.091 1    
118:  0.094 0.013 0.255 0.188 0.164 0.215 0.070 1    
119:  0.139 0.030 0.159 0.054 0.169 0.245 0.204 1    
120:  0.085 0.015 0.202 0.033 0.172 0.242 0.252 1    
121:  0.206 0.009 0.117 0.066 0.295 0.224 0.082 1    
122:  0.116 0.014 0.201 0.185 0.129 0.258 0.096 1    
123:  0.202 0.075 0.215 0.154 0.112 0.109 0.133 1    
124:  0.184 0.013 0.158 0.275 0.097 0.229 0.044 1    
125:  0.191 0.106 0.218 0.124 0.169 0.085 0.106 1    
126:  0.322 0.029 0.144 0.178 0.122 0.184 0.021 1    
127:  0.156 0.027 0.118 0.199 0.136 0.152 0.212 1    
128:  0.224 0.010 0.099 0.051 0.272 0.268 0.074 1    
129:  0.022 0.005 0.030 0.024 0.029 0.025 0.865 1    
130:  0.228 0.005 0.166 0.121 0.241 0.162 0.077 1    
131:  0.027 0.048 0.029 0.027 0.023 0.025 0.821 1    
132:  0.169 0.027 0.284 0.209 0.162 0.109 0.040 1    
133:  0.118 0.021 0.168 0.062 0.271 0.248 0.112 1    
134:  0.175 0.020 0.076 0.134 0.092 0.188 0.314 1    
135:  0.178 0.087 0.146 0.155 0.221 0.190 0.022 1    
136:  0.153 0.064 0.148 0.236 0.107 0.129 0.163 1    
137:  0.114 0.151 0.139 0.278 0.145 0.112 0.061 1    
138:  0.048 0.036 0.041 0.029 0.044 0.044 0.758 1    
139:  0.090 0.471 0.137 0.061 0.105 0.095 0.041 1    
140:  0.125 0.014 0.088 0.060 0.187 0.154 0.371 1    
141:  0.067 0.126 0.025 0.029 0.031 0.033 0.688 1    
142:  0.009 0.955 0.007 0.007 0.007 0.008 0.007 1    
143:  0.017 0.915 0.013 0.012 0.014 0.014 0.015 1    
144:  0.007 0.959 0.007 0.006 0.007 0.007 0.006 1    
145:  0.011 0.935 0.010 0.009 0.013 0.009 0.012 1    
146:  0.006 0.959 0.007 0.006 0.007 0.006 0.008 1    
147:  0.006 0.960 0.006 0.007 0.006 0.008 0.007 1    
148:  0.009 0.947 0.009 0.008 0.010 0.007 0.009 1    
149:  0.015 0.919 0.013 0.011 0.015 0.011 0.016 1    
150:  0.007 0.958 0.007 0.007 0.006 0.007 0.009 1    
151:  0.006 0.967 0.005 0.005 0.005 0.005 0.005 1    
152:  0.209 0.017 0.127 0.203 0.196 0.159 0.088 1    
153:  0.146 0.021 0.120 0.194 0.176 0.180 0.163 1    
154:  0.228 0.018 0.195 0.077 0.194 0.191 0.096 1    
155:  0.220 0.142 0.137 0.078 0.240 0.104 0.080 1    
156:  0.236 0.008 0.217 0.152 0.180 0.079 0.130 1    
157:  0.200 0.015 0.119 0.259 0.235 0.124 0.049 1    
158:  0.105 0.062 0.138 0.128 0.091 0.168 0.307 1    
159:  0.018 0.016 0.026 0.016 0.020 0.026 0.879 1    
160:  0.138 0.027 0.376 0.141 0.152 0.143 0.024 1    
161:  0.084 0.109 0.310 0.113 0.190 0.181 0.014 1    
162:  0.103 0.017 0.280 0.099 0.205 0.196 0.100 1    
163:  0.130 0.009 0.138 0.220 0.116 0.136 0.250 1    
164:  0.127 0.017 0.196 0.224 0.226 0.116 0.094 1    
165:  0.108 0.022 0.122 0.530 0.149 0.055 0.014 1    
166:  0.236 0.015 0.326 0.085 0.117 0.125 0.096 1    
167:  0.133 0.019 0.144 0.237 0.210 0.199 0.059 1    
168:  0.127 0.011 0.184 0.479 0.074 0.094 0.032 1    
169:  0.365 0.067 0.100 0.109 0.194 0.092 0.072 1    
170:  0.254 0.027 0.251 0.204 0.139 0.101 0.025 1    
171:  0.328 0.023 0.202 0.118 0.100 0.165 0.063 1    
172:  0.256 0.020 0.217 0.244 0.140 0.092 0.031 1    
173:  0.105 0.025 0.234 0.267 0.236 0.108 0.026 1    
174:  0.077 0.012 0.250 0.226 0.182 0.187 0.066 1    
175:  0.146 0.207 0.106 0.109 0.144 0.201 0.086 1    
176:  0.127 0.062 0.169 0.231 0.133 0.153 0.125 1    
177:  0.088 0.008 0.067 0.047 0.067 0.084 0.640 1    
178:  0.093 0.016 0.235 0.136 0.139 0.236 0.146 1    
179:  0.151 0.047 0.129 0.063 0.177 0.227 0.206 1    
180:  0.183 0.022 0.098 0.140 0.263 0.229 0.064 1    
181:  0.290 0.019 0.194 0.053 0.128 0.197 0.118 1    
182:  0.206 0.023 0.191 0.101 0.208 0.188 0.083 1    
183:  0.086 0.016 0.155 0.050 0.139 0.171 0.384 1    
184:  0.354 0.023 0.142 0.149 0.115 0.192 0.025 1    
185:  0.260 0.017 0.198 0.250 0.108 0.139 0.028 1    
186:  0.171 0.017 0.234 0.069 0.138 0.223 0.148 1    
187:  0.217 0.011 0.119 0.259 0.140 0.197 0.056 1    
188:  0.147 0.059 0.119 0.115 0.074 0.230 0.256 1    
189:  0.129 0.023 0.191 0.151 0.083 0.287 0.135 1    
190:  0.193 0.020 0.134 0.152 0.260 0.190 0.052 1    
191:  0.153 0.007 0.216 0.191 0.134 0.182 0.117 1    
192:  0.261 0.041 0.166 0.104 0.216 0.121 0.090 1    
193:  0.096 0.288 0.137 0.063 0.178 0.174 0.065 1    
194:  0.130 0.010 0.071 0.370 0.145 0.213 0.061 1    
195:  0.294 0.011 0.076 0.086 0.090 0.069 0.375 1    
196:  0.237 0.038 0.085 0.067 0.210 0.104 0.259 1    
197:  0.082 0.013 0.216 0.081 0.093 0.238 0.277 1    
198:  0.277 0.013 0.089 0.269 0.128 0.102 0.121 1    
199:  0.205 0.112 0.137 0.063 0.145 0.140 0.198 1    
200:  0.131 0.024 0.184 0.226 0.192 0.178 0.065 1    
                          
                          
1:    0.155 0.170 0.193 0.153 0.009 0.215 0.105 1    
2:    0.108 0.137 0.096 0.168 0.021 0.170 0.299 1    
3:    0.173 0.182 0.048 0.102 0.006 0.051 0.437 1    
4:    0.202 0.187 0.108 0.080 0.084 0.116 0.223 1    
5:    0.144 0.162 0.045 0.242 0.008 0.118 0.281 1    
6:    0.176 0.179 0.182 0.092 0.008 0.203 0.161 1    
7:    0.203 0.170 0.053 0.104 0.016 0.076 0.378 1    
8:    0.228 0.188 0.207 0.033 0.010 0.260 0.074 1    
9:    0.210 0.150 0.194 0.049 0.008 0.139 0.251 1    
10:   0.273 0.180 0.186 0.038 0.015 0.194 0.115 1    
11:   0.240 0.145 0.127 0.081 0.052 0.140 0.215 1    
12:   0.217 0.197 0.115 0.029 0.042 0.119 0.281 1    
13:   0.155 0.223 0.123 0.075 0.011 0.212 0.201 1    
14:   0.261 0.107 0.165 0.051 0.017 0.335 0.064 1    
15:   0.310 0.104 0.107 0.049 0.009 0.138 0.282 1    
16:   0.231 0.176 0.241 0.115 0.033 0.127 0.076 1    
17:   0.219 0.178 0.135 0.162 0.006 0.176 0.123 1    
18:   0.232 0.202 0.102 0.088 0.015 0.100 0.261 1    
19:   0.237 0.167 0.086 0.084 0.067 0.135 0.224 1    
20:   0.230 0.207 0.081 0.032 0.006 0.137 0.306 1    
21:   0.190 0.208 0.055 0.016 0.008 0.113 0.409 1    
22:   0.287 0.215 0.125 0.055 0.041 0.146 0.131 1    
23:   0.047 0.205 0.070 0.302 0.008 0.097 0.271 1    
24:   0.177 0.127 0.087 0.284 0.017 0.101 0.207 1    
25:   0.144 0.207 0.131 0.142 0.006 0.111 0.261 1    
26:   0.162 0.137 0.140 0.054 0.011 0.182 0.314 1    
27:   0.165 0.157 0.143 0.175 0.008 0.168 0.183 1    
28:   0.086 0.182 0.099 0.104 0.008 0.336 0.185 1    
29:   0.199 0.179 0.107 0.059 0.006 0.328 0.123 1    
30:   0.112 0.068 0.343 0.037 0.030 0.289 0.121 1    
31:   0.113 0.159 0.081 0.058 0.011 0.323 0.255 1    
32:   0.061 0.148 0.149 0.228 0.007 0.255 0.152 1    
33:   0.178 0.195 0.205 0.161 0.013 0.161 0.087 1    
34:   0.119 0.152 0.193 0.335 0.044 0.121 0.037 1    
35:   0.079 0.146 0.050 0.475 0.009 0.082 0.159 1    
36:   0.095 0.160 0.065 0.449 0.007 0.080 0.145 1    
37:   0.093 0.170 0.098 0.201 0.006 0.121 0.311 1    
38:   0.151 0.248 0.095 0.148 0.015 0.180 0.162 1    
39:   0.062 0.078 0.278 0.160 0.004 0.229 0.187 1    
40:   0.120 0.103 0.207 0.193 0.017 0.189 0.172 1    
41:   0.216 0.138 0.132 0.114 0.019 0.155 0.225 1    
42:   0.084 0.088 0.212 0.137 0.008 0.290 0.181 1    
43:   0.162 0.093 0.325 0.102 0.016 0.193 0.109 1    
44:   0.257 0.136 0.132 0.131 0.037 0.157 0.151 1    
45:   0.096 0.086 0.265 0.066 0.010 0.371 0.106 1    
46:   0.094 0.108 0.259 0.154 0.015 0.226 0.143 1    
47:   0.126 0.161 0.145 0.183 0.011 0.252 0.122 1    
48:   0.097 0.104 0.485 0.012 0.007 0.282 0.013 1    
49:   0.193 0.187 0.064 0.074 0.032 0.117 0.333 1    
50:   0.328 0.096 0.112 0.137 0.009 0.164 0.154 1    
51:   0.215 0.198 0.259 0.027 0.015 0.245 0.042 1    
52:   0.167 0.245 0.115 0.064 0.010 0.140 0.259 1    
53:   0.073 0.073 0.287 0.089 0.007 0.342 0.129 1    
54:   0.137 0.192 0.099 0.232 0.029 0.126 0.185 1    
55:   0.183 0.115 0.355 0.090 0.041 0.167 0.049 1    
56:   0.121 0.253 0.087 0.076 0.014 0.103 0.348 1    
57:   0.054 0.065 0.443 0.049 0.006 0.350 0.033 1    
58:   0.180 0.190 0.098 0.075 0.030 0.164 0.263 1    
59:   0.164 0.155 0.343 0.063 0.024 0.202 0.050 1    
60:   0.094 0.103 0.308 0.104 0.007 0.289 0.096 1    
61:   0.203 0.174 0.136 0.150 0.127 0.110 0.100 1    
62:   0.223 0.105 0.164 0.234 0.019 0.165 0.091 1    
63:   0.168 0.135 0.304 0.132 0.010 0.161 0.089 1    
64:   0.082 0.151 0.157 0.145 0.288 0.125 0.051 1    
65:   0.143 0.133 0.220 0.063 0.010 0.351 0.079 1    
66:   0.178 0.117 0.264 0.082 0.024 0.205 0.129 1    
67:   0.205 0.205 0.158 0.116 0.024 0.125 0.168 1    
68:   0.167 0.110 0.435 0.031 0.011 0.196 0.050 1    
69:   0.186 0.161 0.247 0.034 0.008 0.206 0.159 1    
70:   0.166 0.142 0.324 0.183 0.013 0.136 0.035 1    
71:   0.125 0.089 0.367 0.075 0.073 0.222 0.049 1    
72:   0.128 0.252 0.069 0.063 0.011 0.145 0.333 1    
73:   0.046 0.282 0.027 0.035 0.005 0.037 0.568 1    
74:   0.046 0.293 0.026 0.035 0.006 0.032 0.563 1    
75:   0.098 0.082 0.437 0.031 0.018 0.300 0.034 1    
76:   0.086 0.266 0.024 0.036 0.005 0.046 0.538 1    
77:   0.212 0.195 0.217 0.144 0.011 0.171 0.050 1    
78:   0.185 0.168 0.106 0.065 0.281 0.107 0.089 1    
79:   0.174 0.193 0.160 0.176 0.016 0.150 0.131 1    
80:   0.061 0.206 0.031 0.066 0.017 0.056 0.563 1    
81:   0.032 0.050 0.491 0.034 0.008 0.361 0.023 1    
82:   0.114 0.120 0.303 0.090 0.012 0.266 0.096 1    
83:   0.198 0.105 0.110 0.301 0.006 0.104 0.177 1    
84:   0.162 0.141 0.169 0.183 0.036 0.139 0.170 1    
85:   0.192 0.137 0.145 0.173 0.132 0.168 0.054 1    
86:   0.164 0.141 0.095 0.482 0.014 0.078 0.025 1    
87:   0.132 0.160 0.060 0.574 0.005 0.045 0.023 1    
88:   0.160 0.170 0.282 0.100 0.020 0.217 0.050 1    
89:   0.151 0.171 0.198 0.043 0.009 0.266 0.162 1    
90:   0.146 0.165 0.229 0.028 0.008 0.195 0.230 1    
91:   0.281 0.151 0.130 0.058 0.032 0.143 0.204 1    
92:   0.300 0.176 0.218 0.046 0.011 0.208 0.041 1    
93:   0.241 0.154 0.194 0.036 0.020 0.160 0.194 1    
94:   0.120 0.144 0.301 0.115 0.024 0.222 0.074 1    
95:   0.255 0.150 0.169 0.160 0.041 0.174 0.050 1    
96:   0.132 0.162 0.062 0.532 0.007 0.060 0.046 1    
97:   0.057 0.101 0.443 0.046 0.013 0.313 0.027 1    
98:   0.246 0.099 0.262 0.057 0.136 0.123 0.078 1    
99:   0.248 0.158 0.082 0.073 0.006 0.145 0.287 1    
100:  0.209 0.207 0.109 0.110 0.044 0.111 0.210 1    
101:  0.202 0.187 0.168 0.085 0.010 0.136 0.212 1    
102:  0.175 0.190 0.235 0.028 0.008 0.266 0.099 1    
103:  0.110 0.119 0.072 0.553 0.023 0.070 0.054 1    
104:  0.198 0.159 0.110 0.134 0.017 0.120 0.262 1    
105:  0.173 0.182 0.197 0.081 0.014 0.277 0.077 1    
106:  0.151 0.267 0.077 0.099 0.008 0.099 0.299 1    
107:  0.157 0.141 0.068 0.259 0.007 0.141 0.227 1    
108:  0.147 0.098 0.113 0.350 0.008 0.109 0.175 1    
109:  0.135 0.125 0.055 0.281 0.005 0.107 0.293 1    
110:  0.194 0.207 0.103 0.084 0.018 0.087 0.308 1    
111:  0.154 0.099 0.397 0.047 0.011 0.258 0.034 1    
112:  0.217 0.137 0.137 0.039 0.007 0.279 0.183 1    
113:  0.132 0.203 0.106 0.198 0.009 0.147 0.205 1    
114:  0.078 0.181 0.080 0.438 0.025 0.086 0.113 1    
115:  0.243 0.162 0.082 0.052 0.012 0.068 0.382 1    
116:  0.214 0.148 0.291 0.023 0.009 0.234 0.081 1    
117:  0.103 0.162 0.065 0.317 0.073 0.092 0.188 1    
118:  0.115 0.089 0.233 0.232 0.011 0.167 0.152 1    
119:  0.087 0.097 0.313 0.190 0.023 0.263 0.028 1    
120:  0.108 0.087 0.158 0.417 0.010 0.154 0.066 1    
121:  0.172 0.221 0.206 0.043 0.007 0.282 0.068 1    
122:  0.158 0.115 0.120 0.287 0.010 0.145 0.165 1    
123:  0.171 0.138 0.111 0.135 0.058 0.138 0.248 1    
124:  0.246 0.160 0.076 0.032 0.010 0.142 0.334 1    
125:  0.163 0.134 0.183 0.083 0.098 0.172 0.168 1    
126:  0.263 0.147 0.143 0.030 0.022 0.129 0.267 1    
127:  0.217 0.155 0.147 0.179 0.028 0.127 0.147 1    
128:  0.152 0.189 0.271 0.205 0.009 0.152 0.022 1    
129:  0.124 0.142 0.051 0.618 0.004 0.030 0.030 1    
130:  0.241 0.197 0.115 0.020 0.005 0.189 0.233 1    
131:  0.141 0.156 0.038 0.567 0.051 0.024 0.023 1    
132:  0.165 0.143 0.204 0.113 0.021 0.146 0.208 1    
133:  0.160 0.174 0.219 0.216 0.017 0.120 0.094 1    
134:  0.177 0.275 0.064 0.048 0.018 0.080 0.337 1    
135:  0.197 0.154 0.193 0.075 0.060 0.187 0.135 1    
136:  0.178 0.146 0.109 0.139 0.056 0.181 0.190 1    
137:  0.186 0.172 0.140 0.117 0.093 0.087 0.204 1    
138:  0.103 0.163 0.067 0.592 0.024 0.033 0.017 1    
139:  0.085 0.111 0.137 0.060 0.408 0.114 0.085 1    
140:  0.160 0.174 0.208 0.238 0.013 0.134 0.073 1    
141:  0.086 0.155 0.067 0.553 0.092 0.034 0.012 1    
142:  0.007 0.006 0.007 0.006 0.961 0.007 0.006 1    
143:  0.013 0.012 0.014 0.014 0.928 0.010 0.009 1    
144:  0.006 0.007 0.006 0.006 0.963 0.007 0.005 1    
145:  0.009 0.010 0.008 0.012 0.943 0.009 0.009 1    
146:  0.006 0.005 0.005 0.007 0.965 0.006 0.006 1    
147:  0.007 0.006 0.006 0.007 0.964 0.006 0.006 1    
148:  0.007 0.006 0.007 0.007 0.960 0.007 0.006 1    
149:  0.009 0.012 0.011 0.012 0.934 0.014 0.008 1    
150:  0.006 0.007 0.006 0.005 0.965 0.006 0.005 1    
151:  0.005 0.004 0.005 0.005 0.973 0.005 0.004 1    
152:  0.205 0.191 0.154 0.052 0.013 0.157 0.228 1    
153:  0.156 0.157 0.184 0.146 0.016 0.201 0.139 1    
154:  0.254 0.140 0.185 0.155 0.015 0.179 0.072 1    
155:  0.244 0.144 0.130 0.133 0.109 0.173 0.067 1    
156:  0.178 0.144 0.135 0.101 0.006 0.288 0.147 1    
157:  0.223 0.177 0.248 0.038 0.011 0.122 0.181 1    
158:  0.127 0.131 0.089 0.433 0.041 0.089 0.090 1    
159:  0.115 0.145 0.051 0.633 0.015 0.022 0.019 1    
160:  0.092 0.055 0.255 0.138 0.019 0.213 0.228 1    
161:  0.068 0.061 0.301 0.107 0.080 0.200 0.182 1    
162:  0.110 0.094 0.328 0.101 0.018 0.228 0.121 1    
163:  0.152 0.170 0.083 0.174 0.007 0.140 0.275 1    
164:  0.179 0.197 0.173 0.135 0.014 0.125 0.175 1    
165:  0.160 0.153 0.085 0.096 0.016 0.105 0.384 1    
166:  0.305 0.124 0.162 0.077 0.009 0.171 0.153 1    
167:  0.165 0.120 0.186 0.158 0.010 0.165 0.195 1    
168:  0.126 0.238 0.098 0.046 0.010 0.104 0.377 1    
169:  0.294 0.096 0.295 0.057 0.059 0.152 0.047 1    
170:  0.201 0.133 0.159 0.045 0.022 0.198 0.242 1    
171:  0.301 0.141 0.144 0.054 0.017 0.179 0.164 1    
172:  0.203 0.175 0.116 0.132 0.015 0.153 0.206 1    
173:  0.149 0.182 0.128 0.161 0.025 0.122 0.232 1    
174:  0.180 0.138 0.122 0.205 0.011 0.129 0.216 1    
175:  0.207 0.111 0.133 0.107 0.184 0.157 0.101 1    
176:  0.160 0.144 0.126 0.142 0.054 0.164 0.209 1    
177:  0.100 0.171 0.089 0.563 0.006 0.042 0.030 1    
178:  0.107 0.183 0.059 0.335 0.013 0.099 0.203 1    
179:  0.140 0.149 0.221 0.238 0.045 0.151 0.056 1    
180:  0.224 0.145 0.247 0.079 0.016 0.186 0.104 1    
181:  0.163 0.163 0.136 0.254 0.016 0.155 0.112 1    
182:  0.158 0.182 0.249 0.058 0.025 0.192 0.136 1    
183:  0.133 0.140 0.095 0.500 0.011 0.079 0.041 1    
184:  0.292 0.134 0.143 0.044 0.017 0.164 0.206 1    
185:  0.197 0.150 0.084 0.117 0.012 0.107 0.333 1    
186:  0.181 0.158 0.219 0.168 0.013 0.150 0.110 1    
187:  0.184 0.226 0.106 0.092 0.009 0.184 0.200 1    
188:  0.154 0.227 0.064 0.113 0.042 0.144 0.257 1    
189:  0.130 0.192 0.057 0.242 0.016 0.103 0.260 1    
190:  0.193 0.149 0.252 0.081 0.014 0.232 0.079 1    
191:  0.105 0.179 0.217 0.085 0.005 0.211 0.197 1    
192:  0.179 0.222 0.202 0.065 0.037 0.215 0.080 1    
193:  0.087 0.104 0.156 0.181 0.277 0.143 0.054 1    
194:  0.245 0.249 0.140 0.040 0.009 0.108 0.208 1    
195:  0.225 0.134 0.125 0.272 0.011 0.140 0.092 1    
196:  0.141 0.253 0.136 0.314 0.028 0.095 0.033 1    
197:  0.107 0.136 0.080 0.507 0.011 0.085 0.072 1    
198:  0.332 0.216 0.096 0.062 0.013 0.093 0.188 1    
199:  0.141 0.164 0.197 0.108 0.088 0.223 0.079 1    
200:  0.188 0.175 0.188 0.089 0.014 0.215 0.131 1    
                          
                          
1:    0.142 0.008 0.133 0.173 0.219 0.195 0.129 1    
2:    0.159 0.027 0.175 0.138 0.227 0.250 0.023 1    
3:    0.343 0.007 0.189 0.066 0.098 0.205 0.093 1    
4:    0.415 0.064 0.151 0.145 0.062 0.098 0.065 1    
5:    0.122 0.007 0.244 0.152 0.085 0.293 0.096 1    
6:    0.177 0.009 0.249 0.149 0.212 0.141 0.063 1    
7:    0.376 0.017 0.126 0.119 0.038 0.173 0.150 1    
8:    0.139 0.009 0.170 0.276 0.133 0.227 0.047 1    
9:    0.384 0.009 0.143 0.139 0.119 0.153 0.053 1    
10:   0.203 0.016 0.217 0.260 0.075 0.177 0.053 1    
11:   0.212 0.047 0.152 0.222 0.127 0.155 0.085 1    
12:   0.384 0.035 0.155 0.152 0.069 0.164 0.040 1    
13:   0.263 0.014 0.190 0.176 0.111 0.163 0.084 1    
14:   0.112 0.016 0.190 0.336 0.126 0.199 0.021 1    
15:   0.388 0.011 0.163 0.186 0.040 0.172 0.039 1    
16:   0.263 0.029 0.171 0.174 0.102 0.137 0.124 1    
17:   0.110 0.005 0.186 0.166 0.143 0.196 0.193 1    
18:   0.309 0.020 0.179 0.166 0.123 0.124 0.081 1    
19:   0.168 0.056 0.189 0.238 0.034 0.184 0.131 1    
20:   0.417 0.006 0.179 0.155 0.037 0.166 0.040 1    
21:   0.520 0.007 0.151 0.084 0.042 0.170 0.026 1    
22:   0.324 0.040 0.160 0.210 0.087 0.117 0.063 1    
23:   0.139 0.008 0.244 0.069 0.146 0.330 0.064 1    
24:   0.106 0.021 0.211 0.133 0.075 0.246 0.208 1    
25:   0.143 0.006 0.224 0.141 0.106 0.313 0.066 1    
26:   0.379 0.012 0.143 0.157 0.121 0.119 0.069 1    
27:   0.173 0.008 0.146 0.150 0.102 0.207 0.214 1    
28:   0.065 0.008 0.243 0.136 0.091 0.209 0.248 1    
29:   0.113 0.006 0.196 0.307 0.046 0.188 0.143 1    
30:   0.078 0.028 0.099 0.109 0.481 0.170 0.035 1    
31:   0.143 0.010 0.252 0.146 0.144 0.206 0.100 1    
32:   0.065 0.006 0.204 0.085 0.069 0.136 0.435 1    
33:   0.111 0.015 0.101 0.238 0.156 0.215 0.164 1    
34:   0.091 0.032 0.095 0.150 0.188 0.116 0.328 1    
35:   0.098 0.009 0.185 0.093 0.080 0.179 0.355 1    
36:   0.098 0.008 0.176 0.117 0.078 0.208 0.315 1    
37:   0.152 0.006 0.221 0.105 0.222 0.242 0.053 1    
38:   0.088 0.014 0.208 0.163 0.054 0.190 0.282 1    
39:   0.061 0.004 0.127 0.114 0.581 0.062 0.051 1    
40:   0.072 0.019 0.203 0.102 0.462 0.104 0.038 1    
41:   0.198 0.022 0.173 0.198 0.148 0.154 0.107 1    
42:   0.087 0.009 0.197 0.110 0.428 0.111 0.057 1    
43:   0.073 0.016 0.149 0.155 0.448 0.113 0.045 1    
44:   0.150 0.059 0.170 0.248 0.080 0.146 0.147 1    
45:   0.107 0.012 0.129 0.124 0.425 0.115 0.088 1    
46:   0.053 0.014 0.116 0.126 0.487 0.109 0.095 1    
47:   0.091 0.015 0.147 0.161 0.072 0.140 0.375 1    
48:   0.074 0.006 0.054 0.153 0.533 0.148 0.031 1    
49:   0.205 0.027 0.194 0.188 0.046 0.194 0.146 1    
50:   0.124 0.010 0.228 0.347 0.071 0.176 0.044 1    
51:   0.114 0.016 0.197 0.266 0.166 0.196 0.044 1    
52:   0.151 0.010 0.218 0.181 0.060 0.264 0.117 1    
53:   0.098 0.007 0.111 0.133 0.505 0.085 0.062 1    
54:   0.160 0.034 0.144 0.093 0.083 0.178 0.308 1    
55:   0.144 0.048 0.126 0.188 0.229 0.150 0.116 1    
56:   0.226 0.012 0.239 0.183 0.040 0.202 0.098 1    
57:   0.084 0.006 0.077 0.107 0.525 0.152 0.049 1    
58:   0.151 0.034 0.239 0.252 0.070 0.227 0.028 1    
59:   0.128 0.026 0.141 0.222 0.243 0.207 0.034 1    
60:   0.102 0.009 0.107 0.119 0.415 0.147 0.100 1    
61:   0.104 0.149 0.137 0.179 0.069 0.169 0.194 1    
62:   0.179 0.021 0.095 0.218 0.081 0.131 0.276 1    
63:   0.091 0.010 0.113 0.135 0.419 0.141 0.090 1    
64:   0.105 0.341 0.094 0.153 0.116 0.075 0.117 1    
65:   0.124 0.012 0.194 0.173 0.170 0.162 0.166 1    
66:   0.068 0.025 0.176 0.166 0.414 0.112 0.037 1    
67:   0.380 0.024 0.134 0.134 0.095 0.122 0.112 1    
68:   0.085 0.010 0.158 0.189 0.350 0.131 0.077 1    
69:   0.191 0.008 0.190 0.231 0.160 0.186 0.034 1    
70:   0.101 0.015 0.127 0.168 0.252 0.150 0.187 1    
71:   0.067 0.077 0.140 0.142 0.378 0.145 0.052 1    
72:   0.210 0.009 0.250 0.139 0.078 0.254 0.061 1    
73:   0.214 0.006 0.266 0.059 0.020 0.426 0.009 1    
74:   0.242 0.007 0.261 0.040 0.014 0.429 0.007 1    
75:   0.087 0.017 0.074 0.169 0.413 0.209 0.030 1    
76:   0.261 0.005 0.223 0.088 0.019 0.374 0.031 1    
77:   0.150 0.011 0.134 0.175 0.187 0.123 0.219 1    
78:   0.110 0.291 0.142 0.200 0.044 0.128 0.085 1    
79:   0.223 0.015 0.156 0.157 0.121 0.106 0.221 1    
80:   0.286 0.020 0.220 0.064 0.080 0.298 0.031 1    
81:   0.066 0.011 0.044 0.090 0.606 0.152 0.032 1    
82:   0.125 0.015 0.117 0.173 0.356 0.164 0.050 1    
83:   0.127 0.008 0.168 0.166 0.095 0.185 0.251 1    
84:   0.169 0.038 0.141 0.161 0.122 0.194 0.175 1    
85:   0.150 0.127 0.110 0.209 0.108 0.119 0.178 1    
86:   0.061 0.016 0.076 0.124 0.038 0.081 0.605 1    
87:   0.046 0.006 0.019 0.044 0.023 0.039 0.822 1    
88:   0.148 0.019 0.159 0.215 0.245 0.188 0.026 1    
89:   0.282 0.011 0.135 0.167 0.206 0.157 0.042 1    
90:   0.285 0.010 0.127 0.125 0.285 0.135 0.032 1    
91:   0.151 0.030 0.198 0.261 0.062 0.214 0.084 1    
92:   0.099 0.016 0.190 0.429 0.048 0.181 0.037 1    
93:   0.354 0.018 0.121 0.178 0.166 0.134 0.028 1    
94:   0.131 0.024 0.102 0.121 0.360 0.141 0.120 1    
95:   0.130 0.040 0.164 0.276 0.103 0.135 0.151 1    
96:   0.058 0.008 0.048 0.053 0.028 0.080 0.725 1    
97:   0.078 0.013 0.031 0.114 0.566 0.144 0.055 1    
98:   0.234 0.138 0.094 0.205 0.116 0.149 0.063 1    
99:   0.239 0.008 0.239 0.195 0.096 0.164 0.059 1    
100:  0.196 0.053 0.219 0.175 0.141 0.149 0.067 1    
101:  0.167 0.009 0.189 0.194 0.177 0.238 0.025 1    
102:  0.138 0.007 0.168 0.206 0.143 0.276 0.063 1    
103:  0.063 0.022 0.075 0.070 0.035 0.073 0.662 1    
104:  0.235 0.016 0.151 0.100 0.066 0.236 0.195 1    
105:  0.150 0.015 0.131 0.252 0.108 0.177 0.167 1    
106:  0.179 0.007 0.262 0.139 0.076 0.283 0.055 1    
107:  0.175 0.007 0.156 0.154 0.094 0.219 0.194 1    
108:  0.111 0.009 0.115 0.096 0.132 0.169 0.366 1    
109:  0.199 0.005 0.102 0.122 0.087 0.241 0.245 1    
110:  0.244 0.016 0.194 0.155 0.092 0.252 0.048 1    
111:  0.069 0.011 0.085 0.233 0.350 0.192 0.059 1    
112:  0.169 0.008 0.235 0.225 0.078 0.183 0.103 1    
113:  0.105 0.008 0.200 0.197 0.065 0.156 0.269 1    
114:  0.144 0.032 0.161 0.121 0.081 0.169 0.292 1    
115:  0.311 0.013 0.198 0.144 0.103 0.202 0.029 1    
116:  0.089 0.011 0.245 0.294 0.161 0.170 0.029 1    
117:  0.139 0.065 0.159 0.116 0.140 0.209 0.171 1    
118:  0.095 0.015 0.171 0.129 0.310 0.157 0.124 1    
119:  0.069 0.029 0.088 0.095 0.399 0.114 0.207 1    
120:  0.113 0.014 0.120 0.156 0.156 0.122 0.318 1    
121:  0.154 0.007 0.153 0.210 0.177 0.261 0.037 1    
122:  0.128 0.011 0.163 0.152 0.180 0.136 0.230 1    
123:  0.100 0.062 0.233 0.140 0.126 0.206 0.133 1    
124:  0.373 0.015 0.181 0.157 0.045 0.193 0.035 1    
125:  0.203 0.090 0.120 0.129 0.250 0.104 0.104 1    
126:  0.331 0.025 0.194 0.214 0.072 0.143 0.022 1    
127:  0.182 0.023 0.159 0.144 0.116 0.136 0.240 1    
128:  0.110 0.011 0.139 0.191 0.231 0.171 0.146 1    
129:  0.040 0.005 0.035 0.037 0.029 0.032 0.822 1    
130:  0.143 0.004 0.218 0.246 0.094 0.263 0.031 1    
131:  0.016 0.045 0.054 0.039 0.024 0.033 0.788 1    
132:  0.196 0.025 0.117 0.175 0.319 0.123 0.044 1    
133:  0.104 0.016 0.135 0.150 0.292 0.110 0.192 1    
134:  0.176 0.018 0.262 0.190 0.036 0.241 0.078 1    
135:  0.211 0.065 0.164 0.214 0.121 0.193 0.033 1    
136:  0.220 0.044 0.168 0.163 0.099 0.142 0.164 1    
137:  0.226 0.119 0.130 0.141 0.149 0.132 0.103 1    
138:  0.053 0.023 0.023 0.049 0.025 0.035 0.792 1    
139:  0.077 0.444 0.084 0.067 0.197 0.071 0.060 1    
140:  0.081 0.014 0.093 0.125 0.195 0.129 0.363 1    
141:  0.036 0.113 0.028 0.042 0.026 0.017 0.736 1    
142:  0.006 0.960 0.006 0.008 0.007 0.006 0.006 1    
143:  0.010 0.928 0.011 0.014 0.014 0.012 0.011 1    
144:  0.006 0.965 0.006 0.006 0.006 0.006 0.005 1    
145:  0.010 0.942 0.009 0.009 0.010 0.009 0.011 1    
146:  0.006 0.966 0.005 0.006 0.006 0.006 0.006 1    
147:  0.006 0.964 0.006 0.006 0.005 0.007 0.006 1    
148:  0.008 0.955 0.007 0.007 0.008 0.007 0.008 1    
149:  0.010 0.928 0.010 0.013 0.013 0.012 0.014 1    
150:  0.006 0.963 0.007 0.006 0.005 0.007 0.007 1    
151:  0.005 0.971 0.005 0.005 0.005 0.005 0.005 1    
152:  0.253 0.016 0.161 0.190 0.120 0.204 0.055 1    
153:  0.157 0.016 0.165 0.166 0.143 0.114 0.238 1    
154:  0.126 0.016 0.197 0.263 0.113 0.197 0.088 1    
155:  0.153 0.134 0.175 0.252 0.064 0.130 0.092 1    
156:  0.157 0.006 0.216 0.203 0.170 0.151 0.097 1    
157:  0.355 0.012 0.188 0.154 0.127 0.103 0.060 1    
158:  0.094 0.042 0.136 0.104 0.071 0.084 0.468 1    
159:  0.021 0.013 0.022 0.025 0.015 0.013 0.891 1    
160:  0.082 0.019 0.220 0.138 0.458 0.064 0.018 1    
161:  0.049 0.092 0.133 0.094 0.560 0.062 0.011 1    
162:  0.086 0.014 0.115 0.087 0.500 0.091 0.107 1    
163:  0.198 0.008 0.160 0.153 0.105 0.122 0.254 1    
164:  0.215 0.014 0.193 0.139 0.200 0.138 0.102 1    
165:  0.314 0.017 0.184 0.116 0.227 0.126 0.016 1    
166:  0.149 0.013 0.218 0.245 0.128 0.174 0.074 1    
167:  0.232 0.013 0.152 0.179 0.161 0.180 0.085 1    
168:  0.314 0.008 0.164 0.089 0.034 0.343 0.047 1    
169:  0.127 0.057 0.155 0.257 0.150 0.170 0.082 1    
170:  0.108 0.020 0.229 0.274 0.190 0.159 0.019 1    
171:  0.140 0.013 0.183 0.372 0.035 0.175 0.082 1    
172:  0.117 0.015 0.277 0.161 0.256 0.139 0.033 1    
173:  0.104 0.024 0.257 0.108 0.323 0.148 0.037 1    
174:  0.122 0.011 0.203 0.149 0.242 0.175 0.099 1    
175:  0.170 0.176 0.152 0.176 0.074 0.132 0.121 1    
176:  0.238 0.054 0.166 0.157 0.126 0.129 0.130 1    
177:  0.051 0.007 0.071 0.093 0.052 0.041 0.683 1    
178:  0.129 0.012 0.156 0.133 0.095 0.243 0.232 1    
179:  0.129 0.037 0.154 0.173 0.140 0.116 0.250 1    
180:  0.258 0.018 0.085 0.219 0.156 0.190 0.074 1    
181:  0.118 0.012 0.123 0.251 0.179 0.109 0.208 1    
182:  0.237 0.022 0.135 0.196 0.195 0.130 0.086 1    
183:  0.077 0.018 0.071 0.084 0.051 0.041 0.659 1    
184:  0.269 0.014 0.164 0.278 0.063 0.171 0.041 1    
185:  0.197 0.012 0.202 0.186 0.120 0.241 0.042 1    
186:  0.107 0.014 0.122 0.177 0.286 0.100 0.195 1    
187:  0.331 0.009 0.172 0.193 0.084 0.154 0.058 1    
188:  0.160 0.040 0.195 0.163 0.077 0.169 0.196 1    
189:  0.218 0.018 0.196 0.114 0.040 0.172 0.243 1    
190:  0.192 0.014 0.149 0.215 0.222 0.162 0.045 1    
191:  0.145 0.006 0.149 0.141 0.267 0.173 0.118 1    
192:  0.136 0.024 0.177 0.222 0.184 0.189 0.068 1    
193:  0.095 0.293 0.134 0.116 0.143 0.109 0.111 1    
194:  0.405 0.009 0.149 0.163 0.063 0.171 0.041 1    
195:  0.097 0.011 0.157 0.209 0.051 0.117 0.358 1    
196:  0.093 0.025 0.101 0.199 0.105 0.099 0.378 1    
197:  0.089 0.010 0.120 0.143 0.060 0.105 0.472 1    
198:  0.240 0.011 0.228 0.187 0.041 0.210 0.083 1    
199:  0.133 0.086 0.119 0.209 0.184 0.139 0.131 1    
200:  0.171 0.017 0.180 0.179 0.178 0.173 0.102 1    
                          
                          
1:    0.145 0.141 0.142 0.146 0.142 0.143 0.141 1    
2:    0.145 0.145 0.143 0.146 0.141 0.139 0.141 1    
3:    0.144 0.145 0.142 0.146 0.144 0.141 0.138 1    
4:    0.143 0.141 0.143 0.143 0.144 0.145 0.141 1    
5:    0.144 0.139 0.146 0.142 0.141 0.145 0.142 1    
6:    0.145 0.144 0.140 0.140 0.145 0.145 0.141 1    
7:    0.141 0.143 0.144 0.146 0.143 0.141 0.142 1    
8:    0.144 0.141 0.143 0.145 0.141 0.145 0.141 1    
9:    0.148 0.143 0.140 0.146 0.143 0.140 0.140 1    
10:   0.141 0.140 0.145 0.145 0.144 0.145 0.140 1    
11:   0.145 0.142 0.142 0.145 0.143 0.142 0.141 1    
12:   0.145 0.144 0.139 0.147 0.142 0.140 0.143 1    
13:   0.146 0.144 0.141 0.143 0.139 0.141 0.146 1    
14:   0.143 0.139 0.147 0.143 0.141 0.147 0.141 1    
15:   0.140 0.143 0.148 0.142 0.143 0.146 0.139 1    
16:   0.145 0.144 0.143 0.146 0.141 0.141 0.141 1    
17:   0.145 0.140 0.143 0.145 0.142 0.142 0.142 1    
18:   0.142 0.142 0.144 0.144 0.145 0.144 0.140 1    
19:   0.140 0.143 0.145 0.144 0.144 0.144 0.140 1    
20:   0.141 0.144 0.147 0.141 0.142 0.146 0.140 1    
21:   0.139 0.145 0.142 0.143 0.144 0.143 0.144 1    
22:   0.142 0.145 0.141 0.146 0.143 0.143 0.140 1    
23:   0.143 0.144 0.140 0.140 0.142 0.140 0.151 1    
24:   0.140 0.144 0.141 0.143 0.141 0.143 0.149 1    
25:   0.145 0.144 0.142 0.142 0.146 0.141 0.141 1    
26:   0.141 0.145 0.140 0.146 0.145 0.140 0.143 1    
27:   0.145 0.145 0.140 0.144 0.146 0.141 0.139 1    
28:   0.144 0.143 0.145 0.142 0.143 0.144 0.140 1    
29:   0.143 0.141 0.148 0.141 0.142 0.149 0.137 1    
30:   0.144 0.145 0.139 0.144 0.144 0.140 0.144 1    
31:   0.143 0.142 0.143 0.142 0.145 0.144 0.141 1    
32:   0.146 0.145 0.142 0.141 0.142 0.142 0.142 1    
33:   0.141 0.143 0.143 0.142 0.142 0.143 0.146 1    
34:   0.142 0.141 0.143 0.145 0.142 0.143 0.144 1    
35:   0.145 0.143 0.139 0.143 0.143 0.141 0.146 1    
36:   0.144 0.145 0.142 0.144 0.142 0.138 0.145 1    
37:   0.141 0.142 0.142 0.144 0.143 0.141 0.146 1    
38:   0.142 0.141 0.143 0.143 0.144 0.144 0.144 1    
39:   0.147 0.145 0.140 0.143 0.145 0.139 0.141 1    
40:   0.141 0.144 0.144 0.143 0.143 0.142 0.143 1    
41:   0.146 0.143 0.140 0.143 0.142 0.143 0.143 1    
42:   0.143 0.144 0.140 0.143 0.147 0.141 0.142 1    
43:   0.140 0.144 0.143 0.142 0.145 0.142 0.145 1    
44:   0.141 0.143 0.145 0.140 0.142 0.144 0.145 1    
45:   0.146 0.141 0.142 0.144 0.144 0.144 0.140 1    
46:   0.145 0.143 0.139 0.144 0.143 0.140 0.145 1    
47:   0.146 0.142 0.142 0.143 0.144 0.142 0.141 1    
48:   0.139 0.140 0.148 0.140 0.142 0.148 0.144 1    
49:   0.141 0.142 0.144 0.141 0.144 0.145 0.143 1    
50:   0.143 0.142 0.144 0.139 0.142 0.145 0.145 1    
51:   0.141 0.141 0.145 0.142 0.144 0.146 0.139 1    
52:   0.143 0.143 0.142 0.141 0.142 0.146 0.143 1    
53:   0.143 0.143 0.141 0.141 0.146 0.143 0.144 1    
54:   0.145 0.148 0.137 0.142 0.143 0.141 0.145 1    
55:   0.143 0.145 0.141 0.142 0.143 0.142 0.145 1    
56:   0.140 0.140 0.151 0.140 0.143 0.150 0.136 1    
57:   0.145 0.142 0.140 0.144 0.143 0.139 0.147 1    
58:   0.141 0.141 0.144 0.142 0.145 0.144 0.143 1    
59:   0.143 0.144 0.145 0.143 0.142 0.145 0.139 1    
60:   0.143 0.145 0.138 0.148 0.142 0.140 0.144 1    
61:   0.142 0.140 0.142 0.144 0.141 0.144 0.147 1    
62:   0.137 0.141 0.142 0.143 0.141 0.145 0.151 1    
63:   0.141 0.145 0.141 0.142 0.144 0.143 0.144 1    
64:   0.144 0.143 0.140 0.143 0.141 0.141 0.148 1    
65:   0.144 0.142 0.145 0.143 0.144 0.144 0.138 1    
66:   0.143 0.142 0.146 0.140 0.142 0.146 0.141 1    
67:   0.141 0.143 0.140 0.145 0.143 0.141 0.146 1    
68:   0.140 0.141 0.149 0.140 0.143 0.147 0.141 1    
69:   0.141 0.144 0.147 0.140 0.142 0.146 0.140 1    
70:   0.145 0.146 0.142 0.139 0.143 0.144 0.141 1    
71:   0.145 0.146 0.139 0.145 0.143 0.140 0.143 1    
72:   0.144 0.144 0.141 0.143 0.144 0.144 0.139 1    
73:   0.142 0.144 0.146 0.140 0.144 0.147 0.137 1    
74:   0.138 0.143 0.149 0.140 0.142 0.150 0.138 1    
75:   0.143 0.142 0.145 0.143 0.142 0.144 0.142 1    
76:   0.141 0.148 0.144 0.141 0.145 0.144 0.137 1    
77:   0.144 0.143 0.144 0.143 0.142 0.145 0.140 1    
78:   0.139 0.141 0.142 0.144 0.143 0.143 0.147 1    
79:   0.141 0.147 0.141 0.142 0.141 0.140 0.147 1    
80:   0.143 0.143 0.144 0.143 0.144 0.142 0.140 1    
81:   0.144 0.143 0.138 0.144 0.141 0.140 0.151 1    
82:   0.140 0.145 0.141 0.142 0.142 0.141 0.149 1    
83:   0.145 0.141 0.144 0.145 0.141 0.143 0.143 1    
84:   0.144 0.144 0.139 0.143 0.143 0.142 0.145 1    
85:   0.144 0.142 0.143 0.143 0.143 0.144 0.141 1    
86:   0.143 0.140 0.144 0.142 0.144 0.146 0.141 1    
87:   0.145 0.140 0.144 0.141 0.143 0.144 0.143 1    
88:   0.144 0.145 0.143 0.141 0.141 0.144 0.142 1    
89:   0.144 0.144 0.142 0.142 0.141 0.141 0.145 1    
90:   0.142 0.146 0.142 0.141 0.143 0.140 0.145 1    
91:   0.143 0.142 0.142 0.144 0.142 0.142 0.145 1    
92:   0.138 0.136 0.155 0.139 0.142 0.154 0.136 1    
93:   0.141 0.142 0.141 0.143 0.145 0.143 0.145 1    
94:   0.143 0.146 0.141 0.144 0.141 0.138 0.147 1    
95:   0.140 0.143 0.144 0.140 0.142 0.142 0.149 1    
96:   0.144 0.144 0.140 0.144 0.144 0.140 0.144 1    
97:   0.142 0.145 0.138 0.143 0.139 0.136 0.157 1    
98:   0.141 0.142 0.143 0.144 0.141 0.144 0.145 1    
99:   0.140 0.140 0.147 0.140 0.142 0.147 0.143 1    
100:  0.142 0.143 0.145 0.144 0.142 0.148 0.137 1    
101:  0.142 0.143 0.145 0.140 0.145 0.147 0.138 1    
102:  0.144 0.142 0.142 0.143 0.142 0.144 0.142 1    
103:  0.146 0.147 0.138 0.144 0.143 0.142 0.142 1    
104:  0.146 0.142 0.140 0.143 0.145 0.141 0.143 1    
105:  0.140 0.140 0.149 0.142 0.144 0.144 0.141 1    
106:  0.145 0.146 0.142 0.142 0.146 0.143 0.136 1    
107:  0.145 0.144 0.142 0.143 0.145 0.141 0.140 1    
108:  0.147 0.143 0.139 0.143 0.145 0.139 0.144 1    
109:  0.146 0.144 0.138 0.145 0.147 0.141 0.138 1    
110:  0.143 0.147 0.140 0.144 0.142 0.141 0.143 1    
111:  0.145 0.141 0.148 0.142 0.141 0.145 0.139 1    
112:  0.143 0.142 0.146 0.144 0.141 0.145 0.139 1    
113:  0.141 0.144 0.145 0.140 0.141 0.143 0.145 1    
114:  0.139 0.148 0.140 0.143 0.144 0.138 0.149 1    
115:  0.145 0.142 0.142 0.141 0.144 0.145 0.141 1    
116:  0.143 0.140 0.147 0.139 0.143 0.148 0.140 1    
117:  0.140 0.145 0.142 0.143 0.144 0.141 0.144 1    
118:  0.145 0.144 0.138 0.141 0.142 0.139 0.150 1    
119:  0.142 0.144 0.142 0.146 0.143 0.141 0.143 1    
120:  0.142 0.145 0.138 0.145 0.143 0.139 0.148 1    
121:  0.146 0.140 0.144 0.142 0.141 0.145 0.143 1    
122:  0.143 0.145 0.140 0.139 0.141 0.139 0.153 1    
123:  0.141 0.143 0.141 0.141 0.144 0.143 0.148 1    
124:  0.143 0.143 0.144 0.142 0.144 0.144 0.140 1    
125:  0.142 0.144 0.142 0.143 0.148 0.142 0.139 1    
126:  0.140 0.141 0.149 0.140 0.143 0.149 0.138 1    
127:  0.145 0.146 0.139 0.143 0.141 0.140 0.145 1    
128:  0.140 0.140 0.146 0.142 0.142 0.147 0.142 1    
129:  0.141 0.144 0.143 0.145 0.141 0.141 0.146 1    
130:  0.147 0.145 0.145 0.140 0.141 0.145 0.136 1    
131:  0.143 0.142 0.145 0.143 0.144 0.145 0.138 1    
132:  0.143 0.144 0.139 0.142 0.144 0.142 0.145 1    
133:  0.143 0.141 0.145 0.140 0.145 0.145 0.142 1    
134:  0.142 0.141 0.147 0.140 0.142 0.150 0.139 1    
135:  0.143 0.148 0.141 0.142 0.143 0.139 0.144 1    
136:  0.146 0.141 0.143 0.142 0.144 0.142 0.142 1    
137:  0.143 0.144 0.140 0.143 0.144 0.141 0.145 1    
