1:    0.012 0.013 0.932 0.011 0.011 0.015 0.008 1    
2:    0.013 0.110 0.291 0.048 0.014 0.162 0.362 1    
3:    0.032 0.289 0.250 0.143 0.039 0.139 0.108 1    
4:    0.016 0.013 0.866 0.015 0.020 0.020 0.051 1    
5:    0.013 0.020 0.899 0.021 0.011 0.017 0.019 1    
6:    0.015 0.057 0.589 0.013 0.019 0.096 0.211 1    
7:    0.041 0.049 0.692 0.036 0.031 0.045 0.106 1    
8:    0.019 0.019 0.356 0.024 0.037 0.329 0.215 1    
9:    0.020 0.032 0.042 0.016 0.011 0.153 0.726 1    
10:   0.012 0.010 0.900 0.017 0.022 0.015 0.024 1    
11:   0.026 0.041 0.786 0.036 0.019 0.029 0.062 1    
12:   0.010 0.024 0.891 0.027 0.018 0.011 0.017 1    
13:   0.011 0.079 0.782 0.032 0.026 0.023 0.047 1    
14:   0.009 0.033 0.650 0.126 0.029 0.017 0.136 1    
15:   0.012 0.017 0.924 0.016 0.011 0.007 0.013 1    
16:   0.008 0.007 0.947 0.009 0.009 0.006 0.014 1    
17:   0.014 0.029 0.858 0.028 0.023 0.017 0.031 1    
18:   0.017 0.007 0.941 0.012 0.008 0.006 0.009 1    
19:   0.010 0.014 0.936 0.009 0.008 0.008 0.015 1    
20:   0.008 0.010 0.876 0.050 0.007 0.008 0.041 1    
21:   0.024 0.057 0.844 0.022 0.019 0.017 0.018 1    
22:   0.007 0.011 0.936 0.010 0.010 0.010 0.015 1    
23:   0.023 0.047 0.029 0.856 0.020 0.017 0.008 1    
24:   0.025 0.022 0.056 0.688 0.143 0.010 0.056 1    
25:   0.006 0.007 0.939 0.008 0.008 0.010 0.023 1    
26:   0.013 0.008 0.944 0.010 0.014 0.004 0.007 1    
27:   0.015 0.015 0.860 0.013 0.053 0.008 0.037 1    
28:   0.020 0.010 0.896 0.008 0.029 0.008 0.030 1    
29:   0.011 0.010 0.904 0.022 0.008 0.006 0.039 1    
30:   0.005 0.011 0.950 0.009 0.008 0.006 0.011 1    
31:   0.006 0.011 0.936 0.007 0.023 0.006 0.011 1    
32:   0.015 0.010 0.844 0.016 0.030 0.007 0.077 1    
33:   0.089 0.020 0.739 0.081 0.025 0.018 0.028 1    
34:   0.143 0.009 0.710 0.048 0.039 0.011 0.039 1    
35:   0.053 0.010 0.851 0.016 0.014 0.020 0.037 1    
36:   0.090 0.009 0.747 0.039 0.048 0.043 0.024 1    
37:   0.144 0.048 0.023 0.607 0.096 0.064 0.019 1    
38:   0.099 0.111 0.208 0.037 0.145 0.050 0.351 1    
39:   0.045 0.069 0.696 0.046 0.110 0.013 0.021 1    
40:   0.410 0.026 0.430 0.024 0.059 0.039 0.013 1    
41:   0.088 0.178 0.030 0.314 0.332 0.036 0.021 1    
42:   0.121 0.142 0.287 0.108 0.257 0.041 0.044 1    
43:   0.170 0.029 0.078 0.640 0.025 0.024 0.035 1    
44:   0.159 0.023 0.289 0.411 0.034 0.075 0.010 1    
45:   0.060 0.027 0.026 0.834 0.013 0.034 0.006 1    
46:   0.023 0.028 0.042 0.733 0.050 0.113 0.011 1    
47:   0.336 0.028 0.095 0.159 0.355 0.020 0.008 1    
48:   0.146 0.047 0.133 0.532 0.068 0.028 0.046 1    
49:   0.054 0.040 0.224 0.017 0.357 0.265 0.043 1    
50:   0.063 0.034 0.219 0.015 0.327 0.295 0.047 1    
51:   0.031 0.058 0.092 0.035 0.205 0.073 0.506 1    
52:   0.025 0.010 0.058 0.008 0.025 0.380 0.494 1    
53:   0.011 0.014 0.294 0.009 0.578 0.043 0.051 1    
54:   0.016 0.016 0.159 0.012 0.347 0.303 0.147 1    
55:   0.016 0.016 0.132 0.011 0.058 0.045 0.722 1    
56:   0.014 0.019 0.360 0.012 0.124 0.075 0.396 1    
57:   0.012 0.008 0.036 0.007 0.342 0.459 0.136 1    
58:   0.028 0.031 0.064 0.038 0.237 0.297 0.304 1    
59:   0.018 0.022 0.245 0.034 0.307 0.098 0.277 1    
60:   0.035 0.063 0.798 0.009 0.047 0.035 0.013 1    
61:   0.042 0.100 0.744 0.040 0.029 0.032 0.013 1    
62:   0.090 0.185 0.588 0.029 0.034 0.063 0.012 1    
63:   0.072 0.017 0.788 0.014 0.077 0.024 0.009 1    
64:   0.107 0.091 0.623 0.014 0.093 0.065 0.007 1    
65:   0.259 0.100 0.503 0.023 0.028 0.061 0.027 1    
66:   0.088 0.024 0.791 0.010 0.054 0.020 0.013 1    
67:   0.203 0.165 0.485 0.019 0.030 0.085 0.015 1    
68:   0.068 0.046 0.767 0.012 0.071 0.030 0.005 1    
69:   0.007 0.007 0.945 0.009 0.016 0.009 0.006 1    
70:   0.019 0.014 0.787 0.020 0.033 0.115 0.012 1    
71:   0.007 0.006 0.931 0.019 0.020 0.007 0.009 1    
72:   0.007 0.011 0.933 0.006 0.011 0.018 0.013 1    
73:   0.005 0.005 0.963 0.006 0.008 0.008 0.005 1    
74:   0.012 0.009 0.925 0.012 0.022 0.007 0.013 1    
75:   0.015 0.011 0.913 0.014 0.018 0.011 0.017 1    
76:   0.007 0.007 0.960 0.007 0.009 0.006 0.005 1    
77:   0.005 0.006 0.953 0.008 0.015 0.008 0.006 1    
78:   0.010 0.020 0.913 0.007 0.027 0.016 0.006 1    
79:   0.006 0.009 0.939 0.008 0.019 0.008 0.009 1    
80:   0.008 0.009 0.936 0.015 0.015 0.010 0.006 1    
81:   0.005 0.006 0.960 0.005 0.010 0.009 0.005 1    
82:   0.011 0.014 0.919 0.012 0.022 0.015 0.007 1    
83:   0.007 0.007 0.948 0.006 0.010 0.012 0.010 1    
84:   0.021 0.011 0.869 0.018 0.022 0.021 0.038 1    
85:   0.007 0.005 0.957 0.007 0.009 0.009 0.006 1    
86:   0.014 0.025 0.062 0.051 0.103 0.065 0.679 1    
87:   0.007 0.005 0.942 0.008 0.011 0.021 0.006 1    
88:   0.013 0.019 0.062 0.680 0.021 0.137 0.067 1    
89:   0.015 0.007 0.919 0.010 0.009 0.030 0.009 1    
90:   0.023 0.040 0.037 0.134 0.022 0.593 0.151 1    
91:   0.008 0.008 0.949 0.012 0.012 0.007 0.005 1    
92:   0.037 0.047 0.043 0.239 0.099 0.459 0.075 1    
93:   0.006 0.008 0.944 0.012 0.012 0.010 0.008 1    
94:   0.035 0.023 0.076 0.078 0.256 0.450 0.082 1    
95:   0.007 0.007 0.947 0.007 0.014 0.011 0.007 1    
96:   0.008 0.007 0.919 0.012 0.012 0.037 0.006 1    
97:   0.013 0.014 0.856 0.049 0.021 0.019 0.028 1    
98:   0.007 0.007 0.920 0.032 0.016 0.007 0.010 1    
99:   0.010 0.010 0.925 0.024 0.011 0.011 0.009 1    
100:  0.008 0.009 0.918 0.022 0.013 0.014 0.016 1    
101:  0.011 0.008 0.918 0.020 0.011 0.010 0.022 1    
102:  0.009 0.011 0.907 0.036 0.010 0.008 0.019 1    
103:  0.013 0.011 0.915 0.024 0.009 0.012 0.016 1    
104:  0.015 0.010 0.933 0.012 0.012 0.010 0.008 1    
105:  0.009 0.009 0.922 0.032 0.009 0.006 0.013 1    
106:  0.084 0.055 0.027 0.366 0.020 0.019 0.427 1    
107:  0.011 0.061 0.020 0.526 0.051 0.013 0.319 1    
108:  0.200 0.028 0.011 0.119 0.084 0.015 0.545 1    
109:  0.128 0.030 0.019 0.094 0.091 0.012 0.625 1    
110:  0.114 0.023 0.015 0.100 0.244 0.015 0.489 1    
111:  0.173 0.012 0.008 0.132 0.043 0.014 0.619 1    
112:  0.037 0.046 0.032 0.702 0.028 0.015 0.142 1    
113:  0.268 0.014 0.009 0.148 0.026 0.011 0.523 1    
114:  0.009 0.009 0.206 0.056 0.013 0.687 0.020 1    
115:  0.025 0.013 0.811 0.091 0.018 0.021 0.022 1    
116:  0.019 0.010 0.035 0.170 0.024 0.689 0.053 1    
117:  0.015 0.023 0.832 0.075 0.022 0.015 0.017 1    
118:  0.034 0.008 0.046 0.030 0.020 0.855 0.006 1    
119:  0.012 0.017 0.898 0.017 0.029 0.020 0.007 1    
120:  0.018 0.014 0.245 0.066 0.021 0.610 0.026 1    
121:  0.028 0.010 0.851 0.033 0.043 0.025 0.010 1    
122:  0.013 0.008 0.037 0.009 0.016 0.911 0.007 1    
123:  0.011 0.016 0.848 0.087 0.014 0.014 0.011 1    
124:  0.011 0.007 0.029 0.028 0.013 0.901 0.013 1    
125:  0.164 0.026 0.335 0.020 0.267 0.174 0.013 1    
126:  0.021 0.011 0.095 0.122 0.014 0.720 0.016 1    
127:  0.019 0.010 0.902 0.013 0.028 0.018 0.009 1    
128:  0.047 0.012 0.045 0.021 0.200 0.659 0.016 1    
129:  0.035 0.028 0.357 0.469 0.036 0.056 0.019 1    
130:  0.016 0.008 0.174 0.035 0.021 0.723 0.023 1    
131:  0.078 0.045 0.026 0.742 0.015 0.059 0.035 1    
132:  0.077 0.024 0.019 0.773 0.038 0.054 0.014 1    
133:  0.027 0.021 0.012 0.879 0.024 0.026 0.010 1    
134:  0.022 0.047 0.036 0.830 0.029 0.017 0.020 1    
135:  0.040 0.012 0.014 0.894 0.013 0.014 0.012 1    
136:  0.072 0.028 0.037 0.819 0.014 0.012 0.019 1    
137:  0.075 0.036 0.396 0.392 0.029 0.024 0.048 1    
138:  0.099 0.067 0.422 0.318 0.018 0.016 0.060 1    
139:  0.030 0.029 0.038 0.813 0.064 0.015 0.010 1    
140:  0.055 0.018 0.106 0.701 0.096 0.016 0.008 1    
141:  0.048 0.154 0.059 0.134 0.097 0.068 0.440 1    
142:  0.071 0.091 0.151 0.472 0.121 0.043 0.051 1    
143:  0.208 0.274 0.169 0.131 0.145 0.017 0.057 1    
144:  0.133 0.211 0.094 0.123 0.082 0.054 0.302 1    
145:  0.238 0.040 0.622 0.051 0.027 0.014 0.008 1    
146:  0.105 0.117 0.110 0.182 0.117 0.068 0.300 1    
147:  0.021 0.098 0.021 0.011 0.176 0.656 0.018 1    
148:  0.023 0.052 0.688 0.013 0.033 0.130 0.062 1    
149:  0.013 0.028 0.775 0.008 0.072 0.062 0.042 1    
150:  0.021 0.266 0.168 0.032 0.082 0.374 0.057 1    
151:  0.012 0.046 0.256 0.010 0.510 0.155 0.010 1    
152:  0.006 0.012 0.870 0.009 0.038 0.059 0.007 1    
153:  0.006 0.013 0.925 0.011 0.027 0.013 0.004 1    
154:  0.054 0.069 0.012 0.056 0.021 0.768 0.020 1    
155:  0.028 0.089 0.066 0.662 0.023 0.097 0.034 1    
156:  0.011 0.757 0.042 0.141 0.011 0.031 0.006 1    
157:  0.017 0.148 0.012 0.052 0.014 0.709 0.048 1    
158:  0.039 0.021 0.047 0.501 0.019 0.361 0.013 1    
159:  0.045 0.336 0.122 0.110 0.053 0.124 0.210 1    
160:  0.024 0.059 0.049 0.069 0.060 0.674 0.063 1    
161:  0.072 0.148 0.326 0.073 0.106 0.100 0.175 1    
162:  0.055 0.168 0.077 0.045 0.062 0.168 0.425 1    
163:  0.011 0.290 0.025 0.110 0.063 0.401 0.100 1    
164:  0.023 0.076 0.031 0.198 0.063 0.570 0.039 1    
165:  0.516 0.043 0.081 0.013 0.116 0.081 0.150 1    
166:  0.035 0.138 0.051 0.057 0.106 0.332 0.281 1    
167:  0.026 0.495 0.072 0.121 0.045 0.085 0.156 1    
168:  0.080 0.008 0.536 0.208 0.076 0.058 0.033 1    
169:  0.010 0.006 0.924 0.017 0.020 0.016 0.007 1    
170:  0.016 0.008 0.919 0.014 0.014 0.022 0.007 1    
171:  0.012 0.007 0.903 0.025 0.015 0.012 0.026 1    
172:  0.014 0.024 0.406 0.503 0.019 0.023 0.011 1    
173:  0.016 0.027 0.357 0.543 0.029 0.014 0.013 1    
174:  0.032 0.012 0.866 0.038 0.016 0.011 0.025 1    
175:  0.010 0.013 0.613 0.298 0.013 0.007 0.046 1    
176:  0.009 0.009 0.923 0.018 0.014 0.019 0.008 1    
177:  0.066 0.032 0.019 0.104 0.109 0.156 0.514 1    
178:  0.152 0.028 0.025 0.036 0.042 0.164 0.553 1    
179:  0.686 0.012 0.018 0.020 0.030 0.022 0.212 1    
180:  0.121 0.031 0.028 0.024 0.155 0.112 0.530 1    
181:  0.370 0.020 0.021 0.068 0.043 0.027 0.450 1    
182:  0.177 0.013 0.016 0.041 0.021 0.059 0.673 1    
183:  0.241 0.090 0.015 0.034 0.050 0.041 0.529 1    
184:  0.418 0.013 0.015 0.021 0.021 0.128 0.384 1    
185:  0.142 0.057 0.014 0.031 0.078 0.196 0.482 1    
186:  0.012 0.008 0.012 0.938 0.008 0.013 0.009 1    
187:  0.020 0.018 0.033 0.860 0.027 0.019 0.023 1    
188:  0.012 0.017 0.007 0.938 0.009 0.011 0.007 1    
189:  0.007 0.014 0.007 0.943 0.010 0.008 0.011 1    
190:  0.008 0.015 0.012 0.935 0.012 0.009 0.009 1    
191:  0.010 0.012 0.010 0.924 0.008 0.020 0.017 1    
192:  0.007 0.026 0.016 0.011 0.007 0.010 0.922 1    
193:  0.012 0.017 0.013 0.837 0.028 0.080 0.011 1    
194:  0.059 0.010 0.099 0.039 0.062 0.013 0.718 1    
195:  0.013 0.018 0.031 0.044 0.037 0.099 0.759 1    
196:  0.030 0.013 0.088 0.031 0.043 0.019 0.776 1    
197:  0.020 0.015 0.023 0.018 0.014 0.015 0.895 1    
198:  0.013 0.012 0.017 0.017 0.028 0.016 0.897 1    
199:  0.047 0.014 0.063 0.016 0.052 0.026 0.782 1    
200:  0.586 0.066 0.026 0.225 0.070 0.016 0.011 1    
201:  0.168 0.034 0.239 0.027 0.451 0.042 0.039 1    
202:  0.319 0.039 0.076 0.192 0.060 0.301 0.015 1    
203:  0.007 0.011 0.025 0.922 0.017 0.010 0.008 1    
204:  0.023 0.035 0.068 0.502 0.343 0.019 0.011 1    
205:  0.456 0.095 0.024 0.085 0.271 0.060 0.011 1    
206:  0.031 0.017 0.068 0.452 0.405 0.017 0.011 1    
207:  0.144 0.327 0.040 0.070 0.037 0.205 0.176 1    
208:  0.657 0.053 0.021 0.018 0.067 0.055 0.130 1    
209:  0.040 0.732 0.012 0.156 0.024 0.017 0.020 1    
210:  0.175 0.181 0.019 0.469 0.050 0.058 0.049 1    
211:  0.422 0.060 0.050 0.042 0.033 0.146 0.248 1    
212:  0.283 0.093 0.049 0.233 0.048 0.230 0.065 1    
213:  0.029 0.187 0.048 0.518 0.030 0.061 0.127 1    
214:  0.053 0.544 0.035 0.065 0.061 0.031 0.212 1    
215:  0.871 0.020 0.009 0.014 0.017 0.038 0.031 1    
216:  0.928 0.010 0.009 0.019 0.010 0.010 0.014 1    
217:  0.923 0.012 0.011 0.018 0.013 0.009 0.013 1    
218:  0.514 0.050 0.009 0.290 0.017 0.075 0.044 1    
219:  0.917 0.009 0.013 0.030 0.009 0.013 0.008 1    
220:  0.914 0.011 0.014 0.034 0.008 0.010 0.009 1    
221:  0.405 0.043 0.032 0.051 0.030 0.375 0.065 1    
222:  0.047 0.581 0.025 0.118 0.076 0.133 0.019 1    
223:  0.054 0.178 0.277 0.047 0.139 0.191 0.114 1    
224:  0.116 0.507 0.095 0.068 0.042 0.162 0.009 1    
225:  0.057 0.307 0.055 0.022 0.175 0.201 0.182 1    
226:  0.044 0.377 0.174 0.174 0.071 0.128 0.032 1    
227:  0.019 0.110 0.683 0.068 0.025 0.075 0.020 1    
228:  0.055 0.318 0.128 0.030 0.231 0.181 0.056 1    
229:  0.332 0.014 0.031 0.011 0.011 0.122 0.478 1    
230:  0.424 0.018 0.088 0.165 0.024 0.134 0.147 1    
231:  0.456 0.042 0.034 0.021 0.017 0.092 0.337 1    
232:  0.838 0.044 0.011 0.011 0.008 0.071 0.015 1    
233:  0.744 0.045 0.029 0.024 0.011 0.029 0.118 1    
234:  0.448 0.118 0.053 0.090 0.010 0.272 0.010 1    
235:  0.481 0.066 0.021 0.047 0.043 0.038 0.304 1    
236:  0.388 0.080 0.017 0.031 0.024 0.041 0.419 1    
237:  0.360 0.051 0.026 0.019 0.009 0.510 0.024 1    
238:  0.380 0.020 0.022 0.022 0.010 0.528 0.017 1    
239:  0.065 0.034 0.057 0.092 0.013 0.729 0.010 1    
240:  0.177 0.530 0.038 0.044 0.032 0.012 0.167 1    
241:  0.102 0.143 0.044 0.611 0.039 0.034 0.027 1    
242:  0.115 0.246 0.028 0.082 0.058 0.012 0.460 1    
243:  0.065 0.284 0.016 0.506 0.071 0.009 0.047 1    
244:  0.136 0.430 0.109 0.134 0.043 0.080 0.068 1    
245:  0.047 0.281 0.118 0.318 0.205 0.010 0.021 1    
246:  0.022 0.051 0.022 0.035 0.038 0.011 0.821 1    
247:  0.046 0.042 0.034 0.060 0.070 0.013 0.734 1    
248:  0.021 0.008 0.009 0.926 0.007 0.009 0.020 1    
249:  0.024 0.013 0.021 0.852 0.021 0.024 0.045 1    
250:  0.061 0.016 0.008 0.870 0.012 0.022 0.011 1    
251:  0.090 0.023 0.008 0.830 0.015 0.029 0.006 1    
252:  0.272 0.229 0.010 0.372 0.036 0.064 0.016 1    
253:  0.013 0.011 0.043 0.904 0.012 0.009 0.007 1    
254:  0.016 0.015 0.013 0.875 0.037 0.031 0.013 1    
255:  0.046 0.015 0.015 0.815 0.039 0.046 0.024 1    
256:  0.010 0.016 0.007 0.944 0.010 0.009 0.005 1    
257:  0.079 0.588 0.034 0.202 0.061 0.025 0.010 1    
258:  0.222 0.012 0.048 0.017 0.652 0.040 0.010 1    
259:  0.597 0.044 0.045 0.047 0.073 0.181 0.011 1    
260:  0.077 0.111 0.011 0.741 0.012 0.038 0.011 1    
261:  0.060 0.018 0.044 0.019 0.826 0.023 0.010 1    
262:  0.231 0.090 0.019 0.595 0.011 0.044 0.011 1    
263:  0.273 0.026 0.017 0.048 0.022 0.600 0.014 1    
264:  0.066 0.031 0.025 0.027 0.805 0.037 0.009 1    
265:  0.278 0.049 0.023 0.054 0.326 0.246 0.024 1    
266:  0.006 0.010 0.010 0.940 0.010 0.015 0.009 1    
267:  0.007 0.007 0.032 0.924 0.011 0.008 0.012 1    
268:  0.009 0.024 0.011 0.894 0.021 0.027 0.013 1    
269:  0.021 0.017 0.028 0.904 0.011 0.010 0.008 1    
270:  0.012 0.017 0.012 0.928 0.009 0.013 0.009 1    
271:  0.008 0.008 0.016 0.941 0.010 0.011 0.006 1    
272:  0.008 0.009 0.008 0.948 0.009 0.013 0.005 1    
273:  0.010 0.016 0.016 0.916 0.009 0.019 0.014 1    
274:  0.016 0.014 0.043 0.889 0.015 0.016 0.008 1    
275:  0.017 0.009 0.007 0.936 0.007 0.012 0.012 1    
276:  0.008 0.011 0.050 0.896 0.012 0.010 0.012 1    
277:  0.008 0.013 0.013 0.947 0.006 0.009 0.005 1    
278:  0.010 0.012 0.041 0.900 0.017 0.012 0.008 1    
279:  0.015 0.015 0.011 0.937 0.007 0.007 0.007 1    
280:  0.007 0.009 0.022 0.937 0.007 0.010 0.007 1    
281:  0.009 0.007 0.018 0.927 0.004 0.010 0.025 1    
282:  0.009 0.023 0.024 0.901 0.013 0.022 0.008 1    
283:  0.007 0.025 0.034 0.897 0.007 0.012 0.017 1    
284:  0.006 0.008 0.010 0.958 0.006 0.007 0.006 1    
285:  0.008 0.012 0.020 0.932 0.009 0.007 0.012 1    
286:  0.010 0.006 0.009 0.943 0.006 0.008 0.018 1    
287:  0.012 0.027 0.060 0.857 0.018 0.015 0.010 1    
288:  0.009 0.026 0.015 0.905 0.020 0.017 0.008 1    
289:  0.014 0.011 0.012 0.909 0.011 0.037 0.006 1    
290:  0.011 0.020 0.010 0.924 0.016 0.012 0.006 1    
291:  0.009 0.019 0.029 0.913 0.014 0.008 0.007 1    
292:  0.005 0.014 0.021 0.939 0.009 0.007 0.006 1    
293:  0.050 0.030 0.209 0.126 0.088 0.485 0.011 1    
294:  0.060 0.036 0.145 0.488 0.109 0.146 0.016 1    
295:  0.009 0.034 0.279 0.538 0.036 0.095 0.007 1    
296:  0.010 0.064 0.013 0.867 0.017 0.022 0.006 1    
297:  0.022 0.194 0.048 0.469 0.097 0.025 0.144 1    
298:  0.071 0.145 0.025 0.377 0.304 0.046 0.033 1    
299:  0.017 0.604 0.017 0.110 0.200 0.014 0.038 1    
300:  0.050 0.033 0.077 0.679 0.089 0.026 0.046 1    
301:  0.022 0.709 0.014 0.044 0.163 0.013 0.034 1    
302:  0.061 0.310 0.015 0.179 0.372 0.053 0.011 1    
303:  0.010 0.785 0.022 0.087 0.064 0.011 0.021 1    
304:  0.140 0.170 0.020 0.180 0.447 0.023 0.021 1    
305:  0.011 0.724 0.016 0.129 0.061 0.030 0.029 1    
306:  0.007 0.007 0.013 0.949 0.007 0.007 0.009 1    
307:  0.012 0.006 0.013 0.941 0.007 0.011 0.010 1    
308:  0.008 0.008 0.008 0.952 0.008 0.010 0.006 1    
309:  0.013 0.015 0.029 0.917 0.012 0.008 0.006 1    
310:  0.006 0.013 0.012 0.945 0.007 0.008 0.008 1    
311:  0.020 0.020 0.016 0.717 0.010 0.015 0.202 1    
312:  0.018 0.031 0.439 0.412 0.029 0.039 0.031 1    
313:  0.074 0.011 0.050 0.809 0.009 0.032 0.013 1    
314:  0.057 0.028 0.060 0.799 0.012 0.033 0.011 1    
315:  0.017 0.018 0.536 0.291 0.018 0.101 0.020 1    
316:  0.041 0.023 0.094 0.754 0.012 0.033 0.043 1    
317:  0.009 0.018 0.134 0.777 0.021 0.026 0.016 1    
318:  0.023 0.031 0.596 0.316 0.008 0.010 0.018 1    
319:  0.063 0.037 0.599 0.212 0.019 0.026 0.043 1    
320:  0.009 0.007 0.006 0.017 0.006 0.009 0.946 1    
321:  0.028 0.013 0.010 0.051 0.008 0.017 0.873 1    
322:  0.006 0.007 0.012 0.013 0.005 0.008 0.949 1    
323:  0.017 0.007 0.005 0.008 0.009 0.011 0.942 1    
324:  0.012 0.005 0.008 0.010 0.006 0.009 0.950 1    
325:  0.012 0.009 0.006 0.014 0.005 0.018 0.936 1    
326:  0.008 0.005 0.005 0.006 0.006 0.006 0.965 1    
327:  0.011 0.008 0.022 0.020 0.006 0.011 0.922 1    
328:  0.012 0.008 0.010 0.010 0.006 0.013 0.941 1    
329:  0.004 0.005 0.005 0.004 0.004 0.004 0.974 1    
330:  0.006 0.005 0.007 0.007 0.009 0.005 0.961 1    
331:  0.010 0.017 0.011 0.007 0.007 0.012 0.936 1    
332:  0.007 0.006 0.005 0.009 0.004 0.006 0.963 1    
333:  0.015 0.016 0.007 0.008 0.010 0.010 0.934 1    
334:  0.005 0.006 0.009 0.006 0.008 0.005 0.961 1    
335:  0.014 0.010 0.007 0.005 0.011 0.012 0.941 1    
336:  0.008 0.010 0.006 0.006 0.013 0.007 0.949 1    
337:  0.006 0.007 0.009 0.007 0.007 0.006 0.957 1    
338:  0.009 0.011 0.006 0.008 0.007 0.009 0.950 1    
339:  0.004 0.005 0.005 0.005 0.005 0.004 0.971 1    
340:  0.006 0.007 0.006 0.007 0.006 0.006 0.963 1    
341:  0.005 0.007 0.006 0.006 0.005 0.005 0.966 1    
342:  0.005 0.008 0.010 0.010 0.010 0.007 0.950 1    
343:  0.012 0.010 0.009 0.013 0.008 0.011 0.936 1    
344:  0.004 0.005 0.005 0.006 0.006 0.006 0.968 1    
345:  0.008 0.009 0.006 0.006 0.006 0.008 0.956 1    
346:  0.104 0.035 0.009 0.793 0.011 0.036 0.012 1    
347:  0.238 0.010 0.029 0.580 0.101 0.023 0.018 1    
348:  0.497 0.048 0.008 0.331 0.055 0.037 0.025 1    
349:  0.555 0.035 0.046 0.277 0.041 0.034 0.012 1    
350:  0.558 0.016 0.006 0.370 0.024 0.014 0.011 1    
351:  0.095 0.013 0.010 0.796 0.012 0.033 0.041 1    
352:  0.390 0.051 0.013 0.435 0.036 0.045 0.029 1    
353:  0.158 0.033 0.007 0.747 0.011 0.030 0.014 1    
354:  0.007 0.008 0.006 0.006 0.007 0.007 0.959 1    
355:  0.010 0.010 0.008 0.009 0.008 0.008 0.947 1    
356:  0.006 0.008 0.008 0.006 0.007 0.013 0.952 1    
357:  0.014 0.025 0.027 0.011 0.025 0.019 0.879 1    
358:  0.005 0.007 0.008 0.006 0.007 0.005 0.962 1    
359:  0.009 0.010 0.007 0.005 0.008 0.007 0.953 1    
360:  0.006 0.006 0.009 0.007 0.006 0.007 0.959 1    
361:  0.007 0.007 0.008 0.008 0.006 0.006 0.957 1    
362:  0.015 0.015 0.015 0.012 0.009 0.017 0.917 1    
363:  0.013 0.011 0.011 0.927 0.009 0.018 0.010 1    
364:  0.014 0.008 0.012 0.924 0.006 0.007 0.028 1    
365:  0.023 0.014 0.015 0.920 0.006 0.008 0.015 1    
366:  0.005 0.010 0.024 0.887 0.011 0.017 0.046 1    
367:  0.009 0.019 0.018 0.893 0.013 0.020 0.028 1    
368:  0.012 0.019 0.045 0.893 0.008 0.006 0.018 1    
369:  0.025 0.015 0.027 0.869 0.008 0.008 0.049 1    
370:  0.012 0.030 0.021 0.570 0.015 0.023 0.330 1    
371:  0.008 0.009 0.033 0.900 0.006 0.008 0.037 1    
372:  0.182 0.686 0.026 0.037 0.018 0.032 0.020 1    
373:  0.095 0.818 0.010 0.013 0.025 0.015 0.025 1    
374:  0.055 0.797 0.016 0.044 0.034 0.038 0.016 1    
375:  0.113 0.739 0.018 0.013 0.093 0.013 0.011 1    
376:  0.030 0.879 0.011 0.015 0.041 0.009 0.015 1    
377:  0.235 0.536 0.016 0.051 0.026 0.038 0.096 1    
378:  0.055 0.823 0.012 0.032 0.020 0.035 0.023 1    
379:  0.017 0.036 0.596 0.068 0.092 0.179 0.011 1    
380:  0.028 0.019 0.189 0.026 0.291 0.436 0.010 1    
381:  0.027 0.038 0.404 0.020 0.335 0.158 0.018 1    
382:  0.019 0.023 0.377 0.086 0.282 0.205 0.008 1    
383:  0.022 0.057 0.674 0.056 0.071 0.100 0.020 1    
384:  0.047 0.429 0.076 0.023 0.310 0.099 0.016 1    
385:  0.010 0.111 0.367 0.017 0.087 0.396 0.012 1    
386:  0.023 0.058 0.445 0.241 0.118 0.106 0.010 1    
387:  0.011 0.007 0.012 0.012 0.009 0.017 0.932 1    
388:  0.004 0.004 0.008 0.008 0.005 0.009 0.961 1    
389:  0.006 0.006 0.006 0.005 0.009 0.005 0.963 1    
390:  0.004 0.004 0.007 0.006 0.005 0.008 0.966 1    
391:  0.007 0.008 0.013 0.012 0.016 0.018 0.925 1    
392:  0.010 0.007 0.020 0.012 0.008 0.016 0.927 1    
393:  0.008 0.009 0.011 0.007 0.019 0.012 0.933 1    
394:  0.038 0.019 0.061 0.739 0.124 0.012 0.008 1    
395:  0.014 0.009 0.028 0.908 0.016 0.017 0.009 1    
396:  0.024 0.030 0.084 0.039 0.033 0.010 0.780 1    
397:  0.014 0.024 0.035 0.859 0.032 0.027 0.008 1    
398:  0.033 0.019 0.525 0.177 0.155 0.077 0.014 1    
399:  0.017 0.017 0.015 0.906 0.025 0.012 0.009 1    
400:  0.032 0.023 0.035 0.717 0.175 0.010 0.008 1    
401:  0.017 0.035 0.025 0.764 0.138 0.015 0.005 1    
402:  0.008 0.011 0.023 0.912 0.023 0.017 0.007 1    
403:  0.052 0.012 0.049 0.363 0.462 0.041 0.021 1    
404:  0.029 0.034 0.020 0.745 0.060 0.041 0.072 1    
405:  0.029 0.007 0.054 0.746 0.048 0.049 0.067 1    
406:  0.039 0.020 0.024 0.846 0.022 0.013 0.035 1    
407:  0.023 0.010 0.022 0.759 0.027 0.020 0.139 1    
408:  0.008 0.007 0.013 0.749 0.030 0.032 0.162 1    
409:  0.020 0.029 0.175 0.499 0.044 0.012 0.221 1    
410:  0.013 0.034 0.010 0.009 0.010 0.917 0.006 1    
411:  0.011 0.093 0.009 0.015 0.024 0.840 0.008 1    
412:  0.011 0.022 0.010 0.009 0.013 0.929 0.007 1    
413:  0.014 0.126 0.015 0.013 0.033 0.782 0.017 1    
414:  0.007 0.029 0.009 0.010 0.029 0.889 0.028 1    
415:  0.016 0.018 0.011 0.012 0.022 0.913 0.008 1    
416:  0.051 0.196 0.410 0.089 0.054 0.133 0.067 1    
417:  0.394 0.152 0.074 0.039 0.139 0.114 0.088 1    
418:  0.951 0.012 0.006 0.010 0.006 0.007 0.008 1    
419:  0.960 0.007 0.006 0.005 0.008 0.006 0.009 1    
420:  0.952 0.007 0.009 0.006 0.010 0.007 0.009 1    
421:  0.953 0.010 0.006 0.009 0.007 0.006 0.008 1    
422:  0.948 0.008 0.006 0.007 0.010 0.010 0.011 1    
423:  0.895 0.029 0.014 0.014 0.016 0.018 0.012 1    
424:  0.603 0.162 0.039 0.023 0.083 0.076 0.014 1    
425:  0.931 0.008 0.009 0.008 0.014 0.008 0.021 1    
426:  0.939 0.007 0.011 0.010 0.014 0.008 0.011 1    
427:  0.589 0.036 0.025 0.034 0.240 0.055 0.021 1    
428:  0.941 0.012 0.007 0.007 0.009 0.011 0.012 1    
429:  0.672 0.091 0.021 0.038 0.076 0.085 0.017 1    
430:  0.937 0.011 0.010 0.018 0.008 0.009 0.007 1    
431:  0.850 0.014 0.008 0.017 0.045 0.013 0.055 1    
432:  0.510 0.018 0.028 0.065 0.304 0.052 0.021 1    
433:  0.950 0.007 0.008 0.006 0.008 0.010 0.010 1    
434:  0.905 0.012 0.006 0.018 0.013 0.016 0.031 1    
435:  0.857 0.013 0.010 0.009 0.082 0.018 0.011 1    
436:  0.592 0.115 0.031 0.040 0.101 0.099 0.021 1    
437:  0.918 0.018 0.009 0.014 0.011 0.008 0.023 1    
438:  0.897 0.024 0.012 0.009 0.023 0.024 0.011 1    
439:  0.033 0.609 0.008 0.309 0.016 0.010 0.014 1    
440:  0.039 0.742 0.013 0.068 0.111 0.020 0.007 1    
441:  0.015 0.695 0.030 0.167 0.050 0.013 0.029 1    
442:  0.024 0.675 0.010 0.163 0.011 0.014 0.102 1    
443:  0.054 0.599 0.016 0.105 0.107 0.058 0.062 1    
444:  0.011 0.679 0.022 0.039 0.189 0.020 0.040 1    
445:  0.034 0.488 0.010 0.248 0.044 0.017 0.158 1    
446:  0.008 0.179 0.489 0.179 0.059 0.071 0.016 1    
447:  0.088 0.604 0.180 0.014 0.042 0.024 0.048 1    
448:  0.026 0.155 0.543 0.022 0.205 0.025 0.024 1    
449:  0.011 0.008 0.098 0.044 0.768 0.058 0.014 1    
450:  0.007 0.813 0.098 0.025 0.014 0.015 0.028 1    
451:  0.028 0.512 0.270 0.086 0.075 0.016 0.013 1    
452:  0.042 0.688 0.126 0.076 0.039 0.014 0.015 1    
453:  0.019 0.622 0.070 0.036 0.198 0.030 0.026 1    
454:  0.013 0.257 0.581 0.075 0.046 0.014 0.014 1    
455:  0.021 0.020 0.248 0.032 0.630 0.029 0.021 1    
456:  0.011 0.700 0.208 0.031 0.021 0.015 0.014 1    
457:  0.008 0.014 0.027 0.017 0.912 0.006 0.018 1    
458:  0.009 0.048 0.835 0.065 0.010 0.012 0.021 1    
459:  0.020 0.087 0.072 0.504 0.253 0.032 0.033 1    
460:  0.018 0.621 0.216 0.080 0.023 0.018 0.025 1    
461:  0.009 0.053 0.111 0.706 0.085 0.014 0.022 1    
462:  0.016 0.102 0.072 0.007 0.745 0.012 0.045 1    
463:  0.023 0.777 0.044 0.009 0.118 0.014 0.015 1    
464:  0.217 0.391 0.018 0.017 0.042 0.303 0.013 1    
465:  0.010 0.889 0.014 0.010 0.029 0.038 0.010 1    
466:  0.032 0.276 0.010 0.011 0.555 0.105 0.011 1    
467:  0.032 0.502 0.015 0.009 0.378 0.045 0.019 1    
468:  0.107 0.673 0.015 0.016 0.023 0.115 0.050 1    
469:  0.010 0.919 0.008 0.007 0.018 0.017 0.021 1    
470:  0.056 0.880 0.016 0.016 0.013 0.011 0.008 1    
471:  0.048 0.635 0.011 0.010 0.031 0.254 0.012 1    
472:  0.026 0.895 0.017 0.011 0.020 0.025 0.006 1    
473:  0.202 0.434 0.018 0.017 0.150 0.173 0.006 1    
474:  0.245 0.571 0.007 0.011 0.013 0.147 0.006 1    
475:  0.065 0.639 0.014 0.008 0.030 0.239 0.006 1    
476:  0.470 0.435 0.011 0.024 0.011 0.041 0.009 1    
477:  0.113 0.746 0.022 0.010 0.013 0.089 0.007 1    
478:  0.021 0.857 0.011 0.010 0.026 0.033 0.043 1    
479:  0.009 0.950 0.006 0.010 0.008 0.011 0.006 1    
480:  0.036 0.864 0.012 0.011 0.020 0.030 0.026 1    
481:  0.012 0.911 0.018 0.016 0.018 0.013 0.012 1    
482:  0.009 0.921 0.017 0.010 0.020 0.016 0.007 1    
483:  0.007 0.958 0.008 0.008 0.006 0.008 0.004 1    
484:  0.023 0.873 0.011 0.011 0.040 0.029 0.014 1    
485:  0.033 0.830 0.013 0.010 0.076 0.022 0.016 1    
486:  0.034 0.671 0.008 0.013 0.115 0.129 0.029 1    
487:  0.022 0.903 0.017 0.009 0.016 0.019 0.013 1    
488:  0.027 0.041 0.191 0.066 0.625 0.038 0.011 1    
489:  0.101 0.133 0.229 0.076 0.174 0.266 0.021 1    
490:  0.254 0.499 0.035 0.146 0.033 0.023 0.009 1    
491:  0.109 0.702 0.028 0.080 0.027 0.040 0.014 1    
492:  0.703 0.047 0.086 0.024 0.111 0.019 0.011 1    
493:  0.092 0.663 0.060 0.023 0.128 0.018 0.017 1    
494:  0.517 0.097 0.094 0.045 0.147 0.038 0.061 1    
495:  0.510 0.108 0.090 0.041 0.156 0.032 0.062 1    
496:  0.017 0.841 0.021 0.068 0.011 0.031 0.011 1    
497:  0.369 0.071 0.241 0.152 0.115 0.042 0.009 1    
498:  0.021 0.017 0.117 0.015 0.785 0.038 0.007 1    
499:  0.693 0.010 0.021 0.016 0.210 0.029 0.021 1    
500:  0.701 0.029 0.049 0.064 0.098 0.031 0.028 1    
501:  0.072 0.490 0.141 0.078 0.176 0.034 0.009 1    
502:  0.191 0.019 0.049 0.010 0.703 0.018 0.010 1    
503:  0.043 0.192 0.299 0.064 0.346 0.048 0.007 1    
504:  0.776 0.023 0.033 0.017 0.112 0.016 0.022 1    
505:  0.014 0.017 0.105 0.012 0.790 0.055 0.008 1    
506:  0.012 0.053 0.034 0.080 0.329 0.477 0.014 1    
507:  0.010 0.156 0.062 0.038 0.424 0.277 0.032 1    
508:  0.022 0.017 0.189 0.075 0.478 0.097 0.124 1    
509:  0.021 0.106 0.012 0.574 0.267 0.010 0.009 1    
510:  0.059 0.139 0.021 0.020 0.719 0.017 0.024 1    
511:  0.014 0.017 0.049 0.012 0.871 0.026 0.010 1    
512:  0.020 0.046 0.035 0.015 0.753 0.026 0.104 1    
513:  0.018 0.914 0.007 0.010 0.018 0.020 0.012 1    
514:  0.024 0.852 0.021 0.038 0.039 0.015 0.012 1    
515:  0.072 0.695 0.013 0.030 0.044 0.116 0.030 1    
516:  0.009 0.938 0.009 0.007 0.015 0.011 0.012 1    
517:  0.015 0.848 0.020 0.010 0.067 0.032 0.010 1    
518:  0.043 0.238 0.031 0.134 0.287 0.230 0.038 1    
519:  0.015 0.031 0.147 0.015 0.660 0.110 0.023 1    
520:  0.051 0.384 0.048 0.128 0.101 0.256 0.034 1    
521:  0.034 0.035 0.116 0.037 0.122 0.037 0.618 1    
522:  0.017 0.013 0.702 0.017 0.045 0.027 0.179 1    
523:  0.176 0.131 0.022 0.022 0.422 0.046 0.182 1    
524:  0.023 0.020 0.747 0.032 0.023 0.024 0.130 1    
525:  0.103 0.111 0.008 0.021 0.012 0.733 0.012 1    
526:  0.017 0.679 0.012 0.065 0.043 0.026 0.158 1    
527:  0.236 0.052 0.029 0.022 0.097 0.550 0.014 1    
528:  0.007 0.924 0.009 0.006 0.019 0.026 0.009 1    
529:  0.020 0.059 0.017 0.016 0.045 0.497 0.345 1    
530:  0.094 0.041 0.009 0.033 0.096 0.686 0.040 1    
531:  0.017 0.008 0.018 0.017 0.018 0.858 0.064 1    
532:  0.012 0.650 0.015 0.007 0.032 0.174 0.111 1    
533:  0.012 0.023 0.011 0.007 0.015 0.162 0.769 1    
534:  0.011 0.709 0.012 0.010 0.018 0.214 0.025 1    
535:  0.088 0.007 0.007 0.044 0.016 0.801 0.035 1    
536:  0.034 0.646 0.015 0.018 0.123 0.155 0.009 1    
537:  0.059 0.017 0.038 0.061 0.042 0.643 0.140 1    
538:  0.007 0.940 0.008 0.006 0.008 0.017 0.015 1    
539:  0.027 0.062 0.015 0.014 0.022 0.797 0.063 1    
540:  0.035 0.029 0.035 0.042 0.023 0.509 0.328 1    
541:  0.009 0.922 0.008 0.008 0.019 0.010 0.024 1    
542:  0.007 0.937 0.008 0.006 0.012 0.006 0.024 1    
543:  0.010 0.941 0.013 0.010 0.008 0.008 0.012 1    
544:  0.013 0.917 0.014 0.005 0.008 0.016 0.027 1    
545:  0.015 0.907 0.014 0.009 0.024 0.015 0.016 1    
546:  0.017 0.919 0.011 0.008 0.021 0.012 0.012 1    
547:  0.020 0.851 0.008 0.015 0.042 0.025 0.038 1    
548:  0.088 0.019 0.032 0.011 0.038 0.794 0.018 1    
549:  0.086 0.033 0.008 0.018 0.052 0.797 0.008 1    
550:  0.029 0.030 0.048 0.012 0.024 0.761 0.095 1    
551:  0.087 0.040 0.011 0.025 0.058 0.769 0.010 1    
552:  0.026 0.015 0.018 0.010 0.024 0.853 0.054 1    
553:  0.160 0.021 0.008 0.021 0.030 0.751 0.009 1    
554:  0.158 0.012 0.026 0.017 0.020 0.750 0.017 1    
555:  0.063 0.048 0.008 0.008 0.018 0.841 0.013 1    
556:  0.048 0.030 0.007 0.009 0.021 0.843 0.043 1    
557:  0.081 0.152 0.016 0.024 0.025 0.595 0.108 1    
558:  0.053 0.017 0.022 0.011 0.012 0.796 0.089 1    
559:  0.034 0.060 0.008 0.011 0.008 0.862 0.018 1    
560:  0.026 0.016 0.009 0.008 0.018 0.912 0.011 1    
561:  0.025 0.139 0.009 0.009 0.016 0.759 0.044 1    
562:  0.318 0.012 0.013 0.009 0.010 0.615 0.023 1    
563:  0.044 0.045 0.007 0.009 0.015 0.820 0.060 1    
564:  0.036 0.034 0.052 0.023 0.044 0.776 0.034 1    
565:  0.020 0.866 0.036 0.018 0.034 0.011 0.015 1    
566:  0.153 0.272 0.405 0.082 0.030 0.039 0.019 1    
567:  0.694 0.118 0.035 0.084 0.029 0.020 0.021 1    
568:  0.463 0.067 0.368 0.033 0.029 0.018 0.022 1    
569:  0.022 0.704 0.146 0.023 0.076 0.011 0.018 1    
570:  0.464 0.048 0.403 0.022 0.032 0.014 0.016 1    
571:  0.032 0.488 0.355 0.020 0.031 0.011 0.064 1    
572:  0.269 0.202 0.322 0.015 0.062 0.046 0.083 1    
573:  0.008 0.008 0.011 0.009 0.015 0.916 0.033 1    
574:  0.006 0.008 0.006 0.007 0.008 0.957 0.008 1    
575:  0.012 0.013 0.008 0.010 0.013 0.934 0.010 1    
576:  0.007 0.006 0.007 0.005 0.010 0.958 0.007 1    
577:  0.012 0.009 0.008 0.009 0.016 0.923 0.023 1    
578:  0.012 0.007 0.010 0.008 0.022 0.919 0.022 1    
579:  0.008 0.006 0.009 0.007 0.016 0.932 0.023 1    
580:  0.031 0.010 0.015 0.011 0.015 0.902 0.016 1    
581:  0.017 0.012 0.011 0.012 0.066 0.862 0.020 1    
582:  0.007 0.009 0.008 0.009 0.072 0.860 0.034 1    
583:  0.038 0.011 0.034 0.173 0.030 0.661 0.053 1    
584:  0.007 0.015 0.020 0.009 0.029 0.906 0.015 1    
585:  0.336 0.018 0.011 0.007 0.048 0.560 0.019 1    
586:  0.139 0.021 0.020 0.312 0.091 0.387 0.030 1    
587:  0.027 0.018 0.019 0.047 0.201 0.640 0.049 1    
588:  0.238 0.015 0.006 0.008 0.119 0.600 0.013 1    
589:  0.023 0.019 0.031 0.017 0.015 0.877 0.018 1    
590:  0.012 0.033 0.006 0.009 0.011 0.921 0.009 1    
591:  0.015 0.009 0.015 0.014 0.334 0.588 0.026 1    
592:  0.056 0.026 0.015 0.043 0.098 0.751 0.010 1    
593:  0.017 0.062 0.018 0.019 0.027 0.834 0.024 1    
594:  0.024 0.027 0.027 0.015 0.034 0.865 0.009 1    
595:  0.009 0.010 0.083 0.015 0.060 0.787 0.036 1    
596:  0.007 0.033 0.013 0.008 0.017 0.906 0.016 1    
597:  0.052 0.010 0.016 0.010 0.706 0.184 0.021 1    
598:  0.008 0.010 0.023 0.024 0.149 0.771 0.014 1    
599:  0.038 0.034 0.007 0.010 0.015 0.889 0.007 1    
600:  0.044 0.014 0.044 0.017 0.620 0.252 0.010 1    
601:  0.043 0.013 0.010 0.007 0.385 0.523 0.020 1    
602:  0.017 0.133 0.197 0.007 0.443 0.049 0.152 1    
603:  0.433 0.071 0.025 0.017 0.208 0.226 0.020 1    
604:  0.025 0.027 0.011 0.016 0.531 0.366 0.025 1    
605:  0.130 0.369 0.033 0.018 0.107 0.097 0.245 1    
606:  0.008 0.050 0.010 0.009 0.444 0.420 0.058 1    
607:  0.524 0.036 0.116 0.023 0.021 0.268 0.012 1    
608:  0.670 0.032 0.018 0.199 0.030 0.031 0.019 1    
609:  0.585 0.173 0.021 0.032 0.013 0.163 0.013 1    
610:  0.314 0.151 0.035 0.126 0.025 0.342 0.008 1    
611:  0.258 0.219 0.014 0.044 0.013 0.445 0.008 1    
612:  0.533 0.040 0.043 0.278 0.024 0.071 0.011 1    
613:  0.400 0.059 0.042 0.104 0.021 0.366 0.007 1    
614:  0.055 0.116 0.703 0.020 0.025 0.062 0.018 1    
615:  0.027 0.133 0.385 0.030 0.021 0.085 0.319 1    
616:  0.009 0.021 0.813 0.010 0.008 0.015 0.124 1    
617:  0.020 0.071 0.495 0.033 0.020 0.191 0.170 1    
618:  0.078 0.070 0.543 0.013 0.044 0.043 0.209 1    
619:  0.026 0.011 0.030 0.011 0.866 0.045 0.011 1    
620:  0.045 0.012 0.037 0.008 0.877 0.011 0.009 1    
621:  0.036 0.025 0.033 0.011 0.741 0.120 0.033 1    
622:  0.033 0.014 0.065 0.009 0.852 0.020 0.007 1    
623:  0.038 0.015 0.014 0.013 0.889 0.011 0.020 1    
624:  0.046 0.013 0.024 0.012 0.876 0.010 0.019 1    
625:  0.019 0.024 0.273 0.046 0.532 0.055 0.050 1    
626:  0.012 0.011 0.910 0.007 0.026 0.010 0.024 1    
627:  0.022 0.025 0.891 0.011 0.020 0.018 0.014 1    
628:  0.006 0.012 0.926 0.018 0.022 0.008 0.008 1    
629:  0.009 0.006 0.953 0.006 0.009 0.008 0.010 1    
630:  0.016 0.012 0.894 0.009 0.044 0.009 0.015 1    
631:  0.014 0.019 0.845 0.026 0.021 0.011 0.063 1    
632:  0.012 0.013 0.844 0.012 0.091 0.010 0.018 1    
633:  0.017 0.012 0.898 0.018 0.010 0.018 0.027 1    
634:  0.011 0.048 0.820 0.019 0.068 0.013 0.020 1    
635:  0.018 0.622 0.010 0.018 0.024 0.288 0.020 1    
636:  0.013 0.045 0.006 0.010 0.007 0.903 0.017 1    
637:  0.247 0.381 0.009 0.034 0.025 0.295 0.010 1    
638:  0.016 0.052 0.007 0.014 0.015 0.868 0.028 1    
639:  0.048 0.183 0.012 0.023 0.034 0.582 0.117 1    
640:  0.024 0.172 0.010 0.019 0.016 0.712 0.047 1    
641:  0.186 0.029 0.183 0.539 0.017 0.035 0.011 1    
642:  0.035 0.069 0.102 0.696 0.010 0.081 0.008 1    
643:  0.020 0.025 0.010 0.713 0.014 0.210 0.008 1    
644:  0.279 0.090 0.025 0.498 0.038 0.056 0.013 1    
645:  0.129 0.463 0.107 0.131 0.018 0.065 0.086 1    
646:  0.078 0.383 0.089 0.252 0.039 0.138 0.020 1    
647:  0.180 0.033 0.033 0.150 0.036 0.555 0.013 1    
648:  0.034 0.292 0.070 0.360 0.019 0.173 0.052 1    
649:  0.031 0.040 0.037 0.097 0.180 0.588 0.027 1    
650:  0.067 0.035 0.093 0.058 0.101 0.636 0.011 1    
651:  0.036 0.107 0.105 0.184 0.065 0.459 0.044 1    
652:  0.231 0.090 0.143 0.039 0.045 0.404 0.048 1    
653:  0.236 0.115 0.180 0.047 0.058 0.322 0.042 1    
654:  0.057 0.198 0.214 0.022 0.045 0.446 0.019 1    
655:  0.029 0.160 0.070 0.366 0.019 0.341 0.015 1    
656:  0.020 0.026 0.015 0.013 0.048 0.872 0.007 1    
657:  0.047 0.104 0.088 0.113 0.138 0.473 0.037 1    
658:  0.140 0.019 0.011 0.015 0.333 0.475 0.008 1    
659:  0.197 0.050 0.034 0.018 0.091 0.577 0.033 1    
660:  0.079 0.081 0.045 0.011 0.121 0.635 0.029 1    
661:  0.033 0.026 0.027 0.011 0.053 0.831 0.018 1    
662:  0.090 0.025 0.037 0.021 0.488 0.322 0.017 1    
663:  0.028 0.028 0.042 0.090 0.029 0.776 0.007 1    
664:  0.036 0.034 0.028 0.037 0.037 0.818 0.010 1    
665:  0.051 0.039 0.021 0.067 0.038 0.779 0.004 1    
666:  0.084 0.536 0.034 0.084 0.114 0.068 0.080 1    
667:  0.059 0.687 0.034 0.074 0.095 0.042 0.009 1    
668:  0.019 0.764 0.028 0.103 0.053 0.024 0.009 1    
669:  0.102 0.327 0.043 0.451 0.047 0.016 0.014 1    
670:  0.023 0.244 0.634 0.029 0.028 0.030 0.012 1    
671:  0.169 0.328 0.189 0.089 0.103 0.032 0.091 1    
672:  0.019 0.205 0.049 0.161 0.543 0.012 0.009 1    
673:  0.010 0.820 0.012 0.116 0.014 0.021 0.007 1    
674:  0.094 0.273 0.461 0.055 0.039 0.068 0.009 1    
675:  0.165 0.576 0.071 0.065 0.074 0.041 0.009 1    
676:  0.013 0.039 0.012 0.876 0.021 0.019 0.020 1    
677:  0.009 0.798 0.014 0.140 0.012 0.017 0.010 1    
678:  0.021 0.690 0.009 0.221 0.010 0.032 0.017 1    
679:  0.055 0.372 0.225 0.205 0.041 0.084 0.017 1    
680:  0.034 0.757 0.018 0.152 0.010 0.018 0.012 1    
681:  0.203 0.141 0.362 0.074 0.044 0.132 0.044 1    
682:  0.055 0.107 0.507 0.032 0.085 0.163 0.052 1    
683:  0.016 0.015 0.139 0.024 0.749 0.025 0.031 1    
684:  0.025 0.816 0.034 0.016 0.015 0.087 0.008 1    
685:  0.014 0.316 0.176 0.045 0.073 0.328 0.048 1    
686:  0.056 0.184 0.143 0.035 0.117 0.333 0.133 1    
687:  0.063 0.660 0.119 0.051 0.052 0.030 0.024 1    
688:  0.021 0.278 0.144 0.063 0.106 0.250 0.138 1    
689:  0.010 0.016 0.010 0.008 0.020 0.712 0.224 1    
690:  0.010 0.034 0.016 0.023 0.015 0.841 0.061 1    
691:  0.017 0.017 0.008 0.021 0.020 0.910 0.008 1    
692:  0.027 0.057 0.026 0.032 0.023 0.825 0.010 1    
693:  0.011 0.011 0.009 0.012 0.030 0.906 0.020 1    
694:  0.012 0.007 0.008 0.007 0.012 0.949 0.006 1    
695:  0.259 0.022 0.033 0.017 0.565 0.088 0.015 1    
696:  0.146 0.219 0.048 0.208 0.214 0.115 0.050 1    
697:  0.038 0.036 0.124 0.024 0.757 0.013 0.009 1    
698:  0.068 0.037 0.465 0.025 0.339 0.040 0.026 1    
699:  0.506 0.183 0.110 0.043 0.081 0.062 0.016 1    
700:  0.893 0.014 0.015 0.009 0.031 0.029 0.009 1    
701:  0.098 0.039 0.061 0.017 0.752 0.019 0.013 1    
702:  0.037 0.022 0.215 0.176 0.077 0.454 0.018 1    
703:  0.058 0.062 0.019 0.048 0.774 0.030 0.010 1    
704:  0.009 0.187 0.036 0.014 0.034 0.009 0.710 1    
705:  0.021 0.043 0.030 0.027 0.046 0.018 0.816 1    
706:  0.012 0.042 0.012 0.025 0.020 0.023 0.866 1    
707:  0.015 0.028 0.013 0.018 0.016 0.014 0.895 1    
708:  0.010 0.018 0.010 0.011 0.012 0.015 0.925 1    
709:  0.013 0.015 0.008 0.010 0.008 0.015 0.932 1    
710:  0.090 0.134 0.096 0.219 0.070 0.206 0.184 1    
711:  0.430 0.017 0.101 0.064 0.204 0.029 0.155 1    
712:  0.010 0.025 0.018 0.017 0.015 0.017 0.898 1    
713:  0.020 0.031 0.008 0.017 0.017 0.018 0.889 1    
714:  0.020 0.034 0.049 0.023 0.050 0.022 0.802 1    
715:  0.021 0.075 0.054 0.015 0.072 0.038 0.725 1    
716:  0.012 0.039 0.053 0.031 0.023 0.018 0.825 1    
717:  0.011 0.031 0.060 0.012 0.038 0.017 0.830 1    
718:  0.017 0.045 0.052 0.016 0.030 0.016 0.823 1    
719:  0.026 0.017 0.020 0.024 0.021 0.014 0.879 1    
720:  0.023 0.023 0.036 0.025 0.026 0.045 0.822 1    
721:  0.092 0.197 0.413 0.014 0.251 0.019 0.014 1    
722:  0.334 0.038 0.304 0.036 0.227 0.052 0.010 1    
723:  0.009 0.112 0.019 0.012 0.790 0.032 0.026 1    
724:  0.042 0.876 0.007 0.038 0.010 0.018 0.009 1    
725:  0.017 0.896 0.009 0.054 0.006 0.011 0.006 1    
726:  0.015 0.881 0.015 0.060 0.009 0.009 0.011 1    
727:  0.044 0.842 0.006 0.024 0.012 0.065 0.008 1    
728:  0.048 0.835 0.010 0.070 0.010 0.018 0.009 1    
729:  0.028 0.856 0.009 0.073 0.007 0.015 0.011 1    
730:  0.020 0.862 0.012 0.068 0.008 0.022 0.008 1    
731:  0.917 0.021 0.012 0.009 0.017 0.016 0.009 1    
732:  0.893 0.017 0.011 0.018 0.024 0.022 0.016 1    
733:  0.474 0.325 0.019 0.117 0.018 0.023 0.025 1    
734:  0.934 0.021 0.006 0.014 0.009 0.011 0.006 1    
735:  0.913 0.007 0.014 0.009 0.025 0.022 0.010 1    
736:  0.869 0.030 0.017 0.022 0.012 0.038 0.012 1    
737:  0.233 0.575 0.027 0.030 0.075 0.028 0.032 1    
738:  0.738 0.135 0.017 0.048 0.026 0.012 0.023 1    
739:  0.824 0.041 0.015 0.031 0.041 0.037 0.012 1    
740:  0.884 0.007 0.018 0.008 0.039 0.030 0.013 1    
