1:    0.007 0.005 0.013 0.007 0.009 0.104 0.014 0.639 0.031 0.009 0.007 0.012 0.043 0.032 0.009 0.007 0.017 0.014 0.010 0.006 0.006 1    
2:    0.009 0.025 0.028 0.021 0.006 0.150 0.012 0.034 0.017 0.019 0.025 0.062 0.014 0.454 0.019 0.009 0.041 0.033 0.008 0.011 0.006 1    
3:    0.009 0.019 0.025 0.024 0.011 0.278 0.046 0.023 0.045 0.023 0.040 0.014 0.019 0.232 0.066 0.017 0.077 0.007 0.007 0.011 0.008 1    
4:    0.039 0.045 0.027 0.028 0.009 0.046 0.029 0.483 0.051 0.013 0.015 0.016 0.030 0.084 0.011 0.019 0.016 0.013 0.007 0.015 0.004 1    
5:    0.006 0.012 0.010 0.048 0.007 0.065 0.051 0.564 0.027 0.011 0.019 0.007 0.015 0.084 0.013 0.012 0.021 0.006 0.007 0.009 0.006 1    
6:    0.016 0.055 0.059 0.017 0.005 0.040 0.032 0.099 0.037 0.018 0.025 0.027 0.035 0.418 0.006 0.015 0.042 0.023 0.006 0.018 0.006 1    
7:    0.020 0.072 0.033 0.031 0.014 0.075 0.015 0.212 0.049 0.009 0.011 0.022 0.014 0.260 0.042 0.028 0.028 0.025 0.020 0.015 0.005 1    
8:    0.007 0.006 0.037 0.007 0.008 0.453 0.009 0.030 0.049 0.008 0.016 0.176 0.022 0.019 0.019 0.008 0.010 0.091 0.009 0.013 0.007 1    
9:    0.010 0.071 0.230 0.012 0.009 0.036 0.018 0.013 0.040 0.016 0.019 0.075 0.013 0.346 0.010 0.018 0.020 0.012 0.005 0.017 0.009 1    
10:   0.072 0.016 0.019 0.052 0.007 0.008 0.005 0.648 0.018 0.007 0.005 0.021 0.016 0.006 0.008 0.014 0.008 0.028 0.008 0.029 0.005 1    
11:   0.011 0.011 0.016 0.307 0.011 0.011 0.011 0.052 0.374 0.012 0.007 0.072 0.008 0.009 0.005 0.007 0.030 0.008 0.009 0.018 0.010 1    
12:   0.008 0.029 0.010 0.060 0.013 0.006 0.010 0.622 0.028 0.006 0.017 0.007 0.005 0.016 0.033 0.006 0.050 0.004 0.013 0.044 0.011 1    
13:   0.005 0.029 0.014 0.158 0.009 0.006 0.011 0.134 0.310 0.013 0.022 0.019 0.005 0.015 0.007 0.016 0.138 0.007 0.012 0.040 0.030 1    
14:   0.007 0.123 0.010 0.038 0.013 0.010 0.013 0.350 0.185 0.020 0.020 0.031 0.005 0.009 0.027 0.007 0.032 0.009 0.036 0.036 0.020 1    
15:   0.005 0.007 0.005 0.209 0.008 0.005 0.009 0.569 0.039 0.014 0.004 0.012 0.011 0.018 0.005 0.010 0.016 0.004 0.036 0.007 0.006 1    
16:   0.010 0.014 0.004 0.031 0.007 0.009 0.009 0.806 0.016 0.008 0.004 0.008 0.008 0.007 0.009 0.008 0.004 0.006 0.024 0.004 0.004 1    
17:   0.010 0.015 0.010 0.229 0.006 0.018 0.007 0.091 0.392 0.010 0.009 0.028 0.029 0.009 0.005 0.006 0.011 0.019 0.077 0.009 0.010 1    
18:   0.014 0.005 0.006 0.056 0.012 0.005 0.005 0.788 0.007 0.006 0.004 0.008 0.018 0.010 0.010 0.009 0.006 0.008 0.007 0.011 0.005 1    
19:   0.007 0.008 0.008 0.139 0.006 0.009 0.005 0.359 0.271 0.006 0.004 0.041 0.015 0.023 0.004 0.008 0.046 0.008 0.020 0.006 0.007 1    
20:   0.009 0.047 0.005 0.171 0.013 0.012 0.007 0.539 0.075 0.007 0.007 0.023 0.004 0.006 0.015 0.007 0.007 0.005 0.031 0.004 0.005 1    
21:   0.006 0.012 0.015 0.048 0.022 0.007 0.008 0.484 0.032 0.017 0.010 0.013 0.030 0.014 0.009 0.036 0.124 0.021 0.036 0.036 0.021 1    
22:   0.006 0.025 0.011 0.020 0.007 0.010 0.007 0.769 0.020 0.005 0.017 0.005 0.005 0.006 0.016 0.004 0.012 0.007 0.018 0.017 0.012 1    
23:   0.005 0.004 0.016 0.093 0.014 0.006 0.028 0.055 0.010 0.319 0.009 0.015 0.014 0.052 0.017 0.114 0.029 0.006 0.053 0.048 0.094 1    
24:   0.127 0.057 0.013 0.024 0.012 0.030 0.038 0.063 0.007 0.317 0.004 0.006 0.036 0.038 0.138 0.017 0.007 0.007 0.015 0.031 0.015 1    
25:   0.006 0.023 0.007 0.006 0.004 0.009 0.008 0.845 0.013 0.006 0.006 0.010 0.005 0.004 0.004 0.005 0.005 0.017 0.006 0.006 0.006 1    
26:   0.007 0.005 0.003 0.006 0.009 0.005 0.004 0.872 0.007 0.008 0.003 0.004 0.006 0.006 0.006 0.010 0.007 0.003 0.006 0.014 0.009 1    
27:   0.015 0.030 0.006 0.004 0.007 0.006 0.010 0.717 0.008 0.012 0.006 0.006 0.022 0.008 0.006 0.009 0.005 0.031 0.010 0.020 0.062 1    
28:   0.008 0.028 0.004 0.004 0.014 0.005 0.008 0.805 0.006 0.006 0.004 0.007 0.012 0.008 0.006 0.010 0.005 0.013 0.010 0.013 0.024 1    
29:   0.006 0.021 0.004 0.008 0.008 0.007 0.007 0.786 0.008 0.016 0.003 0.013 0.004 0.008 0.008 0.008 0.007 0.020 0.042 0.005 0.011 1    
30:   0.007 0.010 0.004 0.008 0.004 0.011 0.004 0.855 0.016 0.009 0.004 0.009 0.005 0.006 0.004 0.004 0.010 0.006 0.008 0.010 0.006 1    
31:   0.011 0.011 0.004 0.005 0.005 0.005 0.004 0.826 0.009 0.007 0.003 0.004 0.008 0.006 0.003 0.006 0.007 0.014 0.008 0.027 0.025 1    
32:   0.009 0.072 0.004 0.004 0.010 0.009 0.007 0.748 0.005 0.012 0.004 0.005 0.012 0.006 0.012 0.011 0.005 0.015 0.008 0.013 0.029 1    
33:   0.005 0.023 0.023 0.107 0.014 0.010 0.010 0.051 0.014 0.007 0.023 0.003 0.407 0.023 0.147 0.008 0.012 0.007 0.082 0.005 0.021 1    
34:   0.009 0.011 0.012 0.130 0.014 0.005 0.012 0.025 0.016 0.008 0.007 0.010 0.652 0.036 0.008 0.011 0.008 0.005 0.007 0.010 0.006 1    
35:   0.009 0.023 0.053 0.301 0.026 0.013 0.011 0.230 0.053 0.011 0.019 0.019 0.064 0.039 0.018 0.031 0.008 0.033 0.023 0.011 0.007 1    
36:   0.020 0.015 0.033 0.237 0.019 0.016 0.018 0.183 0.047 0.012 0.026 0.013 0.179 0.023 0.025 0.035 0.007 0.054 0.010 0.021 0.010 1    
37:   0.011 0.011 0.026 0.608 0.017 0.079 0.104 0.006 0.012 0.009 0.011 0.005 0.022 0.008 0.008 0.008 0.012 0.017 0.006 0.010 0.009 1    
38:   0.015 0.045 0.018 0.016 0.011 0.021 0.073 0.050 0.011 0.019 0.010 0.013 0.445 0.093 0.009 0.049 0.039 0.013 0.006 0.030 0.016 1    
39:   0.129 0.039 0.005 0.392 0.032 0.051 0.031 0.116 0.062 0.006 0.009 0.004 0.010 0.009 0.007 0.009 0.027 0.008 0.041 0.010 0.004 1    
40:   0.013 0.006 0.041 0.224 0.030 0.029 0.063 0.106 0.010 0.012 0.010 0.012 0.326 0.019 0.004 0.015 0.025 0.010 0.008 0.030 0.010 1    
41:   0.037 0.015 0.011 0.280 0.025 0.083 0.403 0.009 0.011 0.010 0.011 0.003 0.019 0.010 0.006 0.006 0.014 0.013 0.015 0.007 0.009 1    
42:   0.042 0.033 0.020 0.116 0.013 0.124 0.213 0.028 0.065 0.014 0.012 0.005 0.108 0.018 0.034 0.016 0.029 0.017 0.067 0.009 0.015 1    
43:   0.006 0.020 0.019 0.708 0.023 0.012 0.027 0.033 0.010 0.011 0.006 0.005 0.014 0.006 0.007 0.034 0.010 0.016 0.014 0.008 0.010 1    
44:   0.007 0.007 0.023 0.614 0.024 0.011 0.013 0.073 0.012 0.008 0.019 0.004 0.012 0.013 0.020 0.016 0.009 0.047 0.018 0.020 0.029 1    
45:   0.004 0.003 0.008 0.877 0.009 0.007 0.008 0.006 0.007 0.004 0.010 0.005 0.004 0.008 0.004 0.004 0.007 0.005 0.008 0.006 0.005 1    
46:   0.013 0.011 0.008 0.671 0.008 0.075 0.012 0.014 0.032 0.006 0.032 0.004 0.004 0.005 0.008 0.007 0.005 0.041 0.016 0.016 0.011 1    
47:   0.052 0.006 0.013 0.406 0.072 0.037 0.228 0.018 0.012 0.005 0.007 0.007 0.020 0.011 0.006 0.008 0.008 0.031 0.015 0.028 0.012 1    
48:   0.027 0.021 0.018 0.674 0.028 0.030 0.029 0.010 0.012 0.004 0.016 0.006 0.055 0.015 0.004 0.007 0.013 0.009 0.009 0.007 0.005 1    
49:   0.097 0.028 0.036 0.028 0.023 0.326 0.038 0.047 0.055 0.009 0.055 0.010 0.043 0.024 0.004 0.015 0.019 0.043 0.013 0.068 0.018 1    
50:   0.117 0.028 0.039 0.044 0.025 0.284 0.047 0.043 0.078 0.012 0.038 0.010 0.034 0.029 0.005 0.011 0.016 0.052 0.017 0.056 0.015 1    
51:   0.006 0.022 0.004 0.006 0.004 0.027 0.007 0.013 0.023 0.009 0.008 0.007 0.010 0.015 0.011 0.005 0.007 0.551 0.245 0.009 0.013 1    
52:   0.004 0.011 0.005 0.003 0.004 0.009 0.005 0.007 0.012 0.003 0.008 0.010 0.006 0.005 0.003 0.004 0.007 0.876 0.005 0.005 0.007 1    
53:   0.023 0.014 0.008 0.009 0.004 0.017 0.016 0.037 0.015 0.005 0.007 0.008 0.012 0.010 0.004 0.006 0.006 0.726 0.017 0.049 0.010 1    
54:   0.010 0.012 0.005 0.004 0.003 0.010 0.010 0.020 0.014 0.005 0.012 0.004 0.008 0.007 0.003 0.007 0.005 0.819 0.016 0.011 0.013 1    
55:   0.007 0.026 0.006 0.004 0.004 0.012 0.009 0.012 0.009 0.004 0.005 0.012 0.014 0.009 0.004 0.004 0.006 0.832 0.006 0.006 0.009 1    
56:   0.005 0.014 0.007 0.004 0.003 0.006 0.009 0.012 0.008 0.005 0.004 0.005 0.005 0.002 0.003 0.004 0.004 0.882 0.006 0.004 0.006 1    
57:   0.005 0.009 0.005 0.003 0.003 0.004 0.006 0.007 0.004 0.004 0.006 0.003 0.006 0.004 0.002 0.004 0.003 0.906 0.006 0.005 0.005 1    
58:   0.006 0.005 0.006 0.004 0.004 0.015 0.009 0.008 0.009 0.016 0.005 0.015 0.009 0.004 0.009 0.006 0.005 0.807 0.045 0.006 0.007 1    
59:   0.010 0.019 0.004 0.008 0.004 0.026 0.007 0.021 0.020 0.007 0.007 0.005 0.007 0.005 0.006 0.004 0.006 0.449 0.359 0.019 0.007 1    
60:   0.051 0.006 0.009 0.004 0.005 0.035 0.016 0.424 0.010 0.005 0.006 0.004 0.015 0.352 0.005 0.005 0.014 0.011 0.004 0.009 0.010 1    
61:   0.009 0.004 0.012 0.010 0.015 0.007 0.006 0.195 0.010 0.007 0.006 0.006 0.029 0.513 0.020 0.043 0.017 0.021 0.024 0.035 0.010 1    
62:   0.034 0.005 0.010 0.015 0.015 0.008 0.015 0.162 0.008 0.006 0.011 0.007 0.061 0.489 0.020 0.055 0.018 0.016 0.021 0.020 0.007 1    
63:   0.034 0.004 0.023 0.026 0.014 0.009 0.010 0.245 0.019 0.006 0.008 0.013 0.173 0.228 0.008 0.012 0.011 0.029 0.015 0.099 0.013 1    
64:   0.059 0.003 0.011 0.008 0.029 0.018 0.024 0.176 0.017 0.009 0.034 0.003 0.030 0.474 0.005 0.015 0.016 0.018 0.019 0.024 0.008 1    
65:   0.039 0.005 0.011 0.024 0.009 0.004 0.006 0.048 0.008 0.004 0.008 0.006 0.113 0.639 0.008 0.013 0.008 0.019 0.012 0.012 0.004 1    
66:   0.143 0.010 0.008 0.010 0.009 0.031 0.011 0.422 0.009 0.005 0.005 0.004 0.026 0.254 0.011 0.006 0.007 0.010 0.005 0.008 0.007 1    
67:   0.031 0.004 0.008 0.021 0.008 0.010 0.013 0.068 0.010 0.004 0.007 0.004 0.155 0.580 0.008 0.011 0.018 0.011 0.005 0.015 0.008 1    
68:   0.129 0.004 0.014 0.008 0.027 0.057 0.016 0.339 0.016 0.009 0.021 0.004 0.011 0.247 0.006 0.015 0.020 0.006 0.009 0.030 0.010 1    
69:   0.005 0.004 0.007 0.005 0.004 0.008 0.007 0.879 0.008 0.005 0.009 0.003 0.007 0.004 0.003 0.007 0.006 0.010 0.006 0.008 0.004 1    
70:   0.007 0.009 0.028 0.010 0.009 0.011 0.024 0.648 0.010 0.045 0.057 0.005 0.015 0.012 0.004 0.014 0.011 0.039 0.010 0.014 0.017 1    
71:   0.011 0.006 0.003 0.004 0.006 0.026 0.006 0.834 0.011 0.022 0.005 0.010 0.004 0.003 0.007 0.005 0.004 0.010 0.012 0.004 0.007 1    
72:   0.009 0.007 0.010 0.005 0.007 0.017 0.008 0.798 0.014 0.010 0.010 0.021 0.004 0.010 0.003 0.008 0.010 0.029 0.006 0.008 0.008 1    
73:   0.005 0.003 0.004 0.004 0.003 0.005 0.006 0.913 0.005 0.004 0.005 0.004 0.004 0.004 0.003 0.004 0.006 0.006 0.004 0.005 0.003 1    
74:   0.015 0.008 0.004 0.006 0.008 0.038 0.007 0.748 0.009 0.041 0.006 0.010 0.031 0.014 0.008 0.007 0.005 0.006 0.011 0.006 0.012 1    
75:   0.012 0.017 0.007 0.005 0.009 0.022 0.007 0.780 0.010 0.012 0.008 0.015 0.005 0.004 0.006 0.010 0.005 0.017 0.032 0.006 0.013 1    
76:   0.008 0.003 0.004 0.004 0.005 0.050 0.003 0.846 0.010 0.008 0.005 0.008 0.006 0.006 0.004 0.004 0.005 0.005 0.005 0.005 0.005 1    
77:   0.009 0.004 0.003 0.005 0.004 0.010 0.005 0.890 0.006 0.008 0.006 0.004 0.004 0.003 0.005 0.005 0.004 0.006 0.008 0.005 0.006 1    
78:   0.033 0.004 0.011 0.005 0.008 0.065 0.006 0.725 0.011 0.024 0.006 0.008 0.010 0.009 0.003 0.009 0.009 0.007 0.014 0.010 0.023 1    
79:   0.029 0.006 0.004 0.004 0.004 0.155 0.006 0.683 0.023 0.012 0.006 0.020 0.003 0.004 0.004 0.006 0.004 0.008 0.007 0.005 0.005 1    
80:   0.012 0.004 0.011 0.005 0.004 0.016 0.007 0.834 0.006 0.024 0.005 0.004 0.006 0.004 0.004 0.005 0.005 0.010 0.012 0.007 0.016 1    
81:   0.011 0.005 0.006 0.003 0.003 0.010 0.006 0.883 0.007 0.004 0.007 0.008 0.006 0.006 0.003 0.003 0.005 0.007 0.004 0.009 0.005 1    
82:   0.013 0.004 0.011 0.005 0.008 0.022 0.006 0.790 0.008 0.033 0.009 0.003 0.009 0.004 0.004 0.011 0.007 0.013 0.018 0.008 0.013 1    
83:   0.006 0.006 0.008 0.006 0.007 0.012 0.007 0.836 0.010 0.006 0.009 0.023 0.005 0.009 0.004 0.005 0.007 0.017 0.006 0.007 0.006 1    
84:   0.022 0.011 0.011 0.010 0.022 0.064 0.008 0.247 0.100 0.014 0.021 0.069 0.007 0.013 0.010 0.013 0.006 0.033 0.299 0.006 0.015 1    
85:   0.006 0.005 0.009 0.005 0.008 0.011 0.010 0.849 0.009 0.006 0.016 0.003 0.005 0.004 0.005 0.023 0.005 0.005 0.004 0.006 0.005 1    
86:   0.019 0.240 0.041 0.037 0.017 0.016 0.043 0.044 0.082 0.046 0.012 0.017 0.021 0.020 0.016 0.206 0.019 0.022 0.010 0.059 0.014 1    
87:   0.005 0.005 0.008 0.005 0.008 0.007 0.007 0.790 0.012 0.004 0.084 0.004 0.005 0.006 0.004 0.013 0.004 0.007 0.005 0.011 0.006 1    
88:   0.005 0.007 0.015 0.012 0.007 0.053 0.011 0.028 0.057 0.616 0.047 0.024 0.017 0.010 0.022 0.012 0.006 0.017 0.009 0.008 0.014 1    
89:   0.005 0.006 0.009 0.006 0.006 0.008 0.009 0.773 0.014 0.011 0.029 0.016 0.005 0.037 0.007 0.008 0.004 0.018 0.009 0.007 0.013 1    
90:   0.012 0.014 0.020 0.018 0.014 0.024 0.010 0.017 0.049 0.322 0.028 0.069 0.010 0.013 0.013 0.048 0.014 0.251 0.033 0.009 0.011 1    
91:   0.006 0.004 0.005 0.005 0.005 0.007 0.011 0.873 0.011 0.008 0.005 0.006 0.007 0.006 0.005 0.007 0.007 0.004 0.005 0.006 0.007 1    
92:   0.011 0.015 0.072 0.098 0.022 0.019 0.020 0.023 0.086 0.185 0.026 0.017 0.013 0.010 0.012 0.245 0.022 0.033 0.017 0.016 0.038 1    
93:   0.006 0.004 0.008 0.006 0.004 0.007 0.008 0.859 0.012 0.011 0.006 0.008 0.008 0.009 0.004 0.006 0.005 0.008 0.005 0.011 0.006 1    
94:   0.024 0.027 0.107 0.056 0.014 0.012 0.073 0.045 0.035 0.047 0.078 0.011 0.054 0.018 0.015 0.251 0.014 0.019 0.011 0.046 0.044 1    
95:   0.007 0.005 0.010 0.005 0.006 0.012 0.012 0.844 0.011 0.007 0.016 0.004 0.005 0.004 0.004 0.016 0.006 0.005 0.005 0.009 0.007 1    
96:   0.005 0.004 0.008 0.005 0.008 0.008 0.016 0.781 0.015 0.010 0.059 0.007 0.005 0.009 0.005 0.010 0.004 0.015 0.007 0.006 0.014 1    
97:   0.008 0.009 0.008 0.009 0.008 0.012 0.018 0.744 0.021 0.027 0.006 0.043 0.007 0.007 0.015 0.012 0.005 0.012 0.011 0.007 0.010 1    
98:   0.017 0.010 0.006 0.029 0.006 0.007 0.006 0.787 0.021 0.010 0.008 0.008 0.004 0.009 0.025 0.007 0.008 0.004 0.010 0.012 0.006 1    
99:   0.012 0.008 0.013 0.009 0.009 0.014 0.005 0.726 0.012 0.006 0.016 0.007 0.007 0.033 0.029 0.010 0.007 0.017 0.041 0.011 0.009 1    
100:  0.011 0.010 0.006 0.009 0.009 0.034 0.006 0.620 0.018 0.006 0.017 0.068 0.005 0.014 0.104 0.007 0.006 0.013 0.021 0.009 0.008 1    
101:  0.008 0.025 0.008 0.043 0.012 0.011 0.003 0.665 0.013 0.006 0.015 0.013 0.006 0.020 0.101 0.006 0.009 0.005 0.007 0.016 0.008 1    
102:  0.008 0.012 0.006 0.016 0.019 0.011 0.011 0.632 0.034 0.011 0.013 0.031 0.004 0.008 0.121 0.026 0.011 0.004 0.006 0.008 0.009 1    
103:  0.008 0.011 0.008 0.006 0.021 0.032 0.005 0.527 0.012 0.004 0.014 0.027 0.004 0.016 0.251 0.011 0.005 0.013 0.012 0.007 0.006 1    
104:  0.009 0.007 0.008 0.007 0.013 0.007 0.003 0.709 0.012 0.005 0.013 0.006 0.007 0.073 0.030 0.009 0.010 0.013 0.040 0.010 0.008 1    
105:  0.010 0.009 0.006 0.037 0.010 0.006 0.004 0.674 0.010 0.006 0.008 0.008 0.006 0.011 0.155 0.010 0.007 0.003 0.005 0.009 0.004 1    
106:  0.019 0.064 0.006 0.018 0.044 0.007 0.005 0.010 0.020 0.645 0.008 0.007 0.008 0.014 0.007 0.011 0.014 0.013 0.064 0.006 0.010 1    
107:  0.008 0.075 0.005 0.024 0.006 0.009 0.007 0.009 0.027 0.543 0.004 0.008 0.004 0.004 0.005 0.014 0.008 0.013 0.203 0.007 0.014 1    
108:  0.033 0.229 0.006 0.012 0.128 0.010 0.015 0.007 0.009 0.282 0.006 0.009 0.033 0.007 0.012 0.121 0.013 0.012 0.020 0.021 0.017 1    
109:  0.015 0.212 0.007 0.048 0.038 0.009 0.033 0.011 0.023 0.325 0.004 0.017 0.091 0.019 0.007 0.037 0.009 0.010 0.029 0.037 0.021 1    
110:  0.131 0.045 0.007 0.007 0.046 0.005 0.019 0.006 0.009 0.532 0.008 0.008 0.061 0.023 0.005 0.025 0.010 0.007 0.015 0.021 0.010 1    
111:  0.036 0.093 0.005 0.007 0.080 0.005 0.010 0.006 0.004 0.554 0.009 0.013 0.044 0.017 0.029 0.034 0.005 0.012 0.013 0.013 0.011 1    
112:  0.008 0.016 0.007 0.025 0.011 0.008 0.009 0.007 0.021 0.703 0.006 0.008 0.006 0.006 0.005 0.021 0.008 0.008 0.105 0.006 0.006 1    
113:  0.022 0.062 0.005 0.010 0.124 0.007 0.009 0.006 0.006 0.575 0.008 0.007 0.055 0.026 0.008 0.016 0.011 0.004 0.016 0.013 0.009 1    
114:  0.013 0.017 0.011 0.013 0.005 0.007 0.009 0.023 0.027 0.010 0.783 0.006 0.005 0.007 0.012 0.008 0.005 0.012 0.015 0.006 0.007 1    
115:  0.005 0.019 0.008 0.040 0.009 0.015 0.023 0.280 0.128 0.010 0.134 0.021 0.042 0.015 0.076 0.012 0.009 0.008 0.042 0.005 0.101 1    
116:  0.013 0.070 0.100 0.021 0.014 0.017 0.070 0.027 0.051 0.012 0.184 0.013 0.006 0.008 0.139 0.123 0.005 0.064 0.019 0.008 0.035 1    
117:  0.006 0.009 0.013 0.050 0.006 0.013 0.032 0.600 0.024 0.012 0.023 0.018 0.016 0.034 0.034 0.013 0.016 0.009 0.026 0.012 0.033 1    
118:  0.005 0.005 0.032 0.021 0.007 0.008 0.038 0.008 0.016 0.004 0.706 0.004 0.019 0.006 0.020 0.019 0.005 0.010 0.012 0.007 0.048 1    
119:  0.003 0.004 0.007 0.007 0.003 0.020 0.100 0.523 0.008 0.009 0.022 0.005 0.151 0.007 0.006 0.006 0.009 0.005 0.009 0.005 0.092 1    
120:  0.014 0.035 0.038 0.017 0.015 0.049 0.064 0.084 0.075 0.012 0.399 0.009 0.007 0.010 0.016 0.026 0.007 0.074 0.020 0.005 0.023 1    
121:  0.027 0.006 0.022 0.025 0.008 0.008 0.045 0.532 0.005 0.030 0.012 0.005 0.173 0.008 0.007 0.026 0.007 0.016 0.008 0.017 0.014 1    
122:  0.004 0.005 0.017 0.007 0.007 0.009 0.021 0.009 0.008 0.004 0.827 0.004 0.020 0.005 0.005 0.006 0.005 0.008 0.007 0.004 0.017 1    
123:  0.005 0.007 0.006 0.021 0.004 0.015 0.029 0.729 0.014 0.016 0.020 0.006 0.010 0.016 0.038 0.011 0.014 0.005 0.008 0.006 0.018 1    
124:  0.006 0.013 0.021 0.014 0.005 0.006 0.013 0.011 0.083 0.006 0.679 0.006 0.007 0.011 0.020 0.016 0.004 0.015 0.023 0.007 0.034 1    
125:  0.006 0.006 0.033 0.022 0.010 0.010 0.118 0.073 0.009 0.007 0.026 0.006 0.325 0.020 0.005 0.034 0.010 0.018 0.014 0.013 0.234 1    
126:  0.007 0.014 0.125 0.070 0.007 0.012 0.060 0.074 0.038 0.010 0.287 0.010 0.018 0.028 0.066 0.041 0.008 0.015 0.012 0.032 0.068 1    
127:  0.006 0.009 0.008 0.013 0.007 0.022 0.057 0.545 0.033 0.006 0.021 0.006 0.127 0.012 0.008 0.009 0.012 0.011 0.030 0.006 0.051 1    
128:  0.006 0.011 0.060 0.008 0.011 0.018 0.149 0.027 0.016 0.008 0.103 0.012 0.038 0.007 0.013 0.027 0.006 0.027 0.008 0.008 0.436 1    
129:  0.026 0.017 0.043 0.141 0.017 0.014 0.067 0.183 0.019 0.022 0.033 0.009 0.047 0.032 0.138 0.078 0.011 0.017 0.044 0.023 0.018 1    
130:  0.010 0.030 0.047 0.023 0.009 0.018 0.034 0.049 0.018 0.013 0.628 0.009 0.014 0.009 0.017 0.013 0.008 0.015 0.011 0.013 0.011 1    
131:  0.005 0.006 0.027 0.713 0.043 0.022 0.005 0.010 0.019 0.009 0.016 0.028 0.004 0.013 0.013 0.011 0.020 0.009 0.010 0.005 0.010 1    
132:  0.019 0.007 0.016 0.765 0.025 0.009 0.006 0.005 0.018 0.006 0.021 0.009 0.005 0.013 0.007 0.015 0.008 0.011 0.010 0.016 0.010 1    
133:  0.011 0.006 0.010 0.837 0.008 0.007 0.005 0.004 0.014 0.005 0.009 0.014 0.004 0.012 0.005 0.006 0.006 0.007 0.009 0.014 0.006 1    
134:  0.007 0.005 0.007 0.865 0.005 0.005 0.004 0.010 0.010 0.013 0.004 0.010 0.005 0.004 0.003 0.006 0.007 0.009 0.007 0.007 0.007 1    
135:  0.004 0.005 0.007 0.884 0.007 0.006 0.003 0.005 0.007 0.007 0.004 0.012 0.005 0.005 0.004 0.004 0.005 0.007 0.006 0.005 0.006 1    
136:  0.007 0.004 0.006 0.838 0.011 0.008 0.005 0.008 0.008 0.011 0.004 0.025 0.008 0.012 0.005 0.006 0.011 0.006 0.007 0.005 0.006 1    
137:  0.014 0.007 0.005 0.839 0.006 0.005 0.004 0.012 0.010 0.007 0.007 0.008 0.008 0.019 0.007 0.007 0.006 0.004 0.013 0.009 0.004 1    
138:  0.008 0.007 0.010 0.772 0.008 0.019 0.005 0.019 0.016 0.014 0.006 0.037 0.010 0.016 0.006 0.008 0.011 0.006 0.007 0.007 0.007 1    
139:  0.007 0.007 0.009 0.683 0.006 0.020 0.050 0.028 0.017 0.006 0.010 0.006 0.029 0.008 0.016 0.006 0.010 0.010 0.024 0.006 0.044 1    
140:  0.008 0.004 0.009 0.588 0.009 0.077 0.032 0.021 0.023 0.004 0.005 0.009 0.092 0.014 0.031 0.006 0.009 0.009 0.028 0.004 0.016 1    
141:  0.044 0.036 0.011 0.008 0.016 0.019 0.016 0.014 0.076 0.043 0.020 0.076 0.019 0.140 0.072 0.027 0.010 0.054 0.266 0.015 0.015 1    
142:  0.052 0.022 0.021 0.007 0.030 0.025 0.010 0.044 0.071 0.342 0.006 0.012 0.009 0.034 0.014 0.078 0.005 0.042 0.123 0.014 0.037 1    
143:  0.017 0.010 0.008 0.021 0.029 0.020 0.013 0.021 0.065 0.078 0.004 0.010 0.054 0.129 0.008 0.024 0.022 0.035 0.376 0.012 0.043 1    
144:  0.016 0.034 0.012 0.017 0.014 0.036 0.013 0.013 0.071 0.132 0.007 0.054 0.050 0.024 0.017 0.027 0.012 0.077 0.264 0.009 0.101 1    
145:  0.019 0.005 0.011 0.113 0.057 0.042 0.017 0.126 0.132 0.119 0.006 0.008 0.049 0.036 0.005 0.012 0.012 0.020 0.178 0.020 0.011 1    
146:  0.072 0.026 0.020 0.009 0.049 0.032 0.012 0.022 0.019 0.236 0.006 0.073 0.013 0.083 0.010 0.086 0.013 0.072 0.094 0.023 0.031 1    
147:  0.170 0.006 0.032 0.018 0.012 0.036 0.022 0.006 0.325 0.010 0.081 0.016 0.007 0.009 0.006 0.019 0.033 0.108 0.047 0.026 0.014 1    
148:  0.012 0.032 0.010 0.011 0.005 0.037 0.008 0.033 0.603 0.006 0.025 0.010 0.006 0.032 0.012 0.016 0.019 0.067 0.006 0.023 0.028 1    
149:  0.273 0.004 0.005 0.012 0.004 0.009 0.005 0.016 0.597 0.004 0.007 0.008 0.006 0.006 0.008 0.005 0.006 0.009 0.009 0.005 0.003 1    
150:  0.036 0.019 0.027 0.020 0.009 0.073 0.007 0.018 0.346 0.013 0.020 0.014 0.009 0.022 0.016 0.017 0.097 0.201 0.009 0.015 0.012 1    
151:  0.047 0.004 0.019 0.006 0.006 0.559 0.008 0.024 0.180 0.006 0.011 0.008 0.006 0.005 0.006 0.017 0.012 0.036 0.005 0.028 0.007 1    
152:  0.093 0.005 0.007 0.010 0.003 0.013 0.004 0.065 0.690 0.004 0.028 0.005 0.011 0.007 0.004 0.006 0.006 0.010 0.006 0.018 0.007 1    
153:  0.019 0.003 0.007 0.034 0.004 0.065 0.007 0.523 0.217 0.007 0.027 0.006 0.007 0.006 0.006 0.007 0.008 0.008 0.006 0.015 0.018 1    
154:  0.006 0.007 0.617 0.033 0.011 0.007 0.010 0.007 0.081 0.012 0.009 0.029 0.010 0.016 0.009 0.020 0.017 0.029 0.014 0.014 0.043 1    
155:  0.006 0.008 0.081 0.017 0.007 0.007 0.010 0.026 0.049 0.224 0.014 0.056 0.023 0.039 0.039 0.298 0.021 0.024 0.017 0.010 0.023 1    
156:  0.004 0.004 0.047 0.009 0.008 0.006 0.005 0.010 0.013 0.009 0.005 0.007 0.003 0.012 0.003 0.596 0.228 0.008 0.010 0.006 0.007 1    
157:  0.006 0.022 0.426 0.018 0.010 0.008 0.006 0.007 0.062 0.020 0.018 0.037 0.008 0.018 0.021 0.072 0.091 0.074 0.047 0.010 0.018 1    
158:  0.005 0.005 0.234 0.024 0.013 0.005 0.009 0.036 0.054 0.051 0.026 0.012 0.007 0.008 0.011 0.418 0.011 0.027 0.013 0.010 0.020 1    
159:  0.007 0.030 0.021 0.010 0.009 0.006 0.006 0.014 0.032 0.010 0.008 0.005 0.019 0.009 0.006 0.015 0.014 0.071 0.686 0.009 0.014 1    
160:  0.011 0.005 0.031 0.025 0.008 0.008 0.009 0.009 0.066 0.056 0.027 0.012 0.017 0.021 0.006 0.011 0.014 0.332 0.302 0.014 0.015 1    
161:  0.008 0.027 0.013 0.025 0.020 0.007 0.007 0.018 0.062 0.012 0.022 0.004 0.009 0.012 0.007 0.007 0.010 0.014 0.702 0.004 0.010 1    
162:  0.005 0.018 0.018 0.009 0.007 0.012 0.009 0.012 0.008 0.017 0.017 0.011 0.027 0.018 0.006 0.009 0.012 0.095 0.671 0.012 0.007 1    
163:  0.005 0.010 0.010 0.015 0.004 0.008 0.009 0.006 0.113 0.020 0.041 0.015 0.004 0.007 0.007 0.012 0.011 0.047 0.631 0.008 0.016 1    
164:  0.015 0.006 0.016 0.056 0.012 0.015 0.014 0.008 0.035 0.023 0.023 0.014 0.006 0.010 0.009 0.022 0.010 0.287 0.392 0.010 0.016 1    
165:  0.008 0.031 0.031 0.012 0.021 0.006 0.011 0.015 0.008 0.006 0.022 0.005 0.112 0.030 0.006 0.011 0.011 0.036 0.597 0.009 0.015 1    
166:  0.007 0.024 0.014 0.009 0.005 0.006 0.040 0.006 0.107 0.007 0.058 0.005 0.019 0.014 0.009 0.007 0.013 0.083 0.551 0.007 0.007 1    
167:  0.006 0.022 0.020 0.009 0.007 0.007 0.005 0.012 0.020 0.013 0.011 0.005 0.013 0.007 0.008 0.012 0.020 0.031 0.751 0.007 0.013 1    
168:  0.016 0.016 0.015 0.055 0.018 0.012 0.086 0.162 0.019 0.097 0.072 0.004 0.276 0.023 0.028 0.048 0.003 0.006 0.005 0.028 0.010 1    
169:  0.012 0.005 0.012 0.010 0.006 0.004 0.027 0.776 0.006 0.018 0.015 0.006 0.016 0.006 0.005 0.030 0.004 0.007 0.004 0.016 0.014 1    
170:  0.008 0.005 0.014 0.007 0.010 0.007 0.013 0.764 0.007 0.032 0.027 0.003 0.012 0.005 0.007 0.045 0.005 0.004 0.004 0.011 0.008 1    
171:  0.007 0.019 0.005 0.009 0.005 0.006 0.017 0.761 0.005 0.071 0.014 0.004 0.026 0.008 0.009 0.010 0.004 0.003 0.003 0.006 0.008 1    
172:  0.013 0.007 0.013 0.084 0.008 0.010 0.016 0.340 0.033 0.184 0.020 0.008 0.015 0.012 0.023 0.155 0.009 0.005 0.005 0.021 0.017 1    
173:  0.014 0.009 0.008 0.108 0.008 0.011 0.013 0.293 0.031 0.273 0.014 0.009 0.028 0.012 0.019 0.094 0.010 0.005 0.004 0.025 0.014 1    
174:  0.009 0.021 0.009 0.006 0.009 0.009 0.017 0.645 0.008 0.115 0.010 0.004 0.046 0.015 0.021 0.026 0.005 0.005 0.003 0.011 0.006 1    
175:  0.009 0.032 0.004 0.077 0.004 0.006 0.015 0.544 0.035 0.158 0.011 0.008 0.022 0.015 0.018 0.016 0.007 0.004 0.005 0.005 0.005 1    
176:  0.006 0.006 0.011 0.005 0.006 0.007 0.016 0.808 0.009 0.024 0.017 0.004 0.016 0.008 0.008 0.013 0.005 0.005 0.004 0.013 0.010 1    
177:  0.030 0.030 0.041 0.011 0.008 0.007 0.041 0.008 0.014 0.031 0.006 0.028 0.009 0.010 0.010 0.629 0.004 0.036 0.014 0.019 0.014 1    
178:  0.034 0.016 0.016 0.005 0.048 0.005 0.014 0.008 0.014 0.009 0.014 0.010 0.006 0.008 0.006 0.749 0.005 0.008 0.009 0.008 0.006 1    
179:  0.014 0.034 0.022 0.011 0.146 0.013 0.342 0.011 0.006 0.015 0.011 0.029 0.019 0.026 0.015 0.236 0.008 0.010 0.013 0.015 0.005 1    
180:  0.018 0.027 0.074 0.010 0.018 0.008 0.044 0.007 0.011 0.009 0.007 0.084 0.017 0.009 0.005 0.584 0.007 0.018 0.009 0.022 0.011 1    
181:  0.029 0.018 0.009 0.011 0.225 0.010 0.019 0.008 0.005 0.031 0.007 0.084 0.005 0.011 0.007 0.480 0.009 0.008 0.008 0.009 0.006 1    
182:  0.010 0.027 0.017 0.008 0.019 0.005 0.022 0.007 0.004 0.008 0.007 0.011 0.009 0.008 0.010 0.800 0.003 0.006 0.005 0.010 0.004 1    
183:  0.034 0.018 0.019 0.015 0.063 0.007 0.020 0.006 0.009 0.012 0.007 0.071 0.010 0.018 0.008 0.628 0.013 0.008 0.013 0.010 0.010 1    
184:  0.006 0.010 0.044 0.007 0.031 0.004 0.015 0.005 0.005 0.005 0.006 0.010 0.006 0.004 0.003 0.817 0.003 0.007 0.003 0.005 0.004 1    
185:  0.122 0.067 0.079 0.007 0.040 0.025 0.068 0.007 0.014 0.012 0.034 0.031 0.014 0.064 0.013 0.321 0.014 0.013 0.034 0.008 0.013 1    
186:  0.007 0.011 0.011 0.765 0.009 0.006 0.012 0.010 0.012 0.022 0.010 0.004 0.012 0.006 0.043 0.030 0.003 0.004 0.005 0.010 0.006 1    
187:  0.012 0.011 0.018 0.467 0.012 0.014 0.013 0.036 0.019 0.129 0.014 0.016 0.021 0.026 0.048 0.029 0.013 0.006 0.008 0.064 0.025 1    
188:  0.004 0.005 0.016 0.649 0.008 0.005 0.008 0.004 0.014 0.011 0.005 0.017 0.005 0.010 0.112 0.082 0.008 0.003 0.011 0.010 0.013 1    
189:  0.005 0.005 0.005 0.833 0.006 0.004 0.009 0.005 0.008 0.008 0.004 0.015 0.004 0.006 0.017 0.015 0.008 0.004 0.009 0.014 0.015 1    
190:  0.007 0.004 0.006 0.778 0.006 0.005 0.010 0.007 0.012 0.053 0.003 0.008 0.007 0.007 0.018 0.021 0.010 0.004 0.007 0.016 0.011 1    
191:  0.006 0.018 0.040 0.672 0.007 0.004 0.015 0.006 0.015 0.020 0.006 0.007 0.014 0.029 0.034 0.046 0.007 0.006 0.010 0.015 0.023 1    
192:  0.005 0.006 0.005 0.006 0.005 0.007 0.005 0.007 0.010 0.009 0.004 0.881 0.007 0.007 0.004 0.004 0.005 0.007 0.005 0.006 0.004 1    
193:  0.009 0.007 0.058 0.214 0.009 0.005 0.025 0.020 0.038 0.172 0.019 0.006 0.017 0.013 0.058 0.050 0.013 0.014 0.013 0.197 0.043 1    
194:  0.008 0.287 0.005 0.026 0.011 0.009 0.018 0.015 0.006 0.020 0.006 0.010 0.489 0.005 0.005 0.012 0.006 0.033 0.006 0.009 0.012 1    
195:  0.008 0.371 0.038 0.013 0.007 0.006 0.119 0.029 0.061 0.016 0.022 0.014 0.137 0.010 0.032 0.045 0.006 0.022 0.015 0.018 0.011 1    
196:  0.013 0.484 0.008 0.016 0.009 0.010 0.012 0.027 0.011 0.010 0.004 0.005 0.329 0.006 0.008 0.008 0.006 0.015 0.007 0.008 0.004 1    
197:  0.009 0.560 0.011 0.014 0.022 0.006 0.097 0.030 0.028 0.016 0.042 0.013 0.024 0.041 0.019 0.027 0.009 0.004 0.014 0.009 0.006 1    
198:  0.006 0.435 0.011 0.021 0.007 0.007 0.067 0.020 0.013 0.022 0.006 0.021 0.254 0.006 0.011 0.028 0.007 0.025 0.009 0.011 0.014 1    
199:  0.034 0.500 0.018 0.019 0.012 0.013 0.013 0.023 0.015 0.007 0.010 0.006 0.258 0.007 0.006 0.009 0.012 0.008 0.015 0.010 0.005 1    
200:  0.024 0.007 0.012 0.277 0.211 0.014 0.040 0.013 0.024 0.016 0.006 0.008 0.007 0.013 0.023 0.104 0.016 0.012 0.102 0.040 0.032 1    
201:  0.093 0.017 0.022 0.047 0.137 0.034 0.013 0.065 0.040 0.024 0.015 0.079 0.014 0.047 0.009 0.055 0.008 0.018 0.052 0.117 0.097 1    
202:  0.007 0.009 0.052 0.090 0.024 0.032 0.035 0.036 0.016 0.007 0.098 0.005 0.009 0.029 0.056 0.393 0.017 0.008 0.025 0.016 0.035 1    
203:  0.007 0.004 0.005 0.879 0.004 0.007 0.006 0.010 0.010 0.007 0.007 0.005 0.004 0.007 0.007 0.006 0.005 0.003 0.005 0.007 0.004 1    
204:  0.012 0.005 0.006 0.783 0.006 0.010 0.010 0.019 0.011 0.011 0.009 0.007 0.007 0.007 0.006 0.008 0.011 0.005 0.008 0.041 0.019 1    
205:  0.029 0.005 0.070 0.024 0.023 0.016 0.047 0.011 0.025 0.012 0.004 0.004 0.175 0.022 0.024 0.324 0.016 0.011 0.022 0.067 0.068 1    
206:  0.027 0.007 0.008 0.762 0.007 0.010 0.009 0.022 0.014 0.017 0.006 0.007 0.013 0.013 0.006 0.010 0.006 0.005 0.010 0.031 0.010 1    
207:  0.011 0.009 0.007 0.007 0.005 0.004 0.007 0.006 0.011 0.007 0.006 0.010 0.011 0.839 0.009 0.013 0.006 0.007 0.009 0.012 0.006 1    
208:  0.015 0.018 0.018 0.013 0.017 0.006 0.009 0.007 0.006 0.006 0.007 0.005 0.020 0.790 0.005 0.010 0.006 0.009 0.011 0.009 0.011 1    
209:  0.010 0.008 0.005 0.008 0.006 0.014 0.006 0.009 0.011 0.027 0.005 0.005 0.014 0.797 0.014 0.015 0.009 0.006 0.017 0.008 0.006 1    
210:  0.024 0.008 0.011 0.018 0.013 0.005 0.009 0.010 0.008 0.014 0.007 0.010 0.025 0.505 0.062 0.028 0.008 0.011 0.202 0.015 0.008 1    
211:  0.009 0.013 0.007 0.013 0.008 0.004 0.007 0.004 0.005 0.006 0.007 0.004 0.014 0.845 0.006 0.008 0.004 0.016 0.006 0.007 0.009 1    
212:  0.016 0.009 0.009 0.022 0.013 0.009 0.008 0.008 0.009 0.034 0.006 0.007 0.015 0.760 0.018 0.012 0.005 0.007 0.009 0.015 0.009 1    
213:  0.009 0.023 0.006 0.007 0.003 0.005 0.005 0.010 0.010 0.009 0.007 0.005 0.007 0.802 0.024 0.010 0.006 0.008 0.028 0.008 0.007 1    
214:  0.008 0.013 0.003 0.005 0.004 0.005 0.005 0.007 0.004 0.022 0.004 0.007 0.011 0.842 0.005 0.008 0.006 0.014 0.011 0.007 0.008 1    
215:  0.006 0.019 0.150 0.018 0.081 0.016 0.009 0.007 0.009 0.007 0.007 0.015 0.251 0.012 0.024 0.272 0.021 0.015 0.012 0.030 0.019 1    
216:  0.004 0.009 0.016 0.027 0.017 0.005 0.021 0.004 0.004 0.008 0.007 0.003 0.797 0.006 0.019 0.016 0.006 0.006 0.006 0.006 0.014 1    
217:  0.005 0.008 0.020 0.021 0.016 0.006 0.018 0.004 0.004 0.007 0.008 0.003 0.788 0.006 0.025 0.022 0.008 0.006 0.006 0.005 0.014 1    
218:  0.006 0.026 0.089 0.189 0.011 0.022 0.012 0.007 0.014 0.010 0.016 0.012 0.039 0.035 0.198 0.170 0.032 0.060 0.013 0.013 0.025 1    
219:  0.013 0.010 0.007 0.411 0.276 0.011 0.044 0.010 0.004 0.019 0.006 0.006 0.075 0.010 0.012 0.010 0.016 0.025 0.009 0.007 0.018 1    
220:  0.015 0.011 0.005 0.445 0.264 0.014 0.052 0.009 0.005 0.020 0.007 0.006 0.053 0.010 0.014 0.010 0.009 0.026 0.006 0.006 0.015 1    
221:  0.016 0.018 0.137 0.016 0.102 0.093 0.036 0.022 0.019 0.016 0.059 0.041 0.038 0.111 0.026 0.113 0.022 0.023 0.045 0.027 0.022 1    
222:  0.009 0.011 0.055 0.127 0.017 0.017 0.009 0.007 0.080 0.012 0.015 0.011 0.006 0.020 0.027 0.019 0.013 0.024 0.422 0.048 0.049 1    
223:  0.006 0.043 0.083 0.029 0.012 0.013 0.152 0.067 0.014 0.068 0.016 0.018 0.073 0.096 0.007 0.051 0.049 0.052 0.109 0.026 0.015 1    
224:  0.004 0.004 0.012 0.041 0.011 0.011 0.008 0.010 0.043 0.047 0.025 0.025 0.005 0.083 0.005 0.009 0.021 0.026 0.577 0.015 0.018 1    
225:  0.021 0.072 0.095 0.062 0.027 0.015 0.040 0.015 0.037 0.011 0.013 0.013 0.011 0.065 0.005 0.040 0.063 0.036 0.173 0.165 0.022 1    
226:  0.004 0.005 0.018 0.049 0.005 0.007 0.007 0.015 0.142 0.013 0.009 0.005 0.006 0.014 0.023 0.009 0.007 0.012 0.629 0.007 0.013 1    
227:  0.008 0.010 0.032 0.086 0.009 0.027 0.013 0.177 0.067 0.027 0.023 0.033 0.022 0.031 0.014 0.025 0.024 0.088 0.224 0.012 0.047 1    
228:  0.011 0.022 0.032 0.035 0.012 0.020 0.096 0.022 0.056 0.017 0.038 0.033 0.029 0.206 0.007 0.058 0.047 0.035 0.121 0.088 0.016 1    
229:  0.006 0.021 0.008 0.005 0.015 0.006 0.004 0.005 0.007 0.004 0.021 0.004 0.007 0.849 0.006 0.005 0.006 0.006 0.006 0.004 0.004 1    
230:  0.008 0.017 0.018 0.019 0.020 0.006 0.011 0.008 0.012 0.013 0.026 0.005 0.014 0.763 0.011 0.008 0.005 0.009 0.012 0.006 0.010 1    
231:  0.005 0.019 0.007 0.008 0.008 0.006 0.008 0.009 0.007 0.004 0.015 0.005 0.013 0.846 0.004 0.006 0.006 0.007 0.008 0.005 0.005 1    
232:  0.005 0.006 0.011 0.006 0.015 0.004 0.005 0.006 0.005 0.005 0.007 0.004 0.008 0.706 0.008 0.011 0.005 0.021 0.150 0.005 0.007 1    
233:  0.004 0.007 0.006 0.007 0.007 0.005 0.007 0.009 0.006 0.006 0.007 0.004 0.011 0.864 0.007 0.006 0.005 0.006 0.015 0.004 0.005 1    
234:  0.003 0.005 0.040 0.020 0.011 0.012 0.011 0.013 0.011 0.007 0.025 0.007 0.010 0.746 0.017 0.008 0.012 0.008 0.017 0.008 0.010 1    
235:  0.006 0.009 0.008 0.004 0.006 0.005 0.004 0.004 0.012 0.008 0.007 0.006 0.013 0.849 0.005 0.008 0.006 0.007 0.021 0.004 0.004 1    
236:  0.005 0.007 0.007 0.004 0.005 0.004 0.005 0.003 0.006 0.005 0.005 0.006 0.008 0.883 0.005 0.006 0.004 0.008 0.014 0.003 0.005 1    
237:  0.004 0.004 0.011 0.004 0.006 0.006 0.006 0.006 0.006 0.004 0.018 0.004 0.007 0.877 0.004 0.005 0.007 0.005 0.006 0.004 0.006 1    
238:  0.005 0.005 0.027 0.008 0.017 0.006 0.005 0.006 0.006 0.005 0.026 0.004 0.006 0.824 0.006 0.006 0.006 0.010 0.009 0.005 0.008 1    
239:  0.004 0.003 0.021 0.010 0.004 0.007 0.008 0.010 0.013 0.009 0.038 0.005 0.007 0.803 0.007 0.005 0.004 0.009 0.014 0.007 0.011 1    
240:  0.009 0.027 0.007 0.023 0.014 0.028 0.010 0.007 0.009 0.589 0.003 0.017 0.023 0.137 0.003 0.006 0.033 0.024 0.009 0.011 0.011 1    
241:  0.009 0.007 0.011 0.062 0.018 0.052 0.023 0.011 0.011 0.614 0.011 0.019 0.021 0.014 0.008 0.013 0.017 0.039 0.017 0.011 0.012 1    
242:  0.008 0.014 0.007 0.021 0.010 0.011 0.019 0.007 0.008 0.795 0.006 0.012 0.012 0.008 0.009 0.006 0.020 0.006 0.007 0.005 0.010 1    
243:  0.008 0.008 0.005 0.054 0.007 0.008 0.050 0.006 0.008 0.734 0.004 0.023 0.017 0.007 0.008 0.006 0.017 0.006 0.010 0.008 0.007 1    
244:  0.009 0.015 0.011 0.019 0.018 0.154 0.013 0.016 0.009 0.380 0.009 0.010 0.013 0.049 0.010 0.011 0.017 0.197 0.010 0.009 0.021 1    
245:  0.010 0.006 0.004 0.007 0.010 0.021 0.017 0.011 0.008 0.821 0.004 0.005 0.009 0.007 0.006 0.010 0.012 0.007 0.010 0.008 0.007 1    
246:  0.013 0.011 0.007 0.008 0.006 0.005 0.017 0.006 0.009 0.813 0.007 0.017 0.019 0.012 0.005 0.007 0.009 0.006 0.006 0.010 0.008 1    
247:  0.008 0.008 0.008 0.011 0.009 0.005 0.007 0.008 0.006 0.839 0.004 0.011 0.012 0.012 0.004 0.008 0.008 0.006 0.006 0.013 0.007 1    
248:  0.005 0.031 0.012 0.018 0.017 0.012 0.126 0.008 0.016 0.013 0.008 0.005 0.005 0.010 0.638 0.014 0.006 0.010 0.033 0.004 0.007 1    
249:  0.012 0.068 0.008 0.108 0.025 0.013 0.128 0.014 0.036 0.027 0.047 0.012 0.009 0.015 0.373 0.022 0.005 0.011 0.037 0.023 0.005 1    
250:  0.013 0.012 0.010 0.059 0.090 0.032 0.105 0.005 0.011 0.035 0.077 0.008 0.007 0.012 0.429 0.018 0.010 0.013 0.019 0.023 0.011 1    
251:  0.006 0.005 0.015 0.039 0.029 0.009 0.024 0.011 0.007 0.047 0.024 0.011 0.006 0.061 0.415 0.052 0.017 0.006 0.021 0.170 0.026 1    
252:  0.016 0.011 0.062 0.031 0.115 0.020 0.023 0.006 0.010 0.048 0.014 0.009 0.017 0.071 0.142 0.070 0.067 0.012 0.058 0.166 0.032 1    
253:  0.009 0.005 0.008 0.278 0.009 0.013 0.021 0.014 0.018 0.010 0.007 0.008 0.009 0.005 0.513 0.012 0.010 0.006 0.026 0.010 0.008 1    
254:  0.011 0.009 0.006 0.007 0.008 0.013 0.427 0.009 0.008 0.031 0.017 0.003 0.008 0.008 0.377 0.013 0.005 0.007 0.008 0.010 0.014 1    
255:  0.015 0.030 0.008 0.010 0.014 0.012 0.130 0.016 0.010 0.063 0.050 0.009 0.010 0.045 0.374 0.052 0.005 0.006 0.011 0.118 0.011 1    
256:  0.007 0.004 0.007 0.012 0.009 0.012 0.015 0.006 0.006 0.029 0.011 0.009 0.008 0.010 0.721 0.010 0.026 0.004 0.010 0.035 0.050 1    
257:  0.007 0.003 0.014 0.015 0.013 0.019 0.012 0.020 0.016 0.091 0.005 0.010 0.016 0.007 0.017 0.605 0.020 0.010 0.012 0.012 0.076 1    
258:  0.012 0.006 0.026 0.015 0.048 0.043 0.329 0.014 0.007 0.029 0.024 0.006 0.332 0.004 0.006 0.013 0.009 0.014 0.017 0.016 0.029 1    
259:  0.005 0.009 0.245 0.032 0.044 0.065 0.268 0.023 0.012 0.029 0.011 0.005 0.063 0.011 0.016 0.041 0.014 0.052 0.038 0.008 0.012 1    
260:  0.004 0.005 0.024 0.018 0.029 0.013 0.004 0.006 0.008 0.081 0.011 0.007 0.005 0.005 0.027 0.674 0.017 0.009 0.026 0.004 0.022 1    
261:  0.006 0.004 0.006 0.015 0.012 0.044 0.350 0.026 0.016 0.020 0.012 0.006 0.356 0.006 0.008 0.015 0.008 0.024 0.019 0.025 0.024 1    
262:  0.007 0.006 0.056 0.031 0.068 0.018 0.005 0.009 0.011 0.055 0.015 0.005 0.005 0.006 0.016 0.614 0.019 0.008 0.021 0.006 0.019 1    
263:  0.006 0.008 0.115 0.073 0.027 0.012 0.043 0.014 0.011 0.018 0.342 0.006 0.021 0.010 0.005 0.198 0.020 0.028 0.014 0.016 0.013 1    
264:  0.013 0.005 0.009 0.012 0.017 0.046 0.237 0.016 0.028 0.033 0.031 0.009 0.127 0.008 0.007 0.066 0.018 0.039 0.011 0.036 0.233 1    
265:  0.008 0.007 0.025 0.017 0.012 0.008 0.051 0.008 0.008 0.013 0.060 0.007 0.277 0.006 0.005 0.369 0.009 0.025 0.033 0.014 0.040 1    
266:  0.053 0.008 0.010 0.598 0.004 0.017 0.005 0.009 0.084 0.023 0.006 0.006 0.004 0.007 0.028 0.007 0.008 0.049 0.051 0.011 0.011 1    
267:  0.063 0.014 0.008 0.482 0.006 0.017 0.013 0.011 0.213 0.019 0.006 0.007 0.008 0.015 0.052 0.012 0.004 0.009 0.030 0.005 0.007 1    
268:  0.016 0.014 0.011 0.253 0.010 0.051 0.031 0.011 0.109 0.062 0.005 0.005 0.009 0.009 0.060 0.008 0.015 0.107 0.181 0.007 0.025 1    
269:  0.024 0.005 0.004 0.699 0.008 0.017 0.007 0.016 0.036 0.047 0.012 0.014 0.006 0.017 0.012 0.007 0.007 0.014 0.034 0.006 0.007 1    
270:  0.009 0.009 0.014 0.133 0.029 0.029 0.033 0.011 0.104 0.047 0.005 0.005 0.005 0.013 0.229 0.013 0.017 0.012 0.272 0.006 0.006 1    
271:  0.055 0.004 0.009 0.640 0.006 0.019 0.007 0.009 0.109 0.020 0.023 0.006 0.006 0.010 0.013 0.004 0.007 0.021 0.021 0.006 0.005 1    
272:  0.021 0.006 0.028 0.519 0.017 0.028 0.023 0.005 0.021 0.027 0.010 0.007 0.007 0.033 0.105 0.011 0.006 0.025 0.083 0.009 0.009 1    
273:  0.005 0.003 0.005 0.003 0.004 0.006 0.003 0.004 0.007 0.003 0.004 0.004 0.003 0.004 0.918 0.005 0.005 0.004 0.005 0.003 0.003 1    
274:  0.013 0.004 0.004 0.007 0.006 0.006 0.005 0.018 0.010 0.004 0.008 0.003 0.004 0.010 0.864 0.006 0.005 0.003 0.005 0.012 0.005 1    
275:  0.006 0.005 0.007 0.006 0.007 0.004 0.004 0.004 0.005 0.003 0.003 0.005 0.005 0.006 0.902 0.005 0.004 0.006 0.005 0.005 0.005 1    
276:  0.010 0.004 0.003 0.010 0.006 0.008 0.004 0.028 0.009 0.006 0.005 0.005 0.004 0.013 0.841 0.012 0.006 0.003 0.008 0.007 0.006 1    
277:  0.004 0.003 0.004 0.007 0.005 0.004 0.004 0.005 0.005 0.004 0.005 0.004 0.005 0.004 0.913 0.005 0.004 0.003 0.005 0.005 0.005 1    
278:  0.013 0.004 0.004 0.006 0.006 0.012 0.005 0.012 0.009 0.005 0.006 0.005 0.006 0.013 0.854 0.009 0.006 0.003 0.007 0.007 0.007 1    
279:  0.004 0.004 0.004 0.006 0.006 0.004 0.003 0.005 0.004 0.004 0.004 0.004 0.004 0.006 0.913 0.005 0.004 0.003 0.004 0.005 0.004 1    
280:  0.004 0.004 0.003 0.004 0.004 0.004 0.003 0.006 0.004 0.003 0.006 0.003 0.004 0.004 0.920 0.005 0.005 0.003 0.004 0.004 0.003 1    
281:  0.003 0.005 0.004 0.004 0.004 0.004 0.003 0.005 0.004 0.004 0.004 0.005 0.003 0.006 0.921 0.004 0.004 0.003 0.003 0.003 0.004 1    
282:  0.006 0.004 0.007 0.005 0.003 0.006 0.004 0.006 0.007 0.003 0.007 0.003 0.005 0.005 0.904 0.005 0.005 0.004 0.005 0.005 0.004 1    
283:  0.007 0.011 0.006 0.005 0.004 0.009 0.004 0.012 0.007 0.006 0.008 0.012 0.005 0.010 0.858 0.006 0.015 0.003 0.005 0.005 0.003 1    
284:  0.004 0.003 0.003 0.004 0.003 0.004 0.004 0.004 0.005 0.003 0.005 0.005 0.004 0.003 0.923 0.005 0.004 0.003 0.003 0.003 0.004 1    
285:  0.003 0.004 0.004 0.004 0.003 0.005 0.004 0.005 0.004 0.006 0.004 0.004 0.004 0.005 0.917 0.004 0.005 0.003 0.003 0.003 0.005 1    
286:  0.003 0.005 0.003 0.005 0.003 0.004 0.003 0.004 0.005 0.005 0.004 0.007 0.004 0.005 0.916 0.006 0.003 0.004 0.004 0.004 0.004 1    
287:  0.005 0.007 0.005 0.745 0.004 0.006 0.007 0.043 0.021 0.015 0.008 0.010 0.009 0.011 0.015 0.016 0.017 0.010 0.016 0.016 0.013 1    
288:  0.006 0.005 0.008 0.734 0.005 0.005 0.017 0.006 0.028 0.030 0.013 0.007 0.011 0.005 0.011 0.020 0.012 0.019 0.022 0.013 0.022 1    
289:  0.005 0.003 0.030 0.718 0.007 0.006 0.010 0.005 0.016 0.010 0.014 0.005 0.007 0.005 0.009 0.054 0.007 0.011 0.007 0.010 0.062 1    
