1:    0.209 0.178 0.178 0.053 0.196 0.186 1    
2:    0.146 0.167 0.116 0.313 0.130 0.127 1    
3:    0.104 0.056 0.412 0.237 0.092 0.100 1    
4:    0.142 0.443 0.050 0.033 0.167 0.165 1    
5:    0.171 0.055 0.262 0.132 0.190 0.190 1    
6:    0.227 0.192 0.035 0.042 0.261 0.243 1    
7:    0.088 0.488 0.110 0.110 0.105 0.099 1    
8:    0.215 0.167 0.105 0.066 0.231 0.216 1    
9:    0.188 0.250 0.071 0.122 0.181 0.188 1    
10:   0.170 0.390 0.036 0.048 0.167 0.188 1    
11:   0.096 0.043 0.123 0.562 0.101 0.075 1    
12:   0.070 0.042 0.431 0.316 0.070 0.072 1    
13:   0.122 0.087 0.100 0.442 0.128 0.122 1    
14:   0.119 0.333 0.299 0.042 0.107 0.101 1    
15:   0.147 0.082 0.339 0.125 0.169 0.138 1    
16:   0.078 0.030 0.074 0.666 0.083 0.070 1    
17:   0.242 0.126 0.054 0.085 0.246 0.246 1    
18:   0.233 0.095 0.091 0.135 0.205 0.241 1    
19:   0.099 0.615 0.029 0.043 0.108 0.106 1    
20:   0.203 0.077 0.105 0.241 0.189 0.186 1    
21:   0.083 0.037 0.417 0.298 0.081 0.084 1    
22:   0.122 0.123 0.237 0.270 0.123 0.125 1    
23:   0.215 0.044 0.177 0.074 0.222 0.267 1    
24:   0.273 0.132 0.029 0.104 0.244 0.217 1    
25:   0.193 0.139 0.210 0.074 0.192 0.192 1    
26:   0.146 0.083 0.279 0.197 0.140 0.155 1    
27:   0.150 0.115 0.082 0.235 0.204 0.214 1    
28:   0.154 0.106 0.229 0.175 0.169 0.167 1    
29:   0.109 0.088 0.345 0.228 0.117 0.114 1    
30:   0.191 0.121 0.134 0.114 0.208 0.231 1    
31:   0.095 0.116 0.562 0.050 0.087 0.090 1    
32:   0.143 0.357 0.053 0.087 0.182 0.179 1    
33:   0.226 0.151 0.075 0.062 0.233 0.254 1    
34:   0.174 0.181 0.091 0.220 0.187 0.147 1    
35:   0.086 0.435 0.246 0.051 0.090 0.092 1    
36:   0.110 0.131 0.472 0.070 0.117 0.099 1    
37:   0.160 0.080 0.258 0.164 0.167 0.171 1    
38:   0.149 0.167 0.221 0.152 0.157 0.153 1    
39:   0.053 0.751 0.050 0.033 0.054 0.059 1    
40:   0.071 0.723 0.055 0.033 0.065 0.054 1    
41:   0.154 0.214 0.218 0.070 0.173 0.172 1    
42:   0.058 0.046 0.423 0.330 0.071 0.072 1    
43:   0.161 0.120 0.192 0.217 0.154 0.156 1    
44:   0.095 0.602 0.032 0.050 0.113 0.109 1    
45:   0.060 0.032 0.733 0.052 0.064 0.060 1    
46:   0.176 0.183 0.051 0.223 0.182 0.185 1    
47:   0.159 0.249 0.242 0.056 0.150 0.144 1    
48:   0.261 0.103 0.052 0.074 0.246 0.264 1    
49:   0.070 0.696 0.066 0.033 0.074 0.061 1    
50:   0.115 0.527 0.087 0.049 0.106 0.115 1    
51:   0.189 0.200 0.211 0.070 0.176 0.154 1    
52:   0.061 0.040 0.672 0.102 0.060 0.064 1    
53:   0.063 0.719 0.074 0.029 0.056 0.059 1    
54:   0.087 0.047 0.388 0.306 0.090 0.082 1    
55:   0.256 0.058 0.217 0.041 0.222 0.206 1    
56:   0.041 0.834 0.022 0.021 0.036 0.046 1    
57:   0.280 0.062 0.063 0.044 0.247 0.303 1    
58:   0.198 0.050 0.133 0.216 0.198 0.205 1    
59:   0.169 0.099 0.200 0.238 0.149 0.146 1    
60:   0.225 0.043 0.041 0.038 0.297 0.356 1    
61:   0.163 0.145 0.238 0.095 0.196 0.163 1    
62:   0.129 0.444 0.066 0.080 0.129 0.153 1    
63:   0.292 0.046 0.036 0.088 0.272 0.265 1    
64:   0.117 0.476 0.085 0.066 0.118 0.138 1    
65:   0.059 0.724 0.045 0.048 0.059 0.065 1    
66:   0.128 0.364 0.176 0.059 0.148 0.125 1    
67:   0.115 0.455 0.079 0.119 0.118 0.113 1    
68:   0.195 0.263 0.088 0.070 0.183 0.202 1    
69:   0.209 0.095 0.069 0.179 0.217 0.231 1    
70:   0.225 0.303 0.038 0.045 0.200 0.189 1    
71:   0.157 0.293 0.178 0.040 0.172 0.160 1    
72:   0.096 0.136 0.487 0.099 0.100 0.080 1    
73:   0.151 0.088 0.052 0.438 0.134 0.137 1    
74:   0.264 0.084 0.065 0.159 0.224 0.204 1    
75:   0.266 0.195 0.025 0.057 0.249 0.208 1    
76:   0.118 0.533 0.042 0.052 0.126 0.129 1    
77:   0.202 0.068 0.064 0.243 0.193 0.229 1    
78:   0.190 0.121 0.101 0.118 0.236 0.234 1    
79:   0.132 0.386 0.109 0.101 0.136 0.137 1    
80:   0.178 0.101 0.151 0.244 0.160 0.165 1    
81:   0.145 0.078 0.360 0.114 0.140 0.164 1    
82:   0.215 0.139 0.085 0.152 0.195 0.214 1    
83:   0.116 0.054 0.205 0.418 0.097 0.111 1    
84:   0.147 0.218 0.192 0.159 0.139 0.144 1    
85:   0.184 0.055 0.129 0.164 0.229 0.238 1    
86:   0.226 0.125 0.099 0.124 0.209 0.217 1    
87:   0.184 0.111 0.069 0.303 0.177 0.156 1    
88:   0.048 0.056 0.668 0.124 0.055 0.049 1    
89:   0.220 0.087 0.070 0.115 0.253 0.254 1    
90:   0.172 0.167 0.203 0.117 0.166 0.174 1    
91:   0.244 0.100 0.059 0.062 0.258 0.278 1    
92:   0.254 0.057 0.097 0.097 0.256 0.239 1    
93:   0.250 0.125 0.038 0.059 0.258 0.271 1    
94:   0.134 0.289 0.204 0.111 0.129 0.133 1    
95:   0.114 0.066 0.334 0.260 0.115 0.110 1    
96:   0.145 0.409 0.043 0.087 0.149 0.167 1    
97:   0.101 0.586 0.035 0.076 0.113 0.090 1    
98:   0.205 0.199 0.108 0.094 0.194 0.200 1    
99:   0.060 0.056 0.485 0.267 0.072 0.060 1    
100:  0.162 0.288 0.161 0.085 0.158 0.147 1    
101:  0.213 0.247 0.037 0.055 0.229 0.219 1    
102:  0.149 0.356 0.073 0.092 0.174 0.156 1    
103:  0.143 0.186 0.239 0.137 0.153 0.142 1    
104:  0.306 0.075 0.052 0.044 0.276 0.247 1    
105:  0.214 0.083 0.174 0.116 0.210 0.203 1    
106:  0.202 0.167 0.113 0.077 0.219 0.223 1    
107:  0.170 0.168 0.217 0.082 0.201 0.162 1    
108:  0.067 0.083 0.527 0.152 0.080 0.091 1    
109:  0.196 0.157 0.132 0.115 0.213 0.186 1    
110:  0.216 0.066 0.136 0.173 0.200 0.210 1    
111:  0.137 0.096 0.202 0.288 0.126 0.151 1    
112:  0.173 0.485 0.029 0.036 0.146 0.132 1    
113:  0.201 0.299 0.051 0.123 0.174 0.152 1    
114:  0.132 0.088 0.380 0.116 0.138 0.146 1    
115:  0.170 0.288 0.171 0.034 0.189 0.148 1    
116:  0.109 0.058 0.082 0.472 0.135 0.144 1    
117:  0.169 0.296 0.051 0.105 0.188 0.191 1    
118:  0.159 0.077 0.060 0.420 0.150 0.133 1    
119:  0.243 0.063 0.053 0.124 0.275 0.243 1    
120:  0.153 0.105 0.070 0.334 0.137 0.200 1    
121:  0.145 0.189 0.125 0.241 0.146 0.155 1    
122:  0.156 0.344 0.045 0.109 0.152 0.194 1    
123:  0.222 0.049 0.122 0.130 0.236 0.240 1    
124:  0.270 0.070 0.063 0.128 0.251 0.219 1    
125:  0.143 0.048 0.278 0.234 0.128 0.170 1    
126:  0.246 0.191 0.027 0.056 0.241 0.239 1    
127:  0.127 0.176 0.201 0.197 0.155 0.144 1    
128:  0.091 0.050 0.035 0.659 0.075 0.091 1    
129:  0.049 0.039 0.585 0.222 0.051 0.054 1    
130:  0.244 0.118 0.121 0.068 0.219 0.229 1    
131:  0.091 0.026 0.044 0.666 0.088 0.085 1    
132:  0.146 0.087 0.378 0.131 0.126 0.133 1    
133:  0.167 0.066 0.092 0.351 0.162 0.162 1    
134:  0.047 0.021 0.248 0.583 0.051 0.051 1    
135:  0.145 0.107 0.077 0.343 0.176 0.152 1    
136:  0.041 0.027 0.724 0.112 0.046 0.050 1    
137:  0.089 0.221 0.224 0.263 0.098 0.105 1    
138:  0.187 0.109 0.164 0.194 0.167 0.178 1    
139:  0.155 0.171 0.093 0.256 0.159 0.165 1    
140:  0.055 0.042 0.737 0.062 0.051 0.053 1    
141:  0.222 0.169 0.124 0.048 0.193 0.244 1    
142:  0.207 0.222 0.058 0.088 0.206 0.220 1    
143:  0.196 0.144 0.106 0.199 0.177 0.179 1    
144:  0.150 0.162 0.240 0.131 0.139 0.177 1    
145:  0.228 0.109 0.075 0.190 0.192 0.206 1    
146:  0.169 0.227 0.084 0.147 0.187 0.185 1    
147:  0.134 0.059 0.067 0.471 0.129 0.140 1    
148:  0.104 0.312 0.338 0.065 0.091 0.090 1    
149:  0.185 0.116 0.089 0.222 0.188 0.200 1    
150:  0.155 0.155 0.070 0.319 0.144 0.158 1    
151:  0.109 0.291 0.348 0.050 0.102 0.098 1    
152:  0.186 0.260 0.075 0.115 0.174 0.191 1    
153:  0.051 0.027 0.453 0.374 0.050 0.045 1    
154:  0.259 0.087 0.055 0.046 0.265 0.289 1    
155:  0.194 0.088 0.089 0.214 0.204 0.212 1    
156:  0.114 0.217 0.196 0.225 0.126 0.122 1    
157:  0.215 0.094 0.057 0.245 0.195 0.193 1    
158:  0.098 0.091 0.506 0.108 0.107 0.090 1    
159:  0.189 0.072 0.078 0.298 0.182 0.180 1    
160:  0.128 0.064 0.093 0.433 0.147 0.135 1    
161:  0.213 0.278 0.038 0.065 0.200 0.206 1    
162:  0.166 0.223 0.258 0.060 0.145 0.148 1    
163:  0.192 0.275 0.071 0.128 0.165 0.169 1    
164:  0.185 0.036 0.188 0.220 0.192 0.180 1    
165:  0.204 0.090 0.201 0.095 0.220 0.191 1    
166:  0.217 0.091 0.043 0.197 0.212 0.240 1    
167:  0.204 0.244 0.069 0.081 0.191 0.211 1    
168:  0.077 0.054 0.626 0.102 0.067 0.074 1    
169:  0.170 0.308 0.109 0.088 0.158 0.167 1    
170:  0.113 0.076 0.483 0.099 0.113 0.117 1    
171:  0.237 0.158 0.088 0.061 0.245 0.211 1    
172:  0.076 0.186 0.525 0.077 0.069 0.067 1    
173:  0.245 0.072 0.153 0.079 0.250 0.200 1    
174:  0.083 0.072 0.615 0.064 0.079 0.088 1    
175:  0.191 0.060 0.219 0.127 0.211 0.192 1    
176:  0.203 0.125 0.079 0.255 0.171 0.166 1    
177:  0.166 0.061 0.268 0.183 0.163 0.159 1    
178:  0.249 0.154 0.061 0.053 0.228 0.254 1    
179:  0.146 0.069 0.111 0.324 0.169 0.182 1    
180:  0.218 0.052 0.201 0.136 0.201 0.192 1    
181:  0.132 0.083 0.105 0.436 0.130 0.114 1    
182:  0.135 0.100 0.280 0.232 0.129 0.123 1    
183:  0.288 0.041 0.044 0.066 0.281 0.280 1    
184:  0.184 0.031 0.163 0.220 0.209 0.193 1    
185:  0.099 0.239 0.066 0.381 0.102 0.113 1    
186:  0.190 0.069 0.193 0.119 0.227 0.202 1    
187:  0.212 0.173 0.087 0.105 0.198 0.225 1    
188:  0.211 0.149 0.113 0.093 0.232 0.202 1    
189:  0.149 0.078 0.284 0.214 0.137 0.137 1    
190:  0.313 0.084 0.057 0.059 0.227 0.259 1    
191:  0.297 0.034 0.036 0.100 0.284 0.248 1    
192:  0.171 0.128 0.089 0.253 0.178 0.181 1    
193:  0.222 0.118 0.139 0.099 0.213 0.209 1    
194:  0.218 0.123 0.099 0.105 0.242 0.213 1    
195:  0.221 0.181 0.062 0.096 0.219 0.220 1    
196:  0.138 0.303 0.071 0.245 0.124 0.120 1    
197:  0.112 0.569 0.046 0.038 0.113 0.121 1    
198:  0.264 0.084 0.041 0.101 0.224 0.286 1    
199:  0.233 0.059 0.062 0.168 0.219 0.259 1    
200:  0.175 0.099 0.063 0.330 0.187 0.147 1    
201:  0.270 0.038 0.042 0.236 0.212 0.202 1    
202:  0.181 0.098 0.086 0.257 0.191 0.188 1    
203:  0.083 0.076 0.521 0.127 0.094 0.099 1    
204:  0.221 0.121 0.036 0.185 0.225 0.212 1    
205:  0.224 0.127 0.151 0.090 0.189 0.219 1    
206:  0.195 0.051 0.196 0.168 0.186 0.204 1    
207:  0.119 0.111 0.232 0.287 0.143 0.108 1    
208:  0.188 0.130 0.080 0.239 0.182 0.181 1    
209:  0.217 0.265 0.039 0.082 0.201 0.197 1    
210:  0.171 0.364 0.057 0.067 0.172 0.169 1    
211:  0.206 0.076 0.150 0.150 0.210 0.207 1    
212:  0.202 0.122 0.094 0.190 0.202 0.191 1    
213:  0.171 0.122 0.301 0.103 0.149 0.154 1    
214:  0.165 0.128 0.079 0.242 0.188 0.198 1    
215:  0.143 0.356 0.073 0.120 0.169 0.139 1    
216:  0.173 0.075 0.271 0.090 0.190 0.202 1    
217:  0.081 0.060 0.608 0.100 0.078 0.073 1    
218:  0.125 0.565 0.030 0.053 0.109 0.117 1    
219:  0.157 0.067 0.051 0.389 0.171 0.166 1    
220:  0.223 0.203 0.060 0.099 0.208 0.206 1    
221:  0.162 0.245 0.056 0.240 0.152 0.144 1    
222:  0.100 0.036 0.096 0.561 0.108 0.099 1    
223:  0.174 0.105 0.133 0.199 0.185 0.204 1    
224:  0.174 0.037 0.073 0.323 0.206 0.187 1    
225:  0.232 0.141 0.081 0.088 0.247 0.211 1    
226:  0.151 0.273 0.129 0.143 0.156 0.149 1    
227:  0.126 0.077 0.445 0.110 0.125 0.117 1    
228:  0.177 0.091 0.046 0.320 0.181 0.185 1    
229:  0.177 0.291 0.082 0.095 0.168 0.187 1    
230:  0.234 0.052 0.068 0.130 0.270 0.245 1    
231:  0.135 0.104 0.254 0.173 0.160 0.174 1    
232:  0.175 0.332 0.072 0.102 0.177 0.142 1    
233:  0.190 0.153 0.164 0.109 0.184 0.199 1    
234:  0.075 0.169 0.389 0.203 0.085 0.080 1    
235:  0.087 0.129 0.549 0.054 0.093 0.086 1    
236:  0.172 0.045 0.242 0.272 0.135 0.134 1    
237:  0.196 0.047 0.181 0.196 0.201 0.179 1    
238:  0.168 0.067 0.135 0.207 0.196 0.227 1    
239:  0.131 0.137 0.350 0.153 0.116 0.113 1    
240:  0.121 0.112 0.270 0.265 0.118 0.114 1    
241:  0.128 0.062 0.315 0.177 0.156 0.162 1    
242:  0.180 0.107 0.146 0.218 0.170 0.179 1    
243:  0.126 0.149 0.325 0.125 0.147 0.127 1    
244:  0.139 0.198 0.274 0.144 0.127 0.118 1    
245:  0.175 0.350 0.083 0.061 0.167 0.163 1    
246:  0.229 0.094 0.074 0.141 0.250 0.213 1    
247:  0.155 0.216 0.067 0.286 0.136 0.141 1    
248:  0.091 0.129 0.151 0.448 0.090 0.091 1    
249:  0.182 0.101 0.081 0.264 0.192 0.180 1    
250:  0.189 0.134 0.051 0.280 0.170 0.176 1    
251:  0.160 0.172 0.136 0.230 0.155 0.148 1    
252:  0.251 0.124 0.116 0.084 0.213 0.212 1    
253:  0.215 0.082 0.076 0.097 0.242 0.287 1    
254:  0.179 0.089 0.044 0.357 0.151 0.179 1    
255:  0.218 0.089 0.140 0.096 0.240 0.218 1    
256:  0.107 0.250 0.289 0.141 0.107 0.106 1    
257:  0.224 0.140 0.080 0.095 0.208 0.253 1    
258:  0.200 0.255 0.117 0.075 0.180 0.174 1    
259:  0.152 0.204 0.196 0.134 0.153 0.161 1    
260:  0.218 0.115 0.060 0.220 0.194 0.193 1    
261:  0.158 0.299 0.162 0.053 0.162 0.167 1    
262:  0.130 0.070 0.112 0.433 0.140 0.115 1    
263:  0.117 0.074 0.437 0.158 0.109 0.105 1    
264:  0.221 0.111 0.159 0.058 0.229 0.223 1    
265:  0.179 0.149 0.134 0.064 0.232 0.242 1    
266:  0.188 0.083 0.148 0.135 0.214 0.232 1    
267:  0.239 0.035 0.076 0.119 0.273 0.259 1    
268:  0.196 0.046 0.101 0.324 0.155 0.178 1    
269:  0.216 0.128 0.096 0.156 0.189 0.216 1    
270:  0.169 0.098 0.313 0.109 0.175 0.136 1    
271:  0.159 0.163 0.211 0.189 0.139 0.139 1    
272:  0.139 0.065 0.259 0.280 0.125 0.133 1    
273:  0.200 0.109 0.051 0.235 0.205 0.200 1    
274:  0.122 0.426 0.117 0.116 0.122 0.098 1    
275:  0.213 0.082 0.060 0.162 0.227 0.257 1    
276:  0.098 0.067 0.516 0.135 0.093 0.090 1    
277:  0.186 0.084 0.040 0.341 0.169 0.179 1    
278:  0.191 0.346 0.035 0.075 0.187 0.165 1    
279:  0.172 0.299 0.071 0.083 0.171 0.204 1    
280:  0.094 0.575 0.063 0.045 0.111 0.112 1    
281:  0.173 0.148 0.236 0.125 0.160 0.157 1    
282:  0.162 0.072 0.121 0.341 0.159 0.145 1    
283:  0.227 0.116 0.093 0.093 0.262 0.210 1    
284:  0.162 0.083 0.283 0.170 0.161 0.141 1    
285:  0.196 0.210 0.036 0.068 0.236 0.254 1    
286:  0.227 0.101 0.100 0.109 0.241 0.221 1    
287:  0.217 0.133 0.075 0.121 0.227 0.226 1    
288:  0.199 0.202 0.081 0.071 0.227 0.219 1    
289:  0.209 0.109 0.143 0.080 0.237 0.222 1    
290:  0.118 0.457 0.077 0.089 0.117 0.141 1    
291:  0.189 0.198 0.229 0.066 0.150 0.170 1    
292:  0.248 0.125 0.095 0.085 0.215 0.232 1    
293:  0.189 0.150 0.118 0.112 0.211 0.219 1    
294:  0.215 0.189 0.167 0.034 0.214 0.181 1    
295:  0.248 0.073 0.082 0.151 0.231 0.215 1    
296:  0.103 0.045 0.492 0.165 0.097 0.098 1    
297:  0.269 0.048 0.054 0.099 0.294 0.236 1    
298:  0.238 0.065 0.114 0.078 0.283 0.224 1    
299:  0.225 0.106 0.076 0.119 0.206 0.268 1    
300:  0.165 0.061 0.154 0.264 0.174 0.183 1    
301:  0.176 0.182 0.181 0.105 0.182 0.173 1    
302:  0.258 0.063 0.063 0.095 0.274 0.248 1    
303:  0.160 0.117 0.307 0.104 0.157 0.156 1    
304:  0.197 0.144 0.123 0.112 0.187 0.237 1    
305:  0.109 0.078 0.470 0.117 0.117 0.108 1    
306:  0.265 0.065 0.069 0.099 0.270 0.233 1    
307:  0.107 0.055 0.483 0.134 0.115 0.107 1    
308:  0.154 0.095 0.254 0.151 0.166 0.179 1    
309:  0.195 0.187 0.111 0.170 0.168 0.168 1    
310:  0.125 0.098 0.459 0.044 0.145 0.129 1    
311:  0.250 0.038 0.085 0.139 0.258 0.230 1    
312:  0.146 0.194 0.243 0.150 0.128 0.139 1    
313:  0.148 0.091 0.373 0.098 0.155 0.135 1    
314:  0.141 0.468 0.044 0.051 0.135 0.162 1    
315:  0.256 0.068 0.042 0.085 0.236 0.313 1    
316:  0.127 0.063 0.154 0.390 0.140 0.124 1    
317:  0.128 0.317 0.206 0.081 0.134 0.133 1    
318:  0.148 0.044 0.168 0.368 0.133 0.139 1    
319:  0.051 0.053 0.743 0.059 0.047 0.048 1    
320:  0.170 0.108 0.265 0.152 0.156 0.149 1    
321:  0.201 0.045 0.194 0.152 0.189 0.219 1    
322:  0.180 0.128 0.212 0.133 0.175 0.173 1    
323:  0.180 0.253 0.058 0.112 0.201 0.195 1    
324:  0.129 0.112 0.097 0.396 0.139 0.127 1    
325:  0.275 0.057 0.050 0.114 0.260 0.245 1    
326:  0.165 0.326 0.138 0.073 0.140 0.159 1    
327:  0.179 0.330 0.087 0.066 0.163 0.175 1    
328:  0.225 0.106 0.099 0.159 0.187 0.223 1    
329:  0.201 0.213 0.027 0.161 0.175 0.223 1    
330:  0.097 0.096 0.255 0.334 0.119 0.100 1    
331:  0.182 0.084 0.094 0.230 0.203 0.206 1    
332:  0.202 0.097 0.173 0.168 0.190 0.169 1    
333:  0.201 0.127 0.069 0.108 0.250 0.244 1    
334:  0.199 0.231 0.113 0.092 0.175 0.190 1    
335:  0.148 0.218 0.255 0.085 0.156 0.137 1    
336:  0.174 0.071 0.335 0.063 0.182 0.175 1    
337:  0.238 0.088 0.070 0.095 0.268 0.240 1    
338:  0.169 0.163 0.222 0.144 0.159 0.143 1    
339:  0.156 0.057 0.087 0.345 0.174 0.181 1    
340:  0.173 0.035 0.228 0.209 0.183 0.172 1    
341:  0.081 0.028 0.357 0.350 0.088 0.096 1    
342:  0.093 0.605 0.058 0.039 0.103 0.101 1    
343:  0.279 0.079 0.042 0.070 0.263 0.266 1    
344:  0.155 0.070 0.138 0.320 0.149 0.168 1    
345:  0.125 0.220 0.324 0.055 0.143 0.133 1    
346:  0.079 0.052 0.364 0.331 0.087 0.087 1    
347:  0.124 0.053 0.103 0.468 0.125 0.127 1    
348:  0.141 0.051 0.097 0.465 0.124 0.122 1    
349:  0.075 0.089 0.489 0.201 0.065 0.081 1    
350:  0.156 0.306 0.098 0.103 0.167 0.170 1    
351:  0.106 0.053 0.486 0.141 0.120 0.094 1    
352:  0.102 0.086 0.470 0.111 0.106 0.125 1    
353:  0.240 0.111 0.139 0.062 0.220 0.228 1    
354:  0.167 0.130 0.294 0.110 0.150 0.149 1    
355:  0.124 0.066 0.394 0.209 0.103 0.104 1    
356:  0.203 0.259 0.035 0.038 0.220 0.245 1    
357:  0.236 0.063 0.040 0.217 0.220 0.223 1    
358:  0.067 0.101 0.566 0.113 0.081 0.072 1    
359:  0.218 0.072 0.082 0.166 0.214 0.247 1    
360:  0.170 0.059 0.233 0.176 0.190 0.172 1    
361:  0.242 0.150 0.070 0.030 0.255 0.252 1    
362:  0.193 0.113 0.155 0.159 0.216 0.164 1    
363:  0.213 0.213 0.050 0.069 0.229 0.226 1    
364:  0.179 0.061 0.306 0.124 0.147 0.183 1    
365:  0.144 0.178 0.064 0.336 0.148 0.131 1    
366:  0.102 0.050 0.503 0.155 0.105 0.086 1    
367:  0.133 0.199 0.245 0.145 0.140 0.137 1    
368:  0.084 0.275 0.216 0.248 0.089 0.088 1    
369:  0.266 0.037 0.049 0.201 0.233 0.214 1    
370:  0.191 0.258 0.080 0.146 0.167 0.156 1    
371:  0.102 0.048 0.447 0.155 0.119 0.129 1    
372:  0.135 0.276 0.148 0.121 0.155 0.166 1    
373:  0.167 0.207 0.104 0.168 0.184 0.170 1    
374:  0.213 0.151 0.237 0.040 0.175 0.184 1    
375:  0.151 0.339 0.166 0.065 0.139 0.140 1    
376:  0.129 0.431 0.068 0.106 0.142 0.125 1    
377:  0.099 0.124 0.496 0.058 0.111 0.112 1    
378:  0.077 0.067 0.593 0.097 0.080 0.087 1    
379:  0.109 0.061 0.252 0.362 0.113 0.103 1    
380:  0.158 0.045 0.317 0.137 0.159 0.185 1    
381:  0.132 0.111 0.194 0.305 0.134 0.124 1    
382:  0.251 0.111 0.052 0.065 0.242 0.280 1    
383:  0.139 0.107 0.375 0.119 0.128 0.131 1    
384:  0.099 0.025 0.079 0.612 0.089 0.097 1    
385:  0.184 0.077 0.057 0.254 0.214 0.214 1    
386:  0.165 0.139 0.232 0.163 0.152 0.148 1    
387:  0.166 0.224 0.135 0.159 0.166 0.150 1    
388:  0.080 0.710 0.033 0.031 0.074 0.073 1    
389:  0.244 0.107 0.080 0.066 0.234 0.268 1    
390:  0.154 0.104 0.350 0.091 0.160 0.140 1    
391:  0.129 0.470 0.027 0.091 0.131 0.153 1    
392:  0.156 0.227 0.173 0.106 0.184 0.155 1    
393:  0.069 0.677 0.035 0.058 0.083 0.079 1    
394:  0.191 0.167 0.240 0.031 0.175 0.196 1    
395:  0.177 0.085 0.091 0.335 0.152 0.160 1    
396:  0.153 0.142 0.072 0.354 0.142 0.136 1    
397:  0.154 0.048 0.047 0.454 0.144 0.153 1    
398:  0.195 0.239 0.083 0.092 0.195 0.196 1    
399:  0.184 0.135 0.115 0.152 0.223 0.191 1    
400:  0.205 0.124 0.174 0.105 0.205 0.187 1    
401:  0.136 0.346 0.089 0.184 0.118 0.128 1    
402:  0.158 0.435 0.068 0.051 0.139 0.149 1    
403:  0.057 0.733 0.052 0.040 0.058 0.060 1    
404:  0.169 0.048 0.058 0.361 0.161 0.203 1    
405:  0.186 0.244 0.149 0.046 0.173 0.201 1    
406:  0.122 0.479 0.053 0.067 0.132 0.146 1    
407:  0.187 0.066 0.195 0.141 0.192 0.219 1    
408:  0.176 0.051 0.281 0.157 0.167 0.168 1    
409:  0.122 0.051 0.093 0.514 0.106 0.115 1    
410:  0.127 0.160 0.324 0.144 0.127 0.120 1    
411:  0.139 0.325 0.096 0.148 0.137 0.156 1    
412:  0.127 0.175 0.354 0.082 0.130 0.132 1    
413:  0.126 0.190 0.074 0.319 0.159 0.132 1    
414:  0.189 0.106 0.028 0.241 0.246 0.190 1    
415:  0.114 0.403 0.162 0.110 0.097 0.113 1    
416:  0.095 0.515 0.099 0.107 0.091 0.094 1    
417:  0.211 0.171 0.091 0.098 0.227 0.202 1    
418:  0.125 0.369 0.081 0.154 0.135 0.136 1    
419:  0.185 0.351 0.085 0.085 0.147 0.147 1    
420:  0.071 0.076 0.305 0.401 0.077 0.070 1    
421:  0.194 0.163 0.088 0.228 0.165 0.161 1    
422:  0.212 0.066 0.084 0.135 0.260 0.243 1    
423:  0.246 0.192 0.053 0.055 0.228 0.226 1    
424:  0.215 0.079 0.081 0.206 0.225 0.194 1    
425:  0.182 0.231 0.169 0.048 0.195 0.175 1    
426:  0.227 0.043 0.080 0.158 0.264 0.228 1    
427:  0.166 0.198 0.039 0.253 0.169 0.174 1    
428:  0.251 0.125 0.044 0.145 0.204 0.231 1    
429:  0.136 0.069 0.271 0.197 0.171 0.157 1    
430:  0.211 0.181 0.066 0.116 0.185 0.241 1    
431:  0.220 0.181 0.059 0.093 0.211 0.236 1    
432:  0.073 0.690 0.037 0.053 0.069 0.077 1    
433:  0.090 0.209 0.378 0.100 0.114 0.110 1    
434:  0.096 0.051 0.059 0.607 0.099 0.088 1    
435:  0.204 0.107 0.083 0.142 0.221 0.244 1    
436:  0.218 0.093 0.091 0.155 0.222 0.221 1    
437:  0.211 0.094 0.057 0.034 0.301 0.303 1    
438:  0.179 0.075 0.295 0.132 0.175 0.144 1    
439:  0.134 0.070 0.228 0.319 0.116 0.133 1    
440:  0.160 0.111 0.251 0.185 0.157 0.136 1    
441:  0.129 0.451 0.084 0.082 0.119 0.135 1    
442:  0.146 0.115 0.170 0.287 0.127 0.155 1    
443:  0.171 0.209 0.225 0.052 0.161 0.182 1    
444:  0.213 0.105 0.068 0.237 0.171 0.206 1    
445:  0.138 0.452 0.082 0.060 0.134 0.134 1    
446:  0.129 0.034 0.491 0.092 0.125 0.129 1    
447:  0.276 0.140 0.053 0.088 0.239 0.204 1    
448:  0.193 0.189 0.130 0.101 0.179 0.209 1    
449:  0.141 0.068 0.458 0.073 0.142 0.118 1    
450:  0.202 0.156 0.149 0.071 0.202 0.220 1    
451:  0.080 0.634 0.075 0.064 0.080 0.066 1    
452:  0.163 0.256 0.073 0.165 0.171 0.173 1    
453:  0.199 0.051 0.116 0.234 0.199 0.201 1    
454:  0.081 0.414 0.208 0.144 0.079 0.073 1    
455:  0.135 0.197 0.174 0.182 0.156 0.156 1    
456:  0.165 0.368 0.077 0.070 0.164 0.155 1    
457:  0.165 0.063 0.298 0.131 0.181 0.163 1    
458:  0.195 0.120 0.086 0.206 0.196 0.196 1    
459:  0.139 0.053 0.392 0.152 0.128 0.136 1    
460:  0.177 0.153 0.123 0.164 0.163 0.220 1    
461:  0.059 0.058 0.633 0.118 0.063 0.068 1    
462:  0.107 0.073 0.243 0.388 0.093 0.095 1    
463:  0.154 0.080 0.171 0.259 0.173 0.163 1    
464:  0.059 0.032 0.343 0.439 0.066 0.061 1    
465:  0.153 0.127 0.314 0.111 0.146 0.148 1    
466:  0.092 0.605 0.057 0.057 0.097 0.092 1    
467:  0.144 0.286 0.132 0.139 0.144 0.155 1    
468:  0.227 0.117 0.089 0.052 0.253 0.262 1    
469:  0.238 0.121 0.038 0.167 0.228 0.208 1    
470:  0.147 0.059 0.311 0.174 0.149 0.161 1    
471:  0.140 0.070 0.376 0.126 0.145 0.142 1    
472:  0.192 0.098 0.150 0.150 0.186 0.225 1    
473:  0.206 0.116 0.267 0.084 0.160 0.167 1    
474:  0.153 0.334 0.099 0.107 0.147 0.161 1    
475:  0.160 0.069 0.113 0.373 0.150 0.136 1    
476:  0.238 0.102 0.090 0.100 0.232 0.237 1    
477:  0.149 0.084 0.130 0.317 0.157 0.163 1    
478:  0.099 0.346 0.305 0.040 0.111 0.098 1    
479:  0.253 0.204 0.087 0.043 0.208 0.205 1    
480:  0.179 0.109 0.106 0.213 0.203 0.190 1    
481:  0.161 0.330 0.053 0.060 0.215 0.182 1    
482:  0.211 0.196 0.104 0.090 0.203 0.197 1    
483:  0.194 0.161 0.136 0.079 0.214 0.217 1    
484:  0.134 0.033 0.041 0.492 0.132 0.167 1    
485:  0.130 0.351 0.209 0.051 0.129 0.130 1    
486:  0.121 0.118 0.053 0.436 0.126 0.147 1    
487:  0.278 0.102 0.112 0.045 0.239 0.225 1    
488:  0.124 0.044 0.114 0.445 0.135 0.137 1    
489:  0.147 0.045 0.057 0.417 0.165 0.169 1    
490:  0.118 0.071 0.394 0.220 0.096 0.102 1    
491:  0.171 0.068 0.169 0.237 0.176 0.180 1    
492:  0.234 0.114 0.113 0.100 0.228 0.212 1    
493:  0.198 0.234 0.084 0.116 0.192 0.176 1    
494:  0.209 0.028 0.226 0.170 0.185 0.181 1    
495:  0.204 0.196 0.143 0.062 0.214 0.181 1    
496:  0.144 0.406 0.127 0.085 0.113 0.125 1    
497:  0.130 0.082 0.392 0.169 0.114 0.114 1    
498:  0.211 0.099 0.169 0.137 0.176 0.207 1    
499:  0.180 0.150 0.165 0.182 0.165 0.158 1    
500:  0.126 0.349 0.183 0.076 0.136 0.129 1    
501:  0.267 0.098 0.032 0.083 0.266 0.255 1    
502:  0.119 0.582 0.052 0.037 0.117 0.093 1    
503:  0.240 0.168 0.069 0.086 0.213 0.224 1    
504:  0.137 0.116 0.377 0.110 0.138 0.123 1    
505:  0.145 0.074 0.416 0.117 0.106 0.142 1    
506:  0.149 0.260 0.200 0.088 0.154 0.149 1    
507:  0.162 0.083 0.188 0.266 0.152 0.150 1    
508:  0.118 0.087 0.269 0.333 0.100 0.094 1    
509:  0.197 0.149 0.054 0.216 0.198 0.187 1    
510:  0.115 0.456 0.080 0.115 0.124 0.111 1    
511:  0.110 0.352 0.226 0.058 0.118 0.135 1    
512:  0.199 0.290 0.053 0.065 0.199 0.195 1    
513:  0.148 0.092 0.112 0.331 0.158 0.158 1    
514:  0.212 0.058 0.079 0.206 0.223 0.222 1    
515:  0.144 0.214 0.128 0.252 0.125 0.138 1    
516:  0.181 0.265 0.146 0.069 0.158 0.181 1    
517:  0.168 0.114 0.244 0.149 0.161 0.163 1    
518:  0.253 0.049 0.036 0.199 0.231 0.232 1    
519:  0.100 0.098 0.417 0.185 0.098 0.103 1    
520:  0.222 0.173 0.060 0.099 0.206 0.240 1    
521:  0.166 0.283 0.103 0.089 0.181 0.178 1    
522:  0.177 0.158 0.167 0.163 0.171 0.164 1    
523:  0.222 0.111 0.147 0.084 0.204 0.232 1    
524:  0.174 0.142 0.197 0.158 0.180 0.150 1    
525:  0.103 0.102 0.489 0.100 0.096 0.110 1    
526:  0.240 0.086 0.089 0.086 0.244 0.255 1    
527:  0.158 0.171 0.103 0.219 0.180 0.168 1    
528:  0.208 0.079 0.129 0.110 0.237 0.238 1    
529:  0.216 0.114 0.077 0.150 0.211 0.233 1    
530:  0.202 0.131 0.188 0.063 0.198 0.219 1    
531:  0.156 0.035 0.114 0.388 0.171 0.136 1    
532:  0.251 0.171 0.059 0.050 0.274 0.195 1    
533:  0.270 0.109 0.075 0.066 0.246 0.233 1    
534:  0.137 0.093 0.061 0.436 0.131 0.142 1    
535:  0.165 0.114 0.053 0.346 0.168 0.154 1    
536:  0.152 0.147 0.287 0.103 0.140 0.171 1    
537:  0.260 0.033 0.078 0.122 0.254 0.253 1    
538:  0.128 0.429 0.078 0.081 0.135 0.149 1    
539:  0.111 0.087 0.509 0.105 0.091 0.097 1    
540:  0.206 0.138 0.090 0.181 0.186 0.199 1    
541:  0.191 0.091 0.046 0.346 0.165 0.161 1    
542:  0.090 0.039 0.413 0.304 0.078 0.076 1    
543:  0.203 0.118 0.247 0.064 0.188 0.179 1    
544:  0.263 0.073 0.079 0.070 0.226 0.289 1    
545:  0.150 0.115 0.150 0.250 0.162 0.174 1    
546:  0.146 0.089 0.379 0.093 0.142 0.150 1    
547:  0.148 0.034 0.051 0.516 0.122 0.129 1    
548:  0.131 0.134 0.066 0.373 0.157 0.139 1    
549:  0.212 0.130 0.072 0.132 0.229 0.226 1    
550:  0.154 0.070 0.290 0.172 0.164 0.150 1    
551:  0.191 0.218 0.203 0.082 0.151 0.153 1    
552:  0.157 0.291 0.079 0.178 0.150 0.146 1    
553:  0.152 0.064 0.160 0.341 0.147 0.136 1    
554:  0.201 0.279 0.083 0.071 0.180 0.187 1    
555:  0.193 0.201 0.119 0.075 0.205 0.206 1    
556:  0.226 0.175 0.070 0.079 0.227 0.224 1    
557:  0.163 0.138 0.185 0.167 0.170 0.177 1    
558:  0.114 0.479 0.143 0.054 0.111 0.099 1    
559:  0.158 0.048 0.158 0.324 0.155 0.157 1    
560:  0.156 0.063 0.297 0.112 0.170 0.202 1    
561:  0.115 0.063 0.190 0.401 0.113 0.117 1    
562:  0.120 0.567 0.064 0.036 0.113 0.100 1    
563:  0.104 0.027 0.040 0.558 0.131 0.140 1    
564:  0.121 0.085 0.239 0.323 0.115 0.117 1    
565:  0.222 0.062 0.057 0.085 0.285 0.289 1    
566:  0.077 0.034 0.184 0.558 0.077 0.071 1    
567:  0.125 0.055 0.421 0.134 0.132 0.132 1    
568:  0.176 0.302 0.090 0.053 0.158 0.221 1    
569:  0.150 0.179 0.142 0.226 0.153 0.150 1    
570:  0.161 0.193 0.248 0.094 0.154 0.150 1    
571:  0.132 0.425 0.071 0.128 0.114 0.131 1    
572:  0.129 0.086 0.097 0.437 0.125 0.127 1    
573:  0.191 0.085 0.301 0.099 0.161 0.164 1    
574:  0.217 0.184 0.043 0.119 0.237 0.200 1    
575:  0.152 0.262 0.235 0.060 0.153 0.138 1    
576:  0.223 0.116 0.072 0.088 0.257 0.246 1    
577:  0.172 0.164 0.155 0.176 0.167 0.166 1    
578:  0.104 0.418 0.155 0.085 0.133 0.106 1    
579:  0.249 0.101 0.032 0.071 0.285 0.261 1    
580:  0.195 0.242 0.102 0.083 0.186 0.192 1    
581:  0.126 0.139 0.132 0.345 0.119 0.139 1    
582:  0.221 0.234 0.038 0.065 0.202 0.239 1    
583:  0.130 0.136 0.061 0.413 0.129 0.132 1    
584:  0.245 0.201 0.069 0.045 0.210 0.230 1    
585:  0.065 0.672 0.034 0.095 0.067 0.066 1    
586:  0.181 0.254 0.050 0.130 0.188 0.197 1    
587:  0.194 0.190 0.047 0.184 0.179 0.205 1    
                       
                       
1:    0.216 0.159 0.201 0.199 0.159 0.066 1    
2:    0.145 0.182 0.135 0.142 0.235 0.162 1    
3:    0.377 0.120 0.130 0.108 0.067 0.198 1    
4:    0.069 0.180 0.212 0.237 0.246 0.055 1    
5:    0.174 0.153 0.141 0.151 0.106 0.274 1    
6:    0.049 0.289 0.174 0.188 0.245 0.055 1    
7:    0.156 0.109 0.117 0.121 0.413 0.083 1    
8:    0.109 0.210 0.190 0.201 0.200 0.090 1    
9:    0.114 0.185 0.186 0.188 0.236 0.091 1    
10:   0.063 0.162 0.157 0.198 0.370 0.050 1    
11:   0.177 0.145 0.099 0.112 0.078 0.389 1    
12:   0.257 0.058 0.080 0.057 0.044 0.503 1    
13:   0.099 0.161 0.159 0.143 0.100 0.338 1    
14:   0.251 0.112 0.216 0.147 0.204 0.071 1    
15:   0.248 0.176 0.138 0.173 0.123 0.142 1    
16:   0.112 0.113 0.060 0.094 0.072 0.549 1    
17:   0.082 0.214 0.154 0.233 0.230 0.088 1    
18:   0.078 0.184 0.230 0.176 0.107 0.226 1    
19:   0.043 0.114 0.179 0.143 0.466 0.055 1    
20:   0.118 0.244 0.142 0.156 0.129 0.211 1    
21:   0.398 0.126 0.085 0.087 0.082 0.222 1    
22:   0.174 0.119 0.183 0.138 0.123 0.263 1    
23:   0.205 0.299 0.113 0.165 0.080 0.139 1    
24:   0.045 0.246 0.203 0.246 0.148 0.113 1    
25:   0.254 0.185 0.211 0.172 0.111 0.067 1    
26:   0.201 0.120 0.180 0.116 0.100 0.283 1    
27:   0.081 0.193 0.125 0.173 0.202 0.226 1    
28:   0.258 0.167 0.154 0.131 0.129 0.161 1    
29:   0.254 0.092 0.105 0.099 0.085 0.365 1    
30:   0.219 0.195 0.132 0.177 0.122 0.154 1    
31:   0.506 0.081 0.114 0.087 0.115 0.098 1    
32:   0.060 0.146 0.152 0.222 0.349 0.072 1    
33:   0.123 0.187 0.163 0.204 0.247 0.077 1    
34:   0.110 0.160 0.199 0.198 0.153 0.180 1    
35:   0.272 0.080 0.099 0.072 0.400 0.076 1    
36:   0.383 0.117 0.145 0.136 0.145 0.075 1    
37:   0.258 0.150 0.157 0.116 0.137 0.181 1    
38:   0.360 0.126 0.122 0.108 0.161 0.124 1    
39:   0.070 0.083 0.173 0.101 0.517 0.056 1    
40:   0.104 0.074 0.115 0.067 0.593 0.047 1    
41:   0.171 0.136 0.225 0.207 0.172 0.089 1    
42:   0.289 0.060 0.060 0.052 0.062 0.478 1    
43:   0.267 0.152 0.140 0.113 0.125 0.201 1    
44:   0.033 0.108 0.200 0.138 0.448 0.073 1    
45:   0.542 0.081 0.087 0.064 0.050 0.176 1    
46:   0.060 0.193 0.182 0.241 0.124 0.200 1    
47:   0.314 0.134 0.161 0.149 0.192 0.050 1    
48:   0.097 0.226 0.238 0.213 0.125 0.101 1    
49:   0.125 0.081 0.188 0.201 0.362 0.043 1    
50:   0.116 0.126 0.123 0.122 0.465 0.048 1    
51:   0.231 0.142 0.268 0.183 0.081 0.094 1    
52:   0.515 0.071 0.061 0.063 0.053 0.236 1    
53:   0.101 0.066 0.147 0.051 0.586 0.049 1    
54:   0.203 0.087 0.153 0.109 0.053 0.396 1    
55:   0.209 0.241 0.143 0.183 0.112 0.111 1    
56:   0.033 0.053 0.130 0.064 0.695 0.025 1    
57:   0.092 0.327 0.190 0.243 0.094 0.054 1    
58:   0.146 0.166 0.112 0.158 0.093 0.326 1    
59:   0.160 0.134 0.128 0.101 0.117 0.360 1    
60:   0.059 0.430 0.139 0.225 0.094 0.053 1    
61:   0.243 0.152 0.154 0.145 0.171 0.134 1    
62:   0.070 0.140 0.255 0.263 0.183 0.088 1    
63:   0.062 0.307 0.238 0.182 0.123 0.089 1    
64:   0.106 0.129 0.139 0.129 0.380 0.118 1    
65:   0.072 0.091 0.092 0.114 0.560 0.071 1    
66:   0.256 0.118 0.135 0.136 0.299 0.057 1    
67:   0.128 0.142 0.213 0.202 0.230 0.085 1    
68:   0.125 0.166 0.199 0.269 0.179 0.062 1    
69:   0.077 0.206 0.148 0.148 0.204 0.217 1    
70:   0.077 0.177 0.184 0.228 0.297 0.036 1    
71:   0.157 0.125 0.212 0.110 0.359 0.037 1    
72:   0.266 0.103 0.149 0.119 0.130 0.233 1    
73:   0.059 0.132 0.173 0.301 0.124 0.211 1    
74:   0.086 0.273 0.185 0.189 0.120 0.147 1    
75:   0.075 0.126 0.250 0.407 0.091 0.051 1    
76:   0.061 0.129 0.161 0.126 0.467 0.055 1    
77:   0.136 0.206 0.135 0.133 0.152 0.238 1    
78:   0.097 0.171 0.164 0.187 0.207 0.174 1    
79:   0.132 0.136 0.223 0.195 0.187 0.127 1    
80:   0.161 0.200 0.133 0.138 0.155 0.213 1    
81:   0.283 0.174 0.170 0.144 0.112 0.117 1    
82:   0.115 0.223 0.160 0.203 0.142 0.157 1    
83:   0.181 0.118 0.084 0.097 0.065 0.454 1    
84:   0.230 0.141 0.195 0.132 0.164 0.138 1    
85:   0.210 0.211 0.154 0.132 0.106 0.187 1    
86:   0.107 0.198 0.269 0.198 0.119 0.110 1    
87:   0.169 0.191 0.168 0.128 0.122 0.222 1    
88:   0.489 0.062 0.091 0.063 0.058 0.237 1    
89:   0.079 0.188 0.223 0.238 0.105 0.167 1    
90:   0.168 0.120 0.213 0.205 0.160 0.135 1    
91:   0.071 0.256 0.215 0.263 0.143 0.052 1    
92:   0.114 0.232 0.182 0.192 0.134 0.146 1    
93:   0.050 0.260 0.152 0.237 0.232 0.070 1    
94:   0.144 0.128 0.207 0.229 0.179 0.113 1    
95:   0.188 0.112 0.152 0.107 0.068 0.372 1    
96:   0.081 0.179 0.224 0.190 0.218 0.108 1    
97:   0.066 0.134 0.150 0.191 0.381 0.078 1    
98:   0.110 0.190 0.205 0.205 0.221 0.068 1    
99:   0.312 0.067 0.070 0.070 0.063 0.418 1    
100:  0.165 0.143 0.150 0.151 0.292 0.100 1    
101:  0.054 0.198 0.207 0.232 0.207 0.102 1    
102:  0.098 0.151 0.173 0.206 0.261 0.112 1    
103:  0.216 0.149 0.179 0.198 0.141 0.117 1    
104:  0.067 0.267 0.167 0.224 0.176 0.099 1    
105:  0.218 0.212 0.171 0.155 0.134 0.110 1    
106:  0.142 0.205 0.152 0.239 0.171 0.089 1    
107:  0.212 0.173 0.196 0.197 0.121 0.102 1    
108:  0.447 0.091 0.089 0.079 0.165 0.128 1    
109:  0.141 0.169 0.154 0.154 0.237 0.144 1    
110:  0.188 0.263 0.104 0.157 0.132 0.156 1    
111:  0.254 0.147 0.132 0.122 0.126 0.219 1    
112:  0.085 0.095 0.262 0.350 0.167 0.041 1    
113:  0.102 0.163 0.212 0.234 0.190 0.099 1    
114:  0.342 0.142 0.157 0.143 0.127 0.090 1    
115:  0.158 0.129 0.213 0.114 0.352 0.034 1    
116:  0.104 0.149 0.107 0.167 0.108 0.366 1    
117:  0.098 0.145 0.213 0.248 0.204 0.093 1    
118:  0.061 0.152 0.171 0.271 0.139 0.206 1    
119:  0.087 0.251 0.203 0.203 0.130 0.127 1    
120:  0.068 0.135 0.190 0.310 0.153 0.144 1    
121:  0.192 0.171 0.153 0.136 0.202 0.146 1    
122:  0.120 0.190 0.149 0.151 0.267 0.123 1    
123:  0.145 0.222 0.108 0.171 0.178 0.176 1    
124:  0.068 0.258 0.216 0.200 0.118 0.140 1    
125:  0.187 0.144 0.118 0.149 0.085 0.317 1    
126:  0.075 0.132 0.254 0.407 0.078 0.054 1    
127:  0.276 0.142 0.145 0.128 0.147 0.162 1    
128:  0.071 0.145 0.116 0.162 0.101 0.405 1    
129:  0.346 0.049 0.081 0.065 0.039 0.420 1    
130:  0.089 0.237 0.176 0.202 0.199 0.097 1    
131:  0.081 0.134 0.060 0.104 0.087 0.534 1    
132:  0.371 0.131 0.136 0.151 0.100 0.111 1    
133:  0.129 0.197 0.151 0.188 0.098 0.237 1    
134:  0.196 0.070 0.053 0.065 0.045 0.572 1    
135:  0.105 0.169 0.112 0.107 0.125 0.382 1    
136:  0.503 0.050 0.049 0.044 0.038 0.316 1    
137:  0.166 0.093 0.087 0.082 0.137 0.435 1    
138:  0.252 0.177 0.183 0.146 0.107 0.136 1    
139:  0.160 0.156 0.129 0.158 0.194 0.202 1    
140:  0.580 0.078 0.086 0.074 0.055 0.128 1    
141:  0.085 0.227 0.191 0.175 0.239 0.083 1    
142:  0.073 0.185 0.169 0.162 0.302 0.109 1    
143:  0.139 0.166 0.203 0.196 0.134 0.163 1    
144:  0.218 0.127 0.149 0.134 0.194 0.178 1    
145:  0.085 0.194 0.163 0.151 0.201 0.207 1    
146:  0.149 0.197 0.184 0.202 0.143 0.124 1    
147:  0.065 0.153 0.175 0.135 0.108 0.363 1    
148:  0.323 0.094 0.231 0.154 0.131 0.067 1    
149:  0.097 0.220 0.121 0.140 0.203 0.219 1    
150:  0.095 0.153 0.168 0.184 0.166 0.233 1    
151:  0.240 0.111 0.178 0.146 0.251 0.075 1    
152:  0.149 0.220 0.151 0.139 0.270 0.071 1    
153:  0.290 0.052 0.053 0.049 0.034 0.523 1    
154:  0.064 0.334 0.134 0.254 0.165 0.048 1    
155:  0.216 0.216 0.138 0.150 0.129 0.151 1    
156:  0.131 0.127 0.158 0.151 0.146 0.287 1    
157:  0.096 0.201 0.194 0.178 0.133 0.198 1    
158:  0.319 0.105 0.119 0.129 0.072 0.256 1    
159:  0.120 0.218 0.122 0.202 0.125 0.213 1    
160:  0.171 0.208 0.123 0.147 0.095 0.257 1    
161:  0.065 0.183 0.211 0.243 0.210 0.088 1    
162:  0.291 0.142 0.147 0.137 0.173 0.109 1    
163:  0.106 0.192 0.199 0.218 0.174 0.110 1    
164:  0.201 0.173 0.131 0.155 0.064 0.275 1    
165:  0.338 0.194 0.134 0.143 0.113 0.078 1    
166:  0.054 0.270 0.150 0.158 0.179 0.188 1    
167:  0.116 0.200 0.219 0.182 0.192 0.091 1    
168:  0.436 0.091 0.114 0.120 0.066 0.173 1    
169:  0.163 0.176 0.167 0.149 0.271 0.075 1    
170:  0.484 0.108 0.102 0.088 0.086 0.132 1    
171:  0.111 0.205 0.257 0.215 0.143 0.070 1    
172:  0.362 0.078 0.186 0.123 0.132 0.118 1    
173:  0.188 0.235 0.217 0.187 0.081 0.092 1    
174:  0.493 0.097 0.096 0.082 0.101 0.132 1    
175:  0.175 0.179 0.125 0.131 0.103 0.287 1    
176:  0.095 0.195 0.214 0.135 0.159 0.202 1    
177:  0.226 0.127 0.123 0.158 0.082 0.283 1    
178:  0.113 0.254 0.215 0.201 0.142 0.075 1    
179:  0.119 0.199 0.169 0.129 0.110 0.274 1    
180:  0.177 0.173 0.162 0.128 0.098 0.261 1    
181:  0.149 0.146 0.167 0.190 0.089 0.258 1    
182:  0.226 0.124 0.178 0.188 0.096 0.187 1    
183:  0.056 0.330 0.203 0.236 0.095 0.079 1    
184:  0.126 0.182 0.197 0.189 0.058 0.249 1    
185:  0.088 0.137 0.153 0.166 0.211 0.245 1    
186:  0.127 0.171 0.265 0.191 0.070 0.175 1    
187:  0.121 0.210 0.168 0.163 0.177 0.160 1    
188:  0.149 0.220 0.203 0.175 0.118 0.134 1    
189:  0.276 0.177 0.115 0.143 0.107 0.181 1    
190:  0.123 0.240 0.198 0.191 0.181 0.067 1    
191:  0.049 0.269 0.220 0.273 0.095 0.095 1    
192:  0.127 0.169 0.172 0.231 0.115 0.187 1    
193:  0.237 0.187 0.184 0.157 0.154 0.080 1    
194:  0.147 0.256 0.156 0.226 0.128 0.087 1    
195:  0.067 0.170 0.194 0.317 0.132 0.121 1    
196:  0.116 0.165 0.192 0.225 0.154 0.149 1    
197:  0.108 0.080 0.275 0.319 0.171 0.047 1    
198:  0.057 0.273 0.206 0.286 0.101 0.078 1    
199:  0.054 0.213 0.210 0.211 0.116 0.196 1    
200:  0.075 0.165 0.118 0.145 0.149 0.349 1    
201:  0.058 0.259 0.193 0.219 0.080 0.191 1    
202:  0.184 0.183 0.167 0.182 0.130 0.154 1    
203:  0.391 0.116 0.091 0.095 0.103 0.204 1    
204:  0.060 0.186 0.174 0.259 0.172 0.148 1    
205:  0.188 0.234 0.164 0.168 0.128 0.118 1    
206:  0.183 0.196 0.206 0.199 0.087 0.129 1    
207:  0.182 0.127 0.150 0.124 0.099 0.317 1    
208:  0.101 0.192 0.194 0.182 0.149 0.181 1    
209:  0.057 0.223 0.177 0.171 0.242 0.131 1    
210:  0.104 0.121 0.283 0.280 0.124 0.088 1    
211:  0.112 0.200 0.171 0.163 0.096 0.257 1    
212:  0.086 0.151 0.219 0.216 0.108 0.220 1    
213:  0.265 0.178 0.161 0.173 0.134 0.089 1    
214:  0.106 0.204 0.149 0.166 0.128 0.247 1    
215:  0.105 0.144 0.126 0.160 0.318 0.147 1    
216:  0.325 0.214 0.123 0.151 0.094 0.094 1    
217:  0.558 0.076 0.145 0.066 0.062 0.093 1    
218:  0.048 0.150 0.119 0.135 0.472 0.076 1    
219:  0.057 0.218 0.120 0.133 0.167 0.304 1    
220:  0.136 0.173 0.203 0.270 0.123 0.096 1    
221:  0.082 0.165 0.133 0.119 0.243 0.258 1    
222:  0.133 0.150 0.141 0.111 0.075 0.391 1    
223:  0.169 0.163 0.136 0.178 0.188 0.167 1    
224:  0.093 0.221 0.160 0.148 0.072 0.306 1    
225:  0.133 0.218 0.237 0.178 0.156 0.078 1    
226:  0.144 0.148 0.173 0.169 0.229 0.137 1    
227:  0.432 0.117 0.148 0.107 0.092 0.103 1    
228:  0.077 0.234 0.169 0.210 0.124 0.187 1    
229:  0.109 0.184 0.167 0.150 0.264 0.127 1    
230:  0.087 0.214 0.270 0.282 0.063 0.084 1    
231:  0.308 0.155 0.150 0.119 0.121 0.147 1    
232:  0.132 0.149 0.243 0.206 0.167 0.103 1    
233:  0.111 0.188 0.110 0.153 0.214 0.223 1    
234:  0.224 0.063 0.105 0.093 0.101 0.414 1    
235:  0.394 0.095 0.155 0.122 0.148 0.086 1    
236:  0.217 0.202 0.128 0.170 0.073 0.210 1    
237:  0.191 0.221 0.138 0.206 0.068 0.176 1    
238:  0.159 0.213 0.090 0.156 0.098 0.285 1    
239:  0.253 0.117 0.144 0.132 0.153 0.201 1    
240:  0.141 0.089 0.204 0.142 0.107 0.318 1    
241:  0.185 0.134 0.173 0.140 0.075 0.292 1    
242:  0.149 0.189 0.156 0.160 0.137 0.210 1    
243:  0.202 0.131 0.251 0.176 0.120 0.120 1    
244:  0.218 0.125 0.220 0.181 0.112 0.143 1    
245:  0.106 0.155 0.197 0.242 0.209 0.092 1    
