1:    0.140 0.121 0.008 0.158 0.121 0.123 0.330 1    
2:    0.635 0.062 0.007 0.075 0.061 0.105 0.055 1    
3:    0.484 0.099 0.005 0.071 0.076 0.231 0.033 1    
4:    0.040 0.167 0.025 0.294 0.294 0.163 0.017 1    
5:    0.673 0.077 0.008 0.061 0.089 0.072 0.020 1    
6:    0.546 0.044 0.006 0.076 0.088 0.093 0.147 1    
7:    0.126 0.180 0.013 0.216 0.101 0.188 0.176 1    
8:    0.047 0.092 0.042 0.211 0.093 0.074 0.441 1    
9:    0.097 0.051 0.005 0.044 0.046 0.053 0.703 1    
10:   0.098 0.059 0.007 0.035 0.055 0.057 0.690 1    
11:   0.358 0.110 0.006 0.056 0.367 0.074 0.029 1    
12:   0.499 0.096 0.013 0.046 0.116 0.179 0.051 1    
13:   0.068 0.090 0.005 0.201 0.459 0.113 0.064 1    
14:   0.172 0.146 0.014 0.150 0.317 0.180 0.021 1    
15:   0.124 0.199 0.020 0.136 0.268 0.183 0.070 1    
16:   0.182 0.068 0.010 0.195 0.374 0.138 0.033 1    
17:   0.092 0.230 0.014 0.214 0.253 0.182 0.016 1    
18:   0.179 0.249 0.046 0.089 0.100 0.286 0.052 1    
19:   0.128 0.094 0.010 0.346 0.282 0.124 0.016 1    
20:   0.039 0.069 0.012 0.290 0.423 0.095 0.073 1    
21:   0.302 0.109 0.012 0.130 0.100 0.148 0.198 1    
22:   0.011 0.139 0.005 0.551 0.205 0.081 0.009 1    
23:   0.409 0.141 0.035 0.072 0.123 0.112 0.107 1    
24:   0.122 0.294 0.008 0.113 0.093 0.334 0.036 1    
25:   0.050 0.218 0.014 0.238 0.154 0.300 0.026 1    
26:   0.558 0.096 0.009 0.052 0.124 0.139 0.023 1    
27:   0.178 0.071 0.006 0.315 0.273 0.121 0.035 1    
28:   0.154 0.130 0.026 0.100 0.087 0.135 0.370 1    
29:   0.030 0.195 0.044 0.248 0.200 0.222 0.061 1    
30:   0.747 0.080 0.012 0.020 0.030 0.090 0.021 1    
31:   0.053 0.128 0.006 0.512 0.154 0.108 0.039 1    
32:   0.444 0.166 0.033 0.081 0.124 0.133 0.019 1    
33:   0.037 0.251 0.022 0.286 0.109 0.273 0.022 1    
34:   0.105 0.148 0.008 0.315 0.222 0.136 0.066 1    
35:   0.158 0.132 0.146 0.137 0.162 0.207 0.058 1    
36:   0.088 0.208 0.018 0.181 0.056 0.202 0.246 1    
37:   0.034 0.307 0.009 0.295 0.140 0.186 0.030 1    
38:   0.024 0.136 0.271 0.149 0.097 0.106 0.218 1    
39:   0.162 0.148 0.008 0.271 0.137 0.203 0.071 1    
40:   0.108 0.212 0.027 0.153 0.245 0.239 0.015 1    
41:   0.035 0.254 0.019 0.178 0.227 0.202 0.085 1    
42:   0.012 0.114 0.010 0.361 0.254 0.231 0.018 1    
43:   0.153 0.283 0.007 0.132 0.163 0.250 0.012 1    
44:   0.055 0.326 0.013 0.201 0.123 0.237 0.046 1    
45:   0.037 0.185 0.071 0.254 0.233 0.180 0.040 1    
46:   0.547 0.134 0.009 0.067 0.045 0.139 0.059 1    
47:   0.829 0.043 0.005 0.013 0.036 0.062 0.011 1    
48:   0.823 0.054 0.007 0.010 0.028 0.071 0.007 1    
49:   0.038 0.160 0.015 0.469 0.145 0.157 0.017 1    
50:   0.742 0.070 0.004 0.028 0.051 0.083 0.022 1    
51:   0.040 0.291 0.009 0.171 0.177 0.229 0.083 1    
52:   0.122 0.213 0.271 0.106 0.079 0.149 0.060 1    
53:   0.052 0.263 0.012 0.163 0.138 0.231 0.141 1    
54:   0.729 0.055 0.011 0.049 0.099 0.038 0.019 1    
55:   0.014 0.135 0.007 0.569 0.180 0.073 0.024 1    
56:   0.135 0.235 0.013 0.244 0.193 0.161 0.018 1    
57:   0.064 0.082 0.006 0.043 0.074 0.051 0.679 1    
58:   0.113 0.175 0.043 0.204 0.156 0.162 0.146 1    
59:   0.044 0.168 0.151 0.186 0.103 0.203 0.145 1    
60:   0.041 0.123 0.014 0.066 0.058 0.098 0.601 1    
61:   0.022 0.032 0.006 0.020 0.016 0.026 0.877 1    
62:   0.041 0.331 0.017 0.301 0.071 0.215 0.024 1    
63:   0.116 0.168 0.010 0.328 0.171 0.181 0.027 1    
64:   0.060 0.241 0.006 0.302 0.170 0.207 0.013 1    
65:   0.204 0.218 0.029 0.120 0.127 0.276 0.026 1    
66:   0.013 0.340 0.015 0.165 0.106 0.327 0.034 1    
67:   0.040 0.252 0.014 0.318 0.164 0.183 0.028 1    
68:   0.055 0.224 0.019 0.288 0.164 0.162 0.087 1    
69:   0.075 0.277 0.039 0.197 0.079 0.216 0.117 1    
70:   0.052 0.043 0.008 0.024 0.023 0.032 0.817 1    
71:   0.016 0.173 0.012 0.504 0.203 0.064 0.028 1    
72:   0.051 0.231 0.127 0.247 0.078 0.204 0.062 1    
73:   0.289 0.190 0.008 0.102 0.108 0.245 0.058 1    
74:   0.028 0.152 0.038 0.137 0.431 0.136 0.079 1    
75:   0.078 0.134 0.008 0.204 0.387 0.168 0.020 1    
76:   0.283 0.149 0.008 0.253 0.108 0.172 0.027 1    
77:   0.042 0.035 0.016 0.025 0.056 0.041 0.784 1    
78:   0.127 0.158 0.016 0.136 0.177 0.155 0.231 1    
79:   0.227 0.166 0.015 0.182 0.129 0.238 0.043 1    
80:   0.438 0.127 0.006 0.073 0.147 0.177 0.032 1    
81:   0.146 0.082 0.007 0.065 0.107 0.087 0.506 1    
82:   0.085 0.065 0.008 0.091 0.109 0.086 0.555 1    
83:   0.115 0.088 0.005 0.077 0.121 0.066 0.528 1    
84:   0.115 0.260 0.014 0.198 0.192 0.175 0.047 1    
85:   0.051 0.204 0.009 0.367 0.170 0.176 0.023 1    
86:   0.310 0.148 0.008 0.161 0.074 0.192 0.108 1    
87:   0.447 0.114 0.008 0.092 0.071 0.173 0.095 1    
88:   0.097 0.066 0.022 0.073 0.036 0.086 0.620 1    
89:   0.175 0.127 0.011 0.132 0.360 0.176 0.018 1    
90:   0.049 0.251 0.013 0.149 0.170 0.355 0.012 1    
91:   0.089 0.078 0.043 0.069 0.149 0.072 0.500 1    
92:   0.033 0.172 0.010 0.281 0.245 0.122 0.137 1    
93:   0.031 0.116 0.020 0.341 0.192 0.087 0.213 1    
94:   0.041 0.075 0.010 0.138 0.052 0.060 0.624 1    
95:   0.145 0.238 0.008 0.228 0.119 0.228 0.034 1    
96:   0.058 0.169 0.014 0.165 0.311 0.144 0.139 1    
97:   0.342 0.122 0.051 0.102 0.139 0.200 0.043 1    
98:   0.218 0.212 0.012 0.134 0.117 0.282 0.025 1    
99:   0.080 0.184 0.090 0.182 0.251 0.157 0.057 1    
100:  0.195 0.256 0.023 0.149 0.125 0.238 0.013 1    
101:  0.086 0.187 0.028 0.178 0.142 0.183 0.197 1    
102:  0.012 0.171 0.008 0.387 0.085 0.120 0.217 1    
103:  0.023 0.036 0.004 0.025 0.057 0.028 0.826 1    
104:  0.296 0.269 0.004 0.085 0.110 0.208 0.028 1    
105:  0.021 0.021 0.067 0.020 0.018 0.021 0.834 1    
106:  0.050 0.210 0.020 0.247 0.293 0.151 0.030 1    
107:  0.034 0.177 0.015 0.287 0.180 0.211 0.095 1    
108:  0.645 0.082 0.023 0.018 0.055 0.152 0.025 1    
109:  0.101 0.303 0.048 0.179 0.088 0.250 0.031 1    
110:  0.142 0.148 0.040 0.159 0.217 0.175 0.120 1    
111:  0.054 0.145 0.104 0.161 0.242 0.127 0.168 1    
112:  0.014 0.023 0.027 0.020 0.021 0.016 0.879 1    
113:  0.029 0.095 0.445 0.176 0.118 0.090 0.046 1    
114:  0.049 0.184 0.011 0.205 0.235 0.163 0.153 1    
115:  0.015 0.035 0.115 0.031 0.017 0.041 0.744 1    
116:  0.005 0.006 0.964 0.007 0.006 0.006 0.005 1    
117:  0.013 0.012 0.934 0.009 0.010 0.011 0.011 1    
118:  0.005 0.006 0.966 0.007 0.006 0.005 0.005 1    
119:  0.009 0.009 0.948 0.006 0.009 0.009 0.010 1    
120:  0.004 0.006 0.967 0.006 0.005 0.006 0.006 1    
121:  0.007 0.006 0.963 0.005 0.006 0.007 0.007 1    
122:  0.006 0.007 0.957 0.009 0.007 0.007 0.007 1    
123:  0.011 0.011 0.930 0.014 0.009 0.012 0.013 1    
124:  0.005 0.005 0.967 0.005 0.006 0.005 0.006 1    
125:  0.004 0.005 0.975 0.004 0.004 0.004 0.005 1    
126:  0.213 0.249 0.014 0.129 0.127 0.219 0.049 1    
127:  0.036 0.189 0.018 0.169 0.206 0.180 0.202 1    
128:  0.039 0.363 0.014 0.185 0.081 0.236 0.082 1    
129:  0.046 0.296 0.102 0.120 0.123 0.249 0.064 1    
130:  0.110 0.197 0.006 0.154 0.262 0.225 0.045 1    
131:  0.043 0.301 0.012 0.200 0.201 0.204 0.040 1    
132:  0.034 0.062 0.043 0.063 0.063 0.054 0.680 1    
133:  0.032 0.023 0.015 0.019 0.017 0.018 0.876 1    
134:  0.028 0.141 0.021 0.143 0.471 0.171 0.025 1    
135:  0.015 0.114 0.099 0.220 0.395 0.145 0.011 1    
136:  0.049 0.122 0.013 0.246 0.354 0.131 0.085 1    
137:  0.296 0.112 0.006 0.068 0.091 0.079 0.348 1    
138:  0.029 0.159 0.012 0.169 0.425 0.144 0.061 1    
139:  0.038 0.136 0.013 0.140 0.513 0.142 0.017 1    
140:  0.144 0.277 0.010 0.077 0.127 0.332 0.034 1    
141:  0.108 0.244 0.011 0.183 0.136 0.202 0.114 1    
142:  0.376 0.168 0.010 0.132 0.122 0.125 0.068 1    
143:  0.019 0.207 0.044 0.257 0.145 0.282 0.047 1    
144:  0.135 0.220 0.021 0.064 0.218 0.322 0.020 1    
145:  0.166 0.289 0.018 0.107 0.071 0.296 0.053 1    
146:  0.058 0.142 0.012 0.067 0.477 0.222 0.022 1    
147:  0.034 0.146 0.020 0.080 0.550 0.152 0.018 1    
148:  0.109 0.093 0.010 0.124 0.427 0.143 0.093 1    
149:  0.057 0.216 0.176 0.154 0.103 0.161 0.134 1    
150:  0.126 0.157 0.051 0.137 0.252 0.158 0.119 1    
151:  0.014 0.056 0.006 0.052 0.034 0.044 0.794 1    
152:  0.118 0.098 0.013 0.057 0.088 0.147 0.479 1    
153:  0.027 0.138 0.041 0.216 0.048 0.143 0.387 1    
154:  0.053 0.254 0.013 0.394 0.083 0.143 0.060 1    
155:  0.038 0.245 0.015 0.211 0.071 0.265 0.154 1    
156:  0.075 0.185 0.018 0.279 0.158 0.203 0.083 1    
157:  0.017 0.158 0.012 0.093 0.064 0.100 0.556 1    
158:  0.119 0.275 0.014 0.122 0.116 0.331 0.024 1    
159:  0.188 0.166 0.013 0.098 0.245 0.275 0.015 1    
160:  0.079 0.180 0.013 0.194 0.216 0.214 0.105 1    
161:  0.203 0.148 0.009 0.223 0.094 0.152 0.172 1    
162:  0.353 0.142 0.032 0.067 0.142 0.195 0.069 1    
163:  0.262 0.100 0.016 0.059 0.091 0.182 0.289 1    
164:  0.043 0.241 0.015 0.352 0.113 0.182 0.054 1    
165:  0.283 0.159 0.005 0.190 0.111 0.152 0.099 1    
166:  0.104 0.191 0.034 0.188 0.183 0.260 0.040 1    
167:  0.017 0.114 0.285 0.184 0.045 0.134 0.221 1    
168:  0.143 0.203 0.008 0.280 0.079 0.239 0.048 1    
                          
                          
1:    0.161 0.008 0.143 0.137 0.157 0.156 0.239 1    
2:    0.208 0.008 0.275 0.097 0.055 0.081 0.276 1    
3:    0.192 0.006 0.272 0.125 0.050 0.165 0.190 1    
4:    0.152 0.026 0.127 0.230 0.180 0.232 0.053 1    
5:    0.053 0.008 0.267 0.095 0.052 0.086 0.438 1    
6:    0.261 0.006 0.223 0.102 0.153 0.042 0.213 1    
7:    0.134 0.013 0.117 0.204 0.195 0.200 0.137 1    
8:    0.268 0.039 0.079 0.118 0.263 0.123 0.110 1    
9:    0.274 0.006 0.111 0.112 0.238 0.060 0.200 1    
10:   0.274 0.008 0.105 0.121 0.217 0.072 0.203 1    
11:   0.050 0.005 0.218 0.105 0.141 0.129 0.351 1    
12:   0.156 0.014 0.257 0.114 0.103 0.083 0.273 1    
13:   0.174 0.005 0.102 0.171 0.289 0.166 0.094 1    
14:   0.112 0.013 0.132 0.187 0.270 0.149 0.137 1    
15:   0.151 0.022 0.162 0.158 0.175 0.194 0.139 1    
16:   0.130 0.010 0.152 0.158 0.213 0.150 0.187 1    
17:   0.120 0.015 0.140 0.279 0.200 0.172 0.073 1    
18:   0.126 0.041 0.186 0.182 0.096 0.257 0.112 1    
19:   0.135 0.011 0.178 0.215 0.164 0.137 0.159 1    
20:   0.144 0.013 0.094 0.194 0.259 0.154 0.142 1    
21:   0.286 0.009 0.182 0.126 0.153 0.113 0.132 1    
22:   0.248 0.006 0.080 0.273 0.221 0.143 0.028 1    
23:   0.081 0.031 0.235 0.137 0.070 0.209 0.237 1    
24:   0.080 0.013 0.200 0.209 0.111 0.255 0.133 1    
25:   0.146 0.015 0.121 0.175 0.146 0.306 0.091 1    
26:   0.075 0.009 0.323 0.124 0.054 0.136 0.280 1    
27:   0.139 0.007 0.163 0.206 0.148 0.139 0.198 1    
28:   0.189 0.033 0.141 0.145 0.178 0.130 0.185 1    
29:   0.137 0.042 0.161 0.283 0.123 0.195 0.059 1    
30:   0.063 0.012 0.354 0.069 0.024 0.077 0.401 1    
31:   0.224 0.007 0.117 0.277 0.159 0.138 0.076 1    
32:   0.067 0.036 0.262 0.124 0.080 0.215 0.215 1    
33:   0.187 0.029 0.166 0.168 0.176 0.170 0.104 1    
34:   0.218 0.007 0.137 0.206 0.180 0.146 0.105 1    
35:   0.148 0.093 0.148 0.170 0.125 0.215 0.101 1    
36:   0.210 0.017 0.119 0.222 0.138 0.190 0.105 1    
37:   0.218 0.009 0.091 0.180 0.285 0.165 0.051 1    
38:   0.149 0.247 0.085 0.118 0.177 0.149 0.075 1    
39:   0.181 0.010 0.200 0.255 0.082 0.182 0.091 1    
40:   0.107 0.026 0.160 0.186 0.205 0.207 0.110 1    
41:   0.182 0.020 0.136 0.192 0.177 0.157 0.135 1    
42:   0.160 0.010 0.128 0.257 0.181 0.240 0.024 1    
43:   0.101 0.006 0.188 0.173 0.129 0.305 0.098 1    
44:   0.193 0.013 0.101 0.192 0.292 0.150 0.060 1    
45:   0.174 0.074 0.135 0.164 0.216 0.171 0.067 1    
46:   0.046 0.009 0.254 0.104 0.039 0.150 0.399 1    
47:   0.021 0.006 0.353 0.057 0.011 0.023 0.528 1    
48:   0.013 0.005 0.352 0.059 0.009 0.024 0.538 1    
49:   0.236 0.017 0.138 0.209 0.128 0.174 0.098 1    
50:   0.020 0.004 0.338 0.059 0.017 0.039 0.524 1    
51:   0.199 0.009 0.148 0.179 0.218 0.202 0.045 1    
52:   0.098 0.264 0.144 0.122 0.106 0.202 0.064 1    
53:   0.210 0.014 0.159 0.128 0.171 0.176 0.142 1    
54:   0.022 0.016 0.321 0.054 0.029 0.038 0.520 1    
55:   0.220 0.009 0.118 0.252 0.196 0.128 0.077 1    
56:   0.179 0.014 0.140 0.182 0.240 0.137 0.107 1    
57:   0.248 0.006 0.079 0.126 0.253 0.096 0.192 1    
58:   0.146 0.037 0.170 0.158 0.154 0.201 0.134 1    
59:   0.190 0.128 0.126 0.181 0.127 0.180 0.068 1    
60:   0.336 0.015 0.051 0.142 0.273 0.151 0.032 1    
61:   0.470 0.005 0.023 0.126 0.327 0.030 0.018 1    
62:   0.119 0.013 0.127 0.159 0.276 0.148 0.159 1    
63:   0.149 0.008 0.190 0.310 0.075 0.145 0.123 1    
64:   0.175 0.008 0.202 0.242 0.127 0.139 0.106 1    
65:   0.073 0.036 0.208 0.205 0.052 0.272 0.154 1    
66:   0.098 0.013 0.131 0.192 0.086 0.454 0.027 1    
67:   0.126 0.015 0.152 0.213 0.137 0.232 0.126 1    
68:   0.168 0.018 0.157 0.178 0.225 0.162 0.091 1    
69:   0.144 0.036 0.150 0.181 0.136 0.275 0.078 1    
70:   0.431 0.007 0.034 0.117 0.315 0.052 0.043 1    
71:   0.283 0.014 0.106 0.246 0.200 0.103 0.049 1    
72:   0.097 0.097 0.144 0.207 0.117 0.265 0.072 1    
73:   0.079 0.006 0.205 0.199 0.084 0.269 0.158 1    
74:   0.072 0.049 0.154 0.186 0.160 0.212 0.167 1    
75:   0.057 0.009 0.160 0.203 0.151 0.188 0.230 1    
76:   0.158 0.008 0.216 0.177 0.058 0.196 0.187 1    
77:   0.315 0.021 0.068 0.120 0.269 0.073 0.134 1    
78:   0.179 0.017 0.165 0.136 0.137 0.195 0.172 1    
79:   0.135 0.015 0.206 0.193 0.084 0.269 0.098 1    
80:   0.060 0.005 0.309 0.144 0.032 0.134 0.316 1    
81:   0.207 0.007 0.114 0.113 0.166 0.094 0.300 1    
82:   0.240 0.008 0.077 0.130 0.246 0.071 0.228 1    
83:   0.245 0.005 0.068 0.105 0.211 0.076 0.290 1    
84:   0.124 0.016 0.219 0.147 0.129 0.154 0.212 1    
85:   0.180 0.009 0.110 0.247 0.135 0.235 0.084 1    
86:   0.108 0.007 0.177 0.192 0.069 0.177 0.269 1    
87:   0.194 0.008 0.212 0.163 0.108 0.108 0.206 1    
88:   0.229 0.025 0.114 0.130 0.169 0.084 0.250 1    
89:   0.072 0.012 0.251 0.169 0.110 0.204 0.182 1    
90:   0.103 0.011 0.179 0.198 0.056 0.383 0.070 1    
91:   0.227 0.045 0.078 0.105 0.227 0.102 0.217 1    
92:   0.219 0.011 0.107 0.129 0.286 0.142 0.107 1    
93:   0.273 0.021 0.099 0.164 0.237 0.145 0.061 1    
94:   0.294 0.013 0.068 0.098 0.285 0.069 0.173 1    
95:   0.147 0.007 0.185 0.195 0.110 0.227 0.128 1    
96:   0.178 0.011 0.128 0.156 0.186 0.156 0.185 1    
97:   0.118 0.047 0.200 0.146 0.119 0.197 0.174 1    
98:   0.070 0.014 0.253 0.172 0.037 0.215 0.239 1    
99:   0.092 0.079 0.135 0.212 0.161 0.218 0.104 1    
100:  0.070 0.025 0.221 0.193 0.031 0.249 0.212 1    
101:  0.216 0.025 0.155 0.150 0.157 0.169 0.129 1    
102:  0.197 0.009 0.095 0.162 0.262 0.147 0.129 1    
103:  0.465 0.004 0.031 0.104 0.330 0.038 0.028 1    
104:  0.091 0.004 0.281 0.203 0.098 0.198 0.126 1    
105:  0.437 0.063 0.028 0.104 0.313 0.035 0.020 1    
106:  0.136 0.023 0.134 0.177 0.222 0.177 0.131 1    
107:  0.192 0.017 0.110 0.176 0.278 0.161 0.065 1    
108:  0.091 0.015 0.314 0.094 0.077 0.135 0.275 1    
109:  0.088 0.057 0.160 0.176 0.187 0.166 0.165 1    
110:  0.121 0.046 0.178 0.165 0.132 0.166 0.192 1    
111:  0.150 0.096 0.128 0.123 0.199 0.171 0.133 1    
112:  0.456 0.027 0.020 0.096 0.345 0.027 0.029 1    
113:  0.118 0.406 0.068 0.110 0.123 0.121 0.054 1    
114:  0.260 0.012 0.121 0.192 0.216 0.136 0.062 1    
115:  0.399 0.102 0.021 0.094 0.328 0.040 0.016 1    
116:  0.007 0.963 0.006 0.006 0.007 0.006 0.006 1    
117:  0.012 0.921 0.013 0.014 0.014 0.015 0.011 1    
118:  0.006 0.962 0.006 0.007 0.007 0.006 0.006 1    
119:  0.009 0.945 0.007 0.009 0.009 0.011 0.010 1    
120:  0.005 0.968 0.006 0.005 0.005 0.005 0.006 1    
121:  0.006 0.964 0.005 0.006 0.007 0.007 0.005 1    
122:  0.008 0.957 0.006 0.006 0.009 0.008 0.006 1    
123:  0.014 0.923 0.012 0.014 0.014 0.012 0.010 1    
124:  0.006 0.966 0.005 0.006 0.005 0.005 0.006 1    
125:  0.004 0.975 0.004 0.005 0.004 0.005 0.004 1    
126:  0.124 0.014 0.216 0.181 0.101 0.194 0.171 1    
127:  0.214 0.017 0.120 0.214 0.148 0.162 0.126 1    
128:  0.123 0.013 0.146 0.237 0.131 0.249 0.101 1    
129:  0.099 0.098 0.127 0.201 0.130 0.242 0.102 1    
130:  0.101 0.005 0.166 0.223 0.148 0.218 0.139 1    
131:  0.169 0.012 0.185 0.214 0.141 0.189 0.090 1    
132:  0.355 0.036 0.061 0.132 0.232 0.082 0.102 1    
133:  0.472 0.015 0.033 0.077 0.342 0.038 0.023 1    
134:  0.128 0.014 0.116 0.218 0.268 0.200 0.056 1    
135:  0.107 0.095 0.138 0.156 0.286 0.172 0.045 1    
136:  0.152 0.015 0.163 0.177 0.276 0.148 0.068 1    
137:  0.174 0.007 0.202 0.133 0.133 0.101 0.250 1    
138:  0.136 0.010 0.192 0.173 0.186 0.180 0.124 1    
139:  0.034 0.016 0.169 0.161 0.244 0.199 0.178 1    
140:  0.101 0.010 0.180 0.210 0.082 0.329 0.090 1    
141:  0.121 0.010 0.153 0.176 0.172 0.168 0.200 1    
142:  0.057 0.010 0.269 0.141 0.067 0.133 0.324 1    
143:  0.193 0.046 0.102 0.205 0.151 0.242 0.061 1    
144:  0.083 0.019 0.160 0.187 0.131 0.328 0.093 1    
145:  0.066 0.014 0.174 0.161 0.062 0.330 0.192 1    
146:  0.073 0.014 0.168 0.152 0.188 0.234 0.171 1    
147:  0.082 0.021 0.175 0.169 0.247 0.169 0.137 1    
148:  0.097 0.009 0.109 0.140 0.242 0.191 0.212 1    
149:  0.138 0.147 0.145 0.129 0.123 0.173 0.144 1    
150:  0.144 0.055 0.172 0.177 0.125 0.161 0.166 1    
151:  0.404 0.007 0.052 0.122 0.341 0.052 0.023 1    
152:  0.219 0.013 0.132 0.142 0.182 0.113 0.198 1    
153:  0.212 0.033 0.120 0.165 0.211 0.093 0.165 1    
154:  0.156 0.015 0.134 0.214 0.176 0.180 0.125 1    
155:  0.177 0.015 0.083 0.225 0.210 0.203 0.085 1    
156:  0.138 0.018 0.133 0.289 0.148 0.142 0.133 1    
157:  0.344 0.014 0.061 0.104 0.313 0.088 0.076 1    
158:  0.074 0.018 0.227 0.200 0.061 0.322 0.099 1    
159:  0.051 0.012 0.182 0.223 0.095 0.243 0.194 1    
160:  0.211 0.015 0.151 0.184 0.212 0.159 0.068 1    
161:  0.126 0.007 0.136 0.139 0.105 0.174 0.313 1    
162:  0.118 0.043 0.181 0.171 0.067 0.158 0.263 1    
163:  0.126 0.017 0.175 0.170 0.087 0.133 0.292 1    
164:  0.156 0.014 0.147 0.162 0.176 0.190 0.156 1    
165:  0.143 0.005 0.209 0.155 0.114 0.152 0.222 1    
166:  0.122 0.032 0.172 0.209 0.124 0.262 0.079 1    
167:  0.141 0.240 0.074 0.116 0.167 0.124 0.137 1    
168:  0.114 0.008 0.234 0.184 0.077 0.263 0.121 1    
                          
                          
1:    0.140 0.224 0.007 0.134 0.162 0.189 0.143 1    
2:    0.067 0.053 0.008 0.361 0.032 0.443 0.036 1    
3:    0.122 0.055 0.005 0.342 0.052 0.381 0.043 1    
4:    0.211 0.101 0.027 0.065 0.094 0.056 0.446 1    
5:    0.072 0.057 0.009 0.387 0.045 0.399 0.032 1    
6:    0.027 0.062 0.007 0.252 0.069 0.520 0.064 1    
7:    0.189 0.108 0.013 0.142 0.134 0.108 0.307 1    
8:    0.152 0.091 0.034 0.067 0.225 0.231 0.199 1    
9:    0.130 0.187 0.007 0.122 0.275 0.219 0.060 1    
10:   0.116 0.187 0.007 0.145 0.252 0.233 0.060 1    
11:   0.088 0.175 0.005 0.501 0.076 0.085 0.070 1    
12:   0.078 0.071 0.016 0.415 0.104 0.295 0.022 1    
13:   0.123 0.210 0.005 0.096 0.114 0.147 0.306 1    
14:   0.186 0.179 0.014 0.139 0.085 0.154 0.243 1    
15:   0.231 0.195 0.018 0.190 0.136 0.129 0.101 1    
16:   0.136 0.230 0.010 0.159 0.066 0.270 0.130 1    
17:   0.215 0.134 0.016 0.109 0.126 0.080 0.321 1    
18:   0.234 0.126 0.048 0.188 0.142 0.161 0.101 1    
19:   0.115 0.128 0.010 0.069 0.080 0.249 0.348 1    
20:   0.109 0.297 0.011 0.080 0.074 0.163 0.265 1    
21:   0.119 0.093 0.012 0.153 0.225 0.320 0.076 1    
22:   0.089 0.049 0.006 0.011 0.080 0.018 0.748 1    
23:   0.159 0.074 0.040 0.330 0.102 0.255 0.039 1    
24:   0.330 0.204 0.010 0.121 0.150 0.041 0.143 1    
25:   0.284 0.214 0.014 0.121 0.212 0.041 0.116 1    
26:   0.082 0.046 0.011 0.537 0.038 0.249 0.038 1    
27:   0.084 0.158 0.006 0.088 0.069 0.278 0.317 1    
28:   0.126 0.158 0.040 0.119 0.192 0.266 0.098 1    
29:   0.154 0.108 0.051 0.063 0.160 0.062 0.402 1    
30:   0.083 0.016 0.011 0.394 0.048 0.420 0.028 1    
31:   0.093 0.056 0.006 0.016 0.059 0.069 0.702 1    
32:   0.174 0.061 0.041 0.390 0.099 0.193 0.042 1    
33:   0.208 0.098 0.028 0.058 0.097 0.021 0.490 1    
34:   0.114 0.143 0.008 0.097 0.138 0.091 0.409 1    
35:   0.188 0.123 0.111 0.283 0.123 0.073 0.099 1    
36:   0.220 0.101 0.015 0.050 0.305 0.178 0.131 1    
37:   0.123 0.211 0.009 0.079 0.141 0.044 0.393 1    
38:   0.132 0.156 0.258 0.072 0.140 0.135 0.106 1    
39:   0.211 0.113 0.009 0.099 0.151 0.199 0.218 1    
40:   0.206 0.093 0.030 0.124 0.136 0.172 0.240 1    
41:   0.232 0.256 0.024 0.103 0.104 0.096 0.184 1    
42:   0.176 0.093 0.010 0.060 0.181 0.048 0.432 1    
43:   0.277 0.145 0.008 0.196 0.172 0.098 0.104 1    
44:   0.240 0.174 0.013 0.119 0.092 0.065 0.296 1    
45:   0.148 0.138 0.065 0.080 0.094 0.083 0.392 1    
46:   0.134 0.122 0.010 0.275 0.086 0.338 0.035 1    
47:   0.012 0.016 0.005 0.611 0.009 0.336 0.011 1    
48:   0.016 0.014 0.006 0.609 0.014 0.330 0.012 1    
49:   0.137 0.072 0.012 0.032 0.060 0.022 0.666 1    
50:   0.033 0.027 0.005 0.574 0.041 0.309 0.012 1    
51:   0.208 0.172 0.011 0.131 0.155 0.080 0.243 1    
52:   0.174 0.143 0.251 0.146 0.150 0.045 0.091 1    
53:   0.199 0.256 0.013 0.108 0.148 0.084 0.191 1    
54:   0.026 0.041 0.015 0.585 0.022 0.301 0.009 1    
55:   0.058 0.065 0.006 0.014 0.054 0.027 0.775 1    
56:   0.171 0.122 0.014 0.158 0.054 0.053 0.428 1    
57:   0.125 0.240 0.006 0.043 0.281 0.183 0.123 1    
58:   0.174 0.150 0.041 0.160 0.149 0.111 0.215 1    
59:   0.172 0.116 0.146 0.080 0.227 0.138 0.123 1    
60:   0.126 0.076 0.015 0.039 0.385 0.322 0.037 1    
61:   0.022 0.039 0.005 0.027 0.485 0.388 0.035 1    
62:   0.216 0.182 0.015 0.070 0.162 0.021 0.335 1    
63:   0.220 0.202 0.008 0.097 0.112 0.084 0.277 1    
64:   0.157 0.201 0.008 0.096 0.085 0.099 0.354 1    
65:   0.228 0.201 0.036 0.234 0.191 0.056 0.054 1    
66:   0.498 0.122 0.015 0.083 0.198 0.024 0.060 1    
67:   0.242 0.206 0.019 0.116 0.150 0.060 0.208 1    
68:   0.163 0.109 0.018 0.091 0.109 0.040 0.470 1    
69:   0.241 0.132 0.035 0.121 0.226 0.119 0.127 1    
70:   0.060 0.046 0.006 0.030 0.405 0.418 0.035 1    
71:   0.047 0.098 0.009 0.041 0.078 0.029 0.698 1    
72:   0.240 0.156 0.112 0.082 0.164 0.089 0.157 1    
73:   0.265 0.149 0.007 0.164 0.112 0.191 0.113 1    
74:   0.195 0.321 0.040 0.204 0.146 0.054 0.041 1    
75:   0.189 0.250 0.010 0.343 0.113 0.024 0.072 1    
76:   0.168 0.113 0.007 0.320 0.132 0.131 0.129 1    
77:   0.096 0.144 0.017 0.046 0.360 0.289 0.049 1    
78:   0.132 0.215 0.014 0.260 0.172 0.131 0.076 1    
79:   0.231 0.104 0.016 0.168 0.149 0.158 0.175 1    
80:   0.170 0.142 0.006 0.420 0.103 0.092 0.068 1    
81:   0.083 0.309 0.007 0.058 0.248 0.206 0.089 1    
82:   0.123 0.286 0.008 0.048 0.234 0.221 0.081 1    
83:   0.110 0.302 0.005 0.051 0.268 0.188 0.076 1    
84:   0.200 0.213 0.015 0.236 0.185 0.044 0.106 1    
85:   0.184 0.076 0.010 0.055 0.084 0.029 0.563 1    
86:   0.109 0.130 0.008 0.173 0.119 0.372 0.089 1    
87:   0.145 0.104 0.008 0.303 0.119 0.232 0.088 1    
88:   0.111 0.222 0.029 0.093 0.262 0.204 0.079 1    
89:   0.147 0.231 0.013 0.423 0.103 0.044 0.039 1    
90:   0.318 0.117 0.015 0.176 0.176 0.055 0.142 1    
91:   0.133 0.312 0.052 0.093 0.206 0.139 0.066 1    
92:   0.125 0.297 0.009 0.106 0.139 0.090 0.234 1    
93:   0.098 0.085 0.018 0.050 0.184 0.151 0.414 1    
94:   0.127 0.146 0.011 0.038 0.293 0.198 0.188 1    
95:   0.241 0.148 0.007 0.168 0.149 0.087 0.199 1    
96:   0.157 0.249 0.011 0.250 0.161 0.083 0.090 1    
97:   0.163 0.101 0.057 0.299 0.129 0.179 0.073 1    
98:   0.269 0.107 0.013 0.249 0.163 0.168 0.031 1    
99:   0.158 0.129 0.092 0.145 0.222 0.099 0.156 1    
100:  0.318 0.105 0.023 0.190 0.157 0.143 0.063 1    
101:  0.194 0.188 0.022 0.110 0.222 0.180 0.086 1    
102:  0.197 0.115 0.008 0.046 0.171 0.092 0.370 1    
103:  0.057 0.057 0.004 0.028 0.464 0.359 0.031 1    
104:  0.205 0.149 0.004 0.266 0.110 0.180 0.087 1    
105:  0.040 0.057 0.042 0.028 0.458 0.363 0.011 1    
106:  0.215 0.218 0.024 0.158 0.168 0.053 0.164 1    
107:  0.164 0.220 0.014 0.099 0.184 0.098 0.222 1    
108:  0.080 0.041 0.018 0.464 0.023 0.345 0.029 1    
109:  0.245 0.222 0.051 0.150 0.123 0.032 0.177 1    
110:  0.172 0.224 0.038 0.215 0.141 0.146 0.063 1    
111:  0.157 0.306 0.102 0.137 0.150 0.084 0.064 1    
112:  0.025 0.039 0.031 0.019 0.474 0.379 0.032 1    
113:  0.132 0.092 0.407 0.043 0.129 0.038 0.158 1    
114:  0.168 0.173 0.012 0.110 0.186 0.110 0.242 1    
115:  0.045 0.070 0.101 0.041 0.412 0.312 0.019 1    
116:  0.007 0.007 0.959 0.006 0.006 0.007 0.007 1    
117:  0.014 0.012 0.927 0.010 0.014 0.012 0.012 1    
118:  0.006 0.006 0.967 0.005 0.006 0.006 0.006 1    
119:  0.010 0.010 0.944 0.007 0.009 0.011 0.008 1    
120:  0.006 0.006 0.968 0.005 0.005 0.006 0.005 1    
121:  0.006 0.006 0.966 0.005 0.006 0.006 0.005 1    
122:  0.007 0.008 0.956 0.006 0.007 0.008 0.007 1    
123:  0.009 0.010 0.931 0.012 0.011 0.014 0.012 1    
124:  0.007 0.005 0.964 0.006 0.006 0.006 0.006 1    
125:  0.005 0.004 0.975 0.004 0.005 0.004 0.004 1    
126:  0.197 0.168 0.016 0.219 0.147 0.126 0.128 1    
127:  0.182 0.135 0.016 0.122 0.201 0.141 0.202 1    
128:  0.290 0.262 0.013 0.048 0.174 0.048 0.166 1    
129:  0.273 0.247 0.100 0.065 0.196 0.043 0.077 1    
130:  0.219 0.209 0.005 0.140 0.170 0.143 0.114 1    
131:  0.228 0.209 0.012 0.114 0.146 0.034 0.257 1    
132:  0.097 0.124 0.047 0.045 0.352 0.289 0.046 1    
133:  0.058 0.047 0.016 0.053 0.451 0.360 0.016 1    
134:  0.206 0.254 0.020 0.122 0.107 0.111 0.180 1    
135:  0.124 0.220 0.093 0.101 0.086 0.083 0.293 1    
136:  0.117 0.160 0.013 0.070 0.138 0.121 0.381 1    
137:  0.087 0.138 0.008 0.135 0.154 0.360 0.118 1    
138:  0.176 0.270 0.014 0.135 0.167 0.091 0.147 1    
139:  0.178 0.312 0.016 0.292 0.106 0.064 0.032 1    
140:  0.303 0.189 0.008 0.109 0.124 0.148 0.120 1    
141:  0.205 0.252 0.012 0.102 0.136 0.117 0.176 1    
142:  0.111 0.121 0.009 0.449 0.074 0.151 0.085 1    
143:  0.319 0.100 0.050 0.059 0.176 0.036 0.259 1    
144:  0.267 0.187 0.020 0.192 0.149 0.079 0.105 1    
145:  0.287 0.203 0.019 0.199 0.190 0.043 0.059 1    
146:  0.147 0.293 0.015 0.262 0.130 0.133 0.021 1    
147:  0.147 0.337 0.021 0.232 0.085 0.142 0.036 1    
148:  0.141 0.359 0.008 0.162 0.095 0.206 0.030 1    
149:  0.281 0.146 0.150 0.078 0.183 0.067 0.096 1    
150:  0.137 0.216 0.059 0.181 0.170 0.112 0.125 1    
151:  0.055 0.062 0.007 0.023 0.439 0.380 0.034 1    
152:  0.165 0.194 0.013 0.127 0.234 0.159 0.107 1    
153:  0.141 0.141 0.032 0.040 0.222 0.165 0.259 1    
154:  0.180 0.181 0.015 0.085 0.158 0.086 0.295 1    
155:  0.236 0.228 0.015 0.066 0.213 0.083 0.159 1    
156:  0.190 0.125 0.023 0.067 0.161 0.077 0.356 1    
157:  0.150 0.200 0.011 0.047 0.327 0.175 0.091 1    
158:  0.361 0.094 0.014 0.236 0.171 0.048 0.076 1    
159:  0.253 0.182 0.010 0.287 0.133 0.053 0.082 1    
160:  0.178 0.158 0.011 0.105 0.189 0.091 0.268 1    
161:  0.197 0.236 0.008 0.182 0.158 0.145 0.074 1    
162:  0.156 0.157 0.045 0.275 0.098 0.174 0.094 1    
163:  0.146 0.186 0.017 0.276 0.168 0.137 0.070 1    
164:  0.256 0.202 0.018 0.064 0.164 0.054 0.243 1    
165:  0.134 0.105 0.005 0.206 0.151 0.141 0.258 1    
166:  0.239 0.129 0.034 0.178 0.152 0.115 0.154 1    
167:  0.144 0.173 0.240 0.046 0.127 0.105 0.165 1    
168:  0.234 0.178 0.009 0.185 0.173 0.116 0.105 1    
                          
                          
1:    0.148 0.170 0.072 0.008 0.285 0.174 0.144 1    
2:    0.083 0.042 0.669 0.007 0.042 0.085 0.071 1    
3:    0.179 0.070 0.525 0.005 0.037 0.129 0.055 1    
4:    0.152 0.099 0.041 0.024 0.028 0.252 0.404 1    
5:    0.067 0.062 0.695 0.009 0.014 0.065 0.087 1    
6:    0.053 0.051 0.542 0.007 0.153 0.068 0.126 1    
7:    0.199 0.202 0.111 0.010 0.141 0.199 0.138 1    
8:    0.092 0.104 0.029 0.038 0.472 0.160 0.105 1    
9:    0.045 0.067 0.073 0.008 0.721 0.051 0.034 1    
10:   0.064 0.079 0.058 0.007 0.713 0.043 0.037 1    
11:   0.087 0.192 0.472 0.006 0.021 0.099 0.123 1    
12:   0.084 0.060 0.638 0.015 0.050 0.058 0.095 1    
13:   0.122 0.241 0.035 0.004 0.072 0.173 0.353 1    
14:   0.145 0.142 0.258 0.015 0.030 0.136 0.274 1    
15:   0.218 0.194 0.131 0.025 0.064 0.185 0.184 1    
16:   0.128 0.242 0.212 0.008 0.040 0.119 0.250 1    
17:   0.178 0.149 0.147 0.015 0.019 0.222 0.270 1    
18:   0.233 0.086 0.233 0.051 0.063 0.191 0.143 1    
19:   0.160 0.235 0.128 0.008 0.023 0.229 0.218 1    
20:   0.117 0.346 0.029 0.011 0.084 0.167 0.246 1    
21:   0.130 0.079 0.262 0.010 0.248 0.155 0.117 1    
22:   0.090 0.207 0.012 0.005 0.014 0.363 0.309 1    
23:   0.177 0.087 0.406 0.035 0.084 0.131 0.079 1    
24:   0.270 0.187 0.128 0.012 0.036 0.230 0.137 1    
25:   0.328 0.191 0.034 0.015 0.020 0.252 0.159 1    
26:   0.134 0.080 0.608 0.009 0.017 0.094 0.057 1    
27:   0.132 0.224 0.168 0.006 0.027 0.180 0.262 1    
28:   0.122 0.099 0.140 0.029 0.395 0.108 0.106 1    
29:   0.225 0.151 0.044 0.043 0.080 0.253 0.204 1    
30:   0.097 0.021 0.772 0.015 0.026 0.031 0.038 1    
31:   0.102 0.157 0.021 0.007 0.067 0.302 0.344 1    
32:   0.137 0.089 0.516 0.042 0.019 0.113 0.084 1    
33:   0.164 0.278 0.027 0.020 0.020 0.308 0.184 1    
34:   0.157 0.126 0.084 0.006 0.089 0.220 0.318 1    
35:   0.180 0.116 0.172 0.160 0.076 0.139 0.158 1    
36:   0.238 0.103 0.066 0.016 0.288 0.151 0.138 1    
37:   0.117 0.344 0.023 0.010 0.028 0.208 0.270 1    
38:   0.115 0.140 0.025 0.286 0.200 0.134 0.100 1    
39:   0.213 0.127 0.141 0.009 0.069 0.204 0.237 1    
40:   0.260 0.168 0.167 0.021 0.012 0.236 0.136 1    
41:   0.162 0.360 0.039 0.016 0.057 0.184 0.183 1    
42:   0.195 0.183 0.011 0.009 0.026 0.322 0.254 1    
43:   0.267 0.166 0.118 0.008 0.012 0.217 0.212 1    
44:   0.159 0.335 0.057 0.012 0.050 0.191 0.196 1    
45:   0.171 0.140 0.030 0.066 0.037 0.268 0.289 1    
46:   0.130 0.104 0.526 0.009 0.040 0.102 0.089 1    
47:   0.026 0.017 0.893 0.006 0.006 0.023 0.030 1    
48:   0.014 0.011 0.935 0.007 0.007 0.016 0.011 1    
49:   0.171 0.174 0.024 0.013 0.016 0.339 0.263 1    
50:   0.066 0.028 0.800 0.004 0.014 0.067 0.020 1    
51:   0.167 0.352 0.028 0.009 0.069 0.186 0.189 1    
52:   0.145 0.101 0.124 0.289 0.069 0.141 0.131 1    
53:   0.102 0.291 0.063 0.013 0.120 0.142 0.268 1    
54:   0.039 0.048 0.829 0.009 0.014 0.044 0.019 1    
55:   0.055 0.146 0.009 0.008 0.045 0.359 0.378 1    
56:   0.131 0.237 0.163 0.013 0.017 0.158 0.282 1    
57:   0.120 0.177 0.018 0.005 0.552 0.054 0.072 1    
58:   0.209 0.144 0.096 0.037 0.185 0.180 0.150 1    
59:   0.223 0.097 0.033 0.139 0.146 0.239 0.123 1    
60:   0.166 0.059 0.032 0.016 0.551 0.104 0.072 1    
61:   0.024 0.022 0.015 0.005 0.881 0.030 0.023 1    
62:   0.146 0.344 0.031 0.018 0.020 0.211 0.230 1    
63:   0.179 0.145 0.117 0.010 0.022 0.245 0.283 1    
64:   0.136 0.268 0.070 0.008 0.019 0.214 0.285 1    
65:   0.267 0.141 0.209 0.036 0.024 0.223 0.101 1    
66:   0.600 0.084 0.021 0.014 0.022 0.171 0.089 1    
67:   0.201 0.142 0.028 0.017 0.025 0.250 0.336 1    
68:   0.106 0.259 0.033 0.019 0.073 0.200 0.311 1    
69:   0.237 0.117 0.086 0.034 0.143 0.206 0.177 1    
70:   0.039 0.031 0.036 0.007 0.843 0.023 0.021 1    
71:   0.056 0.222 0.017 0.013 0.058 0.295 0.341 1    
72:   0.286 0.122 0.021 0.094 0.062 0.238 0.178 1    
73:   0.238 0.104 0.305 0.007 0.039 0.174 0.133 1    
74:   0.233 0.361 0.021 0.039 0.071 0.166 0.108 1    
75:   0.233 0.310 0.097 0.009 0.018 0.192 0.141 1    
76:   0.180 0.138 0.241 0.009 0.040 0.227 0.165 1    
77:   0.040 0.094 0.031 0.019 0.728 0.038 0.050 1    
78:   0.190 0.202 0.116 0.017 0.187 0.161 0.127 1    
79:   0.255 0.105 0.217 0.018 0.050 0.229 0.126 1    
80:   0.113 0.146 0.460 0.007 0.036 0.178 0.061 1    
81:   0.085 0.244 0.063 0.007 0.441 0.101 0.058 1    
82:   0.072 0.200 0.023 0.007 0.562 0.068 0.068 1    
83:   0.074 0.241 0.029 0.005 0.545 0.048 0.058 1    
84:   0.227 0.227 0.093 0.018 0.050 0.259 0.125 1    
85:   0.146 0.164 0.040 0.011 0.031 0.304 0.305 1    
86:   0.193 0.142 0.331 0.009 0.054 0.126 0.144 1    
87:   0.118 0.071 0.427 0.008 0.135 0.101 0.140 1    
88:   0.064 0.076 0.080 0.025 0.637 0.040 0.078 1    
89:   0.224 0.197 0.187 0.011 0.019 0.190 0.172 1    
90:   0.414 0.161 0.045 0.012 0.014 0.256 0.098 1    
91:   0.075 0.296 0.038 0.039 0.448 0.054 0.048 1    
92:   0.140 0.237 0.018 0.011 0.147 0.185 0.262 1    
93:   0.094 0.077 0.017 0.020 0.236 0.220 0.336 1    
94:   0.068 0.082 0.014 0.011 0.638 0.063 0.123 1    
95:   0.210 0.241 0.164 0.006 0.030 0.226 0.122 1    
96:   0.124 0.212 0.085 0.012 0.173 0.195 0.199 1    
97:   0.215 0.081 0.336 0.058 0.060 0.125 0.124 1    
98:   0.287 0.102 0.237 0.014 0.015 0.203 0.143 1    
99:   0.223 0.116 0.056 0.078 0.048 0.287 0.193 1    
100:  0.326 0.119 0.138 0.024 0.012 0.189 0.192 1    
101:  0.224 0.139 0.075 0.025 0.226 0.158 0.154 1    
102:  0.130 0.234 0.009 0.008 0.183 0.232 0.203 1    
103:  0.047 0.045 0.027 0.005 0.811 0.028 0.036 1    
104:  0.249 0.144 0.337 0.004 0.014 0.152 0.100 1    
105:  0.029 0.020 0.017 0.064 0.833 0.019 0.019 1    
106:  0.210 0.229 0.078 0.022 0.025 0.186 0.251 1    
107:  0.158 0.299 0.016 0.014 0.090 0.245 0.177 1    
108:  0.082 0.034 0.717 0.021 0.013 0.084 0.048 1    
109:  0.156 0.292 0.063 0.060 0.027 0.247 0.157 1    
110:  0.160 0.162 0.137 0.033 0.148 0.197 0.163 1    
111:  0.146 0.280 0.031 0.100 0.149 0.111 0.183 1    
112:  0.035 0.016 0.013 0.032 0.859 0.023 0.023 1    
113:  0.103 0.161 0.016 0.426 0.028 0.154 0.112 1    
114:  0.167 0.228 0.061 0.013 0.159 0.167 0.205 1    
115:  0.034 0.032 0.012 0.120 0.748 0.023 0.031 1    
116:  0.006 0.007 0.005 0.963 0.005 0.008 0.006 1    
117:  0.010 0.011 0.011 0.932 0.013 0.012 0.011 1    
118:  0.006 0.006 0.005 0.966 0.005 0.006 0.006 1    
119:  0.009 0.010 0.009 0.944 0.012 0.008 0.008 1    
120:  0.005 0.006 0.005 0.968 0.006 0.006 0.005 1    
121:  0.006 0.005 0.006 0.968 0.005 0.005 0.005 1    
122:  0.007 0.008 0.006 0.958 0.007 0.008 0.007 1    
123:  0.012 0.011 0.011 0.930 0.011 0.013 0.011 1    
124:  0.006 0.006 0.005 0.967 0.005 0.006 0.005 1    
125:  0.004 0.005 0.004 0.974 0.004 0.004 0.005 1    
126:  0.181 0.238 0.165 0.011 0.034 0.223 0.148 1    
127:  0.179 0.125 0.044 0.017 0.270 0.171 0.194 1    
128:  0.261 0.263 0.034 0.015 0.077 0.157 0.194 1    
129:  0.247 0.306 0.024 0.093 0.041 0.145 0.144 1    
130:  0.215 0.223 0.137 0.005 0.047 0.200 0.173 1    
131:  0.190 0.327 0.022 0.015 0.033 0.164 0.250 1    
132:  0.045 0.047 0.024 0.048 0.713 0.069 0.054 1    
133:  0.019 0.018 0.031 0.017 0.888 0.016 0.012 1    
134:  0.264 0.105 0.032 0.015 0.017 0.230 0.337 1    
135:  0.143 0.138 0.016 0.078 0.014 0.246 0.366 1    
136:  0.189 0.090 0.045 0.013 0.094 0.213 0.357 1    
137:  0.126 0.092 0.203 0.007 0.301 0.139 0.132 1    
138:  0.168 0.356 0.022 0.010 0.049 0.195 0.200 1    
139:  0.198 0.367 0.039 0.017 0.012 0.203 0.164 1    
140:  0.261 0.093 0.199 0.009 0.035 0.187 0.215 1    
141:  0.233 0.196 0.061 0.011 0.115 0.213 0.171 1    
142:  0.137 0.138 0.399 0.011 0.045 0.157 0.115 1    
143:  0.308 0.122 0.015 0.054 0.051 0.289 0.161 1    
144:  0.379 0.123 0.114 0.021 0.018 0.166 0.179 1    
145:  0.394 0.089 0.146 0.020 0.069 0.189 0.094 1    
146:  0.328 0.332 0.073 0.012 0.025 0.111 0.120 1    
147:  0.173 0.433 0.054 0.022 0.022 0.138 0.157 1    
148:  0.164 0.350 0.097 0.008 0.080 0.138 0.163 1    
149:  0.212 0.129 0.057 0.169 0.146 0.160 0.128 1    
150:  0.150 0.156 0.140 0.048 0.126 0.201 0.179 1    
151:  0.054 0.034 0.011 0.006 0.818 0.042 0.035 1    
152:  0.090 0.117 0.128 0.014 0.492 0.086 0.073 1    
153:  0.094 0.118 0.019 0.035 0.486 0.097 0.152 1    
154:  0.138 0.193 0.040 0.019 0.074 0.273 0.263 1    
155:  0.273 0.167 0.028 0.015 0.181 0.157 0.178 1    
156:  0.179 0.145 0.070 0.020 0.071 0.228 0.288 1    
157:  0.062 0.187 0.018 0.013 0.527 0.088 0.103 1    
158:  0.359 0.095 0.144 0.015 0.024 0.174 0.190 1    
159:  0.318 0.103 0.210 0.013 0.015 0.212 0.128 1    
160:  0.166 0.125 0.100 0.013 0.114 0.191 0.292 1    
161:  0.206 0.153 0.112 0.006 0.156 0.193 0.174 1    
162:  0.095 0.101 0.398 0.039 0.084 0.103 0.181 1    
163:  0.155 0.085 0.320 0.015 0.236 0.093 0.095 1    
164:  0.217 0.230 0.054 0.014 0.037 0.275 0.173 1    
165:  0.180 0.130 0.240 0.005 0.088 0.192 0.164 1    
166:  0.274 0.178 0.072 0.041 0.049 0.240 0.145 1    
167:  0.088 0.132 0.015 0.266 0.251 0.116 0.133 1    
168:  0.238 0.146 0.147 0.008 0.041 0.233 0.187 1    
                          
                          
1:    0.081 0.219 0.007 0.107 0.403 0.071 0.113 1    
2:    0.468 0.265 0.007 0.065 0.063 0.061 0.072 1    
3:    0.449 0.215 0.005 0.061 0.028 0.118 0.124 1    
4:    0.067 0.123 0.026 0.323 0.013 0.250 0.197 1    
5:    0.553 0.152 0.007 0.116 0.027 0.043 0.102 1    
6:    0.381 0.234 0.008 0.040 0.262 0.043 0.032 1    
7:    0.116 0.094 0.013 0.145 0.201 0.252 0.178 1    
8:    0.038 0.053 0.038 0.092 0.393 0.212 0.174 1    
9:    0.115 0.062 0.006 0.039 0.630 0.068 0.080 1    
10:   0.097 0.058 0.008 0.044 0.643 0.083 0.066 1    
11:   0.325 0.211 0.006 0.241 0.021 0.080 0.116 1    
12:   0.492 0.206 0.012 0.060 0.054 0.089 0.088 1    
13:   0.027 0.196 0.004 0.401 0.054 0.090 0.228 1    
14:   0.122 0.153 0.014 0.338 0.017 0.195 0.160 1    
15:   0.159 0.166 0.018 0.195 0.078 0.193 0.189 1    
16:   0.100 0.178 0.009 0.383 0.043 0.063 0.224 1    
17:   0.146 0.136 0.015 0.237 0.013 0.284 0.169 1    
18:   0.236 0.059 0.053 0.136 0.058 0.242 0.217 1    
19:   0.108 0.174 0.011 0.254 0.030 0.123 0.301 1    
20:   0.022 0.263 0.011 0.329 0.055 0.054 0.266 1    
21:   0.191 0.175 0.012 0.093 0.286 0.131 0.112 1    
22:   0.020 0.112 0.005 0.208 0.020 0.290 0.345 1    
23:   0.505 0.148 0.034 0.084 0.077 0.080 0.073 1    
24:   0.173 0.146 0.011 0.221 0.031 0.229 0.189 1    
25:   0.067 0.107 0.011 0.235 0.018 0.371 0.191 1    
26:   0.596 0.117 0.009 0.053 0.012 0.123 0.091 1    
27:   0.104 0.193 0.006 0.296 0.034 0.061 0.305 1    
28:   0.193 0.111 0.029 0.080 0.402 0.100 0.085 1    
29:   0.066 0.121 0.044 0.196 0.066 0.257 0.249 1    
30:   0.578 0.235 0.012 0.049 0.036 0.025 0.065 1    
31:   0.037 0.187 0.005 0.223 0.071 0.195 0.282 1    
32:   0.440 0.146 0.032 0.097 0.018 0.152 0.115 1    
33:   0.054 0.177 0.026 0.208 0.029 0.258 0.248 1    
34:   0.064 0.121 0.007 0.264 0.108 0.221 0.217 1    
35:   0.215 0.144 0.140 0.133 0.064 0.162 0.142 1    
36:   0.085 0.109 0.014 0.141 0.315 0.183 0.154 1    
37:   0.032 0.128 0.011 0.219 0.028 0.387 0.195 1    
38:   0.041 0.096 0.250 0.129 0.192 0.161 0.132 1    
39:   0.115 0.225 0.010 0.168 0.074 0.201 0.207 1    
40:   0.093 0.177 0.025 0.278 0.016 0.171 0.239 1    
41:   0.059 0.256 0.017 0.143 0.054 0.241 0.230 1    
42:   0.045 0.079 0.009 0.274 0.023 0.285 0.285 1    
43:   0.176 0.111 0.007 0.263 0.016 0.250 0.177 1    
44:   0.074 0.152 0.012 0.194 0.046 0.329 0.192 1    
45:   0.038 0.132 0.075 0.270 0.036 0.267 0.181 1    
46:   0.529 0.182 0.009 0.072 0.055 0.082 0.071 1    
47:   0.826 0.082 0.004 0.012 0.008 0.023 0.045 1    
48:   0.845 0.093 0.005 0.015 0.006 0.014 0.022 1    
49:   0.047 0.250 0.014 0.133 0.018 0.233 0.304 1    
50:   0.780 0.091 0.004 0.027 0.019 0.037 0.043 1    
51:   0.046 0.126 0.009 0.172 0.092 0.298 0.257 1    
52:   0.136 0.124 0.242 0.134 0.042 0.201 0.122 1    
53:   0.055 0.185 0.014 0.157 0.118 0.316 0.155 1    
54:   0.757 0.106 0.015 0.069 0.015 0.017 0.021 1    
55:   0.014 0.125 0.008 0.229 0.033 0.283 0.308 1    
56:   0.127 0.146 0.013 0.199 0.019 0.323 0.174 1    
57:   0.033 0.118 0.005 0.072 0.638 0.045 0.088 1    
58:   0.148 0.156 0.030 0.154 0.130 0.239 0.144 1    
59:   0.069 0.123 0.138 0.155 0.137 0.174 0.203 1    
60:   0.044 0.093 0.014 0.111 0.491 0.086 0.161 1    
61:   0.021 0.020 0.005 0.023 0.889 0.019 0.022 1    
62:   0.057 0.178 0.015 0.201 0.016 0.307 0.226 1    
63:   0.156 0.159 0.009 0.195 0.018 0.236 0.227 1    
64:   0.088 0.171 0.008 0.196 0.016 0.268 0.253 1    
