1:    0.020 0.050 0.042 0.867 0.021 1    
2:    0.142 0.590 0.152 0.090 0.027 1    
3:    0.037 0.322 0.145 0.360 0.137 1    
4:    0.195 0.309 0.053 0.304 0.139 1    
5:    0.028 0.313 0.607 0.037 0.014 1    
6:    0.047 0.132 0.092 0.694 0.034 1    
7:    0.437 0.327 0.095 0.097 0.045 1    
8:    0.086 0.020 0.825 0.035 0.034 1    
9:    0.079 0.013 0.855 0.020 0.033 1    
10:   0.866 0.038 0.028 0.036 0.032 1    
11:   0.078 0.195 0.438 0.262 0.026 1    
12:   0.088 0.054 0.707 0.070 0.081 1    
13:   0.162 0.043 0.097 0.084 0.614 1    
14:   0.207 0.037 0.596 0.124 0.037 1    
15:   0.086 0.040 0.180 0.067 0.627 1    
16:   0.110 0.043 0.042 0.623 0.183 1    
17:   0.112 0.208 0.578 0.058 0.044 1    
18:   0.057 0.184 0.048 0.077 0.634 1    
19:   0.067 0.632 0.067 0.027 0.209 1    
20:   0.162 0.188 0.165 0.319 0.167 1    
21:   0.033 0.883 0.036 0.018 0.030 1    
22:   0.046 0.728 0.161 0.022 0.043 1    
23:   0.103 0.777 0.036 0.040 0.043 1    
24:   0.111 0.188 0.053 0.528 0.120 1    
25:   0.179 0.171 0.078 0.064 0.508 1    
26:   0.068 0.665 0.038 0.024 0.205 1    
27:   0.133 0.096 0.650 0.042 0.079 1    
28:   0.179 0.603 0.142 0.026 0.050 1    
29:   0.095 0.493 0.187 0.109 0.116 1    
30:   0.101 0.035 0.103 0.122 0.640 1    
31:   0.028 0.895 0.020 0.028 0.029 1    
32:   0.187 0.356 0.131 0.085 0.242 1    
33:   0.149 0.028 0.635 0.152 0.035 1    
34:   0.182 0.383 0.229 0.030 0.176 1    
35:   0.083 0.805 0.069 0.021 0.022 1    
36:   0.209 0.578 0.058 0.054 0.101 1    
37:   0.211 0.039 0.382 0.109 0.259 1    
38:   0.149 0.047 0.758 0.019 0.026 1    
39:   0.156 0.039 0.727 0.039 0.039 1    
40:   0.071 0.043 0.517 0.037 0.332 1    
41:   0.475 0.111 0.275 0.039 0.099 1    
42:   0.201 0.037 0.670 0.058 0.035 1    
43:   0.102 0.061 0.210 0.135 0.492 1    
44:   0.148 0.034 0.216 0.269 0.333 1    
45:   0.020 0.015 0.910 0.040 0.015 1    
46:   0.020 0.023 0.863 0.074 0.020 1    
47:   0.203 0.083 0.495 0.159 0.059 1    
48:   0.040 0.122 0.205 0.212 0.421 1    
49:   0.020 0.021 0.899 0.034 0.026 1    
50:   0.032 0.033 0.055 0.832 0.048 1    
51:   0.017 0.021 0.917 0.020 0.025 1    
52:   0.059 0.083 0.782 0.029 0.047 1    
53:   0.103 0.050 0.746 0.064 0.037 1    
54:   0.011 0.013 0.947 0.014 0.014 1    
55:   0.228 0.095 0.074 0.584 0.018 1    
56:   0.043 0.025 0.041 0.834 0.057 1    
57:   0.056 0.194 0.230 0.266 0.254 1    
58:   0.076 0.143 0.199 0.451 0.131 1    
59:   0.159 0.080 0.191 0.462 0.107 1    
60:   0.089 0.078 0.059 0.707 0.066 1    
61:   0.112 0.057 0.031 0.755 0.045 1    
62:   0.047 0.041 0.040 0.843 0.029 1    
63:   0.024 0.022 0.034 0.884 0.036 1    
64:   0.040 0.019 0.023 0.900 0.018 1    
65:   0.013 0.017 0.934 0.015 0.020 1    
66:   0.063 0.283 0.324 0.178 0.152 1    
67:   0.894 0.016 0.024 0.029 0.037 1    
68:   0.143 0.074 0.029 0.733 0.021 1    
69:   0.775 0.046 0.050 0.054 0.075 1    
70:   0.092 0.426 0.150 0.249 0.083 1    
71:   0.028 0.024 0.486 0.430 0.033 1    
72:   0.081 0.058 0.066 0.753 0.042 1    
73:   0.035 0.034 0.060 0.807 0.064 1    
74:   0.034 0.037 0.856 0.045 0.028 1    
75:   0.049 0.022 0.074 0.828 0.027 1    
76:   0.020 0.022 0.912 0.026 0.020 1    
77:   0.036 0.073 0.782 0.069 0.041 1    
78:   0.032 0.039 0.215 0.635 0.079 1    
79:   0.482 0.112 0.154 0.163 0.089 1    
80:   0.058 0.047 0.717 0.136 0.042 1    
81:   0.024 0.896 0.032 0.014 0.033 1    
82:   0.022 0.023 0.894 0.035 0.026 1    
83:   0.157 0.051 0.052 0.711 0.028 1    
84:   0.034 0.398 0.090 0.449 0.029 1    
85:   0.049 0.074 0.584 0.245 0.049 1    
86:   0.518 0.128 0.127 0.183 0.044 1    
87:   0.016 0.018 0.931 0.015 0.020 1    
88:   0.056 0.020 0.161 0.738 0.024 1    
89:   0.092 0.052 0.688 0.145 0.023 1    
90:   0.150 0.251 0.041 0.471 0.088 1    
91:   0.022 0.029 0.058 0.850 0.041 1    
92:   0.023 0.016 0.895 0.046 0.020 1    
93:   0.026 0.025 0.029 0.887 0.033 1    
94:   0.139 0.095 0.316 0.394 0.056 1    
95:   0.021 0.199 0.714 0.043 0.023 1    
96:   0.072 0.358 0.085 0.105 0.381 1    
97:   0.028 0.044 0.070 0.634 0.224 1    
98:   0.126 0.126 0.285 0.427 0.036 1    
99:   0.047 0.059 0.047 0.766 0.082 1    
100:  0.097 0.049 0.099 0.612 0.144 1    
101:  0.082 0.049 0.375 0.379 0.115 1    
102:  0.056 0.034 0.095 0.669 0.145 1    
103:  0.201 0.117 0.056 0.104 0.522 1    
104:  0.065 0.017 0.830 0.031 0.057 1    
105:  0.309 0.069 0.249 0.247 0.126 1    
106:  0.622 0.037 0.054 0.036 0.252 1    
107:  0.059 0.036 0.293 0.564 0.048 1    
108:  0.023 0.856 0.080 0.022 0.018 1    
109:  0.029 0.071 0.750 0.075 0.075 1    
110:  0.018 0.021 0.040 0.890 0.030 1    
111:  0.046 0.202 0.099 0.616 0.036 1    
112:  0.164 0.290 0.267 0.169 0.110 1    
113:  0.138 0.193 0.571 0.048 0.050 1    
114:  0.281 0.048 0.069 0.517 0.085 1    
115:  0.209 0.407 0.154 0.187 0.043 1    
116:  0.223 0.044 0.666 0.041 0.026 1    
117:  0.041 0.053 0.108 0.651 0.147 1    
118:  0.108 0.065 0.415 0.153 0.259 1    
119:  0.065 0.068 0.332 0.384 0.151 1    
120:  0.058 0.064 0.191 0.625 0.063 1    
121:  0.728 0.039 0.099 0.049 0.084 1    
122:  0.158 0.061 0.438 0.145 0.198 1    
123:  0.062 0.051 0.202 0.594 0.091 1    
124:  0.068 0.076 0.070 0.193 0.594 1    
125:  0.303 0.042 0.476 0.063 0.116 1    
126:  0.129 0.129 0.149 0.313 0.279 1    
127:  0.065 0.457 0.328 0.093 0.057 1    
128:  0.071 0.146 0.081 0.644 0.058 1    
129:  0.046 0.127 0.388 0.312 0.126 1    
130:  0.047 0.510 0.097 0.289 0.056 1    
131:  0.201 0.050 0.459 0.254 0.036 1    
132:  0.360 0.087 0.076 0.417 0.059 1    
133:  0.023 0.908 0.021 0.015 0.033 1    
134:  0.111 0.064 0.723 0.043 0.059 1    
135:  0.136 0.231 0.046 0.305 0.282 1    
136:  0.058 0.659 0.102 0.069 0.112 1    
137:  0.090 0.022 0.233 0.612 0.043 1    
138:  0.469 0.331 0.106 0.055 0.039 1    
139:  0.046 0.040 0.082 0.806 0.027 1    
140:  0.057 0.194 0.154 0.525 0.070 1    
141:  0.087 0.129 0.290 0.423 0.070 1    
142:  0.021 0.016 0.911 0.029 0.022 1    
143:  0.092 0.053 0.155 0.508 0.192 1    
144:  0.039 0.064 0.811 0.047 0.038 1    
145:  0.080 0.047 0.283 0.247 0.342 1    
146:  0.456 0.357 0.032 0.094 0.062 1    
147:  0.570 0.075 0.274 0.039 0.042 1    
148:  0.072 0.836 0.024 0.040 0.028 1    
149:  0.696 0.088 0.112 0.056 0.049 1    
150:  0.325 0.279 0.284 0.034 0.079 1    
151:  0.097 0.033 0.121 0.610 0.139 1    
152:  0.394 0.212 0.090 0.159 0.146 1    
153:  0.033 0.779 0.063 0.043 0.082 1    
154:  0.082 0.067 0.071 0.031 0.748 1    
155:  0.500 0.256 0.074 0.081 0.089 1    
156:  0.272 0.169 0.123 0.198 0.237 1    
157:  0.206 0.049 0.562 0.093 0.089 1    
158:  0.416 0.104 0.068 0.348 0.064 1    
159:  0.238 0.032 0.040 0.558 0.131 1    
160:  0.043 0.038 0.160 0.036 0.722 1    
161:  0.223 0.490 0.125 0.100 0.062 1    
162:  0.123 0.482 0.241 0.054 0.101 1    
163:  0.053 0.081 0.083 0.081 0.702 1    
164:  0.560 0.147 0.130 0.031 0.132 1    
165:  0.053 0.079 0.169 0.195 0.503 1    
166:  0.086 0.068 0.060 0.131 0.655 1    
167:  0.776 0.064 0.099 0.038 0.023 1    
168:  0.177 0.057 0.233 0.233 0.300 1    
169:  0.595 0.046 0.096 0.035 0.228 1    
170:  0.304 0.066 0.130 0.264 0.236 1    
171:  0.464 0.314 0.069 0.077 0.076 1    
172:  0.511 0.266 0.061 0.046 0.116 1    
173:  0.131 0.029 0.044 0.767 0.029 1    
174:  0.230 0.264 0.103 0.057 0.345 1    
175:  0.375 0.034 0.053 0.116 0.423 1    
176:  0.581 0.023 0.226 0.138 0.031 1    
177:  0.595 0.070 0.129 0.080 0.125 1    
178:  0.321 0.316 0.041 0.062 0.261 1    
179:  0.112 0.203 0.198 0.399 0.089 1    
180:  0.479 0.234 0.056 0.103 0.128 1    
181:  0.452 0.054 0.194 0.147 0.152 1    
182:  0.264 0.226 0.198 0.292 0.021 1    
183:  0.187 0.079 0.087 0.197 0.450 1    
184:  0.651 0.124 0.109 0.046 0.070 1    
185:  0.198 0.071 0.043 0.107 0.582 1    
186:  0.182 0.034 0.185 0.565 0.034 1    
187:  0.715 0.080 0.058 0.102 0.044 1    
188:  0.254 0.201 0.087 0.204 0.254 1    
189:  0.134 0.023 0.035 0.026 0.782 1    
190:  0.216 0.230 0.123 0.260 0.170 1    
191:  0.409 0.190 0.103 0.127 0.170 1    
192:  0.191 0.747 0.015 0.025 0.022 1    
193:  0.164 0.715 0.020 0.048 0.053 1    
194:  0.300 0.117 0.094 0.071 0.419 1    
195:  0.087 0.357 0.327 0.144 0.085 1    
196:  0.178 0.283 0.070 0.426 0.044 1    
197:  0.075 0.756 0.090 0.050 0.029 1    
198:  0.477 0.195 0.199 0.061 0.068 1    
199:  0.504 0.162 0.046 0.140 0.148 1    
200:  0.679 0.074 0.159 0.067 0.021 1    
201:  0.053 0.755 0.115 0.029 0.047 1    
202:  0.112 0.604 0.171 0.071 0.041 1    
203:  0.069 0.182 0.367 0.347 0.036 1    
204:  0.338 0.070 0.149 0.267 0.175 1    
205:  0.074 0.076 0.601 0.204 0.045 1    
206:  0.447 0.064 0.173 0.252 0.064 1    
207:  0.038 0.065 0.041 0.808 0.048 1    
208:  0.369 0.159 0.078 0.237 0.158 1    
209:  0.390 0.087 0.388 0.070 0.065 1    
210:  0.091 0.204 0.223 0.460 0.022 1    
211:  0.501 0.209 0.205 0.051 0.035 1    
212:  0.441 0.100 0.247 0.169 0.043 1    
213:  0.594 0.225 0.068 0.076 0.037 1    
214:  0.067 0.312 0.043 0.546 0.032 1    
215:  0.075 0.474 0.074 0.235 0.142 1    
216:  0.424 0.196 0.047 0.184 0.149 1    
217:  0.478 0.203 0.110 0.113 0.096 1    
218:  0.477 0.180 0.055 0.056 0.233 1    
219:  0.564 0.236 0.048 0.070 0.081 1    
220:  0.105 0.225 0.066 0.078 0.526 1    
221:  0.121 0.558 0.272 0.030 0.020 1    
222:  0.100 0.175 0.530 0.080 0.115 1    
223:  0.089 0.083 0.263 0.480 0.086 1    
224:  0.046 0.050 0.301 0.553 0.050 1    
225:  0.032 0.850 0.050 0.027 0.041 1    
226:  0.442 0.044 0.353 0.106 0.055 1    
227:  0.370 0.054 0.107 0.401 0.068 1    
228:  0.583 0.085 0.119 0.044 0.169 1    
229:  0.030 0.019 0.087 0.027 0.837 1    
230:  0.181 0.035 0.282 0.461 0.040 1    
231:  0.102 0.167 0.095 0.170 0.467 1    
232:  0.232 0.107 0.171 0.138 0.352 1    
233:  0.495 0.338 0.096 0.041 0.029 1    
234:  0.072 0.091 0.255 0.265 0.318 1    
235:  0.109 0.571 0.092 0.176 0.052 1    
236:  0.186 0.674 0.083 0.023 0.035 1    
237:  0.449 0.118 0.085 0.256 0.092 1    
238:  0.077 0.016 0.171 0.110 0.626 1    
239:  0.480 0.265 0.038 0.120 0.097 1    
240:  0.386 0.510 0.045 0.029 0.030 1    
241:  0.054 0.452 0.235 0.137 0.121 1    
242:  0.359 0.161 0.214 0.200 0.067 1    
243:  0.151 0.215 0.104 0.294 0.236 1    
244:  0.230 0.027 0.034 0.073 0.636 1    
245:  0.193 0.197 0.148 0.334 0.127 1    
246:  0.022 0.017 0.072 0.018 0.870 1    
247:  0.204 0.046 0.546 0.047 0.158 1    
248:  0.225 0.131 0.138 0.328 0.178 1    
249:  0.180 0.038 0.127 0.359 0.297 1    
250:  0.063 0.049 0.665 0.180 0.042 1    
251:  0.133 0.028 0.093 0.707 0.039 1    
252:  0.201 0.184 0.041 0.052 0.523 1    
253:  0.206 0.322 0.293 0.054 0.125 1    
254:  0.135 0.274 0.434 0.088 0.069 1    
255:  0.323 0.057 0.093 0.041 0.486 1    
256:  0.234 0.143 0.103 0.165 0.354 1    
257:  0.142 0.109 0.033 0.050 0.666 1    
258:  0.066 0.081 0.167 0.130 0.556 1    
259:  0.071 0.037 0.101 0.772 0.019 1    
260:  0.118 0.071 0.677 0.024 0.110 1    
261:  0.510 0.252 0.088 0.055 0.095 1    
262:  0.065 0.047 0.082 0.111 0.695 1    
263:  0.163 0.270 0.406 0.068 0.093 1    
264:  0.023 0.671 0.060 0.179 0.069 1    
265:  0.302 0.162 0.034 0.377 0.125 1    
266:  0.091 0.036 0.632 0.054 0.187 1    
267:  0.025 0.887 0.019 0.027 0.043 1    
268:  0.223 0.129 0.259 0.340 0.048 1    
269:  0.092 0.053 0.048 0.107 0.700 1    
270:  0.163 0.117 0.031 0.057 0.632 1    
271:  0.053 0.057 0.049 0.041 0.800 1    
272:  0.098 0.450 0.125 0.245 0.082 1    
273:  0.087 0.170 0.446 0.186 0.111 1    
274:  0.110 0.512 0.185 0.149 0.045 1    
275:  0.485 0.255 0.065 0.039 0.156 1    
276:  0.074 0.352 0.054 0.420 0.101 1    
277:  0.460 0.090 0.084 0.033 0.333 1    
278:  0.243 0.326 0.103 0.107 0.221 1    
279:  0.556 0.269 0.021 0.115 0.039 1    
280:  0.519 0.142 0.111 0.169 0.059 1    
281:  0.025 0.058 0.033 0.078 0.806 1    
282:  0.058 0.089 0.394 0.434 0.025 1    
283:  0.365 0.061 0.105 0.367 0.102 1    
284:  0.061 0.061 0.022 0.230 0.626 1    
285:  0.126 0.189 0.103 0.073 0.509 1    
286:  0.038 0.043 0.155 0.618 0.146 1    
287:  0.081 0.109 0.203 0.375 0.233 1    
288:  0.103 0.067 0.496 0.046 0.289 1    
289:  0.099 0.050 0.309 0.439 0.103 1    
290:  0.107 0.269 0.114 0.047 0.463 1    
291:  0.055 0.059 0.040 0.206 0.640 1    
292:  0.078 0.050 0.282 0.030 0.561 1    
293:  0.117 0.043 0.050 0.294 0.497 1    
294:  0.085 0.696 0.071 0.060 0.087 1    
295:  0.059 0.034 0.023 0.050 0.834 1    
296:  0.362 0.106 0.058 0.196 0.278 1    
297:  0.289 0.461 0.038 0.037 0.174 1    
298:  0.068 0.033 0.065 0.386 0.447 1    
299:  0.039 0.748 0.039 0.139 0.035 1    
300:  0.195 0.036 0.101 0.636 0.032 1    
301:  0.372 0.036 0.022 0.036 0.534 1    
302:  0.314 0.228 0.182 0.174 0.102 1    
303:  0.256 0.150 0.117 0.315 0.161 1    
304:  0.054 0.885 0.019 0.019 0.024 1    
305:  0.207 0.440 0.148 0.084 0.122 1    
306:  0.248 0.118 0.102 0.395 0.136 1    
307:  0.532 0.058 0.033 0.046 0.331 1    
308:  0.102 0.162 0.147 0.456 0.133 1    
309:  0.419 0.067 0.051 0.028 0.435 1    
310:  0.101 0.062 0.036 0.066 0.735 1    
311:  0.026 0.594 0.028 0.097 0.254 1    
312:  0.518 0.118 0.037 0.052 0.275 1    
313:  0.258 0.034 0.050 0.052 0.606 1    
314:  0.109 0.425 0.112 0.123 0.230 1    
315:  0.435 0.104 0.055 0.029 0.376 1    
316:  0.718 0.017 0.099 0.122 0.043 1    
317:  0.675 0.018 0.048 0.056 0.204 1    
318:  0.037 0.790 0.035 0.069 0.069 1    
319:  0.242 0.152 0.172 0.386 0.048 1    
320:  0.265 0.087 0.338 0.126 0.184 1    
321:  0.074 0.093 0.042 0.288 0.503 1    
322:  0.370 0.127 0.067 0.262 0.174 1    
323:  0.147 0.130 0.125 0.300 0.297 1    
324:  0.157 0.055 0.040 0.601 0.147 1    
325:  0.060 0.067 0.034 0.214 0.625 1    
326:  0.023 0.910 0.024 0.022 0.021 1    
327:  0.041 0.068 0.783 0.076 0.032 1    
328:  0.499 0.249 0.028 0.038 0.187 1    
329:  0.048 0.710 0.058 0.114 0.070 1    
330:  0.061 0.056 0.127 0.704 0.052 1    
331:  0.347 0.050 0.068 0.147 0.388 1    
332:  0.610 0.055 0.103 0.041 0.191 1    
333:  0.027 0.914 0.025 0.021 0.013 1    
334:  0.648 0.024 0.117 0.101 0.111 1    
335:  0.025 0.076 0.738 0.126 0.035 1    
336:  0.279 0.092 0.350 0.175 0.104 1    
337:  0.050 0.136 0.048 0.103 0.662 1    
338:  0.184 0.588 0.028 0.058 0.141 1    
339:  0.201 0.050 0.071 0.142 0.535 1    
340:  0.426 0.100 0.080 0.057 0.337 1    
341:  0.322 0.064 0.052 0.115 0.447 1    
342:  0.322 0.148 0.148 0.350 0.032 1    
343:  0.124 0.075 0.263 0.498 0.041 1    
344:  0.823 0.040 0.032 0.038 0.067 1    
345:  0.109 0.028 0.740 0.027 0.096 1    
346:  0.018 0.754 0.046 0.140 0.042 1    
347:  0.184 0.048 0.077 0.662 0.030 1    
348:  0.050 0.769 0.063 0.086 0.032 1    
349:  0.091 0.413 0.058 0.303 0.135 1    
350:  0.769 0.098 0.055 0.049 0.030 1    
351:  0.511 0.065 0.106 0.104 0.214 1    
352:  0.046 0.017 0.241 0.588 0.108 1    
353:  0.131 0.025 0.772 0.048 0.025 1    
354:  0.369 0.281 0.108 0.172 0.070 1    
355:  0.100 0.743 0.069 0.049 0.039 1    
356:  0.278 0.055 0.092 0.060 0.514 1    
357:  0.106 0.027 0.107 0.025 0.735 1    
358:  0.097 0.231 0.040 0.189 0.443 1    
359:  0.372 0.071 0.150 0.114 0.293 1    
360:  0.124 0.232 0.118 0.428 0.098 1    
361:  0.480 0.060 0.118 0.279 0.063 1    
362:  0.153 0.266 0.115 0.231 0.235 1    
363:  0.172 0.026 0.072 0.056 0.674 1    
364:  0.104 0.020 0.311 0.073 0.492 1    
365:  0.366 0.142 0.063 0.115 0.313 1    
366:  0.318 0.381 0.232 0.039 0.031 1    
367:  0.115 0.069 0.099 0.147 0.570 1    
368:  0.401 0.104 0.092 0.339 0.064 1    
369:  0.079 0.029 0.773 0.052 0.067 1    
370:  0.361 0.148 0.105 0.272 0.114 1    
371:  0.150 0.124 0.084 0.074 0.568 1    
372:  0.056 0.066 0.128 0.185 0.565 1    
373:  0.654 0.052 0.094 0.123 0.078 1    
374:  0.107 0.067 0.124 0.278 0.425 1    
375:  0.477 0.377 0.063 0.015 0.068 1    
376:  0.661 0.097 0.158 0.056 0.029 1    
377:  0.146 0.448 0.206 0.120 0.080 1    
378:  0.333 0.111 0.162 0.192 0.201 1    
379:  0.123 0.121 0.065 0.420 0.271 1    
380:  0.053 0.314 0.150 0.106 0.377 1    
381:  0.120 0.054 0.564 0.118 0.142 1    
382:  0.063 0.034 0.106 0.575 0.221 1    
383:  0.157 0.295 0.061 0.199 0.288 1    
384:  0.303 0.141 0.278 0.252 0.026 1    
385:  0.046 0.059 0.040 0.073 0.782 1    
386:  0.106 0.068 0.295 0.419 0.112 1    
387:  0.191 0.177 0.203 0.072 0.356 1    
388:  0.118 0.123 0.264 0.455 0.039 1    
389:  0.065 0.113 0.089 0.634 0.099 1    
390:  0.426 0.055 0.124 0.062 0.333 1    
391:  0.126 0.071 0.076 0.112 0.616 1    
392:  0.127 0.471 0.165 0.186 0.052 1    
393:  0.243 0.437 0.169 0.054 0.098 1    
394:  0.251 0.083 0.103 0.389 0.174 1    
395:  0.304 0.108 0.100 0.115 0.373 1    
396:  0.305 0.098 0.087 0.164 0.346 1    
397:  0.046 0.829 0.058 0.043 0.025 1    
398:  0.042 0.101 0.393 0.425 0.038 1    
399:  0.561 0.080 0.036 0.040 0.283 1    
400:  0.197 0.066 0.107 0.050 0.580 1    
401:  0.405 0.090 0.272 0.060 0.173 1    
402:  0.325 0.041 0.200 0.039 0.395 1    
403:  0.112 0.230 0.220 0.277 0.161 1    
404:  0.249 0.445 0.075 0.136 0.095 1    
405:  0.159 0.191 0.075 0.339 0.237 1    
406:  0.079 0.649 0.032 0.099 0.140 1    
407:  0.042 0.838 0.023 0.046 0.051 1    
408:  0.249 0.039 0.275 0.079 0.359 1    
409:  0.096 0.060 0.204 0.613 0.027 1    
410:  0.278 0.027 0.064 0.492 0.140 1    
411:  0.077 0.047 0.029 0.141 0.706 1    
412:  0.026 0.071 0.072 0.725 0.105 1    
413:  0.357 0.410 0.047 0.097 0.089 1    
414:  0.342 0.125 0.036 0.344 0.153 1    
415:  0.139 0.057 0.168 0.202 0.435 1    
416:  0.067 0.511 0.080 0.131 0.211 1    
417:  0.305 0.083 0.196 0.340 0.077 1    
418:  0.226 0.058 0.099 0.365 0.251 1    
419:  0.063 0.049 0.281 0.110 0.498 1    
420:  0.701 0.107 0.049 0.068 0.076 1    
421:  0.071 0.849 0.021 0.026 0.033 1    
422:  0.066 0.024 0.841 0.031 0.038 1    
423:  0.591 0.080 0.096 0.034 0.199 1    
424:  0.200 0.697 0.024 0.049 0.030 1    
425:  0.456 0.173 0.032 0.066 0.273 1    
426:  0.245 0.503 0.166 0.054 0.032 1    
427:  0.085 0.029 0.058 0.060 0.768 1    
428:  0.027 0.896 0.028 0.017 0.032 1    
429:  0.194 0.372 0.108 0.039 0.287 1    
430:  0.062 0.052 0.159 0.655 0.072 1    
431:  0.159 0.070 0.106 0.603 0.061 1    
432:  0.059 0.025 0.016 0.016 0.884 1    
433:  0.066 0.037 0.483 0.330 0.083 1    
434:  0.228 0.292 0.093 0.022 0.365 1    
435:  0.179 0.196 0.127 0.152 0.345 1    
436:  0.185 0.606 0.162 0.024 0.023 1    
437:  0.184 0.524 0.154 0.105 0.033 1    
438:  0.259 0.265 0.292 0.082 0.101 1    
439:  0.418 0.067 0.182 0.038 0.295 1    
440:  0.188 0.335 0.113 0.069 0.295 1    
441:  0.200 0.078 0.323 0.302 0.097 1    
442:  0.079 0.045 0.796 0.032 0.047 1    
443:  0.060 0.110 0.151 0.525 0.154 1    
444:  0.099 0.105 0.048 0.043 0.705 1    
445:  0.146 0.660 0.073 0.094 0.026 1    
446:  0.165 0.524 0.208 0.077 0.027 1    
447:  0.047 0.260 0.251 0.369 0.074 1    
448:  0.139 0.062 0.508 0.066 0.225 1    
449:  0.072 0.245 0.255 0.116 0.312 1    
450:  0.068 0.093 0.715 0.037 0.088 1    
451:  0.224 0.272 0.091 0.343 0.069 1    
452:  0.275 0.045 0.124 0.517 0.038 1    
453:  0.550 0.115 0.051 0.174 0.110 1    
454:  0.091 0.694 0.030 0.022 0.163 1    
455:  0.042 0.031 0.850 0.046 0.031 1    
456:  0.014 0.014 0.014 0.012 0.945 1    
457:  0.057 0.137 0.236 0.498 0.073 1    
458:  0.182 0.027 0.155 0.583 0.052 1    
459:  0.077 0.357 0.115 0.130 0.320 1    
460:  0.269 0.380 0.046 0.259 0.046 1    
461:  0.164 0.355 0.054 0.399 0.029 1    
462:  0.268 0.426 0.137 0.124 0.045 1    
463:  0.034 0.048 0.846 0.030 0.042 1    
464:  0.133 0.209 0.136 0.349 0.173 1    
465:  0.194 0.156 0.266 0.157 0.227 1    
466:  0.098 0.068 0.022 0.068 0.744 1    
467:  0.161 0.317 0.053 0.446 0.023 1    
468:  0.031 0.198 0.083 0.622 0.067 1    
469:  0.080 0.785 0.042 0.029 0.064 1    
470:  0.241 0.219 0.313 0.168 0.058 1    
471:  0.222 0.058 0.311 0.152 0.256 1    
472:  0.238 0.027 0.447 0.158 0.130 1    
473:  0.107 0.531 0.173 0.073 0.117 1    
474:  0.027 0.131 0.043 0.715 0.085 1    
475:  0.018 0.150 0.213 0.110 0.508 1    
476:  0.100 0.109 0.136 0.036 0.619 1    
477:  0.370 0.208 0.182 0.067 0.173 1    
478:  0.309 0.190 0.078 0.149 0.274 1    
479:  0.060 0.022 0.092 0.028 0.798 1    
480:  0.013 0.019 0.031 0.021 0.916 1    
481:  0.047 0.097 0.042 0.692 0.122 1    
482:  0.091 0.316 0.477 0.070 0.047 1    
483:  0.084 0.043 0.237 0.596 0.041 1    
484:  0.051 0.854 0.047 0.034 0.014 1    
485:  0.121 0.107 0.364 0.141 0.268 1    
486:  0.067 0.137 0.086 0.656 0.054 1    
487:  0.225 0.057 0.519 0.088 0.111 1    
488:  0.135 0.479 0.076 0.072 0.237 1    
489:  0.044 0.030 0.024 0.025 0.877 1    
490:  0.052 0.107 0.544 0.217 0.081 1    
491:  0.148 0.039 0.732 0.025 0.057 1    
492:  0.397 0.208 0.178 0.186 0.031 1    
493:  0.086 0.037 0.034 0.016 0.827 1    
494:  0.063 0.131 0.017 0.020 0.770 1    
495:  0.038 0.047 0.073 0.042 0.800 1    
496:  0.063 0.247 0.081 0.443 0.166 1    
497:  0.099 0.744 0.105 0.022 0.030 1    
498:  0.358 0.276 0.104 0.211 0.052 1    
499:  0.087 0.037 0.084 0.077 0.715 1    
500:  0.243 0.215 0.122 0.066 0.355 1    
501:  0.307 0.091 0.112 0.083 0.407 1    
502:  0.344 0.187 0.321 0.076 0.072 1    
503:  0.129 0.179 0.267 0.391 0.034 1    
504:  0.251 0.136 0.102 0.281 0.230 1    
505:  0.365 0.069 0.236 0.290 0.040 1    
506:  0.141 0.285 0.374 0.064 0.135 1    
507:  0.156 0.033 0.402 0.293 0.115 1    
508:  0.082 0.082 0.181 0.473 0.182 1    
509:  0.149 0.212 0.069 0.286 0.284 1    
510:  0.045 0.040 0.116 0.765 0.034 1    
511:  0.017 0.017 0.912 0.039 0.015 1    
512:  0.120 0.233 0.029 0.221 0.397 1    
513:  0.062 0.041 0.028 0.125 0.744 1    
514:  0.173 0.097 0.030 0.060 0.640 1    
515:  0.116 0.081 0.059 0.651 0.093 1    
516:  0.060 0.030 0.243 0.647 0.020 1    
517:  0.087 0.295 0.097 0.434 0.087 1    
518:  0.152 0.056 0.646 0.030 0.116 1    
519:  0.492 0.287 0.076 0.107 0.037 1    
520:  0.284 0.613 0.036 0.017 0.050 1    
521:  0.086 0.095 0.267 0.019 0.532 1    
522:  0.251 0.344 0.081 0.050 0.275 1    
523:  0.118 0.047 0.181 0.304 0.351 1    
524:  0.514 0.152 0.100 0.141 0.092 1    
525:  0.027 0.039 0.086 0.075 0.773 1    
526:  0.193 0.087 0.132 0.060 0.527 1    
527:  0.049 0.028 0.047 0.018 0.857 1    
528:  0.026 0.030 0.083 0.834 0.028 1    
529:  0.042 0.140 0.036 0.033 0.749 1    
530:  0.058 0.059 0.229 0.039 0.615 1    
531:  0.045 0.046 0.023 0.035 0.852 1    
532:  0.033 0.314 0.111 0.029 0.514 1    
533:  0.426 0.428 0.049 0.026 0.072 1    
534:  0.290 0.122 0.252 0.150 0.186 1    
535:  0.425 0.061 0.310 0.181 0.023 1    
536:  0.032 0.708 0.075 0.052 0.133 1    
537:  0.036 0.031 0.152 0.396 0.386 1    
538:  0.202 0.127 0.091 0.127 0.453 1    
539:  0.742 0.037 0.076 0.039 0.105 1    
540:  0.054 0.102 0.102 0.074 0.669 1    
541:  0.205 0.648 0.053 0.024 0.070 1    
542:  0.286 0.149 0.419 0.032 0.114 1    
543:  0.402 0.167 0.049 0.060 0.323 1    
544:  0.294 0.068 0.217 0.176 0.245 1    
545:  0.053 0.157 0.712 0.054 0.024 1    
546:  0.252 0.057 0.350 0.300 0.040 1    
547:  0.145 0.083 0.392 0.250 0.130 1    
548:  0.046 0.461 0.195 0.238 0.060 1    
549:  0.515 0.124 0.115 0.151 0.095 1    
550:  0.374 0.337 0.178 0.074 0.036 1    
551:  0.775 0.042 0.045 0.027 0.112 1    
552:  0.468 0.093 0.171 0.221 0.047 1    
553:  0.404 0.321 0.084 0.124 0.067 1    
554:  0.043 0.431 0.395 0.106 0.025 1    
555:  0.191 0.323 0.172 0.201 0.113 1    
556:  0.349 0.147 0.047 0.030 0.426 1    
557:  0.290 0.199 0.047 0.111 0.352 1    
558:  0.058 0.673 0.046 0.159 0.064 1    
559:  0.236 0.036 0.052 0.650 0.026 1    
560:  0.100 0.515 0.086 0.203 0.096 1    
561:  0.047 0.165 0.177 0.108 0.503 1    
562:  0.502 0.065 0.108 0.038 0.287 1    
563:  0.165 0.054 0.046 0.231 0.504 1    
564:  0.651 0.088 0.042 0.116 0.103 1    
565:  0.114 0.028 0.123 0.076 0.658 1    
566:  0.188 0.088 0.109 0.559 0.056 1    
567:  0.606 0.104 0.063 0.090 0.137 1    
568:  0.049 0.051 0.028 0.055 0.816 1    
569:  0.753 0.024 0.084 0.074 0.065 1    
570:  0.408 0.109 0.118 0.097 0.269 1    
571:  0.049 0.058 0.047 0.696 0.150 1    
572:  0.427 0.112 0.176 0.104 0.181 1    
573:  0.110 0.195 0.472 0.139 0.084 1    
574:  0.687 0.131 0.044 0.102 0.037 1    
575:  0.242 0.207 0.109 0.302 0.140 1    
576:  0.088 0.105 0.069 0.140 0.599 1    
577:  0.040 0.025 0.044 0.029 0.862 1    
578:  0.187 0.062 0.103 0.357 0.291 1    
579:  0.179 0.071 0.235 0.348 0.167 1    
580:  0.059 0.066 0.033 0.049 0.793 1    
581:  0.210 0.035 0.038 0.071 0.647 1    
582:  0.056 0.811 0.051 0.040 0.042 1    
583:  0.320 0.322 0.103 0.089 0.166 1    
584:  0.243 0.088 0.083 0.211 0.376 1    
585:  0.091 0.062 0.560 0.237 0.050 1    
586:  0.196 0.662 0.027 0.047 0.068 1    
587:  0.109 0.059 0.610 0.136 0.086 1    
588:  0.157 0.447 0.062 0.142 0.193 1    
589:  0.106 0.443 0.040 0.383 0.028 1    
590:  0.662 0.060 0.082 0.040 0.157 1    
591:  0.034 0.233 0.665 0.039 0.028 1    
592:  0.480 0.183 0.181 0.116 0.040 1    
593:  0.061 0.075 0.043 0.238 0.583 1    
594:  0.065 0.592 0.103 0.073 0.167 1    
595:  0.032 0.735 0.029 0.158 0.047 1    
596:  0.273 0.333 0.186 0.157 0.051 1    
597:  0.646 0.120 0.104 0.064 0.066 1    
598:  0.438 0.174 0.064 0.251 0.074 1    
599:  0.102 0.694 0.088 0.056 0.060 1    
600:  0.335 0.086 0.044 0.379 0.156 1    
601:  0.488 0.278 0.165 0.044 0.025 1    
602:  0.058 0.232 0.497 0.049 0.165 1    
603:  0.173 0.037 0.238 0.354 0.198 1    
604:  0.125 0.137 0.053 0.204 0.480 1    
605:  0.116 0.079 0.101 0.116 0.588 1    
606:  0.116 0.045 0.030 0.753 0.056 1    
607:  0.406 0.271 0.092 0.169 0.062 1    
608:  0.107 0.175 0.058 0.209 0.451 1    
609:  0.173 0.029 0.101 0.339 0.359 1    
610:  0.038 0.887 0.022 0.034 0.020 1    
611:  0.254 0.126 0.160 0.256 0.204 1    
612:  0.095 0.063 0.124 0.509 0.208 1    
613:  0.091 0.042 0.038 0.561 0.268 1    
614:  0.061 0.097 0.153 0.407 0.282 1    
615:  0.682 0.136 0.116 0.025 0.041 1    
616:  0.360 0.341 0.025 0.202 0.072 1    
617:  0.100 0.051 0.085 0.272 0.493 1    
618:  0.226 0.061 0.072 0.295 0.346 1    
619:  0.129 0.055 0.168 0.290 0.358 1    
620:  0.874 0.036 0.038 0.021 0.031 1    
621:  0.202 0.082 0.151 0.218 0.346 1    
622:  0.127 0.065 0.033 0.487 0.288 1    
623:  0.307 0.117 0.037 0.060 0.479 1    
624:  0.147 0.298 0.191 0.119 0.245 1    
625:  0.025 0.027 0.022 0.878 0.048 1    
626:  0.807 0.035 0.057 0.051 0.050 1    
627:  0.257 0.080 0.222 0.295 0.146 1    
628:  0.224 0.120 0.298 0.195 0.163 1    
629:  0.657 0.214 0.030 0.034 0.065 1    
630:  0.089 0.059 0.051 0.323 0.478 1    
631:  0.110 0.094 0.167 0.603 0.025 1    
632:  0.699 0.160 0.054 0.042 0.045 1    
633:  0.080 0.129 0.081 0.071 0.639 1    
634:  0.476 0.090 0.106 0.121 0.208 1    
635:  0.034 0.027 0.028 0.041 0.870 1    
636:  0.189 0.065 0.266 0.382 0.097 1    
637:  0.645 0.184 0.037 0.104 0.030 1    
638:  0.202 0.077 0.255 0.334 0.133 1    
639:  0.096 0.318 0.075 0.278 0.233 1    
640:  0.334 0.042 0.270 0.273 0.080 1    
641:  0.113 0.032 0.115 0.671 0.070 1    
642:  0.078 0.411 0.131 0.251 0.129 1    
643:  0.193 0.600 0.038 0.049 0.120 1    
644:  0.169 0.060 0.051 0.416 0.304 1    
645:  0.037 0.045 0.848 0.032 0.038 1    
646:  0.773 0.073 0.064 0.061 0.029 1    
647:  0.073 0.720 0.032 0.133 0.042 1    
648:  0.107 0.139 0.344 0.284 0.126 1    
649:  0.226 0.245 0.355 0.067 0.108 1    
650:  0.062 0.149 0.332 0.355 0.102 1    
651:  0.146 0.237 0.257 0.254 0.105 1    
652:  0.133 0.548 0.165 0.059 0.094 1    
653:  0.071 0.023 0.093 0.026 0.787 1    
654:  0.105 0.045 0.133 0.090 0.627 1    
655:  0.066 0.019 0.095 0.031 0.788 1    
656:  0.688 0.215 0.033 0.024 0.041 1    
657:  0.054 0.034 0.027 0.080 0.806 1    
658:  0.357 0.328 0.078 0.069 0.168 1    
659:  0.225 0.173 0.229 0.312 0.060 1    
660:  0.172 0.058 0.290 0.160 0.320 1    
661:  0.398 0.306 0.128 0.072 0.097 1    
662:  0.277 0.266 0.385 0.045 0.027 1    
663:  0.424 0.094 0.166 0.073 0.242 1    
664:  0.530 0.177 0.068 0.122 0.102 1    
665:  0.330 0.072 0.038 0.473 0.087 1    
666:  0.364 0.124 0.121 0.064 0.327 1    
667:  0.259 0.157 0.475 0.039 0.069 1    
668:  0.023 0.905 0.023 0.029 0.021 1    
669:  0.161 0.051 0.216 0.315 0.256 1    
670:  0.156 0.130 0.290 0.100 0.324 1    
671:  0.054 0.509 0.136 0.240 0.062 1    
672:  0.180 0.078 0.047 0.094 0.600 1    
673:  0.143 0.532 0.069 0.127 0.129 1    
674:  0.052 0.148 0.035 0.588 0.177 1    
675:  0.041 0.875 0.027 0.035 0.022 1    
676:  0.556 0.074 0.104 0.186 0.080 1    
677:  0.293 0.036 0.074 0.148 0.449 1    
678:  0.180 0.375 0.135 0.214 0.096 1    
679:  0.220 0.062 0.143 0.229 0.345 1    
680:  0.730 0.057 0.061 0.098 0.054 1    
681:  0.709 0.065 0.127 0.033 0.066 1    
682:  0.177 0.024 0.160 0.512 0.127 1    
683:  0.390 0.228 0.103 0.204 0.075 1    
684:  0.411 0.349 0.086 0.033 0.121 1    
685:  0.364 0.156 0.304 0.042 0.134 1    
686:  0.225 0.028 0.053 0.433 0.262 1    
687:  0.121 0.054 0.102 0.580 0.144 1    
688:  0.132 0.707 0.030 0.066 0.065 1    
689:  0.165 0.293 0.145 0.176 0.221 1    
690:  0.030 0.022 0.054 0.029 0.865 1    
691:  0.585 0.114 0.088 0.109 0.104 1    
692:  0.306 0.149 0.072 0.119 0.353 1    
693:  0.216 0.560 0.061 0.111 0.052 1    
694:  0.178 0.021 0.523 0.082 0.195 1    
695:  0.045 0.040 0.028 0.084 0.803 1    
696:  0.220 0.150 0.378 0.061 0.191 1    
697:  0.140 0.186 0.229 0.112 0.332 1    
698:  0.385 0.088 0.069 0.349 0.109 1    
699:  0.082 0.032 0.179 0.150 0.557 1    
700:  0.355 0.067 0.088 0.445 0.046 1    
701:  0.017 0.018 0.020 0.023 0.921 1    
702:  0.038 0.040 0.042 0.435 0.445 1    
703:  0.069 0.803 0.045 0.056 0.027 1    
704:  0.128 0.075 0.125 0.489 0.183 1    
705:  0.191 0.150 0.068 0.544 0.047 1    
706:  0.152 0.028 0.690 0.088 0.042 1    
707:  0.301 0.077 0.058 0.213 0.351 1    
708:  0.609 0.038 0.146 0.162 0.045 1    
709:  0.608 0.217 0.099 0.052 0.024 1    
710:  0.140 0.120 0.176 0.447 0.116 1    
711:  0.541 0.150 0.070 0.035 0.204 1    
712:  0.033 0.814 0.031 0.093 0.029 1    
713:  0.051 0.545 0.156 0.205 0.043 1    
                    
                    
1:    0.620 0.024 0.314 0.024 0.018 1    
2:    0.071 0.198 0.590 0.120 0.021 1    
3:    0.374 0.243 0.045 0.238 0.101 1    
4:    0.227 0.078 0.541 0.052 0.102 1    
5:    0.090 0.279 0.035 0.581 0.015 1    
6:    0.459 0.031 0.450 0.032 0.028 1    
7:    0.089 0.487 0.319 0.066 0.039 1    
8:    0.031 0.046 0.147 0.722 0.054 1    
9:    0.026 0.021 0.159 0.734 0.059 1    
10:   0.059 0.387 0.381 0.050 0.123 1    
11:   0.314 0.112 0.087 0.456 0.031 1    
12:   0.055 0.060 0.058 0.773 0.055 1    
13:   0.075 0.048 0.176 0.078 0.623 1    
14:   0.136 0.039 0.438 0.348 0.040 1    
15:   0.054 0.044 0.078 0.174 0.649 1    
16:   0.622 0.055 0.125 0.037 0.161 1    
17:   0.061 0.098 0.472 0.330 0.038 1    
18:   0.074 0.134 0.097 0.030 0.665 1    
19:   0.027 0.689 0.040 0.062 0.182 1    
20:   0.277 0.275 0.182 0.145 0.121 1    
21:   0.015 0.883 0.035 0.037 0.030 1    
22:   0.021 0.820 0.034 0.099 0.026 1    
23:   0.042 0.815 0.061 0.045 0.037 1    
24:   0.624 0.109 0.107 0.055 0.105 1    
25:   0.052 0.206 0.190 0.091 0.460 1    
26:   0.025 0.758 0.052 0.021 0.145 1    
27:   0.071 0.073 0.389 0.407 0.060 1    
28:   0.033 0.545 0.166 0.192 0.064 1    
29:   0.148 0.537 0.042 0.189 0.085 1    
30:   0.104 0.032 0.348 0.101 0.415 1    
31:   0.044 0.867 0.028 0.026 0.035 1    
32:   0.066 0.320 0.209 0.127 0.277 1    
33:   0.154 0.038 0.151 0.624 0.033 1    
34:   0.025 0.543 0.126 0.159 0.147 1    
35:   0.021 0.843 0.060 0.055 0.020 1    
36:   0.038 0.790 0.056 0.055 0.060 1    
37:   0.095 0.078 0.211 0.265 0.351 1    
38:   0.022 0.067 0.196 0.684 0.031 1    
39:   0.047 0.038 0.466 0.406 0.043 1    
40:   0.034 0.060 0.054 0.350 0.502 1    
41:   0.040 0.383 0.283 0.178 0.116 1    
42:   0.059 0.063 0.304 0.527 0.047 1    
43:   0.137 0.043 0.228 0.166 0.426 1    
44:   0.308 0.043 0.117 0.176 0.356 1    
45:   0.031 0.014 0.015 0.924 0.016 1    
46:   0.134 0.022 0.026 0.797 0.022 1    
47:   0.208 0.109 0.180 0.424 0.079 1    
48:   0.278 0.152 0.057 0.218 0.295 1    
49:   0.029 0.018 0.016 0.916 0.020 1    
50:   0.820 0.025 0.023 0.075 0.057 1    
51:   0.022 0.021 0.016 0.917 0.025 1    
52:   0.031 0.044 0.052 0.834 0.040 1    
53:   0.096 0.061 0.123 0.674 0.045 1    
54:   0.015 0.012 0.012 0.949 0.011 1    
55:   0.643 0.142 0.130 0.066 0.020 1    
56:   0.859 0.023 0.045 0.030 0.043 1    
57:   0.283 0.246 0.037 0.176 0.259 1    
58:   0.415 0.174 0.067 0.278 0.065 1    
59:   0.468 0.182 0.118 0.142 0.091 1    
60:   0.707 0.062 0.059 0.131 0.040 1    
61:   0.786 0.084 0.064 0.025 0.041 1    
62:   0.800 0.040 0.094 0.037 0.028 1    
63:   0.808 0.033 0.068 0.040 0.052 1    
64:   0.884 0.039 0.036 0.020 0.021 1    
65:   0.018 0.021 0.015 0.927 0.019 1    
66:   0.193 0.297 0.053 0.304 0.153 1    
67:   0.079 0.276 0.351 0.043 0.251 1    
68:   0.713 0.165 0.071 0.031 0.020 1    
69:   0.100 0.283 0.288 0.062 0.266 1    
70:   0.169 0.554 0.052 0.148 0.077 1    
71:   0.421 0.027 0.076 0.438 0.038 1    
72:   0.723 0.058 0.071 0.088 0.060 1    
73:   0.772 0.050 0.033 0.069 0.075 1    
74:   0.051 0.060 0.023 0.826 0.040 1    
75:   0.756 0.041 0.056 0.122 0.025 1    
76:   0.037 0.021 0.021 0.900 0.021 1    
77:   0.110 0.103 0.046 0.703 0.038 1    
78:   0.628 0.039 0.049 0.205 0.080 1    
79:   0.176 0.199 0.332 0.180 0.113 1    
80:   0.210 0.105 0.082 0.547 0.057 1    
81:   0.023 0.889 0.022 0.027 0.040 1    
82:   0.036 0.025 0.022 0.879 0.038 1    
83:   0.646 0.069 0.186 0.065 0.033 1    
84:   0.435 0.304 0.076 0.163 0.022 1    
85:   0.293 0.054 0.043 0.568 0.042 1    
86:   0.147 0.259 0.307 0.230 0.058 1    
87:   0.017 0.019 0.015 0.931 0.018 1    
88:   0.757 0.023 0.076 0.115 0.029 1    
89:   0.096 0.030 0.077 0.775 0.022 1    
90:   0.441 0.313 0.121 0.025 0.100 1    
91:   0.791 0.025 0.028 0.115 0.043 1    
92:   0.037 0.018 0.034 0.895 0.016 1    
93:   0.870 0.026 0.022 0.045 0.037 1    
94:   0.403 0.200 0.120 0.230 0.047 1    
95:   0.052 0.144 0.028 0.754 0.021 1    
96:   0.097 0.433 0.075 0.086 0.309 1    
97:   0.687 0.041 0.032 0.082 0.158 1    
98:   0.319 0.043 0.470 0.137 0.031 1    
99:   0.742 0.104 0.038 0.041 0.075 1    
100:  0.519 0.083 0.206 0.078 0.114 1    
101:  0.364 0.059 0.097 0.353 0.128 1    
102:  0.642 0.058 0.086 0.059 0.155 1    
103:  0.139 0.207 0.103 0.051 0.499 1    
104:  0.034 0.023 0.163 0.679 0.100 1    
105:  0.240 0.255 0.201 0.146 0.159 1    
106:  0.040 0.115 0.208 0.067 0.571 1    
107:  0.581 0.040 0.080 0.260 0.039 1    
108:  0.025 0.829 0.035 0.094 0.017 1    
109:  0.069 0.042 0.026 0.802 0.062 1    
110:  0.771 0.025 0.135 0.038 0.032 1    
111:  0.506 0.058 0.366 0.049 0.020 1    
112:  0.111 0.360 0.095 0.336 0.097 1    
113:  0.046 0.360 0.130 0.398 0.067 1    
114:  0.503 0.038 0.229 0.107 0.123 1    
115:  0.250 0.244 0.239 0.215 0.054 1    
116:  0.032 0.063 0.411 0.459 0.035 1    
117:  0.651 0.036 0.042 0.161 0.110 1    
118:  0.162 0.071 0.062 0.424 0.280 1    
119:  0.449 0.063 0.049 0.317 0.122 1    
120:  0.492 0.027 0.365 0.068 0.048 1    
121:  0.103 0.238 0.276 0.136 0.247 1    
122:  0.156 0.107 0.094 0.393 0.250 1    
123:  0.650 0.054 0.105 0.130 0.061 1    
124:  0.232 0.103 0.048 0.085 0.532 1    
125:  0.070 0.072 0.484 0.235 0.139 1    
126:  0.306 0.168 0.114 0.185 0.226 1    
127:  0.081 0.648 0.056 0.175 0.040 1    
128:  0.664 0.111 0.086 0.085 0.054 1    
129:  0.228 0.076 0.106 0.503 0.087 1    
130:  0.275 0.547 0.064 0.058 0.056 1    
131:  0.187 0.051 0.111 0.614 0.037 1    
132:  0.437 0.083 0.329 0.107 0.043 1    
133:  0.021 0.912 0.019 0.020 0.028 1    
134:  0.046 0.073 0.096 0.725 0.059 1    
135:  0.306 0.270 0.171 0.035 0.218 1    
136:  0.071 0.604 0.079 0.148 0.098 1    
137:  0.553 0.027 0.113 0.264 0.043 1    
138:  0.050 0.121 0.731 0.067 0.031 1    
139:  0.806 0.041 0.059 0.066 0.028 1    
140:  0.536 0.230 0.043 0.110 0.082 1    
141:  0.445 0.179 0.104 0.219 0.053 1    
142:  0.027 0.024 0.021 0.903 0.025 1    
143:  0.472 0.043 0.120 0.149 0.217 1    
144:  0.050 0.055 0.046 0.821 0.029 1    
145:  0.237 0.047 0.174 0.259 0.284 1    
146:  0.082 0.127 0.706 0.036 0.048 1    
147:  0.025 0.017 0.848 0.080 0.031 1    
148:  0.066 0.820 0.042 0.023 0.049 1    
149:  0.038 0.033 0.826 0.050 0.052 1    
150:  0.032 0.324 0.099 0.476 0.069 1    
151:  0.594 0.059 0.113 0.129 0.105 1    
152:  0.160 0.058 0.565 0.127 0.089 1    
153:  0.054 0.649 0.054 0.131 0.112 1    
154:  0.038 0.102 0.042 0.113 0.706 1    
155:  0.085 0.467 0.200 0.122 0.127 1    
156:  0.226 0.108 0.254 0.121 0.291 1    
157:  0.126 0.068 0.239 0.468 0.099 1    
158:  0.240 0.053 0.609 0.053 0.045 1    
159:  0.456 0.035 0.252 0.047 0.211 1    
160:  0.039 0.058 0.039 0.201 0.664 1    
161:  0.108 0.469 0.231 0.128 0.064 1    
162:  0.048 0.367 0.094 0.397 0.093 1    
163:  0.097 0.094 0.075 0.081 0.654 1    
164:  0.041 0.122 0.274 0.348 0.215 1    
165:  0.277 0.071 0.068 0.157 0.427 1    
166:  0.155 0.092 0.155 0.075 0.524 1    
167:  0.037 0.021 0.859 0.055 0.028 1    
168:  0.198 0.049 0.167 0.341 0.244 1    
169:  0.043 0.062 0.755 0.044 0.096 1    
170:  0.167 0.059 0.573 0.076 0.125 1    
171:  0.138 0.361 0.319 0.102 0.081 1    
172:  0.048 0.079 0.720 0.037 0.116 1    
173:  0.597 0.048 0.291 0.039 0.025 1    
174:  0.053 0.306 0.129 0.068 0.444 1    
175:  0.106 0.035 0.528 0.036 0.295 1    
176:  0.217 0.051 0.443 0.260 0.029 1    
177:  0.088 0.118 0.663 0.063 0.068 1    
178:  0.039 0.084 0.740 0.021 0.116 1    
179:  0.421 0.157 0.103 0.236 0.084 1    
180:  0.090 0.535 0.209 0.044 0.121 1    
181:  0.102 0.040 0.682 0.068 0.108 1    
182:  0.277 0.190 0.252 0.257 0.024 1    
183:  0.195 0.103 0.254 0.068 0.380 1    
184:  0.064 0.134 0.594 0.122 0.087 1    
185:  0.096 0.063 0.264 0.047 0.530 1    
186:  0.506 0.039 0.303 0.121 0.031 1    
187:  0.146 0.332 0.380 0.058 0.084 1    
188:  0.242 0.304 0.088 0.063 0.302 1    
189:  0.022 0.037 0.120 0.047 0.775 1    
190:  0.144 0.066 0.672 0.049 0.069 1    
191:  0.057 0.036 0.827 0.022 0.057 1    
192:  0.016 0.174 0.765 0.015 0.029 1    
193:  0.038 0.224 0.688 0.017 0.033 1    
194:  0.074 0.155 0.292 0.087 0.392 1    
195:  0.111 0.623 0.038 0.168 0.060 1    
196:  0.369 0.224 0.325 0.055 0.027 1    
197:  0.053 0.727 0.051 0.145 0.024 1    
198:  0.064 0.136 0.232 0.472 0.096 1    
199:  0.108 0.073 0.668 0.027 0.125 1    
200:  0.062 0.039 0.786 0.085 0.028 1    
201:  0.044 0.511 0.041 0.352 0.052 1    
202:  0.111 0.479 0.107 0.264 0.040 1    
203:  0.320 0.148 0.151 0.354 0.027 1    
204:  0.286 0.075 0.355 0.135 0.149 1    
205:  0.247 0.115 0.127 0.469 0.041 1    
206:  0.208 0.088 0.509 0.141 0.055 1    
207:  0.760 0.067 0.060 0.068 0.045 1    
208:  0.187 0.187 0.443 0.080 0.102 1    
209:  0.068 0.095 0.522 0.263 0.052 1    
210:  0.359 0.221 0.237 0.160 0.023 1    
211:  0.053 0.147 0.200 0.565 0.035 1    
212:  0.206 0.182 0.263 0.313 0.035 1    
213:  0.070 0.454 0.395 0.050 0.031 1    
214:  0.615 0.239 0.070 0.041 0.034 1    
215:  0.349 0.322 0.117 0.107 0.105 1    
216:  0.231 0.243 0.269 0.073 0.183 1    
217:  0.127 0.276 0.430 0.097 0.070 1    
218:  0.074 0.230 0.229 0.110 0.357 1    
219:  0.055 0.143 0.711 0.049 0.042 1    
220:  0.097 0.181 0.117 0.067 0.539 1    
221:  0.035 0.339 0.041 0.562 0.023 1    
222:  0.069 0.151 0.098 0.596 0.087 1    
223:  0.481 0.076 0.103 0.269 0.070 1    
224:  0.529 0.078 0.068 0.281 0.044 1    
225:  0.035 0.687 0.053 0.180 0.045 1    
226:  0.076 0.048 0.338 0.488 0.051 1    
227:  0.411 0.134 0.256 0.127 0.073 1    
228:  0.044 0.238 0.384 0.103 0.231 1    
229:  0.028 0.016 0.021 0.089 0.845 1    
230:  0.359 0.029 0.403 0.173 0.036 1    
231:  0.226 0.148 0.259 0.103 0.264 1    
232:  0.075 0.021 0.661 0.064 0.178 1    
233:  0.056 0.212 0.508 0.195 0.029 1    
234:  0.232 0.086 0.103 0.355 0.225 1    
235:  0.167 0.645 0.083 0.057 0.048 1    
236:  0.030 0.792 0.098 0.042 0.038 1    
237:  0.349 0.188 0.240 0.122 0.100 1    
238:  0.150 0.020 0.050 0.140 0.641 1    
