      H105.4  1 0.2013 0.2008 0.1989 0.2014 0.1977 
      H115.3  1 0.1999 0.2002 0.2021 0.2000 0.1979 
      H145.1  1 0.2000 0.1995 0.2007 0.1999 0.2000 
      H149.6  1 0.1968 0.1994 0.2005 0.2025 0.2007 
      H150.1  1 0.1992 0.1997 0.2013 0.2003 0.1995 
   H169607.8  1 0.1994 0.2006 0.1977 0.2013 0.2011 
   H169633.5  1 0.1999 0.1980 0.2019 0.2003 0.1999 
   H169688.2  1 0.2002 0.2004 0.1988 0.1992 0.2014 
   H171901.5  1 0.2019 0.1978 0.2007 0.1995 0.2000 
   H171902.3  1 0.1990 0.2014 0.1976 0.2022 0.1998 
   H171903.5  1 0.2008 0.1977 0.2015 0.2024 0.1976 
      H177.6  1 0.2001 0.2018 0.2022 0.1967 0.1991 
      H179.1  1 0.1989 0.1995 0.2022 0.2008 0.1986 
      H180.2  1 0.2002 0.2003 0.1975 0.1992 0.2027 
      H181.7  1 0.2005 0.2018 0.2001 0.1970 0.2007 
 H194.6_2004  1 0.1998 0.1981 0.1994 0.2025 0.2001 
 H195.3_2003  1 0.2028 0.1974 0.2010 0.2006 0.1983 
 H195.3_2004  1 0.1981 0.1995 0.2004 0.2013 0.2007 
      H415.5  1 0.2003 0.2006 0.1982 0.1999 0.2010 
      H506.5  1 0.1988 0.2035 0.1970 0.1990 0.2017 
      H533.4  1 0.1985 0.1990 0.2011 0.2024 0.1991 
      H535.1  1 0.1992 0.2007 0.2005 0.1992 0.2004 
      H539.5  1 0.2033 0.1986 0.2005 0.1987 0.1989 
      H540.7  1 0.2002 0.2003 0.1992 0.1986 0.2017 
     H9558.1  1 0.1982 0.2011 0.1995 0.2002 0.2009 
    kos339.2  1 0.1989 0.2028 0.2005 0.1968 0.2010 
      H409.8 12 0.2002 0.1988 0.1972 0.2010 0.2028 
      H413.2 12 0.1963 0.2002 0.1993 0.2044 0.1998 
      H563.3 12 0.1964 0.2012 0.1984 0.2039 0.2000 
     H7374.6 12 0.2010 0.1991 0.1984 0.2030 0.1984 
     H9563.8 12 0.1991 0.2004 0.1998 0.2024 0.1982 
     H9572.4 12 0.1993 0.2014 0.2007 0.1980 0.2005 
