      H105.4  1 0.3450 0.3516 0.3034 
      H115.3  1 0.3490 0.3311 0.3200 
      H145.1  1 0.3159 0.3091 0.3750 
      H149.6  1 0.3127 0.3059 0.3814 
      H150.1  1 0.3430 0.3452 0.3117 
   H169607.8  1 0.3401 0.3464 0.3134 
   H169633.5  1 0.3181 0.3172 0.3648 
   H169688.2  1 0.3291 0.3608 0.3100 
   H171901.5  1 0.3395 0.3112 0.3493 
   H171902.3  1 0.3373 0.3477 0.3150 
   H171903.5  1 0.3368 0.3334 0.3298 
      H177.6  1 0.3228 0.3201 0.3571 
      H179.1  1 0.3490 0.3322 0.3188 
      H180.2  1 0.3372 0.3729 0.2899 
      H181.7  1 0.3274 0.3452 0.3274 
 H194.6_2004  1 0.3331 0.3370 0.3299 
 H195.3_2003  1 0.3430 0.3571 0.2999 
 H195.3_2004  1 0.3169 0.3266 0.3565 
      H415.5  1 0.3243 0.3282 0.3476 
      H506.5  1 0.3363 0.3288 0.3349 
      H533.4  1 0.3381 0.3183 0.3435 
      H535.1  1 0.3250 0.3523 0.3227 
      H539.5  1 0.3467 0.3303 0.3230 
      H540.7  1 0.3335 0.3229 0.3436 
     H9558.1  1 0.3371 0.3522 0.3107 
    kos339.2  1 0.3244 0.3162 0.3594 
      H409.8 12 0.3421 0.3531 0.3048 
      H413.2 12 0.3180 0.3773 0.3046 
      H563.3 12 0.3379 0.3452 0.3169 
     H7374.6 12 0.3205 0.3417 0.3378 
     H9563.8 12 0.3310 0.3378 0.3313 
     H9572.4 12 0.3356 0.3475 0.3169 
