      H105.4  1 0.2475 0.2442 0.2531 0.2552 
      H115.3  1 0.2504 0.2466 0.2505 0.2524 
      H145.1  1 0.2483 0.2483 0.2500 0.2535 
      H149.6  1 0.2552 0.2496 0.2436 0.2517 
      H150.1  1 0.2445 0.2462 0.2613 0.2480 
   H169607.8  1 0.2509 0.2497 0.2526 0.2467 
   H169633.5  1 0.2421 0.2522 0.2503 0.2554 
   H169688.2  1 0.2591 0.2473 0.2481 0.2456 
   H171901.5  1 0.2479 0.2443 0.2530 0.2548 
   H171902.3  1 0.2560 0.2530 0.2450 0.2460 
   H171903.5  1 0.2565 0.2511 0.2397 0.2527 
      H177.6  1 0.2442 0.2587 0.2457 0.2513 
      H179.1  1 0.2521 0.2458 0.2469 0.2551 
      H180.2  1 0.2607 0.2515 0.2365 0.2513 
      H181.7  1 0.2498 0.2525 0.2481 0.2496 
 H194.6_2004  1 0.2444 0.2530 0.2537 0.2490 
 H195.3_2003  1 0.2523 0.2472 0.2500 0.2506 
 H195.3_2004  1 0.2483 0.2525 0.2489 0.2504 
      H415.5  1 0.2540 0.2529 0.2421 0.2510 
      H506.5  1 0.2551 0.2515 0.2353 0.2581 
      H533.4  1 0.2507 0.2536 0.2481 0.2476 
      H535.1  1 0.2533 0.2558 0.2409 0.2499 
      H539.5  1 0.2316 0.2449 0.2774 0.2462 
      H540.7  1 0.2407 0.2477 0.2620 0.2496 
     H9558.1  1 0.2466 0.2467 0.2641 0.2426 
    kos339.2  1 0.2502 0.2511 0.2469 0.2518 
      H409.8 12 0.2630 0.2514 0.2362 0.2494 
      H413.2 12 0.2636 0.2503 0.2379 0.2482 
      H563.3 12 0.2529 0.2478 0.2545 0.2448 
     H7374.6 12 0.2536 0.2528 0.2468 0.2468 
     H9563.8 12 0.2532 0.2540 0.2487 0.2441 
     H9572.4 12 0.2529 0.2472 0.2526 0.2473 
