      H105.4  1 0.2387 0.2542 0.2432 0.2639 
      H115.3  1 0.2821 0.2434 0.2384 0.2361 
      H145.1  1 0.2411 0.2571 0.2515 0.2503 
      H149.6  1 0.2165 0.2660 0.2568 0.2606 
      H150.1  1 0.2987 0.2351 0.2468 0.2194 
   H169607.8  1 0.2340 0.2540 0.2591 0.2529 
   H169633.5  1 0.2379 0.2349 0.2596 0.2676 
   H169688.2  1 0.2220 0.2712 0.2830 0.2238 
   H171901.5  1 0.2231 0.2477 0.2659 0.2633 
   H171902.3  1 0.2300 0.2735 0.2637 0.2328 
   H171903.5  1 0.2271 0.2704 0.2503 0.2522 
      H177.6  1 0.2236 0.2577 0.2640 0.2548 
      H179.1  1 0.2321 0.2486 0.2611 0.2582 
      H180.2  1 0.2300 0.2602 0.2700 0.2398 
      H181.7  1 0.2389 0.2536 0.2572 0.2504 
 H194.6_2004  1 0.2310 0.2628 0.2648 0.2413 
 H195.3_2003  1 0.2380 0.2536 0.2360 0.2724 
 H195.3_2004  1 0.2217 0.2589 0.2570 0.2624 
      H415.5  1 0.2291 0.2508 0.2676 0.2525 
      H506.5  1 0.2328 0.2454 0.2551 0.2668 
      H533.4  1 0.2251 0.2537 0.2604 0.2608 
      H535.1  1 0.2234 0.2569 0.2677 0.2521 
      H539.5  1 0.3223 0.2248 0.2159 0.2369 
      H540.7  1 0.2800 0.2372 0.2448 0.2380 
     H9558.1  1 0.2724 0.2406 0.2494 0.2375 
    kos339.2  1 0.2315 0.2461 0.2771 0.2452 
      H409.8 12 0.2332 0.2706 0.2508 0.2454 
      H413.2 12 0.2274 0.2601 0.2633 0.2491 
      H563.3 12 0.2599 0.2451 0.2578 0.2372 
     H7374.6 12 0.2303 0.2587 0.2568 0.2542 
     H9563.8 12 0.2355 0.2590 0.2713 0.2343 
     H9572.4 12 0.2440 0.2585 0.2464 0.2511 
