      H105.4  1 0.1922 0.2062 0.1881 0.1961 0.2174 
      H115.3  1 0.1788 0.1885 0.2606 0.1859 0.1862 
      H145.1  1 0.1947 0.1994 0.1934 0.1951 0.2175 
      H149.6  1 0.1935 0.2109 0.1819 0.2020 0.2118 
      H150.1  1 0.1788 0.1873 0.2724 0.1748 0.1866 
   H169607.8  1 0.1878 0.2147 0.1876 0.2076 0.2023 
   H169633.5  1 0.2191 0.1979 0.1810 0.2033 0.1987 
   H169688.2  1 0.1901 0.1986 0.1860 0.2219 0.2033 
   H171901.5  1 0.1832 0.2037 0.1821 0.2094 0.2216 
   H171902.3  1 0.1909 0.1953 0.1940 0.2185 0.2013 
   H171903.5  1 0.1851 0.2014 0.1833 0.2087 0.2214 
      H177.6  1 0.2138 0.1992 0.1823 0.1971 0.2076 
      H179.1  1 0.2581 0.1815 0.1888 0.1886 0.1830 
      H180.2  1 0.1839 0.2003 0.1845 0.2351 0.1962 
      H181.7  1 0.2181 0.1971 0.1906 0.2086 0.1856 
 H194.6_2004  1 0.1893 0.2020 0.1829 0.2178 0.2080 
 H195.3_2003  1 0.1909 0.1963 0.1908 0.1919 0.2301 
 H195.3_2004  1 0.1913 0.1883 0.1796 0.1952 0.2456 
      H415.5  1 0.1825 0.2165 0.1845 0.2117 0.2050 
      H506.5  1 0.2532 0.1913 0.1759 0.1923 0.1872 
      H533.4  1 0.2587 0.1837 0.1821 0.1942 0.1814 
      H535.1  1 0.1847 0.2117 0.1809 0.2071 0.2156 
      H539.5  1 0.1857 0.1796 0.2751 0.1758 0.1837 
      H540.7  1 0.2007 0.1965 0.2263 0.1875 0.1890 
     H9558.1  1 0.1851 0.1890 0.2380 0.1899 0.1981 
    kos339.2  1 0.2274 0.2027 0.1737 0.1882 0.2081 
      H409.8 12 0.1896 0.2021 0.1791 0.2380 0.1912 
      H413.2 12 0.1867 0.2159 0.1777 0.2259 0.1938 
      H563.3 12 0.1895 0.2056 0.1898 0.2148 0.2002 
     H7374.6 12 0.1898 0.2158 0.1817 0.1989 0.2139 
     H9563.8 12 0.1959 0.1968 0.1851 0.2229 0.1993 
     H9572.4 12 0.2166 0.2006 0.1926 0.1926 0.1976 
