      H105.4  1 0.3164 0.3137 0.3700 
      H115.3  1 0.4754 0.2750 0.2495 
      H145.1  1 0.2691 0.3879 0.3429 
      H149.6  1 0.2278 0.4338 0.3384 
      H150.1  1 0.5165 0.2393 0.2441 
   H169607.8  1 0.2781 0.3551 0.3668 
   H169633.5  1 0.2395 0.4142 0.3463 
   H169688.2  1 0.2361 0.3288 0.4351 
   H171901.5  1 0.2824 0.3845 0.3330 
   H171902.3  1 0.2894 0.3291 0.3815 
   H171903.5  1 0.2626 0.3658 0.3715 
      H177.6  1 0.2590 0.4294 0.3116 
      H179.1  1 0.2541 0.3693 0.3767 
      H180.2  1 0.2932 0.3211 0.3857 
      H181.7  1 0.2438 0.3739 0.3823 
 H194.6_2004  1 0.2902 0.3803 0.3295 
 H195.3_2003  1 0.2839 0.3153 0.4008 
 H195.3_2004  1 0.2411 0.4128 0.3461 
      H415.5  1 0.2197 0.4110 0.3693 
      H506.5  1 0.2335 0.3759 0.3907 
      H533.4  1 0.2289 0.3886 0.3825 
      H535.1  1 0.2581 0.3870 0.3548 
      H539.5  1 0.5520 0.2156 0.2324 
      H540.7  1 0.4156 0.2841 0.3002 
     H9558.1  1 0.5009 0.2369 0.2622 
    kos339.2  1 0.2309 0.4271 0.3419 
      H409.8 12 0.2326 0.3372 0.4302 
      H413.2 12 0.2382 0.3290 0.4329 
      H563.3 12 0.2872 0.3392 0.3736 
     H7374.6 12 0.2360 0.3697 0.3944 
     H9563.8 12 0.2619 0.3803 0.3578 
     H9572.4 12 0.2823 0.3258 0.3919 
