      H105.4  1 0.1464 0.1440 0.1453 0.1416 0.1403 0.1404 0.1421 
      H115.3  1 0.1454 0.1430 0.1442 0.1401 0.1418 0.1428 0.1427 
      H145.1  1 0.1435 0.1430 0.1436 0.1432 0.1408 0.1450 0.1410 
      H149.6  1 0.1447 0.1398 0.1405 0.1405 0.1421 0.1477 0.1447 
      H150.1  1 0.1484 0.1485 0.1403 0.1400 0.1409 0.1432 0.1388 
   H169607.8  1 0.1426 0.1428 0.1390 0.1425 0.1424 0.1439 0.1468 
   H169633.5  1 0.1475 0.1422 0.1406 0.1417 0.1453 0.1406 0.1421 
   H169688.2  1 0.1369 0.1423 0.1414 0.1458 0.1432 0.1443 0.1461 
   H171901.5  1 0.1440 0.1447 0.1453 0.1399 0.1398 0.1452 0.1412 
   H171902.3  1 0.1439 0.1433 0.1409 0.1441 0.1431 0.1407 0.1441 
   H171903.5  1 0.1414 0.1430 0.1462 0.1442 0.1422 0.1426 0.1404 
      H177.6  1 0.1403 0.1431 0.1474 0.1407 0.1417 0.1434 0.1435 
      H179.1  1 0.1411 0.1409 0.1474 0.1428 0.1396 0.1451 0.1431 
      H180.2  1 0.1421 0.1437 0.1376 0.1419 0.1405 0.1478 0.1463 
      H181.7  1 0.1370 0.1398 0.1442 0.1424 0.1485 0.1441 0.1441 
 H194.6_2004  1 0.1441 0.1389 0.1437 0.1438 0.1430 0.1427 0.1438 
 H195.3_2003  1 0.1431 0.1452 0.1427 0.1428 0.1426 0.1396 0.1440 
 H195.3_2004  1 0.1425 0.1426 0.1415 0.1439 0.1448 0.1432 0.1414 
      H415.5  1 0.1425 0.1419 0.1412 0.1432 0.1452 0.1430 0.1430 
      H506.5  1 0.1419 0.1429 0.1413 0.1448 0.1428 0.1446 0.1417 
      H533.4  1 0.1406 0.1432 0.1394 0.1451 0.1438 0.1441 0.1438 
      H535.1  1 0.1398 0.1460 0.1415 0.1444 0.1430 0.1413 0.1440 
      H539.5  1 0.1550 0.1511 0.1437 0.1379 0.1372 0.1386 0.1365 
      H540.7  1 0.1476 0.1413 0.1460 0.1429 0.1424 0.1394 0.1403 
     H9558.1  1 0.1492 0.1465 0.1399 0.1391 0.1426 0.1417 0.1409 
    kos339.2  1 0.1423 0.1413 0.1401 0.1425 0.1459 0.1446 0.1434 
      H409.8 12 0.1389 0.1408 0.1419 0.1466 0.1421 0.1426 0.1471 
      H413.2 12 0.1412 0.1414 0.1364 0.1464 0.1424 0.1453 0.1469 
      H563.3 12 0.1428 0.1415 0.1398 0.1421 0.1445 0.1425 0.1468 
     H7374.6 12 0.1429 0.1431 0.1408 0.1407 0.1417 0.1445 0.1463 
     H9563.8 12 0.1431 0.1438 0.1428 0.1414 0.1400 0.1464 0.1425 
     H9572.4 12 0.1405 0.1371 0.1410 0.1482 0.1452 0.1452 0.1427 
