      H105.4  1 0.3353 0.3305 0.3342 
      H115.3  1 0.3392 0.3319 0.3289 
      H145.1  1 0.3235 0.3495 0.3270 
      H149.6  1 0.3366 0.3402 0.3231 
      H150.1  1 0.3338 0.3263 0.3399 
   H169607.8  1 0.3299 0.3267 0.3434 
   H169633.5  1 0.3360 0.3277 0.3363 
   H169688.2  1 0.3416 0.3232 0.3352 
   H171901.5  1 0.3271 0.3457 0.3272 
   H171902.3  1 0.3251 0.3217 0.3532 
   H171903.5  1 0.3261 0.3401 0.3338 
      H177.6  1 0.3201 0.3447 0.3352 
      H179.1  1 0.3284 0.3434 0.3282 
      H180.2  1 0.3455 0.3109 0.3436 
      H181.7  1 0.3281 0.3305 0.3414 
 H194.6_2004  1 0.3249 0.3343 0.3408 
 H195.3_2003  1 0.3322 0.3326 0.3352 
 H195.3_2004  1 0.3161 0.3535 0.3304 
      H415.5  1 0.3314 0.3328 0.3357 
      H506.5  1 0.3492 0.3233 0.3275 
      H533.4  1 0.3210 0.3447 0.3343 
      H535.1  1 0.3355 0.3332 0.3314 
      H539.5  1 0.3527 0.3077 0.3396 
      H540.7  1 0.3378 0.3387 0.3236 
     H9558.1  1 0.3316 0.3253 0.3431 
    kos339.2  1 0.3336 0.3292 0.3372 
      H409.8 12 0.3474 0.3204 0.3322 
      H413.2 12 0.3281 0.3134 0.3585 
      H563.3 12 0.3333 0.3344 0.3323 
     H7374.6 12 0.3376 0.3328 0.3296 
     H9563.8 12 0.3278 0.3375 0.3347 
     H9572.4 12 0.3405 0.3352 0.3244 
