      H105.4  1 0.3002 0.1998 0.2749 0.2251 
      H115.3  1 0.2611 0.3284 0.1978 0.2126 
      H145.1  1 0.2399 0.2003 0.2978 0.2621 
      H149.6  1 0.2564 0.1765 0.3184 0.2488 
      H150.1  1 0.1988 0.3900 0.1869 0.2243 
   H169607.8  1 0.2697 0.2209 0.2536 0.2558 
   H169633.5  1 0.2387 0.1671 0.3211 0.2730 
   H169688.2  1 0.2983 0.1764 0.2914 0.2339 
   H171901.5  1 0.2630 0.1998 0.2853 0.2519 
   H171902.3  1 0.2101 0.2333 0.2859 0.2707 
   H171903.5  1 0.2881 0.1803 0.2776 0.2540 
      H177.6  1 0.2375 0.2366 0.2854 0.2405 
      H179.1  1 0.2344 0.2084 0.2843 0.2729 
      H180.2  1 0.2856 0.2213 0.2439 0.2492 
      H181.7  1 0.2767 0.1790 0.2584 0.2860 
 H194.6_2004  1 0.2528 0.2108 0.2623 0.2741 
 H195.3_2003  1 0.2632 0.2247 0.2716 0.2404 
 H195.3_2004  1 0.2517 0.2031 0.2882 0.2570 
      H415.5  1 0.2633 0.1833 0.3046 0.2488 
      H506.5  1 0.2615 0.1993 0.2750 0.2642 
      H533.4  1 0.2589 0.1926 0.2747 0.2738 
      H535.1  1 0.2718 0.1898 0.2409 0.2976 
      H539.5  1 0.1851 0.4389 0.1779 0.1980 
      H540.7  1 0.2287 0.3434 0.1857 0.2422 
     H9558.1  1 0.2359 0.3652 0.1846 0.2143 
    kos339.2  1 0.2267 0.1912 0.3248 0.2573 
      H409.8 12 0.3027 0.2010 0.2576 0.2388 
      H413.2 12 0.2987 0.1464 0.3081 0.2468 
      H563.3 12 0.2682 0.2592 0.2261 0.2465 
     H7374.6 12 0.2608 0.2107 0.2950 0.2335 
     H9563.8 12 0.2790 0.2065 0.2581 0.2564 
     H9572.4 12 0.2235 0.2402 0.2332 0.3031 
