      H105.4  1 0.3317 0.3355 0.3328 
      H115.3  1 0.3310 0.3330 0.3361 
      H145.1  1 0.3323 0.3343 0.3334 
      H149.6  1 0.3281 0.3326 0.3393 
      H150.1  1 0.3338 0.3334 0.3328 
   H169607.8  1 0.3363 0.3338 0.3299 
   H169633.5  1 0.3294 0.3351 0.3355 
   H169688.2  1 0.3370 0.3309 0.3321 
   H171901.5  1 0.3293 0.3309 0.3398 
   H171902.3  1 0.3361 0.3320 0.3319 
   H171903.5  1 0.3384 0.3318 0.3299 
      H177.6  1 0.3282 0.3343 0.3375 
      H179.1  1 0.3324 0.3313 0.3363 
      H180.2  1 0.3391 0.3324 0.3285 
      H181.7  1 0.3342 0.3344 0.3315 
 H194.6_2004  1 0.3299 0.3378 0.3323 
 H195.3_2003  1 0.3350 0.3313 0.3337 
 H195.3_2004  1 0.3286 0.3368 0.3346 
      H415.5  1 0.3354 0.3303 0.3342 
      H506.5  1 0.3348 0.3293 0.3358 
      H533.4  1 0.3352 0.3324 0.3324 
      H535.1  1 0.3362 0.3354 0.3284 
      H539.5  1 0.3324 0.3356 0.3319 
      H540.7  1 0.3341 0.3334 0.3325 
     H9558.1  1 0.3352 0.3345 0.3303 
    kos339.2  1 0.3313 0.3333 0.3354 
      H409.8 12 0.3361 0.3331 0.3308 
      H413.2 12 0.3390 0.3329 0.3281 
      H563.3 12 0.3384 0.3311 0.3305 
     H7374.6 12 0.3335 0.3352 0.3312 
     H9563.8 12 0.3315 0.3338 0.3347 
     H9572.4 12 0.3324 0.3329 0.3347 
