      H105.4  1 0.1505 0.1518 0.1062 0.1590 0.1550 0.1412 0.1363 
      H115.3  1 0.1150 0.2184 0.2173 0.1135 0.1066 0.1171 0.1121 
      H145.1  1 0.1441 0.1299 0.1204 0.1530 0.1943 0.1313 0.1270 
      H149.6  1 0.1446 0.0968 0.0947 0.1343 0.1874 0.1564 0.1857 
      H150.1  1 0.0781 0.3304 0.3422 0.0600 0.0629 0.0651 0.0613 
   H169607.8  1 0.1596 0.1420 0.1361 0.1462 0.1374 0.1506 0.1281 
   H169633.5  1 0.1448 0.0997 0.0863 0.1463 0.1709 0.1597 0.1922 
   H169688.2  1 0.1833 0.1104 0.0864 0.1348 0.1509 0.1763 0.1580 
   H171901.5  1 0.1514 0.1092 0.1137 0.1762 0.1494 0.1336 0.1666 
   H171902.3  1 0.1666 0.1223 0.1220 0.1294 0.1697 0.1540 0.1361 
   H171903.5  1 0.1573 0.1108 0.1071 0.1553 0.1254 0.1795 0.1646 
      H177.6  1 0.1634 0.1024 0.0918 0.1585 0.1718 0.1419 0.1702 
      H179.1  1 0.1455 0.1015 0.0970 0.1862 0.1524 0.1306 0.1868 
      H180.2  1 0.1624 0.1097 0.0896 0.1545 0.1477 0.1951 0.1410 
      H181.7  1 0.1624 0.0861 0.0838 0.1797 0.1528 0.1816 0.1537 
 H194.6_2004  1 0.1601 0.1149 0.1214 0.1501 0.1617 0.1500 0.1419 
 H195.3_2003  1 0.1587 0.1348 0.1389 0.1397 0.1498 0.1403 0.1378 
 H195.3_2004  1 0.1314 0.0953 0.0942 0.1693 0.2125 0.1608 0.1365 
      H415.5  1 0.1642 0.1091 0.0845 0.1277 0.1719 0.1699 0.1727 
      H506.5  1 0.1377 0.0891 0.0945 0.1789 0.1600 0.1774 0.1623 
      H533.4  1 0.1596 0.0797 0.1023 0.1770 0.1468 0.1383 0.1963 
      H535.1  1 0.1636 0.1187 0.1067 0.1532 0.1354 0.1624 0.1600 
      H539.5  1 0.0306 0.4093 0.4460 0.0300 0.0269 0.0287 0.0286 
      H540.7  1 0.1151 0.1942 0.2439 0.1207 0.1131 0.1031 0.1098 
     H9558.1  1 0.0705 0.3063 0.3585 0.0689 0.0692 0.0676 0.0589 
    kos339.2  1 0.1551 0.0868 0.0964 0.1450 0.1934 0.1403 0.1830 
      H409.8 12 0.1807 0.0908 0.0923 0.1465 0.1684 0.1784 0.1430 
      H413.2 12 0.1846 0.1030 0.0948 0.1526 0.1407 0.1922 0.1321 
      H563.3 12 0.1616 0.1258 0.1400 0.1406 0.1582 0.1291 0.1447 
     H7374.6 12 0.1702 0.1080 0.0943 0.1497 0.1551 0.1592 0.1635 
     H9563.8 12 0.1505 0.0943 0.1153 0.1636 0.1601 0.1594 0.1568 
     H9572.4 12 0.1488 0.1273 0.1237 0.1741 0.1420 0.1222 0.1618 
