      H105.4  1 0.1561 0.1747 0.1885 0.2010 0.1388 0.1410 
      H115.3  1 0.3177 0.1175 0.0884 0.1459 0.1221 0.2084 
      H145.1  1 0.1343 0.1499 0.2159 0.1821 0.1800 0.1379 
      H149.6  1 0.1105 0.1253 0.1959 0.1732 0.2718 0.1232 
      H150.1  1 0.4488 0.0735 0.0596 0.0874 0.0522 0.2785 
   H169607.8  1 0.1531 0.2252 0.1689 0.1931 0.1227 0.1369 
   H169633.5  1 0.1030 0.1474 0.2460 0.1601 0.1994 0.1441 
   H169688.2  1 0.1193 0.2098 0.1890 0.2005 0.1558 0.1256 
   H171901.5  1 0.1237 0.1461 0.1995 0.1766 0.2259 0.1281 
   H171902.3  1 0.1288 0.2099 0.1495 0.1856 0.1851 0.1410 
   H171903.5  1 0.1040 0.1843 0.1845 0.1808 0.2082 0.1381 
      H177.6  1 0.1201 0.1667 0.1877 0.1835 0.2313 0.1107 
      H179.1  1 0.1057 0.1775 0.1084 0.1429 0.2655 0.1999 
      H180.2  1 0.1164 0.2469 0.1677 0.1944 0.1657 0.1089 
      H181.7  1 0.1217 0.1990 0.1742 0.1645 0.1581 0.1825 
 H194.6_2004  1 0.1357 0.1944 0.1990 0.1811 0.1838 0.1060 
 H195.3_2003  1 0.1456 0.1864 0.1807 0.1887 0.1645 0.1341 
 H195.3_2004  1 0.1145 0.1300 0.2270 0.1720 0.2176 0.1390 
      H415.5  1 0.0762 0.1678 0.1794 0.2003 0.2431 0.1333 
      H506.5  1 0.0898 0.1744 0.1425 0.1764 0.2239 0.1929 
      H533.4  1 0.1062 0.1549 0.1147 0.1545 0.2531 0.2165 
      H535.1  1 0.1172 0.1758 0.1966 0.1840 0.1861 0.1404 
      H539.5  1 0.5197 0.0284 0.0230 0.0926 0.0264 0.3099 
      H540.7  1 0.3002 0.1329 0.1273 0.1119 0.0916 0.2362 
     H9558.1  1 0.3887 0.0917 0.0697 0.1238 0.0825 0.2436 
    kos339.2  1 0.1086 0.1416 0.2296 0.1538 0.1965 0.1700 
      H409.8 12 0.0933 0.2243 0.1838 0.2220 0.1782 0.0984 
      H413.2 12 0.1214 0.2259 0.2128 0.1539 0.1459 0.1401 
      H563.3 12 0.1451 0.1830 0.1695 0.1943 0.1229 0.1852 
     H7374.6 12 0.1165 0.1825 0.2162 0.1984 0.1643 0.1220 
     H9563.8 12 0.1120 0.2363 0.1898 0.1765 0.1741 0.1114 
     H9572.4 12 0.1212 0.1937 0.1723 0.2044 0.1548 0.1537 
