      H105.4  1 0.1601 0.1132 0.1084 0.1538 0.1502 0.1600 0.1543 
      H115.3  1 0.1332 0.1251 0.2101 0.1135 0.1352 0.1217 0.1612 
      H145.1  1 0.1742 0.1629 0.1167 0.1150 0.1353 0.1594 0.1365 
      H149.6  1 0.1750 0.1838 0.0683 0.1289 0.1427 0.1368 0.1645 
      H150.1  1 0.0941 0.1030 0.3610 0.1209 0.1085 0.1012 0.1112 
   H169607.8  1 0.1446 0.1281 0.1524 0.1473 0.1400 0.1577 0.1299 
   H169633.5  1 0.1639 0.1751 0.0961 0.1388 0.1268 0.1368 0.1625 
   H169688.2  1 0.1335 0.1472 0.0759 0.1501 0.1673 0.1768 0.1492 
   H171901.5  1 0.1618 0.1744 0.1064 0.1353 0.1435 0.1380 0.1406 
   H171902.3  1 0.1508 0.1093 0.1280 0.1802 0.1435 0.1644 0.1238 
   H171903.5  1 0.1543 0.1342 0.1112 0.1495 0.1616 0.1455 0.1437 
      H177.6  1 0.1566 0.1625 0.0946 0.1476 0.1418 0.1545 0.1424 
      H179.1  1 0.1234 0.1665 0.1125 0.1481 0.1403 0.1572 0.1518 
      H180.2  1 0.1213 0.1208 0.0953 0.1569 0.1715 0.1694 0.1648 
      H181.7  1 0.1519 0.1294 0.0850 0.1555 0.1697 0.1628 0.1457 
 H194.6_2004  1 0.1405 0.1343 0.1375 0.1421 0.1295 0.1588 0.1572 
 H195.3_2003  1 0.1330 0.1372 0.1239 0.1581 0.1592 0.1532 0.1354 
 H195.3_2004  1 0.1592 0.1861 0.0724 0.1543 0.1438 0.1280 0.1561 
      H415.5  1 0.1712 0.1543 0.0693 0.1583 0.1661 0.1463 0.1345 
      H506.5  1 0.1400 0.1446 0.0928 0.1623 0.1403 0.1566 0.1634 
      H533.4  1 0.1336 0.1716 0.1001 0.1416 0.1515 0.1489 0.1527 
      H535.1  1 0.1451 0.1293 0.1055 0.1695 0.1680 0.1490 0.1336 
      H539.5  1 0.0637 0.0864 0.5225 0.0913 0.0804 0.0677 0.0880 
      H540.7  1 0.1225 0.1261 0.2586 0.1049 0.1314 0.1294 0.1272 
     H9558.1  1 0.0973 0.1142 0.3787 0.1200 0.0962 0.1061 0.0875 
    kos339.2  1 0.1638 0.1914 0.0816 0.1490 0.1347 0.1275 0.1520 
      H409.8 12 0.1503 0.1515 0.0657 0.1524 0.1793 0.1664 0.1345 
      H413.2 12 0.1545 0.1398 0.1027 0.1542 0.1370 0.1672 0.1447 
      H563.3 12 0.1305 0.1288 0.1305 0.1494 0.1422 0.1715 0.1470 
     H7374.6 12 0.1640 0.1568 0.0870 0.1664 0.1357 0.1634 0.1266 
     H9563.8 12 0.1616 0.1305 0.0785 0.1498 0.1498 0.1736 0.1560 
     H9572.4 12 0.1265 0.1463 0.1387 0.1529 0.1586 0.1304 0.1466 
