      H105.4  1 0.1690 0.2648 0.2655 0.3006 
      H115.3  1 0.3560 0.2088 0.2011 0.2341 
      H145.1  1 0.2154 0.2531 0.2351 0.2964 
      H149.6  1 0.1690 0.2605 0.2972 0.2733 
      H150.1  1 0.5072 0.1632 0.1681 0.1615 
   H169607.8  1 0.1868 0.2884 0.2596 0.2652 
   H169633.5  1 0.1998 0.2512 0.2707 0.2783 
   H169688.2  1 0.1468 0.2920 0.2611 0.3001 
   H171901.5  1 0.1795 0.2502 0.3051 0.2652 
   H171902.3  1 0.1805 0.2934 0.2569 0.2693 
   H171903.5  1 0.1769 0.2641 0.2753 0.2837 
      H177.6  1 0.1939 0.2667 0.2780 0.2614 
      H179.1  1 0.1599 0.2640 0.2482 0.3279 
      H180.2  1 0.1722 0.2999 0.2560 0.2719 
      H181.7  1 0.1443 0.3109 0.2624 0.2824 
 H194.6_2004  1 0.1918 0.2690 0.2637 0.2755 
 H195.3_2003  1 0.2075 0.2941 0.2333 0.2651 
 H195.3_2004  1 0.1781 0.2819 0.2641 0.2759 
      H415.5  1 0.1495 0.2893 0.2748 0.2864 
      H506.5  1 0.1633 0.2900 0.2720 0.2747 
      H533.4  1 0.1662 0.2716 0.2527 0.3094 
      H535.1  1 0.1896 0.3264 0.2395 0.2446 
      H539.5  1 0.5647 0.1344 0.1592 0.1416 
      H540.7  1 0.4228 0.1848 0.2154 0.1770 
     H9558.1  1 0.4407 0.1868 0.1922 0.1803 
    kos339.2  1 0.1797 0.2727 0.2906 0.2571 
      H409.8 12 0.1344 0.3088 0.2823 0.2745 
      H413.2 12 0.1451 0.3364 0.2694 0.2491 
      H563.3 12 0.2236 0.2810 0.2538 0.2415 
     H7374.6 12 0.1561 0.3190 0.2786 0.2463 
     H9563.8 12 0.1561 0.2678 0.2644 0.3117 
     H9572.4 12 0.1854 0.2829 0.2894 0.2423 
