      H105.4  1 0.1643 0.2114 0.1934 0.2158 0.2150 
      H115.3  1 0.1652 0.1794 0.2485 0.1603 0.2465 
      H145.1  1 0.2553 0.1930 0.1763 0.2010 0.1744 
      H149.6  1 0.3123 0.1905 0.1204 0.2142 0.1626 
      H150.1  1 0.1014 0.1354 0.3728 0.1233 0.2671 
   H169607.8  1 0.1683 0.2425 0.1904 0.2070 0.1919 
   H169633.5  1 0.2850 0.1710 0.1447 0.2211 0.1781 
   H169688.2  1 0.2046 0.2426 0.1222 0.2085 0.2222 
   H171901.5  1 0.2554 0.1876 0.1628 0.2049 0.1894 
   H171902.3  1 0.1613 0.2521 0.1628 0.2073 0.2165 
   H171903.5  1 0.2091 0.2374 0.1188 0.2190 0.2158 
      H177.6  1 0.2607 0.1977 0.1465 0.2103 0.1849 
      H179.1  1 0.1888 0.2039 0.1919 0.2516 0.1638 
      H180.2  1 0.1893 0.2512 0.1259 0.2089 0.2247 
      H181.7  1 0.1960 0.2613 0.1566 0.2142 0.1719 
 H194.6_2004  1 0.2245 0.2045 0.1810 0.2115 0.1785 
 H195.3_2003  1 0.1658 0.2118 0.1918 0.1917 0.2389 
 H195.3_2004  1 0.2566 0.2027 0.1331 0.2110 0.1966 
      H415.5  1 0.2457 0.2335 0.1184 0.2249 0.1775 
      H506.5  1 0.1935 0.2120 0.1562 0.2511 0.1872 
      H533.4  1 0.2149 0.2196 0.1511 0.2426 0.1717 
      H535.1  1 0.2323 0.2177 0.1412 0.2162 0.1925 
      H539.5  1 0.0858 0.0822 0.4946 0.0935 0.2439 
      H540.7  1 0.1446 0.1552 0.3180 0.1473 0.2348 
     H9558.1  1 0.1196 0.1593 0.3740 0.1275 0.2196 
    kos339.2  1 0.2988 0.1838 0.1374 0.2224 0.1577 
      H409.8 12 0.1824 0.2697 0.1152 0.2292 0.2035 
      H413.2 12 0.2139 0.2671 0.1290 0.1879 0.2021 
      H563.3 12 0.1782 0.2344 0.1872 0.2014 0.1988 
     H7374.6 12 0.2435 0.2394 0.1389 0.1869 0.1913 
     H9563.8 12 0.2249 0.2485 0.1214 0.2401 0.1652 
     H9572.4 12 0.1935 0.2262 0.1937 0.1925 0.1941 
