      H105.4  1 0.1482 0.1371 0.1371 0.1417 0.1512 0.1302 0.1545 
      H115.3  1 0.1256 0.1395 0.1413 0.1390 0.1386 0.1733 0.1427 
      H145.1  1 0.1560 0.1440 0.1444 0.1518 0.1401 0.1220 0.1418 
      H149.6  1 0.1444 0.1522 0.1470 0.1490 0.1411 0.1169 0.1493 
      H150.1  1 0.1234 0.1212 0.1213 0.1266 0.1222 0.2273 0.1580 
   H169607.8  1 0.1421 0.1393 0.1427 0.1381 0.1323 0.1682 0.1373 
   H169633.5  1 0.1506 0.1303 0.1525 0.1503 0.1420 0.1253 0.1490 
   H169688.2  1 0.1607 0.1413 0.1481 0.1614 0.1439 0.1205 0.1241 
   H171901.5  1 0.1397 0.1498 0.1368 0.1431 0.1552 0.1263 0.1490 
   H171902.3  1 0.1502 0.1466 0.1597 0.1444 0.1261 0.1303 0.1426 
   H171903.5  1 0.1406 0.1448 0.1611 0.1440 0.1488 0.1239 0.1368 
      H177.6  1 0.1507 0.1452 0.1357 0.1505 0.1564 0.1299 0.1317 
      H179.1  1 0.1482 0.1481 0.1469 0.1463 0.1558 0.1221 0.1326 
      H180.2  1 0.1474 0.1577 0.1484 0.1604 0.1420 0.1189 0.1251 
      H181.7  1 0.1444 0.1576 0.1419 0.1551 0.1460 0.1217 0.1333 
 H194.6_2004  1 0.1394 0.1409 0.1511 0.1486 0.1493 0.1194 0.1513 
 H195.3_2003  1 0.1398 0.1404 0.1534 0.1398 0.1516 0.1281 0.1467 
 H195.3_2004  1 0.1572 0.1295 0.1502 0.1453 0.1528 0.1228 0.1422 
      H415.5  1 0.1485 0.1504 0.1609 0.1594 0.1327 0.1146 0.1335 
      H506.5  1 0.1505 0.1397 0.1541 0.1627 0.1469 0.1198 0.1263 
      H533.4  1 0.1570 0.1432 0.1438 0.1482 0.1597 0.1163 0.1318 
      H535.1  1 0.1477 0.1481 0.1379 0.1473 0.1545 0.1212 0.1433 
      H539.5  1 0.1045 0.1043 0.1013 0.1097 0.1078 0.2962 0.1763 
      H540.7  1 0.1212 0.1266 0.1295 0.1304 0.1359 0.2329 0.1235 
     H9558.1  1 0.1222 0.1375 0.1228 0.1145 0.1186 0.2129 0.1715 
    kos339.2  1 0.1514 0.1482 0.1502 0.1407 0.1547 0.1167 0.1380 
      H409.8 12 0.1475 0.1623 0.1504 0.1455 0.1356 0.1179 0.1408 
      H413.2 12 0.1617 0.1386 0.1524 0.1497 0.1374 0.1282 0.1318 
      H563.3 12 0.1354 0.1456 0.1441 0.1261 0.1335 0.1891 0.1262 
     H7374.6 12 0.1549 0.1481 0.1517 0.1382 0.1463 0.1321 0.1287 
     H9563.8 12 0.1508 0.1511 0.1529 0.1496 0.1431 0.1227 0.1298 
     H9572.4 12 0.1372 0.1479 0.1384 0.1480 0.1415 0.1577 0.1293 
