      H105.4  1 0.1425 0.1337 0.1522 0.1450 0.1481 0.1383 0.1402 
      H115.3  1 0.1394 0.1513 0.1434 0.1415 0.1456 0.1348 0.1442 
      H145.1  1 0.1546 0.1368 0.1439 0.1389 0.1519 0.1323 0.1416 
      H149.6  1 0.1499 0.1155 0.1407 0.1497 0.1472 0.1486 0.1483 
      H150.1  1 0.1345 0.2019 0.1307 0.1354 0.1376 0.1290 0.1310 
   H169607.8  1 0.1396 0.1477 0.1374 0.1478 0.1429 0.1386 0.1460 
   H169633.5  1 0.1479 0.1252 0.1433 0.1424 0.1422 0.1501 0.1489 
   H169688.2  1 0.1496 0.1211 0.1401 0.1498 0.1416 0.1428 0.1551 
   H171901.5  1 0.1370 0.1296 0.1517 0.1395 0.1560 0.1447 0.1416 
   H171902.3  1 0.1468 0.1408 0.1433 0.1393 0.1485 0.1359 0.1455 
   H171903.5  1 0.1489 0.1223 0.1421 0.1440 0.1499 0.1430 0.1497 
      H177.6  1 0.1427 0.1311 0.1414 0.1432 0.1453 0.1493 0.1470 
      H179.1  1 0.1468 0.1349 0.1423 0.1437 0.1497 0.1397 0.1428 
      H180.2  1 0.1457 0.1221 0.1478 0.1524 0.1415 0.1385 0.1520 
      H181.7  1 0.1383 0.1271 0.1509 0.1401 0.1523 0.1412 0.1503 
 H194.6_2004  1 0.1378 0.1434 0.1462 0.1414 0.1447 0.1462 0.1404 
 H195.3_2003  1 0.1346 0.1461 0.1456 0.1452 0.1426 0.1430 0.1429 
 H195.3_2004  1 0.1447 0.1176 0.1450 0.1485 0.1370 0.1521 0.1550 
      H415.5  1 0.1498 0.1162 0.1435 0.1547 0.1488 0.1371 0.1499 
      H506.5  1 0.1446 0.1238 0.1506 0.1396 0.1472 0.1416 0.1526 
      H533.4  1 0.1349 0.1309 0.1544 0.1445 0.1473 0.1477 0.1403 
      H535.1  1 0.1446 0.1283 0.1475 0.1485 0.1394 0.1405 0.1511 
      H539.5  1 0.1167 0.2767 0.1258 0.1221 0.1181 0.1210 0.1195 
      H540.7  1 0.1348 0.1701 0.1422 0.1373 0.1358 0.1399 0.1400 
     H9558.1  1 0.1298 0.2276 0.1351 0.1269 0.1254 0.1259 0.1294 
    kos339.2  1 0.1468 0.1226 0.1445 0.1475 0.1531 0.1437 0.1417 
      H409.8 12 0.1432 0.1204 0.1614 0.1476 0.1475 0.1351 0.1447 
      H413.2 12 0.1401 0.1283 0.1521 0.1480 0.1372 0.1402 0.1541 
      H563.3 12 0.1392 0.1404 0.1429 0.1441 0.1443 0.1449 0.1442 
     H7374.6 12 0.1488 0.1189 0.1457 0.1465 0.1463 0.1497 0.1442 
     H9563.8 12 0.1422 0.1208 0.1440 0.1552 0.1488 0.1378 0.1512 
     H9572.4 12 0.1408 0.1387 0.1485 0.1442 0.1482 0.1446 0.1350 
