      H105.4  1 0.1573 0.1543 0.1626 0.1103 0.0991 0.1657 0.1507 
      H115.3  1 0.1115 0.0961 0.1201 0.1623 0.2818 0.1219 0.1064 
      H145.1  1 0.1605 0.1183 0.1566 0.1530 0.0856 0.1558 0.1703 
      H149.6  1 0.1416 0.1533 0.1488 0.2112 0.0453 0.1512 0.1486 
      H150.1  1 0.0838 0.0881 0.0741 0.1923 0.4239 0.0698 0.0681 
   H169607.8  1 0.1658 0.1593 0.1714 0.1274 0.1001 0.1285 0.1475 
   H169633.5  1 0.1544 0.1295 0.1514 0.1739 0.0574 0.1773 0.1561 
   H169688.2  1 0.1787 0.1930 0.1736 0.1087 0.0534 0.1625 0.1300 
   H171901.5  1 0.1711 0.1546 0.1434 0.1669 0.0697 0.1571 0.1370 
   H171902.3  1 0.1702 0.1626 0.1678 0.1059 0.1033 0.1341 0.1562 
   H171903.5  1 0.1719 0.1439 0.1594 0.1617 0.0651 0.1403 0.1575 
      H177.6  1 0.1449 0.1656 0.1576 0.1641 0.0881 0.1400 0.1397 
      H179.1  1 0.1230 0.1263 0.1139 0.1045 0.1884 0.1800 0.1639 
      H180.2  1 0.1781 0.1659 0.1528 0.1177 0.0837 0.1554 0.1464 
      H181.7  1 0.1686 0.1522 0.1671 0.1137 0.1014 0.1349 0.1621 
 H194.6_2004  1 0.1584 0.1485 0.1672 0.1414 0.1040 0.1402 0.1402 
 H195.3_2003  1 0.1547 0.1628 0.1544 0.1144 0.1208 0.1487 0.1442 
 H195.3_2004  1 0.1445 0.1581 0.1500 0.1730 0.0600 0.1476 0.1668 
      H415.5  1 0.1716 0.1846 0.1834 0.1557 0.0493 0.1293 0.1261 
      H506.5  1 0.1316 0.1414 0.1424 0.1301 0.1566 0.1605 0.1373 
      H533.4  1 0.1403 0.1351 0.1518 0.1157 0.1469 0.1713 0.1389 
      H535.1  1 0.1586 0.1663 0.1751 0.1278 0.0833 0.1310 0.1580 
      H539.5  1 0.0335 0.0345 0.0371 0.2054 0.5936 0.0492 0.0467 
      H540.7  1 0.1209 0.1211 0.1120 0.1657 0.2481 0.1092 0.1232 
     H9558.1  1 0.0772 0.0945 0.0758 0.1634 0.4388 0.0689 0.0815 
    kos339.2  1 0.1506 0.1348 0.1479 0.1805 0.0641 0.1813 0.1408 
      H409.8 12 0.1980 0.1666 0.1855 0.0925 0.0461 0.1373 0.1740 
      H413.2 12 0.1972 0.1712 0.1794 0.1192 0.0528 0.1457 0.1345 
      H563.3 12 0.1548 0.1564 0.1551 0.1324 0.0833 0.1499 0.1681 
     H7374.6 12 0.1541 0.1631 0.1819 0.1182 0.0508 0.1703 0.1618 
     H9563.8 12 0.1612 0.1692 0.1678 0.1337 0.0546 0.1635 0.1500 
     H9572.4 12 0.1640 0.1534 0.1607 0.1138 0.1112 0.1470 0.1498 
