1:    0.004 0.009 0.006 0.003 0.788 0.004 0.008 0.009 0.012 0.022 0.009 0.009 0.028 0.007 0.006 0.008 0.004 0.009 0.008 0.022 0.005 0.010 0.010 1    
2:    0.009 0.010 0.030 0.015 0.650 0.009 0.011 0.016 0.005 0.043 0.024 0.029 0.031 0.009 0.009 0.007 0.009 0.035 0.009 0.006 0.010 0.007 0.015 1    
3:    0.006 0.015 0.009 0.014 0.785 0.007 0.005 0.009 0.014 0.011 0.009 0.027 0.013 0.006 0.006 0.006 0.005 0.006 0.010 0.005 0.005 0.008 0.019 1    
4:    0.003 0.018 0.020 0.100 0.514 0.015 0.011 0.010 0.012 0.021 0.008 0.026 0.107 0.005 0.012 0.008 0.011 0.028 0.011 0.008 0.022 0.011 0.018 1    
5:    0.007 0.021 0.110 0.038 0.262 0.016 0.038 0.086 0.032 0.033 0.021 0.008 0.062 0.007 0.028 0.037 0.008 0.032 0.019 0.033 0.007 0.010 0.084 1    
6:    0.005 0.007 0.011 0.024 0.739 0.010 0.005 0.007 0.012 0.004 0.004 0.040 0.055 0.005 0.009 0.015 0.007 0.005 0.006 0.004 0.007 0.007 0.012 1    
7:    0.007 0.008 0.005 0.005 0.828 0.007 0.004 0.006 0.005 0.006 0.005 0.011 0.022 0.004 0.009 0.006 0.007 0.015 0.006 0.009 0.005 0.014 0.005 1    
8:    0.007 0.008 0.009 0.008 0.809 0.005 0.005 0.004 0.004 0.014 0.008 0.019 0.034 0.006 0.004 0.005 0.005 0.006 0.007 0.004 0.005 0.017 0.006 1    
9:    0.015 0.008 0.007 0.011 0.011 0.012 0.013 0.008 0.041 0.018 0.007 0.030 0.009 0.006 0.019 0.682 0.005 0.015 0.007 0.016 0.016 0.017 0.027 1    
10:   0.010 0.004 0.006 0.008 0.011 0.006 0.010 0.014 0.012 0.010 0.005 0.008 0.004 0.009 0.008 0.827 0.004 0.007 0.007 0.008 0.008 0.007 0.007 1    
11:   0.004 0.015 0.010 0.176 0.012 0.003 0.066 0.043 0.031 0.005 0.018 0.009 0.009 0.008 0.012 0.513 0.006 0.007 0.009 0.017 0.013 0.006 0.008 1    
12:   0.026 0.007 0.015 0.006 0.026 0.007 0.516 0.148 0.025 0.017 0.031 0.007 0.008 0.007 0.006 0.025 0.005 0.005 0.006 0.040 0.012 0.007 0.047 1    
13:   0.008 0.029 0.011 0.052 0.028 0.020 0.063 0.023 0.093 0.011 0.094 0.013 0.016 0.042 0.010 0.350 0.016 0.014 0.014 0.026 0.006 0.033 0.028 1    
14:   0.011 0.012 0.085 0.038 0.012 0.005 0.067 0.191 0.038 0.005 0.019 0.011 0.009 0.011 0.038 0.345 0.008 0.028 0.008 0.017 0.011 0.023 0.009 1    
15:   0.013 0.010 0.014 0.037 0.010 0.016 0.046 0.163 0.023 0.010 0.047 0.048 0.011 0.005 0.086 0.318 0.008 0.044 0.007 0.037 0.029 0.007 0.012 1    
16:   0.009 0.008 0.012 0.017 0.021 0.005 0.074 0.038 0.046 0.011 0.026 0.013 0.009 0.045 0.010 0.565 0.006 0.013 0.010 0.014 0.008 0.037 0.006 1    
17:   0.022 0.006 0.006 0.024 0.005 0.010 0.007 0.004 0.015 0.008 0.005 0.009 0.017 0.005 0.007 0.779 0.005 0.006 0.008 0.010 0.005 0.020 0.017 1    
18:   0.004 0.007 0.009 0.009 0.003 0.005 0.008 0.004 0.006 0.004 0.003 0.007 0.011 0.014 0.015 0.007 0.847 0.004 0.005 0.006 0.004 0.007 0.012 1    
19:   0.004 0.005 0.011 0.087 0.007 0.005 0.007 0.006 0.008 0.007 0.003 0.005 0.008 0.014 0.007 0.005 0.768 0.012 0.004 0.005 0.005 0.006 0.012 1    
20:   0.003 0.005 0.018 0.006 0.003 0.004 0.005 0.004 0.003 0.003 0.009 0.004 0.008 0.040 0.011 0.005 0.824 0.004 0.007 0.005 0.005 0.018 0.006 1    
21:   0.004 0.005 0.005 0.004 0.004 0.005 0.005 0.003 0.007 0.003 0.004 0.011 0.008 0.006 0.008 0.004 0.887 0.004 0.003 0.006 0.005 0.005 0.005 1    
22:   0.003 0.004 0.019 0.004 0.003 0.004 0.005 0.007 0.005 0.004 0.006 0.005 0.006 0.099 0.009 0.005 0.780 0.004 0.005 0.004 0.005 0.009 0.005 1    
23:   0.004 0.004 0.005 0.045 0.006 0.004 0.006 0.005 0.005 0.004 0.008 0.004 0.006 0.009 0.004 0.004 0.829 0.025 0.005 0.005 0.005 0.004 0.004 1    
24:   0.003 0.004 0.006 0.006 0.004 0.004 0.008 0.005 0.007 0.003 0.010 0.005 0.006 0.004 0.006 0.003 0.887 0.005 0.003 0.007 0.005 0.005 0.004 1    
25:   0.003 0.003 0.003 0.004 0.003 0.004 0.003 0.004 0.921 0.004 0.003 0.003 0.003 0.004 0.004 0.005 0.004 0.004 0.003 0.004 0.003 0.004 0.003 1    
26:   0.003 0.005 0.005 0.004 0.004 0.006 0.004 0.016 0.837 0.004 0.004 0.009 0.007 0.003 0.030 0.004 0.011 0.010 0.004 0.012 0.004 0.004 0.011 1    
27:   0.005 0.016 0.006 0.011 0.009 0.014 0.008 0.033 0.671 0.011 0.010 0.028 0.010 0.005 0.021 0.006 0.049 0.016 0.010 0.031 0.010 0.008 0.010 1    
28:   0.004 0.007 0.005 0.010 0.011 0.008 0.004 0.006 0.825 0.016 0.004 0.006 0.005 0.007 0.005 0.004 0.004 0.007 0.005 0.010 0.035 0.006 0.005 1    
29:   0.007 0.012 0.006 0.009 0.016 0.008 0.007 0.017 0.523 0.024 0.010 0.018 0.013 0.004 0.043 0.003 0.033 0.042 0.009 0.127 0.026 0.010 0.034 1    
30:   0.004 0.005 0.004 0.004 0.007 0.008 0.004 0.015 0.819 0.004 0.004 0.009 0.005 0.004 0.028 0.003 0.009 0.029 0.004 0.011 0.004 0.004 0.011 1    
31:   0.014 0.012 0.011 0.019 0.034 0.062 0.008 0.017 0.501 0.030 0.012 0.011 0.006 0.010 0.019 0.005 0.021 0.085 0.013 0.035 0.044 0.014 0.019 1    
32:   0.004 0.005 0.007 0.011 0.008 0.004 0.021 0.015 0.003 0.005 0.007 0.007 0.005 0.012 0.009 0.842 0.005 0.004 0.005 0.005 0.005 0.008 0.004 1    
33:   0.004 0.012 0.010 0.008 0.015 0.006 0.079 0.044 0.017 0.007 0.011 0.011 0.003 0.015 0.023 0.672 0.004 0.013 0.005 0.017 0.009 0.005 0.008 1    
34:   0.008 0.007 0.007 0.005 0.007 0.009 0.013 0.020 0.006 0.006 0.011 0.024 0.008 0.008 0.028 0.777 0.007 0.016 0.004 0.008 0.006 0.009 0.005 1    
35:   0.008 0.005 0.006 0.006 0.004 0.008 0.008 0.009 0.003 0.003 0.009 0.008 0.009 0.010 0.010 0.855 0.007 0.007 0.004 0.006 0.004 0.008 0.003 1    
36:   0.005 0.019 0.011 0.025 0.024 0.005 0.091 0.064 0.011 0.008 0.015 0.026 0.007 0.005 0.024 0.574 0.007 0.011 0.010 0.022 0.025 0.007 0.005 1    
37:   0.003 0.010 0.013 0.012 0.040 0.005 0.105 0.372 0.007 0.014 0.061 0.012 0.005 0.014 0.016 0.215 0.006 0.011 0.008 0.027 0.029 0.004 0.010 1    
38:   0.005 0.005 0.007 0.025 0.004 0.004 0.009 0.007 0.004 0.004 0.004 0.013 0.006 0.007 0.010 0.852 0.005 0.005 0.004 0.004 0.004 0.007 0.004 1    
39:   0.020 0.033 0.018 0.023 0.004 0.007 0.088 0.008 0.008 0.059 0.016 0.016 0.013 0.021 0.465 0.026 0.040 0.019 0.014 0.021 0.013 0.020 0.047 1    
40:   0.028 0.033 0.015 0.011 0.007 0.005 0.016 0.008 0.006 0.010 0.012 0.017 0.071 0.004 0.567 0.026 0.032 0.011 0.011 0.010 0.032 0.031 0.036 1    
41:   0.012 0.030 0.013 0.036 0.008 0.008 0.034 0.008 0.006 0.038 0.022 0.016 0.051 0.015 0.321 0.011 0.065 0.080 0.025 0.094 0.007 0.065 0.034 1    
42:   0.006 0.016 0.016 0.015 0.007 0.005 0.005 0.004 0.004 0.007 0.007 0.007 0.022 0.005 0.777 0.007 0.027 0.007 0.018 0.007 0.009 0.006 0.016 1    
43:   0.022 0.043 0.008 0.035 0.005 0.005 0.023 0.014 0.009 0.006 0.011 0.010 0.098 0.006 0.311 0.067 0.032 0.010 0.012 0.050 0.142 0.027 0.053 1    
44:   0.034 0.014 0.006 0.008 0.010 0.004 0.010 0.006 0.004 0.014 0.012 0.006 0.126 0.004 0.617 0.009 0.012 0.010 0.008 0.010 0.014 0.037 0.024 1    
45:   0.040 0.070 0.013 0.009 0.015 0.004 0.268 0.013 0.013 0.097 0.015 0.019 0.029 0.005 0.208 0.022 0.021 0.011 0.007 0.008 0.032 0.062 0.019 1    
46:   0.014 0.031 0.015 0.012 0.006 0.007 0.006 0.005 0.004 0.013 0.009 0.007 0.148 0.004 0.586 0.009 0.015 0.013 0.014 0.007 0.011 0.035 0.028 1    
47:   0.013 0.005 0.007 0.011 0.011 0.013 0.009 0.011 0.758 0.008 0.014 0.020 0.007 0.014 0.006 0.010 0.025 0.010 0.023 0.007 0.004 0.007 0.008 1    
48:   0.020 0.003 0.008 0.005 0.016 0.009 0.019 0.011 0.721 0.015 0.012 0.014 0.003 0.008 0.003 0.004 0.014 0.049 0.010 0.005 0.008 0.012 0.030 1    
49:   0.012 0.006 0.004 0.006 0.012 0.018 0.008 0.022 0.801 0.006 0.008 0.013 0.005 0.005 0.005 0.011 0.012 0.006 0.010 0.010 0.006 0.009 0.008 1    
50:   0.008 0.006 0.006 0.015 0.011 0.008 0.005 0.010 0.806 0.006 0.010 0.015 0.008 0.013 0.007 0.010 0.013 0.004 0.006 0.011 0.006 0.006 0.008 1    
51:   0.007 0.006 0.006 0.016 0.011 0.008 0.004 0.011 0.806 0.005 0.009 0.016 0.008 0.011 0.007 0.013 0.009 0.005 0.006 0.016 0.004 0.008 0.008 1    
52:   0.041 0.008 0.018 0.004 0.006 0.018 0.197 0.005 0.014 0.020 0.097 0.005 0.093 0.005 0.073 0.017 0.078 0.197 0.047 0.007 0.021 0.013 0.015 1    
53:   0.017 0.010 0.014 0.004 0.028 0.021 0.276 0.006 0.007 0.026 0.055 0.004 0.021 0.016 0.005 0.021 0.022 0.182 0.199 0.008 0.041 0.013 0.006 1    
54:   0.007 0.005 0.008 0.005 0.008 0.009 0.747 0.006 0.011 0.011 0.015 0.008 0.009 0.008 0.005 0.015 0.010 0.040 0.023 0.012 0.031 0.004 0.003 1    
55:   0.008 0.004 0.011 0.006 0.006 0.008 0.736 0.004 0.007 0.006 0.011 0.005 0.006 0.011 0.005 0.107 0.007 0.009 0.015 0.009 0.008 0.006 0.004 1    
56:   0.010 0.004 0.006 0.006 0.007 0.009 0.711 0.004 0.006 0.006 0.014 0.005 0.004 0.014 0.008 0.110 0.009 0.011 0.031 0.009 0.008 0.005 0.004 1    
57:   0.038 0.007 0.010 0.006 0.040 0.010 0.351 0.003 0.016 0.069 0.037 0.004 0.044 0.039 0.008 0.028 0.052 0.068 0.035 0.008 0.110 0.007 0.010 1    
58:   0.007 0.005 0.010 0.004 0.007 0.014 0.781 0.011 0.013 0.009 0.015 0.006 0.005 0.008 0.006 0.011 0.027 0.007 0.025 0.006 0.014 0.005 0.003 1    
59:   0.005 0.006 0.008 0.049 0.013 0.018 0.081 0.049 0.016 0.011 0.013 0.011 0.014 0.048 0.022 0.019 0.018 0.541 0.019 0.012 0.009 0.008 0.009 1    
60:   0.005 0.007 0.014 0.011 0.010 0.005 0.009 0.014 0.828 0.005 0.004 0.005 0.013 0.005 0.009 0.010 0.009 0.005 0.012 0.006 0.005 0.006 0.005 1    
61:   0.011 0.006 0.012 0.020 0.006 0.009 0.019 0.010 0.664 0.006 0.016 0.005 0.009 0.006 0.019 0.011 0.011 0.038 0.072 0.014 0.018 0.008 0.013 1    
62:   0.006 0.008 0.010 0.012 0.020 0.004 0.017 0.008 0.789 0.008 0.006 0.006 0.006 0.006 0.027 0.007 0.007 0.007 0.010 0.006 0.010 0.008 0.010 1    
63:   0.007 0.015 0.019 0.014 0.018 0.007 0.013 0.011 0.699 0.014 0.004 0.005 0.007 0.006 0.056 0.010 0.008 0.014 0.025 0.010 0.018 0.006 0.012 1    
64:   0.016 0.023 0.028 0.034 0.029 0.011 0.028 0.013 0.444 0.015 0.005 0.010 0.013 0.007 0.170 0.022 0.022 0.014 0.031 0.009 0.029 0.008 0.019 1    
65:   0.025 0.006 0.009 0.011 0.012 0.015 0.036 0.015 0.540 0.008 0.008 0.005 0.012 0.005 0.015 0.019 0.030 0.020 0.106 0.010 0.067 0.017 0.010 1    
66:   0.012 0.007 0.014 0.010 0.004 0.006 0.007 0.005 0.007 0.010 0.006 0.005 0.005 0.044 0.801 0.009 0.009 0.004 0.010 0.003 0.008 0.005 0.008 1    
67:   0.006 0.005 0.022 0.006 0.004 0.005 0.008 0.009 0.024 0.021 0.007 0.004 0.009 0.015 0.795 0.007 0.008 0.005 0.006 0.003 0.020 0.004 0.006 1    
68:   0.014 0.005 0.007 0.004 0.008 0.007 0.008 0.006 0.010 0.009 0.019 0.006 0.005 0.019 0.813 0.008 0.006 0.009 0.011 0.004 0.005 0.010 0.005 1    
69:   0.008 0.005 0.006 0.005 0.006 0.006 0.011 0.006 0.028 0.013 0.006 0.005 0.007 0.007 0.827 0.012 0.005 0.005 0.007 0.004 0.008 0.007 0.007 1    
70:   0.007 0.005 0.011 0.005 0.005 0.008 0.004 0.006 0.075 0.004 0.005 0.009 0.005 0.013 0.790 0.007 0.010 0.004 0.007 0.004 0.004 0.006 0.005 1    
71:   0.006 0.005 0.009 0.013 0.003 0.006 0.005 0.007 0.016 0.012 0.005 0.003 0.008 0.013 0.822 0.008 0.008 0.003 0.007 0.004 0.025 0.004 0.007 1    
72:   0.003 0.005 0.021 0.006 0.004 0.005 0.007 0.009 0.020 0.005 0.004 0.005 0.005 0.027 0.824 0.006 0.010 0.006 0.004 0.004 0.009 0.004 0.007 1    
73:   0.005 0.006 0.009 0.007 0.004 0.006 0.006 0.007 0.020 0.023 0.006 0.004 0.005 0.020 0.818 0.008 0.007 0.006 0.006 0.004 0.012 0.005 0.006 1    
74:   0.005 0.006 0.011 0.008 0.005 0.010 0.007 0.006 0.007 0.005 0.004 0.009 0.006 0.019 0.801 0.043 0.007 0.005 0.013 0.004 0.006 0.006 0.006 1    
75:   0.029 0.037 0.011 0.015 0.012 0.006 0.069 0.011 0.021 0.004 0.006 0.009 0.478 0.005 0.070 0.065 0.016 0.014 0.011 0.013 0.039 0.016 0.044 1    
76:   0.017 0.027 0.033 0.017 0.019 0.009 0.053 0.008 0.007 0.010 0.007 0.008 0.457 0.014 0.013 0.027 0.015 0.010 0.021 0.039 0.034 0.058 0.096 1    
77:   0.020 0.018 0.030 0.019 0.015 0.021 0.040 0.029 0.021 0.009 0.007 0.007 0.132 0.016 0.034 0.049 0.012 0.030 0.022 0.069 0.045 0.029 0.325 1    
78:   0.007 0.011 0.029 0.033 0.009 0.012 0.039 0.024 0.007 0.005 0.013 0.012 0.025 0.007 0.229 0.019 0.031 0.412 0.029 0.010 0.021 0.007 0.011 1    
79:   0.026 0.013 0.009 0.009 0.019 0.012 0.348 0.012 0.021 0.019 0.009 0.006 0.035 0.010 0.027 0.047 0.009 0.020 0.031 0.148 0.024 0.018 0.126 1    
80:   0.010 0.049 0.012 0.025 0.008 0.010 0.328 0.007 0.039 0.009 0.011 0.005 0.073 0.005 0.120 0.026 0.009 0.028 0.054 0.058 0.076 0.013 0.026 1    
81:   0.010 0.018 0.195 0.013 0.007 0.021 0.013 0.012 0.170 0.016 0.005 0.005 0.023 0.010 0.025 0.025 0.010 0.158 0.086 0.008 0.142 0.009 0.019 1    
82:   0.021 0.223 0.083 0.017 0.008 0.013 0.023 0.018 0.078 0.155 0.014 0.008 0.015 0.012 0.013 0.012 0.083 0.006 0.028 0.035 0.048 0.060 0.029 1    
83:   0.007 0.054 0.073 0.143 0.005 0.028 0.025 0.030 0.269 0.048 0.005 0.005 0.017 0.016 0.024 0.016 0.036 0.009 0.029 0.018 0.106 0.012 0.025 1    
84:   0.008 0.077 0.060 0.015 0.022 0.013 0.008 0.011 0.130 0.083 0.005 0.006 0.028 0.009 0.010 0.005 0.047 0.095 0.191 0.009 0.098 0.013 0.056 1    
85:   0.007 0.034 0.042 0.008 0.035 0.011 0.016 0.017 0.017 0.011 0.009 0.006 0.020 0.006 0.017 0.011 0.012 0.104 0.516 0.024 0.049 0.016 0.012 1    
86:   0.014 0.020 0.093 0.102 0.005 0.027 0.015 0.029 0.426 0.039 0.005 0.004 0.012 0.020 0.017 0.017 0.029 0.012 0.031 0.013 0.041 0.011 0.018 1    
87:   0.159 0.015 0.005 0.023 0.018 0.037 0.009 0.006 0.009 0.569 0.006 0.010 0.005 0.006 0.021 0.009 0.005 0.024 0.020 0.010 0.019 0.008 0.008 1    
88:   0.263 0.042 0.011 0.009 0.014 0.048 0.033 0.018 0.007 0.350 0.005 0.018 0.010 0.005 0.023 0.013 0.004 0.018 0.011 0.015 0.039 0.014 0.030 1    
89:   0.554 0.010 0.007 0.020 0.018 0.017 0.023 0.006 0.005 0.110 0.011 0.009 0.014 0.005 0.009 0.011 0.007 0.053 0.030 0.020 0.040 0.012 0.008 1    
90:   0.152 0.025 0.040 0.009 0.024 0.046 0.012 0.009 0.030 0.176 0.022 0.010 0.011 0.007 0.007 0.005 0.031 0.026 0.030 0.011 0.096 0.021 0.200 1    
91:   0.008 0.006 0.153 0.005 0.014 0.007 0.451 0.066 0.008 0.047 0.032 0.010 0.007 0.016 0.007 0.064 0.004 0.008 0.016 0.016 0.013 0.006 0.037 1    
92:   0.005 0.011 0.093 0.024 0.055 0.016 0.399 0.038 0.013 0.023 0.055 0.016 0.011 0.021 0.014 0.111 0.005 0.024 0.021 0.008 0.018 0.007 0.014 1    
93:   0.009 0.010 0.089 0.007 0.008 0.037 0.279 0.007 0.006 0.005 0.009 0.011 0.010 0.011 0.004 0.360 0.006 0.009 0.005 0.014 0.006 0.031 0.069 1    
94:   0.006 0.007 0.040 0.008 0.051 0.012 0.323 0.173 0.023 0.045 0.031 0.069 0.009 0.026 0.013 0.037 0.008 0.022 0.030 0.021 0.017 0.020 0.009 1    
95:   0.010 0.057 0.008 0.006 0.032 0.005 0.301 0.283 0.010 0.027 0.032 0.010 0.015 0.035 0.008 0.036 0.011 0.017 0.015 0.009 0.022 0.043 0.008 1    
96:   0.010 0.010 0.007 0.013 0.029 0.011 0.109 0.076 0.016 0.008 0.030 0.008 0.008 0.040 0.009 0.034 0.033 0.010 0.006 0.009 0.015 0.499 0.011 1    
97:   0.011 0.011 0.013 0.009 0.017 0.009 0.008 0.048 0.149 0.265 0.137 0.005 0.060 0.017 0.019 0.010 0.011 0.007 0.029 0.115 0.010 0.006 0.034 1    
98:   0.012 0.013 0.032 0.006 0.016 0.008 0.014 0.109 0.046 0.466 0.071 0.007 0.021 0.016 0.022 0.019 0.039 0.011 0.018 0.017 0.019 0.005 0.014 1    
99:   0.005 0.024 0.035 0.009 0.006 0.005 0.007 0.029 0.054 0.456 0.171 0.009 0.021 0.015 0.022 0.008 0.011 0.011 0.055 0.009 0.021 0.010 0.008 1    
100:  0.011 0.108 0.047 0.009 0.011 0.019 0.025 0.050 0.092 0.052 0.068 0.011 0.028 0.005 0.027 0.105 0.031 0.010 0.033 0.188 0.034 0.012 0.027 1    
101:  0.015 0.011 0.007 0.006 0.009 0.025 0.006 0.020 0.011 0.757 0.035 0.013 0.007 0.010 0.011 0.006 0.005 0.013 0.009 0.011 0.004 0.006 0.006 1    
102:  0.039 0.009 0.008 0.010 0.053 0.009 0.019 0.034 0.012 0.629 0.007 0.010 0.009 0.005 0.022 0.047 0.008 0.012 0.007 0.013 0.008 0.005 0.023 1    
103:  0.009 0.008 0.009 0.008 0.012 0.005 0.018 0.007 0.015 0.780 0.009 0.008 0.008 0.008 0.008 0.015 0.014 0.008 0.006 0.014 0.007 0.009 0.013 1    
104:  0.028 0.009 0.006 0.012 0.008 0.017 0.021 0.017 0.020 0.004 0.006 0.008 0.042 0.011 0.055 0.054 0.588 0.014 0.011 0.014 0.028 0.011 0.014 1    
105:  0.004 0.006 0.005 0.009 0.004 0.007 0.008 0.025 0.015 0.004 0.006 0.007 0.049 0.019 0.071 0.007 0.407 0.295 0.016 0.012 0.011 0.006 0.005 1    
106:  0.007 0.007 0.010 0.010 0.010 0.180 0.006 0.008 0.073 0.010 0.004 0.004 0.008 0.007 0.016 0.010 0.558 0.020 0.010 0.009 0.016 0.007 0.009 1    
107:  0.006 0.006 0.024 0.007 0.007 0.015 0.005 0.016 0.066 0.005 0.006 0.004 0.080 0.025 0.025 0.009 0.431 0.191 0.038 0.005 0.011 0.008 0.013 1    
108:  0.015 0.011 0.016 0.010 0.026 0.063 0.012 0.011 0.050 0.010 0.006 0.009 0.010 0.006 0.057 0.019 0.544 0.028 0.008 0.012 0.028 0.018 0.031 1    
109:  0.016 0.013 0.048 0.013 0.010 0.314 0.007 0.017 0.115 0.007 0.006 0.005 0.019 0.008 0.027 0.013 0.047 0.182 0.033 0.007 0.028 0.018 0.045 1    
110:  0.014 0.011 0.005 0.005 0.010 0.013 0.017 0.015 0.016 0.004 0.009 0.011 0.226 0.009 0.023 0.016 0.440 0.028 0.014 0.019 0.013 0.070 0.011 1    
111:  0.009 0.014 0.031 0.010 0.008 0.043 0.011 0.017 0.074 0.009 0.009 0.007 0.017 0.012 0.025 0.020 0.249 0.328 0.020 0.009 0.020 0.019 0.038 1    
112:  0.012 0.013 0.005 0.009 0.008 0.016 0.011 0.012 0.020 0.004 0.010 0.008 0.039 0.009 0.018 0.034 0.629 0.025 0.018 0.011 0.012 0.067 0.009 1    
113:  0.010 0.007 0.013 0.006 0.031 0.010 0.013 0.011 0.018 0.007 0.005 0.007 0.008 0.003 0.033 0.006 0.751 0.013 0.011 0.007 0.011 0.005 0.014 1    
114:  0.003 0.004 0.010 0.007 0.005 0.004 0.005 0.017 0.010 0.007 0.015 0.005 0.005 0.005 0.003 0.005 0.861 0.004 0.006 0.005 0.007 0.004 0.004 1    
115:  0.022 0.017 0.019 0.008 0.029 0.007 0.016 0.007 0.006 0.006 0.005 0.005 0.016 0.006 0.030 0.012 0.736 0.006 0.021 0.003 0.007 0.009 0.010 1    
116:  0.003 0.005 0.004 0.004 0.005 0.004 0.006 0.006 0.006 0.004 0.006 0.003 0.004 0.005 0.004 0.003 0.907 0.004 0.003 0.004 0.003 0.004 0.004 1    
117:  0.008 0.027 0.018 0.011 0.033 0.011 0.014 0.006 0.005 0.007 0.007 0.010 0.019 0.006 0.048 0.045 0.615 0.022 0.042 0.006 0.022 0.010 0.009 1    
118:  0.004 0.005 0.006 0.004 0.003 0.004 0.003 0.008 0.012 0.004 0.006 0.005 0.006 0.005 0.006 0.004 0.893 0.003 0.005 0.004 0.004 0.003 0.005 1    
119:  0.007 0.005 0.008 0.007 0.010 0.008 0.007 0.022 0.009 0.005 0.004 0.005 0.005 0.003 0.013 0.005 0.844 0.007 0.005 0.005 0.005 0.004 0.008 1    
120:  0.005 0.003 0.004 0.004 0.003 0.006 0.003 0.004 0.005 0.003 0.008 0.004 0.008 0.004 0.003 0.003 0.903 0.004 0.007 0.004 0.003 0.004 0.004 1    
121:  0.007 0.006 0.015 0.010 0.122 0.008 0.011 0.039 0.014 0.009 0.016 0.012 0.008 0.004 0.022 0.007 0.622 0.018 0.012 0.011 0.012 0.005 0.012 1    
122:  0.003 0.004 0.008 0.005 0.006 0.005 0.004 0.007 0.006 0.005 0.009 0.008 0.007 0.006 0.004 0.004 0.884 0.003 0.005 0.004 0.005 0.003 0.005 1    
123:  0.008 0.011 0.010 0.006 0.011 0.004 0.009 0.005 0.005 0.004 0.006 0.006 0.017 0.005 0.016 0.014 0.828 0.004 0.012 0.003 0.006 0.006 0.004 1    
124:  0.003 0.004 0.005 0.004 0.005 0.006 0.004 0.004 0.005 0.003 0.005 0.004 0.006 0.006 0.004 0.003 0.907 0.004 0.003 0.003 0.004 0.004 0.004 1    
125:  0.007 0.011 0.009 0.005 0.008 0.007 0.011 0.011 0.010 0.006 0.007 0.005 0.006 0.003 0.017 0.004 0.800 0.023 0.018 0.008 0.008 0.007 0.011 1    
126:  0.003 0.004 0.006 0.005 0.005 0.003 0.005 0.009 0.004 0.005 0.011 0.005 0.003 0.010 0.004 0.007 0.885 0.004 0.004 0.005 0.004 0.004 0.004 1    
127:  0.003 0.004 0.005 0.006 0.004 0.005 0.004 0.009 0.004 0.005 0.027 0.005 0.006 0.004 0.003 0.005 0.873 0.003 0.007 0.005 0.005 0.004 0.003 1    
128:  0.003 0.007 0.005 0.004 0.005 0.005 0.004 0.006 0.007 0.005 0.004 0.004 0.012 0.004 0.005 0.004 0.885 0.004 0.007 0.004 0.005 0.005 0.005 1    
129:  0.084 0.004 0.014 0.010 0.016 0.013 0.049 0.022 0.186 0.014 0.006 0.025 0.006 0.074 0.022 0.197 0.060 0.040 0.006 0.012 0.012 0.033 0.098 1    
130:  0.017 0.020 0.051 0.037 0.007 0.102 0.027 0.009 0.042 0.012 0.003 0.017 0.005 0.021 0.319 0.047 0.021 0.007 0.091 0.012 0.040 0.006 0.086 1    
131:  0.099 0.018 0.017 0.009 0.011 0.009 0.053 0.026 0.108 0.025 0.004 0.042 0.004 0.010 0.023 0.012 0.012 0.018 0.010 0.017 0.028 0.008 0.437 1    
132:  0.030 0.009 0.013 0.009 0.018 0.043 0.022 0.054 0.024 0.005 0.011 0.036 0.007 0.025 0.031 0.095 0.019 0.024 0.005 0.012 0.006 0.037 0.463 1    
133:  0.036 0.007 0.018 0.005 0.011 0.029 0.043 0.068 0.099 0.013 0.005 0.015 0.004 0.014 0.026 0.009 0.028 0.021 0.010 0.016 0.014 0.006 0.505 1    
134:  0.033 0.006 0.025 0.009 0.015 0.038 0.026 0.063 0.037 0.007 0.009 0.035 0.006 0.019 0.027 0.110 0.022 0.023 0.005 0.010 0.005 0.034 0.439 1    
135:  0.026 0.081 0.024 0.013 0.005 0.029 0.027 0.012 0.046 0.016 0.004 0.023 0.004 0.022 0.199 0.014 0.026 0.006 0.124 0.015 0.017 0.009 0.260 1    
136:  0.017 0.011 0.004 0.005 0.013 0.014 0.004 0.004 0.024 0.814 0.008 0.008 0.004 0.006 0.006 0.003 0.005 0.005 0.005 0.006 0.005 0.006 0.026 1    
137:  0.007 0.007 0.004 0.007 0.005 0.007 0.003 0.005 0.017 0.872 0.003 0.006 0.004 0.005 0.005 0.003 0.011 0.004 0.004 0.005 0.005 0.004 0.008 1    
138:  0.019 0.021 0.006 0.004 0.015 0.023 0.007 0.006 0.012 0.728 0.012 0.009 0.005 0.034 0.005 0.005 0.006 0.010 0.026 0.008 0.013 0.011 0.017 1    
139:  0.033 0.036 0.005 0.009 0.013 0.021 0.008 0.004 0.015 0.733 0.007 0.011 0.006 0.012 0.006 0.005 0.006 0.011 0.009 0.013 0.010 0.008 0.018 1    
140:  0.015 0.011 0.005 0.008 0.007 0.008 0.005 0.003 0.020 0.826 0.005 0.006 0.006 0.005 0.007 0.004 0.007 0.006 0.008 0.004 0.006 0.005 0.024 1    
141:  0.025 0.021 0.013 0.024 0.008 0.007 0.010 0.005 0.005 0.640 0.011 0.008 0.012 0.017 0.005 0.004 0.021 0.010 0.115 0.011 0.012 0.007 0.009 1    
142:  0.016 0.011 0.006 0.007 0.006 0.010 0.004 0.004 0.025 0.830 0.007 0.007 0.004 0.006 0.006 0.003 0.009 0.005 0.008 0.004 0.005 0.004 0.012 1    
143:  0.005 0.005 0.004 0.004 0.008 0.007 0.005 0.003 0.014 0.882 0.006 0.004 0.003 0.006 0.004 0.003 0.004 0.003 0.004 0.006 0.005 0.004 0.013 1    
144:  0.005 0.005 0.004 0.005 0.007 0.006 0.005 0.004 0.033 0.857 0.005 0.005 0.003 0.010 0.003 0.003 0.004 0.004 0.003 0.006 0.004 0.005 0.017 1    
145:  0.014 0.010 0.005 0.017 0.006 0.006 0.009 0.004 0.033 0.743 0.008 0.005 0.010 0.008 0.009 0.005 0.005 0.005 0.006 0.034 0.041 0.008 0.012 1    
146:  0.030 0.015 0.010 0.035 0.014 0.007 0.028 0.006 0.103 0.485 0.023 0.006 0.012 0.014 0.012 0.007 0.030 0.011 0.008 0.017 0.078 0.006 0.043 1    
147:  0.005 0.009 0.008 0.010 0.005 0.015 0.006 0.009 0.006 0.009 0.003 0.004 0.013 0.004 0.009 0.008 0.009 0.007 0.008 0.006 0.011 0.004 0.833 1    
148:  0.006 0.015 0.013 0.005 0.012 0.008 0.005 0.014 0.008 0.041 0.014 0.007 0.014 0.003 0.005 0.004 0.031 0.011 0.010 0.011 0.009 0.015 0.740 1    
149:  0.003 0.009 0.007 0.008 0.016 0.006 0.003 0.011 0.006 0.021 0.028 0.006 0.013 0.003 0.007 0.004 0.031 0.011 0.007 0.008 0.007 0.008 0.775 1    
150:  0.004 0.003 0.005 0.003 0.007 0.004 0.004 0.006 0.007 0.003 0.008 0.006 0.004 0.003 0.004 0.005 0.010 0.004 0.003 0.005 0.005 0.004 0.893 1    
151:  0.004 0.004 0.004 0.004 0.005 0.006 0.005 0.003 0.006 0.004 0.004 0.004 0.006 0.003 0.004 0.004 0.006 0.004 0.005 0.004 0.009 0.004 0.900 1    
152:  0.007 0.016 0.009 0.015 0.005 0.026 0.005 0.018 0.004 0.008 0.009 0.005 0.022 0.004 0.021 0.019 0.025 0.028 0.024 0.008 0.014 0.006 0.702 1    
153:  0.003 0.005 0.003 0.003 0.005 0.006 0.005 0.002 0.004 0.005 0.003 0.003 0.005 0.003 0.003 0.004 0.006 0.005 0.005 0.004 0.005 0.004 0.909 1    
154:  0.003 0.004 0.004 0.004 0.005 0.006 0.004 0.003 0.004 0.004 0.010 0.003 0.005 0.003 0.003 0.005 0.008 0.009 0.007 0.004 0.006 0.006 0.890 1    
155:  0.004 0.007 0.007 0.016 0.011 0.008 0.004 0.017 0.005 0.011 0.007 0.004 0.014 0.005 0.007 0.010 0.011 0.004 0.008 0.006 0.006 0.005 0.823 1    
156:  0.004 0.004 0.006 0.010 0.003 0.003 0.004 0.004 0.003 0.003 0.003 0.003 0.006 0.006 0.004 0.909 0.004 0.003 0.005 0.003 0.003 0.004 0.004 1    
157:  0.016 0.006 0.018 0.007 0.008 0.006 0.021 0.009 0.007 0.007 0.025 0.006 0.015 0.011 0.010 0.666 0.006 0.013 0.018 0.012 0.083 0.011 0.019 1    
158:  0.005 0.004 0.008 0.006 0.006 0.008 0.005 0.003 0.004 0.003 0.008 0.005 0.028 0.006 0.009 0.822 0.012 0.018 0.011 0.004 0.009 0.008 0.006 1    
159:  0.005 0.005 0.009 0.008 0.007 0.004 0.007 0.004 0.005 0.006 0.005 0.005 0.005 0.013 0.004 0.860 0.004 0.006 0.010 0.008 0.010 0.006 0.005 1    
160:  0.003 0.005 0.004 0.006 0.003 0.004 0.003 0.004 0.003 0.003 0.003 0.003 0.006 0.005 0.005 0.914 0.003 0.004 0.003 0.003 0.004 0.005 0.003 1    
161:  0.005 0.006 0.006 0.007 0.003 0.004 0.007 0.005 0.003 0.003 0.004 0.005 0.005 0.004 0.007 0.897 0.004 0.005 0.004 0.004 0.004 0.007 0.004 1    
162:  0.004 0.003 0.004 0.007 0.003 0.004 0.005 0.005 0.003 0.003 0.003 0.005 0.003 0.003 0.005 0.912 0.004 0.004 0.005 0.004 0.005 0.003 0.003 1    
163:  0.006 0.005 0.007 0.006 0.014 0.016 0.006 0.005 0.005 0.005 0.011 0.007 0.008 0.012 0.007 0.802 0.007 0.027 0.009 0.009 0.009 0.006 0.013 1    
164:  0.005 0.005 0.006 0.005 0.005 0.004 0.005 0.002 0.003 0.004 0.004 0.005 0.006 0.009 0.003 0.893 0.003 0.004 0.008 0.005 0.005 0.007 0.004 1    
165:  0.004 0.040 0.006 0.013 0.003 0.007 0.009 0.006 0.006 0.009 0.007 0.007 0.009 0.008 0.018 0.771 0.008 0.004 0.012 0.015 0.024 0.005 0.007 1    
166:  0.005 0.010 0.004 0.010 0.003 0.007 0.004 0.005 0.006 0.004 0.003 0.005 0.007 0.003 0.014 0.876 0.004 0.004 0.006 0.007 0.006 0.004 0.004 1    
167:  0.006 0.013 0.028 0.029 0.006 0.072 0.011 0.017 0.012 0.009 0.012 0.009 0.004 0.234 0.016 0.405 0.007 0.034 0.020 0.022 0.012 0.005 0.018 1    
168:  0.005 0.011 0.004 0.008 0.003 0.008 0.007 0.009 0.005 0.014 0.004 0.009 0.005 0.003 0.012 0.844 0.005 0.006 0.008 0.009 0.009 0.004 0.007 1    
169:  0.006 0.011 0.010 0.007 0.004 0.012 0.006 0.008 0.007 0.009 0.009 0.005 0.007 0.012 0.009 0.827 0.004 0.007 0.015 0.007 0.008 0.005 0.004 1    
170:  0.008 0.039 0.013 0.011 0.005 0.012 0.010 0.011 0.007 0.024 0.019 0.010 0.013 0.010 0.017 0.716 0.007 0.007 0.020 0.013 0.010 0.012 0.007 1    
171:  0.012 0.009 0.005 0.009 0.004 0.006 0.007 0.007 0.009 0.007 0.004 0.006 0.005 0.003 0.013 0.846 0.006 0.004 0.006 0.012 0.010 0.005 0.006 1    
172:  0.005 0.010 0.005 0.010 0.004 0.008 0.008 0.007 0.007 0.006 0.003 0.005 0.007 0.005 0.029 0.824 0.005 0.005 0.006 0.011 0.019 0.005 0.006 1    
173:  0.007 0.004 0.009 0.036 0.007 0.007 0.010 0.004 0.004 0.009 0.005 0.004 0.012 0.009 0.010 0.815 0.005 0.008 0.009 0.004 0.009 0.006 0.008 1    
174:  0.021 0.009 0.016 0.045 0.030 0.006 0.008 0.004 0.004 0.014 0.008 0.005 0.010 0.010 0.013 0.735 0.006 0.012 0.009 0.005 0.007 0.013 0.010 1    
175:  0.008 0.010 0.014 0.007 0.019 0.010 0.005 0.005 0.004 0.008 0.005 0.007 0.012 0.009 0.005 0.822 0.006 0.007 0.004 0.006 0.004 0.012 0.013 1    
176:  0.010 0.005 0.009 0.021 0.009 0.005 0.012 0.004 0.003 0.010 0.003 0.003 0.007 0.009 0.005 0.843 0.003 0.004 0.008 0.004 0.013 0.005 0.008 1    
177:  0.005 0.006 0.006 0.008 0.008 0.006 0.006 0.004 0.004 0.004 0.005 0.006 0.003 0.014 0.003 0.861 0.002 0.005 0.008 0.009 0.010 0.003 0.012 1    
178:  0.005 0.008 0.014 0.019 0.009 0.010 0.005 0.007 0.004 0.004 0.003 0.005 0.006 0.008 0.012 0.749 0.005 0.006 0.017 0.041 0.007 0.044 0.010 1    
179:  0.009 0.014 0.005 0.007 0.003 0.005 0.008 0.005 0.814 0.019 0.004 0.007 0.004 0.005 0.014 0.005 0.004 0.005 0.011 0.007 0.008 0.021 0.017 1    
180:  0.006 0.006 0.006 0.003 0.006 0.005 0.006 0.005 0.855 0.009 0.006 0.009 0.003 0.005 0.005 0.005 0.009 0.006 0.004 0.006 0.004 0.018 0.012 1    
181:  0.004 0.004 0.004 0.004 0.004 0.004 0.005 0.004 0.905 0.004 0.003 0.004 0.004 0.003 0.005 0.004 0.005 0.003 0.003 0.006 0.006 0.004 0.010 1    
182:  0.005 0.005 0.004 0.003 0.004 0.004 0.006 0.004 0.903 0.003 0.004 0.004 0.003 0.004 0.004 0.005 0.004 0.004 0.003 0.004 0.005 0.005 0.008 1    
183:  0.008 0.013 0.003 0.005 0.003 0.005 0.005 0.004 0.882 0.005 0.004 0.007 0.004 0.003 0.006 0.005 0.003 0.004 0.005 0.005 0.008 0.006 0.005 1    
184:  0.005 0.006 0.003 0.003 0.004 0.005 0.004 0.005 0.902 0.004 0.004 0.004 0.004 0.005 0.005 0.004 0.005 0.003 0.004 0.007 0.005 0.004 0.005 1    
185:  0.003 0.004 0.003 0.004 0.004 0.004 0.006 0.003 0.878 0.007 0.003 0.004 0.003 0.004 0.006 0.004 0.007 0.004 0.003 0.005 0.005 0.008 0.029 1    
186:  0.009 0.007 0.004 0.003 0.006 0.004 0.008 0.005 0.876 0.006 0.006 0.005 0.003 0.005 0.005 0.003 0.005 0.005 0.004 0.007 0.005 0.005 0.013 1    
187:  0.005 0.009 0.007 0.004 0.004 0.006 0.008 0.005 0.848 0.007 0.004 0.011 0.005 0.005 0.010 0.012 0.008 0.005 0.005 0.005 0.012 0.010 0.004 1    
188:  0.015 0.006 0.012 0.012 0.020 0.011 0.018 0.009 0.007 0.011 0.010 0.024 0.008 0.005 0.009 0.055 0.007 0.010 0.007 0.008 0.018 0.710 0.007 1    
189:  0.024 0.009 0.048 0.029 0.365 0.011 0.017 0.005 0.011 0.040 0.032 0.019 0.029 0.028 0.012 0.127 0.008 0.022 0.015 0.022 0.061 0.052 0.013 1    
190:  0.018 0.014 0.032 0.016 0.221 0.037 0.031 0.011 0.008 0.040 0.064 0.022 0.063 0.022 0.010 0.051 0.018 0.074 0.007 0.017 0.167 0.040 0.016 1    
191:  0.044 0.009 0.024 0.016 0.039 0.024 0.010 0.008 0.008 0.013 0.011 0.026 0.013 0.035 0.027 0.043 0.014 0.052 0.006 0.011 0.011 0.538 0.018 1    
192:  0.010 0.010 0.010 0.006 0.048 0.025 0.014 0.007 0.007 0.007 0.012 0.013 0.024 0.015 0.011 0.012 0.009 0.065 0.006 0.012 0.020 0.644 0.014 1    
193:  0.032 0.012 0.040 0.036 0.329 0.017 0.008 0.005 0.010 0.017 0.009 0.021 0.029 0.055 0.041 0.065 0.015 0.027 0.009 0.021 0.051 0.132 0.020 1    
194:  0.016 0.013 0.057 0.031 0.162 0.018 0.013 0.014 0.010 0.021 0.054 0.018 0.012 0.058 0.024 0.043 0.017 0.061 0.007 0.010 0.027 0.278 0.036 1    
195:  0.023 0.009 0.074 0.100 0.020 0.010 0.053 0.006 0.010 0.067 0.027 0.015 0.015 0.010 0.012 0.301 0.027 0.013 0.007 0.010 0.012 0.162 0.019 1    
196:  0.016 0.009 0.030 0.135 0.362 0.039 0.008 0.008 0.008 0.025 0.012 0.018 0.028 0.094 0.031 0.033 0.032 0.028 0.009 0.014 0.026 0.016 0.019 1    
197:  0.035 0.015 0.018 0.028 0.006 0.013 0.006 0.005 0.005 0.011 0.009 0.015 0.005 0.017 0.032 0.027 0.005 0.099 0.013 0.008 0.006 0.605 0.017 1    
198:  0.015 0.015 0.011 0.020 0.010 0.057 0.011 0.004 0.005 0.020 0.006 0.009 0.006 0.009 0.009 0.007 0.012 0.654 0.052 0.010 0.011 0.017 0.030 1    
199:  0.010 0.024 0.012 0.004 0.018 0.067 0.007 0.005 0.046 0.020 0.023 0.005 0.009 0.041 0.014 0.008 0.030 0.032 0.072 0.007 0.028 0.482 0.034 1    
200:  0.007 0.020 0.031 0.007 0.021 0.032 0.009 0.004 0.023 0.026 0.007 0.006 0.010 0.029 0.020 0.008 0.017 0.281 0.233 0.016 0.093 0.066 0.035 1    
201:  0.015 0.028 0.018 0.006 0.010 0.049 0.012 0.004 0.031 0.082 0.027 0.005 0.013 0.140 0.008 0.007 0.051 0.030 0.142 0.022 0.014 0.225 0.062 1    
202:  0.015 0.013 0.005 0.005 0.033 0.025 0.011 0.007 0.008 0.018 0.007 0.011 0.007 0.008 0.004 0.006 0.011 0.305 0.069 0.013 0.032 0.379 0.009 1    
203:  0.039 0.004 0.004 0.005 0.006 0.010 0.018 0.005 0.004 0.013 0.016 0.009 0.004 0.023 0.004 0.004 0.013 0.068 0.039 0.006 0.007 0.695 0.004 1    
204:  0.013 0.006 0.006 0.011 0.008 0.011 0.025 0.004 0.007 0.015 0.005 0.010 0.007 0.013 0.006 0.016 0.006 0.734 0.042 0.013 0.010 0.024 0.008 1    
205:  0.014 0.010 0.005 0.007 0.010 0.024 0.005 0.006 0.006 0.006 0.010 0.014 0.004 0.005 0.010 0.009 0.006 0.089 0.014 0.007 0.005 0.727 0.005 1    
206:  0.014 0.005 0.012 0.010 0.023 0.019 0.014 0.004 0.005 0.012 0.005 0.009 0.005 0.007 0.003 0.005 0.009 0.534 0.065 0.007 0.059 0.168 0.007 1    
207:  0.028 0.006 0.004 0.004 0.006 0.012 0.011 0.006 0.006 0.030 0.013 0.007 0.008 0.056 0.006 0.004 0.023 0.160 0.146 0.007 0.008 0.443 0.005 1    
208:  0.012 0.022 0.014 0.011 0.020 0.075 0.014 0.007 0.047 0.037 0.010 0.022 0.008 0.011 0.010 0.013 0.015 0.064 0.194 0.020 0.082 0.282 0.009 1    
209:  0.008 0.010 0.016 0.004 0.007 0.016 0.010 0.003 0.027 0.011 0.015 0.005 0.011 0.035 0.012 0.006 0.048 0.025 0.051 0.004 0.010 0.658 0.008 1    
210:  0.009 0.100 0.025 0.008 0.066 0.007 0.008 0.047 0.013 0.012 0.014 0.018 0.010 0.005 0.017 0.005 0.012 0.038 0.199 0.337 0.024 0.022 0.006 1    
211:  0.015 0.014 0.012 0.008 0.037 0.005 0.025 0.042 0.004 0.009 0.146 0.037 0.004 0.074 0.010 0.021 0.011 0.023 0.015 0.346 0.006 0.079 0.056 1    
212:  0.009 0.005 0.006 0.012 0.004 0.009 0.005 0.003 0.006 0.006 0.004 0.005 0.008 0.017 0.005 0.006 0.006 0.005 0.011 0.007 0.005 0.850 0.006 1    
213:  0.006 0.009 0.009 0.004 0.007 0.006 0.007 0.016 0.008 0.004 0.006 0.006 0.003 0.006 0.009 0.004 0.004 0.005 0.005 0.007 0.006 0.849 0.013 1    
214:  0.013 0.043 0.013 0.006 0.009 0.006 0.009 0.011 0.009 0.007 0.008 0.016 0.005 0.033 0.007 0.010 0.008 0.004 0.005 0.013 0.006 0.738 0.022 1    
215:  0.008 0.022 0.011 0.005 0.011 0.009 0.008 0.017 0.006 0.009 0.008 0.014 0.004 0.023 0.008 0.006 0.009 0.004 0.006 0.007 0.004 0.792 0.010 1    
216:  0.010 0.007 0.004 0.005 0.009 0.009 0.025 0.008 0.014 0.017 0.009 0.005 0.004 0.027 0.007 0.009 0.009 0.010 0.011 0.019 0.007 0.770 0.005 1    
217:  0.010 0.008 0.005 0.006 0.006 0.006 0.012 0.003 0.008 0.005 0.004 0.004 0.004 0.009 0.010 0.009 0.003 0.007 0.013 0.012 0.010 0.835 0.010 1    
218:  0.009 0.041 0.007 0.004 0.007 0.005 0.007 0.005 0.005 0.006 0.003 0.007 0.004 0.010 0.006 0.015 0.004 0.006 0.007 0.008 0.006 0.791 0.039 1    
219:  0.006 0.017 0.011 0.004 0.007 0.007 0.011 0.013 0.009 0.005 0.008 0.013 0.003 0.069 0.006 0.007 0.008 0.004 0.005 0.009 0.004 0.763 0.012 1    
220:  0.018 0.035 0.008 0.012 0.037 0.006 0.007 0.015 0.062 0.006 0.121 0.201 0.013 0.018 0.013 0.006 0.035 0.230 0.049 0.009 0.010 0.082 0.006 1    
221:  0.013 0.008 0.009 0.009 0.015 0.013 0.004 0.006 0.009 0.006 0.005 0.164 0.005 0.011 0.013 0.006 0.014 0.635 0.009 0.007 0.007 0.023 0.009 1    
222:  0.038 0.012 0.012 0.027 0.028 0.023 0.007 0.009 0.012 0.006 0.011 0.023 0.018 0.016 0.042 0.014 0.044 0.458 0.022 0.008 0.008 0.155 0.006 1    
223:  0.060 0.014 0.017 0.032 0.017 0.010 0.007 0.008 0.015 0.007 0.017 0.053 0.023 0.013 0.052 0.044 0.026 0.460 0.012 0.007 0.007 0.089 0.008 1    
224:  0.017 0.009 0.016 0.017 0.007 0.010 0.042 0.031 0.011 0.004 0.010 0.017 0.009 0.010 0.047 0.059 0.013 0.626 0.009 0.007 0.011 0.009 0.010 1    
225:  0.007 0.033 0.042 0.027 0.103 0.021 0.015 0.013 0.006 0.014 0.010 0.303 0.009 0.065 0.047 0.056 0.017 0.037 0.011 0.028 0.058 0.055 0.021 1    
226:  0.302 0.005 0.010 0.004 0.005 0.040 0.022 0.008 0.009 0.007 0.009 0.019 0.008 0.028 0.011 0.009 0.014 0.214 0.110 0.006 0.028 0.116 0.014 1    
227:  0.019 0.013 0.014 0.013 0.013 0.031 0.013 0.008 0.011 0.007 0.004 0.218 0.009 0.005 0.091 0.063 0.014 0.341 0.007 0.010 0.013 0.078 0.007 1    
228:  0.056 0.013 0.010 0.013 0.011 0.016 0.156 0.023 0.016 0.007 0.007 0.134 0.013 0.017 0.013 0.021 0.036 0.336 0.042 0.015 0.027 0.011 0.011 1    
229:  0.116 0.011 0.010 0.014 0.011 0.008 0.185 0.015 0.013 0.008 0.032 0.211 0.013 0.023 0.023 0.025 0.031 0.145 0.036 0.010 0.032 0.020 0.007 1    
230:  0.011 0.007 0.025 0.009 0.008 0.022 0.008 0.027 0.017 0.005 0.010 0.013 0.005 0.017 0.097 0.017 0.008 0.616 0.028 0.010 0.009 0.026 0.004 1    
231:  0.019 0.032 0.054 0.011 0.009 0.011 0.009 0.019 0.017 0.006 0.030 0.012 0.020 0.007 0.159 0.016 0.015 0.212 0.268 0.008 0.006 0.055 0.005 1    
232:  0.012 0.009 0.009 0.006 0.014 0.007 0.013 0.008 0.006 0.004 0.005 0.005 0.011 0.003 0.013 0.007 0.015 0.806 0.022 0.004 0.006 0.009 0.005 1    
233:  0.023 0.025 0.042 0.008 0.006 0.005 0.053 0.010 0.007 0.004 0.011 0.007 0.046 0.010 0.026 0.021 0.008 0.343 0.310 0.006 0.008 0.015 0.007 1    
234:  0.035 0.086 0.010 0.027 0.009 0.026 0.033 0.063 0.015 0.007 0.008 0.059 0.010 0.005 0.024 0.008 0.129 0.360 0.020 0.007 0.007 0.036 0.017 1    
235:  0.040 0.007 0.006 0.008 0.017 0.023 0.014 0.006 0.005 0.006 0.003 0.060 0.018 0.017 0.012 0.017 0.020 0.674 0.009 0.004 0.017 0.011 0.007 1    
236:  0.154 0.028 0.066 0.013 0.021 0.027 0.036 0.010 0.005 0.009 0.004 0.069 0.048 0.030 0.267 0.080 0.010 0.021 0.016 0.007 0.014 0.052 0.012 1    
237:  0.126 0.022 0.071 0.014 0.021 0.024 0.033 0.009 0.006 0.010 0.005 0.070 0.056 0.030 0.298 0.068 0.007 0.029 0.019 0.008 0.012 0.050 0.011 1    
238:  0.013 0.018 0.043 0.006 0.020 0.003 0.076 0.007 0.057 0.012 0.014 0.007 0.010 0.088 0.017 0.417 0.010 0.006 0.125 0.011 0.007 0.023 0.009 1    
239:  0.005 0.008 0.038 0.027 0.007 0.010 0.077 0.004 0.006 0.011 0.004 0.021 0.055 0.080 0.006 0.386 0.160 0.005 0.018 0.005 0.008 0.049 0.009 1    
240:  0.028 0.176 0.027 0.023 0.022 0.005 0.073 0.006 0.027 0.018 0.003 0.025 0.013 0.032 0.020 0.130 0.010 0.008 0.041 0.008 0.007 0.264 0.034 1    
241:  0.020 0.035 0.094 0.013 0.015 0.005 0.021 0.006 0.046 0.005 0.005 0.021 0.031 0.068 0.047 0.334 0.014 0.005 0.115 0.007 0.007 0.075 0.009 1    
242:  0.019 0.017 0.023 0.034 0.014 0.009 0.071 0.004 0.012 0.022 0.006 0.043 0.006 0.205 0.012 0.269 0.040 0.005 0.021 0.011 0.010 0.136 0.012 1    
243:  0.009 0.015 0.024 0.033 0.004 0.008 0.049 0.004 0.036 0.009 0.003 0.020 0.006 0.189 0.010 0.244 0.007 0.006 0.052 0.013 0.009 0.233 0.017 1    
244:  0.023 0.313 0.018 0.066 0.019 0.003 0.012 0.005 0.016 0.007 0.004 0.075 0.078 0.071 0.009 0.179 0.014 0.004 0.038 0.011 0.004 0.025 0.006 1    
245:  0.026 0.057 0.018 0.035 0.012 0.004 0.190 0.009 0.054 0.058 0.015 0.088 0.018 0.032 0.006 0.115 0.077 0.003 0.054 0.061 0.012 0.028 0.027 1    
246:  0.017 0.056 0.033 0.006 0.015 0.004 0.054 0.006 0.034 0.012 0.009 0.010 0.011 0.043 0.028 0.274 0.005 0.006 0.292 0.013 0.007 0.056 0.010 1    
247:  0.083 0.009 0.006 0.010 0.154 0.005 0.036 0.004 0.008 0.004 0.004 0.007 0.004 0.005 0.012 0.160 0.007 0.005 0.004 0.005 0.009 0.412 0.047 1    
248:  0.055 0.029 0.040 0.019 0.486 0.011 0.005 0.011 0.014 0.009 0.021 0.017 0.007 0.005 0.015 0.007 0.013 0.010 0.019 0.009 0.027 0.163 0.010 1    
249:  0.127 0.026 0.024 0.011 0.484 0.019 0.006 0.010 0.009 0.009 0.023 0.058 0.010 0.004 0.012 0.008 0.012 0.011 0.013 0.006 0.024 0.088 0.007 1    
250:  0.260 0.067 0.025 0.029 0.123 0.013 0.007 0.013 0.013 0.010 0.010 0.097 0.009 0.003 0.021 0.011 0.013 0.021 0.016 0.010 0.010 0.194 0.026 1    
251:  0.345 0.017 0.011 0.007 0.347 0.014 0.006 0.007 0.009 0.008 0.005 0.030 0.020 0.003 0.006 0.021 0.009 0.005 0.009 0.006 0.012 0.095 0.007 1    
252:  0.127 0.014 0.016 0.015 0.572 0.011 0.004 0.006 0.005 0.005 0.009 0.086 0.007 0.006 0.010 0.006 0.007 0.023 0.012 0.004 0.010 0.033 0.010 1    
253:  0.255 0.007 0.005 0.009 0.072 0.006 0.024 0.009 0.008 0.004 0.008 0.014 0.005 0.010 0.007 0.134 0.013 0.010 0.004 0.005 0.006 0.355 0.027 1    
254:  0.123 0.013 0.016 0.017 0.494 0.011 0.010 0.006 0.007 0.006 0.008 0.099 0.009 0.004 0.013 0.015 0.009 0.028 0.008 0.004 0.020 0.068 0.014 1    
255:  0.363 0.012 0.009 0.006 0.146 0.009 0.018 0.025 0.016 0.004 0.005 0.010 0.019 0.004 0.022 0.035 0.029 0.005 0.007 0.005 0.015 0.226 0.011 1    
256:  0.008 0.008 0.006 0.005 0.004 0.006 0.006 0.004 0.022 0.004 0.004 0.006 0.008 0.004 0.009 0.021 0.005 0.004 0.009 0.005 0.006 0.840 0.006 1    
257:  0.007 0.055 0.012 0.025 0.012 0.011 0.008 0.006 0.050 0.005 0.003 0.018 0.061 0.010 0.026 0.032 0.010 0.008 0.054 0.043 0.010 0.521 0.012 1    
258:  0.011 0.006 0.005 0.005 0.003 0.002 0.011 0.008 0.009 0.007 0.009 0.005 0.005 0.007 0.003 0.004 0.004 0.005 0.005 0.011 0.004 0.866 0.004 1    
259:  0.010 0.007 0.008 0.026 0.007 0.012 0.009 0.006 0.008 0.010 0.003 0.005 0.010 0.007 0.006 0.012 0.009 0.007 0.009 0.008 0.008 0.804 0.008 1    
260:  0.004 0.005 0.005 0.004 0.004 0.005 0.004 0.003 0.007 0.003 0.003 0.004 0.006 0.003 0.005 0.007 0.004 0.004 0.004 0.004 0.004 0.904 0.004 1    
261:  0.012 0.013 0.005 0.004 0.028 0.005 0.014 0.009 0.005 0.009 0.009 0.041 0.005 0.009 0.004 0.007 0.007 0.009 0.007 0.040 0.005 0.747 0.008 1    
262:  0.015 0.007 0.009 0.008 0.006 0.005 0.021 0.016 0.023 0.007 0.007 0.004 0.007 0.017 0.005 0.008 0.006 0.005 0.014 0.015 0.005 0.784 0.006 1    
263:  0.010 0.005 0.004 0.003 0.005 0.003 0.011 0.006 0.004 0.004 0.004 0.005 0.004 0.003 0.004 0.005 0.006 0.005 0.003 0.010 0.005 0.884 0.006 1    
264:  0.007 0.006 0.004 0.003 0.004 0.002 0.008 0.006 0.010 0.004 0.005 0.004 0.005 0.004 0.005 0.005 0.003 0.005 0.004 0.006 0.003 0.891 0.004 1    
265:  0.053 0.026 0.006 0.009 0.008 0.004 0.017 0.010 0.006 0.006 0.003 0.010 0.006 0.003 0.008 0.008 0.009 0.006 0.009 0.020 0.012 0.754 0.006 1    
266:  0.026 0.007 0.005 0.005 0.004 0.005 0.030 0.006 0.005 0.016 0.003 0.005 0.008 0.005 0.005 0.005 0.006 0.004 0.006 0.008 0.005 0.824 0.008 1    
