      H105.1  1 0.4975 0.0900 0.1349 0.0739 0.2038 
      H105.2  1 0.1496 0.2454 0.2959 0.2539 0.0551 
      H105.3  1 0.5272 0.0955 0.1624 0.0552 0.1597 
      H105.4  1 0.0982 0.4824 0.2701 0.1024 0.0470 
      H105.5  1 0.1677 0.6328 0.1188 0.0522 0.0285 
      H105.6  1 0.1025 0.3433 0.3892 0.0211 0.1438 
      H105.7  1 0.1081 0.1107 0.3134 0.1349 0.3329 
      H105.8  1 0.2189 0.1775 0.0918 0.0604 0.4514 
      H115.1  1 0.1828 0.6298 0.0400 0.0630 0.0844 
      H115.2  1 0.0622 0.8308 0.0324 0.0480 0.0266 
      H115.3  1 0.0219 0.9298 0.0132 0.0226 0.0126 
      H115.4  1 0.6746 0.1386 0.0231 0.1512 0.0125 
      H115.5  1 0.0287 0.7055 0.0325 0.0999 0.1336 
      H115.6  1 0.0569 0.8289 0.0413 0.0428 0.0301 
      H115.7  1 0.1124 0.5261 0.1837 0.1636 0.0142 
      H115.8  1 0.0297 0.5024 0.0179 0.0343 0.4157 
      H115.9  1 0.0192 0.9279 0.0115 0.0154 0.0260 
      H145.1  1 0.0552 0.0989 0.7432 0.0139 0.0888 
      H145.2  1 0.0526 0.1255 0.7543 0.0119 0.0556 
      H145.3  1 0.0216 0.0633 0.5126 0.0709 0.3316 
      H145.4  1 0.0205 0.0197 0.9282 0.0125 0.0192 
      H145.5  1 0.0270 0.0368 0.5978 0.0315 0.3069 
      H145.6  1 0.0221 0.0355 0.8793 0.0268 0.0364 
      H145.7  1 0.0174 0.0300 0.8825 0.0493 0.0207 
      H149.1  1 0.8891 0.0191 0.0532 0.0129 0.0257 
      H149.2  1 0.7537 0.0409 0.1627 0.0268 0.0160 
      H149.3  1 0.6323 0.0381 0.2319 0.0743 0.0234 
      H149.4  1 0.8765 0.0158 0.0654 0.0239 0.0185 
      H149.5  1 0.5707 0.0163 0.3127 0.0869 0.0134 
      H149.6  1 0.5890 0.0150 0.3559 0.0294 0.0106 
      H149.7  1 0.6924 0.0139 0.1707 0.0825 0.0405 
      H150.1  1 0.0127 0.9099 0.0197 0.0176 0.0401 
      H150.2  1 0.0866 0.7998 0.0561 0.0216 0.0360 
      H150.3  1 0.0288 0.6728 0.1986 0.0223 0.0776 
      H150.4  1 0.0079 0.8967 0.0209 0.0138 0.0607 
      H150.5  1 0.0574 0.7827 0.0747 0.0648 0.0204 
      H150.6  1 0.2240 0.4923 0.0797 0.1906 0.0134 
      H150.7  1 0.0088 0.9455 0.0132 0.0078 0.0247 
   H169607.1  1 0.1540 0.5128 0.1006 0.1724 0.0601 
   H169607.2  1 0.1135 0.7963 0.0396 0.0213 0.0294 
   H169607.3  1 0.0355 0.5537 0.0585 0.2935 0.0587 
   H169607.4  1 0.0565 0.8823 0.0295 0.0148 0.0169 
   H169607.5  1 0.0484 0.8571 0.0334 0.0311 0.0300 
   H169607.6  1 0.1109 0.8112 0.0269 0.0313 0.0196 
   H169607.7  1 0.6362 0.2480 0.0384 0.0351 0.0423 
   H169607.8  1 0.0495 0.8748 0.0324 0.0252 0.0182 
   H169633.1  1 0.3503 0.0692 0.3855 0.1072 0.0878 
   H169633.2  1 0.6071 0.0139 0.2182 0.0665 0.0943 
   H169633.3  1 0.5027 0.0119 0.3478 0.0405 0.0970 
   H169633.4  1 0.5925 0.0845 0.2003 0.0425 0.0802 
   H169633.5  1 0.6012 0.0832 0.1870 0.0483 0.0803 
   H169688.1  1 0.0498 0.0325 0.0492 0.8547 0.0139 
   H169688.2  1 0.0459 0.0230 0.0194 0.8806 0.0311 
   H169688.3  1 0.0808 0.0404 0.1048 0.7576 0.0164 
   H169688.4  1 0.0307 0.5510 0.0198 0.3402 0.0584 
   H169688.5  1 0.0410 0.4812 0.0200 0.3919 0.0659 
   H169688.6  1 0.1095 0.0350 0.0384 0.7669 0.0501 
   H169688.7  1 0.1736 0.1022 0.1739 0.5035 0.0468 
   H171901.1  1 0.0300 0.2811 0.5422 0.0859 0.0608 
   H171901.2  1 0.6014 0.1602 0.1763 0.0286 0.0336 
   H171901.3  1 0.6365 0.1583 0.0953 0.0884 0.0215 
   H171901.4  1 0.8229 0.0949 0.0317 0.0300 0.0204 
   H171901.5  1 0.8366 0.0783 0.0393 0.0292 0.0166 
   H171901.6  1 0.7086 0.1407 0.1092 0.0215 0.0199 
   H171901.7  1 0.8522 0.0291 0.0540 0.0373 0.0275 
   H171902.1  1 0.2891 0.5422 0.0210 0.0283 0.1194 
  H171902.10  1 0.8706 0.0845 0.0171 0.0150 0.0128 
   H171902.2  1 0.2041 0.2461 0.0314 0.3514 0.1670 
   H171902.3  1 0.8690 0.0747 0.0220 0.0171 0.0172 
   H171902.4  1 0.2810 0.5235 0.0811 0.0328 0.0816 
   H171902.6  1 0.8393 0.1067 0.0265 0.0109 0.0165 
   H171902.7  1 0.5449 0.3361 0.0452 0.0139 0.0600 
   H171902.8  1 0.8350 0.0919 0.0297 0.0200 0.0233 
   H171902.9  1 0.0389 0.8824 0.0297 0.0152 0.0338 
   H171903.1  1 0.0600 0.8593 0.0414 0.0221 0.0172 
   H171903.2  1 0.0617 0.8170 0.0171 0.0398 0.0643 
   H171903.3  1 0.2562 0.5401 0.0604 0.0583 0.0850 
   H171903.4  1 0.0321 0.6153 0.1948 0.1386 0.0192 
   H171903.5  1 0.4404 0.3741 0.0256 0.0992 0.0608 
   H171903.6  1 0.1140 0.7978 0.0154 0.0605 0.0123 
      H177.1  1 0.5959 0.0626 0.1704 0.1383 0.0327 
      H177.2  1 0.5559 0.1036 0.0742 0.0649 0.2013 
      H177.3  1 0.8364 0.0592 0.0609 0.0153 0.0282 
      H177.4  1 0.7001 0.0305 0.1091 0.1356 0.0246 
      H177.5  1 0.0558 0.0410 0.0443 0.8175 0.0415 
      H177.6  1 0.8152 0.0643 0.0675 0.0155 0.0374 
      H179.1  1 0.7004 0.0293 0.0186 0.2290 0.0227 
      H179.2  1 0.8249 0.0471 0.0187 0.0843 0.0250 
      H179.3  1 0.2131 0.0892 0.0167 0.6243 0.0567 
      H179.4  1 0.8873 0.0221 0.0240 0.0433 0.0233 
      H180.1  1 0.5376 0.3089 0.0274 0.1062 0.0200 
      H180.2  1 0.1876 0.5991 0.0390 0.1454 0.0289 
      H180.3  1 0.0678 0.8474 0.0198 0.0320 0.0329 
      H180.4  1 0.3697 0.1711 0.2036 0.2025 0.0531 
      H180.5  1 0.3684 0.2521 0.0730 0.1693 0.1372 
      H180.6  1 0.0545 0.1421 0.0446 0.0233 0.7355 
      H181.1  1 0.5110 0.0574 0.0293 0.3709 0.0315 
      H181.2  1 0.7206 0.0296 0.0641 0.1488 0.0370 
      H181.3  1 0.4479 0.0227 0.0576 0.3944 0.0774 
      H181.4  1 0.3444 0.1373 0.0568 0.4418 0.0197 
      H181.5  1 0.3248 0.0178 0.0432 0.5558 0.0584 
      H181.6  1 0.7452 0.0615 0.0539 0.1068 0.0327 
      H181.7  1 0.7082 0.0437 0.0168 0.1453 0.0861 
 H194.1_2004  1 0.0212 0.0567 0.8709 0.0162 0.0351 
 H194.2_2004  1 0.0150 0.0292 0.8976 0.0420 0.0162 
 H194.3_2004  1 0.0797 0.0151 0.8651 0.0124 0.0278 
 H194.4_2004  1 0.0389 0.0366 0.8588 0.0334 0.0323 
 H194.5_2004  1 0.0653 0.0250 0.8725 0.0176 0.0195 
 H194.6_2004  1 0.1993 0.0373 0.5943 0.1295 0.0396 
 H194.7_2004  1 0.0151 0.0261 0.8477 0.0260 0.0851 
 H194.8_2004  1 0.0378 0.0283 0.8023 0.1042 0.0274 
      H194.9  1 0.0137 0.0381 0.8407 0.0217 0.0858 
 H195.1_2003  1 0.0672 0.0502 0.8483 0.0216 0.0127 
 H195.1_2004  1 0.0661 0.0175 0.8442 0.0356 0.0367 
 H195.2_2003  1 0.0598 0.4295 0.3897 0.0524 0.0686 
 H195.2_2004  1 0.0171 0.0141 0.8729 0.0373 0.0587 
 H195.3_2003  1 0.0382 0.5684 0.3067 0.0514 0.0352 
 H195.3_2004  1 0.0293 0.0150 0.9260 0.0151 0.0146 
 H195.4_2003  1 0.0255 0.0280 0.9261 0.0103 0.0101 
 H195.4_2004  1 0.0204 0.0134 0.7212 0.2004 0.0446 
 H195.5_2003  1 0.0482 0.0662 0.8374 0.0339 0.0144 
 H195.5_2004  1 0.0206 0.0120 0.9216 0.0255 0.0203 
 H195.6_2003  1 0.0237 0.3058 0.5882 0.0584 0.0239 
 H195.6_2004  1 0.0234 0.0113 0.9371 0.0128 0.0154 
 H195.7_2003  1 0.0575 0.0231 0.7203 0.1831 0.0160 
 H195.7_2004  1 0.0299 0.0269 0.7329 0.0574 0.1529 
      H195.8  1 0.0146 0.0230 0.8047 0.1093 0.0484 
      H195.9  1 0.0440 0.0284 0.8166 0.0486 0.0624 
      H415.1  1 0.2764 0.1394 0.2077 0.0282 0.3483 
      H415.2  1 0.5718 0.3147 0.0643 0.0173 0.0320 
      H415.3  1 0.8640 0.0167 0.0807 0.0159 0.0226 
      H415.4  1 0.4070 0.2230 0.2653 0.0240 0.0807 
      H415.5  1 0.9000 0.0135 0.0597 0.0103 0.0165 
      H415.6  1 0.4147 0.2285 0.2578 0.0203 0.0788 
      H415.7  1 0.7288 0.1074 0.1080 0.0200 0.0358 
      H506.1  1 0.9396 0.0097 0.0099 0.0174 0.0235 
      H506.2  1 0.9540 0.0099 0.0111 0.0137 0.0113 
      H506.3  1 0.7551 0.0116 0.0116 0.0586 0.1631 
      H506.4  1 0.8815 0.0157 0.0143 0.0506 0.0379 
      H506.5  1 0.9344 0.0158 0.0108 0.0138 0.0252 
      H506.6  1 0.6756 0.0620 0.0181 0.1214 0.1229 
      H506.7  1 0.9340 0.0138 0.0133 0.0147 0.0243 
      H533.1  1 0.9580 0.0083 0.0081 0.0137 0.0118 
      H533.2  1 0.9500 0.0090 0.0101 0.0151 0.0158 
      H533.3  1 0.9386 0.0182 0.0083 0.0209 0.0139 
      H533.4  1 0.9243 0.0183 0.0143 0.0258 0.0174 
      H535.1  1 0.8727 0.0554 0.0346 0.0143 0.0229 
      H535.2  1 0.7349 0.0164 0.0657 0.1208 0.0622 
      H535.3  1 0.5170 0.0488 0.0762 0.2194 0.1386 
      H535.4  1 0.9229 0.0115 0.0375 0.0194 0.0088 
      H535.5  1 0.9462 0.0136 0.0183 0.0139 0.0080 
      H535.6  1 0.5923 0.0940 0.1466 0.1274 0.0397 
      H535.7  1 0.9364 0.0135 0.0131 0.0140 0.0231 
      H535.8  1 0.8349 0.0166 0.0405 0.0598 0.0481 
      H535.9  1 0.8580 0.0666 0.0300 0.0212 0.0243 
      H539.1  1 0.0061 0.9609 0.0077 0.0062 0.0192 
      H539.2  1 0.2453 0.4865 0.0223 0.1447 0.1011 
      H539.3  1 0.0115 0.8269 0.0171 0.0236 0.1209 
      H539.4  1 0.0167 0.7848 0.0097 0.0203 0.1685 
      H539.5  1 0.0068 0.9250 0.0076 0.0080 0.0526 
      H539.6  1 0.0096 0.9458 0.0115 0.0091 0.0239 
      H539.7  1 0.0111 0.9518 0.0113 0.0090 0.0168 
      H539.8  1 0.0158 0.7290 0.0660 0.0435 0.1457 
      H539.9  1 0.0103 0.8648 0.0084 0.0130 0.1035 
      H540.1  1 0.0152 0.9401 0.0116 0.0130 0.0200 
      H540.2  1 0.0124 0.9534 0.0137 0.0095 0.0109 
      H540.3  1 0.0438 0.6767 0.1085 0.0943 0.0766 
      H540.4  1 0.0282 0.9192 0.0190 0.0227 0.0109 
      H540.5  1 0.0230 0.8685 0.0139 0.0232 0.0714 
      H540.6  1 0.0272 0.8906 0.0161 0.0330 0.0330 
      H540.7  1 0.0213 0.9322 0.0124 0.0164 0.0177 
      H540.8  1 0.0451 0.8945 0.0264 0.0193 0.0147 
     H9558.1  1 0.0102 0.9582 0.0109 0.0099 0.0108 
     H9558.2  1 0.0118 0.9338 0.0120 0.0097 0.0328 
     H9558.3  1 0.0113 0.9068 0.0163 0.0118 0.0539 
     H9558.4  1 0.0186 0.9444 0.0120 0.0133 0.0116 
     H9558.5  1 0.0335 0.8869 0.0154 0.0298 0.0344 
     H9558.6  1 0.0108 0.7412 0.0316 0.0323 0.1841 
    kos339.1  1 0.9226 0.0161 0.0160 0.0153 0.0300 
    kos339.2  1 0.7775 0.0125 0.0860 0.0192 0.1048 
    kos339.3  1 0.9424 0.0200 0.0153 0.0090 0.0133 
    kos339.4  1 0.8925 0.0153 0.0564 0.0188 0.0170 
    kos339.5  1 0.9186 0.0192 0.0299 0.0176 0.0147 
    kos339.6  1 0.8495 0.0141 0.0888 0.0188 0.0287 
    kos339.7  1 0.9483 0.0108 0.0148 0.0092 0.0170 
    kos339.8  1 0.9471 0.0085 0.0159 0.0144 0.0141 
    kos339.9  1 0.8643 0.0327 0.0654 0.0132 0.0244 
      H008.1  2 0.0289 0.0304 0.0166 0.0157 0.9085 
      H008.2  2 0.1261 0.1095 0.0193 0.0402 0.7050 
      H008.3  2 0.1478 0.1872 0.0667 0.2353 0.3631 
      H008.4  2 0.0172 0.0251 0.0211 0.0163 0.9203 
      H008.5  2 0.0306 0.0232 0.0193 0.0243 0.9026 
      H008.6  2 0.0213 0.0515 0.0222 0.0144 0.8906 
      H008.7  2 0.0292 0.0310 0.0291 0.0277 0.8832 
      H008.8  2 0.0387 0.3421 0.0260 0.0200 0.5733 
      H008.9  2 0.0560 0.2477 0.0729 0.0337 0.5897 
 H029.1_2002  2 0.0106 0.0233 0.0150 0.0227 0.9284 
 H029.1_2003  2 0.0440 0.0309 0.0218 0.0534 0.8500 
 H029.2_2002  2 0.0515 0.0155 0.0203 0.0316 0.8811 
 H029.2_2003  2 0.0753 0.0311 0.0220 0.0561 0.8155 
 H029.3_2002  2 0.0677 0.0125 0.0185 0.1098 0.7915 
 H029.3_2003  2 0.0257 0.0115 0.0189 0.0334 0.9105 
 H029.4_2002  2 0.0123 0.0078 0.0139 0.0211 0.9449 
 H029.4_2003  2 0.0279 0.0333 0.0181 0.0525 0.8682 
 H029.5_2002  2 0.0094 0.0144 0.0269 0.0241 0.9252 
 H029.5_2003  2 0.0190 0.0100 0.0119 0.0157 0.9433 
 H029.6_2002  2 0.0150 0.0082 0.0153 0.0666 0.8949 
 H029.6_2003  2 0.1534 0.0375 0.0955 0.0689 0.6447 
      H029.7  2 0.0204 0.0122 0.0168 0.0149 0.9357 
      H030.1  2 0.0406 0.0208 0.0299 0.8837 0.0249 
      H030.2  2 0.0414 0.0353 0.0580 0.5578 0.3075 
      H038.1  2 0.0108 0.0143 0.0087 0.0139 0.9523 
      H038.2  2 0.0268 0.0121 0.0151 0.0173 0.9287 
      H038.3  2 0.0216 0.0148 0.0155 0.0150 0.9332 
      H038.4  2 0.0154 0.0084 0.0246 0.0129 0.9387 
      H038.5  2 0.0241 0.0081 0.0125 0.0287 0.9266 
      H038.6  2 0.0170 0.0209 0.0066 0.0191 0.9365 
      H038.7  2 0.0191 0.0170 0.0103 0.0122 0.9414 
      H038.8  2 0.0166 0.0096 0.0172 0.0181 0.9386 
      H041.1  2 0.0193 0.0141 0.1613 0.0647 0.7406 
      H041.2  2 0.0216 0.0187 0.2537 0.0395 0.6665 
      H041.4  2 0.0143 0.0266 0.0808 0.0449 0.8334 
      H041.6  2 0.0184 0.0889 0.1153 0.0559 0.7215 
 H042.1_2002  2 0.0418 0.0838 0.4302 0.4223 0.0219 
 H042.1_2003  2 0.0653 0.1506 0.1770 0.0544 0.5527 
 H042.2_2002  2 0.0674 0.0175 0.0811 0.1644 0.6695 
 H042.2_2003  2 0.0392 0.1133 0.6125 0.0389 0.1961 
 H042.3_2002  2 0.0829 0.0577 0.5426 0.2818 0.0350 
 H042.3_2003  2 0.0749 0.1168 0.3609 0.1881 0.2593 
 H042.4_2002  2 0.0289 0.0317 0.1563 0.6948 0.0883 
 H042.4_2003  2 0.0189 0.1300 0.1392 0.6203 0.0916 
      H042.5  2 0.0121 0.0254 0.1817 0.7700 0.0108 
      H042.6  2 0.0217 0.0834 0.0357 0.8228 0.0365 
      H042.7  2 0.0207 0.0249 0.8004 0.1328 0.0212 
      H042.8  2 0.0214 0.0258 0.4377 0.4283 0.0867 
   H042_2002  2 0.0271 0.7133 0.0782 0.0302 0.1513 
   H042_2003  2 0.0239 0.7349 0.0541 0.0199 0.1672 
      H043.1  2 0.0334 0.4350 0.0122 0.0319 0.4874 
      H043.2  2 0.0127 0.4518 0.0432 0.0118 0.4806 
      H043.3  2 0.0397 0.1539 0.0147 0.0130 0.7788 
      H043.4  2 0.0201 0.5654 0.0134 0.0144 0.3868 
      H043.5  2 0.0151 0.0349 0.0171 0.0122 0.9206 
      H043.6  2 0.0149 0.0611 0.0170 0.0127 0.8944 
      H043.7  2 0.0139 0.8476 0.0142 0.0107 0.1136 
      H043.8  2 0.1248 0.4483 0.0397 0.0641 0.3231 
      H043.9  2 0.0402 0.3835 0.0115 0.0350 0.5298 
      H047.1  2 0.0686 0.2885 0.0250 0.0181 0.5998 
      H047.2  2 0.1963 0.0312 0.0573 0.0459 0.6693 
      H047.3  2 0.1922 0.0424 0.1396 0.0726 0.5531 
      H047.4  2 0.1226 0.0695 0.2527 0.0683 0.4870 
      H047.5  2 0.2759 0.1554 0.2670 0.0483 0.2534 
      H047.6  2 0.0940 0.0481 0.1892 0.0688 0.5999 
      H047.7  2 0.0567 0.0923 0.0784 0.0287 0.7439 
      H047.8  2 0.1690 0.0834 0.2265 0.0409 0.4801 
      H047.9  2 0.3232 0.1473 0.2040 0.0311 0.2944 
 H071.1_2002  2 0.0192 0.0440 0.0115 0.0172 0.9081 
 H071.1_2003  2 0.0210 0.1619 0.0254 0.0362 0.7555 
     H071.10  2 0.0277 0.0148 0.0106 0.0815 0.8654 
 H071.2_2002  2 0.0185 0.0154 0.0127 0.0129 0.9404 
 H071.2_2003  2 0.0096 0.0150 0.0098 0.0100 0.9556 
      H071.3  2 0.0397 0.0124 0.0212 0.0300 0.8967 
 H071.4_2002  2 0.0338 0.0129 0.0128 0.0232 0.9173 
 H071.4_2003  2 0.0288 0.0162 0.0116 0.0173 0.9260 
 H071.5_2002  2 0.0152 0.0132 0.0112 0.0226 0.9376 
 H071.5_2003  2 0.0316 0.0471 0.0262 0.0237 0.8713 
 H071.6_2002  2 0.0264 0.0149 0.0128 0.0269 0.9191 
 H071.6_2003  2 0.0208 0.0290 0.0146 0.0388 0.8968 
 H071.7_2002  2 0.0145 0.0172 0.0096 0.0103 0.9484 
 H071.7_2003  2 0.0354 0.0551 0.0198 0.0343 0.8554 
      H071.8  2 0.0115 0.0118 0.0115 0.0101 0.9550 
      H071.9  2 0.0260 0.0211 0.0298 0.0616 0.8615 
 H081.1_2002  2 0.0110 0.0231 0.0147 0.0202 0.9311 
 H081.1_2003  2 0.0470 0.1428 0.0363 0.1822 0.5917 
 H081.2_2002  2 0.0137 0.0857 0.0191 0.0143 0.8672 
 H081.2_2003  2 0.0189 0.0787 0.0157 0.8534 0.0334 
 H081.3_2002  2 0.0145 0.0242 0.0161 0.0207 0.9246 
 H081.3_2003  2 0.1008 0.4560 0.0278 0.3292 0.0862 
 H081.4_2002  2 0.0277 0.0293 0.0186 0.0247 0.8997 
 H081.4_2003  2 0.0785 0.2782 0.0618 0.5192 0.0623 
 H081.5_2002  2 0.0159 0.0313 0.0138 0.0344 0.9045 
 H081.5_2003  2 0.0619 0.3562 0.1128 0.2284 0.2406 
      H081.6  2 0.0150 0.0318 0.0105 0.0236 0.9191 
      H081.7  2 0.0164 0.0381 0.0259 0.0361 0.8835 
      H081.8  2 0.0186 0.0185 0.0259 0.0989 0.8381 
      H083.1  2 0.0245 0.0106 0.0109 0.0438 0.9102 
      H083.2  2 0.0213 0.0293 0.0143 0.0296 0.9055 
      H083.4  2 0.0132 0.0105 0.0122 0.0272 0.9368 
      H083.5  2 0.0106 0.0129 0.0109 0.0251 0.9404 
      H083.6  2 0.0386 0.0108 0.0140 0.0633 0.8734 
      H083.7  2 0.0201 0.0149 0.0169 0.0407 0.9075 
      H083.8  2 0.0217 0.0228 0.0163 0.0180 0.9214 
      H083.9  2 0.0138 0.0083 0.0112 0.0397 0.9270 
      H084.1  2 0.0188 0.0131 0.0212 0.9060 0.0408 
      H084.2  2 0.0292 0.0167 0.0108 0.9007 0.0426 
      H084.3  2 0.0916 0.0374 0.2019 0.5434 0.1256 
      H084.4  2 0.0518 0.0279 0.1603 0.4826 0.2775 
      H084.5  2 0.1294 0.0343 0.1792 0.6098 0.0473 
      H084.6  2 0.0568 0.0267 0.2353 0.5804 0.1009 
      H084.7  2 0.0227 0.0145 0.0226 0.9133 0.0269 
      H084.8  2 0.0510 0.0198 0.2154 0.6681 0.0457 
 H085.1_2002  2 0.0190 0.1401 0.0286 0.2349 0.5774 
 H085.1_2003  2 0.0305 0.0201 0.0378 0.1128 0.7987 
 H085.2_2002  2 0.0292 0.1422 0.0978 0.5557 0.1751 
 H085.2_2003  2 0.0364 0.0204 0.0240 0.1217 0.7975 
 H085.3_2002  2 0.0144 0.4248 0.3768 0.1175 0.0664 
 H085.3_2003  2 0.0260 0.0499 0.0316 0.0328 0.8596 
 H085.4_2002  2 0.0301 0.1280 0.0463 0.1694 0.6261 
 H085.4_2003  2 0.0183 0.0439 0.0599 0.0554 0.8225 
 H085.5_2002  2 0.0130 0.6242 0.1835 0.0380 0.1412 
 H085.5_2003  2 0.0254 0.0210 0.0141 0.1541 0.7854 
 H085.6_2002  2 0.0336 0.3970 0.1057 0.2387 0.2250 
 H085.6_2003  2 0.0477 0.2460 0.4168 0.0458 0.2437 
 H085.7_2002  2 0.0271 0.3237 0.1320 0.3200 0.1972 
 H085.7_2003  2 0.0313 0.0198 0.0331 0.0218 0.8939 
 H085.8_2002  2 0.0220 0.4175 0.3348 0.0595 0.1663 
 H085.8_2003  2 0.0422 0.0400 0.0868 0.5722 0.2588 
      H085.9  2 0.0220 0.2246 0.0944 0.1136 0.5455 
      H088.1  2 0.0260 0.0350 0.2173 0.6960 0.0257 
      H088.2  2 0.0332 0.0260 0.1047 0.8188 0.0172 
      H088.3  2 0.0235 0.0255 0.0636 0.8723 0.0152 
      H088.4  2 0.0263 0.0300 0.0214 0.8955 0.0268 
      H088.5  2 0.0189 0.0192 0.0645 0.8827 0.0146 
      H088.6  2 0.0404 0.0177 0.1763 0.7296 0.0361 
      H088.7  2 0.0402 0.0201 0.1525 0.4697 0.3175 
      H088.8  2 0.0551 0.0243 0.1416 0.4008 0.3782 
      H091.1  2 0.0595 0.0197 0.0730 0.7952 0.0527 
      H091.2  2 0.0819 0.0165 0.1509 0.6604 0.0903 
      H109.1  2 0.0798 0.0799 0.0569 0.6585 0.1249 
      H109.2  2 0.0368 0.0752 0.0642 0.7568 0.0669 
      H109.3  2 0.2195 0.0241 0.3741 0.2073 0.1750 
      H109.4  2 0.0907 0.1365 0.1265 0.4290 0.2172 
      H109.5  2 0.0778 0.0318 0.6594 0.1452 0.0858 
      H109.6  2 0.1791 0.1576 0.1122 0.4431 0.1080 
      H126.1  2 0.0548 0.8008 0.0899 0.0277 0.0268 
      H126.2  2 0.0244 0.1379 0.0154 0.0196 0.8026 
      H126.3  2 0.0316 0.0293 0.0240 0.0180 0.8971 
      H126.4  2 0.0419 0.7994 0.0233 0.0390 0.0964 
      H126.5  2 0.0579 0.8315 0.0187 0.0147 0.0772 
      H126.6  2 0.0471 0.0643 0.0102 0.0204 0.8579 
      H126.7  2 0.0477 0.0940 0.0183 0.0793 0.7606 
      H130.1  2 0.0487 0.7346 0.0572 0.1429 0.0166 
      H130.2  2 0.0482 0.0385 0.0225 0.8510 0.0397 
      H130.3  2 0.4924 0.1038 0.0204 0.3385 0.0449 
      H130.4  2 0.2862 0.3835 0.0445 0.2481 0.0377 
      H130.5  2 0.0265 0.1229 0.0490 0.7625 0.0391 
      H133.1  2 0.0945 0.0780 0.0927 0.2152 0.5197 
      H133.2  2 0.1273 0.6053 0.0418 0.1663 0.0593 
      H133.3  2 0.0738 0.0329 0.1338 0.0713 0.6882 
      H133.4  2 0.3177 0.1827 0.0681 0.0814 0.3501 
      H133.5  2 0.2873 0.1729 0.0336 0.3990 0.1071 
      H133.6  2 0.0643 0.3351 0.0267 0.5343 0.0396 
      H133.7  2 0.0569 0.0577 0.4735 0.0203 0.3916 
      H133.8  2 0.2035 0.1386 0.2506 0.1030 0.3043 
      H133.9  2 0.1427 0.0702 0.0719 0.2936 0.4215 
      H147.1  2 0.0125 0.0521 0.2861 0.2153 0.4340 
      H147.2  2 0.0118 0.0464 0.0166 0.0346 0.8906 
      H147.3  2 0.0153 0.0565 0.0276 0.0390 0.8616 
      H147.4  2 0.0106 0.0113 0.0206 0.0273 0.9302 
      H147.5  2 0.0201 0.0481 0.0251 0.7028 0.2039 
      H147.6  2 0.0226 0.0499 0.0372 0.7118 0.1785 
      H147.7  2 0.0140 0.0157 0.0266 0.0271 0.9166 
      H147.8  2 0.0122 0.0077 0.0156 0.1388 0.8257 
      H147.9  2 0.0123 0.0505 0.0182 0.0361 0.8828 
      H148.1  2 0.0851 0.4185 0.1309 0.2639 0.1016 
      H148.2  2 0.0779 0.1913 0.4483 0.1319 0.1506 
      H148.3  2 0.0130 0.0124 0.9467 0.0097 0.0183 
      H148.4  2 0.0934 0.2291 0.5169 0.0385 0.1222 
      H148.5  2 0.0499 0.0436 0.7817 0.0686 0.0562 
      H148.6  2 0.0366 0.0932 0.6260 0.1107 0.1336 
      H148.7  2 0.1118 0.0453 0.7025 0.0778 0.0626 
      H148.8  2 0.0133 0.0423 0.9069 0.0186 0.0188 
      H148.9  2 0.1666 0.2768 0.4031 0.0842 0.0692 
   H166022.1  2 0.0076 0.0117 0.0250 0.9388 0.0169 
   H166022.2  2 0.0238 0.0195 0.0537 0.8582 0.0449 
   H166022.3  2 0.0185 0.0103 0.0128 0.9506 0.0078 
   H166022.4  2 0.0217 0.0094 0.0140 0.9451 0.0098 
   H166022.5  2 0.0211 0.0104 0.0121 0.9430 0.0134 
   H166022.6  2 0.0128 0.0186 0.0196 0.9299 0.0191 
   H166022.7  2 0.6965 0.0687 0.0093 0.0223 0.2032 
   H166022.8  2 0.0299 0.0533 0.0261 0.8743 0.0165 
   H167397.1  2 0.0195 0.0184 0.0659 0.0290 0.8671 
   H167397.2  2 0.0785 0.0366 0.0760 0.0266 0.7823 
   H167397.3  2 0.0220 0.0131 0.0225 0.0142 0.9283 
   H167397.4  2 0.0255 0.0118 0.1575 0.0234 0.7818 
   H167397.5  2 0.0254 0.0339 0.0303 0.0240 0.8864 
   H167397.6  2 0.0268 0.0230 0.0553 0.0184 0.8765 
   H167496.1  2 0.1262 0.0263 0.4379 0.3822 0.0274 
   H167496.2  2 0.1417 0.0797 0.4889 0.0977 0.1920 
   H167496.3  2 0.0502 0.1868 0.3855 0.3304 0.0472 
   H167496.4  2 0.0161 0.0132 0.0222 0.9319 0.0166 
   H167496.6  2 0.0330 0.0392 0.0190 0.8794 0.0293 
   H167496.7  2 0.1716 0.2138 0.4474 0.1461 0.0211 
   H167496.8  2 0.0301 0.0278 0.0331 0.8623 0.0468 
   H167513.1  2 0.1776 0.1297 0.1483 0.3935 0.1509 
   H167513.2  2 0.0485 0.2506 0.5128 0.0969 0.0912 
   H167513.3  2 0.4076 0.0462 0.0370 0.4852 0.0240 
   H167513.4  2 0.0730 0.0313 0.0605 0.8061 0.0290 
   H167513.5  2 0.0310 0.1816 0.2955 0.2409 0.2509 
   H167513.6  2 0.0720 0.1684 0.3249 0.3441 0.0906 
   H167513.7  2 0.0840 0.0559 0.0248 0.7354 0.0999 
   H167513.8  2 0.3099 0.1090 0.0327 0.3812 0.1672 
   H167547.1  2 0.0237 0.0902 0.8292 0.0360 0.0208 
   H167547.2  2 0.0124 0.0173 0.9209 0.0316 0.0177 
   H167547.3  2 0.0131 0.0158 0.9243 0.0286 0.0181 
   H167547.4  2 0.0189 0.1046 0.6182 0.2322 0.0262 
   H167547.5  2 0.0105 0.0159 0.9313 0.0242 0.0181 
   H167547.6  2 0.0160 0.0159 0.9215 0.0275 0.0190 
   H167547.7  2 0.1990 0.2540 0.4194 0.0669 0.0607 
   H169750.1  2 0.2876 0.1909 0.2046 0.2646 0.0524 
   H169750.2  2 0.2070 0.1281 0.0826 0.0732 0.5092 
   H169750.3  2 0.4806 0.1276 0.1113 0.2497 0.0308 
   H169750.4  2 0.4076 0.1328 0.1446 0.0347 0.2802 
   H169750.5  2 0.2100 0.0780 0.1084 0.4238 0.1797 
   H169750.6  2 0.0867 0.1196 0.0617 0.2420 0.4900 
   H169750.7  2 0.6566 0.1168 0.0833 0.0435 0.0998 
   H171929.1  2 0.0233 0.0660 0.6154 0.0237 0.2716 
  H171929.10  2 0.0262 0.0441 0.6615 0.1454 0.1228 
  H171929.11  2 0.0842 0.2017 0.3852 0.0459 0.2830 
   H171929.2  2 0.0923 0.2115 0.5018 0.1487 0.0458 
   H171929.3  2 0.0802 0.0618 0.5499 0.0989 0.2092 
   H171929.4  2 0.0688 0.1733 0.5134 0.2067 0.0378 
   H171929.5  2 0.2754 0.1755 0.2402 0.1799 0.1290 
   H171929.6  2 0.2383 0.2600 0.1844 0.1243 0.1928 
   H171929.7  2 0.0455 0.3119 0.5178 0.0578 0.0671 
   H171929.8  2 0.0287 0.3859 0.4897 0.0488 0.0469 
   H171929.9  2 0.0324 0.4815 0.1549 0.2853 0.0459 
   H171930.1  2 0.4222 0.0305 0.0653 0.4010 0.0810 
   H171930.2  2 0.0586 0.0396 0.0737 0.7986 0.0295 
   H171930.3  2 0.4339 0.0192 0.0606 0.4534 0.0329 
   H171930.4  2 0.2329 0.0120 0.0515 0.6810 0.0226 
   H171930.5  2 0.1768 0.1160 0.0734 0.5413 0.0924 
   H171930.6  2 0.2926 0.0276 0.0567 0.5874 0.0357 
   H171930.7  2 0.4118 0.0419 0.0302 0.4450 0.0712 
   H171930.8  2 0.3415 0.0537 0.0575 0.4900 0.0573 
   H171933.1  2 0.0123 0.0118 0.0451 0.9142 0.0166 
   H171933.2  2 0.0196 0.0315 0.0824 0.7948 0.0717 
   H171933.3  2 0.0182 0.0304 0.1445 0.7938 0.0132 
   H171933.4  2 0.0329 0.0851 0.0433 0.8256 0.0130 
   H171933.5  2 0.0990 0.3265 0.1199 0.4371 0.0175 
   H171933.6  2 0.0133 0.0138 0.0213 0.9348 0.0168 
   H171933.7  2 0.0248 0.0542 0.0482 0.8469 0.0260 
   H171933.8  2 0.0263 0.1125 0.1067 0.6964 0.0582 
   H171933.9  2 0.0145 0.0159 0.0163 0.9439 0.0094 
      H190.1  2 0.2897 0.0665 0.0809 0.5377 0.0251 
      H190.2  2 0.0345 0.1333 0.7707 0.0239 0.0377 
      H190.3  2 0.0564 0.2172 0.6221 0.0623 0.0421 
      H190.4  2 0.0325 0.0317 0.0302 0.8937 0.0118 
      H190.5  2 0.1299 0.1856 0.5487 0.0439 0.0920 
      H190.6  2 0.0407 0.0557 0.0664 0.8226 0.0146 
      H190.7  2 0.0402 0.4878 0.3606 0.0846 0.0268 
      H190.8  2 0.1909 0.3216 0.3817 0.0577 0.0481 
      H190.9  2 0.0718 0.2245 0.6137 0.0514 0.0386 
      H400.1  2 0.0143 0.0168 0.0082 0.9487 0.0120 
      H400.2  2 0.0081 0.0088 0.0119 0.9404 0.0308 
      H400.3  2 0.0240 0.0180 0.0178 0.9200 0.0201 
      H400.4  2 0.0226 0.0114 0.0224 0.9284 0.0151 
      H400.5  2 0.0224 0.0113 0.0157 0.9375 0.0132 
      H400.6  2 0.0125 0.0137 0.0116 0.9483 0.0139 
      H400.7  2 0.0152 0.0150 0.0164 0.9460 0.0073 
 H428.1_2005  2 0.0311 0.0144 0.0225 0.9052 0.0267 
 H428.1_2006  2 0.0257 0.0142 0.0504 0.8704 0.0393 
 H428.2_2005  2 0.0191 0.0105 0.0264 0.9291 0.0149 
 H428.2_2006  2 0.0128 0.0119 0.0164 0.8897 0.0692 
 H428.3_2005  2 0.0242 0.0088 0.0150 0.9398 0.0122 
 H428.3_2006  2 0.0142 0.0203 0.0137 0.8934 0.0584 
 H428.4_2005  2 0.0270 0.0076 0.0335 0.9172 0.0147 
 H428.4_2006  2 0.0142 0.0120 0.0151 0.9356 0.0231 
 H428.5_2005  2 0.0073 0.0115 0.0164 0.8985 0.0663 
 H428.6_2005  2 0.0484 0.0124 0.0183 0.9078 0.0131 
 H428.6_2006  2 0.0320 0.0131 0.0153 0.8923 0.0474 
      H428.7  2 0.0088 0.0110 0.0079 0.9575 0.0147 
      H428.8  2 0.0137 0.0137 0.0101 0.9291 0.0334 
      H428.9  2 0.0084 0.0140 0.0107 0.9420 0.0248 
      H453.1  2 0.0171 0.0118 0.0159 0.9265 0.0287 
      H453.2  2 0.0147 0.0144 0.0130 0.9487 0.0092 
      H453.3  2 0.0129 0.0191 0.0157 0.9435 0.0088 
      H453.4  2 0.0123 0.0150 0.0161 0.9477 0.0090 
      H453.5  2 0.0140 0.0084 0.0091 0.9524 0.0161 
      H453.6  2 0.0100 0.0066 0.0102 0.9562 0.0170 
      H453.7  2 0.0487 0.2912 0.1207 0.4824 0.0570 
      H453.8  2 0.0322 0.1377 0.0681 0.6896 0.0725 
      H453.9  2 0.0128 0.0624 0.0146 0.8336 0.0766 
      H512.1  2 0.0171 0.0172 0.0132 0.9436 0.0089 
     H512.10  2 0.1995 0.0284 0.0850 0.5184 0.1686 
      H512.2  2 0.1593 0.0702 0.1664 0.5734 0.0307 
      H512.3  2 0.5316 0.0180 0.0838 0.3141 0.0525 
      H512.4  2 0.0417 0.0298 0.0814 0.7245 0.1226 
      H512.5  2 0.8157 0.0182 0.0514 0.0816 0.0332 
      H512.6  2 0.3904 0.0915 0.1311 0.3709 0.0160 
      H512.7  2 0.7288 0.0153 0.0290 0.1842 0.0426 
      H512.8  2 0.3039 0.0631 0.2703 0.3340 0.0286 
      H512.9  2 0.3859 0.0266 0.0324 0.5109 0.0442 
      H513.1  2 0.0077 0.0102 0.0105 0.9511 0.0205 
      H513.2  2 0.0069 0.0096 0.0127 0.9492 0.0215 
      H513.3  2 0.0110 0.0110 0.0099 0.9560 0.0121 
      H513.4  2 0.0174 0.0125 0.0282 0.9227 0.0192 
      H513.5  2 0.0117 0.0085 0.0104 0.9547 0.0147 
      H513.6  2 0.0117 0.0191 0.0207 0.8672 0.0812 
      H532.1  2 0.2846 0.0253 0.0248 0.3794 0.2860 
      H532.2  2 0.0156 0.0251 0.0678 0.8545 0.0370 
      H532.3  2 0.0241 0.0405 0.0480 0.8513 0.0361 
      H532.4  2 0.0357 0.0974 0.0239 0.3347 0.5083 
      H532.5  2 0.0763 0.0287 0.0429 0.7287 0.1234 
      H532.6  2 0.0355 0.0373 0.0145 0.7826 0.1301 
      H532.7  2 0.0640 0.0170 0.0168 0.4467 0.4555 
      H532.8  2 0.1176 0.0233 0.0548 0.3218 0.4826 
      H543.1  2 0.0109 0.0079 0.0127 0.0211 0.9473 
      H543.2  2 0.0282 0.0160 0.0992 0.2500 0.6066 
      H543.3  2 0.0125 0.0115 0.0146 0.0208 0.9407 
      H543.4  2 0.0139 0.0107 0.0307 0.0121 0.9327 
      H543.5  2 0.0127 0.0118 0.0250 0.0163 0.9342 
      H543.6  2 0.0126 0.0182 0.0302 0.0382 0.9008 
      H543.7  2 0.0092 0.0127 0.0179 0.0093 0.9508 
      H543.8  2 0.0139 0.0124 0.0148 0.0346 0.9243 
      H543.9  2 0.0203 0.0128 0.0386 0.0286 0.8996 
 H545.1_2005  2 0.0119 0.0121 0.0064 0.0089 0.9607 
 H545.1_2006  2 0.0118 0.0098 0.0118 0.0107 0.9559 
 H545.2_2005  2 0.0316 0.0247 0.0148 0.0150 0.9139 
 H545.2_2006  2 0.0174 0.0114 0.0131 0.0242 0.9339 
 H545.3_2005  2 0.0947 0.0379 0.0775 0.0226 0.7673 
 H545.3_2006  2 0.0125 0.0096 0.0061 0.0068 0.9650 
 H545.4_2005  2 0.0244 0.0352 0.0375 0.0120 0.8909 
 H545.4_2006  2 0.0142 0.0233 0.0201 0.0128 0.9296 
 H545.5_2005  2 0.0194 0.0118 0.0093 0.0132 0.9463 
 H545.5_2006  2 0.0500 0.0292 0.0399 0.0372 0.8437 
 H545.6_2005  2 0.0150 0.0105 0.0088 0.0143 0.9513 
 H545.6_2006  2 0.0175 0.0168 0.0175 0.0194 0.9288 
 H545.7_2005  2 0.0236 0.0126 0.0089 0.0180 0.9369 
 H545.7_2006  2 0.0125 0.0123 0.0085 0.0146 0.9521 
 H545.8_2005  2 0.0201 0.0195 0.0287 0.0335 0.8983 
 H545.8_2006  2 0.0182 0.0134 0.0097 0.0143 0.9443 
      H545.9  2 0.0604 0.0330 0.0337 0.0313 0.8415 
      H547.1  2 0.0165 0.0384 0.4677 0.4644 0.0130 
      H547.2  2 0.0132 0.0220 0.7457 0.1811 0.0381 
      H547.3  2 0.0477 0.1785 0.3301 0.4245 0.0193 
      H547.4  2 0.0559 0.1645 0.4923 0.2102 0.0771 
      H547.5  2 0.0118 0.0190 0.7679 0.1929 0.0084 
      H547.6  2 0.0128 0.0249 0.3810 0.5566 0.0247 
      H547.7  2 0.0385 0.1212 0.3923 0.4213 0.0267 
      H547.8  2 0.0161 0.0362 0.5505 0.3842 0.0130 
      H548.1  2 0.0158 0.0256 0.0157 0.0136 0.9293 
      H548.2  2 0.0220 0.0135 0.0222 0.0133 0.9290 
      H548.3  2 0.0152 0.0271 0.0143 0.0148 0.9286 
      H548.4  2 0.0458 0.0460 0.0165 0.0197 0.8720 
      H548.5  2 0.0094 0.0137 0.0103 0.0062 0.9603 
      H548.6  2 0.0195 0.0246 0.0121 0.0106 0.9333 
      H548.7  2 0.0168 0.0183 0.0156 0.0163 0.9330 
      H548.8  2 0.0069 0.0110 0.0094 0.0093 0.9633 
      H548.9  2 0.0160 0.0190 0.0227 0.0170 0.9254 
     H7389.1  2 0.0132 0.0175 0.0186 0.9327 0.0179 
     H7389.2  2 0.0072 0.0106 0.0183 0.9154 0.0485 
     H7389.3  2 0.0120 0.0084 0.0292 0.9201 0.0303 
     H7389.4  2 0.0159 0.0236 0.0110 0.8537 0.0959 
     H7389.5  2 0.0168 0.0289 0.0104 0.9107 0.0333 
     H7389.6  2 0.1808 0.0095 0.0140 0.7407 0.0550 
     H7389.7  2 0.0246 0.0145 0.0395 0.8295 0.0919 
     H7389.8  2 0.0228 0.0591 0.0166 0.7278 0.1738 
     H7389.9  2 0.0097 0.0111 0.0110 0.8900 0.0782 
      H747.1  2 0.4869 0.0544 0.2664 0.1679 0.0244 
      H747.2  2 0.8013 0.0791 0.0504 0.0486 0.0205 
      H747.3  2 0.8408 0.0369 0.0405 0.0657 0.0163 
      H747.4  2 0.7942 0.0459 0.0753 0.0654 0.0191 
      H747.5  2 0.9026 0.0276 0.0262 0.0315 0.0121 
      H747.6  2 0.3405 0.0516 0.0772 0.4820 0.0487 
      H747.7  2 0.6792 0.0769 0.0416 0.1816 0.0207 
     H7484.1  2 0.0504 0.2244 0.0562 0.3934 0.2756 
     H7484.2  2 0.0362 0.6182 0.1213 0.1231 0.1011 
     H7484.3  2 0.0524 0.4965 0.0904 0.1071 0.2537 
     H7484.4  2 0.0555 0.3707 0.0581 0.4221 0.0935 
     H7484.5  2 0.0579 0.3085 0.0350 0.3199 0.2787 
     H7484.6  2 0.4779 0.2763 0.1289 0.0692 0.0478 
     H7484.7  2 0.0450 0.8428 0.0152 0.0428 0.0542 
     H7484.8  2 0.1062 0.1039 0.0456 0.6543 0.0899 
     H7485.1  2 0.0153 0.0120 0.0196 0.0092 0.9439 
     H7485.2  2 0.0199 0.0133 0.0097 0.0250 0.9322 
     H7485.3  2 0.0134 0.0119 0.0139 0.0071 0.9536 
     H7485.4  2 0.0165 0.0264 0.0089 0.0201 0.9281 
     H7485.5  2 0.0137 0.0197 0.0122 0.0111 0.9433 
     H7485.6  2 0.0189 0.0117 0.0204 0.0128 0.9361 
     H7485.7  2 0.0197 0.0198 0.0146 0.0082 0.9377 
     H7496.1  2 0.0343 0.0268 0.0428 0.8725 0.0238 
    H7496.10  2 0.0137 0.0148 0.0294 0.9220 0.0201 
    H7496.11  2 0.0154 0.0085 0.0112 0.0181 0.9467 
     H7496.2  2 0.0263 0.0244 0.0198 0.9048 0.0247 
     H7496.3  2 0.0513 0.1899 0.0548 0.5094 0.1946 
     H7496.4  2 0.0118 0.0148 0.0374 0.9206 0.0154 
     H7496.5  2 0.0342 0.0273 0.0228 0.8967 0.0190 
     H7496.6  2 0.0255 0.0254 0.0220 0.9132 0.0139 
     H7496.7  2 0.0130 0.0156 0.0268 0.9284 0.0162 
     H7496.8  2 0.0378 0.0645 0.0799 0.7529 0.0649 
        UNK4  2 0.0369 0.0549 0.0241 0.8395 0.0446 
        UNK5  2 0.0235 0.0574 0.0468 0.7284 0.1439 
        UNK6  2 0.0202 0.0198 0.0194 0.9105 0.0302 
        UNK7  2 0.0185 0.0299 0.0252 0.7908 0.1356 
        UNK8  2 0.0100 0.0351 0.0126 0.8619 0.0804 
        UNK9  2 0.0263 0.0224 0.0190 0.4553 0.4771 
      H009.1  4 0.0157 0.9315 0.0301 0.0104 0.0123 
      H009.2  4 0.0464 0.9080 0.0192 0.0170 0.0094 
      H009.3  4 0.0195 0.9431 0.0147 0.0131 0.0096 
      H009.4  4 0.1040 0.7912 0.0698 0.0185 0.0166 
      H009.5  4 0.0242 0.9359 0.0166 0.0094 0.0140 
      H009.6  4 0.0105 0.9109 0.0559 0.0109 0.0118 
      H046.4  4 0.0924 0.5872 0.0409 0.0954 0.1841 
      H046.8  4 0.1914 0.2263 0.4565 0.0399 0.0859 
 H076.1_2002  4 0.0090 0.0102 0.9565 0.0143 0.0101 
 H076.1_2003  4 0.0082 0.0083 0.9677 0.0075 0.0082 
 H076.1_2004  4 0.0109 0.0101 0.9600 0.0086 0.0104 
 H076.2_2002  4 0.0090 0.0113 0.9569 0.0121 0.0107 
 H076.2_2003  4 0.0096 0.0130 0.9592 0.0082 0.0099 
 H076.2_2004  4 0.1071 0.0343 0.8064 0.0334 0.0187 
 H076.3_2002  4 0.2976 0.0885 0.5592 0.0320 0.0228 
 H076.3_2003  4 0.0119 0.0116 0.9422 0.0168 0.0176 
 H076.3_2004  4 0.0096 0.0104 0.9563 0.0113 0.0123 
 H076.4_2002  4 0.0502 0.0373 0.8625 0.0278 0.0222 
 H076.4_2003  4 0.0177 0.0215 0.9375 0.0126 0.0107 
 H076.4_2004  4 0.3182 0.0676 0.5366 0.0587 0.0188 
 H076.5_2002  4 0.0119 0.0146 0.9408 0.0201 0.0126 
 H076.5_2003  4 0.0202 0.0208 0.9145 0.0237 0.0209 
 H076.5_2004  4 0.0313 0.0165 0.9002 0.0289 0.0232 
 H076.6_2002  4 0.0116 0.0108 0.9465 0.0138 0.0173 
 H076.6_2003  4 0.0109 0.0160 0.9439 0.0174 0.0118 
 H076.6_2004  4 0.0218 0.0143 0.9375 0.0131 0.0132 
 H076.7_2002  4 0.3358 0.1757 0.3406 0.1152 0.0326 
 H076.7_2003  4 0.0314 0.0162 0.9123 0.0236 0.0165 
 H076.7_2004  4 0.0531 0.0223 0.8948 0.0133 0.0164 
      H477.1  4 0.0795 0.0326 0.0234 0.8483 0.0161 
      H477.2  4 0.5766 0.1049 0.0392 0.2581 0.0212 
      H477.3  4 0.2908 0.1296 0.0222 0.4684 0.0890 
      H477.4  4 0.1758 0.1042 0.0219 0.6355 0.0627 
      H477.5  4 0.4040 0.2115 0.0610 0.2759 0.0475 
      H477.6  4 0.4767 0.2425 0.0278 0.1510 0.1019 
      H477.7  4 0.1284 0.1244 0.0252 0.6866 0.0354 
 H479.1_2005  4 0.6880 0.0274 0.0094 0.1517 0.1235 
 H479.1_2006  4 0.6156 0.0849 0.1442 0.0313 0.1241 
     H479.10  4 0.5870 0.0520 0.0481 0.0484 0.2644 
 H479.2_2005  4 0.2366 0.2786 0.0936 0.2128 0.1784 
 H479.2_2006  4 0.8303 0.0447 0.0115 0.0389 0.0746 
 H479.3_2005  4 0.8226 0.0185 0.0189 0.0998 0.0403 
 H479.3_2006  4 0.7899 0.0203 0.0446 0.1147 0.0305 
 H479.4_2005  4 0.9157 0.0204 0.0121 0.0279 0.0239 
 H479.4_2006  4 0.7497 0.0174 0.0131 0.1392 0.0806 
 H479.5_2005  4 0.4283 0.0847 0.0498 0.0538 0.3834 
 H479.5_2006  4 0.8517 0.0172 0.0182 0.0586 0.0543 
 H479.6_2005  4 0.4322 0.0421 0.2717 0.1283 0.1257 
 H479.6_2006  4 0.0953 0.0188 0.0127 0.3386 0.5346 
 H479.7_2005  4 0.3165 0.0467 0.0303 0.5536 0.0529 
 H479.7_2006  4 0.6171 0.0319 0.0289 0.2090 0.1131 
 H479.8_2005  4 0.3812 0.0136 0.0125 0.5368 0.0560 
 H479.8_2006  4 0.7865 0.0352 0.0394 0.0085 0.1304 
      H479.9  4 0.9383 0.0163 0.0181 0.0118 0.0156 
      H516.1  4 0.2205 0.2318 0.4812 0.0375 0.0289 
      H516.2  4 0.8856 0.0631 0.0151 0.0161 0.0201 
      H516.3  4 0.1207 0.8415 0.0141 0.0126 0.0112 
      H516.4  4 0.7202 0.1865 0.0545 0.0150 0.0238 
      H516.5  4 0.5519 0.1662 0.2249 0.0246 0.0324 
      H516.6  4 0.9141 0.0439 0.0095 0.0114 0.0212 
      H516.7  4 0.8964 0.0229 0.0366 0.0242 0.0199 
      H516.8  4 0.3722 0.3388 0.2584 0.0148 0.0158 
      H516.9  4 0.7922 0.0759 0.0908 0.0195 0.0215 
      H646.1  4 0.3550 0.4318 0.1550 0.0420 0.0162 
      H646.2  4 0.4088 0.1406 0.4127 0.0297 0.0082 
      H646.3  4 0.5282 0.3621 0.0800 0.0159 0.0138 
      H646.4  4 0.1994 0.0841 0.6215 0.0859 0.0091 
      H646.5  4 0.5770 0.1075 0.2673 0.0315 0.0167 
      H658.1  4 0.9026 0.0352 0.0306 0.0096 0.0220 
     H658.10  4 0.9303 0.0198 0.0170 0.0218 0.0112 
      H658.2  4 0.7652 0.0667 0.1032 0.0229 0.0420 
      H658.3  4 0.9314 0.0119 0.0189 0.0178 0.0201 
      H658.4  4 0.9329 0.0171 0.0141 0.0194 0.0165 
      H658.5  4 0.9348 0.0196 0.0095 0.0259 0.0102 
      H658.6  4 0.9304 0.0216 0.0173 0.0153 0.0154 
      H658.7  4 0.8188 0.0233 0.1201 0.0159 0.0218 
      H658.8  4 0.7586 0.0307 0.1822 0.0119 0.0166 
      H658.9  4 0.8179 0.0511 0.0727 0.0196 0.0387 
      H682.1  4 0.1963 0.3010 0.1105 0.2746 0.1176 
      H682.6  4 0.1244 0.4842 0.1360 0.1120 0.1434 
      H720.1  4 0.3063 0.0249 0.3075 0.3404 0.0209 
      H720.2  4 0.5171 0.0428 0.1570 0.2653 0.0177 
      H720.3  4 0.2150 0.0368 0.6335 0.0755 0.0392 
      H720.4  4 0.6119 0.1529 0.0690 0.1121 0.0542 
      H720.5  4 0.1001 0.0919 0.6255 0.0777 0.1048 
      H720.6  4 0.0867 0.0690 0.6872 0.0643 0.0929 
      H720.7  4 0.3956 0.0347 0.0359 0.5166 0.0171 
      H720.8  4 0.0952 0.0355 0.5700 0.2645 0.0348 
      H720.9  4 0.0733 0.7144 0.0475 0.0540 0.1108 
      H724.1  4 0.0208 0.0333 0.8922 0.0289 0.0248 
      H724.2  4 0.0244 0.0212 0.8695 0.0501 0.0347 
      H724.3  4 0.3777 0.0738 0.3658 0.1437 0.0391 
      H724.4  4 0.0475 0.0154 0.8905 0.0162 0.0304 
      H724.5  4 0.3514 0.0956 0.3363 0.1614 0.0553 
      H724.6  4 0.0159 0.0255 0.9071 0.0228 0.0288 
      H725.1  4 0.0875 0.6819 0.0477 0.0582 0.1247 
      H725.2  4 0.1825 0.5911 0.0267 0.1433 0.0565 
      H725.3  4 0.2114 0.5688 0.0220 0.0643 0.1334 
      H725.4  4 0.0374 0.2084 0.0276 0.1125 0.6141 
      H725.5  4 0.1451 0.0296 0.0222 0.7849 0.0181 
      H725.6  4 0.5653 0.2621 0.0980 0.0311 0.0435 
      H725.7  4 0.1842 0.6306 0.0333 0.0245 0.1274 
      H725.8  4 0.5392 0.2082 0.0474 0.0236 0.1817 
      H726.1  4 0.8778 0.0526 0.0431 0.0176 0.0089 
      H726.2  4 0.9204 0.0252 0.0187 0.0237 0.0120 
      H726.3  4 0.6977 0.0818 0.1722 0.0257 0.0227 
      H726.4  4 0.9273 0.0261 0.0170 0.0113 0.0183 
      H726.5  4 0.9271 0.0271 0.0186 0.0149 0.0123 
        UNK1  4 0.6170 0.1722 0.0471 0.1372 0.0265 
        UNK2  4 0.2208 0.2874 0.0690 0.0484 0.3745 
        UNK3  4 0.5887 0.1255 0.0919 0.1492 0.0447 
      H016.1  5 0.2220 0.0300 0.0735 0.0291 0.6454 
      H016.2  5 0.0320 0.0288 0.0245 0.0234 0.8913 
      H016.3  5 0.3800 0.1386 0.4017 0.0334 0.0463 
      H016.4  5 0.0358 0.0282 0.0403 0.0489 0.8468 
 H017.1_2002  5 0.0813 0.1156 0.7596 0.0243 0.0192 
 H017.1_2003  5 0.4667 0.1238 0.0292 0.3060 0.0743 
 H017.2_2002  5 0.0268 0.0361 0.8983 0.0151 0.0238 
 H017.2_2003  5 0.9017 0.0315 0.0323 0.0193 0.0153 
 H017.3_2002  5 0.2190 0.2839 0.2419 0.0646 0.1906 
 H017.3_2003  5 0.0303 0.6814 0.2055 0.0621 0.0207 
 H017.4_2002  5 0.0168 0.4880 0.3095 0.0591 0.1265 
 H017.4_2003  5 0.6720 0.2342 0.0337 0.0120 0.0481 
 H017.5_2002  5 0.0444 0.5952 0.0640 0.0195 0.2769 
 H017.5_2003  5 0.5062 0.3785 0.0510 0.0184 0.0460 
 H017.6_2002  5 0.0104 0.0621 0.8448 0.0558 0.0268 
 H017.6_2003  5 0.4777 0.2802 0.1836 0.0318 0.0267 
 H017.7_2002  5 0.0163 0.1268 0.6871 0.0558 0.1140 
 H017.7_2003  5 0.7637 0.1634 0.0187 0.0293 0.0249 
      H017.8  5 0.0369 0.4240 0.4021 0.0542 0.0829 
      H017.9  5 0.0362 0.0491 0.6116 0.0529 0.2503 
      H032.1  5 0.9392 0.0180 0.0148 0.0141 0.0140 
      H032.2  5 0.9538 0.0131 0.0098 0.0098 0.0136 
      H032.3  5 0.9078 0.0131 0.0168 0.0196 0.0428 
      H032.4  5 0.8963 0.0353 0.0200 0.0086 0.0398 
      H032.5  5 0.9337 0.0168 0.0206 0.0129 0.0160 
      H032.6  5 0.9291 0.0222 0.0227 0.0128 0.0133 
      H032.7  5 0.8309 0.0875 0.0244 0.0444 0.0127 
 H034.1_2002  5 0.0380 0.1459 0.7558 0.0175 0.0428 
 H034.1_2003  5 0.0273 0.8559 0.0803 0.0254 0.0111 
 H034.2_2002  5 0.0742 0.2037 0.3627 0.0226 0.3368 
 H034.2_2003  5 0.0485 0.6698 0.1831 0.0855 0.0131 
 H034.3_2002  5 0.0594 0.1032 0.5782 0.0221 0.2371 
 H034.3_2003  5 0.0161 0.8463 0.0898 0.0363 0.0116 
 H034.4_2002  5 0.0222 0.1336 0.7618 0.0400 0.0424 
 H034.4_2003  5 0.0547 0.8728 0.0429 0.0198 0.0097 
 H034.5_2002  5 0.1036 0.0982 0.7396 0.0149 0.0437 
 H034.5_2003  5 0.1358 0.4694 0.2816 0.0552 0.0580 
 H034.6_2002  5 0.0282 0.1966 0.5668 0.0167 0.1916 
 H034.6_2003  5 0.0428 0.8874 0.0368 0.0211 0.0120 
 H034.7_2002  5 0.0477 0.6283 0.2650 0.0246 0.0344 
 H034.7_2003  5 0.1982 0.7092 0.0422 0.0240 0.0265 
 H034.8_2002  5 0.0169 0.3272 0.6040 0.0280 0.0239 
 H034.8_2003  5 0.0558 0.6563 0.2364 0.0192 0.0323 
      H034.9  5 0.1228 0.0687 0.4293 0.0355 0.3437 
      H048.1  5 0.9220 0.0193 0.0156 0.0176 0.0255 
      H048.2  5 0.3603 0.0653 0.2051 0.0965 0.2728 
      H048.3  5 0.2468 0.0213 0.6147 0.0762 0.0410 
      H048.4  5 0.1192 0.0159 0.5599 0.0267 0.2783 
      H048.5  5 0.9149 0.0157 0.0159 0.0194 0.0342 
      H048.6  5 0.1446 0.0146 0.6223 0.0231 0.1954 
      H048.7  5 0.5941 0.0149 0.0252 0.0238 0.3420 
      H048.8  5 0.2893 0.0447 0.2981 0.0213 0.3466 
      H060.1  5 0.0164 0.9220 0.0163 0.0143 0.0311 
     H060.10  5 0.0091 0.9604 0.0126 0.0085 0.0095 
      H060.2  5 0.0150 0.9370 0.0143 0.0180 0.0158 
      H060.3  5 0.0108 0.9575 0.0094 0.0080 0.0143 
      H060.4  5 0.0167 0.9209 0.0205 0.0201 0.0218 
      H060.5  5 0.0249 0.9201 0.0158 0.0156 0.0236 
      H060.6  5 0.0163 0.9308 0.0131 0.0130 0.0268 
      H060.7  5 0.0146 0.8277 0.1014 0.0221 0.0343 
      H060.8  5 0.0317 0.8849 0.0331 0.0190 0.0313 
      H060.9  5 0.0349 0.9040 0.0179 0.0112 0.0320 
