      H105.1  1 0.0131 0.0117 0.0186 0.0074 0.0076 0.0057 0.7398 0.0061 0.0049 0.0072 0.0043 0.0117 0.0129 0.0104 0.0093 0.0488 0.0221 0.0132 0.0039 0.0258 0.0060 0.0094 
      H105.2  1 0.0101 0.0230 0.4860 0.0108 0.0052 0.0093 0.1900 0.0298 0.0089 0.0249 0.0053 0.0300 0.0234 0.0089 0.0122 0.0149 0.0068 0.0051 0.0125 0.0535 0.0073 0.0221 
      H105.3  1 0.0191 0.0336 0.0083 0.0060 0.0068 0.0065 0.7622 0.0069 0.0071 0.0149 0.0060 0.0113 0.0071 0.0095 0.0111 0.0116 0.0060 0.0113 0.0181 0.0134 0.0049 0.0182 
      H105.4  1 0.0174 0.0381 0.1740 0.0057 0.0097 0.0181 0.2898 0.0317 0.0156 0.0203 0.0110 0.0120 0.0091 0.0150 0.0138 0.0310 0.0090 0.0103 0.0865 0.1625 0.0127 0.0065 
      H105.5  1 0.0573 0.0105 0.1083 0.0078 0.0243 0.0111 0.1980 0.0911 0.0213 0.0161 0.0094 0.0338 0.0090 0.0089 0.0798 0.0737 0.0280 0.0316 0.0390 0.0996 0.0074 0.0339 
      H105.6  1 0.0149 0.0772 0.0137 0.0041 0.0181 0.0048 0.6760 0.0096 0.0101 0.0092 0.0088 0.0051 0.0053 0.0077 0.0075 0.0058 0.0036 0.0127 0.0202 0.0709 0.0079 0.0069 
      H105.7  1 0.0070 0.0174 0.0204 0.0043 0.0049 0.0116 0.7951 0.0036 0.0077 0.0052 0.0056 0.0058 0.0069 0.0178 0.0055 0.0054 0.0092 0.0042 0.0048 0.0440 0.0074 0.0064 
      H105.8  1 0.0089 0.0442 0.0181 0.0082 0.0064 0.0062 0.7013 0.0137 0.0055 0.0141 0.0074 0.0081 0.0137 0.0282 0.0046 0.0257 0.0050 0.0046 0.0077 0.0524 0.0053 0.0108 
      H115.1  1 0.0087 0.0264 0.0077 0.0073 0.7063 0.0095 0.0110 0.0142 0.0175 0.0260 0.0070 0.0087 0.0164 0.0197 0.0066 0.0083 0.0168 0.0360 0.0079 0.0102 0.0070 0.0207 
      H115.2  1 0.0062 0.0058 0.0081 0.0087 0.8207 0.0061 0.0118 0.0091 0.0061 0.0112 0.0078 0.0063 0.0189 0.0072 0.0136 0.0064 0.0084 0.0128 0.0082 0.0042 0.0041 0.0082 
      H115.3  1 0.0071 0.0064 0.0235 0.0077 0.5024 0.0077 0.0145 0.1530 0.0039 0.0058 0.0120 0.0129 0.0119 0.0095 0.0337 0.0051 0.0177 0.0258 0.1146 0.0139 0.0066 0.0047 
      H115.4  1 0.0085 0.0084 0.0131 0.0080 0.0293 0.0104 0.0155 0.3763 0.0048 0.0502 0.0118 0.0252 0.0292 0.0086 0.1711 0.0066 0.0495 0.0327 0.0064 0.0152 0.0087 0.1104 
      H115.5  1 0.0156 0.0131 0.0169 0.0706 0.3206 0.0157 0.0377 0.0573 0.0185 0.0149 0.0073 0.0843 0.0215 0.0349 0.0206 0.0151 0.0433 0.0734 0.0601 0.0242 0.0181 0.0162 
      H115.6  1 0.0134 0.0146 0.0543 0.0167 0.3907 0.0233 0.0147 0.1192 0.0067 0.0043 0.0191 0.0207 0.0069 0.0189 0.1197 0.0067 0.0155 0.0552 0.0443 0.0096 0.0100 0.0154 
      H115.7  1 0.0141 0.0256 0.2517 0.0048 0.3600 0.0215 0.0115 0.0265 0.0125 0.0108 0.0135 0.0339 0.0105 0.0056 0.0924 0.0053 0.0213 0.0209 0.0242 0.0090 0.0084 0.0160 
      H115.8  1 0.0077 0.0087 0.0104 0.0636 0.5669 0.0104 0.0235 0.0466 0.0054 0.0053 0.0095 0.0274 0.0174 0.0525 0.0331 0.0090 0.0181 0.0395 0.0165 0.0118 0.0065 0.0104 
      H115.9  1 0.0047 0.0091 0.0035 0.0049 0.8176 0.0069 0.0044 0.0078 0.0100 0.0117 0.0053 0.0038 0.0072 0.0243 0.0050 0.0055 0.0118 0.0126 0.0149 0.0116 0.0050 0.0124 
      H145.1  1 0.0133 0.0112 0.0048 0.0219 0.0101 0.0041 0.0045 0.0086 0.0055 0.0051 0.0069 0.0035 0.0043 0.0097 0.0064 0.0065 0.0062 0.0078 0.0151 0.0116 0.8259 0.0069 
      H145.2  1 0.0098 0.0052 0.0189 0.0216 0.0077 0.0033 0.0079 0.0084 0.0045 0.0101 0.0067 0.0033 0.0044 0.0068 0.0062 0.0147 0.0068 0.0168 0.1318 0.0116 0.6875 0.0060 
      H145.3  1 0.0072 0.0043 0.0067 0.0615 0.0073 0.0057 0.0029 0.0125 0.0046 0.0053 0.0044 0.0116 0.0051 0.0200 0.0046 0.0065 0.0043 0.0041 0.0050 0.0101 0.8019 0.0044 
      H145.4  1 0.0047 0.0080 0.0070 0.0071 0.0043 0.0033 0.0033 0.0037 0.0060 0.0044 0.0039 0.0034 0.0034 0.0059 0.0052 0.0040 0.0061 0.0083 0.0049 0.0065 0.8931 0.0036 
      H145.5  1 0.0108 0.0055 0.0063 0.1478 0.0049 0.0037 0.0034 0.0102 0.0061 0.0040 0.0057 0.0088 0.0045 0.0094 0.0070 0.0066 0.0042 0.0064 0.0061 0.0069 0.7269 0.0046 
      H145.6  1 0.0034 0.0042 0.0280 0.0111 0.0042 0.0041 0.0070 0.0063 0.0045 0.0061 0.0056 0.0101 0.0041 0.0040 0.0051 0.0085 0.0055 0.0070 0.0604 0.0067 0.8001 0.0041 
      H145.7  1 0.0046 0.0038 0.0095 0.0034 0.0033 0.0035 0.0038 0.0064 0.0038 0.0043 0.0048 0.0095 0.0033 0.0062 0.0059 0.0048 0.0062 0.0060 0.0053 0.0058 0.8926 0.0030 
      H149.1  1 0.0038 0.0032 0.0032 0.0040 0.0035 0.0035 0.0034 0.0031 0.0036 0.0037 0.0037 0.0029 0.0039 0.0038 0.0040 0.0034 0.0035 0.9247 0.0032 0.0039 0.0044 0.0035 
      H149.2  1 0.0141 0.0067 0.0447 0.0029 0.0041 0.0040 0.0057 0.0030 0.0064 0.0054 0.0052 0.0041 0.0054 0.0035 0.0139 0.0036 0.0130 0.8153 0.0048 0.0082 0.0202 0.0057 
      H149.3  1 0.0109 0.0220 0.0408 0.0048 0.0070 0.0134 0.0076 0.0050 0.0148 0.0198 0.0100 0.0088 0.0101 0.0099 0.0331 0.0067 0.0341 0.6547 0.0131 0.0106 0.0578 0.0051 
      H149.4  1 0.0064 0.0061 0.0180 0.0092 0.0050 0.0110 0.0116 0.0041 0.0055 0.0133 0.0282 0.0037 0.0053 0.0051 0.0054 0.0278 0.0096 0.8001 0.0101 0.0061 0.0046 0.0039 
      H149.5  1 0.0121 0.0104 0.2453 0.0038 0.0037 0.0119 0.0128 0.0041 0.0083 0.0195 0.0083 0.0070 0.0061 0.0079 0.0119 0.0215 0.0635 0.4700 0.0062 0.0088 0.0518 0.0051 
      H149.6  1 0.0102 0.0067 0.0979 0.0031 0.0032 0.0072 0.0059 0.0033 0.0063 0.0048 0.0044 0.0043 0.0053 0.0032 0.0112 0.0056 0.0161 0.7723 0.0044 0.0050 0.0147 0.0050 
      H149.7  1 0.0164 0.0112 0.0959 0.0071 0.0045 0.0579 0.0280 0.0059 0.0675 0.0293 0.0357 0.0088 0.0123 0.0151 0.0169 0.0262 0.0309 0.4730 0.0148 0.0063 0.0261 0.0102 
      H150.1  1 0.0058 0.0090 0.0154 0.0095 0.8004 0.0050 0.0079 0.0475 0.0058 0.0032 0.0046 0.0061 0.0046 0.0087 0.0149 0.0075 0.0057 0.0036 0.0187 0.0049 0.0068 0.0046 
      H150.2  1 0.0098 0.0140 0.0355 0.0152 0.7155 0.0110 0.0127 0.0537 0.0069 0.0058 0.0085 0.0092 0.0072 0.0040 0.0348 0.0043 0.0151 0.0139 0.0062 0.0039 0.0045 0.0081 
      H150.3  1 0.0091 0.0344 0.0329 0.0133 0.7638 0.0107 0.0064 0.0122 0.0095 0.0045 0.0076 0.0126 0.0057 0.0063 0.0198 0.0083 0.0061 0.0067 0.0070 0.0059 0.0099 0.0073 
      H150.4  1 0.0055 0.0091 0.0102 0.0110 0.8549 0.0071 0.0070 0.0072 0.0055 0.0030 0.0051 0.0107 0.0033 0.0085 0.0080 0.0057 0.0057 0.0041 0.0081 0.0076 0.0056 0.0072 
      H150.5  1 0.0108 0.0201 0.0578 0.0058 0.5979 0.0114 0.0286 0.0832 0.0064 0.0078 0.0095 0.0137 0.0177 0.0081 0.0371 0.0079 0.0211 0.0100 0.0223 0.0083 0.0099 0.0047 
      H150.6  1 0.0093 0.0170 0.1858 0.0123 0.1176 0.0075 0.0586 0.2105 0.0051 0.0063 0.0179 0.0491 0.0122 0.0037 0.2302 0.0061 0.0170 0.0080 0.0072 0.0045 0.0075 0.0067 
      H150.7  1 0.0064 0.0087 0.0098 0.0082 0.8561 0.0041 0.0062 0.0095 0.0041 0.0030 0.0041 0.0060 0.0044 0.0064 0.0079 0.0114 0.0036 0.0036 0.0207 0.0060 0.0055 0.0041 
   H169607.1  1 0.1142 0.0192 0.0931 0.0162 0.0344 0.0284 0.0062 0.0500 0.0100 0.0444 0.0081 0.0223 0.0643 0.0160 0.0130 0.1086 0.0201 0.0064 0.0303 0.0176 0.1384 0.1389 
   H169607.2  1 0.2586 0.0159 0.1012 0.0046 0.0610 0.0118 0.0088 0.0226 0.0060 0.0264 0.0411 0.0087 0.0215 0.0380 0.0089 0.0535 0.0110 0.0069 0.0146 0.1850 0.0718 0.0222 
   H169607.3  1 0.0870 0.0118 0.2170 0.0171 0.0148 0.0280 0.0062 0.0332 0.0103 0.0511 0.0060 0.0182 0.0412 0.0518 0.0109 0.0864 0.0837 0.0064 0.0206 0.0669 0.1130 0.0181 
   H169607.4  1 0.4860 0.0064 0.0756 0.0059 0.0128 0.0092 0.0072 0.0096 0.0052 0.0069 0.0308 0.0051 0.0290 0.0075 0.0063 0.0367 0.0071 0.0042 0.0319 0.1014 0.1055 0.0094 
   H169607.5  1 0.0828 0.0134 0.2410 0.0071 0.1166 0.0102 0.0048 0.0296 0.0050 0.0294 0.0386 0.0088 0.0155 0.0495 0.0144 0.0176 0.0896 0.0096 0.0400 0.1138 0.0532 0.0097 
   H169607.6  1 0.2202 0.0073 0.1063 0.0046 0.0241 0.0073 0.0061 0.0180 0.0048 0.0327 0.0216 0.0108 0.0256 0.0263 0.0079 0.0513 0.0085 0.0052 0.0112 0.3376 0.0445 0.0183 
   H169607.7  1 0.0633 0.0183 0.0850 0.0080 0.0298 0.0087 0.0175 0.2906 0.0042 0.0574 0.0371 0.0144 0.0377 0.0600 0.0127 0.0830 0.0141 0.0069 0.0102 0.0705 0.0291 0.0417 
   H169607.8  1 0.4158 0.0078 0.0609 0.0039 0.0113 0.0092 0.0053 0.0074 0.0068 0.0104 0.0178 0.0070 0.0343 0.0179 0.0052 0.0430 0.0083 0.0041 0.0172 0.2668 0.0299 0.0096 
   H169633.1  1 0.0056 0.0125 0.0038 0.0144 0.0101 0.0117 0.0123 0.0040 0.0087 0.0058 0.0039 0.0150 0.0257 0.0066 0.0122 0.0066 0.0066 0.7865 0.0098 0.0058 0.0235 0.0089 
   H169633.2  1 0.0038 0.0155 0.0171 0.0068 0.0036 0.0340 0.0155 0.0079 0.0102 0.0117 0.0047 0.0108 0.0247 0.0122 0.0148 0.0079 0.0044 0.7245 0.0048 0.0038 0.0172 0.0442 
   H169633.3  1 0.0052 0.0145 0.0042 0.0054 0.0103 0.0071 0.0146 0.0043 0.0225 0.0124 0.0053 0.0064 0.0100 0.0134 0.0284 0.0053 0.0103 0.7914 0.0053 0.0050 0.0103 0.0084 
   H169633.4  1 0.0069 0.0164 0.0059 0.0120 0.0089 0.0052 0.0116 0.0046 0.0072 0.0076 0.0047 0.0080 0.0071 0.0074 0.0126 0.0056 0.0167 0.8072 0.0189 0.0070 0.0115 0.0069 
   H169633.5  1 0.0075 0.0148 0.0044 0.0138 0.0101 0.0047 0.0145 0.0048 0.0080 0.0077 0.0044 0.0123 0.0076 0.0075 0.0120 0.0070 0.0152 0.8078 0.0122 0.0080 0.0092 0.0065 
   H169688.1  1 0.0173 0.0041 0.0351 0.0045 0.0106 0.0244 0.0049 0.0056 0.0209 0.0252 0.0076 0.0530 0.6502 0.0097 0.0049 0.0044 0.0047 0.0156 0.0044 0.0363 0.0500 0.0066 
   H169688.2  1 0.0044 0.0040 0.0098 0.0063 0.0083 0.0294 0.0132 0.0078 0.0116 0.0074 0.0069 0.0119 0.8196 0.0089 0.0063 0.0076 0.0048 0.0050 0.0028 0.0090 0.0102 0.0048 
   H169688.3  1 0.0039 0.0084 0.0149 0.0055 0.0104 0.0152 0.0065 0.0152 0.0123 0.0038 0.0137 0.0063 0.8061 0.0047 0.0052 0.0169 0.0056 0.0081 0.0041 0.0057 0.0163 0.0112 
   H169688.4  1 0.0057 0.0066 0.0054 0.0174 0.1701 0.0180 0.0131 0.0427 0.0077 0.0062 0.0079 0.0107 0.6226 0.0079 0.0052 0.0073 0.0077 0.0087 0.0080 0.0062 0.0090 0.0059 
   H169688.5  1 0.0055 0.0072 0.0061 0.0175 0.1794 0.0166 0.0099 0.0344 0.0098 0.0063 0.0074 0.0111 0.6190 0.0068 0.0041 0.0083 0.0084 0.0080 0.0118 0.0064 0.0104 0.0058 
   H169688.6  1 0.0057 0.0037 0.0131 0.0250 0.0157 0.0191 0.0214 0.0062 0.0063 0.0882 0.0185 0.0112 0.6932 0.0052 0.0036 0.0060 0.0075 0.0121 0.0062 0.0125 0.0150 0.0046 
   H169688.7  1 0.0079 0.0062 0.0069 0.0140 0.0302 0.0162 0.0079 0.0528 0.0154 0.0051 0.0209 0.0157 0.6049 0.0085 0.0207 0.0495 0.0060 0.0146 0.0079 0.0076 0.0703 0.0106 
   H171901.1  1 0.0062 0.0061 0.7367 0.0460 0.0099 0.0068 0.0056 0.0179 0.0136 0.0053 0.0073 0.0080 0.0110 0.0093 0.0115 0.0248 0.0137 0.0069 0.0238 0.0067 0.0132 0.0098 
   H171901.2  1 0.0121 0.0046 0.0064 0.0047 0.0117 0.0060 0.0121 0.0110 0.0042 0.0035 0.0076 0.0047 0.0084 0.0090 0.0154 0.0071 0.0045 0.8282 0.0096 0.0148 0.0101 0.0042 
   H171901.3  1 0.0064 0.0049 0.0294 0.0062 0.0129 0.0407 0.0087 0.0182 0.0079 0.0101 0.0131 0.0202 0.0416 0.0092 0.0098 0.0139 0.0129 0.6818 0.0236 0.0082 0.0132 0.0068 
   H171901.4  1 0.0141 0.0057 0.0083 0.0055 0.0112 0.0103 0.0266 0.0390 0.0044 0.0044 0.0097 0.0065 0.0097 0.0066 0.0084 0.0091 0.0062 0.7810 0.0104 0.0070 0.0076 0.0083 
   H171901.5  1 0.0425 0.0055 0.0291 0.0062 0.0098 0.0125 0.0138 0.0488 0.0082 0.0076 0.0386 0.0046 0.0183 0.0066 0.0125 0.0119 0.0098 0.6607 0.0179 0.0094 0.0133 0.0124 
   H171901.6  1 0.0819 0.0112 0.0259 0.0049 0.0248 0.0305 0.0426 0.0502 0.0153 0.0149 0.0416 0.0045 0.0307 0.0082 0.0143 0.0128 0.0110 0.4653 0.0491 0.0112 0.0317 0.0172 
   H171901.7  1 0.0103 0.0057 0.0135 0.0063 0.0308 0.0300 0.0141 0.0276 0.0154 0.0207 0.0913 0.0089 0.0881 0.0200 0.0124 0.0085 0.0143 0.5073 0.0156 0.0137 0.0387 0.0068 
   H171902.1  1 0.4310 0.0045 0.0103 0.1010 0.0972 0.0087 0.0060 0.0201 0.0079 0.0295 0.1104 0.0121 0.0568 0.0086 0.0077 0.0118 0.0036 0.0096 0.0129 0.0090 0.0154 0.0258 
  H171902.10  1 0.3710 0.0054 0.0110 0.0182 0.0153 0.0077 0.0033 0.0118 0.0049 0.0159 0.3760 0.0198 0.0334 0.0066 0.0178 0.0059 0.0036 0.0230 0.0092 0.0162 0.0152 0.0090 
   H171902.2  1 0.2969 0.0112 0.0166 0.0516 0.0631 0.0437 0.0243 0.0267 0.0125 0.0508 0.0409 0.0785 0.1301 0.0566 0.0083 0.0144 0.0053 0.0200 0.0063 0.0096 0.0173 0.0157 
   H171902.3  1 0.3909 0.0068 0.0205 0.0125 0.0569 0.0077 0.0087 0.0176 0.0118 0.0217 0.2366 0.0174 0.0283 0.0117 0.0117 0.0361 0.0045 0.0529 0.0090 0.0126 0.0101 0.0142 
   H171902.4  1 0.3580 0.0090 0.0166 0.0293 0.1047 0.0070 0.0057 0.0060 0.0145 0.0101 0.0524 0.0100 0.0507 0.0126 0.0123 0.0040 0.0044 0.2360 0.0072 0.0074 0.0373 0.0049 
   H171902.6  1 0.3907 0.0046 0.0174 0.0218 0.0182 0.0057 0.0038 0.0055 0.0092 0.0179 0.3560 0.0119 0.0146 0.0080 0.0221 0.0103 0.0045 0.0206 0.0162 0.0174 0.0113 0.0121 
   H171902.7  1 0.4283 0.0055 0.0986 0.0544 0.0276 0.0062 0.0075 0.0127 0.0066 0.0065 0.2245 0.0041 0.0079 0.0081 0.0179 0.0068 0.0045 0.0292 0.0116 0.0104 0.0144 0.0064 
   H171902.8  1 0.3931 0.0050 0.0247 0.0334 0.0145 0.0086 0.0057 0.0089 0.0103 0.0172 0.3213 0.0137 0.0135 0.0085 0.0159 0.0159 0.0066 0.0260 0.0187 0.0159 0.0107 0.0119 
   H171902.9  1 0.4153 0.0112 0.0196 0.0343 0.3381 0.0076 0.0072 0.0133 0.0117 0.0095 0.0328 0.0065 0.0173 0.0087 0.0065 0.0061 0.0037 0.0087 0.0105 0.0078 0.0172 0.0063 
   H171903.1  1 0.0327 0.0077 0.0362 0.0055 0.0474 0.0103 0.0162 0.0637 0.0065 0.0159 0.0407 0.0054 0.0116 0.0120 0.0107 0.0073 0.0143 0.0111 0.0114 0.5825 0.0193 0.0315 
   H171903.2  1 0.0221 0.0111 0.0081 0.0114 0.0207 0.0101 0.0181 0.0663 0.0072 0.0137 0.0312 0.0067 0.0108 0.0317 0.0080 0.0520 0.0272 0.0070 0.0162 0.5845 0.0141 0.0214 
   H171903.3  1 0.0589 0.0129 0.0575 0.0180 0.0453 0.0156 0.0197 0.0913 0.0198 0.0309 0.0812 0.0061 0.0269 0.0394 0.0354 0.0153 0.1058 0.0228 0.0212 0.1769 0.0185 0.0807 
   H171903.4  1 0.0321 0.0110 0.5944 0.0086 0.0236 0.0474 0.0110 0.0347 0.0125 0.0089 0.0128 0.0163 0.0312 0.0065 0.0117 0.0089 0.0134 0.0077 0.0279 0.0281 0.0440 0.0073 
   H171903.5  1 0.0217 0.0067 0.0244 0.0103 0.0633 0.0160 0.0197 0.0605 0.0148 0.0162 0.0395 0.0084 0.0958 0.0249 0.0114 0.1519 0.1892 0.0454 0.0096 0.0516 0.0157 0.1030 
   H171903.6  1 0.0569 0.0073 0.0528 0.0041 0.0307 0.0184 0.0082 0.0843 0.0103 0.0152 0.0519 0.0082 0.3346 0.0133 0.0095 0.0133 0.0815 0.0366 0.0244 0.1103 0.0180 0.0101 
      H177.1  1 0.0314 0.0052 0.0531 0.0110 0.0245 0.1788 0.0073 0.0154 0.0183 0.0500 0.3441 0.0049 0.0194 0.0069 0.0122 0.0074 0.0108 0.1320 0.0157 0.0265 0.0188 0.0062 
      H177.2  1 0.1398 0.0099 0.0058 0.0142 0.0139 0.0240 0.0071 0.0313 0.0170 0.0554 0.1196 0.0222 0.0324 0.0673 0.0457 0.0930 0.0514 0.0954 0.0357 0.0213 0.0894 0.0087 
      H177.3  1 0.0278 0.0050 0.0102 0.0129 0.0163 0.0163 0.0060 0.0236 0.0198 0.0532 0.2169 0.0051 0.0307 0.0108 0.0310 0.0418 0.0178 0.2493 0.1359 0.0187 0.0461 0.0049 
      H177.4  1 0.0219 0.0082 0.0221 0.0109 0.0070 0.1762 0.0197 0.0060 0.0137 0.4014 0.0804 0.0045 0.0154 0.0091 0.0117 0.0061 0.0125 0.0940 0.0140 0.0231 0.0373 0.0048 
      H177.5  1 0.0217 0.0087 0.0157 0.0090 0.0200 0.5638 0.0332 0.0203 0.0124 0.0144 0.0861 0.0085 0.0294 0.0147 0.0177 0.0083 0.0321 0.0214 0.0150 0.0306 0.0123 0.0046 
      H177.6  1 0.0301 0.0045 0.0059 0.0131 0.0189 0.0127 0.0064 0.0248 0.0285 0.0272 0.1604 0.0047 0.0194 0.0076 0.0210 0.0309 0.0119 0.4021 0.1224 0.0127 0.0261 0.0086 
      H179.1  1 0.0145 0.0159 0.0160 0.0057 0.0098 0.1188 0.0240 0.0086 0.0441 0.4759 0.0270 0.0076 0.0707 0.0084 0.0066 0.0356 0.0162 0.0127 0.0313 0.0046 0.0052 0.0408 
      H179.2  1 0.0102 0.0103 0.0084 0.0044 0.0127 0.0279 0.0084 0.0127 0.0156 0.7659 0.0101 0.0042 0.0147 0.0080 0.0091 0.0096 0.0141 0.0076 0.0088 0.0051 0.0045 0.0277 
      H179.3  1 0.0094 0.0099 0.0132 0.0062 0.0227 0.1130 0.0177 0.0184 0.0222 0.2959 0.0201 0.0172 0.2555 0.0229 0.0059 0.0383 0.0341 0.0066 0.0238 0.0131 0.0072 0.0269 
      H179.4  1 0.0137 0.0068 0.0084 0.0038 0.0047 0.0152 0.0084 0.0094 0.0097 0.7995 0.0121 0.0089 0.0111 0.0085 0.0100 0.0152 0.0081 0.0099 0.0086 0.0060 0.0100 0.0119 
      H180.1  1 0.0051 0.0060 0.0104 0.0167 0.0265 0.0042 0.0109 0.7676 0.0062 0.0142 0.0139 0.0200 0.0145 0.0045 0.0256 0.0057 0.0083 0.0068 0.0056 0.0048 0.0029 0.0197 
      H180.2  1 0.0077 0.0093 0.0239 0.0138 0.0418 0.0101 0.0168 0.7060 0.0141 0.0177 0.0159 0.0293 0.0200 0.0065 0.0088 0.0035 0.0055 0.0109 0.0185 0.0078 0.0040 0.0081 
      H180.3  1 0.0055 0.0072 0.0058 0.0179 0.2410 0.0064 0.0079 0.4640 0.0432 0.0093 0.0085 0.0093 0.0052 0.0333 0.0053 0.0051 0.0221 0.0053 0.0062 0.0142 0.0059 0.0711 
      H180.4  1 0.0097 0.0340 0.0168 0.0287 0.0328 0.0102 0.0610 0.5657 0.0106 0.0233 0.0227 0.0245 0.0260 0.0130 0.0379 0.0142 0.0176 0.0223 0.0078 0.0093 0.0059 0.0061 
      H180.5  1 0.0145 0.0094 0.0082 0.0323 0.0332 0.0165 0.0349 0.5678 0.0073 0.0228 0.0343 0.0271 0.0217 0.0225 0.0877 0.0063 0.0085 0.0104 0.0061 0.0150 0.0068 0.0069 
      H180.6  1 0.0063 0.0095 0.0108 0.0394 0.0403 0.0052 0.0316 0.1735 0.0114 0.0097 0.0151 0.0266 0.0061 0.4673 0.0614 0.0144 0.0074 0.0155 0.0125 0.0105 0.0142 0.0111 
      H181.1  1 0.0229 0.0039 0.0141 0.0141 0.0122 0.0061 0.0147 0.0085 0.0070 0.1036 0.0144 0.1915 0.0718 0.0084 0.0248 0.0224 0.1570 0.2055 0.0096 0.0613 0.0121 0.0141 
      H181.2  1 0.0289 0.0067 0.0131 0.0203 0.0110 0.0159 0.0150 0.0127 0.0143 0.3513 0.0533 0.1379 0.0351 0.0070 0.1214 0.0099 0.0203 0.0582 0.0067 0.0217 0.0277 0.0115 
      H181.3  1 0.0407 0.0079 0.0241 0.0172 0.0068 0.0193 0.0094 0.0200 0.0068 0.2288 0.0504 0.3106 0.0328 0.0100 0.0350 0.0261 0.0081 0.0851 0.0127 0.0236 0.0197 0.0050 
      H181.4  1 0.0671 0.0127 0.0198 0.0036 0.0858 0.0257 0.0117 0.0350 0.0209 0.0520 0.0581 0.0828 0.0158 0.0131 0.0492 0.0287 0.2374 0.0991 0.0123 0.0336 0.0294 0.0064 
      H181.5  1 0.0114 0.0149 0.0235 0.0127 0.0058 0.0314 0.0136 0.0085 0.0410 0.5011 0.0070 0.1109 0.0120 0.0098 0.0446 0.0660 0.0142 0.0282 0.0075 0.0112 0.0076 0.0171 
      H181.6  1 0.0206 0.0124 0.0122 0.0051 0.0264 0.0130 0.0644 0.0320 0.0086 0.5998 0.0084 0.0125 0.0191 0.0079 0.0407 0.0217 0.0204 0.0101 0.0110 0.0124 0.0073 0.0340 
      H181.7  1 0.0070 0.0068 0.0079 0.0071 0.0154 0.0065 0.0109 0.0198 0.0053 0.5839 0.0069 0.0339 0.0381 0.0173 0.0054 0.1031 0.0404 0.0484 0.0081 0.0090 0.0099 0.0087 
 H194.1_2004  1 0.0089 0.0097 0.0160 0.0101 0.0404 0.0104 0.0084 0.0248 0.0298 0.0081 0.0480 0.0057 0.0135 0.0140 0.0207 0.0047 0.0120 0.0117 0.0128 0.0420 0.6391 0.0092 
 H194.2_2004  1 0.0074 0.0064 0.4173 0.0178 0.0086 0.0168 0.0042 0.0080 0.0084 0.0038 0.0169 0.0048 0.0069 0.0057 0.0173 0.0050 0.0088 0.0092 0.0075 0.0210 0.3930 0.0050 
 H194.3_2004  1 0.0098 0.0044 0.0083 0.0084 0.0093 0.0171 0.0117 0.0055 0.1651 0.0140 0.0238 0.0041 0.0101 0.0065 0.0079 0.0078 0.0084 0.0593 0.0124 0.0119 0.5866 0.0076 
 H194.4_2004  1 0.0104 0.0042 0.1750 0.0159 0.0101 0.0344 0.0065 0.0050 0.0119 0.0071 0.0116 0.0054 0.0064 0.0078 0.0137 0.0046 0.0046 0.0657 0.0068 0.0449 0.5424 0.0054 
 H194.5_2004  1 0.0221 0.0066 0.0344 0.0053 0.0189 0.0151 0.0224 0.0117 0.0729 0.0185 0.0323 0.0062 0.0072 0.0177 0.0109 0.0093 0.0105 0.0468 0.0110 0.0158 0.5920 0.0123 
 H194.6_2004  1 0.0242 0.0063 0.0560 0.0073 0.0121 0.1096 0.0091 0.0074 0.3487 0.0451 0.0319 0.0068 0.0096 0.0143 0.0215 0.0101 0.0095 0.1082 0.0124 0.0190 0.1207 0.0102 
 H194.7_2004  1 0.0113 0.0116 0.0502 0.0060 0.0165 0.0133 0.0085 0.0085 0.0194 0.0070 0.0092 0.0090 0.0080 0.0509 0.0136 0.0072 0.0173 0.0084 0.0058 0.1730 0.5402 0.0052 
 H194.8_2004  1 0.0224 0.0051 0.2407 0.0100 0.0137 0.0605 0.0090 0.0087 0.0572 0.0289 0.0203 0.0107 0.0090 0.0123 0.0214 0.0105 0.0137 0.0735 0.0102 0.0171 0.3385 0.0064 
      H194.9  1 0.0115 0.0080 0.0247 0.0088 0.0286 0.0163 0.0121 0.0075 0.0291 0.0066 0.0109 0.0093 0.0079 0.0542 0.0156 0.0060 0.0106 0.0157 0.0099 0.0428 0.6569 0.0070 
 H195.1_2003  1 0.0090 0.0054 0.0172 0.0035 0.0054 0.0151 0.0414 0.0105 0.0075 0.0081 0.0106 0.0061 0.0056 0.0049 0.0089 0.0092 0.0056 0.0111 0.0063 0.0067 0.7937 0.0081 
 H195.1_2004  1 0.0045 0.0054 0.0043 0.0115 0.0045 0.0034 0.0059 0.0046 0.0052 0.0058 0.0062 0.0175 0.0100 0.0037 0.0216 0.0055 0.0055 0.0114 0.0065 0.0054 0.8485 0.0031 
 H195.2_2003  1 0.0223 0.0055 0.0057 0.0046 0.0116 0.0084 0.0320 0.0142 0.0052 0.0063 0.0075 0.0050 0.0131 0.0134 0.0049 0.0054 0.0038 0.0066 0.0099 0.0186 0.7888 0.0074 
 H195.2_2004  1 0.0043 0.0032 0.0042 0.0073 0.0033 0.0048 0.0052 0.0040 0.0044 0.0038 0.0038 0.0064 0.0038 0.0046 0.0067 0.0051 0.0033 0.0054 0.0033 0.0052 0.9048 0.0031 
 H195.3_2003  1 0.0294 0.0101 0.0277 0.0058 0.0534 0.0283 0.0398 0.0220 0.0102 0.0053 0.0121 0.0075 0.0204 0.0093 0.0058 0.0060 0.0067 0.0047 0.0138 0.0328 0.6435 0.0054 
 H195.3_2004  1 0.0039 0.0049 0.0048 0.0056 0.0034 0.0033 0.0046 0.0033 0.0041 0.0052 0.0054 0.0054 0.0045 0.0030 0.0100 0.0032 0.0041 0.0131 0.0036 0.0067 0.8942 0.0036 
 H195.4_2003  1 0.0068 0.0046 0.0080 0.0027 0.0034 0.0055 0.0131 0.0079 0.0066 0.0059 0.0048 0.0034 0.0037 0.0041 0.0172 0.0063 0.0055 0.0071 0.0063 0.0064 0.8621 0.0085 
 H195.4_2004  1 0.0030 0.0036 0.0033 0.0038 0.0035 0.0058 0.0036 0.0037 0.0048 0.0045 0.0036 0.0139 0.0065 0.0051 0.0057 0.0043 0.0051 0.0044 0.0049 0.0073 0.8968 0.0028 
 H195.5_2003  1 0.0108 0.0094 0.0174 0.0042 0.0087 0.0123 0.0799 0.0147 0.0069 0.0095 0.0070 0.0176 0.0067 0.0045 0.0330 0.0093 0.0061 0.0118 0.0090 0.0066 0.7082 0.0064 
 H195.5_2004  1 0.0048 0.0065 0.0033 0.0075 0.0046 0.0039 0.0062 0.0039 0.0058 0.0081 0.0046 0.0151 0.0073 0.0047 0.0085 0.0040 0.0045 0.0067 0.0053 0.0068 0.8749 0.0032 
 H195.6_2003  1 0.0115 0.0078 0.0062 0.0045 0.0108 0.0047 0.0104 0.0108 0.0042 0.0040 0.0073 0.0073 0.0119 0.0050 0.0053 0.0033 0.0039 0.0040 0.0064 0.0161 0.8496 0.0050 
 H195.6_2004  1 0.0042 0.0039 0.0038 0.0057 0.0023 0.0033 0.0044 0.0033 0.0057 0.0055 0.0046 0.0051 0.0033 0.0043 0.0047 0.0058 0.0030 0.0046 0.0033 0.0082 0.9073 0.0036 
 H195.7_2003  1 0.0097 0.0048 0.0139 0.0029 0.0035 0.0246 0.0086 0.0073 0.0087 0.0072 0.0058 0.0057 0.0097 0.0055 0.0076 0.0131 0.0072 0.0091 0.0055 0.0058 0.8270 0.0070 
 H195.7_2004  1 0.0039 0.0054 0.0044 0.0226 0.0060 0.0041 0.0057 0.0057 0.0039 0.0050 0.0042 0.0175 0.0090 0.0042 0.0083 0.0051 0.0056 0.0044 0.0061 0.0043 0.8620 0.0026 
      H195.8  1 0.0036 0.0065 0.0038 0.0052 0.0044 0.0052 0.0046 0.0042 0.0044 0.0061 0.0040 0.0377 0.0079 0.0046 0.0099 0.0040 0.0049 0.0045 0.0080 0.0060 0.8577 0.0027 
      H195.9  1 0.0052 0.0047 0.0039 0.0037 0.0037 0.0055 0.0055 0.0043 0.0068 0.0050 0.0054 0.0047 0.0074 0.0063 0.0057 0.0048 0.0047 0.0080 0.0037 0.0107 0.8876 0.0028 
      H415.1  1 0.0095 0.0113 0.0281 0.0555 0.1666 0.0130 0.0122 0.0184 0.0098 0.0065 0.0168 0.0070 0.0104 0.0275 0.0118 0.0081 0.0088 0.1238 0.0094 0.0068 0.0360 0.4027 
      H415.2  1 0.1592 0.0164 0.0135 0.0248 0.0550 0.0110 0.0096 0.0234 0.0858 0.0130 0.2150 0.0040 0.0673 0.0064 0.0079 0.0080 0.0129 0.0391 0.0894 0.0074 0.0292 0.1016 
      H415.3  1 0.0248 0.0133 0.0121 0.0088 0.0087 0.0161 0.0079 0.0236 0.0080 0.0221 0.0498 0.0030 0.0097 0.0053 0.0206 0.0129 0.0140 0.0781 0.0059 0.0030 0.0135 0.6389 
      H415.4  1 0.0113 0.0128 0.0236 0.0207 0.0741 0.0070 0.0095 0.0074 0.0120 0.0044 0.0073 0.0067 0.0046 0.0237 0.0363 0.0062 0.0105 0.0202 0.0082 0.0049 0.0208 0.6678 
      H415.5  1 0.0178 0.0089 0.0125 0.0140 0.0068 0.0131 0.0063 0.0226 0.0165 0.0100 0.0492 0.0053 0.0093 0.0048 0.0286 0.0132 0.0131 0.0788 0.0056 0.0027 0.0165 0.6446 
      H415.6  1 0.0109 0.0120 0.0193 0.0241 0.0753 0.0071 0.0096 0.0105 0.0107 0.0047 0.0068 0.0074 0.0034 0.0192 0.0372 0.0054 0.0110 0.0216 0.0085 0.0049 0.0172 0.6731 
      H415.7  1 0.2582 0.0151 0.0072 0.0181 0.0174 0.0195 0.0063 0.0284 0.0164 0.0191 0.0380 0.0045 0.0734 0.0078 0.0130 0.0132 0.0081 0.0673 0.0213 0.0043 0.0300 0.3132 
      H506.1  1 0.0058 0.0064 0.0030 0.0056 0.0028 0.0059 0.0081 0.0040 0.0071 0.8918 0.0047 0.0052 0.0045 0.0055 0.0032 0.0063 0.0047 0.0067 0.0041 0.0025 0.0048 0.0075 
      H506.2  1 0.0065 0.0060 0.0033 0.0070 0.0030 0.0058 0.0071 0.0045 0.0083 0.8650 0.0061 0.0038 0.0051 0.0046 0.0050 0.0111 0.0045 0.0151 0.0065 0.0037 0.0102 0.0077 
      H506.3  1 0.0094 0.0099 0.0051 0.0486 0.0044 0.0142 0.0158 0.0055 0.0214 0.6744 0.0185 0.0202 0.0844 0.0073 0.0050 0.0081 0.0116 0.0072 0.0064 0.0040 0.0077 0.0106 
      H506.4  1 0.0062 0.0064 0.0045 0.0073 0.0041 0.0066 0.0074 0.0046 0.0105 0.8771 0.0052 0.0052 0.0079 0.0046 0.0037 0.0044 0.0072 0.0055 0.0048 0.0048 0.0039 0.0080 
      H506.5  1 0.0081 0.0053 0.0038 0.0082 0.0030 0.0053 0.0089 0.0038 0.0050 0.8825 0.0047 0.0043 0.0082 0.0041 0.0030 0.0056 0.0043 0.0087 0.0056 0.0049 0.0046 0.0082 
      H506.6  1 0.0148 0.0121 0.0040 0.0316 0.0044 0.0262 0.0088 0.0139 0.0122 0.4658 0.0172 0.0126 0.2014 0.0057 0.0048 0.0272 0.0320 0.0065 0.0632 0.0095 0.0149 0.0114 
      H506.7  1 0.0073 0.0054 0.0031 0.0070 0.0025 0.0054 0.0096 0.0052 0.0073 0.8771 0.0048 0.0046 0.0075 0.0052 0.0043 0.0060 0.0035 0.0095 0.0053 0.0038 0.0073 0.0083 
      H533.1  1 0.0033 0.0040 0.0039 0.0091 0.0030 0.0042 0.0069 0.0059 0.0052 0.8477 0.0058 0.0072 0.0054 0.0042 0.0053 0.0417 0.0063 0.0123 0.0045 0.0032 0.0040 0.0069 
      H533.2  1 0.0041 0.0037 0.0035 0.0177 0.0033 0.0035 0.0088 0.0061 0.0056 0.8091 0.0063 0.0058 0.0061 0.0046 0.0041 0.0364 0.0070 0.0439 0.0053 0.0028 0.0036 0.0087 
      H533.3  1 0.0065 0.0037 0.0048 0.0065 0.0046 0.0050 0.0049 0.0064 0.0048 0.8272 0.0126 0.0050 0.0114 0.0081 0.0037 0.0152 0.0272 0.0122 0.0123 0.0064 0.0046 0.0071 
      H533.4  1 0.0066 0.0058 0.0081 0.0149 0.0052 0.0044 0.0053 0.0123 0.0061 0.7801 0.0187 0.0067 0.0088 0.0062 0.0049 0.0146 0.0170 0.0248 0.0202 0.0065 0.0120 0.0108 
      H535.1  1 0.0124 0.0042 0.0046 0.0047 0.0099 0.0062 0.0048 0.0060 0.0126 0.8570 0.0086 0.0030 0.0048 0.0035 0.0075 0.0052 0.0052 0.0065 0.0102 0.0091 0.0060 0.0081 
      H535.2  1 0.0049 0.0060 0.0036 0.0028 0.0035 0.0054 0.0048 0.0036 0.0037 0.8978 0.0039 0.0064 0.0042 0.0061 0.0061 0.0052 0.0078 0.0040 0.0040 0.0063 0.0068 0.0033 
      H535.3  1 0.0056 0.0038 0.0054 0.0043 0.0039 0.0036 0.0074 0.0039 0.0050 0.8934 0.0026 0.0111 0.0044 0.0052 0.0060 0.0042 0.0056 0.0036 0.0053 0.0050 0.0072 0.0033 
      H535.4  1 0.0045 0.0052 0.0046 0.0027 0.0041 0.0028 0.0066 0.0040 0.0036 0.9025 0.0044 0.0048 0.0040 0.0035 0.0072 0.0026 0.0046 0.0073 0.0031 0.0033 0.0073 0.0075 
      H535.5  1 0.0041 0.0036 0.0038 0.0032 0.0041 0.0052 0.0041 0.0049 0.0059 0.9041 0.0065 0.0036 0.0034 0.0035 0.0036 0.0034 0.0044 0.0076 0.0040 0.0047 0.0052 0.0070 
      H535.6  1 0.0106 0.0044 0.0117 0.0049 0.0186 0.0150 0.0047 0.0068 0.0253 0.7990 0.0074 0.0057 0.0053 0.0046 0.0149 0.0073 0.0080 0.0035 0.0151 0.0138 0.0083 0.0053 
      H535.7  1 0.0043 0.0030 0.0027 0.0037 0.0033 0.0042 0.0063 0.0036 0.0059 0.9157 0.0040 0.0032 0.0034 0.0040 0.0029 0.0036 0.0041 0.0065 0.0037 0.0038 0.0034 0.0048 
      H535.8  1 0.0058 0.0040 0.0056 0.0034 0.0052 0.0121 0.0065 0.0049 0.0060 0.8900 0.0049 0.0051 0.0034 0.0038 0.0041 0.0054 0.0039 0.0044 0.0057 0.0036 0.0058 0.0064 
      H535.9  1 0.0066 0.0036 0.0050 0.0052 0.0083 0.0034 0.0097 0.0047 0.0059 0.8845 0.0048 0.0038 0.0038 0.0040 0.0068 0.0039 0.0034 0.0041 0.0124 0.0065 0.0060 0.0036 
      H539.1  1 0.0052 0.0033 0.0036 0.0051 0.9103 0.0029 0.0032 0.0047 0.0042 0.0027 0.0042 0.0026 0.0032 0.0042 0.0034 0.0033 0.0032 0.0033 0.0110 0.0080 0.0042 0.0043 
      H539.2  1 0.0082 0.0070 0.0122 0.0127 0.6475 0.0163 0.0079 0.0299 0.0071 0.0163 0.0722 0.0253 0.0405 0.0113 0.0086 0.0106 0.0186 0.0052 0.0072 0.0162 0.0063 0.0131 
      H539.3  1 0.0067 0.0059 0.0170 0.0082 0.8185 0.0107 0.0071 0.0069 0.0100 0.0099 0.0084 0.0077 0.0071 0.0081 0.0039 0.0044 0.0047 0.0042 0.0070 0.0265 0.0133 0.0039 
      H539.4  1 0.0068 0.0056 0.0036 0.0135 0.8465 0.0064 0.0063 0.0110 0.0043 0.0039 0.0087 0.0046 0.0222 0.0061 0.0034 0.0074 0.0096 0.0040 0.0095 0.0055 0.0036 0.0074 
      H539.5  1 0.0053 0.0041 0.0040 0.0039 0.9138 0.0035 0.0026 0.0038 0.0042 0.0033 0.0039 0.0030 0.0029 0.0067 0.0039 0.0033 0.0031 0.0035 0.0069 0.0070 0.0034 0.0037 
      H539.6  1 0.0059 0.0041 0.0073 0.0056 0.8986 0.0035 0.0032 0.0072 0.0042 0.0035 0.0042 0.0047 0.0031 0.0082 0.0047 0.0042 0.0040 0.0027 0.0060 0.0064 0.0045 0.0040 
      H539.7  1 0.0046 0.0043 0.0058 0.0030 0.9092 0.0052 0.0033 0.0058 0.0041 0.0033 0.0042 0.0034 0.0055 0.0036 0.0050 0.0038 0.0042 0.0033 0.0076 0.0034 0.0039 0.0035 
      H539.8  1 0.0064 0.0101 0.0141 0.0119 0.8039 0.0164 0.0166 0.0055 0.0176 0.0153 0.0061 0.0105 0.0087 0.0063 0.0047 0.0044 0.0095 0.0053 0.0047 0.0083 0.0090 0.0047 
      H539.9  1 0.0041 0.0057 0.0034 0.0098 0.8880 0.0050 0.0043 0.0068 0.0032 0.0032 0.0076 0.0040 0.0065 0.0082 0.0028 0.0058 0.0063 0.0033 0.0062 0.0067 0.0040 0.0047 
      H540.1  1 0.0202 0.0077 0.0101 0.0073 0.7960 0.0072 0.0033 0.0071 0.0057 0.0085 0.0157 0.0068 0.0090 0.0070 0.0055 0.0116 0.0191 0.0054 0.0249 0.0091 0.0091 0.0036 
      H540.2  1 0.0091 0.0054 0.0054 0.0031 0.8864 0.0059 0.0031 0.0048 0.0072 0.0040 0.0076 0.0025 0.0039 0.0035 0.0057 0.0054 0.0078 0.0043 0.0085 0.0074 0.0041 0.0049 
      H540.3  1 0.0208 0.0074 0.0391 0.2067 0.3541 0.0167 0.0056 0.0082 0.0800 0.0050 0.0100 0.0117 0.0409 0.0051 0.0212 0.0125 0.0303 0.0119 0.0840 0.0057 0.0085 0.0146 
      H540.4  1 0.0082 0.0071 0.0082 0.0040 0.8552 0.0088 0.0039 0.0065 0.0075 0.0093 0.0071 0.0043 0.0077 0.0038 0.0095 0.0093 0.0104 0.0051 0.0087 0.0047 0.0061 0.0045 
      H540.5  1 0.0104 0.0050 0.0056 0.0189 0.8256 0.0096 0.0039 0.0047 0.0134 0.0049 0.0108 0.0074 0.0116 0.0062 0.0069 0.0114 0.0087 0.0080 0.0085 0.0084 0.0042 0.0059 
      H540.6  1 0.0188 0.0140 0.0085 0.0096 0.7388 0.0127 0.0049 0.0052 0.0109 0.0100 0.0147 0.0190 0.0135 0.0089 0.0119 0.0226 0.0196 0.0088 0.0137 0.0184 0.0074 0.0082 
      H540.7  1 0.0103 0.0077 0.0042 0.0038 0.8645 0.0047 0.0050 0.0059 0.0050 0.0074 0.0095 0.0045 0.0052 0.0077 0.0069 0.0069 0.0088 0.0081 0.0066 0.0043 0.0052 0.0075 
      H540.8  1 0.0120 0.0057 0.0089 0.0048 0.8434 0.0067 0.0042 0.0070 0.0102 0.0059 0.0157 0.0029 0.0074 0.0045 0.0067 0.0068 0.0094 0.0097 0.0091 0.0067 0.0070 0.0053 
     H9558.1  1 0.0051 0.0039 0.0076 0.0075 0.8329 0.0063 0.0091 0.0085 0.0087 0.0096 0.0105 0.0053 0.0076 0.0040 0.0045 0.0107 0.0032 0.0032 0.0276 0.0120 0.0043 0.0078 
     H9558.2  1 0.0123 0.0066 0.0089 0.0106 0.7629 0.0094 0.0228 0.0069 0.0075 0.0148 0.0068 0.0080 0.0118 0.0152 0.0043 0.0214 0.0052 0.0043 0.0307 0.0117 0.0059 0.0120 
     H9558.3  1 0.0140 0.0094 0.0136 0.0080 0.8233 0.0048 0.0208 0.0065 0.0094 0.0062 0.0059 0.0062 0.0041 0.0105 0.0043 0.0083 0.0054 0.0049 0.0079 0.0129 0.0051 0.0085 
     H9558.4  1 0.0055 0.0035 0.0045 0.0090 0.8439 0.0053 0.0068 0.0083 0.0048 0.0085 0.0173 0.0043 0.0094 0.0046 0.0043 0.0104 0.0039 0.0031 0.0222 0.0073 0.0037 0.0094 
     H9558.5  1 0.0054 0.0060 0.0034 0.0171 0.8633 0.0059 0.0093 0.0044 0.0052 0.0061 0.0096 0.0046 0.0132 0.0029 0.0034 0.0048 0.0105 0.0041 0.0070 0.0033 0.0027 0.0078 
     H9558.6  1 0.0136 0.0072 0.0125 0.0080 0.7385 0.0058 0.0088 0.0064 0.0163 0.0051 0.0062 0.0039 0.0053 0.0591 0.0062 0.0078 0.0422 0.0051 0.0200 0.0085 0.0053 0.0082 
    kos339.1  1 0.0203 0.0065 0.0043 0.0051 0.0059 0.0072 0.0035 0.0067 0.0040 0.0135 0.0109 0.0040 0.0065 0.0151 0.0039 0.0094 0.0066 0.8445 0.0065 0.0039 0.0040 0.0078 
    kos339.2  1 0.0049 0.0106 0.0040 0.0062 0.0052 0.0044 0.0055 0.0041 0.0061 0.0067 0.0047 0.0064 0.0047 0.0103 0.0049 0.0096 0.0058 0.8743 0.0031 0.0031 0.0070 0.0084 
    kos339.3  1 0.0056 0.0037 0.0045 0.0036 0.0042 0.0036 0.0040 0.0063 0.0039 0.0064 0.0042 0.0032 0.0041 0.0043 0.0036 0.0030 0.0050 0.9099 0.0034 0.0032 0.0042 0.0061 
    kos339.4  1 0.0047 0.0035 0.0050 0.0039 0.0048 0.0040 0.0036 0.0055 0.0045 0.0057 0.0039 0.0041 0.0037 0.0046 0.0043 0.0031 0.0042 0.9062 0.0035 0.0036 0.0049 0.0087 
    kos339.5  1 0.0152 0.0056 0.0040 0.0032 0.0045 0.0043 0.0042 0.0055 0.0048 0.0066 0.0117 0.0045 0.0048 0.0066 0.0054 0.0043 0.0048 0.8794 0.0054 0.0039 0.0044 0.0066 
    kos339.6  1 0.0044 0.0054 0.0036 0.0043 0.0035 0.0034 0.0040 0.0035 0.0044 0.0053 0.0043 0.0040 0.0040 0.0047 0.0044 0.0042 0.0065 0.9077 0.0040 0.0036 0.0044 0.0063 
    kos339.7  1 0.0040 0.0036 0.0039 0.0033 0.0036 0.0033 0.0037 0.0053 0.0041 0.0110 0.0039 0.0031 0.0034 0.0049 0.0037 0.0053 0.0046 0.9080 0.0040 0.0029 0.0046 0.0058 
    kos339.8  1 0.0061 0.0063 0.0039 0.0057 0.0039 0.0058 0.0060 0.0061 0.0042 0.0116 0.0047 0.0053 0.0055 0.0046 0.0036 0.0043 0.0092 0.8785 0.0032 0.0030 0.0045 0.0140 
    kos339.9  1 0.0119 0.0094 0.0061 0.0037 0.0127 0.0046 0.0058 0.0095 0.0067 0.0069 0.0162 0.0047 0.0035 0.0075 0.0073 0.0096 0.0047 0.8479 0.0049 0.0053 0.0075 0.0035 
      H008.1  2 0.0071 0.0456 0.0070 0.0061 0.0634 0.0085 0.0177 0.0128 0.0120 0.0093 0.0153 0.0110 0.0122 0.7068 0.0079 0.0107 0.0088 0.0069 0.0112 0.0056 0.0084 0.0054 
      H008.2  2 0.0137 0.0147 0.0126 0.0343 0.1640 0.0135 0.3746 0.0084 0.0100 0.0207 0.0697 0.0332 0.0166 0.0462 0.0060 0.0591 0.0200 0.0116 0.0253 0.0276 0.0077 0.0103 
      H008.3  2 0.0144 0.0242 0.0573 0.0327 0.0692 0.0265 0.1878 0.0298 0.0517 0.1948 0.0407 0.0573 0.0113 0.0384 0.0111 0.0260 0.0192 0.0111 0.0185 0.0482 0.0216 0.0081 
      H008.4  2 0.0200 0.0296 0.0397 0.0264 0.0791 0.0210 0.0466 0.0089 0.0178 0.0182 0.0168 0.0175 0.0095 0.5164 0.0062 0.0289 0.0116 0.0085 0.0140 0.0164 0.0167 0.0302 
      H008.5  2 0.0070 0.0173 0.0322 0.0168 0.0226 0.0273 0.0671 0.0127 0.0239 0.0368 0.0126 0.0128 0.0091 0.6140 0.0063 0.0106 0.0109 0.0114 0.0083 0.0243 0.0097 0.0063 
      H008.6  2 0.0217 0.0297 0.0168 0.0574 0.1074 0.0181 0.3476 0.0075 0.0217 0.0165 0.0630 0.0070 0.0081 0.1141 0.0055 0.0245 0.0155 0.0079 0.0482 0.0290 0.0164 0.0162 
      H008.7  2 0.0151 0.0250 0.0336 0.0600 0.0527 0.0286 0.2227 0.0099 0.0170 0.0297 0.0443 0.0471 0.0217 0.2510 0.0105 0.0372 0.0093 0.0132 0.0300 0.0121 0.0128 0.0165 
      H008.8  2 0.0159 0.0287 0.0057 0.0085 0.2147 0.0091 0.0194 0.0150 0.0091 0.0083 0.0125 0.0246 0.0130 0.0971 0.0088 0.3824 0.0082 0.0096 0.0642 0.0215 0.0163 0.0075 
      H008.9  2 0.0184 0.0146 0.0413 0.0974 0.0575 0.0165 0.3223 0.0062 0.0315 0.0220 0.0248 0.0103 0.0107 0.0174 0.0081 0.0678 0.0120 0.0056 0.1484 0.0319 0.0275 0.0077 
 H029.1_2002  2 0.0236 0.0088 0.0442 0.0216 0.0197 0.0563 0.0061 0.0067 0.0094 0.0037 0.0126 0.0080 0.0133 0.6456 0.0057 0.0217 0.0096 0.0059 0.0275 0.0069 0.0060 0.0370 
 H029.1_2003  2 0.0119 0.0110 0.0163 0.0113 0.0113 0.5733 0.0096 0.0104 0.1103 0.0221 0.0179 0.0063 0.0491 0.0241 0.0051 0.0348 0.0122 0.0051 0.0230 0.0103 0.0100 0.0145 
 H029.2_2002  2 0.0296 0.0048 0.0042 0.0358 0.0104 0.1321 0.0204 0.0080 0.0539 0.0570 0.0189 0.0276 0.0226 0.4630 0.0047 0.0053 0.0059 0.0463 0.0041 0.0101 0.0274 0.0077 
 H029.2_2003  2 0.0137 0.0044 0.0055 0.0185 0.0074 0.4939 0.0158 0.0087 0.0268 0.0882 0.0806 0.0058 0.0765 0.0650 0.0048 0.0084 0.0132 0.0184 0.0079 0.0143 0.0169 0.0052 
 H029.3_2002  2 0.0131 0.0060 0.0043 0.1821 0.0071 0.1037 0.0061 0.0149 0.0316 0.2821 0.0108 0.0234 0.0567 0.1172 0.0043 0.0304 0.0147 0.0290 0.0074 0.0107 0.0356 0.0085 
 H029.3_2003  2 0.0058 0.0154 0.0067 0.0069 0.0058 0.5182 0.0500 0.0054 0.0193 0.0162 0.0151 0.0063 0.0160 0.2592 0.0043 0.0115 0.0090 0.0073 0.0037 0.0054 0.0075 0.0051 
 H029.4_2002  2 0.0037 0.0091 0.0101 0.0264 0.0039 0.0501 0.0074 0.0068 0.0089 0.0050 0.0053 0.0107 0.0342 0.7535 0.0059 0.0105 0.0067 0.0076 0.0054 0.0040 0.0161 0.0088 
 H029.4_2003  2 0.0082 0.0282 0.0760 0.0287 0.0244 0.2404 0.0108 0.0341 0.0176 0.0129 0.0095 0.0093 0.2899 0.1000 0.0037 0.0365 0.0125 0.0078 0.0146 0.0112 0.0098 0.0141 
 H029.5_2002  2 0.0086 0.0150 0.0191 0.0075 0.0064 0.0637 0.0121 0.0055 0.0200 0.0041 0.0088 0.0111 0.0055 0.7598 0.0071 0.0062 0.0054 0.0057 0.0075 0.0041 0.0064 0.0104 
 H029.5_2003  2 0.0046 0.0130 0.0209 0.0126 0.0063 0.3773 0.0233 0.0154 0.0275 0.0077 0.0429 0.0063 0.0753 0.2969 0.0040 0.0210 0.0056 0.0048 0.0111 0.0050 0.0092 0.0095 
 H029.6_2002  2 0.0051 0.0057 0.0052 0.0386 0.0039 0.5804 0.0048 0.0083 0.0132 0.0090 0.0053 0.0195 0.0167 0.1892 0.0069 0.0276 0.0068 0.0072 0.0042 0.0056 0.0263 0.0106 
 H029.6_2003  2 0.0216 0.0273 0.0238 0.0095 0.0177 0.0433 0.0191 0.0139 0.0811 0.0559 0.0768 0.0121 0.0550 0.4062 0.0140 0.0194 0.0207 0.0390 0.0150 0.0073 0.0153 0.0061 
      H029.7  2 0.0130 0.0048 0.0072 0.0350 0.0070 0.0350 0.0085 0.0084 0.0156 0.0134 0.0129 0.0224 0.0276 0.6588 0.0040 0.0048 0.0048 0.0331 0.0045 0.0148 0.0591 0.0053 
      H030.1  2 0.0705 0.0151 0.0186 0.0050 0.0052 0.1985 0.0618 0.0191 0.0054 0.0110 0.0297 0.0149 0.0070 0.0278 0.0328 0.0095 0.4216 0.0108 0.0083 0.0088 0.0121 0.0065 
      H030.2  2 0.0121 0.0264 0.0448 0.0631 0.0166 0.0130 0.0259 0.0300 0.0039 0.0131 0.0046 0.1467 0.0051 0.0714 0.0382 0.0107 0.3197 0.0058 0.0085 0.0044 0.0089 0.1271 
      H038.1  2 0.0045 0.0054 0.0037 0.0247 0.0082 0.0067 0.0030 0.0060 0.0081 0.0047 0.0052 0.0046 0.0096 0.8459 0.0030 0.0105 0.0059 0.0052 0.0116 0.0089 0.0074 0.0073 
      H038.2  2 0.0119 0.0054 0.0069 0.0049 0.0042 0.0074 0.0065 0.0124 0.0065 0.0087 0.0063 0.0060 0.0055 0.8520 0.0154 0.0038 0.0062 0.0086 0.0034 0.0029 0.0036 0.0115 
      H038.3  2 0.0337 0.0166 0.0059 0.0347 0.0088 0.0048 0.0095 0.0148 0.0073 0.0094 0.0054 0.0069 0.0077 0.7465 0.0085 0.0059 0.0164 0.0100 0.0077 0.0042 0.0077 0.0275 
      H038.4  2 0.0126 0.0134 0.0050 0.0251 0.0060 0.0050 0.0125 0.0083 0.0110 0.0070 0.0041 0.0079 0.0066 0.8021 0.0189 0.0066 0.0072 0.0072 0.0050 0.0040 0.0133 0.0114 
      H038.5  2 0.0048 0.0043 0.0060 0.0258 0.0085 0.0134 0.0081 0.0110 0.0083 0.0056 0.0073 0.0143 0.0185 0.7830 0.0066 0.0130 0.0224 0.0144 0.0048 0.0036 0.0107 0.0056 
      H038.6  2 0.0060 0.0043 0.0053 0.0096 0.0124 0.0121 0.0051 0.0097 0.0060 0.0061 0.0114 0.0038 0.0113 0.8479 0.0031 0.0067 0.0100 0.0066 0.0054 0.0041 0.0040 0.0093 
      H038.7  2 0.0209 0.0086 0.0037 0.0092 0.0131 0.0059 0.0076 0.0106 0.0066 0.0150 0.0050 0.0028 0.0133 0.8239 0.0050 0.0048 0.0089 0.0048 0.0055 0.0035 0.0039 0.0174 
      H038.8  2 0.0121 0.0092 0.0056 0.0713 0.0070 0.0052 0.0049 0.0162 0.0052 0.0080 0.0041 0.0082 0.0048 0.7638 0.0159 0.0064 0.0110 0.0088 0.0049 0.0032 0.0083 0.0159 
      H041.1  2 0.0204 0.2743 0.0492 0.0253 0.0065 0.1263 0.0691 0.0075 0.0067 0.0076 0.0117 0.1372 0.0131 0.0964 0.0124 0.0055 0.0087 0.0497 0.0109 0.0182 0.0353 0.0079 
      H041.2  2 0.0155 0.4833 0.0786 0.0147 0.0070 0.1783 0.0201 0.0056 0.0399 0.0079 0.0071 0.0084 0.0055 0.0364 0.0058 0.0084 0.0078 0.0096 0.0089 0.0076 0.0220 0.0216 
      H041.4  2 0.0174 0.0359 0.0201 0.0253 0.0335 0.4130 0.0347 0.0068 0.0288 0.0059 0.0081 0.0138 0.0130 0.1844 0.0139 0.0149 0.0085 0.0179 0.0401 0.0201 0.0359 0.0080 
      H041.6  2 0.0267 0.0954 0.0440 0.0148 0.0520 0.2793 0.0178 0.0072 0.0173 0.0130 0.0056 0.0231 0.0078 0.2254 0.0114 0.0173 0.0109 0.0156 0.0458 0.0296 0.0249 0.0150 
 H042.1_2002  2 0.0198 0.0166 0.1012 0.0126 0.0883 0.5250 0.0065 0.0195 0.0103 0.0064 0.0225 0.0113 0.0053 0.0097 0.0444 0.0084 0.0098 0.0101 0.0187 0.0109 0.0265 0.0161 
 H042.1_2003  2 0.0497 0.2338 0.0794 0.0655 0.0711 0.0158 0.1366 0.0157 0.0211 0.0132 0.0537 0.0112 0.0078 0.0619 0.0164 0.0201 0.0205 0.0064 0.0315 0.0130 0.0263 0.0294 
 H042.2_2002  2 0.0080 0.0181 0.0058 0.0289 0.0099 0.5979 0.0065 0.0099 0.0364 0.0048 0.0223 0.0057 0.0298 0.0714 0.0084 0.0061 0.0047 0.0108 0.0049 0.0092 0.0069 0.0936 
 H042.2_2003  2 0.0314 0.1761 0.2607 0.0056 0.0841 0.1078 0.0144 0.0087 0.0394 0.0058 0.0110 0.0041 0.0065 0.1391 0.0149 0.0066 0.0119 0.0093 0.0172 0.0092 0.0184 0.0179 
 H042.3_2002  2 0.0107 0.1230 0.0266 0.0250 0.0308 0.4078 0.0091 0.0477 0.0175 0.0070 0.0181 0.0058 0.0190 0.0088 0.0269 0.0105 0.0125 0.0206 0.0151 0.0096 0.0528 0.0952 
 H042.3_2003  2 0.0124 0.2172 0.0927 0.0315 0.0397 0.0955 0.0188 0.1260 0.0090 0.0117 0.0159 0.0319 0.1073 0.0369 0.0164 0.0112 0.0119 0.0125 0.0141 0.0117 0.0429 0.0324 
 H042.4_2002  2 0.0129 0.0151 0.1648 0.0152 0.0185 0.5826 0.0077 0.0076 0.0251 0.0042 0.0066 0.0098 0.0119 0.0145 0.0268 0.0070 0.0105 0.0244 0.0106 0.0062 0.0112 0.0065 
 H042.4_2003  2 0.0389 0.0098 0.0554 0.0064 0.0211 0.6253 0.0134 0.0141 0.0103 0.0047 0.0087 0.0129 0.0089 0.0600 0.0234 0.0047 0.0061 0.0123 0.0156 0.0258 0.0157 0.0063 
      H042.5  2 0.0085 0.0063 0.0449 0.0036 0.0128 0.7885 0.0122 0.0146 0.0058 0.0044 0.0080 0.0048 0.0081 0.0063 0.0087 0.0044 0.0034 0.0078 0.0074 0.0114 0.0224 0.0055 
      H042.6  2 0.0124 0.0045 0.0068 0.0075 0.0182 0.7916 0.0050 0.0239 0.0047 0.0043 0.0079 0.0072 0.0110 0.0148 0.0093 0.0071 0.0044 0.0069 0.0080 0.0265 0.0081 0.0100 
