      H105.1  1 0.4581 0.1409 0.0994 0.3015 
      H105.2  1 0.3058 0.3951 0.1629 0.1362 
      H105.3  1 0.3925 0.1523 0.1972 0.2580 
      H105.4  1 0.1177 0.7194 0.1235 0.0394 
      H105.5  1 0.2403 0.3118 0.4115 0.0364 
      H105.6  1 0.0847 0.6333 0.2430 0.0391 
      H105.7  1 0.0978 0.2657 0.0479 0.5885 
      H105.8  1 0.3327 0.1362 0.2461 0.2850 
      H115.1  1 0.1366 0.0432 0.7383 0.0819 
      H115.2  1 0.0448 0.0171 0.9219 0.0162 
      H115.3  1 0.0467 0.0140 0.9251 0.0142 
      H115.4  1 0.8594 0.0180 0.0766 0.0460 
      H115.5  1 0.0223 0.0250 0.9131 0.0396 
      H115.6  1 0.0611 0.0559 0.8247 0.0583 
      H115.7  1 0.2645 0.3911 0.2933 0.0511 
      H115.8  1 0.0144 0.0103 0.9533 0.0220 
      H115.9  1 0.0166 0.0121 0.8905 0.0808 
      H145.1  1 0.0703 0.8157 0.1010 0.0129 
      H145.2  1 0.0553 0.8052 0.1283 0.0112 
      H145.3  1 0.0178 0.6591 0.0967 0.2263 
      H145.4  1 0.0244 0.9480 0.0174 0.0102 
      H145.5  1 0.0455 0.7134 0.2106 0.0305 
      H145.6  1 0.0136 0.9446 0.0279 0.0138 
      H145.7  1 0.0186 0.9363 0.0149 0.0302 
      H149.1  1 0.9002 0.0631 0.0253 0.0115 
      H149.2  1 0.7812 0.1862 0.0191 0.0135 
      H149.3  1 0.6992 0.2339 0.0292 0.0377 
      H149.4  1 0.8716 0.0947 0.0155 0.0182 
      H149.5  1 0.7504 0.2030 0.0072 0.0395 
      H149.6  1 0.6505 0.3225 0.0106 0.0164 
      H149.7  1 0.7421 0.1509 0.0137 0.0933 
      H150.1  1 0.0113 0.0133 0.9659 0.0095 
      H150.2  1 0.0705 0.0390 0.8778 0.0128 
      H150.3  1 0.0276 0.2001 0.7482 0.0241 
      H150.4  1 0.0069 0.0126 0.9676 0.0129 
      H150.5  1 0.1568 0.1476 0.6597 0.0358 
      H150.6  1 0.4371 0.0464 0.4974 0.0191 
      H150.7  1 0.0071 0.0144 0.9706 0.0079 
   H169607.1  1 0.3394 0.1389 0.3834 0.1383 
   H169607.2  1 0.5407 0.3171 0.0794 0.0627 
   H169607.3  1 0.2138 0.2508 0.1476 0.3878 
   H169607.4  1 0.3602 0.4377 0.1731 0.0291 
   H169607.5  1 0.4338 0.3787 0.1175 0.0700 
   H169607.6  1 0.7142 0.1783 0.0371 0.0705 
   H169607.7  1 0.8951 0.0272 0.0370 0.0407 
   H169607.8  1 0.4174 0.4160 0.0744 0.0922 
   H169633.1  1 0.3720 0.3102 0.2378 0.0800 
   H169633.2  1 0.6754 0.1687 0.0410 0.1150 
   H169633.3  1 0.6060 0.2514 0.0247 0.1179 
   H169633.4  1 0.6236 0.1830 0.1677 0.0257 
   H169633.5  1 0.6296 0.1793 0.1679 0.0232 
   H169688.1  1 0.3753 0.1494 0.0147 0.4606 
   H169688.2  1 0.2056 0.0241 0.0364 0.7340 
   H169688.3  1 0.7173 0.0886 0.0575 0.1366 
   H169688.4  1 0.0675 0.0149 0.8604 0.0572 
   H169688.5  1 0.0723 0.0153 0.8570 0.0553 
   H169688.6  1 0.8115 0.0232 0.0819 0.0834 
   H169688.7  1 0.6707 0.0849 0.0936 0.1508 
   H171901.1  1 0.0239 0.4506 0.5066 0.0189 
   H171901.2  1 0.6789 0.2020 0.0836 0.0354 
   H171901.3  1 0.8552 0.0725 0.0415 0.0307 
   H171901.4  1 0.9196 0.0387 0.0240 0.0178 
   H171901.5  1 0.9406 0.0275 0.0195 0.0124 
   H171901.6  1 0.8065 0.1393 0.0381 0.0161 
   H171901.7  1 0.9125 0.0413 0.0221 0.0241 
   H171902.1  1 0.2726 0.0385 0.6577 0.0313 
  H171902.10  1 0.9511 0.0180 0.0211 0.0098 
   H171902.2  1 0.2177 0.0503 0.2930 0.4390 
   H171902.3  1 0.9386 0.0238 0.0234 0.0141 
   H171902.4  1 0.4060 0.2650 0.2771 0.0518 
   H171902.6  1 0.9238 0.0333 0.0340 0.0089 
   H171902.7  1 0.6861 0.0791 0.2201 0.0147 
   H171902.8  1 0.9327 0.0200 0.0323 0.0151 
   H171902.9  1 0.0984 0.1672 0.7130 0.0214 
   H171903.1  1 0.3828 0.3804 0.1558 0.0810 
   H171903.2  1 0.3078 0.1158 0.3931 0.1833 
   H171903.3  1 0.5246 0.1590 0.2237 0.0928 
   H171903.4  1 0.1310 0.6700 0.1236 0.0754 
   H171903.5  1 0.7166 0.0246 0.1821 0.0766 
   H171903.6  1 0.7977 0.0488 0.0630 0.0905 
      H177.1  1 0.4804 0.3983 0.0434 0.0779 
      H177.2  1 0.6897 0.1235 0.0578 0.1291 
      H177.3  1 0.8147 0.1268 0.0443 0.0142 
      H177.4  1 0.6204 0.2218 0.0189 0.1389 
      H177.5  1 0.0596 0.1104 0.0350 0.7950 
      H177.6  1 0.8656 0.0841 0.0382 0.0121 
      H179.1  1 0.8132 0.0148 0.0321 0.1399 
      H179.2  1 0.8570 0.0168 0.0389 0.0873 
      H179.3  1 0.3174 0.0153 0.0945 0.5728 
      H179.4  1 0.9235 0.0233 0.0087 0.0445 
      H180.1  1 0.4930 0.0259 0.4572 0.0239 
      H180.2  1 0.2071 0.0578 0.7150 0.0202 
      H180.3  1 0.0545 0.0248 0.8775 0.0432 
      H180.4  1 0.4175 0.1336 0.3780 0.0708 
      H180.5  1 0.4138 0.0495 0.4304 0.1062 
      H180.6  1 0.0451 0.0505 0.7648 0.1396 
      H181.1  1 0.8632 0.0256 0.0479 0.0634 
      H181.2  1 0.8412 0.0531 0.0435 0.0622 
      H181.3  1 0.6707 0.0719 0.0292 0.2283 
      H181.4  1 0.6637 0.0935 0.0461 0.1968 
      H181.5  1 0.3763 0.0390 0.0234 0.5613 
      H181.6  1 0.7793 0.0507 0.0630 0.1071 
      H181.7  1 0.8772 0.0187 0.0294 0.0746 
 H194.1_2004  1 0.0239 0.9380 0.0231 0.0150 
 H194.2_2004  1 0.0112 0.9589 0.0135 0.0164 
 H194.3_2004  1 0.0479 0.9220 0.0156 0.0144 
 H194.4_2004  1 0.0221 0.9333 0.0187 0.0260 
 H194.5_2004  1 0.0478 0.9174 0.0131 0.0217 
 H194.6_2004  1 0.1257 0.6948 0.0281 0.1514 
 H194.7_2004  1 0.0124 0.9375 0.0117 0.0384 
 H194.8_2004  1 0.0450 0.8569 0.0166 0.0815 
      H194.9  1 0.0127 0.9259 0.0255 0.0359 
 H195.1_2003  1 0.1090 0.8507 0.0209 0.0194 
 H195.1_2004  1 0.1715 0.7595 0.0355 0.0335 
 H195.2_2003  1 0.1402 0.5962 0.1946 0.0691 
 H195.2_2004  1 0.0533 0.8703 0.0208 0.0557 
 H195.3_2003  1 0.0639 0.8194 0.0854 0.0313 
 H195.3_2004  1 0.0358 0.9311 0.0202 0.0129 
 H195.4_2003  1 0.0240 0.9525 0.0147 0.0088 
 H195.4_2004  1 0.0372 0.6853 0.0128 0.2646 
 H195.5_2003  1 0.0509 0.9142 0.0124 0.0224 
 H195.5_2004  1 0.0356 0.9311 0.0175 0.0157 
 H195.6_2003  1 0.0281 0.9039 0.0445 0.0236 
 H195.6_2004  1 0.0575 0.9173 0.0123 0.0129 
 H195.7_2003  1 0.2798 0.6081 0.0145 0.0976 
 H195.7_2004  1 0.1293 0.6905 0.1460 0.0342 
      H195.8  1 0.0210 0.8488 0.0175 0.1127 
      H195.9  1 0.1032 0.7937 0.0166 0.0865 
      H415.1  1 0.0576 0.0384 0.8886 0.0155 
      H415.2  1 0.3793 0.0436 0.5608 0.0164 
      H415.3  1 0.7742 0.0969 0.1110 0.0179 
      H415.4  1 0.1538 0.1246 0.6950 0.0266 
      H415.5  1 0.7700 0.0821 0.1342 0.0136 
      H415.6  1 0.1578 0.1305 0.6860 0.0258 
      H415.7  1 0.7224 0.1163 0.1402 0.0210 
      H506.1  1 0.9570 0.0113 0.0170 0.0147 
      H506.2  1 0.9596 0.0141 0.0132 0.0131 
      H506.3  1 0.7600 0.0123 0.1570 0.0707 
      H506.4  1 0.8922 0.0143 0.0521 0.0414 
      H506.5  1 0.9474 0.0119 0.0284 0.0122 
      H506.6  1 0.6935 0.0177 0.2124 0.0764 
      H506.7  1 0.9482 0.0161 0.0193 0.0163 
      H533.1  1 0.9693 0.0073 0.0144 0.0090 
      H533.2  1 0.9634 0.0084 0.0145 0.0137 
      H533.3  1 0.9654 0.0069 0.0116 0.0160 
      H533.4  1 0.9577 0.0112 0.0187 0.0124 
      H535.1  1 0.8852 0.0588 0.0366 0.0193 
      H535.2  1 0.7746 0.0492 0.0099 0.1663 
      H535.3  1 0.7461 0.0559 0.0374 0.1605 
      H535.4  1 0.9091 0.0682 0.0066 0.0161 
      H535.5  1 0.9548 0.0247 0.0105 0.0100 
      H535.6  1 0.7186 0.1316 0.0452 0.1045 
      H535.7  1 0.9644 0.0106 0.0145 0.0105 
      H535.8  1 0.9118 0.0233 0.0159 0.0489 
      H535.9  1 0.9116 0.0287 0.0390 0.0207 
      H539.1  1 0.0079 0.0114 0.9741 0.0065 
      H539.2  1 0.4039 0.0271 0.4731 0.0959 
      H539.3  1 0.0131 0.0263 0.9390 0.0217 
      H539.4  1 0.0118 0.0077 0.9655 0.0151 
      H539.5  1 0.0085 0.0096 0.9678 0.0141 
      H539.6  1 0.0086 0.0132 0.9640 0.0142 
      H539.7  1 0.0162 0.0152 0.9570 0.0116 
      H539.8  1 0.0204 0.0482 0.9147 0.0167 
      H539.9  1 0.0077 0.0063 0.9746 0.0113 
      H540.1  1 0.0279 0.0253 0.9295 0.0173 
      H540.2  1 0.0181 0.0374 0.9300 0.0146 
      H540.3  1 0.0169 0.0378 0.9315 0.0138 
      H540.4  1 0.1076 0.0331 0.8420 0.0173 
      H540.5  1 0.0152 0.0111 0.9532 0.0205 
      H540.6  1 0.0553 0.0231 0.8472 0.0743 
      H540.7  1 0.0528 0.0383 0.8839 0.0250 
      H540.8  1 0.1967 0.1078 0.6788 0.0167 
     H9558.1  1 0.0154 0.0208 0.9563 0.0076 
     H9558.2  1 0.0139 0.0173 0.9542 0.0146 
     H9558.3  1 0.0092 0.0148 0.9651 0.0109 
     H9558.4  1 0.0417 0.0142 0.9344 0.0097 
     H9558.5  1 0.0232 0.0120 0.9557 0.0091 
     H9558.6  1 0.0117 0.0356 0.8314 0.1213 
    kos339.1  1 0.9411 0.0185 0.0172 0.0232 
    kos339.2  1 0.8303 0.0820 0.0291 0.0586 
    kos339.3  1 0.9579 0.0211 0.0112 0.0098 
    kos339.4  1 0.9147 0.0597 0.0114 0.0141 
    kos339.5  1 0.9178 0.0510 0.0120 0.0192 
    kos339.6  1 0.8412 0.1146 0.0175 0.0267 
    kos339.7  1 0.9643 0.0137 0.0114 0.0106 
    kos339.8  1 0.9601 0.0137 0.0158 0.0104 
    kos339.9  1 0.8873 0.0725 0.0241 0.0161 
      H008.1  2 0.0475 0.0222 0.1231 0.8072 
      H008.2  2 0.1137 0.0218 0.7061 0.1584 
      H008.3  2 0.2013 0.0692 0.4671 0.2624 
      H008.4  2 0.0522 0.0581 0.4688 0.4209 
      H008.5  2 0.0399 0.0208 0.0916 0.8477 
      H008.6  2 0.0696 0.0508 0.7220 0.1577 
      H008.7  2 0.0640 0.0468 0.4376 0.4515 
      H008.8  2 0.0354 0.0242 0.8761 0.0643 
      H008.9  2 0.0459 0.0652 0.8685 0.0204 
 H029.1_2002  2 0.0137 0.0222 0.1258 0.8383 
 H029.1_2003  2 0.0446 0.0378 0.0676 0.8501 
 H029.2_2002  2 0.0357 0.0132 0.0169 0.9342 
 H029.2_2003  2 0.0784 0.0211 0.0314 0.8691 
 H029.3_2002  2 0.0705 0.0223 0.0303 0.8769 
 H029.3_2003  2 0.0184 0.0151 0.0185 0.9480 
 H029.4_2002  2 0.0112 0.0117 0.0121 0.9650 
 H029.4_2003  2 0.0522 0.0393 0.3426 0.5658 
 H029.5_2002  2 0.0077 0.0119 0.0201 0.9603 
 H029.5_2003  2 0.0235 0.0146 0.0298 0.9322 
 H029.6_2002  2 0.0117 0.0125 0.0125 0.9633 
 H029.6_2003  2 0.2072 0.0940 0.0428 0.6560 
      H029.7  2 0.0154 0.0139 0.0126 0.9580 
      H030.1  2 0.0429 0.0283 0.0113 0.9175 
      H030.2  2 0.0380 0.0286 0.1056 0.8278 
      H038.1  2 0.0155 0.0200 0.0915 0.8730 
      H038.2  2 0.0134 0.0084 0.0130 0.9651 
      H038.3  2 0.0355 0.0213 0.0599 0.8832 
      H038.4  2 0.0281 0.0305 0.0584 0.8831 
      H038.5  2 0.0548 0.0104 0.0233 0.9115 
      H038.6  2 0.0175 0.0070 0.0330 0.9426 
      H038.7  2 0.0244 0.0104 0.0367 0.9285 
      H038.8  2 0.0225 0.0259 0.0852 0.8665 
      H041.1  2 0.0181 0.1557 0.0301 0.7961 
      H041.2  2 0.0216 0.1942 0.1317 0.6525 
      H041.4  2 0.0166 0.1705 0.2254 0.5876 
      H041.6  2 0.0181 0.1744 0.2665 0.5410 
 H042.1_2002  2 0.0453 0.5909 0.0524 0.3113 
 H042.1_2003  2 0.0674 0.0701 0.7575 0.1051 
 H042.2_2002  2 0.0453 0.0369 0.0556 0.8622 
 H042.2_2003  2 0.0271 0.7047 0.1330 0.1352 
 H042.3_2002  2 0.1110 0.5276 0.0797 0.2818 
 H042.3_2003  2 0.1473 0.2333 0.4074 0.2120 
 H042.4_2002  2 0.0203 0.1824 0.0379 0.7594 
 H042.4_2003  2 0.0187 0.2220 0.0386 0.7208 
      H042.5  2 0.0182 0.3889 0.0153 0.5776 
      H042.6  2 0.0182 0.0437 0.0290 0.9091 
      H042.7  2 0.0181 0.8892 0.0146 0.0782 
      H042.8  2 0.0228 0.2591 0.0446 0.6735 
   H042_2002  2 0.0221 0.0552 0.8712 0.0516 
   H042_2003  2 0.0370 0.0876 0.8155 0.0599 
      H043.1  2 0.0192 0.0090 0.9483 0.0235 
      H043.2  2 0.0102 0.0240 0.9562 0.0096 
      H043.3  2 0.0666 0.0170 0.8440 0.0724 
      H043.4  2 0.0127 0.0153 0.9512 0.0208 
      H043.5  2 0.0109 0.0099 0.9654 0.0137 
      H043.6  2 0.0135 0.0096 0.9564 0.0206 
      H043.7  2 0.0187 0.0361 0.9309 0.0143 
      H043.8  2 0.1580 0.0353 0.7415 0.0652 
      H043.9  2 0.0334 0.0136 0.8642 0.0888 
      H047.1  2 0.1324 0.0221 0.5710 0.2745 
      H047.2  2 0.0557 0.0252 0.0171 0.9020 
      H047.3  2 0.0607 0.0517 0.0211 0.8665 
      H047.4  2 0.0607 0.2262 0.0506 0.6625 
      H047.5  2 0.1015 0.1346 0.0417 0.7222 
      H047.6  2 0.1040 0.1066 0.2517 0.5377 
      H047.7  2 0.0715 0.0589 0.5965 0.2731 
      H047.8  2 0.1935 0.1177 0.3796 0.3093 
      H047.9  2 0.2747 0.1993 0.0689 0.4571 
 H071.1_2002  2 0.0242 0.0162 0.0498 0.9097 
 H071.1_2003  2 0.0210 0.0642 0.0989 0.8159 
     H071.10  2 0.0200 0.0089 0.0173 0.9538 
 H071.2_2002  2 0.0223 0.0186 0.0322 0.9269 
 H071.2_2003  2 0.0087 0.0087 0.0129 0.9696 
      H071.3  2 0.0517 0.0290 0.0267 0.8925 
 H071.4_2002  2 0.1224 0.0159 0.0332 0.8284 
 H071.4_2003  2 0.0294 0.0102 0.0156 0.9447 
 H071.5_2002  2 0.0124 0.0086 0.0171 0.9619 
 H071.5_2003  2 0.0300 0.0131 0.0235 0.9334 
 H071.6_2002  2 0.0333 0.0119 0.0208 0.9340 
 H071.6_2003  2 0.0128 0.0097 0.0105 0.9670 
 H071.7_2002  2 0.0129 0.0119 0.0383 0.9368 
 H071.7_2003  2 0.0381 0.0160 0.0325 0.9134 
      H071.8  2 0.0162 0.0244 0.0375 0.9219 
      H071.9  2 0.0622 0.0439 0.0793 0.8146 
 H081.1_2002  2 0.0095 0.0130 0.0224 0.9551 
 H081.1_2003  2 0.0336 0.0238 0.6093 0.3333 
 H081.2_2002  2 0.0107 0.0204 0.0698 0.8991 
 H081.2_2003  2 0.0199 0.0115 0.0494 0.9192 
 H081.3_2002  2 0.0087 0.0213 0.0196 0.9505 
 H081.3_2003  2 0.1201 0.0326 0.5941 0.2532 
 H081.4_2002  2 0.0155 0.0162 0.0218 0.9465 
 H081.4_2003  2 0.1151 0.0739 0.2993 0.5117 
 H081.5_2002  2 0.0120 0.0099 0.0142 0.9639 
 H081.5_2003  2 0.0545 0.1243 0.3582 0.4630 
      H081.6  2 0.0181 0.0168 0.0291 0.9360 
      H081.7  2 0.0112 0.0249 0.0240 0.9399 
      H081.8  2 0.0261 0.0291 0.0333 0.9115 
      H083.1  2 0.0213 0.0084 0.0168 0.9535 
      H083.2  2 0.0212 0.0108 0.0262 0.9418 
      H083.4  2 0.0186 0.0123 0.0273 0.9419 
      H083.5  2 0.0115 0.0109 0.0251 0.9526 
      H083.6  2 0.0306 0.0119 0.0111 0.9464 
      H083.7  2 0.0229 0.0155 0.0187 0.9430 
      H083.8  2 0.0287 0.0146 0.0342 0.9224 
      H083.9  2 0.0082 0.0120 0.0123 0.9674 
      H084.1  2 0.0320 0.0239 0.0342 0.9099 
      H084.2  2 0.0443 0.0107 0.0423 0.9026 
      H084.3  2 0.0745 0.1141 0.4399 0.3716 
      H084.4  2 0.0635 0.0764 0.5482 0.3119 
      H084.5  2 0.0784 0.0931 0.1371 0.6914 
      H084.6  2 0.0662 0.1677 0.3857 0.3805 
      H084.7  2 0.0460 0.0271 0.0192 0.9077 
      H084.8  2 0.0381 0.2022 0.1118 0.6479 
 H085.1_2002  2 0.0158 0.0362 0.0983 0.8497 
 H085.1_2003  2 0.0145 0.0203 0.0163 0.9489 
 H085.2_2002  2 0.0312 0.0623 0.1216 0.7849 
 H085.2_2003  2 0.0252 0.0198 0.0199 0.9351 
 H085.3_2002  2 0.0149 0.5571 0.0337 0.3943 
 H085.3_2003  2 0.0185 0.0295 0.0159 0.9361 
 H085.4_2002  2 0.0260 0.0466 0.2354 0.6919 
 H085.4_2003  2 0.0141 0.0325 0.0315 0.9219 
 H085.5_2002  2 0.0158 0.6634 0.0663 0.2544 
 H085.5_2003  2 0.0153 0.0094 0.0124 0.9630 
 H085.6_2002  2 0.0251 0.1040 0.0858 0.7851 
 H085.6_2003  2 0.0246 0.7133 0.0353 0.2268 
 H085.7_2002  2 0.0184 0.1290 0.0383 0.8143 
 H085.7_2003  2 0.0291 0.0789 0.0667 0.8253 
 H085.8_2002  2 0.0286 0.6194 0.0660 0.2860 
 H085.8_2003  2 0.0238 0.0399 0.0284 0.9080 
      H085.9  2 0.0159 0.1682 0.2346 0.5814 
      H088.1  2 0.0421 0.4004 0.0380 0.5195 
      H088.2  2 0.0352 0.2771 0.0169 0.6709 
      H088.3  2 0.0296 0.1702 0.0160 0.7843 
      H088.4  2 0.0260 0.0482 0.0392 0.8866 
      H088.5  2 0.0181 0.1451 0.0180 0.8187 
      H088.6  2 0.0372 0.1727 0.0201 0.7700 
      H088.7  2 0.0248 0.0545 0.0256 0.8951 
      H088.8  2 0.0509 0.1072 0.0560 0.7858 
      H091.1  2 0.0480 0.0718 0.0214 0.8588 
      H091.2  2 0.0286 0.0716 0.0181 0.8816 
      H109.1  2 0.1345 0.0395 0.4210 0.4050 
      H109.2  2 0.0899 0.0699 0.1330 0.7072 
      H109.3  2 0.3734 0.2729 0.0484 0.3053 
      H109.4  2 0.2178 0.1742 0.3787 0.2293 
      H109.5  2 0.0840 0.4651 0.0165 0.4343 
      H109.6  2 0.2436 0.0733 0.3204 0.3626 
      H126.1  2 0.1546 0.2923 0.5304 0.0227 
      H126.2  2 0.0431 0.0264 0.8874 0.0430 
      H126.3  2 0.0489 0.0331 0.7444 0.1735 
      H126.4  2 0.1866 0.0449 0.7066 0.0619 
      H126.5  2 0.1679 0.0619 0.6954 0.0747 
      H126.6  2 0.0773 0.0158 0.5925 0.3144 
      H126.7  2 0.0367 0.0133 0.0249 0.9251 
      H130.1  2 0.1694 0.3513 0.3609 0.1185 
      H130.2  2 0.0624 0.0272 0.0316 0.8788 
      H130.3  2 0.4493 0.0455 0.0390 0.4662 
      H130.4  2 0.3929 0.0553 0.4825 0.0693 
      H130.5  2 0.0195 0.0488 0.0314 0.9003 
      H133.1  2 0.1443 0.0942 0.5258 0.2357 
      H133.2  2 0.2570 0.0785 0.3637 0.3008 
      H133.3  2 0.2334 0.3661 0.1334 0.2672 
      H133.4  2 0.1966 0.0484 0.6905 0.0645 
      H133.5  2 0.6046 0.0295 0.2562 0.1098 
      H133.6  2 0.1693 0.0423 0.3855 0.4030 
      H133.7  2 0.0471 0.6625 0.2415 0.0489 
      H133.8  2 0.2777 0.1889 0.4520 0.0814 
      H133.9  2 0.2482 0.0748 0.4378 0.2392 
      H147.1  2 0.0107 0.2154 0.0819 0.6919 
      H147.2  2 0.0080 0.0103 0.0194 0.9623 
      H147.3  2 0.0117 0.0152 0.0192 0.9539 
      H147.4  2 0.0119 0.0141 0.0399 0.9341 
      H147.5  2 0.0126 0.0187 0.0128 0.9559 
      H147.6  2 0.0193 0.0197 0.0112 0.9499 
      H147.7  2 0.0187 0.0200 0.0483 0.9131 
      H147.8  2 0.0083 0.0088 0.0112 0.9717 
      H147.9  2 0.0088 0.0149 0.0299 0.9464 
      H148.1  2 0.0910 0.1164 0.7181 0.0745 
      H148.2  2 0.0685 0.2922 0.5352 0.1042 
      H148.3  2 0.0114 0.9427 0.0339 0.0120 
      H148.4  2 0.0761 0.4106 0.4621 0.0513 
      H148.5  2 0.0607 0.7127 0.1726 0.0539 
      H148.6  2 0.0353 0.4013 0.4910 0.0725 
      H148.7  2 0.1892 0.5562 0.2031 0.0515 
      H148.8  2 0.0188 0.8502 0.1153 0.0157 
      H148.9  2 0.1026 0.1284 0.7366 0.0324 
   H166022.1  2 0.0100 0.0328 0.0117 0.9455 
   H166022.2  2 0.0198 0.0583 0.0156 0.9063 
   H166022.3  2 0.0484 0.0583 0.0149 0.8783 
   H166022.4  2 0.0304 0.0160 0.0077 0.9458 
   H166022.5  2 0.0321 0.0200 0.0089 0.9391 
   H166022.6  2 0.0158 0.0940 0.0346 0.8556 
   H166022.7  2 0.6375 0.0083 0.3388 0.0155 
   H166022.8  2 0.0677 0.0915 0.0343 0.8066 
   H167397.1  2 0.0144 0.0747 0.8550 0.0558 
   H167397.2  2 0.1242 0.1094 0.7072 0.0592 
   H167397.3  2 0.0167 0.0287 0.9270 0.0277 
   H167397.4  2 0.0866 0.2764 0.5365 0.1006 
   H167397.5  2 0.0214 0.0255 0.9236 0.0295 
   H167397.6  2 0.0183 0.0469 0.9096 0.0252 
   H167496.1  2 0.2543 0.4098 0.0283 0.3076 
   H167496.2  2 0.1387 0.4677 0.1166 0.2769 
   H167496.3  2 0.0546 0.4364 0.0428 0.4662 
   H167496.4  2 0.0136 0.0173 0.0104 0.9587 
   H167496.6  2 0.0440 0.0269 0.0227 0.9064 
   H167496.7  2 0.2605 0.5088 0.0696 0.1611 
   H167496.8  2 0.0197 0.0287 0.0173 0.9343 
   H167513.1  2 0.2078 0.0610 0.6083 0.1228 
   H167513.2  2 0.0408 0.2423 0.6874 0.0295 
   H167513.3  2 0.7108 0.0325 0.1788 0.0779 
   H167513.4  2 0.1408 0.1015 0.0925 0.6651 
   H167513.5  2 0.0323 0.1059 0.8152 0.0466 
   H167513.6  2 0.0971 0.1774 0.5883 0.1372 
   H167513.7  2 0.1359 0.0241 0.4220 0.4180 
   H167513.8  2 0.3337 0.0174 0.6004 0.0484 
   H167547.1  2 0.0221 0.8303 0.1286 0.0190 
   H167547.2  2 0.0133 0.8842 0.0730 0.0295 
   H167547.3  2 0.0204 0.8590 0.0887 0.0319 
   H167547.4  2 0.0236 0.7915 0.1603 0.0246 
   H167547.5  2 0.0119 0.9496 0.0186 0.0199 
   H167547.6  2 0.0100 0.9527 0.0179 0.0195 
   H167547.7  2 0.2192 0.3955 0.3343 0.0510 
   H169750.1  2 0.4866 0.3269 0.0645 0.1219 
   H169750.2  2 0.3413 0.1043 0.3508 0.2036 
   H169750.3  2 0.6839 0.1787 0.0207 0.1167 
   H169750.4  2 0.3557 0.1563 0.4430 0.0450 
   H169750.5  2 0.3945 0.1797 0.0490 0.3768 
   H169750.6  2 0.0940 0.0582 0.0535 0.7943 
   H169750.7  2 0.7327 0.0830 0.1269 0.0573 
   H171929.1  2 0.0206 0.2218 0.7335 0.0241 
  H171929.10  2 0.0201 0.4442 0.2872 0.2485 
  H171929.11  2 0.0180 0.0679 0.8956 0.0184 
   H171929.2  2 0.1173 0.3485 0.4772 0.0569 
   H171929.3  2 0.0836 0.1645 0.7014 0.0505 
   H171929.4  2 0.0865 0.7128 0.0747 0.1260 
   H171929.5  2 0.1268 0.0627 0.7707 0.0398 
   H171929.6  2 0.0520 0.0179 0.9151 0.0151 
   H171929.7  2 0.0795 0.3945 0.4768 0.0491 
   H171929.8  2 0.0323 0.3763 0.5402 0.0511 
   H171929.9  2 0.0478 0.3290 0.1033 0.5199 
   H171930.1  2 0.7578 0.0492 0.1184 0.0747 
   H171930.2  2 0.2208 0.1736 0.0845 0.5211 
   H171930.3  2 0.6739 0.0661 0.1043 0.1557 
   H171930.4  2 0.6104 0.0713 0.0283 0.2900 
   H171930.5  2 0.4978 0.0756 0.2446 0.1820 
   H171930.6  2 0.4284 0.0481 0.0257 0.4978 
   H171930.7  2 0.6013 0.0285 0.2450 0.1253 
   H171930.8  2 0.4658 0.0487 0.2944 0.1911 
   H171933.1  2 0.0413 0.0894 0.0681 0.8012 
   H171933.2  2 0.0307 0.1457 0.1192 0.7044 
   H171933.3  2 0.0439 0.4650 0.0686 0.4225 
   H171933.4  2 0.2289 0.3023 0.0615 0.4074 
   H171933.5  2 0.3526 0.2477 0.3262 0.0735 
   H171933.6  2 0.0166 0.0201 0.0114 0.9519 
   H171933.7  2 0.0755 0.1410 0.1306 0.6528 
   H171933.8  2 0.0817 0.1882 0.3504 0.3797 
   H171933.9  2 0.0630 0.0734 0.0189 0.8447 
      H190.1  2 0.4714 0.1253 0.0153 0.3880 
      H190.2  2 0.0188 0.9242 0.0189 0.0380 
      H190.3  2 0.0651 0.7610 0.0797 0.0941 
      H190.4  2 0.2348 0.1965 0.0259 0.5428 
      H190.5  2 0.1053 0.6892 0.0353 0.1702 
      H190.6  2 0.1496 0.3523 0.0238 0.4742 
      H190.7  2 0.0414 0.8202 0.0866 0.0519 
      H190.8  2 0.2079 0.6199 0.0274 0.1448 
      H190.9  2 0.0609 0.8013 0.0538 0.0840 
      H400.1  2 0.0227 0.0103 0.0235 0.9436 
      H400.2  2 0.0100 0.0091 0.0108 0.9701 
      H400.3  2 0.0773 0.0322 0.0367 0.8538 
      H400.4  2 0.0122 0.0293 0.0122 0.9463 
      H400.5  2 0.0475 0.0207 0.0281 0.9037 
      H400.6  2 0.0113 0.0133 0.0139 0.9615 
      H400.7  2 0.0218 0.0577 0.0145 0.9060 
 H428.1_2005  2 0.0701 0.0232 0.0255 0.8812 
 H428.1_2006  2 0.0228 0.0311 0.0100 0.9361 
 H428.2_2005  2 0.0565 0.0804 0.0331 0.8300 
 H428.2_2006  2 0.0115 0.0096 0.0120 0.9670 
 H428.3_2005  2 0.0568 0.0209 0.0073 0.9150 
 H428.3_2006  2 0.0168 0.0150 0.0241 0.9442 
 H428.4_2005  2 0.1362 0.0399 0.0119 0.8119 
 H428.4_2006  2 0.0138 0.0140 0.0084 0.9638 
 H428.5_2005  2 0.0092 0.0151 0.0161 0.9595 
 H428.6_2005  2 0.1346 0.0329 0.0162 0.8163 
 H428.6_2006  2 0.0366 0.0105 0.0123 0.9405 
      H428.7  2 0.0102 0.0097 0.0076 0.9724 
      H428.8  2 0.0167 0.0127 0.0151 0.9554 
      H428.9  2 0.0111 0.0125 0.0233 0.9531 
      H453.1  2 0.0177 0.0107 0.0088 0.9628 
      H453.2  2 0.0282 0.0321 0.0116 0.9282 
      H453.3  2 0.0124 0.0224 0.0081 0.9570 
      H453.4  2 0.0153 0.0142 0.0081 0.9624 
      H453.5  2 0.0124 0.0089 0.0060 0.9727 
      H453.6  2 0.0100 0.0067 0.0057 0.9775 
      H453.7  2 0.0427 0.1282 0.0216 0.8074 
      H453.8  2 0.0187 0.0527 0.0185 0.9101 
      H453.9  2 0.0157 0.0108 0.0101 0.9635 
      H512.1  2 0.0326 0.0145 0.0101 0.9427 
     H512.10  2 0.2448 0.0748 0.0624 0.6180 
      H512.2  2 0.2141 0.1653 0.0341 0.5865 
      H512.3  2 0.7936 0.0584 0.0282 0.1198 
      H512.4  2 0.0367 0.0316 0.0325 0.8991 
      H512.5  2 0.9233 0.0206 0.0240 0.0321 
      H512.6  2 0.6690 0.1265 0.0280 0.1765 
      H512.7  2 0.8667 0.0172 0.0176 0.0985 
      H512.8  2 0.4375 0.3015 0.0260 0.2350 
      H512.9  2 0.6421 0.0249 0.0333 0.2997 
      H513.1  2 0.0078 0.0135 0.0201 0.9586 
      H513.2  2 0.0077 0.0252 0.0234 0.9438 
      H513.3  2 0.0231 0.0146 0.0154 0.9469 
      H513.4  2 0.0175 0.0250 0.0090 0.9485 
      H513.5  2 0.0142 0.0082 0.0128 0.9648 
      H513.6  2 0.0263 0.0410 0.5198 0.4128 
      H532.1  2 0.0980 0.0180 0.0198 0.8643 
      H532.2  2 0.0156 0.0532 0.0154 0.9157 
      H532.3  2 0.0199 0.0379 0.0117 0.9305 
      H532.4  2 0.0165 0.0157 0.0291 0.9388 
      H532.5  2 0.0311 0.0305 0.0271 0.9113 
      H532.6  2 0.0254 0.0153 0.0286 0.9307 
      H532.7  2 0.0153 0.0108 0.0121 0.9618 
      H532.8  2 0.0239 0.0340 0.0236 0.9185 
      H543.1  2 0.0137 0.0130 0.9573 0.0160 
      H543.2  2 0.0572 0.1119 0.6538 0.1771 
      H543.3  2 0.0132 0.0198 0.9360 0.0310 
      H543.4  2 0.0134 0.0243 0.9517 0.0105 
      H543.5  2 0.0113 0.0151 0.9614 0.0122 
      H543.6  2 0.0141 0.0270 0.9357 0.0232 
      H543.7  2 0.0076 0.0112 0.9706 0.0106 
      H543.8  2 0.0274 0.0245 0.8802 0.0679 
      H543.9  2 0.0275 0.0233 0.9141 0.0351 
 H545.1_2005  2 0.0073 0.0046 0.9821 0.0060 
 H545.1_2006  2 0.0080 0.0109 0.9717 0.0094 
 H545.2_2005  2 0.0154 0.0102 0.9625 0.0120 
 H545.2_2006  2 0.0136 0.0094 0.9640 0.0130 
 H545.3_2005  2 0.0174 0.0168 0.9536 0.0122 
 H545.3_2006  2 0.0084 0.0059 0.9752 0.0105 
 H545.4_2005  2 0.0100 0.0160 0.9652 0.0088 
 H545.4_2006  2 0.0087 0.0075 0.9766 0.0071 
 H545.5_2005  2 0.0108 0.0076 0.9670 0.0146 
 H545.5_2006  2 0.0278 0.0138 0.9407 0.0176 
 H545.6_2005  2 0.0093 0.0065 0.9771 0.0071 
 H545.6_2006  2 0.0085 0.0094 0.9738 0.0083 
 H545.7_2005  2 0.0136 0.0076 0.9665 0.0124 
 H545.7_2006  2 0.0134 0.0068 0.9678 0.0120 
 H545.8_2005  2 0.0164 0.0155 0.9513 0.0168 
 H545.8_2006  2 0.0112 0.0083 0.9674 0.0130 
      H545.9  2 0.0157 0.0128 0.9623 0.0092 
      H547.1  2 0.0219 0.8648 0.0246 0.0887 
      H547.2  2 0.0099 0.8431 0.0231 0.1240 
      H547.3  2 0.0415 0.8261 0.0595 0.0730 
      H547.4  2 0.0424 0.6487 0.2376 0.0714 
      H547.5  2 0.0125 0.9487 0.0124 0.0263 
      H547.6  2 0.0113 0.6780 0.0392 0.2715 
      H547.7  2 0.0333 0.7823 0.0910 0.0933 
      H547.8  2 0.0161 0.9065 0.0201 0.0572 
      H548.1  2 0.0084 0.0093 0.9758 0.0065 
      H548.2  2 0.0184 0.0187 0.9516 0.0113 
      H548.3  2 0.0131 0.0121 0.9634 0.0114 
      H548.4  2 0.0292 0.0135 0.9373 0.0200 
      H548.5  2 0.0093 0.0098 0.9737 0.0071 
      H548.6  2 0.0105 0.0072 0.9753 0.0070 
      H548.7  2 0.0135 0.0123 0.9621 0.0121 
      H548.8  2 0.0094 0.0083 0.9741 0.0082 
      H548.9  2 0.0143 0.0147 0.9550 0.0160 
     H7389.1  2 0.0196 0.0218 0.0116 0.9470 
     H7389.2  2 0.0117 0.0251 0.0324 0.9308 
     H7389.3  2 0.0144 0.0358 0.0278 0.9221 
     H7389.4  2 0.0112 0.0086 0.0374 0.9427 
     H7389.5  2 0.0405 0.0129 0.0280 0.9186 
     H7389.6  2 0.3106 0.0101 0.0123 0.6670 
     H7389.7  2 0.0268 0.0347 0.0257 0.9127 
     H7389.8  2 0.0335 0.0144 0.4495 0.5026 
     H7389.9  2 0.0190 0.0087 0.0265 0.9458 
      H747.1  2 0.5925 0.3142 0.0339 0.0594 
      H747.2  2 0.8890 0.0259 0.0699 0.0152 
      H747.3  2 0.9012 0.0455 0.0255 0.0278 
      H747.4  2 0.8365 0.1002 0.0231 0.0403 
      H747.5  2 0.9420 0.0190 0.0243 0.0146 
      H747.6  2 0.7162 0.0577 0.1505 0.0755 
      H747.7  2 0.9063 0.0253 0.0526 0.0158 
     H7484.1  2 0.0420 0.0423 0.0274 0.8884 
     H7484.2  2 0.0463 0.1714 0.1455 0.6368 
     H7484.3  2 0.0754 0.2250 0.1990 0.5006 
     H7484.4  2 0.0369 0.0419 0.0490 0.8722 
     H7484.5  2 0.0533 0.0355 0.0745 0.8366 
     H7484.6  2 0.6321 0.2122 0.0436 0.1122 
     H7484.7  2 0.3314 0.1214 0.1351 0.4121 
     H7484.8  2 0.1054 0.0318 0.0170 0.8458 
     H7485.1  2 0.0119 0.0206 0.9492 0.0184 
     H7485.2  2 0.0106 0.0089 0.9536 0.0269 
     H7485.3  2 0.0101 0.0078 0.9752 0.0069 
     H7485.4  2 0.0080 0.0065 0.9732 0.0123 
     H7485.5  2 0.0076 0.0078 0.9715 0.0130 
     H7485.6  2 0.0169 0.0297 0.9159 0.0375 
     H7485.7  2 0.0103 0.0113 0.9703 0.0082 
     H7496.1  2 0.0634 0.0587 0.0146 0.8633 
    H7496.10  2 0.0106 0.0313 0.0082 0.9499 
    H7496.11  2 0.0279 0.0183 0.9025 0.0513 
     H7496.2  2 0.0306 0.0516 0.0155 0.9023 
     H7496.3  2 0.0388 0.0620 0.0515 0.8477 
     H7496.4  2 0.0126 0.0477 0.0142 0.9255 
     H7496.5  2 0.0401 0.0557 0.0220 0.8822 
     H7496.6  2 0.0594 0.0395 0.0148 0.8863 
     H7496.7  2 0.0123 0.0234 0.0086 0.9557 
     H7496.8  2 0.0225 0.0655 0.0199 0.8921 
        UNK4  2 0.1054 0.0788 0.4075 0.4083 
        UNK5  2 0.0238 0.0545 0.3336 0.5882 
        UNK6  2 0.0529 0.0661 0.1520 0.7290 
        UNK7  2 0.0194 0.0336 0.4815 0.4655 
        UNK8  2 0.0171 0.0221 0.5998 0.3610 
        UNK9  2 0.0288 0.0172 0.2692 0.6849 
      H009.1  4 0.0611 0.7789 0.1461 0.0138 
      H009.2  4 0.3222 0.5277 0.1316 0.0185 
      H009.3  4 0.0846 0.7237 0.1718 0.0199 
      H009.4  4 0.3009 0.5603 0.1153 0.0235 
      H009.5  4 0.1831 0.4599 0.3271 0.0300 
      H009.6  4 0.0220 0.7800 0.1803 0.0176 
      H046.4  4 0.1684 0.0607 0.3574 0.4134 
      H046.8  4 0.2800 0.4181 0.2514 0.0505 
 H076.1_2002  4 0.0086 0.9705 0.0094 0.0115 
 H076.1_2003  4 0.0095 0.9751 0.0085 0.0069 
 H076.1_2004  4 0.0100 0.9703 0.0102 0.0096 
 H076.2_2002  4 0.0090 0.9729 0.0104 0.0078 
 H076.2_2003  4 0.0074 0.9719 0.0116 0.0092 
 H076.2_2004  4 0.0840 0.8665 0.0253 0.0241 
 H076.3_2002  4 0.1800 0.7546 0.0214 0.0439 
 H076.3_2003  4 0.0121 0.9565 0.0197 0.0117 
 H076.3_2004  4 0.0096 0.9664 0.0123 0.0117 
 H076.4_2002  4 0.0370 0.9025 0.0262 0.0343 
 H076.4_2003  4 0.0139 0.9626 0.0138 0.0096 
 H076.4_2004  4 0.2292 0.7090 0.0279 0.0339 
 H076.5_2002  4 0.0084 0.9702 0.0078 0.0136 
 H076.5_2003  4 0.0163 0.8682 0.0911 0.0244 
 H076.5_2004  4 0.0267 0.9173 0.0200 0.0360 
 H076.6_2002  4 0.0071 0.9583 0.0222 0.0124 
 H076.6_2003  4 0.0080 0.9676 0.0143 0.0101 
 H076.6_2004  4 0.0206 0.9563 0.0117 0.0114 
 H076.7_2002  4 0.2966 0.5022 0.0894 0.1118 
 H076.7_2003  4 0.0349 0.9162 0.0219 0.0269 
 H076.7_2004  4 0.0386 0.9329 0.0174 0.0112 
      H477.1  4 0.6207 0.0528 0.0366 0.2900 
      H477.2  4 0.8395 0.0519 0.0203 0.0883 
      H477.3  4 0.7221 0.0151 0.0854 0.1774 
      H477.4  4 0.6277 0.0232 0.2335 0.1156 
      H477.5  4 0.7923 0.0351 0.1344 0.0381 
      H477.6  4 0.8420 0.0266 0.0642 0.0673 
      H477.7  4 0.5563 0.0278 0.3393 0.0766 
 H479.1_2005  4 0.5770 0.0127 0.0221 0.3882 
 H479.1_2006  4 0.6937 0.1272 0.1139 0.0652 
     H479.10  4 0.7664 0.0394 0.0701 0.1241 
 H479.2_2005  4 0.1813 0.1023 0.1884 0.5281 
 H479.2_2006  4 0.8224 0.0123 0.0427 0.1226 
 H479.3_2005  4 0.8121 0.0177 0.0113 0.1589 
 H479.3_2006  4 0.8348 0.0540 0.0112 0.0999 
 H479.4_2005  4 0.9329 0.0128 0.0135 0.0409 
 H479.4_2006  4 0.5496 0.0109 0.0187 0.4208 
 H479.5_2005  4 0.3771 0.0516 0.1485 0.4228 
 H479.5_2006  4 0.8971 0.0166 0.0125 0.0738 
 H479.6_2005  4 0.7852 0.0771 0.0605 0.0772 
 H479.6_2006  4 0.1481 0.0124 0.0199 0.8196 
 H479.7_2005  4 0.4820 0.0256 0.0325 0.4599 
 H479.7_2006  4 0.7691 0.0259 0.0600 0.1450 
 H479.8_2005  4 0.2629 0.0125 0.0146 0.7099 
 H479.8_2006  4 0.7292 0.0370 0.2214 0.0124 
      H479.9  4 0.9572 0.0201 0.0090 0.0136 
      H516.1  4 0.2175 0.6273 0.1308 0.0245 
      H516.2  4 0.7986 0.0341 0.1460 0.0212 
      H516.3  4 0.3855 0.0474 0.5502 0.0169 
      H516.4  4 0.6609 0.0779 0.2443 0.0168 
      H516.5  4 0.5332 0.2163 0.2345 0.0160 
      H516.6  4 0.7852 0.0110 0.1895 0.0143 
      H516.7  4 0.8820 0.0235 0.0302 0.0642 
      H516.8  4 0.4370 0.3718 0.1757 0.0154 
      H516.9  4 0.8506 0.0534 0.0511 0.0450 
      H646.1  4 0.3455 0.6182 0.0128 0.0235 
      H646.2  4 0.2108 0.7687 0.0090 0.0115 
      H646.3  4 0.5404 0.4288 0.0165 0.0142 
      H646.4  4 0.1306 0.8413 0.0151 0.0130 
      H646.5  4 0.4014 0.5652 0.0147 0.0187 
      H658.1  4 0.8115 0.0242 0.1526 0.0117 
     H658.10  4 0.9533 0.0224 0.0133 0.0110 
      H658.2  4 0.7948 0.0919 0.0881 0.0252 
      H658.3  4 0.9403 0.0167 0.0197 0.0232 
      H658.4  4 0.9469 0.0134 0.0131 0.0266 
      H658.5  4 0.9628 0.0113 0.0106 0.0153 
      H658.6  4 0.9515 0.0268 0.0109 0.0109 
      H658.7  4 0.8760 0.0903 0.0154 0.0183 
      H658.8  4 0.8019 0.1282 0.0605 0.0094 
      H658.9  4 0.8749 0.0690 0.0278 0.0282 
      H682.1  4 0.2417 0.1098 0.0600 0.5885 
      H682.6  4 0.1908 0.2661 0.2480 0.2951 
      H720.1  4 0.3534 0.2667 0.0171 0.3628 
      H720.2  4 0.6302 0.2451 0.0161 0.1086 
      H720.3  4 0.2293 0.6020 0.0314 0.1372 
      H720.4  4 0.7363 0.1094 0.0527 0.1017 
      H720.5  4 0.0871 0.7253 0.0814 0.1062 
      H720.6  4 0.1301 0.6623 0.0911 0.1166 
      H720.7  4 0.7567 0.0371 0.0165 0.1898 
      H720.8  4 0.1282 0.4747 0.0180 0.3791 
      H720.9  4 0.0931 0.1738 0.1080 0.6251 
      H724.1  4 0.0163 0.9233 0.0309 0.0295 
      H724.2  4 0.0259 0.8942 0.0302 0.0496 
      H724.3  4 0.5447 0.3446 0.0280 0.0827 
      H724.4  4 0.0501 0.9127 0.0154 0.0217 
      H724.5  4 0.4343 0.3160 0.0204 0.2294 
      H724.6  4 0.0193 0.8934 0.0579 0.0294 
      H725.1  4 0.0975 0.1465 0.1056 0.6504 
      H725.2  4 0.5246 0.0835 0.1666 0.2253 
      H725.3  4 0.5743 0.0415 0.2913 0.0929 
      H725.4  4 0.0368 0.0536 0.3043 0.6053 
      H725.5  4 0.4498 0.0316 0.0312 0.4874 
      H725.6  4 0.7024 0.0748 0.1927 0.0301 
      H725.7  4 0.3683 0.1795 0.3368 0.1154 
      H725.8  4 0.6247 0.0377 0.3070 0.0306 
      H726.1  4 0.9035 0.0522 0.0347 0.0096 
      H726.2  4 0.9475 0.0207 0.0124 0.0194 
      H726.3  4 0.7190 0.1842 0.0804 0.0164 
      H726.4  4 0.9284 0.0140 0.0453 0.0122 
      H726.5  4 0.9492 0.0256 0.0139 0.0113 
        UNK1  4 0.8101 0.0706 0.0302 0.0891 
        UNK2  4 0.3153 0.2303 0.1223 0.3322 
        UNK3  4 0.6681 0.1968 0.0236 0.1115 
      H016.1  5 0.2207 0.0742 0.6572 0.0478 
      H016.2  5 0.0474 0.0257 0.8628 0.0641 
      H016.3  5 0.3738 0.3140 0.2884 0.0238 
      H016.4  5 0.0364 0.0190 0.8753 0.0692 
 H017.1_2002  5 0.1099 0.8439 0.0288 0.0174 
 H017.1_2003  5 0.7931 0.0208 0.1440 0.0421 
 H017.2_2002  5 0.0301 0.9230 0.0302 0.0166 
 H017.2_2003  5 0.9622 0.0169 0.0073 0.0136 
 H017.3_2002  5 0.3186 0.3276 0.3133 0.0406 
 H017.3_2003  5 0.0543 0.7016 0.2181 0.0261 
 H017.4_2002  5 0.0219 0.5990 0.3148 0.0642 
 H017.4_2003  5 0.8542 0.0360 0.0944 0.0154 
 H017.5_2002  5 0.0197 0.0272 0.9404 0.0126 
 H017.5_2003  5 0.7684 0.0645 0.1517 0.0154 
 H017.6_2002  5 0.0106 0.9196 0.0357 0.0341 
 H017.6_2003  5 0.7135 0.2320 0.0253 0.0293 
 H017.7_2002  5 0.0206 0.8258 0.1031 0.0505 
 H017.7_2003  5 0.9348 0.0179 0.0332 0.0142 
      H017.8  5 0.0758 0.6550 0.2511 0.0180 
      H017.9  5 0.0592 0.7935 0.1099 0.0374 
      H032.1  5 0.9522 0.0189 0.0181 0.0108 
      H032.2  5 0.9647 0.0092 0.0161 0.0100 
      H032.3  5 0.9198 0.0142 0.0352 0.0307 
      H032.4  5 0.8923 0.0221 0.0699 0.0158 
      H032.5  5 0.9519 0.0157 0.0173 0.0151 
      H032.6  5 0.9445 0.0284 0.0171 0.0101 
      H032.7  5 0.9174 0.0311 0.0313 0.0202 
 H034.1_2002  5 0.0206 0.9370 0.0254 0.0171 
 H034.1_2003  5 0.0627 0.7433 0.1449 0.0491 
 H034.2_2002  5 0.0398 0.5079 0.4190 0.0332 
 H034.2_2003  5 0.0674 0.7412 0.1084 0.0830 
 H034.3_2002  5 0.0722 0.8177 0.0829 0.0272 
 H034.3_2003  5 0.0399 0.8456 0.0709 0.0435 
 H034.4_2002  5 0.0152 0.8475 0.0921 0.0452 
 H034.4_2003  5 0.1206 0.2004 0.6617 0.0173 
 H034.5_2002  5 0.0572 0.8791 0.0536 0.0101 
 H034.5_2003  5 0.2024 0.3564 0.4114 0.0298 
 H034.6_2002  5 0.0144 0.7730 0.1960 0.0166 
 H034.6_2003  5 0.0901 0.0660 0.8321 0.0119 
 H034.7_2002  5 0.0604 0.8658 0.0526 0.0212 
 H034.7_2003  5 0.1326 0.0948 0.7532 0.0194 
 H034.8_2002  5 0.0141 0.9114 0.0615 0.0130 
 H034.8_2003  5 0.0545 0.3721 0.5593 0.0141 
      H034.9  5 0.1428 0.7048 0.0665 0.0859 
      H048.1  5 0.9244 0.0132 0.0256 0.0368 
      H048.2  5 0.2765 0.1866 0.1039 0.4330 
      H048.3  5 0.2336 0.6632 0.0373 0.0659 
      H048.4  5 0.1383 0.5986 0.0735 0.1897 
      H048.5  5 0.9340 0.0147 0.0105 0.0408 
      H048.6  5 0.1142 0.6870 0.0390 0.1599 
      H048.7  5 0.8404 0.0236 0.0433 0.0927 
      H048.8  5 0.4405 0.3430 0.1338 0.0828 
      H060.1  5 0.0142 0.0237 0.9451 0.0170 
     H060.10  5 0.0082 0.0180 0.9640 0.0098 
      H060.2  5 0.0205 0.0323 0.9311 0.0161 
      H060.3  5 0.0109 0.0246 0.9523 0.0121 
      H060.4  5 0.0178 0.0280 0.9420 0.0122 
      H060.5  5 0.0225 0.0211 0.9376 0.0189 
      H060.6  5 0.0213 0.0190 0.9440 0.0157 
      H060.7  5 0.0217 0.3534 0.5950 0.0299 
      H060.8  5 0.0177 0.0602 0.8982 0.0239 
      H060.9  5 0.0193 0.0193 0.9509 0.0105 
 H070.1_2002  5 0.0674 0.0840 0.6431 0.2055 
 H070.1_2003  5 0.0244 0.0487 0.8766 0.0503 
 H070.1_2004  5 0.0187 0.5904 0.3744 0.0165 
 H070.2_2002  5 0.0305 0.1667 0.7309 0.0718 
 H070.2_2003  5 0.1020 0.1482 0.6394 0.1104 
 H070.2_2004  5 0.0314 0.8032 0.1527 0.0127 
 H070.3_2002  5 0.0231 0.0598 0.8828 0.0342 
 H070.3_2003  5 0.1055 0.0477 0.8327 0.0141 
 H070.3_2004  5 0.0566 0.2108 0.7029 0.0298 
 H070.4_2002  5 0.1292 0.6953 0.1371 0.0384 
 H070.4_2003  5 0.0429 0.0274 0.9080 0.0216 
 H070.4_2004  5 0.0390 0.2741 0.6189 0.0680 
 H070.5_2002  5 0.0268 0.0118 0.9028 0.0585 
 H070.5_2003  5 0.0477 0.0283 0.9117 0.0123 
 H070.5_2004  5 0.0289 0.5271 0.4296 0.0144 
 H070.6_2002  5 0.4243 0.0464 0.3975 0.1319 
 H070.6_2003  5 0.0688 0.5292 0.3799 0.0221 
 H070.6_2004  5 0.0549 0.4691 0.4064 0.0696 
      H077.1  5 0.1486 0.4340 0.4010 0.0164 
      H077.2  5 0.3516 0.0549 0.5603 0.0332 
      H077.3  5 0.1649 0.7499 0.0650 0.0201 
      H077.4  5 0.2877 0.3629 0.3279 0.0215 
      H077.5  5 0.2719 0.1454 0.5668 0.0159 
      H077.6  5 0.0716 0.0291 0.8870 0.0124 
      H097.1  5 0.0238 0.8242 0.0880 0.0640 
      H097.2  5 0.0443 0.8157 0.0361 0.1039 
      H097.3  5 0.0391 0.9104 0.0268 0.0236 
      H097.4  5 0.0245 0.8910 0.0290 0.0555 
      H097.5  5 0.0374 0.9015 0.0393 0.0219 
      H097.6  5 0.0219 0.8228 0.0315 0.1238 
      H097.7  5 0.0213 0.8697 0.0507 0.0584 
      H124.1  5 0.2331 0.0953 0.3951 0.2765 
      H124.2  5 0.0573 0.0158 0.8911 0.0358 
      H124.3  5 0.0989 0.0352 0.5607 0.3052 
      H124.4  5 0.0711 0.0563 0.7637 0.1088 
      H124.5  5 0.0613 0.0150 0.8809 0.0428 
      H132.1  5 0.0558 0.3632 0.5126 0.0684 
      H132.2  5 0.1662 0.3655 0.3589 0.1094 
      H132.3  5 0.0281 0.0697 0.8840 0.0181 
      H132.4  5 0.1024 0.3849 0.4490 0.0636 
      H132.5  5 0.0579 0.1789 0.7277 0.0355 
      H132.6  5 0.0808 0.2100 0.6421 0.0671 
      H132.7  5 0.0562 0.0339 0.2087 0.7012 
      H155.1  5 0.0491 0.0295 0.1338 0.7876 
      H155.2  5 0.0635 0.0590 0.1329 0.7446 
      H155.3  5 0.0339 0.0138 0.0254 0.9269 
      H155.4  5 0.0133 0.0184 0.0449 0.9235 
      H155.5  5 0.1614 0.0291 0.0418 0.7677 
      H155.6  5 0.0491 0.0259 0.0818 0.8432 
      H155.7  5 0.1306 0.0802 0.1693 0.6200 
      H155.8  5 0.0181 0.0228 0.0979 0.8613 
      H155.9  5 0.4716 0.0243 0.0328 0.4714 
      H169.1  5 0.6428 0.0990 0.2375 0.0206 
      H169.2  5 0.3697 0.3857 0.2228 0.0217 
      H169.3  5 0.2184 0.7155 0.0450 0.0211 
      H169.4  5 0.1929 0.0783 0.7040 0.0247 
      H169.5  5 0.3299 0.3231 0.3141 0.0329 
      H169.6  5 0.3615 0.1226 0.4732 0.0428 
      H457.1  5 0.0461 0.0729 0.0174 0.8636 
      H457.2  5 0.0161 0.0158 0.0106 0.9576 
      H457.3  5 0.0361 0.0349 0.0206 0.9085 
      H457.4  5 0.0673 0.0797 0.0142 0.8387 
      H457.5  5 0.3367 0.0592 0.0748 0.5292 
      H457.6  5 0.1753 0.0742 0.0402 0.7103 
      H457.7  5 0.0734 0.2429 0.3263 0.3574 
      H457.8  5 0.1656 0.0275 0.0430 0.7639 
      H462.1  5 0.1269 0.0548 0.7031 0.1152 
      H462.2  5 0.0479 0.2036 0.5833 0.1651 
      H462.3  5 0.3857 0.0451 0.2949 0.2744 
      H462.4  5 0.0681 0.3621 0.4792 0.0906 
      H462.5  5 0.0680 0.5102 0.3328 0.0890 
      H462.6  5 0.1634 0.1765 0.5362 0.1239 
      H462.7  5 0.4505 0.0602 0.1671 0.3223 
      H462.8  5 0.0424 0.2657 0.6685 0.0233 
      H462.9  5 0.2217 0.0674 0.5138 0.1971 
      H481.1  5 0.2052 0.6183 0.1624 0.0141 
      H481.2  5 0.0375 0.1227 0.8172 0.0226 
      H481.3  5 0.0295 0.0472 0.9122 0.0110 
      H481.4  5 0.0199 0.0410 0.9238 0.0153 
      H481.5  5 0.0811 0.2021 0.6914 0.0254 
      H481.6  5 0.0474 0.2401 0.6212 0.0913 
      H481.7  5 0.0251 0.1731 0.7691 0.0326 
      H481.8  5 0.0552 0.7116 0.1144 0.1188 
      H509.1  5 0.7711 0.0970 0.0434 0.0885 
      H509.2  5 0.7128 0.1214 0.0276 0.1381 
      H509.3  5 0.8521 0.0377 0.0192 0.0910 
      H509.4  5 0.5118 0.1145 0.0163 0.3574 
      H509.5  5 0.3318 0.0515 0.0325 0.5841 
      H509.6  5 0.4815 0.2064 0.0301 0.2820 
      H509.7  5 0.7874 0.0497 0.0109 0.1521 
      H567.1  5 0.9022 0.0206 0.0198 0.0574 
      H567.2  5 0.1836 0.2906 0.1324 0.3934 
      H567.3  5 0.4571 0.2144 0.1245 0.2040 
      H567.4  5 0.0863 0.0350 0.0226 0.8560 
      H567.5  5 0.9156 0.0155 0.0130 0.0560 
      H567.6  5 0.8516 0.0213 0.0453 0.0818 
      H567.7  5 0.3040 0.0975 0.1650 0.4334 
      H567.8  5 0.5588 0.0479 0.2478 0.1454 
      H608.1  5 0.1134 0.4114 0.2588 0.2164 
      H608.2  5 0.2131 0.1997 0.3475 0.2396 
      H608.3  5 0.3000 0.0657 0.3311 0.3033 
      H608.4  5 0.2620 0.0687 0.5811 0.0882 
      H608.5  5 0.5864 0.0350 0.1176 0.2611 
      H608.6  5 0.1840 0.0799 0.7067 0.0294 
      H608.7  5 0.3647 0.1263 0.1349 0.3741 
      H608.8  5 0.3517 0.0533 0.5003 0.0947 
      H615.1  5 0.0171 0.0174 0.9539 0.0116 
      H615.2  5 0.0498 0.0255 0.8945 0.0302 
      H615.3  5 0.0681 0.7843 0.1172 0.0304 
      H615.4  5 0.1560 0.2791 0.4736 0.0913 
      H615.5  5 0.2142 0.3369 0.4288 0.0201 
      H615.6  5 0.0179 0.4994 0.4655 0.0172 
      H635.1  5 0.1582 0.7238 0.0605 0.0575 
      H635.2  5 0.2507 0.2369 0.1439 0.3685 
      H635.3  5 0.1821 0.2585 0.0442 0.5152 
      H635.4  5 0.0747 0.1670 0.0806 0.6776 
      H635.5  5 0.1565 0.7176 0.0401 0.0858 
      H635.6  5 0.0318 0.9046 0.0413 0.0223 
      H635.7  5 0.3462 0.4683 0.0558 0.1297 
