      H105.1  1 0.0639 0.3405 0.2331 0.1249 0.0320 0.0368 0.0108 0.0204 0.0837 0.0141 0.0397 
      H105.2  1 0.0342 0.0414 0.0270 0.0150 0.1802 0.1496 0.0183 0.0284 0.3760 0.0906 0.0394 
      H105.3  1 0.0223 0.2661 0.0604 0.1151 0.0705 0.0479 0.0115 0.0242 0.3090 0.0525 0.0206 
      H105.4  1 0.2446 0.0440 0.0180 0.0159 0.0903 0.0662 0.0126 0.0237 0.2367 0.1778 0.0703 
      H105.5  1 0.1357 0.2575 0.1605 0.0132 0.0628 0.0275 0.0116 0.0930 0.0427 0.1543 0.0412 
      H105.6  1 0.1036 0.0805 0.0097 0.0697 0.0165 0.0300 0.0132 0.0308 0.4719 0.1515 0.0227 
      H105.7  1 0.0915 0.0661 0.1218 0.2597 0.0181 0.0130 0.0069 0.0193 0.0892 0.0162 0.2982 
      H105.8  1 0.0354 0.0772 0.0153 0.2168 0.1103 0.1500 0.0223 0.0143 0.2724 0.0719 0.0142 
      H115.1  1 0.0083 0.0388 0.0119 0.0263 0.0138 0.0096 0.0104 0.8257 0.0334 0.0118 0.0101 
      H115.2  1 0.0065 0.0103 0.0104 0.0069 0.0067 0.0096 0.0116 0.9118 0.0092 0.0098 0.0073 
      H115.3  1 0.0080 0.0097 0.0168 0.0066 0.0101 0.0081 0.0074 0.8904 0.0084 0.0281 0.0064 
      H115.4  1 0.0209 0.0791 0.1013 0.0125 0.0398 0.0392 0.0130 0.6477 0.0194 0.0143 0.0129 
      H115.5  1 0.0223 0.0230 0.0328 0.0195 0.1476 0.0114 0.0484 0.6422 0.0233 0.0174 0.0121 
      H115.6  1 0.0122 0.0149 0.0272 0.0095 0.0215 0.0083 0.0147 0.7924 0.0169 0.0534 0.0289 
      H115.7  1 0.0120 0.0174 0.0254 0.0066 0.0489 0.0096 0.0072 0.7354 0.0803 0.0309 0.0264 
      H115.8  1 0.0085 0.0125 0.0146 0.0221 0.0193 0.0083 0.0516 0.8313 0.0105 0.0113 0.0101 
      H115.9  1 0.0097 0.0098 0.0096 0.0260 0.0068 0.0060 0.0079 0.8909 0.0111 0.0138 0.0085 
      H145.1  1 0.8734 0.0104 0.0071 0.0071 0.0045 0.0087 0.0356 0.0096 0.0118 0.0272 0.0047 
      H145.2  1 0.8624 0.0223 0.0087 0.0070 0.0042 0.0078 0.0393 0.0073 0.0105 0.0232 0.0073 
      H145.3  1 0.8205 0.0056 0.0056 0.0200 0.0222 0.0054 0.0741 0.0099 0.0121 0.0151 0.0094 
      H145.4  1 0.9053 0.0118 0.0069 0.0056 0.0054 0.0059 0.0219 0.0055 0.0145 0.0119 0.0053 
      H145.5  1 0.5970 0.0163 0.0075 0.0075 0.0187 0.0091 0.2957 0.0069 0.0136 0.0220 0.0058 
      H145.6  1 0.8976 0.0106 0.0067 0.0060 0.0104 0.0089 0.0248 0.0064 0.0099 0.0116 0.0072 
      H145.7  1 0.9189 0.0099 0.0073 0.0065 0.0145 0.0071 0.0075 0.0052 0.0070 0.0101 0.0061 
      H149.1  1 0.0085 0.9292 0.0067 0.0069 0.0066 0.0055 0.0076 0.0079 0.0080 0.0067 0.0065 
      H149.2  1 0.0145 0.9066 0.0185 0.0054 0.0071 0.0051 0.0051 0.0077 0.0095 0.0099 0.0108 
      H149.3  1 0.0338 0.7842 0.0449 0.0114 0.0173 0.0146 0.0083 0.0136 0.0288 0.0214 0.0216 
      H149.4  1 0.0094 0.8866 0.0111 0.0084 0.0104 0.0173 0.0096 0.0072 0.0143 0.0108 0.0150 
      H149.5  1 0.0341 0.7791 0.0677 0.0093 0.0090 0.0147 0.0052 0.0051 0.0213 0.0089 0.0457 
      H149.6  1 0.0130 0.9093 0.0159 0.0047 0.0067 0.0067 0.0057 0.0046 0.0143 0.0069 0.0123 
      H149.7  1 0.0251 0.6831 0.0398 0.0158 0.0129 0.0543 0.0124 0.0066 0.0312 0.0134 0.1055 
      H150.1  1 0.0080 0.0038 0.0068 0.0089 0.0053 0.0054 0.0098 0.9270 0.0088 0.0107 0.0054 
      H150.2  1 0.0053 0.0107 0.0091 0.0054 0.0084 0.0064 0.0111 0.9172 0.0096 0.0083 0.0085 
      H150.3  1 0.0103 0.0065 0.0073 0.0131 0.0142 0.0086 0.0092 0.8651 0.0394 0.0111 0.0152 
      H150.4  1 0.0106 0.0040 0.0071 0.0090 0.0088 0.0043 0.0123 0.9134 0.0146 0.0081 0.0077 
      H150.5  1 0.0114 0.0076 0.0187 0.0069 0.0121 0.0104 0.0067 0.8756 0.0201 0.0165 0.0139 
      H150.6  1 0.0056 0.0121 0.0552 0.0047 0.0435 0.0277 0.0137 0.7892 0.0140 0.0188 0.0154 
      H150.7  1 0.0078 0.0045 0.0053 0.0097 0.0058 0.0059 0.0109 0.9191 0.0103 0.0148 0.0059 
   H169607.1  1 0.0664 0.0180 0.0171 0.0340 0.0352 0.2760 0.0364 0.1257 0.0543 0.2436 0.0934 
   H169607.2  1 0.4848 0.0100 0.0166 0.0784 0.0097 0.1599 0.0059 0.0950 0.0239 0.0956 0.0201 
   H169607.3  1 0.3186 0.0180 0.0531 0.0442 0.0437 0.0764 0.0177 0.0364 0.0237 0.2219 0.1463 
   H169607.4  1 0.1950 0.0089 0.0085 0.0109 0.0069 0.0222 0.0088 0.0136 0.0085 0.7044 0.0122 
   H169607.5  1 0.3067 0.0476 0.0921 0.0816 0.0119 0.0950 0.0152 0.2241 0.0134 0.0893 0.0233 
   H169607.6  1 0.6238 0.0098 0.0131 0.0419 0.0156 0.1527 0.0059 0.0292 0.0100 0.0825 0.0154 
   H169607.7  1 0.1560 0.0187 0.0210 0.0757 0.0210 0.5268 0.0091 0.1153 0.0157 0.0226 0.0180 
   H169607.8  1 0.4093 0.0097 0.0094 0.0400 0.0106 0.0470 0.0053 0.0190 0.0103 0.4156 0.0237 
   H169633.1  1 0.0405 0.6326 0.0274 0.0140 0.0919 0.0182 0.0575 0.0287 0.0523 0.0216 0.0152 
   H169633.2  1 0.0109 0.8267 0.0090 0.0148 0.0341 0.0231 0.0165 0.0135 0.0233 0.0084 0.0198 
   H169633.3  1 0.0112 0.8268 0.0344 0.0296 0.0155 0.0097 0.0136 0.0115 0.0330 0.0070 0.0077 
   H169633.4  1 0.0184 0.7596 0.0372 0.0101 0.0347 0.0101 0.0412 0.0181 0.0218 0.0424 0.0065 
   H169633.5  1 0.0183 0.7690 0.0429 0.0090 0.0287 0.0108 0.0474 0.0150 0.0182 0.0347 0.0059 
   H169688.1  1 0.2721 0.0305 0.0072 0.0139 0.2026 0.1180 0.0064 0.0231 0.0108 0.0189 0.2965 
   H169688.2  1 0.0295 0.0120 0.0110 0.0119 0.0606 0.3829 0.0293 0.0347 0.0077 0.0070 0.4134 
   H169688.3  1 0.0532 0.0142 0.0094 0.0058 0.0213 0.6046 0.0080 0.0714 0.0103 0.0090 0.1928 
   H169688.4  1 0.0166 0.0086 0.0086 0.0079 0.0271 0.0630 0.0149 0.8020 0.0057 0.0109 0.0346 
   H169688.5  1 0.0165 0.0078 0.0129 0.0071 0.0252 0.0699 0.0161 0.7945 0.0062 0.0154 0.0284 
   H169688.6  1 0.0835 0.0294 0.0159 0.0118 0.0399 0.5417 0.0591 0.0451 0.0055 0.0108 0.1574 
   H169688.7  1 0.0931 0.0157 0.0102 0.0106 0.0295 0.6346 0.0146 0.0911 0.0094 0.0103 0.0809 
   H171901.1  1 0.0723 0.0159 0.0190 0.0109 0.0465 0.0339 0.0916 0.0663 0.2366 0.1306 0.2764 
   H171901.2  1 0.0757 0.5560 0.0257 0.0237 0.0212 0.0319 0.0156 0.1319 0.0227 0.0830 0.0126 
   H171901.3  1 0.0128 0.6374 0.0224 0.0109 0.0391 0.0406 0.0103 0.0461 0.0160 0.0949 0.0696 
   H171901.4  1 0.0137 0.7546 0.0180 0.0151 0.0234 0.0275 0.0080 0.0502 0.0120 0.0534 0.0240 
   H171901.5  1 0.0149 0.5994 0.0210 0.0125 0.0082 0.0409 0.0095 0.0225 0.0100 0.2342 0.0269 
   H171901.6  1 0.0367 0.4171 0.0177 0.0130 0.0081 0.0486 0.0065 0.0438 0.0132 0.3632 0.0320 
   H171901.7  1 0.0196 0.6805 0.0264 0.0226 0.0134 0.0949 0.0095 0.0550 0.0106 0.0369 0.0306 
   H171902.1  1 0.0166 0.0148 0.0057 0.0152 0.0121 0.0478 0.0635 0.0310 0.0059 0.7732 0.0141 
  H171902.10  1 0.0141 0.0197 0.0066 0.0058 0.0112 0.1164 0.0131 0.0101 0.0065 0.7904 0.0061 
   H171902.2  1 0.0141 0.0255 0.0130 0.0753 0.3062 0.1083 0.0492 0.0499 0.0165 0.2574 0.0845 
   H171902.3  1 0.0204 0.0577 0.0105 0.0138 0.0222 0.3915 0.0139 0.0457 0.0123 0.3914 0.0206 
   H171902.4  1 0.0169 0.0359 0.0086 0.0125 0.0136 0.0138 0.0431 0.0186 0.0170 0.8106 0.0095 
   H171902.6  1 0.0115 0.0177 0.0061 0.0050 0.0086 0.0471 0.0142 0.0093 0.0076 0.8663 0.0065 
   H171902.7  1 0.0116 0.0196 0.0064 0.0046 0.0039 0.0271 0.0299 0.0115 0.0060 0.8721 0.0074 
   H171902.8  1 0.0138 0.0282 0.0114 0.0085 0.0152 0.1256 0.0218 0.0193 0.0089 0.7350 0.0123 
   H171902.9  1 0.0181 0.0092 0.0064 0.0133 0.0107 0.0179 0.0519 0.0854 0.0182 0.7586 0.0103 
   H171903.1  1 0.6372 0.0225 0.0255 0.0225 0.0090 0.0222 0.0062 0.2067 0.0105 0.0182 0.0193 
   H171903.2  1 0.4895 0.0411 0.0694 0.1109 0.0102 0.0356 0.0185 0.1227 0.0094 0.0496 0.0432 
   H171903.3  1 0.0808 0.3041 0.2802 0.0399 0.0117 0.0423 0.0258 0.0909 0.0181 0.0582 0.0481 
   H171903.4  1 0.1089 0.0121 0.0158 0.0076 0.0179 0.0277 0.0097 0.0523 0.0208 0.2369 0.4904 
   H171903.5  1 0.0393 0.2081 0.2540 0.0428 0.0148 0.0824 0.0185 0.2561 0.0121 0.0163 0.0557 
   H171903.6  1 0.1354 0.0712 0.1067 0.0144 0.0149 0.2185 0.0057 0.2776 0.0081 0.0782 0.0693 
      H177.1  1 0.0652 0.3575 0.0127 0.0114 0.0095 0.0688 0.0263 0.0358 0.0078 0.0750 0.3301 
      H177.2  1 0.0858 0.2590 0.0685 0.1191 0.0403 0.1976 0.0275 0.0242 0.0119 0.1438 0.0224 
      H177.3  1 0.0742 0.4183 0.0304 0.0123 0.0091 0.1727 0.0223 0.0318 0.0135 0.1974 0.0179 
      H177.4  1 0.0688 0.4559 0.0286 0.0120 0.0083 0.0377 0.0153 0.0089 0.0083 0.0425 0.3135 
      H177.5  1 0.0307 0.0235 0.0658 0.0210 0.0138 0.0348 0.0093 0.0208 0.0075 0.0185 0.7543 
      H177.6  1 0.0292 0.5245 0.0362 0.0152 0.0073 0.0964 0.0336 0.0254 0.0096 0.2034 0.0193 
      H179.1  1 0.0072 0.2137 0.0271 0.0276 0.0359 0.3792 0.0073 0.0173 0.0281 0.0528 0.2040 
      H179.2  1 0.0088 0.2273 0.0547 0.0414 0.0140 0.5117 0.0080 0.0386 0.0177 0.0190 0.0589 
      H179.3  1 0.0155 0.0318 0.0367 0.0737 0.0367 0.4312 0.0083 0.0361 0.0156 0.0260 0.2883 
      H179.4  1 0.0236 0.6845 0.0186 0.0431 0.0225 0.1208 0.0068 0.0088 0.0117 0.0141 0.0454 
      H180.1  1 0.0073 0.0168 0.0174 0.0069 0.0433 0.0119 0.0213 0.8412 0.0080 0.0117 0.0143 
      H180.2  1 0.0057 0.0125 0.0099 0.0051 0.0469 0.0094 0.0125 0.8643 0.0078 0.0109 0.0149 
      H180.3  1 0.0098 0.0137 0.0119 0.0115 0.0073 0.0060 0.0096 0.9071 0.0095 0.0064 0.0073 
      H180.4  1 0.0087 0.0171 0.0586 0.0131 0.0545 0.0182 0.0273 0.7368 0.0280 0.0128 0.0248 
      H180.5  1 0.0092 0.0186 0.0532 0.0168 0.0457 0.0220 0.0222 0.7646 0.0092 0.0099 0.0286 
      H180.6  1 0.0243 0.0142 0.0302 0.1959 0.0321 0.0127 0.0511 0.6027 0.0141 0.0134 0.0094 
      H181.1  1 0.0276 0.3676 0.1388 0.0088 0.3504 0.0221 0.0174 0.0174 0.0058 0.0304 0.0137 
      H181.2  1 0.0599 0.4050 0.0350 0.0099 0.3075 0.0493 0.0197 0.0215 0.0094 0.0414 0.0415 
      H181.3  1 0.0312 0.0885 0.0173 0.0084 0.6676 0.0570 0.0208 0.0087 0.0071 0.0552 0.0382 
      H181.4  1 0.0674 0.2053 0.2788 0.0196 0.1700 0.0622 0.0059 0.0961 0.0183 0.0337 0.0426 
      H181.5  1 0.0121 0.1391 0.0303 0.0120 0.5561 0.0535 0.0143 0.0153 0.0190 0.0300 0.1183 
      H181.6  1 0.0198 0.5385 0.0616 0.0305 0.0749 0.0628 0.0114 0.0640 0.0170 0.0619 0.0575 
      H181.7  1 0.0276 0.2645 0.0272 0.0380 0.2945 0.2455 0.0130 0.0219 0.0106 0.0291 0.0282 
 H194.1_2004  1 0.7722 0.0218 0.0285 0.0171 0.0057 0.0136 0.0116 0.0918 0.0125 0.0125 0.0127 
 H194.2_2004  1 0.7499 0.0107 0.0191 0.0059 0.0071 0.0084 0.0167 0.0196 0.0140 0.0152 0.1336 
 H194.3_2004  1 0.6026 0.2665 0.0121 0.0137 0.0055 0.0138 0.0130 0.0092 0.0176 0.0237 0.0221 
 H194.4_2004  1 0.7384 0.0497 0.0061 0.0088 0.0074 0.0079 0.0228 0.0079 0.0084 0.0184 0.1240 
 H194.5_2004  1 0.5754 0.2571 0.0236 0.0246 0.0079 0.0161 0.0073 0.0151 0.0157 0.0241 0.0330 
 H194.6_2004  1 0.1622 0.3856 0.0127 0.0275 0.0099 0.0122 0.0107 0.0203 0.0168 0.0400 0.3022 
 H194.7_2004  1 0.8545 0.0104 0.0134 0.0399 0.0090 0.0113 0.0084 0.0157 0.0124 0.0065 0.0186 
 H194.8_2004  1 0.4692 0.1050 0.0188 0.0140 0.0149 0.0188 0.0102 0.0180 0.0185 0.0252 0.2874 
      H194.9  1 0.8198 0.0150 0.0156 0.0423 0.0109 0.0117 0.0128 0.0226 0.0208 0.0096 0.0189 
 H195.1_2003  1 0.6102 0.0935 0.0219 0.0195 0.0183 0.0468 0.0062 0.0136 0.0388 0.0525 0.0788 
 H195.1_2004  1 0.7585 0.0227 0.0166 0.0072 0.0363 0.0481 0.0400 0.0081 0.0273 0.0260 0.0090 
 H195.2_2003  1 0.8788 0.0117 0.0069 0.0231 0.0071 0.0140 0.0080 0.0201 0.0053 0.0133 0.0116 
 H195.2_2004  1 0.8952 0.0113 0.0103 0.0103 0.0126 0.0096 0.0190 0.0087 0.0081 0.0065 0.0084 
 H195.3_2003  1 0.7626 0.0091 0.0130 0.0185 0.0127 0.0301 0.0103 0.0719 0.0171 0.0186 0.0362 
 H195.3_2004  1 0.8915 0.0318 0.0077 0.0053 0.0105 0.0086 0.0118 0.0050 0.0114 0.0094 0.0069 
 H195.4_2003  1 0.8436 0.0367 0.0141 0.0101 0.0064 0.0114 0.0054 0.0094 0.0210 0.0229 0.0191 
 H195.4_2004  1 0.9141 0.0068 0.0075 0.0099 0.0223 0.0063 0.0057 0.0041 0.0065 0.0064 0.0103 
 H195.5_2003  1 0.4789 0.0728 0.0318 0.0134 0.0589 0.0542 0.0080 0.0253 0.0829 0.1140 0.0598 
 H195.5_2004  1 0.8641 0.0145 0.0099 0.0073 0.0291 0.0139 0.0235 0.0071 0.0158 0.0100 0.0048 
 H195.6_2003  1 0.9061 0.0072 0.0068 0.0080 0.0118 0.0083 0.0084 0.0159 0.0081 0.0126 0.0069 
 H195.6_2004  1 0.9176 0.0142 0.0043 0.0072 0.0081 0.0073 0.0124 0.0039 0.0110 0.0083 0.0056 
 H195.7_2003  1 0.6837 0.0222 0.0114 0.0186 0.0128 0.0457 0.0049 0.0099 0.0115 0.0123 0.1671 
 H195.7_2004  1 0.7221 0.0096 0.0153 0.0054 0.0337 0.0258 0.1361 0.0143 0.0185 0.0134 0.0060 
      H195.8  1 0.8498 0.0063 0.0119 0.0067 0.0612 0.0137 0.0118 0.0092 0.0125 0.0097 0.0072 
      H195.9  1 0.9161 0.0132 0.0073 0.0084 0.0083 0.0097 0.0065 0.0056 0.0081 0.0069 0.0099 
      H415.1  1 0.0247 0.5047 0.0115 0.0449 0.0098 0.0095 0.0704 0.2342 0.0448 0.0152 0.0302 
      H415.2  1 0.0181 0.2701 0.0156 0.0108 0.0054 0.0226 0.0279 0.1051 0.0158 0.4826 0.0260 
      H415.3  1 0.0055 0.8676 0.0157 0.0096 0.0042 0.0188 0.0071 0.0211 0.0221 0.0125 0.0159 
      H415.4  1 0.0121 0.6601 0.0168 0.0286 0.0085 0.0070 0.0215 0.1682 0.0445 0.0159 0.0167 
      H415.5  1 0.0064 0.9092 0.0148 0.0057 0.0042 0.0088 0.0089 0.0134 0.0125 0.0070 0.0091 
      H415.6  1 0.0107 0.6210 0.0204 0.0316 0.0067 0.0065 0.0264 0.1557 0.0873 0.0181 0.0156 
      H415.7  1 0.0181 0.3070 0.0218 0.0147 0.0067 0.0887 0.0232 0.0201 0.0198 0.4525 0.0273 
      H506.1  1 0.0058 0.8805 0.0114 0.0141 0.0222 0.0172 0.0128 0.0054 0.0112 0.0067 0.0126 
      H506.2  1 0.0131 0.8648 0.0177 0.0121 0.0135 0.0237 0.0074 0.0059 0.0110 0.0158 0.0150 
      H506.3  1 0.0093 0.5439 0.0260 0.0261 0.0711 0.0738 0.1318 0.0116 0.0163 0.0172 0.0727 
      H506.4  1 0.0098 0.7359 0.0242 0.0214 0.0311 0.0515 0.0328 0.0103 0.0126 0.0189 0.0514 
      H506.5  1 0.0114 0.8637 0.0106 0.0147 0.0145 0.0189 0.0123 0.0055 0.0109 0.0186 0.0189 
      H506.6  1 0.0318 0.1451 0.0807 0.0232 0.0365 0.3030 0.0830 0.0114 0.0097 0.2020 0.0738 
      H506.7  1 0.0125 0.8649 0.0095 0.0184 0.0219 0.0152 0.0117 0.0058 0.0092 0.0148 0.0159 
      H533.1  1 0.0050 0.7744 0.0141 0.0074 0.0254 0.1296 0.0191 0.0052 0.0055 0.0085 0.0057 
      H533.2  1 0.0046 0.8421 0.0092 0.0065 0.0229 0.0614 0.0277 0.0057 0.0052 0.0086 0.0061 
      H533.3  1 0.0070 0.6904 0.0328 0.0196 0.0167 0.1858 0.0099 0.0088 0.0070 0.0141 0.0081 
      H533.4  1 0.0129 0.7096 0.0192 0.0106 0.0296 0.1498 0.0144 0.0111 0.0081 0.0217 0.0129 
      H535.1  1 0.0359 0.7561 0.0188 0.0142 0.0082 0.0388 0.0064 0.0326 0.0122 0.0474 0.0294 
      H535.2  1 0.0767 0.6363 0.0321 0.0670 0.1043 0.0310 0.0040 0.0065 0.0074 0.0097 0.0249 
      H535.3  1 0.0569 0.5297 0.0311 0.0593 0.2174 0.0206 0.0078 0.0120 0.0091 0.0356 0.0205 
      H535.4  1 0.0081 0.9248 0.0096 0.0066 0.0140 0.0062 0.0046 0.0064 0.0085 0.0067 0.0046 
      H535.5  1 0.0185 0.8980 0.0091 0.0081 0.0066 0.0158 0.0046 0.0111 0.0075 0.0054 0.0153 
      H535.6  1 0.1499 0.3820 0.0273 0.0246 0.0274 0.0701 0.0054 0.0308 0.0201 0.0539 0.2084 
      H535.7  1 0.0127 0.9029 0.0092 0.0119 0.0076 0.0126 0.0078 0.0098 0.0071 0.0059 0.0124 
      H535.8  1 0.0427 0.7426 0.0079 0.0187 0.0378 0.0280 0.0066 0.0123 0.0077 0.0117 0.0839 
      H535.9  1 0.0240 0.7684 0.0199 0.0168 0.0218 0.0190 0.0111 0.0420 0.0159 0.0501 0.0109 
      H539.1  1 0.0079 0.0040 0.0045 0.0074 0.0042 0.0045 0.0081 0.9387 0.0056 0.0107 0.0044 
      H539.2  1 0.0115 0.0138 0.0094 0.0152 0.0309 0.0338 0.0108 0.8398 0.0073 0.0124 0.0150 
      H539.3  1 0.0429 0.0065 0.0053 0.0155 0.0105 0.0097 0.0175 0.8535 0.0083 0.0150 0.0152 
      H539.4  1 0.0048 0.0051 0.0088 0.0069 0.0068 0.0135 0.0246 0.9058 0.0052 0.0104 0.0080 
      H539.5  1 0.0088 0.0046 0.0050 0.0082 0.0037 0.0047 0.0059 0.9393 0.0058 0.0086 0.0052 
      H539.6  1 0.0074 0.0037 0.0051 0.0121 0.0051 0.0054 0.0064 0.9341 0.0053 0.0098 0.0056 
      H539.7  1 0.0056 0.0047 0.0057 0.0051 0.0050 0.0067 0.0059 0.9377 0.0073 0.0080 0.0084 
      H539.8  1 0.0141 0.0107 0.0117 0.0090 0.0144 0.0077 0.0304 0.8492 0.0151 0.0124 0.0253 
      H539.9  1 0.0061 0.0039 0.0066 0.0100 0.0048 0.0073 0.0160 0.9272 0.0044 0.0077 0.0060 
      H540.1  1 0.0187 0.0087 0.0138 0.0074 0.0074 0.0147 0.0120 0.8850 0.0076 0.0156 0.0092 
      H540.2  1 0.0070 0.0055 0.0076 0.0057 0.0042 0.0076 0.0055 0.9285 0.0087 0.0118 0.0078 
      H540.3  1 0.0105 0.0151 0.0534 0.0053 0.0143 0.0249 0.4142 0.2361 0.0599 0.1001 0.0662 
      H540.4  1 0.0069 0.0058 0.0108 0.0062 0.0074 0.0103 0.0047 0.9208 0.0082 0.0097 0.0091 
      H540.5  1 0.0099 0.0090 0.0132 0.0099 0.0082 0.0172 0.0241 0.8695 0.0082 0.0163 0.0145 
      H540.6  1 0.0152 0.0128 0.0148 0.0128 0.0231 0.0249 0.0152 0.8266 0.0159 0.0202 0.0185 
      H540.7  1 0.0073 0.0097 0.0114 0.0114 0.0059 0.0099 0.0057 0.9187 0.0069 0.0080 0.0051 
      H540.8  1 0.0128 0.0106 0.0100 0.0058 0.0043 0.0120 0.0090 0.9046 0.0068 0.0150 0.0092 
     H9558.1  1 0.0110 0.0063 0.0045 0.0054 0.0057 0.0114 0.0108 0.9120 0.0068 0.0186 0.0075 
     H9558.2  1 0.0147 0.0079 0.0094 0.0237 0.0093 0.0153 0.0202 0.8481 0.0105 0.0263 0.0145 
     H9558.3  1 0.0110 0.0063 0.0072 0.0156 0.0080 0.0057 0.0107 0.9065 0.0132 0.0088 0.0070 
     H9558.4  1 0.0084 0.0060 0.0061 0.0070 0.0059 0.0126 0.0119 0.9163 0.0052 0.0148 0.0058 
     H9558.5  1 0.0041 0.0061 0.0078 0.0053 0.0059 0.0085 0.0324 0.9065 0.0063 0.0080 0.0092 
     H9558.6  1 0.0105 0.0069 0.0381 0.0741 0.0068 0.0064 0.0187 0.7375 0.0134 0.0700 0.0177 
    kos339.1  1 0.0067 0.8798 0.0159 0.0248 0.0092 0.0125 0.0057 0.0082 0.0074 0.0198 0.0099 
    kos339.2  1 0.0105 0.8917 0.0110 0.0178 0.0116 0.0061 0.0103 0.0073 0.0195 0.0062 0.0080 
    kos339.3  1 0.0063 0.9358 0.0079 0.0063 0.0050 0.0059 0.0048 0.0091 0.0055 0.0071 0.0062 
    kos339.4  1 0.0065 0.9237 0.0078 0.0082 0.0092 0.0073 0.0060 0.0087 0.0105 0.0053 0.0068 
    kos339.5  1 0.0071 0.9040 0.0085 0.0180 0.0084 0.0096 0.0049 0.0079 0.0124 0.0101 0.0092 
    kos339.6  1 0.0128 0.9068 0.0170 0.0095 0.0075 0.0067 0.0116 0.0061 0.0090 0.0077 0.0053 
    kos339.7  1 0.0077 0.9384 0.0062 0.0068 0.0059 0.0065 0.0047 0.0061 0.0045 0.0086 0.0046 
    kos339.8  1 0.0042 0.9303 0.0117 0.0070 0.0082 0.0069 0.0076 0.0051 0.0074 0.0054 0.0064 
    kos339.9  1 0.0160 0.8727 0.0093 0.0134 0.0071 0.0100 0.0068 0.0314 0.0134 0.0130 0.0069 
      H008.1  2 0.0091 0.0099 0.0085 0.8123 0.0109 0.0210 0.0069 0.0774 0.0212 0.0114 0.0114 
      H008.2  2 0.0303 0.0979 0.0275 0.1646 0.0582 0.1336 0.1946 0.1848 0.0206 0.0373 0.0506 
      H008.3  2 0.0695 0.0751 0.0306 0.0800 0.1259 0.1454 0.0932 0.2208 0.0360 0.0293 0.0944 
      H008.4  2 0.0153 0.0351 0.0109 0.6901 0.0137 0.0134 0.0710 0.0624 0.0355 0.0203 0.0324 
      H008.5  2 0.0196 0.0398 0.0154 0.7004 0.0157 0.0190 0.0278 0.0481 0.0179 0.0130 0.0831 
      H008.6  2 0.0241 0.0820 0.0150 0.3593 0.0101 0.0326 0.2404 0.0738 0.0260 0.0670 0.0697 
      H008.7  2 0.0150 0.0507 0.0163 0.4228 0.0721 0.0509 0.1375 0.0918 0.0467 0.0372 0.0591 
      H008.8  2 0.0257 0.0230 0.0111 0.2233 0.0321 0.0743 0.0195 0.5141 0.0174 0.0471 0.0123 
      H008.9  2 0.0428 0.0394 0.0157 0.0361 0.0158 0.0267 0.5767 0.0573 0.0171 0.1473 0.0251 
 H029.1_2002  2 0.0072 0.0110 0.0079 0.7540 0.0181 0.0098 0.0282 0.0316 0.0243 0.0202 0.0877 
 H029.1_2003  2 0.0116 0.0167 0.0104 0.0142 0.0084 0.0172 0.0119 0.0126 0.0110 0.0162 0.8697 
 H029.2_2002  2 0.0313 0.1061 0.0078 0.6162 0.0606 0.0156 0.0479 0.0152 0.0070 0.0171 0.0751 
 H029.2_2003  2 0.0217 0.0975 0.0123 0.0517 0.0104 0.0376 0.0263 0.0107 0.0050 0.0246 0.7023 
 H029.3_2002  2 0.0499 0.1434 0.0228 0.2661 0.1023 0.0418 0.2351 0.0089 0.0074 0.0176 0.1046 
 H029.3_2003  2 0.0075 0.0201 0.0112 0.4123 0.0120 0.0221 0.0082 0.0097 0.0181 0.0071 0.4715 
 H029.4_2002  2 0.0097 0.0079 0.0103 0.7948 0.0291 0.0105 0.0298 0.0056 0.0162 0.0050 0.0809 
 H029.4_2003  2 0.0102 0.0122 0.0103 0.1152 0.0140 0.0277 0.0217 0.0416 0.0158 0.0129 0.7184 
 H029.5_2002  2 0.0061 0.0075 0.0076 0.8359 0.0182 0.0070 0.0088 0.0089 0.0218 0.0076 0.0707 
 H029.5_2003  2 0.0080 0.0167 0.0083 0.1786 0.0081 0.0330 0.0112 0.0093 0.0112 0.0116 0.7040 
 H029.6_2002  2 0.0208 0.0104 0.0090 0.3718 0.0580 0.0129 0.0707 0.0064 0.0126 0.0066 0.4207 
 H029.6_2003  2 0.0216 0.1345 0.0261 0.3627 0.0183 0.0735 0.0147 0.0216 0.0436 0.0249 0.2584 
      H029.7  2 0.0226 0.0407 0.0064 0.7204 0.0532 0.0120 0.0516 0.0128 0.0074 0.0153 0.0576 
      H030.1  2 0.0137 0.0129 0.6692 0.0283 0.0323 0.0148 0.0067 0.0079 0.0196 0.0210 0.1736 
      H030.2  2 0.0095 0.0145 0.3410 0.1044 0.2629 0.0140 0.0916 0.0476 0.0644 0.0163 0.0338 
      H038.1  2 0.0161 0.0065 0.0064 0.8731 0.0078 0.0062 0.0455 0.0090 0.0068 0.0123 0.0103 
      H038.2  2 0.0044 0.0152 0.0135 0.9104 0.0111 0.0073 0.0073 0.0071 0.0074 0.0075 0.0087 
      H038.3  2 0.0075 0.0212 0.0381 0.8311 0.0091 0.0107 0.0386 0.0098 0.0140 0.0122 0.0076 
      H038.4  2 0.0104 0.0121 0.0125 0.8686 0.0103 0.0079 0.0303 0.0065 0.0210 0.0143 0.0061 
      H038.5  2 0.0076 0.0137 0.0354 0.8243 0.0222 0.0243 0.0274 0.0135 0.0094 0.0067 0.0154 
      H038.6  2 0.0052 0.0117 0.0107 0.8908 0.0060 0.0121 0.0141 0.0215 0.0045 0.0065 0.0169 
      H038.7  2 0.0046 0.0099 0.0158 0.9086 0.0044 0.0087 0.0125 0.0146 0.0060 0.0070 0.0079 
      H038.8  2 0.0053 0.0148 0.0400 0.7716 0.0117 0.0072 0.1121 0.0095 0.0129 0.0093 0.0058 
      H041.1  2 0.0315 0.0156 0.0263 0.2203 0.1343 0.0154 0.0358 0.0127 0.1725 0.0145 0.3209 
      H041.2  2 0.0105 0.0229 0.0114 0.0904 0.0058 0.0060 0.0183 0.0070 0.1705 0.0161 0.6411 
      H041.4  2 0.0311 0.0130 0.0136 0.3234 0.0158 0.0098 0.0350 0.0221 0.0380 0.0231 0.4752 
      H041.6  2 0.0471 0.0146 0.0178 0.3875 0.0240 0.0133 0.0187 0.0486 0.0576 0.0366 0.3342 
 H042.1_2002  2 0.0227 0.0140 0.0102 0.0107 0.0124 0.0164 0.0155 0.0986 0.0257 0.0209 0.7529 
 H042.1_2003  2 0.0250 0.0746 0.0196 0.0971 0.0181 0.0473 0.1246 0.1541 0.2211 0.1041 0.1144 
 H042.2_2002  2 0.0242 0.0186 0.0113 0.2498 0.0114 0.0447 0.0411 0.0167 0.0324 0.0067 0.5432 
 H042.2_2003  2 0.0218 0.0151 0.0114 0.0792 0.0062 0.0116 0.0071 0.0716 0.3495 0.0208 0.4057 
 H042.3_2002  2 0.0564 0.0200 0.0151 0.0231 0.0107 0.0608 0.0410 0.1045 0.1223 0.0134 0.5326 
 H042.3_2003  2 0.0445 0.0201 0.0294 0.0631 0.0513 0.0627 0.0454 0.2418 0.1300 0.0179 0.2940 
 H042.4_2002  2 0.0076 0.0085 0.0104 0.0120 0.0103 0.0081 0.0133 0.0112 0.0240 0.0131 0.8815 
 H042.4_2003  2 0.0244 0.0094 0.0119 0.0449 0.0254 0.0074 0.0069 0.0148 0.0180 0.0301 0.8067 
      H042.5  2 0.0214 0.0059 0.0048 0.0078 0.0068 0.0073 0.0036 0.0131 0.0112 0.0080 0.9100 
      H042.6  2 0.0236 0.0063 0.0093 0.0216 0.0116 0.0117 0.0148 0.0379 0.0086 0.0166 0.8381 
      H042.7  2 0.0584 0.0147 0.0110 0.0351 0.0115 0.0179 0.0082 0.0233 0.3003 0.0209 0.4987 
      H042.8  2 0.0334 0.0084 0.0071 0.0193 0.0060 0.0197 0.0239 0.0348 0.0668 0.0102 0.7704 
   H042_2002  2 0.0503 0.0120 0.0127 0.1629 0.0085 0.0214 0.0319 0.5219 0.0773 0.0334 0.0677 
   H042_2003  2 0.0583 0.0136 0.0132 0.1481 0.0103 0.0319 0.0319 0.5424 0.0535 0.0391 0.0578 
      H043.1  2 0.0085 0.0099 0.0134 0.0211 0.0156 0.0204 0.0615 0.8206 0.0070 0.0116 0.0105 
      H043.2  2 0.2022 0.0127 0.0088 0.0896 0.0116 0.0324 0.1956 0.3742 0.0236 0.0411 0.0082 
      H043.3  2 0.0149 0.0142 0.0146 0.6679 0.0068 0.0171 0.0402 0.1560 0.0190 0.0303 0.0189 
      H043.4  2 0.0233 0.0150 0.0115 0.1111 0.0077 0.0100 0.0712 0.6747 0.0106 0.0464 0.0184 
      H043.5  2 0.0151 0.0162 0.0178 0.2689 0.0093 0.0408 0.3743 0.1832 0.0339 0.0251 0.0154 
      H043.6  2 0.0119 0.0228 0.0135 0.3388 0.0068 0.0201 0.2992 0.1934 0.0268 0.0418 0.0249 
      H043.7  2 0.0843 0.0110 0.0457 0.1747 0.0070 0.0119 0.1315 0.2580 0.0569 0.2044 0.0146 
      H043.8  2 0.0660 0.0365 0.1310 0.0987 0.0399 0.2871 0.0447 0.1498 0.0710 0.0633 0.0120 
      H043.9  2 0.0117 0.0159 0.0317 0.1613 0.0244 0.0327 0.0439 0.6173 0.0124 0.0157 0.0329 
      H047.1  2 0.0177 0.0219 0.0149 0.6439 0.0045 0.0092 0.0094 0.2477 0.0122 0.0114 0.0073 
      H047.2  2 0.0174 0.0214 0.0297 0.7189 0.0497 0.0238 0.0080 0.0131 0.0400 0.0599 0.0181 
      H047.3  2 0.0296 0.0144 0.0255 0.6303 0.0600 0.0299 0.0073 0.0109 0.1422 0.0319 0.0181 
      H047.4  2 0.0130 0.0231 0.0338 0.7542 0.0128 0.0153 0.0051 0.0154 0.0598 0.0341 0.0333 
      H047.5  2 0.0358 0.0158 0.0399 0.7316 0.0136 0.0120 0.0054 0.0423 0.0772 0.0138 0.0126 
      H047.6  2 0.0291 0.0544 0.0462 0.4530 0.0345 0.0317 0.0208 0.0206 0.1667 0.0965 0.0464 
      H047.7  2 0.0152 0.0375 0.0170 0.6996 0.0084 0.0092 0.0107 0.1572 0.0225 0.0101 0.0126 
      H047.8  2 0.0423 0.0505 0.0242 0.4637 0.0177 0.0525 0.0122 0.0809 0.1479 0.0802 0.0279 
      H047.9  2 0.0765 0.0325 0.0189 0.7310 0.0077 0.0094 0.0046 0.0750 0.0214 0.0132 0.0097 
 H071.1_2002  2 0.0092 0.0124 0.0080 0.9046 0.0048 0.0063 0.0057 0.0253 0.0094 0.0065 0.0079 
 H071.1_2003  2 0.0628 0.0144 0.0320 0.7514 0.0056 0.0076 0.0113 0.0510 0.0194 0.0237 0.0208 
     H071.10  2 0.0054 0.0066 0.0208 0.9053 0.0185 0.0081 0.0089 0.0063 0.0071 0.0062 0.0068 
 H071.2_2002  2 0.0184 0.0115 0.0085 0.8944 0.0050 0.0118 0.0105 0.0120 0.0089 0.0106 0.0085 
 H071.2_2003  2 0.0061 0.0064 0.0050 0.9379 0.0051 0.0047 0.0044 0.0097 0.0051 0.0054 0.0104 
      H071.3  2 0.0092 0.0092 0.0246 0.8834 0.0156 0.0074 0.0107 0.0081 0.0173 0.0050 0.0094 
 H071.4_2002  2 0.0098 0.0137 0.0246 0.8646 0.0109 0.0243 0.0154 0.0091 0.0086 0.0095 0.0094 
 H071.4_2003  2 0.0055 0.0060 0.0099 0.9400 0.0052 0.0073 0.0031 0.0075 0.0059 0.0039 0.0054 
 H071.5_2002  2 0.0056 0.0060 0.0088 0.9376 0.0082 0.0064 0.0046 0.0077 0.0050 0.0047 0.0056 
 H071.5_2003  2 0.0111 0.0079 0.0230 0.9029 0.0041 0.0097 0.0051 0.0105 0.0101 0.0085 0.0071 
 H071.6_2002  2 0.0071 0.0063 0.0106 0.9251 0.0045 0.0128 0.0069 0.0078 0.0060 0.0058 0.0071 
 H071.6_2003  2 0.0056 0.0064 0.0153 0.9279 0.0056 0.0065 0.0039 0.0082 0.0056 0.0085 0.0067 
 H071.7_2002  2 0.0053 0.0043 0.0037 0.9479 0.0040 0.0054 0.0044 0.0078 0.0060 0.0056 0.0055 
 H071.7_2003  2 0.0084 0.0082 0.0256 0.9003 0.0053 0.0107 0.0053 0.0135 0.0078 0.0088 0.0061 
      H071.8  2 0.0199 0.0080 0.0067 0.9029 0.0060 0.0082 0.0114 0.0078 0.0087 0.0114 0.0089 
      H071.9  2 0.0180 0.0123 0.0363 0.7569 0.0130 0.0318 0.0190 0.0138 0.0309 0.0160 0.0520 
 H081.1_2002  2 0.0108 0.0076 0.0065 0.9190 0.0087 0.0061 0.0054 0.0139 0.0070 0.0073 0.0077 
 H081.1_2003  2 0.0155 0.0724 0.0536 0.0560 0.0221 0.0263 0.2934 0.0930 0.0221 0.1483 0.1974 
 H081.2_2002  2 0.0235 0.0054 0.0074 0.9132 0.0061 0.0047 0.0047 0.0130 0.0054 0.0088 0.0078 
 H081.2_2003  2 0.0494 0.0088 0.5980 0.0469 0.0335 0.0276 0.0122 0.1443 0.0151 0.0184 0.0459 
 H081.3_2002  2 0.0275 0.0108 0.0117 0.8906 0.0093 0.0060 0.0092 0.0064 0.0077 0.0110 0.0098 
 H081.3_2003  2 0.0323 0.0324 0.3975 0.0215 0.0214 0.0426 0.0284 0.2966 0.0137 0.0586 0.0550 
 H081.4_2002  2 0.0067 0.0105 0.0100 0.9192 0.0071 0.0100 0.0051 0.0100 0.0075 0.0071 0.0067 
 H081.4_2003  2 0.0204 0.0437 0.1836 0.0206 0.0203 0.0358 0.0196 0.0984 0.0192 0.0851 0.4534 
 H081.5_2002  2 0.0088 0.0086 0.0134 0.9101 0.0053 0.0071 0.0072 0.0115 0.0062 0.0096 0.0122 
 H081.5_2003  2 0.0488 0.0514 0.1118 0.0651 0.0196 0.0214 0.0386 0.1009 0.0513 0.1287 0.3625 
      H081.6  2 0.0109 0.0082 0.0084 0.9181 0.0050 0.0066 0.0059 0.0130 0.0086 0.0065 0.0088 
      H081.7  2 0.0365 0.0068 0.0139 0.8858 0.0060 0.0067 0.0049 0.0112 0.0099 0.0086 0.0098 
      H081.8  2 0.0245 0.0192 0.0493 0.7853 0.0176 0.0169 0.0210 0.0101 0.0163 0.0138 0.0261 
      H083.1  2 0.0067 0.0231 0.0127 0.8637 0.0326 0.0101 0.0113 0.0103 0.0055 0.0055 0.0185 
      H083.2  2 0.0167 0.0073 0.0096 0.8750 0.0272 0.0118 0.0098 0.0157 0.0085 0.0085 0.0099 
      H083.4  2 0.0186 0.0073 0.0077 0.7568 0.1424 0.0155 0.0172 0.0078 0.0075 0.0085 0.0106 
      H083.5  2 0.0125 0.0150 0.0108 0.7781 0.0954 0.0081 0.0230 0.0109 0.0084 0.0079 0.0297 
      H083.6  2 0.0166 0.0255 0.0135 0.6990 0.1653 0.0226 0.0106 0.0063 0.0091 0.0076 0.0239 
      H083.7  2 0.0160 0.0098 0.0089 0.6190 0.2810 0.0196 0.0125 0.0079 0.0097 0.0084 0.0071 
      H083.8  2 0.0151 0.0121 0.0106 0.8728 0.0320 0.0125 0.0074 0.0133 0.0079 0.0087 0.0075 
      H083.9  2 0.0095 0.0113 0.0086 0.7706 0.1425 0.0083 0.0111 0.0074 0.0064 0.0053 0.0190 
      H084.1  2 0.0068 0.0089 0.7462 0.0120 0.0154 0.0130 0.1186 0.0156 0.0182 0.0127 0.0326 
      H084.2  2 0.0062 0.0084 0.6099 0.0123 0.0161 0.0355 0.1814 0.0197 0.0071 0.0163 0.0872 
      H084.3  2 0.0086 0.0596 0.3318 0.0074 0.0212 0.0143 0.3209 0.0139 0.1648 0.0222 0.0353 
      H084.4  2 0.0076 0.0322 0.3642 0.0107 0.0092 0.0189 0.3139 0.0136 0.1018 0.0286 0.0994 
      H084.5  2 0.0077 0.0216 0.8165 0.0091 0.0106 0.0103 0.0327 0.0086 0.0580 0.0117 0.0132 
      H084.6  2 0.0105 0.0317 0.7229 0.0070 0.0320 0.0078 0.0907 0.0066 0.0712 0.0104 0.0091 
      H084.7  2 0.0112 0.0094 0.8087 0.0121 0.0122 0.0263 0.0267 0.0160 0.0087 0.0080 0.0609 
      H084.8  2 0.0096 0.0135 0.7965 0.0059 0.0122 0.0088 0.0856 0.0096 0.0404 0.0077 0.0100 
 H085.1_2002  2 0.4556 0.0170 0.0161 0.2353 0.0243 0.0110 0.0305 0.0172 0.0082 0.0170 0.1679 
 H085.1_2003  2 0.1008 0.0111 0.0411 0.2943 0.1480 0.0292 0.0218 0.0107 0.0359 0.0094 0.2978 
 H085.2_2002  2 0.4224 0.0145 0.0297 0.0356 0.0864 0.0142 0.0909 0.0117 0.0132 0.1433 0.1382 
 H085.2_2003  2 0.0189 0.0150 0.0239 0.6201 0.0553 0.0266 0.0134 0.0129 0.0155 0.0256 0.1728 
 H085.3_2002  2 0.7129 0.0044 0.0118 0.0120 0.0168 0.0070 0.0065 0.0099 0.0154 0.0264 0.1771 
 H085.3_2003  2 0.0452 0.0078 0.0690 0.6829 0.0124 0.0279 0.0056 0.0222 0.0446 0.0131 0.0692 
 H085.4_2002  2 0.4408 0.0179 0.0220 0.1679 0.0357 0.0187 0.0770 0.0293 0.0237 0.0423 0.1246 
 H085.4_2003  2 0.0144 0.0130 0.0227 0.7291 0.0100 0.0076 0.0086 0.0143 0.0526 0.0194 0.1084 
 H085.5_2002  2 0.7235 0.0064 0.0113 0.0191 0.0082 0.0093 0.0075 0.0221 0.0162 0.0209 0.1555 
 H085.5_2003  2 0.0207 0.0104 0.0195 0.7820 0.0407 0.0205 0.0101 0.0154 0.0153 0.0113 0.0543 
 H085.6_2002  2 0.6537 0.0075 0.0135 0.0243 0.0179 0.0080 0.0213 0.0116 0.0093 0.0366 0.1963 
 H085.6_2003  2 0.1272 0.0088 0.0633 0.1352 0.0087 0.0200 0.0084 0.0296 0.2081 0.1053 0.2853 
 H085.7_2002  2 0.5420 0.0113 0.0167 0.0509 0.0368 0.0099 0.0157 0.0137 0.0156 0.0866 0.2007 
 H085.7_2003  2 0.0187 0.0126 0.0422 0.6788 0.0196 0.0166 0.0113 0.0164 0.0739 0.0108 0.0990 
 H085.8_2002  2 0.6888 0.0069 0.0375 0.0239 0.0112 0.0121 0.0138 0.0145 0.0348 0.0736 0.0829 
 H085.8_2003  2 0.0290 0.0147 0.0355 0.2004 0.0817 0.0151 0.0169 0.0164 0.0519 0.0272 0.5113 
      H085.9  2 0.5612 0.0103 0.0186 0.1154 0.0171 0.0091 0.0349 0.0287 0.0151 0.0252 0.1645 
      H088.1  2 0.0261 0.0090 0.0124 0.0107 0.0131 0.0230 0.0081 0.0189 0.0106 0.0127 0.8554 
      H088.2  2 0.0271 0.0128 0.0120 0.0080 0.0132 0.0112 0.0075 0.0060 0.0104 0.0181 0.8737 
      H088.3  2 0.0103 0.0073 0.0069 0.0068 0.0080 0.0093 0.0069 0.0061 0.0075 0.0151 0.9157 
      H088.4  2 0.0044 0.0069 0.0079 0.0076 0.0039 0.0094 0.0057 0.0075 0.0073 0.0095 0.9299 
      H088.5  2 0.0056 0.0064 0.0066 0.0051 0.0051 0.0068 0.0051 0.0062 0.0067 0.0051 0.9412 
      H088.6  2 0.0070 0.0106 0.0110 0.0123 0.0060 0.0135 0.0065 0.0079 0.0090 0.0074 0.9090 
      H088.7  2 0.0105 0.0095 0.0080 0.0235 0.0072 0.0090 0.0068 0.0068 0.0107 0.0064 0.9016 
      H088.8  2 0.0077 0.0114 0.0169 0.0180 0.0074 0.0203 0.0062 0.0096 0.0117 0.0080 0.8827 
      H091.1  2 0.0108 0.0144 0.0121 0.0293 0.0390 0.0186 0.0079 0.0129 0.0215 0.0065 0.8272 
      H091.2  2 0.0138 0.0224 0.0105 0.0434 0.0836 0.0348 0.0060 0.0193 0.0455 0.0091 0.7116 
      H109.1  2 0.0264 0.0177 0.2846 0.0727 0.1538 0.2321 0.0405 0.0515 0.0954 0.0132 0.0123 
      H109.2  2 0.0150 0.0159 0.7427 0.0949 0.0215 0.0206 0.0142 0.0245 0.0202 0.0154 0.0152 
      H109.3  2 0.0445 0.1409 0.2979 0.1187 0.0144 0.2169 0.0179 0.0238 0.0553 0.0107 0.0591 
      H109.4  2 0.0277 0.0229 0.3287 0.0416 0.0288 0.3382 0.0387 0.0547 0.0813 0.0156 0.0219 
      H109.5  2 0.0540 0.0545 0.0782 0.4038 0.0094 0.0302 0.0051 0.0113 0.1532 0.0139 0.1864 
      H109.6  2 0.0270 0.0533 0.6136 0.0899 0.0157 0.0627 0.0144 0.0581 0.0307 0.0173 0.0172 
      H126.1  2 0.1690 0.0340 0.0128 0.0186 0.0170 0.1907 0.0144 0.3218 0.0550 0.1408 0.0260 
      H126.2  2 0.0486 0.0152 0.0278 0.5979 0.0153 0.0403 0.0501 0.1500 0.0119 0.0328 0.0102 
      H126.3  2 0.0295 0.0224 0.0061 0.7186 0.0117 0.0712 0.0271 0.0428 0.0193 0.0193 0.0318 
      H126.4  2 0.0426 0.0347 0.0251 0.0507 0.0384 0.1131 0.0156 0.5725 0.0175 0.0628 0.0269 
      H126.5  2 0.0123 0.0353 0.0073 0.1890 0.0077 0.0188 0.0061 0.6600 0.0119 0.0449 0.0068 
      H126.6  2 0.0244 0.0401 0.0064 0.8361 0.0127 0.0062 0.0065 0.0160 0.0080 0.0310 0.0125 
      H126.7  2 0.0173 0.0098 0.0089 0.8696 0.0071 0.0181 0.0037 0.0198 0.0060 0.0063 0.0333 
      H130.1  2 0.0112 0.0087 0.0135 0.0089 0.0099 0.0319 0.0079 0.0330 0.0133 0.7969 0.0647 
      H130.2  2 0.0146 0.0121 0.6172 0.0333 0.0405 0.0627 0.0096 0.0111 0.0117 0.1129 0.0744 
      H130.3  2 0.0082 0.0089 0.0493 0.0365 0.0081 0.5730 0.0068 0.0101 0.0069 0.2031 0.0890 
      H130.4  2 0.0247 0.0268 0.0567 0.0131 0.0269 0.1378 0.0399 0.0299 0.0133 0.5802 0.0507 
      H130.5  2 0.0273 0.0089 0.1537 0.0584 0.0334 0.0246 0.0067 0.0214 0.0168 0.3665 0.2823 
      H133.1  2 0.0380 0.0279 0.1092 0.0532 0.0283 0.1817 0.1614 0.0344 0.0398 0.1676 0.1585 
      H133.2  2 0.0908 0.0766 0.1951 0.0315 0.0136 0.0894 0.0145 0.0866 0.0195 0.1448 0.2376 
      H133.3  2 0.1723 0.0419 0.0856 0.0638 0.0172 0.0396 0.1190 0.0093 0.0348 0.0320 0.3846 
      H133.4  2 0.0363 0.0878 0.1586 0.0370 0.0316 0.1418 0.0801 0.0957 0.0663 0.2075 0.0573 
      H133.5  2 0.0652 0.0217 0.0493 0.0131 0.0090 0.5362 0.0231 0.0219 0.0070 0.0522 0.2013 
      H133.6  2 0.0333 0.0248 0.1053 0.0177 0.0159 0.1569 0.0127 0.1014 0.0121 0.0649 0.4550 
      H133.7  2 0.0745 0.0386 0.1071 0.0351 0.0216 0.0202 0.1114 0.0332 0.4000 0.0911 0.0672 
      H133.8  2 0.1107 0.0388 0.0559 0.0396 0.0483 0.1677 0.1330 0.0333 0.1141 0.1386 0.1199 
      H133.9  2 0.0336 0.0225 0.0670 0.0323 0.0526 0.2612 0.1386 0.0234 0.0258 0.1421 0.2009 
      H147.1  2 0.0635 0.0118 0.0640 0.3490 0.0349 0.0052 0.0226 0.0143 0.2923 0.0119 0.1305 
      H147.2  2 0.0107 0.0076 0.0143 0.8975 0.0065 0.0056 0.0061 0.0089 0.0133 0.0128 0.0166 
      H147.3  2 0.0487 0.0082 0.0120 0.8685 0.0077 0.0061 0.0060 0.0120 0.0122 0.0102 0.0084 
      H147.4  2 0.0222 0.0111 0.0346 0.8295 0.0132 0.0056 0.0315 0.0078 0.0271 0.0056 0.0118 
      H147.5  2 0.0334 0.0138 0.1189 0.6281 0.0240 0.0232 0.0071 0.0166 0.0393 0.0129 0.0828 
      H147.6  2 0.0364 0.0162 0.1606 0.5326 0.0227 0.0187 0.0100 0.0236 0.0626 0.0076 0.1091 
      H147.7  2 0.0176 0.0140 0.0435 0.7879 0.0292 0.0060 0.0323 0.0099 0.0409 0.0070 0.0117 
      H147.8  2 0.0122 0.0145 0.0455 0.7033 0.0558 0.0107 0.0370 0.0062 0.0397 0.0044 0.0708 
      H147.9  2 0.0218 0.0058 0.0171 0.8929 0.0086 0.0062 0.0070 0.0114 0.0123 0.0085 0.0082 
      H148.1  2 0.0149 0.0182 0.0928 0.0202 0.0280 0.0412 0.0612 0.0249 0.1086 0.5397 0.0502 
      H148.2  2 0.0405 0.0234 0.0674 0.0370 0.0310 0.0317 0.1196 0.0216 0.4604 0.1516 0.0159 
      H148.3  2 0.4877 0.0120 0.0217 0.0092 0.0156 0.0141 0.0498 0.0204 0.3261 0.0261 0.0172 
      H148.4  2 0.0403 0.0280 0.0174 0.0216 0.0098 0.0292 0.0418 0.0118 0.2544 0.5297 0.0158 
      H148.5  2 0.0434 0.0347 0.0658 0.0146 0.0198 0.0229 0.0525 0.0293 0.6636 0.0285 0.0250 
      H148.6  2 0.0289 0.0223 0.0248 0.0219 0.0467 0.0122 0.1840 0.0240 0.4175 0.1917 0.0261 
      H148.7  2 0.0107 0.0202 0.0300 0.0096 0.0142 0.0794 0.0277 0.0139 0.7281 0.0436 0.0224 
      H148.8  2 0.0224 0.0112 0.0149 0.0063 0.0088 0.0161 0.0300 0.0137 0.7675 0.0940 0.0150 
      H148.9  2 0.0906 0.0298 0.0589 0.0131 0.0350 0.0520 0.2799 0.0943 0.2550 0.0751 0.0165 
   H166022.1  2 0.0200 0.0085 0.0210 0.0099 0.0665 0.0065 0.0117 0.0065 0.0233 0.0078 0.8185 
   H166022.2  2 0.0272 0.0234 0.1401 0.0737 0.0796 0.0192 0.0161 0.0094 0.0283 0.0123 0.5707 
   H166022.3  2 0.0070 0.0112 0.0216 0.0058 0.1883 0.0244 0.0090 0.0083 0.0143 0.0142 0.6960 
   H166022.4  2 0.0063 0.0112 0.0097 0.0073 0.0111 0.0143 0.0059 0.0060 0.0081 0.0086 0.9115 
   H166022.5  2 0.0075 0.0130 0.0266 0.0104 0.0213 0.0095 0.0060 0.0074 0.0089 0.0090 0.8803 
   H166022.6  2 0.0074 0.0124 0.0186 0.0071 0.0415 0.0117 0.0290 0.0134 0.0242 0.0363 0.7985 
   H166022.7  2 0.0065 0.0091 0.0164 0.0120 0.0054 0.8727 0.0352 0.0127 0.0092 0.0111 0.0098 
   H166022.8  2 0.0269 0.0441 0.1055 0.0169 0.1776 0.0126 0.0107 0.0135 0.0456 0.0986 0.4480 
   H167397.1  2 0.0160 0.0666 0.0321 0.0535 0.0080 0.0130 0.4680 0.0178 0.1850 0.0163 0.1238 
   H167397.2  2 0.0946 0.1853 0.0111 0.0326 0.0657 0.0123 0.4549 0.0095 0.0729 0.0376 0.0233 
   H167397.3  2 0.0127 0.2233 0.0129 0.0371 0.0152 0.0067 0.5498 0.0100 0.0969 0.0090 0.0263 
   H167397.4  2 0.0653 0.0205 0.0200 0.0411 0.0211 0.0145 0.6904 0.0070 0.0908 0.0120 0.0173 
   H167397.5  2 0.0206 0.0378 0.0462 0.0251 0.0208 0.0381 0.6245 0.0206 0.0592 0.0565 0.0506 
   H167397.6  2 0.0124 0.0632 0.0102 0.0449 0.0148 0.0095 0.5205 0.0129 0.2766 0.0127 0.0223 
   H167496.1  2 0.0278 0.0884 0.0475 0.0187 0.0290 0.0437 0.0118 0.0153 0.0366 0.0221 0.6593 
   H167496.2  2 0.0437 0.1079 0.2082 0.1782 0.0113 0.0363 0.0180 0.0143 0.0833 0.1359 0.1627 
   H167496.3  2 0.2916 0.0147 0.0172 0.0191 0.0580 0.0278 0.0089 0.0435 0.0268 0.0664 0.4260 
   H167496.4  2 0.0087 0.0073 0.0088 0.0116 0.0088 0.0078 0.0052 0.0059 0.0064 0.0050 0.9246 
   H167496.6  2 0.0065 0.0118 0.0111 0.0178 0.0107 0.0112 0.0068 0.0123 0.0084 0.0063 0.8971 
   H167496.7  2 0.0145 0.0621 0.0520 0.0264 0.0397 0.0283 0.0067 0.0570 0.1578 0.4464 0.1091 
   H167496.8  2 0.0081 0.0144 0.0304 0.0377 0.0106 0.0103 0.0076 0.0087 0.0121 0.0092 0.8509 
   H167513.1  2 0.0334 0.0860 0.2362 0.0474 0.0776 0.1010 0.0652 0.0252 0.0994 0.1931 0.0354 
   H167513.2  2 0.0569 0.0314 0.2401 0.0298 0.0246 0.0368 0.1015 0.1927 0.1658 0.0676 0.0528 
   H167513.3  2 0.0185 0.0513 0.5065 0.0134 0.1153 0.1345 0.0148 0.0614 0.0299 0.0374 0.0170 
   H167513.4  2 0.0123 0.0221 0.3260 0.0161 0.3498 0.0345 0.0153 0.0122 0.1252 0.0542 0.0322 
   H167513.5  2 0.0457 0.0191 0.2838 0.0426 0.0337 0.0225 0.1956 0.0546 0.1006 0.0845 0.1172 
   H167513.6  2 0.1596 0.0964 0.3524 0.0305 0.0601 0.0206 0.0298 0.0642 0.0370 0.0682 0.0810 
   H167513.7  2 0.0244 0.0167 0.3103 0.0373 0.4453 0.0325 0.0535 0.0233 0.0103 0.0207 0.0258 
   H167513.8  2 0.0069 0.0316 0.7490 0.0180 0.0187 0.0433 0.0419 0.0516 0.0097 0.0180 0.0115 
   H167547.1  2 0.0117 0.0152 0.0186 0.0069 0.0230 0.0146 0.0187 0.0389 0.7023 0.1199 0.0303 
   H167547.2  2 0.0094 0.0096 0.0124 0.0077 0.0174 0.0081 0.0105 0.0107 0.8816 0.0186 0.0141 
   H167547.3  2 0.0089 0.0080 0.0113 0.0056 0.0167 0.0083 0.0106 0.0098 0.8750 0.0143 0.0316 
   H167547.4  2 0.0991 0.0100 0.0165 0.0087 0.2416 0.0453 0.0388 0.0627 0.2323 0.1194 0.1256 
   H167547.5  2 0.0211 0.0067 0.0125 0.0066 0.0103 0.0089 0.0085 0.0089 0.8554 0.0107 0.0504 
   H167547.6  2 0.0151 0.0067 0.0201 0.0099 0.0107 0.0105 0.0073 0.0139 0.8565 0.0115 0.0379 
   H167547.7  2 0.2795 0.0910 0.0447 0.0349 0.0383 0.0357 0.0221 0.1954 0.0961 0.1306 0.0319 
   H169750.1  2 0.0460 0.0272 0.0989 0.0329 0.0744 0.0833 0.0162 0.0155 0.0081 0.4136 0.1838 
   H169750.2  2 0.0239 0.0701 0.1516 0.0834 0.0118 0.0529 0.0564 0.0276 0.2447 0.0923 0.1853 
   H169750.3  2 0.0332 0.0370 0.3598 0.0460 0.0192 0.1140 0.0051 0.0176 0.0137 0.0802 0.2742 
   H169750.4  2 0.0357 0.0748 0.0210 0.0244 0.0063 0.0739 0.0714 0.0161 0.0174 0.4599 0.1992 
   H169750.5  2 0.0472 0.0340 0.1536 0.0799 0.0932 0.1740 0.0190 0.0170 0.0200 0.1270 0.2350 
   H169750.6  2 0.0370 0.0077 0.1546 0.2723 0.0277 0.1451 0.0104 0.0207 0.0148 0.0697 0.2399 
   H169750.7  2 0.0915 0.1760 0.0994 0.0621 0.0108 0.1414 0.0316 0.0191 0.0350 0.1895 0.1437 
   H171929.1  2 0.3083 0.0222 0.0235 0.0133 0.0101 0.0140 0.4207 0.0416 0.0659 0.0273 0.0532 
  H171929.10  2 0.1291 0.0451 0.1406 0.0494 0.0487 0.0078 0.0692 0.0322 0.1041 0.0349 0.3389 
  H171929.11  2 0.1377 0.0403 0.0467 0.0226 0.0219 0.0176 0.3212 0.2735 0.0392 0.0243 0.0550 
   H171929.2  2 0.0211 0.0242 0.3162 0.0139 0.0662 0.0398 0.0206 0.1019 0.2197 0.1517 0.0246 
   H171929.3  2 0.0241 0.0476 0.1249 0.0220 0.0937 0.0248 0.1336 0.1677 0.2922 0.0347 0.0347 
   H171929.4  2 0.2912 0.0156 0.0639 0.0294 0.1441 0.0455 0.0095 0.0756 0.0702 0.1747 0.0802 
   H171929.5  2 0.0156 0.1010 0.1531 0.0270 0.0833 0.0383 0.0556 0.2858 0.1846 0.0373 0.0183 
   H171929.6  2 0.0156 0.0607 0.1983 0.0173 0.0578 0.0374 0.1134 0.3645 0.0743 0.0412 0.0194 
   H171929.7  2 0.3960 0.0184 0.0630 0.0301 0.0497 0.0461 0.0350 0.1217 0.0532 0.1679 0.0190 
   H171929.8  2 0.4659 0.0162 0.0788 0.0199 0.0298 0.0116 0.0229 0.1926 0.0211 0.1120 0.0291 
