      H105.1  1 0.0060 0.0157 0.0063 0.0066 0.0037 0.0487 0.0110 0.0079 0.0139 0.0155 0.0149 0.0146 0.0425 0.7221 0.0062 0.0056 0.0102 0.0043 0.0121 0.0077 0.0245 
      H105.2  1 0.0046 0.0127 0.0321 0.0307 0.0208 0.0432 0.0100 0.0074 0.0397 0.0258 0.0497 0.0084 0.0321 0.5067 0.0251 0.0143 0.0118 0.0114 0.0930 0.0121 0.0086 
      H105.3  1 0.0048 0.0080 0.0077 0.0163 0.0148 0.0100 0.0095 0.0088 0.0120 0.0328 0.0086 0.0148 0.0113 0.7956 0.0058 0.0072 0.0059 0.0069 0.0052 0.0077 0.0062 
      H105.4  1 0.0106 0.0096 0.0185 0.0149 0.0606 0.0272 0.0245 0.0151 0.0166 0.0330 0.0172 0.0159 0.1144 0.4853 0.0237 0.0197 0.0111 0.0237 0.0456 0.0061 0.0066 
      H105.5  1 0.0057 0.0099 0.0791 0.0142 0.0316 0.0674 0.0492 0.0396 0.1379 0.1581 0.0260 0.0458 0.0754 0.0427 0.0129 0.0250 0.0226 0.0134 0.0991 0.0070 0.0372 
      H105.6  1 0.0057 0.0104 0.0102 0.0078 0.0194 0.0048 0.0109 0.0212 0.0078 0.0134 0.0059 0.0186 0.0201 0.7871 0.0056 0.0128 0.0090 0.0100 0.0105 0.0044 0.0044 
      H105.7  1 0.0046 0.0194 0.0089 0.0106 0.0068 0.0073 0.0092 0.0080 0.0072 0.0101 0.0062 0.0065 0.0575 0.7522 0.0200 0.0097 0.0065 0.0068 0.0253 0.0051 0.0120 
      H105.8  1 0.0045 0.0241 0.0105 0.0199 0.0067 0.0303 0.0058 0.0072 0.0041 0.0108 0.0094 0.0040 0.0178 0.7965 0.0050 0.0049 0.0122 0.0070 0.0062 0.0080 0.0052 
      H115.1  1 0.0097 0.0227 0.0291 0.0450 0.0117 0.0087 0.0064 0.6752 0.0065 0.0217 0.0083 0.0223 0.0081 0.0106 0.0169 0.0142 0.0232 0.0215 0.0077 0.0079 0.0228 
      H115.2  1 0.0058 0.0067 0.0100 0.0102 0.0071 0.0069 0.0034 0.8441 0.0111 0.0086 0.0062 0.0116 0.0049 0.0096 0.0054 0.0056 0.0127 0.0059 0.0066 0.0079 0.0096 
      H115.3  1 0.0090 0.0056 0.0403 0.0074 0.0662 0.0061 0.0345 0.6523 0.0499 0.0057 0.0163 0.0158 0.0094 0.0102 0.0096 0.0036 0.0108 0.0143 0.0072 0.0098 0.0159 
      H115.4  1 0.0211 0.0093 0.3507 0.0796 0.0067 0.0283 0.0107 0.0639 0.2053 0.0206 0.0272 0.0491 0.0143 0.0093 0.0112 0.0053 0.0166 0.0117 0.0066 0.0070 0.0455 
      H115.5  1 0.0308 0.0337 0.0493 0.0163 0.0274 0.0163 0.0334 0.4357 0.0254 0.0170 0.0682 0.0578 0.0145 0.0200 0.0148 0.0135 0.0245 0.0068 0.0158 0.0426 0.0364 
      H115.6  1 0.0107 0.0160 0.0358 0.0095 0.0369 0.0061 0.0430 0.5157 0.1348 0.0084 0.0209 0.0182 0.0085 0.0083 0.0228 0.0064 0.0069 0.0216 0.0381 0.0135 0.0180 
      H115.7  1 0.0157 0.0062 0.0231 0.0199 0.0306 0.0059 0.0177 0.4985 0.1408 0.0085 0.0374 0.0168 0.0098 0.0105 0.0217 0.0126 0.0104 0.0282 0.0614 0.0050 0.0193 
      H115.8  1 0.0070 0.0298 0.0241 0.0155 0.0140 0.0105 0.0096 0.6689 0.0400 0.0060 0.0241 0.0156 0.0076 0.0127 0.0113 0.0050 0.0132 0.0120 0.0081 0.0481 0.0167 
      H115.9  1 0.0053 0.0214 0.0149 0.0092 0.0130 0.0074 0.0047 0.8171 0.0042 0.0123 0.0039 0.0109 0.0185 0.0051 0.0056 0.0094 0.0095 0.0049 0.0051 0.0054 0.0120 
      H145.1  1 0.8247 0.0078 0.0075 0.0031 0.0162 0.0069 0.0068 0.0104 0.0054 0.0106 0.0029 0.0077 0.0139 0.0054 0.0041 0.0061 0.0072 0.0065 0.0157 0.0236 0.0077 
      H145.2  1 0.6667 0.0076 0.0277 0.0035 0.1087 0.0162 0.0071 0.0068 0.0080 0.0159 0.0033 0.0137 0.0155 0.0097 0.0052 0.0050 0.0050 0.0080 0.0359 0.0219 0.0087 
      H145.3  1 0.8319 0.0195 0.0085 0.0034 0.0058 0.0052 0.0063 0.0052 0.0046 0.0068 0.0078 0.0049 0.0136 0.0034 0.0059 0.0038 0.0086 0.0051 0.0048 0.0403 0.0045 
      H145.4  1 0.9024 0.0047 0.0044 0.0029 0.0055 0.0035 0.0051 0.0054 0.0040 0.0030 0.0035 0.0062 0.0080 0.0036 0.0035 0.0049 0.0041 0.0050 0.0097 0.0056 0.0050 
      H145.5  1 0.7742 0.0077 0.0079 0.0033 0.0065 0.0051 0.0056 0.0049 0.0091 0.0064 0.0066 0.0048 0.0075 0.0031 0.0045 0.0052 0.0047 0.0060 0.0063 0.1162 0.0045 
      H145.6  1 0.7005 0.0062 0.0135 0.0040 0.0795 0.0117 0.0055 0.0046 0.0053 0.0061 0.0094 0.0123 0.0115 0.0075 0.0089 0.0061 0.0079 0.0067 0.0706 0.0143 0.0081 
      H145.7  1 0.8829 0.0079 0.0076 0.0027 0.0068 0.0060 0.0046 0.0039 0.0050 0.0041 0.0101 0.0075 0.0063 0.0033 0.0035 0.0038 0.0048 0.0065 0.0106 0.0039 0.0080 
      H149.1  1 0.0042 0.0046 0.0033 0.0043 0.0045 0.0039 0.0045 0.0042 0.0051 0.0031 0.0034 0.9178 0.0034 0.0033 0.0038 0.0045 0.0042 0.0047 0.0048 0.0047 0.0038 
      H149.2  1 0.0069 0.0039 0.0030 0.0031 0.0070 0.0035 0.0083 0.0036 0.0087 0.0055 0.0041 0.8801 0.0045 0.0040 0.0058 0.0052 0.0042 0.0038 0.0234 0.0038 0.0075 
      H149.3  1 0.0186 0.0082 0.0052 0.0094 0.0138 0.0062 0.0167 0.0077 0.0314 0.0074 0.0079 0.7376 0.0088 0.0089 0.0172 0.0121 0.0108 0.0127 0.0362 0.0057 0.0176 
      H149.4  1 0.0064 0.0077 0.0059 0.0063 0.0100 0.0160 0.0074 0.0054 0.0063 0.0062 0.0052 0.8124 0.0065 0.0142 0.0107 0.0064 0.0059 0.0342 0.0095 0.0078 0.0094 
      H149.5  1 0.0211 0.0072 0.0038 0.0057 0.0076 0.0218 0.0106 0.0038 0.0118 0.0074 0.0057 0.6654 0.0077 0.0185 0.0167 0.0064 0.0062 0.0180 0.0887 0.0041 0.0621 
      H149.6  1 0.0062 0.0032 0.0037 0.0043 0.0056 0.0043 0.0083 0.0033 0.0097 0.0062 0.0037 0.8572 0.0048 0.0071 0.0109 0.0062 0.0049 0.0067 0.0316 0.0044 0.0077 
      H149.7  1 0.0167 0.0108 0.0067 0.0189 0.0186 0.0316 0.0178 0.0053 0.0179 0.0193 0.0090 0.4826 0.0073 0.0293 0.0701 0.0419 0.0172 0.0635 0.0763 0.0095 0.0296 
      H150.1  1 0.0062 0.0075 0.0174 0.0041 0.0076 0.0076 0.0048 0.8639 0.0090 0.0061 0.0051 0.0032 0.0057 0.0093 0.0042 0.0046 0.0065 0.0043 0.0093 0.0075 0.0062 
      H150.2  1 0.0055 0.0045 0.0257 0.0067 0.0066 0.0067 0.0103 0.7794 0.0416 0.0097 0.0092 0.0088 0.0034 0.0090 0.0085 0.0062 0.0052 0.0121 0.0126 0.0156 0.0126 
      H150.3  1 0.0060 0.0072 0.0141 0.0064 0.0077 0.0074 0.0052 0.8338 0.0138 0.0062 0.0113 0.0045 0.0055 0.0077 0.0114 0.0100 0.0047 0.0061 0.0162 0.0077 0.0071 
      H150.4  1 0.0046 0.0063 0.0086 0.0043 0.0051 0.0044 0.0062 0.8747 0.0077 0.0056 0.0082 0.0032 0.0069 0.0052 0.0071 0.0084 0.0047 0.0042 0.0104 0.0094 0.0049 
      H150.5  1 0.0088 0.0068 0.0359 0.0086 0.0156 0.0057 0.0299 0.7102 0.0441 0.0045 0.0140 0.0069 0.0073 0.0180 0.0104 0.0075 0.0103 0.0149 0.0231 0.0044 0.0128 
      H150.6  1 0.0149 0.0040 0.1066 0.0116 0.0091 0.0084 0.0216 0.2711 0.2252 0.0079 0.0802 0.0078 0.0043 0.0811 0.0122 0.0054 0.0106 0.0338 0.0338 0.0123 0.0381 
      H150.7  1 0.0057 0.0048 0.0121 0.0032 0.0084 0.0069 0.0052 0.8805 0.0085 0.0067 0.0050 0.0038 0.0050 0.0056 0.0045 0.0047 0.0044 0.0049 0.0087 0.0074 0.0041 
   H169607.1  1 0.2012 0.0123 0.0227 0.0230 0.0290 0.1233 0.0448 0.0474 0.0119 0.1905 0.0215 0.0072 0.0168 0.0086 0.0383 0.0131 0.0700 0.0135 0.0694 0.0187 0.0167 
   H169607.2  1 0.0391 0.0311 0.0622 0.0171 0.0174 0.0660 0.0242 0.0483 0.0093 0.0445 0.0091 0.0116 0.2430 0.0080 0.0124 0.0074 0.0171 0.1035 0.2134 0.0042 0.0111 
   H169607.3  1 0.1095 0.0410 0.0212 0.0123 0.0215 0.1384 0.0532 0.0230 0.0131 0.0651 0.0254 0.0076 0.0918 0.0069 0.0402 0.0108 0.0708 0.0123 0.1527 0.0133 0.0698 
   H169607.4  1 0.0556 0.0076 0.0256 0.0136 0.0494 0.0789 0.1003 0.0164 0.0085 0.0797 0.0084 0.0055 0.1527 0.0096 0.0109 0.0059 0.0263 0.0470 0.2844 0.0063 0.0076 
   H169607.5  1 0.0263 0.0357 0.0515 0.0049 0.0348 0.0287 0.1111 0.1135 0.0130 0.0198 0.0079 0.0165 0.1172 0.0088 0.0114 0.0055 0.0342 0.0904 0.1897 0.0077 0.0712 
   H169607.6  1 0.0090 0.0300 0.0237 0.0230 0.0079 0.0976 0.0180 0.0216 0.0088 0.0221 0.0093 0.0078 0.3852 0.0067 0.0085 0.0054 0.0149 0.0497 0.2373 0.0041 0.0093 
   H169607.7  1 0.0355 0.0630 0.2250 0.0813 0.0097 0.1593 0.0465 0.0278 0.0182 0.0131 0.0192 0.0100 0.0624 0.0218 0.0095 0.0053 0.0168 0.0529 0.1061 0.0061 0.0103 
   H169607.8  1 0.0329 0.0130 0.0207 0.0192 0.0243 0.0906 0.0610 0.0133 0.0057 0.0944 0.0089 0.0042 0.3942 0.0052 0.0125 0.0088 0.0307 0.0302 0.1194 0.0048 0.0059 
   H169633.1  1 0.0268 0.0069 0.0086 0.0235 0.0141 0.0072 0.0048 0.0118 0.0161 0.0066 0.0158 0.7387 0.0057 0.0126 0.0115 0.0103 0.0442 0.0032 0.0097 0.0121 0.0097 
   H169633.2  1 0.0117 0.0119 0.0087 0.0882 0.0040 0.0063 0.0041 0.0039 0.0096 0.0065 0.0094 0.7436 0.0031 0.0118 0.0267 0.0075 0.0132 0.0044 0.0130 0.0086 0.0040 
   H169633.3  1 0.0107 0.0141 0.0067 0.0127 0.0061 0.0066 0.0059 0.0088 0.0251 0.0067 0.0062 0.8021 0.0046 0.0148 0.0100 0.0206 0.0095 0.0058 0.0092 0.0056 0.0084 
   H169633.4  1 0.0120 0.0069 0.0054 0.0058 0.0256 0.0066 0.0061 0.0101 0.0138 0.0057 0.0084 0.8109 0.0086 0.0127 0.0038 0.0069 0.0083 0.0045 0.0086 0.0149 0.0143 
   H169633.5  1 0.0100 0.0077 0.0057 0.0082 0.0286 0.0057 0.0057 0.0117 0.0120 0.0053 0.0089 0.8067 0.0082 0.0142 0.0041 0.0081 0.0087 0.0050 0.0075 0.0138 0.0139 
   H169688.1  1 0.0334 0.0075 0.0062 0.0204 0.0056 0.0070 0.0062 0.0111 0.0058 0.0109 0.0350 0.0195 0.0418 0.0033 0.0607 0.0164 0.6653 0.0125 0.0211 0.0040 0.0063 
   H169688.2  1 0.0075 0.0079 0.0150 0.0196 0.0038 0.0129 0.0060 0.0102 0.0067 0.0047 0.0182 0.0079 0.0082 0.0099 0.1440 0.0116 0.6658 0.0133 0.0125 0.0095 0.0048 
   H169688.3  1 0.0219 0.0054 0.0271 0.0113 0.0048 0.0130 0.0043 0.0140 0.0078 0.0051 0.0133 0.0092 0.0056 0.0083 0.0442 0.0099 0.7481 0.0150 0.0193 0.0059 0.0067 
   H169688.4  1 0.0120 0.0056 0.0220 0.0077 0.0092 0.0109 0.0077 0.1344 0.0042 0.0045 0.0093 0.0065 0.0062 0.0100 0.0204 0.0069 0.6845 0.0089 0.0078 0.0152 0.0063 
   H169688.5  1 0.0080 0.0056 0.0449 0.0091 0.0065 0.0053 0.0082 0.1479 0.0052 0.0039 0.0079 0.0068 0.0068 0.0099 0.0175 0.0093 0.6569 0.0079 0.0088 0.0161 0.0075 
   H169688.6  1 0.0316 0.0054 0.0110 0.0376 0.0079 0.0127 0.0059 0.0238 0.0038 0.0052 0.0158 0.0207 0.0163 0.0247 0.0687 0.0069 0.6178 0.0361 0.0086 0.0333 0.0061 
   H169688.7  1 0.0525 0.0097 0.0577 0.0107 0.0070 0.0338 0.0043 0.0147 0.0251 0.0107 0.0129 0.0088 0.0056 0.0063 0.0199 0.0131 0.6597 0.0181 0.0097 0.0138 0.0060 
   H171901.1  1 0.0095 0.0117 0.0219 0.0069 0.0196 0.0414 0.0067 0.0143 0.0220 0.0061 0.0095 0.0058 0.0084 0.0067 0.0543 0.0093 0.0201 0.0076 0.6675 0.0401 0.0108 
   H171901.2  1 0.0137 0.0104 0.0267 0.0098 0.0242 0.0121 0.0127 0.0439 0.0277 0.0099 0.0076 0.6667 0.0271 0.0148 0.0067 0.0081 0.0308 0.0156 0.0174 0.0080 0.0060 
   H171901.3  1 0.0052 0.0081 0.0178 0.0083 0.0284 0.0260 0.0128 0.0261 0.0177 0.0078 0.0097 0.6179 0.0054 0.0061 0.0306 0.0072 0.0820 0.0233 0.0327 0.0068 0.0200 
   H171901.4  1 0.0062 0.0115 0.0873 0.0242 0.0117 0.0135 0.0217 0.0194 0.0151 0.0185 0.0113 0.6072 0.0114 0.0239 0.0160 0.0063 0.0340 0.0172 0.0276 0.0077 0.0081 
   H171901.5  1 0.0123 0.0085 0.0562 0.0245 0.0255 0.0145 0.0387 0.0192 0.0178 0.0338 0.0056 0.4594 0.0098 0.0212 0.0294 0.0080 0.0468 0.1070 0.0425 0.0079 0.0114 
   H171901.6  1 0.0154 0.0083 0.0540 0.0292 0.0364 0.0126 0.0724 0.0320 0.0235 0.0358 0.0051 0.3119 0.0120 0.0313 0.0252 0.0125 0.0614 0.0933 0.1087 0.0076 0.0115 
   H171901.7  1 0.0104 0.0134 0.0414 0.0076 0.0146 0.0140 0.0106 0.0265 0.0158 0.0053 0.0062 0.5705 0.0079 0.0093 0.0187 0.0105 0.1047 0.0665 0.0258 0.0060 0.0144 
   H171902.1  1 0.0226 0.0129 0.0364 0.0176 0.0416 0.0129 0.0117 0.0286 0.0097 0.1240 0.0212 0.0103 0.0131 0.0077 0.0092 0.0106 0.2251 0.2365 0.0161 0.1282 0.0040 
  H171902.10  1 0.0285 0.0074 0.0060 0.0179 0.0123 0.0091 0.0086 0.0149 0.0112 0.0138 0.0261 0.0170 0.0232 0.0038 0.0080 0.0054 0.0271 0.7211 0.0156 0.0183 0.0045 
   H171902.2  1 0.0086 0.0405 0.0341 0.0364 0.0108 0.0206 0.0164 0.0251 0.0107 0.0319 0.0657 0.0120 0.0091 0.0212 0.0395 0.0252 0.4355 0.0575 0.0395 0.0541 0.0056 
   H171902.3  1 0.0074 0.0147 0.0204 0.0508 0.0134 0.0448 0.0152 0.0604 0.0132 0.0345 0.0161 0.0385 0.0146 0.0097 0.0117 0.0151 0.0243 0.5421 0.0310 0.0171 0.0049 
   H171902.4  1 0.0586 0.0151 0.0097 0.0065 0.0620 0.0044 0.0148 0.0455 0.0186 0.0079 0.0145 0.2041 0.0096 0.0138 0.0084 0.0155 0.2240 0.1622 0.0489 0.0501 0.0061 
   H171902.6  1 0.0126 0.0083 0.0066 0.0147 0.0240 0.0123 0.0069 0.0237 0.0281 0.0115 0.0128 0.0139 0.0227 0.0038 0.0050 0.0100 0.0091 0.7224 0.0237 0.0231 0.0051 
   H171902.7  1 0.0294 0.0084 0.0092 0.0052 0.0123 0.0088 0.0658 0.0194 0.0184 0.0131 0.0043 0.0251 0.0132 0.0056 0.0098 0.0053 0.0115 0.5355 0.0987 0.0949 0.0063 
   H171902.8  1 0.0145 0.0079 0.0075 0.0227 0.0249 0.0150 0.0105 0.0246 0.0212 0.0176 0.0145 0.0189 0.0245 0.0055 0.0126 0.0095 0.0107 0.6665 0.0254 0.0378 0.0075 
   H171902.9  1 0.0316 0.0108 0.0342 0.0076 0.0601 0.0096 0.0239 0.2585 0.0110 0.0271 0.0089 0.0085 0.0122 0.0113 0.0098 0.0173 0.1766 0.1403 0.0608 0.0747 0.0053 
   H171903.1  1 0.0188 0.0168 0.0882 0.0086 0.0101 0.0110 0.0365 0.0736 0.0098 0.0212 0.0063 0.0149 0.5296 0.0122 0.0093 0.0062 0.0259 0.0295 0.0545 0.0048 0.0122 
   H171903.2  1 0.0123 0.0434 0.0721 0.0056 0.0138 0.0502 0.0284 0.0372 0.0085 0.0384 0.0056 0.0120 0.5202 0.0272 0.0090 0.0079 0.0167 0.0215 0.0156 0.0141 0.0401 
   H171903.3  1 0.0113 0.0303 0.0929 0.0143 0.0164 0.0306 0.0458 0.0366 0.0500 0.0725 0.0056 0.0524 0.1643 0.0149 0.0172 0.0131 0.0678 0.0614 0.0944 0.0163 0.0920 
   H171903.4  1 0.0250 0.0066 0.0203 0.0061 0.0286 0.0106 0.0564 0.0178 0.0188 0.0076 0.0172 0.0073 0.0349 0.0109 0.0992 0.0113 0.0613 0.0215 0.5162 0.0073 0.0151 
   H171903.5  1 0.0106 0.0208 0.1017 0.0166 0.0077 0.1720 0.0255 0.0517 0.0174 0.0589 0.0092 0.0611 0.0561 0.0129 0.0188 0.0170 0.1023 0.0175 0.0375 0.0102 0.1744 
   H171903.6  1 0.0099 0.0130 0.0763 0.0059 0.0128 0.0271 0.1338 0.0294 0.0065 0.0100 0.0082 0.0464 0.0626 0.0063 0.0107 0.0078 0.3885 0.0400 0.0652 0.0044 0.0352 
      H177.1  1 0.0276 0.0057 0.0216 0.0111 0.0232 0.0067 0.0277 0.0251 0.0153 0.0088 0.0044 0.1672 0.0244 0.0058 0.1789 0.0122 0.0268 0.3304 0.0521 0.0105 0.0145 
      H177.2  1 0.2043 0.0521 0.0270 0.0165 0.0229 0.0852 0.1472 0.0138 0.0297 0.0527 0.0167 0.1126 0.0187 0.0078 0.0158 0.0112 0.0314 0.0767 0.0052 0.0190 0.0338 
      H177.3  1 0.0892 0.0121 0.0254 0.0106 0.0955 0.0360 0.0881 0.0198 0.0240 0.0138 0.0048 0.2204 0.0156 0.0062 0.0099 0.0184 0.0388 0.2253 0.0103 0.0212 0.0147 
      H177.4  1 0.0257 0.0091 0.0083 0.0191 0.0117 0.0111 0.0327 0.0046 0.0116 0.0181 0.0050 0.3872 0.0209 0.0148 0.2336 0.0077 0.0147 0.1172 0.0267 0.0086 0.0117 
      H177.5  1 0.0073 0.0145 0.0150 0.0059 0.0091 0.0061 0.1053 0.0169 0.0173 0.0059 0.0097 0.0200 0.0241 0.0294 0.5181 0.0120 0.0409 0.0743 0.0316 0.0082 0.0284 
      H177.6  1 0.0376 0.0092 0.0391 0.0104 0.1173 0.0228 0.0562 0.0204 0.0258 0.0219 0.0047 0.3331 0.0086 0.0051 0.0117 0.0194 0.0189 0.1966 0.0098 0.0210 0.0105 
      H179.1  1 0.0039 0.0057 0.0098 0.5482 0.0281 0.0676 0.0153 0.0093 0.0078 0.0293 0.0070 0.0074 0.0035 0.0138 0.0434 0.0311 0.1061 0.0268 0.0095 0.0067 0.0197 
      H179.2  1 0.0055 0.0191 0.0226 0.3350 0.0068 0.1844 0.0317 0.0134 0.0159 0.0350 0.0081 0.0159 0.0089 0.0115 0.0465 0.0353 0.1292 0.0349 0.0099 0.0060 0.0244 
      H179.3  1 0.0065 0.0147 0.0260 0.1343 0.0181 0.1663 0.0118 0.0146 0.0059 0.0089 0.0118 0.0055 0.0119 0.0107 0.1075 0.0177 0.3648 0.0184 0.0109 0.0058 0.0277 
      H179.4  1 0.0150 0.0226 0.0151 0.0481 0.0112 0.2175 0.0245 0.0048 0.0105 0.0357 0.0245 0.2730 0.0107 0.0173 0.0310 0.0337 0.1197 0.0559 0.0108 0.0051 0.0133 
      H180.1  1 0.0045 0.0061 0.6205 0.0452 0.0054 0.0103 0.0099 0.0285 0.1428 0.0140 0.0242 0.0065 0.0060 0.0107 0.0066 0.0043 0.0097 0.0105 0.0056 0.0146 0.0140 
      H180.2  1 0.0033 0.0070 0.5670 0.0193 0.0160 0.0057 0.0175 0.0546 0.1105 0.0108 0.0399 0.0091 0.0087 0.0359 0.0097 0.0077 0.0317 0.0120 0.0099 0.0172 0.0063 
      H180.3  1 0.0081 0.0468 0.4663 0.0053 0.0071 0.0079 0.0119 0.2384 0.0305 0.0556 0.0094 0.0064 0.0093 0.0100 0.0057 0.0241 0.0075 0.0057 0.0068 0.0189 0.0185 
      H180.4  1 0.0054 0.0126 0.4798 0.0246 0.0060 0.0148 0.0097 0.0218 0.1558 0.0086 0.0232 0.0131 0.0085 0.1052 0.0068 0.0081 0.0237 0.0190 0.0149 0.0241 0.0144 
      H180.5  1 0.0058 0.0232 0.5038 0.0245 0.0068 0.0085 0.0288 0.0316 0.1815 0.0071 0.0226 0.0086 0.0123 0.0126 0.0117 0.0052 0.0251 0.0241 0.0103 0.0352 0.0107 
      H180.6  1 0.0141 0.4404 0.2000 0.0074 0.0089 0.0182 0.0067 0.0279 0.0692 0.0135 0.0317 0.0080 0.0085 0.0192 0.0062 0.0133 0.0136 0.0123 0.0170 0.0543 0.0098 
      H181.1  1 0.0125 0.0062 0.0127 0.0477 0.0058 0.0254 0.0097 0.0115 0.0305 0.0191 0.2378 0.3313 0.0542 0.0078 0.0085 0.0072 0.0481 0.0145 0.0090 0.0144 0.0861 
      H181.2  1 0.0507 0.0087 0.0198 0.3072 0.0101 0.0099 0.0101 0.0108 0.1021 0.0456 0.1283 0.0930 0.0187 0.0101 0.0131 0.0107 0.0287 0.0731 0.0141 0.0223 0.0128 
      H181.3  1 0.0211 0.0095 0.0259 0.2413 0.0151 0.0136 0.0256 0.0051 0.0554 0.0188 0.2500 0.1151 0.0204 0.0070 0.0257 0.0085 0.0469 0.0604 0.0136 0.0132 0.0078 
      H181.4  1 0.0433 0.0196 0.0244 0.0143 0.0136 0.0190 0.0438 0.0955 0.0413 0.0484 0.0958 0.1391 0.0193 0.0088 0.0185 0.0229 0.0196 0.0671 0.0155 0.0034 0.2268 
      H181.5  1 0.0080 0.0151 0.0149 0.3228 0.0105 0.0597 0.0159 0.0073 0.0351 0.0306 0.1846 0.0743 0.0103 0.0111 0.0472 0.0546 0.0397 0.0171 0.0143 0.0151 0.0118 
      H181.6  1 0.0088 0.0104 0.0410 0.3679 0.0125 0.0748 0.0223 0.0228 0.0686 0.0759 0.0170 0.0461 0.0214 0.0489 0.0180 0.0245 0.0515 0.0223 0.0218 0.0071 0.0163 
      H181.7  1 0.0189 0.0307 0.0528 0.1969 0.0105 0.1829 0.0083 0.0176 0.0079 0.0314 0.0631 0.1887 0.0132 0.0148 0.0158 0.0098 0.0630 0.0287 0.0081 0.0097 0.0272 
 H194.1_2004  1 0.0195 0.0162 0.0402 0.0041 0.0118 0.0054 0.0080 0.0122 0.0217 0.0055 0.0053 0.0149 0.0514 0.0068 0.0077 0.0100 0.0303 0.0234 0.6928 0.0060 0.0068 
 H194.2_2004  1 0.0209 0.0048 0.0160 0.0061 0.0108 0.0040 0.0039 0.0056 0.0162 0.0053 0.0043 0.0086 0.0120 0.0040 0.0200 0.0043 0.0064 0.0173 0.7984 0.0245 0.0066 
 H194.3_2004  1 0.0518 0.0083 0.0064 0.0099 0.0137 0.0064 0.0061 0.0087 0.0101 0.0109 0.0039 0.2698 0.0147 0.0076 0.0089 0.1331 0.0083 0.0455 0.3580 0.0117 0.0060 
 H194.4_2004  1 0.1991 0.0071 0.0062 0.0064 0.0088 0.0059 0.0074 0.0065 0.0102 0.0084 0.0059 0.1021 0.0485 0.0047 0.0465 0.0132 0.0089 0.0160 0.4659 0.0175 0.0049 
 H194.5_2004  1 0.0241 0.0138 0.0092 0.0063 0.0144 0.0073 0.0122 0.0070 0.0095 0.0212 0.0046 0.1367 0.0205 0.0118 0.0104 0.0481 0.0099 0.0240 0.5987 0.0050 0.0054 
 H194.6_2004  1 0.0172 0.0129 0.0080 0.0055 0.0137 0.0063 0.0108 0.0125 0.0128 0.0175 0.0045 0.3127 0.0172 0.0067 0.1128 0.1515 0.0206 0.0376 0.2056 0.0060 0.0076 
 H194.7_2004  1 0.0241 0.0629 0.0110 0.0035 0.0063 0.0060 0.0101 0.0103 0.0110 0.0046 0.0058 0.0109 0.0820 0.0065 0.0082 0.0119 0.0115 0.0072 0.6915 0.0068 0.0079 
 H194.8_2004  1 0.0381 0.0130 0.0058 0.0060 0.0095 0.0093 0.0104 0.0089 0.0146 0.0115 0.0070 0.1078 0.0166 0.0052 0.0436 0.0376 0.0072 0.0262 0.6070 0.0074 0.0074 
      H194.9  1 0.0341 0.0557 0.0073 0.0038 0.0134 0.0047 0.0094 0.0124 0.0117 0.0057 0.0088 0.0243 0.0542 0.0083 0.0130 0.0152 0.0083 0.0072 0.6847 0.0102 0.0076 
 H195.1_2003  1 0.1067 0.0075 0.0298 0.0060 0.0074 0.0196 0.0087 0.0064 0.0225 0.0140 0.0103 0.0258 0.0294 0.2394 0.0221 0.0102 0.0372 0.0183 0.3669 0.0042 0.0074 
 H195.1_2004  1 0.8720 0.0039 0.0046 0.0055 0.0059 0.0049 0.0038 0.0042 0.0197 0.0040 0.0140 0.0085 0.0050 0.0046 0.0041 0.0050 0.0063 0.0059 0.0052 0.0074 0.0055 
 H195.2_2003  1 0.2041 0.0119 0.1487 0.0103 0.0133 0.0086 0.0183 0.0214 0.0111 0.0250 0.0085 0.0122 0.0278 0.0344 0.0255 0.0092 0.2687 0.0111 0.1180 0.0083 0.0036 
 H195.2_2004  1 0.8622 0.0069 0.0094 0.0043 0.0045 0.0052 0.0055 0.0052 0.0085 0.0039 0.0098 0.0092 0.0071 0.0108 0.0060 0.0050 0.0105 0.0042 0.0080 0.0102 0.0036 
 H195.3_2003  1 0.0797 0.0123 0.0376 0.0054 0.0106 0.0076 0.0445 0.0582 0.0102 0.0160 0.0093 0.0066 0.0582 0.2035 0.0214 0.0116 0.1604 0.0200 0.2107 0.0094 0.0066 
 H195.3_2004  1 0.8581 0.0037 0.0042 0.0053 0.0053 0.0033 0.0054 0.0034 0.0090 0.0043 0.0079 0.0171 0.0132 0.0090 0.0052 0.0058 0.0066 0.0058 0.0169 0.0064 0.0041 
 H195.4_2003  1 0.4821 0.0044 0.0151 0.0084 0.0109 0.0095 0.0078 0.0041 0.0570 0.0092 0.0054 0.0299 0.0231 0.0664 0.0078 0.0120 0.0195 0.0076 0.2117 0.0034 0.0047 
 H195.4_2004  1 0.8580 0.0091 0.0065 0.0041 0.0035 0.0041 0.0044 0.0033 0.0054 0.0039 0.0237 0.0060 0.0108 0.0048 0.0126 0.0056 0.0155 0.0038 0.0053 0.0054 0.0042 
 H195.5_2003  1 0.0847 0.0051 0.0192 0.0057 0.0106 0.0142 0.0127 0.0082 0.0564 0.0110 0.0280 0.0274 0.0166 0.4136 0.0174 0.0119 0.0216 0.0242 0.2007 0.0042 0.0065 
 H195.5_2004  1 0.9007 0.0036 0.0033 0.0052 0.0048 0.0032 0.0036 0.0035 0.0066 0.0036 0.0101 0.0059 0.0072 0.0071 0.0030 0.0045 0.0051 0.0046 0.0037 0.0058 0.0046 
 H195.6_2003  1 0.5302 0.0070 0.0206 0.0055 0.0083 0.0051 0.0172 0.0178 0.0087 0.0095 0.0112 0.0050 0.0300 0.0843 0.0068 0.0045 0.1127 0.0086 0.0961 0.0066 0.0045 
 H195.6_2004  1 0.8846 0.0046 0.0050 0.0041 0.0029 0.0065 0.0044 0.0029 0.0073 0.0053 0.0064 0.0068 0.0122 0.0087 0.0046 0.0075 0.0054 0.0044 0.0077 0.0054 0.0032 
 H195.7_2003  1 0.3649 0.0094 0.0194 0.0079 0.0104 0.0242 0.0155 0.0053 0.0168 0.0126 0.0135 0.0178 0.0097 0.0317 0.0900 0.0114 0.1637 0.0093 0.1563 0.0034 0.0071 
 H195.7_2004  1 0.8809 0.0040 0.0058 0.0047 0.0042 0.0047 0.0055 0.0070 0.0083 0.0032 0.0107 0.0043 0.0040 0.0058 0.0039 0.0038 0.0078 0.0047 0.0037 0.0182 0.0049 
      H195.8  1 0.8814 0.0059 0.0049 0.0039 0.0064 0.0034 0.0038 0.0045 0.0107 0.0032 0.0234 0.0041 0.0072 0.0051 0.0053 0.0040 0.0062 0.0036 0.0042 0.0051 0.0037 
      H195.9  1 0.8791 0.0072 0.0067 0.0043 0.0040 0.0043 0.0057 0.0038 0.0054 0.0042 0.0056 0.0107 0.0124 0.0066 0.0062 0.0060 0.0070 0.0061 0.0067 0.0036 0.0043 
      H415.1  1 0.0471 0.0341 0.0370 0.1357 0.0123 0.0094 0.0110 0.2232 0.0178 0.0719 0.0060 0.0982 0.0074 0.0130 0.0215 0.0163 0.0070 0.0118 0.1362 0.0694 0.0137 
      H415.2  1 0.0335 0.0052 0.0391 0.0169 0.1606 0.0071 0.0118 0.0571 0.0094 0.2547 0.0031 0.0323 0.0077 0.0093 0.0138 0.0829 0.0821 0.1091 0.0205 0.0269 0.0169 
      H415.3  1 0.0243 0.0064 0.0409 0.2997 0.0100 0.0169 0.0242 0.0177 0.0268 0.3159 0.0037 0.0819 0.0035 0.0149 0.0120 0.0110 0.0082 0.0271 0.0335 0.0074 0.0140 
      H415.4  1 0.0162 0.0439 0.0500 0.0302 0.0102 0.0077 0.0151 0.1084 0.0973 0.2867 0.0068 0.0303 0.0055 0.0155 0.0161 0.0433 0.0059 0.0085 0.1679 0.0195 0.0149 
      H415.5  1 0.0157 0.0077 0.0912 0.0645 0.0096 0.0098 0.0085 0.0100 0.0573 0.3863 0.0042 0.0976 0.0040 0.0132 0.0195 0.0257 0.0070 0.0278 0.1115 0.0136 0.0151 
      H415.6  1 0.0164 0.0360 0.0461 0.0282 0.0102 0.0070 0.0137 0.1274 0.0855 0.2569 0.0093 0.0210 0.0046 0.0142 0.0165 0.0734 0.0059 0.0097 0.1814 0.0218 0.0149 
      H415.7  1 0.0270 0.0075 0.0163 0.0423 0.0234 0.0133 0.0460 0.0163 0.0177 0.5392 0.0036 0.0483 0.0044 0.0079 0.0114 0.0156 0.0871 0.0294 0.0190 0.0154 0.0088 
      H506.1  1 0.0067 0.0059 0.0036 0.4890 0.0076 0.0283 0.0069 0.0029 0.0036 0.2795 0.0175 0.0428 0.0040 0.0197 0.0066 0.0190 0.0142 0.0172 0.0038 0.0134 0.0076 
      H506.2  1 0.0286 0.0061 0.0060 0.4714 0.0068 0.0205 0.0072 0.0030 0.0045 0.3175 0.0074 0.0491 0.0054 0.0062 0.0061 0.0149 0.0100 0.0114 0.0046 0.0069 0.0065 
      H506.3  1 0.0177 0.0129 0.0070 0.5845 0.0083 0.0135 0.0086 0.0048 0.0053 0.1297 0.0245 0.0143 0.0043 0.0146 0.0149 0.0231 0.0275 0.0177 0.0039 0.0497 0.0130 
      H506.4  1 0.0081 0.0099 0.0049 0.5000 0.0116 0.0273 0.0134 0.0048 0.0060 0.1704 0.0186 0.0283 0.0077 0.0174 0.0127 0.0330 0.0337 0.0334 0.0066 0.0297 0.0226 
      H506.5  1 0.0088 0.0065 0.0057 0.5350 0.0061 0.0075 0.0118 0.0033 0.0039 0.2924 0.0105 0.0456 0.0060 0.0085 0.0063 0.0074 0.0103 0.0063 0.0037 0.0105 0.0039 
      H506.6  1 0.0271 0.0083 0.0204 0.4251 0.0465 0.0380 0.0220 0.0042 0.0071 0.0793 0.0222 0.0088 0.0165 0.0107 0.0300 0.0090 0.1444 0.0111 0.0049 0.0377 0.0266 
      H506.7  1 0.0129 0.0074 0.0051 0.5372 0.0076 0.0088 0.0089 0.0031 0.0053 0.2878 0.0098 0.0347 0.0048 0.0082 0.0066 0.0135 0.0126 0.0077 0.0043 0.0096 0.0043 
      H533.1  1 0.0064 0.0047 0.0059 0.0803 0.0080 0.5363 0.0038 0.0042 0.0044 0.0343 0.0110 0.2233 0.0040 0.0053 0.0052 0.0107 0.0081 0.0207 0.0036 0.0083 0.0116 
      H533.2  1 0.0082 0.0056 0.0065 0.1479 0.0063 0.3432 0.0039 0.0038 0.0039 0.0471 0.0094 0.3340 0.0043 0.0081 0.0052 0.0090 0.0070 0.0173 0.0033 0.0191 0.0067 
      H533.3  1 0.0066 0.0099 0.0105 0.1837 0.0185 0.2868 0.0083 0.0053 0.0050 0.0533 0.0082 0.1921 0.0082 0.0081 0.0056 0.0136 0.0281 0.0848 0.0044 0.0090 0.0499 
      H533.4  1 0.0240 0.0075 0.0339 0.1548 0.0435 0.1875 0.0088 0.0046 0.0061 0.0177 0.0201 0.2853 0.0114 0.0085 0.0083 0.0078 0.0235 0.1017 0.0089 0.0145 0.0216 
      H535.1  1 0.0070 0.0082 0.0332 0.0059 0.0130 0.0142 0.0235 0.0132 0.0139 0.0877 0.0047 0.6128 0.0212 0.0068 0.0220 0.0516 0.0146 0.0203 0.0110 0.0061 0.0091 
      H535.2  1 0.0298 0.0329 0.0093 0.0094 0.0064 0.0176 0.0111 0.0046 0.0152 0.0179 0.0390 0.6855 0.0163 0.0224 0.0381 0.0058 0.0089 0.0094 0.0067 0.0035 0.0102 
      H535.3  1 0.0329 0.0227 0.0090 0.0061 0.0191 0.0208 0.0111 0.0081 0.0132 0.0332 0.0881 0.5830 0.0270 0.0446 0.0224 0.0097 0.0128 0.0062 0.0116 0.0060 0.0125 
      H535.4  1 0.0064 0.0041 0.0053 0.0046 0.0033 0.0044 0.0042 0.0041 0.0079 0.0106 0.0064 0.8908 0.0040 0.0118 0.0039 0.0063 0.0040 0.0043 0.0063 0.0029 0.0045 
      H535.5  1 0.0069 0.0050 0.0082 0.0040 0.0041 0.0063 0.0052 0.0069 0.0046 0.0069 0.0044 0.8646 0.0076 0.0093 0.0136 0.0094 0.0074 0.0097 0.0053 0.0035 0.0073 
      H535.6  1 0.0365 0.0103 0.0235 0.0042 0.0156 0.0187 0.0186 0.0289 0.0396 0.0232 0.0177 0.4110 0.0312 0.0065 0.1660 0.0622 0.0185 0.0205 0.0305 0.0063 0.0106 
      H535.7  1 0.0069 0.0062 0.0068 0.0032 0.0046 0.0079 0.0040 0.0061 0.0031 0.0068 0.0047 0.8638 0.0088 0.0139 0.0113 0.0088 0.0093 0.0079 0.0032 0.0059 0.0069 
      H535.8  1 0.0119 0.0118 0.0078 0.0041 0.0085 0.0099 0.0063 0.0071 0.0042 0.0165 0.0247 0.6984 0.0075 0.0202 0.1090 0.0147 0.0068 0.0062 0.0106 0.0051 0.0087 
      H535.9  1 0.0142 0.0078 0.0105 0.0067 0.0385 0.0104 0.0106 0.0196 0.0228 0.0204 0.0099 0.7095 0.0299 0.0278 0.0066 0.0123 0.0105 0.0093 0.0076 0.0075 0.0074 
      H539.1  1 0.0031 0.0049 0.0051 0.0032 0.0093 0.0031 0.0033 0.9139 0.0034 0.0045 0.0030 0.0027 0.0074 0.0034 0.0035 0.0036 0.0046 0.0041 0.0036 0.0063 0.0042 
      H539.2  1 0.0067 0.0099 0.0638 0.0115 0.0081 0.0149 0.0071 0.6329 0.0091 0.0125 0.0289 0.0079 0.0190 0.0092 0.0124 0.0062 0.0469 0.0589 0.0102 0.0090 0.0150 
      H539.3  1 0.0078 0.0088 0.0092 0.0042 0.0057 0.0064 0.0058 0.8140 0.0044 0.0043 0.0069 0.0056 0.0341 0.0077 0.0116 0.0080 0.0141 0.0093 0.0210 0.0067 0.0043 
      H539.4  1 0.0037 0.0060 0.0108 0.0071 0.0062 0.0071 0.0057 0.8583 0.0043 0.0062 0.0068 0.0039 0.0051 0.0074 0.0062 0.0037 0.0192 0.0071 0.0046 0.0124 0.0082 
      H539.5  1 0.0037 0.0067 0.0041 0.0027 0.0050 0.0033 0.0036 0.9154 0.0050 0.0052 0.0034 0.0032 0.0073 0.0022 0.0036 0.0048 0.0033 0.0045 0.0049 0.0046 0.0035 
      H539.6  1 0.0043 0.0056 0.0083 0.0031 0.0048 0.0039 0.0047 0.9090 0.0049 0.0051 0.0042 0.0028 0.0052 0.0034 0.0037 0.0046 0.0037 0.0041 0.0066 0.0041 0.0039 
      H539.7  1 0.0032 0.0037 0.0051 0.0032 0.0052 0.0036 0.0045 0.9168 0.0041 0.0035 0.0034 0.0034 0.0034 0.0037 0.0052 0.0039 0.0068 0.0052 0.0048 0.0035 0.0038 
      H539.8  1 0.0061 0.0051 0.0066 0.0047 0.0065 0.0059 0.0059 0.8057 0.0059 0.0057 0.0120 0.0105 0.0082 0.0166 0.0200 0.0158 0.0143 0.0085 0.0127 0.0121 0.0114 
      H539.9  1 0.0038 0.0068 0.0052 0.0047 0.0048 0.0051 0.0051 0.8952 0.0028 0.0046 0.0044 0.0029 0.0055 0.0053 0.0051 0.0035 0.0106 0.0048 0.0035 0.0096 0.0069 
      H540.1  1 0.0116 0.0059 0.0064 0.0054 0.0103 0.0093 0.0153 0.8210 0.0062 0.0084 0.0077 0.0066 0.0123 0.0042 0.0054 0.0056 0.0092 0.0162 0.0056 0.0076 0.0199 
      H540.2  1 0.0045 0.0040 0.0077 0.0045 0.0124 0.0060 0.0075 0.8825 0.0052 0.0055 0.0027 0.0039 0.0074 0.0033 0.0051 0.0069 0.0054 0.0085 0.0058 0.0033 0.0081 
      H540.3  1 0.0115 0.0049 0.0098 0.0075 0.0520 0.0092 0.0217 0.3843 0.0201 0.0209 0.0133 0.0082 0.0050 0.0062 0.0226 0.0721 0.0271 0.0156 0.0338 0.2298 0.0245 
      H540.4  1 0.0066 0.0039 0.0065 0.0071 0.0083 0.0089 0.0087 0.8678 0.0093 0.0060 0.0049 0.0048 0.0056 0.0049 0.0074 0.0064 0.0071 0.0079 0.0062 0.0030 0.0085 
      H540.5  1 0.0042 0.0059 0.0059 0.0073 0.0087 0.0087 0.0099 0.8402 0.0062 0.0067 0.0071 0.0063 0.0066 0.0036 0.0089 0.0100 0.0124 0.0110 0.0061 0.0156 0.0088 
      H540.6  1 0.0106 0.0115 0.0078 0.0087 0.0097 0.0176 0.0165 0.7604 0.0136 0.0101 0.0178 0.0087 0.0168 0.0044 0.0127 0.0098 0.0168 0.0134 0.0084 0.0099 0.0147 
      H540.7  1 0.0050 0.0069 0.0098 0.0068 0.0087 0.0073 0.0082 0.8633 0.0084 0.0068 0.0042 0.0089 0.0050 0.0051 0.0053 0.0048 0.0069 0.0100 0.0064 0.0031 0.0090 
      H540.8  1 0.0047 0.0042 0.0109 0.0042 0.0081 0.0067 0.0105 0.8400 0.0071 0.0078 0.0027 0.0080 0.0070 0.0041 0.0058 0.0081 0.0085 0.0215 0.0125 0.0059 0.0118 
     H9558.1  1 0.0040 0.0054 0.0101 0.0079 0.0178 0.0088 0.0053 0.8473 0.0039 0.0068 0.0061 0.0048 0.0136 0.0063 0.0070 0.0057 0.0081 0.0108 0.0079 0.0093 0.0031 
     H9558.2  1 0.0046 0.0164 0.0140 0.0114 0.0276 0.0206 0.0078 0.7744 0.0043 0.0120 0.0091 0.0046 0.0097 0.0149 0.0137 0.0086 0.0119 0.0070 0.0106 0.0119 0.0049 
     H9558.3  1 0.0057 0.0115 0.0100 0.0072 0.0089 0.0079 0.0049 0.8318 0.0051 0.0199 0.0063 0.0052 0.0112 0.0158 0.0062 0.0074 0.0055 0.0047 0.0081 0.0100 0.0068 
     H9558.4  1 0.0032 0.0052 0.0137 0.0083 0.0147 0.0125 0.0068 0.8508 0.0034 0.0074 0.0043 0.0042 0.0079 0.0065 0.0048 0.0057 0.0104 0.0115 0.0048 0.0093 0.0045 
     H9558.5  1 0.0031 0.0031 0.0067 0.0076 0.0059 0.0040 0.0037 0.8678 0.0043 0.0077 0.0055 0.0054 0.0036 0.0101 0.0080 0.0065 0.0095 0.0065 0.0037 0.0153 0.0120 
     H9558.6  1 0.0048 0.0503 0.0093 0.0051 0.0167 0.0058 0.0067 0.7624 0.0045 0.0123 0.0038 0.0049 0.0070 0.0086 0.0094 0.0135 0.0051 0.0065 0.0105 0.0074 0.0456 
    kos339.1  1 0.0058 0.0170 0.0091 0.0285 0.0153 0.0092 0.0221 0.0079 0.0050 0.0373 0.0060 0.7483 0.0063 0.0067 0.0130 0.0056 0.0105 0.0208 0.0057 0.0053 0.0144 
    kos339.2  1 0.0145 0.0130 0.0059 0.0131 0.0051 0.0099 0.0070 0.0061 0.0072 0.0089 0.0076 0.8331 0.0036 0.0105 0.0077 0.0112 0.0063 0.0051 0.0068 0.0096 0.0077 
    kos339.3  1 0.0045 0.0048 0.0054 0.0042 0.0043 0.0037 0.0052 0.0052 0.0039 0.0052 0.0029 0.9150 0.0035 0.0032 0.0035 0.0037 0.0037 0.0054 0.0042 0.0028 0.0059 
    kos339.4  1 0.0050 0.0059 0.0056 0.0063 0.0035 0.0043 0.0053 0.0052 0.0047 0.0071 0.0051 0.8960 0.0034 0.0048 0.0052 0.0043 0.0045 0.0057 0.0073 0.0048 0.0058 
    kos339.5  1 0.0042 0.0142 0.0064 0.0173 0.0108 0.0063 0.0178 0.0074 0.0070 0.0129 0.0051 0.8149 0.0049 0.0061 0.0096 0.0066 0.0073 0.0225 0.0078 0.0026 0.0083 
    kos339.6  1 0.0156 0.0064 0.0038 0.0082 0.0065 0.0039 0.0070 0.0044 0.0058 0.0071 0.0041 0.8725 0.0043 0.0053 0.0041 0.0061 0.0048 0.0066 0.0051 0.0077 0.0107 
    kos339.7  1 0.0055 0.0043 0.0041 0.0053 0.0037 0.0040 0.0041 0.0039 0.0031 0.0054 0.0032 0.9168 0.0039 0.0031 0.0033 0.0031 0.0040 0.0065 0.0049 0.0036 0.0042 
    kos339.8  1 0.0067 0.0061 0.0074 0.0210 0.0040 0.0075 0.0087 0.0032 0.0050 0.0166 0.0068 0.8421 0.0032 0.0084 0.0081 0.0055 0.0061 0.0079 0.0062 0.0076 0.0122 
    kos339.9  1 0.0141 0.0144 0.0100 0.0076 0.0075 0.0093 0.0124 0.0294 0.0091 0.0122 0.0052 0.7906 0.0062 0.0108 0.0063 0.0072 0.0056 0.0223 0.0092 0.0059 0.0048 
      H008.1  2 0.0113 0.6499 0.0997 0.0112 0.0124 0.0093 0.0061 0.0761 0.0081 0.0067 0.0111 0.0060 0.0065 0.0174 0.0088 0.0088 0.0148 0.0120 0.0079 0.0071 0.0089 
      H008.2  2 0.0174 0.0730 0.0689 0.0096 0.0498 0.0595 0.0101 0.0996 0.0067 0.0121 0.0685 0.0168 0.0252 0.2383 0.0204 0.0121 0.0340 0.0811 0.0193 0.0509 0.0268 
      H008.3  2 0.0419 0.0537 0.0823 0.0200 0.0227 0.0727 0.0082 0.0703 0.0155 0.0143 0.0946 0.0171 0.0531 0.1333 0.0314 0.0499 0.0280 0.0993 0.0254 0.0383 0.0282 
      H008.4  2 0.0178 0.4918 0.1152 0.0140 0.0287 0.0193 0.0120 0.0474 0.0101 0.0122 0.0152 0.0106 0.0154 0.0275 0.0202 0.0297 0.0159 0.0164 0.0334 0.0356 0.0116 
      H008.5  2 0.0121 0.6551 0.0377 0.0084 0.0090 0.0125 0.0120 0.0198 0.0067 0.0068 0.0130 0.0126 0.0158 0.0383 0.0347 0.0256 0.0133 0.0195 0.0190 0.0147 0.0134 
      H008.6  2 0.0163 0.1593 0.0810 0.0089 0.0593 0.0371 0.0096 0.0609 0.0057 0.0172 0.0070 0.0081 0.0307 0.2283 0.0199 0.0208 0.0248 0.0581 0.0395 0.0881 0.0194 
      H008.7  2 0.0118 0.2533 0.1460 0.0207 0.0477 0.0270 0.0121 0.0392 0.0142 0.0179 0.0489 0.0168 0.0131 0.0886 0.0322 0.0304 0.0252 0.0473 0.0375 0.0616 0.0084 
      H008.8  2 0.0114 0.0973 0.1610 0.0067 0.0580 0.2339 0.0112 0.2304 0.0097 0.0151 0.0195 0.0115 0.0142 0.0162 0.0072 0.0108 0.0491 0.0076 0.0097 0.0107 0.0088 
      H008.9  2 0.0236 0.0182 0.0308 0.0070 0.2062 0.0816 0.0101 0.0373 0.0109 0.0140 0.0179 0.0122 0.0279 0.1852 0.0171 0.0286 0.0272 0.0255 0.0465 0.1511 0.0210 
 H029.1_2002  2 0.0041 0.6272 0.0116 0.0217 0.0292 0.0166 0.0171 0.0312 0.0053 0.0339 0.0108 0.0041 0.0051 0.0055 0.0407 0.0088 0.0143 0.0092 0.0792 0.0171 0.0073 
 H029.1_2003  2 0.0095 0.0415 0.0549 0.0113 0.0173 0.0325 0.0067 0.0112 0.0048 0.0315 0.0069 0.0080 0.0098 0.0114 0.4997 0.0763 0.1013 0.0151 0.0255 0.0116 0.0134 
 H029.2_2002  2 0.0189 0.5271 0.0139 0.0125 0.0051 0.0055 0.0151 0.0088 0.0052 0.0239 0.0239 0.0671 0.0109 0.0086 0.0925 0.0479 0.0214 0.0311 0.0167 0.0373 0.0066 
 H029.2_2003  2 0.0147 0.0744 0.0511 0.0066 0.0059 0.0088 0.0163 0.0076 0.0040 0.0194 0.0064 0.0371 0.0135 0.0232 0.4172 0.0222 0.1345 0.0989 0.0057 0.0202 0.0122 
 H029.3_2002  2 0.0330 0.2056 0.0255 0.0235 0.0074 0.0418 0.0150 0.0053 0.0063 0.0380 0.0366 0.1008 0.0161 0.0080 0.0919 0.0393 0.1167 0.0133 0.0078 0.1443 0.0241 
 H029.3_2003  2 0.0076 0.4157 0.0088 0.0166 0.0033 0.0112 0.0065 0.0067 0.0055 0.0068 0.0062 0.0122 0.0053 0.0352 0.3541 0.0196 0.0303 0.0147 0.0103 0.0083 0.0153 
 H029.4_2002  2 0.0123 0.7325 0.0098 0.0275 0.0048 0.0092 0.0041 0.0041 0.0056 0.0039 0.0180 0.0038 0.0042 0.0061 0.0627 0.0106 0.0352 0.0055 0.0154 0.0172 0.0076 
 H029.4_2003  2 0.0054 0.0796 0.0288 0.0406 0.0091 0.0172 0.0111 0.0221 0.0056 0.0109 0.0062 0.0049 0.0059 0.0129 0.2307 0.0118 0.4105 0.0125 0.0417 0.0177 0.0148 
 H029.5_2002  2 0.0044 0.7700 0.0067 0.0097 0.0070 0.0069 0.0083 0.0075 0.0067 0.0104 0.0125 0.0044 0.0034 0.0101 0.0377 0.0285 0.0083 0.0066 0.0378 0.0058 0.0072 
 H029.5_2003  2 0.0065 0.3279 0.0457 0.0128 0.0096 0.0137 0.0052 0.0076 0.0042 0.0075 0.0042 0.0050 0.0055 0.0173 0.3060 0.0172 0.1419 0.0254 0.0207 0.0095 0.0066 
 H029.6_2002  2 0.0146 0.3507 0.0145 0.0166 0.0059 0.0247 0.0044 0.0034 0.0051 0.0070 0.0173 0.0045 0.0057 0.0043 0.4198 0.0167 0.0190 0.0051 0.0120 0.0405 0.0080 
 H029.6_2003  2 0.0167 0.3589 0.0120 0.0172 0.0120 0.0166 0.0325 0.0126 0.0097 0.0124 0.0136 0.0294 0.0087 0.0298 0.0727 0.0641 0.1319 0.0942 0.0252 0.0089 0.0208 
      H029.7  2 0.0259 0.6811 0.0152 0.0155 0.0081 0.0045 0.0120 0.0067 0.0045 0.0112 0.0138 0.0290 0.0109 0.0076 0.0357 0.0151 0.0372 0.0138 0.0160 0.0316 0.0046 
      H030.1  2 0.0118 0.0297 0.0178 0.0106 0.0113 0.0120 0.1394 0.0053 0.0177 0.0142 0.0138 0.0081 0.0098 0.0575 0.2012 0.0068 0.0098 0.0186 0.0118 0.0052 0.3876 
      H030.2  2 0.0155 0.0627 0.0322 0.0421 0.0083 0.0130 0.0074 0.0297 0.0393 0.0423 0.1779 0.0067 0.0040 0.0240 0.0201 0.0052 0.0060 0.0079 0.0183 0.0754 0.3619 
      H038.1  2 0.0072 0.8519 0.0074 0.0054 0.0122 0.0093 0.0049 0.0061 0.0031 0.0077 0.0042 0.0047 0.0097 0.0044 0.0070 0.0072 0.0079 0.0042 0.0063 0.0225 0.0068 
      H038.2  2 0.0040 0.8659 0.0069 0.0058 0.0028 0.0049 0.0104 0.0043 0.0125 0.0098 0.0062 0.0147 0.0028 0.0063 0.0061 0.0069 0.0054 0.0047 0.0071 0.0058 0.0069 
      H038.3  2 0.0108 0.7478 0.0097 0.0092 0.0085 0.0077 0.0540 0.0099 0.0107 0.0177 0.0070 0.0134 0.0042 0.0085 0.0061 0.0071 0.0088 0.0052 0.0072 0.0316 0.0148 
      H038.4  2 0.0175 0.8076 0.0057 0.0123 0.0070 0.0063 0.0208 0.0072 0.0155 0.0129 0.0073 0.0073 0.0043 0.0087 0.0053 0.0094 0.0055 0.0047 0.0059 0.0229 0.0059 
      H038.5  2 0.0069 0.7993 0.0088 0.0104 0.0061 0.0146 0.0107 0.0101 0.0081 0.0045 0.0081 0.0092 0.0038 0.0048 0.0112 0.0083 0.0185 0.0071 0.0070 0.0292 0.0133 
      H038.6  2 0.0032 0.8471 0.0102 0.0065 0.0054 0.0060 0.0082 0.0102 0.0034 0.0113 0.0042 0.0059 0.0045 0.0060 0.0128 0.0059 0.0145 0.0088 0.0060 0.0102 0.0097 
      H038.7  2 0.0036 0.8212 0.0065 0.0099 0.0055 0.0057 0.0266 0.0108 0.0044 0.0286 0.0030 0.0081 0.0038 0.0083 0.0059 0.0052 0.0140 0.0056 0.0042 0.0098 0.0094 
      H038.8  2 0.0089 0.7624 0.0081 0.0093 0.0045 0.0067 0.0226 0.0073 0.0180 0.0135 0.0105 0.0107 0.0033 0.0064 0.0053 0.0066 0.0078 0.0048 0.0061 0.0660 0.0109 
      H041.1  2 0.0258 0.1129 0.0118 0.1792 0.0172 0.0058 0.0559 0.0105 0.0121 0.0054 0.1166 0.0183 0.0238 0.0806 0.1150 0.0103 0.0220 0.0126 0.1312 0.0261 0.0070 
      H041.2  2 0.0113 0.0510 0.0056 0.0194 0.0133 0.0076 0.0158 0.0072 0.0058 0.0191 0.0063 0.0097 0.0077 0.0715 0.2046 0.0308 0.0101 0.0071 0.4718 0.0149 0.0096 
      H041.4  2 0.0346 0.1824 0.0263 0.0204 0.0375 0.0121 0.0170 0.0332 0.0142 0.0108 0.0141 0.0083 0.0168 0.0441 0.3707 0.0390 0.0248 0.0105 0.0447 0.0292 0.0092 
      H041.6  2 0.0288 0.2119 0.0295 0.0213 0.0337 0.0181 0.0240 0.0711 0.0142 0.0176 0.0221 0.0150 0.0323 0.0226 0.2800 0.0216 0.0131 0.0082 0.0844 0.0190 0.0117 
 H042.1_2002  2 0.0175 0.0091 0.0343 0.0063 0.0229 0.0112 0.0109 0.0870 0.0581 0.0140 0.0082 0.0092 0.0095 0.0067 0.5613 0.0088 0.0105 0.0210 0.0706 0.0136 0.0093 
 H042.1_2003  2 0.0456 0.0538 0.0173 0.0082 0.0338 0.0148 0.0323 0.1155 0.0240 0.0343 0.0118 0.0068 0.0112 0.2804 0.0318 0.0405 0.0212 0.0470 0.0553 0.0817 0.0329 
 H042.2_2002  2 0.0099 0.0745 0.0864 0.0766 0.0097 0.0069 0.0044 0.0094 0.0091 0.0244 0.0074 0.0092 0.0107 0.0085 0.5274 0.0276 0.0260 0.0174 0.0086 0.0413 0.0044 
 H042.2_2003  2 0.0122 0.0524 0.0107 0.0074 0.0142 0.0078 0.0103 0.0590 0.0090 0.0181 0.0043 0.0078 0.0124 0.0144 0.0556 0.0355 0.0078 0.0147 0.6287 0.0053 0.0124 
 H042.3_2002  2 0.1157 0.0099 0.0765 0.0524 0.0385 0.0108 0.0097 0.0399 0.0317 0.0121 0.0053 0.0116 0.0118 0.0134 0.4237 0.0416 0.0127 0.0283 0.0208 0.0240 0.0098 
 H042.3_2003  2 0.0587 0.0351 0.1575 0.1714 0.0405 0.0128 0.0169 0.0726 0.0243 0.0092 0.0277 0.0104 0.0112 0.0266 0.0912 0.0144 0.0943 0.0239 0.0591 0.0281 0.0141 
 H042.4_2002  2 0.0096 0.0182 0.0131 0.0085 0.0149 0.0042 0.0157 0.0151 0.0255 0.0066 0.0134 0.0104 0.0070 0.0074 0.6113 0.0251 0.0231 0.0115 0.1337 0.0148 0.0110 
 H042.4_2003  2 0.0113 0.0588 0.0257 0.0100 0.0198 0.0039 0.0809 0.0266 0.0153 0.0076 0.0241 0.0076 0.0222 0.0113 0.4735 0.0100 0.0230 0.0089 0.1454 0.0068 0.0072 
      H042.5  2 0.0070 0.0064 0.0146 0.0059 0.0058 0.0041 0.0088 0.0125 0.0098 0.0042 0.0054 0.0065 0.0129 0.0099 0.8170 0.0057 0.0081 0.0097 0.0389 0.0030 0.0039 
      H042.6  2 0.0064 0.0157 0.0840 0.0079 0.0093 0.0060 0.0122 0.0197 0.0113 0.0106 0.0079 0.0044 0.0293 0.0039 0.6951 0.0057 0.0281 0.0076 0.0160 0.0123 0.0065 
      H042.7  2 0.1551 0.0198 0.0478 0.0189 0.0147 0.0076 0.0232 0.0105 0.0601 0.0794 0.0073 0.0080 0.0063 0.0119 0.4015 0.0474 0.0143 0.0090 0.0453 0.0061 0.0056 
      H042.8  2 0.0252 0.0100 0.0223 0.0237 0.0236 0.0067 0.0056 0.0307 0.0120 0.0142 0.0042 0.0051 0.0190 0.0352 0.6545 0.0303 0.0081 0.0213 0.0227 0.0206 0.0049 
   H042_2002  2 0.0116 0.0460 0.2987 0.0219 0.0429 0.0161 0.0228 0.1289 0.0082 0.0696 0.0052 0.0041 0.0542 0.0289 0.0470 0.0404 0.0739 0.0126 0.0296 0.0277 0.0097 
   H042_2003  2 0.0109 0.0524 0.2752 0.0335 0.0529 0.0206 0.0174 0.1370 0.0105 0.0593 0.0045 0.0050 0.0673 0.0238 0.0479 0.0322 0.0709 0.0202 0.0276 0.0235 0.0074 
      H043.1  2 0.0085 0.0198 0.0419 0.0211 0.0066 0.0155 0.0267 0.3506 0.0076 0.0088 0.0116 0.0218 0.0094 0.0190 0.0114 0.0036 0.3377 0.0080 0.0065 0.0535 0.0105 
      H043.2  2 0.0523 0.0427 0.0366 0.0049 0.0143 0.0370 0.0279 0.3495 0.0042 0.0041 0.0037 0.0115 0.0404 0.0133 0.0046 0.0108 0.2653 0.0086 0.0071 0.0559 0.0053 
      H043.3  2 0.0101 0.2063 0.1034 0.0320 0.0243 0.0284 0.0794 0.1326 0.0048 0.0549 0.0041 0.0119 0.0126 0.0149 0.0104 0.0049 0.2188 0.0085 0.0064 0.0233 0.0079 
      H043.4  2 0.0116 0.0451 0.1006 0.0125 0.0110 0.0086 0.0665 0.2993 0.0067 0.0153 0.0045 0.0192 0.0338 0.0124 0.0056 0.0043 0.2733 0.0092 0.0077 0.0455 0.0071 
      H043.5  2 0.0183 0.0786 0.0752 0.0125 0.0239 0.0486 0.0345 0.2224 0.0039 0.0078 0.0048 0.0107 0.0048 0.0229 0.0053 0.0118 0.2358 0.0094 0.0056 0.1535 0.0095 
      H043.6  2 0.0142 0.1432 0.0399 0.0098 0.0412 0.0266 0.0262 0.2325 0.0051 0.0108 0.0037 0.0179 0.0084 0.0048 0.0099 0.0097 0.2236 0.0080 0.0061 0.1461 0.0125 
