      H105.1  1 0.0045 0.0693 0.0118 0.6782 0.0080 0.0114 0.0066 0.0159 0.0135 0.0104 0.0060 0.0413 0.0048 0.0114 0.0033 0.0053 0.0132 0.0176 0.0063 0.0184 0.0140 0.0076 0.0145 0.0069 
      H105.2  1 0.0153 0.0381 0.0166 0.2657 0.0238 0.0111 0.0072 0.0116 0.0050 0.0167 0.0159 0.0425 0.0065 0.0364 0.0118 0.0062 0.0170 0.0081 0.0098 0.0055 0.1088 0.0070 0.3016 0.0119 
      H105.3  1 0.0094 0.0099 0.0142 0.7772 0.0155 0.0129 0.0046 0.0091 0.0110 0.0215 0.0053 0.0083 0.0050 0.0114 0.0169 0.0059 0.0097 0.0113 0.0079 0.0050 0.0101 0.0070 0.0053 0.0058 
      H105.4  1 0.0097 0.0451 0.0087 0.3329 0.0280 0.0167 0.0080 0.0106 0.0113 0.0072 0.0145 0.0891 0.0155 0.0121 0.0876 0.0178 0.0096 0.0212 0.0157 0.0072 0.1238 0.0093 0.0909 0.0075 
      H105.5  1 0.0106 0.0836 0.0801 0.0408 0.0168 0.0308 0.0120 0.0111 0.0168 0.0256 0.0114 0.0579 0.0097 0.0206 0.0397 0.0104 0.0129 0.0309 0.0305 0.0259 0.3217 0.0239 0.0685 0.0079 
      H105.6  1 0.0074 0.0046 0.0071 0.7686 0.0118 0.0152 0.0043 0.0085 0.0095 0.0067 0.0053 0.0183 0.0053 0.0046 0.0303 0.0084 0.0048 0.0089 0.0150 0.0040 0.0170 0.0199 0.0102 0.0040 
      H105.7  1 0.0070 0.0094 0.0120 0.7177 0.0053 0.0125 0.0036 0.0238 0.0065 0.0059 0.0177 0.0501 0.0057 0.0055 0.0052 0.0053 0.0127 0.0137 0.0115 0.0098 0.0054 0.0083 0.0402 0.0053 
      H105.8  1 0.0053 0.0389 0.0034 0.7372 0.0164 0.0084 0.0072 0.0316 0.0037 0.0125 0.0064 0.0169 0.0037 0.0096 0.0071 0.0072 0.0118 0.0083 0.0059 0.0048 0.0328 0.0077 0.0066 0.0063 
      H115.1  1 0.0084 0.0075 0.0080 0.0128 0.0259 0.0432 0.0141 0.0185 0.0302 0.0179 0.0116 0.0089 0.0056 0.0075 0.0117 0.0179 0.0134 0.0058 0.0165 0.0166 0.0097 0.6754 0.0072 0.0060 
      H115.2  1 0.0084 0.0057 0.0116 0.0084 0.0063 0.0067 0.0092 0.0070 0.0115 0.0112 0.0060 0.0052 0.0042 0.0064 0.0076 0.0086 0.0142 0.0042 0.0062 0.0077 0.0115 0.8192 0.0061 0.0070 
      H115.3  1 0.0111 0.0040 0.0375 0.0091 0.0064 0.0091 0.0561 0.0071 0.0266 0.0052 0.0072 0.0072 0.0060 0.0145 0.1219 0.0118 0.0093 0.0123 0.0033 0.0164 0.0674 0.5155 0.0288 0.0062 
      H115.4  1 0.0061 0.0049 0.1477 0.0109 0.0423 0.0139 0.3433 0.0067 0.0279 0.0821 0.0068 0.0088 0.0058 0.0354 0.0088 0.0109 0.0242 0.0113 0.0057 0.0553 0.0908 0.0303 0.0132 0.0067 
      H115.5  1 0.0056 0.0092 0.0189 0.0233 0.0121 0.0134 0.0400 0.0367 0.0778 0.0193 0.0115 0.0225 0.0201 0.0859 0.0492 0.0072 0.0374 0.0197 0.0194 0.0260 0.0394 0.3236 0.0130 0.0688 
      H115.6  1 0.0307 0.0042 0.1645 0.0089 0.0045 0.0314 0.0785 0.0195 0.0342 0.0122 0.0142 0.0085 0.0064 0.0240 0.0316 0.0094 0.0086 0.0121 0.0064 0.0203 0.0342 0.3539 0.0609 0.0209 
      H115.7  1 0.0219 0.0043 0.1096 0.0119 0.0123 0.0516 0.0345 0.0059 0.0186 0.0117 0.0163 0.0081 0.0093 0.0383 0.0266 0.0100 0.0106 0.0120 0.0126 0.0276 0.0146 0.3278 0.1997 0.0041 
      H115.8  1 0.0192 0.0073 0.0308 0.0150 0.0060 0.0292 0.0775 0.0440 0.0244 0.0101 0.0124 0.0107 0.0050 0.0261 0.0180 0.0100 0.0216 0.0079 0.0055 0.0177 0.0183 0.5150 0.0119 0.0563 
      H115.9  1 0.0072 0.0043 0.0056 0.0047 0.0120 0.0163 0.0077 0.0287 0.0099 0.0176 0.0073 0.0206 0.0046 0.0043 0.0166 0.0074 0.0052 0.0065 0.0063 0.0126 0.0090 0.7744 0.0046 0.0065 
      H145.1  1 0.0237 0.0067 0.0046 0.0044 0.0048 0.0083 0.0090 0.0075 0.0078 0.0060 0.0035 0.0100 0.8156 0.0034 0.0114 0.0050 0.0029 0.0081 0.0060 0.0064 0.0061 0.0092 0.0069 0.0227 
      H145.2  1 0.0096 0.0085 0.0053 0.0052 0.0074 0.0070 0.0091 0.0063 0.0089 0.0062 0.0045 0.0128 0.7191 0.0031 0.1115 0.0066 0.0042 0.0052 0.0053 0.0052 0.0067 0.0052 0.0162 0.0211 
      H145.3  1 0.0169 0.0050 0.0043 0.0036 0.0055 0.0066 0.0076 0.0175 0.0043 0.0034 0.0064 0.0093 0.7901 0.0097 0.0062 0.0049 0.0023 0.0049 0.0043 0.0044 0.0178 0.0050 0.0055 0.0548 
      H145.4  1 0.0094 0.0045 0.0032 0.0039 0.0042 0.0167 0.0064 0.0051 0.0073 0.0033 0.0033 0.0101 0.8642 0.0035 0.0058 0.0052 0.0026 0.0037 0.0059 0.0058 0.0039 0.0040 0.0079 0.0099 
      H145.5  1 0.0388 0.0055 0.0053 0.0035 0.0044 0.0070 0.0070 0.0084 0.0067 0.0047 0.0038 0.0061 0.7146 0.0056 0.0044 0.0046 0.0034 0.0043 0.0064 0.0038 0.0094 0.0046 0.0060 0.1318 
      H145.6  1 0.0044 0.0049 0.0040 0.0046 0.0044 0.0076 0.0054 0.0045 0.0045 0.0033 0.0061 0.0087 0.8019 0.0104 0.0550 0.0060 0.0045 0.0032 0.0043 0.0054 0.0040 0.0042 0.0225 0.0162 
      H145.7  1 0.0099 0.0053 0.0037 0.0038 0.0050 0.0088 0.0098 0.0053 0.0103 0.0024 0.0038 0.0079 0.8544 0.0135 0.0064 0.0045 0.0029 0.0039 0.0036 0.0065 0.0063 0.0031 0.0150 0.0040 
      H149.1  1 0.0049 0.0030 0.0032 0.0033 0.0032 0.0041 0.0032 0.0028 0.9199 0.0036 0.0031 0.0039 0.0042 0.0025 0.0028 0.0035 0.0044 0.0028 0.0044 0.0032 0.0032 0.0037 0.0024 0.0046 
      H149.2  1 0.0068 0.0041 0.0127 0.0041 0.0057 0.0072 0.0037 0.0040 0.8408 0.0051 0.0043 0.0052 0.0147 0.0032 0.0042 0.0032 0.0035 0.0075 0.0049 0.0136 0.0050 0.0039 0.0292 0.0031 
      H149.3  1 0.0118 0.0063 0.0338 0.0103 0.0212 0.0249 0.0085 0.0078 0.6515 0.0044 0.0153 0.0091 0.0394 0.0094 0.0139 0.0094 0.0085 0.0152 0.0125 0.0302 0.0062 0.0054 0.0397 0.0053 
      H149.4  1 0.0069 0.0298 0.0049 0.0149 0.0106 0.0045 0.0049 0.0049 0.8126 0.0032 0.0062 0.0055 0.0041 0.0041 0.0093 0.0207 0.0046 0.0055 0.0048 0.0077 0.0047 0.0042 0.0122 0.0093 
      H149.5  1 0.0065 0.0313 0.0103 0.0111 0.0245 0.0121 0.0051 0.0082 0.5542 0.0048 0.0128 0.0097 0.0223 0.0066 0.0060 0.0086 0.0041 0.0117 0.0061 0.0630 0.0043 0.0032 0.1695 0.0039 
      H149.6  1 0.0051 0.0053 0.0090 0.0053 0.0058 0.0072 0.0032 0.0034 0.8176 0.0038 0.0079 0.0047 0.0101 0.0037 0.0051 0.0033 0.0033 0.0064 0.0054 0.0122 0.0040 0.0031 0.0610 0.0041 
      H149.7  1 0.0113 0.0384 0.0109 0.0238 0.0234 0.0118 0.0092 0.0134 0.5322 0.0086 0.0695 0.0058 0.0101 0.0074 0.0155 0.0257 0.0092 0.0129 0.0422 0.0217 0.0066 0.0046 0.0758 0.0101 
      H150.1  1 0.0066 0.0066 0.0113 0.0095 0.0035 0.0050 0.0077 0.0076 0.0031 0.0035 0.0040 0.0041 0.0054 0.0071 0.0180 0.0053 0.0039 0.0053 0.0053 0.0052 0.0089 0.8356 0.0188 0.0088 
      H150.2  1 0.0085 0.0040 0.0405 0.0108 0.0057 0.0209 0.0815 0.0038 0.0104 0.0078 0.0087 0.0032 0.0041 0.0087 0.0080 0.0114 0.0097 0.0093 0.0065 0.0138 0.0081 0.6425 0.0487 0.0231 
      H150.3  1 0.0109 0.0068 0.0154 0.0069 0.0038 0.0395 0.0201 0.0068 0.0061 0.0087 0.0108 0.0060 0.0089 0.0112 0.0056 0.0054 0.0071 0.0047 0.0090 0.0072 0.0085 0.7585 0.0228 0.0093 
      H150.4  1 0.0052 0.0052 0.0080 0.0049 0.0030 0.0107 0.0098 0.0098 0.0032 0.0059 0.0069 0.0074 0.0062 0.0076 0.0070 0.0040 0.0036 0.0056 0.0070 0.0062 0.0050 0.8487 0.0088 0.0103 
      H150.5  1 0.0121 0.0067 0.0410 0.0206 0.0064 0.0219 0.0428 0.0076 0.0091 0.0042 0.0106 0.0070 0.0067 0.0156 0.0140 0.0156 0.0125 0.0162 0.0057 0.0153 0.0161 0.6083 0.0781 0.0058 
      H150.6  1 0.0139 0.0055 0.2773 0.0715 0.0074 0.0132 0.0386 0.0036 0.0066 0.0063 0.0077 0.0048 0.0082 0.0530 0.0120 0.0243 0.0148 0.0110 0.0046 0.0219 0.0409 0.1802 0.1609 0.0119 
      H150.7  1 0.0062 0.0069 0.0074 0.0057 0.0029 0.0080 0.0096 0.0070 0.0041 0.0044 0.0032 0.0057 0.0055 0.0055 0.0188 0.0038 0.0041 0.0054 0.0035 0.0037 0.0071 0.8570 0.0081 0.0065 
   H169607.1  1 0.0323 0.0663 0.0071 0.0084 0.0236 0.0198 0.1244 0.0160 0.0070 0.0928 0.0200 0.0148 0.0929 0.0270 0.0379 0.0070 0.0189 0.1062 0.0076 0.0217 0.0435 0.0486 0.1332 0.0229 
   H169607.2  1 0.0997 0.0245 0.0082 0.0070 0.0250 0.0383 0.0271 0.0363 0.0067 0.0195 0.0104 0.1384 0.0578 0.0073 0.0127 0.0344 0.0156 0.0593 0.0054 0.0108 0.0142 0.0681 0.2689 0.0045 
   H169607.3  1 0.0173 0.0950 0.0097 0.0089 0.0403 0.0124 0.0429 0.0349 0.0061 0.0131 0.0386 0.0617 0.0909 0.0231 0.0334 0.0055 0.0139 0.0750 0.0075 0.0520 0.0588 0.0160 0.2287 0.0141 
   H169607.4  1 0.3116 0.0329 0.0049 0.0095 0.0072 0.0075 0.0055 0.0074 0.0037 0.0087 0.0076 0.0644 0.1091 0.0053 0.0232 0.0141 0.0105 0.0806 0.0067 0.0070 0.0518 0.0119 0.2033 0.0056 
   H169607.5  1 0.0229 0.0098 0.0114 0.0060 0.0223 0.0153 0.0371 0.0373 0.0069 0.0092 0.0076 0.0919 0.0613 0.0064 0.0309 0.0663 0.0081 0.0965 0.0046 0.0556 0.0129 0.0858 0.2870 0.0071 
   H169607.6  1 0.0431 0.0289 0.0081 0.0059 0.0263 0.0135 0.0151 0.0244 0.0065 0.0246 0.0082 0.2650 0.0494 0.0119 0.0097 0.0311 0.0263 0.0691 0.0049 0.0098 0.0151 0.0188 0.2797 0.0047 
   H169607.7  1 0.0257 0.0440 0.0079 0.0161 0.0524 0.0179 0.2719 0.0462 0.0070 0.0218 0.0079 0.0544 0.0214 0.0149 0.0119 0.0382 0.0384 0.0675 0.0034 0.0097 0.0147 0.0268 0.1745 0.0055 
   H169607.8  1 0.1505 0.0435 0.0036 0.0048 0.0102 0.0186 0.0096 0.0168 0.0048 0.0170 0.0124 0.2776 0.0247 0.0062 0.0196 0.0130 0.0102 0.1080 0.0067 0.0083 0.0412 0.0104 0.1781 0.0042 
   H169633.1  1 0.0107 0.0042 0.0174 0.0139 0.0050 0.0145 0.0126 0.0064 0.6936 0.0100 0.0145 0.0067 0.0226 0.0156 0.0104 0.0040 0.0749 0.0050 0.0127 0.0089 0.0058 0.0102 0.0049 0.0155 
   H169633.2  1 0.0060 0.0068 0.0173 0.0131 0.0131 0.0125 0.0245 0.0108 0.6657 0.0364 0.0502 0.0032 0.0134 0.0157 0.0043 0.0071 0.0518 0.0033 0.0089 0.0040 0.0067 0.0041 0.0119 0.0091 
   H169633.3  1 0.0092 0.0038 0.0321 0.0184 0.0118 0.0108 0.0078 0.0131 0.7576 0.0069 0.0076 0.0047 0.0132 0.0083 0.0039 0.0065 0.0171 0.0063 0.0232 0.0092 0.0048 0.0130 0.0051 0.0057 
   H169633.4  1 0.0190 0.0048 0.0114 0.0187 0.0075 0.0127 0.0055 0.0075 0.7575 0.0060 0.0051 0.0067 0.0109 0.0121 0.0188 0.0053 0.0113 0.0055 0.0080 0.0223 0.0052 0.0115 0.0071 0.0195 
   H169633.5  1 0.0150 0.0060 0.0144 0.0230 0.0076 0.0168 0.0047 0.0066 0.7696 0.0061 0.0050 0.0068 0.0088 0.0113 0.0174 0.0057 0.0076 0.0065 0.0077 0.0127 0.0058 0.0125 0.0060 0.0162 
   H169688.1  1 0.0420 0.0052 0.0045 0.0046 0.0481 0.0052 0.1642 0.0096 0.0170 0.0102 0.1775 0.1222 0.0770 0.0750 0.0044 0.0085 0.0197 0.0073 0.0247 0.0063 0.0308 0.0105 0.1218 0.0038 
   H169688.2  1 0.0076 0.0089 0.0042 0.0099 0.0089 0.0039 0.1436 0.0093 0.0049 0.0060 0.4177 0.0148 0.0285 0.0285 0.0037 0.0191 0.1395 0.0088 0.0134 0.0055 0.0567 0.0168 0.0258 0.0139 
   H169688.3  1 0.0075 0.0174 0.0047 0.0091 0.0033 0.0042 0.6753 0.0034 0.0133 0.0046 0.0608 0.0091 0.0103 0.0152 0.0046 0.0125 0.0379 0.0035 0.0106 0.0112 0.0214 0.0203 0.0326 0.0072 
   H169688.4  1 0.0058 0.0053 0.0048 0.0059 0.0042 0.0052 0.6576 0.0051 0.0055 0.0044 0.0180 0.0086 0.0067 0.0137 0.0048 0.0081 0.0295 0.0039 0.0083 0.0096 0.0267 0.1441 0.0054 0.0086 
   H169688.5  1 0.0053 0.0052 0.0038 0.0066 0.0044 0.0046 0.6462 0.0042 0.0080 0.0044 0.0227 0.0067 0.0093 0.0129 0.0067 0.0101 0.0289 0.0043 0.0072 0.0101 0.0214 0.1499 0.0061 0.0110 
   H169688.6  1 0.0072 0.0090 0.0034 0.0203 0.1271 0.0054 0.3063 0.0052 0.0152 0.0053 0.1312 0.0275 0.0381 0.0425 0.0073 0.0381 0.0753 0.0068 0.0088 0.0073 0.0083 0.0284 0.0365 0.0398 
   H169688.7  1 0.0087 0.0174 0.0089 0.0065 0.0036 0.0061 0.7625 0.0049 0.0123 0.0041 0.0108 0.0042 0.0183 0.0169 0.0051 0.0175 0.0194 0.0043 0.0129 0.0080 0.0243 0.0085 0.0069 0.0079 
   H171901.1  1 0.0073 0.0187 0.0196 0.0072 0.0057 0.0236 0.0346 0.0099 0.0059 0.0081 0.0138 0.0096 0.0096 0.0113 0.0417 0.0083 0.0138 0.0054 0.0105 0.0106 0.0248 0.0129 0.6297 0.0574 
   H171901.2  1 0.0262 0.0080 0.0204 0.0115 0.0037 0.0089 0.0059 0.0072 0.7451 0.0052 0.0055 0.0149 0.0121 0.0045 0.0143 0.0095 0.0176 0.0085 0.0049 0.0066 0.0222 0.0174 0.0141 0.0060 
   H171901.3  1 0.0161 0.0097 0.0066 0.0066 0.0089 0.0053 0.0151 0.0055 0.6166 0.0054 0.0603 0.0094 0.0103 0.0151 0.0184 0.0144 0.0365 0.0056 0.0061 0.0108 0.0702 0.0130 0.0278 0.0063 
   H171901.4  1 0.0178 0.0117 0.0078 0.0162 0.0055 0.0055 0.0128 0.0078 0.7148 0.0084 0.0092 0.0096 0.0120 0.0083 0.0141 0.0147 0.0298 0.0138 0.0047 0.0066 0.0376 0.0096 0.0164 0.0055 
   H171901.5  1 0.0333 0.0164 0.0126 0.0114 0.0083 0.0053 0.0125 0.0062 0.6031 0.0094 0.0145 0.0081 0.0154 0.0041 0.0183 0.0219 0.0290 0.0183 0.0075 0.0091 0.0948 0.0121 0.0227 0.0059 
   H171901.6  1 0.0801 0.0115 0.0154 0.0328 0.0135 0.0064 0.0125 0.0077 0.4119 0.0125 0.0196 0.0127 0.0371 0.0039 0.0323 0.0274 0.0285 0.0259 0.0122 0.0106 0.0879 0.0334 0.0592 0.0052 
   H171901.7  1 0.0273 0.0077 0.0128 0.0117 0.0240 0.0058 0.0367 0.0194 0.5178 0.0060 0.0374 0.0138 0.0437 0.0076 0.0112 0.0652 0.0310 0.0056 0.0149 0.0131 0.0299 0.0236 0.0276 0.0062 
   H171902.1  1 0.7274 0.0086 0.0052 0.0049 0.0126 0.0048 0.0083 0.0141 0.0072 0.0233 0.0068 0.0063 0.0170 0.0088 0.0093 0.0166 0.0083 0.0136 0.0092 0.0038 0.0280 0.0145 0.0102 0.0314 
  H171902.10  1 0.8495 0.0054 0.0078 0.0035 0.0085 0.0046 0.0083 0.0035 0.0110 0.0049 0.0046 0.0074 0.0045 0.0078 0.0062 0.0106 0.0103 0.0052 0.0035 0.0030 0.0086 0.0063 0.0081 0.0070 
   H171902.2  1 0.4326 0.0133 0.0077 0.0251 0.0297 0.0091 0.0161 0.0499 0.0179 0.0208 0.0515 0.0082 0.0168 0.0702 0.0073 0.0188 0.0320 0.0202 0.0166 0.0071 0.0526 0.0277 0.0202 0.0285 
   H171902.3  1 0.6275 0.0173 0.0107 0.0076 0.0135 0.0059 0.0218 0.0117 0.0580 0.0206 0.0152 0.0070 0.0111 0.0078 0.0071 0.0273 0.0328 0.0186 0.0092 0.0036 0.0140 0.0264 0.0154 0.0098 
   H171902.4  1 0.8438 0.0027 0.0045 0.0047 0.0037 0.0065 0.0042 0.0057 0.0424 0.0041 0.0043 0.0053 0.0063 0.0044 0.0043 0.0035 0.0063 0.0031 0.0056 0.0035 0.0049 0.0084 0.0046 0.0131 
   H171902.6  1 0.8812 0.0081 0.0058 0.0029 0.0067 0.0039 0.0041 0.0034 0.0061 0.0050 0.0037 0.0067 0.0042 0.0049 0.0070 0.0050 0.0043 0.0047 0.0050 0.0027 0.0050 0.0078 0.0047 0.0069 
   H171902.7  1 0.7563 0.0060 0.0137 0.0054 0.0054 0.0076 0.0075 0.0038 0.0197 0.0058 0.0063 0.0100 0.0059 0.0033 0.0094 0.0104 0.0061 0.0121 0.0043 0.0041 0.0182 0.0060 0.0545 0.0182 
   H171902.8  1 0.8095 0.0112 0.0113 0.0037 0.0112 0.0042 0.0082 0.0064 0.0105 0.0062 0.0066 0.0066 0.0061 0.0081 0.0067 0.0094 0.0085 0.0106 0.0059 0.0055 0.0062 0.0118 0.0139 0.0116 
   H171902.9  1 0.7616 0.0046 0.0052 0.0088 0.0052 0.0101 0.0072 0.0071 0.0066 0.0046 0.0057 0.0075 0.0091 0.0052 0.0119 0.0076 0.0061 0.0066 0.0071 0.0037 0.0132 0.0601 0.0123 0.0232 
   H171903.1  1 0.0067 0.0037 0.0086 0.0127 0.0113 0.0091 0.0578 0.0154 0.0136 0.0198 0.0077 0.4794 0.0198 0.0053 0.0115 0.0498 0.0085 0.0377 0.0062 0.0143 0.0389 0.0580 0.0993 0.0050 
   H171903.2  1 0.0062 0.0282 0.0080 0.0185 0.0187 0.0112 0.0447 0.0370 0.0073 0.0169 0.0078 0.4575 0.0124 0.0059 0.0131 0.0409 0.0071 0.0315 0.0065 0.0241 0.1377 0.0318 0.0171 0.0102 
   H171903.3  1 0.0245 0.0160 0.0425 0.0174 0.0320 0.0127 0.0271 0.0288 0.0149 0.0454 0.0169 0.1510 0.0104 0.0062 0.0102 0.0923 0.0152 0.0418 0.0213 0.1163 0.1072 0.0382 0.0976 0.0141 
   H171903.4  1 0.0332 0.0077 0.0150 0.0109 0.0073 0.0109 0.0395 0.0069 0.0067 0.0055 0.0789 0.0298 0.0429 0.0163 0.0358 0.0125 0.0083 0.0160 0.0108 0.0107 0.0501 0.0121 0.5241 0.0080 
   H171903.5  1 0.0072 0.0836 0.0119 0.0122 0.0150 0.0054 0.2451 0.0228 0.0282 0.0644 0.0199 0.0492 0.0105 0.0074 0.0092 0.0305 0.0236 0.0243 0.0134 0.1468 0.0852 0.0366 0.0383 0.0092 
   H171903.6  1 0.0106 0.0126 0.0073 0.0072 0.0200 0.0057 0.1978 0.0182 0.0518 0.0065 0.0121 0.0913 0.0155 0.0084 0.0322 0.0521 0.0239 0.0696 0.0104 0.0535 0.1632 0.0350 0.0902 0.0053 
      H177.1  1 0.1602 0.0068 0.0112 0.0051 0.0636 0.0065 0.0089 0.0091 0.1341 0.0057 0.1886 0.0277 0.0123 0.0053 0.0110 0.1479 0.0171 0.0247 0.0148 0.0070 0.0391 0.0300 0.0541 0.0092 
      H177.2  1 0.0667 0.0710 0.0196 0.0075 0.0394 0.0125 0.0359 0.0561 0.1350 0.0107 0.0126 0.0259 0.0850 0.0215 0.0246 0.0637 0.0281 0.1724 0.0129 0.0328 0.0338 0.0149 0.0061 0.0115 
      H177.3  1 0.0507 0.0415 0.0232 0.0053 0.0443 0.0065 0.0173 0.0091 0.3000 0.0058 0.0114 0.0194 0.0348 0.0053 0.1560 0.1004 0.0213 0.0431 0.0185 0.0182 0.0276 0.0158 0.0130 0.0113 
      H177.4  1 0.0309 0.0066 0.0117 0.0181 0.3673 0.0062 0.0073 0.0088 0.0904 0.0054 0.1673 0.0249 0.0336 0.0047 0.0122 0.0732 0.0186 0.0345 0.0111 0.0099 0.0203 0.0052 0.0211 0.0108 
      H177.5  1 0.0273 0.0088 0.0159 0.0341 0.0124 0.0074 0.0142 0.0174 0.0157 0.0039 0.4336 0.0262 0.0121 0.0092 0.0107 0.0812 0.0285 0.0454 0.0126 0.0214 0.1161 0.0144 0.0238 0.0076 
      H177.6  1 0.0955 0.0277 0.0212 0.0058 0.0254 0.0072 0.0200 0.0119 0.3805 0.0077 0.0128 0.0104 0.0172 0.0035 0.1096 0.0971 0.0262 0.0307 0.0233 0.0138 0.0168 0.0122 0.0089 0.0146 
      H179.1  1 0.0080 0.0609 0.0072 0.0166 0.4331 0.0170 0.0120 0.0090 0.0106 0.0765 0.0937 0.0046 0.0051 0.0087 0.0343 0.0342 0.0601 0.0193 0.0364 0.0137 0.0117 0.0118 0.0110 0.0044 
      H179.2  1 0.0080 0.0114 0.0080 0.0073 0.7484 0.0101 0.0110 0.0079 0.0066 0.0364 0.0226 0.0043 0.0050 0.0042 0.0078 0.0090 0.0084 0.0194 0.0115 0.0098 0.0163 0.0136 0.0095 0.0038 
      H179.3  1 0.0065 0.0309 0.0051 0.0116 0.3900 0.0136 0.0303 0.0255 0.0069 0.0427 0.1426 0.0182 0.0053 0.0123 0.0310 0.0213 0.0532 0.0113 0.0186 0.0316 0.0430 0.0255 0.0163 0.0068 
      H179.4  1 0.0063 0.0136 0.0066 0.0063 0.7849 0.0070 0.0118 0.0129 0.0112 0.0087 0.0206 0.0043 0.0117 0.0081 0.0071 0.0097 0.0122 0.0121 0.0113 0.0085 0.0098 0.0047 0.0070 0.0036 
      H180.1  1 0.0081 0.0067 0.0401 0.0108 0.0156 0.0062 0.0192 0.0039 0.0070 0.0296 0.0068 0.0046 0.0035 0.0181 0.0034 0.0424 0.0222 0.0060 0.0051 0.0187 0.6824 0.0197 0.0095 0.0103 
      H180.2  1 0.0064 0.0047 0.0173 0.0497 0.0123 0.0055 0.0188 0.0053 0.0068 0.0079 0.0070 0.0045 0.0053 0.0217 0.0117 0.0526 0.0384 0.0112 0.0103 0.0081 0.5594 0.0878 0.0256 0.0219 
      H180.3  1 0.0032 0.0052 0.0086 0.0147 0.0069 0.0079 0.0238 0.0536 0.0056 0.0985 0.0067 0.0116 0.0062 0.0097 0.0103 0.0102 0.0047 0.0060 0.0307 0.0251 0.3900 0.2357 0.0059 0.0193 
      H180.4  1 0.0095 0.0170 0.1576 0.2192 0.0206 0.0101 0.0108 0.0172 0.0190 0.0051 0.0193 0.0076 0.0078 0.0159 0.0071 0.0903 0.0539 0.0069 0.0099 0.0185 0.2033 0.0227 0.0306 0.0201 
      H180.5  1 0.0062 0.0050 0.3077 0.0304 0.0373 0.0092 0.0529 0.0368 0.0114 0.0076 0.0234 0.0217 0.0087 0.0348 0.0069 0.1014 0.0336 0.0586 0.0062 0.0092 0.0597 0.0693 0.0112 0.0509 
      H180.6  1 0.0064 0.0084 0.0976 0.0241 0.0106 0.0096 0.0317 0.5223 0.0168 0.0075 0.0053 0.0094 0.0226 0.0316 0.0171 0.0316 0.0095 0.0119 0.0131 0.0084 0.0173 0.0224 0.0187 0.0462 
      H181.1  1 0.0309 0.0311 0.0330 0.0076 0.0742 0.0060 0.0058 0.0070 0.2346 0.0088 0.0087 0.0591 0.0118 0.1780 0.0071 0.0111 0.0299 0.0114 0.0076 0.1562 0.0424 0.0127 0.0119 0.0131 
      H181.2  1 0.1053 0.0118 0.1116 0.0130 0.2543 0.0116 0.0068 0.0059 0.0545 0.0127 0.0135 0.0179 0.0427 0.1316 0.0059 0.0270 0.0552 0.0187 0.0112 0.0238 0.0219 0.0122 0.0101 0.0208 
      H181.3  1 0.0939 0.0217 0.0339 0.0060 0.1475 0.0093 0.0079 0.0077 0.0941 0.0039 0.0093 0.0222 0.0144 0.3138 0.0073 0.0373 0.0488 0.0289 0.0071 0.0080 0.0398 0.0051 0.0188 0.0131 
      H181.4  1 0.0266 0.0200 0.0390 0.0109 0.0361 0.0184 0.0197 0.0145 0.1203 0.0081 0.0154 0.0282 0.0360 0.0640 0.0116 0.0430 0.0139 0.0907 0.0191 0.2450 0.0399 0.0560 0.0195 0.0040 
      H181.5  1 0.0198 0.0595 0.0431 0.0103 0.4426 0.0220 0.0077 0.0103 0.0132 0.0141 0.0176 0.0091 0.0078 0.1610 0.0066 0.0058 0.0138 0.0170 0.0581 0.0136 0.0163 0.0058 0.0133 0.0116 
      H181.6  1 0.0210 0.0227 0.0523 0.0357 0.5996 0.0085 0.0069 0.0072 0.0108 0.0313 0.0111 0.0120 0.0084 0.0109 0.0121 0.0082 0.0209 0.0120 0.0101 0.0178 0.0315 0.0310 0.0133 0.0047 
      H181.7  1 0.0111 0.1271 0.0059 0.0094 0.5682 0.0105 0.0133 0.0111 0.0367 0.0066 0.0072 0.0085 0.0102 0.0480 0.0089 0.0067 0.0193 0.0060 0.0051 0.0283 0.0257 0.0124 0.0080 0.0058 
 H194.1_2004  1 0.0214 0.0044 0.0248 0.0076 0.0059 0.0063 0.0096 0.0125 0.0117 0.0082 0.0109 0.0769 0.3978 0.0058 0.0092 0.0397 0.0093 0.0075 0.0116 0.0079 0.0085 0.0271 0.2688 0.0065 
 H194.2_2004  1 0.0095 0.0035 0.0161 0.0031 0.0048 0.0123 0.0049 0.0064 0.0101 0.0049 0.0184 0.0183 0.2570 0.0041 0.0055 0.0195 0.0062 0.0050 0.0055 0.0089 0.0046 0.0057 0.5442 0.0217 
 H194.3_2004  1 0.0727 0.0069 0.0071 0.0078 0.0162 0.0049 0.0056 0.0071 0.0813 0.0058 0.0118 0.0120 0.4138 0.0036 0.0075 0.0221 0.0114 0.0053 0.1451 0.0046 0.0085 0.0057 0.1266 0.0065 
 H194.4_2004  1 0.0636 0.0039 0.0123 0.0045 0.0095 0.0053 0.0064 0.0066 0.0570 0.0056 0.0487 0.0434 0.4046 0.0042 0.0064 0.0099 0.0079 0.0070 0.0178 0.0051 0.0138 0.0078 0.2270 0.0216 
 H194.5_2004  1 0.0525 0.0072 0.0095 0.0085 0.0231 0.0084 0.0070 0.0121 0.0400 0.0136 0.0154 0.0123 0.4122 0.0054 0.0074 0.0175 0.0076 0.0143 0.0609 0.0083 0.0063 0.0136 0.2317 0.0053 
 H194.6_2004  1 0.0390 0.0069 0.0148 0.0072 0.0328 0.0061 0.0100 0.0109 0.1222 0.0110 0.1371 0.0128 0.0876 0.0068 0.0080 0.0228 0.0060 0.0163 0.2790 0.0075 0.0329 0.0160 0.1005 0.0057 
 H194.7_2004  1 0.0099 0.0060 0.0140 0.0071 0.0053 0.0087 0.0129 0.0605 0.0100 0.0038 0.0095 0.1839 0.3301 0.0071 0.0046 0.0084 0.0052 0.0088 0.0121 0.0104 0.0066 0.0152 0.2530 0.0070 
 H194.8_2004  1 0.0197 0.0090 0.0168 0.0073 0.0228 0.0100 0.0107 0.0122 0.0651 0.0066 0.0679 0.0148 0.2393 0.0072 0.0090 0.0131 0.0058 0.0140 0.0587 0.0087 0.0090 0.0122 0.3527 0.0072 
      H194.9  1 0.0463 0.0046 0.0107 0.0070 0.0067 0.0077 0.0071 0.0423 0.0130 0.0057 0.0152 0.0438 0.4095 0.0077 0.0062 0.0074 0.0067 0.0078 0.0307 0.0102 0.0049 0.0349 0.2555 0.0083 
 H195.1_2003  1 0.0093 0.0064 0.0110 0.0312 0.0066 0.0045 0.0075 0.0039 0.0143 0.0093 0.0188 0.0061 0.7279 0.0063 0.0054 0.0078 0.0064 0.0073 0.0063 0.0057 0.0104 0.0043 0.0802 0.0033 
 H195.1_2004  1 0.0093 0.0047 0.0307 0.0040 0.0051 0.0061 0.0096 0.0032 0.0150 0.0026 0.0043 0.0052 0.8227 0.0147 0.0080 0.0047 0.0141 0.0045 0.0069 0.0058 0.0052 0.0042 0.0033 0.0061 
 H195.2_2003  1 0.0104 0.0044 0.0047 0.0132 0.0059 0.0049 0.0132 0.0094 0.0046 0.0073 0.0096 0.0208 0.7203 0.0057 0.0076 0.0068 0.0193 0.0116 0.0058 0.0036 0.0192 0.0120 0.0758 0.0042 
 H195.2_2004  1 0.0045 0.0037 0.0078 0.0038 0.0035 0.0034 0.0074 0.0054 0.0066 0.0030 0.0036 0.0049 0.8967 0.0058 0.0030 0.0033 0.0038 0.0047 0.0039 0.0031 0.0039 0.0038 0.0037 0.0067 
 H195.3_2003  1 0.0071 0.0072 0.0055 0.0401 0.0044 0.0060 0.0091 0.0101 0.0041 0.0053 0.0242 0.0217 0.6045 0.0079 0.0106 0.0118 0.0156 0.0268 0.0090 0.0050 0.0263 0.0438 0.0884 0.0055 
 H195.3_2004  1 0.0073 0.0030 0.0064 0.0039 0.0033 0.0047 0.0037 0.0030 0.0142 0.0037 0.0039 0.0057 0.8899 0.0052 0.0036 0.0041 0.0049 0.0038 0.0045 0.0039 0.0040 0.0028 0.0055 0.0052 
 H195.4_2003  1 0.0064 0.0058 0.0167 0.0066 0.0042 0.0053 0.0055 0.0044 0.0100 0.0066 0.0066 0.0053 0.8155 0.0034 0.0050 0.0046 0.0067 0.0049 0.0058 0.0052 0.0075 0.0039 0.0513 0.0029 
 H195.4_2004  1 0.0043 0.0031 0.0045 0.0033 0.0037 0.0025 0.0043 0.0049 0.0047 0.0032 0.0059 0.0067 0.9006 0.0102 0.0040 0.0030 0.0048 0.0033 0.0043 0.0037 0.0040 0.0034 0.0035 0.0041 
 H195.5_2003  1 0.0114 0.0077 0.0345 0.0914 0.0078 0.0050 0.0077 0.0041 0.0113 0.0052 0.0151 0.0059 0.6435 0.0124 0.0062 0.0143 0.0121 0.0079 0.0075 0.0065 0.0115 0.0079 0.0595 0.0034 
 H195.5_2004  1 0.0064 0.0035 0.0085 0.0057 0.0071 0.0062 0.0039 0.0038 0.0063 0.0029 0.0037 0.0067 0.8820 0.0081 0.0044 0.0042 0.0065 0.0039 0.0048 0.0033 0.0042 0.0047 0.0036 0.0055 
 H195.6_2003  1 0.0075 0.0029 0.0057 0.0183 0.0036 0.0047 0.0066 0.0049 0.0032 0.0047 0.0039 0.0118 0.8284 0.0073 0.0056 0.0045 0.0080 0.0108 0.0036 0.0034 0.0120 0.0101 0.0240 0.0042 
 H195.6_2004  1 0.0042 0.0050 0.0047 0.0040 0.0062 0.0045 0.0037 0.0043 0.0053 0.0029 0.0037 0.0062 0.9039 0.0038 0.0031 0.0037 0.0031 0.0038 0.0057 0.0029 0.0031 0.0029 0.0043 0.0050 
 H195.7_2003  1 0.0056 0.0100 0.0071 0.0074 0.0073 0.0052 0.0116 0.0065 0.0077 0.0062 0.0251 0.0063 0.7666 0.0063 0.0057 0.0064 0.0076 0.0109 0.0070 0.0061 0.0087 0.0040 0.0620 0.0024 
 H195.7_2004  1 0.0049 0.0042 0.0075 0.0051 0.0051 0.0051 0.0063 0.0035 0.0039 0.0026 0.0032 0.0042 0.8732 0.0109 0.0051 0.0040 0.0081 0.0034 0.0037 0.0040 0.0035 0.0067 0.0035 0.0184 
      H195.8  1 0.0056 0.0035 0.0104 0.0047 0.0046 0.0041 0.0041 0.0052 0.0037 0.0023 0.0048 0.0059 0.8717 0.0217 0.0065 0.0036 0.0051 0.0039 0.0046 0.0046 0.0049 0.0053 0.0043 0.0048 
      H195.9  1 0.0072 0.0039 0.0056 0.0045 0.0054 0.0052 0.0053 0.0075 0.0107 0.0028 0.0041 0.0098 0.8775 0.0048 0.0038 0.0042 0.0042 0.0056 0.0052 0.0050 0.0063 0.0040 0.0043 0.0033 
      H415.1  1 0.0426 0.0087 0.0163 0.0107 0.0051 0.0189 0.0266 0.0234 0.1381 0.3023 0.0179 0.0067 0.0267 0.0066 0.0066 0.0130 0.0119 0.0056 0.0098 0.0124 0.0173 0.1620 0.0271 0.0837 
      H415.2  1 0.6144 0.0059 0.0048 0.0070 0.0062 0.0118 0.0077 0.0049 0.0156 0.0842 0.0064 0.0039 0.0087 0.0023 0.0160 0.0341 0.0116 0.0104 0.0569 0.0150 0.0270 0.0232 0.0108 0.0112 
      H415.3  1 0.0254 0.0101 0.0256 0.0128 0.0140 0.0143 0.0422 0.0048 0.0984 0.5690 0.0131 0.0032 0.0093 0.0035 0.0055 0.0542 0.0159 0.0159 0.0070 0.0151 0.0098 0.0106 0.0096 0.0107 
      H415.4  1 0.0432 0.0052 0.0452 0.0074 0.0038 0.0241 0.0102 0.0221 0.0230 0.6041 0.0064 0.0043 0.0156 0.0081 0.0103 0.0055 0.0044 0.0074 0.0145 0.0133 0.0120 0.0654 0.0238 0.0206 
      H415.5  1 0.0318 0.0120 0.0430 0.0072 0.0109 0.0084 0.0179 0.0051 0.1280 0.5646 0.0081 0.0034 0.0146 0.0040 0.0052 0.0437 0.0146 0.0094 0.0150 0.0144 0.0086 0.0077 0.0111 0.0111 
      H415.6  1 0.0381 0.0068 0.0457 0.0098 0.0037 0.0267 0.0090 0.0208 0.0236 0.6143 0.0062 0.0046 0.0135 0.0085 0.0073 0.0069 0.0037 0.0059 0.0107 0.0110 0.0118 0.0713 0.0195 0.0206 
      H415.7  1 0.2737 0.0102 0.0093 0.0074 0.0200 0.0111 0.0434 0.0067 0.0565 0.2484 0.0107 0.0036 0.0402 0.0042 0.0107 0.0249 0.0395 0.0818 0.0186 0.0109 0.0233 0.0095 0.0160 0.0195 
      H506.1  1 0.0038 0.0058 0.0036 0.0079 0.8811 0.0048 0.0039 0.0044 0.0076 0.0106 0.0051 0.0027 0.0043 0.0055 0.0034 0.0042 0.0063 0.0079 0.0093 0.0046 0.0032 0.0027 0.0032 0.0043 
      H506.2  1 0.0056 0.0138 0.0052 0.0055 0.8445 0.0073 0.0044 0.0047 0.0124 0.0090 0.0053 0.0036 0.0120 0.0035 0.0061 0.0059 0.0068 0.0105 0.0115 0.0053 0.0037 0.0023 0.0031 0.0078 
      H506.3  1 0.0057 0.0066 0.0045 0.0160 0.7085 0.0091 0.0068 0.0073 0.0092 0.0139 0.0095 0.0046 0.0092 0.0192 0.0051 0.0217 0.0562 0.0123 0.0157 0.0104 0.0129 0.0036 0.0046 0.0274 
      H506.4  1 0.0040 0.0047 0.0031 0.0081 0.8645 0.0051 0.0052 0.0050 0.0060 0.0107 0.0069 0.0046 0.0042 0.0058 0.0061 0.0065 0.0097 0.0086 0.0082 0.0040 0.0041 0.0036 0.0039 0.0076 
      H506.5  1 0.0061 0.0065 0.0029 0.0069 0.8581 0.0048 0.0038 0.0046 0.0090 0.0101 0.0056 0.0040 0.0059 0.0042 0.0071 0.0052 0.0092 0.0164 0.0044 0.0036 0.0059 0.0029 0.0036 0.0095 
      H506.6  1 0.0084 0.0151 0.0044 0.0100 0.4382 0.0102 0.0148 0.0057 0.0060 0.0105 0.0156 0.0097 0.0148 0.0105 0.0431 0.0134 0.2614 0.0232 0.0103 0.0221 0.0167 0.0044 0.0041 0.0276 
      H506.7  1 0.0043 0.0061 0.0047 0.0083 0.8661 0.0054 0.0035 0.0054 0.0110 0.0102 0.0056 0.0039 0.0064 0.0046 0.0045 0.0052 0.0096 0.0068 0.0075 0.0045 0.0045 0.0025 0.0037 0.0058 
      H533.1  1 0.0044 0.0521 0.0051 0.0054 0.8289 0.0036 0.0080 0.0039 0.0135 0.0064 0.0036 0.0029 0.0041 0.0057 0.0054 0.0062 0.0055 0.0033 0.0063 0.0060 0.0049 0.0028 0.0030 0.0092 
      H533.2  1 0.0045 0.0367 0.0044 0.0048 0.8146 0.0052 0.0082 0.0051 0.0294 0.0082 0.0034 0.0026 0.0042 0.0049 0.0070 0.0078 0.0063 0.0039 0.0055 0.0054 0.0046 0.0028 0.0031 0.0174 
      H533.3  1 0.0049 0.0129 0.0041 0.0039 0.8262 0.0060 0.0065 0.0075 0.0134 0.0084 0.0043 0.0061 0.0040 0.0047 0.0128 0.0136 0.0078 0.0063 0.0040 0.0215 0.0081 0.0039 0.0050 0.0044 
      H533.4  1 0.0067 0.0087 0.0055 0.0040 0.7715 0.0078 0.0156 0.0068 0.0327 0.0082 0.0048 0.0057 0.0118 0.0057 0.0227 0.0147 0.0091 0.0057 0.0048 0.0152 0.0071 0.0048 0.0085 0.0119 
      H535.1  1 0.0129 0.0044 0.0083 0.0049 0.8281 0.0041 0.0053 0.0038 0.0078 0.0060 0.0069 0.0092 0.0066 0.0036 0.0111 0.0087 0.0033 0.0116 0.0174 0.0049 0.0101 0.0111 0.0056 0.0042 
      H535.2  1 0.0052 0.0042 0.0054 0.0056 0.8915 0.0040 0.0028 0.0046 0.0050 0.0027 0.0049 0.0065 0.0086 0.0056 0.0039 0.0035 0.0044 0.0062 0.0046 0.0051 0.0046 0.0038 0.0044 0.0028 
      H535.3  1 0.0036 0.0041 0.0058 0.0091 0.8849 0.0043 0.0025 0.0046 0.0032 0.0030 0.0056 0.0053 0.0113 0.0091 0.0068 0.0035 0.0035 0.0053 0.0042 0.0047 0.0036 0.0041 0.0046 0.0035 
      H535.4  1 0.0035 0.0022 0.0081 0.0064 0.8994 0.0040 0.0039 0.0030 0.0090 0.0060 0.0029 0.0029 0.0074 0.0047 0.0028 0.0038 0.0030 0.0036 0.0036 0.0042 0.0039 0.0038 0.0050 0.0029 
      H535.5  1 0.0039 0.0028 0.0038 0.0045 0.8983 0.0034 0.0049 0.0029 0.0091 0.0066 0.0039 0.0040 0.0045 0.0033 0.0035 0.0066 0.0028 0.0046 0.0058 0.0038 0.0050 0.0043 0.0045 0.0032 
      H535.6  1 0.0128 0.0064 0.0167 0.0038 0.7609 0.0053 0.0046 0.0042 0.0036 0.0062 0.0185 0.0148 0.0158 0.0065 0.0196 0.0081 0.0043 0.0130 0.0242 0.0075 0.0087 0.0172 0.0133 0.0040 
      H535.7  1 0.0029 0.0028 0.0032 0.0051 0.9134 0.0029 0.0042 0.0037 0.0054 0.0035 0.0040 0.0038 0.0035 0.0027 0.0044 0.0042 0.0028 0.0046 0.0055 0.0034 0.0039 0.0036 0.0026 0.0040 
      H535.8  1 0.0042 0.0040 0.0032 0.0065 0.8827 0.0042 0.0045 0.0044 0.0045 0.0061 0.0096 0.0036 0.0068 0.0047 0.0055 0.0041 0.0029 0.0070 0.0065 0.0043 0.0046 0.0057 0.0064 0.0038 
      H535.9  1 0.0068 0.0036 0.0078 0.0078 0.8694 0.0037 0.0041 0.0040 0.0054 0.0043 0.0037 0.0077 0.0067 0.0044 0.0135 0.0039 0.0040 0.0050 0.0048 0.0042 0.0064 0.0100 0.0040 0.0047 
      H539.1  1 0.0063 0.0034 0.0034 0.0033 0.0026 0.0040 0.0031 0.0044 0.0027 0.0037 0.0027 0.0067 0.0035 0.0027 0.0135 0.0038 0.0037 0.0035 0.0038 0.0034 0.0054 0.9017 0.0037 0.0051 
      H539.2  1 0.0091 0.0048 0.0054 0.0081 0.0147 0.0063 0.0148 0.0120 0.0046 0.0083 0.0215 0.0140 0.0077 0.0174 0.0043 0.0755 0.0211 0.0074 0.0056 0.0115 0.0214 0.6838 0.0118 0.0092 
      H539.3  1 0.0068 0.0040 0.0038 0.0061 0.0087 0.0051 0.0046 0.0071 0.0032 0.0033 0.0101 0.0198 0.0100 0.0074 0.0056 0.0092 0.0045 0.0042 0.0097 0.0043 0.0070 0.8342 0.0144 0.0068 
      H539.4  1 0.0054 0.0085 0.0034 0.0073 0.0037 0.0036 0.0079 0.0064 0.0037 0.0049 0.0068 0.0060 0.0041 0.0040 0.0084 0.0089 0.0172 0.0069 0.0042 0.0098 0.0154 0.8313 0.0033 0.0188 
      H539.5  1 0.0042 0.0030 0.0037 0.0029 0.0031 0.0041 0.0041 0.0065 0.0030 0.0033 0.0027 0.0049 0.0029 0.0027 0.0046 0.0035 0.0025 0.0048 0.0042 0.0030 0.0034 0.9153 0.0039 0.0038 
      H539.6  1 0.0051 0.0034 0.0040 0.0033 0.0036 0.0056 0.0066 0.0066 0.0031 0.0040 0.0040 0.0047 0.0042 0.0046 0.0066 0.0034 0.0027 0.0050 0.0038 0.0035 0.0045 0.8966 0.0068 0.0043 
      H539.7  1 0.0041 0.0037 0.0037 0.0031 0.0029 0.0041 0.0055 0.0038 0.0036 0.0031 0.0049 0.0037 0.0030 0.0033 0.0086 0.0043 0.0053 0.0035 0.0049 0.0038 0.0046 0.9026 0.0066 0.0035 
      H539.8  1 0.0070 0.0038 0.0057 0.0152 0.0131 0.0086 0.0064 0.0053 0.0043 0.0043 0.0160 0.0077 0.0076 0.0095 0.0044 0.0068 0.0065 0.0064 0.0136 0.0084 0.0093 0.7960 0.0152 0.0188 
      H539.9  1 0.0053 0.0065 0.0025 0.0042 0.0030 0.0040 0.0054 0.0070 0.0025 0.0051 0.0058 0.0060 0.0031 0.0041 0.0058 0.0055 0.0066 0.0044 0.0033 0.0055 0.0084 0.8832 0.0030 0.0097 
      H540.1  1 0.0112 0.0155 0.0053 0.0049 0.0088 0.0082 0.0062 0.0067 0.0056 0.0043 0.0055 0.0091 0.0092 0.0069 0.0150 0.0243 0.0069 0.0231 0.0054 0.0174 0.0074 0.7719 0.0117 0.0098 
      H540.2  1 0.0086 0.0067 0.0051 0.0032 0.0043 0.0071 0.0036 0.0036 0.0041 0.0049 0.0041 0.0056 0.0041 0.0021 0.0060 0.0073 0.0031 0.0085 0.0072 0.0075 0.0043 0.8781 0.0071 0.0038 
      H540.3  1 0.0385 0.0122 0.0154 0.0058 0.0058 0.0087 0.0066 0.0042 0.0105 0.0133 0.0218 0.0047 0.0103 0.0108 0.0584 0.0104 0.0296 0.0119 0.0782 0.0247 0.0091 0.3555 0.0292 0.2240 
      H540.4  1 0.0068 0.0101 0.0095 0.0049 0.0092 0.0085 0.0096 0.0037 0.0037 0.0046 0.0065 0.0053 0.0053 0.0042 0.0073 0.0071 0.0065 0.0135 0.0064 0.0089 0.0040 0.8436 0.0071 0.0038 
      H540.5  1 0.0198 0.0147 0.0074 0.0036 0.0045 0.0063 0.0070 0.0066 0.0056 0.0055 0.0079 0.0069 0.0041 0.0085 0.0074 0.0112 0.0078 0.0089 0.0103 0.0092 0.0059 0.8112 0.0056 0.0141 
      H540.6  1 0.0276 0.0236 0.0129 0.0047 0.0073 0.0199 0.0127 0.0112 0.0069 0.0074 0.0081 0.0188 0.0069 0.0244 0.0097 0.0144 0.0080 0.0269 0.0093 0.0223 0.0077 0.6868 0.0107 0.0119 
      H540.7  1 0.0126 0.0062 0.0080 0.0060 0.0076 0.0059 0.0051 0.0057 0.0092 0.0088 0.0050 0.0046 0.0046 0.0038 0.0064 0.0127 0.0059 0.0087 0.0061 0.0100 0.0034 0.8435 0.0065 0.0035 
      H540.8  1 0.0124 0.0089 0.0066 0.0053 0.0045 0.0033 0.0069 0.0036 0.0103 0.0046 0.0056 0.0057 0.0071 0.0023 0.0083 0.0209 0.0067 0.0088 0.0077 0.0156 0.0052 0.8181 0.0163 0.0053 
     H9558.1  1 0.0077 0.0091 0.0038 0.0060 0.0118 0.0034 0.0082 0.0037 0.0031 0.0059 0.0051 0.0086 0.0044 0.0050 0.0228 0.0068 0.0051 0.0049 0.0059 0.0035 0.0143 0.8380 0.0072 0.0057 
     H9558.2  1 0.0080 0.0215 0.0034 0.0139 0.0137 0.0093 0.0069 0.0144 0.0034 0.0161 0.0120 0.0112 0.0057 0.0083 0.0282 0.0069 0.0101 0.0083 0.0067 0.0043 0.0093 0.7595 0.0069 0.0120 
     H9558.3  1 0.0053 0.0074 0.0044 0.0142 0.0079 0.0110 0.0053 0.0097 0.0033 0.0091 0.0049 0.0123 0.0040 0.0058 0.0071 0.0055 0.0052 0.0089 0.0076 0.0067 0.0063 0.8304 0.0094 0.0084 
     H9558.4  1 0.0052 0.0103 0.0029 0.0059 0.0105 0.0027 0.0094 0.0047 0.0027 0.0077 0.0056 0.0066 0.0032 0.0036 0.0168 0.0085 0.0068 0.0053 0.0052 0.0035 0.0097 0.8520 0.0038 0.0074 
     H9558.5  1 0.0052 0.0040 0.0031 0.0102 0.0055 0.0058 0.0060 0.0032 0.0034 0.0066 0.0053 0.0034 0.0026 0.0049 0.0074 0.0098 0.0128 0.0049 0.0058 0.0092 0.0065 0.8542 0.0038 0.0165 
     H9558.6  1 0.0115 0.0067 0.0046 0.0086 0.0057 0.0061 0.0047 0.0471 0.0049 0.0077 0.0053 0.0071 0.0046 0.0036 0.0158 0.0071 0.0039 0.0071 0.0148 0.0437 0.0127 0.7488 0.0108 0.0072 
    kos339.1  1 0.0082 0.0074 0.0035 0.0035 0.0126 0.0088 0.0077 0.0128 0.8234 0.0107 0.0061 0.0041 0.0038 0.0041 0.0077 0.0110 0.0118 0.0215 0.0042 0.0079 0.0049 0.0053 0.0044 0.0044 
    kos339.2  1 0.0039 0.0070 0.0060 0.0083 0.0074 0.0153 0.0083 0.0097 0.8564 0.0060 0.0043 0.0030 0.0071 0.0051 0.0033 0.0037 0.0063 0.0075 0.0062 0.0066 0.0032 0.0046 0.0040 0.0069 
    kos339.3  1 0.0041 0.0025 0.0038 0.0030 0.0049 0.0041 0.0056 0.0040 0.9098 0.0059 0.0030 0.0028 0.0039 0.0031 0.0032 0.0053 0.0032 0.0040 0.0030 0.0051 0.0036 0.0039 0.0046 0.0035 
    kos339.4  1 0.0042 0.0026 0.0043 0.0039 0.0067 0.0042 0.0073 0.0045 0.8935 0.0101 0.0038 0.0030 0.0050 0.0040 0.0033 0.0039 0.0039 0.0038 0.0051 0.0045 0.0042 0.0049 0.0052 0.0039 
    kos339.5  1 0.0062 0.0032 0.0035 0.0048 0.0055 0.0080 0.0052 0.0077 0.8786 0.0044 0.0048 0.0041 0.0037 0.0042 0.0043 0.0108 0.0067 0.0110 0.0037 0.0054 0.0032 0.0044 0.0037 0.0028 
    kos339.6  1 0.0047 0.0034 0.0051 0.0043 0.0047 0.0081 0.0050 0.0047 0.8981 0.0056 0.0027 0.0034 0.0048 0.0039 0.0040 0.0037 0.0042 0.0055 0.0046 0.0063 0.0031 0.0037 0.0030 0.0037 
    kos339.7  1 0.0034 0.0031 0.0029 0.0032 0.0077 0.0036 0.0058 0.0046 0.9110 0.0059 0.0032 0.0028 0.0044 0.0025 0.0037 0.0042 0.0034 0.0035 0.0031 0.0042 0.0034 0.0033 0.0042 0.0030 
    kos339.8  1 0.0046 0.0043 0.0045 0.0067 0.0073 0.0067 0.0090 0.0052 0.8712 0.0124 0.0053 0.0024 0.0047 0.0055 0.0031 0.0053 0.0057 0.0075 0.0042 0.0068 0.0038 0.0034 0.0043 0.0059 
    kos339.9  1 0.0125 0.0070 0.0070 0.0071 0.0066 0.0134 0.0094 0.0082 0.8348 0.0042 0.0054 0.0055 0.0096 0.0044 0.0037 0.0114 0.0042 0.0087 0.0051 0.0047 0.0049 0.0110 0.0067 0.0044 
      H008.1  2 0.0107 0.0098 0.0089 0.0183 0.0107 0.0379 0.0179 0.6984 0.0066 0.0060 0.0112 0.0068 0.0076 0.0128 0.0124 0.0195 0.0106 0.0048 0.0101 0.0087 0.0114 0.0475 0.0065 0.0051 
      H008.2  2 0.0296 0.0686 0.0051 0.2291 0.0318 0.0265 0.0112 0.0614 0.0104 0.0092 0.0166 0.0291 0.0095 0.0528 0.0354 0.1093 0.0115 0.0129 0.0092 0.0270 0.0311 0.1181 0.0115 0.0430 
      H008.3  2 0.0198 0.0178 0.0118 0.0664 0.2739 0.0427 0.0204 0.0439 0.0068 0.0076 0.0221 0.0487 0.0170 0.0591 0.0226 0.0684 0.0057 0.0127 0.0294 0.0152 0.0498 0.0656 0.0359 0.0367 
      H008.4  2 0.0569 0.0140 0.0067 0.0274 0.0099 0.0664 0.0082 0.5215 0.0066 0.0230 0.0174 0.0126 0.0106 0.0142 0.0102 0.0122 0.0070 0.0095 0.0219 0.0113 0.0119 0.0645 0.0310 0.0248 
      H008.5  2 0.0095 0.0067 0.0060 0.0378 0.0386 0.0325 0.0143 0.6232 0.0099 0.0079 0.0275 0.0178 0.0075 0.0116 0.0074 0.0195 0.0073 0.0099 0.0200 0.0110 0.0144 0.0208 0.0214 0.0175 
      H008.6  2 0.0768 0.0254 0.0045 0.2666 0.0238 0.0245 0.0076 0.1147 0.0061 0.0151 0.0188 0.0344 0.0166 0.0065 0.0376 0.0856 0.0062 0.0175 0.0220 0.0193 0.0122 0.0777 0.0204 0.0600 
      H008.7  2 0.0744 0.0257 0.0105 0.1283 0.0380 0.0276 0.0113 0.2436 0.0114 0.0197 0.0327 0.0145 0.0095 0.0720 0.0268 0.0417 0.0143 0.0101 0.0247 0.0075 0.0143 0.0550 0.0204 0.0660 
      H008.8  2 0.0214 0.2765 0.0059 0.0156 0.0113 0.0226 0.0302 0.1081 0.0063 0.0087 0.0081 0.0132 0.0306 0.0230 0.0442 0.0119 0.0085 0.0148 0.0084 0.0069 0.0277 0.2798 0.0077 0.0087 
      H008.9  2 0.1069 0.0927 0.0051 0.2091 0.0266 0.0109 0.0066 0.0192 0.0066 0.0068 0.0141 0.0299 0.0283 0.0129 0.1233 0.0276 0.0068 0.0118 0.0401 0.0158 0.0345 0.0352 0.0296 0.0995 
 H029.1_2002  2 0.0159 0.0262 0.0049 0.0070 0.0045 0.0142 0.0040 0.5913 0.0051 0.0581 0.0641 0.0063 0.0054 0.0095 0.0191 0.0063 0.0119 0.0128 0.0097 0.0105 0.0151 0.0349 0.0458 0.0175 
 H029.1_2003  2 0.0075 0.0378 0.0071 0.0127 0.0175 0.0100 0.0082 0.0075 0.0044 0.0104 0.6444 0.0081 0.0118 0.0064 0.0196 0.0144 0.0082 0.0127 0.0913 0.0123 0.0157 0.0097 0.0114 0.0110 
 H029.2_2002  2 0.0215 0.0066 0.0053 0.0137 0.0565 0.0054 0.0065 0.4437 0.0344 0.0067 0.1230 0.0098 0.0375 0.0196 0.0038 0.0303 0.0133 0.0184 0.0571 0.0071 0.0087 0.0122 0.0068 0.0521 
 H029.2_2003  2 0.0240 0.0071 0.0043 0.0189 0.0720 0.0048 0.0077 0.0371 0.0189 0.0049 0.6004 0.0110 0.0127 0.0060 0.0064 0.0650 0.0090 0.0156 0.0228 0.0132 0.0113 0.0062 0.0059 0.0147 
 H029.3_2002  2 0.0122 0.0284 0.0049 0.0060 0.2751 0.0061 0.0138 0.0959 0.0230 0.0090 0.1715 0.0108 0.0352 0.0192 0.0072 0.0083 0.0185 0.0114 0.0298 0.0188 0.0143 0.0064 0.0068 0.1671 
 H029.3_2003  2 0.0052 0.0106 0.0050 0.0542 0.0173 0.0124 0.0094 0.2086 0.0074 0.0051 0.5337 0.0064 0.0077 0.0070 0.0039 0.0215 0.0216 0.0079 0.0159 0.0129 0.0049 0.0057 0.0085 0.0071 
 H029.4_2002  2 0.0038 0.0083 0.0053 0.0076 0.0066 0.0118 0.0269 0.6420 0.0049 0.0139 0.1268 0.0044 0.0142 0.0173 0.0057 0.0064 0.0335 0.0048 0.0093 0.0072 0.0039 0.0036 0.0088 0.0232 
 H029.4_2003  2 0.0050 0.0240 0.0044 0.0175 0.0118 0.0166 0.0320 0.0538 0.0069 0.0105 0.4524 0.0097 0.0087 0.0091 0.0207 0.0125 0.1474 0.0059 0.0169 0.0097 0.0303 0.0221 0.0490 0.0230 
 H029.5_2002  2 0.0063 0.0077 0.0075 0.0099 0.0047 0.0177 0.0040 0.7218 0.0049 0.0124 0.0818 0.0040 0.0052 0.0140 0.0060 0.0048 0.0074 0.0111 0.0174 0.0069 0.0060 0.0071 0.0243 0.0071 
 H029.5_2003  2 0.0060 0.0276 0.0032 0.0375 0.0074 0.0117 0.0180 0.1281 0.0042 0.0073 0.5804 0.0044 0.0063 0.0055 0.0096 0.0498 0.0128 0.0048 0.0215 0.0078 0.0109 0.0065 0.0128 0.0161 
 H029.6_2002  2 0.0047 0.0285 0.0063 0.0036 0.0077 0.0078 0.0065 0.1390 0.0054 0.0093 0.6515 0.0068 0.0170 0.0150 0.0052 0.0054 0.0137 0.0038 0.0134 0.0075 0.0053 0.0036 0.0046 0.0283 
 H029.6_2003  2 0.0137 0.0183 0.0085 0.0382 0.0453 0.0247 0.0225 0.3106 0.0425 0.0055 0.1099 0.0065 0.0212 0.0120 0.0130 0.0785 0.0699 0.0254 0.0538 0.0191 0.0109 0.0176 0.0211 0.0112 
      H029.7  2 0.0149 0.0054 0.0036 0.0066 0.0131 0.0048 0.0077 0.6181 0.0294 0.0046 0.0748 0.0137 0.0488 0.0124 0.0055 0.0101 0.0256 0.0099 0.0186 0.0037 0.0098 0.0064 0.0089 0.0436 
      H030.1  2 0.0185 0.0115 0.0360 0.0667 0.0131 0.0171 0.0071 0.0292 0.0118 0.0058 0.1127 0.0096 0.0139 0.0092 0.0073 0.0240 0.0245 0.1048 0.0054 0.4112 0.0306 0.0051 0.0200 0.0047 
      H030.2  2 0.0141 0.0053 0.0337 0.0248 0.0125 0.0325 0.0199 0.0558 0.0062 0.0895 0.0163 0.0046 0.0119 0.1447 0.0070 0.0061 0.0136 0.0127 0.0039 0.3576 0.0099 0.0246 0.0283 0.0646 
      H038.1  2 0.0081 0.0140 0.0032 0.0042 0.0047 0.0059 0.0055 0.8369 0.0055 0.0064 0.0087 0.0068 0.0049 0.0045 0.0103 0.0058 0.0050 0.0055 0.0083 0.0040 0.0085 0.0060 0.0055 0.0218 
      H038.2  2 0.0093 0.0041 0.0152 0.0059 0.0065 0.0058 0.0061 0.8482 0.0116 0.0108 0.0073 0.0032 0.0037 0.0063 0.0029 0.0053 0.0045 0.0088 0.0073 0.0076 0.0059 0.0037 0.0057 0.0042 
      H038.3  2 0.0085 0.0069 0.0090 0.0108 0.0078 0.0163 0.0096 0.7425 0.0132 0.0223 0.0051 0.0039 0.0075 0.0076 0.0059 0.0053 0.0086 0.0355 0.0046 0.0128 0.0053 0.0079 0.0051 0.0379 
      H038.4  2 0.0110 0.0092 0.0173 0.0094 0.0062 0.0213 0.0058 0.7815 0.0068 0.0104 0.0057 0.0046 0.0105 0.0081 0.0052 0.0034 0.0097 0.0186 0.0073 0.0056 0.0058 0.0065 0.0042 0.0259 
      H038.5  2 0.0053 0.0146 0.0074 0.0050 0.0065 0.0089 0.0258 0.7397 0.0154 0.0062 0.0114 0.0035 0.0086 0.0128 0.0047 0.0103 0.0409 0.0064 0.0086 0.0130 0.0054 0.0096 0.0061 0.0237 
