      H105.1  1 0.0069 0.0107 0.0038 0.0357 0.0109 0.0049 0.0053 0.1040 0.0055 0.0160 0.0157 0.0130 0.0063 0.0118 0.0075 0.0086 0.0217 0.0098 0.0059 0.0058 0.0093 0.6743 0.0064 
      H105.2  1 0.0094 0.0580 0.0167 0.0315 0.0153 0.0174 0.0122 0.0652 0.0294 0.0108 0.0104 0.0050 0.0290 0.0421 0.0087 0.0185 0.0089 0.0249 0.0164 0.0069 0.0611 0.4940 0.0082 
      H105.3  1 0.0077 0.0255 0.0111 0.0122 0.0219 0.0072 0.0088 0.0087 0.0065 0.0129 0.0124 0.0100 0.0143 0.0123 0.0064 0.0060 0.0058 0.0122 0.0063 0.0051 0.0068 0.7751 0.0047 
      H105.4  1 0.0058 0.0564 0.1001 0.1231 0.0063 0.0080 0.0192 0.0279 0.0213 0.0198 0.0117 0.0125 0.0224 0.0115 0.0092 0.0067 0.0081 0.0120 0.0224 0.0071 0.0555 0.4214 0.0117 
      H105.5  1 0.0075 0.0756 0.0419 0.0781 0.0341 0.0143 0.0266 0.1140 0.0125 0.0432 0.0108 0.0252 0.0128 0.0283 0.0342 0.0122 0.0252 0.0970 0.0090 0.0073 0.2204 0.0563 0.0135 
      H105.6  1 0.0047 0.0159 0.0243 0.0252 0.0075 0.0097 0.0147 0.0049 0.0063 0.0082 0.0108 0.0127 0.0128 0.0045 0.0178 0.0051 0.0038 0.0068 0.0076 0.0045 0.0131 0.7728 0.0061 
      H105.7  1 0.0049 0.0189 0.0045 0.0569 0.0066 0.0066 0.0101 0.0126 0.0170 0.0143 0.0396 0.0062 0.0067 0.0061 0.0072 0.0088 0.0189 0.0071 0.0092 0.0045 0.0050 0.7190 0.0091 
      H105.8  1 0.0077 0.0103 0.0069 0.0174 0.0117 0.0058 0.0056 0.0311 0.0073 0.0064 0.0309 0.0047 0.0199 0.0092 0.0064 0.0156 0.0047 0.0041 0.0071 0.0060 0.0158 0.7622 0.0031 
      H115.1  1 0.0063 0.0313 0.0119 0.0100 0.0198 0.0094 0.0162 0.0062 0.0144 0.0072 0.0218 0.0473 0.0239 0.0076 0.6665 0.0175 0.0163 0.0084 0.0122 0.0220 0.0107 0.0079 0.0052 
      H115.2  1 0.0092 0.0074 0.0067 0.0051 0.0086 0.0090 0.0053 0.0063 0.0054 0.0048 0.0054 0.0130 0.0071 0.0059 0.8296 0.0112 0.0092 0.0093 0.0095 0.0072 0.0100 0.0102 0.0046 
      H115.3  1 0.0079 0.0131 0.1168 0.0111 0.0052 0.0138 0.0036 0.0042 0.0077 0.0125 0.0095 0.0280 0.0073 0.0154 0.4730 0.0090 0.0184 0.0408 0.0100 0.0085 0.1714 0.0081 0.0048 
      H115.4  1 0.0073 0.0131 0.0070 0.0176 0.1106 0.0059 0.0066 0.0048 0.0091 0.0116 0.0094 0.0323 0.0504 0.0284 0.0410 0.0252 0.0492 0.1986 0.0216 0.0337 0.2978 0.0109 0.0079 
      H115.5  1 0.0513 0.0160 0.0508 0.0180 0.0152 0.0059 0.0175 0.0082 0.0137 0.0268 0.0390 0.0858 0.0145 0.0905 0.3371 0.0210 0.0310 0.0219 0.0084 0.0178 0.0602 0.0279 0.0214 
      H115.6  1 0.0184 0.0297 0.0356 0.0102 0.0135 0.0429 0.0068 0.0050 0.0196 0.0212 0.0249 0.0337 0.0047 0.0276 0.3375 0.0092 0.0305 0.1767 0.0143 0.0220 0.1000 0.0095 0.0064 
      H115.7  1 0.0047 0.1624 0.0240 0.0089 0.0106 0.0172 0.0135 0.0053 0.0222 0.0102 0.0061 0.0247 0.0114 0.0341 0.3698 0.0087 0.0214 0.1549 0.0211 0.0149 0.0344 0.0097 0.0100 
      H115.8  1 0.0568 0.0219 0.0183 0.0132 0.0077 0.0191 0.0047 0.0074 0.0121 0.0083 0.0396 0.0380 0.0055 0.0288 0.5382 0.0181 0.0177 0.0377 0.0078 0.0231 0.0572 0.0133 0.0055 
      H115.9  1 0.0048 0.0125 0.0191 0.0136 0.0205 0.0068 0.0079 0.0056 0.0059 0.0049 0.0212 0.0116 0.0124 0.0047 0.7913 0.0057 0.0131 0.0045 0.0050 0.0126 0.0073 0.0048 0.0042 
      H145.1  1 0.0296 0.0074 0.0122 0.0107 0.0079 0.0324 0.0056 0.0068 0.0035 0.0078 0.0085 0.0094 0.0061 0.0033 0.0105 0.0037 0.0056 0.0073 0.0058 0.0140 0.0080 0.0047 0.7892 
      H145.2  1 0.0254 0.0111 0.1329 0.0200 0.0059 0.0114 0.0060 0.0120 0.0044 0.0056 0.0084 0.0131 0.0122 0.0034 0.0056 0.0036 0.0062 0.0064 0.0100 0.0170 0.0103 0.0059 0.6631 
      H145.3  1 0.0653 0.0051 0.0065 0.0089 0.0039 0.0192 0.0038 0.0052 0.0060 0.0068 0.0212 0.0039 0.0060 0.0099 0.0059 0.0039 0.0045 0.0043 0.0054 0.0337 0.0139 0.0037 0.7531 
      H145.4  1 0.0082 0.0061 0.0043 0.0075 0.0031 0.0081 0.0055 0.0038 0.0031 0.0041 0.0053 0.0065 0.0045 0.0028 0.0044 0.0037 0.0050 0.0046 0.0051 0.0039 0.0037 0.0039 0.8928 
      H145.5  1 0.1676 0.0064 0.0062 0.0050 0.0038 0.0318 0.0057 0.0057 0.0035 0.0049 0.0073 0.0051 0.0058 0.0071 0.0052 0.0042 0.0047 0.0086 0.0049 0.0229 0.0070 0.0041 0.6724 
      H145.6  1 0.0129 0.0178 0.0535 0.0083 0.0029 0.0047 0.0044 0.0100 0.0090 0.0033 0.0055 0.0059 0.0044 0.0076 0.0032 0.0037 0.0055 0.0055 0.0062 0.0059 0.0060 0.0046 0.8092 
      H145.7  1 0.0038 0.0064 0.0059 0.0054 0.0025 0.0059 0.0039 0.0055 0.0037 0.0041 0.0055 0.0079 0.0042 0.0112 0.0043 0.0034 0.0074 0.0050 0.0068 0.0082 0.0064 0.0036 0.8791 
      H149.1  1 0.0040 0.0040 0.0036 0.0036 0.0030 0.0055 0.0047 0.0030 0.0034 0.0032 0.0034 0.9225 0.0029 0.0027 0.0038 0.0031 0.0031 0.0042 0.0032 0.0032 0.0030 0.0028 0.0041 
      H149.2  1 0.0029 0.0156 0.0047 0.0044 0.0043 0.0067 0.0035 0.0052 0.0046 0.0075 0.0045 0.8573 0.0055 0.0039 0.0040 0.0036 0.0107 0.0126 0.0039 0.0036 0.0030 0.0040 0.0236 
      H149.3  1 0.0047 0.0433 0.0126 0.0094 0.0051 0.0083 0.0101 0.0062 0.0147 0.0130 0.0098 0.6744 0.0169 0.0106 0.0078 0.0098 0.0216 0.0290 0.0127 0.0069 0.0050 0.0125 0.0558 
      H149.4  1 0.0081 0.0046 0.0089 0.0043 0.0035 0.0061 0.0073 0.0279 0.0073 0.0059 0.0044 0.8136 0.0122 0.0037 0.0047 0.0038 0.0102 0.0035 0.0376 0.0044 0.0034 0.0106 0.0038 
      H149.5  1 0.0041 0.0359 0.0072 0.0153 0.0052 0.0053 0.0059 0.0478 0.0194 0.0125 0.0081 0.5185 0.0325 0.0077 0.0036 0.0070 0.0839 0.0162 0.0320 0.0059 0.0036 0.0141 0.1084 
      H149.6  1 0.0036 0.0155 0.0044 0.0056 0.0057 0.0044 0.0050 0.0066 0.0105 0.0065 0.0033 0.8355 0.0059 0.0038 0.0029 0.0044 0.0136 0.0142 0.0052 0.0039 0.0035 0.0050 0.0310 
      H149.7  1 0.0094 0.0198 0.0188 0.0082 0.0104 0.0101 0.0407 0.0431 0.0715 0.0139 0.0179 0.5043 0.0342 0.0065 0.0040 0.0141 0.0306 0.0171 0.0662 0.0085 0.0051 0.0205 0.0252 
      H150.1  1 0.0081 0.0067 0.0114 0.0047 0.0029 0.0067 0.0047 0.0079 0.0044 0.0046 0.0065 0.0036 0.0033 0.0048 0.8139 0.0041 0.0042 0.0150 0.0063 0.0055 0.0564 0.0088 0.0054 
      H150.2  1 0.0138 0.0247 0.0088 0.0034 0.0092 0.0086 0.0062 0.0035 0.0087 0.0119 0.0046 0.0166 0.0054 0.0119 0.7067 0.0085 0.0160 0.0445 0.0116 0.0118 0.0423 0.0160 0.0050 
      H150.3  1 0.0090 0.0281 0.0055 0.0060 0.0067 0.0102 0.0097 0.0060 0.0082 0.0056 0.0074 0.0055 0.0040 0.0107 0.8069 0.0051 0.0048 0.0159 0.0056 0.0135 0.0091 0.0079 0.0087 
      H150.4  1 0.0097 0.0094 0.0066 0.0068 0.0055 0.0049 0.0067 0.0052 0.0080 0.0041 0.0066 0.0033 0.0028 0.0082 0.8603 0.0039 0.0053 0.0106 0.0041 0.0078 0.0074 0.0057 0.0071 
      H150.5  1 0.0045 0.0240 0.0207 0.0077 0.0042 0.0120 0.0050 0.0060 0.0103 0.0125 0.0086 0.0146 0.0074 0.0150 0.6196 0.0148 0.0166 0.0598 0.0210 0.0089 0.0694 0.0288 0.0086 
      H150.6  1 0.0088 0.0114 0.0113 0.0046 0.0048 0.0098 0.0057 0.0063 0.0089 0.0105 0.0039 0.0057 0.0088 0.0412 0.1505 0.0141 0.0280 0.2200 0.0344 0.0073 0.3020 0.0943 0.0077 
      H150.7  1 0.0082 0.0063 0.0188 0.0043 0.0035 0.0088 0.0037 0.0067 0.0046 0.0043 0.0050 0.0034 0.0028 0.0056 0.8660 0.0049 0.0036 0.0067 0.0037 0.0095 0.0094 0.0060 0.0043 
   H169607.1  1 0.0212 0.0169 0.0248 0.0112 0.1280 0.0529 0.0095 0.0728 0.0162 0.1054 0.0129 0.0076 0.0249 0.0198 0.0403 0.0383 0.0228 0.0093 0.0124 0.1057 0.0382 0.0103 0.1986 
   H169607.2  1 0.0038 0.0262 0.0171 0.1410 0.0138 0.0911 0.0062 0.0336 0.0125 0.0530 0.0405 0.0075 0.0189 0.0103 0.0746 0.0187 0.0117 0.0092 0.0646 0.1717 0.0133 0.0079 0.1530 
   H169607.3  1 0.0117 0.0182 0.0306 0.0435 0.0143 0.0287 0.0077 0.1430 0.0217 0.0776 0.0420 0.0049 0.0353 0.0199 0.0153 0.0297 0.0741 0.0093 0.0087 0.0310 0.0378 0.0070 0.2879 
   H169607.4  1 0.0053 0.0124 0.0336 0.0720 0.0120 0.3570 0.0049 0.0623 0.0089 0.0704 0.0082 0.0049 0.0062 0.0061 0.0114 0.0170 0.0074 0.0053 0.0122 0.0085 0.0140 0.0079 0.2522 
   H169607.5  1 0.0083 0.0185 0.0310 0.1163 0.0122 0.0196 0.0042 0.0142 0.0084 0.0758 0.0230 0.0097 0.0231 0.0087 0.1055 0.0091 0.0563 0.0103 0.1540 0.1322 0.0169 0.0053 0.1375 
   H169607.6  1 0.0040 0.0143 0.0148 0.3409 0.0224 0.0446 0.0042 0.0532 0.0112 0.0601 0.0291 0.0059 0.0301 0.0125 0.0281 0.0261 0.0096 0.0098 0.0521 0.0500 0.0256 0.0070 0.1443 
   H169607.7  1 0.0063 0.0221 0.0117 0.0445 0.0203 0.0247 0.0039 0.0445 0.0090 0.0467 0.0496 0.0084 0.0479 0.0150 0.0228 0.0355 0.0079 0.0106 0.0507 0.2874 0.1799 0.0129 0.0376 
   H169607.8  1 0.0034 0.0228 0.0209 0.2910 0.0114 0.2096 0.0054 0.0560 0.0095 0.1756 0.0209 0.0046 0.0097 0.0082 0.0093 0.0221 0.0083 0.0047 0.0166 0.0213 0.0069 0.0061 0.0559 
   H169633.1  1 0.0164 0.0109 0.0084 0.0054 0.0105 0.0112 0.0112 0.0038 0.0139 0.0044 0.0066 0.7538 0.0049 0.0147 0.0101 0.0385 0.0069 0.0125 0.0033 0.0154 0.0044 0.0114 0.0214 
   H169633.2  1 0.0076 0.0215 0.0046 0.0032 0.0331 0.0062 0.0086 0.0084 0.0543 0.0037 0.0141 0.6969 0.0159 0.0128 0.0040 0.0307 0.0036 0.0155 0.0067 0.0168 0.0095 0.0110 0.0114 
   H169633.3  1 0.0047 0.0101 0.0047 0.0045 0.0080 0.0057 0.0159 0.0041 0.0070 0.0056 0.0101 0.8035 0.0072 0.0065 0.0101 0.0074 0.0079 0.0262 0.0056 0.0091 0.0038 0.0186 0.0137 
   H169633.4  1 0.0113 0.0110 0.0149 0.0069 0.0071 0.0134 0.0089 0.0053 0.0042 0.0055 0.0077 0.8012 0.0078 0.0094 0.0127 0.0088 0.0118 0.0135 0.0043 0.0057 0.0041 0.0134 0.0112 
   H169633.5  1 0.0124 0.0093 0.0174 0.0075 0.0077 0.0151 0.0058 0.0062 0.0039 0.0060 0.0067 0.7994 0.0054 0.0077 0.0133 0.0065 0.0195 0.0123 0.0047 0.0076 0.0045 0.0121 0.0089 
   H169688.1  1 0.0042 0.0081 0.0045 0.0491 0.0084 0.0383 0.0205 0.0041 0.0806 0.0072 0.0082 0.0154 0.0265 0.0518 0.0113 0.5223 0.0048 0.0047 0.0130 0.0154 0.0079 0.0043 0.0896 
   H169688.2  1 0.0062 0.0056 0.0031 0.0074 0.0036 0.0046 0.0116 0.0074 0.0611 0.0046 0.0063 0.0046 0.0068 0.0092 0.0063 0.7882 0.0051 0.0056 0.0166 0.0080 0.0098 0.0093 0.0091 
   H169688.3  1 0.0055 0.0109 0.0045 0.0061 0.0061 0.0061 0.0096 0.0127 0.0341 0.0042 0.0043 0.0086 0.0053 0.0131 0.0172 0.7468 0.0065 0.0059 0.0174 0.0440 0.0093 0.0072 0.0147 
   H169688.4  1 0.0152 0.0069 0.0103 0.0054 0.0071 0.0049 0.0076 0.0052 0.0143 0.0053 0.0069 0.0062 0.0063 0.0083 0.1376 0.6775 0.0070 0.0042 0.0092 0.0132 0.0238 0.0097 0.0078 
   H169688.5  1 0.0147 0.0080 0.0099 0.0062 0.0060 0.0065 0.0076 0.0057 0.0129 0.0048 0.0063 0.0073 0.0061 0.0071 0.1312 0.6680 0.0061 0.0048 0.0061 0.0162 0.0332 0.0112 0.0138 
   H169688.6  1 0.0209 0.0059 0.0075 0.0100 0.0047 0.0045 0.0068 0.0069 0.0255 0.0057 0.0040 0.0136 0.0918 0.0114 0.0154 0.6765 0.0067 0.0031 0.0295 0.0104 0.0055 0.0170 0.0166 
   H169688.7  1 0.0119 0.0071 0.0079 0.0066 0.0092 0.0151 0.0124 0.0199 0.0143 0.0056 0.0087 0.0095 0.0045 0.0156 0.0183 0.6321 0.0060 0.0162 0.0173 0.0718 0.0379 0.0061 0.0460 
   H171901.1  1 0.0559 0.2984 0.0668 0.0190 0.0094 0.0122 0.0183 0.0523 0.0319 0.0088 0.0083 0.0115 0.0072 0.0155 0.0330 0.0281 0.0136 0.0317 0.0195 0.0249 0.1401 0.0151 0.0782 
   H171901.2  1 0.0052 0.0074 0.0118 0.0135 0.0043 0.0205 0.0040 0.0058 0.0044 0.0076 0.0074 0.8139 0.0041 0.0042 0.0128 0.0080 0.0059 0.0137 0.0067 0.0044 0.0126 0.0103 0.0115 
   H171901.3  1 0.0058 0.0081 0.0196 0.0079 0.0050 0.0198 0.0077 0.0091 0.0424 0.0062 0.0064 0.6646 0.0108 0.0133 0.0128 0.0685 0.0145 0.0085 0.0140 0.0161 0.0149 0.0057 0.0182 
   H171901.4  1 0.0044 0.0053 0.0108 0.0081 0.0089 0.0096 0.0042 0.0078 0.0093 0.0110 0.0082 0.7770 0.0070 0.0067 0.0076 0.0162 0.0061 0.0085 0.0105 0.0072 0.0397 0.0170 0.0090 
   H171901.5  1 0.0051 0.0066 0.0180 0.0080 0.0069 0.0401 0.0066 0.0175 0.0140 0.0191 0.0075 0.6598 0.0094 0.0039 0.0085 0.0145 0.0107 0.0093 0.0192 0.0084 0.0786 0.0118 0.0165 
   H171901.6  1 0.0058 0.0085 0.0394 0.0138 0.0150 0.0823 0.0173 0.0124 0.0174 0.0220 0.0100 0.4836 0.0166 0.0042 0.0244 0.0232 0.0118 0.0141 0.0361 0.0080 0.0597 0.0253 0.0491 
   H171901.7  1 0.0059 0.0077 0.0126 0.0143 0.0072 0.0248 0.0107 0.0079 0.0239 0.0049 0.0162 0.5071 0.0280 0.0084 0.0220 0.0762 0.0132 0.0138 0.0716 0.0420 0.0232 0.0113 0.0472 
   H171902.1  1 0.0287 0.0045 0.0106 0.0072 0.0268 0.7448 0.0095 0.0068 0.0067 0.0082 0.0132 0.0071 0.0151 0.0088 0.0160 0.0181 0.0032 0.0045 0.0164 0.0089 0.0152 0.0040 0.0156 
  H171902.10  1 0.0062 0.0058 0.0069 0.0058 0.0054 0.8668 0.0033 0.0054 0.0040 0.0050 0.0038 0.0074 0.0107 0.0067 0.0064 0.0103 0.0030 0.0069 0.0086 0.0044 0.0093 0.0039 0.0039 
   H171902.2  1 0.0445 0.0093 0.0080 0.0104 0.0190 0.4292 0.0146 0.0116 0.0420 0.0200 0.0452 0.0181 0.0411 0.0561 0.0166 0.0866 0.0063 0.0079 0.0258 0.0269 0.0197 0.0172 0.0237 
   H171902.3  1 0.0066 0.0065 0.0071 0.0095 0.0213 0.6487 0.0105 0.0169 0.0107 0.0150 0.0135 0.0456 0.0213 0.0105 0.0291 0.0228 0.0057 0.0091 0.0316 0.0155 0.0211 0.0073 0.0140 
   H171902.4  1 0.0113 0.0067 0.0041 0.0053 0.0031 0.8525 0.0061 0.0027 0.0036 0.0030 0.0061 0.0389 0.0047 0.0039 0.0085 0.0064 0.0038 0.0060 0.0038 0.0071 0.0029 0.0046 0.0050 
   H171902.6  1 0.0072 0.0039 0.0060 0.0063 0.0059 0.8828 0.0043 0.0067 0.0040 0.0050 0.0038 0.0069 0.0067 0.0047 0.0080 0.0061 0.0031 0.0053 0.0075 0.0039 0.0049 0.0027 0.0045 
   H171902.7  1 0.0156 0.0171 0.0095 0.0094 0.0055 0.7885 0.0052 0.0102 0.0082 0.0115 0.0030 0.0146 0.0056 0.0036 0.0065 0.0079 0.0050 0.0146 0.0119 0.0074 0.0204 0.0058 0.0129 
   H171902.8  1 0.0100 0.0047 0.0082 0.0056 0.0066 0.7961 0.0072 0.0152 0.0064 0.0088 0.0072 0.0119 0.0095 0.0071 0.0135 0.0104 0.0065 0.0105 0.0223 0.0047 0.0112 0.0042 0.0124 
   H171902.9  1 0.0258 0.0105 0.0103 0.0097 0.0037 0.7582 0.0124 0.0048 0.0068 0.0073 0.0088 0.0061 0.0056 0.0048 0.0598 0.0065 0.0039 0.0064 0.0117 0.0127 0.0089 0.0079 0.0074 
   H171903.1  1 0.0036 0.0125 0.0133 0.5851 0.0251 0.0089 0.0054 0.0042 0.0085 0.0256 0.0153 0.0157 0.0139 0.0058 0.0384 0.0096 0.0126 0.0073 0.0420 0.0478 0.0602 0.0123 0.0269 
   H171903.2  1 0.0118 0.0112 0.0188 0.5501 0.0173 0.0094 0.0079 0.0283 0.0114 0.0318 0.0468 0.0065 0.0208 0.0064 0.0305 0.0072 0.0184 0.0059 0.0259 0.0537 0.0512 0.0168 0.0119 
   H171903.3  1 0.0164 0.0201 0.0109 0.1939 0.0858 0.0324 0.0181 0.0265 0.0184 0.0376 0.0389 0.0155 0.0340 0.0062 0.0481 0.0317 0.0789 0.0349 0.0672 0.0439 0.0966 0.0136 0.0302 
   H171903.4  1 0.0087 0.0506 0.0630 0.0676 0.0055 0.0572 0.0154 0.0109 0.1249 0.0278 0.0057 0.0063 0.0065 0.0165 0.0362 0.0514 0.0145 0.0291 0.0423 0.0185 0.1058 0.0129 0.2228 
   H171903.5  1 0.0105 0.0087 0.0093 0.0506 0.1006 0.0060 0.0148 0.1903 0.0140 0.0256 0.0329 0.0343 0.0154 0.0082 0.0541 0.0651 0.1518 0.0149 0.0267 0.0603 0.0713 0.0150 0.0196 
   H171903.6  1 0.0052 0.0083 0.0196 0.0933 0.0067 0.0136 0.0136 0.0227 0.0140 0.0912 0.0156 0.0562 0.0185 0.0096 0.0476 0.2144 0.0425 0.0077 0.0767 0.0231 0.1683 0.0069 0.0247 
      H177.1  1 0.0128 0.0104 0.0174 0.0222 0.0075 0.1605 0.0124 0.0084 0.2278 0.0175 0.0072 0.1528 0.0682 0.0046 0.0306 0.0180 0.0123 0.0122 0.1374 0.0082 0.0205 0.0054 0.0257 
      H177.2  1 0.0175 0.0082 0.0306 0.0214 0.0082 0.0917 0.0147 0.0596 0.0147 0.1693 0.0564 0.1072 0.0567 0.0227 0.0156 0.0347 0.0363 0.0248 0.0691 0.0788 0.0160 0.0071 0.0387 
      H177.3  1 0.0147 0.0073 0.1394 0.0189 0.0069 0.0863 0.0176 0.0367 0.0167 0.0401 0.0131 0.2548 0.0508 0.0047 0.0187 0.0176 0.0162 0.0273 0.1459 0.0158 0.0171 0.0071 0.0262 
      H177.4  1 0.0127 0.0072 0.0092 0.0185 0.0058 0.0318 0.0101 0.0079 0.1795 0.0273 0.0081 0.0622 0.4509 0.0035 0.0049 0.0113 0.0116 0.0111 0.0464 0.0103 0.0079 0.0139 0.0477 
      H177.5  1 0.0081 0.0073 0.0122 0.0289 0.0046 0.0332 0.0144 0.0093 0.5394 0.0383 0.0181 0.0198 0.0136 0.0092 0.0158 0.0386 0.0384 0.0131 0.0535 0.0116 0.0278 0.0279 0.0168 
      H177.6  1 0.0185 0.0074 0.1047 0.0157 0.0082 0.1204 0.0158 0.0265 0.0111 0.0253 0.0088 0.4033 0.0291 0.0042 0.0160 0.0214 0.0133 0.0185 0.0688 0.0147 0.0274 0.0046 0.0163 
      H179.1  1 0.0047 0.0164 0.0238 0.0036 0.0663 0.0090 0.0428 0.0579 0.0622 0.0251 0.0079 0.0096 0.4840 0.0071 0.0123 0.0762 0.0170 0.0070 0.0270 0.0055 0.0103 0.0177 0.0067 
      H179.2  1 0.0036 0.0101 0.0087 0.0060 0.0251 0.0079 0.0151 0.0166 0.0127 0.0155 0.0068 0.0062 0.7681 0.0043 0.0126 0.0140 0.0118 0.0083 0.0095 0.0104 0.0115 0.0091 0.0060 
      H179.3  1 0.0063 0.0150 0.0278 0.0165 0.0280 0.0063 0.0132 0.0319 0.0811 0.0129 0.0141 0.0064 0.3980 0.0133 0.0262 0.2009 0.0261 0.0066 0.0169 0.0203 0.0142 0.0101 0.0077 
      H179.4  1 0.0031 0.0075 0.0061 0.0049 0.0084 0.0063 0.0119 0.0124 0.0145 0.0116 0.0094 0.0084 0.8041 0.0071 0.0053 0.0105 0.0081 0.0072 0.0134 0.0131 0.0090 0.0064 0.0114 
      H180.1  1 0.0093 0.0074 0.0042 0.0055 0.0089 0.0064 0.0041 0.0058 0.0041 0.0041 0.0039 0.0056 0.0113 0.0127 0.0136 0.0113 0.0093 0.0118 0.0053 0.0042 0.8424 0.0058 0.0028 
      H180.2  1 0.0089 0.0069 0.0111 0.0046 0.0064 0.0055 0.0079 0.0032 0.0069 0.0050 0.0053 0.0073 0.0124 0.0186 0.0204 0.0162 0.0047 0.0054 0.0070 0.0034 0.8180 0.0112 0.0036 
      H180.3  1 0.0186 0.0053 0.0066 0.0091 0.0582 0.0044 0.0354 0.0034 0.0058 0.0073 0.0355 0.0045 0.0067 0.0067 0.2367 0.0047 0.0127 0.0058 0.0051 0.0123 0.5024 0.0073 0.0057 
      H180.4  1 0.0219 0.0174 0.0078 0.0064 0.0054 0.0105 0.0094 0.0087 0.0085 0.0068 0.0137 0.0200 0.0153 0.0189 0.0291 0.0252 0.0138 0.0227 0.0097 0.0166 0.6490 0.0585 0.0049 
      H180.5  1 0.0283 0.0093 0.0053 0.0102 0.0074 0.0090 0.0053 0.0048 0.0134 0.0131 0.0193 0.0103 0.0199 0.0189 0.0245 0.0227 0.0082 0.0427 0.0074 0.0114 0.6873 0.0151 0.0060 
      H180.6  1 0.0500 0.0092 0.0167 0.0077 0.0090 0.0062 0.0114 0.0060 0.0054 0.0100 0.4144 0.0150 0.0100 0.0286 0.0319 0.0069 0.0072 0.0444 0.0130 0.0887 0.1737 0.0236 0.0108 
      H181.1  1 0.0153 0.0072 0.0067 0.0668 0.0110 0.0366 0.0067 0.0395 0.0064 0.0121 0.0065 0.2241 0.1011 0.2161 0.0098 0.0350 0.1231 0.0245 0.0107 0.0063 0.0136 0.0079 0.0131 
      H181.2  1 0.0194 0.0108 0.0066 0.0220 0.0125 0.1220 0.0103 0.0107 0.0138 0.0143 0.0071 0.0522 0.3253 0.1254 0.0130 0.0295 0.0271 0.0924 0.0222 0.0057 0.0220 0.0127 0.0230 
      H181.3  1 0.0131 0.0173 0.0089 0.0223 0.0040 0.1055 0.0059 0.0091 0.0174 0.0232 0.0128 0.0664 0.2313 0.3091 0.0058 0.0271 0.0083 0.0252 0.0366 0.0064 0.0186 0.0083 0.0170 
      H181.4  1 0.0047 0.0185 0.0138 0.0256 0.0085 0.0250 0.0191 0.0188 0.0128 0.0660 0.0157 0.1353 0.0546 0.0743 0.0875 0.0123 0.2431 0.0364 0.0482 0.0176 0.0230 0.0107 0.0283 
      H181.5  1 0.0099 0.0143 0.0063 0.0092 0.0122 0.0178 0.0445 0.0305 0.0226 0.0155 0.0086 0.0122 0.5363 0.1511 0.0069 0.0099 0.0130 0.0391 0.0067 0.0077 0.0070 0.0099 0.0090 
      H181.6  1 0.0040 0.0125 0.0130 0.0111 0.0317 0.0169 0.0100 0.0259 0.0117 0.0134 0.0068 0.0115 0.6230 0.0122 0.0255 0.0132 0.0167 0.0394 0.0072 0.0086 0.0421 0.0349 0.0087 
      H181.7  1 0.0059 0.0080 0.0094 0.0069 0.0062 0.0086 0.0054 0.0894 0.0053 0.0048 0.0108 0.0257 0.6436 0.0336 0.0155 0.0361 0.0295 0.0076 0.0065 0.0146 0.0135 0.0065 0.0067 
 H194.1_2004  1 0.0060 0.0080 0.0084 0.0247 0.0084 0.0206 0.0108 0.0034 0.0081 0.0069 0.0094 0.0130 0.0070 0.0046 0.0288 0.0111 0.0085 0.0200 0.0258 0.0164 0.0228 0.0079 0.7194 
 H194.2_2004  1 0.0082 0.0104 0.0045 0.0245 0.0034 0.0084 0.0067 0.0037 0.0414 0.0042 0.0046 0.0069 0.0036 0.0034 0.0091 0.0039 0.0094 0.0157 0.0087 0.0074 0.0148 0.0039 0.7929 
 H194.3_2004  1 0.0055 0.0052 0.0056 0.0079 0.0059 0.0233 0.0586 0.0056 0.0110 0.0061 0.0078 0.0379 0.0124 0.0035 0.0069 0.0072 0.0049 0.0087 0.0159 0.0059 0.0049 0.0062 0.7432 
 H194.4_2004  1 0.0102 0.0051 0.0054 0.0194 0.0041 0.0139 0.0087 0.0040 0.0346 0.0046 0.0053 0.0152 0.0046 0.0039 0.0060 0.0054 0.0037 0.0081 0.0060 0.0051 0.0048 0.0039 0.8180 
 H194.5_2004  1 0.0050 0.0065 0.0071 0.0076 0.0091 0.0117 0.0301 0.0051 0.0119 0.0085 0.0110 0.0277 0.0184 0.0050 0.0111 0.0076 0.0069 0.0070 0.0184 0.0107 0.0079 0.0099 0.7558 
 H194.6_2004  1 0.0069 0.0069 0.0118 0.0220 0.0099 0.0281 0.2282 0.0057 0.1583 0.0126 0.0108 0.1156 0.0384 0.0059 0.0143 0.0103 0.0089 0.0136 0.0333 0.0185 0.0060 0.0073 0.2269 
 H194.7_2004  1 0.0044 0.0150 0.0044 0.0677 0.0041 0.0063 0.0096 0.0045 0.0105 0.0081 0.0273 0.0076 0.0080 0.0073 0.0141 0.0069 0.0096 0.0076 0.0098 0.0120 0.0078 0.0098 0.7378 
 H194.8_2004  1 0.0075 0.0099 0.0066 0.0129 0.0057 0.0138 0.0249 0.0063 0.0926 0.0087 0.0097 0.0260 0.0154 0.0056 0.0146 0.0062 0.0081 0.0135 0.0146 0.0178 0.0070 0.0071 0.6655 
      H194.9  1 0.0055 0.0087 0.0057 0.0197 0.0048 0.0096 0.0083 0.0041 0.0083 0.0063 0.0268 0.0106 0.0058 0.0062 0.0203 0.0075 0.0070 0.0063 0.0085 0.0107 0.0057 0.0070 0.7965 
 H195.1_2003  1 0.0030 0.0039 0.0047 0.0047 0.0060 0.0064 0.0058 0.0065 0.0103 0.0063 0.0038 0.0099 0.0052 0.0061 0.0038 0.0053 0.0057 0.0084 0.0081 0.0085 0.0086 0.0125 0.8566 
 H195.1_2004  1 0.0097 0.0061 0.0077 0.0042 0.0029 0.0113 0.0041 0.0047 0.0040 0.0050 0.0043 0.0137 0.0056 0.0237 0.0051 0.0117 0.0066 0.0324 0.0080 0.0073 0.0054 0.0062 0.8104 
 H195.2_2003  1 0.0049 0.0046 0.0075 0.0106 0.0069 0.0072 0.0048 0.0032 0.0075 0.0104 0.0087 0.0055 0.0046 0.0041 0.0105 0.0131 0.0029 0.0037 0.0069 0.0083 0.0098 0.0124 0.8421 
 H195.2_2004  1 0.0070 0.0032 0.0028 0.0057 0.0034 0.0044 0.0042 0.0050 0.0046 0.0037 0.0039 0.0062 0.0040 0.0067 0.0041 0.0045 0.0039 0.0062 0.0027 0.0052 0.0049 0.0044 0.8995 
 H195.3_2003  1 0.0057 0.0058 0.0098 0.0160 0.0037 0.0070 0.0078 0.0051 0.0152 0.0210 0.0068 0.0034 0.0037 0.0062 0.0252 0.0120 0.0052 0.0042 0.0090 0.0055 0.0114 0.0176 0.7926 
 H195.3_2004  1 0.0062 0.0035 0.0036 0.0092 0.0033 0.0100 0.0049 0.0032 0.0035 0.0039 0.0028 0.0134 0.0043 0.0068 0.0033 0.0055 0.0046 0.0069 0.0060 0.0058 0.0035 0.0058 0.8799 
 H195.4_2003  1 0.0028 0.0035 0.0052 0.0055 0.0057 0.0052 0.0055 0.0047 0.0049 0.0049 0.0033 0.0053 0.0047 0.0036 0.0030 0.0050 0.0043 0.0143 0.0043 0.0057 0.0060 0.0091 0.8834 
 H195.4_2004  1 0.0045 0.0042 0.0053 0.0068 0.0032 0.0053 0.0048 0.0033 0.0080 0.0043 0.0063 0.0052 0.0044 0.0159 0.0035 0.0067 0.0040 0.0047 0.0044 0.0060 0.0029 0.0037 0.8826 
 H195.5_2003  1 0.0041 0.0062 0.0093 0.0054 0.0060 0.0091 0.0044 0.0080 0.0071 0.0056 0.0031 0.0105 0.0075 0.0141 0.0059 0.0093 0.0066 0.0246 0.0133 0.0099 0.0122 0.0837 0.7341 
 H195.5_2004  1 0.0077 0.0049 0.0051 0.0081 0.0030 0.0071 0.0050 0.0032 0.0035 0.0044 0.0047 0.0078 0.0083 0.0140 0.0043 0.0077 0.0058 0.0100 0.0061 0.0056 0.0036 0.0084 0.8617 
 H195.6_2003  1 0.0041 0.0042 0.0049 0.0108 0.0046 0.0061 0.0032 0.0033 0.0038 0.0101 0.0058 0.0036 0.0026 0.0053 0.0092 0.0098 0.0032 0.0045 0.0051 0.0048 0.0082 0.0157 0.8669 
 H195.6_2004  1 0.0059 0.0035 0.0034 0.0071 0.0037 0.0049 0.0065 0.0060 0.0040 0.0039 0.0030 0.0047 0.0056 0.0045 0.0027 0.0036 0.0038 0.0051 0.0044 0.0055 0.0030 0.0059 0.8992 
 H195.7_2003  1 0.0024 0.0046 0.0046 0.0051 0.0051 0.0056 0.0047 0.0069 0.0129 0.0090 0.0048 0.0065 0.0078 0.0058 0.0034 0.0106 0.0052 0.0062 0.0054 0.0174 0.0064 0.0063 0.8533 
 H195.7_2004  1 0.0240 0.0048 0.0055 0.0041 0.0031 0.0052 0.0040 0.0055 0.0035 0.0038 0.0042 0.0042 0.0061 0.0214 0.0071 0.0139 0.0053 0.0095 0.0047 0.0053 0.0042 0.0077 0.8427 
      H195.8  1 0.0052 0.0047 0.0091 0.0074 0.0027 0.0044 0.0045 0.0043 0.0051 0.0035 0.0060 0.0041 0.0051 0.0460 0.0061 0.0099 0.0059 0.0126 0.0065 0.0067 0.0043 0.0050 0.8309 
      H195.9  1 0.0035 0.0045 0.0042 0.0139 0.0029 0.0074 0.0069 0.0042 0.0059 0.0056 0.0067 0.0094 0.0066 0.0069 0.0043 0.0089 0.0046 0.0079 0.0088 0.0093 0.0045 0.0050 0.8580 
      H415.1  1 0.0721 0.0308 0.0087 0.0075 0.3672 0.0468 0.0102 0.0080 0.0164 0.0050 0.0267 0.0972 0.0051 0.0054 0.1595 0.0084 0.0092 0.0184 0.0164 0.0217 0.0195 0.0084 0.0315 
      H415.2  1 0.0117 0.0077 0.0129 0.0048 0.0837 0.6569 0.0495 0.0062 0.0079 0.0073 0.0055 0.0149 0.0075 0.0024 0.0261 0.0213 0.0142 0.0048 0.0201 0.0057 0.0136 0.0061 0.0091 
      H415.3  1 0.0094 0.0135 0.0063 0.0033 0.6420 0.0304 0.0089 0.0089 0.0116 0.0164 0.0045 0.0796 0.0150 0.0033 0.0080 0.0114 0.0116 0.0230 0.0333 0.0132 0.0263 0.0098 0.0105 
      H415.4  1 0.0145 0.0173 0.0092 0.0043 0.6452 0.0318 0.0106 0.0072 0.0080 0.0080 0.0240 0.0208 0.0035 0.0090 0.0818 0.0029 0.0116 0.0361 0.0064 0.0084 0.0126 0.0098 0.0169 
      H415.5  1 0.0125 0.0078 0.0053 0.0031 0.6305 0.0359 0.0109 0.0156 0.0121 0.0092 0.0040 0.0920 0.0107 0.0042 0.0062 0.0084 0.0098 0.0308 0.0281 0.0089 0.0294 0.0067 0.0182 
      H415.6  1 0.0159 0.0236 0.0075 0.0051 0.6120 0.0395 0.0156 0.0054 0.0077 0.0065 0.0310 0.0204 0.0043 0.0070 0.0745 0.0037 0.0108 0.0502 0.0070 0.0088 0.0170 0.0094 0.0172 
      H415.7  1 0.0165 0.0102 0.0135 0.0038 0.3382 0.2416 0.0148 0.0122 0.0138 0.0498 0.0092 0.0445 0.0312 0.0039 0.0113 0.0526 0.0098 0.0094 0.0159 0.0258 0.0245 0.0090 0.0384 
      H506.1  1 0.0044 0.0056 0.0036 0.0027 0.0069 0.0030 0.0071 0.0049 0.0050 0.0083 0.0049 0.0081 0.8931 0.0049 0.0027 0.0052 0.0034 0.0034 0.0049 0.0036 0.0036 0.0061 0.0044 
      H506.2  1 0.0066 0.0051 0.0063 0.0035 0.0079 0.0055 0.0095 0.0095 0.0055 0.0099 0.0049 0.0113 0.8648 0.0034 0.0025 0.0052 0.0043 0.0061 0.0046 0.0064 0.0043 0.0054 0.0075 
      H506.3  1 0.0317 0.0063 0.0061 0.0051 0.0114 0.0070 0.0232 0.0067 0.0109 0.0115 0.0072 0.0108 0.6883 0.0168 0.0046 0.0872 0.0088 0.0049 0.0182 0.0066 0.0055 0.0151 0.0061 
      H506.4  1 0.0059 0.0046 0.0047 0.0040 0.0087 0.0039 0.0072 0.0043 0.0045 0.0091 0.0053 0.0058 0.8771 0.0051 0.0034 0.0080 0.0066 0.0033 0.0067 0.0047 0.0051 0.0080 0.0039 
      H506.5  1 0.0063 0.0042 0.0063 0.0045 0.0094 0.0048 0.0052 0.0049 0.0048 0.0089 0.0045 0.0094 0.8801 0.0037 0.0027 0.0079 0.0041 0.0029 0.0048 0.0050 0.0043 0.0071 0.0042 
      H506.6  1 0.0262 0.0103 0.0743 0.0091 0.0118 0.0094 0.0134 0.0171 0.0205 0.0178 0.0071 0.0065 0.4719 0.0129 0.0051 0.1909 0.0284 0.0049 0.0163 0.0176 0.0091 0.0097 0.0099 
      H506.7  1 0.0052 0.0052 0.0041 0.0033 0.0090 0.0056 0.0059 0.0050 0.0049 0.0073 0.0047 0.0112 0.8765 0.0039 0.0027 0.0093 0.0034 0.0039 0.0049 0.0039 0.0044 0.0070 0.0085 
      H533.1  1 0.0083 0.0037 0.0045 0.0031 0.0057 0.0041 0.0051 0.0618 0.0035 0.0047 0.0048 0.0198 0.8154 0.0056 0.0029 0.0046 0.0051 0.0039 0.0075 0.0077 0.0075 0.0062 0.0045 
      H533.2  1 0.0154 0.0042 0.0044 0.0028 0.0074 0.0060 0.0046 0.0242 0.0032 0.0035 0.0041 0.0251 0.8398 0.0061 0.0028 0.0064 0.0063 0.0041 0.0063 0.0072 0.0065 0.0057 0.0040 
      H533.3  1 0.0057 0.0037 0.0132 0.0061 0.0083 0.0047 0.0037 0.0178 0.0043 0.0091 0.0078 0.0113 0.8160 0.0036 0.0042 0.0087 0.0256 0.0040 0.0191 0.0074 0.0073 0.0037 0.0047 
      H533.4  1 0.0140 0.0054 0.0213 0.0074 0.0082 0.0076 0.0047 0.0079 0.0048 0.0064 0.0056 0.0218 0.7796 0.0069 0.0057 0.0105 0.0122 0.0067 0.0253 0.0113 0.0132 0.0048 0.0087 
      H535.1  1 0.0044 0.0040 0.0098 0.0101 0.0065 0.0136 0.0119 0.0045 0.0057 0.0096 0.0040 0.0069 0.8542 0.0029 0.0080 0.0039 0.0041 0.0068 0.0078 0.0060 0.0058 0.0043 0.0051 
      H535.2  1 0.0027 0.0036 0.0039 0.0052 0.0038 0.0035 0.0035 0.0050 0.0043 0.0045 0.0054 0.0042 0.9009 0.0069 0.0036 0.0039 0.0059 0.0054 0.0043 0.0035 0.0030 0.0061 0.0069 
      H535.3  1 0.0036 0.0035 0.0057 0.0070 0.0029 0.0040 0.0046 0.0039 0.0038 0.0044 0.0052 0.0039 0.8925 0.0092 0.0031 0.0038 0.0057 0.0061 0.0036 0.0037 0.0032 0.0094 0.0073 
      H535.4  1 0.0028 0.0039 0.0031 0.0032 0.0065 0.0043 0.0045 0.0025 0.0030 0.0044 0.0035 0.0084 0.8985 0.0053 0.0042 0.0029 0.0040 0.0071 0.0044 0.0051 0.0042 0.0066 0.0076 
      H535.5  1 0.0027 0.0027 0.0041 0.0039 0.0065 0.0039 0.0048 0.0027 0.0043 0.0043 0.0031 0.0076 0.9063 0.0032 0.0046 0.0038 0.0038 0.0031 0.0059 0.0060 0.0039 0.0040 0.0048 
      H535.6  1 0.0044 0.0050 0.0136 0.0124 0.0052 0.0113 0.0249 0.0057 0.0210 0.0111 0.0041 0.0036 0.7781 0.0064 0.0178 0.0044 0.0064 0.0158 0.0112 0.0079 0.0065 0.0038 0.0195 
      H535.7  1 0.0034 0.0027 0.0038 0.0037 0.0045 0.0024 0.0049 0.0033 0.0043 0.0040 0.0032 0.0068 0.9187 0.0029 0.0034 0.0032 0.0032 0.0027 0.0032 0.0038 0.0036 0.0044 0.0039 
      H535.8  1 0.0036 0.0040 0.0050 0.0038 0.0055 0.0037 0.0080 0.0033 0.0085 0.0048 0.0038 0.0043 0.8917 0.0047 0.0048 0.0036 0.0037 0.0037 0.0060 0.0060 0.0039 0.0049 0.0086 
      H535.9  1 0.0041 0.0035 0.0116 0.0070 0.0038 0.0054 0.0047 0.0036 0.0036 0.0055 0.0032 0.0042 0.8810 0.0042 0.0111 0.0047 0.0039 0.0060 0.0054 0.0040 0.0048 0.0084 0.0063 
      H539.1  1 0.0057 0.0034 0.0108 0.0075 0.0037 0.0048 0.0036 0.0038 0.0037 0.0045 0.0049 0.0027 0.0026 0.0024 0.9071 0.0032 0.0034 0.0029 0.0040 0.0037 0.0039 0.0035 0.0040 
      H539.2  1 0.0086 0.0054 0.0050 0.0117 0.0080 0.0104 0.0039 0.0055 0.0121 0.0069 0.0088 0.0047 0.0134 0.0211 0.6905 0.0257 0.0188 0.0055 0.0457 0.0579 0.0152 0.0081 0.0071 
      H539.3  1 0.0090 0.0056 0.0056 0.0260 0.0032 0.0079 0.0095 0.0041 0.0122 0.0052 0.0067 0.0032 0.0086 0.0076 0.8239 0.0064 0.0047 0.0034 0.0092 0.0102 0.0073 0.0070 0.0135 
      H539.4  1 0.0143 0.0042 0.0093 0.0042 0.0061 0.0057 0.0041 0.0079 0.0051 0.0057 0.0071 0.0038 0.0035 0.0049 0.8517 0.0163 0.0094 0.0032 0.0102 0.0061 0.0086 0.0053 0.0033 
      H539.5  1 0.0042 0.0037 0.0048 0.0060 0.0035 0.0048 0.0037 0.0024 0.0030 0.0051 0.0052 0.0030 0.0030 0.0031 0.9183 0.0028 0.0030 0.0034 0.0035 0.0039 0.0037 0.0026 0.0033 
      H539.6  1 0.0037 0.0039 0.0075 0.0045 0.0040 0.0044 0.0038 0.0034 0.0036 0.0046 0.0061 0.0030 0.0031 0.0042 0.9021 0.0030 0.0041 0.0042 0.0044 0.0061 0.0085 0.0032 0.0048 
      H539.7  1 0.0031 0.0039 0.0067 0.0039 0.0031 0.0041 0.0039 0.0028 0.0052 0.0034 0.0036 0.0032 0.0032 0.0030 0.9144 0.0051 0.0039 0.0043 0.0045 0.0041 0.0038 0.0033 0.0037 
      H539.8  1 0.0096 0.0078 0.0057 0.0077 0.0042 0.0069 0.0155 0.0044 0.0150 0.0057 0.0043 0.0050 0.0146 0.0106 0.8189 0.0087 0.0080 0.0053 0.0081 0.0076 0.0054 0.0123 0.0087 
      H539.9  1 0.0099 0.0041 0.0043 0.0069 0.0053 0.0049 0.0038 0.0080 0.0038 0.0045 0.0076 0.0032 0.0032 0.0036 0.8868 0.0075 0.0061 0.0028 0.0039 0.0049 0.0062 0.0054 0.0033 
      H540.1  1 0.0086 0.0062 0.0129 0.0094 0.0048 0.0126 0.0046 0.0099 0.0066 0.0246 0.0086 0.0057 0.0073 0.0066 0.7995 0.0068 0.0166 0.0054 0.0161 0.0065 0.0063 0.0039 0.0107 
      H540.2  1 0.0034 0.0061 0.0059 0.0053 0.0038 0.0084 0.0052 0.0062 0.0042 0.0080 0.0041 0.0040 0.0041 0.0024 0.8903 0.0039 0.0075 0.0049 0.0059 0.0031 0.0052 0.0032 0.0047 
      H540.3  1 0.2092 0.0127 0.0511 0.0052 0.0133 0.0318 0.0795 0.0122 0.0167 0.0145 0.0059 0.0112 0.0039 0.0110 0.3971 0.0352 0.0280 0.0209 0.0103 0.0053 0.0065 0.0053 0.0133 
      H540.4  1 0.0030 0.0064 0.0057 0.0051 0.0038 0.0064 0.0069 0.0092 0.0068 0.0109 0.0036 0.0045 0.0085 0.0047 0.8640 0.0077 0.0070 0.0089 0.0074 0.0059 0.0045 0.0049 0.0042 
      H540.5  1 0.0151 0.0058 0.0067 0.0064 0.0049 0.0182 0.0103 0.0139 0.0089 0.0111 0.0056 0.0066 0.0043 0.0078 0.8228 0.0107 0.0082 0.0061 0.0067 0.0045 0.0056 0.0045 0.0049 
      H540.6  1 0.0101 0.0140 0.0088 0.0144 0.0060 0.0190 0.0098 0.0177 0.0106 0.0182 0.0102 0.0087 0.0078 0.0200 0.7429 0.0112 0.0174 0.0116 0.0153 0.0088 0.0053 0.0039 0.0082 
      H540.7  1 0.0034 0.0062 0.0079 0.0051 0.0071 0.0102 0.0047 0.0078 0.0041 0.0080 0.0052 0.0090 0.0068 0.0044 0.8561 0.0048 0.0105 0.0054 0.0102 0.0060 0.0058 0.0061 0.0052 
      H540.8  1 0.0049 0.0042 0.0087 0.0052 0.0045 0.0108 0.0091 0.0082 0.0063 0.0073 0.0043 0.0096 0.0058 0.0026 0.8468 0.0054 0.0101 0.0053 0.0179 0.0046 0.0070 0.0037 0.0078 
     H9558.1  1 0.0091 0.0041 0.0373 0.0073 0.0066 0.0074 0.0076 0.0105 0.0062 0.0046 0.0047 0.0026 0.0110 0.0046 0.8267 0.0077 0.0028 0.0033 0.0100 0.0055 0.0083 0.0063 0.0058 
     H9558.2  1 0.0090 0.0082 0.0413 0.0113 0.0108 0.0089 0.0062 0.0176 0.0108 0.0073 0.0167 0.0038 0.0154 0.0070 0.7673 0.0087 0.0040 0.0038 0.0067 0.0103 0.0053 0.0138 0.0059 
     H9558.3  1 0.0104 0.0086 0.0069 0.0103 0.0115 0.0069 0.0099 0.0071 0.0046 0.0107 0.0101 0.0044 0.0074 0.0062 0.8292 0.0041 0.0073 0.0048 0.0049 0.0091 0.0065 0.0146 0.0043 
     H9558.4  1 0.0081 0.0031 0.0239 0.0053 0.0099 0.0051 0.0038 0.0106 0.0057 0.0047 0.0049 0.0028 0.0079 0.0047 0.8483 0.0080 0.0033 0.0034 0.0116 0.0073 0.0075 0.0071 0.0031 
     H9558.5  1 0.0193 0.0044 0.0062 0.0033 0.0070 0.0061 0.0050 0.0040 0.0062 0.0050 0.0033 0.0048 0.0051 0.0041 0.8609 0.0142 0.0072 0.0031 0.0066 0.0056 0.0054 0.0106 0.0024 
     H9558.6  1 0.0089 0.0066 0.0185 0.0059 0.0068 0.0151 0.0120 0.0069 0.0069 0.0083 0.0564 0.0046 0.0068 0.0038 0.7435 0.0047 0.0452 0.0050 0.0084 0.0055 0.0059 0.0088 0.0056 
    kos339.1  1 0.0047 0.0055 0.0070 0.0046 0.0073 0.0080 0.0045 0.0063 0.0079 0.0152 0.0162 0.8438 0.0110 0.0038 0.0057 0.0059 0.0069 0.0035 0.0108 0.0088 0.0048 0.0038 0.0040 
    kos339.2  1 0.0072 0.0098 0.0037 0.0031 0.0070 0.0040 0.0058 0.0074 0.0042 0.0045 0.0103 0.8653 0.0069 0.0058 0.0041 0.0046 0.0059 0.0047 0.0030 0.0179 0.0036 0.0062 0.0052 
    kos339.3  1 0.0035 0.0039 0.0034 0.0035 0.0054 0.0032 0.0029 0.0027 0.0032 0.0045 0.0037 0.9126 0.0061 0.0029 0.0036 0.0042 0.0049 0.0035 0.0044 0.0057 0.0038 0.0031 0.0053 
    kos339.4  1 0.0040 0.0033 0.0028 0.0036 0.0091 0.0038 0.0044 0.0025 0.0036 0.0039 0.0040 0.9029 0.0058 0.0040 0.0042 0.0038 0.0060 0.0040 0.0043 0.0065 0.0043 0.0036 0.0057 
    kos339.5  1 0.0030 0.0062 0.0043 0.0038 0.0046 0.0063 0.0041 0.0038 0.0047 0.0095 0.0059 0.8879 0.0059 0.0042 0.0053 0.0044 0.0058 0.0045 0.0088 0.0047 0.0041 0.0042 0.0038 
    kos339.6  1 0.0034 0.0064 0.0037 0.0039 0.0047 0.0054 0.0045 0.0026 0.0027 0.0052 0.0050 0.9040 0.0046 0.0038 0.0029 0.0040 0.0068 0.0042 0.0044 0.0058 0.0029 0.0038 0.0055 
    kos339.7  1 0.0034 0.0035 0.0029 0.0034 0.0045 0.0031 0.0033 0.0031 0.0031 0.0036 0.0049 0.9112 0.0075 0.0031 0.0040 0.0035 0.0044 0.0029 0.0044 0.0067 0.0044 0.0033 0.0059 
    kos339.8  1 0.0052 0.0039 0.0031 0.0024 0.0142 0.0035 0.0044 0.0036 0.0054 0.0082 0.0042 0.8811 0.0101 0.0056 0.0031 0.0050 0.0060 0.0039 0.0050 0.0085 0.0045 0.0051 0.0040 
    kos339.9  1 0.0050 0.0110 0.0040 0.0054 0.0053 0.0094 0.0065 0.0048 0.0046 0.0080 0.0083 0.8476 0.0067 0.0053 0.0119 0.0036 0.0039 0.0062 0.0122 0.0095 0.0079 0.0063 0.0064 
      H008.1  2 0.0061 0.0187 0.0107 0.0055 0.0065 0.0091 0.0101 0.0094 0.0091 0.0058 0.7128 0.0072 0.0085 0.0096 0.0670 0.0104 0.0088 0.0079 0.0160 0.0272 0.0103 0.0174 0.0059 
      H008.2  2 0.0471 0.0222 0.0263 0.0317 0.0075 0.0276 0.0098 0.0721 0.0153 0.0109 0.0764 0.0099 0.0280 0.0479 0.1323 0.0198 0.0230 0.0050 0.0893 0.0175 0.0084 0.2628 0.0092 
      H008.3  2 0.0310 0.0343 0.0262 0.0494 0.0070 0.0195 0.0250 0.0157 0.0293 0.0126 0.0379 0.0078 0.2547 0.0491 0.0494 0.0136 0.0198 0.0118 0.1218 0.0629 0.0221 0.0865 0.0125 
      H008.4  2 0.0294 0.0778 0.0106 0.0139 0.0214 0.0702 0.0152 0.0147 0.0271 0.0098 0.4365 0.0085 0.0123 0.0148 0.0677 0.0095 0.0133 0.0067 0.0145 0.0665 0.0059 0.0408 0.0129 
      H008.5  2 0.0168 0.0363 0.0067 0.0243 0.0065 0.0108 0.0229 0.0061 0.0335 0.0081 0.5638 0.0076 0.0374 0.0173 0.0219 0.0080 0.0112 0.0055 0.0168 0.0735 0.0132 0.0424 0.0096 
      H008.6  2 0.0614 0.0254 0.0292 0.0288 0.0170 0.0775 0.0242 0.0338 0.0148 0.0190 0.1301 0.0074 0.0271 0.0076 0.0824 0.0073 0.0218 0.0047 0.0588 0.0222 0.0067 0.2821 0.0104 
      H008.7  2 0.0465 0.0572 0.0248 0.0105 0.0120 0.0901 0.0194 0.0205 0.0403 0.0128 0.2532 0.0098 0.0359 0.0603 0.0428 0.0149 0.0081 0.0134 0.0365 0.0438 0.0093 0.1289 0.0089 
      H008.8  2 0.0078 0.0156 0.0637 0.0174 0.0081 0.0200 0.0094 0.2137 0.0091 0.0111 0.1063 0.0106 0.0095 0.0167 0.2962 0.0140 0.0078 0.0063 0.0144 0.1098 0.0093 0.0151 0.0080 
      H008.9  2 0.1059 0.0134 0.0923 0.0237 0.0079 0.1076 0.0276 0.0905 0.0125 0.0119 0.0156 0.0072 0.0327 0.0162 0.0562 0.0090 0.0139 0.0087 0.0344 0.0253 0.0089 0.2505 0.0282 
 H029.1_2002  2 0.0152 0.0377 0.0232 0.0048 0.0514 0.0174 0.0096 0.0284 0.0346 0.0175 0.6566 0.0046 0.0044 0.0083 0.0249 0.0135 0.0071 0.0060 0.0072 0.0064 0.0095 0.0055 0.0062 
 H029.1_2003  2 0.0122 0.0167 0.0235 0.0112 0.0125 0.0093 0.1207 0.0387 0.5204 0.0155 0.0484 0.0055 0.0205 0.0060 0.0100 0.0501 0.0127 0.0053 0.0167 0.0159 0.0074 0.0105 0.0101 
 H029.2_2002  2 0.0325 0.0048 0.0040 0.0117 0.0066 0.0167 0.0579 0.0058 0.0790 0.0247 0.5072 0.0291 0.0710 0.0282 0.0078 0.0238 0.0050 0.0042 0.0163 0.0111 0.0073 0.0100 0.0353 
 H029.2_2003  2 0.0245 0.0056 0.0079 0.0167 0.0049 0.0241 0.0303 0.0078 0.3870 0.0167 0.1265 0.0198 0.1238 0.0073 0.0070 0.0671 0.0111 0.0033 0.0606 0.0102 0.0099 0.0153 0.0126 
 H029.3_2002  2 0.1781 0.0072 0.0064 0.0117 0.0066 0.0099 0.0432 0.0219 0.0823 0.0142 0.1209 0.0217 0.3019 0.0214 0.0051 0.0390 0.0166 0.0037 0.0112 0.0278 0.0120 0.0062 0.0312 
 H029.3_2003  2 0.0074 0.0157 0.0045 0.0045 0.0051 0.0072 0.0265 0.0120 0.3956 0.0121 0.3248 0.0077 0.0246 0.0067 0.0057 0.0223 0.0131 0.0048 0.0258 0.0134 0.0052 0.0476 0.0076 
 H029.4_2002  2 0.0193 0.0154 0.0051 0.0031 0.0080 0.0033 0.0065 0.0080 0.0741 0.0045 0.7403 0.0062 0.0053 0.0138 0.0043 0.0301 0.0056 0.0054 0.0042 0.0141 0.0055 0.0060 0.0117 
 H029.4_2003  2 0.0165 0.0372 0.0199 0.0098 0.0138 0.0059 0.0146 0.0147 0.3312 0.0065 0.1000 0.0060 0.0090 0.0082 0.0177 0.2843 0.0117 0.0040 0.0167 0.0285 0.0222 0.0138 0.0078 
 H029.5_2002  2 0.0058 0.0336 0.0065 0.0035 0.0132 0.0054 0.0195 0.0079 0.0437 0.0105 0.7716 0.0047 0.0041 0.0112 0.0066 0.0078 0.0070 0.0075 0.0057 0.0039 0.0056 0.0076 0.0070 
 H029.5_2003  2 0.0093 0.0267 0.0098 0.0042 0.0075 0.0059 0.0179 0.0206 0.3837 0.0057 0.3134 0.0046 0.0072 0.0054 0.0059 0.0677 0.0057 0.0038 0.0365 0.0128 0.0132 0.0273 0.0052 
 H029.6_2002  2 0.0389 0.0077 0.0044 0.0060 0.0098 0.0051 0.0147 0.0263 0.5268 0.0062 0.2335 0.0056 0.0105 0.0165 0.0040 0.0216 0.0069 0.0052 0.0045 0.0145 0.0074 0.0034 0.0205 
 H029.6_2003  2 0.0089 0.0351 0.0111 0.0077 0.0057 0.0123 0.0597 0.0183 0.0626 0.0323 0.3921 0.0332 0.0506 0.0086 0.0156 0.0675 0.0157 0.0073 0.0947 0.0089 0.0092 0.0232 0.0198 
      H029.7  2 0.0325 0.0062 0.0044 0.0111 0.0047 0.0144 0.0165 0.0037 0.0389 0.0096 0.6835 0.0281 0.0121 0.0150 0.0052 0.0274 0.0037 0.0035 0.0085 0.0075 0.0084 0.0060 0.0493 
      H030.1  2 0.0050 0.0147 0.0083 0.0087 0.0059 0.0140 0.0068 0.0119 0.1764 0.1056 0.0288 0.0094 0.0094 0.0164 0.0055 0.0061 0.4108 0.0268 0.0194 0.0091 0.0405 0.0492 0.0112 
      H030.2  2 0.0566 0.0710 0.0060 0.0044 0.1006 0.0117 0.0036 0.0055 0.0161 0.0100 0.0511 0.0063 0.0119 0.1363 0.0241 0.0064 0.3563 0.0281 0.0087 0.0207 0.0295 0.0246 0.0104 
      H038.1  2 0.0220 0.0056 0.0073 0.0074 0.0064 0.0071 0.0081 0.0087 0.0058 0.0060 0.8573 0.0048 0.0044 0.0038 0.0057 0.0068 0.0040 0.0033 0.0042 0.0081 0.0042 0.0040 0.0049 
      H038.2  2 0.0053 0.0053 0.0029 0.0028 0.0102 0.0074 0.0049 0.0047 0.0053 0.0066 0.8643 0.0079 0.0077 0.0047 0.0035 0.0053 0.0074 0.0136 0.0049 0.0054 0.0105 0.0046 0.0048 
      H038.3  2 0.0285 0.0102 0.0064 0.0054 0.0230 0.0095 0.0063 0.0057 0.0040 0.0331 0.7745 0.0081 0.0085 0.0069 0.0078 0.0067 0.0079 0.0106 0.0052 0.0092 0.0078 0.0093 0.0055 
      H038.4  2 0.0234 0.0142 0.0041 0.0044 0.0124 0.0114 0.0070 0.0063 0.0046 0.0178 0.8085 0.0064 0.0059 0.0059 0.0061 0.0061 0.0048 0.0134 0.0037 0.0059 0.0086 0.0090 0.0102 
      H038.5  2 0.0218 0.0044 0.0052 0.0032 0.0049 0.0039 0.0071 0.0152 0.0118 0.0064 0.7918 0.0127 0.0056 0.0093 0.0085 0.0259 0.0150 0.0097 0.0064 0.0062 0.0086 0.0057 0.0108 
      H038.6  2 0.0081 0.0039 0.0043 0.0037 0.0071 0.0055 0.0047 0.0065 0.0111 0.0059 0.8544 0.0072 0.0061 0.0031 0.0074 0.0104 0.0095 0.0031 0.0107 0.0070 0.0119 0.0044 0.0039 
      H038.7  2 0.0087 0.0043 0.0045 0.0028 0.0172 0.0048 0.0047 0.0047 0.0048 0.0392 0.8247 0.0046 0.0126 0.0030 0.0088 0.0096 0.0064 0.0050 0.0051 0.0055 0.0099 0.0060 0.0031 
      H038.8  2 0.0526 0.0106 0.0046 0.0035 0.0112 0.0085 0.0058 0.0056 0.0040 0.0164 0.7877 0.0082 0.0061 0.0087 0.0060 0.0053 0.0067 0.0148 0.0034 0.0091 0.0098 0.0052 0.0061 
      H041.1  2 0.0259 0.2298 0.0103 0.0215 0.0106 0.0149 0.0059 0.0039 0.1746 0.0287 0.0904 0.0259 0.0076 0.1027 0.0099 0.0537 0.0067 0.0185 0.0139 0.0161 0.0084 0.0760 0.0441 
      H041.2  2 0.0187 0.4378 0.0113 0.0057 0.0235 0.0117 0.0265 0.0096 0.2648 0.0111 0.0383 0.0093 0.0105 0.0067 0.0071 0.0066 0.0090 0.0065 0.0075 0.0161 0.0057 0.0317 0.0245 
      H041.4  2 0.0250 0.0613 0.0312 0.0201 0.0087 0.0386 0.0242 0.0150 0.3468 0.0087 0.2377 0.0100 0.0062 0.0154 0.0287 0.0107 0.0069 0.0126 0.0086 0.0130 0.0083 0.0322 0.0300 
      H041.6  2 0.0133 0.1122 0.0425 0.0374 0.0153 0.0250 0.0154 0.0131 0.2666 0.0145 0.2403 0.0094 0.0083 0.0193 0.0470 0.0071 0.0110 0.0125 0.0079 0.0247 0.0097 0.0165 0.0311 
 H042.1_2002  2 0.0136 0.0401 0.0155 0.0076 0.0126 0.0347 0.0095 0.0044 0.5802 0.0093 0.0064 0.0109 0.0072 0.0064 0.0766 0.0039 0.0060 0.0378 0.0133 0.0674 0.0120 0.0067 0.0181 
