      H105.1  1 0.0367 0.3292 0.2988 0.1707 0.1646 
      H105.2  1 0.0604 0.3529 0.1101 0.1631 0.3136 
      H105.3  1 0.1183 0.2043 0.3069 0.2216 0.1488 
      H105.4  1 0.0563 0.7573 0.0577 0.0447 0.0839 
      H105.5  1 0.0962 0.6894 0.0308 0.0701 0.1136 
      H105.6  1 0.0935 0.6574 0.1303 0.0481 0.0707 
      H105.7  1 0.0294 0.1982 0.4980 0.0499 0.2245 
      H105.8  1 0.0662 0.1046 0.5922 0.1518 0.0852 
      H115.1  1 0.5199 0.0683 0.1114 0.1336 0.1668 
      H115.2  1 0.8319 0.0361 0.0179 0.0736 0.0405 
      H115.3  1 0.8712 0.0480 0.0182 0.0401 0.0225 
      H115.4  1 0.0514 0.0481 0.0225 0.8380 0.0400 
      H115.5  1 0.8574 0.0287 0.0555 0.0295 0.0290 
      H115.6  1 0.7717 0.0823 0.0341 0.0329 0.0790 
      H115.7  1 0.1711 0.2675 0.0206 0.0850 0.4558 
      H115.8  1 0.9115 0.0170 0.0321 0.0213 0.0181 
      H115.9  1 0.8346 0.0226 0.0755 0.0373 0.0301 
      H145.1  1 0.0637 0.8790 0.0163 0.0196 0.0215 
      H145.2  1 0.3062 0.5836 0.0152 0.0465 0.0485 
      H145.3  1 0.0617 0.5789 0.2860 0.0132 0.0602 
      H145.4  1 0.0386 0.8854 0.0182 0.0148 0.0429 
      H145.5  1 0.1275 0.7805 0.0488 0.0153 0.0279 
      H145.6  1 0.1847 0.5274 0.0359 0.0420 0.2101 
      H145.7  1 0.0193 0.8042 0.0655 0.0153 0.0958 
      H149.1  1 0.0163 0.9329 0.0121 0.0261 0.0125 
      H149.2  1 0.0079 0.9599 0.0092 0.0126 0.0103 
      H149.3  1 0.0155 0.9110 0.0136 0.0308 0.0291 
      H149.4  1 0.0243 0.8728 0.0158 0.0564 0.0307 
      H149.5  1 0.0106 0.9002 0.0171 0.0365 0.0357 
      H149.6  1 0.0081 0.9472 0.0083 0.0149 0.0214 
      H149.7  1 0.0148 0.5508 0.0351 0.2486 0.1507 
      H150.1  1 0.9407 0.0151 0.0123 0.0176 0.0144 
      H150.2  1 0.8603 0.0386 0.0112 0.0598 0.0301 
      H150.3  1 0.7808 0.0737 0.0387 0.0354 0.0714 
      H150.4  1 0.9475 0.0124 0.0150 0.0091 0.0160 
      H150.5  1 0.4928 0.1772 0.0259 0.1562 0.1479 
      H150.6  1 0.5393 0.0719 0.0160 0.2886 0.0841 
      H150.7  1 0.9545 0.0145 0.0115 0.0090 0.0105 
   H169607.1  1 0.1591 0.2211 0.1359 0.3653 0.1186 
   H169607.2  1 0.0290 0.7821 0.0691 0.0896 0.0303 
   H169607.3  1 0.0584 0.3240 0.3604 0.0927 0.1646 
   H169607.4  1 0.0278 0.8983 0.0221 0.0378 0.0140 
   H169607.5  1 0.0379 0.8372 0.0456 0.0537 0.0255 
   H169607.6  1 0.0247 0.6993 0.1202 0.1324 0.0234 
   H169607.7  1 0.0285 0.1291 0.0843 0.7322 0.0258 
   H169607.8  1 0.0202 0.7807 0.1232 0.0570 0.0189 
   H169633.1  1 0.1177 0.7209 0.0554 0.0603 0.0458 
   H169633.2  1 0.0383 0.3310 0.1926 0.3415 0.0965 
   H169633.3  1 0.0232 0.7595 0.1000 0.0747 0.0427 
   H169633.4  1 0.0556 0.8854 0.0174 0.0234 0.0181 
   H169633.5  1 0.0533 0.8891 0.0194 0.0189 0.0193 
   H169688.1  1 0.0148 0.3150 0.4232 0.2029 0.0441 
   H169688.2  1 0.0429 0.0406 0.3257 0.5170 0.0738 
   H169688.3  1 0.0200 0.0960 0.0580 0.6835 0.1425 
   H169688.4  1 0.3892 0.0411 0.0906 0.4442 0.0349 
   H169688.5  1 0.3904 0.0333 0.0784 0.4663 0.0316 
   H169688.6  1 0.0731 0.0436 0.0782 0.7711 0.0340 
   H169688.7  1 0.0361 0.0869 0.0834 0.7490 0.0446 
   H171901.1  1 0.4488 0.0734 0.0206 0.0418 0.4154 
   H171901.2  1 0.0263 0.9246 0.0178 0.0173 0.0140 
   H171901.3  1 0.0338 0.7812 0.0352 0.1030 0.0468 
   H171901.4  1 0.0302 0.7868 0.0310 0.1345 0.0175 
   H171901.5  1 0.0198 0.7900 0.0138 0.1581 0.0183 
   H171901.6  1 0.0209 0.8088 0.0156 0.1366 0.0181 
   H171901.7  1 0.0215 0.7263 0.0231 0.2117 0.0174 
   H171902.1  1 0.3135 0.3465 0.0814 0.2416 0.0170 
  H171902.10  1 0.0231 0.7000 0.0154 0.2528 0.0086 
   H171902.2  1 0.0611 0.1229 0.6591 0.1293 0.0275 
   H171902.3  1 0.0265 0.4620 0.0315 0.4650 0.0150 
   H171902.4  1 0.0535 0.8781 0.0398 0.0137 0.0150 
   H171902.6  1 0.0283 0.8083 0.0158 0.1381 0.0095 
   H171902.7  1 0.0783 0.8589 0.0119 0.0365 0.0144 
   H171902.8  1 0.0393 0.6740 0.0198 0.2534 0.0135 
   H171902.9  1 0.3476 0.5331 0.0431 0.0458 0.0304 
   H171903.1  1 0.0341 0.7727 0.0594 0.0885 0.0453 
   H171903.2  1 0.1324 0.3690 0.2495 0.1760 0.0730 
   H171903.3  1 0.0725 0.5441 0.0593 0.1948 0.1294 
   H171903.4  1 0.0436 0.6011 0.0332 0.0369 0.2852 
   H171903.5  1 0.0425 0.1424 0.0564 0.7081 0.0506 
   H171903.6  1 0.0218 0.5628 0.0531 0.3173 0.0450 
      H177.1  1 0.0215 0.8568 0.0161 0.0539 0.0517 
      H177.2  1 0.0333 0.4167 0.1934 0.3355 0.0211 
      H177.3  1 0.0462 0.7762 0.0153 0.1470 0.0153 
      H177.4  1 0.0175 0.8343 0.0233 0.0687 0.0562 
      H177.5  1 0.0340 0.2711 0.1224 0.0748 0.4977 
      H177.6  1 0.0528 0.7603 0.0151 0.1559 0.0160 
      H179.1  1 0.0273 0.0171 0.0439 0.8713 0.0405 
      H179.2  1 0.0136 0.0174 0.0360 0.9043 0.0288 
      H179.3  1 0.0451 0.0142 0.1487 0.7381 0.0539 
      H179.4  1 0.0115 0.1047 0.0537 0.8089 0.0212 
      H180.1  1 0.0534 0.0173 0.0133 0.8905 0.0254 
      H180.2  1 0.1780 0.0191 0.0227 0.7474 0.0328 
      H180.3  1 0.3547 0.0139 0.0793 0.4916 0.0605 
      H180.4  1 0.0793 0.0533 0.0706 0.6531 0.1437 
      H180.5  1 0.1378 0.0614 0.0829 0.6894 0.0286 
      H180.6  1 0.2270 0.0633 0.6212 0.0703 0.0182 
      H181.1  1 0.0471 0.5296 0.1015 0.2938 0.0280 
      H181.2  1 0.0639 0.2705 0.1004 0.5222 0.0430 
      H181.3  1 0.0392 0.2241 0.4329 0.2754 0.0284 
      H181.4  1 0.0283 0.6158 0.0908 0.1641 0.1010 
      H181.5  1 0.0260 0.0773 0.5392 0.3043 0.0533 
      H181.6  1 0.0372 0.1104 0.0686 0.7558 0.0279 
      H181.7  1 0.0253 0.1012 0.1405 0.7151 0.0180 
 H194.1_2004  1 0.0270 0.8989 0.0297 0.0184 0.0260 
 H194.2_2004  1 0.0230 0.8299 0.0181 0.0132 0.1157 
 H194.3_2004  1 0.0157 0.9332 0.0132 0.0193 0.0186 
 H194.4_2004  1 0.0194 0.9159 0.0164 0.0108 0.0375 
 H194.5_2004  1 0.0128 0.9338 0.0150 0.0199 0.0185 
 H194.6_2004  1 0.0157 0.8631 0.0228 0.0222 0.0762 
 H194.7_2004  1 0.0194 0.6801 0.2166 0.0133 0.0706 
 H194.8_2004  1 0.0188 0.8212 0.0238 0.0142 0.1220 
      H194.9  1 0.0521 0.7654 0.1189 0.0119 0.0517 
 H195.1_2003  1 0.0108 0.8843 0.0202 0.0373 0.0474 
 H195.1_2004  1 0.0454 0.8167 0.0399 0.0550 0.0430 
 H195.2_2003  1 0.0452 0.7448 0.0906 0.1032 0.0162 
 H195.2_2004  1 0.0268 0.7514 0.1420 0.0353 0.0445 
 H195.3_2003  1 0.0514 0.7733 0.0616 0.0648 0.0488 
 H195.3_2004  1 0.0137 0.9399 0.0154 0.0160 0.0151 
 H195.4_2003  1 0.0102 0.9242 0.0163 0.0197 0.0297 
 H195.4_2004  1 0.0136 0.4066 0.4885 0.0286 0.0627 
 H195.5_2003  1 0.0153 0.8484 0.0266 0.0399 0.0698 
 H195.5_2004  1 0.0189 0.8594 0.0517 0.0183 0.0516 
 H195.6_2003  1 0.0310 0.8794 0.0441 0.0278 0.0178 
 H195.6_2004  1 0.0131 0.9008 0.0365 0.0323 0.0173 
 H195.7_2003  1 0.0125 0.5759 0.1084 0.1905 0.1127 
 H195.7_2004  1 0.2102 0.5671 0.0482 0.0931 0.0814 
      H195.8  1 0.0314 0.5106 0.2995 0.0277 0.1308 
      H195.9  1 0.0175 0.7680 0.1387 0.0381 0.0376 
      H415.1  1 0.6900 0.0759 0.0398 0.1219 0.0723 
      H415.2  1 0.2096 0.1919 0.0181 0.5467 0.0338 
      H415.3  1 0.0267 0.0746 0.0118 0.8142 0.0726 
      H415.4  1 0.2690 0.1010 0.0545 0.3922 0.1834 
      H415.5  1 0.0258 0.0540 0.0126 0.8622 0.0455 
      H415.6  1 0.2614 0.0925 0.0556 0.4166 0.1740 
      H415.7  1 0.0535 0.4503 0.0142 0.4350 0.0471 
      H506.1  1 0.0228 0.0255 0.0251 0.9139 0.0126 
      H506.2  1 0.0215 0.0893 0.0149 0.8618 0.0125 
      H506.3  1 0.0871 0.0105 0.0455 0.8327 0.0241 
      H506.4  1 0.0421 0.0174 0.0344 0.8891 0.0171 
      H506.5  1 0.0315 0.0560 0.0223 0.8790 0.0112 
      H506.6  1 0.1119 0.0155 0.0370 0.8148 0.0208 
      H506.7  1 0.0247 0.0481 0.0248 0.8901 0.0122 
      H533.1  1 0.0155 0.0144 0.0135 0.9469 0.0098 
      H533.2  1 0.0216 0.0226 0.0154 0.9312 0.0092 
      H533.3  1 0.0210 0.0219 0.0162 0.9309 0.0099 
      H533.4  1 0.0294 0.0489 0.0173 0.8931 0.0112 
      H535.1  1 0.0180 0.7652 0.0291 0.1609 0.0268 
      H535.2  1 0.0091 0.6384 0.2576 0.0738 0.0210 
      H535.3  1 0.0273 0.5213 0.3233 0.1014 0.0266 
      H535.4  1 0.0078 0.9333 0.0159 0.0306 0.0124 
      H535.5  1 0.0092 0.8989 0.0129 0.0631 0.0158 
      H535.6  1 0.0176 0.8214 0.0612 0.0360 0.0639 
      H535.7  1 0.0212 0.7931 0.0359 0.1316 0.0182 
      H535.8  1 0.0185 0.8141 0.0627 0.0752 0.0296 
      H535.9  1 0.0350 0.8566 0.0389 0.0571 0.0124 
      H539.1  1 0.9613 0.0124 0.0101 0.0079 0.0083 
      H539.2  1 0.2355 0.0636 0.1574 0.5055 0.0380 
      H539.3  1 0.9011 0.0314 0.0326 0.0140 0.0209 
      H539.4  1 0.9416 0.0110 0.0134 0.0235 0.0105 
      H539.5  1 0.9289 0.0139 0.0378 0.0104 0.0090 
      H539.6  1 0.9081 0.0316 0.0352 0.0113 0.0137 
      H539.7  1 0.9346 0.0188 0.0124 0.0175 0.0167 
      H539.8  1 0.9039 0.0342 0.0196 0.0170 0.0253 
      H539.9  1 0.9584 0.0082 0.0147 0.0091 0.0095 
      H540.1  1 0.8449 0.0846 0.0244 0.0313 0.0147 
      H540.2  1 0.8839 0.0557 0.0107 0.0211 0.0286 
      H540.3  1 0.9120 0.0271 0.0096 0.0142 0.0370 
      H540.4  1 0.6528 0.1085 0.0128 0.1783 0.0476 
      H540.5  1 0.9218 0.0201 0.0218 0.0239 0.0125 
      H540.6  1 0.7522 0.0582 0.1283 0.0389 0.0224 
      H540.7  1 0.6770 0.1219 0.0515 0.1199 0.0297 
      H540.8  1 0.2351 0.6139 0.0115 0.0888 0.0507 
     H9558.1  1 0.9326 0.0256 0.0080 0.0190 0.0148 
     H9558.2  1 0.9142 0.0198 0.0192 0.0245 0.0223 
     H9558.3  1 0.9507 0.0115 0.0166 0.0108 0.0105 
     H9558.4  1 0.8887 0.0178 0.0093 0.0693 0.0149 
     H9558.5  1 0.9118 0.0116 0.0084 0.0473 0.0209 
     H9558.6  1 0.8270 0.0264 0.0852 0.0090 0.0523 
    kos339.1  1 0.0209 0.6988 0.0666 0.1965 0.0172 
    kos339.2  1 0.0235 0.7976 0.1038 0.0461 0.0290 
    kos339.3  1 0.0130 0.9069 0.0156 0.0497 0.0148 
    kos339.4  1 0.0126 0.8763 0.0195 0.0705 0.0211 
    kos339.5  1 0.0109 0.8902 0.0215 0.0589 0.0184 
    kos339.6  1 0.0165 0.9359 0.0144 0.0198 0.0134 
    kos339.7  1 0.0138 0.8538 0.0243 0.0956 0.0125 
    kos339.8  1 0.0144 0.7572 0.0164 0.1946 0.0173 
    kos339.9  1 0.0188 0.9198 0.0198 0.0294 0.0122 
      H008.1  2 0.0359 0.0152 0.8705 0.0520 0.0265 
      H008.2  2 0.4030 0.0408 0.3114 0.2043 0.0406 
      H008.3  2 0.2810 0.0443 0.3032 0.2457 0.1259 
      H008.4  2 0.1630 0.0358 0.7382 0.0315 0.0315 
      H008.5  2 0.0413 0.0269 0.8721 0.0236 0.0361 
      H008.6  2 0.4972 0.0369 0.3198 0.1005 0.0456 
      H008.7  2 0.1956 0.0434 0.6715 0.0516 0.0379 
      H008.8  2 0.6093 0.0604 0.2207 0.0871 0.0226 
      H008.9  2 0.8027 0.0722 0.0450 0.0459 0.0342 
 H029.1_2002  2 0.0546 0.0138 0.8834 0.0191 0.0291 
 H029.1_2003  2 0.0710 0.0214 0.3625 0.2209 0.3242 
 H029.2_2002  2 0.0160 0.0284 0.9211 0.0207 0.0138 
 H029.2_2003  2 0.0522 0.0731 0.5631 0.2033 0.1083 
 H029.3_2002  2 0.0245 0.0301 0.8649 0.0525 0.0280 
 H029.3_2003  2 0.0130 0.0144 0.8325 0.0339 0.1062 
 H029.4_2002  2 0.0176 0.0098 0.9254 0.0154 0.0317 
 H029.4_2003  2 0.1821 0.0213 0.2837 0.1559 0.3571 
 H029.5_2002  2 0.0162 0.0110 0.9376 0.0120 0.0232 
 H029.5_2003  2 0.0411 0.0128 0.5739 0.2090 0.1632 
 H029.6_2002  2 0.0134 0.0103 0.9239 0.0157 0.0368 
 H029.6_2003  2 0.0429 0.0686 0.6266 0.1800 0.0818 
      H029.7  2 0.0239 0.0187 0.9303 0.0148 0.0123 
      H030.1  2 0.0125 0.0435 0.2199 0.0505 0.6737 
      H030.2  2 0.1090 0.0222 0.2958 0.0441 0.5288 
      H038.1  2 0.0501 0.0120 0.9092 0.0126 0.0161 
      H038.2  2 0.0113 0.0173 0.9404 0.0152 0.0158 
      H038.3  2 0.0562 0.0363 0.8535 0.0344 0.0196 
      H038.4  2 0.0340 0.0240 0.8962 0.0253 0.0204 
      H038.5  2 0.0428 0.0165 0.8334 0.0862 0.0211 
      H038.6  2 0.0242 0.0103 0.9283 0.0243 0.0130 
      H038.7  2 0.0287 0.0171 0.9046 0.0360 0.0137 
      H038.8  2 0.0716 0.0187 0.8686 0.0220 0.0191 
      H041.1  2 0.0278 0.0241 0.6870 0.0188 0.2423 
      H041.2  2 0.0327 0.0191 0.1177 0.0129 0.8177 
      H041.4  2 0.1716 0.0485 0.5060 0.0249 0.2490 
      H041.6  2 0.1420 0.0392 0.5637 0.0132 0.2420 
 H042.1_2002  2 0.0462 0.0738 0.0189 0.0248 0.8363 
 H042.1_2003  2 0.6887 0.0400 0.1200 0.0649 0.0864 
 H042.2_2002  2 0.0466 0.0233 0.3540 0.0972 0.4789 
 H042.2_2003  2 0.0613 0.0777 0.0470 0.0195 0.7945 
 H042.3_2002  2 0.0587 0.0365 0.0232 0.0451 0.8366 
 H042.3_2003  2 0.2292 0.0405 0.0986 0.0700 0.5616 
 H042.4_2002  2 0.0370 0.0759 0.0648 0.0140 0.8084 
 H042.4_2003  2 0.0330 0.1703 0.5317 0.0172 0.2478 
      H042.5  2 0.0107 0.0350 0.0288 0.0151 0.9104 
      H042.6  2 0.0621 0.0595 0.1694 0.0480 0.6611 
      H042.7  2 0.0280 0.0657 0.0521 0.0293 0.8249 
      H042.8  2 0.0272 0.0156 0.0251 0.0182 0.9138 
   H042_2002  2 0.6315 0.0768 0.1030 0.0708 0.1178 
   H042_2003  2 0.6316 0.0999 0.1015 0.0565 0.1104 
      H043.1  2 0.8656 0.0262 0.0411 0.0507 0.0163 
      H043.2  2 0.9125 0.0371 0.0238 0.0123 0.0144 
      H043.3  2 0.7102 0.0344 0.1612 0.0740 0.0201 
      H043.4  2 0.8627 0.0369 0.0668 0.0199 0.0138 
      H043.5  2 0.9342 0.0130 0.0234 0.0164 0.0129 
      H043.6  2 0.9319 0.0148 0.0262 0.0117 0.0154 
      H043.7  2 0.8803 0.0580 0.0311 0.0115 0.0190 
      H043.8  2 0.5299 0.0985 0.1411 0.1840 0.0466 
      H043.9  2 0.7018 0.0431 0.1544 0.0750 0.0258 
      H047.1  2 0.1696 0.0527 0.5680 0.1922 0.0174 
      H047.2  2 0.0124 0.0194 0.9226 0.0237 0.0219 
      H047.3  2 0.0167 0.0242 0.8721 0.0453 0.0417 
      H047.4  2 0.0261 0.0437 0.7586 0.0557 0.1158 
      H047.5  2 0.0250 0.0509 0.7373 0.1040 0.0829 
      H047.6  2 0.1031 0.0295 0.7012 0.0885 0.0777 
      H047.7  2 0.1893 0.0576 0.6194 0.0891 0.0446 
      H047.8  2 0.1038 0.0743 0.5338 0.2277 0.0604 
      H047.9  2 0.0277 0.2193 0.5978 0.1230 0.0322 
 H071.1_2002  2 0.0363 0.0185 0.9169 0.0131 0.0152 
 H071.1_2003  2 0.0857 0.0970 0.7179 0.0192 0.0803 
     H071.10  2 0.0156 0.0117 0.9378 0.0168 0.0180 
 H071.2_2002  2 0.0261 0.0207 0.9102 0.0243 0.0186 
 H071.2_2003  2 0.0114 0.0127 0.9579 0.0084 0.0096 
      H071.3  2 0.0201 0.0183 0.9004 0.0248 0.0364 
 H071.4_2002  2 0.0287 0.0252 0.8866 0.0438 0.0158 
 H071.4_2003  2 0.0077 0.0123 0.9464 0.0220 0.0116 
 H071.5_2002  2 0.0125 0.0106 0.9519 0.0132 0.0118 
 H071.5_2003  2 0.0172 0.0236 0.8860 0.0546 0.0186 
 H071.6_2002  2 0.0125 0.0130 0.9215 0.0401 0.0129 
 H071.6_2003  2 0.0100 0.0143 0.9419 0.0187 0.0151 
 H071.7_2002  2 0.0175 0.0106 0.9475 0.0158 0.0086 
 H071.7_2003  2 0.0149 0.0182 0.9231 0.0254 0.0184 
      H071.8  2 0.0245 0.0156 0.9261 0.0154 0.0183 
      H071.9  2 0.0709 0.0242 0.7281 0.1011 0.0757 
 H081.1_2002  2 0.0110 0.0110 0.9582 0.0102 0.0096 
 H081.1_2003  2 0.6760 0.0474 0.1408 0.0380 0.0978 
 H081.2_2002  2 0.0133 0.0166 0.9517 0.0086 0.0098 
 H081.2_2003  2 0.0951 0.0261 0.2276 0.0591 0.5921 
 H081.3_2002  2 0.0213 0.0251 0.9279 0.0139 0.0119 
 H081.3_2003  2 0.4741 0.0885 0.1314 0.1783 0.1277 
 H081.4_2002  2 0.0123 0.0175 0.9406 0.0158 0.0138 
 H081.4_2003  2 0.2573 0.1426 0.1295 0.1113 0.3593 
 H081.5_2002  2 0.0177 0.0167 0.9279 0.0174 0.0203 
 H081.5_2003  2 0.3096 0.1522 0.2869 0.0401 0.2112 
      H081.6  2 0.0185 0.0141 0.9407 0.0131 0.0134 
      H081.7  2 0.0166 0.0224 0.9379 0.0097 0.0133 
      H081.8  2 0.0330 0.0308 0.8753 0.0296 0.0313 
      H083.1  2 0.0116 0.0094 0.9523 0.0174 0.0093 
      H083.2  2 0.0174 0.0155 0.9444 0.0143 0.0084 
      H083.4  2 0.0131 0.0087 0.9513 0.0175 0.0093 
      H083.5  2 0.0172 0.0088 0.9487 0.0135 0.0118 
      H083.6  2 0.0095 0.0136 0.9466 0.0164 0.0139 
      H083.7  2 0.0118 0.0130 0.9526 0.0132 0.0093 
      H083.8  2 0.0141 0.0115 0.9480 0.0177 0.0087 
      H083.9  2 0.0108 0.0079 0.9610 0.0102 0.0102 
      H084.1  2 0.0463 0.0149 0.0323 0.0329 0.8737 
      H084.2  2 0.0811 0.0142 0.0541 0.1164 0.7342 
      H084.3  2 0.1036 0.0312 0.0284 0.0223 0.8145 
      H084.4  2 0.1065 0.0185 0.0226 0.0257 0.8268 
      H084.5  2 0.0341 0.0178 0.0157 0.0277 0.9046 
      H084.6  2 0.0778 0.0343 0.0260 0.0192 0.8428 
      H084.7  2 0.0194 0.0144 0.0281 0.0640 0.8741 
      H084.8  2 0.0228 0.0115 0.0120 0.0141 0.9397 
 H085.1_2002  2 0.0606 0.0380 0.8629 0.0144 0.0242 
 H085.1_2003  2 0.0173 0.0181 0.9092 0.0162 0.0392 
 H085.2_2002  2 0.1029 0.1114 0.6834 0.0275 0.0748 
 H085.2_2003  2 0.0160 0.0183 0.9110 0.0230 0.0317 
 H085.3_2002  2 0.0345 0.2312 0.6416 0.0164 0.0763 
 H085.3_2003  2 0.0132 0.0164 0.9163 0.0174 0.0366 
 H085.4_2002  2 0.1693 0.0617 0.6851 0.0245 0.0594 
 H085.4_2003  2 0.0348 0.0298 0.7381 0.0126 0.1847 
 H085.5_2002  2 0.0958 0.3004 0.5277 0.0164 0.0597 
 H085.5_2003  2 0.0125 0.0113 0.9495 0.0125 0.0142 
 H085.6_2002  2 0.0647 0.1656 0.7087 0.0200 0.0411 
 H085.6_2003  2 0.0612 0.2969 0.2865 0.0329 0.3225 
 H085.7_2002  2 0.0357 0.1549 0.7427 0.0140 0.0527 
 H085.7_2003  2 0.0372 0.0291 0.8600 0.0307 0.0430 
 H085.8_2002  2 0.1076 0.2789 0.3758 0.0435 0.1943 
 H085.8_2003  2 0.0420 0.0536 0.7582 0.0286 0.1177 
      H085.9  2 0.1549 0.0904 0.6847 0.0124 0.0576 
      H088.1  2 0.0362 0.0759 0.0492 0.0448 0.7939 
      H088.2  2 0.0200 0.0906 0.0378 0.0373 0.8144 
      H088.3  2 0.0182 0.0293 0.0239 0.0217 0.9069 
      H088.4  2 0.0166 0.0122 0.0155 0.0303 0.9255 
      H088.5  2 0.0126 0.0119 0.0117 0.0161 0.9477 
      H088.6  2 0.0147 0.0124 0.0171 0.0285 0.9274 
      H088.7  2 0.0173 0.0325 0.3257 0.0428 0.5817 
      H088.8  2 0.0313 0.0371 0.1206 0.0991 0.7119 
      H091.1  2 0.0183 0.0233 0.0554 0.0361 0.8669 
      H091.2  2 0.0128 0.0208 0.0901 0.0325 0.8437 
      H109.1  2 0.2173 0.0203 0.1449 0.5382 0.0793 
      H109.2  2 0.1211 0.0787 0.1976 0.3114 0.2912 
      H109.3  2 0.0415 0.1411 0.0996 0.4485 0.2694 
      H109.4  2 0.2226 0.0526 0.0656 0.4744 0.1848 
      H109.5  2 0.0135 0.1149 0.1354 0.0819 0.6543 
      H109.6  2 0.1584 0.1107 0.0747 0.4785 0.1778 
      H126.1  2 0.3634 0.2256 0.0375 0.3378 0.0357 
      H126.2  2 0.1902 0.0418 0.6981 0.0570 0.0129 
      H126.3  2 0.1002 0.0376 0.7094 0.1302 0.0225 
      H126.4  2 0.5818 0.1015 0.0988 0.1599 0.0581 
      H126.5  2 0.2390 0.2095 0.2748 0.2587 0.0179 
      H126.6  2 0.0242 0.0239 0.9188 0.0228 0.0102 
      H126.7  2 0.0136 0.0189 0.9060 0.0485 0.0130 
      H130.1  2 0.1627 0.4496 0.0603 0.1414 0.1860 
      H130.2  2 0.0374 0.0443 0.5959 0.1138 0.2087 
      H130.3  2 0.0225 0.1411 0.2189 0.5206 0.0970 
      H130.4  2 0.5130 0.1649 0.0568 0.1948 0.0706 
      H130.5  2 0.0349 0.1056 0.5927 0.0299 0.2369 
      H133.1  2 0.4713 0.0664 0.1080 0.2822 0.0721 
      H133.2  2 0.2484 0.3089 0.0943 0.1463 0.2021 
      H133.3  2 0.1448 0.1877 0.2292 0.3076 0.1306 
      H133.4  2 0.6062 0.1129 0.0574 0.1638 0.0596 
      H133.5  2 0.1645 0.0866 0.0622 0.6391 0.0477 
      H133.6  2 0.2400 0.1288 0.1582 0.3108 0.1622 
      H133.7  2 0.5687 0.1831 0.0701 0.0510 0.1270 
      H133.8  2 0.5538 0.0622 0.0869 0.2014 0.0958 
      H133.9  2 0.4234 0.0509 0.1124 0.3295 0.0838 
      H147.1  2 0.0955 0.0368 0.4736 0.0096 0.3845 
      H147.2  2 0.0204 0.0135 0.9417 0.0082 0.0163 
      H147.3  2 0.0134 0.0290 0.9313 0.0096 0.0167 
      H147.4  2 0.0282 0.0136 0.9136 0.0088 0.0357 
      H147.5  2 0.0183 0.0399 0.8387 0.0138 0.0892 
      H147.6  2 0.0273 0.0419 0.7022 0.0250 0.2036 
      H147.7  2 0.0297 0.0206 0.8913 0.0124 0.0459 
      H147.8  2 0.0173 0.0108 0.8741 0.0127 0.0850 
      H147.9  2 0.0168 0.0143 0.9405 0.0100 0.0184 
      H148.1  2 0.6607 0.0704 0.0580 0.0703 0.1407 
      H148.2  2 0.6670 0.0819 0.0653 0.0431 0.1427 
      H148.3  2 0.1344 0.6172 0.0461 0.0210 0.1814 
      H148.4  2 0.5560 0.2259 0.0513 0.0494 0.1175 
      H148.5  2 0.2565 0.2175 0.0434 0.0416 0.4409 
      H148.6  2 0.5975 0.1729 0.0919 0.0236 0.1141 
      H148.7  2 0.2363 0.1012 0.0236 0.1283 0.5105 
      H148.8  2 0.2918 0.4930 0.0210 0.0154 0.1788 
      H148.9  2 0.7469 0.0649 0.0316 0.0978 0.0588 
   H166022.1  2 0.0116 0.0298 0.0751 0.0086 0.8750 
   H166022.2  2 0.0167 0.0841 0.1141 0.0220 0.7630 
   H166022.3  2 0.0158 0.0428 0.0484 0.0343 0.8587 
   H166022.4  2 0.0094 0.0205 0.0205 0.0284 0.9212 
   H166022.5  2 0.0088 0.0354 0.0577 0.0411 0.8570 
   H166022.6  2 0.0313 0.0223 0.0329 0.0192 0.8942 
   H166022.7  2 0.0907 0.0108 0.0093 0.8777 0.0116 
   H166022.8  2 0.0281 0.1751 0.2323 0.0251 0.5394 
   H167397.1  2 0.6494 0.0192 0.0372 0.0298 0.2645 
   H167397.2  2 0.7354 0.0897 0.0883 0.0320 0.0546 
   H167397.3  2 0.7983 0.0232 0.0479 0.0331 0.0974 
   H167397.4  2 0.5610 0.0957 0.1229 0.0490 0.1714 
   H167397.5  2 0.8904 0.0183 0.0245 0.0199 0.0469 
   H167397.6  2 0.8169 0.0185 0.0556 0.0206 0.0885 
   H167496.1  2 0.0167 0.4594 0.0735 0.1506 0.2997 
   H167496.2  2 0.0548 0.2630 0.1394 0.2688 0.2740 
   H167496.3  2 0.0389 0.4078 0.4142 0.0434 0.0956 
   H167496.4  2 0.0116 0.0214 0.0602 0.0197 0.8872 
   H167496.6  2 0.0267 0.0304 0.0885 0.0860 0.7684 
   H167496.7  2 0.0251 0.4775 0.0834 0.1224 0.2916 
   H167496.8  2 0.0234 0.0286 0.0836 0.0425 0.8219 
   H167513.1  2 0.3738 0.0936 0.1670 0.2699 0.0957 
   H167513.2  2 0.6498 0.1566 0.0268 0.0578 0.1090 
   H167513.3  2 0.0559 0.0499 0.0640 0.7556 0.0746 
   H167513.4  2 0.1156 0.0329 0.2590 0.1469 0.4457 
   H167513.5  2 0.6947 0.0814 0.0727 0.0510 0.1001 
   H167513.6  2 0.2340 0.3079 0.1474 0.1196 0.1911 
   H167513.7  2 0.2950 0.0400 0.3686 0.2539 0.0426 
   H167513.8  2 0.2507 0.0280 0.0352 0.6432 0.0430 
   H167547.1  2 0.2294 0.2786 0.0276 0.0268 0.4376 
   H167547.2  2 0.0745 0.0628 0.0204 0.0160 0.8264 
   H167547.3  2 0.0587 0.0547 0.0195 0.0135 0.8535 
   H167547.4  2 0.2381 0.1539 0.0623 0.0400 0.5057 
   H167547.5  2 0.0161 0.0134 0.0115 0.0113 0.9477 
   H167547.6  2 0.0169 0.0148 0.0128 0.0114 0.9442 
   H167547.7  2 0.0761 0.8168 0.0382 0.0368 0.0321 
   H169750.1  2 0.0461 0.5417 0.0808 0.2476 0.0838 
   H169750.2  2 0.3989 0.0969 0.1119 0.0735 0.3189 
   H169750.3  2 0.0189 0.2904 0.0825 0.4204 0.1878 
   H169750.4  2 0.3857 0.2697 0.0512 0.2220 0.0714 
   H169750.5  2 0.0586 0.3291 0.2489 0.2294 0.1340 
   H169750.6  2 0.0639 0.0406 0.6198 0.0953 0.1804 
   H169750.7  2 0.0862 0.4011 0.0987 0.3503 0.0637 
   H171929.1  2 0.8137 0.0852 0.0333 0.0203 0.0476 
  H171929.10  2 0.3304 0.1038 0.1439 0.0257 0.3962 
  H171929.11  2 0.8757 0.0444 0.0224 0.0265 0.0311 
   H171929.2  2 0.5385 0.2124 0.0629 0.0958 0.0903 
   H171929.3  2 0.6926 0.0611 0.0576 0.0420 0.1467 
   H171929.4  2 0.0637 0.5509 0.2040 0.0600 0.1215 
   H171929.5  2 0.6630 0.0319 0.0395 0.1840 0.0815 
   H171929.6  2 0.8347 0.0237 0.0248 0.0935 0.0233 
   H171929.7  2 0.3822 0.3800 0.1175 0.0835 0.0369 
   H171929.8  2 0.4029 0.4873 0.0447 0.0328 0.0323 
   H171929.9  2 0.0758 0.3411 0.3946 0.0756 0.1128 
   H171930.1  2 0.0809 0.0252 0.0151 0.6033 0.2755 
   H171930.2  2 0.0458 0.0393 0.0381 0.1709 0.7058 
   H171930.3  2 0.0933 0.0246 0.0189 0.4728 0.3904 
   H171930.4  2 0.0187 0.0145 0.0174 0.2865 0.6629 
   H171930.5  2 0.1756 0.0866 0.0703 0.4883 0.1792 
   H171930.6  2 0.0220 0.0461 0.0500 0.3743 0.5076 
   H171930.7  2 0.2360 0.0454 0.0259 0.3809 0.3119 
   H171930.8  2 0.1809 0.0591 0.0232 0.2480 0.4887 
   H171933.1  2 0.0486 0.0622 0.6081 0.0455 0.2356 
   H171933.2  2 0.0701 0.0409 0.6275 0.0217 0.2398 
   H171933.3  2 0.0420 0.1340 0.1900 0.0272 0.6068 
   H171933.4  2 0.0278 0.4267 0.2142 0.0671 0.2642 
   H171933.5  2 0.1228 0.4188 0.0472 0.1252 0.2861 
   H171933.6  2 0.0142 0.0192 0.8209 0.0234 0.1223 
   H171933.7  2 0.0922 0.0812 0.5039 0.0342 0.2885 
   H171933.8  2 0.1333 0.1590 0.4711 0.0354 0.2013 
   H171933.9  2 0.0200 0.0675 0.4888 0.0724 0.3513 
      H190.1  2 0.0144 0.2059 0.0967 0.3154 0.3675 
      H190.2  2 0.0400 0.1682 0.0372 0.0287 0.7258 
      H190.3  2 0.1146 0.1581 0.0459 0.0283 0.6530 
      H190.4  2 0.0420 0.4728 0.1100 0.1241 0.2512 
      H190.5  2 0.0396 0.0843 0.1120 0.0690 0.6952 
      H190.6  2 0.0307 0.5442 0.0846 0.0678 0.2727 
      H190.7  2 0.0426 0.8137 0.0278 0.0137 0.1023 
      H190.8  2 0.0324 0.3050 0.1249 0.1767 0.3610 
      H190.9  2 0.0649 0.4708 0.0486 0.0398 0.3759 
      H400.1  2 0.0500 0.0140 0.0628 0.0340 0.8391 
      H400.2  2 0.0405 0.0119 0.2121 0.0274 0.7081 
      H400.3  2 0.0590 0.0440 0.1098 0.1062 0.6812 
      H400.4  2 0.0146 0.0110 0.0399 0.0442 0.8904 
      H400.5  2 0.0476 0.0484 0.3228 0.0985 0.4828 
      H400.6  2 0.0232 0.0126 0.0451 0.0297 0.8893 
      H400.7  2 0.0150 0.0249 0.0367 0.0229 0.9005 
 H428.1_2005  2 0.0140 0.0141 0.9300 0.0305 0.0114 
 H428.1_2006  2 0.0090 0.0273 0.9363 0.0137 0.0137 
 H428.2_2005  2 0.0292 0.0279 0.7788 0.0377 0.1264 
 H428.2_2006  2 0.0087 0.0116 0.9474 0.0138 0.0186 
 H428.3_2005  2 0.0084 0.0356 0.9059 0.0323 0.0178 
 H428.3_2006  2 0.0135 0.0148 0.9309 0.0190 0.0219 
 H428.4_2005  2 0.0106 0.0362 0.8883 0.0386 0.0262 
 H428.4_2006  2 0.0069 0.0127 0.9637 0.0091 0.0076 
 H428.5_2005  2 0.0180 0.0108 0.9479 0.0113 0.0121 
 H428.6_2005  2 0.0123 0.0320 0.9131 0.0315 0.0111 
 H428.6_2006  2 0.0107 0.0154 0.9304 0.0325 0.0110 
      H428.7  2 0.0087 0.0078 0.9609 0.0109 0.0117 
      H428.8  2 0.0180 0.0100 0.9236 0.0271 0.0212 
      H428.9  2 0.0260 0.0096 0.9253 0.0144 0.0247 
      H453.1  2 0.0162 0.0234 0.1932 0.0502 0.7170 
      H453.2  2 0.0123 0.0221 0.0586 0.0422 0.8648 
      H453.3  2 0.0092 0.0632 0.1389 0.0156 0.7731 
      H453.4  2 0.0080 0.0121 0.0785 0.0158 0.8857 
      H453.5  2 0.0095 0.0170 0.2201 0.0263 0.7272 
      H453.6  2 0.0071 0.0116 0.2913 0.0209 0.6690 
      H453.7  2 0.0249 0.2588 0.5823 0.0292 0.1049 
      H453.8  2 0.0355 0.1282 0.4198 0.0291 0.3874 
      H453.9  2 0.0121 0.0154 0.9318 0.0181 0.0226 
      H512.1  2 0.0113 0.0442 0.6976 0.0806 0.1663 
     H512.10  2 0.0959 0.0626 0.5986 0.1349 0.1081 
      H512.2  2 0.0400 0.0585 0.4513 0.2001 0.2501 
      H512.3  2 0.0215 0.0799 0.0841 0.7287 0.0858 
      H512.4  2 0.0307 0.0411 0.6507 0.0416 0.2360 
      H512.5  2 0.0176 0.0503 0.0401 0.8695 0.0225 
      H512.6  2 0.0167 0.2435 0.0692 0.4731 0.1975 
      H512.7  2 0.0178 0.0314 0.0595 0.8373 0.0541 
      H512.8  2 0.0285 0.0453 0.0559 0.1837 0.6866 
      H512.9  2 0.0359 0.0737 0.2721 0.5863 0.0319 
      H513.1  2 0.0241 0.0100 0.9265 0.0105 0.0288 
      H513.2  2 0.0419 0.0139 0.8744 0.0090 0.0608 
      H513.3  2 0.0184 0.0171 0.9008 0.0239 0.0398 
      H513.4  2 0.0102 0.0214 0.8295 0.0223 0.1165 
      H513.5  2 0.0146 0.0140 0.9209 0.0301 0.0204 
      H513.6  2 0.3913 0.0222 0.4167 0.0551 0.1148 
      H532.1  2 0.0249 0.0260 0.8641 0.0553 0.0296 
      H532.2  2 0.0201 0.0581 0.8034 0.0201 0.0984 
      H532.3  2 0.0178 0.1111 0.6387 0.0269 0.2055 
      H532.4  2 0.0263 0.0248 0.9175 0.0132 0.0182 
      H532.5  2 0.0249 0.0272 0.8723 0.0417 0.0339 
      H532.6  2 0.0285 0.0278 0.8847 0.0250 0.0340 
      H532.7  2 0.0160 0.0186 0.9155 0.0262 0.0237 
      H532.8  2 0.0343 0.0284 0.8828 0.0268 0.0277 
      H543.1  2 0.9386 0.0161 0.0139 0.0094 0.0220 
      H543.2  2 0.7499 0.0477 0.0625 0.0305 0.1094 
      H543.3  2 0.9150 0.0191 0.0307 0.0120 0.0232 
      H543.4  2 0.9487 0.0153 0.0111 0.0092 0.0157 
      H543.5  2 0.9497 0.0098 0.0131 0.0125 0.0149 
      H543.6  2 0.9191 0.0267 0.0244 0.0136 0.0163 
      H543.7  2 0.9631 0.0097 0.0088 0.0086 0.0098 
      H543.8  2 0.7873 0.0137 0.1316 0.0343 0.0331 
      H543.9  2 0.9120 0.0180 0.0283 0.0156 0.0260 
 H545.1_2005  2 0.9723 0.0059 0.0074 0.0082 0.0062 
 H545.1_2006  2 0.9541 0.0097 0.0163 0.0092 0.0108 
 H545.2_2005  2 0.9469 0.0066 0.0119 0.0248 0.0098 
 H545.2_2006  2 0.9523 0.0096 0.0150 0.0123 0.0109 
 H545.3_2005  2 0.9505 0.0106 0.0085 0.0177 0.0127 
 H545.3_2006  2 0.9637 0.0057 0.0116 0.0108 0.0081 
 H545.4_2005  2 0.9504 0.0167 0.0127 0.0104 0.0097 
 H545.4_2006  2 0.9676 0.0077 0.0081 0.0083 0.0084 
 H545.5_2005  2 0.9501 0.0074 0.0156 0.0198 0.0070 
 H545.5_2006  2 0.9361 0.0126 0.0149 0.0201 0.0163 
 H545.6_2005  2 0.9669 0.0064 0.0087 0.0110 0.0070 
 H545.6_2006  2 0.9575 0.0093 0.0082 0.0133 0.0117 
 H545.7_2005  2 0.9504 0.0070 0.0153 0.0180 0.0094 
 H545.7_2006  2 0.9588 0.0077 0.0118 0.0130 0.0087 
 H545.8_2005  2 0.9384 0.0107 0.0213 0.0157 0.0139 
 H545.8_2006  2 0.9587 0.0081 0.0108 0.0126 0.0098 
      H545.9  2 0.9520 0.0106 0.0106 0.0155 0.0113 
      H547.1  2 0.0184 0.0375 0.0136 0.0139 0.9167 
      H547.2  2 0.0182 0.0174 0.0225 0.0160 0.9259 
      H547.3  2 0.0376 0.0807 0.0142 0.0231 0.8444 
      H547.4  2 0.0782 0.0367 0.0291 0.0280 0.8279 
      H547.5  2 0.0145 0.0208 0.0122 0.0131 0.9394 
      H547.6  2 0.0180 0.0129 0.0110 0.0109 0.9472 
      H547.7  2 0.0659 0.0299 0.0127 0.0309 0.8606 
      H547.8  2 0.0251 0.0451 0.0125 0.0117 0.9055 
      H548.1  2 0.9587 0.0073 0.0096 0.0158 0.0086 
      H548.2  2 0.9362 0.0204 0.0168 0.0158 0.0109 
      H548.3  2 0.9540 0.0109 0.0117 0.0130 0.0105 
      H548.4  2 0.9131 0.0199 0.0233 0.0310 0.0127 
      H548.5  2 0.9610 0.0095 0.0100 0.0098 0.0097 
      H548.6  2 0.9600 0.0115 0.0082 0.0128 0.0074 
      H548.7  2 0.9423 0.0101 0.0180 0.0165 0.0130 
      H548.8  2 0.9574 0.0118 0.0114 0.0111 0.0084 
      H548.9  2 0.9328 0.0142 0.0137 0.0202 0.0190 
     H7389.1  2 0.0119 0.0147 0.8483 0.0266 0.0984 
     H7389.2  2 0.0442 0.0109 0.8138 0.0152 0.1158 
     H7389.3  2 0.0133 0.0090 0.8855 0.0210 0.0711 
     H7389.4  2 0.0267 0.0118 0.9216 0.0208 0.0191 
     H7389.5  2 0.0299 0.0214 0.8624 0.0568 0.0296 
     H7389.6  2 0.0139 0.0243 0.6680 0.2649 0.0289 
     H7389.7  2 0.0189 0.0121 0.8498 0.0358 0.0834 
     H7389.8  2 0.3358 0.0165 0.5419 0.0791 0.0266 
     H7389.9  2 0.0275 0.0144 0.9157 0.0274 0.0150 
      H747.1  2 0.0255 0.4145 0.1078 0.3596 0.0927 
      H747.2  2 0.0364 0.0650 0.0179 0.8620 0.0187 
      H747.3  2 0.0279 0.1398 0.0356 0.7205 0.0761 
      H747.4  2 0.0182 0.0543 0.0254 0.8283 0.0738 
      H747.5  2 0.0154 0.0281 0.0126 0.9230 0.0210 
      H747.6  2 0.0807 0.0332 0.0380 0.7747 0.0735 
      H747.7  2 0.0528 0.1192 0.0238 0.7682 0.0359 
     H7484.1  2 0.0157 0.0404 0.8814 0.0385 0.0239 
     H7484.2  2 0.1045 0.0901 0.4549 0.1435 0.2070 
     H7484.3  2 0.0990 0.1037 0.4990 0.1993 0.0990 
     H7484.4  2 0.0266 0.0573 0.7470 0.1287 0.0404 
     H7484.5  2 0.0779 0.0344 0.5416 0.2780 0.0681 
     H7484.6  2 0.0215 0.1939 0.0932 0.6320 0.0595 
     H7484.7  2 0.0268 0.1655 0.5789 0.2093 0.0195 
     H7484.8  2 0.0110 0.0233 0.8818 0.0550 0.0289 
     H7485.1  2 0.9312 0.0219 0.0188 0.0124 0.0156 
     H7485.2  2 0.9447 0.0095 0.0168 0.0169 0.0120 
     H7485.3  2 0.9641 0.0089 0.0099 0.0090 0.0081 
     H7485.4  2 0.9638 0.0063 0.0107 0.0106 0.0086 
     H7485.5  2 0.9582 0.0104 0.0125 0.0093 0.0096 
     H7485.6  2 0.8812 0.0213 0.0605 0.0245 0.0125 
     H7485.7  2 0.9591 0.0125 0.0090 0.0112 0.0082 
     H7496.1  2 0.0202 0.0805 0.5182 0.0711 0.3100 
    H7496.10  2 0.0118 0.0253 0.0863 0.0149 0.8617 
    H7496.11  2 0.7966 0.0278 0.0971 0.0406 0.0378 
     H7496.2  2 0.0169 0.0332 0.0453 0.0326 0.8719 
     H7496.3  2 0.0292 0.0412 0.7819 0.0509 0.0968 
     H7496.4  2 0.0104 0.0132 0.0179 0.0165 0.9419 
     H7496.5  2 0.0197 0.0292 0.0495 0.0505 0.8511 
     H7496.6  2 0.0162 0.0272 0.0551 0.0950 0.8065 
     H7496.7  2 0.0138 0.0260 0.0727 0.0191 0.8683 
     H7496.8  2 0.0342 0.0512 0.1131 0.0418 0.7597 
        UNK4  2 0.4863 0.0896 0.1767 0.1066 0.1408 
        UNK5  2 0.1791 0.0214 0.6455 0.0263 0.1276 
        UNK6  2 0.1667 0.0453 0.4580 0.0774 0.2527 
        UNK7  2 0.2589 0.0140 0.6138 0.0112 0.1021 
        UNK8  2 0.5472 0.0172 0.3515 0.0206 0.0635 
        UNK9  2 0.2682 0.0273 0.5894 0.0488 0.0664 
      H009.1  4 0.0246 0.9377 0.0138 0.0101 0.0139 
      H009.2  4 0.0258 0.8962 0.0115 0.0460 0.0205 
      H009.3  4 0.0226 0.9302 0.0169 0.0175 0.0128 
      H009.4  4 0.0205 0.9217 0.0168 0.0255 0.0156 
      H009.5  4 0.0841 0.8386 0.0253 0.0388 0.0132 
      H009.6  4 0.0793 0.8120 0.0182 0.0131 0.0774 
      H046.4  4 0.4137 0.1342 0.2204 0.1632 0.0686 
      H046.8  4 0.1925 0.4855 0.0603 0.1471 0.1146 
 H076.1_2002  4 0.0113 0.0074 0.0087 0.0090 0.9635 
 H076.1_2003  4 0.0154 0.0095 0.0088 0.0081 0.9583 
 H076.1_2004  4 0.0128 0.0182 0.0109 0.0138 0.9442 
 H076.2_2002  4 0.0088 0.0078 0.0084 0.0097 0.9654 
 H076.2_2003  4 0.0142 0.0112 0.0090 0.0097 0.9559 
 H076.2_2004  4 0.0166 0.0656 0.0193 0.0484 0.8501 
 H076.3_2002  4 0.0157 0.6481 0.0224 0.1184 0.1954 
 H076.3_2003  4 0.0164 0.0102 0.0092 0.0104 0.9538 
 H076.3_2004  4 0.0236 0.0349 0.0205 0.0117 0.9093 
 H076.4_2002  4 0.0244 0.3648 0.0372 0.0710 0.5026 
 H076.4_2003  4 0.0178 0.0176 0.0086 0.0177 0.9383 
 H076.4_2004  4 0.0200 0.2030 0.0240 0.1271 0.6259 
 H076.5_2002  4 0.0101 0.0193 0.0146 0.0113 0.9447 
 H076.5_2003  4 0.0555 0.0153 0.0115 0.0178 0.8999 
 H076.5_2004  4 0.0246 0.2762 0.0431 0.0314 0.6247 
 H076.6_2002  4 0.0338 0.0408 0.0261 0.0169 0.8823 
 H076.6_2003  4 0.0180 0.0096 0.0078 0.0088 0.9558 
 H076.6_2004  4 0.0153 0.0843 0.0150 0.0326 0.8527 
 H076.7_2002  4 0.0499 0.6387 0.0360 0.1605 0.1148 
 H076.7_2003  4 0.0356 0.0215 0.0135 0.0267 0.9027 
 H076.7_2004  4 0.0170 0.1133 0.0168 0.0589 0.7940 
      H477.1  4 0.0187 0.0276 0.0232 0.8470 0.0835 
      H477.2  4 0.0130 0.0242 0.0329 0.9048 0.0251 
      H477.3  4 0.0166 0.0168 0.0311 0.9205 0.0151 
      H477.4  4 0.0677 0.0174 0.0202 0.8657 0.0290 
      H477.5  4 0.0403 0.0445 0.0266 0.8664 0.0221 
      H477.6  4 0.0279 0.0259 0.0395 0.8944 0.0123 
      H477.7  4 0.1021 0.0129 0.0117 0.8040 0.0693 
 H479.1_2005  4 0.0154 0.0240 0.6982 0.2498 0.0125 
 H479.1_2006  4 0.1247 0.2288 0.1734 0.4173 0.0558 
     H479.10  4 0.0349 0.0692 0.1747 0.6838 0.0373 
 H479.2_2005  4 0.0576 0.0572 0.7609 0.0792 0.0451 
 H479.2_2006  4 0.0300 0.0559 0.2966 0.6052 0.0123 
 H479.3_2005  4 0.0101 0.0456 0.4098 0.4933 0.0411 
 H479.3_2006  4 0.0106 0.1112 0.1722 0.6360 0.0700 
 H479.4_2005  4 0.0226 0.0511 0.1115 0.7968 0.0180 
 H479.4_2006  4 0.0156 0.0168 0.3384 0.5997 0.0295 
 H479.5_2005  4 0.0419 0.0563 0.7070 0.1504 0.0444 
 H479.5_2006  4 0.0105 0.0449 0.1543 0.7658 0.0245 
 H479.6_2005  4 0.0269 0.0667 0.0969 0.7565 0.0530 
 H479.6_2006  4 0.0154 0.0133 0.7953 0.1515 0.0245 
 H479.7_2005  4 0.0237 0.0420 0.5628 0.3151 0.0564 
 H479.7_2006  4 0.0273 0.0195 0.1651 0.7473 0.0408 
 H479.8_2005  4 0.0090 0.0213 0.6694 0.2678 0.0324 
 H479.8_2006  4 0.0414 0.0313 0.0175 0.8852 0.0246 
      H479.9  4 0.0095 0.0975 0.0246 0.8499 0.0185 
      H516.1  4 0.0560 0.7038 0.0235 0.1582 0.0585 
      H516.2  4 0.0262 0.0244 0.0151 0.9216 0.0127 
      H516.3  4 0.0932 0.0486 0.0185 0.8191 0.0206 
      H516.4  4 0.0404 0.0933 0.0199 0.8261 0.0203 
      H516.5  4 0.0905 0.4423 0.0121 0.4078 0.0474 
      H516.6  4 0.0274 0.0142 0.0137 0.9356 0.0090 
      H516.7  4 0.0172 0.0629 0.0395 0.8496 0.0308 
      H516.8  4 0.0625 0.5952 0.0136 0.3046 0.0242 
      H516.9  4 0.0196 0.0565 0.0272 0.8746 0.0220 
      H646.1  4 0.0126 0.4587 0.0533 0.2793 0.1961 
      H646.2  4 0.0094 0.5785 0.0148 0.1936 0.2038 
      H646.3  4 0.0097 0.9284 0.0140 0.0369 0.0110 
      H646.4  4 0.0144 0.2907 0.0164 0.1018 0.5767 
      H646.5  4 0.0156 0.7288 0.0131 0.1675 0.0751 
      H658.1  4 0.2420 0.3905 0.0244 0.3214 0.0217 
     H658.10  4 0.0158 0.4075 0.0119 0.5430 0.0218 
      H658.2  4 0.1217 0.4558 0.0284 0.2996 0.0945 
      H658.3  4 0.0277 0.2736 0.0529 0.6120 0.0338 
      H658.4  4 0.0174 0.1679 0.0356 0.7547 0.0244 
      H658.5  4 0.0115 0.0607 0.0195 0.8978 0.0105 
      H658.6  4 0.0176 0.6798 0.0141 0.2685 0.0199 
      H658.7  4 0.0183 0.7896 0.0163 0.1301 0.0457 
      H658.8  4 0.0376 0.8778 0.0084 0.0426 0.0336 
      H658.9  4 0.0310 0.3234 0.0381 0.5461 0.0613 
      H682.1  4 0.0333 0.0688 0.5003 0.2100 0.1877 
      H682.6  4 0.1939 0.2387 0.3197 0.1345 0.1132 
      H720.1  4 0.0134 0.0285 0.0519 0.2572 0.6490 
      H720.2  4 0.0140 0.0649 0.0541 0.4897 0.3773 
      H720.3  4 0.0226 0.0624 0.0501 0.3549 0.5099 
      H720.4  4 0.0260 0.0875 0.0419 0.7723 0.0723 
      H720.5  4 0.1084 0.0467 0.0502 0.3430 0.4517 
      H720.6  4 0.1004 0.0553 0.0709 0.3908 0.3827 
      H720.7  4 0.0146 0.0233 0.2257 0.7055 0.0309 
      H720.8  4 0.0153 0.0687 0.2216 0.1921 0.5024 
      H720.9  4 0.0435 0.1088 0.5739 0.1681 0.1058 
      H724.1  4 0.0306 0.0393 0.0272 0.0200 0.8828 
      H724.2  4 0.0242 0.0350 0.0285 0.0280 0.8842 
      H724.3  4 0.0191 0.2782 0.0682 0.5493 0.0852 
      H724.4  4 0.0150 0.2293 0.0467 0.2150 0.4940 
      H724.5  4 0.0110 0.3421 0.1788 0.3894 0.0786 
      H724.6  4 0.0425 0.0337 0.0225 0.0186 0.8828 
      H725.1  4 0.0440 0.1038 0.5728 0.1644 0.1150 
      H725.2  4 0.0882 0.0974 0.2641 0.5052 0.0451 
      H725.3  4 0.0859 0.0373 0.1232 0.7318 0.0218 
      H725.4  4 0.3356 0.0814 0.3522 0.0429 0.1878 
      H725.5  4 0.0296 0.0452 0.0956 0.2799 0.5496 
      H725.6  4 0.1010 0.3551 0.0337 0.4189 0.0912 
      H725.7  4 0.0792 0.2057 0.4195 0.2505 0.0452 
      H725.8  4 0.2173 0.0805 0.0309 0.6025 0.0688 
      H726.1  4 0.0239 0.8852 0.0090 0.0688 0.0132 
      H726.2  4 0.0137 0.6942 0.0237 0.2435 0.0249 
      H726.3  4 0.0303 0.9177 0.0121 0.0232 0.0167 
      H726.4  4 0.0336 0.1899 0.0179 0.7475 0.0112 
      H726.5  4 0.0165 0.7457 0.0177 0.2070 0.0132 
        UNK1  4 0.0274 0.2557 0.0974 0.5871 0.0323 
        UNK2  4 0.0478 0.3106 0.3031 0.2734 0.0649 
        UNK3  4 0.0147 0.7139 0.0823 0.1629 0.0263 
      H016.1  5 0.5551 0.1128 0.0925 0.1686 0.0709 
      H016.2  5 0.3239 0.0331 0.5573 0.0571 0.0286 
      H016.3  5 0.3152 0.3079 0.0239 0.1965 0.1565 
      H016.4  5 0.3110 0.0210 0.5384 0.0883 0.0412 
 H017.1_2002  5 0.0424 0.8117 0.0172 0.0549 0.0738 
 H017.1_2003  5 0.1583 0.0183 0.0168 0.7449 0.0617 
 H017.2_2002  5 0.1087 0.3769 0.0369 0.0510 0.4265 
 H017.2_2003  5 0.0139 0.0182 0.0158 0.9334 0.0188 
 H017.3_2002  5 0.3772 0.3628 0.0415 0.1744 0.0441 
 H017.3_2003  5 0.4373 0.2732 0.0235 0.0776 0.1884 
 H017.4_2002  5 0.5853 0.1672 0.0900 0.0328 0.1247 
 H017.4_2003  5 0.0868 0.0356 0.0171 0.8465 0.0140 
 H017.5_2002  5 0.9280 0.0207 0.0104 0.0233 0.0176 
 H017.5_2003  5 0.1543 0.0816 0.0251 0.7228 0.0163 
 H017.6_2002  5 0.1496 0.2344 0.0468 0.0169 0.5523 
 H017.6_2003  5 0.0458 0.1859 0.0241 0.6193 0.1249 
 H017.7_2002  5 0.3807 0.2415 0.1233 0.0454 0.2091 
 H017.7_2003  5 0.0254 0.0191 0.0141 0.9292 0.0122 
      H017.8  5 0.5640 0.1662 0.0327 0.0930 0.1441 
      H017.9  5 0.2327 0.4723 0.1647 0.0489 0.0815 
      H032.1  5 0.0212 0.0284 0.0119 0.9204 0.0181 
      H032.2  5 0.0185 0.0144 0.0109 0.9462 0.0100 
      H032.3  5 0.0198 0.0147 0.0202 0.9278 0.0175 
      H032.4  5 0.0780 0.0631 0.0222 0.8190 0.0176 
      H032.5  5 0.0170 0.1847 0.0113 0.7601 0.0269 
      H032.6  5 0.0206 0.2957 0.0102 0.6485 0.0250 
      H032.7  5 0.0361 0.0328 0.0122 0.8679 0.0509 
 H034.1_2002  5 0.0240 0.9128 0.0177 0.0136 0.0319 
 H034.1_2003  5 0.1937 0.4253 0.0298 0.0424 0.3087 
 H034.2_2002  5 0.3227 0.5680 0.0617 0.0260 0.0217 
 H034.2_2003  5 0.0851 0.6004 0.0658 0.0510 0.1977 
 H034.3_2002  5 0.0491 0.8817 0.0354 0.0144 0.0194 
 H034.3_2003  5 0.1666 0.6214 0.0291 0.0408 0.1420 
 H034.4_2002  5 0.1202 0.2487 0.0628 0.0190 0.5492 
 H034.4_2003  5 0.5640 0.2851 0.0120 0.0642 0.0747 
 H034.5_2002  5 0.0284 0.9265 0.0097 0.0158 0.0196 
 H034.5_2003  5 0.3614 0.4506 0.0222 0.1114 0.0544 
 H034.6_2002  5 0.2185 0.6935 0.0521 0.0157 0.0201 
 H034.6_2003  5 0.7595 0.1362 0.0157 0.0644 0.0242 
 H034.7_2002  5 0.0554 0.8632 0.0319 0.0243 0.0252 
 H034.7_2003  5 0.7274 0.1658 0.0198 0.0702 0.0169 
 H034.8_2002  5 0.2472 0.5603 0.0272 0.0192 0.1461 
 H034.8_2003  5 0.3670 0.5613 0.0137 0.0302 0.0278 
      H034.9  5 0.0395 0.8342 0.0743 0.0251 0.0268 
      H048.1  5 0.0113 0.0252 0.0286 0.9187 0.0163 
      H048.2  5 0.0407 0.0410 0.2871 0.3631 0.2681 
      H048.3  5 0.0179 0.0364 0.0492 0.2000 0.6965 
      H048.4  5 0.0241 0.0220 0.1860 0.2183 0.5496 
      H048.5  5 0.0092 0.0295 0.0895 0.8550 0.0168 
      H048.6  5 0.0165 0.0242 0.1761 0.1706 0.6127 
      H048.7  5 0.0239 0.0260 0.0564 0.8568 0.0370 
      H048.8  5 0.0344 0.0385 0.0677 0.5961 0.2633 
      H060.1  5 0.9243 0.0171 0.0300 0.0138 0.0148 
     H060.10  5 0.9455 0.0173 0.0103 0.0132 0.0136 
      H060.2  5 0.9034 0.0208 0.0204 0.0152 0.0402 
      H060.3  5 0.9082 0.0480 0.0116 0.0143 0.0178 
      H060.4  5 0.9071 0.0162 0.0191 0.0333 0.0243 
      H060.5  5 0.9107 0.0257 0.0216 0.0251 0.0169 
      H060.6  5 0.9311 0.0207 0.0134 0.0206 0.0143 
      H060.7  5 0.7222 0.0667 0.0367 0.0251 0.1492 
      H060.8  5 0.8525 0.0381 0.0278 0.0277 0.0539 
      H060.9  5 0.9190 0.0240 0.0130 0.0295 0.0146 
