      H105.1  1 0.0081 0.0139 0.0092 0.0099 0.8411 0.0066 0.0294 0.0195 0.0086 0.0075 0.0090 0.0145 0.0158 0.0070 
      H105.2  1 0.0273 0.0365 0.0320 0.0203 0.7091 0.0270 0.0106 0.0175 0.0126 0.0128 0.0128 0.0114 0.0494 0.0206 
      H105.3  1 0.0104 0.0115 0.0059 0.0192 0.8605 0.0073 0.0071 0.0085 0.0095 0.0063 0.0122 0.0144 0.0128 0.0143 
      H105.4  1 0.0255 0.0235 0.0244 0.0117 0.7256 0.0122 0.0077 0.0479 0.0121 0.0062 0.0296 0.0269 0.0150 0.0316 
      H105.5  1 0.0791 0.0321 0.0354 0.0485 0.1668 0.1007 0.0662 0.0680 0.0103 0.0114 0.1035 0.1186 0.0497 0.1095 
      H105.6  1 0.0086 0.0076 0.0067 0.0102 0.8578 0.0061 0.0042 0.0171 0.0107 0.0048 0.0198 0.0236 0.0067 0.0160 
      H105.7  1 0.0061 0.0067 0.0176 0.0073 0.8667 0.0081 0.0153 0.0161 0.0203 0.0053 0.0056 0.0083 0.0073 0.0094 
      H105.8  1 0.0108 0.0176 0.0076 0.0110 0.8594 0.0048 0.0057 0.0085 0.0261 0.0083 0.0102 0.0058 0.0140 0.0100 
      H115.1  1 0.0408 0.0359 0.0199 0.1067 0.0223 0.0103 0.0295 0.0147 0.0371 0.0124 0.5790 0.0591 0.0159 0.0163 
      H115.2  1 0.0791 0.0141 0.0086 0.0191 0.0179 0.0180 0.0267 0.0068 0.0106 0.0152 0.7458 0.0100 0.0103 0.0177 
      H115.3  1 0.0570 0.0078 0.0082 0.0065 0.0147 0.0129 0.0222 0.0097 0.0068 0.0063 0.8092 0.0132 0.0135 0.0119 
      H115.4  1 0.3914 0.0258 0.0131 0.2874 0.0117 0.0401 0.0746 0.0184 0.0075 0.0086 0.0375 0.0327 0.0437 0.0074 
      H115.5  1 0.0282 0.0125 0.0161 0.0254 0.0298 0.0262 0.0276 0.0220 0.0309 0.0531 0.4851 0.0269 0.2056 0.0105 
      H115.6  1 0.0541 0.0081 0.0298 0.0199 0.0117 0.0743 0.0222 0.0103 0.0153 0.0156 0.6666 0.0221 0.0221 0.0280 
      H115.7  1 0.1108 0.0261 0.0572 0.0491 0.0132 0.2004 0.0400 0.0153 0.0077 0.0078 0.2955 0.0453 0.0774 0.0541 
      H115.8  1 0.0245 0.0118 0.0134 0.0157 0.0212 0.0178 0.0171 0.0106 0.0427 0.0672 0.7075 0.0154 0.0239 0.0112 
      H115.9  1 0.0087 0.0072 0.0066 0.0185 0.0053 0.0059 0.0101 0.0110 0.0182 0.0055 0.8766 0.0116 0.0060 0.0087 
      H145.1  1 0.0062 0.0061 0.0047 0.0099 0.0058 0.0088 0.0065 0.8633 0.0057 0.0395 0.0074 0.0155 0.0031 0.0173 
      H145.2  1 0.0079 0.0079 0.0057 0.0082 0.0077 0.0075 0.0068 0.8657 0.0066 0.0347 0.0094 0.0180 0.0036 0.0103 
      H145.3  1 0.0091 0.0050 0.0075 0.0047 0.0050 0.0068 0.0058 0.8356 0.0193 0.0576 0.0060 0.0055 0.0192 0.0129 
      H145.4  1 0.0057 0.0073 0.0048 0.0060 0.0066 0.0100 0.0076 0.8786 0.0066 0.0204 0.0045 0.0254 0.0052 0.0112 
      H145.5  1 0.0098 0.0068 0.0060 0.0074 0.0042 0.0204 0.0078 0.5755 0.0117 0.2795 0.0051 0.0133 0.0143 0.0382 
      H145.6  1 0.0067 0.0049 0.0074 0.0092 0.0049 0.0086 0.0072 0.8885 0.0059 0.0214 0.0082 0.0120 0.0084 0.0066 
      H145.7  1 0.0078 0.0051 0.0064 0.0070 0.0062 0.0102 0.0070 0.8850 0.0090 0.0083 0.0052 0.0142 0.0203 0.0084 
      H149.1  1 0.0037 0.0047 0.0042 0.0055 0.0037 0.0047 0.0047 0.0049 0.0051 0.0060 0.0055 0.9380 0.0039 0.0053 
      H149.2  1 0.0046 0.0040 0.0062 0.0053 0.0048 0.0066 0.0090 0.0078 0.0044 0.0034 0.0051 0.9241 0.0052 0.0095 
      H149.3  1 0.0054 0.0102 0.0155 0.0054 0.0094 0.0237 0.0166 0.0182 0.0091 0.0050 0.0081 0.8478 0.0099 0.0156 
      H149.4  1 0.0089 0.0102 0.0090 0.0061 0.0094 0.0063 0.0094 0.0076 0.0061 0.0074 0.0066 0.9007 0.0052 0.0070 
      H149.5  1 0.0083 0.0144 0.0245 0.0074 0.0129 0.0188 0.0468 0.0189 0.0073 0.0053 0.0046 0.8141 0.0093 0.0075 
      H149.6  1 0.0048 0.0050 0.0111 0.0062 0.0053 0.0102 0.0086 0.0094 0.0034 0.0052 0.0038 0.9142 0.0052 0.0077 
      H149.7  1 0.0132 0.0422 0.0388 0.0079 0.0198 0.0198 0.0220 0.0099 0.0105 0.0100 0.0062 0.7826 0.0077 0.0095 
      H150.1  1 0.0539 0.0064 0.0050 0.0076 0.0247 0.0154 0.0064 0.0078 0.0190 0.0147 0.8141 0.0047 0.0099 0.0104 
      H150.2  1 0.1078 0.0081 0.0204 0.0396 0.0197 0.0207 0.0170 0.0047 0.0062 0.0420 0.6651 0.0163 0.0131 0.0194 
      H150.3  1 0.0430 0.0098 0.0268 0.0341 0.0176 0.0488 0.0103 0.0148 0.0208 0.0229 0.6873 0.0085 0.0212 0.0341 
      H150.4  1 0.0080 0.0046 0.0108 0.0142 0.0075 0.0160 0.0074 0.0124 0.0098 0.0190 0.8647 0.0047 0.0126 0.0083 
      H150.5  1 0.2124 0.0134 0.0178 0.0129 0.0403 0.0311 0.0470 0.0097 0.0080 0.0086 0.5453 0.0124 0.0173 0.0237 
      H150.6  1 0.5277 0.0133 0.0183 0.0187 0.1368 0.0575 0.0413 0.0057 0.0059 0.0139 0.0804 0.0115 0.0425 0.0265 
      H150.7  1 0.0105 0.0047 0.0048 0.0092 0.0085 0.0097 0.0044 0.0091 0.0094 0.0095 0.8930 0.0040 0.0063 0.0169 
   H169607.1  1 0.0540 0.1864 0.0799 0.2777 0.0119 0.0172 0.0180 0.0641 0.0203 0.0212 0.0444 0.0089 0.0341 0.1618 
   H169607.2  1 0.0997 0.0359 0.0216 0.0347 0.0097 0.0119 0.0176 0.2828 0.0626 0.0051 0.0328 0.0141 0.0096 0.3619 
   H169607.3  1 0.0435 0.0924 0.1655 0.0474 0.0122 0.0191 0.0854 0.2646 0.0590 0.0128 0.0238 0.0149 0.0277 0.1318 
   H169607.4  1 0.0107 0.0131 0.0105 0.0090 0.0079 0.0065 0.0071 0.0808 0.0086 0.0067 0.0098 0.0068 0.0056 0.8170 
   H169607.5  1 0.3316 0.0105 0.0138 0.0234 0.0084 0.0121 0.1033 0.1563 0.1007 0.0096 0.0476 0.0310 0.0106 0.1410 
   H169607.6  1 0.0613 0.0511 0.0213 0.0329 0.0094 0.0073 0.0133 0.3301 0.0476 0.0045 0.0160 0.0103 0.0195 0.3753 
   H169607.7  1 0.4043 0.1509 0.0131 0.0597 0.0214 0.0098 0.0178 0.1510 0.0663 0.0063 0.0324 0.0129 0.0159 0.0381 
   H169607.8  1 0.0134 0.0325 0.0166 0.0147 0.0046 0.0065 0.0111 0.2361 0.0341 0.0058 0.0111 0.0072 0.0092 0.5969 
   H169633.1  1 0.0064 0.0111 0.0119 0.0374 0.0196 0.0262 0.0115 0.0156 0.0100 0.0423 0.0270 0.7123 0.0549 0.0137 
   H169633.2  1 0.0123 0.0195 0.0428 0.0590 0.0268 0.0244 0.0052 0.0064 0.0265 0.0137 0.0054 0.7227 0.0255 0.0096 
   H169633.3  1 0.0064 0.0082 0.0066 0.0127 0.0166 0.0297 0.0104 0.0055 0.0127 0.0068 0.0075 0.8606 0.0094 0.0068 
   H169633.4  1 0.0069 0.0065 0.0049 0.0064 0.0144 0.0191 0.0185 0.0097 0.0077 0.0249 0.0107 0.8313 0.0221 0.0168 
   H169633.5  1 0.0074 0.0078 0.0039 0.0088 0.0158 0.0140 0.0221 0.0088 0.0072 0.0228 0.0155 0.8363 0.0166 0.0130 
   H169688.1  1 0.0208 0.0496 0.4421 0.0212 0.0055 0.0068 0.0055 0.1898 0.0106 0.0057 0.0119 0.0289 0.1763 0.0254 
   H169688.2  1 0.1112 0.0845 0.5472 0.0062 0.0171 0.0064 0.0106 0.0234 0.0150 0.0243 0.0291 0.0115 0.1063 0.0073 
   H169688.3  1 0.1973 0.0850 0.4588 0.0252 0.0098 0.0102 0.0158 0.0504 0.0069 0.0076 0.0360 0.0237 0.0615 0.0117 
   H169688.4  1 0.1802 0.0252 0.1131 0.0102 0.0104 0.0072 0.0146 0.0194 0.0092 0.0266 0.5074 0.0142 0.0507 0.0116 
   H169688.5  1 0.1556 0.0294 0.1185 0.0092 0.0100 0.0056 0.0177 0.0225 0.0103 0.0222 0.5133 0.0175 0.0537 0.0146 
   H169688.6  1 0.1163 0.1235 0.3325 0.0123 0.0319 0.0049 0.0122 0.0698 0.0075 0.0864 0.0635 0.0456 0.0866 0.0070 
   H169688.7  1 0.3683 0.1115 0.1795 0.0454 0.0102 0.0140 0.0132 0.0962 0.0127 0.0128 0.0421 0.0208 0.0597 0.0136 
   H171901.1  1 0.1238 0.0125 0.2871 0.0165 0.0320 0.1780 0.0143 0.0412 0.0147 0.0873 0.1036 0.0112 0.0295 0.0482 
   H171901.2  1 0.0157 0.0086 0.0064 0.0061 0.0163 0.0129 0.0118 0.0271 0.0133 0.0077 0.0312 0.7801 0.0096 0.0530 
   H171901.3  1 0.0253 0.0113 0.0304 0.0069 0.0072 0.0127 0.0125 0.0082 0.0098 0.0095 0.0230 0.7861 0.0205 0.0365 
   H171901.4  1 0.0411 0.0115 0.0131 0.0110 0.0440 0.0060 0.0114 0.0123 0.0108 0.0078 0.0164 0.7591 0.0134 0.0421 
   H171901.5  1 0.0332 0.0192 0.0147 0.0087 0.0204 0.0091 0.0142 0.0080 0.0113 0.0073 0.0110 0.6385 0.0071 0.1973 
   H171901.6  1 0.0435 0.0191 0.0327 0.0123 0.0288 0.0166 0.0096 0.0180 0.0086 0.0065 0.0257 0.4483 0.0058 0.3244 
   H171901.7  1 0.0430 0.0145 0.0150 0.0058 0.0116 0.0173 0.0147 0.0111 0.0178 0.0080 0.0192 0.7892 0.0091 0.0237 
   H171902.1  1 0.0109 0.0281 0.0069 0.0184 0.0063 0.0080 0.0048 0.0146 0.0118 0.0618 0.0150 0.0089 0.0106 0.7940 
  H171902.10  1 0.0106 0.0523 0.0064 0.0071 0.0048 0.0080 0.0044 0.0113 0.0051 0.0130 0.0092 0.0121 0.0093 0.8465 
   H171902.2  1 0.0163 0.1577 0.0471 0.0223 0.0252 0.0089 0.0066 0.0104 0.0738 0.0605 0.0232 0.0165 0.1095 0.4218 
   H171902.3  1 0.0169 0.1254 0.0142 0.0227 0.0093 0.0113 0.0052 0.0152 0.0127 0.0129 0.0249 0.0371 0.0149 0.6774 
   H171902.4  1 0.0047 0.0096 0.0079 0.0112 0.0097 0.0110 0.0048 0.0101 0.0119 0.0314 0.0149 0.0535 0.0073 0.8118 
   H171902.6  1 0.0060 0.0415 0.0049 0.0076 0.0038 0.0085 0.0043 0.0111 0.0051 0.0102 0.0086 0.0140 0.0078 0.8666 
   H171902.7  1 0.0128 0.0098 0.0056 0.0062 0.0048 0.0083 0.0051 0.0076 0.0053 0.0383 0.0062 0.0114 0.0034 0.8750 
   H171902.8  1 0.0116 0.0710 0.0102 0.0081 0.0048 0.0106 0.0061 0.0118 0.0064 0.0204 0.0121 0.0132 0.0097 0.8040 
   H171902.9  1 0.0087 0.0073 0.0081 0.0102 0.0092 0.0095 0.0052 0.0114 0.0124 0.0437 0.0590 0.0086 0.0068 0.7999 
   H171903.1  1 0.2317 0.0079 0.0205 0.0254 0.0204 0.0105 0.0316 0.5499 0.0309 0.0052 0.0219 0.0170 0.0079 0.0192 
   H171903.2  1 0.1797 0.0190 0.0167 0.0239 0.0324 0.0087 0.0803 0.4705 0.0653 0.0129 0.0404 0.0174 0.0071 0.0257 
   H171903.3  1 0.3079 0.0144 0.0288 0.0503 0.0188 0.0248 0.2090 0.0791 0.0335 0.0303 0.0197 0.1098 0.0086 0.0649 
   H171903.4  1 0.0569 0.0109 0.5369 0.0101 0.0140 0.0436 0.0143 0.0703 0.0083 0.0080 0.0238 0.0119 0.0190 0.1721 
   H171903.5  1 0.3377 0.0495 0.0356 0.0712 0.0218 0.0146 0.2341 0.0515 0.0320 0.0155 0.0371 0.0629 0.0179 0.0188 
   H171903.6  1 0.4787 0.0285 0.0487 0.0085 0.0085 0.0066 0.0875 0.1217 0.0163 0.0050 0.0337 0.0894 0.0122 0.0548 
      H177.1  1 0.0331 0.0303 0.2257 0.0075 0.0060 0.0115 0.0094 0.0138 0.0075 0.0116 0.0231 0.5344 0.0055 0.0807 
      H177.2  1 0.0845 0.2999 0.0154 0.0160 0.0077 0.0179 0.0998 0.0628 0.0931 0.0207 0.0196 0.1555 0.0210 0.0863 
      H177.3  1 0.0523 0.1288 0.0128 0.0085 0.0077 0.0459 0.0365 0.0417 0.0123 0.0202 0.0384 0.4896 0.0058 0.0995 
      H177.4  1 0.0128 0.0610 0.2164 0.0060 0.0180 0.0103 0.0192 0.0335 0.0086 0.0093 0.0073 0.5625 0.0043 0.0306 
      H177.5  1 0.0386 0.0190 0.6452 0.0053 0.0406 0.0161 0.0856 0.0199 0.0193 0.0092 0.0129 0.0495 0.0114 0.0275 
      H177.6  1 0.0390 0.0935 0.0110 0.0097 0.0046 0.0322 0.0156 0.0210 0.0112 0.0146 0.0635 0.6158 0.0053 0.0628 
      H179.1  1 0.0114 0.8070 0.0331 0.0384 0.0178 0.0095 0.0110 0.0042 0.0093 0.0046 0.0127 0.0136 0.0091 0.0182 
      H179.2  1 0.0340 0.7190 0.0234 0.0974 0.0113 0.0177 0.0206 0.0068 0.0168 0.0054 0.0098 0.0150 0.0048 0.0181 
      H179.3  1 0.0412 0.5756 0.1452 0.0373 0.0165 0.0101 0.0347 0.0152 0.0398 0.0068 0.0250 0.0110 0.0258 0.0156 
      H179.4  1 0.0378 0.4672 0.0299 0.0232 0.0144 0.0096 0.0173 0.0170 0.0362 0.0063 0.0071 0.2775 0.0253 0.0312 
      H180.1  1 0.8398 0.0189 0.0092 0.0127 0.0119 0.0085 0.0115 0.0048 0.0053 0.0162 0.0130 0.0072 0.0345 0.0064 
      H180.2  1 0.7895 0.0134 0.0119 0.0068 0.0303 0.0065 0.0058 0.0069 0.0062 0.0199 0.0236 0.0149 0.0551 0.0093 
      H180.3  1 0.5431 0.0054 0.0076 0.0540 0.0148 0.0100 0.0294 0.0161 0.0640 0.0356 0.1910 0.0101 0.0131 0.0058 
      H180.4  1 0.5749 0.0380 0.0179 0.0123 0.1392 0.0392 0.0196 0.0088 0.0275 0.0271 0.0176 0.0241 0.0431 0.0107 
      H180.5  1 0.7148 0.0226 0.0265 0.0114 0.0281 0.0218 0.0239 0.0124 0.0267 0.0355 0.0228 0.0135 0.0305 0.0094 
      H180.6  1 0.1047 0.0097 0.0101 0.0127 0.0207 0.0599 0.0073 0.0454 0.5819 0.0507 0.0289 0.0175 0.0389 0.0116 
      H181.1  1 0.0144 0.1479 0.0100 0.0098 0.0105 0.0131 0.1431 0.0450 0.0102 0.0173 0.0095 0.2417 0.2871 0.0404 
      H181.2  1 0.0165 0.5221 0.0207 0.0166 0.0149 0.0339 0.0213 0.0442 0.0092 0.0155 0.0127 0.0979 0.1206 0.0538 
      H181.3  1 0.0081 0.6659 0.0318 0.0054 0.0077 0.0156 0.0150 0.0196 0.0102 0.0140 0.0078 0.0397 0.1184 0.0407 
      H181.4  1 0.0577 0.0762 0.0307 0.0103 0.0138 0.0359 0.3221 0.0370 0.0163 0.0045 0.0676 0.2028 0.0838 0.0414 
      H181.5  1 0.0049 0.7714 0.0248 0.0172 0.0128 0.0265 0.0159 0.0067 0.0098 0.0173 0.0048 0.0199 0.0558 0.0123 
      H181.6  1 0.0263 0.6618 0.0296 0.0604 0.0358 0.0223 0.0195 0.0159 0.0108 0.0069 0.0259 0.0370 0.0161 0.0318 
      H181.7  1 0.0142 0.8011 0.0109 0.0146 0.0171 0.0097 0.0187 0.0141 0.0169 0.0096 0.0129 0.0329 0.0147 0.0126 
 H194.1_2004  1 0.0939 0.0054 0.0198 0.0135 0.0126 0.0760 0.0153 0.5349 0.0224 0.0072 0.0216 0.1501 0.0060 0.0212 
 H194.2_2004  1 0.0312 0.0074 0.2635 0.0071 0.0054 0.1035 0.0143 0.4397 0.0087 0.0338 0.0095 0.0376 0.0079 0.0305 
 H194.3_2004  1 0.0075 0.0092 0.0188 0.0079 0.0086 0.0264 0.0071 0.0803 0.0089 0.0086 0.0056 0.7867 0.0050 0.0195 
 H194.4_2004  1 0.0111 0.0104 0.1888 0.0099 0.0094 0.0199 0.0068 0.4367 0.0112 0.0317 0.0086 0.2099 0.0077 0.0378 
 H194.5_2004  1 0.0103 0.0101 0.0213 0.0104 0.0160 0.0268 0.0095 0.0816 0.0195 0.0065 0.0119 0.7346 0.0073 0.0344 
 H194.6_2004  1 0.0111 0.0098 0.2008 0.0095 0.0075 0.0351 0.0084 0.0271 0.0113 0.0076 0.0119 0.6196 0.0081 0.0321 
 H194.7_2004  1 0.0222 0.0059 0.0337 0.0089 0.0150 0.0558 0.0201 0.6194 0.0919 0.0094 0.0106 0.0816 0.0139 0.0117 
 H194.8_2004  1 0.0138 0.0104 0.2704 0.0121 0.0143 0.0657 0.0137 0.1116 0.0192 0.0154 0.0140 0.3919 0.0107 0.0369 
      H194.9  1 0.0173 0.0061 0.0337 0.0104 0.0187 0.0939 0.0214 0.4925 0.1340 0.0190 0.0183 0.1040 0.0132 0.0173 
 H195.1_2003  1 0.0372 0.0111 0.0780 0.0184 0.5633 0.0335 0.0089 0.0922 0.0075 0.0055 0.0112 0.0605 0.0144 0.0582 
 H195.1_2004  1 0.0163 0.0628 0.0091 0.0069 0.0140 0.0856 0.0138 0.6154 0.0059 0.0463 0.0108 0.0523 0.0358 0.0250 
 H195.2_2003  1 0.0345 0.0133 0.0625 0.0164 0.0723 0.0098 0.0068 0.6161 0.0265 0.0117 0.0300 0.0166 0.0115 0.0719 
 H195.2_2004  1 0.0117 0.0110 0.0114 0.0090 0.0155 0.0154 0.0075 0.8224 0.0139 0.0331 0.0057 0.0205 0.0148 0.0079 
 H195.3_2003  1 0.0580 0.0181 0.0819 0.0105 0.3921 0.0176 0.0098 0.2481 0.0178 0.0072 0.0653 0.0096 0.0172 0.0470 
 H195.3_2004  1 0.0074 0.0097 0.0060 0.0069 0.0161 0.0162 0.0072 0.7964 0.0068 0.0146 0.0052 0.0795 0.0114 0.0165 
 H195.4_2003  1 0.0175 0.0129 0.0237 0.0238 0.2320 0.1399 0.0109 0.4073 0.0088 0.0052 0.0106 0.0636 0.0084 0.0353 
 H195.4_2004  1 0.0054 0.0082 0.0117 0.0071 0.0065 0.0076 0.0057 0.8858 0.0129 0.0077 0.0044 0.0109 0.0204 0.0059 
 H195.5_2003  1 0.0261 0.0091 0.0369 0.0095 0.6984 0.0518 0.0084 0.0383 0.0080 0.0051 0.0131 0.0296 0.0235 0.0422 
 H195.5_2004  1 0.0062 0.0158 0.0050 0.0067 0.0141 0.0169 0.0067 0.8295 0.0059 0.0306 0.0073 0.0159 0.0303 0.0091 
 H195.6_2003  1 0.0148 0.0082 0.0094 0.0074 0.1239 0.0090 0.0067 0.7426 0.0074 0.0097 0.0202 0.0083 0.0125 0.0199 
 H195.6_2004  1 0.0080 0.0114 0.0078 0.0085 0.0148 0.0137 0.0047 0.8662 0.0080 0.0217 0.0035 0.0153 0.0076 0.0089 
 H195.7_2003  1 0.0402 0.0189 0.6061 0.0245 0.0348 0.0123 0.0093 0.1606 0.0166 0.0043 0.0082 0.0242 0.0147 0.0254 
 H195.7_2004  1 0.0148 0.0285 0.0067 0.0044 0.0206 0.0263 0.0131 0.6118 0.0065 0.1968 0.0129 0.0143 0.0356 0.0077 
      H195.8  1 0.0081 0.0113 0.0062 0.0064 0.0094 0.0267 0.0096 0.8206 0.0071 0.0143 0.0085 0.0084 0.0569 0.0065 
      H195.9  1 0.0095 0.0092 0.0093 0.0061 0.0101 0.0114 0.0067 0.8705 0.0088 0.0063 0.0044 0.0298 0.0089 0.0089 
      H415.1  1 0.0194 0.0082 0.0186 0.5309 0.0193 0.0229 0.0117 0.0110 0.0305 0.1004 0.1028 0.0931 0.0085 0.0226 
      H415.2  1 0.0460 0.0203 0.0190 0.0930 0.0095 0.0087 0.0132 0.0111 0.0082 0.0194 0.0310 0.1898 0.0034 0.5274 
      H415.3  1 0.0243 0.0267 0.0139 0.7566 0.0105 0.0159 0.0185 0.0048 0.0094 0.0093 0.0070 0.0777 0.0038 0.0216 
      H415.4  1 0.0163 0.0045 0.0100 0.7430 0.0087 0.0232 0.0111 0.0075 0.0228 0.0151 0.0449 0.0693 0.0094 0.0142 
      H415.5  1 0.0309 0.0148 0.0164 0.5576 0.0156 0.0216 0.0138 0.0058 0.0059 0.0129 0.0082 0.2725 0.0042 0.0199 
      H415.6  1 0.0125 0.0042 0.0085 0.7138 0.0116 0.0399 0.0110 0.0075 0.0206 0.0193 0.0518 0.0750 0.0086 0.0158 
      H415.7  1 0.0195 0.0441 0.0184 0.3422 0.0086 0.0182 0.0157 0.0102 0.0080 0.0236 0.0157 0.0575 0.0046 0.4135 
      H506.1  1 0.0050 0.8413 0.0060 0.0194 0.0145 0.0054 0.0103 0.0043 0.0077 0.0088 0.0045 0.0512 0.0139 0.0077 
      H506.2  1 0.0039 0.9032 0.0046 0.0092 0.0051 0.0045 0.0046 0.0060 0.0045 0.0048 0.0046 0.0328 0.0041 0.0080 
      H506.3  1 0.0065 0.8611 0.0099 0.0183 0.0113 0.0066 0.0074 0.0048 0.0098 0.0300 0.0051 0.0140 0.0094 0.0058 
      H506.4  1 0.0066 0.8460 0.0144 0.0249 0.0123 0.0057 0.0124 0.0081 0.0104 0.0159 0.0059 0.0213 0.0100 0.0062 
      H506.5  1 0.0046 0.8793 0.0048 0.0153 0.0073 0.0034 0.0042 0.0054 0.0052 0.0082 0.0054 0.0396 0.0060 0.0111 
      H506.6  1 0.0073 0.8710 0.0141 0.0112 0.0075 0.0050 0.0146 0.0101 0.0096 0.0148 0.0107 0.0067 0.0081 0.0091 
      H506.7  1 0.0040 0.8776 0.0056 0.0089 0.0104 0.0046 0.0043 0.0057 0.0066 0.0059 0.0043 0.0452 0.0081 0.0089 
      H533.1  1 0.0098 0.8608 0.0048 0.0115 0.0096 0.0048 0.0076 0.0039 0.0066 0.0133 0.0041 0.0474 0.0101 0.0057 
      H533.2  1 0.0071 0.8463 0.0041 0.0158 0.0066 0.0049 0.0076 0.0051 0.0064 0.0161 0.0043 0.0617 0.0082 0.0058 
      H533.3  1 0.0234 0.7684 0.0057 0.0135 0.0055 0.0060 0.0447 0.0064 0.0088 0.0097 0.0105 0.0784 0.0085 0.0105 
      H533.4  1 0.0535 0.5224 0.0085 0.0252 0.0095 0.0081 0.0212 0.0290 0.0108 0.0209 0.0123 0.2390 0.0247 0.0149 
      H535.1  1 0.0218 0.0301 0.0175 0.0130 0.0101 0.0350 0.0163 0.0283 0.0118 0.0050 0.0205 0.7400 0.0057 0.0449 
      H535.2  1 0.0102 0.0689 0.0211 0.0063 0.0179 0.0140 0.0223 0.0644 0.0577 0.0042 0.0049 0.6310 0.0626 0.0146 
      H535.3  1 0.0153 0.0574 0.0232 0.0057 0.0708 0.0112 0.0258 0.0418 0.0557 0.0072 0.0146 0.5420 0.1109 0.0185 
      H535.4  1 0.0073 0.0040 0.0057 0.0073 0.0156 0.0084 0.0071 0.0062 0.0055 0.0050 0.0037 0.9079 0.0097 0.0065 
      H535.5  1 0.0134 0.0072 0.0152 0.0086 0.0094 0.0070 0.0104 0.0129 0.0060 0.0035 0.0053 0.8888 0.0063 0.0060 
      H535.6  1 0.0169 0.0420 0.1603 0.0064 0.0062 0.0839 0.0228 0.1303 0.0223 0.0054 0.0213 0.4261 0.0211 0.0350 
      H535.7  1 0.0076 0.0101 0.0110 0.0078 0.0191 0.0050 0.0085 0.0108 0.0101 0.0061 0.0079 0.8853 0.0061 0.0046 
      H535.8  1 0.0092 0.0112 0.1046 0.0060 0.0244 0.0072 0.0085 0.0183 0.0239 0.0068 0.0082 0.7378 0.0275 0.0064 
      H535.9  1 0.0148 0.0218 0.0079 0.0071 0.0493 0.0200 0.0121 0.0272 0.0138 0.0117 0.0357 0.7377 0.0154 0.0257 
      H539.1  1 0.0047 0.0031 0.0031 0.0043 0.0039 0.0046 0.0041 0.0055 0.0054 0.0062 0.9430 0.0032 0.0036 0.0051 
      H539.2  1 0.6617 0.0124 0.0181 0.0197 0.0112 0.0094 0.0127 0.0115 0.0233 0.0150 0.1515 0.0101 0.0263 0.0171 
      H539.3  1 0.0250 0.0096 0.0250 0.0048 0.0107 0.0147 0.0083 0.0672 0.0284 0.0284 0.7384 0.0095 0.0126 0.0174 
      H539.4  1 0.0174 0.0078 0.0070 0.0073 0.0100 0.0041 0.0104 0.0046 0.0083 0.0129 0.8945 0.0049 0.0052 0.0056 
      H539.5  1 0.0086 0.0037 0.0037 0.0052 0.0033 0.0050 0.0047 0.0078 0.0124 0.0069 0.9226 0.0053 0.0040 0.0068 
      H539.6  1 0.0148 0.0041 0.0061 0.0081 0.0044 0.0084 0.0055 0.0076 0.0148 0.0073 0.8984 0.0048 0.0056 0.0101 
      H539.7  1 0.0087 0.0042 0.0069 0.0043 0.0039 0.0068 0.0048 0.0046 0.0040 0.0047 0.9315 0.0043 0.0042 0.0069 
      H539.8  1 0.0221 0.0098 0.0498 0.0086 0.0335 0.0136 0.0160 0.0132 0.0124 0.0542 0.7097 0.0173 0.0229 0.0167 
      H539.9  1 0.0062 0.0045 0.0043 0.0050 0.0061 0.0038 0.0046 0.0056 0.0070 0.0108 0.9289 0.0036 0.0047 0.0049 
      H540.1  1 0.0293 0.0123 0.0080 0.0072 0.0046 0.0069 0.0271 0.0137 0.0088 0.0087 0.8309 0.0132 0.0053 0.0240 
      H540.2  1 0.0102 0.0062 0.0077 0.0060 0.0044 0.0077 0.0108 0.0082 0.0058 0.0050 0.9047 0.0051 0.0032 0.0149 
      H540.3  1 0.0114 0.0151 0.0255 0.0117 0.0078 0.0604 0.0390 0.0069 0.0052 0.1883 0.5480 0.0123 0.0154 0.0529 
      H540.4  1 0.0246 0.0216 0.0147 0.0105 0.0059 0.0210 0.0230 0.0081 0.0063 0.0043 0.8316 0.0077 0.0065 0.0142 
      H540.5  1 0.0099 0.0096 0.0143 0.0081 0.0045 0.0100 0.0162 0.0073 0.0079 0.0182 0.8585 0.0142 0.0088 0.0126 
      H540.6  1 0.0166 0.0219 0.0174 0.0103 0.0051 0.0209 0.0403 0.0152 0.0177 0.0150 0.7494 0.0124 0.0227 0.0349 
      H540.7  1 0.0185 0.0074 0.0053 0.0120 0.0056 0.0068 0.0166 0.0068 0.0105 0.0045 0.8719 0.0121 0.0056 0.0165 
      H540.8  1 0.1526 0.0120 0.0111 0.0074 0.0075 0.0201 0.0451 0.0155 0.0082 0.0096 0.6353 0.0450 0.0035 0.0270 
     H9558.1  1 0.0130 0.0079 0.0072 0.0061 0.0055 0.0075 0.0038 0.0100 0.0045 0.0067 0.9102 0.0040 0.0043 0.0093 
     H9558.2  1 0.0075 0.0101 0.0125 0.0086 0.0100 0.0050 0.0057 0.0093 0.0111 0.0066 0.8914 0.0042 0.0072 0.0108 
     H9558.3  1 0.0059 0.0052 0.0073 0.0138 0.0142 0.0074 0.0096 0.0109 0.0148 0.0116 0.8784 0.0054 0.0077 0.0077 
     H9558.4  1 0.0313 0.0097 0.0077 0.0066 0.0054 0.0045 0.0080 0.0057 0.0049 0.0083 0.8924 0.0054 0.0043 0.0058 
     H9558.5  1 0.0163 0.0068 0.0097 0.0125 0.0102 0.0054 0.0164 0.0037 0.0045 0.0129 0.8831 0.0061 0.0067 0.0058 
     H9558.6  1 0.0072 0.0068 0.0130 0.0079 0.0111 0.0100 0.0459 0.0073 0.0682 0.0121 0.7886 0.0066 0.0044 0.0110 
    kos339.1  1 0.0092 0.0243 0.0094 0.0175 0.0051 0.0047 0.0150 0.0060 0.0174 0.0061 0.0102 0.8325 0.0063 0.0361 
    kos339.2  1 0.0043 0.0103 0.0061 0.0182 0.0065 0.0093 0.0098 0.0066 0.0167 0.0082 0.0082 0.8799 0.0088 0.0070 
    kos339.3  1 0.0056 0.0040 0.0047 0.0099 0.0044 0.0038 0.0064 0.0054 0.0045 0.0042 0.0046 0.9349 0.0036 0.0039 
    kos339.4  1 0.0072 0.0047 0.0060 0.0133 0.0051 0.0054 0.0076 0.0054 0.0078 0.0057 0.0062 0.9138 0.0057 0.0059 
    kos339.5  1 0.0090 0.0070 0.0071 0.0096 0.0075 0.0048 0.0075 0.0050 0.0108 0.0032 0.0087 0.8964 0.0071 0.0162 
    kos339.6  1 0.0038 0.0059 0.0048 0.0101 0.0050 0.0066 0.0108 0.0065 0.0056 0.0079 0.0063 0.9138 0.0050 0.0079 
    kos339.7  1 0.0056 0.0049 0.0059 0.0075 0.0042 0.0041 0.0055 0.0053 0.0063 0.0046 0.0048 0.9327 0.0036 0.0052 
    kos339.8  1 0.0062 0.0073 0.0065 0.0221 0.0064 0.0055 0.0126 0.0036 0.0076 0.0077 0.0048 0.8960 0.0072 0.0066 
    kos339.9  1 0.0084 0.0066 0.0060 0.0095 0.0071 0.0070 0.0059 0.0095 0.0129 0.0062 0.0158 0.8860 0.0060 0.0131 
      H008.1  2 0.0222 0.0113 0.0077 0.0082 0.0208 0.0143 0.0111 0.0066 0.8088 0.0074 0.0464 0.0082 0.0156 0.0114 
      H008.2  2 0.1078 0.0662 0.0229 0.0177 0.2651 0.0119 0.0234 0.0356 0.1259 0.1071 0.0873 0.0236 0.0767 0.0288 
      H008.3  2 0.2333 0.0805 0.0645 0.0226 0.1178 0.0264 0.0372 0.0573 0.0975 0.0763 0.0264 0.0303 0.1109 0.0191 
      H008.4  2 0.0135 0.0112 0.0222 0.0290 0.0198 0.0201 0.0109 0.0148 0.7318 0.0499 0.0266 0.0131 0.0117 0.0254 
      H008.5  2 0.0188 0.0128 0.0441 0.0103 0.0228 0.0123 0.0143 0.0150 0.7830 0.0157 0.0137 0.0172 0.0112 0.0090 
      H008.6  2 0.0391 0.0280 0.0330 0.0274 0.1955 0.0126 0.0243 0.0236 0.3534 0.1521 0.0447 0.0173 0.0080 0.0410 
      H008.7  2 0.0270 0.0386 0.0417 0.0254 0.0930 0.0367 0.0123 0.0140 0.4299 0.1175 0.0389 0.0296 0.0510 0.0446 
      H008.8  2 0.0337 0.0389 0.0106 0.0117 0.0214 0.0100 0.0103 0.0274 0.1661 0.0157 0.5971 0.0114 0.0207 0.0251 
      H008.9  2 0.0463 0.0287 0.0294 0.0118 0.2127 0.0291 0.0184 0.0363 0.0457 0.3772 0.0346 0.0227 0.0161 0.0912 
 H029.1_2002  2 0.0104 0.0162 0.0739 0.0365 0.0063 0.0142 0.0097 0.0048 0.7276 0.0241 0.0324 0.0068 0.0149 0.0224 
 H029.1_2003  2 0.0233 0.0316 0.4785 0.0120 0.0104 0.0118 0.0163 0.0138 0.3297 0.0204 0.0152 0.0168 0.0069 0.0133 
 H029.2_2002  2 0.0082 0.0210 0.0470 0.0073 0.0145 0.0076 0.0083 0.0180 0.6718 0.0336 0.0071 0.1040 0.0326 0.0188 
 H029.2_2003  2 0.0254 0.0496 0.3077 0.0091 0.0119 0.0075 0.0277 0.0223 0.3672 0.0319 0.0101 0.0909 0.0090 0.0298 
 H029.3_2002  2 0.0140 0.1305 0.0505 0.0117 0.0068 0.0077 0.0211 0.0254 0.4272 0.1550 0.0104 0.0882 0.0401 0.0114 
 H029.3_2003  2 0.0075 0.0233 0.1534 0.0076 0.0209 0.0084 0.0114 0.0063 0.7167 0.0086 0.0060 0.0159 0.0072 0.0067 
 H029.4_2002  2 0.0069 0.0116 0.0333 0.0090 0.0061 0.0076 0.0085 0.0063 0.8546 0.0216 0.0059 0.0060 0.0182 0.0042 
 H029.4_2003  2 0.0282 0.0306 0.5416 0.0127 0.0169 0.0073 0.0169 0.0115 0.2321 0.0259 0.0452 0.0086 0.0136 0.0088 
 H029.5_2002  2 0.0054 0.0085 0.0599 0.0131 0.0128 0.0132 0.0069 0.0045 0.8283 0.0075 0.0074 0.0073 0.0140 0.0111 
 H029.5_2003  2 0.0202 0.0141 0.2820 0.0086 0.0128 0.0068 0.0088 0.0065 0.5969 0.0113 0.0095 0.0076 0.0067 0.0081 
 H029.6_2002  2 0.0078 0.0198 0.1862 0.0097 0.0045 0.0087 0.0060 0.0107 0.6646 0.0413 0.0060 0.0077 0.0208 0.0061 
 H029.6_2003  2 0.0217 0.0996 0.0731 0.0069 0.0366 0.0172 0.0263 0.0153 0.5442 0.0099 0.0177 0.0871 0.0142 0.0302 
      H029.7  2 0.0077 0.0138 0.0268 0.0071 0.0074 0.0057 0.0049 0.0253 0.8016 0.0264 0.0070 0.0282 0.0250 0.0130 
      H030.1  2 0.0237 0.0300 0.1536 0.0088 0.0652 0.0192 0.5813 0.0101 0.0392 0.0057 0.0077 0.0131 0.0141 0.0283 
      H030.2  2 0.0206 0.0098 0.0225 0.2099 0.0309 0.0279 0.2560 0.0067 0.1066 0.0662 0.0164 0.0073 0.2029 0.0162 
      H038.1  2 0.0056 0.0069 0.0085 0.0069 0.0045 0.0049 0.0059 0.0096 0.8923 0.0259 0.0101 0.0049 0.0053 0.0088 
      H038.2  2 0.0063 0.0059 0.0100 0.0103 0.0090 0.0136 0.0072 0.0036 0.8920 0.0058 0.0049 0.0145 0.0068 0.0100 
      H038.3  2 0.0100 0.0076 0.0061 0.0243 0.0137 0.0134 0.0513 0.0086 0.7690 0.0405 0.0186 0.0128 0.0090 0.0151 
      H038.4  2 0.0070 0.0068 0.0047 0.0140 0.0137 0.0246 0.0178 0.0086 0.8339 0.0286 0.0117 0.0084 0.0086 0.0116 
      H038.5  2 0.0107 0.0132 0.0088 0.0073 0.0065 0.0100 0.0305 0.0060 0.8337 0.0264 0.0165 0.0111 0.0139 0.0054 
      H038.6  2 0.0089 0.0061 0.0098 0.0073 0.0060 0.0039 0.0083 0.0040 0.9016 0.0117 0.0118 0.0093 0.0046 0.0068 
      H038.7  2 0.0084 0.0079 0.0059 0.0157 0.0098 0.0051 0.0205 0.0040 0.8723 0.0120 0.0144 0.0090 0.0034 0.0117 
      H038.8  2 0.0068 0.0083 0.0045 0.0172 0.0092 0.0151 0.0400 0.0064 0.7508 0.0955 0.0098 0.0134 0.0099 0.0132 
      H041.1  2 0.0125 0.0112 0.1791 0.0216 0.1830 0.0270 0.0194 0.0447 0.3044 0.0375 0.0106 0.0220 0.1125 0.0146 
      H041.2  2 0.0071 0.0088 0.5737 0.0674 0.0928 0.0205 0.0097 0.0096 0.1291 0.0244 0.0086 0.0151 0.0079 0.0253 
      H041.4  2 0.0098 0.0188 0.2956 0.0194 0.0335 0.0274 0.0109 0.0401 0.4271 0.0301 0.0253 0.0147 0.0184 0.0290 
      H041.6  2 0.0089 0.0104 0.2626 0.0694 0.0243 0.0316 0.0152 0.0672 0.3464 0.0171 0.0739 0.0126 0.0211 0.0392 
 H042.1_2002  2 0.0217 0.0059 0.7419 0.0458 0.0062 0.0283 0.0093 0.0172 0.0130 0.0181 0.0493 0.0102 0.0119 0.0212 
 H042.1_2003  2 0.0456 0.0180 0.0521 0.0794 0.2856 0.0346 0.0422 0.0190 0.0670 0.0909 0.1057 0.0195 0.0148 0.1255 
 H042.2_2002  2 0.0214 0.0125 0.5164 0.1684 0.0096 0.0308 0.0076 0.0164 0.1181 0.0475 0.0134 0.0151 0.0133 0.0094 
 H042.2_2003  2 0.0143 0.0083 0.4602 0.0606 0.0356 0.0738 0.0150 0.0229 0.1494 0.0066 0.0718 0.0209 0.0042 0.0565 
 H042.3_2002  2 0.0356 0.0113 0.4813 0.2851 0.0095 0.0381 0.0121 0.0286 0.0102 0.0178 0.0376 0.0162 0.0063 0.0104 
 H042.3_2003  2 0.1003 0.0156 0.2578 0.2705 0.0213 0.0343 0.0197 0.0314 0.0526 0.0343 0.0807 0.0112 0.0523 0.0178 
 H042.4_2002  2 0.0065 0.0059 0.8129 0.0083 0.0089 0.0418 0.0092 0.0075 0.0171 0.0153 0.0138 0.0207 0.0131 0.0189 
 H042.4_2003  2 0.0076 0.0060 0.7497 0.0071 0.0106 0.0126 0.0087 0.0149 0.0498 0.0050 0.0416 0.0084 0.0178 0.0603 
      H042.5  2 0.0075 0.0038 0.9116 0.0056 0.0098 0.0078 0.0054 0.0117 0.0049 0.0031 0.0078 0.0058 0.0064 0.0091 
      H042.6  2 0.0265 0.0055 0.8218 0.0159 0.0052 0.0082 0.0073 0.0214 0.0161 0.0112 0.0297 0.0071 0.0099 0.0142 
      H042.7  2 0.0160 0.0088 0.5134 0.1883 0.0164 0.1390 0.0068 0.0237 0.0288 0.0067 0.0195 0.0084 0.0098 0.0143 
      H042.8  2 0.0165 0.0067 0.7496 0.0693 0.0195 0.0280 0.0045 0.0355 0.0113 0.0207 0.0155 0.0070 0.0064 0.0096 
   H042_2002  2 0.0472 0.0130 0.0618 0.2218 0.0338 0.0325 0.0104 0.0596 0.0669 0.0402 0.2763 0.0119 0.0081 0.1165 
   H042_2003  2 0.0441 0.0112 0.0728 0.2218 0.0276 0.0202 0.0120 0.0576 0.0808 0.0310 0.2845 0.0121 0.0080 0.1163 
      H043.1  2 0.0206 0.0106 0.0100 0.0114 0.0215 0.0041 0.0128 0.0066 0.0214 0.0319 0.8068 0.0165 0.0138 0.0119 
      H043.2  2 0.0064 0.0065 0.0046 0.0050 0.0062 0.0045 0.0059 0.0113 0.0141 0.0229 0.8969 0.0069 0.0034 0.0055 
      H043.3  2 0.0138 0.0155 0.0112 0.0521 0.0141 0.0048 0.0150 0.0127 0.2080 0.0158 0.5922 0.0145 0.0051 0.0252 
      H043.4  2 0.0102 0.0074 0.0087 0.0188 0.0119 0.0044 0.0071 0.0183 0.0386 0.0233 0.8109 0.0142 0.0059 0.0201 
      H043.5  2 0.0068 0.0117 0.0058 0.0131 0.0090 0.0058 0.0068 0.0058 0.0313 0.0543 0.8299 0.0075 0.0052 0.0071 
      H043.6  2 0.0057 0.0094 0.0079 0.0151 0.0037 0.0053 0.0088 0.0064 0.0498 0.0442 0.8239 0.0076 0.0039 0.0083 
      H043.7  2 0.0042 0.0069 0.0046 0.0117 0.0101 0.0042 0.0104 0.0090 0.0124 0.0103 0.8964 0.0046 0.0037 0.0115 
      H043.8  2 0.0081 0.0227 0.0056 0.0159 0.0123 0.0058 0.0357 0.0074 0.0215 0.0096 0.8262 0.0130 0.0089 0.0075 
      H043.9  2 0.0141 0.0183 0.0168 0.0178 0.0187 0.0047 0.0167 0.0090 0.0724 0.0239 0.7450 0.0120 0.0169 0.0136 
      H047.1  2 0.0287 0.0049 0.0065 0.0506 0.3012 0.0056 0.0092 0.0088 0.4311 0.0068 0.1208 0.0112 0.0069 0.0077 
      H047.2  2 0.0086 0.0096 0.0091 0.0118 0.7616 0.0125 0.0102 0.0069 0.0986 0.0053 0.0102 0.0126 0.0149 0.0283 
      H047.3  2 0.0111 0.0234 0.0176 0.0319 0.6975 0.0196 0.0091 0.0146 0.0991 0.0055 0.0176 0.0095 0.0270 0.0165 
      H047.4  2 0.0117 0.0117 0.0347 0.0749 0.4593 0.0236 0.0085 0.0107 0.2718 0.0046 0.0188 0.0200 0.0073 0.0424 
      H047.5  2 0.0134 0.0123 0.0123 0.0839 0.6256 0.0171 0.0121 0.0328 0.1205 0.0039 0.0260 0.0118 0.0079 0.0202 
      H047.6  2 0.0039 0.0065 0.0257 0.0421 0.8221 0.0109 0.0066 0.0071 0.0299 0.0048 0.0095 0.0096 0.0090 0.0124 
      H047.7  2 0.0168 0.0046 0.0144 0.1939 0.1963 0.0095 0.0046 0.0071 0.4223 0.0110 0.0879 0.0151 0.0089 0.0079 
      H047.8  2 0.0150 0.0090 0.0394 0.0682 0.7056 0.0110 0.0066 0.0152 0.0686 0.0040 0.0239 0.0105 0.0108 0.0121 
      H047.9  2 0.0280 0.0069 0.0119 0.1232 0.2301 0.0268 0.0107 0.0533 0.4011 0.0049 0.0400 0.0254 0.0087 0.0291 
 H071.1_2002  2 0.0066 0.0048 0.0058 0.0073 0.0054 0.0055 0.0079 0.0075 0.8996 0.0048 0.0177 0.0147 0.0040 0.0085 
 H071.1_2003  2 0.0124 0.0064 0.0155 0.0106 0.0153 0.0091 0.0387 0.0557 0.7298 0.0108 0.0307 0.0379 0.0049 0.0223 
     H071.10  2 0.0064 0.0103 0.0052 0.0122 0.0033 0.0054 0.0256 0.0046 0.8917 0.0073 0.0064 0.0060 0.0107 0.0049 
 H071.2_2002  2 0.0094 0.0102 0.0064 0.0095 0.0076 0.0074 0.0077 0.0151 0.8791 0.0092 0.0184 0.0098 0.0039 0.0064 
 H071.2_2003  2 0.0044 0.0040 0.0046 0.0042 0.0043 0.0047 0.0052 0.0059 0.9349 0.0040 0.0079 0.0062 0.0040 0.0057 
      H071.3  2 0.0073 0.0078 0.0061 0.0097 0.0288 0.0072 0.0342 0.0065 0.8583 0.0079 0.0064 0.0062 0.0091 0.0045 
 H071.4_2002  2 0.0092 0.0102 0.0086 0.0162 0.0055 0.0149 0.0154 0.0092 0.8510 0.0168 0.0114 0.0137 0.0116 0.0062 
 H071.4_2003  2 0.0080 0.0061 0.0046 0.0057 0.0075 0.0051 0.0102 0.0053 0.9264 0.0031 0.0045 0.0048 0.0043 0.0045 
 H071.5_2002  2 0.0052 0.0048 0.0061 0.0068 0.0039 0.0042 0.0079 0.0049 0.9267 0.0056 0.0068 0.0053 0.0069 0.0048 
 H071.5_2003  2 0.0121 0.0071 0.0052 0.0117 0.0098 0.0069 0.0246 0.0099 0.8756 0.0040 0.0118 0.0069 0.0046 0.0097 
 H071.6_2002  2 0.0100 0.0113 0.0056 0.0210 0.0049 0.0051 0.0096 0.0085 0.8947 0.0055 0.0065 0.0062 0.0048 0.0062 
 H071.6_2003  2 0.0085 0.0051 0.0064 0.0094 0.0057 0.0044 0.0208 0.0053 0.9040 0.0032 0.0080 0.0051 0.0053 0.0089 
 H071.7_2002  2 0.0052 0.0046 0.0045 0.0098 0.0067 0.0038 0.0046 0.0057 0.9288 0.0036 0.0089 0.0052 0.0034 0.0053 
 H071.7_2003  2 0.0104 0.0063 0.0056 0.0092 0.0055 0.0078 0.0270 0.0092 0.8798 0.0043 0.0121 0.0101 0.0046 0.0080 
      H071.8  2 0.0069 0.0091 0.0067 0.0058 0.0109 0.0068 0.0055 0.0148 0.8981 0.0063 0.0110 0.0070 0.0042 0.0070 
      H071.9  2 0.0115 0.0428 0.0145 0.0232 0.0142 0.0194 0.0258 0.0153 0.7641 0.0169 0.0195 0.0114 0.0116 0.0096 
 H081.1_2002  2 0.0059 0.0049 0.0063 0.0073 0.0050 0.0084 0.0071 0.0128 0.9076 0.0048 0.0090 0.0067 0.0076 0.0066 
 H081.1_2003  2 0.0107 0.0517 0.1177 0.0332 0.0135 0.0215 0.1003 0.0121 0.0709 0.2572 0.0410 0.0353 0.0159 0.2189 
 H081.2_2002  2 0.0052 0.0066 0.0073 0.0065 0.0071 0.0070 0.0050 0.0321 0.8832 0.0048 0.0116 0.0059 0.0054 0.0122 
 H081.2_2003  2 0.0142 0.0117 0.0147 0.0066 0.0079 0.0089 0.7934 0.0312 0.0256 0.0113 0.0263 0.0072 0.0267 0.0144 
 H081.3_2002  2 0.0065 0.0107 0.0109 0.0061 0.0135 0.0084 0.0116 0.0366 0.8514 0.0083 0.0119 0.0067 0.0063 0.0112 
 H081.3_2003  2 0.0174 0.0386 0.0202 0.0117 0.0118 0.0158 0.4876 0.0294 0.0171 0.0117 0.2748 0.0255 0.0154 0.0230 
 H081.4_2002  2 0.0068 0.0075 0.0064 0.0078 0.0061 0.0045 0.0143 0.0052 0.9068 0.0044 0.0070 0.0117 0.0049 0.0065 
 H081.4_2003  2 0.0195 0.0387 0.1324 0.0137 0.0075 0.0183 0.5676 0.0211 0.0168 0.0126 0.0455 0.0344 0.0149 0.0570 
 H081.5_2002  2 0.0064 0.0073 0.0079 0.0079 0.0078 0.0049 0.0163 0.0109 0.8972 0.0045 0.0076 0.0074 0.0057 0.0083 
 H081.5_2003  2 0.0095 0.0374 0.1603 0.0293 0.0193 0.0208 0.2954 0.0610 0.0612 0.0271 0.1007 0.0398 0.0126 0.1256 
      H081.6  2 0.0064 0.0054 0.0049 0.0096 0.0043 0.0050 0.0067 0.0124 0.9088 0.0049 0.0108 0.0079 0.0041 0.0087 
      H081.7  2 0.0063 0.0072 0.0086 0.0062 0.0085 0.0114 0.0122 0.0879 0.8148 0.0045 0.0120 0.0067 0.0054 0.0083 
      H081.8  2 0.0099 0.0151 0.0149 0.0120 0.0103 0.0155 0.0697 0.0176 0.7738 0.0144 0.0082 0.0156 0.0154 0.0075 
      H083.1  2 0.0070 0.0154 0.0161 0.0130 0.0060 0.0054 0.0082 0.0068 0.8710 0.0073 0.0058 0.0132 0.0182 0.0066 
      H083.2  2 0.0119 0.0172 0.0140 0.0127 0.0354 0.0098 0.0095 0.0138 0.7939 0.0087 0.0147 0.0136 0.0300 0.0149 
      H083.4  2 0.0139 0.0410 0.0078 0.0094 0.0127 0.0122 0.0053 0.0312 0.7302 0.0188 0.0125 0.0055 0.0928 0.0066 
      H083.5  2 0.0079 0.0120 0.0228 0.0099 0.0124 0.0097 0.0065 0.0140 0.7968 0.0210 0.0082 0.0112 0.0597 0.0080 
      H083.6  2 0.0095 0.0289 0.0163 0.0083 0.0055 0.0173 0.0100 0.0199 0.7861 0.0105 0.0044 0.0152 0.0633 0.0049 
      H083.7  2 0.0147 0.0174 0.0069 0.0075 0.0120 0.0233 0.0058 0.0212 0.6621 0.0124 0.0090 0.0061 0.1918 0.0096 
      H083.8  2 0.0147 0.0142 0.0082 0.0089 0.0770 0.0113 0.0060 0.0153 0.7659 0.0086 0.0151 0.0139 0.0291 0.0118 
      H083.9  2 0.0049 0.0103 0.0181 0.0072 0.0100 0.0072 0.0058 0.0099 0.7976 0.0084 0.0047 0.0088 0.1003 0.0067 
      H084.1  2 0.0106 0.0131 0.0220 0.0103 0.0163 0.0210 0.7565 0.0075 0.0096 0.0886 0.0111 0.0085 0.0133 0.0115 
      H084.2  2 0.0115 0.0278 0.0448 0.0074 0.0066 0.0051 0.7484 0.0056 0.0110 0.0867 0.0127 0.0094 0.0090 0.0140 
      H084.3  2 0.0123 0.0138 0.0164 0.0321 0.0130 0.1156 0.4422 0.0060 0.0078 0.2528 0.0090 0.0431 0.0160 0.0199 
      H084.4  2 0.0129 0.0173 0.0611 0.0343 0.0356 0.0417 0.4639 0.0079 0.0092 0.2508 0.0105 0.0160 0.0081 0.0307 
      H084.5  2 0.0053 0.0129 0.0079 0.1257 0.0239 0.0301 0.7056 0.0099 0.0065 0.0340 0.0074 0.0137 0.0071 0.0100 
      H084.6  2 0.0052 0.0098 0.0068 0.0373 0.0330 0.0608 0.6564 0.0105 0.0063 0.0966 0.0077 0.0173 0.0449 0.0075 
      H084.7  2 0.0084 0.0236 0.0317 0.0106 0.0059 0.0081 0.8445 0.0066 0.0112 0.0181 0.0091 0.0072 0.0076 0.0075 
      H084.8  2 0.0065 0.0112 0.0110 0.0249 0.0290 0.0810 0.6860 0.0133 0.0064 0.0931 0.0053 0.0125 0.0107 0.0091 
 H085.1_2002  2 0.0085 0.0118 0.0566 0.0124 0.0081 0.0088 0.0170 0.6642 0.1195 0.0224 0.0171 0.0144 0.0233 0.0159 
 H085.1_2003  2 0.0132 0.0491 0.0655 0.0142 0.0278 0.0185 0.0267 0.1265 0.5488 0.0200 0.0079 0.0125 0.0622 0.0072 
 H085.2_2002  2 0.0111 0.0211 0.0417 0.0172 0.0058 0.0173 0.0196 0.6654 0.0255 0.0483 0.0192 0.0154 0.0552 0.0372 
 H085.2_2003  2 0.0133 0.0300 0.0487 0.0103 0.0524 0.0100 0.0249 0.0239 0.7056 0.0112 0.0089 0.0123 0.0286 0.0200 
 H085.3_2002  2 0.0059 0.0067 0.0330 0.0068 0.0108 0.0086 0.0088 0.8593 0.0137 0.0060 0.0091 0.0057 0.0117 0.0139 
 H085.3_2003  2 0.0196 0.0116 0.0198 0.0060 0.0215 0.0117 0.0363 0.0490 0.7870 0.0050 0.0104 0.0064 0.0071 0.0085 
 H085.4_2002  2 0.0131 0.0203 0.0377 0.0190 0.0058 0.0141 0.0292 0.5274 0.1584 0.0545 0.0466 0.0241 0.0368 0.0128 
 H085.4_2003  2 0.0074 0.0064 0.0847 0.0503 0.0142 0.0252 0.0301 0.0108 0.6735 0.0074 0.0223 0.0159 0.0066 0.0454 
 H085.5_2002  2 0.0076 0.0057 0.0139 0.0049 0.0070 0.0092 0.0084 0.8910 0.0132 0.0054 0.0140 0.0056 0.0054 0.0087 
 H085.5_2003  2 0.0150 0.0187 0.0256 0.0054 0.0135 0.0067 0.0166 0.0164 0.8327 0.0069 0.0064 0.0056 0.0230 0.0075 
 H085.6_2002  2 0.0065 0.0105 0.0519 0.0083 0.0143 0.0077 0.0119 0.8074 0.0186 0.0128 0.0121 0.0077 0.0096 0.0208 
 H085.6_2003  2 0.0216 0.0291 0.0872 0.0220 0.1993 0.0512 0.0938 0.1087 0.1478 0.0086 0.0368 0.0222 0.0067 0.1651 
 H085.7_2002  2 0.0107 0.0089 0.1158 0.0108 0.0293 0.0079 0.0183 0.6322 0.0418 0.0141 0.0090 0.0120 0.0197 0.0697 
 H085.7_2003  2 0.0163 0.0186 0.0282 0.0136 0.0207 0.0192 0.0225 0.0192 0.7847 0.0103 0.0127 0.0128 0.0112 0.0101 
 H085.8_2002  2 0.0106 0.0091 0.0155 0.0089 0.0082 0.0138 0.0246 0.8221 0.0174 0.0116 0.0182 0.0072 0.0088 0.0242 
 H085.8_2003  2 0.0128 0.0279 0.3503 0.0387 0.0258 0.0306 0.0295 0.0299 0.2243 0.0163 0.0173 0.0140 0.1001 0.0825 
      H085.9  2 0.0099 0.0097 0.0488 0.0130 0.0081 0.0095 0.0184 0.6915 0.0856 0.0345 0.0167 0.0080 0.0135 0.0329 
      H088.1  2 0.0306 0.0146 0.8160 0.0061 0.0088 0.0425 0.0077 0.0142 0.0104 0.0093 0.0104 0.0070 0.0118 0.0105 
      H088.2  2 0.0079 0.0124 0.8718 0.0110 0.0082 0.0141 0.0081 0.0143 0.0054 0.0065 0.0055 0.0108 0.0087 0.0152 
      H088.3  2 0.0065 0.0099 0.9040 0.0083 0.0091 0.0077 0.0058 0.0095 0.0066 0.0054 0.0061 0.0069 0.0063 0.0079 
      H088.4  2 0.0078 0.0082 0.9097 0.0071 0.0049 0.0046 0.0150 0.0048 0.0088 0.0052 0.0093 0.0052 0.0035 0.0058 
      H088.5  2 0.0064 0.0061 0.9305 0.0049 0.0044 0.0063 0.0070 0.0048 0.0048 0.0043 0.0060 0.0045 0.0042 0.0057 
      H088.6  2 0.0076 0.0086 0.8955 0.0070 0.0100 0.0137 0.0093 0.0056 0.0112 0.0049 0.0056 0.0072 0.0069 0.0068 
      H088.7  2 0.0053 0.0084 0.8856 0.0110 0.0144 0.0103 0.0087 0.0075 0.0165 0.0063 0.0039 0.0063 0.0066 0.0092 
      H088.8  2 0.0171 0.0113 0.8507 0.0084 0.0160 0.0115 0.0125 0.0064 0.0243 0.0073 0.0081 0.0106 0.0071 0.0088 
      H091.1  2 0.0079 0.0174 0.8092 0.0199 0.0100 0.0091 0.0127 0.0096 0.0370 0.0058 0.0115 0.0244 0.0198 0.0056 
      H091.2  2 0.0158 0.0300 0.7231 0.0234 0.0199 0.0286 0.0070 0.0132 0.0595 0.0049 0.0162 0.0246 0.0258 0.0079 
      H109.1  2 0.0328 0.1454 0.0107 0.0707 0.2236 0.0299 0.1076 0.0278 0.0226 0.0363 0.0609 0.0130 0.2015 0.0173 
      H109.2  2 0.0168 0.0422 0.0124 0.0558 0.0389 0.0250 0.5904 0.0125 0.0850 0.0121 0.0444 0.0138 0.0334 0.0175 
      H109.3  2 0.0233 0.0323 0.0366 0.0268 0.5328 0.0237 0.1185 0.0207 0.0447 0.0157 0.0248 0.0771 0.0091 0.0139 
      H109.4  2 0.1527 0.0636 0.0246 0.0475 0.1141 0.0266 0.2997 0.0228 0.0481 0.0390 0.0973 0.0166 0.0287 0.0188 
      H109.5  2 0.0134 0.0203 0.1340 0.0444 0.1451 0.0309 0.0931 0.0194 0.3325 0.0056 0.0132 0.1147 0.0062 0.0273 
      H109.6  2 0.0228 0.1198 0.0152 0.0583 0.1027 0.0381 0.3796 0.0199 0.0438 0.0176 0.1015 0.0274 0.0216 0.0315 
      H126.1  2 0.1017 0.0406 0.0354 0.2431 0.0144 0.0245 0.0111 0.0861 0.0095 0.0113 0.3278 0.0202 0.0116 0.0629 
      H126.2  2 0.1306 0.0217 0.0176 0.0394 0.0195 0.0111 0.0198 0.0664 0.4236 0.0652 0.1402 0.0120 0.0144 0.0186 
      H126.3  2 0.0152 0.0471 0.0509 0.3709 0.0085 0.0095 0.0042 0.0407 0.3742 0.0131 0.0299 0.0071 0.0195 0.0092 
      H126.4  2 0.1365 0.0246 0.0279 0.0301 0.0161 0.0107 0.0151 0.0361 0.0359 0.0105 0.5836 0.0298 0.0328 0.0100 
      H126.5  2 0.1026 0.0123 0.0138 0.1398 0.0081 0.0078 0.0122 0.0202 0.2061 0.0052 0.3848 0.0337 0.0122 0.0413 
      H126.6  2 0.0078 0.0196 0.0155 0.1134 0.0091 0.0045 0.0066 0.0821 0.6476 0.0054 0.0280 0.0324 0.0110 0.0168 
      H126.7  2 0.0272 0.0089 0.0342 0.0135 0.0072 0.0057 0.0092 0.0268 0.8319 0.0038 0.0112 0.0073 0.0063 0.0066 
      H130.1  2 0.0520 0.0160 0.0778 0.0060 0.0155 0.0161 0.0158 0.0097 0.0082 0.0071 0.0622 0.0103 0.0109 0.6923 
      H130.2  2 0.0294 0.0796 0.0365 0.0066 0.0535 0.0168 0.5901 0.0161 0.0278 0.0091 0.0202 0.0112 0.0333 0.0699 
      H130.3  2 0.1397 0.1110 0.0520 0.0049 0.0398 0.0120 0.1314 0.0077 0.0340 0.0060 0.0135 0.0125 0.0082 0.4273 
      H130.4  2 0.1678 0.1044 0.0455 0.0088 0.0188 0.0289 0.0531 0.0234 0.0100 0.0309 0.0911 0.0419 0.0268 0.3486 
      H130.5  2 0.0211 0.0286 0.1619 0.0066 0.0137 0.0162 0.1830 0.0179 0.0690 0.0057 0.0303 0.0094 0.0238 0.4128 
      H133.1  2 0.0491 0.2650 0.0636 0.0167 0.0782 0.0108 0.0898 0.0257 0.0436 0.1165 0.0631 0.0179 0.0140 0.1461 
      H133.2  2 0.0159 0.0409 0.0719 0.0253 0.1442 0.0070 0.1522 0.0349 0.0253 0.0109 0.2379 0.0807 0.0085 0.1444 
