      H105.1  1 0.0913 0.4172 0.4915 
      H105.2  1 0.1653 0.1488 0.6859 
      H105.3  1 0.1921 0.2791 0.5288 
      H105.4  1 0.1039 0.1609 0.7351 
      H105.5  1 0.2302 0.0676 0.7021 
      H105.6  1 0.2491 0.1146 0.6363 
      H105.7  1 0.0302 0.8755 0.0943 
      H105.8  1 0.1056 0.4012 0.4931 
      H115.1  1 0.5003 0.2872 0.2126 
      H115.2  1 0.7742 0.0476 0.1782 
      H115.3  1 0.7975 0.0463 0.1563 
      H115.4  1 0.1637 0.1594 0.6768 
      H115.5  1 0.8571 0.1117 0.0311 
      H115.6  1 0.7543 0.1185 0.1272 
      H115.7  1 0.4575 0.1112 0.4313 
      H115.8  1 0.8385 0.1264 0.0351 
      H115.9  1 0.5726 0.3785 0.0488 
      H145.1  1 0.6471 0.0288 0.3241 
      H145.2  1 0.8266 0.0207 0.1527 
      H145.3  1 0.3917 0.4853 0.1229 
      H145.4  1 0.6427 0.0323 0.3250 
      H145.5  1 0.7965 0.0330 0.1705 
      H145.6  1 0.7681 0.0967 0.1353 
      H145.7  1 0.3178 0.3813 0.3009 
      H149.1  1 0.0432 0.0207 0.9361 
      H149.2  1 0.0268 0.0175 0.9557 
      H149.3  1 0.1317 0.0397 0.8286 
      H149.4  1 0.0313 0.0243 0.9444 
      H149.5  1 0.0142 0.0636 0.9222 
      H149.6  1 0.0287 0.0217 0.9496 
      H149.7  1 0.0478 0.1775 0.7746 
      H150.1  1 0.9554 0.0200 0.0246 
      H150.2  1 0.8800 0.0178 0.1022 
      H150.3  1 0.8723 0.0699 0.0578 
      H150.4  1 0.9636 0.0243 0.0121 
      H150.5  1 0.6017 0.0645 0.3338 
      H150.6  1 0.5151 0.0366 0.4483 
      H150.7  1 0.9590 0.0218 0.0192 
   H169607.1  1 0.3073 0.2158 0.4769 
   H169607.2  1 0.0317 0.0849 0.8834 
   H169607.3  1 0.0995 0.6105 0.2901 
   H169607.4  1 0.0279 0.0261 0.9460 
   H169607.5  1 0.0726 0.1555 0.7719 
   H169607.6  1 0.0234 0.0866 0.8900 
   H169607.7  1 0.0260 0.0920 0.8820 
   H169607.8  1 0.0256 0.1335 0.8409 
   H169633.1  1 0.6130 0.1017 0.2853 
   H169633.2  1 0.3122 0.3161 0.3717 
   H169633.3  1 0.1259 0.1713 0.7028 
   H169633.4  1 0.3199 0.0365 0.6436 
   H169633.5  1 0.3305 0.0323 0.6372 
   H169688.1  1 0.0125 0.7904 0.1971 
   H169688.2  1 0.0355 0.8604 0.1041 
   H169688.3  1 0.0746 0.5118 0.4136 
   H169688.4  1 0.5186 0.3313 0.1501 
   H169688.5  1 0.5452 0.3018 0.1531 
   H169688.6  1 0.0891 0.5188 0.3921 
   H169688.7  1 0.0872 0.4689 0.4439 
   H171901.1  1 0.8778 0.0646 0.0576 
   H171901.2  1 0.0802 0.0341 0.8858 
   H171901.3  1 0.0605 0.0688 0.8707 
   H171901.4  1 0.0263 0.0238 0.9499 
   H171901.5  1 0.0182 0.0157 0.9661 
   H171901.6  1 0.0292 0.0189 0.9519 
   H171901.7  1 0.0334 0.0339 0.9327 
   H171902.1  1 0.1858 0.0516 0.7626 
  H171902.10  1 0.0142 0.0119 0.9740 
   H171902.2  1 0.1086 0.4317 0.4597 
   H171902.3  1 0.0171 0.0180 0.9649 
   H171902.4  1 0.1061 0.0385 0.8554 
   H171902.6  1 0.0195 0.0090 0.9715 
   H171902.7  1 0.0675 0.0169 0.9156 
   H171902.8  1 0.0226 0.0142 0.9632 
   H171902.9  1 0.3675 0.0643 0.5683 
   H171903.1  1 0.0482 0.2708 0.6810 
   H171903.2  1 0.0694 0.4005 0.5302 
   H171903.3  1 0.1202 0.1643 0.7155 
   H171903.4  1 0.1360 0.3132 0.5509 
   H171903.5  1 0.0705 0.2158 0.7137 
   H171903.6  1 0.0230 0.2097 0.7672 
      H177.1  1 0.0197 0.0908 0.8895 
      H177.2  1 0.0479 0.1447 0.8073 
      H177.3  1 0.0319 0.0175 0.9506 
      H177.4  1 0.0168 0.1164 0.8668 
      H177.5  1 0.0200 0.8308 0.1492 
      H177.6  1 0.0692 0.0208 0.9101 
      H179.1  1 0.0955 0.2546 0.6500 
      H179.2  1 0.0570 0.1988 0.7442 
      H179.3  1 0.0402 0.8026 0.1572 
      H179.4  1 0.0161 0.0744 0.9094 
      H180.1  1 0.3984 0.0579 0.5437 
      H180.2  1 0.5708 0.0420 0.3873 
      H180.3  1 0.8162 0.1066 0.0772 
      H180.4  1 0.2907 0.1625 0.5468 
      H180.5  1 0.1171 0.2803 0.6026 
      H180.6  1 0.3811 0.4846 0.1343 
      H181.1  1 0.0378 0.0868 0.8753 
      H181.2  1 0.0689 0.1044 0.8267 
      H181.3  1 0.0365 0.2205 0.7430 
      H181.4  1 0.0586 0.1946 0.7468 
      H181.5  1 0.0460 0.6038 0.3501 
      H181.6  1 0.0660 0.1343 0.7997 
      H181.7  1 0.0279 0.1202 0.8519 
 H194.1_2004  1 0.2644 0.2266 0.5090 
 H194.2_2004  1 0.1852 0.3171 0.4978 
 H194.3_2004  1 0.1989 0.0802 0.7209 
 H194.4_2004  1 0.1280 0.2331 0.6389 
 H194.5_2004  1 0.1402 0.1658 0.6940 
 H194.6_2004  1 0.0440 0.4316 0.5244 
 H194.7_2004  1 0.1685 0.7223 0.1092 
 H194.8_2004  1 0.0705 0.5342 0.3952 
      H194.9  1 0.3477 0.5012 0.1511 
 H195.1_2003  1 0.0495 0.0579 0.8925 
 H195.1_2004  1 0.3548 0.0578 0.5873 
 H195.2_2003  1 0.0979 0.2361 0.6660 
 H195.2_2004  1 0.1693 0.4683 0.3624 
 H195.3_2003  1 0.2334 0.1483 0.6184 
 H195.3_2004  1 0.1512 0.0430 0.8058 
 H195.4_2003  1 0.0733 0.0591 0.8676 
 H195.4_2004  1 0.0376 0.8527 0.1097 
 H195.5_2003  1 0.0485 0.0735 0.8780 
 H195.5_2004  1 0.2641 0.1721 0.5638 
 H195.6_2003  1 0.1062 0.1729 0.7209 
 H195.6_2004  1 0.1410 0.1064 0.7526 
 H195.7_2003  1 0.0258 0.5861 0.3881 
 H195.7_2004  1 0.7796 0.0440 0.1764 
      H195.8  1 0.1783 0.6797 0.1420 
      H195.9  1 0.0732 0.3503 0.5765 
      H415.1  1 0.9297 0.0326 0.0376 
      H415.2  1 0.3078 0.0219 0.6702 
      H415.3  1 0.5612 0.0383 0.4004 
      H415.4  1 0.8964 0.0229 0.0806 
      H415.5  1 0.5303 0.0258 0.4439 
      H415.6  1 0.8917 0.0210 0.0874 
      H415.7  1 0.2421 0.0211 0.7368 
      H506.1  1 0.0871 0.0388 0.8741 
      H506.2  1 0.0300 0.0139 0.9562 
      H506.3  1 0.4951 0.1009 0.4040 
      H506.4  1 0.1709 0.0980 0.7311 
      H506.5  1 0.0771 0.0307 0.8922 
      H506.6  1 0.2968 0.1295 0.5737 
      H506.7  1 0.0683 0.0258 0.9059 
      H533.1  1 0.0235 0.0136 0.9629 
      H533.2  1 0.0381 0.0162 0.9457 
      H533.3  1 0.0225 0.0364 0.9412 
      H533.4  1 0.0461 0.0236 0.9303 
      H535.1  1 0.0202 0.0205 0.9594 
      H535.2  1 0.0132 0.1856 0.8012 
      H535.3  1 0.0375 0.2667 0.6959 
      H535.4  1 0.0177 0.0187 0.9635 
      H535.5  1 0.0111 0.0198 0.9691 
      H535.6  1 0.0247 0.1068 0.8685 
      H535.7  1 0.0143 0.0338 0.9519 
      H535.8  1 0.0187 0.0896 0.8917 
      H535.9  1 0.0338 0.0247 0.9414 
      H539.1  1 0.9706 0.0185 0.0109 
      H539.2  1 0.1769 0.3048 0.5183 
      H539.3  1 0.8169 0.1422 0.0408 
      H539.4  1 0.9238 0.0391 0.0370 
      H539.5  1 0.9324 0.0485 0.0191 
      H539.6  1 0.8878 0.0854 0.0269 
      H539.7  1 0.9478 0.0262 0.0261 
      H539.8  1 0.9400 0.0313 0.0287 
      H539.9  1 0.9263 0.0568 0.0169 
      H540.1  1 0.7948 0.0470 0.1582 
      H540.2  1 0.8996 0.0374 0.0630 
      H540.3  1 0.9369 0.0230 0.0401 
      H540.4  1 0.6632 0.0333 0.3035 
      H540.5  1 0.8937 0.0479 0.0584 
      H540.6  1 0.5748 0.2695 0.1557 
      H540.7  1 0.6698 0.1261 0.2041 
      H540.8  1 0.3470 0.0311 0.6219 
     H9558.1  1 0.9428 0.0246 0.0325 
     H9558.2  1 0.9438 0.0261 0.0302 
     H9558.3  1 0.9451 0.0321 0.0229 
     H9558.4  1 0.7800 0.0285 0.1915 
     H9558.5  1 0.9316 0.0174 0.0510 
     H9558.6  1 0.8033 0.1696 0.0271 
    kos339.1  1 0.0182 0.0364 0.9454 
    kos339.2  1 0.0989 0.1099 0.7912 
    kos339.3  1 0.0252 0.0249 0.9499 
    kos339.4  1 0.0339 0.0419 0.9242 
    kos339.5  1 0.0197 0.0299 0.9504 
    kos339.6  1 0.0622 0.0240 0.9138 
    kos339.7  1 0.0174 0.0199 0.9628 
    kos339.8  1 0.0270 0.0232 0.9499 
    kos339.9  1 0.0335 0.0230 0.9435 
      H008.1  2 0.0373 0.9225 0.0402 
      H008.2  2 0.1609 0.5250 0.3141 
      H008.3  2 0.1577 0.5355 0.3067 
      H008.4  2 0.1359 0.8235 0.0406 
      H008.5  2 0.0296 0.9323 0.0381 
      H008.6  2 0.2742 0.5087 0.2172 
      H008.7  2 0.0970 0.8045 0.0985 
      H008.8  2 0.4161 0.3659 0.2180 
      H008.9  2 0.5949 0.1103 0.2947 
 H029.1_2002  2 0.0579 0.9268 0.0153 
 H029.1_2003  2 0.0807 0.8831 0.0361 
 H029.2_2002  2 0.0282 0.9167 0.0551 
 H029.2_2003  2 0.0267 0.9098 0.0636 
 H029.3_2002  2 0.0326 0.9048 0.0626 
 H029.3_2003  2 0.0186 0.9603 0.0211 
 H029.4_2002  2 0.0224 0.9670 0.0105 
 H029.4_2003  2 0.2040 0.7674 0.0287 
 H029.5_2002  2 0.0252 0.9650 0.0098 
 H029.5_2003  2 0.0407 0.9460 0.0132 
 H029.6_2002  2 0.0251 0.9637 0.0112 
 H029.6_2003  2 0.0823 0.7631 0.1546 
      H029.7  2 0.0226 0.9575 0.0199 
      H030.1  2 0.0165 0.9062 0.0772 
      H030.2  2 0.2063 0.7546 0.0391 
      H038.1  2 0.0617 0.9221 0.0162 
      H038.2  2 0.0174 0.9541 0.0285 
      H038.3  2 0.0998 0.8491 0.0511 
      H038.4  2 0.1276 0.8227 0.0497 
      H038.5  2 0.0346 0.9287 0.0366 
      H038.6  2 0.0227 0.9595 0.0178 
      H038.7  2 0.0384 0.9336 0.0280 
      H038.8  2 0.1985 0.7670 0.0345 
      H041.1  2 0.0812 0.9007 0.0181 
      H041.2  2 0.4769 0.5060 0.0171 
      H041.4  2 0.2540 0.7230 0.0230 
      H041.6  2 0.2514 0.7281 0.0204 
 H042.1_2002  2 0.0757 0.8219 0.1024 
 H042.1_2003  2 0.6637 0.2070 0.1293 
 H042.2_2002  2 0.1291 0.8427 0.0282 
 H042.2_2003  2 0.5882 0.3535 0.0583 
 H042.3_2002  2 0.1831 0.7203 0.0966 
 H042.3_2003  2 0.5408 0.3975 0.0617 
 H042.4_2002  2 0.1133 0.8368 0.0499 
 H042.4_2003  2 0.0524 0.9122 0.0354 
      H042.5  2 0.0158 0.9614 0.0228 
      H042.6  2 0.0249 0.9524 0.0226 
      H042.7  2 0.3580 0.6129 0.0292 
      H042.8  2 0.0617 0.9200 0.0182 
   H042_2002  2 0.7611 0.1636 0.0752 
   H042_2003  2 0.7688 0.1624 0.0688 
      H043.1  2 0.8581 0.0813 0.0606 
      H043.2  2 0.9131 0.0484 0.0385 
      H043.3  2 0.5211 0.2952 0.1837 
      H043.4  2 0.8825 0.0765 0.0410 
      H043.5  2 0.9272 0.0532 0.0196 
      H043.6  2 0.8599 0.1098 0.0303 
      H043.7  2 0.9208 0.0320 0.0471 
      H043.8  2 0.5111 0.1846 0.3043 
      H043.9  2 0.6501 0.2625 0.0874 
      H047.1  2 0.2267 0.6434 0.1299 
      H047.2  2 0.0195 0.8931 0.0874 
      H047.3  2 0.0281 0.9189 0.0530 
      H047.4  2 0.1058 0.8317 0.0625 
      H047.5  2 0.0474 0.7929 0.1597 
      H047.6  2 0.2478 0.6987 0.0535 
      H047.7  2 0.5735 0.3891 0.0374 
      H047.8  2 0.2656 0.6276 0.1068 
      H047.9  2 0.0498 0.6571 0.2931 
 H071.1_2002  2 0.0398 0.9376 0.0226 
 H071.1_2003  2 0.0702 0.8966 0.0332 
     H071.10  2 0.0196 0.9662 0.0142 
 H071.2_2002  2 0.0221 0.9426 0.0353 
 H071.2_2003  2 0.0112 0.9792 0.0096 
      H071.3  2 0.0335 0.9303 0.0363 
 H071.4_2002  2 0.0415 0.8732 0.0854 
 H071.4_2003  2 0.0140 0.9582 0.0277 
 H071.5_2002  2 0.0124 0.9729 0.0147 
 H071.5_2003  2 0.0309 0.9201 0.0490 
 H071.6_2002  2 0.0149 0.9626 0.0225 
 H071.6_2003  2 0.0157 0.9705 0.0138 
 H071.7_2002  2 0.0200 0.9610 0.0191 
 H071.7_2003  2 0.0333 0.9479 0.0188 
      H071.8  2 0.0226 0.9504 0.0270 
      H071.9  2 0.1151 0.8459 0.0390 
 H081.1_2002  2 0.0129 0.9745 0.0125 
 H081.1_2003  2 0.4945 0.4169 0.0886 
 H081.2_2002  2 0.0165 0.9667 0.0168 
 H081.2_2003  2 0.0591 0.9113 0.0296 
 H081.3_2002  2 0.0208 0.9596 0.0195 
 H081.3_2003  2 0.2851 0.4930 0.2219 
 H081.4_2002  2 0.0398 0.9305 0.0296 
 H081.4_2003  2 0.2184 0.5235 0.2582 
 H081.5_2002  2 0.0175 0.9670 0.0155 
 H081.5_2003  2 0.3121 0.5281 0.1598 
      H081.6  2 0.0194 0.9602 0.0204 
      H081.7  2 0.0169 0.9671 0.0160 
      H081.8  2 0.0496 0.9159 0.0345 
      H083.1  2 0.0158 0.9657 0.0185 
      H083.2  2 0.0144 0.9700 0.0156 
      H083.4  2 0.0189 0.9501 0.0310 
      H083.5  2 0.0200 0.9687 0.0113 
      H083.6  2 0.0109 0.9693 0.0198 
      H083.7  2 0.0181 0.9582 0.0237 
      H083.8  2 0.0157 0.9565 0.0278 
      H083.9  2 0.0104 0.9772 0.0125 
      H084.1  2 0.4080 0.5648 0.0272 
      H084.2  2 0.1862 0.7640 0.0498 
      H084.3  2 0.9118 0.0519 0.0363 
      H084.4  2 0.8954 0.0662 0.0384 
      H084.5  2 0.7809 0.1732 0.0459 
      H084.6  2 0.8790 0.0865 0.0345 
      H084.7  2 0.1653 0.7929 0.0418 
      H084.8  2 0.8019 0.1663 0.0318 
 H085.1_2002  2 0.0249 0.9521 0.0230 
 H085.1_2003  2 0.0222 0.9612 0.0166 
 H085.2_2002  2 0.0837 0.8571 0.0592 
 H085.2_2003  2 0.0246 0.9344 0.0410 
 H085.3_2002  2 0.0395 0.9150 0.0455 
 H085.3_2003  2 0.0186 0.9578 0.0236 
 H085.4_2002  2 0.0812 0.8818 0.0370 
 H085.4_2003  2 0.0671 0.9128 0.0201 
 H085.5_2002  2 0.0851 0.8570 0.0579 
 H085.5_2003  2 0.0110 0.9761 0.0130 
 H085.6_2002  2 0.0464 0.8938 0.0598 
 H085.6_2003  2 0.2554 0.5698 0.1749 
 H085.7_2002  2 0.0370 0.8828 0.0801 
 H085.7_2003  2 0.0545 0.9140 0.0315 
 H085.8_2002  2 0.2492 0.6426 0.1082 
 H085.8_2003  2 0.0465 0.9211 0.0324 
      H085.9  2 0.0852 0.8858 0.0290 
      H088.1  2 0.0385 0.8995 0.0620 
      H088.2  2 0.0258 0.9237 0.0505 
      H088.3  2 0.0172 0.9515 0.0313 
      H088.4  2 0.0594 0.9077 0.0330 
      H088.5  2 0.0252 0.9529 0.0220 
      H088.6  2 0.0480 0.9174 0.0346 
      H088.7  2 0.0579 0.9119 0.0303 
      H088.8  2 0.1232 0.8198 0.0570 
      H091.1  2 0.0195 0.9515 0.0290 
      H091.2  2 0.0160 0.9633 0.0207 
      H109.1  2 0.6011 0.3265 0.0724 
      H109.2  2 0.3448 0.5539 0.1013 
      H109.3  2 0.3263 0.3786 0.2951 
      H109.4  2 0.7851 0.1164 0.0985 
      H109.5  2 0.1122 0.7697 0.1181 
      H109.6  2 0.5395 0.2454 0.2151 
      H126.1  2 0.5863 0.0724 0.3412 
      H126.2  2 0.1828 0.7163 0.1009 
      H126.3  2 0.1586 0.7858 0.0556 
      H126.4  2 0.6148 0.1227 0.2624 
      H126.5  2 0.2277 0.2066 0.5658 
      H126.6  2 0.0307 0.9364 0.0329 
      H126.7  2 0.0162 0.9626 0.0212 
      H130.1  2 0.1687 0.1868 0.6445 
      H130.2  2 0.0320 0.8633 0.1047 
      H130.3  2 0.0187 0.4018 0.5794 
      H130.4  2 0.1322 0.1109 0.7570 
      H130.5  2 0.0291 0.9137 0.0572 
      H133.1  2 0.5674 0.2472 0.1855 
      H133.2  2 0.2216 0.4375 0.3409 
      H133.3  2 0.3642 0.4051 0.2307 
      H133.4  2 0.5939 0.0986 0.3074 
      H133.5  2 0.1097 0.2315 0.6588 
      H133.6  2 0.1289 0.6345 0.2365 
      H133.7  2 0.8239 0.0732 0.1029 
      H133.8  2 0.7090 0.1207 0.1703 
      H133.9  2 0.4656 0.2720 0.2623 
      H147.1  2 0.3174 0.6657 0.0169 
      H147.2  2 0.0208 0.9682 0.0110 
      H147.3  2 0.0170 0.9682 0.0149 
      H147.4  2 0.0285 0.9564 0.0151 
      H147.5  2 0.0212 0.9606 0.0182 
      H147.6  2 0.0208 0.9629 0.0163 
      H147.7  2 0.0543 0.9197 0.0260 
      H147.8  2 0.0188 0.9696 0.0116 
      H147.9  2 0.0198 0.9647 0.0155 
      H148.1  2 0.7944 0.0994 0.1062 
      H148.2  2 0.8532 0.0823 0.0644 
      H148.3  2 0.8179 0.0820 0.1001 
      H148.4  2 0.8097 0.0482 0.1421 
      H148.5  2 0.7860 0.0842 0.1298 
      H148.6  2 0.8644 0.0741 0.0615 
      H148.7  2 0.7726 0.0794 0.1480 
      H148.8  2 0.8778 0.0451 0.0771 
      H148.9  2 0.8163 0.0470 0.1367 
   H166022.1  2 0.0181 0.9681 0.0138 
   H166022.2  2 0.0298 0.9330 0.0371 
   H166022.3  2 0.0183 0.9213 0.0604 
   H166022.4  2 0.0125 0.9531 0.0344 
   H166022.5  2 0.0148 0.9139 0.0714 
   H166022.6  2 0.0368 0.9271 0.0360 
   H166022.7  2 0.2202 0.0171 0.7627 
   H166022.8  2 0.0651 0.7486 0.1863 
   H167397.1  2 0.9659 0.0240 0.0100 
   H167397.2  2 0.8763 0.0505 0.0732 
   H167397.3  2 0.9760 0.0144 0.0096 
   H167397.4  2 0.8581 0.0890 0.0529 
   H167397.5  2 0.9466 0.0320 0.0214 
   H167397.6  2 0.9696 0.0169 0.0135 
   H167496.1  2 0.1055 0.4754 0.4191 
   H167496.2  2 0.3568 0.2765 0.3667 
   H167496.3  2 0.0442 0.7584 0.1974 
   H167496.4  2 0.0103 0.9764 0.0133 
   H167496.6  2 0.0278 0.9218 0.0505 
   H167496.7  2 0.1853 0.1652 0.6495 
   H167496.8  2 0.0250 0.9499 0.0252 
   H167513.1  2 0.5104 0.2050 0.2846 
   H167513.2  2 0.8863 0.0410 0.0727 
   H167513.3  2 0.1423 0.1493 0.7084 
   H167513.4  2 0.2562 0.5667 0.1772 
   H167513.5  2 0.8768 0.0734 0.0499 
   H167513.6  2 0.5273 0.2749 0.1978 
   H167513.7  2 0.2174 0.5505 0.2321 
   H167513.8  2 0.6301 0.0884 0.2815 
   H167547.1  2 0.8382 0.0270 0.1348 
   H167547.2  2 0.9334 0.0453 0.0213 
   H167547.3  2 0.9369 0.0343 0.0288 
   H167547.4  2 0.6656 0.2508 0.0835 
   H167547.5  2 0.9438 0.0394 0.0169 
   H167547.6  2 0.9341 0.0491 0.0168 
   H167547.7  2 0.3215 0.1120 0.5664 
   H169750.1  2 0.0737 0.1572 0.7691 
   H169750.2  2 0.4247 0.2762 0.2990 
   H169750.3  2 0.0278 0.3006 0.6715 
   H169750.4  2 0.4355 0.0690 0.4954 
   H169750.5  2 0.0828 0.4754 0.4417 
   H169750.6  2 0.0463 0.8274 0.1263 
   H169750.7  2 0.0842 0.1092 0.8066 
   H171929.1  2 0.8930 0.0624 0.0446 
  H171929.10  2 0.4401 0.5062 0.0537 
  H171929.11  2 0.8834 0.0491 0.0675 
   H171929.2  2 0.6587 0.1225 0.2188 
   H171929.3  2 0.9043 0.0526 0.0431 
   H171929.4  2 0.0736 0.4591 0.4673 
   H171929.5  2 0.6900 0.1184 0.1916 
   H171929.6  2 0.8805 0.0371 0.0824 
   H171929.7  2 0.3732 0.2038 0.4230 
   H171929.8  2 0.5180 0.1996 0.2824 
   H171929.9  2 0.0429 0.7233 0.2338 
   H171930.1  2 0.5077 0.1189 0.3734 
   H171930.2  2 0.2282 0.5159 0.2559 
   H171930.3  2 0.4687 0.1152 0.4162 
   H171930.4  2 0.2940 0.2787 0.4274 
   H171930.5  2 0.3665 0.2784 0.3551 
   H171930.6  2 0.1532 0.5194 0.3274 
   H171930.7  2 0.5576 0.0710 0.3714 
   H171930.8  2 0.6089 0.0855 0.3056 
   H171933.1  2 0.0967 0.8277 0.0757 
   H171933.2  2 0.0893 0.8705 0.0401 
   H171933.3  2 0.0966 0.8333 0.0701 
   H171933.4  2 0.0458 0.4799 0.4742 
   H171933.5  2 0.1917 0.1267 0.6815 
   H171933.6  2 0.0212 0.9542 0.0246 
   H171933.7  2 0.1475 0.7949 0.0575 
   H171933.8  2 0.2564 0.6023 0.1413 
   H171933.9  2 0.0414 0.8206 0.1381 
      H190.1  2 0.0486 0.2668 0.6846 
      H190.2  2 0.7189 0.1528 0.1283 
      H190.3  2 0.5276 0.2932 0.1792 
      H190.4  2 0.0490 0.5358 0.4152 
      H190.5  2 0.4419 0.3873 0.1708 
      H190.6  2 0.0493 0.5704 0.3803 
      H190.7  2 0.1657 0.3496 0.4847 
      H190.8  2 0.1664 0.3085 0.5251 
      H190.9  2 0.5092 0.2046 0.2862 
      H400.1  2 0.0192 0.9600 0.0208 
      H400.2  2 0.0180 0.9726 0.0094 
      H400.3  2 0.0350 0.9135 0.0515 
      H400.4  2 0.0136 0.9699 0.0164 
      H400.5  2 0.0284 0.9275 0.0440 
      H400.6  2 0.0154 0.9724 0.0122 
      H400.7  2 0.0148 0.9614 0.0238 
 H428.1_2005  2 0.0322 0.9145 0.0534 
 H428.1_2006  2 0.0144 0.9460 0.0397 
 H428.2_2005  2 0.0663 0.8820 0.0517 
 H428.2_2006  2 0.0117 0.9741 0.0142 
 H428.3_2005  2 0.0134 0.9368 0.0497 
 H428.3_2006  2 0.0308 0.9403 0.0290 
 H428.4_2005  2 0.0149 0.8968 0.0883 
 H428.4_2006  2 0.0093 0.9732 0.0175 
 H428.5_2005  2 0.0286 0.9591 0.0124 
 H428.6_2005  2 0.0211 0.8518 0.1271 
 H428.6_2006  2 0.0174 0.9558 0.0268 
      H428.7  2 0.0094 0.9789 0.0117 
      H428.8  2 0.0201 0.9578 0.0221 
      H428.9  2 0.0289 0.9594 0.0117 
      H453.1  2 0.0140 0.9620 0.0241 
      H453.2  2 0.0171 0.9300 0.0530 
      H453.3  2 0.0106 0.9651 0.0243 
      H453.4  2 0.0162 0.9653 0.0186 
      H453.5  2 0.0121 0.9731 0.0148 
      H453.6  2 0.0085 0.9789 0.0126 
      H453.7  2 0.0260 0.8154 0.1586 
      H453.8  2 0.0301 0.8899 0.0800 
      H453.9  2 0.0096 0.9681 0.0223 
      H512.1  2 0.0150 0.9468 0.0382 
     H512.10  2 0.1562 0.5486 0.2952 
      H512.2  2 0.1613 0.4569 0.3818 
      H512.3  2 0.0882 0.1247 0.7872 
      H512.4  2 0.0676 0.8679 0.0645 
      H512.5  2 0.0516 0.0542 0.8941 
      H512.6  2 0.0472 0.2023 0.7505 
      H512.7  2 0.0634 0.1767 0.7599 
      H512.8  2 0.2410 0.2575 0.5016 
      H512.9  2 0.0447 0.2734 0.6820 
      H513.1  2 0.0458 0.9404 0.0138 
      H513.2  2 0.0534 0.9336 0.0130 
      H513.3  2 0.0189 0.9523 0.0288 
      H513.4  2 0.0194 0.9629 0.0177 
      H513.5  2 0.0127 0.9718 0.0155 
      H513.6  2 0.6601 0.3176 0.0223 
      H532.1  2 0.0369 0.8664 0.0967 
      H532.2  2 0.0200 0.9570 0.0230 
      H532.3  2 0.0186 0.9190 0.0624 
      H532.4  2 0.0198 0.9535 0.0267 
      H532.5  2 0.0232 0.9100 0.0668 
      H532.6  2 0.0207 0.9478 0.0316 
      H532.7  2 0.0140 0.9619 0.0242 
      H532.8  2 0.0268 0.9050 0.0682 
      H543.1  2 0.9637 0.0208 0.0155 
      H543.2  2 0.8660 0.0962 0.0378 
      H543.3  2 0.9421 0.0343 0.0236 
      H543.4  2 0.9790 0.0094 0.0116 
      H543.5  2 0.9784 0.0130 0.0085 
      H543.6  2 0.9112 0.0412 0.0476 
      H543.7  2 0.9797 0.0094 0.0109 
      H543.8  2 0.8430 0.1294 0.0276 
      H543.9  2 0.9368 0.0332 0.0301 
 H545.1_2005  2 0.9777 0.0095 0.0128 
 H545.1_2006  2 0.9752 0.0117 0.0132 
 H545.2_2005  2 0.9713 0.0119 0.0167 
 H545.2_2006  2 0.9695 0.0161 0.0144 
 H545.3_2005  2 0.9633 0.0122 0.0245 
 H545.3_2006  2 0.9743 0.0125 0.0132 
 H545.4_2005  2 0.9660 0.0146 0.0194 
 H545.4_2006  2 0.9802 0.0099 0.0099 
 H545.5_2005  2 0.9663 0.0186 0.0152 
 H545.5_2006  2 0.9455 0.0215 0.0330 
 H545.6_2005  2 0.9770 0.0112 0.0118 
 H545.6_2006  2 0.9726 0.0098 0.0176 
 H545.7_2005  2 0.9644 0.0182 0.0174 
 H545.7_2006  2 0.9672 0.0207 0.0122 
 H545.8_2005  2 0.9661 0.0209 0.0130 
 H545.8_2006  2 0.9682 0.0158 0.0159 
      H545.9  2 0.9588 0.0177 0.0236 
      H547.1  2 0.0509 0.9046 0.0445 
      H547.2  2 0.3580 0.6242 0.0178 
      H547.3  2 0.2028 0.4902 0.3070 
      H547.4  2 0.3777 0.5588 0.0636 
      H547.5  2 0.5094 0.4508 0.0398 
      H547.6  2 0.0673 0.9166 0.0161 
      H547.7  2 0.3111 0.6272 0.0617 
      H547.8  2 0.0738 0.8747 0.0515 
      H548.1  2 0.9729 0.0121 0.0149 
      H548.2  2 0.9627 0.0129 0.0244 
      H548.3  2 0.9573 0.0246 0.0181 
      H548.4  2 0.9154 0.0328 0.0518 
      H548.5  2 0.9807 0.0086 0.0106 
      H548.6  2 0.9680 0.0094 0.0226 
      H548.7  2 0.9638 0.0203 0.0159 
      H548.8  2 0.9746 0.0116 0.0138 
      H548.9  2 0.9567 0.0213 0.0220 
     H7389.1  2 0.0390 0.9380 0.0230 
     H7389.2  2 0.3695 0.6127 0.0177 
     H7389.3  2 0.1613 0.8198 0.0189 
     H7389.4  2 0.0181 0.9647 0.0172 
     H7389.5  2 0.0230 0.9127 0.0642 
     H7389.6  2 0.0213 0.7332 0.2456 
     H7389.7  2 0.1422 0.8200 0.0378 
     H7389.8  2 0.3014 0.6382 0.0604 
     H7389.9  2 0.0323 0.9400 0.0277 
      H747.1  2 0.0380 0.0970 0.8651 
      H747.2  2 0.0643 0.0218 0.9140 
      H747.3  2 0.0263 0.0298 0.9438 
      H747.4  2 0.0916 0.1158 0.7926 
      H747.5  2 0.0310 0.0244 0.9446 
      H747.6  2 0.3907 0.0981 0.5112 
      H747.7  2 0.0388 0.0327 0.9285 
     H7484.1  2 0.0191 0.9275 0.0534 
     H7484.2  2 0.1335 0.8015 0.0650 
     H7484.3  2 0.2042 0.6655 0.1303 
     H7484.4  2 0.0276 0.8884 0.0840 
     H7484.5  2 0.1090 0.8230 0.0680 
     H7484.6  2 0.0749 0.1316 0.7936 
     H7484.7  2 0.0257 0.3672 0.6071 
     H7484.8  2 0.0231 0.9064 0.0705 
     H7485.1  2 0.9538 0.0261 0.0201 
     H7485.2  2 0.9405 0.0411 0.0184 
     H7485.3  2 0.9788 0.0103 0.0109 
     H7485.4  2 0.9628 0.0225 0.0146 
     H7485.5  2 0.9711 0.0168 0.0121 
     H7485.6  2 0.9141 0.0474 0.0385 
     H7485.7  2 0.9719 0.0151 0.0130 
     H7496.1  2 0.0343 0.8812 0.0845 
    H7496.10  2 0.0103 0.9759 0.0138 
    H7496.11  2 0.9158 0.0571 0.0270 
     H7496.2  2 0.0174 0.9413 0.0413 
     H7496.3  2 0.0315 0.9183 0.0503 
     H7496.4  2 0.0172 0.9653 0.0174 
     H7496.5  2 0.0384 0.9153 0.0463 
     H7496.6  2 0.0208 0.8973 0.0819 
     H7496.7  2 0.0124 0.9748 0.0128 
     H7496.8  2 0.0584 0.8877 0.0539 
        UNK4  2 0.5242 0.3498 0.1260 
        UNK5  2 0.2992 0.6837 0.0171 
        UNK6  2 0.2504 0.6673 0.0823 
        UNK7  2 0.4502 0.5298 0.0200 
        UNK8  2 0.6078 0.3732 0.0190 
        UNK9  2 0.2714 0.6916 0.0370 
      H009.1  4 0.1224 0.0248 0.8528 
      H009.2  4 0.0291 0.0127 0.9583 
      H009.3  4 0.0540 0.0274 0.9186 
      H009.4  4 0.0242 0.0165 0.9593 
      H009.5  4 0.0560 0.0272 0.9168 
      H009.6  4 0.7103 0.0225 0.2672 
      H046.4  4 0.2912 0.5009 0.2079 
      H046.8  4 0.3700 0.0888 0.5412 
 H076.1_2002  4 0.9582 0.0254 0.0163 
 H076.1_2003  4 0.9833 0.0075 0.0093 
 H076.1_2004  4 0.9697 0.0152 0.0151 
 H076.2_2002  4 0.9654 0.0207 0.0139 
 H076.2_2003  4 0.9794 0.0090 0.0117 
 H076.2_2004  4 0.6309 0.0665 0.3026 
 H076.3_2002  4 0.0840 0.0492 0.8668 
 H076.3_2003  4 0.9771 0.0112 0.0117 
 H076.3_2004  4 0.9640 0.0213 0.0147 
 H076.4_2002  4 0.7818 0.0626 0.1556 
 H076.4_2003  4 0.9675 0.0141 0.0184 
 H076.4_2004  4 0.3425 0.0839 0.5735 
 H076.5_2002  4 0.9090 0.0585 0.0324 
 H076.5_2003  4 0.9671 0.0172 0.0157 
 H076.5_2004  4 0.8569 0.0742 0.0689 
 H076.6_2002  4 0.9588 0.0241 0.0172 
 H076.6_2003  4 0.9775 0.0126 0.0099 
 H076.6_2004  4 0.9431 0.0152 0.0417 
 H076.7_2002  4 0.1610 0.1486 0.6904 
 H076.7_2003  4 0.8571 0.0498 0.0932 
 H076.7_2004  4 0.8709 0.0263 0.1028 
      H477.1  4 0.0539 0.2401 0.7060 
      H477.2  4 0.0371 0.1604 0.8025 
      H477.3  4 0.0598 0.2830 0.6572 
      H477.4  4 0.2723 0.1837 0.5439 
      H477.5  4 0.2181 0.1257 0.6562 
      H477.6  4 0.0970 0.1127 0.7903 
      H477.7  4 0.5940 0.1441 0.2619 
 H479.1_2005  4 0.0155 0.5965 0.3880 
 H479.1_2006  4 0.1752 0.0851 0.7396 
     H479.10  4 0.1303 0.3858 0.4839 
 H479.2_2005  4 0.1445 0.7145 0.1410 
 H479.2_2006  4 0.0377 0.1047 0.8576 
 H479.3_2005  4 0.0186 0.2408 0.7406 
 H479.3_2006  4 0.0145 0.1636 0.8219 
 H479.4_2005  4 0.0236 0.0768 0.8996 
 H479.4_2006  4 0.0181 0.7019 0.2800 
 H479.5_2005  4 0.1836 0.5235 0.2929 
 H479.5_2006  4 0.0118 0.1498 0.8383 
 H479.6_2005  4 0.1560 0.3909 0.4531 
 H479.6_2006  4 0.0169 0.9453 0.0377 
 H479.7_2005  4 0.0341 0.7176 0.2483 
 H479.7_2006  4 0.0333 0.5528 0.4139 
 H479.8_2005  4 0.0204 0.8022 0.1774 
 H479.8_2006  4 0.5310 0.0335 0.4355 
      H479.9  4 0.0186 0.0187 0.9626 
      H516.1  4 0.1283 0.0750 0.7967 
      H516.2  4 0.0572 0.0295 0.9133 
      H516.3  4 0.1793 0.0220 0.7988 
      H516.4  4 0.1125 0.0184 0.8691 
      H516.5  4 0.0773 0.0248 0.8980 
      H516.6  4 0.0362 0.0118 0.9519 
      H516.7  4 0.0280 0.1099 0.8621 
      H516.8  4 0.0439 0.0201 0.9360 
      H516.9  4 0.0256 0.0879 0.8866 
      H646.1  4 0.0250 0.0298 0.9453 
      H646.2  4 0.0251 0.0199 0.9550 
      H646.3  4 0.0136 0.0135 0.9729 
      H646.4  4 0.0709 0.0455 0.8836 
      H646.5  4 0.0256 0.0345 0.9399 
      H658.1  4 0.0584 0.0145 0.9271 
     H658.10  4 0.0127 0.0157 0.9716 
      H658.2  4 0.0749 0.0319 0.8931 
      H658.3  4 0.0255 0.0347 0.9398 
      H658.4  4 0.0148 0.0292 0.9560 
      H658.5  4 0.0086 0.0265 0.9649 
      H658.6  4 0.0135 0.0153 0.9713 
      H658.7  4 0.0432 0.0147 0.9421 
      H658.8  4 0.1149 0.0138 0.8713 
      H658.9  4 0.0356 0.0288 0.9356 
      H682.1  4 0.0784 0.6860 0.2356 
      H682.6  4 0.2512 0.3643 0.3845 
      H720.1  4 0.0663 0.5982 0.3355 
      H720.2  4 0.0228 0.2049 0.7723 
      H720.3  4 0.3393 0.2596 0.4010 
      H720.4  4 0.0750 0.1068 0.8182 
      H720.5  4 0.6643 0.1921 0.1436 
      H720.6  4 0.6590 0.1909 0.1502 
      H720.7  4 0.0231 0.2578 0.7191 
      H720.8  4 0.0748 0.7869 0.1383 
      H720.9  4 0.1137 0.5592 0.3272 
      H724.1  4 0.9392 0.0261 0.0347 
      H724.2  4 0.8834 0.0702 0.0464 
      H724.3  4 0.0605 0.2590 0.6805 
      H724.4  4 0.7717 0.0490 0.1793 
      H724.5  4 0.0315 0.3537 0.6147 
      H724.6  4 0.9440 0.0317 0.0243 
      H725.1  4 0.1437 0.5252 0.3311 
      H725.2  4 0.0795 0.2014 0.7192 
      H725.3  4 0.1143 0.1232 0.7625 
      H725.4  4 0.3088 0.5899 0.1013 
      H725.5  4 0.0699 0.4883 0.4418 
      H725.6  4 0.2486 0.0388 0.7127 
      H725.7  4 0.1947 0.1917 0.6136 
      H725.8  4 0.5461 0.0304 0.4235 
      H726.1  4 0.0201 0.0090 0.9709 
      H726.2  4 0.0190 0.0217 0.9593 
      H726.3  4 0.0501 0.0189 0.9310 
      H726.4  4 0.0186 0.0149 0.9664 
      H726.5  4 0.0192 0.0201 0.9607 
        UNK1  4 0.0304 0.0913 0.8783 
        UNK2  4 0.1246 0.2614 0.6141 
        UNK3  4 0.0182 0.0569 0.9248 
      H016.1  5 0.7040 0.0867 0.2093 
      H016.2  5 0.3620 0.5501 0.0879 
      H016.3  5 0.4969 0.0346 0.4685 
      H016.4  5 0.3167 0.6369 0.0465 
 H017.1_2002  5 0.1487 0.0560 0.7953 
 H017.1_2003  5 0.3066 0.0752 0.6182 
 H017.2_2002  5 0.6136 0.1018 0.2846 
 H017.2_2003  5 0.0180 0.0241 0.9579 
 H017.3_2002  5 0.4884 0.0608 0.4508 
 H017.3_2003  5 0.6364 0.0923 0.2713 
 H017.4_2002  5 0.5846 0.3072 0.1083 
 H017.4_2003  5 0.0260 0.0168 0.9572 
 H017.5_2002  5 0.9447 0.0175 0.0378 
 H017.5_2003  5 0.0615 0.0276 0.9109 
 H017.6_2002  5 0.6966 0.2432 0.0602 
 H017.6_2003  5 0.0500 0.0493 0.9006 
 H017.7_2002  5 0.7263 0.1866 0.0870 
 H017.7_2003  5 0.0166 0.0191 0.9642 
      H017.8  5 0.7539 0.0815 0.1646 
      H017.9  5 0.6118 0.1523 0.2359 
      H032.1  5 0.0227 0.0154 0.9619 
      H032.2  5 0.0187 0.0117 0.9696 
      H032.3  5 0.0316 0.0475 0.9209 
      H032.4  5 0.0260 0.0164 0.9576 
      H032.5  5 0.0249 0.0171 0.9580 
      H032.6  5 0.0211 0.0138 0.9651 
      H032.7  5 0.0444 0.0269 0.9287 
 H034.1_2002  5 0.3471 0.0993 0.5536 
 H034.1_2003  5 0.5519 0.1197 0.3284 
 H034.2_2002  5 0.6285 0.0654 0.3061 
 H034.2_2003  5 0.3457 0.1658 0.4885 
 H034.3_2002  5 0.3627 0.0754 0.5619 
 H034.3_2003  5 0.3171 0.1585 0.5244 
 H034.4_2002  5 0.7347 0.1832 0.0821 
 H034.4_2003  5 0.6451 0.0181 0.3369 
 H034.5_2002  5 0.3001 0.0254 0.6744 
 H034.5_2003  5 0.4437 0.0371 0.5193 
 H034.6_2002  5 0.6772 0.0657 0.2570 
 H034.6_2003  5 0.5359 0.0207 0.4434 
 H034.7_2002  5 0.2039 0.0733 0.7228 
 H034.7_2003  5 0.2930 0.0224 0.6846 
 H034.8_2002  5 0.6223 0.1146 0.2631 
 H034.8_2003  5 0.7675 0.0150 0.2175 
      H034.9  5 0.1958 0.1358 0.6684 
      H048.1  5 0.0316 0.0865 0.8819 
      H048.2  5 0.0676 0.7762 0.1563 
      H048.3  5 0.6820 0.1244 0.1936 
      H048.4  5 0.3394 0.5381 0.1225 
      H048.5  5 0.0186 0.1446 0.8368 
      H048.6  5 0.3682 0.5123 0.1194 
      H048.7  5 0.0857 0.1753 0.7390 
      H048.8  5 0.3746 0.1644 0.4610 
      H060.1  5 0.8920 0.0642 0.0439 
     H060.10  5 0.9493 0.0165 0.0341 
      H060.2  5 0.8248 0.1170 0.0583 
      H060.3  5 0.9226 0.0225 0.0550 
      H060.4  5 0.8924 0.0641 0.0435 
      H060.5  5 0.9115 0.0250 0.0635 
      H060.6  5 0.9191 0.0218 0.0591 
      H060.7  5 0.7448 0.2010 0.0542 
      H060.8  5 0.8341 0.1121 0.0538 
      H060.9  5 0.8577 0.0200 0.1223 
 H070.1_2002  5 0.5806 0.2858 0.1336 
 H070.1_2003  5 0.6499 0.1914 0.1587 
 H070.1_2004  5 0.8542 0.0228 0.1230 
 H070.2_2002  5 0.7730 0.1402 0.0868 
 H070.2_2003  5 0.6520 0.1082 0.2398 
 H070.2_2004  5 0.6348 0.0227 0.3426 
 H070.3_2002  5 0.6637 0.1498 0.1864 
 H070.3_2003  5 0.3165 0.0386 0.6449 
 H070.3_2004  5 0.6821 0.0723 0.2456 
 H070.4_2002  5 0.2218 0.0866 0.6916 
 H070.4_2003  5 0.6309 0.0904 0.2787 
 H070.4_2004  5 0.5417 0.2003 0.2580 
 H070.5_2002  5 0.4309 0.4314 0.1377 
 H070.5_2003  5 0.5242 0.0346 0.4413 
 H070.5_2004  5 0.8789 0.0223 0.0987 
 H070.6_2002  5 0.1083 0.2169 0.6748 
 H070.6_2003  5 0.4031 0.0432 0.5537 
 H070.6_2004  5 0.5383 0.1569 0.3048 
      H077.1  5 0.2792 0.0337 0.6871 
      H077.2  5 0.3013 0.0404 0.6583 
      H077.3  5 0.1456 0.0264 0.8280 
      H077.4  5 0.1665 0.0348 0.7987 
      H077.5  5 0.6014 0.0168 0.3818 
      H077.6  5 0.4208 0.0240 0.5551 
      H097.1  5 0.2939 0.6142 0.0919 
      H097.2  5 0.0623 0.8929 0.0448 
      H097.3  5 0.2110 0.2471 0.5419 
      H097.4  5 0.0987 0.8203 0.0810 
      H097.5  5 0.2861 0.2977 0.4162 
      H097.6  5 0.0488 0.9237 0.0274 
      H097.7  5 0.1050 0.8234 0.0716 
      H124.1  5 0.2120 0.6127 0.1753 
      H124.2  5 0.4624 0.2971 0.2405 
      H124.3  5 0.3287 0.5322 0.1391 
      H124.4  5 0.4737 0.3380 0.1883 
      H124.5  5 0.4741 0.3280 0.1980 
      H132.1  5 0.8408 0.0913 0.0680 
      H132.2  5 0.9088 0.0480 0.0432 
      H132.3  5 0.9436 0.0249 0.0315 
      H132.4  5 0.8093 0.1135 0.0773 
      H132.5  5 0.9672 0.0151 0.0177 
      H132.6  5 0.9537 0.0272 0.0191 
      H132.7  5 0.3258 0.6107 0.0635 
      H155.1  5 0.0923 0.8365 0.0712 
      H155.2  5 0.0955 0.8069 0.0975 
      H155.3  5 0.0194 0.9484 0.0322 
      H155.4  5 0.0387 0.9439 0.0174 
      H155.5  5 0.0709 0.8718 0.0573 
      H155.6  5 0.0849 0.8286 0.0865 
      H155.7  5 0.2024 0.6565 0.1411 
      H155.8  5 0.0384 0.9366 0.0250 
      H155.9  5 0.0309 0.6498 0.3193 
      H169.1  5 0.1150 0.0260 0.8590 
      H169.2  5 0.0790 0.0304 0.8905 
      H169.3  5 0.0455 0.0217 0.9327 
      H169.4  5 0.3686 0.0430 0.5884 
      H169.5  5 0.1846 0.0432 0.7721 
      H169.6  5 0.2047 0.0586 0.7367 
      H457.1  5 0.0338 0.8754 0.0908 
      H457.2  5 0.0120 0.9629 0.0251 
      H457.3  5 0.0240 0.8723 0.1037 
      H457.4  5 0.0476 0.7440 0.2084 
      H457.5  5 0.0645 0.2823 0.6532 
      H457.6  5 0.0316 0.6821 0.2862 
      H457.7  5 0.2787 0.3621 0.3592 
      H457.8  5 0.0276 0.6558 0.3166 
      H462.1  5 0.4188 0.3911 0.1900 
      H462.2  5 0.5253 0.3843 0.0903 
      H462.3  5 0.1915 0.3779 0.4306 
      H462.4  5 0.6472 0.1319 0.2210 
      H462.5  5 0.6209 0.2325 0.1466 
      H462.6  5 0.2854 0.2963 0.4183 
      H462.7  5 0.0662 0.4582 0.4756 
      H462.8  5 0.6294 0.0958 0.2749 
      H462.9  5 0.2211 0.3771 0.4018 
      H481.1  5 0.4745 0.0175 0.5080 
      H481.2  5 0.9458 0.0240 0.0301 
      H481.3  5 0.9146 0.0141 0.0713 
      H481.4  5 0.9268 0.0236 0.0497 
      H481.5  5 0.9011 0.0201 0.0788 
      H481.6  5 0.4786 0.2678 0.2536 
      H481.7  5 0.7086 0.1174 0.1740 
      H481.8  5 0.1439 0.3376 0.5185 
      H509.1  5 0.0635 0.0663 0.8702 
      H509.2  5 0.0434 0.2379 0.7187 
      H509.3  5 0.0231 0.1856 0.7913 
      H509.4  5 0.0783 0.3977 0.5240 
      H509.5  5 0.0398 0.5683 0.3918 
      H509.6  5 0.0898 0.2146 0.6956 
      H509.7  5 0.0213 0.3049 0.6738 
      H567.1  5 0.0308 0.1535 0.8157 
      H567.2  5 0.0746 0.6052 0.3202 
      H567.3  5 0.1233 0.3691 0.5076 
      H567.4  5 0.0355 0.8800 0.0845 
      H567.5  5 0.0239 0.1569 0.8191 
      H567.6  5 0.0590 0.1892 0.7518 
      H567.7  5 0.0627 0.6517 0.2856 
      H567.8  5 0.1218 0.3218 0.5564 
      H608.1  5 0.3066 0.4202 0.2733 
      H608.2  5 0.3424 0.3790 0.2786 
      H608.3  5 0.2525 0.3812 0.3663 
      H608.4  5 0.2039 0.4869 0.3092 
      H608.5  5 0.0385 0.5208 0.4408 
      H608.6  5 0.6058 0.1851 0.2092 
      H608.7  5 0.1033 0.7750 0.1217 
      H608.8  5 0.3456 0.4702 0.1842 
      H615.1  5 0.9456 0.0169 0.0375 
      H615.2  5 0.6423 0.1426 0.2151 
      H615.3  5 0.0840 0.0833 0.8327 
      H615.4  5 0.2201 0.2077 0.5722 
      H615.5  5 0.6996 0.0255 0.2749 
      H615.6  5 0.5174 0.0409 0.4417 
      H635.1  5 0.2137 0.0955 0.6908 
      H635.2  5 0.1168 0.5119 0.3713 
      H635.3  5 0.1981 0.6072 0.1947 
      H635.4  5 0.3672 0.4721 0.1607 
      H635.5  5 0.1798 0.3104 0.5098 
      H635.6  5 0.5220 0.0777 0.4003 
      H635.7  5 0.2005 0.2156 0.5838 
      H635.8  5 0.0514 0.8899 0.0587 
      H635.9  5 0.1330 0.2388 0.6282 
      H728.1  5 0.1645 0.0328 0.8026 
      H728.2  5 0.5682 0.0644 0.3674 
      H728.3  5 0.0565 0.0498 0.8937 
      H728.4  5 0.2357 0.0532 0.7112 
      H728.5  5 0.0329 0.0185 0.9485 
      H728.6  5 0.2173 0.0268 0.7559 
      H728.7  5 0.2283 0.3637 0.4080 
 H7395.1_200  5 0.3225 0.3591 0.3184 
 H7395.1_200  5 0.1006 0.0267 0.8728 
     H7395.2  5 0.2148 0.0360 0.7492 
     H7395.3  5 0.0189 0.0690 0.9121 
     H7395.4  5 0.0414 0.0348 0.9238 
     H7395.5  5 0.0401 0.0574 0.9025 
     H7395.6  5 0.0127 0.0344 0.9529 
     H7395.7  5 0.0604 0.0869 0.8527 
     H7395.8  5 0.4581 0.0440 0.4979 
     H7395.9  5 0.3275 0.1366 0.5359 
      H742.1  5 0.0977 0.1381 0.7642 
      H742.2  5 0.1164 0.2189 0.6647 
      H742.3  5 0.0566 0.0262 0.9172 
      H958.1  5 0.0383 0.0313 0.9304 
      H958.2  5 0.0179 0.0530 0.9290 
      H958.3  5 0.0247 0.0885 0.8867 
      H958.4  5 0.0200 0.0183 0.9616 
      H958.5  5 0.0436 0.0845 0.8719 
      H958.6  5 0.0290 0.0503 0.9207 
      H958.7  5 0.0203 0.0544 0.9253 
      H452.1 10 0.9421 0.0214 0.0365 
     H452.10 10 0.9614 0.0183 0.0203 
      H452.2 10 0.7031 0.1573 0.1395 
      H452.3 10 0.9582 0.0181 0.0237 
      H452.4 10 0.9710 0.0161 0.0129 
      H452.5 10 0.8837 0.0548 0.0614 
      H452.6 10 0.4578 0.0806 0.4616 
      H452.7 10 0.9353 0.0232 0.0415 
      H452.8 10 0.8456 0.0729 0.0815 
      H452.9 10 0.9690 0.0136 0.0174 
      H473.1 10 0.0317 0.1026 0.8657 
      H473.2 10 0.0421 0.9080 0.0499 
      H473.3 10 0.0495 0.9154 0.0352 
      H473.4 10 0.0537 0.9033 0.0430 
      H473.5 10 0.0428 0.7190 0.2382 
      H473.6 10 0.0297 0.9315 0.0388 
      H473.7 10 0.0348 0.8907 0.0745 
      H473.8 10 0.0617 0.8940 0.0443 
      H487.1 10 0.9686 0.0149 0.0165 
      H487.2 10 0.9171 0.0323 0.0506 
      H487.3 10 0.9395 0.0161 0.0444 
      H487.4 10 0.4169 0.0382 0.5450 
      H487.5 10 0.9685 0.0125 0.0190 
      H703.1 10 0.5210 0.1735 0.3055 
     H703.10 10 0.1032 0.1381 0.7587 
      H703.2 10 0.1988 0.1694 0.6318 
      H703.3 10 0.1555 0.1268 0.7177 
      H703.4 10 0.1144 0.5425 0.3431 
      H703.5 10 0.0146 0.8292 0.1562 
      H703.6 10 0.0303 0.1149 0.8548 
      H703.7 10 0.0905 0.7616 0.1480 
      H703.8 10 0.0499 0.0495 0.9006 
      H703.9 10 0.0433 0.0336 0.9231 
      H705.1 10 0.2273 0.2027 0.5700 
      H705.2 10 0.3730 0.2720 0.3550 
      H705.3 10 0.9525 0.0204 0.0271 
      H705.4 10 0.8983 0.0426 0.0591 
      H705.5 10 0.9366 0.0379 0.0255 
      H705.6 10 0.7224 0.0659 0.2117 
      H705.7 10 0.1446 0.2627 0.5927 
     H7352.1 10 0.8950 0.0325 0.0726 
     H7352.2 10 0.9572 0.0115 0.0313 
     H7352.3 10 0.2365 0.0158 0.7477 
     H7352.4 10 0.2222 0.0165 0.7614 
     H7352.5 10 0.8888 0.0361 0.0751 
     H7352.6 10 0.7953 0.0443 0.1603 
     H7352.7 10 0.9311 0.0134 0.0554 
     H7354.1 10 0.0911 0.0561 0.8528 
     H7354.2 10 0.2038 0.0982 0.6979 
     H7354.3 10 0.0967 0.0481 0.8552 
     H7354.4 10 0.0689 0.0378 0.8933 
     H7354.5 10 0.3427 0.0680 0.5893 
     H7354.6 10 0.0308 0.0298 0.9394 
     H7354.7 10 0.0817 0.0220 0.8962 
     H7359.1 10 0.4444 0.2945 0.2611 
     H7359.2 10 0.1687 0.2575 0.5738 
     H7359.3 10 0.1755 0.3580 0.4665 
     H7359.4 10 0.0907 0.0846 0.8247 
     H7359.5 10 0.3227 0.1747 0.5027 
      H909.1 10 0.0455 0.0146 0.9399 
      H909.2 10 0.7652 0.0787 0.1561 
      H909.3 10 0.9485 0.0171 0.0343 
      H909.4 10 0.4115 0.0774 0.5111 
      H909.6 10 0.1892 0.0322 0.7787 
      H909.8 10 0.1613 0.0842 0.7545 
      H909.9 10 0.8975 0.0206 0.0819 
     H9555.1 10 0.9314 0.0195 0.0491 
     H9555.2 10 0.9672 0.0178 0.0150 
     H9555.3 10 0.9203 0.0299 0.0498 
     H9555.4 10 0.9344 0.0132 0.0525 
     H9555.5 10 0.9388 0.0256 0.0356 
     H9555.6 10 0.2666 0.2011 0.5323 
     H9555.7 10 0.2265 0.1003 0.6733 
     H9703.1 10 0.0394 0.0498 0.9109 
     H9703.2 10 0.0254 0.2200 0.7546 
     H9703.3 10 0.0300 0.0589 0.9111 
     H9703.4 10 0.0441 0.0436 0.9123 
     H9703.5 10 0.1055 0.2472 0.6472 
     H9707.1 10 0.8874 0.0585 0.0540 
     H9707.2 10 0.9398 0.0284 0.0318 
     H9707.3 10 0.7670 0.1660 0.0670 
     H9707.4 10 0.4540 0.1135 0.4325 
     H9707.5 10 0.8584 0.0604 0.0812 
     H9707.6 10 0.2128 0.6512 0.1360 
     H9707.7 10 0.5483 0.1594 0.2923 
     H9707.8 10 0.5290 0.4260 0.0451 
     HSAA4.1 10 0.5668 0.0770 0.3562 
     HSAA4.2 10 0.9151 0.0380 0.0469 
     HSAA4.3 10 0.9295 0.0309 0.0396 
     HSAA4.4 10 0.5844 0.0545 0.3611 
     HSAA4.5 10 0.2581 0.0367 0.7052 
     HSAA4.6 10 0.9561 0.0134 0.0305 
     HSAA4.7 10 0.8275 0.0118 0.1608 
   saaRTON.1 10 0.0197 0.0253 0.9550 
  saaRTON.10 10 0.0403 0.0471 0.9127 
   saaRTON.2 10 0.0203 0.0619 0.9178 
   saaRTON.3 10 0.0258 0.0350 0.9392 
   saaRTON.4 10 0.1217 0.0689 0.8093 
   saaRTON.5 10 0.0675 0.0453 0.8871 
   saaRTON.6 10 0.0320 0.0919 0.8761 
   saaRTON.7 10 0.0708 0.7715 0.1577 
   saaRTON.8 10 0.0636 0.0401 0.8963 
   saaRTON.9 10 0.0163 0.0158 0.9679 
      H005.1 11 0.0384 0.0308 0.9309 
      H005.2 11 0.0372 0.3502 0.6126 
      H005.3 11 0.0956 0.0375 0.8669 
      H005.4 11 0.0725 0.2361 0.6914 
      H005.5 11 0.1192 0.0988 0.7820 
      H005.6 11 0.1314 0.3258 0.5427 
      H005.7 11 0.0385 0.1263 0.8352 
      H005.8 11 0.1186 0.0536 0.8278 
      H005.9 11 0.0550 0.2484 0.6965 
      H031.1 11 0.2403 0.0980 0.6618 
      H031.2 11 0.1109 0.0611 0.8280 
      H031.3 11 0.1139 0.4181 0.4679 
      H031.4 11 0.1410 0.0669 0.7921 
      H031.5 11 0.1917 0.2060 0.6023 
      H031.6 11 0.3966 0.0460 0.5574 
      H031.7 11 0.4150 0.2999 0.2851 
      H031.8 11 0.1266 0.0764 0.7969 
      H136.1 11 0.2739 0.1679 0.5583 
      H136.2 11 0.0869 0.6612 0.2519 
      H136.3 11 0.1040 0.6670 0.2290 
      H136.4 11 0.4568 0.0747 0.4685 
      H153.1 11 0.1326 0.0784 0.7890 
      H153.2 11 0.2646 0.0750 0.6603 
      H153.3 11 0.0862 0.0874 0.8264 
      H153.4 11 0.1255 0.0595 0.8149 
      H167.1 11 0.0302 0.9075 0.0622 
      H167.2 11 0.1342 0.8221 0.0437 
      H167.3 11 0.0535 0.9125 0.0340 
      H167.4 11 0.0294 0.6307 0.3399 
      H167.5 11 0.0363 0.8315 0.1322 
      H167.6 11 0.0785 0.7934 0.1281 
      H167.7 11 0.3611 0.2907 0.3482 
