      H105.1  1 0.1949 0.2595 0.2018 0.0816 0.0283 0.2340 
      H105.2  1 0.0990 0.0164 0.1660 0.2458 0.0304 0.4424 
      H105.3  1 0.1344 0.1938 0.0667 0.0367 0.0454 0.5229 
      H105.4  1 0.0762 0.0226 0.5042 0.0947 0.0496 0.2527 
      H105.5  1 0.0910 0.0219 0.6503 0.0800 0.0503 0.1064 
      H105.6  1 0.0516 0.1045 0.3394 0.0163 0.0568 0.4315 
      H105.7  1 0.0326 0.5729 0.1221 0.0663 0.0206 0.1856 
      H105.8  1 0.1585 0.2744 0.0777 0.0477 0.0352 0.4066 
      H115.1  1 0.1104 0.1434 0.0423 0.0505 0.3167 0.3367 
      H115.2  1 0.0722 0.0181 0.0388 0.0285 0.7780 0.0645 
      H115.3  1 0.0361 0.0096 0.0497 0.0324 0.8536 0.0186 
      H115.4  1 0.6376 0.0117 0.0351 0.1698 0.0541 0.0917 
      H115.5  1 0.0338 0.0378 0.0294 0.0476 0.8094 0.0419 
      H115.6  1 0.0268 0.0228 0.1072 0.0718 0.7033 0.0680 
      H115.7  1 0.0892 0.0154 0.1715 0.1679 0.0929 0.4631 
      H115.8  1 0.0125 0.0284 0.0155 0.0194 0.9092 0.0150 
      H115.9  1 0.0150 0.1715 0.0207 0.0189 0.7430 0.0309 
      H145.1  1 0.0141 0.0113 0.9161 0.0068 0.0292 0.0225 
      H145.2  1 0.0203 0.0128 0.7608 0.0146 0.1452 0.0463 
      H145.3  1 0.0118 0.1246 0.7724 0.0370 0.0343 0.0198 
      H145.4  1 0.0126 0.0110 0.9040 0.0121 0.0174 0.0429 
      H145.5  1 0.0125 0.0185 0.8514 0.0144 0.0745 0.0287 
      H145.6  1 0.0320 0.0168 0.7054 0.0847 0.1123 0.0488 
      H145.7  1 0.0166 0.0195 0.8714 0.0660 0.0108 0.0158 
      H149.1  1 0.0290 0.0130 0.9183 0.0088 0.0143 0.0167 
      H149.2  1 0.0097 0.0060 0.9567 0.0111 0.0063 0.0102 
      H149.3  1 0.0301 0.0124 0.9042 0.0170 0.0091 0.0271 
      H149.4  1 0.2052 0.0166 0.6849 0.0241 0.0236 0.0456 
      H149.5  1 0.1148 0.0109 0.7769 0.0513 0.0072 0.0389 
      H149.6  1 0.0126 0.0061 0.9333 0.0164 0.0068 0.0249 
      H149.7  1 0.3837 0.0437 0.3453 0.0788 0.0149 0.1336 
      H150.1  1 0.0174 0.0199 0.0119 0.0114 0.9294 0.0101 
      H150.2  1 0.0489 0.0138 0.0323 0.0154 0.8546 0.0351 
      H150.3  1 0.0231 0.0562 0.0648 0.0203 0.5027 0.3330 
      H150.4  1 0.0073 0.0219 0.0144 0.0081 0.9328 0.0155 
      H150.5  1 0.1303 0.0210 0.1862 0.0820 0.4793 0.1013 
      H150.6  1 0.4291 0.0089 0.0429 0.1250 0.3237 0.0704 
      H150.7  1 0.0082 0.0308 0.0312 0.0063 0.9041 0.0194 
   H169607.1  1 0.3368 0.0840 0.2121 0.1535 0.0807 0.1329 
   H169607.2  1 0.1607 0.1279 0.6427 0.0180 0.0239 0.0268 
   H169607.3  1 0.0836 0.1216 0.2866 0.4356 0.0358 0.0367 
   H169607.4  1 0.0368 0.0132 0.9057 0.0148 0.0168 0.0127 
   H169607.5  1 0.1168 0.1288 0.6892 0.0216 0.0270 0.0165 
   H169607.6  1 0.1999 0.0938 0.6283 0.0470 0.0167 0.0144 
   H169607.7  1 0.7497 0.0902 0.0980 0.0280 0.0177 0.0163 
   H169607.8  1 0.0661 0.0637 0.8186 0.0280 0.0094 0.0141 
   H169633.1  1 0.0381 0.0188 0.6652 0.0382 0.0972 0.1426 
   H169633.2  1 0.1274 0.0997 0.1436 0.0811 0.0139 0.5344 
   H169633.3  1 0.1044 0.1779 0.4463 0.0232 0.0155 0.2326 
   H169633.4  1 0.0281 0.0137 0.8299 0.0210 0.0781 0.0294 
   H169633.5  1 0.0386 0.0136 0.8096 0.0234 0.0845 0.0302 
   H169688.1  1 0.0900 0.0267 0.2465 0.6130 0.0086 0.0152 
   H169688.2  1 0.1587 0.0273 0.0257 0.7461 0.0290 0.0132 
   H169688.3  1 0.2810 0.0123 0.2078 0.4330 0.0292 0.0367 
   H169688.4  1 0.1899 0.0352 0.0610 0.1764 0.5216 0.0159 
   H169688.5  1 0.2190 0.0260 0.0572 0.1866 0.4964 0.0148 
   H169688.6  1 0.5758 0.0225 0.0391 0.2510 0.0936 0.0180 
   H169688.7  1 0.4148 0.0255 0.3096 0.1734 0.0411 0.0356 
   H171901.1  1 0.0340 0.0128 0.0953 0.2175 0.3612 0.2792 
   H171901.2  1 0.0294 0.0214 0.8892 0.0150 0.0246 0.0203 
   H171901.3  1 0.1510 0.0208 0.6489 0.0941 0.0286 0.0567 
   H171901.4  1 0.2700 0.0237 0.6346 0.0255 0.0187 0.0276 
   H171901.5  1 0.2595 0.0117 0.6764 0.0213 0.0154 0.0156 
   H171901.6  1 0.1503 0.0133 0.7772 0.0132 0.0185 0.0275 
   H171901.7  1 0.3534 0.0219 0.5762 0.0141 0.0198 0.0145 
   H171902.1  1 0.2530 0.0409 0.4462 0.0241 0.2216 0.0142 
  H171902.10  1 0.3688 0.0104 0.5839 0.0105 0.0186 0.0078 
   H171902.2  1 0.2084 0.2190 0.2213 0.2369 0.0895 0.0248 
   H171902.3  1 0.6205 0.0181 0.3027 0.0153 0.0250 0.0184 
   H171902.4  1 0.0207 0.0161 0.9034 0.0118 0.0344 0.0136 
   H171902.6  1 0.3174 0.0104 0.6256 0.0085 0.0252 0.0128 
   H171902.7  1 0.0831 0.0082 0.8371 0.0088 0.0550 0.0078 
   H171902.8  1 0.4109 0.0125 0.5114 0.0162 0.0345 0.0145 
   H171902.9  1 0.0478 0.0270 0.6761 0.0162 0.2153 0.0176 
   H171903.1  1 0.1108 0.0788 0.7112 0.0436 0.0280 0.0276 
   H171903.2  1 0.1703 0.3437 0.2972 0.0735 0.0883 0.0270 
   H171903.3  1 0.2472 0.1340 0.4562 0.0499 0.0479 0.0649 
   H171903.4  1 0.0515 0.0200 0.6653 0.1953 0.0413 0.0266 
   H171903.5  1 0.5045 0.1125 0.1848 0.1016 0.0605 0.0362 
   H171903.6  1 0.3507 0.0350 0.4812 0.1072 0.0162 0.0097 
      H177.1  1 0.0698 0.0123 0.8247 0.0610 0.0227 0.0095 
      H177.2  1 0.3430 0.1599 0.4023 0.0406 0.0352 0.0190 
      H177.3  1 0.1843 0.0151 0.7456 0.0112 0.0337 0.0101 
      H177.4  1 0.1637 0.0199 0.7165 0.0769 0.0137 0.0093 
      H177.5  1 0.0459 0.0295 0.1352 0.7613 0.0168 0.0114 
      H177.6  1 0.2314 0.0214 0.6672 0.0121 0.0555 0.0125 
      H179.1  1 0.8026 0.0290 0.0139 0.0734 0.0209 0.0602 
      H179.2  1 0.8830 0.0343 0.0143 0.0297 0.0091 0.0296 
      H179.3  1 0.4780 0.1379 0.0137 0.3173 0.0284 0.0247 
      H179.4  1 0.8811 0.0333 0.0394 0.0233 0.0066 0.0165 
      H180.1  1 0.6682 0.0089 0.0152 0.1433 0.1056 0.0588 
      H180.2  1 0.5187 0.0123 0.0198 0.1659 0.2431 0.0401 
      H180.3  1 0.2454 0.0992 0.0109 0.0864 0.3600 0.1982 
      H180.4  1 0.5141 0.0300 0.0610 0.2050 0.0717 0.1182 
      H180.5  1 0.5202 0.0655 0.1022 0.1234 0.1768 0.0118 
      H180.6  1 0.0695 0.6229 0.0687 0.0240 0.1910 0.0239 
      H181.1  1 0.2738 0.0137 0.2492 0.4028 0.0445 0.0160 
      H181.2  1 0.5328 0.0265 0.1753 0.1907 0.0466 0.0282 
      H181.3  1 0.3987 0.0404 0.1198 0.3936 0.0332 0.0143 
      H181.4  1 0.1717 0.0315 0.3508 0.3979 0.0193 0.0288 
      H181.5  1 0.3088 0.0909 0.0399 0.4885 0.0201 0.0518 
      H181.6  1 0.7211 0.0396 0.0623 0.1116 0.0321 0.0333 
      H181.7  1 0.8276 0.0418 0.0298 0.0657 0.0247 0.0103 
 H194.1_2004  1 0.0099 0.0136 0.9435 0.0094 0.0114 0.0121 
 H194.2_2004  1 0.0064 0.0086 0.9103 0.0475 0.0146 0.0127 
 H194.3_2004  1 0.0121 0.0115 0.9408 0.0088 0.0097 0.0171 
 H194.4_2004  1 0.0109 0.0107 0.9342 0.0212 0.0134 0.0096 
 H194.5_2004  1 0.0128 0.0243 0.9298 0.0097 0.0078 0.0156 
 H194.6_2004  1 0.0336 0.0315 0.8304 0.0637 0.0128 0.0280 
 H194.7_2004  1 0.0107 0.0776 0.8336 0.0314 0.0126 0.0342 
 H194.8_2004  1 0.0187 0.0210 0.8273 0.0917 0.0122 0.0291 
      H194.9  1 0.0108 0.1287 0.7937 0.0150 0.0230 0.0287 
 H195.1_2003  1 0.0489 0.0165 0.8657 0.0238 0.0075 0.0376 
 H195.1_2004  1 0.0634 0.0145 0.7984 0.0320 0.0446 0.0470 
 H195.2_2003  1 0.0443 0.0707 0.8393 0.0145 0.0195 0.0117 
 H195.2_2004  1 0.0244 0.0301 0.8722 0.0286 0.0200 0.0245 
 H195.3_2003  1 0.0697 0.0379 0.7604 0.0467 0.0364 0.0488 
 H195.3_2004  1 0.0136 0.0066 0.9398 0.0128 0.0110 0.0162 
 H195.4_2003  1 0.0107 0.0092 0.9268 0.0125 0.0072 0.0336 
 H195.4_2004  1 0.0240 0.0848 0.6263 0.2316 0.0120 0.0212 
 H195.5_2003  1 0.0427 0.0127 0.8539 0.0312 0.0092 0.0502 
 H195.5_2004  1 0.0205 0.0111 0.8818 0.0415 0.0115 0.0337 
 H195.6_2003  1 0.0145 0.0116 0.9208 0.0224 0.0188 0.0119 
 H195.6_2004  1 0.0127 0.0132 0.9244 0.0114 0.0085 0.0299 
 H195.7_2003  1 0.1127 0.0429 0.7073 0.0997 0.0059 0.0316 
 H195.7_2004  1 0.0926 0.0186 0.6389 0.0487 0.1524 0.0488 
      H195.8  1 0.0231 0.0552 0.6432 0.2207 0.0262 0.0315 
      H195.9  1 0.0253 0.0320 0.8937 0.0252 0.0104 0.0134 
      H415.1  1 0.0451 0.0874 0.1047 0.0188 0.3423 0.4018 
      H415.2  1 0.4013 0.0183 0.2440 0.0141 0.2034 0.1189 
      H415.3  1 0.3073 0.0238 0.0515 0.0126 0.0219 0.5829 
      H415.4  1 0.0229 0.0278 0.0245 0.0142 0.0531 0.8573 
      H415.5  1 0.2584 0.0129 0.0374 0.0120 0.0227 0.6566 
      H415.6  1 0.0392 0.0402 0.0360 0.0102 0.0492 0.8252 
      H415.7  1 0.3641 0.0275 0.4581 0.0130 0.0462 0.0913 
      H506.1  1 0.9202 0.0147 0.0126 0.0132 0.0124 0.0270 
      H506.2  1 0.9213 0.0095 0.0340 0.0099 0.0105 0.0148 
      H506.3  1 0.8011 0.0260 0.0092 0.0345 0.0684 0.0607 
      H506.4  1 0.8890 0.0225 0.0083 0.0282 0.0310 0.0210 
      H506.5  1 0.9024 0.0156 0.0270 0.0128 0.0219 0.0203 
      H506.6  1 0.7415 0.0190 0.0146 0.0524 0.1526 0.0199 
      H506.7  1 0.8864 0.0189 0.0310 0.0117 0.0216 0.0304 
      H533.1  1 0.9528 0.0083 0.0085 0.0091 0.0128 0.0085 
      H533.2  1 0.9457 0.0086 0.0098 0.0083 0.0175 0.0102 
      H533.3  1 0.9347 0.0164 0.0126 0.0140 0.0125 0.0098 
      H533.4  1 0.9058 0.0143 0.0228 0.0223 0.0225 0.0123 
      H535.1  1 0.7688 0.0265 0.1439 0.0121 0.0174 0.0313 
      H535.2  1 0.5991 0.1819 0.1440 0.0570 0.0066 0.0114 
      H535.3  1 0.6179 0.1556 0.1107 0.0781 0.0167 0.0211 
      H535.4  1 0.7837 0.0141 0.1539 0.0137 0.0060 0.0285 
      H535.5  1 0.8870 0.0128 0.0682 0.0101 0.0074 0.0145 
      H535.6  1 0.7231 0.0515 0.0828 0.0928 0.0191 0.0307 
      H535.7  1 0.9282 0.0179 0.0240 0.0082 0.0102 0.0115 
      H535.8  1 0.8581 0.0412 0.0442 0.0328 0.0088 0.0149 
      H535.9  1 0.8697 0.0278 0.0527 0.0118 0.0216 0.0165 
      H539.1  1 0.0045 0.0082 0.0089 0.0049 0.9671 0.0064 
      H539.2  1 0.3960 0.0784 0.0360 0.0975 0.3551 0.0370 
      H539.3  1 0.0139 0.0364 0.0272 0.0215 0.8868 0.0143 
      H539.4  1 0.0159 0.0163 0.0071 0.0109 0.9377 0.0121 
      H539.5  1 0.0074 0.0513 0.0136 0.0080 0.9098 0.0098 
      H539.6  1 0.0115 0.0815 0.0193 0.0070 0.8689 0.0118 
      H539.7  1 0.0109 0.0115 0.0168 0.0085 0.9384 0.0140 
      H539.8  1 0.0155 0.0155 0.0227 0.0228 0.9059 0.0176 
      H539.9  1 0.0069 0.0151 0.0065 0.0070 0.9581 0.0064 
      H540.1  1 0.0377 0.0170 0.0719 0.0164 0.8471 0.0098 
      H540.2  1 0.0132 0.0138 0.0576 0.0103 0.8900 0.0150 
      H540.3  1 0.0109 0.0069 0.0144 0.0256 0.9247 0.0174 
      H540.4  1 0.0885 0.0115 0.0885 0.0231 0.7469 0.0415 
      H540.5  1 0.0125 0.0125 0.0134 0.0119 0.9412 0.0084 
      H540.6  1 0.0279 0.0496 0.0634 0.0316 0.8042 0.0233 
      H540.7  1 0.0395 0.0428 0.0802 0.0214 0.7967 0.0194 
      H540.8  1 0.0790 0.0116 0.4828 0.0179 0.3909 0.0177 
     H9558.1  1 0.0152 0.0073 0.0159 0.0087 0.9412 0.0117 
     H9558.2  1 0.0168 0.0197 0.0150 0.0119 0.9209 0.0156 
     H9558.3  1 0.0113 0.0281 0.0140 0.0088 0.9230 0.0149 
     H9558.4  1 0.0376 0.0111 0.0166 0.0123 0.9117 0.0107 
     H9558.5  1 0.0246 0.0071 0.0070 0.0128 0.9380 0.0104 
     H9558.6  1 0.0087 0.1065 0.0257 0.0374 0.8028 0.0189 
    kos339.1  1 0.5676 0.0798 0.2860 0.0209 0.0211 0.0246 
    kos339.2  1 0.1656 0.1828 0.5376 0.0206 0.0267 0.0666 
    kos339.3  1 0.3229 0.0202 0.6114 0.0136 0.0098 0.0221 
    kos339.4  1 0.2144 0.0256 0.6706 0.0187 0.0139 0.0568 
    kos339.5  1 0.1801 0.0331 0.7325 0.0137 0.0085 0.0322 
    kos339.6  1 0.0233 0.0112 0.9200 0.0130 0.0122 0.0202 
    kos339.7  1 0.5593 0.0358 0.3672 0.0092 0.0118 0.0167 
    kos339.8  1 0.4526 0.0196 0.4560 0.0200 0.0127 0.0391 
    kos339.9  1 0.0532 0.0292 0.8782 0.0088 0.0141 0.0165 
      H008.1  2 0.0217 0.9261 0.0106 0.0113 0.0141 0.0162 
      H008.2  2 0.2286 0.2237 0.0345 0.0457 0.4444 0.0232 
      H008.3  2 0.2958 0.1630 0.0459 0.1730 0.2727 0.0495 
      H008.4  2 0.0118 0.8842 0.0178 0.0107 0.0455 0.0300 
      H008.5  2 0.0206 0.8952 0.0122 0.0177 0.0308 0.0235 
      H008.6  2 0.0626 0.5882 0.0333 0.0157 0.2715 0.0287 
      H008.7  2 0.0664 0.6779 0.0398 0.0442 0.1302 0.0415 
      H008.8  2 0.0564 0.2583 0.0390 0.0161 0.6130 0.0172 
      H008.9  2 0.0533 0.0563 0.0847 0.0228 0.7503 0.0326 
 H029.1_2002  2 0.0078 0.9174 0.0091 0.0189 0.0313 0.0154 
 H029.1_2003  2 0.0491 0.7966 0.0201 0.0589 0.0309 0.0443 
 H029.2_2002  2 0.0218 0.9154 0.0237 0.0159 0.0130 0.0102 
 H029.2_2003  2 0.0700 0.7838 0.0347 0.0742 0.0258 0.0115 
 H029.3_2002  2 0.0595 0.7008 0.0403 0.1646 0.0225 0.0125 
 H029.3_2003  2 0.0241 0.9270 0.0087 0.0173 0.0091 0.0138 
 H029.4_2002  2 0.0080 0.9395 0.0059 0.0215 0.0116 0.0135 
 H029.4_2003  2 0.0329 0.7126 0.0121 0.1202 0.0810 0.0411 
 H029.5_2002  2 0.0065 0.9480 0.0083 0.0122 0.0094 0.0156 
 H029.5_2003  2 0.0163 0.9291 0.0089 0.0133 0.0158 0.0167 
 H029.6_2002  2 0.0113 0.8862 0.0084 0.0704 0.0112 0.0125 
 H029.6_2003  2 0.0711 0.8209 0.0293 0.0274 0.0145 0.0367 
      H029.7  2 0.0116 0.9395 0.0152 0.0129 0.0134 0.0073 
      H030.1  2 0.0414 0.0901 0.0270 0.8056 0.0098 0.0261 
      H030.2  2 0.0316 0.1606 0.0140 0.5918 0.0835 0.1185 
      H038.1  2 0.0069 0.9416 0.0098 0.0077 0.0246 0.0093 
      H038.2  2 0.0107 0.9550 0.0088 0.0090 0.0055 0.0111 
      H038.3  2 0.0171 0.9222 0.0127 0.0089 0.0236 0.0155 
      H038.4  2 0.0094 0.9343 0.0116 0.0102 0.0147 0.0198 
      H038.5  2 0.0352 0.9035 0.0105 0.0173 0.0228 0.0107 
      H038.6  2 0.0099 0.9467 0.0064 0.0173 0.0126 0.0070 
      H038.7  2 0.0130 0.9541 0.0056 0.0070 0.0132 0.0071 
      H038.8  2 0.0098 0.9112 0.0126 0.0139 0.0345 0.0181 
      H041.1  2 0.0166 0.6958 0.0318 0.1107 0.0217 0.1234 
      H041.2  2 0.0095 0.3177 0.0148 0.0229 0.0122 0.6229 
      H041.4  2 0.0101 0.8260 0.0284 0.0493 0.0432 0.0430 
      H041.6  2 0.0120 0.7790 0.0377 0.0405 0.0482 0.0826 
 H042.1_2002  2 0.0408 0.0217 0.1207 0.6702 0.0747 0.0719 
 H042.1_2003  2 0.0701 0.1567 0.0386 0.0275 0.4033 0.3038 
 H042.2_2002  2 0.0421 0.6552 0.0132 0.1329 0.0297 0.1269 
 H042.2_2003  2 0.0148 0.2719 0.0510 0.0181 0.0254 0.6188 
 H042.3_2002  2 0.0626 0.0321 0.1033 0.4548 0.0887 0.2586 
 H042.3_2003  2 0.1061 0.2183 0.0482 0.1350 0.2389 0.2534 
 H042.4_2002  2 0.0153 0.0504 0.0880 0.7032 0.0421 0.1009 
 H042.4_2003  2 0.0146 0.2747 0.1824 0.4683 0.0244 0.0357 
      H042.5  2 0.0112 0.0157 0.0415 0.9052 0.0099 0.0164 
      H042.6  2 0.0207 0.0571 0.0413 0.8411 0.0264 0.0135 
      H042.7  2 0.0233 0.0986 0.0359 0.3347 0.0128 0.4948 
      H042.8  2 0.0152 0.0757 0.0293 0.6252 0.0426 0.2120 
   H042_2002  2 0.0427 0.3710 0.0981 0.0201 0.3210 0.1470 
   H042_2003  2 0.0341 0.3354 0.1114 0.0222 0.3208 0.1761 
      H043.1  2 0.0312 0.0353 0.0238 0.0217 0.8749 0.0130 
      H043.2  2 0.0096 0.0277 0.0255 0.0068 0.9171 0.0133 
      H043.3  2 0.0356 0.6389 0.0215 0.0087 0.2819 0.0135 
      H043.4  2 0.0206 0.1089 0.0329 0.0106 0.8125 0.0145 
      H043.5  2 0.0120 0.0483 0.0078 0.0069 0.9154 0.0096 
      H043.6  2 0.0137 0.1115 0.0089 0.0098 0.8436 0.0125 
      H043.7  2 0.0084 0.0384 0.0519 0.0096 0.8618 0.0299 
      H043.8  2 0.1285 0.0720 0.0752 0.0290 0.6573 0.0380 
      H043.9  2 0.0506 0.2092 0.0364 0.0346 0.6511 0.0181 
      H047.1  2 0.0418 0.8434 0.0167 0.0065 0.0683 0.0234 
      H047.2  2 0.0439 0.8489 0.0301 0.0311 0.0124 0.0337 
      H047.3  2 0.0383 0.7353 0.0218 0.0351 0.0110 0.1585 
      H047.4  2 0.0131 0.8722 0.0243 0.0141 0.0114 0.0650 
      H047.5  2 0.0305 0.7783 0.0298 0.0156 0.0156 0.1303 
      H047.6  2 0.0386 0.5539 0.0209 0.0283 0.0529 0.3054 
      H047.7  2 0.0216 0.8175 0.0164 0.0065 0.0485 0.0896 
      H047.8  2 0.0694 0.5623 0.0305 0.0203 0.0604 0.2571 
      H047.9  2 0.0235 0.8720 0.0514 0.0099 0.0135 0.0298 
 H071.1_2002  2 0.0085 0.9511 0.0101 0.0079 0.0132 0.0091 
 H071.1_2003  2 0.0110 0.8888 0.0449 0.0155 0.0235 0.0163 
     H071.10  2 0.0116 0.9486 0.0082 0.0164 0.0069 0.0084 
 H071.2_2002  2 0.0123 0.9429 0.0125 0.0083 0.0129 0.0110 
 H071.2_2003  2 0.0063 0.9680 0.0070 0.0068 0.0059 0.0060 
      H071.3  2 0.0156 0.9430 0.0067 0.0116 0.0094 0.0137 
 H071.4_2002  2 0.0223 0.9256 0.0108 0.0142 0.0131 0.0140 
 H071.4_2003  2 0.0098 0.9647 0.0074 0.0061 0.0049 0.0070 
 H071.5_2002  2 0.0071 0.9602 0.0069 0.0115 0.0082 0.0062 
 H071.5_2003  2 0.0134 0.9460 0.0123 0.0095 0.0100 0.0088 
 H071.6_2002  2 0.0123 0.9575 0.0068 0.0076 0.0086 0.0072 
 H071.6_2003  2 0.0085 0.9616 0.0067 0.0093 0.0072 0.0067 
 H071.7_2002  2 0.0065 0.9701 0.0056 0.0046 0.0068 0.0064 
 H071.7_2003  2 0.0084 0.9423 0.0144 0.0150 0.0092 0.0108 
      H071.8  2 0.0093 0.9538 0.0086 0.0064 0.0120 0.0099 
      H071.9  2 0.0190 0.8749 0.0160 0.0302 0.0316 0.0284 
 H081.1_2002  2 0.0062 0.9603 0.0084 0.0087 0.0072 0.0091 
 H081.1_2003  2 0.0330 0.1482 0.0478 0.1116 0.6179 0.0414 
 H081.2_2002  2 0.0062 0.9599 0.0106 0.0069 0.0100 0.0064 
 H081.2_2003  2 0.0209 0.0440 0.0232 0.8561 0.0413 0.0144 
 H081.3_2002  2 0.0077 0.9516 0.0130 0.0090 0.0100 0.0087 
 H081.3_2003  2 0.0624 0.0399 0.0973 0.2246 0.5497 0.0261 
 H081.4_2002  2 0.0112 0.9458 0.0105 0.0117 0.0095 0.0113 
 H081.4_2003  2 0.0753 0.0778 0.1401 0.4007 0.2580 0.0482 
 H081.5_2002  2 0.0093 0.9530 0.0087 0.0102 0.0109 0.0078 
 H081.5_2003  2 0.0412 0.2227 0.1836 0.1243 0.3086 0.1196 
      H081.6  2 0.0084 0.9556 0.0086 0.0095 0.0102 0.0076 
      H081.7  2 0.0082 0.9494 0.0144 0.0113 0.0084 0.0083 
      H081.8  2 0.0124 0.9090 0.0157 0.0288 0.0173 0.0168 
      H083.1  2 0.0133 0.9482 0.0071 0.0161 0.0078 0.0075 
      H083.2  2 0.0110 0.9399 0.0127 0.0142 0.0143 0.0078 
      H083.4  2 0.0131 0.9329 0.0097 0.0204 0.0149 0.0091 
      H083.5  2 0.0084 0.9348 0.0083 0.0245 0.0135 0.0105 
      H083.6  2 0.0269 0.9088 0.0092 0.0351 0.0089 0.0111 
      H083.7  2 0.0168 0.9161 0.0111 0.0302 0.0140 0.0119 
      H083.8  2 0.0119 0.9456 0.0107 0.0111 0.0126 0.0080 
      H083.9  2 0.0110 0.9416 0.0088 0.0204 0.0106 0.0076 
      H084.1  2 0.0226 0.0205 0.0184 0.8703 0.0360 0.0322 
      H084.2  2 0.0317 0.0225 0.0092 0.8903 0.0342 0.0121 
      H084.3  2 0.0221 0.0173 0.0381 0.2921 0.1281 0.5022 
      H084.4  2 0.0367 0.0426 0.0279 0.3317 0.1734 0.3877 
      H084.5  2 0.0336 0.0150 0.0178 0.2847 0.0285 0.6204 
      H084.6  2 0.0194 0.0143 0.0397 0.3784 0.0984 0.4498 
      H084.7  2 0.0238 0.0225 0.0117 0.8879 0.0178 0.0361 
      H084.8  2 0.0157 0.0117 0.0216 0.3585 0.0265 0.5659 
 H085.1_2002  2 0.0148 0.6044 0.0803 0.2182 0.0712 0.0111 
 H085.1_2003  2 0.0322 0.7804 0.0193 0.1241 0.0236 0.0204 
 H085.2_2002  2 0.0219 0.1165 0.2643 0.4644 0.1028 0.0302 
 H085.2_2003  2 0.0420 0.8139 0.0208 0.0871 0.0181 0.0181 
 H085.3_2002  2 0.0109 0.2404 0.6341 0.0723 0.0212 0.0211 
 H085.3_2003  2 0.0154 0.9189 0.0148 0.0201 0.0101 0.0207 
 H085.4_2002  2 0.0199 0.4814 0.0874 0.1762 0.2097 0.0254 
 H085.4_2003  2 0.0072 0.8725 0.0256 0.0356 0.0142 0.0449 
 H085.5_2002  2 0.0134 0.4069 0.4694 0.0396 0.0457 0.0250 
 H085.5_2003  2 0.0204 0.8863 0.0152 0.0602 0.0089 0.0090 
 H085.6_2002  2 0.0217 0.3799 0.3538 0.1917 0.0327 0.0202 
 H085.6_2003  2 0.0209 0.4947 0.2545 0.0189 0.0195 0.1915 
 H085.7_2002  2 0.0173 0.2919 0.4235 0.2220 0.0269 0.0185 
 H085.7_2003  2 0.0215 0.8901 0.0156 0.0172 0.0190 0.0366 
 H085.8_2002  2 0.0191 0.2784 0.5797 0.0370 0.0327 0.0532 
 H085.8_2003  2 0.0213 0.4544 0.0728 0.3433 0.0405 0.0676 
      H085.9  2 0.0134 0.5136 0.2261 0.0943 0.1284 0.0243 
      H088.1  2 0.0311 0.0188 0.0782 0.8250 0.0242 0.0228 
      H088.2  2 0.0205 0.0190 0.0514 0.8715 0.0132 0.0244 
      H088.3  2 0.0193 0.0141 0.0221 0.9193 0.0114 0.0138 
      H088.4  2 0.0283 0.0354 0.0111 0.8327 0.0229 0.0696 
      H088.5  2 0.0124 0.0139 0.0117 0.9262 0.0143 0.0215 
      H088.6  2 0.0200 0.0374 0.0165 0.8429 0.0130 0.0702 
      H088.7  2 0.0316 0.4848 0.0273 0.3164 0.0152 0.1246 
      H088.8  2 0.0549 0.3277 0.0429 0.3724 0.0260 0.1761 
      H091.1  2 0.0403 0.0556 0.0197 0.8426 0.0151 0.0267 
      H091.2  2 0.0336 0.1313 0.0213 0.7187 0.0110 0.0841 
      H109.1  2 0.2714 0.0511 0.0218 0.2576 0.2340 0.1642 
      H109.2  2 0.1262 0.2591 0.0494 0.3732 0.0669 0.1252 
      H109.3  2 0.3202 0.2108 0.1133 0.0792 0.0387 0.2378 
      H109.4  2 0.2899 0.0758 0.0544 0.1721 0.2000 0.2079 
      H109.5  2 0.0348 0.5770 0.0796 0.0519 0.0095 0.2472 
      H109.6  2 0.2565 0.1600 0.1189 0.1843 0.1474 0.1328 
      H126.1  2 0.1500 0.0511 0.3724 0.0210 0.2833 0.1222 
      H126.2  2 0.0729 0.7481 0.0217 0.0193 0.1224 0.0156 
      H126.3  2 0.0302 0.8776 0.0162 0.0112 0.0362 0.0285 
      H126.4  2 0.2068 0.1577 0.0601 0.0447 0.4882 0.0426 
      H126.5  2 0.0804 0.6140 0.1306 0.0110 0.1260 0.0380 
      H126.6  2 0.0169 0.9379 0.0132 0.0091 0.0124 0.0105 
      H126.7  2 0.0152 0.9471 0.0088 0.0148 0.0072 0.0069 
      H130.1  2 0.0909 0.0295 0.5437 0.1700 0.1335 0.0323 
      H130.2  2 0.0845 0.0910 0.0369 0.7248 0.0431 0.0198 
      H130.3  2 0.5502 0.0708 0.1030 0.2500 0.0146 0.0115 
      H130.4  2 0.2099 0.0208 0.1485 0.1516 0.4512 0.0180 
      H130.5  2 0.0224 0.1221 0.1255 0.6800 0.0278 0.0223 
      H133.1  2 0.1384 0.0816 0.0694 0.1296 0.5362 0.0448 
      H133.2  2 0.1089 0.0889 0.3879 0.1417 0.2250 0.0476 
      H133.3  2 0.1439 0.3368 0.2116 0.1111 0.1262 0.0704 
      H133.4  2 0.1089 0.0372 0.0968 0.0436 0.6620 0.0514 
      H133.5  2 0.5312 0.0331 0.1155 0.1481 0.1601 0.0120 
      H133.6  2 0.1150 0.0401 0.1637 0.4793 0.1804 0.0216 
      H133.7  2 0.0358 0.1125 0.1876 0.0195 0.3310 0.3137 
      H133.8  2 0.1503 0.0469 0.0729 0.0435 0.5973 0.0891 
      H133.9  2 0.2353 0.0554 0.0529 0.1535 0.4759 0.0270 
      H147.1  2 0.0080 0.5643 0.0246 0.1226 0.0443 0.2361 
      H147.2  2 0.0053 0.9544 0.0084 0.0095 0.0107 0.0117 
      H147.3  2 0.0066 0.9424 0.0144 0.0119 0.0099 0.0147 
      H147.4  2 0.0112 0.9189 0.0116 0.0264 0.0136 0.0183 
      H147.5  2 0.0220 0.6512 0.0182 0.2609 0.0136 0.0341 
      H147.6  2 0.0244 0.5342 0.0375 0.3315 0.0204 0.0520 
      H147.7  2 0.0122 0.8916 0.0117 0.0263 0.0193 0.0389 
      H147.8  2 0.0127 0.8278 0.0089 0.1071 0.0174 0.0262 
      H147.9  2 0.0076 0.9492 0.0092 0.0133 0.0115 0.0092 
      H148.1  2 0.0552 0.0255 0.0510 0.1465 0.4769 0.2450 
      H148.2  2 0.0323 0.0425 0.0585 0.0621 0.2871 0.5174 
      H148.3  2 0.0117 0.0170 0.5428 0.0166 0.0458 0.3660 
      H148.4  2 0.0275 0.0311 0.1526 0.0199 0.2229 0.5460 
      H148.5  2 0.0253 0.0175 0.0967 0.0309 0.1085 0.7210 
      H148.6  2 0.0152 0.0260 0.1222 0.0744 0.2536 0.5085 
      H148.7  2 0.0661 0.0174 0.0394 0.0354 0.0854 0.7563 
      H148.8  2 0.0098 0.0103 0.2792 0.0163 0.0868 0.5977 
      H148.9  2 0.0478 0.0159 0.0952 0.0256 0.4016 0.4138 
   H166022.1  2 0.0065 0.0121 0.0120 0.9415 0.0077 0.0203 
   H166022.2  2 0.0295 0.0669 0.0358 0.8291 0.0136 0.0251 
   H166022.3  2 0.0129 0.0077 0.0095 0.9511 0.0062 0.0125 
   H166022.4  2 0.0248 0.0084 0.0091 0.9398 0.0064 0.0115 
   H166022.5  2 0.0244 0.0102 0.0102 0.9350 0.0070 0.0132 
   H166022.6  2 0.0102 0.0108 0.0111 0.9260 0.0223 0.0196 
   H166022.7  2 0.7220 0.0160 0.0113 0.0100 0.2313 0.0094 
   H166022.8  2 0.0313 0.0311 0.0433 0.8449 0.0156 0.0339 
   H167397.1  2 0.0147 0.0606 0.0119 0.0263 0.3080 0.5784 
   H167397.2  2 0.0333 0.0379 0.0468 0.0301 0.4395 0.4125 
   H167397.3  2 0.0148 0.0697 0.0162 0.0221 0.5255 0.3517 
   H167397.4  2 0.0316 0.0789 0.0603 0.0364 0.2754 0.5173 
   H167397.5  2 0.0238 0.0408 0.0157 0.0205 0.7573 0.1420 
   H167397.6  2 0.0161 0.0616 0.0180 0.0172 0.4509 0.4362 
   H167496.1  2 0.0921 0.0322 0.4177 0.3073 0.0106 0.1400 
   H167496.2  2 0.0942 0.4453 0.2065 0.0309 0.0252 0.1978 
   H167496.3  2 0.0232 0.0559 0.7133 0.1623 0.0161 0.0292 
   H167496.4  2 0.0156 0.0263 0.0131 0.9260 0.0060 0.0130 
   H167496.6  2 0.0602 0.1253 0.0145 0.7528 0.0145 0.0326 
   H167496.7  2 0.0929 0.0356 0.4718 0.0977 0.0197 0.2822 
   H167496.8  2 0.0247 0.2063 0.0202 0.6751 0.0177 0.0560 
   H167513.1  2 0.3217 0.0573 0.0487 0.1211 0.2231 0.2281 
   H167513.2  2 0.0539 0.0295 0.1808 0.0348 0.4452 0.2558 
   H167513.3  2 0.6416 0.0179 0.0261 0.2329 0.0443 0.0372 
   H167513.4  2 0.0773 0.0203 0.0245 0.6394 0.0320 0.2066 
   H167513.5  2 0.0481 0.0664 0.0781 0.0619 0.5910 0.1545 
   H167513.6  2 0.1251 0.0786 0.2005 0.2090 0.1682 0.2186 
   H167513.7  2 0.1938 0.0555 0.0250 0.5119 0.1905 0.0234 
   H167513.8  2 0.5901 0.0268 0.0220 0.0568 0.2745 0.0299 
   H167547.1  2 0.0210 0.0101 0.1352 0.0302 0.0646 0.7389 
   H167547.2  2 0.0091 0.0079 0.0291 0.0206 0.0221 0.9113 
   H167547.3  2 0.0091 0.0098 0.0392 0.0342 0.0202 0.8876 
   H167547.4  2 0.0318 0.0107 0.1863 0.4779 0.1687 0.1246 
   H167547.5  2 0.0113 0.0121 0.0166 0.0641 0.0162 0.8797 
   H167547.6  2 0.0117 0.0110 0.0178 0.0501 0.0219 0.8875 
   H167547.7  2 0.0282 0.0195 0.8444 0.0161 0.0546 0.0371 
   H169750.1  2 0.3501 0.0339 0.3691 0.1964 0.0304 0.0201 
   H169750.2  2 0.1187 0.2581 0.0636 0.0519 0.2461 0.2616 
   H169750.3  2 0.4052 0.0857 0.2436 0.2187 0.0172 0.0296 
   H169750.4  2 0.2322 0.0753 0.2934 0.0251 0.2684 0.1055 
   H169750.5  2 0.2882 0.1403 0.2291 0.2692 0.0485 0.0248 
   H169750.6  2 0.1024 0.6918 0.0326 0.1053 0.0400 0.0278 
   H169750.7  2 0.4592 0.1404 0.2304 0.0313 0.0530 0.0857 
   H171929.1  2 0.0178 0.0311 0.0852 0.0209 0.7446 0.1005 
  H171929.10  2 0.0181 0.1552 0.1440 0.2058 0.2995 0.1775 
  H171929.11  2 0.0216 0.0241 0.0295 0.0201 0.8661 0.0386 
   H171929.2  2 0.1160 0.0247 0.1150 0.0775 0.4065 0.2604 
   H171929.3  2 0.0526 0.0355 0.0378 0.0493 0.5113 0.3135 
   H171929.4  2 0.0615 0.0472 0.6508 0.1647 0.0338 0.0420 
   H171929.5  2 0.1171 0.0282 0.0224 0.0433 0.5829 0.2060 
   H171929.6  2 0.0499 0.0153 0.0130 0.0181 0.8383 0.0654 
   H171929.7  2 0.0976 0.0723 0.4065 0.0359 0.3365 0.0513 
   H171929.8  2 0.0289 0.0396 0.4458 0.0353 0.4264 0.0241 
   H171929.9  2 0.0549 0.1747 0.3549 0.3246 0.0581 0.0328 
   H171930.1  2 0.7140 0.0282 0.0170 0.0459 0.0873 0.1076 
   H171930.2  2 0.1579 0.0549 0.0465 0.5924 0.0440 0.1042 
   H171930.3  2 0.5445 0.0236 0.0164 0.1238 0.1857 0.1060 
   H171930.4  2 0.3927 0.0145 0.0163 0.3847 0.0186 0.1732 
   H171930.5  2 0.4381 0.0949 0.0465 0.1796 0.1835 0.0574 
   H171930.6  2 0.4299 0.1213 0.0219 0.2545 0.0239 0.1485 
   H171930.7  2 0.4108 0.0264 0.0300 0.1275 0.3138 0.0914 
   H171930.8  2 0.2959 0.0456 0.0303 0.1757 0.2971 0.1552 
   H171933.1  2 0.0149 0.0087 0.0198 0.9245 0.0149 0.0172 
   H171933.2  2 0.0102 0.0157 0.0184 0.9078 0.0209 0.0271 
   H171933.3  2 0.0145 0.0126 0.0358 0.9005 0.0133 0.0232 
   H171933.4  2 0.0238 0.0101 0.0444 0.8870 0.0107 0.0240 
   H171933.5  2 0.0852 0.0121 0.1493 0.5630 0.0691 0.1213 
   H171933.6  2 0.0147 0.0427 0.0120 0.9136 0.0077 0.0094 
   H171933.7  2 0.0192 0.0170 0.0291 0.8747 0.0339 0.0260 
   H171933.8  2 0.0164 0.0222 0.0441 0.8438 0.0296 0.0439 
   H171933.9  2 0.0148 0.0087 0.0107 0.9465 0.0081 0.0112 
      H190.1  2 0.3746 0.0365 0.0877 0.4086 0.0123 0.0803 
      H190.2  2 0.0124 0.0700 0.0619 0.0153 0.0140 0.8263 
      H190.3  2 0.0287 0.0385 0.2200 0.0826 0.0879 0.5423 
      H190.4  2 0.0219 0.0103 0.0908 0.8479 0.0154 0.0137 
      H190.5  2 0.0289 0.1258 0.0272 0.0238 0.0143 0.7799 
      H190.6  2 0.0407 0.0171 0.2310 0.6760 0.0158 0.0194 
      H190.7  2 0.0175 0.0197 0.8030 0.0593 0.0383 0.0622 
      H190.8  2 0.1416 0.1661 0.1674 0.0590 0.0256 0.4403 
      H190.9  2 0.0295 0.0442 0.3403 0.0477 0.0495 0.4888 
      H400.1  2 0.0105 0.0096 0.0067 0.9459 0.0174 0.0100 
      H400.2  2 0.0090 0.0356 0.0052 0.9290 0.0128 0.0084 
      H400.3  2 0.0311 0.0111 0.0132 0.9136 0.0205 0.0105 
      H400.4  2 0.0122 0.0244 0.0095 0.9258 0.0084 0.0196 
      H400.5  2 0.0130 0.0096 0.0156 0.9389 0.0118 0.0111 
      H400.6  2 0.0110 0.0160 0.0068 0.9436 0.0097 0.0129 
      H400.7  2 0.0088 0.0065 0.0095 0.9558 0.0079 0.0115 
 H428.1_2005  2 0.0254 0.0153 0.0126 0.9231 0.0117 0.0119 
 H428.1_2006  2 0.0200 0.0630 0.0438 0.8503 0.0075 0.0154 
 H428.2_2005  2 0.0109 0.0076 0.0101 0.9418 0.0125 0.0172 
 H428.2_2006  2 0.0105 0.0722 0.0099 0.8843 0.0115 0.0116 
 H428.3_2005  2 0.0209 0.0125 0.0145 0.9389 0.0058 0.0074 
 H428.3_2006  2 0.0204 0.0682 0.0126 0.8703 0.0141 0.0144 
 H428.4_2005  2 0.0417 0.0127 0.0165 0.9134 0.0060 0.0097 
 H428.4_2006  2 0.0109 0.0207 0.0168 0.9343 0.0093 0.0080 
 H428.5_2005  2 0.0075 0.0212 0.0065 0.9407 0.0169 0.0072 
 H428.6_2005  2 0.0484 0.0190 0.0262 0.8900 0.0076 0.0088 
 H428.6_2006  2 0.0343 0.0350 0.0117 0.8955 0.0157 0.0078 
      H428.7  2 0.0077 0.0144 0.0063 0.9563 0.0088 0.0064 
      H428.8  2 0.0153 0.0213 0.0073 0.9301 0.0168 0.0093 
      H428.9  2 0.0079 0.0149 0.0064 0.9454 0.0185 0.0070 
      H453.1  2 0.0321 0.0705 0.0147 0.8599 0.0086 0.0142 
      H453.2  2 0.0183 0.0155 0.0138 0.9342 0.0098 0.0084 
      H453.3  2 0.0103 0.0133 0.0235 0.9354 0.0093 0.0082 
      H453.4  2 0.0166 0.0102 0.0099 0.9474 0.0081 0.0077 
      H453.5  2 0.0129 0.0287 0.0088 0.9311 0.0086 0.0099 
      H453.6  2 0.0082 0.0333 0.0064 0.9382 0.0051 0.0087 
      H453.7  2 0.0284 0.5061 0.2494 0.1775 0.0191 0.0195 
      H453.8  2 0.0289 0.3068 0.1719 0.4186 0.0254 0.0485 
      H453.9  2 0.0252 0.5202 0.0273 0.4065 0.0114 0.0095 
      H512.1  2 0.0266 0.0140 0.0138 0.9266 0.0069 0.0121 
     H512.10  2 0.2735 0.1042 0.0913 0.3744 0.0811 0.0755 
      H512.2  2 0.2749 0.0293 0.0724 0.3816 0.0316 0.2101 
      H512.3  2 0.7650 0.0191 0.0635 0.0762 0.0160 0.0604 
      H512.4  2 0.0478 0.1830 0.0537 0.5949 0.0301 0.0905 
      H512.5  2 0.8485 0.0148 0.0570 0.0399 0.0125 0.0272 
      H512.6  2 0.4616 0.0183 0.2206 0.1979 0.0126 0.0890 
      H512.7  2 0.8255 0.0228 0.0189 0.0605 0.0123 0.0600 
      H512.8  2 0.2254 0.0181 0.0363 0.1115 0.0194 0.5894 
      H512.9  2 0.5773 0.0303 0.0546 0.2753 0.0293 0.0332 
      H513.1  2 0.0070 0.0193 0.0061 0.9469 0.0089 0.0119 
      H513.2  2 0.0077 0.0118 0.0087 0.9476 0.0114 0.0129 
      H513.3  2 0.0118 0.0095 0.0080 0.9535 0.0081 0.0091 
      H513.4  2 0.0121 0.0304 0.0110 0.9212 0.0086 0.0167 
      H513.5  2 0.0155 0.0125 0.0079 0.9503 0.0069 0.0069 
      H513.6  2 0.0209 0.0133 0.0119 0.7042 0.2322 0.0174 
      H532.1  2 0.1445 0.4118 0.0226 0.3518 0.0305 0.0387 
      H532.2  2 0.0099 0.0499 0.0402 0.8672 0.0141 0.0186 
      H532.3  2 0.0167 0.0848 0.0636 0.8071 0.0112 0.0166 
      H532.4  2 0.0195 0.6602 0.0497 0.2346 0.0237 0.0122 
      H532.5  2 0.1190 0.1081 0.0261 0.7097 0.0243 0.0127 
      H532.6  2 0.0186 0.2851 0.0278 0.6309 0.0216 0.0160 
      H532.7  2 0.0377 0.5273 0.0137 0.3963 0.0137 0.0113 
      H532.8  2 0.0858 0.5922 0.0277 0.2431 0.0173 0.0339 
      H543.1  2 0.0093 0.0059 0.0111 0.0264 0.9353 0.0120 
      H543.2  2 0.0286 0.0195 0.0273 0.2117 0.6102 0.1026 
      H543.3  2 0.0121 0.0121 0.0148 0.0284 0.9161 0.0165 
      H543.4  2 0.0070 0.0091 0.0117 0.0105 0.9447 0.0170 
      H543.5  2 0.0072 0.0103 0.0096 0.0119 0.9430 0.0180 
      H543.6  2 0.0107 0.0100 0.0193 0.0329 0.9161 0.0111 
      H543.7  2 0.0061 0.0058 0.0095 0.0068 0.9625 0.0093 
      H543.8  2 0.0316 0.0702 0.0148 0.0605 0.8007 0.0223 
      H543.9  2 0.0105 0.0106 0.0139 0.0286 0.9076 0.0289 
 H545.1_2005  2 0.0063 0.0040 0.0042 0.0046 0.9762 0.0046 
 H545.1_2006  2 0.0078 0.0079 0.0075 0.0092 0.9528 0.0147 
 H545.2_2005  2 0.0152 0.0073 0.0068 0.0094 0.9531 0.0081 
 H545.2_2006  2 0.0088 0.0068 0.0071 0.0112 0.9574 0.0087 
 H545.3_2005  2 0.0134 0.0071 0.0091 0.0086 0.9452 0.0166 
 H545.3_2006  2 0.0084 0.0083 0.0048 0.0057 0.9672 0.0056 
 H545.4_2005  2 0.0084 0.0077 0.0106 0.0065 0.9457 0.0210 
 H545.4_2006  2 0.0070 0.0063 0.0063 0.0058 0.9666 0.0080 
 H545.5_2005  2 0.0102 0.0086 0.0055 0.0089 0.9599 0.0070 
 H545.5_2006  2 0.0150 0.0067 0.0096 0.0126 0.9420 0.0139 
 H545.6_2005  2 0.0073 0.0056 0.0044 0.0063 0.9711 0.0053 
 H545.6_2006  2 0.0079 0.0071 0.0069 0.0084 0.9604 0.0093 
 H545.7_2005  2 0.0118 0.0077 0.0049 0.0091 0.9614 0.0051 
 H545.7_2006  2 0.0081 0.0083 0.0053 0.0091 0.9616 0.0077 
 H545.8_2005  2 0.0114 0.0092 0.0084 0.0157 0.9461 0.0092 
 H545.8_2006  2 0.0097 0.0065 0.0054 0.0096 0.9624 0.0065 
      H545.9  2 0.0086 0.0067 0.0076 0.0087 0.9593 0.0090 
      H547.1  2 0.0147 0.0076 0.0320 0.8802 0.0187 0.0468 
      H547.2  2 0.0088 0.0212 0.0196 0.4106 0.0134 0.5264 
      H547.3  2 0.0387 0.0103 0.1010 0.7312 0.0512 0.0676 
      H547.4  2 0.0296 0.0377 0.0410 0.4215 0.0339 0.4362 
      H547.5  2 0.0088 0.0060 0.0179 0.5221 0.0109 0.4343 
      H547.6  2 0.0098 0.0093 0.0138 0.8751 0.0268 0.0653 
      H547.7  2 0.0377 0.0142 0.0240 0.7661 0.0796 0.0783 
      H547.8  2 0.0174 0.0077 0.0392 0.8809 0.0236 0.0311 
      H548.1  2 0.0091 0.0073 0.0077 0.0061 0.9615 0.0083 
      H548.2  2 0.0122 0.0103 0.0146 0.0111 0.9372 0.0146 
      H548.3  2 0.0094 0.0125 0.0113 0.0100 0.9486 0.0081 
      H548.4  2 0.0278 0.0212 0.0124 0.0126 0.9122 0.0138 
      H548.5  2 0.0072 0.0087 0.0065 0.0062 0.9620 0.0094 
      H548.6  2 0.0108 0.0076 0.0062 0.0062 0.9603 0.0090 
      H548.7  2 0.0102 0.0126 0.0094 0.0096 0.9472 0.0111 
      H548.8  2 0.0076 0.0114 0.0070 0.0076 0.9593 0.0071 
      H548.9  2 0.0112 0.0096 0.0113 0.0115 0.9446 0.0117 
     H7389.1  2 0.0118 0.0145 0.0092 0.9393 0.0110 0.0141 
     H7389.2  2 0.0072 0.0114 0.0071 0.9399 0.0194 0.0150 
     H7389.3  2 0.0132 0.0149 0.0061 0.9376 0.0079 0.0203 
     H7389.4  2 0.0150 0.0291 0.0096 0.9129 0.0278 0.0056 
     H7389.5  2 0.0310 0.0165 0.0130 0.9061 0.0266 0.0068 
     H7389.6  2 0.3390 0.0361 0.0122 0.5912 0.0094 0.0121 
     H7389.7  2 0.0380 0.0293 0.0090 0.8842 0.0198 0.0197 
     H7389.8  2 0.0362 0.0298 0.0138 0.6509 0.2564 0.0129 
     H7389.9  2 0.0138 0.0237 0.0107 0.9240 0.0202 0.0076 
      H747.1  2 0.5166 0.0270 0.2712 0.1056 0.0182 0.0615 
      H747.2  2 0.8968 0.0114 0.0180 0.0193 0.0296 0.0249 
      H747.3  2 0.7976 0.0213 0.0873 0.0426 0.0226 0.0285 
      H747.4  2 0.8083 0.0266 0.0524 0.0302 0.0158 0.0666 
      H747.5  2 0.9047 0.0123 0.0227 0.0208 0.0126 0.0269 
      H747.6  2 0.7775 0.0186 0.0184 0.0637 0.0497 0.0722 
      H747.7  2 0.8801 0.0135 0.0269 0.0325 0.0300 0.0170 
     H7484.1  2 0.0289 0.8399 0.0353 0.0617 0.0171 0.0170 
     H7484.2  2 0.0375 0.6770 0.0656 0.0585 0.0773 0.0840 
     H7484.3  2 0.0697 0.7048 0.0917 0.0274 0.0538 0.0526 
     H7484.4  2 0.0565 0.7815 0.0400 0.0692 0.0197 0.0330 
     H7484.5  2 0.0896 0.7704 0.0190 0.0545 0.0387 0.0277 
     H7484.6  2 0.4455 0.0905 0.3440 0.0284 0.0171 0.0745 
     H7484.7  2 0.1683 0.6055 0.1667 0.0253 0.0201 0.0141 
     H7484.8  2 0.1086 0.6324 0.0462 0.1816 0.0099 0.0213 
     H7485.1  2 0.0075 0.0133 0.0181 0.0100 0.9327 0.0184 
     H7485.2  2 0.0076 0.0103 0.0081 0.0154 0.9505 0.0081 
     H7485.3  2 0.0069 0.0068 0.0070 0.0058 0.9646 0.0090 
     H7485.4  2 0.0056 0.0064 0.0054 0.0087 0.9685 0.0054 
     H7485.5  2 0.0071 0.0101 0.0083 0.0058 0.9611 0.0077 
     H7485.6  2 0.0148 0.0260 0.0187 0.0120 0.9118 0.0166 
     H7485.7  2 0.0085 0.0079 0.0091 0.0059 0.9585 0.0101 
     H7496.1  2 0.0319 0.0971 0.0347 0.7883 0.0081 0.0398 
    H7496.10  2 0.0096 0.0305 0.0157 0.9235 0.0067 0.0141 
    H7496.11  2 0.0358 0.1079 0.0230 0.0482 0.7434 0.0417 
     H7496.2  2 0.0272 0.0376 0.0194 0.8829 0.0085 0.0243 
     H7496.3  2 0.0357 0.7054 0.0307 0.1614 0.0282 0.0387 
     H7496.4  2 0.0122 0.0209 0.0174 0.9067 0.0095 0.0332 
     H7496.5  2 0.0455 0.0523 0.0189 0.7976 0.0130 0.0726 
     H7496.6  2 0.0481 0.0333 0.0141 0.8793 0.0074 0.0178 
     H7496.7  2 0.0174 0.0304 0.0165 0.9091 0.0110 0.0156 
     H7496.8  2 0.0247 0.2173 0.0463 0.6476 0.0219 0.0422 
        UNK4  2 0.0532 0.0270 0.0432 0.6014 0.2394 0.0358 
        UNK5  2 0.0093 0.0374 0.0140 0.7194 0.1649 0.0550 
        UNK6  2 0.0325 0.0258 0.0184 0.8453 0.0487 0.0293 
        UNK7  2 0.0103 0.0152 0.0092 0.7463 0.1727 0.0463 
        UNK8  2 0.0110 0.0169 0.0107 0.7032 0.2381 0.0201 
        UNK9  2 0.0555 0.1831 0.0117 0.5069 0.2278 0.0150 
      H009.1  4 0.0098 0.0092 0.9481 0.0076 0.0135 0.0118 
      H009.2  4 0.0351 0.0092 0.9051 0.0140 0.0217 0.0149 
      H009.3  4 0.0122 0.0160 0.9294 0.0113 0.0198 0.0113 
      H009.4  4 0.0309 0.0122 0.9218 0.0103 0.0126 0.0122 
      H009.5  4 0.0219 0.0164 0.8790 0.0113 0.0603 0.0112 
      H009.6  4 0.0143 0.0204 0.8302 0.0098 0.0598 0.0655 
      H046.4  4 0.1047 0.3699 0.1389 0.1124 0.2048 0.0692 
      H046.8  4 0.0957 0.0504 0.4474 0.0288 0.0910 0.2867 
 H076.1_2002  4 0.0113 0.0077 0.0105 0.0187 0.0102 0.9417 
 H076.1_2003  4 0.0064 0.0050 0.0088 0.0058 0.0096 0.9644 
 H076.1_2004  4 0.0072 0.0090 0.0120 0.0076 0.0079 0.9563 
 H076.2_2002  4 0.0097 0.0068 0.0088 0.0159 0.0122 0.9466 
 H076.2_2003  4 0.0058 0.0066 0.0072 0.0069 0.0083 0.9651 
 H076.2_2004  4 0.0637 0.0163 0.0370 0.0377 0.0191 0.8263 
 H076.3_2002  4 0.0709 0.0243 0.7420 0.0193 0.0120 0.1314 
 H076.3_2003  4 0.0065 0.0076 0.0066 0.0119 0.0172 0.9502 
 H076.3_2004  4 0.0062 0.0092 0.0144 0.0094 0.0082 0.9527 
 H076.4_2002  4 0.0496 0.0311 0.2331 0.0273 0.0184 0.6405 
 H076.4_2003  4 0.0103 0.0090 0.0151 0.0077 0.0114 0.9464 
 H076.4_2004  4 0.2614 0.0241 0.1908 0.0464 0.0268 0.4505 
 H076.5_2002  4 0.0151 0.0151 0.0286 0.0388 0.0090 0.8933 
 H076.5_2003  4 0.0127 0.0076 0.0122 0.0146 0.0292 0.9237 
 H076.5_2004  4 0.0211 0.0210 0.1139 0.0382 0.0149 0.7910 
 H076.6_2002  4 0.0088 0.0183 0.0257 0.0125 0.0208 0.9140 
 H076.6_2003  4 0.0067 0.0067 0.0098 0.0094 0.0144 0.9530 
 H076.6_2004  4 0.0199 0.0096 0.0339 0.0126 0.0080 0.9160 
 H076.7_2002  4 0.1667 0.0436 0.5963 0.0699 0.0477 0.0759 
 H076.7_2003  4 0.0204 0.0104 0.0170 0.0290 0.0180 0.9052 
 H076.7_2004  4 0.0459 0.0170 0.0529 0.0142 0.0142 0.8558 
      H477.1  4 0.4280 0.0107 0.0251 0.5125 0.0138 0.0098 
      H477.2  4 0.8093 0.0134 0.0385 0.1138 0.0110 0.0140 
      H477.3  4 0.8072 0.0261 0.0181 0.1210 0.0208 0.0068 
      H477.4  4 0.7727 0.0117 0.0098 0.1180 0.0772 0.0105 
      H477.5  4 0.8409 0.0152 0.0362 0.0613 0.0317 0.0146 
      H477.6  4 0.8776 0.0245 0.0294 0.0323 0.0263 0.0099 
      H477.7  4 0.5903 0.0104 0.0122 0.2354 0.1315 0.0202 
 H479.1_2005  4 0.6588 0.2326 0.0171 0.0645 0.0138 0.0133 
 H479.1_2006  4 0.4952 0.0665 0.1768 0.0189 0.0951 0.1476 
     H479.10  4 0.4056 0.4536 0.0303 0.0187 0.0224 0.0694 
 H479.2_2005  4 0.1018 0.4997 0.1113 0.1581 0.0399 0.0892 
 H479.2_2006  4 0.8253 0.0789 0.0128 0.0275 0.0421 0.0134 
 H479.3_2005  4 0.8309 0.0808 0.0180 0.0483 0.0070 0.0149 
 H479.3_2006  4 0.8467 0.0333 0.0262 0.0665 0.0069 0.0204 
 H479.4_2005  4 0.8781 0.0393 0.0243 0.0196 0.0132 0.0254 
 H479.4_2006  4 0.6553 0.2635 0.0100 0.0511 0.0077 0.0124 
 H479.5_2005  4 0.1950 0.6027 0.0307 0.0387 0.0304 0.1026 
 H479.5_2006  4 0.8970 0.0487 0.0134 0.0247 0.0100 0.0063 
 H479.6_2005  4 0.6228 0.0696 0.1084 0.0425 0.0267 0.1301 
 H479.6_2006  4 0.2303 0.6412 0.0097 0.0921 0.0150 0.0117 
 H479.7_2005  4 0.4547 0.0685 0.0276 0.3965 0.0261 0.0266 
 H479.7_2006  4 0.7671 0.0892 0.0157 0.0822 0.0244 0.0214 
 H479.8_2005  4 0.5043 0.1271 0.0185 0.3257 0.0099 0.0146 
 H479.8_2006  4 0.6387 0.0965 0.0285 0.0077 0.0448 0.1839 
      H479.9  4 0.9230 0.0151 0.0163 0.0075 0.0081 0.0301 
      H516.1  4 0.1192 0.0193 0.7513 0.0314 0.0477 0.0312 
      H516.2  4 0.8757 0.0194 0.0223 0.0106 0.0512 0.0208 
      H516.3  4 0.7004 0.0287 0.0516 0.0152 0.1362 0.0678 
      H516.4  4 0.6739 0.0282 0.1088 0.0131 0.0768 0.0993 
      H516.5  4 0.3362 0.0101 0.5168 0.0189 0.0961 0.0219 
      H516.6  4 0.8942 0.0124 0.0158 0.0075 0.0586 0.0115 
      H516.7  4 0.7520 0.0452 0.0999 0.0228 0.0153 0.0646 
      H516.8  4 0.2496 0.0157 0.6481 0.0124 0.0549 0.0192 
      H516.9  4 0.7637 0.0351 0.1257 0.0185 0.0181 0.0390 
      H646.1  4 0.2185 0.0234 0.5308 0.0470 0.0141 0.1663 
      H646.2  4 0.2233 0.0067 0.6135 0.0397 0.0075 0.1092 
      H646.3  4 0.0520 0.0117 0.9067 0.0090 0.0080 0.0126 
      H646.4  4 0.1408 0.0095 0.4938 0.0835 0.0113 0.2610 
      H646.5  4 0.3194 0.0177 0.5944 0.0193 0.0132 0.0361 
      H658.1  4 0.6039 0.0136 0.1843 0.0113 0.1488 0.0382 
     H658.10  4 0.7309 0.0074 0.2230 0.0175 0.0105 0.0106 
      H658.2  4 0.4733 0.0279 0.3134 0.0218 0.0846 0.0790 
      H658.3  4 0.8087 0.0224 0.0963 0.0198 0.0187 0.0340 
      H658.4  4 0.8771 0.0287 0.0532 0.0149 0.0118 0.0142 
      H658.5  4 0.9404 0.0115 0.0169 0.0177 0.0067 0.0067 
      H658.6  4 0.6190 0.0149 0.3273 0.0140 0.0129 0.0120 
      H658.7  4 0.2159 0.0181 0.6988 0.0129 0.0152 0.0391 
      H658.8  4 0.1262 0.0078 0.7452 0.0113 0.0359 0.0737 
      H658.9  4 0.6236 0.0436 0.2300 0.0171 0.0349 0.0507 
      H682.1  4 0.1726 0.4941 0.0757 0.1377 0.0216 0.0984 
      H682.6  4 0.1098 0.3320 0.1902 0.1004 0.1265 0.1411 
      H720.1  4 0.5116 0.0464 0.0409 0.2389 0.0124 0.1498 
