      H105.1  1 0.0094 0.0171 0.0097 0.0221 0.0085 0.0113 0.8275 0.0171 0.0142 0.0123 0.0173 0.0257 0.0078 
      H105.2  1 0.0199 0.0422 0.0362 0.0190 0.0124 0.0130 0.6962 0.0166 0.0111 0.0328 0.0682 0.0192 0.0132 
      H105.3  1 0.0082 0.0085 0.0055 0.0202 0.0127 0.0136 0.8770 0.0074 0.0088 0.0069 0.0174 0.0069 0.0068 
      H105.4  1 0.0125 0.0326 0.0375 0.0294 0.0416 0.0236 0.6970 0.0493 0.0121 0.0277 0.0208 0.0109 0.0050 
      H105.5  1 0.0683 0.0227 0.0353 0.2424 0.0893 0.0867 0.1413 0.0972 0.0115 0.0769 0.0438 0.0740 0.0104 
      H105.6  1 0.0089 0.0068 0.0066 0.0116 0.0292 0.0217 0.8674 0.0135 0.0077 0.0090 0.0086 0.0046 0.0043 
      H105.7  1 0.0110 0.0066 0.0347 0.0099 0.0078 0.0081 0.8500 0.0198 0.0221 0.0058 0.0076 0.0115 0.0050 
      H105.8  1 0.0046 0.0164 0.0063 0.0095 0.0074 0.0066 0.8735 0.0092 0.0252 0.0110 0.0154 0.0069 0.0080 
      H115.1  1 0.0152 0.0378 0.0209 0.0436 0.5885 0.0483 0.0255 0.0124 0.0656 0.0731 0.0220 0.0339 0.0132 
      H115.2  1 0.0153 0.0126 0.0108 0.0119 0.7352 0.0164 0.0155 0.0081 0.0098 0.1184 0.0076 0.0195 0.0189 
      H115.3  1 0.0088 0.0070 0.0079 0.0054 0.8711 0.0097 0.0110 0.0090 0.0060 0.0290 0.0101 0.0191 0.0059 
      H115.4  1 0.0189 0.0294 0.0079 0.0306 0.0307 0.0223 0.0108 0.0200 0.0086 0.7021 0.0353 0.0729 0.0104 
      H115.5  1 0.0242 0.0149 0.0204 0.0354 0.4391 0.0256 0.0292 0.0284 0.0531 0.0286 0.2070 0.0393 0.0547 
      H115.6  1 0.0536 0.0093 0.0245 0.0129 0.7082 0.0225 0.0126 0.0104 0.0144 0.0539 0.0216 0.0366 0.0196 
      H115.7  1 0.2031 0.0221 0.0413 0.0264 0.3607 0.0415 0.0175 0.0163 0.0086 0.1382 0.0617 0.0559 0.0067 
      H115.8  1 0.0129 0.0125 0.0133 0.0109 0.7028 0.0118 0.0160 0.0078 0.0414 0.0396 0.0262 0.0205 0.0845 
      H115.9  1 0.0059 0.0087 0.0059 0.0138 0.8817 0.0070 0.0074 0.0083 0.0208 0.0129 0.0051 0.0171 0.0054 
      H145.1  1 0.0099 0.0058 0.0042 0.0118 0.0113 0.0262 0.0066 0.8663 0.0062 0.0079 0.0045 0.0064 0.0328 
      H145.2  1 0.0120 0.0089 0.0059 0.0078 0.0113 0.0143 0.0096 0.8596 0.0074 0.0094 0.0039 0.0063 0.0435 
      H145.3  1 0.0063 0.0050 0.0091 0.0070 0.0077 0.0065 0.0055 0.8473 0.0210 0.0078 0.0169 0.0068 0.0532 
      H145.4  1 0.0146 0.0052 0.0052 0.0064 0.0058 0.0224 0.0060 0.8858 0.0065 0.0072 0.0046 0.0086 0.0217 
      H145.5  1 0.0179 0.0080 0.0073 0.0073 0.0055 0.0245 0.0063 0.6152 0.0079 0.0068 0.0111 0.0051 0.2772 
      H145.6  1 0.0099 0.0057 0.0075 0.0046 0.0084 0.0126 0.0072 0.8807 0.0073 0.0075 0.0108 0.0065 0.0315 
      H145.7  1 0.0138 0.0049 0.0060 0.0058 0.0059 0.0233 0.0050 0.8693 0.0099 0.0150 0.0213 0.0107 0.0092 
      H149.1  1 0.0046 0.0050 0.0052 0.0047 0.0059 0.9402 0.0057 0.0050 0.0053 0.0037 0.0044 0.0054 0.0048 
      H149.2  1 0.0075 0.0054 0.0079 0.0076 0.0055 0.9171 0.0064 0.0113 0.0046 0.0047 0.0060 0.0126 0.0034 
      H149.3  1 0.0197 0.0125 0.0188 0.0087 0.0080 0.8303 0.0123 0.0170 0.0104 0.0075 0.0121 0.0369 0.0057 
      H149.4  1 0.0087 0.0145 0.0151 0.0061 0.0086 0.8767 0.0131 0.0063 0.0072 0.0127 0.0064 0.0159 0.0088 
      H149.5  1 0.0191 0.0251 0.0522 0.0218 0.0057 0.6026 0.0245 0.0475 0.0072 0.0131 0.0103 0.1650 0.0058 
      H149.6  1 0.0126 0.0055 0.0142 0.0079 0.0043 0.8942 0.0094 0.0153 0.0046 0.0048 0.0054 0.0170 0.0048 
      H149.7  1 0.0306 0.1106 0.0729 0.0126 0.0079 0.6235 0.0308 0.0133 0.0125 0.0192 0.0118 0.0410 0.0134 
      H150.1  1 0.0139 0.0066 0.0066 0.0094 0.8345 0.0041 0.0264 0.0084 0.0116 0.0475 0.0077 0.0095 0.0137 
      H150.2  1 0.0244 0.0067 0.0139 0.0161 0.5659 0.0177 0.0187 0.0066 0.0094 0.2414 0.0103 0.0194 0.0495 
      H150.3  1 0.0784 0.0115 0.0270 0.0256 0.6849 0.0116 0.0170 0.0138 0.0205 0.0514 0.0211 0.0101 0.0269 
      H150.4  1 0.0174 0.0069 0.0100 0.0118 0.8574 0.0052 0.0098 0.0113 0.0094 0.0104 0.0161 0.0079 0.0265 
      H150.5  1 0.0274 0.0120 0.0179 0.0107 0.5871 0.0159 0.0320 0.0102 0.0068 0.2404 0.0118 0.0207 0.0071 
      H150.6  1 0.0477 0.0150 0.0138 0.0118 0.1178 0.0148 0.1347 0.0071 0.0046 0.5308 0.0386 0.0491 0.0144 
      H150.7  1 0.0079 0.0046 0.0060 0.0088 0.9117 0.0048 0.0076 0.0073 0.0096 0.0123 0.0051 0.0041 0.0101 
   H169607.1  1 0.0217 0.1781 0.0773 0.3509 0.0409 0.0163 0.0123 0.0753 0.0205 0.1146 0.0254 0.0349 0.0320 
   H169607.2  1 0.0096 0.0336 0.0171 0.1234 0.0323 0.0174 0.0098 0.6525 0.0374 0.0343 0.0096 0.0179 0.0050 
   H169607.3  1 0.0209 0.0735 0.1570 0.1445 0.0237 0.0118 0.0111 0.2746 0.0363 0.0550 0.0274 0.1509 0.0133 
   H169607.4  1 0.0143 0.0500 0.0130 0.1581 0.0264 0.0094 0.0070 0.6717 0.0076 0.0163 0.0068 0.0110 0.0083 
   H169607.5  1 0.0127 0.0094 0.0172 0.0942 0.0476 0.0269 0.0078 0.2299 0.0833 0.3514 0.0098 0.0977 0.0121 
   H169607.6  1 0.0081 0.0361 0.0134 0.0991 0.0132 0.0117 0.0088 0.7077 0.0265 0.0396 0.0126 0.0187 0.0045 
   H169607.7  1 0.0086 0.1160 0.0131 0.0748 0.0235 0.0098 0.0243 0.2558 0.0812 0.3443 0.0225 0.0193 0.0069 
   H169607.8  1 0.0102 0.0502 0.0203 0.1431 0.0143 0.0107 0.0053 0.6910 0.0144 0.0140 0.0102 0.0111 0.0052 
   H169633.1  1 0.0239 0.0243 0.0110 0.0110 0.0136 0.7503 0.0188 0.0158 0.0111 0.0094 0.0451 0.0161 0.0495 
   H169633.2  1 0.0156 0.0465 0.0395 0.0249 0.0072 0.7324 0.0241 0.0080 0.0310 0.0168 0.0260 0.0074 0.0205 
   H169633.3  1 0.0266 0.0106 0.0069 0.0084 0.0074 0.8570 0.0170 0.0071 0.0218 0.0089 0.0119 0.0089 0.0077 
   H169633.4  1 0.0140 0.0067 0.0042 0.0062 0.0157 0.8576 0.0176 0.0107 0.0082 0.0055 0.0191 0.0139 0.0207 
   H169633.5  1 0.0119 0.0068 0.0042 0.0060 0.0119 0.8784 0.0107 0.0074 0.0071 0.0057 0.0145 0.0136 0.0219 
   H169688.1  1 0.0080 0.0530 0.2946 0.0185 0.0084 0.0285 0.0054 0.2577 0.0135 0.1304 0.1676 0.0094 0.0048 
   H169688.2  1 0.0078 0.0864 0.4756 0.0085 0.0170 0.0129 0.0145 0.0252 0.0189 0.2094 0.0897 0.0112 0.0230 
   H169688.3  1 0.0102 0.0250 0.1807 0.0070 0.0136 0.0158 0.0117 0.0234 0.0051 0.6604 0.0220 0.0176 0.0076 
   H169688.4  1 0.0074 0.0228 0.0692 0.0075 0.2758 0.0128 0.0103 0.0198 0.0111 0.4948 0.0292 0.0169 0.0223 
   H169688.5  1 0.0072 0.0242 0.0516 0.0071 0.2197 0.0189 0.0110 0.0132 0.0093 0.5554 0.0279 0.0254 0.0291 
   H169688.6  1 0.0046 0.0784 0.1451 0.0075 0.0260 0.0293 0.0193 0.0566 0.0127 0.4808 0.0656 0.0082 0.0658 
   H169688.7  1 0.0103 0.0249 0.0909 0.0084 0.0158 0.0150 0.0086 0.0416 0.0088 0.7239 0.0251 0.0113 0.0155 
   H171901.1  1 0.1663 0.0152 0.3473 0.0193 0.0588 0.0149 0.0256 0.0381 0.0124 0.1687 0.0240 0.0190 0.0904 
   H171901.2  1 0.0111 0.0075 0.0066 0.0077 0.0223 0.8655 0.0140 0.0167 0.0091 0.0147 0.0081 0.0080 0.0087 
   H171901.3  1 0.0086 0.0093 0.0310 0.0074 0.0352 0.8053 0.0070 0.0070 0.0131 0.0283 0.0232 0.0170 0.0075 
   H171901.4  1 0.0066 0.0097 0.0126 0.0156 0.0155 0.8294 0.0257 0.0090 0.0154 0.0319 0.0112 0.0101 0.0073 
   H171901.5  1 0.0093 0.0223 0.0175 0.0218 0.0124 0.8170 0.0174 0.0108 0.0095 0.0324 0.0068 0.0148 0.0081 
   H171901.6  1 0.0129 0.0336 0.0222 0.0228 0.0221 0.7738 0.0321 0.0127 0.0091 0.0376 0.0050 0.0100 0.0061 
   H171901.7  1 0.0084 0.0114 0.0167 0.0063 0.0151 0.8179 0.0132 0.0116 0.0214 0.0467 0.0110 0.0133 0.0070 
   H171902.1  1 0.0119 0.3577 0.0270 0.0728 0.1176 0.0882 0.0114 0.0542 0.0143 0.0381 0.0153 0.0067 0.1848 
  H171902.10  1 0.0173 0.5452 0.0127 0.0148 0.0430 0.2208 0.0073 0.0618 0.0088 0.0278 0.0119 0.0068 0.0218 
   H171902.2  1 0.0110 0.4318 0.0933 0.0600 0.0344 0.0439 0.0266 0.0149 0.0514 0.0212 0.1339 0.0130 0.0647 
   H171902.3  1 0.0221 0.5785 0.0188 0.0517 0.0599 0.1478 0.0107 0.0215 0.0104 0.0432 0.0123 0.0074 0.0159 
   H171902.4  1 0.0145 0.0680 0.0108 0.0076 0.0957 0.6584 0.0072 0.0263 0.0122 0.0064 0.0184 0.0089 0.0656 
   H171902.6  1 0.0349 0.5242 0.0097 0.0183 0.0817 0.2092 0.0057 0.0536 0.0084 0.0134 0.0069 0.0083 0.0258 
   H171902.7  1 0.0382 0.2044 0.0175 0.0504 0.0602 0.3680 0.0098 0.0556 0.0078 0.0365 0.0049 0.0167 0.1300 
   H171902.8  1 0.0431 0.5281 0.0165 0.0292 0.0591 0.1793 0.0073 0.0385 0.0120 0.0334 0.0097 0.0099 0.0341 
   H171902.9  1 0.0154 0.0625 0.0206 0.0329 0.5735 0.0918 0.0122 0.0427 0.0093 0.0437 0.0127 0.0098 0.0727 
   H171903.1  1 0.0120 0.0081 0.0172 0.0414 0.0297 0.0189 0.0219 0.5881 0.0327 0.1950 0.0076 0.0219 0.0055 
   H171903.2  1 0.0095 0.0151 0.0306 0.0641 0.0370 0.0206 0.0365 0.4277 0.0605 0.2147 0.0099 0.0606 0.0131 
   H171903.3  1 0.0281 0.0134 0.0286 0.0872 0.0273 0.1375 0.0195 0.0799 0.0378 0.3092 0.0101 0.1992 0.0224 
   H171903.4  1 0.0437 0.0169 0.6463 0.0146 0.0444 0.0180 0.0114 0.0805 0.0083 0.0705 0.0140 0.0218 0.0094 
   H171903.5  1 0.0102 0.0290 0.0288 0.0536 0.0160 0.0393 0.0181 0.0297 0.0363 0.4583 0.0111 0.2549 0.0149 
   H171903.6  1 0.0088 0.0213 0.0419 0.0283 0.0312 0.0442 0.0104 0.0848 0.0177 0.5626 0.0094 0.1355 0.0040 
      H177.1  1 0.0100 0.0300 0.1906 0.0120 0.0157 0.6665 0.0069 0.0163 0.0067 0.0203 0.0056 0.0125 0.0069 
      H177.2  1 0.0180 0.2169 0.0153 0.1197 0.0272 0.2415 0.0072 0.0725 0.0944 0.0839 0.0185 0.0710 0.0139 
      H177.3  1 0.0279 0.0872 0.0121 0.0493 0.0557 0.5879 0.0068 0.0576 0.0135 0.0440 0.0056 0.0347 0.0177 
      H177.4  1 0.0104 0.1101 0.2227 0.0147 0.0078 0.5065 0.0207 0.0395 0.0117 0.0156 0.0053 0.0266 0.0084 
      H177.5  1 0.0105 0.0146 0.6430 0.0112 0.0191 0.0659 0.0350 0.0166 0.0260 0.0452 0.0134 0.0907 0.0088 
      H177.6  1 0.0163 0.0406 0.0165 0.0257 0.0391 0.7544 0.0049 0.0216 0.0126 0.0208 0.0053 0.0201 0.0220 
      H179.1  1 0.0127 0.8201 0.0282 0.0353 0.0171 0.0146 0.0128 0.0046 0.0131 0.0126 0.0095 0.0137 0.0056 
      H179.2  1 0.0168 0.6978 0.0287 0.0778 0.0100 0.0178 0.0135 0.0063 0.0225 0.0601 0.0074 0.0364 0.0052 
      H179.3  1 0.0113 0.5284 0.1605 0.0206 0.0262 0.0127 0.0148 0.0133 0.0505 0.0835 0.0256 0.0434 0.0090 
      H179.4  1 0.0145 0.4995 0.0391 0.0509 0.0060 0.2125 0.0188 0.0257 0.0328 0.0460 0.0307 0.0168 0.0066 
      H180.1  1 0.0067 0.0214 0.0086 0.0102 0.0069 0.0085 0.0148 0.0054 0.0070 0.8517 0.0296 0.0148 0.0144 
      H180.2  1 0.0074 0.0128 0.0110 0.0113 0.0410 0.0158 0.0320 0.0074 0.0083 0.7695 0.0566 0.0076 0.0193 
      H180.3  1 0.0124 0.0083 0.0061 0.0465 0.1153 0.0093 0.0125 0.0127 0.0797 0.6072 0.0192 0.0338 0.0370 
      H180.4  1 0.0225 0.0481 0.0157 0.0095 0.0183 0.0316 0.1747 0.0093 0.0177 0.5520 0.0394 0.0309 0.0304 
      H180.5  1 0.0300 0.0276 0.0279 0.0175 0.0252 0.0157 0.0236 0.0140 0.0285 0.6855 0.0421 0.0209 0.0414 
      H180.6  1 0.0474 0.0106 0.0083 0.0134 0.0245 0.0202 0.0226 0.0421 0.5786 0.1204 0.0347 0.0099 0.0671 
      H181.1  1 0.0150 0.2318 0.0106 0.0264 0.0092 0.1887 0.0096 0.0430 0.0075 0.0134 0.1819 0.2474 0.0153 
      H181.2  1 0.0217 0.6710 0.0162 0.0122 0.0114 0.0780 0.0120 0.0375 0.0079 0.0175 0.0736 0.0243 0.0168 
      H181.3  1 0.0116 0.7102 0.0162 0.0118 0.0084 0.0346 0.0074 0.0170 0.0084 0.0107 0.1386 0.0141 0.0110 
      H181.4  1 0.0285 0.0810 0.0244 0.0532 0.0406 0.1866 0.0165 0.0467 0.0210 0.0418 0.0816 0.3733 0.0046 
      H181.5  1 0.0181 0.7710 0.0282 0.0143 0.0063 0.0184 0.0101 0.0077 0.0130 0.0070 0.0739 0.0161 0.0158 
      H181.6  1 0.0193 0.6752 0.0267 0.0805 0.0221 0.0317 0.0441 0.0181 0.0135 0.0292 0.0170 0.0157 0.0070 
      H181.7  1 0.0081 0.8296 0.0081 0.0153 0.0126 0.0213 0.0155 0.0145 0.0186 0.0125 0.0168 0.0167 0.0103 
 H194.1_2004  1 0.0647 0.0058 0.0156 0.0128 0.0216 0.2117 0.0124 0.5347 0.0230 0.0626 0.0082 0.0157 0.0112 
 H194.2_2004  1 0.0689 0.0062 0.2192 0.0084 0.0084 0.0597 0.0064 0.5475 0.0064 0.0173 0.0071 0.0182 0.0263 
 H194.3_2004  1 0.0194 0.0074 0.0132 0.0080 0.0069 0.8150 0.0087 0.0809 0.0099 0.0076 0.0061 0.0082 0.0086 
 H194.4_2004  1 0.0264 0.0075 0.1550 0.0078 0.0076 0.2335 0.0055 0.4968 0.0114 0.0105 0.0066 0.0074 0.0241 
 H194.5_2004  1 0.0197 0.0083 0.0169 0.0127 0.0104 0.7406 0.0187 0.1175 0.0204 0.0122 0.0064 0.0099 0.0063 
 H194.6_2004  1 0.0250 0.0094 0.1852 0.0136 0.0116 0.6759 0.0083 0.0231 0.0141 0.0080 0.0070 0.0097 0.0090 
 H194.7_2004  1 0.0637 0.0055 0.0293 0.0096 0.0066 0.0802 0.0110 0.6321 0.0957 0.0197 0.0198 0.0177 0.0091 
 H194.8_2004  1 0.0519 0.0102 0.2723 0.0295 0.0142 0.4031 0.0089 0.1344 0.0206 0.0160 0.0124 0.0159 0.0105 
      H194.9  1 0.0977 0.0074 0.0278 0.0140 0.0150 0.1504 0.0189 0.4640 0.1448 0.0160 0.0167 0.0105 0.0168 
 H195.1_2003  1 0.0324 0.0117 0.1007 0.0175 0.0125 0.0736 0.5926 0.0898 0.0080 0.0314 0.0156 0.0095 0.0047 
 H195.1_2004  1 0.0886 0.0666 0.0083 0.0059 0.0080 0.0630 0.0106 0.6145 0.0070 0.0190 0.0349 0.0159 0.0577 
 H195.2_2003  1 0.0095 0.0162 0.0516 0.0312 0.0255 0.0183 0.0602 0.7146 0.0210 0.0232 0.0108 0.0062 0.0118 
 H195.2_2004  1 0.0134 0.0101 0.0107 0.0083 0.0062 0.0171 0.0190 0.8431 0.0111 0.0127 0.0144 0.0069 0.0270 
 H195.3_2003  1 0.0121 0.0122 0.0659 0.0249 0.0635 0.0165 0.3181 0.3830 0.0111 0.0523 0.0181 0.0125 0.0096 
 H195.3_2004  1 0.0174 0.0109 0.0070 0.0064 0.0056 0.0703 0.0138 0.8194 0.0056 0.0066 0.0123 0.0100 0.0147 
 H195.4_2003  1 0.1428 0.0150 0.0159 0.0205 0.0097 0.0567 0.2231 0.4678 0.0070 0.0147 0.0086 0.0129 0.0052 
 H195.4_2004  1 0.0087 0.0059 0.0173 0.0057 0.0045 0.0097 0.0067 0.8892 0.0100 0.0083 0.0197 0.0065 0.0077 
 H195.5_2003  1 0.0488 0.0125 0.0348 0.0124 0.0155 0.0422 0.6871 0.0613 0.0062 0.0361 0.0279 0.0101 0.0052 
 H195.5_2004  1 0.0194 0.0143 0.0046 0.0062 0.0073 0.0201 0.0154 0.8329 0.0056 0.0079 0.0343 0.0066 0.0255 
 H195.6_2003  1 0.0089 0.0086 0.0087 0.0117 0.0139 0.0097 0.0602 0.8325 0.0082 0.0129 0.0117 0.0051 0.0080 
 H195.6_2004  1 0.0142 0.0147 0.0078 0.0074 0.0038 0.0152 0.0132 0.8774 0.0087 0.0079 0.0058 0.0049 0.0191 
 H195.7_2003  1 0.0255 0.0182 0.3787 0.0206 0.0078 0.0380 0.0426 0.2890 0.0276 0.1248 0.0117 0.0116 0.0038 
 H195.7_2004  1 0.0232 0.0236 0.0058 0.0058 0.0116 0.0156 0.0150 0.6373 0.0063 0.0097 0.0365 0.0152 0.1943 
      H195.8  1 0.0281 0.0093 0.0066 0.0043 0.0074 0.0091 0.0088 0.8172 0.0083 0.0088 0.0725 0.0089 0.0107 
      H195.9  1 0.0140 0.0078 0.0099 0.0061 0.0053 0.0223 0.0095 0.8827 0.0095 0.0100 0.0089 0.0081 0.0060 
      H415.1  1 0.0591 0.0266 0.0382 0.1281 0.1096 0.3389 0.0226 0.0249 0.0716 0.0431 0.0100 0.0161 0.1113 
      H415.2  1 0.0124 0.0217 0.0227 0.1325 0.0642 0.6516 0.0094 0.0150 0.0090 0.0212 0.0044 0.0133 0.0226 
      H415.3  1 0.0223 0.0567 0.0217 0.4355 0.0104 0.3331 0.0307 0.0076 0.0091 0.0412 0.0045 0.0167 0.0106 
      H415.4  1 0.0990 0.0081 0.0154 0.2778 0.0671 0.3910 0.0282 0.0101 0.0280 0.0215 0.0095 0.0160 0.0282 
      H415.5  1 0.0298 0.0098 0.0186 0.2850 0.0079 0.5678 0.0211 0.0074 0.0069 0.0167 0.0049 0.0137 0.0105 
      H415.6  1 0.0769 0.0068 0.0188 0.2914 0.0769 0.3877 0.0295 0.0066 0.0316 0.0231 0.0086 0.0162 0.0259 
      H415.7  1 0.0147 0.0521 0.0147 0.5151 0.0203 0.2918 0.0114 0.0115 0.0102 0.0161 0.0039 0.0183 0.0199 
      H506.1  1 0.0053 0.8293 0.0088 0.0364 0.0048 0.0423 0.0164 0.0058 0.0089 0.0050 0.0184 0.0065 0.0122 
      H506.2  1 0.0061 0.8977 0.0051 0.0144 0.0056 0.0336 0.0054 0.0067 0.0048 0.0044 0.0043 0.0059 0.0060 
      H506.3  1 0.0081 0.8527 0.0117 0.0144 0.0043 0.0121 0.0138 0.0054 0.0121 0.0079 0.0148 0.0093 0.0334 
      H506.4  1 0.0069 0.8382 0.0116 0.0287 0.0075 0.0173 0.0197 0.0071 0.0106 0.0092 0.0119 0.0123 0.0191 
      H506.5  1 0.0045 0.8613 0.0063 0.0348 0.0054 0.0385 0.0082 0.0082 0.0064 0.0050 0.0089 0.0047 0.0077 
      H506.6  1 0.0056 0.8573 0.0170 0.0110 0.0088 0.0081 0.0098 0.0158 0.0103 0.0087 0.0103 0.0192 0.0179 
      H506.7  1 0.0050 0.8491 0.0067 0.0419 0.0045 0.0402 0.0085 0.0082 0.0054 0.0048 0.0114 0.0046 0.0095 
      H533.1  1 0.0049 0.8816 0.0051 0.0117 0.0054 0.0261 0.0096 0.0051 0.0057 0.0137 0.0112 0.0106 0.0094 
      H533.2  1 0.0048 0.8665 0.0042 0.0180 0.0048 0.0420 0.0064 0.0047 0.0075 0.0083 0.0093 0.0068 0.0167 
      H533.3  1 0.0047 0.7852 0.0065 0.0316 0.0129 0.0447 0.0088 0.0082 0.0126 0.0326 0.0082 0.0329 0.0114 
      H533.4  1 0.0102 0.6127 0.0087 0.0357 0.0216 0.1454 0.0103 0.0218 0.0089 0.0532 0.0241 0.0200 0.0274 
      H535.1  1 0.0233 0.0393 0.0220 0.0811 0.0175 0.7219 0.0099 0.0264 0.0134 0.0186 0.0069 0.0124 0.0073 
      H535.2  1 0.0101 0.0904 0.0276 0.0386 0.0058 0.5258 0.0263 0.0699 0.0982 0.0136 0.0661 0.0234 0.0043 
      H535.3  1 0.0117 0.0465 0.0198 0.0356 0.0197 0.4167 0.1138 0.0573 0.0805 0.0212 0.1504 0.0165 0.0102 
      H535.4  1 0.0129 0.0054 0.0057 0.0150 0.0039 0.8889 0.0192 0.0072 0.0060 0.0075 0.0155 0.0085 0.0043 
      H535.5  1 0.0082 0.0108 0.0130 0.0142 0.0053 0.8758 0.0105 0.0180 0.0076 0.0137 0.0095 0.0088 0.0046 
      H535.6  1 0.0550 0.0287 0.1871 0.0274 0.0199 0.4578 0.0074 0.1009 0.0252 0.0294 0.0315 0.0233 0.0065 
      H535.7  1 0.0042 0.0128 0.0137 0.0100 0.0095 0.8461 0.0291 0.0180 0.0155 0.0145 0.0076 0.0104 0.0087 
      H535.8  1 0.0087 0.0147 0.0852 0.0114 0.0084 0.6935 0.0432 0.0353 0.0357 0.0114 0.0358 0.0096 0.0071 
      H535.9  1 0.0189 0.0209 0.0092 0.0173 0.0419 0.7429 0.0523 0.0232 0.0154 0.0149 0.0169 0.0121 0.0140 
      H539.1  1 0.0041 0.0035 0.0036 0.0057 0.9422 0.0040 0.0042 0.0076 0.0056 0.0044 0.0035 0.0045 0.0071 
      H539.2  1 0.0101 0.0180 0.0160 0.0201 0.0885 0.0134 0.0102 0.0145 0.0177 0.7139 0.0344 0.0240 0.0194 
      H539.3  1 0.0094 0.0065 0.0352 0.0079 0.7299 0.0129 0.0128 0.0628 0.0415 0.0319 0.0104 0.0100 0.0287 
      H539.4  1 0.0052 0.0106 0.0085 0.0107 0.8753 0.0072 0.0109 0.0052 0.0118 0.0151 0.0073 0.0116 0.0206 
      H539.5  1 0.0059 0.0039 0.0045 0.0093 0.9193 0.0057 0.0038 0.0075 0.0152 0.0071 0.0040 0.0061 0.0079 
      H539.6  1 0.0083 0.0041 0.0049 0.0087 0.9080 0.0054 0.0052 0.0099 0.0134 0.0130 0.0067 0.0052 0.0073 
      H539.7  1 0.0053 0.0047 0.0070 0.0046 0.9329 0.0054 0.0058 0.0041 0.0053 0.0101 0.0047 0.0056 0.0046 
      H539.8  1 0.0185 0.0098 0.0610 0.0095 0.6929 0.0188 0.0406 0.0147 0.0155 0.0331 0.0200 0.0151 0.0505 
      H539.9  1 0.0049 0.0058 0.0059 0.0069 0.9156 0.0048 0.0055 0.0063 0.0121 0.0087 0.0056 0.0068 0.0112 
      H540.1  1 0.0056 0.0111 0.0057 0.0119 0.8745 0.0072 0.0058 0.0136 0.0086 0.0188 0.0076 0.0206 0.0090 
      H540.2  1 0.0074 0.0065 0.0064 0.0081 0.9261 0.0051 0.0039 0.0068 0.0038 0.0084 0.0037 0.0087 0.0051 
      H540.3  1 0.0496 0.0197 0.0371 0.0311 0.5429 0.0199 0.0078 0.0075 0.0055 0.0192 0.0136 0.0350 0.2110 
      H540.4  1 0.0133 0.0135 0.0101 0.0116 0.8613 0.0075 0.0051 0.0083 0.0053 0.0343 0.0064 0.0184 0.0049 
      H540.5  1 0.0105 0.0109 0.0103 0.0101 0.8634 0.0132 0.0045 0.0074 0.0098 0.0100 0.0108 0.0194 0.0197 
      H540.6  1 0.0116 0.0252 0.0116 0.0165 0.7746 0.0172 0.0052 0.0149 0.0206 0.0188 0.0256 0.0428 0.0154 
      H540.7  1 0.0071 0.0088 0.0056 0.0101 0.8860 0.0124 0.0080 0.0061 0.0095 0.0201 0.0057 0.0166 0.0040 
      H540.8  1 0.0167 0.0104 0.0078 0.0115 0.7234 0.0802 0.0076 0.0105 0.0065 0.0809 0.0039 0.0330 0.0075 
     H9558.1  1 0.0087 0.0095 0.0089 0.0051 0.9107 0.0057 0.0059 0.0086 0.0054 0.0137 0.0053 0.0049 0.0076 
     H9558.2  1 0.0077 0.0137 0.0142 0.0106 0.8794 0.0045 0.0132 0.0109 0.0137 0.0091 0.0066 0.0075 0.0090 
     H9558.3  1 0.0094 0.0074 0.0082 0.0157 0.8630 0.0072 0.0215 0.0117 0.0130 0.0072 0.0101 0.0081 0.0175 
     H9558.4  1 0.0060 0.0120 0.0095 0.0104 0.8681 0.0065 0.0077 0.0077 0.0070 0.0401 0.0053 0.0081 0.0115 
     H9558.5  1 0.0071 0.0116 0.0099 0.0099 0.8557 0.0099 0.0133 0.0041 0.0054 0.0292 0.0072 0.0178 0.0190 
     H9558.6  1 0.0104 0.0052 0.0115 0.0100 0.7971 0.0077 0.0134 0.0074 0.0685 0.0074 0.0041 0.0454 0.0119 
    kos339.1  1 0.0055 0.0218 0.0116 0.0299 0.0123 0.8463 0.0066 0.0056 0.0229 0.0087 0.0076 0.0138 0.0076 
    kos339.2  1 0.0128 0.0119 0.0078 0.0106 0.0087 0.8606 0.0092 0.0072 0.0276 0.0063 0.0125 0.0148 0.0099 
    kos339.3  1 0.0049 0.0059 0.0058 0.0175 0.0064 0.9141 0.0048 0.0064 0.0070 0.0105 0.0053 0.0060 0.0054 
    kos339.4  1 0.0076 0.0069 0.0082 0.0131 0.0062 0.9057 0.0067 0.0053 0.0080 0.0082 0.0079 0.0095 0.0068 
    kos339.5  1 0.0057 0.0093 0.0070 0.0163 0.0091 0.8985 0.0079 0.0052 0.0149 0.0069 0.0077 0.0079 0.0036 
    kos339.6  1 0.0071 0.0077 0.0053 0.0083 0.0052 0.9067 0.0054 0.0077 0.0084 0.0046 0.0078 0.0184 0.0072 
    kos339.7  1 0.0045 0.0063 0.0050 0.0069 0.0058 0.9282 0.0043 0.0059 0.0099 0.0079 0.0040 0.0059 0.0054 
    kos339.8  1 0.0069 0.0104 0.0083 0.0303 0.0051 0.8820 0.0085 0.0045 0.0104 0.0076 0.0094 0.0100 0.0067 
    kos339.9  1 0.0073 0.0087 0.0070 0.0102 0.0154 0.8966 0.0079 0.0064 0.0127 0.0105 0.0054 0.0073 0.0047 
      H008.1  2 0.0123 0.0136 0.0101 0.0077 0.0423 0.0125 0.0269 0.0064 0.8230 0.0179 0.0123 0.0082 0.0070 
      H008.2  2 0.0159 0.0671 0.0239 0.0204 0.0998 0.0354 0.3028 0.0458 0.1233 0.0795 0.0593 0.0298 0.0971 
      H008.3  2 0.0270 0.0758 0.0631 0.0168 0.0281 0.0325 0.1123 0.0524 0.1082 0.2809 0.1119 0.0276 0.0636 
      H008.4  2 0.0278 0.0126 0.0206 0.0193 0.0249 0.0272 0.0221 0.0160 0.7475 0.0139 0.0135 0.0106 0.0440 
      H008.5  2 0.0160 0.0101 0.0567 0.0097 0.0111 0.0184 0.0312 0.0129 0.7637 0.0247 0.0128 0.0120 0.0206 
      H008.6  2 0.0157 0.0215 0.0282 0.0203 0.0694 0.0572 0.2202 0.0397 0.3224 0.0427 0.0093 0.0218 0.1316 
      H008.7  2 0.0389 0.0526 0.0543 0.0184 0.0447 0.0501 0.0892 0.0182 0.4152 0.0273 0.0653 0.0107 0.1151 
      H008.8  2 0.0162 0.0389 0.0107 0.0196 0.5922 0.0168 0.0159 0.0257 0.1700 0.0367 0.0283 0.0106 0.0184 
      H008.9  2 0.0302 0.0293 0.0342 0.0192 0.0553 0.0506 0.2579 0.0570 0.0377 0.0554 0.0200 0.0131 0.3399 
 H029.1_2002  2 0.0175 0.0114 0.0726 0.0408 0.0367 0.0088 0.0079 0.0060 0.7380 0.0104 0.0150 0.0103 0.0247 
 H029.1_2003  2 0.0126 0.0211 0.7829 0.0146 0.0143 0.0136 0.0096 0.0151 0.0644 0.0159 0.0066 0.0141 0.0152 
 H029.2_2002  2 0.0071 0.0302 0.0644 0.0228 0.0065 0.1069 0.0146 0.0206 0.6437 0.0102 0.0286 0.0071 0.0371 
 H029.2_2003  2 0.0058 0.0666 0.5856 0.0142 0.0093 0.0836 0.0176 0.0261 0.1171 0.0191 0.0087 0.0171 0.0291 
 H029.3_2002  2 0.0078 0.0943 0.0730 0.0304 0.0062 0.0851 0.0083 0.0419 0.3700 0.0144 0.0537 0.0273 0.1876 
 H029.3_2003  2 0.0082 0.0348 0.2046 0.0107 0.0066 0.0128 0.0295 0.0057 0.6399 0.0133 0.0070 0.0166 0.0102 
 H029.4_2002  2 0.0122 0.0124 0.0279 0.0056 0.0050 0.0051 0.0084 0.0077 0.8660 0.0089 0.0147 0.0076 0.0186 
 H029.4_2003  2 0.0068 0.0225 0.6412 0.0124 0.0320 0.0101 0.0158 0.0090 0.1770 0.0256 0.0119 0.0150 0.0207 
 H029.5_2002  2 0.0204 0.0102 0.0543 0.0142 0.0083 0.0082 0.0173 0.0060 0.8245 0.0053 0.0168 0.0069 0.0078 
 H029.5_2003  2 0.0077 0.0110 0.5704 0.0062 0.0094 0.0107 0.0282 0.0060 0.2988 0.0297 0.0053 0.0072 0.0093 
 H029.6_2002  2 0.0113 0.0203 0.2492 0.0090 0.0048 0.0091 0.0053 0.0106 0.5667 0.0083 0.0357 0.0086 0.0610 
 H029.6_2003  2 0.0181 0.1223 0.1081 0.0203 0.0153 0.1022 0.0339 0.0150 0.4716 0.0303 0.0176 0.0344 0.0110 
      H029.7  2 0.0058 0.0170 0.0438 0.0139 0.0077 0.0372 0.0081 0.0244 0.7614 0.0103 0.0289 0.0059 0.0356 
      H030.1  2 0.0139 0.0254 0.1768 0.0187 0.0079 0.0127 0.0785 0.0096 0.0329 0.0157 0.0140 0.5886 0.0052 
      H030.2  2 0.0362 0.0136 0.0291 0.0900 0.0176 0.0105 0.0460 0.0106 0.1202 0.0354 0.2153 0.2835 0.0920 
      H038.1  2 0.0054 0.0063 0.0084 0.0073 0.0108 0.0075 0.0043 0.0113 0.8882 0.0065 0.0062 0.0063 0.0316 
      H038.2  2 0.0094 0.0067 0.0078 0.0155 0.0050 0.0137 0.0105 0.0029 0.8948 0.0078 0.0069 0.0127 0.0063 
      H038.3  2 0.0150 0.0078 0.0063 0.0426 0.0127 0.0126 0.0136 0.0061 0.7843 0.0099 0.0071 0.0375 0.0446 
      H038.4  2 0.0253 0.0081 0.0063 0.0210 0.0104 0.0128 0.0150 0.0078 0.8329 0.0057 0.0083 0.0130 0.0335 
      H038.5  2 0.0084 0.0128 0.0118 0.0063 0.0123 0.0096 0.0055 0.0056 0.8440 0.0119 0.0155 0.0185 0.0376 
      H038.6  2 0.0047 0.0078 0.0124 0.0096 0.0091 0.0083 0.0052 0.0045 0.8979 0.0099 0.0052 0.0138 0.0117 
      H038.7  2 0.0048 0.0090 0.0056 0.0319 0.0118 0.0080 0.0099 0.0044 0.8751 0.0094 0.0040 0.0133 0.0129 
      H038.8  2 0.0130 0.0057 0.0055 0.0188 0.0096 0.0113 0.0083 0.0068 0.7638 0.0094 0.0106 0.0429 0.0944 
      H041.1  2 0.0324 0.0150 0.1755 0.0208 0.0139 0.0206 0.1664 0.0385 0.3495 0.0137 0.1070 0.0134 0.0331 
      H041.2  2 0.0549 0.0080 0.5817 0.0387 0.0085 0.0159 0.1284 0.0080 0.1094 0.0048 0.0076 0.0104 0.0237 
      H041.4  2 0.0248 0.0141 0.4222 0.0143 0.0322 0.0159 0.0398 0.0348 0.3156 0.0104 0.0155 0.0146 0.0458 
      H041.6  2 0.0312 0.0139 0.3361 0.0393 0.0788 0.0150 0.0267 0.0529 0.3428 0.0090 0.0196 0.0183 0.0165 
 H042.1_2002  2 0.0356 0.0080 0.7540 0.0178 0.0556 0.0142 0.0092 0.0266 0.0112 0.0304 0.0126 0.0101 0.0148 
 H042.1_2003  2 0.0523 0.0228 0.0669 0.0984 0.0989 0.0292 0.3180 0.0280 0.0804 0.0424 0.0139 0.0482 0.1006 
 H042.2_2002  2 0.0286 0.0256 0.5743 0.0580 0.0067 0.0183 0.0104 0.0253 0.1440 0.0348 0.0102 0.0084 0.0554 
 H042.2_2003  2 0.1190 0.0093 0.4350 0.0661 0.0811 0.0448 0.0564 0.0138 0.1270 0.0169 0.0053 0.0170 0.0081 
 H042.3_2002  2 0.0728 0.0131 0.5167 0.0352 0.0678 0.0171 0.0143 0.0646 0.0143 0.1235 0.0075 0.0226 0.0303 
 H042.3_2003  2 0.0563 0.0231 0.2778 0.0278 0.1001 0.0182 0.0457 0.0348 0.0568 0.2532 0.0416 0.0213 0.0435 
 H042.4_2002  2 0.0299 0.0079 0.8127 0.0076 0.0199 0.0314 0.0081 0.0089 0.0189 0.0081 0.0148 0.0200 0.0117 
 H042.4_2003  2 0.0197 0.0064 0.8211 0.0111 0.0234 0.0130 0.0133 0.0185 0.0324 0.0083 0.0173 0.0092 0.0064 
      H042.5  2 0.0094 0.0044 0.9145 0.0057 0.0071 0.0076 0.0083 0.0144 0.0059 0.0097 0.0052 0.0045 0.0034 
      H042.6  2 0.0089 0.0069 0.8269 0.0176 0.0222 0.0059 0.0049 0.0232 0.0241 0.0267 0.0106 0.0083 0.0136 
      H042.7  2 0.2119 0.0083 0.5008 0.1266 0.0181 0.0087 0.0172 0.0310 0.0309 0.0223 0.0097 0.0064 0.0082 
      H042.8  2 0.0329 0.0074 0.7761 0.0204 0.0209 0.0095 0.0300 0.0297 0.0131 0.0204 0.0058 0.0056 0.0280 
   H042_2002  2 0.0247 0.0229 0.1139 0.1943 0.2622 0.0148 0.0494 0.0808 0.0846 0.0863 0.0081 0.0119 0.0460 
   H042_2003  2 0.0284 0.0221 0.0939 0.2156 0.2811 0.0135 0.0402 0.0890 0.0729 0.0733 0.0084 0.0145 0.0470 
      H043.1  2 0.0054 0.0218 0.0159 0.0275 0.6045 0.0246 0.0412 0.0121 0.0237 0.0834 0.0232 0.0161 0.1006 
      H043.2  2 0.0054 0.0084 0.0052 0.0050 0.8316 0.0093 0.0079 0.0268 0.0355 0.0087 0.0051 0.0063 0.0447 
      H043.3  2 0.0072 0.0233 0.0171 0.1064 0.4600 0.0121 0.0184 0.0138 0.2844 0.0180 0.0049 0.0110 0.0234 
      H043.4  2 0.0051 0.0090 0.0120 0.0244 0.7469 0.0255 0.0202 0.0272 0.0500 0.0190 0.0061 0.0098 0.0447 
      H043.5  2 0.0068 0.0149 0.0054 0.0104 0.7101 0.0102 0.0144 0.0090 0.0840 0.0121 0.0078 0.0089 0.1060 
      H043.6  2 0.0057 0.0103 0.0075 0.0093 0.7337 0.0085 0.0053 0.0076 0.1094 0.0100 0.0054 0.0089 0.0784 
      H043.7  2 0.0041 0.0062 0.0063 0.0215 0.8897 0.0060 0.0117 0.0132 0.0092 0.0053 0.0036 0.0096 0.0137 
      H043.8  2 0.0073 0.0606 0.0063 0.0179 0.7375 0.0157 0.0156 0.0144 0.0374 0.0201 0.0110 0.0395 0.0166 
      H043.9  2 0.0060 0.0366 0.0334 0.0639 0.5468 0.0191 0.0297 0.0123 0.0987 0.0422 0.0187 0.0255 0.0668 
      H047.1  2 0.0059 0.0051 0.0068 0.0317 0.1007 0.0171 0.3271 0.0123 0.4517 0.0224 0.0054 0.0066 0.0071 
      H047.2  2 0.0131 0.0105 0.0122 0.0228 0.0105 0.0177 0.7842 0.0097 0.0851 0.0071 0.0145 0.0079 0.0048 
      H047.3  2 0.0176 0.0231 0.0151 0.0325 0.0156 0.0131 0.7530 0.0134 0.0685 0.0088 0.0255 0.0094 0.0044 
      H047.4  2 0.0217 0.0111 0.0372 0.1907 0.0129 0.0126 0.5219 0.0102 0.1513 0.0086 0.0070 0.0102 0.0046 
      H047.5  2 0.0198 0.0203 0.0108 0.0704 0.0287 0.0125 0.6429 0.0323 0.1305 0.0099 0.0063 0.0116 0.0039 
      H047.6  2 0.0147 0.0085 0.0251 0.0249 0.0089 0.0071 0.8538 0.0081 0.0245 0.0048 0.0087 0.0059 0.0050 
      H047.7  2 0.0099 0.0073 0.0093 0.0962 0.0529 0.0202 0.2791 0.0084 0.4675 0.0212 0.0095 0.0059 0.0124 
      H047.8  2 0.0145 0.0103 0.0245 0.0569 0.0157 0.0114 0.7721 0.0112 0.0527 0.0098 0.0096 0.0068 0.0044 
      H047.9  2 0.0313 0.0108 0.0142 0.1090 0.0423 0.0483 0.2545 0.0595 0.3816 0.0266 0.0073 0.0099 0.0046 
 H071.1_2002  2 0.0054 0.0053 0.0062 0.0082 0.0195 0.0131 0.0060 0.0083 0.9017 0.0086 0.0049 0.0072 0.0056 
 H071.1_2003  2 0.0082 0.0064 0.0124 0.0203 0.0510 0.0360 0.0146 0.0667 0.7107 0.0100 0.0040 0.0483 0.0114 
     H071.10  2 0.0052 0.0064 0.0048 0.0055 0.0057 0.0050 0.0035 0.0056 0.9148 0.0068 0.0144 0.0149 0.0075 
 H071.2_2002  2 0.0068 0.0104 0.0067 0.0084 0.0162 0.0113 0.0075 0.0109 0.8895 0.0110 0.0039 0.0080 0.0096 
 H071.2_2003  2 0.0038 0.0040 0.0064 0.0049 0.0080 0.0049 0.0051 0.0063 0.9385 0.0047 0.0048 0.0050 0.0036 
      H071.3  2 0.0084 0.0072 0.0069 0.0084 0.0052 0.0056 0.0323 0.0066 0.8706 0.0085 0.0099 0.0209 0.0094 
 H071.4_2002  2 0.0106 0.0089 0.0068 0.0078 0.0096 0.0111 0.0053 0.0096 0.8766 0.0104 0.0092 0.0172 0.0169 
 H071.4_2003  2 0.0048 0.0050 0.0049 0.0061 0.0047 0.0046 0.0075 0.0048 0.9344 0.0075 0.0045 0.0081 0.0032 
 H071.5_2002  2 0.0043 0.0041 0.0064 0.0069 0.0058 0.0053 0.0041 0.0060 0.9321 0.0063 0.0071 0.0071 0.0047 
 H071.5_2003  2 0.0067 0.0081 0.0058 0.0148 0.0103 0.0074 0.0113 0.0085 0.8859 0.0124 0.0046 0.0208 0.0035 
 H071.6_2002  2 0.0060 0.0111 0.0051 0.0112 0.0053 0.0051 0.0049 0.0066 0.9157 0.0113 0.0054 0.0058 0.0065 
 H071.6_2003  2 0.0055 0.0055 0.0051 0.0109 0.0068 0.0048 0.0052 0.0049 0.9128 0.0086 0.0044 0.0219 0.0035 
 H071.7_2002  2 0.0040 0.0052 0.0047 0.0093 0.0069 0.0054 0.0058 0.0053 0.9364 0.0049 0.0034 0.0047 0.0040 
 H071.7_2003  2 0.0073 0.0059 0.0060 0.0102 0.0105 0.0092 0.0055 0.0092 0.8967 0.0106 0.0051 0.0191 0.0048 
      H071.8  2 0.0076 0.0097 0.0060 0.0073 0.0094 0.0078 0.0092 0.0142 0.9042 0.0064 0.0041 0.0053 0.0087 
      H071.9  2 0.0136 0.0316 0.0137 0.0143 0.0164 0.0119 0.0132 0.0157 0.8068 0.0150 0.0114 0.0223 0.0140 
 H081.1_2002  2 0.0070 0.0067 0.0064 0.0066 0.0079 0.0065 0.0039 0.0130 0.9174 0.0059 0.0069 0.0062 0.0058 
 H081.1_2003  2 0.0271 0.0676 0.1427 0.0773 0.0729 0.0611 0.0118 0.0165 0.0597 0.0146 0.0149 0.1197 0.3140 
 H081.2_2002  2 0.0070 0.0070 0.0077 0.0091 0.0113 0.0053 0.0066 0.0278 0.8978 0.0054 0.0049 0.0054 0.0047 
 H081.2_2003  2 0.0110 0.0148 0.0222 0.0109 0.0270 0.0093 0.0081 0.0311 0.0404 0.0385 0.0377 0.7390 0.0100 
 H081.3_2002  2 0.0075 0.0080 0.0115 0.0099 0.0092 0.0081 0.0154 0.0343 0.8607 0.0063 0.0071 0.0133 0.0086 
 H081.3_2003  2 0.0124 0.0398 0.0234 0.0104 0.1616 0.0328 0.0135 0.0292 0.0180 0.0491 0.0117 0.5793 0.0188 
 H081.4_2002  2 0.0068 0.0067 0.0082 0.0085 0.0075 0.0084 0.0072 0.0070 0.9070 0.0092 0.0064 0.0121 0.0051 
 H081.4_2003  2 0.0174 0.0465 0.2016 0.0205 0.0847 0.0497 0.0086 0.0229 0.0298 0.0283 0.0104 0.4624 0.0173 
 H081.5_2002  2 0.0055 0.0064 0.0088 0.0084 0.0097 0.0087 0.0071 0.0089 0.9083 0.0058 0.0060 0.0117 0.0049 
 H081.5_2003  2 0.0318 0.0425 0.1234 0.1320 0.1387 0.0726 0.0222 0.0662 0.0675 0.0133 0.0179 0.2425 0.0296 
      H081.6  2 0.0070 0.0052 0.0065 0.0079 0.0071 0.0075 0.0052 0.0094 0.9172 0.0066 0.0049 0.0108 0.0047 
      H081.7  2 0.0092 0.0072 0.0059 0.0072 0.0095 0.0072 0.0076 0.0469 0.8706 0.0068 0.0058 0.0118 0.0044 
      H081.8  2 0.0151 0.0145 0.0174 0.0095 0.0103 0.0125 0.0077 0.0228 0.7849 0.0120 0.0178 0.0615 0.0140 
      H083.1  2 0.0059 0.0157 0.0180 0.0135 0.0065 0.0149 0.0066 0.0056 0.8599 0.0092 0.0265 0.0082 0.0094 
      H083.2  2 0.0067 0.0153 0.0084 0.0135 0.0196 0.0130 0.0416 0.0176 0.8107 0.0121 0.0267 0.0070 0.0078 
      H083.4  2 0.0113 0.0264 0.0082 0.0094 0.0080 0.0059 0.0137 0.0184 0.7763 0.0156 0.0847 0.0076 0.0143 
      H083.5  2 0.0113 0.0129 0.0245 0.0157 0.0065 0.0110 0.0122 0.0091 0.7912 0.0078 0.0629 0.0064 0.0286 
      H083.6  2 0.0148 0.0413 0.0160 0.0098 0.0053 0.0125 0.0053 0.0145 0.7727 0.0112 0.0702 0.0164 0.0101 
      H083.7  2 0.0214 0.0172 0.0077 0.0082 0.0095 0.0059 0.0114 0.0154 0.6692 0.0159 0.1997 0.0070 0.0115 
      H083.8  2 0.0109 0.0177 0.0120 0.0125 0.0165 0.0124 0.0587 0.0191 0.7846 0.0115 0.0302 0.0064 0.0076 
      H083.9  2 0.0072 0.0130 0.0189 0.0096 0.0049 0.0115 0.0102 0.0097 0.8005 0.0054 0.0926 0.0065 0.0100 
      H084.1  2 0.0149 0.0172 0.0177 0.0076 0.0117 0.0126 0.0191 0.0083 0.0085 0.0090 0.0130 0.7897 0.0707 
      H084.2  2 0.0052 0.0256 0.0505 0.0099 0.0086 0.0096 0.0052 0.0043 0.0106 0.0169 0.0064 0.7745 0.0726 
      H084.3  2 0.1619 0.0195 0.0199 0.0258 0.0116 0.0420 0.0192 0.0082 0.0078 0.0141 0.0174 0.4241 0.2284 
      H084.4  2 0.0396 0.0215 0.0560 0.0477 0.0101 0.0209 0.0375 0.0084 0.0108 0.0132 0.0077 0.5140 0.2127 
      H084.5  2 0.0615 0.0190 0.0094 0.0656 0.0071 0.0264 0.0313 0.0076 0.0076 0.0070 0.0062 0.7195 0.0318 
      H084.6  2 0.0957 0.0088 0.0119 0.0211 0.0063 0.0244 0.0329 0.0084 0.0075 0.0055 0.0347 0.6126 0.1302 
      H084.7  2 0.0080 0.0156 0.0377 0.0075 0.0090 0.0090 0.0107 0.0077 0.0079 0.0112 0.0094 0.8511 0.0152 
      H084.8  2 0.0712 0.0099 0.0106 0.0172 0.0046 0.0232 0.0367 0.0085 0.0064 0.0085 0.0115 0.7092 0.0825 
 H085.1_2002  2 0.0088 0.0141 0.1019 0.0089 0.0138 0.0152 0.0071 0.6204 0.1407 0.0103 0.0185 0.0161 0.0241 
 H085.1_2003  2 0.0207 0.0372 0.0970 0.0119 0.0077 0.0084 0.0302 0.0603 0.6311 0.0126 0.0381 0.0294 0.0153 
 H085.2_2002  2 0.0216 0.0169 0.0588 0.0121 0.0276 0.0340 0.0075 0.5823 0.0392 0.0126 0.0880 0.0351 0.0642 
 H085.2_2003  2 0.0101 0.0216 0.0619 0.0138 0.0086 0.0124 0.0386 0.0125 0.7423 0.0158 0.0312 0.0196 0.0116 
 H085.3_2002  2 0.0157 0.0070 0.0647 0.0082 0.0151 0.0070 0.0117 0.8231 0.0123 0.0088 0.0130 0.0080 0.0053 
 H085.3_2003  2 0.0104 0.0117 0.0189 0.0142 0.0080 0.0065 0.0200 0.0312 0.8145 0.0217 0.0059 0.0316 0.0055 
 H085.4_2002  2 0.0205 0.0168 0.0598 0.0120 0.0528 0.0250 0.0056 0.4849 0.2067 0.0187 0.0271 0.0237 0.0465 
 H085.4_2003  2 0.0218 0.0107 0.0703 0.0544 0.0249 0.0167 0.0132 0.0091 0.7248 0.0074 0.0075 0.0317 0.0075 
 H085.5_2002  2 0.0090 0.0062 0.0236 0.0117 0.0191 0.0046 0.0084 0.8704 0.0231 0.0065 0.0046 0.0069 0.0059 
 H085.5_2003  2 0.0069 0.0135 0.0252 0.0075 0.0072 0.0074 0.0160 0.0137 0.8375 0.0160 0.0252 0.0158 0.0082 
 H085.6_2002  2 0.0065 0.0119 0.1033 0.0096 0.0094 0.0072 0.0099 0.7804 0.0167 0.0064 0.0130 0.0126 0.0133 
 H085.6_2003  2 0.0425 0.0220 0.1154 0.2396 0.0328 0.0219 0.1580 0.0875 0.1850 0.0152 0.0057 0.0661 0.0083 
 H085.7_2002  2 0.0115 0.0102 0.1012 0.0194 0.0168 0.0144 0.0248 0.6905 0.0425 0.0099 0.0251 0.0210 0.0128 
 H085.7_2003  2 0.0188 0.0160 0.0185 0.0149 0.0122 0.0099 0.0271 0.0153 0.8139 0.0181 0.0087 0.0164 0.0102 
 H085.8_2002  2 0.0165 0.0105 0.0195 0.0350 0.0294 0.0097 0.0119 0.7916 0.0219 0.0126 0.0092 0.0225 0.0098 
 H085.8_2003  2 0.0423 0.0284 0.4225 0.0256 0.0151 0.0254 0.0324 0.0288 0.2458 0.0113 0.0762 0.0259 0.0201 
      H085.9  2 0.0108 0.0098 0.0605 0.0126 0.0231 0.0151 0.0080 0.6807 0.1097 0.0118 0.0183 0.0113 0.0285 
      H088.1  2 0.0284 0.0116 0.8516 0.0062 0.0131 0.0115 0.0076 0.0144 0.0079 0.0225 0.0103 0.0074 0.0076 
      H088.2  2 0.0131 0.0123 0.8820 0.0135 0.0069 0.0092 0.0094 0.0154 0.0080 0.0065 0.0082 0.0092 0.0061 
      H088.3  2 0.0077 0.0119 0.9074 0.0118 0.0062 0.0075 0.0088 0.0097 0.0062 0.0064 0.0051 0.0056 0.0056 
      H088.4  2 0.0058 0.0076 0.9193 0.0089 0.0066 0.0052 0.0053 0.0042 0.0063 0.0094 0.0035 0.0120 0.0060 
      H088.5  2 0.0083 0.0053 0.9304 0.0049 0.0065 0.0051 0.0058 0.0047 0.0058 0.0075 0.0060 0.0051 0.0046 
      H088.6  2 0.0117 0.0096 0.9032 0.0082 0.0058 0.0062 0.0081 0.0048 0.0119 0.0089 0.0069 0.0091 0.0056 
      H088.7  2 0.0074 0.0099 0.8646 0.0141 0.0050 0.0082 0.0333 0.0082 0.0211 0.0061 0.0061 0.0072 0.0086 
      H088.8  2 0.0129 0.0102 0.8559 0.0080 0.0069 0.0090 0.0200 0.0069 0.0285 0.0161 0.0061 0.0116 0.0078 
      H091.1  2 0.0140 0.0195 0.8215 0.0100 0.0105 0.0196 0.0080 0.0077 0.0380 0.0144 0.0177 0.0114 0.0078 
      H091.2  2 0.0306 0.0535 0.7169 0.0144 0.0163 0.0283 0.0138 0.0128 0.0475 0.0151 0.0391 0.0069 0.0047 
      H109.1  2 0.0306 0.2044 0.0084 0.0495 0.0483 0.0137 0.2020 0.0308 0.0200 0.0411 0.1778 0.1236 0.0497 
      H109.2  2 0.0188 0.0533 0.0169 0.0705 0.0492 0.0107 0.0471 0.0126 0.0887 0.0310 0.0294 0.5538 0.0181 
      H109.3  2 0.0200 0.0300 0.0196 0.0381 0.0191 0.0592 0.6040 0.0211 0.0349 0.0393 0.0096 0.0870 0.0181 
      H109.4  2 0.0268 0.0635 0.0316 0.0311 0.0909 0.0148 0.1393 0.0317 0.0511 0.2293 0.0212 0.2200 0.0487 
      H109.5  2 0.0369 0.0196 0.1737 0.0457 0.0143 0.0545 0.1752 0.0206 0.3097 0.0205 0.0090 0.1139 0.0065 
      H109.6  2 0.0337 0.1150 0.0130 0.0950 0.0884 0.0260 0.1275 0.0278 0.0490 0.0373 0.0278 0.3333 0.0261 
      H126.1  2 0.0308 0.0779 0.0302 0.2791 0.2161 0.0350 0.0136 0.1331 0.0100 0.1394 0.0118 0.0100 0.0130 
      H126.2  2 0.0145 0.0141 0.0127 0.0298 0.0884 0.0167 0.0199 0.0896 0.4544 0.1715 0.0114 0.0155 0.0616 
      H126.3  2 0.0152 0.1024 0.0324 0.1027 0.0354 0.0211 0.0126 0.0880 0.5158 0.0403 0.0131 0.0059 0.0150 
      H126.4  2 0.0111 0.0244 0.0262 0.0328 0.5091 0.0183 0.0178 0.0349 0.0342 0.2328 0.0312 0.0159 0.0113 
      H126.5  2 0.0098 0.0178 0.0101 0.3000 0.3155 0.0328 0.0069 0.0233 0.1476 0.1090 0.0118 0.0084 0.0072 
      H126.6  2 0.0045 0.0164 0.0114 0.0618 0.0220 0.0313 0.0077 0.0859 0.7271 0.0081 0.0126 0.0049 0.0064 
      H126.7  2 0.0054 0.0091 0.0351 0.0230 0.0120 0.0066 0.0082 0.0225 0.8244 0.0347 0.0058 0.0096 0.0036 
      H130.1  2 0.0312 0.0483 0.2411 0.0204 0.3807 0.0320 0.0253 0.0269 0.0096 0.1195 0.0190 0.0374 0.0087 
      H130.2  2 0.0178 0.0765 0.0370 0.0094 0.0202 0.0180 0.0419 0.0188 0.0306 0.0201 0.0295 0.6722 0.0081 
      H130.3  2 0.0108 0.3660 0.0633 0.0099 0.0359 0.0555 0.0487 0.0094 0.0308 0.1480 0.0068 0.2088 0.0060 
      H130.4  2 0.0290 0.1471 0.0821 0.0126 0.2531 0.0977 0.0252 0.0332 0.0119 0.1553 0.0239 0.0941 0.0347 
      H130.5  2 0.0350 0.0558 0.2578 0.0202 0.0784 0.0296 0.0132 0.0382 0.0472 0.0264 0.0302 0.3622 0.0056 
      H133.1  2 0.0129 0.2683 0.0789 0.0404 0.1100 0.0303 0.0945 0.0274 0.0334 0.0545 0.0165 0.0831 0.1497 
      H133.2  2 0.0098 0.0537 0.1007 0.0431 0.2020 0.1325 0.1737 0.0377 0.0162 0.0185 0.0080 0.1897 0.0143 
      H133.3  2 0.0182 0.1299 0.2554 0.0394 0.0114 0.0635 0.0432 0.1534 0.0732 0.0309 0.0134 0.0574 0.1108 
      H133.4  2 0.0085 0.1437 0.0152 0.0212 0.1143 0.0822 0.4697 0.0161 0.0190 0.0114 0.0083 0.0340 0.0565 
      H133.5  2 0.0062 0.5371 0.1498 0.0178 0.0323 0.0305 0.0211 0.0520 0.0123 0.0402 0.0089 0.0725 0.0192 
      H133.6  2 0.0112 0.1376 0.3859 0.0378 0.1359 0.0200 0.0196 0.0391 0.0126 0.0433 0.0163 0.1314 0.0095 
      H133.7  2 0.0649 0.0684 0.0403 0.0514 0.0590 0.0860 0.4170 0.0508 0.0329 0.0110 0.0109 0.0259 0.0815 
      H133.8  2 0.0298 0.2916 0.0599 0.0186 0.0600 0.0311 0.1653 0.1214 0.0224 0.0437 0.0286 0.0405 0.0872 
      H133.9  2 0.0120 0.3698 0.0829 0.0234 0.0568 0.0250 0.1029 0.0265 0.0280 0.0662 0.0207 0.0516 0.1343 
      H147.1  2 0.0704 0.0118 0.0754 0.0691 0.0229 0.0097 0.1052 0.0682 0.3842 0.0060 0.0416 0.1162 0.0194 
      H147.2  2 0.0125 0.0072 0.0134 0.0279 0.0210 0.0066 0.0091 0.0097 0.8539 0.0043 0.0050 0.0245 0.0048 
      H147.3  2 0.0097 0.0056 0.0064 0.0123 0.0138 0.0067 0.0090 0.0358 0.8583 0.0070 0.0057 0.0249 0.0049 
      H147.4  2 0.0081 0.0062 0.0075 0.0089 0.0051 0.0079 0.0218 0.0229 0.8418 0.0051 0.0134 0.0245 0.0267 
      H147.5  2 0.0144 0.0105 0.0635 0.0230 0.0178 0.0095 0.0406 0.0246 0.5553 0.0137 0.0192 0.1995 0.0083 
      H147.6  2 0.0127 0.0120 0.0832 0.0345 0.0211 0.0132 0.0761 0.0285 0.4423 0.0131 0.0279 0.2277 0.0077 
      H147.7  2 0.0137 0.0056 0.0066 0.0118 0.0070 0.0101 0.0388 0.0182 0.7964 0.0051 0.0172 0.0504 0.0190 
      H147.8  2 0.0083 0.0113 0.0425 0.0070 0.0042 0.0063 0.0778 0.0071 0.7005 0.0063 0.0287 0.0743 0.0258 
      H147.9  2 0.0072 0.0059 0.0065 0.0122 0.0084 0.0045 0.0070 0.0189 0.8934 0.0062 0.0072 0.0171 0.0055 
      H148.1  2 0.1801 0.1635 0.0346 0.1055 0.1778 0.0132 0.0250 0.0121 0.0139 0.0145 0.0361 0.1467 0.0770 
      H148.2  2 0.5848 0.1021 0.0138 0.0370 0.0630 0.0135 0.0128 0.0244 0.0283 0.0088 0.0217 0.0434 0.0465 
      H148.3  2 0.7092 0.0102 0.0090 0.0123 0.0107 0.0281 0.0130 0.1369 0.0113 0.0093 0.0091 0.0136 0.0273 
      H148.4  2 0.4162 0.1414 0.0257 0.1398 0.0810 0.0163 0.0185 0.0433 0.0205 0.0102 0.0104 0.0246 0.0519 
      H148.5  2 0.7878 0.0226 0.0187 0.0198 0.0164 0.0129 0.0210 0.0141 0.0093 0.0153 0.0119 0.0249 0.0253 
      H148.6  2 0.7437 0.0328 0.0105 0.0156 0.0166 0.0091 0.0097 0.0184 0.0146 0.0067 0.0334 0.0147 0.0741 
      H148.7  2 0.6424 0.1052 0.0254 0.0274 0.0197 0.0109 0.0651 0.0096 0.0092 0.0199 0.0144 0.0255 0.0253 
