      H105.1  1 0.0194 0.0110 0.0092 0.0237 0.0144 0.0072 0.8295 0.0349 0.0093 0.0113 0.0071 0.0096 0.0133 
      H105.2  1 0.0586 0.0124 0.0325 0.0179 0.0189 0.0109 0.6922 0.0152 0.0153 0.0146 0.0207 0.0284 0.0623 
      H105.3  1 0.0124 0.0112 0.0077 0.0088 0.0227 0.0073 0.8662 0.0048 0.0119 0.0141 0.0070 0.0074 0.0185 
      H105.4  1 0.0306 0.0106 0.0379 0.0925 0.0479 0.0082 0.6190 0.0125 0.0449 0.0217 0.0130 0.0390 0.0222 
      H105.5  1 0.0297 0.0151 0.0348 0.0863 0.2866 0.0107 0.1104 0.0587 0.0866 0.0872 0.0645 0.0760 0.0535 
      H105.6  1 0.0057 0.0083 0.0063 0.0100 0.0131 0.0050 0.8777 0.0051 0.0268 0.0185 0.0088 0.0076 0.0073 
      H105.7  1 0.0068 0.0227 0.0206 0.0146 0.0121 0.0052 0.8662 0.0132 0.0064 0.0081 0.0080 0.0072 0.0088 
      H105.8  1 0.0162 0.0254 0.0079 0.0106 0.0083 0.0096 0.8640 0.0080 0.0099 0.0054 0.0045 0.0132 0.0168 
      H115.1  1 0.0345 0.0539 0.0186 0.0131 0.0311 0.0168 0.0239 0.0393 0.6292 0.0524 0.0160 0.0499 0.0213 
      H115.2  1 0.0136 0.0083 0.0100 0.0067 0.0080 0.0164 0.0139 0.0254 0.7858 0.0169 0.0153 0.0711 0.0087 
      H115.3  1 0.0057 0.0044 0.0060 0.0078 0.0087 0.0065 0.0111 0.0185 0.8700 0.0108 0.0079 0.0343 0.0086 
      H115.4  1 0.0481 0.0097 0.0118 0.0225 0.0375 0.0090 0.0139 0.0875 0.0443 0.0257 0.0344 0.6051 0.0505 
      H115.5  1 0.0143 0.0306 0.0160 0.0276 0.0325 0.0533 0.0256 0.0389 0.4685 0.0272 0.0242 0.0326 0.2086 
      H115.6  1 0.0082 0.0105 0.0341 0.0096 0.0145 0.0153 0.0130 0.0324 0.7360 0.0268 0.0420 0.0374 0.0201 
      H115.7  1 0.0233 0.0065 0.0684 0.0132 0.0270 0.0063 0.0119 0.0534 0.3529 0.0377 0.2218 0.1197 0.0579 
      H115.8  1 0.0144 0.0432 0.0149 0.0095 0.0089 0.0632 0.0133 0.0180 0.7415 0.0156 0.0127 0.0200 0.0250 
      H115.9  1 0.0068 0.0285 0.0080 0.0114 0.0109 0.0057 0.0058 0.0180 0.8734 0.0093 0.0071 0.0099 0.0053 
      H145.1  1 0.0055 0.0055 0.0044 0.8561 0.0119 0.0385 0.0062 0.0075 0.0079 0.0301 0.0141 0.0086 0.0038 
      H145.2  1 0.0080 0.0086 0.0058 0.8585 0.0071 0.0420 0.0064 0.0077 0.0148 0.0182 0.0095 0.0086 0.0047 
      H145.3  1 0.0049 0.0157 0.0077 0.8399 0.0072 0.0663 0.0042 0.0083 0.0087 0.0057 0.0085 0.0059 0.0171 
      H145.4  1 0.0059 0.0062 0.0055 0.8824 0.0073 0.0226 0.0078 0.0068 0.0054 0.0228 0.0153 0.0071 0.0050 
      H145.5  1 0.0057 0.0114 0.0056 0.5810 0.0129 0.3030 0.0048 0.0072 0.0056 0.0227 0.0199 0.0062 0.0140 
      H145.6  1 0.0069 0.0071 0.0086 0.8824 0.0053 0.0309 0.0060 0.0074 0.0067 0.0126 0.0090 0.0083 0.0089 
      H145.7  1 0.0043 0.0078 0.0059 0.8855 0.0072 0.0080 0.0064 0.0103 0.0079 0.0152 0.0187 0.0107 0.0122 
      H149.1  1 0.0050 0.0055 0.0043 0.0073 0.0056 0.0064 0.0056 0.0042 0.0056 0.9380 0.0045 0.0033 0.0048 
      H149.2  1 0.0049 0.0046 0.0088 0.0147 0.0061 0.0039 0.0054 0.0136 0.0039 0.9155 0.0076 0.0042 0.0070 
      H149.3  1 0.0135 0.0076 0.0216 0.0232 0.0091 0.0056 0.0102 0.0343 0.0085 0.8187 0.0277 0.0086 0.0115 
      H149.4  1 0.0139 0.0070 0.0125 0.0080 0.0086 0.0144 0.0146 0.0157 0.0069 0.8719 0.0077 0.0116 0.0073 
      H149.5  1 0.0187 0.0116 0.0461 0.0446 0.0175 0.0060 0.0239 0.1478 0.0042 0.6372 0.0130 0.0168 0.0125 
      H149.6  1 0.0060 0.0046 0.0198 0.0130 0.0090 0.0047 0.0097 0.0220 0.0049 0.8837 0.0109 0.0049 0.0067 
      H149.7  1 0.0669 0.0124 0.0982 0.0152 0.0212 0.0119 0.0270 0.0462 0.0069 0.6199 0.0329 0.0299 0.0115 
      H150.1  1 0.0056 0.0122 0.0059 0.0090 0.0092 0.0141 0.0164 0.0109 0.8473 0.0062 0.0106 0.0455 0.0071 
      H150.2  1 0.0093 0.0080 0.0173 0.0051 0.0219 0.0395 0.0229 0.0148 0.6938 0.0125 0.0205 0.1246 0.0098 
      H150.3  1 0.0110 0.0239 0.0287 0.0174 0.0182 0.0184 0.0185 0.0113 0.6883 0.0137 0.0682 0.0580 0.0244 
      H150.4  1 0.0055 0.0110 0.0108 0.0135 0.0079 0.0247 0.0084 0.0082 0.8594 0.0050 0.0184 0.0154 0.0117 
      H150.5  1 0.0109 0.0096 0.0193 0.0088 0.0156 0.0086 0.0278 0.0261 0.6526 0.0114 0.0368 0.1583 0.0142 
      H150.6  1 0.0161 0.0049 0.0129 0.0068 0.0186 0.0169 0.1127 0.0595 0.1296 0.0129 0.0259 0.5408 0.0426 
      H150.7  1 0.0040 0.0084 0.0044 0.0080 0.0073 0.0083 0.0073 0.0042 0.9191 0.0050 0.0083 0.0101 0.0055 
   H169607.1  1 0.1161 0.0305 0.0992 0.0731 0.3755 0.0353 0.0109 0.0234 0.0368 0.0122 0.0321 0.1299 0.0252 
   H169607.2  1 0.0441 0.0472 0.0246 0.5881 0.1096 0.0045 0.0093 0.0154 0.0461 0.0233 0.0200 0.0604 0.0073 
   H169607.3  1 0.0608 0.0469 0.1485 0.2627 0.2099 0.0143 0.0101 0.1146 0.0323 0.0129 0.0176 0.0437 0.0255 
   H169607.4  1 0.0465 0.0073 0.0263 0.5786 0.2234 0.0082 0.0111 0.0104 0.0244 0.0156 0.0120 0.0302 0.0059 
   H169607.5  1 0.0068 0.0808 0.0146 0.1960 0.1102 0.0106 0.0067 0.0822 0.0542 0.0357 0.0157 0.3775 0.0090 
   H169607.6  1 0.0527 0.0229 0.0185 0.6852 0.0737 0.0063 0.0116 0.0185 0.0182 0.0121 0.0092 0.0564 0.0146 
   H169607.7  1 0.1098 0.0661 0.0145 0.2420 0.0610 0.0087 0.0223 0.0154 0.0253 0.0157 0.0115 0.3858 0.0220 
   H169607.8  1 0.0584 0.0170 0.0184 0.6170 0.1956 0.0057 0.0056 0.0099 0.0195 0.0202 0.0086 0.0149 0.0092 
   H169633.1  1 0.0309 0.0108 0.0146 0.0246 0.0115 0.0363 0.0152 0.0119 0.0262 0.7172 0.0315 0.0088 0.0603 
   H169633.2  1 0.1053 0.0301 0.0222 0.0076 0.0078 0.0138 0.0225 0.0074 0.0080 0.7167 0.0174 0.0136 0.0276 
   H169633.3  1 0.0129 0.0209 0.0057 0.0061 0.0091 0.0126 0.0226 0.0101 0.0064 0.8448 0.0280 0.0077 0.0130 
   H169633.4  1 0.0126 0.0075 0.0054 0.0103 0.0095 0.0235 0.0150 0.0137 0.0156 0.8476 0.0132 0.0059 0.0202 
   H169633.5  1 0.0128 0.0071 0.0043 0.0086 0.0096 0.0264 0.0131 0.0156 0.0193 0.8439 0.0150 0.0063 0.0180 
   H169688.1  1 0.0507 0.0139 0.3468 0.2669 0.0111 0.0053 0.0063 0.0103 0.0082 0.0291 0.0091 0.1102 0.1320 
   H169688.2  1 0.0641 0.0178 0.4854 0.0234 0.0074 0.0227 0.0162 0.0082 0.0210 0.0120 0.0076 0.2193 0.0950 
   H169688.3  1 0.0649 0.0056 0.2308 0.0353 0.0055 0.0079 0.0085 0.0164 0.0176 0.0145 0.0085 0.5631 0.0213 
   H169688.4  1 0.0238 0.0117 0.0807 0.0191 0.0068 0.0238 0.0073 0.0176 0.3256 0.0139 0.0072 0.4341 0.0284 
   H169688.5  1 0.0237 0.0093 0.0713 0.0213 0.0059 0.0247 0.0101 0.0126 0.3410 0.0156 0.0062 0.4287 0.0296 
   H169688.6  1 0.0832 0.0115 0.1836 0.0895 0.0075 0.0514 0.0270 0.0093 0.0393 0.0260 0.0053 0.4017 0.0648 
   H169688.7  1 0.0582 0.0085 0.0812 0.0475 0.0060 0.0117 0.0071 0.0161 0.0174 0.0134 0.0127 0.6918 0.0284 
   H171901.1  1 0.0132 0.0138 0.3850 0.0305 0.0167 0.0907 0.0239 0.0196 0.0926 0.0156 0.1445 0.1267 0.0271 
   H171901.2  1 0.0084 0.0112 0.0061 0.0174 0.0097 0.0071 0.0166 0.0088 0.0261 0.8589 0.0084 0.0128 0.0086 
   H171901.3  1 0.0145 0.0138 0.0302 0.0076 0.0128 0.0083 0.0096 0.0206 0.0478 0.7718 0.0083 0.0292 0.0254 
   H171901.4  1 0.0126 0.0110 0.0114 0.0115 0.0413 0.0073 0.0354 0.0102 0.0291 0.7697 0.0083 0.0376 0.0145 
   H171901.5  1 0.0268 0.0068 0.0259 0.0093 0.0192 0.0076 0.0192 0.0151 0.0114 0.7971 0.0096 0.0447 0.0073 
   H171901.6  1 0.0290 0.0094 0.0273 0.0127 0.0348 0.0056 0.0303 0.0133 0.0322 0.7544 0.0144 0.0298 0.0066 
   H171901.7  1 0.0106 0.0176 0.0190 0.0093 0.0063 0.0069 0.0117 0.0163 0.0220 0.8063 0.0125 0.0513 0.0101 
   H171902.1  1 0.2051 0.0204 0.0202 0.0404 0.0829 0.2154 0.0103 0.0074 0.1245 0.1673 0.0099 0.0691 0.0271 
  H171902.10  1 0.3532 0.0083 0.0091 0.0547 0.0146 0.0225 0.0067 0.0073 0.0441 0.4233 0.0126 0.0308 0.0127 
   H171902.2  1 0.3515 0.0885 0.0757 0.0128 0.0554 0.0672 0.0331 0.0134 0.0389 0.0639 0.0105 0.0271 0.1621 
   H171902.3  1 0.4345 0.0112 0.0221 0.0253 0.0475 0.0112 0.0096 0.0069 0.0725 0.2873 0.0146 0.0433 0.0140 
   H171902.4  1 0.0222 0.0123 0.0082 0.0153 0.0309 0.0633 0.0093 0.0119 0.0673 0.7219 0.0079 0.0068 0.0227 
   H171902.6  1 0.3316 0.0085 0.0083 0.0497 0.0177 0.0275 0.0056 0.0070 0.0807 0.4082 0.0277 0.0185 0.0088 
   H171902.7  1 0.0966 0.0087 0.0266 0.0421 0.0459 0.1378 0.0088 0.0146 0.0312 0.5092 0.0203 0.0522 0.0059 
   H171902.8  1 0.3943 0.0130 0.0245 0.0537 0.0291 0.0305 0.0090 0.0123 0.0573 0.3072 0.0314 0.0263 0.0112 
   H171902.9  1 0.0313 0.0114 0.0195 0.0327 0.0653 0.0709 0.0137 0.0106 0.5619 0.1193 0.0172 0.0335 0.0128 
   H171903.1  1 0.0070 0.0215 0.0171 0.6092 0.0528 0.0066 0.0190 0.0213 0.0333 0.0180 0.0090 0.1774 0.0079 
   H171903.2  1 0.0103 0.0698 0.0226 0.4725 0.0820 0.0145 0.0387 0.0500 0.0384 0.0276 0.0078 0.1569 0.0089 
   H171903.3  1 0.0113 0.0307 0.0297 0.0721 0.1019 0.0221 0.0209 0.2033 0.0245 0.1460 0.0231 0.3043 0.0099 
   H171903.4  1 0.0103 0.0065 0.7042 0.0632 0.0192 0.0098 0.0139 0.0278 0.0295 0.0143 0.0297 0.0541 0.0174 
   H171903.5  1 0.0646 0.0262 0.0363 0.0482 0.0682 0.0135 0.0230 0.1982 0.0281 0.0643 0.0103 0.4079 0.0112 
   H171903.6  1 0.0137 0.0176 0.0397 0.0879 0.0466 0.0053 0.0090 0.1262 0.0323 0.0535 0.0073 0.5504 0.0104 
      H177.1  1 0.0156 0.0079 0.1845 0.0210 0.0111 0.0091 0.0054 0.0147 0.0187 0.6758 0.0107 0.0202 0.0054 
      H177.2  1 0.1358 0.0966 0.0141 0.0763 0.2008 0.0158 0.0085 0.0708 0.0248 0.2344 0.0169 0.0849 0.0203 
      H177.3  1 0.0662 0.0129 0.0142 0.0405 0.0642 0.0187 0.0062 0.0352 0.0394 0.6222 0.0268 0.0468 0.0068 
      H177.4  1 0.0825 0.0093 0.2162 0.0306 0.0309 0.0108 0.0187 0.0205 0.0070 0.5451 0.0105 0.0126 0.0054 
      H177.5  1 0.0136 0.0246 0.6352 0.0223 0.0150 0.0090 0.0372 0.0853 0.0157 0.0694 0.0115 0.0483 0.0129 
      H177.6  1 0.0388 0.0146 0.0109 0.0270 0.0350 0.0192 0.0059 0.0192 0.0397 0.7338 0.0224 0.0288 0.0047 
      H179.1  1 0.8746 0.0106 0.0213 0.0044 0.0121 0.0037 0.0125 0.0099 0.0151 0.0103 0.0094 0.0093 0.0069 
      H179.2  1 0.7817 0.0157 0.0196 0.0069 0.0299 0.0045 0.0180 0.0318 0.0116 0.0206 0.0184 0.0344 0.0069 
      H179.3  1 0.6099 0.0624 0.0904 0.0132 0.0130 0.0080 0.0158 0.0458 0.0394 0.0108 0.0121 0.0486 0.0308 
      H179.4  1 0.4659 0.0542 0.0392 0.0242 0.0349 0.0061 0.0240 0.0175 0.0074 0.2277 0.0126 0.0497 0.0367 
      H180.1  1 0.0312 0.0060 0.0123 0.0061 0.0075 0.0168 0.0205 0.0445 0.0414 0.0104 0.0069 0.7545 0.0420 
      H180.2  1 0.0163 0.0072 0.0158 0.0066 0.0147 0.0206 0.0619 0.0162 0.0786 0.0250 0.0068 0.6663 0.0640 
      H180.3  1 0.0054 0.0794 0.0075 0.0111 0.0215 0.0312 0.0171 0.0581 0.1604 0.0140 0.0143 0.5597 0.0206 
      H180.4  1 0.0539 0.0280 0.0137 0.0097 0.0103 0.0325 0.1588 0.0397 0.0216 0.0303 0.0231 0.5355 0.0428 
      H180.5  1 0.0328 0.0350 0.0238 0.0138 0.0161 0.0394 0.0233 0.0254 0.0376 0.0135 0.0232 0.6615 0.0546 
      H180.6  1 0.0088 0.5940 0.0075 0.0375 0.0121 0.0646 0.0175 0.0105 0.0287 0.0205 0.0483 0.1142 0.0357 
      H181.1  1 0.2270 0.0083 0.0106 0.0518 0.0212 0.0150 0.0077 0.1975 0.0112 0.2017 0.0072 0.0166 0.2241 
      H181.2  1 0.6126 0.0078 0.0157 0.0422 0.0168 0.0147 0.0121 0.0141 0.0092 0.1265 0.0199 0.0187 0.0897 
      H181.3  1 0.7003 0.0098 0.0153 0.0236 0.0110 0.0106 0.0066 0.0118 0.0071 0.0444 0.0124 0.0092 0.1378 
      H181.4  1 0.0570 0.0173 0.0264 0.0456 0.0866 0.0050 0.0115 0.3499 0.0489 0.2073 0.0230 0.0478 0.0739 
      H181.5  1 0.8327 0.0094 0.0131 0.0072 0.0110 0.0125 0.0109 0.0150 0.0061 0.0131 0.0207 0.0047 0.0434 
      H181.6  1 0.7370 0.0098 0.0296 0.0153 0.0261 0.0066 0.0367 0.0189 0.0216 0.0438 0.0145 0.0271 0.0130 
      H181.7  1 0.8237 0.0213 0.0112 0.0130 0.0111 0.0089 0.0148 0.0162 0.0137 0.0248 0.0087 0.0155 0.0170 
 H194.1_2004  1 0.0051 0.0345 0.0225 0.4248 0.0104 0.0103 0.0120 0.0150 0.0161 0.1993 0.1346 0.1054 0.0100 
 H194.2_2004  1 0.0066 0.0072 0.2861 0.4346 0.0090 0.0364 0.0059 0.0239 0.0110 0.0606 0.0842 0.0281 0.0064 
 H194.3_2004  1 0.0087 0.0075 0.0202 0.0814 0.0076 0.0086 0.0101 0.0070 0.0065 0.8069 0.0238 0.0066 0.0049 
 H194.4_2004  1 0.0065 0.0094 0.1930 0.4401 0.0095 0.0331 0.0075 0.0098 0.0079 0.2440 0.0236 0.0072 0.0085 
 H194.5_2004  1 0.0071 0.0163 0.0241 0.0901 0.0147 0.0055 0.0216 0.0094 0.0089 0.7593 0.0269 0.0098 0.0063 
 H194.6_2004  1 0.0103 0.0134 0.1945 0.0306 0.0143 0.0101 0.0071 0.0131 0.0107 0.6491 0.0285 0.0109 0.0073 
 H194.7_2004  1 0.0058 0.1161 0.0485 0.5226 0.0115 0.0078 0.0131 0.0223 0.0078 0.0770 0.1238 0.0221 0.0215 
 H194.8_2004  1 0.0068 0.0217 0.2795 0.1133 0.0216 0.0125 0.0079 0.0250 0.0112 0.4300 0.0476 0.0142 0.0086 
      H194.9  1 0.0056 0.1290 0.0334 0.3889 0.0114 0.0135 0.0161 0.0142 0.0155 0.1273 0.2138 0.0160 0.0152 
 H195.1_2003  1 0.0163 0.0100 0.1144 0.0912 0.0222 0.0050 0.5684 0.0112 0.0124 0.0605 0.0354 0.0378 0.0151 
 H195.1_2004  1 0.0418 0.0081 0.0069 0.6401 0.0107 0.0502 0.0135 0.0162 0.0095 0.0515 0.0927 0.0210 0.0376 
 H195.2_2003  1 0.0184 0.0163 0.0550 0.7106 0.0454 0.0124 0.0535 0.0051 0.0222 0.0172 0.0115 0.0249 0.0076 
 H195.2_2004  1 0.0095 0.0108 0.0093 0.8431 0.0091 0.0338 0.0116 0.0072 0.0069 0.0178 0.0132 0.0126 0.0151 
 H195.3_2003  1 0.0145 0.0174 0.0619 0.3448 0.0381 0.0081 0.3262 0.0086 0.0711 0.0182 0.0171 0.0601 0.0139 
 H195.3_2004  1 0.0079 0.0064 0.0058 0.8473 0.0073 0.0122 0.0131 0.0077 0.0055 0.0575 0.0122 0.0071 0.0102 
 H195.4_2003  1 0.0111 0.0101 0.0324 0.5585 0.0266 0.0050 0.1432 0.0143 0.0105 0.0496 0.1056 0.0260 0.0071 
 H195.4_2004  1 0.0056 0.0112 0.0126 0.8890 0.0053 0.0073 0.0066 0.0067 0.0041 0.0099 0.0090 0.0094 0.0234 
 H195.5_2003  1 0.0111 0.0073 0.0461 0.0387 0.0152 0.0050 0.7097 0.0121 0.0153 0.0288 0.0514 0.0329 0.0265 
 H195.5_2004  1 0.0154 0.0059 0.0049 0.8311 0.0063 0.0246 0.0166 0.0090 0.0061 0.0210 0.0165 0.0075 0.0351 
 H195.6_2003  1 0.0078 0.0080 0.0070 0.8338 0.0127 0.0091 0.0628 0.0069 0.0112 0.0088 0.0073 0.0141 0.0106 
 H195.6_2004  1 0.0118 0.0095 0.0075 0.8855 0.0058 0.0230 0.0111 0.0036 0.0035 0.0104 0.0133 0.0080 0.0069 
 H195.7_2003  1 0.0173 0.0287 0.4360 0.2899 0.0221 0.0040 0.0482 0.0137 0.0072 0.0296 0.0223 0.0686 0.0123 
 H195.7_2004  1 0.0150 0.0077 0.0058 0.6422 0.0088 0.1795 0.0207 0.0125 0.0130 0.0102 0.0279 0.0132 0.0436 
      H195.8  1 0.0088 0.0094 0.0061 0.8229 0.0061 0.0134 0.0108 0.0091 0.0088 0.0083 0.0242 0.0093 0.0628 
      H195.9  1 0.0080 0.0085 0.0079 0.8881 0.0080 0.0080 0.0062 0.0077 0.0059 0.0173 0.0148 0.0095 0.0102 
      H415.1  1 0.0283 0.0555 0.0380 0.0165 0.0225 0.0810 0.0438 0.0155 0.0848 0.5197 0.0575 0.0274 0.0094 
      H415.2  1 0.0204 0.0097 0.0202 0.0106 0.0491 0.0171 0.0118 0.0195 0.0519 0.7557 0.0104 0.0185 0.0051 
      H415.3  1 0.1048 0.0080 0.0299 0.0059 0.1706 0.0109 0.0440 0.0193 0.0131 0.4946 0.0449 0.0501 0.0039 
      H415.4  1 0.0101 0.0323 0.0184 0.0089 0.0679 0.0200 0.0415 0.0158 0.0436 0.6223 0.0847 0.0265 0.0080 
      H415.5  1 0.0228 0.0093 0.0199 0.0087 0.0542 0.0089 0.0246 0.0122 0.0077 0.7777 0.0215 0.0283 0.0041 
      H415.6  1 0.0105 0.0383 0.0176 0.0083 0.0653 0.0241 0.0307 0.0194 0.0441 0.6061 0.1007 0.0264 0.0085 
      H415.7  1 0.0452 0.0094 0.0177 0.0096 0.4062 0.0203 0.0125 0.0160 0.0171 0.4082 0.0127 0.0200 0.0051 
      H506.1  1 0.8883 0.0069 0.0052 0.0043 0.0195 0.0100 0.0097 0.0057 0.0045 0.0230 0.0057 0.0058 0.0115 
      H506.2  1 0.9114 0.0050 0.0053 0.0092 0.0170 0.0062 0.0044 0.0044 0.0046 0.0182 0.0057 0.0041 0.0043 
      H506.3  1 0.8676 0.0114 0.0099 0.0054 0.0093 0.0317 0.0126 0.0092 0.0044 0.0117 0.0061 0.0068 0.0139 
      H506.4  1 0.8709 0.0083 0.0108 0.0076 0.0149 0.0154 0.0169 0.0111 0.0065 0.0158 0.0063 0.0060 0.0095 
      H506.5  1 0.8964 0.0057 0.0057 0.0073 0.0230 0.0076 0.0063 0.0038 0.0054 0.0237 0.0041 0.0046 0.0062 
      H506.6  1 0.8614 0.0102 0.0149 0.0165 0.0115 0.0136 0.0099 0.0214 0.0117 0.0068 0.0048 0.0083 0.0091 
      H506.7  1 0.9087 0.0075 0.0052 0.0065 0.0137 0.0063 0.0076 0.0039 0.0042 0.0224 0.0041 0.0040 0.0059 
      H533.1  1 0.8958 0.0060 0.0050 0.0044 0.0071 0.0097 0.0066 0.0083 0.0045 0.0229 0.0058 0.0137 0.0102 
      H533.2  1 0.8703 0.0065 0.0045 0.0051 0.0121 0.0250 0.0069 0.0080 0.0051 0.0345 0.0051 0.0072 0.0097 
      H533.3  1 0.8330 0.0099 0.0043 0.0066 0.0156 0.0110 0.0069 0.0313 0.0113 0.0381 0.0045 0.0170 0.0105 
      H533.4  1 0.6389 0.0086 0.0080 0.0266 0.0246 0.0260 0.0111 0.0218 0.0193 0.1193 0.0068 0.0673 0.0218 
      H535.1  1 0.0155 0.0146 0.0125 0.0258 0.0654 0.0057 0.0081 0.0119 0.0126 0.7899 0.0182 0.0145 0.0053 
      H535.2  1 0.0398 0.0845 0.0245 0.0720 0.0498 0.0040 0.0229 0.0202 0.0041 0.5546 0.0100 0.0167 0.0967 
      H535.3  1 0.0442 0.0602 0.0210 0.0555 0.0645 0.0080 0.1161 0.0186 0.0161 0.3930 0.0080 0.0249 0.1699 
      H535.4  1 0.0048 0.0055 0.0047 0.0072 0.0073 0.0040 0.0238 0.0081 0.0040 0.8944 0.0112 0.0078 0.0173 
      H535.5  1 0.0098 0.0085 0.0132 0.0134 0.0127 0.0041 0.0111 0.0096 0.0044 0.8867 0.0064 0.0126 0.0076 
      H535.6  1 0.0219 0.0268 0.2126 0.1147 0.0322 0.0048 0.0084 0.0201 0.0194 0.4363 0.0560 0.0210 0.0257 
      H535.7  1 0.0096 0.0153 0.0116 0.0117 0.0084 0.0076 0.0403 0.0081 0.0092 0.8490 0.0054 0.0142 0.0095 
      H535.8  1 0.0066 0.0373 0.0969 0.0318 0.0114 0.0066 0.0499 0.0066 0.0096 0.6792 0.0098 0.0137 0.0405 
      H535.9  1 0.0140 0.0196 0.0089 0.0246 0.0323 0.0128 0.0528 0.0118 0.0384 0.7359 0.0157 0.0176 0.0156 
      H539.1  1 0.0036 0.0056 0.0033 0.0065 0.0057 0.0069 0.0031 0.0037 0.9452 0.0046 0.0042 0.0043 0.0033 
      H539.2  1 0.0123 0.0164 0.0147 0.0121 0.0174 0.0157 0.0096 0.0313 0.0942 0.0129 0.0108 0.7247 0.0278 
      H539.3  1 0.0072 0.0317 0.0333 0.0498 0.0076 0.0195 0.0116 0.0077 0.7681 0.0102 0.0141 0.0265 0.0127 
      H539.4  1 0.0102 0.0101 0.0077 0.0050 0.0103 0.0194 0.0108 0.0116 0.8802 0.0062 0.0042 0.0172 0.0070 
      H539.5  1 0.0039 0.0111 0.0048 0.0075 0.0065 0.0067 0.0036 0.0051 0.9288 0.0056 0.0056 0.0072 0.0038 
      H539.6  1 0.0039 0.0163 0.0059 0.0116 0.0099 0.0072 0.0054 0.0053 0.9026 0.0052 0.0074 0.0130 0.0063 
      H539.7  1 0.0047 0.0060 0.0060 0.0044 0.0048 0.0044 0.0044 0.0053 0.9385 0.0036 0.0049 0.0081 0.0050 
      H539.8  1 0.0082 0.0158 0.0477 0.0116 0.0114 0.0701 0.0433 0.0163 0.6809 0.0200 0.0178 0.0360 0.0209 
      H539.9  1 0.0050 0.0113 0.0060 0.0047 0.0053 0.0101 0.0085 0.0074 0.9211 0.0044 0.0035 0.0078 0.0047 
      H540.1  1 0.0076 0.0060 0.0072 0.0151 0.0138 0.0108 0.0056 0.0158 0.8717 0.0110 0.0061 0.0232 0.0060 
      H540.2  1 0.0049 0.0045 0.0064 0.0065 0.0078 0.0041 0.0033 0.0079 0.9281 0.0062 0.0071 0.0096 0.0036 
      H540.3  1 0.0145 0.0059 0.0418 0.0064 0.0293 0.2351 0.0088 0.0576 0.4826 0.0208 0.0673 0.0130 0.0170 
      H540.4  1 0.0099 0.0049 0.0111 0.0050 0.0128 0.0041 0.0057 0.0201 0.8625 0.0105 0.0133 0.0323 0.0077 
      H540.5  1 0.0093 0.0087 0.0095 0.0069 0.0084 0.0197 0.0047 0.0184 0.8709 0.0155 0.0074 0.0099 0.0107 
      H540.6  1 0.0240 0.0166 0.0142 0.0120 0.0198 0.0157 0.0050 0.0363 0.7764 0.0156 0.0132 0.0220 0.0292 
      H540.7  1 0.0082 0.0108 0.0057 0.0059 0.0107 0.0038 0.0069 0.0152 0.8781 0.0172 0.0077 0.0232 0.0066 
      H540.8  1 0.0077 0.0080 0.0111 0.0105 0.0177 0.0082 0.0071 0.0376 0.7421 0.0712 0.0137 0.0604 0.0047 
     H9558.1  1 0.0086 0.0058 0.0091 0.0091 0.0045 0.0068 0.0065 0.0039 0.9151 0.0050 0.0074 0.0136 0.0045 
     H9558.2  1 0.0140 0.0116 0.0133 0.0104 0.0109 0.0090 0.0096 0.0046 0.8895 0.0054 0.0056 0.0092 0.0069 
     H9558.3  1 0.0058 0.0144 0.0078 0.0108 0.0174 0.0135 0.0197 0.0094 0.8688 0.0079 0.0079 0.0085 0.0082 
     H9558.4  1 0.0104 0.0060 0.0081 0.0071 0.0074 0.0069 0.0063 0.0079 0.8864 0.0084 0.0063 0.0340 0.0048 
     H9558.5  1 0.0158 0.0058 0.0090 0.0040 0.0088 0.0213 0.0092 0.0161 0.8525 0.0087 0.0070 0.0339 0.0078 
     H9558.6  1 0.0047 0.0651 0.0147 0.0103 0.0098 0.0132 0.0081 0.0475 0.7976 0.0094 0.0100 0.0064 0.0034 
    kos339.1  1 0.0241 0.0222 0.0105 0.0053 0.0238 0.0067 0.0068 0.0138 0.0122 0.8508 0.0054 0.0101 0.0082 
    kos339.2  1 0.0209 0.0254 0.0082 0.0060 0.0094 0.0101 0.0134 0.0124 0.0085 0.8586 0.0133 0.0050 0.0089 
    kos339.3  1 0.0050 0.0073 0.0051 0.0066 0.0191 0.0042 0.0058 0.0075 0.0073 0.9132 0.0043 0.0092 0.0054 
    kos339.4  1 0.0067 0.0087 0.0081 0.0056 0.0102 0.0072 0.0074 0.0083 0.0073 0.9088 0.0067 0.0070 0.0081 
    kos339.5  1 0.0111 0.0146 0.0070 0.0056 0.0186 0.0040 0.0071 0.0079 0.0099 0.8914 0.0065 0.0073 0.0089 
    kos339.6  1 0.0089 0.0078 0.0062 0.0083 0.0079 0.0105 0.0054 0.0151 0.0056 0.9028 0.0091 0.0047 0.0078 
    kos339.7  1 0.0081 0.0081 0.0056 0.0064 0.0098 0.0056 0.0036 0.0069 0.0054 0.9259 0.0042 0.0073 0.0034 
    kos339.8  1 0.0139 0.0087 0.0089 0.0051 0.0209 0.0079 0.0088 0.0117 0.0047 0.8856 0.0062 0.0075 0.0101 
    kos339.9  1 0.0101 0.0127 0.0064 0.0080 0.0110 0.0056 0.0070 0.0070 0.0158 0.8911 0.0074 0.0113 0.0065 
      H008.1  2 0.0155 0.8219 0.0082 0.0075 0.0087 0.0074 0.0222 0.0112 0.0360 0.0118 0.0141 0.0211 0.0144 
      H008.2  2 0.0377 0.1174 0.0266 0.0315 0.0153 0.1073 0.2691 0.0298 0.1464 0.0361 0.0126 0.1138 0.0563 
      H008.3  2 0.0627 0.0926 0.0529 0.0417 0.0199 0.0594 0.1133 0.0345 0.0389 0.0321 0.0320 0.2854 0.1347 
      H008.4  2 0.0152 0.7603 0.0198 0.0104 0.0123 0.0537 0.0187 0.0089 0.0313 0.0201 0.0256 0.0123 0.0113 
      H008.5  2 0.0120 0.8089 0.0292 0.0110 0.0094 0.0193 0.0252 0.0151 0.0105 0.0122 0.0119 0.0224 0.0131 
      H008.6  2 0.0186 0.3734 0.0384 0.0251 0.0257 0.1467 0.1853 0.0223 0.0579 0.0326 0.0168 0.0464 0.0106 
      H008.7  2 0.0267 0.4219 0.0369 0.0126 0.0202 0.1101 0.1046 0.0147 0.0445 0.0451 0.0503 0.0406 0.0719 
      H008.8  2 0.0409 0.1512 0.0096 0.0219 0.0149 0.0114 0.0188 0.0108 0.6220 0.0208 0.0179 0.0335 0.0262 
      H008.9  2 0.0256 0.0454 0.0282 0.0438 0.0282 0.3417 0.2364 0.0164 0.0765 0.0398 0.0383 0.0598 0.0198 
 H029.1_2002  2 0.0146 0.7575 0.0603 0.0065 0.0371 0.0247 0.0103 0.0120 0.0327 0.0092 0.0146 0.0074 0.0131 
 H029.1_2003  2 0.0373 0.2345 0.5497 0.0149 0.0246 0.0207 0.0102 0.0184 0.0202 0.0243 0.0128 0.0246 0.0079 
 H029.2_2002  2 0.0172 0.6896 0.0354 0.0225 0.0272 0.0334 0.0110 0.0062 0.0079 0.0998 0.0091 0.0088 0.0319 
 H029.2_2003  2 0.0288 0.3560 0.3019 0.0259 0.0270 0.0291 0.0120 0.0306 0.0109 0.1285 0.0067 0.0331 0.0096 
 H029.3_2002  2 0.0828 0.4631 0.0369 0.0319 0.0261 0.1586 0.0049 0.0257 0.0070 0.0770 0.0092 0.0148 0.0622 
 H029.3_2003  2 0.0246 0.7161 0.1368 0.0058 0.0113 0.0071 0.0262 0.0167 0.0059 0.0149 0.0110 0.0148 0.0087 
 H029.4_2002  2 0.0121 0.8933 0.0179 0.0058 0.0049 0.0123 0.0080 0.0066 0.0056 0.0049 0.0099 0.0070 0.0118 
 H029.4_2003  2 0.0238 0.3164 0.4766 0.0094 0.0136 0.0271 0.0178 0.0152 0.0400 0.0084 0.0077 0.0322 0.0118 
 H029.5_2002  2 0.0096 0.8447 0.0519 0.0045 0.0113 0.0054 0.0133 0.0084 0.0081 0.0074 0.0174 0.0058 0.0123 
 H029.5_2003  2 0.0220 0.6162 0.2566 0.0063 0.0066 0.0125 0.0174 0.0064 0.0092 0.0126 0.0095 0.0192 0.0055 
 H029.6_2002  2 0.0205 0.6614 0.1960 0.0079 0.0052 0.0394 0.0052 0.0087 0.0046 0.0082 0.0121 0.0083 0.0225 
 H029.6_2003  2 0.0709 0.5763 0.0928 0.0134 0.0310 0.0088 0.0273 0.0247 0.0160 0.0743 0.0199 0.0312 0.0134 
      H029.7  2 0.0125 0.7980 0.0278 0.0288 0.0113 0.0287 0.0082 0.0057 0.0074 0.0311 0.0050 0.0070 0.0285 
      H030.1  2 0.0238 0.0321 0.1371 0.0118 0.0391 0.0063 0.0651 0.6066 0.0078 0.0158 0.0183 0.0229 0.0131 
      H030.2  2 0.0091 0.0940 0.0278 0.0089 0.0581 0.0837 0.0425 0.3309 0.0195 0.0106 0.0322 0.0257 0.2569 
      H038.1  2 0.0059 0.8966 0.0067 0.0094 0.0083 0.0291 0.0052 0.0050 0.0114 0.0064 0.0055 0.0052 0.0053 
      H038.2  2 0.0064 0.9011 0.0077 0.0033 0.0116 0.0061 0.0085 0.0099 0.0044 0.0160 0.0108 0.0073 0.0069 
      H038.3  2 0.0072 0.7860 0.0067 0.0068 0.0521 0.0383 0.0139 0.0239 0.0150 0.0155 0.0162 0.0102 0.0082 
      H038.4  2 0.0058 0.8334 0.0054 0.0079 0.0254 0.0298 0.0146 0.0099 0.0104 0.0116 0.0277 0.0074 0.0108 
      H038.5  2 0.0137 0.8399 0.0120 0.0049 0.0076 0.0285 0.0079 0.0175 0.0132 0.0103 0.0096 0.0179 0.0170 
      H038.6  2 0.0072 0.9060 0.0091 0.0048 0.0078 0.0117 0.0056 0.0112 0.0087 0.0081 0.0039 0.0113 0.0048 
      H038.7  2 0.0072 0.8635 0.0053 0.0039 0.0435 0.0120 0.0118 0.0080 0.0165 0.0080 0.0050 0.0117 0.0037 
      H038.8  2 0.0052 0.7511 0.0053 0.0051 0.0296 0.1035 0.0081 0.0273 0.0100 0.0127 0.0174 0.0089 0.0157 
      H041.1  2 0.0176 0.3221 0.2012 0.0370 0.0306 0.0299 0.1557 0.0118 0.0134 0.0202 0.0309 0.0116 0.1180 
      H041.2  2 0.0138 0.0908 0.6099 0.0088 0.0212 0.0202 0.1561 0.0068 0.0080 0.0182 0.0346 0.0052 0.0064 
      H041.4  2 0.0161 0.3512 0.3684 0.0317 0.0164 0.0357 0.0537 0.0097 0.0401 0.0173 0.0278 0.0107 0.0214 
      H041.6  2 0.0137 0.2861 0.4032 0.0464 0.0265 0.0190 0.0356 0.0148 0.0743 0.0140 0.0394 0.0067 0.0202 
 H042.1_2002  2 0.0070 0.0100 0.7976 0.0165 0.0119 0.0165 0.0057 0.0071 0.0416 0.0164 0.0384 0.0226 0.0087 
 H042.1_2003  2 0.0133 0.0751 0.0473 0.0155 0.0779 0.0913 0.3894 0.0458 0.0968 0.0210 0.0682 0.0472 0.0111 
 H042.2_2002  2 0.0334 0.2239 0.5384 0.0173 0.0099 0.0464 0.0112 0.0104 0.0098 0.0286 0.0328 0.0287 0.0089 
 H042.2_2003  2 0.0108 0.1135 0.5399 0.0151 0.0217 0.0061 0.0413 0.0099 0.0648 0.0430 0.1157 0.0133 0.0050 
 H042.3_2002  2 0.0194 0.0157 0.5800 0.0469 0.0183 0.0295 0.0156 0.0219 0.0445 0.0261 0.0999 0.0741 0.0081 
 H042.3_2003  2 0.0281 0.0853 0.3724 0.0341 0.0176 0.0419 0.0377 0.0218 0.0805 0.0114 0.0766 0.1544 0.0382 
 H042.4_2002  2 0.0087 0.0160 0.8423 0.0074 0.0085 0.0162 0.0074 0.0205 0.0161 0.0197 0.0205 0.0068 0.0100 
 H042.4_2003  2 0.0064 0.0326 0.8300 0.0164 0.0129 0.0061 0.0094 0.0114 0.0306 0.0082 0.0116 0.0076 0.0169 
      H042.5  2 0.0050 0.0072 0.9235 0.0095 0.0057 0.0031 0.0084 0.0047 0.0067 0.0053 0.0076 0.0084 0.0048 
      H042.6  2 0.0069 0.0253 0.8314 0.0267 0.0119 0.0117 0.0051 0.0079 0.0273 0.0056 0.0071 0.0206 0.0125 
      H042.7  2 0.0072 0.0240 0.5334 0.0305 0.0938 0.0080 0.0120 0.0072 0.0204 0.0111 0.2274 0.0177 0.0074 
      H042.8  2 0.0089 0.0143 0.7936 0.0353 0.0086 0.0256 0.0235 0.0055 0.0208 0.0099 0.0307 0.0183 0.0050 
   H042_2002  2 0.0248 0.0858 0.1245 0.1002 0.0776 0.0444 0.0461 0.0148 0.3404 0.0152 0.0523 0.0671 0.0069 
   H042_2003  2 0.0240 0.1085 0.1308 0.1014 0.0941 0.0396 0.0480 0.0202 0.3134 0.0166 0.0454 0.0498 0.0081 
      H043.1  2 0.0235 0.0250 0.0150 0.0124 0.0218 0.0570 0.0328 0.0124 0.7163 0.0132 0.0053 0.0421 0.0233 
      H043.2  2 0.0058 0.0215 0.0041 0.0164 0.0057 0.0252 0.0070 0.0053 0.8819 0.0086 0.0039 0.0097 0.0049 
      H043.3  2 0.0195 0.2483 0.0147 0.0152 0.1565 0.0258 0.0235 0.0106 0.4433 0.0128 0.0066 0.0174 0.0057 
      H043.4  2 0.0094 0.0455 0.0145 0.0262 0.0294 0.0419 0.0206 0.0096 0.7539 0.0171 0.0061 0.0194 0.0064 
      H043.5  2 0.0134 0.0506 0.0071 0.0069 0.0104 0.0725 0.0131 0.0068 0.7863 0.0092 0.0071 0.0100 0.0066 
      H043.6  2 0.0083 0.0862 0.0068 0.0090 0.0092 0.0704 0.0044 0.0108 0.7639 0.0119 0.0068 0.0076 0.0047 
      H043.7  2 0.0076 0.0145 0.0061 0.0131 0.0263 0.0183 0.0138 0.0094 0.8711 0.0048 0.0045 0.0066 0.0041 
      H043.8  2 0.0398 0.0374 0.0066 0.0121 0.0145 0.0110 0.0160 0.0346 0.7697 0.0184 0.0064 0.0204 0.0131 
      H043.9  2 0.0368 0.0843 0.0263 0.0085 0.0594 0.0335 0.0215 0.0153 0.6539 0.0120 0.0060 0.0219 0.0206 
      H047.1  2 0.0063 0.4557 0.0071 0.0099 0.0250 0.0068 0.3100 0.0074 0.1273 0.0130 0.0065 0.0183 0.0068 
      H047.2  2 0.0091 0.0665 0.0094 0.0092 0.0182 0.0052 0.8195 0.0091 0.0103 0.0113 0.0111 0.0067 0.0143 
      H047.3  2 0.0144 0.0500 0.0207 0.0104 0.0162 0.0044 0.8102 0.0110 0.0109 0.0090 0.0169 0.0079 0.0180 
      H047.4  2 0.0177 0.1548 0.0402 0.0116 0.1169 0.0041 0.5700 0.0096 0.0172 0.0214 0.0198 0.0095 0.0073 
      H047.5  2 0.0232 0.0999 0.0103 0.0202 0.0291 0.0042 0.7275 0.0092 0.0224 0.0160 0.0194 0.0122 0.0064 
      H047.6  2 0.0064 0.0131 0.0158 0.0077 0.0079 0.0040 0.9018 0.0058 0.0066 0.0078 0.0116 0.0048 0.0065 
      H047.7  2 0.0072 0.4785 0.0141 0.0090 0.0151 0.0093 0.3525 0.0046 0.0618 0.0173 0.0080 0.0125 0.0103 
      H047.8  2 0.0124 0.0332 0.0193 0.0133 0.0148 0.0039 0.8361 0.0061 0.0151 0.0111 0.0125 0.0116 0.0106 
      H047.9  2 0.0116 0.3819 0.0131 0.0754 0.0546 0.0048 0.2810 0.0120 0.0377 0.0678 0.0275 0.0253 0.0073 
 H071.1_2002  2 0.0041 0.9038 0.0058 0.0073 0.0091 0.0049 0.0062 0.0086 0.0165 0.0154 0.0050 0.0085 0.0046 
 H071.1_2003  2 0.0058 0.7339 0.0139 0.0525 0.0308 0.0109 0.0155 0.0394 0.0401 0.0308 0.0086 0.0124 0.0055 
     H071.10  2 0.0092 0.8881 0.0049 0.0058 0.0069 0.0089 0.0038 0.0302 0.0060 0.0056 0.0055 0.0073 0.0178 
 H071.2_2002  2 0.0066 0.8925 0.0066 0.0105 0.0091 0.0087 0.0083 0.0094 0.0166 0.0117 0.0067 0.0091 0.0041 
 H071.2_2003  2 0.0038 0.9389 0.0052 0.0047 0.0053 0.0038 0.0049 0.0053 0.0070 0.0072 0.0041 0.0051 0.0047 
      H071.3  2 0.0081 0.8741 0.0062 0.0069 0.0085 0.0096 0.0264 0.0193 0.0060 0.0051 0.0069 0.0105 0.0124 
 H071.4_2002  2 0.0101 0.8759 0.0067 0.0082 0.0088 0.0144 0.0064 0.0183 0.0093 0.0119 0.0097 0.0118 0.0084 
 H071.4_2003  2 0.0056 0.9327 0.0045 0.0052 0.0070 0.0032 0.0066 0.0092 0.0050 0.0045 0.0046 0.0068 0.0052 
 H071.5_2002  2 0.0050 0.9295 0.0064 0.0046 0.0065 0.0055 0.0047 0.0081 0.0060 0.0056 0.0044 0.0060 0.0077 
 H071.5_2003  2 0.0110 0.8832 0.0056 0.0098 0.0152 0.0042 0.0090 0.0179 0.0108 0.0062 0.0099 0.0124 0.0048 
 H071.6_2002  2 0.0110 0.9188 0.0060 0.0070 0.0076 0.0067 0.0043 0.0071 0.0061 0.0045 0.0071 0.0090 0.0047 
 H071.6_2003  2 0.0065 0.9131 0.0047 0.0055 0.0104 0.0039 0.0053 0.0182 0.0089 0.0066 0.0045 0.0075 0.0050 
 H071.7_2002  2 0.0054 0.9313 0.0051 0.0064 0.0090 0.0041 0.0059 0.0037 0.0114 0.0049 0.0036 0.0060 0.0032 
 H071.7_2003  2 0.0054 0.8870 0.0071 0.0089 0.0096 0.0051 0.0057 0.0286 0.0111 0.0086 0.0055 0.0124 0.0051 
      H071.8  2 0.0067 0.9108 0.0062 0.0137 0.0074 0.0083 0.0084 0.0047 0.0087 0.0089 0.0053 0.0069 0.0039 
      H071.9  2 0.0591 0.7948 0.0134 0.0111 0.0101 0.0132 0.0132 0.0211 0.0167 0.0089 0.0169 0.0110 0.0106 
 H081.1_2002  2 0.0059 0.9175 0.0078 0.0112 0.0075 0.0050 0.0046 0.0068 0.0084 0.0062 0.0088 0.0046 0.0058 
 H081.1_2003  2 0.0584 0.0510 0.1080 0.0172 0.1171 0.3034 0.0125 0.1277 0.0778 0.0605 0.0309 0.0153 0.0202 
 H081.2_2002  2 0.0071 0.8856 0.0084 0.0367 0.0111 0.0046 0.0073 0.0049 0.0133 0.0050 0.0065 0.0043 0.0051 
 H081.2_2003  2 0.0134 0.0380 0.0268 0.0539 0.0096 0.0105 0.0082 0.7078 0.0457 0.0083 0.0102 0.0376 0.0301 
 H081.3_2002  2 0.0083 0.8729 0.0097 0.0253 0.0121 0.0059 0.0134 0.0114 0.0096 0.0088 0.0087 0.0061 0.0078 
 H081.3_2003  2 0.0414 0.0180 0.0287 0.0233 0.0082 0.0158 0.0097 0.6354 0.1455 0.0228 0.0101 0.0276 0.0133 
 H081.4_2002  2 0.0059 0.9096 0.0081 0.0068 0.0091 0.0042 0.0063 0.0136 0.0072 0.0092 0.0055 0.0080 0.0065 
 H081.4_2003  2 0.0388 0.0280 0.1441 0.0288 0.0390 0.0186 0.0086 0.4632 0.0940 0.0600 0.0263 0.0332 0.0172 
 H081.5_2002  2 0.0060 0.9045 0.0084 0.0072 0.0101 0.0063 0.0082 0.0143 0.0097 0.0092 0.0053 0.0059 0.0050 
 H081.5_2003  2 0.0499 0.0607 0.1698 0.0562 0.1776 0.0310 0.0217 0.1795 0.1176 0.0636 0.0399 0.0169 0.0157 
      H081.6  2 0.0050 0.9150 0.0058 0.0110 0.0108 0.0065 0.0048 0.0080 0.0088 0.0075 0.0055 0.0068 0.0045 
      H081.7  2 0.0092 0.8526 0.0079 0.0535 0.0079 0.0046 0.0072 0.0120 0.0106 0.0095 0.0113 0.0075 0.0064 
      H081.8  2 0.0165 0.8342 0.0144 0.0113 0.0114 0.0170 0.0095 0.0275 0.0106 0.0145 0.0130 0.0081 0.0118 
      H083.1  2 0.0170 0.8737 0.0137 0.0065 0.0126 0.0097 0.0070 0.0087 0.0067 0.0145 0.0051 0.0076 0.0171 
      H083.2  2 0.0205 0.7986 0.0095 0.0132 0.0164 0.0101 0.0354 0.0071 0.0197 0.0165 0.0105 0.0135 0.0288 
      H083.4  2 0.0332 0.7265 0.0089 0.0267 0.0138 0.0173 0.0107 0.0073 0.0095 0.0060 0.0101 0.0158 0.1141 
      H083.5  2 0.0135 0.8041 0.0260 0.0110 0.0115 0.0271 0.0110 0.0054 0.0059 0.0121 0.0084 0.0077 0.0562 
      H083.6  2 0.0195 0.8018 0.0150 0.0182 0.0102 0.0111 0.0052 0.0103 0.0052 0.0089 0.0162 0.0093 0.0691 
      H083.7  2 0.0123 0.6497 0.0087 0.0212 0.0104 0.0128 0.0135 0.0069 0.0091 0.0063 0.0217 0.0134 0.2137 
      H083.8  2 0.0126 0.7756 0.0107 0.0165 0.0110 0.0070 0.0803 0.0063 0.0155 0.0129 0.0090 0.0120 0.0305 
      H083.9  2 0.0106 0.8035 0.0189 0.0067 0.0080 0.0098 0.0078 0.0068 0.0049 0.0114 0.0071 0.0065 0.0980 
      H084.1  2 0.0135 0.0079 0.0164 0.0063 0.0051 0.0443 0.0138 0.8415 0.0085 0.0071 0.0156 0.0103 0.0100 
      H084.2  2 0.0221 0.0093 0.0271 0.0050 0.0109 0.0703 0.0062 0.8021 0.0132 0.0100 0.0042 0.0140 0.0056 
      H084.3  2 0.0139 0.0079 0.0156 0.0067 0.0162 0.1564 0.0159 0.6022 0.0076 0.0405 0.0946 0.0093 0.0133 
      H084.4  2 0.0143 0.0073 0.0368 0.0069 0.0456 0.1946 0.0331 0.5909 0.0119 0.0101 0.0289 0.0128 0.0068 
      H084.5  2 0.0245 0.0066 0.0089 0.0084 0.0218 0.0291 0.0324 0.7786 0.0074 0.0210 0.0452 0.0083 0.0079 
      H084.6  2 0.0099 0.0052 0.0090 0.0078 0.0134 0.0892 0.0253 0.7177 0.0062 0.0159 0.0642 0.0052 0.0310 
      H084.7  2 0.0162 0.0094 0.0344 0.0082 0.0062 0.0115 0.0070 0.8688 0.0071 0.0062 0.0076 0.0090 0.0085 
      H084.8  2 0.0126 0.0053 0.0101 0.0089 0.0127 0.0633 0.0395 0.7460 0.0060 0.0126 0.0692 0.0065 0.0074 
 H085.1_2002  2 0.0148 0.1048 0.0957 0.6642 0.0077 0.0227 0.0092 0.0174 0.0157 0.0119 0.0077 0.0079 0.0202 
 H085.1_2003  2 0.0373 0.5930 0.1248 0.0773 0.0147 0.0127 0.0207 0.0152 0.0091 0.0082 0.0194 0.0164 0.0511 
 H085.2_2002  2 0.0205 0.0306 0.0815 0.5754 0.0197 0.0616 0.0072 0.0409 0.0297 0.0158 0.0218 0.0126 0.0828 
 H085.2_2003  2 0.0263 0.7228 0.0797 0.0183 0.0155 0.0110 0.0319 0.0214 0.0101 0.0131 0.0087 0.0148 0.0266 
 H085.3_2002  2 0.0066 0.0101 0.1169 0.7808 0.0153 0.0059 0.0073 0.0068 0.0114 0.0070 0.0114 0.0075 0.0130 
 H085.3_2003  2 0.0152 0.8065 0.0283 0.0381 0.0247 0.0062 0.0155 0.0112 0.0100 0.0047 0.0108 0.0215 0.0073 
 H085.4_2002  2 0.0207 0.2108 0.0736 0.4765 0.0107 0.0472 0.0089 0.0261 0.0399 0.0182 0.0186 0.0183 0.0306 
 H085.4_2003  2 0.0101 0.7152 0.1020 0.0082 0.0299 0.0064 0.0111 0.0235 0.0284 0.0166 0.0307 0.0084 0.0095 
 H085.5_2002  2 0.0062 0.0117 0.0465 0.8581 0.0129 0.0053 0.0067 0.0073 0.0162 0.0057 0.0109 0.0065 0.0059 
 H085.5_2003  2 0.0115 0.8369 0.0282 0.0129 0.0092 0.0073 0.0104 0.0181 0.0072 0.0083 0.0072 0.0120 0.0307 
 H085.6_2002  2 0.0140 0.0250 0.1146 0.7397 0.0164 0.0150 0.0078 0.0096 0.0141 0.0116 0.0109 0.0064 0.0151 
 H085.6_2003  2 0.0132 0.1138 0.1048 0.0602 0.4910 0.0071 0.0706 0.0186 0.0346 0.0191 0.0460 0.0147 0.0063 
 H085.7_2002  2 0.0111 0.0361 0.1281 0.6481 0.0410 0.0134 0.0260 0.0151 0.0150 0.0179 0.0103 0.0099 0.0280 
 H085.7_2003  2 0.0195 0.8102 0.0346 0.0114 0.0231 0.0101 0.0171 0.0069 0.0121 0.0091 0.0149 0.0218 0.0092 
 H085.8_2002  2 0.0062 0.0259 0.0305 0.7791 0.0584 0.0102 0.0102 0.0094 0.0239 0.0079 0.0194 0.0106 0.0082 
 H085.8_2003  2 0.0268 0.2387 0.4156 0.0294 0.0350 0.0148 0.0319 0.0324 0.0221 0.0194 0.0394 0.0102 0.0843 
      H085.9  2 0.0081 0.0733 0.0622 0.7125 0.0187 0.0300 0.0087 0.0130 0.0173 0.0111 0.0140 0.0104 0.0206 
      H088.1  2 0.0101 0.0091 0.8644 0.0143 0.0086 0.0082 0.0063 0.0059 0.0128 0.0082 0.0182 0.0226 0.0114 
      H088.2  2 0.0120 0.0070 0.8735 0.0168 0.0201 0.0060 0.0089 0.0067 0.0086 0.0123 0.0138 0.0068 0.0074 
      H088.3  2 0.0113 0.0052 0.9043 0.0110 0.0136 0.0058 0.0081 0.0060 0.0052 0.0070 0.0089 0.0073 0.0063 
      H088.4  2 0.0077 0.0095 0.9053 0.0039 0.0110 0.0049 0.0063 0.0165 0.0116 0.0073 0.0050 0.0074 0.0036 
      H088.5  2 0.0052 0.0060 0.9293 0.0049 0.0055 0.0055 0.0052 0.0080 0.0074 0.0049 0.0070 0.0059 0.0050 
      H088.6  2 0.0078 0.0119 0.9067 0.0054 0.0064 0.0063 0.0091 0.0079 0.0059 0.0063 0.0086 0.0108 0.0068 
      H088.7  2 0.0094 0.0161 0.8682 0.0102 0.0139 0.0063 0.0306 0.0101 0.0043 0.0071 0.0093 0.0074 0.0069 
      H088.8  2 0.0108 0.0315 0.8625 0.0085 0.0065 0.0061 0.0137 0.0134 0.0048 0.0130 0.0097 0.0131 0.0063 
      H091.1  2 0.0152 0.0346 0.8340 0.0066 0.0163 0.0068 0.0077 0.0065 0.0105 0.0125 0.0141 0.0138 0.0214 
      H091.2  2 0.0324 0.0443 0.7505 0.0078 0.0141 0.0053 0.0125 0.0060 0.0184 0.0187 0.0265 0.0203 0.0432 
      H109.1  2 0.2551 0.0230 0.0117 0.0374 0.0193 0.0391 0.2288 0.0831 0.0568 0.0120 0.0347 0.0457 0.1534 
      H109.2  2 0.0904 0.0917 0.0186 0.0152 0.0912 0.0223 0.0400 0.4957 0.0595 0.0091 0.0200 0.0201 0.0260 
      H109.3  2 0.0398 0.0375 0.0373 0.0202 0.0662 0.0204 0.5719 0.0731 0.0179 0.0402 0.0197 0.0456 0.0103 
      H109.4  2 0.0769 0.0435 0.0304 0.0252 0.0350 0.0439 0.1152 0.1947 0.1212 0.0158 0.0274 0.2435 0.0273 
      H109.5  2 0.0147 0.3753 0.1792 0.0226 0.0513 0.0068 0.1439 0.0817 0.0157 0.0517 0.0340 0.0149 0.0082 
      H109.6  2 0.2301 0.0405 0.0166 0.0307 0.0583 0.0218 0.1075 0.2629 0.0978 0.0344 0.0397 0.0362 0.0237 
      H126.1  2 0.1402 0.0137 0.0353 0.1284 0.0947 0.0151 0.0148 0.0119 0.3277 0.0368 0.0532 0.1126 0.0153 
      H126.2  2 0.0116 0.4929 0.0184 0.0275 0.0252 0.0528 0.0206 0.0128 0.1042 0.0101 0.0124 0.1995 0.0120 
      H126.3  2 0.0893 0.5933 0.0693 0.0359 0.0202 0.0173 0.0126 0.0052 0.0474 0.0209 0.0325 0.0449 0.0111 
      H126.4  2 0.0190 0.0475 0.0238 0.0411 0.0194 0.0129 0.0173 0.0163 0.5622 0.0216 0.0151 0.1702 0.0336 
      H126.5  2 0.0142 0.2147 0.0122 0.0216 0.2001 0.0065 0.0076 0.0068 0.3759 0.0434 0.0106 0.0734 0.0129 
      H126.6  2 0.0193 0.7921 0.0140 0.0360 0.0409 0.0050 0.0073 0.0045 0.0262 0.0280 0.0055 0.0082 0.0130 
      H126.7  2 0.0112 0.8437 0.0280 0.0228 0.0150 0.0035 0.0110 0.0085 0.0129 0.0085 0.0057 0.0229 0.0064 
      H130.1  2 0.0239 0.0092 0.2314 0.0234 0.0427 0.0068 0.0263 0.0462 0.4027 0.0328 0.0287 0.1062 0.0196 
      H130.2  2 0.0591 0.0269 0.0439 0.0129 0.0130 0.0102 0.0442 0.6881 0.0213 0.0150 0.0202 0.0202 0.0252 
      H130.3  2 0.1283 0.0283 0.0604 0.0089 0.0157 0.0047 0.0462 0.3155 0.0334 0.1384 0.0098 0.2021 0.0083 
      H130.4  2 0.0675 0.0099 0.0849 0.0316 0.0170 0.0353 0.0272 0.1346 0.2471 0.1091 0.0267 0.1770 0.0324 
      H130.5  2 0.0341 0.0423 0.2139 0.0421 0.0318 0.0068 0.0138 0.4340 0.0817 0.0226 0.0291 0.0222 0.0255 
      H133.1  2 0.3050 0.0476 0.0536 0.0338 0.0332 0.1263 0.0938 0.1166 0.0978 0.0225 0.0133 0.0384 0.0182 
      H133.2  2 0.0440 0.0262 0.0873 0.0405 0.0685 0.0127 0.1438 0.2210 0.2139 0.1052 0.0071 0.0206 0.0093 
      H133.3  2 0.2056 0.0911 0.2639 0.1206 0.0401 0.0954 0.0276 0.0273 0.0113 0.0599 0.0165 0.0276 0.0131 
      H133.4  2 0.2130 0.0186 0.0130 0.0163 0.0227 0.0536 0.4211 0.0372 0.1010 0.0722 0.0084 0.0122 0.0106 
      H133.5  2 0.5423 0.0138 0.1208 0.0657 0.0228 0.0188 0.0128 0.0775 0.0261 0.0334 0.0060 0.0504 0.0096 
      H133.6  2 0.1460 0.0180 0.2957 0.0390 0.0344 0.0112 0.0141 0.1730 0.1822 0.0241 0.0095 0.0393 0.0135 
      H133.7  2 0.0868 0.0365 0.0483 0.0495 0.0611 0.0881 0.3835 0.0129 0.0517 0.0657 0.0921 0.0115 0.0123 
      H133.8  2 0.2463 0.0254 0.0455 0.1183 0.0162 0.0912 0.2140 0.0355 0.0706 0.0221 0.0364 0.0540 0.0243 
      H133.9  2 0.3688 0.0294 0.0692 0.0301 0.0368 0.1113 0.0859 0.0836 0.0488 0.0245 0.0120 0.0737 0.0258 
      H147.1  2 0.0095 0.3354 0.0899 0.0639 0.0745 0.0236 0.1220 0.1093 0.0214 0.0097 0.1023 0.0055 0.0328 
      H147.2  2 0.0069 0.8540 0.0177 0.0138 0.0209 0.0054 0.0111 0.0197 0.0207 0.0063 0.0123 0.0057 0.0055 
      H147.3  2 0.0054 0.8388 0.0055 0.0509 0.0186 0.0054 0.0104 0.0232 0.0112 0.0073 0.0096 0.0061 0.0076 
      H147.4  2 0.0061 0.8395 0.0074 0.0199 0.0110 0.0209 0.0166 0.0433 0.0047 0.0061 0.0075 0.0052 0.0118 
      H147.5  2 0.0084 0.5464 0.0931 0.0206 0.0326 0.0084 0.0334 0.1827 0.0150 0.0091 0.0133 0.0155 0.0215 
      H147.6  2 0.0108 0.4199 0.0949 0.0287 0.0383 0.0077 0.0975 0.2198 0.0248 0.0117 0.0117 0.0124 0.0219 
      H147.7  2 0.0052 0.7947 0.0091 0.0152 0.0166 0.0241 0.0300 0.0564 0.0064 0.0065 0.0149 0.0059 0.0149 
      H147.8  2 0.0074 0.6820 0.0361 0.0100 0.0103 0.0207 0.0883 0.0933 0.0049 0.0064 0.0063 0.0059 0.0282 
      H147.9  2 0.0054 0.8847 0.0052 0.0153 0.0156 0.0061 0.0091 0.0209 0.0126 0.0060 0.0070 0.0057 0.0065 
      H148.1  2 0.1283 0.0177 0.0406 0.0135 0.1188 0.0853 0.0189 0.1781 0.1291 0.0096 0.2126 0.0195 0.0280 
      H148.2  2 0.0920 0.0257 0.0093 0.0196 0.0279 0.0500 0.0169 0.0320 0.0433 0.0080 0.6498 0.0101 0.0154 
      H148.3  2 0.0070 0.0090 0.0081 0.0811 0.0259 0.0155 0.0087 0.0110 0.0086 0.0146 0.7980 0.0070 0.0056 
      H148.4  2 0.0818 0.0218 0.0276 0.0228 0.2151 0.0458 0.0138 0.0146 0.0627 0.0177 0.4542 0.0101 0.0120 
      H148.5  2 0.0279 0.0104 0.0194 0.0101 0.0147 0.0269 0.0178 0.0319 0.0153 0.0191 0.7832 0.0119 0.0115 
      H148.6  2 0.0353 0.0155 0.0120 0.0208 0.0271 0.0837 0.0090 0.0196 0.0149 0.0102 0.7199 0.0068 0.0253 
      H148.7  2 0.0950 0.0089 0.0265 0.0087 0.0267 0.0264 0.0552 0.0313 0.0185 0.0149 0.6531 0.0236 0.0112 
