      H105.1  1 0.0169 0.0062 0.0138 0.0215 0.0076 0.7892 0.0108 0.0114 0.0358 0.0084 0.0359 0.0129 0.0080 0.0158 0.0057 
      H105.2  1 0.0148 0.0217 0.0163 0.0443 0.0392 0.6652 0.0180 0.0172 0.0200 0.0160 0.0129 0.0624 0.0113 0.0147 0.0259 
      H105.3  1 0.0159 0.0067 0.0199 0.0115 0.0051 0.8377 0.0088 0.0212 0.0090 0.0062 0.0063 0.0202 0.0121 0.0088 0.0104 
      H105.4  1 0.0273 0.0244 0.0766 0.0298 0.0340 0.6114 0.0124 0.0061 0.0694 0.0078 0.0116 0.0198 0.0397 0.0100 0.0197 
      H105.5  1 0.0930 0.0397 0.1244 0.0355 0.0278 0.1104 0.1428 0.0411 0.1887 0.0093 0.0391 0.0417 0.0760 0.0109 0.0197 
      H105.6  1 0.0238 0.0091 0.0137 0.0070 0.0077 0.8375 0.0086 0.0084 0.0221 0.0056 0.0047 0.0070 0.0274 0.0093 0.0080 
      H105.7  1 0.0076 0.0051 0.0105 0.0062 0.0279 0.8378 0.0135 0.0066 0.0202 0.0054 0.0151 0.0081 0.0073 0.0229 0.0059 
      H105.8  1 0.0058 0.0130 0.0077 0.0238 0.0056 0.8305 0.0055 0.0112 0.0155 0.0102 0.0072 0.0165 0.0096 0.0319 0.0060 
      H115.1  1 0.0495 0.0446 0.0118 0.0333 0.0182 0.0187 0.0156 0.0762 0.0200 0.0118 0.0373 0.0165 0.5992 0.0381 0.0093 
      H115.2  1 0.0074 0.0504 0.0057 0.0126 0.0089 0.0144 0.0169 0.0173 0.0087 0.0124 0.0218 0.0075 0.7936 0.0108 0.0115 
      H115.3  1 0.0119 0.0381 0.0106 0.0085 0.0079 0.0096 0.0084 0.0067 0.0085 0.0058 0.0218 0.0125 0.8230 0.0075 0.0191 
      H115.4  1 0.0285 0.4125 0.0119 0.0319 0.0112 0.0144 0.0121 0.3249 0.0128 0.0074 0.0518 0.0313 0.0259 0.0080 0.0153 
      H115.5  1 0.0358 0.0328 0.0205 0.0116 0.0144 0.0385 0.0259 0.0236 0.0204 0.0548 0.0290 0.1499 0.4870 0.0380 0.0177 
      H115.6  1 0.0205 0.0318 0.0119 0.0077 0.0269 0.0161 0.0516 0.0382 0.0097 0.0170 0.0331 0.0240 0.6574 0.0129 0.0412 
      H115.7  1 0.0340 0.0683 0.0306 0.0226 0.0712 0.0152 0.1140 0.0908 0.0133 0.0065 0.0524 0.0692 0.3487 0.0092 0.0539 
      H115.8  1 0.0129 0.0271 0.0085 0.0107 0.0123 0.0142 0.0165 0.0175 0.0095 0.0714 0.0156 0.0265 0.7008 0.0427 0.0138 
      H115.9  1 0.0104 0.0082 0.0087 0.0088 0.0075 0.0062 0.0072 0.0221 0.0320 0.0063 0.0197 0.0049 0.8177 0.0352 0.0051 
      H145.1  1 0.0131 0.0077 0.0102 0.0053 0.0056 0.0078 0.0083 0.0080 0.0120 0.0207 0.0091 0.0038 0.0122 0.0090 0.8672 
      H145.2  1 0.0194 0.0112 0.0083 0.0079 0.0099 0.0129 0.0123 0.0084 0.0140 0.0301 0.0090 0.0039 0.0341 0.0084 0.8102 
      H145.3  1 0.0060 0.0065 0.0053 0.0039 0.0055 0.0040 0.0069 0.0056 0.0088 0.0154 0.0060 0.0098 0.0045 0.0181 0.8936 
      H145.4  1 0.0205 0.0097 0.0063 0.0062 0.0061 0.0075 0.0197 0.0124 0.0150 0.0185 0.0124 0.0075 0.0062 0.0087 0.8434 
      H145.5  1 0.0071 0.0051 0.0054 0.0049 0.0043 0.0037 0.0090 0.0059 0.0052 0.0602 0.0046 0.0053 0.0046 0.0077 0.8671 
      H145.6  1 0.0137 0.0130 0.0052 0.0064 0.0513 0.0065 0.0238 0.0106 0.0130 0.0412 0.0102 0.0185 0.0116 0.0074 0.7677 
      H145.7  1 0.0096 0.0123 0.0063 0.0045 0.0071 0.0045 0.0090 0.0051 0.0128 0.0077 0.0133 0.0241 0.0056 0.0097 0.8683 
      H149.1  1 0.9337 0.0032 0.0035 0.0057 0.0044 0.0040 0.0053 0.0049 0.0040 0.0060 0.0051 0.0044 0.0052 0.0048 0.0057 
      H149.2  1 0.9211 0.0034 0.0063 0.0041 0.0056 0.0039 0.0077 0.0059 0.0063 0.0037 0.0084 0.0045 0.0050 0.0044 0.0096 
      H149.3  1 0.8290 0.0058 0.0118 0.0132 0.0162 0.0092 0.0145 0.0066 0.0087 0.0050 0.0218 0.0085 0.0065 0.0087 0.0345 
      H149.4  1 0.8796 0.0103 0.0079 0.0140 0.0129 0.0122 0.0076 0.0055 0.0047 0.0082 0.0087 0.0067 0.0072 0.0072 0.0073 
      H149.5  1 0.7246 0.0089 0.0160 0.0193 0.0379 0.0139 0.0150 0.0076 0.0102 0.0050 0.0909 0.0098 0.0042 0.0104 0.0264 
      H149.6  1 0.9009 0.0045 0.0056 0.0057 0.0141 0.0065 0.0092 0.0064 0.0058 0.0046 0.0139 0.0048 0.0035 0.0038 0.0108 
      H149.7  1 0.6783 0.0132 0.0118 0.0503 0.0804 0.0294 0.0294 0.0104 0.0089 0.0117 0.0315 0.0095 0.0070 0.0158 0.0125 
      H150.1  1 0.0039 0.0336 0.0081 0.0053 0.0069 0.0173 0.0094 0.0067 0.0069 0.0140 0.0083 0.0082 0.8451 0.0097 0.0166 
      H150.2  1 0.0147 0.0725 0.0209 0.0074 0.0178 0.0250 0.0191 0.0358 0.0054 0.0296 0.0186 0.0110 0.7045 0.0073 0.0106 
      H150.3  1 0.0113 0.0370 0.0116 0.0117 0.0456 0.0225 0.0414 0.0353 0.0119 0.0194 0.0126 0.0243 0.6722 0.0221 0.0212 
      H150.4  1 0.0039 0.0099 0.0079 0.0050 0.0083 0.0078 0.0139 0.0143 0.0110 0.0206 0.0093 0.0142 0.8537 0.0101 0.0102 
      H150.5  1 0.0134 0.1602 0.0238 0.0126 0.0156 0.0356 0.0218 0.0075 0.0095 0.0071 0.0360 0.0149 0.6132 0.0110 0.0178 
      H150.6  1 0.0169 0.3905 0.0102 0.0144 0.0177 0.1682 0.0269 0.0199 0.0049 0.0156 0.0621 0.0594 0.1304 0.0054 0.0573 
      H150.7  1 0.0048 0.0099 0.0073 0.0044 0.0047 0.0074 0.0085 0.0089 0.0066 0.0080 0.0041 0.0056 0.9004 0.0074 0.0119 
   H169607.1  1 0.0076 0.0347 0.0959 0.0967 0.0567 0.0085 0.0108 0.2623 0.0290 0.0183 0.0246 0.0238 0.0295 0.0215 0.2803 
   H169607.2  1 0.0130 0.0431 0.0430 0.0172 0.0222 0.0069 0.0077 0.0223 0.6880 0.0045 0.0113 0.0060 0.0210 0.0259 0.0679 
   H169607.3  1 0.0102 0.0213 0.1463 0.0609 0.1684 0.0101 0.0136 0.0282 0.1215 0.0167 0.1334 0.0230 0.0244 0.0523 0.1699 
   H169607.4  1 0.0082 0.0178 0.0865 0.0187 0.0193 0.0105 0.0074 0.0147 0.3992 0.0071 0.0075 0.0075 0.0135 0.0072 0.3751 
   H169607.5  1 0.0301 0.1934 0.1003 0.0120 0.0209 0.0072 0.0115 0.0175 0.3309 0.0085 0.0998 0.0075 0.0462 0.0514 0.0628 
   H169607.6  1 0.0094 0.0196 0.0299 0.0210 0.0117 0.0083 0.0078 0.0128 0.7850 0.0042 0.0128 0.0091 0.0121 0.0151 0.0411 
   H169607.7  1 0.0198 0.2756 0.0470 0.1103 0.0208 0.0237 0.0118 0.0602 0.2420 0.0081 0.0171 0.0191 0.0262 0.0794 0.0388 
   H169607.8  1 0.0066 0.0077 0.0593 0.0274 0.0182 0.0059 0.0066 0.0134 0.7124 0.0047 0.0074 0.0069 0.0118 0.0113 0.1003 
   H169633.1  1 0.7183 0.0058 0.0065 0.0217 0.0156 0.0202 0.0201 0.0427 0.0114 0.0280 0.0118 0.0394 0.0277 0.0085 0.0223 
   H169633.2  1 0.7136 0.0095 0.0046 0.0201 0.0476 0.0261 0.0154 0.0825 0.0048 0.0128 0.0070 0.0199 0.0058 0.0164 0.0139 
   H169633.3  1 0.8416 0.0074 0.0066 0.0066 0.0069 0.0159 0.0377 0.0104 0.0055 0.0076 0.0083 0.0112 0.0072 0.0178 0.0094 
   H169633.4  1 0.8253 0.0062 0.0063 0.0088 0.0045 0.0141 0.0153 0.0103 0.0077 0.0256 0.0191 0.0159 0.0143 0.0066 0.0201 
   H169633.5  1 0.8294 0.0058 0.0077 0.0098 0.0052 0.0135 0.0142 0.0080 0.0080 0.0246 0.0180 0.0178 0.0156 0.0084 0.0142 
   H169688.1  1 0.0270 0.0217 0.0095 0.0594 0.5807 0.0043 0.0054 0.0213 0.0572 0.0044 0.0065 0.1307 0.0072 0.0086 0.0560 
   H169688.2  1 0.0138 0.0836 0.0091 0.1086 0.5845 0.0153 0.0082 0.0059 0.0224 0.0232 0.0099 0.0686 0.0247 0.0144 0.0077 
   H169688.3  1 0.0179 0.1518 0.0070 0.0845 0.5457 0.0093 0.0073 0.0278 0.0197 0.0073 0.0217 0.0404 0.0329 0.0053 0.0215 
   H169688.4  1 0.0151 0.1504 0.0116 0.0312 0.1470 0.0108 0.0084 0.0130 0.0230 0.0192 0.0222 0.0416 0.4783 0.0127 0.0154 
   H169688.5  1 0.0171 0.1806 0.0092 0.0220 0.1202 0.0128 0.0086 0.0122 0.0240 0.0184 0.0180 0.0514 0.4809 0.0120 0.0127 
   H169688.6  1 0.0374 0.1255 0.0085 0.1286 0.4082 0.0311 0.0042 0.0117 0.0159 0.0849 0.0101 0.0517 0.0609 0.0064 0.0148 
   H169688.7  1 0.0159 0.2772 0.0101 0.1029 0.2851 0.0096 0.0134 0.0396 0.0262 0.0159 0.0161 0.0456 0.0416 0.0133 0.0874 
   H171901.1  1 0.0116 0.0963 0.0134 0.0135 0.4403 0.0185 0.1453 0.0165 0.0148 0.0755 0.0159 0.0294 0.0543 0.0104 0.0444 
   H171901.2  1 0.7954 0.0130 0.0089 0.0091 0.0060 0.0135 0.0154 0.0065 0.0255 0.0088 0.0085 0.0096 0.0253 0.0102 0.0445 
   H171901.3  1 0.7873 0.0164 0.0082 0.0139 0.0329 0.0068 0.0101 0.0075 0.0118 0.0097 0.0188 0.0200 0.0333 0.0084 0.0150 
   H171901.4  1 0.7973 0.0297 0.0134 0.0126 0.0126 0.0281 0.0086 0.0092 0.0095 0.0085 0.0096 0.0111 0.0204 0.0153 0.0140 
   H171901.5  1 0.7709 0.0350 0.0253 0.0126 0.0170 0.0217 0.0099 0.0105 0.0103 0.0082 0.0079 0.0069 0.0178 0.0069 0.0390 
   H171901.6  1 0.6288 0.0368 0.0365 0.0356 0.0280 0.0558 0.0197 0.0122 0.0148 0.0071 0.0122 0.0054 0.0306 0.0103 0.0660 
   H171901.7  1 0.7873 0.0346 0.0068 0.0138 0.0219 0.0110 0.0170 0.0059 0.0108 0.0070 0.0153 0.0096 0.0237 0.0157 0.0196 
   H171902.1  1 0.0089 0.0150 0.0224 0.0359 0.0148 0.0067 0.0086 0.0185 0.0136 0.0449 0.0045 0.0087 0.0154 0.0162 0.7658 
  H171902.10  1 0.0119 0.0109 0.0082 0.0575 0.0073 0.0039 0.0079 0.0059 0.0079 0.0075 0.0044 0.0077 0.0083 0.0052 0.8456 
   H171902.2  1 0.0188 0.0157 0.0410 0.2538 0.0869 0.0326 0.0119 0.0212 0.0195 0.0494 0.0110 0.1517 0.0167 0.0603 0.2098 
   H171902.3  1 0.0611 0.0359 0.0299 0.2896 0.0271 0.0118 0.0193 0.0305 0.0152 0.0123 0.0085 0.0099 0.0393 0.0141 0.3954 
   H171902.4  1 0.0286 0.0041 0.0047 0.0079 0.0068 0.0089 0.0055 0.0085 0.0062 0.0198 0.0052 0.0067 0.0123 0.0101 0.8646 
   H171902.6  1 0.0096 0.0063 0.0077 0.0313 0.0054 0.0031 0.0068 0.0066 0.0071 0.0077 0.0054 0.0060 0.0111 0.0046 0.8813 
   H171902.7  1 0.0123 0.0080 0.0115 0.0107 0.0121 0.0072 0.0077 0.0079 0.0130 0.0156 0.0063 0.0042 0.0079 0.0048 0.8710 
   H171902.8  1 0.0204 0.0200 0.0164 0.0753 0.0129 0.0055 0.0134 0.0111 0.0078 0.0148 0.0099 0.0083 0.0152 0.0077 0.7613 
   H171902.9  1 0.0107 0.0108 0.0217 0.0118 0.0110 0.0107 0.0091 0.0102 0.0111 0.0349 0.0050 0.0069 0.0814 0.0128 0.7520 
   H171903.1  1 0.0130 0.0459 0.0154 0.0066 0.0111 0.0131 0.0073 0.0157 0.8125 0.0047 0.0091 0.0056 0.0194 0.0133 0.0074 
   H171903.2  1 0.0135 0.0632 0.0260 0.0108 0.0103 0.0159 0.0090 0.0144 0.7182 0.0133 0.0315 0.0077 0.0224 0.0327 0.0110 
   H171903.3  1 0.1110 0.1857 0.0715 0.0137 0.0288 0.0200 0.0564 0.0389 0.2014 0.0191 0.1611 0.0094 0.0232 0.0359 0.0240 
   H171903.4  1 0.0109 0.0231 0.0272 0.0067 0.7021 0.0085 0.0350 0.0090 0.0423 0.0088 0.0111 0.0100 0.0167 0.0071 0.0816 
   H171903.5  1 0.0756 0.2041 0.0390 0.0577 0.0391 0.0197 0.0155 0.0596 0.1077 0.0125 0.2801 0.0125 0.0250 0.0401 0.0117 
   H171903.6  1 0.1125 0.2051 0.1246 0.0248 0.0647 0.0075 0.0107 0.0092 0.2329 0.0048 0.1095 0.0174 0.0354 0.0156 0.0254 
      H177.1  1 0.5058 0.0329 0.0208 0.0346 0.2218 0.0064 0.0158 0.0068 0.0371 0.0130 0.0135 0.0062 0.0256 0.0071 0.0525 
      H177.2  1 0.1019 0.0576 0.2368 0.0934 0.0105 0.0091 0.0102 0.0116 0.0268 0.0155 0.0466 0.0149 0.0252 0.0499 0.2900 
      H177.3  1 0.3596 0.0541 0.0541 0.0673 0.0130 0.0062 0.0185 0.0069 0.0204 0.0181 0.0204 0.0053 0.0415 0.0114 0.3033 
      H177.4  1 0.5179 0.0162 0.0340 0.0958 0.1677 0.0181 0.0102 0.0063 0.0219 0.0083 0.0266 0.0044 0.0064 0.0114 0.0549 
      H177.5  1 0.0355 0.0498 0.0410 0.0173 0.5871 0.0411 0.0171 0.0052 0.0301 0.0081 0.0799 0.0126 0.0238 0.0206 0.0308 
      H177.6  1 0.5594 0.0295 0.0343 0.0630 0.0128 0.0070 0.0173 0.0087 0.0134 0.0164 0.0180 0.0053 0.0525 0.0109 0.1513 
      H179.1  1 0.0138 0.0111 0.0146 0.8319 0.0249 0.0121 0.0106 0.0222 0.0067 0.0053 0.0124 0.0096 0.0111 0.0085 0.0052 
      H179.2  1 0.0232 0.0234 0.0412 0.6984 0.0242 0.0122 0.0173 0.0810 0.0113 0.0054 0.0177 0.0075 0.0099 0.0193 0.0082 
      H179.3  1 0.0118 0.0422 0.0123 0.5434 0.1329 0.0210 0.0110 0.0340 0.0381 0.0067 0.0408 0.0291 0.0303 0.0395 0.0068 
      H179.4  1 0.2489 0.0291 0.0287 0.4811 0.0324 0.0217 0.0135 0.0180 0.0192 0.0051 0.0155 0.0273 0.0081 0.0316 0.0199 
      H180.1  1 0.0080 0.8020 0.0063 0.0271 0.0100 0.0161 0.0084 0.0241 0.0079 0.0160 0.0182 0.0334 0.0085 0.0067 0.0071 
      H180.2  1 0.0170 0.7154 0.0113 0.0146 0.0094 0.0470 0.0078 0.0070 0.0112 0.0173 0.0065 0.0797 0.0377 0.0088 0.0094 
      H180.3  1 0.0102 0.5600 0.0109 0.0065 0.0067 0.0126 0.0135 0.0495 0.0154 0.0304 0.0239 0.0128 0.1492 0.0915 0.0070 
      H180.4  1 0.0258 0.5217 0.0081 0.0557 0.0184 0.1472 0.0381 0.0094 0.0149 0.0331 0.0222 0.0537 0.0182 0.0217 0.0117 
      H180.5  1 0.0126 0.6320 0.0303 0.0382 0.0169 0.0267 0.0312 0.0121 0.0256 0.0477 0.0150 0.0518 0.0237 0.0275 0.0089 
      H180.6  1 0.0221 0.1161 0.0156 0.0093 0.0080 0.0193 0.0475 0.0148 0.0273 0.0578 0.0117 0.0419 0.0305 0.5665 0.0115 
      H181.1  1 0.1650 0.0116 0.0167 0.2512 0.0074 0.0097 0.0115 0.0096 0.0378 0.0172 0.2288 0.1599 0.0118 0.0089 0.0529 
      H181.2  1 0.0592 0.0230 0.0115 0.5754 0.0177 0.0141 0.0312 0.0244 0.0189 0.0152 0.0263 0.0708 0.0126 0.0083 0.0912 
      H181.3  1 0.0316 0.0114 0.0223 0.6867 0.0129 0.0079 0.0143 0.0067 0.0175 0.0117 0.0127 0.1152 0.0081 0.0119 0.0291 
      H181.4  1 0.1814 0.0460 0.0838 0.0799 0.0202 0.0123 0.0248 0.0105 0.0343 0.0053 0.2949 0.0863 0.0590 0.0156 0.0456 
      H181.5  1 0.0176 0.0048 0.0130 0.8037 0.0149 0.0107 0.0216 0.0135 0.0086 0.0123 0.0131 0.0447 0.0048 0.0089 0.0078 
      H181.6  1 0.0297 0.0202 0.0191 0.6973 0.0205 0.0337 0.0232 0.0394 0.0214 0.0059 0.0224 0.0169 0.0234 0.0084 0.0185 
      H181.7  1 0.0317 0.0097 0.0077 0.8110 0.0095 0.0167 0.0073 0.0136 0.0136 0.0089 0.0196 0.0134 0.0099 0.0139 0.0136 
 H194.1_2004  1 0.1358 0.0391 0.0083 0.0052 0.0222 0.0084 0.1560 0.0122 0.5470 0.0079 0.0108 0.0058 0.0140 0.0123 0.0151 
 H194.2_2004  1 0.0530 0.0370 0.0085 0.0086 0.3262 0.0059 0.1632 0.0099 0.2011 0.0667 0.0412 0.0060 0.0115 0.0079 0.0534 
 H194.3_2004  1 0.7071 0.0058 0.0064 0.0093 0.0167 0.0072 0.1526 0.0066 0.0273 0.0088 0.0060 0.0043 0.0077 0.0086 0.0256 
 H194.4_2004  1 0.1711 0.0093 0.0098 0.0078 0.2777 0.0070 0.0195 0.0072 0.0778 0.0364 0.0075 0.0073 0.0078 0.0139 0.3400 
 H194.5_2004  1 0.6167 0.0106 0.0143 0.0079 0.0254 0.0196 0.1668 0.0081 0.0599 0.0067 0.0099 0.0058 0.0094 0.0170 0.0220 
 H194.6_2004  1 0.5899 0.0133 0.0150 0.0092 0.2129 0.0071 0.0372 0.0079 0.0208 0.0094 0.0109 0.0060 0.0130 0.0121 0.0353 
 H194.7_2004  1 0.0655 0.0152 0.0156 0.0067 0.0450 0.0100 0.1973 0.0091 0.4540 0.0150 0.0190 0.0144 0.0078 0.1159 0.0093 
 H194.8_2004  1 0.3399 0.0154 0.0229 0.0090 0.3417 0.0088 0.0738 0.0119 0.0367 0.0148 0.0160 0.0088 0.0124 0.0178 0.0704 
      H194.9  1 0.1143 0.0111 0.0166 0.0069 0.0417 0.0130 0.2525 0.0103 0.2587 0.0228 0.0149 0.0112 0.0185 0.1551 0.0526 
 H195.1_2003  1 0.0504 0.0235 0.0128 0.0092 0.0828 0.6384 0.0280 0.0112 0.0298 0.0056 0.0091 0.0157 0.0128 0.0078 0.0628 
 H195.1_2004  1 0.0094 0.0062 0.0046 0.0073 0.0057 0.0057 0.0118 0.0060 0.0059 0.0146 0.0087 0.0114 0.0057 0.0049 0.8920 
 H195.2_2003  1 0.0177 0.0325 0.0389 0.0136 0.1263 0.1728 0.0146 0.0172 0.3260 0.0175 0.0058 0.0109 0.0361 0.0213 0.1488 
 H195.2_2004  1 0.0226 0.0135 0.0141 0.0094 0.0284 0.0231 0.0116 0.0100 0.0189 0.0383 0.0071 0.0175 0.0080 0.0191 0.7587 
 H195.3_2003  1 0.0113 0.0416 0.0425 0.0132 0.0725 0.5666 0.0195 0.0077 0.0868 0.0076 0.0077 0.0162 0.0648 0.0118 0.0300 
 H195.3_2004  1 0.0312 0.0051 0.0063 0.0062 0.0076 0.0205 0.0094 0.0065 0.0218 0.0070 0.0059 0.0101 0.0044 0.0054 0.8527 
 H195.4_2003  1 0.0498 0.0124 0.0142 0.0086 0.0187 0.2933 0.1400 0.0214 0.0456 0.0057 0.0102 0.0050 0.0111 0.0083 0.3558 
 H195.4_2004  1 0.0120 0.0056 0.0063 0.0088 0.0553 0.0077 0.0090 0.0089 0.0217 0.0072 0.0077 0.0585 0.0043 0.0154 0.7718 
 H195.5_2003  1 0.0228 0.0183 0.0163 0.0112 0.0600 0.7035 0.0436 0.0085 0.0187 0.0050 0.0089 0.0165 0.0119 0.0058 0.0491 
 H195.5_2004  1 0.0100 0.0052 0.0049 0.0067 0.0069 0.0121 0.0070 0.0056 0.0108 0.0079 0.0062 0.0139 0.0046 0.0070 0.8912 
 H195.6_2003  1 0.0076 0.0132 0.0212 0.0075 0.0130 0.4595 0.0105 0.0071 0.1285 0.0090 0.0059 0.0274 0.0255 0.0076 0.2566 
 H195.6_2004  1 0.0117 0.0066 0.0077 0.0123 0.0110 0.0318 0.0136 0.0086 0.0239 0.0096 0.0039 0.0096 0.0041 0.0089 0.8368 
 H195.7_2003  1 0.0174 0.0152 0.0147 0.0170 0.7384 0.0293 0.0184 0.0337 0.0298 0.0040 0.0070 0.0082 0.0067 0.0101 0.0502 
 H195.7_2004  1 0.0059 0.0090 0.0080 0.0126 0.0070 0.0118 0.0123 0.0044 0.0090 0.1253 0.0115 0.0177 0.0127 0.0082 0.7447 
      H195.8  1 0.0066 0.0073 0.0045 0.0056 0.0132 0.0060 0.0079 0.0062 0.0099 0.0076 0.0079 0.0315 0.0053 0.0095 0.8711 
      H195.9  1 0.0300 0.0165 0.0132 0.0116 0.0155 0.0099 0.0095 0.0073 0.0571 0.0066 0.0066 0.0116 0.0043 0.0132 0.7871 
      H415.1  1 0.0604 0.0208 0.0070 0.0110 0.0270 0.0155 0.0290 0.5750 0.0093 0.0761 0.0113 0.0089 0.0925 0.0270 0.0290 
      H415.2  1 0.2223 0.0475 0.0260 0.0408 0.0380 0.0114 0.0157 0.1843 0.0135 0.0241 0.0359 0.0055 0.0594 0.0105 0.2651 
      H415.3  1 0.0683 0.0244 0.0130 0.0243 0.0123 0.0091 0.0152 0.7754 0.0040 0.0096 0.0117 0.0037 0.0085 0.0060 0.0145 
      H415.4  1 0.0341 0.0094 0.0059 0.0053 0.0091 0.0092 0.0320 0.7781 0.0042 0.0158 0.0105 0.0081 0.0369 0.0231 0.0184 
      H415.5  1 0.1789 0.0308 0.0098 0.0179 0.0211 0.0106 0.0320 0.6408 0.0042 0.0119 0.0121 0.0051 0.0060 0.0056 0.0131 
      H415.6  1 0.0233 0.0146 0.0087 0.0057 0.0083 0.0098 0.0321 0.7808 0.0054 0.0166 0.0090 0.0080 0.0441 0.0207 0.0130 
      H415.7  1 0.1355 0.0198 0.1152 0.0467 0.0309 0.0102 0.0138 0.4075 0.0079 0.0173 0.0079 0.0055 0.0202 0.0090 0.1526 
      H506.1  1 0.0610 0.0057 0.0187 0.8199 0.0058 0.0159 0.0054 0.0184 0.0045 0.0112 0.0065 0.0105 0.0040 0.0072 0.0053 
      H506.2  1 0.0341 0.0044 0.0132 0.8913 0.0040 0.0042 0.0048 0.0074 0.0041 0.0053 0.0051 0.0037 0.0050 0.0050 0.0084 
      H506.3  1 0.0171 0.0084 0.0097 0.8351 0.0113 0.0127 0.0061 0.0222 0.0047 0.0284 0.0082 0.0141 0.0045 0.0117 0.0059 
      H506.4  1 0.0261 0.0089 0.0259 0.8136 0.0122 0.0131 0.0060 0.0238 0.0078 0.0169 0.0101 0.0135 0.0060 0.0111 0.0051 
      H506.5  1 0.0376 0.0043 0.0194 0.8631 0.0051 0.0094 0.0041 0.0114 0.0063 0.0072 0.0047 0.0094 0.0048 0.0054 0.0078 
      H506.6  1 0.0067 0.0082 0.0136 0.8535 0.0095 0.0093 0.0047 0.0117 0.0138 0.0180 0.0108 0.0109 0.0082 0.0088 0.0122 
      H506.7  1 0.0457 0.0042 0.0117 0.8660 0.0055 0.0082 0.0042 0.0116 0.0055 0.0065 0.0044 0.0070 0.0042 0.0067 0.0086 
      H533.1  1 0.0357 0.0095 0.0067 0.8769 0.0041 0.0060 0.0048 0.0085 0.0036 0.0114 0.0108 0.0064 0.0045 0.0061 0.0051 
      H533.2  1 0.0893 0.0088 0.0061 0.8158 0.0042 0.0061 0.0057 0.0116 0.0033 0.0179 0.0083 0.0082 0.0040 0.0049 0.0055 
      H533.3  1 0.0522 0.0308 0.0113 0.7799 0.0060 0.0068 0.0047 0.0136 0.0083 0.0082 0.0421 0.0099 0.0073 0.0107 0.0083 
      H533.4  1 0.1859 0.0726 0.0097 0.5331 0.0101 0.0081 0.0080 0.0456 0.0140 0.0220 0.0212 0.0223 0.0152 0.0113 0.0209 
      H535.1  1 0.7555 0.0141 0.0381 0.0226 0.0223 0.0091 0.0351 0.0105 0.0272 0.0051 0.0102 0.0047 0.0185 0.0081 0.0190 
      H535.2  1 0.6160 0.0092 0.0405 0.0650 0.0284 0.0222 0.0114 0.0045 0.0180 0.0040 0.0174 0.0566 0.0054 0.0486 0.0527 
      H535.3  1 0.5094 0.0148 0.0434 0.0473 0.0176 0.0891 0.0128 0.0058 0.0240 0.0071 0.0159 0.1322 0.0133 0.0388 0.0286 
      H535.4  1 0.9030 0.0073 0.0063 0.0045 0.0047 0.0117 0.0127 0.0083 0.0053 0.0039 0.0052 0.0103 0.0046 0.0044 0.0079 
      H535.5  1 0.8917 0.0107 0.0088 0.0090 0.0110 0.0094 0.0055 0.0073 0.0125 0.0048 0.0071 0.0064 0.0044 0.0056 0.0059 
      H535.6  1 0.4602 0.0168 0.0336 0.0122 0.1680 0.0065 0.0769 0.0076 0.0505 0.0056 0.0192 0.0184 0.0173 0.0170 0.0901 
      H535.7  1 0.8813 0.0090 0.0081 0.0101 0.0094 0.0192 0.0048 0.0062 0.0123 0.0064 0.0075 0.0059 0.0063 0.0086 0.0050 
      H535.8  1 0.7436 0.0091 0.0109 0.0127 0.0856 0.0248 0.0078 0.0087 0.0098 0.0068 0.0088 0.0269 0.0104 0.0224 0.0116 
      H535.9  1 0.7393 0.0141 0.0278 0.0150 0.0083 0.0466 0.0152 0.0060 0.0292 0.0111 0.0088 0.0136 0.0317 0.0102 0.0229 
      H539.1  1 0.0033 0.0047 0.0047 0.0034 0.0039 0.0035 0.0050 0.0046 0.0085 0.0053 0.0041 0.0031 0.9334 0.0055 0.0069 
      H539.2  1 0.0094 0.7072 0.0103 0.0145 0.0152 0.0080 0.0083 0.0177 0.0300 0.0143 0.0184 0.0224 0.0945 0.0165 0.0134 
      H539.3  1 0.0109 0.0228 0.0080 0.0085 0.0402 0.0106 0.0112 0.0066 0.0752 0.0237 0.0085 0.0125 0.7274 0.0204 0.0135 
      H539.4  1 0.0055 0.0166 0.0069 0.0079 0.0063 0.0089 0.0051 0.0091 0.0054 0.0114 0.0082 0.0061 0.8889 0.0090 0.0047 
      H539.5  1 0.0052 0.0058 0.0086 0.0034 0.0042 0.0031 0.0050 0.0042 0.0071 0.0061 0.0056 0.0045 0.9206 0.0114 0.0050 
      H539.6  1 0.0051 0.0127 0.0095 0.0039 0.0055 0.0042 0.0077 0.0062 0.0097 0.0081 0.0057 0.0068 0.8893 0.0173 0.0082 
      H539.7  1 0.0037 0.0079 0.0055 0.0047 0.0071 0.0044 0.0049 0.0043 0.0041 0.0040 0.0050 0.0049 0.9293 0.0048 0.0053 
      H539.8  1 0.0171 0.0217 0.0121 0.0115 0.0441 0.0409 0.0203 0.0094 0.0134 0.0363 0.0173 0.0221 0.7130 0.0124 0.0086 
      H539.9  1 0.0040 0.0069 0.0049 0.0051 0.0047 0.0060 0.0037 0.0060 0.0059 0.0116 0.0069 0.0042 0.9176 0.0086 0.0038 
      H540.1  1 0.0128 0.0162 0.0249 0.0088 0.0058 0.0051 0.0065 0.0065 0.0123 0.0093 0.0176 0.0070 0.8462 0.0086 0.0124 
      H540.2  1 0.0061 0.0091 0.0079 0.0050 0.0058 0.0040 0.0077 0.0073 0.0085 0.0041 0.0127 0.0035 0.9044 0.0064 0.0075 
      H540.3  1 0.0099 0.0102 0.0313 0.0133 0.0263 0.0071 0.0589 0.0145 0.0072 0.1915 0.0582 0.0151 0.5243 0.0063 0.0257 
      H540.4  1 0.0075 0.0193 0.0161 0.0208 0.0137 0.0057 0.0123 0.0103 0.0084 0.0047 0.0162 0.0072 0.8421 0.0055 0.0103 
      H540.5  1 0.0100 0.0099 0.0146 0.0112 0.0065 0.0050 0.0088 0.0052 0.0096 0.0200 0.0101 0.0091 0.8653 0.0078 0.0068 
      H540.6  1 0.0128 0.0155 0.0405 0.0184 0.0109 0.0046 0.0160 0.0105 0.0232 0.0149 0.0317 0.0261 0.7417 0.0176 0.0156 
      H540.7  1 0.0105 0.0189 0.0102 0.0083 0.0053 0.0058 0.0083 0.0084 0.0072 0.0043 0.0132 0.0057 0.8787 0.0092 0.0059 
      H540.8  1 0.0429 0.0503 0.0166 0.0088 0.0120 0.0082 0.0224 0.0084 0.0156 0.0084 0.0466 0.0046 0.7370 0.0058 0.0124 
     H9558.1  1 0.0042 0.0145 0.0045 0.0079 0.0088 0.0052 0.0082 0.0050 0.0083 0.0069 0.0043 0.0040 0.9070 0.0049 0.0064 
     H9558.2  1 0.0054 0.0071 0.0080 0.0125 0.0127 0.0133 0.0047 0.0079 0.0117 0.0083 0.0058 0.0068 0.8775 0.0129 0.0053 
     H9558.3  1 0.0073 0.0071 0.0124 0.0058 0.0063 0.0206 0.0078 0.0149 0.0153 0.0127 0.0078 0.0074 0.8575 0.0109 0.0064 
     H9558.4  1 0.0057 0.0363 0.0061 0.0081 0.0074 0.0053 0.0074 0.0075 0.0101 0.0091 0.0063 0.0047 0.8754 0.0053 0.0054 
     H9558.5  1 0.0064 0.0188 0.0075 0.0077 0.0108 0.0092 0.0066 0.0110 0.0037 0.0179 0.0163 0.0069 0.8690 0.0046 0.0038 
     H9558.6  1 0.0083 0.0081 0.0117 0.0053 0.0102 0.0103 0.0092 0.0066 0.0097 0.0115 0.0555 0.0038 0.7746 0.0648 0.0103 
    kos339.1  1 0.8444 0.0089 0.0225 0.0188 0.0093 0.0061 0.0052 0.0166 0.0052 0.0057 0.0101 0.0076 0.0102 0.0217 0.0077 
    kos339.2  1 0.8571 0.0051 0.0078 0.0133 0.0082 0.0110 0.0102 0.0206 0.0048 0.0110 0.0125 0.0083 0.0084 0.0142 0.0077 
    kos339.3  1 0.9279 0.0061 0.0053 0.0041 0.0046 0.0043 0.0041 0.0084 0.0042 0.0040 0.0063 0.0047 0.0050 0.0063 0.0049 
    kos339.4  1 0.9008 0.0067 0.0070 0.0047 0.0050 0.0052 0.0063 0.0232 0.0040 0.0058 0.0074 0.0061 0.0049 0.0066 0.0063 
    kos339.5  1 0.8896 0.0080 0.0160 0.0100 0.0071 0.0060 0.0066 0.0096 0.0054 0.0035 0.0075 0.0066 0.0075 0.0102 0.0065 
    kos339.6  1 0.9045 0.0036 0.0088 0.0057 0.0048 0.0048 0.0090 0.0098 0.0054 0.0083 0.0122 0.0051 0.0047 0.0065 0.0068 
    kos339.7  1 0.9328 0.0063 0.0051 0.0044 0.0043 0.0030 0.0037 0.0072 0.0039 0.0040 0.0061 0.0030 0.0047 0.0064 0.0052 
    kos339.8  1 0.8854 0.0066 0.0090 0.0084 0.0071 0.0082 0.0061 0.0237 0.0039 0.0077 0.0094 0.0082 0.0039 0.0067 0.0058 
    kos339.9  1 0.8711 0.0101 0.0118 0.0066 0.0056 0.0086 0.0086 0.0082 0.0074 0.0054 0.0066 0.0056 0.0168 0.0142 0.0134 
      H008.1  2 0.0084 0.0234 0.0077 0.0152 0.0087 0.0245 0.0122 0.0112 0.0088 0.0076 0.0074 0.0145 0.0449 0.7932 0.0121 
      H008.2  2 0.0310 0.0896 0.0243 0.0712 0.0200 0.2402 0.0108 0.0162 0.0778 0.0996 0.0317 0.0639 0.0841 0.1202 0.0192 
      H008.3  2 0.0254 0.3120 0.0234 0.0554 0.0443 0.0924 0.0254 0.0207 0.0687 0.0563 0.0342 0.1136 0.0230 0.0855 0.0199 
      H008.4  2 0.0141 0.0104 0.0122 0.0144 0.0332 0.0219 0.0170 0.0455 0.0407 0.0622 0.0087 0.0137 0.0371 0.6332 0.0357 
      H008.5  2 0.0159 0.0195 0.0098 0.0129 0.0381 0.0223 0.0105 0.0124 0.0208 0.0178 0.0135 0.0146 0.0126 0.7704 0.0088 
      H008.6  2 0.0207 0.0604 0.0216 0.0219 0.0299 0.2108 0.0115 0.0250 0.0689 0.1518 0.0187 0.0083 0.0498 0.2620 0.0387 
      H008.7  2 0.0298 0.0289 0.0214 0.0270 0.0535 0.0965 0.0236 0.0209 0.0344 0.1189 0.0091 0.0777 0.0486 0.3641 0.0455 
      H008.8  2 0.0108 0.0254 0.0151 0.0256 0.0112 0.0217 0.0097 0.0153 0.0539 0.0106 0.0092 0.0261 0.5857 0.1595 0.0201 
      H008.9  2 0.0267 0.0476 0.0202 0.0316 0.0243 0.2469 0.0248 0.0128 0.0587 0.2943 0.0175 0.0159 0.0404 0.0264 0.1118 
 H029.1_2002  2 0.0089 0.0101 0.0321 0.0129 0.0672 0.0085 0.0129 0.0403 0.0095 0.0282 0.0094 0.0112 0.0447 0.6931 0.0110 
 H029.1_2003  2 0.0139 0.0206 0.0178 0.0314 0.6802 0.0118 0.0154 0.0163 0.0110 0.0125 0.0249 0.0085 0.0141 0.1123 0.0093 
 H029.2_2002  2 0.1510 0.0127 0.0209 0.0262 0.0647 0.0126 0.0110 0.0073 0.0198 0.0443 0.0085 0.0260 0.0078 0.5708 0.0165 
 H029.2_2003  2 0.0940 0.0434 0.0233 0.0467 0.4544 0.0185 0.0073 0.0060 0.0151 0.0306 0.0212 0.0076 0.0095 0.1787 0.0438 
 H029.3_2002  2 0.0881 0.0149 0.0241 0.1581 0.0470 0.0080 0.0111 0.0100 0.0289 0.2153 0.0319 0.0461 0.0059 0.2833 0.0273 
 H029.3_2003  2 0.0136 0.0129 0.0100 0.0280 0.2350 0.0269 0.0082 0.0089 0.0068 0.0076 0.0158 0.0064 0.0061 0.6077 0.0060 
 H029.4_2002  2 0.0054 0.0069 0.0047 0.0138 0.0471 0.0055 0.0089 0.0125 0.0061 0.0187 0.0089 0.0161 0.0039 0.8353 0.0061 
 H029.4_2003  2 0.0090 0.0218 0.0102 0.0191 0.7187 0.0132 0.0064 0.0114 0.0111 0.0165 0.0143 0.0092 0.0332 0.0995 0.0065 
 H029.5_2002  2 0.0075 0.0045 0.0131 0.0084 0.0543 0.0130 0.0180 0.0107 0.0056 0.0062 0.0084 0.0104 0.0076 0.8271 0.0053 
 H029.5_2003  2 0.0119 0.0259 0.0075 0.0161 0.4888 0.0233 0.0088 0.0083 0.0061 0.0097 0.0093 0.0056 0.0083 0.3645 0.0060 
 H029.6_2002  2 0.0064 0.0085 0.0064 0.0242 0.2872 0.0059 0.0100 0.0103 0.0109 0.0563 0.0088 0.0209 0.0049 0.5294 0.0101 
 H029.6_2003  2 0.0589 0.0278 0.0436 0.0643 0.1167 0.0199 0.0244 0.0081 0.0079 0.0100 0.0240 0.0122 0.0156 0.5234 0.0432 
      H029.7  2 0.0417 0.0089 0.0118 0.0172 0.0457 0.0077 0.0080 0.0072 0.0212 0.0377 0.0041 0.0228 0.0074 0.7409 0.0177 
      H030.1  2 0.0146 0.0182 0.1312 0.0249 0.0718 0.0820 0.0191 0.0087 0.0114 0.0054 0.5500 0.0140 0.0074 0.0281 0.0134 
      H030.2  2 0.0068 0.0169 0.0099 0.0085 0.0302 0.0245 0.0152 0.2928 0.0054 0.0513 0.2715 0.1680 0.0149 0.0700 0.0140 
      H038.1  2 0.0058 0.0049 0.0087 0.0062 0.0076 0.0047 0.0045 0.0078 0.0114 0.0213 0.0060 0.0063 0.0108 0.8875 0.0066 
      H038.2  2 0.0192 0.0065 0.0091 0.0052 0.0075 0.0083 0.0121 0.0113 0.0034 0.0065 0.0098 0.0057 0.0052 0.8823 0.0078 
      H038.3  2 0.0158 0.0079 0.0503 0.0074 0.0060 0.0133 0.0134 0.0219 0.0065 0.0314 0.0191 0.0089 0.0155 0.7714 0.0112 
      H038.4  2 0.0079 0.0056 0.0208 0.0072 0.0053 0.0130 0.0184 0.0176 0.0045 0.0278 0.0070 0.0090 0.0097 0.8313 0.0149 
      H038.5  2 0.0102 0.0122 0.0061 0.0107 0.0105 0.0089 0.0103 0.0075 0.0036 0.0283 0.0174 0.0110 0.0111 0.8462 0.0061 
      H038.6  2 0.0096 0.0130 0.0068 0.0067 0.0124 0.0065 0.0051 0.0072 0.0053 0.0118 0.0116 0.0038 0.0112 0.8844 0.0045 
      H038.7  2 0.0105 0.0070 0.0341 0.0077 0.0058 0.0110 0.0055 0.0133 0.0041 0.0113 0.0104 0.0042 0.0119 0.8582 0.0049 
      H038.8  2 0.0123 0.0082 0.0190 0.0048 0.0051 0.0088 0.0134 0.0132 0.0049 0.0737 0.0106 0.0098 0.0105 0.7926 0.0130 
      H041.1  2 0.0187 0.0156 0.0356 0.0178 0.3204 0.1110 0.0336 0.0151 0.0156 0.0328 0.0082 0.0896 0.0132 0.2568 0.0160 
      H041.2  2 0.0159 0.0058 0.0143 0.0091 0.6265 0.1062 0.0301 0.0360 0.0101 0.0180 0.0078 0.0065 0.0094 0.0882 0.0162 
      H041.4  2 0.0091 0.0075 0.0123 0.0088 0.5546 0.0423 0.0197 0.0134 0.0188 0.0266 0.0111 0.0151 0.0292 0.1795 0.0520 
      H041.6  2 0.0145 0.0067 0.0256 0.0113 0.5195 0.0356 0.0159 0.0303 0.0430 0.0168 0.0117 0.0184 0.0720 0.1435 0.0353 
 H042.1_2002  2 0.0132 0.0158 0.0091 0.0051 0.7524 0.0072 0.0225 0.0439 0.0159 0.0127 0.0084 0.0091 0.0478 0.0112 0.0258 
 H042.1_2003  2 0.0131 0.0336 0.0702 0.0138 0.0378 0.3073 0.0247 0.0869 0.0183 0.0711 0.0369 0.0148 0.0983 0.0564 0.1169 
 H042.2_2002  2 0.0120 0.0159 0.0062 0.0172 0.5746 0.0092 0.0238 0.1529 0.0148 0.0422 0.0066 0.0106 0.0118 0.0899 0.0122 
 H042.2_2003  2 0.0165 0.0097 0.0291 0.0077 0.5590 0.0364 0.0622 0.0378 0.0151 0.0082 0.0131 0.0047 0.0586 0.1182 0.0238 
 H042.3_2002  2 0.0092 0.0240 0.0092 0.0075 0.4779 0.0098 0.0244 0.3365 0.0098 0.0172 0.0106 0.0064 0.0319 0.0096 0.0159 
 H042.3_2003  2 0.0135 0.0443 0.0101 0.0112 0.2562 0.0221 0.0223 0.3793 0.0151 0.0299 0.0170 0.0445 0.0709 0.0376 0.0259 
 H042.4_2002  2 0.0175 0.0056 0.0070 0.0049 0.8360 0.0082 0.0344 0.0095 0.0063 0.0126 0.0098 0.0090 0.0099 0.0143 0.0152 
 H042.4_2003  2 0.0120 0.0075 0.0421 0.0048 0.7421 0.0125 0.0261 0.0081 0.0202 0.0082 0.0090 0.0170 0.0213 0.0558 0.0133 
      H042.5  2 0.0072 0.0069 0.0074 0.0046 0.9125 0.0063 0.0063 0.0041 0.0119 0.0028 0.0049 0.0052 0.0085 0.0057 0.0057 
      H042.6  2 0.0075 0.0171 0.0156 0.0063 0.8070 0.0054 0.0090 0.0118 0.0441 0.0124 0.0057 0.0085 0.0227 0.0183 0.0087 
      H042.7  2 0.0102 0.0108 0.0392 0.0065 0.5272 0.0170 0.0845 0.2155 0.0123 0.0056 0.0064 0.0075 0.0157 0.0206 0.0210 
      H042.8  2 0.0061 0.0154 0.0075 0.0073 0.7755 0.0168 0.0297 0.0612 0.0194 0.0143 0.0051 0.0045 0.0137 0.0110 0.0125 
   H042_2002  2 0.0086 0.0403 0.0482 0.0131 0.0787 0.0343 0.0277 0.2083 0.1473 0.0387 0.0153 0.0072 0.2234 0.0775 0.0315 
   H042_2003  2 0.0108 0.0389 0.0428 0.0153 0.0769 0.0315 0.0346 0.1927 0.1572 0.0363 0.0133 0.0062 0.2468 0.0717 0.0250 
      H043.1  2 0.0202 0.0197 0.0198 0.0222 0.0128 0.0239 0.0044 0.0140 0.0122 0.0444 0.0131 0.0192 0.7417 0.0237 0.0087 
      H043.2  2 0.0066 0.0074 0.0050 0.0075 0.0037 0.0061 0.0045 0.0046 0.0152 0.0204 0.0046 0.0045 0.8811 0.0171 0.0116 
      H043.3  2 0.0127 0.0140 0.0975 0.0197 0.0129 0.0146 0.0045 0.0488 0.0235 0.0211 0.0092 0.0053 0.5106 0.1962 0.0093 
      H043.4  2 0.0171 0.0111 0.0270 0.0085 0.0087 0.0196 0.0045 0.0149 0.0570 0.0454 0.0078 0.0062 0.7218 0.0345 0.0156 
      H043.5  2 0.0078 0.0077 0.0098 0.0146 0.0066 0.0166 0.0063 0.0103 0.0058 0.0557 0.0070 0.0063 0.7816 0.0562 0.0077 
      H043.6  2 0.0098 0.0069 0.0073 0.0074 0.0060 0.0040 0.0045 0.0143 0.0061 0.0510 0.0081 0.0043 0.7858 0.0784 0.0062 
      H043.7  2 0.0054 0.0055 0.0261 0.0053 0.0059 0.0098 0.0040 0.0156 0.0151 0.0113 0.0075 0.0038 0.8637 0.0144 0.0067 
      H043.8  2 0.0140 0.0108 0.0155 0.0329 0.0055 0.0140 0.0043 0.0141 0.0099 0.0133 0.0266 0.0135 0.7819 0.0345 0.0090 
      H043.9  2 0.0164 0.0154 0.0295 0.0259 0.0175 0.0224 0.0043 0.0261 0.0200 0.0258 0.0189 0.0171 0.6778 0.0770 0.0059 
      H047.1  2 0.0119 0.0252 0.0093 0.0050 0.0083 0.2916 0.0060 0.0487 0.0157 0.0057 0.0065 0.0061 0.1034 0.4511 0.0054 
      H047.2  2 0.0112 0.0097 0.0226 0.0101 0.0101 0.8099 0.0132 0.0083 0.0091 0.0052 0.0076 0.0109 0.0100 0.0499 0.0121 
      H047.3  2 0.0094 0.0106 0.0238 0.0160 0.0166 0.7219 0.0217 0.0267 0.0180 0.0053 0.0080 0.0224 0.0147 0.0756 0.0094 
      H047.4  2 0.0139 0.0091 0.0965 0.0134 0.0403 0.4895 0.0180 0.0466 0.0110 0.0043 0.0110 0.0097 0.0170 0.2049 0.0147 
      H047.5  2 0.0140 0.0135 0.0248 0.0100 0.0109 0.6343 0.0168 0.0485 0.0410 0.0041 0.0120 0.0061 0.0277 0.1290 0.0073 
      H047.6  2 0.0065 0.0041 0.0118 0.0070 0.0303 0.8377 0.0132 0.0302 0.0075 0.0054 0.0043 0.0063 0.0097 0.0179 0.0080 
      H047.7  2 0.0108 0.0165 0.0074 0.0044 0.0124 0.2228 0.0118 0.1409 0.0104 0.0100 0.0069 0.0107 0.0955 0.4340 0.0056 
      H047.8  2 0.0108 0.0113 0.0195 0.0096 0.0383 0.7154 0.0082 0.0507 0.0119 0.0043 0.0070 0.0106 0.0189 0.0726 0.0109 
      H047.9  2 0.0336 0.0289 0.0174 0.0065 0.0161 0.2561 0.0271 0.0839 0.0830 0.0045 0.0112 0.0078 0.0466 0.3631 0.0141 
 H071.1_2002  2 0.0140 0.0076 0.0088 0.0042 0.0075 0.0049 0.0045 0.0084 0.0112 0.0052 0.0081 0.0044 0.0220 0.8827 0.0063 
 H071.1_2003  2 0.0370 0.0104 0.0504 0.0060 0.0081 0.0135 0.0095 0.0130 0.0679 0.0093 0.0432 0.0042 0.0354 0.6742 0.0180 
     H071.10  2 0.0069 0.0073 0.0057 0.0081 0.0063 0.0035 0.0055 0.0079 0.0054 0.0088 0.0146 0.0086 0.0054 0.9015 0.0045 
 H071.2_2002  2 0.0092 0.0097 0.0073 0.0093 0.0065 0.0076 0.0077 0.0083 0.0096 0.0073 0.0066 0.0043 0.0223 0.8771 0.0073 
 H071.2_2003  2 0.0065 0.0050 0.0060 0.0038 0.0059 0.0040 0.0044 0.0045 0.0062 0.0030 0.0047 0.0040 0.0085 0.9292 0.0043 
      H071.3  2 0.0065 0.0084 0.0081 0.0073 0.0063 0.0246 0.0061 0.0139 0.0068 0.0102 0.0188 0.0090 0.0052 0.8632 0.0059 
 H071.4_2002  2 0.0153 0.0083 0.0080 0.0109 0.0070 0.0056 0.0116 0.0098 0.0069 0.0140 0.0156 0.0096 0.0088 0.8598 0.0088 
 H071.4_2003  2 0.0063 0.0071 0.0055 0.0053 0.0045 0.0064 0.0047 0.0061 0.0048 0.0032 0.0073 0.0036 0.0053 0.9258 0.0041 
 H071.5_2002  2 0.0058 0.0057 0.0056 0.0043 0.0056 0.0041 0.0048 0.0064 0.0063 0.0052 0.0089 0.0070 0.0053 0.9209 0.0041 
 H071.5_2003  2 0.0065 0.0137 0.0118 0.0077 0.0062 0.0095 0.0073 0.0100 0.0086 0.0042 0.0178 0.0036 0.0092 0.8755 0.0084 
 H071.6_2002  2 0.0050 0.0103 0.0051 0.0121 0.0049 0.0041 0.0057 0.0150 0.0054 0.0052 0.0073 0.0042 0.0071 0.9031 0.0055 
 H071.6_2003  2 0.0048 0.0067 0.0145 0.0054 0.0055 0.0054 0.0053 0.0097 0.0063 0.0037 0.0189 0.0047 0.0076 0.8970 0.0046 
 H071.7_2002  2 0.0044 0.0059 0.0103 0.0041 0.0043 0.0059 0.0039 0.0100 0.0066 0.0039 0.0047 0.0033 0.0061 0.9221 0.0045 
 H071.7_2003  2 0.0104 0.0099 0.0104 0.0046 0.0050 0.0059 0.0081 0.0087 0.0110 0.0054 0.0219 0.0053 0.0119 0.8720 0.0094 
      H071.8  2 0.0061 0.0075 0.0060 0.0076 0.0069 0.0075 0.0074 0.0057 0.0107 0.0076 0.0051 0.0045 0.0111 0.8987 0.0075 
      H071.9  2 0.0083 0.0115 0.0141 0.0351 0.0153 0.0109 0.0156 0.0134 0.0121 0.0181 0.0199 0.0089 0.0175 0.7897 0.0098 
 H081.1_2002  2 0.0063 0.0053 0.0066 0.0059 0.0066 0.0047 0.0071 0.0079 0.0155 0.0045 0.0061 0.0072 0.0077 0.9015 0.0072 
 H081.1_2003  2 0.0400 0.0228 0.1362 0.0608 0.0778 0.0125 0.0203 0.0354 0.0271 0.2850 0.0727 0.0197 0.0462 0.0650 0.0784 
 H081.2_2002  2 0.0061 0.0052 0.0146 0.0071 0.0062 0.0076 0.0075 0.0068 0.0789 0.0054 0.0059 0.0056 0.0111 0.8220 0.0100 
 H081.2_2003  2 0.0080 0.0183 0.0152 0.0164 0.0215 0.0083 0.0099 0.0090 0.0692 0.0105 0.6864 0.0325 0.0305 0.0420 0.0222 
 H081.3_2002  2 0.0086 0.0073 0.0105 0.0083 0.0101 0.0160 0.0080 0.0065 0.0295 0.0072 0.0135 0.0060 0.0095 0.8429 0.0161 
 H081.3_2003  2 0.0239 0.0184 0.0101 0.0328 0.0219 0.0095 0.0154 0.0124 0.0537 0.0141 0.5327 0.0122 0.2049 0.0176 0.0203 
 H081.4_2002  2 0.0120 0.0067 0.0104 0.0069 0.0076 0.0068 0.0057 0.0086 0.0065 0.0042 0.0094 0.0062 0.0078 0.8938 0.0071 
 H081.4_2003  2 0.0353 0.0247 0.0794 0.0350 0.0915 0.0081 0.0250 0.0121 0.0396 0.0198 0.4569 0.0178 0.0727 0.0250 0.0571 
 H081.5_2002  2 0.0103 0.0064 0.0102 0.0066 0.0069 0.0065 0.0062 0.0069 0.0116 0.0046 0.0157 0.0047 0.0085 0.8865 0.0081 
 H081.5_2003  2 0.0331 0.0095 0.3647 0.0329 0.0535 0.0162 0.0272 0.0382 0.0986 0.0221 0.1333 0.0133 0.0464 0.0509 0.0602 
      H081.6  2 0.0073 0.0054 0.0107 0.0067 0.0057 0.0049 0.0056 0.0073 0.0140 0.0051 0.0081 0.0042 0.0099 0.8962 0.0089 
      H081.7  2 0.0070 0.0062 0.0099 0.0070 0.0086 0.0092 0.0074 0.0064 0.0444 0.0044 0.0110 0.0066 0.0106 0.8400 0.0212 
      H081.8  2 0.0146 0.0070 0.0115 0.0131 0.0126 0.0079 0.0137 0.0120 0.0090 0.0144 0.0395 0.0119 0.0100 0.8045 0.0182 
      H083.1  2 0.0290 0.0078 0.0089 0.0151 0.0175 0.0085 0.0053 0.0116 0.0088 0.0099 0.0096 0.0232 0.0056 0.8340 0.0051 
      H083.2  2 0.0166 0.0153 0.0137 0.0150 0.0100 0.0420 0.0100 0.0091 0.0226 0.0089 0.0084 0.0270 0.0226 0.7670 0.0118 
      H083.4  2 0.0058 0.0146 0.0100 0.0321 0.0101 0.0132 0.0096 0.0088 0.0186 0.0148 0.0077 0.0885 0.0102 0.7423 0.0137 
      H083.5  2 0.0107 0.0090 0.0132 0.0137 0.0324 0.0140 0.0106 0.0070 0.0127 0.0291 0.0077 0.0828 0.0064 0.7420 0.0086 
      H083.6  2 0.0173 0.0086 0.0110 0.0266 0.0127 0.0074 0.0169 0.0086 0.0101 0.0109 0.0111 0.1019 0.0042 0.7413 0.0115 
      H083.7  2 0.0060 0.0147 0.0076 0.0140 0.0087 0.0140 0.0189 0.0066 0.0178 0.0117 0.0049 0.2140 0.0104 0.6311 0.0194 
      H083.8  2 0.0135 0.0096 0.0108 0.0141 0.0114 0.0958 0.0129 0.0078 0.0113 0.0067 0.0055 0.0281 0.0193 0.7395 0.0137 
      H083.9  2 0.0110 0.0060 0.0091 0.0119 0.0227 0.0113 0.0120 0.0091 0.0077 0.0112 0.0077 0.1117 0.0056 0.7562 0.0068 
      H084.1  2 0.0069 0.0081 0.0067 0.0175 0.0169 0.0142 0.0243 0.0125 0.0087 0.0626 0.7782 0.0141 0.0102 0.0107 0.0084 
      H084.2  2 0.0083 0.0174 0.0149 0.0210 0.0321 0.0065 0.0042 0.0093 0.0069 0.0860 0.7573 0.0069 0.0117 0.0089 0.0087 
      H084.3  2 0.0370 0.0107 0.0170 0.0180 0.0146 0.0150 0.1202 0.0632 0.0068 0.2213 0.4142 0.0201 0.0088 0.0094 0.0237 
      H084.4  2 0.0118 0.0084 0.0447 0.0219 0.0463 0.0476 0.0404 0.0389 0.0056 0.2257 0.4410 0.0077 0.0118 0.0106 0.0375 
      H084.5  2 0.0144 0.0064 0.0217 0.0137 0.0081 0.0234 0.0486 0.2210 0.0077 0.0269 0.5810 0.0046 0.0066 0.0053 0.0104 
      H084.6  2 0.0245 0.0051 0.0130 0.0096 0.0071 0.0314 0.0674 0.0485 0.0088 0.1054 0.6108 0.0292 0.0068 0.0077 0.0248 
      H084.7  2 0.0060 0.0079 0.0069 0.0239 0.0295 0.0075 0.0082 0.0090 0.0066 0.0143 0.8506 0.0071 0.0076 0.0067 0.0084 
      H084.8  2 0.0099 0.0064 0.0108 0.0083 0.0068 0.0369 0.1394 0.0373 0.0068 0.0584 0.6496 0.0083 0.0052 0.0055 0.0104 
 H085.1_2002  2 0.0111 0.0054 0.0060 0.0082 0.0127 0.0055 0.0057 0.0080 0.8568 0.0093 0.0118 0.0103 0.0085 0.0324 0.0082 
 H085.1_2003  2 0.0080 0.0144 0.0305 0.0551 0.0856 0.0236 0.0138 0.0058 0.1155 0.0206 0.0123 0.0566 0.0075 0.5402 0.0106 
 H085.2_2002  2 0.0205 0.0077 0.0145 0.0210 0.0459 0.0092 0.0162 0.0186 0.2585 0.0690 0.0280 0.0836 0.0234 0.0252 0.3588 
 H085.2_2003  2 0.0142 0.0162 0.0233 0.0284 0.0517 0.0383 0.0082 0.0077 0.0228 0.0149 0.0219 0.0232 0.0076 0.7031 0.0185 
 H085.3_2002  2 0.0050 0.0059 0.0280 0.0055 0.0320 0.0068 0.0098 0.0051 0.8470 0.0063 0.0060 0.0117 0.0091 0.0099 0.0120 
 H085.3_2003  2 0.0054 0.0147 0.0924 0.0113 0.0148 0.0170 0.0075 0.0065 0.0224 0.0041 0.0096 0.0065 0.0101 0.7688 0.0089 
 H085.4_2002  2 0.0307 0.0130 0.0115 0.0158 0.0367 0.0055 0.0174 0.0261 0.5545 0.0376 0.0221 0.0226 0.0450 0.1215 0.0401 
 H085.4_2003  2 0.0129 0.0084 0.0380 0.0079 0.0551 0.0101 0.0235 0.0665 0.0123 0.0065 0.0351 0.0090 0.0179 0.6762 0.0206 
 H085.5_2002  2 0.0063 0.0065 0.0137 0.0049 0.0129 0.0054 0.0087 0.0052 0.8921 0.0049 0.0049 0.0061 0.0132 0.0064 0.0088 
 H085.5_2003  2 0.0071 0.0140 0.0137 0.0089 0.0161 0.0108 0.0063 0.0081 0.0185 0.0068 0.0137 0.0263 0.0054 0.8368 0.0075 
 H085.6_2002  2 0.0063 0.0049 0.0123 0.0081 0.0130 0.0059 0.0056 0.0063 0.8910 0.0069 0.0070 0.0086 0.0070 0.0065 0.0108 
 H085.6_2003  2 0.0103 0.0060 0.7508 0.0081 0.0212 0.0250 0.0196 0.0093 0.0185 0.0067 0.0117 0.0052 0.0152 0.0753 0.0172 
 H085.7_2002  2 0.0131 0.0109 0.0598 0.0117 0.0633 0.0352 0.0119 0.0113 0.5611 0.0133 0.0134 0.0351 0.0135 0.0383 0.1082 
 H085.7_2003  2 0.0133 0.0145 0.0276 0.0165 0.0273 0.0174 0.0223 0.0110 0.0133 0.0093 0.0082 0.0089 0.0113 0.7910 0.0081 
 H085.8_2002  2 0.0094 0.0152 0.3878 0.0076 0.0226 0.0101 0.0201 0.0122 0.2330 0.0204 0.0158 0.0110 0.0217 0.0385 0.1746 
 H085.8_2003  2 0.0232 0.0129 0.0592 0.0286 0.2693 0.0286 0.0288 0.0385 0.0513 0.0137 0.0350 0.0910 0.0182 0.2706 0.0309 
      H085.9  2 0.0097 0.0086 0.0164 0.0074 0.0271 0.0092 0.0132 0.0089 0.7770 0.0236 0.0167 0.0168 0.0164 0.0289 0.0200 
      H088.1  2 0.0069 0.0161 0.0071 0.0121 0.8532 0.0079 0.0264 0.0055 0.0146 0.0062 0.0085 0.0117 0.0081 0.0079 0.0077 
      H088.2  2 0.0138 0.0067 0.0087 0.0120 0.8519 0.0080 0.0162 0.0121 0.0257 0.0070 0.0067 0.0079 0.0076 0.0074 0.0083 
      H088.3  2 0.0070 0.0063 0.0110 0.0116 0.8914 0.0097 0.0084 0.0080 0.0106 0.0060 0.0065 0.0056 0.0062 0.0055 0.0062 
      H088.4  2 0.0069 0.0084 0.0135 0.0093 0.8876 0.0055 0.0045 0.0065 0.0068 0.0058 0.0164 0.0036 0.0111 0.0102 0.0040 
      H088.5  2 0.0043 0.0062 0.0055 0.0058 0.9230 0.0047 0.0091 0.0048 0.0054 0.0051 0.0061 0.0058 0.0063 0.0043 0.0035 
      H088.6  2 0.0087 0.0111 0.0059 0.0092 0.8937 0.0090 0.0097 0.0049 0.0059 0.0047 0.0102 0.0053 0.0084 0.0082 0.0050 
      H088.7  2 0.0084 0.0057 0.0117 0.0096 0.8279 0.0478 0.0095 0.0137 0.0101 0.0085 0.0096 0.0087 0.0050 0.0175 0.0063 
      H088.8  2 0.0094 0.0117 0.0084 0.0133 0.8470 0.0155 0.0092 0.0084 0.0077 0.0068 0.0151 0.0063 0.0081 0.0224 0.0109 
      H091.1  2 0.0258 0.0095 0.0221 0.0184 0.8010 0.0087 0.0106 0.0102 0.0132 0.0076 0.0070 0.0179 0.0082 0.0344 0.0053 
      H091.2  2 0.0261 0.0170 0.0129 0.0274 0.7225 0.0178 0.0273 0.0171 0.0169 0.0045 0.0048 0.0411 0.0143 0.0410 0.0091 
