      H105.1  1 0.0053 0.0174 0.0149 0.0269 0.0110 0.0105 0.0098 0.0095 0.0072 0.0039 0.0146 0.0078 0.0213 0.0093 0.0061 0.0085 0.0073 0.7833 0.0209 0.0045 
      H105.2  1 0.0132 0.0106 0.0309 0.0242 0.0069 0.0084 0.0140 0.0070 0.0316 0.0162 0.0084 0.0141 0.0081 0.0222 0.0081 0.0310 0.0117 0.6713 0.0478 0.0143 
      H105.3  1 0.0057 0.0123 0.0126 0.0111 0.0071 0.0089 0.0065 0.0063 0.0063 0.0143 0.0115 0.0161 0.0066 0.0270 0.0067 0.0077 0.0055 0.8107 0.0120 0.0051 
      H105.4  1 0.0115 0.0220 0.0110 0.0428 0.0111 0.0111 0.0092 0.0102 0.0181 0.1049 0.0114 0.0067 0.0077 0.0238 0.0097 0.0115 0.0057 0.6316 0.0234 0.0166 
      H105.5  1 0.0428 0.0665 0.0248 0.0996 0.0365 0.0097 0.0826 0.0391 0.0239 0.0489 0.0633 0.0323 0.0329 0.0393 0.0222 0.0517 0.0080 0.2214 0.0418 0.0130 
      H105.6  1 0.0176 0.0086 0.0055 0.0180 0.0083 0.0085 0.0065 0.0201 0.0069 0.0212 0.0133 0.0073 0.0034 0.0156 0.0059 0.0083 0.0041 0.8092 0.0052 0.0065 
      H105.7  1 0.0086 0.0118 0.0069 0.0354 0.0064 0.0180 0.0048 0.0059 0.0194 0.0054 0.0068 0.0051 0.0117 0.0134 0.0060 0.0062 0.0045 0.8111 0.0070 0.0056 
      H105.8  1 0.0064 0.0059 0.0092 0.0094 0.0089 0.0204 0.0086 0.0069 0.0055 0.0071 0.0054 0.0084 0.0055 0.0085 0.0037 0.0094 0.0080 0.8369 0.0182 0.0077 
      H115.1  1 0.0116 0.0056 0.0060 0.0071 0.0117 0.0255 0.0172 0.7747 0.0088 0.0119 0.0187 0.0157 0.0170 0.0203 0.0048 0.0084 0.0071 0.0091 0.0094 0.0091 
      H115.2  1 0.0053 0.0045 0.0054 0.0051 0.0072 0.0083 0.0101 0.8495 0.0053 0.0081 0.0091 0.0092 0.0101 0.0082 0.0068 0.0090 0.0102 0.0104 0.0082 0.0099 
      H115.3  1 0.0042 0.0170 0.0154 0.0135 0.0083 0.0073 0.1248 0.5499 0.0072 0.1137 0.0155 0.0050 0.0207 0.0221 0.0102 0.0275 0.0088 0.0119 0.0049 0.0121 
      H115.4  1 0.0062 0.0079 0.0262 0.0085 0.0081 0.0057 0.6914 0.0280 0.0051 0.0086 0.0273 0.0462 0.0416 0.0142 0.0136 0.0083 0.0073 0.0148 0.0205 0.0105 
      H115.5  1 0.0205 0.0206 0.1137 0.0141 0.0286 0.0336 0.0952 0.3556 0.0126 0.0376 0.0432 0.0184 0.0408 0.0142 0.0146 0.0150 0.0641 0.0369 0.0147 0.0060 
      H115.6  1 0.0081 0.0132 0.0183 0.0070 0.0077 0.0121 0.1263 0.3353 0.0193 0.0448 0.0163 0.0148 0.0247 0.0417 0.0111 0.2537 0.0179 0.0101 0.0066 0.0110 
      H115.7  1 0.0130 0.0159 0.0433 0.0105 0.0050 0.0055 0.0594 0.5359 0.0339 0.0271 0.0186 0.0099 0.0244 0.0992 0.0186 0.0277 0.0057 0.0090 0.0098 0.0277 
      H115.8  1 0.0051 0.0104 0.0224 0.0090 0.0258 0.0533 0.1229 0.5133 0.0117 0.0158 0.0150 0.0079 0.0219 0.0269 0.0079 0.0298 0.0656 0.0155 0.0114 0.0085 
      H115.9  1 0.0071 0.0075 0.0052 0.0174 0.0108 0.0251 0.0099 0.8156 0.0052 0.0139 0.0083 0.0132 0.0169 0.0090 0.0042 0.0065 0.0060 0.0056 0.0065 0.0061 
      H145.1  1 0.0099 0.0133 0.0035 0.0199 0.0056 0.0093 0.0086 0.0125 0.0044 0.0256 0.0154 0.0065 0.0089 0.0141 0.7795 0.0134 0.0291 0.0057 0.0058 0.0088 
      H145.2  1 0.0103 0.0069 0.0040 0.0129 0.0086 0.0084 0.0120 0.0066 0.0116 0.2187 0.0294 0.0061 0.0109 0.0140 0.5670 0.0163 0.0255 0.0124 0.0099 0.0085 
      H145.3  1 0.0056 0.0051 0.0106 0.0088 0.0092 0.0318 0.0078 0.0061 0.0083 0.0072 0.0079 0.0034 0.0068 0.0062 0.8056 0.0129 0.0424 0.0036 0.0036 0.0070 
      H145.4  1 0.0104 0.0052 0.0057 0.0249 0.0050 0.0091 0.0080 0.0071 0.0052 0.0083 0.0110 0.0042 0.0076 0.0396 0.8033 0.0071 0.0203 0.0049 0.0042 0.0089 
      H145.5  1 0.0069 0.0055 0.0059 0.0058 0.0067 0.0091 0.0057 0.0037 0.0045 0.0058 0.0063 0.0044 0.0048 0.0068 0.7767 0.0192 0.1106 0.0036 0.0040 0.0041 
      H145.6  1 0.0074 0.0038 0.0251 0.0136 0.0072 0.0056 0.0122 0.0048 0.0201 0.1329 0.0112 0.0053 0.0081 0.0231 0.6593 0.0097 0.0317 0.0062 0.0070 0.0057 
      H145.7  1 0.0051 0.0046 0.0182 0.0164 0.0046 0.0077 0.0116 0.0034 0.0050 0.0084 0.0131 0.0031 0.0107 0.0173 0.8341 0.0081 0.0086 0.0037 0.0046 0.0117 
      H149.1  1 0.0054 0.0033 0.0030 0.0037 0.0048 0.0037 0.0036 0.0043 0.0038 0.0038 0.9199 0.0039 0.0040 0.0047 0.0044 0.0066 0.0045 0.0040 0.0048 0.0040 
      H149.2  1 0.0053 0.0052 0.0046 0.0039 0.0038 0.0036 0.0035 0.0035 0.0048 0.0045 0.9075 0.0044 0.0077 0.0073 0.0065 0.0086 0.0034 0.0032 0.0038 0.0049 
      H149.3  1 0.0100 0.0123 0.0078 0.0086 0.0062 0.0067 0.0067 0.0074 0.0212 0.0115 0.7812 0.0049 0.0147 0.0301 0.0197 0.0153 0.0057 0.0076 0.0083 0.0140 
      H149.4  1 0.0076 0.0085 0.0050 0.0051 0.0067 0.0061 0.0055 0.0048 0.0109 0.0117 0.8278 0.0042 0.0094 0.0073 0.0044 0.0073 0.0083 0.0132 0.0135 0.0326 
      H149.5  1 0.0061 0.0114 0.0079 0.0100 0.0051 0.0080 0.0048 0.0036 0.0226 0.0090 0.7140 0.0054 0.0888 0.0152 0.0178 0.0079 0.0049 0.0133 0.0213 0.0228 
      H149.6  1 0.0058 0.0055 0.0043 0.0042 0.0040 0.0031 0.0041 0.0032 0.0107 0.0040 0.8975 0.0052 0.0074 0.0084 0.0066 0.0061 0.0039 0.0053 0.0038 0.0067 
      H149.7  1 0.0397 0.0168 0.0077 0.0059 0.0099 0.0177 0.0088 0.0047 0.0735 0.0148 0.5777 0.0094 0.0342 0.0208 0.0105 0.0199 0.0081 0.0206 0.0362 0.0630 
      H150.1  1 0.0053 0.0052 0.0051 0.0051 0.0061 0.0074 0.0157 0.8676 0.0044 0.0157 0.0033 0.0046 0.0057 0.0082 0.0062 0.0092 0.0083 0.0082 0.0044 0.0043 
      H150.2  1 0.0071 0.0120 0.0093 0.0039 0.0061 0.0062 0.1000 0.7127 0.0098 0.0075 0.0109 0.0087 0.0129 0.0251 0.0094 0.0130 0.0191 0.0113 0.0059 0.0092 
      H150.3  1 0.0117 0.0061 0.0102 0.0071 0.0067 0.0120 0.0138 0.8219 0.0118 0.0063 0.0052 0.0073 0.0064 0.0241 0.0106 0.0087 0.0103 0.0075 0.0055 0.0069 
      H150.4  1 0.0076 0.0077 0.0063 0.0079 0.0052 0.0084 0.0090 0.8729 0.0068 0.0069 0.0035 0.0055 0.0054 0.0085 0.0070 0.0086 0.0111 0.0052 0.0035 0.0031 
      H150.5  1 0.0062 0.0163 0.0120 0.0087 0.0152 0.0071 0.1208 0.6287 0.0138 0.0208 0.0102 0.0048 0.0215 0.0298 0.0123 0.0132 0.0063 0.0275 0.0088 0.0163 
      H150.6  1 0.0079 0.0118 0.0548 0.0042 0.0056 0.0046 0.2550 0.2719 0.0115 0.0145 0.0096 0.0068 0.0395 0.0222 0.0212 0.0443 0.0142 0.1158 0.0184 0.0660 
      H150.7  1 0.0050 0.0052 0.0038 0.0059 0.0067 0.0058 0.0097 0.8777 0.0044 0.0177 0.0035 0.0058 0.0043 0.0095 0.0068 0.0082 0.0068 0.0061 0.0032 0.0040 
   H169607.1  1 0.0109 0.1515 0.0264 0.0204 0.0282 0.0299 0.0908 0.0616 0.0386 0.0323 0.0068 0.1225 0.0228 0.0251 0.1350 0.0837 0.0227 0.0072 0.0556 0.0279 
   H169607.2  1 0.0081 0.0885 0.0082 0.3241 0.0239 0.0414 0.0241 0.0743 0.0156 0.0190 0.0161 0.0233 0.0126 0.0264 0.0255 0.1043 0.0044 0.0083 0.0296 0.1223 
   H169607.3  1 0.0098 0.1626 0.0285 0.1090 0.0229 0.0551 0.0666 0.0296 0.1005 0.0601 0.0108 0.0118 0.0898 0.0214 0.0391 0.0991 0.0150 0.0101 0.0448 0.0132 
   H169607.4  1 0.0078 0.1640 0.0077 0.1611 0.0426 0.0099 0.0108 0.0166 0.0161 0.0642 0.0071 0.0198 0.0063 0.0123 0.0696 0.2982 0.0084 0.0117 0.0179 0.0478 
   H169607.5  1 0.0058 0.0988 0.0104 0.2268 0.0108 0.0435 0.0339 0.1419 0.0125 0.0469 0.0348 0.0123 0.0414 0.0105 0.0187 0.0203 0.0085 0.0059 0.0067 0.2098 
   H169607.6  1 0.0057 0.0960 0.0111 0.4760 0.0145 0.0269 0.0218 0.0313 0.0134 0.0154 0.0154 0.0218 0.0124 0.0088 0.0093 0.1046 0.0057 0.0100 0.0307 0.0695 
   H169607.7  1 0.0045 0.0630 0.0116 0.0759 0.0099 0.0659 0.3931 0.0457 0.0105 0.0113 0.0097 0.0253 0.0109 0.0204 0.0118 0.0597 0.0058 0.0181 0.1062 0.0408 
   H169607.8  1 0.0082 0.1582 0.0067 0.4174 0.0355 0.0219 0.0067 0.0146 0.0118 0.0349 0.0069 0.0134 0.0066 0.0123 0.0182 0.1588 0.0051 0.0058 0.0300 0.0271 
   H169633.1  1 0.0134 0.0053 0.0255 0.0069 0.0500 0.0065 0.0104 0.0089 0.0125 0.0107 0.7101 0.0115 0.0087 0.0185 0.0407 0.0070 0.0150 0.0188 0.0154 0.0040 
   H169633.2  1 0.0070 0.0038 0.0130 0.0032 0.0143 0.0137 0.0144 0.0045 0.0571 0.0063 0.7334 0.0307 0.0050 0.0253 0.0197 0.0046 0.0113 0.0132 0.0129 0.0064 
   H169633.3  1 0.0174 0.0062 0.0072 0.0058 0.0096 0.0101 0.0078 0.0078 0.0073 0.0047 0.8314 0.0070 0.0109 0.0104 0.0149 0.0066 0.0063 0.0140 0.0084 0.0063 
   H169633.4  1 0.0097 0.0051 0.0093 0.0079 0.0093 0.0064 0.0056 0.0111 0.0034 0.0197 0.8199 0.0061 0.0130 0.0110 0.0164 0.0075 0.0124 0.0124 0.0099 0.0040 
   H169633.5  1 0.0074 0.0060 0.0101 0.0073 0.0087 0.0047 0.0054 0.0128 0.0036 0.0180 0.8165 0.0070 0.0150 0.0140 0.0152 0.0083 0.0146 0.0126 0.0089 0.0040 
   H169688.1  1 0.0190 0.0134 0.1001 0.1111 0.0507 0.0138 0.1346 0.0268 0.3010 0.0045 0.0287 0.0094 0.0066 0.0056 0.0653 0.0527 0.0057 0.0050 0.0185 0.0275 
   H169688.2  1 0.0122 0.0070 0.0486 0.0116 0.3023 0.0084 0.0862 0.0124 0.3706 0.0031 0.0082 0.0078 0.0077 0.0062 0.0072 0.0108 0.0120 0.0139 0.0289 0.0348 
   H169688.3  1 0.0094 0.0043 0.0189 0.0110 0.0835 0.0044 0.5194 0.0187 0.1762 0.0049 0.0091 0.0077 0.0142 0.0081 0.0194 0.0122 0.0083 0.0138 0.0287 0.0277 
   H169688.4  1 0.0084 0.0049 0.0161 0.0071 0.2433 0.0059 0.4600 0.1229 0.0262 0.0102 0.0090 0.0046 0.0109 0.0062 0.0067 0.0138 0.0155 0.0108 0.0084 0.0091 
   H169688.5  1 0.0088 0.0044 0.0164 0.0095 0.2330 0.0058 0.4828 0.1205 0.0211 0.0079 0.0072 0.0058 0.0077 0.0061 0.0062 0.0145 0.0173 0.0082 0.0075 0.0094 
   H169688.6  1 0.0108 0.0079 0.0420 0.0314 0.0719 0.0088 0.2201 0.0484 0.1877 0.0109 0.0362 0.0063 0.0094 0.0055 0.0285 0.0083 0.0633 0.0248 0.0713 0.1065 
   H169688.7  1 0.0149 0.0047 0.0204 0.0054 0.1142 0.0065 0.6411 0.0122 0.0351 0.0050 0.0097 0.0056 0.0095 0.0081 0.0426 0.0147 0.0075 0.0076 0.0183 0.0170 
   H171901.1  1 0.0243 0.0123 0.0174 0.0201 0.0219 0.0095 0.1406 0.0328 0.2521 0.1260 0.0088 0.0107 0.0162 0.1224 0.0241 0.0235 0.0717 0.0241 0.0094 0.0320 
   H171901.2  1 0.0064 0.0089 0.0067 0.0253 0.0618 0.0107 0.0212 0.0190 0.0062 0.0163 0.6981 0.0063 0.0072 0.0140 0.0202 0.0312 0.0080 0.0168 0.0070 0.0088 
   H171901.3  1 0.0073 0.0078 0.0124 0.0056 0.0851 0.0075 0.0268 0.0186 0.0364 0.0274 0.6528 0.0070 0.0199 0.0097 0.0087 0.0326 0.0060 0.0071 0.0080 0.0135 
   H171901.4  1 0.0048 0.0164 0.0100 0.0090 0.0518 0.0142 0.0610 0.0139 0.0137 0.0142 0.6410 0.0129 0.0111 0.0098 0.0107 0.0283 0.0091 0.0303 0.0124 0.0254 
   H171901.5  1 0.0094 0.0333 0.0059 0.0083 0.0620 0.0106 0.0483 0.0101 0.0196 0.0269 0.5276 0.0162 0.0090 0.0086 0.0174 0.0832 0.0103 0.0284 0.0192 0.0457 
   H171901.6  1 0.0153 0.0358 0.0043 0.0139 0.0662 0.0097 0.0463 0.0327 0.0193 0.0444 0.4007 0.0179 0.0102 0.0089 0.0227 0.1113 0.0074 0.0580 0.0184 0.0566 
   H171901.7  1 0.0086 0.0060 0.0062 0.0081 0.0599 0.0175 0.0428 0.0336 0.0195 0.0138 0.6425 0.0044 0.0122 0.0062 0.0143 0.0157 0.0066 0.0109 0.0075 0.0638 
   H171902.1  1 0.0076 0.0083 0.0047 0.0078 0.0115 0.0082 0.0082 0.0132 0.0063 0.0150 0.0077 0.0250 0.0038 0.0045 0.0088 0.7987 0.0376 0.0047 0.0091 0.0094 
  H171902.10  1 0.0050 0.0069 0.0054 0.0067 0.0049 0.0040 0.0070 0.0055 0.0039 0.0074 0.0214 0.0054 0.0033 0.0057 0.0172 0.8345 0.0091 0.0039 0.0124 0.0304 
   H171902.2  1 0.0122 0.0117 0.0162 0.0062 0.0220 0.0236 0.0103 0.0120 0.0218 0.0052 0.0111 0.0166 0.0058 0.0052 0.0047 0.7520 0.0218 0.0150 0.0141 0.0127 
   H171902.3  1 0.0088 0.0175 0.0064 0.0081 0.0111 0.0073 0.0211 0.0222 0.0077 0.0089 0.0329 0.0127 0.0047 0.0056 0.0071 0.7352 0.0079 0.0067 0.0470 0.0209 
   H171902.4  1 0.0070 0.0040 0.0041 0.0067 0.0086 0.0063 0.0038 0.0097 0.0049 0.0048 0.0522 0.0049 0.0034 0.0117 0.0172 0.8279 0.0094 0.0047 0.0038 0.0050 
   H171902.6  1 0.0053 0.0058 0.0044 0.0060 0.0041 0.0040 0.0049 0.0096 0.0042 0.0081 0.0224 0.0068 0.0030 0.0048 0.0126 0.8602 0.0086 0.0030 0.0109 0.0112 
   H171902.7  1 0.0048 0.0100 0.0036 0.0088 0.0052 0.0040 0.0085 0.0079 0.0049 0.0103 0.0278 0.0081 0.0047 0.0077 0.0245 0.8056 0.0246 0.0050 0.0088 0.0153 
   H171902.8  1 0.0065 0.0099 0.0053 0.0071 0.0058 0.0054 0.0098 0.0101 0.0051 0.0118 0.0208 0.0075 0.0044 0.0052 0.0173 0.7991 0.0185 0.0040 0.0212 0.0253 
   H171902.9  1 0.0128 0.0119 0.0038 0.0084 0.0190 0.0069 0.0074 0.0523 0.0062 0.0143 0.0068 0.0057 0.0044 0.0111 0.0077 0.7791 0.0196 0.0068 0.0047 0.0112 
   H171903.1  1 0.0063 0.0282 0.0049 0.6592 0.0160 0.0154 0.0830 0.0327 0.0097 0.0119 0.0207 0.0203 0.0089 0.0072 0.0080 0.0093 0.0049 0.0133 0.0046 0.0355 
   H171903.2  1 0.0097 0.0430 0.0072 0.5342 0.0367 0.0594 0.0750 0.0291 0.0113 0.0198 0.0138 0.0211 0.0366 0.0077 0.0082 0.0101 0.0137 0.0248 0.0085 0.0300 
   H171903.3  1 0.0260 0.0458 0.0075 0.2329 0.0302 0.0311 0.0903 0.0420 0.0300 0.0198 0.0940 0.0731 0.0924 0.0157 0.0098 0.0591 0.0142 0.0136 0.0075 0.0649 
   H171903.4  1 0.0128 0.0299 0.0213 0.0492 0.0211 0.0074 0.0675 0.0283 0.4400 0.0595 0.0113 0.0061 0.0132 0.0263 0.0202 0.1339 0.0062 0.0126 0.0056 0.0277 
   H171903.5  1 0.0109 0.0408 0.0092 0.0723 0.0562 0.0261 0.3189 0.0494 0.0221 0.0122 0.0450 0.0661 0.1450 0.0067 0.0062 0.0196 0.0100 0.0151 0.0275 0.0406 
   H171903.6  1 0.0111 0.0659 0.0094 0.1251 0.0526 0.0158 0.2945 0.0389 0.0270 0.0359 0.0779 0.0070 0.0529 0.0056 0.0054 0.0505 0.0047 0.0082 0.0109 0.1007 
      H177.1  1 0.0115 0.0236 0.0042 0.0246 0.0155 0.0060 0.0182 0.0296 0.2581 0.0158 0.2912 0.0054 0.0094 0.0082 0.0453 0.0308 0.0114 0.0064 0.0268 0.1577 
      H177.2  1 0.0119 0.1678 0.0152 0.0144 0.0191 0.0705 0.0458 0.0131 0.0123 0.0199 0.0627 0.0089 0.0442 0.0119 0.2436 0.0228 0.0158 0.0083 0.1102 0.0815 
      H177.3  1 0.0203 0.0532 0.0054 0.0135 0.0157 0.0103 0.0251 0.0186 0.0123 0.1333 0.2815 0.0058 0.0182 0.0098 0.1245 0.0353 0.0144 0.0056 0.0519 0.1453 
      H177.4  1 0.0089 0.0362 0.0039 0.0315 0.0129 0.0098 0.0085 0.0061 0.2086 0.0137 0.4190 0.0080 0.0144 0.0065 0.0205 0.0260 0.0086 0.0182 0.0456 0.0930 
      H177.5  1 0.0144 0.0522 0.0106 0.0276 0.0344 0.0195 0.0217 0.0181 0.5170 0.0139 0.0276 0.0041 0.0497 0.0079 0.0148 0.0411 0.0098 0.0387 0.0166 0.0602 
      H177.6  1 0.0229 0.0432 0.0041 0.0107 0.0312 0.0103 0.0235 0.0190 0.0117 0.1416 0.4179 0.0092 0.0125 0.0079 0.0474 0.0511 0.0249 0.0053 0.0399 0.0657 
      H179.1  1 0.0219 0.0204 0.0069 0.0048 0.0158 0.0071 0.0072 0.0136 0.0293 0.0143 0.0079 0.0348 0.0078 0.0113 0.0046 0.0081 0.0049 0.0171 0.7401 0.0225 
      H179.2  1 0.0268 0.0373 0.0065 0.0101 0.0114 0.0161 0.0340 0.0174 0.0146 0.0119 0.0213 0.1377 0.0309 0.0177 0.0067 0.0277 0.0050 0.0132 0.5105 0.0435 
      H179.3  1 0.0147 0.0128 0.0177 0.0256 0.1410 0.0324 0.0194 0.0292 0.1225 0.0271 0.0075 0.0497 0.0438 0.0121 0.0050 0.0116 0.0075 0.0183 0.3671 0.0350 
      H179.4  1 0.0325 0.0235 0.0321 0.0153 0.0602 0.0302 0.0128 0.0067 0.0366 0.0110 0.2581 0.0240 0.0127 0.0107 0.0312 0.0122 0.0065 0.0226 0.2442 0.1171 
      H180.1  1 0.0046 0.0051 0.0254 0.0051 0.0090 0.0049 0.7965 0.0133 0.0074 0.0054 0.0062 0.0220 0.0117 0.0078 0.0062 0.0145 0.0115 0.0123 0.0230 0.0082 
      H180.2  1 0.0109 0.0122 0.0536 0.0070 0.0152 0.0049 0.6791 0.0499 0.0083 0.0256 0.0091 0.0086 0.0064 0.0092 0.0051 0.0144 0.0100 0.0381 0.0167 0.0158 
      H180.3  1 0.0265 0.0086 0.0110 0.0136 0.0049 0.0394 0.4907 0.2553 0.0050 0.0090 0.0062 0.0505 0.0188 0.0058 0.0048 0.0109 0.0176 0.0103 0.0055 0.0054 
      H180.4  1 0.0145 0.0074 0.0375 0.0083 0.0252 0.0122 0.5442 0.0232 0.0135 0.0080 0.0127 0.0050 0.0221 0.0113 0.0083 0.0533 0.0172 0.1084 0.0422 0.0255 
      H180.5  1 0.0048 0.0220 0.0268 0.0130 0.0202 0.0151 0.6860 0.0239 0.0146 0.0063 0.0088 0.0061 0.0120 0.0123 0.0102 0.0258 0.0229 0.0210 0.0263 0.0217 
      H180.6  1 0.0137 0.0099 0.0258 0.0103 0.0181 0.4469 0.2501 0.0450 0.0071 0.0126 0.0119 0.0075 0.0111 0.0103 0.0164 0.0224 0.0405 0.0198 0.0074 0.0132 
      H181.1  1 0.0075 0.0151 0.1678 0.0433 0.0141 0.0065 0.0117 0.0114 0.0083 0.0108 0.2023 0.0087 0.1202 0.0062 0.0140 0.0643 0.0106 0.0102 0.2591 0.0080 
      H181.2  1 0.0118 0.0135 0.0528 0.0242 0.0120 0.0063 0.0209 0.0199 0.0104 0.0064 0.0490 0.0155 0.0199 0.0147 0.0804 0.0785 0.0122 0.0153 0.5206 0.0159 
      H181.3  1 0.0060 0.0166 0.1401 0.0226 0.0198 0.0086 0.0092 0.0081 0.0090 0.0089 0.0390 0.0054 0.0095 0.0098 0.0283 0.0484 0.0085 0.0068 0.5759 0.0196 
      H181.4  1 0.0201 0.0572 0.0750 0.0266 0.0221 0.0163 0.0257 0.1106 0.0158 0.0113 0.1400 0.0063 0.2233 0.0192 0.0411 0.0644 0.0056 0.0121 0.0677 0.0397 
      H181.5  1 0.0189 0.0088 0.0283 0.0081 0.0054 0.0067 0.0049 0.0060 0.0190 0.0049 0.0165 0.0125 0.0141 0.0152 0.0083 0.0092 0.0138 0.0076 0.7867 0.0050 
      H181.6  1 0.0142 0.0110 0.0070 0.0116 0.0144 0.0078 0.0320 0.0332 0.0108 0.0115 0.0245 0.0417 0.0116 0.0116 0.0108 0.0198 0.0050 0.0470 0.6653 0.0093 
      H181.7  1 0.0068 0.0060 0.0075 0.0090 0.0079 0.0138 0.0121 0.0149 0.0083 0.0093 0.0304 0.0093 0.0146 0.0101 0.0120 0.0066 0.0060 0.0126 0.7957 0.0073 
 H194.1_2004  1 0.0380 0.0117 0.0077 0.3567 0.0316 0.0193 0.0726 0.0568 0.0178 0.0147 0.1653 0.0178 0.0113 0.0153 0.0680 0.0247 0.0085 0.0125 0.0043 0.0452 
 H194.2_2004  1 0.0211 0.0106 0.0059 0.1884 0.0135 0.0084 0.0281 0.0144 0.2906 0.0222 0.0585 0.0085 0.0304 0.0293 0.1005 0.0729 0.0449 0.0059 0.0058 0.0401 
 H194.3_2004  1 0.1570 0.0070 0.0042 0.0295 0.0146 0.0088 0.0051 0.0094 0.0228 0.0122 0.5054 0.0073 0.0060 0.0084 0.1340 0.0168 0.0094 0.0095 0.0090 0.0236 
 H194.4_2004  1 0.0138 0.0098 0.0068 0.0940 0.0075 0.0080 0.0083 0.0118 0.2416 0.0090 0.1731 0.0065 0.0057 0.0062 0.3137 0.0251 0.0290 0.0067 0.0070 0.0162 
 H194.5_2004  1 0.1150 0.0154 0.0069 0.0527 0.0117 0.0185 0.0115 0.0212 0.0338 0.0147 0.4629 0.0138 0.0112 0.0141 0.0949 0.0323 0.0059 0.0235 0.0120 0.0279 
 H194.6_2004  1 0.1367 0.0120 0.0060 0.0197 0.0084 0.0153 0.0064 0.0179 0.2150 0.0154 0.4070 0.0080 0.0073 0.0076 0.0310 0.0361 0.0092 0.0060 0.0076 0.0273 
 H194.7_2004  1 0.0563 0.0130 0.0110 0.5141 0.0103 0.0833 0.0192 0.0143 0.0320 0.0052 0.0936 0.0074 0.0169 0.0268 0.0454 0.0070 0.0104 0.0139 0.0055 0.0146 
 H194.8_2004  1 0.0484 0.0155 0.0097 0.0298 0.0094 0.0171 0.0081 0.0197 0.3371 0.0144 0.2765 0.0064 0.0124 0.0147 0.1081 0.0252 0.0086 0.0102 0.0095 0.0192 
      H194.9  1 0.0840 0.0125 0.0116 0.2377 0.0166 0.1254 0.0120 0.0734 0.0454 0.0110 0.1273 0.0078 0.0139 0.0166 0.1371 0.0172 0.0152 0.0173 0.0052 0.0126 
 H195.1_2003  1 0.0221 0.0195 0.0121 0.0153 0.1418 0.0076 0.0186 0.0083 0.0387 0.0084 0.0331 0.0185 0.0063 0.0073 0.1644 0.0344 0.0049 0.4064 0.0084 0.0240 
 H195.1_2004  1 0.0045 0.0035 0.0068 0.0037 0.0059 0.0040 0.0056 0.0035 0.0037 0.0046 0.0053 0.0032 0.0041 0.0039 0.9129 0.0068 0.0055 0.0039 0.0044 0.0041 
 H195.2_2003  1 0.0118 0.0106 0.0061 0.0233 0.6401 0.0120 0.0215 0.0145 0.0113 0.0117 0.0130 0.0124 0.0035 0.0061 0.0901 0.0367 0.0062 0.0530 0.0053 0.0107 
 H195.2_2004  1 0.0050 0.0076 0.0081 0.0053 0.0205 0.0072 0.0133 0.0066 0.0063 0.0032 0.0100 0.0046 0.0037 0.0043 0.8546 0.0050 0.0160 0.0094 0.0051 0.0041 
 H195.3_2003  1 0.0192 0.0498 0.0107 0.0462 0.4008 0.0099 0.0202 0.0510 0.0360 0.0139 0.0068 0.0076 0.0081 0.0075 0.0639 0.0185 0.0060 0.1875 0.0060 0.0305 
 H195.3_2004  1 0.0056 0.0045 0.0072 0.0104 0.0097 0.0041 0.0042 0.0034 0.0048 0.0039 0.0229 0.0055 0.0041 0.0051 0.8721 0.0068 0.0055 0.0094 0.0051 0.0058 
 H195.4_2003  1 0.0124 0.0098 0.0049 0.0103 0.0386 0.0054 0.0125 0.0047 0.0094 0.0074 0.0275 0.0152 0.0064 0.0065 0.7255 0.0140 0.0035 0.0711 0.0069 0.0079 
 H195.4_2004  1 0.0054 0.0050 0.0210 0.0096 0.0167 0.0096 0.0050 0.0037 0.0146 0.0054 0.0080 0.0044 0.0044 0.0047 0.8577 0.0049 0.0049 0.0050 0.0048 0.0051 
 H195.5_2003  1 0.0188 0.0120 0.0221 0.0119 0.0916 0.0056 0.0179 0.0090 0.0305 0.0107 0.0235 0.0087 0.0079 0.0089 0.1949 0.0231 0.0051 0.4686 0.0066 0.0227 
 H195.5_2004  1 0.0053 0.0043 0.0076 0.0104 0.0055 0.0063 0.0049 0.0035 0.0042 0.0060 0.0081 0.0034 0.0052 0.0048 0.8922 0.0050 0.0067 0.0055 0.0051 0.0061 
 H195.6_2003  1 0.0065 0.0223 0.0104 0.0268 0.2671 0.0067 0.0129 0.0177 0.0060 0.0067 0.0075 0.0068 0.0046 0.0066 0.4739 0.0202 0.0060 0.0778 0.0049 0.0086 
 H195.6_2004  1 0.0071 0.0064 0.0050 0.0120 0.0066 0.0056 0.0048 0.0031 0.0064 0.0038 0.0084 0.0052 0.0038 0.0044 0.8858 0.0048 0.0055 0.0106 0.0052 0.0054 
 H195.7_2003  1 0.0139 0.0229 0.0112 0.0149 0.1156 0.0160 0.0574 0.0054 0.2944 0.0073 0.0278 0.0111 0.0083 0.0068 0.3096 0.0117 0.0035 0.0366 0.0100 0.0157 
 H195.7_2004  1 0.0048 0.0060 0.0086 0.0044 0.0129 0.0052 0.0068 0.0093 0.0039 0.0055 0.0041 0.0032 0.0051 0.0045 0.8596 0.0044 0.0372 0.0042 0.0051 0.0049 
      H195.8  1 0.0048 0.0037 0.0152 0.0052 0.0048 0.0060 0.0046 0.0045 0.0060 0.0051 0.0040 0.0030 0.0038 0.0038 0.9039 0.0047 0.0055 0.0042 0.0038 0.0037 
      H195.9  1 0.0101 0.0068 0.0063 0.0194 0.0145 0.0096 0.0085 0.0035 0.0084 0.0039 0.0140 0.0041 0.0048 0.0042 0.8487 0.0060 0.0042 0.0068 0.0067 0.0097 
      H415.1  1 0.0145 0.0058 0.0054 0.0068 0.0096 0.0223 0.0390 0.1590 0.0241 0.0113 0.0731 0.3960 0.0147 0.0273 0.0260 0.0445 0.0899 0.0122 0.0091 0.0094 
      H415.2  1 0.0642 0.0184 0.0051 0.0088 0.0554 0.0069 0.0270 0.0400 0.0190 0.0793 0.0397 0.2635 0.0180 0.0165 0.0248 0.2044 0.0256 0.0079 0.0222 0.0533 
      H415.3  1 0.0088 0.0233 0.0040 0.0034 0.0070 0.0054 0.0429 0.0097 0.0095 0.0074 0.0495 0.7023 0.0161 0.0153 0.0149 0.0230 0.0066 0.0084 0.0155 0.0272 
      H415.4  1 0.0184 0.0069 0.0075 0.0061 0.0046 0.0240 0.0168 0.0687 0.0084 0.0094 0.0206 0.6289 0.0118 0.0252 0.0258 0.0751 0.0210 0.0108 0.0049 0.0052 
      H415.5  1 0.0169 0.0137 0.0048 0.0040 0.0072 0.0045 0.0391 0.0095 0.0122 0.0078 0.0697 0.6914 0.0127 0.0100 0.0185 0.0336 0.0090 0.0069 0.0144 0.0141 
      H415.6  1 0.0219 0.0074 0.0087 0.0061 0.0070 0.0283 0.0160 0.0695 0.0101 0.0093 0.0215 0.6219 0.0144 0.0235 0.0301 0.0651 0.0169 0.0110 0.0051 0.0061 
      H415.7  1 0.0142 0.0801 0.0047 0.0052 0.0647 0.0053 0.0301 0.0136 0.0134 0.0209 0.0730 0.4505 0.0092 0.0118 0.0292 0.1143 0.0201 0.0048 0.0173 0.0177 
      H506.1  1 0.0128 0.0132 0.0062 0.0032 0.0061 0.0064 0.0043 0.0040 0.0051 0.0046 0.0267 0.0193 0.0065 0.0071 0.0060 0.0041 0.0069 0.0086 0.8432 0.0057 
      H506.2  1 0.0073 0.0097 0.0035 0.0044 0.0050 0.0050 0.0040 0.0035 0.0043 0.0077 0.0217 0.0080 0.0043 0.0055 0.0093 0.0042 0.0051 0.0049 0.8780 0.0047 
      H506.3  1 0.0151 0.0209 0.0145 0.0047 0.0130 0.0095 0.0067 0.0047 0.0095 0.0054 0.0142 0.0245 0.0092 0.0091 0.0070 0.0087 0.0291 0.0108 0.7682 0.0151 
      H506.4  1 0.0143 0.0291 0.0066 0.0076 0.0117 0.0088 0.0084 0.0070 0.0104 0.0098 0.0214 0.0284 0.0125 0.0100 0.0055 0.0064 0.0112 0.0139 0.7669 0.0100 
      H506.5  1 0.0067 0.0154 0.0057 0.0058 0.0070 0.0052 0.0038 0.0038 0.0052 0.0114 0.0320 0.0144 0.0047 0.0062 0.0060 0.0040 0.0081 0.0076 0.8424 0.0048 
      H506.6  1 0.0066 0.0151 0.0132 0.0149 0.1022 0.0093 0.0080 0.0051 0.0190 0.0540 0.0069 0.0133 0.0208 0.0110 0.0099 0.0067 0.0195 0.0089 0.6398 0.0158 
      H506.7  1 0.0070 0.0143 0.0051 0.0049 0.0077 0.0058 0.0040 0.0033 0.0051 0.0055 0.0223 0.0136 0.0044 0.0055 0.0070 0.0052 0.0066 0.0081 0.8586 0.0059 
      H533.1  1 0.0054 0.0045 0.0074 0.0034 0.0032 0.0045 0.0052 0.0038 0.0038 0.0056 0.0201 0.0075 0.0063 0.0043 0.0045 0.0037 0.0064 0.0056 0.8882 0.0068 
      H533.2  1 0.0061 0.0045 0.0054 0.0033 0.0041 0.0056 0.0063 0.0037 0.0037 0.0063 0.0348 0.0098 0.0070 0.0042 0.0044 0.0031 0.0104 0.0068 0.8655 0.0050 
      H533.3  1 0.0059 0.0095 0.0048 0.0075 0.0071 0.0086 0.0062 0.0056 0.0042 0.0239 0.0407 0.0105 0.0351 0.0054 0.0044 0.0054 0.0070 0.0064 0.7747 0.0272 
      H533.4  1 0.0060 0.0104 0.0250 0.0144 0.0162 0.0078 0.0255 0.0073 0.0102 0.0469 0.1791 0.0301 0.0175 0.0103 0.0175 0.0095 0.0172 0.0102 0.4669 0.0719 
      H535.1  1 0.0547 0.0342 0.0042 0.0296 0.0104 0.0074 0.0119 0.0219 0.0126 0.0205 0.6720 0.0097 0.0112 0.0054 0.0146 0.0330 0.0055 0.0071 0.0110 0.0231 
      H535.2  1 0.0106 0.0267 0.0487 0.0174 0.0104 0.0429 0.0067 0.0054 0.0328 0.0073 0.6200 0.0051 0.0151 0.0067 0.0558 0.0077 0.0039 0.0177 0.0435 0.0157 
      H535.3  1 0.0142 0.0230 0.1003 0.0170 0.0093 0.0325 0.0067 0.0074 0.0236 0.0299 0.5386 0.0042 0.0120 0.0056 0.0443 0.0098 0.0065 0.0651 0.0389 0.0111 
      H535.4  1 0.0076 0.0044 0.0093 0.0046 0.0043 0.0045 0.0055 0.0046 0.0041 0.0036 0.8928 0.0053 0.0046 0.0063 0.0120 0.0049 0.0030 0.0097 0.0036 0.0052 
      H535.5  1 0.0113 0.0095 0.0058 0.0077 0.0047 0.0052 0.0066 0.0083 0.0129 0.0049 0.8623 0.0062 0.0081 0.0056 0.0068 0.0045 0.0039 0.0069 0.0047 0.0141 
      H535.6  1 0.0715 0.0308 0.0167 0.0335 0.0129 0.0133 0.0073 0.0246 0.1619 0.0276 0.4000 0.0051 0.0119 0.0078 0.0683 0.0381 0.0047 0.0067 0.0122 0.0452 
      H535.7  1 0.0091 0.0078 0.0044 0.0081 0.0054 0.0065 0.0083 0.0075 0.0107 0.0093 0.8605 0.0052 0.0057 0.0051 0.0060 0.0035 0.0058 0.0144 0.0058 0.0110 
      H535.8  1 0.0128 0.0113 0.0217 0.0071 0.0075 0.0141 0.0085 0.0065 0.0970 0.0076 0.7189 0.0070 0.0079 0.0063 0.0126 0.0045 0.0067 0.0209 0.0076 0.0134 
      H535.9  1 0.0118 0.0240 0.0106 0.0216 0.0084 0.0076 0.0086 0.0241 0.0076 0.0635 0.6944 0.0057 0.0070 0.0062 0.0302 0.0138 0.0094 0.0259 0.0109 0.0088 
      H539.1  1 0.0044 0.0041 0.0028 0.0083 0.0056 0.0055 0.0039 0.9127 0.0033 0.0094 0.0033 0.0044 0.0039 0.0038 0.0041 0.0057 0.0054 0.0036 0.0025 0.0033 
      H539.2  1 0.0058 0.0061 0.0242 0.0161 0.0235 0.0138 0.0230 0.7011 0.0142 0.0052 0.0073 0.0096 0.0165 0.0074 0.0094 0.0077 0.0096 0.0080 0.0076 0.0836 
      H539.3  1 0.0076 0.0056 0.0069 0.0248 0.0134 0.0078 0.0053 0.8466 0.0127 0.0049 0.0063 0.0035 0.0053 0.0055 0.0069 0.0052 0.0092 0.0072 0.0041 0.0111 
      H539.4  1 0.0046 0.0074 0.0059 0.0050 0.0296 0.0078 0.0099 0.8386 0.0058 0.0098 0.0034 0.0060 0.0092 0.0045 0.0043 0.0065 0.0197 0.0065 0.0061 0.0095 
      H539.5  1 0.0037 0.0055 0.0028 0.0076 0.0040 0.0067 0.0038 0.9184 0.0029 0.0063 0.0034 0.0038 0.0030 0.0050 0.0042 0.0049 0.0050 0.0026 0.0027 0.0035 
      H539.6  1 0.0045 0.0054 0.0042 0.0062 0.0039 0.0064 0.0068 0.9098 0.0041 0.0068 0.0033 0.0041 0.0053 0.0053 0.0049 0.0053 0.0040 0.0030 0.0029 0.0041 
      H539.7  1 0.0048 0.0037 0.0035 0.0042 0.0137 0.0039 0.0052 0.9035 0.0053 0.0078 0.0040 0.0035 0.0044 0.0047 0.0042 0.0079 0.0037 0.0038 0.0035 0.0048 
      H539.8  1 0.0167 0.0054 0.0102 0.0077 0.0182 0.0056 0.0059 0.8304 0.0152 0.0070 0.0073 0.0047 0.0085 0.0074 0.0062 0.0059 0.0110 0.0148 0.0044 0.0077 
      H539.9  1 0.0040 0.0050 0.0041 0.0088 0.0147 0.0089 0.0059 0.8858 0.0045 0.0062 0.0030 0.0041 0.0062 0.0061 0.0035 0.0053 0.0097 0.0049 0.0046 0.0047 
      H540.1  1 0.0057 0.0220 0.0053 0.0129 0.0104 0.0067 0.0079 0.7945 0.0050 0.0198 0.0065 0.0047 0.0173 0.0074 0.0079 0.0134 0.0103 0.0049 0.0105 0.0268 
      H540.2  1 0.0071 0.0063 0.0027 0.0057 0.0048 0.0033 0.0067 0.8966 0.0055 0.0095 0.0043 0.0053 0.0054 0.0063 0.0042 0.0061 0.0036 0.0033 0.0059 0.0075 
      H540.3  1 0.0641 0.0224 0.0098 0.0070 0.0243 0.0041 0.0069 0.3895 0.0240 0.0626 0.0078 0.0161 0.0235 0.0085 0.0153 0.0277 0.2473 0.0058 0.0128 0.0204 
      H540.4  1 0.0070 0.0120 0.0056 0.0055 0.0066 0.0036 0.0079 0.8675 0.0071 0.0107 0.0046 0.0053 0.0071 0.0093 0.0080 0.0054 0.0040 0.0047 0.0093 0.0089 
      H540.5  1 0.0109 0.0131 0.0087 0.0076 0.0132 0.0068 0.0081 0.8169 0.0088 0.0083 0.0080 0.0064 0.0123 0.0088 0.0047 0.0113 0.0214 0.0050 0.0110 0.0085 
      H540.6  1 0.0110 0.0227 0.0220 0.0168 0.0105 0.0122 0.0084 0.7492 0.0090 0.0094 0.0082 0.0075 0.0130 0.0183 0.0136 0.0191 0.0103 0.0043 0.0162 0.0182 
      H540.7  1 0.0057 0.0103 0.0043 0.0053 0.0055 0.0056 0.0083 0.8715 0.0045 0.0070 0.0096 0.0079 0.0086 0.0073 0.0048 0.0061 0.0046 0.0054 0.0080 0.0098 
      H540.8  1 0.0073 0.0091 0.0025 0.0063 0.0055 0.0042 0.0080 0.8629 0.0053 0.0119 0.0099 0.0050 0.0090 0.0046 0.0037 0.0126 0.0056 0.0041 0.0058 0.0165 
     H9558.1  1 0.0065 0.0051 0.0042 0.0095 0.0066 0.0043 0.0086 0.8584 0.0060 0.0299 0.0046 0.0050 0.0032 0.0038 0.0044 0.0114 0.0077 0.0072 0.0065 0.0074 
     H9558.2  1 0.0070 0.0082 0.0058 0.0100 0.0128 0.0113 0.0067 0.7982 0.0123 0.0297 0.0057 0.0124 0.0047 0.0056 0.0054 0.0106 0.0114 0.0170 0.0175 0.0077 
     H9558.3  1 0.0078 0.0098 0.0058 0.0121 0.0069 0.0102 0.0059 0.8559 0.0061 0.0070 0.0056 0.0090 0.0069 0.0052 0.0048 0.0065 0.0090 0.0154 0.0057 0.0046 
     H9558.4  1 0.0041 0.0055 0.0045 0.0054 0.0068 0.0044 0.0112 0.8736 0.0045 0.0168 0.0046 0.0099 0.0039 0.0029 0.0034 0.0067 0.0083 0.0074 0.0067 0.0092 
     H9558.5  1 0.0047 0.0055 0.0052 0.0032 0.0130 0.0036 0.0064 0.8680 0.0058 0.0063 0.0052 0.0098 0.0099 0.0040 0.0034 0.0040 0.0206 0.0103 0.0051 0.0061 
     H9558.6  1 0.0113 0.0085 0.0037 0.0076 0.0061 0.0450 0.0063 0.7667 0.0074 0.0151 0.0057 0.0089 0.0347 0.0062 0.0066 0.0277 0.0117 0.0097 0.0054 0.0057 
    kos339.1  1 0.0045 0.0359 0.0056 0.0064 0.0133 0.0220 0.0078 0.0058 0.0075 0.0117 0.7804 0.0173 0.0125 0.0124 0.0033 0.0098 0.0047 0.0056 0.0154 0.0179 
    kos339.2  1 0.0073 0.0063 0.0070 0.0039 0.0102 0.0153 0.0075 0.0055 0.0061 0.0043 0.8308 0.0114 0.0092 0.0214 0.0131 0.0065 0.0074 0.0102 0.0127 0.0039 
    kos339.3  1 0.0048 0.0050 0.0038 0.0035 0.0036 0.0044 0.0063 0.0056 0.0038 0.0045 0.9124 0.0082 0.0052 0.0046 0.0039 0.0040 0.0038 0.0034 0.0038 0.0054 
    kos339.4  1 0.0052 0.0059 0.0049 0.0029 0.0053 0.0054 0.0085 0.0056 0.0045 0.0038 0.8984 0.0096 0.0061 0.0052 0.0050 0.0048 0.0047 0.0049 0.0044 0.0050 
    kos339.5  1 0.0056 0.0233 0.0057 0.0052 0.0075 0.0118 0.0069 0.0069 0.0060 0.0078 0.8442 0.0061 0.0071 0.0118 0.0041 0.0100 0.0033 0.0072 0.0064 0.0129 
    kos339.6  1 0.0064 0.0067 0.0040 0.0053 0.0069 0.0064 0.0037 0.0038 0.0044 0.0051 0.8830 0.0078 0.0110 0.0106 0.0089 0.0046 0.0062 0.0046 0.0050 0.0055 
    kos339.7  1 0.0034 0.0046 0.0031 0.0038 0.0043 0.0044 0.0051 0.0044 0.0034 0.0042 0.9186 0.0066 0.0049 0.0037 0.0032 0.0047 0.0038 0.0036 0.0048 0.0055 
    kos339.8  1 0.0056 0.0145 0.0073 0.0031 0.0070 0.0065 0.0082 0.0042 0.0087 0.0046 0.8379 0.0303 0.0121 0.0073 0.0054 0.0047 0.0083 0.0061 0.0111 0.0071 
    kos339.9  1 0.0090 0.0119 0.0052 0.0061 0.0077 0.0127 0.0137 0.0289 0.0053 0.0063 0.7979 0.0047 0.0067 0.0285 0.0117 0.0103 0.0069 0.0078 0.0066 0.0121 
      H008.1  2 0.0105 0.0071 0.0125 0.0054 0.0173 0.7206 0.0173 0.0811 0.0064 0.0122 0.0077 0.0067 0.0086 0.0227 0.0085 0.0066 0.0052 0.0178 0.0123 0.0136 
      H008.2  2 0.0094 0.0120 0.0445 0.0243 0.0255 0.0562 0.0123 0.2084 0.0195 0.0351 0.0122 0.0072 0.0213 0.0186 0.0151 0.0084 0.0511 0.3008 0.0283 0.0899 
      H008.3  2 0.0401 0.0144 0.0976 0.0540 0.0129 0.0681 0.0287 0.0965 0.0406 0.0250 0.0189 0.0106 0.0197 0.0298 0.0170 0.0122 0.0385 0.1380 0.0474 0.1899 
      H008.4  2 0.0177 0.0168 0.0127 0.0156 0.0138 0.5493 0.0078 0.0956 0.0225 0.0124 0.0101 0.0314 0.0129 0.0627 0.0225 0.0098 0.0386 0.0250 0.0116 0.0113 
      H008.5  2 0.0169 0.0085 0.0142 0.0223 0.0091 0.6758 0.0195 0.0322 0.0314 0.0102 0.0133 0.0059 0.0114 0.0269 0.0078 0.0089 0.0146 0.0333 0.0122 0.0258 
      H008.6  2 0.0192 0.0178 0.0074 0.0312 0.0157 0.1793 0.0089 0.1419 0.0193 0.0367 0.0115 0.0195 0.0153 0.0196 0.0146 0.0125 0.0846 0.2467 0.0228 0.0756 
      H008.7  2 0.0214 0.0123 0.0682 0.0171 0.0228 0.2833 0.0153 0.0721 0.0416 0.0389 0.0207 0.0144 0.0096 0.0445 0.0208 0.0123 0.0732 0.1460 0.0230 0.0427 
      H008.8  2 0.0104 0.0122 0.0214 0.0125 0.1091 0.1605 0.0425 0.4081 0.0059 0.0729 0.0122 0.0104 0.0088 0.0110 0.0163 0.0086 0.0087 0.0129 0.0407 0.0149 
      H008.9  2 0.0345 0.0135 0.0107 0.0356 0.0149 0.0196 0.0123 0.0783 0.0163 0.1761 0.0103 0.0082 0.0128 0.0126 0.0413 0.0185 0.1439 0.2703 0.0317 0.0386 
 H029.1_2002  2 0.0110 0.0225 0.0101 0.0081 0.0191 0.6345 0.0060 0.0300 0.0581 0.0338 0.0042 0.0671 0.0073 0.0202 0.0081 0.0114 0.0229 0.0072 0.0107 0.0077 
 H029.1_2003  2 0.0456 0.0148 0.0058 0.0069 0.0502 0.0113 0.0070 0.0104 0.7127 0.0202 0.0082 0.0107 0.0116 0.0109 0.0073 0.0081 0.0103 0.0098 0.0210 0.0172 
 H029.2_2002  2 0.0488 0.0305 0.0244 0.0126 0.0300 0.5173 0.0074 0.0099 0.0817 0.0042 0.0786 0.0078 0.0076 0.0044 0.0193 0.0166 0.0339 0.0138 0.0277 0.0233 
 H029.2_2003  2 0.0199 0.0289 0.0071 0.0149 0.0542 0.0629 0.0063 0.0064 0.5180 0.0089 0.0443 0.0043 0.0144 0.0042 0.0118 0.0320 0.0279 0.0216 0.0258 0.0862 
 H029.3_2002  2 0.0466 0.0259 0.0289 0.0160 0.0791 0.1937 0.0143 0.0053 0.1007 0.0075 0.1012 0.0090 0.0210 0.0064 0.0163 0.0108 0.1793 0.0093 0.1129 0.0158 
 H029.3_2003  2 0.0222 0.0135 0.0076 0.0057 0.0195 0.3861 0.0083 0.0064 0.3904 0.0045 0.0115 0.0052 0.0130 0.0127 0.0060 0.0065 0.0083 0.0357 0.0192 0.0175 
 H029.4_2002  2 0.0087 0.0045 0.0149 0.0045 0.0210 0.7394 0.0142 0.0047 0.0812 0.0052 0.0052 0.0114 0.0086 0.0138 0.0098 0.0043 0.0238 0.0060 0.0127 0.0061 
 H029.4_2003  2 0.0131 0.0091 0.0074 0.0104 0.1363 0.0558 0.0213 0.0180 0.6010 0.0136 0.0061 0.0105 0.0122 0.0190 0.0043 0.0067 0.0161 0.0076 0.0182 0.0134 
 H029.5_2002  2 0.0195 0.0136 0.0145 0.0046 0.0086 0.7651 0.0037 0.0068 0.0700 0.0077 0.0047 0.0124 0.0063 0.0184 0.0060 0.0082 0.0069 0.0089 0.0071 0.0067 
 H029.5_2003  2 0.0145 0.0046 0.0053 0.0046 0.0639 0.2010 0.0137 0.0065 0.5315 0.0087 0.0051 0.0087 0.0075 0.0164 0.0059 0.0074 0.0082 0.0229 0.0084 0.0553 
 H029.6_2002  2 0.0157 0.0070 0.0274 0.0078 0.0264 0.2995 0.0118 0.0043 0.4565 0.0058 0.0051 0.0092 0.0080 0.0075 0.0122 0.0064 0.0539 0.0043 0.0258 0.0055 
 H029.6_2003  2 0.0612 0.0273 0.0090 0.0079 0.0518 0.4255 0.0113 0.0166 0.0732 0.0117 0.0471 0.0063 0.0214 0.0306 0.0192 0.0182 0.0085 0.0233 0.0402 0.0899 
      H029.7  2 0.0173 0.0100 0.0206 0.0138 0.0316 0.6584 0.0099 0.0081 0.0664 0.0048 0.0305 0.0057 0.0052 0.0060 0.0250 0.0136 0.0395 0.0068 0.0148 0.0119 
      H030.1  2 0.0082 0.1150 0.0190 0.0103 0.0185 0.0311 0.0131 0.0052 0.0666 0.0121 0.0106 0.0058 0.5022 0.0267 0.0145 0.0306 0.0052 0.0653 0.0157 0.0244 
      H030.2  2 0.0049 0.0146 0.1462 0.0049 0.0116 0.0842 0.0287 0.0222 0.0264 0.0103 0.0061 0.1458 0.3181 0.0349 0.0309 0.0128 0.0513 0.0320 0.0069 0.0072 
      H038.1  2 0.0073 0.0067 0.0044 0.0094 0.0112 0.8565 0.0056 0.0066 0.0079 0.0107 0.0052 0.0064 0.0055 0.0060 0.0049 0.0063 0.0223 0.0052 0.0078 0.0043 
      H038.2  2 0.0081 0.0115 0.0069 0.0031 0.0051 0.8570 0.0080 0.0045 0.0071 0.0031 0.0150 0.0112 0.0074 0.0057 0.0069 0.0164 0.0060 0.0071 0.0042 0.0058 
      H038.3  2 0.0062 0.0400 0.0069 0.0047 0.0106 0.7482 0.0099 0.0101 0.0053 0.0101 0.0136 0.0175 0.0111 0.0167 0.0126 0.0124 0.0414 0.0118 0.0062 0.0045 
      H038.4  2 0.0092 0.0201 0.0077 0.0044 0.0103 0.7867 0.0076 0.0068 0.0042 0.0055 0.0060 0.0111 0.0057 0.0273 0.0245 0.0111 0.0311 0.0104 0.0065 0.0038 
      H038.5  2 0.0089 0.0085 0.0096 0.0035 0.0191 0.7939 0.0174 0.0089 0.0088 0.0055 0.0081 0.0061 0.0193 0.0071 0.0069 0.0071 0.0269 0.0072 0.0194 0.0076 
      H038.6  2 0.0061 0.0064 0.0037 0.0039 0.0106 0.8615 0.0099 0.0116 0.0084 0.0057 0.0071 0.0084 0.0105 0.0039 0.0027 0.0062 0.0119 0.0049 0.0066 0.0102 
      H038.7  2 0.0057 0.0444 0.0031 0.0035 0.0145 0.8110 0.0087 0.0121 0.0048 0.0050 0.0081 0.0216 0.0085 0.0065 0.0039 0.0074 0.0114 0.0093 0.0059 0.0044 
      H038.8  2 0.0068 0.0162 0.0094 0.0038 0.0119 0.7229 0.0111 0.0079 0.0052 0.0046 0.0132 0.0138 0.0152 0.0154 0.0137 0.0241 0.0896 0.0057 0.0052 0.0045 
      H041.1  2 0.0101 0.0209 0.1373 0.0205 0.0472 0.0922 0.0089 0.0083 0.1662 0.0151 0.0173 0.0073 0.0092 0.3064 0.0220 0.0101 0.0283 0.0496 0.0070 0.0162 
      H041.2  2 0.0239 0.0156 0.0070 0.0065 0.0137 0.0625 0.0051 0.0068 0.4124 0.0105 0.0090 0.0171 0.0095 0.3113 0.0096 0.0124 0.0136 0.0356 0.0090 0.0090 
      H041.4  2 0.0251 0.0118 0.0127 0.0182 0.0311 0.1870 0.0074 0.0266 0.4407 0.0313 0.0100 0.0106 0.0111 0.0391 0.0265 0.0336 0.0284 0.0283 0.0117 0.0089 
      H041.6  2 0.0214 0.0190 0.0184 0.0376 0.0247 0.2048 0.0080 0.0478 0.3374 0.0437 0.0100 0.0145 0.0117 0.0777 0.0190 0.0540 0.0135 0.0204 0.0096 0.0067 
 H042.1_2002  2 0.0096 0.0088 0.0080 0.0105 0.0118 0.0091 0.0302 0.0734 0.6387 0.0178 0.0115 0.0167 0.0079 0.0570 0.0282 0.0282 0.0129 0.0049 0.0050 0.0097 
 H042.1_2003  2 0.0268 0.0383 0.0140 0.0109 0.0125 0.0669 0.0208 0.1007 0.0266 0.0411 0.0059 0.0225 0.0239 0.1497 0.0243 0.0687 0.0797 0.1801 0.0119 0.0747 
 H042.2_2002  2 0.0273 0.0064 0.0071 0.0095 0.0192 0.0594 0.0127 0.0081 0.5607 0.0049 0.0084 0.1514 0.0050 0.0256 0.0089 0.0086 0.0359 0.0073 0.0070 0.0267 
 H042.2_2003  2 0.0280 0.0130 0.0043 0.0121 0.0066 0.0737 0.0124 0.0935 0.1575 0.0131 0.0088 0.0148 0.0122 0.4708 0.0107 0.0237 0.0051 0.0154 0.0077 0.0167 
 H042.3_2002  2 0.0142 0.0083 0.0050 0.0127 0.0107 0.0124 0.0975 0.0246 0.4224 0.0165 0.0108 0.0723 0.0145 0.1897 0.0294 0.0080 0.0171 0.0090 0.0069 0.0180 
 H042.3_2003  2 0.0079 0.0080 0.0306 0.0102 0.0444 0.0300 0.1679 0.0278 0.1515 0.0118 0.0081 0.0477 0.0106 0.3270 0.0220 0.0138 0.0191 0.0172 0.0088 0.0356 
 H042.4_2002  2 0.0173 0.0071 0.0060 0.0058 0.0116 0.0144 0.0069 0.0143 0.7646 0.0099 0.0148 0.0082 0.0094 0.0292 0.0125 0.0380 0.0104 0.0063 0.0053 0.0081 
 H042.4_2003  2 0.0104 0.0625 0.0253 0.0248 0.0747 0.0697 0.0096 0.0160 0.5210 0.0164 0.0089 0.0080 0.0082 0.0259 0.0125 0.0754 0.0070 0.0124 0.0047 0.0069 
      H042.5  2 0.0060 0.0091 0.0051 0.0099 0.0122 0.0059 0.0153 0.0084 0.8575 0.0062 0.0064 0.0047 0.0044 0.0077 0.0093 0.0100 0.0032 0.0087 0.0040 0.0060 
      H042.6  2 0.0061 0.0143 0.0067 0.0414 0.0781 0.0163 0.0260 0.0154 0.7038 0.0081 0.0060 0.0121 0.0044 0.0091 0.0072 0.0181 0.0093 0.0049 0.0049 0.0077 
      H042.7  2 0.0521 0.0418 0.0081 0.0084 0.0359 0.0201 0.0328 0.0103 0.4124 0.0214 0.0086 0.1007 0.0064 0.1134 0.0744 0.0135 0.0063 0.0166 0.0074 0.0091 
      H042.8  2 0.0246 0.0062 0.0041 0.0133 0.0102 0.0109 0.0151 0.0247 0.6877 0.0087 0.0045 0.0375 0.0043 0.0701 0.0149 0.0084 0.0155 0.0168 0.0049 0.0177 
   H042_2002  2 0.0274 0.0400 0.0053 0.0761 0.1418 0.0740 0.0384 0.0994 0.0471 0.0220 0.0058 0.1362 0.0087 0.1405 0.0134 0.0424 0.0307 0.0260 0.0105 0.0141 
   H042_2003  2 0.0321 0.0330 0.0057 0.0724 0.1517 0.0598 0.0409 0.0950 0.0541 0.0210 0.0060 0.1425 0.0075 0.1286 0.0115 0.0581 0.0270 0.0262 0.0121 0.0148 
      H043.1  2 0.0029 0.0057 0.0087 0.0047 0.8556 0.0083 0.0170 0.0240 0.0043 0.0039 0.0062 0.0051 0.0060 0.0054 0.0049 0.0073 0.0129 0.0062 0.0050 0.0057 
      H043.2  2 0.0091 0.0070 0.0027 0.0259 0.7610 0.0186 0.0122 0.0386 0.0038 0.0208 0.0060 0.0054 0.0055 0.0092 0.0132 0.0067 0.0350 0.0065 0.0069 0.0058 
      H043.3  2 0.0048 0.0216 0.0030 0.0123 0.7525 0.0483 0.0204 0.0249 0.0058 0.0149 0.0084 0.0115 0.0059 0.0146 0.0067 0.0084 0.0160 0.0088 0.0051 0.0062 
      H043.4  2 0.0039 0.0121 0.0033 0.0175 0.8202 0.0155 0.0112 0.0244 0.0044 0.0106 0.0090 0.0062 0.0037 0.0100 0.0064 0.0156 0.0113 0.0061 0.0034 0.0051 
      H043.5  2 0.0081 0.0077 0.0035 0.0056 0.7720 0.0166 0.0143 0.0272 0.0044 0.0125 0.0067 0.0082 0.0069 0.0139 0.0117 0.0061 0.0514 0.0108 0.0072 0.0050 
      H043.6  2 0.0083 0.0084 0.0033 0.0084 0.6895 0.0554 0.0165 0.0356 0.0063 0.0177 0.0118 0.0079 0.0098 0.0248 0.0095 0.0093 0.0613 0.0044 0.0057 0.0060 
      H043.7  2 0.0033 0.0300 0.0034 0.0264 0.7804 0.0118 0.0076 0.0299 0.0039 0.0214 0.0058 0.0072 0.0066 0.0139 0.0073 0.0088 0.0136 0.0100 0.0042 0.0045 
      H043.8  2 0.0050 0.0082 0.0056 0.0068 0.8235 0.0128 0.0126 0.0110 0.0041 0.0106 0.0109 0.0080 0.0144 0.0103 0.0146 0.0048 0.0101 0.0078 0.0127 0.0064 
      H043.9  2 0.0029 0.0096 0.0062 0.0069 0.8737 0.0086 0.0083 0.0159 0.0054 0.0049 0.0057 0.0054 0.0057 0.0065 0.0037 0.0055 0.0081 0.0062 0.0061 0.0048 
      H047.1  2 0.0047 0.0102 0.0047 0.0067 0.0075 0.4205 0.0273 0.2006 0.0048 0.0128 0.0122 0.0507 0.0056 0.0067 0.0052 0.0080 0.0057 0.1945 0.0035 0.0079 
      H047.2  2 0.0134 0.0340 0.0211 0.0062 0.0150 0.1106 0.0048 0.0077 0.0091 0.0177 0.0127 0.0100 0.0086 0.0130 0.0103 0.0288 0.0040 0.6359 0.0092 0.0280 
      H047.3  2 0.0182 0.0240 0.0233 0.0118 0.0169 0.0741 0.0055 0.0083 0.0168 0.0127 0.0067 0.0204 0.0059 0.0917 0.0110 0.0177 0.0041 0.5965 0.0100 0.0245 
      H047.4  2 0.0109 0.1157 0.0098 0.0098 0.0293 0.3427 0.0063 0.0149 0.0293 0.0296 0.0144 0.0570 0.0118 0.0561 0.0160 0.0177 0.0038 0.2007 0.0166 0.0075 
      H047.5  2 0.0215 0.0220 0.0062 0.0276 0.0255 0.1516 0.0114 0.0229 0.0103 0.0103 0.0094 0.0498 0.0090 0.0485 0.0103 0.0101 0.0038 0.5254 0.0110 0.0134 
      H047.6  2 0.0162 0.0096 0.0086 0.0070 0.0106 0.0523 0.0037 0.0046 0.0328 0.0265 0.0063 0.0404 0.0053 0.0699 0.0074 0.0087 0.0049 0.6716 0.0068 0.0069 
      H047.7  2 0.0090 0.0073 0.0083 0.0065 0.0074 0.4260 0.0301 0.1057 0.0118 0.0095 0.0108 0.1800 0.0053 0.0157 0.0080 0.0079 0.0119 0.1273 0.0045 0.0069 
      H047.8  2 0.0114 0.0127 0.0080 0.0086 0.0131 0.0758 0.0076 0.0160 0.0311 0.0133 0.0083 0.0441 0.0050 0.1151 0.0094 0.0120 0.0054 0.5792 0.0071 0.0169 
