      H105.1  1 0.0098 0.0058 0.0402 0.0042 0.0193 0.7450 0.0102 0.0039 0.0052 0.0120 0.0135 0.0058 0.0048 0.0093 0.0100 0.0291 0.0284 0.0147 0.0153 0.0132 
      H105.2  1 0.0276 0.0103 0.0301 0.0208 0.0109 0.6198 0.0168 0.0154 0.0184 0.0096 0.0084 0.0092 0.0156 0.0102 0.0168 0.0613 0.0086 0.0084 0.0378 0.0439 
      H105.3  1 0.0052 0.0046 0.0135 0.0074 0.0141 0.7972 0.0170 0.0167 0.0074 0.0072 0.0076 0.0061 0.0086 0.0083 0.0167 0.0151 0.0055 0.0164 0.0142 0.0113 
      H105.4  1 0.0206 0.0119 0.1097 0.0155 0.0299 0.4888 0.0195 0.1013 0.0218 0.0089 0.0122 0.0070 0.0193 0.0166 0.0085 0.0521 0.0082 0.0184 0.0152 0.0145 
      H105.5  1 0.0184 0.0176 0.1448 0.0095 0.0887 0.0868 0.0418 0.0352 0.0300 0.0278 0.0100 0.0075 0.0302 0.0580 0.0526 0.0609 0.0395 0.0363 0.1796 0.0247 
      H105.6  1 0.0051 0.0057 0.0183 0.0063 0.0107 0.8094 0.0149 0.0257 0.0057 0.0097 0.0083 0.0042 0.0133 0.0165 0.0070 0.0082 0.0033 0.0158 0.0069 0.0050 
      H105.7  1 0.0162 0.0085 0.0395 0.0054 0.0088 0.7975 0.0108 0.0077 0.0035 0.0071 0.0283 0.0054 0.0092 0.0079 0.0059 0.0067 0.0120 0.0058 0.0073 0.0066 
      H105.8  1 0.0055 0.0034 0.0207 0.0100 0.0081 0.8251 0.0075 0.0083 0.0118 0.0083 0.0210 0.0078 0.0046 0.0087 0.0093 0.0197 0.0050 0.0041 0.0038 0.0072 
      H115.1  1 0.0095 0.0053 0.0069 0.0108 0.0080 0.0102 0.0277 0.0093 0.0115 0.0182 0.0185 0.0072 0.0096 0.7756 0.0133 0.0124 0.0111 0.0217 0.0062 0.0074 
      H115.2  1 0.0057 0.0054 0.0054 0.0110 0.0049 0.0072 0.0075 0.0082 0.0093 0.0084 0.0081 0.0076 0.0060 0.8590 0.0103 0.0066 0.0067 0.0086 0.0089 0.0050 
      H115.3  1 0.0081 0.0051 0.0097 0.0141 0.0180 0.0105 0.0121 0.0600 0.0280 0.0078 0.0073 0.0070 0.0035 0.7072 0.0045 0.0060 0.0174 0.0198 0.0395 0.0143 
      H115.4  1 0.0115 0.0063 0.0159 0.0186 0.0132 0.0108 0.0228 0.0072 0.2508 0.0126 0.0099 0.0075 0.0071 0.1165 0.0903 0.0308 0.0586 0.0432 0.2296 0.0367 
      H115.5  1 0.0122 0.0245 0.0189 0.0099 0.0174 0.0235 0.0141 0.0346 0.0356 0.0310 0.0319 0.0555 0.0214 0.4463 0.0183 0.0129 0.0310 0.0669 0.0219 0.0722 
      H115.6  1 0.0228 0.0111 0.0091 0.0149 0.0159 0.0093 0.0395 0.0367 0.0296 0.0079 0.0159 0.0151 0.0069 0.5336 0.0095 0.0064 0.0202 0.0201 0.1539 0.0216 
      H115.7  1 0.0290 0.0096 0.0095 0.0311 0.0108 0.0099 0.0608 0.0197 0.0169 0.0071 0.0055 0.0056 0.0084 0.5983 0.0078 0.0098 0.0156 0.0150 0.0986 0.0307 
      H115.8  1 0.0098 0.0070 0.0109 0.0090 0.0080 0.0148 0.0261 0.0147 0.0305 0.0217 0.0306 0.0610 0.0047 0.6516 0.0097 0.0070 0.0147 0.0163 0.0294 0.0223 
      H115.9  1 0.0051 0.0048 0.0148 0.0070 0.0070 0.0045 0.0114 0.0139 0.0083 0.0096 0.0191 0.0056 0.0077 0.8273 0.0118 0.0065 0.0137 0.0129 0.0048 0.0044 
      H145.1  1 0.0040 0.8270 0.0104 0.0089 0.0080 0.0046 0.0111 0.0204 0.0092 0.0079 0.0099 0.0207 0.0055 0.0138 0.0078 0.0055 0.0067 0.0098 0.0052 0.0036 
      H145.2  1 0.0059 0.6746 0.0184 0.0074 0.0083 0.0087 0.0144 0.1269 0.0153 0.0069 0.0097 0.0337 0.0067 0.0063 0.0093 0.0113 0.0064 0.0142 0.0124 0.0033 
      H145.3  1 0.0068 0.7681 0.0127 0.0066 0.0112 0.0044 0.0058 0.0099 0.0085 0.0154 0.0291 0.0687 0.0044 0.0069 0.0044 0.0046 0.0046 0.0067 0.0061 0.0149 
      H145.4  1 0.0032 0.9019 0.0079 0.0044 0.0055 0.0037 0.0088 0.0051 0.0044 0.0038 0.0057 0.0080 0.0064 0.0046 0.0035 0.0041 0.0053 0.0060 0.0042 0.0036 
      H145.5  1 0.0041 0.7005 0.0057 0.0069 0.0075 0.0041 0.0065 0.0062 0.0077 0.0088 0.0108 0.1851 0.0058 0.0039 0.0046 0.0058 0.0042 0.0071 0.0074 0.0072 
      H145.6  1 0.0141 0.8177 0.0106 0.0057 0.0037 0.0049 0.0131 0.0511 0.0072 0.0066 0.0047 0.0112 0.0054 0.0037 0.0045 0.0059 0.0073 0.0063 0.0053 0.0110 
      H145.7  1 0.0054 0.8804 0.0076 0.0054 0.0052 0.0037 0.0079 0.0057 0.0113 0.0049 0.0068 0.0050 0.0044 0.0043 0.0030 0.0043 0.0080 0.0089 0.0046 0.0134 
      H149.1  1 0.0037 0.0048 0.0040 0.0042 0.0032 0.0030 0.0045 0.0049 0.0037 0.0046 0.0039 0.0048 0.0046 0.0042 0.0042 0.0043 0.0047 0.9209 0.0044 0.0032 
      H149.2  1 0.0054 0.0204 0.0052 0.0048 0.0088 0.0046 0.0085 0.0047 0.0034 0.0041 0.0037 0.0037 0.0056 0.0043 0.0048 0.0039 0.0081 0.8827 0.0087 0.0047 
      H149.3  1 0.0165 0.0511 0.0066 0.0122 0.0123 0.0086 0.0202 0.0164 0.0074 0.0063 0.0080 0.0050 0.0101 0.0068 0.0050 0.0100 0.0172 0.7500 0.0210 0.0093 
      H149.4  1 0.0090 0.0056 0.0048 0.0358 0.0065 0.0149 0.0061 0.0120 0.0105 0.0042 0.0067 0.0091 0.0089 0.0046 0.0039 0.0184 0.0099 0.8183 0.0064 0.0045 
      H149.5  1 0.0297 0.1261 0.0085 0.0300 0.0114 0.0140 0.0115 0.0099 0.0101 0.0046 0.0091 0.0043 0.0087 0.0038 0.0061 0.0256 0.0860 0.5759 0.0163 0.0085 
      H149.6  1 0.0120 0.0280 0.0063 0.0071 0.0063 0.0063 0.0067 0.0048 0.0039 0.0048 0.0039 0.0044 0.0074 0.0037 0.0065 0.0058 0.0108 0.8552 0.0126 0.0037 
      H149.7  1 0.0702 0.0698 0.0086 0.0860 0.0150 0.0223 0.0164 0.0147 0.0157 0.0095 0.0158 0.0099 0.0428 0.0054 0.0117 0.0708 0.0333 0.4542 0.0178 0.0099 
      H150.1  1 0.0059 0.0049 0.0051 0.0045 0.0057 0.0060 0.0052 0.0103 0.0073 0.0055 0.0062 0.0064 0.0060 0.8840 0.0040 0.0043 0.0047 0.0035 0.0157 0.0047 
      H150.2  1 0.0092 0.0046 0.0042 0.0087 0.0083 0.0097 0.0129 0.0080 0.0238 0.0058 0.0047 0.0142 0.0056 0.8078 0.0091 0.0053 0.0120 0.0092 0.0278 0.0091 
      H150.3  1 0.0115 0.0107 0.0077 0.0087 0.0051 0.0085 0.0252 0.0076 0.0088 0.0071 0.0071 0.0076 0.0106 0.8231 0.0063 0.0048 0.0073 0.0044 0.0168 0.0112 
      H150.4  1 0.0071 0.0062 0.0086 0.0046 0.0055 0.0042 0.0099 0.0062 0.0043 0.0053 0.0077 0.0095 0.0058 0.8816 0.0056 0.0043 0.0064 0.0031 0.0067 0.0074 
      H150.5  1 0.0103 0.0085 0.0081 0.0197 0.0125 0.0183 0.0188 0.0188 0.0376 0.0080 0.0068 0.0040 0.0048 0.7363 0.0038 0.0062 0.0167 0.0101 0.0398 0.0108 
      H150.6  1 0.0118 0.0076 0.0041 0.0574 0.0122 0.0619 0.0136 0.0106 0.0349 0.0051 0.0042 0.0127 0.0053 0.3822 0.0055 0.0095 0.0289 0.0073 0.2752 0.0499 
      H150.7  1 0.0039 0.0052 0.0047 0.0050 0.0049 0.0045 0.0073 0.0148 0.0089 0.0059 0.0055 0.0088 0.0043 0.8886 0.0045 0.0040 0.0035 0.0034 0.0068 0.0055 
   H169607.1  1 0.0384 0.2189 0.0199 0.0805 0.1202 0.0087 0.0201 0.0380 0.0587 0.0225 0.0231 0.0201 0.0087 0.0692 0.1106 0.0802 0.0254 0.0059 0.0094 0.0217 
   H169607.2  1 0.0105 0.1586 0.3651 0.0924 0.0482 0.0083 0.0361 0.0165 0.0362 0.0165 0.0414 0.0048 0.0080 0.0581 0.0265 0.0291 0.0125 0.0123 0.0113 0.0077 
   H169607.3  1 0.0474 0.3218 0.0881 0.0328 0.0857 0.0084 0.0159 0.0457 0.0252 0.0198 0.0517 0.0145 0.0080 0.0248 0.0180 0.0587 0.0961 0.0063 0.0086 0.0226 
   H169607.4  1 0.0130 0.3046 0.2158 0.1001 0.1281 0.0081 0.0111 0.0548 0.0127 0.0180 0.0069 0.0082 0.0074 0.0200 0.0318 0.0322 0.0066 0.0057 0.0077 0.0072 
   H169607.5  1 0.0094 0.1064 0.2043 0.0511 0.0836 0.0061 0.0155 0.0650 0.1113 0.0102 0.0403 0.0086 0.0052 0.1448 0.0145 0.0089 0.0727 0.0208 0.0121 0.0092 
   H169607.6  1 0.0123 0.1630 0.4459 0.0802 0.0535 0.0089 0.0124 0.0113 0.0258 0.0099 0.0264 0.0044 0.0046 0.0332 0.0201 0.0443 0.0087 0.0103 0.0128 0.0121 
   H169607.7  1 0.0075 0.0546 0.1413 0.1060 0.0461 0.0200 0.0264 0.0095 0.2874 0.0074 0.0548 0.0068 0.0051 0.0630 0.0227 0.0973 0.0080 0.0126 0.0118 0.0115 
   H169607.8  1 0.0152 0.0686 0.4717 0.0840 0.1532 0.0048 0.0187 0.0306 0.0091 0.0176 0.0143 0.0045 0.0078 0.0117 0.0229 0.0386 0.0069 0.0049 0.0059 0.0092 
   H169633.1  1 0.0112 0.0288 0.0059 0.0052 0.0040 0.0126 0.0205 0.0097 0.0054 0.0378 0.0067 0.0178 0.0104 0.0125 0.0144 0.0085 0.0083 0.7490 0.0141 0.0172 
   H169633.2  1 0.0345 0.0141 0.0038 0.0105 0.0043 0.0100 0.0305 0.0055 0.0080 0.0102 0.0179 0.0100 0.0071 0.0037 0.0354 0.0080 0.0051 0.7607 0.0104 0.0103 
   H169633.3  1 0.0068 0.0180 0.0046 0.0068 0.0057 0.0162 0.0105 0.0054 0.0058 0.0096 0.0145 0.0058 0.0223 0.0082 0.0068 0.0067 0.0088 0.8084 0.0230 0.0060 
   H169633.4  1 0.0047 0.0120 0.0067 0.0065 0.0059 0.0143 0.0108 0.0242 0.0045 0.0064 0.0063 0.0129 0.0076 0.0124 0.0053 0.0085 0.0135 0.8153 0.0129 0.0093 
   H169633.5  1 0.0038 0.0140 0.0067 0.0058 0.0056 0.0115 0.0108 0.0223 0.0044 0.0074 0.0094 0.0132 0.0083 0.0107 0.0070 0.0073 0.0199 0.8109 0.0136 0.0074 
   H169688.1  1 0.1810 0.1932 0.0867 0.0892 0.0090 0.0052 0.0065 0.0065 0.0289 0.1842 0.0109 0.0058 0.0275 0.0180 0.0107 0.0202 0.0077 0.0191 0.0054 0.0843 
   H169688.2  1 0.2518 0.0208 0.0128 0.1167 0.0083 0.0131 0.0056 0.0045 0.0631 0.3560 0.0121 0.0131 0.0194 0.0145 0.0061 0.0246 0.0073 0.0069 0.0079 0.0354 
   H169688.3  1 0.1076 0.0694 0.0103 0.0808 0.0058 0.0116 0.0087 0.0042 0.1215 0.4471 0.0050 0.0069 0.0118 0.0321 0.0068 0.0186 0.0108 0.0140 0.0068 0.0201 
   H169688.4  1 0.0181 0.0091 0.0065 0.0146 0.0058 0.0091 0.0074 0.0080 0.0976 0.5918 0.0069 0.0131 0.0100 0.1533 0.0051 0.0068 0.0068 0.0084 0.0066 0.0150 
   H169688.5  1 0.0210 0.0117 0.0072 0.0139 0.0062 0.0086 0.0092 0.0076 0.0983 0.5819 0.0059 0.0125 0.0080 0.1558 0.0054 0.0063 0.0065 0.0088 0.0056 0.0195 
   H169688.6  1 0.0688 0.0614 0.0255 0.1663 0.0064 0.0240 0.0051 0.0087 0.1010 0.3133 0.0076 0.0478 0.0099 0.0258 0.0059 0.0464 0.0092 0.0297 0.0039 0.0331 
   H169688.7  1 0.0180 0.0848 0.0058 0.0276 0.0057 0.0071 0.0088 0.0045 0.2155 0.4884 0.0056 0.0101 0.0142 0.0284 0.0084 0.0126 0.0073 0.0103 0.0167 0.0202 
   H171901.1  1 0.1226 0.1139 0.0216 0.0194 0.0135 0.0201 0.1379 0.1265 0.1305 0.0222 0.0092 0.0716 0.0204 0.0409 0.0130 0.0141 0.0180 0.0082 0.0535 0.0227 
   H171901.2  1 0.0064 0.0162 0.0215 0.0082 0.0088 0.0101 0.0123 0.0170 0.0147 0.0342 0.0102 0.0065 0.0056 0.0192 0.0050 0.0064 0.0060 0.7579 0.0277 0.0059 
   H171901.3  1 0.0266 0.0107 0.0055 0.0172 0.0064 0.0055 0.0094 0.0353 0.0294 0.0651 0.0092 0.0076 0.0069 0.0159 0.0071 0.0099 0.0140 0.6910 0.0147 0.0125 
   H171901.4  1 0.0123 0.0110 0.0126 0.0115 0.0123 0.0246 0.0063 0.0139 0.0376 0.0249 0.0098 0.0070 0.0061 0.0146 0.0145 0.0109 0.0092 0.7335 0.0185 0.0089 
   H171901.5  1 0.0179 0.0202 0.0097 0.1000 0.0376 0.0146 0.0087 0.0282 0.0282 0.0454 0.0073 0.0073 0.0081 0.0201 0.0233 0.0147 0.0147 0.5714 0.0173 0.0052 
   H171901.6  1 0.0251 0.1421 0.0122 0.0595 0.0414 0.0475 0.0085 0.0486 0.0250 0.0554 0.0096 0.0061 0.0132 0.0373 0.0218 0.0206 0.0151 0.3818 0.0239 0.0053 
   H171901.7  1 0.0149 0.0690 0.0088 0.0253 0.0064 0.0084 0.0074 0.0234 0.0448 0.0378 0.0257 0.0076 0.0137 0.0292 0.0052 0.0070 0.0155 0.6230 0.0190 0.0078 
   H171902.1  1 0.0101 0.0252 0.0120 0.5323 0.0179 0.0070 0.0061 0.0647 0.0132 0.0627 0.0167 0.1129 0.0097 0.0180 0.0439 0.0180 0.0037 0.0076 0.0062 0.0122 
  H171902.10  1 0.0055 0.0106 0.0107 0.8157 0.0090 0.0036 0.0074 0.0176 0.0076 0.0062 0.0067 0.0178 0.0047 0.0135 0.0067 0.0086 0.0041 0.0206 0.0140 0.0095 
   H171902.2  1 0.0503 0.0184 0.0099 0.3606 0.0197 0.0222 0.0084 0.0150 0.0131 0.1506 0.0651 0.0564 0.0172 0.0193 0.0209 0.0336 0.0083 0.0119 0.0104 0.0887 
   H171902.3  1 0.0138 0.0148 0.0160 0.6511 0.0156 0.0099 0.0090 0.0117 0.0187 0.0142 0.0128 0.0165 0.0123 0.0454 0.0160 0.0330 0.0058 0.0509 0.0192 0.0133 
   H171902.4  1 0.0083 0.0402 0.0098 0.4501 0.0094 0.0082 0.0211 0.0503 0.0035 0.0706 0.0160 0.0697 0.0119 0.0183 0.0052 0.0049 0.0056 0.1733 0.0123 0.0113 
   H171902.6  1 0.0049 0.0129 0.0163 0.7779 0.0085 0.0030 0.0119 0.0305 0.0061 0.0066 0.0060 0.0105 0.0102 0.0183 0.0088 0.0122 0.0045 0.0238 0.0207 0.0064 
   H171902.7  1 0.0108 0.0750 0.0185 0.5805 0.0525 0.0070 0.0191 0.0192 0.0060 0.0092 0.0067 0.0934 0.0052 0.0129 0.0085 0.0089 0.0057 0.0377 0.0187 0.0046 
   H171902.8  1 0.0080 0.0213 0.0117 0.7347 0.0130 0.0051 0.0073 0.0195 0.0079 0.0078 0.0073 0.0275 0.0075 0.0333 0.0109 0.0297 0.0055 0.0210 0.0126 0.0085 
   H171902.9  1 0.0104 0.0277 0.0161 0.3926 0.0360 0.0124 0.0151 0.0857 0.0097 0.0761 0.0141 0.0815 0.0155 0.1574 0.0119 0.0064 0.0046 0.0099 0.0097 0.0071 
   H171903.1  1 0.0102 0.0343 0.6534 0.0135 0.0254 0.0111 0.0106 0.0100 0.0750 0.0108 0.0184 0.0048 0.0065 0.0533 0.0162 0.0040 0.0123 0.0159 0.0095 0.0047 
   H171903.2  1 0.0101 0.0138 0.5643 0.0134 0.0423 0.0282 0.0099 0.0121 0.0778 0.0376 0.0435 0.0123 0.0081 0.0338 0.0221 0.0113 0.0324 0.0129 0.0076 0.0066 
   H171903.3  1 0.0203 0.0296 0.1977 0.0365 0.0561 0.0176 0.0122 0.0237 0.1182 0.0374 0.0262 0.0162 0.0245 0.0447 0.0792 0.0079 0.1111 0.0874 0.0471 0.0061 
   H171903.4  1 0.2516 0.2673 0.0550 0.0346 0.0577 0.0078 0.0232 0.0806 0.0337 0.0331 0.0064 0.0082 0.0146 0.0447 0.0061 0.0065 0.0132 0.0104 0.0294 0.0158 
   H171903.5  1 0.0205 0.0254 0.0749 0.0202 0.0312 0.0223 0.0078 0.0119 0.1309 0.1150 0.0293 0.0109 0.0136 0.0739 0.0758 0.0317 0.2226 0.0577 0.0149 0.0096 
   H171903.6  1 0.0210 0.0359 0.1278 0.0544 0.1337 0.0089 0.0055 0.0298 0.1426 0.1312 0.0132 0.0043 0.0126 0.0560 0.0078 0.0130 0.0875 0.0955 0.0073 0.0120 
      H177.1  1 0.2773 0.0289 0.0290 0.0962 0.0387 0.0050 0.0061 0.0219 0.0171 0.0239 0.0065 0.0126 0.0148 0.0345 0.0071 0.0188 0.0125 0.3302 0.0148 0.0043 
      H177.2  1 0.0166 0.0357 0.0244 0.0458 0.3057 0.0072 0.0183 0.0374 0.0575 0.0321 0.0532 0.0141 0.0126 0.0117 0.0148 0.1132 0.0393 0.1102 0.0338 0.0163 
      H177.3  1 0.0155 0.0302 0.0145 0.1002 0.0931 0.0058 0.0057 0.1601 0.0251 0.0198 0.0095 0.0160 0.0268 0.0148 0.0110 0.0609 0.0167 0.3407 0.0289 0.0048 
      H177.4  1 0.2494 0.0558 0.0212 0.0564 0.0476 0.0191 0.0054 0.0169 0.0128 0.0133 0.0084 0.0111 0.0127 0.0054 0.0082 0.0770 0.0175 0.3436 0.0138 0.0045 
      H177.5  1 0.5620 0.0239 0.0204 0.0297 0.0709 0.0291 0.0063 0.0155 0.0231 0.0486 0.0214 0.0074 0.0187 0.0157 0.0045 0.0098 0.0387 0.0284 0.0162 0.0098 
      H177.6  1 0.0100 0.0264 0.0117 0.0698 0.0336 0.0060 0.0083 0.1567 0.0178 0.0383 0.0119 0.0201 0.0299 0.0158 0.0095 0.0506 0.0153 0.4388 0.0255 0.0040 
      H179.1  1 0.0276 0.0060 0.0055 0.0214 0.0110 0.0136 0.0151 0.0202 0.0089 0.0228 0.0092 0.0045 0.0374 0.0108 0.0321 0.7228 0.0093 0.0085 0.0077 0.0057 
      H179.2  1 0.0294 0.0055 0.0086 0.0251 0.0261 0.0128 0.0196 0.0077 0.0409 0.0123 0.0154 0.0049 0.0374 0.0188 0.1062 0.5716 0.0156 0.0171 0.0191 0.0059 
      H179.3  1 0.1132 0.0065 0.0176 0.0205 0.0131 0.0145 0.0181 0.0185 0.1109 0.1671 0.0247 0.0069 0.0220 0.0272 0.0327 0.3073 0.0525 0.0074 0.0058 0.0135 
      H179.4  1 0.0266 0.0293 0.0160 0.0269 0.0258 0.0181 0.0112 0.0107 0.1393 0.0450 0.0216 0.0051 0.0524 0.0057 0.0389 0.2702 0.0121 0.2066 0.0091 0.0293 
      H180.1  1 0.0181 0.0041 0.0104 0.0249 0.0199 0.0517 0.0098 0.0075 0.2803 0.0264 0.0058 0.0205 0.0152 0.2309 0.0695 0.0415 0.0350 0.0085 0.0932 0.0268 
      H180.2  1 0.0254 0.0056 0.0109 0.0262 0.0343 0.1272 0.0070 0.0275 0.2077 0.0269 0.0066 0.0149 0.0213 0.3132 0.0186 0.0184 0.0130 0.0093 0.0397 0.0463 
      H180.3  1 0.0065 0.0070 0.0140 0.0059 0.0189 0.0234 0.0067 0.0065 0.1389 0.0091 0.0303 0.0122 0.0610 0.5188 0.0988 0.0059 0.0153 0.0084 0.0058 0.0066 
      H180.4  1 0.0181 0.0070 0.0090 0.0486 0.0125 0.2755 0.0099 0.0072 0.1663 0.0362 0.0181 0.0216 0.0133 0.0678 0.0078 0.0416 0.0169 0.0152 0.1877 0.0198 
      H180.5  1 0.0302 0.0072 0.0173 0.0385 0.0254 0.0269 0.0110 0.0076 0.1869 0.0502 0.0396 0.0473 0.0071 0.1257 0.0072 0.0258 0.0116 0.0118 0.2908 0.0319 
      H180.6  1 0.0085 0.0166 0.0132 0.0120 0.0109 0.0314 0.0129 0.0141 0.0717 0.0286 0.4904 0.0582 0.0103 0.0589 0.0107 0.0111 0.0081 0.0200 0.0868 0.0256 
      H181.1  1 0.0080 0.0180 0.0510 0.0322 0.0218 0.0128 0.0062 0.0102 0.0056 0.0162 0.0073 0.0186 0.0111 0.0141 0.0138 0.2343 0.1373 0.1742 0.0387 0.1686 
      H181.2  1 0.0146 0.0311 0.0200 0.0826 0.0129 0.0123 0.0121 0.0079 0.0091 0.0159 0.0070 0.0146 0.0080 0.0205 0.0173 0.4667 0.0196 0.0491 0.1091 0.0696 
      H181.3  1 0.0146 0.0183 0.0269 0.0600 0.0336 0.0091 0.0126 0.0120 0.0070 0.0352 0.0113 0.0128 0.0069 0.0065 0.0053 0.4489 0.0116 0.0533 0.0371 0.1769 
      H181.4  1 0.0206 0.0259 0.0352 0.0488 0.0959 0.0086 0.0195 0.0132 0.0203 0.0160 0.0182 0.0038 0.0279 0.0901 0.0153 0.0661 0.2229 0.1388 0.0449 0.0680 
      H181.5  1 0.0100 0.0066 0.0056 0.0051 0.0054 0.0072 0.0102 0.0065 0.0042 0.0068 0.0070 0.0096 0.0246 0.0051 0.0088 0.8131 0.0089 0.0093 0.0187 0.0275 
      H181.6  1 0.0112 0.0108 0.0161 0.0136 0.0098 0.0299 0.0119 0.0103 0.0127 0.0090 0.0070 0.0050 0.0088 0.0396 0.0347 0.6929 0.0129 0.0117 0.0441 0.0079 
      H181.7  1 0.0058 0.0127 0.0091 0.0089 0.0051 0.0123 0.0082 0.0080 0.0084 0.0080 0.0136 0.0077 0.0047 0.0141 0.0079 0.8176 0.0116 0.0202 0.0081 0.0080 
 H194.1_2004  1 0.0090 0.7632 0.0178 0.0187 0.0060 0.0077 0.0064 0.0107 0.0152 0.0200 0.0091 0.0058 0.0086 0.0292 0.0078 0.0041 0.0079 0.0160 0.0314 0.0052 
 H194.2_2004  1 0.0365 0.8217 0.0157 0.0113 0.0046 0.0040 0.0129 0.0068 0.0044 0.0071 0.0061 0.0079 0.0067 0.0067 0.0032 0.0033 0.0104 0.0054 0.0210 0.0042 
 H194.3_2004  1 0.0107 0.7736 0.0084 0.0103 0.0050 0.0073 0.0054 0.0088 0.0058 0.0081 0.0076 0.0062 0.0722 0.0065 0.0050 0.0109 0.0059 0.0313 0.0077 0.0034 
 H194.4_2004  1 0.0309 0.8463 0.0173 0.0068 0.0040 0.0034 0.0057 0.0077 0.0056 0.0062 0.0060 0.0068 0.0071 0.0064 0.0048 0.0047 0.0044 0.0161 0.0059 0.0040 
 H194.5_2004  1 0.0106 0.7904 0.0068 0.0089 0.0071 0.0099 0.0069 0.0059 0.0097 0.0080 0.0133 0.0047 0.0271 0.0105 0.0095 0.0093 0.0073 0.0407 0.0086 0.0050 
 H194.6_2004  1 0.1384 0.2549 0.0138 0.0189 0.0115 0.0068 0.0075 0.0122 0.0105 0.0105 0.0124 0.0073 0.2148 0.0208 0.0091 0.0076 0.0099 0.2113 0.0129 0.0090 
 H194.7_2004  1 0.0104 0.7401 0.0770 0.0047 0.0086 0.0073 0.0111 0.0052 0.0092 0.0107 0.0486 0.0053 0.0087 0.0100 0.0047 0.0039 0.0123 0.0085 0.0061 0.0076 
 H194.8_2004  1 0.0692 0.7392 0.0114 0.0101 0.0108 0.0063 0.0068 0.0079 0.0109 0.0058 0.0134 0.0077 0.0199 0.0107 0.0049 0.0070 0.0091 0.0292 0.0114 0.0081 
      H194.9  1 0.0118 0.8101 0.0194 0.0061 0.0079 0.0057 0.0075 0.0068 0.0080 0.0060 0.0276 0.0080 0.0086 0.0221 0.0055 0.0034 0.0083 0.0105 0.0077 0.0089 
 H195.1_2003  1 0.0093 0.8528 0.0054 0.0047 0.0073 0.0303 0.0047 0.0070 0.0113 0.0068 0.0042 0.0035 0.0078 0.0050 0.0059 0.0056 0.0045 0.0080 0.0091 0.0069 
 H195.1_2004  1 0.0043 0.8295 0.0063 0.0092 0.0065 0.0062 0.0080 0.0075 0.0056 0.0074 0.0036 0.0096 0.0047 0.0056 0.0035 0.0068 0.0074 0.0134 0.0290 0.0260 
 H195.2_2003  1 0.0059 0.8000 0.0145 0.0089 0.0118 0.0106 0.0047 0.0075 0.0073 0.0664 0.0088 0.0046 0.0052 0.0099 0.0073 0.0052 0.0032 0.0063 0.0074 0.0045 
 H195.2_2004  1 0.0048 0.9027 0.0050 0.0035 0.0059 0.0055 0.0045 0.0037 0.0056 0.0070 0.0042 0.0065 0.0048 0.0040 0.0031 0.0044 0.0046 0.0065 0.0068 0.0070 
 H195.3_2003  1 0.0141 0.7782 0.0173 0.0111 0.0169 0.0219 0.0065 0.0074 0.0085 0.0458 0.0071 0.0051 0.0068 0.0227 0.0053 0.0050 0.0053 0.0039 0.0052 0.0059 
 H195.3_2004  1 0.0033 0.8985 0.0076 0.0068 0.0043 0.0048 0.0045 0.0041 0.0034 0.0067 0.0030 0.0059 0.0042 0.0035 0.0032 0.0043 0.0046 0.0142 0.0064 0.0067 
 H195.4_2003  1 0.0050 0.8909 0.0062 0.0046 0.0061 0.0101 0.0049 0.0049 0.0055 0.0068 0.0041 0.0030 0.0051 0.0039 0.0056 0.0053 0.0048 0.0078 0.0112 0.0043 
 H195.4_2004  1 0.0075 0.8767 0.0093 0.0056 0.0044 0.0046 0.0040 0.0061 0.0036 0.0128 0.0070 0.0038 0.0050 0.0038 0.0033 0.0038 0.0057 0.0073 0.0049 0.0207 
 H195.5_2003  1 0.0125 0.7236 0.0066 0.0105 0.0065 0.1032 0.0054 0.0092 0.0096 0.0131 0.0042 0.0040 0.0064 0.0082 0.0064 0.0073 0.0063 0.0147 0.0242 0.0182 
 H195.5_2004  1 0.0037 0.8705 0.0083 0.0083 0.0047 0.0108 0.0075 0.0053 0.0037 0.0067 0.0038 0.0074 0.0058 0.0041 0.0030 0.0064 0.0055 0.0087 0.0092 0.0167 
 H195.6_2003  1 0.0045 0.8562 0.0188 0.0063 0.0126 0.0163 0.0043 0.0049 0.0059 0.0217 0.0053 0.0047 0.0040 0.0078 0.0052 0.0032 0.0032 0.0037 0.0055 0.0057 
 H195.6_2004  1 0.0046 0.9079 0.0077 0.0044 0.0047 0.0065 0.0034 0.0040 0.0038 0.0032 0.0044 0.0055 0.0055 0.0031 0.0038 0.0066 0.0038 0.0068 0.0052 0.0048 
 H195.7_2003  1 0.0169 0.8734 0.0059 0.0066 0.0063 0.0099 0.0050 0.0048 0.0063 0.0121 0.0062 0.0032 0.0055 0.0039 0.0060 0.0060 0.0040 0.0057 0.0072 0.0052 
 H195.7_2004  1 0.0046 0.8277 0.0052 0.0081 0.0059 0.0084 0.0067 0.0066 0.0051 0.0118 0.0043 0.0418 0.0056 0.0067 0.0031 0.0070 0.0065 0.0055 0.0106 0.0189 
      H195.8  1 0.0045 0.8340 0.0079 0.0065 0.0051 0.0067 0.0060 0.0069 0.0050 0.0092 0.0059 0.0053 0.0050 0.0063 0.0029 0.0046 0.0068 0.0047 0.0126 0.0541 
      H195.9  1 0.0072 0.8736 0.0159 0.0074 0.0064 0.0062 0.0047 0.0054 0.0051 0.0076 0.0072 0.0035 0.0066 0.0043 0.0032 0.0047 0.0057 0.0108 0.0063 0.0084 
      H415.1  1 0.0109 0.0755 0.0065 0.0154 0.0065 0.0126 0.0552 0.0103 0.0095 0.0126 0.0289 0.0693 0.0151 0.1770 0.3774 0.0079 0.0104 0.0719 0.0189 0.0079 
      H415.2  1 0.0121 0.0244 0.0076 0.3005 0.0140 0.0062 0.0171 0.1772 0.0116 0.0500 0.0078 0.0247 0.0710 0.0699 0.1376 0.0115 0.0147 0.0302 0.0081 0.0037 
      H415.3  1 0.0092 0.0157 0.0032 0.0367 0.0213 0.0094 0.0249 0.0097 0.0176 0.0095 0.0069 0.0075 0.0081 0.0109 0.6837 0.0161 0.0136 0.0718 0.0206 0.0034 
      H415.4  1 0.0079 0.0290 0.0049 0.0090 0.0102 0.0106 0.0376 0.0094 0.0076 0.0049 0.0228 0.0244 0.0180 0.1017 0.6052 0.0057 0.0125 0.0174 0.0537 0.0077 
      H415.5  1 0.0114 0.0171 0.0035 0.0394 0.0101 0.0072 0.0116 0.0090 0.0192 0.0055 0.0058 0.0106 0.0108 0.0113 0.6835 0.0138 0.0105 0.0718 0.0428 0.0051 
      H415.6  1 0.0094 0.0234 0.0045 0.0095 0.0078 0.0099 0.0256 0.0152 0.0080 0.0058 0.0163 0.0213 0.0151 0.1130 0.6177 0.0048 0.0119 0.0186 0.0547 0.0077 
      H415.7  1 0.0133 0.0498 0.0046 0.1110 0.0740 0.0096 0.0104 0.0252 0.0225 0.0398 0.0070 0.0137 0.0138 0.0138 0.4662 0.0133 0.0101 0.0853 0.0122 0.0044 
      H506.1  1 0.0058 0.0043 0.0033 0.0046 0.0075 0.0088 0.0094 0.0043 0.0043 0.0054 0.0060 0.0049 0.0117 0.0029 0.0144 0.8705 0.0046 0.0168 0.0034 0.0070 
      H506.2  1 0.0040 0.0046 0.0039 0.0050 0.0063 0.0042 0.0048 0.0051 0.0040 0.0038 0.0039 0.0049 0.0091 0.0033 0.0072 0.8975 0.0045 0.0172 0.0039 0.0029 
      H506.3  1 0.0131 0.0069 0.0062 0.0308 0.0136 0.0170 0.0080 0.0052 0.0120 0.0184 0.0097 0.0425 0.0257 0.0065 0.0249 0.7147 0.0111 0.0126 0.0059 0.0153 
      H506.4  1 0.0112 0.0061 0.0073 0.0144 0.0182 0.0159 0.0095 0.0059 0.0081 0.0102 0.0087 0.0132 0.0250 0.0076 0.0246 0.7788 0.0109 0.0121 0.0051 0.0071 
      H506.5  1 0.0056 0.0062 0.0050 0.0054 0.0095 0.0069 0.0056 0.0053 0.0042 0.0060 0.0045 0.0066 0.0071 0.0036 0.0147 0.8711 0.0042 0.0201 0.0034 0.0050 
      H506.6  1 0.0205 0.0104 0.0183 0.0178 0.0302 0.0104 0.0093 0.0374 0.0106 0.1046 0.0083 0.0141 0.0070 0.0051 0.0101 0.6419 0.0165 0.0090 0.0045 0.0137 
      H506.7  1 0.0052 0.0075 0.0047 0.0056 0.0066 0.0068 0.0056 0.0057 0.0037 0.0057 0.0054 0.0062 0.0072 0.0030 0.0120 0.8816 0.0043 0.0159 0.0033 0.0042 
      H533.1  1 0.0038 0.0040 0.0033 0.0038 0.0041 0.0054 0.0042 0.0045 0.0076 0.0035 0.0046 0.0063 0.0067 0.0031 0.0058 0.8947 0.0074 0.0186 0.0033 0.0054 
      H533.2  1 0.0038 0.0038 0.0031 0.0044 0.0051 0.0054 0.0058 0.0048 0.0091 0.0040 0.0043 0.0077 0.0066 0.0030 0.0076 0.8787 0.0052 0.0286 0.0038 0.0051 
      H533.3  1 0.0048 0.0046 0.0077 0.0085 0.0091 0.0044 0.0060 0.0175 0.0187 0.0075 0.0075 0.0058 0.0072 0.0061 0.0093 0.8088 0.0290 0.0283 0.0043 0.0052 
      H533.4  1 0.0082 0.0191 0.0108 0.0207 0.0093 0.0075 0.0115 0.0321 0.1052 0.0086 0.0069 0.0125 0.0050 0.0087 0.0133 0.5315 0.0173 0.1497 0.0059 0.0163 
      H535.1  1 0.0207 0.0101 0.0218 0.0303 0.0362 0.0088 0.0070 0.0228 0.0115 0.0131 0.0104 0.0058 0.1036 0.0223 0.0276 0.0141 0.0101 0.5985 0.0205 0.0047 
      H535.2  1 0.0324 0.0333 0.0246 0.0121 0.0287 0.0202 0.0065 0.0051 0.0066 0.0133 0.0380 0.0036 0.0157 0.0051 0.0080 0.0659 0.0170 0.5943 0.0150 0.0548 
      H535.3  1 0.0303 0.0319 0.0230 0.0149 0.0242 0.0659 0.0061 0.0237 0.0073 0.0114 0.0352 0.0066 0.0153 0.0086 0.0082 0.0730 0.0112 0.4936 0.0158 0.0938 
      H535.4  1 0.0039 0.0093 0.0055 0.0049 0.0046 0.0152 0.0053 0.0036 0.0056 0.0041 0.0039 0.0032 0.0059 0.0048 0.0111 0.0042 0.0051 0.8808 0.0096 0.0091 
      H535.5  1 0.0162 0.0088 0.0094 0.0117 0.0086 0.0115 0.0056 0.0051 0.0199 0.0065 0.0052 0.0037 0.0152 0.0064 0.0068 0.0053 0.0095 0.8336 0.0047 0.0062 
      H535.6  1 0.1440 0.0420 0.0515 0.0691 0.0337 0.0057 0.0092 0.0237 0.0085 0.0120 0.0153 0.0052 0.0977 0.0267 0.0108 0.0237 0.0154 0.3396 0.0451 0.0210 
      H535.7  1 0.0158 0.0063 0.0089 0.0077 0.0044 0.0193 0.0038 0.0072 0.0108 0.0076 0.0073 0.0069 0.0180 0.0062 0.0058 0.0065 0.0092 0.8397 0.0038 0.0049 
      H535.8  1 0.1298 0.0267 0.0097 0.0123 0.0109 0.0292 0.0071 0.0083 0.0096 0.0079 0.0120 0.0056 0.0173 0.0081 0.0100 0.0097 0.0082 0.6465 0.0043 0.0269 
      H535.9  1 0.0083 0.0153 0.0290 0.0120 0.0223 0.0327 0.0057 0.0460 0.0071 0.0082 0.0089 0.0079 0.0157 0.0300 0.0073 0.0134 0.0083 0.6873 0.0252 0.0094 
      H539.1  1 0.0032 0.0033 0.0090 0.0035 0.0052 0.0035 0.0033 0.0107 0.0033 0.0051 0.0038 0.0062 0.0042 0.9154 0.0038 0.0029 0.0034 0.0032 0.0037 0.0032 
      H539.2  1 0.0136 0.0078 0.0172 0.0317 0.0087 0.0092 0.0075 0.0060 0.0536 0.0315 0.0142 0.0106 0.0059 0.7067 0.0097 0.0075 0.0155 0.0100 0.0070 0.0262 
      H539.3  1 0.0151 0.0157 0.0299 0.0072 0.0062 0.0065 0.0058 0.0064 0.0083 0.0111 0.0073 0.0086 0.0091 0.8336 0.0033 0.0031 0.0065 0.0059 0.0041 0.0063 
      H539.4  1 0.0064 0.0034 0.0060 0.0097 0.0078 0.0073 0.0045 0.0089 0.0090 0.0312 0.0061 0.0172 0.0050 0.8410 0.0072 0.0057 0.0105 0.0042 0.0039 0.0052 
      H539.5  1 0.0039 0.0029 0.0080 0.0040 0.0045 0.0028 0.0049 0.0062 0.0041 0.0038 0.0081 0.0049 0.0044 0.9181 0.0035 0.0029 0.0032 0.0032 0.0035 0.0031 
      H539.6  1 0.0043 0.0047 0.0063 0.0039 0.0046 0.0031 0.0061 0.0076 0.0051 0.0039 0.0056 0.0039 0.0039 0.9137 0.0044 0.0032 0.0041 0.0029 0.0052 0.0034 
      H539.7  1 0.0040 0.0049 0.0046 0.0047 0.0046 0.0032 0.0044 0.0055 0.0044 0.0056 0.0039 0.0037 0.0045 0.9195 0.0037 0.0031 0.0045 0.0041 0.0037 0.0035 
      H539.8  1 0.0181 0.0093 0.0094 0.0053 0.0061 0.0132 0.0059 0.0070 0.0062 0.0205 0.0053 0.0145 0.0179 0.8173 0.0045 0.0048 0.0092 0.0094 0.0049 0.0114 
      H539.9  1 0.0041 0.0036 0.0072 0.0058 0.0072 0.0059 0.0043 0.0054 0.0071 0.0145 0.0083 0.0102 0.0041 0.8895 0.0048 0.0043 0.0047 0.0027 0.0027 0.0036 
      H540.1  1 0.0066 0.0103 0.0102 0.0228 0.0182 0.0039 0.0049 0.0131 0.0108 0.0108 0.0067 0.0107 0.0051 0.8170 0.0055 0.0089 0.0164 0.0058 0.0060 0.0061 
      H540.2  1 0.0048 0.0055 0.0069 0.0046 0.0083 0.0034 0.0068 0.0116 0.0053 0.0054 0.0038 0.0031 0.0074 0.8945 0.0050 0.0058 0.0066 0.0039 0.0052 0.0020 
      H540.3  1 0.0195 0.0130 0.0049 0.0350 0.0248 0.0074 0.0122 0.0796 0.0073 0.0259 0.0044 0.2146 0.0966 0.3562 0.0148 0.0082 0.0310 0.0112 0.0196 0.0139 
      H540.4  1 0.0076 0.0055 0.0053 0.0103 0.0065 0.0044 0.0068 0.0089 0.0057 0.0053 0.0042 0.0037 0.0066 0.8779 0.0056 0.0087 0.0095 0.0044 0.0084 0.0047 
      H540.5  1 0.0123 0.0060 0.0065 0.0109 0.0124 0.0043 0.0074 0.0107 0.0081 0.0176 0.0066 0.0185 0.0106 0.8173 0.0077 0.0131 0.0086 0.0067 0.0066 0.0081 
      H540.6  1 0.0130 0.0080 0.0171 0.0211 0.0275 0.0045 0.0171 0.0142 0.0119 0.0120 0.0117 0.0123 0.0107 0.7361 0.0089 0.0173 0.0156 0.0093 0.0140 0.0176 
      H540.7  1 0.0043 0.0050 0.0060 0.0067 0.0101 0.0051 0.0080 0.0089 0.0055 0.0067 0.0065 0.0047 0.0057 0.8726 0.0059 0.0089 0.0090 0.0077 0.0071 0.0056 
      H540.8  1 0.0055 0.0083 0.0086 0.0114 0.0092 0.0056 0.0039 0.0142 0.0068 0.0043 0.0051 0.0055 0.0098 0.8587 0.0046 0.0059 0.0131 0.0100 0.0067 0.0028 
     H9558.1  1 0.0053 0.0051 0.0100 0.0119 0.0064 0.0077 0.0044 0.0207 0.0111 0.0080 0.0038 0.0082 0.0082 0.8588 0.0066 0.0079 0.0037 0.0042 0.0044 0.0036 
     H9558.2  1 0.0113 0.0063 0.0154 0.0124 0.0115 0.0164 0.0086 0.0353 0.0073 0.0166 0.0142 0.0122 0.0061 0.7708 0.0145 0.0186 0.0054 0.0055 0.0044 0.0074 
     H9558.3  1 0.0068 0.0060 0.0115 0.0067 0.0102 0.0146 0.0138 0.0059 0.0056 0.0077 0.0116 0.0088 0.0090 0.8376 0.0144 0.0073 0.0065 0.0049 0.0050 0.0060 
     H9558.4  1 0.0058 0.0038 0.0085 0.0110 0.0063 0.0083 0.0032 0.0197 0.0097 0.0099 0.0050 0.0092 0.0054 0.8609 0.0084 0.0073 0.0045 0.0048 0.0041 0.0042 
     H9558.5  1 0.0070 0.0031 0.0035 0.0081 0.0050 0.0108 0.0049 0.0060 0.0076 0.0257 0.0037 0.0240 0.0050 0.8488 0.0085 0.0045 0.0098 0.0053 0.0034 0.0054 
     H9558.6  1 0.0091 0.0051 0.0102 0.0099 0.0096 0.0093 0.0098 0.0184 0.0056 0.0067 0.0584 0.0082 0.0112 0.7520 0.0094 0.0057 0.0467 0.0053 0.0060 0.0033 
    kos339.1  1 0.0098 0.0043 0.0058 0.0126 0.0216 0.0042 0.0113 0.0132 0.0083 0.0145 0.0182 0.0053 0.0051 0.0055 0.0159 0.0128 0.0096 0.8124 0.0049 0.0046 
    kos339.2  1 0.0054 0.0079 0.0042 0.0036 0.0057 0.0094 0.0248 0.0044 0.0053 0.0088 0.0129 0.0071 0.0088 0.0054 0.0106 0.0110 0.0074 0.8433 0.0064 0.0075 
    kos339.3  1 0.0037 0.0063 0.0035 0.0046 0.0040 0.0035 0.0046 0.0035 0.0070 0.0033 0.0045 0.0040 0.0039 0.0042 0.0053 0.0046 0.0056 0.9162 0.0043 0.0030 
    kos339.4  1 0.0056 0.0067 0.0038 0.0045 0.0055 0.0045 0.0059 0.0037 0.0064 0.0052 0.0051 0.0045 0.0042 0.0051 0.0081 0.0038 0.0046 0.9036 0.0048 0.0044 
    kos339.5  1 0.0070 0.0054 0.0042 0.0128 0.0119 0.0060 0.0097 0.0076 0.0114 0.0068 0.0102 0.0029 0.0060 0.0054 0.0082 0.0071 0.0063 0.8588 0.0065 0.0059 
    kos339.6  1 0.0044 0.0086 0.0054 0.0047 0.0055 0.0041 0.0093 0.0042 0.0042 0.0046 0.0048 0.0074 0.0049 0.0044 0.0078 0.0050 0.0103 0.8896 0.0071 0.0039 
    kos339.7  1 0.0043 0.0062 0.0037 0.0048 0.0041 0.0028 0.0035 0.0035 0.0054 0.0039 0.0045 0.0033 0.0033 0.0042 0.0055 0.0053 0.0040 0.9213 0.0033 0.0031 
    kos339.8  1 0.0074 0.0061 0.0026 0.0052 0.0082 0.0085 0.0075 0.0035 0.0086 0.0063 0.0064 0.0068 0.0052 0.0034 0.0235 0.0082 0.0104 0.8604 0.0054 0.0065 
    kos339.9  1 0.0045 0.0093 0.0062 0.0122 0.0124 0.0089 0.0158 0.0055 0.0114 0.0055 0.0115 0.0053 0.0075 0.0188 0.0066 0.0059 0.0064 0.8319 0.0081 0.0064 
      H008.1  2 0.0076 0.0055 0.0060 0.0145 0.0060 0.0203 0.0222 0.0099 0.0123 0.0221 0.7291 0.0055 0.0082 0.0715 0.0067 0.0095 0.0123 0.0088 0.0088 0.0132 
      H008.2  2 0.0171 0.0068 0.0373 0.0419 0.0074 0.3317 0.0153 0.0427 0.0174 0.0378 0.0674 0.0523 0.0098 0.1635 0.0108 0.0484 0.0275 0.0215 0.0051 0.0384 
      H008.3  2 0.0586 0.0190 0.0655 0.0485 0.0129 0.1472 0.0358 0.0262 0.1063 0.0179 0.0572 0.0377 0.0526 0.0879 0.0089 0.0697 0.0288 0.0210 0.0112 0.0871 
      H008.4  2 0.0314 0.0173 0.0161 0.0133 0.0108 0.0258 0.0720 0.0191 0.0104 0.0296 0.5604 0.0347 0.0196 0.0646 0.0213 0.0109 0.0144 0.0084 0.0086 0.0112 
      H008.5  2 0.0351 0.0073 0.0178 0.0122 0.0092 0.0335 0.0345 0.0103 0.0158 0.0146 0.6785 0.0141 0.0259 0.0298 0.0069 0.0111 0.0122 0.0120 0.0062 0.0130 
      H008.6  2 0.0223 0.0116 0.0294 0.0425 0.0113 0.3055 0.0293 0.0696 0.0155 0.0257 0.1641 0.0814 0.0219 0.0804 0.0183 0.0237 0.0209 0.0121 0.0059 0.0087 
      H008.7  2 0.0495 0.0091 0.0160 0.0392 0.0123 0.1400 0.0262 0.0451 0.0130 0.0385 0.2920 0.0790 0.0200 0.0711 0.0165 0.0195 0.0099 0.0254 0.0180 0.0598 
      H008.8  2 0.0076 0.0108 0.0145 0.0119 0.0130 0.0168 0.0177 0.0944 0.0317 0.2161 0.1133 0.0099 0.0132 0.2922 0.0085 0.0738 0.0084 0.0180 0.0089 0.0193 
      H008.9  2 0.0185 0.0309 0.0263 0.0252 0.0106 0.1934 0.0161 0.2926 0.0197 0.0239 0.0184 0.1566 0.0339 0.0325 0.0115 0.0398 0.0166 0.0113 0.0088 0.0133 
 H029.1_2002  2 0.0647 0.0073 0.0072 0.0100 0.0197 0.0066 0.0259 0.0364 0.0078 0.0202 0.6350 0.0236 0.0109 0.0269 0.0572 0.0103 0.0084 0.0056 0.0060 0.0103 
 H029.1_2003  2 0.3441 0.0084 0.0089 0.0100 0.0164 0.0106 0.0144 0.0233 0.0101 0.1897 0.0572 0.0135 0.1976 0.0090 0.0223 0.0267 0.0179 0.0081 0.0063 0.0056 
 H029.2_2002  2 0.0531 0.0357 0.0129 0.0169 0.0191 0.0096 0.0046 0.0049 0.0056 0.0192 0.5810 0.0290 0.0677 0.0081 0.0092 0.0228 0.0060 0.0681 0.0055 0.0211 
 H029.2_2003  2 0.2713 0.0162 0.0133 0.0882 0.0449 0.0214 0.0048 0.0089 0.0076 0.1858 0.1156 0.0171 0.0780 0.0078 0.0054 0.0287 0.0240 0.0470 0.0056 0.0084 
 H029.3_2002  2 0.0663 0.0331 0.0112 0.0145 0.0200 0.0086 0.0071 0.0071 0.0140 0.0738 0.2554 0.1596 0.0702 0.0074 0.0105 0.1155 0.0211 0.0711 0.0049 0.0286 
 H029.3_2003  2 0.2519 0.0084 0.0050 0.0161 0.0076 0.0215 0.0143 0.0043 0.0113 0.0265 0.5369 0.0074 0.0260 0.0065 0.0053 0.0173 0.0140 0.0076 0.0061 0.0059 
 H029.4_2002  2 0.0321 0.0141 0.0041 0.0078 0.0041 0.0056 0.0178 0.0041 0.0079 0.0169 0.8013 0.0214 0.0082 0.0048 0.0071 0.0100 0.0083 0.0041 0.0048 0.0155 
 H029.4_2003  2 0.2778 0.0084 0.0099 0.0139 0.0103 0.0124 0.0189 0.0141 0.0219 0.3731 0.1231 0.0166 0.0150 0.0202 0.0173 0.0147 0.0134 0.0057 0.0042 0.0090 
 H029.5_2002  2 0.0441 0.0106 0.0040 0.0082 0.0099 0.0113 0.0225 0.0079 0.0055 0.0086 0.7775 0.0064 0.0253 0.0068 0.0126 0.0074 0.0078 0.0045 0.0085 0.0109 
 H029.5_2003  2 0.2499 0.0067 0.0044 0.0232 0.0072 0.0240 0.0097 0.0090 0.0125 0.1959 0.3438 0.0120 0.0467 0.0077 0.0132 0.0112 0.0077 0.0059 0.0044 0.0049 
 H029.6_2002  2 0.3121 0.0199 0.0060 0.0079 0.0055 0.0043 0.0097 0.0054 0.0121 0.0240 0.4741 0.0312 0.0213 0.0040 0.0082 0.0174 0.0087 0.0054 0.0074 0.0156 
 H029.6_2003  2 0.0346 0.0252 0.0067 0.0507 0.0234 0.0256 0.0150 0.0110 0.0200 0.0621 0.4558 0.0074 0.0956 0.0214 0.0048 0.0597 0.0226 0.0395 0.0097 0.0093 
      H029.7  2 0.0229 0.0562 0.0129 0.0143 0.0112 0.0076 0.0052 0.0053 0.0054 0.0327 0.7073 0.0249 0.0193 0.0069 0.0067 0.0114 0.0046 0.0262 0.0040 0.0151 
      H030.1  2 0.1688 0.0126 0.0081 0.0167 0.0807 0.0666 0.0188 0.0098 0.0177 0.0132 0.0322 0.0052 0.0070 0.0062 0.0080 0.0128 0.4541 0.0094 0.0392 0.0128 
      H030.2  2 0.0266 0.0109 0.0054 0.0080 0.0121 0.0249 0.0517 0.0072 0.0149 0.0110 0.0847 0.0686 0.0044 0.0231 0.1214 0.0089 0.3270 0.0058 0.0452 0.1382 
      H038.1  2 0.0064 0.0065 0.0077 0.0057 0.0053 0.0042 0.0069 0.0102 0.0053 0.0102 0.8641 0.0229 0.0073 0.0057 0.0065 0.0065 0.0055 0.0059 0.0032 0.0039 
      H038.2  2 0.0072 0.0046 0.0032 0.0055 0.0114 0.0066 0.0084 0.0033 0.0058 0.0049 0.8627 0.0057 0.0068 0.0043 0.0109 0.0040 0.0064 0.0146 0.0178 0.0059 
      H038.3  2 0.0049 0.0086 0.0044 0.0066 0.0435 0.0107 0.0194 0.0068 0.0099 0.0115 0.7502 0.0331 0.0059 0.0098 0.0276 0.0052 0.0113 0.0120 0.0105 0.0081 
      H038.4  2 0.0043 0.0095 0.0038 0.0062 0.0217 0.0079 0.0272 0.0049 0.0072 0.0077 0.7949 0.0250 0.0089 0.0073 0.0125 0.0061 0.0064 0.0084 0.0214 0.0087 
      H038.5  2 0.0077 0.0087 0.0036 0.0088 0.0077 0.0070 0.0073 0.0056 0.0150 0.0266 0.7993 0.0213 0.0082 0.0105 0.0054 0.0127 0.0179 0.0075 0.0087 0.0105 
      H038.6  2 0.0101 0.0045 0.0051 0.0065 0.0073 0.0057 0.0031 0.0057 0.0115 0.0119 0.8657 0.0089 0.0062 0.0111 0.0085 0.0061 0.0087 0.0061 0.0034 0.0038 
      H038.7  2 0.0048 0.0043 0.0032 0.0060 0.0343 0.0080 0.0059 0.0047 0.0074 0.0133 0.8250 0.0094 0.0051 0.0095 0.0239 0.0055 0.0094 0.0112 0.0055 0.0036 
      H038.8  2 0.0048 0.0067 0.0041 0.0048 0.0166 0.0064 0.0201 0.0049 0.0114 0.0103 0.7647 0.0633 0.0063 0.0067 0.0114 0.0041 0.0068 0.0173 0.0202 0.0094 
      H041.1  2 0.1156 0.0516 0.0264 0.0128 0.0222 0.0634 0.2473 0.0123 0.0098 0.0566 0.1482 0.0264 0.0085 0.0073 0.0082 0.0063 0.0085 0.0176 0.0123 0.1387 
      H041.2  2 0.2483 0.0276 0.0067 0.0098 0.0106 0.0323 0.4529 0.0123 0.0059 0.0111 0.0575 0.0191 0.0247 0.0063 0.0282 0.0092 0.0129 0.0114 0.0056 0.0075 
      H041.4  2 0.3197 0.0341 0.0214 0.0142 0.0087 0.0364 0.0422 0.0354 0.0060 0.0514 0.2665 0.0357 0.0433 0.0225 0.0110 0.0099 0.0088 0.0085 0.0128 0.0115 
      H041.6  2 0.2518 0.0377 0.0376 0.0119 0.0191 0.0173 0.1468 0.0466 0.0089 0.0262 0.2241 0.0148 0.0222 0.0342 0.0192 0.0131 0.0115 0.0145 0.0171 0.0253 
 H042.1_2002  2 0.6043 0.0262 0.0110 0.0135 0.0090 0.0058 0.0543 0.0193 0.0184 0.0100 0.0083 0.0107 0.0086 0.1057 0.0156 0.0043 0.0076 0.0105 0.0458 0.0111 
 H042.1_2003  2 0.0202 0.0196 0.0125 0.0908 0.0419 0.2277 0.1436 0.0422 0.0109 0.0099 0.0514 0.0730 0.0215 0.1327 0.0184 0.0169 0.0310 0.0073 0.0160 0.0125 
 H042.2_2002  2 0.4459 0.0131 0.0137 0.0485 0.0053 0.0080 0.0650 0.0049 0.0130 0.0438 0.1238 0.0294 0.0392 0.0102 0.1011 0.0064 0.0056 0.0088 0.0067 0.0078 
 H042.2_2003  2 0.1284 0.0313 0.0082 0.0133 0.0140 0.0138 0.5441 0.0151 0.0104 0.0088 0.0454 0.0045 0.0287 0.0791 0.0127 0.0086 0.0112 0.0085 0.0106 0.0034 
 H042.3_2002  2 0.3987 0.0266 0.0113 0.0360 0.0074 0.0099 0.2666 0.0123 0.0362 0.0126 0.0106 0.0209 0.0150 0.0312 0.0532 0.0061 0.0098 0.0107 0.0191 0.0059 
 H042.3_2003  2 0.1292 0.0224 0.0126 0.0398 0.0076 0.0222 0.3950 0.0147 0.0456 0.0777 0.0346 0.0257 0.0091 0.0518 0.0348 0.0077 0.0088 0.0094 0.0198 0.0315 
 H042.4_2002  2 0.7138 0.0194 0.0063 0.0231 0.0123 0.0083 0.0350 0.0113 0.0053 0.0176 0.0237 0.0133 0.0221 0.0139 0.0071 0.0067 0.0122 0.0109 0.0259 0.0119 
 H042.4_2003  2 0.6587 0.0314 0.0192 0.0114 0.0547 0.0090 0.0192 0.0148 0.0080 0.0325 0.0459 0.0062 0.0077 0.0138 0.0083 0.0046 0.0082 0.0091 0.0198 0.0175 
      H042.5  2 0.8539 0.0210 0.0103 0.0052 0.0073 0.0074 0.0080 0.0058 0.0114 0.0094 0.0049 0.0026 0.0071 0.0112 0.0060 0.0048 0.0043 0.0054 0.0094 0.0047 
      H042.6  2 0.7268 0.0078 0.0267 0.0078 0.0145 0.0047 0.0108 0.0079 0.0154 0.0909 0.0127 0.0109 0.0042 0.0142 0.0099 0.0050 0.0059 0.0060 0.0110 0.0070 
      H042.7  2 0.4006 0.0577 0.0103 0.0072 0.0243 0.0097 0.1967 0.0136 0.0225 0.0201 0.0257 0.0062 0.0230 0.0099 0.0880 0.0084 0.0052 0.0070 0.0559 0.0083 
      H042.8  2 0.6422 0.0172 0.0203 0.0160 0.0062 0.0205 0.1032 0.0105 0.0133 0.0135 0.0106 0.0181 0.0305 0.0250 0.0261 0.0046 0.0040 0.0050 0.0081 0.0052 
   H042_2002  2 0.0519 0.0177 0.0771 0.0259 0.0380 0.0246 0.1769 0.0218 0.0320 0.1596 0.0720 0.0342 0.0372 0.0987 0.0849 0.0135 0.0096 0.0060 0.0123 0.0061 
   H042_2003  2 0.0626 0.0204 0.0971 0.0204 0.0397 0.0283 0.1718 0.0163 0.0382 0.1303 0.0759 0.0339 0.0271 0.0864 0.1099 0.0091 0.0107 0.0056 0.0111 0.0053 
      H043.1  2 0.0048 0.0044 0.0051 0.0061 0.0097 0.0097 0.0048 0.0046 0.0109 0.8575 0.0070 0.0146 0.0029 0.0205 0.0055 0.0048 0.0056 0.0106 0.0057 0.0053 
      H043.2  2 0.0040 0.0287 0.0328 0.0047 0.0080 0.0090 0.0084 0.0165 0.0171 0.7327 0.0182 0.0360 0.0089 0.0455 0.0050 0.0054 0.0058 0.0061 0.0042 0.0030 
      H043.3  2 0.0077 0.0057 0.0130 0.0074 0.0336 0.0109 0.0219 0.0142 0.0184 0.7154 0.0586 0.0147 0.0049 0.0281 0.0153 0.0064 0.0065 0.0090 0.0052 0.0034 
      H043.4  2 0.0044 0.0060 0.0337 0.0066 0.0153 0.0070 0.0138 0.0111 0.0069 0.7937 0.0152 0.0197 0.0030 0.0240 0.0085 0.0042 0.0054 0.0133 0.0044 0.0038 
      H043.5  2 0.0041 0.0118 0.0052 0.0072 0.0104 0.0093 0.0184 0.0122 0.0151 0.7457 0.0288 0.0507 0.0078 0.0373 0.0074 0.0087 0.0050 0.0071 0.0041 0.0035 
      H043.6  2 0.0078 0.0071 0.0088 0.0070 0.0118 0.0040 0.0319 0.0183 0.0123 0.6945 0.0533 0.0660 0.0071 0.0282 0.0084 0.0041 0.0090 0.0132 0.0041 0.0029 
      H043.7  2 0.0054 0.0064 0.0541 0.0050 0.0572 0.0139 0.0156 0.0415 0.0084 0.6755 0.0166 0.0318 0.0035 0.0314 0.0075 0.0036 0.0067 0.0072 0.0059 0.0028 
      H043.8  2 0.0036 0.0101 0.0094 0.0061 0.0074 0.0097 0.0113 0.0107 0.0112 0.8255 0.0095 0.0112 0.0033 0.0101 0.0082 0.0122 0.0141 0.0127 0.0070 0.0068 
      H043.9  2 0.0064 0.0038 0.0072 0.0053 0.0120 0.0061 0.0066 0.0052 0.0084 0.8643 0.0115 0.0086 0.0027 0.0171 0.0063 0.0048 0.0062 0.0066 0.0048 0.0061 
      H047.1  2 0.0063 0.0098 0.0063 0.0076 0.0076 0.1769 0.0058 0.0123 0.0132 0.0099 0.4315 0.0064 0.0041 0.2162 0.0539 0.0042 0.0065 0.0122 0.0046 0.0048 
      H047.2  2 0.0137 0.0163 0.0065 0.0232 0.0294 0.6493 0.0154 0.0156 0.0061 0.0135 0.1178 0.0045 0.0125 0.0072 0.0132 0.0068 0.0069 0.0073 0.0163 0.0184 
      H047.3  2 0.0178 0.0130 0.0139 0.0333 0.0243 0.5665 0.0800 0.0132 0.0065 0.0134 0.1065 0.0039 0.0197 0.0088 0.0219 0.0097 0.0077 0.0073 0.0130 0.0197 
      H047.4  2 0.0367 0.0199 0.0072 0.0104 0.0772 0.2316 0.0885 0.0375 0.0062 0.0181 0.2940 0.0037 0.0126 0.0140 0.0823 0.0107 0.0124 0.0159 0.0139 0.0073 
      H047.5  2 0.0106 0.0079 0.0337 0.0111 0.0156 0.5298 0.0615 0.0076 0.0062 0.0306 0.1514 0.0034 0.0155 0.0214 0.0522 0.0065 0.0074 0.0082 0.0138 0.0055 
      H047.6  2 0.0476 0.0078 0.0061 0.0091 0.0125 0.6804 0.0715 0.0112 0.0040 0.0131 0.0359 0.0055 0.0171 0.0052 0.0393 0.0051 0.0040 0.0067 0.0087 0.0090 
      H047.7  2 0.0096 0.0155 0.0064 0.0069 0.0057 0.1247 0.0365 0.0101 0.0168 0.0096 0.3428 0.0129 0.0088 0.1251 0.2260 0.0045 0.0043 0.0143 0.0077 0.0119 
      H047.8  2 0.0274 0.0133 0.0074 0.0185 0.0141 0.5672 0.1511 0.0105 0.0092 0.0110 0.0627 0.0046 0.0130 0.0115 0.0444 0.0073 0.0052 0.0078 0.0072 0.0065 
