      H105.1  1 0.0110 0.0078 0.0187 0.0074 0.0249 0.0098 0.0100 0.2217 0.0067 0.5333 0.0074 0.0340 0.0063 0.0094 0.0163 0.0755 
      H105.2  1 0.0803 0.0444 0.0144 0.0130 0.0383 0.0274 0.0305 0.0784 0.0321 0.5329 0.0085 0.0155 0.0113 0.0235 0.0109 0.0384 
      H105.3  1 0.0155 0.0154 0.0099 0.0056 0.0180 0.0076 0.0057 0.0139 0.0091 0.8358 0.0041 0.0091 0.0080 0.0119 0.0188 0.0117 
      H105.4  1 0.0148 0.0390 0.0096 0.0068 0.0103 0.0176 0.0248 0.0193 0.0152 0.6765 0.0110 0.0083 0.0216 0.0170 0.0238 0.0844 
      H105.5  1 0.0469 0.1015 0.0100 0.0103 0.0685 0.0560 0.0198 0.1258 0.0130 0.0585 0.0168 0.0920 0.0478 0.0693 0.0851 0.1790 
      H105.6  1 0.0066 0.0176 0.0090 0.0052 0.0131 0.0114 0.0069 0.0095 0.0068 0.8120 0.0055 0.0044 0.0208 0.0112 0.0253 0.0347 
      H105.7  1 0.0083 0.0109 0.0332 0.0050 0.0111 0.0054 0.0332 0.0374 0.0065 0.7250 0.0133 0.0260 0.0060 0.0085 0.0075 0.0626 
      H105.8  1 0.0144 0.0118 0.0474 0.0092 0.0146 0.0103 0.0064 0.0904 0.0203 0.7215 0.0035 0.0057 0.0072 0.0065 0.0078 0.0229 
      H115.1  1 0.0151 0.0229 0.0432 0.0148 0.0392 0.0491 0.0216 0.0173 0.0605 0.0290 0.0079 0.0279 0.5513 0.0201 0.0556 0.0245 
      H115.2  1 0.0103 0.0244 0.0108 0.0143 0.0129 0.0835 0.0066 0.0079 0.0247 0.0268 0.0100 0.0301 0.6928 0.0195 0.0158 0.0095 
      H115.3  1 0.0132 0.0280 0.0076 0.0069 0.0057 0.0667 0.0094 0.0047 0.0107 0.0271 0.0063 0.0346 0.7453 0.0102 0.0138 0.0098 
      H115.4  1 0.0278 0.0059 0.0093 0.0089 0.0626 0.5947 0.0067 0.0113 0.0402 0.0102 0.0077 0.0994 0.0492 0.0165 0.0332 0.0164 
      H115.5  1 0.2067 0.0093 0.0310 0.0451 0.0159 0.0261 0.0152 0.0118 0.0178 0.0445 0.0188 0.0231 0.4647 0.0228 0.0311 0.0161 
      H115.6  1 0.0219 0.0374 0.0114 0.0161 0.0120 0.0531 0.0287 0.0062 0.0105 0.0144 0.0100 0.0487 0.6597 0.0400 0.0178 0.0123 
      H115.7  1 0.0610 0.0726 0.0084 0.0067 0.0234 0.1714 0.0245 0.0076 0.0232 0.0202 0.0146 0.0478 0.1911 0.2864 0.0232 0.0179 
      H115.8  1 0.0340 0.0143 0.0442 0.0760 0.0121 0.0515 0.0142 0.0061 0.0143 0.0238 0.0072 0.0290 0.6324 0.0139 0.0155 0.0115 
      H115.9  1 0.0066 0.0056 0.0281 0.0068 0.0177 0.0092 0.0078 0.0053 0.0078 0.0060 0.0054 0.0140 0.8352 0.0054 0.0102 0.0288 
      H145.1  1 0.0041 0.0200 0.0093 0.0301 0.0069 0.0067 0.0044 0.0059 0.0046 0.0060 0.8574 0.0045 0.0093 0.0076 0.0097 0.0135 
      H145.2  1 0.0037 0.0171 0.0099 0.0326 0.0056 0.0096 0.0073 0.0250 0.0055 0.0051 0.8020 0.0077 0.0304 0.0107 0.0125 0.0153 
      H145.3  1 0.0159 0.0191 0.0385 0.0551 0.0045 0.0107 0.0067 0.0055 0.0042 0.0041 0.7910 0.0048 0.0086 0.0084 0.0054 0.0176 
      H145.4  1 0.0038 0.0065 0.0061 0.0101 0.0039 0.0044 0.0036 0.0046 0.0045 0.0046 0.9143 0.0044 0.0043 0.0101 0.0070 0.0078 
      H145.5  1 0.0082 0.0219 0.0079 0.1956 0.0050 0.0062 0.0042 0.0049 0.0048 0.0038 0.7015 0.0053 0.0056 0.0084 0.0076 0.0090 
      H145.6  1 0.0075 0.0065 0.0050 0.0131 0.0039 0.0060 0.0121 0.0134 0.0046 0.0035 0.8851 0.0052 0.0119 0.0085 0.0064 0.0074 
      H145.7  1 0.0110 0.0075 0.0064 0.0059 0.0031 0.0053 0.0047 0.0059 0.0042 0.0033 0.9111 0.0050 0.0048 0.0059 0.0084 0.0074 
      H149.1  1 0.0047 0.0058 0.0045 0.0052 0.0040 0.0040 0.0041 0.0045 0.0044 0.0039 0.0055 0.0042 0.0062 0.0048 0.9304 0.0038 
      H149.2  1 0.0055 0.0113 0.0042 0.0038 0.0058 0.0037 0.0062 0.0062 0.0048 0.0044 0.0217 0.0141 0.0044 0.0064 0.8885 0.0090 
      H149.3  1 0.0090 0.0137 0.0091 0.0064 0.0046 0.0076 0.0147 0.0056 0.0102 0.0122 0.0325 0.0308 0.0067 0.0223 0.8053 0.0093 
      H149.4  1 0.0062 0.0065 0.0060 0.0084 0.0048 0.0092 0.0085 0.0108 0.0070 0.0144 0.0054 0.0082 0.0060 0.0076 0.8861 0.0050 
      H149.5  1 0.0114 0.0099 0.0101 0.0043 0.0050 0.0109 0.0321 0.0250 0.0152 0.0130 0.1039 0.0950 0.0034 0.0133 0.6358 0.0117 
      H149.6  1 0.0054 0.0100 0.0041 0.0042 0.0066 0.0045 0.0124 0.0050 0.0056 0.0062 0.0234 0.0174 0.0030 0.0087 0.8772 0.0061 
      H149.7  1 0.0086 0.0132 0.0122 0.0117 0.0099 0.0183 0.0618 0.0218 0.0416 0.0292 0.0308 0.0266 0.0068 0.0289 0.6711 0.0076 
      H150.1  1 0.0157 0.0238 0.0145 0.0158 0.0062 0.1171 0.0058 0.0143 0.0050 0.0509 0.0065 0.0064 0.6958 0.0107 0.0049 0.0064 
      H150.2  1 0.0093 0.0172 0.0091 0.0346 0.0203 0.2094 0.0138 0.0095 0.0079 0.0293 0.0076 0.0197 0.5702 0.0217 0.0160 0.0044 
      H150.3  1 0.0257 0.0451 0.0245 0.0179 0.0368 0.0734 0.0251 0.0122 0.0158 0.0219 0.0161 0.0081 0.5187 0.1338 0.0120 0.0127 
      H150.4  1 0.0121 0.0104 0.0139 0.0218 0.0104 0.0153 0.0134 0.0064 0.0050 0.0084 0.0113 0.0073 0.8305 0.0180 0.0037 0.0120 
      H150.5  1 0.0142 0.0388 0.0102 0.0079 0.0067 0.2897 0.0171 0.0079 0.0171 0.0829 0.0124 0.0413 0.3995 0.0363 0.0092 0.0086 
      H150.6  1 0.0484 0.0293 0.0049 0.0103 0.0085 0.4618 0.0125 0.0154 0.0134 0.2243 0.0068 0.0342 0.0934 0.0178 0.0143 0.0048 
      H150.7  1 0.0081 0.0219 0.0088 0.0134 0.0067 0.0161 0.0054 0.0072 0.0065 0.0127 0.0073 0.0048 0.8555 0.0143 0.0053 0.0060 
   H169607.1  1 0.0266 0.1300 0.0229 0.0283 0.1312 0.0497 0.0398 0.1181 0.1710 0.0098 0.1608 0.0161 0.0378 0.0277 0.0084 0.0218 
   H169607.2  1 0.0089 0.0982 0.0516 0.0049 0.0327 0.0610 0.0157 0.0447 0.0466 0.0102 0.1373 0.0109 0.0324 0.0171 0.0131 0.4147 
   H169607.3  1 0.0251 0.0740 0.0571 0.0158 0.0200 0.0216 0.0896 0.1261 0.0691 0.0083 0.2831 0.0480 0.0219 0.0168 0.0084 0.1150 
   H169607.4  1 0.0064 0.7103 0.0092 0.0060 0.0128 0.0088 0.0121 0.0310 0.0149 0.0067 0.0669 0.0059 0.0107 0.0060 0.0044 0.0878 
   H169607.5  1 0.0110 0.0904 0.0595 0.0133 0.0242 0.1976 0.0149 0.0256 0.0242 0.0076 0.1388 0.0834 0.0520 0.0141 0.0259 0.2177 
   H169607.6  1 0.0100 0.0852 0.0382 0.0048 0.0277 0.0286 0.0103 0.0671 0.0348 0.0066 0.0853 0.0096 0.0184 0.0085 0.0077 0.5573 
   H169607.7  1 0.0141 0.0204 0.0797 0.0068 0.0269 0.3703 0.0126 0.0452 0.1326 0.0237 0.0346 0.0109 0.0175 0.0118 0.0108 0.1818 
   H169607.8  1 0.0073 0.2561 0.0213 0.0048 0.0192 0.0072 0.0109 0.0803 0.0270 0.0046 0.0282 0.0060 0.0165 0.0092 0.0053 0.4960 
   H169633.1  1 0.0604 0.0113 0.0080 0.0376 0.0163 0.0078 0.0129 0.0113 0.0180 0.0279 0.0529 0.0108 0.0224 0.0242 0.6713 0.0070 
   H169633.2  1 0.0238 0.0072 0.0180 0.0177 0.0412 0.0101 0.0484 0.0077 0.0392 0.0207 0.0203 0.0056 0.0056 0.0202 0.7100 0.0043 
   H169633.3  1 0.0130 0.0054 0.0177 0.0077 0.0087 0.0071 0.0070 0.0072 0.0120 0.0203 0.0209 0.0135 0.0089 0.0218 0.8243 0.0046 
   H169633.4  1 0.0172 0.0154 0.0086 0.0243 0.0071 0.0065 0.0046 0.0137 0.0065 0.0217 0.0128 0.0218 0.0125 0.0191 0.8016 0.0066 
   H169633.5  1 0.0190 0.0190 0.0070 0.0239 0.0082 0.0062 0.0042 0.0112 0.0083 0.0252 0.0144 0.0149 0.0104 0.0183 0.8034 0.0064 
   H169688.1  1 0.1554 0.0198 0.0121 0.0052 0.0117 0.0764 0.1880 0.0072 0.2680 0.0052 0.1539 0.0060 0.0100 0.0077 0.0185 0.0550 
   H169688.2  1 0.0602 0.0069 0.0098 0.0198 0.0065 0.1174 0.2668 0.0150 0.3792 0.0137 0.0369 0.0119 0.0210 0.0072 0.0089 0.0188 
   H169688.3  1 0.0342 0.0090 0.0037 0.0067 0.0080 0.4434 0.0781 0.0272 0.1957 0.0118 0.1072 0.0145 0.0237 0.0084 0.0168 0.0117 
   H169688.4  1 0.0286 0.0101 0.0077 0.0170 0.0070 0.2729 0.0519 0.0104 0.0587 0.0098 0.0353 0.0115 0.4487 0.0066 0.0121 0.0117 
   H169688.5  1 0.0323 0.0083 0.0059 0.0147 0.0074 0.3412 0.0482 0.0097 0.0663 0.0070 0.0317 0.0103 0.3869 0.0071 0.0110 0.0120 
   H169688.6  1 0.0574 0.0060 0.0073 0.0651 0.0060 0.2976 0.0596 0.0117 0.2810 0.0212 0.0877 0.0083 0.0369 0.0052 0.0282 0.0207 
   H169688.7  1 0.0447 0.0115 0.0092 0.0098 0.0091 0.4329 0.0163 0.0347 0.0698 0.0065 0.2525 0.0131 0.0492 0.0114 0.0134 0.0158 
   H171901.1  1 0.0409 0.0440 0.0125 0.1034 0.0143 0.0832 0.2165 0.0602 0.0206 0.0139 0.1248 0.0151 0.0669 0.1527 0.0132 0.0177 
   H171901.2  1 0.0086 0.0363 0.0090 0.0064 0.0069 0.0160 0.0072 0.0073 0.0083 0.0293 0.0151 0.0118 0.0296 0.0165 0.7709 0.0207 
   H171901.3  1 0.0223 0.0697 0.0077 0.0089 0.0098 0.0237 0.0256 0.0114 0.0158 0.0106 0.0152 0.0145 0.0314 0.0108 0.7130 0.0096 
   H171901.4  1 0.0120 0.0474 0.0117 0.0069 0.0112 0.0306 0.0131 0.0083 0.0148 0.0306 0.0143 0.0105 0.0126 0.0074 0.7579 0.0108 
   H171901.5  1 0.0055 0.2450 0.0103 0.0075 0.0127 0.0295 0.0158 0.0103 0.0292 0.0167 0.0309 0.0091 0.0118 0.0072 0.5492 0.0094 
   H171901.6  1 0.0056 0.3067 0.0090 0.0065 0.0127 0.0314 0.0203 0.0144 0.0251 0.0322 0.0785 0.0112 0.0254 0.0128 0.3944 0.0137 
   H171901.7  1 0.0089 0.0204 0.0232 0.0069 0.0059 0.0548 0.0138 0.0109 0.0295 0.0126 0.0645 0.0143 0.0209 0.0118 0.6924 0.0091 
   H171902.1  1 0.0118 0.7872 0.0095 0.0499 0.0244 0.0103 0.0062 0.0092 0.0339 0.0052 0.0155 0.0040 0.0093 0.0054 0.0079 0.0102 
  H171902.10  1 0.0083 0.8344 0.0043 0.0107 0.0077 0.0083 0.0054 0.0061 0.0647 0.0041 0.0074 0.0051 0.0075 0.0055 0.0108 0.0097 
   H171902.2  1 0.0776 0.3531 0.0417 0.0566 0.0315 0.0095 0.0355 0.0119 0.2963 0.0194 0.0146 0.0092 0.0108 0.0094 0.0109 0.0121 
   H171902.3  1 0.0134 0.6308 0.0100 0.0125 0.0245 0.0278 0.0143 0.0192 0.1325 0.0106 0.0129 0.0058 0.0297 0.0101 0.0330 0.0129 
   H171902.4  1 0.0057 0.7873 0.0111 0.0312 0.0065 0.0044 0.0061 0.0044 0.0281 0.0104 0.0146 0.0055 0.0133 0.0120 0.0524 0.0070 
   H171902.6  1 0.0063 0.8531 0.0044 0.0141 0.0063 0.0055 0.0049 0.0098 0.0393 0.0033 0.0085 0.0046 0.0070 0.0079 0.0149 0.0102 
   H171902.7  1 0.0040 0.8793 0.0043 0.0190 0.0059 0.0068 0.0063 0.0079 0.0108 0.0047 0.0110 0.0042 0.0070 0.0063 0.0175 0.0049 
   H171902.8  1 0.0099 0.8083 0.0055 0.0226 0.0089 0.0095 0.0079 0.0126 0.0517 0.0040 0.0100 0.0065 0.0106 0.0080 0.0140 0.0098 
   H171902.9  1 0.0047 0.8155 0.0090 0.0358 0.0077 0.0084 0.0066 0.0064 0.0102 0.0113 0.0103 0.0048 0.0446 0.0088 0.0066 0.0093 
   H171903.1  1 0.0055 0.0172 0.0165 0.0048 0.0213 0.0926 0.0091 0.0063 0.0101 0.0089 0.0283 0.0128 0.0262 0.0077 0.0129 0.7197 
   H171903.2  1 0.0076 0.0129 0.0410 0.0130 0.0179 0.0494 0.0093 0.0469 0.0141 0.0145 0.0094 0.0370 0.0210 0.0080 0.0119 0.6861 
   H171903.3  1 0.0083 0.0368 0.0231 0.0147 0.0511 0.1179 0.0269 0.0479 0.0170 0.0113 0.0267 0.3354 0.0219 0.0129 0.0859 0.1621 
   H171903.4  1 0.0208 0.2834 0.0068 0.0098 0.0076 0.0502 0.3332 0.0106 0.0158 0.0132 0.1406 0.0192 0.0193 0.0212 0.0088 0.0393 
   H171903.5  1 0.0104 0.0224 0.0264 0.0104 0.0601 0.2011 0.0241 0.1261 0.0317 0.0141 0.0227 0.2237 0.0303 0.0092 0.0678 0.1196 
   H171903.6  1 0.0152 0.0404 0.0174 0.0046 0.0086 0.2580 0.0424 0.0363 0.0752 0.0063 0.0408 0.0991 0.0356 0.0083 0.0829 0.2290 
      H177.1  1 0.0056 0.0875 0.0071 0.0107 0.0058 0.0303 0.2327 0.0127 0.0730 0.0048 0.0352 0.0145 0.0284 0.0124 0.4194 0.0200 
      H177.2  1 0.0173 0.0613 0.0566 0.0163 0.0112 0.0428 0.0170 0.1111 0.2334 0.0074 0.0672 0.1341 0.0281 0.0162 0.1518 0.0283 
      H177.3  1 0.0055 0.0774 0.0110 0.0192 0.0086 0.0361 0.0175 0.0341 0.2124 0.0078 0.0421 0.0378 0.0467 0.0177 0.4048 0.0212 
      H177.4  1 0.0046 0.0352 0.0108 0.0073 0.0073 0.0120 0.2024 0.0151 0.1852 0.0219 0.0682 0.0239 0.0067 0.0076 0.3666 0.0252 
      H177.5  1 0.0103 0.0210 0.0186 0.0109 0.0051 0.0517 0.6337 0.0170 0.0278 0.0313 0.0191 0.0719 0.0147 0.0094 0.0301 0.0275 
      H177.6  1 0.0040 0.0879 0.0092 0.0221 0.0079 0.0168 0.0147 0.0288 0.0721 0.0063 0.0312 0.0261 0.0628 0.0143 0.5800 0.0158 
      H179.1  1 0.0130 0.0195 0.0092 0.0064 0.0680 0.0193 0.0377 0.2398 0.4993 0.0179 0.0080 0.0094 0.0142 0.0159 0.0169 0.0057 
      H179.2  1 0.0069 0.0152 0.0150 0.0046 0.1111 0.0322 0.0315 0.2608 0.4193 0.0108 0.0049 0.0272 0.0125 0.0133 0.0225 0.0119 
      H179.3  1 0.0149 0.0104 0.0271 0.0065 0.0449 0.0572 0.1312 0.2571 0.3379 0.0119 0.0102 0.0142 0.0283 0.0126 0.0093 0.0263 
      H179.4  1 0.0185 0.0279 0.0226 0.0052 0.0255 0.0272 0.0278 0.1943 0.3302 0.0110 0.0318 0.0145 0.0070 0.0104 0.2306 0.0153 
      H180.1  1 0.0313 0.0056 0.0058 0.0166 0.0165 0.8286 0.0071 0.0059 0.0266 0.0112 0.0037 0.0135 0.0109 0.0046 0.0059 0.0061 
      H180.2  1 0.0788 0.0165 0.0085 0.0181 0.0065 0.7303 0.0119 0.0059 0.0158 0.0387 0.0053 0.0080 0.0244 0.0067 0.0124 0.0124 
      H180.3  1 0.0138 0.0067 0.0835 0.0381 0.0449 0.5727 0.0069 0.0078 0.0070 0.0123 0.0052 0.0160 0.1459 0.0102 0.0104 0.0185 
      H180.4  1 0.0403 0.0128 0.0141 0.0243 0.0075 0.5108 0.0187 0.0136 0.0458 0.1964 0.0085 0.0520 0.0094 0.0118 0.0252 0.0089 
      H180.5  1 0.0423 0.0092 0.0260 0.0342 0.0092 0.6438 0.0254 0.0071 0.0384 0.0248 0.0092 0.0757 0.0206 0.0073 0.0109 0.0159 
      H180.6  1 0.0417 0.0094 0.5532 0.0485 0.0101 0.1366 0.0086 0.0133 0.0111 0.0258 0.0268 0.0313 0.0263 0.0217 0.0229 0.0127 
      H181.1  1 0.2638 0.0306 0.0066 0.0191 0.0077 0.0096 0.0076 0.0276 0.0981 0.0072 0.0120 0.1990 0.0082 0.0055 0.2385 0.0592 
      H181.2  1 0.0891 0.0261 0.0069 0.0147 0.0128 0.0216 0.0172 0.0070 0.5906 0.0124 0.0393 0.0386 0.0106 0.0141 0.0734 0.0256 
      H181.3  1 0.0897 0.0203 0.0090 0.0094 0.0043 0.0082 0.0111 0.0048 0.7521 0.0081 0.0109 0.0099 0.0062 0.0110 0.0241 0.0210 
      H181.4  1 0.0906 0.0331 0.0156 0.0056 0.0092 0.0433 0.0332 0.0177 0.0510 0.0106 0.0373 0.3328 0.0535 0.0269 0.1895 0.0502 
      H181.5  1 0.0747 0.0116 0.0103 0.0148 0.0196 0.0059 0.0291 0.0220 0.7003 0.0129 0.0091 0.0238 0.0064 0.0227 0.0267 0.0100 
      H181.6  1 0.0201 0.0396 0.0138 0.0062 0.0810 0.0443 0.0272 0.0306 0.4910 0.0608 0.0188 0.0386 0.0248 0.0136 0.0641 0.0256 
      H181.7  1 0.0240 0.0129 0.0229 0.0084 0.0122 0.0136 0.0103 0.1247 0.5671 0.0153 0.0192 0.0354 0.0195 0.0080 0.0877 0.0187 
 H194.1_2004  1 0.0064 0.0095 0.0100 0.0053 0.0079 0.0295 0.0087 0.0101 0.0057 0.0067 0.8425 0.0093 0.0121 0.0084 0.0150 0.0131 
 H194.2_2004  1 0.0057 0.0068 0.0047 0.0099 0.0036 0.0083 0.0476 0.0045 0.0042 0.0042 0.8541 0.0079 0.0052 0.0092 0.0068 0.0174 
 H194.3_2004  1 0.0038 0.0163 0.0065 0.0066 0.0064 0.0065 0.0097 0.0107 0.0113 0.0075 0.8033 0.0076 0.0061 0.0136 0.0749 0.0090 
 H194.4_2004  1 0.0054 0.0181 0.0064 0.0131 0.0049 0.0060 0.0404 0.0046 0.0060 0.0042 0.8294 0.0048 0.0061 0.0090 0.0197 0.0219 
 H194.5_2004  1 0.0049 0.0169 0.0102 0.0055 0.0079 0.0101 0.0110 0.0146 0.0085 0.0094 0.8143 0.0071 0.0088 0.0100 0.0518 0.0089 
 H194.6_2004  1 0.0059 0.0368 0.0114 0.0085 0.0124 0.0118 0.1596 0.0131 0.0153 0.0071 0.3210 0.0108 0.0124 0.0185 0.3292 0.0263 
 H194.7_2004  1 0.0070 0.0053 0.0434 0.0077 0.0049 0.0086 0.0092 0.0099 0.0055 0.0063 0.8078 0.0103 0.0073 0.0114 0.0087 0.0465 
 H194.8_2004  1 0.0071 0.0122 0.0118 0.0066 0.0054 0.0112 0.0811 0.0092 0.0086 0.0074 0.7369 0.0101 0.0090 0.0184 0.0536 0.0115 
      H194.9  1 0.0076 0.0050 0.0341 0.0100 0.0052 0.0079 0.0111 0.0059 0.0046 0.0084 0.8379 0.0079 0.0112 0.0122 0.0112 0.0198 
 H195.1_2003  1 0.0064 0.0077 0.0050 0.0034 0.0070 0.0112 0.0119 0.0090 0.0055 0.0142 0.8849 0.0054 0.0050 0.0087 0.0085 0.0062 
 H195.1_2004  1 0.0189 0.0084 0.0039 0.0126 0.0033 0.0077 0.0042 0.0055 0.0129 0.0078 0.8736 0.0091 0.0066 0.0114 0.0081 0.0059 
 H195.2_2003  1 0.0042 0.0102 0.0078 0.0047 0.0079 0.0067 0.0077 0.0056 0.0087 0.0130 0.8780 0.0048 0.0145 0.0057 0.0064 0.0140 
 H195.2_2004  1 0.0054 0.0046 0.0052 0.0074 0.0036 0.0047 0.0043 0.0057 0.0049 0.0059 0.9212 0.0045 0.0041 0.0069 0.0057 0.0058 
 H195.3_2003  1 0.0074 0.0097 0.0071 0.0063 0.0063 0.0157 0.0134 0.0055 0.0080 0.0302 0.8211 0.0054 0.0291 0.0076 0.0049 0.0224 
 H195.3_2004  1 0.0064 0.0063 0.0038 0.0060 0.0034 0.0043 0.0038 0.0035 0.0059 0.0061 0.9112 0.0053 0.0046 0.0061 0.0138 0.0095 
 H195.4_2003  1 0.0039 0.0075 0.0039 0.0034 0.0063 0.0064 0.0046 0.0056 0.0045 0.0078 0.9120 0.0041 0.0048 0.0098 0.0084 0.0070 
 H195.4_2004  1 0.0118 0.0049 0.0061 0.0043 0.0036 0.0048 0.0076 0.0038 0.0051 0.0041 0.9188 0.0051 0.0038 0.0043 0.0047 0.0071 
 H195.5_2003  1 0.0171 0.0132 0.0042 0.0042 0.0059 0.0120 0.0083 0.0103 0.0078 0.0834 0.7903 0.0069 0.0070 0.0124 0.0100 0.0070 
 H195.5_2004  1 0.0133 0.0083 0.0050 0.0081 0.0031 0.0058 0.0037 0.0048 0.0109 0.0095 0.8925 0.0064 0.0044 0.0063 0.0098 0.0080 
 H195.6_2003  1 0.0061 0.0087 0.0062 0.0047 0.0049 0.0070 0.0049 0.0039 0.0061 0.0154 0.8906 0.0043 0.0120 0.0041 0.0041 0.0170 
 H195.6_2004  1 0.0052 0.0060 0.0046 0.0068 0.0038 0.0040 0.0040 0.0056 0.0044 0.0059 0.9231 0.0038 0.0032 0.0064 0.0050 0.0083 
 H195.7_2003  1 0.0061 0.0062 0.0065 0.0029 0.0057 0.0065 0.0101 0.0072 0.0054 0.0067 0.9101 0.0049 0.0036 0.0052 0.0078 0.0052 
 H195.7_2004  1 0.0171 0.0056 0.0049 0.0250 0.0028 0.0052 0.0041 0.0052 0.0096 0.0097 0.8782 0.0067 0.0093 0.0078 0.0042 0.0044 
      H195.8  1 0.0357 0.0069 0.0064 0.0051 0.0033 0.0051 0.0060 0.0043 0.0082 0.0079 0.8778 0.0068 0.0074 0.0087 0.0044 0.0061 
      H195.9  1 0.0081 0.0076 0.0079 0.0042 0.0032 0.0064 0.0059 0.0047 0.0077 0.0054 0.8973 0.0055 0.0043 0.0066 0.0090 0.0162 
      H415.1  1 0.0092 0.0264 0.0283 0.1080 0.4292 0.0259 0.0193 0.0102 0.0112 0.0104 0.0513 0.0168 0.1375 0.0295 0.0779 0.0090 
      H415.2  1 0.0042 0.4861 0.0094 0.0197 0.1355 0.0334 0.0162 0.0111 0.0324 0.0096 0.0233 0.0121 0.0252 0.0102 0.1626 0.0090 
      H415.3  1 0.0040 0.0267 0.0052 0.0108 0.7297 0.0313 0.0098 0.0116 0.0227 0.0083 0.0130 0.0146 0.0099 0.0130 0.0859 0.0034 
      H415.4  1 0.0117 0.0212 0.0277 0.0265 0.6631 0.0143 0.0076 0.0071 0.0048 0.0098 0.0210 0.0211 0.0605 0.0258 0.0725 0.0053 
      H415.5  1 0.0054 0.0244 0.0049 0.0125 0.6044 0.0330 0.0119 0.0100 0.0122 0.0082 0.0192 0.0206 0.0075 0.0123 0.2099 0.0037 
      H415.6  1 0.0097 0.0169 0.0291 0.0233 0.6763 0.0168 0.0101 0.0069 0.0054 0.0099 0.0248 0.0167 0.0585 0.0286 0.0603 0.0068 
      H415.7  1 0.0058 0.2012 0.0080 0.0182 0.4584 0.0179 0.0131 0.0128 0.0861 0.0079 0.0462 0.0143 0.0137 0.0138 0.0766 0.0059 
      H506.1  1 0.0181 0.0058 0.0076 0.0137 0.0257 0.0052 0.0063 0.0412 0.6983 0.0194 0.0058 0.0073 0.0038 0.0070 0.1308 0.0041 
      H506.2  1 0.0049 0.0082 0.0055 0.0055 0.0116 0.0050 0.0062 0.0091 0.8374 0.0057 0.0084 0.0052 0.0046 0.0062 0.0719 0.0048 
      H506.3  1 0.0104 0.0048 0.0095 0.0264 0.0194 0.0047 0.0085 0.0076 0.8583 0.0093 0.0042 0.0098 0.0046 0.0076 0.0102 0.0046 
      H506.4  1 0.0115 0.0068 0.0102 0.0207 0.0240 0.0078 0.0111 0.0273 0.7897 0.0199 0.0050 0.0092 0.0043 0.0066 0.0395 0.0065 
      H506.5  1 0.0088 0.0116 0.0057 0.0097 0.0158 0.0045 0.0063 0.0083 0.8317 0.0084 0.0072 0.0046 0.0052 0.0039 0.0618 0.0065 
      H506.6  1 0.0077 0.0079 0.0089 0.0157 0.0088 0.0057 0.0122 0.0153 0.8499 0.0097 0.0116 0.0136 0.0111 0.0056 0.0065 0.0099 
      H506.7  1 0.0087 0.0080 0.0071 0.0062 0.0128 0.0055 0.0061 0.0075 0.8524 0.0079 0.0081 0.0039 0.0040 0.0046 0.0503 0.0069 
      H533.1  1 0.0115 0.0082 0.0058 0.0121 0.0148 0.0111 0.0050 0.4953 0.2360 0.0059 0.0056 0.0073 0.0046 0.0049 0.1653 0.0066 
      H533.2  1 0.0098 0.0071 0.0063 0.0230 0.0129 0.0100 0.0051 0.2367 0.3988 0.0064 0.0039 0.0060 0.0037 0.0055 0.2603 0.0047 
      H533.3  1 0.0108 0.0140 0.0087 0.0065 0.0196 0.0219 0.0056 0.3749 0.3213 0.0047 0.0059 0.0191 0.0074 0.0049 0.1660 0.0085 
      H533.4  1 0.0240 0.0137 0.0090 0.0194 0.0325 0.0587 0.0100 0.1047 0.3576 0.0083 0.0174 0.0183 0.0102 0.0080 0.2980 0.0101 
      H535.1  1 0.0056 0.0429 0.0119 0.0052 0.0154 0.0170 0.0236 0.0296 0.0372 0.0075 0.0144 0.0183 0.0206 0.0195 0.6981 0.0330 
      H535.2  1 0.0579 0.0101 0.0568 0.0034 0.0048 0.0083 0.0371 0.0371 0.0789 0.0267 0.0550 0.0367 0.0043 0.0081 0.5534 0.0210 
      H535.3  1 0.1276 0.0204 0.0480 0.0087 0.0070 0.0157 0.0198 0.0452 0.0443 0.0758 0.0526 0.0185 0.0132 0.0098 0.4693 0.0240 
      H535.4  1 0.0137 0.0071 0.0055 0.0039 0.0093 0.0067 0.0042 0.0065 0.0061 0.0131 0.0131 0.0078 0.0042 0.0072 0.8864 0.0052 
      H535.5  1 0.0061 0.0046 0.0062 0.0043 0.0087 0.0167 0.0154 0.0075 0.0112 0.0081 0.0126 0.0089 0.0040 0.0078 0.8599 0.0179 
      H535.6  1 0.0189 0.0383 0.0176 0.0056 0.0082 0.0239 0.2502 0.0165 0.0311 0.0078 0.0675 0.0244 0.0223 0.0485 0.3769 0.0423 
      H535.7  1 0.0063 0.0045 0.0073 0.0068 0.0054 0.0084 0.0143 0.0108 0.0150 0.0215 0.0091 0.0077 0.0092 0.0058 0.8570 0.0108 
      H535.8  1 0.0330 0.0067 0.0155 0.0057 0.0065 0.0138 0.1249 0.0176 0.0105 0.0232 0.0376 0.0069 0.0112 0.0081 0.6705 0.0084 
      H535.9  1 0.0153 0.0308 0.0128 0.0085 0.0074 0.0170 0.0092 0.0160 0.0266 0.0460 0.0212 0.0108 0.0348 0.0156 0.6981 0.0300 
      H539.1  1 0.0031 0.0060 0.0049 0.0067 0.0058 0.0048 0.0034 0.0037 0.0031 0.0038 0.0046 0.0031 0.9309 0.0039 0.0030 0.0092 
      H539.2  1 0.0285 0.0184 0.0148 0.0143 0.0159 0.6055 0.0142 0.0095 0.0322 0.0085 0.0103 0.0196 0.1657 0.0095 0.0108 0.0223 
      H539.3  1 0.0151 0.0161 0.0221 0.0161 0.0050 0.0190 0.0262 0.0080 0.0113 0.0099 0.0360 0.0070 0.7294 0.0107 0.0098 0.0585 
      H539.4  1 0.0057 0.0077 0.0080 0.0137 0.0088 0.0137 0.0069 0.0089 0.0099 0.0117 0.0040 0.0075 0.8798 0.0042 0.0045 0.0050 
      H539.5  1 0.0039 0.0058 0.0146 0.0052 0.0040 0.0057 0.0042 0.0032 0.0041 0.0032 0.0047 0.0052 0.9131 0.0058 0.0046 0.0127 
      H539.6  1 0.0067 0.0080 0.0115 0.0072 0.0069 0.0145 0.0049 0.0042 0.0041 0.0051 0.0073 0.0052 0.8938 0.0075 0.0041 0.0090 
      H539.7  1 0.0037 0.0075 0.0045 0.0038 0.0044 0.0097 0.0072 0.0042 0.0041 0.0044 0.0063 0.0046 0.9211 0.0055 0.0040 0.0051 
      H539.8  1 0.0219 0.0130 0.0088 0.0427 0.0074 0.0284 0.0395 0.0216 0.0143 0.0267 0.0174 0.0114 0.7009 0.0210 0.0151 0.0098 
      H539.9  1 0.0041 0.0052 0.0065 0.0074 0.0045 0.0069 0.0048 0.0053 0.0046 0.0056 0.0038 0.0060 0.9193 0.0038 0.0039 0.0082 
      H540.1  1 0.0073 0.0162 0.0091 0.0098 0.0059 0.0180 0.0099 0.0092 0.0110 0.0064 0.0131 0.0213 0.8265 0.0086 0.0107 0.0170 
      H540.2  1 0.0034 0.0118 0.0063 0.0045 0.0090 0.0101 0.0066 0.0085 0.0053 0.0045 0.0051 0.0113 0.8875 0.0086 0.0068 0.0106 
      H540.3  1 0.0127 0.0528 0.0057 0.1583 0.0138 0.0086 0.0180 0.0161 0.0174 0.0068 0.0096 0.0424 0.5712 0.0478 0.0132 0.0057 
      H540.4  1 0.0064 0.0171 0.0053 0.0049 0.0078 0.0215 0.0131 0.0102 0.0188 0.0066 0.0086 0.0196 0.8278 0.0158 0.0092 0.0072 
      H540.5  1 0.0091 0.0106 0.0091 0.0171 0.0067 0.0074 0.0105 0.0115 0.0101 0.0046 0.0064 0.0174 0.8506 0.0081 0.0121 0.0089 
      H540.6  1 0.0248 0.0200 0.0234 0.0161 0.0092 0.0158 0.0163 0.0137 0.0283 0.0057 0.0080 0.0382 0.7245 0.0154 0.0121 0.0283 
      H540.7  1 0.0069 0.0084 0.0107 0.0045 0.0130 0.0225 0.0070 0.0098 0.0080 0.0065 0.0060 0.0115 0.8590 0.0076 0.0113 0.0072 
      H540.8  1 0.0039 0.0428 0.0075 0.0066 0.0094 0.1381 0.0109 0.0174 0.0109 0.0082 0.0102 0.0247 0.6474 0.0105 0.0338 0.0177 
     H9558.1  1 0.0045 0.0110 0.0048 0.0067 0.0059 0.0102 0.0081 0.0063 0.0074 0.0047 0.0061 0.0034 0.8978 0.0080 0.0049 0.0102 
     H9558.2  1 0.0069 0.0093 0.0106 0.0059 0.0083 0.0080 0.0116 0.0112 0.0090 0.0069 0.0076 0.0036 0.8811 0.0053 0.0045 0.0101 
     H9558.3  1 0.0069 0.0067 0.0129 0.0121 0.0146 0.0066 0.0069 0.0093 0.0054 0.0214 0.0059 0.0076 0.8529 0.0079 0.0070 0.0160 
     H9558.4  1 0.0044 0.0064 0.0069 0.0054 0.0074 0.0174 0.0068 0.0099 0.0085 0.0056 0.0043 0.0063 0.8927 0.0045 0.0054 0.0081 
     H9558.5  1 0.0065 0.0051 0.0044 0.0137 0.0110 0.0121 0.0092 0.0074 0.0116 0.0097 0.0032 0.0139 0.8747 0.0062 0.0072 0.0040 
     H9558.6  1 0.0048 0.0161 0.0844 0.0138 0.0106 0.0064 0.0101 0.0092 0.0053 0.0109 0.0079 0.0360 0.7577 0.0095 0.0074 0.0101 
    kos339.1  1 0.0053 0.0153 0.0209 0.0056 0.0141 0.0068 0.0104 0.0070 0.0211 0.0054 0.0054 0.0095 0.0078 0.0058 0.8536 0.0061 
    kos339.2  1 0.0073 0.0049 0.0147 0.0082 0.0144 0.0041 0.0055 0.0097 0.0078 0.0094 0.0082 0.0078 0.0085 0.0141 0.8708 0.0045 
    kos339.3  1 0.0040 0.0047 0.0047 0.0035 0.0086 0.0069 0.0037 0.0034 0.0044 0.0044 0.0069 0.0074 0.0054 0.0049 0.9226 0.0044 
    kos339.4  1 0.0057 0.0039 0.0070 0.0057 0.0126 0.0073 0.0051 0.0041 0.0059 0.0043 0.0072 0.0055 0.0063 0.0046 0.9101 0.0048 
    kos339.5  1 0.0057 0.0086 0.0108 0.0035 0.0108 0.0072 0.0083 0.0049 0.0090 0.0070 0.0049 0.0096 0.0067 0.0060 0.8914 0.0056 
    kos339.6  1 0.0053 0.0072 0.0075 0.0071 0.0079 0.0044 0.0044 0.0048 0.0062 0.0039 0.0071 0.0122 0.0053 0.0105 0.9011 0.0051 
    kos339.7  1 0.0034 0.0045 0.0058 0.0038 0.0073 0.0073 0.0039 0.0042 0.0059 0.0036 0.0066 0.0048 0.0046 0.0036 0.9273 0.0035 
    kos339.8  1 0.0070 0.0062 0.0075 0.0063 0.0216 0.0071 0.0075 0.0063 0.0088 0.0067 0.0076 0.0086 0.0041 0.0064 0.8851 0.0030 
    kos339.9  1 0.0055 0.0093 0.0113 0.0045 0.0067 0.0099 0.0059 0.0070 0.0062 0.0089 0.0096 0.0079 0.0154 0.0093 0.8744 0.0083 
      H008.1  2 0.0129 0.0118 0.7689 0.0081 0.0096 0.0286 0.0074 0.0277 0.0148 0.0200 0.0059 0.0082 0.0411 0.0171 0.0105 0.0076 
      H008.2  2 0.0398 0.0148 0.0375 0.0300 0.0083 0.0280 0.0341 0.6136 0.0142 0.0598 0.0108 0.0093 0.0316 0.0183 0.0162 0.0336 
      H008.3  2 0.0856 0.0189 0.0663 0.0402 0.0114 0.1727 0.0411 0.2869 0.0632 0.0485 0.0196 0.0203 0.0150 0.0248 0.0237 0.0618 
      H008.4  2 0.0152 0.0195 0.5341 0.0368 0.0321 0.0134 0.0284 0.1608 0.0101 0.0145 0.0162 0.0084 0.0319 0.0446 0.0183 0.0157 
      H008.5  2 0.0162 0.0094 0.6746 0.0194 0.0101 0.0222 0.0502 0.0659 0.0165 0.0212 0.0103 0.0120 0.0124 0.0175 0.0203 0.0217 
      H008.6  2 0.0058 0.0206 0.1108 0.0579 0.0115 0.0111 0.0186 0.6269 0.0075 0.0363 0.0152 0.0085 0.0168 0.0132 0.0116 0.0277 
      H008.7  2 0.0586 0.0348 0.1969 0.0770 0.0164 0.0261 0.0463 0.2997 0.0312 0.0665 0.0174 0.0104 0.0257 0.0456 0.0282 0.0190 
      H008.8  2 0.0168 0.0175 0.0887 0.0093 0.0089 0.0182 0.0092 0.5187 0.0120 0.0139 0.0168 0.0056 0.2220 0.0156 0.0091 0.0178 
      H008.9  2 0.0108 0.0730 0.0161 0.0936 0.0068 0.0130 0.0116 0.6075 0.0068 0.0476 0.0243 0.0100 0.0121 0.0257 0.0128 0.0283 
 H029.1_2002  2 0.0141 0.0259 0.6486 0.0205 0.0730 0.0072 0.0825 0.0244 0.0122 0.0086 0.0096 0.0077 0.0389 0.0149 0.0054 0.0067 
 H029.1_2003  2 0.0057 0.0132 0.0115 0.0109 0.0094 0.0116 0.8020 0.0518 0.0182 0.0068 0.0105 0.0089 0.0122 0.0097 0.0092 0.0086 
 H029.2_2002  2 0.0282 0.0168 0.5307 0.0482 0.0075 0.0098 0.0795 0.0168 0.0398 0.0118 0.0621 0.0072 0.0099 0.0066 0.1109 0.0141 
 H029.2_2003  2 0.0075 0.0223 0.0467 0.0162 0.0053 0.0138 0.6476 0.0406 0.0324 0.0104 0.0184 0.0095 0.0078 0.0053 0.0941 0.0220 
 H029.3_2002  2 0.0615 0.0101 0.1915 0.2084 0.0110 0.0134 0.0835 0.0770 0.1307 0.0065 0.0614 0.0177 0.0085 0.0084 0.0852 0.0251 
 H029.3_2003  2 0.0052 0.0051 0.3215 0.0084 0.0080 0.0087 0.5028 0.0377 0.0314 0.0238 0.0093 0.0074 0.0060 0.0072 0.0126 0.0050 
 H029.4_2002  2 0.0205 0.0032 0.7386 0.0268 0.0086 0.0126 0.0811 0.0165 0.0239 0.0078 0.0212 0.0061 0.0077 0.0157 0.0053 0.0044 
 H029.4_2003  2 0.0130 0.0062 0.0580 0.0196 0.0070 0.0235 0.7253 0.0210 0.0432 0.0133 0.0086 0.0080 0.0297 0.0067 0.0068 0.0099 
 H029.5_2002  2 0.0116 0.0070 0.8014 0.0063 0.0129 0.0058 0.0708 0.0114 0.0092 0.0084 0.0100 0.0062 0.0078 0.0197 0.0071 0.0043 
 H029.5_2003  2 0.0042 0.0066 0.1445 0.0103 0.0086 0.0160 0.6756 0.0569 0.0132 0.0187 0.0091 0.0050 0.0093 0.0068 0.0096 0.0056 
 H029.6_2002  2 0.0333 0.0057 0.3403 0.0702 0.0095 0.0075 0.4056 0.0276 0.0237 0.0042 0.0317 0.0077 0.0047 0.0136 0.0069 0.0077 
 H029.6_2003  2 0.0121 0.0287 0.3643 0.0103 0.0082 0.0195 0.1253 0.0506 0.1471 0.0492 0.0388 0.0174 0.0198 0.0205 0.0792 0.0091 
      H029.7  2 0.0272 0.0171 0.6587 0.0408 0.0059 0.0062 0.0475 0.0084 0.0289 0.0056 0.0886 0.0052 0.0112 0.0046 0.0292 0.0149 
      H030.1  2 0.0146 0.0328 0.0532 0.0059 0.0072 0.0190 0.1650 0.0172 0.0356 0.1356 0.0122 0.4555 0.0068 0.0154 0.0137 0.0104 
      H030.2  2 0.2181 0.0137 0.1164 0.0587 0.1926 0.0310 0.0236 0.0104 0.0068 0.0532 0.0089 0.2139 0.0185 0.0206 0.0075 0.0062 
      H038.1  2 0.0059 0.0061 0.8673 0.0337 0.0067 0.0053 0.0070 0.0104 0.0059 0.0038 0.0091 0.0054 0.0102 0.0061 0.0071 0.0100 
      H038.2  2 0.0095 0.0076 0.8808 0.0070 0.0138 0.0076 0.0067 0.0060 0.0062 0.0054 0.0045 0.0131 0.0041 0.0073 0.0170 0.0033 
      H038.3  2 0.0084 0.0116 0.7597 0.0445 0.0218 0.0079 0.0052 0.0145 0.0067 0.0122 0.0094 0.0503 0.0173 0.0112 0.0145 0.0049 
      H038.4  2 0.0081 0.0082 0.8252 0.0286 0.0139 0.0056 0.0041 0.0158 0.0062 0.0095 0.0114 0.0136 0.0119 0.0220 0.0105 0.0054 
      H038.5  2 0.0144 0.0072 0.7746 0.0341 0.0062 0.0117 0.0108 0.0430 0.0160 0.0067 0.0116 0.0197 0.0183 0.0114 0.0104 0.0038 
      H038.6  2 0.0043 0.0074 0.8659 0.0152 0.0097 0.0108 0.0119 0.0104 0.0098 0.0085 0.0040 0.0110 0.0133 0.0039 0.0086 0.0053 
      H038.7  2 0.0036 0.0085 0.8559 0.0127 0.0246 0.0064 0.0055 0.0090 0.0098 0.0081 0.0044 0.0177 0.0171 0.0039 0.0093 0.0035 
      H038.8  2 0.0110 0.0088 0.7591 0.0911 0.0138 0.0078 0.0049 0.0073 0.0056 0.0065 0.0075 0.0321 0.0152 0.0156 0.0087 0.0051 
      H041.1  2 0.1066 0.0155 0.2125 0.0286 0.0156 0.0120 0.2360 0.0088 0.0198 0.1867 0.0374 0.0214 0.0091 0.0486 0.0172 0.0241 
      H041.2  2 0.0067 0.0177 0.0624 0.0295 0.0679 0.0046 0.6018 0.0095 0.0099 0.0810 0.0217 0.0081 0.0073 0.0522 0.0126 0.0071 
      H041.4  2 0.0121 0.0267 0.1386 0.0310 0.0142 0.0086 0.5597 0.0247 0.0101 0.0362 0.0419 0.0101 0.0235 0.0311 0.0105 0.0210 
      H041.6  2 0.0173 0.0215 0.1947 0.0181 0.0291 0.0080 0.4561 0.0167 0.0089 0.0358 0.0346 0.0121 0.0728 0.0370 0.0111 0.0262 
 H042.1_2002  2 0.0101 0.0284 0.0091 0.0147 0.0251 0.0387 0.6923 0.0079 0.0062 0.0067 0.0337 0.0069 0.0523 0.0427 0.0121 0.0130 
 H042.1_2003  2 0.0175 0.0712 0.0595 0.1135 0.0515 0.0488 0.0521 0.0961 0.0155 0.2617 0.0360 0.0228 0.0578 0.0638 0.0166 0.0156 
 H042.2_2002  2 0.0096 0.0079 0.0681 0.0514 0.1492 0.0161 0.5672 0.0061 0.0315 0.0115 0.0130 0.0069 0.0101 0.0267 0.0145 0.0102 
 H042.2_2003  2 0.0046 0.0507 0.1036 0.0062 0.0391 0.0168 0.3760 0.0114 0.0083 0.0277 0.0482 0.0097 0.0528 0.2157 0.0174 0.0119 
 H042.3_2002  2 0.0065 0.0110 0.0119 0.0161 0.1338 0.0490 0.4629 0.0072 0.0170 0.0144 0.0411 0.0109 0.0464 0.1481 0.0110 0.0125 
 H042.3_2003  2 0.0428 0.0175 0.0504 0.0309 0.0995 0.1496 0.2207 0.0094 0.0498 0.0488 0.0375 0.0137 0.1185 0.0757 0.0162 0.0191 
 H042.4_2002  2 0.0089 0.0234 0.0185 0.0108 0.0078 0.0070 0.8060 0.0057 0.0075 0.0099 0.0150 0.0107 0.0137 0.0331 0.0169 0.0050 
 H042.4_2003  2 0.0230 0.0344 0.0661 0.0071 0.0079 0.0108 0.7018 0.0053 0.0062 0.0152 0.0243 0.0086 0.0290 0.0187 0.0140 0.0277 
      H042.5  2 0.0053 0.0084 0.0055 0.0034 0.0048 0.0135 0.8852 0.0048 0.0049 0.0069 0.0193 0.0039 0.0090 0.0102 0.0058 0.0090 
      H042.6  2 0.0069 0.0118 0.0162 0.0137 0.0179 0.0209 0.7948 0.0046 0.0096 0.0052 0.0129 0.0064 0.0252 0.0072 0.0066 0.0401 
      H042.7  2 0.0085 0.0161 0.0189 0.0057 0.1292 0.0258 0.4493 0.0070 0.0078 0.0189 0.0860 0.0079 0.0152 0.1856 0.0102 0.0080 
      H042.8  2 0.0043 0.0135 0.0109 0.0213 0.0531 0.0197 0.7193 0.0069 0.0072 0.0192 0.0168 0.0044 0.0202 0.0533 0.0079 0.0222 
   H042_2002  2 0.0049 0.0594 0.0711 0.0383 0.2540 0.0425 0.0732 0.0139 0.0141 0.0352 0.0233 0.0090 0.2075 0.0517 0.0073 0.0947 
   H042_2003  2 0.0073 0.0945 0.0591 0.0312 0.2632 0.0322 0.0538 0.0143 0.0138 0.0352 0.0174 0.0087 0.2183 0.0303 0.0100 0.1109 
      H043.1  2 0.0135 0.0094 0.0188 0.0343 0.0146 0.0245 0.0089 0.0108 0.0136 0.0193 0.0090 0.0121 0.7746 0.0036 0.0199 0.0130 
      H043.2  2 0.0038 0.0053 0.0152 0.0141 0.0042 0.0070 0.0047 0.0074 0.0049 0.0063 0.0120 0.0043 0.8879 0.0045 0.0071 0.0114 
      H043.3  2 0.0047 0.0208 0.2131 0.0142 0.0380 0.0186 0.0104 0.0157 0.0142 0.0280 0.0083 0.0091 0.5725 0.0073 0.0125 0.0125 
      H043.4  2 0.0050 0.0154 0.0347 0.0246 0.0174 0.0102 0.0090 0.0057 0.0098 0.0096 0.0128 0.0087 0.7834 0.0053 0.0169 0.0315 
      H043.5  2 0.0050 0.0073 0.0318 0.0489 0.0089 0.0069 0.0056 0.0232 0.0082 0.0119 0.0113 0.0069 0.8069 0.0067 0.0066 0.0041 
      H043.6  2 0.0042 0.0084 0.0512 0.0444 0.0076 0.0077 0.0084 0.0072 0.0067 0.0045 0.0059 0.0077 0.8164 0.0057 0.0091 0.0049 
      H043.7  2 0.0029 0.0072 0.0100 0.0116 0.0130 0.0046 0.0060 0.0044 0.0048 0.0159 0.0046 0.0089 0.8823 0.0039 0.0044 0.0154 
      H043.8  2 0.0076 0.0067 0.0220 0.0072 0.0124 0.0114 0.0055 0.0229 0.0194 0.0138 0.0096 0.0134 0.8226 0.0068 0.0122 0.0066 
      H043.9  2 0.0128 0.0142 0.0606 0.0232 0.0326 0.0199 0.0169 0.0138 0.0179 0.0213 0.0065 0.0114 0.7138 0.0047 0.0150 0.0153 
      H047.1  2 0.0047 0.0066 0.4698 0.0073 0.0902 0.0312 0.0068 0.0062 0.0044 0.2072 0.0089 0.0056 0.1252 0.0051 0.0125 0.0082 
      H047.2  2 0.0174 0.0221 0.1801 0.0050 0.0181 0.0104 0.0141 0.0234 0.0123 0.6198 0.0152 0.0101 0.0130 0.0143 0.0168 0.0081 
      H047.3  2 0.0206 0.0164 0.1314 0.0053 0.0346 0.0092 0.0156 0.0177 0.0313 0.6239 0.0104 0.0083 0.0129 0.0331 0.0131 0.0162 
      H047.4  2 0.0101 0.0263 0.2910 0.0042 0.0926 0.0108 0.0453 0.0177 0.0155 0.3801 0.0291 0.0129 0.0160 0.0241 0.0151 0.0093 
      H047.5  2 0.0060 0.0080 0.1540 0.0036 0.0613 0.0082 0.0077 0.0105 0.0220 0.6120 0.0087 0.0121 0.0190 0.0168 0.0143 0.0358 
      H047.6  2 0.0072 0.0081 0.0290 0.0039 0.0604 0.0048 0.0422 0.0076 0.0074 0.7811 0.0078 0.0048 0.0062 0.0158 0.0072 0.0064 
      H047.7  2 0.0125 0.0061 0.3477 0.0156 0.3068 0.0205 0.0118 0.0050 0.0060 0.1181 0.0188 0.0062 0.0929 0.0108 0.0139 0.0072 
      H047.8  2 0.0080 0.0099 0.0962 0.0047 0.0822 0.0143 0.0355 0.0096 0.0091 0.6525 0.0116 0.0057 0.0191 0.0202 0.0106 0.0107 
      H047.9  2 0.0064 0.0125 0.4165 0.0042 0.1934 0.0334 0.0083 0.0099 0.0086 0.1340 0.0509 0.0107 0.0381 0.0176 0.0138 0.0416 
 H071.1_2002  2 0.0043 0.0066 0.8809 0.0045 0.0098 0.0078 0.0058 0.0046 0.0056 0.0052 0.0052 0.0074 0.0197 0.0061 0.0154 0.0111 
 H071.1_2003  2 0.0045 0.0245 0.6834 0.0105 0.0094 0.0079 0.0145 0.0103 0.0064 0.0156 0.0128 0.0315 0.0426 0.0107 0.0303 0.0851 
     H071.10  2 0.0119 0.0040 0.8921 0.0074 0.0083 0.0065 0.0073 0.0067 0.0050 0.0036 0.0043 0.0210 0.0061 0.0049 0.0059 0.0049 
 H071.2_2002  2 0.0039 0.0092 0.8450 0.0088 0.0085 0.0099 0.0062 0.0247 0.0108 0.0082 0.0085 0.0076 0.0190 0.0082 0.0104 0.0112 
 H071.2_2003  2 0.0039 0.0052 0.9265 0.0037 0.0043 0.0048 0.0052 0.0037 0.0039 0.0044 0.0040 0.0044 0.0075 0.0045 0.0073 0.0067 
      H071.3  2 0.0074 0.0042 0.8759 0.0064 0.0094 0.0064 0.0055 0.0077 0.0063 0.0257 0.0049 0.0176 0.0057 0.0067 0.0054 0.0049 
 H071.4_2002  2 0.0087 0.0070 0.8399 0.0182 0.0085 0.0098 0.0058 0.0103 0.0085 0.0049 0.0082 0.0304 0.0100 0.0096 0.0118 0.0081 
 H071.4_2003  2 0.0043 0.0036 0.9243 0.0029 0.0057 0.0070 0.0042 0.0055 0.0040 0.0067 0.0059 0.0076 0.0055 0.0034 0.0044 0.0049 
 H071.5_2002  2 0.0055 0.0048 0.9206 0.0043 0.0091 0.0059 0.0058 0.0036 0.0043 0.0040 0.0040 0.0071 0.0052 0.0053 0.0056 0.0050 
 H071.5_2003  2 0.0032 0.0081 0.8709 0.0034 0.0151 0.0098 0.0052 0.0096 0.0080 0.0092 0.0090 0.0226 0.0096 0.0052 0.0047 0.0064 
 H071.6_2002  2 0.0041 0.0051 0.8873 0.0047 0.0151 0.0151 0.0036 0.0120 0.0099 0.0039 0.0057 0.0082 0.0069 0.0048 0.0061 0.0076 
 H071.6_2003  2 0.0045 0.0067 0.9054 0.0033 0.0081 0.0069 0.0051 0.0049 0.0057 0.0046 0.0043 0.0191 0.0063 0.0043 0.0055 0.0053 
 H071.7_2002  2 0.0035 0.0047 0.9241 0.0042 0.0104 0.0056 0.0043 0.0052 0.0048 0.0054 0.0042 0.0038 0.0049 0.0046 0.0042 0.0062 
 H071.7_2003  2 0.0043 0.0070 0.8727 0.0041 0.0094 0.0097 0.0060 0.0044 0.0057 0.0067 0.0078 0.0294 0.0108 0.0047 0.0094 0.0079 
      H071.8  2 0.0046 0.0074 0.8681 0.0078 0.0061 0.0078 0.0054 0.0233 0.0059 0.0091 0.0117 0.0049 0.0109 0.0084 0.0059 0.0126 
      H071.9  2 0.0106 0.0113 0.5756 0.0139 0.0234 0.0112 0.0229 0.1647 0.0293 0.0131 0.0142 0.0462 0.0202 0.0146 0.0111 0.0179 
 H081.1_2002  2 0.0062 0.0066 0.8912 0.0047 0.0079 0.0043 0.0062 0.0061 0.0068 0.0049 0.0082 0.0075 0.0074 0.0081 0.0059 0.0182 
 H081.1_2003  2 0.0186 0.1235 0.0522 0.2822 0.0373 0.0120 0.1119 0.0709 0.0547 0.0102 0.0201 0.0808 0.0422 0.0235 0.0448 0.0153 
 H081.2_2002  2 0.0041 0.0086 0.8399 0.0049 0.0076 0.0055 0.0075 0.0050 0.0058 0.0066 0.0087 0.0051 0.0101 0.0056 0.0066 0.0684 
 H081.2_2003  2 0.0348 0.0126 0.0259 0.0097 0.0077 0.0301 0.0210 0.0393 0.0101 0.0069 0.0126 0.7028 0.0263 0.0090 0.0060 0.0452 
 H081.3_2002  2 0.0064 0.0100 0.8210 0.0066 0.0065 0.0073 0.0088 0.0234 0.0065 0.0138 0.0211 0.0135 0.0084 0.0078 0.0062 0.0326 
 H081.3_2003  2 0.0161 0.0180 0.0125 0.0149 0.0105 0.0214 0.0260 0.0648 0.0292 0.0092 0.0127 0.4368 0.2570 0.0112 0.0313 0.0285 
 H081.4_2002  2 0.0058 0.0061 0.8911 0.0043 0.0082 0.0080 0.0071 0.0089 0.0094 0.0075 0.0067 0.0089 0.0058 0.0059 0.0109 0.0055 
 H081.4_2003  2 0.0113 0.0302 0.0181 0.0131 0.0097 0.0151 0.1125 0.0267 0.0353 0.0082 0.0111 0.5899 0.0452 0.0175 0.0304 0.0255 
 H081.5_2002  2 0.0039 0.0087 0.8816 0.0056 0.0064 0.0055 0.0106 0.0102 0.0076 0.0074 0.0091 0.0118 0.0102 0.0063 0.0079 0.0073 
 H081.5_2003  2 0.0113 0.1136 0.0578 0.0251 0.0542 0.0110 0.1056 0.0331 0.0566 0.0214 0.0207 0.2340 0.0852 0.0325 0.0344 0.1035 
      H081.6  2 0.0043 0.0060 0.9000 0.0049 0.0080 0.0061 0.0053 0.0052 0.0065 0.0047 0.0066 0.0077 0.0080 0.0068 0.0077 0.0121 
      H081.7  2 0.0056 0.0090 0.8230 0.0047 0.0046 0.0062 0.0064 0.0119 0.0086 0.0073 0.0161 0.0137 0.0103 0.0080 0.0080 0.0566 
      H081.8  2 0.0186 0.0095 0.6236 0.0160 0.0108 0.0081 0.0135 0.1365 0.0138 0.0084 0.0259 0.0628 0.0098 0.0149 0.0135 0.0143 
      H083.1  2 0.0217 0.0060 0.8240 0.0089 0.0185 0.0078 0.0148 0.0126 0.0130 0.0082 0.0064 0.0111 0.0069 0.0050 0.0261 0.0090 
      H083.2  2 0.0239 0.0129 0.7752 0.0079 0.0118 0.0099 0.0079 0.0104 0.0198 0.0400 0.0099 0.0081 0.0237 0.0061 0.0105 0.0218 
      H083.4  2 0.0804 0.0066 0.7583 0.0140 0.0091 0.0133 0.0103 0.0303 0.0134 0.0110 0.0138 0.0072 0.0078 0.0067 0.0045 0.0134 
      H083.5  2 0.0723 0.0081 0.7466 0.0232 0.0113 0.0098 0.0326 0.0190 0.0096 0.0104 0.0123 0.0070 0.0081 0.0076 0.0108 0.0112 
      H083.6  2 0.1001 0.0048 0.6761 0.0099 0.0087 0.0128 0.0159 0.0590 0.0262 0.0055 0.0203 0.0185 0.0063 0.0112 0.0140 0.0107 
      H083.7  2 0.2440 0.0052 0.5933 0.0106 0.0060 0.0132 0.0073 0.0305 0.0097 0.0117 0.0164 0.0067 0.0095 0.0113 0.0065 0.0181 
      H083.8  2 0.0322 0.0107 0.7494 0.0083 0.0090 0.0093 0.0119 0.0160 0.0163 0.0585 0.0142 0.0076 0.0154 0.0095 0.0158 0.0158 
      H083.9  2 0.1152 0.0061 0.7572 0.0079 0.0082 0.0069 0.0218 0.0144 0.0094 0.0077 0.0086 0.0065 0.0045 0.0077 0.0109 0.0071 
      H084.1  2 0.0124 0.0187 0.0100 0.1086 0.0154 0.0097 0.0166 0.0105 0.0223 0.0236 0.0065 0.7011 0.0113 0.0169 0.0079 0.0087 
      H084.2  2 0.0085 0.0140 0.0080 0.1335 0.0065 0.0114 0.0716 0.0125 0.0272 0.0057 0.0077 0.6655 0.0122 0.0048 0.0067 0.0041 
      H084.3  2 0.0127 0.0142 0.0073 0.2799 0.0462 0.0112 0.0216 0.0114 0.0197 0.0093 0.0080 0.3482 0.0104 0.1490 0.0443 0.0067 
      H084.4  2 0.0080 0.0297 0.0083 0.3188 0.0379 0.0082 0.0770 0.0416 0.0302 0.0409 0.0278 0.2878 0.0108 0.0561 0.0130 0.0038 
      H084.5  2 0.0071 0.0114 0.0064 0.0434 0.1442 0.0058 0.0078 0.0123 0.0175 0.0301 0.0056 0.6373 0.0070 0.0437 0.0125 0.0079 
      H084.6  2 0.0420 0.0079 0.0057 0.1093 0.0330 0.0042 0.0082 0.0266 0.0080 0.0250 0.0102 0.6306 0.0070 0.0450 0.0292 0.0081 
      H084.7  2 0.0064 0.0078 0.0081 0.0175 0.0099 0.0162 0.0365 0.0103 0.0406 0.0125 0.0196 0.7830 0.0098 0.0070 0.0081 0.0067 
      H084.8  2 0.0093 0.0078 0.0057 0.1200 0.0301 0.0060 0.0116 0.0133 0.0121 0.0533 0.0108 0.6380 0.0066 0.0546 0.0123 0.0085 
 H085.1_2002  2 0.0137 0.0063 0.0153 0.0125 0.0086 0.0051 0.0200 0.0073 0.0096 0.0053 0.0088 0.0102 0.0100 0.0060 0.0113 0.8500 
 H085.1_2003  2 0.0602 0.0091 0.3998 0.0209 0.0053 0.0115 0.1066 0.0282 0.0908 0.0312 0.0405 0.0331 0.0085 0.0204 0.0086 0.1253 
 H085.2_2002  2 0.1101 0.0459 0.0231 0.0933 0.0152 0.0082 0.0433 0.0143 0.0377 0.0072 0.1656 0.0559 0.0303 0.0333 0.0136 0.3029 
 H085.2_2003  2 0.0273 0.0151 0.6115 0.0117 0.0079 0.0144 0.0932 0.0477 0.0319 0.0476 0.0175 0.0128 0.0087 0.0141 0.0125 0.0261 
 H085.3_2002  2 0.0127 0.0144 0.0086 0.0043 0.0048 0.0059 0.0200 0.0048 0.0061 0.0081 0.0188 0.0074 0.0094 0.0098 0.0047 0.8602 
 H085.3_2003  2 0.0068 0.0076 0.7634 0.0045 0.0046 0.0227 0.0160 0.0062 0.0209 0.0314 0.0074 0.0291 0.0073 0.0229 0.0070 0.0423 
 H085.4_2002  2 0.0310 0.0192 0.1005 0.0391 0.0167 0.0152 0.0313 0.0130 0.0198 0.0067 0.0470 0.0292 0.0369 0.0261 0.0271 0.5414 
 H085.4_2003  2 0.0066 0.0334 0.6825 0.0077 0.0491 0.0076 0.0582 0.0077 0.0085 0.0092 0.0139 0.0297 0.0165 0.0443 0.0129 0.0122 
 H085.5_2002  2 0.0046 0.0070 0.0087 0.0047 0.0042 0.0068 0.0078 0.0048 0.0046 0.0092 0.0072 0.0083 0.0086 0.0083 0.0050 0.9001 
 H085.5_2003  2 0.0264 0.0067 0.8027 0.0070 0.0039 0.0143 0.0341 0.0090 0.0188 0.0147 0.0094 0.0129 0.0061 0.0074 0.0074 0.0190 
