      H105.1  1 0.0101 0.8224 0.0120 0.0227 0.0116 0.0072 0.0226 0.0091 0.0309 0.0178 0.0088 0.0089 0.0161 
      H105.2  1 0.0143 0.6985 0.0321 0.0729 0.0254 0.0192 0.0143 0.0170 0.0165 0.0395 0.0147 0.0115 0.0241 
      H105.3  1 0.0139 0.8646 0.0059 0.0172 0.0053 0.0093 0.0086 0.0116 0.0072 0.0119 0.0068 0.0087 0.0289 
      H105.4  1 0.0146 0.7327 0.0178 0.0176 0.0209 0.0111 0.0397 0.0500 0.0083 0.0278 0.0067 0.0101 0.0428 
      H105.5  1 0.0316 0.0887 0.0280 0.0668 0.0594 0.0344 0.0784 0.1005 0.1025 0.0262 0.0110 0.0119 0.3605 
      H105.6  1 0.0193 0.8556 0.0084 0.0083 0.0089 0.0082 0.0165 0.0323 0.0042 0.0068 0.0048 0.0079 0.0188 
      H105.7  1 0.0060 0.8629 0.0223 0.0078 0.0063 0.0078 0.0186 0.0071 0.0149 0.0068 0.0056 0.0203 0.0135 
      H105.8  1 0.0055 0.8559 0.0095 0.0171 0.0109 0.0059 0.0091 0.0099 0.0080 0.0203 0.0112 0.0265 0.0102 
      H115.1  1 0.0426 0.0282 0.0208 0.0271 0.0633 0.0215 0.0106 0.5946 0.0296 0.0351 0.0145 0.0536 0.0584 
      H115.2  1 0.0181 0.0151 0.0084 0.0091 0.0846 0.0153 0.0075 0.7673 0.0258 0.0144 0.0130 0.0094 0.0120 
      H115.3  1 0.0099 0.0100 0.0089 0.0087 0.0356 0.0079 0.0078 0.8657 0.0180 0.0081 0.0081 0.0057 0.0057 
      H115.4  1 0.0139 0.0142 0.0097 0.0393 0.7181 0.0315 0.0162 0.0400 0.0489 0.0269 0.0074 0.0108 0.0232 
      H115.5  1 0.0222 0.0347 0.0159 0.1999 0.0314 0.0251 0.0410 0.4512 0.0348 0.0159 0.0602 0.0392 0.0287 
      H115.6  1 0.0474 0.0146 0.0227 0.0208 0.0489 0.0383 0.0090 0.7177 0.0395 0.0075 0.0146 0.0101 0.0088 
      H115.7  1 0.0404 0.0179 0.0618 0.0581 0.1308 0.2555 0.0110 0.3395 0.0282 0.0202 0.0073 0.0059 0.0235 
      H115.8  1 0.0210 0.0172 0.0130 0.0248 0.0265 0.0183 0.0101 0.7066 0.0233 0.0109 0.0847 0.0351 0.0086 
      H115.9  1 0.0070 0.0070 0.0074 0.0066 0.0094 0.0080 0.0112 0.8630 0.0143 0.0086 0.0063 0.0335 0.0177 
      H145.1  1 0.0240 0.0070 0.0048 0.0041 0.0063 0.0148 0.8527 0.0105 0.0070 0.0059 0.0422 0.0079 0.0127 
      H145.2  1 0.0254 0.0075 0.0053 0.0045 0.0099 0.0129 0.8432 0.0137 0.0092 0.0091 0.0391 0.0068 0.0134 
      H145.3  1 0.0075 0.0050 0.0054 0.0246 0.0083 0.0093 0.8246 0.0076 0.0078 0.0039 0.0600 0.0279 0.0081 
      H145.4  1 0.0205 0.0066 0.0057 0.0056 0.0068 0.0260 0.8801 0.0055 0.0065 0.0050 0.0176 0.0063 0.0077 
      H145.5  1 0.0356 0.0058 0.0066 0.0147 0.0090 0.0318 0.5341 0.0061 0.0092 0.0089 0.3082 0.0107 0.0193 
      H145.6  1 0.0144 0.0055 0.0073 0.0091 0.0078 0.0089 0.8714 0.0118 0.0064 0.0052 0.0373 0.0070 0.0080 
      H145.7  1 0.0183 0.0057 0.0055 0.0194 0.0103 0.0139 0.8803 0.0069 0.0089 0.0060 0.0074 0.0077 0.0097 
      H149.1  1 0.9414 0.0045 0.0043 0.0044 0.0042 0.0041 0.0056 0.0059 0.0051 0.0045 0.0045 0.0051 0.0065 
      H149.2  1 0.9062 0.0065 0.0078 0.0068 0.0047 0.0077 0.0130 0.0043 0.0178 0.0053 0.0038 0.0046 0.0114 
      H149.3  1 0.7842 0.0132 0.0267 0.0138 0.0097 0.0250 0.0332 0.0089 0.0334 0.0242 0.0050 0.0110 0.0116 
      H149.4  1 0.8963 0.0127 0.0092 0.0075 0.0114 0.0069 0.0060 0.0070 0.0097 0.0121 0.0105 0.0044 0.0063 
      H149.5  1 0.5284 0.0271 0.0785 0.0122 0.0232 0.0187 0.0758 0.0055 0.1440 0.0269 0.0061 0.0144 0.0391 
      H149.6  1 0.8689 0.0107 0.0214 0.0060 0.0062 0.0125 0.0158 0.0041 0.0209 0.0061 0.0052 0.0058 0.0164 
      H149.7  1 0.5774 0.0382 0.0929 0.0115 0.0204 0.0305 0.0218 0.0074 0.0469 0.1020 0.0125 0.0186 0.0200 
      H150.1  1 0.0058 0.0158 0.0059 0.0146 0.0461 0.0120 0.0099 0.8451 0.0088 0.0043 0.0124 0.0105 0.0087 
      H150.2  1 0.0298 0.0206 0.0176 0.0123 0.2320 0.0262 0.0051 0.5659 0.0169 0.0083 0.0449 0.0086 0.0120 
      H150.3  1 0.0221 0.0168 0.0341 0.0281 0.0623 0.1298 0.0137 0.6128 0.0105 0.0114 0.0225 0.0222 0.0136 
      H150.4  1 0.0055 0.0090 0.0094 0.0132 0.0127 0.0202 0.0127 0.8675 0.0080 0.0055 0.0191 0.0114 0.0057 
      H150.5  1 0.0112 0.0272 0.0172 0.0121 0.1779 0.0294 0.0103 0.6403 0.0358 0.0116 0.0070 0.0104 0.0096 
      H150.6  1 0.0205 0.1101 0.0205 0.0588 0.5118 0.0324 0.0061 0.1393 0.0515 0.0109 0.0169 0.0055 0.0155 
      H150.7  1 0.0070 0.0061 0.0047 0.0061 0.0113 0.0102 0.0068 0.9164 0.0046 0.0044 0.0091 0.0076 0.0056 
   H169607.1  1 0.0247 0.0158 0.1015 0.0319 0.1674 0.0493 0.1007 0.0560 0.0231 0.1575 0.0412 0.0317 0.1994 
   H169607.2  1 0.0342 0.0074 0.0162 0.0085 0.0557 0.0146 0.6749 0.0425 0.0176 0.0359 0.0049 0.0422 0.0453 
   H169607.3  1 0.0122 0.0102 0.1786 0.0292 0.0575 0.0160 0.3368 0.0332 0.1011 0.0500 0.0159 0.0586 0.1007 
   H169607.4  1 0.0582 0.0075 0.0174 0.0094 0.0204 0.0145 0.6824 0.0294 0.0104 0.0355 0.0087 0.0094 0.0969 
   H169607.5  1 0.0384 0.0090 0.0156 0.0100 0.4096 0.0197 0.2513 0.0460 0.0719 0.0113 0.0105 0.0453 0.0614 
   H169607.6  1 0.0178 0.0086 0.0140 0.0121 0.0343 0.0078 0.7722 0.0155 0.0161 0.0317 0.0057 0.0242 0.0401 
   H169607.7  1 0.0202 0.0140 0.0156 0.0197 0.3368 0.0128 0.3386 0.0295 0.0174 0.0986 0.0083 0.0690 0.0195 
   H169607.8  1 0.0174 0.0063 0.0143 0.0066 0.0118 0.0110 0.7261 0.0199 0.0086 0.0344 0.0062 0.0180 0.1194 
   H169633.1  1 0.7080 0.0180 0.0125 0.0575 0.0103 0.0393 0.0231 0.0206 0.0161 0.0370 0.0321 0.0158 0.0099 
   H169633.2  1 0.5406 0.0454 0.0440 0.0338 0.0196 0.0449 0.0113 0.0062 0.0086 0.1418 0.0238 0.0398 0.0402 
   H169633.3  1 0.8197 0.0187 0.0076 0.0125 0.0083 0.0351 0.0076 0.0059 0.0163 0.0126 0.0080 0.0340 0.0135 
   H169633.4  1 0.8583 0.0123 0.0042 0.0229 0.0056 0.0136 0.0089 0.0121 0.0134 0.0073 0.0226 0.0087 0.0101 
   H169633.5  1 0.8606 0.0144 0.0045 0.0164 0.0065 0.0120 0.0093 0.0133 0.0190 0.0084 0.0201 0.0063 0.0093 
   H169688.1  1 0.0344 0.0071 0.2994 0.1658 0.1051 0.0079 0.2930 0.0087 0.0081 0.0356 0.0047 0.0151 0.0150 
   H169688.2  1 0.0083 0.0129 0.4107 0.1149 0.2640 0.0074 0.0292 0.0174 0.0134 0.0777 0.0200 0.0161 0.0080 
   H169688.3  1 0.0180 0.0075 0.0720 0.0275 0.7742 0.0080 0.0212 0.0112 0.0116 0.0310 0.0071 0.0048 0.0058 
   H169688.4  1 0.0116 0.0097 0.0332 0.0282 0.6040 0.0061 0.0200 0.2127 0.0184 0.0160 0.0238 0.0100 0.0064 
   H169688.5  1 0.0110 0.0096 0.0323 0.0229 0.6091 0.0076 0.0162 0.2142 0.0148 0.0213 0.0231 0.0110 0.0068 
   H169688.6  1 0.0142 0.0265 0.1184 0.0695 0.5663 0.0057 0.0593 0.0231 0.0089 0.0474 0.0374 0.0117 0.0118 
   H169688.7  1 0.0154 0.0067 0.0344 0.0263 0.8115 0.0102 0.0310 0.0121 0.0116 0.0176 0.0092 0.0085 0.0058 
   H171901.1  1 0.0173 0.0254 0.2966 0.0341 0.1733 0.1648 0.0532 0.0792 0.0203 0.0127 0.0980 0.0103 0.0148 
   H171901.2  1 0.9042 0.0088 0.0058 0.0068 0.0098 0.0082 0.0095 0.0111 0.0080 0.0068 0.0062 0.0078 0.0069 
   H171901.3  1 0.8260 0.0071 0.0216 0.0220 0.0168 0.0093 0.0074 0.0295 0.0133 0.0156 0.0074 0.0124 0.0115 
   H171901.4  1 0.8733 0.0173 0.0075 0.0108 0.0157 0.0069 0.0077 0.0139 0.0071 0.0091 0.0066 0.0096 0.0145 
   H171901.5  1 0.8706 0.0125 0.0122 0.0051 0.0169 0.0058 0.0087 0.0118 0.0088 0.0160 0.0070 0.0073 0.0175 
   H171901.6  1 0.8255 0.0252 0.0218 0.0046 0.0234 0.0124 0.0106 0.0131 0.0082 0.0141 0.0051 0.0088 0.0272 
   H171901.7  1 0.8040 0.0089 0.0180 0.0094 0.0593 0.0107 0.0132 0.0139 0.0136 0.0117 0.0071 0.0207 0.0094 
   H171902.1  1 0.3970 0.0089 0.0172 0.0271 0.0361 0.0117 0.0349 0.0578 0.0060 0.1012 0.2073 0.0213 0.0733 
  H171902.10  1 0.8425 0.0051 0.0060 0.0121 0.0137 0.0052 0.0135 0.0122 0.0058 0.0566 0.0143 0.0068 0.0064 
   H171902.2  1 0.2929 0.0252 0.0588 0.1651 0.0202 0.0106 0.0182 0.0196 0.0097 0.2094 0.0839 0.0647 0.0219 
   H171902.3  1 0.7212 0.0072 0.0139 0.0157 0.0259 0.0104 0.0207 0.0302 0.0067 0.0987 0.0169 0.0133 0.0192 
   H171902.4  1 0.8879 0.0049 0.0076 0.0091 0.0040 0.0081 0.0086 0.0132 0.0060 0.0057 0.0292 0.0109 0.0048 
   H171902.6  1 0.8291 0.0044 0.0064 0.0083 0.0099 0.0085 0.0197 0.0173 0.0063 0.0513 0.0168 0.0102 0.0117 
   H171902.7  1 0.8077 0.0063 0.0179 0.0052 0.0158 0.0098 0.0198 0.0151 0.0089 0.0134 0.0581 0.0093 0.0125 
   H171902.8  1 0.7475 0.0053 0.0132 0.0152 0.0154 0.0211 0.0200 0.0247 0.0064 0.0798 0.0240 0.0111 0.0162 
   H171902.9  1 0.4806 0.0143 0.0173 0.0113 0.0231 0.0163 0.0387 0.2448 0.0077 0.0294 0.0814 0.0162 0.0189 
   H171903.1  1 0.0149 0.0170 0.0136 0.0060 0.1464 0.0074 0.6887 0.0202 0.0238 0.0082 0.0063 0.0242 0.0233 
   H171903.2  1 0.0113 0.0243 0.0222 0.0100 0.1317 0.0089 0.4710 0.0363 0.0718 0.0157 0.0141 0.0548 0.1278 
   H171903.3  1 0.0379 0.0184 0.0330 0.0082 0.2713 0.0202 0.0795 0.0302 0.2332 0.0133 0.0162 0.0358 0.2027 
   H171903.4  1 0.0221 0.0130 0.6541 0.0121 0.0669 0.0340 0.0844 0.0336 0.0342 0.0093 0.0106 0.0098 0.0159 
   H171903.5  1 0.0264 0.0146 0.0264 0.0130 0.4733 0.0098 0.0390 0.0213 0.2099 0.0422 0.0137 0.0264 0.0840 
   H171903.6  1 0.0533 0.0095 0.0360 0.0083 0.6089 0.0077 0.0924 0.0326 0.0899 0.0142 0.0062 0.0160 0.0250 
      H177.1  1 0.6452 0.0058 0.2178 0.0048 0.0215 0.0079 0.0222 0.0113 0.0122 0.0184 0.0074 0.0073 0.0180 
      H177.2  1 0.2373 0.0115 0.0222 0.0179 0.0822 0.0199 0.0692 0.0286 0.1006 0.1736 0.0204 0.0717 0.1448 
      H177.3  1 0.6042 0.0067 0.0196 0.0059 0.0496 0.0238 0.0538 0.0406 0.0401 0.0707 0.0197 0.0172 0.0483 
      H177.4  1 0.3815 0.0211 0.2541 0.0052 0.0183 0.0087 0.0497 0.0067 0.0347 0.1340 0.0104 0.0160 0.0596 
      H177.5  1 0.0650 0.0254 0.6687 0.0144 0.0300 0.0095 0.0273 0.0157 0.0814 0.0160 0.0080 0.0208 0.0177 
      H177.6  1 0.7711 0.0057 0.0112 0.0055 0.0249 0.0171 0.0155 0.0371 0.0246 0.0356 0.0146 0.0119 0.0253 
      H179.1  1 0.0100 0.0118 0.0265 0.0103 0.0098 0.0090 0.0044 0.0133 0.0071 0.8722 0.0052 0.0083 0.0120 
      H179.2  1 0.0113 0.0117 0.0209 0.0067 0.0308 0.0129 0.0058 0.0099 0.0229 0.8165 0.0044 0.0184 0.0279 
      H179.3  1 0.0103 0.0150 0.1133 0.0214 0.0597 0.0093 0.0128 0.0253 0.0194 0.6488 0.0070 0.0484 0.0091 
      H179.4  1 0.0310 0.0161 0.0254 0.0293 0.0348 0.0138 0.0261 0.0072 0.0148 0.5975 0.0054 0.0334 0.1651 
      H180.1  1 0.0061 0.0186 0.0098 0.0328 0.8325 0.0066 0.0047 0.0099 0.0195 0.0200 0.0163 0.0060 0.0171 
      H180.2  1 0.0130 0.0379 0.0115 0.0796 0.7288 0.0088 0.0073 0.0404 0.0099 0.0177 0.0177 0.0066 0.0209 
      H180.3  1 0.0062 0.0146 0.0087 0.0179 0.5707 0.0113 0.0123 0.1517 0.0269 0.0070 0.0285 0.0725 0.0718 
      H180.4  1 0.0373 0.1532 0.0172 0.0458 0.5546 0.0108 0.0106 0.0129 0.0590 0.0431 0.0300 0.0165 0.0089 
      H180.5  1 0.0194 0.0267 0.0254 0.0338 0.6928 0.0112 0.0128 0.0227 0.0401 0.0328 0.0393 0.0286 0.0145 
      H180.6  1 0.0209 0.0227 0.0094 0.0443 0.1074 0.0401 0.0288 0.0187 0.0224 0.0103 0.0592 0.6042 0.0117 
      H181.1  1 0.1827 0.0094 0.0133 0.2413 0.0152 0.0081 0.0452 0.0096 0.2198 0.1719 0.0190 0.0095 0.0549 
      H181.2  1 0.1273 0.0143 0.0160 0.0960 0.0220 0.0205 0.0394 0.0099 0.0277 0.5828 0.0169 0.0087 0.0186 
      H181.3  1 0.0733 0.0088 0.0177 0.1518 0.0082 0.0118 0.0222 0.0083 0.0178 0.6501 0.0137 0.0071 0.0090 
      H181.4  1 0.1111 0.0123 0.0334 0.0935 0.0411 0.0231 0.0416 0.0484 0.3980 0.0769 0.0050 0.0117 0.1039 
      H181.5  1 0.0119 0.0102 0.0216 0.0462 0.0060 0.0228 0.0084 0.0055 0.0133 0.8205 0.0129 0.0101 0.0106 
      H181.6  1 0.0256 0.0315 0.0174 0.0107 0.0258 0.0145 0.0154 0.0197 0.0137 0.7709 0.0074 0.0110 0.0365 
      H181.7  1 0.0197 0.0159 0.0113 0.0118 0.0122 0.0085 0.0140 0.0126 0.0141 0.8326 0.0078 0.0174 0.0219 
 H194.1_2004  1 0.2597 0.0122 0.0220 0.0086 0.0910 0.0352 0.4971 0.0162 0.0148 0.0068 0.0084 0.0193 0.0088 
 H194.2_2004  1 0.0889 0.0053 0.2339 0.0064 0.0216 0.0497 0.5118 0.0076 0.0286 0.0058 0.0260 0.0079 0.0067 
 H194.3_2004  1 0.7018 0.0107 0.0160 0.0050 0.0102 0.0377 0.1500 0.0084 0.0078 0.0145 0.0118 0.0095 0.0166 
 H194.4_2004  1 0.1901 0.0071 0.1791 0.0071 0.0115 0.0163 0.5212 0.0078 0.0094 0.0087 0.0179 0.0095 0.0144 
 H194.5_2004  1 0.5074 0.0439 0.0305 0.0075 0.0140 0.0325 0.2314 0.0096 0.0098 0.0153 0.0070 0.0318 0.0593 
 H194.6_2004  1 0.4171 0.0096 0.2699 0.0083 0.0155 0.0188 0.0574 0.0144 0.0126 0.0197 0.0120 0.0215 0.1233 
 H194.7_2004  1 0.0608 0.0128 0.0366 0.0129 0.0203 0.0375 0.6438 0.0078 0.0175 0.0062 0.0084 0.1270 0.0085 
 H194.8_2004  1 0.2690 0.0121 0.3353 0.0114 0.0188 0.0511 0.1482 0.0132 0.0163 0.0094 0.0197 0.0245 0.0709 
      H194.9  1 0.1708 0.0134 0.0501 0.0146 0.0152 0.0857 0.4731 0.0138 0.0133 0.0065 0.0136 0.1185 0.0115 
 H195.1_2003  1 0.0535 0.5851 0.0816 0.0151 0.0294 0.0314 0.1182 0.0153 0.0092 0.0146 0.0054 0.0113 0.0299 
 H195.1_2004  1 0.0726 0.0133 0.0066 0.0395 0.0186 0.0800 0.6307 0.0090 0.0159 0.0403 0.0559 0.0072 0.0103 
 H195.2_2003  1 0.0221 0.0478 0.0272 0.0083 0.0303 0.0086 0.7479 0.0222 0.0065 0.0114 0.0115 0.0234 0.0327 
 H195.2_2004  1 0.0137 0.0188 0.0105 0.0181 0.0139 0.0113 0.8463 0.0052 0.0071 0.0081 0.0284 0.0099 0.0087 
 H195.3_2003  1 0.0109 0.3187 0.0705 0.0146 0.0587 0.0158 0.3550 0.0696 0.0104 0.0127 0.0095 0.0188 0.0349 
 H195.3_2004  1 0.0729 0.0173 0.0066 0.0132 0.0071 0.0153 0.8123 0.0043 0.0083 0.0098 0.0158 0.0070 0.0100 
 H195.4_2003  1 0.0676 0.1738 0.0208 0.0076 0.0231 0.0774 0.5450 0.0122 0.0150 0.0137 0.0074 0.0093 0.0271 
 H195.4_2004  1 0.0071 0.0073 0.0091 0.0259 0.0067 0.0079 0.8905 0.0050 0.0069 0.0074 0.0073 0.0124 0.0064 
 H195.5_2003  1 0.0469 0.6816 0.0485 0.0279 0.0309 0.0359 0.0548 0.0145 0.0097 0.0098 0.0060 0.0092 0.0244 
 H195.5_2004  1 0.0142 0.0168 0.0054 0.0362 0.0090 0.0206 0.8248 0.0057 0.0090 0.0149 0.0305 0.0062 0.0065 
 H195.6_2003  1 0.0093 0.0843 0.0096 0.0137 0.0197 0.0072 0.7998 0.0108 0.0080 0.0080 0.0093 0.0090 0.0113 
 H195.6_2004  1 0.0147 0.0109 0.0060 0.0057 0.0077 0.0104 0.8902 0.0034 0.0043 0.0115 0.0170 0.0091 0.0091 
 H195.7_2003  1 0.0155 0.0550 0.3581 0.0137 0.1009 0.0204 0.3484 0.0063 0.0098 0.0177 0.0043 0.0199 0.0300 
 H195.7_2004  1 0.0134 0.0158 0.0053 0.0433 0.0166 0.0226 0.6115 0.0112 0.0133 0.0241 0.2094 0.0061 0.0074 
      H195.8  1 0.0098 0.0103 0.0065 0.0676 0.0115 0.0175 0.8259 0.0085 0.0099 0.0092 0.0108 0.0073 0.0050 
      H195.9  1 0.0299 0.0077 0.0121 0.0092 0.0129 0.0131 0.8714 0.0053 0.0079 0.0071 0.0080 0.0076 0.0076 
      H415.1  1 0.2344 0.0550 0.0441 0.0107 0.0589 0.0840 0.0272 0.1443 0.0139 0.0347 0.1438 0.0722 0.0767 
      H415.2  1 0.3821 0.0110 0.0186 0.0038 0.0486 0.0169 0.0113 0.0595 0.0198 0.0266 0.0298 0.0094 0.3626 
      H415.3  1 0.1182 0.0330 0.0335 0.0036 0.0597 0.0617 0.0080 0.0174 0.0231 0.1486 0.0152 0.0158 0.4624 
      H415.4  1 0.0611 0.0310 0.0245 0.0094 0.0256 0.1278 0.0107 0.0955 0.0225 0.0110 0.0353 0.0534 0.4923 
      H415.5  1 0.1335 0.0260 0.0214 0.0055 0.0922 0.0536 0.0102 0.0099 0.0202 0.0301 0.0292 0.0106 0.5576 
      H415.6  1 0.0389 0.0307 0.0225 0.0129 0.0500 0.1482 0.0118 0.0933 0.0292 0.0105 0.0367 0.0518 0.4635 
      H415.7  1 0.3763 0.0125 0.0150 0.0042 0.0167 0.0155 0.0113 0.0159 0.0228 0.0403 0.0156 0.0093 0.4445 
      H506.1  1 0.0119 0.0159 0.0064 0.0145 0.0060 0.0059 0.0044 0.0039 0.0068 0.8610 0.0086 0.0069 0.0479 
      H506.2  1 0.0155 0.0044 0.0047 0.0045 0.0039 0.0054 0.0070 0.0056 0.0045 0.9037 0.0063 0.0048 0.0297 
      H506.3  1 0.0081 0.0123 0.0125 0.0136 0.0051 0.0073 0.0047 0.0046 0.0105 0.8672 0.0351 0.0079 0.0111 
      H506.4  1 0.0091 0.0108 0.0136 0.0114 0.0093 0.0063 0.0080 0.0071 0.0104 0.8569 0.0178 0.0112 0.0280 
      H506.5  1 0.0163 0.0070 0.0061 0.0063 0.0048 0.0045 0.0058 0.0056 0.0041 0.8888 0.0079 0.0057 0.0371 
      H506.6  1 0.0055 0.0057 0.0103 0.0075 0.0078 0.0055 0.0120 0.0122 0.0136 0.8832 0.0169 0.0081 0.0117 
      H506.7  1 0.0138 0.0081 0.0043 0.0065 0.0040 0.0040 0.0076 0.0044 0.0042 0.9101 0.0063 0.0064 0.0204 
      H533.1  1 0.0124 0.0072 0.0047 0.0089 0.0114 0.0052 0.0043 0.0035 0.0077 0.9036 0.0111 0.0056 0.0144 
      H533.2  1 0.0178 0.0067 0.0049 0.0114 0.0089 0.0045 0.0046 0.0041 0.0080 0.8869 0.0182 0.0063 0.0177 
      H533.3  1 0.0163 0.0061 0.0066 0.0077 0.0235 0.0054 0.0076 0.0110 0.0270 0.8432 0.0094 0.0108 0.0253 
      H533.4  1 0.0831 0.0098 0.0114 0.0221 0.0585 0.0112 0.0213 0.0215 0.0223 0.6742 0.0229 0.0094 0.0322 
      H535.1  1 0.0116 0.0053 0.0149 0.0047 0.0135 0.0070 0.0124 0.0082 0.0092 0.0095 0.0045 0.0082 0.8911 
      H535.2  1 0.0135 0.0209 0.0158 0.0580 0.0096 0.0075 0.0476 0.0049 0.0214 0.0270 0.0039 0.0457 0.7242 
      H535.3  1 0.0072 0.0421 0.0160 0.0892 0.0113 0.0050 0.0260 0.0079 0.0141 0.0111 0.0054 0.0236 0.7412 
      H535.4  1 0.0123 0.0286 0.0071 0.0176 0.0092 0.0086 0.0145 0.0045 0.0087 0.0063 0.0038 0.0061 0.8727 
      H535.5  1 0.0094 0.0061 0.0102 0.0081 0.0141 0.0061 0.0162 0.0046 0.0076 0.0070 0.0036 0.0076 0.8994 
      H535.6  1 0.0065 0.0061 0.0818 0.0171 0.0136 0.0186 0.0576 0.0138 0.0104 0.0142 0.0045 0.0148 0.7411 
      H535.7  1 0.0069 0.0119 0.0124 0.0069 0.0120 0.0040 0.0100 0.0060 0.0057 0.0081 0.0042 0.0073 0.9047 
      H535.8  1 0.0054 0.0129 0.0380 0.0207 0.0135 0.0046 0.0305 0.0071 0.0043 0.0070 0.0050 0.0110 0.8399 
      H535.9  1 0.0076 0.0226 0.0070 0.0096 0.0098 0.0090 0.0108 0.0224 0.0053 0.0093 0.0061 0.0089 0.8715 
      H539.1  1 0.0045 0.0041 0.0042 0.0036 0.0043 0.0040 0.0092 0.9408 0.0037 0.0034 0.0060 0.0067 0.0054 
      H539.2  1 0.0116 0.0103 0.0130 0.0271 0.7441 0.0106 0.0122 0.0907 0.0130 0.0153 0.0162 0.0135 0.0224 
      H539.3  1 0.0116 0.0115 0.0334 0.0145 0.0263 0.0113 0.0682 0.7363 0.0075 0.0071 0.0285 0.0327 0.0113 
      H539.4  1 0.0063 0.0105 0.0091 0.0065 0.0169 0.0053 0.0045 0.8865 0.0113 0.0092 0.0157 0.0100 0.0083 
      H539.5  1 0.0053 0.0034 0.0047 0.0041 0.0070 0.0050 0.0086 0.9245 0.0051 0.0038 0.0059 0.0150 0.0077 
      H539.6  1 0.0058 0.0052 0.0056 0.0062 0.0142 0.0099 0.0076 0.9009 0.0049 0.0045 0.0078 0.0204 0.0071 
      H539.7  1 0.0058 0.0044 0.0064 0.0040 0.0111 0.0054 0.0046 0.9346 0.0049 0.0044 0.0044 0.0057 0.0044 
      H539.8  1 0.0155 0.0313 0.0462 0.0203 0.0523 0.0144 0.0115 0.6968 0.0143 0.0083 0.0653 0.0103 0.0134 
      H539.9  1 0.0045 0.0064 0.0048 0.0062 0.0079 0.0045 0.0052 0.9191 0.0061 0.0051 0.0120 0.0137 0.0045 
      H540.1  1 0.0134 0.0047 0.0093 0.0074 0.0270 0.0068 0.0135 0.8564 0.0209 0.0099 0.0102 0.0093 0.0113 
      H540.2  1 0.0080 0.0037 0.0069 0.0039 0.0094 0.0075 0.0057 0.9219 0.0077 0.0081 0.0051 0.0060 0.0061 
      H540.3  1 0.0276 0.0072 0.0281 0.0157 0.0171 0.0587 0.0070 0.5356 0.0486 0.0141 0.2126 0.0057 0.0221 
      H540.4  1 0.0081 0.0057 0.0128 0.0067 0.0255 0.0126 0.0071 0.8642 0.0183 0.0179 0.0053 0.0060 0.0097 
      H540.5  1 0.0192 0.0041 0.0109 0.0103 0.0124 0.0087 0.0080 0.8484 0.0219 0.0104 0.0256 0.0107 0.0093 
      H540.6  1 0.0275 0.0053 0.0131 0.0228 0.0173 0.0153 0.0199 0.7756 0.0359 0.0244 0.0112 0.0162 0.0154 
      H540.7  1 0.0167 0.0064 0.0056 0.0073 0.0192 0.0098 0.0066 0.8767 0.0145 0.0115 0.0044 0.0104 0.0111 
      H540.8  1 0.1148 0.0077 0.0109 0.0035 0.1193 0.0144 0.0158 0.6481 0.0274 0.0076 0.0072 0.0078 0.0156 
     H9558.1  1 0.0045 0.0053 0.0086 0.0046 0.0090 0.0065 0.0118 0.9204 0.0045 0.0063 0.0078 0.0047 0.0061 
     H9558.2  1 0.0053 0.0107 0.0110 0.0074 0.0067 0.0069 0.0123 0.8885 0.0052 0.0132 0.0091 0.0131 0.0106 
     H9558.3  1 0.0064 0.0194 0.0085 0.0085 0.0070 0.0102 0.0121 0.8685 0.0088 0.0060 0.0161 0.0115 0.0170 
     H9558.4  1 0.0055 0.0068 0.0075 0.0054 0.0416 0.0053 0.0075 0.8747 0.0080 0.0092 0.0101 0.0074 0.0109 
     H9558.5  1 0.0063 0.0109 0.0124 0.0074 0.0223 0.0063 0.0042 0.8673 0.0155 0.0107 0.0168 0.0048 0.0152 
     H9558.6  1 0.0089 0.0095 0.0091 0.0039 0.0060 0.0129 0.0068 0.7927 0.0525 0.0046 0.0139 0.0659 0.0133 
    kos339.1  1 0.7940 0.0048 0.0111 0.0088 0.0085 0.0058 0.0055 0.0119 0.0135 0.0444 0.0056 0.0373 0.0488 
    kos339.2  1 0.7957 0.0083 0.0077 0.0098 0.0069 0.0141 0.0076 0.0082 0.0097 0.0244 0.0137 0.0651 0.0289 
    kos339.3  1 0.9105 0.0062 0.0052 0.0060 0.0075 0.0053 0.0059 0.0048 0.0099 0.0076 0.0057 0.0086 0.0169 
    kos339.4  1 0.8857 0.0086 0.0080 0.0091 0.0085 0.0096 0.0072 0.0074 0.0099 0.0097 0.0071 0.0103 0.0189 
    kos339.5  1 0.9084 0.0057 0.0073 0.0068 0.0081 0.0066 0.0051 0.0083 0.0069 0.0122 0.0036 0.0099 0.0113 
    kos339.6  1 0.9147 0.0053 0.0051 0.0070 0.0056 0.0091 0.0060 0.0048 0.0132 0.0080 0.0074 0.0073 0.0065 
    kos339.7  1 0.8428 0.0041 0.0057 0.0064 0.0092 0.0056 0.0068 0.0068 0.0078 0.0157 0.0062 0.0316 0.0513 
    kos339.8  1 0.8566 0.0078 0.0092 0.0111 0.0091 0.0097 0.0049 0.0050 0.0103 0.0130 0.0084 0.0083 0.0464 
    kos339.9  1 0.9029 0.0072 0.0053 0.0063 0.0123 0.0081 0.0083 0.0129 0.0069 0.0078 0.0046 0.0082 0.0093 
      H008.1  2 0.0112 0.0313 0.0126 0.0126 0.0255 0.0142 0.0069 0.0416 0.0074 0.0168 0.0078 0.8037 0.0082 
      H008.2  2 0.0579 0.3012 0.0233 0.0595 0.1029 0.0172 0.0273 0.1050 0.0197 0.0549 0.0781 0.1321 0.0210 
      H008.3  2 0.0196 0.1276 0.0582 0.0906 0.3083 0.0379 0.0502 0.0314 0.0194 0.0731 0.0524 0.0935 0.0378 
      H008.4  2 0.0230 0.0227 0.0239 0.0145 0.0137 0.0429 0.0154 0.0219 0.0069 0.0115 0.0557 0.7229 0.0251 
      H008.5  2 0.0154 0.0299 0.0285 0.0177 0.0190 0.0161 0.0133 0.0114 0.0136 0.0091 0.0185 0.7982 0.0095 
      H008.6  2 0.0739 0.2550 0.0418 0.0098 0.0428 0.0249 0.0272 0.0389 0.0178 0.0220 0.1136 0.3054 0.0270 
      H008.7  2 0.0375 0.1170 0.0394 0.0673 0.0283 0.0492 0.0109 0.0568 0.0130 0.0282 0.1106 0.4094 0.0323 
      H008.8  2 0.0134 0.0189 0.0087 0.0250 0.0347 0.0166 0.0179 0.6234 0.0099 0.0410 0.0103 0.1501 0.0300 
      H008.9  2 0.0432 0.2366 0.0252 0.0193 0.0540 0.0352 0.0428 0.0635 0.0140 0.0262 0.3594 0.0418 0.0387 
 H029.1_2002  2 0.0110 0.0075 0.0780 0.0110 0.0084 0.0191 0.0070 0.0413 0.0091 0.0127 0.0253 0.7423 0.0271 
 H029.1_2003  2 0.0095 0.0133 0.6924 0.0063 0.0153 0.0143 0.0126 0.0211 0.0142 0.0339 0.0162 0.1074 0.0435 
 H029.2_2002  2 0.0712 0.0133 0.0595 0.0259 0.0091 0.0069 0.0231 0.0074 0.0088 0.0266 0.0421 0.6431 0.0631 
 H029.2_2003  2 0.0677 0.0210 0.4662 0.0080 0.0326 0.0069 0.0271 0.0106 0.0291 0.0328 0.0236 0.2306 0.0438 
 H029.3_2002  2 0.0389 0.0084 0.0633 0.0428 0.0200 0.0082 0.0406 0.0073 0.0263 0.1201 0.1589 0.3974 0.0677 
 H029.3_2003  2 0.0088 0.0400 0.1721 0.0063 0.0134 0.0116 0.0059 0.0062 0.0146 0.0231 0.0094 0.6768 0.0117 
 H029.4_2002  2 0.0060 0.0079 0.0281 0.0146 0.0085 0.0108 0.0068 0.0053 0.0067 0.0089 0.0163 0.8757 0.0045 
 H029.4_2003  2 0.0084 0.0226 0.4259 0.0144 0.0466 0.0106 0.0099 0.0503 0.0107 0.0223 0.0287 0.3377 0.0119 
 H029.5_2002  2 0.0089 0.0140 0.0706 0.0133 0.0054 0.0168 0.0060 0.0098 0.0078 0.0092 0.0097 0.8201 0.0084 
 H029.5_2003  2 0.0084 0.0287 0.3675 0.0055 0.0191 0.0074 0.0080 0.0125 0.0058 0.0131 0.0126 0.5044 0.0072 
 H029.6_2002  2 0.0067 0.0051 0.1779 0.0211 0.0076 0.0147 0.0120 0.0046 0.0085 0.0251 0.0567 0.6521 0.0080 
 H029.6_2003  2 0.0871 0.0313 0.0987 0.0147 0.0245 0.0305 0.0139 0.0198 0.0225 0.0707 0.0084 0.5421 0.0358 
      H029.7  2 0.0325 0.0078 0.0240 0.0239 0.0097 0.0066 0.0205 0.0067 0.0059 0.0179 0.0249 0.8034 0.0162 
      H030.1  2 0.0140 0.0606 0.1926 0.0165 0.0172 0.0153 0.0120 0.0074 0.5807 0.0257 0.0065 0.0334 0.0182 
      H030.2  2 0.0101 0.0637 0.0450 0.2193 0.0278 0.0481 0.0080 0.0214 0.2930 0.0122 0.0934 0.1156 0.0425 
      H038.1  2 0.0068 0.0043 0.0083 0.0055 0.0060 0.0052 0.0099 0.0106 0.0068 0.0066 0.0290 0.8944 0.0066 
      H038.2  2 0.0091 0.0077 0.0065 0.0074 0.0086 0.0106 0.0040 0.0049 0.0167 0.0060 0.0066 0.8987 0.0132 
      H038.3  2 0.0133 0.0221 0.0057 0.0072 0.0087 0.0161 0.0069 0.0166 0.0703 0.0075 0.0415 0.7617 0.0223 
      H038.4  2 0.0086 0.0138 0.0062 0.0113 0.0071 0.0238 0.0054 0.0122 0.0188 0.0097 0.0355 0.8362 0.0112 
      H038.5  2 0.0119 0.0090 0.0128 0.0145 0.0147 0.0106 0.0063 0.0146 0.0226 0.0180 0.0370 0.8235 0.0045 
      H038.6  2 0.0071 0.0067 0.0136 0.0052 0.0138 0.0037 0.0044 0.0095 0.0106 0.0060 0.0143 0.8961 0.0088 
      H038.7  2 0.0054 0.0109 0.0060 0.0038 0.0091 0.0060 0.0038 0.0144 0.0152 0.0075 0.0106 0.8749 0.0323 
      H038.8  2 0.0110 0.0085 0.0061 0.0115 0.0085 0.0133 0.0053 0.0118 0.0293 0.0062 0.0855 0.7879 0.0153 
      H041.1  2 0.0460 0.1564 0.1512 0.1143 0.0137 0.0600 0.0310 0.0114 0.0202 0.0161 0.0300 0.3424 0.0075 
      H041.2  2 0.0125 0.1567 0.5702 0.0064 0.0049 0.0929 0.0098 0.0077 0.0089 0.0091 0.0244 0.0727 0.0236 
      H041.4  2 0.0211 0.0459 0.2967 0.0195 0.0090 0.0350 0.0345 0.0413 0.0136 0.0148 0.0290 0.4288 0.0109 
      H041.6  2 0.0194 0.0298 0.3158 0.0237 0.0074 0.0440 0.0515 0.0754 0.0116 0.0135 0.0151 0.3714 0.0213 
 H042.1_2002  2 0.0218 0.0083 0.7481 0.0100 0.0315 0.0569 0.0184 0.0499 0.0095 0.0071 0.0147 0.0126 0.0112 
 H042.1_2003  2 0.0366 0.3389 0.0782 0.0133 0.0518 0.0595 0.0188 0.0983 0.0283 0.0191 0.1025 0.0519 0.1028 
 H042.2_2002  2 0.0193 0.0149 0.4738 0.0109 0.0401 0.0341 0.0190 0.0114 0.0089 0.0496 0.0462 0.2522 0.0195 
 H042.2_2003  2 0.0375 0.0396 0.4373 0.0060 0.0151 0.2242 0.0172 0.0583 0.0117 0.0094 0.0077 0.0968 0.0392 
 H042.3_2002  2 0.0222 0.0175 0.5225 0.0063 0.0802 0.1414 0.0683 0.0457 0.0140 0.0199 0.0338 0.0157 0.0125 
 H042.3_2003  2 0.0336 0.0525 0.2617 0.0540 0.2137 0.0732 0.0345 0.1035 0.0196 0.0262 0.0411 0.0763 0.0102 
 H042.4_2002  2 0.0237 0.0077 0.8459 0.0086 0.0068 0.0289 0.0071 0.0131 0.0171 0.0064 0.0125 0.0150 0.0073 
 H042.4_2003  2 0.0336 0.0089 0.7892 0.0236 0.0094 0.0232 0.0171 0.0226 0.0149 0.0067 0.0078 0.0356 0.0074 
      H042.5  2 0.0069 0.0097 0.9153 0.0062 0.0086 0.0086 0.0118 0.0070 0.0041 0.0062 0.0029 0.0073 0.0054 
      H042.6  2 0.0083 0.0051 0.8257 0.0120 0.0240 0.0084 0.0255 0.0324 0.0073 0.0084 0.0109 0.0206 0.0114 
      H042.7  2 0.0118 0.0120 0.5017 0.0082 0.0136 0.3063 0.0328 0.0220 0.0075 0.0106 0.0066 0.0274 0.0394 
      H042.8  2 0.0135 0.0286 0.7591 0.0054 0.0219 0.0621 0.0311 0.0145 0.0044 0.0080 0.0241 0.0156 0.0116 
   H042_2002  2 0.0227 0.0558 0.0962 0.0087 0.0648 0.0946 0.0646 0.2945 0.0109 0.0359 0.0372 0.1476 0.0665 
   H042_2003  2 0.0242 0.0359 0.1231 0.0082 0.0685 0.0864 0.0865 0.3217 0.0125 0.0300 0.0367 0.1045 0.0618 
      H043.1  2 0.0329 0.0387 0.0133 0.0164 0.0497 0.0050 0.0104 0.6662 0.0197 0.0199 0.0833 0.0330 0.0118 
      H043.2  2 0.0065 0.0063 0.0046 0.0055 0.0086 0.0052 0.0147 0.8820 0.0056 0.0070 0.0210 0.0269 0.0063 
      H043.3  2 0.0135 0.0203 0.0174 0.0045 0.0175 0.0089 0.0155 0.5084 0.0108 0.0190 0.0215 0.2895 0.0530 
      H043.4  2 0.0450 0.0180 0.0103 0.0067 0.0169 0.0063 0.0209 0.7562 0.0097 0.0080 0.0349 0.0488 0.0183 
      H043.5  2 0.0090 0.0143 0.0069 0.0055 0.0093 0.0078 0.0069 0.7816 0.0084 0.0146 0.0757 0.0525 0.0075 
      H043.6  2 0.0095 0.0045 0.0068 0.0043 0.0064 0.0088 0.0071 0.7732 0.0086 0.0080 0.0568 0.0974 0.0087 
      H043.7  2 0.0081 0.0145 0.0062 0.0037 0.0055 0.0049 0.0096 0.9033 0.0077 0.0062 0.0100 0.0124 0.0078 
      H043.8  2 0.0143 0.0167 0.0080 0.0120 0.0230 0.0084 0.0110 0.7754 0.0279 0.0374 0.0132 0.0408 0.0119 
      H043.9  2 0.0155 0.0205 0.0261 0.0167 0.0316 0.0063 0.0128 0.6542 0.0181 0.0366 0.0378 0.1020 0.0219 
      H047.1  2 0.0095 0.2843 0.0063 0.0049 0.0236 0.0062 0.0100 0.0960 0.0079 0.0056 0.0084 0.4809 0.0564 
      H047.2  2 0.0166 0.8212 0.0115 0.0119 0.0083 0.0118 0.0074 0.0097 0.0088 0.0112 0.0044 0.0599 0.0173 
      H047.3  2 0.0154 0.7783 0.0156 0.0249 0.0079 0.0296 0.0143 0.0106 0.0105 0.0156 0.0046 0.0556 0.0172 
      H047.4  2 0.0164 0.5235 0.0468 0.0089 0.0076 0.0241 0.0129 0.0207 0.0114 0.0180 0.0045 0.2068 0.0985 
      H047.5  2 0.0136 0.7212 0.0148 0.0069 0.0110 0.0202 0.0235 0.0305 0.0104 0.0214 0.0038 0.0968 0.0260 
      H047.6  2 0.0078 0.8722 0.0228 0.0081 0.0041 0.0177 0.0071 0.0074 0.0061 0.0121 0.0051 0.0144 0.0152 
      H047.7  2 0.0115 0.2917 0.0102 0.0084 0.0192 0.0143 0.0101 0.0692 0.0072 0.0070 0.0097 0.4960 0.0455 
      H047.8  2 0.0091 0.7836 0.0270 0.0091 0.0108 0.0194 0.0133 0.0208 0.0057 0.0117 0.0047 0.0518 0.0331 
      H047.9  2 0.0563 0.3366 0.0185 0.0086 0.0289 0.0213 0.0863 0.0271 0.0165 0.0105 0.0042 0.3345 0.0508 
 H071.1_2002  2 0.0135 0.0054 0.0072 0.0045 0.0075 0.0063 0.0066 0.0241 0.0096 0.0051 0.0050 0.8971 0.0081 
 H071.1_2003  2 0.0359 0.0127 0.0158 0.0056 0.0086 0.0125 0.0722 0.0528 0.0549 0.0068 0.0108 0.6973 0.0141 
     H071.10  2 0.0059 0.0037 0.0064 0.0122 0.0068 0.0069 0.0052 0.0058 0.0136 0.0077 0.0058 0.9157 0.0044 
 H071.2_2002  2 0.0069 0.0087 0.0063 0.0044 0.0089 0.0091 0.0156 0.0217 0.0097 0.0080 0.0072 0.8838 0.0097 
 H071.2_2003  2 0.0068 0.0043 0.0049 0.0034 0.0044 0.0048 0.0073 0.0071 0.0049 0.0044 0.0034 0.9405 0.0039 
      H071.3  2 0.0042 0.0330 0.0055 0.0099 0.0094 0.0078 0.0060 0.0056 0.0222 0.0063 0.0077 0.8748 0.0078 
 H071.4_2002  2 0.0187 0.0054 0.0067 0.0129 0.0116 0.0085 0.0088 0.0123 0.0246 0.0107 0.0183 0.8561 0.0055 
 H071.4_2003  2 0.0040 0.0070 0.0046 0.0057 0.0081 0.0040 0.0061 0.0047 0.0102 0.0057 0.0032 0.9305 0.0060 
 H071.5_2002  2 0.0058 0.0044 0.0078 0.0073 0.0056 0.0049 0.0050 0.0058 0.0079 0.0071 0.0052 0.9282 0.0049 
 H071.5_2003  2 0.0073 0.0102 0.0069 0.0046 0.0123 0.0065 0.0090 0.0089 0.0191 0.0082 0.0036 0.8954 0.0081 
 H071.6_2002  2 0.0046 0.0047 0.0047 0.0046 0.0104 0.0045 0.0066 0.0058 0.0076 0.0125 0.0057 0.9208 0.0074 
 H071.6_2003  2 0.0066 0.0043 0.0050 0.0046 0.0072 0.0055 0.0048 0.0076 0.0123 0.0065 0.0037 0.9262 0.0056 
 H071.7_2002  2 0.0047 0.0069 0.0055 0.0034 0.0064 0.0040 0.0053 0.0082 0.0048 0.0057 0.0049 0.9311 0.0091 
 H071.7_2003  2 0.0133 0.0051 0.0061 0.0048 0.0104 0.0068 0.0086 0.0111 0.0259 0.0058 0.0053 0.8902 0.0066 
      H071.8  2 0.0075 0.0095 0.0069 0.0047 0.0059 0.0063 0.0139 0.0096 0.0066 0.0093 0.0077 0.9053 0.0068 
      H071.9  2 0.0114 0.0099 0.0169 0.0087 0.0117 0.0178 0.0146 0.0158 0.0277 0.0439 0.0124 0.8011 0.0082 
 H081.1_2002  2 0.0074 0.0039 0.0067 0.0076 0.0061 0.0067 0.0119 0.0105 0.0064 0.0047 0.0048 0.9175 0.0057 
 H081.1_2003  2 0.0746 0.0092 0.1508 0.0220 0.0159 0.0193 0.0155 0.0702 0.1326 0.0620 0.2598 0.0603 0.1077 
 H081.2_2002  2 0.0065 0.0058 0.0070 0.0043 0.0050 0.0080 0.0293 0.0120 0.0062 0.0063 0.0045 0.8958 0.0091 
 H081.2_2003  2 0.0112 0.0082 0.0341 0.0346 0.0336 0.0082 0.0404 0.0314 0.7369 0.0134 0.0113 0.0312 0.0056 
 H081.3_2002  2 0.0122 0.0151 0.0106 0.0061 0.0052 0.0101 0.0298 0.0087 0.0148 0.0084 0.0076 0.8642 0.0071 
 H081.3_2003  2 0.0419 0.0152 0.0272 0.0161 0.0382 0.0142 0.0315 0.2051 0.5204 0.0428 0.0175 0.0198 0.0102 
 H081.4_2002  2 0.0097 0.0071 0.0068 0.0044 0.0079 0.0063 0.0068 0.0102 0.0094 0.0062 0.0049 0.9131 0.0071 
 H081.4_2003  2 0.0386 0.0083 0.1674 0.0104 0.0209 0.0207 0.0207 0.0540 0.5637 0.0270 0.0122 0.0263 0.0298 
 H081.5_2002  2 0.0095 0.0065 0.0084 0.0047 0.0072 0.0055 0.0087 0.0115 0.0134 0.0067 0.0044 0.9051 0.0084 
 H081.5_2003  2 0.0737 0.0243 0.1908 0.0170 0.0100 0.0435 0.0493 0.1115 0.2892 0.0406 0.0250 0.0516 0.0736 
      H081.6  2 0.0075 0.0049 0.0064 0.0048 0.0055 0.0068 0.0123 0.0105 0.0076 0.0078 0.0051 0.9100 0.0106 
      H081.7  2 0.0076 0.0102 0.0083 0.0067 0.0054 0.0108 0.0597 0.0097 0.0107 0.0100 0.0043 0.8515 0.0050 
      H081.8  2 0.0125 0.0088 0.0170 0.0142 0.0129 0.0162 0.0219 0.0081 0.0594 0.0156 0.0217 0.7851 0.0066 
      H083.1  2 0.0094 0.0066 0.0163 0.0160 0.0083 0.0055 0.0066 0.0062 0.0093 0.0177 0.0092 0.8681 0.0208 
      H083.2  2 0.0133 0.0367 0.0118 0.0240 0.0094 0.0082 0.0145 0.0178 0.0095 0.0153 0.0086 0.8172 0.0137 
      H083.4  2 0.0050 0.0123 0.0095 0.0813 0.0124 0.0065 0.0255 0.0117 0.0056 0.0289 0.0155 0.7748 0.0109 
      H083.5  2 0.0072 0.0127 0.0240 0.0634 0.0070 0.0102 0.0093 0.0087 0.0072 0.0129 0.0260 0.7880 0.0233 
      H083.6  2 0.0085 0.0059 0.0175 0.0612 0.0085 0.0136 0.0182 0.0052 0.0124 0.0333 0.0132 0.7869 0.0155 
      H083.7  2 0.0067 0.0150 0.0065 0.2253 0.0175 0.0163 0.0268 0.0100 0.0058 0.0145 0.0120 0.6329 0.0106 
      H083.8  2 0.0158 0.0674 0.0108 0.0260 0.0092 0.0094 0.0134 0.0159 0.0072 0.0154 0.0084 0.7888 0.0123 
      H083.9  2 0.0056 0.0091 0.0227 0.0970 0.0067 0.0086 0.0088 0.0051 0.0068 0.0118 0.0109 0.7949 0.0119 
      H084.1  2 0.0126 0.0173 0.0181 0.0106 0.0093 0.0187 0.0085 0.0104 0.7998 0.0182 0.0601 0.0097 0.0067 
      H084.2  2 0.0119 0.0085 0.0291 0.0084 0.0137 0.0047 0.0047 0.0086 0.7997 0.0219 0.0701 0.0118 0.0069 
      H084.3  2 0.0145 0.0119 0.0220 0.0138 0.0124 0.0975 0.0066 0.0087 0.5562 0.0176 0.1999 0.0064 0.0326 
      H084.4  2 0.0080 0.0274 0.0620 0.0062 0.0122 0.0390 0.0068 0.0099 0.5467 0.0171 0.1885 0.0139 0.0623 
      H084.5  2 0.0097 0.0259 0.0091 0.0078 0.0056 0.0428 0.0089 0.0079 0.7930 0.0292 0.0371 0.0067 0.0163 
      H084.6  2 0.0162 0.0365 0.0085 0.0250 0.0060 0.0571 0.0102 0.0068 0.6725 0.0090 0.1338 0.0060 0.0124 
      H084.7  2 0.0075 0.0086 0.0357 0.0069 0.0120 0.0086 0.0087 0.0072 0.8556 0.0166 0.0175 0.0091 0.0059 
      H084.8  2 0.0117 0.0425 0.0114 0.0093 0.0075 0.0635 0.0106 0.0067 0.7049 0.0122 0.0979 0.0060 0.0157 
 H085.1_2002  2 0.0206 0.0071 0.1187 0.0193 0.0076 0.0067 0.5885 0.0162 0.0157 0.0121 0.0230 0.1570 0.0075 
 H085.1_2003  2 0.0099 0.0206 0.1182 0.0593 0.0143 0.0241 0.0645 0.0095 0.0376 0.0503 0.0182 0.5669 0.0066 
 H085.2_2002  2 0.0337 0.0075 0.0559 0.0879 0.0118 0.0190 0.5986 0.0261 0.0489 0.0130 0.0640 0.0238 0.0099 
 H085.2_2003  2 0.0166 0.0394 0.0797 0.0294 0.0124 0.0125 0.0145 0.0087 0.0204 0.0244 0.0127 0.7203 0.0089 
 H085.3_2002  2 0.0116 0.0079 0.0800 0.0129 0.0089 0.0147 0.8117 0.0116 0.0105 0.0069 0.0055 0.0114 0.0062 
 H085.3_2003  2 0.0088 0.0168 0.0324 0.0077 0.0215 0.0153 0.0300 0.0088 0.0297 0.0101 0.0048 0.8089 0.0053 
 H085.4_2002  2 0.0371 0.0066 0.0731 0.0312 0.0237 0.0171 0.4541 0.0519 0.0261 0.0167 0.0420 0.2124 0.0081 
 H085.4_2003  2 0.0304 0.0121 0.0796 0.0072 0.0069 0.0422 0.0117 0.0256 0.0265 0.0070 0.0068 0.7233 0.0208 
 H085.5_2002  2 0.0140 0.0069 0.0346 0.0061 0.0080 0.0140 0.8398 0.0205 0.0148 0.0062 0.0052 0.0253 0.0046 
 H085.5_2003  2 0.0090 0.0115 0.0219 0.0238 0.0183 0.0087 0.0127 0.0081 0.0138 0.0143 0.0074 0.8450 0.0055 
 H085.6_2002  2 0.0238 0.0087 0.1050 0.0148 0.0073 0.0070 0.7389 0.0098 0.0250 0.0112 0.0156 0.0240 0.0087 
 H085.6_2003  2 0.0565 0.1173 0.1610 0.0054 0.0128 0.1118 0.0848 0.0461 0.0906 0.0221 0.0084 0.2627 0.0206 
 H085.7_2002  2 0.0322 0.0355 0.1548 0.0333 0.0101 0.0098 0.6059 0.0127 0.0218 0.0107 0.0138 0.0411 0.0181 
 H085.7_2003  2 0.0122 0.0197 0.0335 0.0090 0.0169 0.0265 0.0175 0.0105 0.0205 0.0190 0.0077 0.8010 0.0061 
 H085.8_2002  2 0.0100 0.0119 0.0349 0.0102 0.0123 0.0338 0.7696 0.0267 0.0312 0.0096 0.0135 0.0231 0.0132 
 H085.8_2003  2 0.0419 0.0229 0.4236 0.0681 0.0115 0.0463 0.0268 0.0157 0.0306 0.0296 0.0152 0.2570 0.0108 
      H085.9  2 0.0138 0.0091 0.0870 0.0186 0.0081 0.0169 0.6884 0.0263 0.0193 0.0090 0.0276 0.0663 0.0096 
      H088.1  2 0.0080 0.0088 0.8401 0.0117 0.0231 0.0269 0.0208 0.0123 0.0098 0.0114 0.0088 0.0096 0.0087 
      H088.2  2 0.0118 0.0086 0.8822 0.0078 0.0089 0.0120 0.0167 0.0071 0.0083 0.0104 0.0059 0.0075 0.0128 
      H088.3  2 0.0049 0.0105 0.9093 0.0070 0.0066 0.0068 0.0089 0.0061 0.0067 0.0094 0.0062 0.0055 0.0122 
      H088.4  2 0.0062 0.0054 0.9199 0.0040 0.0084 0.0057 0.0036 0.0102 0.0095 0.0066 0.0045 0.0073 0.0086 
      H088.5  2 0.0047 0.0057 0.9321 0.0050 0.0072 0.0069 0.0050 0.0065 0.0060 0.0054 0.0043 0.0061 0.0050 
      H088.6  2 0.0057 0.0103 0.8999 0.0056 0.0106 0.0104 0.0042 0.0059 0.0108 0.0125 0.0059 0.0104 0.0077 
      H088.7  2 0.0111 0.0206 0.8777 0.0071 0.0053 0.0120 0.0084 0.0046 0.0072 0.0100 0.0078 0.0194 0.0089 
      H088.8  2 0.0086 0.0197 0.8471 0.0058 0.0205 0.0108 0.0068 0.0066 0.0110 0.0149 0.0086 0.0322 0.0073 
      H091.1  2 0.0158 0.0080 0.8087 0.0185 0.0135 0.0158 0.0073 0.0124 0.0124 0.0239 0.0084 0.0447 0.0106 
      H091.2  2 0.0127 0.0161 0.7040 0.0390 0.0199 0.0497 0.0121 0.0163 0.0109 0.0387 0.0059 0.0603 0.0145 
      H109.1  2 0.0089 0.2279 0.0088 0.1512 0.0367 0.0448 0.0212 0.0530 0.0646 0.3204 0.0330 0.0193 0.0102 
      H109.2  2 0.0166 0.0459 0.0195 0.0322 0.0200 0.0227 0.0176 0.0501 0.5649 0.0853 0.0165 0.0928 0.0161 
      H109.3  2 0.0536 0.5829 0.0237 0.0096 0.0591 0.0228 0.0200 0.0197 0.0894 0.0368 0.0214 0.0470 0.0140 
      H109.4  2 0.0209 0.1222 0.0252 0.0208 0.2836 0.0527 0.0311 0.0941 0.1496 0.0959 0.0512 0.0419 0.0108 
      H109.5  2 0.0584 0.1403 0.1829 0.0076 0.0178 0.0605 0.0306 0.0154 0.0510 0.0245 0.0062 0.3834 0.0213 
      H109.6  2 0.0232 0.0959 0.0166 0.0182 0.0317 0.0372 0.0221 0.0703 0.3917 0.2023 0.0217 0.0465 0.0227 
      H126.1  2 0.0455 0.0171 0.0213 0.0106 0.1631 0.0463 0.1472 0.2634 0.0177 0.1483 0.0114 0.0158 0.0924 
      H126.2  2 0.0106 0.0149 0.0154 0.0166 0.1710 0.0136 0.0285 0.1049 0.0093 0.0202 0.0543 0.5078 0.0330 
      H126.3  2 0.0173 0.0144 0.0337 0.0132 0.0374 0.0297 0.0282 0.0323 0.0049 0.1503 0.0225 0.5753 0.0409 
      H126.4  2 0.0111 0.0182 0.0180 0.0311 0.1598 0.0138 0.0449 0.5466 0.0127 0.0223 0.0119 0.0421 0.0676 
      H126.5  2 0.0398 0.0083 0.0113 0.0092 0.1312 0.0130 0.0163 0.3292 0.0093 0.0197 0.0055 0.2354 0.1717 
      H126.6  2 0.0216 0.0095 0.0107 0.0103 0.0098 0.0047 0.0306 0.0236 0.0049 0.0247 0.0061 0.7594 0.0841 
      H126.7  2 0.0055 0.0067 0.0219 0.0067 0.0283 0.0050 0.0197 0.0094 0.0084 0.0093 0.0034 0.8627 0.0131 
      H130.1  2 0.0855 0.0254 0.2314 0.0255 0.1325 0.0305 0.0248 0.3229 0.0424 0.0292 0.0083 0.0099 0.0316 
      H130.2  2 0.0173 0.0474 0.0345 0.0301 0.0224 0.0139 0.0155 0.0216 0.6845 0.0559 0.0107 0.0353 0.0109 
      H130.3  2 0.3618 0.0384 0.0357 0.0077 0.0938 0.0063 0.0067 0.0179 0.3232 0.0709 0.0055 0.0208 0.0113 
      H130.4  2 0.2025 0.0194 0.0682 0.0230 0.1469 0.0197 0.0330 0.2454 0.1000 0.0830 0.0316 0.0105 0.0169 
      H130.5  2 0.0409 0.0123 0.1888 0.0268 0.0225 0.0308 0.0282 0.0685 0.4981 0.0198 0.0064 0.0401 0.0169 
      H133.1  2 0.0518 0.1094 0.0528 0.0154 0.0347 0.0146 0.0430 0.0683 0.0846 0.3663 0.1092 0.0386 0.0115 
      H133.2  2 0.2643 0.1258 0.1085 0.0085 0.0208 0.0100 0.0517 0.1595 0.1463 0.0503 0.0144 0.0206 0.0194 
      H133.3  2 0.1194 0.0279 0.2481 0.0130 0.0284 0.0211 0.1121 0.0122 0.0617 0.1553 0.0957 0.0952 0.0098 
      H133.4  2 0.2060 0.3547 0.0171 0.0097 0.0132 0.0101 0.0130 0.1110 0.0303 0.1520 0.0531 0.0165 0.0134 
      H133.5  2 0.0368 0.0093 0.1240 0.0087 0.0342 0.0056 0.0417 0.0290 0.0650 0.6039 0.0191 0.0093 0.0134 
      H133.6  2 0.0489 0.0147 0.3212 0.0152 0.0391 0.0099 0.0349 0.1508 0.1997 0.1253 0.0106 0.0129 0.0168 
      H133.7  2 0.2899 0.2834 0.0353 0.0117 0.0103 0.0815 0.0292 0.0410 0.0421 0.0626 0.0685 0.0343 0.0102 
      H133.8  2 0.0439 0.1742 0.0374 0.0308 0.0478 0.0231 0.1140 0.0666 0.0462 0.2919 0.0880 0.0263 0.0098 
      H133.9  2 0.0351 0.0743 0.0857 0.0209 0.0465 0.0149 0.0280 0.0431 0.0771 0.4263 0.1149 0.0215 0.0118 
      H147.1  2 0.0095 0.1081 0.0793 0.0353 0.0056 0.1008 0.0580 0.0244 0.1197 0.0107 0.0201 0.3965 0.0319 
      H147.2  2 0.0064 0.0094 0.0160 0.0057 0.0050 0.0138 0.0130 0.0165 0.0244 0.0067 0.0048 0.8611 0.0173 
      H147.3  2 0.0062 0.0064 0.0065 0.0069 0.0067 0.0083 0.0337 0.0095 0.0207 0.0056 0.0063 0.8746 0.0086 
      H147.4  2 0.0054 0.0180 0.0091 0.0125 0.0061 0.0078 0.0233 0.0045 0.0287 0.0062 0.0247 0.8467 0.0070 
      H147.5  2 0.0098 0.0378 0.0991 0.0230 0.0120 0.0231 0.0342 0.0156 0.0994 0.0133 0.0077 0.6028 0.0222 
      H147.6  2 0.0105 0.0836 0.1304 0.0314 0.0149 0.0174 0.0360 0.0229 0.1647 0.0148 0.0113 0.4364 0.0258 
      H147.7  2 0.0071 0.0284 0.0099 0.0223 0.0054 0.0135 0.0172 0.0064 0.0475 0.0062 0.0240 0.7991 0.0131 
      H147.8  2 0.0047 0.0929 0.0432 0.0335 0.0072 0.0096 0.0068 0.0044 0.0315 0.0096 0.0332 0.7125 0.0108 
      H147.9  2 0.0054 0.0105 0.0057 0.0079 0.0056 0.0087 0.0247 0.0095 0.0128 0.0053 0.0046 0.8891 0.0103 
      H148.1  2 0.0192 0.0239 0.0499 0.0317 0.0176 0.2785 0.0147 0.1983 0.1024 0.1153 0.0853 0.0192 0.0441 
      H148.2  2 0.0198 0.0133 0.0110 0.0242 0.0071 0.6280 0.0218 0.0563 0.0288 0.0970 0.0493 0.0252 0.0182 
      H148.3  2 0.0305 0.0098 0.0087 0.0075 0.0079 0.7545 0.1055 0.0114 0.0109 0.0103 0.0210 0.0107 0.0113 
      H148.4  2 0.0261 0.0184 0.0225 0.0121 0.0120 0.5401 0.0259 0.0737 0.0216 0.0970 0.0422 0.0193 0.0891 
      H148.5  2 0.0134 0.0242 0.0207 0.0146 0.0148 0.7293 0.0166 0.0187 0.0440 0.0349 0.0277 0.0107 0.0303 
      H148.6  2 0.0203 0.0099 0.0205 0.0390 0.0069 0.6733 0.0169 0.0194 0.0142 0.0288 0.1114 0.0125 0.0268 
      H148.7  2 0.0169 0.0587 0.0242 0.0126 0.0209 0.6321 0.0111 0.0164 0.0279 0.1270 0.0242 0.0076 0.0204 
