      H105.1  1 0.4393 0.3339 0.0892 0.1376 
      H105.2  1 0.3095 0.1304 0.2070 0.3531 
      H105.3  1 0.3563 0.2799 0.2227 0.1411 
      H105.4  1 0.1112 0.0530 0.1242 0.7116 
      H105.5  1 0.2190 0.0376 0.3437 0.3997 
      H105.6  1 0.1074 0.0504 0.2740 0.5681 
      H105.7  1 0.0843 0.6373 0.0596 0.2188 
      H105.8  1 0.3142 0.2791 0.2891 0.1177 
      H115.1  1 0.1671 0.0848 0.7066 0.0415 
      H115.2  1 0.0730 0.0207 0.8776 0.0288 
      H115.3  1 0.0616 0.0314 0.8819 0.0251 
      H115.4  1 0.8247 0.0547 0.0980 0.0225 
      H115.5  1 0.0214 0.0513 0.9044 0.0229 
      H115.6  1 0.0618 0.0447 0.8291 0.0645 
      H115.7  1 0.2676 0.0526 0.3140 0.3658 
      H115.8  1 0.0184 0.0354 0.9341 0.0121 
      H115.9  1 0.0236 0.0921 0.8688 0.0155 
      H145.1  1 0.0603 0.0124 0.1493 0.7779 
      H145.2  1 0.0481 0.0117 0.1744 0.7658 
      H145.3  1 0.0252 0.2271 0.1049 0.6428 
      H145.4  1 0.0245 0.0120 0.0381 0.9254 
      H145.5  1 0.0538 0.0381 0.2654 0.6428 
      H145.6  1 0.0207 0.0154 0.0587 0.9052 
      H145.7  1 0.0193 0.0536 0.0229 0.9042 
      H149.1  1 0.8193 0.0187 0.0362 0.1259 
      H149.2  1 0.7341 0.0142 0.0260 0.2257 
      H149.3  1 0.6388 0.0344 0.0465 0.2804 
      H149.4  1 0.8440 0.0324 0.0197 0.1039 
      H149.5  1 0.7451 0.0287 0.0088 0.2174 
      H149.6  1 0.5932 0.0174 0.0151 0.3743 
      H149.7  1 0.7143 0.0942 0.0205 0.1711 
      H150.1  1 0.0108 0.0120 0.9573 0.0200 
      H150.2  1 0.0563 0.0126 0.8874 0.0436 
      H150.3  1 0.0274 0.0348 0.7593 0.1785 
      H150.4  1 0.0081 0.0138 0.9596 0.0184 
      H150.5  1 0.1933 0.0463 0.5669 0.1935 
      H150.6  1 0.3769 0.0220 0.5599 0.0411 
      H150.7  1 0.0089 0.0089 0.9654 0.0168 
   H169607.1  1 0.3584 0.1340 0.3473 0.1603 
   H169607.2  1 0.5156 0.0668 0.1089 0.3087 
   H169607.3  1 0.2063 0.4027 0.1674 0.2236 
   H169607.4  1 0.3583 0.0273 0.1445 0.4699 
   H169607.5  1 0.4055 0.0711 0.1320 0.3913 
   H169607.6  1 0.6970 0.0813 0.0522 0.1695 
   H169607.7  1 0.8778 0.0484 0.0308 0.0430 
   H169607.8  1 0.3984 0.1064 0.0948 0.4003 
   H169633.1  1 0.3565 0.0731 0.2922 0.2782 
   H169633.2  1 0.6441 0.1364 0.0569 0.1627 
   H169633.3  1 0.5672 0.1148 0.0272 0.2909 
   H169633.4  1 0.5013 0.0306 0.2496 0.2185 
   H169633.5  1 0.5339 0.0290 0.2450 0.1921 
   H169688.1  1 0.3419 0.4770 0.0241 0.1571 
   H169688.2  1 0.2294 0.6943 0.0523 0.0240 
   H169688.3  1 0.7130 0.1297 0.0626 0.0947 
   H169688.4  1 0.0832 0.0660 0.8289 0.0219 
   H169688.5  1 0.1070 0.0595 0.8100 0.0235 
   H169688.6  1 0.7324 0.1191 0.1206 0.0279 
   H169688.7  1 0.6558 0.1315 0.1087 0.1040 
   H171901.1  1 0.0338 0.0259 0.4840 0.4562 
   H171901.2  1 0.6123 0.0316 0.1177 0.2385 
   H171901.3  1 0.7586 0.0527 0.0659 0.1228 
   H171901.4  1 0.8995 0.0256 0.0359 0.0390 
   H171901.5  1 0.8842 0.0190 0.0378 0.0591 
   H171901.6  1 0.8044 0.0187 0.0444 0.1325 
   H171901.7  1 0.8555 0.0340 0.0311 0.0794 
   H171902.1  1 0.3493 0.0343 0.5786 0.0378 
  H171902.10  1 0.9373 0.0114 0.0325 0.0188 
   H171902.2  1 0.2831 0.4204 0.2508 0.0457 
   H171902.3  1 0.9267 0.0201 0.0272 0.0260 
   H171902.4  1 0.4158 0.0554 0.2758 0.2531 
   H171902.6  1 0.9199 0.0124 0.0321 0.0356 
   H171902.7  1 0.6782 0.0151 0.2464 0.0603 
   H171902.8  1 0.8907 0.0151 0.0533 0.0408 
   H171902.9  1 0.1209 0.0318 0.6595 0.1878 
   H171903.1  1 0.3664 0.0798 0.1332 0.4206 
   H171903.2  1 0.3235 0.2039 0.3545 0.1181 
   H171903.3  1 0.5362 0.0935 0.2089 0.1614 
   H171903.4  1 0.1035 0.0742 0.1387 0.6837 
   H171903.5  1 0.6818 0.1065 0.1780 0.0337 
   H171903.6  1 0.7552 0.1083 0.0611 0.0754 
      H177.1  1 0.5333 0.0968 0.0423 0.3276 
      H177.2  1 0.6948 0.1376 0.0611 0.1066 
      H177.3  1 0.7911 0.0165 0.0487 0.1437 
      H177.4  1 0.6546 0.1464 0.0278 0.1712 
      H177.5  1 0.0738 0.8029 0.0367 0.0866 
      H177.6  1 0.8032 0.0161 0.0590 0.1218 
      H179.1  1 0.8237 0.1189 0.0389 0.0185 
      H179.2  1 0.8354 0.1075 0.0389 0.0181 
      H179.3  1 0.3163 0.5745 0.0932 0.0160 
      H179.4  1 0.8900 0.0626 0.0134 0.0341 
      H180.1  1 0.6216 0.0257 0.3241 0.0286 
      H180.2  1 0.3374 0.0235 0.5854 0.0536 
      H180.3  1 0.1351 0.0553 0.7662 0.0434 
      H180.4  1 0.4617 0.0918 0.2891 0.1574 
      H180.5  1 0.4083 0.0975 0.4267 0.0675 
      H180.6  1 0.0613 0.0990 0.7927 0.0471 
      H181.1  1 0.8125 0.0857 0.0682 0.0336 
      H181.2  1 0.7792 0.0970 0.0531 0.0708 
      H181.3  1 0.5982 0.2909 0.0430 0.0679 
      H181.4  1 0.6301 0.2066 0.0488 0.1145 
      H181.5  1 0.3290 0.6023 0.0223 0.0464 
      H181.6  1 0.8101 0.0880 0.0555 0.0463 
      H181.7  1 0.8481 0.1056 0.0295 0.0169 
 H194.1_2004  1 0.0237 0.0214 0.0252 0.9298 
 H194.2_2004  1 0.0158 0.0206 0.0155 0.9481 
 H194.3_2004  1 0.0541 0.0157 0.0204 0.9098 
 H194.4_2004  1 0.0321 0.0322 0.0313 0.9044 
 H194.5_2004  1 0.0710 0.0237 0.0131 0.8921 
 H194.6_2004  1 0.1407 0.1717 0.0249 0.6626 
 H194.7_2004  1 0.0127 0.0461 0.0172 0.9239 
 H194.8_2004  1 0.0423 0.0703 0.0166 0.8708 
      H194.9  1 0.0155 0.0425 0.0280 0.9140 
 H195.1_2003  1 0.0826 0.0227 0.0172 0.8774 
 H195.1_2004  1 0.1654 0.0289 0.0394 0.7663 
 H195.2_2003  1 0.1551 0.0742 0.1895 0.5811 
 H195.2_2004  1 0.0451 0.0548 0.0288 0.8714 
 H195.3_2003  1 0.0412 0.0346 0.0950 0.8291 
 H195.3_2004  1 0.0509 0.0133 0.0211 0.9147 
 H195.4_2003  1 0.0324 0.0103 0.0147 0.9427 
 H195.4_2004  1 0.0480 0.3079 0.0124 0.6317 
 H195.5_2003  1 0.0719 0.0206 0.0202 0.8873 
 H195.5_2004  1 0.0345 0.0236 0.0214 0.9205 
 H195.6_2003  1 0.0386 0.0363 0.0816 0.8435 
 H195.6_2004  1 0.0487 0.0123 0.0169 0.9221 
 H195.7_2003  1 0.2575 0.0808 0.0145 0.6471 
 H195.7_2004  1 0.1120 0.0465 0.1737 0.6679 
      H195.8  1 0.0275 0.1303 0.0252 0.8170 
      H195.9  1 0.0920 0.0915 0.0293 0.7872 
      H415.1  1 0.0733 0.0286 0.8435 0.0546 
      H415.2  1 0.5470 0.0169 0.3873 0.0488 
      H415.3  1 0.7983 0.0211 0.1029 0.0777 
      H415.4  1 0.2110 0.0392 0.6058 0.1440 
      H415.5  1 0.7917 0.0158 0.1210 0.0715 
      H415.6  1 0.2364 0.0398 0.5876 0.1362 
      H415.7  1 0.7703 0.0236 0.1190 0.0871 
      H506.1  1 0.9415 0.0232 0.0232 0.0121 
      H506.2  1 0.9579 0.0137 0.0144 0.0139 
      H506.3  1 0.7910 0.0675 0.1286 0.0129 
      H506.4  1 0.8898 0.0477 0.0480 0.0145 
      H506.5  1 0.9325 0.0170 0.0346 0.0159 
      H506.6  1 0.6861 0.0855 0.2017 0.0267 
      H506.7  1 0.9405 0.0200 0.0238 0.0156 
      H533.1  1 0.9622 0.0133 0.0164 0.0081 
      H533.2  1 0.9605 0.0137 0.0163 0.0094 
      H533.3  1 0.9509 0.0191 0.0204 0.0096 
      H533.4  1 0.9460 0.0145 0.0252 0.0143 
      H535.1  1 0.8837 0.0232 0.0284 0.0648 
      H535.2  1 0.7304 0.1955 0.0094 0.0647 
      H535.3  1 0.7223 0.1885 0.0380 0.0512 
      H535.4  1 0.9373 0.0153 0.0095 0.0379 
      H535.5  1 0.9583 0.0122 0.0108 0.0188 
      H535.6  1 0.7372 0.1069 0.0337 0.1223 
      H535.7  1 0.9537 0.0179 0.0164 0.0119 
      H535.8  1 0.9020 0.0465 0.0195 0.0320 
      H535.9  1 0.9220 0.0154 0.0421 0.0206 
      H539.1  1 0.0070 0.0088 0.9746 0.0095 
      H539.2  1 0.4033 0.1112 0.4546 0.0308 
      H539.3  1 0.0148 0.0286 0.9178 0.0387 
      H539.4  1 0.0134 0.0166 0.9607 0.0093 
      H539.5  1 0.0127 0.0158 0.9594 0.0121 
      H539.6  1 0.0146 0.0200 0.9514 0.0140 
      H539.7  1 0.0188 0.0128 0.9468 0.0215 
      H539.8  1 0.0215 0.0214 0.9206 0.0366 
      H539.9  1 0.0081 0.0128 0.9700 0.0092 
      H540.1  1 0.0325 0.0233 0.9177 0.0265 
      H540.2  1 0.0241 0.0207 0.9174 0.0378 
      H540.3  1 0.0239 0.0166 0.9043 0.0553 
      H540.4  1 0.1264 0.0244 0.7854 0.0637 
      H540.5  1 0.0219 0.0162 0.9433 0.0186 
      H540.6  1 0.0450 0.0721 0.8517 0.0311 
      H540.7  1 0.0874 0.0437 0.8392 0.0296 
      H540.8  1 0.2185 0.0167 0.6534 0.1115 
     H9558.1  1 0.0199 0.0111 0.9449 0.0241 
     H9558.2  1 0.0160 0.0187 0.9506 0.0147 
     H9558.3  1 0.0090 0.0126 0.9597 0.0187 
     H9558.4  1 0.0417 0.0145 0.9255 0.0184 
     H9558.5  1 0.0340 0.0112 0.9414 0.0133 
     H9558.6  1 0.0129 0.1235 0.8332 0.0304 
    kos339.1  1 0.9158 0.0331 0.0252 0.0259 
    kos339.2  1 0.7561 0.0858 0.0460 0.1121 
    kos339.3  1 0.9324 0.0140 0.0144 0.0392 
    kos339.4  1 0.8971 0.0171 0.0171 0.0686 
    kos339.5  1 0.8709 0.0250 0.0120 0.0921 
    kos339.6  1 0.7865 0.0235 0.0230 0.1670 
    kos339.7  1 0.9571 0.0130 0.0134 0.0164 
    kos339.8  1 0.9448 0.0174 0.0143 0.0235 
    kos339.9  1 0.8027 0.0197 0.0304 0.1472 
      H008.1  2 0.0550 0.7580 0.1619 0.0251 
      H008.2  2 0.1342 0.1716 0.6694 0.0248 
      H008.3  2 0.2267 0.2359 0.4703 0.0671 
      H008.4  2 0.0419 0.4279 0.4755 0.0547 
      H008.5  2 0.0372 0.7931 0.1433 0.0265 
      H008.6  2 0.0707 0.1748 0.7185 0.0360 
      H008.7  2 0.0787 0.4756 0.3935 0.0521 
      H008.8  2 0.0345 0.0474 0.8890 0.0291 
      H008.9  2 0.0429 0.0233 0.8893 0.0445 
 H029.1_2002  2 0.0172 0.8300 0.1277 0.0251 
 H029.1_2003  2 0.0555 0.8152 0.0890 0.0403 
 H029.2_2002  2 0.0475 0.9038 0.0271 0.0216 
 H029.2_2003  2 0.0765 0.8713 0.0330 0.0191 
 H029.3_2002  2 0.0793 0.8562 0.0381 0.0263 
 H029.3_2003  2 0.0213 0.9450 0.0154 0.0184 
 H029.4_2002  2 0.0116 0.9610 0.0146 0.0127 
 H029.4_2003  2 0.0548 0.5590 0.3553 0.0309 
 H029.5_2002  2 0.0109 0.9479 0.0225 0.0186 
 H029.5_2003  2 0.0384 0.9002 0.0424 0.0190 
 H029.6_2002  2 0.0105 0.9590 0.0162 0.0143 
 H029.6_2003  2 0.2057 0.6581 0.0433 0.0929 
      H029.7  2 0.0241 0.9204 0.0368 0.0187 
      H030.1  2 0.0411 0.9078 0.0152 0.0359 
      H030.2  2 0.0536 0.7730 0.1360 0.0374 
      H038.1  2 0.0166 0.8784 0.0869 0.0181 
      H038.2  2 0.0238 0.9504 0.0148 0.0110 
      H038.3  2 0.0420 0.8601 0.0720 0.0259 
      H038.4  2 0.0305 0.8735 0.0605 0.0355 
      H038.5  2 0.0599 0.8958 0.0319 0.0125 
      H038.6  2 0.0187 0.9457 0.0280 0.0077 
      H038.7  2 0.0265 0.9258 0.0366 0.0112 
      H038.8  2 0.0300 0.8532 0.0886 0.0282 
      H041.1  2 0.0201 0.7750 0.0321 0.1728 
      H041.2  2 0.0196 0.6035 0.1160 0.2610 
      H041.4  2 0.0200 0.5682 0.2297 0.1821 
      H041.6  2 0.0239 0.4962 0.2666 0.2132 
 H042.1_2002  2 0.0614 0.3153 0.0567 0.5666 
 H042.1_2003  2 0.0481 0.1094 0.7649 0.0777 
 H042.2_2002  2 0.0466 0.8688 0.0463 0.0383 
 H042.2_2003  2 0.0375 0.1437 0.1452 0.6735 
 H042.3_2002  2 0.1405 0.2609 0.0906 0.5079 
 H042.3_2003  2 0.1335 0.2352 0.4201 0.2112 
 H042.4_2002  2 0.0342 0.7245 0.0490 0.1924 
 H042.4_2003  2 0.0178 0.7161 0.0483 0.2178 
      H042.5  2 0.0242 0.5268 0.0177 0.4312 
      H042.6  2 0.0197 0.8863 0.0372 0.0568 
      H042.7  2 0.0208 0.1158 0.0213 0.8421 
      H042.8  2 0.0219 0.6440 0.0593 0.2748 
   H042_2002  2 0.0377 0.0567 0.8039 0.1017 
   H042_2003  2 0.0308 0.0552 0.8246 0.0893 
      H043.1  2 0.0234 0.0301 0.9340 0.0125 
      H043.2  2 0.0099 0.0100 0.9551 0.0249 
      H043.3  2 0.0606 0.0543 0.8691 0.0160 
      H043.4  2 0.0147 0.0245 0.9454 0.0154 
      H043.5  2 0.0117 0.0174 0.9584 0.0125 
      H043.6  2 0.0145 0.0217 0.9493 0.0146 
      H043.7  2 0.0161 0.0193 0.9324 0.0322 
      H043.8  2 0.0931 0.0841 0.7791 0.0437 
      H043.9  2 0.0399 0.0681 0.8724 0.0196 
      H047.1  2 0.1532 0.2877 0.5362 0.0230 
      H047.2  2 0.0585 0.8924 0.0196 0.0295 
      H047.3  2 0.0520 0.8834 0.0197 0.0450 
      H047.4  2 0.0545 0.6969 0.0312 0.2174 
      H047.5  2 0.1134 0.7142 0.0391 0.1334 
      H047.6  2 0.0904 0.5594 0.2417 0.1085 
      H047.7  2 0.0779 0.2846 0.5794 0.0581 
      H047.8  2 0.1855 0.3034 0.3738 0.1373 
      H047.9  2 0.2986 0.4058 0.0766 0.2190 
 H071.1_2002  2 0.0326 0.8649 0.0832 0.0193 
 H071.1_2003  2 0.0322 0.7751 0.1349 0.0579 
     H071.10  2 0.0203 0.9486 0.0214 0.0098 
 H071.2_2002  2 0.0357 0.9026 0.0428 0.0189 
 H071.2_2003  2 0.0146 0.9566 0.0183 0.0106 
      H071.3  2 0.0640 0.8699 0.0325 0.0337 
 H071.4_2002  2 0.0820 0.8711 0.0296 0.0173 
 H071.4_2003  2 0.0406 0.9328 0.0136 0.0130 
 H071.5_2002  2 0.0140 0.9544 0.0202 0.0113 
 H071.5_2003  2 0.0353 0.9173 0.0284 0.0189 
 H071.6_2002  2 0.0356 0.9287 0.0220 0.0136 
 H071.6_2003  2 0.0136 0.9619 0.0139 0.0106 
 H071.7_2002  2 0.0160 0.9272 0.0436 0.0132 
 H071.7_2003  2 0.0275 0.9133 0.0417 0.0175 
      H071.8  2 0.0299 0.9057 0.0369 0.0275 
      H071.9  2 0.0374 0.8662 0.0552 0.0412 
 H081.1_2002  2 0.0112 0.9581 0.0175 0.0132 
 H081.1_2003  2 0.0351 0.2677 0.6720 0.0252 
 H081.2_2002  2 0.0147 0.8667 0.0923 0.0263 
 H081.2_2003  2 0.0189 0.8910 0.0705 0.0196 
 H081.3_2002  2 0.0127 0.9387 0.0224 0.0262 
 H081.3_2003  2 0.1162 0.2174 0.6261 0.0403 
 H081.4_2002  2 0.0373 0.9200 0.0215 0.0213 
 H081.4_2003  2 0.1225 0.5057 0.2973 0.0745 
 H081.5_2002  2 0.0141 0.9513 0.0210 0.0136 
 H081.5_2003  2 0.0688 0.4899 0.3317 0.1096 
      H081.6  2 0.0185 0.9282 0.0364 0.0168 
      H081.7  2 0.0105 0.9501 0.0184 0.0211 
      H081.8  2 0.0289 0.9079 0.0277 0.0355 
      H083.1  2 0.0204 0.9499 0.0211 0.0087 
      H083.2  2 0.0180 0.9424 0.0264 0.0132 
      H083.4  2 0.0182 0.9415 0.0294 0.0109 
      H083.5  2 0.0149 0.9482 0.0252 0.0117 
      H083.6  2 0.0262 0.9488 0.0119 0.0132 
      H083.7  2 0.0288 0.9285 0.0259 0.0168 
      H083.8  2 0.0315 0.9186 0.0331 0.0168 
      H083.9  2 0.0128 0.9593 0.0166 0.0112 
      H084.1  2 0.0278 0.9090 0.0356 0.0276 
      H084.2  2 0.0485 0.8798 0.0586 0.0131 
      H084.3  2 0.0597 0.3578 0.4358 0.1467 
      H084.4  2 0.0676 0.3020 0.5155 0.1148 
      H084.5  2 0.0897 0.6622 0.1296 0.1185 
      H084.6  2 0.0562 0.4133 0.3747 0.1558 
      H084.7  2 0.0463 0.9096 0.0244 0.0197 
      H084.8  2 0.0358 0.6505 0.1210 0.1927 
 H085.1_2002  2 0.0200 0.8662 0.0786 0.0352 
 H085.1_2003  2 0.0136 0.9427 0.0173 0.0264 
 H085.2_2002  2 0.0320 0.7697 0.1353 0.0630 
 H085.2_2003  2 0.0233 0.9293 0.0240 0.0233 
 H085.3_2002  2 0.0143 0.3588 0.0314 0.5955 
 H085.3_2003  2 0.0196 0.9180 0.0239 0.0385 
 H085.4_2002  2 0.0271 0.6455 0.2663 0.0610 
 H085.4_2003  2 0.0139 0.8995 0.0453 0.0413 
 H085.5_2002  2 0.0167 0.2870 0.0744 0.6219 
 H085.5_2003  2 0.0159 0.9594 0.0130 0.0117 
 H085.6_2002  2 0.0286 0.7821 0.0740 0.1153 
 H085.6_2003  2 0.0294 0.2424 0.0365 0.6917 
 H085.7_2002  2 0.0212 0.7937 0.0534 0.1316 
 H085.7_2003  2 0.0277 0.8491 0.0666 0.0566 
 H085.8_2002  2 0.0302 0.2745 0.0919 0.6035 
 H085.8_2003  2 0.0250 0.9063 0.0319 0.0369 
      H085.9  2 0.0196 0.6008 0.2198 0.1598 
      H088.1  2 0.0402 0.4934 0.0391 0.4273 
      H088.2  2 0.0439 0.6467 0.0249 0.2845 
      H088.3  2 0.0331 0.7588 0.0213 0.1868 
      H088.4  2 0.0418 0.8731 0.0442 0.0409 
      H088.5  2 0.0226 0.7599 0.0230 0.1945 
      H088.6  2 0.0314 0.7750 0.0223 0.1714 
      H088.7  2 0.0324 0.8712 0.0260 0.0704 
      H088.8  2 0.0581 0.7789 0.0593 0.1037 
      H091.1  2 0.0463 0.8110 0.0338 0.1089 
      H091.2  2 0.0371 0.8499 0.0192 0.0938 
      H109.1  2 0.1642 0.3871 0.4177 0.0310 
      H109.2  2 0.0952 0.7145 0.1242 0.0662 
      H109.3  2 0.3042 0.3133 0.0769 0.3055 
      H109.4  2 0.2232 0.2089 0.4181 0.1499 
      H109.5  2 0.0723 0.4624 0.0200 0.4452 
      H109.6  2 0.2199 0.3395 0.3587 0.0819 
      H126.1  2 0.1390 0.0238 0.5929 0.2443 
      H126.2  2 0.0538 0.0641 0.8597 0.0224 
      H126.3  2 0.0864 0.2309 0.6453 0.0373 
      H126.4  2 0.1842 0.0656 0.7088 0.0414 
      H126.5  2 0.1965 0.0774 0.6508 0.0752 
      H126.6  2 0.0870 0.4083 0.4859 0.0187 
      H126.7  2 0.0527 0.9036 0.0276 0.0162 
      H130.1  2 0.1722 0.1178 0.3500 0.3601 
      H130.2  2 0.0842 0.8576 0.0331 0.0251 
      H130.3  2 0.5708 0.3542 0.0340 0.0410 
      H130.4  2 0.3679 0.0751 0.4935 0.0634 
      H130.5  2 0.0331 0.8728 0.0345 0.0597 
      H133.1  2 0.1504 0.1950 0.5559 0.0988 
      H133.2  2 0.2343 0.3155 0.3405 0.1098 
      H133.3  2 0.1956 0.2732 0.1476 0.3836 
      H133.4  2 0.1593 0.0575 0.7381 0.0451 
      H133.5  2 0.5649 0.1484 0.2590 0.0277 
      H133.6  2 0.1849 0.3795 0.3779 0.0578 
      H133.7  2 0.0446 0.0562 0.2592 0.6401 
      H133.8  2 0.2307 0.0852 0.4729 0.2112 
      H133.9  2 0.2559 0.2073 0.4428 0.0940 
      H147.1  2 0.0121 0.7068 0.0913 0.1898 
      H147.2  2 0.0090 0.9534 0.0221 0.0155 
      H147.3  2 0.0137 0.9314 0.0348 0.0200 
      H147.4  2 0.0133 0.9242 0.0427 0.0199 
      H147.5  2 0.0146 0.9527 0.0157 0.0169 
      H147.6  2 0.0213 0.9412 0.0171 0.0204 
      H147.7  2 0.0225 0.9099 0.0351 0.0325 
      H147.8  2 0.0115 0.9641 0.0143 0.0102 
      H147.9  2 0.0104 0.9505 0.0203 0.0188 
      H148.1  2 0.0801 0.0904 0.7257 0.1038 
      H148.2  2 0.0561 0.0869 0.6380 0.2190 
      H148.3  2 0.0143 0.0138 0.0338 0.9380 
      H148.4  2 0.0812 0.0442 0.4766 0.3980 
      H148.5  2 0.0662 0.0608 0.1628 0.7103 
      H148.6  2 0.0370 0.0917 0.5186 0.3527 
      H148.7  2 0.2233 0.0628 0.2102 0.5037 
      H148.8  2 0.0201 0.0234 0.1680 0.7885 
      H148.9  2 0.1040 0.0351 0.7266 0.1343 
   H166022.1  2 0.0082 0.9302 0.0146 0.0470 
   H166022.2  2 0.0294 0.8944 0.0176 0.0585 
   H166022.3  2 0.0557 0.8633 0.0143 0.0667 
   H166022.4  2 0.0425 0.9273 0.0105 0.0197 
   H166022.5  2 0.0389 0.9284 0.0114 0.0212 
   H166022.6  2 0.0257 0.8640 0.0412 0.0691 
   H166022.7  2 0.6000 0.0169 0.3722 0.0108 
   H166022.8  2 0.0679 0.7640 0.0487 0.1194 
   H167397.1  2 0.0172 0.0551 0.8594 0.0682 
   H167397.2  2 0.1154 0.0622 0.7072 0.1152 
   H167397.3  2 0.0219 0.0251 0.9135 0.0395 
   H167397.4  2 0.0774 0.1359 0.5306 0.2561 
   H167397.5  2 0.0351 0.0396 0.8928 0.0324 
   H167397.6  2 0.0220 0.0322 0.8802 0.0656 
   H167496.1  2 0.2510 0.2841 0.0282 0.4366 
   H167496.2  2 0.1411 0.2847 0.1109 0.4633 
   H167496.3  2 0.0526 0.4101 0.0540 0.4832 
   H167496.4  2 0.0152 0.9597 0.0095 0.0157 
   H167496.6  2 0.0355 0.9181 0.0221 0.0243 
   H167496.7  2 0.2822 0.1444 0.0622 0.5112 
   H167496.8  2 0.0200 0.9343 0.0203 0.0255 
   H167513.1  2 0.1727 0.1240 0.6392 0.0641 
   H167513.2  2 0.0416 0.0310 0.6949 0.2325 
   H167513.3  2 0.6976 0.0903 0.1724 0.0397 
   H167513.4  2 0.1151 0.6778 0.1162 0.0909 
   H167513.5  2 0.0295 0.0786 0.7932 0.0987 
   H167513.6  2 0.0921 0.1782 0.5682 0.1615 
   H167513.7  2 0.1605 0.4132 0.4027 0.0236 
   H167513.8  2 0.2766 0.0588 0.6445 0.0201 
   H167547.1  2 0.0304 0.0189 0.1372 0.8134 
   H167547.2  2 0.0171 0.0320 0.0706 0.8804 
   H167547.3  2 0.0205 0.0377 0.0786 0.8633 
   H167547.4  2 0.0325 0.0344 0.1930 0.7401 
   H167547.5  2 0.0142 0.0224 0.0175 0.9459 
   H167547.6  2 0.0134 0.0217 0.0205 0.9444 
   H167547.7  2 0.1760 0.0457 0.3454 0.4329 
   H169750.1  2 0.4755 0.0999 0.0765 0.3481 
   H169750.2  2 0.2934 0.2489 0.3529 0.1047 
   H169750.3  2 0.6413 0.1226 0.0277 0.2085 
   H169750.4  2 0.3282 0.0510 0.4671 0.1536 
   H169750.5  2 0.3846 0.3741 0.0501 0.1912 
   H169750.6  2 0.0943 0.7963 0.0503 0.0591 
   H169750.7  2 0.7308 0.0751 0.1055 0.0886 
   H171929.1  2 0.0191 0.0307 0.7699 0.1803 
  H171929.10  2 0.0235 0.3042 0.2702 0.4021 
  H171929.11  2 0.0270 0.0200 0.9083 0.0447 
   H171929.2  2 0.1377 0.0730 0.4952 0.2942 
   H171929.3  2 0.0691 0.0501 0.7692 0.1116 
   H171929.4  2 0.0746 0.1400 0.0629 0.7225 
   H171929.5  2 0.1262 0.0463 0.7633 0.0642 
   H171929.6  2 0.0504 0.0173 0.9123 0.0199 
   H171929.7  2 0.0697 0.0595 0.5094 0.3614 
   H171929.8  2 0.0368 0.0470 0.5495 0.3668 
   H171929.9  2 0.0551 0.4962 0.1102 0.3385 
   H171930.1  2 0.7338 0.0706 0.1477 0.0479 
   H171930.2  2 0.2166 0.5197 0.0932 0.1704 
   H171930.3  2 0.7765 0.0819 0.0786 0.0630 
   H171930.4  2 0.7056 0.2085 0.0274 0.0585 
   H171930.5  2 0.4197 0.2016 0.3069 0.0718 
   H171930.6  2 0.4749 0.4525 0.0270 0.0456 
   H171930.7  2 0.6959 0.0858 0.1885 0.0299 
   H171930.8  2 0.5603 0.1545 0.2362 0.0491 
   H171933.1  2 0.0569 0.7845 0.0804 0.0782 
   H171933.2  2 0.0394 0.6649 0.1727 0.1230 
   H171933.3  2 0.0449 0.4226 0.0499 0.4827 
   H171933.4  2 0.2006 0.4604 0.0712 0.2678 
   H171933.5  2 0.3076 0.1022 0.2980 0.2921 
   H171933.6  2 0.0198 0.9464 0.0116 0.0221 
   H171933.7  2 0.0916 0.6260 0.1330 0.1495 
   H171933.8  2 0.0557 0.4224 0.3769 0.1451 
   H171933.9  2 0.0846 0.8094 0.0216 0.0844 
      H190.1  2 0.5246 0.3418 0.0207 0.1130 
      H190.2  2 0.0320 0.0428 0.0259 0.8993 
      H190.3  2 0.0526 0.1068 0.0956 0.7451 
      H190.4  2 0.2318 0.5377 0.0374 0.1931 
      H190.5  2 0.0904 0.1759 0.0455 0.6883 
      H190.6  2 0.1379 0.4886 0.0322 0.3413 
      H190.7  2 0.0628 0.0433 0.0948 0.7991 
      H190.8  2 0.1761 0.1537 0.0329 0.6373 
      H190.9  2 0.0531 0.0970 0.0610 0.7889 
      H400.1  2 0.0222 0.9342 0.0297 0.0139 
      H400.2  2 0.0131 0.9608 0.0159 0.0102 
      H400.3  2 0.0649 0.8537 0.0449 0.0365 
      H400.4  2 0.0157 0.9523 0.0119 0.0200 
      H400.5  2 0.0568 0.8819 0.0365 0.0248 
      H400.6  2 0.0148 0.9510 0.0182 0.0160 
      H400.7  2 0.0222 0.8979 0.0153 0.0646 
 H428.1_2005  2 0.0554 0.8858 0.0292 0.0296 
 H428.1_2006  2 0.0266 0.9288 0.0127 0.0319 
 H428.2_2005  2 0.0417 0.8294 0.0608 0.0681 
 H428.2_2006  2 0.0134 0.9636 0.0113 0.0116 
 H428.3_2005  2 0.0422 0.9303 0.0079 0.0196 
 H428.3_2006  2 0.0187 0.9379 0.0253 0.0180 
 H428.4_2005  2 0.0815 0.8602 0.0105 0.0478 
 H428.4_2006  2 0.0177 0.9566 0.0093 0.0163 
 H428.5_2005  2 0.0087 0.9611 0.0151 0.0151 
 H428.6_2005  2 0.1027 0.8481 0.0196 0.0296 
 H428.6_2006  2 0.0372 0.9379 0.0115 0.0134 
      H428.7  2 0.0112 0.9677 0.0106 0.0105 
      H428.8  2 0.0199 0.9535 0.0154 0.0112 
      H428.9  2 0.0100 0.9418 0.0314 0.0169 
      H453.1  2 0.0256 0.9496 0.0089 0.0159 
      H453.2  2 0.0307 0.9243 0.0102 0.0348 
      H453.3  2 0.0170 0.9490 0.0117 0.0223 
      H453.4  2 0.0175 0.9535 0.0102 0.0188 
      H453.5  2 0.0151 0.9675 0.0081 0.0092 
      H453.6  2 0.0123 0.9712 0.0078 0.0087 
      H453.7  2 0.0391 0.8408 0.0201 0.1000 
      H453.8  2 0.0299 0.8668 0.0280 0.0753 
      H453.9  2 0.0160 0.9574 0.0129 0.0137 
      H512.1  2 0.0303 0.9355 0.0126 0.0216 
     H512.10  2 0.2303 0.6126 0.0818 0.0753 
      H512.2  2 0.1968 0.5904 0.0362 0.1766 
      H512.3  2 0.7840 0.1286 0.0378 0.0496 
      H512.4  2 0.0339 0.8791 0.0311 0.0558 
      H512.5  2 0.9220 0.0324 0.0199 0.0256 
      H512.6  2 0.6584 0.1780 0.0309 0.1327 
      H512.7  2 0.8393 0.1118 0.0183 0.0307 
      H512.8  2 0.4050 0.2723 0.0330 0.2897 
      H512.9  2 0.6470 0.2842 0.0403 0.0285 
      H513.1  2 0.0107 0.9511 0.0246 0.0136 
      H513.2  2 0.0101 0.9244 0.0338 0.0317 
      H513.3  2 0.0175 0.9519 0.0169 0.0137 
      H513.4  2 0.0225 0.9420 0.0104 0.0251 
      H513.5  2 0.0243 0.9523 0.0126 0.0107 
      H513.6  2 0.0293 0.2948 0.6248 0.0511 
      H532.1  2 0.1082 0.8501 0.0229 0.0188 
      H532.2  2 0.0172 0.9004 0.0223 0.0602 
      H532.3  2 0.0295 0.9049 0.0202 0.0455 
      H532.4  2 0.0181 0.9246 0.0370 0.0202 
      H532.5  2 0.0646 0.8728 0.0350 0.0275 
      H532.6  2 0.0292 0.9298 0.0277 0.0133 
      H532.7  2 0.0160 0.9573 0.0147 0.0119 
      H532.8  2 0.0576 0.8837 0.0238 0.0350 
      H543.1  2 0.0145 0.0224 0.9477 0.0154 
      H543.2  2 0.0715 0.1890 0.6628 0.0767 
      H543.3  2 0.0143 0.0325 0.9323 0.0209 
      H543.4  2 0.0126 0.0149 0.9519 0.0206 
      H543.5  2 0.0130 0.0179 0.9550 0.0141 
      H543.6  2 0.0154 0.0202 0.9404 0.0240 
      H543.7  2 0.0109 0.0089 0.9671 0.0131 
      H543.8  2 0.0240 0.0667 0.8837 0.0257 
      H543.9  2 0.0162 0.0261 0.9299 0.0278 
 H545.1_2005  2 0.0086 0.0083 0.9769 0.0062 
 H545.1_2006  2 0.0115 0.0118 0.9661 0.0105 
 H545.2_2005  2 0.0195 0.0123 0.9558 0.0124 
 H545.2_2006  2 0.0162 0.0153 0.9587 0.0097 
 H545.3_2005  2 0.0360 0.0125 0.9342 0.0173 
 H545.3_2006  2 0.0109 0.0119 0.9700 0.0073 
 H545.4_2005  2 0.0198 0.0113 0.9505 0.0184 
 H545.4_2006  2 0.0082 0.0079 0.9737 0.0103 
 H545.5_2005  2 0.0160 0.0177 0.9576 0.0087 
 H545.5_2006  2 0.0259 0.0171 0.9427 0.0143 
 H545.6_2005  2 0.0097 0.0088 0.9745 0.0070 
 H545.6_2006  2 0.0135 0.0101 0.9641 0.0122 
 H545.7_2005  2 0.0148 0.0119 0.9645 0.0087 
 H545.7_2006  2 0.0122 0.0166 0.9629 0.0083 
 H545.8_2005  2 0.0129 0.0187 0.9541 0.0143 
 H545.8_2006  2 0.0139 0.0111 0.9652 0.0098 
      H545.9  2 0.0189 0.0129 0.9553 0.0129 
      H547.1  2 0.0280 0.1054 0.0246 0.8420 
      H547.2  2 0.0142 0.1391 0.0329 0.8139 
      H547.3  2 0.0543 0.0691 0.0744 0.8021 
      H547.4  2 0.0500 0.0808 0.2075 0.6617 
      H547.5  2 0.0126 0.0293 0.0149 0.9432 
      H547.6  2 0.0149 0.2894 0.0513 0.6444 
      H547.7  2 0.0365 0.0671 0.1015 0.7949 
      H547.8  2 0.0143 0.0608 0.0274 0.8975 
      H548.1  2 0.0104 0.0081 0.9701 0.0114 
      H548.2  2 0.0194 0.0129 0.9470 0.0206 
      H548.3  2 0.0128 0.0129 0.9598 0.0144 
      H548.4  2 0.0286 0.0221 0.9359 0.0134 
      H548.5  2 0.0102 0.0094 0.9668 0.0136 
      H548.6  2 0.0147 0.0079 0.9689 0.0086 
      H548.7  2 0.0136 0.0181 0.9553 0.0130 
      H548.8  2 0.0117 0.0118 0.9653 0.0112 
      H548.9  2 0.0171 0.0175 0.9488 0.0165 
     H7389.1  2 0.0201 0.9311 0.0162 0.0326 
     H7389.2  2 0.0112 0.9191 0.0432 0.0265 
     H7389.3  2 0.0161 0.9271 0.0154 0.0415 
     H7389.4  2 0.0207 0.9378 0.0319 0.0097 
     H7389.5  2 0.0565 0.8950 0.0347 0.0138 
     H7389.6  2 0.2572 0.7172 0.0125 0.0131 
     H7389.7  2 0.0212 0.9119 0.0298 0.0372 
     H7389.8  2 0.0336 0.5850 0.3627 0.0187 
     H7389.9  2 0.0184 0.9542 0.0179 0.0095 
      H747.1  2 0.5965 0.0804 0.0344 0.2887 
      H747.2  2 0.8869 0.0174 0.0711 0.0245 
      H747.3  2 0.9016 0.0260 0.0307 0.0417 
      H747.4  2 0.8191 0.0516 0.0328 0.0966 
      H747.5  2 0.9381 0.0163 0.0255 0.0202 
      H747.6  2 0.7005 0.0703 0.1864 0.0427 
      H747.7  2 0.8889 0.0233 0.0572 0.0306 
     H7484.1  2 0.0429 0.8967 0.0209 0.0395 
     H7484.2  2 0.0513 0.5613 0.1766 0.2108 
     H7484.3  2 0.0869 0.5099 0.1810 0.2222 
     H7484.4  2 0.0423 0.8692 0.0425 0.0460 
     H7484.5  2 0.0652 0.8099 0.0840 0.0409 
     H7484.6  2 0.6821 0.0917 0.0436 0.1826 
     H7484.7  2 0.3653 0.4178 0.1245 0.0924 
     H7484.8  2 0.0822 0.8799 0.0159 0.0220 
     H7485.1  2 0.0199 0.0232 0.9346 0.0223 
     H7485.2  2 0.0125 0.0258 0.9513 0.0104 
     H7485.3  2 0.0113 0.0074 0.9725 0.0088 
     H7485.4  2 0.0084 0.0151 0.9695 0.0070 
     H7485.5  2 0.0105 0.0121 0.9660 0.0114 
     H7485.6  2 0.0259 0.0373 0.9008 0.0360 
     H7485.7  2 0.0156 0.0099 0.9613 0.0132 
     H7496.1  2 0.0537 0.8847 0.0192 0.0424 
    H7496.10  2 0.0110 0.9470 0.0101 0.0319 
    H7496.11  2 0.0304 0.0670 0.8806 0.0220 
     H7496.2  2 0.0368 0.9002 0.0171 0.0459 
     H7496.3  2 0.0382 0.8635 0.0373 0.0610 
     H7496.4  2 0.0169 0.9095 0.0118 0.0619 
     H7496.5  2 0.0484 0.8687 0.0238 0.0590 
     H7496.6  2 0.0535 0.8893 0.0150 0.0422 
     H7496.7  2 0.0198 0.9459 0.0110 0.0233 
     H7496.8  2 0.0302 0.8603 0.0307 0.0789 
        UNK4  2 0.1259 0.4208 0.3899 0.0635 
        UNK5  2 0.0256 0.5808 0.3539 0.0397 
        UNK6  2 0.0444 0.7797 0.1168 0.0591 
        UNK7  2 0.0164 0.5556 0.3929 0.0351 
        UNK8  2 0.0133 0.3391 0.6292 0.0183 
        UNK9  2 0.0302 0.7062 0.2446 0.0190 
      H009.1  4 0.0927 0.0150 0.1647 0.7276 
      H009.2  4 0.3782 0.0222 0.1448 0.4548 
      H009.3  4 0.1251 0.0197 0.1567 0.6984 
      H009.4  4 0.3492 0.0243 0.1377 0.4888 
      H009.5  4 0.2527 0.0241 0.2940 0.4292 
      H009.6  4 0.0287 0.0210 0.2290 0.7214 
      H046.4  4 0.1440 0.3795 0.3894 0.0870 
      H046.8  4 0.2892 0.0447 0.2920 0.3741 
 H076.1_2002  4 0.0107 0.0122 0.0138 0.9633 
 H076.1_2003  4 0.0082 0.0082 0.0098 0.9738 
 H076.1_2004  4 0.0117 0.0107 0.0120 0.9656 
 H076.2_2002  4 0.0090 0.0116 0.0117 0.9678 
 H076.2_2003  4 0.0096 0.0099 0.0158 0.9647 
 H076.2_2004  4 0.1201 0.0263 0.0275 0.8261 
 H076.3_2002  4 0.1627 0.0356 0.0257 0.7759 
 H076.3_2003  4 0.0114 0.0167 0.0280 0.9439 
 H076.3_2004  4 0.0086 0.0179 0.0115 0.9620 
 H076.4_2002  4 0.0557 0.0266 0.0351 0.8826 
 H076.4_2003  4 0.0212 0.0100 0.0130 0.9558 
 H076.4_2004  4 0.2875 0.0312 0.0286 0.6527 
 H076.5_2002  4 0.0101 0.0157 0.0094 0.9649 
 H076.5_2003  4 0.0236 0.0255 0.0928 0.8581 
 H076.5_2004  4 0.0461 0.0404 0.0242 0.8894 
 H076.6_2002  4 0.0120 0.0226 0.0164 0.9489 
 H076.6_2003  4 0.0100 0.0113 0.0200 0.9587 
 H076.6_2004  4 0.0202 0.0143 0.0165 0.9490 
 H076.7_2002  4 0.2765 0.1098 0.0880 0.5256 
 H076.7_2003  4 0.0363 0.0325 0.0296 0.9016 
 H076.7_2004  4 0.0422 0.0126 0.0176 0.9276 
      H477.1  4 0.6849 0.2132 0.0343 0.0676 
      H477.2  4 0.8450 0.0756 0.0167 0.0626 
      H477.3  4 0.6669 0.2236 0.0861 0.0234 
      H477.4  4 0.6495 0.1163 0.2138 0.0203 
      H477.5  4 0.7948 0.0338 0.1344 0.0370 
      H477.6  4 0.8637 0.0434 0.0573 0.0356 
      H477.7  4 0.5124 0.1064 0.3547 0.0265 
 H479.1_2005  4 0.5173 0.4366 0.0319 0.0141 
 H479.1_2006  4 0.6729 0.0861 0.1138 0.1273 
     H479.10  4 0.7382 0.1355 0.0691 0.0572 
 H479.2_2005  4 0.1984 0.4961 0.2122 0.0933 
 H479.2_2006  4 0.8067 0.1329 0.0493 0.0111 
 H479.3_2005  4 0.8084 0.1562 0.0110 0.0244 
 H479.3_2006  4 0.8323 0.1054 0.0129 0.0495 
 H479.4_2005  4 0.9247 0.0426 0.0175 0.0152 
 H479.4_2006  4 0.5960 0.3713 0.0180 0.0147 
 H479.5_2005  4 0.4137 0.3719 0.1460 0.0685 
 H479.5_2006  4 0.8982 0.0701 0.0132 0.0185 
 H479.6_2005  4 0.8323 0.0587 0.0382 0.0708 
 H479.6_2006  4 0.1490 0.8196 0.0196 0.0118 
 H479.7_2005  4 0.4574 0.4801 0.0309 0.0316 
 H479.7_2006  4 0.7516 0.1756 0.0507 0.0221 
 H479.8_2005  4 0.3244 0.6407 0.0169 0.0180 
 H479.8_2006  4 0.7125 0.0198 0.2275 0.0403 
      H479.9  4 0.9541 0.0123 0.0119 0.0217 
      H516.1  4 0.2091 0.0290 0.1293 0.6326 
      H516.2  4 0.8500 0.0199 0.1085 0.0216 
      H516.3  4 0.4749 0.0201 0.4493 0.0557 
      H516.4  4 0.7132 0.0219 0.1625 0.1024 
      H516.5  4 0.5790 0.0205 0.1908 0.2096 
      H516.6  4 0.8386 0.0120 0.1352 0.0141 
      H516.7  4 0.8290 0.0752 0.0354 0.0604 
      H516.8  4 0.4475 0.0210 0.1697 0.3617 
      H516.9  4 0.8014 0.0482 0.0635 0.0869 
      H646.1  4 0.2983 0.0298 0.0156 0.6563 
      H646.2  4 0.2292 0.0127 0.0092 0.7489 
      H646.3  4 0.5110 0.0147 0.0172 0.4571 
      H646.4  4 0.1113 0.0216 0.0157 0.8515 
      H646.5  4 0.4751 0.0204 0.0178 0.4867 
      H658.1  4 0.7904 0.0140 0.1659 0.0298 
     H658.10  4 0.9452 0.0133 0.0167 0.0247 
      H658.2  4 0.7621 0.0247 0.1185 0.0948 
      H658.3  4 0.9297 0.0264 0.0216 0.0224 
      H658.4  4 0.9415 0.0290 0.0160 0.0136 
      H658.5  4 0.9523 0.0234 0.0113 0.0129 
      H658.6  4 0.9458 0.0135 0.0162 0.0245 
      H658.7  4 0.8079 0.0236 0.0235 0.1450 
      H658.8  4 0.7602 0.0120 0.0519 0.1759 
      H658.9  4 0.8305 0.0333 0.0471 0.0892 
      H682.1  4 0.2834 0.5454 0.0657 0.1055 
      H682.6  4 0.1789 0.2762 0.2571 0.2878 
      H720.1  4 0.3345 0.3724 0.0196 0.2735 
      H720.2  4 0.6143 0.1251 0.0159 0.2447 
      H720.3  4 0.1899 0.1380 0.0266 0.6455 
      H720.4  4 0.7387 0.0916 0.0592 0.1105 
      H720.5  4 0.0896 0.1186 0.0903 0.7015 
      H720.6  4 0.1045 0.1196 0.1011 0.6748 
      H720.7  4 0.7642 0.1786 0.0184 0.0389 
      H720.8  4 0.1134 0.4099 0.0203 0.4564 
      H720.9  4 0.1101 0.5901 0.1019 0.1980 
      H724.1  4 0.0186 0.0205 0.0246 0.9363 
      H724.2  4 0.0252 0.0507 0.0372 0.8869 
      H724.3  4 0.5861 0.0812 0.0308 0.3019 
      H724.4  4 0.0474 0.0251 0.0165 0.9110 
      H724.5  4 0.4533 0.2369 0.0241 0.2858 
      H724.6  4 0.0248 0.0281 0.0718 0.8753 
      H725.1  4 0.1238 0.5996 0.1061 0.1705 
      H725.2  4 0.5409 0.2196 0.1517 0.0878 
      H725.3  4 0.5892 0.1169 0.2605 0.0333 
      H725.4  4 0.0433 0.5999 0.2842 0.0727 
      H725.5  4 0.4502 0.4762 0.0336 0.0399 
      H725.6  4 0.7343 0.0331 0.1467 0.0859 
      H725.7  4 0.3770 0.1506 0.3071 0.1653 
      H725.8  4 0.6823 0.0262 0.2514 0.0401 
      H726.1  4 0.8775 0.0084 0.0426 0.0715 
      H726.2  4 0.9243 0.0209 0.0198 0.0351 
      H726.3  4 0.6695 0.0155 0.0718 0.2432 
      H726.4  4 0.9207 0.0147 0.0389 0.0257 
      H726.5  4 0.9392 0.0173 0.0193 0.0242 
        UNK1  4 0.8208 0.0778 0.0385 0.0629 
        UNK2  4 0.3083 0.3623 0.1283 0.2011 
        UNK3  4 0.7010 0.1129 0.0313 0.1549 
      H016.1  5 0.2318 0.0507 0.6470 0.0705 
      H016.2  5 0.0536 0.0809 0.8257 0.0397 
      H016.3  5 0.3975 0.0254 0.3273 0.2498 
      H016.4  5 0.0601 0.0824 0.8341 0.0235 
 H017.1_2002  5 0.1484 0.0195 0.0398 0.7923 
 H017.1_2003  5 0.7824 0.0358 0.1516 0.0302 
 H017.2_2002  5 0.0357 0.0186 0.0359 0.9098 
 H017.2_2003  5 0.9577 0.0129 0.0115 0.0178 
 H017.3_2002  5 0.2565 0.0474 0.3889 0.3072 
 H017.3_2003  5 0.0482 0.0348 0.2288 0.6882 
 H017.4_2002  5 0.0184 0.0707 0.3693 0.5416 
 H017.4_2003  5 0.8480 0.0157 0.1051 0.0313 
 H017.5_2002  5 0.0222 0.0107 0.9281 0.0390 
 H017.5_2003  5 0.7176 0.0217 0.1842 0.0765 
 H017.6_2002  5 0.0138 0.0456 0.0530 0.8875 
 H017.6_2003  5 0.7365 0.0255 0.0320 0.2061 
 H017.7_2002  5 0.0191 0.0506 0.1318 0.7985 
 H017.7_2003  5 0.9440 0.0142 0.0247 0.0172 
      H017.8  5 0.0663 0.0271 0.3343 0.5723 
      H017.9  5 0.0633 0.0512 0.1243 0.7612 
      H032.1  5 0.9508 0.0124 0.0198 0.0170 
      H032.2  5 0.9651 0.0097 0.0141 0.0110 
      H032.3  5 0.9164 0.0327 0.0356 0.0153 
      H032.4  5 0.8899 0.0118 0.0748 0.0236 
      H032.5  5 0.9395 0.0158 0.0143 0.0303 
      H032.6  5 0.9326 0.0126 0.0232 0.0315 
      H032.7  5 0.9041 0.0216 0.0512 0.0231 
 H034.1_2002  5 0.0209 0.0259 0.0374 0.9158 
 H034.1_2003  5 0.0593 0.0339 0.1192 0.7875 
 H034.2_2002  5 0.0530 0.0440 0.4458 0.4572 
 H034.2_2003  5 0.0566 0.0768 0.0612 0.8053 
 H034.3_2002  5 0.0632 0.0309 0.1089 0.7970 
 H034.3_2003  5 0.0425 0.0483 0.0977 0.8115 
 H034.4_2002  5 0.0204 0.0781 0.0904 0.8111 
 H034.4_2003  5 0.1152 0.0147 0.6755 0.1946 
 H034.5_2002  5 0.0624 0.0171 0.0533 0.8672 
 H034.5_2003  5 0.1903 0.0365 0.3910 0.3822 
 H034.6_2002  5 0.0178 0.0342 0.2675 0.6804 
 H034.6_2003  5 0.0945 0.0153 0.8261 0.0641 
 H034.7_2002  5 0.0634 0.0321 0.0973 0.8072 
 H034.7_2003  5 0.1741 0.0191 0.7116 0.0952 
 H034.8_2002  5 0.0128 0.0164 0.0930 0.8778 
 H034.8_2003  5 0.0545 0.0133 0.5047 0.4275 
      H034.9  5 0.1466 0.0990 0.0972 0.6571 
      H048.1  5 0.9407 0.0262 0.0192 0.0139 
      H048.2  5 0.3008 0.4331 0.0761 0.1901 
      H048.3  5 0.2599 0.0712 0.0486 0.6203 
      H048.4  5 0.1752 0.2510 0.0496 0.5242 
      H048.5  5 0.9046 0.0677 0.0129 0.0149 
      H048.6  5 0.1600 0.2209 0.0359 0.5832 
      H048.7  5 0.8428 0.0917 0.0409 0.0246 
      H048.8  5 0.4864 0.0795 0.1263 0.3078 
      H060.1  5 0.0128 0.0164 0.9328 0.0380 
     H060.10  5 0.0116 0.0103 0.9463 0.0318 
      H060.2  5 0.0207 0.0197 0.9169 0.0427 
      H060.3  5 0.0156 0.0121 0.9380 0.0343 
      H060.4  5 0.0201 0.0145 0.9297 0.0357 
      H060.5  5 0.0228 0.0209 0.9362 0.0202 
      H060.6  5 0.0277 0.0155 0.9414 0.0153 
      H060.7  5 0.0231 0.0385 0.5121 0.4263 
      H060.8  5 0.0330 0.0337 0.7984 0.1349 
      H060.9  5 0.0252 0.0141 0.9433 0.0174 
 H070.1_2002  5 0.0418 0.1474 0.7111 0.0997 
 H070.1_2003  5 0.0250 0.0420 0.8620 0.0710 
 H070.1_2004  5 0.0214 0.0165 0.3641 0.5980 
 H070.2_2002  5 0.0284 0.0710 0.7365 0.1641 
 H070.2_2003  5 0.0960 0.1056 0.6243 0.1742 
 H070.2_2004  5 0.0396 0.0129 0.1810 0.7665 
 H070.3_2002  5 0.0265 0.0363 0.8695 0.0678 
 H070.3_2003  5 0.0901 0.0201 0.8367 0.0531 
 H070.3_2004  5 0.0444 0.0244 0.7384 0.1928 
 H070.4_2002  5 0.1526 0.0549 0.1748 0.6177 
 H070.4_2003  5 0.0448 0.0214 0.9067 0.0271 
 H070.4_2004  5 0.0611 0.0817 0.5821 0.2750 
 H070.5_2002  5 0.0311 0.0672 0.8892 0.0126 
 H070.5_2003  5 0.0533 0.0140 0.8968 0.0360 
 H070.5_2004  5 0.0236 0.0203 0.3779 0.5782 
 H070.6_2002  5 0.3941 0.1414 0.4180 0.0465 
 H070.6_2003  5 0.0693 0.0198 0.3562 0.5547 
 H070.6_2004  5 0.0732 0.0770 0.3572 0.4926 
      H077.1  5 0.1495 0.0213 0.4237 0.4055 
      H077.2  5 0.3683 0.0413 0.5267 0.0637 
      H077.3  5 0.1550 0.0221 0.0708 0.7520 
      H077.4  5 0.2762 0.0230 0.3229 0.3779 
      H077.5  5 0.2807 0.0171 0.5679 0.1343 
      H077.6  5 0.0671 0.0166 0.8891 0.0272 
      H097.1  5 0.0325 0.0654 0.0624 0.8398 
      H097.2  5 0.0256 0.0850 0.0311 0.8583 
      H097.3  5 0.0328 0.0241 0.0286 0.9145 
      H097.4  5 0.0449 0.0618 0.0356 0.8577 
      H097.5  5 0.0505 0.0255 0.0468 0.8772 
      H097.6  5 0.0226 0.1158 0.0343 0.8273 
      H097.7  5 0.0221 0.0652 0.0784 0.8343 
      H124.1  5 0.2380 0.2579 0.3923 0.1118 
      H124.2  5 0.0848 0.0361 0.8555 0.0235 
      H124.3  5 0.1019 0.2980 0.5584 0.0417 
      H124.4  5 0.0676 0.1087 0.7529 0.0708 
      H124.5  5 0.0687 0.0496 0.8527 0.0289 
      H132.1  5 0.0681 0.0819 0.5008 0.3492 
      H132.2  5 0.1591 0.1227 0.3267 0.3914 
      H132.3  5 0.0328 0.0187 0.8732 0.0752 
      H132.4  5 0.1271 0.0812 0.4276 0.3640 
      H132.5  5 0.0574 0.0314 0.6932 0.2180 
      H132.6  5 0.0700 0.1068 0.5818 0.2413 
      H132.7  5 0.0579 0.7023 0.1969 0.0429 
      H155.1  5 0.0552 0.7674 0.1354 0.0420 
      H155.2  5 0.0611 0.7681 0.1117 0.0590 
      H155.3  5 0.0578 0.8938 0.0320 0.0164 
      H155.4  5 0.0213 0.8629 0.0782 0.0375 
      H155.5  5 0.1835 0.7002 0.0755 0.0408 
      H155.6  5 0.0593 0.8229 0.0854 0.0324 
      H155.7  5 0.1476 0.6339 0.1430 0.0755 
      H155.8  5 0.0260 0.8350 0.1223 0.0168 
      H155.9  5 0.4942 0.4328 0.0517 0.0213 
      H169.1  5 0.6331 0.0190 0.2789 0.0691 
      H169.2  5 0.3712 0.0212 0.2838 0.3238 
      H169.3  5 0.2956 0.0239 0.0534 0.6271 
      H169.4  5 0.1788 0.0296 0.7100 0.0816 
      H169.5  5 0.3020 0.0401 0.3606 0.2973 
      H169.6  5 0.3527 0.0436 0.4999 0.1038 
      H457.1  5 0.0267 0.8510 0.0232 0.0992 
      H457.2  5 0.0200 0.9463 0.0130 0.0207 
      H457.3  5 0.0428 0.8821 0.0292 0.0459 
      H457.4  5 0.0578 0.8113 0.0145 0.1164 
      H457.5  5 0.3742 0.4762 0.0874 0.0622 
      H457.6  5 0.1632 0.7156 0.0394 0.0818 
      H457.7  5 0.0721 0.3298 0.3720 0.2261 
      H457.8  5 0.2067 0.6935 0.0698 0.0301 
      H462.1  5 0.1685 0.1170 0.6512 0.0634 
      H462.2  5 0.0550 0.1697 0.5702 0.2052 
      H462.3  5 0.3637 0.2669 0.3071 0.0624 
      H462.4  5 0.0687 0.0659 0.5301 0.3352 
      H462.5  5 0.0711 0.0902 0.4007 0.4380 
      H462.6  5 0.2018 0.1299 0.4977 0.1706 
      H462.7  5 0.4655 0.2800 0.1795 0.0750 
      H462.8  5 0.0508 0.0310 0.6175 0.3007 
      H462.9  5 0.2817 0.2029 0.4411 0.0742 
      H481.1  5 0.2065 0.0204 0.1294 0.6438 
      H481.2  5 0.0279 0.0211 0.8742 0.0768 
      H481.3  5 0.0422 0.0125 0.8864 0.0589 
      H481.4  5 0.0260 0.0164 0.9035 0.0541 
      H481.5  5 0.1025 0.0304 0.6481 0.2190 
      H481.6  5 0.0497 0.0756 0.6975 0.1771 
      H481.7  5 0.0364 0.0311 0.7948 0.1377 
      H481.8  5 0.0516 0.0899 0.1144 0.7441 
      H509.1  5 0.7258 0.0931 0.0552 0.1259 
      H509.2  5 0.6878 0.1356 0.0368 0.1399 
      H509.3  5 0.8383 0.0985 0.0199 0.0433 
      H509.4  5 0.5419 0.3068 0.0227 0.1285 
      H509.5  5 0.3621 0.5506 0.0388 0.0485 
      H509.6  5 0.4890 0.2900 0.0372 0.1837 
      H509.7  5 0.7069 0.2185 0.0142 0.0604 
      H567.1  5 0.9016 0.0594 0.0195 0.0195 
      H567.2  5 0.2406 0.3810 0.1319 0.2466 
      H567.3  5 0.5073 0.1862 0.1279 0.1785 
      H567.4  5 0.0902 0.8428 0.0293 0.0378 
      H567.5  5 0.9195 0.0458 0.0169 0.0177 
      H567.6  5 0.8420 0.0807 0.0505 0.0268 
      H567.7  5 0.3154 0.4191 0.1670 0.0985 
      H567.8  5 0.5999 0.1383 0.2023 0.0595 
      H608.1  5 0.1180 0.2291 0.2838 0.3691 
      H608.2  5 0.1941 0.2408 0.3635 0.2016 
      H608.3  5 0.2715 0.3030 0.3429 0.0825 
      H608.4  5 0.2972 0.0960 0.4918 0.1150 
      H608.5  5 0.5527 0.3065 0.1069 0.0340 
      H608.6  5 0.2356 0.0428 0.6263 0.0953 
      H608.7  5 0.3907 0.3607 0.0982 0.1504 
      H608.8  5 0.4349 0.0945 0.4083 0.0623 
      H615.1  5 0.0147 0.0149 0.9589 0.0115 
      H615.2  5 0.0368 0.0384 0.9028 0.0219 
      H615.3  5 0.0661 0.0369 0.1230 0.7739 
      H615.4  5 0.1540 0.0805 0.4736 0.2918 
      H615.5  5 0.1568 0.0251 0.4646 0.3534 
      H615.6  5 0.0255 0.0198 0.4859 0.4687 
      H635.1  5 0.1403 0.0623 0.0457 0.7516 
      H635.2  5 0.2905 0.3136 0.1614 0.2344 
      H635.3  5 0.1840 0.4787 0.0413 0.2960 
      H635.4  5 0.0652 0.6198 0.1095 0.2055 
      H635.5  5 0.1353 0.0613 0.0353 0.7681 
      H635.6  5 0.0448 0.0193 0.0313 0.9045 
      H635.7  5 0.3419 0.1267 0.0433 0.4881 
