      H105.1  1 0.6428 0.0074 0.1743 0.0132 0.0161 0.0311 0.0180 0.0084 0.0083 0.0266 0.0197 0.0341 
      H105.2  1 0.7156 0.0129 0.0386 0.0541 0.0485 0.0119 0.0100 0.0392 0.0121 0.0126 0.0228 0.0218 
      H105.3  1 0.7324 0.0092 0.1005 0.0145 0.0421 0.0285 0.0154 0.0121 0.0091 0.0120 0.0096 0.0145 
      H105.4  1 0.5257 0.0389 0.0655 0.0358 0.0525 0.0149 0.0463 0.0453 0.0089 0.0171 0.0438 0.1052 
      H105.5  1 0.3853 0.0721 0.2300 0.0287 0.0338 0.0113 0.0578 0.0125 0.0095 0.0521 0.0276 0.0793 
      H105.6  1 0.7114 0.0342 0.0367 0.0071 0.0566 0.0251 0.0359 0.0262 0.0052 0.0064 0.0096 0.0456 
      H105.7  1 0.6393 0.0075 0.0498 0.0104 0.0183 0.0649 0.0081 0.0124 0.0065 0.0206 0.0957 0.0665 
      H105.8  1 0.6711 0.0167 0.0922 0.0233 0.0363 0.0772 0.0090 0.0231 0.0125 0.0076 0.0092 0.0218 
      H115.1  1 0.0247 0.7311 0.0280 0.0159 0.0357 0.0434 0.0137 0.0312 0.0108 0.0280 0.0216 0.0158 
      H115.2  1 0.0302 0.8604 0.0086 0.0061 0.0106 0.0120 0.0071 0.0219 0.0132 0.0150 0.0067 0.0079 
      H115.3  1 0.0194 0.8964 0.0059 0.0075 0.0066 0.0068 0.0102 0.0116 0.0062 0.0158 0.0077 0.0058 
      H115.4  1 0.1811 0.1651 0.0640 0.0856 0.0150 0.0169 0.0551 0.2027 0.0108 0.1701 0.0132 0.0203 
      H115.5  1 0.0684 0.5152 0.0181 0.1630 0.0266 0.0403 0.0302 0.0136 0.0522 0.0387 0.0170 0.0167 
      H115.6  1 0.0304 0.7975 0.0095 0.0172 0.0177 0.0138 0.0152 0.0190 0.0129 0.0326 0.0248 0.0095 
      H115.7  1 0.0220 0.5657 0.0140 0.0342 0.1452 0.0074 0.0303 0.0745 0.0069 0.0433 0.0453 0.0112 
      H115.8  1 0.0298 0.7560 0.0102 0.0181 0.0097 0.0517 0.0095 0.0116 0.0561 0.0262 0.0109 0.0102 
      H115.9  1 0.0060 0.8767 0.0124 0.0061 0.0089 0.0317 0.0071 0.0083 0.0063 0.0134 0.0076 0.0155 
      H145.1  1 0.0082 0.0223 0.0137 0.0053 0.0219 0.0154 0.7941 0.0080 0.0604 0.0098 0.0085 0.0325 
      H145.2  1 0.0141 0.0548 0.0283 0.0042 0.0306 0.0122 0.7047 0.0135 0.0655 0.0106 0.0157 0.0459 
      H145.3  1 0.0050 0.0158 0.0077 0.0297 0.0113 0.0608 0.7191 0.0079 0.1057 0.0107 0.0107 0.0156 
      H145.4  1 0.0064 0.0082 0.0068 0.0092 0.0559 0.0091 0.8006 0.0099 0.0391 0.0109 0.0079 0.0359 
      H145.5  1 0.0055 0.0070 0.0075 0.0140 0.0130 0.0107 0.6259 0.0078 0.2818 0.0093 0.0065 0.0108 
      H145.6  1 0.0104 0.0267 0.0092 0.0314 0.0389 0.0081 0.6922 0.0191 0.0533 0.0270 0.0437 0.0398 
      H145.7  1 0.0054 0.0088 0.0048 0.0297 0.0203 0.0096 0.8526 0.0084 0.0172 0.0137 0.0082 0.0214 
      H149.1  1 0.0065 0.0077 0.0075 0.0048 0.0050 0.0064 0.9320 0.0055 0.0058 0.0062 0.0072 0.0055 
      H149.2  1 0.0065 0.0061 0.0104 0.0051 0.0062 0.0043 0.9252 0.0061 0.0044 0.0103 0.0085 0.0068 
      H149.3  1 0.0086 0.0128 0.0104 0.0090 0.0117 0.0068 0.8727 0.0169 0.0058 0.0151 0.0229 0.0071 
      H149.4  1 0.0254 0.0100 0.0444 0.0098 0.0147 0.0115 0.7538 0.0624 0.0175 0.0209 0.0212 0.0084 
      H149.5  1 0.0191 0.0063 0.0272 0.0112 0.0136 0.0085 0.7374 0.0263 0.0083 0.0736 0.0578 0.0107 
      H149.6  1 0.0099 0.0043 0.0106 0.0071 0.0107 0.0051 0.8968 0.0097 0.0056 0.0121 0.0206 0.0077 
      H149.7  1 0.0360 0.0091 0.1089 0.0112 0.0265 0.0170 0.4032 0.0925 0.0131 0.0503 0.2219 0.0104 
      H150.1  1 0.0368 0.8683 0.0080 0.0073 0.0092 0.0174 0.0041 0.0106 0.0172 0.0066 0.0069 0.0077 
      H150.2  1 0.0821 0.7564 0.0105 0.0124 0.0286 0.0104 0.0143 0.0245 0.0274 0.0160 0.0121 0.0053 
      H150.3  1 0.0186 0.6222 0.0088 0.0222 0.2087 0.0200 0.0117 0.0206 0.0193 0.0099 0.0240 0.0138 
      H150.4  1 0.0093 0.8749 0.0087 0.0131 0.0163 0.0149 0.0061 0.0072 0.0156 0.0075 0.0115 0.0147 
      H150.5  1 0.0624 0.7449 0.0092 0.0138 0.0204 0.0099 0.0135 0.0443 0.0071 0.0497 0.0159 0.0086 
      H150.6  1 0.5139 0.1687 0.0093 0.0353 0.0202 0.0060 0.0139 0.1615 0.0113 0.0414 0.0126 0.0059 
      H150.7  1 0.0068 0.9277 0.0045 0.0056 0.0106 0.0076 0.0053 0.0059 0.0086 0.0049 0.0045 0.0080 
   H169607.1  1 0.0153 0.1183 0.3028 0.0397 0.0516 0.0385 0.0798 0.1071 0.0287 0.0347 0.1151 0.0684 
   H169607.2  1 0.0065 0.0226 0.0229 0.0075 0.0134 0.0199 0.0174 0.0801 0.0049 0.0102 0.0134 0.7811 
   H169607.3  1 0.0133 0.0468 0.0878 0.0475 0.0337 0.0410 0.0524 0.0368 0.0238 0.1755 0.1813 0.2600 
   H169607.4  1 0.0075 0.0167 0.0377 0.0074 0.0116 0.0066 0.0139 0.0181 0.0080 0.0082 0.0166 0.8477 
   H169607.5  1 0.0078 0.0505 0.0138 0.0097 0.0117 0.0661 0.1148 0.1280 0.0078 0.0696 0.0159 0.5044 
   H169607.6  1 0.0069 0.0104 0.0163 0.0065 0.0078 0.0129 0.0090 0.0312 0.0035 0.0091 0.0103 0.8762 
   H169607.7  1 0.0299 0.0231 0.0364 0.0224 0.0152 0.0814 0.0156 0.3893 0.0075 0.0161 0.0201 0.3430 
   H169607.8  1 0.0056 0.0096 0.0268 0.0078 0.0066 0.0076 0.0069 0.0109 0.0039 0.0060 0.0110 0.8972 
   H169633.1  1 0.0136 0.0144 0.0085 0.0227 0.0120 0.0063 0.8821 0.0053 0.0151 0.0069 0.0066 0.0064 
   H169633.2  1 0.0331 0.0084 0.0342 0.0140 0.0342 0.0294 0.7809 0.0130 0.0078 0.0087 0.0317 0.0045 
   H169633.3  1 0.0231 0.0068 0.0085 0.0091 0.0156 0.0238 0.8713 0.0074 0.0074 0.0129 0.0088 0.0051 
   H169633.4  1 0.0092 0.0126 0.0080 0.0146 0.0093 0.0081 0.8977 0.0053 0.0119 0.0102 0.0052 0.0080 
   H169633.5  1 0.0080 0.0114 0.0065 0.0110 0.0098 0.0094 0.9005 0.0061 0.0165 0.0093 0.0046 0.0069 
   H169688.1  1 0.0068 0.0130 0.0155 0.1374 0.0103 0.0165 0.1131 0.0819 0.0051 0.0084 0.5242 0.0678 
   H169688.2  1 0.0330 0.0223 0.0111 0.0874 0.0061 0.0172 0.0141 0.1575 0.0308 0.0136 0.5829 0.0239 
   H169688.3  1 0.0102 0.0369 0.0163 0.0297 0.0126 0.0056 0.0962 0.1290 0.0088 0.0283 0.6121 0.0143 
   H169688.4  1 0.0152 0.6708 0.0112 0.0345 0.0077 0.0110 0.0244 0.0445 0.0270 0.0285 0.1032 0.0221 
   H169688.5  1 0.0177 0.6631 0.0096 0.0337 0.0074 0.0112 0.0220 0.0456 0.0359 0.0248 0.1137 0.0153 
   H169688.6  1 0.0301 0.0468 0.0126 0.0414 0.0056 0.0105 0.0849 0.3227 0.1055 0.0133 0.3056 0.0210 
   H169688.7  1 0.0190 0.0954 0.0296 0.0433 0.0092 0.0124 0.2858 0.1412 0.0185 0.0236 0.3040 0.0181 
   H171901.1  1 0.0727 0.1536 0.0159 0.0352 0.1424 0.0134 0.0212 0.0475 0.0796 0.0212 0.3806 0.0168 
   H171901.2  1 0.0272 0.0335 0.0093 0.0101 0.0112 0.0127 0.8391 0.0106 0.0087 0.0096 0.0086 0.0195 
   H171901.3  1 0.0824 0.0668 0.0212 0.0453 0.0137 0.0140 0.5662 0.0656 0.0085 0.0190 0.0864 0.0109 
   H171901.4  1 0.2055 0.0436 0.0393 0.0186 0.0078 0.0231 0.5351 0.0682 0.0086 0.0114 0.0240 0.0148 
   H171901.5  1 0.1258 0.0242 0.0437 0.0083 0.0087 0.0131 0.4561 0.2463 0.0081 0.0202 0.0349 0.0109 
   H171901.6  1 0.1510 0.0397 0.0694 0.0074 0.0130 0.0165 0.4535 0.1680 0.0068 0.0149 0.0454 0.0144 
   H171901.7  1 0.0435 0.0196 0.0082 0.0080 0.0080 0.0245 0.5928 0.2451 0.0074 0.0143 0.0181 0.0105 
   H171902.1  1 0.0186 0.2431 0.1051 0.0401 0.0081 0.0161 0.0516 0.2812 0.1676 0.0083 0.0200 0.0401 
  H171902.10  1 0.0090 0.0215 0.0142 0.0138 0.0064 0.0054 0.0583 0.8217 0.0161 0.0080 0.0110 0.0148 
   H171902.2  1 0.0566 0.0746 0.0589 0.3935 0.0135 0.0679 0.0174 0.1241 0.0555 0.0121 0.1058 0.0201 
   H171902.3  1 0.0323 0.0698 0.0835 0.0196 0.0156 0.0163 0.0504 0.6432 0.0136 0.0101 0.0255 0.0199 
   H171902.4  1 0.0134 0.1323 0.0080 0.0306 0.0158 0.0120 0.5556 0.1258 0.0691 0.0110 0.0137 0.0127 
   H171902.6  1 0.0077 0.0350 0.0226 0.0114 0.0145 0.0078 0.0592 0.7750 0.0253 0.0092 0.0091 0.0233 
   H171902.7  1 0.0192 0.0527 0.0413 0.0069 0.0107 0.0090 0.1724 0.4815 0.1329 0.0141 0.0238 0.0357 
   H171902.8  1 0.0130 0.0348 0.0336 0.0173 0.0130 0.0067 0.0434 0.7582 0.0311 0.0091 0.0170 0.0227 
   H171902.9  1 0.0121 0.7877 0.0138 0.0126 0.0145 0.0099 0.0162 0.0458 0.0434 0.0081 0.0169 0.0190 
   H171903.1  1 0.0115 0.0258 0.0100 0.0047 0.0067 0.0156 0.0107 0.0256 0.0045 0.0132 0.0157 0.8560 
   H171903.2  1 0.0179 0.0234 0.0224 0.0073 0.0071 0.0383 0.0104 0.0167 0.0129 0.0296 0.0159 0.7980 
   H171903.3  1 0.0514 0.0408 0.0795 0.0086 0.0137 0.0497 0.0663 0.0768 0.0196 0.3358 0.0518 0.2061 
   H171903.4  1 0.0237 0.0486 0.0092 0.0142 0.0218 0.0086 0.0261 0.0239 0.0083 0.0257 0.7236 0.0664 
   H171903.5  1 0.0386 0.0545 0.2565 0.0104 0.0129 0.0565 0.0554 0.0667 0.0119 0.2895 0.0574 0.0897 
   H171903.6  1 0.0150 0.1021 0.0235 0.0144 0.0077 0.0207 0.0958 0.1193 0.0051 0.2570 0.1408 0.1987 
      H177.1  1 0.0105 0.0164 0.0183 0.0081 0.0071 0.0076 0.4530 0.1684 0.0119 0.0199 0.2513 0.0276 
      H177.2  1 0.0095 0.0220 0.1063 0.0226 0.0102 0.0546 0.6018 0.0538 0.0173 0.0479 0.0147 0.0393 
      H177.3  1 0.0095 0.0346 0.0330 0.0081 0.0098 0.0098 0.7070 0.1085 0.0138 0.0288 0.0209 0.0162 
      H177.4  1 0.0248 0.0086 0.0330 0.0059 0.0085 0.0089 0.5371 0.0939 0.0099 0.0286 0.2149 0.0261 
      H177.5  1 0.0529 0.0168 0.0124 0.0152 0.0075 0.0187 0.0330 0.0445 0.0109 0.0601 0.6927 0.0351 
      H177.6  1 0.0132 0.0394 0.0439 0.0062 0.0084 0.0109 0.7467 0.0660 0.0156 0.0234 0.0142 0.0121 
      H179.1  1 0.0377 0.0125 0.7371 0.0179 0.0142 0.0129 0.0073 0.0679 0.0071 0.0150 0.0611 0.0094 
      H179.2  1 0.0194 0.0125 0.6871 0.0150 0.0139 0.0195 0.0083 0.1406 0.0075 0.0338 0.0293 0.0130 
      H179.3  1 0.0362 0.0566 0.1596 0.0463 0.0138 0.0820 0.0085 0.1761 0.0105 0.0551 0.2786 0.0767 
      H179.4  1 0.0195 0.0078 0.3933 0.0340 0.0114 0.0325 0.1464 0.2549 0.0055 0.0231 0.0494 0.0222 
      H180.1  1 0.4096 0.1285 0.1080 0.0550 0.0100 0.0079 0.0071 0.0648 0.0209 0.1617 0.0143 0.0122 
      H180.2  1 0.5084 0.2309 0.0280 0.0647 0.0109 0.0086 0.0066 0.0286 0.0192 0.0707 0.0166 0.0070 
      H180.3  1 0.1224 0.4107 0.0984 0.0126 0.0228 0.0773 0.0075 0.0131 0.0181 0.1855 0.0113 0.0202 
      H180.4  1 0.5416 0.0306 0.0135 0.0558 0.0213 0.0154 0.0095 0.0527 0.0248 0.2104 0.0154 0.0091 
      H180.5  1 0.3780 0.0684 0.0163 0.0814 0.0081 0.0450 0.0099 0.1524 0.0444 0.1390 0.0310 0.0262 
      H180.6  1 0.1205 0.0399 0.0137 0.0341 0.0186 0.5332 0.0143 0.0475 0.0750 0.0235 0.0112 0.0685 
      H181.1  1 0.0361 0.0111 0.1418 0.2272 0.0060 0.0076 0.2600 0.0312 0.0231 0.2046 0.0139 0.0375 
      H181.2  1 0.0661 0.0102 0.1665 0.2771 0.0106 0.0090 0.2262 0.1346 0.0254 0.0229 0.0316 0.0199 
      H181.3  1 0.0382 0.0082 0.0573 0.5919 0.0086 0.0102 0.1289 0.0915 0.0196 0.0143 0.0149 0.0164 
      H181.4  1 0.0212 0.0616 0.1061 0.1407 0.0135 0.0182 0.1877 0.0453 0.0059 0.3439 0.0265 0.0295 
      H181.5  1 0.0258 0.0106 0.2810 0.4849 0.0162 0.0184 0.0377 0.0250 0.0153 0.0252 0.0493 0.0106 
      H181.6  1 0.1190 0.0176 0.6858 0.0308 0.0106 0.0111 0.0284 0.0297 0.0099 0.0159 0.0228 0.0185 
      H181.7  1 0.0258 0.0178 0.3955 0.2277 0.0096 0.0391 0.1420 0.0673 0.0123 0.0293 0.0098 0.0240 
 H194.1_2004  1 0.0181 0.0208 0.0074 0.0053 0.0171 0.0151 0.1086 0.0261 0.0094 0.0174 0.0171 0.7375 
 H194.2_2004  1 0.0428 0.0104 0.0076 0.0083 0.0271 0.0089 0.0955 0.0517 0.0684 0.0404 0.3068 0.3322 
 H194.3_2004  1 0.0143 0.0095 0.0205 0.0051 0.0193 0.0098 0.7949 0.0227 0.0109 0.0082 0.0193 0.0654 
 H194.4_2004  1 0.0127 0.0105 0.0064 0.0080 0.0075 0.0080 0.6961 0.0104 0.0161 0.0086 0.1677 0.0479 
 H194.5_2004  1 0.0196 0.0110 0.0174 0.0065 0.0260 0.0172 0.6777 0.0282 0.0072 0.0123 0.0298 0.1471 
 H194.6_2004  1 0.0093 0.0101 0.0182 0.0077 0.0104 0.0135 0.6396 0.0265 0.0070 0.0111 0.2199 0.0267 
 H194.7_2004  1 0.0167 0.0113 0.0071 0.0146 0.0513 0.1004 0.1565 0.0136 0.0118 0.0134 0.0472 0.5560 
 H194.8_2004  1 0.0091 0.0112 0.0124 0.0084 0.0237 0.0178 0.5785 0.0195 0.0096 0.0204 0.2588 0.0305 
      H194.9  1 0.0243 0.0195 0.0078 0.0135 0.0594 0.1100 0.3320 0.0172 0.0175 0.0150 0.0325 0.3512 
 H195.1_2003  1 0.4823 0.0119 0.0191 0.0137 0.0217 0.0096 0.2901 0.0251 0.0052 0.0079 0.0665 0.0471 
 H195.1_2004  1 0.0069 0.0082 0.0063 0.0210 0.0124 0.0062 0.8837 0.0122 0.0133 0.0128 0.0079 0.0091 
 H195.2_2003  1 0.2140 0.0522 0.0172 0.0113 0.0099 0.0171 0.2099 0.0265 0.0151 0.0090 0.0809 0.3366 
 H195.2_2004  1 0.0178 0.0098 0.0060 0.0151 0.0076 0.0115 0.8418 0.0068 0.0441 0.0082 0.0142 0.0171 
 H195.3_2003  1 0.3168 0.1136 0.0174 0.0181 0.0267 0.0249 0.0532 0.0559 0.0109 0.0186 0.1128 0.2312 
 H195.3_2004  1 0.0100 0.0066 0.0056 0.0117 0.0104 0.0050 0.8998 0.0079 0.0086 0.0064 0.0054 0.0226 
 H195.4_2003  1 0.2166 0.0115 0.0127 0.0045 0.0170 0.0066 0.6622 0.0091 0.0048 0.0103 0.0175 0.0274 
 H195.4_2004  1 0.0065 0.0056 0.0051 0.0469 0.0075 0.0124 0.8334 0.0063 0.0084 0.0084 0.0256 0.0338 
 H195.5_2003  1 0.5740 0.0130 0.0106 0.0191 0.0192 0.0073 0.2474 0.0261 0.0059 0.0090 0.0326 0.0359 
 H195.5_2004  1 0.0071 0.0052 0.0056 0.0162 0.0128 0.0064 0.9039 0.0073 0.0121 0.0063 0.0059 0.0111 
 H195.6_2003  1 0.2875 0.0406 0.0090 0.0232 0.0148 0.0146 0.2846 0.0180 0.0131 0.0152 0.0214 0.2578 
 H195.6_2004  1 0.0129 0.0046 0.0124 0.0084 0.0170 0.0094 0.8772 0.0061 0.0120 0.0056 0.0077 0.0267 
 H195.7_2003  1 0.0310 0.0073 0.0106 0.0124 0.0122 0.0113 0.3066 0.0237 0.0038 0.0080 0.5393 0.0340 
 H195.7_2004  1 0.0121 0.0170 0.0064 0.0340 0.0122 0.0088 0.6870 0.0139 0.1639 0.0203 0.0089 0.0156 
      H195.8  1 0.0076 0.0086 0.0047 0.0698 0.0108 0.0112 0.8205 0.0106 0.0139 0.0099 0.0151 0.0174 
      H195.9  1 0.0090 0.0048 0.0056 0.0112 0.0087 0.0106 0.8600 0.0112 0.0076 0.0066 0.0142 0.0504 
      H415.1  1 0.0967 0.2247 0.1106 0.0090 0.0677 0.0840 0.1609 0.0318 0.1135 0.0159 0.0708 0.0142 
      H415.2  1 0.0270 0.2222 0.4100 0.0051 0.0242 0.0094 0.0912 0.0844 0.0427 0.0373 0.0280 0.0185 
      H415.3  1 0.0809 0.0174 0.5939 0.0052 0.0484 0.0126 0.0739 0.0869 0.0113 0.0263 0.0372 0.0059 
      H415.4  1 0.1217 0.1701 0.4173 0.0077 0.0795 0.0474 0.0494 0.0153 0.0260 0.0276 0.0303 0.0077 
      H415.5  1 0.1074 0.0129 0.6555 0.0075 0.0317 0.0096 0.0670 0.0405 0.0180 0.0219 0.0220 0.0060 
      H415.6  1 0.1226 0.1498 0.4165 0.0077 0.0814 0.0465 0.0509 0.0166 0.0362 0.0310 0.0318 0.0090 
      H415.7  1 0.0160 0.0328 0.5039 0.0052 0.0247 0.0135 0.2005 0.1157 0.0217 0.0245 0.0303 0.0112 
      H506.1  1 0.0068 0.0037 0.9242 0.0099 0.0067 0.0084 0.0097 0.0063 0.0081 0.0051 0.0064 0.0048 
      H506.2  1 0.0073 0.0051 0.9213 0.0056 0.0060 0.0071 0.0171 0.0071 0.0053 0.0060 0.0064 0.0058 
      H506.3  1 0.0291 0.0073 0.6407 0.0542 0.0144 0.0200 0.0162 0.0506 0.1083 0.0202 0.0292 0.0098 
      H506.4  1 0.0138 0.0086 0.8303 0.0223 0.0094 0.0128 0.0112 0.0207 0.0265 0.0136 0.0217 0.0090 
      H506.5  1 0.0092 0.0047 0.9131 0.0092 0.0051 0.0060 0.0134 0.0072 0.0115 0.0046 0.0091 0.0068 
      H506.6  1 0.0278 0.0293 0.4897 0.0515 0.0110 0.0127 0.0245 0.0804 0.0759 0.0769 0.0607 0.0596 
      H506.7  1 0.0095 0.0037 0.9053 0.0089 0.0058 0.0069 0.0223 0.0077 0.0111 0.0049 0.0073 0.0066 
      H533.1  1 0.0113 0.0049 0.8999 0.0144 0.0050 0.0070 0.0123 0.0189 0.0104 0.0071 0.0047 0.0043 
      H533.2  1 0.0100 0.0051 0.8655 0.0115 0.0058 0.0077 0.0247 0.0299 0.0251 0.0063 0.0042 0.0042 
      H533.3  1 0.0080 0.0104 0.8101 0.0089 0.0055 0.0126 0.0185 0.0780 0.0106 0.0202 0.0078 0.0096 
      H533.4  1 0.0223 0.0130 0.3443 0.0549 0.0109 0.0112 0.1342 0.3147 0.0298 0.0269 0.0143 0.0236 
      H535.1  1 0.0106 0.0215 0.1567 0.0067 0.0137 0.0129 0.6490 0.0524 0.0068 0.0219 0.0228 0.0250 
      H535.2  1 0.0104 0.0041 0.0320 0.0286 0.0060 0.0238 0.8423 0.0118 0.0037 0.0147 0.0119 0.0107 
      H535.3  1 0.0349 0.0095 0.0295 0.0575 0.0051 0.0187 0.7838 0.0104 0.0076 0.0170 0.0112 0.0147 
      H535.4  1 0.0117 0.0047 0.0088 0.0083 0.0059 0.0063 0.9278 0.0073 0.0042 0.0061 0.0036 0.0052 
      H535.5  1 0.0072 0.0047 0.0109 0.0067 0.0064 0.0074 0.9096 0.0148 0.0044 0.0076 0.0119 0.0083 
      H535.6  1 0.0078 0.0176 0.0196 0.0102 0.0118 0.0118 0.7796 0.0286 0.0052 0.0237 0.0658 0.0183 
      H535.7  1 0.0099 0.0076 0.0095 0.0056 0.0074 0.0111 0.9049 0.0107 0.0057 0.0079 0.0092 0.0104 
      H535.8  1 0.0143 0.0057 0.0108 0.0134 0.0071 0.0122 0.8668 0.0128 0.0070 0.0080 0.0323 0.0098 
      H535.9  1 0.0149 0.0183 0.0152 0.0093 0.0081 0.0079 0.8801 0.0104 0.0081 0.0081 0.0063 0.0134 
      H539.1  1 0.0034 0.9443 0.0044 0.0044 0.0045 0.0058 0.0046 0.0044 0.0066 0.0043 0.0037 0.0097 
      H539.2  1 0.0196 0.2691 0.0242 0.0595 0.0116 0.0304 0.0136 0.4451 0.0206 0.0327 0.0248 0.0488 
      H539.3  1 0.0104 0.7431 0.0069 0.0136 0.0131 0.0468 0.0108 0.0208 0.0334 0.0096 0.0296 0.0617 
      H539.4  1 0.0099 0.9019 0.0089 0.0075 0.0059 0.0109 0.0049 0.0097 0.0166 0.0102 0.0069 0.0069 
      H539.5  1 0.0046 0.9208 0.0051 0.0048 0.0066 0.0154 0.0059 0.0064 0.0069 0.0058 0.0047 0.0131 
      H539.6  1 0.0057 0.9049 0.0047 0.0068 0.0105 0.0232 0.0059 0.0085 0.0082 0.0055 0.0049 0.0113 
      H539.7  1 0.0058 0.9421 0.0042 0.0043 0.0066 0.0044 0.0044 0.0067 0.0050 0.0050 0.0063 0.0053 
      H539.8  1 0.0326 0.7183 0.0093 0.0205 0.0174 0.0098 0.0203 0.0217 0.0707 0.0171 0.0422 0.0199 
      H539.9  1 0.0064 0.9183 0.0061 0.0065 0.0052 0.0132 0.0052 0.0057 0.0131 0.0062 0.0060 0.0079 
      H540.1  1 0.0056 0.8788 0.0092 0.0092 0.0073 0.0123 0.0103 0.0186 0.0105 0.0206 0.0071 0.0104 
      H540.2  1 0.0049 0.9349 0.0067 0.0038 0.0075 0.0056 0.0045 0.0057 0.0044 0.0087 0.0056 0.0079 
      H540.3  1 0.0165 0.5763 0.0207 0.0139 0.0509 0.0059 0.0185 0.0210 0.1929 0.0378 0.0373 0.0083 
      H540.4  1 0.0072 0.8991 0.0113 0.0071 0.0104 0.0064 0.0105 0.0132 0.0039 0.0106 0.0115 0.0088 
      H540.5  1 0.0056 0.8698 0.0107 0.0132 0.0072 0.0111 0.0108 0.0141 0.0189 0.0160 0.0108 0.0118 
      H540.6  1 0.0071 0.7726 0.0195 0.0319 0.0113 0.0232 0.0242 0.0215 0.0143 0.0291 0.0174 0.0278 
      H540.7  1 0.0071 0.8981 0.0100 0.0064 0.0080 0.0132 0.0087 0.0149 0.0051 0.0148 0.0048 0.0088 
      H540.8  1 0.0085 0.8693 0.0080 0.0041 0.0071 0.0064 0.0148 0.0212 0.0094 0.0251 0.0115 0.0146 
     H9558.1  1 0.0064 0.9165 0.0061 0.0047 0.0070 0.0058 0.0067 0.0146 0.0085 0.0048 0.0093 0.0097 
     H9558.2  1 0.0115 0.8811 0.0114 0.0079 0.0082 0.0176 0.0064 0.0099 0.0083 0.0065 0.0153 0.0160 
     H9558.3  1 0.0191 0.8632 0.0125 0.0081 0.0109 0.0187 0.0069 0.0068 0.0190 0.0080 0.0071 0.0197 
     H9558.4  1 0.0061 0.9123 0.0084 0.0049 0.0047 0.0063 0.0062 0.0193 0.0067 0.0094 0.0074 0.0083 
     H9558.5  1 0.0123 0.8888 0.0080 0.0083 0.0077 0.0045 0.0060 0.0162 0.0170 0.0156 0.0098 0.0057 
     H9558.6  1 0.0103 0.7903 0.0085 0.0049 0.0139 0.0722 0.0099 0.0068 0.0138 0.0475 0.0121 0.0098 
    kos339.1  1 0.0107 0.0243 0.2040 0.0178 0.0132 0.0454 0.5256 0.0846 0.0101 0.0242 0.0289 0.0111 
    kos339.2  1 0.0106 0.0067 0.0115 0.0120 0.0174 0.0270 0.8763 0.0061 0.0069 0.0129 0.0072 0.0053 
    kos339.3  1 0.0083 0.0066 0.0129 0.0065 0.0063 0.0094 0.9126 0.0105 0.0049 0.0096 0.0065 0.0058 
    kos339.4  1 0.0118 0.0064 0.0135 0.0087 0.0090 0.0127 0.8922 0.0126 0.0069 0.0086 0.0124 0.0054 
    kos339.5  1 0.0142 0.0176 0.0377 0.0136 0.0130 0.0259 0.7926 0.0404 0.0041 0.0164 0.0175 0.0069 
    kos339.6  1 0.0061 0.0061 0.0131 0.0086 0.0100 0.0099 0.9068 0.0080 0.0073 0.0125 0.0058 0.0058 
    kos339.7  1 0.0053 0.0077 0.0131 0.0057 0.0060 0.0120 0.9135 0.0117 0.0050 0.0071 0.0072 0.0059 
    kos339.8  1 0.0124 0.0062 0.0457 0.0124 0.0094 0.0130 0.8424 0.0179 0.0074 0.0154 0.0134 0.0045 
    kos339.9  1 0.0077 0.0236 0.0146 0.0064 0.0112 0.0168 0.8777 0.0131 0.0053 0.0084 0.0077 0.0075 
      H008.1  2 0.0167 0.0278 0.0115 0.0156 0.0188 0.8483 0.0112 0.0165 0.0084 0.0081 0.0084 0.0087 
      H008.2  2 0.1385 0.1425 0.1020 0.0670 0.0226 0.1205 0.0411 0.0818 0.1645 0.0228 0.0342 0.0625 
      H008.3  2 0.1118 0.0589 0.0704 0.1237 0.0512 0.1125 0.0421 0.1801 0.0854 0.0264 0.0630 0.0745 
      H008.4  2 0.0172 0.0337 0.0268 0.0183 0.0468 0.6323 0.0304 0.0180 0.0860 0.0102 0.0308 0.0496 
      H008.5  2 0.0207 0.0152 0.0113 0.0184 0.0231 0.7832 0.0176 0.0234 0.0203 0.0137 0.0344 0.0185 
      H008.6  2 0.0772 0.0512 0.0981 0.0109 0.0256 0.3155 0.0305 0.0514 0.1902 0.0191 0.0395 0.0908 
      H008.7  2 0.0821 0.0581 0.0524 0.0784 0.0561 0.3309 0.0484 0.0537 0.1337 0.0128 0.0540 0.0395 
      H008.8  2 0.0101 0.6145 0.0700 0.0280 0.0154 0.1415 0.0298 0.0168 0.0144 0.0092 0.0087 0.0417 
      H008.9  2 0.1063 0.0747 0.0668 0.0177 0.0284 0.0308 0.0578 0.0378 0.4509 0.0211 0.0250 0.0828 
 H029.1_2002  2 0.0096 0.0438 0.0530 0.0139 0.0240 0.6823 0.0097 0.0103 0.0325 0.0103 0.0937 0.0169 
 H029.1_2003  2 0.0095 0.0131 0.0302 0.0080 0.0138 0.0349 0.0082 0.0140 0.0119 0.0146 0.8268 0.0149 
 H029.2_2002  2 0.0173 0.0087 0.0390 0.0522 0.0085 0.5321 0.1337 0.0281 0.0608 0.0137 0.0808 0.0250 
 H029.2_2003  2 0.0147 0.0135 0.0389 0.0105 0.0061 0.1046 0.0569 0.0749 0.0358 0.0221 0.6004 0.0217 
 H029.3_2002  2 0.0103 0.0085 0.0854 0.1186 0.0083 0.2236 0.1282 0.0296 0.2084 0.0272 0.1181 0.0338 
 H029.3_2003  2 0.0312 0.0058 0.0186 0.0100 0.0153 0.4198 0.0116 0.0253 0.0102 0.0124 0.4310 0.0087 
 H029.4_2002  2 0.0096 0.0054 0.0070 0.0272 0.0100 0.7967 0.0095 0.0084 0.0293 0.0083 0.0810 0.0077 
 H029.4_2003  2 0.0130 0.0205 0.0128 0.0109 0.0142 0.0913 0.0073 0.0208 0.0226 0.0137 0.7618 0.0111 
 H029.5_2002  2 0.0119 0.0091 0.0142 0.0141 0.0254 0.7937 0.0062 0.0081 0.0069 0.0067 0.0976 0.0061 
 H029.5_2003  2 0.0152 0.0123 0.0182 0.0069 0.0107 0.2826 0.0070 0.0284 0.0095 0.0085 0.5948 0.0060 
 H029.6_2002  2 0.0072 0.0051 0.0117 0.0647 0.0085 0.3566 0.0081 0.0098 0.0690 0.0071 0.4415 0.0105 
 H029.6_2003  2 0.0393 0.0140 0.0422 0.0150 0.0300 0.4814 0.0632 0.0684 0.0098 0.0377 0.1887 0.0104 
      H029.7  2 0.0093 0.0076 0.0170 0.0403 0.0071 0.6919 0.0512 0.0220 0.0477 0.0071 0.0801 0.0189 
      H030.1  2 0.1257 0.0073 0.0127 0.0219 0.0168 0.0362 0.0131 0.0176 0.0065 0.5956 0.1361 0.0107 
      H030.2  2 0.1224 0.0264 0.0331 0.2270 0.0449 0.1460 0.0139 0.0161 0.0868 0.2496 0.0289 0.0049 
      H038.1  2 0.0049 0.0105 0.0094 0.0068 0.0082 0.8918 0.0053 0.0050 0.0305 0.0071 0.0091 0.0114 
      H038.2  2 0.0095 0.0053 0.0101 0.0080 0.0096 0.9060 0.0085 0.0082 0.0076 0.0156 0.0079 0.0039 
      H038.3  2 0.0189 0.0135 0.0156 0.0099 0.0155 0.8028 0.0125 0.0100 0.0317 0.0573 0.0057 0.0067 
      H038.4  2 0.0143 0.0092 0.0103 0.0085 0.0182 0.8653 0.0178 0.0060 0.0255 0.0137 0.0058 0.0055 
      H038.5  2 0.0155 0.0101 0.0074 0.0207 0.0085 0.8625 0.0093 0.0110 0.0254 0.0148 0.0102 0.0045 
      H038.6  2 0.0064 0.0103 0.0087 0.0051 0.0043 0.9051 0.0051 0.0121 0.0131 0.0109 0.0116 0.0072 
      H038.7  2 0.0097 0.0121 0.0194 0.0040 0.0052 0.8931 0.0060 0.0081 0.0124 0.0201 0.0051 0.0047 
      H038.8  2 0.0093 0.0107 0.0097 0.0103 0.0149 0.8137 0.0151 0.0071 0.0600 0.0396 0.0053 0.0044 
      H041.1  2 0.1470 0.0116 0.0059 0.0969 0.1466 0.1377 0.0338 0.0165 0.0263 0.0129 0.3445 0.0202 
      H041.2  2 0.0329 0.0081 0.0138 0.0075 0.2184 0.0407 0.0161 0.0081 0.0239 0.0081 0.6123 0.0101 
      H041.4  2 0.0357 0.0334 0.0134 0.0160 0.0400 0.1804 0.0276 0.0083 0.0286 0.0091 0.5837 0.0240 
      H041.6  2 0.0208 0.0573 0.0241 0.0235 0.0779 0.2040 0.0256 0.0094 0.0155 0.0168 0.4795 0.0457 
 H042.1_2002  2 0.0103 0.0446 0.0103 0.0082 0.0258 0.0118 0.0202 0.0161 0.0201 0.0079 0.8091 0.0155 
 H042.1_2003  2 0.1017 0.0955 0.1040 0.0132 0.2161 0.1079 0.0215 0.0798 0.1259 0.0453 0.0587 0.0304 
 H042.2_2002  2 0.0109 0.0094 0.0242 0.0096 0.0276 0.1183 0.0099 0.0399 0.0481 0.0071 0.6772 0.0176 
 H042.2_2003  2 0.0151 0.0446 0.0172 0.0047 0.3146 0.0958 0.0194 0.0169 0.0075 0.0116 0.4375 0.0151 
 H042.3_2002  2 0.0113 0.0409 0.0172 0.0082 0.1380 0.0171 0.0279 0.0645 0.0357 0.0117 0.6074 0.0202 
 H042.3_2003  2 0.0377 0.0686 0.0138 0.0366 0.1320 0.0586 0.0216 0.1398 0.0460 0.0149 0.4046 0.0258 
 H042.4_2002  2 0.0080 0.0153 0.0069 0.0067 0.0194 0.0139 0.0117 0.0087 0.0113 0.0094 0.8814 0.0072 
 H042.4_2003  2 0.0223 0.0363 0.0089 0.0455 0.0157 0.0403 0.0116 0.0087 0.0064 0.0143 0.7727 0.0172 
      H042.5  2 0.0102 0.0112 0.0045 0.0058 0.0074 0.0049 0.0061 0.0080 0.0036 0.0047 0.9237 0.0100 
      H042.6  2 0.0087 0.0216 0.0080 0.0114 0.0064 0.0173 0.0077 0.0102 0.0117 0.0068 0.8565 0.0337 
      H042.7  2 0.0127 0.0230 0.0245 0.0103 0.2566 0.0242 0.0163 0.0156 0.0067 0.0073 0.5895 0.0133 
      H042.8  2 0.0135 0.0156 0.0123 0.0055 0.0523 0.0111 0.0068 0.0188 0.0239 0.0055 0.8080 0.0268 
   H042_2002  2 0.0369 0.2719 0.0659 0.0091 0.0646 0.1091 0.0102 0.0412 0.0410 0.0121 0.0970 0.2411 
   H042_2003  2 0.0363 0.2229 0.0504 0.0082 0.0786 0.1125 0.0085 0.0277 0.0493 0.0121 0.1172 0.2762 
      H043.1  2 0.0632 0.7250 0.0115 0.0193 0.0065 0.0308 0.0185 0.0135 0.0699 0.0162 0.0127 0.0129 
      H043.2  2 0.0075 0.7611 0.0085 0.0058 0.0092 0.0485 0.0148 0.0077 0.0639 0.0074 0.0060 0.0595 
      H043.3  2 0.0260 0.3646 0.0396 0.0063 0.0124 0.4360 0.0099 0.0143 0.0281 0.0151 0.0193 0.0285 
      H043.4  2 0.0182 0.7821 0.0095 0.0069 0.0064 0.0480 0.0161 0.0105 0.0324 0.0097 0.0097 0.0506 
      H043.5  2 0.0153 0.5907 0.0134 0.0088 0.0130 0.1491 0.0111 0.0096 0.1529 0.0159 0.0078 0.0123 
      H043.6  2 0.0060 0.5858 0.0107 0.0054 0.0120 0.2304 0.0115 0.0103 0.0902 0.0127 0.0099 0.0151 
      H043.7  2 0.0127 0.8503 0.0079 0.0040 0.0115 0.0262 0.0087 0.0054 0.0212 0.0160 0.0067 0.0295 
      H043.8  2 0.0189 0.6452 0.0207 0.0229 0.0215 0.0661 0.0524 0.0157 0.0211 0.0859 0.0089 0.0206 
      H043.9  2 0.0408 0.6603 0.0220 0.0241 0.0093 0.1162 0.0141 0.0148 0.0311 0.0179 0.0280 0.0213 
      H047.1  2 0.1331 0.1876 0.0122 0.0051 0.0077 0.5927 0.0139 0.0104 0.0078 0.0084 0.0076 0.0134 
      H047.2  2 0.4439 0.0220 0.0462 0.0320 0.0230 0.2881 0.0189 0.0655 0.0077 0.0183 0.0208 0.0136 
      H047.3  2 0.4744 0.0147 0.0342 0.0420 0.0699 0.2178 0.0092 0.0706 0.0052 0.0129 0.0235 0.0256 
      H047.4  2 0.2219 0.0279 0.0839 0.0100 0.0688 0.4284 0.0251 0.0149 0.0055 0.0192 0.0664 0.0281 
      H047.5  2 0.4224 0.0261 0.0456 0.0086 0.0618 0.2880 0.0123 0.0241 0.0053 0.0137 0.0161 0.0759 
      H047.6  2 0.6551 0.0235 0.0556 0.0159 0.0581 0.0942 0.0118 0.0198 0.0111 0.0078 0.0301 0.0171 
      H047.7  2 0.1922 0.0815 0.0162 0.0092 0.0220 0.6028 0.0189 0.0098 0.0118 0.0082 0.0164 0.0110 
      H047.8  2 0.5631 0.0379 0.0354 0.0105 0.0736 0.1507 0.0157 0.0398 0.0071 0.0080 0.0342 0.0239 
      H047.9  2 0.1718 0.0546 0.0414 0.0080 0.0207 0.5068 0.0229 0.0219 0.0044 0.0169 0.0213 0.1091 
 H071.1_2002  2 0.0057 0.0125 0.0065 0.0043 0.0076 0.9111 0.0091 0.0075 0.0055 0.0091 0.0077 0.0134 
 H071.1_2003  2 0.0109 0.0450 0.0111 0.0052 0.0168 0.6793 0.0275 0.0086 0.0133 0.0530 0.0130 0.1163 
     H071.10  2 0.0067 0.0059 0.0051 0.0109 0.0054 0.9222 0.0065 0.0042 0.0088 0.0122 0.0069 0.0052 
 H071.2_2002  2 0.0062 0.0154 0.0102 0.0044 0.0078 0.8950 0.0112 0.0080 0.0097 0.0110 0.0071 0.0142 
 H071.2_2003  2 0.0054 0.0081 0.0052 0.0037 0.0050 0.9390 0.0053 0.0050 0.0038 0.0052 0.0071 0.0071 
      H071.3  2 0.0162 0.0053 0.0085 0.0101 0.0121 0.8963 0.0078 0.0051 0.0091 0.0171 0.0063 0.0063 
 H071.4_2002  2 0.0060 0.0087 0.0090 0.0109 0.0083 0.8905 0.0121 0.0082 0.0123 0.0168 0.0071 0.0101 
 H071.4_2003  2 0.0057 0.0048 0.0056 0.0043 0.0048 0.9444 0.0059 0.0054 0.0028 0.0066 0.0042 0.0055 
 H071.5_2002  2 0.0062 0.0062 0.0053 0.0086 0.0046 0.9352 0.0055 0.0044 0.0046 0.0079 0.0056 0.0059 
 H071.5_2003  2 0.0096 0.0089 0.0063 0.0044 0.0066 0.9151 0.0079 0.0095 0.0035 0.0151 0.0062 0.0069 
 H071.6_2002  2 0.0053 0.0072 0.0104 0.0049 0.0038 0.9312 0.0060 0.0066 0.0057 0.0078 0.0044 0.0068 
 H071.6_2003  2 0.0069 0.0090 0.0058 0.0040 0.0053 0.9283 0.0056 0.0070 0.0043 0.0123 0.0053 0.0062 
 H071.7_2002  2 0.0064 0.0072 0.0074 0.0043 0.0039 0.9422 0.0037 0.0046 0.0049 0.0047 0.0041 0.0066 
 H071.7_2003  2 0.0086 0.0124 0.0057 0.0053 0.0070 0.9016 0.0115 0.0080 0.0040 0.0207 0.0084 0.0069 
      H071.8  2 0.0070 0.0112 0.0101 0.0047 0.0075 0.9082 0.0069 0.0064 0.0090 0.0061 0.0074 0.0154 
      H071.9  2 0.0196 0.0180 0.0147 0.0157 0.0127 0.8310 0.0135 0.0111 0.0158 0.0172 0.0178 0.0128 
 H081.1_2002  2 0.0040 0.0088 0.0060 0.0061 0.0065 0.9142 0.0094 0.0069 0.0046 0.0083 0.0085 0.0166 
 H081.1_2003  2 0.0117 0.0835 0.0960 0.0216 0.0305 0.0496 0.0385 0.0350 0.3525 0.1392 0.1212 0.0206 
 H081.2_2002  2 0.0069 0.0132 0.0080 0.0059 0.0069 0.8624 0.0088 0.0049 0.0047 0.0061 0.0106 0.0616 
 H081.2_2003  2 0.0106 0.0489 0.0136 0.0404 0.0088 0.0315 0.0120 0.0099 0.0120 0.7279 0.0291 0.0553 
 H081.3_2002  2 0.0171 0.0147 0.0108 0.0065 0.0062 0.8611 0.0128 0.0063 0.0072 0.0169 0.0114 0.0290 
 H081.3_2003  2 0.0185 0.2591 0.0208 0.0180 0.0154 0.0143 0.0369 0.0129 0.0138 0.5072 0.0417 0.0414 
 H081.4_2002  2 0.0055 0.0067 0.0103 0.0068 0.0061 0.9194 0.0069 0.0075 0.0050 0.0103 0.0078 0.0077 
 H081.4_2003  2 0.0097 0.1002 0.0388 0.0178 0.0139 0.0204 0.0327 0.0218 0.0170 0.5144 0.1743 0.0390 
 H081.5_2002  2 0.0072 0.0100 0.0105 0.0051 0.0064 0.9065 0.0087 0.0074 0.0058 0.0124 0.0108 0.0092 
 H081.5_2003  2 0.0189 0.1362 0.0885 0.0191 0.0416 0.0607 0.0515 0.0210 0.0329 0.2415 0.1521 0.1361 
      H081.6  2 0.0044 0.0113 0.0079 0.0056 0.0071 0.9134 0.0082 0.0065 0.0061 0.0078 0.0055 0.0163 
      H081.7  2 0.0079 0.0093 0.0079 0.0065 0.0088 0.8689 0.0108 0.0058 0.0045 0.0143 0.0075 0.0477 
      H081.8  2 0.0093 0.0140 0.0163 0.0179 0.0156 0.8056 0.0219 0.0092 0.0174 0.0428 0.0146 0.0154 
      H083.1  2 0.0131 0.0044 0.0192 0.0443 0.0060 0.8383 0.0120 0.0098 0.0128 0.0122 0.0194 0.0085 
      H083.2  2 0.0496 0.0174 0.0122 0.0341 0.0071 0.7974 0.0213 0.0117 0.0087 0.0116 0.0107 0.0182 
      H083.4  2 0.0193 0.0126 0.0192 0.1807 0.0079 0.6988 0.0110 0.0098 0.0094 0.0070 0.0066 0.0177 
      H083.5  2 0.0165 0.0068 0.0197 0.1532 0.0083 0.6912 0.0108 0.0102 0.0239 0.0077 0.0379 0.0138 
      H083.6  2 0.0082 0.0066 0.0233 0.1722 0.0085 0.6984 0.0182 0.0095 0.0119 0.0129 0.0171 0.0131 
      H083.7  2 0.0169 0.0092 0.0110 0.3001 0.0083 0.5887 0.0127 0.0108 0.0140 0.0075 0.0085 0.0122 
      H083.8  2 0.0753 0.0137 0.0121 0.0349 0.0070 0.7748 0.0272 0.0126 0.0071 0.0074 0.0128 0.0150 
      H083.9  2 0.0150 0.0060 0.0130 0.1481 0.0072 0.7390 0.0106 0.0071 0.0122 0.0063 0.0263 0.0091 
      H084.1  2 0.0232 0.0100 0.0099 0.0127 0.0180 0.0081 0.0071 0.0157 0.0665 0.7958 0.0239 0.0092 
      H084.2  2 0.0072 0.0106 0.0079 0.0091 0.0056 0.0088 0.0105 0.0226 0.0970 0.7756 0.0384 0.0067 
      H084.3  2 0.0160 0.0096 0.0307 0.0163 0.1935 0.0089 0.0298 0.0138 0.2512 0.4070 0.0165 0.0068 
      H084.4  2 0.0250 0.0115 0.0251 0.0087 0.0631 0.0076 0.0179 0.0144 0.2478 0.5073 0.0665 0.0052 
      H084.5  2 0.0173 0.0065 0.0406 0.0082 0.0916 0.0081 0.0096 0.0102 0.0591 0.7249 0.0126 0.0113 
      H084.6  2 0.0172 0.0079 0.0269 0.0497 0.1730 0.0057 0.0384 0.0064 0.1060 0.5514 0.0100 0.0073 
      H084.7  2 0.0089 0.0098 0.0097 0.0098 0.0102 0.0076 0.0127 0.0208 0.0133 0.8436 0.0457 0.0077 
      H084.8  2 0.0293 0.0076 0.0159 0.0103 0.0963 0.0051 0.0119 0.0106 0.1213 0.6697 0.0129 0.0092 
 H085.1_2002  2 0.0076 0.0124 0.0092 0.0140 0.0067 0.0240 0.0159 0.0079 0.0166 0.0127 0.0206 0.8523 
 H085.1_2003  2 0.0384 0.0084 0.0095 0.1157 0.0293 0.4659 0.0124 0.0137 0.0224 0.0374 0.1009 0.1461 
 H085.2_2002  2 0.0102 0.0310 0.0123 0.1160 0.0249 0.0308 0.1144 0.0100 0.0954 0.0572 0.0672 0.4305 
 H085.2_2003  2 0.0353 0.0107 0.0127 0.0487 0.0176 0.7059 0.0160 0.0228 0.0141 0.0224 0.0669 0.0271 
 H085.3_2002  2 0.0103 0.0122 0.0044 0.0133 0.0117 0.0124 0.0100 0.0064 0.0047 0.0110 0.0266 0.8769 
 H085.3_2003  2 0.0294 0.0098 0.0058 0.0097 0.0283 0.7938 0.0069 0.0150 0.0064 0.0305 0.0178 0.0467 
 H085.4_2002  2 0.0118 0.0509 0.0120 0.0306 0.0161 0.1820 0.0510 0.0156 0.0432 0.0317 0.0538 0.5013 
 H085.4_2003  2 0.0111 0.0227 0.0135 0.0104 0.0831 0.7061 0.0121 0.0087 0.0074 0.0295 0.0818 0.0135 
 H085.5_2002  2 0.0099 0.0138 0.0045 0.0065 0.0128 0.0093 0.0055 0.0068 0.0062 0.0082 0.0202 0.8964 
 H085.5_2003  2 0.0167 0.0089 0.0048 0.0370 0.0074 0.8250 0.0088 0.0165 0.0068 0.0212 0.0200 0.0269 
 H085.6_2002  2 0.0096 0.0083 0.0063 0.0087 0.0057 0.0067 0.0106 0.0048 0.0093 0.0107 0.0128 0.9066 
 H085.6_2003  2 0.1095 0.0479 0.0169 0.0075 0.2238 0.1970 0.0248 0.0213 0.0087 0.1123 0.1438 0.0866 
 H085.7_2002  2 0.0229 0.0168 0.0105 0.0438 0.0174 0.0420 0.0304 0.0142 0.0119 0.0267 0.0803 0.6831 
 H085.7_2003  2 0.0448 0.0123 0.0069 0.0097 0.0381 0.7888 0.0076 0.0093 0.0093 0.0302 0.0256 0.0173 
 H085.8_2002  2 0.0149 0.0459 0.0103 0.0162 0.0851 0.0295 0.0504 0.0123 0.0169 0.1085 0.0470 0.5629 
 H085.8_2003  2 0.0651 0.0257 0.0189 0.1388 0.0395 0.2201 0.0230 0.0209 0.0230 0.0294 0.3464 0.0492 
      H085.9  2 0.0095 0.0213 0.0078 0.0192 0.0147 0.0470 0.0131 0.0082 0.0277 0.0164 0.0418 0.7733 
      H088.1  2 0.0121 0.0110 0.0109 0.0125 0.0095 0.0091 0.0138 0.0124 0.0063 0.0063 0.8853 0.0106 
      H088.2  2 0.0101 0.0069 0.0115 0.0091 0.0085 0.0055 0.0157 0.0113 0.0068 0.0086 0.8835 0.0226 
      H088.3  2 0.0090 0.0066 0.0115 0.0072 0.0068 0.0057 0.0065 0.0069 0.0061 0.0064 0.9171 0.0102 
      H088.4  2 0.0057 0.0098 0.0088 0.0042 0.0066 0.0087 0.0048 0.0086 0.0056 0.0120 0.9200 0.0054 
      H088.5  2 0.0058 0.0066 0.0058 0.0048 0.0075 0.0062 0.0048 0.0059 0.0053 0.0074 0.9353 0.0047 
      H088.6  2 0.0094 0.0058 0.0096 0.0060 0.0083 0.0090 0.0065 0.0092 0.0068 0.0084 0.9140 0.0069 
      H088.7  2 0.0285 0.0052 0.0085 0.0076 0.0051 0.0162 0.0055 0.0067 0.0068 0.0069 0.8934 0.0096 
      H088.8  2 0.0155 0.0078 0.0119 0.0087 0.0124 0.0281 0.0080 0.0113 0.0084 0.0120 0.8693 0.0067 
      H091.1  2 0.0170 0.0075 0.0085 0.0274 0.0189 0.0393 0.0166 0.0101 0.0078 0.0166 0.8114 0.0190 
      H091.2  2 0.0292 0.0131 0.0076 0.0596 0.0415 0.0505 0.0371 0.0186 0.0062 0.0099 0.7071 0.0196 
      H109.1  2 0.2606 0.0489 0.1207 0.1439 0.0824 0.0240 0.0127 0.0325 0.0630 0.1487 0.0146 0.0479 
      H109.2  2 0.0883 0.0698 0.0457 0.0262 0.0246 0.0713 0.0182 0.0176 0.0149 0.5841 0.0231 0.0162 
      H109.3  2 0.4900 0.0192 0.0160 0.0140 0.0543 0.0918 0.0754 0.0498 0.0150 0.0968 0.0688 0.0088 
      H109.4  2 0.2120 0.1403 0.0293 0.0292 0.0867 0.0492 0.0195 0.0797 0.0436 0.2370 0.0559 0.0177 
      H109.5  2 0.0826 0.0145 0.0136 0.0062 0.1058 0.2585 0.0368 0.0156 0.0052 0.0412 0.4086 0.0114 
      H109.6  2 0.0906 0.0914 0.1546 0.0203 0.0366 0.0387 0.0442 0.0298 0.0211 0.4390 0.0205 0.0131 
      H126.1  2 0.0161 0.1493 0.0848 0.0094 0.0264 0.0125 0.0322 0.0976 0.0119 0.0126 0.0273 0.5201 
      H126.2  2 0.0554 0.1350 0.0223 0.0092 0.0085 0.0886 0.0250 0.0430 0.0319 0.0266 0.0164 0.5380 
      H126.3  2 0.0089 0.0263 0.0872 0.0159 0.0117 0.0865 0.0252 0.0283 0.0107 0.0049 0.1709 0.5235 
      H126.4  2 0.0182 0.5656 0.0302 0.0313 0.0217 0.0458 0.0494 0.1110 0.0211 0.0200 0.0338 0.0520 
      H126.5  2 0.0097 0.5132 0.0732 0.0109 0.0104 0.2064 0.0323 0.0405 0.0064 0.0096 0.0106 0.0769 
      H126.6  2 0.0095 0.0101 0.0708 0.0083 0.0081 0.1869 0.0090 0.0067 0.0055 0.0051 0.0179 0.6622 
      H126.7  2 0.0112 0.0119 0.0161 0.0074 0.0056 0.8470 0.0091 0.0105 0.0033 0.0084 0.0360 0.0336 
      H130.1  2 0.0539 0.4649 0.0297 0.0281 0.0237 0.0132 0.0258 0.0686 0.0075 0.0521 0.1813 0.0514 
      H130.2  2 0.0498 0.0250 0.0174 0.0402 0.0124 0.0364 0.0195 0.0415 0.0095 0.6919 0.0359 0.0204 
      H130.3  2 0.0214 0.0205 0.0110 0.0089 0.0060 0.0261 0.0116 0.6528 0.0042 0.1929 0.0354 0.0092 
      H130.4  2 0.0664 0.2352 0.0322 0.0411 0.0132 0.0109 0.0502 0.2995 0.0324 0.1093 0.0600 0.0497 
      H130.5  2 0.0348 0.0658 0.0135 0.0430 0.0243 0.0316 0.0269 0.0173 0.0069 0.5456 0.1393 0.0510 
      H133.1  2 0.1370 0.0954 0.0237 0.0263 0.0278 0.0264 0.0337 0.2143 0.1227 0.1032 0.1592 0.0305 
      H133.2  2 0.1005 0.2538 0.0272 0.0097 0.0126 0.0223 0.0447 0.0262 0.0128 0.1654 0.1832 0.1415 
      H133.3  2 0.1518 0.0119 0.0146 0.0118 0.0234 0.0367 0.0513 0.0435 0.1215 0.0404 0.4109 0.0822 
      H133.4  2 0.5105 0.1294 0.0338 0.0130 0.0271 0.0258 0.0567 0.0504 0.0500 0.0580 0.0277 0.0177 
      H133.5  2 0.0331 0.0492 0.0396 0.0130 0.0070 0.0087 0.0919 0.2205 0.0326 0.1235 0.2629 0.1180 
      H133.6  2 0.0223 0.1829 0.0299 0.0127 0.0110 0.0108 0.0279 0.0445 0.0106 0.1469 0.4058 0.0946 
      H133.7  2 0.6796 0.0277 0.0102 0.0077 0.1078 0.0166 0.0206 0.0184 0.0455 0.0190 0.0316 0.0154 
      H133.8  2 0.2922 0.0405 0.0138 0.0314 0.0989 0.0263 0.0622 0.0997 0.0956 0.0474 0.0701 0.1219 
      H133.9  2 0.1394 0.0500 0.0138 0.0377 0.0229 0.0242 0.0302 0.3327 0.1304 0.0587 0.1344 0.0256 
      H147.1  2 0.0226 0.0153 0.0157 0.0261 0.3968 0.2954 0.0225 0.0052 0.0194 0.0742 0.0425 0.0643 
      H147.2  2 0.0075 0.0172 0.0119 0.0059 0.0184 0.8594 0.0082 0.0071 0.0053 0.0277 0.0123 0.0191 
      H147.3  2 0.0059 0.0125 0.0067 0.0073 0.0100 0.8703 0.0180 0.0066 0.0061 0.0214 0.0093 0.0260 
      H147.4  2 0.0087 0.0056 0.0064 0.0127 0.0181 0.8534 0.0093 0.0048 0.0247 0.0313 0.0083 0.0167 
      H147.5  2 0.0145 0.0156 0.0116 0.0259 0.0277 0.5283 0.0125 0.0215 0.0091 0.1856 0.0954 0.0524 
      H147.6  2 0.0289 0.0148 0.0192 0.0263 0.0375 0.4769 0.0159 0.0181 0.0099 0.2100 0.1039 0.0385 
      H147.7  2 0.0126 0.0068 0.0104 0.0173 0.0413 0.7922 0.0143 0.0071 0.0269 0.0473 0.0081 0.0158 
      H147.8  2 0.0262 0.0038 0.0098 0.0433 0.0373 0.7241 0.0091 0.0061 0.0339 0.0578 0.0340 0.0146 
      H147.9  2 0.0062 0.0085 0.0077 0.0081 0.0115 0.8859 0.0069 0.0062 0.0071 0.0180 0.0065 0.0274 
      H148.1  2 0.0372 0.1822 0.1593 0.0423 0.2085 0.0128 0.0213 0.0254 0.0814 0.1694 0.0400 0.0203 
      H148.2  2 0.0210 0.0792 0.0950 0.0275 0.5035 0.0203 0.0531 0.0239 0.0729 0.0505 0.0135 0.0397 
      H148.3  2 0.0176 0.0153 0.0239 0.0137 0.5770 0.0109 0.1948 0.0092 0.0463 0.0241 0.0161 0.0511 
      H148.4  2 0.0143 0.0664 0.3133 0.0133 0.3649 0.0149 0.0613 0.0281 0.0459 0.0218 0.0267 0.0291 
      H148.5  2 0.0243 0.0257 0.1610 0.0207 0.5155 0.0100 0.0672 0.0166 0.0566 0.0491 0.0357 0.0177 
      H148.6  2 0.0178 0.0395 0.0736 0.0540 0.4726 0.0146 0.0868 0.0147 0.1516 0.0222 0.0287 0.0241 
      H148.7  2 0.0402 0.0183 0.0649 0.0133 0.6919 0.0101 0.0274 0.0445 0.0292 0.0284 0.0210 0.0107 
      H148.8  2 0.0098 0.0253 0.0152 0.0081 0.7401 0.0055 0.1044 0.0142 0.0237 0.0107 0.0291 0.0139 
      H148.9  2 0.0894 0.0863 0.0769 0.0253 0.1853 0.0103 0.0325 0.0639 0.2898 0.0385 0.0111 0.0906 
   H166022.1  2 0.0106 0.0070 0.0072 0.0894 0.0290 0.0145 0.0127 0.0058 0.0117 0.0197 0.7811 0.0114 
   H166022.2  2 0.0362 0.0093 0.0320 0.0689 0.0404 0.0550 0.0325 0.0158 0.0145 0.1988 0.4725 0.0241 
   H166022.3  2 0.0282 0.0080 0.0116 0.1794 0.0125 0.0063 0.0119 0.0152 0.0082 0.0253 0.6869 0.0064 
   H166022.4  2 0.0112 0.0041 0.0142 0.0165 0.0079 0.0051 0.0085 0.0102 0.0063 0.0152 0.8958 0.0051 
   H166022.5  2 0.0116 0.0065 0.0196 0.0288 0.0109 0.0105 0.0127 0.0114 0.0049 0.0835 0.7933 0.0064 
   H166022.6  2 0.0620 0.0154 0.0140 0.0534 0.0201 0.0117 0.0160 0.0157 0.0332 0.0394 0.7074 0.0117 
   H166022.7  2 0.0071 0.0149 0.8782 0.0059 0.0066 0.0092 0.0054 0.0160 0.0182 0.0212 0.0086 0.0085 
   H166022.8  2 0.0276 0.0273 0.0537 0.1756 0.0425 0.0160 0.0579 0.0187 0.0098 0.2791 0.2591 0.0326 
   H167397.1  2 0.0167 0.0282 0.0625 0.0111 0.1610 0.0618 0.0226 0.0090 0.4876 0.0353 0.0964 0.0078 
   H167397.2  2 0.0130 0.0138 0.0921 0.0488 0.0608 0.0215 0.1606 0.0116 0.4850 0.0101 0.0143 0.0683 
   H167397.3  2 0.0186 0.0149 0.0686 0.0170 0.1498 0.0635 0.0558 0.0069 0.5668 0.0116 0.0208 0.0057 
   H167397.4  2 0.0356 0.0063 0.0137 0.0212 0.0801 0.0331 0.0438 0.0127 0.6837 0.0136 0.0145 0.0417 
   H167397.5  2 0.0140 0.0406 0.0716 0.0179 0.0546 0.0388 0.0189 0.0135 0.6294 0.0466 0.0400 0.0140 
   H167397.6  2 0.0207 0.0169 0.0370 0.0145 0.2414 0.0328 0.0233 0.0146 0.5562 0.0073 0.0255 0.0098 
   H167496.1  2 0.0544 0.0086 0.0162 0.0159 0.0182 0.0124 0.0732 0.0276 0.0077 0.0203 0.7385 0.0071 
   H167496.2  2 0.1327 0.0220 0.3463 0.0115 0.0393 0.1186 0.0788 0.0207 0.0157 0.0769 0.1150 0.0225 
   H167496.3  2 0.0355 0.0334 0.0139 0.0566 0.0326 0.0243 0.0892 0.0330 0.0090 0.0175 0.5298 0.1252 
   H167496.4  2 0.0073 0.0048 0.0086 0.0068 0.0058 0.0128 0.0050 0.0082 0.0051 0.0049 0.9212 0.0095 
   H167496.6  2 0.0096 0.0093 0.0291 0.0104 0.0095 0.0255 0.0056 0.0106 0.0073 0.0205 0.8516 0.0110 
   H167496.7  2 0.1776 0.0771 0.0438 0.0310 0.2522 0.0253 0.0804 0.0676 0.0066 0.1122 0.1099 0.0164 
   H167496.8  2 0.0114 0.0100 0.0324 0.0135 0.0116 0.0299 0.0071 0.0093 0.0070 0.0206 0.8372 0.0100 
   H167513.1  2 0.8893 0.0072 0.0138 0.0114 0.0106 0.0067 0.0095 0.0079 0.0098 0.0093 0.0102 0.0143 
   H167513.2  2 0.7864 0.0282 0.0132 0.0077 0.0436 0.0098 0.0097 0.0163 0.0335 0.0147 0.0218 0.0150 
   H167513.3  2 0.8352 0.0091 0.0282 0.0237 0.0119 0.0070 0.0102 0.0297 0.0091 0.0215 0.0080 0.0063 
