      H105.1  1 0.0161 0.0144 0.0494 0.5210 0.0443 0.0583 0.0288 0.0242 0.1006 0.1429 
      H105.2  1 0.0418 0.0205 0.3129 0.1812 0.1872 0.0633 0.0362 0.0913 0.0460 0.0195 
      H105.3  1 0.0268 0.0202 0.0699 0.4464 0.1353 0.0366 0.0188 0.0685 0.0484 0.1290 
      H105.4  1 0.1177 0.0123 0.2487 0.1190 0.1357 0.1642 0.0844 0.0718 0.0276 0.0186 
      H105.5  1 0.1225 0.0122 0.0651 0.4324 0.0492 0.1634 0.0329 0.0224 0.0891 0.0108 
      H105.6  1 0.0979 0.0130 0.0339 0.1578 0.2802 0.2027 0.0160 0.0724 0.0152 0.1108 
      H105.7  1 0.0233 0.0103 0.0389 0.1445 0.0672 0.0413 0.1819 0.0210 0.0882 0.3834 
      H105.8  1 0.0326 0.0231 0.2020 0.2862 0.0985 0.0297 0.0148 0.0556 0.0232 0.2343 
      H115.1  1 0.6693 0.0122 0.0203 0.0426 0.0728 0.0195 0.0226 0.0572 0.0268 0.0567 
      H115.2  1 0.7614 0.0190 0.0102 0.0186 0.0156 0.0111 0.0095 0.0691 0.0720 0.0135 
      H115.3  1 0.9025 0.0079 0.0090 0.0065 0.0071 0.0085 0.0094 0.0120 0.0298 0.0073 
      H115.4  1 0.1409 0.0128 0.0504 0.1305 0.0190 0.0164 0.0213 0.1933 0.3998 0.0157 
      H115.5  1 0.5479 0.0618 0.1819 0.0231 0.0268 0.0260 0.0151 0.0140 0.0722 0.0313 
      H115.6  1 0.8045 0.0133 0.0176 0.0116 0.0244 0.0137 0.0358 0.0259 0.0416 0.0117 
      H115.7  1 0.4737 0.0077 0.0553 0.0234 0.2021 0.0252 0.0443 0.1121 0.0472 0.0091 
      H115.8  1 0.7077 0.0858 0.0269 0.0138 0.0143 0.0101 0.0136 0.0194 0.0585 0.0498 
      H115.9  1 0.8797 0.0085 0.0100 0.0120 0.0090 0.0074 0.0092 0.0080 0.0102 0.0460 
      H145.1  1 0.0182 0.0560 0.0068 0.0103 0.0223 0.8399 0.0096 0.0130 0.0094 0.0147 
      H145.2  1 0.0780 0.0631 0.0090 0.0264 0.0281 0.7331 0.0147 0.0182 0.0165 0.0129 
      H145.3  1 0.0187 0.1288 0.0694 0.0069 0.0154 0.6899 0.0153 0.0087 0.0112 0.0358 
      H145.4  1 0.0092 0.0330 0.0135 0.0065 0.0399 0.8538 0.0097 0.0109 0.0137 0.0098 
      H145.5  1 0.0119 0.3216 0.0196 0.0081 0.0176 0.5827 0.0095 0.0089 0.0099 0.0102 
      H145.6  1 0.0393 0.0771 0.0785 0.0119 0.0304 0.6850 0.0295 0.0205 0.0173 0.0106 
      H145.7  1 0.0077 0.0156 0.0809 0.0061 0.0205 0.8081 0.0087 0.0163 0.0221 0.0141 
      H149.1  1 0.0093 0.0085 0.0068 0.0090 0.0087 0.9234 0.0088 0.0083 0.0091 0.0081 
      H149.2  1 0.0079 0.0041 0.0061 0.0080 0.0068 0.9377 0.0085 0.0066 0.0084 0.0057 
      H149.3  1 0.0147 0.0076 0.0132 0.0136 0.0248 0.8493 0.0264 0.0230 0.0208 0.0067 
      H149.4  1 0.0124 0.0199 0.0205 0.0915 0.0259 0.6790 0.0239 0.0846 0.0272 0.0151 
      H149.5  1 0.0061 0.0084 0.0131 0.0465 0.0199 0.7297 0.0456 0.0434 0.0762 0.0111 
      H149.6  1 0.0060 0.0082 0.0093 0.0165 0.0134 0.8865 0.0188 0.0183 0.0169 0.0061 
      H149.7  1 0.0090 0.0179 0.0225 0.1682 0.0557 0.2523 0.1859 0.1745 0.0830 0.0310 
      H150.1  1 0.9005 0.0127 0.0072 0.0074 0.0159 0.0073 0.0058 0.0160 0.0170 0.0101 
      H150.2  1 0.7699 0.0425 0.0115 0.0179 0.0373 0.0146 0.0132 0.0487 0.0346 0.0098 
      H150.3  1 0.6429 0.0192 0.0177 0.0124 0.2031 0.0145 0.0226 0.0241 0.0162 0.0272 
      H150.4  1 0.9019 0.0188 0.0089 0.0073 0.0137 0.0078 0.0107 0.0065 0.0086 0.0158 
      H150.5  1 0.7088 0.0091 0.0157 0.0134 0.0297 0.0163 0.0271 0.0759 0.0931 0.0108 
      H150.6  1 0.2643 0.0177 0.0384 0.0310 0.0430 0.0145 0.0129 0.3188 0.2539 0.0055 
      H150.7  1 0.9321 0.0108 0.0064 0.0062 0.0087 0.0054 0.0059 0.0065 0.0050 0.0129 
   H169607.1  1 0.1081 0.0385 0.0497 0.2773 0.0547 0.0782 0.1646 0.1639 0.0291 0.0359 
   H169607.2  1 0.1350 0.0059 0.0193 0.0521 0.0255 0.2858 0.0292 0.3334 0.0188 0.0950 
   H169607.3  1 0.0613 0.0219 0.0749 0.1321 0.0305 0.1077 0.3952 0.0295 0.0909 0.0562 
   H169607.4  1 0.1443 0.0096 0.0124 0.1816 0.0140 0.4683 0.0459 0.1003 0.0118 0.0118 
   H169607.5  1 0.1593 0.0111 0.0226 0.0193 0.0168 0.3690 0.0202 0.2313 0.0689 0.0813 
   H169607.6  1 0.0796 0.0059 0.0624 0.1175 0.0142 0.3147 0.0512 0.2621 0.0173 0.0751 
   H169607.7  1 0.0365 0.0094 0.0367 0.0615 0.0183 0.0341 0.0258 0.6476 0.0257 0.1043 
   H169607.8  1 0.1176 0.0074 0.0325 0.2297 0.0125 0.4153 0.0674 0.0630 0.0167 0.0378 
   H169633.1  1 0.0228 0.0321 0.0433 0.0436 0.0343 0.7840 0.0092 0.0063 0.0129 0.0115 
   H169633.2  1 0.0095 0.0165 0.0573 0.2319 0.0883 0.4495 0.0376 0.0433 0.0175 0.0486 
   H169633.3  1 0.0092 0.0126 0.0141 0.0291 0.0527 0.7624 0.0113 0.0151 0.0382 0.0552 
   H169633.4  1 0.0158 0.0292 0.0164 0.0126 0.0121 0.8632 0.0068 0.0091 0.0248 0.0100 
   H169633.5  1 0.0119 0.0270 0.0172 0.0148 0.0153 0.8744 0.0058 0.0084 0.0178 0.0076 
   H169688.1  1 0.0132 0.0059 0.3605 0.0207 0.0119 0.1478 0.3263 0.0896 0.0089 0.0152 
   H169688.2  1 0.0274 0.0270 0.2109 0.0189 0.0091 0.0182 0.5233 0.1169 0.0244 0.0239 
   H169688.3  1 0.0341 0.0087 0.1142 0.0335 0.0159 0.1137 0.4155 0.2404 0.0162 0.0079 
   H169688.4  1 0.6361 0.0344 0.0534 0.0142 0.0097 0.0222 0.1190 0.0573 0.0407 0.0129 
   H169688.5  1 0.6229 0.0413 0.0505 0.0184 0.0099 0.0263 0.1196 0.0574 0.0406 0.0132 
   H169688.6  1 0.0488 0.0911 0.2173 0.0433 0.0067 0.0800 0.1888 0.2897 0.0229 0.0114 
   H169688.7  1 0.0703 0.0242 0.1139 0.0414 0.0149 0.1783 0.2544 0.2474 0.0397 0.0153 
   H171901.1  1 0.1641 0.0975 0.0617 0.0299 0.2424 0.0505 0.2674 0.0484 0.0274 0.0106 
   H171901.2  1 0.0367 0.0106 0.0110 0.0126 0.0105 0.8609 0.0126 0.0158 0.0161 0.0132 
   H171901.3  1 0.0610 0.0110 0.0357 0.0324 0.0175 0.6251 0.0591 0.1071 0.0323 0.0188 
   H171901.4  1 0.0536 0.0103 0.0254 0.0471 0.0106 0.6255 0.0185 0.1512 0.0400 0.0177 
   H171901.5  1 0.0243 0.0107 0.0079 0.0585 0.0113 0.5366 0.0318 0.2811 0.0242 0.0137 
   H171901.6  1 0.0316 0.0080 0.0074 0.0446 0.0128 0.6130 0.0312 0.2144 0.0253 0.0115 
   H171901.7  1 0.0166 0.0093 0.0105 0.0160 0.0116 0.5383 0.0186 0.3388 0.0203 0.0200 
   H171902.1  1 0.1837 0.1934 0.0342 0.0723 0.0101 0.1394 0.0200 0.3143 0.0090 0.0236 
  H171902.10  1 0.0256 0.0205 0.0159 0.0380 0.0079 0.1809 0.0126 0.6803 0.0106 0.0076 
   H171902.2  1 0.0667 0.0680 0.3492 0.0922 0.0154 0.0810 0.0899 0.1382 0.0259 0.0735 
   H171902.3  1 0.0617 0.0185 0.0223 0.1392 0.0163 0.1643 0.0161 0.5348 0.0134 0.0132 
   H171902.4  1 0.1248 0.0877 0.0275 0.0127 0.0203 0.4844 0.0161 0.1908 0.0213 0.0144 
   H171902.6  1 0.0254 0.0230 0.0117 0.0301 0.0113 0.2391 0.0105 0.6335 0.0066 0.0088 
   H171902.7  1 0.0652 0.1153 0.0090 0.0308 0.0151 0.2831 0.0211 0.4395 0.0123 0.0085 
   H171902.8  1 0.0327 0.0352 0.0173 0.0635 0.0110 0.1839 0.0162 0.6175 0.0140 0.0087 
   H171902.9  1 0.5623 0.0863 0.0151 0.0128 0.0185 0.1674 0.0215 0.0943 0.0107 0.0110 
   H171903.1  1 0.3231 0.0070 0.0258 0.0176 0.0183 0.1829 0.1058 0.2021 0.0612 0.0563 
   H171903.2  1 0.1785 0.0158 0.0273 0.1271 0.0132 0.1401 0.1107 0.1012 0.0959 0.1901 
   H171903.3  1 0.1065 0.0234 0.0178 0.1103 0.0214 0.1246 0.0528 0.1487 0.3348 0.0596 
   H171903.4  1 0.0528 0.0095 0.0171 0.0083 0.0175 0.0320 0.8096 0.0265 0.0181 0.0087 
   H171903.5  1 0.0862 0.0171 0.0218 0.2960 0.0134 0.0820 0.0668 0.0927 0.2597 0.0643 
   H171903.6  1 0.1735 0.0069 0.0248 0.0370 0.0088 0.1831 0.1956 0.1577 0.1920 0.0206 
      H177.1  1 0.0288 0.0186 0.0100 0.0279 0.0084 0.4187 0.2952 0.1681 0.0140 0.0103 
      H177.2  1 0.0311 0.0203 0.0298 0.1918 0.0121 0.4639 0.0364 0.0939 0.0572 0.0634 
      H177.3  1 0.0391 0.0326 0.0063 0.0458 0.0129 0.4949 0.0273 0.2904 0.0372 0.0136 
      H177.4  1 0.0080 0.0128 0.0083 0.0370 0.0078 0.4561 0.3183 0.1246 0.0168 0.0101 
      H177.5  1 0.0154 0.0080 0.0210 0.0148 0.0095 0.0186 0.8069 0.0420 0.0468 0.0170 
      H177.6  1 0.0393 0.0385 0.0100 0.0672 0.0101 0.5841 0.0282 0.1699 0.0418 0.0109 
      H179.1  1 0.0242 0.0070 0.0214 0.7000 0.0210 0.0086 0.0847 0.0864 0.0280 0.0187 
      H179.2  1 0.0181 0.0066 0.0142 0.6534 0.0185 0.0096 0.0332 0.1685 0.0398 0.0381 
      H179.3  1 0.0634 0.0116 0.0545 0.2123 0.0140 0.0103 0.3093 0.1735 0.0347 0.1165 
      H179.4  1 0.0096 0.0066 0.0411 0.4946 0.0123 0.1379 0.0378 0.1863 0.0137 0.0601 
      H180.1  1 0.0839 0.0237 0.0377 0.1136 0.0126 0.0083 0.0157 0.1819 0.5142 0.0083 
      H180.2  1 0.2483 0.0200 0.1013 0.0317 0.0223 0.0122 0.0317 0.1483 0.3733 0.0108 
      H180.3  1 0.4037 0.0219 0.0228 0.0478 0.0245 0.0076 0.0122 0.0792 0.2934 0.0868 
      H180.4  1 0.0266 0.0399 0.0534 0.0422 0.0438 0.0112 0.0200 0.1319 0.6066 0.0246 
      H180.5  1 0.0702 0.0485 0.0722 0.0439 0.0075 0.0143 0.0422 0.1764 0.4849 0.0399 
      H180.6  1 0.0596 0.0771 0.0416 0.0153 0.0194 0.0249 0.0116 0.0645 0.0915 0.5946 
      H181.1  1 0.0160 0.0282 0.3071 0.2303 0.0073 0.1902 0.0176 0.0337 0.1600 0.0096 
      H181.2  1 0.0134 0.0285 0.2514 0.3093 0.0144 0.1453 0.0273 0.1644 0.0353 0.0106 
      H181.3  1 0.0103 0.0223 0.5346 0.2060 0.0103 0.0803 0.0265 0.0868 0.0140 0.0089 
      H181.4  1 0.0594 0.0063 0.1396 0.1230 0.0226 0.2169 0.0428 0.0591 0.3137 0.0166 
      H181.5  1 0.0096 0.0131 0.4264 0.4029 0.0180 0.0320 0.0409 0.0224 0.0244 0.0103 
      H181.6  1 0.0261 0.0103 0.0574 0.6927 0.0165 0.0402 0.0352 0.0436 0.0580 0.0201 
      H181.7  1 0.0134 0.0142 0.2205 0.4930 0.0091 0.1080 0.0098 0.0783 0.0317 0.0222 
 H194.1_2004  1 0.0269 0.0163 0.0151 0.0054 0.0226 0.7210 0.0286 0.0838 0.0309 0.0494 
 H194.2_2004  1 0.0129 0.0413 0.0222 0.0067 0.0282 0.5096 0.2389 0.0900 0.0397 0.0107 
 H194.3_2004  1 0.0093 0.0106 0.0059 0.0108 0.0147 0.9056 0.0166 0.0113 0.0070 0.0082 
 H194.4_2004  1 0.0102 0.0223 0.0118 0.0066 0.0105 0.7783 0.1328 0.0123 0.0057 0.0095 
 H194.5_2004  1 0.0094 0.0072 0.0071 0.0108 0.0152 0.8928 0.0185 0.0158 0.0085 0.0147 
 H194.6_2004  1 0.0117 0.0069 0.0089 0.0219 0.0125 0.6772 0.2040 0.0350 0.0081 0.0139 
 H194.7_2004  1 0.0116 0.0240 0.0555 0.0098 0.0543 0.6393 0.0773 0.0126 0.0159 0.0998 
 H194.8_2004  1 0.0129 0.0123 0.0128 0.0123 0.0195 0.6996 0.1862 0.0183 0.0123 0.0140 
      H194.9  1 0.0291 0.0247 0.0195 0.0079 0.0557 0.6801 0.0405 0.0135 0.0115 0.1177 
 H195.1_2003  1 0.0098 0.0061 0.0240 0.0193 0.0215 0.8390 0.0270 0.0296 0.0130 0.0108 
 H195.1_2004  1 0.0100 0.0540 0.0636 0.0162 0.0248 0.7591 0.0119 0.0322 0.0203 0.0080 
 H195.2_2003  1 0.0448 0.0117 0.0519 0.0202 0.0079 0.7542 0.0463 0.0228 0.0127 0.0277 
 H195.2_2004  1 0.0105 0.0354 0.1182 0.0069 0.0172 0.7559 0.0177 0.0118 0.0135 0.0131 
 H195.3_2003  1 0.1563 0.0118 0.1030 0.0141 0.0320 0.4979 0.0575 0.0760 0.0211 0.0303 
 H195.3_2004  1 0.0060 0.0125 0.0256 0.0069 0.0125 0.9056 0.0075 0.0079 0.0091 0.0063 
 H195.4_2003  1 0.0080 0.0050 0.0096 0.0101 0.0123 0.9177 0.0102 0.0092 0.0104 0.0076 
 H195.4_2004  1 0.0075 0.0093 0.1847 0.0071 0.0104 0.7032 0.0344 0.0087 0.0109 0.0238 
 H195.5_2003  1 0.0125 0.0057 0.0363 0.0189 0.0242 0.8216 0.0205 0.0345 0.0151 0.0107 
 H195.5_2004  1 0.0071 0.0291 0.1165 0.0087 0.0120 0.7958 0.0067 0.0089 0.0088 0.0064 
 H195.6_2003  1 0.0362 0.0119 0.0923 0.0103 0.0124 0.7796 0.0144 0.0157 0.0175 0.0097 
 H195.6_2004  1 0.0050 0.0216 0.0461 0.0126 0.0225 0.8539 0.0097 0.0131 0.0058 0.0097 
 H195.7_2003  1 0.0090 0.0047 0.0732 0.0154 0.0141 0.6034 0.2159 0.0336 0.0102 0.0204 
 H195.7_2004  1 0.0137 0.2087 0.0734 0.0152 0.0231 0.5844 0.0106 0.0260 0.0303 0.0147 
      H195.8  1 0.0105 0.0147 0.1996 0.0071 0.0234 0.6875 0.0164 0.0115 0.0115 0.0179 
      H195.9  1 0.0086 0.0093 0.0648 0.0086 0.0157 0.8276 0.0308 0.0145 0.0064 0.0138 
      H415.1  1 0.1535 0.1591 0.0130 0.1172 0.1288 0.1467 0.0609 0.0765 0.0264 0.1179 
      H415.2  1 0.1812 0.0564 0.0057 0.2511 0.0295 0.1537 0.0466 0.2287 0.0349 0.0121 
      H415.3  1 0.0172 0.0145 0.0049 0.4929 0.1524 0.0721 0.0304 0.1640 0.0311 0.0205 
      H415.4  1 0.1068 0.0338 0.0107 0.3713 0.2692 0.0667 0.0177 0.0172 0.0458 0.0608 
      H415.5  1 0.0154 0.0173 0.0057 0.5221 0.1222 0.1099 0.0229 0.1128 0.0547 0.0171 
      H415.6  1 0.1149 0.0292 0.0090 0.3465 0.2517 0.0553 0.0245 0.0217 0.0769 0.0703 
      H415.7  1 0.0350 0.0227 0.0065 0.2948 0.0293 0.3449 0.0412 0.1771 0.0369 0.0117 
      H506.1  1 0.0050 0.0083 0.0126 0.9211 0.0090 0.0113 0.0065 0.0116 0.0063 0.0082 
      H506.2  1 0.0055 0.0083 0.0066 0.9180 0.0081 0.0198 0.0068 0.0124 0.0068 0.0078 
      H506.3  1 0.0079 0.1310 0.0385 0.6548 0.0159 0.0102 0.0322 0.0567 0.0277 0.0250 
      H506.4  1 0.0092 0.0241 0.0200 0.8359 0.0129 0.0105 0.0278 0.0314 0.0153 0.0128 
      H506.5  1 0.0068 0.0133 0.0101 0.9190 0.0058 0.0138 0.0068 0.0086 0.0066 0.0092 
      H506.6  1 0.0330 0.0892 0.0375 0.5126 0.0143 0.0182 0.1225 0.1021 0.0474 0.0233 
      H506.7  1 0.0054 0.0121 0.0100 0.9092 0.0081 0.0157 0.0099 0.0136 0.0061 0.0100 
      H533.1  1 0.0047 0.0163 0.0126 0.9179 0.0048 0.0076 0.0051 0.0140 0.0091 0.0081 
      H533.2  1 0.0048 0.0234 0.0127 0.8777 0.0057 0.0148 0.0060 0.0367 0.0103 0.0081 
      H533.3  1 0.0127 0.0093 0.0143 0.7920 0.0066 0.0135 0.0069 0.0985 0.0286 0.0178 
      H533.4  1 0.0191 0.0226 0.0483 0.3861 0.0104 0.0748 0.0117 0.3817 0.0285 0.0168 
      H535.1  1 0.0266 0.0075 0.0087 0.1705 0.0163 0.6207 0.0219 0.0833 0.0246 0.0199 
      H535.2  1 0.0069 0.0053 0.0443 0.0506 0.0069 0.7878 0.0230 0.0144 0.0193 0.0414 
      H535.3  1 0.0095 0.0084 0.1042 0.0898 0.0085 0.6879 0.0121 0.0154 0.0225 0.0417 
      H535.4  1 0.0045 0.0057 0.0136 0.0219 0.0107 0.9088 0.0050 0.0107 0.0105 0.0085 
      H535.5  1 0.0059 0.0054 0.0076 0.0144 0.0087 0.9073 0.0098 0.0214 0.0112 0.0081 
      H535.6  1 0.0226 0.0061 0.0181 0.0259 0.0142 0.7559 0.0951 0.0296 0.0162 0.0162 
      H535.7  1 0.0065 0.0104 0.0067 0.0181 0.0095 0.8912 0.0136 0.0178 0.0110 0.0154 
      H535.8  1 0.0077 0.0079 0.0202 0.0160 0.0078 0.8662 0.0262 0.0154 0.0100 0.0226 
      H535.9  1 0.0217 0.0132 0.0105 0.0247 0.0079 0.8724 0.0094 0.0126 0.0148 0.0126 
      H539.1  1 0.9500 0.0103 0.0042 0.0041 0.0046 0.0048 0.0049 0.0050 0.0049 0.0073 
      H539.2  1 0.2225 0.0205 0.0631 0.0264 0.0125 0.0111 0.0149 0.5623 0.0325 0.0342 
      H539.3  1 0.8587 0.0194 0.0180 0.0069 0.0117 0.0147 0.0213 0.0193 0.0078 0.0223 
      H539.4  1 0.9011 0.0228 0.0080 0.0112 0.0060 0.0053 0.0080 0.0125 0.0147 0.0105 
      H539.5  1 0.9353 0.0084 0.0066 0.0053 0.0062 0.0057 0.0047 0.0057 0.0058 0.0162 
      H539.6  1 0.9182 0.0083 0.0076 0.0052 0.0067 0.0068 0.0059 0.0106 0.0067 0.0241 
      H539.7  1 0.9414 0.0052 0.0057 0.0048 0.0072 0.0060 0.0074 0.0090 0.0064 0.0068 
      H539.8  1 0.7772 0.0680 0.0195 0.0128 0.0195 0.0217 0.0301 0.0174 0.0194 0.0144 
      H539.9  1 0.9216 0.0176 0.0061 0.0071 0.0049 0.0045 0.0069 0.0093 0.0081 0.0140 
      H540.1  1 0.8935 0.0125 0.0082 0.0085 0.0067 0.0131 0.0081 0.0268 0.0138 0.0087 
      H540.2  1 0.9363 0.0050 0.0046 0.0090 0.0075 0.0066 0.0082 0.0088 0.0079 0.0060 
      H540.3  1 0.4557 0.2921 0.0163 0.0193 0.0601 0.0227 0.0503 0.0286 0.0488 0.0061 
      H540.4  1 0.8999 0.0060 0.0096 0.0097 0.0132 0.0104 0.0131 0.0172 0.0147 0.0062 
      H540.5  1 0.8828 0.0265 0.0097 0.0099 0.0071 0.0110 0.0131 0.0161 0.0121 0.0116 
      H540.6  1 0.8231 0.0147 0.0285 0.0192 0.0116 0.0166 0.0152 0.0259 0.0221 0.0231 
      H540.7  1 0.8981 0.0058 0.0089 0.0119 0.0093 0.0093 0.0062 0.0207 0.0148 0.0150 
      H540.8  1 0.8308 0.0083 0.0052 0.0101 0.0095 0.0321 0.0107 0.0601 0.0243 0.0088 
     H9558.1  1 0.9301 0.0076 0.0057 0.0051 0.0073 0.0079 0.0096 0.0127 0.0055 0.0084 
     H9558.2  1 0.8990 0.0135 0.0095 0.0123 0.0089 0.0076 0.0120 0.0107 0.0076 0.0188 
     H9558.3  1 0.8971 0.0154 0.0083 0.0096 0.0116 0.0122 0.0079 0.0082 0.0109 0.0190 
     H9558.4  1 0.9113 0.0121 0.0058 0.0069 0.0060 0.0070 0.0073 0.0260 0.0087 0.0088 
     H9558.5  1 0.8734 0.0317 0.0084 0.0096 0.0089 0.0069 0.0140 0.0230 0.0181 0.0059 
     H9558.6  1 0.8107 0.0177 0.0064 0.0084 0.0122 0.0098 0.0235 0.0060 0.0347 0.0707 
    kos339.1  1 0.0153 0.0094 0.0191 0.2028 0.0104 0.5091 0.0338 0.1222 0.0252 0.0525 
    kos339.2  1 0.0083 0.0108 0.0154 0.0273 0.0272 0.8430 0.0086 0.0083 0.0152 0.0358 
    kos339.3  1 0.0105 0.0064 0.0083 0.0225 0.0080 0.8760 0.0073 0.0296 0.0151 0.0165 
    kos339.4  1 0.0077 0.0086 0.0114 0.0393 0.0138 0.8414 0.0116 0.0260 0.0185 0.0217 
    kos339.5  1 0.0154 0.0049 0.0142 0.0528 0.0213 0.7236 0.0161 0.1063 0.0161 0.0294 
    kos339.6  1 0.0067 0.0110 0.0066 0.0151 0.0117 0.8991 0.0090 0.0117 0.0187 0.0104 
    kos339.7  1 0.0090 0.0056 0.0066 0.0214 0.0080 0.8980 0.0083 0.0208 0.0082 0.0140 
    kos339.8  1 0.0074 0.0113 0.0189 0.1334 0.0151 0.7332 0.0140 0.0255 0.0249 0.0164 
    kos339.9  1 0.0208 0.0081 0.0089 0.0239 0.0132 0.8705 0.0079 0.0184 0.0139 0.0144 
      H008.1  2 0.0219 0.0082 0.0093 0.0137 0.0178 0.0106 0.0118 0.0189 0.0097 0.8780 
      H008.2  2 0.1238 0.1605 0.0964 0.2012 0.0241 0.0425 0.0518 0.1099 0.0275 0.1624 
      H008.3  2 0.0822 0.0934 0.1706 0.1036 0.0469 0.0363 0.0901 0.2076 0.0416 0.1278 
      H008.4  2 0.0332 0.0829 0.0165 0.0297 0.0294 0.0315 0.0331 0.0189 0.0071 0.7177 
      H008.5  2 0.0235 0.0256 0.0179 0.0177 0.0250 0.0164 0.0927 0.0271 0.0164 0.7376 
      H008.6  2 0.0572 0.2316 0.0097 0.1202 0.0227 0.0313 0.0556 0.0618 0.0161 0.3938 
      H008.7  2 0.0546 0.1639 0.0691 0.0682 0.0383 0.0273 0.0535 0.0529 0.0176 0.4546 
      H008.8  2 0.6623 0.0142 0.0176 0.0662 0.0146 0.0402 0.0124 0.0155 0.0096 0.1473 
      H008.9  2 0.0793 0.5614 0.0220 0.0737 0.0367 0.0803 0.0433 0.0423 0.0197 0.0414 
 H029.1_2002  2 0.0337 0.0324 0.0145 0.0234 0.0247 0.0105 0.0722 0.0099 0.0114 0.7673 
 H029.1_2003  2 0.0164 0.0194 0.0106 0.0357 0.0166 0.0096 0.6999 0.0247 0.0104 0.1566 
 H029.2_2002  2 0.0103 0.0468 0.0621 0.0610 0.0083 0.0815 0.0420 0.0224 0.0103 0.6553 
 H029.2_2003  2 0.0112 0.0273 0.0167 0.0609 0.0058 0.0559 0.5136 0.0912 0.0173 0.2000 
 H029.3_2002  2 0.0079 0.2021 0.1273 0.1082 0.0099 0.0825 0.0847 0.0345 0.0201 0.3226 
 H029.3_2003  2 0.0065 0.0086 0.0114 0.0257 0.0168 0.0105 0.1940 0.0202 0.0149 0.6914 
 H029.4_2002  2 0.0052 0.0254 0.0170 0.0108 0.0163 0.0077 0.0205 0.0078 0.0069 0.8824 
 H029.4_2003  2 0.0460 0.0338 0.0189 0.0390 0.0213 0.0102 0.4754 0.0319 0.0166 0.3069 
 H029.5_2002  2 0.0071 0.0085 0.0152 0.0096 0.0249 0.0071 0.0576 0.0072 0.0078 0.8550 
 H029.5_2003  2 0.0115 0.0117 0.0088 0.0266 0.0129 0.0083 0.4696 0.0324 0.0084 0.4097 
 H029.6_2002  2 0.0065 0.0524 0.0450 0.0124 0.0136 0.0095 0.4180 0.0080 0.0078 0.4268 
 H029.6_2003  2 0.0173 0.0133 0.0241 0.0946 0.0489 0.0563 0.0883 0.0893 0.0387 0.5293 
      H029.7  2 0.0109 0.0387 0.0404 0.0173 0.0082 0.0441 0.0347 0.0194 0.0071 0.7791 
      H030.1  2 0.0082 0.0050 0.0123 0.0235 0.0157 0.0131 0.3775 0.0244 0.4990 0.0212 
      H030.2  2 0.0211 0.0952 0.1364 0.0423 0.0547 0.0137 0.0447 0.0168 0.4434 0.1317 
      H038.1  2 0.0119 0.0461 0.0096 0.0091 0.0079 0.0066 0.0157 0.0073 0.0074 0.8784 
      H038.2  2 0.0048 0.0071 0.0069 0.0114 0.0103 0.0098 0.0098 0.0091 0.0158 0.9150 
      H038.3  2 0.0159 0.0336 0.0108 0.0165 0.0167 0.0132 0.0085 0.0090 0.0555 0.8203 
      H038.4  2 0.0113 0.0383 0.0112 0.0176 0.0233 0.0134 0.0077 0.0072 0.0177 0.8524 
      H038.5  2 0.0126 0.0360 0.0168 0.0146 0.0089 0.0106 0.0140 0.0154 0.0331 0.8380 
      H038.6  2 0.0101 0.0151 0.0057 0.0090 0.0063 0.0071 0.0138 0.0118 0.0079 0.9132 
      H038.7  2 0.0093 0.0136 0.0039 0.0153 0.0077 0.0077 0.0062 0.0085 0.0188 0.9091 
      H038.8  2 0.0101 0.1103 0.0111 0.0150 0.0156 0.0150 0.0072 0.0069 0.0409 0.7679 
      H041.1  2 0.0144 0.0417 0.1135 0.0142 0.2281 0.0219 0.3761 0.0124 0.0304 0.1473 
      H041.2  2 0.0071 0.0213 0.0074 0.0182 0.4653 0.0146 0.3860 0.0083 0.0093 0.0624 
      H041.4  2 0.0441 0.0362 0.0260 0.0186 0.0416 0.0242 0.3682 0.0136 0.0169 0.4106 
      H041.6  2 0.0744 0.0169 0.0307 0.0242 0.0967 0.0397 0.3183 0.0140 0.0175 0.3675 
 H042.1_2002  2 0.0626 0.0171 0.0116 0.0104 0.0309 0.0252 0.7869 0.0282 0.0103 0.0167 
 H042.1_2003  2 0.0857 0.1454 0.0199 0.1699 0.2444 0.0294 0.0700 0.1066 0.0334 0.0953 
 H042.2_2002  2 0.0168 0.0404 0.0149 0.0206 0.0452 0.0125 0.3644 0.0439 0.0110 0.4302 
 H042.2_2003  2 0.0531 0.0075 0.0073 0.0164 0.4788 0.0270 0.2420 0.0245 0.0128 0.1306 
 H042.3_2002  2 0.0549 0.0379 0.0141 0.0154 0.1243 0.0252 0.5630 0.1243 0.0191 0.0218 
 H042.3_2003  2 0.0976 0.0540 0.0620 0.0147 0.1645 0.0238 0.2291 0.1873 0.0345 0.1326 
 H042.4_2002  2 0.0146 0.0129 0.0084 0.0070 0.0294 0.0109 0.8747 0.0092 0.0166 0.0162 
 H042.4_2003  2 0.0251 0.0081 0.0445 0.0089 0.0154 0.0183 0.8095 0.0111 0.0164 0.0427 
      H042.5  2 0.0084 0.0039 0.0091 0.0054 0.0104 0.0119 0.9262 0.0104 0.0058 0.0085 
      H042.6  2 0.0350 0.0119 0.0149 0.0082 0.0069 0.0120 0.8642 0.0110 0.0095 0.0263 
      H042.7  2 0.0224 0.0084 0.0124 0.0246 0.3093 0.0360 0.5029 0.0169 0.0108 0.0564 
      H042.8  2 0.0285 0.0302 0.0102 0.0128 0.0856 0.0101 0.7613 0.0272 0.0064 0.0277 
   H042_2002  2 0.4909 0.0308 0.0149 0.0443 0.0848 0.0216 0.0572 0.0387 0.0210 0.1959 
   H042_2003  2 0.5706 0.0269 0.0129 0.0391 0.0701 0.0168 0.0573 0.0313 0.0176 0.1575 
      H043.1  2 0.7391 0.0784 0.0227 0.0210 0.0096 0.0143 0.0128 0.0143 0.0521 0.0356 
      H043.2  2 0.8241 0.0546 0.0104 0.0084 0.0106 0.0264 0.0101 0.0080 0.0073 0.0401 
      H043.3  2 0.4330 0.0266 0.0083 0.0352 0.0124 0.0158 0.0231 0.0185 0.0172 0.4100 
      H043.4  2 0.8304 0.0410 0.0084 0.0113 0.0091 0.0212 0.0104 0.0101 0.0121 0.0459 
      H043.5  2 0.5741 0.1950 0.0097 0.0172 0.0209 0.0148 0.0104 0.0103 0.0140 0.1335 
      H043.6  2 0.5186 0.1542 0.0075 0.0109 0.0190 0.0165 0.0240 0.0105 0.0136 0.2252 
      H043.7  2 0.8966 0.0176 0.0059 0.0110 0.0096 0.0113 0.0080 0.0082 0.0134 0.0183 
      H043.8  2 0.6919 0.0239 0.0270 0.0363 0.0189 0.0404 0.0122 0.0211 0.0712 0.0570 
      H043.9  2 0.7034 0.0326 0.0349 0.0350 0.0083 0.0146 0.0284 0.0139 0.0317 0.0972 
      H047.1  2 0.1400 0.0124 0.0067 0.0184 0.0139 0.0192 0.0066 0.0187 0.0193 0.7446 
      H047.2  2 0.0322 0.0084 0.0568 0.0618 0.0326 0.0329 0.0238 0.0541 0.0245 0.6729 
      H047.3  2 0.0223 0.0060 0.0804 0.0552 0.1115 0.0152 0.0220 0.0780 0.0237 0.5857 
      H047.4  2 0.0343 0.0051 0.0125 0.0928 0.0779 0.0350 0.0338 0.0160 0.0253 0.6675 
      H047.5  2 0.0452 0.0051 0.0206 0.0752 0.0603 0.0133 0.0112 0.0358 0.0294 0.7039 
      H047.6  2 0.0644 0.0241 0.0420 0.1411 0.1465 0.0465 0.0293 0.0379 0.0541 0.4141 
      H047.7  2 0.0870 0.0118 0.0107 0.0245 0.0249 0.0326 0.0088 0.0178 0.0190 0.7628 
      H047.8  2 0.1393 0.0151 0.0342 0.0786 0.1089 0.0553 0.0246 0.0750 0.0288 0.4402 
      H047.9  2 0.0447 0.0052 0.0098 0.0254 0.0154 0.0520 0.0117 0.0441 0.0205 0.7712 
 H071.1_2002  2 0.0155 0.0071 0.0057 0.0070 0.0096 0.0106 0.0082 0.0077 0.0069 0.9215 
 H071.1_2003  2 0.0921 0.0130 0.0073 0.0117 0.0217 0.0512 0.0819 0.0151 0.0285 0.6776 
     H071.10  2 0.0061 0.0115 0.0158 0.0126 0.0067 0.0073 0.0073 0.0059 0.0205 0.9063 
 H071.2_2002  2 0.0164 0.0113 0.0061 0.0101 0.0074 0.0106 0.0082 0.0103 0.0064 0.9132 
 H071.2_2003  2 0.0082 0.0039 0.0055 0.0062 0.0063 0.0062 0.0089 0.0056 0.0043 0.9450 
      H071.3  2 0.0063 0.0113 0.0152 0.0113 0.0185 0.0082 0.0064 0.0096 0.0247 0.8885 
 H071.4_2002  2 0.0097 0.0181 0.0109 0.0123 0.0093 0.0101 0.0111 0.0088 0.0302 0.8794 
 H071.4_2003  2 0.0052 0.0034 0.0049 0.0065 0.0056 0.0056 0.0046 0.0060 0.0083 0.9501 
 H071.5_2002  2 0.0060 0.0055 0.0084 0.0066 0.0055 0.0059 0.0074 0.0061 0.0090 0.9397 
 H071.5_2003  2 0.0106 0.0038 0.0058 0.0094 0.0092 0.0098 0.0077 0.0087 0.0195 0.9155 
 H071.6_2002  2 0.0072 0.0062 0.0047 0.0110 0.0057 0.0058 0.0065 0.0066 0.0082 0.9382 
 H071.6_2003  2 0.0087 0.0041 0.0055 0.0074 0.0064 0.0073 0.0062 0.0081 0.0202 0.9262 
 H071.7_2002  2 0.0071 0.0048 0.0048 0.0077 0.0057 0.0053 0.0058 0.0059 0.0044 0.9485 
 H071.7_2003  2 0.0113 0.0043 0.0060 0.0062 0.0088 0.0135 0.0091 0.0104 0.0220 0.9085 
      H071.8  2 0.0115 0.0084 0.0064 0.0160 0.0091 0.0091 0.0107 0.0056 0.0055 0.9177 
      H071.9  2 0.0184 0.0239 0.0234 0.0319 0.0143 0.0104 0.0282 0.0122 0.0378 0.7994 
 H081.1_2002  2 0.0093 0.0054 0.0086 0.0068 0.0064 0.0097 0.0079 0.0058 0.0069 0.9332 
 H081.1_2003  2 0.0972 0.3571 0.0267 0.0758 0.0275 0.0365 0.2448 0.0342 0.0573 0.0429 
 H081.2_2002  2 0.0132 0.0058 0.0098 0.0082 0.0071 0.0101 0.0075 0.0064 0.0062 0.9258 
 H081.2_2003  2 0.1064 0.0129 0.0668 0.0174 0.0122 0.0232 0.0722 0.0147 0.6280 0.0463 
 H081.3_2002  2 0.0123 0.0114 0.0095 0.0110 0.0103 0.0154 0.0126 0.0054 0.0124 0.8997 
 H081.3_2003  2 0.4001 0.0274 0.0279 0.0227 0.0163 0.0455 0.0550 0.0201 0.3600 0.0250 
 H081.4_2002  2 0.0085 0.0044 0.0076 0.0099 0.0090 0.0104 0.0141 0.0094 0.0090 0.9176 
 H081.4_2003  2 0.1194 0.0196 0.0182 0.0338 0.0204 0.0365 0.5349 0.0192 0.1768 0.0211 
 H081.5_2002  2 0.0141 0.0052 0.0061 0.0103 0.0066 0.0093 0.0136 0.0081 0.0142 0.9125 
 H081.5_2003  2 0.0948 0.0280 0.0174 0.0464 0.0432 0.0438 0.5722 0.0190 0.0893 0.0457 
      H081.6  2 0.0131 0.0059 0.0069 0.0091 0.0074 0.0098 0.0095 0.0082 0.0075 0.9226 
      H081.7  2 0.0112 0.0056 0.0093 0.0064 0.0074 0.0128 0.0096 0.0070 0.0118 0.9188 
      H081.8  2 0.0124 0.0214 0.0206 0.0220 0.0162 0.0301 0.0275 0.0098 0.0383 0.8017 
      H083.1  2 0.0075 0.0125 0.0277 0.0221 0.0071 0.0111 0.0251 0.0099 0.0114 0.8656 
      H083.2  2 0.0230 0.0080 0.0290 0.0131 0.0076 0.0151 0.0099 0.0100 0.0110 0.8734 
      H083.4  2 0.0088 0.0162 0.0928 0.0152 0.0083 0.0111 0.0083 0.0091 0.0086 0.8215 
      H083.5  2 0.0085 0.0274 0.0833 0.0193 0.0073 0.0116 0.0252 0.0086 0.0096 0.7992 
      H083.6  2 0.0073 0.0131 0.1174 0.0209 0.0090 0.0180 0.0171 0.0139 0.0146 0.7687 
      H083.7  2 0.0085 0.0127 0.2010 0.0145 0.0097 0.0128 0.0072 0.0083 0.0100 0.7154 
      H083.8  2 0.0141 0.0096 0.0269 0.0150 0.0072 0.0161 0.0101 0.0112 0.0091 0.8808 
      H083.9  2 0.0055 0.0107 0.1005 0.0164 0.0087 0.0116 0.0202 0.0079 0.0079 0.8105 
      H084.1  2 0.0120 0.0748 0.0174 0.0102 0.0180 0.0082 0.0277 0.0150 0.8039 0.0128 
      H084.2  2 0.0133 0.1237 0.0118 0.0152 0.0061 0.0087 0.0755 0.0274 0.7076 0.0108 
      H084.3  2 0.0110 0.2763 0.0183 0.0208 0.2204 0.0150 0.0297 0.0218 0.3786 0.0080 
      H084.4  2 0.0128 0.2939 0.0124 0.0422 0.1404 0.0286 0.0755 0.0191 0.3644 0.0108 
      H084.5  2 0.0100 0.0719 0.0091 0.0406 0.0915 0.0092 0.0137 0.0131 0.7317 0.0092 
      H084.6  2 0.0090 0.1404 0.0401 0.0262 0.0948 0.0363 0.0106 0.0089 0.6251 0.0086 
      H084.7  2 0.0106 0.0261 0.0128 0.0100 0.0134 0.0138 0.0561 0.0160 0.8277 0.0137 
      H084.8  2 0.0072 0.1450 0.0120 0.0168 0.1262 0.0101 0.0107 0.0082 0.6578 0.0061 
 H085.1_2002  2 0.0314 0.0291 0.0723 0.0101 0.0080 0.0463 0.6686 0.0081 0.0112 0.1149 
 H085.1_2003  2 0.0118 0.0153 0.0627 0.0190 0.0292 0.0124 0.5704 0.0099 0.0368 0.2324 
 H085.2_2002  2 0.0328 0.0940 0.1012 0.0152 0.0239 0.0927 0.5652 0.0102 0.0311 0.0336 
 H085.2_2003  2 0.0163 0.0168 0.0481 0.0257 0.0131 0.0194 0.2875 0.0168 0.0167 0.5394 
 H085.3_2002  2 0.0188 0.0085 0.0155 0.0068 0.0156 0.0174 0.8802 0.0079 0.0136 0.0157 
 H085.3_2003  2 0.0162 0.0058 0.0101 0.0095 0.0533 0.0127 0.1848 0.0219 0.0595 0.6262 
 H085.4_2002  2 0.0688 0.0636 0.0540 0.0164 0.0253 0.0327 0.4974 0.0166 0.0196 0.2055 
 H085.4_2003  2 0.0218 0.0094 0.0096 0.0104 0.0548 0.0163 0.2248 0.0099 0.0195 0.6232 
 H085.5_2002  2 0.0503 0.0084 0.0124 0.0066 0.0211 0.0214 0.8218 0.0103 0.0128 0.0351 
 H085.5_2003  2 0.0133 0.0099 0.0425 0.0098 0.0114 0.0121 0.1181 0.0185 0.0224 0.7419 
 H085.6_2002  2 0.0127 0.0148 0.0168 0.0076 0.0071 0.0243 0.8805 0.0060 0.0118 0.0183 
 H085.6_2003  2 0.0415 0.0089 0.0073 0.0127 0.1725 0.0167 0.6004 0.0134 0.0403 0.0864 
 H085.7_2002  2 0.0228 0.0130 0.0493 0.0091 0.0128 0.0811 0.7406 0.0089 0.0165 0.0458 
 H085.7_2003  2 0.0134 0.0154 0.0166 0.0141 0.0897 0.0073 0.1761 0.0189 0.0422 0.6062 
 H085.8_2002  2 0.0635 0.0214 0.0187 0.0094 0.0771 0.0576 0.6459 0.0144 0.0537 0.0382 
 H085.8_2003  2 0.0189 0.0162 0.0822 0.0170 0.0326 0.0182 0.6731 0.0150 0.0187 0.1081 
      H085.9  2 0.0521 0.0297 0.0302 0.0095 0.0173 0.0667 0.6825 0.0093 0.0122 0.0906 
      H088.1  2 0.0135 0.0105 0.0178 0.0131 0.0109 0.0139 0.8734 0.0255 0.0116 0.0098 
      H088.2  2 0.0081 0.0069 0.0122 0.0127 0.0109 0.0239 0.8908 0.0143 0.0103 0.0100 
      H088.3  2 0.0095 0.0085 0.0092 0.0117 0.0082 0.0102 0.9163 0.0095 0.0080 0.0090 
      H088.4  2 0.0120 0.0069 0.0050 0.0122 0.0110 0.0051 0.9192 0.0101 0.0095 0.0089 
      H088.5  2 0.0093 0.0066 0.0057 0.0085 0.0091 0.0055 0.9339 0.0082 0.0076 0.0056 
      H088.6  2 0.0065 0.0070 0.0066 0.0101 0.0153 0.0077 0.9100 0.0129 0.0129 0.0111 
      H088.7  2 0.0051 0.0073 0.0089 0.0196 0.0113 0.0084 0.8888 0.0084 0.0088 0.0335 
      H088.8  2 0.0099 0.0083 0.0087 0.0303 0.0189 0.0103 0.8342 0.0169 0.0173 0.0451 
      H091.1  2 0.0101 0.0072 0.0247 0.0108 0.0183 0.0113 0.8772 0.0086 0.0094 0.0224 
      H091.2  2 0.0185 0.0067 0.0447 0.0189 0.0365 0.0260 0.7722 0.0208 0.0127 0.0430 
      H109.1  2 0.0580 0.0546 0.1598 0.1864 0.0661 0.0206 0.0187 0.0343 0.3462 0.0554 
      H109.2  2 0.0302 0.0122 0.0241 0.0485 0.0278 0.0169 0.0165 0.0188 0.6977 0.1073 
      H109.3  2 0.0240 0.0175 0.0186 0.0686 0.0861 0.1881 0.0520 0.0768 0.3403 0.1281 
      H109.4  2 0.0711 0.0353 0.0421 0.0525 0.0987 0.0247 0.0257 0.0592 0.5422 0.0485 
      H109.5  2 0.0152 0.0047 0.0120 0.0178 0.2057 0.0888 0.1478 0.0259 0.0605 0.4215 
      H109.6  2 0.0636 0.0164 0.0166 0.1544 0.0470 0.0386 0.0120 0.0277 0.5803 0.0434 
      H126.1  2 0.4640 0.0162 0.0412 0.0898 0.0437 0.1427 0.0264 0.1332 0.0179 0.0248 
      H126.2  2 0.1177 0.0576 0.0288 0.0214 0.0134 0.0513 0.0150 0.0371 0.0333 0.6243 
      H126.3  2 0.0462 0.0215 0.0200 0.1239 0.0213 0.0231 0.0243 0.0332 0.0062 0.6804 
      H126.4  2 0.6893 0.0168 0.0389 0.0168 0.0109 0.0434 0.0273 0.0674 0.0210 0.0682 
      H126.5  2 0.4645 0.0069 0.0147 0.0998 0.0154 0.0453 0.0101 0.0466 0.0093 0.2875 
      H126.6  2 0.0352 0.0060 0.0176 0.0588 0.0069 0.0294 0.0137 0.0093 0.0059 0.8171 
      H126.7  2 0.0127 0.0044 0.0118 0.0123 0.0056 0.0090 0.0130 0.0115 0.0102 0.9095 
      H130.1  2 0.3739 0.0098 0.0240 0.0244 0.0242 0.0487 0.3610 0.0785 0.0433 0.0124 
      H130.2  2 0.0209 0.0115 0.0333 0.0255 0.0205 0.0173 0.1548 0.0326 0.6578 0.0257 
      H130.3  2 0.0184 0.0051 0.0108 0.0158 0.0079 0.0124 0.0854 0.6923 0.1176 0.0343 
      H130.4  2 0.2539 0.0355 0.0398 0.0464 0.0179 0.0612 0.1217 0.3155 0.0974 0.0108 
      H130.5  2 0.0621 0.0074 0.0258 0.0122 0.0192 0.0288 0.6282 0.0211 0.1660 0.0293 
      H133.1  2 0.0705 0.1377 0.0403 0.0849 0.0342 0.0658 0.1593 0.1963 0.1446 0.0664 
      H133.2  2 0.3490 0.0143 0.0142 0.0478 0.0209 0.1254 0.2674 0.0317 0.1023 0.0269 
      H133.3  2 0.0148 0.1211 0.0114 0.0376 0.0278 0.0769 0.5401 0.0552 0.0598 0.0553 
      H133.4  2 0.2333 0.0975 0.0311 0.1960 0.0538 0.1003 0.0483 0.0855 0.1155 0.0385 
      H133.5  2 0.0761 0.0451 0.0197 0.1195 0.0075 0.0733 0.3936 0.1803 0.0679 0.0169 
      H133.6  2 0.2123 0.0148 0.0200 0.0379 0.0105 0.0345 0.5073 0.0383 0.1108 0.0137 
      H133.7  2 0.0652 0.1059 0.0250 0.0978 0.3367 0.0722 0.1530 0.0321 0.0867 0.0254 
      H133.8  2 0.0957 0.1490 0.0703 0.0977 0.1044 0.0864 0.1208 0.1733 0.0657 0.0367 
      H133.9  2 0.0480 0.1190 0.0473 0.0695 0.0309 0.0278 0.1374 0.3934 0.0929 0.0338 
      H147.1  2 0.0225 0.0193 0.0509 0.0165 0.3987 0.0267 0.1240 0.0048 0.0572 0.2794 
      H147.2  2 0.0216 0.0055 0.0090 0.0127 0.0171 0.0102 0.0271 0.0070 0.0138 0.8760 
      H147.3  2 0.0138 0.0055 0.0106 0.0071 0.0156 0.0181 0.0096 0.0075 0.0150 0.8970 
      H147.4  2 0.0068 0.0364 0.0183 0.0119 0.0312 0.0136 0.0155 0.0054 0.0289 0.8319 
      H147.5  2 0.0198 0.0088 0.0352 0.0204 0.0399 0.0193 0.1049 0.0200 0.0603 0.6713 
      H147.6  2 0.0292 0.0096 0.0384 0.0228 0.0528 0.0296 0.1319 0.0247 0.1164 0.5446 
      H147.7  2 0.0071 0.0305 0.0301 0.0117 0.0531 0.0205 0.0109 0.0082 0.0393 0.7886 
      H147.8  2 0.0049 0.0371 0.0419 0.0153 0.0381 0.0102 0.0670 0.0070 0.0294 0.7490 
      H147.9  2 0.0139 0.0068 0.0096 0.0080 0.0121 0.0112 0.0113 0.0081 0.0102 0.9087 
      H148.1  2 0.1924 0.0948 0.0418 0.1774 0.1661 0.0276 0.0848 0.0285 0.1676 0.0191 
      H148.2  2 0.0965 0.1213 0.0485 0.0782 0.4512 0.0500 0.0230 0.0301 0.0558 0.0454 
      H148.3  2 0.0190 0.0615 0.0141 0.0224 0.5265 0.2923 0.0174 0.0129 0.0227 0.0112 
      H148.4  2 0.0999 0.0519 0.0149 0.3101 0.3011 0.1092 0.0404 0.0301 0.0200 0.0224 
      H148.5  2 0.0280 0.0669 0.0251 0.1346 0.5811 0.0602 0.0186 0.0236 0.0496 0.0124 
      H148.6  2 0.0445 0.1968 0.0581 0.0747 0.4432 0.0796 0.0398 0.0147 0.0295 0.0190 
      H148.7  2 0.0212 0.0378 0.0142 0.0754 0.7060 0.0168 0.0243 0.0493 0.0427 0.0122 
      H148.8  2 0.0298 0.0367 0.0095 0.0126 0.7315 0.1203 0.0235 0.0139 0.0137 0.0083 
      H148.9  2 0.1047 0.2988 0.0547 0.1057 0.2376 0.0303 0.0209 0.0725 0.0591 0.0158 
   H166022.1  2 0.0072 0.0147 0.0713 0.0079 0.0276 0.0149 0.8193 0.0067 0.0166 0.0138 
   H166022.2  2 0.0131 0.0173 0.0658 0.0400 0.0323 0.0542 0.5683 0.0132 0.1163 0.0797 
   H166022.3  2 0.0072 0.0097 0.1519 0.0190 0.0154 0.0123 0.7411 0.0137 0.0232 0.0064 
   H166022.4  2 0.0050 0.0067 0.0157 0.0183 0.0117 0.0066 0.9036 0.0140 0.0110 0.0074 
   H166022.5  2 0.0052 0.0059 0.0242 0.0186 0.0108 0.0138 0.8563 0.0117 0.0428 0.0107 
   H166022.6  2 0.0120 0.0221 0.0374 0.0148 0.0254 0.0097 0.8376 0.0107 0.0228 0.0076 
   H166022.7  2 0.0182 0.0291 0.0063 0.8686 0.0061 0.0084 0.0103 0.0191 0.0228 0.0112 
   H166022.8  2 0.0266 0.0089 0.1607 0.0468 0.0451 0.0548 0.5541 0.0174 0.0730 0.0126 
   H167397.1  2 0.0266 0.4211 0.0084 0.0367 0.3231 0.0201 0.0900 0.0100 0.0307 0.0334 
   H167397.2  2 0.0215 0.4550 0.0636 0.1278 0.1536 0.0886 0.0336 0.0143 0.0127 0.0293 
   H167397.3  2 0.0127 0.5564 0.0168 0.0442 0.2458 0.0338 0.0259 0.0076 0.0122 0.0447 
   H167397.4  2 0.0077 0.7431 0.0231 0.0156 0.0838 0.0370 0.0270 0.0147 0.0136 0.0345 
   H167397.5  2 0.0342 0.5894 0.0178 0.0599 0.1275 0.0244 0.0588 0.0187 0.0402 0.0290 
   H167397.6  2 0.0180 0.5665 0.0200 0.0344 0.2518 0.0279 0.0191 0.0143 0.0082 0.0398 
   H167496.1  2 0.0105 0.0113 0.0155 0.0221 0.0282 0.0866 0.7383 0.0429 0.0291 0.0155 
   H167496.2  2 0.0225 0.0163 0.0160 0.3428 0.0710 0.1150 0.1531 0.0232 0.1001 0.1399 
   H167496.3  2 0.0237 0.0073 0.0426 0.0087 0.0196 0.0346 0.8077 0.0233 0.0139 0.0186 
   H167496.4  2 0.0057 0.0058 0.0100 0.0092 0.0078 0.0087 0.9234 0.0084 0.0069 0.0141 
   H167496.6  2 0.0083 0.0078 0.0096 0.0232 0.0091 0.0068 0.8856 0.0113 0.0176 0.0207 
   H167496.7  2 0.0449 0.0072 0.0313 0.0449 0.2763 0.1321 0.1774 0.0794 0.1832 0.0232 
   H167496.8  2 0.0090 0.0085 0.0099 0.0344 0.0170 0.0094 0.8577 0.0116 0.0135 0.0289 
   H167513.1  2 0.0455 0.0523 0.1004 0.2237 0.0589 0.0787 0.0349 0.0510 0.3162 0.0384 
   H167513.2  2 0.1714 0.1001 0.0262 0.0753 0.1542 0.0620 0.0518 0.0423 0.2916 0.0250 
   H167513.3  2 0.0147 0.0134 0.0723 0.1492 0.0226 0.0228 0.0144 0.1375 0.5371 0.0160 
   H167513.4  2 0.0225 0.0139 0.3272 0.2277 0.0953 0.0156 0.0388 0.0360 0.2078 0.0152 
   H167513.5  2 0.1209 0.1609 0.0488 0.0940 0.1002 0.0581 0.0965 0.0245 0.2528 0.0435 
   H167513.6  2 0.0568 0.0276 0.0623 0.0946 0.0309 0.3106 0.0642 0.0193 0.3023 0.0314 
   H167513.7  2 0.0298 0.0565 0.3700 0.1485 0.0118 0.0154 0.0267 0.0269 0.2797 0.0348 
   H167513.8  2 0.0336 0.0362 0.0143 0.1731 0.0100 0.0151 0.0082 0.0239 0.6711 0.0146 
   H167547.1  2 0.0430 0.0212 0.0208 0.0151 0.7686 0.0445 0.0207 0.0209 0.0382 0.0072 
   H167547.2  2 0.0124 0.0105 0.0161 0.0074 0.8689 0.0177 0.0273 0.0120 0.0192 0.0084 
   H167547.3  2 0.0085 0.0094 0.0140 0.0060 0.8974 0.0135 0.0225 0.0097 0.0123 0.0068 
   H167547.4  2 0.1196 0.0316 0.3886 0.0161 0.1554 0.0540 0.1513 0.0465 0.0289 0.0080 
   H167547.5  2 0.0138 0.0090 0.0120 0.0068 0.8635 0.0105 0.0463 0.0105 0.0193 0.0082 
   H167547.6  2 0.0137 0.0088 0.0121 0.0060 0.8676 0.0133 0.0376 0.0134 0.0178 0.0097 
   H167547.7  2 0.0679 0.0147 0.0228 0.0229 0.0431 0.7286 0.0234 0.0257 0.0301 0.0208 
   H169750.1  2 0.0364 0.0246 0.0926 0.0847 0.0124 0.1025 0.2045 0.1953 0.2134 0.0336 
   H169750.2  2 0.0699 0.0544 0.0111 0.0813 0.2658 0.0300 0.1999 0.0596 0.1247 0.1033 
   H169750.3  2 0.0263 0.0053 0.0490 0.0726 0.0234 0.0486 0.2700 0.0945 0.3392 0.0712 
   H169750.4  2 0.0395 0.1286 0.0081 0.1846 0.0472 0.0936 0.2953 0.1523 0.0198 0.0310 
   H169750.5  2 0.0432 0.0164 0.1071 0.1032 0.0208 0.1433 0.2461 0.1187 0.1309 0.0703 
   H169750.6  2 0.0494 0.0132 0.0352 0.0414 0.0191 0.0117 0.2596 0.0749 0.1578 0.3378 
   H169750.7  2 0.0440 0.0430 0.0184 0.2392 0.0383 0.0895 0.1958 0.1708 0.0817 0.0792 
   H171929.1  2 0.0541 0.4878 0.0412 0.0348 0.0616 0.1809 0.0676 0.0192 0.0292 0.0236 
  H171929.10  2 0.0361 0.0639 0.0645 0.0361 0.0888 0.0776 0.4560 0.0140 0.1202 0.0430 
  H171929.11  2 0.1977 0.3201 0.0265 0.0508 0.0783 0.0958 0.0692 0.0317 0.1102 0.0197 
   H171929.2  2 0.1625 0.0211 0.0709 0.1752 0.1430 0.0468 0.0248 0.0339 0.3087 0.0131 
   H171929.3  2 0.0764 0.1606 0.1049 0.1014 0.2325 0.0608 0.0288 0.0276 0.1815 0.0256 
   H171929.4  2 0.1052 0.0101 0.2246 0.0406 0.0460 0.2321 0.1213 0.0678 0.1111 0.0412 
   H171929.5  2 0.1088 0.0561 0.0674 0.2463 0.0998 0.0244 0.0180 0.0261 0.3294 0.0238 
   H171929.6  2 0.1742 0.0987 0.0418 0.2084 0.0483 0.0270 0.0113 0.0250 0.3534 0.0118 
   H171929.7  2 0.1829 0.0329 0.1064 0.0653 0.0632 0.3716 0.0357 0.0435 0.0500 0.0485 
   H171929.8  2 0.2927 0.0199 0.0583 0.0326 0.0274 0.4101 0.0582 0.0237 0.0576 0.0195 
   H171929.9  2 0.1945 0.0066 0.1530 0.0701 0.0244 0.1120 0.1375 0.0261 0.1935 0.0823 
   H171930.1  2 0.0197 0.0244 0.0057 0.0246 0.0224 0.0088 0.0247 0.0337 0.8251 0.0111 
   H171930.2  2 0.0214 0.0101 0.0141 0.0189 0.0552 0.0111 0.1590 0.0410 0.6517 0.0176 
   H171930.3  2 0.0081 0.0217 0.0083 0.0143 0.0247 0.0088 0.0227 0.0264 0.8550 0.0099 
   H171930.4  2 0.0067 0.0154 0.0121 0.0327 0.0804 0.0086 0.0343 0.0436 0.7562 0.0099 
   H171930.5  2 0.0628 0.0222 0.0105 0.0165 0.0273 0.0223 0.0324 0.0460 0.7246 0.0353 
   H171930.6  2 0.0111 0.0097 0.0076 0.0100 0.0438 0.0124 0.0293 0.0439 0.7763 0.0557 
   H171930.7  2 0.0091 0.0275 0.0085 0.0294 0.0171 0.0119 0.0108 0.0079 0.8676 0.0101 
   H171930.8  2 0.0143 0.0162 0.0065 0.0460 0.0273 0.0129 0.0249 0.0088 0.8339 0.0093 
   H171933.1  2 0.0074 0.0366 0.8597 0.0096 0.0165 0.0152 0.0227 0.0081 0.0154 0.0090 
   H171933.2  2 0.0135 0.0457 0.7976 0.0152 0.0206 0.0251 0.0502 0.0094 0.0131 0.0096 
   H171933.3  2 0.0179 0.0136 0.7869 0.0135 0.0270 0.0312 0.0535 0.0139 0.0358 0.0067 
   H171933.4  2 0.0128 0.0064 0.7737 0.0265 0.0116 0.0209 0.0255 0.0188 0.0953 0.0085 
   H171933.5  2 0.1232 0.0150 0.2986 0.0399 0.0407 0.0526 0.0321 0.1172 0.2704 0.0102 
   H171933.6  2 0.0107 0.0060 0.7600 0.0161 0.0119 0.0119 0.1348 0.0205 0.0121 0.0160 
   H171933.7  2 0.0405 0.0205 0.7579 0.0143 0.0286 0.0355 0.0194 0.0209 0.0442 0.0182 
   H171933.8  2 0.0143 0.0353 0.7773 0.0249 0.0318 0.0274 0.0191 0.0093 0.0436 0.0170 
   H171933.9  2 0.0083 0.0051 0.8549 0.0143 0.0078 0.0082 0.0218 0.0322 0.0404 0.0069 
      H190.1  2 0.0137 0.0068 0.0260 0.0202 0.0530 0.0164 0.0181 0.1290 0.6960 0.0209 
      H190.2  2 0.0202 0.0055 0.0072 0.0073 0.8809 0.0157 0.0138 0.0112 0.0215 0.0166 
      H190.3  2 0.1161 0.0103 0.0182 0.0095 0.6711 0.0373 0.0555 0.0290 0.0343 0.0186 
      H190.4  2 0.0184 0.0087 0.1023 0.0081 0.0155 0.0184 0.0509 0.0766 0.6937 0.0075 
      H190.5  2 0.0272 0.0052 0.0156 0.0201 0.7871 0.0116 0.0337 0.0147 0.0422 0.0426 
      H190.6  2 0.0271 0.0085 0.0920 0.0121 0.0181 0.0285 0.0615 0.0682 0.6719 0.0121 
      H190.7  2 0.2701 0.0134 0.0296 0.0147 0.0895 0.1831 0.3021 0.0351 0.0466 0.0158 
      H190.8  2 0.0443 0.0052 0.0143 0.0204 0.3650 0.0507 0.0446 0.0436 0.3703 0.0416 
      H190.9  2 0.1019 0.0088 0.0185 0.0196 0.4978 0.0446 0.0676 0.0371 0.1885 0.0156 
      H400.1  2 0.0378 0.0095 0.0889 0.0234 0.0083 0.0079 0.7787 0.0129 0.0217 0.0109 
      H400.2  2 0.0117 0.0177 0.0852 0.0204 0.0104 0.0064 0.7816 0.0107 0.0204 0.0357 
      H400.3  2 0.0481 0.0218 0.1701 0.0336 0.0241 0.0378 0.5526 0.0518 0.0411 0.0190 
      H400.4  2 0.0100 0.0047 0.0143 0.0135 0.0112 0.0060 0.8921 0.0112 0.0186 0.0184 
      H400.5  2 0.0273 0.0147 0.3958 0.0175 0.0201 0.0319 0.3528 0.0481 0.0752 0.0165 
      H400.6  2 0.0298 0.0058 0.0359 0.0172 0.0112 0.0100 0.8577 0.0082 0.0100 0.0141 
      H400.7  2 0.0293 0.0091 0.2470 0.0285 0.0198 0.0193 0.5825 0.0116 0.0432 0.0097 
