      H105.1  1 0.0076 0.0077 0.0229 0.0105 0.0123 0.0116 0.0079 0.0215 0.0115 0.0195 0.0047 0.0060 0.0099 0.0080 0.1397 0.0067 0.6092 0.0162 0.0437 0.0175 0.0054 
      H105.2  1 0.0407 0.0121 0.0145 0.0074 0.0359 0.0429 0.0327 0.0109 0.0070 0.0788 0.0263 0.0328 0.0124 0.0097 0.0476 0.0103 0.4660 0.0114 0.0365 0.0234 0.0408 
      H105.3  1 0.0043 0.0072 0.0137 0.0115 0.0207 0.0124 0.0094 0.0056 0.0069 0.0332 0.0185 0.0069 0.0080 0.0046 0.0111 0.0073 0.7715 0.0117 0.0139 0.0152 0.0064 
      H105.4  1 0.0252 0.0124 0.0209 0.0117 0.0268 0.0107 0.0157 0.0105 0.0090 0.0458 0.1141 0.0168 0.0110 0.0154 0.0344 0.0071 0.4885 0.0101 0.0840 0.0074 0.0224 
      H105.5  1 0.0189 0.0409 0.0508 0.0204 0.0466 0.0348 0.0246 0.0369 0.0238 0.0922 0.1032 0.0080 0.0558 0.0185 0.1242 0.0092 0.0611 0.0110 0.1194 0.0379 0.0620 
      H105.6  1 0.0045 0.0198 0.0100 0.0139 0.0223 0.0044 0.0121 0.0043 0.0091 0.0310 0.0341 0.0038 0.0094 0.0061 0.0070 0.0044 0.7535 0.0094 0.0244 0.0068 0.0099 
      H105.7  1 0.0339 0.0091 0.0217 0.0064 0.0072 0.0062 0.0112 0.0185 0.0073 0.0360 0.0051 0.0073 0.0099 0.0121 0.0399 0.0047 0.6504 0.0303 0.0675 0.0101 0.0052 
      H105.8  1 0.0065 0.0063 0.0081 0.0048 0.0294 0.0098 0.0073 0.0054 0.0104 0.0258 0.0114 0.0144 0.0045 0.0031 0.0372 0.0086 0.7315 0.0305 0.0193 0.0122 0.0137 
      H115.1  1 0.0092 0.7671 0.0069 0.0251 0.0170 0.0066 0.0098 0.0145 0.0151 0.0162 0.0088 0.0169 0.0071 0.0063 0.0077 0.0062 0.0085 0.0191 0.0086 0.0110 0.0123 
      H115.2  1 0.0061 0.8480 0.0045 0.0115 0.0069 0.0051 0.0124 0.0092 0.0090 0.0079 0.0056 0.0123 0.0067 0.0053 0.0053 0.0098 0.0063 0.0072 0.0059 0.0084 0.0068 
      H115.3  1 0.0066 0.6376 0.0141 0.0331 0.0047 0.0138 0.0095 0.0250 0.0080 0.0113 0.1179 0.0095 0.0063 0.0055 0.0043 0.0065 0.0087 0.0066 0.0110 0.0050 0.0550 
      H115.4  1 0.0061 0.0658 0.0159 0.0497 0.0266 0.0359 0.0075 0.1071 0.0114 0.0126 0.0101 0.0714 0.0233 0.0074 0.0051 0.0069 0.0141 0.0071 0.0142 0.1382 0.3637 
      H115.5  1 0.0117 0.3654 0.0212 0.0741 0.0144 0.1029 0.0069 0.0407 0.0471 0.0212 0.0384 0.0125 0.0179 0.0230 0.0105 0.0700 0.0244 0.0333 0.0145 0.0194 0.0306 
      H115.6  1 0.0253 0.5074 0.0179 0.0627 0.0043 0.0321 0.0426 0.0362 0.0087 0.0546 0.0577 0.0086 0.0218 0.0121 0.0058 0.0132 0.0102 0.0117 0.0081 0.0132 0.0458 
      H115.7  1 0.0262 0.5217 0.0132 0.0356 0.0102 0.0433 0.0161 0.0406 0.0059 0.1149 0.0183 0.0214 0.0333 0.0154 0.0065 0.0055 0.0111 0.0053 0.0084 0.0120 0.0350 
      H115.8  1 0.0128 0.6255 0.0084 0.0268 0.0053 0.0254 0.0144 0.0247 0.0224 0.0315 0.0130 0.0114 0.0089 0.0061 0.0077 0.0522 0.0157 0.0376 0.0099 0.0099 0.0303 
      H115.9  1 0.0053 0.8268 0.0062 0.0101 0.0088 0.0036 0.0066 0.0131 0.0095 0.0101 0.0134 0.0071 0.0049 0.0053 0.0050 0.0072 0.0050 0.0226 0.0144 0.0097 0.0055 
      H145.1  1 0.0042 0.0118 0.0070 0.0079 0.0052 0.0035 0.0249 0.0060 0.0070 0.0067 0.0173 0.0052 0.0068 0.8023 0.0082 0.0336 0.0039 0.0118 0.0114 0.0083 0.0071 
      H145.2  1 0.0073 0.0072 0.0062 0.0175 0.0119 0.0034 0.0142 0.0101 0.0057 0.0105 0.1649 0.0048 0.0058 0.6420 0.0118 0.0271 0.0063 0.0099 0.0171 0.0061 0.0101 
      H145.3  1 0.0056 0.0052 0.0055 0.0042 0.0052 0.0137 0.0127 0.0052 0.0115 0.0064 0.0120 0.0058 0.0045 0.7585 0.0055 0.0749 0.0037 0.0370 0.0123 0.0046 0.0060 
      H145.4  1 0.0036 0.0046 0.0037 0.0078 0.0044 0.0034 0.0087 0.0043 0.0038 0.0088 0.0050 0.0044 0.0040 0.8977 0.0044 0.0061 0.0036 0.0066 0.0071 0.0034 0.0047 
      H145.5  1 0.0041 0.0040 0.0056 0.0055 0.0043 0.0082 0.0296 0.0038 0.0087 0.0053 0.0114 0.0056 0.0075 0.6957 0.0041 0.1665 0.0040 0.0099 0.0077 0.0037 0.0048 
      H145.6  1 0.0161 0.0037 0.0033 0.0060 0.0073 0.0096 0.0066 0.0060 0.0068 0.0137 0.0631 0.0037 0.0060 0.7950 0.0090 0.0145 0.0043 0.0057 0.0083 0.0040 0.0072 
      H145.7  1 0.0040 0.0038 0.0035 0.0065 0.0053 0.0102 0.0064 0.0076 0.0041 0.0065 0.0070 0.0038 0.0047 0.8867 0.0063 0.0051 0.0031 0.0099 0.0057 0.0030 0.0068 
      H149.1  1 0.0030 0.0038 0.0031 0.9235 0.0040 0.0028 0.0052 0.0035 0.0042 0.0044 0.0032 0.0043 0.0040 0.0048 0.0035 0.0040 0.0034 0.0047 0.0034 0.0038 0.0034 
      H149.2  1 0.0062 0.0045 0.0067 0.8504 0.0066 0.0036 0.0069 0.0125 0.0046 0.0118 0.0051 0.0048 0.0068 0.0362 0.0062 0.0025 0.0054 0.0036 0.0082 0.0041 0.0034 
      H149.3  1 0.0092 0.0088 0.0211 0.6853 0.0144 0.0094 0.0091 0.0285 0.0064 0.0348 0.0091 0.0178 0.0157 0.0804 0.0073 0.0045 0.0103 0.0089 0.0091 0.0049 0.0050 
      H149.4  1 0.0075 0.0036 0.0054 0.8749 0.0090 0.0034 0.0070 0.0065 0.0047 0.0043 0.0077 0.0059 0.0039 0.0051 0.0151 0.0079 0.0065 0.0055 0.0039 0.0037 0.0087 
      H149.5  1 0.0196 0.0036 0.0154 0.5274 0.0242 0.0088 0.0085 0.1028 0.0048 0.0192 0.0051 0.0142 0.0107 0.1463 0.0355 0.0042 0.0169 0.0079 0.0114 0.0068 0.0070 
      H149.6  1 0.0136 0.0036 0.0083 0.8351 0.0070 0.0041 0.0060 0.0151 0.0043 0.0129 0.0042 0.0071 0.0106 0.0317 0.0067 0.0039 0.0067 0.0038 0.0069 0.0046 0.0038 
      H149.7  1 0.0965 0.0052 0.0132 0.6091 0.0264 0.0077 0.0110 0.0337 0.0084 0.0183 0.0123 0.0137 0.0150 0.0221 0.0404 0.0074 0.0186 0.0139 0.0088 0.0087 0.0097 
      H150.1  1 0.0042 0.8787 0.0050 0.0031 0.0028 0.0055 0.0041 0.0052 0.0045 0.0064 0.0108 0.0040 0.0060 0.0042 0.0066 0.0065 0.0112 0.0064 0.0043 0.0041 0.0164 
      H150.2  1 0.0112 0.7725 0.0105 0.0135 0.0066 0.0080 0.0067 0.0130 0.0068 0.0225 0.0057 0.0077 0.0117 0.0049 0.0046 0.0161 0.0126 0.0051 0.0035 0.0078 0.0489 
      H150.3  1 0.0116 0.8078 0.0062 0.0042 0.0041 0.0124 0.0099 0.0058 0.0072 0.0368 0.0052 0.0074 0.0162 0.0090 0.0053 0.0134 0.0087 0.0064 0.0068 0.0065 0.0093 
      H150.4  1 0.0077 0.8652 0.0059 0.0037 0.0030 0.0086 0.0074 0.0052 0.0047 0.0136 0.0073 0.0035 0.0093 0.0063 0.0055 0.0124 0.0053 0.0062 0.0076 0.0056 0.0059 
      H150.5  1 0.0115 0.7161 0.0167 0.0138 0.0064 0.0114 0.0110 0.0187 0.0094 0.0271 0.0096 0.0159 0.0150 0.0100 0.0069 0.0055 0.0202 0.0053 0.0076 0.0043 0.0575 
      H150.6  1 0.0121 0.3704 0.0177 0.0123 0.0102 0.0591 0.0166 0.0601 0.0073 0.0107 0.0160 0.0369 0.0146 0.0091 0.0080 0.0133 0.1020 0.0041 0.0036 0.0059 0.2099 
      H150.7  1 0.0034 0.8844 0.0046 0.0032 0.0034 0.0043 0.0073 0.0040 0.0065 0.0079 0.0110 0.0044 0.0046 0.0049 0.0063 0.0091 0.0057 0.0063 0.0055 0.0042 0.0090 
   H169607.1  1 0.0213 0.0714 0.1189 0.0082 0.0186 0.0178 0.0324 0.0170 0.0160 0.0168 0.0388 0.2090 0.0117 0.1476 0.0453 0.0226 0.0074 0.0168 0.0154 0.1165 0.0303 
   H169607.2  1 0.0121 0.1023 0.0625 0.0108 0.0183 0.0061 0.0731 0.0094 0.0146 0.0292 0.0113 0.0501 0.0062 0.1398 0.0388 0.0047 0.0092 0.0475 0.2685 0.0242 0.0613 
   H169607.3  1 0.0420 0.0255 0.0759 0.0059 0.0286 0.0218 0.0226 0.0630 0.0190 0.0163 0.0663 0.0744 0.0091 0.2508 0.1342 0.0114 0.0079 0.0328 0.0570 0.0147 0.0210 
   H169607.4  1 0.0110 0.0130 0.0723 0.0057 0.0074 0.0063 0.2998 0.0070 0.0186 0.0095 0.0412 0.0362 0.0066 0.2512 0.0667 0.0060 0.0081 0.0077 0.1023 0.0149 0.0085 
   H169607.5  1 0.0107 0.2002 0.1237 0.0126 0.0226 0.0071 0.0259 0.0669 0.0104 0.0140 0.0242 0.0313 0.0060 0.0905 0.0167 0.0085 0.0059 0.0376 0.1647 0.0124 0.1082 
   H169607.6  1 0.0091 0.0394 0.0589 0.0072 0.0215 0.0112 0.0615 0.0097 0.0106 0.0109 0.0125 0.0663 0.0057 0.0961 0.0435 0.0036 0.0113 0.0243 0.4358 0.0238 0.0373 
   H169607.7  1 0.0072 0.0406 0.0468 0.0107 0.0260 0.0122 0.0172 0.0074 0.0093 0.0222 0.0096 0.1166 0.0046 0.0414 0.0560 0.0059 0.0194 0.0607 0.0998 0.0356 0.3508 
   H169607.8  1 0.0122 0.0137 0.0924 0.0049 0.0089 0.0092 0.1540 0.0092 0.0170 0.0126 0.0254 0.0662 0.0043 0.0563 0.0608 0.0043 0.0050 0.0132 0.4090 0.0136 0.0080 
   H169633.1  1 0.0109 0.0132 0.0049 0.6955 0.0060 0.0246 0.0076 0.0103 0.0601 0.0162 0.0083 0.0154 0.0201 0.0313 0.0063 0.0232 0.0183 0.0064 0.0063 0.0114 0.0040 
   H169633.2  1 0.0638 0.0049 0.0038 0.6584 0.0200 0.0145 0.0067 0.0058 0.0143 0.0274 0.0052 0.0410 0.0140 0.0151 0.0067 0.0095 0.0162 0.0126 0.0038 0.0441 0.0120 
   H169633.3  1 0.0070 0.0112 0.0080 0.7807 0.0120 0.0097 0.0088 0.0088 0.0122 0.0110 0.0038 0.0076 0.0389 0.0125 0.0048 0.0068 0.0236 0.0149 0.0050 0.0089 0.0038 
   H169633.4  1 0.0042 0.0140 0.0056 0.7851 0.0103 0.0143 0.0131 0.0136 0.0080 0.0161 0.0129 0.0062 0.0105 0.0131 0.0076 0.0158 0.0217 0.0080 0.0076 0.0075 0.0047 
   H169633.5  1 0.0044 0.0140 0.0057 0.7928 0.0091 0.0116 0.0082 0.0166 0.0074 0.0115 0.0142 0.0046 0.0114 0.0135 0.0072 0.0189 0.0223 0.0087 0.0069 0.0064 0.0047 
   H169688.1  1 0.2630 0.0192 0.0074 0.0162 0.0361 0.0654 0.0275 0.0066 0.0993 0.0065 0.0043 0.2008 0.0073 0.1300 0.0063 0.0053 0.0047 0.0117 0.0587 0.0085 0.0151 
   H169688.2  1 0.2706 0.0160 0.0067 0.0071 0.0139 0.0205 0.0071 0.0079 0.2108 0.0056 0.0036 0.2844 0.0090 0.0214 0.0111 0.0113 0.0125 0.0095 0.0127 0.0051 0.0531 
   H169688.3  1 0.2049 0.0267 0.0052 0.0206 0.0048 0.0186 0.0086 0.0122 0.2278 0.0094 0.0052 0.2212 0.0094 0.0480 0.0258 0.0046 0.0118 0.0044 0.0087 0.0084 0.1138 
   H169688.4  1 0.0309 0.2182 0.0053 0.0100 0.0069 0.0162 0.0067 0.0113 0.4415 0.0080 0.0103 0.0452 0.0058 0.0142 0.0066 0.0175 0.0116 0.0072 0.0052 0.0062 0.1156 
   H169688.5  1 0.0307 0.2417 0.0054 0.0094 0.0087 0.0177 0.0089 0.0082 0.4208 0.0058 0.0112 0.0553 0.0053 0.0148 0.0071 0.0141 0.0120 0.0062 0.0080 0.0048 0.1039 
   H169688.6  1 0.1683 0.0355 0.0050 0.0152 0.1259 0.0166 0.0068 0.0064 0.1375 0.0045 0.0094 0.2012 0.0047 0.0490 0.0074 0.0527 0.0224 0.0057 0.0201 0.0056 0.1001 
   H169688.7  1 0.0810 0.0270 0.0050 0.0169 0.0072 0.0180 0.0155 0.0085 0.3440 0.0081 0.0107 0.1407 0.0104 0.0926 0.0241 0.0100 0.0075 0.0076 0.0068 0.0081 0.1504 
   H171901.1  1 0.1792 0.0359 0.0115 0.0124 0.0080 0.0196 0.0134 0.0149 0.0142 0.1902 0.0742 0.0110 0.0497 0.0844 0.0571 0.0555 0.0122 0.0082 0.0176 0.0139 0.1168 
   H171901.2  1 0.0058 0.0087 0.0078 0.8144 0.0044 0.0046 0.0184 0.0063 0.0251 0.0085 0.0078 0.0062 0.0083 0.0096 0.0065 0.0054 0.0091 0.0086 0.0150 0.0049 0.0143 
   H171901.3  1 0.0436 0.0134 0.0064 0.6667 0.0115 0.0161 0.0156 0.0143 0.0888 0.0080 0.0193 0.0112 0.0078 0.0114 0.0088 0.0053 0.0068 0.0058 0.0077 0.0056 0.0259 
   H171901.4  1 0.0068 0.0069 0.0130 0.7885 0.0062 0.0069 0.0111 0.0063 0.0256 0.0062 0.0118 0.0086 0.0056 0.0079 0.0087 0.0063 0.0154 0.0081 0.0086 0.0071 0.0343 
   H171901.5  1 0.0144 0.0105 0.0219 0.6952 0.0082 0.0050 0.0434 0.0104 0.0284 0.0056 0.0205 0.0155 0.0095 0.0155 0.0127 0.0061 0.0154 0.0087 0.0079 0.0080 0.0370 
   H171901.6  1 0.0186 0.0242 0.0362 0.4965 0.0105 0.0044 0.1192 0.0100 0.0440 0.0076 0.0251 0.0142 0.0106 0.0544 0.0122 0.0049 0.0398 0.0093 0.0131 0.0142 0.0311 
   H171901.7  1 0.0234 0.0273 0.0067 0.5886 0.0291 0.0082 0.0279 0.0158 0.0651 0.0059 0.0084 0.0126 0.0128 0.0461 0.0106 0.0058 0.0094 0.0185 0.0119 0.0063 0.0596 
   H171902.1  1 0.0100 0.0210 0.0128 0.0069 0.0199 0.0098 0.6627 0.0040 0.0283 0.0048 0.0190 0.0480 0.0088 0.0154 0.0067 0.0627 0.0059 0.0126 0.0085 0.0216 0.0104 
  H171902.10  1 0.0045 0.0097 0.0053 0.0149 0.0083 0.0085 0.8069 0.0034 0.0055 0.0053 0.0095 0.0592 0.0055 0.0066 0.0050 0.0090 0.0044 0.0044 0.0098 0.0063 0.0079 
   H171902.2  1 0.0472 0.0193 0.0200 0.0154 0.0317 0.0693 0.3207 0.0052 0.0966 0.0088 0.0116 0.1211 0.0121 0.0173 0.0141 0.0525 0.0297 0.0683 0.0105 0.0191 0.0095 
   H171902.3  1 0.0110 0.0326 0.0181 0.0769 0.0154 0.0105 0.5928 0.0062 0.0213 0.0085 0.0094 0.0723 0.0081 0.0108 0.0191 0.0138 0.0099 0.0120 0.0134 0.0197 0.0182 
   H171902.4  1 0.0075 0.0099 0.0042 0.0645 0.0045 0.0058 0.7569 0.0044 0.0180 0.0153 0.0069 0.0221 0.0062 0.0109 0.0033 0.0273 0.0080 0.0093 0.0072 0.0043 0.0034 
   H171902.6  1 0.0043 0.0118 0.0049 0.0106 0.0061 0.0063 0.8394 0.0037 0.0043 0.0049 0.0097 0.0403 0.0064 0.0068 0.0059 0.0083 0.0027 0.0051 0.0078 0.0053 0.0054 
   H171902.7  1 0.0100 0.0095 0.0173 0.0257 0.0087 0.0048 0.7332 0.0046 0.0074 0.0122 0.0154 0.0276 0.0061 0.0267 0.0097 0.0349 0.0069 0.0046 0.0147 0.0084 0.0115 
   H171902.8  1 0.0060 0.0207 0.0090 0.0149 0.0114 0.0104 0.7802 0.0057 0.0057 0.0052 0.0120 0.0359 0.0073 0.0095 0.0136 0.0137 0.0046 0.0056 0.0083 0.0099 0.0108 
   H171902.9  1 0.0076 0.0742 0.0057 0.0088 0.0055 0.0056 0.6963 0.0044 0.0209 0.0172 0.0295 0.0170 0.0080 0.0105 0.0058 0.0367 0.0102 0.0126 0.0125 0.0051 0.0058 
   H171903.1  1 0.0074 0.0636 0.0352 0.0132 0.0112 0.0044 0.0081 0.0091 0.0128 0.0102 0.0112 0.0105 0.0051 0.0183 0.0054 0.0055 0.0123 0.0176 0.5973 0.0229 0.1188 
   H171903.2  1 0.0153 0.0336 0.0287 0.0078 0.0235 0.0059 0.0120 0.0290 0.0381 0.0073 0.0182 0.0112 0.0076 0.0124 0.0452 0.0156 0.0189 0.0520 0.5333 0.0232 0.0612 
   H171903.3  1 0.0257 0.0403 0.0420 0.0189 0.0423 0.0072 0.0560 0.0971 0.0365 0.0185 0.0270 0.0195 0.0333 0.0227 0.0327 0.0135 0.0116 0.0268 0.1865 0.0775 0.1644 
   H171903.4  1 0.3812 0.0283 0.0238 0.0095 0.0074 0.0173 0.0328 0.0101 0.0185 0.0228 0.0911 0.0226 0.0246 0.1706 0.0101 0.0070 0.0126 0.0066 0.0504 0.0064 0.0466 
   H171903.5  1 0.0235 0.0564 0.0303 0.0405 0.0187 0.0089 0.0144 0.1291 0.0582 0.0073 0.0099 0.0353 0.0165 0.0198 0.2213 0.0109 0.0142 0.0279 0.0573 0.0950 0.1045 
   H171903.6  1 0.0258 0.0586 0.1057 0.0817 0.0208 0.0118 0.0146 0.0455 0.0809 0.0074 0.0426 0.0469 0.0074 0.0436 0.0441 0.0039 0.0094 0.0168 0.1428 0.0071 0.1828 
      H177.1  1 0.2485 0.0265 0.0212 0.2378 0.0721 0.0050 0.1820 0.0168 0.0150 0.0072 0.0164 0.0244 0.0091 0.0264 0.0083 0.0155 0.0051 0.0079 0.0246 0.0057 0.0244 
      H177.2  1 0.0112 0.0133 0.2055 0.1396 0.0399 0.0138 0.0825 0.0478 0.0510 0.0119 0.0217 0.1085 0.0114 0.0413 0.0539 0.0192 0.0062 0.0583 0.0224 0.0101 0.0304 
      H177.3  1 0.0097 0.0187 0.0560 0.3170 0.0642 0.0049 0.1140 0.0273 0.0232 0.0086 0.0931 0.0612 0.0263 0.0471 0.0483 0.0172 0.0050 0.0115 0.0190 0.0065 0.0212 
      H177.4  1 0.1546 0.0067 0.0311 0.0782 0.4536 0.0043 0.0338 0.0120 0.0098 0.0064 0.0185 0.0393 0.0082 0.0631 0.0072 0.0118 0.0117 0.0094 0.0263 0.0055 0.0087 
      H177.5  1 0.5146 0.0135 0.0769 0.0324 0.0204 0.0121 0.0329 0.0321 0.0455 0.0060 0.0154 0.0345 0.0102 0.0269 0.0154 0.0083 0.0210 0.0175 0.0248 0.0041 0.0355 
      H177.6  1 0.0113 0.0219 0.0249 0.5252 0.0333 0.0039 0.0658 0.0098 0.0222 0.0082 0.0943 0.0286 0.0198 0.0181 0.0359 0.0165 0.0056 0.0094 0.0145 0.0073 0.0235 
      H179.1  1 0.0303 0.0103 0.0243 0.0124 0.6498 0.0063 0.0083 0.0084 0.0200 0.0177 0.0133 0.0266 0.0103 0.0065 0.0703 0.0054 0.0130 0.0071 0.0044 0.0402 0.0148 
      H179.2  1 0.0135 0.0104 0.0152 0.0055 0.7866 0.0053 0.0068 0.0088 0.0106 0.0116 0.0078 0.0156 0.0080 0.0057 0.0150 0.0038 0.0073 0.0082 0.0057 0.0301 0.0182 
      H179.3  1 0.0814 0.0292 0.0091 0.0063 0.4621 0.0149 0.0085 0.0285 0.0984 0.0155 0.0165 0.0399 0.0095 0.0071 0.0448 0.0067 0.0129 0.0288 0.0177 0.0257 0.0364 
      H179.4  1 0.0170 0.0053 0.0122 0.0082 0.8089 0.0083 0.0076 0.0100 0.0146 0.0075 0.0076 0.0093 0.0091 0.0123 0.0149 0.0034 0.0057 0.0115 0.0062 0.0091 0.0114 
      H180.1  1 0.0077 0.0460 0.0065 0.0081 0.0169 0.0257 0.0155 0.0202 0.0150 0.0092 0.0063 0.0129 0.0086 0.0036 0.0063 0.0167 0.0171 0.0058 0.0073 0.0254 0.7192 
      H180.2  1 0.0104 0.0955 0.0133 0.0097 0.0237 0.0384 0.0151 0.0111 0.0265 0.0118 0.0186 0.0070 0.0048 0.0048 0.0048 0.0155 0.0420 0.0074 0.0103 0.0074 0.6220 
      H180.3  1 0.0061 0.3366 0.0090 0.0061 0.0103 0.0075 0.0067 0.0359 0.0072 0.0061 0.0282 0.0066 0.0092 0.0061 0.0061 0.0144 0.0209 0.0436 0.0146 0.0867 0.3322 
      H180.4  1 0.0139 0.0411 0.0089 0.0252 0.0170 0.0260 0.0336 0.0256 0.0284 0.0132 0.0083 0.0237 0.0318 0.0064 0.0113 0.0277 0.1887 0.0117 0.0083 0.0060 0.4433 
      H180.5  1 0.0193 0.0547 0.0359 0.0138 0.0244 0.0395 0.0225 0.0145 0.0510 0.0128 0.0074 0.0233 0.0154 0.0075 0.0045 0.0292 0.0262 0.0292 0.0146 0.0076 0.5468 
      H180.6  1 0.0067 0.0429 0.0121 0.0207 0.0071 0.0284 0.0083 0.0103 0.0182 0.0094 0.0156 0.0114 0.0545 0.0144 0.0076 0.0442 0.0196 0.5234 0.0100 0.0092 0.1260 
      H181.1  1 0.0072 0.0096 0.0175 0.2125 0.0761 0.2325 0.0389 0.1696 0.0158 0.0050 0.0068 0.0520 0.0091 0.0122 0.0374 0.0116 0.0074 0.0080 0.0558 0.0087 0.0064 
      H181.2  1 0.0190 0.0120 0.0199 0.0783 0.1839 0.1888 0.2018 0.0257 0.0136 0.0165 0.0061 0.0681 0.0209 0.0347 0.0099 0.0206 0.0130 0.0091 0.0281 0.0130 0.0168 
      H181.3  1 0.0094 0.0054 0.0369 0.0812 0.1120 0.3291 0.1041 0.0079 0.0497 0.0127 0.0070 0.1510 0.0090 0.0179 0.0064 0.0123 0.0068 0.0095 0.0160 0.0050 0.0107 
      H181.4  1 0.0112 0.0734 0.0621 0.1445 0.0450 0.0579 0.0523 0.3199 0.0144 0.0162 0.0149 0.0229 0.0202 0.0373 0.0191 0.0040 0.0088 0.0170 0.0279 0.0075 0.0233 
      H181.5  1 0.0306 0.0080 0.0191 0.0187 0.4769 0.1723 0.0224 0.0119 0.0149 0.0331 0.0059 0.0457 0.0308 0.0103 0.0297 0.0140 0.0130 0.0110 0.0086 0.0146 0.0086 
      H181.6  1 0.0168 0.0283 0.0172 0.0152 0.5685 0.0184 0.0503 0.0246 0.0158 0.0167 0.0103 0.0195 0.0182 0.0104 0.0252 0.0065 0.0484 0.0091 0.0157 0.0443 0.0207 
      H181.7  1 0.0063 0.0210 0.0073 0.0460 0.5483 0.0524 0.0108 0.0245 0.0411 0.0109 0.0063 0.0484 0.0053 0.0124 0.0875 0.0088 0.0113 0.0205 0.0123 0.0082 0.0105 
 H194.1_2004  1 0.0082 0.0317 0.0073 0.0179 0.0070 0.0045 0.0265 0.0072 0.0225 0.0062 0.0064 0.0051 0.0246 0.7380 0.0058 0.0058 0.0078 0.0136 0.0161 0.0094 0.0286 
 H194.2_2004  1 0.0584 0.0085 0.0053 0.0070 0.0036 0.0052 0.0236 0.0091 0.0069 0.0100 0.0067 0.0039 0.0227 0.7686 0.0062 0.0078 0.0035 0.0039 0.0210 0.0047 0.0136 
 H194.3_2004  1 0.0133 0.0081 0.0059 0.0431 0.0176 0.0032 0.0379 0.0063 0.0076 0.0055 0.0063 0.0076 0.0132 0.7755 0.0071 0.0064 0.0058 0.0066 0.0089 0.0074 0.0069 
 H194.4_2004  1 0.0358 0.0063 0.0046 0.0119 0.0066 0.0043 0.0128 0.0053 0.0050 0.0046 0.0052 0.0053 0.0081 0.8356 0.0038 0.0060 0.0041 0.0056 0.0208 0.0042 0.0040 
 H194.5_2004  1 0.0150 0.0108 0.0102 0.0357 0.0219 0.0046 0.0179 0.0081 0.0075 0.0061 0.0083 0.0058 0.0144 0.7729 0.0088 0.0046 0.0078 0.0122 0.0065 0.0086 0.0123 
 H194.6_2004  1 0.1847 0.0212 0.0118 0.1223 0.0649 0.0061 0.0500 0.0086 0.0118 0.0082 0.0127 0.0131 0.0362 0.3685 0.0070 0.0057 0.0067 0.0161 0.0206 0.0110 0.0128 
 H194.7_2004  1 0.0133 0.0120 0.0115 0.0073 0.0064 0.0069 0.0057 0.0103 0.0064 0.0095 0.0035 0.0045 0.0072 0.7494 0.0063 0.0058 0.0081 0.0404 0.0729 0.0044 0.0082 
 H194.8_2004  1 0.1044 0.0122 0.0070 0.0274 0.0170 0.0075 0.0211 0.0081 0.0055 0.0094 0.0083 0.0064 0.0162 0.6861 0.0072 0.0067 0.0061 0.0120 0.0151 0.0060 0.0103 
      H194.9  1 0.0122 0.0166 0.0098 0.0063 0.0061 0.0086 0.0093 0.0073 0.0091 0.0070 0.0059 0.0051 0.0123 0.7985 0.0049 0.0068 0.0066 0.0399 0.0155 0.0049 0.0074 
 H195.1_2003  1 0.0113 0.0040 0.0060 0.0099 0.0075 0.0053 0.0069 0.0049 0.0089 0.0039 0.0049 0.0042 0.0065 0.8610 0.0073 0.0039 0.0154 0.0044 0.0077 0.0083 0.0078 
 H195.1_2004  1 0.0049 0.0049 0.0046 0.0145 0.0058 0.0277 0.0107 0.0071 0.0066 0.0069 0.0087 0.0217 0.0157 0.8187 0.0056 0.0101 0.0072 0.0042 0.0059 0.0026 0.0059 
 H195.2_2003  1 0.0058 0.0093 0.0100 0.0046 0.0067 0.0057 0.0130 0.0035 0.0671 0.0045 0.0097 0.0052 0.0045 0.7882 0.0054 0.0046 0.0126 0.0085 0.0136 0.0098 0.0079 
 H195.2_2004  1 0.0051 0.0037 0.0062 0.0056 0.0041 0.0050 0.0042 0.0032 0.0045 0.0045 0.0035 0.0039 0.0049 0.9075 0.0042 0.0077 0.0057 0.0043 0.0042 0.0034 0.0043 
 H195.3_2003  1 0.0132 0.0257 0.0196 0.0051 0.0042 0.0068 0.0058 0.0050 0.0503 0.0068 0.0107 0.0091 0.0057 0.7452 0.0074 0.0058 0.0262 0.0096 0.0188 0.0046 0.0143 
 H195.3_2004  1 0.0038 0.0029 0.0039 0.0151 0.0039 0.0065 0.0106 0.0048 0.0061 0.0047 0.0042 0.0065 0.0058 0.8885 0.0026 0.0057 0.0057 0.0034 0.0084 0.0035 0.0036 
 H195.4_2003  1 0.0048 0.0038 0.0056 0.0064 0.0038 0.0037 0.0069 0.0044 0.0071 0.0047 0.0052 0.0040 0.0089 0.8921 0.0050 0.0029 0.0068 0.0045 0.0067 0.0072 0.0056 
 H195.4_2004  1 0.0078 0.0037 0.0038 0.0044 0.0054 0.0178 0.0046 0.0042 0.0103 0.0042 0.0047 0.0049 0.0056 0.8857 0.0035 0.0042 0.0042 0.0060 0.0070 0.0037 0.0042 
 H195.5_2003  1 0.0114 0.0077 0.0064 0.0075 0.0070 0.0136 0.0128 0.0071 0.0133 0.0062 0.0085 0.0085 0.0158 0.7136 0.0075 0.0035 0.1116 0.0057 0.0075 0.0059 0.0189 
 H195.5_2004  1 0.0036 0.0045 0.0040 0.0071 0.0061 0.0143 0.0082 0.0056 0.0062 0.0049 0.0067 0.0126 0.0077 0.8679 0.0041 0.0076 0.0088 0.0053 0.0083 0.0029 0.0036 
 H195.6_2003  1 0.0049 0.0103 0.0081 0.0037 0.0035 0.0063 0.0070 0.0038 0.0224 0.0047 0.0064 0.0054 0.0046 0.8529 0.0028 0.0046 0.0165 0.0036 0.0168 0.0045 0.0074 
 H195.6_2004  1 0.0044 0.0033 0.0043 0.0054 0.0063 0.0044 0.0050 0.0033 0.0035 0.0033 0.0040 0.0046 0.0054 0.9065 0.0043 0.0063 0.0052 0.0043 0.0087 0.0041 0.0034 
 H195.7_2003  1 0.0125 0.0038 0.0061 0.0062 0.0060 0.0055 0.0061 0.0052 0.0096 0.0039 0.0049 0.0055 0.0046 0.8801 0.0079 0.0031 0.0060 0.0057 0.0058 0.0054 0.0059 
 H195.7_2004  1 0.0049 0.0083 0.0040 0.0052 0.0051 0.0164 0.0062 0.0058 0.0101 0.0048 0.0058 0.0146 0.0091 0.8482 0.0046 0.0235 0.0068 0.0041 0.0040 0.0025 0.0059 
      H195.8  1 0.0046 0.0075 0.0042 0.0036 0.0048 0.0404 0.0059 0.0068 0.0094 0.0051 0.0078 0.0110 0.0107 0.8411 0.0040 0.0052 0.0052 0.0060 0.0077 0.0033 0.0057 
      H195.9  1 0.0058 0.0038 0.0066 0.0085 0.0058 0.0075 0.0068 0.0049 0.0091 0.0047 0.0049 0.0075 0.0048 0.8785 0.0044 0.0046 0.0040 0.0071 0.0127 0.0030 0.0050 
      H415.1  1 0.0171 0.1390 0.0053 0.0952 0.0060 0.0071 0.0469 0.0103 0.0099 0.0199 0.0070 0.0074 0.0128 0.0396 0.0062 0.0793 0.0092 0.0245 0.0059 0.4371 0.0141 
      H415.2  1 0.0093 0.0230 0.0099 0.0144 0.0159 0.0026 0.7281 0.0082 0.0191 0.0095 0.0140 0.0089 0.0075 0.0082 0.0110 0.0107 0.0076 0.0058 0.0045 0.0702 0.0116 
      H415.3  1 0.0087 0.0075 0.0184 0.0857 0.0144 0.0038 0.0517 0.0114 0.0084 0.0113 0.0055 0.0135 0.0136 0.0102 0.0111 0.0093 0.0065 0.0053 0.0031 0.6731 0.0275 
      H415.4  1 0.0079 0.0794 0.0082 0.0229 0.0059 0.0093 0.0273 0.0103 0.0050 0.0249 0.0082 0.0055 0.0260 0.0177 0.0068 0.0165 0.0100 0.0240 0.0049 0.6710 0.0082 
      H415.5  1 0.0102 0.0064 0.0105 0.1254 0.0123 0.0042 0.0586 0.0104 0.0073 0.0082 0.0056 0.0089 0.0185 0.0172 0.0154 0.0096 0.0055 0.0053 0.0038 0.6340 0.0227 
      H415.6  1 0.0093 0.0716 0.0089 0.0211 0.0072 0.0075 0.0364 0.0128 0.0048 0.0277 0.0092 0.0064 0.0249 0.0247 0.0067 0.0197 0.0097 0.0239 0.0040 0.6544 0.0091 
      H415.7  1 0.0104 0.0119 0.0460 0.0585 0.0172 0.0041 0.2655 0.0069 0.0480 0.0101 0.0254 0.0519 0.0145 0.0365 0.0139 0.0171 0.0069 0.0081 0.0041 0.3286 0.0145 
      H506.1  1 0.0046 0.0029 0.0063 0.0056 0.9010 0.0051 0.0045 0.0040 0.0043 0.0062 0.0035 0.0055 0.0038 0.0038 0.0065 0.0051 0.0076 0.0043 0.0030 0.0081 0.0044 
      H506.2  1 0.0042 0.0031 0.0104 0.0184 0.8446 0.0034 0.0101 0.0055 0.0051 0.0061 0.0053 0.0120 0.0080 0.0135 0.0124 0.0090 0.0064 0.0055 0.0037 0.0089 0.0045 
      H506.3  1 0.0083 0.0048 0.0207 0.0114 0.6487 0.0211 0.0098 0.0083 0.0188 0.0101 0.0061 0.1128 0.0053 0.0069 0.0063 0.0485 0.0123 0.0087 0.0054 0.0180 0.0077 
      H506.4  1 0.0055 0.0045 0.0136 0.0053 0.8703 0.0065 0.0037 0.0054 0.0070 0.0055 0.0056 0.0066 0.0040 0.0037 0.0069 0.0078 0.0094 0.0058 0.0054 0.0130 0.0047 
      H506.5  1 0.0048 0.0028 0.0095 0.0096 0.8762 0.0048 0.0082 0.0043 0.0077 0.0039 0.0055 0.0098 0.0035 0.0060 0.0060 0.0078 0.0071 0.0042 0.0044 0.0099 0.0039 
      H506.6  1 0.0199 0.0052 0.0438 0.0086 0.3053 0.0133 0.0104 0.0224 0.1564 0.0077 0.0760 0.1946 0.0051 0.0131 0.0200 0.0497 0.0090 0.0078 0.0107 0.0126 0.0087 
      H506.7  1 0.0055 0.0030 0.0085 0.0100 0.8789 0.0051 0.0065 0.0041 0.0072 0.0060 0.0042 0.0096 0.0039 0.0056 0.0056 0.0063 0.0074 0.0048 0.0046 0.0089 0.0041 
      H533.1  1 0.0033 0.0034 0.0040 0.0196 0.7813 0.0080 0.0051 0.0076 0.0041 0.0043 0.0061 0.0136 0.0043 0.0044 0.0775 0.0159 0.0066 0.0053 0.0033 0.0095 0.0128 
      H533.2  1 0.0037 0.0035 0.0041 0.0377 0.7695 0.0069 0.0064 0.0071 0.0050 0.0045 0.0064 0.0144 0.0046 0.0048 0.0521 0.0340 0.0061 0.0053 0.0031 0.0112 0.0095 
      H533.3  1 0.0045 0.0049 0.0081 0.0142 0.8099 0.0043 0.0056 0.0298 0.0067 0.0052 0.0113 0.0095 0.0037 0.0040 0.0264 0.0055 0.0036 0.0068 0.0075 0.0096 0.0187 
      H533.4  1 0.0058 0.0062 0.0057 0.0381 0.7523 0.0066 0.0079 0.0154 0.0093 0.0095 0.0221 0.0114 0.0060 0.0138 0.0103 0.0189 0.0043 0.0071 0.0068 0.0104 0.0324 
      H535.1  1 0.0079 0.0116 0.0090 0.0067 0.8442 0.0032 0.0156 0.0047 0.0056 0.0039 0.0135 0.0056 0.0178 0.0071 0.0064 0.0044 0.0049 0.0046 0.0113 0.0055 0.0064 
      H535.2  1 0.0060 0.0033 0.0058 0.0067 0.8886 0.0068 0.0051 0.0076 0.0050 0.0044 0.0045 0.0056 0.0048 0.0091 0.0046 0.0030 0.0073 0.0077 0.0070 0.0035 0.0034 
      H535.3  1 0.0052 0.0045 0.0058 0.0035 0.8857 0.0134 0.0041 0.0060 0.0041 0.0042 0.0067 0.0052 0.0062 0.0078 0.0046 0.0041 0.0096 0.0066 0.0061 0.0030 0.0034 
      H535.4  1 0.0029 0.0045 0.0039 0.0082 0.9063 0.0055 0.0041 0.0043 0.0041 0.0046 0.0032 0.0039 0.0051 0.0094 0.0028 0.0025 0.0056 0.0041 0.0037 0.0059 0.0054 
      H535.5  1 0.0051 0.0050 0.0063 0.0078 0.9030 0.0039 0.0051 0.0041 0.0041 0.0033 0.0041 0.0046 0.0057 0.0055 0.0038 0.0034 0.0037 0.0041 0.0052 0.0056 0.0065 
      H535.6  1 0.0296 0.0237 0.0106 0.0041 0.7660 0.0051 0.0153 0.0071 0.0065 0.0055 0.0173 0.0088 0.0376 0.0175 0.0073 0.0040 0.0038 0.0050 0.0168 0.0041 0.0042 
      H535.7  1 0.0043 0.0040 0.0039 0.0052 0.9214 0.0033 0.0034 0.0037 0.0041 0.0029 0.0038 0.0040 0.0031 0.0036 0.0039 0.0034 0.0050 0.0038 0.0045 0.0046 0.0041 
      H535.8  1 0.0091 0.0062 0.0051 0.0042 0.9007 0.0049 0.0044 0.0036 0.0046 0.0042 0.0068 0.0036 0.0052 0.0065 0.0044 0.0041 0.0047 0.0042 0.0042 0.0050 0.0046 
      H535.9  1 0.0043 0.0097 0.0065 0.0057 0.8754 0.0052 0.0066 0.0046 0.0046 0.0041 0.0118 0.0046 0.0073 0.0062 0.0046 0.0044 0.0098 0.0041 0.0100 0.0038 0.0067 
      H539.1  1 0.0042 0.9106 0.0048 0.0035 0.0030 0.0027 0.0047 0.0033 0.0054 0.0036 0.0119 0.0028 0.0040 0.0039 0.0038 0.0050 0.0032 0.0048 0.0067 0.0050 0.0031 
      H539.2  1 0.0188 0.6390 0.0082 0.0046 0.0103 0.0256 0.0126 0.0202 0.0216 0.0054 0.0068 0.0623 0.0054 0.0062 0.0060 0.0137 0.0086 0.0113 0.0184 0.0103 0.0848 
      H539.3  1 0.0121 0.8335 0.0050 0.0040 0.0082 0.0062 0.0081 0.0047 0.0144 0.0054 0.0072 0.0077 0.0069 0.0118 0.0045 0.0086 0.0053 0.0066 0.0275 0.0029 0.0096 
      H539.4  1 0.0061 0.8338 0.0059 0.0039 0.0037 0.0049 0.0065 0.0095 0.0305 0.0044 0.0117 0.0125 0.0039 0.0039 0.0072 0.0168 0.0070 0.0074 0.0052 0.0062 0.0088 
      H539.5  1 0.0031 0.9164 0.0063 0.0035 0.0037 0.0025 0.0045 0.0031 0.0031 0.0050 0.0059 0.0037 0.0046 0.0030 0.0029 0.0046 0.0027 0.0069 0.0070 0.0036 0.0038 
      H539.6  1 0.0042 0.9089 0.0045 0.0032 0.0033 0.0046 0.0039 0.0037 0.0037 0.0053 0.0062 0.0035 0.0037 0.0044 0.0037 0.0050 0.0025 0.0092 0.0052 0.0040 0.0071 
      H539.7  1 0.0038 0.9186 0.0037 0.0035 0.0033 0.0027 0.0031 0.0041 0.0057 0.0046 0.0056 0.0045 0.0050 0.0035 0.0036 0.0047 0.0036 0.0040 0.0043 0.0035 0.0046 
      H539.8  1 0.0181 0.8213 0.0070 0.0046 0.0167 0.0107 0.0069 0.0077 0.0165 0.0069 0.0045 0.0059 0.0091 0.0086 0.0048 0.0147 0.0125 0.0051 0.0068 0.0050 0.0064 
      H539.9  1 0.0043 0.8783 0.0058 0.0035 0.0032 0.0050 0.0050 0.0075 0.0160 0.0049 0.0076 0.0068 0.0029 0.0037 0.0061 0.0091 0.0042 0.0077 0.0066 0.0048 0.0070 
      H540.1  1 0.0056 0.7970 0.0275 0.0065 0.0077 0.0061 0.0121 0.0120 0.0095 0.0077 0.0135 0.0171 0.0057 0.0095 0.0105 0.0106 0.0046 0.0079 0.0105 0.0041 0.0145 
      H540.2  1 0.0048 0.8870 0.0074 0.0049 0.0040 0.0025 0.0118 0.0078 0.0051 0.0076 0.0064 0.0042 0.0061 0.0052 0.0070 0.0030 0.0036 0.0037 0.0067 0.0047 0.0065 
      H540.3  1 0.0281 0.3247 0.0245 0.0131 0.0051 0.0094 0.0340 0.0309 0.0300 0.0152 0.0484 0.0437 0.0795 0.0110 0.0166 0.2529 0.0063 0.0049 0.0056 0.0108 0.0054 
      H540.4  1 0.0073 0.8672 0.0113 0.0038 0.0086 0.0047 0.0076 0.0086 0.0056 0.0068 0.0047 0.0119 0.0080 0.0054 0.0120 0.0038 0.0040 0.0036 0.0052 0.0036 0.0063 
      H540.5  1 0.0108 0.8072 0.0124 0.0092 0.0048 0.0084 0.0183 0.0067 0.0155 0.0092 0.0082 0.0128 0.0083 0.0055 0.0133 0.0165 0.0046 0.0061 0.0089 0.0063 0.0071 
      H540.6  1 0.0076 0.7110 0.0274 0.0112 0.0077 0.0230 0.0210 0.0180 0.0128 0.0164 0.0107 0.0404 0.0092 0.0064 0.0167 0.0115 0.0054 0.0128 0.0140 0.0082 0.0085 
      H540.7  1 0.0045 0.8628 0.0087 0.0126 0.0067 0.0047 0.0103 0.0085 0.0049 0.0065 0.0050 0.0062 0.0070 0.0061 0.0075 0.0040 0.0063 0.0072 0.0060 0.0063 0.0080 
      H540.8  1 0.0060 0.8543 0.0079 0.0109 0.0055 0.0029 0.0164 0.0119 0.0068 0.0043 0.0068 0.0058 0.0077 0.0073 0.0097 0.0049 0.0037 0.0045 0.0054 0.0046 0.0126 
     H9558.1  1 0.0054 0.8542 0.0041 0.0033 0.0090 0.0041 0.0082 0.0032 0.0076 0.0038 0.0293 0.0066 0.0062 0.0051 0.0102 0.0081 0.0054 0.0044 0.0075 0.0075 0.0068 
     H9558.2  1 0.0110 0.7822 0.0095 0.0037 0.0131 0.0074 0.0129 0.0046 0.0119 0.0084 0.0307 0.0107 0.0047 0.0070 0.0169 0.0120 0.0135 0.0150 0.0098 0.0093 0.0056 
     H9558.3  1 0.0061 0.8394 0.0093 0.0045 0.0117 0.0057 0.0059 0.0065 0.0079 0.0108 0.0059 0.0042 0.0052 0.0055 0.0111 0.0092 0.0112 0.0106 0.0145 0.0091 0.0058 
     H9558.4  1 0.0041 0.8702 0.0052 0.0032 0.0067 0.0040 0.0076 0.0037 0.0062 0.0029 0.0152 0.0077 0.0048 0.0036 0.0123 0.0096 0.0064 0.0048 0.0058 0.0073 0.0086 
     H9558.5  1 0.0070 0.8517 0.0059 0.0039 0.0046 0.0054 0.0078 0.0082 0.0137 0.0055 0.0071 0.0116 0.0042 0.0031 0.0059 0.0219 0.0103 0.0037 0.0044 0.0086 0.0056 
     H9558.6  1 0.0070 0.7458 0.0110 0.0045 0.0073 0.0036 0.0126 0.0431 0.0059 0.0117 0.0198 0.0074 0.0109 0.0066 0.0102 0.0075 0.0095 0.0571 0.0065 0.0068 0.0051 
    kos339.1  1 0.0049 0.0043 0.0165 0.8461 0.0129 0.0048 0.0098 0.0070 0.0111 0.0077 0.0048 0.0099 0.0039 0.0040 0.0081 0.0049 0.0043 0.0144 0.0045 0.0095 0.0065 
    kos339.2  1 0.0050 0.0046 0.0061 0.8636 0.0102 0.0070 0.0060 0.0073 0.0084 0.0105 0.0028 0.0045 0.0054 0.0067 0.0068 0.0081 0.0064 0.0161 0.0032 0.0074 0.0042 
    kos339.3  1 0.0038 0.0038 0.0048 0.9142 0.0072 0.0032 0.0034 0.0052 0.0043 0.0042 0.0050 0.0042 0.0033 0.0045 0.0032 0.0037 0.0033 0.0036 0.0034 0.0065 0.0055 
    kos339.4  1 0.0044 0.0049 0.0049 0.9095 0.0047 0.0042 0.0033 0.0047 0.0055 0.0043 0.0034 0.0044 0.0043 0.0048 0.0032 0.0042 0.0036 0.0041 0.0038 0.0085 0.0051 
    kos339.5  1 0.0038 0.0049 0.0117 0.8877 0.0070 0.0051 0.0061 0.0054 0.0055 0.0079 0.0039 0.0068 0.0042 0.0044 0.0037 0.0030 0.0045 0.0071 0.0037 0.0060 0.0076 
    kos339.6  1 0.0029 0.0037 0.0053 0.9035 0.0055 0.0043 0.0053 0.0068 0.0054 0.0075 0.0031 0.0038 0.0055 0.0054 0.0037 0.0053 0.0038 0.0048 0.0034 0.0080 0.0030 
    kos339.7  1 0.0037 0.0044 0.0046 0.9068 0.0128 0.0029 0.0032 0.0058 0.0058 0.0036 0.0034 0.0039 0.0031 0.0047 0.0034 0.0033 0.0030 0.0069 0.0034 0.0064 0.0048 
    kos339.8  1 0.0048 0.0034 0.0082 0.8841 0.0077 0.0066 0.0047 0.0081 0.0047 0.0058 0.0037 0.0059 0.0044 0.0047 0.0046 0.0059 0.0058 0.0045 0.0028 0.0142 0.0054 
    kos339.9  1 0.0044 0.0138 0.0106 0.8663 0.0056 0.0044 0.0104 0.0049 0.0054 0.0098 0.0048 0.0051 0.0057 0.0054 0.0053 0.0043 0.0066 0.0085 0.0042 0.0053 0.0091 
      H008.1  2 0.0098 0.0657 0.0062 0.0073 0.0163 0.0094 0.0135 0.0091 0.0206 0.0290 0.0082 0.0129 0.0129 0.0063 0.0142 0.0046 0.0180 0.7096 0.0064 0.0068 0.0133 
      H008.2  2 0.0245 0.1840 0.0116 0.0167 0.0655 0.0444 0.0294 0.0221 0.0250 0.0188 0.0244 0.0111 0.0077 0.0080 0.1357 0.0437 0.2107 0.0608 0.0276 0.0095 0.0190 
      H008.3  2 0.0285 0.0698 0.0150 0.0113 0.4017 0.0478 0.0159 0.0127 0.0102 0.0415 0.0207 0.0194 0.0142 0.0156 0.0308 0.0226 0.0597 0.0391 0.0427 0.0074 0.0732 
      H008.4  2 0.0305 0.0771 0.0129 0.0100 0.0250 0.0192 0.0583 0.0090 0.0188 0.0637 0.0096 0.0098 0.0111 0.0117 0.0379 0.0413 0.0210 0.4812 0.0199 0.0257 0.0063 
      H008.5  2 0.0486 0.0341 0.0145 0.0120 0.0682 0.0160 0.0117 0.0149 0.0119 0.0358 0.0093 0.0132 0.0088 0.0083 0.0095 0.0161 0.0304 0.5990 0.0170 0.0057 0.0150 
      H008.6  2 0.0222 0.0922 0.0222 0.0096 0.0823 0.0072 0.0612 0.0186 0.0149 0.0238 0.0284 0.0088 0.0082 0.0193 0.1523 0.0748 0.1357 0.1586 0.0352 0.0130 0.0116 
      H008.7  2 0.0604 0.0606 0.0170 0.0121 0.0690 0.0615 0.0695 0.0060 0.0261 0.0450 0.0208 0.0198 0.0229 0.0101 0.0384 0.0808 0.0805 0.2547 0.0161 0.0175 0.0111 
      H008.8  2 0.0087 0.2941 0.0102 0.0087 0.0164 0.0187 0.0214 0.0069 0.1004 0.0201 0.0399 0.0154 0.0110 0.0098 0.2521 0.0063 0.0147 0.1089 0.0117 0.0082 0.0162 
      H008.9  2 0.0182 0.0716 0.0128 0.0089 0.0471 0.0133 0.0836 0.0130 0.0189 0.0218 0.0541 0.0109 0.0142 0.0313 0.2203 0.1451 0.1410 0.0179 0.0308 0.0060 0.0190 
 H029.1_2002  2 0.0668 0.0347 0.0246 0.0051 0.0041 0.0092 0.0248 0.0083 0.0120 0.0296 0.0223 0.0084 0.0066 0.0077 0.0199 0.0220 0.0056 0.6270 0.0060 0.0502 0.0053 
 H029.1_2003  2 0.7051 0.0093 0.0094 0.0068 0.0522 0.0054 0.0103 0.0074 0.0109 0.0110 0.0205 0.0149 0.0121 0.0106 0.0623 0.0102 0.0064 0.0099 0.0090 0.0093 0.0071 
 H029.2_2002  2 0.0830 0.0104 0.0278 0.0424 0.1104 0.0425 0.0309 0.0065 0.0239 0.0050 0.0048 0.0131 0.0093 0.0368 0.0072 0.0483 0.0114 0.4611 0.0088 0.0080 0.0086 
 H029.2_2003  2 0.4919 0.0072 0.0189 0.0342 0.1639 0.0058 0.0364 0.0108 0.0298 0.0037 0.0093 0.0180 0.0059 0.0135 0.0373 0.0265 0.0099 0.0504 0.0133 0.0053 0.0079 
 H029.3_2002  2 0.0568 0.0065 0.0185 0.0229 0.3244 0.0250 0.0106 0.0105 0.0554 0.0050 0.0112 0.0189 0.0083 0.0340 0.0147 0.2056 0.0060 0.1365 0.0128 0.0076 0.0088 
 H029.3_2003  2 0.4230 0.0067 0.0115 0.0093 0.0551 0.0053 0.0075 0.0125 0.0255 0.0150 0.0034 0.0194 0.0095 0.0079 0.0345 0.0086 0.0272 0.2991 0.0062 0.0052 0.0075 
 H029.4_2002  2 0.0836 0.0052 0.0041 0.0058 0.0063 0.0176 0.0044 0.0060 0.0190 0.0191 0.0047 0.0160 0.0109 0.0119 0.0127 0.0191 0.0067 0.7221 0.0051 0.0110 0.0087 
 H029.4_2003  2 0.5713 0.0142 0.0072 0.0063 0.0110 0.0072 0.0056 0.0076 0.1424 0.0308 0.0152 0.0214 0.0065 0.0067 0.0271 0.0163 0.0113 0.0596 0.0081 0.0102 0.0140 
 H029.5_2002  2 0.0679 0.0080 0.0136 0.0058 0.0068 0.0104 0.0071 0.0063 0.0069 0.0310 0.0067 0.0052 0.0148 0.0094 0.0103 0.0069 0.0096 0.7546 0.0038 0.0090 0.0056 
 H029.5_2003  2 0.5278 0.0059 0.0052 0.0065 0.0255 0.0052 0.0100 0.0071 0.0299 0.0211 0.0116 0.0111 0.0064 0.0063 0.0878 0.0118 0.0218 0.1746 0.0045 0.0073 0.0124 
 H029.6_2002  2 0.4809 0.0050 0.0072 0.0061 0.0104 0.0239 0.0070 0.0065 0.0201 0.0064 0.0049 0.0110 0.0130 0.0213 0.0184 0.0601 0.0048 0.2676 0.0070 0.0100 0.0082 
 H029.6_2003  2 0.1087 0.0138 0.0359 0.0649 0.0942 0.0093 0.0264 0.0214 0.0705 0.0401 0.0107 0.0181 0.0192 0.0233 0.0482 0.0094 0.0343 0.3255 0.0087 0.0044 0.0130 
      H029.7  2 0.0509 0.0073 0.0110 0.0330 0.0172 0.0192 0.0182 0.0051 0.0336 0.0063 0.0060 0.0114 0.0060 0.0515 0.0046 0.0378 0.0055 0.6526 0.0106 0.0056 0.0069 
      H030.1  2 0.0954 0.0048 0.2023 0.0107 0.0097 0.0147 0.0255 0.3804 0.0135 0.0165 0.0101 0.0303 0.0122 0.0117 0.0115 0.0057 0.0677 0.0377 0.0108 0.0051 0.0239 
      H030.2  2 0.0194 0.0206 0.0102 0.0045 0.0110 0.1352 0.0100 0.3375 0.0087 0.0492 0.0084 0.0075 0.0107 0.0091 0.0063 0.0677 0.0380 0.0659 0.0042 0.1524 0.0238 
      H038.1  2 0.0075 0.0075 0.0063 0.0059 0.0053 0.0040 0.0058 0.0053 0.0144 0.0068 0.0114 0.0046 0.0045 0.0069 0.0090 0.0218 0.0046 0.8479 0.0080 0.0070 0.0053 
      H038.2  2 0.0065 0.0040 0.0112 0.0078 0.0088 0.0058 0.0093 0.0075 0.0048 0.0088 0.0047 0.0043 0.0099 0.0036 0.0042 0.0048 0.0058 0.8683 0.0032 0.0110 0.0058 
      H038.3  2 0.0052 0.0078 0.0379 0.0112 0.0100 0.0058 0.0118 0.0136 0.0149 0.0129 0.0134 0.0055 0.0100 0.0090 0.0100 0.0379 0.0085 0.7422 0.0048 0.0197 0.0082 
      H038.4  2 0.0048 0.0076 0.0218 0.0057 0.0068 0.0070 0.0075 0.0061 0.0110 0.0190 0.0065 0.0051 0.0179 0.0121 0.0059 0.0245 0.0086 0.8008 0.0037 0.0119 0.0059 
      H038.5  2 0.0132 0.0096 0.0082 0.0136 0.0080 0.0087 0.0051 0.0157 0.0193 0.0061 0.0049 0.0124 0.0106 0.0118 0.0529 0.0280 0.0072 0.7410 0.0037 0.0063 0.0135 
      H038.6  2 0.0113 0.0119 0.0094 0.0068 0.0061 0.0036 0.0051 0.0087 0.0121 0.0043 0.0060 0.0057 0.0037 0.0038 0.0071 0.0120 0.0063 0.8568 0.0040 0.0057 0.0097 
      H038.7  2 0.0059 0.0085 0.0437 0.0051 0.0111 0.0029 0.0057 0.0067 0.0171 0.0052 0.0068 0.0078 0.0050 0.0034 0.0067 0.0104 0.0080 0.8119 0.0031 0.0175 0.0075 
      H038.8  2 0.0041 0.0070 0.0223 0.0081 0.0071 0.0077 0.0075 0.0104 0.0104 0.0171 0.0058 0.0047 0.0117 0.0082 0.0057 0.0701 0.0067 0.7606 0.0037 0.0152 0.0058 
      H041.1  2 0.1688 0.0081 0.0285 0.0293 0.0082 0.1269 0.0118 0.0070 0.0528 0.2719 0.0076 0.0119 0.0114 0.0371 0.0057 0.0201 0.0680 0.0938 0.0154 0.0066 0.0089 
      H041.2  2 0.3932 0.0093 0.0118 0.0086 0.0133 0.0077 0.0128 0.0077 0.0130 0.3368 0.0093 0.0083 0.0093 0.0240 0.0088 0.0217 0.0346 0.0358 0.0075 0.0212 0.0051 
      H041.4  2 0.4523 0.0256 0.0117 0.0100 0.0080 0.0152 0.0225 0.0063 0.0343 0.0555 0.0223 0.0067 0.0226 0.0306 0.0202 0.0252 0.0368 0.1580 0.0205 0.0080 0.0075 
      H041.6  2 0.3730 0.0394 0.0174 0.0119 0.0114 0.0138 0.0138 0.0102 0.0311 0.1169 0.0504 0.0085 0.0113 0.0288 0.0121 0.0172 0.0194 0.1570 0.0325 0.0145 0.0093 
 H042.1_2002  2 0.6357 0.0833 0.0111 0.0122 0.0052 0.0099 0.0321 0.0082 0.0105 0.0493 0.0174 0.0069 0.0197 0.0181 0.0057 0.0106 0.0051 0.0077 0.0091 0.0199 0.0224 
 H042.1_2003  2 0.0256 0.0887 0.0306 0.0106 0.0351 0.0120 0.0815 0.0196 0.0148 0.1388 0.0625 0.0122 0.0151 0.0225 0.0478 0.0627 0.2122 0.0544 0.0139 0.0240 0.0153 
 H042.2_2002  2 0.5437 0.0115 0.0056 0.0097 0.0081 0.0081 0.0116 0.0045 0.0192 0.0364 0.0046 0.0424 0.0217 0.0082 0.0046 0.0335 0.0071 0.0855 0.0108 0.1122 0.0110 
 H042.2_2003  2 0.1242 0.0732 0.0152 0.0121 0.0081 0.0047 0.0234 0.0105 0.0069 0.5712 0.0096 0.0088 0.0123 0.0218 0.0096 0.0046 0.0121 0.0383 0.0071 0.0110 0.0153 
 H042.3_2002  2 0.4201 0.0273 0.0070 0.0215 0.0065 0.0051 0.0109 0.0116 0.0158 0.1862 0.0113 0.0197 0.0162 0.0240 0.0062 0.0152 0.0116 0.0112 0.0088 0.1258 0.0380 
 H042.3_2003  2 0.2062 0.0501 0.0086 0.0124 0.0083 0.0242 0.0141 0.0108 0.0537 0.3621 0.0094 0.0201 0.0110 0.0208 0.0064 0.0215 0.0210 0.0240 0.0105 0.0373 0.0677 
 H042.4_2002  2 0.7386 0.0134 0.0083 0.0212 0.0043 0.0106 0.0304 0.0095 0.0164 0.0438 0.0106 0.0093 0.0133 0.0123 0.0070 0.0109 0.0072 0.0140 0.0058 0.0067 0.0065 
 H042.4_2003  2 0.4964 0.0155 0.0634 0.0185 0.0044 0.0251 0.0223 0.0087 0.0722 0.0518 0.0257 0.0060 0.0155 0.0389 0.0057 0.0073 0.0110 0.0716 0.0244 0.0067 0.0089 
      H042.5  2 0.8467 0.0113 0.0083 0.0077 0.0038 0.0042 0.0068 0.0048 0.0092 0.0090 0.0057 0.0054 0.0068 0.0140 0.0044 0.0028 0.0099 0.0087 0.0122 0.0058 0.0125 
      H042.6  2 0.6789 0.0132 0.0163 0.0054 0.0040 0.0068 0.0129 0.0059 0.1134 0.0126 0.0117 0.0067 0.0087 0.0083 0.0048 0.0095 0.0055 0.0210 0.0256 0.0127 0.0160 
      H042.7  2 0.4107 0.0094 0.0487 0.0092 0.0054 0.0073 0.0086 0.0055 0.0276 0.0659 0.0233 0.0085 0.0794 0.0646 0.0068 0.0052 0.0160 0.0204 0.0088 0.1527 0.0161 
      H042.8  2 0.6945 0.0263 0.0052 0.0055 0.0041 0.0038 0.0141 0.0032 0.0077 0.0699 0.0075 0.0063 0.0226 0.0115 0.0064 0.0145 0.0233 0.0074 0.0147 0.0379 0.0136 
   H042_2002  2 0.0401 0.1088 0.0284 0.0079 0.0078 0.0050 0.0434 0.0072 0.1351 0.1806 0.0353 0.0119 0.0145 0.0156 0.0111 0.0335 0.0378 0.0806 0.0617 0.0907 0.0432 
   H042_2003  2 0.0334 0.1210 0.0378 0.0075 0.0071 0.0056 0.0495 0.0077 0.1320 0.1486 0.0262 0.0128 0.0138 0.0179 0.0108 0.0325 0.0273 0.0895 0.0582 0.1230 0.0382 
      H043.1  2 0.0049 0.0216 0.0064 0.0148 0.0039 0.0057 0.0040 0.0065 0.8493 0.0046 0.0047 0.0066 0.0035 0.0042 0.0050 0.0200 0.0093 0.0080 0.0047 0.0043 0.0083 
      H043.2  2 0.0040 0.0526 0.0054 0.0065 0.0055 0.0025 0.0068 0.0053 0.7173 0.0101 0.0297 0.0050 0.0055 0.0237 0.0133 0.0335 0.0095 0.0147 0.0322 0.0069 0.0099 
      H043.3  2 0.0064 0.0227 0.0322 0.0082 0.0036 0.0037 0.0092 0.0054 0.7615 0.0150 0.0130 0.0054 0.0031 0.0059 0.0062 0.0121 0.0089 0.0463 0.0117 0.0128 0.0067 
      H043.4  2 0.0040 0.0243 0.0114 0.0189 0.0034 0.0031 0.0114 0.0049 0.8079 0.0109 0.0120 0.0054 0.0034 0.0052 0.0032 0.0180 0.0082 0.0122 0.0193 0.0064 0.0064 
      H043.5  2 0.0048 0.0252 0.0082 0.0067 0.0064 0.0042 0.0079 0.0053 0.7561 0.0186 0.0172 0.0058 0.0046 0.0106 0.0158 0.0482 0.0115 0.0196 0.0043 0.0100 0.0092 
      H043.6  2 0.0054 0.0271 0.0074 0.0145 0.0035 0.0028 0.0096 0.0073 0.7622 0.0192 0.0172 0.0055 0.0050 0.0081 0.0071 0.0349 0.0036 0.0395 0.0068 0.0076 0.0057 
