      H105.1  1 0.0180 0.0110 0.0090 0.0260 0.0084 0.0113 0.8790 0.0103 0.0065 0.0120 0.0085 
      H105.2  1 0.0118 0.0334 0.0117 0.0113 0.0247 0.0126 0.7461 0.0866 0.0352 0.0153 0.0113 
      H105.3  1 0.0065 0.0062 0.0106 0.0078 0.0129 0.0083 0.8994 0.0132 0.0145 0.0137 0.0069 
      H105.4  1 0.0455 0.0197 0.0110 0.0081 0.0101 0.0188 0.7609 0.0349 0.0596 0.0253 0.0061 
      H105.5  1 0.0893 0.0219 0.0125 0.1266 0.0835 0.1096 0.1578 0.0468 0.1636 0.1803 0.0080 
      H105.6  1 0.0147 0.0061 0.0082 0.0043 0.0142 0.0207 0.8862 0.0076 0.0197 0.0140 0.0044 
      H105.7  1 0.0181 0.0048 0.0183 0.0123 0.0082 0.0074 0.9017 0.0108 0.0067 0.0066 0.0050 
      H105.8  1 0.0087 0.0159 0.0282 0.0054 0.0075 0.0079 0.8849 0.0131 0.0097 0.0097 0.0089 
      H115.1  1 0.0076 0.0120 0.0235 0.0112 0.0163 0.8697 0.0093 0.0099 0.0123 0.0209 0.0073 
      H115.2  1 0.0055 0.0077 0.0080 0.0068 0.0108 0.9142 0.0089 0.0069 0.0085 0.0134 0.0094 
      H115.3  1 0.0081 0.0088 0.0058 0.0128 0.0081 0.9041 0.0074 0.0087 0.0185 0.0116 0.0061 
      H115.4  1 0.0128 0.0332 0.0093 0.0788 0.0822 0.6471 0.0128 0.0288 0.0104 0.0717 0.0129 
      H115.5  1 0.0223 0.0099 0.0297 0.0277 0.0294 0.7166 0.0250 0.0488 0.0217 0.0272 0.0417 
      H115.6  1 0.0109 0.0082 0.0095 0.0301 0.0287 0.8209 0.0102 0.0195 0.0364 0.0124 0.0132 
      H115.7  1 0.0129 0.0165 0.0068 0.0230 0.1521 0.6685 0.0123 0.0508 0.0306 0.0219 0.0045 
      H115.8  1 0.0102 0.0113 0.0172 0.0154 0.0145 0.8363 0.0115 0.0179 0.0106 0.0098 0.0453 
      H115.9  1 0.0079 0.0056 0.0163 0.0138 0.0117 0.9030 0.0053 0.0076 0.0099 0.0125 0.0065 
      H145.1  1 0.8739 0.0079 0.0075 0.0064 0.0097 0.0095 0.0062 0.0035 0.0230 0.0135 0.0389 
      H145.2  1 0.8603 0.0092 0.0065 0.0059 0.0112 0.0110 0.0071 0.0043 0.0232 0.0186 0.0427 
      H145.3  1 0.8321 0.0058 0.0218 0.0059 0.0054 0.0091 0.0045 0.0113 0.0147 0.0072 0.0821 
      H145.4  1 0.9151 0.0068 0.0062 0.0062 0.0099 0.0055 0.0073 0.0046 0.0086 0.0089 0.0210 
      H145.5  1 0.6383 0.0078 0.0106 0.0070 0.0124 0.0067 0.0045 0.0088 0.0315 0.0119 0.2606 
      H145.6  1 0.8907 0.0108 0.0057 0.0101 0.0089 0.0059 0.0063 0.0064 0.0094 0.0097 0.0360 
      H145.7  1 0.9193 0.0078 0.0077 0.0070 0.0125 0.0064 0.0048 0.0099 0.0086 0.0102 0.0056 
      H149.1  1 0.0071 0.0041 0.0068 0.0055 0.0062 0.0063 0.0059 0.0048 0.0058 0.9402 0.0073 
      H149.2  1 0.0122 0.0038 0.0047 0.0194 0.0091 0.0056 0.0057 0.0075 0.0118 0.9156 0.0045 
      H149.3  1 0.0219 0.0084 0.0078 0.0310 0.0176 0.0090 0.0116 0.0125 0.0107 0.8631 0.0063 
      H149.4  1 0.0095 0.0129 0.0094 0.0089 0.0079 0.0071 0.0109 0.0109 0.0101 0.9037 0.0086 
      H149.5  1 0.0405 0.0130 0.0078 0.1047 0.0122 0.0044 0.0142 0.0220 0.0138 0.7628 0.0047 
      H149.6  1 0.0143 0.0058 0.0041 0.0229 0.0111 0.0044 0.0073 0.0118 0.0095 0.9033 0.0054 
      H149.7  1 0.0136 0.0404 0.0149 0.0339 0.0214 0.0056 0.0268 0.0243 0.0146 0.7932 0.0112 
      H150.1  1 0.0069 0.0062 0.0081 0.0050 0.0072 0.9313 0.0078 0.0048 0.0102 0.0039 0.0085 
      H150.2  1 0.0043 0.0094 0.0041 0.0095 0.0103 0.9152 0.0099 0.0069 0.0075 0.0082 0.0146 
      H150.3  1 0.0093 0.0103 0.0105 0.0081 0.0516 0.8481 0.0114 0.0158 0.0159 0.0072 0.0117 
      H150.4  1 0.0097 0.0052 0.0109 0.0069 0.0112 0.9184 0.0055 0.0081 0.0071 0.0042 0.0128 
      H150.5  1 0.0084 0.0185 0.0054 0.0153 0.0115 0.8760 0.0203 0.0159 0.0152 0.0075 0.0060 
      H150.6  1 0.0058 0.0427 0.0049 0.0379 0.0115 0.7048 0.1039 0.0410 0.0208 0.0151 0.0117 
      H150.7  1 0.0077 0.0062 0.0091 0.0047 0.0099 0.9224 0.0062 0.0057 0.0154 0.0044 0.0085 
   H169607.1  1 0.0682 0.3050 0.0415 0.0199 0.1062 0.1113 0.0124 0.0612 0.2352 0.0152 0.0240 
   H169607.2  1 0.5055 0.1292 0.0624 0.0144 0.0218 0.0799 0.0116 0.0159 0.1420 0.0126 0.0048 
   H169607.3  1 0.3772 0.0914 0.0515 0.0865 0.0248 0.0244 0.0158 0.1064 0.1905 0.0138 0.0177 
   H169607.4  1 0.1094 0.0189 0.0086 0.0055 0.0101 0.0105 0.0088 0.0087 0.8061 0.0061 0.0073 
   H169607.5  1 0.3444 0.1024 0.0754 0.1049 0.0213 0.2074 0.0078 0.0135 0.0810 0.0311 0.0109 
   H169607.6  1 0.5741 0.1526 0.0302 0.0138 0.0151 0.0346 0.0130 0.0182 0.1325 0.0110 0.0048 
   H169607.7  1 0.1472 0.5745 0.0627 0.0170 0.0155 0.0996 0.0223 0.0174 0.0188 0.0166 0.0085 
   H169607.8  1 0.4149 0.0470 0.0302 0.0077 0.0183 0.0195 0.0064 0.0116 0.4313 0.0075 0.0055 
   H169633.1  1 0.0267 0.0167 0.0125 0.0260 0.0657 0.0328 0.0342 0.0411 0.0206 0.6517 0.0719 
   H169633.2  1 0.0093 0.0210 0.0409 0.0097 0.0808 0.0073 0.0248 0.0678 0.0067 0.7144 0.0173 
   H169633.3  1 0.0094 0.0083 0.0216 0.0232 0.0348 0.0102 0.0289 0.0100 0.0085 0.8352 0.0100 
   H169633.4  1 0.0122 0.0089 0.0095 0.0274 0.0176 0.0150 0.0232 0.0143 0.0220 0.8056 0.0444 
   H169633.5  1 0.0158 0.0101 0.0083 0.0245 0.0174 0.0149 0.0170 0.0107 0.0266 0.8050 0.0495 
   H169688.1  1 0.3280 0.0748 0.0125 0.0095 0.0132 0.0135 0.0059 0.4963 0.0130 0.0286 0.0049 
   H169688.2  1 0.0258 0.3736 0.0160 0.0112 0.0069 0.0372 0.0161 0.4756 0.0062 0.0125 0.0189 
   H169688.3  1 0.0491 0.7519 0.0058 0.0137 0.0098 0.0625 0.0076 0.0711 0.0088 0.0128 0.0069 
   H169688.4  1 0.0132 0.0668 0.0087 0.0086 0.0060 0.8273 0.0092 0.0275 0.0117 0.0070 0.0140 
   H169688.5  1 0.0176 0.0521 0.0090 0.0068 0.0068 0.8337 0.0069 0.0302 0.0147 0.0075 0.0145 
   H169688.6  1 0.0813 0.6051 0.0094 0.0080 0.0075 0.0393 0.0227 0.1245 0.0069 0.0414 0.0541 
   H169688.7  1 0.0785 0.7632 0.0087 0.0100 0.0148 0.0481 0.0061 0.0325 0.0107 0.0133 0.0142 
   H171901.1  1 0.0831 0.0518 0.0149 0.0211 0.2045 0.0923 0.0286 0.2460 0.1538 0.0136 0.0901 
   H171901.2  1 0.0360 0.0157 0.0153 0.0104 0.0198 0.0633 0.0282 0.0096 0.0442 0.7479 0.0096 
   H171901.3  1 0.0095 0.0234 0.0118 0.0160 0.0129 0.0297 0.0104 0.0544 0.0668 0.7562 0.0090 
   H171901.4  1 0.0120 0.0166 0.0138 0.0099 0.0083 0.0327 0.0508 0.0206 0.0448 0.7825 0.0079 
   H171901.5  1 0.0114 0.0331 0.0087 0.0098 0.0069 0.0330 0.0183 0.0142 0.1811 0.6757 0.0078 
   H171901.6  1 0.0200 0.0209 0.0139 0.0161 0.0127 0.0443 0.0640 0.0090 0.2734 0.5188 0.0068 
   H171901.7  1 0.0142 0.0330 0.0181 0.0134 0.0114 0.0260 0.0129 0.0202 0.0275 0.8161 0.0073 
   H171902.1  1 0.0115 0.0249 0.0115 0.0062 0.0084 0.0217 0.0057 0.0105 0.8283 0.0161 0.0550 
  H171902.10  1 0.0173 0.1026 0.0052 0.0062 0.0069 0.0107 0.0048 0.0071 0.7975 0.0273 0.0144 
   H171902.2  1 0.0156 0.1004 0.1062 0.0101 0.0138 0.0348 0.0342 0.2319 0.3711 0.0219 0.0599 
   H171902.3  1 0.0226 0.3490 0.0134 0.0070 0.0141 0.0420 0.0091 0.0148 0.4406 0.0747 0.0127 
   H171902.4  1 0.0116 0.0071 0.0120 0.0056 0.0119 0.0177 0.0116 0.0080 0.8375 0.0436 0.0334 
   H171902.6  1 0.0116 0.0346 0.0054 0.0057 0.0087 0.0080 0.0037 0.0066 0.8783 0.0235 0.0139 
   H171902.7  1 0.0077 0.0124 0.0045 0.0049 0.0064 0.0098 0.0050 0.0053 0.8967 0.0183 0.0291 
   H171902.8  1 0.0134 0.0960 0.0063 0.0090 0.0115 0.0157 0.0056 0.0122 0.7717 0.0325 0.0262 
   H171902.9  1 0.0121 0.0103 0.0148 0.0048 0.0112 0.0977 0.0114 0.0082 0.7791 0.0106 0.0397 
   H171903.1  1 0.7219 0.0160 0.0152 0.0151 0.0135 0.1477 0.0178 0.0101 0.0145 0.0224 0.0057 
   H171903.2  1 0.4997 0.0309 0.1021 0.0987 0.0123 0.1171 0.0509 0.0167 0.0329 0.0262 0.0126 
   H171903.3  1 0.0996 0.0329 0.0372 0.4724 0.0268 0.0858 0.0244 0.0178 0.0574 0.1270 0.0188 
   H171903.4  1 0.1632 0.0415 0.0101 0.0298 0.0155 0.0653 0.0213 0.1413 0.4879 0.0133 0.0108 
   H171903.5  1 0.0579 0.1014 0.0315 0.3544 0.0156 0.2338 0.0242 0.0224 0.0223 0.1225 0.0140 
   H171903.6  1 0.2184 0.1972 0.0192 0.1062 0.0069 0.2278 0.0104 0.0236 0.0759 0.1099 0.0044 
      H177.1  1 0.0689 0.0305 0.0087 0.0122 0.0097 0.0387 0.0070 0.0909 0.0737 0.6490 0.0106 
      H177.2  1 0.0732 0.1963 0.1014 0.1256 0.0111 0.0401 0.0085 0.0189 0.0962 0.3025 0.0262 
      H177.3  1 0.0463 0.0689 0.0143 0.0339 0.0143 0.0295 0.0064 0.0094 0.1055 0.6489 0.0225 
      H177.4  1 0.0821 0.0221 0.0114 0.0273 0.0076 0.0072 0.0211 0.0716 0.0427 0.6975 0.0094 
      H177.5  1 0.0620 0.0341 0.0308 0.1356 0.0094 0.0363 0.0634 0.5208 0.0490 0.0493 0.0094 
      H177.6  1 0.0218 0.0455 0.0112 0.0212 0.0124 0.0277 0.0047 0.0075 0.1075 0.7174 0.0231 
      H179.1  1 0.0059 0.3506 0.0305 0.0375 0.0657 0.0267 0.0604 0.1225 0.0503 0.2425 0.0074 
      H179.2  1 0.0075 0.4842 0.0300 0.0675 0.0408 0.0336 0.0130 0.0292 0.0213 0.2668 0.0061 
      H179.3  1 0.0145 0.4866 0.1135 0.0392 0.0401 0.0479 0.0251 0.1448 0.0223 0.0558 0.0102 
      H179.4  1 0.0147 0.0992 0.0399 0.0108 0.0148 0.0078 0.0136 0.0351 0.0219 0.7354 0.0067 
      H180.1  1 0.0062 0.0140 0.0068 0.0210 0.0062 0.8371 0.0187 0.0361 0.0087 0.0268 0.0184 
      H180.2  1 0.0048 0.0096 0.0062 0.0106 0.0060 0.8511 0.0443 0.0266 0.0104 0.0164 0.0141 
      H180.3  1 0.0079 0.0075 0.0151 0.0125 0.0118 0.9027 0.0090 0.0062 0.0061 0.0098 0.0114 
      H180.4  1 0.0081 0.0218 0.0131 0.0532 0.0082 0.6103 0.1665 0.0427 0.0136 0.0361 0.0263 
      H180.5  1 0.0084 0.0170 0.0183 0.0647 0.0085 0.7612 0.0229 0.0394 0.0092 0.0199 0.0303 
      H180.6  1 0.0271 0.0118 0.2978 0.0225 0.0165 0.5026 0.0198 0.0147 0.0134 0.0210 0.0528 
      H181.1  1 0.0535 0.0241 0.0099 0.2608 0.0082 0.0191 0.0135 0.1156 0.0301 0.4418 0.0234 
      H181.2  1 0.0550 0.0308 0.0106 0.0537 0.0163 0.0295 0.0156 0.1469 0.0303 0.5790 0.0324 
      H181.3  1 0.0330 0.0429 0.0079 0.0211 0.0063 0.0070 0.0088 0.6390 0.0577 0.1512 0.0251 
      H181.4  1 0.0516 0.0410 0.0211 0.3365 0.0217 0.0962 0.0127 0.0726 0.0341 0.3081 0.0046 
      H181.5  1 0.0096 0.0196 0.0107 0.0251 0.0122 0.0077 0.0086 0.7466 0.0161 0.1359 0.0079 
      H181.6  1 0.0158 0.0508 0.0224 0.0441 0.0264 0.0619 0.0607 0.0973 0.0461 0.5654 0.0090 
      H181.7  1 0.0164 0.2029 0.0421 0.0252 0.0084 0.0222 0.0178 0.2124 0.0182 0.4216 0.0131 
 H194.1_2004  1 0.8102 0.0120 0.0170 0.0236 0.0129 0.0604 0.0131 0.0074 0.0116 0.0231 0.0088 
 H194.2_2004  1 0.8233 0.0082 0.0065 0.0200 0.0121 0.0187 0.0077 0.0647 0.0160 0.0122 0.0106 
 H194.3_2004  1 0.4344 0.0115 0.0089 0.0083 0.0251 0.0090 0.0129 0.0087 0.0347 0.4358 0.0109 
 H194.4_2004  1 0.7657 0.0087 0.0078 0.0091 0.0119 0.0086 0.0065 0.0526 0.0278 0.0830 0.0183 
 H194.5_2004  1 0.4987 0.0170 0.0248 0.0157 0.0241 0.0143 0.0217 0.0125 0.0261 0.3382 0.0069 
 H194.6_2004  1 0.1659 0.0102 0.0128 0.0109 0.0178 0.0158 0.0073 0.1023 0.0334 0.6153 0.0082 
 H194.7_2004  1 0.8728 0.0087 0.0434 0.0151 0.0101 0.0101 0.0086 0.0107 0.0055 0.0088 0.0061 
 H194.8_2004  1 0.4480 0.0187 0.0218 0.0168 0.0449 0.0125 0.0131 0.1689 0.0315 0.2115 0.0124 
      H194.9  1 0.8118 0.0100 0.0609 0.0170 0.0148 0.0191 0.0145 0.0165 0.0115 0.0158 0.0080 
 H195.1_2003  1 0.1899 0.0333 0.0119 0.0096 0.0265 0.0116 0.6073 0.0299 0.0390 0.0353 0.0056 
 H195.1_2004  1 0.7185 0.0507 0.0080 0.0161 0.0310 0.0104 0.0156 0.0218 0.0322 0.0488 0.0468 
 H195.2_2003  1 0.8381 0.0116 0.0156 0.0061 0.0100 0.0243 0.0378 0.0086 0.0253 0.0128 0.0098 
 H195.2_2004  1 0.8780 0.0094 0.0106 0.0067 0.0111 0.0078 0.0133 0.0081 0.0070 0.0186 0.0292 
 H195.3_2003  1 0.4785 0.0356 0.0140 0.0112 0.0100 0.0807 0.2973 0.0259 0.0292 0.0083 0.0093 
 H195.3_2004  1 0.8707 0.0080 0.0055 0.0069 0.0107 0.0052 0.0141 0.0090 0.0122 0.0454 0.0123 
 H195.4_2003  1 0.7147 0.0114 0.0101 0.0150 0.0399 0.0100 0.1100 0.0119 0.0334 0.0385 0.0052 
 H195.4_2004  1 0.9219 0.0067 0.0099 0.0080 0.0066 0.0046 0.0051 0.0167 0.0055 0.0081 0.0068 
 H195.5_2003  1 0.0932 0.0348 0.0077 0.0114 0.0252 0.0200 0.7035 0.0397 0.0383 0.0209 0.0054 
 H195.5_2004  1 0.8679 0.0110 0.0064 0.0072 0.0119 0.0059 0.0171 0.0191 0.0095 0.0189 0.0250 
 H195.6_2003  1 0.8608 0.0087 0.0070 0.0061 0.0061 0.0227 0.0558 0.0079 0.0079 0.0071 0.0099 
 H195.6_2004  1 0.9075 0.0108 0.0083 0.0053 0.0100 0.0037 0.0093 0.0067 0.0067 0.0182 0.0135 
 H195.7_2003  1 0.6004 0.1118 0.0318 0.0129 0.0341 0.0103 0.0793 0.0710 0.0189 0.0253 0.0041 
 H195.7_2004  1 0.6682 0.0353 0.0072 0.0166 0.0162 0.0116 0.0152 0.0174 0.0134 0.0127 0.1863 
      H195.8  1 0.8739 0.0149 0.0072 0.0120 0.0108 0.0116 0.0124 0.0275 0.0111 0.0055 0.0131 
      H195.9  1 0.9126 0.0094 0.0084 0.0055 0.0094 0.0061 0.0090 0.0076 0.0092 0.0157 0.0071 
      H415.1  1 0.0242 0.0120 0.0428 0.0135 0.2900 0.2354 0.0273 0.0213 0.0144 0.2005 0.1187 
      H415.2  1 0.0160 0.0272 0.0098 0.0227 0.0188 0.1314 0.0127 0.0102 0.4205 0.3013 0.0294 
      H415.3  1 0.0058 0.0412 0.0138 0.0295 0.2528 0.0199 0.0432 0.0075 0.0171 0.5570 0.0122 
      H415.4  1 0.0079 0.0072 0.0230 0.0142 0.4235 0.2455 0.0192 0.0105 0.0182 0.2160 0.0147 
      H415.5  1 0.0067 0.0142 0.0123 0.0173 0.1234 0.0242 0.0207 0.0104 0.0121 0.7497 0.0090 
      H415.6  1 0.0078 0.0065 0.0264 0.0127 0.4205 0.2436 0.0199 0.0102 0.0194 0.2162 0.0168 
      H415.7  1 0.0166 0.0654 0.0137 0.0206 0.0273 0.0226 0.0148 0.0081 0.5751 0.2182 0.0175 
      H506.1  1 0.0043 0.0166 0.0106 0.0101 0.0112 0.0047 0.0256 0.0131 0.0078 0.8839 0.0120 
      H506.2  1 0.0111 0.0264 0.0103 0.0110 0.0097 0.0055 0.0108 0.0088 0.0106 0.8892 0.0067 
      H506.3  1 0.0086 0.0613 0.0269 0.0218 0.0173 0.0108 0.0260 0.0502 0.0114 0.6591 0.1067 
      H506.4  1 0.0081 0.0339 0.0282 0.0155 0.0111 0.0111 0.0254 0.0249 0.0128 0.7953 0.0337 
      H506.5  1 0.0093 0.0190 0.0117 0.0082 0.0075 0.0080 0.0250 0.0160 0.0187 0.8635 0.0131 
      H506.6  1 0.0288 0.2282 0.0247 0.1169 0.0107 0.0194 0.0255 0.0631 0.1539 0.2315 0.0972 
      H506.7  1 0.0080 0.0147 0.0131 0.0085 0.0095 0.0059 0.0265 0.0179 0.0091 0.8749 0.0119 
      H533.1  1 0.0042 0.1636 0.0073 0.0125 0.0085 0.0050 0.0067 0.0148 0.0070 0.7532 0.0172 
      H533.2  1 0.0046 0.0426 0.0083 0.0100 0.0073 0.0044 0.0082 0.0089 0.0064 0.8670 0.0324 
      H533.3  1 0.0060 0.1394 0.0159 0.0334 0.0066 0.0082 0.0061 0.0108 0.0124 0.7484 0.0129 
      H533.4  1 0.0102 0.0964 0.0092 0.0170 0.0109 0.0102 0.0067 0.0186 0.0185 0.7850 0.0172 
      H535.1  1 0.0253 0.0193 0.0113 0.0173 0.0155 0.0239 0.0066 0.0121 0.0439 0.8181 0.0068 
      H535.2  1 0.0534 0.0253 0.0566 0.0214 0.0062 0.0065 0.0179 0.0701 0.0099 0.7286 0.0042 
      H535.3  1 0.0519 0.0193 0.0727 0.0225 0.0057 0.0136 0.0617 0.0959 0.0224 0.6270 0.0073 
      H535.4  1 0.0068 0.0058 0.0059 0.0075 0.0074 0.0050 0.0173 0.0094 0.0058 0.9251 0.0040 
      H535.5  1 0.0142 0.0107 0.0052 0.0057 0.0063 0.0081 0.0066 0.0094 0.0052 0.9246 0.0039 
      H535.6  1 0.1465 0.0308 0.0286 0.0250 0.0167 0.0318 0.0077 0.1180 0.0359 0.5529 0.0061 
      H535.7  1 0.0116 0.0115 0.0084 0.0060 0.0053 0.0064 0.0168 0.0076 0.0048 0.9149 0.0065 
      H535.8  1 0.0297 0.0127 0.0261 0.0061 0.0091 0.0107 0.0201 0.0820 0.0082 0.7890 0.0062 
      H535.9  1 0.0175 0.0109 0.0112 0.0129 0.0071 0.0305 0.0345 0.0129 0.0390 0.8120 0.0116 
      H539.1  1 0.0071 0.0047 0.0069 0.0047 0.0053 0.9381 0.0039 0.0037 0.0112 0.0034 0.0110 
      H539.2  1 0.0130 0.0780 0.0183 0.0118 0.0075 0.7952 0.0122 0.0308 0.0105 0.0111 0.0116 
      H539.3  1 0.0511 0.0097 0.0193 0.0061 0.0069 0.8485 0.0085 0.0138 0.0133 0.0062 0.0165 
      H539.4  1 0.0060 0.0090 0.0086 0.0083 0.0041 0.9168 0.0072 0.0062 0.0088 0.0046 0.0204 
      H539.5  1 0.0093 0.0047 0.0089 0.0049 0.0055 0.9371 0.0028 0.0040 0.0101 0.0043 0.0082 
      H539.6  1 0.0061 0.0055 0.0091 0.0047 0.0065 0.9401 0.0039 0.0049 0.0078 0.0041 0.0074 
      H539.7  1 0.0047 0.0056 0.0050 0.0053 0.0061 0.9461 0.0043 0.0047 0.0079 0.0039 0.0062 
      H539.8  1 0.0127 0.0082 0.0112 0.0080 0.0116 0.8574 0.0210 0.0240 0.0083 0.0092 0.0285 
      H539.9  1 0.0061 0.0052 0.0088 0.0055 0.0043 0.9352 0.0058 0.0048 0.0068 0.0042 0.0133 
      H540.1  1 0.0209 0.0157 0.0077 0.0197 0.0047 0.8837 0.0045 0.0064 0.0190 0.0089 0.0089 
      H540.2  1 0.0059 0.0057 0.0053 0.0095 0.0074 0.9362 0.0047 0.0051 0.0098 0.0059 0.0045 
      H540.3  1 0.0106 0.0280 0.0075 0.0526 0.0505 0.3001 0.0080 0.0468 0.1302 0.0185 0.3473 
      H540.4  1 0.0051 0.0113 0.0057 0.0108 0.0090 0.9270 0.0043 0.0060 0.0083 0.0075 0.0049 
      H540.5  1 0.0075 0.0106 0.0070 0.0147 0.0082 0.8799 0.0058 0.0122 0.0173 0.0085 0.0281 
      H540.6  1 0.0144 0.0257 0.0148 0.0259 0.0177 0.8267 0.0063 0.0199 0.0225 0.0129 0.0131 
      H540.7  1 0.0076 0.0092 0.0091 0.0124 0.0084 0.9176 0.0069 0.0052 0.0089 0.0102 0.0045 
      H540.8  1 0.0109 0.0120 0.0062 0.0158 0.0056 0.9028 0.0052 0.0044 0.0151 0.0150 0.0070 
     H9558.1  1 0.0126 0.0089 0.0056 0.0043 0.0080 0.9142 0.0071 0.0082 0.0157 0.0052 0.0101 
     H9558.2  1 0.0120 0.0114 0.0169 0.0068 0.0135 0.8701 0.0156 0.0131 0.0172 0.0065 0.0170 
     H9558.3  1 0.0121 0.0045 0.0166 0.0063 0.0089 0.9048 0.0127 0.0067 0.0096 0.0060 0.0118 
     H9558.4  1 0.0057 0.0104 0.0058 0.0054 0.0053 0.9252 0.0066 0.0051 0.0099 0.0053 0.0151 
     H9558.5  1 0.0034 0.0078 0.0034 0.0086 0.0058 0.9191 0.0109 0.0069 0.0062 0.0054 0.0227 
     H9558.6  1 0.0106 0.0050 0.0773 0.0439 0.0147 0.7722 0.0084 0.0140 0.0349 0.0071 0.0118 
    kos339.1  1 0.0084 0.0113 0.0180 0.0119 0.0081 0.0079 0.0048 0.0080 0.0116 0.9036 0.0065 
    kos339.2  1 0.0064 0.0071 0.0154 0.0103 0.0161 0.0058 0.0084 0.0053 0.0051 0.9092 0.0109 
    kos339.3  1 0.0058 0.0054 0.0054 0.0058 0.0066 0.0081 0.0051 0.0047 0.0053 0.9422 0.0056 
    kos339.4  1 0.0055 0.0054 0.0073 0.0102 0.0099 0.0076 0.0060 0.0063 0.0048 0.9299 0.0070 
    kos339.5  1 0.0064 0.0075 0.0104 0.0086 0.0115 0.0065 0.0068 0.0061 0.0090 0.9238 0.0034 
    kos339.6  1 0.0110 0.0051 0.0067 0.0120 0.0113 0.0058 0.0057 0.0049 0.0061 0.9242 0.0073 
    kos339.7  1 0.0059 0.0059 0.0072 0.0060 0.0058 0.0049 0.0042 0.0042 0.0049 0.9465 0.0043 
    kos339.8  1 0.0038 0.0070 0.0062 0.0093 0.0099 0.0046 0.0068 0.0078 0.0050 0.9321 0.0073 
    kos339.9  1 0.0110 0.0083 0.0101 0.0063 0.0104 0.0297 0.0089 0.0056 0.0112 0.8924 0.0061 
      H008.1  2 0.0083 0.0145 0.8291 0.0095 0.0176 0.0601 0.0175 0.0138 0.0107 0.0102 0.0086 
      H008.2  2 0.0229 0.0970 0.1180 0.0163 0.0177 0.2139 0.2944 0.0289 0.0263 0.0330 0.1314 
      H008.3  2 0.0499 0.1372 0.1165 0.0340 0.0260 0.1889 0.1005 0.1637 0.0226 0.0756 0.0852 
      H008.4  2 0.0112 0.0102 0.7888 0.0076 0.0359 0.0339 0.0254 0.0123 0.0183 0.0173 0.0391 
      H008.5  2 0.0126 0.0145 0.8218 0.0086 0.0143 0.0341 0.0228 0.0242 0.0100 0.0153 0.0218 
      H008.6  2 0.0232 0.0285 0.4040 0.0115 0.0256 0.0734 0.1656 0.0110 0.0526 0.0376 0.1670 
      H008.7  2 0.0101 0.0374 0.4725 0.0136 0.0281 0.0892 0.0915 0.0792 0.0381 0.0213 0.1191 
      H008.8  2 0.0171 0.0572 0.1735 0.0072 0.0122 0.6477 0.0142 0.0127 0.0294 0.0175 0.0112 
      H008.9  2 0.0446 0.0335 0.0495 0.0133 0.0216 0.0694 0.1538 0.0210 0.1334 0.0332 0.4265 
 H029.1_2002  2 0.0075 0.0115 0.8484 0.0084 0.0179 0.0259 0.0095 0.0226 0.0219 0.0075 0.0190 
 H029.1_2003  2 0.0130 0.0362 0.7416 0.0226 0.0214 0.0195 0.0130 0.0475 0.0292 0.0296 0.0263 
 H029.2_2002  2 0.0169 0.0117 0.7898 0.0091 0.0062 0.0095 0.0104 0.0450 0.0118 0.0648 0.0249 
 H029.2_2003  2 0.0182 0.0252 0.6756 0.0244 0.0064 0.0159 0.0101 0.0259 0.0319 0.1247 0.0418 
 H029.3_2002  2 0.0241 0.0204 0.5854 0.0164 0.0080 0.0083 0.0061 0.0993 0.0155 0.1023 0.1142 
 H029.3_2003  2 0.0062 0.0145 0.8912 0.0106 0.0087 0.0077 0.0152 0.0185 0.0053 0.0131 0.0091 
 H029.4_2002  2 0.0067 0.0088 0.9161 0.0058 0.0094 0.0046 0.0072 0.0175 0.0039 0.0058 0.0142 
 H029.4_2003  2 0.0098 0.0450 0.7384 0.0180 0.0194 0.0477 0.0183 0.0508 0.0142 0.0096 0.0289 
 H029.5_2002  2 0.0054 0.0061 0.9126 0.0070 0.0165 0.0080 0.0112 0.0132 0.0073 0.0065 0.0062 
 H029.5_2003  2 0.0057 0.0140 0.9040 0.0059 0.0092 0.0095 0.0123 0.0117 0.0079 0.0107 0.0092 
 H029.6_2002  2 0.0096 0.0116 0.7282 0.0095 0.0091 0.0051 0.0066 0.1740 0.0060 0.0086 0.0317 
 H029.6_2003  2 0.0161 0.0411 0.7038 0.0282 0.0169 0.0156 0.0297 0.0213 0.0283 0.0902 0.0088 
      H029.7  2 0.0188 0.0054 0.8805 0.0054 0.0055 0.0076 0.0076 0.0178 0.0107 0.0193 0.0211 
      H030.1  2 0.0141 0.0203 0.0280 0.7033 0.0147 0.0067 0.0876 0.0871 0.0197 0.0128 0.0059 
      H030.2  2 0.0085 0.0169 0.1282 0.2415 0.1323 0.0490 0.0646 0.2365 0.0167 0.0098 0.0960 
      H038.1  2 0.0076 0.0052 0.9118 0.0059 0.0070 0.0080 0.0055 0.0070 0.0074 0.0068 0.0277 
      H038.2  2 0.0044 0.0059 0.9208 0.0097 0.0087 0.0068 0.0077 0.0088 0.0072 0.0136 0.0064 
      H038.3  2 0.0080 0.0106 0.8160 0.0609 0.0141 0.0091 0.0125 0.0071 0.0097 0.0131 0.0389 
      H038.4  2 0.0082 0.0088 0.8684 0.0164 0.0236 0.0083 0.0105 0.0063 0.0093 0.0105 0.0298 
      H038.5  2 0.0061 0.0203 0.8646 0.0242 0.0116 0.0105 0.0064 0.0132 0.0049 0.0122 0.0260 
      H038.6  2 0.0044 0.0098 0.9148 0.0075 0.0051 0.0133 0.0059 0.0102 0.0077 0.0083 0.0131 
      H038.7  2 0.0033 0.0075 0.9173 0.0147 0.0067 0.0115 0.0070 0.0045 0.0065 0.0110 0.0101 
      H038.8  2 0.0079 0.0092 0.7612 0.0576 0.0168 0.0085 0.0075 0.0100 0.0113 0.0133 0.0967 
      H041.1  2 0.0458 0.0156 0.3104 0.0225 0.0594 0.0102 0.2904 0.1898 0.0129 0.0145 0.0284 
      H041.2  2 0.0102 0.0103 0.3728 0.0119 0.3092 0.0078 0.1535 0.0512 0.0259 0.0307 0.0163 
      H041.4  2 0.0363 0.0118 0.7490 0.0127 0.0303 0.0130 0.0433 0.0397 0.0243 0.0117 0.0279 
      H041.6  2 0.0452 0.0089 0.6357 0.0164 0.0846 0.0435 0.0385 0.0585 0.0375 0.0185 0.0127 
 H042.1_2002  2 0.0363 0.0219 0.0112 0.0148 0.1245 0.1804 0.0100 0.5382 0.0320 0.0166 0.0141 
 H042.1_2003  2 0.0205 0.0489 0.1063 0.0365 0.0912 0.1428 0.2787 0.0207 0.1213 0.0293 0.1037 
 H042.2_2002  2 0.0295 0.0719 0.4584 0.0122 0.1962 0.0297 0.0113 0.1275 0.0061 0.0224 0.0350 
 H042.2_2003  2 0.0129 0.0155 0.2087 0.0130 0.5235 0.0755 0.0490 0.0150 0.0625 0.0183 0.0061 
 H042.3_2002  2 0.1038 0.0404 0.0182 0.0193 0.3769 0.1217 0.0103 0.2596 0.0115 0.0227 0.0157 
 H042.3_2003  2 0.0547 0.0808 0.0899 0.0232 0.2813 0.2767 0.0317 0.0926 0.0134 0.0199 0.0360 
 H042.4_2002  2 0.0161 0.0134 0.0356 0.0523 0.0972 0.0355 0.0135 0.6332 0.0467 0.0388 0.0177 
 H042.4_2003  2 0.0596 0.0100 0.1171 0.0228 0.0388 0.0367 0.0188 0.5870 0.0902 0.0131 0.0061 
      H042.5  2 0.0526 0.0113 0.0108 0.0065 0.0127 0.0223 0.0252 0.8298 0.0172 0.0081 0.0035 
      H042.6  2 0.0620 0.0192 0.0334 0.0106 0.0165 0.0722 0.0061 0.7364 0.0257 0.0080 0.0100 
      H042.7  2 0.0524 0.0200 0.0406 0.0191 0.5197 0.0161 0.0187 0.2770 0.0199 0.0115 0.0050 
      H042.8  2 0.0431 0.0234 0.0326 0.0059 0.2278 0.0567 0.0495 0.5193 0.0107 0.0128 0.0182 
   H042_2002  2 0.0644 0.0165 0.0952 0.0089 0.1418 0.5354 0.0332 0.0151 0.0532 0.0105 0.0259 
   H042_2003  2 0.0740 0.0194 0.0885 0.0076 0.1440 0.5247 0.0309 0.0195 0.0530 0.0108 0.0276 
      H043.1  2 0.0088 0.0188 0.0151 0.0119 0.0060 0.8050 0.0268 0.0104 0.0123 0.0159 0.0691 
      H043.2  2 0.1548 0.0330 0.0827 0.0082 0.0074 0.5186 0.0162 0.0083 0.0262 0.0157 0.1289 
      H043.3  2 0.0176 0.0217 0.6276 0.0160 0.0125 0.1977 0.0285 0.0065 0.0380 0.0137 0.0201 
      H043.4  2 0.0367 0.0125 0.0324 0.0116 0.0099 0.7469 0.0215 0.0063 0.0433 0.0139 0.0649 
      H043.5  2 0.0130 0.0415 0.2216 0.0123 0.0154 0.2956 0.0306 0.0105 0.0249 0.0203 0.3142 
      H043.6  2 0.0153 0.0236 0.4093 0.0152 0.0252 0.2467 0.0073 0.0088 0.0248 0.0197 0.2040 
      H043.7  2 0.0595 0.0137 0.0868 0.0267 0.0165 0.4935 0.0821 0.0071 0.1169 0.0072 0.0900 
      H043.8  2 0.0489 0.3168 0.0633 0.1078 0.0165 0.2748 0.0572 0.0107 0.0477 0.0264 0.0298 
      H043.9  2 0.0088 0.0391 0.0983 0.0187 0.0089 0.7104 0.0317 0.0149 0.0176 0.0156 0.0359 
      H047.1  2 0.0091 0.0086 0.3986 0.0066 0.0114 0.2930 0.2344 0.0055 0.0097 0.0164 0.0067 
      H047.2  2 0.0102 0.0138 0.1028 0.0105 0.0113 0.0071 0.7881 0.0192 0.0206 0.0123 0.0040 
      H047.3  2 0.0140 0.0118 0.0721 0.0126 0.0424 0.0132 0.7692 0.0278 0.0167 0.0150 0.0052 
      H047.4  2 0.0142 0.0099 0.3863 0.0122 0.0457 0.0114 0.4614 0.0157 0.0285 0.0105 0.0042 
      H047.5  2 0.0293 0.0105 0.1343 0.0124 0.0691 0.0272 0.6708 0.0106 0.0117 0.0196 0.0045 
      H047.6  2 0.0075 0.0055 0.0296 0.0058 0.0222 0.0058 0.8912 0.0120 0.0082 0.0072 0.0049 
      H047.7  2 0.0110 0.0071 0.4973 0.0064 0.0396 0.1720 0.2240 0.0106 0.0081 0.0146 0.0094 
      H047.8  2 0.0179 0.0143 0.0651 0.0065 0.0465 0.0254 0.7712 0.0170 0.0135 0.0182 0.0045 
      H047.9  2 0.0853 0.0089 0.4019 0.0134 0.0477 0.0875 0.2915 0.0110 0.0122 0.0362 0.0044 
 H071.1_2002  2 0.0071 0.0064 0.9095 0.0085 0.0077 0.0241 0.0065 0.0049 0.0080 0.0126 0.0049 
 H071.1_2003  2 0.0447 0.0078 0.7587 0.0464 0.0132 0.0508 0.0146 0.0086 0.0261 0.0200 0.0091 
     H071.10  2 0.0068 0.0067 0.9192 0.0180 0.0088 0.0066 0.0040 0.0091 0.0046 0.0061 0.0100 
 H071.2_2002  2 0.0130 0.0093 0.9149 0.0067 0.0089 0.0097 0.0059 0.0047 0.0088 0.0092 0.0088 
 H071.2_2003  2 0.0055 0.0043 0.9451 0.0048 0.0059 0.0096 0.0048 0.0048 0.0063 0.0056 0.0032 
      H071.3  2 0.0066 0.0078 0.8875 0.0280 0.0085 0.0079 0.0272 0.0063 0.0053 0.0072 0.0077 
 H071.4_2002  2 0.0088 0.0140 0.8817 0.0278 0.0101 0.0099 0.0070 0.0082 0.0075 0.0102 0.0147 
 H071.4_2003  2 0.0063 0.0074 0.9374 0.0114 0.0062 0.0074 0.0061 0.0042 0.0050 0.0051 0.0034 
 H071.5_2002  2 0.0053 0.0039 0.9381 0.0097 0.0066 0.0085 0.0039 0.0077 0.0056 0.0059 0.0046 
 H071.5_2003  2 0.0082 0.0110 0.9022 0.0238 0.0104 0.0105 0.0106 0.0046 0.0076 0.0075 0.0037 
 H071.6_2002  2 0.0068 0.0150 0.9198 0.0118 0.0078 0.0083 0.0055 0.0058 0.0050 0.0079 0.0062 
 H071.6_2003  2 0.0054 0.0063 0.9249 0.0206 0.0056 0.0076 0.0060 0.0054 0.0076 0.0070 0.0037 
 H071.7_2002  2 0.0060 0.0054 0.9442 0.0045 0.0057 0.0083 0.0057 0.0042 0.0063 0.0056 0.0040 
 H071.7_2003  2 0.0098 0.0102 0.8936 0.0254 0.0096 0.0145 0.0077 0.0060 0.0093 0.0090 0.0049 
      H071.8  2 0.0129 0.0068 0.9234 0.0058 0.0088 0.0075 0.0073 0.0052 0.0079 0.0070 0.0073 
      H071.9  2 0.0172 0.0227 0.8165 0.0307 0.0317 0.0125 0.0142 0.0136 0.0181 0.0083 0.0144 
 H081.1_2002  2 0.0068 0.0055 0.9378 0.0066 0.0060 0.0084 0.0047 0.0060 0.0076 0.0061 0.0043 
 H081.1_2003  2 0.0170 0.0252 0.0786 0.1177 0.0266 0.1139 0.0142 0.0733 0.1636 0.0715 0.2984 
 H081.2_2002  2 0.0247 0.0047 0.9120 0.0058 0.0074 0.0110 0.0079 0.0058 0.0109 0.0056 0.0042 
 H081.2_2003  2 0.0294 0.0234 0.0274 0.7784 0.0073 0.0793 0.0072 0.0212 0.0083 0.0080 0.0102 
 H081.3_2002  2 0.0401 0.0067 0.8663 0.0124 0.0084 0.0070 0.0200 0.0057 0.0165 0.0093 0.0076 
 H081.3_2003  2 0.0282 0.0427 0.0176 0.5423 0.0115 0.2310 0.0107 0.0265 0.0326 0.0352 0.0217 
 H081.4_2002  2 0.0072 0.0083 0.9260 0.0077 0.0070 0.0086 0.0066 0.0055 0.0076 0.0105 0.0047 
 H081.4_2003  2 0.0203 0.0228 0.0286 0.6548 0.0140 0.0855 0.0077 0.0403 0.0614 0.0444 0.0201 
 H081.5_2002  2 0.0069 0.0062 0.9243 0.0107 0.0054 0.0098 0.0078 0.0067 0.0083 0.0086 0.0052 
 H081.5_2003  2 0.0494 0.0191 0.1171 0.3529 0.0364 0.0960 0.0201 0.0433 0.1832 0.0471 0.0353 
      H081.6  2 0.0098 0.0074 0.9178 0.0074 0.0061 0.0183 0.0039 0.0054 0.0080 0.0107 0.0053 
      H081.7  2 0.0693 0.0090 0.8477 0.0153 0.0104 0.0089 0.0087 0.0070 0.0099 0.0086 0.0051 
      H081.8  2 0.0209 0.0190 0.7824 0.0793 0.0154 0.0079 0.0091 0.0177 0.0098 0.0223 0.0161 
      H083.1  2 0.0078 0.0068 0.9071 0.0085 0.0068 0.0067 0.0088 0.0226 0.0042 0.0140 0.0068 
      H083.2  2 0.0118 0.0139 0.8379 0.0091 0.0070 0.0222 0.0357 0.0328 0.0106 0.0096 0.0092 
      H083.4  2 0.0164 0.0223 0.8101 0.0073 0.0113 0.0113 0.0152 0.0734 0.0089 0.0087 0.0152 
      H083.5  2 0.0133 0.0066 0.8749 0.0077 0.0073 0.0079 0.0088 0.0354 0.0065 0.0074 0.0242 
      H083.6  2 0.0198 0.0227 0.8595 0.0131 0.0103 0.0058 0.0058 0.0264 0.0074 0.0187 0.0105 
      H083.7  2 0.0286 0.0274 0.7771 0.0081 0.0113 0.0109 0.0168 0.0813 0.0110 0.0085 0.0190 
      H083.8  2 0.0157 0.0137 0.8214 0.0071 0.0068 0.0169 0.0709 0.0189 0.0111 0.0113 0.0062 
      H083.9  2 0.0107 0.0069 0.8870 0.0063 0.0076 0.0058 0.0099 0.0437 0.0053 0.0072 0.0094 
      H084.1  2 0.0067 0.0120 0.0094 0.7764 0.0125 0.0133 0.0162 0.0190 0.0104 0.0061 0.1179 
      H084.2  2 0.0055 0.0248 0.0160 0.7240 0.0082 0.0119 0.0060 0.0340 0.0150 0.0070 0.1478 
      H084.3  2 0.0089 0.0131 0.0075 0.4295 0.1449 0.0116 0.0121 0.0352 0.0202 0.0606 0.2565 
      H084.4  2 0.0071 0.0122 0.0165 0.4694 0.0688 0.0134 0.0322 0.0227 0.0273 0.0173 0.3132 
      H084.5  2 0.0090 0.0105 0.0058 0.8065 0.0589 0.0055 0.0239 0.0077 0.0098 0.0123 0.0501 
      H084.6  2 0.0109 0.0081 0.0061 0.7017 0.0602 0.0063 0.0304 0.0130 0.0094 0.0259 0.1278 
      H084.7  2 0.0093 0.0158 0.0133 0.8808 0.0126 0.0109 0.0075 0.0174 0.0094 0.0069 0.0161 
      H084.8  2 0.0096 0.0088 0.0065 0.7805 0.0306 0.0058 0.0285 0.0099 0.0090 0.0101 0.1008 
 H085.1_2002  2 0.6559 0.0118 0.1531 0.0177 0.0132 0.0178 0.0072 0.0551 0.0180 0.0132 0.0371 
 H085.1_2003  2 0.0796 0.0290 0.5796 0.0394 0.0118 0.0087 0.0366 0.1796 0.0106 0.0099 0.0152 
 H085.2_2002  2 0.6111 0.0119 0.0219 0.0243 0.0181 0.0130 0.0078 0.0964 0.1051 0.0154 0.0750 
 H085.2_2003  2 0.0195 0.0265 0.7766 0.0161 0.0121 0.0095 0.0499 0.0468 0.0157 0.0136 0.0138 
 H085.3_2002  2 0.9016 0.0055 0.0103 0.0107 0.0103 0.0089 0.0106 0.0207 0.0117 0.0048 0.0050 
 H085.3_2003  2 0.0458 0.0158 0.7917 0.0426 0.0154 0.0192 0.0379 0.0100 0.0107 0.0054 0.0055 
 H085.4_2002  2 0.4730 0.0208 0.2488 0.0252 0.0242 0.0389 0.0089 0.0558 0.0331 0.0209 0.0503 
 H085.4_2003  2 0.0112 0.0069 0.8132 0.0403 0.0426 0.0144 0.0100 0.0197 0.0238 0.0107 0.0072 
 H085.5_2002  2 0.9057 0.0062 0.0110 0.0104 0.0079 0.0160 0.0086 0.0108 0.0115 0.0056 0.0063 
 H085.5_2003  2 0.0132 0.0161 0.8503 0.0166 0.0081 0.0133 0.0113 0.0450 0.0091 0.0089 0.0082 
 H085.6_2002  2 0.8486 0.0101 0.0135 0.0188 0.0101 0.0097 0.0112 0.0326 0.0224 0.0078 0.0153 
 H085.6_2003  2 0.1416 0.0153 0.1928 0.0978 0.0685 0.0273 0.2912 0.0192 0.1264 0.0134 0.0063 
 H085.7_2002  2 0.6896 0.0096 0.0636 0.0137 0.0101 0.0099 0.0212 0.0518 0.1093 0.0082 0.0129 
 H085.7_2003  2 0.0271 0.0189 0.7959 0.0274 0.0252 0.0165 0.0402 0.0168 0.0092 0.0117 0.0111 
 H085.8_2002  2 0.8402 0.0138 0.0162 0.0200 0.0151 0.0125 0.0138 0.0100 0.0424 0.0059 0.0102 
 H085.8_2003  2 0.0394 0.0136 0.2196 0.0347 0.0785 0.0224 0.0411 0.4436 0.0638 0.0267 0.0165 
      H085.9  2 0.6869 0.0089 0.1301 0.0163 0.0158 0.0235 0.0113 0.0354 0.0319 0.0092 0.0306 
      H088.1  2 0.0325 0.0383 0.0117 0.0171 0.0144 0.0231 0.0130 0.8028 0.0203 0.0153 0.0117 
      H088.2  2 0.0320 0.0206 0.0101 0.0152 0.0155 0.0123 0.0162 0.8263 0.0254 0.0177 0.0087 
      H088.3  2 0.0173 0.0209 0.0081 0.0132 0.0103 0.0078 0.0213 0.8603 0.0247 0.0094 0.0067 
      H088.4  2 0.0051 0.0547 0.0379 0.0817 0.0178 0.0239 0.0198 0.7116 0.0220 0.0161 0.0094 
      H088.5  2 0.0079 0.0118 0.0081 0.0150 0.0135 0.0125 0.0115 0.8930 0.0124 0.0075 0.0067 
      H088.6  2 0.0113 0.0289 0.0173 0.0228 0.0312 0.0155 0.0193 0.8240 0.0117 0.0105 0.0075 
      H088.7  2 0.0141 0.0195 0.1550 0.0148 0.0243 0.0095 0.3014 0.4179 0.0190 0.0149 0.0097 
      H088.8  2 0.0110 0.0535 0.2083 0.0469 0.0441 0.0294 0.1409 0.3978 0.0212 0.0357 0.0112 
      H091.1  2 0.0166 0.0127 0.0155 0.0211 0.0333 0.0151 0.0181 0.8367 0.0097 0.0141 0.0071 
      H091.2  2 0.0172 0.0225 0.0328 0.0100 0.0618 0.0151 0.0218 0.7824 0.0109 0.0200 0.0054 
      H109.1  2 0.0368 0.2080 0.0258 0.1200 0.1305 0.0774 0.2533 0.0572 0.0099 0.0159 0.0651 
      H109.2  2 0.0148 0.0309 0.0899 0.6050 0.0828 0.0405 0.0551 0.0304 0.0210 0.0167 0.0129 
      H109.3  2 0.0262 0.1330 0.0340 0.0850 0.0280 0.0175 0.5850 0.0114 0.0125 0.0491 0.0184 
      H109.4  2 0.0290 0.4597 0.0443 0.1455 0.0767 0.0479 0.0984 0.0187 0.0176 0.0173 0.0451 
      H109.5  2 0.0451 0.0241 0.4622 0.0779 0.1059 0.0109 0.1817 0.0191 0.0183 0.0497 0.0050 
      H109.6  2 0.0314 0.0880 0.0527 0.4219 0.0962 0.0815 0.1097 0.0208 0.0261 0.0498 0.0218 
      H126.1  2 0.1281 0.1426 0.0153 0.0138 0.2206 0.2990 0.0131 0.0184 0.1095 0.0246 0.0150 
      H126.2  2 0.0425 0.0645 0.5484 0.0142 0.0139 0.1824 0.0173 0.0119 0.0289 0.0116 0.0645 
      H126.3  2 0.0284 0.0576 0.6673 0.0056 0.1219 0.0407 0.0129 0.0113 0.0164 0.0140 0.0239 
      H126.4  2 0.0582 0.1412 0.0484 0.0113 0.0210 0.5883 0.0163 0.0211 0.0476 0.0351 0.0115 
      H126.5  2 0.0116 0.0163 0.1127 0.0076 0.0134 0.7622 0.0081 0.0082 0.0263 0.0288 0.0049 
      H126.6  2 0.0269 0.0072 0.8243 0.0049 0.0102 0.0225 0.0096 0.0155 0.0339 0.0401 0.0049 
      H126.7  2 0.0164 0.0178 0.9017 0.0083 0.0055 0.0140 0.0077 0.0076 0.0079 0.0101 0.0030 
      H130.1  2 0.0128 0.0283 0.0097 0.0151 0.0095 0.0356 0.0133 0.0287 0.8317 0.0090 0.0062 
      H130.2  2 0.0167 0.0432 0.0350 0.6393 0.0117 0.0074 0.0521 0.0780 0.0897 0.0160 0.0110 
      H130.3  2 0.0071 0.5325 0.0397 0.1156 0.0060 0.0116 0.0265 0.0266 0.2180 0.0110 0.0055 
      H130.4  2 0.0298 0.2002 0.0098 0.0604 0.0131 0.0409 0.0259 0.0445 0.5040 0.0404 0.0309 
      H130.5  2 0.0336 0.0190 0.0643 0.2315 0.0132 0.0170 0.0108 0.1598 0.4308 0.0142 0.0058 
      H133.1  2 0.0536 0.1175 0.0710 0.1195 0.0172 0.0434 0.1792 0.0521 0.1559 0.0282 0.1624 
      H133.2  2 0.0623 0.0540 0.0298 0.1752 0.0188 0.0972 0.2746 0.0273 0.1613 0.0857 0.0137 
      H133.3  2 0.2239 0.0551 0.1882 0.0801 0.0377 0.0112 0.1116 0.0642 0.0410 0.0557 0.1314 
      H133.4  2 0.0148 0.0402 0.0112 0.0382 0.0095 0.0483 0.6944 0.0092 0.0294 0.0531 0.0519 
      H133.5  2 0.0752 0.6171 0.0140 0.0584 0.0066 0.0373 0.0276 0.0398 0.0641 0.0377 0.0221 
      H133.6  2 0.0642 0.1698 0.0262 0.2216 0.0201 0.2233 0.0307 0.1025 0.0995 0.0291 0.0132 
      H133.7  2 0.0455 0.0102 0.0178 0.0327 0.0555 0.0160 0.6939 0.0111 0.0309 0.0277 0.0587 
      H133.8  2 0.1086 0.1825 0.0269 0.0386 0.0411 0.0306 0.2899 0.0354 0.0869 0.0357 0.1237 
      H133.9  2 0.0370 0.2225 0.0663 0.0879 0.0151 0.0295 0.1396 0.0727 0.1383 0.0306 0.1605 
      H147.1  2 0.0553 0.0055 0.5489 0.1094 0.1122 0.0198 0.0560 0.0416 0.0213 0.0124 0.0177 
      H147.2  2 0.0097 0.0041 0.9117 0.0144 0.0119 0.0096 0.0082 0.0091 0.0105 0.0058 0.0051 
      H147.3  2 0.0318 0.0051 0.8914 0.0169 0.0108 0.0101 0.0080 0.0052 0.0087 0.0072 0.0049 
      H147.4  2 0.0202 0.0047 0.8735 0.0253 0.0097 0.0069 0.0161 0.0082 0.0050 0.0088 0.0218 
      H147.5  2 0.0233 0.0221 0.6827 0.0984 0.0145 0.0219 0.0317 0.0725 0.0109 0.0138 0.0083 
      H147.6  2 0.0386 0.0261 0.5462 0.1327 0.0187 0.0219 0.0785 0.0930 0.0110 0.0248 0.0084 
      H147.7  2 0.0187 0.0058 0.8425 0.0358 0.0190 0.0057 0.0251 0.0112 0.0063 0.0103 0.0195 
      H147.8  2 0.0091 0.0077 0.7604 0.0334 0.0113 0.0043 0.0589 0.0740 0.0045 0.0084 0.0281 
      H147.9  2 0.0184 0.0045 0.9148 0.0119 0.0074 0.0116 0.0067 0.0052 0.0087 0.0051 0.0057 
      H148.1  2 0.0164 0.0352 0.0107 0.0890 0.3240 0.0276 0.0170 0.0409 0.3655 0.0163 0.0575 
      H148.2  2 0.0140 0.0172 0.0169 0.0269 0.7619 0.0151 0.0100 0.0160 0.0742 0.0143 0.0336 
      H148.3  2 0.2742 0.0088 0.0083 0.0088 0.6160 0.0111 0.0112 0.0102 0.0162 0.0115 0.0236 
      H148.4  2 0.0207 0.0222 0.0163 0.0143 0.5239 0.0119 0.0110 0.0085 0.3295 0.0162 0.0255 
      H148.5  2 0.0196 0.0209 0.0134 0.0527 0.7450 0.0164 0.0208 0.0247 0.0216 0.0218 0.0430 
      H148.6  2 0.0203 0.0112 0.0153 0.0169 0.7139 0.0132 0.0092 0.0301 0.0761 0.0141 0.0797 
      H148.7  2 0.0115 0.1508 0.0125 0.0349 0.5725 0.0148 0.0744 0.0269 0.0384 0.0272 0.0361 
      H148.8  2 0.0277 0.0157 0.0075 0.0119 0.7480 0.0126 0.0114 0.0185 0.1136 0.0089 0.0242 
      H148.9  2 0.0392 0.0393 0.0098 0.0253 0.6089 0.0503 0.0453 0.0162 0.0320 0.0138 0.1199 
   H166022.1  2 0.0135 0.0051 0.0133 0.0127 0.0166 0.0047 0.0142 0.8989 0.0079 0.0066 0.0064 
   H166022.2  2 0.0252 0.0137 0.0529 0.1123 0.0183 0.0073 0.0397 0.6726 0.0169 0.0235 0.0176 
   H166022.3  2 0.0047 0.0131 0.0054 0.0099 0.0064 0.0056 0.0097 0.9203 0.0099 0.0099 0.0051 
   H166022.4  2 0.0051 0.0249 0.0083 0.0162 0.0057 0.0052 0.0090 0.8978 0.0062 0.0163 0.0054 
   H166022.5  2 0.0053 0.0111 0.0106 0.0386 0.0068 0.0088 0.0091 0.8712 0.0111 0.0222 0.0051 
   H166022.6  2 0.0075 0.0077 0.0093 0.0175 0.0129 0.0100 0.0285 0.8583 0.0219 0.0097 0.0167 
   H166022.7  2 0.0067 0.8736 0.0104 0.0243 0.0059 0.0142 0.0102 0.0055 0.0102 0.0053 0.0337 
   H166022.8  2 0.0195 0.0103 0.0195 0.0944 0.0162 0.0127 0.0305 0.6481 0.0860 0.0536 0.0092 
   H167397.1  2 0.0236 0.0090 0.0975 0.0338 0.1385 0.0248 0.0379 0.0474 0.0216 0.0898 0.4761 
   H167397.2  2 0.0801 0.0139 0.0339 0.0164 0.0431 0.0124 0.0251 0.0385 0.0337 0.3603 0.3426 
   H167397.3  2 0.0124 0.0061 0.0563 0.0089 0.1020 0.0107 0.0212 0.0224 0.0092 0.2063 0.5445 
   H167397.4  2 0.0644 0.0153 0.0347 0.0182 0.0436 0.0061 0.1062 0.0154 0.0108 0.0341 0.6512 
   H167397.5  2 0.0206 0.0208 0.0357 0.0347 0.0440 0.0338 0.0230 0.0320 0.0537 0.0878 0.6137 
   H167397.6  2 0.0143 0.0097 0.0341 0.0093 0.2445 0.0135 0.0460 0.0248 0.0141 0.0473 0.5423 
   H167496.1  2 0.0419 0.0942 0.0198 0.0455 0.1705 0.0229 0.0208 0.3035 0.0875 0.1793 0.0140 
   H167496.2  2 0.0391 0.0498 0.1718 0.2205 0.1621 0.0173 0.0767 0.0251 0.1669 0.0543 0.0164 
   H167496.3  2 0.4580 0.0285 0.0241 0.0209 0.0346 0.0425 0.0248 0.1876 0.1464 0.0220 0.0104 
   H167496.4  2 0.0099 0.0131 0.0241 0.0141 0.0078 0.0085 0.0095 0.8895 0.0076 0.0104 0.0056 
   H167496.6  2 0.0117 0.0255 0.0807 0.1119 0.0112 0.0318 0.0141 0.6656 0.0217 0.0191 0.0068 
   H167496.7  2 0.0107 0.0328 0.0213 0.0385 0.1478 0.0352 0.0495 0.0565 0.5615 0.0389 0.0075 
   H167496.8  2 0.0120 0.0181 0.1200 0.1720 0.0311 0.0196 0.0334 0.5386 0.0262 0.0221 0.0068 
   H167513.1  2 0.0051 0.0066 0.0072 0.0080 0.0075 0.0046 0.9257 0.0101 0.0104 0.0082 0.0066 
   H167513.2  2 0.0146 0.0089 0.0075 0.0150 0.0236 0.0407 0.8191 0.0148 0.0187 0.0101 0.0269 
   H167513.3  2 0.0068 0.0142 0.0078 0.0121 0.0066 0.0099 0.9093 0.0086 0.0063 0.0112 0.0070 
   H167513.4  2 0.0051 0.0106 0.0090 0.0266 0.0159 0.0096 0.8368 0.0561 0.0154 0.0065 0.0084 
   H167513.5  2 0.0120 0.0053 0.0085 0.0097 0.0089 0.0109 0.8940 0.0101 0.0102 0.0049 0.0255 
   H167513.6  2 0.0108 0.0066 0.0088 0.0167 0.0129 0.0071 0.8961 0.0121 0.0111 0.0078 0.0101 
   H167513.7  2 0.0091 0.0093 0.0106 0.0129 0.0063 0.0113 0.8624 0.0255 0.0084 0.0059 0.0384 
   H167513.8  2 0.0059 0.0106 0.0064 0.0163 0.0036 0.0102 0.9102 0.0056 0.0051 0.0057 0.0202 
   H167547.1  2 0.0115 0.0149 0.0094 0.0191 0.5065 0.0276 0.0300 0.0510 0.2925 0.0135 0.0241 
   H167547.2  2 0.0119 0.0103 0.0085 0.0120 0.8149 0.0134 0.0287 0.0417 0.0345 0.0102 0.0138 
   H167547.3  2 0.0083 0.0128 0.0083 0.0104 0.8194 0.0124 0.0252 0.0430 0.0397 0.0101 0.0105 
   H167547.4  2 0.0676 0.0310 0.0083 0.0120 0.1056 0.0629 0.0280 0.5344 0.1011 0.0086 0.0403 
   H167547.5  2 0.0215 0.0103 0.0094 0.0186 0.8434 0.0161 0.0118 0.0452 0.0083 0.0071 0.0082 
   H167547.6  2 0.0191 0.0104 0.0106 0.0147 0.8383 0.0125 0.0116 0.0568 0.0113 0.0071 0.0075 
   H167547.7  2 0.1848 0.0464 0.0227 0.0283 0.0763 0.1557 0.1618 0.0216 0.1506 0.1310 0.0208 
   H169750.1  2 0.0473 0.1200 0.0313 0.0521 0.0209 0.0154 0.0535 0.1424 0.4835 0.0221 0.0114 
   H169750.2  2 0.0190 0.0231 0.0797 0.0692 0.0625 0.0282 0.5088 0.0136 0.0816 0.0816 0.0327 
   H169750.3  2 0.0491 0.1005 0.0491 0.2775 0.0177 0.0178 0.3094 0.0463 0.0738 0.0539 0.0049 
   H169750.4  2 0.0294 0.0656 0.0320 0.0162 0.0425 0.0184 0.0973 0.0159 0.5391 0.0888 0.0549 
   H169750.5  2 0.0708 0.1789 0.1151 0.0633 0.0125 0.0155 0.2305 0.1329 0.1256 0.0396 0.0154 
   H169750.6  2 0.0495 0.1023 0.4868 0.1204 0.0141 0.0228 0.1173 0.0255 0.0375 0.0135 0.0102 
   H169750.7  2 0.0608 0.0863 0.0397 0.0355 0.0275 0.0248 0.4663 0.0163 0.1415 0.0737 0.0275 
   H171929.1  2 0.0322 0.0053 0.0094 0.0054 0.0093 0.0102 0.8560 0.0084 0.0085 0.0074 0.0479 
  H171929.10  2 0.0390 0.0053 0.0213 0.0284 0.0156 0.0145 0.7934 0.0312 0.0137 0.0124 0.0253 
  H171929.11  2 0.0154 0.0068 0.0080 0.0081 0.0108 0.0234 0.8716 0.0068 0.0096 0.0123 0.0273 
   H171929.2  2 0.0094 0.0068 0.0054 0.0114 0.0154 0.0127 0.8985 0.0114 0.0129 0.0096 0.0066 
   H171929.3  2 0.0089 0.0064 0.0074 0.0093 0.0097 0.0132 0.9065 0.0079 0.0081 0.0123 0.0104 
   H171929.4  2 0.0538 0.0109 0.0159 0.0133 0.0091 0.0184 0.7743 0.0370 0.0501 0.0125 0.0048 
   H171929.5  2 0.0058 0.0083 0.0064 0.0079 0.0072 0.0130 0.9145 0.0089 0.0067 0.0114 0.0100 
   H171929.6  2 0.0053 0.0079 0.0047 0.0067 0.0060 0.0130 0.9261 0.0057 0.0054 0.0078 0.0113 
   H171929.7  2 0.0324 0.0079 0.0109 0.0056 0.0065 0.0108 0.8963 0.0078 0.0096 0.0064 0.0057 
   H171929.8  2 0.0588 0.0057 0.0088 0.0095 0.0099 0.0282 0.8264 0.0142 0.0230 0.0083 0.0070 
