      H105.1  1 0.0075 0.0278 0.0158 0.0166 0.0086 0.0141 0.0185 0.0067 0.0059 0.0225 0.0339 0.0058 0.0155 0.6775 0.0258 0.0129 0.0072 0.0065 0.0064 0.0157 0.0489 
      H105.2  1 0.0240 0.0278 0.0114 0.0329 0.0124 0.0264 0.0284 0.0082 0.0405 0.0211 0.0542 0.0108 0.0047 0.2778 0.0080 0.0273 0.0068 0.3003 0.0064 0.0306 0.0402 
      H105.3  1 0.0065 0.0202 0.0099 0.0154 0.0060 0.0048 0.0124 0.0086 0.0099 0.0136 0.0075 0.0093 0.0161 0.7824 0.0056 0.0101 0.0040 0.0175 0.0052 0.0223 0.0128 
      H105.4  1 0.0165 0.0469 0.0110 0.0159 0.0064 0.0113 0.0091 0.0147 0.0125 0.0292 0.0143 0.0223 0.0137 0.4047 0.0085 0.0072 0.0151 0.2561 0.0096 0.0067 0.0682 
      H105.5  1 0.0227 0.1126 0.0107 0.0340 0.0077 0.0762 0.1250 0.0470 0.0240 0.0552 0.0500 0.0292 0.0197 0.0419 0.0324 0.0233 0.0158 0.1048 0.0119 0.0493 0.1067 
      H105.6  1 0.0066 0.0160 0.0073 0.0168 0.0049 0.0086 0.0060 0.0202 0.0120 0.0098 0.0040 0.0185 0.0119 0.7690 0.0040 0.0036 0.0058 0.0355 0.0088 0.0079 0.0228 
      H105.7  1 0.0280 0.0163 0.0223 0.0088 0.0050 0.0054 0.0137 0.0058 0.0057 0.0191 0.0109 0.0128 0.0066 0.7099 0.0165 0.0051 0.0118 0.0156 0.0082 0.0078 0.0646 
      H105.8  1 0.0067 0.0067 0.0371 0.0257 0.0081 0.0138 0.0042 0.0078 0.0131 0.0074 0.0310 0.0062 0.0043 0.7542 0.0059 0.0102 0.0034 0.0134 0.0093 0.0118 0.0195 
      H115.1  1 0.0138 0.0517 0.0353 0.0348 0.0090 0.0656 0.0107 0.1183 0.0102 0.0090 0.0089 0.0214 0.0621 0.0228 0.0367 0.0070 0.0045 0.4031 0.0175 0.0303 0.0272 
      H115.2  1 0.0087 0.0257 0.0125 0.0107 0.0188 0.1659 0.0390 0.2785 0.0153 0.0096 0.0092 0.0097 0.0200 0.0276 0.0195 0.0055 0.0078 0.2550 0.0263 0.0244 0.0104 
      H115.3  1 0.0066 0.0255 0.0117 0.0071 0.0090 0.1684 0.0635 0.4492 0.0215 0.0118 0.0071 0.0037 0.0212 0.0146 0.0136 0.0106 0.0051 0.1239 0.0076 0.0057 0.0126 
      H115.4  1 0.0068 0.0136 0.0077 0.0286 0.0073 0.5434 0.1085 0.0211 0.0062 0.0092 0.0104 0.0045 0.0349 0.0127 0.0408 0.0372 0.0051 0.0189 0.0143 0.0571 0.0115 
      H115.5  1 0.0145 0.0291 0.0309 0.0126 0.0612 0.0658 0.0229 0.3611 0.0079 0.0204 0.0147 0.0189 0.0438 0.0491 0.0321 0.1209 0.0152 0.0347 0.0081 0.0177 0.0184 
      H115.6  1 0.0203 0.0580 0.0175 0.0046 0.0175 0.0771 0.1672 0.3743 0.0461 0.0147 0.0071 0.0064 0.0378 0.0129 0.0169 0.0162 0.0075 0.0613 0.0166 0.0109 0.0092 
      H115.7  1 0.0090 0.0327 0.0047 0.0059 0.0043 0.0310 0.0531 0.0116 0.0075 0.0076 0.0052 0.0073 0.0071 0.0065 0.0216 0.0184 0.0065 0.7342 0.0076 0.0103 0.0077 
      H115.8  1 0.0129 0.0303 0.0702 0.0062 0.0962 0.1256 0.0473 0.3863 0.0191 0.0075 0.0100 0.0058 0.0396 0.0273 0.0197 0.0203 0.0061 0.0337 0.0122 0.0127 0.0109 
      H115.9  1 0.0063 0.0131 0.0523 0.0113 0.0066 0.0157 0.0067 0.6544 0.0078 0.0078 0.0057 0.0133 0.0094 0.0074 0.0243 0.0052 0.0052 0.0530 0.0110 0.0331 0.0504 
      H145.1  1 0.0034 0.0059 0.0082 0.0060 0.0283 0.0098 0.0056 0.0068 0.0236 0.0103 0.0051 0.0052 0.0118 0.0052 0.0072 0.0037 0.8235 0.0065 0.0053 0.0063 0.0122 
      H145.2  1 0.0056 0.0165 0.0103 0.0148 0.0313 0.0133 0.0092 0.0314 0.0135 0.0074 0.0069 0.0076 0.0109 0.0060 0.0051 0.0033 0.7618 0.0146 0.0108 0.0067 0.0128 
      H145.3  1 0.0061 0.0065 0.0315 0.0072 0.0662 0.0084 0.0052 0.0067 0.0297 0.0070 0.0038 0.0045 0.0038 0.0037 0.0054 0.0108 0.7614 0.0106 0.0037 0.0039 0.0138 
      H145.4  1 0.0032 0.0058 0.0064 0.0041 0.0074 0.0039 0.0044 0.0035 0.0074 0.0047 0.0033 0.0058 0.0063 0.0040 0.0047 0.0035 0.9029 0.0052 0.0047 0.0032 0.0054 
      H145.5  1 0.0041 0.0060 0.0088 0.0044 0.1758 0.0062 0.0073 0.0056 0.0320 0.0058 0.0042 0.0071 0.0073 0.0040 0.0039 0.0065 0.6906 0.0047 0.0052 0.0042 0.0063 
      H145.6  1 0.0103 0.0155 0.0053 0.0088 0.0110 0.0060 0.0045 0.0160 0.0055 0.0038 0.0059 0.0041 0.0053 0.0046 0.0059 0.0079 0.8502 0.0124 0.0061 0.0038 0.0069 
      H145.7  1 0.0036 0.0048 0.0069 0.0057 0.0040 0.0068 0.0049 0.0036 0.0062 0.0037 0.0037 0.0039 0.0064 0.0035 0.0060 0.0126 0.8920 0.0080 0.0045 0.0032 0.0060 
      H149.1  1 0.0032 0.0039 0.0039 0.0039 0.0039 0.0034 0.0035 0.0042 0.0050 0.0029 0.0037 0.0049 0.9228 0.0033 0.0040 0.0032 0.0041 0.0043 0.0049 0.0031 0.0038 
      H149.2  1 0.0054 0.0136 0.0044 0.0056 0.0031 0.0037 0.0130 0.0037 0.0066 0.0066 0.0040 0.0051 0.8451 0.0044 0.0132 0.0051 0.0355 0.0069 0.0035 0.0046 0.0070 
      H149.3  1 0.0177 0.0253 0.0075 0.0141 0.0047 0.0059 0.0400 0.0061 0.0089 0.0163 0.0061 0.0110 0.6766 0.0148 0.0298 0.0085 0.0658 0.0205 0.0061 0.0056 0.0088 
      H149.4  1 0.0098 0.0079 0.0063 0.0114 0.0091 0.0031 0.0042 0.0040 0.0061 0.0055 0.0093 0.0070 0.8402 0.0137 0.0100 0.0031 0.0057 0.0163 0.0180 0.0035 0.0058 
      H149.5  1 0.0172 0.0137 0.0080 0.0315 0.0038 0.0045 0.0150 0.0033 0.0064 0.0136 0.0181 0.0075 0.4998 0.0150 0.1241 0.0068 0.1446 0.0412 0.0087 0.0055 0.0118 
      H149.6  1 0.0114 0.0167 0.0038 0.0061 0.0036 0.0037 0.0145 0.0034 0.0061 0.0061 0.0043 0.0055 0.8196 0.0099 0.0199 0.0044 0.0372 0.0102 0.0036 0.0057 0.0044 
      H149.7  1 0.0609 0.0212 0.0120 0.0242 0.0110 0.0059 0.0131 0.0061 0.0119 0.0145 0.0405 0.0435 0.5462 0.0216 0.0286 0.0082 0.0348 0.0565 0.0213 0.0100 0.0079 
      H150.1  1 0.0049 0.0196 0.0126 0.0038 0.0141 0.1132 0.0465 0.5642 0.0098 0.0071 0.0072 0.0069 0.0034 0.0231 0.0072 0.0090 0.0097 0.1181 0.0066 0.0055 0.0076 
      H150.2  1 0.0085 0.0444 0.0065 0.0094 0.0380 0.3134 0.0448 0.1997 0.0139 0.0160 0.0056 0.0072 0.0250 0.0159 0.0144 0.0079 0.0065 0.1954 0.0055 0.0160 0.0060 
      H150.3  1 0.0136 0.2007 0.0131 0.0057 0.0151 0.0479 0.0200 0.1309 0.0129 0.0079 0.0071 0.0092 0.0095 0.0124 0.0097 0.0131 0.0113 0.4328 0.0080 0.0101 0.0089 
      H150.4  1 0.0097 0.0167 0.0133 0.0035 0.0221 0.0249 0.0151 0.7510 0.0079 0.0075 0.0046 0.0096 0.0043 0.0096 0.0075 0.0147 0.0137 0.0293 0.0055 0.0159 0.0137 
      H150.5  1 0.0131 0.0374 0.0075 0.0079 0.0084 0.3238 0.0525 0.1272 0.0139 0.0198 0.0086 0.0089 0.0123 0.0467 0.0242 0.0070 0.0143 0.2358 0.0139 0.0067 0.0100 
      H150.6  1 0.0087 0.0259 0.0038 0.0048 0.0117 0.2387 0.2560 0.0155 0.0141 0.0100 0.0093 0.0055 0.0083 0.0695 0.0278 0.0441 0.0113 0.2079 0.0160 0.0072 0.0039 
      H150.7  1 0.0050 0.0177 0.0087 0.0047 0.0143 0.0310 0.0169 0.7220 0.0145 0.0064 0.0061 0.0047 0.0054 0.0117 0.0046 0.0108 0.0054 0.0926 0.0057 0.0055 0.0062 
   H169607.1  1 0.0307 0.0205 0.0197 0.0387 0.0267 0.1175 0.0150 0.0219 0.0554 0.1735 0.0699 0.0094 0.0072 0.0096 0.0185 0.0277 0.1227 0.0687 0.0092 0.1232 0.0142 
   H169607.2  1 0.0138 0.0393 0.0412 0.0258 0.0053 0.0305 0.0102 0.0261 0.0772 0.0597 0.0423 0.0057 0.0078 0.0095 0.0084 0.0087 0.1017 0.1546 0.0605 0.0290 0.2427 
   H169607.3  1 0.0568 0.0298 0.0433 0.0466 0.0142 0.0583 0.0106 0.0116 0.0419 0.0820 0.0359 0.0077 0.0058 0.0073 0.0892 0.0244 0.2229 0.1140 0.0061 0.0207 0.0708 
   H169607.4  1 0.0086 0.0157 0.0060 0.0071 0.0057 0.0107 0.0063 0.0133 0.3649 0.1081 0.0383 0.0067 0.0043 0.0092 0.0086 0.0062 0.1887 0.0380 0.0270 0.0152 0.1114 
   H169607.5  1 0.0093 0.0155 0.0260 0.0263 0.0071 0.0407 0.0092 0.0152 0.0174 0.0866 0.0085 0.0039 0.0076 0.0051 0.0464 0.0099 0.0870 0.3679 0.0773 0.0137 0.1196 
   H169607.6  1 0.0107 0.0212 0.0258 0.0279 0.0037 0.0292 0.0070 0.0094 0.0583 0.0481 0.0569 0.0051 0.0077 0.0073 0.0088 0.0118 0.0940 0.0868 0.0277 0.0333 0.4193 
   H169607.7  1 0.0095 0.0215 0.0659 0.0278 0.0061 0.4166 0.0092 0.0108 0.0228 0.0312 0.1023 0.0039 0.0117 0.0155 0.0089 0.0121 0.0257 0.0758 0.0273 0.0194 0.0760 
   H169607.8  1 0.0129 0.0218 0.0158 0.0093 0.0037 0.0069 0.0047 0.0092 0.1973 0.1319 0.0458 0.0059 0.0041 0.0046 0.0069 0.0074 0.0459 0.0166 0.0174 0.0135 0.4183 
   H169633.1  1 0.0155 0.0142 0.0069 0.0060 0.0173 0.0119 0.0140 0.0104 0.0061 0.0055 0.0161 0.0089 0.7743 0.0129 0.0076 0.0134 0.0295 0.0086 0.0052 0.0096 0.0062 
   H169633.2  1 0.0562 0.0271 0.0133 0.0133 0.0082 0.0155 0.0127 0.0037 0.0055 0.0047 0.0251 0.0078 0.7056 0.0125 0.0057 0.0101 0.0150 0.0063 0.0073 0.0407 0.0038 
   H169633.3  1 0.0068 0.0078 0.0116 0.0104 0.0049 0.0061 0.0258 0.0068 0.0059 0.0059 0.0054 0.0212 0.8151 0.0159 0.0085 0.0063 0.0110 0.0057 0.0061 0.0085 0.0041 
   H169633.4  1 0.0041 0.0083 0.0070 0.0075 0.0141 0.0059 0.0119 0.0067 0.0108 0.0056 0.0062 0.0086 0.8190 0.0168 0.0155 0.0090 0.0098 0.0151 0.0050 0.0057 0.0073 
   H169633.5  1 0.0039 0.0106 0.0067 0.0070 0.0154 0.0052 0.0130 0.0090 0.0083 0.0053 0.0054 0.0081 0.8260 0.0114 0.0166 0.0079 0.0103 0.0128 0.0043 0.0068 0.0061 
   H169688.1  1 0.3331 0.0252 0.0102 0.0488 0.0044 0.1109 0.0040 0.0083 0.0318 0.0091 0.0160 0.0271 0.0141 0.0048 0.0056 0.0709 0.1481 0.0303 0.0100 0.0077 0.0798 
   H169688.2  1 0.5256 0.0150 0.0097 0.0168 0.0131 0.1840 0.0044 0.0175 0.0078 0.0102 0.0684 0.0109 0.0059 0.0130 0.0062 0.0355 0.0152 0.0081 0.0130 0.0045 0.0154 
   H169688.3  1 0.1315 0.0129 0.0040 0.0046 0.0085 0.5691 0.0056 0.0118 0.0080 0.0039 0.0689 0.0098 0.0124 0.0098 0.0136 0.0160 0.0596 0.0239 0.0123 0.0073 0.0065 
   H169688.4  1 0.0318 0.0081 0.0048 0.0045 0.0101 0.7141 0.0045 0.1179 0.0070 0.0044 0.0090 0.0107 0.0076 0.0078 0.0095 0.0107 0.0111 0.0065 0.0088 0.0048 0.0062 
   H169688.5  1 0.0423 0.0076 0.0055 0.0049 0.0118 0.6588 0.0042 0.1331 0.0086 0.0053 0.0204 0.0098 0.0087 0.0063 0.0089 0.0159 0.0155 0.0072 0.0129 0.0047 0.0078 
   H169688.6  1 0.1949 0.0408 0.0061 0.1065 0.0615 0.2052 0.0034 0.0311 0.0074 0.0063 0.0607 0.0095 0.0141 0.0285 0.0089 0.0247 0.1015 0.0269 0.0302 0.0059 0.0259 
   H169688.7  1 0.0312 0.0115 0.0071 0.0042 0.0073 0.6041 0.0095 0.0157 0.0109 0.0043 0.0664 0.0141 0.0153 0.0059 0.0117 0.0285 0.1112 0.0078 0.0197 0.0061 0.0077 
   H171901.1  1 0.1690 0.1742 0.0101 0.0116 0.0657 0.1328 0.0361 0.0388 0.0152 0.0107 0.0183 0.0215 0.0101 0.0183 0.0114 0.0162 0.0586 0.1386 0.0130 0.0130 0.0169 
   H171901.2  1 0.0054 0.0090 0.0061 0.0036 0.0051 0.0083 0.0155 0.0160 0.0135 0.0060 0.0068 0.0045 0.8431 0.0074 0.0044 0.0042 0.0080 0.0078 0.0078 0.0038 0.0139 
   H171901.3  1 0.0600 0.0111 0.0091 0.0121 0.0071 0.0139 0.0111 0.0155 0.0245 0.0055 0.0099 0.0083 0.7031 0.0067 0.0125 0.0193 0.0161 0.0236 0.0154 0.0040 0.0112 
   H171901.4  1 0.0059 0.0069 0.0071 0.0050 0.0061 0.0178 0.0088 0.0075 0.0088 0.0084 0.0078 0.0047 0.8445 0.0115 0.0049 0.0050 0.0069 0.0092 0.0106 0.0062 0.0062 
   H171901.5  1 0.0116 0.0093 0.0051 0.0075 0.0049 0.0187 0.0129 0.0110 0.0230 0.0210 0.0128 0.0061 0.7772 0.0089 0.0089 0.0042 0.0119 0.0141 0.0121 0.0094 0.0094 
   H171901.6  1 0.0172 0.0110 0.0081 0.0113 0.0061 0.0493 0.0170 0.0229 0.0744 0.0222 0.0131 0.0171 0.5766 0.0287 0.0126 0.0037 0.0369 0.0262 0.0176 0.0151 0.0130 
   H171901.7  1 0.0523 0.0135 0.0140 0.0312 0.0060 0.0460 0.0162 0.0127 0.0269 0.0056 0.0105 0.0152 0.5433 0.0138 0.0142 0.0082 0.0652 0.0205 0.0673 0.0056 0.0116 
   H171902.1  1 0.0073 0.0071 0.0109 0.0138 0.0310 0.0099 0.0057 0.0087 0.7883 0.0110 0.0088 0.0105 0.0081 0.0064 0.0040 0.0065 0.0124 0.0111 0.0085 0.0232 0.0069 
  H171902.10  1 0.0042 0.0053 0.0045 0.0067 0.0089 0.0062 0.0077 0.0062 0.8864 0.0047 0.0066 0.0043 0.0092 0.0033 0.0030 0.0052 0.0045 0.0061 0.0065 0.0051 0.0055 
   H171902.2  1 0.0413 0.0266 0.0622 0.0294 0.0325 0.0226 0.0098 0.0114 0.5048 0.0206 0.0249 0.0184 0.0244 0.0248 0.0085 0.0555 0.0194 0.0167 0.0170 0.0197 0.0095 
   H171902.3  1 0.0133 0.0131 0.0112 0.0142 0.0105 0.0282 0.0092 0.0125 0.6421 0.0165 0.0359 0.0104 0.0710 0.0092 0.0053 0.0101 0.0127 0.0226 0.0242 0.0166 0.0110 
   H171902.4  1 0.0051 0.0115 0.0072 0.0047 0.0108 0.0041 0.0082 0.0091 0.8337 0.0038 0.0036 0.0081 0.0411 0.0072 0.0045 0.0050 0.0074 0.0105 0.0044 0.0039 0.0060 
   H171902.6  1 0.0044 0.0059 0.0037 0.0058 0.0072 0.0053 0.0068 0.0060 0.8822 0.0063 0.0070 0.0064 0.0069 0.0033 0.0041 0.0044 0.0054 0.0094 0.0091 0.0049 0.0054 
   H171902.7  1 0.0063 0.0082 0.0032 0.0071 0.0128 0.0114 0.0126 0.0048 0.8215 0.0130 0.0054 0.0045 0.0163 0.0051 0.0051 0.0032 0.0134 0.0222 0.0072 0.0063 0.0102 
   H171902.8  1 0.0077 0.0077 0.0060 0.0096 0.0086 0.0081 0.0083 0.0069 0.8215 0.0102 0.0151 0.0074 0.0141 0.0045 0.0055 0.0070 0.0085 0.0130 0.0144 0.0086 0.0074 
   H171902.9  1 0.0072 0.0155 0.0082 0.0056 0.0196 0.0070 0.0057 0.0361 0.7766 0.0081 0.0062 0.0117 0.0087 0.0085 0.0041 0.0051 0.0145 0.0308 0.0066 0.0052 0.0091 
   H171903.1  1 0.0065 0.0236 0.0180 0.0113 0.0055 0.0875 0.0071 0.0203 0.0097 0.0237 0.0042 0.0066 0.0171 0.0090 0.0090 0.0048 0.0249 0.0264 0.0551 0.0210 0.6086 
   H171903.2  1 0.0131 0.0253 0.0377 0.0291 0.0105 0.0626 0.0075 0.0328 0.0132 0.0375 0.0121 0.0081 0.0069 0.0243 0.0322 0.0056 0.0136 0.0158 0.0503 0.0224 0.5392 
   H171903.3  1 0.0264 0.0444 0.0283 0.0425 0.0146 0.0842 0.0297 0.0153 0.0492 0.0492 0.0147 0.0223 0.0173 0.0126 0.0850 0.0070 0.0205 0.0475 0.1286 0.0694 0.1912 
   H171903.4  1 0.1944 0.0420 0.0059 0.0126 0.0079 0.0662 0.0265 0.0127 0.0973 0.0247 0.0081 0.0111 0.0070 0.0118 0.0164 0.0199 0.1541 0.2234 0.0172 0.0055 0.0351 
   H171903.5  1 0.0250 0.0244 0.0185 0.0159 0.0118 0.4260 0.0070 0.0195 0.0089 0.0226 0.0398 0.0156 0.0290 0.0110 0.1350 0.0074 0.0160 0.0281 0.0349 0.0516 0.0519 
   H171903.6  1 0.0221 0.0195 0.0125 0.0211 0.0047 0.4219 0.0069 0.0180 0.0173 0.0577 0.0108 0.0106 0.0393 0.0063 0.0396 0.0082 0.0258 0.1087 0.0379 0.0077 0.1034 
      H177.1  1 0.2368 0.0240 0.0077 0.0368 0.0083 0.0134 0.0120 0.0186 0.1708 0.0206 0.0090 0.0162 0.2177 0.0048 0.0074 0.0048 0.0124 0.0093 0.1478 0.0055 0.0162 
      H177.2  1 0.0169 0.0331 0.0634 0.0585 0.0141 0.0418 0.0210 0.0152 0.0766 0.2081 0.0880 0.0137 0.1372 0.0074 0.0330 0.0219 0.0411 0.0101 0.0595 0.0125 0.0269 
      H177.3  1 0.0167 0.0181 0.0131 0.0528 0.0164 0.0352 0.0273 0.0354 0.1035 0.0552 0.0503 0.0224 0.2941 0.0064 0.0177 0.0044 0.0400 0.0163 0.1523 0.0049 0.0175 
      H177.4  1 0.2000 0.0156 0.0107 0.3823 0.0126 0.0066 0.0112 0.0065 0.0428 0.0319 0.0137 0.0114 0.0866 0.0146 0.0102 0.0043 0.0431 0.0091 0.0596 0.0051 0.0221 
      H177.5  1 0.5338 0.0314 0.0145 0.0127 0.0079 0.0203 0.0172 0.0137 0.0527 0.0393 0.0144 0.0146 0.0210 0.0282 0.0269 0.0111 0.0159 0.0121 0.0817 0.0045 0.0260 
      H177.6  1 0.0136 0.0242 0.0104 0.0195 0.0211 0.0174 0.0203 0.0347 0.1044 0.0267 0.0364 0.0253 0.4794 0.0052 0.0102 0.0041 0.0188 0.0102 0.0954 0.0086 0.0142 
      H179.1  1 0.0649 0.0223 0.0100 0.4095 0.0054 0.0119 0.0070 0.0094 0.0072 0.0300 0.1774 0.0541 0.0176 0.0163 0.0157 0.0081 0.0059 0.0398 0.0246 0.0583 0.0043 
      H179.2  1 0.0187 0.0123 0.0082 0.7537 0.0047 0.0121 0.0103 0.0079 0.0090 0.0140 0.0321 0.0152 0.0056 0.0074 0.0131 0.0053 0.0049 0.0091 0.0090 0.0403 0.0069 
      H179.3  1 0.1298 0.0293 0.0189 0.4219 0.0055 0.0527 0.0051 0.0296 0.0085 0.0128 0.1063 0.0179 0.0066 0.0122 0.0327 0.0118 0.0052 0.0241 0.0222 0.0313 0.0155 
      H179.4  1 0.0233 0.0101 0.0118 0.8179 0.0037 0.0077 0.0065 0.0065 0.0090 0.0130 0.0088 0.0124 0.0121 0.0046 0.0087 0.0053 0.0113 0.0056 0.0087 0.0092 0.0038 
      H180.1  1 0.0071 0.0717 0.0047 0.0125 0.0103 0.6734 0.0227 0.0094 0.0160 0.0044 0.0109 0.0068 0.0085 0.0157 0.0171 0.0211 0.0031 0.0081 0.0512 0.0181 0.0072 
      H180.2  1 0.0140 0.0756 0.0059 0.0184 0.0139 0.5495 0.0125 0.0156 0.0081 0.0067 0.0090 0.0103 0.0114 0.0612 0.0063 0.0249 0.0041 0.0949 0.0412 0.0082 0.0083 
      H180.3  1 0.0055 0.0399 0.0522 0.0076 0.0229 0.4749 0.0074 0.1555 0.0072 0.0061 0.0047 0.0441 0.0056 0.0133 0.0241 0.0094 0.0048 0.0121 0.0193 0.0638 0.0195 
      H180.4  1 0.0164 0.0598 0.0115 0.0167 0.0202 0.3487 0.0729 0.0107 0.0117 0.0105 0.0257 0.0152 0.0292 0.2116 0.0192 0.0228 0.0066 0.0162 0.0608 0.0055 0.0079 
      H180.5  1 0.0195 0.0647 0.0208 0.0257 0.0364 0.4848 0.1234 0.0129 0.0077 0.0335 0.0075 0.0050 0.0084 0.0217 0.0108 0.0252 0.0074 0.0127 0.0462 0.0069 0.0190 
      H180.6  1 0.0056 0.0272 0.4483 0.0124 0.0467 0.1781 0.0575 0.0190 0.0060 0.0176 0.0097 0.0121 0.0231 0.0211 0.0104 0.0323 0.0166 0.0154 0.0203 0.0088 0.0116 
      H181.1  1 0.0084 0.0164 0.0065 0.0809 0.0131 0.0148 0.0316 0.0059 0.0398 0.0147 0.0598 0.0068 0.2082 0.0078 0.1411 0.2320 0.0121 0.0097 0.0125 0.0108 0.0670 
      H181.2  1 0.0225 0.0542 0.0076 0.2298 0.0261 0.0138 0.0901 0.0080 0.0732 0.0183 0.0695 0.0149 0.0816 0.0145 0.0243 0.1136 0.0302 0.0146 0.0447 0.0212 0.0272 
      H181.3  1 0.0118 0.0717 0.0091 0.0995 0.0175 0.0090 0.0363 0.0059 0.0512 0.0237 0.1902 0.0079 0.0916 0.0086 0.0068 0.2624 0.0147 0.0112 0.0419 0.0043 0.0246 
      H181.4  1 0.0226 0.0510 0.0122 0.0358 0.0055 0.0340 0.0391 0.0443 0.0337 0.0758 0.0242 0.0321 0.1093 0.0096 0.2485 0.1006 0.0304 0.0154 0.0408 0.0071 0.0280 
      H181.5  1 0.0210 0.0437 0.0111 0.3253 0.0169 0.0073 0.0318 0.0048 0.0104 0.0146 0.2482 0.0694 0.0175 0.0145 0.0118 0.1052 0.0102 0.0069 0.0046 0.0154 0.0093 
      H181.6  1 0.0203 0.0189 0.0087 0.5226 0.0063 0.0390 0.0492 0.0135 0.0220 0.0167 0.0579 0.0154 0.0155 0.0533 0.0214 0.0137 0.0082 0.0261 0.0147 0.0412 0.0153 
      H181.7  1 0.0081 0.0156 0.0125 0.4591 0.0093 0.0227 0.0050 0.0078 0.0091 0.0078 0.2953 0.0056 0.0346 0.0090 0.0228 0.0183 0.0094 0.0194 0.0072 0.0084 0.0128 
 H194.1_2004  1 0.0116 0.0079 0.0099 0.0083 0.0065 0.0252 0.0179 0.0094 0.0097 0.0074 0.0046 0.0096 0.0093 0.0078 0.0093 0.0045 0.7647 0.0186 0.0348 0.0080 0.0148 
 H194.2_2004  1 0.0911 0.0299 0.0050 0.0039 0.0096 0.0074 0.0141 0.0048 0.0063 0.0047 0.0041 0.0073 0.0079 0.0036 0.0068 0.0041 0.7482 0.0125 0.0134 0.0039 0.0117 
 H194.3_2004  1 0.0108 0.0075 0.0068 0.0109 0.0069 0.0056 0.0064 0.0058 0.0166 0.0055 0.0052 0.0673 0.0414 0.0063 0.0059 0.0032 0.7453 0.0107 0.0174 0.0063 0.0082 
 H194.4_2004  1 0.0823 0.0083 0.0051 0.0067 0.0128 0.0058 0.0088 0.0065 0.0189 0.0046 0.0044 0.0091 0.0178 0.0039 0.0044 0.0037 0.7547 0.0082 0.0083 0.0036 0.0223 
 H194.5_2004  1 0.0174 0.0113 0.0165 0.0141 0.0054 0.0097 0.0091 0.0064 0.0103 0.0108 0.0076 0.0280 0.0347 0.0085 0.0102 0.0044 0.7384 0.0242 0.0175 0.0082 0.0071 
 H194.6_2004  1 0.1911 0.0098 0.0131 0.0449 0.0071 0.0090 0.0108 0.0084 0.0718 0.0129 0.0068 0.1936 0.1089 0.0059 0.0080 0.0060 0.2228 0.0138 0.0280 0.0100 0.0172 
 H194.7_2004  1 0.0122 0.0170 0.0374 0.0072 0.0052 0.0112 0.0074 0.0075 0.0049 0.0107 0.0052 0.0090 0.0078 0.0068 0.0105 0.0064 0.7454 0.0076 0.0088 0.0050 0.0668 
 H194.8_2004  1 0.1684 0.0310 0.0137 0.0193 0.0107 0.0082 0.0179 0.0152 0.0242 0.0111 0.0069 0.0290 0.0644 0.0060 0.0100 0.0076 0.5020 0.0167 0.0136 0.0077 0.0165 
      H194.9  1 0.0127 0.0088 0.0284 0.0058 0.0071 0.0096 0.0074 0.0097 0.0079 0.0085 0.0046 0.0080 0.0123 0.0074 0.0068 0.0075 0.8024 0.0110 0.0096 0.0047 0.0199 
 H195.1_2003  1 0.0136 0.0050 0.0045 0.0057 0.0034 0.0081 0.0092 0.0047 0.0060 0.0074 0.0060 0.0063 0.0100 0.0176 0.0061 0.0060 0.8513 0.0064 0.0083 0.0080 0.0064 
 H195.1_2004  1 0.0049 0.0075 0.0037 0.0057 0.0118 0.0053 0.0329 0.0066 0.0092 0.0055 0.0091 0.0040 0.0123 0.0064 0.0071 0.0257 0.8196 0.0057 0.0073 0.0029 0.0067 
 H195.2_2003  1 0.0101 0.0053 0.0090 0.0070 0.0055 0.0098 0.0047 0.0116 0.0120 0.0112 0.0074 0.0051 0.0063 0.0159 0.0035 0.0053 0.8310 0.0058 0.0066 0.0088 0.0182 
 H195.2_2004  1 0.0041 0.0033 0.0049 0.0035 0.0058 0.0054 0.0062 0.0039 0.0039 0.0050 0.0042 0.0044 0.0061 0.0056 0.0034 0.0063 0.9078 0.0038 0.0037 0.0037 0.0050 
 H195.3_2003  1 0.0101 0.0127 0.0068 0.0050 0.0056 0.0081 0.0062 0.0352 0.0070 0.0229 0.0062 0.0091 0.0046 0.0339 0.0037 0.0068 0.7578 0.0114 0.0176 0.0053 0.0241 
 H195.3_2004  1 0.0038 0.0048 0.0034 0.0039 0.0045 0.0033 0.0076 0.0033 0.0091 0.0046 0.0040 0.0044 0.0117 0.0055 0.0044 0.0067 0.8945 0.0033 0.0051 0.0036 0.0085 
 H195.4_2003  1 0.0061 0.0044 0.0034 0.0055 0.0028 0.0062 0.0137 0.0042 0.0074 0.0057 0.0059 0.0059 0.0087 0.0081 0.0049 0.0036 0.8830 0.0040 0.0045 0.0055 0.0066 
 H195.4_2004  1 0.0075 0.0053 0.0049 0.0045 0.0043 0.0048 0.0042 0.0040 0.0047 0.0042 0.0047 0.0038 0.0044 0.0040 0.0039 0.0169 0.8956 0.0041 0.0036 0.0033 0.0071 
 H195.5_2003  1 0.0102 0.0080 0.0044 0.0130 0.0042 0.0107 0.0356 0.0075 0.0151 0.0077 0.0102 0.0075 0.0114 0.1109 0.0055 0.0174 0.6855 0.0113 0.0106 0.0056 0.0078 
 H195.5_2004  1 0.0043 0.0061 0.0037 0.0080 0.0076 0.0037 0.0108 0.0052 0.0080 0.0042 0.0053 0.0060 0.0082 0.0093 0.0052 0.0148 0.8664 0.0055 0.0073 0.0028 0.0074 
 H195.6_2003  1 0.0053 0.0043 0.0048 0.0040 0.0039 0.0071 0.0047 0.0132 0.0093 0.0067 0.0040 0.0039 0.0039 0.0239 0.0035 0.0084 0.8521 0.0041 0.0065 0.0039 0.0224 
 H195.6_2004  1 0.0038 0.0042 0.0041 0.0066 0.0053 0.0049 0.0054 0.0028 0.0052 0.0040 0.0042 0.0060 0.0048 0.0058 0.0027 0.0049 0.9056 0.0041 0.0041 0.0041 0.0074 
 H195.7_2003  1 0.0191 0.0053 0.0049 0.0071 0.0028 0.0067 0.0061 0.0042 0.0054 0.0088 0.0067 0.0066 0.0061 0.0098 0.0056 0.0063 0.8686 0.0049 0.0057 0.0050 0.0045 
 H195.7_2004  1 0.0036 0.0064 0.0036 0.0068 0.0235 0.0065 0.0110 0.0069 0.0056 0.0046 0.0098 0.0038 0.0043 0.0071 0.0047 0.0179 0.8563 0.0047 0.0059 0.0026 0.0045 
      H195.8  1 0.0065 0.0065 0.0048 0.0063 0.0054 0.0046 0.0129 0.0060 0.0066 0.0042 0.0063 0.0043 0.0055 0.0057 0.0056 0.0329 0.8485 0.0105 0.0047 0.0035 0.0086 
      H195.9  1 0.0057 0.0042 0.0068 0.0056 0.0036 0.0052 0.0065 0.0036 0.0079 0.0058 0.0046 0.0070 0.0083 0.0045 0.0049 0.0071 0.8813 0.0048 0.0059 0.0033 0.0132 
      H415.1  1 0.0155 0.0236 0.0324 0.0067 0.0625 0.0288 0.0209 0.0921 0.0380 0.0048 0.0078 0.0132 0.0802 0.0093 0.0135 0.0078 0.0490 0.0152 0.0168 0.4541 0.0077 
      H415.2  1 0.0137 0.0258 0.0070 0.0108 0.0202 0.0209 0.0066 0.0135 0.4590 0.0109 0.0114 0.0644 0.0289 0.0060 0.0184 0.0033 0.0215 0.0323 0.1053 0.1124 0.0074 
      H415.3  1 0.0094 0.0132 0.0043 0.0243 0.0083 0.0313 0.0232 0.0076 0.0180 0.0151 0.0137 0.0081 0.0754 0.0074 0.0118 0.0038 0.0082 0.0096 0.0414 0.6628 0.0031 
      H415.4  1 0.0087 0.0248 0.0212 0.0041 0.0147 0.0100 0.0320 0.0532 0.0255 0.0064 0.0059 0.0112 0.0189 0.0073 0.0088 0.0080 0.0184 0.0112 0.0069 0.6987 0.0043 
      H415.5  1 0.0143 0.0187 0.0049 0.0115 0.0127 0.0241 0.0498 0.0044 0.0197 0.0092 0.0135 0.0128 0.0763 0.0059 0.0156 0.0041 0.0159 0.0080 0.0395 0.6355 0.0033 
      H415.6  1 0.0080 0.0192 0.0204 0.0040 0.0149 0.0104 0.0310 0.0554 0.0244 0.0070 0.0052 0.0133 0.0190 0.0088 0.0097 0.0076 0.0152 0.0096 0.0053 0.7073 0.0044 
      H415.7  1 0.0176 0.0153 0.0082 0.0555 0.0161 0.0268 0.0107 0.0140 0.2159 0.0587 0.0093 0.0245 0.0669 0.0101 0.0109 0.0051 0.0480 0.0097 0.0272 0.3444 0.0053 
      H506.1  1 0.0046 0.0063 0.0051 0.8759 0.0050 0.0035 0.0036 0.0033 0.0033 0.0089 0.0211 0.0095 0.0089 0.0061 0.0046 0.0074 0.0041 0.0038 0.0048 0.0071 0.0032 
      H506.2  1 0.0045 0.0055 0.0045 0.8338 0.0055 0.0040 0.0041 0.0031 0.0052 0.0094 0.0424 0.0090 0.0253 0.0050 0.0053 0.0036 0.0088 0.0043 0.0054 0.0068 0.0043 
      H506.3  1 0.0111 0.0153 0.0091 0.6984 0.0464 0.0072 0.0044 0.0048 0.0080 0.0117 0.0478 0.0205 0.0128 0.0167 0.0087 0.0250 0.0060 0.0033 0.0208 0.0161 0.0059 
      H506.4  1 0.0067 0.0049 0.0053 0.8618 0.0115 0.0049 0.0041 0.0052 0.0044 0.0087 0.0108 0.0119 0.0070 0.0069 0.0066 0.0049 0.0041 0.0047 0.0079 0.0132 0.0045 
      H506.5  1 0.0056 0.0062 0.0044 0.8483 0.0080 0.0037 0.0030 0.0038 0.0060 0.0153 0.0335 0.0062 0.0099 0.0072 0.0040 0.0048 0.0058 0.0041 0.0050 0.0099 0.0054 
      H506.6  1 0.0174 0.0192 0.0069 0.5069 0.0444 0.0117 0.0068 0.0209 0.0128 0.0323 0.1634 0.0123 0.0075 0.0099 0.0379 0.0160 0.0134 0.0056 0.0253 0.0174 0.0121 
      H506.7  1 0.0052 0.0050 0.0047 0.8427 0.0082 0.0047 0.0039 0.0028 0.0053 0.0144 0.0362 0.0065 0.0154 0.0077 0.0034 0.0045 0.0044 0.0047 0.0056 0.0095 0.0052 
      H533.1  1 0.0037 0.0049 0.0052 0.8396 0.0091 0.0072 0.0051 0.0030 0.0054 0.0045 0.0465 0.0060 0.0129 0.0070 0.0063 0.0067 0.0035 0.0067 0.0077 0.0060 0.0030 
      H533.2  1 0.0036 0.0038 0.0053 0.8086 0.0161 0.0081 0.0043 0.0027 0.0060 0.0037 0.0532 0.0055 0.0325 0.0055 0.0062 0.0071 0.0040 0.0053 0.0059 0.0097 0.0028 
      H533.3  1 0.0046 0.0057 0.0085 0.8286 0.0049 0.0095 0.0032 0.0048 0.0045 0.0072 0.0147 0.0047 0.0149 0.0038 0.0269 0.0041 0.0046 0.0152 0.0155 0.0070 0.0070 
      H533.4  1 0.0055 0.0098 0.0056 0.7591 0.0130 0.0189 0.0058 0.0074 0.0079 0.0082 0.0136 0.0061 0.0408 0.0040 0.0148 0.0056 0.0122 0.0171 0.0256 0.0132 0.0056 
      H535.1  1 0.0074 0.0057 0.0043 0.8375 0.0046 0.0056 0.0074 0.0090 0.0172 0.0126 0.0056 0.0133 0.0073 0.0053 0.0049 0.0033 0.0075 0.0094 0.0095 0.0081 0.0146 
      H535.2  1 0.0057 0.0046 0.0054 0.8956 0.0032 0.0038 0.0061 0.0033 0.0048 0.0052 0.0061 0.0043 0.0047 0.0073 0.0060 0.0058 0.0077 0.0055 0.0044 0.0032 0.0071 
      H535.3  1 0.0052 0.0044 0.0065 0.8894 0.0040 0.0032 0.0059 0.0052 0.0040 0.0053 0.0039 0.0046 0.0033 0.0110 0.0044 0.0115 0.0071 0.0080 0.0037 0.0030 0.0062 
      H535.4  1 0.0030 0.0043 0.0034 0.9040 0.0030 0.0043 0.0064 0.0036 0.0045 0.0045 0.0029 0.0039 0.0094 0.0064 0.0041 0.0045 0.0088 0.0049 0.0045 0.0060 0.0038 
      H535.5  1 0.0042 0.0034 0.0035 0.9040 0.0035 0.0049 0.0034 0.0042 0.0039 0.0045 0.0033 0.0075 0.0109 0.0046 0.0031 0.0032 0.0044 0.0043 0.0083 0.0067 0.0041 
      H535.6  1 0.0197 0.0068 0.0047 0.7625 0.0052 0.0057 0.0164 0.0140 0.0165 0.0125 0.0057 0.0337 0.0033 0.0046 0.0073 0.0067 0.0137 0.0330 0.0086 0.0054 0.0138 
      H535.7  1 0.0042 0.0034 0.0040 0.9197 0.0040 0.0040 0.0029 0.0039 0.0032 0.0051 0.0029 0.0053 0.0057 0.0049 0.0039 0.0034 0.0030 0.0028 0.0046 0.0045 0.0046 
      H535.8  1 0.0094 0.0051 0.0042 0.8946 0.0039 0.0045 0.0040 0.0053 0.0044 0.0052 0.0034 0.0079 0.0047 0.0058 0.0046 0.0055 0.0066 0.0063 0.0041 0.0058 0.0048 
      H535.9  1 0.0036 0.0052 0.0043 0.8789 0.0054 0.0048 0.0072 0.0110 0.0085 0.0069 0.0036 0.0057 0.0041 0.0073 0.0042 0.0038 0.0066 0.0096 0.0054 0.0044 0.0097 
      H539.1  1 0.0037 0.0035 0.0048 0.0025 0.0053 0.0036 0.0044 0.9155 0.0057 0.0041 0.0032 0.0042 0.0036 0.0035 0.0032 0.0029 0.0043 0.0063 0.0037 0.0041 0.0079 
      H539.2  1 0.0148 0.0291 0.0239 0.0229 0.0175 0.1350 0.0132 0.1456 0.0210 0.0129 0.0183 0.0071 0.0079 0.0086 0.0317 0.0291 0.0116 0.0668 0.3397 0.0141 0.0292 
      H539.3  1 0.0265 0.0165 0.0221 0.0125 0.0219 0.0121 0.0052 0.6373 0.0121 0.0087 0.0062 0.0192 0.0049 0.0093 0.0074 0.0110 0.0301 0.0465 0.0165 0.0045 0.0693 
      H539.4  1 0.0096 0.0068 0.0093 0.0056 0.0130 0.0151 0.0062 0.8203 0.0051 0.0069 0.0119 0.0052 0.0060 0.0143 0.0144 0.0058 0.0047 0.0105 0.0166 0.0077 0.0050 
      H539.5  1 0.0037 0.0043 0.0118 0.0050 0.0062 0.0059 0.0041 0.8919 0.0050 0.0089 0.0029 0.0044 0.0040 0.0029 0.0049 0.0038 0.0042 0.0065 0.0047 0.0041 0.0110 
      H539.6  1 0.0047 0.0080 0.0151 0.0052 0.0079 0.0156 0.0068 0.8429 0.0064 0.0082 0.0033 0.0052 0.0039 0.0041 0.0051 0.0064 0.0070 0.0252 0.0055 0.0067 0.0068 
      H539.7  1 0.0052 0.0087 0.0054 0.0044 0.0047 0.0115 0.0065 0.8640 0.0057 0.0051 0.0054 0.0059 0.0059 0.0047 0.0048 0.0033 0.0055 0.0269 0.0075 0.0042 0.0045 
      H539.8  1 0.0351 0.0190 0.0096 0.0251 0.0446 0.0235 0.0084 0.5704 0.0095 0.0092 0.0068 0.0387 0.0106 0.0348 0.0161 0.0142 0.0131 0.0772 0.0154 0.0069 0.0118 
      H539.9  1 0.0052 0.0050 0.0108 0.0039 0.0070 0.0057 0.0034 0.8957 0.0040 0.0046 0.0052 0.0041 0.0037 0.0069 0.0057 0.0043 0.0034 0.0039 0.0051 0.0045 0.0079 
      H540.1  1 0.0074 0.0089 0.0075 0.0126 0.0097 0.0203 0.0061 0.7207 0.0134 0.0332 0.0103 0.0066 0.0071 0.0038 0.0237 0.0096 0.0146 0.0326 0.0338 0.0055 0.0127 
      H540.2  1 0.0070 0.0100 0.0052 0.0042 0.0047 0.0098 0.0085 0.8411 0.0093 0.0126 0.0072 0.0076 0.0063 0.0034 0.0122 0.0030 0.0051 0.0158 0.0128 0.0066 0.0077 
      H540.3  1 0.0180 0.0147 0.0051 0.0068 0.1832 0.0078 0.0307 0.4507 0.0368 0.0168 0.0189 0.0673 0.0153 0.0067 0.0353 0.0147 0.0094 0.0308 0.0168 0.0089 0.0055 
      H540.4  1 0.0087 0.0214 0.0050 0.0148 0.0048 0.0488 0.0244 0.5982 0.0110 0.0209 0.0231 0.0103 0.0074 0.0067 0.0257 0.0064 0.0081 0.1217 0.0178 0.0074 0.0075 
      H540.5  1 0.0106 0.0119 0.0080 0.0061 0.0141 0.0086 0.0103 0.7971 0.0141 0.0106 0.0178 0.0139 0.0115 0.0038 0.0118 0.0107 0.0057 0.0049 0.0150 0.0055 0.0078 
      H540.6  1 0.0129 0.0296 0.0164 0.0120 0.0134 0.0186 0.0185 0.6184 0.0204 0.0431 0.0258 0.0146 0.0099 0.0047 0.0285 0.0329 0.0095 0.0139 0.0199 0.0094 0.0277 
      H540.7  1 0.0051 0.0154 0.0100 0.0110 0.0040 0.0230 0.0116 0.7673 0.0071 0.0111 0.0112 0.0060 0.0092 0.0071 0.0231 0.0057 0.0057 0.0256 0.0247 0.0087 0.0073 
      H540.8  1 0.0102 0.0138 0.0063 0.0072 0.0098 0.0620 0.0151 0.3239 0.0268 0.0121 0.0122 0.0175 0.0354 0.0084 0.0542 0.0041 0.0133 0.2362 0.1026 0.0094 0.0194 
     H9558.1  1 0.0064 0.0048 0.0041 0.0086 0.0050 0.0105 0.0042 0.8657 0.0084 0.0039 0.0060 0.0094 0.0030 0.0052 0.0040 0.0039 0.0063 0.0153 0.0121 0.0044 0.0090 
     H9558.2  1 0.0129 0.0091 0.0122 0.0109 0.0069 0.0076 0.0037 0.8415 0.0065 0.0062 0.0115 0.0076 0.0036 0.0087 0.0045 0.0048 0.0058 0.0114 0.0095 0.0061 0.0089 
     H9558.3  1 0.0060 0.0163 0.0112 0.0103 0.0150 0.0058 0.0053 0.7999 0.0064 0.0109 0.0068 0.0096 0.0049 0.0221 0.0089 0.0077 0.0076 0.0128 0.0050 0.0101 0.0175 
     H9558.4  1 0.0084 0.0044 0.0056 0.0093 0.0065 0.0182 0.0040 0.8413 0.0049 0.0052 0.0072 0.0051 0.0035 0.0050 0.0059 0.0042 0.0033 0.0077 0.0376 0.0073 0.0055 
     H9558.5  1 0.0116 0.0097 0.0035 0.0101 0.0159 0.0121 0.0050 0.7953 0.0049 0.0071 0.0075 0.0129 0.0078 0.0134 0.0253 0.0052 0.0029 0.0092 0.0282 0.0092 0.0033 
     H9558.6  1 0.0097 0.0120 0.0572 0.0059 0.0130 0.0056 0.0062 0.7216 0.0178 0.0076 0.0056 0.0120 0.0049 0.0102 0.0495 0.0042 0.0067 0.0208 0.0079 0.0087 0.0126 
    kos339.1  1 0.0057 0.0071 0.0125 0.0104 0.0046 0.0049 0.0036 0.0061 0.0059 0.0116 0.0087 0.0039 0.8683 0.0044 0.0063 0.0039 0.0038 0.0056 0.0099 0.0084 0.0045 
    kos339.2  1 0.0045 0.0075 0.0112 0.0074 0.0050 0.0045 0.0050 0.0049 0.0046 0.0047 0.0072 0.0055 0.8870 0.0056 0.0064 0.0046 0.0051 0.0043 0.0039 0.0084 0.0029 
    kos339.3  1 0.0032 0.0034 0.0038 0.0060 0.0038 0.0070 0.0036 0.0048 0.0034 0.0047 0.0031 0.0031 0.9153 0.0031 0.0050 0.0033 0.0047 0.0050 0.0037 0.0067 0.0036 
    kos339.4  1 0.0041 0.0040 0.0050 0.0041 0.0044 0.0058 0.0042 0.0040 0.0035 0.0035 0.0034 0.0046 0.9097 0.0046 0.0051 0.0045 0.0053 0.0039 0.0039 0.0093 0.0033 
    kos339.5  1 0.0046 0.0060 0.0057 0.0054 0.0029 0.0043 0.0048 0.0040 0.0045 0.0105 0.0038 0.0044 0.9011 0.0040 0.0050 0.0036 0.0039 0.0054 0.0078 0.0053 0.0030 
    kos339.6  1 0.0036 0.0054 0.0044 0.0044 0.0055 0.0034 0.0040 0.0042 0.0044 0.0044 0.0032 0.0048 0.9096 0.0038 0.0060 0.0040 0.0060 0.0041 0.0044 0.0068 0.0037 
    kos339.7  1 0.0036 0.0041 0.0059 0.0098 0.0037 0.0057 0.0031 0.0035 0.0042 0.0043 0.0036 0.0036 0.9103 0.0029 0.0047 0.0032 0.0055 0.0042 0.0045 0.0060 0.0035 
    kos339.8  1 0.0053 0.0048 0.0042 0.0086 0.0062 0.0055 0.0043 0.0035 0.0030 0.0060 0.0038 0.0051 0.8930 0.0062 0.0074 0.0050 0.0044 0.0038 0.0049 0.0120 0.0030 
    kos339.9  1 0.0040 0.0122 0.0086 0.0086 0.0048 0.0105 0.0067 0.0074 0.0095 0.0073 0.0051 0.0060 0.8618 0.0061 0.0055 0.0043 0.0063 0.0085 0.0071 0.0048 0.0047 
      H008.1  2 0.0076 0.0253 0.7188 0.0229 0.0053 0.0236 0.0085 0.0213 0.0091 0.0049 0.0117 0.0129 0.0096 0.0221 0.0094 0.0114 0.0061 0.0350 0.0206 0.0079 0.0061 
      H008.2  2 0.0120 0.0480 0.0892 0.0675 0.0496 0.0137 0.0078 0.0569 0.0325 0.0145 0.0719 0.0149 0.0149 0.1947 0.0312 0.0493 0.0097 0.0632 0.1073 0.0088 0.0426 
      H008.3  2 0.0286 0.0292 0.0375 0.2584 0.0232 0.0298 0.0104 0.0093 0.0134 0.0126 0.0181 0.0265 0.0077 0.0500 0.0126 0.0480 0.0154 0.2952 0.0339 0.0064 0.0337 
      H008.4  2 0.0197 0.1000 0.5173 0.0368 0.0482 0.0103 0.0103 0.0194 0.0279 0.0103 0.0175 0.0257 0.0082 0.0205 0.0091 0.0103 0.0103 0.0349 0.0182 0.0280 0.0170 
      H008.5  2 0.0364 0.0378 0.5893 0.0901 0.0175 0.0193 0.0052 0.0076 0.0076 0.0103 0.0066 0.0218 0.0069 0.0228 0.0109 0.0127 0.0092 0.0387 0.0166 0.0082 0.0246 
      H008.6  2 0.0190 0.0429 0.1638 0.0752 0.0906 0.0084 0.0078 0.0300 0.0450 0.0159 0.0251 0.0220 0.0073 0.1775 0.0263 0.0078 0.0184 0.0650 0.0989 0.0198 0.0331 
      H008.7  2 0.0296 0.0728 0.2607 0.0861 0.0781 0.0130 0.0114 0.0205 0.0522 0.0134 0.0333 0.0257 0.0122 0.0658 0.0085 0.0505 0.0154 0.0706 0.0482 0.0197 0.0125 
      H008.8  2 0.0112 0.0394 0.1275 0.0304 0.0092 0.0661 0.0083 0.3035 0.0224 0.0155 0.1719 0.0123 0.0101 0.0165 0.0101 0.0195 0.0190 0.0628 0.0160 0.0066 0.0218 
      H008.9  2 0.0174 0.0172 0.0192 0.0477 0.1539 0.0115 0.0078 0.0150 0.0698 0.0145 0.0422 0.0400 0.0088 0.1535 0.0145 0.0135 0.0292 0.2503 0.0350 0.0116 0.0275 
 H029.1_2002  2 0.0832 0.0405 0.6109 0.0048 0.0216 0.0068 0.0055 0.0301 0.0182 0.0269 0.0229 0.0131 0.0053 0.0060 0.0083 0.0111 0.0073 0.0110 0.0071 0.0542 0.0051 
 H029.1_2003  2 0.6275 0.0311 0.0158 0.0246 0.0134 0.0087 0.0050 0.0094 0.0086 0.0175 0.0314 0.0925 0.0058 0.0082 0.0183 0.0069 0.0125 0.0177 0.0242 0.0125 0.0082 
 H029.2_2002  2 0.0829 0.0082 0.4789 0.0683 0.0412 0.0077 0.0050 0.0082 0.0232 0.0191 0.0103 0.0442 0.0444 0.0082 0.0073 0.0343 0.0425 0.0051 0.0421 0.0084 0.0106 
 H029.2_2003  2 0.4840 0.0491 0.0349 0.1366 0.0241 0.0084 0.0044 0.0067 0.0322 0.0212 0.0086 0.0242 0.0173 0.0162 0.0120 0.0073 0.0102 0.0082 0.0743 0.0048 0.0154 
 H029.3_2002  2 0.1332 0.0186 0.1163 0.2731 0.1667 0.0115 0.0044 0.0103 0.0148 0.0171 0.0479 0.0399 0.0272 0.0055 0.0204 0.0204 0.0367 0.0045 0.0113 0.0096 0.0106 
 H029.3_2003  2 0.3437 0.0242 0.3752 0.0468 0.0059 0.0121 0.0057 0.0044 0.0048 0.0110 0.0250 0.0235 0.0091 0.0302 0.0186 0.0080 0.0106 0.0059 0.0230 0.0061 0.0064 
 H029.4_2002  2 0.0892 0.0144 0.7189 0.0064 0.0238 0.0130 0.0059 0.0049 0.0039 0.0048 0.0161 0.0099 0.0047 0.0088 0.0076 0.0168 0.0207 0.0053 0.0098 0.0100 0.0050 
 H029.4_2003  2 0.6535 0.0444 0.0562 0.0100 0.0186 0.0255 0.0040 0.0203 0.0073 0.0067 0.0351 0.0119 0.0077 0.0167 0.0141 0.0085 0.0080 0.0234 0.0134 0.0071 0.0079 
 H029.5_2002  2 0.0648 0.0338 0.7480 0.0048 0.0060 0.0043 0.0080 0.0063 0.0063 0.0109 0.0073 0.0235 0.0057 0.0084 0.0077 0.0114 0.0097 0.0076 0.0070 0.0139 0.0044 
 H029.5_2003  2 0.5493 0.0393 0.1888 0.0134 0.0087 0.0178 0.0044 0.0069 0.0082 0.0049 0.0153 0.0224 0.0051 0.0229 0.0083 0.0054 0.0064 0.0092 0.0512 0.0073 0.0050 
 H029.6_2002  2 0.4990 0.0153 0.2680 0.0090 0.0411 0.0077 0.0065 0.0053 0.0056 0.0055 0.0298 0.0187 0.0060 0.0042 0.0093 0.0188 0.0232 0.0042 0.0077 0.0086 0.0065 
 H029.6_2003  2 0.0892 0.0457 0.4097 0.0807 0.0107 0.0151 0.0101 0.0118 0.0136 0.0243 0.0132 0.0769 0.0525 0.0220 0.0204 0.0096 0.0161 0.0232 0.0422 0.0050 0.0080 
      H029.7  2 0.0472 0.0108 0.6626 0.0145 0.0400 0.0097 0.0032 0.0076 0.0107 0.0120 0.0082 0.0212 0.0421 0.0059 0.0041 0.0193 0.0433 0.0045 0.0129 0.0052 0.0148 
      H030.1  2 0.1027 0.0330 0.0229 0.0098 0.0042 0.0083 0.0351 0.0058 0.0179 0.1217 0.0130 0.0071 0.0133 0.0762 0.4381 0.0158 0.0179 0.0085 0.0330 0.0057 0.0098 
      H030.2  2 0.0224 0.0707 0.0621 0.0128 0.0658 0.0243 0.0286 0.0085 0.0089 0.0077 0.0061 0.0041 0.0065 0.0345 0.3098 0.1106 0.0075 0.0493 0.0047 0.1513 0.0035 
      H038.1  2 0.0079 0.0061 0.8477 0.0049 0.0275 0.0058 0.0035 0.0097 0.0062 0.0062 0.0107 0.0073 0.0062 0.0050 0.0066 0.0045 0.0071 0.0058 0.0056 0.0070 0.0084 
      H038.2  2 0.0064 0.0079 0.8597 0.0084 0.0060 0.0069 0.0163 0.0040 0.0109 0.0114 0.0037 0.0056 0.0083 0.0056 0.0063 0.0050 0.0042 0.0043 0.0053 0.0112 0.0028 
      H038.3  2 0.0054 0.0104 0.7405 0.0091 0.0300 0.0103 0.0125 0.0220 0.0137 0.0353 0.0097 0.0059 0.0104 0.0117 0.0146 0.0066 0.0105 0.0056 0.0055 0.0258 0.0044 
      H038.4  2 0.0043 0.0151 0.7912 0.0069 0.0240 0.0082 0.0222 0.0119 0.0108 0.0187 0.0109 0.0083 0.0078 0.0099 0.0056 0.0069 0.0105 0.0042 0.0040 0.0154 0.0034 
      H038.5  2 0.0118 0.0075 0.7828 0.0072 0.0247 0.0175 0.0067 0.0123 0.0049 0.0079 0.0246 0.0096 0.0162 0.0058 0.0175 0.0089 0.0118 0.0062 0.0071 0.0055 0.0033 
      H038.6  2 0.0119 0.0047 0.8611 0.0057 0.0099 0.0090 0.0036 0.0093 0.0056 0.0074 0.0074 0.0060 0.0072 0.0047 0.0109 0.0038 0.0035 0.0051 0.0111 0.0073 0.0047 
      H038.7  2 0.0062 0.0086 0.8100 0.0133 0.0107 0.0088 0.0044 0.0142 0.0085 0.0401 0.0075 0.0052 0.0060 0.0076 0.0073 0.0030 0.0042 0.0040 0.0066 0.0202 0.0038 
      H038.8  2 0.0044 0.0178 0.7384 0.0081 0.0680 0.0104 0.0188 0.0111 0.0121 0.0144 0.0077 0.0059 0.0119 0.0059 0.0148 0.0140 0.0075 0.0033 0.0035 0.0180 0.0038 
      H041.1  2 0.1966 0.3325 0.0638 0.0098 0.0284 0.0068 0.0160 0.0058 0.0086 0.0202 0.0072 0.0065 0.0466 0.0570 0.0081 0.0842 0.0277 0.0335 0.0157 0.0093 0.0157 
      H041.2  2 0.3678 0.3303 0.0390 0.0122 0.0166 0.0045 0.0074 0.0060 0.0147 0.0137 0.0078 0.0213 0.0099 0.0517 0.0096 0.0076 0.0264 0.0094 0.0090 0.0277 0.0073 
      H041.4  2 0.3379 0.1073 0.1324 0.0069 0.0265 0.0077 0.0127 0.0187 0.0235 0.0125 0.0129 0.0305 0.0152 0.0364 0.0101 0.0150 0.0384 0.1223 0.0055 0.0095 0.0182 
      H041.6  2 0.2543 0.1726 0.1315 0.0089 0.0125 0.0080 0.0145 0.0421 0.0326 0.0202 0.0090 0.0167 0.0114 0.0261 0.0104 0.0168 0.0262 0.1205 0.0060 0.0233 0.0365 
 H042.1_2002  2 0.4747 0.2360 0.0073 0.0055 0.0098 0.0368 0.0329 0.0282 0.0229 0.0076 0.0050 0.0057 0.0113 0.0057 0.0068 0.0085 0.0175 0.0424 0.0080 0.0194 0.0082 
 H042.1_2003  2 0.0138 0.1270 0.0623 0.0327 0.0854 0.0184 0.0176 0.0449 0.0758 0.0535 0.0108 0.0239 0.0070 0.1946 0.0310 0.0146 0.0239 0.0867 0.0351 0.0297 0.0116 
 H042.2_2002  2 0.5091 0.0813 0.0997 0.0065 0.0290 0.0214 0.0100 0.0078 0.0079 0.0065 0.0111 0.0378 0.0101 0.0051 0.0041 0.0087 0.0086 0.0148 0.0230 0.0882 0.0093 
 H042.2_2003  2 0.1634 0.4960 0.0426 0.0061 0.0058 0.0100 0.0118 0.0206 0.0141 0.0204 0.0065 0.0267 0.0088 0.0157 0.0095 0.0036 0.0263 0.0779 0.0105 0.0162 0.0076 
 H042.3_2002  2 0.3261 0.2664 0.0099 0.0052 0.0170 0.0905 0.0216 0.0192 0.0068 0.0064 0.0071 0.0173 0.0171 0.0124 0.0103 0.0063 0.0279 0.0194 0.0166 0.0885 0.0080 
 H042.3_2003  2 0.0997 0.3581 0.0223 0.0101 0.0264 0.1495 0.0135 0.0270 0.0077 0.0089 0.0097 0.0067 0.0116 0.0255 0.0130 0.0196 0.0253 0.1001 0.0166 0.0397 0.0090 
 H042.4_2002  2 0.6200 0.1373 0.0153 0.0049 0.0102 0.0064 0.0199 0.0094 0.0205 0.0076 0.0073 0.0151 0.0193 0.0078 0.0101 0.0081 0.0135 0.0482 0.0072 0.0060 0.0059 
 H042.4_2003  2 0.4999 0.1291 0.0574 0.0039 0.0064 0.0112 0.0161 0.0321 0.0351 0.0542 0.0078 0.0105 0.0142 0.0134 0.0062 0.0201 0.0224 0.0224 0.0090 0.0072 0.0215 
      H042.5  2 0.8186 0.0238 0.0064 0.0052 0.0032 0.0122 0.0080 0.0104 0.0074 0.0068 0.0053 0.0070 0.0105 0.0073 0.0037 0.0054 0.0216 0.0120 0.0092 0.0061 0.0098 
      H042.6  2 0.7526 0.0156 0.0183 0.0051 0.0084 0.0347 0.0099 0.0262 0.0110 0.0169 0.0061 0.0055 0.0061 0.0050 0.0046 0.0073 0.0070 0.0096 0.0098 0.0104 0.0299 
      H042.7  2 0.3207 0.1602 0.0208 0.0056 0.0054 0.0397 0.0693 0.0199 0.0102 0.0496 0.0097 0.0368 0.0115 0.0186 0.0050 0.0071 0.0748 0.0154 0.0066 0.1052 0.0078 
      H042.8  2 0.5426 0.2226 0.0079 0.0043 0.0178 0.0162 0.0073 0.0130 0.0085 0.0042 0.0063 0.0132 0.0049 0.0278 0.0046 0.0037 0.0134 0.0335 0.0129 0.0240 0.0112 
   H042_2002  2 0.0372 0.1679 0.0906 0.0076 0.0364 0.0667 0.0086 0.0830 0.0519 0.0357 0.0159 0.0278 0.0075 0.0251 0.0113 0.0056 0.0168 0.0751 0.0146 0.1390 0.0758 
   H042_2003  2 0.0345 0.1608 0.0738 0.0076 0.0315 0.0708 0.0076 0.1171 0.0537 0.0293 0.0159 0.0290 0.0067 0.0229 0.0102 0.0049 0.0206 0.0725 0.0148 0.1355 0.0803 
      H043.1  2 0.0103 0.0104 0.0206 0.0081 0.0283 0.0386 0.0065 0.7026 0.0144 0.0098 0.0169 0.0037 0.0453 0.0191 0.0079 0.0127 0.0086 0.0052 0.0109 0.0124 0.0078 
      H043.2  2 0.0036 0.0077 0.0143 0.0075 0.0136 0.0105 0.0032 0.8638 0.0071 0.0036 0.0080 0.0074 0.0043 0.0065 0.0037 0.0031 0.0093 0.0050 0.0059 0.0039 0.0081 
      H043.3  2 0.0111 0.0187 0.1191 0.0116 0.0117 0.0265 0.0047 0.5449 0.0139 0.0748 0.0272 0.0058 0.0268 0.0192 0.0083 0.0036 0.0061 0.0076 0.0136 0.0345 0.0101 
      H043.4  2 0.0075 0.0134 0.0316 0.0063 0.0181 0.0121 0.0044 0.7532 0.0223 0.0159 0.0064 0.0046 0.0348 0.0122 0.0071 0.0043 0.0089 0.0038 0.0086 0.0120 0.0125 
      H043.5  2 0.0050 0.0098 0.0242 0.0101 0.0277 0.0104 0.0039 0.8061 0.0074 0.0055 0.0178 0.0072 0.0055 0.0166 0.0052 0.0041 0.0084 0.0051 0.0062 0.0103 0.0036 
      H043.6  2 0.0062 0.0139 0.0381 0.0041 0.0310 0.0080 0.0039 0.8183 0.0074 0.0056 0.0094 0.0059 0.0101 0.0037 0.0071 0.0033 0.0039 0.0046 0.0040 0.0069 0.0046 
