      H105.1  1 0.7935 0.0041 0.0187 0.0438 0.0074 0.0094 0.0083 0.0075 0.0144 0.0150 0.0130 0.0144 0.0064 0.0106 0.0334 
      H105.2  1 0.5803 0.0441 0.0519 0.0305 0.0108 0.0145 0.0267 0.0137 0.0169 0.0223 0.0067 0.0139 0.0543 0.1037 0.0095 
      H105.3  1 0.8401 0.0185 0.0065 0.0123 0.0042 0.0088 0.0107 0.0057 0.0135 0.0242 0.0126 0.0099 0.0123 0.0144 0.0063 
      H105.4  1 0.5255 0.0690 0.0200 0.1338 0.0119 0.0219 0.0297 0.0077 0.0254 0.0076 0.0231 0.0127 0.0671 0.0350 0.0096 
      H105.5  1 0.1204 0.0705 0.0442 0.1826 0.0247 0.0880 0.0829 0.0086 0.1145 0.0427 0.0278 0.0112 0.0559 0.0446 0.0817 
      H105.6  1 0.8280 0.0313 0.0047 0.0214 0.0075 0.0220 0.0096 0.0044 0.0075 0.0092 0.0179 0.0083 0.0166 0.0079 0.0038 
      H105.7  1 0.8480 0.0054 0.0054 0.0372 0.0094 0.0065 0.0098 0.0054 0.0139 0.0068 0.0079 0.0153 0.0065 0.0120 0.0106 
      H105.8  1 0.8415 0.0098 0.0176 0.0216 0.0041 0.0085 0.0059 0.0106 0.0079 0.0104 0.0044 0.0260 0.0155 0.0111 0.0052 
      H115.1  1 0.0083 0.0132 0.0078 0.0107 0.0055 0.8204 0.0086 0.0085 0.0069 0.0162 0.0211 0.0205 0.0246 0.0125 0.0151 
      H115.2  1 0.0068 0.0107 0.0075 0.0060 0.0056 0.8869 0.0095 0.0108 0.0057 0.0085 0.0107 0.0068 0.0072 0.0056 0.0117 
      H115.3  1 0.0054 0.0384 0.0094 0.0090 0.0046 0.8602 0.0062 0.0075 0.0091 0.0044 0.0152 0.0065 0.0073 0.0061 0.0106 
      H115.4  1 0.0129 0.0109 0.0691 0.0128 0.0151 0.5288 0.0180 0.0098 0.0195 0.1017 0.0451 0.0070 0.0290 0.0318 0.0887 
      H115.5  1 0.0228 0.0251 0.0177 0.0208 0.0153 0.5840 0.0255 0.0691 0.0204 0.0134 0.0437 0.0285 0.0121 0.0713 0.0301 
      H115.6  1 0.0086 0.0493 0.0104 0.0090 0.0136 0.7496 0.0299 0.0086 0.0151 0.0122 0.0372 0.0084 0.0061 0.0186 0.0235 
      H115.7  1 0.0082 0.0180 0.0083 0.0080 0.0146 0.6701 0.1082 0.0055 0.0128 0.0125 0.0217 0.0070 0.0227 0.0522 0.0302 
      H115.8  1 0.0124 0.0119 0.0112 0.0117 0.0071 0.7730 0.0117 0.0493 0.0073 0.0104 0.0252 0.0343 0.0058 0.0142 0.0144 
      H115.9  1 0.0054 0.0146 0.0051 0.0145 0.0054 0.8721 0.0074 0.0062 0.0071 0.0140 0.0100 0.0137 0.0115 0.0068 0.0065 
      H145.1  1 0.0063 0.0183 0.0062 0.0137 0.8695 0.0102 0.0064 0.0232 0.0050 0.0067 0.0088 0.0097 0.0064 0.0031 0.0065 
      H145.2  1 0.0081 0.1089 0.0083 0.0240 0.7423 0.0070 0.0174 0.0269 0.0071 0.0059 0.0118 0.0085 0.0097 0.0051 0.0090 
      H145.3  1 0.0046 0.0231 0.0058 0.0127 0.8016 0.0082 0.0058 0.0605 0.0054 0.0039 0.0050 0.0386 0.0066 0.0128 0.0054 
      H145.4  1 0.0047 0.0069 0.0052 0.0109 0.9076 0.0044 0.0113 0.0102 0.0054 0.0042 0.0073 0.0060 0.0063 0.0035 0.0061 
      H145.5  1 0.0045 0.0154 0.0059 0.0081 0.7648 0.0045 0.0085 0.1440 0.0046 0.0054 0.0064 0.0110 0.0054 0.0066 0.0048 
      H145.6  1 0.0066 0.0251 0.0070 0.0136 0.8471 0.0043 0.0184 0.0184 0.0044 0.0049 0.0052 0.0063 0.0085 0.0214 0.0088 
      H145.7  1 0.0041 0.0084 0.0070 0.0095 0.9067 0.0049 0.0095 0.0056 0.0044 0.0032 0.0070 0.0089 0.0056 0.0091 0.0059 
      H149.1  1 0.0035 0.0050 0.0039 0.0047 0.0055 0.0039 0.0045 0.0041 0.0036 0.0040 0.9410 0.0038 0.0044 0.0036 0.0045 
      H149.2  1 0.0063 0.0072 0.0038 0.0057 0.0198 0.0044 0.0089 0.0039 0.0081 0.0055 0.8927 0.0037 0.0074 0.0063 0.0162 
      H149.3  1 0.0110 0.0099 0.0066 0.0125 0.0635 0.0081 0.0308 0.0060 0.0183 0.0055 0.7414 0.0146 0.0255 0.0130 0.0333 
      H149.4  1 0.0087 0.0065 0.0081 0.0052 0.0043 0.0039 0.0049 0.0063 0.0042 0.0036 0.9156 0.0049 0.0113 0.0058 0.0066 
      H149.5  1 0.0192 0.0062 0.0136 0.0174 0.0894 0.0036 0.0163 0.0043 0.0134 0.0068 0.5481 0.0115 0.0557 0.0221 0.1723 
      H149.6  1 0.0081 0.0059 0.0047 0.0066 0.0287 0.0035 0.0127 0.0041 0.0074 0.0064 0.8698 0.0041 0.0065 0.0110 0.0204 
      H149.7  1 0.0231 0.0094 0.0210 0.0114 0.0338 0.0057 0.0238 0.0079 0.0196 0.0079 0.6772 0.0272 0.0684 0.0270 0.0367 
      H150.1  1 0.0059 0.0119 0.0050 0.0063 0.0059 0.9183 0.0059 0.0068 0.0061 0.0035 0.0039 0.0068 0.0034 0.0055 0.0049 
      H150.2  1 0.0077 0.0050 0.0072 0.0044 0.0059 0.8954 0.0092 0.0113 0.0084 0.0076 0.0115 0.0043 0.0068 0.0072 0.0083 
      H150.3  1 0.0094 0.0072 0.0064 0.0088 0.0100 0.8667 0.0245 0.0088 0.0075 0.0079 0.0060 0.0087 0.0046 0.0149 0.0085 
      H150.4  1 0.0043 0.0061 0.0048 0.0079 0.0069 0.9027 0.0103 0.0091 0.0071 0.0079 0.0041 0.0107 0.0032 0.0090 0.0057 
      H150.5  1 0.0146 0.0123 0.0109 0.0066 0.0076 0.8705 0.0136 0.0042 0.0103 0.0044 0.0084 0.0070 0.0076 0.0104 0.0117 
      H150.6  1 0.0469 0.0220 0.0311 0.0046 0.0100 0.7153 0.0185 0.0104 0.0133 0.0082 0.0180 0.0042 0.0135 0.0405 0.0435 
      H150.7  1 0.0057 0.0123 0.0060 0.0058 0.0081 0.9084 0.0087 0.0077 0.0064 0.0053 0.0049 0.0080 0.0038 0.0051 0.0037 
   H169607.1  1 0.0103 0.0869 0.1016 0.0286 0.1808 0.1001 0.0211 0.0284 0.1453 0.1195 0.0078 0.0335 0.0740 0.0427 0.0193 
   H169607.2  1 0.0076 0.0503 0.0697 0.5106 0.0876 0.0605 0.0158 0.0044 0.0864 0.0313 0.0127 0.0252 0.0171 0.0086 0.0121 
   H169607.3  1 0.0092 0.1820 0.0433 0.1191 0.1411 0.0247 0.0184 0.0118 0.1481 0.0190 0.0091 0.0588 0.0681 0.0517 0.0956 
   H169607.4  1 0.0071 0.3844 0.0441 0.2661 0.1119 0.0186 0.0083 0.0093 0.0923 0.0147 0.0057 0.0093 0.0096 0.0107 0.0079 
   H169607.5  1 0.0062 0.0389 0.0328 0.2714 0.0717 0.1475 0.0125 0.0093 0.1771 0.0184 0.0275 0.0469 0.0404 0.0108 0.0887 
   H169607.6  1 0.0069 0.0499 0.0558 0.6714 0.0386 0.0242 0.0092 0.0032 0.0584 0.0167 0.0089 0.0194 0.0151 0.0137 0.0086 
   H169607.7  1 0.0202 0.0185 0.3550 0.1933 0.0383 0.0981 0.0145 0.0088 0.0841 0.0371 0.0168 0.0488 0.0424 0.0147 0.0094 
   H169607.8  1 0.0044 0.1441 0.0360 0.5674 0.0343 0.0098 0.0095 0.0047 0.1273 0.0173 0.0047 0.0137 0.0082 0.0108 0.0079 
   H169633.1  1 0.0178 0.0099 0.0096 0.0083 0.0255 0.0148 0.0188 0.0243 0.0072 0.0153 0.7992 0.0111 0.0053 0.0214 0.0117 
   H169633.2  1 0.0303 0.0065 0.0180 0.0044 0.0235 0.0073 0.0255 0.0121 0.0054 0.0666 0.6722 0.0345 0.0281 0.0576 0.0078 
   H169633.3  1 0.0224 0.0045 0.0061 0.0059 0.0150 0.0084 0.0191 0.0076 0.0069 0.0092 0.8461 0.0162 0.0137 0.0097 0.0093 
   H169633.4  1 0.0148 0.0126 0.0058 0.0069 0.0179 0.0104 0.0128 0.0165 0.0051 0.0071 0.8511 0.0064 0.0095 0.0079 0.0153 
   H169633.5  1 0.0108 0.0163 0.0064 0.0074 0.0156 0.0098 0.0144 0.0158 0.0054 0.0084 0.8493 0.0077 0.0082 0.0085 0.0160 
   H169688.1  1 0.0049 0.0077 0.0409 0.0715 0.1686 0.0186 0.0092 0.0048 0.0107 0.0185 0.0191 0.0137 0.0775 0.5280 0.0061 
   H169688.2  1 0.0156 0.0077 0.2765 0.0192 0.0299 0.0440 0.0072 0.0141 0.0141 0.0072 0.0132 0.0202 0.0291 0.4944 0.0076 
   H169688.3  1 0.0090 0.0072 0.5982 0.0148 0.0802 0.0628 0.0099 0.0070 0.0050 0.0120 0.0299 0.0052 0.0128 0.1285 0.0174 
   H169688.4  1 0.0081 0.0145 0.0904 0.0116 0.0188 0.7622 0.0055 0.0119 0.0079 0.0068 0.0095 0.0072 0.0083 0.0296 0.0077 
   H169688.5  1 0.0061 0.0157 0.1157 0.0102 0.0200 0.7359 0.0049 0.0149 0.0099 0.0059 0.0097 0.0076 0.0095 0.0255 0.0085 
   H169688.6  1 0.0219 0.0081 0.2721 0.0208 0.1071 0.0677 0.0069 0.0558 0.0073 0.0067 0.0228 0.0067 0.1773 0.2100 0.0090 
   H169688.7  1 0.0053 0.0088 0.6952 0.0082 0.1420 0.0498 0.0091 0.0071 0.0052 0.0100 0.0139 0.0092 0.0067 0.0186 0.0111 
   H171901.1  1 0.0243 0.1129 0.0351 0.0241 0.0945 0.0435 0.2474 0.0600 0.0185 0.0204 0.0198 0.0185 0.0131 0.2416 0.0262 
   H171901.2  1 0.0098 0.0083 0.0069 0.0116 0.0117 0.0103 0.0064 0.0058 0.0070 0.0053 0.8953 0.0060 0.0041 0.0054 0.0061 
   H171901.3  1 0.0051 0.0331 0.0138 0.0101 0.0085 0.0154 0.0124 0.0083 0.0065 0.0062 0.8139 0.0114 0.0152 0.0238 0.0162 
   H171901.4  1 0.0105 0.0080 0.0084 0.0063 0.0078 0.0093 0.0043 0.0047 0.0096 0.0072 0.8982 0.0064 0.0057 0.0067 0.0070 
   H171901.5  1 0.0112 0.0147 0.0117 0.0079 0.0113 0.0080 0.0060 0.0060 0.0165 0.0075 0.8713 0.0061 0.0090 0.0054 0.0072 
   H171901.6  1 0.0285 0.0468 0.0146 0.0100 0.0405 0.0201 0.0109 0.0066 0.0308 0.0128 0.7276 0.0073 0.0225 0.0091 0.0119 
   H171901.7  1 0.0099 0.0157 0.0125 0.0134 0.0252 0.0223 0.0126 0.0055 0.0064 0.0047 0.7866 0.0275 0.0243 0.0124 0.0210 
   H171902.1  1 0.0067 0.7380 0.0146 0.0134 0.0191 0.0211 0.0081 0.0471 0.0149 0.0284 0.0122 0.0132 0.0504 0.0085 0.0043 
  H171902.10  1 0.0037 0.8331 0.0179 0.0150 0.0147 0.0086 0.0063 0.0107 0.0085 0.0058 0.0267 0.0054 0.0300 0.0091 0.0045 
   H171902.2  1 0.0289 0.3047 0.0304 0.0108 0.0157 0.0368 0.0123 0.0531 0.0310 0.0291 0.0230 0.1474 0.1329 0.1335 0.0103 
   H171902.3  1 0.0087 0.3820 0.2026 0.0194 0.0179 0.0412 0.0129 0.0141 0.0270 0.0242 0.1470 0.0109 0.0741 0.0098 0.0082 
   H171902.4  1 0.0080 0.6908 0.0053 0.0116 0.0179 0.0120 0.0104 0.0274 0.0053 0.0101 0.1507 0.0143 0.0196 0.0088 0.0078 
   H171902.6  1 0.0034 0.8233 0.0188 0.0120 0.0169 0.0091 0.0091 0.0130 0.0070 0.0062 0.0298 0.0043 0.0360 0.0060 0.0049 
   H171902.7  1 0.0052 0.8110 0.0117 0.0117 0.0278 0.0102 0.0067 0.0212 0.0146 0.0058 0.0444 0.0046 0.0140 0.0056 0.0055 
   H171902.8  1 0.0058 0.6844 0.0578 0.0140 0.0289 0.0173 0.0102 0.0196 0.0174 0.0097 0.0654 0.0062 0.0409 0.0113 0.0112 
   H171902.9  1 0.0109 0.7495 0.0076 0.0117 0.0118 0.0763 0.0106 0.0428 0.0121 0.0097 0.0097 0.0145 0.0213 0.0066 0.0048 
   H171903.1  1 0.0067 0.0088 0.0092 0.7971 0.0164 0.0635 0.0068 0.0048 0.0216 0.0129 0.0133 0.0107 0.0130 0.0062 0.0088 
   H171903.2  1 0.0207 0.0160 0.0259 0.7127 0.0119 0.0410 0.0064 0.0123 0.0282 0.0169 0.0099 0.0421 0.0204 0.0088 0.0268 
   H171903.3  1 0.0169 0.0505 0.0353 0.2265 0.0266 0.0564 0.0212 0.0158 0.0696 0.0880 0.0325 0.0408 0.0660 0.0144 0.2395 
   H171903.4  1 0.0177 0.3225 0.0222 0.0795 0.2238 0.0765 0.0288 0.0090 0.0401 0.0075 0.0203 0.0101 0.0263 0.0955 0.0202 
   H171903.5  1 0.0225 0.0143 0.1729 0.1023 0.0172 0.1078 0.0095 0.0103 0.0505 0.0768 0.0371 0.0343 0.0348 0.0196 0.2900 
   H171903.6  1 0.0086 0.0813 0.1227 0.2208 0.0471 0.1049 0.0070 0.0048 0.1204 0.0086 0.0933 0.0192 0.0471 0.0220 0.0922 
      H177.1  1 0.0059 0.0391 0.0156 0.0395 0.0624 0.0401 0.0131 0.0092 0.0228 0.0080 0.4984 0.0108 0.1090 0.1050 0.0211 
      H177.2  1 0.0085 0.0413 0.0836 0.0250 0.1010 0.0147 0.0106 0.0138 0.3291 0.0084 0.1489 0.0550 0.0929 0.0117 0.0554 
      H177.3  1 0.0055 0.1391 0.0680 0.0226 0.0790 0.0259 0.0221 0.0194 0.0612 0.0083 0.3834 0.0156 0.1195 0.0058 0.0246 
      H177.4  1 0.0169 0.0275 0.0107 0.0296 0.0508 0.0061 0.0079 0.0113 0.0368 0.0072 0.1182 0.0105 0.5765 0.0606 0.0294 
      H177.5  1 0.0632 0.0750 0.0312 0.0404 0.0462 0.0373 0.0127 0.0084 0.1063 0.0052 0.0751 0.0281 0.0419 0.2992 0.1298 
      H177.6  1 0.0064 0.0836 0.0331 0.0159 0.0372 0.0214 0.0148 0.0151 0.0258 0.0067 0.6557 0.0135 0.0482 0.0049 0.0178 
      H179.1  1 0.0187 0.0180 0.0308 0.0043 0.0051 0.0097 0.0137 0.0051 0.0241 0.0452 0.0149 0.0145 0.7680 0.0181 0.0098 
      H179.2  1 0.0082 0.0065 0.0123 0.0071 0.0058 0.0162 0.0109 0.0044 0.0227 0.0428 0.0101 0.0101 0.8163 0.0110 0.0156 
      H179.3  1 0.0153 0.0210 0.0983 0.0217 0.0096 0.0267 0.0138 0.0073 0.0244 0.0518 0.0110 0.0470 0.5631 0.0640 0.0251 
      H179.4  1 0.0057 0.0069 0.0096 0.0064 0.0108 0.0053 0.0066 0.0038 0.0097 0.0097 0.0099 0.0117 0.8899 0.0073 0.0067 
      H180.1  1 0.0205 0.0098 0.0241 0.0086 0.0053 0.7762 0.0065 0.0195 0.0088 0.0231 0.0134 0.0074 0.0246 0.0288 0.0234 
      H180.2  1 0.0422 0.0167 0.0084 0.0069 0.0044 0.8247 0.0050 0.0119 0.0107 0.0055 0.0118 0.0057 0.0170 0.0220 0.0070 
      H180.3  1 0.0095 0.0073 0.0074 0.0088 0.0080 0.8329 0.0085 0.0137 0.0074 0.0335 0.0077 0.0174 0.0123 0.0059 0.0197 
      H180.4  1 0.1584 0.0110 0.0264 0.0081 0.0080 0.5441 0.0100 0.0244 0.0120 0.0073 0.0249 0.0178 0.0264 0.0271 0.0944 
      H180.5  1 0.0254 0.0091 0.0135 0.0146 0.0082 0.7676 0.0118 0.0165 0.0241 0.0072 0.0170 0.0194 0.0194 0.0279 0.0183 
      H180.6  1 0.0249 0.0113 0.0114 0.0128 0.0281 0.4269 0.0223 0.0435 0.0111 0.0133 0.0246 0.3204 0.0100 0.0207 0.0189 
      H181.1  1 0.0109 0.0244 0.0180 0.0592 0.0187 0.0110 0.0084 0.0174 0.0178 0.0101 0.1794 0.0078 0.1004 0.0950 0.4215 
      H181.2  1 0.0231 0.0151 0.0187 0.0286 0.0588 0.0192 0.0168 0.0252 0.0227 0.0199 0.0833 0.0122 0.4520 0.1204 0.0839 
      H181.3  1 0.0127 0.0217 0.0419 0.0439 0.0341 0.0093 0.0162 0.0247 0.0499 0.0056 0.1560 0.0278 0.2668 0.2553 0.0341 
      H181.4  1 0.0093 0.0168 0.0203 0.0280 0.0469 0.0901 0.0219 0.0044 0.0731 0.0083 0.1276 0.0158 0.1001 0.0414 0.3960 
      H181.5  1 0.0180 0.0109 0.0151 0.0092 0.0116 0.0066 0.0378 0.0190 0.0175 0.0167 0.0161 0.0182 0.5798 0.2012 0.0221 
      H181.6  1 0.0637 0.0232 0.0218 0.0142 0.0134 0.0518 0.0160 0.0065 0.0280 0.0779 0.0265 0.0106 0.5813 0.0352 0.0297 
      H181.7  1 0.0156 0.0103 0.0678 0.0156 0.0111 0.0258 0.0068 0.0116 0.0079 0.0099 0.0356 0.0183 0.6903 0.0207 0.0528 
 H194.1_2004  1 0.0095 0.0113 0.0078 0.0531 0.7357 0.0618 0.0112 0.0075 0.0101 0.0109 0.0314 0.0145 0.0081 0.0091 0.0179 
 H194.2_2004  1 0.0050 0.0086 0.0053 0.0298 0.7866 0.0098 0.0141 0.0100 0.0096 0.0051 0.0122 0.0054 0.0041 0.0612 0.0331 
 H194.3_2004  1 0.0074 0.0138 0.0121 0.0091 0.8100 0.0079 0.0104 0.0073 0.0088 0.0072 0.0560 0.0121 0.0231 0.0059 0.0087 
 H194.4_2004  1 0.0062 0.0116 0.0058 0.0378 0.7682 0.0089 0.0107 0.0162 0.0072 0.0051 0.0389 0.0064 0.0117 0.0583 0.0069 
 H194.5_2004  1 0.0138 0.0146 0.0106 0.0117 0.7579 0.0096 0.0183 0.0075 0.0151 0.0130 0.0531 0.0221 0.0323 0.0085 0.0117 
 H194.6_2004  1 0.0132 0.0406 0.0127 0.0349 0.3555 0.0179 0.0347 0.0098 0.0234 0.0164 0.1539 0.0166 0.1567 0.0963 0.0173 
 H194.7_2004  1 0.0123 0.0058 0.0081 0.1494 0.6533 0.0142 0.0162 0.0054 0.0179 0.0050 0.0161 0.0606 0.0073 0.0094 0.0191 
 H194.8_2004  1 0.0092 0.0125 0.0081 0.0180 0.6440 0.0171 0.0281 0.0089 0.0125 0.0085 0.0504 0.0178 0.0313 0.1151 0.0184 
      H194.9  1 0.0093 0.0076 0.0056 0.0172 0.7866 0.0170 0.0171 0.0061 0.0145 0.0061 0.0123 0.0689 0.0070 0.0118 0.0130 
 H195.1_2003  1 0.0383 0.0071 0.0086 0.0103 0.8500 0.0065 0.0082 0.0040 0.0099 0.0089 0.0205 0.0060 0.0067 0.0099 0.0052 
 H195.1_2004  1 0.0049 0.0090 0.0077 0.0052 0.9086 0.0050 0.0100 0.0074 0.0047 0.0038 0.0089 0.0044 0.0072 0.0066 0.0066 
 H195.2_2003  1 0.0145 0.0096 0.0074 0.0248 0.8593 0.0141 0.0050 0.0069 0.0139 0.0091 0.0073 0.0120 0.0068 0.0056 0.0036 
 H195.2_2004  1 0.0054 0.0041 0.0054 0.0064 0.9226 0.0047 0.0058 0.0107 0.0060 0.0038 0.0057 0.0053 0.0039 0.0062 0.0038 
 H195.3_2003  1 0.0882 0.0110 0.0172 0.0404 0.7029 0.0429 0.0088 0.0074 0.0329 0.0055 0.0064 0.0123 0.0079 0.0107 0.0054 
 H195.3_2004  1 0.0055 0.0046 0.0039 0.0074 0.9257 0.0037 0.0059 0.0055 0.0043 0.0039 0.0114 0.0034 0.0054 0.0049 0.0046 
 H195.4_2003  1 0.0136 0.0066 0.0051 0.0071 0.9099 0.0050 0.0087 0.0033 0.0057 0.0066 0.0067 0.0040 0.0054 0.0062 0.0060 
 H195.4_2004  1 0.0048 0.0051 0.0051 0.0088 0.9181 0.0037 0.0060 0.0049 0.0043 0.0035 0.0050 0.0086 0.0053 0.0116 0.0053 
 H195.5_2003  1 0.1176 0.0108 0.0102 0.0075 0.7639 0.0087 0.0099 0.0039 0.0081 0.0064 0.0131 0.0063 0.0102 0.0149 0.0085 
 H195.5_2004  1 0.0079 0.0058 0.0052 0.0092 0.9078 0.0042 0.0068 0.0077 0.0049 0.0039 0.0061 0.0064 0.0095 0.0087 0.0057 
 H195.6_2003  1 0.0239 0.0078 0.0074 0.0225 0.8697 0.0162 0.0049 0.0051 0.0107 0.0055 0.0054 0.0059 0.0051 0.0057 0.0043 
 H195.6_2004  1 0.0070 0.0041 0.0043 0.0087 0.9249 0.0032 0.0056 0.0066 0.0049 0.0041 0.0054 0.0050 0.0078 0.0047 0.0037 
 H195.7_2003  1 0.0113 0.0049 0.0095 0.0077 0.8987 0.0044 0.0058 0.0032 0.0106 0.0064 0.0075 0.0063 0.0087 0.0099 0.0051 
 H195.7_2004  1 0.0064 0.0048 0.0072 0.0055 0.8941 0.0068 0.0070 0.0319 0.0050 0.0027 0.0053 0.0050 0.0062 0.0064 0.0057 
      H195.8  1 0.0052 0.0058 0.0053 0.0076 0.9183 0.0049 0.0058 0.0049 0.0052 0.0027 0.0042 0.0072 0.0064 0.0101 0.0064 
      H195.9  1 0.0073 0.0058 0.0061 0.0151 0.9041 0.0052 0.0064 0.0041 0.0077 0.0031 0.0086 0.0083 0.0073 0.0056 0.0055 
      H415.1  1 0.0125 0.0189 0.0082 0.0093 0.0457 0.1496 0.0253 0.0715 0.0061 0.4951 0.0851 0.0339 0.0093 0.0157 0.0138 
      H415.2  1 0.0088 0.5218 0.0149 0.0092 0.0175 0.0715 0.0108 0.0241 0.0151 0.1478 0.0389 0.0081 0.0923 0.0052 0.0138 
      H415.3  1 0.0067 0.0099 0.0192 0.0032 0.0115 0.0144 0.0116 0.0080 0.0184 0.7735 0.0785 0.0062 0.0187 0.0044 0.0159 
      H415.4  1 0.0079 0.0137 0.0054 0.0054 0.0258 0.0819 0.0181 0.0198 0.0076 0.7482 0.0191 0.0209 0.0050 0.0091 0.0121 
      H415.5  1 0.0086 0.0096 0.0218 0.0036 0.0243 0.0129 0.0144 0.0117 0.0111 0.7531 0.0759 0.0059 0.0182 0.0069 0.0219 
      H415.6  1 0.0101 0.0175 0.0069 0.0055 0.0205 0.0884 0.0354 0.0209 0.0078 0.7174 0.0162 0.0249 0.0063 0.0090 0.0131 
      H415.7  1 0.0090 0.1433 0.0243 0.0064 0.0547 0.0158 0.0103 0.0181 0.0908 0.4569 0.0861 0.0082 0.0528 0.0087 0.0146 
      H506.1  1 0.0105 0.0042 0.0056 0.0032 0.0043 0.0035 0.0043 0.0062 0.0090 0.0132 0.0072 0.0057 0.9106 0.0064 0.0061 
      H506.2  1 0.0064 0.0073 0.0069 0.0053 0.0100 0.0033 0.0056 0.0069 0.0147 0.0097 0.0119 0.0060 0.8934 0.0054 0.0075 
      H506.3  1 0.0125 0.0054 0.0128 0.0039 0.0058 0.0050 0.0051 0.0416 0.0112 0.0174 0.0105 0.0098 0.8336 0.0139 0.0117 
      H506.4  1 0.0125 0.0061 0.0053 0.0052 0.0044 0.0056 0.0053 0.0115 0.0149 0.0164 0.0076 0.0075 0.8835 0.0078 0.0066 
      H506.5  1 0.0117 0.0081 0.0063 0.0061 0.0065 0.0039 0.0040 0.0089 0.0161 0.0191 0.0116 0.0061 0.8808 0.0058 0.0050 
      H506.6  1 0.0120 0.1275 0.0723 0.0195 0.0114 0.0061 0.0067 0.0494 0.0550 0.0252 0.0127 0.0142 0.5224 0.0183 0.0473 
      H506.7  1 0.0119 0.0051 0.0049 0.0051 0.0074 0.0035 0.0043 0.0075 0.0095 0.0133 0.0094 0.0067 0.9006 0.0053 0.0056 
      H533.1  1 0.0074 0.0070 0.0339 0.0038 0.0047 0.0042 0.0056 0.0157 0.0053 0.0112 0.0227 0.0071 0.8534 0.0075 0.0106 
      H533.2  1 0.0086 0.0076 0.0363 0.0037 0.0042 0.0039 0.0054 0.0272 0.0051 0.0120 0.0453 0.0058 0.8214 0.0072 0.0062 
      H533.3  1 0.0050 0.0093 0.0171 0.0058 0.0037 0.0047 0.0041 0.0059 0.0071 0.0099 0.0156 0.0085 0.8835 0.0050 0.0147 
      H533.4  1 0.0052 0.0142 0.0237 0.0063 0.0140 0.0066 0.0063 0.0148 0.0069 0.0187 0.0282 0.0077 0.8262 0.0056 0.0155 
      H535.1  1 0.0057 0.0153 0.0056 0.0111 0.0098 0.0085 0.0072 0.0052 0.0142 0.0086 0.0080 0.0057 0.8824 0.0053 0.0073 
      H535.2  1 0.0089 0.0051 0.0054 0.0093 0.0139 0.0036 0.0052 0.0033 0.0083 0.0040 0.0063 0.0110 0.8986 0.0082 0.0089 
      H535.3  1 0.0124 0.0086 0.0039 0.0071 0.0109 0.0056 0.0053 0.0044 0.0070 0.0035 0.0043 0.0107 0.8966 0.0120 0.0076 
      H535.4  1 0.0119 0.0033 0.0036 0.0043 0.0087 0.0044 0.0059 0.0036 0.0057 0.0092 0.0090 0.0048 0.9129 0.0065 0.0061 
      H535.5  1 0.0053 0.0038 0.0054 0.0064 0.0064 0.0051 0.0048 0.0046 0.0056 0.0101 0.0098 0.0043 0.9173 0.0060 0.0050 
      H535.6  1 0.0048 0.0160 0.0063 0.0166 0.0104 0.0098 0.0087 0.0045 0.0123 0.0063 0.0034 0.0063 0.8760 0.0106 0.0079 
      H535.7  1 0.0079 0.0042 0.0051 0.0058 0.0045 0.0039 0.0036 0.0053 0.0039 0.0058 0.0081 0.0048 0.9282 0.0053 0.0035 
      H535.8  1 0.0075 0.0049 0.0045 0.0050 0.0071 0.0046 0.0045 0.0051 0.0058 0.0059 0.0059 0.0054 0.9188 0.0103 0.0048 
      H535.9  1 0.0113 0.0135 0.0047 0.0083 0.0058 0.0095 0.0051 0.0065 0.0066 0.0051 0.0059 0.0053 0.9027 0.0046 0.0051 
      H539.1  1 0.0040 0.0140 0.0042 0.0151 0.0051 0.9142 0.0046 0.0087 0.0056 0.0042 0.0037 0.0063 0.0034 0.0031 0.0038 
      H539.2  1 0.0109 0.0093 0.0271 0.0179 0.0105 0.7941 0.0069 0.0160 0.0078 0.0096 0.0081 0.0127 0.0193 0.0307 0.0191 
      H539.3  1 0.0061 0.0117 0.0062 0.0434 0.0174 0.8292 0.0092 0.0132 0.0076 0.0043 0.0054 0.0159 0.0105 0.0149 0.0049 
      H539.4  1 0.0072 0.0090 0.0135 0.0070 0.0034 0.8844 0.0037 0.0280 0.0055 0.0060 0.0047 0.0080 0.0052 0.0053 0.0091 
      H539.5  1 0.0027 0.0061 0.0034 0.0103 0.0046 0.9249 0.0058 0.0071 0.0073 0.0041 0.0038 0.0074 0.0037 0.0039 0.0048 
      H539.6  1 0.0036 0.0065 0.0044 0.0073 0.0045 0.9283 0.0068 0.0048 0.0062 0.0048 0.0034 0.0073 0.0040 0.0038 0.0041 
      H539.7  1 0.0039 0.0070 0.0044 0.0054 0.0046 0.9288 0.0065 0.0053 0.0047 0.0044 0.0059 0.0051 0.0054 0.0039 0.0048 
      H539.8  1 0.0150 0.0069 0.0067 0.0099 0.0122 0.8326 0.0122 0.0281 0.0076 0.0065 0.0075 0.0094 0.0167 0.0190 0.0097 
      H539.9  1 0.0059 0.0076 0.0066 0.0060 0.0043 0.9159 0.0038 0.0101 0.0058 0.0058 0.0044 0.0098 0.0033 0.0042 0.0065 
      H540.1  1 0.0038 0.0192 0.0081 0.0142 0.0104 0.8501 0.0067 0.0093 0.0256 0.0053 0.0078 0.0074 0.0120 0.0065 0.0137 
      H540.2  1 0.0041 0.0080 0.0053 0.0077 0.0055 0.9187 0.0074 0.0041 0.0094 0.0057 0.0054 0.0039 0.0052 0.0035 0.0061 
      H540.3  1 0.0083 0.0911 0.0240 0.0081 0.0198 0.2215 0.0853 0.3726 0.0315 0.0138 0.0228 0.0065 0.0124 0.0330 0.0494 
      H540.4  1 0.0044 0.0067 0.0067 0.0060 0.0060 0.9038 0.0079 0.0035 0.0144 0.0055 0.0050 0.0048 0.0063 0.0061 0.0128 
      H540.5  1 0.0050 0.0139 0.0157 0.0092 0.0058 0.8536 0.0080 0.0171 0.0158 0.0078 0.0137 0.0057 0.0058 0.0094 0.0135 
      H540.6  1 0.0048 0.0119 0.0202 0.0225 0.0080 0.7819 0.0160 0.0114 0.0358 0.0062 0.0131 0.0120 0.0110 0.0153 0.0299 
      H540.7  1 0.0062 0.0057 0.0062 0.0059 0.0059 0.9058 0.0062 0.0049 0.0075 0.0072 0.0104 0.0074 0.0065 0.0045 0.0098 
      H540.8  1 0.0054 0.0129 0.0065 0.0078 0.0078 0.8848 0.0071 0.0068 0.0079 0.0063 0.0169 0.0047 0.0087 0.0037 0.0127 
     H9558.1  1 0.0058 0.0367 0.0097 0.0143 0.0052 0.8733 0.0058 0.0100 0.0059 0.0070 0.0042 0.0045 0.0074 0.0057 0.0046 
     H9558.2  1 0.0233 0.0274 0.0132 0.0187 0.0090 0.8140 0.0096 0.0144 0.0108 0.0099 0.0054 0.0142 0.0130 0.0119 0.0052 
     H9558.3  1 0.0159 0.0059 0.0072 0.0162 0.0071 0.8744 0.0081 0.0118 0.0102 0.0094 0.0043 0.0105 0.0062 0.0068 0.0059 
     H9558.4  1 0.0054 0.0171 0.0175 0.0070 0.0052 0.8933 0.0040 0.0101 0.0063 0.0073 0.0037 0.0060 0.0079 0.0048 0.0046 
     H9558.5  1 0.0110 0.0064 0.0099 0.0039 0.0035 0.8935 0.0045 0.0223 0.0050 0.0107 0.0052 0.0038 0.0060 0.0056 0.0086 
     H9558.6  1 0.0082 0.0325 0.0055 0.0130 0.0091 0.7426 0.0182 0.0140 0.0148 0.0089 0.0063 0.0682 0.0068 0.0069 0.0451 
    kos339.1  1 0.0038 0.0074 0.0104 0.0043 0.0052 0.0054 0.0041 0.0045 0.0108 0.0117 0.8946 0.0140 0.0111 0.0057 0.0067 
    kos339.2  1 0.0064 0.0040 0.0066 0.0039 0.0071 0.0042 0.0086 0.0075 0.0049 0.0096 0.9014 0.0147 0.0081 0.0057 0.0075 
    kos339.3  1 0.0037 0.0038 0.0040 0.0035 0.0046 0.0062 0.0041 0.0030 0.0050 0.0072 0.9327 0.0051 0.0074 0.0048 0.0049 
    kos339.4  1 0.0046 0.0037 0.0052 0.0038 0.0066 0.0052 0.0045 0.0049 0.0050 0.0097 0.9238 0.0052 0.0067 0.0055 0.0054 
    kos339.5  1 0.0046 0.0043 0.0043 0.0035 0.0036 0.0050 0.0050 0.0031 0.0117 0.0060 0.9254 0.0065 0.0084 0.0037 0.0051 
    kos339.6  1 0.0051 0.0039 0.0041 0.0044 0.0063 0.0043 0.0071 0.0058 0.0058 0.0078 0.9241 0.0051 0.0050 0.0039 0.0072 
    kos339.7  1 0.0032 0.0038 0.0050 0.0039 0.0050 0.0039 0.0032 0.0049 0.0045 0.0077 0.9268 0.0088 0.0110 0.0041 0.0042 
    kos339.8  1 0.0054 0.0037 0.0043 0.0029 0.0051 0.0045 0.0048 0.0063 0.0091 0.0122 0.9171 0.0047 0.0076 0.0051 0.0073 
    kos339.9  1 0.0044 0.0061 0.0058 0.0057 0.0066 0.0163 0.0083 0.0050 0.0075 0.0058 0.9037 0.0079 0.0074 0.0037 0.0058 
      H008.1  2 0.0192 0.0111 0.0075 0.0069 0.0081 0.0494 0.0160 0.0058 0.0062 0.0089 0.0090 0.8218 0.0118 0.0105 0.0078 
      H008.2  2 0.3304 0.0271 0.0869 0.0410 0.0117 0.1598 0.0138 0.0807 0.0147 0.0122 0.0280 0.1045 0.0284 0.0430 0.0179 
      H008.3  2 0.0807 0.0159 0.0379 0.0542 0.0193 0.1266 0.0256 0.0460 0.0238 0.0099 0.0122 0.0503 0.3934 0.0852 0.0189 
      H008.4  2 0.0150 0.0142 0.0101 0.0161 0.0195 0.0429 0.0371 0.0543 0.0126 0.0372 0.0184 0.6881 0.0106 0.0155 0.0085 
      H008.5  2 0.0239 0.0069 0.0087 0.0146 0.0099 0.0281 0.0136 0.0163 0.0131 0.0065 0.0136 0.7748 0.0327 0.0271 0.0103 
      H008.6  2 0.2675 0.0430 0.0234 0.0390 0.0214 0.0702 0.0197 0.1345 0.0250 0.0237 0.0193 0.2542 0.0288 0.0096 0.0208 
      H008.7  2 0.0943 0.0281 0.0292 0.0114 0.0241 0.0603 0.0522 0.1044 0.0176 0.0206 0.0265 0.4429 0.0254 0.0529 0.0101 
      H008.8  2 0.0151 0.0301 0.1172 0.0292 0.0292 0.4584 0.0113 0.0155 0.0164 0.0113 0.0109 0.2122 0.0223 0.0128 0.0080 
      H008.9  2 0.2135 0.2096 0.0240 0.0290 0.0475 0.0536 0.0300 0.2646 0.0121 0.0093 0.0124 0.0306 0.0342 0.0149 0.0145 
 H029.1_2002  2 0.0063 0.0225 0.0126 0.0058 0.0103 0.0238 0.0198 0.0180 0.0303 0.0488 0.0067 0.7634 0.0052 0.0177 0.0088 
 H029.1_2003  2 0.0169 0.0300 0.0293 0.0159 0.0143 0.0230 0.0174 0.0188 0.0271 0.0165 0.0094 0.6624 0.0710 0.0263 0.0217 
 H029.2_2002  2 0.0106 0.0071 0.0079 0.0105 0.0308 0.0074 0.0059 0.0203 0.0265 0.0070 0.0654 0.7218 0.0451 0.0260 0.0079 
 H029.2_2003  2 0.0110 0.0189 0.0099 0.0145 0.0229 0.0151 0.0053 0.0262 0.0368 0.0061 0.0428 0.5979 0.1614 0.0149 0.0164 
 H029.3_2002  2 0.0068 0.0102 0.0168 0.0112 0.0289 0.0083 0.0061 0.1235 0.0140 0.0064 0.0333 0.4852 0.1892 0.0407 0.0195 
 H029.3_2003  2 0.0131 0.0043 0.0101 0.0053 0.0067 0.0072 0.0081 0.0082 0.0114 0.0053 0.0110 0.8522 0.0335 0.0115 0.0119 
 H029.4_2002  2 0.0053 0.0041 0.0071 0.0042 0.0080 0.0042 0.0069 0.0109 0.0058 0.0077 0.0058 0.9056 0.0066 0.0104 0.0075 
 H029.4_2003  2 0.0164 0.0146 0.0325 0.0110 0.0103 0.0510 0.0072 0.0265 0.0125 0.0157 0.0082 0.7264 0.0187 0.0328 0.0160 
 H029.5_2002  2 0.0114 0.0085 0.0061 0.0043 0.0088 0.0070 0.0169 0.0054 0.0124 0.0096 0.0065 0.8710 0.0063 0.0181 0.0076 
 H029.5_2003  2 0.0103 0.0066 0.0147 0.0053 0.0061 0.0086 0.0087 0.0090 0.0067 0.0083 0.0064 0.8839 0.0095 0.0087 0.0074 
 H029.6_2002  2 0.0041 0.0052 0.0106 0.0046 0.0095 0.0051 0.0089 0.0186 0.0065 0.0056 0.0068 0.8211 0.0100 0.0771 0.0064 
 H029.6_2003  2 0.0224 0.0133 0.0208 0.0090 0.0174 0.0119 0.0199 0.0086 0.0441 0.0057 0.0816 0.5832 0.1306 0.0137 0.0178 
      H029.7  2 0.0055 0.0072 0.0041 0.0111 0.0293 0.0081 0.0051 0.0156 0.0115 0.0054 0.0334 0.8314 0.0143 0.0137 0.0042 
      H030.1  2 0.0907 0.0106 0.0215 0.0100 0.0156 0.0069 0.0164 0.0041 0.1180 0.0057 0.0204 0.0289 0.0123 0.0357 0.6031 
      H030.2  2 0.0386 0.0080 0.0110 0.0046 0.0117 0.0324 0.0184 0.0596 0.0121 0.2863 0.0057 0.1211 0.0110 0.1725 0.2070 
      H038.1  2 0.0047 0.0106 0.0063 0.0100 0.0061 0.0058 0.0053 0.0241 0.0058 0.0081 0.0060 0.8922 0.0051 0.0046 0.0053 
      H038.2  2 0.0072 0.0065 0.0045 0.0036 0.0070 0.0052 0.0098 0.0047 0.0128 0.0122 0.0100 0.8884 0.0078 0.0052 0.0150 
      H038.3  2 0.0137 0.0106 0.0118 0.0044 0.0131 0.0099 0.0128 0.0328 0.0342 0.0243 0.0094 0.7938 0.0078 0.0063 0.0148 
      H038.4  2 0.0105 0.0108 0.0077 0.0035 0.0193 0.0067 0.0197 0.0259 0.0273 0.0133 0.0078 0.8268 0.0070 0.0061 0.0076 
      H038.5  2 0.0055 0.0055 0.0309 0.0036 0.0083 0.0085 0.0085 0.0257 0.0084 0.0051 0.0152 0.8476 0.0059 0.0072 0.0142 
      H038.6  2 0.0054 0.0053 0.0059 0.0040 0.0044 0.0099 0.0036 0.0078 0.0075 0.0073 0.0071 0.9092 0.0080 0.0051 0.0096 
      H038.7  2 0.0074 0.0066 0.0093 0.0040 0.0047 0.0089 0.0045 0.0098 0.0382 0.0233 0.0049 0.8579 0.0087 0.0037 0.0078 
      H038.8  2 0.0067 0.0081 0.0100 0.0055 0.0134 0.0095 0.0136 0.0653 0.0203 0.0179 0.0087 0.7947 0.0065 0.0067 0.0131 
      H041.1  2 0.1094 0.0136 0.0113 0.0200 0.0263 0.0094 0.0341 0.0213 0.0330 0.0128 0.0938 0.3193 0.0099 0.2768 0.0091 
      H041.2  2 0.1410 0.0188 0.0066 0.0063 0.0325 0.0084 0.2105 0.0178 0.0331 0.0949 0.0120 0.3277 0.0161 0.0591 0.0153 
      H041.4  2 0.0382 0.0267 0.0071 0.0138 0.0193 0.0175 0.0273 0.0199 0.0155 0.0113 0.0134 0.7306 0.0146 0.0357 0.0091 
      H041.6  2 0.0288 0.0389 0.0084 0.0325 0.0276 0.0281 0.0535 0.0144 0.0283 0.0268 0.0131 0.6292 0.0114 0.0433 0.0157 
 H042.1_2002  2 0.0083 0.0433 0.0128 0.0147 0.0414 0.1562 0.1040 0.0123 0.0165 0.0318 0.0156 0.0117 0.0088 0.5100 0.0127 
 H042.1_2003  2 0.2797 0.0736 0.0293 0.0150 0.0217 0.1608 0.0449 0.0839 0.0698 0.0441 0.0152 0.0856 0.0255 0.0230 0.0281 
 H042.2_2002  2 0.0087 0.0057 0.0311 0.0120 0.0155 0.0202 0.0484 0.0248 0.0061 0.2419 0.0154 0.3961 0.0315 0.1280 0.0146 
 H042.2_2003  2 0.0216 0.0222 0.0064 0.0108 0.0350 0.0761 0.4667 0.0063 0.0428 0.0364 0.0174 0.2142 0.0163 0.0141 0.0137 
 H042.3_2002  2 0.0158 0.0124 0.0466 0.0155 0.0523 0.1167 0.1314 0.0215 0.0134 0.1938 0.0207 0.0129 0.0140 0.3016 0.0315 
 H042.3_2003  2 0.0302 0.0191 0.0463 0.0159 0.0419 0.2171 0.0769 0.0336 0.0179 0.1822 0.0301 0.1167 0.0244 0.1239 0.0237 
 H042.4_2002  2 0.0137 0.0280 0.0093 0.0079 0.0289 0.0352 0.1399 0.0174 0.0237 0.0122 0.0610 0.0743 0.0253 0.4710 0.0521 
 H042.4_2003  2 0.0191 0.0598 0.0083 0.0404 0.0792 0.0375 0.0458 0.0084 0.1142 0.0106 0.0289 0.1694 0.0084 0.3524 0.0175 
      H042.5  2 0.0255 0.0159 0.0092 0.0318 0.0526 0.0261 0.0142 0.0032 0.0213 0.0072 0.0172 0.0108 0.0072 0.7502 0.0076 
      H042.6  2 0.0076 0.0225 0.0182 0.1091 0.0339 0.0717 0.0112 0.0089 0.0261 0.0157 0.0078 0.0293 0.0082 0.6185 0.0113 
      H042.7  2 0.0214 0.0158 0.0139 0.0105 0.1807 0.0156 0.1783 0.0061 0.1438 0.1258 0.0145 0.0410 0.0094 0.2172 0.0060 
      H042.8  2 0.0556 0.0126 0.0134 0.0203 0.0270 0.0412 0.0841 0.0246 0.0089 0.1193 0.0121 0.0332 0.0146 0.5262 0.0070 
   H042_2002  2 0.0387 0.0577 0.0162 0.1075 0.0199 0.2790 0.0533 0.0378 0.0701 0.1739 0.0142 0.0916 0.0143 0.0128 0.0131 
   H042_2003  2 0.0356 0.0676 0.0162 0.1327 0.0239 0.2285 0.0452 0.0342 0.0555 0.2123 0.0133 0.0953 0.0135 0.0133 0.0128 
      H043.1  2 0.0251 0.0124 0.0848 0.0184 0.0079 0.5632 0.0036 0.1345 0.0160 0.0107 0.0685 0.0258 0.0055 0.0131 0.0106 
      H043.2  2 0.0180 0.0686 0.0835 0.1249 0.0765 0.2413 0.0111 0.2348 0.0099 0.0067 0.0100 0.0793 0.0193 0.0074 0.0087 
      H043.3  2 0.0215 0.0342 0.0814 0.0230 0.0102 0.1058 0.0079 0.0378 0.1527 0.0348 0.0343 0.4347 0.0079 0.0052 0.0084 
      H043.4  2 0.0252 0.0445 0.0193 0.1197 0.0124 0.3659 0.0059 0.1629 0.0426 0.0135 0.0951 0.0718 0.0052 0.0076 0.0083 
      H043.5  2 0.0294 0.0332 0.0961 0.0075 0.0172 0.1354 0.0128 0.3724 0.0178 0.0178 0.0167 0.2123 0.0151 0.0076 0.0088 
      H043.6  2 0.0058 0.0336 0.0311 0.0136 0.0104 0.1027 0.0169 0.2151 0.0186 0.0164 0.0443 0.4633 0.0076 0.0067 0.0138 
      H043.7  2 0.0489 0.1019 0.0289 0.1535 0.0158 0.1578 0.0077 0.1285 0.2119 0.0393 0.0188 0.0617 0.0055 0.0049 0.0148 
      H043.8  2 0.0332 0.0281 0.6411 0.0268 0.0366 0.0416 0.0081 0.0263 0.0191 0.0178 0.0416 0.0236 0.0061 0.0069 0.0431 
      H043.9  2 0.0333 0.0175 0.1154 0.0360 0.0072 0.3759 0.0068 0.0839 0.0428 0.0238 0.0542 0.1601 0.0064 0.0177 0.0192 
      H047.1  2 0.2304 0.0092 0.0066 0.0101 0.0072 0.2661 0.0059 0.0069 0.0119 0.0596 0.0152 0.3534 0.0069 0.0058 0.0049 
      H047.2  2 0.7871 0.0137 0.0119 0.0066 0.0091 0.0061 0.0140 0.0039 0.0281 0.0115 0.0152 0.0673 0.0076 0.0115 0.0064 
      H047.3  2 0.7424 0.0086 0.0177 0.0151 0.0131 0.0092 0.0312 0.0043 0.0313 0.0230 0.0113 0.0520 0.0096 0.0218 0.0094 
      H047.4  2 0.3595 0.0186 0.0124 0.0100 0.0198 0.0138 0.0355 0.0043 0.1220 0.0653 0.0159 0.2871 0.0113 0.0162 0.0083 
      H047.5  2 0.6934 0.0075 0.0086 0.0422 0.0103 0.0232 0.0159 0.0042 0.0254 0.0554 0.0119 0.0727 0.0130 0.0061 0.0103 
      H047.6  2 0.8063 0.0123 0.0056 0.0066 0.0066 0.0044 0.0284 0.0049 0.0100 0.0472 0.0062 0.0331 0.0049 0.0162 0.0073 
      H047.7  2 0.1765 0.0072 0.0074 0.0070 0.0145 0.1659 0.0131 0.0113 0.0091 0.2214 0.0115 0.3301 0.0070 0.0116 0.0065 
      H047.8  2 0.6913 0.0112 0.0079 0.0123 0.0127 0.0195 0.0236 0.0049 0.0172 0.0621 0.0125 0.0901 0.0140 0.0155 0.0053 
      H047.9  2 0.2543 0.0109 0.0099 0.0524 0.0474 0.0590 0.0213 0.0049 0.0315 0.1389 0.0472 0.3000 0.0078 0.0068 0.0079 
 H071.1_2002  2 0.0054 0.0066 0.0058 0.0130 0.0046 0.0144 0.0048 0.0050 0.0101 0.0082 0.0186 0.8878 0.0046 0.0042 0.0070 
 H071.1_2003  2 0.0159 0.0197 0.0062 0.1234 0.0168 0.0360 0.0116 0.0092 0.0467 0.0101 0.0401 0.6123 0.0064 0.0054 0.0403 
     H071.10  2 0.0036 0.0050 0.0127 0.0063 0.0046 0.0057 0.0051 0.0073 0.0052 0.0109 0.0077 0.8948 0.0046 0.0082 0.0183 
 H071.2_2002  2 0.0071 0.0123 0.0120 0.0105 0.0074 0.0109 0.0081 0.0079 0.0063 0.0074 0.0085 0.8816 0.0081 0.0045 0.0074 
 H071.2_2003  2 0.0040 0.0047 0.0040 0.0071 0.0045 0.0081 0.0046 0.0032 0.0062 0.0048 0.0079 0.9271 0.0043 0.0042 0.0052 
      H071.3  2 0.0321 0.0049 0.0121 0.0056 0.0073 0.0086 0.0094 0.0090 0.0089 0.0150 0.0051 0.8376 0.0072 0.0072 0.0299 
 H071.4_2002  2 0.0058 0.0082 0.0480 0.0091 0.0076 0.0079 0.0084 0.0139 0.0062 0.0111 0.0197 0.8271 0.0054 0.0062 0.0153 
 H071.4_2003  2 0.0068 0.0040 0.0085 0.0052 0.0069 0.0082 0.0047 0.0034 0.0057 0.0083 0.0043 0.9133 0.0060 0.0045 0.0103 
 H071.5_2002  2 0.0038 0.0050 0.0057 0.0073 0.0043 0.0058 0.0037 0.0042 0.0057 0.0074 0.0089 0.9197 0.0034 0.0063 0.0088 
 H071.5_2003  2 0.0124 0.0082 0.0160 0.0090 0.0100 0.0077 0.0057 0.0044 0.0154 0.0158 0.0074 0.8510 0.0074 0.0047 0.0248 
 H071.6_2002  2 0.0043 0.0042 0.0215 0.0075 0.0077 0.0081 0.0044 0.0057 0.0060 0.0235 0.0051 0.8819 0.0057 0.0044 0.0099 
 H071.6_2003  2 0.0055 0.0082 0.0074 0.0063 0.0049 0.0071 0.0039 0.0039 0.0212 0.0103 0.0083 0.8831 0.0042 0.0052 0.0204 
 H071.7_2002  2 0.0076 0.0058 0.0066 0.0098 0.0049 0.0078 0.0039 0.0036 0.0086 0.0087 0.0043 0.9162 0.0045 0.0037 0.0040 
 H071.7_2003  2 0.0074 0.0091 0.0107 0.0086 0.0098 0.0110 0.0070 0.0054 0.0091 0.0107 0.0206 0.8472 0.0047 0.0059 0.0327 
      H071.8  2 0.0060 0.0085 0.0072 0.0125 0.0077 0.0050 0.0057 0.0056 0.0048 0.0058 0.0056 0.9085 0.0072 0.0039 0.0062 
      H071.9  2 0.0115 0.0174 0.0492 0.0149 0.0160 0.0114 0.0103 0.0114 0.0130 0.0186 0.0089 0.7804 0.0073 0.0102 0.0195 
 H081.1_2002  2 0.0043 0.0047 0.0042 0.0124 0.0066 0.0088 0.0065 0.0046 0.0091 0.0073 0.0052 0.9082 0.0067 0.0053 0.0061 
 H081.1_2003  2 0.0121 0.1637 0.0165 0.0137 0.0118 0.0547 0.0223 0.2671 0.1700 0.0191 0.0259 0.0621 0.0551 0.0353 0.0705 
 H081.2_2002  2 0.0076 0.0094 0.0050 0.0857 0.0090 0.0177 0.0062 0.0046 0.0168 0.0066 0.0078 0.8074 0.0061 0.0049 0.0051 
 H081.2_2003  2 0.0103 0.0157 0.0218 0.0747 0.0191 0.0441 0.0085 0.0106 0.0204 0.0069 0.0093 0.0462 0.0073 0.0134 0.6918 
 H081.3_2002  2 0.0153 0.0153 0.0083 0.0221 0.0206 0.0049 0.0081 0.0055 0.0113 0.0051 0.0085 0.8524 0.0054 0.0052 0.0121 
 H081.3_2003  2 0.0095 0.0362 0.0905 0.0379 0.0138 0.0674 0.0139 0.0144 0.0137 0.0098 0.0561 0.0172 0.0128 0.0134 0.5932 
 H081.4_2002  2 0.0068 0.0060 0.0069 0.0063 0.0073 0.0129 0.0065 0.0037 0.0142 0.0086 0.0113 0.8869 0.0083 0.0050 0.0093 
 H081.4_2003  2 0.0106 0.0801 0.0254 0.0364 0.0195 0.0651 0.0223 0.0207 0.1602 0.0094 0.0368 0.0277 0.0277 0.0247 0.4335 
 H081.5_2002  2 0.0070 0.0061 0.0058 0.0067 0.0070 0.0092 0.0052 0.0045 0.0113 0.0063 0.0069 0.9027 0.0066 0.0051 0.0095 
 H081.5_2003  2 0.0190 0.0687 0.0118 0.0779 0.0181 0.0515 0.0200 0.0246 0.4703 0.0260 0.0231 0.0372 0.0332 0.0122 0.1066 
      H081.6  2 0.0057 0.0077 0.0038 0.0164 0.0078 0.0194 0.0069 0.0054 0.0086 0.0085 0.0067 0.8822 0.0096 0.0037 0.0078 
      H081.7  2 0.0069 0.0108 0.0059 0.0650 0.0196 0.0063 0.0103 0.0046 0.0146 0.0054 0.0081 0.8201 0.0060 0.0058 0.0106 
      H081.8  2 0.0084 0.0127 0.0164 0.0095 0.0218 0.0068 0.0120 0.0125 0.0150 0.0076 0.0120 0.8046 0.0117 0.0164 0.0325 
      H083.1  2 0.0057 0.0047 0.0100 0.0084 0.0047 0.0070 0.0055 0.0114 0.0092 0.0116 0.0125 0.8596 0.0224 0.0188 0.0087 
      H083.2  2 0.0310 0.0109 0.0116 0.0176 0.0116 0.0137 0.0047 0.0087 0.0110 0.0132 0.0151 0.8179 0.0098 0.0167 0.0066 
      H083.4  2 0.0117 0.0064 0.0266 0.0144 0.0141 0.0068 0.0084 0.0135 0.0062 0.0096 0.0053 0.8296 0.0124 0.0282 0.0069 
      H083.5  2 0.0112 0.0058 0.0069 0.0097 0.0096 0.0068 0.0060 0.0185 0.0130 0.0089 0.0075 0.8435 0.0110 0.0351 0.0064 
      H083.6  2 0.0051 0.0055 0.0155 0.0106 0.0112 0.0061 0.0087 0.0110 0.0097 0.0085 0.0074 0.7585 0.0906 0.0399 0.0119 
      H083.7  2 0.0150 0.0084 0.0178 0.0143 0.0276 0.0061 0.0138 0.0135 0.0063 0.0081 0.0054 0.7800 0.0111 0.0650 0.0076 
      H083.8  2 0.0472 0.0095 0.0140 0.0177 0.0136 0.0111 0.0065 0.0071 0.0105 0.0072 0.0119 0.8108 0.0093 0.0181 0.0054 
      H083.9  2 0.0092 0.0042 0.0067 0.0085 0.0062 0.0068 0.0067 0.0109 0.0077 0.0084 0.0081 0.8525 0.0122 0.0458 0.0061 
      H084.1  2 0.0144 0.0122 0.0096 0.0075 0.0058 0.0083 0.0148 0.0774 0.0069 0.0148 0.0084 0.0103 0.0073 0.0121 0.7902 
      H084.2  2 0.0054 0.0154 0.0249 0.0042 0.0061 0.0091 0.0047 0.0972 0.0126 0.0074 0.0119 0.0151 0.0059 0.0147 0.7653 
      H084.3  2 0.0116 0.0131 0.0110 0.0055 0.0072 0.0109 0.1140 0.1985 0.0131 0.0393 0.0173 0.0085 0.0156 0.0226 0.5116 
      H084.4  2 0.0277 0.0226 0.0108 0.0041 0.0271 0.0103 0.0315 0.2000 0.0464 0.0238 0.0065 0.0136 0.0221 0.0159 0.5375 
      H084.5  2 0.0221 0.0059 0.0082 0.0067 0.0067 0.0067 0.0258 0.0359 0.0221 0.1497 0.0084 0.0067 0.0110 0.0050 0.6791 
      H084.6  2 0.0191 0.0073 0.0101 0.0063 0.0071 0.0043 0.0527 0.0723 0.0086 0.0322 0.0108 0.0052 0.0058 0.0117 0.7465 
      H084.7  2 0.0075 0.0070 0.0092 0.0056 0.0105 0.0097 0.0072 0.0123 0.0082 0.0073 0.0094 0.0100 0.0068 0.0109 0.8783 
      H084.8  2 0.0313 0.0062 0.0058 0.0079 0.0077 0.0057 0.0687 0.0599 0.0135 0.0298 0.0087 0.0054 0.0092 0.0079 0.7322 
 H085.1_2002  2 0.0051 0.0086 0.0075 0.8580 0.0097 0.0080 0.0058 0.0125 0.0082 0.0069 0.0124 0.0280 0.0053 0.0119 0.0120 
 H085.1_2003  2 0.0198 0.0110 0.0266 0.1109 0.0179 0.0096 0.0196 0.0154 0.0456 0.0049 0.0110 0.5794 0.0294 0.0900 0.0088 
 H085.2_2002  2 0.0077 0.2080 0.0263 0.2999 0.1414 0.0091 0.0271 0.0629 0.0174 0.0154 0.0236 0.0365 0.0086 0.0923 0.0237 
 H085.2_2003  2 0.0242 0.0119 0.0151 0.0222 0.0131 0.0089 0.0085 0.0137 0.0295 0.0048 0.0194 0.7546 0.0170 0.0426 0.0146 
 H085.3_2002  2 0.0080 0.0141 0.0054 0.8486 0.0188 0.0084 0.0093 0.0044 0.0325 0.0043 0.0069 0.0068 0.0050 0.0214 0.0061 
 H085.3_2003  2 0.0140 0.0066 0.0166 0.0392 0.0083 0.0151 0.0119 0.0047 0.1231 0.0040 0.0081 0.7225 0.0089 0.0084 0.0085 
 H085.4_2002  2 0.0058 0.0548 0.0154 0.5284 0.0312 0.0191 0.0279 0.0474 0.0109 0.0127 0.0386 0.1431 0.0088 0.0357 0.0202 
 H085.4_2003  2 0.0103 0.0248 0.0064 0.0091 0.0129 0.0141 0.0466 0.0059 0.0406 0.0301 0.0219 0.7342 0.0046 0.0118 0.0268 
 H085.5_2002  2 0.0061 0.0070 0.0062 0.9075 0.0074 0.0094 0.0085 0.0045 0.0113 0.0044 0.0085 0.0058 0.0038 0.0051 0.0044 
 H085.5_2003  2 0.0121 0.0077 0.0120 0.0205 0.0070 0.0087 0.0076 0.0075 0.0117 0.0043 0.0102 0.8318 0.0136 0.0319 0.0133 
 H085.6_2002  2 0.0065 0.0219 0.0103 0.8504 0.0190 0.0064 0.0056 0.0088 0.0172 0.0078 0.0088 0.0094 0.0066 0.0141 0.0074 
 H085.6_2003  2 0.0376 0.0167 0.0068 0.0175 0.0195 0.0096 0.0140 0.0062 0.7929 0.0056 0.0155 0.0370 0.0085 0.0066 0.0059 
 H085.7_2002  2 0.0250 0.0689 0.0107 0.5129 0.0869 0.0099 0.0137 0.0158 0.0913 0.0083 0.0134 0.0627 0.0107 0.0517 0.0182 
 H085.7_2003  2 0.0129 0.0070 0.0149 0.0180 0.0071 0.0155 0.0257 0.0091 0.0435 0.0070 0.0243 0.7862 0.0088 0.0122 0.0078 
 H085.8_2002  2 0.0115 0.1118 0.0169 0.3027 0.0988 0.0170 0.0328 0.0221 0.3049 0.0082 0.0116 0.0276 0.0072 0.0141 0.0129 
 H085.8_2003  2 0.0324 0.0257 0.0192 0.0404 0.0266 0.0141 0.0556 0.0137 0.0912 0.0188 0.0403 0.2646 0.0119 0.3139 0.0315 
      H085.9  2 0.0085 0.0111 0.0079 0.7504 0.0326 0.0157 0.0168 0.0220 0.0191 0.0092 0.0114 0.0549 0.0058 0.0203 0.0144 
      H088.1  2 0.0127 0.0208 0.0594 0.0170 0.0545 0.0332 0.0474 0.0099 0.0114 0.0082 0.0100 0.0172 0.0321 0.6501 0.0163 
      H088.2  2 0.0136 0.0347 0.0185 0.0468 0.0593 0.0072 0.0193 0.0073 0.0590 0.0253 0.0159 0.0148 0.0220 0.6399 0.0163 
      H088.3  2 0.0178 0.0317 0.0243 0.0202 0.0259 0.0063 0.0106 0.0076 0.0441 0.0242 0.0064 0.0083 0.0218 0.7378 0.0131 
      H088.4  2 0.0140 0.0416 0.0240 0.0065 0.0055 0.0333 0.0213 0.0099 0.1348 0.0320 0.0182 0.0600 0.0373 0.4194 0.1422 
      H088.5  2 0.0110 0.0219 0.0155 0.0080 0.0090 0.0189 0.0188 0.0075 0.0144 0.0150 0.0062 0.0100 0.0117 0.8159 0.0162 
      H088.6  2 0.0219 0.0145 0.0309 0.0080 0.0165 0.0173 0.0464 0.0073 0.0090 0.0181 0.0118 0.0342 0.0348 0.6949 0.0344 
      H088.7  2 0.2014 0.0163 0.0183 0.0204 0.0327 0.0084 0.0291 0.0110 0.0543 0.0566 0.0207 0.1752 0.0217 0.3101 0.0239 
      H088.8  2 0.1004 0.0170 0.0400 0.0104 0.0227 0.0295 0.0745 0.0149 0.0209 0.0204 0.0291 0.3019 0.0408 0.2052 0.0724 
      H091.1  2 0.0064 0.0084 0.0248 0.0125 0.0083 0.0144 0.0252 0.0054 0.0302 0.0095 0.0520 0.0167 0.0192 0.7597 0.0074 
      H091.2  2 0.0092 0.0071 0.0236 0.0087 0.0179 0.0137 0.0425 0.0057 0.0162 0.0239 0.0341 0.0366 0.0164 0.7393 0.0049 
