      H105.1  1 0.0076 0.8754 0.0103 0.0130 0.0074 0.0116 0.0082 0.0123 0.0142 0.0311 0.0089 
      H105.2  1 0.0187 0.7556 0.0790 0.0252 0.0276 0.0097 0.0119 0.0276 0.0155 0.0133 0.0160 
      H105.3  1 0.0092 0.9057 0.0068 0.0202 0.0123 0.0087 0.0065 0.0062 0.0070 0.0089 0.0085 
      H105.4  1 0.0399 0.7264 0.0426 0.0337 0.0345 0.0093 0.0073 0.0197 0.0583 0.0121 0.0162 
      H105.5  1 0.0953 0.4949 0.0516 0.1121 0.0246 0.0111 0.0094 0.0253 0.0557 0.0504 0.0696 
      H105.6  1 0.0249 0.8544 0.0093 0.0135 0.0386 0.0081 0.0056 0.0065 0.0165 0.0064 0.0161 
      H105.7  1 0.0069 0.8938 0.0108 0.0075 0.0090 0.0232 0.0052 0.0063 0.0172 0.0102 0.0100 
      H105.8  1 0.0090 0.8907 0.0119 0.0140 0.0100 0.0197 0.0088 0.0131 0.0102 0.0056 0.0070 
      H115.1  1 0.7999 0.0186 0.0200 0.0336 0.0254 0.0366 0.0117 0.0152 0.0095 0.0120 0.0175 
      H115.2  1 0.8897 0.0188 0.0077 0.0125 0.0115 0.0069 0.0118 0.0106 0.0058 0.0125 0.0122 
      H115.3  1 0.9128 0.0092 0.0080 0.0077 0.0066 0.0058 0.0057 0.0081 0.0079 0.0166 0.0115 
      H115.4  1 0.3641 0.0787 0.0667 0.1909 0.0172 0.0112 0.0102 0.1080 0.0302 0.1024 0.0204 
      H115.5  1 0.6716 0.0444 0.0571 0.0274 0.0247 0.0234 0.0653 0.0124 0.0277 0.0263 0.0197 
      H115.6  1 0.8325 0.0173 0.0232 0.0068 0.0199 0.0098 0.0136 0.0102 0.0096 0.0184 0.0387 
      H115.7  1 0.5925 0.0268 0.1002 0.0191 0.1357 0.0082 0.0066 0.0256 0.0136 0.0294 0.0424 
      H115.8  1 0.8062 0.0201 0.0184 0.0075 0.0127 0.0304 0.0543 0.0127 0.0080 0.0154 0.0143 
      H115.9  1 0.8928 0.0058 0.0069 0.0193 0.0073 0.0266 0.0057 0.0065 0.0115 0.0101 0.0076 
      H145.1  1 0.0105 0.0057 0.0041 0.0110 0.0117 0.0081 0.0371 0.0060 0.8584 0.0084 0.0390 
      H145.2  1 0.0104 0.0076 0.0048 0.0133 0.0098 0.0059 0.0432 0.0114 0.8744 0.0060 0.0133 
      H145.3  1 0.0084 0.0039 0.0126 0.0083 0.0076 0.0152 0.0744 0.0073 0.8453 0.0098 0.0072 
      H145.4  1 0.0059 0.0055 0.0048 0.0086 0.0245 0.0065 0.0287 0.0075 0.8666 0.0086 0.0329 
      H145.5  1 0.0058 0.0048 0.0090 0.0263 0.0191 0.0107 0.2935 0.0111 0.5686 0.0102 0.0410 
      H145.6  1 0.0078 0.0053 0.0098 0.0073 0.0087 0.0069 0.0284 0.0075 0.9013 0.0069 0.0100 
      H145.7  1 0.0057 0.0044 0.0087 0.0082 0.0104 0.0084 0.0080 0.0096 0.9156 0.0096 0.0114 
      H149.1  1 0.0062 0.0065 0.0043 0.0085 0.0060 0.0058 0.0061 0.0054 0.0062 0.0049 0.9402 
      H149.2  1 0.0046 0.0060 0.0052 0.0083 0.0053 0.0046 0.0045 0.0045 0.0082 0.0087 0.9401 
      H149.3  1 0.0107 0.0118 0.0137 0.0172 0.0220 0.0134 0.0048 0.0119 0.0307 0.0197 0.8442 
      H149.4  1 0.0075 0.0144 0.0131 0.0181 0.0128 0.0077 0.0167 0.0214 0.0099 0.0094 0.8691 
      H149.5  1 0.0047 0.0204 0.0297 0.0549 0.0161 0.0156 0.0076 0.0453 0.0604 0.1266 0.6189 
      H149.6  1 0.0041 0.0076 0.0088 0.0119 0.0098 0.0054 0.0057 0.0070 0.0098 0.0116 0.9184 
      H149.7  1 0.0084 0.0527 0.0413 0.0684 0.0287 0.0256 0.0134 0.0980 0.0237 0.0592 0.5805 
      H150.1  1 0.9124 0.0149 0.0078 0.0058 0.0081 0.0083 0.0115 0.0079 0.0103 0.0070 0.0060 
      H150.2  1 0.8631 0.0178 0.0095 0.0104 0.0166 0.0063 0.0259 0.0122 0.0039 0.0096 0.0244 
      H150.3  1 0.7032 0.0182 0.0191 0.0071 0.1520 0.0175 0.0172 0.0163 0.0128 0.0087 0.0280 
      H150.4  1 0.9018 0.0089 0.0118 0.0057 0.0164 0.0101 0.0142 0.0056 0.0115 0.0068 0.0072 
      H150.5  1 0.8589 0.0217 0.0160 0.0064 0.0200 0.0088 0.0061 0.0187 0.0097 0.0163 0.0173 
      H150.6  1 0.4750 0.2723 0.0631 0.0120 0.0205 0.0057 0.0127 0.0645 0.0077 0.0474 0.0191 
      H150.7  1 0.9280 0.0071 0.0049 0.0040 0.0097 0.0113 0.0089 0.0052 0.0064 0.0046 0.0098 
   H169607.1  1 0.0727 0.0106 0.0630 0.3332 0.0466 0.0322 0.0316 0.2573 0.0622 0.0432 0.0475 
   H169607.2  1 0.0461 0.0079 0.0128 0.0291 0.0232 0.0407 0.0051 0.1367 0.5987 0.0201 0.0797 
   H169607.3  1 0.0364 0.0139 0.0960 0.1454 0.0229 0.0550 0.0178 0.0922 0.2897 0.1955 0.0353 
   H169607.4  1 0.0214 0.0073 0.0118 0.0361 0.0140 0.0093 0.0090 0.0525 0.4980 0.0142 0.3264 
   H169607.5  1 0.1100 0.0065 0.0147 0.0554 0.0155 0.0771 0.0110 0.1424 0.3216 0.1008 0.1451 
   H169607.6  1 0.0193 0.0135 0.0226 0.0351 0.0095 0.0398 0.0048 0.0987 0.6595 0.0183 0.0789 
   H169607.7  1 0.0507 0.0164 0.0142 0.0228 0.0146 0.0604 0.0072 0.5682 0.2052 0.0138 0.0266 
   H169607.8  1 0.0179 0.0055 0.0085 0.0764 0.0108 0.0174 0.0060 0.0610 0.6873 0.0139 0.0953 
   H169633.1  1 0.0370 0.0250 0.0514 0.0192 0.0528 0.0155 0.0755 0.0123 0.0280 0.0191 0.6642 
   H169633.2  1 0.0110 0.1572 0.1396 0.1407 0.0914 0.0680 0.0285 0.0428 0.0167 0.0152 0.2889 
   H169633.3  1 0.0084 0.0598 0.0125 0.0329 0.0527 0.0529 0.0126 0.0120 0.0105 0.0137 0.7320 
   H169633.4  1 0.0144 0.0196 0.0098 0.0152 0.0154 0.0088 0.0315 0.0088 0.0111 0.0169 0.8486 
   H169633.5  1 0.0171 0.0154 0.0158 0.0183 0.0192 0.0085 0.0513 0.0078 0.0099 0.0184 0.8183 
   H169688.1  1 0.0116 0.0049 0.6130 0.0246 0.0090 0.0116 0.0057 0.0902 0.2003 0.0067 0.0222 
   H169688.2  1 0.0234 0.0264 0.4902 0.0108 0.0088 0.0225 0.0175 0.3544 0.0235 0.0110 0.0115 
   H169688.3  1 0.0149 0.0077 0.0534 0.0065 0.0080 0.0055 0.0067 0.8471 0.0283 0.0102 0.0116 
   H169688.4  1 0.4935 0.0113 0.0615 0.0092 0.0080 0.0146 0.0217 0.3274 0.0215 0.0159 0.0154 
   H169688.5  1 0.5200 0.0113 0.0658 0.0080 0.0084 0.0126 0.0272 0.3003 0.0162 0.0156 0.0147 
   H169688.6  1 0.0258 0.0253 0.1648 0.0111 0.0055 0.0130 0.0528 0.6305 0.0514 0.0070 0.0129 
   H169688.7  1 0.0169 0.0078 0.0379 0.0086 0.0084 0.0091 0.0078 0.8352 0.0406 0.0105 0.0172 
   H171901.1  1 0.1229 0.0643 0.3064 0.0141 0.2009 0.0132 0.0693 0.0475 0.0852 0.0217 0.0546 
   H171901.2  1 0.0182 0.0157 0.0077 0.0080 0.0089 0.0079 0.0068 0.0088 0.0102 0.0076 0.9001 
   H171901.3  1 0.0305 0.0118 0.0322 0.0111 0.0081 0.0164 0.0103 0.0209 0.0078 0.0125 0.8385 
   H171901.4  1 0.0130 0.0256 0.0150 0.0112 0.0057 0.0105 0.0068 0.0126 0.0083 0.0072 0.8841 
   H171901.5  1 0.0110 0.0124 0.0077 0.0168 0.0063 0.0095 0.0081 0.0130 0.0072 0.0094 0.8986 
   H171901.6  1 0.0130 0.0201 0.0065 0.0128 0.0073 0.0075 0.0053 0.0108 0.0115 0.0091 0.8961 
   H171901.7  1 0.0202 0.0148 0.0140 0.0100 0.0087 0.0330 0.0070 0.0437 0.0137 0.0129 0.8219 
   H171902.1  1 0.0608 0.0102 0.0207 0.1045 0.0088 0.0176 0.1780 0.0644 0.0236 0.0071 0.5042 
  H171902.10  1 0.0106 0.0062 0.0109 0.0148 0.0056 0.0061 0.0151 0.0774 0.0157 0.0064 0.8311 
   H171902.2  1 0.0225 0.0332 0.2666 0.0250 0.0108 0.0801 0.0718 0.0740 0.0144 0.0138 0.3875 
   H171902.3  1 0.0297 0.0110 0.0145 0.0247 0.0111 0.0113 0.0146 0.1338 0.0152 0.0077 0.7265 
   H171902.4  1 0.0097 0.0048 0.0079 0.0066 0.0070 0.0093 0.0383 0.0056 0.0076 0.0068 0.8964 
   H171902.6  1 0.0151 0.0052 0.0089 0.0147 0.0066 0.0079 0.0186 0.0344 0.0129 0.0046 0.8712 
   H171902.7  1 0.0130 0.0059 0.0060 0.0073 0.0071 0.0068 0.0671 0.0139 0.0070 0.0067 0.8591 
   H171902.8  1 0.0155 0.0084 0.0097 0.0182 0.0082 0.0084 0.0283 0.0704 0.0220 0.0090 0.8018 
   H171902.9  1 0.2136 0.0117 0.0152 0.0250 0.0219 0.0167 0.0602 0.0307 0.0308 0.0128 0.5613 
   H171903.1  1 0.0554 0.0174 0.0098 0.0340 0.0093 0.0237 0.0054 0.0234 0.7590 0.0282 0.0344 
   H171903.2  1 0.0572 0.0367 0.0139 0.0872 0.0072 0.0807 0.0176 0.0281 0.5481 0.1074 0.0158 
   H171903.3  1 0.0406 0.0378 0.0188 0.1221 0.0165 0.0444 0.0271 0.0742 0.0995 0.4038 0.1151 
   H171903.4  1 0.0861 0.0271 0.2121 0.0202 0.0437 0.0127 0.0121 0.0813 0.2067 0.0576 0.2405 
   H171903.5  1 0.0669 0.0436 0.0269 0.0980 0.0121 0.0385 0.0162 0.2462 0.0546 0.3422 0.0548 
   H171903.6  1 0.0678 0.0148 0.0189 0.0301 0.0081 0.0225 0.0051 0.3152 0.1074 0.2425 0.1675 
      H177.1  1 0.0172 0.0063 0.0825 0.0425 0.0079 0.0099 0.0101 0.0287 0.0454 0.0257 0.7237 
      H177.2  1 0.0247 0.0122 0.0163 0.3491 0.0143 0.0656 0.0199 0.1418 0.0868 0.0958 0.1734 
      H177.3  1 0.0298 0.0098 0.0089 0.1459 0.0135 0.0200 0.0210 0.1247 0.0638 0.0530 0.5097 
      H177.4  1 0.0071 0.0510 0.0684 0.2394 0.0097 0.0168 0.0128 0.0482 0.0722 0.0915 0.3827 
      H177.5  1 0.0272 0.0515 0.2843 0.0112 0.0120 0.0293 0.0102 0.0344 0.0375 0.3696 0.1329 
      H177.6  1 0.0319 0.0091 0.0072 0.0669 0.0118 0.0118 0.0226 0.0518 0.0308 0.0246 0.7316 
      H179.1  1 0.0346 0.1358 0.1118 0.2892 0.0374 0.0313 0.0092 0.2697 0.0076 0.0280 0.0454 
      H179.2  1 0.0187 0.0233 0.0263 0.4054 0.0149 0.0331 0.0075 0.3924 0.0068 0.0506 0.0211 
      H179.3  1 0.0529 0.0372 0.1899 0.0775 0.0189 0.1183 0.0079 0.4298 0.0149 0.0408 0.0120 
      H179.4  1 0.0083 0.0200 0.0203 0.7563 0.0097 0.0340 0.0065 0.0863 0.0161 0.0121 0.0305 
      H180.1  1 0.4388 0.2344 0.0547 0.1064 0.0113 0.0090 0.0264 0.0455 0.0083 0.0506 0.0146 
      H180.2  1 0.5386 0.2910 0.0532 0.0204 0.0130 0.0088 0.0183 0.0170 0.0057 0.0224 0.0114 
      H180.3  1 0.6991 0.0533 0.0105 0.0869 0.0136 0.0409 0.0124 0.0104 0.0200 0.0475 0.0055 
      H180.4  1 0.0984 0.5452 0.0651 0.0134 0.0424 0.0222 0.0170 0.0324 0.0111 0.1096 0.0433 
      H180.5  1 0.2353 0.3400 0.0642 0.0292 0.0124 0.0316 0.0469 0.0783 0.0254 0.1019 0.0349 
      H180.6  1 0.1432 0.0983 0.0169 0.0164 0.0175 0.5219 0.0713 0.0199 0.0399 0.0161 0.0386 
      H181.1  1 0.0162 0.0403 0.1728 0.1149 0.0057 0.0110 0.0399 0.0351 0.0428 0.3115 0.2097 
      H181.2  1 0.0118 0.0625 0.1406 0.4534 0.0138 0.0143 0.0335 0.0330 0.0482 0.0442 0.1447 
      H181.3  1 0.0073 0.0251 0.5569 0.0427 0.0101 0.0175 0.0225 0.0520 0.0333 0.0287 0.2040 
      H181.4  1 0.0561 0.0207 0.0640 0.1186 0.0190 0.0162 0.0052 0.0360 0.0477 0.5003 0.1163 
      H181.5  1 0.0050 0.0201 0.6928 0.1155 0.0186 0.0239 0.0122 0.0258 0.0101 0.0288 0.0472 
      H181.6  1 0.0288 0.1411 0.0572 0.5608 0.0211 0.0177 0.0125 0.0597 0.0142 0.0232 0.0637 
      H181.7  1 0.0211 0.0391 0.1517 0.1696 0.0109 0.0366 0.0217 0.4321 0.0213 0.0396 0.0561 
 H194.1_2004  1 0.0222 0.0125 0.0134 0.0083 0.0141 0.0183 0.0101 0.0153 0.5770 0.0119 0.2970 
 H194.2_2004  1 0.0116 0.0095 0.0725 0.0065 0.0205 0.0082 0.0133 0.0098 0.5415 0.0282 0.2784 
 H194.3_2004  1 0.0075 0.0177 0.0099 0.0250 0.0189 0.0161 0.0101 0.0109 0.2779 0.0072 0.5988 
 H194.4_2004  1 0.0090 0.0091 0.0592 0.0076 0.0097 0.0104 0.0173 0.0078 0.4207 0.0101 0.4390 
 H194.5_2004  1 0.0099 0.0209 0.0155 0.0344 0.0210 0.0269 0.0067 0.0169 0.2686 0.0104 0.5689 
 H194.6_2004  1 0.0145 0.0139 0.1033 0.1079 0.0165 0.0219 0.0107 0.0195 0.1119 0.0260 0.5539 
 H194.7_2004  1 0.0091 0.0088 0.0159 0.0054 0.0218 0.0724 0.0106 0.0127 0.7026 0.0191 0.1216 
 H194.8_2004  1 0.0114 0.0153 0.1479 0.0306 0.0369 0.0250 0.0130 0.0153 0.2208 0.0310 0.4528 
      H194.9  1 0.0165 0.0181 0.0165 0.0098 0.0379 0.0910 0.0135 0.0135 0.5596 0.0181 0.2055 
 H195.1_2003  1 0.0105 0.6267 0.0227 0.0199 0.0293 0.0082 0.0051 0.0225 0.1424 0.0081 0.1045 
 H195.1_2004  1 0.0105 0.0185 0.0182 0.0122 0.0462 0.0087 0.0617 0.0431 0.7102 0.0182 0.0525 
 H195.2_2003  1 0.0178 0.0725 0.0137 0.0209 0.0065 0.0160 0.0104 0.0196 0.7938 0.0079 0.0211 
 H195.2_2004  1 0.0052 0.0128 0.0082 0.0079 0.0116 0.0129 0.0236 0.0105 0.8819 0.0103 0.0150 
 H195.3_2003  1 0.0846 0.2023 0.0235 0.0144 0.0175 0.0214 0.0077 0.0491 0.5333 0.0188 0.0276 
 H195.3_2004  1 0.0058 0.0109 0.0085 0.0106 0.0148 0.0057 0.0124 0.0065 0.8678 0.0094 0.0475 
 H195.4_2003  1 0.0115 0.2231 0.0112 0.0273 0.0416 0.0087 0.0059 0.0135 0.5635 0.0124 0.0812 
 H195.4_2004  1 0.0041 0.0069 0.0135 0.0059 0.0083 0.0116 0.0075 0.0074 0.9197 0.0074 0.0077 
 H195.5_2003  1 0.0181 0.6955 0.0497 0.0163 0.0316 0.0106 0.0056 0.0178 0.0683 0.0076 0.0788 
 H195.5_2004  1 0.0062 0.0126 0.0125 0.0106 0.0160 0.0081 0.0271 0.0091 0.8741 0.0074 0.0164 
 H195.6_2003  1 0.0106 0.0359 0.0085 0.0098 0.0069 0.0067 0.0097 0.0100 0.8803 0.0104 0.0113 
 H195.6_2004  1 0.0040 0.0119 0.0059 0.0122 0.0103 0.0075 0.0167 0.0110 0.9072 0.0040 0.0092 
 H195.7_2003  1 0.0089 0.0881 0.0723 0.0270 0.0134 0.0332 0.0045 0.1228 0.5643 0.0176 0.0479 
 H195.7_2004  1 0.0122 0.0123 0.0124 0.0090 0.0203 0.0063 0.1828 0.0234 0.7002 0.0099 0.0111 
      H195.8  1 0.0088 0.0098 0.0236 0.0060 0.0172 0.0089 0.0142 0.0114 0.8837 0.0092 0.0073 
      H195.9  1 0.0057 0.0086 0.0075 0.0094 0.0096 0.0097 0.0070 0.0090 0.9090 0.0077 0.0169 
      H415.1  1 0.2459 0.1015 0.0309 0.0998 0.0769 0.0725 0.1267 0.0204 0.0268 0.0149 0.1837 
      H415.2  1 0.1471 0.0175 0.0060 0.2426 0.0179 0.0074 0.0256 0.0257 0.0112 0.0181 0.4808 
      H415.3  1 0.0224 0.0808 0.0093 0.5366 0.0798 0.0160 0.0103 0.0601 0.0081 0.0317 0.1450 
      H415.4  1 0.1977 0.0761 0.0201 0.3666 0.1309 0.0419 0.0273 0.0102 0.0108 0.0278 0.0906 
      H415.5  1 0.0260 0.0915 0.0122 0.5659 0.0560 0.0112 0.0109 0.0254 0.0095 0.0285 0.1630 
      H415.6  1 0.2483 0.0829 0.0160 0.3106 0.1477 0.0373 0.0226 0.0117 0.0114 0.0351 0.0764 
      H415.7  1 0.0190 0.0115 0.0070 0.4023 0.0179 0.0113 0.0175 0.0507 0.0113 0.0261 0.4255 
      H506.1  1 0.0038 0.0108 0.0079 0.9291 0.0059 0.0085 0.0088 0.0095 0.0039 0.0067 0.0051 
      H506.2  1 0.0043 0.0110 0.0057 0.9191 0.0069 0.0064 0.0080 0.0103 0.0081 0.0077 0.0124 
      H506.3  1 0.0066 0.0342 0.0295 0.7593 0.0098 0.0110 0.0765 0.0404 0.0060 0.0185 0.0081 
      H506.4  1 0.0079 0.0163 0.0158 0.8709 0.0100 0.0124 0.0200 0.0231 0.0056 0.0109 0.0070 
      H506.5  1 0.0038 0.0077 0.0059 0.9341 0.0042 0.0068 0.0113 0.0064 0.0077 0.0058 0.0065 
      H506.6  1 0.0201 0.0248 0.0412 0.5719 0.0103 0.0148 0.0611 0.1268 0.0243 0.0911 0.0136 
      H506.7  1 0.0047 0.0131 0.0092 0.9172 0.0067 0.0078 0.0115 0.0087 0.0058 0.0051 0.0103 
      H533.1  1 0.0080 0.0207 0.0183 0.6793 0.0057 0.0070 0.0260 0.2038 0.0044 0.0124 0.0144 
      H533.2  1 0.0060 0.0232 0.0105 0.7724 0.0057 0.0083 0.0564 0.0868 0.0044 0.0088 0.0175 
      H533.3  1 0.0102 0.0078 0.0080 0.7470 0.0050 0.0152 0.0132 0.1433 0.0063 0.0246 0.0193 
      H533.4  1 0.0138 0.0161 0.0181 0.6660 0.0083 0.0095 0.0280 0.1746 0.0188 0.0172 0.0296 
      H535.1  1 0.0110 0.0067 0.0071 0.9017 0.0094 0.0091 0.0047 0.0115 0.0160 0.0107 0.0121 
      H535.2  1 0.0041 0.0123 0.0448 0.7926 0.0069 0.0437 0.0037 0.0148 0.0413 0.0189 0.0167 
      H535.3  1 0.0078 0.0277 0.0551 0.8065 0.0064 0.0332 0.0052 0.0100 0.0277 0.0125 0.0081 
      H535.4  1 0.0058 0.0184 0.0127 0.9084 0.0099 0.0052 0.0042 0.0060 0.0106 0.0074 0.0115 
      H535.5  1 0.0049 0.0061 0.0091 0.9282 0.0056 0.0061 0.0040 0.0106 0.0123 0.0060 0.0071 
      H535.6  1 0.0163 0.0069 0.0498 0.7871 0.0106 0.0115 0.0039 0.0180 0.0711 0.0152 0.0095 
      H535.7  1 0.0059 0.0082 0.0075 0.9314 0.0043 0.0084 0.0052 0.0102 0.0078 0.0063 0.0048 
      H535.8  1 0.0073 0.0113 0.0374 0.8689 0.0050 0.0148 0.0054 0.0142 0.0244 0.0052 0.0061 
      H535.9  1 0.0204 0.0176 0.0086 0.8977 0.0058 0.0079 0.0075 0.0089 0.0125 0.0054 0.0076 
      H539.1  1 0.9476 0.0036 0.0039 0.0046 0.0048 0.0057 0.0072 0.0040 0.0081 0.0047 0.0056 
      H539.2  1 0.5175 0.0162 0.0670 0.0469 0.0137 0.0343 0.0172 0.2158 0.0233 0.0239 0.0242 
      H539.3  1 0.7962 0.0096 0.0205 0.0085 0.0115 0.0347 0.0189 0.0097 0.0676 0.0081 0.0146 
      H539.4  1 0.9195 0.0085 0.0060 0.0060 0.0056 0.0086 0.0147 0.0107 0.0057 0.0092 0.0057 
      H539.5  1 0.9328 0.0032 0.0038 0.0062 0.0060 0.0133 0.0065 0.0055 0.0088 0.0061 0.0078 
      H539.6  1 0.9272 0.0046 0.0061 0.0055 0.0074 0.0151 0.0059 0.0075 0.0093 0.0042 0.0072 
      H539.7  1 0.9491 0.0048 0.0049 0.0041 0.0058 0.0052 0.0049 0.0054 0.0047 0.0051 0.0060 
      H539.8  1 0.7855 0.0318 0.0294 0.0140 0.0177 0.0144 0.0461 0.0138 0.0168 0.0139 0.0166 
      H539.9  1 0.9324 0.0053 0.0051 0.0042 0.0047 0.0118 0.0122 0.0071 0.0053 0.0070 0.0047 
      H540.1  1 0.8801 0.0045 0.0079 0.0100 0.0069 0.0093 0.0119 0.0217 0.0158 0.0206 0.0114 
      H540.2  1 0.9339 0.0042 0.0057 0.0063 0.0078 0.0058 0.0041 0.0065 0.0064 0.0082 0.0110 
      H540.3  1 0.5069 0.0109 0.0333 0.0209 0.0443 0.0068 0.2548 0.0157 0.0085 0.0466 0.0514 
      H540.4  1 0.9110 0.0061 0.0078 0.0099 0.0111 0.0048 0.0042 0.0133 0.0064 0.0148 0.0107 
      H540.5  1 0.8697 0.0054 0.0094 0.0087 0.0074 0.0109 0.0255 0.0139 0.0083 0.0240 0.0168 
      H540.6  1 0.8069 0.0060 0.0173 0.0164 0.0196 0.0134 0.0161 0.0378 0.0182 0.0310 0.0174 
      H540.7  1 0.9100 0.0067 0.0062 0.0077 0.0072 0.0094 0.0051 0.0118 0.0051 0.0147 0.0162 
      H540.8  1 0.8050 0.0075 0.0058 0.0078 0.0078 0.0066 0.0098 0.0231 0.0118 0.0269 0.0879 
     H9558.1  1 0.9342 0.0052 0.0057 0.0067 0.0057 0.0042 0.0080 0.0102 0.0107 0.0046 0.0049 
     H9558.2  1 0.9060 0.0121 0.0105 0.0089 0.0090 0.0103 0.0096 0.0109 0.0102 0.0073 0.0053 
     H9558.3  1 0.8949 0.0145 0.0081 0.0085 0.0105 0.0165 0.0141 0.0050 0.0122 0.0082 0.0076 
     H9558.4  1 0.9244 0.0064 0.0073 0.0073 0.0053 0.0056 0.0083 0.0171 0.0054 0.0067 0.0060 
     H9558.5  1 0.9124 0.0099 0.0082 0.0103 0.0068 0.0051 0.0143 0.0096 0.0034 0.0143 0.0057 
     H9558.6  1 0.7958 0.0080 0.0070 0.0079 0.0116 0.0822 0.0121 0.0064 0.0088 0.0481 0.0121 
    kos339.1  1 0.0099 0.0082 0.0128 0.1600 0.0081 0.0552 0.0070 0.0214 0.0082 0.0126 0.6965 
    kos339.2  1 0.0094 0.0104 0.0130 0.0594 0.0246 0.0986 0.0118 0.0160 0.0084 0.0135 0.7351 
    kos339.3  1 0.0079 0.0093 0.0066 0.0471 0.0074 0.0100 0.0060 0.0117 0.0069 0.0106 0.8765 
    kos339.4  1 0.0073 0.0099 0.0085 0.0304 0.0123 0.0110 0.0117 0.0094 0.0081 0.0079 0.8835 
    kos339.5  1 0.0061 0.0066 0.0059 0.0147 0.0072 0.0103 0.0041 0.0071 0.0058 0.0092 0.9230 
    kos339.6  1 0.0054 0.0068 0.0059 0.0247 0.0144 0.0109 0.0140 0.0062 0.0082 0.0191 0.8843 
    kos339.7  1 0.0077 0.0058 0.0079 0.2915 0.0080 0.0347 0.0071 0.0140 0.0087 0.0092 0.6054 
    kos339.8  1 0.0052 0.0113 0.0126 0.1543 0.0118 0.0102 0.0131 0.0105 0.0060 0.0134 0.7516 
    kos339.9  1 0.0141 0.0079 0.0055 0.0110 0.0130 0.0109 0.0062 0.0098 0.0084 0.0087 0.9045 
      H008.1  2 0.0350 0.0183 0.0120 0.0113 0.0232 0.8534 0.0088 0.0152 0.0074 0.0067 0.0087 
      H008.2  2 0.1716 0.1700 0.0513 0.0275 0.0202 0.1899 0.1787 0.0922 0.0373 0.0191 0.0423 
      H008.3  2 0.0934 0.1128 0.1788 0.1049 0.0385 0.1316 0.0861 0.1438 0.0651 0.0254 0.0196 
      H008.4  2 0.0233 0.0162 0.0154 0.0147 0.0302 0.7898 0.0477 0.0114 0.0122 0.0056 0.0336 
      H008.5  2 0.0152 0.0225 0.0247 0.0122 0.0182 0.8408 0.0167 0.0146 0.0112 0.0100 0.0138 
      H008.6  2 0.0725 0.0938 0.0134 0.0348 0.0251 0.4848 0.1540 0.0369 0.0289 0.0155 0.0402 
      H008.7  2 0.0697 0.0895 0.0679 0.0358 0.0438 0.5071 0.0957 0.0366 0.0162 0.0123 0.0254 
      H008.8  2 0.6744 0.0152 0.0183 0.0226 0.0130 0.1278 0.0148 0.0735 0.0193 0.0099 0.0114 
      H008.9  2 0.1046 0.1335 0.0278 0.0313 0.0311 0.0460 0.4678 0.0348 0.0424 0.0210 0.0597 
 H029.1_2002  2 0.0288 0.0075 0.0250 0.0205 0.0182 0.8432 0.0169 0.0099 0.0055 0.0089 0.0155 
 H029.1_2003  2 0.0299 0.0213 0.0393 0.0624 0.0138 0.7093 0.0237 0.0426 0.0129 0.0296 0.0151 
 H029.2_2002  2 0.0061 0.0109 0.0451 0.0547 0.0062 0.7804 0.0226 0.0112 0.0149 0.0115 0.0365 
 H029.2_2003  2 0.0152 0.0087 0.0241 0.0606 0.0063 0.6798 0.0362 0.0326 0.0209 0.0657 0.0499 
 H029.3_2002  2 0.0082 0.0085 0.1214 0.1128 0.0084 0.5019 0.1210 0.0256 0.0337 0.0326 0.0260 
 H029.3_2003  2 0.0059 0.0156 0.0215 0.0126 0.0113 0.8768 0.0079 0.0161 0.0084 0.0164 0.0076 
 H029.4_2002  2 0.0052 0.0079 0.0170 0.0052 0.0118 0.9078 0.0160 0.0109 0.0070 0.0065 0.0045 
 H029.4_2003  2 0.0343 0.0247 0.0903 0.0142 0.0202 0.7036 0.0251 0.0451 0.0113 0.0219 0.0094 
 H029.5_2002  2 0.0067 0.0098 0.0205 0.0072 0.0163 0.9102 0.0049 0.0059 0.0051 0.0054 0.0080 
 H029.5_2003  2 0.0104 0.0111 0.0109 0.0085 0.0075 0.8991 0.0128 0.0206 0.0051 0.0073 0.0067 
 H029.6_2002  2 0.0052 0.0069 0.1043 0.0091 0.0083 0.8112 0.0198 0.0119 0.0099 0.0068 0.0066 
 H029.6_2003  2 0.0136 0.0142 0.0219 0.0451 0.0295 0.7420 0.0081 0.0247 0.0122 0.0213 0.0673 
      H029.7  2 0.0056 0.0076 0.0282 0.0182 0.0053 0.8620 0.0188 0.0059 0.0179 0.0072 0.0233 
      H030.1  2 0.0066 0.0733 0.0244 0.0104 0.0125 0.0274 0.0061 0.0101 0.0093 0.7998 0.0202 
      H030.2  2 0.0320 0.1432 0.1523 0.0639 0.0400 0.1750 0.1082 0.0133 0.0128 0.2497 0.0095 
      H038.1  2 0.0080 0.0055 0.0062 0.0081 0.0078 0.9153 0.0210 0.0072 0.0092 0.0065 0.0052 
      H038.2  2 0.0058 0.0102 0.0074 0.0090 0.0099 0.9191 0.0064 0.0070 0.0037 0.0093 0.0122 
      H038.3  2 0.0158 0.0137 0.0080 0.0197 0.0179 0.7628 0.0424 0.0118 0.0092 0.0826 0.0162 
      H038.4  2 0.0105 0.0184 0.0063 0.0124 0.0227 0.8527 0.0357 0.0082 0.0096 0.0129 0.0108 
      H038.5  2 0.0114 0.0115 0.0113 0.0061 0.0100 0.8519 0.0347 0.0342 0.0053 0.0138 0.0096 
      H038.6  2 0.0095 0.0051 0.0068 0.0070 0.0045 0.9293 0.0103 0.0076 0.0041 0.0089 0.0069 
      H038.7  2 0.0130 0.0102 0.0047 0.0242 0.0066 0.8895 0.0110 0.0079 0.0042 0.0223 0.0065 
      H038.8  2 0.0094 0.0091 0.0066 0.0153 0.0149 0.7683 0.0977 0.0090 0.0076 0.0518 0.0104 
      H041.1  2 0.0126 0.1797 0.1978 0.0061 0.1021 0.3674 0.0364 0.0132 0.0401 0.0196 0.0250 
      H041.2  2 0.0081 0.0524 0.0297 0.0297 0.5616 0.2590 0.0148 0.0062 0.0092 0.0140 0.0154 
      H041.4  2 0.0229 0.0412 0.0592 0.0108 0.0486 0.7183 0.0228 0.0098 0.0289 0.0130 0.0245 
      H041.6  2 0.0547 0.0353 0.0699 0.0301 0.0792 0.6095 0.0162 0.0097 0.0487 0.0184 0.0283 
 H042.1_2002  2 0.1598 0.0152 0.5359 0.0131 0.0694 0.0145 0.0153 0.0238 0.0402 0.0420 0.0709 
 H042.1_2003  2 0.1217 0.1386 0.0290 0.0957 0.1778 0.1275 0.1279 0.0477 0.0198 0.0537 0.0607 
 H042.2_2002  2 0.0140 0.0151 0.1473 0.0360 0.0908 0.5303 0.0346 0.0763 0.0306 0.0124 0.0125 
 H042.2_2003  2 0.0443 0.0167 0.0116 0.0168 0.6254 0.1707 0.0047 0.0098 0.0142 0.0145 0.0713 
 H042.3_2002  2 0.0968 0.0180 0.2799 0.0177 0.2423 0.0203 0.0305 0.0959 0.1062 0.0534 0.0391 
 H042.3_2003  2 0.1257 0.0368 0.1361 0.0154 0.2625 0.1695 0.0497 0.0980 0.0445 0.0288 0.0329 
 H042.4_2002  2 0.0404 0.0187 0.5348 0.0107 0.1085 0.0548 0.0167 0.0233 0.0148 0.0417 0.1356 
 H042.4_2003  2 0.0458 0.0273 0.4810 0.0129 0.0439 0.1412 0.0076 0.0144 0.0644 0.0514 0.1101 
      H042.5  2 0.0233 0.0252 0.8170 0.0068 0.0103 0.0125 0.0039 0.0178 0.0558 0.0081 0.0193 
      H042.6  2 0.0688 0.0100 0.7356 0.0117 0.0102 0.0236 0.0116 0.0164 0.0765 0.0195 0.0162 
      H042.7  2 0.0323 0.0169 0.2950 0.0499 0.3798 0.0604 0.0057 0.0261 0.0903 0.0203 0.0234 
      H042.8  2 0.0344 0.0302 0.5561 0.0090 0.2084 0.0388 0.0322 0.0255 0.0353 0.0080 0.0222 
   H042_2002  2 0.5062 0.0455 0.0174 0.0402 0.0823 0.1309 0.0283 0.0358 0.0640 0.0120 0.0375 
   H042_2003  2 0.4568 0.0399 0.0220 0.0410 0.0908 0.1342 0.0347 0.0264 0.0944 0.0162 0.0436 
      H043.1  2 0.8285 0.0230 0.0134 0.0074 0.0050 0.0161 0.0487 0.0153 0.0082 0.0171 0.0172 
      H043.2  2 0.8344 0.0055 0.0060 0.0077 0.0082 0.0308 0.0399 0.0186 0.0389 0.0054 0.0045 
      H043.3  2 0.4978 0.0234 0.0061 0.0368 0.0093 0.3343 0.0205 0.0232 0.0170 0.0184 0.0132 
      H043.4  2 0.7870 0.0181 0.0063 0.0133 0.0069 0.0545 0.0397 0.0079 0.0245 0.0123 0.0294 
      H043.5  2 0.6937 0.0123 0.0066 0.0096 0.0141 0.0905 0.1164 0.0268 0.0111 0.0110 0.0079 
      H043.6  2 0.6179 0.0062 0.0049 0.0079 0.0115 0.1860 0.1172 0.0151 0.0076 0.0146 0.0109 
      H043.7  2 0.8793 0.0160 0.0047 0.0054 0.0099 0.0116 0.0207 0.0066 0.0195 0.0164 0.0100 
      H043.8  2 0.7064 0.0138 0.0112 0.0172 0.0246 0.0358 0.0140 0.1010 0.0194 0.0443 0.0122 
      H043.9  2 0.7061 0.0436 0.0180 0.0170 0.0074 0.0881 0.0355 0.0285 0.0095 0.0321 0.0143 
      H047.1  2 0.1844 0.1758 0.0060 0.0326 0.0063 0.5416 0.0099 0.0125 0.0109 0.0082 0.0119 
      H047.2  2 0.0156 0.6515 0.0137 0.0162 0.0204 0.1826 0.0056 0.0158 0.0099 0.0181 0.0507 
      H047.3  2 0.0106 0.7143 0.0190 0.0193 0.0464 0.1077 0.0053 0.0180 0.0177 0.0105 0.0313 
      H047.4  2 0.0319 0.2549 0.0151 0.0839 0.0607 0.4829 0.0051 0.0132 0.0103 0.0173 0.0248 
      H047.5  2 0.0362 0.6536 0.0055 0.0179 0.0437 0.1607 0.0044 0.0110 0.0380 0.0130 0.0159 
      H047.6  2 0.0102 0.8368 0.0096 0.0260 0.0407 0.0384 0.0052 0.0057 0.0080 0.0069 0.0125 
      H047.7  2 0.0980 0.2323 0.0094 0.0266 0.0166 0.5735 0.0081 0.0096 0.0090 0.0071 0.0099 
      H047.8  2 0.0322 0.6813 0.0175 0.0338 0.0675 0.1029 0.0063 0.0174 0.0198 0.0081 0.0131 
      H047.9  2 0.0559 0.3049 0.0090 0.0439 0.0284 0.4169 0.0047 0.0127 0.0656 0.0138 0.0442 
 H071.1_2002  2 0.0180 0.0056 0.0050 0.0070 0.0079 0.9192 0.0047 0.0065 0.0079 0.0077 0.0105 
 H071.1_2003  2 0.0531 0.0122 0.0074 0.0113 0.0149 0.6970 0.0127 0.0090 0.0689 0.0820 0.0315 
     H071.10  2 0.0072 0.0048 0.0068 0.0050 0.0052 0.9188 0.0092 0.0120 0.0061 0.0189 0.0060 
 H071.2_2002  2 0.0103 0.0069 0.0059 0.0097 0.0085 0.9091 0.0079 0.0120 0.0110 0.0108 0.0079 
 H071.2_2003  2 0.0082 0.0041 0.0042 0.0049 0.0049 0.9429 0.0034 0.0048 0.0081 0.0062 0.0083 
      H071.3  2 0.0065 0.0215 0.0082 0.0097 0.0117 0.8974 0.0075 0.0084 0.0068 0.0172 0.0050 
 H071.4_2002  2 0.0076 0.0105 0.0084 0.0084 0.0108 0.8842 0.0155 0.0173 0.0084 0.0176 0.0112 
 H071.4_2003  2 0.0079 0.0075 0.0044 0.0062 0.0050 0.9368 0.0035 0.0088 0.0068 0.0077 0.0054 
 H071.5_2002  2 0.0055 0.0069 0.0058 0.0057 0.0052 0.9380 0.0066 0.0050 0.0052 0.0095 0.0066 
 H071.5_2003  2 0.0103 0.0102 0.0048 0.0097 0.0083 0.8960 0.0037 0.0159 0.0118 0.0197 0.0094 
 H071.6_2002  2 0.0080 0.0055 0.0050 0.0103 0.0049 0.9268 0.0052 0.0147 0.0081 0.0068 0.0048 
 H071.6_2003  2 0.0091 0.0052 0.0051 0.0069 0.0050 0.9245 0.0039 0.0072 0.0058 0.0203 0.0071 
 H071.7_2002  2 0.0076 0.0063 0.0035 0.0089 0.0058 0.9433 0.0044 0.0054 0.0061 0.0042 0.0044 
 H071.7_2003  2 0.0132 0.0076 0.0054 0.0064 0.0084 0.8940 0.0052 0.0070 0.0110 0.0273 0.0145 
      H071.8  2 0.0088 0.0076 0.0053 0.0074 0.0073 0.9208 0.0080 0.0073 0.0148 0.0069 0.0058 
      H071.9  2 0.0218 0.0275 0.0185 0.0120 0.0217 0.7778 0.0142 0.0311 0.0166 0.0463 0.0126 
 H081.1_2002  2 0.0102 0.0053 0.0056 0.0070 0.0068 0.9282 0.0054 0.0053 0.0117 0.0059 0.0086 
 H081.1_2003  2 0.0811 0.0135 0.0436 0.1410 0.0290 0.0652 0.3089 0.0252 0.0150 0.1598 0.1177 
 H081.2_2002  2 0.0099 0.0082 0.0053 0.0109 0.0060 0.9052 0.0053 0.0054 0.0297 0.0060 0.0082 
 H081.2_2003  2 0.0478 0.0075 0.0275 0.0082 0.0116 0.0273 0.0120 0.0272 0.0299 0.7929 0.0081 
 H081.3_2002  2 0.0097 0.0195 0.0076 0.0094 0.0078 0.8764 0.0073 0.0062 0.0314 0.0120 0.0128 
 H081.3_2003  2 0.2895 0.0161 0.0249 0.0133 0.0170 0.0169 0.0216 0.0540 0.0359 0.4727 0.0380 
 H081.4_2002  2 0.0092 0.0073 0.0073 0.0076 0.0067 0.9203 0.0046 0.0084 0.0080 0.0121 0.0086 
 H081.4_2003  2 0.0991 0.0074 0.0289 0.0268 0.0182 0.0260 0.0202 0.0261 0.0193 0.6892 0.0388 
 H081.5_2002  2 0.0111 0.0074 0.0057 0.0073 0.0072 0.9181 0.0049 0.0065 0.0079 0.0136 0.0102 
 H081.5_2003  2 0.0822 0.0181 0.0194 0.1102 0.0514 0.0602 0.0259 0.0204 0.0624 0.4930 0.0569 
      H081.6  2 0.0105 0.0048 0.0053 0.0125 0.0082 0.9232 0.0046 0.0057 0.0113 0.0062 0.0076 
      H081.7  2 0.0130 0.0089 0.0081 0.0085 0.0068 0.8392 0.0054 0.0066 0.0756 0.0203 0.0075 
      H081.8  2 0.0085 0.0126 0.0167 0.0129 0.0148 0.8313 0.0137 0.0132 0.0210 0.0407 0.0146 
      H083.1  2 0.0059 0.0106 0.0210 0.0233 0.0056 0.8923 0.0104 0.0082 0.0061 0.0083 0.0084 
      H083.2  2 0.0186 0.0467 0.0193 0.0137 0.0078 0.8398 0.0093 0.0092 0.0141 0.0090 0.0124 
      H083.4  2 0.0088 0.0195 0.0507 0.0277 0.0077 0.8178 0.0168 0.0194 0.0187 0.0070 0.0060 
      H083.5  2 0.0067 0.0161 0.0335 0.0168 0.0058 0.8669 0.0199 0.0084 0.0106 0.0073 0.0081 
      H083.6  2 0.0063 0.0074 0.0491 0.0295 0.0100 0.8338 0.0131 0.0144 0.0174 0.0133 0.0056 
      H083.7  2 0.0122 0.0271 0.0751 0.0124 0.0126 0.7718 0.0204 0.0260 0.0275 0.0070 0.0079 
      H083.8  2 0.0206 0.0815 0.0199 0.0155 0.0084 0.7971 0.0079 0.0113 0.0162 0.0085 0.0131 
      H083.9  2 0.0049 0.0101 0.0443 0.0118 0.0080 0.8809 0.0102 0.0070 0.0087 0.0055 0.0087 
      H084.1  2 0.0112 0.0220 0.0132 0.0075 0.0240 0.0125 0.0604 0.0128 0.0079 0.8159 0.0127 
      H084.2  2 0.0097 0.0061 0.0137 0.0062 0.0056 0.0131 0.0400 0.0140 0.0034 0.8802 0.0081 
      H084.3  2 0.0087 0.0215 0.0263 0.0338 0.1857 0.0085 0.2505 0.0140 0.0088 0.4089 0.0333 
      H084.4  2 0.0128 0.0172 0.0168 0.0221 0.0582 0.0100 0.1704 0.0126 0.0065 0.6609 0.0124 
      H084.5  2 0.0073 0.0414 0.0098 0.0481 0.0978 0.0090 0.0677 0.0121 0.0137 0.6737 0.0193 
      H084.6  2 0.0073 0.0331 0.0204 0.0144 0.1266 0.0064 0.1827 0.0093 0.0120 0.5645 0.0233 
      H084.7  2 0.0057 0.0128 0.0163 0.0074 0.0096 0.0086 0.0112 0.0109 0.0084 0.9005 0.0086 
      H084.8  2 0.0053 0.0451 0.0124 0.0103 0.1321 0.0083 0.1398 0.0094 0.0114 0.6158 0.0101 
 H085.1_2002  2 0.0169 0.0125 0.0565 0.0114 0.0081 0.1795 0.0306 0.0123 0.6344 0.0199 0.0177 
 H085.1_2003  2 0.0080 0.0393 0.1420 0.0098 0.0296 0.5850 0.0196 0.0259 0.0852 0.0484 0.0071 
 H085.2_2002  2 0.0207 0.0084 0.1148 0.0169 0.0180 0.0264 0.0818 0.0206 0.6178 0.0516 0.0229 
 H085.2_2003  2 0.0105 0.0327 0.0291 0.0145 0.0151 0.8134 0.0139 0.0198 0.0168 0.0203 0.0138 
 H085.3_2002  2 0.0102 0.0093 0.0158 0.0047 0.0117 0.0111 0.0052 0.0064 0.9062 0.0102 0.0093 
 H085.3_2003  2 0.0142 0.0241 0.0083 0.0056 0.0449 0.7970 0.0050 0.0164 0.0421 0.0333 0.0091 
 H085.4_2002  2 0.0435 0.0097 0.0579 0.0105 0.0195 0.2136 0.0517 0.0194 0.5280 0.0234 0.0227 
 H085.4_2003  2 0.0165 0.0103 0.0131 0.0103 0.0708 0.7806 0.0077 0.0070 0.0105 0.0350 0.0381 
 H085.5_2002  2 0.0184 0.0102 0.0081 0.0050 0.0095 0.0152 0.0063 0.0069 0.9009 0.0115 0.0080 
 H085.5_2003  2 0.0091 0.0098 0.0337 0.0077 0.0084 0.8616 0.0072 0.0172 0.0111 0.0213 0.0130 
 H085.6_2002  2 0.0089 0.0160 0.0264 0.0114 0.0073 0.0241 0.0162 0.0102 0.8486 0.0169 0.0141 
 H085.6_2003  2 0.0375 0.1176 0.0107 0.0177 0.2858 0.2179 0.0074 0.0133 0.0800 0.1513 0.0607 
 H085.7_2002  2 0.0121 0.0248 0.0528 0.0167 0.0152 0.0689 0.0148 0.0079 0.7198 0.0465 0.0204 
 H085.7_2003  2 0.0183 0.0300 0.0138 0.0077 0.0439 0.8131 0.0110 0.0146 0.0184 0.0205 0.0088 
 H085.8_2002  2 0.0150 0.0101 0.0111 0.0082 0.0207 0.0114 0.0080 0.0116 0.8287 0.0640 0.0114 
 H085.8_2003  2 0.0254 0.0449 0.3349 0.0172 0.0683 0.3244 0.0148 0.0174 0.0394 0.0392 0.0740 
      H085.9  2 0.0276 0.0124 0.0364 0.0120 0.0180 0.0916 0.0303 0.0086 0.7276 0.0211 0.0144 
      H088.1  2 0.0238 0.0183 0.7800 0.0119 0.0156 0.0170 0.0094 0.0600 0.0256 0.0215 0.0169 
      H088.2  2 0.0138 0.0273 0.7682 0.0472 0.0101 0.0123 0.0093 0.0254 0.0316 0.0234 0.0313 
      H088.3  2 0.0100 0.0207 0.8300 0.0411 0.0117 0.0072 0.0076 0.0175 0.0208 0.0225 0.0108 
      H088.4  2 0.0258 0.0151 0.6624 0.0202 0.0284 0.0402 0.0097 0.0338 0.0049 0.1373 0.0223 
      H088.5  2 0.0195 0.0091 0.8853 0.0095 0.0160 0.0083 0.0069 0.0154 0.0055 0.0147 0.0097 
      H088.6  2 0.0121 0.0230 0.7992 0.0146 0.0331 0.0269 0.0064 0.0315 0.0087 0.0297 0.0149 
      H088.7  2 0.0101 0.2462 0.4347 0.0305 0.0299 0.1639 0.0109 0.0185 0.0112 0.0177 0.0265 
      H088.8  2 0.0146 0.1072 0.4583 0.0199 0.0521 0.2028 0.0122 0.0551 0.0114 0.0346 0.0317 
      H091.1  2 0.0142 0.0213 0.8254 0.0074 0.0431 0.0163 0.0065 0.0117 0.0125 0.0267 0.0150 
      H091.2  2 0.0125 0.0163 0.7741 0.0110 0.0854 0.0378 0.0061 0.0202 0.0133 0.0090 0.0144 
      H109.1  2 0.0743 0.2716 0.0683 0.0215 0.0632 0.0257 0.0488 0.2446 0.0418 0.1280 0.0122 
      H109.2  2 0.0721 0.0755 0.0305 0.0266 0.0204 0.0853 0.0170 0.0419 0.0190 0.5861 0.0254 
      H109.3  2 0.0161 0.4392 0.0135 0.0229 0.0304 0.0648 0.0143 0.1836 0.0224 0.1168 0.0759 
      H109.4  2 0.0753 0.0693 0.0232 0.0111 0.0583 0.0304 0.0329 0.4994 0.0216 0.1556 0.0228 
      H109.5  2 0.0129 0.1002 0.0163 0.0126 0.1206 0.4805 0.0047 0.0202 0.0235 0.0807 0.1276 
      H109.6  2 0.1021 0.1323 0.0180 0.0711 0.0404 0.0548 0.0214 0.0908 0.0293 0.3951 0.0447 
      H126.1  2 0.3250 0.0173 0.0246 0.0646 0.0668 0.0188 0.0146 0.2275 0.1576 0.0101 0.0730 
      H126.2  2 0.1504 0.0213 0.0163 0.0586 0.0124 0.4936 0.0576 0.1091 0.0508 0.0117 0.0181 
      H126.3  2 0.0312 0.0151 0.0236 0.1019 0.0290 0.6143 0.0304 0.0931 0.0411 0.0057 0.0146 
      H126.4  2 0.5954 0.0139 0.0284 0.0855 0.0154 0.0407 0.0122 0.1416 0.0422 0.0115 0.0132 
      H126.5  2 0.6217 0.0077 0.0094 0.1134 0.0122 0.1435 0.0052 0.0355 0.0156 0.0075 0.0282 
      H126.6  2 0.0212 0.0164 0.0131 0.1967 0.0062 0.6850 0.0054 0.0087 0.0233 0.0056 0.0185 
      H126.7  2 0.0112 0.0080 0.0095 0.0210 0.0046 0.8895 0.0034 0.0219 0.0174 0.0079 0.0056 
      H130.1  2 0.3180 0.0399 0.0851 0.0200 0.0293 0.0168 0.0104 0.1091 0.0364 0.0969 0.2382 
      H130.2  2 0.0141 0.0482 0.0332 0.0092 0.0175 0.0200 0.0110 0.0464 0.0145 0.7670 0.0190 
      H130.3  2 0.0135 0.0472 0.0169 0.0086 0.0062 0.0310 0.0051 0.3820 0.0082 0.2306 0.2508 
      H130.4  2 0.1583 0.0527 0.0630 0.0208 0.0163 0.0108 0.0340 0.2549 0.0345 0.1596 0.1950 
      H130.5  2 0.0276 0.0169 0.0542 0.0144 0.0193 0.0403 0.0064 0.0203 0.0350 0.6993 0.0665 
      H133.1  2 0.0613 0.2020 0.0454 0.0187 0.0291 0.0628 0.1505 0.1336 0.0436 0.1961 0.0568 
      H133.2  2 0.1659 0.1135 0.0172 0.0183 0.0125 0.0351 0.0130 0.0368 0.0392 0.3056 0.2429 
      H133.3  2 0.0111 0.1504 0.0403 0.0179 0.0308 0.1653 0.1351 0.0461 0.1953 0.1406 0.0670 
      H133.4  2 0.1020 0.5094 0.0112 0.0116 0.0244 0.0147 0.0539 0.0486 0.0183 0.0596 0.1464 
      H133.5  2 0.0407 0.0283 0.0236 0.0262 0.0073 0.0155 0.0252 0.5535 0.0691 0.1778 0.0329 
      H133.6  2 0.2846 0.0322 0.0559 0.0244 0.0108 0.0195 0.0120 0.1574 0.0496 0.3111 0.0424 
      H133.7  2 0.0214 0.6945 0.0100 0.0076 0.1003 0.0145 0.0386 0.0093 0.0166 0.0181 0.0692 
      H133.8  2 0.0527 0.3270 0.0402 0.0207 0.0811 0.0260 0.0989 0.1634 0.1093 0.0479 0.0328 
      H133.9  2 0.0615 0.1581 0.0613 0.0249 0.0231 0.0510 0.1624 0.2154 0.0353 0.1537 0.0533 
      H147.1  2 0.0149 0.0361 0.0370 0.0457 0.3070 0.3601 0.0187 0.0044 0.0502 0.1160 0.0100 
      H147.2  2 0.0153 0.0061 0.0073 0.0143 0.0148 0.8883 0.0047 0.0049 0.0131 0.0229 0.0082 
      H147.3  2 0.0109 0.0068 0.0059 0.0121 0.0135 0.8568 0.0046 0.0066 0.0471 0.0261 0.0096 
      H147.4  2 0.0052 0.0101 0.0094 0.0138 0.0167 0.8520 0.0271 0.0050 0.0282 0.0262 0.0064 
      H147.5  2 0.0208 0.0177 0.0595 0.0211 0.0288 0.5781 0.0080 0.0251 0.0312 0.1919 0.0178 
      H147.6  2 0.0183 0.0268 0.0858 0.0398 0.0387 0.4521 0.0111 0.0214 0.0342 0.2572 0.0146 
      H147.7  2 0.0073 0.0126 0.0098 0.0153 0.0242 0.8252 0.0281 0.0056 0.0176 0.0449 0.0095 
      H147.8  2 0.0047 0.0355 0.0576 0.0173 0.0195 0.7740 0.0270 0.0073 0.0075 0.0442 0.0055 
      H147.9  2 0.0110 0.0070 0.0057 0.0071 0.0100 0.9063 0.0065 0.0065 0.0192 0.0142 0.0066 
      H148.1  2 0.2337 0.0304 0.0554 0.0898 0.2190 0.0201 0.0896 0.0504 0.0153 0.1462 0.0501 
      H148.2  2 0.0499 0.0240 0.0238 0.0643 0.5760 0.0290 0.1017 0.0339 0.0294 0.0427 0.0251 
      H148.3  2 0.0187 0.0167 0.0151 0.0122 0.5761 0.0105 0.0448 0.0098 0.2210 0.0164 0.0587 
      H148.4  2 0.0849 0.0169 0.0152 0.1991 0.3787 0.0261 0.0667 0.0532 0.0463 0.0311 0.0819 
      H148.5  2 0.0308 0.0493 0.0468 0.0817 0.5437 0.0120 0.0864 0.0282 0.0464 0.0453 0.0293 
      H148.6  2 0.0332 0.0144 0.0591 0.0508 0.5166 0.0210 0.1599 0.0194 0.0203 0.0265 0.0788 
      H148.7  2 0.0203 0.0552 0.0255 0.0272 0.6195 0.0107 0.0527 0.1349 0.0091 0.0191 0.0257 
      H148.8  2 0.0347 0.0102 0.0172 0.0133 0.6961 0.0063 0.0405 0.0146 0.0193 0.0113 0.1365 
      H148.9  2 0.0951 0.1148 0.0281 0.0361 0.2351 0.0095 0.2580 0.0633 0.1032 0.0218 0.0350 
   H166022.1  2 0.0077 0.0104 0.8661 0.0094 0.0268 0.0165 0.0113 0.0055 0.0142 0.0241 0.0079 
   H166022.2  2 0.0076 0.0352 0.3722 0.0627 0.0220 0.0441 0.0120 0.0133 0.0240 0.3935 0.0135 
   H166022.3  2 0.0054 0.0099 0.9067 0.0115 0.0079 0.0060 0.0062 0.0141 0.0049 0.0189 0.0086 
   H166022.4  2 0.0052 0.0150 0.8735 0.0241 0.0076 0.0078 0.0053 0.0252 0.0051 0.0206 0.0105 
   H166022.5  2 0.0065 0.0101 0.5889 0.0286 0.0127 0.0116 0.0065 0.0151 0.0062 0.2967 0.0171 
   H166022.6  2 0.0128 0.0322 0.8321 0.0115 0.0173 0.0121 0.0139 0.0097 0.0097 0.0349 0.0138 
   H166022.7  2 0.0193 0.0091 0.0055 0.0077 0.0066 0.0116 0.0282 0.8845 0.0048 0.0151 0.0077 
   H166022.8  2 0.0241 0.0221 0.2545 0.1980 0.0369 0.0157 0.0088 0.0089 0.0274 0.3739 0.0297 
   H167397.1  2 0.0302 0.0147 0.0210 0.0689 0.2966 0.0685 0.4302 0.0094 0.0125 0.0360 0.0120 
   H167397.2  2 0.0143 0.0148 0.0306 0.2427 0.0610 0.0261 0.4977 0.0127 0.0723 0.0147 0.0130 
   H167397.3  2 0.0151 0.0177 0.0297 0.0989 0.1614 0.0778 0.5506 0.0083 0.0108 0.0102 0.0197 
   H167397.4  2 0.0070 0.0452 0.0163 0.0228 0.0890 0.0437 0.6790 0.0135 0.0583 0.0109 0.0141 
   H167397.5  2 0.0526 0.0176 0.0284 0.0589 0.0687 0.0276 0.6355 0.0308 0.0150 0.0476 0.0173 
   H167397.6  2 0.0193 0.0277 0.0318 0.0293 0.2800 0.0363 0.5242 0.0092 0.0145 0.0066 0.0211 
   H167496.1  2 0.0092 0.0225 0.0869 0.0094 0.0434 0.0118 0.0082 0.0418 0.0123 0.0260 0.7286 
   H167496.2  2 0.0151 0.1685 0.0262 0.1702 0.0722 0.1558 0.0138 0.0682 0.0375 0.1909 0.0815 
   H167496.3  2 0.0304 0.0357 0.1585 0.0105 0.0409 0.0290 0.0119 0.0326 0.4736 0.0208 0.1562 
   H167496.4  2 0.0053 0.0104 0.8828 0.0172 0.0059 0.0207 0.0073 0.0136 0.0102 0.0163 0.0103 
   H167496.6  2 0.0224 0.0209 0.4789 0.1036 0.0165 0.0547 0.0078 0.0387 0.0095 0.2297 0.0174 
   H167496.7  2 0.0299 0.0356 0.0459 0.0209 0.1195 0.0144 0.0061 0.0230 0.0074 0.0566 0.6406 
   H167496.8  2 0.0152 0.0290 0.4339 0.0707 0.0202 0.0856 0.0078 0.0192 0.0086 0.2872 0.0228 
   H167513.1  2 0.0061 0.9156 0.0110 0.0093 0.0079 0.0071 0.0067 0.0087 0.0071 0.0126 0.0077 
   H167513.2  2 0.0326 0.8033 0.0125 0.0097 0.0298 0.0096 0.0386 0.0120 0.0137 0.0155 0.0227 
   H167513.3  2 0.0083 0.8811 0.0203 0.0145 0.0064 0.0104 0.0085 0.0200 0.0084 0.0137 0.0085 
   H167513.4  2 0.0078 0.8694 0.0391 0.0114 0.0145 0.0075 0.0087 0.0074 0.0067 0.0172 0.0103 
   H167513.5  2 0.0187 0.8722 0.0124 0.0090 0.0163 0.0089 0.0254 0.0052 0.0111 0.0105 0.0103 
   H167513.6  2 0.0097 0.8897 0.0143 0.0119 0.0086 0.0076 0.0096 0.0085 0.0140 0.0165 0.0096 
   H167513.7  2 0.0114 0.8783 0.0163 0.0087 0.0059 0.0085 0.0282 0.0092 0.0086 0.0196 0.0053 
   H167513.8  2 0.0120 0.8880 0.0061 0.0099 0.0040 0.0100 0.0197 0.0174 0.0068 0.0209 0.0053 
   H167547.1  2 0.0329 0.0261 0.0309 0.0141 0.6930 0.0063 0.0187 0.0191 0.0128 0.0133 0.1326 
   H167547.2  2 0.0099 0.0118 0.0233 0.0051 0.8821 0.0061 0.0101 0.0066 0.0094 0.0090 0.0267 
   H167547.3  2 0.0112 0.0157 0.0175 0.0061 0.8949 0.0055 0.0075 0.0079 0.0069 0.0078 0.0190 
   H167547.4  2 0.0431 0.0244 0.5113 0.0099 0.1704 0.0074 0.0416 0.0466 0.0570 0.0161 0.0722 
   H167547.5  2 0.0163 0.0085 0.0214 0.0059 0.8836 0.0079 0.0080 0.0094 0.0177 0.0120 0.0093 
   H167547.6  2 0.0120 0.0093 0.0323 0.0056 0.8838 0.0076 0.0083 0.0074 0.0129 0.0105 0.0104 
   H167547.7  2 0.0481 0.0792 0.0148 0.0094 0.0335 0.0158 0.0151 0.0265 0.0760 0.0155 0.6662 
   H169750.1  2 0.0362 0.1904 0.1521 0.0274 0.0118 0.0406 0.0140 0.1626 0.0573 0.0633 0.2443 
   H169750.2  2 0.0693 0.2998 0.0117 0.0285 0.1672 0.0919 0.0354 0.0309 0.0205 0.1875 0.0573 
   H169750.3  2 0.0226 0.5251 0.0271 0.0097 0.0143 0.0419 0.0046 0.0624 0.0189 0.1673 0.1062 
   H169750.4  2 0.0409 0.1515 0.0180 0.2371 0.0318 0.0320 0.0786 0.0727 0.0460 0.0269 0.2645 
   H169750.5  2 0.0164 0.3056 0.1074 0.0149 0.0124 0.1326 0.0134 0.1741 0.0637 0.0914 0.0684 
   H169750.6  2 0.0523 0.1083 0.0383 0.0132 0.0204 0.3993 0.0111 0.1065 0.0477 0.1935 0.0093 
   H169750.7  2 0.0251 0.5346 0.0132 0.0741 0.0206 0.0389 0.0204 0.0838 0.0712 0.0363 0.0820 
   H171929.1  2 0.0108 0.8354 0.0087 0.0078 0.0156 0.0095 0.0461 0.0060 0.0457 0.0055 0.0088 
  H171929.10  2 0.0093 0.8134 0.0213 0.0087 0.0213 0.0188 0.0279 0.0049 0.0318 0.0233 0.0192 
  H171929.11  2 0.0153 0.8710 0.0072 0.0078 0.0121 0.0109 0.0343 0.0065 0.0203 0.0073 0.0071 
   H171929.2  2 0.0128 0.9243 0.0086 0.0044 0.0093 0.0056 0.0048 0.0061 0.0066 0.0068 0.0107 
   H171929.3  2 0.0070 0.9146 0.0091 0.0052 0.0137 0.0079 0.0140 0.0063 0.0084 0.0063 0.0077 
   H171929.4  2 0.0208 0.7853 0.0372 0.0071 0.0167 0.0202 0.0057 0.0117 0.0476 0.0107 0.0370 
   H171929.5  2 0.0103 0.9241 0.0054 0.0077 0.0083 0.0078 0.0105 0.0055 0.0060 0.0080 0.0063 
   H171929.6  2 0.0087 0.9362 0.0064 0.0044 0.0063 0.0061 0.0086 0.0068 0.0046 0.0056 0.0061 
   H171929.7  2 0.0155 0.8980 0.0066 0.0052 0.0079 0.0118 0.0061 0.0079 0.0268 0.0049 0.0092 
   H171929.8  2 0.0222 0.8614 0.0088 0.0057 0.0084 0.0084 0.0079 0.0061 0.0489 0.0085 0.0136 
