      H105.1  1 0.0145 0.0691 0.0080 0.0066 0.0076 0.0226 0.0191 0.0119 0.0206 0.0096 0.0232 0.0084 0.0138 0.0995 0.0064 0.0037 0.0071 0.0091 0.0064 0.0068 0.5885 0.0096 0.0281 
      H105.2  1 0.0195 0.0413 0.0068 0.0119 0.0073 0.0148 0.0121 0.0057 0.5740 0.0134 0.0117 0.0043 0.0043 0.0374 0.0062 0.0096 0.0263 0.0249 0.0121 0.0178 0.0996 0.0322 0.0068 
      H105.3  1 0.0194 0.0170 0.0105 0.0072 0.0037 0.0116 0.0101 0.0068 0.0133 0.0062 0.0117 0.0070 0.0162 0.0103 0.0059 0.0149 0.0068 0.0135 0.0060 0.0051 0.7836 0.0089 0.0042 
      H105.4  1 0.0069 0.0990 0.0170 0.0147 0.0120 0.0105 0.0106 0.0142 0.3114 0.0177 0.0158 0.0108 0.0140 0.0440 0.0086 0.0749 0.0080 0.0201 0.0069 0.0082 0.2577 0.0104 0.0066 
      H105.5  1 0.0449 0.1029 0.0187 0.0094 0.0114 0.0137 0.0947 0.0093 0.2196 0.0396 0.0543 0.0111 0.0260 0.1104 0.0323 0.0324 0.0287 0.0234 0.0070 0.0103 0.0405 0.0268 0.0326 
      H105.6  1 0.0072 0.0188 0.0146 0.0063 0.0064 0.0091 0.0071 0.0113 0.0292 0.0075 0.0083 0.0116 0.0127 0.0052 0.0197 0.0233 0.0130 0.0134 0.0036 0.0068 0.7567 0.0042 0.0041 
      H105.7  1 0.0086 0.0664 0.0130 0.0192 0.0095 0.0358 0.0104 0.0248 0.0406 0.0048 0.0212 0.0086 0.0073 0.0112 0.0087 0.0046 0.0056 0.0080 0.0054 0.0075 0.6582 0.0057 0.0150 
      H105.8  1 0.0099 0.0246 0.0056 0.0053 0.0032 0.0413 0.0041 0.0091 0.0137 0.0143 0.0099 0.0082 0.0048 0.0355 0.0085 0.0064 0.0143 0.0237 0.0082 0.0205 0.7118 0.0121 0.0051 
      H115.1  1 0.0170 0.0106 0.0119 0.0104 0.0056 0.0155 0.0083 0.0902 0.0252 0.0164 0.0078 0.0085 0.0429 0.0079 0.6132 0.0111 0.0078 0.0292 0.0082 0.0139 0.0133 0.0069 0.0181 
      H115.2  1 0.0085 0.0060 0.0057 0.0076 0.0058 0.0079 0.0122 0.0083 0.0131 0.0160 0.0047 0.0070 0.0124 0.0060 0.8084 0.0081 0.0060 0.0054 0.0077 0.0151 0.0127 0.0059 0.0097 
      H115.3  1 0.0058 0.0124 0.0040 0.0069 0.0069 0.0093 0.0461 0.0097 0.0425 0.1498 0.0135 0.0115 0.0315 0.0057 0.4805 0.0846 0.0156 0.0068 0.0073 0.0118 0.0118 0.0109 0.0150 
      H115.4  1 0.0424 0.0115 0.0050 0.0072 0.0057 0.0074 0.1199 0.0075 0.0174 0.5172 0.0112 0.0108 0.0330 0.0047 0.0466 0.0070 0.0077 0.0329 0.0063 0.0198 0.0097 0.0268 0.0424 
      H115.5  1 0.0190 0.0191 0.0220 0.0140 0.0170 0.0274 0.0174 0.0163 0.0270 0.0716 0.0180 0.0064 0.0970 0.0111 0.3412 0.0306 0.0073 0.0161 0.0590 0.0226 0.0255 0.0840 0.0303 
      H115.6  1 0.0151 0.0084 0.0060 0.0226 0.0081 0.0195 0.1912 0.0159 0.0578 0.0717 0.0129 0.0124 0.0283 0.0060 0.2804 0.0404 0.1335 0.0046 0.0149 0.0062 0.0079 0.0218 0.0149 
      H115.7  1 0.0118 0.0077 0.0104 0.0157 0.0092 0.0035 0.0773 0.0122 0.5406 0.0244 0.0072 0.0100 0.0119 0.0042 0.1592 0.0231 0.0070 0.0095 0.0055 0.0097 0.0087 0.0165 0.0148 
      H115.8  1 0.0087 0.0093 0.0045 0.0138 0.0064 0.0531 0.0344 0.0161 0.0184 0.1018 0.0081 0.0097 0.0405 0.0074 0.4986 0.0141 0.0176 0.0053 0.0555 0.0133 0.0152 0.0313 0.0169 
      H115.9  1 0.0181 0.0263 0.0093 0.0086 0.0044 0.0225 0.0038 0.0221 0.0056 0.0084 0.0063 0.0067 0.0161 0.0047 0.7639 0.0176 0.0059 0.0112 0.0047 0.0080 0.0055 0.0051 0.0151 
      H145.1  1 0.0063 0.0114 0.0045 0.0040 0.8190 0.0064 0.0042 0.0112 0.0043 0.0089 0.0084 0.0065 0.0077 0.0065 0.0107 0.0113 0.0199 0.0054 0.0257 0.0041 0.0045 0.0029 0.0062 
      H145.2  1 0.0064 0.0152 0.0056 0.0046 0.6682 0.0076 0.0067 0.0056 0.0141 0.0166 0.0089 0.0094 0.0167 0.0141 0.0070 0.1239 0.0147 0.0093 0.0243 0.0049 0.0064 0.0029 0.0069 
      H145.3  1 0.0041 0.0101 0.0040 0.0066 0.7670 0.0318 0.0044 0.0132 0.0060 0.0120 0.0055 0.0036 0.0045 0.0056 0.0061 0.0055 0.0281 0.0057 0.0518 0.0040 0.0040 0.0107 0.0056 
      H145.4  1 0.0034 0.0063 0.0060 0.0028 0.8910 0.0047 0.0040 0.0092 0.0043 0.0040 0.0045 0.0043 0.0061 0.0038 0.0038 0.0048 0.0067 0.0056 0.0079 0.0036 0.0036 0.0033 0.0063 
      H145.5  1 0.0043 0.0088 0.0061 0.0038 0.6943 0.0088 0.0064 0.0059 0.0055 0.0074 0.0057 0.0061 0.0063 0.0054 0.0042 0.0059 0.0298 0.0046 0.1613 0.0046 0.0038 0.0066 0.0044 
      H145.6  1 0.0042 0.0079 0.0051 0.0084 0.7814 0.0050 0.0058 0.0046 0.0324 0.0059 0.0039 0.0044 0.0070 0.0099 0.0042 0.0604 0.0067 0.0074 0.0111 0.0035 0.0052 0.0088 0.0071 
      H145.7  1 0.0033 0.0062 0.0040 0.0035 0.8776 0.0050 0.0049 0.0063 0.0083 0.0075 0.0039 0.0042 0.0072 0.0063 0.0037 0.0059 0.0078 0.0049 0.0043 0.0030 0.0034 0.0106 0.0080 
      H149.1  1 0.0034 0.0039 0.0042 0.0042 0.0043 0.0041 0.0039 0.0036 0.0031 0.0024 0.0035 0.0039 0.9209 0.0034 0.0032 0.0039 0.0046 0.0031 0.0037 0.0033 0.0033 0.0022 0.0037 
      H149.2  1 0.0047 0.0071 0.0048 0.0052 0.0467 0.0033 0.0168 0.0062 0.0254 0.0037 0.0081 0.0036 0.8044 0.0039 0.0034 0.0054 0.0072 0.0059 0.0034 0.0038 0.0046 0.0041 0.0185 
      H149.3  1 0.0048 0.0068 0.0093 0.0150 0.0717 0.0075 0.0329 0.0301 0.0181 0.0044 0.0160 0.0068 0.6480 0.0074 0.0076 0.0133 0.0118 0.0185 0.0045 0.0084 0.0120 0.0081 0.0369 
      H149.4  1 0.0029 0.0062 0.0058 0.0100 0.0056 0.0050 0.0047 0.0059 0.0167 0.0053 0.0063 0.0237 0.7945 0.0363 0.0036 0.0074 0.0067 0.0126 0.0092 0.0047 0.0160 0.0040 0.0068 
      H149.5  1 0.0070 0.0099 0.0072 0.0163 0.1657 0.0091 0.0213 0.0094 0.1577 0.0042 0.0134 0.0089 0.3805 0.0215 0.0027 0.0069 0.0070 0.0377 0.0037 0.0079 0.0125 0.0061 0.0835 
      H149.6  1 0.0055 0.0067 0.0059 0.0094 0.0384 0.0035 0.0097 0.0053 0.0595 0.0036 0.0065 0.0044 0.7750 0.0050 0.0031 0.0059 0.0048 0.0060 0.0038 0.0060 0.0091 0.0049 0.0180 
      H149.7  1 0.0095 0.0066 0.0365 0.0730 0.0297 0.0171 0.0134 0.0126 0.0750 0.0068 0.0183 0.0290 0.4823 0.0432 0.0047 0.0197 0.0157 0.0269 0.0080 0.0142 0.0280 0.0063 0.0235 
      H150.1  1 0.0045 0.0046 0.0071 0.0039 0.0052 0.0063 0.0088 0.0123 0.0179 0.0283 0.0061 0.0040 0.0041 0.0086 0.8120 0.0108 0.0114 0.0038 0.0089 0.0055 0.0137 0.0065 0.0057 
      H150.2  1 0.0152 0.0043 0.0046 0.0088 0.0049 0.0042 0.0349 0.0118 0.0471 0.1027 0.0124 0.0070 0.0184 0.0036 0.6323 0.0091 0.0112 0.0064 0.0154 0.0065 0.0132 0.0110 0.0149 
      H150.3  1 0.0064 0.0057 0.0084 0.0121 0.0100 0.0075 0.0152 0.0309 0.0337 0.0149 0.0089 0.0066 0.0059 0.0075 0.7689 0.0052 0.0081 0.0038 0.0086 0.0045 0.0092 0.0122 0.0059 
      H150.4  1 0.0090 0.0082 0.0065 0.0083 0.0070 0.0082 0.0098 0.0111 0.0089 0.0112 0.0053 0.0041 0.0041 0.0057 0.8433 0.0085 0.0068 0.0030 0.0094 0.0039 0.0044 0.0077 0.0057 
      H150.5  1 0.0060 0.0066 0.0056 0.0129 0.0120 0.0056 0.0340 0.0280 0.0896 0.0861 0.0148 0.0116 0.0110 0.0062 0.5531 0.0170 0.0141 0.0066 0.0049 0.0189 0.0243 0.0146 0.0163 
      H150.6  1 0.0076 0.0046 0.0049 0.0102 0.0082 0.0034 0.1811 0.0112 0.2379 0.1458 0.0082 0.0151 0.0074 0.0057 0.1190 0.0094 0.0255 0.0086 0.0152 0.0140 0.0706 0.0500 0.0365 
      H150.7  1 0.0040 0.0058 0.0040 0.0041 0.0041 0.0077 0.0085 0.0060 0.0104 0.0174 0.0047 0.0043 0.0046 0.0067 0.8520 0.0141 0.0091 0.0030 0.0089 0.0054 0.0056 0.0054 0.0044 
   H169607.1  1 0.1449 0.0142 0.0097 0.0201 0.1436 0.0114 0.0098 0.0471 0.0512 0.0945 0.0959 0.0094 0.0069 0.0805 0.0436 0.0193 0.0569 0.0256 0.0237 0.0417 0.0070 0.0210 0.0222 
   H169607.2  1 0.0287 0.2519 0.0071 0.0171 0.1029 0.0275 0.0076 0.0586 0.0806 0.0458 0.0694 0.0405 0.0076 0.0362 0.0519 0.0231 0.0638 0.0265 0.0048 0.0260 0.0074 0.0060 0.0090 
   H169607.3  1 0.0143 0.0827 0.0083 0.0248 0.2128 0.0348 0.0090 0.0318 0.0840 0.0493 0.0836 0.0047 0.0066 0.1006 0.0171 0.0165 0.0400 0.0305 0.0124 0.0327 0.0079 0.0212 0.0744 
   H169607.4  1 0.0157 0.1280 0.0063 0.0108 0.2234 0.0061 0.0046 0.0214 0.0162 0.0079 0.0918 0.0186 0.0041 0.0538 0.0135 0.0231 0.2995 0.0063 0.0063 0.0219 0.0092 0.0057 0.0059 
   H169607.5  1 0.0091 0.1253 0.0042 0.0099 0.0660 0.0137 0.0108 0.1317 0.1905 0.0354 0.0818 0.0413 0.0104 0.0083 0.1099 0.0327 0.0111 0.0329 0.0082 0.0108 0.0051 0.0081 0.0429 
   H169607.6  1 0.0253 0.3851 0.0042 0.0106 0.1034 0.0264 0.0070 0.0152 0.0610 0.0230 0.0495 0.0210 0.0080 0.0482 0.0439 0.0118 0.0503 0.0324 0.0044 0.0402 0.0065 0.0131 0.0097 
   H169607.7  1 0.0163 0.0739 0.0051 0.0116 0.0263 0.0505 0.0093 0.0176 0.0571 0.4507 0.0375 0.0143 0.0056 0.0564 0.0201 0.0106 0.0250 0.0386 0.0060 0.0282 0.0138 0.0159 0.0093 
   H169607.8  1 0.0120 0.3842 0.0070 0.0099 0.0523 0.0107 0.0057 0.0410 0.0172 0.0068 0.1445 0.0144 0.0049 0.0734 0.0084 0.0241 0.1191 0.0080 0.0042 0.0340 0.0053 0.0077 0.0053 
   H169633.1  1 0.0113 0.0051 0.0097 0.0141 0.0236 0.0069 0.0125 0.0111 0.0043 0.0057 0.0062 0.0038 0.7620 0.0057 0.0105 0.0093 0.0061 0.0048 0.0175 0.0335 0.0143 0.0136 0.0082 
   H169633.2  1 0.0365 0.0040 0.0079 0.0313 0.0127 0.0203 0.0146 0.0336 0.0190 0.0117 0.0041 0.0064 0.6989 0.0075 0.0042 0.0037 0.0051 0.0140 0.0068 0.0286 0.0136 0.0108 0.0049 
   H169633.3  1 0.0060 0.0046 0.0212 0.0087 0.0143 0.0144 0.0274 0.0092 0.0048 0.0075 0.0060 0.0048 0.7892 0.0049 0.0099 0.0062 0.0052 0.0109 0.0062 0.0080 0.0138 0.0081 0.0086 
   H169633.4  1 0.0070 0.0060 0.0081 0.0044 0.0103 0.0073 0.0122 0.0107 0.0071 0.0043 0.0051 0.0047 0.8106 0.0063 0.0106 0.0122 0.0077 0.0080 0.0118 0.0072 0.0136 0.0093 0.0157 
   H169633.5  1 0.0066 0.0072 0.0085 0.0042 0.0108 0.0061 0.0117 0.0094 0.0052 0.0036 0.0066 0.0056 0.8121 0.0055 0.0096 0.0171 0.0069 0.0063 0.0125 0.0079 0.0151 0.0091 0.0122 
   H169688.1  1 0.0076 0.0581 0.0210 0.0430 0.0756 0.0094 0.0040 0.0072 0.0401 0.0156 0.0076 0.0053 0.0131 0.0042 0.0122 0.0040 0.0200 0.0283 0.0047 0.5765 0.0036 0.0317 0.0069 
   H169688.2  1 0.0042 0.0073 0.0145 0.0512 0.0116 0.0070 0.0062 0.0052 0.0110 0.0111 0.0045 0.0083 0.0058 0.0079 0.0092 0.0033 0.0047 0.0090 0.0056 0.7932 0.0071 0.0084 0.0039 
   H169688.3  1 0.0074 0.0050 0.0124 0.0215 0.0140 0.0047 0.0050 0.0097 0.0195 0.0613 0.0055 0.0127 0.0080 0.0121 0.0108 0.0042 0.0074 0.0041 0.0052 0.7469 0.0076 0.0089 0.0059 
   H169688.4  1 0.0049 0.0056 0.0087 0.0129 0.0099 0.0059 0.0059 0.0118 0.0081 0.0782 0.0060 0.0083 0.0076 0.0059 0.1167 0.0107 0.0077 0.0055 0.0162 0.6354 0.0092 0.0106 0.0082 
   H169688.5  1 0.0058 0.0053 0.0098 0.0153 0.0118 0.0070 0.0043 0.0088 0.0062 0.0811 0.0049 0.0084 0.0084 0.0061 0.1263 0.0109 0.0074 0.0062 0.0173 0.6231 0.0109 0.0078 0.0068 
   H169688.6  1 0.0039 0.0085 0.0081 0.0179 0.0257 0.0057 0.0031 0.0052 0.0212 0.0183 0.0050 0.0126 0.0123 0.0068 0.0126 0.0065 0.0055 0.0818 0.0231 0.6876 0.0143 0.0083 0.0058 
   H169688.7  1 0.0109 0.0064 0.0154 0.0124 0.0337 0.0106 0.0134 0.0085 0.0070 0.1472 0.0068 0.0136 0.0105 0.0247 0.0130 0.0083 0.0131 0.0041 0.0101 0.6023 0.0058 0.0166 0.0057 
   H171901.1  1 0.0120 0.0091 0.0121 0.0316 0.0212 0.0103 0.0125 0.0063 0.6647 0.0267 0.0079 0.0058 0.0090 0.0267 0.0141 0.0185 0.0068 0.0053 0.0547 0.0171 0.0052 0.0084 0.0138 
   H171901.2  1 0.0045 0.0121 0.0045 0.0051 0.0100 0.0087 0.0125 0.0043 0.0074 0.0093 0.0058 0.0094 0.8330 0.0054 0.0123 0.0068 0.0158 0.0035 0.0046 0.0081 0.0074 0.0047 0.0045 
   H171901.3  1 0.0059 0.0110 0.0078 0.0440 0.0154 0.0075 0.0083 0.0085 0.0321 0.0155 0.0066 0.0124 0.6657 0.0094 0.0110 0.0177 0.0120 0.0102 0.0057 0.0582 0.0056 0.0170 0.0125 
   H171901.4  1 0.0066 0.0075 0.0041 0.0084 0.0079 0.0075 0.0078 0.0060 0.0140 0.0287 0.0112 0.0084 0.8065 0.0073 0.0079 0.0094 0.0086 0.0050 0.0055 0.0073 0.0135 0.0050 0.0057 
   H171901.5  1 0.0083 0.0074 0.0068 0.0138 0.0148 0.0073 0.0094 0.0063 0.0235 0.0245 0.0210 0.0179 0.7002 0.0126 0.0096 0.0136 0.0412 0.0083 0.0066 0.0207 0.0111 0.0047 0.0105 
   H171901.6  1 0.0102 0.0144 0.0153 0.0299 0.0553 0.0124 0.0154 0.0117 0.0320 0.0244 0.0317 0.0331 0.4875 0.0129 0.0259 0.0184 0.0832 0.0126 0.0065 0.0282 0.0260 0.0049 0.0082 
   H171901.7  1 0.0063 0.0132 0.0109 0.0178 0.0537 0.0175 0.0125 0.0199 0.0157 0.0386 0.0082 0.0640 0.4990 0.0057 0.0170 0.0108 0.0131 0.0300 0.0060 0.1016 0.0127 0.0092 0.0165 
   H171902.1  1 0.0221 0.0073 0.0136 0.0065 0.0156 0.0157 0.0057 0.0065 0.0056 0.0101 0.0110 0.0154 0.0070 0.0079 0.0133 0.0059 0.7476 0.0183 0.0335 0.0142 0.0061 0.0075 0.0035 
  H171902.10  1 0.0042 0.0062 0.0038 0.0041 0.0046 0.0037 0.0068 0.0037 0.0049 0.0061 0.0042 0.0080 0.0057 0.0052 0.0067 0.0050 0.8838 0.0070 0.0080 0.0063 0.0035 0.0054 0.0031 
   H171902.2  1 0.0185 0.0084 0.0141 0.0273 0.0142 0.0887 0.0070 0.0198 0.0171 0.0141 0.0210 0.0211 0.0262 0.0116 0.0227 0.0079 0.4467 0.0303 0.0353 0.0644 0.0235 0.0548 0.0055 
   H171902.3  1 0.0166 0.0078 0.0084 0.0124 0.0124 0.0137 0.0095 0.0078 0.0141 0.0233 0.0158 0.0233 0.0538 0.0244 0.0336 0.0054 0.6467 0.0210 0.0068 0.0209 0.0072 0.0093 0.0061 
   H171902.4  1 0.0050 0.0055 0.0070 0.0046 0.0098 0.0076 0.0063 0.0114 0.0046 0.0043 0.0038 0.0039 0.0425 0.0034 0.0113 0.0042 0.8258 0.0051 0.0124 0.0070 0.0062 0.0042 0.0041 
   H171902.6  1 0.0053 0.0048 0.0053 0.0041 0.0059 0.0047 0.0070 0.0037 0.0060 0.0044 0.0046 0.0089 0.0072 0.0078 0.0084 0.0044 0.8786 0.0068 0.0069 0.0051 0.0030 0.0040 0.0029 
   H171902.7  1 0.0069 0.0094 0.0045 0.0057 0.0131 0.0033 0.0093 0.0074 0.0274 0.0075 0.0123 0.0073 0.0142 0.0063 0.0062 0.0064 0.8197 0.0055 0.0110 0.0052 0.0043 0.0030 0.0040 
   H171902.8  1 0.0056 0.0061 0.0054 0.0079 0.0088 0.0061 0.0112 0.0057 0.0131 0.0102 0.0105 0.0254 0.0180 0.0156 0.0148 0.0068 0.7827 0.0087 0.0103 0.0099 0.0036 0.0076 0.0061 
   H171902.9  1 0.0048 0.0100 0.0106 0.0053 0.0076 0.0081 0.0054 0.0132 0.0087 0.0067 0.0076 0.0085 0.0073 0.0056 0.0847 0.0071 0.7512 0.0064 0.0172 0.0071 0.0086 0.0044 0.0041 
   H171903.1  1 0.0188 0.5508 0.0066 0.0092 0.0203 0.0123 0.0066 0.0345 0.0388 0.0855 0.0285 0.0533 0.0117 0.0044 0.0485 0.0098 0.0071 0.0145 0.0053 0.0107 0.0092 0.0044 0.0096 
   H171903.2  1 0.0128 0.5647 0.0099 0.0123 0.0121 0.0351 0.0083 0.0337 0.0092 0.0584 0.0249 0.0341 0.0081 0.0293 0.0320 0.0100 0.0094 0.0201 0.0095 0.0107 0.0141 0.0058 0.0352 
   H171903.3  1 0.0602 0.1819 0.0184 0.0171 0.0189 0.0405 0.0451 0.0183 0.0846 0.0726 0.0409 0.0923 0.0187 0.0147 0.0282 0.0114 0.0312 0.0406 0.0181 0.0397 0.0131 0.0058 0.0877 
   H171903.4  1 0.0059 0.0346 0.0101 0.1039 0.1316 0.0055 0.0159 0.0332 0.3450 0.0286 0.0212 0.0131 0.0074 0.0073 0.0193 0.0224 0.1016 0.0098 0.0067 0.0320 0.0109 0.0196 0.0144 
   H171903.5  1 0.0660 0.0661 0.0151 0.0167 0.0172 0.0311 0.0136 0.0139 0.0228 0.1664 0.0261 0.0442 0.0318 0.1021 0.0470 0.0077 0.0095 0.0160 0.0091 0.0753 0.0123 0.0079 0.1820 
   H171903.6  1 0.0074 0.0916 0.0093 0.0110 0.0290 0.0081 0.0077 0.0361 0.0631 0.1449 0.0630 0.0486 0.0427 0.0143 0.0299 0.0145 0.0200 0.0147 0.0052 0.2523 0.0070 0.0100 0.0693 
      H177.1  1 0.0056 0.0305 0.0157 0.1865 0.0173 0.0079 0.0105 0.0093 0.0312 0.0174 0.0158 0.1228 0.1666 0.0085 0.0284 0.0105 0.1966 0.0574 0.0114 0.0280 0.0073 0.0056 0.0094 
      H177.2  1 0.0087 0.0229 0.0179 0.0133 0.0541 0.0599 0.0236 0.0292 0.0071 0.0476 0.1808 0.0474 0.1193 0.0729 0.0095 0.0327 0.0722 0.0523 0.0163 0.0427 0.0071 0.0235 0.0391 
      H177.3  1 0.0064 0.0182 0.0189 0.0139 0.0389 0.0103 0.0185 0.0106 0.0121 0.0215 0.0490 0.1316 0.2779 0.0541 0.0137 0.0732 0.0995 0.0522 0.0130 0.0342 0.0060 0.0056 0.0205 
      H177.4  1 0.0060 0.0158 0.0108 0.1444 0.0325 0.0070 0.0106 0.0104 0.0119 0.0062 0.0223 0.0381 0.0456 0.0078 0.0063 0.0072 0.0648 0.5064 0.0094 0.0124 0.0133 0.0032 0.0075 
      H177.5  1 0.0045 0.0167 0.0106 0.5194 0.0207 0.0134 0.0118 0.0208 0.0133 0.0137 0.0355 0.0899 0.0223 0.0071 0.0144 0.0106 0.0542 0.0111 0.0100 0.0421 0.0219 0.0104 0.0255 
      H177.6  1 0.0063 0.0122 0.0271 0.0100 0.0205 0.0154 0.0164 0.0093 0.0097 0.0140 0.0191 0.1007 0.4287 0.0374 0.0180 0.0672 0.1082 0.0266 0.0126 0.0213 0.0056 0.0041 0.0097 
      H179.1  1 0.0397 0.0053 0.0544 0.0867 0.0068 0.0122 0.0075 0.0188 0.0128 0.0090 0.0203 0.0260 0.0169 0.0474 0.0123 0.0285 0.0067 0.4468 0.0051 0.0983 0.0158 0.0076 0.0147 
      H179.2  1 0.0261 0.0072 0.0170 0.0266 0.0064 0.0079 0.0086 0.0126 0.0075 0.0135 0.0186 0.0097 0.0067 0.0186 0.0135 0.0085 0.0076 0.7412 0.0036 0.0136 0.0076 0.0054 0.0122 
      H179.3  1 0.0250 0.0144 0.0171 0.1176 0.0077 0.0134 0.0059 0.0461 0.0132 0.0185 0.0113 0.0220 0.0057 0.0393 0.0164 0.0235 0.0073 0.2954 0.0056 0.2489 0.0113 0.0112 0.0231 
      H179.4  1 0.0086 0.0052 0.0098 0.0154 0.0160 0.0085 0.0071 0.0117 0.0070 0.0105 0.0128 0.0099 0.0117 0.0126 0.0054 0.0084 0.0095 0.7912 0.0034 0.0119 0.0060 0.0077 0.0098 
      H180.1  1 0.0213 0.0057 0.0061 0.0073 0.0034 0.0065 0.0199 0.0059 0.0512 0.6273 0.0053 0.0441 0.0092 0.0084 0.0375 0.0046 0.0173 0.0162 0.0121 0.0229 0.0280 0.0246 0.0151 
      H180.2  1 0.0092 0.0085 0.0125 0.0098 0.0057 0.0050 0.0105 0.0103 0.1473 0.5009 0.0112 0.0246 0.0108 0.0052 0.0599 0.0172 0.0109 0.0185 0.0133 0.0224 0.0563 0.0245 0.0057 
      H180.3  1 0.0456 0.0097 0.0336 0.0047 0.0057 0.0234 0.0071 0.0201 0.0097 0.4555 0.0092 0.0115 0.0049 0.0040 0.2739 0.0061 0.0077 0.0067 0.0158 0.0049 0.0119 0.0086 0.0194 
      H180.4  1 0.0060 0.0094 0.0108 0.0094 0.0055 0.0131 0.0354 0.0294 0.1113 0.3867 0.0073 0.0278 0.0191 0.0167 0.0276 0.0060 0.0161 0.0195 0.0177 0.0221 0.1629 0.0257 0.0146 
      H180.5  1 0.0078 0.0149 0.0055 0.0151 0.0072 0.0189 0.0837 0.0319 0.0466 0.4579 0.0246 0.0653 0.0105 0.0057 0.0359 0.0064 0.0098 0.0265 0.0320 0.0293 0.0216 0.0322 0.0107 
      H180.6  1 0.0107 0.0128 0.0156 0.0065 0.0123 0.2458 0.0494 0.1847 0.0216 0.2312 0.0087 0.0138 0.0209 0.0089 0.0387 0.0111 0.0054 0.0082 0.0337 0.0074 0.0132 0.0305 0.0090 
      H181.1  1 0.0089 0.0570 0.0074 0.0063 0.0190 0.0064 0.0191 0.0054 0.0188 0.0071 0.0152 0.0113 0.1674 0.0307 0.0122 0.0058 0.0409 0.0999 0.0145 0.0641 0.0089 0.1880 0.1857 
      H181.2  1 0.0128 0.0257 0.0121 0.0170 0.0252 0.0076 0.0939 0.0051 0.0169 0.0105 0.0117 0.0492 0.0559 0.0100 0.0125 0.0057 0.0857 0.3047 0.0233 0.0399 0.0132 0.1418 0.0194 
      H181.3  1 0.0046 0.0272 0.0074 0.0203 0.0154 0.0144 0.0213 0.0057 0.0322 0.0084 0.0288 0.0420 0.0942 0.0529 0.0059 0.0076 0.0641 0.1683 0.0172 0.0511 0.0083 0.2948 0.0080 
      H181.4  1 0.0075 0.0246 0.0199 0.0173 0.0459 0.0136 0.0238 0.0134 0.0261 0.0164 0.0796 0.0406 0.1004 0.0209 0.1037 0.0128 0.0341 0.0430 0.0041 0.0144 0.0096 0.0722 0.2558 
      H181.5  1 0.0169 0.0117 0.0414 0.0277 0.0085 0.0109 0.0350 0.0094 0.0196 0.0068 0.0134 0.0058 0.0153 0.1314 0.0067 0.0073 0.0088 0.4531 0.0135 0.0141 0.0095 0.1220 0.0112 
      H181.6  1 0.0350 0.0128 0.0082 0.0160 0.0106 0.0070 0.0436 0.0094 0.0198 0.0248 0.0126 0.0098 0.0108 0.0264 0.0295 0.0111 0.0187 0.6000 0.0053 0.0116 0.0499 0.0094 0.0175 
      H181.7  1 0.0115 0.0098 0.0053 0.0065 0.0090 0.0136 0.0053 0.0074 0.0095 0.0126 0.0052 0.0064 0.0301 0.2253 0.0116 0.0078 0.0079 0.5305 0.0069 0.0262 0.0069 0.0231 0.0213 
 H194.1_2004  1 0.0075 0.0177 0.0118 0.0101 0.7021 0.0091 0.0185 0.0217 0.0228 0.0295 0.0070 0.0387 0.0156 0.0038 0.0251 0.0090 0.0082 0.0050 0.0050 0.0114 0.0073 0.0051 0.0081 
 H194.2_2004  1 0.0052 0.0157 0.0070 0.0340 0.6285 0.0054 0.0177 0.0100 0.1729 0.0067 0.0048 0.0214 0.0069 0.0036 0.0068 0.0087 0.0098 0.0032 0.0093 0.0054 0.0043 0.0060 0.0068 
 H194.3_2004  1 0.0056 0.0099 0.0805 0.0105 0.7064 0.0073 0.0074 0.0101 0.0098 0.0050 0.0052 0.0161 0.0431 0.0063 0.0081 0.0065 0.0189 0.0113 0.0070 0.0089 0.0057 0.0034 0.0065 
 H194.4_2004  1 0.0049 0.0218 0.0100 0.0380 0.7621 0.0075 0.0081 0.0073 0.0380 0.0046 0.0042 0.0077 0.0185 0.0046 0.0063 0.0043 0.0160 0.0076 0.0082 0.0062 0.0036 0.0041 0.0067 
 H194.5_2004  1 0.0099 0.0078 0.0245 0.0124 0.7232 0.0149 0.0087 0.0117 0.0183 0.0087 0.0133 0.0189 0.0306 0.0086 0.0121 0.0091 0.0134 0.0158 0.0044 0.0083 0.0095 0.0065 0.0093 
 H194.6_2004  1 0.0071 0.0209 0.2191 0.1214 0.2089 0.0162 0.0110 0.0106 0.0280 0.0086 0.0120 0.0326 0.0987 0.0066 0.0125 0.0086 0.0957 0.0377 0.0082 0.0106 0.0095 0.0069 0.0089 
 H194.7_2004  1 0.0054 0.0643 0.0088 0.0068 0.7356 0.0361 0.0080 0.0206 0.0115 0.0097 0.0080 0.0073 0.0083 0.0047 0.0125 0.0041 0.0044 0.0074 0.0042 0.0073 0.0067 0.0078 0.0104 
 H194.8_2004  1 0.0069 0.0129 0.0323 0.0786 0.5597 0.0135 0.0122 0.0089 0.0820 0.0083 0.0128 0.0114 0.0427 0.0086 0.0122 0.0077 0.0275 0.0202 0.0087 0.0073 0.0072 0.0101 0.0082 
      H194.9  1 0.0044 0.0222 0.0098 0.0094 0.7809 0.0318 0.0072 0.0151 0.0080 0.0068 0.0086 0.0073 0.0079 0.0049 0.0187 0.0060 0.0065 0.0075 0.0078 0.0087 0.0060 0.0074 0.0073 
 H195.1_2003  1 0.0065 0.0059 0.0060 0.0126 0.8432 0.0048 0.0090 0.0057 0.0070 0.0103 0.0062 0.0081 0.0072 0.0083 0.0042 0.0052 0.0064 0.0064 0.0032 0.0066 0.0164 0.0049 0.0057 
 H195.1_2004  1 0.0028 0.0053 0.0054 0.0043 0.7992 0.0049 0.0297 0.0048 0.0052 0.0063 0.0034 0.0069 0.0180 0.0070 0.0048 0.0067 0.0169 0.0062 0.0111 0.0112 0.0068 0.0278 0.0053 
 H195.2_2003  1 0.0065 0.0148 0.0044 0.0060 0.8305 0.0096 0.0049 0.0042 0.0052 0.0089 0.0195 0.0063 0.0041 0.0050 0.0116 0.0062 0.0082 0.0061 0.0042 0.0131 0.0115 0.0052 0.0042 
 H195.2_2004  1 0.0029 0.0048 0.0036 0.0044 0.9014 0.0052 0.0057 0.0046 0.0040 0.0054 0.0046 0.0038 0.0048 0.0040 0.0031 0.0029 0.0036 0.0048 0.0073 0.0043 0.0053 0.0059 0.0033 
 H195.3_2003  1 0.0065 0.0259 0.0074 0.0122 0.7021 0.0097 0.0056 0.0088 0.0139 0.0074 0.0265 0.0173 0.0045 0.0075 0.0416 0.0106 0.0090 0.0054 0.0064 0.0140 0.0437 0.0080 0.0057 
 H195.3_2004  1 0.0033 0.0079 0.0040 0.0033 0.8852 0.0038 0.0075 0.0037 0.0039 0.0032 0.0045 0.0062 0.0126 0.0036 0.0033 0.0042 0.0077 0.0046 0.0059 0.0052 0.0061 0.0066 0.0037 
 H195.4_2003  1 0.0043 0.0068 0.0058 0.0048 0.8868 0.0039 0.0104 0.0037 0.0045 0.0058 0.0044 0.0044 0.0072 0.0058 0.0032 0.0042 0.0058 0.0045 0.0030 0.0050 0.0078 0.0040 0.0040 
 H195.4_2004  1 0.0028 0.0089 0.0056 0.0069 0.8810 0.0055 0.0047 0.0050 0.0037 0.0034 0.0048 0.0043 0.0048 0.0036 0.0034 0.0049 0.0048 0.0050 0.0043 0.0082 0.0034 0.0168 0.0042 
 H195.5_2003  1 0.0042 0.0077 0.0073 0.0103 0.6417 0.0055 0.0251 0.0055 0.0164 0.0133 0.0071 0.0105 0.0095 0.0122 0.0057 0.0052 0.0167 0.0095 0.0035 0.0081 0.1468 0.0211 0.0071 
 H195.5_2004  1 0.0035 0.0081 0.0050 0.0039 0.8587 0.0042 0.0068 0.0064 0.0050 0.0034 0.0039 0.0060 0.0075 0.0040 0.0055 0.0052 0.0074 0.0095 0.0073 0.0084 0.0092 0.0169 0.0041 
 H195.6_2003  1 0.0042 0.0131 0.0036 0.0046 0.8461 0.0047 0.0049 0.0050 0.0046 0.0072 0.0093 0.0069 0.0049 0.0033 0.0125 0.0060 0.0081 0.0040 0.0041 0.0093 0.0230 0.0067 0.0038 
 H195.6_2004  1 0.0041 0.0072 0.0065 0.0040 0.8950 0.0038 0.0059 0.0057 0.0036 0.0038 0.0036 0.0047 0.0050 0.0067 0.0028 0.0037 0.0050 0.0058 0.0061 0.0033 0.0058 0.0050 0.0030 
 H195.7_2003  1 0.0046 0.0051 0.0063 0.0141 0.8628 0.0051 0.0056 0.0057 0.0078 0.0073 0.0090 0.0061 0.0058 0.0071 0.0030 0.0053 0.0052 0.0058 0.0028 0.0077 0.0075 0.0052 0.0052 
 H195.7_2004  1 0.0030 0.0049 0.0038 0.0037 0.8326 0.0055 0.0122 0.0049 0.0050 0.0049 0.0040 0.0049 0.0047 0.0049 0.0073 0.0051 0.0063 0.0051 0.0298 0.0121 0.0077 0.0216 0.0059 
      H195.8  1 0.0032 0.0061 0.0037 0.0046 0.8355 0.0047 0.0109 0.0053 0.0048 0.0046 0.0037 0.0043 0.0036 0.0051 0.0057 0.0067 0.0057 0.0062 0.0055 0.0088 0.0064 0.0490 0.0056 
      H195.9  1 0.0028 0.0123 0.0041 0.0042 0.8713 0.0045 0.0050 0.0097 0.0043 0.0043 0.0084 0.0067 0.0108 0.0040 0.0037 0.0038 0.0068 0.0061 0.0035 0.0075 0.0048 0.0061 0.0052 
      H415.1  1 0.4250 0.0051 0.0096 0.0179 0.0434 0.0200 0.0158 0.0206 0.0254 0.0233 0.0057 0.0161 0.0860 0.0074 0.1376 0.0085 0.0365 0.0060 0.0576 0.0071 0.0086 0.0070 0.0097 
      H415.2  1 0.1472 0.0064 0.0688 0.0126 0.0310 0.0062 0.0062 0.0135 0.0134 0.0125 0.0145 0.1694 0.0299 0.0072 0.0359 0.0267 0.2955 0.0111 0.0180 0.0516 0.0094 0.0038 0.0092 
      H415.3  1 0.6530 0.0029 0.0072 0.0074 0.0137 0.0053 0.0161 0.0053 0.0139 0.0373 0.0154 0.0416 0.0798 0.0095 0.0086 0.0064 0.0183 0.0160 0.0067 0.0102 0.0080 0.0030 0.0144 
      H415.4  1 0.6809 0.0051 0.0117 0.0079 0.0166 0.0220 0.0376 0.0111 0.0116 0.0130 0.0068 0.0056 0.0176 0.0063 0.0580 0.0065 0.0283 0.0044 0.0165 0.0036 0.0076 0.0095 0.0118 
      H415.5  1 0.6185 0.0033 0.0113 0.0178 0.0122 0.0053 0.0365 0.0045 0.0112 0.0258 0.0107 0.0528 0.0883 0.0117 0.0067 0.0057 0.0221 0.0138 0.0108 0.0088 0.0073 0.0038 0.0108 
      H415.6  1 0.6749 0.0048 0.0110 0.0064 0.0190 0.0176 0.0360 0.0131 0.0124 0.0097 0.0083 0.0061 0.0233 0.0058 0.0599 0.0061 0.0346 0.0037 0.0161 0.0049 0.0071 0.0091 0.0102 
      H415.7  1 0.3478 0.0052 0.0146 0.0142 0.0484 0.0092 0.0099 0.0071 0.0079 0.0168 0.1017 0.0430 0.0509 0.0103 0.0140 0.0109 0.1408 0.0252 0.0174 0.0802 0.0085 0.0041 0.0115 
      H506.1  1 0.0071 0.0027 0.0077 0.0046 0.0041 0.0045 0.0035 0.0061 0.0040 0.0036 0.0072 0.0047 0.0064 0.0071 0.0025 0.0037 0.0031 0.8925 0.0048 0.0053 0.0059 0.0045 0.0045 
      H506.2  1 0.0077 0.0037 0.0096 0.0052 0.0090 0.0059 0.0045 0.0053 0.0029 0.0046 0.0104 0.0053 0.0131 0.0135 0.0026 0.0061 0.0045 0.8593 0.0062 0.0064 0.0047 0.0042 0.0053 
      H506.3  1 0.0122 0.0042 0.0118 0.0114 0.0063 0.0060 0.0044 0.0143 0.0050 0.0069 0.0099 0.0217 0.0089 0.0056 0.0045 0.0047 0.0082 0.6951 0.0412 0.0729 0.0129 0.0209 0.0108 
      H506.4  1 0.0103 0.0043 0.0080 0.0069 0.0040 0.0044 0.0036 0.0104 0.0040 0.0058 0.0091 0.0063 0.0066 0.0059 0.0050 0.0050 0.0040 0.8650 0.0067 0.0056 0.0083 0.0049 0.0057 
      H506.5  1 0.0113 0.0047 0.0053 0.0052 0.0047 0.0039 0.0029 0.0049 0.0037 0.0039 0.0106 0.0039 0.0104 0.0064 0.0029 0.0055 0.0056 0.8744 0.0059 0.0083 0.0075 0.0039 0.0043 
      H506.6  1 0.0103 0.0100 0.0107 0.0216 0.0136 0.0075 0.0048 0.0085 0.0040 0.0123 0.0336 0.0207 0.0077 0.0204 0.0046 0.0380 0.0114 0.5017 0.0390 0.1716 0.0110 0.0115 0.0254 
      H506.7  1 0.0076 0.0041 0.0083 0.0062 0.0059 0.0043 0.0044 0.0061 0.0035 0.0042 0.0082 0.0054 0.0103 0.0056 0.0023 0.0041 0.0043 0.8757 0.0055 0.0070 0.0083 0.0047 0.0041 
      H533.1  1 0.0058 0.0028 0.0045 0.0038 0.0038 0.0041 0.0053 0.0044 0.0045 0.0086 0.0043 0.0065 0.0110 0.0389 0.0030 0.0044 0.0041 0.8462 0.0101 0.0074 0.0053 0.0054 0.0060 
      H533.2  1 0.0093 0.0032 0.0048 0.0039 0.0039 0.0049 0.0044 0.0046 0.0042 0.0085 0.0043 0.0062 0.0254 0.0404 0.0032 0.0051 0.0039 0.8245 0.0128 0.0061 0.0050 0.0047 0.0068 
      H533.3  1 0.0091 0.0074 0.0041 0.0057 0.0040 0.0059 0.0037 0.0091 0.0076 0.0089 0.0095 0.0123 0.0134 0.0159 0.0040 0.0120 0.0049 0.8107 0.0061 0.0100 0.0034 0.0051 0.0272 
      H533.4  1 0.0097 0.0065 0.0047 0.0045 0.0126 0.0058 0.0063 0.0076 0.0110 0.0214 0.0070 0.0195 0.0229 0.0084 0.0048 0.0173 0.0059 0.7774 0.0138 0.0074 0.0042 0.0072 0.0143 
      H535.1  1 0.0067 0.0094 0.0141 0.0058 0.0070 0.0048 0.0060 0.0055 0.0054 0.0077 0.0086 0.0074 0.0047 0.0049 0.0111 0.0089 0.0104 0.8510 0.0049 0.0038 0.0054 0.0029 0.0040 
      H535.2  1 0.0032 0.0065 0.0042 0.0061 0.0068 0.0055 0.0053 0.0048 0.0052 0.0034 0.0053 0.0036 0.0050 0.0042 0.0037 0.0034 0.0050 0.8930 0.0027 0.0039 0.0062 0.0065 0.0065 
      H535.3  1 0.0030 0.0063 0.0050 0.0039 0.0078 0.0059 0.0047 0.0046 0.0059 0.0025 0.0046 0.0033 0.0037 0.0053 0.0042 0.0073 0.0045 0.8827 0.0044 0.0038 0.0108 0.0107 0.0052 
      H535.4  1 0.0053 0.0034 0.0040 0.0028 0.0080 0.0035 0.0063 0.0038 0.0054 0.0042 0.0037 0.0034 0.0078 0.0028 0.0037 0.0034 0.0048 0.9030 0.0024 0.0031 0.0052 0.0049 0.0050 
      H535.5  1 0.0047 0.0049 0.0068 0.0048 0.0045 0.0035 0.0031 0.0040 0.0043 0.0058 0.0039 0.0061 0.0066 0.0027 0.0042 0.0034 0.0042 0.9044 0.0033 0.0036 0.0040 0.0030 0.0041 
      H535.6  1 0.0056 0.0136 0.0304 0.0190 0.0174 0.0040 0.0107 0.0070 0.0158 0.0045 0.0129 0.0079 0.0035 0.0067 0.0200 0.0094 0.0190 0.7669 0.0043 0.0049 0.0042 0.0063 0.0059 
      H535.7  1 0.0043 0.0041 0.0061 0.0042 0.0036 0.0034 0.0023 0.0039 0.0025 0.0037 0.0036 0.0045 0.0057 0.0026 0.0035 0.0040 0.0034 0.9150 0.0039 0.0039 0.0051 0.0030 0.0037 
      H535.8  1 0.0052 0.0043 0.0074 0.0111 0.0076 0.0038 0.0035 0.0054 0.0059 0.0040 0.0070 0.0046 0.0048 0.0045 0.0061 0.0050 0.0049 0.8819 0.0040 0.0032 0.0056 0.0057 0.0045 
      H535.9  1 0.0043 0.0092 0.0053 0.0035 0.0054 0.0035 0.0058 0.0042 0.0054 0.0041 0.0062 0.0040 0.0049 0.0045 0.0099 0.0071 0.0071 0.8797 0.0051 0.0047 0.0087 0.0037 0.0035 
      H539.1  1 0.0038 0.0083 0.0039 0.0032 0.0036 0.0042 0.0031 0.0037 0.0036 0.0039 0.0045 0.0039 0.0032 0.0038 0.9086 0.0088 0.0056 0.0030 0.0045 0.0035 0.0032 0.0027 0.0033 
      H539.2  1 0.0088 0.0147 0.0047 0.0173 0.0068 0.0093 0.0062 0.0224 0.0199 0.0409 0.0082 0.0619 0.0066 0.0060 0.6317 0.0055 0.0082 0.0179 0.0084 0.0478 0.0074 0.0236 0.0156 
      H539.3  1 0.0036 0.0252 0.0096 0.0112 0.0154 0.0047 0.0043 0.0241 0.0103 0.0052 0.0041 0.0076 0.0037 0.0045 0.8099 0.0050 0.0083 0.0085 0.0066 0.0079 0.0070 0.0084 0.0047 
      H539.4  1 0.0053 0.0050 0.0038 0.0057 0.0036 0.0058 0.0037 0.0056 0.0042 0.0122 0.0060 0.0103 0.0050 0.0074 0.8475 0.0084 0.0068 0.0041 0.0118 0.0170 0.0082 0.0043 0.0084 
      H539.5  1 0.0034 0.0068 0.0039 0.0037 0.0031 0.0053 0.0036 0.0056 0.0052 0.0042 0.0046 0.0039 0.0029 0.0031 0.9103 0.0057 0.0046 0.0034 0.0045 0.0031 0.0026 0.0031 0.0032 
      H539.6  1 0.0046 0.0053 0.0036 0.0038 0.0043 0.0057 0.0047 0.0061 0.0066 0.0088 0.0048 0.0036 0.0033 0.0044 0.8973 0.0052 0.0054 0.0039 0.0044 0.0031 0.0033 0.0044 0.0037 
      H539.7  1 0.0033 0.0042 0.0041 0.0045 0.0040 0.0038 0.0050 0.0043 0.0064 0.0046 0.0040 0.0033 0.0035 0.0036 0.9083 0.0067 0.0043 0.0027 0.0027 0.0061 0.0039 0.0031 0.0034 
      H539.8  1 0.0047 0.0083 0.0128 0.0131 0.0087 0.0035 0.0055 0.0175 0.0130 0.0055 0.0053 0.0083 0.0055 0.0045 0.8011 0.0044 0.0051 0.0140 0.0117 0.0128 0.0138 0.0127 0.0085 
      H539.9  1 0.0044 0.0063 0.0036 0.0041 0.0037 0.0071 0.0027 0.0077 0.0033 0.0057 0.0052 0.0069 0.0034 0.0056 0.8820 0.0072 0.0062 0.0029 0.0068 0.0091 0.0061 0.0040 0.0060 
      H540.1  1 0.0046 0.0094 0.0050 0.0072 0.0101 0.0049 0.0057 0.0082 0.0070 0.0071 0.0215 0.0160 0.0050 0.0119 0.8062 0.0084 0.0101 0.0077 0.0082 0.0086 0.0046 0.0051 0.0175 
      H540.2  1 0.0055 0.0049 0.0068 0.0043 0.0044 0.0037 0.0045 0.0059 0.0070 0.0045 0.0067 0.0079 0.0045 0.0069 0.8864 0.0089 0.0054 0.0035 0.0035 0.0028 0.0036 0.0024 0.0061 
      H540.3  1 0.0153 0.0055 0.0703 0.0203 0.0136 0.0049 0.0180 0.0057 0.0251 0.0059 0.0209 0.0168 0.0148 0.0149 0.4035 0.0563 0.0224 0.0047 0.1796 0.0376 0.0057 0.0091 0.0290 
      H540.4  1 0.0042 0.0061 0.0061 0.0078 0.0048 0.0031 0.0079 0.0053 0.0095 0.0066 0.0100 0.0056 0.0037 0.0103 0.8626 0.0056 0.0052 0.0080 0.0031 0.0078 0.0043 0.0036 0.0089 
      H540.5  1 0.0061 0.0054 0.0094 0.0101 0.0045 0.0080 0.0059 0.0051 0.0053 0.0051 0.0107 0.0128 0.0065 0.0110 0.8236 0.0086 0.0131 0.0048 0.0159 0.0104 0.0038 0.0070 0.0070 
      H540.6  1 0.0069 0.0181 0.0102 0.0118 0.0069 0.0091 0.0112 0.0082 0.0092 0.0065 0.0204 0.0174 0.0073 0.0209 0.7408 0.0106 0.0138 0.0089 0.0119 0.0127 0.0051 0.0186 0.0137 
      H540.7  1 0.0069 0.0046 0.0050 0.0042 0.0069 0.0080 0.0060 0.0061 0.0050 0.0074 0.0113 0.0124 0.0084 0.0070 0.8517 0.0081 0.0073 0.0062 0.0036 0.0043 0.0052 0.0051 0.0095 
      H540.8  1 0.0048 0.0062 0.0087 0.0056 0.0068 0.0036 0.0045 0.0054 0.0194 0.0090 0.0083 0.0192 0.0083 0.0074 0.8319 0.0065 0.0100 0.0048 0.0039 0.0062 0.0043 0.0028 0.0127 
     H9558.1  1 0.0058 0.0085 0.0055 0.0057 0.0048 0.0051 0.0038 0.0036 0.0094 0.0088 0.0038 0.0076 0.0030 0.0093 0.8554 0.0126 0.0089 0.0086 0.0084 0.0064 0.0071 0.0042 0.0038 
     H9558.2  1 0.0076 0.0088 0.0068 0.0097 0.0081 0.0189 0.0034 0.0060 0.0073 0.0071 0.0109 0.0087 0.0036 0.0228 0.7722 0.0272 0.0094 0.0161 0.0110 0.0090 0.0140 0.0072 0.0045 
     H9558.3  1 0.0114 0.0116 0.0088 0.0047 0.0047 0.0101 0.0046 0.0090 0.0143 0.0057 0.0093 0.0052 0.0036 0.0089 0.8322 0.0080 0.0053 0.0078 0.0065 0.0039 0.0130 0.0060 0.0055 
     H9558.4  1 0.0075 0.0067 0.0038 0.0058 0.0043 0.0055 0.0034 0.0033 0.0047 0.0115 0.0061 0.0163 0.0030 0.0115 0.8474 0.0136 0.0067 0.0090 0.0102 0.0070 0.0056 0.0041 0.0032 
     H9558.5  1 0.0065 0.0035 0.0059 0.0062 0.0024 0.0035 0.0033 0.0049 0.0042 0.0050 0.0051 0.0082 0.0046 0.0048 0.8634 0.0096 0.0042 0.0054 0.0128 0.0132 0.0103 0.0050 0.0082 
     H9558.6  1 0.0065 0.0056 0.0140 0.0054 0.0053 0.0418 0.0049 0.0279 0.0177 0.0056 0.0074 0.0059 0.0051 0.0092 0.7316 0.0098 0.0253 0.0051 0.0097 0.0045 0.0082 0.0037 0.0397 
    kos339.1  1 0.0074 0.0040 0.0045 0.0045 0.0035 0.0121 0.0043 0.0085 0.0046 0.0055 0.0119 0.0084 0.8628 0.0080 0.0046 0.0070 0.0065 0.0091 0.0041 0.0055 0.0045 0.0038 0.0048 
    kos339.2  1 0.0075 0.0033 0.0062 0.0046 0.0048 0.0101 0.0057 0.0136 0.0039 0.0050 0.0049 0.0037 0.8711 0.0080 0.0038 0.0034 0.0046 0.0072 0.0080 0.0038 0.0049 0.0056 0.0064 
    kos339.3  1 0.0064 0.0039 0.0036 0.0030 0.0056 0.0040 0.0031 0.0042 0.0048 0.0054 0.0050 0.0041 0.9080 0.0027 0.0046 0.0033 0.0037 0.0061 0.0032 0.0035 0.0036 0.0030 0.0053 
    kos339.4  1 0.0079 0.0032 0.0043 0.0043 0.0053 0.0043 0.0044 0.0040 0.0043 0.0076 0.0039 0.0039 0.9015 0.0032 0.0043 0.0034 0.0041 0.0062 0.0043 0.0035 0.0041 0.0038 0.0042 
    kos339.5  1 0.0044 0.0034 0.0056 0.0055 0.0029 0.0065 0.0049 0.0045 0.0051 0.0047 0.0154 0.0096 0.8827 0.0043 0.0041 0.0049 0.0039 0.0063 0.0026 0.0045 0.0044 0.0045 0.0053 
    kos339.6  1 0.0056 0.0038 0.0046 0.0041 0.0053 0.0042 0.0056 0.0051 0.0037 0.0038 0.0050 0.0037 0.9039 0.0032 0.0030 0.0051 0.0034 0.0040 0.0047 0.0042 0.0036 0.0043 0.0061 
    kos339.7  1 0.0069 0.0035 0.0041 0.0033 0.0049 0.0071 0.0027 0.0054 0.0049 0.0059 0.0035 0.0043 0.8964 0.0045 0.0034 0.0041 0.0044 0.0125 0.0035 0.0039 0.0029 0.0029 0.0048 
    kos339.8  1 0.0121 0.0026 0.0046 0.0057 0.0044 0.0048 0.0040 0.0057 0.0038 0.0057 0.0054 0.0045 0.8843 0.0036 0.0029 0.0036 0.0046 0.0083 0.0055 0.0043 0.0051 0.0053 0.0093 
    kos339.9  1 0.0056 0.0060 0.0060 0.0043 0.0077 0.0072 0.0068 0.0111 0.0068 0.0092 0.0080 0.0121 0.8421 0.0098 0.0117 0.0048 0.0094 0.0084 0.0044 0.0032 0.0063 0.0039 0.0054 
      H008.1  2 0.0051 0.0062 0.0055 0.0058 0.0048 0.0640 0.0064 0.7799 0.0088 0.0095 0.0050 0.0086 0.0057 0.0058 0.0197 0.0123 0.0063 0.0063 0.0033 0.0080 0.0096 0.0076 0.0058 
      H008.2  2 0.0060 0.0105 0.0063 0.0086 0.0051 0.0097 0.0043 0.6263 0.0091 0.0080 0.0068 0.0375 0.0098 0.0581 0.0460 0.0147 0.0084 0.0128 0.0119 0.0195 0.0310 0.0293 0.0206 
      H008.3  2 0.0062 0.0184 0.0175 0.0076 0.0057 0.0085 0.0086 0.5592 0.0416 0.0169 0.0074 0.0392 0.0068 0.0161 0.0190 0.0130 0.0100 0.0951 0.0132 0.0088 0.0355 0.0361 0.0097 
      H008.4  2 0.0101 0.0068 0.0081 0.0075 0.0058 0.0120 0.0052 0.8477 0.0072 0.0036 0.0044 0.0055 0.0050 0.0069 0.0118 0.0063 0.0095 0.0049 0.0075 0.0056 0.0066 0.0066 0.0054 
      H008.5  2 0.0047 0.0061 0.0057 0.0063 0.0040 0.0128 0.0035 0.8796 0.0071 0.0051 0.0038 0.0062 0.0045 0.0034 0.0046 0.0044 0.0038 0.0085 0.0042 0.0050 0.0067 0.0053 0.0047 
      H008.6  2 0.0071 0.0060 0.0071 0.0085 0.0051 0.0052 0.0029 0.8172 0.0078 0.0045 0.0058 0.0166 0.0051 0.0178 0.0141 0.0116 0.0087 0.0081 0.0110 0.0054 0.0114 0.0036 0.0093 
      H008.7  2 0.0084 0.0069 0.0106 0.0133 0.0069 0.0119 0.0116 0.7536 0.0111 0.0058 0.0052 0.0110 0.0075 0.0090 0.0174 0.0125 0.0127 0.0076 0.0191 0.0087 0.0196 0.0244 0.0053 
      H008.8  2 0.0060 0.0138 0.0095 0.0066 0.0074 0.0567 0.0075 0.2556 0.0080 0.0141 0.0143 0.0111 0.0096 0.2412 0.1995 0.0612 0.0118 0.0133 0.0070 0.0127 0.0101 0.0165 0.0065 
      H008.9  2 0.0082 0.0203 0.0214 0.0066 0.0153 0.0057 0.0062 0.4348 0.0318 0.0069 0.0092 0.0240 0.0063 0.1042 0.0267 0.0321 0.0277 0.0235 0.0550 0.0129 0.0955 0.0148 0.0107 
 H029.1_2002  2 0.0524 0.0053 0.0099 0.0329 0.0068 0.5043 0.0060 0.1779 0.0365 0.0044 0.0141 0.0075 0.0063 0.0180 0.0219 0.0201 0.0114 0.0041 0.0196 0.0154 0.0068 0.0103 0.0080 
 H029.1_2003  2 0.0118 0.0082 0.1163 0.2667 0.0096 0.0303 0.0050 0.3389 0.0156 0.0058 0.0107 0.0191 0.0048 0.0409 0.0085 0.0138 0.0112 0.0290 0.0089 0.0198 0.0086 0.0048 0.0117 
 H029.2_2002  2 0.0075 0.0114 0.0646 0.0830 0.0337 0.4856 0.0044 0.0343 0.0068 0.0065 0.0281 0.0196 0.0359 0.0072 0.0081 0.0052 0.0153 0.0522 0.0354 0.0125 0.0103 0.0264 0.0060 
 H029.2_2003  2 0.0047 0.0123 0.0493 0.2430 0.0116 0.0537 0.0045 0.2705 0.0070 0.0067 0.0200 0.0354 0.0206 0.0103 0.0081 0.0059 0.0396 0.0979 0.0265 0.0425 0.0095 0.0056 0.0150 
 H029.3_2002  2 0.0060 0.0097 0.0507 0.0713 0.0268 0.1969 0.0037 0.0366 0.0054 0.0110 0.0101 0.0117 0.0259 0.0322 0.0069 0.0067 0.0087 0.2389 0.1542 0.0538 0.0064 0.0133 0.0131 
 H029.3_2003  2 0.0043 0.0057 0.0212 0.2128 0.0080 0.1117 0.0041 0.4840 0.0085 0.0052 0.0090 0.0131 0.0069 0.0124 0.0052 0.0035 0.0046 0.0211 0.0062 0.0178 0.0164 0.0052 0.0131 
 H029.4_2002  2 0.0127 0.0039 0.0110 0.0233 0.0113 0.5958 0.0049 0.1800 0.0096 0.0089 0.0058 0.0055 0.0058 0.0117 0.0041 0.0053 0.0042 0.0093 0.0203 0.0358 0.0069 0.0164 0.0076 
 H029.4_2003  2 0.0102 0.0080 0.0115 0.0999 0.0055 0.0959 0.0032 0.2970 0.0840 0.0208 0.0096 0.0116 0.0065 0.0189 0.0172 0.0113 0.0074 0.0098 0.0147 0.2236 0.0143 0.0071 0.0120 
 H029.5_2002  2 0.0144 0.0042 0.0225 0.0480 0.0094 0.5496 0.0054 0.2214 0.0205 0.0047 0.0112 0.0076 0.0054 0.0070 0.0074 0.0065 0.0054 0.0043 0.0083 0.0101 0.0089 0.0126 0.0053 
 H029.5_2003  2 0.0087 0.0045 0.0422 0.1701 0.0065 0.1624 0.0028 0.4270 0.0136 0.0127 0.0050 0.0228 0.0051 0.0183 0.0061 0.0093 0.0053 0.0139 0.0067 0.0325 0.0124 0.0059 0.0063 
 H029.6_2002  2 0.0078 0.0065 0.0128 0.3763 0.0204 0.3665 0.0060 0.0433 0.0049 0.0080 0.0054 0.0073 0.0054 0.0275 0.0036 0.0048 0.0043 0.0091 0.0360 0.0204 0.0031 0.0135 0.0070 
 H029.6_2003  2 0.0048 0.0085 0.0521 0.0291 0.0197 0.1051 0.0085 0.4328 0.0167 0.0139 0.0262 0.0349 0.0525 0.0154 0.0142 0.0098 0.0171 0.0362 0.0073 0.0490 0.0206 0.0082 0.0174 
      H029.7  2 0.0051 0.0147 0.0165 0.0223 0.0469 0.6243 0.0035 0.0564 0.0089 0.0050 0.0115 0.0104 0.0226 0.0051 0.0074 0.0051 0.0122 0.0140 0.0404 0.0292 0.0073 0.0276 0.0036 
      H030.1  2 0.0065 0.0100 0.0069 0.1478 0.0129 0.0297 0.0451 0.0397 0.0151 0.0119 0.0879 0.0347 0.0119 0.0113 0.0058 0.0086 0.0128 0.0113 0.0047 0.0096 0.0860 0.0133 0.3764 
      H030.2  2 0.1789 0.0048 0.0045 0.0131 0.0083 0.0514 0.0368 0.0398 0.0536 0.0257 0.0088 0.0050 0.0066 0.0066 0.0181 0.0078 0.0099 0.0125 0.0612 0.0056 0.0224 0.1331 0.2856 
      H038.1  2 0.0048 0.0057 0.0063 0.0060 0.0058 0.8724 0.0036 0.0087 0.0035 0.0056 0.0054 0.0054 0.0051 0.0070 0.0071 0.0090 0.0054 0.0039 0.0109 0.0056 0.0032 0.0036 0.0059 
      H038.2  2 0.0086 0.0027 0.0061 0.0055 0.0039 0.8651 0.0099 0.0055 0.0074 0.0062 0.0083 0.0050 0.0093 0.0059 0.0040 0.0031 0.0099 0.0064 0.0050 0.0042 0.0069 0.0050 0.0059 
      H038.3  2 0.0210 0.0045 0.0043 0.0040 0.0063 0.7993 0.0104 0.0070 0.0046 0.0072 0.0272 0.0046 0.0091 0.0051 0.0079 0.0071 0.0101 0.0080 0.0232 0.0047 0.0092 0.0058 0.0095 
      H038.4  2 0.0122 0.0032 0.0067 0.0041 0.0085 0.8270 0.0171 0.0090 0.0038 0.0066 0.0177 0.0034 0.0078 0.0071 0.0060 0.0057 0.0092 0.0064 0.0137 0.0052 0.0077 0.0061 0.0059 
      H038.5  2 0.0056 0.0027 0.0076 0.0110 0.0068 0.8058 0.0058 0.0097 0.0081 0.0138 0.0068 0.0070 0.0123 0.0151 0.0078 0.0052 0.0048 0.0053 0.0185 0.0175 0.0063 0.0077 0.0088 
      H038.6  2 0.0070 0.0042 0.0060 0.0093 0.0044 0.8558 0.0032 0.0056 0.0051 0.0086 0.0060 0.0082 0.0062 0.0053 0.0103 0.0043 0.0050 0.0077 0.0115 0.0087 0.0061 0.0033 0.0081 
      H038.7  2 0.0154 0.0029 0.0045 0.0055 0.0035 0.8430 0.0046 0.0058 0.0036 0.0060 0.0287 0.0045 0.0060 0.0041 0.0094 0.0050 0.0055 0.0119 0.0068 0.0086 0.0057 0.0031 0.0058 
      H038.8  2 0.0112 0.0037 0.0049 0.0037 0.0061 0.8276 0.0146 0.0064 0.0043 0.0064 0.0140 0.0036 0.0067 0.0050 0.0075 0.0043 0.0103 0.0054 0.0324 0.0040 0.0054 0.0061 0.0067 
      H041.1  2 0.0072 0.0066 0.0057 0.0485 0.0161 0.0245 0.0127 0.6060 0.0300 0.0055 0.0113 0.0105 0.0292 0.0030 0.0060 0.0079 0.0055 0.0079 0.0138 0.0112 0.0273 0.0971 0.0067 
      H041.2  2 0.0219 0.0043 0.0184 0.0485 0.0143 0.0174 0.0056 0.7532 0.0145 0.0038 0.0101 0.0049 0.0056 0.0078 0.0044 0.0114 0.0085 0.0044 0.0083 0.0058 0.0169 0.0037 0.0061 
      H041.4  2 0.0111 0.0156 0.0229 0.1905 0.0324 0.0917 0.0088 0.4191 0.0288 0.0068 0.0078 0.0071 0.0118 0.0133 0.0140 0.0154 0.0198 0.0061 0.0217 0.0137 0.0198 0.0137 0.0081 
      H041.6  2 0.0169 0.0244 0.0173 0.1401 0.0172 0.1143 0.0117 0.3853 0.0569 0.0059 0.0136 0.0067 0.0129 0.0193 0.0252 0.0336 0.0302 0.0067 0.0105 0.0066 0.0174 0.0198 0.0075 
 H042.1_2002  2 0.0204 0.0088 0.0082 0.5629 0.0257 0.0067 0.0410 0.0191 0.0739 0.0346 0.0095 0.0138 0.0093 0.0041 0.0710 0.0182 0.0309 0.0044 0.0112 0.0049 0.0066 0.0078 0.0071 
