      H105.1  1 0.0455 0.4429 0.0703 0.0201 0.3006 0.1205 
      H105.2  1 0.0978 0.1377 0.1798 0.0530 0.4983 0.0335 
      H105.3  1 0.0345 0.4701 0.0462 0.0212 0.3008 0.1272 
      H105.4  1 0.3581 0.2445 0.0566 0.0219 0.2834 0.0355 
      H105.5  1 0.1944 0.5173 0.0279 0.0175 0.2246 0.0184 
      H105.6  1 0.2134 0.4520 0.0271 0.0115 0.2364 0.0595 
      H105.7  1 0.0899 0.1721 0.0305 0.0111 0.2361 0.4604 
      H105.8  1 0.1153 0.2277 0.2487 0.0355 0.2072 0.1656 
      H115.1  1 0.5963 0.0974 0.0668 0.0188 0.1381 0.0825 
      H115.2  1 0.7928 0.0408 0.0834 0.0178 0.0490 0.0162 
      H115.3  1 0.9343 0.0172 0.0121 0.0118 0.0161 0.0085 
      H115.4  1 0.2025 0.0771 0.5705 0.0199 0.1106 0.0195 
      H115.5  1 0.7478 0.0251 0.0189 0.1397 0.0418 0.0266 
      H115.6  1 0.7823 0.0582 0.0248 0.0296 0.0620 0.0432 
      H115.7  1 0.3257 0.1145 0.0520 0.0165 0.4754 0.0159 
      H115.8  1 0.7720 0.0220 0.0199 0.1109 0.0216 0.0536 
      H115.9  1 0.9096 0.0159 0.0134 0.0085 0.0169 0.0357 
      H145.1  1 0.0550 0.2734 0.0274 0.5881 0.0384 0.0177 
      H145.2  1 0.2032 0.1639 0.0334 0.5131 0.0756 0.0109 
      H145.3  1 0.0139 0.0147 0.0089 0.9391 0.0123 0.0112 
      H145.4  1 0.0296 0.0961 0.0232 0.7661 0.0696 0.0154 
      H145.5  1 0.0099 0.0192 0.0095 0.9430 0.0115 0.0069 
      H145.6  1 0.0889 0.0263 0.0131 0.8011 0.0615 0.0091 
      H145.7  1 0.0223 0.0333 0.0164 0.8888 0.0297 0.0096 
      H149.1  1 0.0089 0.9443 0.0104 0.0177 0.0100 0.0086 
      H149.2  1 0.0089 0.9538 0.0089 0.0096 0.0118 0.0070 
      H149.3  1 0.0152 0.8793 0.0216 0.0299 0.0386 0.0155 
      H149.4  1 0.0144 0.8430 0.0603 0.0290 0.0328 0.0205 
      H149.5  1 0.0156 0.7434 0.1128 0.0314 0.0780 0.0188 
      H149.6  1 0.0072 0.9253 0.0165 0.0138 0.0258 0.0114 
      H149.7  1 0.0165 0.4537 0.3360 0.0384 0.0693 0.0861 
      H150.1  1 0.9355 0.0082 0.0116 0.0141 0.0192 0.0114 
      H150.2  1 0.7510 0.0481 0.1038 0.0398 0.0411 0.0162 
      H150.3  1 0.7356 0.0295 0.0413 0.0268 0.1130 0.0537 
      H150.4  1 0.9258 0.0084 0.0089 0.0173 0.0169 0.0227 
      H150.5  1 0.7431 0.0286 0.1044 0.0145 0.0892 0.0203 
      H150.6  1 0.3572 0.0547 0.2903 0.0481 0.2412 0.0085 
      H150.7  1 0.9506 0.0100 0.0091 0.0099 0.0092 0.0113 
   H169607.1  1 0.1898 0.0684 0.4551 0.1415 0.0602 0.0850 
   H169607.2  1 0.6947 0.0761 0.1533 0.0082 0.0194 0.0483 
   H169607.3  1 0.3980 0.0392 0.2132 0.0754 0.1409 0.1333 
   H169607.4  1 0.7275 0.1624 0.0643 0.0156 0.0156 0.0147 
   H169607.5  1 0.7183 0.0936 0.0873 0.0193 0.0455 0.0360 
   H169607.6  1 0.6809 0.0664 0.1869 0.0107 0.0159 0.0392 
   H169607.7  1 0.1171 0.0179 0.7757 0.0144 0.0184 0.0565 
   H169607.8  1 0.7773 0.0797 0.0838 0.0082 0.0124 0.0385 
   H169633.1  1 0.0468 0.4288 0.0289 0.4179 0.0586 0.0190 
   H169633.2  1 0.0132 0.6855 0.0877 0.1049 0.0430 0.0656 
   H169633.3  1 0.0108 0.8295 0.0467 0.0266 0.0453 0.0412 
   H169633.4  1 0.0320 0.5783 0.0172 0.3360 0.0260 0.0106 
   H169633.5  1 0.0197 0.6273 0.0168 0.2847 0.0389 0.0127 
   H169688.1  1 0.0519 0.0413 0.6178 0.1607 0.0185 0.1098 
   H169688.2  1 0.0274 0.0126 0.7169 0.0493 0.0128 0.1810 
   H169688.3  1 0.0237 0.0131 0.8988 0.0323 0.0171 0.0150 
   H169688.4  1 0.4976 0.0114 0.4047 0.0491 0.0129 0.0244 
   H169688.5  1 0.4681 0.0140 0.4174 0.0599 0.0125 0.0280 
   H169688.6  1 0.0225 0.0131 0.7970 0.1361 0.0087 0.0227 
   H169688.7  1 0.0323 0.0212 0.8093 0.0963 0.0185 0.0223 
   H171901.1  1 0.1879 0.0339 0.0412 0.0934 0.6283 0.0153 
   H171901.2  1 0.0508 0.8746 0.0184 0.0215 0.0198 0.0148 
   H171901.3  1 0.0569 0.7790 0.0691 0.0241 0.0370 0.0340 
   H171901.4  1 0.0296 0.9052 0.0262 0.0130 0.0113 0.0147 
   H171901.5  1 0.0178 0.9043 0.0402 0.0111 0.0149 0.0118 
   H171901.6  1 0.0283 0.8773 0.0599 0.0097 0.0126 0.0122 
   H171901.7  1 0.0241 0.5898 0.3179 0.0189 0.0207 0.0287 
   H171902.1  1 0.1392 0.3770 0.2168 0.2207 0.0117 0.0346 
  H171902.10  1 0.0257 0.4626 0.4577 0.0352 0.0099 0.0088 
   H171902.2  1 0.0779 0.1998 0.2942 0.2030 0.0208 0.2043 
   H171902.3  1 0.0529 0.3285 0.5728 0.0151 0.0127 0.0181 
   H171902.4  1 0.0689 0.7932 0.0269 0.0839 0.0119 0.0152 
   H171902.6  1 0.0375 0.6052 0.3024 0.0317 0.0121 0.0109 
   H171902.7  1 0.0637 0.7126 0.1273 0.0661 0.0162 0.0140 
   H171902.8  1 0.0417 0.5374 0.3544 0.0403 0.0123 0.0139 
   H171902.9  1 0.4500 0.3207 0.0756 0.0867 0.0345 0.0325 
   H171903.1  1 0.8560 0.0635 0.0298 0.0074 0.0147 0.0285 
   H171903.2  1 0.7494 0.0705 0.0603 0.0157 0.0305 0.0736 
   H171903.3  1 0.1321 0.5501 0.1208 0.0257 0.1101 0.0612 
   H171903.4  1 0.5565 0.0680 0.1111 0.0401 0.1663 0.0579 
   H171903.5  1 0.2206 0.1594 0.5073 0.0217 0.0461 0.0449 
   H171903.6  1 0.4961 0.0680 0.3807 0.0113 0.0215 0.0224 
      H177.1  1 0.0257 0.8337 0.0314 0.0162 0.0211 0.0718 
      H177.2  1 0.0589 0.4232 0.1758 0.1824 0.0235 0.1363 
      H177.3  1 0.0436 0.6839 0.1760 0.0431 0.0222 0.0312 
      H177.4  1 0.0134 0.7282 0.0745 0.0215 0.0234 0.1390 
      H177.5  1 0.0512 0.0979 0.0698 0.0136 0.0447 0.7229 
      H177.6  1 0.0371 0.8196 0.0818 0.0225 0.0170 0.0219 
      H179.1  1 0.0280 0.0472 0.8392 0.0104 0.0208 0.0544 
      H179.2  1 0.0112 0.0217 0.9200 0.0062 0.0150 0.0258 
      H179.3  1 0.0615 0.0124 0.8220 0.0106 0.0111 0.0824 
      H179.4  1 0.0111 0.1998 0.6993 0.0155 0.0146 0.0596 
      H180.1  1 0.4506 0.1757 0.1368 0.0361 0.1833 0.0175 
      H180.2  1 0.6907 0.0864 0.0595 0.0482 0.1028 0.0124 
      H180.3  1 0.8652 0.0310 0.0173 0.0124 0.0605 0.0136 
      H180.4  1 0.0948 0.1374 0.0840 0.0236 0.6337 0.0266 
      H180.5  1 0.3845 0.1830 0.1693 0.1068 0.0631 0.0934 
      H180.6  1 0.4900 0.0671 0.0379 0.1660 0.0389 0.2001 
      H181.1  1 0.0603 0.4228 0.1806 0.2759 0.0431 0.0172 
      H181.2  1 0.0337 0.5286 0.1355 0.2281 0.0394 0.0347 
      H181.3  1 0.0210 0.2540 0.2436 0.3141 0.0342 0.1331 
      H181.4  1 0.1223 0.4558 0.1857 0.0240 0.1693 0.0429 
      H181.5  1 0.0165 0.1441 0.3597 0.1612 0.0547 0.2638 
      H181.6  1 0.0403 0.4319 0.3781 0.0297 0.0684 0.0517 
      H181.7  1 0.0243 0.0855 0.7737 0.0630 0.0127 0.0407 
 H194.1_2004  1 0.5267 0.3137 0.0185 0.0313 0.0600 0.0499 
 H194.2_2004  1 0.1362 0.3151 0.0241 0.0896 0.3905 0.0445 
 H194.3_2004  1 0.0219 0.9034 0.0134 0.0207 0.0190 0.0215 
 H194.4_2004  1 0.0318 0.7208 0.0148 0.1025 0.0300 0.1002 
 H194.5_2004  1 0.0257 0.8827 0.0137 0.0094 0.0220 0.0465 
 H194.6_2004  1 0.0193 0.7569 0.0160 0.0149 0.0325 0.1605 
 H194.7_2004  1 0.3115 0.1639 0.0345 0.0890 0.1643 0.2369 
 H194.8_2004  1 0.0355 0.5588 0.0243 0.0518 0.0995 0.2301 
      H194.9  1 0.2223 0.1951 0.0179 0.0923 0.1249 0.3475 
 H195.1_2003  1 0.0587 0.7810 0.0740 0.0133 0.0429 0.0299 
 H195.1_2004  1 0.0188 0.0327 0.0263 0.8941 0.0161 0.0121 
 H195.2_2003  1 0.4572 0.1927 0.1607 0.0332 0.0100 0.1462 
 H195.2_2004  1 0.0128 0.0380 0.0157 0.8984 0.0142 0.0208 
 H195.3_2003  1 0.7323 0.1032 0.0644 0.0197 0.0271 0.0533 
 H195.3_2004  1 0.0426 0.5623 0.0142 0.3241 0.0448 0.0120 
 H195.4_2003  1 0.0702 0.7727 0.0284 0.0163 0.0995 0.0129 
 H195.4_2004  1 0.0193 0.0212 0.0226 0.8877 0.0107 0.0385 
 H195.5_2003  1 0.0906 0.6312 0.0875 0.0244 0.1398 0.0265 
 H195.5_2004  1 0.0347 0.0399 0.0156 0.8737 0.0268 0.0092 
 H195.6_2003  1 0.6805 0.1319 0.0466 0.0670 0.0427 0.0312 
 H195.6_2004  1 0.0336 0.1591 0.0310 0.7360 0.0208 0.0195 
 H195.7_2003  1 0.0256 0.0760 0.6878 0.0303 0.0315 0.1487 
 H195.7_2004  1 0.0144 0.0130 0.0112 0.9401 0.0138 0.0075 
      H195.8  1 0.0223 0.0109 0.0145 0.9226 0.0163 0.0133 
      H195.9  1 0.0721 0.2206 0.0677 0.4647 0.0364 0.1386 
      H415.1  1 0.0857 0.7066 0.0242 0.0639 0.0449 0.0746 
      H415.2  1 0.0492 0.8569 0.0448 0.0155 0.0182 0.0154 
      H415.3  1 0.0093 0.8660 0.0584 0.0070 0.0388 0.0206 
      H415.4  1 0.0386 0.8361 0.0092 0.0230 0.0457 0.0474 
      H415.5  1 0.0083 0.9367 0.0170 0.0084 0.0150 0.0147 
      H415.6  1 0.0486 0.8196 0.0127 0.0178 0.0514 0.0499 
      H415.7  1 0.0157 0.8267 0.1041 0.0132 0.0197 0.0206 
      H506.1  1 0.0128 0.4475 0.3245 0.1687 0.0151 0.0315 
      H506.2  1 0.0117 0.7485 0.1688 0.0375 0.0121 0.0213 
      H506.3  1 0.0122 0.1079 0.2952 0.4944 0.0281 0.0622 
      H506.4  1 0.0330 0.2041 0.4593 0.2340 0.0269 0.0427 
      H506.5  1 0.0155 0.7238 0.1467 0.0777 0.0138 0.0225 
      H506.6  1 0.0624 0.0656 0.4315 0.3584 0.0299 0.0522 
      H506.7  1 0.0122 0.7086 0.1412 0.0914 0.0121 0.0345 
      H533.1  1 0.0104 0.0648 0.8749 0.0314 0.0084 0.0101 
      H533.2  1 0.0105 0.1996 0.6507 0.1193 0.0106 0.0092 
      H533.3  1 0.0184 0.0545 0.8835 0.0189 0.0115 0.0131 
      H533.4  1 0.0282 0.1658 0.6531 0.1306 0.0122 0.0101 
      H535.1  1 0.0232 0.8728 0.0506 0.0059 0.0153 0.0322 
      H535.2  1 0.0120 0.5549 0.1827 0.0561 0.0191 0.1751 
      H535.3  1 0.0444 0.5212 0.1527 0.1135 0.0231 0.1451 
      H535.4  1 0.0059 0.9521 0.0106 0.0115 0.0120 0.0079 
      H535.5  1 0.0109 0.9354 0.0201 0.0098 0.0092 0.0146 
      H535.6  1 0.0640 0.6116 0.0511 0.0235 0.0274 0.2224 
      H535.7  1 0.0177 0.9037 0.0301 0.0117 0.0070 0.0298 
      H535.8  1 0.0179 0.7566 0.0456 0.0348 0.0122 0.1328 
      H535.9  1 0.0381 0.8848 0.0245 0.0193 0.0100 0.0233 
      H539.1  1 0.9661 0.0072 0.0056 0.0069 0.0062 0.0081 
      H539.2  1 0.4348 0.0726 0.3637 0.0408 0.0384 0.0497 
      H539.3  1 0.9216 0.0113 0.0109 0.0211 0.0086 0.0265 
      H539.4  1 0.9178 0.0126 0.0241 0.0208 0.0114 0.0134 
      H539.5  1 0.9565 0.0090 0.0067 0.0089 0.0071 0.0118 
      H539.6  1 0.9452 0.0097 0.0086 0.0096 0.0087 0.0182 
      H539.7  1 0.9541 0.0094 0.0108 0.0070 0.0093 0.0094 
      H539.8  1 0.8248 0.0216 0.0335 0.0648 0.0295 0.0258 
      H539.9  1 0.9552 0.0064 0.0067 0.0129 0.0069 0.0119 
      H540.1  1 0.9165 0.0161 0.0215 0.0192 0.0129 0.0137 
      H540.2  1 0.9388 0.0208 0.0111 0.0056 0.0128 0.0109 
      H540.3  1 0.5074 0.0955 0.0405 0.2370 0.1027 0.0169 
      H540.4  1 0.8498 0.0231 0.0789 0.0086 0.0287 0.0108 
      H540.5  1 0.8916 0.0329 0.0233 0.0202 0.0104 0.0216 
      H540.6  1 0.8382 0.0425 0.0296 0.0265 0.0280 0.0352 
      H540.7  1 0.8977 0.0378 0.0267 0.0082 0.0160 0.0136 
      H540.8  1 0.6699 0.2233 0.0591 0.0071 0.0288 0.0118 
     H9558.1  1 0.9611 0.0088 0.0114 0.0061 0.0063 0.0063 
     H9558.2  1 0.9399 0.0106 0.0138 0.0123 0.0063 0.0171 
     H9558.3  1 0.9494 0.0107 0.0068 0.0098 0.0115 0.0117 
     H9558.4  1 0.9245 0.0140 0.0361 0.0087 0.0066 0.0102 
     H9558.5  1 0.9094 0.0129 0.0408 0.0145 0.0104 0.0119 
     H9558.6  1 0.8058 0.0179 0.0075 0.0089 0.0678 0.0921 
    kos339.1  1 0.0089 0.9193 0.0211 0.0099 0.0099 0.0309 
    kos339.2  1 0.0100 0.8830 0.0183 0.0330 0.0224 0.0333 
    kos339.3  1 0.0111 0.9482 0.0137 0.0076 0.0097 0.0098 
    kos339.4  1 0.0079 0.9350 0.0214 0.0135 0.0116 0.0105 
    kos339.5  1 0.0089 0.9397 0.0204 0.0069 0.0092 0.0150 
    kos339.6  1 0.0078 0.9189 0.0145 0.0356 0.0133 0.0099 
    kos339.7  1 0.0070 0.9531 0.0140 0.0081 0.0068 0.0111 
    kos339.8  1 0.0070 0.9438 0.0137 0.0144 0.0109 0.0102 
    kos339.9  1 0.0163 0.9360 0.0111 0.0097 0.0161 0.0108 
      H008.1  2 0.0556 0.0108 0.0300 0.0140 0.0202 0.8694 
      H008.2  2 0.4069 0.0438 0.1411 0.2473 0.0279 0.1331 
      H008.3  2 0.2711 0.0287 0.2422 0.2792 0.0542 0.1247 
      H008.4  2 0.0525 0.0450 0.0198 0.0473 0.0261 0.8093 
      H008.5  2 0.0194 0.0136 0.0108 0.0152 0.0174 0.9235 
      H008.6  2 0.3407 0.0773 0.0646 0.0788 0.0290 0.4097 
      H008.7  2 0.0846 0.0612 0.0552 0.1050 0.0387 0.6553 
      H008.8  2 0.7245 0.0358 0.0849 0.0279 0.0248 0.1021 
      H008.9  2 0.4719 0.0669 0.0585 0.3137 0.0532 0.0359 
 H029.1_2002  2 0.0250 0.0140 0.0103 0.0204 0.0134 0.9168 
 H029.1_2003  2 0.0249 0.0213 0.0441 0.0157 0.0210 0.8731 
 H029.2_2002  2 0.0098 0.0629 0.0152 0.0571 0.0074 0.8476 
 H029.2_2003  2 0.0251 0.0490 0.0416 0.0431 0.0103 0.8309 
 H029.3_2002  2 0.0124 0.0277 0.0377 0.5564 0.0126 0.3532 
 H029.3_2003  2 0.0078 0.0100 0.0168 0.0082 0.0127 0.9445 
 H029.4_2002  2 0.0065 0.0085 0.0135 0.0320 0.0116 0.9280 
 H029.4_2003  2 0.0266 0.0147 0.0520 0.0264 0.0374 0.8429 
 H029.5_2002  2 0.0068 0.0077 0.0073 0.0116 0.0100 0.9566 
 H029.5_2003  2 0.0112 0.0091 0.0217 0.0107 0.0128 0.9345 
 H029.6_2002  2 0.0080 0.0090 0.0121 0.0763 0.0076 0.8870 
 H029.6_2003  2 0.0248 0.0805 0.0771 0.0238 0.0432 0.7506 
      H029.7  2 0.0120 0.0202 0.0111 0.0724 0.0070 0.8774 
      H030.1  2 0.0119 0.0603 0.0347 0.0087 0.4763 0.4081 
      H030.2  2 0.0183 0.0222 0.0258 0.1898 0.6112 0.1327 
      H038.1  2 0.0211 0.0089 0.0087 0.0491 0.0087 0.9034 
      H038.2  2 0.0061 0.0157 0.0084 0.0078 0.0113 0.9508 
      H038.3  2 0.0130 0.0228 0.0255 0.0452 0.0216 0.8720 
      H038.4  2 0.0119 0.0138 0.0145 0.0412 0.0203 0.8983 
      H038.5  2 0.0107 0.0117 0.0795 0.0437 0.0124 0.8420 
      H038.6  2 0.0117 0.0073 0.0106 0.0083 0.0064 0.9556 
      H038.7  2 0.0110 0.0101 0.0200 0.0094 0.0082 0.9412 
      H038.8  2 0.0116 0.0248 0.0196 0.1826 0.0533 0.7081 
      H041.1  2 0.0117 0.0244 0.0162 0.1097 0.0408 0.7972 
      H041.2  2 0.0119 0.0197 0.0098 0.0182 0.1120 0.8285 
      H041.4  2 0.0235 0.0194 0.0137 0.0275 0.0248 0.8911 
      H041.6  2 0.0532 0.0193 0.0131 0.0268 0.0425 0.8451 
 H042.1_2002  2 0.1085 0.0474 0.0438 0.0229 0.1640 0.6134 
 H042.1_2003  2 0.1566 0.1447 0.0473 0.1259 0.2252 0.3003 
 H042.2_2002  2 0.0174 0.0140 0.0358 0.0269 0.0219 0.8839 
 H042.2_2003  2 0.0587 0.0971 0.0164 0.0075 0.2651 0.5552 
 H042.3_2002  2 0.0824 0.0316 0.1769 0.0437 0.2352 0.4302 
 H042.3_2003  2 0.1561 0.0279 0.1945 0.1387 0.2159 0.2669 
 H042.4_2002  2 0.0171 0.0305 0.0257 0.0249 0.1824 0.7194 
 H042.4_2003  2 0.0420 0.0184 0.0122 0.0116 0.0306 0.8851 
      H042.5  2 0.0313 0.0214 0.0226 0.0073 0.0294 0.8881 
      H042.6  2 0.0472 0.0134 0.0203 0.0112 0.0150 0.8929 
      H042.7  2 0.0261 0.0347 0.0227 0.0170 0.2872 0.6121 
      H042.8  2 0.0343 0.0160 0.0266 0.0176 0.0713 0.8342 
   H042_2002  2 0.8040 0.0220 0.0210 0.0158 0.0280 0.1092 
   H042_2003  2 0.7675 0.0269 0.0268 0.0179 0.0384 0.1225 
      H043.1  2 0.7414 0.0299 0.0473 0.1371 0.0125 0.0319 
      H043.2  2 0.8976 0.0087 0.0205 0.0267 0.0087 0.0379 
      H043.3  2 0.3569 0.0423 0.0500 0.0209 0.0134 0.5166 
      H043.4  2 0.8734 0.0214 0.0125 0.0282 0.0095 0.0550 
      H043.5  2 0.5910 0.0233 0.0410 0.1543 0.0190 0.1712 
      H043.6  2 0.4890 0.0248 0.0285 0.0680 0.0247 0.3650 
      H043.7  2 0.9188 0.0135 0.0142 0.0164 0.0126 0.0245 
      H043.8  2 0.4993 0.0526 0.2820 0.0595 0.0549 0.0517 
      H043.9  2 0.7464 0.0306 0.0512 0.0560 0.0153 0.1004 
      H047.1  2 0.3515 0.1035 0.0388 0.0114 0.0115 0.4834 
      H047.2  2 0.0185 0.0905 0.0243 0.0161 0.0207 0.8298 
      H047.3  2 0.0391 0.0891 0.0552 0.0152 0.0755 0.7258 
      H047.4  2 0.0206 0.0736 0.0223 0.0085 0.0414 0.8336 
      H047.5  2 0.1408 0.1331 0.0578 0.0075 0.1208 0.5399 
      H047.6  2 0.0898 0.1789 0.0485 0.0475 0.0955 0.5397 
      H047.7  2 0.1465 0.1471 0.0317 0.0243 0.0250 0.6254 
      H047.8  2 0.2024 0.2147 0.0752 0.0245 0.0802 0.4030 
      H047.9  2 0.0808 0.3172 0.0221 0.0082 0.0292 0.5425 
 H071.1_2002  2 0.0294 0.0177 0.0086 0.0083 0.0113 0.9247 
 H071.1_2003  2 0.1380 0.0348 0.0093 0.0122 0.0395 0.7663 
     H071.10  2 0.0109 0.0077 0.0248 0.0208 0.0123 0.9235 
 H071.2_2002  2 0.0214 0.0130 0.0245 0.0114 0.0117 0.9180 
 H071.2_2003  2 0.0113 0.0092 0.0065 0.0052 0.0072 0.9606 
      H071.3  2 0.0132 0.0144 0.0396 0.0234 0.0406 0.8687 
 H071.4_2002  2 0.0148 0.0146 0.0574 0.0254 0.0150 0.8728 
 H071.4_2003  2 0.0116 0.0107 0.0209 0.0074 0.0101 0.9394 
 H071.5_2002  2 0.0121 0.0079 0.0084 0.0086 0.0090 0.9540 
 H071.5_2003  2 0.0269 0.0208 0.0298 0.0080 0.0162 0.8983 
 H071.6_2002  2 0.0206 0.0107 0.0323 0.0103 0.0116 0.9145 
 H071.6_2003  2 0.0198 0.0128 0.0152 0.0057 0.0087 0.9378 
 H071.7_2002  2 0.0150 0.0083 0.0091 0.0073 0.0072 0.9530 
 H071.7_2003  2 0.0533 0.0186 0.0248 0.0116 0.0239 0.8678 
      H071.8  2 0.0173 0.0094 0.0139 0.0118 0.0093 0.9383 
      H071.9  2 0.0263 0.0118 0.0649 0.0326 0.0440 0.8203 
 H081.1_2002  2 0.0186 0.0085 0.0073 0.0102 0.0094 0.9460 
 H081.1_2003  2 0.1093 0.1181 0.0291 0.2754 0.0592 0.4090 
 H081.2_2002  2 0.0526 0.0101 0.0071 0.0098 0.0078 0.9126 
 H081.2_2003  2 0.2928 0.0136 0.0866 0.0823 0.4150 0.1098 
 H081.3_2002  2 0.0176 0.0134 0.0095 0.0122 0.0105 0.9367 
 H081.3_2003  2 0.6109 0.0435 0.1295 0.0518 0.1124 0.0520 
 H081.4_2002  2 0.0160 0.0136 0.0125 0.0093 0.0090 0.9395 
 H081.4_2003  2 0.2810 0.1130 0.0997 0.0554 0.1293 0.3217 
 H081.5_2002  2 0.0151 0.0123 0.0115 0.0079 0.0087 0.9445 
 H081.5_2003  2 0.2519 0.1158 0.0283 0.0358 0.0836 0.4847 
      H081.6  2 0.0204 0.0133 0.0098 0.0074 0.0111 0.9380 
      H081.7  2 0.0223 0.0101 0.0108 0.0104 0.0131 0.9334 
      H081.8  2 0.0218 0.0158 0.0368 0.0889 0.0300 0.8066 
      H083.1  2 0.0085 0.0141 0.0134 0.0143 0.0077 0.9420 
      H083.2  2 0.0206 0.0152 0.0151 0.0160 0.0115 0.9217 
      H083.4  2 0.0214 0.0104 0.0357 0.1167 0.0101 0.8056 
      H083.5  2 0.0128 0.0114 0.0079 0.0406 0.0083 0.9191 
      H083.6  2 0.0108 0.0134 0.0314 0.0512 0.0140 0.8791 
      H083.7  2 0.0211 0.0114 0.0323 0.1203 0.0114 0.8035 
      H083.8  2 0.0231 0.0197 0.0159 0.0169 0.0083 0.9160 
      H083.9  2 0.0087 0.0113 0.0082 0.0183 0.0074 0.9460 
      H084.1  2 0.0163 0.0158 0.0470 0.0841 0.7965 0.0402 
      H084.2  2 0.0310 0.0301 0.2339 0.1245 0.4052 0.1753 
      H084.3  2 0.0133 0.0680 0.0210 0.2369 0.6367 0.0241 
      H084.4  2 0.0183 0.0830 0.0505 0.2722 0.4594 0.1167 
      H084.5  2 0.0094 0.0323 0.0190 0.0220 0.9016 0.0156 
      H084.6  2 0.0105 0.0222 0.0150 0.2540 0.6880 0.0103 
      H084.7  2 0.0152 0.0176 0.2008 0.0343 0.6492 0.0829 
      H084.8  2 0.0081 0.0179 0.0139 0.0455 0.9029 0.0117 
 H085.1_2002  2 0.1889 0.0174 0.0120 0.0842 0.0110 0.6865 
 H085.1_2003  2 0.0109 0.0086 0.0185 0.0379 0.0167 0.9074 
 H085.2_2002  2 0.0502 0.0172 0.0164 0.7727 0.0217 0.1217 
 H085.2_2003  2 0.0122 0.0143 0.0179 0.0209 0.0129 0.9219 
 H085.3_2002  2 0.1768 0.0267 0.0107 0.0292 0.0390 0.7176 
 H085.3_2003  2 0.0155 0.0083 0.0127 0.0094 0.0167 0.9375 
 H085.4_2002  2 0.2321 0.0177 0.0234 0.2102 0.0267 0.4899 
 H085.4_2003  2 0.0172 0.0182 0.0081 0.0087 0.0524 0.8955 
 H085.5_2002  2 0.3014 0.0202 0.0119 0.0154 0.0177 0.6335 
 H085.5_2003  2 0.0137 0.0088 0.0113 0.0170 0.0136 0.9356 
 H085.6_2002  2 0.1487 0.0294 0.0157 0.0400 0.0129 0.7531 
 H085.6_2003  2 0.0344 0.0422 0.0149 0.0087 0.0607 0.8391 
 H085.7_2002  2 0.1648 0.0448 0.0147 0.0853 0.0288 0.6617 
 H085.7_2003  2 0.0153 0.0111 0.0129 0.0118 0.0194 0.9295 
 H085.8_2002  2 0.1853 0.0309 0.0269 0.0907 0.0851 0.5811 
 H085.8_2003  2 0.0178 0.0178 0.0156 0.0303 0.0401 0.8784 
      H085.9  2 0.2277 0.0217 0.0091 0.1186 0.0216 0.6013 
      H088.1  2 0.0463 0.0422 0.0471 0.0216 0.0882 0.7547 
      H088.2  2 0.0277 0.0709 0.0262 0.0177 0.0264 0.8312 
      H088.3  2 0.0247 0.0195 0.0221 0.0088 0.0241 0.9008 
      H088.4  2 0.0179 0.0112 0.0264 0.0059 0.0456 0.8929 
      H088.5  2 0.0199 0.0103 0.0184 0.0086 0.0225 0.9203 
      H088.6  2 0.0100 0.0186 0.0302 0.0090 0.0709 0.8613 
      H088.7  2 0.0074 0.0161 0.0163 0.0102 0.0192 0.9310 
      H088.8  2 0.0143 0.0194 0.0543 0.0113 0.0562 0.8444 
      H091.1  2 0.0197 0.0167 0.0281 0.0162 0.0479 0.8713 
      H091.2  2 0.0186 0.0151 0.0276 0.0126 0.0311 0.8949 
      H109.1  2 0.1173 0.0154 0.6443 0.0768 0.1251 0.0211 
      H109.2  2 0.1313 0.0374 0.4832 0.0435 0.1784 0.1262 
      H109.3  2 0.0265 0.1186 0.6250 0.0302 0.0723 0.1274 
      H109.4  2 0.0878 0.0155 0.7541 0.0348 0.0830 0.0248 
      H109.5  2 0.0223 0.0996 0.1224 0.0101 0.1229 0.6227 
      H109.6  2 0.1251 0.0815 0.5006 0.0497 0.1859 0.0571 
      H126.1  2 0.8324 0.0299 0.0880 0.0136 0.0182 0.0180 
      H126.2  2 0.5311 0.0230 0.0788 0.0424 0.0151 0.3095 
      H126.3  2 0.1915 0.0355 0.0975 0.0303 0.0203 0.6249 
      H126.4  2 0.8269 0.0208 0.0936 0.0215 0.0125 0.0247 
      H126.5  2 0.8346 0.0483 0.0407 0.0089 0.0110 0.0565 
      H126.6  2 0.0637 0.0307 0.0142 0.0119 0.0062 0.8733 
      H126.7  2 0.0311 0.0108 0.0167 0.0063 0.0054 0.9296 
      H130.1  2 0.5943 0.1043 0.1347 0.0193 0.0920 0.0554 
      H130.2  2 0.0662 0.0224 0.2401 0.0434 0.3706 0.2574 
      H130.3  2 0.0338 0.1586 0.5357 0.0114 0.0972 0.1632 
      H130.4  2 0.4980 0.0900 0.2621 0.0542 0.0586 0.0372 
      H130.5  2 0.1484 0.0349 0.0558 0.0162 0.2628 0.4819 
      H133.1  2 0.0896 0.0979 0.2966 0.2101 0.0953 0.2105 
      H133.2  2 0.4880 0.2239 0.1176 0.0153 0.0499 0.1054 
      H133.3  2 0.0240 0.1468 0.0859 0.1326 0.0327 0.5779 
      H133.4  2 0.1537 0.3770 0.2306 0.0960 0.0816 0.0611 
      H133.5  2 0.1462 0.0423 0.7026 0.0531 0.0114 0.0445 
      H133.6  2 0.4942 0.0449 0.2708 0.0234 0.0389 0.1278 
      H133.7  2 0.0532 0.4252 0.0515 0.0807 0.1774 0.2119 
      H133.8  2 0.2305 0.0539 0.2593 0.2635 0.1199 0.0730 
      H133.9  2 0.0925 0.0729 0.3270 0.2716 0.0753 0.1607 
      H147.1  2 0.0490 0.0202 0.0091 0.0669 0.3213 0.5335 
      H147.2  2 0.0190 0.0096 0.0067 0.0064 0.0116 0.9467 
      H147.3  2 0.0466 0.0131 0.0102 0.0146 0.0217 0.8938 
      H147.4  2 0.0124 0.0117 0.0084 0.0726 0.0459 0.8490 
      H147.5  2 0.0277 0.0132 0.0129 0.0114 0.0350 0.8997 
      H147.6  2 0.0286 0.0164 0.0247 0.0192 0.0600 0.8511 
      H147.7  2 0.0159 0.0308 0.0170 0.0694 0.1003 0.7666 
      H147.8  2 0.0071 0.0076 0.0091 0.0263 0.0339 0.9160 
      H147.9  2 0.0456 0.0098 0.0100 0.0105 0.0138 0.9104 
      H148.1  2 0.2012 0.0420 0.1258 0.1544 0.4328 0.0440 
      H148.2  2 0.1521 0.0326 0.0653 0.1339 0.5850 0.0311 
      H148.3  2 0.0401 0.1654 0.0135 0.1758 0.5733 0.0318 
      H148.4  2 0.1413 0.2071 0.0695 0.1257 0.3893 0.0672 
      H148.5  2 0.0252 0.0604 0.0333 0.0801 0.7836 0.0174 
      H148.6  2 0.0547 0.0463 0.0216 0.4682 0.3796 0.0295 
      H148.7  2 0.0223 0.0309 0.1085 0.0501 0.7705 0.0176 
      H148.8  2 0.0746 0.0912 0.0201 0.0820 0.7087 0.0236 
      H148.9  2 0.3102 0.0508 0.0897 0.2490 0.2845 0.0159 
   H166022.1  2 0.0186 0.0166 0.0150 0.0645 0.2392 0.6461 
   H166022.2  2 0.0138 0.0471 0.0225 0.0337 0.1917 0.6911 
   H166022.3  2 0.0151 0.0547 0.1323 0.0525 0.4682 0.2772 
   H166022.4  2 0.0120 0.0307 0.0377 0.0127 0.1034 0.8035 
   H166022.5  2 0.0115 0.0694 0.0609 0.0203 0.1467 0.6911 
   H166022.6  2 0.0338 0.0402 0.0398 0.0468 0.3712 0.4682 
   H166022.7  2 0.0139 0.0086 0.9472 0.0134 0.0083 0.0087 
   H166022.8  2 0.0776 0.2706 0.0308 0.0516 0.3203 0.2490 
   H167397.1  2 0.0206 0.0585 0.0128 0.7158 0.0792 0.1130 
   H167397.2  2 0.0129 0.0267 0.0102 0.9213 0.0146 0.0143 
   H167397.3  2 0.0105 0.0439 0.0096 0.8732 0.0193 0.0435 
   H167397.4  2 0.0122 0.0143 0.0121 0.9017 0.0445 0.0151 
   H167397.5  2 0.0285 0.0242 0.0207 0.8644 0.0311 0.0310 
   H167397.6  2 0.0220 0.0333 0.0151 0.7866 0.0858 0.0572 
   H167496.1  2 0.0141 0.4698 0.1636 0.0245 0.1136 0.2144 
   H167496.2  2 0.0304 0.2006 0.1028 0.0237 0.0923 0.5503 
   H167496.3  2 0.1746 0.1007 0.0396 0.0745 0.0659 0.5447 
   H167496.4  2 0.0114 0.0075 0.0112 0.0072 0.0144 0.9483 
   H167496.6  2 0.0139 0.0193 0.0320 0.0078 0.0145 0.9125 
   H167496.7  2 0.0423 0.4517 0.1038 0.0168 0.3074 0.0780 
   H167496.8  2 0.0092 0.0180 0.0157 0.0085 0.0143 0.9343 
   H167513.1  2 0.1397 0.1744 0.4103 0.0965 0.1266 0.0525 
   H167513.2  2 0.4012 0.1257 0.0881 0.1137 0.2186 0.0527 
   H167513.3  2 0.0424 0.0640 0.6676 0.0631 0.1431 0.0198 
   H167513.4  2 0.0604 0.0466 0.1372 0.0778 0.6378 0.0401 
   H167513.5  2 0.4034 0.0826 0.0724 0.2060 0.1371 0.0984 
   H167513.6  2 0.2321 0.3994 0.0578 0.0929 0.1577 0.0600 
   H167513.7  2 0.1149 0.0570 0.3422 0.3454 0.0599 0.0806 
   H167513.8  2 0.0988 0.0691 0.6651 0.0983 0.0475 0.0212 
   H167547.1  2 0.0467 0.1195 0.0205 0.0420 0.7599 0.0114 
   H167547.2  2 0.0132 0.0174 0.0103 0.0228 0.9230 0.0134 
   H167547.3  2 0.0146 0.0200 0.0100 0.0261 0.9151 0.0142 
   H167547.4  2 0.0810 0.0384 0.0462 0.2305 0.5867 0.0171 
   H167547.5  2 0.0144 0.0086 0.0119 0.0118 0.9402 0.0129 
   H167547.6  2 0.0128 0.0091 0.0102 0.0131 0.9414 0.0133 
   H167547.7  2 0.2452 0.4839 0.0601 0.0504 0.1249 0.0356 
   H169750.1  2 0.1050 0.1547 0.5975 0.0329 0.0507 0.0593 
   H169750.2  2 0.1599 0.1105 0.1178 0.0393 0.3180 0.2545 
   H169750.3  2 0.0893 0.1166 0.6090 0.0072 0.1051 0.0728 
   H169750.4  2 0.0848 0.5759 0.1488 0.0400 0.0343 0.1161 
   H169750.5  2 0.0472 0.0709 0.5920 0.0325 0.0243 0.2330 
   H169750.6  2 0.0846 0.0171 0.2546 0.0231 0.0368 0.5839 
   H169750.7  2 0.1483 0.2672 0.4004 0.0342 0.0553 0.0946 
   H171929.1  2 0.2690 0.1146 0.0260 0.4025 0.1415 0.0464 
  H171929.10  2 0.0861 0.1719 0.0159 0.1025 0.3602 0.2634 
  H171929.11  2 0.3647 0.1947 0.0291 0.1855 0.1768 0.0493 
   H171929.2  2 0.3738 0.1158 0.1276 0.0422 0.3159 0.0247 
   H171929.3  2 0.1866 0.0769 0.0658 0.2374 0.3989 0.0345 
   H171929.4  2 0.3528 0.1555 0.0967 0.0328 0.2356 0.1267 
   H171929.5  2 0.1107 0.1406 0.1716 0.0589 0.4952 0.0230 
   H171929.6  2 0.2843 0.1471 0.1718 0.1089 0.2709 0.0170 
   H171929.7  2 0.7033 0.0572 0.0651 0.0556 0.0747 0.0442 
   H171929.8  2 0.7211 0.1272 0.0189 0.0378 0.0570 0.0380 
   H171929.9  2 0.7101 0.0621 0.0477 0.0146 0.0713 0.0943 
   H171930.1  2 0.0193 0.0345 0.7805 0.0249 0.0954 0.0455 
   H171930.2  2 0.0677 0.0219 0.3829 0.0246 0.3727 0.1302 
   H171930.3  2 0.0139 0.0184 0.6719 0.0205 0.2497 0.0256 
   H171930.4  2 0.0102 0.0230 0.6322 0.0204 0.2923 0.0219 
   H171930.5  2 0.1103 0.0274 0.6248 0.0378 0.1140 0.0857 
   H171930.6  2 0.0149 0.0320 0.5121 0.0167 0.2402 0.1842 
   H171930.7  2 0.0251 0.0405 0.5391 0.0321 0.3380 0.0252 
   H171930.8  2 0.0227 0.1131 0.3561 0.0190 0.4552 0.0339 
   H171933.1  2 0.0117 0.0123 0.0149 0.9162 0.0293 0.0155 
   H171933.2  2 0.0567 0.0276 0.0278 0.7684 0.0784 0.0412 
   H171933.3  2 0.1858 0.0340 0.0734 0.3126 0.3641 0.0301 
   H171933.4  2 0.0542 0.3653 0.0414 0.0445 0.4764 0.0181 
   H171933.5  2 0.1319 0.3102 0.0671 0.0276 0.4489 0.0143 
   H171933.6  2 0.0202 0.0142 0.0544 0.0812 0.0370 0.7930 
   H171933.7  2 0.1784 0.0237 0.0395 0.4795 0.2463 0.0327 
   H171933.8  2 0.1134 0.0660 0.0288 0.4167 0.3549 0.0203 
   H171933.9  2 0.0690 0.0395 0.1771 0.2155 0.4460 0.0528 
      H190.1  2 0.0201 0.0521 0.4963 0.0086 0.3874 0.0355 
      H190.2  2 0.0503 0.1192 0.0227 0.0098 0.5402 0.2578 
      H190.3  2 0.2391 0.0530 0.0382 0.0224 0.5624 0.0849 
      H190.4  2 0.0793 0.0462 0.2628 0.0320 0.5440 0.0356 
      H190.5  2 0.0414 0.0811 0.0398 0.0118 0.4173 0.4085 
      H190.6  2 0.0638 0.0579 0.2048 0.0234 0.5683 0.0819 
      H190.7  2 0.5009 0.1811 0.0195 0.0113 0.2525 0.0348 
      H190.8  2 0.0593 0.2376 0.0847 0.0093 0.2805 0.3286 
      H190.9  2 0.0632 0.2058 0.0348 0.0129 0.5432 0.1401 
      H400.1  2 0.0442 0.0252 0.0325 0.0286 0.0583 0.8111 
      H400.2  2 0.0222 0.0109 0.0289 0.0216 0.0301 0.8863 
      H400.3  2 0.0899 0.0423 0.1142 0.0608 0.0678 0.6250 
      H400.4  2 0.0197 0.0159 0.0257 0.0078 0.0553 0.8755 
      H400.5  2 0.0651 0.0440 0.1861 0.2127 0.1173 0.3747 
      H400.6  2 0.0379 0.0204 0.0136 0.0092 0.0249 0.8939 
      H400.7  2 0.0499 0.0400 0.0396 0.0381 0.2537 0.5786 
 H428.1_2005  2 0.0111 0.0109 0.0261 0.9267 0.0094 0.0158 
 H428.1_2006  2 0.0149 0.0281 0.0168 0.8757 0.0121 0.0524 
 H428.2_2005  2 0.0164 0.0200 0.0251 0.8504 0.0699 0.0182 
 H428.2_2006  2 0.0230 0.0156 0.0205 0.7932 0.0260 0.1217 
 H428.3_2005  2 0.0110 0.0164 0.0623 0.8356 0.0246 0.0501 
 H428.3_2006  2 0.0280 0.0214 0.0358 0.8019 0.0226 0.0904 
 H428.4_2005  2 0.0080 0.0135 0.0262 0.9221 0.0137 0.0166 
 H428.4_2006  2 0.0072 0.0071 0.0073 0.9633 0.0071 0.0080 
 H428.5_2005  2 0.0085 0.0061 0.0083 0.9568 0.0077 0.0126 
 H428.6_2005  2 0.0205 0.0200 0.0449 0.8716 0.0117 0.0314 
 H428.6_2006  2 0.0065 0.0071 0.0129 0.9539 0.0095 0.0101 
      H428.7  2 0.0261 0.0066 0.0233 0.8812 0.0229 0.0399 
      H428.8  2 0.0113 0.0087 0.0211 0.9205 0.0198 0.0186 
      H428.9  2 0.0139 0.0097 0.0139 0.9190 0.0256 0.0179 
      H453.1  2 0.0097 0.0102 0.0264 0.0108 0.0117 0.9313 
      H453.2  2 0.0148 0.0167 0.0510 0.0110 0.0262 0.8803 
      H453.3  2 0.0172 0.0199 0.0201 0.0101 0.0171 0.9156 
      H453.4  2 0.0101 0.0111 0.0189 0.0077 0.0138 0.9385 
      H453.5  2 0.0078 0.0094 0.0173 0.0091 0.0095 0.9469 
      H453.6  2 0.0059 0.0076 0.0137 0.0108 0.0108 0.9513 
      H453.7  2 0.0804 0.0405 0.0203 0.0089 0.0488 0.8011 
      H453.8  2 0.0186 0.0250 0.0133 0.0062 0.0163 0.9206 
      H453.9  2 0.0168 0.0097 0.0208 0.0127 0.0117 0.9283 
      H512.1  2 0.0291 0.0228 0.4228 0.0321 0.3717 0.1214 
     H512.10  2 0.0234 0.0349 0.1429 0.4060 0.2505 0.1422 
      H512.2  2 0.0305 0.0464 0.3043 0.1781 0.3953 0.0454 
      H512.3  2 0.0116 0.0320 0.7510 0.1519 0.0322 0.0213 
      H512.4  2 0.0229 0.0380 0.0543 0.0773 0.5705 0.2370 
      H512.5  2 0.0096 0.0682 0.8101 0.0694 0.0192 0.0235 
      H512.6  2 0.0276 0.1210 0.7150 0.0229 0.0765 0.0371 
      H512.7  2 0.0085 0.0167 0.9099 0.0167 0.0169 0.0313 
      H512.8  2 0.0199 0.0297 0.2415 0.0294 0.6484 0.0312 
      H512.9  2 0.0250 0.0351 0.8123 0.0685 0.0221 0.0371 
      H513.1  2 0.0231 0.0197 0.0186 0.8192 0.0388 0.0806 
      H513.2  2 0.0367 0.0157 0.0195 0.7302 0.1445 0.0534 
      H513.3  2 0.0614 0.0229 0.1186 0.6491 0.0894 0.0585 
      H513.4  2 0.0262 0.0287 0.1779 0.2483 0.1780 0.3410 
      H513.5  2 0.0152 0.0141 0.0445 0.8766 0.0144 0.0352 
      H513.6  2 0.0280 0.0095 0.0223 0.8914 0.0282 0.0205 
      H532.1  2 0.0186 0.0527 0.1458 0.0634 0.0236 0.6959 
      H532.2  2 0.0248 0.0350 0.0387 0.0781 0.2236 0.5999 
      H532.3  2 0.0241 0.0548 0.0307 0.0161 0.1637 0.7105 
      H532.4  2 0.0327 0.0362 0.0148 0.0227 0.0147 0.8790 
      H532.5  2 0.0317 0.0314 0.1853 0.2699 0.0446 0.4370 
      H532.6  2 0.0205 0.0327 0.0152 0.0206 0.0173 0.8937 
      H532.7  2 0.0138 0.0148 0.0307 0.0222 0.0146 0.9039 
      H532.8  2 0.0217 0.0305 0.1027 0.0472 0.0272 0.7707 
      H543.1  2 0.0070 0.0104 0.0060 0.9601 0.0098 0.0068 
      H543.2  2 0.0119 0.0087 0.0116 0.9219 0.0346 0.0114 
      H543.3  2 0.0114 0.0125 0.0092 0.9452 0.0110 0.0107 
      H543.4  2 0.0094 0.0086 0.0058 0.9569 0.0109 0.0085 
      H543.5  2 0.0081 0.0065 0.0074 0.9593 0.0124 0.0063 
      H543.6  2 0.0159 0.0124 0.0091 0.9400 0.0126 0.0100 
      H543.7  2 0.0098 0.0090 0.0056 0.9573 0.0104 0.0079 
      H543.8  2 0.0138 0.0083 0.0140 0.9386 0.0116 0.0137 
      H543.9  2 0.0158 0.0099 0.0106 0.9287 0.0226 0.0123 
 H545.1_2005  2 0.0081 0.0063 0.0074 0.9682 0.0044 0.0055 
 H545.1_2006  2 0.0083 0.0086 0.0066 0.9612 0.0073 0.0080 
 H545.2_2005  2 0.0147 0.0070 0.0240 0.9380 0.0085 0.0078 
 H545.2_2006  2 0.0064 0.0073 0.0079 0.9656 0.0064 0.0065 
 H545.3_2005  2 0.0218 0.0148 0.0194 0.9195 0.0158 0.0088 
 H545.3_2006  2 0.0095 0.0049 0.0119 0.9598 0.0054 0.0086 
 H545.4_2005  2 0.0240 0.0228 0.0102 0.9185 0.0152 0.0092 
 H545.4_2006  2 0.0151 0.0100 0.0091 0.9503 0.0088 0.0067 
 H545.5_2005  2 0.0076 0.0060 0.0112 0.9613 0.0057 0.0083 
 H545.5_2006  2 0.0090 0.0088 0.0147 0.9506 0.0086 0.0083 
 H545.6_2005  2 0.0071 0.0057 0.0081 0.9675 0.0059 0.0057 
 H545.6_2006  2 0.0117 0.0081 0.0121 0.9512 0.0086 0.0082 
 H545.7_2005  2 0.0105 0.0057 0.0133 0.9572 0.0061 0.0073 
 H545.7_2006  2 0.0119 0.0062 0.0100 0.9542 0.0080 0.0097 
 H545.8_2005  2 0.0132 0.0089 0.0120 0.9485 0.0089 0.0086 
 H545.8_2006  2 0.0080 0.0069 0.0094 0.9627 0.0066 0.0065 
      H545.9  2 0.0172 0.0102 0.0125 0.9458 0.0071 0.0071 
      H547.1  2 0.0488 0.0180 0.0174 0.0238 0.8376 0.0544 
      H547.2  2 0.0158 0.0204 0.0092 0.0128 0.8462 0.0955 
      H547.3  2 0.0751 0.2245 0.0355 0.0220 0.5095 0.1334 
      H547.4  2 0.0718 0.0704 0.0206 0.0120 0.7243 0.1008 
      H547.5  2 0.0163 0.0150 0.0096 0.0182 0.9088 0.0320 
      H547.6  2 0.0178 0.0121 0.0086 0.0367 0.7415 0.1834 
      H547.7  2 0.0577 0.0318 0.0270 0.0160 0.7370 0.1304 
      H547.8  2 0.0296 0.0184 0.0162 0.0286 0.8768 0.0305 
      H548.1  2 0.0151 0.0112 0.0126 0.9456 0.0078 0.0077 
      H548.2  2 0.0112 0.0204 0.0124 0.9397 0.0106 0.0056 
      H548.3  2 0.0166 0.0089 0.0103 0.9498 0.0072 0.0072 
      H548.4  2 0.1274 0.0466 0.0674 0.6997 0.0240 0.0348 
      H548.5  2 0.0139 0.0092 0.0080 0.9485 0.0124 0.0081 
      H548.6  2 0.0166 0.0137 0.0152 0.9387 0.0092 0.0066 
      H548.7  2 0.0126 0.0077 0.0119 0.9504 0.0081 0.0093 
      H548.8  2 0.0178 0.0118 0.0106 0.9372 0.0122 0.0105 
      H548.9  2 0.0359 0.0242 0.0207 0.8694 0.0224 0.0273 
     H7389.1  2 0.0118 0.0116 0.0341 0.8548 0.0613 0.0263 
     H7389.2  2 0.0065 0.0062 0.0106 0.9441 0.0229 0.0097 
     H7389.3  2 0.0098 0.0081 0.0162 0.9187 0.0364 0.0109 
     H7389.4  2 0.0130 0.0083 0.0267 0.9203 0.0092 0.0224 
     H7389.5  2 0.0227 0.0136 0.0884 0.8230 0.0189 0.0335 
     H7389.6  2 0.0098 0.0251 0.7345 0.1235 0.0460 0.0610 
     H7389.7  2 0.0092 0.0174 0.0477 0.8521 0.0351 0.0385 
     H7389.8  2 0.0179 0.0103 0.0283 0.8979 0.0251 0.0205 
     H7389.9  2 0.0117 0.0126 0.0242 0.9238 0.0123 0.0154 
      H747.1  2 0.0340 0.1226 0.6201 0.0621 0.1255 0.0356 
      H747.2  2 0.0336 0.1422 0.7623 0.0167 0.0351 0.0101 
      H747.3  2 0.0335 0.1519 0.7180 0.0169 0.0630 0.0167 
      H747.4  2 0.0264 0.0655 0.7858 0.0093 0.0802 0.0328 
      H747.5  2 0.0133 0.0656 0.8647 0.0089 0.0345 0.0129 
      H747.6  2 0.0424 0.0207 0.7825 0.0675 0.0693 0.0176 
      H747.7  2 0.0315 0.0820 0.8025 0.0323 0.0379 0.0139 
     H7484.1  2 0.2462 0.0165 0.0845 0.0259 0.0200 0.6070 
     H7484.2  2 0.6393 0.0263 0.0446 0.0090 0.0689 0.2120 
     H7484.3  2 0.4252 0.0276 0.0955 0.0176 0.0546 0.3795 
     H7484.4  2 0.2806 0.0316 0.0505 0.0097 0.0186 0.6090 
     H7484.5  2 0.2059 0.0130 0.2610 0.0182 0.0628 0.4392 
     H7484.6  2 0.0444 0.0685 0.7789 0.0128 0.0503 0.0451 
     H7484.7  2 0.4128 0.0630 0.2686 0.0109 0.0156 0.2290 
     H7484.8  2 0.0714 0.0236 0.5153 0.0243 0.0401 0.3253 
     H7485.1  2 0.0085 0.0103 0.0097 0.9525 0.0076 0.0113 
     H7485.2  2 0.0105 0.0063 0.0083 0.9601 0.0055 0.0093 
     H7485.3  2 0.0097 0.0101 0.0087 0.9581 0.0065 0.0070 
     H7485.4  2 0.0224 0.0073 0.0099 0.9432 0.0082 0.0089 
     H7485.5  2 0.0257 0.0083 0.0082 0.9383 0.0092 0.0103 
     H7485.6  2 0.0107 0.0098 0.0081 0.9529 0.0081 0.0105 
     H7485.7  2 0.0216 0.0150 0.0083 0.9345 0.0106 0.0099 
     H7496.1  2 0.0170 0.0340 0.0601 0.0164 0.0459 0.8267 
    H7496.10  2 0.0101 0.0085 0.0091 0.0080 0.0130 0.9513 
    H7496.11  2 0.0075 0.0310 0.0285 0.8805 0.0116 0.0409 
     H7496.2  2 0.0155 0.0168 0.0259 0.0079 0.0237 0.9101 
     H7496.3  2 0.0479 0.0234 0.0153 0.0111 0.0172 0.8852 
     H7496.4  2 0.0086 0.0106 0.0155 0.0066 0.0205 0.9382 
     H7496.5  2 0.0164 0.0287 0.0345 0.0077 0.0371 0.8757 
     H7496.6  2 0.0190 0.0204 0.0530 0.0086 0.0281 0.8709 
     H7496.7  2 0.0106 0.0090 0.0145 0.0071 0.0130 0.9457 
     H7496.8  2 0.0184 0.0156 0.0112 0.0094 0.0165 0.9290 
        UNK4  2 0.1264 0.0534 0.1001 0.2927 0.3175 0.1099 
        UNK5  2 0.1076 0.0156 0.0295 0.5787 0.1895 0.0790 
        UNK6  2 0.0411 0.0305 0.0859 0.1961 0.5731 0.0733 
        UNK7  2 0.0175 0.0114 0.0120 0.9261 0.0197 0.0134 
        UNK8  2 0.0464 0.0140 0.0186 0.8358 0.0538 0.0313 
        UNK9  2 0.0351 0.0141 0.0523 0.7670 0.0302 0.1013 
      H009.1  4 0.3045 0.6441 0.0117 0.0125 0.0142 0.0130 
      H009.2  4 0.1244 0.8144 0.0260 0.0054 0.0185 0.0114 
      H009.3  4 0.2875 0.6499 0.0155 0.0082 0.0125 0.0264 
      H009.4  4 0.1163 0.8036 0.0409 0.0116 0.0098 0.0176 
      H009.5  4 0.3814 0.5388 0.0362 0.0165 0.0124 0.0146 
      H009.6  4 0.5634 0.3385 0.0114 0.0102 0.0563 0.0201 
      H046.4  4 0.4198 0.0913 0.0935 0.0286 0.0507 0.3161 
      H046.8  4 0.1729 0.1598 0.2407 0.0975 0.2891 0.0401 
 H076.1_2002  4 0.0141 0.0067 0.0117 0.0084 0.9472 0.0120 
 H076.1_2003  4 0.0084 0.0091 0.0074 0.0077 0.9600 0.0074 
 H076.1_2004  4 0.0094 0.0218 0.0106 0.0092 0.9338 0.0151 
 H076.2_2002  4 0.0128 0.0083 0.0103 0.0087 0.9480 0.0118 
 H076.2_2003  4 0.0086 0.0103 0.0084 0.0094 0.9555 0.0079 
 H076.2_2004  4 0.0212 0.0919 0.0341 0.0106 0.8201 0.0221 
 H076.3_2002  4 0.0160 0.8270 0.0236 0.0074 0.1009 0.0251 
 H076.3_2003  4 0.0147 0.0081 0.0110 0.0126 0.9402 0.0135 
 H076.3_2004  4 0.0092 0.0195 0.0091 0.0161 0.9316 0.0146 
 H076.4_2002  4 0.0311 0.5306 0.0263 0.0210 0.3592 0.0317 
 H076.4_2003  4 0.0144 0.0276 0.0144 0.0063 0.9252 0.0121 
 H076.4_2004  4 0.0315 0.5707 0.0881 0.0107 0.2539 0.0450 
 H076.5_2002  4 0.0116 0.0130 0.0126 0.0101 0.9273 0.0255 
 H076.5_2003  4 0.0185 0.0158 0.0147 0.0229 0.9117 0.0163 
 H076.5_2004  4 0.0234 0.4389 0.0153 0.0389 0.4455 0.0380 
 H076.6_2002  4 0.0297 0.0279 0.0127 0.0140 0.8960 0.0196 
 H076.6_2003  4 0.0147 0.0108 0.0064 0.0087 0.9482 0.0112 
 H076.6_2004  4 0.0167 0.1379 0.0246 0.0242 0.7842 0.0124 
 H076.7_2002  4 0.0569 0.8451 0.0251 0.0078 0.0319 0.0332 
 H076.7_2003  4 0.0120 0.0676 0.0276 0.0140 0.8487 0.0302 
 H076.7_2004  4 0.0207 0.2409 0.0371 0.0155 0.6705 0.0152 
      H477.1  4 0.0102 0.0106 0.8898 0.0196 0.0600 0.0096 
      H477.2  4 0.0126 0.0147 0.9309 0.0099 0.0147 0.0172 
      H477.3  4 0.0143 0.0126 0.9213 0.0209 0.0167 0.0142 
      H477.4  4 0.0173 0.0130 0.9065 0.0323 0.0225 0.0085 
      H477.5  4 0.0262 0.0123 0.9126 0.0280 0.0113 0.0095 
      H477.6  4 0.0140 0.0093 0.9313 0.0221 0.0092 0.0141 
      H477.7  4 0.0185 0.0099 0.8708 0.0396 0.0519 0.0092 
 H479.1_2005  4 0.0237 0.0478 0.5231 0.0271 0.0152 0.3631 
 H479.1_2006  4 0.0885 0.0486 0.6378 0.1144 0.0548 0.0558 
     H479.10  4 0.0378 0.0408 0.7901 0.0131 0.0191 0.0990 
 H479.2_2005  4 0.1848 0.1301 0.1245 0.1244 0.0963 0.3400 
 H479.2_2006  4 0.0360 0.0950 0.7420 0.0448 0.0116 0.0706 
 H479.3_2005  4 0.0089 0.0317 0.8648 0.0129 0.0224 0.0593 
 H479.3_2006  4 0.0141 0.0384 0.8203 0.0155 0.0406 0.0711 
 H479.4_2005  4 0.0226 0.1472 0.7612 0.0136 0.0182 0.0373 
 H479.4_2006  4 0.0163 0.0184 0.6449 0.0091 0.0168 0.2945 
 H479.5_2005  4 0.0550 0.2076 0.1586 0.0615 0.1559 0.3613 
 H479.5_2006  4 0.0093 0.0188 0.8975 0.0105 0.0089 0.0551 
 H479.6_2005  4 0.0159 0.0223 0.7082 0.2018 0.0155 0.0363 
 H479.6_2006  4 0.0162 0.0073 0.6326 0.0210 0.0099 0.3130 
 H479.7_2005  4 0.0245 0.0274 0.7764 0.0667 0.0320 0.0730 
 H479.7_2006  4 0.0219 0.0138 0.8732 0.0187 0.0132 0.0593 
 H479.8_2005  4 0.0122 0.0157 0.7851 0.0422 0.0164 0.1283 
 H479.8_2006  4 0.0306 0.0643 0.8393 0.0163 0.0252 0.0242 
      H479.9  4 0.0127 0.0933 0.8437 0.0082 0.0268 0.0152 
      H516.1  4 0.2249 0.6584 0.0363 0.0155 0.0311 0.0337 
      H516.2  4 0.0799 0.7912 0.0814 0.0108 0.0120 0.0246 
      H516.3  4 0.5226 0.4113 0.0332 0.0060 0.0141 0.0128 
      H516.4  4 0.0338 0.8977 0.0298 0.0089 0.0165 0.0135 
      H516.5  4 0.1481 0.7220 0.0689 0.0165 0.0240 0.0205 
      H516.6  4 0.0569 0.8264 0.0851 0.0093 0.0096 0.0127 
      H516.7  4 0.0197 0.7443 0.1408 0.0072 0.0519 0.0361 
      H516.8  4 0.1922 0.7231 0.0454 0.0087 0.0179 0.0127 
      H516.9  4 0.1071 0.6722 0.1267 0.0061 0.0310 0.0569 
      H646.1  4 0.0665 0.4830 0.1177 0.0082 0.2973 0.0274 
      H646.2  4 0.0317 0.5403 0.1934 0.0127 0.2094 0.0125 
      H646.3  4 0.0395 0.8878 0.0359 0.0060 0.0154 0.0155 
      H646.4  4 0.0365 0.1693 0.2312 0.0107 0.5327 0.0196 
      H646.5  4 0.0622 0.6135 0.2593 0.0057 0.0327 0.0265 
      H658.1  4 0.0459 0.7301 0.1483 0.0434 0.0224 0.0099 
     H658.10  4 0.0141 0.6327 0.3163 0.0110 0.0145 0.0115 
      H658.2  4 0.0651 0.7116 0.1250 0.0166 0.0681 0.0136 
      H658.3  4 0.0152 0.7681 0.1489 0.0208 0.0196 0.0273 
      H658.4  4 0.0132 0.7987 0.1406 0.0076 0.0174 0.0226 
      H658.5  4 0.0189 0.0826 0.8580 0.0056 0.0121 0.0228 
      H658.6  4 0.0173 0.6935 0.2388 0.0104 0.0238 0.0162 
      H658.7  4 0.0115 0.8995 0.0385 0.0101 0.0264 0.0140 
      H658.8  4 0.0170 0.9080 0.0200 0.0196 0.0280 0.0074 
      H658.9  4 0.0303 0.6069 0.2734 0.0114 0.0522 0.0258 
      H682.1  4 0.0635 0.0236 0.4277 0.0197 0.1337 0.3319 
      H682.6  4 0.3323 0.1842 0.0874 0.0281 0.1110 0.2570 
      H720.1  4 0.0224 0.0227 0.4754 0.0120 0.3328 0.1348 
