      H105.1  1 0.0116 0.0089 0.0251 0.0194 0.0133 0.0190 0.0073 0.0285 0.3744 0.0081 0.0048 0.3694 0.0167 0.0147 0.0073 0.0069 0.0057 0.0073 0.0082 0.0057 0.0377 
      H105.2  1 0.0043 0.0075 0.0116 0.0184 0.0276 0.0063 0.0075 0.0091 0.1797 0.0257 0.0125 0.0944 0.0173 0.4292 0.0256 0.0364 0.0103 0.0107 0.0106 0.0093 0.0462 
      H105.3  1 0.0077 0.0070 0.0178 0.0302 0.0101 0.0059 0.0106 0.0132 0.7529 0.0101 0.0155 0.0330 0.0148 0.0081 0.0164 0.0108 0.0058 0.0060 0.0085 0.0059 0.0099 
      H105.4  1 0.0103 0.0124 0.0162 0.0097 0.0107 0.0097 0.0125 0.0100 0.4410 0.0102 0.0952 0.0555 0.0091 0.0938 0.0269 0.0385 0.0145 0.0055 0.0252 0.0194 0.0737 
      H105.5  1 0.0097 0.0469 0.0371 0.0489 0.0185 0.0291 0.0184 0.0088 0.0389 0.0213 0.0383 0.2372 0.1194 0.1021 0.0205 0.0696 0.0126 0.0083 0.0338 0.0141 0.0665 
      H105.6  1 0.0084 0.0219 0.0095 0.0089 0.0071 0.0038 0.0191 0.0111 0.7262 0.0052 0.0257 0.0389 0.0090 0.0107 0.0144 0.0257 0.0056 0.0053 0.0185 0.0073 0.0178 
      H105.7  1 0.0048 0.0113 0.0167 0.0103 0.0157 0.0141 0.0081 0.0314 0.5730 0.0056 0.0057 0.0812 0.0101 0.0488 0.0052 0.0052 0.0238 0.0051 0.0129 0.0051 0.1060 
      H105.8  1 0.0038 0.0091 0.0099 0.0119 0.0219 0.0067 0.0078 0.0303 0.5697 0.0103 0.0091 0.2013 0.0052 0.0098 0.0193 0.0241 0.0066 0.0072 0.0065 0.0101 0.0195 
      H115.1  1 0.0135 0.7899 0.0058 0.0187 0.0117 0.0121 0.0112 0.0208 0.0118 0.0073 0.0083 0.0074 0.0058 0.0072 0.0184 0.0066 0.0105 0.0075 0.0096 0.0063 0.0097 
      H115.2  1 0.0068 0.8466 0.0056 0.0083 0.0152 0.0100 0.0101 0.0077 0.0093 0.0053 0.0068 0.0058 0.0100 0.0061 0.0067 0.0073 0.0063 0.0094 0.0058 0.0069 0.0040 
      H115.3  1 0.0271 0.6954 0.0114 0.0044 0.0102 0.0177 0.0137 0.0065 0.0135 0.0117 0.0630 0.0045 0.0326 0.0208 0.0065 0.0157 0.0078 0.0064 0.0034 0.0173 0.0104 
      H115.4  1 0.0844 0.2127 0.0150 0.0842 0.0261 0.0680 0.0083 0.0119 0.0091 0.0302 0.0075 0.0088 0.2318 0.0137 0.0562 0.0168 0.0118 0.0086 0.0054 0.0780 0.0117 
      H115.5  1 0.0767 0.4454 0.0203 0.0159 0.0341 0.0430 0.0065 0.0276 0.0256 0.0769 0.0327 0.0115 0.0171 0.0156 0.0093 0.0284 0.0131 0.0509 0.0180 0.0183 0.0130 
      H115.6  1 0.0311 0.5289 0.0182 0.0112 0.0089 0.0174 0.0376 0.0120 0.0103 0.0181 0.0505 0.0056 0.1160 0.0494 0.0041 0.0168 0.0175 0.0165 0.0077 0.0160 0.0061 
      H115.7  1 0.0247 0.4696 0.0166 0.0192 0.0117 0.0188 0.0150 0.0063 0.0121 0.0242 0.0243 0.0051 0.0894 0.1920 0.0123 0.0068 0.0168 0.0059 0.0106 0.0105 0.0080 
      H115.8  1 0.0200 0.6527 0.0065 0.0111 0.0244 0.0161 0.0127 0.0482 0.0182 0.0230 0.0135 0.0079 0.0243 0.0106 0.0049 0.0136 0.0123 0.0498 0.0050 0.0165 0.0087 
      H115.9  1 0.0090 0.8186 0.0072 0.0122 0.0050 0.0133 0.0086 0.0279 0.0059 0.0056 0.0149 0.0051 0.0044 0.0048 0.0099 0.0094 0.0068 0.0066 0.0088 0.0056 0.0105 
      H145.1  1 0.7169 0.0283 0.0146 0.0125 0.0045 0.0084 0.0224 0.0152 0.0105 0.0042 0.0219 0.0087 0.0119 0.0106 0.0056 0.0140 0.0051 0.0410 0.0095 0.0103 0.0237 
      H145.2  1 0.4419 0.0105 0.0090 0.0069 0.0055 0.0093 0.0222 0.0114 0.0091 0.0039 0.2317 0.0445 0.0127 0.0535 0.0201 0.0146 0.0052 0.0385 0.0100 0.0131 0.0263 
      H145.3  1 0.5920 0.0088 0.0061 0.0042 0.0033 0.0071 0.0142 0.0874 0.0048 0.0313 0.0104 0.0097 0.0100 0.0342 0.0062 0.0270 0.0102 0.0998 0.0061 0.0097 0.0174 
      H145.4  1 0.7923 0.0102 0.0071 0.0077 0.0041 0.0117 0.0103 0.0094 0.0103 0.0058 0.0124 0.0051 0.0081 0.0227 0.0044 0.0066 0.0043 0.0223 0.0113 0.0094 0.0243 
      H145.5  1 0.5711 0.0063 0.0068 0.0062 0.0044 0.0054 0.0156 0.0083 0.0045 0.0102 0.0064 0.0068 0.0105 0.0186 0.0055 0.0151 0.0053 0.2675 0.0079 0.0074 0.0101 
      H145.6  1 0.4353 0.0049 0.0049 0.0050 0.0065 0.0117 0.0105 0.0073 0.0060 0.0300 0.1816 0.0260 0.0102 0.1605 0.0132 0.0116 0.0083 0.0315 0.0077 0.0104 0.0168 
      H145.7  1 0.7058 0.0055 0.0064 0.0038 0.0039 0.0081 0.0078 0.0106 0.0046 0.0520 0.0126 0.0072 0.0072 0.0935 0.0050 0.0084 0.0065 0.0077 0.0059 0.0191 0.0184 
      H149.1  1 0.9082 0.0048 0.0037 0.0049 0.0065 0.0054 0.0065 0.0042 0.0038 0.0032 0.0050 0.0037 0.0051 0.0037 0.0058 0.0044 0.0042 0.0045 0.0050 0.0037 0.0039 
      H149.2  1 0.8436 0.0045 0.0127 0.0082 0.0049 0.0098 0.0103 0.0037 0.0041 0.0040 0.0069 0.0082 0.0106 0.0299 0.0055 0.0041 0.0064 0.0037 0.0075 0.0041 0.0070 
      H149.3  1 0.8051 0.0087 0.0125 0.0060 0.0083 0.0133 0.0109 0.0054 0.0082 0.0070 0.0137 0.0050 0.0133 0.0213 0.0110 0.0050 0.0140 0.0033 0.0168 0.0067 0.0047 
      H149.4  1 0.7031 0.0072 0.0129 0.0053 0.0082 0.0153 0.0278 0.0084 0.0203 0.0059 0.0169 0.0350 0.0068 0.0214 0.0264 0.0055 0.0187 0.0123 0.0091 0.0247 0.0088 
      H149.5  1 0.5754 0.0030 0.0115 0.0055 0.0061 0.0293 0.0083 0.0064 0.0102 0.0059 0.0066 0.0322 0.0096 0.2292 0.0160 0.0053 0.0126 0.0040 0.0071 0.0091 0.0067 
      H149.6  1 0.7887 0.0033 0.0088 0.0089 0.0054 0.0079 0.0069 0.0035 0.0060 0.0038 0.0048 0.0075 0.0089 0.0906 0.0056 0.0035 0.0128 0.0038 0.0083 0.0040 0.0067 
      H149.7  1 0.3599 0.0056 0.0206 0.0097 0.0171 0.0346 0.0260 0.0115 0.0254 0.0076 0.0138 0.0252 0.0123 0.1479 0.0437 0.0070 0.1119 0.0087 0.0822 0.0222 0.0073 
      H150.1  1 0.0039 0.8565 0.0064 0.0052 0.0047 0.0048 0.0054 0.0076 0.0101 0.0062 0.0109 0.0067 0.0163 0.0124 0.0036 0.0086 0.0046 0.0079 0.0052 0.0077 0.0054 
      H150.2  1 0.0059 0.8000 0.0076 0.0086 0.0092 0.0139 0.0086 0.0039 0.0109 0.0098 0.0065 0.0051 0.0276 0.0259 0.0062 0.0061 0.0079 0.0166 0.0061 0.0100 0.0034 
      H150.3  1 0.0065 0.8223 0.0064 0.0093 0.0063 0.0064 0.0078 0.0083 0.0098 0.0105 0.0070 0.0066 0.0156 0.0192 0.0036 0.0104 0.0097 0.0068 0.0115 0.0088 0.0070 
      H150.4  1 0.0047 0.8680 0.0059 0.0074 0.0042 0.0064 0.0057 0.0067 0.0052 0.0068 0.0079 0.0045 0.0104 0.0118 0.0031 0.0058 0.0075 0.0107 0.0065 0.0056 0.0051 
      H150.5  1 0.0110 0.7338 0.0140 0.0052 0.0124 0.0165 0.0130 0.0059 0.0236 0.0085 0.0148 0.0075 0.0267 0.0524 0.0067 0.0078 0.0087 0.0047 0.0048 0.0153 0.0065 
      H150.6  1 0.0098 0.3176 0.0120 0.0063 0.0175 0.0253 0.0118 0.0034 0.0838 0.0510 0.0092 0.0092 0.2285 0.1419 0.0082 0.0072 0.0080 0.0102 0.0049 0.0304 0.0038 
      H150.7  1 0.0038 0.8700 0.0055 0.0052 0.0037 0.0034 0.0069 0.0083 0.0055 0.0048 0.0214 0.0054 0.0082 0.0074 0.0027 0.0093 0.0037 0.0075 0.0047 0.0076 0.0050 
   H169607.1  1 0.0407 0.0645 0.1225 0.1736 0.0223 0.0198 0.0186 0.0241 0.0109 0.0353 0.0350 0.0523 0.0180 0.1375 0.0467 0.0557 0.0406 0.0259 0.0093 0.0331 0.0137 
   H169607.2  1 0.0135 0.0675 0.1358 0.0315 0.0171 0.0113 0.0812 0.0395 0.0097 0.0083 0.0210 0.0393 0.0137 0.1457 0.0252 0.0855 0.0130 0.0044 0.0098 0.0448 0.1822 
   H169607.3  1 0.0271 0.0255 0.0628 0.0173 0.0149 0.0678 0.0100 0.0525 0.0084 0.0255 0.0342 0.1036 0.0105 0.3190 0.0378 0.0358 0.0269 0.0194 0.0102 0.0159 0.0748 
   H169607.4  1 0.0120 0.0139 0.2066 0.0132 0.0175 0.0065 0.2092 0.0072 0.0082 0.0080 0.0317 0.1027 0.0061 0.0886 0.0064 0.1054 0.0114 0.0066 0.0070 0.0097 0.1221 
   H169607.5  1 0.0164 0.0734 0.1172 0.0129 0.0086 0.0544 0.0187 0.0382 0.0068 0.0095 0.0418 0.0103 0.0129 0.3027 0.0202 0.0118 0.0088 0.0078 0.0058 0.1141 0.1078 
   H169607.6  1 0.0073 0.0337 0.0868 0.0279 0.0258 0.0089 0.0384 0.0301 0.0070 0.0110 0.0155 0.0620 0.0112 0.1688 0.0360 0.0452 0.0067 0.0047 0.0056 0.0280 0.3395 
   H169607.7  1 0.0129 0.0743 0.0991 0.0444 0.0553 0.0094 0.0257 0.0751 0.0266 0.0165 0.0132 0.0475 0.0196 0.0675 0.0500 0.0239 0.0097 0.0071 0.0046 0.2310 0.0865 
   H169607.8  1 0.0079 0.0131 0.2146 0.0160 0.0194 0.0067 0.0823 0.0134 0.0046 0.0106 0.0227 0.0856 0.0056 0.0584 0.0087 0.0667 0.0124 0.0052 0.0094 0.0089 0.3278 
   H169633.1  1 0.7927 0.0106 0.0051 0.0112 0.0260 0.0096 0.0043 0.0054 0.0223 0.0212 0.0136 0.0078 0.0149 0.0042 0.0060 0.0071 0.0079 0.0114 0.0102 0.0038 0.0047 
   H169633.2  1 0.7251 0.0057 0.0041 0.0398 0.0368 0.0067 0.0057 0.0134 0.0189 0.0148 0.0066 0.0089 0.0115 0.0205 0.0182 0.0063 0.0299 0.0072 0.0081 0.0086 0.0031 
   H169633.3  1 0.7835 0.0109 0.0061 0.0092 0.0212 0.0162 0.0079 0.0111 0.0150 0.0087 0.0058 0.0050 0.0324 0.0035 0.0141 0.0054 0.0092 0.0065 0.0175 0.0065 0.0042 
   H169633.4  1 0.7982 0.0106 0.0066 0.0075 0.0091 0.0138 0.0116 0.0082 0.0204 0.0144 0.0228 0.0080 0.0128 0.0042 0.0093 0.0055 0.0048 0.0120 0.0084 0.0051 0.0068 
   H169633.5  1 0.7804 0.0122 0.0061 0.0080 0.0084 0.0213 0.0122 0.0068 0.0184 0.0153 0.0245 0.0095 0.0097 0.0049 0.0138 0.0060 0.0052 0.0188 0.0079 0.0053 0.0054 
   H169688.1  1 0.1776 0.0252 0.0080 0.0076 0.1218 0.0057 0.0180 0.0105 0.0048 0.1023 0.0052 0.0062 0.0043 0.0937 0.0287 0.0310 0.2585 0.0047 0.0277 0.0114 0.0471 
   H169688.2  1 0.0119 0.0170 0.0070 0.0044 0.3619 0.0062 0.0087 0.0087 0.0081 0.0287 0.0042 0.0146 0.0056 0.0222 0.0129 0.0853 0.3170 0.0120 0.0145 0.0389 0.0102 
   H169688.3  1 0.2722 0.0249 0.0067 0.0073 0.2345 0.0088 0.0161 0.0046 0.0115 0.0198 0.0051 0.0154 0.0063 0.0492 0.0050 0.0410 0.1950 0.0063 0.0110 0.0474 0.0118 
   H169688.4  1 0.0337 0.4261 0.0081 0.0054 0.1728 0.0092 0.0111 0.0058 0.0116 0.0194 0.0084 0.0089 0.0056 0.0096 0.0055 0.0764 0.0636 0.0160 0.0125 0.0813 0.0091 
   H169688.5  1 0.0399 0.3951 0.0053 0.0055 0.1840 0.0089 0.0085 0.0092 0.0104 0.0241 0.0116 0.0082 0.0060 0.0101 0.0065 0.0923 0.0663 0.0200 0.0081 0.0717 0.0083 
   H169688.6  1 0.1184 0.0482 0.0069 0.0050 0.2503 0.0073 0.0072 0.0067 0.0237 0.0181 0.0075 0.0087 0.0032 0.0266 0.0935 0.0158 0.1938 0.0654 0.0089 0.0669 0.0179 
   H169688.7  1 0.3423 0.0235 0.0065 0.0080 0.1749 0.0091 0.0129 0.0080 0.0071 0.0176 0.0094 0.0232 0.0133 0.0076 0.0043 0.0600 0.0519 0.0133 0.0112 0.1868 0.0091 
   H171901.1  1 0.0092 0.0110 0.0061 0.0082 0.0122 0.0114 0.0058 0.0097 0.0048 0.0066 0.0187 0.0163 0.0106 0.7708 0.0048 0.0098 0.0069 0.0348 0.0082 0.0259 0.0081 
   H171901.2  1 0.6764 0.0283 0.0083 0.0067 0.0340 0.0068 0.0325 0.0144 0.0197 0.0078 0.0138 0.0115 0.0266 0.0117 0.0049 0.0341 0.0073 0.0080 0.0072 0.0190 0.0210 
   H171901.3  1 0.3302 0.0194 0.0096 0.0072 0.1585 0.0198 0.0751 0.0096 0.0094 0.0205 0.0314 0.0093 0.0175 0.0574 0.0197 0.0693 0.0648 0.0066 0.0114 0.0458 0.0075 
   H171901.4  1 0.5097 0.0229 0.0213 0.0143 0.0829 0.0093 0.0743 0.0159 0.0261 0.0113 0.0192 0.0082 0.0166 0.0187 0.0135 0.0413 0.0157 0.0079 0.0073 0.0533 0.0102 
   H171901.5  1 0.2359 0.0142 0.0265 0.0113 0.0525 0.0117 0.4092 0.0095 0.0143 0.0050 0.0193 0.0154 0.0154 0.0330 0.0129 0.0446 0.0149 0.0064 0.0083 0.0334 0.0065 
   H171901.6  1 0.1697 0.0191 0.0358 0.0127 0.0399 0.0099 0.4539 0.0091 0.0241 0.0043 0.0380 0.0130 0.0118 0.0223 0.0235 0.0397 0.0240 0.0054 0.0149 0.0210 0.0080 
   H171901.7  1 0.4099 0.0278 0.0085 0.0068 0.0588 0.0154 0.1263 0.0197 0.0119 0.0105 0.0145 0.0078 0.0172 0.0164 0.0603 0.0210 0.0340 0.0067 0.0178 0.0988 0.0099 
   H171902.1  1 0.0098 0.0273 0.0109 0.0255 0.0080 0.0040 0.6368 0.0108 0.0056 0.0163 0.0121 0.0077 0.0070 0.0083 0.0230 0.0795 0.0099 0.0739 0.0074 0.0080 0.0085 
  H171902.10  1 0.0094 0.0082 0.0052 0.0070 0.0093 0.0030 0.8563 0.0050 0.0035 0.0087 0.0061 0.0057 0.0092 0.0083 0.0113 0.0064 0.0053 0.0090 0.0038 0.0069 0.0124 
   H171902.2  1 0.0195 0.0245 0.0171 0.0138 0.0356 0.0073 0.3358 0.0523 0.0209 0.0827 0.0064 0.0102 0.0113 0.0152 0.0617 0.1312 0.0598 0.0548 0.0195 0.0092 0.0112 
   H171902.3  1 0.0308 0.0441 0.0175 0.0160 0.0389 0.0059 0.6601 0.0118 0.0084 0.0117 0.0073 0.0250 0.0092 0.0133 0.0179 0.0223 0.0090 0.0128 0.0098 0.0167 0.0117 
   H171902.4  1 0.1073 0.0116 0.0048 0.0045 0.0076 0.0049 0.7018 0.0128 0.0072 0.0070 0.0056 0.0041 0.0088 0.0076 0.0063 0.0231 0.0086 0.0463 0.0077 0.0033 0.0091 
   H171902.6  1 0.0101 0.0128 0.0064 0.0069 0.0059 0.0042 0.8444 0.0061 0.0031 0.0087 0.0112 0.0088 0.0104 0.0083 0.0103 0.0059 0.0049 0.0123 0.0066 0.0046 0.0081 
   H171902.7  1 0.0189 0.0080 0.0176 0.0079 0.0051 0.0046 0.7349 0.0058 0.0043 0.0040 0.0075 0.0153 0.0153 0.0667 0.0048 0.0126 0.0065 0.0381 0.0050 0.0056 0.0113 
   H171902.8  1 0.0099 0.0195 0.0093 0.0087 0.0082 0.0053 0.8040 0.0078 0.0041 0.0089 0.0101 0.0179 0.0119 0.0136 0.0099 0.0074 0.0059 0.0137 0.0061 0.0063 0.0115 
   H171902.9  1 0.0129 0.0895 0.0105 0.0071 0.0065 0.0044 0.5706 0.0145 0.0101 0.0059 0.0107 0.0049 0.0103 0.0160 0.0098 0.1016 0.0089 0.0702 0.0174 0.0059 0.0120 
   H171903.1  1 0.0169 0.0904 0.0445 0.0197 0.0077 0.0094 0.0196 0.0214 0.0163 0.0047 0.0079 0.0048 0.0088 0.0271 0.0156 0.0211 0.0078 0.0040 0.0075 0.0834 0.5615 
   H171903.2  1 0.0093 0.0276 0.0328 0.0200 0.0081 0.0365 0.0130 0.0393 0.0193 0.0071 0.0114 0.0543 0.0088 0.0099 0.0200 0.0630 0.0112 0.0109 0.0082 0.0663 0.5230 
   H171903.3  1 0.0217 0.0395 0.0563 0.0640 0.0259 0.1156 0.0618 0.0307 0.0128 0.0068 0.0108 0.0369 0.0396 0.0719 0.0259 0.0543 0.0260 0.0158 0.0246 0.0870 0.1721 
   H171903.4  1 0.0128 0.0184 0.0195 0.0061 0.0103 0.0086 0.0168 0.0072 0.0081 0.0133 0.0297 0.0089 0.0177 0.6386 0.0083 0.0255 0.0780 0.0128 0.0126 0.0182 0.0285 
   H171903.5  1 0.0444 0.0629 0.0316 0.0804 0.0337 0.1738 0.0125 0.0253 0.0150 0.0104 0.0105 0.2242 0.0148 0.0234 0.0141 0.0250 0.0251 0.0114 0.0140 0.1066 0.0411 
   H171903.6  1 0.1567 0.0766 0.0891 0.0081 0.0480 0.0629 0.0204 0.0153 0.0064 0.0080 0.0217 0.0400 0.0071 0.0870 0.0190 0.0330 0.0258 0.0046 0.0132 0.1779 0.0790 
      H177.1  1 0.0725 0.0242 0.0200 0.0057 0.0233 0.0105 0.3853 0.0066 0.0060 0.0040 0.0122 0.0069 0.0144 0.0711 0.0749 0.0141 0.1760 0.0123 0.0121 0.0213 0.0266 
      H177.2  1 0.3553 0.0139 0.1382 0.0107 0.0222 0.0223 0.0718 0.0449 0.0054 0.0190 0.0264 0.0712 0.0172 0.0062 0.0487 0.0284 0.0145 0.0133 0.0086 0.0438 0.0178 
      H177.3  1 0.3463 0.0253 0.0651 0.0069 0.0302 0.0129 0.1464 0.0105 0.0056 0.0049 0.1115 0.0327 0.0197 0.0094 0.0573 0.0144 0.0179 0.0186 0.0203 0.0290 0.0150 
      H177.4  1 0.0698 0.0070 0.0179 0.0062 0.0203 0.0111 0.0550 0.0095 0.0128 0.0038 0.0111 0.0076 0.0124 0.0222 0.5067 0.0146 0.1566 0.0121 0.0107 0.0112 0.0212 
      H177.5  1 0.0174 0.0167 0.0385 0.0047 0.0311 0.0269 0.0831 0.0174 0.0242 0.0102 0.0095 0.0140 0.0179 0.0136 0.0141 0.0220 0.5604 0.0083 0.0119 0.0258 0.0322 
      H177.6  1 0.2969 0.0147 0.0257 0.0061 0.0375 0.0139 0.2462 0.0116 0.0054 0.0040 0.1197 0.0248 0.0241 0.0082 0.0483 0.0184 0.0119 0.0177 0.0240 0.0301 0.0110 
      H179.1  1 0.0065 0.0137 0.0281 0.0417 0.0992 0.0168 0.0167 0.0108 0.0142 0.0089 0.0326 0.0537 0.0065 0.0092 0.4838 0.0072 0.0814 0.0048 0.0477 0.0121 0.0045 
      H179.2  1 0.0045 0.0155 0.0214 0.0279 0.0105 0.0115 0.0092 0.0064 0.0102 0.0046 0.0080 0.0188 0.0115 0.0077 0.7690 0.0107 0.0211 0.0039 0.0148 0.0076 0.0053 
      H179.3  1 0.0050 0.0297 0.0169 0.0363 0.0644 0.0273 0.0097 0.0237 0.0108 0.0118 0.0271 0.0486 0.0061 0.0128 0.3834 0.0328 0.1647 0.0070 0.0167 0.0514 0.0138 
      H179.4  1 0.0106 0.0048 0.0132 0.0097 0.0098 0.0079 0.0086 0.0113 0.0054 0.0105 0.0058 0.0137 0.0075 0.0070 0.7922 0.0143 0.0277 0.0041 0.0122 0.0189 0.0048 
      H180.1  1 0.0075 0.4058 0.0095 0.0291 0.0635 0.0603 0.0478 0.0074 0.0581 0.0325 0.0070 0.0188 0.0543 0.0169 0.0334 0.0811 0.0110 0.0174 0.0064 0.0231 0.0093 
      H180.2  1 0.0059 0.5075 0.0112 0.0062 0.0518 0.0100 0.0359 0.0052 0.1349 0.0344 0.0107 0.0083 0.0215 0.0368 0.0186 0.0368 0.0137 0.0134 0.0125 0.0163 0.0084 
      H180.3  1 0.0105 0.6661 0.0082 0.0415 0.0053 0.0286 0.0065 0.0124 0.0215 0.0062 0.0075 0.0080 0.0066 0.0064 0.0085 0.0661 0.0055 0.0171 0.0442 0.0160 0.0073 
      H180.4  1 0.0078 0.1189 0.0100 0.0063 0.1026 0.0312 0.0729 0.0129 0.2730 0.0167 0.0056 0.0235 0.1292 0.0212 0.0292 0.0695 0.0137 0.0207 0.0130 0.0131 0.0090 
      H180.5  1 0.0090 0.2222 0.0420 0.0071 0.0428 0.0138 0.0346 0.0343 0.0245 0.0347 0.0065 0.0096 0.3095 0.0138 0.0456 0.0333 0.0191 0.0458 0.0052 0.0258 0.0210 
      H180.6  1 0.0114 0.1079 0.0068 0.0096 0.0130 0.0105 0.0186 0.4762 0.0245 0.0286 0.0126 0.0117 0.0964 0.0129 0.0112 0.0505 0.0079 0.0439 0.0114 0.0268 0.0075 
      H181.1  1 0.2131 0.0134 0.0188 0.0100 0.0504 0.1469 0.0523 0.0057 0.0090 0.1679 0.0084 0.0698 0.0199 0.0199 0.0974 0.0083 0.0073 0.0161 0.0106 0.0057 0.0493 
      H181.2  1 0.1000 0.0146 0.0177 0.0148 0.0491 0.0204 0.1484 0.0078 0.0111 0.1228 0.0077 0.0089 0.0645 0.0156 0.3107 0.0109 0.0170 0.0195 0.0123 0.0074 0.0188 
      H181.3  1 0.0486 0.0051 0.0201 0.0048 0.0668 0.0083 0.0546 0.0093 0.0083 0.2844 0.0093 0.0052 0.0266 0.0185 0.3457 0.0202 0.0120 0.0143 0.0075 0.0094 0.0212 
      H181.4  1 0.1614 0.0929 0.0937 0.0091 0.0172 0.2528 0.0567 0.0147 0.0114 0.0631 0.0118 0.0121 0.0315 0.0238 0.0442 0.0279 0.0142 0.0049 0.0237 0.0134 0.0197 
      H181.5  1 0.0094 0.0073 0.0139 0.0127 0.0180 0.0153 0.0112 0.0112 0.0109 0.0885 0.0096 0.0161 0.0416 0.0207 0.6226 0.0058 0.0239 0.0133 0.0310 0.0050 0.0120 
      H181.6  1 0.0082 0.0294 0.0124 0.0309 0.0150 0.0206 0.0244 0.0084 0.0461 0.0117 0.0132 0.0138 0.0474 0.0172 0.6344 0.0137 0.0176 0.0053 0.0132 0.0066 0.0103 
      H181.7  1 0.0233 0.0194 0.0062 0.0073 0.0226 0.0319 0.0067 0.0146 0.0075 0.0200 0.0096 0.0912 0.0055 0.0072 0.6748 0.0170 0.0054 0.0074 0.0051 0.0088 0.0087 
 H194.1_2004  1 0.0202 0.0699 0.0099 0.0129 0.0073 0.0086 0.1956 0.0138 0.0102 0.0104 0.0123 0.0057 0.0501 0.0301 0.0065 0.0250 0.0091 0.0116 0.1541 0.0302 0.3067 
 H194.2_2004  1 0.0176 0.0074 0.0059 0.0078 0.0102 0.0076 0.0919 0.0066 0.0043 0.0050 0.0130 0.0052 0.0361 0.6689 0.0072 0.0104 0.0149 0.0327 0.0121 0.0048 0.0304 
 H194.3_2004  1 0.1106 0.0052 0.0054 0.0077 0.0141 0.0066 0.1442 0.0074 0.0061 0.0043 0.0080 0.0069 0.0090 0.0084 0.0168 0.0078 0.0090 0.0198 0.5675 0.0067 0.0287 
 H194.4_2004  1 0.3213 0.0121 0.0103 0.0067 0.0091 0.0038 0.0786 0.0110 0.0043 0.0072 0.0065 0.0079 0.0170 0.2469 0.0188 0.0124 0.0669 0.0285 0.0217 0.0068 0.1022 
 H194.5_2004  1 0.0799 0.0141 0.0166 0.0129 0.0064 0.0118 0.0859 0.0153 0.0170 0.0070 0.0113 0.0124 0.0149 0.0405 0.0307 0.0151 0.0165 0.0054 0.5102 0.0247 0.0516 
 H194.6_2004  1 0.1377 0.0157 0.0143 0.0079 0.0076 0.0104 0.0631 0.0141 0.0067 0.0053 0.0090 0.0084 0.0133 0.0564 0.0447 0.0228 0.1439 0.0071 0.3787 0.0135 0.0194 
 H194.7_2004  1 0.0319 0.0135 0.0183 0.0080 0.0093 0.0133 0.0152 0.0819 0.0083 0.0121 0.0064 0.0096 0.0152 0.0312 0.0069 0.0062 0.0165 0.0072 0.1810 0.0226 0.4854 
 H194.8_2004  1 0.1449 0.0133 0.0186 0.0079 0.0093 0.0094 0.0314 0.0125 0.0073 0.0084 0.0102 0.0088 0.0160 0.3719 0.0372 0.0143 0.0920 0.0132 0.1379 0.0176 0.0178 
      H194.9  1 0.0490 0.0545 0.0150 0.0091 0.0087 0.0136 0.0407 0.1114 0.0184 0.0122 0.0129 0.0060 0.0306 0.0408 0.0104 0.0149 0.0239 0.0166 0.2798 0.0223 0.2093 
 H195.1_2003  1 0.0511 0.0069 0.0125 0.0111 0.0111 0.0059 0.0160 0.0086 0.1528 0.0157 0.0073 0.0164 0.0416 0.0404 0.0131 0.5071 0.0288 0.0043 0.0169 0.0197 0.0126 
 H195.1_2004  1 0.7830 0.0056 0.0043 0.0033 0.0136 0.0074 0.0076 0.0037 0.0071 0.0313 0.0096 0.0085 0.0482 0.0050 0.0060 0.0135 0.0069 0.0120 0.0074 0.0066 0.0094 
 H195.2_2003  1 0.0262 0.0105 0.0130 0.0092 0.0177 0.0034 0.0161 0.0132 0.0176 0.0055 0.0080 0.0066 0.0119 0.0070 0.0095 0.7620 0.0196 0.0074 0.0140 0.0076 0.0139 
 H195.2_2004  1 0.7207 0.0112 0.0132 0.0047 0.0115 0.0046 0.0065 0.0086 0.0208 0.0190 0.0045 0.0133 0.0120 0.0076 0.0078 0.0430 0.0119 0.0299 0.0091 0.0111 0.0291 
 H195.3_2003  1 0.0167 0.0359 0.0471 0.0065 0.0152 0.0073 0.0108 0.0138 0.0962 0.0104 0.0091 0.0082 0.0128 0.0243 0.0070 0.5835 0.0267 0.0058 0.0164 0.0176 0.0287 
 H195.3_2004  1 0.7534 0.0042 0.0048 0.0045 0.0056 0.0056 0.0153 0.0037 0.0259 0.0154 0.0053 0.0046 0.0149 0.0070 0.0085 0.0458 0.0060 0.0089 0.0079 0.0052 0.0475 
 H195.4_2003  1 0.3015 0.0048 0.0117 0.0112 0.0091 0.0106 0.0113 0.0076 0.0716 0.0077 0.0090 0.0115 0.1259 0.0263 0.0103 0.3084 0.0088 0.0048 0.0161 0.0128 0.0189 
 H195.4_2004  1 0.6615 0.0055 0.0061 0.0040 0.0159 0.0084 0.0058 0.0156 0.0086 0.1118 0.0098 0.0052 0.0117 0.0082 0.0079 0.0244 0.0417 0.0060 0.0097 0.0051 0.0273 
 H195.5_2003  1 0.0513 0.0114 0.0098 0.0080 0.0108 0.0066 0.0163 0.0064 0.3085 0.0219 0.0094 0.0237 0.0715 0.0331 0.0132 0.3323 0.0184 0.0044 0.0120 0.0202 0.0110 
 H195.5_2004  1 0.7806 0.0051 0.0053 0.0038 0.0075 0.0059 0.0060 0.0057 0.0223 0.0378 0.0088 0.0048 0.0113 0.0076 0.0090 0.0146 0.0053 0.0090 0.0057 0.0035 0.0405 
 H195.6_2003  1 0.0774 0.0117 0.0130 0.0066 0.0152 0.0078 0.0103 0.0110 0.1615 0.0144 0.0055 0.0047 0.0227 0.0130 0.0085 0.5574 0.0063 0.0068 0.0073 0.0087 0.0300 
 H195.6_2004  1 0.7078 0.0034 0.0075 0.0065 0.0058 0.0042 0.0072 0.0081 0.0351 0.0147 0.0050 0.0109 0.0101 0.0062 0.0142 0.0193 0.0105 0.0103 0.0194 0.0090 0.0847 
 H195.7_2003  1 0.3048 0.0056 0.0186 0.0084 0.0246 0.0069 0.0088 0.0093 0.0212 0.0160 0.0089 0.0324 0.0149 0.0286 0.0186 0.2232 0.1966 0.0036 0.0160 0.0178 0.0151 
 H195.7_2004  1 0.6133 0.0169 0.0101 0.0041 0.0252 0.0124 0.0071 0.0067 0.0205 0.0356 0.0127 0.0077 0.0359 0.0077 0.0066 0.0236 0.0057 0.1221 0.0065 0.0093 0.0103 
      H195.8  1 0.6604 0.0091 0.0055 0.0042 0.0117 0.0080 0.0053 0.0116 0.0068 0.1355 0.0135 0.0070 0.0358 0.0102 0.0071 0.0112 0.0103 0.0105 0.0063 0.0059 0.0242 
      H195.9  1 0.7514 0.0046 0.0085 0.0030 0.0077 0.0057 0.0107 0.0101 0.0108 0.0213 0.0049 0.0086 0.0151 0.0066 0.0092 0.0224 0.0115 0.0053 0.0092 0.0073 0.0662 
      H415.1  1 0.0995 0.1444 0.0067 0.4303 0.0131 0.0118 0.0504 0.0254 0.0105 0.0074 0.0099 0.0084 0.0181 0.0289 0.0065 0.0103 0.0190 0.0684 0.0140 0.0100 0.0069 
      H415.2  1 0.0147 0.0175 0.0080 0.0282 0.0117 0.0089 0.8003 0.0071 0.0071 0.0027 0.0112 0.0067 0.0055 0.0059 0.0075 0.0084 0.0082 0.0082 0.0202 0.0072 0.0050 
      H415.3  1 0.0481 0.0078 0.0148 0.6705 0.0223 0.0128 0.0764 0.0056 0.0090 0.0033 0.0066 0.0120 0.0197 0.0089 0.0226 0.0079 0.0122 0.0088 0.0072 0.0204 0.0033 
      H415.4  1 0.0212 0.0699 0.0081 0.6954 0.0054 0.0095 0.0261 0.0186 0.0090 0.0086 0.0075 0.0068 0.0356 0.0164 0.0049 0.0075 0.0075 0.0171 0.0140 0.0058 0.0051 
      H415.5  1 0.0477 0.0080 0.0090 0.5906 0.0119 0.0130 0.1576 0.0045 0.0064 0.0043 0.0054 0.0082 0.0419 0.0148 0.0105 0.0067 0.0182 0.0109 0.0124 0.0142 0.0039 
      H415.6  1 0.0176 0.0891 0.0074 0.6621 0.0059 0.0111 0.0294 0.0203 0.0094 0.0086 0.0075 0.0093 0.0388 0.0194 0.0045 0.0093 0.0108 0.0162 0.0138 0.0047 0.0048 
      H415.7  1 0.0692 0.0114 0.0554 0.2829 0.0290 0.0104 0.3557 0.0068 0.0069 0.0038 0.0165 0.0102 0.0137 0.0064 0.0310 0.0244 0.0163 0.0204 0.0130 0.0121 0.0044 
      H506.1  1 0.0073 0.0030 0.0058 0.0098 0.0062 0.0042 0.0041 0.0056 0.0072 0.0069 0.0037 0.0066 0.0038 0.0038 0.8948 0.0029 0.0052 0.0044 0.0073 0.0048 0.0026 
      H506.2  1 0.0174 0.0029 0.0109 0.0082 0.0098 0.0053 0.0076 0.0053 0.0066 0.0044 0.0058 0.0101 0.0045 0.0032 0.8671 0.0037 0.0046 0.0065 0.0079 0.0042 0.0039 
      H506.3  1 0.0098 0.0048 0.0148 0.0125 0.0671 0.0094 0.0126 0.0092 0.0132 0.0150 0.0057 0.0056 0.0058 0.0046 0.7315 0.0060 0.0101 0.0372 0.0118 0.0093 0.0040 
      H506.4  1 0.0065 0.0046 0.0072 0.0097 0.0087 0.0057 0.0047 0.0052 0.0081 0.0065 0.0048 0.0054 0.0038 0.0050 0.8769 0.0052 0.0059 0.0071 0.0075 0.0067 0.0047 
      H506.5  1 0.0082 0.0026 0.0082 0.0084 0.0094 0.0041 0.0075 0.0050 0.0077 0.0038 0.0066 0.0067 0.0040 0.0037 0.8859 0.0055 0.0045 0.0055 0.0046 0.0037 0.0042 
      H506.6  1 0.0121 0.0051 0.0351 0.0143 0.1627 0.0212 0.0134 0.0064 0.0121 0.0175 0.0466 0.0121 0.0061 0.0043 0.5108 0.0306 0.0172 0.0384 0.0092 0.0152 0.0096 
      H506.7  1 0.0087 0.0028 0.0108 0.0080 0.0095 0.0031 0.0077 0.0053 0.0074 0.0049 0.0048 0.0058 0.0042 0.0032 0.8821 0.0042 0.0057 0.0062 0.0083 0.0038 0.0035 
      H533.1  1 0.0062 0.0029 0.0044 0.0076 0.0054 0.0067 0.0045 0.0048 0.0056 0.0072 0.0059 0.0314 0.0042 0.0045 0.8608 0.0051 0.0041 0.0093 0.0051 0.0112 0.0030 
      H533.2  1 0.0106 0.0029 0.0047 0.0073 0.0087 0.0056 0.0063 0.0054 0.0058 0.0059 0.0055 0.0258 0.0042 0.0043 0.8578 0.0042 0.0035 0.0145 0.0054 0.0088 0.0027 
      H533.3  1 0.0086 0.0051 0.0081 0.0086 0.0073 0.0275 0.0053 0.0071 0.0038 0.0045 0.0172 0.0240 0.0039 0.0051 0.8091 0.0059 0.0047 0.0073 0.0050 0.0253 0.0066 
      H533.4  1 0.0264 0.0066 0.0079 0.0086 0.0080 0.0169 0.0099 0.0056 0.0045 0.0063 0.0233 0.0088 0.0057 0.0086 0.7765 0.0085 0.0049 0.0109 0.0048 0.0388 0.0085 
      H535.1  1 0.0057 0.0084 0.0112 0.0086 0.0038 0.0056 0.0107 0.0047 0.0052 0.0034 0.0097 0.0043 0.0078 0.0051 0.8602 0.0101 0.0067 0.0051 0.0105 0.0055 0.0078 
      H535.2  1 0.0069 0.0041 0.0052 0.0035 0.0049 0.0062 0.0040 0.0065 0.0076 0.0090 0.0039 0.0054 0.0077 0.0054 0.8902 0.0059 0.0059 0.0032 0.0041 0.0037 0.0065 
      H535.3  1 0.0056 0.0039 0.0059 0.0032 0.0034 0.0052 0.0036 0.0061 0.0110 0.0128 0.0067 0.0044 0.0067 0.0063 0.8873 0.0047 0.0045 0.0042 0.0051 0.0034 0.0061 
      H535.4  1 0.0107 0.0041 0.0044 0.0065 0.0036 0.0055 0.0042 0.0045 0.0065 0.0055 0.0037 0.0033 0.0077 0.0063 0.8984 0.0043 0.0033 0.0031 0.0050 0.0057 0.0037 
      H535.5  1 0.0061 0.0042 0.0043 0.0064 0.0030 0.0048 0.0053 0.0032 0.0055 0.0041 0.0042 0.0042 0.0035 0.0032 0.9059 0.0057 0.0046 0.0035 0.0060 0.0079 0.0044 
      H535.6  1 0.0060 0.0135 0.0126 0.0058 0.0042 0.0064 0.0098 0.0057 0.0046 0.0077 0.0123 0.0051 0.0177 0.0161 0.7982 0.0137 0.0185 0.0043 0.0200 0.0050 0.0128 
      H535.7  1 0.0040 0.0039 0.0047 0.0045 0.0028 0.0032 0.0034 0.0039 0.0047 0.0031 0.0049 0.0037 0.0026 0.0026 0.9221 0.0042 0.0046 0.0042 0.0048 0.0041 0.0040 
      H535.8  1 0.0043 0.0049 0.0057 0.0064 0.0032 0.0047 0.0046 0.0043 0.0063 0.0065 0.0054 0.0044 0.0039 0.0064 0.8924 0.0075 0.0100 0.0039 0.0068 0.0045 0.0038 
      H535.9  1 0.0053 0.0104 0.0072 0.0044 0.0041 0.0050 0.0048 0.0039 0.0072 0.0050 0.0103 0.0053 0.0068 0.0045 0.8854 0.0065 0.0031 0.0046 0.0047 0.0049 0.0065 
      H539.1  1 0.0035 0.9031 0.0049 0.0041 0.0039 0.0037 0.0062 0.0049 0.0039 0.0029 0.0127 0.0037 0.0033 0.0042 0.0025 0.0080 0.0032 0.0057 0.0042 0.0036 0.0077 
      H539.2  1 0.0059 0.7051 0.0060 0.0100 0.0199 0.0149 0.0183 0.0092 0.0069 0.0249 0.0054 0.0072 0.0057 0.0106 0.0156 0.0210 0.0157 0.0103 0.0059 0.0666 0.0150 
      H539.3  1 0.0043 0.8201 0.0056 0.0034 0.0047 0.0055 0.0073 0.0097 0.0078 0.0086 0.0065 0.0051 0.0046 0.0119 0.0086 0.0150 0.0097 0.0095 0.0098 0.0097 0.0325 
      H539.4  1 0.0037 0.8241 0.0054 0.0052 0.0240 0.0126 0.0069 0.0069 0.0085 0.0066 0.0117 0.0079 0.0044 0.0038 0.0037 0.0175 0.0063 0.0228 0.0043 0.0085 0.0051 
      H539.5  1 0.0033 0.9102 0.0068 0.0040 0.0030 0.0036 0.0046 0.0070 0.0028 0.0035 0.0061 0.0028 0.0038 0.0046 0.0036 0.0038 0.0034 0.0057 0.0049 0.0040 0.0085 
      H539.6  1 0.0038 0.8995 0.0059 0.0046 0.0032 0.0047 0.0045 0.0072 0.0032 0.0044 0.0078 0.0042 0.0052 0.0067 0.0039 0.0054 0.0042 0.0050 0.0051 0.0058 0.0059 
      H539.7  1 0.0031 0.9107 0.0041 0.0033 0.0051 0.0043 0.0040 0.0039 0.0047 0.0034 0.0085 0.0035 0.0046 0.0054 0.0028 0.0056 0.0047 0.0041 0.0054 0.0039 0.0049 
      H539.8  1 0.0043 0.7954 0.0059 0.0061 0.0078 0.0085 0.0062 0.0055 0.0123 0.0120 0.0048 0.0071 0.0046 0.0160 0.0125 0.0171 0.0169 0.0209 0.0195 0.0083 0.0083 
      H539.9  1 0.0040 0.8703 0.0059 0.0045 0.0075 0.0071 0.0077 0.0104 0.0055 0.0042 0.0074 0.0055 0.0029 0.0031 0.0035 0.0161 0.0057 0.0118 0.0042 0.0069 0.0058 
      H540.1  1 0.0089 0.7769 0.0319 0.0045 0.0070 0.0218 0.0166 0.0067 0.0050 0.0071 0.0130 0.0092 0.0071 0.0126 0.0082 0.0079 0.0061 0.0098 0.0061 0.0216 0.0120 
      H540.2  1 0.0037 0.8745 0.0106 0.0061 0.0041 0.0077 0.0149 0.0044 0.0030 0.0027 0.0097 0.0070 0.0050 0.0086 0.0041 0.0061 0.0051 0.0038 0.0082 0.0050 0.0058 
      H540.3  1 0.0071 0.2679 0.0178 0.0118 0.0572 0.0270 0.0355 0.0044 0.0068 0.0116 0.0742 0.0113 0.0230 0.0410 0.0053 0.0152 0.0193 0.2498 0.0984 0.0095 0.0058 
      H540.4  1 0.0058 0.8603 0.0124 0.0055 0.0066 0.0091 0.0079 0.0039 0.0048 0.0047 0.0078 0.0093 0.0105 0.0090 0.0078 0.0054 0.0088 0.0038 0.0057 0.0067 0.0043 
      H540.5  1 0.0073 0.8013 0.0128 0.0083 0.0113 0.0112 0.0232 0.0069 0.0042 0.0081 0.0087 0.0094 0.0069 0.0064 0.0041 0.0086 0.0114 0.0194 0.0147 0.0093 0.0066 
      H540.6  1 0.0129 0.7265 0.0288 0.0085 0.0096 0.0231 0.0200 0.0105 0.0045 0.0222 0.0156 0.0131 0.0113 0.0115 0.0097 0.0101 0.0121 0.0115 0.0140 0.0113 0.0133 
      H540.7  1 0.0071 0.8545 0.0103 0.0074 0.0055 0.0110 0.0154 0.0089 0.0062 0.0047 0.0114 0.0056 0.0064 0.0044 0.0067 0.0053 0.0056 0.0047 0.0056 0.0076 0.0058 
      H540.8  1 0.0092 0.8428 0.0104 0.0055 0.0052 0.0114 0.0234 0.0033 0.0039 0.0028 0.0081 0.0081 0.0068 0.0114 0.0054 0.0051 0.0060 0.0054 0.0108 0.0080 0.0070 
     H9558.1  1 0.0032 0.8470 0.0051 0.0071 0.0054 0.0034 0.0090 0.0046 0.0078 0.0042 0.0197 0.0095 0.0042 0.0092 0.0085 0.0112 0.0065 0.0078 0.0069 0.0092 0.0105 
     H9558.2  1 0.0044 0.7527 0.0105 0.0075 0.0098 0.0041 0.0098 0.0127 0.0170 0.0058 0.0478 0.0165 0.0035 0.0094 0.0111 0.0279 0.0085 0.0139 0.0078 0.0075 0.0118 
     H9558.3  1 0.0041 0.8290 0.0088 0.0103 0.0071 0.0056 0.0072 0.0110 0.0120 0.0056 0.0093 0.0105 0.0050 0.0141 0.0063 0.0118 0.0051 0.0107 0.0101 0.0049 0.0115 
     H9558.4  1 0.0030 0.8514 0.0057 0.0061 0.0060 0.0041 0.0076 0.0042 0.0082 0.0037 0.0155 0.0101 0.0033 0.0044 0.0082 0.0129 0.0063 0.0125 0.0053 0.0128 0.0086 
     H9558.5  1 0.0036 0.8476 0.0056 0.0065 0.0154 0.0115 0.0071 0.0034 0.0101 0.0052 0.0097 0.0059 0.0030 0.0034 0.0053 0.0085 0.0061 0.0262 0.0060 0.0070 0.0031 
     H9558.6  1 0.0045 0.7091 0.0112 0.0092 0.0064 0.0442 0.0101 0.0630 0.0090 0.0033 0.0282 0.0114 0.0059 0.0114 0.0062 0.0177 0.0092 0.0083 0.0151 0.0065 0.0100 
    kos339.1  1 0.4320 0.0073 0.0460 0.0236 0.0283 0.0226 0.1877 0.0552 0.0060 0.0072 0.0166 0.0117 0.0076 0.0085 0.0724 0.0194 0.0154 0.0064 0.0073 0.0132 0.0057 
    kos339.2  1 0.8191 0.0050 0.0083 0.0091 0.0070 0.0106 0.0061 0.0302 0.0073 0.0068 0.0046 0.0121 0.0044 0.0042 0.0245 0.0123 0.0061 0.0060 0.0060 0.0065 0.0038 
    kos339.3  1 0.8727 0.0054 0.0073 0.0095 0.0059 0.0078 0.0062 0.0070 0.0048 0.0045 0.0045 0.0038 0.0043 0.0061 0.0138 0.0047 0.0057 0.0052 0.0063 0.0109 0.0036 
    kos339.4  1 0.8685 0.0065 0.0073 0.0151 0.0068 0.0077 0.0066 0.0061 0.0058 0.0056 0.0036 0.0051 0.0050 0.0059 0.0096 0.0045 0.0059 0.0054 0.0056 0.0097 0.0038 
    kos339.5  1 0.7410 0.0074 0.0522 0.0135 0.0170 0.0117 0.0187 0.0203 0.0083 0.0057 0.0107 0.0056 0.0065 0.0070 0.0193 0.0062 0.0112 0.0039 0.0072 0.0218 0.0050 
    kos339.6  1 0.8708 0.0034 0.0100 0.0140 0.0076 0.0163 0.0066 0.0054 0.0063 0.0041 0.0054 0.0040 0.0049 0.0045 0.0075 0.0040 0.0047 0.0052 0.0058 0.0054 0.0041 
    kos339.7  1 0.8197 0.0055 0.0063 0.0091 0.0041 0.0083 0.0081 0.0171 0.0040 0.0037 0.0055 0.0081 0.0041 0.0066 0.0557 0.0092 0.0045 0.0049 0.0051 0.0073 0.0033 
    kos339.8  1 0.7926 0.0034 0.0224 0.0279 0.0156 0.0132 0.0127 0.0069 0.0073 0.0067 0.0066 0.0053 0.0050 0.0055 0.0315 0.0053 0.0072 0.0063 0.0064 0.0091 0.0034 
    kos339.9  1 0.8198 0.0202 0.0178 0.0053 0.0047 0.0061 0.0194 0.0120 0.0083 0.0049 0.0044 0.0069 0.0076 0.0064 0.0107 0.0078 0.0055 0.0048 0.0056 0.0156 0.0064 
      H008.1  2 0.0076 0.0663 0.0084 0.0096 0.0105 0.0085 0.0117 0.7180 0.0205 0.0117 0.0177 0.0205 0.0078 0.0055 0.0095 0.0142 0.0094 0.0060 0.0103 0.0199 0.0065 
      H008.2  2 0.0106 0.1476 0.0120 0.0112 0.0145 0.0119 0.0219 0.0526 0.1228 0.0395 0.0320 0.3236 0.0060 0.0206 0.0234 0.0140 0.0201 0.0379 0.0131 0.0262 0.0388 
      H008.3  2 0.0150 0.1291 0.0130 0.0130 0.0083 0.0195 0.0176 0.0552 0.0455 0.0576 0.0239 0.0693 0.0137 0.0522 0.2147 0.0235 0.0243 0.0337 0.0400 0.0837 0.0471 
      H008.4  2 0.0102 0.0733 0.0099 0.0428 0.0081 0.0112 0.0490 0.5141 0.0132 0.0135 0.0168 0.0496 0.0069 0.0279 0.0134 0.0166 0.0206 0.0439 0.0289 0.0094 0.0207 
      H008.5  2 0.0103 0.0268 0.0132 0.0099 0.0074 0.0138 0.0239 0.6165 0.0278 0.0157 0.0090 0.0188 0.0067 0.0334 0.0341 0.0099 0.0255 0.0165 0.0301 0.0224 0.0283 
      H008.6  2 0.0095 0.0694 0.0140 0.0190 0.0068 0.0188 0.0965 0.1400 0.0931 0.0081 0.0418 0.2567 0.0057 0.0269 0.0246 0.0170 0.0220 0.0551 0.0235 0.0119 0.0396 
      H008.7  2 0.0105 0.0969 0.0140 0.0165 0.0200 0.0088 0.0510 0.2220 0.0746 0.0593 0.0325 0.1426 0.0156 0.0339 0.0321 0.0192 0.0426 0.0591 0.0183 0.0133 0.0173 
      H008.8  2 0.0087 0.2284 0.0113 0.0115 0.0067 0.0083 0.0117 0.0778 0.0149 0.0171 0.0505 0.3891 0.0050 0.0055 0.0111 0.0805 0.0096 0.0071 0.0116 0.0171 0.0163 
      H008.9  2 0.0085 0.0606 0.0105 0.0084 0.0070 0.0126 0.0321 0.0204 0.0979 0.0097 0.0596 0.4014 0.0083 0.0448 0.0164 0.0155 0.0126 0.0779 0.0434 0.0125 0.0398 
 H029.1_2002  2 0.0046 0.0292 0.0190 0.0397 0.0130 0.0081 0.0155 0.6242 0.0070 0.0117 0.0356 0.0209 0.0054 0.0446 0.0046 0.0126 0.0630 0.0189 0.0108 0.0050 0.0066 
 H029.1_2003  2 0.0059 0.0089 0.0114 0.0120 0.0092 0.0105 0.0118 0.0127 0.0090 0.0064 0.0232 0.0945 0.0051 0.0162 0.0161 0.0168 0.6329 0.0123 0.0659 0.0106 0.0086 
 H029.2_2002  2 0.0594 0.0121 0.0225 0.0091 0.0118 0.0057 0.0339 0.4542 0.0124 0.0218 0.0042 0.0114 0.0051 0.0051 0.0552 0.0201 0.1447 0.0375 0.0514 0.0086 0.0139 
 H029.2_2003  2 0.0280 0.0065 0.0112 0.0051 0.0068 0.0134 0.0572 0.0423 0.0125 0.0072 0.0071 0.0479 0.0038 0.0054 0.0798 0.0124 0.5922 0.0172 0.0223 0.0102 0.0116 
 H029.3_2002  2 0.0468 0.0066 0.0160 0.0084 0.0241 0.0251 0.0092 0.0910 0.0062 0.0222 0.0060 0.0376 0.0046 0.0061 0.2635 0.0396 0.1312 0.1832 0.0476 0.0137 0.0114 
 H029.3_2003  2 0.0084 0.0082 0.0090 0.0059 0.0276 0.0129 0.0086 0.2683 0.0344 0.0066 0.0046 0.0337 0.0041 0.0084 0.0162 0.0059 0.4986 0.0061 0.0182 0.0080 0.0062 
 H029.4_2002  2 0.0133 0.0046 0.0045 0.0129 0.0436 0.0086 0.0039 0.7020 0.0061 0.0143 0.0061 0.0091 0.0062 0.0078 0.0065 0.0065 0.0914 0.0270 0.0105 0.0097 0.0053 
 H029.4_2003  2 0.0069 0.0290 0.0103 0.0109 0.2353 0.0119 0.0074 0.0638 0.0167 0.0108 0.0123 0.0268 0.0049 0.0906 0.0097 0.0362 0.3459 0.0258 0.0154 0.0186 0.0107 
 H029.5_2002  2 0.0043 0.0065 0.0113 0.0112 0.0081 0.0068 0.0055 0.7638 0.0084 0.0108 0.0093 0.0096 0.0074 0.0235 0.0047 0.0050 0.0634 0.0068 0.0237 0.0052 0.0047 
 H029.5_2003  2 0.0052 0.0071 0.0056 0.0092 0.0237 0.0053 0.0097 0.2189 0.0244 0.0058 0.0117 0.0660 0.0035 0.0198 0.0084 0.0109 0.5127 0.0156 0.0157 0.0162 0.0046 
 H029.6_2002  2 0.0109 0.0043 0.0044 0.0102 0.0214 0.0079 0.0058 0.1262 0.0052 0.0168 0.0043 0.0186 0.0057 0.0072 0.0099 0.0106 0.6587 0.0444 0.0140 0.0073 0.0062 
 H029.6_2003  2 0.0432 0.0136 0.0261 0.0063 0.0588 0.0191 0.0281 0.4228 0.0286 0.0104 0.0130 0.0206 0.0093 0.0208 0.0599 0.0102 0.0811 0.0091 0.0831 0.0274 0.0086 
      H029.7  2 0.0691 0.0086 0.0148 0.0054 0.0220 0.0048 0.0168 0.6430 0.0070 0.0148 0.0056 0.0048 0.0034 0.0063 0.0137 0.0189 0.0607 0.0400 0.0228 0.0065 0.0111 
      H030.1  2 0.0101 0.0066 0.0849 0.0069 0.0301 0.3930 0.0333 0.0336 0.0837 0.0131 0.0100 0.0119 0.0340 0.0246 0.0093 0.0160 0.1584 0.0055 0.0082 0.0180 0.0088 
      H030.2  2 0.0072 0.0331 0.0114 0.1810 0.0117 0.3020 0.0071 0.0820 0.0307 0.1431 0.0070 0.0082 0.0339 0.0320 0.0109 0.0110 0.0158 0.0514 0.0041 0.0117 0.0044 
      H038.1  2 0.0063 0.0072 0.0062 0.0062 0.0053 0.0070 0.0052 0.8442 0.0038 0.0046 0.0121 0.0095 0.0034 0.0049 0.0046 0.0140 0.0071 0.0254 0.0068 0.0056 0.0110 
      H038.2  2 0.0070 0.0040 0.0131 0.0140 0.0050 0.0072 0.0076 0.8523 0.0063 0.0054 0.0033 0.0052 0.0146 0.0077 0.0083 0.0086 0.0086 0.0072 0.0060 0.0059 0.0029 
      H038.3  2 0.0106 0.0098 0.0383 0.0335 0.0109 0.0135 0.0106 0.7202 0.0081 0.0076 0.0096 0.0091 0.0154 0.0061 0.0080 0.0166 0.0056 0.0433 0.0060 0.0118 0.0051 
      H038.4  2 0.0085 0.0060 0.0212 0.0138 0.0096 0.0079 0.0064 0.7919 0.0098 0.0066 0.0062 0.0118 0.0233 0.0038 0.0068 0.0118 0.0050 0.0309 0.0080 0.0058 0.0050 
      H038.5  2 0.0115 0.0112 0.0069 0.0067 0.0616 0.0124 0.0061 0.7356 0.0063 0.0129 0.0059 0.0190 0.0093 0.0059 0.0063 0.0099 0.0132 0.0295 0.0096 0.0167 0.0036 
      H038.6  2 0.0037 0.0097 0.0062 0.0082 0.0091 0.0109 0.0074 0.8448 0.0058 0.0046 0.0069 0.0084 0.0035 0.0055 0.0066 0.0103 0.0124 0.0128 0.0074 0.0114 0.0045 
      H038.7  2 0.0044 0.0104 0.0520 0.0194 0.0169 0.0102 0.0053 0.7883 0.0071 0.0034 0.0053 0.0059 0.0049 0.0046 0.0168 0.0131 0.0068 0.0100 0.0043 0.0074 0.0039 
      H038.8  2 0.0084 0.0065 0.0235 0.0150 0.0083 0.0103 0.0065 0.7342 0.0064 0.0102 0.0058 0.0067 0.0183 0.0060 0.0060 0.0177 0.0049 0.0857 0.0064 0.0092 0.0041 
      H041.1  2 0.0229 0.0075 0.0287 0.0150 0.1997 0.0065 0.0118 0.2027 0.0797 0.0996 0.0100 0.0056 0.0166 0.0456 0.0082 0.0087 0.1528 0.0359 0.0080 0.0108 0.0238 
      H041.2  2 0.0168 0.0076 0.0151 0.0919 0.0066 0.0107 0.0184 0.1164 0.0876 0.0071 0.0123 0.0088 0.0091 0.1665 0.0114 0.0129 0.3085 0.0361 0.0412 0.0060 0.0090 
      H041.4  2 0.0231 0.0249 0.0148 0.0110 0.0267 0.0076 0.0170 0.1629 0.0328 0.0101 0.0309 0.0183 0.0168 0.0252 0.0075 0.0218 0.4387 0.0424 0.0364 0.0047 0.0264 
      H041.6  2 0.0207 0.0368 0.0257 0.0349 0.0108 0.0116 0.0117 0.2384 0.0274 0.0190 0.0488 0.0107 0.0179 0.0908 0.0080 0.0615 0.2521 0.0153 0.0208 0.0059 0.0312 
 H042.1_2002  2 0.0171 0.0880 0.0066 0.0210 0.0046 0.0087 0.0296 0.0086 0.0076 0.0091 0.0139 0.0058 0.0424 0.1098 0.0064 0.0190 0.5502 0.0129 0.0089 0.0194 0.0103 
 H042.1_2003  2 0.0121 0.0931 0.0425 0.0404 0.0074 0.0346 0.0726 0.0510 0.2480 0.0145 0.0408 0.0581 0.0148 0.0798 0.0162 0.0212 0.0205 0.0738 0.0259 0.0199 0.0124 
 H042.2_2002  2 0.0095 0.0100 0.0060 0.1063 0.0159 0.0037 0.0132 0.0376 0.0079 0.0064 0.0073 0.0041 0.0105 0.0056 0.0049 0.0108 0.6677 0.0234 0.0319 0.0104 0.0067 
 H042.2_2003  2 0.0151 0.0603 0.0211 0.0173 0.0058 0.0087 0.0244 0.1107 0.0257 0.0047 0.0183 0.0093 0.0132 0.4323 0.0075 0.0119 0.1381 0.0053 0.0510 0.0072 0.0122 
 H042.3_2002  2 0.0566 0.0356 0.0080 0.1518 0.0200 0.0118 0.0248 0.0113 0.0174 0.0065 0.0494 0.0061 0.0269 0.0309 0.0056 0.0185 0.4250 0.0182 0.0201 0.0437 0.0119 
 H042.3_2003  2 0.0366 0.0849 0.0129 0.1161 0.1237 0.0111 0.0206 0.0280 0.0486 0.0339 0.0437 0.0051 0.0307 0.0797 0.0125 0.0322 0.1785 0.0394 0.0102 0.0389 0.0127 
 H042.4_2002  2 0.0166 0.0138 0.0079 0.0072 0.0081 0.0080 0.0201 0.0219 0.0100 0.0083 0.0121 0.0056 0.0173 0.1115 0.0046 0.0113 0.6656 0.0118 0.0245 0.0066 0.0074 
 H042.4_2003  2 0.0103 0.0143 0.0494 0.0073 0.0150 0.0076 0.0195 0.0658 0.0099 0.0223 0.0200 0.0048 0.0240 0.0698 0.0046 0.0783 0.5331 0.0059 0.0127 0.0056 0.0197 
      H042.5  2 0.0079 0.0158 0.0082 0.0053 0.0082 0.0041 0.0098 0.0061 0.0100 0.0047 0.0073 0.0052 0.0122 0.0371 0.0044 0.0177 0.8050 0.0032 0.0066 0.0093 0.0121 
      H042.6  2 0.0061 0.0186 0.0122 0.0100 0.0100 0.0055 0.0088 0.0123 0.0042 0.0067 0.0082 0.0052 0.0102 0.0083 0.0046 0.0586 0.7548 0.0090 0.0051 0.0134 0.0282 
      H042.7  2 0.0273 0.0124 0.0490 0.1161 0.0135 0.0048 0.0126 0.0203 0.0177 0.0102 0.0205 0.0065 0.1302 0.0335 0.0053 0.0252 0.4325 0.0059 0.0293 0.0185 0.0088 
      H042.8  2 0.0091 0.0308 0.0054 0.0598 0.0076 0.0042 0.0222 0.0099 0.0354 0.0040 0.0226 0.0055 0.0089 0.0315 0.0050 0.0113 0.6531 0.0189 0.0217 0.0140 0.0191 
   H042_2002  2 0.0055 0.1099 0.0281 0.1899 0.0149 0.0087 0.0350 0.0572 0.0271 0.0052 0.0472 0.0080 0.0105 0.0214 0.0058 0.2507 0.0527 0.0290 0.0323 0.0161 0.0447 
   H042_2003  2 0.0053 0.0819 0.0209 0.1746 0.0127 0.0093 0.0340 0.0551 0.0248 0.0049 0.0573 0.0077 0.0108 0.0279 0.0071 0.3161 0.0403 0.0247 0.0334 0.0109 0.0402 
      H043.1  2 0.0152 0.1182 0.0081 0.0055 0.1316 0.0111 0.0056 0.0123 0.0121 0.0086 0.0053 0.0100 0.0065 0.0036 0.0042 0.5886 0.0074 0.0265 0.0027 0.0118 0.0053 
      H043.2  2 0.0095 0.0325 0.0043 0.0059 0.0077 0.0066 0.0067 0.0090 0.0061 0.0029 0.0139 0.0099 0.0045 0.0048 0.0048 0.7903 0.0040 0.0384 0.0109 0.0105 0.0169 
      H043.3  2 0.0061 0.0344 0.0505 0.0263 0.0440 0.0074 0.0127 0.1545 0.0167 0.0032 0.0177 0.0094 0.0048 0.0049 0.0070 0.5343 0.0085 0.0229 0.0051 0.0166 0.0131 
      H043.4  2 0.0122 0.0351 0.0129 0.0056 0.0229 0.0048 0.0082 0.0164 0.0102 0.0037 0.0101 0.0050 0.0053 0.0035 0.0038 0.7872 0.0053 0.0231 0.0037 0.0070 0.0139 
      H043.5  2 0.0100 0.0229 0.0078 0.0114 0.0139 0.0063 0.0067 0.0297 0.0119 0.0038 0.0232 0.0127 0.0045 0.0042 0.0051 0.7287 0.0054 0.0683 0.0073 0.0118 0.0045 
      H043.6  2 0.0137 0.0550 0.0120 0.0176 0.0182 0.0111 0.0119 0.0858 0.0049 0.0033 0.0265 0.0081 0.0062 0.0079 0.0060 0.5962 0.0078 0.0754 0.0074 0.0176 0.0074 
