      H105.1  1 0.1644 0.0734 0.0345 0.0436 0.0703 0.4237 0.1901 
      H105.2  1 0.0741 0.0840 0.0516 0.0362 0.1264 0.6094 0.0183 
      H105.3  1 0.0300 0.0900 0.0250 0.0178 0.0207 0.7210 0.0956 
      H105.4  1 0.2941 0.1074 0.1036 0.0172 0.1025 0.3510 0.0242 
      H105.5  1 0.3525 0.0431 0.3295 0.0324 0.0598 0.1614 0.0214 
      H105.6  1 0.1516 0.0708 0.0763 0.0129 0.0140 0.6139 0.0604 
      H105.7  1 0.0874 0.0303 0.0221 0.0116 0.0833 0.3843 0.3811 
      H105.8  1 0.0293 0.0991 0.0329 0.0318 0.0259 0.5985 0.1824 
      H115.1  1 0.0092 0.0629 0.7545 0.0114 0.0205 0.0938 0.0477 
      H115.2  1 0.0124 0.0218 0.9139 0.0148 0.0113 0.0148 0.0110 
      H115.3  1 0.0095 0.0105 0.9475 0.0075 0.0119 0.0066 0.0065 
      H115.4  1 0.0247 0.3593 0.4211 0.0131 0.1188 0.0509 0.0122 
      H115.5  1 0.0306 0.0154 0.7730 0.0435 0.0712 0.0362 0.0301 
      H115.6  1 0.0215 0.0164 0.8959 0.0129 0.0254 0.0170 0.0108 
      H115.7  1 0.0411 0.0516 0.6491 0.0075 0.1009 0.1414 0.0084 
      H115.8  1 0.0133 0.0113 0.8523 0.0413 0.0214 0.0168 0.0437 
      H115.9  1 0.0088 0.0096 0.9415 0.0061 0.0086 0.0107 0.0147 
      H145.1  1 0.9056 0.0171 0.0134 0.0295 0.0062 0.0180 0.0102 
      H145.2  1 0.7522 0.0369 0.0704 0.0826 0.0112 0.0341 0.0125 
      H145.3  1 0.7446 0.0139 0.0202 0.0847 0.0329 0.0139 0.0898 
      H145.4  1 0.9221 0.0121 0.0092 0.0206 0.0080 0.0193 0.0087 
      H145.5  1 0.6759 0.0216 0.0127 0.2404 0.0149 0.0153 0.0191 
      H145.6  1 0.7598 0.0253 0.0259 0.0626 0.0704 0.0376 0.0184 
      H145.7  1 0.8594 0.0225 0.0159 0.0141 0.0520 0.0158 0.0203 
      H149.1  1 0.6172 0.3146 0.0161 0.0125 0.0093 0.0189 0.0115 
      H149.2  1 0.7050 0.2450 0.0113 0.0081 0.0112 0.0117 0.0078 
      H149.3  1 0.6594 0.2386 0.0196 0.0131 0.0268 0.0323 0.0102 
      H149.4  1 0.2494 0.6412 0.0102 0.0186 0.0235 0.0409 0.0161 
      H149.5  1 0.4851 0.3833 0.0078 0.0125 0.0606 0.0399 0.0107 
      H149.6  1 0.5877 0.3322 0.0075 0.0078 0.0221 0.0340 0.0088 
      H149.7  1 0.1906 0.5760 0.0111 0.0214 0.0828 0.0742 0.0438 
      H150.1  1 0.0069 0.0069 0.9399 0.0145 0.0068 0.0091 0.0159 
      H150.2  1 0.0200 0.0189 0.8931 0.0197 0.0105 0.0301 0.0076 
      H150.3  1 0.0305 0.0166 0.6958 0.0163 0.0171 0.1979 0.0258 
      H150.4  1 0.0111 0.0059 0.9333 0.0120 0.0101 0.0134 0.0143 
      H150.5  1 0.0230 0.0198 0.8921 0.0101 0.0227 0.0229 0.0093 
      H150.6  1 0.0146 0.1836 0.6710 0.0147 0.0754 0.0334 0.0073 
      H150.7  1 0.0095 0.0061 0.9430 0.0090 0.0053 0.0112 0.0160 
   H169607.1  1 0.1599 0.1848 0.3368 0.0582 0.1146 0.0891 0.0566 
   H169607.2  1 0.4846 0.2565 0.1080 0.0147 0.0217 0.0220 0.0926 
   H169607.3  1 0.2402 0.0511 0.1978 0.0247 0.3530 0.0398 0.0935 
   H169607.4  1 0.7270 0.0577 0.1392 0.0344 0.0134 0.0139 0.0144 
   H169607.5  1 0.4201 0.1501 0.2660 0.0123 0.0292 0.0150 0.1072 
   H169607.6  1 0.4714 0.2859 0.0840 0.0162 0.0351 0.0179 0.0895 
   H169607.7  1 0.0698 0.7213 0.0732 0.0131 0.0162 0.0221 0.0844 
   H169607.8  1 0.7300 0.0642 0.1021 0.0239 0.0223 0.0141 0.0435 
   H169633.1  1 0.5861 0.0804 0.0439 0.0908 0.0480 0.1334 0.0173 
   H169633.2  1 0.0753 0.2649 0.0117 0.0159 0.0596 0.5111 0.0615 
   H169633.3  1 0.3025 0.2703 0.0132 0.0203 0.0300 0.2255 0.1381 
   H169633.4  1 0.5684 0.2100 0.0311 0.1230 0.0227 0.0303 0.0145 
   H169633.5  1 0.5911 0.1803 0.0270 0.1237 0.0308 0.0358 0.0114 
   H169688.1  1 0.2544 0.1084 0.0192 0.0055 0.5674 0.0135 0.0314 
   H169688.2  1 0.0376 0.0751 0.0470 0.0302 0.7623 0.0124 0.0354 
   H169688.3  1 0.2626 0.1366 0.1230 0.0242 0.4133 0.0299 0.0104 
   H169688.4  1 0.0203 0.0139 0.8729 0.0247 0.0482 0.0078 0.0122 
   H169688.5  1 0.0133 0.0178 0.9007 0.0183 0.0295 0.0077 0.0128 
   H169688.6  1 0.0942 0.4190 0.0568 0.0793 0.3219 0.0098 0.0189 
   H169688.7  1 0.4980 0.0762 0.1950 0.0327 0.1548 0.0217 0.0217 
   H171901.1  1 0.0893 0.0205 0.3559 0.0918 0.1475 0.2781 0.0168 
   H171901.2  1 0.7444 0.1306 0.0555 0.0182 0.0120 0.0205 0.0188 
   H171901.3  1 0.2418 0.5083 0.0935 0.0136 0.0771 0.0466 0.0192 
   H171901.4  1 0.2217 0.6349 0.0555 0.0115 0.0259 0.0283 0.0223 
   H171901.5  1 0.2376 0.6719 0.0290 0.0118 0.0167 0.0204 0.0125 
   H171901.6  1 0.4104 0.4636 0.0584 0.0124 0.0159 0.0253 0.0140 
   H171901.7  1 0.2201 0.6858 0.0262 0.0135 0.0187 0.0110 0.0247 
   H171902.1  1 0.2281 0.3049 0.2681 0.1348 0.0193 0.0105 0.0342 
  H171902.10  1 0.1821 0.7422 0.0259 0.0222 0.0111 0.0091 0.0074 
   H171902.2  1 0.1439 0.2142 0.2238 0.0772 0.1453 0.0240 0.1716 
   H171902.3  1 0.0975 0.7790 0.0535 0.0251 0.0114 0.0179 0.0157 
   H171902.4  1 0.4702 0.2606 0.1680 0.0421 0.0148 0.0146 0.0297 
   H171902.6  1 0.2701 0.6327 0.0334 0.0314 0.0094 0.0128 0.0102 
   H171902.7  1 0.3634 0.3804 0.0806 0.1423 0.0086 0.0125 0.0121 
   H171902.8  1 0.1923 0.6642 0.0402 0.0589 0.0193 0.0147 0.0104 
   H171902.9  1 0.2721 0.0501 0.5739 0.0497 0.0139 0.0160 0.0243 
   H171903.1  1 0.4881 0.0893 0.3281 0.0070 0.0221 0.0194 0.0460 
   H171903.2  1 0.2078 0.0762 0.3851 0.0258 0.0385 0.0204 0.2462 
   H171903.3  1 0.3012 0.2045 0.2725 0.0303 0.0398 0.0572 0.0944 
   H171903.4  1 0.5205 0.0524 0.2668 0.0125 0.1086 0.0232 0.0159 
   H171903.5  1 0.1247 0.1295 0.5267 0.0408 0.0881 0.0263 0.0639 
   H171903.6  1 0.1857 0.1162 0.6079 0.0079 0.0463 0.0087 0.0273 
      H177.1  1 0.6585 0.2059 0.0194 0.0140 0.0798 0.0096 0.0128 
      H177.2  1 0.4095 0.2571 0.0452 0.0604 0.0364 0.0178 0.1736 
      H177.3  1 0.5211 0.3749 0.0310 0.0363 0.0111 0.0127 0.0128 
      H177.4  1 0.6189 0.2679 0.0082 0.0174 0.0595 0.0104 0.0177 
      H177.5  1 0.1783 0.0516 0.0299 0.0217 0.6623 0.0140 0.0421 
      H177.6  1 0.5695 0.3059 0.0304 0.0555 0.0112 0.0110 0.0166 
      H179.1  1 0.0100 0.7157 0.0233 0.0319 0.1037 0.0823 0.0331 
      H179.2  1 0.0140 0.8173 0.0463 0.0192 0.0312 0.0285 0.0436 
      H179.3  1 0.0151 0.3179 0.0834 0.0294 0.3453 0.0242 0.1847 
      H179.4  1 0.0266 0.8713 0.0099 0.0106 0.0214 0.0201 0.0401 
      H180.1  1 0.0081 0.0832 0.7844 0.0227 0.0566 0.0356 0.0095 
      H180.2  1 0.0103 0.0345 0.8775 0.0182 0.0377 0.0135 0.0084 
      H180.3  1 0.0065 0.0123 0.9249 0.0086 0.0103 0.0245 0.0130 
      H180.4  1 0.0293 0.1281 0.5900 0.0382 0.0815 0.1081 0.0248 
      H180.5  1 0.0777 0.1306 0.5929 0.0416 0.1059 0.0159 0.0355 
      H180.6  1 0.0336 0.0393 0.4564 0.0385 0.0176 0.0222 0.3924 
      H181.1  1 0.2698 0.1895 0.0315 0.0704 0.4136 0.0136 0.0117 
      H181.2  1 0.2160 0.4370 0.0159 0.0611 0.2223 0.0287 0.0189 
      H181.3  1 0.1490 0.3821 0.0128 0.0414 0.3620 0.0163 0.0365 
      H181.4  1 0.2644 0.1680 0.0716 0.0096 0.4434 0.0209 0.0222 
      H181.5  1 0.0326 0.2379 0.0092 0.0583 0.5339 0.0537 0.0744 
      H181.6  1 0.1062 0.5505 0.0563 0.0443 0.1239 0.0720 0.0467 
      H181.7  1 0.0767 0.5591 0.0336 0.0837 0.1480 0.0148 0.0840 
 H194.1_2004  1 0.9008 0.0139 0.0317 0.0103 0.0096 0.0118 0.0220 
 H194.2_2004  1 0.9113 0.0087 0.0119 0.0136 0.0337 0.0120 0.0089 
 H194.3_2004  1 0.9179 0.0309 0.0074 0.0112 0.0078 0.0144 0.0103 
 H194.4_2004  1 0.9368 0.0100 0.0068 0.0124 0.0182 0.0077 0.0082 
 H194.5_2004  1 0.8982 0.0341 0.0113 0.0092 0.0093 0.0204 0.0174 
 H194.6_2004  1 0.7955 0.0860 0.0121 0.0129 0.0556 0.0197 0.0181 
 H194.7_2004  1 0.8920 0.0087 0.0074 0.0109 0.0146 0.0130 0.0535 
 H194.8_2004  1 0.8687 0.0142 0.0111 0.0143 0.0554 0.0210 0.0153 
      H194.9  1 0.8746 0.0096 0.0154 0.0111 0.0161 0.0160 0.0573 
 H195.1_2003  1 0.8315 0.0463 0.0149 0.0072 0.0170 0.0677 0.0154 
 H195.1_2004  1 0.8820 0.0254 0.0114 0.0362 0.0200 0.0151 0.0099 
 H195.2_2003  1 0.8736 0.0173 0.0442 0.0083 0.0116 0.0101 0.0348 
 H195.2_2004  1 0.9188 0.0109 0.0074 0.0173 0.0134 0.0120 0.0203 
 H195.3_2003  1 0.8056 0.0287 0.0732 0.0126 0.0212 0.0303 0.0285 
 H195.3_2004  1 0.9380 0.0138 0.0077 0.0113 0.0117 0.0103 0.0072 
 H195.4_2003  1 0.9173 0.0142 0.0102 0.0067 0.0091 0.0349 0.0076 
 H195.4_2004  1 0.8247 0.0195 0.0071 0.0127 0.0927 0.0098 0.0336 
 H195.5_2003  1 0.8220 0.0540 0.0180 0.0100 0.0287 0.0546 0.0127 
 H195.5_2004  1 0.9197 0.0147 0.0066 0.0171 0.0200 0.0115 0.0103 
 H195.6_2003  1 0.9212 0.0132 0.0213 0.0089 0.0125 0.0119 0.0111 
 H195.6_2004  1 0.9373 0.0109 0.0051 0.0146 0.0091 0.0133 0.0097 
 H195.7_2003  1 0.8471 0.0386 0.0120 0.0067 0.0471 0.0205 0.0280 
 H195.7_2004  1 0.7075 0.0335 0.0199 0.1706 0.0317 0.0262 0.0105 
      H195.8  1 0.8252 0.0164 0.0096 0.0169 0.0879 0.0169 0.0272 
      H195.9  1 0.9198 0.0207 0.0094 0.0088 0.0156 0.0098 0.0159 
      H415.1  1 0.0788 0.0692 0.1602 0.1074 0.0191 0.4821 0.0831 
      H415.2  1 0.1250 0.4227 0.3058 0.0681 0.0103 0.0541 0.0140 
      H415.3  1 0.0512 0.3028 0.0200 0.0182 0.0118 0.5778 0.0183 
      H415.4  1 0.0211 0.0189 0.1627 0.0187 0.0117 0.7409 0.0260 
      H415.5  1 0.0446 0.2886 0.0280 0.0236 0.0132 0.5888 0.0132 
      H415.6  1 0.0242 0.0303 0.1726 0.0167 0.0119 0.7016 0.0427 
      H415.7  1 0.2857 0.4955 0.0641 0.0354 0.0134 0.0814 0.0245 
      H506.1  1 0.0093 0.8811 0.0083 0.0317 0.0128 0.0408 0.0160 
      H506.2  1 0.0201 0.9084 0.0074 0.0249 0.0097 0.0167 0.0127 
      H506.3  1 0.0092 0.6362 0.0138 0.2224 0.0411 0.0430 0.0344 
      H506.4  1 0.0072 0.8536 0.0112 0.0541 0.0254 0.0248 0.0237 
      H506.5  1 0.0124 0.8961 0.0113 0.0353 0.0105 0.0187 0.0159 
      H506.6  1 0.0203 0.4621 0.0288 0.3577 0.0845 0.0157 0.0309 
      H506.7  1 0.0165 0.8898 0.0080 0.0309 0.0118 0.0308 0.0121 
      H533.1  1 0.0077 0.9119 0.0077 0.0473 0.0101 0.0083 0.0070 
      H533.2  1 0.0083 0.8816 0.0082 0.0692 0.0106 0.0130 0.0092 
      H533.3  1 0.0067 0.9224 0.0126 0.0188 0.0141 0.0092 0.0162 
      H533.4  1 0.0106 0.9176 0.0132 0.0210 0.0143 0.0111 0.0122 
      H535.1  1 0.0333 0.9016 0.0168 0.0081 0.0095 0.0152 0.0155 
      H535.2  1 0.1084 0.7476 0.0069 0.0083 0.0354 0.0110 0.0824 
      H535.3  1 0.0721 0.7387 0.0176 0.0165 0.0566 0.0131 0.0853 
      H535.4  1 0.0350 0.9173 0.0069 0.0055 0.0093 0.0182 0.0078 
      H535.5  1 0.0177 0.9455 0.0059 0.0058 0.0085 0.0091 0.0075 
      H535.6  1 0.0512 0.8198 0.0219 0.0106 0.0430 0.0196 0.0339 
      H535.7  1 0.0116 0.9413 0.0077 0.0091 0.0079 0.0084 0.0140 
      H535.8  1 0.0197 0.9105 0.0082 0.0112 0.0174 0.0104 0.0226 
      H535.9  1 0.0262 0.8954 0.0254 0.0153 0.0112 0.0107 0.0159 
      H539.1  1 0.0070 0.0046 0.9590 0.0072 0.0054 0.0070 0.0098 
      H539.2  1 0.0206 0.1707 0.6435 0.0242 0.0755 0.0227 0.0429 
      H539.3  1 0.0244 0.0137 0.8747 0.0164 0.0177 0.0113 0.0417 
      H539.4  1 0.0072 0.0104 0.9247 0.0263 0.0094 0.0069 0.0151 
      H539.5  1 0.0076 0.0051 0.9459 0.0094 0.0049 0.0069 0.0202 
      H539.6  1 0.0093 0.0064 0.9402 0.0074 0.0067 0.0080 0.0219 
      H539.7  1 0.0079 0.0078 0.9575 0.0065 0.0064 0.0067 0.0072 
      H539.8  1 0.0197 0.0251 0.7969 0.0849 0.0290 0.0260 0.0184 
      H539.9  1 0.0061 0.0050 0.9407 0.0201 0.0076 0.0072 0.0133 
      H540.1  1 0.0146 0.0162 0.9221 0.0214 0.0106 0.0057 0.0094 
      H540.2  1 0.0152 0.0073 0.9451 0.0070 0.0071 0.0096 0.0086 
      H540.3  1 0.0287 0.0166 0.2895 0.6027 0.0287 0.0274 0.0065 
      H540.4  1 0.0190 0.0156 0.9227 0.0095 0.0118 0.0129 0.0085 
      H540.5  1 0.0208 0.0096 0.8255 0.1016 0.0144 0.0114 0.0167 
      H540.6  1 0.0451 0.0176 0.8002 0.0492 0.0394 0.0137 0.0349 
      H540.7  1 0.0137 0.0162 0.9284 0.0077 0.0079 0.0118 0.0142 
      H540.8  1 0.0800 0.0205 0.8547 0.0172 0.0075 0.0109 0.0093 
     H9558.1  1 0.0085 0.0093 0.9539 0.0078 0.0074 0.0070 0.0061 
     H9558.2  1 0.0116 0.0081 0.9254 0.0179 0.0100 0.0119 0.0150 
     H9558.3  1 0.0130 0.0072 0.9161 0.0201 0.0077 0.0155 0.0204 
     H9558.4  1 0.0105 0.0126 0.9433 0.0146 0.0067 0.0058 0.0065 
     H9558.5  1 0.0079 0.0227 0.9081 0.0268 0.0134 0.0144 0.0066 
     H9558.6  1 0.0171 0.0075 0.7987 0.0193 0.0330 0.0167 0.1077 
    kos339.1  1 0.0594 0.8533 0.0139 0.0124 0.0147 0.0147 0.0318 
    kos339.2  1 0.4301 0.2996 0.0131 0.0517 0.0233 0.0541 0.1280 
    kos339.3  1 0.0974 0.8463 0.0131 0.0080 0.0078 0.0150 0.0123 
    kos339.4  1 0.2230 0.6749 0.0120 0.0112 0.0147 0.0407 0.0235 
    kos339.5  1 0.2391 0.6733 0.0140 0.0069 0.0170 0.0255 0.0241 
    kos339.6  1 0.6730 0.2456 0.0087 0.0299 0.0148 0.0155 0.0125 
    kos339.7  1 0.0546 0.8933 0.0094 0.0085 0.0072 0.0113 0.0158 
    kos339.8  1 0.1094 0.8174 0.0070 0.0128 0.0152 0.0263 0.0119 
    kos339.9  1 0.6186 0.2914 0.0222 0.0132 0.0085 0.0232 0.0228 
      H008.1  2 0.0090 0.0139 0.0410 0.0093 0.0107 0.0161 0.8999 
      H008.2  2 0.0294 0.0785 0.1468 0.4014 0.0480 0.0306 0.2653 
      H008.3  2 0.0392 0.2469 0.2253 0.1132 0.1474 0.0429 0.1852 
      H008.4  2 0.0196 0.0136 0.0249 0.0587 0.0135 0.0242 0.8454 
      H008.5  2 0.0136 0.0181 0.0148 0.0186 0.0188 0.0205 0.8955 
      H008.6  2 0.0274 0.0598 0.0466 0.2303 0.0162 0.0286 0.5910 
      H008.7  2 0.0262 0.0521 0.0486 0.1198 0.0372 0.0491 0.6671 
      H008.8  2 0.0309 0.0192 0.6116 0.1013 0.0165 0.0217 0.1987 
      H008.9  2 0.0436 0.0222 0.0604 0.7947 0.0174 0.0246 0.0370 
 H029.1_2002  2 0.0096 0.0079 0.0177 0.0181 0.0163 0.0187 0.9117 
 H029.1_2003  2 0.0152 0.0365 0.0242 0.0591 0.0291 0.0243 0.8115 
 H029.2_2002  2 0.0237 0.0322 0.0085 0.0215 0.0134 0.0096 0.8913 
 H029.2_2003  2 0.0351 0.0794 0.0120 0.0459 0.0289 0.0086 0.7902 
 H029.3_2002  2 0.0344 0.0557 0.0089 0.1683 0.1111 0.0105 0.6111 
 H029.3_2003  2 0.0075 0.0186 0.0070 0.0127 0.0195 0.0188 0.9158 
 H029.4_2002  2 0.0066 0.0068 0.0056 0.0159 0.0188 0.0131 0.9331 
 H029.4_2003  2 0.0106 0.0316 0.0902 0.0387 0.0684 0.0517 0.7088 
 H029.5_2002  2 0.0084 0.0076 0.0075 0.0082 0.0126 0.0132 0.9426 
 H029.5_2003  2 0.0076 0.0109 0.0109 0.0161 0.0135 0.0150 0.9260 
 H029.6_2002  2 0.0095 0.0082 0.0062 0.0408 0.0754 0.0108 0.8492 
 H029.6_2003  2 0.0279 0.0832 0.0163 0.0118 0.0200 0.0340 0.8067 
      H029.7  2 0.0163 0.0114 0.0107 0.0159 0.0113 0.0092 0.9253 
      H030.1  2 0.0390 0.0359 0.0136 0.0097 0.7978 0.0276 0.0763 
      H030.2  2 0.0133 0.0198 0.0405 0.0716 0.6184 0.1336 0.1027 
      H038.1  2 0.0088 0.0073 0.0096 0.0242 0.0074 0.0101 0.9327 
      H038.2  2 0.0066 0.0108 0.0075 0.0082 0.0097 0.0093 0.9479 
      H038.3  2 0.0134 0.0119 0.0119 0.0289 0.0092 0.0141 0.9105 
      H038.4  2 0.0131 0.0081 0.0071 0.0238 0.0088 0.0159 0.9232 
      H038.5  2 0.0096 0.0157 0.0104 0.0391 0.0165 0.0116 0.8970 
      H038.6  2 0.0054 0.0103 0.0121 0.0125 0.0121 0.0063 0.9413 
      H038.7  2 0.0056 0.0097 0.0130 0.0102 0.0056 0.0073 0.9485 
      H038.8  2 0.0122 0.0108 0.0087 0.0644 0.0161 0.0155 0.8723 
      H041.1  2 0.0529 0.0160 0.0127 0.0216 0.0920 0.1496 0.6553 
      H041.2  2 0.0147 0.0110 0.0111 0.0221 0.0223 0.5240 0.3948 
      H041.4  2 0.0338 0.0102 0.0245 0.0346 0.0351 0.0512 0.8106 
      H041.6  2 0.0365 0.0109 0.0304 0.0182 0.0470 0.0452 0.8118 
 H042.1_2002  2 0.1631 0.0425 0.1425 0.0193 0.5546 0.0624 0.0156 
 H042.1_2003  2 0.0387 0.0874 0.1508 0.2393 0.0286 0.3071 0.1481 
 H042.2_2002  2 0.0161 0.0669 0.0303 0.0220 0.0686 0.1148 0.6813 
 H042.2_2003  2 0.0532 0.0179 0.0682 0.0081 0.0147 0.5632 0.2748 
 H042.3_2002  2 0.1824 0.0935 0.1486 0.0302 0.3400 0.1706 0.0346 
 H042.3_2003  2 0.0569 0.1086 0.2655 0.0453 0.1328 0.2010 0.1899 
 H042.4_2002  2 0.0709 0.0280 0.0332 0.0273 0.6456 0.0994 0.0955 
 H042.4_2003  2 0.1854 0.0195 0.0643 0.0095 0.3970 0.0400 0.2843 
      H042.5  2 0.0599 0.0150 0.0218 0.0051 0.8651 0.0153 0.0178 
      H042.6  2 0.0745 0.0127 0.0878 0.0120 0.7456 0.0132 0.0543 
      H042.7  2 0.1074 0.0266 0.0402 0.0099 0.2862 0.4328 0.0970 
      H042.8  2 0.0389 0.0258 0.0297 0.0343 0.5550 0.2407 0.0756 
   H042_2002  2 0.0438 0.0176 0.6171 0.0337 0.0166 0.0901 0.1810 
   H042_2003  2 0.0388 0.0189 0.6355 0.0291 0.0136 0.0910 0.1731 
      H043.1  2 0.0124 0.0127 0.8530 0.0749 0.0152 0.0076 0.0241 
      H043.2  2 0.0399 0.0107 0.7260 0.1628 0.0061 0.0114 0.0431 
      H043.3  2 0.0212 0.0201 0.2180 0.0428 0.0097 0.0159 0.6723 
      H043.4  2 0.0205 0.0107 0.8374 0.0380 0.0099 0.0102 0.0732 
      H043.5  2 0.0163 0.0123 0.3026 0.5098 0.0091 0.0248 0.1251 
      H043.6  2 0.0147 0.0168 0.3089 0.2578 0.0137 0.0182 0.3699 
      H043.7  2 0.0556 0.0104 0.7929 0.0628 0.0112 0.0173 0.0498 
      H043.8  2 0.0791 0.0357 0.4602 0.2451 0.0435 0.0430 0.0934 
      H043.9  2 0.0159 0.0235 0.6495 0.1008 0.0221 0.0156 0.1726 
      H047.1  2 0.0201 0.0446 0.2434 0.0110 0.0096 0.0302 0.6411 
      H047.2  2 0.0380 0.0370 0.0187 0.0153 0.0375 0.0491 0.8043 
      H047.3  2 0.0297 0.0474 0.0187 0.0117 0.0364 0.2617 0.5945 
      H047.4  2 0.0301 0.0176 0.0176 0.0080 0.0096 0.0814 0.8357 
      H047.5  2 0.0479 0.0327 0.0375 0.0061 0.0134 0.2700 0.5923 
      H047.6  2 0.0302 0.0343 0.0325 0.0364 0.0287 0.5383 0.2996 
      H047.7  2 0.0270 0.0179 0.1230 0.0123 0.0112 0.1280 0.6806 
      H047.8  2 0.0369 0.0870 0.0746 0.0198 0.0193 0.4119 0.3504 
      H047.9  2 0.0822 0.0390 0.0561 0.0065 0.0121 0.0981 0.7060 
 H071.1_2002  2 0.0095 0.0090 0.0258 0.0069 0.0095 0.0082 0.9311 
 H071.1_2003  2 0.0439 0.0174 0.0515 0.0104 0.0188 0.0174 0.8405 
     H071.10  2 0.0080 0.0098 0.0094 0.0106 0.0236 0.0087 0.9300 
 H071.2_2002  2 0.0114 0.0110 0.0138 0.0132 0.0066 0.0096 0.9345 
 H071.2_2003  2 0.0060 0.0060 0.0072 0.0042 0.0064 0.0066 0.9635 
      H071.3  2 0.0079 0.0088 0.0082 0.0145 0.0169 0.0231 0.9207 
 H071.4_2002  2 0.0163 0.0140 0.0132 0.0181 0.0152 0.0151 0.9081 
 H071.4_2003  2 0.0074 0.0080 0.0089 0.0045 0.0087 0.0064 0.9562 
 H071.5_2002  2 0.0066 0.0066 0.0087 0.0057 0.0085 0.0058 0.9580 
 H071.5_2003  2 0.0122 0.0145 0.0159 0.0063 0.0085 0.0123 0.9303 
 H071.6_2002  2 0.0071 0.0082 0.0102 0.0116 0.0072 0.0085 0.9473 
 H071.6_2003  2 0.0094 0.0088 0.0095 0.0055 0.0097 0.0072 0.9498 
 H071.7_2002  2 0.0067 0.0055 0.0111 0.0055 0.0061 0.0058 0.9594 
 H071.7_2003  2 0.0163 0.0146 0.0185 0.0052 0.0132 0.0083 0.9238 
      H071.8  2 0.0108 0.0069 0.0114 0.0130 0.0071 0.0104 0.9404 
      H071.9  2 0.0189 0.0156 0.0190 0.0610 0.0271 0.0240 0.8345 
 H081.1_2002  2 0.0087 0.0061 0.0098 0.0058 0.0097 0.0072 0.9527 
 H081.1_2003  2 0.0255 0.0291 0.0981 0.6248 0.0757 0.0295 0.1173 
 H081.2_2002  2 0.0139 0.0062 0.0140 0.0053 0.0066 0.0076 0.9463 
 H081.2_2003  2 0.0279 0.0174 0.1109 0.0664 0.7274 0.0142 0.0357 
 H081.3_2002  2 0.0140 0.0078 0.0098 0.0114 0.0094 0.0079 0.9398 
 H081.3_2003  2 0.0549 0.0282 0.5850 0.1407 0.1380 0.0206 0.0326 
 H081.4_2002  2 0.0084 0.0117 0.0117 0.0054 0.0089 0.0069 0.9470 
 H081.4_2003  2 0.0966 0.0679 0.3070 0.1038 0.3146 0.0343 0.0758 
 H081.5_2002  2 0.0088 0.0082 0.0147 0.0064 0.0107 0.0074 0.9437 
 H081.5_2003  2 0.1902 0.0455 0.1923 0.0938 0.1329 0.0896 0.2556 
      H081.6  2 0.0106 0.0079 0.0136 0.0054 0.0083 0.0083 0.9459 
      H081.7  2 0.0190 0.0090 0.0110 0.0075 0.0128 0.0092 0.9315 
      H081.8  2 0.0218 0.0140 0.0118 0.0391 0.0383 0.0164 0.8585 
      H083.1  2 0.0085 0.0121 0.0070 0.0108 0.0196 0.0093 0.9328 
      H083.2  2 0.0137 0.0136 0.0151 0.0107 0.0215 0.0100 0.9155 
      H083.4  2 0.0116 0.0112 0.0089 0.0195 0.0293 0.0106 0.9091 
      H083.5  2 0.0105 0.0109 0.0080 0.0159 0.0205 0.0119 0.9223 
      H083.6  2 0.0122 0.0277 0.0067 0.0162 0.0381 0.0115 0.8877 
      H083.7  2 0.0189 0.0113 0.0143 0.0190 0.0274 0.0155 0.8937 
      H083.8  2 0.0179 0.0176 0.0145 0.0096 0.0134 0.0114 0.9156 
      H083.9  2 0.0079 0.0093 0.0075 0.0101 0.0193 0.0102 0.9357 
      H084.1  2 0.0153 0.0195 0.0176 0.3507 0.5182 0.0538 0.0249 
      H084.2  2 0.0110 0.0274 0.0126 0.3583 0.5558 0.0121 0.0228 
      H084.3  2 0.0366 0.0337 0.0188 0.5099 0.0849 0.3012 0.0149 
      H084.4  2 0.0303 0.0256 0.0120 0.6773 0.0538 0.1823 0.0187 
      H084.5  2 0.0157 0.0292 0.0130 0.3640 0.1067 0.4528 0.0185 
      H084.6  2 0.0404 0.0173 0.0113 0.5352 0.0956 0.2877 0.0126 
      H084.7  2 0.0166 0.0242 0.0179 0.1551 0.7319 0.0289 0.0254 
      H084.8  2 0.0220 0.0180 0.0103 0.4157 0.1314 0.3925 0.0101 
 H085.1_2002  2 0.1576 0.0112 0.0524 0.0366 0.1438 0.0108 0.5875 
 H085.1_2003  2 0.0368 0.0157 0.0112 0.0254 0.0633 0.0163 0.8314 
 H085.2_2002  2 0.3733 0.0216 0.0555 0.0886 0.3211 0.0276 0.1123 
 H085.2_2003  2 0.0233 0.0272 0.0139 0.0161 0.0713 0.0151 0.8332 
 H085.3_2002  2 0.8087 0.0073 0.0343 0.0089 0.0353 0.0180 0.0875 
 H085.3_2003  2 0.0208 0.0135 0.0169 0.0073 0.0122 0.0158 0.9135 
 H085.4_2002  2 0.1512 0.0191 0.1574 0.0546 0.0894 0.0222 0.5061 
 H085.4_2003  2 0.0199 0.0105 0.0187 0.0079 0.0221 0.0350 0.8859 
 H085.5_2002  2 0.6709 0.0073 0.0517 0.0082 0.0181 0.0179 0.2259 
 H085.5_2003  2 0.0160 0.0155 0.0083 0.0089 0.0735 0.0091 0.8687 
 H085.6_2002  2 0.5674 0.0174 0.0511 0.0377 0.0974 0.0147 0.2143 
 H085.6_2003  2 0.3632 0.0167 0.0286 0.0122 0.0176 0.0872 0.4746 
 H085.7_2002  2 0.5708 0.0176 0.0464 0.0190 0.1235 0.0164 0.2063 
 H085.7_2003  2 0.0198 0.0139 0.0159 0.0122 0.0097 0.0248 0.9037 
 H085.8_2002  2 0.7080 0.0122 0.0608 0.0178 0.0221 0.0273 0.1518 
 H085.8_2003  2 0.0611 0.0217 0.0199 0.0242 0.4106 0.0377 0.4248 
      H085.9  2 0.2877 0.0096 0.0672 0.0330 0.0574 0.0184 0.5266 
      H088.1  2 0.1230 0.0295 0.0392 0.0249 0.7394 0.0234 0.0207 
      H088.2  2 0.0902 0.0228 0.0201 0.0158 0.8127 0.0202 0.0182 
      H088.3  2 0.0306 0.0252 0.0168 0.0144 0.8823 0.0145 0.0162 
      H088.4  2 0.0109 0.0259 0.0276 0.0157 0.8344 0.0363 0.0493 
      H088.5  2 0.0104 0.0131 0.0151 0.0114 0.9167 0.0194 0.0139 
      H088.6  2 0.0152 0.0157 0.0147 0.0148 0.8312 0.0683 0.0401 
      H088.7  2 0.0257 0.0310 0.0129 0.0212 0.3216 0.1439 0.4437 
      H088.8  2 0.0254 0.0363 0.0216 0.0420 0.3511 0.2157 0.3079 
      H091.1  2 0.0274 0.0428 0.0148 0.0113 0.8313 0.0238 0.0486 
      H091.2  2 0.0340 0.0408 0.0165 0.0088 0.7047 0.0834 0.1118 
      H109.1  2 0.0321 0.0357 0.0942 0.3572 0.2171 0.2077 0.0562 
      H109.2  2 0.0591 0.0361 0.1129 0.0391 0.4551 0.0972 0.2004 
      H109.3  2 0.2187 0.1735 0.0306 0.0607 0.0854 0.2226 0.2085 
      H109.4  2 0.0631 0.0691 0.1902 0.2833 0.1485 0.1743 0.0715 
      H109.5  2 0.1133 0.0339 0.0143 0.0095 0.0523 0.2903 0.4865 
      H109.6  2 0.1788 0.0496 0.1964 0.1532 0.1390 0.1857 0.0973 
      H126.1  2 0.1367 0.0592 0.6372 0.0291 0.0229 0.0927 0.0222 
      H126.2  2 0.0347 0.0376 0.2140 0.0515 0.0221 0.0152 0.6249 
      H126.3  2 0.0260 0.0298 0.0387 0.0498 0.0118 0.0360 0.8079 
      H126.4  2 0.0212 0.0467 0.8320 0.0159 0.0224 0.0194 0.0425 
      H126.5  2 0.0211 0.0252 0.8197 0.0079 0.0065 0.0110 0.1087 
      H126.6  2 0.0152 0.0226 0.0356 0.0069 0.0106 0.0108 0.8984 
      H126.7  2 0.0113 0.0145 0.0227 0.0053 0.0091 0.0071 0.9300 
      H130.1  2 0.2340 0.0436 0.5409 0.0276 0.1040 0.0228 0.0271 
      H130.2  2 0.0424 0.0591 0.0280 0.0375 0.7553 0.0199 0.0578 
      H130.3  2 0.0430 0.6228 0.0402 0.0142 0.2034 0.0115 0.0649 
      H130.4  2 0.1489 0.2419 0.2872 0.1337 0.1424 0.0238 0.0221 
      H130.5  2 0.1204 0.0255 0.0697 0.0180 0.6333 0.0265 0.1066 
      H133.1  2 0.1143 0.1481 0.0666 0.3117 0.1454 0.0450 0.1689 
      H133.2  2 0.2593 0.0614 0.3596 0.0999 0.1023 0.0390 0.0785 
      H133.3  2 0.3315 0.0711 0.0177 0.1718 0.0578 0.0524 0.2977 
      H133.4  2 0.1942 0.0737 0.1177 0.4004 0.0469 0.0991 0.0680 
      H133.5  2 0.2173 0.2656 0.1161 0.1745 0.1758 0.0087 0.0420 
      H133.6  2 0.1131 0.0409 0.4466 0.0586 0.2812 0.0204 0.0392 
      H133.7  2 0.3587 0.0282 0.0281 0.1176 0.0112 0.3711 0.0851 
      H133.8  2 0.1713 0.1648 0.0549 0.3671 0.0537 0.1222 0.0660 
      H133.9  2 0.1005 0.2631 0.0669 0.2288 0.2274 0.0309 0.0825 
      H147.1  2 0.0488 0.0097 0.0247 0.0257 0.0892 0.1703 0.6316 
      H147.2  2 0.0109 0.0063 0.0096 0.0079 0.0111 0.0106 0.9435 
      H147.3  2 0.0229 0.0087 0.0140 0.0049 0.0097 0.0111 0.9286 
      H147.4  2 0.0128 0.0094 0.0069 0.0167 0.0177 0.0140 0.9224 
      H147.5  2 0.0175 0.0165 0.0164 0.0101 0.2707 0.0278 0.6411 
      H147.6  2 0.0217 0.0293 0.0180 0.0115 0.3440 0.0427 0.5328 
      H147.7  2 0.0159 0.0171 0.0104 0.0264 0.0207 0.0254 0.8841 
      H147.8  2 0.0073 0.0104 0.0057 0.0324 0.1331 0.0311 0.7800 
      H147.9  2 0.0098 0.0069 0.0122 0.0070 0.0135 0.0095 0.9412 
      H148.1  2 0.0334 0.0299 0.1333 0.5158 0.1325 0.1306 0.0245 
      H148.2  2 0.0532 0.0169 0.0370 0.4792 0.0354 0.3418 0.0365 
      H148.3  2 0.7498 0.0092 0.0133 0.0444 0.0132 0.1588 0.0113 
      H148.4  2 0.1521 0.0267 0.0582 0.3917 0.0189 0.3252 0.0272 
      H148.5  2 0.1112 0.0185 0.0255 0.1406 0.0371 0.6485 0.0186 
      H148.6  2 0.0971 0.0135 0.0257 0.5275 0.0486 0.2665 0.0211 
      H148.7  2 0.0273 0.0446 0.0238 0.2576 0.0367 0.5950 0.0151 
      H148.8  2 0.2467 0.0154 0.0197 0.1191 0.0163 0.5724 0.0104 
      H148.9  2 0.0966 0.0386 0.1282 0.3145 0.0340 0.3734 0.0146 
   H166022.1  2 0.0152 0.0065 0.0079 0.0119 0.9271 0.0168 0.0144 
   H166022.2  2 0.0374 0.0254 0.0119 0.0296 0.8046 0.0350 0.0562 
   H166022.3  2 0.0084 0.0160 0.0074 0.0083 0.9431 0.0099 0.0070 
   H166022.4  2 0.0090 0.0195 0.0077 0.0089 0.9344 0.0120 0.0086 
   H166022.5  2 0.0103 0.0218 0.0081 0.0079 0.9303 0.0113 0.0104 
   H166022.6  2 0.0105 0.0128 0.0128 0.0180 0.9193 0.0143 0.0123 
   H166022.7  2 0.0068 0.0174 0.0147 0.9298 0.0109 0.0077 0.0126 
   H166022.8  2 0.0471 0.0448 0.0241 0.0124 0.8150 0.0331 0.0236 
   H167397.1  2 0.0169 0.0145 0.0287 0.5382 0.0244 0.2994 0.0780 
   H167397.2  2 0.0555 0.1050 0.0270 0.5931 0.0287 0.1518 0.0389 
   H167397.3  2 0.0190 0.0187 0.0130 0.6123 0.0173 0.2714 0.0482 
   H167397.4  2 0.0240 0.0174 0.0077 0.8158 0.0212 0.0871 0.0267 
   H167397.5  2 0.0155 0.0229 0.0339 0.8285 0.0145 0.0593 0.0254 
   H167397.6  2 0.0184 0.0169 0.0166 0.5366 0.0165 0.3452 0.0498 
   H167496.1  2 0.4041 0.1176 0.0226 0.0138 0.2836 0.1246 0.0337 
   H167496.2  2 0.2346 0.0429 0.0345 0.0482 0.0359 0.2222 0.3817 
   H167496.3  2 0.7284 0.0237 0.0665 0.0101 0.0958 0.0246 0.0509 
   H167496.4  2 0.0133 0.0150 0.0105 0.0082 0.9152 0.0138 0.0240 
   H167496.6  2 0.0190 0.0493 0.0394 0.0148 0.6952 0.0271 0.1551 
   H167496.7  2 0.3109 0.1279 0.1795 0.0101 0.0933 0.2414 0.0369 
   H167496.8  2 0.0183 0.0223 0.0217 0.0157 0.6509 0.0448 0.2263 
   H167513.1  2 0.0653 0.2143 0.0715 0.2661 0.1097 0.2266 0.0464 
   H167513.2  2 0.2112 0.0401 0.2180 0.1592 0.0344 0.3132 0.0240 
   H167513.3  2 0.0259 0.5517 0.0735 0.0241 0.2657 0.0448 0.0142 
   H167513.4  2 0.0241 0.0528 0.0235 0.0473 0.5766 0.2511 0.0247 
   H167513.5  2 0.1695 0.0412 0.1070 0.3387 0.0654 0.2018 0.0764 
   H167513.6  2 0.2956 0.0554 0.1316 0.0597 0.1841 0.2280 0.0456 
   H167513.7  2 0.0341 0.0845 0.0585 0.1309 0.6138 0.0306 0.0476 
   H167513.8  2 0.0497 0.2982 0.1694 0.2810 0.0980 0.0710 0.0328 
   H167547.1  2 0.2111 0.0236 0.1047 0.0363 0.0358 0.5770 0.0115 
   H167547.2  2 0.0488 0.0164 0.0208 0.0178 0.0317 0.8545 0.0100 
   H167547.3  2 0.0497 0.0158 0.0212 0.0116 0.0446 0.8460 0.0112 
   H167547.4  2 0.1958 0.0252 0.1949 0.0408 0.4005 0.1337 0.0092 
   H167547.5  2 0.0234 0.0116 0.0222 0.0074 0.0608 0.8621 0.0124 
   H167547.6  2 0.0226 0.0096 0.0327 0.0109 0.0584 0.8515 0.0142 
   H167547.7  2 0.7428 0.0429 0.0897 0.0287 0.0223 0.0562 0.0173 
   H169750.1  2 0.4459 0.2129 0.0529 0.0270 0.1805 0.0360 0.0449 
   H169750.2  2 0.0620 0.2324 0.0687 0.1150 0.0465 0.1800 0.2954 
   H169750.3  2 0.2264 0.3367 0.0454 0.0126 0.2178 0.0476 0.1135 
   H169750.4  2 0.2706 0.2439 0.0545 0.2268 0.0253 0.1000 0.0789 
   H169750.5  2 0.2880 0.2336 0.0377 0.0299 0.2190 0.0234 0.1684 
   H169750.6  2 0.0521 0.0844 0.0602 0.0290 0.1011 0.0176 0.6557 
   H169750.7  2 0.2090 0.4643 0.0475 0.0494 0.0295 0.0589 0.1414 
   H171929.1  2 0.1702 0.0157 0.0346 0.6067 0.0130 0.1431 0.0167 
  H171929.10  2 0.2928 0.0136 0.0368 0.1379 0.1564 0.2430 0.1194 
  H171929.11  2 0.1694 0.0581 0.1819 0.3422 0.0303 0.1808 0.0373 
   H171929.2  2 0.1936 0.0735 0.1703 0.0803 0.0747 0.3862 0.0213 
   H171929.3  2 0.0552 0.0674 0.0929 0.2088 0.0623 0.4877 0.0256 
   H171929.4  2 0.6939 0.0452 0.0576 0.0126 0.1295 0.0330 0.0282 
   H171929.5  2 0.0333 0.0583 0.1751 0.2176 0.0674 0.4259 0.0224 
   H171929.6  2 0.0274 0.0430 0.2551 0.3667 0.0262 0.2676 0.0139 
   H171929.7  2 0.5881 0.0421 0.1588 0.0460 0.0274 0.0991 0.0384 
   H171929.8  2 0.6887 0.0166 0.1800 0.0271 0.0271 0.0428 0.0176 
   H171929.9  2 0.4610 0.0222 0.1588 0.0159 0.2182 0.0372 0.0866 
   H171930.1  2 0.0189 0.5444 0.0352 0.1841 0.0720 0.1124 0.0329 
   H171930.2  2 0.0435 0.0676 0.0582 0.0348 0.6914 0.0700 0.0345 
   H171930.3  2 0.0251 0.1957 0.0186 0.5617 0.1098 0.0692 0.0199 
   H171930.4  2 0.0146 0.3050 0.0105 0.0728 0.4469 0.1367 0.0136 
   H171930.5  2 0.0646 0.2751 0.2421 0.0631 0.2113 0.0608 0.0829 
   H171930.6  2 0.0206 0.3356 0.0470 0.0234 0.3198 0.1120 0.1416 
   H171930.7  2 0.0104 0.0570 0.0129 0.8407 0.0189 0.0335 0.0266 
   H171930.8  2 0.0172 0.0465 0.0249 0.7733 0.0428 0.0587 0.0365 
   H171933.1  2 0.0174 0.0086 0.0081 0.0198 0.9232 0.0155 0.0074 
   H171933.2  2 0.0226 0.0085 0.0118 0.0420 0.8689 0.0310 0.0152 
   H171933.3  2 0.0401 0.0086 0.0208 0.0125 0.8863 0.0237 0.0080 
   H171933.4  2 0.0366 0.0211 0.0222 0.0076 0.8863 0.0136 0.0125 
   H171933.5  2 0.0892 0.0716 0.2189 0.0147 0.4868 0.1051 0.0136 
   H171933.6  2 0.0102 0.0141 0.0076 0.0070 0.9200 0.0116 0.0294 
   H171933.7  2 0.0380 0.0198 0.0425 0.0151 0.8507 0.0215 0.0124 
   H171933.8  2 0.0624 0.0145 0.0318 0.0387 0.7777 0.0560 0.0189 
   H171933.9  2 0.0111 0.0095 0.0122 0.0059 0.9442 0.0078 0.0094 
      H190.1  2 0.0667 0.4224 0.0553 0.0117 0.3174 0.0790 0.0475 
      H190.2  2 0.1294 0.0165 0.0291 0.0099 0.0153 0.7391 0.0607 
      H190.3  2 0.2156 0.0494 0.2070 0.0169 0.0838 0.3914 0.0358 
      H190.4  2 0.0440 0.0234 0.0279 0.0134 0.8701 0.0121 0.0091 
      H190.5  2 0.0761 0.0278 0.0399 0.0081 0.0223 0.7092 0.1166 
      H190.6  2 0.0876 0.0372 0.0377 0.0101 0.7871 0.0249 0.0154 
      H190.7  2 0.6200 0.0383 0.1511 0.0109 0.0717 0.0906 0.0174 
      H190.8  2 0.3313 0.1110 0.0798 0.0079 0.0342 0.3245 0.1113 
      H190.9  2 0.2687 0.0352 0.0654 0.0154 0.0350 0.5368 0.0435 
      H400.1  2 0.0065 0.0124 0.0148 0.0098 0.9370 0.0105 0.0090 
      H400.2  2 0.0064 0.0063 0.0096 0.0132 0.9233 0.0127 0.0285 
      H400.3  2 0.0179 0.0277 0.0357 0.0149 0.8750 0.0126 0.0162 
      H400.4  2 0.0075 0.0133 0.0106 0.0064 0.9090 0.0257 0.0274 
      H400.5  2 0.0102 0.0138 0.0126 0.0104 0.9340 0.0089 0.0101 
      H400.6  2 0.0090 0.0092 0.0110 0.0063 0.9359 0.0109 0.0177 
      H400.7  2 0.0112 0.0119 0.0110 0.0066 0.9419 0.0110 0.0064 
 H428.1_2005  2 0.0122 0.0243 0.0103 0.0169 0.9039 0.0160 0.0165 
 H428.1_2006  2 0.0509 0.0318 0.0096 0.0077 0.8308 0.0158 0.0534 
 H428.2_2005  2 0.0105 0.0106 0.0073 0.0117 0.9384 0.0163 0.0052 
 H428.2_2006  2 0.0156 0.0094 0.0123 0.0106 0.8702 0.0146 0.0672 
 H428.3_2005  2 0.0182 0.0239 0.0063 0.0054 0.9271 0.0067 0.0124 
 H428.3_2006  2 0.0190 0.0159 0.0200 0.0151 0.8527 0.0149 0.0624 
 H428.4_2005  2 0.0181 0.0290 0.0047 0.0096 0.9196 0.0091 0.0098 
 H428.4_2006  2 0.0131 0.0160 0.0062 0.0080 0.9288 0.0081 0.0197 
 H428.5_2005  2 0.0093 0.0065 0.0088 0.0352 0.9123 0.0067 0.0212 
 H428.6_2005  2 0.0245 0.0527 0.0086 0.0068 0.8798 0.0100 0.0176 
 H428.6_2006  2 0.0139 0.0326 0.0063 0.0179 0.8923 0.0080 0.0291 
      H428.7  2 0.0059 0.0099 0.0117 0.0064 0.9472 0.0058 0.0130 
      H428.8  2 0.0070 0.0153 0.0146 0.0185 0.9149 0.0082 0.0214 
      H428.9  2 0.0063 0.0074 0.0094 0.0203 0.9367 0.0078 0.0121 
      H453.1  2 0.0145 0.0241 0.0104 0.0094 0.8516 0.0155 0.0745 
      H453.2  2 0.0214 0.0191 0.0119 0.0107 0.9111 0.0097 0.0160 
      H453.3  2 0.0297 0.0099 0.0172 0.0059 0.9181 0.0092 0.0100 
      H453.4  2 0.0168 0.0158 0.0106 0.0057 0.9290 0.0094 0.0127 
      H453.5  2 0.0102 0.0139 0.0082 0.0081 0.9246 0.0084 0.0266 
      H453.6  2 0.0087 0.0099 0.0050 0.0075 0.9297 0.0078 0.0313 
      H453.7  2 0.3322 0.0246 0.0315 0.0108 0.1147 0.0211 0.4652 
      H453.8  2 0.1567 0.0252 0.0363 0.0133 0.4259 0.0392 0.3035 
      H453.9  2 0.0452 0.0172 0.0228 0.0094 0.3580 0.0080 0.5394 
      H512.1  2 0.0192 0.0367 0.0108 0.0059 0.8986 0.0147 0.0141 
     H512.10  2 0.0623 0.3370 0.0165 0.0921 0.3614 0.0489 0.0818 
      H512.2  2 0.0619 0.2751 0.0291 0.0314 0.4001 0.1696 0.0327 
      H512.3  2 0.0546 0.7491 0.0137 0.0343 0.0951 0.0330 0.0201 
      H512.4  2 0.0540 0.0473 0.0251 0.0402 0.6005 0.0751 0.1577 
      H512.5  2 0.0338 0.8639 0.0138 0.0199 0.0334 0.0230 0.0123 
      H512.6  2 0.2039 0.5465 0.0518 0.0106 0.1158 0.0534 0.0180 
      H512.7  2 0.0111 0.8420 0.0110 0.0192 0.0536 0.0419 0.0213 
      H512.8  2 0.0330 0.2725 0.0266 0.0205 0.1313 0.4949 0.0213 
      H512.9  2 0.0377 0.7347 0.0181 0.0211 0.1289 0.0355 0.0240 
      H513.1  2 0.0052 0.0081 0.0087 0.0101 0.9403 0.0144 0.0132 
      H513.2  2 0.0078 0.0058 0.0104 0.0107 0.9400 0.0135 0.0119 
      H513.3  2 0.0071 0.0086 0.0096 0.0063 0.9522 0.0080 0.0082 
      H513.4  2 0.0179 0.0186 0.0098 0.0064 0.8898 0.0212 0.0363 
      H513.5  2 0.0069 0.0132 0.0070 0.0077 0.9467 0.0070 0.0115 
      H513.6  2 0.0184 0.0133 0.0248 0.2055 0.7064 0.0137 0.0179 
      H532.1  2 0.0205 0.1081 0.0230 0.0416 0.3704 0.0387 0.3977 
      H532.2  2 0.0621 0.0120 0.0149 0.0225 0.8318 0.0151 0.0415 
      H532.3  2 0.0569 0.0255 0.0233 0.0091 0.7931 0.0118 0.0803 
      H532.4  2 0.0349 0.0246 0.0734 0.0160 0.2084 0.0130 0.6296 
      H532.5  2 0.0321 0.0533 0.0236 0.0425 0.7368 0.0142 0.0975 
      H532.6  2 0.0147 0.0330 0.0472 0.0189 0.6227 0.0155 0.2481 
      H532.7  2 0.0158 0.0321 0.0166 0.0238 0.2901 0.0102 0.6114 
      H532.8  2 0.0293 0.0417 0.0227 0.0374 0.2377 0.0229 0.6083 
      H543.1  2 0.0105 0.0076 0.0067 0.9445 0.0167 0.0077 0.0063 
      H543.2  2 0.0172 0.0127 0.0084 0.8411 0.0776 0.0304 0.0127 
      H543.3  2 0.0118 0.0103 0.0073 0.9397 0.0109 0.0077 0.0124 
      H543.4  2 0.0169 0.0091 0.0069 0.9398 0.0099 0.0107 0.0067 
      H543.5  2 0.0068 0.0063 0.0078 0.9525 0.0092 0.0105 0.0068 
      H543.6  2 0.0191 0.0064 0.0080 0.9357 0.0178 0.0065 0.0064 
      H543.7  2 0.0076 0.0048 0.0072 0.9626 0.0062 0.0060 0.0057 
      H543.8  2 0.0123 0.0096 0.0090 0.9060 0.0224 0.0119 0.0289 
      H543.9  2 0.0099 0.0086 0.0071 0.9394 0.0118 0.0139 0.0094 
 H545.1_2005  2 0.0042 0.0044 0.0074 0.9710 0.0046 0.0035 0.0049 
 H545.1_2006  2 0.0073 0.0059 0.0087 0.9503 0.0087 0.0103 0.0087 
 H545.2_2005  2 0.0084 0.0136 0.0234 0.9280 0.0085 0.0096 0.0084 
 H545.2_2006  2 0.0053 0.0058 0.0062 0.9644 0.0064 0.0063 0.0057 
 H545.3_2005  2 0.0118 0.0145 0.0160 0.9305 0.0075 0.0128 0.0070 
 H545.3_2006  2 0.0057 0.0061 0.0084 0.9601 0.0058 0.0046 0.0093 
 H545.4_2005  2 0.0162 0.0100 0.0145 0.9269 0.0070 0.0187 0.0067 
 H545.4_2006  2 0.0079 0.0099 0.0176 0.9389 0.0073 0.0108 0.0077 
 H545.5_2005  2 0.0055 0.0067 0.0125 0.9546 0.0073 0.0054 0.0079 
 H545.5_2006  2 0.0082 0.0098 0.0094 0.9509 0.0076 0.0076 0.0065 
 H545.6_2005  2 0.0044 0.0044 0.0065 0.9685 0.0049 0.0050 0.0064 
 H545.6_2006  2 0.0055 0.0069 0.0070 0.9596 0.0055 0.0096 0.0058 
 H545.7_2005  2 0.0044 0.0055 0.0080 0.9667 0.0057 0.0045 0.0052 
 H545.7_2006  2 0.0060 0.0078 0.0092 0.9526 0.0081 0.0076 0.0087 
 H545.8_2005  2 0.0094 0.0118 0.0204 0.9242 0.0120 0.0105 0.0118 
 H545.8_2006  2 0.0052 0.0066 0.0066 0.9648 0.0054 0.0052 0.0061 
      H545.9  2 0.0071 0.0086 0.0150 0.9492 0.0074 0.0067 0.0060 
      H547.1  2 0.0430 0.0218 0.0403 0.0135 0.8159 0.0561 0.0095 
      H547.2  2 0.0240 0.0069 0.0125 0.0119 0.3781 0.5507 0.0159 
      H547.3  2 0.0875 0.0539 0.1303 0.0240 0.6204 0.0725 0.0115 
      H547.4  2 0.0301 0.0285 0.1052 0.0119 0.3729 0.3981 0.0534 
      H547.5  2 0.0309 0.0155 0.0124 0.0082 0.4655 0.4609 0.0065 
      H547.6  2 0.0200 0.0080 0.0220 0.0282 0.8350 0.0776 0.0092 
      H547.7  2 0.0538 0.0305 0.1394 0.0310 0.6458 0.0909 0.0086 
      H547.8  2 0.0686 0.0165 0.0228 0.0152 0.8063 0.0622 0.0085 
      H548.1  2 0.0063 0.0063 0.0108 0.9557 0.0051 0.0094 0.0064 
      H548.2  2 0.0095 0.0080 0.0086 0.9511 0.0071 0.0093 0.0064 
      H548.3  2 0.0066 0.0069 0.0097 0.9549 0.0089 0.0059 0.0072 
      H548.4  2 0.0122 0.0205 0.0366 0.8800 0.0091 0.0134 0.0282 
      H548.5  2 0.0056 0.0050 0.0072 0.9634 0.0058 0.0062 0.0067 
      H548.6  2 0.0069 0.0096 0.0132 0.9505 0.0053 0.0077 0.0068 
      H548.7  2 0.0064 0.0060 0.0079 0.9593 0.0064 0.0071 0.0070 
      H548.8  2 0.0070 0.0074 0.0109 0.9516 0.0070 0.0055 0.0106 
      H548.9  2 0.0143 0.0093 0.0154 0.9270 0.0110 0.0116 0.0115 
     H7389.1  2 0.0090 0.0084 0.0123 0.0110 0.9334 0.0132 0.0128 
     H7389.2  2 0.0057 0.0074 0.0088 0.0434 0.9103 0.0118 0.0127 
     H7389.3  2 0.0090 0.0071 0.0072 0.0188 0.9255 0.0170 0.0155 
     H7389.4  2 0.0121 0.0102 0.0263 0.0589 0.8571 0.0056 0.0298 
     H7389.5  2 0.0117 0.0150 0.0313 0.0281 0.8779 0.0079 0.0280 
     H7389.6  2 0.0097 0.0912 0.0077 0.0253 0.8145 0.0107 0.0409 
     H7389.7  2 0.0073 0.0159 0.0123 0.0530 0.8638 0.0187 0.0290 
     H7389.8  2 0.0177 0.0173 0.0558 0.3937 0.4760 0.0133 0.0262 
     H7389.9  2 0.0139 0.0126 0.0101 0.0667 0.8572 0.0066 0.0329 
      H747.1  2 0.2029 0.5669 0.0248 0.0241 0.0631 0.0999 0.0183 
      H747.2  2 0.0248 0.6691 0.1621 0.0405 0.0262 0.0635 0.0138 
      H747.3  2 0.0573 0.7991 0.0322 0.0182 0.0487 0.0297 0.0149 
      H747.4  2 0.0507 0.7149 0.0542 0.0235 0.0392 0.0970 0.0204 
      H747.5  2 0.0248 0.8234 0.0483 0.0181 0.0264 0.0439 0.0150 
      H747.6  2 0.0378 0.4229 0.0434 0.2269 0.1040 0.1505 0.0145 
      H747.7  2 0.0322 0.7721 0.0703 0.0297 0.0549 0.0302 0.0105 
     H7484.1  2 0.0691 0.0231 0.0214 0.0150 0.0667 0.0286 0.7761 
     H7484.2  2 0.1724 0.0222 0.1909 0.0141 0.0587 0.0914 0.4504 
     H7484.3  2 0.1069 0.0209 0.0874 0.0215 0.0278 0.0530 0.6826 
     H7484.4  2 0.0922 0.0342 0.0946 0.0088 0.0966 0.0398 0.6337 
     H7484.5  2 0.0202 0.0270 0.1361 0.0301 0.0516 0.0374 0.6977 
     H7484.6  2 0.2569 0.3996 0.1129 0.0255 0.0310 0.0865 0.0875 
     H7484.7  2 0.1630 0.1098 0.1848 0.0106 0.0261 0.0116 0.4941 
     H7484.8  2 0.0596 0.0465 0.0403 0.0116 0.2123 0.0310 0.5988 
     H7485.1  2 0.0159 0.0076 0.0078 0.9312 0.0105 0.0123 0.0147 
     H7485.2  2 0.0069 0.0048 0.0065 0.9591 0.0078 0.0059 0.0089 
     H7485.3  2 0.0061 0.0058 0.0075 0.9589 0.0051 0.0087 0.0079 
     H7485.4  2 0.0061 0.0046 0.0103 0.9603 0.0067 0.0047 0.0074 
     H7485.5  2 0.0126 0.0082 0.0149 0.9317 0.0086 0.0087 0.0153 
     H7485.6  2 0.0193 0.0077 0.0097 0.9226 0.0101 0.0099 0.0208 
     H7485.7  2 0.0103 0.0093 0.0149 0.9342 0.0076 0.0130 0.0107 
     H7496.1  2 0.0361 0.0435 0.0199 0.0080 0.7520 0.0495 0.0910 
    H7496.10  2 0.0159 0.0101 0.0098 0.0065 0.9177 0.0135 0.0266 
    H7496.11  2 0.0213 0.0312 0.0128 0.7898 0.0302 0.0299 0.0850 
     H7496.2  2 0.0243 0.0312 0.0203 0.0081 0.8664 0.0141 0.0357 
     H7496.3  2 0.0413 0.0183 0.0339 0.0135 0.1491 0.0386 0.7053 
     H7496.4  2 0.0157 0.0185 0.0120 0.0103 0.8958 0.0232 0.0245 
     H7496.5  2 0.0119 0.0529 0.0293 0.0107 0.8244 0.0298 0.0411 
     H7496.6  2 0.0117 0.0373 0.0223 0.0064 0.8765 0.0127 0.0332 
     H7496.7  2 0.0150 0.0128 0.0097 0.0098 0.9139 0.0091 0.0297 
     H7496.8  2 0.0902 0.0222 0.0273 0.0253 0.5656 0.0365 0.2329 
        UNK4  2 0.0252 0.0251 0.1020 0.0549 0.7389 0.0295 0.0245 
        UNK5  2 0.0136 0.0147 0.0560 0.0529 0.7259 0.0919 0.0450 
        UNK6  2 0.0177 0.0151 0.0188 0.0246 0.8821 0.0196 0.0222 
        UNK7  2 0.0091 0.0141 0.0316 0.1050 0.7552 0.0675 0.0175 
        UNK8  2 0.0080 0.0085 0.0487 0.1234 0.7819 0.0154 0.0141 
        UNK9  2 0.0168 0.0231 0.0446 0.1898 0.5252 0.0143 0.1863 
      H009.1  4 0.4293 0.0197 0.5148 0.0075 0.0095 0.0110 0.0083 
      H009.2  4 0.3551 0.0621 0.5294 0.0109 0.0176 0.0158 0.0092 
      H009.3  4 0.4612 0.0228 0.4772 0.0085 0.0089 0.0092 0.0122 
      H009.4  4 0.4826 0.0994 0.3689 0.0151 0.0089 0.0121 0.0131 
      H009.5  4 0.3836 0.0207 0.5491 0.0161 0.0105 0.0090 0.0111 
      H009.6  4 0.3016 0.0123 0.6270 0.0099 0.0088 0.0294 0.0110 
      H046.4  4 0.0541 0.0794 0.5063 0.0413 0.0643 0.0417 0.2129 
      H046.8  4 0.3182 0.1200 0.2145 0.0574 0.0264 0.2138 0.0497 
 H076.1_2002  4 0.0114 0.0113 0.0097 0.0106 0.0164 0.9342 0.0064 
 H076.1_2003  4 0.0065 0.0053 0.0073 0.0087 0.0053 0.9611 0.0057 
