      H105.1  1 0.0219 0.0112 0.0057 0.0068 0.1069 0.5673 0.0147 0.0063 0.0201 0.0451 0.0079 0.0224 0.0043 0.0083 0.0074 0.0174 0.0079 0.0080 0.0121 0.0112 0.0042 0.0094 0.0065 0.0153 0.0517 
      H105.2  1 0.0127 0.0267 0.0139 0.0077 0.0454 0.2345 0.0182 0.0105 0.0074 0.0692 0.0209 0.0119 0.0141 0.0103 0.0080 0.0248 0.0288 0.0072 0.0369 0.2986 0.0165 0.0043 0.0185 0.0203 0.0326 
      H105.3  1 0.0112 0.0187 0.0054 0.0051 0.0087 0.7448 0.0128 0.0095 0.0052 0.0119 0.0081 0.0118 0.0083 0.0058 0.0048 0.0207 0.0169 0.0067 0.0095 0.0144 0.0136 0.0116 0.0065 0.0140 0.0140 
      H105.4  1 0.0103 0.0171 0.0067 0.0105 0.0344 0.3276 0.0118 0.0179 0.0094 0.0306 0.0080 0.0235 0.0149 0.0084 0.0096 0.0074 0.0162 0.0106 0.0088 0.2723 0.0402 0.0096 0.0163 0.0098 0.0683 
      H105.5  1 0.0078 0.0376 0.0069 0.0109 0.1063 0.0391 0.0443 0.0244 0.0319 0.1176 0.0125 0.0402 0.0119 0.0172 0.0231 0.0347 0.0160 0.0144 0.0191 0.0821 0.0536 0.0175 0.0109 0.1500 0.0699 
      H105.6  1 0.0080 0.0195 0.0037 0.0052 0.0059 0.7245 0.0161 0.0154 0.0037 0.0143 0.0049 0.0090 0.0113 0.0049 0.0130 0.0067 0.0129 0.0104 0.0034 0.0322 0.0296 0.0120 0.0052 0.0082 0.0199 
      H105.7  1 0.0382 0.0168 0.0047 0.0153 0.0177 0.5803 0.0179 0.0140 0.0213 0.0522 0.0091 0.0177 0.0063 0.0039 0.0081 0.0068 0.0068 0.0086 0.0068 0.0242 0.0039 0.0051 0.0197 0.0082 0.0863 
      H105.8  1 0.0322 0.0088 0.0076 0.0040 0.0425 0.7123 0.0088 0.0057 0.0058 0.0206 0.0166 0.0088 0.0057 0.0071 0.0072 0.0126 0.0175 0.0082 0.0094 0.0108 0.0094 0.0036 0.0071 0.0047 0.0231 
      H115.1  1 0.0140 0.0296 0.0063 0.0040 0.0057 0.0097 0.3143 0.0103 0.0198 0.0407 0.0117 0.0062 0.0102 0.0122 0.3508 0.0182 0.0271 0.0095 0.0061 0.0273 0.0076 0.0328 0.0083 0.0076 0.0098 
      H115.2  1 0.0073 0.0068 0.0057 0.0046 0.0055 0.0135 0.0194 0.0054 0.0108 0.0131 0.0196 0.0049 0.0140 0.0118 0.7675 0.0107 0.0061 0.0066 0.0065 0.0175 0.0040 0.0151 0.0051 0.0126 0.0059 
      H115.3  1 0.0053 0.0118 0.0096 0.0045 0.0040 0.0114 0.0207 0.0029 0.0179 0.0197 0.0111 0.0127 0.0322 0.0623 0.4526 0.0052 0.0077 0.0105 0.0139 0.1043 0.0732 0.0451 0.0074 0.0449 0.0092 
      H115.4  1 0.0077 0.0117 0.0066 0.0048 0.0048 0.0097 0.0226 0.0051 0.0495 0.0206 0.0257 0.0080 0.0052 0.4000 0.0166 0.0970 0.0277 0.0103 0.0254 0.0206 0.0090 0.0289 0.0051 0.1654 0.0120 
      H115.5  1 0.0273 0.0118 0.0544 0.0132 0.0088 0.0268 0.0220 0.0207 0.0370 0.1121 0.0205 0.0195 0.0070 0.0351 0.2927 0.0156 0.0140 0.0063 0.0769 0.0249 0.0293 0.0792 0.0111 0.0220 0.0117 
      H115.6  1 0.0148 0.0280 0.0129 0.0079 0.0052 0.0094 0.0214 0.0058 0.0139 0.0265 0.0080 0.0133 0.0457 0.0861 0.3296 0.0117 0.0041 0.0203 0.0318 0.0480 0.0442 0.0380 0.0222 0.1444 0.0069 
      H115.7  1 0.0048 0.0516 0.0045 0.0060 0.0034 0.0099 0.0368 0.0093 0.0229 0.0329 0.0082 0.0127 0.0180 0.0258 0.0904 0.0126 0.0065 0.0085 0.0259 0.5043 0.0069 0.0147 0.0142 0.0608 0.0083 
      H115.8  1 0.0383 0.0246 0.0367 0.0049 0.0081 0.0134 0.0241 0.0048 0.0194 0.0306 0.0155 0.0072 0.0160 0.0784 0.5051 0.0080 0.0047 0.0095 0.0276 0.0163 0.0086 0.0277 0.0120 0.0488 0.0096 
      H115.9  1 0.0179 0.0146 0.0053 0.0042 0.0055 0.0048 0.0379 0.0126 0.0126 0.0073 0.0087 0.0064 0.0132 0.0095 0.7063 0.0193 0.0187 0.0059 0.0044 0.0105 0.0237 0.0201 0.0070 0.0045 0.0190 
      H145.1  1 0.0077 0.0089 0.0300 0.7697 0.0063 0.0052 0.0165 0.0061 0.0075 0.0088 0.0037 0.0076 0.0289 0.0124 0.0096 0.0067 0.0063 0.0063 0.0030 0.0046 0.0150 0.0082 0.0033 0.0053 0.0124 
      H145.2  1 0.0069 0.0090 0.0319 0.5808 0.0178 0.0067 0.0154 0.0066 0.0070 0.0214 0.0042 0.0060 0.0125 0.0106 0.0064 0.0057 0.0117 0.0073 0.0036 0.0328 0.1529 0.0204 0.0050 0.0063 0.0111 
      H145.3  1 0.0200 0.0066 0.0636 0.7467 0.0072 0.0043 0.0200 0.0049 0.0052 0.0111 0.0045 0.0041 0.0198 0.0083 0.0074 0.0034 0.0045 0.0035 0.0105 0.0057 0.0131 0.0043 0.0057 0.0056 0.0099 
      H145.4  1 0.0048 0.0097 0.0089 0.8760 0.0041 0.0041 0.0064 0.0061 0.0053 0.0052 0.0032 0.0039 0.0077 0.0052 0.0035 0.0032 0.0039 0.0051 0.0037 0.0045 0.0042 0.0079 0.0032 0.0036 0.0066 
      H145.5  1 0.0059 0.0064 0.1721 0.6619 0.0069 0.0037 0.0058 0.0065 0.0048 0.0073 0.0039 0.0045 0.0361 0.0080 0.0061 0.0050 0.0045 0.0042 0.0068 0.0049 0.0081 0.0056 0.0040 0.0091 0.0076 
      H145.6  1 0.0053 0.0116 0.0141 0.7514 0.0089 0.0045 0.0065 0.0036 0.0067 0.0143 0.0042 0.0031 0.0067 0.0072 0.0039 0.0035 0.0060 0.0059 0.0099 0.0340 0.0609 0.0077 0.0090 0.0052 0.0061 
      H145.7  1 0.0080 0.0062 0.0050 0.8570 0.0061 0.0028 0.0079 0.0034 0.0075 0.0063 0.0035 0.0039 0.0088 0.0095 0.0033 0.0026 0.0044 0.0042 0.0128 0.0073 0.0072 0.0071 0.0035 0.0050 0.0065 
      H149.1  1 0.0035 0.0038 0.0038 0.0036 0.0027 0.0039 0.0036 0.0045 0.0030 0.0037 0.0036 0.0031 0.0057 0.0030 0.0040 0.0034 0.0035 0.0032 0.0028 0.0028 0.0036 0.9156 0.0029 0.0037 0.0030 
      H149.2  1 0.0032 0.0103 0.0030 0.0327 0.0043 0.0043 0.0065 0.0046 0.0120 0.0075 0.0037 0.0072 0.0053 0.0030 0.0038 0.0057 0.0043 0.0031 0.0040 0.0078 0.0047 0.8322 0.0047 0.0165 0.0054 
      H149.3  1 0.0092 0.0306 0.0047 0.0776 0.0072 0.0135 0.0128 0.0129 0.0234 0.0112 0.0078 0.0126 0.0092 0.0074 0.0056 0.0053 0.0148 0.0068 0.0102 0.0173 0.0077 0.6436 0.0113 0.0300 0.0076 
      H149.4  1 0.0048 0.0040 0.0092 0.0044 0.0273 0.0147 0.0059 0.0067 0.0098 0.0113 0.0038 0.0049 0.0070 0.0041 0.0037 0.0029 0.0108 0.0221 0.0034 0.0191 0.0070 0.7943 0.0097 0.0044 0.0048 
      H149.5  1 0.0077 0.0102 0.0046 0.1098 0.0330 0.0134 0.0073 0.0075 0.1096 0.0172 0.0049 0.0192 0.0074 0.0052 0.0030 0.0056 0.0253 0.0070 0.0062 0.0718 0.0033 0.4746 0.0218 0.0118 0.0126 
      H149.6  1 0.0039 0.0087 0.0035 0.0273 0.0079 0.0089 0.0046 0.0067 0.0223 0.0094 0.0034 0.0080 0.0064 0.0038 0.0028 0.0046 0.0044 0.0031 0.0038 0.0266 0.0042 0.7978 0.0109 0.0102 0.0066 
      H149.7  1 0.0154 0.0128 0.0088 0.0398 0.0496 0.0181 0.0151 0.0399 0.0204 0.0237 0.0098 0.0098 0.0094 0.0091 0.0045 0.0087 0.0254 0.0220 0.0073 0.0761 0.0099 0.4881 0.0602 0.0090 0.0068 
      H150.1  1 0.0064 0.0069 0.0089 0.0062 0.0120 0.0091 0.0163 0.0053 0.0064 0.0257 0.0046 0.0040 0.0079 0.0099 0.7882 0.0038 0.0041 0.0055 0.0070 0.0231 0.0082 0.0036 0.0042 0.0175 0.0052 
      H150.2  1 0.0041 0.0228 0.0227 0.0047 0.0042 0.0134 0.0295 0.0062 0.0159 0.0124 0.0096 0.0122 0.0109 0.0833 0.5762 0.0112 0.0073 0.0101 0.0087 0.0594 0.0059 0.0147 0.0082 0.0421 0.0045 
      H150.3  1 0.0072 0.0433 0.0135 0.0085 0.0077 0.0091 0.0463 0.0112 0.0064 0.0172 0.0068 0.0063 0.0115 0.0227 0.6761 0.0068 0.0037 0.0061 0.0128 0.0303 0.0054 0.0049 0.0130 0.0173 0.0059 
      H150.4  1 0.0074 0.0123 0.0116 0.0076 0.0060 0.0049 0.0108 0.0061 0.0062 0.0078 0.0032 0.0061 0.0065 0.0083 0.8322 0.0068 0.0027 0.0044 0.0096 0.0090 0.0070 0.0040 0.0073 0.0064 0.0062 
      H150.5  1 0.0054 0.0217 0.0050 0.0104 0.0064 0.0289 0.0119 0.0044 0.0152 0.0173 0.0140 0.0198 0.0144 0.0801 0.5276 0.0041 0.0081 0.0146 0.0152 0.0838 0.0090 0.0111 0.0093 0.0552 0.0070 
      H150.6  1 0.0033 0.0084 0.0120 0.0067 0.0047 0.0662 0.0262 0.0049 0.0306 0.1284 0.0135 0.0110 0.0131 0.0459 0.0822 0.0073 0.0071 0.0156 0.0425 0.1940 0.0068 0.0063 0.0050 0.2536 0.0047 
      H150.7  1 0.0053 0.0074 0.0075 0.0051 0.0065 0.0069 0.0098 0.0039 0.0034 0.0056 0.0046 0.0048 0.0080 0.0144 0.8460 0.0046 0.0033 0.0046 0.0057 0.0098 0.0116 0.0036 0.0038 0.0092 0.0045 
   H169607.1  1 0.0113 0.0161 0.0178 0.1736 0.0679 0.0065 0.0775 0.0070 0.0170 0.0622 0.0310 0.0668 0.0496 0.0883 0.0286 0.1170 0.0274 0.0071 0.0210 0.0436 0.0207 0.0059 0.0171 0.0076 0.0116 
   H169607.2  1 0.0399 0.0353 0.0041 0.0981 0.0290 0.0072 0.0779 0.0056 0.0098 0.0720 0.0205 0.0531 0.1074 0.0294 0.0588 0.0170 0.0216 0.0438 0.0082 0.1222 0.0080 0.0067 0.0093 0.0080 0.1067 
   H169607.3  1 0.0278 0.0153 0.0115 0.1809 0.0914 0.0065 0.0553 0.0086 0.0628 0.1076 0.0245 0.0516 0.0175 0.0304 0.0135 0.0191 0.0337 0.0042 0.0198 0.0853 0.0315 0.0053 0.0246 0.0082 0.0632 
   H169607.4  1 0.0080 0.0063 0.0065 0.2482 0.0554 0.0071 0.0258 0.0052 0.0062 0.0366 0.0181 0.0603 0.3446 0.0064 0.0107 0.0141 0.0070 0.0195 0.0058 0.0178 0.0263 0.0039 0.0128 0.0050 0.0421 
   H169607.5  1 0.0205 0.0100 0.0083 0.0662 0.0096 0.0056 0.0790 0.0048 0.0485 0.0404 0.0068 0.0743 0.0248 0.0191 0.0587 0.0111 0.0223 0.0250 0.0099 0.3821 0.0082 0.0075 0.0097 0.0059 0.0416 
   H169607.6  1 0.0322 0.0131 0.0044 0.1079 0.0477 0.0077 0.0298 0.0040 0.0109 0.0601 0.0362 0.0660 0.0609 0.0178 0.0189 0.0187 0.0416 0.0249 0.0143 0.1357 0.0082 0.0064 0.0118 0.0065 0.2142 
   H169607.7  1 0.0733 0.0203 0.0050 0.0238 0.0517 0.0150 0.0481 0.0042 0.0091 0.0602 0.0359 0.0487 0.0227 0.3087 0.0211 0.0212 0.0484 0.0284 0.0122 0.0663 0.0095 0.0067 0.0076 0.0090 0.0429 
   H169607.8  1 0.0147 0.0159 0.0043 0.0630 0.0690 0.0050 0.0452 0.0057 0.0078 0.0623 0.0219 0.1035 0.1539 0.0079 0.0107 0.0149 0.0096 0.0176 0.0083 0.0131 0.0221 0.0045 0.0080 0.0038 0.3074 
   H169633.1  1 0.0055 0.0147 0.0158 0.0235 0.0043 0.0158 0.0173 0.0082 0.0069 0.0178 0.0437 0.0043 0.0119 0.0127 0.0113 0.0068 0.0055 0.0042 0.0181 0.0043 0.0060 0.7054 0.0138 0.0162 0.0061 
   H169633.2  1 0.0122 0.0199 0.0083 0.0109 0.0061 0.0135 0.0136 0.0099 0.0046 0.0253 0.0354 0.0029 0.0052 0.0184 0.0040 0.0431 0.0218 0.0051 0.0130 0.0109 0.0036 0.6472 0.0452 0.0162 0.0036 
   H169633.3  1 0.0137 0.0117 0.0072 0.0170 0.0047 0.0208 0.0083 0.0238 0.0078 0.0112 0.0149 0.0064 0.0087 0.0058 0.0127 0.0073 0.0087 0.0050 0.0090 0.0053 0.0046 0.7447 0.0081 0.0276 0.0048 
   H169633.4  1 0.0056 0.0112 0.0154 0.0107 0.0060 0.0216 0.0146 0.0076 0.0199 0.0110 0.0087 0.0055 0.0174 0.0045 0.0121 0.0064 0.0090 0.0045 0.0078 0.0097 0.0093 0.7559 0.0047 0.0148 0.0062 
   H169633.5  1 0.0080 0.0135 0.0133 0.0138 0.0063 0.0191 0.0108 0.0078 0.0167 0.0101 0.0101 0.0068 0.0169 0.0039 0.0098 0.0067 0.0068 0.0060 0.0110 0.0086 0.0109 0.7575 0.0047 0.0137 0.0071 
   H169688.1  1 0.0079 0.0060 0.0047 0.1095 0.0071 0.0040 0.0339 0.0215 0.0046 0.1214 0.0855 0.0071 0.0248 0.0946 0.0151 0.0090 0.0279 0.0064 0.0662 0.0473 0.0051 0.0149 0.1891 0.0042 0.0824 
   H169688.2  1 0.0106 0.0051 0.0125 0.0139 0.0094 0.0101 0.0141 0.0149 0.0044 0.0290 0.4494 0.0059 0.0044 0.0633 0.0129 0.0046 0.0086 0.0135 0.0199 0.0154 0.0052 0.0070 0.2480 0.0053 0.0125 
   H169688.3  1 0.0037 0.0048 0.0071 0.0170 0.0165 0.0099 0.0354 0.0122 0.0132 0.0594 0.0906 0.0035 0.0075 0.5351 0.0221 0.0066 0.0031 0.0111 0.0152 0.0283 0.0052 0.0130 0.0652 0.0055 0.0087 
   H169688.4  1 0.0062 0.0050 0.0143 0.0082 0.0053 0.0068 0.0229 0.0100 0.0103 0.0421 0.1126 0.0045 0.0062 0.4744 0.1890 0.0040 0.0042 0.0107 0.0112 0.0057 0.0101 0.0092 0.0151 0.0041 0.0078 
   H169688.5  1 0.0054 0.0049 0.0131 0.0120 0.0047 0.0081 0.0119 0.0116 0.0082 0.0416 0.1094 0.0052 0.0058 0.4771 0.1984 0.0049 0.0041 0.0070 0.0112 0.0067 0.0110 0.0092 0.0187 0.0043 0.0057 
   H169688.6  1 0.0062 0.0041 0.0441 0.0434 0.0077 0.0166 0.0395 0.0088 0.0073 0.1090 0.1444 0.0058 0.0069 0.1710 0.0303 0.0048 0.0957 0.0175 0.0231 0.0283 0.0058 0.0146 0.1437 0.0033 0.0180 
   H169688.7  1 0.0062 0.0048 0.0063 0.0362 0.0193 0.0065 0.0138 0.0158 0.0086 0.0382 0.0617 0.0047 0.0082 0.6463 0.0188 0.0048 0.0033 0.0207 0.0206 0.0064 0.0082 0.0136 0.0131 0.0093 0.0047 
   H171901.1  1 0.0098 0.0730 0.0682 0.0274 0.0193 0.0072 0.0119 0.0192 0.0085 0.1063 0.0162 0.0065 0.0102 0.0347 0.0191 0.0116 0.0049 0.0083 0.0115 0.4313 0.0166 0.0069 0.0405 0.0195 0.0113 
   H171901.2  1 0.0095 0.0084 0.0061 0.0105 0.0063 0.0094 0.0068 0.0057 0.0046 0.0096 0.0131 0.0076 0.0270 0.0084 0.0185 0.0046 0.0037 0.0082 0.0044 0.0111 0.0085 0.7675 0.0052 0.0177 0.0176 
   H171901.3  1 0.0056 0.0064 0.0044 0.0123 0.0093 0.0059 0.0223 0.0068 0.0098 0.0229 0.0468 0.0070 0.0357 0.0184 0.0139 0.0055 0.0119 0.0105 0.0149 0.0395 0.0102 0.5987 0.0643 0.0085 0.0082 
   H171901.4  1 0.0085 0.0060 0.0056 0.0100 0.0110 0.0160 0.0113 0.0047 0.0053 0.0113 0.0251 0.0134 0.0175 0.0225 0.0100 0.0085 0.0062 0.0143 0.0084 0.0199 0.0094 0.7290 0.0075 0.0095 0.0091 
   H171901.5  1 0.0103 0.0050 0.0069 0.0167 0.0157 0.0110 0.0087 0.0078 0.0085 0.0225 0.0290 0.0276 0.0444 0.0160 0.0115 0.0084 0.0060 0.0268 0.0044 0.0262 0.0159 0.6366 0.0143 0.0118 0.0080 
   H171901.6  1 0.0085 0.0081 0.0056 0.0799 0.0102 0.0265 0.0224 0.0124 0.0105 0.0241 0.0366 0.0381 0.0767 0.0188 0.0249 0.0143 0.0116 0.0236 0.0040 0.0305 0.0243 0.4386 0.0174 0.0180 0.0141 
   H171901.7  1 0.0210 0.0064 0.0053 0.0356 0.0072 0.0138 0.0251 0.0147 0.0125 0.0189 0.0639 0.0066 0.0259 0.0345 0.0211 0.0050 0.0316 0.0273 0.0073 0.0373 0.0084 0.5110 0.0344 0.0136 0.0116 
   H171902.1  1 0.0105 0.0039 0.0344 0.0169 0.0067 0.0044 0.0191 0.0086 0.0031 0.0201 0.0169 0.0086 0.7010 0.0127 0.0131 0.0281 0.0188 0.0164 0.0089 0.0068 0.0137 0.0073 0.0070 0.0055 0.0074 
  H171902.10  1 0.0043 0.0044 0.0075 0.0044 0.0062 0.0038 0.0064 0.0043 0.0029 0.0089 0.0107 0.0052 0.8402 0.0111 0.0057 0.0055 0.0090 0.0086 0.0095 0.0062 0.0067 0.0099 0.0047 0.0073 0.0065 
   H171902.2  1 0.0394 0.0077 0.0437 0.0200 0.0133 0.0183 0.0438 0.0125 0.0052 0.1541 0.0406 0.0171 0.3428 0.0154 0.0152 0.0238 0.0317 0.0155 0.0498 0.0196 0.0103 0.0166 0.0281 0.0070 0.0083 
   H171902.3  1 0.0125 0.0066 0.0091 0.0121 0.0369 0.0047 0.0136 0.0105 0.0048 0.0636 0.0310 0.0136 0.5229 0.0263 0.0296 0.0202 0.0231 0.0265 0.0102 0.0229 0.0084 0.0605 0.0113 0.0095 0.0095 
   H171902.4  1 0.0054 0.0072 0.0137 0.0058 0.0027 0.0047 0.0071 0.0059 0.0030 0.0075 0.0056 0.0034 0.8379 0.0043 0.0097 0.0033 0.0034 0.0036 0.0046 0.0051 0.0036 0.0378 0.0040 0.0064 0.0043 
   H171902.6  1 0.0054 0.0038 0.0074 0.0049 0.0083 0.0030 0.0054 0.0045 0.0030 0.0046 0.0062 0.0040 0.8705 0.0045 0.0062 0.0059 0.0076 0.0050 0.0061 0.0059 0.0063 0.0062 0.0035 0.0053 0.0064 
   H171902.7  1 0.0036 0.0074 0.0185 0.0151 0.0076 0.0044 0.0097 0.0047 0.0054 0.0165 0.0061 0.0145 0.7622 0.0096 0.0055 0.0071 0.0055 0.0083 0.0040 0.0321 0.0070 0.0154 0.0066 0.0132 0.0101 
   H171902.8  1 0.0056 0.0043 0.0126 0.0068 0.0230 0.0046 0.0077 0.0055 0.0053 0.0097 0.0096 0.0096 0.7849 0.0078 0.0099 0.0071 0.0091 0.0098 0.0099 0.0138 0.0071 0.0145 0.0074 0.0088 0.0054 
   H171902.9  1 0.0091 0.0111 0.0201 0.0079 0.0049 0.0092 0.0135 0.0079 0.0039 0.0133 0.0064 0.0063 0.7560 0.0065 0.0505 0.0038 0.0081 0.0092 0.0061 0.0112 0.0134 0.0063 0.0044 0.0048 0.0061 
   H171903.1  1 0.0163 0.0089 0.0056 0.0304 0.0035 0.0135 0.0374 0.0050 0.0114 0.0369 0.0085 0.0385 0.0094 0.0610 0.0559 0.0260 0.0154 0.0535 0.0050 0.0343 0.0071 0.0141 0.0095 0.0084 0.4843 
   H171903.2  1 0.0485 0.0074 0.0073 0.0095 0.0301 0.0178 0.0223 0.0087 0.0278 0.0502 0.0105 0.0157 0.0077 0.0656 0.0289 0.0158 0.0186 0.0351 0.0069 0.0187 0.0118 0.0068 0.0113 0.0081 0.5087 
   H171903.3  1 0.0205 0.0111 0.0156 0.0144 0.0128 0.0113 0.0449 0.0149 0.0666 0.1552 0.0196 0.0385 0.0281 0.0340 0.0350 0.0701 0.0265 0.0889 0.0060 0.0596 0.0130 0.0141 0.0201 0.0402 0.1387 
   H171903.4  1 0.0051 0.0134 0.0078 0.1142 0.0069 0.0113 0.0482 0.0141 0.0087 0.0890 0.0181 0.0227 0.0836 0.0522 0.0214 0.0050 0.0078 0.0132 0.0183 0.2355 0.0335 0.0066 0.0956 0.0206 0.0471 
   H171903.5  1 0.0280 0.0062 0.0097 0.0134 0.1098 0.0102 0.0310 0.0103 0.0882 0.1001 0.0267 0.0256 0.0069 0.2345 0.0371 0.0700 0.0117 0.0343 0.0090 0.0267 0.0072 0.0305 0.0159 0.0113 0.0458 
   H171903.6  1 0.0118 0.0051 0.0041 0.0272 0.0190 0.0057 0.0514 0.0117 0.0386 0.1546 0.0498 0.0644 0.0151 0.2008 0.0165 0.0060 0.0146 0.0255 0.0095 0.0931 0.0241 0.0456 0.0129 0.0061 0.0867 
      H177.1  1 0.0062 0.0072 0.0137 0.0139 0.0081 0.0052 0.0202 0.0129 0.0086 0.0264 0.0253 0.0248 0.1352 0.0097 0.0357 0.0057 0.0620 0.0748 0.0039 0.0350 0.0131 0.1765 0.2379 0.0147 0.0233 
      H177.2  1 0.0599 0.0130 0.0158 0.0392 0.0555 0.0091 0.0388 0.0117 0.0270 0.0979 0.0277 0.1890 0.0617 0.0490 0.0114 0.0085 0.0414 0.0462 0.0184 0.0083 0.0196 0.1067 0.0096 0.0139 0.0207 
      H177.3  1 0.0133 0.0099 0.0177 0.0397 0.0462 0.0061 0.0180 0.0214 0.0147 0.0496 0.0277 0.0530 0.1151 0.0279 0.0159 0.0065 0.0713 0.0546 0.0044 0.0301 0.0667 0.2324 0.0113 0.0285 0.0181 
      H177.4  1 0.0079 0.0060 0.0131 0.0495 0.0076 0.0110 0.0102 0.0125 0.0125 0.0148 0.0158 0.0268 0.0207 0.0055 0.0058 0.0051 0.4951 0.0295 0.0034 0.0123 0.0127 0.0447 0.1482 0.0097 0.0195 
      H177.5  1 0.0154 0.0073 0.0055 0.0166 0.0088 0.0271 0.0271 0.0147 0.0224 0.0562 0.0416 0.0388 0.0252 0.0128 0.0177 0.0044 0.0119 0.0671 0.0096 0.0167 0.0166 0.0189 0.4776 0.0183 0.0217 
      H177.6  1 0.0084 0.0081 0.0152 0.0174 0.0278 0.0048 0.0226 0.0162 0.0098 0.0381 0.0240 0.0262 0.0878 0.0152 0.0193 0.0071 0.0294 0.0562 0.0042 0.0141 0.0994 0.4096 0.0099 0.0171 0.0121 
      H179.1  1 0.0091 0.0159 0.0058 0.0076 0.0617 0.0140 0.0332 0.0628 0.0137 0.0411 0.0619 0.0242 0.0110 0.0107 0.0087 0.0539 0.4204 0.0266 0.0063 0.0151 0.0132 0.0101 0.0634 0.0061 0.0033 
      H179.2  1 0.0056 0.0132 0.0032 0.0056 0.0160 0.0085 0.0147 0.0143 0.0079 0.0128 0.0092 0.0195 0.0076 0.0107 0.0100 0.0305 0.7437 0.0076 0.0053 0.0075 0.0086 0.0058 0.0154 0.0123 0.0045 
      H179.3  1 0.0186 0.0140 0.0054 0.0075 0.0342 0.0125 0.1497 0.0211 0.0276 0.0437 0.0946 0.0126 0.0080 0.0327 0.0134 0.0399 0.2751 0.0212 0.0109 0.0169 0.0199 0.0064 0.0965 0.0051 0.0124 
      H179.4  1 0.0100 0.0060 0.0035 0.0175 0.0167 0.0061 0.0120 0.0155 0.0078 0.0117 0.0089 0.0114 0.0065 0.0124 0.0052 0.0113 0.7599 0.0110 0.0076 0.0086 0.0075 0.0099 0.0195 0.0078 0.0056 
      H180.1  1 0.0049 0.0070 0.0155 0.0037 0.0112 0.0485 0.0445 0.0077 0.0203 0.2667 0.0476 0.0068 0.0128 0.1396 0.0299 0.0654 0.0172 0.0965 0.0260 0.0211 0.0208 0.0111 0.0105 0.0546 0.0101 
      H180.2  1 0.0055 0.0059 0.0122 0.0056 0.0050 0.1057 0.0841 0.0104 0.0095 0.3677 0.0520 0.0102 0.0183 0.0474 0.0226 0.0107 0.0106 0.0579 0.0222 0.0726 0.0152 0.0078 0.0116 0.0190 0.0104 
      H180.3  1 0.0340 0.0057 0.0107 0.0049 0.0043 0.0281 0.0374 0.0447 0.0427 0.1236 0.0060 0.0064 0.0041 0.1033 0.2791 0.1179 0.0087 0.0232 0.0061 0.0080 0.0696 0.0049 0.0060 0.0067 0.0140 
      H180.4  1 0.0087 0.0075 0.0133 0.0041 0.0182 0.1934 0.0623 0.0089 0.0254 0.2826 0.0367 0.0075 0.0098 0.0253 0.0163 0.0052 0.0193 0.0507 0.0141 0.0336 0.0071 0.0190 0.0114 0.1119 0.0077 
      H180.5  1 0.0199 0.0087 0.0389 0.0057 0.0062 0.0243 0.1053 0.0045 0.0110 0.1459 0.0476 0.0505 0.0099 0.0794 0.0323 0.0079 0.0249 0.0847 0.0318 0.0141 0.0055 0.0117 0.0159 0.1959 0.0175 
      H180.6  1 0.2760 0.0088 0.0492 0.0081 0.0096 0.0203 0.3071 0.0091 0.0071 0.0477 0.0094 0.0096 0.0055 0.0340 0.0379 0.0085 0.0065 0.0166 0.0233 0.0146 0.0077 0.0197 0.0058 0.0496 0.0085 
      H181.1  1 0.0065 0.0055 0.0128 0.0136 0.0338 0.0069 0.0151 0.0061 0.1174 0.0548 0.0418 0.0190 0.0290 0.0054 0.0116 0.0084 0.0672 0.0106 0.2082 0.0114 0.0054 0.2229 0.0078 0.0215 0.0573 
      H181.2  1 0.0078 0.0078 0.0198 0.0324 0.0112 0.0132 0.0220 0.0115 0.0161 0.0648 0.0521 0.0208 0.0555 0.0076 0.0119 0.0111 0.2784 0.0326 0.1123 0.0124 0.0048 0.0612 0.0093 0.0975 0.0259 
      H181.3  1 0.0092 0.0138 0.0116 0.0157 0.0234 0.0079 0.0206 0.0071 0.0080 0.0800 0.1142 0.0275 0.0658 0.0051 0.0063 0.0042 0.1266 0.0282 0.2506 0.0156 0.0064 0.0987 0.0086 0.0242 0.0206 
      H181.4  1 0.0129 0.0172 0.0033 0.0244 0.0181 0.0099 0.0300 0.0202 0.1955 0.0711 0.0132 0.0554 0.0230 0.0154 0.0813 0.0071 0.0374 0.0336 0.0781 0.0278 0.0126 0.1435 0.0152 0.0303 0.0232 
      H181.5  1 0.0075 0.0219 0.0116 0.0085 0.0619 0.0114 0.0191 0.0517 0.0109 0.0684 0.0471 0.0184 0.0158 0.0075 0.0066 0.0150 0.3990 0.0045 0.1132 0.0105 0.0030 0.0185 0.0188 0.0408 0.0085 
      H181.6  1 0.0063 0.0128 0.0051 0.0116 0.0343 0.0490 0.0129 0.0120 0.0153 0.0469 0.0144 0.0160 0.0208 0.0106 0.0253 0.0360 0.5335 0.0125 0.0134 0.0152 0.0059 0.0122 0.0146 0.0529 0.0108 
      H181.7  1 0.0133 0.0084 0.0070 0.0083 0.1471 0.0098 0.0304 0.0061 0.0269 0.0555 0.0467 0.0076 0.0131 0.0134 0.0139 0.0069 0.4769 0.0051 0.0307 0.0149 0.0033 0.0343 0.0053 0.0055 0.0097 
 H194.1_2004  1 0.0088 0.0071 0.0064 0.6093 0.0046 0.0065 0.0735 0.0110 0.0062 0.0293 0.0055 0.0059 0.0246 0.0114 0.0251 0.0072 0.0055 0.0656 0.0044 0.0180 0.0042 0.0124 0.0083 0.0176 0.0215 
 H194.2_2004  1 0.0053 0.0136 0.0113 0.6112 0.0042 0.0034 0.0310 0.0063 0.0096 0.0415 0.0047 0.0047 0.0115 0.0052 0.0074 0.0044 0.0037 0.0226 0.0050 0.0494 0.0042 0.0100 0.0749 0.0252 0.0299 
 H194.3_2004  1 0.0064 0.0055 0.0067 0.7138 0.0059 0.0052 0.0121 0.0737 0.0054 0.0107 0.0060 0.0045 0.0277 0.0058 0.0068 0.0046 0.0108 0.0152 0.0032 0.0105 0.0047 0.0339 0.0089 0.0058 0.0062 
 H194.4_2004  1 0.0070 0.0056 0.0113 0.6815 0.0038 0.0041 0.0128 0.0086 0.0054 0.0079 0.0057 0.0048 0.0377 0.0059 0.0092 0.0040 0.0077 0.0074 0.0042 0.0197 0.0055 0.0316 0.0644 0.0117 0.0324 
 H194.5_2004  1 0.0108 0.0064 0.0045 0.7165 0.0070 0.0071 0.0124 0.0166 0.0076 0.0126 0.0070 0.0122 0.0196 0.0078 0.0097 0.0081 0.0149 0.0139 0.0044 0.0384 0.0053 0.0267 0.0150 0.0079 0.0076 
 H194.6_2004  1 0.0092 0.0068 0.0063 0.1679 0.0062 0.0069 0.0192 0.2482 0.0083 0.0261 0.0064 0.0124 0.0413 0.0086 0.0178 0.0094 0.0368 0.0141 0.0070 0.0239 0.0075 0.1090 0.1688 0.0119 0.0201 
 H194.7_2004  1 0.0467 0.0103 0.0066 0.6474 0.0053 0.0060 0.0105 0.0098 0.0091 0.0182 0.0044 0.0086 0.0060 0.0084 0.0122 0.0038 0.0074 0.0082 0.0078 0.0118 0.0041 0.0109 0.0156 0.0074 0.1136 
 H194.8_2004  1 0.0163 0.0084 0.0107 0.5225 0.0059 0.0071 0.0145 0.0263 0.0098 0.0154 0.0061 0.0082 0.0186 0.0076 0.0168 0.0076 0.0188 0.0104 0.0087 0.0631 0.0071 0.0437 0.1195 0.0155 0.0114 
      H194.9  1 0.0386 0.0090 0.0070 0.7412 0.0053 0.0067 0.0194 0.0111 0.0065 0.0092 0.0067 0.0088 0.0107 0.0068 0.0189 0.0065 0.0067 0.0069 0.0060 0.0106 0.0059 0.0094 0.0120 0.0080 0.0223 
 H195.1_2003  1 0.0041 0.0036 0.0028 0.8555 0.0055 0.0086 0.0063 0.0049 0.0047 0.0055 0.0063 0.0063 0.0061 0.0068 0.0039 0.0068 0.0067 0.0077 0.0045 0.0068 0.0072 0.0073 0.0101 0.0064 0.0055 
 H195.1_2004  1 0.0042 0.0072 0.0089 0.7855 0.0047 0.0066 0.0060 0.0053 0.0069 0.0097 0.0182 0.0042 0.0115 0.0088 0.0055 0.0025 0.0058 0.0054 0.0199 0.0083 0.0081 0.0185 0.0051 0.0269 0.0064 
 H195.2_2003  1 0.0087 0.0048 0.0047 0.8250 0.0046 0.0103 0.0077 0.0041 0.0030 0.0080 0.0163 0.0111 0.0080 0.0081 0.0096 0.0058 0.0050 0.0056 0.0045 0.0049 0.0089 0.0049 0.0065 0.0053 0.0145 
 H195.2_2004  1 0.0056 0.0043 0.0061 0.8907 0.0035 0.0052 0.0048 0.0040 0.0037 0.0050 0.0039 0.0046 0.0041 0.0076 0.0031 0.0030 0.0043 0.0036 0.0057 0.0032 0.0028 0.0056 0.0042 0.0064 0.0051 
 H195.3_2003  1 0.0095 0.0052 0.0049 0.7372 0.0055 0.0303 0.0107 0.0072 0.0053 0.0132 0.0143 0.0184 0.0056 0.0072 0.0399 0.0042 0.0036 0.0131 0.0055 0.0135 0.0100 0.0040 0.0130 0.0041 0.0145 
 H195.3_2004  1 0.0032 0.0048 0.0064 0.8816 0.0033 0.0050 0.0033 0.0035 0.0043 0.0053 0.0046 0.0042 0.0097 0.0036 0.0030 0.0031 0.0048 0.0045 0.0057 0.0038 0.0037 0.0121 0.0036 0.0068 0.0062 
 H195.4_2003  1 0.0035 0.0040 0.0028 0.8776 0.0045 0.0064 0.0044 0.0045 0.0042 0.0056 0.0041 0.0051 0.0049 0.0059 0.0040 0.0054 0.0051 0.0035 0.0036 0.0048 0.0056 0.0092 0.0044 0.0114 0.0053 
 H195.4_2004  1 0.0062 0.0037 0.0040 0.8768 0.0035 0.0041 0.0060 0.0046 0.0037 0.0060 0.0065 0.0036 0.0047 0.0067 0.0037 0.0028 0.0038 0.0038 0.0149 0.0040 0.0044 0.0051 0.0068 0.0040 0.0069 
 H195.5_2003  1 0.0039 0.0050 0.0034 0.7435 0.0060 0.0549 0.0100 0.0053 0.0055 0.0137 0.0102 0.0058 0.0080 0.0052 0.0058 0.0054 0.0075 0.0079 0.0144 0.0153 0.0073 0.0084 0.0138 0.0274 0.0062 
 H195.5_2004  1 0.0055 0.0060 0.0073 0.8468 0.0033 0.0101 0.0066 0.0056 0.0051 0.0059 0.0073 0.0036 0.0066 0.0047 0.0051 0.0032 0.0099 0.0049 0.0147 0.0050 0.0060 0.0100 0.0032 0.0069 0.0067 
 H195.6_2003  1 0.0048 0.0045 0.0037 0.8611 0.0032 0.0116 0.0051 0.0043 0.0033 0.0066 0.0067 0.0068 0.0062 0.0059 0.0121 0.0041 0.0035 0.0067 0.0066 0.0041 0.0065 0.0034 0.0043 0.0040 0.0108 
 H195.6_2004  1 0.0041 0.0037 0.0056 0.8920 0.0059 0.0053 0.0038 0.0069 0.0030 0.0040 0.0037 0.0034 0.0045 0.0050 0.0025 0.0036 0.0079 0.0047 0.0040 0.0040 0.0031 0.0042 0.0034 0.0045 0.0073 
 H195.7_2003  1 0.0055 0.0041 0.0031 0.8347 0.0080 0.0080 0.0065 0.0046 0.0053 0.0080 0.0080 0.0073 0.0046 0.0110 0.0034 0.0040 0.0076 0.0056 0.0051 0.0068 0.0041 0.0062 0.0267 0.0063 0.0055 
 H195.7_2004  1 0.0039 0.0058 0.0259 0.8268 0.0050 0.0057 0.0058 0.0040 0.0052 0.0064 0.0112 0.0040 0.0049 0.0075 0.0081 0.0031 0.0055 0.0046 0.0231 0.0068 0.0053 0.0058 0.0040 0.0081 0.0035 
      H195.8  1 0.0044 0.0060 0.0041 0.8215 0.0045 0.0046 0.0089 0.0038 0.0058 0.0085 0.0083 0.0039 0.0054 0.0058 0.0053 0.0029 0.0042 0.0041 0.0462 0.0072 0.0060 0.0035 0.0058 0.0112 0.0081 
      H195.9  1 0.0059 0.0048 0.0035 0.8655 0.0039 0.0048 0.0058 0.0054 0.0059 0.0065 0.0055 0.0049 0.0075 0.0053 0.0039 0.0028 0.0060 0.0045 0.0056 0.0043 0.0040 0.0106 0.0050 0.0064 0.0116 
      H415.1  1 0.0264 0.0202 0.0553 0.0391 0.0071 0.0073 0.0206 0.0107 0.0099 0.0283 0.0101 0.0044 0.0292 0.0226 0.1648 0.3340 0.0065 0.0204 0.0073 0.0143 0.0070 0.1154 0.0213 0.0121 0.0056 
      H415.2  1 0.0047 0.0101 0.0083 0.0087 0.0058 0.0069 0.0106 0.0425 0.0083 0.0246 0.0184 0.0073 0.6529 0.0068 0.0190 0.0543 0.0065 0.0626 0.0026 0.0063 0.0057 0.0127 0.0057 0.0038 0.0049 
      H415.3  1 0.0055 0.0127 0.0074 0.0147 0.0088 0.0074 0.0073 0.0087 0.0115 0.0172 0.0136 0.0157 0.0237 0.0327 0.0078 0.5882 0.0181 0.0666 0.0029 0.0079 0.0055 0.0801 0.0104 0.0227 0.0029 
      H415.4  1 0.0242 0.0221 0.0169 0.0177 0.0051 0.0072 0.0089 0.0098 0.0091 0.0203 0.0040 0.0078 0.0272 0.0109 0.0840 0.6108 0.0038 0.0084 0.0085 0.0140 0.0099 0.0212 0.0068 0.0362 0.0053 
      H415.5  1 0.0041 0.0094 0.0108 0.0184 0.0104 0.0059 0.0061 0.0096 0.0090 0.0202 0.0083 0.0090 0.0441 0.0181 0.0051 0.5772 0.0110 0.0490 0.0041 0.0100 0.0050 0.1032 0.0096 0.0390 0.0033 
      H415.6  1 0.0265 0.0262 0.0177 0.0221 0.0051 0.0102 0.0096 0.0145 0.0105 0.0145 0.0044 0.0073 0.0245 0.0090 0.0836 0.5956 0.0041 0.0074 0.0075 0.0136 0.0105 0.0205 0.0098 0.0406 0.0046 
      H415.7  1 0.0090 0.0117 0.0151 0.0396 0.0104 0.0070 0.0280 0.0184 0.0064 0.0352 0.0522 0.0443 0.2610 0.0255 0.0122 0.2743 0.0259 0.0292 0.0037 0.0076 0.0158 0.0390 0.0106 0.0137 0.0042 
      H506.1  1 0.0047 0.0061 0.0044 0.0045 0.0064 0.0074 0.0042 0.0069 0.0038 0.0043 0.0052 0.0060 0.0036 0.0036 0.0026 0.0087 0.8833 0.0049 0.0051 0.0034 0.0028 0.0077 0.0048 0.0033 0.0023 
      H506.2  1 0.0059 0.0066 0.0072 0.0090 0.0138 0.0062 0.0055 0.0105 0.0041 0.0055 0.0060 0.0079 0.0051 0.0048 0.0025 0.0105 0.8434 0.0049 0.0038 0.0038 0.0056 0.0143 0.0043 0.0054 0.0033 
      H506.3  1 0.0096 0.0072 0.0360 0.0076 0.0082 0.0149 0.0137 0.0177 0.0087 0.0140 0.1009 0.0163 0.0058 0.0066 0.0036 0.0133 0.6338 0.0199 0.0212 0.0042 0.0050 0.0103 0.0122 0.0051 0.0042 
      H506.4  1 0.0046 0.0053 0.0068 0.0044 0.0058 0.0082 0.0068 0.0073 0.0048 0.0066 0.0060 0.0111 0.0048 0.0050 0.0043 0.0108 0.8547 0.0064 0.0052 0.0055 0.0052 0.0066 0.0065 0.0034 0.0039 
      H506.5  1 0.0034 0.0036 0.0070 0.0046 0.0054 0.0064 0.0034 0.0041 0.0035 0.0059 0.0087 0.0103 0.0058 0.0036 0.0027 0.0100 0.8730 0.0046 0.0036 0.0042 0.0050 0.0090 0.0054 0.0028 0.0041 
      H506.6  1 0.0061 0.0084 0.0258 0.0120 0.0153 0.0100 0.0149 0.0089 0.0162 0.0373 0.2574 0.0355 0.0092 0.0110 0.0047 0.0083 0.3811 0.0187 0.0130 0.0045 0.0712 0.0069 0.0110 0.0042 0.0084 
      H506.7  1 0.0041 0.0062 0.0060 0.0076 0.0064 0.0077 0.0038 0.0059 0.0037 0.0044 0.0099 0.0071 0.0048 0.0041 0.0023 0.0080 0.8614 0.0050 0.0052 0.0044 0.0045 0.0139 0.0054 0.0043 0.0042 
      H533.1  1 0.0055 0.0044 0.0072 0.0036 0.0560 0.0068 0.0053 0.0062 0.0067 0.0057 0.0073 0.0037 0.0041 0.0099 0.0022 0.0075 0.8096 0.0055 0.0066 0.0051 0.0032 0.0151 0.0043 0.0053 0.0031 
      H533.2  1 0.0040 0.0033 0.0162 0.0042 0.0603 0.0077 0.0046 0.0051 0.0066 0.0073 0.0062 0.0045 0.0052 0.0073 0.0026 0.0089 0.7819 0.0049 0.0057 0.0046 0.0037 0.0348 0.0032 0.0045 0.0026 
      H533.3  1 0.0087 0.0053 0.0062 0.0040 0.0258 0.0040 0.0084 0.0045 0.0254 0.0094 0.0085 0.0065 0.0070 0.0062 0.0048 0.0090 0.7851 0.0102 0.0049 0.0170 0.0074 0.0164 0.0059 0.0037 0.0057 
      H533.4  1 0.0056 0.0083 0.0142 0.0138 0.0087 0.0042 0.0092 0.0047 0.0171 0.0093 0.0089 0.0064 0.0086 0.0174 0.0043 0.0085 0.7391 0.0200 0.0068 0.0274 0.0136 0.0281 0.0043 0.0059 0.0056 
      H535.1  1 0.0045 0.0042 0.0042 0.0062 0.0044 0.0056 0.0069 0.0102 0.0043 0.0065 0.0043 0.0064 0.0114 0.0049 0.0106 0.0060 0.8403 0.0080 0.0029 0.0078 0.0114 0.0069 0.0063 0.0078 0.0080 
      H535.2  1 0.0047 0.0041 0.0029 0.0061 0.0037 0.0061 0.0053 0.0039 0.0062 0.0045 0.0044 0.0047 0.0042 0.0028 0.0031 0.0037 0.8903 0.0032 0.0069 0.0044 0.0040 0.0047 0.0052 0.0057 0.0054 
      H535.3  1 0.0045 0.0037 0.0034 0.0069 0.0049 0.0111 0.0050 0.0044 0.0057 0.0058 0.0036 0.0052 0.0034 0.0031 0.0039 0.0027 0.8767 0.0031 0.0085 0.0060 0.0087 0.0039 0.0036 0.0063 0.0060 
      H535.4  1 0.0034 0.0043 0.0030 0.0067 0.0023 0.0062 0.0043 0.0039 0.0040 0.0038 0.0033 0.0034 0.0036 0.0043 0.0032 0.0056 0.8968 0.0042 0.0044 0.0042 0.0031 0.0086 0.0030 0.0070 0.0032 
      H535.5  1 0.0037 0.0029 0.0027 0.0045 0.0029 0.0038 0.0050 0.0058 0.0046 0.0036 0.0035 0.0046 0.0038 0.0057 0.0043 0.0068 0.8948 0.0052 0.0032 0.0046 0.0038 0.0076 0.0044 0.0036 0.0046 
      H535.6  1 0.0037 0.0054 0.0043 0.0165 0.0071 0.0040 0.0062 0.0253 0.0061 0.0098 0.0048 0.0095 0.0117 0.0042 0.0194 0.0050 0.7604 0.0068 0.0059 0.0189 0.0155 0.0034 0.0170 0.0156 0.0135 
      H535.7  1 0.0034 0.0028 0.0033 0.0032 0.0026 0.0044 0.0035 0.0053 0.0038 0.0037 0.0033 0.0039 0.0034 0.0039 0.0033 0.0040 0.9113 0.0048 0.0024 0.0032 0.0047 0.0051 0.0039 0.0029 0.0041 
      H535.8  1 0.0042 0.0043 0.0041 0.0083 0.0039 0.0050 0.0045 0.0081 0.0044 0.0052 0.0031 0.0062 0.0037 0.0044 0.0061 0.0042 0.8769 0.0042 0.0052 0.0053 0.0060 0.0040 0.0112 0.0041 0.0034 
      H535.9  1 0.0032 0.0035 0.0043 0.0055 0.0035 0.0078 0.0062 0.0065 0.0031 0.0052 0.0038 0.0060 0.0073 0.0044 0.0095 0.0040 0.8690 0.0035 0.0042 0.0083 0.0095 0.0042 0.0037 0.0066 0.0075 
      H539.1  1 0.0049 0.0031 0.0055 0.0032 0.0038 0.0038 0.0046 0.0041 0.0030 0.0035 0.0033 0.0036 0.0065 0.0032 0.8997 0.0042 0.0024 0.0038 0.0029 0.0043 0.0113 0.0025 0.0033 0.0032 0.0063 
      H539.2  1 0.0098 0.0055 0.0094 0.0081 0.0044 0.0095 0.0896 0.0056 0.0157 0.0324 0.0289 0.0077 0.0101 0.0249 0.5656 0.0097 0.0150 0.0597 0.0238 0.0183 0.0058 0.0050 0.0144 0.0074 0.0138 
      H539.3  1 0.0051 0.0048 0.0054 0.0135 0.0039 0.0075 0.0306 0.0081 0.0048 0.0098 0.0067 0.0048 0.0081 0.0053 0.7913 0.0031 0.0092 0.0109 0.0071 0.0102 0.0054 0.0031 0.0138 0.0039 0.0237 
      H539.4  1 0.0056 0.0039 0.0121 0.0034 0.0069 0.0071 0.0066 0.0032 0.0087 0.0070 0.0191 0.0057 0.0048 0.0077 0.8406 0.0064 0.0035 0.0096 0.0045 0.0045 0.0126 0.0035 0.0055 0.0036 0.0039 
      H539.5  1 0.0053 0.0039 0.0037 0.0032 0.0030 0.0026 0.0047 0.0041 0.0033 0.0035 0.0029 0.0052 0.0038 0.0034 0.9101 0.0035 0.0033 0.0032 0.0031 0.0039 0.0051 0.0030 0.0029 0.0031 0.0061 
      H539.6  1 0.0085 0.0047 0.0034 0.0038 0.0042 0.0036 0.0083 0.0032 0.0040 0.0046 0.0032 0.0053 0.0040 0.0058 0.8859 0.0040 0.0040 0.0040 0.0042 0.0083 0.0060 0.0033 0.0037 0.0047 0.0051 
      H539.7  1 0.0034 0.0041 0.0033 0.0038 0.0030 0.0034 0.0042 0.0040 0.0043 0.0047 0.0040 0.0033 0.0047 0.0051 0.9016 0.0027 0.0033 0.0034 0.0032 0.0104 0.0050 0.0036 0.0039 0.0039 0.0035 
      H539.8  1 0.0051 0.0065 0.0097 0.0088 0.0042 0.0151 0.0288 0.0172 0.0098 0.0116 0.0108 0.0069 0.0062 0.0041 0.7758 0.0054 0.0146 0.0069 0.0097 0.0087 0.0037 0.0050 0.0133 0.0048 0.0074 
      H539.9  1 0.0064 0.0049 0.0078 0.0034 0.0053 0.0042 0.0056 0.0039 0.0062 0.0047 0.0055 0.0046 0.0045 0.0057 0.8837 0.0042 0.0031 0.0075 0.0034 0.0037 0.0071 0.0028 0.0034 0.0026 0.0058 
      H540.1  1 0.0050 0.0070 0.0074 0.0122 0.0131 0.0038 0.0079 0.0056 0.0147 0.0107 0.0066 0.0221 0.0107 0.0073 0.7873 0.0039 0.0072 0.0152 0.0054 0.0132 0.0070 0.0062 0.0052 0.0048 0.0105 
      H540.2  1 0.0040 0.0051 0.0035 0.0033 0.0064 0.0035 0.0064 0.0056 0.0073 0.0057 0.0033 0.0076 0.0105 0.0036 0.8738 0.0046 0.0038 0.0093 0.0026 0.0065 0.0048 0.0044 0.0042 0.0040 0.0060 
      H540.3  1 0.0035 0.0095 0.1720 0.0140 0.0101 0.0050 0.0124 0.0765 0.0202 0.0283 0.0290 0.0153 0.0259 0.0057 0.4419 0.0161 0.0049 0.0081 0.0088 0.0164 0.0284 0.0091 0.0149 0.0180 0.0062 
      H540.4  1 0.0034 0.0073 0.0033 0.0057 0.0102 0.0051 0.0082 0.0066 0.0109 0.0080 0.0071 0.0127 0.0085 0.0061 0.8347 0.0039 0.0073 0.0076 0.0054 0.0103 0.0037 0.0040 0.0070 0.0081 0.0047 
      H540.5  1 0.0053 0.0063 0.0141 0.0037 0.0115 0.0037 0.0062 0.0087 0.0067 0.0074 0.0095 0.0082 0.0151 0.0066 0.8207 0.0058 0.0043 0.0098 0.0079 0.0033 0.0049 0.0060 0.0090 0.0067 0.0087 
      H540.6  1 0.0083 0.0161 0.0101 0.0087 0.0157 0.0050 0.0077 0.0070 0.0130 0.0157 0.0079 0.0206 0.0172 0.0085 0.7358 0.0064 0.0078 0.0126 0.0208 0.0085 0.0056 0.0063 0.0110 0.0103 0.0136 
      H540.7  1 0.0067 0.0066 0.0039 0.0068 0.0061 0.0054 0.0100 0.0057 0.0109 0.0076 0.0047 0.0089 0.0128 0.0073 0.8243 0.0068 0.0064 0.0145 0.0048 0.0054 0.0049 0.0119 0.0042 0.0079 0.0056 
      H540.8  1 0.0048 0.0046 0.0042 0.0064 0.0068 0.0051 0.0101 0.0088 0.0105 0.0088 0.0056 0.0103 0.0228 0.0061 0.8056 0.0043 0.0061 0.0129 0.0023 0.0206 0.0057 0.0105 0.0047 0.0064 0.0059 
     H9558.1  1 0.0054 0.0035 0.0086 0.0038 0.0118 0.0047 0.0068 0.0070 0.0037 0.0083 0.0082 0.0040 0.0072 0.0096 0.8138 0.0071 0.0142 0.0078 0.0052 0.0084 0.0256 0.0028 0.0089 0.0030 0.0106 
     H9558.2  1 0.0192 0.0079 0.0111 0.0073 0.0199 0.0133 0.0131 0.0076 0.0054 0.0141 0.0124 0.0075 0.0100 0.0066 0.7190 0.0121 0.0162 0.0080 0.0080 0.0096 0.0374 0.0039 0.0144 0.0038 0.0122 
     H9558.3  1 0.0100 0.0136 0.0081 0.0062 0.0083 0.0127 0.0118 0.0078 0.0093 0.0081 0.0056 0.0098 0.0050 0.0043 0.8116 0.0111 0.0084 0.0052 0.0056 0.0085 0.0062 0.0034 0.0057 0.0040 0.0098 
     H9558.4  1 0.0047 0.0027 0.0085 0.0032 0.0094 0.0049 0.0070 0.0041 0.0042 0.0069 0.0095 0.0050 0.0059 0.0153 0.8146 0.0106 0.0136 0.0175 0.0050 0.0052 0.0216 0.0027 0.0061 0.0031 0.0086 
     H9558.5  1 0.0029 0.0046 0.0121 0.0025 0.0035 0.0081 0.0053 0.0070 0.0104 0.0065 0.0117 0.0054 0.0060 0.0076 0.8481 0.0078 0.0058 0.0123 0.0048 0.0039 0.0071 0.0042 0.0059 0.0039 0.0028 
     H9558.6  1 0.0387 0.0085 0.0078 0.0056 0.0081 0.0064 0.0086 0.0135 0.0387 0.0166 0.0039 0.0072 0.0104 0.0051 0.7535 0.0077 0.0057 0.0057 0.0034 0.0089 0.0147 0.0051 0.0049 0.0053 0.0060 
    kos339.1  1 0.0148 0.0057 0.0051 0.0034 0.0069 0.0039 0.0054 0.0040 0.0071 0.0081 0.0079 0.0159 0.0105 0.0064 0.0041 0.0100 0.0114 0.0137 0.0037 0.0048 0.0063 0.8270 0.0064 0.0034 0.0040 
    kos339.2  1 0.0087 0.0124 0.0066 0.0058 0.0062 0.0057 0.0073 0.0051 0.0061 0.0060 0.0055 0.0055 0.0048 0.0062 0.0043 0.0077 0.0076 0.0032 0.0058 0.0032 0.0030 0.8598 0.0047 0.0057 0.0029 
    kos339.3  1 0.0035 0.0031 0.0034 0.0050 0.0024 0.0034 0.0036 0.0036 0.0051 0.0043 0.0037 0.0041 0.0045 0.0059 0.0043 0.0046 0.0053 0.0039 0.0030 0.0049 0.0031 0.9046 0.0036 0.0033 0.0036 
    kos339.4  1 0.0035 0.0049 0.0044 0.0053 0.0033 0.0034 0.0049 0.0041 0.0036 0.0042 0.0042 0.0040 0.0036 0.0066 0.0044 0.0071 0.0053 0.0036 0.0041 0.0046 0.0028 0.8974 0.0037 0.0038 0.0029 
    kos339.5  1 0.0076 0.0078 0.0029 0.0042 0.0036 0.0041 0.0040 0.0044 0.0045 0.0049 0.0050 0.0104 0.0075 0.0053 0.0044 0.0054 0.0056 0.0099 0.0033 0.0056 0.0038 0.8741 0.0035 0.0043 0.0039 
    kos339.6  1 0.0058 0.0074 0.0043 0.0051 0.0035 0.0035 0.0033 0.0051 0.0061 0.0040 0.0039 0.0059 0.0050 0.0052 0.0037 0.0065 0.0042 0.0034 0.0034 0.0039 0.0035 0.8911 0.0033 0.0051 0.0037 
    kos339.7  1 0.0047 0.0031 0.0033 0.0049 0.0032 0.0027 0.0057 0.0033 0.0046 0.0039 0.0031 0.0035 0.0035 0.0057 0.0033 0.0057 0.0094 0.0032 0.0029 0.0045 0.0032 0.9035 0.0030 0.0031 0.0030 
    kos339.8  1 0.0055 0.0059 0.0049 0.0051 0.0039 0.0057 0.0050 0.0052 0.0065 0.0052 0.0063 0.0076 0.0049 0.0076 0.0030 0.0164 0.0088 0.0048 0.0059 0.0047 0.0039 0.8598 0.0063 0.0040 0.0031 
    kos339.9  1 0.0070 0.0136 0.0052 0.0065 0.0068 0.0062 0.0085 0.0061 0.0040 0.0059 0.0034 0.0107 0.0143 0.0080 0.0146 0.0043 0.0072 0.0096 0.0041 0.0064 0.0043 0.8272 0.0046 0.0062 0.0054 
      H008.1  2 0.2253 0.0110 0.0040 0.0049 0.0060 0.0118 0.6016 0.0076 0.0050 0.0130 0.0071 0.0042 0.0057 0.0094 0.0217 0.0043 0.0059 0.0090 0.0064 0.0078 0.0076 0.0048 0.0055 0.0051 0.0052 
      H008.2  2 0.0131 0.0068 0.0107 0.0055 0.0193 0.0611 0.6546 0.0078 0.0098 0.0338 0.0053 0.0057 0.0077 0.0053 0.0375 0.0054 0.0112 0.0382 0.0128 0.0084 0.0076 0.0069 0.0083 0.0048 0.0121 
      H008.3  2 0.0129 0.0130 0.0088 0.0074 0.0121 0.0233 0.6075 0.0148 0.0126 0.0332 0.0059 0.0060 0.0115 0.0093 0.0104 0.0060 0.0712 0.0179 0.0280 0.0458 0.0048 0.0048 0.0115 0.0056 0.0160 
      H008.4  2 0.1267 0.0266 0.0125 0.0075 0.0068 0.0139 0.6277 0.0119 0.0083 0.0175 0.0046 0.0070 0.0167 0.0052 0.0254 0.0109 0.0090 0.0081 0.0098 0.0051 0.0046 0.0069 0.0099 0.0065 0.0110 
      H008.5  2 0.1725 0.0106 0.0077 0.0055 0.0041 0.0113 0.6408 0.0130 0.0076 0.0099 0.0049 0.0067 0.0054 0.0087 0.0092 0.0059 0.0161 0.0072 0.0079 0.0092 0.0040 0.0063 0.0124 0.0044 0.0087 
      H008.6  2 0.0249 0.0127 0.0208 0.0080 0.0126 0.0824 0.6328 0.0108 0.0090 0.0306 0.0060 0.0063 0.0188 0.0039 0.0211 0.0071 0.0097 0.0230 0.0042 0.0080 0.0080 0.0048 0.0124 0.0036 0.0186 
      H008.7  2 0.0587 0.0099 0.0200 0.0064 0.0085 0.0526 0.6379 0.0101 0.0066 0.0272 0.0074 0.0081 0.0159 0.0056 0.0183 0.0096 0.0093 0.0116 0.0228 0.0092 0.0097 0.0068 0.0107 0.0086 0.0085 
      H008.8  2 0.0466 0.0110 0.0049 0.0079 0.0964 0.0102 0.5852 0.0088 0.0053 0.0133 0.0063 0.0057 0.0114 0.0122 0.0833 0.0070 0.0078 0.0084 0.0099 0.0081 0.0223 0.0061 0.0049 0.0059 0.0111 
      H008.9  2 0.0068 0.0082 0.0405 0.0154 0.0591 0.0740 0.4893 0.0211 0.0104 0.0276 0.0075 0.0072 0.0858 0.0068 0.0152 0.0079 0.0183 0.0163 0.0088 0.0271 0.0080 0.0053 0.0091 0.0067 0.0176 
 H029.1_2002  2 0.6062 0.0214 0.0210 0.0089 0.0254 0.0053 0.0172 0.0086 0.0073 0.0171 0.0143 0.0158 0.0132 0.0054 0.0249 0.0620 0.0052 0.0088 0.0130 0.0105 0.0233 0.0045 0.0510 0.0045 0.0052 
 H029.1_2003  2 0.0103 0.0129 0.0127 0.0070 0.0451 0.0073 0.0765 0.0915 0.0099 0.1455 0.0154 0.0108 0.0083 0.0077 0.0091 0.0107 0.0139 0.0132 0.0050 0.0120 0.0103 0.0052 0.4467 0.0050 0.0080 
 H029.2_2002  2 0.4327 0.0048 0.0448 0.0404 0.0078 0.0129 0.0294 0.0548 0.0067 0.0256 0.0186 0.0209 0.0197 0.0093 0.0102 0.0079 0.0667 0.0202 0.0300 0.0071 0.0054 0.0339 0.0758 0.0046 0.0100 
 H029.2_2003  2 0.0358 0.0038 0.0243 0.0110 0.0086 0.0110 0.0812 0.0260 0.0131 0.1876 0.0377 0.0161 0.0134 0.0054 0.0059 0.0047 0.0848 0.0332 0.0061 0.0079 0.0097 0.0181 0.3411 0.0040 0.0095 
 H029.3_2002  2 0.1022 0.0061 0.1696 0.0201 0.0207 0.0056 0.0256 0.0376 0.0145 0.0317 0.0456 0.0175 0.0098 0.0164 0.0056 0.0073 0.2815 0.0063 0.0204 0.0072 0.0104 0.0277 0.0936 0.0045 0.0126 
 H029.3_2003  2 0.2227 0.0170 0.0076 0.0071 0.0111 0.0311 0.0294 0.0172 0.0166 0.0719 0.0221 0.0099 0.0051 0.0065 0.0064 0.0067 0.0328 0.0207 0.0061 0.0077 0.0036 0.0077 0.4230 0.0048 0.0053 
 H029.4_2002  2 0.6461 0.0126 0.0274 0.0141 0.0118 0.0075 0.0137 0.0099 0.0060 0.0238 0.0395 0.0050 0.0036 0.0114 0.0043 0.0125 0.0057 0.0048 0.0146 0.0053 0.0051 0.0053 0.1013 0.0044 0.0042 
 H029.4_2003  2 0.0535 0.0230 0.0170 0.0060 0.0201 0.0139 0.0324 0.0151 0.0093 0.0835 0.1552 0.0044 0.0043 0.0193 0.0243 0.0090 0.0092 0.0108 0.0068 0.0717 0.0118 0.0056 0.3808 0.0038 0.0093 
 H029.5_2002  2 0.7158 0.0363 0.0078 0.0086 0.0069 0.0073 0.0069 0.0226 0.0061 0.0100 0.0070 0.0112 0.0057 0.0038 0.0064 0.0154 0.0049 0.0054 0.0142 0.0086 0.0059 0.0042 0.0681 0.0071 0.0037 
 H029.5_2003  2 0.1508 0.0155 0.0103 0.0060 0.0236 0.0170 0.0593 0.0141 0.0059 0.1465 0.0281 0.0044 0.0062 0.0153 0.0065 0.0075 0.0075 0.0359 0.0054 0.0164 0.0083 0.0038 0.3974 0.0040 0.0044 
 H029.6_2002  2 0.2298 0.0077 0.0320 0.0223 0.0265 0.0037 0.0238 0.0151 0.0066 0.0146 0.0226 0.0048 0.0059 0.0095 0.0034 0.0076 0.0090 0.0066 0.0164 0.0038 0.0044 0.0050 0.5074 0.0061 0.0054 
 H029.6_2003  2 0.2782 0.0266 0.0091 0.0176 0.0132 0.0257 0.0482 0.0517 0.0155 0.1227 0.0377 0.0305 0.0117 0.0150 0.0133 0.0047 0.0375 0.0326 0.0081 0.0592 0.0082 0.0396 0.0775 0.0073 0.0086 
