      H105.1  1 0.0127 0.0094 0.0130 0.0431 0.0084 0.0273 0.0119 0.0054 0.0149 0.0075 0.0050 0.0070 0.0072 0.0462 0.0052 0.7426 0.0112 0.0121 0.0060 0.0042 
      H105.2  1 0.0118 0.0097 0.0078 0.0415 0.0104 0.0106 0.0316 0.0911 0.0095 0.0142 0.0130 0.0176 0.0154 0.0756 0.0091 0.4906 0.0228 0.0568 0.0316 0.0294 
      H105.3  1 0.0085 0.0057 0.0110 0.0100 0.0072 0.0051 0.0140 0.0068 0.0104 0.0056 0.0108 0.0155 0.0089 0.0097 0.0045 0.8038 0.0209 0.0188 0.0056 0.0171 
      H105.4  1 0.0133 0.0111 0.0120 0.1177 0.0055 0.0084 0.0226 0.0433 0.0240 0.0194 0.0246 0.0338 0.0130 0.0168 0.0120 0.4808 0.0079 0.0176 0.0250 0.0912 
      H105.5  1 0.0093 0.0402 0.0209 0.1470 0.0083 0.0437 0.1333 0.0259 0.0454 0.0648 0.0414 0.0146 0.0218 0.1012 0.0179 0.0628 0.0504 0.0373 0.0306 0.0832 
      H105.6  1 0.0094 0.0173 0.0133 0.0213 0.0039 0.0044 0.0061 0.0128 0.0100 0.0080 0.0161 0.0082 0.0076 0.0045 0.0057 0.8038 0.0092 0.0065 0.0055 0.0264 
      H105.7  1 0.0163 0.0067 0.0051 0.0438 0.0056 0.0127 0.0100 0.0071 0.0131 0.0034 0.0088 0.0053 0.0061 0.0106 0.0086 0.7957 0.0070 0.0061 0.0239 0.0040 
      H105.8  1 0.0260 0.0063 0.0052 0.0231 0.0067 0.0064 0.0046 0.0116 0.0058 0.0097 0.0046 0.0164 0.0089 0.0280 0.0032 0.7909 0.0115 0.0122 0.0061 0.0130 
      H115.1  1 0.0183 0.7502 0.0184 0.0076 0.0074 0.0165 0.0068 0.0201 0.0078 0.0123 0.0176 0.0436 0.0092 0.0094 0.0052 0.0081 0.0160 0.0086 0.0082 0.0085 
      H115.2  1 0.0063 0.8428 0.0118 0.0054 0.0080 0.0102 0.0125 0.0122 0.0046 0.0100 0.0064 0.0101 0.0100 0.0082 0.0056 0.0091 0.0087 0.0063 0.0062 0.0056 
      H115.3  1 0.0053 0.6150 0.0438 0.0098 0.0070 0.0187 0.0524 0.0118 0.0108 0.0485 0.0036 0.0077 0.0119 0.0093 0.0050 0.0122 0.0062 0.0172 0.0074 0.0963 
      H115.4  1 0.0096 0.0596 0.0454 0.0159 0.0086 0.0702 0.1375 0.0199 0.0111 0.3761 0.0063 0.0476 0.0071 0.0186 0.0072 0.0107 0.0787 0.0497 0.0090 0.0111 
      H115.5  1 0.0363 0.3401 0.0671 0.0211 0.0683 0.0353 0.0201 0.0192 0.0248 0.0408 0.0203 0.0209 0.0061 0.0223 0.0176 0.0267 0.0154 0.1497 0.0116 0.0365 
      H115.6  1 0.0165 0.4492 0.0665 0.0097 0.0134 0.0201 0.1911 0.0054 0.0156 0.0389 0.0061 0.0060 0.0266 0.0084 0.0102 0.0097 0.0095 0.0266 0.0264 0.0441 
      H115.7  1 0.0062 0.4298 0.0325 0.0129 0.0066 0.0340 0.2014 0.0410 0.0166 0.0264 0.0127 0.0172 0.0142 0.0088 0.0102 0.0084 0.0145 0.0448 0.0369 0.0249 
      H115.8  1 0.0338 0.6457 0.0283 0.0080 0.0406 0.0167 0.0411 0.0050 0.0081 0.0421 0.0056 0.0091 0.0115 0.0172 0.0060 0.0117 0.0092 0.0312 0.0140 0.0151 
      H115.9  1 0.0190 0.8239 0.0096 0.0185 0.0057 0.0137 0.0046 0.0069 0.0068 0.0064 0.0097 0.0117 0.0059 0.0042 0.0039 0.0058 0.0183 0.0054 0.0056 0.0144 
      H145.1  1 0.0071 0.0089 0.0089 0.0120 0.0260 0.0049 0.0058 0.0059 0.0051 0.0080 0.0057 0.0093 0.0238 0.0047 0.8310 0.0044 0.0073 0.0033 0.0041 0.0136 
      H145.2  1 0.0068 0.0075 0.0151 0.0138 0.0260 0.0070 0.0071 0.0082 0.0063 0.0090 0.0064 0.0139 0.0128 0.0076 0.6858 0.0063 0.0068 0.0038 0.0099 0.1401 
      H145.3  1 0.0358 0.0068 0.0045 0.0093 0.0628 0.0041 0.0062 0.0087 0.0051 0.0072 0.0051 0.0087 0.0121 0.0043 0.7692 0.0039 0.0046 0.0178 0.0051 0.0187 
      H145.4  1 0.0056 0.0044 0.0075 0.0054 0.0071 0.0058 0.0048 0.0039 0.0042 0.0037 0.0071 0.0088 0.0073 0.0035 0.8999 0.0041 0.0047 0.0034 0.0042 0.0045 
      H145.5  1 0.0104 0.0064 0.0071 0.0073 0.1821 0.0042 0.0119 0.0058 0.0038 0.0059 0.0069 0.0125 0.0269 0.0049 0.6750 0.0045 0.0046 0.0073 0.0047 0.0077 
      H145.6  1 0.0041 0.0039 0.0050 0.0068 0.0097 0.0082 0.0057 0.0070 0.0045 0.0068 0.0049 0.0053 0.0058 0.0050 0.8302 0.0054 0.0037 0.0087 0.0177 0.0515 
      H145.7  1 0.0065 0.0037 0.0074 0.0057 0.0042 0.0064 0.0056 0.0052 0.0041 0.0104 0.0041 0.0063 0.0064 0.0034 0.8918 0.0040 0.0029 0.0104 0.0059 0.0054 
      H149.1  1 0.0035 0.0041 0.9237 0.0042 0.0037 0.0038 0.0037 0.0033 0.0037 0.0029 0.0059 0.0040 0.0048 0.0041 0.0067 0.0035 0.0032 0.0031 0.0040 0.0040 
      H149.2  1 0.0037 0.0033 0.8505 0.0065 0.0032 0.0139 0.0148 0.0047 0.0092 0.0030 0.0057 0.0095 0.0046 0.0047 0.0350 0.0058 0.0056 0.0045 0.0074 0.0043 
      H149.3  1 0.0122 0.0072 0.6734 0.0094 0.0051 0.0346 0.0578 0.0130 0.0125 0.0052 0.0122 0.0422 0.0100 0.0078 0.0492 0.0111 0.0059 0.0087 0.0137 0.0088 
      H149.4  1 0.0042 0.0041 0.8683 0.0044 0.0076 0.0064 0.0053 0.0081 0.0052 0.0089 0.0067 0.0196 0.0065 0.0082 0.0050 0.0082 0.0040 0.0043 0.0086 0.0064 
      H149.5  1 0.0130 0.0040 0.5058 0.0120 0.0038 0.1011 0.0257 0.0295 0.0156 0.0062 0.0078 0.0598 0.0085 0.0135 0.1235 0.0179 0.0062 0.0075 0.0331 0.0056 
      H149.6  1 0.0034 0.0033 0.8247 0.0050 0.0035 0.0146 0.0302 0.0075 0.0070 0.0040 0.0072 0.0115 0.0047 0.0031 0.0308 0.0065 0.0059 0.0045 0.0182 0.0045 
      H149.7  1 0.0150 0.0052 0.5332 0.0074 0.0087 0.0360 0.0189 0.0381 0.0155 0.0101 0.0666 0.0520 0.0183 0.0276 0.0242 0.0221 0.0113 0.0084 0.0712 0.0103 
      H150.1  1 0.0064 0.8604 0.0033 0.0042 0.0090 0.0054 0.0126 0.0067 0.0052 0.0148 0.0055 0.0056 0.0085 0.0055 0.0066 0.0092 0.0040 0.0068 0.0050 0.0154 
      H150.2  1 0.0050 0.7521 0.0151 0.0033 0.0156 0.0145 0.0548 0.0089 0.0133 0.0376 0.0061 0.0072 0.0068 0.0054 0.0056 0.0112 0.0083 0.0106 0.0110 0.0076 
      H150.3  1 0.0077 0.8349 0.0070 0.0062 0.0088 0.0066 0.0167 0.0068 0.0073 0.0116 0.0110 0.0070 0.0093 0.0057 0.0074 0.0080 0.0075 0.0130 0.0118 0.0058 
      H150.4  1 0.0069 0.8814 0.0038 0.0060 0.0092 0.0049 0.0079 0.0029 0.0049 0.0078 0.0080 0.0037 0.0053 0.0046 0.0080 0.0057 0.0072 0.0083 0.0070 0.0067 
      H150.5  1 0.0055 0.7101 0.0105 0.0071 0.0053 0.0197 0.0651 0.0179 0.0205 0.0391 0.0046 0.0091 0.0092 0.0072 0.0053 0.0217 0.0045 0.0125 0.0111 0.0141 
      H150.6  1 0.0044 0.1833 0.0122 0.0042 0.0120 0.0295 0.3746 0.0310 0.0099 0.1256 0.0051 0.0117 0.0111 0.0127 0.0089 0.0934 0.0067 0.0390 0.0115 0.0132 
      H150.7  1 0.0073 0.8842 0.0038 0.0049 0.0077 0.0049 0.0090 0.0036 0.0054 0.0110 0.0039 0.0041 0.0064 0.0053 0.0066 0.0066 0.0052 0.0057 0.0048 0.0098 
   H169607.1  1 0.0158 0.0613 0.0059 0.0143 0.0275 0.0219 0.0153 0.0444 0.0660 0.0395 0.0093 0.2880 0.0288 0.0233 0.1333 0.0071 0.1136 0.0197 0.0227 0.0424 
   H169607.2  1 0.0322 0.0846 0.0084 0.3124 0.0049 0.0121 0.0105 0.0907 0.0812 0.0341 0.0095 0.0136 0.1012 0.0304 0.0989 0.0080 0.0332 0.0086 0.0131 0.0127 
   H169607.3  1 0.0352 0.0213 0.0063 0.0704 0.0130 0.0812 0.0131 0.0467 0.0546 0.0215 0.0101 0.1509 0.0164 0.0213 0.2694 0.0098 0.0192 0.0232 0.0486 0.0677 
   H169607.4  1 0.0063 0.0145 0.0051 0.1432 0.0076 0.0087 0.0075 0.0165 0.0521 0.0087 0.0068 0.0158 0.3428 0.0305 0.2386 0.0086 0.0132 0.0077 0.0095 0.0565 
   H169607.5  1 0.0281 0.0914 0.0147 0.1501 0.0096 0.0448 0.0187 0.2707 0.1404 0.0547 0.0061 0.0124 0.0160 0.0052 0.0698 0.0070 0.0145 0.0075 0.0108 0.0272 
   H169607.6  1 0.0210 0.0217 0.0083 0.5231 0.0038 0.0097 0.0130 0.0634 0.0581 0.0273 0.0056 0.0133 0.0472 0.0525 0.0668 0.0065 0.0199 0.0105 0.0111 0.0173 
   H169607.7  1 0.0712 0.0242 0.0093 0.1313 0.0066 0.0089 0.0185 0.0527 0.0794 0.3523 0.0048 0.0226 0.0265 0.0973 0.0238 0.0136 0.0267 0.0101 0.0099 0.0105 
   H169607.8  1 0.0160 0.0125 0.0038 0.5053 0.0040 0.0087 0.0055 0.0122 0.0534 0.0068 0.0077 0.0212 0.2128 0.0361 0.0320 0.0052 0.0120 0.0082 0.0150 0.0214 
   H169633.1  1 0.0076 0.0158 0.7288 0.0086 0.0211 0.0092 0.0173 0.0099 0.0054 0.0072 0.0138 0.0060 0.0082 0.0250 0.0392 0.0163 0.0169 0.0226 0.0112 0.0100 
   H169633.2  1 0.0154 0.0047 0.6600 0.0038 0.0120 0.0054 0.0253 0.0230 0.0034 0.0127 0.0115 0.0220 0.0062 0.0255 0.0138 0.0206 0.0497 0.0150 0.0649 0.0052 
   H169633.3  1 0.0141 0.0117 0.7810 0.0051 0.0064 0.0118 0.0347 0.0105 0.0064 0.0059 0.0250 0.0087 0.0069 0.0077 0.0138 0.0227 0.0078 0.0088 0.0067 0.0044 
   H169633.4  1 0.0063 0.0149 0.8020 0.0076 0.0198 0.0151 0.0120 0.0098 0.0061 0.0049 0.0121 0.0059 0.0108 0.0075 0.0130 0.0178 0.0063 0.0127 0.0048 0.0105 
   H169633.5  1 0.0071 0.0147 0.7902 0.0073 0.0161 0.0170 0.0134 0.0105 0.0067 0.0044 0.0096 0.0066 0.0109 0.0083 0.0136 0.0213 0.0082 0.0149 0.0047 0.0145 
   H169688.1  1 0.0120 0.0168 0.0190 0.0621 0.0045 0.0086 0.0059 0.0778 0.0086 0.0561 0.0278 0.2205 0.0116 0.0098 0.1662 0.0050 0.0094 0.1059 0.1667 0.0058 
   H169688.2  1 0.0113 0.0297 0.0094 0.0251 0.0149 0.0081 0.0061 0.0423 0.0095 0.2409 0.0176 0.0467 0.0108 0.0862 0.0405 0.0163 0.0062 0.0700 0.3034 0.0050 
   H169688.3  1 0.0043 0.0336 0.0264 0.0147 0.0077 0.0169 0.0087 0.0134 0.0043 0.5554 0.0129 0.0208 0.0084 0.0326 0.0874 0.0106 0.0057 0.0235 0.1068 0.0060 
   H169688.4  1 0.0055 0.2411 0.0086 0.0082 0.0118 0.0100 0.0051 0.0088 0.0059 0.5750 0.0081 0.0109 0.0084 0.0146 0.0202 0.0074 0.0059 0.0149 0.0191 0.0105 
   H169688.5  1 0.0067 0.2407 0.0133 0.0088 0.0143 0.0098 0.0058 0.0116 0.0068 0.5632 0.0099 0.0099 0.0074 0.0114 0.0176 0.0071 0.0059 0.0235 0.0176 0.0088 
   H169688.6  1 0.0055 0.0341 0.0142 0.0210 0.0408 0.0067 0.0037 0.2624 0.0077 0.2919 0.0096 0.0456 0.0067 0.0171 0.0791 0.0142 0.0062 0.0477 0.0793 0.0065 
   H169688.7  1 0.0061 0.0322 0.0152 0.0082 0.0088 0.0083 0.0108 0.0060 0.0055 0.6345 0.0079 0.0090 0.0121 0.0483 0.1291 0.0058 0.0078 0.0192 0.0179 0.0077 
   H171901.1  1 0.0093 0.0261 0.0100 0.0165 0.0700 0.0173 0.0822 0.0157 0.0118 0.0963 0.0168 0.0099 0.0121 0.0198 0.0684 0.0201 0.0100 0.0260 0.3858 0.0759 
   H171901.2  1 0.0078 0.0135 0.8262 0.0145 0.0064 0.0057 0.0132 0.0055 0.0080 0.0097 0.0056 0.0046 0.0194 0.0136 0.0097 0.0104 0.0051 0.0048 0.0052 0.0113 
   H171901.3  1 0.0109 0.0100 0.7313 0.0117 0.0087 0.0131 0.0080 0.0187 0.0066 0.0193 0.0084 0.0084 0.0106 0.0186 0.0154 0.0069 0.0077 0.0233 0.0368 0.0255 
   H171901.4  1 0.0061 0.0080 0.8176 0.0094 0.0065 0.0071 0.0083 0.0090 0.0117 0.0237 0.0040 0.0051 0.0095 0.0178 0.0061 0.0158 0.0063 0.0065 0.0095 0.0120 
   H171901.5  1 0.0061 0.0113 0.7510 0.0111 0.0051 0.0077 0.0122 0.0095 0.0223 0.0194 0.0071 0.0101 0.0321 0.0233 0.0112 0.0131 0.0072 0.0042 0.0121 0.0238 
   H171901.6  1 0.0090 0.0217 0.5685 0.0125 0.0062 0.0123 0.0158 0.0177 0.0456 0.0282 0.0133 0.0126 0.0749 0.0159 0.0456 0.0328 0.0132 0.0050 0.0156 0.0337 
   H171901.7  1 0.0201 0.0182 0.6150 0.0130 0.0067 0.0167 0.0140 0.0636 0.0083 0.0571 0.0138 0.0138 0.0188 0.0087 0.0515 0.0114 0.0050 0.0104 0.0249 0.0090 
   H171902.1  1 0.0124 0.0183 0.0072 0.0093 0.0578 0.0033 0.0063 0.0136 0.0066 0.0115 0.0083 0.0317 0.7104 0.0101 0.0199 0.0052 0.0305 0.0133 0.0077 0.0167 
  H171902.10  1 0.0052 0.0069 0.0115 0.0082 0.0069 0.0036 0.0089 0.0069 0.0046 0.0090 0.0040 0.0101 0.8662 0.0095 0.0049 0.0040 0.0052 0.0103 0.0051 0.0090 
   H171902.2  1 0.0525 0.0276 0.0207 0.0102 0.0485 0.0074 0.0082 0.0565 0.0197 0.0126 0.0215 0.0728 0.4002 0.0336 0.0177 0.0230 0.0182 0.0904 0.0452 0.0133 
   H171902.3  1 0.0138 0.0326 0.0597 0.0129 0.0118 0.0052 0.0098 0.0274 0.0181 0.0218 0.0080 0.0186 0.6271 0.0650 0.0126 0.0073 0.0145 0.0127 0.0107 0.0104 
   H171902.4  1 0.0083 0.0152 0.0642 0.0078 0.0263 0.0048 0.0083 0.0060 0.0035 0.0035 0.0075 0.0080 0.7885 0.0042 0.0096 0.0073 0.0058 0.0078 0.0061 0.0074 
   H171902.6  1 0.0049 0.0083 0.0096 0.0114 0.0091 0.0035 0.0081 0.0085 0.0047 0.0047 0.0066 0.0081 0.8672 0.0089 0.0066 0.0031 0.0067 0.0082 0.0044 0.0074 
   H171902.7  1 0.0046 0.0117 0.0264 0.0118 0.0242 0.0064 0.0231 0.0070 0.0177 0.0092 0.0054 0.0074 0.7734 0.0068 0.0201 0.0078 0.0071 0.0044 0.0107 0.0148 
   H171902.8  1 0.0060 0.0118 0.0148 0.0078 0.0148 0.0048 0.0097 0.0104 0.0076 0.0070 0.0065 0.0110 0.8199 0.0179 0.0093 0.0042 0.0080 0.0101 0.0072 0.0112 
   H171902.9  1 0.0101 0.1382 0.0068 0.0131 0.0396 0.0044 0.0069 0.0160 0.0083 0.0092 0.0103 0.0097 0.6688 0.0071 0.0116 0.0084 0.0053 0.0053 0.0081 0.0129 
   H171903.1  1 0.0204 0.0550 0.0157 0.6498 0.0042 0.0106 0.0101 0.0320 0.0322 0.0682 0.0057 0.0066 0.0092 0.0051 0.0219 0.0099 0.0210 0.0052 0.0064 0.0108 
   H171903.2  1 0.0379 0.0301 0.0075 0.6105 0.0105 0.0311 0.0102 0.0237 0.0272 0.0689 0.0074 0.0186 0.0124 0.0101 0.0126 0.0199 0.0174 0.0080 0.0137 0.0222 
   H171903.3  1 0.0272 0.0381 0.0181 0.2106 0.0148 0.0981 0.0363 0.1423 0.0584 0.1104 0.0174 0.0095 0.0505 0.0133 0.0197 0.0141 0.0541 0.0070 0.0331 0.0270 
   H171903.4  1 0.0073 0.0345 0.0103 0.0523 0.0092 0.0157 0.0528 0.0270 0.0291 0.0492 0.0149 0.0164 0.0341 0.0079 0.1593 0.0101 0.0057 0.0206 0.3692 0.0742 
   H171903.5  1 0.0289 0.0502 0.0336 0.0990 0.0095 0.1800 0.0118 0.0319 0.0371 0.2727 0.0128 0.0212 0.0113 0.0728 0.0202 0.0211 0.0474 0.0083 0.0197 0.0106 
   H171903.6  1 0.0110 0.0537 0.0532 0.1344 0.0045 0.0569 0.0089 0.0623 0.0583 0.3489 0.0108 0.0341 0.0115 0.0110 0.0309 0.0076 0.0075 0.0101 0.0170 0.0673 
      H177.1  1 0.0065 0.0276 0.3041 0.0261 0.0112 0.0093 0.0110 0.0268 0.0188 0.0193 0.0110 0.0208 0.1577 0.0116 0.0174 0.0045 0.0057 0.0047 0.2924 0.0136 
      H177.2  1 0.0548 0.0126 0.1032 0.0231 0.0136 0.0401 0.0398 0.0375 0.2244 0.0533 0.0126 0.1636 0.0729 0.0315 0.0434 0.0072 0.0111 0.0184 0.0085 0.0284 
      H177.3  1 0.0132 0.0182 0.3139 0.0248 0.0237 0.0209 0.0266 0.0423 0.0674 0.0343 0.0260 0.0517 0.1302 0.0406 0.0454 0.0056 0.0059 0.0048 0.0132 0.0914 
      H177.4  1 0.0080 0.0060 0.1146 0.0238 0.0109 0.0233 0.0145 0.0720 0.0350 0.0101 0.0100 0.2921 0.0740 0.0167 0.0627 0.0153 0.0061 0.0046 0.1856 0.0146 
      H177.5  1 0.0190 0.0166 0.0264 0.0281 0.0073 0.0366 0.0137 0.0237 0.0858 0.0280 0.0116 0.0114 0.0394 0.0215 0.0178 0.0335 0.0036 0.0116 0.5458 0.0187 
      H177.6  1 0.0105 0.0155 0.4773 0.0115 0.0175 0.0119 0.0217 0.0243 0.0308 0.0249 0.0241 0.0216 0.1302 0.0288 0.0236 0.0047 0.0066 0.0052 0.0125 0.0968 
      H179.1  1 0.0104 0.0141 0.0148 0.0058 0.0048 0.0127 0.0065 0.0168 0.0190 0.0141 0.0512 0.5829 0.0103 0.1238 0.0083 0.0167 0.0339 0.0107 0.0263 0.0170 
      H179.2  1 0.0109 0.0122 0.0074 0.0076 0.0046 0.0128 0.0166 0.1087 0.0285 0.0230 0.0254 0.6116 0.0079 0.0183 0.0057 0.0125 0.0602 0.0052 0.0119 0.0091 
      H179.3  1 0.0319 0.0207 0.0089 0.0233 0.0063 0.0439 0.0060 0.0430 0.0165 0.0499 0.0216 0.4636 0.0091 0.0640 0.0075 0.0134 0.0290 0.0164 0.0928 0.0322 
      H179.4  1 0.0119 0.0037 0.0112 0.0060 0.0041 0.0074 0.0121 0.1286 0.0177 0.0134 0.0147 0.6852 0.0082 0.0073 0.0101 0.0103 0.0158 0.0111 0.0128 0.0084 
      H180.1  1 0.0054 0.0482 0.0075 0.0104 0.0146 0.0282 0.0302 0.0078 0.0052 0.6805 0.0059 0.0188 0.0155 0.0210 0.0035 0.0313 0.0179 0.0282 0.0127 0.0071 
      H180.2  1 0.0052 0.0941 0.0118 0.0119 0.0163 0.0067 0.0140 0.0243 0.0126 0.5884 0.0116 0.0115 0.0128 0.0089 0.0056 0.0524 0.0085 0.0727 0.0143 0.0164 
      H180.3  1 0.0344 0.3192 0.0064 0.0167 0.0172 0.0202 0.0086 0.0080 0.0073 0.4080 0.0436 0.0104 0.0062 0.0059 0.0073 0.0146 0.0383 0.0098 0.0054 0.0125 
      H180.4  1 0.0118 0.0305 0.0311 0.0103 0.0219 0.0212 0.0742 0.0321 0.0094 0.3371 0.0153 0.0408 0.0249 0.0331 0.0077 0.2257 0.0071 0.0370 0.0194 0.0096 
      H180.5  1 0.0297 0.0477 0.0121 0.0148 0.0321 0.0151 0.1233 0.0150 0.0300 0.4974 0.0046 0.0309 0.0225 0.0118 0.0066 0.0285 0.0090 0.0414 0.0206 0.0069 
      H180.6  1 0.5245 0.0254 0.0155 0.0100 0.0530 0.0064 0.0599 0.0140 0.0096 0.1284 0.0125 0.0154 0.0113 0.0103 0.0171 0.0164 0.0104 0.0375 0.0068 0.0158 
      H181.1  1 0.0078 0.0105 0.2062 0.0586 0.0139 0.1564 0.0258 0.0218 0.0168 0.0058 0.0080 0.1243 0.0260 0.0823 0.0169 0.0089 0.0083 0.1850 0.0070 0.0098 
      H181.2  1 0.0077 0.0117 0.0642 0.0299 0.0182 0.0197 0.0893 0.0204 0.0172 0.0120 0.0103 0.3459 0.1041 0.0655 0.0351 0.0158 0.0135 0.0982 0.0141 0.0074 
      H181.3  1 0.0095 0.0056 0.0747 0.0262 0.0145 0.0110 0.0306 0.0174 0.0250 0.0064 0.0072 0.1918 0.0967 0.2377 0.0127 0.0097 0.0048 0.1991 0.0134 0.0061 
      H181.4  1 0.0145 0.0836 0.1261 0.0377 0.0044 0.2551 0.0321 0.0427 0.0671 0.0213 0.0184 0.0790 0.0348 0.0297 0.0378 0.0109 0.0068 0.0643 0.0182 0.0155 
      H181.5  1 0.0102 0.0054 0.0148 0.0092 0.0158 0.0149 0.0320 0.0241 0.0201 0.0057 0.0564 0.3295 0.0147 0.2745 0.0118 0.0130 0.0174 0.1039 0.0216 0.0048 
      H181.6  1 0.0100 0.0237 0.0168 0.0189 0.0076 0.0167 0.0573 0.0931 0.0252 0.0243 0.0233 0.4054 0.0368 0.0514 0.0122 0.0670 0.0642 0.0134 0.0225 0.0101 
      H181.7  1 0.0248 0.0161 0.0574 0.0121 0.0091 0.0229 0.0082 0.1059 0.0100 0.0168 0.0111 0.1888 0.0111 0.4219 0.0204 0.0158 0.0117 0.0188 0.0084 0.0086 
 H194.1_2004  1 0.0098 0.0230 0.0209 0.0188 0.0055 0.0121 0.0200 0.0164 0.0110 0.0335 0.0114 0.0036 0.0247 0.0039 0.7480 0.0080 0.0073 0.0059 0.0095 0.0068 
 H194.2_2004  1 0.0047 0.0095 0.0099 0.0190 0.0109 0.0116 0.0191 0.0055 0.0067 0.0092 0.0067 0.0042 0.0205 0.0042 0.7386 0.0040 0.0045 0.0046 0.1011 0.0056 
 H194.3_2004  1 0.0085 0.0077 0.0489 0.0087 0.0067 0.0071 0.0092 0.0098 0.0077 0.0056 0.0904 0.0129 0.0436 0.0079 0.6903 0.0059 0.0057 0.0038 0.0127 0.0067 
 H194.4_2004  1 0.0056 0.0077 0.0302 0.0231 0.0109 0.0047 0.0081 0.0052 0.0057 0.0055 0.0102 0.0085 0.0189 0.0051 0.7517 0.0039 0.0043 0.0043 0.0814 0.0050 
 H194.5_2004  1 0.0141 0.0137 0.0351 0.0083 0.0046 0.0081 0.0076 0.0290 0.0136 0.0094 0.0430 0.0089 0.0169 0.0079 0.7317 0.0141 0.0107 0.0054 0.0118 0.0060 
 H194.6_2004  1 0.0168 0.0226 0.1163 0.0256 0.0068 0.0135 0.0193 0.0531 0.0152 0.0135 0.2474 0.0225 0.0381 0.0061 0.1305 0.0076 0.0101 0.0074 0.2178 0.0097 
 H194.7_2004  1 0.0458 0.0149 0.0086 0.0527 0.0055 0.0119 0.0109 0.0139 0.0143 0.0108 0.0112 0.0041 0.0068 0.0047 0.7433 0.0071 0.0049 0.0081 0.0151 0.0053 
 H194.8_2004  1 0.0139 0.0146 0.0561 0.0136 0.0093 0.0076 0.0142 0.0288 0.0095 0.0112 0.0308 0.0057 0.0173 0.0062 0.5618 0.0080 0.0057 0.0084 0.1691 0.0083 
      H194.9  1 0.0215 0.0175 0.0136 0.0220 0.0076 0.0098 0.0088 0.0137 0.0097 0.0093 0.0117 0.0038 0.0058 0.0062 0.8005 0.0078 0.0060 0.0081 0.0116 0.0049 
 H195.1_2003  1 0.0040 0.0045 0.0108 0.0081 0.0038 0.0043 0.0087 0.0054 0.0081 0.0081 0.0087 0.0060 0.0066 0.0076 0.8439 0.0283 0.0066 0.0053 0.0158 0.0056 
 H195.1_2004  1 0.0036 0.0046 0.0205 0.0065 0.0109 0.0068 0.0288 0.0058 0.0039 0.0051 0.0055 0.0131 0.0084 0.0079 0.8273 0.0064 0.0031 0.0187 0.0042 0.0091 
 H195.2_2003  1 0.0083 0.0099 0.0049 0.0119 0.0047 0.0035 0.0051 0.0074 0.0109 0.0067 0.0048 0.0062 0.0106 0.0065 0.8577 0.0121 0.0073 0.0047 0.0065 0.0104 
 H195.2_2004  1 0.0051 0.0036 0.0047 0.0056 0.0068 0.0034 0.0065 0.0035 0.0054 0.0045 0.0041 0.0052 0.0052 0.0040 0.9104 0.0046 0.0035 0.0057 0.0046 0.0035 
 H195.3_2003  1 0.0079 0.0247 0.0035 0.0194 0.0060 0.0054 0.0054 0.0112 0.0195 0.0154 0.0083 0.0057 0.0110 0.0086 0.7917 0.0176 0.0053 0.0069 0.0142 0.0123 
 H195.3_2004  1 0.0036 0.0033 0.0164 0.0073 0.0073 0.0054 0.0070 0.0041 0.0045 0.0035 0.0042 0.0068 0.0108 0.0046 0.8878 0.0058 0.0035 0.0055 0.0045 0.0042 
 H195.4_2003  1 0.0039 0.0040 0.0063 0.0059 0.0034 0.0054 0.0122 0.0050 0.0049 0.0056 0.0069 0.0055 0.0066 0.0050 0.8917 0.0089 0.0051 0.0039 0.0047 0.0053 
 H195.4_2004  1 0.0073 0.0040 0.0044 0.0087 0.0040 0.0041 0.0053 0.0059 0.0045 0.0045 0.0057 0.0051 0.0044 0.0038 0.8888 0.0046 0.0035 0.0187 0.0075 0.0053 
 H195.5_2003  1 0.0058 0.0077 0.0102 0.0082 0.0041 0.0054 0.0303 0.0182 0.0057 0.0136 0.0077 0.0060 0.0138 0.0130 0.7023 0.1046 0.0048 0.0155 0.0142 0.0089 
 H195.5_2004  1 0.0051 0.0046 0.0066 0.0082 0.0074 0.0046 0.0079 0.0111 0.0036 0.0037 0.0053 0.0108 0.0065 0.0056 0.8674 0.0107 0.0029 0.0179 0.0040 0.0061 
 H195.6_2003  1 0.0060 0.0086 0.0044 0.0212 0.0039 0.0036 0.0055 0.0053 0.0078 0.0066 0.0037 0.0057 0.0077 0.0043 0.8721 0.0119 0.0038 0.0060 0.0050 0.0068 
 H195.6_2004  1 0.0043 0.0029 0.0044 0.0099 0.0064 0.0030 0.0056 0.0045 0.0043 0.0034 0.0082 0.0115 0.0062 0.0049 0.8981 0.0074 0.0036 0.0043 0.0041 0.0029 
 H195.7_2003  1 0.0053 0.0036 0.0062 0.0061 0.0026 0.0048 0.0055 0.0079 0.0066 0.0064 0.0072 0.0055 0.0062 0.0069 0.8865 0.0078 0.0048 0.0054 0.0099 0.0051 
 H195.7_2004  1 0.0036 0.0074 0.0051 0.0046 0.0280 0.0062 0.0111 0.0088 0.0041 0.0057 0.0040 0.0085 0.0050 0.0089 0.8517 0.0077 0.0036 0.0163 0.0035 0.0062 
      H195.8  1 0.0052 0.0052 0.0045 0.0078 0.0062 0.0064 0.0125 0.0092 0.0049 0.0047 0.0041 0.0055 0.0052 0.0071 0.8482 0.0053 0.0030 0.0433 0.0046 0.0071 
      H195.9  1 0.0065 0.0046 0.0108 0.0183 0.0042 0.0050 0.0084 0.0076 0.0055 0.0053 0.0070 0.0079 0.0063 0.0048 0.8713 0.0054 0.0029 0.0068 0.0050 0.0063 
      H415.1  1 0.0236 0.1755 0.1441 0.0060 0.0663 0.0089 0.0179 0.0052 0.0084 0.0219 0.0116 0.0095 0.0291 0.0104 0.0437 0.0115 0.3692 0.0065 0.0246 0.0062 
      H415.2  1 0.0049 0.0241 0.0091 0.0053 0.0068 0.0083 0.0054 0.0063 0.0075 0.0112 0.0301 0.0148 0.7862 0.0065 0.0101 0.0070 0.0370 0.0026 0.0056 0.0111 
      H415.3  1 0.0052 0.0095 0.1112 0.0036 0.0100 0.0156 0.0216 0.0091 0.0188 0.0302 0.0085 0.0249 0.0411 0.0203 0.0138 0.0077 0.6226 0.0038 0.0168 0.0058 
      H415.4  1 0.0176 0.0748 0.0184 0.0043 0.0174 0.0111 0.0424 0.0068 0.0088 0.0103 0.0131 0.0047 0.0238 0.0056 0.0211 0.0075 0.6835 0.0078 0.0124 0.0088 
      H415.5  1 0.0041 0.0067 0.1284 0.0035 0.0115 0.0128 0.0420 0.0081 0.0108 0.0329 0.0183 0.0118 0.0599 0.0139 0.0178 0.0082 0.5890 0.0044 0.0110 0.0049 
      H415.6  1 0.0262 0.0746 0.0248 0.0048 0.0177 0.0099 0.0651 0.0053 0.0058 0.0094 0.0166 0.0049 0.0250 0.0054 0.0198 0.0072 0.6480 0.0084 0.0109 0.0103 
      H415.7  1 0.0072 0.0151 0.0758 0.0047 0.0106 0.0131 0.0103 0.0119 0.0567 0.0237 0.0180 0.0753 0.2782 0.0185 0.0392 0.0116 0.2825 0.0042 0.0104 0.0328 
      H506.1  1 0.0040 0.0028 0.0084 0.0031 0.0042 0.0037 0.0029 0.0055 0.0060 0.0036 0.0063 0.9132 0.0042 0.0040 0.0037 0.0054 0.0068 0.0048 0.0040 0.0035 
      H506.2  1 0.0039 0.0030 0.0110 0.0052 0.0044 0.0041 0.0042 0.0053 0.0070 0.0036 0.0055 0.9011 0.0061 0.0070 0.0066 0.0048 0.0046 0.0033 0.0039 0.0052 
      H506.3  1 0.0065 0.0038 0.0060 0.0036 0.0114 0.0052 0.0042 0.0046 0.0041 0.0075 0.0079 0.8924 0.0046 0.0067 0.0040 0.0062 0.0068 0.0054 0.0053 0.0037 
      H506.4  1 0.0045 0.0046 0.0074 0.0067 0.0087 0.0054 0.0037 0.0122 0.0113 0.0045 0.0084 0.8632 0.0053 0.0050 0.0048 0.0097 0.0136 0.0063 0.0079 0.0067 
      H506.5  1 0.0041 0.0032 0.0113 0.0082 0.0068 0.0039 0.0035 0.0084 0.0094 0.0036 0.0060 0.8705 0.0073 0.0107 0.0061 0.0090 0.0106 0.0035 0.0063 0.0076 
      H506.6  1 0.0058 0.0040 0.0059 0.0154 0.0184 0.0115 0.0056 0.0077 0.0151 0.0084 0.0056 0.7691 0.0090 0.0388 0.0109 0.0095 0.0066 0.0080 0.0122 0.0328 
      H506.7  1 0.0034 0.0025 0.0113 0.0052 0.0045 0.0029 0.0035 0.0057 0.0060 0.0034 0.0047 0.9013 0.0053 0.0057 0.0055 0.0073 0.0078 0.0050 0.0041 0.0048 
      H533.1  1 0.0042 0.0033 0.0120 0.0033 0.0057 0.0053 0.0041 0.0093 0.0032 0.0091 0.0042 0.8876 0.0041 0.0123 0.0032 0.0066 0.0060 0.0088 0.0032 0.0045 
      H533.2  1 0.0042 0.0032 0.0129 0.0032 0.0109 0.0043 0.0047 0.0079 0.0036 0.0064 0.0047 0.8912 0.0040 0.0097 0.0032 0.0050 0.0059 0.0061 0.0031 0.0058 
      H533.3  1 0.0054 0.0035 0.0113 0.0052 0.0052 0.0219 0.0033 0.0273 0.0049 0.0084 0.0039 0.8504 0.0076 0.0072 0.0037 0.0039 0.0082 0.0048 0.0041 0.0097 
      H533.4  1 0.0048 0.0071 0.0367 0.0084 0.0090 0.0088 0.0075 0.0205 0.0057 0.0331 0.0057 0.7719 0.0085 0.0070 0.0179 0.0062 0.0109 0.0080 0.0068 0.0157 
      H535.1  1 0.0039 0.0046 0.0075 0.0075 0.0045 0.0047 0.0053 0.8818 0.0099 0.0044 0.0106 0.0071 0.0074 0.0041 0.0047 0.0057 0.0082 0.0032 0.0045 0.0104 
      H535.2  1 0.0054 0.0038 0.0070 0.0064 0.0030 0.0064 0.0062 0.8861 0.0062 0.0031 0.0053 0.0137 0.0056 0.0068 0.0074 0.0073 0.0035 0.0067 0.0058 0.0041 
      H535.3  1 0.0057 0.0033 0.0040 0.0071 0.0035 0.0057 0.0053 0.9061 0.0059 0.0035 0.0048 0.0060 0.0039 0.0044 0.0051 0.0076 0.0030 0.0057 0.0045 0.0050 
      H535.4  1 0.0039 0.0036 0.0147 0.0041 0.0033 0.0042 0.0083 0.8936 0.0059 0.0038 0.0065 0.0100 0.0034 0.0026 0.0061 0.0055 0.0079 0.0060 0.0029 0.0040 
      H535.5  1 0.0042 0.0043 0.0146 0.0056 0.0039 0.0040 0.0038 0.8950 0.0068 0.0044 0.0074 0.0088 0.0039 0.0032 0.0061 0.0048 0.0073 0.0039 0.0031 0.0046 
      H535.6  1 0.0047 0.0101 0.0040 0.0082 0.0045 0.0052 0.0116 0.8587 0.0113 0.0037 0.0169 0.0091 0.0080 0.0043 0.0086 0.0036 0.0050 0.0041 0.0088 0.0096 
      H535.7  1 0.0043 0.0038 0.0108 0.0046 0.0034 0.0040 0.0031 0.9070 0.0046 0.0040 0.0082 0.0066 0.0038 0.0030 0.0040 0.0064 0.0056 0.0038 0.0037 0.0053 
      H535.8  1 0.0045 0.0040 0.0059 0.0043 0.0040 0.0051 0.0038 0.8951 0.0075 0.0032 0.0105 0.0068 0.0042 0.0031 0.0053 0.0082 0.0072 0.0050 0.0065 0.0057 
      H535.9  1 0.0040 0.0063 0.0068 0.0072 0.0041 0.0040 0.0057 0.8961 0.0063 0.0032 0.0052 0.0068 0.0052 0.0040 0.0046 0.0069 0.0048 0.0045 0.0036 0.0110 
      H539.1  1 0.0044 0.9123 0.0035 0.0076 0.0062 0.0032 0.0036 0.0039 0.0047 0.0040 0.0037 0.0031 0.0047 0.0038 0.0045 0.0034 0.0042 0.0028 0.0036 0.0130 
      H539.2  1 0.0137 0.6340 0.0077 0.0144 0.0105 0.0181 0.0080 0.0991 0.0104 0.0683 0.0053 0.0161 0.0162 0.0100 0.0077 0.0101 0.0121 0.0181 0.0138 0.0066 
      H539.3  1 0.0087 0.8352 0.0044 0.0225 0.0083 0.0048 0.0048 0.0150 0.0062 0.0077 0.0091 0.0057 0.0090 0.0043 0.0132 0.0075 0.0040 0.0080 0.0147 0.0071 
      H539.4  1 0.0058 0.8766 0.0043 0.0054 0.0143 0.0090 0.0031 0.0066 0.0053 0.0085 0.0045 0.0049 0.0071 0.0125 0.0031 0.0058 0.0045 0.0054 0.0051 0.0082 
      H539.5  1 0.0074 0.9195 0.0036 0.0066 0.0047 0.0028 0.0043 0.0041 0.0047 0.0044 0.0049 0.0034 0.0050 0.0032 0.0036 0.0031 0.0039 0.0033 0.0037 0.0038 
      H539.6  1 0.0080 0.9078 0.0036 0.0057 0.0057 0.0037 0.0051 0.0052 0.0049 0.0061 0.0037 0.0036 0.0045 0.0034 0.0042 0.0032 0.0046 0.0050 0.0043 0.0078 
      H539.7  1 0.0037 0.9195 0.0042 0.0033 0.0036 0.0041 0.0043 0.0050 0.0047 0.0050 0.0045 0.0037 0.0034 0.0035 0.0042 0.0039 0.0035 0.0034 0.0055 0.0070 
      H539.8  1 0.0046 0.8087 0.0061 0.0094 0.0158 0.0096 0.0048 0.0235 0.0043 0.0053 0.0196 0.0059 0.0068 0.0063 0.0104 0.0133 0.0055 0.0135 0.0191 0.0074 
      H539.9  1 0.0064 0.8992 0.0033 0.0057 0.0091 0.0072 0.0025 0.0043 0.0051 0.0065 0.0035 0.0048 0.0048 0.0056 0.0037 0.0051 0.0047 0.0043 0.0042 0.0101 
      H540.1  1 0.0059 0.8235 0.0071 0.0089 0.0089 0.0171 0.0052 0.0161 0.0218 0.0100 0.0052 0.0131 0.0113 0.0075 0.0084 0.0046 0.0043 0.0058 0.0064 0.0091 
      H540.2  1 0.0040 0.8937 0.0043 0.0074 0.0032 0.0078 0.0051 0.0044 0.0120 0.0060 0.0064 0.0042 0.0096 0.0056 0.0042 0.0031 0.0051 0.0028 0.0045 0.0067 
      H540.3  1 0.0045 0.4213 0.0135 0.0062 0.2175 0.0289 0.0221 0.0095 0.0163 0.0067 0.0592 0.0075 0.0270 0.0338 0.0083 0.0055 0.0144 0.0118 0.0239 0.0621 
      H540.4  1 0.0037 0.8711 0.0052 0.0052 0.0039 0.0076 0.0080 0.0097 0.0113 0.0081 0.0071 0.0114 0.0084 0.0087 0.0059 0.0045 0.0054 0.0048 0.0052 0.0048 
      H540.5  1 0.0058 0.8377 0.0090 0.0059 0.0166 0.0100 0.0058 0.0054 0.0129 0.0081 0.0090 0.0052 0.0185 0.0126 0.0052 0.0041 0.0051 0.0066 0.0083 0.0082 
      H540.6  1 0.0115 0.7615 0.0076 0.0195 0.0112 0.0197 0.0129 0.0104 0.0222 0.0079 0.0115 0.0151 0.0182 0.0157 0.0081 0.0038 0.0074 0.0163 0.0095 0.0101 
      H540.7  1 0.0080 0.8631 0.0104 0.0058 0.0041 0.0117 0.0067 0.0065 0.0099 0.0087 0.0065 0.0069 0.0126 0.0058 0.0051 0.0057 0.0083 0.0049 0.0040 0.0050 
      H540.8  1 0.0040 0.8433 0.0148 0.0065 0.0046 0.0133 0.0065 0.0200 0.0107 0.0111 0.0076 0.0053 0.0142 0.0050 0.0089 0.0044 0.0047 0.0026 0.0060 0.0066 
     H9558.1  1 0.0055 0.8268 0.0034 0.0123 0.0102 0.0039 0.0040 0.0165 0.0037 0.0089 0.0101 0.0057 0.0125 0.0090 0.0046 0.0059 0.0066 0.0052 0.0079 0.0373 
     H9558.2  1 0.0146 0.7606 0.0035 0.0116 0.0140 0.0065 0.0040 0.0206 0.0089 0.0072 0.0096 0.0087 0.0133 0.0199 0.0070 0.0203 0.0105 0.0088 0.0148 0.0357 
     H9558.3  1 0.0089 0.8443 0.0042 0.0126 0.0094 0.0064 0.0048 0.0101 0.0088 0.0057 0.0110 0.0060 0.0049 0.0083 0.0061 0.0147 0.0104 0.0070 0.0064 0.0099 
     H9558.4  1 0.0054 0.8447 0.0034 0.0089 0.0086 0.0046 0.0031 0.0230 0.0052 0.0161 0.0045 0.0056 0.0102 0.0103 0.0042 0.0074 0.0076 0.0050 0.0048 0.0174 
     H9558.5  1 0.0034 0.8679 0.0049 0.0030 0.0173 0.0101 0.0032 0.0092 0.0050 0.0107 0.0052 0.0053 0.0083 0.0073 0.0029 0.0096 0.0092 0.0055 0.0057 0.0067 
     H9558.6  1 0.0474 0.7707 0.0052 0.0087 0.0098 0.0424 0.0060 0.0065 0.0055 0.0055 0.0131 0.0121 0.0145 0.0050 0.0055 0.0063 0.0073 0.0035 0.0108 0.0140 
    kos339.1  1 0.0158 0.0042 0.8701 0.0043 0.0052 0.0060 0.0039 0.0053 0.0122 0.0074 0.0048 0.0092 0.0089 0.0089 0.0035 0.0046 0.0101 0.0034 0.0058 0.0062 
    kos339.2  1 0.0116 0.0053 0.8775 0.0032 0.0053 0.0068 0.0062 0.0042 0.0061 0.0046 0.0078 0.0085 0.0048 0.0102 0.0072 0.0071 0.0100 0.0062 0.0042 0.0032 
    kos339.3  1 0.0045 0.0050 0.9229 0.0032 0.0029 0.0054 0.0039 0.0050 0.0048 0.0058 0.0036 0.0046 0.0032 0.0029 0.0038 0.0037 0.0059 0.0029 0.0032 0.0030 
    kos339.4  1 0.0044 0.0045 0.9146 0.0031 0.0041 0.0048 0.0052 0.0045 0.0062 0.0049 0.0040 0.0044 0.0034 0.0035 0.0056 0.0040 0.0065 0.0045 0.0044 0.0035 
    kos339.5  1 0.0053 0.0044 0.9029 0.0035 0.0027 0.0048 0.0043 0.0042 0.0119 0.0052 0.0055 0.0072 0.0065 0.0044 0.0038 0.0050 0.0058 0.0041 0.0047 0.0037 
    kos339.6  1 0.0048 0.0038 0.9072 0.0040 0.0060 0.0068 0.0059 0.0039 0.0056 0.0044 0.0050 0.0066 0.0058 0.0042 0.0054 0.0038 0.0053 0.0042 0.0038 0.0035 
    kos339.7  1 0.0055 0.0036 0.9222 0.0034 0.0035 0.0043 0.0031 0.0059 0.0027 0.0052 0.0031 0.0058 0.0039 0.0031 0.0046 0.0034 0.0066 0.0034 0.0032 0.0036 
    kos339.8  1 0.0051 0.0031 0.8886 0.0028 0.0053 0.0058 0.0040 0.0037 0.0059 0.0074 0.0056 0.0110 0.0038 0.0054 0.0050 0.0058 0.0186 0.0047 0.0052 0.0031 
    kos339.9  1 0.0092 0.0169 0.8724 0.0047 0.0040 0.0043 0.0069 0.0052 0.0084 0.0099 0.0054 0.0069 0.0103 0.0046 0.0072 0.0055 0.0044 0.0044 0.0046 0.0046 
      H008.1  2 0.7290 0.0801 0.0081 0.0071 0.0048 0.0087 0.0091 0.0135 0.0060 0.0185 0.0121 0.0114 0.0150 0.0105 0.0065 0.0202 0.0094 0.0106 0.0071 0.0125 
      H008.2  2 0.0670 0.1557 0.0202 0.0387 0.0533 0.0278 0.0065 0.0339 0.0147 0.0310 0.0121 0.0208 0.0683 0.0360 0.0088 0.3124 0.0090 0.0389 0.0198 0.0251 
      H008.3  2 0.0444 0.0476 0.0089 0.0525 0.0247 0.0178 0.0129 0.1432 0.0159 0.0806 0.0416 0.2761 0.0138 0.0099 0.0143 0.0792 0.0087 0.0607 0.0321 0.0153 
      H008.4  2 0.5561 0.0705 0.0082 0.0168 0.0408 0.0110 0.0105 0.0158 0.0152 0.0105 0.0246 0.0096 0.0625 0.0108 0.0181 0.0281 0.0359 0.0160 0.0310 0.0081 
      H008.5  2 0.6853 0.0164 0.0108 0.0200 0.0138 0.0086 0.0083 0.0194 0.0110 0.0188 0.0226 0.0308 0.0093 0.0071 0.0069 0.0314 0.0081 0.0136 0.0503 0.0075 
      H008.6  2 0.1514 0.0814 0.0091 0.0254 0.0883 0.0225 0.0067 0.0276 0.0263 0.0128 0.0265 0.0236 0.1347 0.0117 0.0130 0.2670 0.0215 0.0072 0.0205 0.0228 
      H008.7  2 0.2947 0.0547 0.0172 0.0153 0.0711 0.0103 0.0231 0.0645 0.0150 0.0114 0.0237 0.0099 0.0963 0.0302 0.0122 0.1014 0.0180 0.0722 0.0385 0.0203 
      H008.8  2 0.1866 0.4714 0.0088 0.0130 0.0123 0.0104 0.0070 0.0227 0.0106 0.0206 0.0110 0.0114 0.0259 0.0748 0.0180 0.0133 0.0119 0.0174 0.0072 0.0458 
      H008.9  2 0.0168 0.0579 0.0080 0.0232 0.1785 0.0157 0.0137 0.0627 0.0141 0.0142 0.0376 0.0323 0.1954 0.0188 0.0326 0.1919 0.0082 0.0123 0.0192 0.0471 
 H029.1_2002  2 0.6233 0.0324 0.0053 0.0072 0.0197 0.0106 0.0062 0.0054 0.0195 0.0075 0.0142 0.0057 0.0194 0.0181 0.0075 0.0088 0.0535 0.0144 0.0867 0.0345 
 H029.1_2003  2 0.0133 0.0086 0.0054 0.0077 0.0100 0.0096 0.0049 0.0774 0.0097 0.0101 0.0643 0.0168 0.0099 0.0106 0.0101 0.0112 0.0120 0.0072 0.6862 0.0151 
 H029.2_2002  2 0.5055 0.0095 0.0662 0.0088 0.0369 0.0062 0.0046 0.0565 0.0172 0.0091 0.0529 0.0200 0.0266 0.0139 0.0479 0.0132 0.0052 0.0214 0.0727 0.0058 
 H029.2_2003  2 0.0586 0.0085 0.0333 0.0138 0.0237 0.0169 0.0042 0.1793 0.0151 0.0066 0.0218 0.0295 0.0396 0.0099 0.0145 0.0181 0.0047 0.0066 0.4853 0.0103 
 H029.3_2002  2 0.1578 0.0058 0.0240 0.0153 0.1976 0.0198 0.0039 0.1829 0.0199 0.0161 0.0641 0.0504 0.0099 0.0420 0.0583 0.0070 0.0082 0.0389 0.0693 0.0089 
 H029.3_2003  2 0.3658 0.0057 0.0105 0.0062 0.0061 0.0203 0.0047 0.0308 0.0131 0.0096 0.0211 0.0203 0.0090 0.0165 0.0099 0.0319 0.0056 0.0062 0.4028 0.0039 
 H029.4_2002  2 0.7238 0.0052 0.0052 0.0049 0.0208 0.0074 0.0058 0.0057 0.0062 0.0104 0.0113 0.0074 0.0043 0.0217 0.0154 0.0075 0.0088 0.0200 0.1039 0.0044 
 H029.4_2003  2 0.0397 0.0203 0.0062 0.0088 0.0155 0.0129 0.0038 0.0291 0.0071 0.0124 0.0122 0.0087 0.0055 0.0275 0.0068 0.0098 0.0072 0.0077 0.7374 0.0213 
 H029.5_2002  2 0.7471 0.0068 0.0063 0.0044 0.0055 0.0069 0.0066 0.0047 0.0133 0.0060 0.0237 0.0061 0.0086 0.0070 0.0082 0.0083 0.0117 0.0104 0.1010 0.0072 
 H029.5_2003  2 0.1895 0.0080 0.0053 0.0051 0.0076 0.0089 0.0034 0.0238 0.0046 0.0153 0.0181 0.0079 0.0156 0.0126 0.0075 0.0281 0.0066 0.0041 0.6153 0.0126 
 H029.6_2002  2 0.3275 0.0047 0.0064 0.0076 0.0510 0.0076 0.0067 0.0094 0.0055 0.0100 0.0120 0.0115 0.0080 0.0357 0.0260 0.0044 0.0080 0.0218 0.4306 0.0055 
 H029.6_2003  2 0.3441 0.0159 0.0652 0.0073 0.0108 0.0158 0.0092 0.0280 0.0324 0.0168 0.0617 0.0828 0.0191 0.0210 0.0196 0.0312 0.0057 0.0098 0.1942 0.0096 
      H029.7  2 0.6742 0.0073 0.0299 0.0109 0.0364 0.0063 0.0038 0.0160 0.0137 0.0063 0.0156 0.0115 0.0132 0.0097 0.0567 0.0083 0.0059 0.0223 0.0473 0.0045 
      H030.1  2 0.0266 0.0066 0.0161 0.0098 0.0046 0.4364 0.0237 0.0092 0.1462 0.0151 0.0080 0.0489 0.0264 0.0266 0.0127 0.0657 0.0062 0.0133 0.0898 0.0081 
      H030.2  2 0.0871 0.0239 0.0054 0.0044 0.0547 0.3001 0.0383 0.0136 0.0090 0.0185 0.0045 0.0138 0.0098 0.0093 0.0077 0.0269 0.1668 0.1703 0.0276 0.0083 
      H038.1  2 0.8551 0.0074 0.0057 0.0089 0.0219 0.0078 0.0028 0.0047 0.0064 0.0052 0.0086 0.0049 0.0058 0.0099 0.0074 0.0048 0.0072 0.0048 0.0061 0.0145 
      H038.2  2 0.8589 0.0039 0.0086 0.0029 0.0064 0.0083 0.0173 0.0088 0.0131 0.0069 0.0055 0.0048 0.0070 0.0056 0.0046 0.0062 0.0124 0.0070 0.0068 0.0051 
      H038.3  2 0.7579 0.0128 0.0087 0.0053 0.0346 0.0131 0.0113 0.0075 0.0426 0.0088 0.0077 0.0051 0.0093 0.0100 0.0092 0.0104 0.0232 0.0066 0.0048 0.0110 
      H038.4  2 0.8118 0.0051 0.0068 0.0050 0.0249 0.0060 0.0179 0.0058 0.0237 0.0063 0.0086 0.0049 0.0087 0.0090 0.0115 0.0101 0.0158 0.0057 0.0046 0.0078 
      H038.5  2 0.7712 0.0091 0.0165 0.0035 0.0260 0.0109 0.0085 0.0076 0.0086 0.0151 0.0097 0.0064 0.0075 0.0458 0.0128 0.0079 0.0056 0.0117 0.0106 0.0051 
      H038.6  2 0.8506 0.0119 0.0076 0.0052 0.0117 0.0129 0.0028 0.0093 0.0087 0.0116 0.0070 0.0054 0.0056 0.0075 0.0054 0.0062 0.0068 0.0037 0.0127 0.0075 
      H038.7  2 0.8160 0.0122 0.0058 0.0037 0.0120 0.0078 0.0047 0.0149 0.0470 0.0068 0.0065 0.0059 0.0064 0.0077 0.0042 0.0073 0.0157 0.0031 0.0060 0.0060 
      H038.8  2 0.7714 0.0067 0.0073 0.0046 0.0691 0.0121 0.0184 0.0071 0.0192 0.0104 0.0079 0.0049 0.0072 0.0068 0.0087 0.0067 0.0133 0.0081 0.0042 0.0057 
      H041.1  2 0.1231 0.0100 0.0357 0.0223 0.0297 0.0079 0.0256 0.0105 0.0436 0.0086 0.0094 0.0080 0.0193 0.0200 0.0274 0.0824 0.0089 0.0934 0.4048 0.0093 
      H041.2  2 0.0280 0.0083 0.0097 0.0068 0.0142 0.0068 0.0107 0.0045 0.0108 0.0038 0.0237 0.0115 0.0122 0.0053 0.0222 0.0253 0.0198 0.0047 0.7626 0.0094 
      H041.4  2 0.1049 0.0272 0.0092 0.0156 0.0354 0.0074 0.0141 0.0103 0.0157 0.0060 0.0263 0.0085 0.0167 0.0120 0.0378 0.0306 0.0100 0.0134 0.5807 0.0182 
      H041.6  2 0.1967 0.0494 0.0123 0.0246 0.0122 0.0072 0.0167 0.0121 0.0231 0.0055 0.0194 0.0117 0.0205 0.0072 0.0350 0.0244 0.0173 0.0135 0.4536 0.0376 
 H042.1_2002  2 0.0088 0.0726 0.0113 0.0089 0.0119 0.0104 0.0478 0.0103 0.0077 0.0267 0.0072 0.0077 0.0282 0.0052 0.0170 0.0053 0.0184 0.0088 0.6729 0.0129 
 H042.1_2003  2 0.0549 0.1302 0.0079 0.0119 0.0599 0.0305 0.0233 0.0134 0.0474 0.0198 0.0223 0.0388 0.0665 0.0084 0.0291 0.2959 0.0380 0.0121 0.0355 0.0541 
 H042.2_2002  2 0.0796 0.0095 0.0110 0.0090 0.0317 0.0059 0.0076 0.0242 0.0070 0.0145 0.0426 0.0072 0.0164 0.0109 0.0091 0.0080 0.1332 0.0071 0.5601 0.0054 
 H042.2_2003  2 0.1114 0.1468 0.0097 0.0121 0.0051 0.0106 0.0216 0.0103 0.0249 0.0104 0.0476 0.0081 0.0290 0.0048 0.0329 0.0236 0.0266 0.0041 0.4411 0.0192 
 H042.3_2002  2 0.0095 0.0354 0.0203 0.0086 0.0233 0.0132 0.0295 0.0136 0.0142 0.0677 0.0193 0.0063 0.0190 0.0075 0.0222 0.0130 0.1485 0.0060 0.5083 0.0145 
 H042.3_2003  2 0.0398 0.0593 0.0183 0.0158 0.0227 0.0173 0.0323 0.0247 0.0104 0.1297 0.0141 0.0127 0.0112 0.0149 0.0331 0.0398 0.1068 0.0300 0.3482 0.0189 
 H042.4_2002  2 0.0092 0.0130 0.0195 0.0056 0.0101 0.0083 0.0265 0.0076 0.0113 0.0073 0.0218 0.0050 0.0228 0.0074 0.0143 0.0081 0.0067 0.0122 0.7738 0.0095 
 H042.4_2003  2 0.0483 0.0175 0.0144 0.0194 0.0062 0.0072 0.0221 0.0062 0.1077 0.0105 0.0099 0.0059 0.0197 0.0097 0.0224 0.0116 0.0059 0.0272 0.6084 0.0198 
      H042.5  2 0.0055 0.0093 0.0087 0.0123 0.0029 0.0053 0.0077 0.0055 0.0093 0.0112 0.0063 0.0042 0.0062 0.0055 0.0197 0.0073 0.0050 0.0050 0.8563 0.0068 
      H042.6  2 0.0217 0.0270 0.0057 0.0430 0.0111 0.0070 0.0124 0.0066 0.0169 0.0274 0.0062 0.0053 0.0145 0.0097 0.0100 0.0049 0.0117 0.0080 0.7322 0.0187 
      H042.7  2 0.0188 0.0095 0.0109 0.0081 0.0059 0.0063 0.0911 0.0069 0.0424 0.0252 0.0326 0.0078 0.0134 0.0109 0.0722 0.0136 0.1331 0.0078 0.4631 0.0204 
      H042.8  2 0.0091 0.0259 0.0062 0.0133 0.0170 0.0045 0.0117 0.0091 0.0054 0.0105 0.0248 0.0051 0.0080 0.0068 0.0134 0.0286 0.0460 0.0039 0.7417 0.0089 
   H042_2002  2 0.0628 0.1707 0.0082 0.1056 0.0347 0.0117 0.0126 0.0124 0.0392 0.0418 0.0373 0.0089 0.0395 0.0259 0.0177 0.0241 0.2407 0.0061 0.0485 0.0516 
   H042_2003  2 0.0886 0.1764 0.0082 0.0876 0.0261 0.0143 0.0088 0.0133 0.0382 0.0464 0.0323 0.0094 0.0435 0.0229 0.0189 0.0393 0.2220 0.0057 0.0544 0.0438 
      H043.1  2 0.0279 0.3918 0.0591 0.0158 0.1010 0.0124 0.0063 0.0070 0.0345 0.0507 0.0034 0.0100 0.0117 0.1782 0.0121 0.0352 0.0089 0.0121 0.0082 0.0135 
      H043.2  2 0.0628 0.4789 0.0101 0.0483 0.0856 0.0063 0.0041 0.0140 0.0066 0.0220 0.0112 0.0060 0.0097 0.0253 0.0918 0.0143 0.0051 0.0046 0.0063 0.0872 
      H043.3  2 0.3151 0.1521 0.0244 0.0236 0.0233 0.0089 0.0059 0.0067 0.1560 0.0412 0.0058 0.0089 0.0202 0.1024 0.0102 0.0237 0.0275 0.0037 0.0105 0.0298 
      H043.4  2 0.0782 0.3809 0.0577 0.0697 0.0942 0.0093 0.0069 0.0054 0.0458 0.0267 0.0062 0.0086 0.0317 0.0459 0.0135 0.0281 0.0154 0.0084 0.0081 0.0595 
      H043.5  2 0.1456 0.3380 0.0108 0.0071 0.1847 0.0109 0.0043 0.0110 0.0155 0.0259 0.0100 0.0105 0.0191 0.0878 0.0230 0.0178 0.0162 0.0059 0.0117 0.0442 
      H043.6  2 0.2752 0.2600 0.0408 0.0132 0.1840 0.0133 0.0052 0.0066 0.0157 0.0223 0.0091 0.0080 0.0166 0.0453 0.0081 0.0057 0.0140 0.0040 0.0091 0.0440 
      H043.7  2 0.0389 0.2706 0.0142 0.1054 0.0786 0.0175 0.0049 0.0033 0.2058 0.0117 0.0040 0.0086 0.0145 0.0267 0.0105 0.0439 0.0210 0.0039 0.0060 0.1099 
      H043.8  2 0.0443 0.0922 0.0442 0.0293 0.0285 0.0375 0.0090 0.0107 0.0254 0.0376 0.0043 0.0138 0.0136 0.4315 0.0369 0.0368 0.0181 0.0135 0.0054 0.0675 
      H043.9  2 0.0515 0.2233 0.0271 0.0200 0.0500 0.0127 0.0048 0.0062 0.0583 0.0244 0.0037 0.0069 0.0092 0.4174 0.0044 0.0213 0.0174 0.0115 0.0150 0.0148 
      H047.1  2 0.4122 0.1650 0.0110 0.0064 0.0061 0.0060 0.0049 0.0079 0.0089 0.0246 0.0043 0.0051 0.0099 0.0038 0.0092 0.2499 0.0449 0.0040 0.0051 0.0108 
      H047.2  2 0.0849 0.0059 0.0138 0.0067 0.0046 0.0067 0.0132 0.0053 0.0271 0.0046 0.0136 0.0072 0.0301 0.0153 0.0129 0.6919 0.0106 0.0174 0.0124 0.0156 
      H047.3  2 0.0687 0.0085 0.0127 0.0107 0.0044 0.0088 0.0153 0.0056 0.0239 0.0068 0.0234 0.0157 0.0297 0.0128 0.0107 0.6604 0.0294 0.0201 0.0212 0.0114 
      H047.4  2 0.2007 0.0135 0.0104 0.0090 0.0038 0.0093 0.0179 0.0105 0.0794 0.0077 0.0174 0.0118 0.0149 0.0176 0.0195 0.3927 0.0838 0.0078 0.0467 0.0254 
      H047.5  2 0.1279 0.0222 0.0111 0.0419 0.0032 0.0092 0.0131 0.0068 0.0163 0.0079 0.0150 0.0185 0.0243 0.0098 0.0068 0.5942 0.0505 0.0055 0.0083 0.0078 
      H047.6  2 0.0289 0.0073 0.0055 0.0054 0.0047 0.0038 0.0101 0.0039 0.0112 0.0035 0.0167 0.0059 0.0164 0.0090 0.0101 0.7477 0.0491 0.0084 0.0407 0.0116 
      H047.7  2 0.4191 0.1176 0.0092 0.0051 0.0107 0.0051 0.0063 0.0093 0.0089 0.0333 0.0089 0.0052 0.0070 0.0053 0.0132 0.1463 0.1595 0.0099 0.0133 0.0068 
      H047.8  2 0.0727 0.0126 0.0084 0.0110 0.0034 0.0053 0.0091 0.0099 0.0143 0.0100 0.0155 0.0138 0.0118 0.0073 0.0096 0.6592 0.0629 0.0069 0.0391 0.0172 
