      H105.1  1 0.8312 0.0146 0.0093 0.0146 0.0475 0.0118 0.0349 0.0156 0.0103 0.0101 
      H105.2  1 0.6960 0.1090 0.0136 0.0541 0.0288 0.0335 0.0124 0.0180 0.0227 0.0119 
      H105.3  1 0.9220 0.0093 0.0072 0.0066 0.0153 0.0093 0.0066 0.0072 0.0061 0.0104 
      H105.4  1 0.4415 0.0760 0.0109 0.0478 0.0437 0.2985 0.0131 0.0303 0.0193 0.0188 
      H105.5  1 0.0662 0.0537 0.0100 0.0272 0.3892 0.0994 0.0890 0.1645 0.0834 0.0172 
      H105.6  1 0.8871 0.0085 0.0066 0.0073 0.0190 0.0224 0.0065 0.0243 0.0078 0.0105 
      H105.7  1 0.8703 0.0131 0.0055 0.0068 0.0117 0.0250 0.0174 0.0076 0.0107 0.0319 
      H105.8  1 0.8919 0.0147 0.0077 0.0155 0.0089 0.0129 0.0063 0.0091 0.0072 0.0258 
      H115.1  1 0.0121 0.0102 0.0103 0.0089 0.0225 0.0138 0.0094 0.8811 0.0075 0.0243 
      H115.2  1 0.0105 0.0081 0.0115 0.0087 0.0094 0.0073 0.0074 0.9206 0.0080 0.0085 
      H115.3  1 0.0074 0.0072 0.0065 0.0079 0.0115 0.0132 0.0122 0.9206 0.0070 0.0066 
      H115.4  1 0.0231 0.0413 0.0116 0.0455 0.0808 0.0167 0.0480 0.6801 0.0428 0.0100 
      H115.5  1 0.0230 0.0466 0.0745 0.0136 0.0315 0.0356 0.0263 0.6849 0.0288 0.0352 
      H115.6  1 0.0103 0.0238 0.0114 0.0086 0.0227 0.0140 0.0227 0.8572 0.0189 0.0105 
      H115.7  1 0.0116 0.0456 0.0061 0.0154 0.0253 0.0154 0.0196 0.8255 0.0294 0.0061 
      H115.8  1 0.0135 0.0133 0.0488 0.0101 0.0114 0.0125 0.0118 0.8493 0.0080 0.0213 
      H115.9  1 0.0069 0.0065 0.0070 0.0072 0.0127 0.0177 0.0086 0.9011 0.0053 0.0270 
      H145.1  1 0.0061 0.0059 0.0758 0.0129 0.0826 0.0953 0.0184 0.0145 0.6741 0.0143 
      H145.2  1 0.0113 0.0082 0.0815 0.0167 0.0789 0.2890 0.0100 0.0132 0.4807 0.0104 
      H145.3  1 0.0049 0.0358 0.0949 0.0121 0.0188 0.0716 0.0240 0.0258 0.5962 0.1160 
      H145.4  1 0.0050 0.0074 0.0229 0.0106 0.0198 0.0304 0.0106 0.0079 0.8782 0.0072 
      H145.5  1 0.0057 0.0093 0.3192 0.0115 0.0522 0.0341 0.0102 0.0094 0.5359 0.0126 
      H145.6  1 0.0070 0.0311 0.0421 0.0163 0.0176 0.1406 0.0097 0.0070 0.7176 0.0109 
      H145.7  1 0.0045 0.0238 0.0084 0.0115 0.0134 0.0499 0.0160 0.0100 0.8472 0.0153 
      H149.1  1 0.0069 0.0061 0.0087 0.0063 0.9370 0.0061 0.0088 0.0067 0.0067 0.0066 
      H149.2  1 0.0056 0.0082 0.0055 0.0053 0.9268 0.0065 0.0159 0.0076 0.0135 0.0052 
      H149.3  1 0.0102 0.0206 0.0089 0.0148 0.7967 0.0160 0.0414 0.0114 0.0694 0.0106 
      H149.4  1 0.0194 0.0155 0.0159 0.0403 0.8478 0.0195 0.0156 0.0067 0.0106 0.0088 
      H149.5  1 0.0173 0.0459 0.0069 0.0433 0.6375 0.0179 0.1544 0.0060 0.0599 0.0109 
      H149.6  1 0.0121 0.0162 0.0093 0.0122 0.8820 0.0067 0.0234 0.0047 0.0281 0.0054 
      H149.7  1 0.0373 0.0543 0.0152 0.1960 0.4492 0.0184 0.0718 0.0078 0.1257 0.0244 
      H150.1  1 0.0062 0.0051 0.0105 0.0052 0.0050 0.0066 0.0060 0.9397 0.0076 0.0080 
      H150.2  1 0.0111 0.0082 0.0145 0.0073 0.0116 0.0058 0.0108 0.9177 0.0073 0.0058 
      H150.3  1 0.0166 0.0127 0.0118 0.0114 0.0083 0.0109 0.0091 0.8775 0.0264 0.0153 
      H150.4  1 0.0060 0.0077 0.0139 0.0055 0.0053 0.0082 0.0074 0.9254 0.0100 0.0106 
      H150.5  1 0.0113 0.0140 0.0065 0.0109 0.0069 0.0079 0.0151 0.9081 0.0127 0.0065 
      H150.6  1 0.0272 0.0348 0.0150 0.0360 0.0101 0.0075 0.0240 0.8173 0.0224 0.0057 
      H150.7  1 0.0057 0.0048 0.0084 0.0046 0.0051 0.0092 0.0053 0.9409 0.0072 0.0088 
   H169607.1  1 0.0186 0.0708 0.0373 0.3575 0.0499 0.0588 0.0374 0.2557 0.0747 0.0393 
   H169607.2  1 0.0203 0.0135 0.0056 0.2427 0.0299 0.4109 0.0197 0.1600 0.0494 0.0479 
   H169607.3  1 0.0127 0.1401 0.0175 0.1151 0.0246 0.2347 0.2014 0.0863 0.0897 0.0780 
   H169607.4  1 0.0117 0.0157 0.0082 0.1178 0.0397 0.6703 0.0115 0.0698 0.0458 0.0096 
   H169607.5  1 0.0071 0.0133 0.0100 0.0777 0.0595 0.2505 0.1587 0.2820 0.0522 0.0889 
   H169607.6  1 0.0168 0.0219 0.0057 0.2132 0.0307 0.4882 0.0332 0.0937 0.0453 0.0512 
   H169607.7  1 0.0366 0.0212 0.0100 0.6108 0.0147 0.0622 0.0154 0.1229 0.0265 0.0797 
   H169607.8  1 0.0076 0.0158 0.0046 0.0730 0.0191 0.8006 0.0174 0.0216 0.0133 0.0269 
   H169633.1  1 0.0425 0.0532 0.0654 0.0190 0.5806 0.0202 0.0245 0.0541 0.1260 0.0144 
   H169633.2  1 0.0581 0.0728 0.0214 0.0267 0.6975 0.0074 0.0092 0.0124 0.0552 0.0392 
   H169633.3  1 0.0340 0.0146 0.0102 0.0171 0.7810 0.0076 0.0148 0.0113 0.0765 0.0328 
   H169633.4  1 0.0144 0.0140 0.0698 0.0103 0.7750 0.0231 0.0264 0.0217 0.0355 0.0098 
   H169633.5  1 0.0161 0.0113 0.0634 0.0115 0.7983 0.0263 0.0168 0.0170 0.0266 0.0127 
   H169688.1  1 0.0078 0.6842 0.0046 0.1457 0.0259 0.0150 0.0099 0.0226 0.0700 0.0144 
   H169688.2  1 0.0186 0.4864 0.0202 0.3518 0.0125 0.0096 0.0109 0.0486 0.0148 0.0266 
   H169688.3  1 0.0131 0.1349 0.0063 0.6535 0.0161 0.0079 0.0138 0.0965 0.0491 0.0087 
   H169688.4  1 0.0101 0.0223 0.0158 0.0309 0.0073 0.0081 0.0130 0.8725 0.0093 0.0108 
   H169688.5  1 0.0080 0.0253 0.0164 0.0483 0.0071 0.0112 0.0147 0.8502 0.0082 0.0105 
   H169688.6  1 0.0182 0.2165 0.0561 0.6088 0.0111 0.0185 0.0083 0.0298 0.0198 0.0131 
   H169688.7  1 0.0110 0.0606 0.0137 0.6648 0.0135 0.0108 0.0173 0.1055 0.0877 0.0151 
   H171901.1  1 0.0258 0.3379 0.0693 0.0402 0.0224 0.0938 0.0169 0.1186 0.2580 0.0170 
   H171901.2  1 0.0204 0.0100 0.0147 0.0144 0.7691 0.0176 0.0133 0.0783 0.0509 0.0113 
   H171901.3  1 0.0134 0.0747 0.0111 0.0713 0.6728 0.0260 0.0158 0.0801 0.0198 0.0151 
   H171901.4  1 0.0330 0.0190 0.0075 0.0239 0.8430 0.0087 0.0109 0.0298 0.0145 0.0096 
   H171901.5  1 0.0141 0.0125 0.0075 0.0401 0.8506 0.0093 0.0130 0.0296 0.0144 0.0089 
   H171901.6  1 0.0362 0.0123 0.0093 0.0717 0.7100 0.0226 0.0144 0.0558 0.0553 0.0126 
   H171901.7  1 0.0156 0.0196 0.0092 0.2946 0.4341 0.0150 0.0282 0.0480 0.1024 0.0333 
   H171902.1  1 0.0127 0.0248 0.2011 0.2895 0.0777 0.0385 0.0089 0.3005 0.0212 0.0252 
  H171902.10  1 0.0076 0.0123 0.0221 0.6951 0.1341 0.0202 0.0079 0.0706 0.0224 0.0078 
   H171902.2  1 0.0539 0.2417 0.0801 0.2346 0.0438 0.0260 0.0152 0.1796 0.0129 0.1121 
   H171902.3  1 0.0084 0.0147 0.0124 0.6812 0.1396 0.0226 0.0111 0.0773 0.0196 0.0131 
   H171902.4  1 0.0169 0.0191 0.0981 0.0862 0.3349 0.1262 0.0154 0.2459 0.0320 0.0253 
   H171902.6  1 0.0073 0.0117 0.0282 0.6013 0.1530 0.0525 0.0102 0.0755 0.0522 0.0081 
   H171902.7  1 0.0115 0.0123 0.1430 0.3146 0.2352 0.0617 0.0199 0.1412 0.0502 0.0103 
   H171902.8  1 0.0079 0.0133 0.0449 0.6126 0.1505 0.0363 0.0135 0.0674 0.0427 0.0109 
   H171902.9  1 0.0125 0.0134 0.0793 0.0902 0.0296 0.1006 0.0102 0.6367 0.0139 0.0136 
   H171903.1  1 0.0410 0.0143 0.0059 0.0197 0.0287 0.3148 0.0438 0.4726 0.0287 0.0304 
   H171903.2  1 0.0379 0.0149 0.0125 0.0340 0.0647 0.3962 0.1539 0.2069 0.0146 0.0644 
   H171903.3  1 0.0242 0.0221 0.0210 0.0379 0.2279 0.0676 0.3509 0.1528 0.0352 0.0604 
   H171903.4  1 0.0161 0.1691 0.0150 0.0587 0.0188 0.1678 0.0567 0.2841 0.2005 0.0132 
   H171903.5  1 0.0225 0.0249 0.0118 0.0745 0.1615 0.0214 0.2611 0.3592 0.0165 0.0467 
   H171903.6  1 0.0062 0.0168 0.0053 0.1327 0.0593 0.0601 0.2557 0.4374 0.0120 0.0146 
      H177.1  1 0.0074 0.1211 0.0140 0.0658 0.6191 0.0387 0.0351 0.0308 0.0580 0.0099 
      H177.2  1 0.0104 0.0208 0.0227 0.2134 0.3094 0.0813 0.1650 0.0326 0.0441 0.1004 
      H177.3  1 0.0050 0.0112 0.0223 0.1987 0.5321 0.0654 0.0470 0.0305 0.0723 0.0155 
      H177.4  1 0.0207 0.0935 0.0115 0.0965 0.5849 0.0323 0.0831 0.0074 0.0581 0.0120 
      H177.5  1 0.0228 0.3502 0.0112 0.0365 0.0486 0.0445 0.3856 0.0379 0.0318 0.0309 
      H177.6  1 0.0062 0.0070 0.0230 0.0983 0.7042 0.0440 0.0388 0.0232 0.0402 0.0151 
      H179.1  1 0.1999 0.1011 0.0070 0.5000 0.0752 0.0286 0.0246 0.0261 0.0093 0.0283 
      H179.2  1 0.0826 0.0260 0.0075 0.6593 0.0479 0.0118 0.0853 0.0332 0.0142 0.0322 
      H179.3  1 0.0843 0.1803 0.0105 0.4422 0.0149 0.0599 0.0514 0.0454 0.0116 0.0996 
      H179.4  1 0.0249 0.0400 0.0088 0.4674 0.3265 0.0222 0.0184 0.0083 0.0288 0.0547 
      H180.1  1 0.0264 0.0304 0.0187 0.0134 0.0133 0.0076 0.0170 0.8606 0.0051 0.0074 
      H180.2  1 0.0208 0.0375 0.0138 0.0097 0.0125 0.0084 0.0072 0.8792 0.0058 0.0052 
      H180.3  1 0.0071 0.0050 0.0177 0.0080 0.0149 0.0093 0.0147 0.8957 0.0110 0.0165 
      H180.4  1 0.0961 0.0475 0.0318 0.0236 0.0236 0.0081 0.0412 0.6943 0.0125 0.0214 
      H180.5  1 0.0241 0.0428 0.0307 0.0224 0.0128 0.0085 0.0470 0.7690 0.0201 0.0226 
      H180.6  1 0.0207 0.0146 0.0552 0.0184 0.0202 0.0159 0.0180 0.4485 0.0370 0.3516 
      H181.1  1 0.0116 0.1633 0.0396 0.0640 0.3282 0.0419 0.2856 0.0345 0.0193 0.0121 
      H181.2  1 0.0302 0.2609 0.0433 0.1037 0.3972 0.0206 0.0525 0.0215 0.0524 0.0177 
      H181.3  1 0.0102 0.5889 0.0327 0.1388 0.1182 0.0337 0.0271 0.0097 0.0267 0.0139 
      H181.4  1 0.0123 0.0834 0.0066 0.0626 0.2495 0.0329 0.4161 0.0663 0.0472 0.0232 
      H181.5  1 0.0144 0.7531 0.0163 0.0702 0.0499 0.0143 0.0275 0.0099 0.0198 0.0248 
      H181.6  1 0.1767 0.1238 0.0130 0.1447 0.3368 0.0251 0.0406 0.0874 0.0279 0.0241 
      H181.7  1 0.0180 0.0981 0.0157 0.6403 0.0946 0.0266 0.0293 0.0210 0.0141 0.0423 
 H194.1_2004  1 0.0098 0.0093 0.0097 0.0109 0.0181 0.0296 0.0170 0.0594 0.8079 0.0282 
 H194.2_2004  1 0.0050 0.0684 0.0137 0.0064 0.0196 0.0343 0.0176 0.0181 0.8085 0.0083 
 H194.3_2004  1 0.0103 0.0091 0.0111 0.0140 0.1414 0.0144 0.0083 0.0097 0.7694 0.0124 
 H194.4_2004  1 0.0073 0.0737 0.0273 0.0088 0.0939 0.0268 0.0094 0.0103 0.7306 0.0119 
 H194.5_2004  1 0.0200 0.0159 0.0071 0.0219 0.1476 0.0156 0.0098 0.0164 0.7177 0.0280 
 H194.6_2004  1 0.0118 0.0998 0.0114 0.0229 0.5229 0.0255 0.0223 0.0173 0.2428 0.0233 
 H194.7_2004  1 0.0115 0.0214 0.0069 0.0104 0.0106 0.0480 0.0202 0.0130 0.7686 0.0894 
 H194.8_2004  1 0.0097 0.1704 0.0141 0.0151 0.1316 0.0277 0.0161 0.0138 0.5744 0.0271 
      H194.9  1 0.0093 0.0196 0.0116 0.0078 0.0133 0.0201 0.0142 0.0199 0.8205 0.0637 
 H195.1_2003  1 0.3079 0.0335 0.0052 0.0288 0.0629 0.0260 0.0085 0.0205 0.4945 0.0123 
 H195.1_2004  1 0.0076 0.0163 0.0260 0.0271 0.0168 0.0156 0.0131 0.0072 0.8626 0.0077 
 H195.2_2003  1 0.0910 0.0386 0.0115 0.0678 0.0481 0.1068 0.0125 0.1601 0.4014 0.0621 
 H195.2_2004  1 0.0131 0.0131 0.0267 0.0091 0.0131 0.0105 0.0094 0.0133 0.8734 0.0184 
 H195.3_2003  1 0.3356 0.0430 0.0123 0.0635 0.0202 0.1284 0.0134 0.1576 0.1999 0.0261 
 H195.3_2004  1 0.0282 0.0136 0.0181 0.0118 0.0642 0.0449 0.0102 0.0065 0.7971 0.0054 
 H195.4_2003  1 0.0456 0.0072 0.0043 0.0102 0.0292 0.0214 0.0067 0.0093 0.8603 0.0058 
 H195.4_2004  1 0.0080 0.0696 0.0085 0.0102 0.0099 0.0205 0.0157 0.0060 0.8264 0.0251 
 H195.5_2003  1 0.3163 0.0459 0.0062 0.0412 0.0413 0.0333 0.0087 0.0166 0.4778 0.0126 
 H195.5_2004  1 0.0199 0.0242 0.0190 0.0156 0.0186 0.0332 0.0109 0.0048 0.8459 0.0078 
 H195.6_2003  1 0.2999 0.0302 0.0128 0.0274 0.0207 0.1383 0.0190 0.0850 0.3555 0.0112 
 H195.6_2004  1 0.0150 0.0060 0.0140 0.0150 0.0207 0.0203 0.0048 0.0044 0.8924 0.0075 
 H195.7_2003  1 0.0304 0.0342 0.0043 0.0548 0.0174 0.0155 0.0106 0.0077 0.7973 0.0278 
 H195.7_2004  1 0.0116 0.0180 0.1820 0.0361 0.0126 0.0108 0.0234 0.0118 0.6868 0.0069 
      H195.8  1 0.0083 0.0404 0.0108 0.0135 0.0064 0.0330 0.0152 0.0086 0.8470 0.0169 
      H195.9  1 0.0119 0.0235 0.0093 0.0216 0.0382 0.0619 0.0170 0.0099 0.7829 0.0238 
      H415.1  1 0.0831 0.0180 0.1008 0.0150 0.3293 0.0097 0.0134 0.2911 0.0889 0.0506 
      H415.2  1 0.0112 0.0076 0.0292 0.0417 0.6059 0.0225 0.0363 0.2110 0.0226 0.0119 
      H415.3  1 0.0751 0.0077 0.0096 0.0248 0.7891 0.0059 0.0165 0.0214 0.0366 0.0132 
      H415.4  1 0.0593 0.0155 0.0209 0.0101 0.4638 0.0058 0.0194 0.2388 0.1374 0.0290 
      H415.5  1 0.0231 0.0076 0.0099 0.0122 0.8695 0.0040 0.0137 0.0190 0.0303 0.0107 
      H415.6  1 0.0566 0.0101 0.0254 0.0087 0.5179 0.0066 0.0223 0.2103 0.1022 0.0398 
      H415.7  1 0.0193 0.0062 0.0222 0.0941 0.7280 0.0152 0.0408 0.0223 0.0392 0.0126 
      H506.1  1 0.0982 0.0306 0.0324 0.0640 0.7118 0.0083 0.0163 0.0070 0.0067 0.0247 
      H506.2  1 0.0179 0.0117 0.0114 0.0615 0.8380 0.0159 0.0150 0.0055 0.0076 0.0156 
      H506.3  1 0.1102 0.1060 0.2366 0.1274 0.3120 0.0148 0.0412 0.0124 0.0096 0.0298 
      H506.4  1 0.1179 0.0594 0.0876 0.1661 0.4309 0.0238 0.0470 0.0166 0.0084 0.0423 
      H506.5  1 0.0662 0.0263 0.0311 0.0280 0.7797 0.0227 0.0135 0.0071 0.0068 0.0187 
      H506.6  1 0.0374 0.0324 0.1427 0.2261 0.0971 0.2687 0.1478 0.0121 0.0101 0.0257 
      H506.7  1 0.0568 0.0356 0.0237 0.0266 0.7937 0.0115 0.0093 0.0065 0.0095 0.0268 
      H533.1  1 0.0170 0.0164 0.0236 0.6577 0.2342 0.0123 0.0133 0.0084 0.0064 0.0106 
      H533.2  1 0.0169 0.0161 0.0384 0.4112 0.4780 0.0090 0.0081 0.0066 0.0068 0.0088 
      H533.3  1 0.0160 0.0224 0.0127 0.6566 0.2002 0.0233 0.0309 0.0133 0.0060 0.0187 
      H533.4  1 0.0144 0.0282 0.0246 0.5790 0.2507 0.0518 0.0182 0.0107 0.0129 0.0094 
      H535.1  1 0.0069 0.0162 0.0067 0.0277 0.8354 0.0229 0.0203 0.0239 0.0244 0.0157 
      H535.2  1 0.0194 0.0928 0.0039 0.0478 0.6277 0.0179 0.0275 0.0060 0.0381 0.1189 
      H535.3  1 0.0499 0.1293 0.0079 0.0438 0.5102 0.0654 0.0342 0.0125 0.0292 0.1177 
      H535.4  1 0.0143 0.0138 0.0041 0.0092 0.9127 0.0061 0.0072 0.0069 0.0172 0.0085 
      H535.5  1 0.0117 0.0162 0.0039 0.0200 0.8912 0.0095 0.0113 0.0086 0.0191 0.0086 
      H535.6  1 0.0068 0.1225 0.0074 0.0814 0.4172 0.0399 0.0561 0.0318 0.1799 0.0570 
      H535.7  1 0.0215 0.0212 0.0081 0.0232 0.8623 0.0195 0.0101 0.0096 0.0076 0.0168 
      H535.8  1 0.0248 0.1205 0.0092 0.0391 0.7026 0.0210 0.0099 0.0095 0.0263 0.0372 
      H535.9  1 0.0282 0.0139 0.0117 0.0165 0.8119 0.0425 0.0133 0.0266 0.0181 0.0174 
      H539.1  1 0.0037 0.0040 0.0106 0.0036 0.0044 0.0208 0.0047 0.9360 0.0049 0.0073 
      H539.2  1 0.0141 0.0359 0.0143 0.0726 0.0208 0.0125 0.0181 0.7765 0.0099 0.0255 
      H539.3  1 0.0075 0.0152 0.0166 0.0080 0.0079 0.0291 0.0071 0.8694 0.0160 0.0231 
      H539.4  1 0.0097 0.0066 0.0253 0.0126 0.0083 0.0089 0.0092 0.9070 0.0039 0.0085 
      H539.5  1 0.0043 0.0042 0.0099 0.0055 0.0055 0.0095 0.0050 0.9419 0.0051 0.0090 
      H539.6  1 0.0043 0.0047 0.0066 0.0055 0.0052 0.0078 0.0056 0.9411 0.0064 0.0128 
      H539.7  1 0.0064 0.0054 0.0063 0.0058 0.0046 0.0085 0.0067 0.9444 0.0061 0.0058 
      H539.8  1 0.0158 0.0251 0.0359 0.0076 0.0097 0.0139 0.0113 0.8549 0.0129 0.0129 
      H539.9  1 0.0061 0.0057 0.0198 0.0067 0.0045 0.0099 0.0059 0.9273 0.0040 0.0102 
      H540.1  1 0.0056 0.0065 0.0126 0.0162 0.0139 0.0159 0.0205 0.8908 0.0092 0.0089 
      H540.2  1 0.0055 0.0043 0.0051 0.0060 0.0056 0.0116 0.0073 0.9409 0.0078 0.0059 
      H540.3  1 0.0100 0.0407 0.3640 0.0313 0.0391 0.0450 0.0780 0.3190 0.0664 0.0066 
      H540.4  1 0.0045 0.0071 0.0052 0.0076 0.0085 0.0060 0.0105 0.9373 0.0081 0.0050 
      H540.5  1 0.0076 0.0101 0.0313 0.0105 0.0149 0.0139 0.0179 0.8764 0.0074 0.0102 
      H540.6  1 0.0056 0.0201 0.0181 0.0196 0.0260 0.0266 0.0357 0.8174 0.0119 0.0189 
      H540.7  1 0.0063 0.0059 0.0051 0.0084 0.0081 0.0090 0.0117 0.9272 0.0076 0.0105 
      H540.8  1 0.0057 0.0043 0.0087 0.0132 0.0155 0.0092 0.0184 0.9064 0.0125 0.0061 
     H9558.1  1 0.0081 0.0065 0.0096 0.0099 0.0059 0.0237 0.0059 0.9179 0.0069 0.0055 
     H9558.2  1 0.0192 0.0113 0.0216 0.0119 0.0096 0.0524 0.0092 0.8381 0.0071 0.0197 
     H9558.3  1 0.0127 0.0086 0.0141 0.0056 0.0084 0.0152 0.0069 0.9077 0.0072 0.0135 
     H9558.4  1 0.0076 0.0061 0.0121 0.0106 0.0067 0.0178 0.0065 0.9206 0.0048 0.0070 
     H9558.5  1 0.0127 0.0082 0.0298 0.0101 0.0097 0.0083 0.0089 0.9028 0.0048 0.0048 
     H9558.6  1 0.0080 0.0067 0.0153 0.0075 0.0072 0.0358 0.0405 0.7753 0.0127 0.0909 
    kos339.1  1 0.0069 0.0083 0.0058 0.0157 0.9104 0.0085 0.0117 0.0067 0.0058 0.0202 
    kos339.2  1 0.0114 0.0080 0.0101 0.0075 0.8979 0.0054 0.0114 0.0086 0.0116 0.0282 
    kos339.3  1 0.0066 0.0045 0.0055 0.0087 0.9345 0.0056 0.0096 0.0090 0.0069 0.0091 
    kos339.4  1 0.0095 0.0091 0.0071 0.0094 0.9160 0.0047 0.0099 0.0102 0.0128 0.0114 
    kos339.5  1 0.0079 0.0068 0.0041 0.0104 0.9231 0.0081 0.0095 0.0093 0.0069 0.0139 
    kos339.6  1 0.0064 0.0067 0.0126 0.0072 0.9154 0.0079 0.0118 0.0058 0.0191 0.0072 
    kos339.7  1 0.0048 0.0055 0.0054 0.0071 0.9431 0.0044 0.0073 0.0068 0.0071 0.0086 
    kos339.8  1 0.0087 0.0077 0.0081 0.0084 0.9331 0.0045 0.0086 0.0059 0.0073 0.0075 
    kos339.9  1 0.0102 0.0052 0.0070 0.0113 0.9033 0.0074 0.0095 0.0260 0.0099 0.0101 
      H008.1  2 0.0256 0.0118 0.0081 0.0165 0.0081 0.0096 0.0093 0.0575 0.0105 0.8430 
      H008.2  2 0.2086 0.0528 0.1465 0.1210 0.0491 0.0960 0.0276 0.1641 0.0143 0.1199 
      H008.3  2 0.1162 0.1538 0.0769 0.1687 0.0241 0.0960 0.0322 0.1862 0.0280 0.1178 
      H008.4  2 0.0228 0.0179 0.0602 0.0079 0.0160 0.0170 0.0104 0.0496 0.0221 0.7760 
      H008.5  2 0.0181 0.0236 0.0151 0.0130 0.0123 0.0175 0.0120 0.0273 0.0128 0.8484 
      H008.6  2 0.1250 0.0139 0.1531 0.0414 0.0293 0.0868 0.0199 0.0622 0.0166 0.4518 
      H008.7  2 0.0632 0.0872 0.0993 0.0367 0.0341 0.0376 0.0120 0.0801 0.0298 0.5200 
      H008.8  2 0.0147 0.0163 0.0140 0.0702 0.0253 0.0453 0.0104 0.6019 0.0106 0.1913 
      H008.9  2 0.0748 0.0305 0.3831 0.0294 0.0312 0.2158 0.0149 0.1253 0.0337 0.0613 
 H029.1_2002  2 0.0096 0.0236 0.0202 0.0079 0.0112 0.0177 0.0091 0.0258 0.0117 0.8632 
 H029.1_2003  2 0.0124 0.0432 0.0241 0.0442 0.0360 0.0270 0.0200 0.0176 0.0164 0.7593 
 H029.2_2002  2 0.0096 0.0271 0.0216 0.0131 0.0572 0.0096 0.0087 0.0080 0.0140 0.8312 
 H029.2_2003  2 0.0070 0.0346 0.0296 0.0480 0.0680 0.0154 0.0606 0.0140 0.0136 0.7092 
 H029.3_2002  2 0.0077 0.0899 0.1026 0.0352 0.0727 0.0136 0.0236 0.0071 0.0171 0.6305 
 H029.3_2003  2 0.0131 0.0155 0.0075 0.0127 0.0120 0.0068 0.0149 0.0079 0.0078 0.9017 
 H029.4_2002  2 0.0077 0.0132 0.0154 0.0070 0.0067 0.0047 0.0081 0.0048 0.0086 0.9239 
 H029.4_2003  2 0.0179 0.0553 0.0195 0.0442 0.0118 0.0123 0.0149 0.0392 0.0091 0.7758 
 H029.5_2002  2 0.0132 0.0203 0.0063 0.0055 0.0084 0.0063 0.0067 0.0076 0.0130 0.9126 
 H029.5_2003  2 0.0116 0.0102 0.0117 0.0161 0.0081 0.0086 0.0081 0.0075 0.0077 0.9104 
 H029.6_2002  2 0.0060 0.0875 0.0312 0.0107 0.0058 0.0059 0.0087 0.0057 0.0115 0.8270 
 H029.6_2003  2 0.0180 0.0211 0.0091 0.0448 0.0628 0.0143 0.0301 0.0164 0.0318 0.7516 
      H029.7  2 0.0089 0.0222 0.0191 0.0080 0.0226 0.0093 0.0065 0.0068 0.0115 0.8853 
      H030.1  2 0.0376 0.0540 0.0058 0.0152 0.0169 0.0121 0.8095 0.0084 0.0159 0.0245 
      H030.2  2 0.1352 0.2198 0.1114 0.0150 0.0211 0.0091 0.2136 0.0581 0.0388 0.1779 
      H038.1  2 0.0042 0.0065 0.0292 0.0067 0.0071 0.0131 0.0074 0.0089 0.0069 0.9100 
      H038.2  2 0.0086 0.0066 0.0062 0.0064 0.0148 0.0042 0.0114 0.0057 0.0078 0.9282 
      H038.3  2 0.0152 0.0068 0.0359 0.0118 0.0153 0.0087 0.0486 0.0106 0.0116 0.8354 
      H038.4  2 0.0110 0.0068 0.0286 0.0075 0.0129 0.0063 0.0187 0.0101 0.0206 0.8776 
      H038.5  2 0.0106 0.0163 0.0313 0.0232 0.0101 0.0054 0.0217 0.0127 0.0135 0.8551 
      H038.6  2 0.0050 0.0066 0.0106 0.0085 0.0085 0.0058 0.0133 0.0129 0.0038 0.9251 
      H038.7  2 0.0098 0.0040 0.0102 0.0093 0.0134 0.0050 0.0166 0.0096 0.0056 0.9165 
      H038.8  2 0.0081 0.0095 0.1198 0.0077 0.0146 0.0058 0.0643 0.0068 0.0143 0.7493 
      H041.1  2 0.2838 0.1417 0.0248 0.0129 0.0140 0.0233 0.0211 0.0108 0.0403 0.4271 
      H041.2  2 0.4789 0.0287 0.0147 0.0082 0.0207 0.0160 0.0182 0.0092 0.0444 0.3608 
      H041.4  2 0.0312 0.0385 0.0298 0.0110 0.0153 0.0273 0.0145 0.0193 0.0319 0.7811 
      H041.6  2 0.0321 0.0639 0.0137 0.0103 0.0173 0.0458 0.0153 0.0525 0.0351 0.7141 
 H042.1_2002  2 0.0122 0.4668 0.0090 0.0237 0.0227 0.0211 0.0184 0.2045 0.2110 0.0108 
 H042.1_2003  2 0.3511 0.0296 0.1275 0.0449 0.0408 0.0467 0.0467 0.1677 0.0610 0.0840 
 H042.2_2002  2 0.0259 0.1400 0.0361 0.0857 0.0276 0.0142 0.0207 0.0367 0.0998 0.5134 
 H042.2_2003  2 0.1123 0.0325 0.0075 0.0143 0.0636 0.0280 0.0210 0.1786 0.2168 0.3253 
 H042.3_2002  2 0.0233 0.1862 0.0196 0.0666 0.0227 0.0185 0.0418 0.0990 0.5055 0.0168 
 H042.3_2003  2 0.0847 0.1150 0.0429 0.0881 0.0171 0.0345 0.0207 0.2545 0.1854 0.1571 
 H042.4_2002  2 0.0193 0.5822 0.0223 0.0278 0.0342 0.0230 0.0519 0.0520 0.1298 0.0576 
 H042.4_2003  2 0.0244 0.5454 0.0080 0.0105 0.0221 0.0469 0.0496 0.0599 0.0858 0.1474 
      H042.5  2 0.0196 0.8535 0.0040 0.0091 0.0085 0.0164 0.0085 0.0268 0.0381 0.0154 
      H042.6  2 0.0080 0.7008 0.0108 0.0191 0.0114 0.0493 0.0324 0.1008 0.0362 0.0313 
      H042.7  2 0.0202 0.2309 0.0056 0.0101 0.0204 0.0180 0.0210 0.0168 0.6067 0.0503 
      H042.8  2 0.1140 0.5458 0.0299 0.0192 0.0193 0.0279 0.0098 0.0368 0.1524 0.0448 
   H042_2002  2 0.0831 0.0180 0.0291 0.0204 0.0199 0.1186 0.0146 0.5366 0.0499 0.1099 
   H042_2003  2 0.0782 0.0165 0.0288 0.0194 0.0150 0.1290 0.0130 0.5924 0.0275 0.0801 
      H043.1  2 0.0337 0.0087 0.0848 0.0146 0.0183 0.0112 0.0140 0.7941 0.0064 0.0142 
      H043.2  2 0.0215 0.0098 0.1673 0.0349 0.0192 0.1884 0.0106 0.4460 0.0114 0.0909 
      H043.3  2 0.0328 0.0072 0.0344 0.0197 0.0495 0.0594 0.0241 0.1578 0.0075 0.6076 
      H043.4  2 0.0363 0.0073 0.0720 0.0095 0.0317 0.1129 0.0150 0.6647 0.0062 0.0444 
      H043.5  2 0.0439 0.0085 0.3999 0.0378 0.0210 0.0302 0.0295 0.1482 0.0089 0.2721 
      H043.6  2 0.0081 0.0098 0.2414 0.0236 0.0308 0.0556 0.0251 0.1694 0.0132 0.4230 
      H043.7  2 0.0536 0.0060 0.1382 0.0091 0.0155 0.4982 0.0297 0.2025 0.0076 0.0396 
      H043.8  2 0.0524 0.0154 0.0450 0.2721 0.0755 0.1415 0.1300 0.1853 0.0139 0.0689 
      H043.9  2 0.0349 0.0183 0.0375 0.0272 0.0251 0.0469 0.0249 0.6634 0.0072 0.1147 
      H047.1  2 0.4150 0.0067 0.0074 0.0083 0.0101 0.0088 0.0070 0.1830 0.0086 0.3450 
      H047.2  2 0.8195 0.0145 0.0054 0.0117 0.0185 0.0123 0.0119 0.0062 0.0151 0.0848 
      H047.3  2 0.8889 0.0109 0.0039 0.0080 0.0108 0.0199 0.0069 0.0050 0.0116 0.0341 
      H047.4  2 0.6416 0.0117 0.0047 0.0108 0.0283 0.0195 0.0180 0.0104 0.0199 0.2351 
      H047.5  2 0.8601 0.0059 0.0038 0.0078 0.0105 0.0213 0.0088 0.0129 0.0141 0.0548 
      H047.6  2 0.9303 0.0098 0.0044 0.0063 0.0070 0.0083 0.0068 0.0058 0.0083 0.0131 
      H047.7  2 0.5421 0.0116 0.0096 0.0073 0.0159 0.0078 0.0064 0.0958 0.0146 0.2890 
      H047.8  2 0.9063 0.0077 0.0043 0.0083 0.0128 0.0130 0.0071 0.0108 0.0086 0.0210 
      H047.9  2 0.6044 0.0084 0.0048 0.0078 0.0341 0.0149 0.0110 0.0524 0.0445 0.2177 
 H071.1_2002  2 0.0061 0.0051 0.0069 0.0066 0.0138 0.0092 0.0100 0.0220 0.0060 0.9143 
 H071.1_2003  2 0.0144 0.0073 0.0112 0.0088 0.0225 0.0734 0.0793 0.0494 0.0125 0.7212 
     H071.10  2 0.0060 0.0092 0.0089 0.0098 0.0059 0.0065 0.0155 0.0062 0.0062 0.9258 
 H071.2_2002  2 0.0077 0.0059 0.0068 0.0152 0.0086 0.0141 0.0094 0.0151 0.0092 0.9079 
 H071.2_2003  2 0.0047 0.0057 0.0034 0.0044 0.0073 0.0069 0.0057 0.0090 0.0045 0.9484 
      H071.3  2 0.0291 0.0076 0.0091 0.0082 0.0062 0.0069 0.0217 0.0071 0.0061 0.8981 
 H071.4_2002  2 0.0063 0.0105 0.0206 0.0191 0.0119 0.0090 0.0217 0.0091 0.0125 0.8792 
 H071.4_2003  2 0.0092 0.0045 0.0033 0.0090 0.0066 0.0060 0.0085 0.0063 0.0060 0.9406 
 H071.5_2002  2 0.0041 0.0059 0.0049 0.0052 0.0063 0.0051 0.0083 0.0069 0.0046 0.9487 
 H071.5_2003  2 0.0122 0.0037 0.0036 0.0170 0.0075 0.0107 0.0277 0.0106 0.0087 0.8983 
 H071.6_2002  2 0.0062 0.0066 0.0060 0.0168 0.0061 0.0091 0.0113 0.0079 0.0075 0.9225 
 H071.6_2003  2 0.0083 0.0057 0.0040 0.0072 0.0055 0.0078 0.0160 0.0078 0.0056 0.9322 
 H071.7_2002  2 0.0082 0.0044 0.0039 0.0067 0.0061 0.0060 0.0049 0.0086 0.0052 0.9459 
 H071.7_2003  2 0.0091 0.0061 0.0049 0.0096 0.0089 0.0101 0.0326 0.0123 0.0103 0.8961 
      H071.8  2 0.0077 0.0064 0.0076 0.0089 0.0077 0.0139 0.0063 0.0075 0.0089 0.9251 
      H071.9  2 0.0204 0.0169 0.0187 0.0283 0.0098 0.0286 0.0419 0.0128 0.0170 0.8056 
 H081.1_2002  2 0.0060 0.0077 0.0051 0.0049 0.0069 0.0102 0.0076 0.0142 0.0082 0.9292 
 H081.1_2003  2 0.0185 0.0534 0.3441 0.0251 0.0647 0.0424 0.2414 0.1023 0.0281 0.0799 
 H081.2_2002  2 0.0062 0.0059 0.0044 0.0059 0.0066 0.0189 0.0065 0.0118 0.0094 0.9244 
 H081.2_2003  2 0.0088 0.0230 0.0115 0.0181 0.0089 0.0293 0.8058 0.0622 0.0096 0.0228 
 H081.3_2002  2 0.0160 0.0085 0.0075 0.0061 0.0079 0.0276 0.0129 0.0085 0.0093 0.8958 
 H081.3_2003  2 0.0134 0.0235 0.0278 0.0518 0.0216 0.0737 0.5165 0.2331 0.0171 0.0214 
 H081.4_2002  2 0.0100 0.0062 0.0048 0.0073 0.0115 0.0069 0.0083 0.0105 0.0071 0.9276 
 H081.4_2003  2 0.0071 0.0272 0.0154 0.0218 0.0203 0.0518 0.7513 0.0702 0.0152 0.0196 
 H081.5_2002  2 0.0070 0.0059 0.0057 0.0078 0.0093 0.0098 0.0191 0.0092 0.0065 0.9198 
 H081.5_2003  2 0.0264 0.0232 0.0316 0.0176 0.0407 0.1843 0.4891 0.0922 0.0283 0.0666 
      H081.6  2 0.0053 0.0061 0.0053 0.0075 0.0097 0.0088 0.0100 0.0159 0.0060 0.9254 
      H081.7  2 0.0089 0.0067 0.0066 0.0080 0.0077 0.0391 0.0206 0.0090 0.0166 0.8769 
      H081.8  2 0.0096 0.0160 0.0147 0.0152 0.0103 0.0142 0.0789 0.0100 0.0172 0.8138 
      H083.1  2 0.0090 0.0300 0.0093 0.0081 0.0135 0.0052 0.0097 0.0074 0.0062 0.9016 
      H083.2  2 0.0293 0.0232 0.0074 0.0166 0.0138 0.0170 0.0091 0.0224 0.0070 0.8542 
      H083.4  2 0.0135 0.0445 0.0148 0.0207 0.0090 0.0170 0.0057 0.0119 0.0125 0.8505 
      H083.5  2 0.0085 0.0293 0.0209 0.0083 0.0115 0.0077 0.0077 0.0090 0.0088 0.8884 
      H083.6  2 0.0069 0.0345 0.0120 0.0165 0.0120 0.0106 0.0126 0.0059 0.0162 0.8729 
      H083.7  2 0.0133 0.0741 0.0192 0.0211 0.0085 0.0154 0.0096 0.0125 0.0200 0.8063 
      H083.8  2 0.0595 0.0199 0.0085 0.0136 0.0206 0.0168 0.0090 0.0149 0.0106 0.8266 
      H083.9  2 0.0099 0.0373 0.0095 0.0078 0.0086 0.0059 0.0066 0.0064 0.0072 0.9007 
      H084.1  2 0.0225 0.0168 0.0727 0.0113 0.0093 0.0114 0.8194 0.0110 0.0158 0.0098 
      H084.2  2 0.0066 0.0104 0.0681 0.0126 0.0083 0.0060 0.8628 0.0100 0.0050 0.0102 
      H084.3  2 0.0245 0.0235 0.2250 0.0171 0.0335 0.0120 0.5798 0.0087 0.0676 0.0083 
      H084.4  2 0.0213 0.0240 0.1603 0.0102 0.0159 0.0069 0.6808 0.0153 0.0511 0.0142 
      H084.5  2 0.0605 0.0091 0.0466 0.0092 0.0195 0.0105 0.8023 0.0095 0.0247 0.0081 
      H084.6  2 0.0452 0.0263 0.1929 0.0093 0.0450 0.0104 0.5882 0.0059 0.0686 0.0081 
      H084.7  2 0.0116 0.0114 0.0148 0.0120 0.0067 0.0077 0.9008 0.0085 0.0111 0.0154 
      H084.8  2 0.0601 0.0107 0.1383 0.0108 0.0138 0.0106 0.6890 0.0084 0.0497 0.0086 
 H085.1_2002  2 0.0088 0.0741 0.0227 0.0093 0.0115 0.6572 0.0154 0.0198 0.0120 0.1690 
 H085.1_2003  2 0.0497 0.1212 0.0160 0.0215 0.0089 0.0336 0.0488 0.0103 0.0172 0.6727 
 H085.2_2002  2 0.0089 0.1160 0.0906 0.0134 0.0138 0.5832 0.0707 0.0207 0.0478 0.0350 
 H085.2_2003  2 0.0346 0.0377 0.0124 0.0190 0.0123 0.0161 0.0229 0.0123 0.0152 0.8175 
 H085.3_2002  2 0.0159 0.0436 0.0059 0.0070 0.0079 0.8048 0.0361 0.0144 0.0273 0.0371 
 H085.3_2003  2 0.0334 0.0123 0.0062 0.0145 0.0064 0.0201 0.0556 0.0144 0.0137 0.8233 
 H085.4_2002  2 0.0068 0.0285 0.0339 0.0130 0.0142 0.6704 0.0258 0.0352 0.0260 0.1462 
 H085.4_2003  2 0.0193 0.0151 0.0065 0.0094 0.0232 0.0192 0.0316 0.0177 0.0184 0.8396 
 H085.5_2002  2 0.0077 0.0088 0.0060 0.0063 0.0058 0.8725 0.0251 0.0143 0.0146 0.0387 
 H085.5_2003  2 0.0131 0.0395 0.0075 0.0181 0.0082 0.0119 0.0220 0.0139 0.0075 0.8584 
 H085.6_2002  2 0.0149 0.0358 0.0117 0.0090 0.0119 0.8115 0.0378 0.0110 0.0135 0.0429 
 H085.6_2003  2 0.2061 0.0152 0.0082 0.0178 0.0214 0.1908 0.2271 0.0256 0.0747 0.2129 
 H085.7_2002  2 0.0143 0.0795 0.0134 0.0106 0.0102 0.7176 0.0448 0.0178 0.0257 0.0661 
 H085.7_2003  2 0.0471 0.0119 0.0111 0.0105 0.0095 0.0159 0.0250 0.0163 0.0136 0.8391 
 H085.8_2002  2 0.0144 0.0149 0.0130 0.0128 0.0100 0.6404 0.1817 0.0187 0.0616 0.0326 
 H085.8_2003  2 0.1115 0.3432 0.0175 0.0241 0.0271 0.0618 0.0547 0.0188 0.0504 0.2909 
      H085.9  2 0.0120 0.0386 0.0310 0.0091 0.0107 0.6494 0.0251 0.0246 0.0303 0.1691 
      H088.1  2 0.0111 0.6993 0.0074 0.0441 0.0117 0.0227 0.0222 0.0314 0.1375 0.0125 
      H088.2  2 0.0173 0.7849 0.0084 0.0252 0.0320 0.0405 0.0315 0.0128 0.0306 0.0167 
      H088.3  2 0.0231 0.8356 0.0078 0.0156 0.0186 0.0307 0.0295 0.0092 0.0172 0.0126 
      H088.4  2 0.0270 0.6383 0.0105 0.0558 0.0199 0.0130 0.1648 0.0268 0.0085 0.0354 
      H088.5  2 0.0116 0.8803 0.0057 0.0160 0.0089 0.0127 0.0227 0.0175 0.0150 0.0095 
      H088.6  2 0.0316 0.7664 0.0083 0.0287 0.0149 0.0131 0.0352 0.0138 0.0574 0.0306 
      H088.7  2 0.4071 0.2927 0.0126 0.0190 0.0185 0.0147 0.0218 0.0093 0.0211 0.1832 
      H088.8  2 0.1028 0.3504 0.0189 0.0710 0.0232 0.0134 0.0397 0.0245 0.0420 0.3141 
      H091.1  2 0.0190 0.8525 0.0054 0.0172 0.0185 0.0144 0.0281 0.0144 0.0139 0.0166 
      H091.2  2 0.0385 0.7942 0.0056 0.0292 0.0196 0.0153 0.0135 0.0151 0.0299 0.0392 
      H109.1  2 0.3776 0.0579 0.0920 0.1651 0.0152 0.0497 0.1297 0.0574 0.0342 0.0212 
      H109.2  2 0.0735 0.0320 0.0198 0.0385 0.0139 0.0194 0.6234 0.0516 0.0426 0.0852 
      H109.3  2 0.5080 0.0169 0.0214 0.1039 0.0658 0.0124 0.1280 0.0181 0.0736 0.0519 
      H109.4  2 0.1045 0.0252 0.0523 0.3880 0.0138 0.0340 0.2057 0.0639 0.0563 0.0562 
      H109.5  2 0.1621 0.0188 0.0047 0.0247 0.0535 0.0205 0.0801 0.0112 0.1242 0.5003 
      H109.6  2 0.1584 0.0189 0.0263 0.0860 0.0536 0.0271 0.4183 0.1028 0.0568 0.0518 
      H126.1  2 0.0218 0.0184 0.0107 0.1311 0.0362 0.5226 0.0149 0.1719 0.0437 0.0289 
      H126.2  2 0.0180 0.0147 0.0580 0.0511 0.0178 0.1529 0.0128 0.1019 0.0125 0.5602 
      H126.3  2 0.0243 0.0145 0.0198 0.0776 0.0239 0.0933 0.0061 0.0340 0.0158 0.6907 
      H126.4  2 0.0187 0.0234 0.0137 0.1533 0.0223 0.2214 0.0220 0.4497 0.0195 0.0562 
      H126.5  2 0.0093 0.0081 0.0059 0.0219 0.0324 0.0411 0.0082 0.7281 0.0097 0.1351 
      H126.6  2 0.0160 0.0133 0.0051 0.0074 0.0420 0.0694 0.0057 0.0155 0.0055 0.8201 
      H126.7  2 0.0098 0.0079 0.0036 0.0126 0.0105 0.0180 0.0100 0.0221 0.0063 0.8993 
      H130.1  2 0.0202 0.0701 0.0111 0.0992 0.0336 0.3812 0.1175 0.2193 0.0360 0.0118 
      H130.2  2 0.0294 0.0516 0.0105 0.0468 0.0109 0.0637 0.7259 0.0114 0.0157 0.0341 
      H130.3  2 0.0176 0.0172 0.0054 0.6844 0.0228 0.0146 0.1749 0.0237 0.0080 0.0314 
      H130.4  2 0.0169 0.0472 0.0243 0.2486 0.0379 0.4236 0.1177 0.0458 0.0252 0.0128 
      H130.5  2 0.0119 0.0644 0.0071 0.0189 0.0168 0.2046 0.5776 0.0261 0.0320 0.0406 
      H133.1  2 0.1630 0.0469 0.1859 0.0978 0.0389 0.1060 0.2250 0.0272 0.0452 0.0640 
      H133.2  2 0.1418 0.0168 0.0135 0.0510 0.1072 0.2233 0.3431 0.0577 0.0142 0.0314 
      H133.3  2 0.0990 0.0418 0.1177 0.0751 0.0715 0.0824 0.1179 0.0110 0.1312 0.2524 
      H133.4  2 0.5319 0.0184 0.0751 0.0609 0.1247 0.0326 0.0726 0.0547 0.0128 0.0162 
      H133.5  2 0.0190 0.0251 0.0382 0.4541 0.0466 0.0898 0.2656 0.0283 0.0122 0.0211 
      H133.6  2 0.0250 0.0522 0.0127 0.1211 0.0330 0.0877 0.5118 0.1120 0.0197 0.0248 
      H133.7  2 0.6869 0.0138 0.0839 0.0142 0.0374 0.0361 0.0365 0.0246 0.0410 0.0255 
      H133.8  2 0.2508 0.0346 0.1049 0.1114 0.0282 0.3554 0.0267 0.0213 0.0354 0.0313 
      H133.9  2 0.1220 0.0566 0.1702 0.2435 0.0256 0.1001 0.1861 0.0193 0.0284 0.0481 
      H147.1  2 0.1005 0.0442 0.0210 0.0051 0.0115 0.0615 0.1355 0.0150 0.0705 0.5352 
      H147.2  2 0.0108 0.0083 0.0053 0.0070 0.0075 0.0188 0.0239 0.0132 0.0078 0.8975 
      H147.3  2 0.0094 0.0072 0.0052 0.0064 0.0092 0.0186 0.0219 0.0096 0.0110 0.9015 
      H147.4  2 0.0203 0.0117 0.0211 0.0061 0.0085 0.0106 0.0218 0.0060 0.0110 0.8830 
      H147.5  2 0.0310 0.0599 0.0101 0.0179 0.0142 0.0248 0.1459 0.0204 0.0147 0.6611 
      H147.6  2 0.0914 0.0640 0.0083 0.0167 0.0191 0.0210 0.2218 0.0190 0.0121 0.5266 
      H147.7  2 0.0221 0.0110 0.0248 0.0060 0.0134 0.0101 0.0267 0.0086 0.0151 0.8622 
      H147.8  2 0.0734 0.0440 0.0231 0.0094 0.0084 0.0075 0.0353 0.0050 0.0055 0.7883 
      H147.9  2 0.0099 0.0062 0.0061 0.0062 0.0080 0.0145 0.0155 0.0152 0.0076 0.9108 
      H148.1  2 0.0254 0.0855 0.1268 0.0654 0.0329 0.2780 0.1821 0.0774 0.0981 0.0284 
      H148.2  2 0.0325 0.0241 0.1251 0.0422 0.0321 0.3707 0.0687 0.0246 0.2492 0.0307 
      H148.3  2 0.0078 0.0066 0.0211 0.0062 0.0093 0.0090 0.0070 0.0107 0.9145 0.0077 
      H148.4  2 0.0205 0.0230 0.0773 0.0593 0.0829 0.2865 0.0322 0.0295 0.3632 0.0256 
      H148.5  2 0.0235 0.0353 0.0647 0.0364 0.0507 0.0259 0.0449 0.0224 0.6799 0.0163 
      H148.6  2 0.0189 0.0770 0.2182 0.0243 0.0267 0.0971 0.0270 0.0291 0.4607 0.0208 
      H148.7  2 0.0979 0.0382 0.0641 0.3588 0.0296 0.0674 0.0440 0.0171 0.2665 0.0165 
      H148.8  2 0.0146 0.0260 0.0350 0.0246 0.0213 0.0888 0.0136 0.0144 0.7548 0.0068 
      H148.9  2 0.1326 0.0220 0.2497 0.0570 0.0418 0.1691 0.0374 0.1116 0.1685 0.0103 
   H166022.1  2 0.0169 0.8987 0.0082 0.0069 0.0085 0.0088 0.0167 0.0054 0.0121 0.0178 
   H166022.2  2 0.0390 0.5094 0.0138 0.0169 0.0336 0.0207 0.2767 0.0091 0.0244 0.0565 
   H166022.3  2 0.0087 0.9220 0.0047 0.0148 0.0101 0.0056 0.0146 0.0064 0.0078 0.0053 
   H166022.4  2 0.0133 0.8516 0.0058 0.0311 0.0137 0.0051 0.0551 0.0073 0.0067 0.0103 
   H166022.5  2 0.0099 0.6945 0.0053 0.0185 0.0159 0.0073 0.2203 0.0085 0.0082 0.0115 
   H166022.6  2 0.0210 0.8435 0.0170 0.0095 0.0168 0.0167 0.0453 0.0107 0.0092 0.0104 
   H166022.7  2 0.0106 0.0048 0.0336 0.8737 0.0076 0.0136 0.0236 0.0151 0.0052 0.0121 
   H166022.8  2 0.0192 0.4107 0.0095 0.0131 0.0871 0.1120 0.3061 0.0125 0.0122 0.0177 
   H167397.1  2 0.0545 0.0411 0.4938 0.0116 0.0863 0.0165 0.0404 0.0229 0.0798 0.1532 
   H167397.2  2 0.0293 0.0451 0.4774 0.0192 0.1618 0.1492 0.0207 0.0110 0.0445 0.0417 
   H167397.3  2 0.0884 0.0387 0.5948 0.0092 0.1508 0.0122 0.0142 0.0128 0.0265 0.0524 
   H167397.4  2 0.0706 0.0187 0.7103 0.0174 0.0186 0.0258 0.0157 0.0054 0.0782 0.0391 
   H167397.5  2 0.0273 0.0289 0.6663 0.0308 0.0481 0.0296 0.0568 0.0353 0.0401 0.0368 
   H167397.6  2 0.1248 0.0552 0.6151 0.0124 0.0625 0.0270 0.0079 0.0161 0.0223 0.0568 
   H167496.1  2 0.0194 0.1138 0.0086 0.0584 0.1703 0.0116 0.0643 0.0264 0.5105 0.0168 
   H167496.2  2 0.0920 0.0213 0.0166 0.0560 0.0902 0.0308 0.2140 0.0184 0.2907 0.1700 
   H167496.3  2 0.0379 0.2061 0.0100 0.0318 0.0314 0.1114 0.0377 0.1010 0.3923 0.0404 
   H167496.4  2 0.0150 0.8779 0.0062 0.0121 0.0111 0.0097 0.0218 0.0098 0.0095 0.0267 
   H167496.6  2 0.0302 0.4004 0.0087 0.0275 0.0274 0.0209 0.3539 0.0399 0.0107 0.0804 
   H167496.7  2 0.1620 0.0553 0.0065 0.0572 0.1812 0.0249 0.1642 0.1224 0.2010 0.0253 
   H167496.8  2 0.0438 0.3604 0.0098 0.0121 0.0218 0.0169 0.4097 0.0162 0.0153 0.0941 
   H167513.1  2 0.9291 0.0115 0.0068 0.0076 0.0070 0.0088 0.0077 0.0061 0.0069 0.0082 
   H167513.2  2 0.8022 0.0134 0.0344 0.0105 0.0095 0.0136 0.0152 0.0485 0.0427 0.0100 
   H167513.3  2 0.8840 0.0140 0.0088 0.0237 0.0097 0.0064 0.0207 0.0183 0.0072 0.0072 
   H167513.4  2 0.8578 0.0481 0.0121 0.0115 0.0094 0.0174 0.0191 0.0075 0.0095 0.0076 
   H167513.5  2 0.8836 0.0143 0.0306 0.0066 0.0062 0.0148 0.0127 0.0126 0.0115 0.0071 
   H167513.6  2 0.8917 0.0134 0.0077 0.0064 0.0157 0.0098 0.0192 0.0121 0.0148 0.0092 
   H167513.7  2 0.8355 0.0319 0.0441 0.0111 0.0075 0.0138 0.0243 0.0138 0.0055 0.0123 
   H167513.8  2 0.8978 0.0063 0.0239 0.0127 0.0078 0.0063 0.0223 0.0111 0.0056 0.0062 
   H167547.1  2 0.0521 0.0543 0.0340 0.0243 0.0498 0.0447 0.0325 0.0781 0.6191 0.0112 
   H167547.2  2 0.0905 0.1185 0.0168 0.0111 0.0251 0.0139 0.0215 0.0287 0.6521 0.0218 
   H167547.3  2 0.1018 0.0885 0.0185 0.0113 0.0186 0.0227 0.0173 0.0257 0.6749 0.0207 
   H167547.4  2 0.0162 0.6450 0.0284 0.0226 0.0166 0.0712 0.0150 0.0625 0.1142 0.0084 
   H167547.5  2 0.0282 0.1366 0.0089 0.0096 0.0103 0.0214 0.0109 0.0127 0.7458 0.0157 
   H167547.6  2 0.0295 0.1259 0.0076 0.0082 0.0079 0.0136 0.0162 0.0106 0.7631 0.0173 
   H167547.7  2 0.1030 0.0247 0.0214 0.0338 0.2125 0.0353 0.0303 0.1962 0.3182 0.0247 
   H169750.1  2 0.0640 0.1692 0.0214 0.1986 0.0658 0.1386 0.1055 0.0284 0.1704 0.0380 
   H169750.2  2 0.3280 0.0151 0.0279 0.0332 0.0978 0.1065 0.2228 0.0260 0.0180 0.1247 
   H169750.3  2 0.1331 0.0477 0.0057 0.1217 0.0649 0.1328 0.3762 0.0206 0.0255 0.0717 
   H169750.4  2 0.1099 0.0180 0.0796 0.1435 0.3749 0.1007 0.0298 0.0273 0.0796 0.0366 
   H169750.5  2 0.1475 0.1334 0.0170 0.2626 0.0456 0.0989 0.1122 0.0155 0.0408 0.1266 
   H169750.6  2 0.0750 0.0368 0.0132 0.0880 0.0095 0.1257 0.2039 0.0165 0.0136 0.4178 
   H169750.7  2 0.3179 0.0139 0.0261 0.1065 0.1917 0.1486 0.0692 0.0282 0.0322 0.0657 
   H171929.1  2 0.7630 0.0146 0.0710 0.0078 0.0108 0.0357 0.0075 0.0138 0.0650 0.0108 
  H171929.10  2 0.5838 0.0516 0.0398 0.0056 0.0282 0.0573 0.0446 0.0215 0.1297 0.0379 
  H171929.11  2 0.8241 0.0106 0.0453 0.0097 0.0189 0.0192 0.0086 0.0325 0.0211 0.0101 
   H171929.2  2 0.8802 0.0192 0.0061 0.0082 0.0128 0.0177 0.0117 0.0169 0.0197 0.0074 
   H171929.3  2 0.8744 0.0199 0.0161 0.0093 0.0116 0.0122 0.0098 0.0225 0.0140 0.0102 
   H171929.4  2 0.4138 0.0884 0.0080 0.0284 0.0209 0.1764 0.0166 0.0431 0.1770 0.0274 
   H171929.5  2 0.9052 0.0080 0.0105 0.0109 0.0075 0.0099 0.0105 0.0226 0.0090 0.0060 
   H171929.6  2 0.9200 0.0066 0.0112 0.0088 0.0080 0.0085 0.0064 0.0164 0.0066 0.0075 
   H171929.7  2 0.8707 0.0093 0.0079 0.0091 0.0068 0.0444 0.0069 0.0145 0.0140 0.0165 
   H171929.8  2 0.6272 0.0222 0.0099 0.0100 0.0112 0.1307 0.0158 0.0812 0.0781 0.0138 
   H171929.9  2 0.6053 0.0438 0.0055 0.0133 0.0155 0.2030 0.0368 0.0328 0.0160 0.0280 
   H171930.1  2 0.1586 0.0101 0.0484 0.0766 0.0154 0.0098 0.6366 0.0202 0.0149 0.0094 
   H171930.2  2 0.0171 0.0388 0.0098 0.0569 0.0078 0.0180 0.7861 0.0184 0.0268 0.0202 
   H171930.3  2 0.0111 0.0163 0.0268 0.0328 0.0095 0.0081 0.8599 0.0100 0.0146 0.0110 
   H171930.4  2 0.0206 0.0259 0.0185 0.0723 0.0122 0.0083 0.8082 0.0072 0.0173 0.0095 
   H171930.5  2 0.0547 0.0191 0.0304 0.0641 0.0127 0.0457 0.6806 0.0458 0.0223 0.0245 
   H171930.6  2 0.0116 0.0100 0.0079 0.0209 0.0170 0.0056 0.8691 0.0160 0.0125 0.0294 
   H171930.7  2 0.0166 0.0076 0.0169 0.0096 0.0109 0.0094 0.9012 0.0098 0.0098 0.0082 
   H171930.8  2 0.0315 0.0093 0.0125 0.0087 0.0189 0.0075 0.8740 0.0170 0.0109 0.0098 
   H171933.1  2 0.0071 0.8700 0.0268 0.0094 0.0098 0.0074 0.0112 0.0093 0.0416 0.0074 
   H171933.2  2 0.0087 0.8472 0.0437 0.0087 0.0099 0.0134 0.0176 0.0090 0.0289 0.0127 
   H171933.3  2 0.0066 0.8188 0.0149 0.0090 0.0096 0.0191 0.0189 0.0230 0.0748 0.0053 
   H171933.4  2 0.0191 0.8160 0.0056 0.0081 0.0305 0.0123 0.0464 0.0404 0.0143 0.0075 
   H171933.5  2 0.0422 0.3398 0.0149 0.0222 0.0722 0.0218 0.1093 0.3392 0.0312 0.0074 
   H171933.6  2 0.0052 0.9215 0.0054 0.0102 0.0064 0.0074 0.0108 0.0097 0.0099 0.0135 
   H171933.7  2 0.0140 0.6375 0.0225 0.0143 0.0302 0.0459 0.0795 0.0795 0.0618 0.0147 
   H171933.8  2 0.0448 0.5663 0.0587 0.0109 0.0371 0.0356 0.1477 0.0385 0.0463 0.0141 
   H171933.9  2 0.0113 0.9095 0.0045 0.0132 0.0072 0.0081 0.0187 0.0127 0.0074 0.0074 
      H190.1  2 0.0168 0.0296 0.0055 0.2776 0.0156 0.0130 0.6001 0.0127 0.0134 0.0157 
      H190.2  2 0.0509 0.0144 0.0085 0.0167 0.0464 0.2069 0.2515 0.0504 0.2302 0.1242 
      H190.3  2 0.0259 0.0484 0.0112 0.0395 0.0357 0.3325 0.0726 0.1352 0.2553 0.0436 
      H190.4  2 0.0093 0.2345 0.0115 0.0696 0.0118 0.0197 0.5606 0.0235 0.0506 0.0089 
      H190.5  2 0.0786 0.0205 0.0085 0.0425 0.0770 0.1640 0.3048 0.0561 0.0843 0.1635 
      H190.6  2 0.0129 0.1760 0.0121 0.0925 0.0127 0.0351 0.5346 0.0309 0.0809 0.0124 
      H190.7  2 0.0259 0.0469 0.0183 0.0198 0.0487 0.5744 0.0825 0.1312 0.0406 0.0117 
      H190.8  2 0.0197 0.0094 0.0063 0.0288 0.0283 0.0832 0.7218 0.0271 0.0438 0.0316 
      H190.9  2 0.2371 0.0187 0.0145 0.0288 0.0582 0.2067 0.3069 0.0547 0.0579 0.0164 
      H400.1  2 0.0091 0.9025 0.0075 0.0111 0.0094 0.0105 0.0220 0.0158 0.0052 0.0070 
      H400.2  2 0.0177 0.8942 0.0092 0.0080 0.0071 0.0073 0.0123 0.0117 0.0087 0.0239 
      H400.3  2 0.0108 0.7915 0.0154 0.0214 0.0195 0.0173 0.0661 0.0232 0.0177 0.0171 
      H400.4  2 0.0262 0.8444 0.0048 0.0113 0.0108 0.0116 0.0376 0.0118 0.0130 0.0285 
      H400.5  2 0.0114 0.8752 0.0086 0.0153 0.0101 0.0080 0.0278 0.0193 0.0155 0.0088 
      H400.6  2 0.0100 0.9090 0.0057 0.0079 0.0075 0.0119 0.0155 0.0152 0.0073 0.0099 
      H400.7  2 0.0072 0.9067 0.0076 0.0067 0.0132 0.0132 0.0140 0.0117 0.0122 0.0076 
