      H105.1  1 0.0090 0.8583 0.0058 0.0080 0.0131 0.0162 0.0127 0.0158 0.0090 0.0078 0.0124 0.0318 
      H105.2  1 0.0095 0.7557 0.0402 0.0319 0.0253 0.0138 0.0089 0.0165 0.0292 0.0108 0.0462 0.0120 
      H105.3  1 0.0068 0.8861 0.0145 0.0165 0.0067 0.0079 0.0103 0.0153 0.0075 0.0066 0.0135 0.0084 
      H105.4  1 0.0184 0.6558 0.0912 0.0252 0.0194 0.0735 0.0120 0.0198 0.0384 0.0066 0.0315 0.0082 
      H105.5  1 0.0962 0.2744 0.1389 0.0736 0.0205 0.0719 0.0145 0.1055 0.0342 0.0075 0.0558 0.1072 
      H105.6  1 0.0152 0.8444 0.0282 0.0252 0.0060 0.0236 0.0113 0.0242 0.0065 0.0048 0.0065 0.0041 
      H105.7  1 0.0063 0.8560 0.0060 0.0119 0.0070 0.0225 0.0216 0.0067 0.0335 0.0052 0.0081 0.0153 
      H105.8  1 0.0064 0.8934 0.0081 0.0113 0.0145 0.0094 0.0157 0.0085 0.0070 0.0084 0.0116 0.0057 
      H115.1  1 0.8593 0.0144 0.0106 0.0172 0.0090 0.0067 0.0186 0.0276 0.0089 0.0088 0.0090 0.0097 
      H115.2  1 0.9009 0.0129 0.0082 0.0111 0.0081 0.0056 0.0072 0.0121 0.0058 0.0124 0.0061 0.0095 
      H115.3  1 0.8865 0.0062 0.0216 0.0076 0.0068 0.0094 0.0060 0.0139 0.0073 0.0067 0.0102 0.0178 
      H115.4  1 0.6545 0.0217 0.0120 0.0355 0.0434 0.0170 0.0103 0.0643 0.0139 0.0078 0.0469 0.0726 
      H115.5  1 0.6532 0.0307 0.0161 0.0306 0.0108 0.0174 0.0230 0.0295 0.0128 0.0400 0.1067 0.0291 
      H115.6  1 0.7993 0.0088 0.0339 0.0221 0.0095 0.0104 0.0102 0.0190 0.0318 0.0124 0.0157 0.0269 
      H115.7  1 0.7240 0.0102 0.0255 0.0932 0.0105 0.0119 0.0071 0.0274 0.0266 0.0057 0.0370 0.0210 
      H115.8  1 0.8192 0.0127 0.0135 0.0146 0.0085 0.0080 0.0199 0.0105 0.0076 0.0506 0.0147 0.0201 
      H115.9  1 0.9018 0.0055 0.0120 0.0097 0.0061 0.0093 0.0177 0.0098 0.0062 0.0066 0.0059 0.0093 
      H145.1  1 0.0097 0.0060 0.0191 0.0105 0.0072 0.8862 0.0066 0.0105 0.0053 0.0302 0.0033 0.0053 
      H145.2  1 0.0065 0.0074 0.0265 0.0084 0.0073 0.8611 0.0082 0.0174 0.0059 0.0395 0.0041 0.0077 
      H145.3  1 0.0067 0.0039 0.0133 0.0069 0.0056 0.8386 0.0220 0.0063 0.0068 0.0703 0.0140 0.0058 
      H145.4  1 0.0051 0.0057 0.0099 0.0134 0.0055 0.9132 0.0063 0.0118 0.0047 0.0143 0.0045 0.0055 
      H145.5  1 0.0060 0.0053 0.0274 0.0111 0.0069 0.6078 0.0081 0.0159 0.0053 0.2823 0.0142 0.0096 
      H145.6  1 0.0045 0.0058 0.0129 0.0088 0.0070 0.8989 0.0068 0.0100 0.0071 0.0188 0.0125 0.0069 
      H145.7  1 0.0052 0.0059 0.0080 0.0101 0.0081 0.9075 0.0078 0.0089 0.0063 0.0069 0.0155 0.0098 
      H149.1  1 0.0054 0.0057 0.0054 0.0053 0.0045 0.0071 0.0049 0.9386 0.0053 0.0070 0.0046 0.0061 
      H149.2  1 0.0060 0.0058 0.0096 0.0076 0.0049 0.0154 0.0040 0.9046 0.0097 0.0045 0.0065 0.0212 
      H149.3  1 0.0070 0.0093 0.0117 0.0162 0.0094 0.0161 0.0082 0.8624 0.0193 0.0078 0.0095 0.0232 
      H149.4  1 0.0058 0.0090 0.0100 0.0074 0.0119 0.0072 0.0084 0.9078 0.0099 0.0080 0.0061 0.0083 
      H149.5  1 0.0043 0.0180 0.0092 0.0142 0.0161 0.0538 0.0082 0.7286 0.0388 0.0047 0.0113 0.0929 
      H149.6  1 0.0032 0.0073 0.0063 0.0089 0.0051 0.0118 0.0051 0.9051 0.0156 0.0054 0.0072 0.0188 
      H149.7  1 0.0058 0.0220 0.0153 0.0281 0.0444 0.0110 0.0116 0.7177 0.0891 0.0106 0.0120 0.0323 
      H150.1  1 0.9264 0.0078 0.0117 0.0076 0.0055 0.0070 0.0071 0.0040 0.0048 0.0086 0.0044 0.0051 
      H150.2  1 0.9106 0.0086 0.0077 0.0108 0.0065 0.0035 0.0048 0.0083 0.0094 0.0128 0.0071 0.0099 
      H150.3  1 0.8637 0.0090 0.0105 0.0423 0.0081 0.0096 0.0072 0.0055 0.0134 0.0121 0.0113 0.0074 
      H150.4  1 0.9112 0.0056 0.0077 0.0134 0.0045 0.0098 0.0108 0.0036 0.0067 0.0131 0.0080 0.0055 
      H150.5  1 0.8854 0.0130 0.0158 0.0111 0.0123 0.0095 0.0063 0.0081 0.0101 0.0063 0.0102 0.0120 
      H150.6  1 0.7471 0.0595 0.0189 0.0106 0.0282 0.0042 0.0054 0.0105 0.0166 0.0097 0.0542 0.0351 
      H150.7  1 0.9175 0.0061 0.0184 0.0086 0.0048 0.0067 0.0091 0.0045 0.0058 0.0086 0.0055 0.0045 
   H169607.1  1 0.1353 0.0149 0.1861 0.0789 0.2882 0.0716 0.0324 0.0165 0.0976 0.0297 0.0307 0.0180 
   H169607.2  1 0.0747 0.0085 0.0875 0.0176 0.1547 0.5332 0.0528 0.0133 0.0247 0.0060 0.0111 0.0158 
   H169607.3  1 0.0314 0.0096 0.2098 0.0216 0.0669 0.2938 0.0577 0.0122 0.1991 0.0120 0.0321 0.0537 
   H169607.4  1 0.0115 0.0084 0.6562 0.0076 0.0252 0.2345 0.0089 0.0088 0.0198 0.0078 0.0059 0.0053 
   H169607.5  1 0.2003 0.0066 0.0628 0.0172 0.0892 0.3390 0.0983 0.0498 0.0188 0.0120 0.0104 0.0957 
   H169607.6  1 0.0361 0.0096 0.0969 0.0107 0.1089 0.6471 0.0267 0.0104 0.0192 0.0053 0.0163 0.0129 
   H169607.7  1 0.1295 0.0277 0.0216 0.0201 0.5110 0.1552 0.0569 0.0167 0.0160 0.0065 0.0228 0.0158 
   H169607.8  1 0.0141 0.0073 0.3226 0.0115 0.0552 0.5018 0.0305 0.0064 0.0267 0.0045 0.0101 0.0093 
   H169633.1  1 0.0264 0.0309 0.0176 0.0532 0.0131 0.0306 0.0161 0.6411 0.0120 0.0466 0.0921 0.0203 
   H169633.2  1 0.0101 0.0297 0.0061 0.0441 0.0150 0.0085 0.0207 0.7689 0.0272 0.0206 0.0428 0.0062 
   H169633.3  1 0.0141 0.0410 0.0072 0.0317 0.0106 0.0092 0.0184 0.8123 0.0070 0.0112 0.0137 0.0236 
   H169633.4  1 0.0132 0.0231 0.0263 0.0180 0.0073 0.0148 0.0092 0.7666 0.0054 0.0490 0.0310 0.0360 
   H169633.5  1 0.0129 0.0208 0.0203 0.0166 0.0083 0.0146 0.0091 0.7999 0.0053 0.0425 0.0242 0.0255 
   H169688.1  1 0.0203 0.0078 0.0145 0.0150 0.1362 0.3798 0.0152 0.0284 0.2151 0.0053 0.1546 0.0079 
   H169688.2  1 0.0280 0.0190 0.0073 0.0086 0.5324 0.0259 0.0124 0.0171 0.2419 0.0163 0.0795 0.0116 
   H169688.3  1 0.0575 0.0090 0.0078 0.0102 0.6937 0.0434 0.0051 0.0153 0.1212 0.0060 0.0202 0.0107 
   H169688.4  1 0.7645 0.0072 0.0132 0.0073 0.0794 0.0252 0.0063 0.0094 0.0324 0.0162 0.0310 0.0079 
   H169688.5  1 0.7735 0.0070 0.0117 0.0058 0.0863 0.0157 0.0079 0.0088 0.0261 0.0207 0.0260 0.0106 
   H169688.6  1 0.0496 0.0180 0.0072 0.0066 0.6793 0.0679 0.0115 0.0251 0.0501 0.0351 0.0418 0.0078 
   H169688.7  1 0.0479 0.0064 0.0114 0.0125 0.7776 0.0536 0.0108 0.0105 0.0324 0.0100 0.0199 0.0071 
   H171901.1  1 0.0513 0.0364 0.1558 0.1518 0.0456 0.0566 0.0177 0.0151 0.3035 0.1021 0.0417 0.0224 
   H171901.2  1 0.0417 0.0295 0.0345 0.0163 0.0125 0.0422 0.0133 0.7649 0.0084 0.0120 0.0124 0.0123 
   H171901.3  1 0.0406 0.0119 0.0829 0.0152 0.0207 0.0093 0.0121 0.7137 0.0304 0.0107 0.0347 0.0176 
   H171901.4  1 0.0320 0.0555 0.0304 0.0095 0.0158 0.0104 0.0111 0.7884 0.0123 0.0065 0.0166 0.0115 
   H171901.5  1 0.0201 0.0213 0.1215 0.0094 0.0345 0.0088 0.0112 0.7354 0.0122 0.0083 0.0057 0.0116 
   H171901.6  1 0.0436 0.0420 0.1746 0.0107 0.0242 0.0259 0.0117 0.6097 0.0354 0.0068 0.0062 0.0092 
   H171901.7  1 0.0267 0.0079 0.0250 0.0096 0.0287 0.0104 0.0230 0.8182 0.0156 0.0077 0.0112 0.0159 
   H171902.1  1 0.0334 0.0097 0.7801 0.0077 0.0359 0.0108 0.0131 0.0145 0.0097 0.0687 0.0113 0.0051 
  H171902.10  1 0.0104 0.0060 0.7602 0.0055 0.1171 0.0166 0.0048 0.0420 0.0062 0.0145 0.0099 0.0069 
   H171902.2  1 0.0426 0.0451 0.2830 0.0206 0.1286 0.0130 0.1051 0.0272 0.0621 0.0702 0.1923 0.0101 
   H171902.3  1 0.0534 0.0123 0.3199 0.0175 0.4350 0.0159 0.0133 0.0824 0.0134 0.0106 0.0179 0.0085 
   H171902.4  1 0.0173 0.0107 0.7591 0.0174 0.0101 0.0135 0.0160 0.0839 0.0095 0.0422 0.0128 0.0076 
   H171902.6  1 0.0105 0.0044 0.8416 0.0079 0.0684 0.0136 0.0047 0.0145 0.0058 0.0128 0.0082 0.0076 
   H171902.7  1 0.0117 0.0060 0.8772 0.0067 0.0185 0.0093 0.0042 0.0191 0.0062 0.0314 0.0037 0.0061 
   H171902.8  1 0.0173 0.0056 0.7133 0.0120 0.1359 0.0133 0.0066 0.0438 0.0119 0.0203 0.0098 0.0101 
   H171902.9  1 0.0911 0.0111 0.7486 0.0165 0.0198 0.0153 0.0149 0.0111 0.0110 0.0493 0.0064 0.0049 
   H171903.1  1 0.1377 0.0199 0.0146 0.0127 0.0168 0.6991 0.0227 0.0160 0.0265 0.0064 0.0072 0.0204 
   H171903.2  1 0.0879 0.0633 0.0317 0.0089 0.0326 0.5515 0.0681 0.0211 0.0433 0.0167 0.0085 0.0664 
   H171903.3  1 0.0831 0.0265 0.0381 0.0213 0.0358 0.0765 0.0405 0.1494 0.0330 0.0210 0.0083 0.4666 
   H171903.4  1 0.0423 0.0079 0.1612 0.0114 0.0203 0.0650 0.0086 0.0104 0.6339 0.0088 0.0137 0.0165 
   H171903.5  1 0.2148 0.0375 0.0197 0.0170 0.1400 0.0667 0.0495 0.1323 0.0433 0.0123 0.0126 0.2542 
   H171903.6  1 0.1721 0.0093 0.0655 0.0074 0.2587 0.1585 0.0170 0.0928 0.0973 0.0052 0.0136 0.1026 
      H177.1  1 0.0293 0.0068 0.0413 0.0078 0.0156 0.0296 0.0064 0.5505 0.2852 0.0123 0.0055 0.0097 
      H177.2  1 0.0240 0.0107 0.1057 0.0119 0.1885 0.0885 0.1025 0.3142 0.0194 0.0238 0.0261 0.0846 
      H177.3  1 0.0304 0.0073 0.1007 0.0158 0.0902 0.0347 0.0153 0.6461 0.0152 0.0144 0.0053 0.0246 
      H177.4  1 0.0064 0.0162 0.0215 0.0061 0.0250 0.0359 0.0091 0.5517 0.3000 0.0094 0.0055 0.0131 
      H177.5  1 0.0238 0.0344 0.0187 0.0055 0.0178 0.0160 0.0253 0.0358 0.7574 0.0070 0.0116 0.0469 
      H177.6  1 0.0247 0.0055 0.1012 0.0169 0.0351 0.0237 0.0113 0.7100 0.0115 0.0274 0.0055 0.0271 
      H179.1  1 0.0256 0.1516 0.0685 0.0528 0.3034 0.0054 0.0294 0.1689 0.1267 0.0090 0.0327 0.0259 
      H179.2  1 0.0450 0.0288 0.0188 0.0218 0.5116 0.0084 0.0455 0.2105 0.0359 0.0061 0.0146 0.0531 
      H179.3  1 0.0454 0.0422 0.0172 0.0227 0.4621 0.0144 0.1062 0.0317 0.1804 0.0073 0.0430 0.0275 
      H179.4  1 0.0075 0.0236 0.0213 0.0166 0.1343 0.0149 0.0314 0.6650 0.0329 0.0055 0.0286 0.0183 
      H180.1  1 0.8254 0.0188 0.0103 0.0079 0.0145 0.0049 0.0071 0.0155 0.0117 0.0170 0.0450 0.0219 
      H180.2  1 0.8219 0.0338 0.0101 0.0057 0.0084 0.0048 0.0055 0.0204 0.0161 0.0104 0.0546 0.0082 
      H180.3  1 0.9037 0.0065 0.0058 0.0112 0.0064 0.0095 0.0113 0.0114 0.0066 0.0102 0.0070 0.0105 
      H180.4  1 0.6598 0.0937 0.0111 0.0096 0.0203 0.0069 0.0164 0.0229 0.0197 0.0251 0.0609 0.0535 
      H180.5  1 0.7480 0.0252 0.0083 0.0072 0.0158 0.0092 0.0207 0.0191 0.0241 0.0241 0.0349 0.0634 
      H180.6  1 0.5884 0.0195 0.0098 0.0167 0.0153 0.0241 0.2053 0.0148 0.0097 0.0491 0.0300 0.0173 
      H181.1  1 0.0116 0.0117 0.0317 0.0081 0.0204 0.0276 0.0079 0.3305 0.0097 0.0226 0.2885 0.2298 
      H181.2  1 0.0211 0.0167 0.0311 0.0175 0.0266 0.0396 0.0134 0.5364 0.0195 0.0164 0.2315 0.0304 
      H181.3  1 0.0097 0.0096 0.0531 0.0070 0.0394 0.0366 0.0088 0.2085 0.0202 0.0167 0.5736 0.0170 
      H181.4  1 0.0816 0.0114 0.0347 0.0189 0.0470 0.0408 0.0190 0.2611 0.0265 0.0046 0.1131 0.3411 
      H181.5  1 0.0128 0.0156 0.0240 0.0245 0.0533 0.0084 0.0192 0.2403 0.0611 0.0122 0.4810 0.0475 
      H181.6  1 0.0592 0.0768 0.0432 0.0186 0.0491 0.0159 0.0281 0.5480 0.0415 0.0112 0.0608 0.0475 
      H181.7  1 0.0205 0.0184 0.0225 0.0085 0.2284 0.0209 0.0403 0.3667 0.0164 0.0104 0.2172 0.0299 
 H194.1_2004  1 0.1256 0.0127 0.0091 0.0148 0.0143 0.7167 0.0256 0.0281 0.0143 0.0072 0.0050 0.0267 
 H194.2_2004  1 0.0211 0.0053 0.0085 0.0122 0.0088 0.6399 0.0073 0.0134 0.2447 0.0193 0.0057 0.0137 
 H194.3_2004  1 0.0080 0.0107 0.0163 0.0234 0.0099 0.3362 0.0128 0.5400 0.0182 0.0094 0.0061 0.0090 
 H194.4_2004  1 0.0088 0.0070 0.0114 0.0090 0.0080 0.6400 0.0071 0.0560 0.2115 0.0298 0.0056 0.0057 
 H194.5_2004  1 0.0141 0.0320 0.0212 0.0256 0.0158 0.3977 0.0214 0.4104 0.0302 0.0066 0.0067 0.0182 
 H194.6_2004  1 0.0117 0.0100 0.0301 0.0166 0.0129 0.0552 0.0240 0.4764 0.3347 0.0110 0.0083 0.0092 
 H194.7_2004  1 0.0147 0.0079 0.0052 0.0132 0.0114 0.8139 0.0508 0.0140 0.0269 0.0076 0.0138 0.0208 
 H194.8_2004  1 0.0131 0.0102 0.0207 0.0302 0.0144 0.2725 0.0321 0.1723 0.3878 0.0186 0.0144 0.0137 
      H194.9  1 0.0194 0.0153 0.0092 0.0330 0.0128 0.7469 0.0717 0.0252 0.0276 0.0108 0.0127 0.0154 
 H195.1_2003  1 0.0188 0.4515 0.0343 0.0446 0.0330 0.2105 0.0081 0.0596 0.1034 0.0052 0.0178 0.0132 
 H195.1_2004  1 0.0101 0.0133 0.0256 0.0258 0.0539 0.6845 0.0066 0.0573 0.0065 0.0486 0.0504 0.0173 
 H195.2_2003  1 0.0212 0.0413 0.0240 0.0098 0.0167 0.8180 0.0170 0.0114 0.0187 0.0088 0.0076 0.0054 
 H195.2_2004  1 0.0077 0.0110 0.0050 0.0105 0.0106 0.8718 0.0131 0.0150 0.0098 0.0257 0.0118 0.0080 
 H195.3_2003  1 0.0822 0.2265 0.0282 0.0124 0.0349 0.5083 0.0138 0.0113 0.0539 0.0075 0.0100 0.0112 
 H195.3_2004  1 0.0055 0.0135 0.0107 0.0101 0.0072 0.8671 0.0054 0.0429 0.0070 0.0133 0.0106 0.0066 
 H195.4_2003  1 0.0122 0.1140 0.0274 0.0503 0.0161 0.6810 0.0097 0.0307 0.0308 0.0050 0.0085 0.0142 
 H195.4_2004  1 0.0036 0.0063 0.0057 0.0073 0.0071 0.9085 0.0090 0.0072 0.0091 0.0059 0.0234 0.0068 
 H195.5_2003  1 0.0196 0.5843 0.0541 0.0611 0.0280 0.1110 0.0089 0.0376 0.0443 0.0054 0.0299 0.0157 
 H195.5_2004  1 0.0061 0.0182 0.0068 0.0115 0.0101 0.8537 0.0066 0.0168 0.0047 0.0229 0.0359 0.0066 
 H195.6_2003  1 0.0175 0.0705 0.0121 0.0064 0.0120 0.8326 0.0082 0.0082 0.0087 0.0083 0.0089 0.0066 
 H195.6_2004  1 0.0037 0.0100 0.0064 0.0122 0.0095 0.9035 0.0080 0.0153 0.0061 0.0156 0.0067 0.0032 
 H195.7_2003  1 0.0101 0.0416 0.0128 0.0181 0.0783 0.4597 0.0177 0.0235 0.3124 0.0041 0.0124 0.0094 
 H195.7_2004  1 0.0101 0.0104 0.0089 0.0103 0.0276 0.6973 0.0069 0.0092 0.0061 0.1669 0.0333 0.0130 
      H195.8  1 0.0086 0.0114 0.0090 0.0096 0.0160 0.8328 0.0062 0.0065 0.0065 0.0142 0.0692 0.0100 
      H195.9  1 0.0051 0.0078 0.0067 0.0077 0.0092 0.9115 0.0070 0.0154 0.0100 0.0060 0.0088 0.0047 
      H415.1  1 0.2645 0.0444 0.0154 0.1685 0.0103 0.0196 0.0456 0.2856 0.0265 0.1016 0.0064 0.0116 
      H415.2  1 0.0903 0.0093 0.3705 0.0179 0.0215 0.0157 0.0113 0.3908 0.0255 0.0231 0.0052 0.0190 
      H415.3  1 0.0206 0.0494 0.0138 0.1372 0.0292 0.0066 0.0104 0.6633 0.0307 0.0103 0.0044 0.0241 
      H415.4  1 0.2501 0.0352 0.0142 0.2493 0.0069 0.0081 0.0280 0.3453 0.0195 0.0191 0.0074 0.0170 
      H415.5  1 0.0184 0.0202 0.0067 0.0636 0.0093 0.0078 0.0101 0.8150 0.0186 0.0111 0.0053 0.0138 
      H415.6  1 0.2645 0.0489 0.0171 0.2470 0.0077 0.0081 0.0266 0.3155 0.0189 0.0169 0.0072 0.0215 
      H415.7  1 0.0172 0.0153 0.4500 0.0370 0.0687 0.0147 0.0133 0.3111 0.0249 0.0200 0.0064 0.0214 
      H506.1  1 0.0046 0.0336 0.0082 0.0122 0.0230 0.0060 0.0147 0.8325 0.0094 0.0149 0.0316 0.0092 
      H506.2  1 0.0048 0.0133 0.0128 0.0113 0.0226 0.0095 0.0108 0.8780 0.0102 0.0075 0.0099 0.0094 
      H506.3  1 0.0086 0.0448 0.0167 0.0126 0.0959 0.0074 0.0239 0.5392 0.0462 0.1277 0.0606 0.0164 
      H506.4  1 0.0086 0.0280 0.0154 0.0129 0.0495 0.0099 0.0260 0.7240 0.0364 0.0390 0.0337 0.0167 
      H506.5  1 0.0057 0.0397 0.0176 0.0071 0.0177 0.0091 0.0134 0.8323 0.0143 0.0157 0.0190 0.0085 
      H506.6  1 0.0114 0.0247 0.2542 0.0115 0.2399 0.0332 0.0222 0.1482 0.0649 0.0908 0.0388 0.0600 
      H506.7  1 0.0054 0.0404 0.0138 0.0103 0.0152 0.0099 0.0147 0.8290 0.0112 0.0126 0.0283 0.0092 
      H533.1  1 0.0052 0.0152 0.0084 0.0074 0.2108 0.0049 0.0085 0.6761 0.0059 0.0204 0.0257 0.0117 
      H533.2  1 0.0058 0.0137 0.0073 0.0071 0.0721 0.0048 0.0073 0.8280 0.0056 0.0257 0.0126 0.0099 
      H533.3  1 0.0076 0.0081 0.0131 0.0063 0.2003 0.0063 0.0137 0.6789 0.0068 0.0100 0.0153 0.0337 
      H533.4  1 0.0094 0.0122 0.0199 0.0079 0.1514 0.0137 0.0099 0.7040 0.0077 0.0167 0.0322 0.0151 
      H535.1  1 0.0239 0.0077 0.0332 0.0157 0.0173 0.0269 0.0119 0.8057 0.0223 0.0066 0.0073 0.0217 
      H535.2  1 0.0052 0.0158 0.0096 0.0064 0.0310 0.0458 0.0512 0.6996 0.0239 0.0041 0.0892 0.0184 
      H535.3  1 0.0152 0.0535 0.0505 0.0072 0.0330 0.0477 0.0592 0.4779 0.0191 0.0086 0.1922 0.0359 
      H535.4  1 0.0061 0.0190 0.0060 0.0080 0.0056 0.0095 0.0060 0.9032 0.0053 0.0044 0.0186 0.0081 
      H535.5  1 0.0068 0.0098 0.0056 0.0069 0.0118 0.0131 0.0053 0.9110 0.0106 0.0037 0.0065 0.0087 
      H535.6  1 0.0287 0.0071 0.0308 0.0232 0.0300 0.1114 0.0348 0.4463 0.2179 0.0073 0.0278 0.0346 
      H535.7  1 0.0078 0.0175 0.0067 0.0051 0.0104 0.0092 0.0084 0.8996 0.0156 0.0074 0.0062 0.0062 
      H535.8  1 0.0091 0.0269 0.0090 0.0090 0.0191 0.0250 0.0269 0.7430 0.0846 0.0062 0.0344 0.0068 
      H535.9  1 0.0291 0.0333 0.0426 0.0101 0.0139 0.0217 0.0117 0.7798 0.0066 0.0140 0.0226 0.0147 
      H539.1  1 0.9376 0.0036 0.0102 0.0065 0.0037 0.0074 0.0071 0.0034 0.0039 0.0087 0.0038 0.0042 
      H539.2  1 0.8432 0.0111 0.0095 0.0071 0.0383 0.0101 0.0144 0.0080 0.0138 0.0108 0.0238 0.0099 
      H539.3  1 0.8578 0.0076 0.0093 0.0070 0.0079 0.0397 0.0151 0.0061 0.0177 0.0174 0.0084 0.0059 
      H539.4  1 0.9089 0.0101 0.0104 0.0047 0.0128 0.0039 0.0079 0.0037 0.0066 0.0188 0.0050 0.0073 
      H539.5  1 0.9363 0.0032 0.0079 0.0060 0.0040 0.0082 0.0102 0.0037 0.0044 0.0062 0.0040 0.0060 
      H539.6  1 0.9357 0.0039 0.0080 0.0076 0.0047 0.0066 0.0099 0.0036 0.0052 0.0053 0.0047 0.0050 
      H539.7  1 0.9431 0.0040 0.0086 0.0057 0.0050 0.0054 0.0049 0.0044 0.0051 0.0044 0.0041 0.0053 
      H539.8  1 0.8505 0.0149 0.0077 0.0126 0.0103 0.0109 0.0101 0.0084 0.0208 0.0338 0.0129 0.0071 
      H539.9  1 0.9328 0.0055 0.0056 0.0046 0.0051 0.0056 0.0097 0.0042 0.0046 0.0125 0.0044 0.0053 
      H540.1  1 0.8822 0.0050 0.0140 0.0080 0.0165 0.0176 0.0079 0.0094 0.0077 0.0082 0.0059 0.0175 
      H540.2  1 0.9331 0.0040 0.0094 0.0068 0.0061 0.0065 0.0060 0.0064 0.0063 0.0047 0.0031 0.0076 
      H540.3  1 0.2066 0.0083 0.1337 0.0595 0.0281 0.0098 0.0053 0.0150 0.0640 0.3936 0.0148 0.0614 
      H540.4  1 0.9197 0.0047 0.0076 0.0082 0.0133 0.0059 0.0051 0.0074 0.0060 0.0046 0.0046 0.0130 
      H540.5  1 0.8596 0.0049 0.0164 0.0089 0.0131 0.0092 0.0078 0.0092 0.0130 0.0364 0.0094 0.0120 
      H540.6  1 0.8075 0.0050 0.0259 0.0131 0.0323 0.0140 0.0136 0.0127 0.0145 0.0166 0.0165 0.0282 
      H540.7  1 0.9182 0.0075 0.0090 0.0074 0.0081 0.0070 0.0075 0.0068 0.0048 0.0045 0.0062 0.0128 
      H540.8  1 0.9015 0.0054 0.0127 0.0060 0.0081 0.0081 0.0063 0.0177 0.0072 0.0078 0.0032 0.0159 
     H9558.1  1 0.9040 0.0082 0.0239 0.0075 0.0088 0.0112 0.0049 0.0053 0.0083 0.0093 0.0048 0.0038 
     H9558.2  1 0.8508 0.0227 0.0263 0.0101 0.0108 0.0121 0.0135 0.0070 0.0152 0.0150 0.0086 0.0078 
     H9558.3  1 0.9036 0.0158 0.0086 0.0085 0.0051 0.0093 0.0126 0.0050 0.0067 0.0121 0.0063 0.0065 
     H9558.4  1 0.9186 0.0067 0.0122 0.0048 0.0116 0.0074 0.0057 0.0043 0.0058 0.0141 0.0042 0.0047 
     H9558.5  1 0.9152 0.0137 0.0061 0.0066 0.0086 0.0038 0.0037 0.0048 0.0054 0.0196 0.0055 0.0071 
     H9558.6  1 0.7562 0.0094 0.0443 0.0109 0.0059 0.0106 0.0805 0.0069 0.0175 0.0131 0.0044 0.0403 
    kos339.1  1 0.0065 0.0052 0.0150 0.0076 0.0106 0.0057 0.0196 0.8966 0.0088 0.0051 0.0071 0.0122 
    kos339.2  1 0.0071 0.0089 0.0065 0.0146 0.0085 0.0079 0.0176 0.8908 0.0056 0.0109 0.0119 0.0097 
    kos339.3  1 0.0064 0.0048 0.0042 0.0045 0.0058 0.0051 0.0059 0.9435 0.0051 0.0038 0.0044 0.0065 
    kos339.4  1 0.0081 0.0080 0.0052 0.0082 0.0074 0.0048 0.0101 0.9211 0.0068 0.0063 0.0075 0.0065 
    kos339.5  1 0.0073 0.0077 0.0066 0.0063 0.0085 0.0063 0.0085 0.9235 0.0063 0.0033 0.0083 0.0076 
    kos339.6  1 0.0056 0.0057 0.0053 0.0106 0.0046 0.0086 0.0063 0.9222 0.0044 0.0100 0.0064 0.0103 
    kos339.7  1 0.0050 0.0045 0.0050 0.0050 0.0062 0.0057 0.0080 0.9425 0.0046 0.0040 0.0036 0.0059 
    kos339.8  1 0.0040 0.0073 0.0054 0.0087 0.0067 0.0046 0.0069 0.9270 0.0071 0.0064 0.0078 0.0083 
    kos339.9  1 0.0240 0.0086 0.0081 0.0108 0.0078 0.0090 0.0108 0.8946 0.0067 0.0065 0.0053 0.0078 
      H008.1  2 0.0781 0.0277 0.0137 0.0161 0.0138 0.0097 0.7924 0.0097 0.0112 0.0070 0.0110 0.0096 
      H008.2  2 0.1667 0.3058 0.0360 0.0192 0.0853 0.0308 0.1048 0.0404 0.0235 0.1162 0.0546 0.0167 
      H008.3  2 0.1827 0.1088 0.0285 0.0275 0.1610 0.0459 0.0972 0.0573 0.0667 0.0748 0.1211 0.0285 
      H008.4  2 0.0514 0.0246 0.0138 0.0466 0.0138 0.0144 0.7320 0.0154 0.0235 0.0458 0.0113 0.0073 
      H008.5  2 0.0392 0.0283 0.0095 0.0160 0.0129 0.0170 0.7670 0.0266 0.0368 0.0185 0.0146 0.0136 
      H008.6  2 0.0600 0.2053 0.0491 0.0273 0.0326 0.0304 0.3478 0.0325 0.0273 0.1669 0.0074 0.0134 
      H008.7  2 0.0774 0.1173 0.0359 0.0492 0.0441 0.0141 0.3916 0.0340 0.0448 0.1239 0.0582 0.0096 
      H008.8  2 0.5863 0.0137 0.0346 0.0119 0.0912 0.0132 0.1750 0.0193 0.0076 0.0158 0.0227 0.0084 
      H008.9  2 0.0515 0.1588 0.1496 0.0241 0.0280 0.0383 0.0420 0.0200 0.0286 0.4310 0.0158 0.0122 
 H029.1_2002  2 0.0263 0.0137 0.0252 0.0294 0.0109 0.0068 0.7716 0.0064 0.0670 0.0220 0.0132 0.0074 
 H029.1_2003  2 0.0160 0.0109 0.0168 0.0120 0.0285 0.0111 0.3219 0.0232 0.5194 0.0167 0.0088 0.0147 
 H029.2_2002  2 0.0088 0.0127 0.0114 0.0060 0.0098 0.0198 0.7444 0.0819 0.0298 0.0234 0.0442 0.0078 
 H029.2_2003  2 0.0121 0.0149 0.0196 0.0055 0.0269 0.0174 0.3545 0.1252 0.3665 0.0278 0.0138 0.0158 
 H029.3_2002  2 0.0083 0.0095 0.0185 0.0096 0.0309 0.0281 0.5094 0.1054 0.0449 0.1584 0.0637 0.0132 
 H029.3_2003  2 0.0068 0.0231 0.0056 0.0079 0.0147 0.0060 0.7515 0.0158 0.1440 0.0081 0.0066 0.0100 
 H029.4_2002  2 0.0056 0.0091 0.0040 0.0131 0.0078 0.0065 0.8923 0.0057 0.0144 0.0168 0.0174 0.0072 
 H029.4_2003  2 0.0340 0.0180 0.0131 0.0104 0.0358 0.0105 0.3287 0.0150 0.4769 0.0333 0.0148 0.0095 
 H029.5_2002  2 0.0074 0.0138 0.0075 0.0152 0.0063 0.0051 0.8547 0.0073 0.0562 0.0067 0.0134 0.0065 
 H029.5_2003  2 0.0090 0.0219 0.0097 0.0084 0.0182 0.0062 0.5695 0.0107 0.3233 0.0098 0.0066 0.0069 
 H029.6_2002  2 0.0051 0.0060 0.0059 0.0089 0.0113 0.0104 0.6594 0.0086 0.1861 0.0540 0.0371 0.0074 
 H029.6_2003  2 0.0109 0.0233 0.0229 0.0202 0.0365 0.0142 0.5791 0.1508 0.0950 0.0085 0.0145 0.0240 
      H029.7  2 0.0080 0.0072 0.0103 0.0056 0.0057 0.0228 0.8223 0.0309 0.0259 0.0323 0.0238 0.0052 
      H030.1  2 0.0094 0.0554 0.0165 0.0122 0.0156 0.0117 0.0299 0.0163 0.2750 0.0053 0.0182 0.5346 
      H030.2  2 0.0321 0.1005 0.0139 0.0787 0.0140 0.0080 0.1264 0.0114 0.0373 0.0849 0.2121 0.2807 
      H038.1  2 0.0072 0.0053 0.0095 0.0085 0.0067 0.0083 0.8994 0.0054 0.0083 0.0305 0.0058 0.0049 
      H038.2  2 0.0053 0.0074 0.0060 0.0071 0.0053 0.0034 0.9164 0.0140 0.0073 0.0061 0.0080 0.0137 
      H038.3  2 0.0092 0.0103 0.0111 0.0147 0.0109 0.0079 0.8352 0.0124 0.0056 0.0299 0.0076 0.0451 
      H038.4  2 0.0057 0.0130 0.0080 0.0204 0.0074 0.0091 0.8674 0.0102 0.0052 0.0256 0.0114 0.0167 
      H038.5  2 0.0101 0.0075 0.0046 0.0080 0.0175 0.0060 0.8550 0.0142 0.0098 0.0295 0.0127 0.0250 
      H038.6  2 0.0110 0.0067 0.0054 0.0049 0.0071 0.0049 0.9175 0.0080 0.0110 0.0107 0.0046 0.0084 
      H038.7  2 0.0133 0.0081 0.0069 0.0048 0.0075 0.0039 0.9171 0.0101 0.0045 0.0089 0.0034 0.0116 
      H038.8  2 0.0111 0.0088 0.0093 0.0142 0.0066 0.0080 0.7787 0.0109 0.0047 0.0879 0.0132 0.0466 
      H041.1  2 0.0083 0.2136 0.0115 0.0810 0.0156 0.0366 0.2609 0.0144 0.1926 0.0288 0.1167 0.0201 
      H041.2  2 0.0075 0.0562 0.0111 0.1824 0.0067 0.0092 0.0902 0.0119 0.5879 0.0223 0.0067 0.0079 
      H041.4  2 0.0230 0.0423 0.0232 0.0358 0.0086 0.0356 0.4396 0.0149 0.3151 0.0335 0.0137 0.0147 
      H041.6  2 0.0423 0.0254 0.0353 0.0782 0.0110 0.0452 0.3925 0.0171 0.2979 0.0195 0.0185 0.0171 
 H042.1_2002  2 0.0686 0.0080 0.0199 0.0336 0.0141 0.0169 0.0134 0.0129 0.7812 0.0126 0.0105 0.0082 
 H042.1_2003  2 0.1531 0.2679 0.1056 0.0970 0.0314 0.0269 0.0849 0.0346 0.0674 0.0871 0.0189 0.0252 
 H042.2_2002  2 0.0235 0.0133 0.0063 0.0888 0.0319 0.0215 0.2009 0.0192 0.5118 0.0595 0.0141 0.0093 
 H042.2_2003  2 0.0496 0.0331 0.0243 0.3230 0.0097 0.0150 0.0873 0.0171 0.4214 0.0067 0.0042 0.0087 
 H042.3_2002  2 0.0549 0.0147 0.0123 0.1966 0.0377 0.0547 0.0171 0.0232 0.5343 0.0340 0.0080 0.0125 
 H042.3_2003  2 0.2107 0.0370 0.0164 0.1694 0.0577 0.0387 0.0771 0.0216 0.2544 0.0375 0.0548 0.0246 
 H042.4_2002  2 0.0139 0.0100 0.0122 0.0252 0.0077 0.0076 0.0147 0.0143 0.8534 0.0134 0.0161 0.0115 
 H042.4_2003  2 0.0247 0.0108 0.0316 0.0156 0.0062 0.0208 0.0374 0.0102 0.7990 0.0080 0.0283 0.0073 
      H042.5  2 0.0088 0.0081 0.0065 0.0074 0.0063 0.0124 0.0059 0.0052 0.9249 0.0036 0.0067 0.0042 
      H042.6  2 0.0511 0.0078 0.0147 0.0079 0.0082 0.0174 0.0224 0.0059 0.8321 0.0150 0.0112 0.0063 
      H042.7  2 0.0166 0.0161 0.0166 0.3316 0.0175 0.0309 0.0232 0.0093 0.5148 0.0069 0.0101 0.0065 
      H042.8  2 0.0265 0.0276 0.0101 0.0643 0.0128 0.0374 0.0126 0.0087 0.7671 0.0226 0.0058 0.0046 
   H042_2002  2 0.5199 0.0420 0.0453 0.0933 0.0207 0.0779 0.0741 0.0150 0.0608 0.0311 0.0087 0.0112 
   H042_2003  2 0.5101 0.0523 0.0521 0.0966 0.0180 0.0725 0.0698 0.0103 0.0719 0.0284 0.0065 0.0114 
      H043.1  2 0.8332 0.0284 0.0108 0.0053 0.0114 0.0097 0.0141 0.0106 0.0090 0.0448 0.0131 0.0094 
      H043.2  2 0.4443 0.0182 0.0307 0.0095 0.0319 0.2133 0.0713 0.0154 0.0066 0.1446 0.0088 0.0054 
      H043.3  2 0.1542 0.0269 0.0338 0.0135 0.0233 0.0154 0.6576 0.0108 0.0109 0.0351 0.0047 0.0137 
      H043.4  2 0.6863 0.0201 0.0403 0.0089 0.0142 0.0495 0.0726 0.0115 0.0096 0.0715 0.0068 0.0088 
      H043.5  2 0.2167 0.0347 0.0257 0.0142 0.0474 0.0141 0.2720 0.0188 0.0123 0.3220 0.0099 0.0122 
      H043.6  2 0.1569 0.0051 0.0401 0.0242 0.0213 0.0129 0.4305 0.0260 0.0113 0.2495 0.0052 0.0172 
      H043.7  2 0.2636 0.1020 0.1790 0.0231 0.0126 0.1063 0.1193 0.0093 0.0122 0.1394 0.0049 0.0283 
      H043.8  2 0.1434 0.0433 0.0625 0.0306 0.3285 0.0500 0.0723 0.0421 0.0087 0.0369 0.0357 0.1461 
      H043.9  2 0.5927 0.0620 0.0200 0.0096 0.0368 0.0105 0.1344 0.0125 0.0267 0.0516 0.0170 0.0261 
      H047.1  2 0.2727 0.2324 0.0104 0.0088 0.0074 0.0081 0.4208 0.0150 0.0068 0.0057 0.0055 0.0064 
      H047.2  2 0.0071 0.7740 0.0198 0.0136 0.0122 0.0085 0.1116 0.0122 0.0131 0.0052 0.0143 0.0084 
      H047.3  2 0.0099 0.7617 0.0128 0.0301 0.0127 0.0139 0.0839 0.0138 0.0234 0.0048 0.0228 0.0101 
      H047.4  2 0.0119 0.4276 0.0263 0.0593 0.0134 0.0115 0.3742 0.0113 0.0377 0.0051 0.0090 0.0127 
      H047.5  2 0.0355 0.6847 0.0095 0.0312 0.0093 0.0325 0.1504 0.0134 0.0090 0.0040 0.0073 0.0132 
      H047.6  2 0.0052 0.8793 0.0096 0.0278 0.0056 0.0078 0.0175 0.0078 0.0196 0.0044 0.0093 0.0060 
      H047.7  2 0.1620 0.2582 0.0064 0.0450 0.0070 0.0072 0.4643 0.0141 0.0096 0.0086 0.0093 0.0084 
      H047.8  2 0.0198 0.7917 0.0141 0.0480 0.0097 0.0116 0.0490 0.0117 0.0264 0.0049 0.0071 0.0061 
      H047.9  2 0.0862 0.2890 0.0159 0.0411 0.0090 0.0828 0.3834 0.0540 0.0119 0.0041 0.0080 0.0146 
 H071.1_2002  2 0.0177 0.0055 0.0073 0.0057 0.0070 0.0063 0.9165 0.0098 0.0068 0.0056 0.0045 0.0074 
 H071.1_2003  2 0.0488 0.0118 0.0277 0.0101 0.0080 0.0456 0.7754 0.0189 0.0107 0.0084 0.0045 0.0302 
     H071.10  2 0.0060 0.0046 0.0049 0.0058 0.0080 0.0061 0.9071 0.0059 0.0054 0.0099 0.0141 0.0223 
 H071.2_2002  2 0.0106 0.0073 0.0109 0.0081 0.0085 0.0135 0.9034 0.0118 0.0059 0.0085 0.0038 0.0078 
 H071.2_2003  2 0.0065 0.0051 0.0055 0.0047 0.0038 0.0053 0.9437 0.0070 0.0060 0.0035 0.0040 0.0050 
      H071.3  2 0.0077 0.0295 0.0051 0.0073 0.0094 0.0079 0.8714 0.0056 0.0064 0.0084 0.0127 0.0286 
 H071.4_2002  2 0.0073 0.0057 0.0080 0.0084 0.0174 0.0076 0.8776 0.0112 0.0075 0.0146 0.0075 0.0271 
 H071.4_2003  2 0.0059 0.0059 0.0037 0.0041 0.0069 0.0047 0.9410 0.0056 0.0052 0.0030 0.0052 0.0089 
 H071.5_2002  2 0.0068 0.0049 0.0044 0.0050 0.0051 0.0055 0.9329 0.0056 0.0064 0.0057 0.0093 0.0085 
 H071.5_2003  2 0.0092 0.0123 0.0077 0.0071 0.0118 0.0102 0.8988 0.0073 0.0071 0.0038 0.0044 0.0205 
 H071.6_2002  2 0.0060 0.0048 0.0060 0.0066 0.0144 0.0060 0.9237 0.0072 0.0060 0.0051 0.0048 0.0095 
 H071.6_2003  2 0.0074 0.0058 0.0077 0.0061 0.0066 0.0053 0.9281 0.0052 0.0052 0.0035 0.0054 0.0138 
 H071.7_2002  2 0.0068 0.0071 0.0054 0.0057 0.0053 0.0056 0.9429 0.0050 0.0045 0.0037 0.0046 0.0036 
 H071.7_2003  2 0.0111 0.0081 0.0086 0.0071 0.0078 0.0101 0.8942 0.0082 0.0066 0.0045 0.0052 0.0285 
      H071.8  2 0.0076 0.0069 0.0061 0.0064 0.0070 0.0158 0.9172 0.0067 0.0082 0.0074 0.0054 0.0052 
      H071.9  2 0.0130 0.0208 0.0140 0.0209 0.0247 0.0136 0.8086 0.0102 0.0141 0.0179 0.0145 0.0278 
 H081.1_2002  2 0.0093 0.0041 0.0067 0.0064 0.0054 0.0149 0.9227 0.0054 0.0089 0.0036 0.0065 0.0061 
 H081.1_2003  2 0.0819 0.0189 0.1482 0.0212 0.0235 0.0158 0.0823 0.0621 0.1313 0.3197 0.0168 0.0784 
 H081.2_2002  2 0.0098 0.0063 0.0102 0.0063 0.0050 0.0265 0.9070 0.0064 0.0074 0.0050 0.0048 0.0052 
 H081.2_2003  2 0.0667 0.0105 0.0165 0.0087 0.0233 0.0395 0.0417 0.0100 0.0226 0.0114 0.0300 0.7191 
 H081.3_2002  2 0.0061 0.0146 0.0159 0.0059 0.0067 0.0258 0.8832 0.0070 0.0089 0.0079 0.0081 0.0099 
 H081.3_2003  2 0.1880 0.0145 0.0653 0.0131 0.0412 0.0312 0.0167 0.0380 0.0203 0.0195 0.0173 0.5348 
 H081.4_2002  2 0.0108 0.0060 0.0075 0.0084 0.0071 0.0068 0.9157 0.0098 0.0075 0.0037 0.0057 0.0108 
 H081.4_2003  2 0.0883 0.0075 0.0726 0.0147 0.0286 0.0205 0.0251 0.0601 0.2324 0.0173 0.0140 0.4187 
 H081.5_2002  2 0.0099 0.0069 0.0104 0.0059 0.0052 0.0085 0.9151 0.0090 0.0092 0.0053 0.0045 0.0100 
 H081.5_2003  2 0.0701 0.0175 0.1658 0.0425 0.0199 0.0477 0.0967 0.0440 0.2322 0.0306 0.0166 0.2164 
      H081.6  2 0.0100 0.0052 0.0067 0.0058 0.0068 0.0103 0.9230 0.0078 0.0068 0.0054 0.0045 0.0076 
      H081.7  2 0.0088 0.0089 0.0110 0.0078 0.0071 0.0609 0.8588 0.0080 0.0065 0.0042 0.0075 0.0105 
      H081.8  2 0.0083 0.0112 0.0116 0.0143 0.0165 0.0228 0.8098 0.0132 0.0124 0.0175 0.0130 0.0495 
      H083.1  2 0.0067 0.0067 0.0050 0.0056 0.0098 0.0065 0.8847 0.0184 0.0123 0.0086 0.0271 0.0087 
      H083.2  2 0.0146 0.0430 0.0122 0.0091 0.0133 0.0136 0.8258 0.0118 0.0078 0.0095 0.0292 0.0100 
      H083.4  2 0.0077 0.0171 0.0085 0.0087 0.0171 0.0222 0.6966 0.0076 0.0089 0.0157 0.1824 0.0076 
      H083.5  2 0.0081 0.0096 0.0058 0.0075 0.0077 0.0123 0.8281 0.0097 0.0191 0.0220 0.0630 0.0070 
      H083.6  2 0.0058 0.0081 0.0065 0.0081 0.0243 0.0139 0.7649 0.0288 0.0094 0.0132 0.1050 0.0120 
      H083.7  2 0.0089 0.0146 0.0091 0.0132 0.0133 0.0183 0.6051 0.0078 0.0062 0.0141 0.2812 0.0083 
      H083.8  2 0.0183 0.0623 0.0107 0.0061 0.0133 0.0182 0.7977 0.0161 0.0111 0.0071 0.0323 0.0068 
      H083.9  2 0.0054 0.0092 0.0044 0.0063 0.0068 0.0083 0.8020 0.0099 0.0179 0.0063 0.1166 0.0068 
      H084.1  2 0.0142 0.0164 0.0124 0.0131 0.0124 0.0071 0.0128 0.0082 0.0209 0.1122 0.0141 0.7562 
      H084.2  2 0.0120 0.0075 0.0167 0.0049 0.0215 0.0055 0.0168 0.0121 0.0522 0.1492 0.0110 0.6907 
      H084.3  2 0.0128 0.0126 0.0110 0.1358 0.0151 0.0088 0.0091 0.0434 0.0287 0.2495 0.0212 0.4520 
      H084.4  2 0.0108 0.0238 0.0256 0.0761 0.0142 0.0076 0.0120 0.0200 0.0598 0.3185 0.0099 0.4217 
      H084.5  2 0.0069 0.0193 0.0064 0.0571 0.0086 0.0078 0.0064 0.0168 0.0095 0.0241 0.0070 0.8301 
      H084.6  2 0.0062 0.0235 0.0084 0.0772 0.0079 0.0090 0.0060 0.0115 0.0087 0.0811 0.0362 0.7242 
      H084.7  2 0.0102 0.0065 0.0070 0.0095 0.0231 0.0092 0.0105 0.0068 0.0395 0.0209 0.0087 0.8481 
      H084.8  2 0.0060 0.0231 0.0080 0.0405 0.0088 0.0100 0.0055 0.0132 0.0129 0.1189 0.0105 0.7426 
 H085.1_2002  2 0.0165 0.0101 0.0227 0.0103 0.0094 0.6191 0.1539 0.0120 0.0829 0.0261 0.0215 0.0155 
 H085.1_2003  2 0.0092 0.0388 0.0119 0.0183 0.0181 0.0912 0.5360 0.0096 0.1315 0.0180 0.0783 0.0390 
 H085.2_2002  2 0.0121 0.0082 0.0655 0.0184 0.0118 0.6286 0.0187 0.0117 0.0602 0.0560 0.0796 0.0292 
 H085.2_2003  2 0.0093 0.0433 0.0246 0.0099 0.0234 0.0201 0.7100 0.0192 0.0740 0.0105 0.0394 0.0164 
 H085.3_2002  2 0.0096 0.0076 0.0160 0.0118 0.0080 0.8237 0.0139 0.0047 0.0752 0.0051 0.0135 0.0109 
 H085.3_2003  2 0.0197 0.0256 0.0091 0.0224 0.0166 0.0392 0.7819 0.0062 0.0341 0.0051 0.0068 0.0334 
 H085.4_2002  2 0.0290 0.0090 0.0488 0.0156 0.0145 0.5262 0.1647 0.0229 0.0615 0.0536 0.0273 0.0267 
 H085.4_2003  2 0.0152 0.0114 0.0265 0.0472 0.0072 0.0097 0.7026 0.0100 0.1233 0.0104 0.0088 0.0277 
 H085.5_2002  2 0.0164 0.0101 0.0087 0.0087 0.0054 0.8675 0.0238 0.0054 0.0311 0.0057 0.0048 0.0123 
 H085.5_2003  2 0.0122 0.0123 0.0074 0.0080 0.0125 0.0218 0.8260 0.0096 0.0387 0.0092 0.0285 0.0137 
 H085.6_2002  2 0.0097 0.0157 0.0184 0.0084 0.0075 0.8387 0.0167 0.0067 0.0404 0.0128 0.0131 0.0119 
 H085.6_2003  2 0.0292 0.2058 0.0837 0.0878 0.0133 0.0802 0.2151 0.0112 0.2089 0.0081 0.0056 0.0511 
 H085.7_2002  2 0.0079 0.0167 0.1067 0.0087 0.0099 0.6132 0.0406 0.0093 0.1208 0.0119 0.0353 0.0189 
 H085.7_2003  2 0.0217 0.0322 0.0084 0.0328 0.0157 0.0201 0.7765 0.0116 0.0345 0.0102 0.0105 0.0258 
 H085.8_2002  2 0.0131 0.0138 0.0582 0.0195 0.0113 0.7783 0.0246 0.0055 0.0267 0.0106 0.0112 0.0271 
 H085.8_2003  2 0.0140 0.0292 0.0301 0.0572 0.0139 0.0298 0.1925 0.0185 0.4875 0.0156 0.0881 0.0236 
      H085.9  2 0.0164 0.0109 0.0251 0.0115 0.0082 0.6834 0.1039 0.0075 0.0758 0.0243 0.0173 0.0157 
      H088.1  2 0.0172 0.0082 0.0111 0.0109 0.0227 0.0255 0.0102 0.0073 0.8577 0.0097 0.0120 0.0074 
      H088.2  2 0.0068 0.0101 0.0097 0.0071 0.0099 0.0173 0.0057 0.0109 0.9009 0.0052 0.0080 0.0084 
      H088.3  2 0.0059 0.0104 0.0087 0.0073 0.0065 0.0099 0.0056 0.0068 0.9197 0.0063 0.0071 0.0058 
      H088.4  2 0.0070 0.0058 0.0091 0.0050 0.0108 0.0046 0.0080 0.0053 0.9254 0.0056 0.0034 0.0099 
      H088.5  2 0.0070 0.0053 0.0068 0.0075 0.0079 0.0048 0.0050 0.0048 0.9332 0.0054 0.0044 0.0079 
      H088.6  2 0.0055 0.0088 0.0094 0.0094 0.0126 0.0058 0.0110 0.0078 0.9079 0.0069 0.0054 0.0095 
      H088.7  2 0.0053 0.0417 0.0068 0.0150 0.0067 0.0065 0.0160 0.0069 0.8756 0.0066 0.0064 0.0065 
      H088.8  2 0.0097 0.0223 0.0068 0.0078 0.0194 0.0061 0.0318 0.0120 0.8588 0.0057 0.0070 0.0127 
      H091.1  2 0.0101 0.0091 0.0054 0.0161 0.0176 0.0081 0.0391 0.0237 0.8103 0.0063 0.0405 0.0137 
      H091.2  2 0.0152 0.0223 0.0103 0.0525 0.0435 0.0114 0.0443 0.0197 0.6943 0.0052 0.0708 0.0104 
      H109.1  2 0.0570 0.2989 0.0100 0.0907 0.1491 0.0279 0.0306 0.0146 0.0076 0.0466 0.1431 0.1240 
      H109.2  2 0.0261 0.0435 0.0256 0.0722 0.0328 0.0118 0.0939 0.0127 0.0193 0.0135 0.0252 0.6235 
      H109.3  2 0.0145 0.5037 0.0118 0.0392 0.1564 0.0197 0.0440 0.0555 0.0372 0.0152 0.0087 0.0940 
      H109.4  2 0.0511 0.0815 0.0153 0.0612 0.4890 0.0228 0.0389 0.0164 0.0245 0.0312 0.0151 0.1529 
      H109.5  2 0.0122 0.1289 0.0112 0.1030 0.0172 0.0392 0.3583 0.0423 0.2223 0.0056 0.0067 0.0531 
      H109.6  2 0.0718 0.1235 0.0209 0.0691 0.0675 0.0271 0.0543 0.0354 0.0200 0.0180 0.0144 0.4781 
      H126.1  2 0.2968 0.0267 0.1191 0.1022 0.1819 0.1592 0.0131 0.0291 0.0280 0.0173 0.0122 0.0144 
      H126.2  2 0.2381 0.0185 0.0377 0.0155 0.0666 0.0322 0.4896 0.0089 0.0156 0.0488 0.0157 0.0127 
      H126.3  2 0.0476 0.0307 0.0202 0.0890 0.0903 0.0307 0.6014 0.0181 0.0285 0.0258 0.0123 0.0056 
      H126.4  2 0.5230 0.0177 0.0753 0.0169 0.1331 0.0735 0.0466 0.0319 0.0220 0.0181 0.0242 0.0176 
      H126.5  2 0.7521 0.0083 0.0306 0.0167 0.0223 0.0166 0.0939 0.0302 0.0072 0.0054 0.0084 0.0083 
      H126.6  2 0.0196 0.0197 0.0389 0.0092 0.0077 0.0290 0.8015 0.0396 0.0141 0.0049 0.0112 0.0045 
      H126.7  2 0.0207 0.0112 0.0066 0.0059 0.0156 0.0187 0.8748 0.0092 0.0196 0.0036 0.0067 0.0072 
      H130.1  2 0.0153 0.0117 0.8491 0.0084 0.0161 0.0127 0.0091 0.0084 0.0440 0.0072 0.0088 0.0091 
      H130.2  2 0.0103 0.0382 0.1020 0.0108 0.0840 0.0209 0.0383 0.0163 0.0420 0.0085 0.0409 0.5878 
      H130.3  2 0.0118 0.0215 0.1797 0.0070 0.5674 0.0068 0.0411 0.0123 0.0523 0.0056 0.0060 0.0886 
      H130.4  2 0.0311 0.0171 0.6332 0.0102 0.1125 0.0213 0.0090 0.0461 0.0350 0.0286 0.0223 0.0336 
      H130.5  2 0.0126 0.0113 0.3876 0.0152 0.0246 0.0278 0.0808 0.0122 0.1861 0.0058 0.0354 0.2007 
      H133.1  2 0.0287 0.1806 0.1389 0.0202 0.1254 0.0376 0.0805 0.0209 0.1034 0.1595 0.0226 0.0816 
      H133.2  2 0.0759 0.2498 0.1379 0.0157 0.0490 0.0594 0.0332 0.0692 0.1296 0.0147 0.0098 0.1558 
      H133.3  2 0.0110 0.0787 0.0270 0.0254 0.0452 0.1583 0.1309 0.0592 0.2936 0.1030 0.0182 0.0494 
      H133.4  2 0.0504 0.6177 0.0627 0.0159 0.0503 0.0164 0.0179 0.0375 0.0141 0.0531 0.0148 0.0491 
      H133.5  2 0.0218 0.0248 0.0470 0.0071 0.4764 0.0772 0.0154 0.0629 0.1930 0.0255 0.0091 0.0399 
      H133.6  2 0.0857 0.0264 0.0622 0.0094 0.1266 0.0469 0.0121 0.0225 0.4428 0.0136 0.0162 0.1358 
      H133.7  2 0.0237 0.6174 0.0317 0.0775 0.0147 0.0353 0.0242 0.0357 0.0339 0.0675 0.0116 0.0269 
      H133.8  2 0.0214 0.2862 0.0852 0.0379 0.1795 0.1190 0.0286 0.0247 0.0501 0.1068 0.0263 0.0343 
      H133.9  2 0.0283 0.1273 0.1721 0.0164 0.1804 0.0318 0.0353 0.0245 0.1304 0.1645 0.0347 0.0542 
      H147.1  2 0.0186 0.0568 0.0113 0.1305 0.0049 0.0531 0.4716 0.0115 0.1101 0.0196 0.0321 0.0800 
      H147.2  2 0.0121 0.0085 0.0101 0.0116 0.0057 0.0080 0.8968 0.0055 0.0131 0.0056 0.0052 0.0179 
      H147.3  2 0.0095 0.0084 0.0073 0.0097 0.0065 0.0391 0.8773 0.0069 0.0062 0.0050 0.0072 0.0169 
      H147.4  2 0.0062 0.0187 0.0046 0.0135 0.0050 0.0201 0.8608 0.0068 0.0081 0.0192 0.0119 0.0251 
      H147.5  2 0.0199 0.0234 0.0072 0.0212 0.0244 0.0319 0.6320 0.0120 0.1047 0.0090 0.0259 0.0883 
      H147.6  2 0.0213 0.0474 0.0096 0.0188 0.0169 0.0315 0.5424 0.0138 0.1634 0.0086 0.0240 0.1022 
      H147.7  2 0.0080 0.0179 0.0074 0.0223 0.0045 0.0175 0.8310 0.0108 0.0092 0.0234 0.0155 0.0324 
      H147.8  2 0.0046 0.0710 0.0039 0.0169 0.0092 0.0112 0.7568 0.0091 0.0421 0.0226 0.0238 0.0287 
      H147.9  2 0.0094 0.0073 0.0088 0.0067 0.0051 0.0186 0.9117 0.0049 0.0048 0.0054 0.0072 0.0102 
      H148.1  2 0.0201 0.0204 0.4933 0.2255 0.0320 0.0138 0.0163 0.0150 0.0257 0.0413 0.0228 0.0738 
      H148.2  2 0.0153 0.0182 0.0678 0.7308 0.0190 0.0183 0.0205 0.0129 0.0086 0.0372 0.0218 0.0297 
      H148.3  2 0.0175 0.0147 0.0103 0.5789 0.0085 0.2663 0.0108 0.0154 0.0167 0.0356 0.0110 0.0143 
      H148.4  2 0.0099 0.0186 0.3173 0.5092 0.0253 0.0222 0.0139 0.0121 0.0191 0.0322 0.0084 0.0120 
      H148.5  2 0.0225 0.0262 0.0137 0.6904 0.0254 0.0262 0.0111 0.0205 0.0330 0.0566 0.0173 0.0572 
      H148.6  2 0.0132 0.0150 0.0998 0.6163 0.0127 0.0197 0.0198 0.0112 0.0213 0.1122 0.0370 0.0219 
      H148.7  2 0.0135 0.0749 0.0354 0.5854 0.1384 0.0113 0.0104 0.0186 0.0282 0.0361 0.0170 0.0308 
      H148.8  2 0.0103 0.0125 0.0641 0.7996 0.0114 0.0152 0.0048 0.0105 0.0221 0.0296 0.0093 0.0107 
      H148.9  2 0.0603 0.1261 0.0430 0.4101 0.0413 0.0690 0.0102 0.0197 0.0137 0.1557 0.0223 0.0286 
   H166022.1  2 0.0062 0.0099 0.0097 0.0154 0.0054 0.0121 0.0127 0.0049 0.8558 0.0086 0.0471 0.0121 
   H166022.2  2 0.0087 0.0534 0.0140 0.0216 0.0156 0.0222 0.0492 0.0173 0.6500 0.0152 0.0540 0.0786 
   H166022.3  2 0.0077 0.0149 0.0184 0.0101 0.0245 0.0047 0.0051 0.0093 0.7199 0.0082 0.1652 0.0120 
   H166022.4  2 0.0056 0.0072 0.0067 0.0080 0.0166 0.0046 0.0061 0.0101 0.9067 0.0047 0.0114 0.0123 
   H166022.5  2 0.0052 0.0111 0.0082 0.0101 0.0109 0.0062 0.0087 0.0120 0.8720 0.0051 0.0203 0.0301 
   H166022.6  2 0.0107 0.0387 0.0385 0.0170 0.0107 0.0067 0.0087 0.0113 0.7733 0.0279 0.0430 0.0135 
   H166022.7  2 0.0172 0.0100 0.0117 0.0056 0.8773 0.0063 0.0116 0.0071 0.0073 0.0243 0.0058 0.0157 
   H166022.8  2 0.0102 0.0217 0.1315 0.0234 0.0133 0.0216 0.0213 0.0683 0.4489 0.0089 0.1350 0.0958 
   H167397.1  2 0.0225 0.0229 0.0143 0.1432 0.0103 0.0157 0.0511 0.0553 0.1223 0.4996 0.0073 0.0356 
   H167397.2  2 0.0091 0.0240 0.0499 0.0471 0.0118 0.0950 0.0344 0.2102 0.0158 0.4373 0.0516 0.0137 
   H167397.3  2 0.0074 0.0163 0.0136 0.0941 0.0071 0.0086 0.0419 0.2009 0.0242 0.5566 0.0161 0.0131 
   H167397.4  2 0.0060 0.0717 0.0097 0.0561 0.0138 0.0834 0.0443 0.0166 0.0154 0.6529 0.0161 0.0141 
   H167397.5  2 0.0250 0.0135 0.0390 0.0398 0.0295 0.0153 0.0378 0.0505 0.0548 0.6431 0.0233 0.0284 
   H167397.6  2 0.0124 0.0327 0.0132 0.2085 0.0102 0.0150 0.0349 0.0545 0.0243 0.5695 0.0181 0.0065 
   H167496.1  2 0.0121 0.0161 0.0197 0.0487 0.0267 0.0223 0.0099 0.0622 0.7311 0.0101 0.0209 0.0202 
   H167496.2  2 0.0140 0.1285 0.1061 0.1423 0.0463 0.0340 0.1550 0.0604 0.1338 0.0156 0.0099 0.1541 
   H167496.3  2 0.0390 0.0282 0.0447 0.0349 0.0217 0.2775 0.0253 0.0229 0.4267 0.0077 0.0565 0.0151 
   H167496.4  2 0.0063 0.0074 0.0050 0.0050 0.0060 0.0086 0.0116 0.0060 0.9264 0.0052 0.0069 0.0057 
   H167496.6  2 0.0100 0.0086 0.0089 0.0072 0.0101 0.0075 0.0244 0.0086 0.8919 0.0064 0.0060 0.0104 
   H167496.7  2 0.0392 0.0440 0.4559 0.1712 0.0351 0.0109 0.0160 0.0589 0.0957 0.0068 0.0299 0.0365 
   H167496.8  2 0.0087 0.0161 0.0075 0.0135 0.0079 0.0069 0.0350 0.0088 0.8677 0.0073 0.0089 0.0118 
   H167513.1  2 0.0050 0.9222 0.0092 0.0073 0.0081 0.0064 0.0059 0.0072 0.0075 0.0059 0.0080 0.0074 
   H167513.2  2 0.0327 0.8020 0.0186 0.0335 0.0093 0.0139 0.0085 0.0087 0.0195 0.0267 0.0091 0.0174 
   H167513.3  2 0.0119 0.8804 0.0075 0.0070 0.0212 0.0082 0.0060 0.0102 0.0084 0.0091 0.0099 0.0205 
