      H105.1  1 0.1149 0.0077 0.0040 0.0061 0.0165 0.0134 0.0092 0.0065 0.0517 0.0164 0.0049 0.0082 0.0063 0.0112 0.0108 0.0174 0.0165 0.0085 0.0039 0.0049 0.0085 0.0104 0.6353 0.0067 
      H105.2  1 0.0797 0.0066 0.0288 0.0244 0.0086 0.0107 0.0423 0.0123 0.0363 0.0252 0.0120 0.0161 0.0074 0.0326 0.0596 0.0058 0.0126 0.0258 0.0183 0.0168 0.0343 0.0067 0.4634 0.0139 
      H105.3  1 0.0077 0.0037 0.0054 0.0111 0.0058 0.0090 0.0090 0.0079 0.0125 0.0185 0.0070 0.0047 0.0075 0.0073 0.0055 0.0085 0.0111 0.0144 0.0154 0.0099 0.0094 0.0123 0.7919 0.0044 
      H105.4  1 0.0519 0.0178 0.0143 0.0111 0.0071 0.0079 0.0084 0.0239 0.0952 0.0066 0.0062 0.0128 0.0137 0.0109 0.0357 0.0102 0.0219 0.0204 0.0954 0.0310 0.0230 0.0115 0.4536 0.0094 
      H105.5  1 0.1391 0.0122 0.0068 0.0286 0.0255 0.0099 0.0201 0.0292 0.1304 0.0518 0.0091 0.0291 0.0305 0.1492 0.0302 0.0306 0.0520 0.0315 0.0494 0.0214 0.0336 0.0174 0.0391 0.0231 
      H105.6  1 0.0061 0.0062 0.0043 0.0090 0.0038 0.0074 0.0035 0.0164 0.0283 0.0059 0.0036 0.0054 0.0098 0.0068 0.0080 0.0086 0.0086 0.0114 0.0205 0.0070 0.0354 0.0122 0.7587 0.0131 
      H105.7  1 0.0193 0.0104 0.0056 0.0063 0.0175 0.0317 0.0049 0.0112 0.0915 0.0079 0.0045 0.0040 0.0121 0.0071 0.0415 0.0100 0.0198 0.0049 0.0070 0.0074 0.0096 0.0064 0.6521 0.0073 
      H105.8  1 0.0376 0.0037 0.0162 0.0065 0.0046 0.0346 0.0113 0.0048 0.0225 0.0137 0.0071 0.0086 0.0085 0.0037 0.0076 0.0086 0.0072 0.0210 0.0079 0.0119 0.0121 0.0042 0.7285 0.0076 
      H115.1  1 0.0063 0.0044 0.0134 0.0069 0.0141 0.0135 0.0047 0.0083 0.0074 0.0167 0.0074 0.0107 0.0076 0.0060 0.0095 0.0097 0.0070 0.0114 0.0087 0.0075 0.6724 0.0179 0.0084 0.1200 
      H115.2  1 0.0052 0.0056 0.0242 0.0080 0.0100 0.0082 0.0058 0.0048 0.0058 0.0066 0.0080 0.0108 0.0087 0.0097 0.0060 0.0064 0.0043 0.0079 0.0068 0.0065 0.0175 0.0140 0.0120 0.7971 
      H115.3  1 0.0047 0.0044 0.0112 0.0114 0.0166 0.0088 0.0137 0.0031 0.0095 0.0056 0.0058 0.0492 0.0215 0.0510 0.0056 0.0105 0.0102 0.0083 0.1425 0.0336 0.0221 0.0355 0.0123 0.5029 
      H115.4  1 0.0048 0.0061 0.0345 0.0055 0.0470 0.0105 0.0342 0.0049 0.0127 0.0753 0.0065 0.3292 0.0436 0.2150 0.0073 0.0066 0.0059 0.0373 0.0071 0.0104 0.0336 0.0279 0.0078 0.0262 
      H115.5  1 0.0073 0.0153 0.0111 0.0061 0.0347 0.0263 0.0824 0.0200 0.0165 0.0188 0.0599 0.0392 0.0095 0.0219 0.0110 0.0302 0.0221 0.0142 0.0475 0.0177 0.0340 0.0973 0.0284 0.3285 
      H115.6  1 0.0058 0.0085 0.0082 0.0536 0.0169 0.0172 0.0299 0.0049 0.0078 0.0127 0.0139 0.0568 0.0261 0.1874 0.0394 0.0133 0.0148 0.0046 0.0303 0.0162 0.0155 0.0335 0.0084 0.3742 
      H115.7  1 0.0057 0.0131 0.0139 0.0232 0.0284 0.0048 0.0159 0.0073 0.0067 0.0108 0.0036 0.0276 0.0165 0.1057 0.0487 0.0060 0.0119 0.0085 0.0216 0.0082 0.4718 0.0207 0.0069 0.1128 
      H115.8  1 0.0064 0.0049 0.0118 0.0142 0.0210 0.0369 0.0234 0.0055 0.0090 0.0091 0.0608 0.0853 0.0084 0.0347 0.0148 0.0238 0.0066 0.0052 0.0157 0.0180 0.0219 0.0421 0.0126 0.5082 
      H115.9  1 0.0061 0.0042 0.0082 0.0082 0.0158 0.0267 0.0052 0.0113 0.0192 0.0211 0.0053 0.0078 0.0063 0.0058 0.0052 0.0104 0.0106 0.0152 0.0312 0.0122 0.0897 0.0209 0.0045 0.6490 
      H145.1  1 0.0076 0.7801 0.0058 0.0391 0.0054 0.0080 0.0033 0.0050 0.0126 0.0066 0.0251 0.0107 0.0065 0.0069 0.0034 0.0059 0.0070 0.0043 0.0175 0.0047 0.0127 0.0090 0.0045 0.0083 
      H145.2  1 0.0142 0.5998 0.0058 0.0200 0.0086 0.0068 0.0036 0.0073 0.0211 0.0062 0.0323 0.0102 0.0119 0.0066 0.0193 0.0074 0.0045 0.0107 0.1565 0.0035 0.0085 0.0208 0.0074 0.0069 
      H145.3  1 0.0058 0.7465 0.0049 0.0314 0.0058 0.0195 0.0139 0.0052 0.0121 0.0031 0.0587 0.0085 0.0055 0.0053 0.0053 0.0098 0.0052 0.0057 0.0055 0.0143 0.0157 0.0037 0.0039 0.0044 
      H145.4  1 0.0035 0.8865 0.0048 0.0084 0.0055 0.0056 0.0033 0.0055 0.0060 0.0037 0.0085 0.0053 0.0042 0.0041 0.0037 0.0031 0.0033 0.0040 0.0042 0.0060 0.0045 0.0078 0.0044 0.0042 
      H145.5  1 0.0058 0.6717 0.0044 0.0514 0.0051 0.0096 0.0068 0.0060 0.0067 0.0050 0.1620 0.0067 0.0044 0.0079 0.0037 0.0068 0.0045 0.0041 0.0048 0.0055 0.0048 0.0059 0.0030 0.0033 
      H145.6  1 0.0087 0.7402 0.0034 0.0067 0.0076 0.0055 0.0091 0.0046 0.0092 0.0041 0.0135 0.0086 0.0049 0.0057 0.0308 0.0053 0.0039 0.0063 0.0985 0.0040 0.0037 0.0055 0.0063 0.0039 
      H145.7  1 0.0055 0.8729 0.0034 0.0068 0.0066 0.0054 0.0128 0.0042 0.0067 0.0033 0.0043 0.0100 0.0046 0.0048 0.0046 0.0030 0.0031 0.0051 0.0056 0.0061 0.0065 0.0080 0.0033 0.0034 
      H149.1  1 0.0036 0.0044 0.0036 0.0052 0.0034 0.0039 0.0028 0.0038 0.0040 0.0031 0.0038 0.0026 0.0033 0.0032 0.0036 0.0055 0.0031 0.0038 0.0035 0.0035 0.0038 0.9163 0.0029 0.0033 
      H149.2  1 0.0052 0.0234 0.0047 0.0058 0.0111 0.0035 0.0044 0.0043 0.0057 0.0046 0.0036 0.0031 0.0030 0.0127 0.0132 0.0042 0.0081 0.0049 0.0064 0.0041 0.0048 0.8503 0.0052 0.0036 
      H149.3  1 0.0066 0.0456 0.0201 0.0088 0.0227 0.0088 0.0090 0.0104 0.0077 0.0040 0.0050 0.0090 0.0046 0.0323 0.0196 0.0061 0.0144 0.0133 0.0139 0.0158 0.0135 0.6910 0.0106 0.0074 
      H149.4  1 0.0212 0.0042 0.0043 0.0074 0.0077 0.0045 0.0032 0.0043 0.0045 0.0032 0.0082 0.0045 0.0189 0.0051 0.0087 0.0059 0.0058 0.0097 0.0066 0.0042 0.0092 0.8325 0.0125 0.0038 
      H149.5  1 0.0481 0.0877 0.0136 0.0053 0.0904 0.0063 0.0073 0.0090 0.0104 0.0055 0.0041 0.0055 0.0108 0.0103 0.0330 0.0053 0.0197 0.0309 0.0074 0.0063 0.0106 0.5553 0.0139 0.0031 
      H149.6  1 0.0051 0.0278 0.0059 0.0050 0.0126 0.0034 0.0035 0.0055 0.0057 0.0063 0.0037 0.0040 0.0037 0.0140 0.0298 0.0032 0.0071 0.0045 0.0054 0.0041 0.0053 0.8247 0.0069 0.0028 
      H149.7  1 0.0349 0.0257 0.0168 0.0133 0.0322 0.0158 0.0085 0.0402 0.0067 0.0091 0.0100 0.0095 0.0244 0.0109 0.0711 0.0095 0.0103 0.0310 0.0163 0.0127 0.0170 0.5455 0.0232 0.0054 
      H150.1  1 0.0081 0.0042 0.0052 0.0060 0.0054 0.0066 0.0047 0.0052 0.0044 0.0041 0.0098 0.0097 0.0069 0.0100 0.0042 0.0044 0.0069 0.0028 0.0085 0.0054 0.0240 0.0029 0.0070 0.8435 
      H150.2  1 0.0038 0.0049 0.0085 0.0116 0.0143 0.0048 0.0087 0.0055 0.0034 0.0111 0.0140 0.0801 0.0121 0.0427 0.0188 0.0127 0.0114 0.0053 0.0073 0.0048 0.0557 0.0134 0.0125 0.6324 
      H150.3  1 0.0057 0.0082 0.0059 0.0128 0.0056 0.0065 0.0088 0.0095 0.0047 0.0076 0.0082 0.0107 0.0056 0.0135 0.0150 0.0104 0.0078 0.0039 0.0069 0.0057 0.4079 0.0058 0.0078 0.4156 
      H150.4  1 0.0054 0.0077 0.0028 0.0073 0.0062 0.0064 0.0098 0.0063 0.0070 0.0059 0.0110 0.0102 0.0042 0.0086 0.0078 0.0050 0.0051 0.0029 0.0068 0.0055 0.0143 0.0039 0.0048 0.8451 
      H150.5  1 0.0054 0.0085 0.0310 0.0107 0.0152 0.0062 0.0120 0.0057 0.0068 0.0041 0.0042 0.0434 0.0234 0.0566 0.0148 0.0125 0.0167 0.0058 0.0166 0.0156 0.0263 0.0119 0.0415 0.6050 
      H150.6  1 0.0050 0.0057 0.0430 0.0112 0.0214 0.0039 0.0540 0.0063 0.0038 0.0066 0.0132 0.0501 0.0347 0.2028 0.0136 0.0050 0.0117 0.0068 0.0109 0.0083 0.0701 0.0077 0.0694 0.3346 
      H150.7  1 0.0062 0.0055 0.0042 0.0099 0.0036 0.0058 0.0051 0.0044 0.0051 0.0045 0.0060 0.0141 0.0042 0.0067 0.0046 0.0068 0.0040 0.0026 0.0150 0.0047 0.0118 0.0037 0.0053 0.8561 
   H169607.1  1 0.0485 0.0988 0.2156 0.0372 0.0152 0.0151 0.0124 0.0075 0.0119 0.0895 0.0238 0.1085 0.0071 0.0098 0.0192 0.0052 0.0936 0.0167 0.0263 0.0217 0.0405 0.0071 0.0082 0.0604 
   H169607.2  1 0.0325 0.1972 0.0651 0.0883 0.0126 0.0502 0.0090 0.0051 0.1434 0.0305 0.0043 0.0194 0.0489 0.0079 0.0118 0.0122 0.0810 0.0213 0.0167 0.0098 0.0464 0.0073 0.0067 0.0723 
   H169607.3  1 0.1281 0.2223 0.0526 0.0192 0.0597 0.0407 0.0227 0.0069 0.0438 0.0128 0.0109 0.0448 0.0056 0.0096 0.0783 0.0080 0.0595 0.0335 0.0290 0.0653 0.0135 0.0072 0.0067 0.0193 
   H169607.4  1 0.0618 0.2476 0.0398 0.2970 0.0066 0.0089 0.0070 0.0072 0.0682 0.0143 0.0064 0.0067 0.0160 0.0052 0.0139 0.0093 0.0938 0.0063 0.0267 0.0172 0.0102 0.0039 0.0075 0.0184 
   H169607.5  1 0.0104 0.0991 0.0272 0.0279 0.0807 0.0304 0.0073 0.0044 0.1293 0.0106 0.0064 0.0343 0.0586 0.0095 0.0128 0.0065 0.1767 0.0205 0.0299 0.0083 0.0529 0.0106 0.0056 0.1401 
   H169607.6  1 0.0620 0.1573 0.0582 0.0308 0.0099 0.0280 0.0136 0.0039 0.3683 0.0233 0.0033 0.0238 0.0260 0.0073 0.0122 0.0057 0.0558 0.0316 0.0126 0.0084 0.0195 0.0071 0.0059 0.0257 
   H169607.7  1 0.0399 0.0385 0.1287 0.0208 0.0076 0.0731 0.0192 0.0039 0.0666 0.0251 0.0061 0.2913 0.0321 0.0108 0.0138 0.0070 0.0626 0.0341 0.0125 0.0083 0.0406 0.0085 0.0184 0.0305 
   H169607.8  1 0.0624 0.0761 0.0974 0.1396 0.0082 0.0167 0.0083 0.0073 0.2872 0.0128 0.0043 0.0080 0.0110 0.0040 0.0142 0.0082 0.1373 0.0083 0.0227 0.0292 0.0188 0.0037 0.0046 0.0096 
   H169633.1  1 0.0057 0.0201 0.0112 0.0107 0.0096 0.0059 0.0140 0.0090 0.0060 0.0087 0.0188 0.0108 0.0030 0.0173 0.0092 0.0301 0.0050 0.0053 0.0134 0.0105 0.0230 0.7292 0.0157 0.0078 
   H169633.2  1 0.0065 0.0140 0.0267 0.0049 0.0049 0.0125 0.0090 0.0088 0.0032 0.0410 0.0076 0.0198 0.0070 0.0170 0.0572 0.0122 0.0030 0.0130 0.0050 0.0053 0.0082 0.6926 0.0166 0.0043 
   H169633.3  1 0.0048 0.0119 0.0080 0.0071 0.0107 0.0144 0.0083 0.0151 0.0044 0.0071 0.0062 0.0063 0.0047 0.0227 0.0048 0.0133 0.0055 0.0119 0.0059 0.0055 0.0096 0.7872 0.0133 0.0113 
   H169633.4  1 0.0057 0.0108 0.0054 0.0127 0.0141 0.0077 0.0092 0.0078 0.0054 0.0069 0.0148 0.0048 0.0050 0.0132 0.0042 0.0076 0.0056 0.0089 0.0191 0.0068 0.0180 0.7783 0.0180 0.0102 
   H169633.5  1 0.0060 0.0142 0.0059 0.0133 0.0139 0.0057 0.0069 0.0084 0.0064 0.0053 0.0127 0.0047 0.0048 0.0100 0.0046 0.0087 0.0055 0.0074 0.0197 0.0058 0.0147 0.7835 0.0223 0.0098 
   H169688.1  1 0.0056 0.1655 0.0959 0.0255 0.0059 0.0074 0.0506 0.0368 0.0772 0.0111 0.0057 0.1706 0.0058 0.0053 0.1141 0.0066 0.0081 0.0379 0.0041 0.0320 0.0927 0.0134 0.0048 0.0173 
   H169688.2  1 0.0107 0.0254 0.2981 0.0057 0.0056 0.0102 0.0311 0.0217 0.0120 0.0052 0.0092 0.1862 0.0176 0.0050 0.1232 0.0378 0.0077 0.0116 0.0047 0.1160 0.0155 0.0068 0.0138 0.0190 
   H169688.3  1 0.0177 0.0212 0.0340 0.0063 0.0099 0.0032 0.0118 0.0099 0.0100 0.0044 0.0075 0.7072 0.0151 0.0057 0.0370 0.0158 0.0039 0.0036 0.0034 0.0145 0.0176 0.0108 0.0105 0.0189 
   H169688.4  1 0.0058 0.0076 0.0118 0.0061 0.0072 0.0042 0.0099 0.0088 0.0076 0.0044 0.0111 0.6934 0.0108 0.0042 0.0122 0.0253 0.0047 0.0044 0.0069 0.0189 0.0143 0.0063 0.0070 0.1073 
   H169688.5  1 0.0061 0.0085 0.0136 0.0063 0.0089 0.0057 0.0134 0.0087 0.0062 0.0037 0.0112 0.6903 0.0106 0.0035 0.0103 0.0296 0.0043 0.0043 0.0064 0.0203 0.0166 0.0089 0.0051 0.0977 
   H169688.6  1 0.0089 0.0636 0.0684 0.0079 0.0071 0.0063 0.0295 0.0097 0.0344 0.0040 0.0411 0.3327 0.0292 0.0032 0.0752 0.0254 0.0060 0.1074 0.0079 0.0152 0.0504 0.0176 0.0192 0.0297 
   H169688.7  1 0.0123 0.0235 0.0172 0.0092 0.0070 0.0052 0.0177 0.0132 0.0045 0.0051 0.0093 0.7656 0.0118 0.0114 0.0073 0.0210 0.0043 0.0041 0.0055 0.0152 0.0060 0.0105 0.0054 0.0076 
   H171901.1  1 0.0436 0.0272 0.0120 0.0101 0.0123 0.0078 0.0122 0.0158 0.0123 0.0106 0.0551 0.0783 0.0098 0.0266 0.5060 0.0115 0.0083 0.0064 0.0601 0.0092 0.0163 0.0121 0.0101 0.0263 
   H171901.2  1 0.0076 0.0121 0.0060 0.0157 0.0049 0.0086 0.0043 0.0057 0.0130 0.0054 0.0062 0.0086 0.0109 0.0119 0.0053 0.0300 0.0056 0.0038 0.0092 0.0178 0.0050 0.7833 0.0082 0.0108 
   H171901.3  1 0.0080 0.0132 0.0080 0.0163 0.0124 0.0065 0.0150 0.0082 0.0077 0.0048 0.0059 0.0238 0.0117 0.0090 0.0505 0.0363 0.0056 0.0127 0.0175 0.0575 0.0090 0.6386 0.0058 0.0160 
   H171901.4  1 0.0092 0.0093 0.0074 0.0127 0.0063 0.0077 0.0057 0.0044 0.0091 0.0074 0.0072 0.0221 0.0161 0.0096 0.0089 0.0307 0.0122 0.0071 0.0086 0.0118 0.0081 0.7491 0.0207 0.0085 
   H171901.5  1 0.0163 0.0163 0.0215 0.0385 0.0117 0.0064 0.0053 0.0067 0.0075 0.0085 0.0072 0.0188 0.0198 0.0126 0.0145 0.0278 0.0175 0.0076 0.0168 0.0244 0.0048 0.6622 0.0161 0.0111 
   H171901.6  1 0.0137 0.0658 0.0113 0.0636 0.0081 0.0068 0.0042 0.0157 0.0119 0.0113 0.0064 0.0151 0.0221 0.0187 0.0200 0.0297 0.0267 0.0095 0.0269 0.0227 0.0061 0.5105 0.0334 0.0397 
   H171901.7  1 0.0091 0.0539 0.0166 0.0140 0.0131 0.0177 0.0086 0.0138 0.0117 0.0053 0.0056 0.0568 0.0412 0.0131 0.0194 0.0290 0.0062 0.0327 0.0117 0.0270 0.0160 0.5351 0.0116 0.0311 
   H171902.1  1 0.0062 0.0141 0.0278 0.6886 0.0037 0.0115 0.0083 0.0102 0.0080 0.0251 0.0482 0.0103 0.0120 0.0043 0.0061 0.0105 0.0110 0.0198 0.0099 0.0127 0.0196 0.0098 0.0051 0.0171 
  H171902.10  1 0.0071 0.0051 0.0422 0.8076 0.0035 0.0044 0.0087 0.0034 0.0074 0.0055 0.0078 0.0096 0.0072 0.0076 0.0048 0.0047 0.0061 0.0088 0.0057 0.0110 0.0081 0.0133 0.0039 0.0064 
   H171902.2  1 0.0121 0.0187 0.1425 0.3352 0.0060 0.0600 0.0499 0.0172 0.0080 0.0149 0.0582 0.0157 0.0090 0.0067 0.0206 0.0264 0.0265 0.0218 0.0049 0.0462 0.0393 0.0192 0.0257 0.0153 
   H171902.3  1 0.0288 0.0137 0.0664 0.5782 0.0056 0.0126 0.0109 0.0097 0.0117 0.0119 0.0093 0.0327 0.0163 0.0094 0.0128 0.0190 0.0145 0.0185 0.0059 0.0088 0.0167 0.0536 0.0076 0.0254 
   H171902.4  1 0.0028 0.0065 0.0064 0.8259 0.0036 0.0066 0.0049 0.0051 0.0047 0.0046 0.0133 0.0057 0.0032 0.0061 0.0060 0.0115 0.0033 0.0058 0.0040 0.0069 0.0060 0.0422 0.0062 0.0087 
   H171902.6  1 0.0082 0.0057 0.0183 0.8551 0.0036 0.0048 0.0054 0.0064 0.0081 0.0046 0.0063 0.0046 0.0049 0.0066 0.0040 0.0031 0.0052 0.0087 0.0067 0.0065 0.0065 0.0067 0.0025 0.0076 
   H171902.7  1 0.0100 0.0135 0.0156 0.7805 0.0053 0.0038 0.0040 0.0037 0.0107 0.0066 0.0177 0.0091 0.0092 0.0151 0.0154 0.0058 0.0177 0.0054 0.0073 0.0073 0.0074 0.0172 0.0058 0.0059 
   H171902.8  1 0.0238 0.0070 0.0287 0.7682 0.0059 0.0062 0.0084 0.0041 0.0085 0.0076 0.0122 0.0098 0.0118 0.0090 0.0064 0.0053 0.0089 0.0114 0.0076 0.0102 0.0109 0.0144 0.0037 0.0101 
   H171902.9  1 0.0049 0.0102 0.0115 0.7475 0.0041 0.0078 0.0045 0.0088 0.0079 0.0057 0.0245 0.0072 0.0068 0.0053 0.0060 0.0122 0.0060 0.0051 0.0081 0.0107 0.0216 0.0067 0.0076 0.0591 
   H171903.1  1 0.0044 0.0234 0.0122 0.0080 0.0099 0.0201 0.0054 0.0056 0.5220 0.0232 0.0052 0.0533 0.0973 0.0100 0.0090 0.0157 0.0355 0.0104 0.0077 0.0147 0.0169 0.0130 0.0106 0.0665 
   H171903.2  1 0.0388 0.0135 0.0123 0.0111 0.0289 0.0398 0.0055 0.0077 0.4807 0.0241 0.0118 0.0610 0.0584 0.0092 0.0108 0.0219 0.0226 0.0175 0.0143 0.0532 0.0087 0.0077 0.0154 0.0249 
   H171903.3  1 0.0206 0.0243 0.0185 0.0494 0.0921 0.0273 0.0051 0.0154 0.1573 0.0757 0.0133 0.0399 0.1361 0.0298 0.0301 0.0283 0.0478 0.0384 0.0145 0.0387 0.0148 0.0160 0.0134 0.0531 
   H171903.4  1 0.0075 0.1001 0.0167 0.0455 0.0115 0.0059 0.0154 0.0113 0.0207 0.0061 0.0076 0.0686 0.0162 0.0131 0.3900 0.0102 0.0243 0.0067 0.0182 0.1298 0.0242 0.0085 0.0091 0.0330 
   H171903.5  1 0.1314 0.0133 0.0241 0.0068 0.1273 0.0193 0.0085 0.0117 0.0433 0.0520 0.0098 0.3005 0.0387 0.0114 0.0163 0.0311 0.0326 0.0115 0.0072 0.0143 0.0129 0.0310 0.0098 0.0350 
   H171903.6  1 0.0200 0.0373 0.0372 0.0108 0.0558 0.0173 0.0093 0.0123 0.0876 0.0080 0.0039 0.3431 0.0313 0.0059 0.0284 0.0173 0.0900 0.0113 0.0266 0.0367 0.0243 0.0512 0.0057 0.0289 
      H177.1  1 0.0069 0.0197 0.0242 0.1423 0.0070 0.0060 0.0045 0.0121 0.0207 0.0065 0.0105 0.0096 0.0771 0.0121 0.1621 0.0120 0.0152 0.0495 0.0112 0.1335 0.0103 0.2155 0.0047 0.0266 
      H177.2  1 0.0668 0.0520 0.0887 0.0729 0.0313 0.0604 0.0251 0.0123 0.0214 0.0099 0.0114 0.0429 0.0318 0.0192 0.0067 0.0206 0.1179 0.0475 0.0320 0.0724 0.0092 0.1302 0.0080 0.0093 
      H177.3  1 0.0413 0.0346 0.0358 0.1061 0.0168 0.0130 0.0049 0.0266 0.0143 0.0056 0.0191 0.0315 0.0532 0.0226 0.0069 0.0182 0.0457 0.0851 0.1125 0.0317 0.0065 0.2468 0.0054 0.0156 
      H177.4  1 0.0058 0.0309 0.0204 0.0252 0.0062 0.0061 0.0035 0.0101 0.0133 0.0055 0.0088 0.0056 0.0173 0.0100 0.0678 0.0152 0.0150 0.5101 0.0071 0.1465 0.0045 0.0479 0.0109 0.0065 
      H177.5  1 0.0068 0.0088 0.0142 0.0126 0.0170 0.0094 0.0074 0.0109 0.0069 0.0049 0.0056 0.0120 0.0352 0.0117 0.0276 0.0118 0.0164 0.0136 0.0052 0.7120 0.0089 0.0180 0.0140 0.0090 
      H177.6  1 0.0260 0.0182 0.0264 0.0817 0.0101 0.0123 0.0037 0.0198 0.0110 0.0054 0.0222 0.0129 0.0461 0.0163 0.0112 0.0229 0.0320 0.0196 0.1075 0.0238 0.0091 0.4382 0.0047 0.0190 
      H179.1  1 0.0557 0.0073 0.0612 0.0092 0.0162 0.0077 0.0072 0.0560 0.0038 0.0477 0.0051 0.0104 0.0253 0.0077 0.0256 0.0193 0.0247 0.4714 0.0308 0.0228 0.0465 0.0135 0.0168 0.0081 
      H179.2  1 0.0146 0.0048 0.0215 0.0063 0.0114 0.0074 0.0046 0.0203 0.0045 0.0340 0.0033 0.0132 0.0080 0.0106 0.0114 0.0049 0.0222 0.7313 0.0091 0.0084 0.0211 0.0058 0.0077 0.0135 
      H179.3  1 0.0369 0.0077 0.0435 0.0073 0.0234 0.0226 0.0125 0.0194 0.0135 0.0362 0.0066 0.0367 0.0184 0.0061 0.0364 0.0333 0.0135 0.3769 0.0615 0.0432 0.1097 0.0058 0.0097 0.0192 
      H179.4  1 0.0130 0.0124 0.0080 0.0061 0.0074 0.0139 0.0087 0.0112 0.0051 0.0096 0.0035 0.0087 0.0093 0.0084 0.0134 0.0099 0.0122 0.7895 0.0072 0.0108 0.0077 0.0130 0.0059 0.0052 
      H180.1  1 0.0079 0.0038 0.0130 0.0116 0.0206 0.0050 0.0472 0.0067 0.0093 0.0288 0.0172 0.1532 0.4724 0.0303 0.0101 0.0148 0.0044 0.0202 0.0055 0.0367 0.0200 0.0072 0.0347 0.0195 
      H180.2  1 0.0057 0.0047 0.0116 0.0128 0.0085 0.0065 0.0400 0.0145 0.0065 0.0065 0.0226 0.0864 0.3145 0.0142 0.0136 0.0164 0.0150 0.0141 0.0116 0.0411 0.1553 0.0098 0.1264 0.0416 
      H180.3  1 0.0065 0.0053 0.0048 0.0052 0.0213 0.0296 0.0079 0.0748 0.0206 0.0738 0.0139 0.1657 0.1009 0.0068 0.0074 0.0067 0.0080 0.0098 0.0082 0.0114 0.0383 0.0071 0.0190 0.3469 
      H180.4  1 0.0185 0.0075 0.0259 0.0107 0.0223 0.0119 0.0247 0.0134 0.0098 0.0051 0.0216 0.0395 0.1948 0.1024 0.0201 0.0211 0.0080 0.0195 0.0051 0.0194 0.0440 0.0265 0.3053 0.0229 
      H180.5  1 0.0061 0.0099 0.0227 0.0081 0.0116 0.0322 0.0311 0.0067 0.0193 0.0069 0.0531 0.0685 0.2573 0.1657 0.0171 0.0297 0.0456 0.0215 0.0052 0.0183 0.1045 0.0096 0.0157 0.0334 
      H180.6  1 0.0104 0.0174 0.0102 0.0042 0.0086 0.4522 0.0300 0.0127 0.0104 0.0087 0.0470 0.0439 0.0301 0.0906 0.0078 0.0101 0.0120 0.0078 0.0096 0.0064 0.1074 0.0165 0.0241 0.0221 
      H181.1  1 0.0464 0.0124 0.0405 0.0284 0.1104 0.0075 0.2123 0.0070 0.0857 0.0103 0.0145 0.0074 0.0106 0.0252 0.0050 0.0076 0.0131 0.0618 0.0094 0.0192 0.0071 0.2381 0.0073 0.0128 
      H181.2  1 0.0092 0.0273 0.0354 0.0948 0.0189 0.0055 0.1363 0.0100 0.0235 0.0142 0.0203 0.0075 0.0365 0.0767 0.0100 0.0153 0.0123 0.3176 0.0052 0.0249 0.0115 0.0615 0.0120 0.0138 
      H181.3  1 0.0135 0.0127 0.0744 0.0651 0.0073 0.0104 0.2876 0.0081 0.0227 0.0045 0.0132 0.0057 0.0225 0.0241 0.0085 0.0672 0.0305 0.1881 0.0081 0.0326 0.0057 0.0737 0.0067 0.0071 
      H181.4  1 0.0192 0.0388 0.0196 0.0324 0.1987 0.0159 0.0791 0.0242 0.0345 0.0069 0.0049 0.0188 0.0348 0.0280 0.0124 0.0129 0.0552 0.0442 0.0152 0.0215 0.0117 0.1415 0.0105 0.1193 
      H181.5  1 0.0585 0.0110 0.0193 0.0177 0.0116 0.0070 0.1078 0.0419 0.0100 0.0097 0.0132 0.0078 0.0042 0.0376 0.0197 0.0145 0.0152 0.5199 0.0074 0.0251 0.0098 0.0129 0.0118 0.0066 
      H181.6  1 0.0243 0.0085 0.0121 0.0224 0.0188 0.0069 0.0107 0.0100 0.0127 0.0305 0.0050 0.0089 0.0112 0.0562 0.0116 0.0061 0.0114 0.6225 0.0101 0.0110 0.0131 0.0085 0.0392 0.0285 
      H181.7  1 0.1213 0.0083 0.0103 0.0068 0.0261 0.0118 0.0190 0.0043 0.0079 0.0065 0.0079 0.0194 0.0054 0.0055 0.0055 0.0249 0.0059 0.6276 0.0068 0.0062 0.0148 0.0256 0.0101 0.0120 
 H194.1_2004  1 0.0037 0.7139 0.0053 0.0109 0.0068 0.0081 0.0056 0.0093 0.0238 0.0081 0.0072 0.0128 0.0556 0.0132 0.0084 0.0068 0.0103 0.0071 0.0082 0.0124 0.0214 0.0143 0.0067 0.0201 
 H194.2_2004  1 0.0038 0.7400 0.0039 0.0054 0.0066 0.0055 0.0048 0.0067 0.0205 0.0036 0.0094 0.0046 0.0173 0.0165 0.0906 0.0059 0.0046 0.0037 0.0057 0.0126 0.0106 0.0063 0.0032 0.0082 
 H194.3_2004  1 0.0071 0.7297 0.0072 0.0198 0.0061 0.0068 0.0034 0.0639 0.0088 0.0045 0.0063 0.0055 0.0124 0.0084 0.0101 0.0067 0.0058 0.0150 0.0065 0.0086 0.0068 0.0377 0.0052 0.0076 
 H194.4_2004  1 0.0044 0.7577 0.0053 0.0228 0.0044 0.0051 0.0042 0.0078 0.0168 0.0043 0.0100 0.0060 0.0086 0.0075 0.0570 0.0060 0.0039 0.0078 0.0052 0.0189 0.0073 0.0163 0.0038 0.0085 
 H194.5_2004  1 0.0078 0.7399 0.0052 0.0188 0.0082 0.0111 0.0044 0.0279 0.0086 0.0097 0.0042 0.0094 0.0117 0.0062 0.0139 0.0069 0.0115 0.0138 0.0080 0.0078 0.0103 0.0324 0.0099 0.0127 
 H194.6_2004  1 0.0073 0.2166 0.0087 0.0302 0.0068 0.0112 0.0069 0.2162 0.0153 0.0062 0.0051 0.0125 0.0189 0.0107 0.1363 0.0071 0.0117 0.0434 0.0098 0.0596 0.0093 0.1289 0.0058 0.0156 
 H194.7_2004  1 0.0050 0.7430 0.0042 0.0062 0.0109 0.0321 0.0067 0.0087 0.0552 0.0044 0.0062 0.0108 0.0078 0.0060 0.0117 0.0070 0.0110 0.0060 0.0061 0.0117 0.0127 0.0100 0.0060 0.0104 
 H194.8_2004  1 0.0057 0.6343 0.0060 0.0146 0.0064 0.0108 0.0069 0.0189 0.0117 0.0071 0.0058 0.0114 0.0105 0.0095 0.1237 0.0057 0.0075 0.0144 0.0063 0.0286 0.0082 0.0266 0.0061 0.0132 
      H194.9  1 0.0042 0.7745 0.0046 0.0076 0.0078 0.0279 0.0072 0.0106 0.0161 0.0053 0.0083 0.0086 0.0073 0.0065 0.0096 0.0093 0.0073 0.0068 0.0066 0.0135 0.0176 0.0097 0.0068 0.0165 
 H195.1_2003  1 0.0070 0.8195 0.0050 0.0058 0.0046 0.0042 0.0061 0.0062 0.0069 0.0067 0.0028 0.0077 0.0092 0.0098 0.0147 0.0084 0.0065 0.0062 0.0051 0.0062 0.0044 0.0084 0.0343 0.0044 
 H195.1_2004  1 0.0052 0.7931 0.0164 0.0138 0.0057 0.0037 0.0220 0.0055 0.0054 0.0031 0.0123 0.0082 0.0055 0.0283 0.0034 0.0148 0.0041 0.0061 0.0092 0.0070 0.0044 0.0112 0.0057 0.0056 
 H195.2_2003  1 0.0048 0.7972 0.0058 0.0133 0.0032 0.0086 0.0050 0.0060 0.0139 0.0059 0.0056 0.0101 0.0059 0.0039 0.0052 0.0374 0.0093 0.0065 0.0075 0.0127 0.0055 0.0049 0.0108 0.0108 
 H195.2_2004  1 0.0041 0.8951 0.0038 0.0040 0.0035 0.0046 0.0053 0.0038 0.0045 0.0033 0.0066 0.0079 0.0037 0.0059 0.0042 0.0046 0.0049 0.0044 0.0030 0.0045 0.0039 0.0061 0.0047 0.0035 
 H195.3_2003  1 0.0050 0.7090 0.0074 0.0079 0.0045 0.0091 0.0068 0.0090 0.0199 0.0048 0.0067 0.0126 0.0152 0.0042 0.0089 0.0386 0.0264 0.0041 0.0071 0.0143 0.0072 0.0039 0.0380 0.0296 
 H195.3_2004  1 0.0025 0.8706 0.0057 0.0102 0.0046 0.0033 0.0073 0.0049 0.0080 0.0032 0.0054 0.0035 0.0048 0.0082 0.0033 0.0061 0.0035 0.0038 0.0045 0.0064 0.0035 0.0168 0.0068 0.0033 
 H195.4_2003  1 0.0048 0.8764 0.0030 0.0067 0.0059 0.0036 0.0041 0.0046 0.0063 0.0051 0.0028 0.0066 0.0042 0.0101 0.0046 0.0078 0.0051 0.0050 0.0056 0.0042 0.0033 0.0069 0.0098 0.0034 
 H195.4_2004  1 0.0039 0.8760 0.0057 0.0044 0.0040 0.0072 0.0158 0.0039 0.0077 0.0029 0.0040 0.0050 0.0037 0.0053 0.0044 0.0054 0.0041 0.0040 0.0052 0.0094 0.0049 0.0045 0.0048 0.0033 
 H195.5_2003  1 0.0079 0.7169 0.0071 0.0144 0.0045 0.0043 0.0131 0.0063 0.0064 0.0044 0.0035 0.0065 0.0130 0.0180 0.0146 0.0132 0.0074 0.0086 0.0064 0.0087 0.0092 0.0087 0.0904 0.0069 
 H195.5_2004  1 0.0039 0.8466 0.0131 0.0082 0.0039 0.0061 0.0146 0.0055 0.0104 0.0032 0.0071 0.0036 0.0050 0.0068 0.0034 0.0061 0.0034 0.0095 0.0054 0.0046 0.0071 0.0089 0.0087 0.0048 
 H195.6_2003  1 0.0032 0.8360 0.0072 0.0057 0.0038 0.0047 0.0079 0.0036 0.0159 0.0043 0.0043 0.0078 0.0063 0.0063 0.0036 0.0154 0.0073 0.0035 0.0050 0.0121 0.0035 0.0043 0.0147 0.0135 
 H195.6_2004  1 0.0044 0.8948 0.0034 0.0053 0.0029 0.0036 0.0042 0.0061 0.0093 0.0033 0.0067 0.0052 0.0040 0.0043 0.0041 0.0034 0.0039 0.0063 0.0028 0.0037 0.0037 0.0057 0.0058 0.0028 
 H195.7_2003  1 0.0086 0.8575 0.0050 0.0057 0.0054 0.0053 0.0068 0.0047 0.0061 0.0045 0.0033 0.0082 0.0059 0.0052 0.0094 0.0075 0.0059 0.0067 0.0050 0.0123 0.0043 0.0059 0.0072 0.0035 
 H195.7_2004  1 0.0053 0.8294 0.0125 0.0058 0.0046 0.0033 0.0222 0.0035 0.0049 0.0028 0.0314 0.0067 0.0044 0.0088 0.0034 0.0080 0.0038 0.0055 0.0055 0.0039 0.0055 0.0045 0.0076 0.0067 
      H195.8  1 0.0042 0.8248 0.0075 0.0053 0.0053 0.0065 0.0493 0.0045 0.0068 0.0032 0.0057 0.0047 0.0040 0.0134 0.0039 0.0065 0.0037 0.0044 0.0065 0.0069 0.0066 0.0042 0.0062 0.0057 
      H195.9  1 0.0052 0.8560 0.0089 0.0061 0.0039 0.0061 0.0068 0.0065 0.0131 0.0031 0.0037 0.0059 0.0048 0.0064 0.0049 0.0056 0.0050 0.0064 0.0046 0.0156 0.0038 0.0081 0.0057 0.0037 
      H415.1  1 0.0076 0.0525 0.0073 0.0297 0.0109 0.0202 0.0069 0.0105 0.0054 0.3646 0.0503 0.0271 0.0165 0.0125 0.0266 0.0115 0.0051 0.0045 0.0067 0.0066 0.0094 0.1138 0.0099 0.1840 
      H415.2  1 0.0087 0.0125 0.0286 0.5319 0.0149 0.0052 0.0027 0.0678 0.0042 0.0979 0.0109 0.0106 0.0653 0.0048 0.0065 0.0129 0.0104 0.0081 0.0154 0.0247 0.0093 0.0157 0.0069 0.0241 
      H415.3  1 0.0117 0.0106 0.0176 0.0288 0.0158 0.0039 0.0038 0.0070 0.0028 0.6306 0.0077 0.0180 0.0537 0.0243 0.0107 0.0086 0.0172 0.0169 0.0060 0.0095 0.0053 0.0703 0.0085 0.0109 
      H415.4  1 0.0062 0.0156 0.0036 0.0272 0.0120 0.0184 0.0093 0.0130 0.0047 0.6557 0.0129 0.0082 0.0113 0.0419 0.0103 0.0043 0.0055 0.0045 0.0070 0.0082 0.0054 0.0197 0.0072 0.0881 
      H415.5  1 0.0087 0.0172 0.0098 0.0386 0.0116 0.0045 0.0043 0.0157 0.0031 0.5641 0.0099 0.0157 0.0892 0.0462 0.0118 0.0074 0.0087 0.0078 0.0045 0.0072 0.0051 0.0943 0.0083 0.0063 
      H415.6  1 0.0059 0.0196 0.0054 0.0301 0.0101 0.0239 0.0086 0.0159 0.0044 0.6384 0.0150 0.0133 0.0096 0.0403 0.0125 0.0056 0.0064 0.0036 0.0060 0.0088 0.0073 0.0188 0.0086 0.0818 
      H415.7  1 0.0101 0.0360 0.0775 0.2596 0.0114 0.0061 0.0031 0.0189 0.0038 0.2263 0.0154 0.0300 0.0196 0.0096 0.0068 0.0389 0.0738 0.0246 0.0127 0.0369 0.0068 0.0536 0.0076 0.0109 
      H506.1  1 0.0065 0.0040 0.0045 0.0034 0.0047 0.0051 0.0058 0.0087 0.0027 0.0078 0.0040 0.0034 0.0043 0.0032 0.0042 0.0047 0.0070 0.8874 0.0039 0.0034 0.0052 0.0077 0.0061 0.0022 
      H506.2  1 0.0133 0.0088 0.0125 0.0055 0.0049 0.0058 0.0042 0.0093 0.0037 0.0084 0.0075 0.0055 0.0048 0.0051 0.0039 0.0062 0.0098 0.8435 0.0059 0.0045 0.0032 0.0153 0.0053 0.0028 
      H506.3  1 0.0047 0.0057 0.1186 0.0045 0.0074 0.0062 0.0235 0.0178 0.0042 0.0136 0.0470 0.0084 0.0114 0.0045 0.0081 0.0140 0.0144 0.6288 0.0048 0.0194 0.0049 0.0097 0.0142 0.0042 
      H506.4  1 0.0048 0.0035 0.0077 0.0037 0.0058 0.0060 0.0046 0.0081 0.0044 0.0082 0.0074 0.0061 0.0059 0.0036 0.0066 0.0058 0.0077 0.8691 0.0043 0.0046 0.0062 0.0049 0.0069 0.0042 
      H506.5  1 0.0054 0.0045 0.0064 0.0047 0.0036 0.0045 0.0036 0.0035 0.0047 0.0082 0.0067 0.0046 0.0044 0.0031 0.0045 0.0063 0.0094 0.8793 0.0050 0.0042 0.0039 0.0105 0.0059 0.0029 
      H506.6  1 0.0170 0.0101 0.1335 0.0078 0.0195 0.0072 0.0093 0.0085 0.0122 0.0113 0.0366 0.0128 0.0119 0.0046 0.0090 0.1161 0.0242 0.4272 0.0521 0.0456 0.0048 0.0062 0.0089 0.0037 
      H506.7  1 0.0066 0.0067 0.0080 0.0044 0.0040 0.0048 0.0050 0.0057 0.0039 0.0082 0.0051 0.0040 0.0049 0.0042 0.0053 0.0063 0.0088 0.8755 0.0039 0.0033 0.0035 0.0076 0.0074 0.0027 
      H533.1  1 0.0631 0.0038 0.0086 0.0039 0.0061 0.0048 0.0058 0.0054 0.0030 0.0076 0.0103 0.0092 0.0066 0.0053 0.0037 0.0037 0.0041 0.8061 0.0050 0.0041 0.0049 0.0172 0.0045 0.0032 
      H533.2  1 0.0324 0.0042 0.0137 0.0055 0.0049 0.0051 0.0065 0.0060 0.0030 0.0090 0.0177 0.0097 0.0056 0.0051 0.0034 0.0034 0.0035 0.8182 0.0047 0.0042 0.0038 0.0210 0.0066 0.0026 
      H533.3  1 0.0176 0.0040 0.0084 0.0067 0.0269 0.0064 0.0044 0.0042 0.0057 0.0074 0.0061 0.0061 0.0128 0.0040 0.0043 0.0078 0.0067 0.8197 0.0112 0.0044 0.0056 0.0112 0.0039 0.0045 
      H533.4  1 0.0083 0.0168 0.0070 0.0076 0.0131 0.0066 0.0060 0.0051 0.0072 0.0087 0.0103 0.0146 0.0215 0.0057 0.0046 0.0073 0.0067 0.7758 0.0182 0.0046 0.0070 0.0284 0.0036 0.0051 
      H535.1  1 0.0042 0.0056 0.0048 0.0103 0.0046 0.0040 0.0031 0.0102 0.0104 0.0056 0.0046 0.0043 0.0081 0.0080 0.0059 0.0050 0.0103 0.8459 0.0095 0.0069 0.0096 0.0051 0.0043 0.0096 
      H535.2  1 0.0041 0.0061 0.0059 0.0052 0.0063 0.0050 0.0064 0.0039 0.0055 0.0030 0.0026 0.0029 0.0037 0.0064 0.0037 0.0038 0.0061 0.8918 0.0032 0.0056 0.0052 0.0044 0.0057 0.0034 
      H535.3  1 0.0045 0.0087 0.0049 0.0042 0.0052 0.0055 0.0072 0.0052 0.0048 0.0024 0.0038 0.0030 0.0035 0.0061 0.0044 0.0037 0.0052 0.8807 0.0087 0.0035 0.0074 0.0038 0.0099 0.0036 
      H535.4  1 0.0024 0.0071 0.0036 0.0045 0.0045 0.0034 0.0047 0.0048 0.0033 0.0065 0.0029 0.0039 0.0043 0.0061 0.0035 0.0028 0.0040 0.8974 0.0033 0.0027 0.0052 0.0086 0.0063 0.0044 
      H535.5  1 0.0026 0.0048 0.0034 0.0033 0.0041 0.0038 0.0032 0.0052 0.0043 0.0051 0.0030 0.0071 0.0056 0.0035 0.0038 0.0028 0.0045 0.9020 0.0035 0.0037 0.0045 0.0082 0.0035 0.0044 
      H535.6  1 0.0062 0.0124 0.0075 0.0096 0.0064 0.0038 0.0053 0.0226 0.0170 0.0061 0.0038 0.0041 0.0069 0.0113 0.0104 0.0055 0.0081 0.7797 0.0108 0.0124 0.0119 0.0033 0.0040 0.0309 
      H535.7  1 0.0026 0.0034 0.0039 0.0029 0.0038 0.0036 0.0028 0.0044 0.0030 0.0036 0.0033 0.0045 0.0037 0.0028 0.0038 0.0027 0.0037 0.9170 0.0037 0.0049 0.0038 0.0045 0.0042 0.0034 
      H535.8  1 0.0041 0.0071 0.0036 0.0054 0.0035 0.0040 0.0043 0.0072 0.0037 0.0045 0.0037 0.0049 0.0041 0.0031 0.0083 0.0038 0.0050 0.8902 0.0051 0.0051 0.0041 0.0045 0.0052 0.0054 
      H535.9  1 0.0040 0.0062 0.0047 0.0054 0.0036 0.0031 0.0044 0.0052 0.0080 0.0042 0.0048 0.0038 0.0038 0.0059 0.0041 0.0036 0.0066 0.8765 0.0103 0.0034 0.0065 0.0041 0.0085 0.0093 
      H539.1  1 0.0030 0.0027 0.0025 0.0047 0.0034 0.0046 0.0027 0.0035 0.0058 0.0032 0.0049 0.0038 0.0035 0.0032 0.0032 0.0043 0.0038 0.0029 0.0102 0.0038 0.0056 0.0029 0.0032 0.9088 
      H539.2  1 0.0054 0.0056 0.0492 0.0088 0.0117 0.0128 0.0258 0.0052 0.0145 0.0094 0.0107 0.0221 0.1039 0.0056 0.0134 0.0180 0.0086 0.0123 0.0054 0.0137 0.1137 0.0049 0.0084 0.5110 
      H539.3  1 0.0036 0.0139 0.0050 0.0076 0.0049 0.0071 0.0082 0.0096 0.0253 0.0036 0.0056 0.0049 0.0123 0.0036 0.0173 0.0087 0.0064 0.0077 0.0049 0.0110 0.0192 0.0037 0.0073 0.7986 
      H539.4  1 0.0073 0.0028 0.0097 0.0054 0.0073 0.0062 0.0048 0.0037 0.0055 0.0056 0.0141 0.0093 0.0087 0.0039 0.0045 0.0255 0.0059 0.0040 0.0066 0.0081 0.0084 0.0034 0.0087 0.8307 
      H539.5  1 0.0032 0.0028 0.0032 0.0051 0.0031 0.0048 0.0027 0.0037 0.0060 0.0032 0.0040 0.0039 0.0042 0.0028 0.0034 0.0036 0.0049 0.0034 0.0047 0.0035 0.0053 0.0032 0.0026 0.9129 
      H539.6  1 0.0037 0.0049 0.0026 0.0049 0.0038 0.0075 0.0045 0.0045 0.0059 0.0038 0.0044 0.0065 0.0043 0.0041 0.0043 0.0032 0.0052 0.0030 0.0052 0.0033 0.0080 0.0031 0.0030 0.8961 
      H539.7  1 0.0029 0.0035 0.0045 0.0048 0.0036 0.0033 0.0034 0.0041 0.0035 0.0029 0.0032 0.0044 0.0036 0.0041 0.0052 0.0068 0.0042 0.0031 0.0062 0.0039 0.0056 0.0037 0.0030 0.9066 
      H539.8  1 0.0044 0.0067 0.0070 0.0057 0.0074 0.0045 0.0102 0.0144 0.0078 0.0045 0.0124 0.0061 0.0082 0.0052 0.0184 0.0136 0.0073 0.0143 0.0043 0.0093 0.0356 0.0052 0.0163 0.7711 
      H539.9  1 0.0052 0.0032 0.0049 0.0038 0.0063 0.0086 0.0041 0.0032 0.0051 0.0046 0.0079 0.0068 0.0045 0.0027 0.0032 0.0125 0.0044 0.0032 0.0063 0.0073 0.0051 0.0028 0.0054 0.8789 
      H540.1  1 0.0105 0.0073 0.0131 0.0093 0.0105 0.0059 0.0054 0.0047 0.0102 0.0041 0.0068 0.0076 0.0149 0.0043 0.0027 0.0077 0.0182 0.0059 0.0074 0.0082 0.0048 0.0056 0.0038 0.8209 
      H540.2  1 0.0065 0.0040 0.0032 0.0068 0.0059 0.0034 0.0024 0.0063 0.0054 0.0042 0.0034 0.0042 0.0070 0.0040 0.0032 0.0050 0.0060 0.0034 0.0067 0.0044 0.0083 0.0040 0.0032 0.8891 
      H540.3  1 0.0104 0.0097 0.0308 0.0257 0.0241 0.0043 0.0115 0.0594 0.0051 0.0110 0.1670 0.0091 0.0095 0.0140 0.0171 0.0292 0.0093 0.0041 0.0409 0.0171 0.0118 0.0105 0.0052 0.4635 
      H540.4  1 0.0093 0.0058 0.0085 0.0064 0.0078 0.0039 0.0043 0.0047 0.0053 0.0050 0.0032 0.0072 0.0063 0.0068 0.0053 0.0056 0.0090 0.0063 0.0051 0.0042 0.0069 0.0045 0.0043 0.8644 
      H540.5  1 0.0121 0.0052 0.0068 0.0114 0.0095 0.0050 0.0074 0.0088 0.0066 0.0051 0.0144 0.0064 0.0082 0.0063 0.0059 0.0149 0.0064 0.0042 0.0068 0.0129 0.0057 0.0070 0.0037 0.8192 
      H540.6  1 0.0176 0.0069 0.0255 0.0152 0.0114 0.0100 0.0189 0.0079 0.0141 0.0055 0.0085 0.0104 0.0077 0.0088 0.0073 0.0075 0.0138 0.0068 0.0080 0.0248 0.0067 0.0081 0.0046 0.7441 
      H540.7  1 0.0060 0.0062 0.0067 0.0102 0.0095 0.0085 0.0051 0.0053 0.0041 0.0081 0.0042 0.0059 0.0135 0.0067 0.0038 0.0075 0.0097 0.0076 0.0080 0.0042 0.0118 0.0098 0.0056 0.8322 
      H540.8  1 0.0070 0.0077 0.0054 0.0124 0.0074 0.0037 0.0025 0.0075 0.0046 0.0042 0.0039 0.0064 0.0162 0.0053 0.0048 0.0058 0.0115 0.0062 0.0061 0.0063 0.0202 0.0123 0.0049 0.8277 
     H9558.1  1 0.0114 0.0054 0.0080 0.0072 0.0031 0.0042 0.0050 0.0089 0.0113 0.0061 0.0084 0.0098 0.0096 0.0034 0.0053 0.0049 0.0043 0.0108 0.0178 0.0077 0.0087 0.0027 0.0051 0.8309 
     H9558.2  1 0.0210 0.0065 0.0107 0.0088 0.0053 0.0193 0.0095 0.0086 0.0100 0.0139 0.0091 0.0086 0.0058 0.0036 0.0091 0.0095 0.0084 0.0188 0.0352 0.0118 0.0093 0.0040 0.0149 0.7384 
     H9558.3  1 0.0083 0.0055 0.0043 0.0072 0.0058 0.0112 0.0064 0.0087 0.0132 0.0101 0.0083 0.0051 0.0051 0.0038 0.0069 0.0075 0.0066 0.0092 0.0071 0.0047 0.0113 0.0035 0.0130 0.8268 
     H9558.4  1 0.0098 0.0034 0.0143 0.0058 0.0038 0.0050 0.0049 0.0044 0.0069 0.0084 0.0086 0.0134 0.0145 0.0029 0.0045 0.0043 0.0046 0.0116 0.0156 0.0062 0.0063 0.0029 0.0072 0.8306 
     H9558.5  1 0.0045 0.0027 0.0102 0.0044 0.0091 0.0036 0.0048 0.0059 0.0029 0.0057 0.0120 0.0064 0.0127 0.0031 0.0055 0.0088 0.0043 0.0045 0.0077 0.0061 0.0053 0.0042 0.0097 0.8561 
     H9558.6  1 0.0057 0.0053 0.0059 0.0157 0.0371 0.0352 0.0036 0.0098 0.0070 0.0067 0.0066 0.0056 0.0059 0.0044 0.0046 0.0058 0.0062 0.0054 0.0119 0.0217 0.0070 0.0041 0.0087 0.7701 
    kos339.1  1 0.0085 0.0036 0.0087 0.0082 0.0067 0.0128 0.0041 0.0040 0.0038 0.0108 0.0055 0.0050 0.0110 0.0033 0.0043 0.0169 0.0161 0.0148 0.0059 0.0070 0.0059 0.8255 0.0038 0.0039 
    kos339.2  1 0.0074 0.0058 0.0040 0.0046 0.0065 0.0097 0.0053 0.0057 0.0034 0.0084 0.0060 0.0072 0.0032 0.0060 0.0052 0.0149 0.0057 0.0073 0.0038 0.0038 0.0059 0.8595 0.0067 0.0041 
    kos339.3  1 0.0025 0.0047 0.0037 0.0032 0.0046 0.0044 0.0034 0.0029 0.0036 0.0064 0.0037 0.0060 0.0038 0.0036 0.0037 0.0040 0.0054 0.0059 0.0036 0.0027 0.0048 0.9065 0.0033 0.0036 
    kos339.4  1 0.0029 0.0055 0.0034 0.0039 0.0046 0.0039 0.0044 0.0042 0.0035 0.0065 0.0040 0.0066 0.0041 0.0044 0.0042 0.0043 0.0050 0.0048 0.0030 0.0034 0.0053 0.8993 0.0041 0.0046 
    kos339.5  1 0.0035 0.0040 0.0060 0.0063 0.0046 0.0070 0.0037 0.0042 0.0043 0.0051 0.0023 0.0045 0.0084 0.0049 0.0044 0.0074 0.0126 0.0076 0.0053 0.0048 0.0036 0.8765 0.0047 0.0044 
    kos339.6  1 0.0031 0.0069 0.0037 0.0052 0.0079 0.0050 0.0044 0.0051 0.0029 0.0062 0.0053 0.0042 0.0040 0.0044 0.0031 0.0050 0.0066 0.0041 0.0042 0.0030 0.0036 0.8947 0.0044 0.0032 
    kos339.7  1 0.0034 0.0045 0.0036 0.0040 0.0040 0.0048 0.0028 0.0037 0.0033 0.0059 0.0035 0.0053 0.0040 0.0029 0.0028 0.0033 0.0040 0.0072 0.0036 0.0029 0.0051 0.9093 0.0029 0.0032 
    kos339.8  1 0.0042 0.0046 0.0055 0.0036 0.0062 0.0058 0.0049 0.0047 0.0025 0.0130 0.0055 0.0060 0.0047 0.0036 0.0053 0.0055 0.0087 0.0086 0.0038 0.0036 0.0039 0.8773 0.0052 0.0033 
    kos339.9  1 0.0062 0.0057 0.0050 0.0113 0.0044 0.0087 0.0047 0.0050 0.0046 0.0051 0.0046 0.0088 0.0096 0.0060 0.0055 0.0065 0.0094 0.0058 0.0046 0.0051 0.0072 0.8481 0.0057 0.0126 
      H008.1  2 0.0086 0.0050 0.0058 0.0081 0.0072 0.2900 0.0065 0.0064 0.0053 0.0050 0.0058 0.0153 0.0096 0.0078 0.0082 0.0118 0.0064 0.0058 0.0107 0.0050 0.5311 0.0055 0.0093 0.0201 
      H008.2  2 0.0124 0.0045 0.0051 0.0064 0.0071 0.0172 0.0116 0.0070 0.0048 0.0060 0.0126 0.0061 0.0261 0.0037 0.0060 0.0051 0.0050 0.0098 0.0082 0.0057 0.7850 0.0056 0.0257 0.0132 
      H008.3  2 0.0136 0.0063 0.0097 0.0062 0.0074 0.0098 0.0121 0.0155 0.0077 0.0049 0.0079 0.0147 0.0212 0.0064 0.0146 0.0059 0.0052 0.0554 0.0063 0.0056 0.7351 0.0058 0.0155 0.0072 
      H008.4  2 0.0076 0.0058 0.0053 0.0096 0.0075 0.0744 0.0071 0.0090 0.0073 0.0100 0.0113 0.0057 0.0068 0.0049 0.0106 0.0080 0.0057 0.0068 0.0056 0.0050 0.7602 0.0052 0.0116 0.0091 
      H008.5  2 0.0057 0.0053 0.0054 0.0060 0.0069 0.0992 0.0066 0.0072 0.0067 0.0067 0.0061 0.0089 0.0100 0.0045 0.0365 0.0062 0.0066 0.0139 0.0035 0.0064 0.7125 0.0057 0.0160 0.0073 
      H008.6  2 0.0142 0.0071 0.0042 0.0115 0.0081 0.0253 0.0047 0.0124 0.0093 0.0065 0.0146 0.0044 0.0208 0.0037 0.0097 0.0047 0.0073 0.0082 0.0075 0.0100 0.7484 0.0053 0.0374 0.0145 
      H008.7  2 0.0075 0.0059 0.0056 0.0077 0.0062 0.0376 0.0146 0.0097 0.0043 0.0069 0.0154 0.0060 0.0150 0.0051 0.0173 0.0076 0.0062 0.0091 0.0089 0.0065 0.7633 0.0058 0.0184 0.0094 
      H008.8  2 0.1437 0.0072 0.0065 0.0122 0.0054 0.0524 0.0122 0.0089 0.0113 0.0081 0.0063 0.0166 0.0100 0.0052 0.0058 0.0300 0.0122 0.0082 0.0373 0.0062 0.5273 0.0062 0.0109 0.0498 
      H008.9  2 0.0779 0.0190 0.0089 0.0472 0.0116 0.0099 0.0097 0.0238 0.0168 0.0081 0.0415 0.0105 0.0190 0.0058 0.0155 0.0058 0.0095 0.0133 0.0221 0.0157 0.4759 0.0068 0.1095 0.0164 
 H029.1_2002  2 0.0215 0.0066 0.0071 0.0149 0.0064 0.6039 0.0082 0.0082 0.0057 0.0341 0.0229 0.0045 0.0105 0.0051 0.0981 0.0118 0.0240 0.0038 0.0337 0.0108 0.0176 0.0050 0.0065 0.0293 
 H029.1_2003  2 0.0393 0.0082 0.0116 0.0094 0.0120 0.0132 0.0064 0.0553 0.0064 0.0092 0.0103 0.0093 0.0263 0.0035 0.6231 0.0382 0.0118 0.0256 0.0139 0.0145 0.0336 0.0050 0.0079 0.0059 
 H029.2_2002  2 0.0068 0.0286 0.0100 0.0168 0.0053 0.4756 0.0169 0.0668 0.0116 0.0064 0.0539 0.0067 0.0154 0.0038 0.0512 0.0177 0.0273 0.0709 0.0042 0.0300 0.0107 0.0452 0.0101 0.0082 
 H029.2_2003  2 0.0085 0.0168 0.0220 0.0250 0.0209 0.0671 0.0069 0.0209 0.0165 0.0051 0.0317 0.0138 0.0619 0.0036 0.2809 0.0533 0.0238 0.1450 0.0082 0.0923 0.0315 0.0205 0.0150 0.0089 
 H029.3_2002  2 0.0196 0.0240 0.0135 0.0089 0.0155 0.1108 0.0230 0.0481 0.0104 0.0072 0.1947 0.0115 0.0091 0.0039 0.0267 0.0422 0.0127 0.2975 0.0071 0.0660 0.0140 0.0207 0.0063 0.0066 
 H029.3_2003  2 0.0123 0.0086 0.0221 0.0047 0.0151 0.3487 0.0081 0.0345 0.0059 0.0059 0.0072 0.0119 0.0159 0.0055 0.3100 0.0448 0.0113 0.0352 0.0044 0.0244 0.0177 0.0062 0.0332 0.0063 
 H029.4_2002  2 0.0085 0.0117 0.0111 0.0030 0.0065 0.7019 0.0141 0.0108 0.0044 0.0112 0.0192 0.0166 0.0056 0.0054 0.0815 0.0373 0.0033 0.0075 0.0049 0.0097 0.0091 0.0064 0.0068 0.0038 
 H029.4_2003  2 0.0168 0.0051 0.0087 0.0058 0.0087 0.0412 0.0046 0.0099 0.0088 0.0059 0.0114 0.0275 0.0084 0.0030 0.6522 0.1063 0.0074 0.0062 0.0117 0.0069 0.0164 0.0054 0.0092 0.0125 
 H029.5_2002  2 0.0084 0.0086 0.0045 0.0055 0.0073 0.7310 0.0108 0.0189 0.0041 0.0110 0.0079 0.0059 0.0046 0.0056 0.0945 0.0151 0.0114 0.0046 0.0078 0.0074 0.0057 0.0053 0.0087 0.0054 
 H029.5_2003  2 0.0205 0.0067 0.0095 0.0058 0.0068 0.1860 0.0041 0.0113 0.0054 0.0062 0.0073 0.0118 0.0341 0.0038 0.5387 0.0580 0.0061 0.0062 0.0098 0.0093 0.0272 0.0054 0.0145 0.0056 
 H029.6_2002  2 0.0277 0.0240 0.0161 0.0077 0.0056 0.3866 0.0212 0.0186 0.0067 0.0078 0.0770 0.0078 0.0066 0.0066 0.2124 0.0331 0.0059 0.0116 0.0046 0.0888 0.0093 0.0065 0.0036 0.0042 
 H029.6_2003  2 0.0167 0.0175 0.0134 0.0136 0.0185 0.3626 0.0092 0.0806 0.0120 0.0066 0.0095 0.0201 0.0198 0.0077 0.1028 0.0945 0.0320 0.0492 0.0098 0.0153 0.0114 0.0451 0.0186 0.0138 
      H029.7  2 0.0043 0.0467 0.0063 0.0124 0.0052 0.6455 0.0153 0.0185 0.0145 0.0052 0.0405 0.0080 0.0073 0.0040 0.0316 0.0296 0.0099 0.0137 0.0050 0.0187 0.0101 0.0346 0.0055 0.0074 
      H030.1  2 0.0116 0.0095 0.0238 0.0120 0.2161 0.0197 0.0128 0.0066 0.0080 0.0084 0.0043 0.0062 0.0352 0.0450 0.0197 0.0309 0.0794 0.0069 0.0070 0.3598 0.0059 0.0091 0.0560 0.0061 
      H030.2  2 0.0058 0.0083 0.0087 0.0139 0.3597 0.0352 0.1020 0.0042 0.0044 0.1197 0.0547 0.0111 0.0072 0.0197 0.0291 0.0120 0.0081 0.0114 0.0068 0.0120 0.1149 0.0043 0.0290 0.0178 
      H038.1  2 0.0087 0.0076 0.0047 0.0086 0.0063 0.8143 0.0046 0.0074 0.0062 0.0055 0.0243 0.0060 0.0057 0.0034 0.0055 0.0162 0.0050 0.0045 0.0105 0.0218 0.0059 0.0052 0.0035 0.0086 
      H038.2  2 0.0037 0.0042 0.0043 0.0088 0.0084 0.8506 0.0057 0.0064 0.0027 0.0120 0.0067 0.0052 0.0049 0.0169 0.0050 0.0054 0.0120 0.0069 0.0030 0.0071 0.0033 0.0076 0.0058 0.0033 
      H038.3  2 0.0064 0.0077 0.0054 0.0143 0.0137 0.7418 0.0074 0.0048 0.0039 0.0236 0.0290 0.0092 0.0071 0.0109 0.0041 0.0156 0.0377 0.0079 0.0080 0.0109 0.0041 0.0086 0.0089 0.0089 
      H038.4  2 0.0047 0.0091 0.0055 0.0107 0.0055 0.7894 0.0061 0.0072 0.0037 0.0106 0.0223 0.0064 0.0048 0.0181 0.0045 0.0184 0.0230 0.0071 0.0058 0.0082 0.0049 0.0071 0.0106 0.0063 
      H038.5  2 0.0155 0.0083 0.0084 0.0046 0.0179 0.7452 0.0086 0.0094 0.0032 0.0057 0.0237 0.0278 0.0066 0.0099 0.0093 0.0323 0.0104 0.0062 0.0060 0.0076 0.0058 0.0133 0.0055 0.0089 
