      H105.1  1 0.2183 0.4310 0.2072 0.1434 
      H105.2  1 0.3179 0.3076 0.3021 0.0724 
      H105.3  1 0.2035 0.5412 0.0911 0.1642 
      H105.4  1 0.7031 0.1381 0.1184 0.0404 
      H105.5  1 0.7472 0.1550 0.0775 0.0202 
      H105.6  1 0.7089 0.1523 0.0534 0.0854 
      H105.7  1 0.3602 0.1504 0.3130 0.1764 
      H105.8  1 0.1871 0.3108 0.0568 0.4454 
      H115.1  1 0.3253 0.3858 0.1206 0.1683 
      H115.2  1 0.5961 0.2423 0.1151 0.0465 
      H115.3  1 0.8669 0.0848 0.0236 0.0247 
      H115.4  1 0.0513 0.8416 0.0929 0.0142 
      H115.5  1 0.3875 0.0498 0.0430 0.5197 
      H115.6  1 0.7813 0.0963 0.0859 0.0365 
      H115.7  1 0.3548 0.2413 0.3859 0.0179 
      H115.8  1 0.2795 0.0481 0.0403 0.6321 
      H115.9  1 0.8840 0.0371 0.0263 0.0526 
      H145.1  1 0.6989 0.0614 0.0301 0.2096 
      H145.2  1 0.7852 0.0882 0.0510 0.0756 
      H145.3  1 0.1227 0.0224 0.0412 0.8138 
      H145.4  1 0.5507 0.0586 0.0791 0.3117 
      H145.5  1 0.1070 0.0229 0.0298 0.8403 
      H145.6  1 0.4621 0.0533 0.1917 0.2928 
      H145.7  1 0.2420 0.0352 0.2145 0.5082 
      H149.1  1 0.0765 0.8636 0.0154 0.0445 
      H149.2  1 0.2287 0.7084 0.0392 0.0237 
      H149.3  1 0.2073 0.6370 0.0773 0.0784 
      H149.4  1 0.0432 0.8991 0.0284 0.0293 
      H149.5  1 0.0479 0.7513 0.1815 0.0194 
      H149.6  1 0.0653 0.8611 0.0548 0.0189 
      H149.7  1 0.0335 0.7220 0.2002 0.0443 
      H150.1  1 0.8948 0.0318 0.0177 0.0556 
      H150.2  1 0.5375 0.3438 0.0509 0.0677 
      H150.3  1 0.6903 0.0609 0.1417 0.1071 
      H150.4  1 0.9136 0.0113 0.0210 0.0541 
      H150.5  1 0.6066 0.1557 0.2020 0.0357 
      H150.6  1 0.1530 0.7072 0.1148 0.0250 
      H150.7  1 0.9537 0.0099 0.0098 0.0266 
   H169607.1  1 0.4486 0.2197 0.1376 0.1941 
   H169607.2  1 0.8371 0.1166 0.0227 0.0236 
   H169607.3  1 0.5305 0.0721 0.2664 0.1311 
   H169607.4  1 0.9345 0.0407 0.0132 0.0117 
   H169607.5  1 0.8309 0.0911 0.0384 0.0396 
   H169607.6  1 0.8244 0.1355 0.0242 0.0159 
   H169607.7  1 0.1606 0.7813 0.0237 0.0344 
   H169607.8  1 0.9140 0.0505 0.0209 0.0146 
   H169633.1  1 0.1881 0.2592 0.0759 0.4768 
   H169633.2  1 0.0136 0.7078 0.0424 0.2362 
   H169633.3  1 0.0405 0.6378 0.1002 0.2215 
   H169633.4  1 0.2574 0.4266 0.0287 0.2872 
   H169633.5  1 0.2571 0.4353 0.0343 0.2733 
   H169688.1  1 0.0693 0.0865 0.1483 0.6959 
   H169688.2  1 0.0284 0.1364 0.1421 0.6931 
   H169688.3  1 0.0357 0.1576 0.5284 0.2784 
   H169688.4  1 0.1228 0.0738 0.0436 0.7598 
   H169688.5  1 0.1254 0.0664 0.0493 0.7589 
   H169688.6  1 0.0243 0.1769 0.0361 0.7627 
   H169688.7  1 0.0443 0.1317 0.1452 0.6788 
   H171901.1  1 0.2248 0.0538 0.6502 0.0711 
   H171901.2  1 0.4822 0.4385 0.0229 0.0564 
   H171901.3  1 0.1537 0.7682 0.0501 0.0280 
   H171901.4  1 0.0845 0.8649 0.0214 0.0292 
   H171901.5  1 0.0667 0.9044 0.0164 0.0125 
   H171901.6  1 0.2094 0.7546 0.0189 0.0172 
   H171901.7  1 0.0431 0.8946 0.0260 0.0364 
   H171902.1  1 0.4932 0.2572 0.0185 0.2312 
  H171902.10  1 0.0994 0.8771 0.0087 0.0148 
   H171902.2  1 0.0960 0.2012 0.0479 0.6549 
   H171902.3  1 0.0700 0.8998 0.0132 0.0170 
   H171902.4  1 0.5938 0.2362 0.0186 0.1515 
   H171902.6  1 0.1593 0.8133 0.0129 0.0145 
   H171902.7  1 0.3687 0.5687 0.0230 0.0396 
   H171902.8  1 0.1040 0.8642 0.0133 0.0185 
   H171902.9  1 0.8331 0.0498 0.0253 0.0918 
   H171903.1  1 0.8242 0.1031 0.0545 0.0182 
   H171903.2  1 0.6706 0.1739 0.0873 0.0683 
   H171903.3  1 0.4148 0.3462 0.2015 0.0375 
   H171903.4  1 0.6059 0.0531 0.3164 0.0246 
   H171903.5  1 0.1562 0.6935 0.0940 0.0563 
   H171903.6  1 0.5097 0.3618 0.0848 0.0437 
      H177.1  1 0.2089 0.6115 0.1549 0.0246 
      H177.2  1 0.1758 0.5284 0.0344 0.2614 
      H177.3  1 0.2479 0.7037 0.0202 0.0282 
      H177.4  1 0.0833 0.7036 0.1840 0.0291 
      H177.5  1 0.0748 0.0897 0.7953 0.0402 
      H177.6  1 0.1495 0.7983 0.0172 0.0350 
      H179.1  1 0.0395 0.8843 0.0499 0.0264 
      H179.2  1 0.0305 0.9119 0.0347 0.0230 
      H179.3  1 0.1223 0.6036 0.1238 0.1502 
      H179.4  1 0.0228 0.9336 0.0197 0.0239 
      H180.1  1 0.0156 0.8906 0.0800 0.0138 
      H180.2  1 0.0653 0.7524 0.1249 0.0573 
      H180.3  1 0.2441 0.5407 0.1154 0.0998 
      H180.4  1 0.0163 0.5628 0.3701 0.0508 
      H180.5  1 0.0604 0.6244 0.1100 0.2052 
      H180.6  1 0.0823 0.0496 0.0200 0.8481 
      H181.1  1 0.1205 0.7481 0.0397 0.0918 
      H181.2  1 0.0433 0.8125 0.0524 0.0919 
      H181.3  1 0.0328 0.4256 0.0321 0.5096 
      H181.4  1 0.2609 0.4804 0.2116 0.0472 
      H181.5  1 0.0374 0.5195 0.0799 0.3632 
      H181.6  1 0.0548 0.8641 0.0547 0.0264 
      H181.7  1 0.0397 0.6662 0.0169 0.2772 
 H194.1_2004  1 0.8537 0.0430 0.0539 0.0494 
 H194.2_2004  1 0.3076 0.0392 0.6124 0.0408 
 H194.3_2004  1 0.6610 0.1987 0.0548 0.0855 
 H194.4_2004  1 0.5227 0.1111 0.2701 0.0962 
 H194.5_2004  1 0.7745 0.1189 0.0565 0.0501 
 H194.6_2004  1 0.2569 0.2342 0.4715 0.0374 
 H194.7_2004  1 0.7340 0.0189 0.0998 0.1474 
 H194.8_2004  1 0.2252 0.1072 0.6159 0.0517 
      H194.9  1 0.7197 0.0156 0.0692 0.1955 
 H195.1_2003  1 0.3956 0.2959 0.2819 0.0267 
 H195.1_2004  1 0.1397 0.2083 0.1012 0.5508 
 H195.2_2003  1 0.8228 0.0494 0.0268 0.1010 
 H195.2_2004  1 0.0322 0.0340 0.0614 0.8723 
 H195.3_2003  1 0.8569 0.0365 0.0664 0.0403 
 H195.3_2004  1 0.4818 0.2126 0.0786 0.2269 
 H195.4_2003  1 0.6150 0.0998 0.2646 0.0205 
 H195.4_2004  1 0.0214 0.0166 0.0812 0.8807 
 H195.5_2003  1 0.4139 0.2017 0.3523 0.0321 
 H195.5_2004  1 0.0695 0.0437 0.0598 0.8270 
 H195.6_2003  1 0.8962 0.0241 0.0311 0.0485 
 H195.6_2004  1 0.1205 0.0865 0.0592 0.7337 
 H195.7_2003  1 0.0859 0.1267 0.6237 0.1637 
 H195.7_2004  1 0.0623 0.0469 0.0364 0.8543 
      H195.8  1 0.0845 0.0231 0.1287 0.7637 
      H195.9  1 0.3021 0.1245 0.1247 0.4486 
      H415.1  1 0.2255 0.4384 0.0822 0.2539 
      H415.2  1 0.2857 0.6559 0.0311 0.0273 
      H415.3  1 0.0176 0.8894 0.0806 0.0124 
      H415.4  1 0.1601 0.6611 0.1270 0.0518 
      H415.5  1 0.0114 0.9363 0.0394 0.0130 
      H415.6  1 0.1714 0.6524 0.1294 0.0468 
      H415.7  1 0.2305 0.6808 0.0606 0.0281 
      H506.1  1 0.0159 0.9293 0.0108 0.0440 
      H506.2  1 0.0161 0.9584 0.0095 0.0160 
      H506.3  1 0.0139 0.6061 0.0270 0.3531 
      H506.4  1 0.0189 0.8682 0.0187 0.0942 
      H506.5  1 0.0217 0.9339 0.0120 0.0324 
      H506.6  1 0.0674 0.5804 0.0279 0.3242 
      H506.7  1 0.0213 0.9269 0.0109 0.0409 
      H533.1  1 0.0076 0.9717 0.0092 0.0115 
      H533.2  1 0.0090 0.9661 0.0074 0.0175 
      H533.3  1 0.0118 0.9650 0.0106 0.0126 
      H533.4  1 0.0220 0.9414 0.0101 0.0266 
      H535.1  1 0.0619 0.9011 0.0206 0.0163 
      H535.2  1 0.0205 0.7848 0.0447 0.1500 
      H535.3  1 0.0580 0.5021 0.0327 0.4073 
      H535.4  1 0.0135 0.9527 0.0202 0.0137 
      H535.5  1 0.0133 0.9608 0.0157 0.0101 
      H535.6  1 0.0655 0.7113 0.1766 0.0466 
      H535.7  1 0.0144 0.9555 0.0106 0.0195 
      H535.8  1 0.0221 0.9061 0.0225 0.0493 
      H535.9  1 0.0419 0.9125 0.0129 0.0326 
      H539.1  1 0.9610 0.0086 0.0077 0.0226 
      H539.2  1 0.1701 0.6030 0.0497 0.1772 
      H539.3  1 0.7807 0.0151 0.0223 0.1819 
      H539.4  1 0.5251 0.0601 0.0206 0.3942 
      H539.5  1 0.9260 0.0071 0.0080 0.0590 
      H539.6  1 0.9390 0.0107 0.0092 0.0411 
      H539.7  1 0.9476 0.0141 0.0167 0.0215 
      H539.8  1 0.6467 0.0465 0.0663 0.2405 
      H539.9  1 0.6797 0.0122 0.0133 0.2948 
      H540.1  1 0.9188 0.0233 0.0181 0.0399 
      H540.2  1 0.9584 0.0143 0.0175 0.0098 
      H540.3  1 0.6687 0.0568 0.1373 0.1373 
      H540.4  1 0.8717 0.0787 0.0347 0.0149 
      H540.5  1 0.8359 0.0258 0.0201 0.1181 
      H540.6  1 0.8435 0.0224 0.0232 0.1108 
      H540.7  1 0.9131 0.0406 0.0219 0.0244 
      H540.8  1 0.8256 0.1036 0.0604 0.0103 
     H9558.1  1 0.9675 0.0122 0.0107 0.0096 
     H9558.2  1 0.9456 0.0151 0.0120 0.0273 
     H9558.3  1 0.9452 0.0099 0.0138 0.0311 
     H9558.4  1 0.9099 0.0621 0.0123 0.0157 
     H9558.5  1 0.6725 0.2412 0.0334 0.0529 
     H9558.6  1 0.8396 0.0108 0.0408 0.1087 
    kos339.1  1 0.0214 0.9346 0.0161 0.0280 
    kos339.2  1 0.0278 0.6207 0.0330 0.3185 
    kos339.3  1 0.0222 0.9441 0.0163 0.0173 
    kos339.4  1 0.0279 0.9302 0.0176 0.0243 
    kos339.5  1 0.0518 0.9048 0.0224 0.0210 
    kos339.6  1 0.0711 0.8098 0.0247 0.0945 
    kos339.7  1 0.0128 0.9566 0.0095 0.0211 
    kos339.8  1 0.0133 0.9456 0.0165 0.0246 
    kos339.9  1 0.1229 0.8313 0.0160 0.0298 
      H008.1  2 0.0475 0.0379 0.0188 0.8958 
      H008.2  2 0.1176 0.1063 0.0251 0.7509 
      H008.3  2 0.1207 0.2064 0.1171 0.5558 
      H008.4  2 0.0386 0.0216 0.0186 0.9211 
      H008.5  2 0.0203 0.0187 0.0212 0.9398 
      H008.6  2 0.2266 0.0640 0.0244 0.6850 
      H008.7  2 0.0444 0.0335 0.0253 0.8968 
      H008.8  2 0.2432 0.0626 0.0204 0.6738 
      H008.9  2 0.4341 0.1164 0.0473 0.4021 
 H029.1_2002  2 0.0293 0.0128 0.0255 0.9324 
 H029.1_2003  2 0.0311 0.0523 0.1600 0.7566 
 H029.2_2002  2 0.0208 0.0304 0.0137 0.9351 
 H029.2_2003  2 0.0221 0.0579 0.0211 0.8989 
 H029.3_2002  2 0.0135 0.0317 0.0143 0.9405 
 H029.3_2003  2 0.0120 0.0450 0.1010 0.8420 
 H029.4_2002  2 0.0073 0.0116 0.0182 0.9629 
 H029.4_2003  2 0.0236 0.0403 0.2002 0.7359 
 H029.5_2002  2 0.0254 0.0113 0.0350 0.9283 
 H029.5_2003  2 0.0138 0.0256 0.0407 0.9199 
 H029.6_2002  2 0.0107 0.0106 0.0194 0.9593 
 H029.6_2003  2 0.0569 0.2118 0.0780 0.6534 
      H029.7  2 0.0158 0.0113 0.0081 0.9648 
      H030.1  2 0.0211 0.0517 0.9014 0.0257 
      H030.2  2 0.0244 0.0464 0.5799 0.3493 
      H038.1  2 0.0188 0.0117 0.0100 0.9596 
      H038.2  2 0.0158 0.0390 0.0199 0.9253 
      H038.3  2 0.0304 0.0297 0.0262 0.9138 
      H038.4  2 0.0230 0.0189 0.0213 0.9368 
      H038.5  2 0.0092 0.0202 0.0166 0.9540 
      H038.6  2 0.0149 0.0232 0.0131 0.9488 
      H038.7  2 0.0178 0.0316 0.0220 0.9286 
      H038.8  2 0.0180 0.0194 0.0230 0.9396 
      H041.1  2 0.0171 0.0177 0.1003 0.8648 
      H041.2  2 0.0173 0.0151 0.7820 0.1856 
      H041.4  2 0.0555 0.0217 0.0996 0.8232 
      H041.6  2 0.0776 0.0283 0.3181 0.5759 
 H042.1_2002  2 0.0458 0.0262 0.9106 0.0175 
 H042.1_2003  2 0.2140 0.1109 0.1736 0.5014 
 H042.2_2002  2 0.0201 0.0920 0.4878 0.4000 
 H042.2_2003  2 0.1813 0.0462 0.7108 0.0616 
 H042.3_2002  2 0.0307 0.0388 0.9072 0.0232 
 H042.3_2003  2 0.0689 0.0832 0.5716 0.2763 
 H042.4_2002  2 0.0241 0.0196 0.8993 0.0570 
 H042.4_2003  2 0.2193 0.0232 0.5972 0.1603 
      H042.5  2 0.0221 0.0138 0.9535 0.0106 
      H042.6  2 0.0869 0.0287 0.8223 0.0620 
      H042.7  2 0.0335 0.0246 0.9150 0.0269 
      H042.8  2 0.0220 0.0138 0.9385 0.0257 
   H042_2002  2 0.8005 0.0338 0.0702 0.0956 
   H042_2003  2 0.7665 0.0334 0.0945 0.1056 
      H043.1  2 0.0656 0.0372 0.0142 0.8830 
      H043.2  2 0.2570 0.0219 0.0170 0.7041 
      H043.3  2 0.2124 0.0919 0.0174 0.6782 
      H043.4  2 0.3442 0.0281 0.0149 0.6128 
      H043.5  2 0.0464 0.0170 0.0193 0.9174 
      H043.6  2 0.0703 0.0208 0.0143 0.8946 
      H043.7  2 0.8238 0.0152 0.0104 0.1506 
      H043.8  2 0.1736 0.1463 0.0279 0.6523 
      H043.9  2 0.1351 0.0277 0.0159 0.8212 
      H047.1  2 0.4701 0.1356 0.0226 0.3717 
      H047.2  2 0.1081 0.1572 0.0415 0.6932 
      H047.3  2 0.1329 0.1520 0.0936 0.6216 
      H047.4  2 0.1831 0.1604 0.3529 0.3036 
      H047.5  2 0.5597 0.1857 0.1159 0.1387 
      H047.6  2 0.1387 0.1012 0.1058 0.6544 
      H047.7  2 0.2109 0.1090 0.0629 0.6172 
      H047.8  2 0.2013 0.2268 0.0708 0.5012 
      H047.9  2 0.5213 0.2692 0.0673 0.1422 
 H071.1_2002  2 0.0746 0.0263 0.0176 0.8814 
 H071.1_2003  2 0.3488 0.0254 0.1085 0.5172 
     H071.10  2 0.0142 0.0180 0.0176 0.9502 
 H071.2_2002  2 0.0239 0.0194 0.0114 0.9453 
 H071.2_2003  2 0.0197 0.0126 0.0090 0.9587 
      H071.3  2 0.0229 0.0358 0.0463 0.8951 
 H071.4_2002  2 0.0283 0.0762 0.0227 0.8728 
 H071.4_2003  2 0.0230 0.0498 0.0175 0.9096 
 H071.5_2002  2 0.0184 0.0139 0.0161 0.9517 
 H071.5_2003  2 0.0973 0.0697 0.0397 0.7933 
 H071.6_2002  2 0.0165 0.0260 0.0169 0.9406 
 H071.6_2003  2 0.0394 0.0244 0.0302 0.9060 
 H071.7_2002  2 0.0332 0.0136 0.0104 0.9428 
 H071.7_2003  2 0.1325 0.0378 0.0323 0.7974 
      H071.8  2 0.0292 0.0134 0.0102 0.9472 
      H071.9  2 0.0587 0.0329 0.0787 0.8298 
 H081.1_2002  2 0.0387 0.0098 0.0144 0.9370 
 H081.1_2003  2 0.1363 0.0800 0.1896 0.5941 
 H081.2_2002  2 0.3295 0.0142 0.0122 0.6441 
 H081.2_2003  2 0.0869 0.0333 0.6369 0.2430 
 H081.3_2002  2 0.0624 0.0116 0.0189 0.9070 
 H081.3_2003  2 0.3901 0.1314 0.1909 0.2877 
 H081.4_2002  2 0.0802 0.0349 0.0312 0.8537 
 H081.4_2003  2 0.3605 0.1015 0.4340 0.1040 
 H081.5_2002  2 0.0493 0.0173 0.0211 0.9122 
 H081.5_2003  2 0.4562 0.0546 0.2914 0.1978 
      H081.6  2 0.0634 0.0160 0.0144 0.9062 
      H081.7  2 0.0995 0.0156 0.0197 0.8653 
      H081.8  2 0.0353 0.0233 0.0426 0.8987 
      H083.1  2 0.0116 0.0225 0.0147 0.9512 
      H083.2  2 0.0289 0.0191 0.0153 0.9367 
      H083.4  2 0.0130 0.0116 0.0092 0.9662 
      H083.5  2 0.0128 0.0094 0.0107 0.9671 
      H083.6  2 0.0121 0.0176 0.0167 0.9536 
      H083.7  2 0.0103 0.0115 0.0111 0.9672 
      H083.8  2 0.0362 0.0277 0.0111 0.9250 
      H083.9  2 0.0101 0.0109 0.0108 0.9682 
      H084.1  2 0.0103 0.0187 0.9250 0.0460 
      H084.2  2 0.0193 0.0639 0.8143 0.1025 
      H084.3  2 0.0195 0.0479 0.8554 0.0771 
      H084.4  2 0.0156 0.0279 0.8580 0.0985 
      H084.5  2 0.0151 0.0337 0.9308 0.0204 
      H084.6  2 0.0210 0.0224 0.8353 0.1213 
      H084.7  2 0.0170 0.0266 0.9332 0.0231 
      H084.8  2 0.0120 0.0131 0.9591 0.0157 
 H085.1_2002  2 0.2537 0.0177 0.0296 0.6989 
 H085.1_2003  2 0.0257 0.0291 0.0396 0.9055 
 H085.2_2002  2 0.1712 0.0217 0.0763 0.7309 
 H085.2_2003  2 0.0248 0.0387 0.0331 0.9034 
 H085.3_2002  2 0.7148 0.0160 0.0850 0.1842 
 H085.3_2003  2 0.0465 0.0265 0.0632 0.8638 
 H085.4_2002  2 0.1897 0.0218 0.0453 0.7433 
 H085.4_2003  2 0.0586 0.0162 0.4566 0.4686 
 H085.5_2002  2 0.8327 0.0101 0.0547 0.1025 
 H085.5_2003  2 0.0122 0.0187 0.0184 0.9508 
 H085.6_2002  2 0.5198 0.0223 0.0353 0.4226 
 H085.6_2003  2 0.6295 0.0324 0.2279 0.1102 
 H085.7_2002  2 0.4292 0.0170 0.0753 0.4785 
 H085.7_2003  2 0.0298 0.0366 0.0439 0.8897 
 H085.8_2002  2 0.5909 0.0164 0.1147 0.2780 
 H085.8_2003  2 0.1508 0.0503 0.3186 0.4803 
      H085.9  2 0.4140 0.0138 0.0598 0.5124 
      H088.1  2 0.0475 0.0300 0.8856 0.0370 
      H088.2  2 0.0428 0.0315 0.9050 0.0206 
      H088.3  2 0.0240 0.0195 0.9399 0.0166 
      H088.4  2 0.0140 0.0210 0.9531 0.0119 
      H088.5  2 0.0152 0.0137 0.9595 0.0117 
      H088.6  2 0.0135 0.0240 0.9473 0.0153 
      H088.7  2 0.0284 0.0470 0.7236 0.2010 
      H088.8  2 0.0211 0.0787 0.7735 0.1267 
      H091.1  2 0.0102 0.0465 0.8686 0.0747 
      H091.2  2 0.0114 0.0535 0.8494 0.0857 
      H109.1  2 0.2105 0.1691 0.1790 0.4414 
      H109.2  2 0.2841 0.0995 0.4610 0.1554 
      H109.3  2 0.0611 0.2902 0.3943 0.2544 
      H109.4  2 0.2724 0.1730 0.3004 0.2541 
      H109.5  2 0.0883 0.0702 0.7665 0.0750 
      H109.6  2 0.3627 0.2258 0.2948 0.1166 
      H126.1  2 0.8552 0.0878 0.0339 0.0232 
      H126.2  2 0.1389 0.0475 0.0162 0.7973 
      H126.3  2 0.0502 0.0611 0.0253 0.8634 
      H126.4  2 0.6183 0.1918 0.0297 0.1602 
      H126.5  2 0.8008 0.1095 0.0126 0.0771 
      H126.6  2 0.0416 0.0398 0.0130 0.9056 
      H126.7  2 0.0730 0.0754 0.0485 0.8031 
      H130.1  2 0.7767 0.0544 0.1463 0.0226 
      H130.2  2 0.0922 0.1009 0.5880 0.2188 
      H130.3  2 0.1160 0.5367 0.2329 0.1145 
      H130.4  2 0.4815 0.3552 0.1065 0.0568 
      H130.5  2 0.2747 0.0227 0.5934 0.1092 
      H133.1  2 0.1025 0.1252 0.1108 0.6615 
      H133.2  2 0.6531 0.1149 0.1733 0.0587 
      H133.3  2 0.0739 0.1076 0.1171 0.7014 
      H133.4  2 0.2963 0.2310 0.0568 0.4159 
      H133.5  2 0.2095 0.4039 0.0907 0.2959 
      H133.6  2 0.3949 0.1715 0.2968 0.1368 
      H133.7  2 0.2441 0.0859 0.1241 0.5459 
      H133.8  2 0.2399 0.1643 0.1250 0.4708 
      H133.9  2 0.0775 0.1604 0.1139 0.6482 
      H147.1  2 0.1315 0.0112 0.4098 0.4474 
      H147.2  2 0.0911 0.0107 0.0327 0.8655 
      H147.3  2 0.0825 0.0156 0.0146 0.8872 
      H147.4  2 0.0165 0.0113 0.0173 0.9549 
      H147.5  2 0.1309 0.0315 0.3094 0.5281 
      H147.6  2 0.1731 0.0562 0.3395 0.4313 
      H147.7  2 0.0225 0.0125 0.0341 0.9309 
      H147.8  2 0.0112 0.0138 0.0452 0.9299 
      H147.9  2 0.0639 0.0115 0.0305 0.8942 
      H148.1  2 0.5199 0.1050 0.2807 0.0944 
      H148.2  2 0.6364 0.0629 0.1975 0.1032 
      H148.3  2 0.5677 0.0414 0.2641 0.1268 
      H148.4  2 0.7616 0.0672 0.1124 0.0588 
      H148.5  2 0.1710 0.0778 0.6839 0.0673 
      H148.6  2 0.5123 0.0341 0.2529 0.2007 
      H148.7  2 0.1482 0.1861 0.6121 0.0536 
      H148.8  2 0.6126 0.0272 0.3285 0.0317 
      H148.9  2 0.5651 0.1886 0.1680 0.0783 
   H166022.1  2 0.0176 0.0104 0.9343 0.0378 
   H166022.2  2 0.0286 0.0223 0.9046 0.0445 
   H166022.3  2 0.0171 0.0249 0.9371 0.0209 
   H166022.4  2 0.0087 0.0256 0.9524 0.0133 
   H166022.5  2 0.0127 0.0286 0.9353 0.0235 
   H166022.6  2 0.0303 0.0198 0.9185 0.0314 
   H166022.7  2 0.0284 0.8735 0.0148 0.0833 
   H166022.8  2 0.2249 0.0896 0.5909 0.0946 
   H167397.1  2 0.0246 0.0203 0.0649 0.8902 
   H167397.2  2 0.0447 0.0445 0.0157 0.8951 
   H167397.3  2 0.0108 0.0142 0.0116 0.9634 
   H167397.4  2 0.0260 0.0282 0.0686 0.8773 
   H167397.5  2 0.0400 0.0281 0.0279 0.9040 
   H167397.6  2 0.0248 0.0416 0.0260 0.9077 
   H167496.1  2 0.0485 0.1882 0.7087 0.0546 
   H167496.2  2 0.2392 0.1614 0.5087 0.0907 
   H167496.3  2 0.4739 0.0533 0.2205 0.2523 
   H167496.4  2 0.0165 0.0191 0.9313 0.0332 
   H167496.6  2 0.0341 0.0518 0.8818 0.0323 
   H167496.7  2 0.2544 0.1542 0.5558 0.0355 
   H167496.8  2 0.0407 0.0281 0.8756 0.0557 
   H167513.1  2 0.2342 0.3789 0.1252 0.2617 
   H167513.2  2 0.5165 0.0980 0.2790 0.1065 
   H167513.3  2 0.0325 0.7922 0.1278 0.0475 
   H167513.4  2 0.1251 0.1612 0.5554 0.1584 
   H167513.5  2 0.4626 0.0535 0.1536 0.3302 
   H167513.6  2 0.4632 0.1300 0.2692 0.1376 
   H167513.7  2 0.0790 0.2384 0.0870 0.5957 
   H167513.8  2 0.0773 0.6344 0.0579 0.2303 
   H167547.1  2 0.3269 0.0651 0.5636 0.0444 
   H167547.2  2 0.0325 0.0135 0.9269 0.0271 
   H167547.3  2 0.0289 0.0174 0.9327 0.0210 
   H167547.4  2 0.2604 0.0477 0.5454 0.1465 
   H167547.5  2 0.0146 0.0112 0.9622 0.0120 
   H167547.6  2 0.0133 0.0108 0.9661 0.0098 
   H167547.7  2 0.6511 0.1505 0.1085 0.0899 
   H169750.1  2 0.2532 0.4560 0.1980 0.0928 
   H169750.2  2 0.3567 0.2066 0.2300 0.2067 
   H169750.3  2 0.1803 0.5193 0.2724 0.0281 
   H169750.4  2 0.4217 0.4013 0.0585 0.1185 
   H169750.5  2 0.1400 0.2868 0.1800 0.3932 
   H169750.6  2 0.1737 0.1319 0.2494 0.4450 
   H169750.7  2 0.2428 0.6574 0.0536 0.0463 
   H171929.1  2 0.4166 0.0477 0.1526 0.3831 
  H171929.10  2 0.1708 0.0330 0.5931 0.2032 
  H171929.11  2 0.3824 0.1547 0.1474 0.3154 
   H171929.2  2 0.5858 0.1722 0.1515 0.0904 
   H171929.3  2 0.2025 0.1775 0.1760 0.4440 
   H171929.4  2 0.5864 0.1117 0.2096 0.0923 
   H171929.5  2 0.1312 0.5379 0.2012 0.1298 
   H171929.6  2 0.1913 0.4471 0.1125 0.2491 
   H171929.7  2 0.8201 0.0697 0.0363 0.0739 
   H171929.8  2 0.9131 0.0249 0.0367 0.0253 
   H171929.9  2 0.7758 0.0531 0.1206 0.0505 
   H171930.1  2 0.0332 0.5192 0.4067 0.0409 
   H171930.2  2 0.0618 0.0841 0.8253 0.0288 
   H171930.3  2 0.0195 0.3075 0.6560 0.0170 
   H171930.4  2 0.0099 0.1639 0.8124 0.0137 
   H171930.5  2 0.2170 0.3702 0.3236 0.0893 
   H171930.6  2 0.0229 0.3053 0.6281 0.0436 
   H171930.7  2 0.0401 0.3405 0.5814 0.0380 
   H171930.8  2 0.0423 0.2281 0.7050 0.0246 
   H171933.1  2 0.0209 0.0361 0.2342 0.7087 
   H171933.2  2 0.0519 0.0253 0.3654 0.5573 
   H171933.3  2 0.0668 0.0299 0.8328 0.0706 
   H171933.4  2 0.2017 0.1339 0.6027 0.0616 
   H171933.5  2 0.2619 0.2614 0.4514 0.0252 
   H171933.6  2 0.0223 0.0518 0.4249 0.5011 
   H171933.7  2 0.1080 0.0572 0.4072 0.4276 
   H171933.8  2 0.1996 0.0566 0.3213 0.4226 
   H171933.9  2 0.0379 0.0811 0.7402 0.1408 
      H190.1  2 0.0529 0.3710 0.5500 0.0261 
      H190.2  2 0.5375 0.0326 0.4052 0.0247 
      H190.3  2 0.5026 0.0402 0.4176 0.0396 
      H190.4  2 0.0938 0.1679 0.7027 0.0356 
      H190.5  2 0.3426 0.0874 0.5162 0.0538 
      H190.6  2 0.1329 0.1177 0.7175 0.0318 
      H190.7  2 0.6833 0.0316 0.2646 0.0205 
      H190.8  2 0.4293 0.1395 0.4031 0.0281 
      H190.9  2 0.4909 0.0484 0.4295 0.0312 
      H400.1  2 0.0220 0.0374 0.8687 0.0719 
      H400.2  2 0.0123 0.0192 0.8501 0.1184 
      H400.3  2 0.0314 0.1101 0.8013 0.0571 
      H400.4  2 0.0135 0.0197 0.9470 0.0198 
      H400.5  2 0.0390 0.1525 0.6246 0.1839 
      H400.6  2 0.0194 0.0220 0.9317 0.0269 
      H400.7  2 0.0229 0.0324 0.9220 0.0227 
 H428.1_2005  2 0.0181 0.0315 0.0151 0.9353 
 H428.1_2006  2 0.0155 0.0147 0.0103 0.9595 
 H428.2_2005  2 0.0313 0.0605 0.1434 0.7648 
 H428.2_2006  2 0.0130 0.0117 0.0217 0.9535 
 H428.3_2005  2 0.0216 0.1113 0.0526 0.8145 
 H428.3_2006  2 0.0133 0.0209 0.0240 0.9419 
 H428.4_2005  2 0.0156 0.1104 0.0821 0.7919 
 H428.4_2006  2 0.0102 0.0125 0.0138 0.9636 
 H428.5_2005  2 0.0088 0.0103 0.0182 0.9626 
 H428.6_2005  2 0.0313 0.1339 0.0164 0.8184 
 H428.6_2006  2 0.0088 0.0212 0.0108 0.9593 
      H428.7  2 0.0162 0.0087 0.0419 0.9331 
      H428.8  2 0.0115 0.0184 0.0472 0.9230 
      H428.9  2 0.0202 0.0128 0.0355 0.9315 
      H453.1  2 0.0272 0.0400 0.8647 0.0680 
      H453.2  2 0.0126 0.0172 0.9493 0.0209 
      H453.3  2 0.0333 0.0135 0.9347 0.0185 
      H453.4  2 0.0165 0.0122 0.9592 0.0120 
      H453.5  2 0.0096 0.0101 0.9513 0.0290 
      H453.6  2 0.0082 0.0132 0.9021 0.0765 
      H453.7  2 0.7832 0.0245 0.1522 0.0400 
      H453.8  2 0.3669 0.0233 0.5843 0.0256 
      H453.9  2 0.0780 0.0254 0.2447 0.6520 
      H512.1  2 0.0412 0.0664 0.7015 0.1909 
     H512.10  2 0.0156 0.0561 0.0760 0.8522 
      H512.2  2 0.0860 0.1582 0.4642 0.2916 
      H512.3  2 0.0255 0.4451 0.1666 0.3627 
      H512.4  2 0.0342 0.0406 0.4949 0.4303 
      H512.5  2 0.0233 0.7456 0.0686 0.1625 
      H512.6  2 0.0689 0.4421 0.4598 0.0291 
      H512.7  2 0.0202 0.8274 0.0645 0.0880 
      H512.8  2 0.0364 0.1881 0.7425 0.0329 
      H512.9  2 0.0395 0.4388 0.0643 0.4574 
      H513.1  2 0.0132 0.0089 0.0232 0.9547 
      H513.2  2 0.0191 0.0109 0.0718 0.8983 
      H513.3  2 0.0296 0.0379 0.1235 0.8089 
      H513.4  2 0.0264 0.0387 0.4326 0.5023 
      H513.5  2 0.0120 0.0119 0.0222 0.9539 
      H513.6  2 0.0163 0.0144 0.0486 0.9207 
      H532.1  2 0.0161 0.1139 0.0211 0.8489 
      H532.2  2 0.0583 0.0255 0.4979 0.4183 
      H532.3  2 0.0634 0.0362 0.7788 0.1216 
      H532.4  2 0.0338 0.0203 0.0198 0.9261 
      H532.5  2 0.0289 0.0577 0.0258 0.8876 
      H532.6  2 0.0560 0.0454 0.0980 0.8006 
      H532.7  2 0.0125 0.0405 0.0273 0.9197 
      H532.8  2 0.0239 0.0709 0.0352 0.8699 
      H543.1  2 0.0120 0.0135 0.0150 0.9596 
      H543.2  2 0.0248 0.0269 0.0642 0.8841 
      H543.3  2 0.0120 0.0125 0.0133 0.9622 
      H543.4  2 0.0183 0.0126 0.0116 0.9576 
      H543.5  2 0.0145 0.0151 0.0165 0.9540 
      H543.6  2 0.0159 0.0141 0.0126 0.9574 
      H543.7  2 0.0124 0.0105 0.0116 0.9655 
      H543.8  2 0.0106 0.0098 0.0122 0.9674 
      H543.9  2 0.0161 0.0163 0.0196 0.9479 
 H545.1_2005  2 0.0101 0.0104 0.0080 0.9714 
 H545.1_2006  2 0.0100 0.0092 0.0089 0.9718 
 H545.2_2005  2 0.0237 0.0346 0.0131 0.9286 
 H545.2_2006  2 0.0121 0.0165 0.0091 0.9623 
 H545.3_2005  2 0.0677 0.1414 0.0424 0.7485 
 H545.3_2006  2 0.0087 0.0090 0.0063 0.9760 
 H545.4_2005  2 0.0728 0.0450 0.0168 0.8654 
 H545.4_2006  2 0.0242 0.0282 0.0103 0.9373 
 H545.5_2005  2 0.0076 0.0117 0.0070 0.9737 
 H545.5_2006  2 0.0220 0.0580 0.0238 0.8962 
 H545.6_2005  2 0.0129 0.0132 0.0113 0.9627 
 H545.6_2006  2 0.0215 0.0141 0.0112 0.9532 
 H545.7_2005  2 0.0169 0.0172 0.0092 0.9567 
 H545.7_2006  2 0.0096 0.0134 0.0092 0.9678 
 H545.8_2005  2 0.0199 0.0189 0.0131 0.9481 
 H545.8_2006  2 0.0124 0.0152 0.0084 0.9640 
      H545.9  2 0.0353 0.0463 0.0176 0.9008 
      H547.1  2 0.0219 0.0167 0.9470 0.0143 
      H547.2  2 0.0292 0.0131 0.9412 0.0165 
      H547.3  2 0.0332 0.0317 0.9181 0.0170 
      H547.4  2 0.0505 0.0387 0.8917 0.0191 
      H547.5  2 0.0165 0.0123 0.9622 0.0089 
      H547.6  2 0.0137 0.0101 0.9614 0.0148 
      H547.7  2 0.0663 0.0336 0.8772 0.0230 
      H547.8  2 0.0263 0.0138 0.9469 0.0130 
      H548.1  2 0.0255 0.0165 0.0093 0.9486 
      H548.2  2 0.0275 0.0404 0.0137 0.9183 
      H548.3  2 0.0365 0.0192 0.0109 0.9335 
      H548.4  2 0.0981 0.0836 0.0191 0.7992 
      H548.5  2 0.0179 0.0197 0.0108 0.9516 
      H548.6  2 0.0196 0.0350 0.0071 0.9383 
      H548.7  2 0.0169 0.0167 0.0104 0.9560 
      H548.8  2 0.0120 0.0088 0.0089 0.9703 
      H548.9  2 0.0207 0.0297 0.0212 0.9285 
     H7389.1  2 0.0175 0.0271 0.1857 0.7697 
     H7389.2  2 0.0075 0.0120 0.0989 0.8816 
     H7389.3  2 0.0101 0.0169 0.0912 0.8819 
     H7389.4  2 0.0107 0.0114 0.0121 0.9658 
     H7389.5  2 0.0203 0.0364 0.0287 0.9145 
     H7389.6  2 0.0132 0.3657 0.0381 0.5830 
     H7389.7  2 0.0088 0.0273 0.0833 0.8807 
     H7389.8  2 0.0151 0.0221 0.0282 0.9345 
     H7389.9  2 0.0111 0.0154 0.0165 0.9570 
      H747.1  2 0.0855 0.6997 0.1601 0.0547 
      H747.2  2 0.0536 0.8916 0.0375 0.0174 
      H747.3  2 0.0333 0.9049 0.0475 0.0143 
      H747.4  2 0.0449 0.7489 0.1878 0.0183 
      H747.5  2 0.0208 0.9427 0.0279 0.0086 
      H747.6  2 0.0683 0.7257 0.1316 0.0744 
      H747.7  2 0.0544 0.8815 0.0429 0.0213 
     H7484.1  2 0.5222 0.0678 0.0668 0.3432 
     H7484.2  2 0.8063 0.0275 0.1185 0.0478 
     H7484.3  2 0.6798 0.0546 0.1363 0.1294 
     H7484.4  2 0.6831 0.0890 0.1315 0.0964 
     H7484.5  2 0.4450 0.0961 0.1718 0.2871 
     H7484.6  2 0.4227 0.3874 0.1300 0.0599 
     H7484.7  2 0.8616 0.0606 0.0174 0.0604 
     H7484.8  2 0.2763 0.1189 0.1465 0.4583 
     H7485.1  2 0.0186 0.0181 0.0142 0.9491 
     H7485.2  2 0.0113 0.0125 0.0092 0.9670 
     H7485.3  2 0.0100 0.0120 0.0083 0.9697 
     H7485.4  2 0.0188 0.0121 0.0120 0.9572 
     H7485.5  2 0.0270 0.0125 0.0126 0.9479 
     H7485.6  2 0.0229 0.0146 0.0113 0.9512 
     H7485.7  2 0.0254 0.0222 0.0129 0.9395 
     H7496.1  2 0.0513 0.1016 0.7039 0.1431 
    H7496.10  2 0.0208 0.0125 0.9401 0.0266 
    H7496.11  2 0.0083 0.0145 0.0170 0.9601 
     H7496.2  2 0.0316 0.0243 0.9284 0.0157 
     H7496.3  2 0.3721 0.0622 0.3249 0.2408 
     H7496.4  2 0.0130 0.0118 0.9607 0.0145 
     H7496.5  2 0.0219 0.0552 0.9030 0.0199 
     H7496.6  2 0.0275 0.0639 0.8813 0.0274 
     H7496.7  2 0.0229 0.0153 0.9407 0.0210 
     H7496.8  2 0.0839 0.0350 0.8348 0.0464 
        UNK4  2 0.1489 0.1697 0.3264 0.3549 
        UNK5  2 0.0341 0.0156 0.0511 0.8992 
        UNK6  2 0.0522 0.0752 0.5690 0.3035 
        UNK7  2 0.0142 0.0118 0.0163 0.9577 
        UNK8  2 0.0343 0.0100 0.0346 0.9211 
        UNK9  2 0.0169 0.0297 0.0401 0.9133 
      H009.1  4 0.9650 0.0154 0.0121 0.0074 
      H009.2  4 0.8867 0.0834 0.0202 0.0097 
      H009.3  4 0.9567 0.0226 0.0111 0.0096 
      H009.4  4 0.8830 0.0866 0.0144 0.0161 
      H009.5  4 0.9551 0.0208 0.0112 0.0129 
      H009.6  4 0.9589 0.0146 0.0156 0.0109 
      H046.4  4 0.6487 0.1511 0.0795 0.1208 
      H046.8  4 0.4594 0.3084 0.1448 0.0874 
 H076.1_2002  4 0.0088 0.0079 0.9747 0.0087 
 H076.1_2003  4 0.0104 0.0105 0.9683 0.0108 
 H076.1_2004  4 0.0133 0.0126 0.9645 0.0096 
 H076.2_2002  4 0.0082 0.0082 0.9743 0.0092 
 H076.2_2003  4 0.0126 0.0103 0.9683 0.0088 
 H076.2_2004  4 0.0273 0.0611 0.9013 0.0103 
 H076.3_2002  4 0.1217 0.4364 0.4159 0.0260 
 H076.3_2003  4 0.0142 0.0094 0.9659 0.0105 
 H076.3_2004  4 0.0151 0.0113 0.9577 0.0159 
 H076.4_2002  4 0.1083 0.1444 0.7061 0.0412 
 H076.4_2003  4 0.0240 0.0131 0.9543 0.0086 
 H076.4_2004  4 0.0801 0.2558 0.6496 0.0146 
 H076.5_2002  4 0.0112 0.0087 0.9669 0.0132 
 H076.5_2003  4 0.0247 0.0175 0.9428 0.0151 
 H076.5_2004  4 0.0540 0.0588 0.8610 0.0262 
 H076.6_2002  4 0.0370 0.0121 0.9299 0.0210 
 H076.6_2003  4 0.0129 0.0087 0.9702 0.0083 
 H076.6_2004  4 0.0200 0.0389 0.9255 0.0155 
 H076.7_2002  4 0.3959 0.3068 0.2684 0.0289 
 H076.7_2003  4 0.0204 0.0262 0.9356 0.0178 
 H076.7_2004  4 0.0373 0.1273 0.8171 0.0184 
      H477.1  4 0.0246 0.4616 0.4654 0.0483 
      H477.2  4 0.0426 0.7687 0.1503 0.0384 
      H477.3  4 0.0267 0.7311 0.1030 0.1393 
      H477.4  4 0.0366 0.7248 0.1371 0.1015 
      H477.5  4 0.0786 0.7032 0.0957 0.1225 
      H477.6  4 0.0555 0.6869 0.0377 0.2198 
      H477.7  4 0.0602 0.5703 0.2667 0.1028 
 H479.1_2005  4 0.0227 0.6654 0.0144 0.2975 
 H479.1_2006  4 0.0840 0.7449 0.0408 0.1303 
     H479.10  4 0.0777 0.5987 0.0647 0.2589 
 H479.2_2005  4 0.1295 0.0943 0.0470 0.7293 
 H479.2_2006  4 0.0275 0.8595 0.0103 0.1027 
 H479.3_2005  4 0.0123 0.8897 0.0273 0.0707 
 H479.3_2006  4 0.0172 0.8892 0.0580 0.0357 
 H479.4_2005  4 0.0212 0.9294 0.0162 0.0331 
 H479.4_2006  4 0.0178 0.8036 0.0490 0.1297 
 H479.5_2005  4 0.0576 0.4105 0.0448 0.4871 
 H479.5_2006  4 0.0146 0.9085 0.0216 0.0553 
 H479.6_2005  4 0.0141 0.1539 0.0396 0.7925 
 H479.6_2006  4 0.0151 0.1342 0.0266 0.8240 
 H479.7_2005  4 0.0374 0.4417 0.1155 0.4055 
 H479.7_2006  4 0.0220 0.7428 0.0546 0.1806 
 H479.8_2005  4 0.0150 0.3644 0.0443 0.5763 
 H479.8_2006  4 0.0265 0.8984 0.0270 0.0481 
      H479.9  4 0.0118 0.9580 0.0172 0.0130 
      H516.1  4 0.5968 0.2183 0.1623 0.0225 
      H516.2  4 0.0706 0.8997 0.0143 0.0155 
      H516.3  4 0.3642 0.6032 0.0233 0.0092 
      H516.4  4 0.1800 0.7838 0.0233 0.0129 
      H516.5  4 0.2773 0.6461 0.0589 0.0177 
      H516.6  4 0.0340 0.9382 0.0107 0.0172 
      H516.7  4 0.0218 0.8738 0.0843 0.0201 
      H516.8  4 0.5762 0.3794 0.0308 0.0135 
      H516.9  4 0.1026 0.8382 0.0432 0.0159 
      H646.1  4 0.2028 0.5404 0.2356 0.0211 
      H646.2  4 0.1461 0.6095 0.2335 0.0108 
      H646.3  4 0.4221 0.5457 0.0193 0.0129 
      H646.4  4 0.0840 0.2209 0.6845 0.0106 
      H646.5  4 0.3773 0.5092 0.1027 0.0108 
      H658.1  4 0.0572 0.9107 0.0121 0.0199 
     H658.10  4 0.0132 0.9588 0.0153 0.0127 
      H658.2  4 0.1456 0.7773 0.0456 0.0315 
      H658.3  4 0.0170 0.9464 0.0147 0.0219 
      H658.4  4 0.0205 0.9382 0.0202 0.0210 
      H658.5  4 0.0186 0.9544 0.0145 0.0126 
      H658.6  4 0.0326 0.9387 0.0180 0.0107 
      H658.7  4 0.0511 0.8955 0.0373 0.0160 
      H658.8  4 0.0951 0.8663 0.0235 0.0151 
      H658.9  4 0.0966 0.8281 0.0486 0.0266 
      H682.1  4 0.1961 0.1935 0.3511 0.2593 
      H682.6  4 0.5642 0.1607 0.1414 0.1337 
      H720.1  4 0.0199 0.1403 0.8145 0.0252 
      H720.2  4 0.0494 0.4613 0.4623 0.0270 
      H720.3  4 0.0260 0.1510 0.7985 0.0245 
      H720.4  4 0.1383 0.6488 0.1749 0.0380 
      H720.5  4 0.1311 0.1234 0.6625 0.0830 
      H720.6  4 0.1187 0.1306 0.6664 0.0844 
      H720.7  4 0.0360 0.7825 0.0985 0.0830 
      H720.8  4 0.0483 0.1135 0.7906 0.0477 
      H720.9  4 0.7568 0.0827 0.0978 0.0626 
      H724.1  4 0.0366 0.0138 0.9313 0.0183 
      H724.2  4 0.0265 0.0154 0.9336 0.0245 
      H724.3  4 0.0844 0.6275 0.2107 0.0775 
      H724.4  4 0.0602 0.2032 0.6868 0.0498 
      H724.5  4 0.1287 0.5373 0.2135 0.1205 
      H724.6  4 0.0293 0.0226 0.9262 0.0220 
      H725.1  4 0.7393 0.0899 0.1140 0.0567 
      H725.2  4 0.5300 0.2632 0.0471 0.1596 
      H725.3  4 0.3395 0.4339 0.0228 0.2039 
      H725.4  4 0.4210 0.0436 0.1451 0.3902 
      H725.5  4 0.0347 0.3399 0.5861 0.0394 
      H725.6  4 0.1254 0.7680 0.0804 0.0262 
      H725.7  4 0.6658 0.2135 0.0581 0.0626 
      H725.8  4 0.1903 0.6946 0.0511 0.0641 
      H726.1  4 0.0443 0.9308 0.0150 0.0100 
      H726.2  4 0.0146 0.9529 0.0210 0.0115 
      H726.3  4 0.1228 0.8171 0.0367 0.0233 
      H726.4  4 0.0195 0.9514 0.0138 0.0152 
      H726.5  4 0.0487 0.9240 0.0140 0.0134 
        UNK1  4 0.1460 0.7764 0.0429 0.0347 
        UNK2  4 0.4837 0.2455 0.0788 0.1921 
        UNK3  4 0.2027 0.6752 0.0555 0.0666 
      H016.1  5 0.0794 0.3496 0.0413 0.5297 
      H016.2  5 0.0470 0.0338 0.0229 0.8963 
      H016.3  5 0.2179 0.5930 0.1545 0.0346 
      H016.4  5 0.0336 0.0505 0.0468 0.8690 
 H017.1_2002  5 0.7679 0.1048 0.1125 0.0148 
 H017.1_2003  5 0.0935 0.7304 0.1192 0.0568 
 H017.2_2002  5 0.7557 0.0493 0.1781 0.0168 
 H017.2_2003  5 0.0555 0.9020 0.0312 0.0112 
 H017.3_2002  5 0.6765 0.1499 0.0357 0.1379 
 H017.3_2003  5 0.8613 0.0270 0.0935 0.0183 
 H017.4_2002  5 0.8774 0.0137 0.0533 0.0556 
 H017.4_2003  5 0.3557 0.6082 0.0128 0.0233 
 H017.5_2002  5 0.8810 0.0341 0.0248 0.0602 
 H017.5_2003  5 0.5435 0.4144 0.0148 0.0272 
 H017.6_2002  5 0.4850 0.0133 0.4508 0.0509 
 H017.6_2003  5 0.4240 0.4700 0.0927 0.0133 
 H017.7_2002  5 0.8325 0.0135 0.0746 0.0795 
 H017.7_2003  5 0.1075 0.8565 0.0182 0.0178 
      H017.8  5 0.9003 0.0244 0.0499 0.0254 
      H017.9  5 0.3762 0.0495 0.0596 0.5147 
      H032.1  5 0.0200 0.9533 0.0150 0.0117 
      H032.2  5 0.0143 0.9615 0.0117 0.0125 
      H032.3  5 0.0165 0.9183 0.0239 0.0414 
      H032.4  5 0.0539 0.8992 0.0136 0.0333 
      H032.5  5 0.0229 0.9477 0.0173 0.0121 
      H032.6  5 0.0233 0.9513 0.0162 0.0092 
      H032.7  5 0.0608 0.8787 0.0473 0.0133 
 H034.1_2002  5 0.9276 0.0255 0.0288 0.0181 
 H034.1_2003  5 0.8851 0.0234 0.0834 0.0081 
 H034.2_2002  5 0.8691 0.0351 0.0176 0.0782 
 H034.2_2003  5 0.8593 0.0305 0.0951 0.0151 
 H034.3_2002  5 0.7218 0.0634 0.0223 0.1926 
 H034.3_2003  5 0.8988 0.0195 0.0703 0.0115 
 H034.4_2002  5 0.7998 0.0156 0.1458 0.0388 
 H034.4_2003  5 0.9095 0.0513 0.0291 0.0101 
 H034.5_2002  5 0.8476 0.0981 0.0303 0.0239 
 H034.5_2003  5 0.7939 0.1095 0.0622 0.0343 
 H034.6_2002  5 0.8710 0.0141 0.0135 0.1013 
 H034.6_2003  5 0.8453 0.1165 0.0215 0.0168 
 H034.7_2002  5 0.9329 0.0288 0.0231 0.0152 
 H034.7_2003  5 0.7914 0.1603 0.0161 0.0323 
 H034.8_2002  5 0.9264 0.0117 0.0515 0.0104 
 H034.8_2003  5 0.9126 0.0498 0.0174 0.0201 
      H034.9  5 0.5230 0.0988 0.0459 0.3323 
      H048.1  5 0.0149 0.9539 0.0137 0.0175 
      H048.2  5 0.0972 0.4104 0.2745 0.2179 
      H048.3  5 0.0222 0.2149 0.7403 0.0226 
      H048.4  5 0.0329 0.2162 0.5407 0.2103 
      H048.5  5 0.0130 0.9367 0.0211 0.0291 
      H048.6  5 0.0331 0.1826 0.6158 0.1685 
      H048.7  5 0.0327 0.7847 0.0467 0.1359 
      H048.8  5 0.0848 0.4323 0.3342 0.1487 
      H060.1  5 0.9505 0.0121 0.0133 0.0242 
     H060.10  5 0.9699 0.0105 0.0114 0.0083 
      H060.2  5 0.9445 0.0116 0.0248 0.0191 
      H060.3  5 0.9624 0.0143 0.0097 0.0136 
      H060.4  5 0.9111 0.0367 0.0216 0.0305 
      H060.5  5 0.9448 0.0234 0.0110 0.0208 
      H060.6  5 0.9451 0.0201 0.0094 0.0255 
      H060.7  5 0.9299 0.0142 0.0382 0.0177 
      H060.8  5 0.8909 0.0298 0.0485 0.0307 
      H060.9  5 0.9087 0.0453 0.0158 0.0303 
 H070.1_2002  5 0.7063 0.0337 0.0880 0.1720 
 H070.1_2003  5 0.9355 0.0191 0.0145 0.0309 
 H070.1_2004  5 0.8887 0.0171 0.0813 0.0129 
 H070.2_2002  5 0.6660 0.0415 0.2061 0.0864 
 H070.2_2003  5 0.8280 0.0607 0.0778 0.0335 
 H070.2_2004  5 0.9307 0.0213 0.0387 0.0093 
 H070.3_2002  5 0.8946 0.0204 0.0139 0.0711 
 H070.3_2003  5 0.9116 0.0617 0.0119 0.0149 
 H070.3_2004  5 0.9333 0.0221 0.0226 0.0220 
 H070.4_2002  5 0.8707 0.0602 0.0419 0.0272 
 H070.4_2003  5 0.8356 0.0759 0.0376 0.0509 
 H070.4_2004  5 0.9139 0.0203 0.0243 0.0415 
 H070.5_2002  5 0.6455 0.0270 0.0114 0.3161 
 H070.5_2003  5 0.9129 0.0546 0.0098 0.0228 
 H070.5_2004  5 0.8844 0.0327 0.0704 0.0125 
 H070.6_2002  5 0.6652 0.1246 0.0169 0.1932 
 H070.6_2003  5 0.9383 0.0262 0.0272 0.0083 
 H070.6_2004  5 0.8393 0.0278 0.1149 0.0180 
      H077.1  5 0.9388 0.0335 0.0109 0.0168 
      H077.2  5 0.5518 0.3142 0.0190 0.1150 
      H077.3  5 0.7825 0.1529 0.0294 0.0352 
      H077.4  5 0.8431 0.1165 0.0191 0.0213 
      H077.5  5 0.1682 0.6733 0.0419 0.1165 
      H077.6  5 0.7657 0.1958 0.0140 0.0246 
      H097.1  5 0.7331 0.0371 0.1748 0.0550 
      H097.2  5 0.0483 0.0336 0.9010 0.0171 
      H097.3  5 0.5326 0.0991 0.3374 0.0309 
      H097.4  5 0.4012 0.0286 0.5462 0.0241 
      H097.5  5 0.5585 0.0513 0.3708 0.0194 
      H097.6  5 0.0665 0.0400 0.8615 0.0320 
      H097.7  5 0.5543 0.0288 0.3799 0.0370 
      H124.1  5 0.1351 0.1513 0.0233 0.6903 
      H124.2  5 0.1654 0.1433 0.0347 0.6566 
      H124.3  5 0.0393 0.0414 0.0200 0.8994 
      H124.4  5 0.5108 0.0568 0.0352 0.3972 
      H124.5  5 0.0626 0.1756 0.0459 0.7159 
      H132.1  5 0.6077 0.0888 0.1040 0.1995 
      H132.2  5 0.0703 0.1106 0.7886 0.0304 
      H132.3  5 0.6290 0.0956 0.0932 0.1821 
      H132.4  5 0.4332 0.2080 0.2248 0.1340 
      H132.5  5 0.1104 0.2642 0.4254 0.2000 
      H132.6  5 0.0949 0.1534 0.5945 0.1571 
      H132.7  5 0.1716 0.1285 0.3513 0.3487 
      H155.1  5 0.0144 0.0216 0.0144 0.9496 
      H155.2  5 0.0747 0.0614 0.0407 0.8232 
      H155.3  5 0.0231 0.0554 0.0229 0.8986 
      H155.4  5 0.0133 0.0130 0.0240 0.9498 
      H155.5  5 0.0240 0.1615 0.0368 0.7777 
      H155.6  5 0.0172 0.0368 0.0253 0.9208 
      H155.7  5 0.0632 0.0636 0.0492 0.8241 
      H155.8  5 0.0133 0.0181 0.0150 0.9536 
      H155.9  5 0.0270 0.3612 0.0273 0.5845 
      H169.1  5 0.4176 0.5351 0.0217 0.0256 
      H169.2  5 0.8543 0.1034 0.0133 0.0290 
      H169.3  5 0.6706 0.2154 0.0998 0.0142 
      H169.4  5 0.8137 0.1297 0.0286 0.0279 
      H169.5  5 0.6684 0.2018 0.0728 0.0570 
      H169.6  5 0.7505 0.1492 0.0266 0.0737 
      H457.1  5 0.3200 0.0667 0.5330 0.0804 
      H457.2  5 0.2840 0.0641 0.4774 0.1744 
      H457.3  5 0.4728 0.0716 0.2303 0.2254 
      H457.4  5 0.1729 0.1074 0.6559 0.0638 
      H457.5  5 0.4711 0.3013 0.0424 0.1852 
      H457.6  5 0.2393 0.3126 0.1523 0.2957 
      H457.7  5 0.9177 0.0226 0.0263 0.0334 
      H457.8  5 0.6960 0.1451 0.0893 0.0696 
      H462.1  5 0.7385 0.1604 0.0535 0.0477 
      H462.2  5 0.8498 0.0312 0.0723 0.0468 
      H462.3  5 0.3400 0.2005 0.0435 0.4160 
      H462.4  5 0.7299 0.0397 0.0470 0.1834 
      H462.5  5 0.5658 0.0787 0.2489 0.1067 
      H462.6  5 0.6042 0.1215 0.0674 0.2069 
      H462.7  5 0.3613 0.3313 0.0785 0.2289 
      H462.8  5 0.9402 0.0262 0.0193 0.0143 
      H462.9  5 0.6542 0.1942 0.0589 0.0927 
      H481.1  5 0.8670 0.0745 0.0506 0.0079 
      H481.2  5 0.9104 0.0266 0.0450 0.0180 
      H481.3  5 0.9566 0.0177 0.0107 0.0150 
      H481.4  5 0.9356 0.0173 0.0259 0.0212 
      H481.5  5 0.9366 0.0280 0.0230 0.0124 
      H481.6  5 0.9576 0.0122 0.0157 0.0145 
      H481.7  5 0.9278 0.0183 0.0216 0.0323 
      H481.8  5 0.9028 0.0203 0.0656 0.0112 
      H509.1  5 0.2225 0.5083 0.2488 0.0203 
      H509.2  5 0.1206 0.2642 0.6031 0.0122 
      H509.3  5 0.0616 0.5204 0.4034 0.0147 
      H509.4  5 0.0377 0.2069 0.7391 0.0163 
      H509.5  5 0.2227 0.3961 0.2636 0.1176 
      H509.6  5 0.2714 0.4084 0.2834 0.0368 
      H509.7  5 0.0314 0.6419 0.3015 0.0252 
      H567.1  5 0.0299 0.8998 0.0513 0.0189 
      H567.2  5 0.5410 0.1359 0.2710 0.0520 
      H567.3  5 0.3304 0.2536 0.3930 0.0231 
      H567.4  5 0.0508 0.1125 0.7394 0.0972 
      H567.5  5 0.0439 0.8777 0.0523 0.0261 
      H567.6  5 0.0512 0.8361 0.0748 0.0378 
      H567.7  5 0.2875 0.3452 0.2411 0.1262 
      H567.8  5 0.0864 0.6412 0.2405 0.0319 
      H608.1  5 0.3577 0.1207 0.3368 0.1848 
      H608.2  5 0.3615 0.1863 0.1828 0.2694 
      H608.3  5 0.2757 0.3174 0.0651 0.3417 
      H608.4  5 0.4371 0.3501 0.0471 0.1657 
      H608.5  5 0.2239 0.4555 0.0356 0.2850 
      H608.6  5 0.4925 0.2851 0.0962 0.1263 
      H608.7  5 0.1073 0.3330 0.2509 0.3088 
      H608.8  5 0.2640 0.4312 0.1410 0.1638 
      H615.1  5 0.8524 0.0537 0.0165 0.0775 
      H615.2  5 0.8744 0.0419 0.0241 0.0596 
      H615.3  5 0.9429 0.0271 0.0187 0.0112 
      H615.4  5 0.9252 0.0322 0.0295 0.0131 
      H615.5  5 0.9073 0.0516 0.0157 0.0255 
      H615.6  5 0.9715 0.0083 0.0120 0.0082 
      H635.1  5 0.4828 0.1077 0.3939 0.0156 
      H635.2  5 0.1174 0.1859 0.5330 0.1637 
      H635.3  5 0.0670 0.1116 0.7792 0.0422 
      H635.4  5 0.6702 0.0540 0.2170 0.0588 
      H635.5  5 0.2245 0.1365 0.5851 0.0540 
      H635.6  5 0.3540 0.0741 0.5539 0.0180 
      H635.7  5 0.1503 0.1625 0.6637 0.0235 
