      H105.1  1 0.0499 0.0076 0.0176 0.0186 0.0196 0.7761 0.0087 0.0191 0.0109 0.0199 0.0065 0.0084 0.0184 0.0129 0.0059 
      H105.2  1 0.0404 0.0094 0.0189 0.0073 0.0445 0.6027 0.0170 0.0378 0.1263 0.0270 0.0226 0.0130 0.0077 0.0172 0.0081 
      H105.3  1 0.0296 0.0090 0.0344 0.0135 0.0400 0.5904 0.0224 0.0493 0.0255 0.0553 0.0142 0.0382 0.0462 0.0250 0.0070 
      H105.4  1 0.1910 0.0253 0.0494 0.0066 0.0297 0.4810 0.0295 0.0378 0.0512 0.0234 0.0242 0.0233 0.0092 0.0101 0.0082 
      H105.5  1 0.1323 0.0206 0.0674 0.0206 0.0958 0.4557 0.0503 0.0197 0.0227 0.0191 0.0272 0.0148 0.0067 0.0382 0.0090 
      H105.6  1 0.0608 0.0204 0.0207 0.0048 0.0188 0.5693 0.0665 0.1196 0.0112 0.0110 0.0140 0.0397 0.0232 0.0121 0.0079 
      H105.7  1 0.0844 0.0158 0.0139 0.0355 0.0255 0.5604 0.0149 0.0318 0.0255 0.0583 0.0085 0.0148 0.0934 0.0102 0.0070 
      H105.8  1 0.0298 0.0049 0.0154 0.0052 0.0059 0.7951 0.0146 0.0245 0.0169 0.0134 0.0084 0.0073 0.0405 0.0079 0.0101 
      H115.1  1 0.0189 0.0122 0.0111 0.0305 0.0155 0.0107 0.5627 0.0745 0.0152 0.0312 0.0625 0.0327 0.0450 0.0663 0.0111 
      H115.2  1 0.0122 0.0098 0.0073 0.0232 0.0424 0.0091 0.7000 0.0105 0.0084 0.0564 0.0541 0.0304 0.0099 0.0124 0.0138 
      H115.3  1 0.0108 0.0099 0.0132 0.0132 0.0362 0.0072 0.8300 0.0058 0.0087 0.0152 0.0221 0.0088 0.0057 0.0073 0.0060 
      H115.4  1 0.0196 0.0097 0.0119 0.0366 0.2020 0.0093 0.0619 0.0080 0.0229 0.0882 0.2565 0.0081 0.0082 0.2501 0.0071 
      H115.5  1 0.0219 0.0384 0.0318 0.0312 0.0268 0.0201 0.5594 0.0217 0.0584 0.0493 0.0288 0.0088 0.0236 0.0251 0.0548 
      H115.6  1 0.0106 0.0132 0.0137 0.0151 0.2052 0.0068 0.6162 0.0073 0.0238 0.0128 0.0176 0.0226 0.0154 0.0070 0.0128 
      H115.7  1 0.0151 0.0278 0.0171 0.0409 0.2913 0.0085 0.3103 0.0689 0.0712 0.0225 0.0637 0.0346 0.0061 0.0162 0.0056 
      H115.8  1 0.0106 0.0103 0.0075 0.0161 0.0292 0.0100 0.7047 0.0125 0.0211 0.0340 0.0237 0.0165 0.0342 0.0078 0.0618 
      H115.9  1 0.0207 0.0059 0.0063 0.0158 0.0059 0.0059 0.8634 0.0105 0.0051 0.0074 0.0084 0.0117 0.0153 0.0123 0.0054 
      H145.1  1 0.0308 0.7577 0.0132 0.0088 0.0111 0.0083 0.0164 0.0214 0.0045 0.0042 0.0126 0.0271 0.0126 0.0104 0.0609 
      H145.2  1 0.0436 0.6310 0.0131 0.0096 0.0200 0.0526 0.0767 0.0111 0.0087 0.0064 0.0305 0.0190 0.0110 0.0157 0.0511 
      H145.3  1 0.0277 0.6994 0.0092 0.0066 0.0110 0.0077 0.0102 0.0063 0.0140 0.0034 0.0144 0.0108 0.0593 0.0057 0.1143 
      H145.4  1 0.0149 0.8902 0.0052 0.0066 0.0063 0.0052 0.0055 0.0182 0.0039 0.0039 0.0070 0.0086 0.0059 0.0046 0.0139 
      H145.5  1 0.0101 0.6095 0.0081 0.0061 0.0166 0.0074 0.0071 0.0073 0.0077 0.0031 0.0090 0.0113 0.0092 0.0058 0.2815 
      H145.6  1 0.0334 0.7577 0.0058 0.0107 0.0118 0.0391 0.0294 0.0138 0.0278 0.0049 0.0172 0.0061 0.0075 0.0093 0.0255 
      H145.7  1 0.0138 0.8932 0.0049 0.0085 0.0083 0.0072 0.0056 0.0057 0.0107 0.0033 0.0127 0.0048 0.0099 0.0048 0.0066 
      H149.1  1 0.0051 0.9111 0.0050 0.0057 0.0045 0.0047 0.0064 0.0052 0.0054 0.0071 0.0038 0.0124 0.0063 0.0120 0.0053 
      H149.2  1 0.0050 0.9202 0.0067 0.0053 0.0063 0.0050 0.0052 0.0049 0.0048 0.0040 0.0039 0.0112 0.0042 0.0096 0.0038 
      H149.3  1 0.0078 0.8692 0.0087 0.0098 0.0140 0.0048 0.0094 0.0090 0.0072 0.0080 0.0078 0.0182 0.0061 0.0155 0.0046 
      H149.4  1 0.0076 0.5660 0.0199 0.0204 0.0103 0.0349 0.0145 0.0224 0.0126 0.0123 0.0254 0.1685 0.0112 0.0578 0.0163 
      H149.5  1 0.0098 0.8086 0.0063 0.0450 0.0117 0.0302 0.0046 0.0074 0.0118 0.0058 0.0152 0.0123 0.0060 0.0203 0.0049 
      H149.6  1 0.0047 0.9014 0.0053 0.0098 0.0091 0.0073 0.0049 0.0056 0.0100 0.0046 0.0057 0.0083 0.0044 0.0149 0.0040 
      H149.7  1 0.0076 0.6592 0.0147 0.0473 0.0183 0.0369 0.0070 0.0164 0.0301 0.0174 0.0309 0.0313 0.0123 0.0598 0.0107 
      H150.1  1 0.0095 0.0061 0.0066 0.0086 0.0307 0.0150 0.8248 0.0143 0.0082 0.0114 0.0257 0.0081 0.0111 0.0054 0.0147 
      H150.2  1 0.0049 0.0099 0.0129 0.0159 0.0916 0.0075 0.6441 0.0157 0.0097 0.0274 0.0958 0.0117 0.0075 0.0110 0.0343 
      H150.3  1 0.0109 0.0125 0.0119 0.0125 0.0467 0.0116 0.5790 0.1322 0.0198 0.0146 0.0744 0.0145 0.0307 0.0100 0.0187 
      H150.4  1 0.0110 0.0071 0.0074 0.0069 0.0169 0.0067 0.8521 0.0166 0.0123 0.0073 0.0102 0.0068 0.0145 0.0042 0.0200 
      H150.5  1 0.0091 0.0151 0.0211 0.0320 0.0645 0.0108 0.5868 0.0246 0.0159 0.0512 0.1272 0.0193 0.0086 0.0087 0.0053 
      H150.6  1 0.0056 0.0120 0.0140 0.0477 0.4779 0.0178 0.0591 0.0094 0.0386 0.0782 0.1822 0.0249 0.0041 0.0137 0.0148 
      H150.7  1 0.0080 0.0063 0.0062 0.0049 0.0089 0.0063 0.9029 0.0091 0.0048 0.0059 0.0099 0.0060 0.0083 0.0039 0.0084 
   H169607.1  1 0.0403 0.0621 0.2505 0.0300 0.0316 0.1187 0.0483 0.0258 0.0508 0.0129 0.1576 0.0260 0.0206 0.0925 0.0323 
   H169607.2  1 0.6103 0.0379 0.0465 0.0111 0.0162 0.0297 0.0428 0.0156 0.0087 0.0175 0.0678 0.0490 0.0290 0.0137 0.0043 
   H169607.3  1 0.1601 0.0677 0.1496 0.1336 0.0178 0.2283 0.0244 0.0189 0.0555 0.0091 0.0511 0.0138 0.0362 0.0229 0.0111 
   H169607.4  1 0.4105 0.0390 0.1211 0.0065 0.0127 0.1381 0.0229 0.0119 0.0091 0.0114 0.0126 0.1790 0.0064 0.0104 0.0085 
   H169607.5  1 0.2424 0.0704 0.0690 0.0786 0.0356 0.0347 0.0297 0.0071 0.0103 0.0049 0.3233 0.0294 0.0354 0.0197 0.0095 
   H169607.6  1 0.7047 0.0273 0.0370 0.0107 0.0098 0.0578 0.0222 0.0080 0.0114 0.0133 0.0327 0.0283 0.0184 0.0145 0.0039 
   H169607.7  1 0.2315 0.0223 0.0266 0.0094 0.0142 0.0402 0.0217 0.0136 0.0164 0.1160 0.4084 0.0141 0.0407 0.0190 0.0060 
   H169607.8  1 0.6665 0.0106 0.0976 0.0062 0.0088 0.0783 0.0172 0.0106 0.0079 0.0067 0.0075 0.0550 0.0132 0.0088 0.0048 
   H169633.1  1 0.0060 0.8150 0.0059 0.0105 0.0159 0.0113 0.0136 0.0229 0.0163 0.0345 0.0054 0.0071 0.0070 0.0127 0.0159 
   H169633.2  1 0.0047 0.4606 0.0053 0.0078 0.0223 0.0121 0.0061 0.0276 0.0470 0.1266 0.0160 0.0145 0.0276 0.2084 0.0135 
   H169633.3  1 0.0048 0.7807 0.0081 0.0127 0.0325 0.0083 0.0077 0.0184 0.0077 0.0271 0.0092 0.0108 0.0250 0.0394 0.0077 
   H169633.4  1 0.0074 0.7741 0.0095 0.0214 0.0167 0.0117 0.0163 0.0110 0.0149 0.0163 0.0074 0.0188 0.0099 0.0330 0.0316 
   H169633.5  1 0.0064 0.7781 0.0096 0.0219 0.0179 0.0124 0.0163 0.0113 0.0119 0.0188 0.0069 0.0232 0.0085 0.0324 0.0244 
   H169688.1  1 0.0549 0.2418 0.0064 0.0060 0.0052 0.0080 0.0099 0.0085 0.4933 0.0083 0.1084 0.0123 0.0149 0.0178 0.0042 
   H169688.2  1 0.0172 0.0404 0.0091 0.0078 0.0084 0.0204 0.0298 0.0064 0.4948 0.0889 0.2265 0.0110 0.0149 0.0111 0.0134 
   H169688.3  1 0.0135 0.2824 0.0063 0.0205 0.0088 0.0192 0.0176 0.0136 0.1116 0.0135 0.4627 0.0107 0.0051 0.0077 0.0069 
   H169688.4  1 0.0161 0.0463 0.0085 0.0170 0.0075 0.0084 0.4550 0.0070 0.0472 0.0397 0.3015 0.0092 0.0146 0.0068 0.0154 
   H169688.5  1 0.0201 0.0521 0.0107 0.0156 0.0067 0.0111 0.4247 0.0070 0.0446 0.0408 0.3175 0.0120 0.0106 0.0072 0.0193 
   H169688.6  1 0.0228 0.1637 0.0060 0.0104 0.0049 0.0099 0.0439 0.0053 0.1432 0.1392 0.3632 0.0086 0.0102 0.0292 0.0397 
   H169688.7  1 0.0118 0.3315 0.0086 0.0131 0.0155 0.0266 0.0278 0.0090 0.0296 0.0134 0.4712 0.0123 0.0111 0.0057 0.0130 
   H171901.1  1 0.0226 0.0656 0.0155 0.0197 0.0669 0.1892 0.0965 0.0996 0.2242 0.0228 0.0763 0.0108 0.0117 0.0076 0.0709 
   H171901.2  1 0.0188 0.7382 0.0106 0.0104 0.0222 0.0137 0.0386 0.0084 0.0082 0.0351 0.0198 0.0430 0.0150 0.0072 0.0108 
   H171901.3  1 0.0081 0.6148 0.0101 0.0215 0.0121 0.0218 0.0539 0.0102 0.0482 0.0441 0.0228 0.0825 0.0108 0.0311 0.0081 
   H171901.4  1 0.0100 0.4850 0.0348 0.0109 0.0118 0.0186 0.0318 0.0082 0.0250 0.1189 0.0570 0.1122 0.0191 0.0494 0.0073 
   H171901.5  1 0.0086 0.3920 0.0356 0.0133 0.0105 0.0198 0.0198 0.0072 0.0123 0.0761 0.0322 0.3059 0.0109 0.0480 0.0078 
   H171901.6  1 0.0102 0.4889 0.0240 0.0078 0.0130 0.0126 0.0153 0.0071 0.0085 0.0584 0.0212 0.3001 0.0103 0.0166 0.0059 
   H171901.7  1 0.0062 0.7361 0.0055 0.0141 0.0113 0.0115 0.0124 0.0058 0.0111 0.0181 0.0578 0.0802 0.0131 0.0100 0.0066 
   H171902.1  1 0.0155 0.0136 0.0135 0.0052 0.0092 0.0103 0.0211 0.0064 0.0130 0.0096 0.0130 0.7351 0.0232 0.0220 0.0894 
  H171902.10  1 0.0098 0.0081 0.0058 0.0038 0.0092 0.0072 0.0070 0.0044 0.0097 0.0078 0.0073 0.8973 0.0052 0.0086 0.0087 
   H171902.2  1 0.0175 0.0252 0.0257 0.0066 0.0090 0.0187 0.0188 0.0117 0.1744 0.0576 0.0134 0.4234 0.0949 0.0262 0.0768 
   H171902.3  1 0.0242 0.0344 0.0164 0.0066 0.0117 0.0389 0.0373 0.0090 0.0123 0.0352 0.0276 0.6909 0.0115 0.0325 0.0116 
   H171902.4  1 0.0102 0.0465 0.0058 0.0048 0.0099 0.0045 0.0171 0.0088 0.0096 0.0110 0.0046 0.8135 0.0135 0.0045 0.0357 
   H171902.6  1 0.0133 0.0110 0.0053 0.0043 0.0130 0.0092 0.0114 0.0050 0.0075 0.0065 0.0058 0.8805 0.0062 0.0109 0.0102 
   H171902.7  1 0.0170 0.0287 0.0265 0.0062 0.0262 0.0169 0.0074 0.0069 0.0085 0.0071 0.0091 0.7850 0.0055 0.0075 0.0416 
   H171902.8  1 0.0122 0.0115 0.0109 0.0074 0.0132 0.0128 0.0162 0.0053 0.0142 0.0088 0.0107 0.8395 0.0078 0.0126 0.0169 
   H171902.9  1 0.0130 0.0212 0.0194 0.0059 0.0092 0.0122 0.1082 0.0184 0.0074 0.0069 0.0102 0.6809 0.0173 0.0066 0.0632 
   H171903.1  1 0.7782 0.0185 0.0213 0.0095 0.0107 0.0043 0.0251 0.0067 0.0076 0.0119 0.0630 0.0112 0.0141 0.0131 0.0046 
   H171903.2  1 0.6728 0.0097 0.0370 0.0353 0.0080 0.0447 0.0306 0.0081 0.0112 0.0098 0.0540 0.0138 0.0324 0.0201 0.0126 
   H171903.3  1 0.2197 0.0320 0.0702 0.1258 0.0562 0.0876 0.0253 0.0115 0.0136 0.0097 0.1618 0.0456 0.0282 0.0964 0.0164 
   H171903.4  1 0.1191 0.2930 0.0880 0.0317 0.0644 0.0208 0.0459 0.0355 0.1010 0.0200 0.0924 0.0561 0.0092 0.0101 0.0127 
   H171903.5  1 0.1069 0.0609 0.0276 0.1661 0.0136 0.2257 0.0265 0.0079 0.0149 0.0245 0.2036 0.0157 0.0305 0.0603 0.0149 
   H171903.6  1 0.1810 0.1671 0.1091 0.0772 0.0089 0.0271 0.0286 0.0085 0.0193 0.0098 0.3079 0.0211 0.0159 0.0119 0.0066 
      H177.1  1 0.0239 0.1124 0.0181 0.0349 0.0240 0.0122 0.0198 0.0058 0.0892 0.0168 0.0544 0.5343 0.0101 0.0328 0.0109 
      H177.2  1 0.0252 0.1146 0.2765 0.0538 0.0509 0.0665 0.0191 0.0088 0.0166 0.0180 0.0629 0.0857 0.0708 0.1164 0.0141 
      H177.3  1 0.0206 0.2204 0.0722 0.0264 0.0458 0.0353 0.0431 0.0083 0.0078 0.0137 0.0524 0.3352 0.0161 0.0780 0.0249 
      H177.4  1 0.0231 0.3230 0.0551 0.0533 0.0157 0.0207 0.0077 0.0072 0.0480 0.0413 0.0182 0.2238 0.0112 0.1413 0.0103 
      H177.5  1 0.0349 0.0604 0.0619 0.2378 0.0169 0.0593 0.0196 0.0104 0.1949 0.0642 0.0247 0.1696 0.0257 0.0112 0.0083 
      H177.6  1 0.0126 0.1994 0.0528 0.0190 0.0417 0.0215 0.0472 0.0061 0.0056 0.0166 0.0272 0.4426 0.0138 0.0669 0.0269 
      H179.1  1 0.0060 0.0071 0.0296 0.0276 0.0095 0.1234 0.0154 0.0270 0.0379 0.3712 0.0268 0.0274 0.0155 0.2699 0.0059 
      H179.2  1 0.0090 0.0072 0.0182 0.0225 0.0111 0.0291 0.0117 0.0110 0.0121 0.0271 0.0398 0.0113 0.0106 0.7739 0.0054 
      H179.3  1 0.0296 0.0110 0.0197 0.0704 0.0086 0.0975 0.0440 0.0191 0.0833 0.2371 0.1779 0.0117 0.0528 0.1312 0.0060 
      H179.4  1 0.0103 0.0251 0.0158 0.0178 0.0092 0.0461 0.0069 0.0098 0.0210 0.0109 0.0345 0.0115 0.0191 0.7563 0.0056 
      H180.1  1 0.0089 0.0049 0.0119 0.0268 0.0347 0.0073 0.0384 0.0067 0.0217 0.3197 0.3551 0.0302 0.0050 0.1145 0.0142 
      H180.2  1 0.0131 0.0077 0.0266 0.0104 0.0175 0.0111 0.0610 0.0104 0.0423 0.3716 0.3201 0.0436 0.0089 0.0354 0.0203 
      H180.3  1 0.0222 0.0065 0.0239 0.0512 0.0089 0.0101 0.3468 0.0212 0.0100 0.0406 0.2832 0.0145 0.0491 0.0935 0.0182 
      H180.4  1 0.0093 0.0084 0.0115 0.0189 0.0889 0.0139 0.0172 0.0321 0.0266 0.4041 0.2828 0.0356 0.0162 0.0158 0.0187 
      H180.5  1 0.0213 0.0103 0.0327 0.0133 0.1906 0.0088 0.0334 0.0066 0.0307 0.2293 0.2551 0.0554 0.0420 0.0197 0.0508 
      H180.6  1 0.0201 0.0175 0.0135 0.0103 0.0987 0.0250 0.0406 0.0138 0.0211 0.0229 0.0881 0.0216 0.5383 0.0088 0.0596 
      H181.1  1 0.0706 0.1402 0.0127 0.2116 0.0363 0.1253 0.0097 0.0054 0.0832 0.0686 0.0096 0.0795 0.0087 0.1176 0.0210 
      H181.2  1 0.0247 0.0660 0.0145 0.0241 0.1066 0.0143 0.0104 0.0113 0.0975 0.1237 0.0137 0.1610 0.0135 0.2933 0.0253 
      H181.3  1 0.0237 0.0701 0.0337 0.0158 0.0316 0.0089 0.0071 0.0086 0.3585 0.1011 0.0178 0.2089 0.0301 0.0662 0.0180 
      H181.4  1 0.0383 0.1515 0.0931 0.3724 0.0492 0.0341 0.0416 0.0162 0.0395 0.0133 0.0388 0.0577 0.0143 0.0349 0.0051 
      H181.5  1 0.0102 0.0220 0.0171 0.0158 0.0455 0.0468 0.0061 0.0160 0.3793 0.0556 0.0089 0.0202 0.0169 0.3266 0.0133 
      H181.6  1 0.0143 0.0171 0.0182 0.0150 0.0390 0.0356 0.0129 0.0098 0.0236 0.1424 0.0140 0.0424 0.0115 0.5985 0.0057 
      H181.7  1 0.0231 0.0617 0.0124 0.0277 0.0085 0.2817 0.0151 0.0082 0.0716 0.0503 0.0356 0.0227 0.0301 0.3373 0.0141 
 H194.1_2004  1 0.0641 0.7411 0.0056 0.0078 0.0248 0.0080 0.0124 0.0117 0.0061 0.0069 0.0218 0.0618 0.0134 0.0052 0.0095 
 H194.2_2004  1 0.0565 0.7125 0.0071 0.0289 0.0376 0.0065 0.0085 0.0121 0.0414 0.0046 0.0139 0.0432 0.0089 0.0038 0.0143 
 H194.3_2004  1 0.0091 0.8906 0.0054 0.0049 0.0072 0.0085 0.0052 0.0068 0.0045 0.0062 0.0063 0.0242 0.0055 0.0088 0.0066 
 H194.4_2004  1 0.0299 0.8760 0.0050 0.0069 0.0069 0.0055 0.0049 0.0055 0.0166 0.0058 0.0064 0.0097 0.0059 0.0049 0.0101 
 H194.5_2004  1 0.0080 0.8778 0.0108 0.0077 0.0089 0.0124 0.0077 0.0071 0.0070 0.0068 0.0083 0.0125 0.0102 0.0097 0.0051 
 H194.6_2004  1 0.0162 0.7793 0.0113 0.0114 0.0126 0.0130 0.0105 0.0069 0.0309 0.0058 0.0105 0.0458 0.0101 0.0289 0.0067 
 H194.7_2004  1 0.1473 0.7260 0.0055 0.0090 0.0080 0.0098 0.0056 0.0113 0.0117 0.0062 0.0108 0.0059 0.0315 0.0041 0.0074 
 H194.8_2004  1 0.0152 0.8434 0.0074 0.0135 0.0117 0.0073 0.0089 0.0106 0.0273 0.0047 0.0108 0.0093 0.0126 0.0095 0.0077 
      H194.9  1 0.0352 0.8140 0.0073 0.0076 0.0124 0.0086 0.0116 0.0159 0.0102 0.0078 0.0076 0.0086 0.0396 0.0057 0.0080 
 H195.1_2003  1 0.0104 0.8410 0.0114 0.0055 0.0104 0.0255 0.0064 0.0093 0.0125 0.0179 0.0176 0.0108 0.0067 0.0099 0.0046 
 H195.1_2004  1 0.0092 0.8562 0.0056 0.0079 0.0377 0.0068 0.0072 0.0078 0.0120 0.0079 0.0082 0.0073 0.0055 0.0046 0.0161 
 H195.2_2003  1 0.0615 0.7489 0.0252 0.0044 0.0080 0.0109 0.0242 0.0062 0.0084 0.0454 0.0158 0.0148 0.0123 0.0061 0.0079 
 H195.2_2004  1 0.0087 0.9042 0.0074 0.0046 0.0058 0.0066 0.0056 0.0043 0.0062 0.0069 0.0076 0.0044 0.0089 0.0039 0.0149 
 H195.3_2003  1 0.0919 0.5227 0.0785 0.0093 0.0076 0.0247 0.0806 0.0241 0.0204 0.0442 0.0444 0.0206 0.0137 0.0073 0.0099 
 H195.3_2004  1 0.0136 0.9057 0.0040 0.0062 0.0112 0.0043 0.0055 0.0055 0.0064 0.0055 0.0052 0.0102 0.0043 0.0050 0.0075 
 H195.4_2003  1 0.0122 0.9062 0.0061 0.0039 0.0144 0.0072 0.0043 0.0055 0.0047 0.0071 0.0076 0.0069 0.0048 0.0059 0.0033 
 H195.4_2004  1 0.0134 0.8834 0.0052 0.0061 0.0074 0.0063 0.0052 0.0051 0.0245 0.0072 0.0072 0.0048 0.0139 0.0050 0.0053 
 H195.5_2003  1 0.0160 0.7752 0.0085 0.0066 0.0299 0.0289 0.0092 0.0113 0.0264 0.0336 0.0207 0.0123 0.0056 0.0101 0.0058 
 H195.5_2004  1 0.0082 0.8940 0.0048 0.0080 0.0088 0.0053 0.0069 0.0099 0.0114 0.0081 0.0057 0.0076 0.0065 0.0056 0.0091 
 H195.6_2003  1 0.0714 0.7770 0.0182 0.0059 0.0075 0.0067 0.0246 0.0071 0.0095 0.0232 0.0137 0.0155 0.0067 0.0052 0.0077 
 H195.6_2004  1 0.0155 0.8969 0.0068 0.0049 0.0092 0.0106 0.0033 0.0071 0.0053 0.0051 0.0073 0.0070 0.0052 0.0075 0.0082 
 H195.7_2003  1 0.0094 0.8755 0.0088 0.0069 0.0079 0.0200 0.0047 0.0059 0.0093 0.0127 0.0109 0.0074 0.0089 0.0085 0.0032 
 H195.7_2004  1 0.0076 0.7680 0.0076 0.0136 0.0325 0.0074 0.0145 0.0166 0.0096 0.0140 0.0104 0.0065 0.0066 0.0063 0.0786 
      H195.8  1 0.0185 0.8097 0.0058 0.0128 0.0397 0.0101 0.0078 0.0081 0.0388 0.0084 0.0091 0.0060 0.0113 0.0053 0.0084 
      H195.9  1 0.0242 0.8827 0.0072 0.0062 0.0089 0.0074 0.0051 0.0057 0.0087 0.0071 0.0062 0.0093 0.0097 0.0057 0.0059 
      H415.1  1 0.0086 0.1480 0.0087 0.0152 0.0281 0.0186 0.1439 0.0481 0.0192 0.0555 0.0188 0.1061 0.0896 0.2116 0.0799 
      H415.2  1 0.0062 0.0086 0.0096 0.0110 0.0058 0.0066 0.0143 0.0118 0.0039 0.0084 0.0074 0.8728 0.0062 0.0183 0.0093 
      H415.3  1 0.0040 0.0315 0.0137 0.0162 0.0226 0.0117 0.0143 0.0152 0.0053 0.0225 0.0194 0.0256 0.0087 0.7826 0.0066 
      H415.4  1 0.0067 0.0481 0.0132 0.0165 0.1013 0.0147 0.1176 0.0507 0.0117 0.0146 0.0128 0.0521 0.0424 0.4675 0.0301 
      H415.5  1 0.0048 0.0452 0.0079 0.0159 0.0323 0.0094 0.0086 0.0186 0.0065 0.0116 0.0174 0.0453 0.0070 0.7562 0.0133 
      H415.6  1 0.0067 0.0628 0.0110 0.0165 0.0990 0.0156 0.1020 0.0410 0.0122 0.0131 0.0170 0.0629 0.0576 0.4563 0.0262 
      H415.7  1 0.0061 0.0928 0.1315 0.0130 0.0163 0.0163 0.0214 0.0244 0.0065 0.0168 0.0248 0.2820 0.0095 0.3220 0.0166 
      H506.1  1 0.0033 0.0066 0.0069 0.0068 0.0053 0.0099 0.0035 0.0096 0.0060 0.0127 0.0056 0.0041 0.0071 0.9053 0.0074 
      H506.2  1 0.0071 0.0162 0.0100 0.0066 0.0079 0.0102 0.0036 0.0086 0.0051 0.0160 0.0060 0.0091 0.0061 0.8811 0.0065 
      H506.3  1 0.0055 0.0085 0.0157 0.0143 0.0076 0.0085 0.0076 0.0175 0.0285 0.1113 0.0150 0.0181 0.0094 0.6778 0.0547 
      H506.4  1 0.0063 0.0053 0.0159 0.0107 0.0048 0.0096 0.0060 0.0093 0.0097 0.0214 0.0127 0.0066 0.0076 0.8619 0.0123 
      H506.5  1 0.0076 0.0053 0.0118 0.0055 0.0038 0.0070 0.0045 0.0055 0.0046 0.0174 0.0044 0.0074 0.0061 0.9021 0.0072 
      H506.6  1 0.0197 0.0094 0.0612 0.0834 0.0084 0.0270 0.0270 0.0097 0.0248 0.1832 0.0199 0.0151 0.0108 0.4378 0.0625 
      H506.7  1 0.0062 0.0118 0.0103 0.0063 0.0065 0.0098 0.0038 0.0085 0.0062 0.0223 0.0052 0.0100 0.0087 0.8767 0.0077 
      H533.1  1 0.0034 0.0059 0.0045 0.0088 0.0080 0.0915 0.0040 0.0041 0.0091 0.0128 0.0189 0.0086 0.0056 0.8027 0.0120 
      H533.2  1 0.0035 0.0057 0.0046 0.0068 0.0064 0.0387 0.0046 0.0051 0.0080 0.0159 0.0145 0.0114 0.0062 0.8512 0.0174 
      H533.3  1 0.0095 0.0066 0.0078 0.0390 0.0050 0.0496 0.0089 0.0040 0.0068 0.0097 0.0427 0.0096 0.0103 0.7820 0.0084 
      H533.4  1 0.0107 0.0229 0.0123 0.0174 0.0080 0.0134 0.0112 0.0048 0.0100 0.0150 0.0754 0.0159 0.0079 0.7573 0.0177 
      H535.1  1 0.0234 0.0093 0.0142 0.0071 0.0113 0.0085 0.0130 0.0071 0.0076 0.0056 0.0116 0.0203 0.0067 0.8488 0.0056 
      H535.2  1 0.0150 0.0213 0.0083 0.0167 0.0150 0.0087 0.0040 0.0062 0.0238 0.0105 0.0083 0.0056 0.0212 0.8321 0.0034 
      H535.3  1 0.0157 0.0221 0.0111 0.0161 0.0134 0.0122 0.0079 0.0077 0.0325 0.0148 0.0082 0.0061 0.0151 0.8111 0.0061 
      H535.4  1 0.0056 0.0202 0.0043 0.0075 0.0092 0.0038 0.0043 0.0070 0.0092 0.0059 0.0084 0.0043 0.0041 0.9023 0.0037 
      H535.5  1 0.0070 0.0078 0.0059 0.0060 0.0040 0.0041 0.0050 0.0053 0.0055 0.0042 0.0102 0.0062 0.0049 0.9205 0.0034 
      H535.6  1 0.0431 0.0161 0.0226 0.0196 0.0383 0.0193 0.0199 0.0082 0.0379 0.0068 0.0259 0.0257 0.0130 0.6991 0.0043 
      H535.7  1 0.0069 0.0044 0.0035 0.0057 0.0034 0.0042 0.0048 0.0033 0.0040 0.0048 0.0046 0.0059 0.0047 0.9357 0.0041 
      H535.8  1 0.0064 0.0100 0.0056 0.0073 0.0038 0.0052 0.0058 0.0048 0.0210 0.0052 0.0093 0.0057 0.0078 0.8983 0.0037 
      H535.9  1 0.0184 0.0106 0.0118 0.0071 0.0214 0.0081 0.0187 0.0059 0.0084 0.0135 0.0106 0.0075 0.0077 0.8445 0.0058 
      H539.1  1 0.0083 0.0042 0.0049 0.0035 0.0042 0.0039 0.9344 0.0038 0.0038 0.0037 0.0044 0.0068 0.0050 0.0030 0.0060 
      H539.2  1 0.0295 0.0071 0.0132 0.0431 0.0246 0.0144 0.1562 0.0102 0.0320 0.0243 0.5556 0.0377 0.0159 0.0195 0.0167 
      H539.3  1 0.0655 0.0138 0.0074 0.0106 0.0052 0.0093 0.7556 0.0134 0.0215 0.0109 0.0272 0.0135 0.0203 0.0081 0.0176 
      H539.4  1 0.0039 0.0045 0.0062 0.0121 0.0046 0.0082 0.8827 0.0065 0.0068 0.0159 0.0120 0.0073 0.0086 0.0080 0.0126 
      H539.5  1 0.0104 0.0043 0.0073 0.0043 0.0065 0.0032 0.9197 0.0047 0.0049 0.0033 0.0066 0.0046 0.0099 0.0047 0.0057 
      H539.6  1 0.0096 0.0057 0.0073 0.0058 0.0096 0.0042 0.8848 0.0057 0.0058 0.0032 0.0151 0.0081 0.0239 0.0051 0.0059 
      H539.7  1 0.0046 0.0053 0.0056 0.0049 0.0061 0.0038 0.9232 0.0060 0.0051 0.0059 0.0115 0.0060 0.0045 0.0035 0.0042 
      H539.8  1 0.0143 0.0134 0.0128 0.0177 0.0098 0.0231 0.6981 0.0343 0.0280 0.0268 0.0292 0.0140 0.0122 0.0162 0.0502 
      H539.9  1 0.0058 0.0032 0.0054 0.0049 0.0038 0.0053 0.9211 0.0041 0.0048 0.0057 0.0060 0.0055 0.0094 0.0041 0.0108 
      H540.1  1 0.0172 0.0126 0.0219 0.0206 0.0116 0.0094 0.8282 0.0067 0.0070 0.0047 0.0210 0.0143 0.0084 0.0078 0.0087 
      H540.2  1 0.0063 0.0061 0.0088 0.0072 0.0068 0.0074 0.9060 0.0075 0.0044 0.0038 0.0076 0.0125 0.0050 0.0059 0.0046 
      H540.3  1 0.0063 0.0164 0.0318 0.0338 0.0370 0.0130 0.5486 0.0222 0.0255 0.0149 0.0088 0.0338 0.0047 0.0098 0.1933 
      H540.4  1 0.0072 0.0079 0.0148 0.0177 0.0218 0.0101 0.8379 0.0104 0.0065 0.0080 0.0241 0.0133 0.0051 0.0103 0.0050 
      H540.5  1 0.0082 0.0077 0.0110 0.0138 0.0096 0.0078 0.8568 0.0072 0.0088 0.0071 0.0078 0.0161 0.0083 0.0082 0.0217 
      H540.6  1 0.0364 0.0128 0.0291 0.0345 0.0210 0.0135 0.7392 0.0122 0.0176 0.0069 0.0134 0.0251 0.0141 0.0117 0.0125 
      H540.7  1 0.0084 0.0091 0.0100 0.0160 0.0124 0.0073 0.8616 0.0067 0.0050 0.0072 0.0178 0.0135 0.0097 0.0108 0.0045 
      H540.8  1 0.0131 0.0228 0.0115 0.0358 0.0120 0.0121 0.7418 0.0069 0.0048 0.0088 0.0491 0.0592 0.0066 0.0083 0.0073 
     H9558.1  1 0.0103 0.0058 0.0049 0.0044 0.0043 0.0081 0.9088 0.0061 0.0055 0.0052 0.0113 0.0098 0.0041 0.0052 0.0063 
     H9558.2  1 0.0128 0.0051 0.0061 0.0062 0.0037 0.0156 0.8784 0.0099 0.0094 0.0097 0.0080 0.0070 0.0105 0.0098 0.0078 
     H9558.3  1 0.0174 0.0056 0.0089 0.0089 0.0053 0.0175 0.8623 0.0107 0.0075 0.0095 0.0066 0.0063 0.0145 0.0077 0.0114 
     H9558.4  1 0.0076 0.0048 0.0064 0.0075 0.0051 0.0089 0.8885 0.0042 0.0061 0.0094 0.0210 0.0115 0.0049 0.0074 0.0066 
     H9558.5  1 0.0040 0.0043 0.0062 0.0208 0.0041 0.0066 0.8633 0.0109 0.0081 0.0206 0.0101 0.0141 0.0045 0.0086 0.0137 
     H9558.6  1 0.0067 0.0060 0.0094 0.0513 0.0093 0.0136 0.7755 0.0091 0.0061 0.0069 0.0059 0.0169 0.0639 0.0074 0.0121 
    kos339.1  1 0.0071 0.0905 0.0412 0.0201 0.0102 0.0088 0.0161 0.0098 0.0132 0.0143 0.0195 0.2649 0.0533 0.4232 0.0079 
    kos339.2  1 0.0089 0.6108 0.0129 0.0167 0.0120 0.0274 0.0107 0.0243 0.0130 0.0169 0.0095 0.0105 0.0853 0.1299 0.0112 
    kos339.3  1 0.0065 0.5729 0.0143 0.0131 0.0073 0.0048 0.0145 0.0090 0.0069 0.0095 0.0148 0.0114 0.0107 0.2987 0.0057 
    kos339.4  1 0.0047 0.6389 0.0112 0.0125 0.0091 0.0053 0.0080 0.0095 0.0092 0.0115 0.0136 0.0091 0.0149 0.2337 0.0088 
    kos339.5  1 0.0070 0.4068 0.0778 0.0170 0.0159 0.0086 0.0139 0.0207 0.0105 0.0215 0.0269 0.2022 0.0350 0.1316 0.0045 
    kos339.6  1 0.0052 0.7895 0.0190 0.0267 0.0105 0.0063 0.0056 0.0132 0.0098 0.0147 0.0079 0.0162 0.0133 0.0517 0.0104 
    kos339.7  1 0.0070 0.1804 0.0094 0.0134 0.0060 0.0061 0.0056 0.0055 0.0044 0.0069 0.0139 0.0193 0.0117 0.7049 0.0056 
    kos339.8  1 0.0040 0.1940 0.0110 0.0169 0.0080 0.0045 0.0053 0.0066 0.0090 0.0136 0.0091 0.0117 0.0096 0.6880 0.0088 
    kos339.9  1 0.0115 0.6608 0.0228 0.0123 0.0167 0.0129 0.0420 0.0174 0.0080 0.0078 0.0291 0.0907 0.0286 0.0335 0.0059 
      H008.1  2 0.0084 0.0077 0.0082 0.0069 0.0082 0.0147 0.0236 0.0238 0.0083 0.0121 0.0223 0.0100 0.8303 0.0088 0.0068 
      H008.2  2 0.0353 0.0147 0.0214 0.0206 0.0084 0.5316 0.0470 0.0340 0.0477 0.0248 0.0238 0.0572 0.0591 0.0140 0.0605 
      H008.3  2 0.0521 0.0185 0.0226 0.0279 0.0198 0.1784 0.0237 0.0488 0.1324 0.0424 0.2155 0.0332 0.0770 0.0705 0.0374 
      H008.4  2 0.0234 0.0114 0.0119 0.0099 0.0166 0.1192 0.0298 0.0468 0.0195 0.0094 0.0087 0.0366 0.6028 0.0178 0.0363 
      H008.5  2 0.0262 0.0095 0.0145 0.0137 0.0077 0.0360 0.0144 0.0318 0.0259 0.0155 0.0234 0.0192 0.7226 0.0190 0.0206 
      H008.6  2 0.0373 0.0127 0.0218 0.0212 0.0059 0.3938 0.0233 0.0321 0.0139 0.0121 0.0136 0.1540 0.1593 0.0208 0.0782 
      H008.7  2 0.0194 0.0125 0.0140 0.0096 0.0302 0.2181 0.0285 0.0288 0.0715 0.0469 0.0210 0.0672 0.3098 0.0267 0.0958 
      H008.8  2 0.0241 0.0129 0.0164 0.0093 0.0097 0.3787 0.3368 0.0207 0.0181 0.0085 0.0209 0.0108 0.1118 0.0122 0.0089 
      H008.9  2 0.0236 0.0196 0.0078 0.0112 0.0093 0.7125 0.0128 0.0229 0.0110 0.0106 0.0107 0.0506 0.0176 0.0095 0.0702 
 H029.1_2002  2 0.0076 0.0071 0.0201 0.0106 0.0088 0.0225 0.0516 0.0182 0.0250 0.0075 0.0084 0.0173 0.7621 0.0108 0.0226 
 H029.1_2003  2 0.0124 0.0074 0.0197 0.0254 0.0055 0.4121 0.0176 0.0272 0.0300 0.0152 0.0244 0.0177 0.3141 0.0505 0.0207 
 H029.2_2002  2 0.0116 0.0575 0.0194 0.0107 0.0063 0.0144 0.0052 0.0069 0.0525 0.0090 0.0099 0.0432 0.6854 0.0477 0.0203 
 H029.2_2003  2 0.0243 0.0417 0.0359 0.0385 0.0062 0.2165 0.0107 0.0071 0.0312 0.0094 0.0220 0.0690 0.3539 0.0908 0.0427 
 H029.3_2002  2 0.0180 0.0633 0.0263 0.0438 0.0051 0.0505 0.0069 0.0084 0.0729 0.0108 0.0150 0.0167 0.4148 0.1221 0.1254 
 H029.3_2003  2 0.0061 0.0087 0.0103 0.0226 0.0057 0.1705 0.0059 0.0194 0.0166 0.0153 0.0117 0.0099 0.6767 0.0135 0.0071 
 H029.4_2002  2 0.0038 0.0090 0.0047 0.0066 0.0059 0.0357 0.0042 0.0139 0.0167 0.0095 0.0070 0.0036 0.8594 0.0057 0.0141 
 H029.4_2003  2 0.0114 0.0124 0.0134 0.0273 0.0043 0.1487 0.0395 0.0316 0.0652 0.0629 0.0713 0.0111 0.4542 0.0174 0.0292 
 H029.5_2002  2 0.0045 0.0063 0.0123 0.0060 0.0088 0.0098 0.0088 0.0297 0.0219 0.0079 0.0056 0.0081 0.8598 0.0052 0.0054 
 H029.5_2003  2 0.0050 0.0069 0.0060 0.0095 0.0040 0.2891 0.0092 0.0208 0.0149 0.0127 0.0182 0.0083 0.5732 0.0108 0.0115 
 H029.6_2002  2 0.0057 0.0126 0.0052 0.0131 0.0062 0.0412 0.0052 0.0090 0.1102 0.0103 0.0099 0.0063 0.7257 0.0091 0.0304 
 H029.6_2003  2 0.0088 0.0765 0.0339 0.0227 0.0195 0.0542 0.0161 0.0421 0.0201 0.0142 0.0333 0.0506 0.5648 0.0335 0.0098 
      H029.7  2 0.0103 0.0503 0.0138 0.0053 0.0047 0.0078 0.0064 0.0070 0.0271 0.0065 0.0066 0.0194 0.7915 0.0177 0.0256 
      H030.1  2 0.0097 0.0091 0.0652 0.6788 0.0267 0.0139 0.0068 0.0102 0.0263 0.0657 0.0103 0.0375 0.0256 0.0097 0.0046 
      H030.2  2 0.0048 0.0097 0.0164 0.3547 0.0391 0.0155 0.0202 0.0225 0.1258 0.0945 0.0243 0.0076 0.0938 0.0510 0.1201 
      H038.1  2 0.0134 0.0077 0.0071 0.0070 0.0041 0.0077 0.0088 0.0073 0.0059 0.0047 0.0059 0.0054 0.8784 0.0060 0.0305 
      H038.2  2 0.0033 0.0071 0.0110 0.0086 0.0161 0.0056 0.0044 0.0060 0.0069 0.0053 0.0079 0.0062 0.8931 0.0125 0.0059 
      H038.3  2 0.0061 0.0115 0.0420 0.0127 0.0160 0.0091 0.0151 0.0121 0.0055 0.0105 0.0069 0.0084 0.7914 0.0152 0.0376 
      H038.4  2 0.0048 0.0100 0.0238 0.0071 0.0190 0.0145 0.0095 0.0138 0.0063 0.0098 0.0071 0.0075 0.8302 0.0092 0.0275 
      H038.5  2 0.0038 0.0127 0.0072 0.0122 0.0090 0.0125 0.0116 0.0058 0.0120 0.0136 0.0156 0.0059 0.8455 0.0060 0.0267 
      H038.6  2 0.0054 0.0061 0.0077 0.0102 0.0034 0.0079 0.0087 0.0043 0.0051 0.0079 0.0140 0.0065 0.8942 0.0075 0.0111 
      H038.7  2 0.0038 0.0045 0.0332 0.0074 0.0057 0.0068 0.0154 0.0080 0.0037 0.0090 0.0080 0.0047 0.8616 0.0181 0.0101 
      H038.8  2 0.0042 0.0074 0.0182 0.0105 0.0201 0.0084 0.0103 0.0105 0.0076 0.0059 0.0086 0.0060 0.7825 0.0110 0.0888 
      H041.1  2 0.0213 0.0365 0.0273 0.0090 0.0127 0.0082 0.0074 0.1391 0.1974 0.2279 0.0162 0.0204 0.2409 0.0086 0.0271 
      H041.2  2 0.0089 0.0149 0.0114 0.0096 0.0060 0.0128 0.0070 0.7625 0.0197 0.0114 0.0051 0.0130 0.0897 0.0176 0.0105 
      H041.4  2 0.0192 0.0347 0.0101 0.0117 0.0164 0.0742 0.0221 0.0616 0.0459 0.0416 0.0095 0.0266 0.5889 0.0081 0.0293 
      H041.6  2 0.0293 0.0374 0.0279 0.0218 0.0235 0.0287 0.0663 0.0963 0.0482 0.0212 0.0086 0.0125 0.5434 0.0186 0.0162 
 H042.1_2002  2 0.0120 0.0315 0.0140 0.0386 0.0998 0.0092 0.1158 0.0400 0.4845 0.0093 0.0324 0.0761 0.0079 0.0161 0.0127 
 H042.1_2003  2 0.0119 0.0154 0.0518 0.0437 0.0259 0.1784 0.0522 0.2437 0.0217 0.0124 0.0192 0.1088 0.0675 0.0206 0.1266 
 H042.2_2002  2 0.0087 0.0147 0.0057 0.0196 0.0104 0.0057 0.0112 0.0750 0.0868 0.0374 0.0771 0.0427 0.5205 0.0468 0.0375 
 H042.2_2003  2 0.0108 0.0221 0.0111 0.0079 0.0138 0.0116 0.0383 0.7659 0.0089 0.0075 0.0129 0.0195 0.0553 0.0096 0.0048 
 H042.3_2002  2 0.0141 0.0556 0.0115 0.0936 0.0340 0.0081 0.0459 0.1691 0.1961 0.0267 0.2542 0.0309 0.0171 0.0173 0.0259 
 H042.3_2003  2 0.0144 0.0256 0.0140 0.0195 0.0282 0.0068 0.0794 0.1370 0.0645 0.1597 0.2908 0.0195 0.0854 0.0150 0.0404 
 H042.4_2002  2 0.0096 0.0604 0.0249 0.0479 0.1351 0.0134 0.0328 0.0859 0.4327 0.0158 0.0160 0.0411 0.0592 0.0081 0.0171 
 H042.4_2003  2 0.0391 0.0681 0.1414 0.0139 0.0439 0.0101 0.0480 0.0248 0.3601 0.0307 0.0166 0.0400 0.1509 0.0060 0.0067 
      H042.5  2 0.0306 0.0594 0.0162 0.0097 0.0144 0.0121 0.0242 0.0108 0.7337 0.0275 0.0234 0.0169 0.0112 0.0063 0.0036 
      H042.6  2 0.1370 0.0156 0.0208 0.0229 0.0168 0.0083 0.0592 0.0089 0.5990 0.0181 0.0299 0.0179 0.0281 0.0087 0.0086 
      H042.7  2 0.0152 0.0871 0.1503 0.0108 0.0987 0.0106 0.0330 0.1996 0.2091 0.0337 0.0502 0.0098 0.0654 0.0209 0.0056 
      H042.8  2 0.0110 0.0155 0.0064 0.0075 0.0100 0.0160 0.0274 0.3108 0.4677 0.0191 0.0357 0.0229 0.0208 0.0095 0.0197 
   H042_2002  2 0.1858 0.0128 0.0506 0.0145 0.0164 0.0222 0.1890 0.1490 0.0152 0.0413 0.0669 0.0361 0.1421 0.0194 0.0387 
   H042_2003  2 0.1737 0.0141 0.0666 0.0136 0.0147 0.0256 0.1953 0.1444 0.0131 0.0377 0.0746 0.0401 0.1305 0.0159 0.0401 
      H043.1  2 0.0150 0.0189 0.0163 0.0118 0.0058 0.0118 0.6057 0.0047 0.0121 0.1530 0.0234 0.0096 0.0283 0.0076 0.0758 
      H043.2  2 0.0251 0.0125 0.0086 0.0044 0.0048 0.0225 0.8074 0.0085 0.0057 0.0043 0.0081 0.0062 0.0249 0.0104 0.0466 
      H043.3  2 0.0196 0.0079 0.1001 0.0106 0.0046 0.0252 0.4363 0.0152 0.0062 0.0562 0.0174 0.0148 0.2431 0.0226 0.0203 
      H043.4  2 0.0386 0.0140 0.0356 0.0069 0.0050 0.0078 0.7371 0.0073 0.0067 0.0262 0.0105 0.0182 0.0410 0.0097 0.0354 
      H043.5  2 0.0047 0.0079 0.0120 0.0064 0.0044 0.0310 0.6859 0.0179 0.0065 0.0147 0.0115 0.0079 0.0696 0.0114 0.1082 
      H043.6  2 0.0050 0.0054 0.0093 0.0092 0.0054 0.0084 0.7232 0.0089 0.0054 0.0084 0.0079 0.0067 0.1113 0.0136 0.0718 
      H043.7  2 0.0185 0.0060 0.0211 0.0111 0.0039 0.0068 0.8481 0.0093 0.0039 0.0199 0.0050 0.0083 0.0100 0.0058 0.0223 
      H043.8  2 0.0093 0.0222 0.0154 0.0376 0.0063 0.0223 0.7227 0.0190 0.0096 0.0258 0.0198 0.0107 0.0411 0.0202 0.0181 
      H043.9  2 0.0198 0.0118 0.0373 0.0156 0.0053 0.0141 0.5477 0.0071 0.0184 0.1515 0.0165 0.0081 0.0960 0.0101 0.0408 
      H047.1  2 0.0095 0.0145 0.0084 0.0080 0.0059 0.0063 0.2099 0.0069 0.0051 0.0621 0.0237 0.0113 0.5769 0.0425 0.0090 
      H047.2  2 0.0097 0.0216 0.0796 0.0165 0.0196 0.0325 0.0226 0.0203 0.0361 0.0680 0.0099 0.1266 0.5187 0.0113 0.0069 
      H047.3  2 0.0197 0.0118 0.0244 0.0102 0.0161 0.0353 0.0123 0.1333 0.0207 0.1714 0.0099 0.1230 0.3972 0.0083 0.0065 
      H047.4  2 0.0135 0.0265 0.1151 0.0107 0.0187 0.0218 0.0187 0.1087 0.0126 0.0749 0.0100 0.0137 0.5302 0.0203 0.0045 
      H047.5  2 0.0425 0.0080 0.0153 0.0130 0.0249 0.0109 0.0254 0.0646 0.0067 0.2736 0.0100 0.0548 0.4288 0.0179 0.0038 
      H047.6  2 0.0095 0.0136 0.0204 0.0068 0.0103 0.0224 0.0199 0.0795 0.0141 0.4731 0.0068 0.0500 0.2529 0.0126 0.0082 
      H047.7  2 0.0076 0.0141 0.0052 0.0090 0.0127 0.0057 0.1224 0.0129 0.0070 0.0845 0.0306 0.0113 0.6317 0.0362 0.0091 
      H047.8  2 0.0195 0.0147 0.0139 0.0050 0.0123 0.0261 0.0485 0.1210 0.0120 0.3387 0.0211 0.0549 0.2868 0.0185 0.0071 
      H047.9  2 0.0586 0.0518 0.0176 0.0093 0.0475 0.0077 0.0437 0.0110 0.0059 0.0441 0.0237 0.0370 0.6109 0.0279 0.0032 
 H071.1_2002  2 0.0115 0.0078 0.0074 0.0103 0.0044 0.0050 0.0164 0.0071 0.0047 0.0058 0.0079 0.0102 0.8900 0.0072 0.0043 
 H071.1_2003  2 0.1538 0.0185 0.0402 0.0856 0.0070 0.0143 0.0590 0.0196 0.0057 0.0084 0.0082 0.0282 0.5314 0.0094 0.0108 
     H071.10  2 0.0053 0.0057 0.0054 0.0171 0.0077 0.0073 0.0060 0.0047 0.0068 0.0079 0.0097 0.0037 0.8989 0.0056 0.0082 
 H071.2_2002  2 0.0100 0.0092 0.0071 0.0090 0.0052 0.0220 0.0167 0.0081 0.0048 0.0076 0.0092 0.0075 0.8659 0.0088 0.0089 
 H071.2_2003  2 0.0063 0.0045 0.0060 0.0049 0.0038 0.0046 0.0064 0.0050 0.0048 0.0043 0.0049 0.0060 0.9309 0.0046 0.0029 
      H071.3  2 0.0049 0.0070 0.0080 0.0328 0.0100 0.0151 0.0048 0.0195 0.0087 0.0138 0.0084 0.0039 0.8443 0.0091 0.0096 
 H071.4_2002  2 0.0076 0.0117 0.0078 0.0115 0.0153 0.0204 0.0111 0.0059 0.0066 0.0092 0.0072 0.0081 0.8566 0.0077 0.0133 
 H071.4_2003  2 0.0057 0.0063 0.0052 0.0086 0.0066 0.0062 0.0057 0.0047 0.0042 0.0045 0.0104 0.0037 0.9185 0.0063 0.0034 
 H071.5_2002  2 0.0059 0.0053 0.0053 0.0079 0.0066 0.0047 0.0060 0.0042 0.0068 0.0061 0.0053 0.0034 0.9233 0.0042 0.0049 
 H071.5_2003  2 0.0077 0.0088 0.0171 0.0199 0.0116 0.0083 0.0119 0.0087 0.0044 0.0113 0.0180 0.0091 0.8506 0.0089 0.0036 
 H071.6_2002  2 0.0072 0.0053 0.0059 0.0072 0.0070 0.0096 0.0075 0.0045 0.0039 0.0071 0.0141 0.0041 0.8949 0.0160 0.0057 
 H071.6_2003  2 0.0057 0.0055 0.0145 0.0214 0.0065 0.0056 0.0066 0.0051 0.0048 0.0093 0.0097 0.0056 0.8898 0.0060 0.0038 
 H071.7_2002  2 0.0077 0.0043 0.0066 0.0052 0.0032 0.0065 0.0060 0.0059 0.0040 0.0056 0.0051 0.0050 0.9247 0.0054 0.0046 
 H071.7_2003  2 0.0099 0.0117 0.0118 0.0321 0.0152 0.0046 0.0105 0.0067 0.0038 0.0074 0.0118 0.0079 0.8537 0.0086 0.0043 
      H071.8  2 0.0136 0.0085 0.0060 0.0056 0.0049 0.0553 0.0101 0.0086 0.0050 0.0060 0.0066 0.0085 0.8476 0.0059 0.0080 
      H071.9  2 0.0121 0.0150 0.0110 0.0275 0.0149 0.1039 0.0191 0.0108 0.0104 0.0572 0.0103 0.0099 0.6722 0.0109 0.0147 
 H081.1_2002  2 0.0175 0.0071 0.0075 0.0054 0.0070 0.0050 0.0083 0.0048 0.0052 0.0046 0.0050 0.0064 0.9071 0.0054 0.0037 
 H081.1_2003  2 0.0155 0.0226 0.1669 0.0994 0.0212 0.0324 0.0338 0.0247 0.0246 0.0157 0.0107 0.1706 0.0536 0.0529 0.2554 
 H081.2_2002  2 0.0634 0.0100 0.0111 0.0050 0.0068 0.0054 0.0154 0.0057 0.0052 0.0071 0.0050 0.0073 0.8425 0.0045 0.0055 
 H081.2_2003  2 0.0632 0.0120 0.0130 0.6976 0.0116 0.0379 0.0303 0.0106 0.0238 0.0088 0.0180 0.0125 0.0462 0.0057 0.0088 
 H081.3_2002  2 0.0253 0.0166 0.0091 0.0122 0.0086 0.0237 0.0098 0.0072 0.0069 0.0084 0.0050 0.0078 0.8450 0.0063 0.0081 
 H081.3_2003  2 0.0399 0.0265 0.0113 0.4264 0.0269 0.0753 0.2413 0.0163 0.0194 0.0248 0.0266 0.0243 0.0148 0.0096 0.0164 
 H081.4_2002  2 0.0062 0.0096 0.0091 0.0091 0.0065 0.0071 0.0061 0.0072 0.0054 0.0065 0.0070 0.0066 0.9031 0.0066 0.0039 
 H081.4_2003  2 0.0471 0.0240 0.0928 0.4461 0.0360 0.0562 0.0697 0.0206 0.0295 0.0115 0.0170 0.0720 0.0314 0.0263 0.0197 
 H081.5_2002  2 0.0089 0.0096 0.0106 0.0147 0.0048 0.0114 0.0073 0.0054 0.0058 0.0072 0.0058 0.0076 0.8893 0.0068 0.0048 
 H081.5_2003  2 0.0967 0.0286 0.2764 0.1858 0.0267 0.0233 0.0652 0.0581 0.0229 0.0168 0.0092 0.1032 0.0423 0.0204 0.0243 
      H081.6  2 0.0132 0.0083 0.0073 0.0073 0.0061 0.0063 0.0117 0.0068 0.0045 0.0049 0.0062 0.0082 0.8961 0.0076 0.0058 
      H081.7  2 0.0698 0.0127 0.0092 0.0114 0.0138 0.0095 0.0096 0.0074 0.0059 0.0079 0.0049 0.0069 0.8186 0.0068 0.0056 
      H081.8  2 0.0131 0.0412 0.0107 0.0554 0.0115 0.0390 0.0086 0.0129 0.0117 0.0096 0.0126 0.0072 0.7388 0.0120 0.0158 
      H083.1  2 0.0064 0.0065 0.0070 0.0123 0.0053 0.0115 0.0057 0.0073 0.0203 0.0092 0.0092 0.0069 0.8459 0.0365 0.0100 
      H083.2  2 0.0161 0.0090 0.0113 0.0075 0.0093 0.0103 0.0157 0.0053 0.0125 0.0465 0.0093 0.0077 0.8182 0.0126 0.0087 
      H083.4  2 0.0147 0.0089 0.0069 0.0053 0.0128 0.0242 0.0060 0.0062 0.0205 0.0210 0.0124 0.0054 0.8290 0.0096 0.0172 
      H083.5  2 0.0097 0.0093 0.0107 0.0075 0.0073 0.0216 0.0070 0.0072 0.0549 0.0078 0.0080 0.0090 0.8038 0.0116 0.0245 
      H083.6  2 0.0140 0.0116 0.0071 0.0144 0.0164 0.0355 0.0061 0.0061 0.0428 0.0046 0.0118 0.0086 0.7684 0.0405 0.0122 
      H083.7  2 0.0138 0.0131 0.0070 0.0053 0.0372 0.0218 0.0093 0.0065 0.0559 0.0170 0.0183 0.0057 0.7671 0.0101 0.0119 
      H083.8  2 0.0129 0.0157 0.0117 0.0047 0.0137 0.0164 0.0143 0.0060 0.0160 0.0400 0.0086 0.0105 0.8122 0.0097 0.0076 
      H083.9  2 0.0099 0.0064 0.0080 0.0057 0.0075 0.0148 0.0044 0.0068 0.0625 0.0071 0.0084 0.0070 0.8285 0.0118 0.0112 
      H084.1  2 0.0107 0.0063 0.0104 0.7545 0.0130 0.0076 0.0083 0.0169 0.0168 0.0354 0.0085 0.0180 0.0115 0.0053 0.0767 
      H084.2  2 0.0051 0.0048 0.0144 0.7991 0.0054 0.0096 0.0090 0.0040 0.0137 0.0218 0.0094 0.0143 0.0103 0.0057 0.0736 
      H084.3  2 0.0063 0.0106 0.0293 0.2907 0.1016 0.0112 0.0091 0.1832 0.0325 0.0126 0.0093 0.0230 0.0074 0.0267 0.2465 
      H084.4  2 0.0040 0.0112 0.0677 0.4305 0.0198 0.0270 0.0106 0.1328 0.0160 0.0116 0.0094 0.0130 0.0098 0.0242 0.2123 
      H084.5  2 0.0078 0.0066 0.0211 0.6041 0.0272 0.0099 0.0073 0.1808 0.0073 0.0264 0.0057 0.0155 0.0059 0.0459 0.0285 
      H084.6  2 0.0087 0.0238 0.0147 0.5464 0.0411 0.0228 0.0078 0.1577 0.0196 0.0120 0.0056 0.0070 0.0066 0.0199 0.1063 
      H084.7  2 0.0048 0.0098 0.0074 0.8756 0.0091 0.0085 0.0070 0.0066 0.0094 0.0208 0.0086 0.0089 0.0067 0.0065 0.0103 
      H084.8  2 0.0076 0.0085 0.0159 0.5832 0.0260 0.0123 0.0044 0.2064 0.0080 0.0106 0.0072 0.0099 0.0058 0.0156 0.0785 
 H085.1_2002  2 0.8640 0.0107 0.0072 0.0096 0.0072 0.0074 0.0102 0.0053 0.0167 0.0126 0.0055 0.0072 0.0182 0.0078 0.0104 
 H085.1_2003  2 0.1568 0.0171 0.0302 0.0135 0.0154 0.0233 0.0066 0.0384 0.1418 0.0706 0.0177 0.0070 0.4277 0.0187 0.0153 
 H085.2_2002  2 0.3723 0.1750 0.0228 0.0321 0.0311 0.0115 0.0225 0.0159 0.1303 0.0158 0.0127 0.0302 0.0329 0.0120 0.0830 
 H085.2_2003  2 0.0273 0.0142 0.0485 0.0281 0.0098 0.0378 0.0079 0.0170 0.0458 0.0360 0.0216 0.0170 0.6602 0.0165 0.0124 
 H085.3_2002  2 0.8874 0.0104 0.0113 0.0055 0.0079 0.0048 0.0087 0.0115 0.0121 0.0087 0.0059 0.0087 0.0079 0.0036 0.0056 
 H085.3_2003  2 0.0636 0.0067 0.1160 0.0178 0.0077 0.0073 0.0097 0.0440 0.0086 0.0160 0.0225 0.0068 0.6635 0.0046 0.0053 
 H085.4_2002  2 0.5162 0.0601 0.0147 0.0261 0.0186 0.0134 0.0378 0.0206 0.0385 0.0204 0.0154 0.0190 0.1437 0.0137 0.0419 
 H085.4_2003  2 0.0104 0.0149 0.0274 0.0253 0.0193 0.0063 0.0200 0.0570 0.0137 0.0087 0.0052 0.0274 0.7503 0.0071 0.0068 
 H085.5_2002  2 0.9027 0.0060 0.0124 0.0054 0.0067 0.0046 0.0098 0.0116 0.0043 0.0071 0.0048 0.0084 0.0078 0.0036 0.0046 
 H085.5_2003  2 0.0291 0.0092 0.0156 0.0226 0.0100 0.0082 0.0072 0.0080 0.0381 0.0146 0.0259 0.0065 0.7900 0.0085 0.0064 
 H085.6_2002  2 0.8712 0.0105 0.0106 0.0063 0.0058 0.0075 0.0065 0.0071 0.0127 0.0192 0.0049 0.0161 0.0087 0.0056 0.0072 
 H085.6_2003  2 0.0252 0.0234 0.7176 0.0119 0.0114 0.0094 0.0126 0.0882 0.0057 0.0106 0.0066 0.0187 0.0466 0.0053 0.0067 
 H085.7_2002  2 0.6213 0.0455 0.0898 0.0207 0.0120 0.0177 0.0156 0.0187 0.0503 0.0152 0.0113 0.0264 0.0341 0.0078 0.0134 
 H085.7_2003  2 0.0189 0.0097 0.0665 0.0072 0.0096 0.0072 0.0161 0.0495 0.0156 0.0472 0.0215 0.0098 0.7046 0.0066 0.0102 
 H085.8_2002  2 0.3749 0.0460 0.3326 0.0142 0.0207 0.0187 0.0304 0.0584 0.0164 0.0092 0.0188 0.0144 0.0254 0.0057 0.0143 
 H085.8_2003  2 0.0426 0.0402 0.0646 0.0300 0.0328 0.0136 0.0212 0.0634 0.2744 0.0929 0.0149 0.0455 0.2304 0.0126 0.0208 
      H085.9  2 0.7967 0.0178 0.0141 0.0135 0.0098 0.0079 0.0140 0.0163 0.0156 0.0080 0.0078 0.0148 0.0311 0.0056 0.0271 
      H088.1  2 0.0219 0.0650 0.0104 0.0401 0.0286 0.1135 0.0194 0.0148 0.5499 0.0138 0.0522 0.0426 0.0109 0.0096 0.0073 
      H088.2  2 0.0395 0.0575 0.0571 0.0135 0.0171 0.0229 0.0124 0.0106 0.6330 0.0281 0.0130 0.0438 0.0079 0.0344 0.0092 
      H088.3  2 0.0217 0.0129 0.0524 0.0129 0.0068 0.0438 0.0108 0.0101 0.7282 0.0317 0.0088 0.0206 0.0074 0.0238 0.0080 
      H088.4  2 0.0066 0.0077 0.0989 0.1697 0.0053 0.0811 0.0325 0.0736 0.3950 0.0182 0.0364 0.0203 0.0298 0.0183 0.0067 
      H088.5  2 0.0079 0.0122 0.0175 0.0281 0.0090 0.0302 0.0178 0.0181 0.7805 0.0082 0.0237 0.0165 0.0109 0.0135 0.0059 
      H088.6  2 0.0073 0.0192 0.0124 0.0732 0.0153 0.0752 0.0124 0.0495 0.6275 0.0150 0.0268 0.0205 0.0231 0.0167 0.0060 
      H088.7  2 0.0186 0.0483 0.0288 0.0262 0.0135 0.1627 0.0059 0.0722 0.3038 0.0890 0.0136 0.0315 0.1574 0.0182 0.0102 
      H088.8  2 0.0084 0.0510 0.0177 0.0510 0.0282 0.2717 0.0108 0.0837 0.1723 0.0182 0.0465 0.0159 0.1947 0.0185 0.0114 
      H091.1  2 0.0145 0.0100 0.0308 0.0087 0.0104 0.0058 0.0158 0.0303 0.7713 0.0326 0.0224 0.0114 0.0122 0.0177 0.0062 
      H091.2  2 0.0106 0.0122 0.0198 0.0061 0.0140 0.0097 0.0123 0.0758 0.7427 0.0173 0.0201 0.0117 0.0275 0.0158 0.0044 
