      H105.1  1 0.7596 0.0046 0.0376 0.0219 0.0092 0.0102 0.0252 0.0098 0.0067 0.0122 0.0042 0.0110 0.0059 0.0054 0.0140 0.0081 0.0073 0.0277 0.0119 0.0076 
      H105.2  1 0.5824 0.0092 0.0323 0.0076 0.0186 0.0186 0.0099 0.0170 0.0356 0.0376 0.0188 0.0099 0.0081 0.0136 0.0114 0.0102 0.0376 0.0770 0.0351 0.0096 
      H105.3  1 0.8055 0.0085 0.0115 0.0145 0.0154 0.0169 0.0063 0.0050 0.0079 0.0132 0.0099 0.0077 0.0040 0.0087 0.0181 0.0065 0.0074 0.0123 0.0126 0.0080 
      H105.4  1 0.5278 0.0303 0.1108 0.0158 0.0282 0.0074 0.0086 0.0108 0.0363 0.0129 0.0346 0.0102 0.0115 0.0195 0.0351 0.0064 0.0288 0.0263 0.0194 0.0193 
      H105.5  1 0.0609 0.0160 0.1576 0.0652 0.0384 0.0274 0.0237 0.0110 0.1455 0.0330 0.0199 0.0089 0.0160 0.0324 0.0779 0.0089 0.0205 0.0438 0.1298 0.0632 
      H105.6  1 0.8178 0.0100 0.0189 0.0144 0.0130 0.0069 0.0034 0.0059 0.0095 0.0053 0.0138 0.0075 0.0052 0.0152 0.0093 0.0041 0.0064 0.0051 0.0068 0.0216 
      H105.7  1 0.8107 0.0053 0.0402 0.0054 0.0086 0.0065 0.0108 0.0055 0.0049 0.0063 0.0056 0.0193 0.0081 0.0081 0.0099 0.0047 0.0155 0.0075 0.0119 0.0054 
      H105.8  1 0.8264 0.0071 0.0163 0.0051 0.0062 0.0098 0.0056 0.0111 0.0106 0.0108 0.0049 0.0223 0.0030 0.0049 0.0072 0.0097 0.0054 0.0205 0.0045 0.0085 
      H115.1  1 0.0229 0.0250 0.0240 0.0451 0.1085 0.0270 0.0435 0.1500 0.0865 0.0112 0.0308 0.0476 0.0067 0.0247 0.0110 0.0119 0.0153 0.0263 0.0119 0.2700 
      H115.2  1 0.0220 0.0179 0.0140 0.0148 0.0122 0.0213 0.0215 0.1692 0.1191 0.0067 0.0554 0.0129 0.0078 0.0109 0.0061 0.0239 0.0076 0.0107 0.0674 0.3785 
      H115.3  1 0.0174 0.0152 0.0091 0.0164 0.0132 0.0066 0.0161 0.0137 0.2388 0.0110 0.0431 0.0083 0.0071 0.0042 0.0077 0.0112 0.0081 0.0077 0.0520 0.4931 
      H115.4  1 0.0092 0.0147 0.0121 0.0323 0.0130 0.0857 0.0525 0.0269 0.5245 0.0294 0.0058 0.0084 0.0078 0.0047 0.0117 0.0071 0.0073 0.0153 0.1169 0.0146 
      H115.5  1 0.0406 0.0087 0.0190 0.0397 0.0139 0.0138 0.0275 0.0262 0.0751 0.1539 0.0107 0.0293 0.0142 0.0220 0.0224 0.0577 0.0164 0.0172 0.0303 0.3614 
      H115.6  1 0.0131 0.0219 0.0094 0.0203 0.0478 0.0145 0.0177 0.0073 0.1756 0.0206 0.0400 0.0147 0.0085 0.0091 0.0090 0.0204 0.0195 0.0075 0.1525 0.3709 
      H115.7  1 0.0124 0.0404 0.0162 0.0209 0.1721 0.0146 0.0367 0.0604 0.1028 0.0409 0.0871 0.0071 0.0094 0.0175 0.0105 0.0068 0.0362 0.0133 0.2152 0.0795 
      H115.8  1 0.0259 0.0087 0.0118 0.0169 0.0250 0.0095 0.0188 0.0161 0.1171 0.0270 0.0238 0.0569 0.0053 0.0082 0.0068 0.0878 0.0126 0.0149 0.0340 0.4730 
      H115.9  1 0.0046 0.0114 0.0294 0.0111 0.0089 0.0218 0.0180 0.0176 0.0203 0.0043 0.0136 0.0270 0.0051 0.0116 0.0066 0.0044 0.0087 0.0067 0.0060 0.7629 
      H145.1  1 0.0034 0.0056 0.0108 0.0078 0.0091 0.0061 0.0069 0.0054 0.0072 0.0031 0.0164 0.0102 0.8528 0.0054 0.0071 0.0209 0.0042 0.0046 0.0050 0.0081 
      H145.2  1 0.0070 0.0096 0.0116 0.0125 0.0096 0.0065 0.0061 0.0041 0.0088 0.0027 0.0123 0.0086 0.8114 0.0063 0.0053 0.0285 0.0087 0.0073 0.0063 0.0266 
      H145.3  1 0.0035 0.0055 0.0090 0.0048 0.0070 0.0041 0.0051 0.0068 0.0102 0.0099 0.0159 0.0236 0.8086 0.0044 0.0064 0.0540 0.0056 0.0038 0.0051 0.0068 
      H145.4  1 0.0040 0.0064 0.0070 0.0060 0.0152 0.0036 0.0061 0.0050 0.0040 0.0032 0.0067 0.0057 0.8905 0.0070 0.0054 0.0086 0.0043 0.0038 0.0037 0.0037 
      H145.5  1 0.0036 0.0046 0.0053 0.0087 0.0069 0.0045 0.0044 0.0055 0.0088 0.0074 0.0191 0.0093 0.7375 0.0045 0.0054 0.1438 0.0042 0.0041 0.0069 0.0055 
      H145.6  1 0.0054 0.0058 0.0053 0.0052 0.0105 0.0032 0.0040 0.0036 0.0053 0.0062 0.0048 0.0042 0.8866 0.0041 0.0037 0.0098 0.0130 0.0046 0.0047 0.0102 
      H145.7  1 0.0035 0.0061 0.0065 0.0082 0.0087 0.0025 0.0053 0.0040 0.0063 0.0098 0.0061 0.0064 0.8986 0.0046 0.0040 0.0046 0.0036 0.0029 0.0047 0.0035 
      H149.1  1 0.0039 0.0037 0.0036 0.9239 0.0042 0.0037 0.0030 0.0047 0.0030 0.0032 0.0058 0.0042 0.0051 0.0046 0.0035 0.0051 0.0032 0.0035 0.0044 0.0035 
      H149.2  1 0.0039 0.0047 0.0043 0.9014 0.0071 0.0046 0.0062 0.0040 0.0034 0.0039 0.0072 0.0036 0.0087 0.0046 0.0070 0.0033 0.0060 0.0045 0.0073 0.0044 
      H149.3  1 0.0087 0.0101 0.0089 0.7436 0.0286 0.0045 0.0170 0.0116 0.0079 0.0082 0.0140 0.0088 0.0289 0.0150 0.0119 0.0067 0.0183 0.0091 0.0321 0.0060 
      H149.4  1 0.0122 0.0426 0.0066 0.8097 0.0067 0.0046 0.0109 0.0059 0.0048 0.0042 0.0121 0.0064 0.0049 0.0082 0.0094 0.0080 0.0100 0.0194 0.0068 0.0068 
      H149.5  1 0.0144 0.0161 0.0065 0.7385 0.0120 0.0043 0.0719 0.0150 0.0041 0.0059 0.0069 0.0050 0.0190 0.0081 0.0112 0.0046 0.0208 0.0169 0.0153 0.0036 
      H149.6  1 0.0052 0.0052 0.0042 0.8838 0.0074 0.0049 0.0073 0.0057 0.0040 0.0043 0.0066 0.0033 0.0102 0.0073 0.0061 0.0046 0.0106 0.0036 0.0123 0.0034 
      H149.7  1 0.0239 0.0769 0.0062 0.5229 0.0176 0.0104 0.0298 0.0219 0.0085 0.0084 0.0166 0.0170 0.0205 0.0513 0.0149 0.0130 0.0688 0.0423 0.0232 0.0059 
      H150.1  1 0.0256 0.0045 0.0075 0.0031 0.0082 0.0044 0.0081 0.0079 0.2007 0.0075 0.0174 0.0134 0.0075 0.0090 0.0062 0.0119 0.0046 0.0042 0.0751 0.5733 
      H150.2  1 0.0206 0.0102 0.0050 0.0178 0.0597 0.0146 0.0169 0.0093 0.3704 0.0104 0.0147 0.0078 0.0072 0.0072 0.0145 0.0330 0.0112 0.0077 0.0356 0.3261 
      H150.3  1 0.0197 0.0175 0.0083 0.0065 0.3174 0.0139 0.0074 0.0281 0.0781 0.0173 0.0355 0.0209 0.0153 0.0165 0.0107 0.0191 0.0223 0.0088 0.0472 0.2892 
      H150.4  1 0.0098 0.0052 0.0100 0.0037 0.0256 0.0114 0.0059 0.0107 0.0199 0.0161 0.0084 0.0112 0.0117 0.0083 0.0061 0.0183 0.0121 0.0042 0.0127 0.7886 
      H150.5  1 0.0409 0.0202 0.0108 0.0078 0.0408 0.0058 0.0282 0.0334 0.3648 0.0137 0.0404 0.0114 0.0136 0.0082 0.0166 0.0076 0.0151 0.0105 0.0816 0.2287 
      H150.6  1 0.0635 0.0203 0.0045 0.0066 0.0109 0.0053 0.0294 0.0074 0.3449 0.0315 0.0108 0.0031 0.0082 0.0053 0.0122 0.0091 0.0096 0.0076 0.3941 0.0157 
      H150.7  1 0.0161 0.0053 0.0078 0.0041 0.0164 0.0063 0.0045 0.0069 0.0317 0.0088 0.0366 0.0083 0.0063 0.0046 0.0043 0.0130 0.0043 0.0052 0.0217 0.7878 
   H169607.1  1 0.0077 0.0106 0.0164 0.0067 0.0312 0.1343 0.0241 0.0920 0.0672 0.0234 0.0748 0.0223 0.1794 0.0094 0.1337 0.0246 0.0277 0.0727 0.0188 0.0229 
   H169607.2  1 0.0067 0.0670 0.3268 0.0096 0.0317 0.0264 0.0141 0.0162 0.0295 0.0077 0.1182 0.0633 0.1243 0.0074 0.0749 0.0048 0.0147 0.0225 0.0107 0.0235 
   H169607.3  1 0.0091 0.0091 0.0899 0.0087 0.0227 0.0211 0.0793 0.0846 0.0465 0.0237 0.0521 0.0531 0.2237 0.0126 0.1383 0.0141 0.0343 0.0419 0.0172 0.0180 
   H169607.4  1 0.0121 0.0135 0.1143 0.0058 0.0087 0.0170 0.0061 0.0137 0.0098 0.0065 0.4744 0.0083 0.1594 0.0064 0.0922 0.0062 0.0108 0.0163 0.0065 0.0118 
   H169607.5  1 0.0066 0.1284 0.1651 0.0313 0.0175 0.0154 0.0861 0.0663 0.0376 0.0089 0.0904 0.0488 0.1170 0.0052 0.0893 0.0102 0.0107 0.0086 0.0210 0.0355 
   H169607.6  1 0.0073 0.0423 0.5303 0.0125 0.0138 0.0272 0.0124 0.0141 0.0341 0.0089 0.0543 0.0225 0.0898 0.0047 0.0461 0.0041 0.0095 0.0440 0.0101 0.0120 
   H169607.7  1 0.0153 0.0425 0.1014 0.0077 0.0305 0.0290 0.0113 0.0134 0.4477 0.0134 0.0210 0.0521 0.0307 0.0041 0.0378 0.0050 0.0126 0.1050 0.0101 0.0093 
   H169607.8  1 0.0059 0.0162 0.3981 0.0068 0.0120 0.0136 0.0109 0.0234 0.0074 0.0075 0.1790 0.0163 0.0441 0.0078 0.1776 0.0051 0.0107 0.0358 0.0075 0.0142 
   H169633.1  1 0.0153 0.0032 0.0054 0.7647 0.0220 0.0096 0.0090 0.0325 0.0063 0.0143 0.0115 0.0054 0.0243 0.0120 0.0040 0.0155 0.0104 0.0085 0.0146 0.0116 
   H169633.2  1 0.0116 0.0054 0.0035 0.7748 0.0209 0.0336 0.0035 0.0184 0.0073 0.0100 0.0050 0.0125 0.0091 0.0060 0.0038 0.0066 0.0428 0.0118 0.0106 0.0027 
   H169633.3  1 0.0134 0.0054 0.0057 0.8188 0.0082 0.0061 0.0097 0.0122 0.0048 0.0064 0.0050 0.0143 0.0128 0.0194 0.0057 0.0054 0.0072 0.0067 0.0263 0.0067 
   H169633.4  1 0.0155 0.0050 0.0072 0.8035 0.0132 0.0048 0.0160 0.0104 0.0043 0.0083 0.0231 0.0077 0.0156 0.0075 0.0050 0.0178 0.0045 0.0067 0.0152 0.0088 
   H169633.5  1 0.0114 0.0046 0.0067 0.8042 0.0118 0.0059 0.0155 0.0113 0.0047 0.0091 0.0248 0.0064 0.0142 0.0069 0.0056 0.0164 0.0049 0.0091 0.0131 0.0133 
   H169688.1  1 0.0032 0.0070 0.0336 0.0196 0.0057 0.0046 0.0057 0.7695 0.0053 0.0278 0.0095 0.0068 0.0270 0.0188 0.0069 0.0037 0.0264 0.0088 0.0051 0.0051 
   H169688.2  1 0.0094 0.0108 0.0087 0.0054 0.0045 0.0049 0.0040 0.7984 0.0083 0.0152 0.0039 0.0075 0.0099 0.0104 0.0048 0.0077 0.0629 0.0116 0.0057 0.0060 
   H169688.3  1 0.0066 0.0149 0.0059 0.0063 0.0063 0.0083 0.0068 0.8295 0.0179 0.0116 0.0059 0.0041 0.0109 0.0107 0.0041 0.0064 0.0203 0.0110 0.0059 0.0069 
   H169688.4  1 0.0083 0.0065 0.0042 0.0062 0.0052 0.0050 0.0066 0.7924 0.0355 0.0084 0.0045 0.0059 0.0082 0.0077 0.0038 0.0163 0.0092 0.0050 0.0050 0.0559 
   H169688.5  1 0.0084 0.0081 0.0046 0.0072 0.0058 0.0048 0.0068 0.7885 0.0307 0.0105 0.0043 0.0049 0.0065 0.0077 0.0048 0.0187 0.0115 0.0048 0.0049 0.0567 
   H169688.6  1 0.0124 0.0142 0.0105 0.0214 0.0041 0.0044 0.0047 0.8182 0.0060 0.0122 0.0056 0.0042 0.0113 0.0081 0.0055 0.0159 0.0136 0.0147 0.0035 0.0095 
   H169688.7  1 0.0053 0.0158 0.0075 0.0067 0.0094 0.0103 0.0062 0.6883 0.0700 0.0132 0.0103 0.0110 0.0494 0.0150 0.0067 0.0155 0.0110 0.0183 0.0191 0.0113 
   H171901.1  1 0.0179 0.0164 0.0173 0.0080 0.1101 0.0086 0.0153 0.0510 0.1161 0.0253 0.0346 0.0074 0.0939 0.0198 0.0111 0.0863 0.2416 0.0165 0.0534 0.0495 
   H171901.2  1 0.0145 0.0178 0.0238 0.6896 0.0111 0.0048 0.0063 0.0167 0.0194 0.0077 0.0578 0.0125 0.0103 0.0072 0.0096 0.0087 0.0075 0.0069 0.0321 0.0357 
   H171901.3  1 0.0050 0.0165 0.0059 0.6322 0.0083 0.0071 0.0168 0.0734 0.0244 0.0181 0.0621 0.0070 0.0132 0.0082 0.0061 0.0075 0.0369 0.0094 0.0172 0.0247 
   H171901.4  1 0.0341 0.0156 0.0108 0.6653 0.0083 0.0115 0.0076 0.0241 0.0757 0.0104 0.0286 0.0098 0.0098 0.0059 0.0112 0.0077 0.0151 0.0159 0.0122 0.0206 
   H171901.5  1 0.0190 0.0716 0.0097 0.4755 0.0066 0.0136 0.0109 0.0299 0.0803 0.0056 0.1365 0.0104 0.0222 0.0079 0.0306 0.0072 0.0173 0.0162 0.0155 0.0137 
   H171901.6  1 0.0443 0.0792 0.0112 0.2775 0.0106 0.0221 0.0108 0.0491 0.0526 0.0058 0.1736 0.0086 0.1150 0.0187 0.0288 0.0059 0.0204 0.0213 0.0139 0.0308 
   H171901.7  1 0.0134 0.0742 0.0072 0.5096 0.0070 0.0060 0.0128 0.1624 0.0319 0.0050 0.0259 0.0137 0.0438 0.0107 0.0069 0.0065 0.0142 0.0081 0.0198 0.0209 
   H171902.1  1 0.0063 0.0201 0.0087 0.0093 0.0045 0.0320 0.0034 0.0318 0.0257 0.0097 0.6832 0.0143 0.0209 0.0109 0.0104 0.0665 0.0074 0.0173 0.0069 0.0108 
  H171902.10  1 0.0034 0.0283 0.0085 0.0090 0.0050 0.0062 0.0040 0.0073 0.0081 0.0075 0.8457 0.0045 0.0051 0.0036 0.0047 0.0079 0.0045 0.0238 0.0062 0.0067 
   H171902.2  1 0.0246 0.0230 0.0093 0.0160 0.0073 0.0225 0.0093 0.1255 0.0202 0.0863 0.3361 0.0739 0.0213 0.0196 0.0200 0.0488 0.0473 0.0683 0.0070 0.0136 
   H171902.3  1 0.0105 0.1193 0.0194 0.0588 0.0106 0.0256 0.0057 0.0201 0.0342 0.0108 0.4021 0.0140 0.0173 0.0127 0.0239 0.0190 0.0138 0.1253 0.0203 0.0369 
   H171902.4  1 0.0050 0.0051 0.0065 0.0452 0.0111 0.0041 0.0038 0.0086 0.0042 0.0048 0.8324 0.0085 0.0065 0.0050 0.0035 0.0170 0.0049 0.0058 0.0071 0.0112 
   H171902.6  1 0.0030 0.0280 0.0074 0.0088 0.0048 0.0071 0.0037 0.0047 0.0050 0.0069 0.8468 0.0047 0.0056 0.0052 0.0046 0.0097 0.0033 0.0215 0.0109 0.0084 
   H171902.7  1 0.0057 0.0294 0.0103 0.0185 0.0072 0.0057 0.0054 0.0050 0.0158 0.0040 0.7970 0.0047 0.0133 0.0053 0.0111 0.0326 0.0057 0.0072 0.0106 0.0055 
   H171902.8  1 0.0043 0.0808 0.0099 0.0135 0.0066 0.0081 0.0067 0.0084 0.0154 0.0120 0.6999 0.0076 0.0097 0.0054 0.0101 0.0203 0.0062 0.0509 0.0151 0.0089 
   H171902.9  1 0.0093 0.0091 0.0068 0.0055 0.0141 0.0043 0.0041 0.0124 0.0126 0.0054 0.7998 0.0114 0.0074 0.0086 0.0077 0.0318 0.0073 0.0048 0.0053 0.0325 
   H171903.1  1 0.0115 0.0319 0.6804 0.0152 0.0081 0.0170 0.0103 0.0230 0.0721 0.0055 0.0122 0.0167 0.0214 0.0055 0.0235 0.0045 0.0092 0.0040 0.0071 0.0208 
   H171903.2  1 0.0216 0.0297 0.5873 0.0121 0.0098 0.0201 0.0370 0.0250 0.0744 0.0068 0.0120 0.0388 0.0107 0.0084 0.0402 0.0123 0.0116 0.0079 0.0076 0.0267 
   H171903.3  1 0.0201 0.0471 0.1726 0.0878 0.0124 0.0738 0.1079 0.0876 0.1334 0.0067 0.0291 0.0323 0.0216 0.0194 0.0450 0.0156 0.0204 0.0076 0.0368 0.0226 
   H171903.4  1 0.0136 0.0215 0.0431 0.0095 0.0199 0.0070 0.0129 0.0631 0.0568 0.0162 0.2211 0.0070 0.0957 0.0122 0.0223 0.0084 0.3118 0.0051 0.0375 0.0153 
   H171903.5  1 0.0143 0.0232 0.0549 0.0969 0.0053 0.0654 0.1865 0.2092 0.1685 0.0080 0.0087 0.0254 0.0161 0.0173 0.0251 0.0115 0.0170 0.0207 0.0122 0.0140 
   H171903.6  1 0.0078 0.0305 0.0474 0.0344 0.0064 0.0055 0.0318 0.6317 0.0601 0.0069 0.0159 0.0079 0.0132 0.0097 0.0512 0.0035 0.0122 0.0067 0.0070 0.0100 
      H177.1  1 0.0057 0.3370 0.0223 0.1602 0.0067 0.0067 0.0108 0.0181 0.0176 0.0045 0.0510 0.0062 0.0162 0.0184 0.0180 0.0129 0.2307 0.0197 0.0151 0.0222 
      H177.2  1 0.0074 0.1146 0.0209 0.0904 0.0160 0.0131 0.0324 0.0406 0.0347 0.0177 0.0262 0.0634 0.0471 0.0131 0.2408 0.0152 0.0096 0.1371 0.0429 0.0169 
      H177.3  1 0.0053 0.3322 0.0145 0.1834 0.0116 0.0057 0.0248 0.0240 0.0208 0.0035 0.0852 0.0119 0.0346 0.0245 0.0585 0.0149 0.0156 0.0602 0.0296 0.0391 
      H177.4  1 0.0217 0.1057 0.0252 0.2927 0.0065 0.0067 0.0232 0.0184 0.0094 0.0047 0.0439 0.0088 0.0739 0.0131 0.0523 0.0101 0.2070 0.0588 0.0128 0.0051 
      H177.5  1 0.0367 0.0670 0.0308 0.0167 0.0077 0.0045 0.0413 0.0414 0.0152 0.0117 0.0222 0.0166 0.0183 0.0128 0.0361 0.0064 0.5696 0.0132 0.0178 0.0138 
      H177.6  1 0.0054 0.2652 0.0107 0.2659 0.0101 0.0075 0.0160 0.0256 0.0266 0.0040 0.1106 0.0100 0.0267 0.0271 0.0353 0.0230 0.0096 0.0484 0.0324 0.0400 
      H179.1  1 0.0118 0.0163 0.0050 0.0085 0.0127 0.0282 0.0083 0.1387 0.0071 0.0071 0.0156 0.0086 0.0065 0.0424 0.0157 0.0046 0.0232 0.6266 0.0059 0.0073 
      H179.2  1 0.0103 0.0355 0.0089 0.0247 0.0173 0.1319 0.0218 0.1768 0.0504 0.0071 0.0090 0.0210 0.0046 0.0389 0.0266 0.0048 0.0150 0.3752 0.0130 0.0072 
      H179.3  1 0.0091 0.0128 0.0116 0.0049 0.0118 0.0225 0.0168 0.7147 0.0096 0.0112 0.0071 0.0094 0.0051 0.0081 0.0081 0.0046 0.0280 0.0899 0.0045 0.0101 
      H179.4  1 0.0140 0.0682 0.0115 0.2840 0.0101 0.0286 0.0150 0.1766 0.0151 0.0209 0.0142 0.0256 0.0230 0.0272 0.0301 0.0055 0.0279 0.1869 0.0092 0.0065 
      H180.1  1 0.0078 0.0069 0.0051 0.0059 0.0069 0.0163 0.0075 0.0083 0.8424 0.0153 0.0044 0.0044 0.0029 0.0050 0.0051 0.0108 0.0059 0.0207 0.0113 0.0073 
      H180.2  1 0.0299 0.0152 0.0076 0.0085 0.0070 0.0068 0.0060 0.0185 0.7624 0.0302 0.0250 0.0062 0.0040 0.0091 0.0062 0.0108 0.0109 0.0120 0.0076 0.0161 
      H180.3  1 0.0091 0.0056 0.0099 0.0043 0.0070 0.0471 0.0136 0.0065 0.6180 0.0079 0.0048 0.0549 0.0042 0.0354 0.0081 0.0185 0.0063 0.0040 0.0074 0.1272 
      H180.4  1 0.0811 0.0183 0.0073 0.0158 0.0114 0.0054 0.0148 0.0174 0.6369 0.0230 0.0115 0.0121 0.0068 0.0102 0.0061 0.0271 0.0119 0.0472 0.0253 0.0104 
      H180.5  1 0.0152 0.0176 0.0117 0.0085 0.0089 0.0074 0.0091 0.0194 0.7320 0.0263 0.0078 0.0127 0.0062 0.0051 0.0139 0.0206 0.0172 0.0267 0.0220 0.0118 
      H180.6  1 0.0220 0.0169 0.0146 0.0092 0.0088 0.0099 0.0075 0.0132 0.2734 0.0345 0.0089 0.3897 0.0209 0.0149 0.0095 0.0602 0.0059 0.0088 0.0400 0.0312 
      H181.1  1 0.0096 0.0118 0.0545 0.1849 0.0054 0.0122 0.1177 0.0476 0.0111 0.1503 0.0211 0.0067 0.0130 0.0074 0.0134 0.0132 0.0079 0.2716 0.0328 0.0078 
      H181.2  1 0.0124 0.0432 0.0270 0.0478 0.0126 0.0136 0.0178 0.0149 0.0213 0.0653 0.0233 0.0065 0.0260 0.0137 0.0110 0.0155 0.0091 0.5108 0.0974 0.0107 
      H181.3  1 0.0069 0.0305 0.0246 0.0344 0.0150 0.0048 0.0099 0.0153 0.0133 0.1407 0.0361 0.0094 0.0143 0.0071 0.0184 0.0107 0.0158 0.5499 0.0344 0.0085 
      H181.4  1 0.0102 0.0755 0.0280 0.1326 0.0134 0.0084 0.2326 0.0273 0.0282 0.0872 0.0228 0.0158 0.0341 0.0252 0.0846 0.0038 0.0204 0.0438 0.0503 0.0558 
      H181.5  1 0.0086 0.0052 0.0065 0.0158 0.0154 0.0120 0.0083 0.0091 0.0048 0.0341 0.0085 0.0080 0.0066 0.0280 0.0093 0.0091 0.0136 0.7714 0.0215 0.0040 
      H181.6  1 0.0373 0.0087 0.0177 0.0205 0.0100 0.0391 0.0172 0.0294 0.0366 0.0103 0.0293 0.0092 0.0117 0.0118 0.0191 0.0067 0.0132 0.6060 0.0453 0.0208 
      H181.7  1 0.0111 0.0092 0.0082 0.0284 0.0099 0.0084 0.0179 0.0124 0.0108 0.0078 0.0115 0.0138 0.0143 0.0080 0.0067 0.0073 0.0065 0.7896 0.0071 0.0111 
 H194.1_2004  1 0.0073 0.0293 0.0256 0.0126 0.0084 0.0103 0.0107 0.0238 0.0216 0.0049 0.0214 0.0138 0.7481 0.0135 0.0064 0.0067 0.0076 0.0041 0.0127 0.0114 
 H194.2_2004  1 0.0042 0.0132 0.0169 0.0052 0.0167 0.0033 0.0103 0.0071 0.0059 0.0049 0.0129 0.0050 0.7485 0.0066 0.0054 0.0121 0.1029 0.0031 0.0102 0.0055 
 H194.3_2004  1 0.0061 0.0249 0.0081 0.0536 0.0069 0.0059 0.0065 0.0140 0.0059 0.0039 0.0191 0.0067 0.6861 0.1065 0.0056 0.0084 0.0103 0.0076 0.0083 0.0056 
 H194.4_2004  1 0.0037 0.0128 0.0348 0.0457 0.0066 0.0048 0.0055 0.0074 0.0062 0.0038 0.0243 0.0051 0.7059 0.0101 0.0065 0.0138 0.0825 0.0049 0.0096 0.0060 
 H194.5_2004  1 0.0132 0.0276 0.0092 0.0403 0.0074 0.0097 0.0088 0.0162 0.0094 0.0051 0.0218 0.0152 0.7101 0.0424 0.0110 0.0048 0.0192 0.0082 0.0105 0.0099 
 H194.6_2004  1 0.0062 0.0238 0.0172 0.2397 0.0054 0.0104 0.0103 0.0133 0.0089 0.0058 0.0219 0.0139 0.1286 0.2565 0.0127 0.0069 0.1865 0.0060 0.0156 0.0103 
 H194.7_2004  1 0.0093 0.0079 0.0934 0.0106 0.0142 0.0044 0.0160 0.0179 0.0095 0.0082 0.0070 0.0619 0.6757 0.0153 0.0082 0.0051 0.0160 0.0045 0.0081 0.0068 
 H194.8_2004  1 0.0069 0.0204 0.0190 0.0973 0.0069 0.0072 0.0101 0.0079 0.0088 0.0081 0.0107 0.0152 0.5136 0.0289 0.0133 0.0079 0.1717 0.0076 0.0269 0.0116 
      H194.9  1 0.0057 0.0093 0.0224 0.0096 0.0072 0.0080 0.0095 0.0122 0.0083 0.0089 0.0153 0.0411 0.7710 0.0127 0.0082 0.0094 0.0112 0.0041 0.0114 0.0145 
 H195.1_2003  1 0.0103 0.0077 0.0054 0.0085 0.0045 0.0070 0.0053 0.0063 0.0084 0.0054 0.0058 0.0042 0.8758 0.0058 0.0063 0.0037 0.0103 0.0056 0.0079 0.0055 
 H195.1_2004  1 0.0060 0.0082 0.0049 0.0116 0.0070 0.0026 0.0053 0.0068 0.0048 0.0146 0.0080 0.0036 0.8500 0.0045 0.0060 0.0080 0.0039 0.0088 0.0289 0.0067 
 H195.2_2003  1 0.0102 0.0052 0.0140 0.0049 0.0043 0.0076 0.0036 0.0107 0.0086 0.0037 0.0104 0.0109 0.8534 0.0051 0.0160 0.0043 0.0058 0.0044 0.0054 0.0115 
 H195.2_2004  1 0.0060 0.0037 0.0055 0.0062 0.0038 0.0035 0.0035 0.0044 0.0038 0.0048 0.0039 0.0039 0.9146 0.0043 0.0047 0.0064 0.0039 0.0037 0.0061 0.0033 
 H195.3_2003  1 0.0299 0.0125 0.0199 0.0034 0.0057 0.0052 0.0055 0.0204 0.0149 0.0067 0.0087 0.0084 0.7694 0.0076 0.0215 0.0055 0.0125 0.0057 0.0051 0.0315 
 H195.3_2004  1 0.0053 0.0047 0.0062 0.0108 0.0043 0.0029 0.0047 0.0042 0.0036 0.0063 0.0074 0.0036 0.9064 0.0040 0.0033 0.0044 0.0029 0.0041 0.0075 0.0035 
 H195.4_2003  1 0.0091 0.0044 0.0057 0.0088 0.0054 0.0068 0.0051 0.0041 0.0053 0.0031 0.0060 0.0037 0.8842 0.0054 0.0061 0.0033 0.0053 0.0044 0.0189 0.0049 
 H195.4_2004  1 0.0036 0.0039 0.0060 0.0046 0.0035 0.0034 0.0034 0.0069 0.0035 0.0121 0.0041 0.0061 0.9080 0.0045 0.0040 0.0037 0.0060 0.0039 0.0051 0.0038 
 H195.5_2003  1 0.0540 0.0117 0.0059 0.0108 0.0047 0.0056 0.0054 0.0078 0.0088 0.0143 0.0071 0.0045 0.7937 0.0060 0.0067 0.0035 0.0117 0.0083 0.0235 0.0059 
 H195.5_2004  1 0.0085 0.0064 0.0073 0.0091 0.0072 0.0030 0.0044 0.0053 0.0034 0.0138 0.0066 0.0039 0.8808 0.0059 0.0046 0.0074 0.0035 0.0059 0.0083 0.0047 
 H195.6_2003  1 0.0128 0.0057 0.0149 0.0040 0.0038 0.0043 0.0033 0.0083 0.0065 0.0063 0.0055 0.0047 0.8731 0.0039 0.0089 0.0047 0.0045 0.0035 0.0059 0.0154 
 H195.6_2004  1 0.0058 0.0038 0.0069 0.0054 0.0043 0.0045 0.0033 0.0031 0.0034 0.0045 0.0051 0.0035 0.9133 0.0061 0.0047 0.0056 0.0041 0.0051 0.0047 0.0029 
 H195.7_2003  1 0.0083 0.0035 0.0057 0.0062 0.0054 0.0051 0.0043 0.0077 0.0063 0.0069 0.0049 0.0048 0.8865 0.0045 0.0071 0.0030 0.0163 0.0047 0.0053 0.0033 
 H195.7_2004  1 0.0058 0.0050 0.0037 0.0051 0.0061 0.0027 0.0055 0.0055 0.0049 0.0153 0.0057 0.0041 0.8784 0.0048 0.0041 0.0191 0.0039 0.0062 0.0082 0.0057 
      H195.8  1 0.0052 0.0044 0.0080 0.0054 0.0053 0.0030 0.0049 0.0066 0.0054 0.0299 0.0053 0.0059 0.8669 0.0045 0.0044 0.0058 0.0053 0.0056 0.0129 0.0053 
      H195.9  1 0.0050 0.0050 0.0126 0.0098 0.0049 0.0026 0.0050 0.0062 0.0048 0.0054 0.0072 0.0060 0.8865 0.0068 0.0064 0.0036 0.0043 0.0052 0.0087 0.0041 
      H415.1  1 0.0080 0.0179 0.0087 0.0422 0.0325 0.4657 0.0146 0.0126 0.0185 0.0059 0.0385 0.0311 0.0281 0.0120 0.0043 0.0891 0.0213 0.0084 0.0159 0.1247 
      H415.2  1 0.0052 0.0262 0.0056 0.0110 0.0077 0.0712 0.0152 0.0156 0.0148 0.0030 0.7299 0.0043 0.0086 0.0357 0.0078 0.0094 0.0056 0.0079 0.0050 0.0103 
      H415.3  1 0.0078 0.0503 0.0033 0.0628 0.0126 0.6808 0.0146 0.0083 0.0252 0.0037 0.0234 0.0058 0.0102 0.0078 0.0205 0.0089 0.0085 0.0206 0.0173 0.0077 
      H415.4  1 0.0088 0.0062 0.0058 0.0158 0.0237 0.6755 0.0124 0.0042 0.0197 0.0082 0.0182 0.0216 0.0148 0.0093 0.0063 0.0191 0.0092 0.0049 0.0561 0.0600 
      H415.5  1 0.0063 0.0380 0.0033 0.0800 0.0111 0.6637 0.0180 0.0065 0.0201 0.0041 0.0180 0.0051 0.0180 0.0128 0.0110 0.0118 0.0111 0.0180 0.0367 0.0064 
      H415.6  1 0.0084 0.0079 0.0051 0.0191 0.0248 0.6664 0.0091 0.0053 0.0173 0.0078 0.0229 0.0221 0.0173 0.0136 0.0074 0.0239 0.0086 0.0043 0.0479 0.0607 
      H415.7  1 0.0066 0.0267 0.0054 0.0917 0.0174 0.3454 0.0122 0.0745 0.0215 0.0046 0.1717 0.0063 0.0344 0.0203 0.0914 0.0177 0.0105 0.0188 0.0116 0.0112 
      H506.1  1 0.0091 0.0069 0.0031 0.0395 0.0070 0.0200 0.0050 0.0054 0.0034 0.0088 0.0060 0.0053 0.0046 0.0143 0.0129 0.0066 0.0051 0.8295 0.0033 0.0039 
      H506.2  1 0.0047 0.0045 0.0035 0.0163 0.0043 0.0053 0.0040 0.0046 0.0037 0.0041 0.0068 0.0036 0.0063 0.0105 0.0125 0.0046 0.0049 0.8891 0.0033 0.0035 
      H506.3  1 0.0133 0.0141 0.0058 0.0121 0.0066 0.0197 0.0109 0.0308 0.0065 0.0117 0.0052 0.0111 0.0066 0.0160 0.0134 0.0347 0.0088 0.7621 0.0065 0.0040 
      H506.4  1 0.0145 0.0115 0.0068 0.0271 0.0099 0.0249 0.0115 0.0241 0.0059 0.0102 0.0060 0.0092 0.0057 0.0304 0.0275 0.0179 0.0125 0.7342 0.0045 0.0056 
      H506.5  1 0.0057 0.0056 0.0047 0.0260 0.0045 0.0144 0.0035 0.0085 0.0042 0.0059 0.0060 0.0056 0.0078 0.0060 0.0255 0.0080 0.0044 0.8462 0.0032 0.0042 
      H506.6  1 0.0107 0.0108 0.0156 0.0065 0.0080 0.0068 0.0167 0.0719 0.0067 0.0104 0.0112 0.0066 0.0129 0.0066 0.0161 0.0192 0.0138 0.7318 0.0050 0.0128 
      H506.7  1 0.0060 0.0084 0.0042 0.0263 0.0047 0.0126 0.0042 0.0074 0.0039 0.0055 0.0063 0.0058 0.0078 0.0079 0.0173 0.0053 0.0055 0.8543 0.0030 0.0037 
      H533.1  1 0.0070 0.0066 0.0034 0.0243 0.0059 0.0053 0.0080 0.0044 0.0053 0.0059 0.0045 0.0046 0.0032 0.0072 0.0053 0.0064 0.0036 0.8819 0.0037 0.0034 
      H533.2  1 0.0049 0.0064 0.0032 0.0603 0.0035 0.0082 0.0068 0.0047 0.0087 0.0055 0.0049 0.0046 0.0038 0.0058 0.0041 0.0113 0.0040 0.8423 0.0040 0.0031 
      H533.3  1 0.0056 0.0402 0.0067 0.0635 0.0073 0.0184 0.0487 0.0178 0.0063 0.0061 0.0105 0.0080 0.0054 0.0094 0.0100 0.0084 0.0044 0.7134 0.0041 0.0058 
      H533.4  1 0.0072 0.0806 0.0110 0.1746 0.0111 0.0258 0.0156 0.0219 0.0237 0.0156 0.0316 0.0073 0.0221 0.0060 0.0089 0.0123 0.0105 0.5007 0.0050 0.0084 
      H535.1  1 0.0086 0.0230 0.0264 0.6430 0.0074 0.0110 0.0074 0.0101 0.0172 0.0051 0.0229 0.0080 0.0169 0.0744 0.0409 0.0067 0.0201 0.0115 0.0174 0.0219 
      H535.2  1 0.0198 0.0135 0.0167 0.6938 0.0055 0.0044 0.0127 0.0067 0.0064 0.0342 0.0062 0.0242 0.0352 0.0101 0.0202 0.0034 0.0332 0.0379 0.0112 0.0048 
      H535.3  1 0.0346 0.0071 0.0263 0.6247 0.0050 0.0040 0.0117 0.0113 0.0077 0.0726 0.0091 0.0265 0.0370 0.0111 0.0276 0.0063 0.0244 0.0293 0.0150 0.0086 
      H535.4  1 0.0106 0.0042 0.0041 0.9013 0.0046 0.0074 0.0038 0.0047 0.0049 0.0079 0.0037 0.0037 0.0070 0.0064 0.0043 0.0035 0.0043 0.0033 0.0068 0.0033 
      H535.5  1 0.0094 0.0115 0.0077 0.8728 0.0048 0.0061 0.0076 0.0061 0.0067 0.0053 0.0042 0.0041 0.0082 0.0097 0.0073 0.0037 0.0126 0.0051 0.0033 0.0038 
      H535.6  1 0.0070 0.0271 0.0386 0.3978 0.0084 0.0052 0.0122 0.0156 0.0109 0.0172 0.0273 0.0106 0.0647 0.1079 0.0273 0.0044 0.1583 0.0093 0.0343 0.0160 
      H535.7  1 0.0098 0.0084 0.0076 0.8792 0.0040 0.0063 0.0067 0.0075 0.0053 0.0050 0.0035 0.0059 0.0064 0.0094 0.0069 0.0043 0.0100 0.0053 0.0032 0.0056 
      H535.8  1 0.0191 0.0098 0.0072 0.7387 0.0080 0.0054 0.0061 0.0090 0.0053 0.0188 0.0045 0.0096 0.0179 0.0112 0.0087 0.0043 0.0968 0.0060 0.0051 0.0085 
      H535.9  1 0.0218 0.0090 0.0327 0.7083 0.0059 0.0046 0.0075 0.0128 0.0091 0.0102 0.0317 0.0081 0.0219 0.0144 0.0216 0.0075 0.0083 0.0158 0.0227 0.0263 
      H539.1  1 0.0033 0.0034 0.0083 0.0031 0.0035 0.0042 0.0041 0.0036 0.0055 0.0031 0.0067 0.0044 0.0046 0.0039 0.0041 0.0053 0.0034 0.0026 0.0043 0.9186 
      H539.2  1 0.0122 0.1756 0.0354 0.0097 0.0130 0.0201 0.0261 0.1997 0.1773 0.0348 0.0153 0.0222 0.0093 0.0066 0.0117 0.0215 0.0210 0.0095 0.0217 0.1572 
      H539.3  1 0.0081 0.0177 0.0505 0.0065 0.0083 0.0036 0.0075 0.0274 0.0125 0.0135 0.0165 0.0196 0.0367 0.0144 0.0070 0.0184 0.0283 0.0044 0.0050 0.6943 
      H539.4  1 0.0100 0.0104 0.0045 0.0049 0.0036 0.0073 0.0107 0.0191 0.0177 0.0049 0.0051 0.0071 0.0033 0.0052 0.0074 0.0119 0.0063 0.0075 0.0048 0.8485 
      H539.5  1 0.0030 0.0050 0.0074 0.0038 0.0048 0.0046 0.0040 0.0041 0.0054 0.0031 0.0064 0.0104 0.0048 0.0049 0.0066 0.0054 0.0035 0.0028 0.0040 0.9060 
      H539.6  1 0.0041 0.0065 0.0076 0.0038 0.0079 0.0055 0.0042 0.0051 0.0132 0.0061 0.0070 0.0096 0.0057 0.0048 0.0081 0.0063 0.0045 0.0035 0.0094 0.8772 
      H539.7  1 0.0043 0.0083 0.0040 0.0050 0.0048 0.0039 0.0048 0.0092 0.0090 0.0035 0.0103 0.0053 0.0036 0.0056 0.0046 0.0036 0.0073 0.0041 0.0070 0.8918 
      H539.8  1 0.0212 0.0168 0.0097 0.0158 0.0153 0.0059 0.0155 0.0688 0.0128 0.0146 0.0134 0.0088 0.0133 0.0403 0.0078 0.0430 0.0406 0.0064 0.0077 0.6224 
      H539.9  1 0.0054 0.0045 0.0059 0.0028 0.0045 0.0050 0.0071 0.0058 0.0065 0.0041 0.0048 0.0076 0.0036 0.0037 0.0050 0.0078 0.0050 0.0042 0.0028 0.9039 
      H540.1  1 0.0052 0.0334 0.0146 0.0085 0.0057 0.0046 0.0294 0.0121 0.0098 0.0083 0.0231 0.0081 0.0132 0.0059 0.0338 0.0075 0.0059 0.0116 0.0108 0.7485 
      H540.2  1 0.0035 0.0105 0.0073 0.0047 0.0068 0.0065 0.0103 0.0076 0.0067 0.0029 0.0165 0.0048 0.0055 0.0097 0.0088 0.0039 0.0061 0.0073 0.0066 0.8642 
      H540.3  1 0.0073 0.0139 0.0058 0.0116 0.0119 0.0112 0.0276 0.0172 0.0056 0.0142 0.0495 0.0053 0.0090 0.0711 0.0178 0.1607 0.0287 0.0102 0.0331 0.4884 
      H540.4  1 0.0080 0.0207 0.0072 0.0082 0.0126 0.0091 0.0260 0.0755 0.0178 0.0071 0.0207 0.0067 0.0077 0.0117 0.0201 0.0047 0.0112 0.0220 0.0274 0.6756 
      H540.5  1 0.0039 0.0116 0.0075 0.0089 0.0082 0.0070 0.0133 0.0090 0.0065 0.0090 0.0124 0.0089 0.0054 0.0151 0.0104 0.0194 0.0100 0.0114 0.0097 0.8125 
      H540.6  1 0.0049 0.0173 0.0245 0.0123 0.0234 0.0067 0.0307 0.0219 0.0089 0.0270 0.0245 0.0196 0.0091 0.0149 0.0314 0.0103 0.0110 0.0229 0.0234 0.6552 
      H540.7  1 0.0054 0.0152 0.0069 0.0099 0.0066 0.0096 0.0149 0.0159 0.0107 0.0053 0.0151 0.0076 0.0064 0.0063 0.0114 0.0042 0.0046 0.0069 0.0087 0.8284 
      H540.8  1 0.0056 0.0788 0.0150 0.0151 0.0068 0.0079 0.0662 0.0547 0.0375 0.0030 0.0960 0.0067 0.0115 0.0160 0.0126 0.0076 0.0090 0.0100 0.0097 0.5302 
     H9558.1  1 0.0053 0.0093 0.0095 0.0040 0.0039 0.0061 0.0034 0.0099 0.0087 0.0039 0.0087 0.0050 0.0049 0.0086 0.0038 0.0058 0.0097 0.0060 0.0036 0.8798 
     H9558.2  1 0.0100 0.0071 0.0083 0.0046 0.0074 0.0080 0.0046 0.0077 0.0060 0.0049 0.0057 0.0119 0.0060 0.0066 0.0062 0.0053 0.0154 0.0130 0.0041 0.8574 
     H9558.3  1 0.0151 0.0053 0.0158 0.0062 0.0150 0.0132 0.0085 0.0086 0.0069 0.0080 0.0071 0.0119 0.0061 0.0105 0.0117 0.0124 0.0064 0.0065 0.0055 0.8190 
     H9558.4  1 0.0059 0.0153 0.0070 0.0055 0.0029 0.0071 0.0051 0.0134 0.0198 0.0039 0.0050 0.0050 0.0040 0.0053 0.0062 0.0063 0.0054 0.0058 0.0041 0.8671 
     H9558.5  1 0.0098 0.0133 0.0032 0.0083 0.0073 0.0101 0.0215 0.0240 0.0107 0.0054 0.0049 0.0038 0.0026 0.0088 0.0063 0.0149 0.0122 0.0047 0.0050 0.8235 
     H9558.6  1 0.0130 0.0070 0.0075 0.0055 0.0089 0.0056 0.0534 0.0050 0.0060 0.0039 0.0257 0.0557 0.0055 0.0187 0.0070 0.0089 0.0081 0.0053 0.0077 0.7416 
    kos339.1  1 0.0062 0.0235 0.0058 0.7963 0.0088 0.0145 0.0102 0.0088 0.0068 0.0049 0.0195 0.0139 0.0049 0.0047 0.0318 0.0056 0.0081 0.0119 0.0049 0.0088 
    kos339.2  1 0.0105 0.0043 0.0035 0.8532 0.0185 0.0102 0.0074 0.0059 0.0048 0.0061 0.0047 0.0106 0.0113 0.0090 0.0055 0.0079 0.0061 0.0089 0.0069 0.0048 
    kos339.3  1 0.0039 0.0055 0.0034 0.9194 0.0039 0.0057 0.0044 0.0051 0.0056 0.0029 0.0041 0.0040 0.0050 0.0032 0.0045 0.0037 0.0039 0.0038 0.0036 0.0044 
    kos339.4  1 0.0037 0.0039 0.0031 0.9131 0.0054 0.0082 0.0049 0.0041 0.0053 0.0048 0.0038 0.0048 0.0057 0.0038 0.0038 0.0044 0.0046 0.0037 0.0049 0.0039 
    kos339.5  1 0.0060 0.0218 0.0047 0.8325 0.0138 0.0072 0.0066 0.0064 0.0066 0.0065 0.0117 0.0129 0.0051 0.0069 0.0202 0.0033 0.0073 0.0084 0.0055 0.0066 
    kos339.6  1 0.0042 0.0051 0.0042 0.8899 0.0116 0.0070 0.0084 0.0054 0.0034 0.0043 0.0060 0.0063 0.0067 0.0047 0.0078 0.0059 0.0038 0.0053 0.0056 0.0041 
    kos339.7  1 0.0027 0.0057 0.0031 0.9195 0.0035 0.0058 0.0049 0.0037 0.0056 0.0031 0.0043 0.0046 0.0067 0.0032 0.0041 0.0041 0.0029 0.0049 0.0034 0.0039 
    kos339.8  1 0.0069 0.0067 0.0030 0.8634 0.0079 0.0192 0.0106 0.0064 0.0066 0.0053 0.0041 0.0060 0.0067 0.0053 0.0090 0.0067 0.0072 0.0107 0.0043 0.0039 
    kos339.9  1 0.0087 0.0174 0.0068 0.8054 0.0268 0.0063 0.0053 0.0042 0.0139 0.0052 0.0146 0.0116 0.0092 0.0066 0.0154 0.0054 0.0067 0.0062 0.0099 0.0143 
      H008.1  2 0.0175 0.0161 0.0057 0.0074 0.0318 0.0057 0.0069 0.0186 0.0170 0.0116 0.0162 0.7594 0.0076 0.0107 0.0063 0.0063 0.0064 0.0126 0.0108 0.0253 
      H008.2  2 0.2733 0.1225 0.0407 0.0185 0.0242 0.0111 0.0281 0.0773 0.0145 0.0515 0.0430 0.0753 0.0077 0.0113 0.0146 0.0523 0.0217 0.0458 0.0064 0.0602 
      H008.3  2 0.1170 0.1717 0.0601 0.0273 0.0392 0.0114 0.0294 0.0580 0.0564 0.1028 0.0380 0.0476 0.0164 0.0542 0.0171 0.0443 0.0461 0.0366 0.0114 0.0148 
      H008.4  2 0.0261 0.0151 0.0146 0.0116 0.0610 0.0253 0.0109 0.0232 0.0086 0.0130 0.0423 0.5911 0.0119 0.0204 0.0120 0.0478 0.0187 0.0122 0.0081 0.0261 
      H008.5  2 0.0284 0.0212 0.0233 0.0084 0.0302 0.0061 0.0114 0.0137 0.0176 0.0152 0.0123 0.6833 0.0058 0.0246 0.0089 0.0184 0.0482 0.0089 0.0071 0.0070 
      H008.6  2 0.2934 0.0806 0.0294 0.0069 0.0384 0.0168 0.0192 0.0289 0.0091 0.0068 0.0867 0.1586 0.0109 0.0209 0.0189 0.0818 0.0343 0.0144 0.0059 0.0379 
      H008.7  2 0.1487 0.0562 0.0145 0.0202 0.0346 0.0172 0.0082 0.0297 0.0157 0.0549 0.0637 0.2859 0.0146 0.0218 0.0154 0.0763 0.0518 0.0269 0.0149 0.0288 
      H008.8  2 0.0237 0.0176 0.0192 0.0134 0.0212 0.0091 0.0099 0.0327 0.0316 0.0223 0.0433 0.1752 0.0304 0.0142 0.0137 0.0137 0.0093 0.0540 0.0074 0.4380 
      H008.9  2 0.2215 0.0397 0.0245 0.0084 0.0129 0.0088 0.0174 0.0350 0.0124 0.0136 0.2514 0.0146 0.0285 0.0363 0.0130 0.1939 0.0176 0.0238 0.0090 0.0176 
 H029.1_2002  2 0.0053 0.0087 0.0074 0.0058 0.0254 0.0526 0.0090 0.0116 0.0072 0.0108 0.0152 0.6286 0.0079 0.0141 0.0233 0.0270 0.0746 0.0126 0.0062 0.0467 
 H029.1_2003  2 0.0084 0.0144 0.0094 0.0069 0.0084 0.0099 0.0139 0.0627 0.0081 0.0053 0.0168 0.0111 0.0122 0.0659 0.0147 0.0094 0.6875 0.0189 0.0055 0.0105 
 H029.2_2002  2 0.0171 0.0257 0.0118 0.0774 0.0057 0.0061 0.0074 0.0156 0.0080 0.0239 0.0129 0.5160 0.0463 0.0630 0.0236 0.0493 0.0655 0.0148 0.0034 0.0065 
 H029.2_2003  2 0.0221 0.0925 0.0135 0.0385 0.0040 0.0048 0.0169 0.1089 0.0074 0.0064 0.0168 0.0602 0.0181 0.0295 0.0227 0.0210 0.4831 0.0225 0.0046 0.0063 
 H029.3_2002  2 0.0070 0.0173 0.0194 0.0863 0.0069 0.0077 0.0223 0.0940 0.0143 0.0344 0.0093 0.2133 0.0396 0.0577 0.0239 0.1602 0.0566 0.1185 0.0041 0.0071 
 H029.3_2003  2 0.0354 0.0209 0.0054 0.0085 0.0119 0.0056 0.0157 0.0398 0.0074 0.0069 0.0051 0.3805 0.0099 0.0309 0.0093 0.0101 0.3730 0.0140 0.0049 0.0048 
 H029.4_2002  2 0.0077 0.0058 0.0036 0.0043 0.0163 0.0094 0.0082 0.0411 0.0073 0.0178 0.0043 0.7267 0.0164 0.0102 0.0053 0.0227 0.0675 0.0148 0.0057 0.0047 
 H029.4_2003  2 0.0118 0.0088 0.0063 0.0055 0.0126 0.0098 0.0085 0.2545 0.0185 0.0101 0.0069 0.0545 0.0064 0.0113 0.0079 0.0150 0.5095 0.0124 0.0037 0.0260 
 H029.5_2002  2 0.0086 0.0070 0.0040 0.0044 0.0212 0.0130 0.0061 0.0111 0.0049 0.0141 0.0067 0.7641 0.0067 0.0205 0.0118 0.0070 0.0677 0.0063 0.0084 0.0063 
 H029.5_2003  2 0.0234 0.0422 0.0044 0.0043 0.0121 0.0100 0.0082 0.1021 0.0109 0.0039 0.0065 0.2033 0.0083 0.0220 0.0062 0.0081 0.5009 0.0128 0.0044 0.0061 
 H029.6_2002  2 0.0041 0.0060 0.0063 0.0045 0.0085 0.0097 0.0077 0.0323 0.0096 0.0143 0.0047 0.3575 0.0247 0.0130 0.0056 0.0573 0.3992 0.0248 0.0065 0.0038 
 H029.6_2003  2 0.0363 0.0927 0.0065 0.0384 0.0207 0.0054 0.0212 0.1408 0.0103 0.0096 0.0136 0.3447 0.0176 0.0813 0.0243 0.0091 0.0672 0.0337 0.0106 0.0159 
      H029.7  2 0.0080 0.0084 0.0138 0.0245 0.0045 0.0046 0.0043 0.0295 0.0061 0.0175 0.0091 0.6717 0.0587 0.0184 0.0107 0.0362 0.0510 0.0110 0.0039 0.0082 
      H030.1  2 0.0696 0.0191 0.0096 0.0090 0.0182 0.0063 0.4461 0.0092 0.0155 0.0146 0.0157 0.0263 0.0138 0.0084 0.1406 0.0042 0.1334 0.0145 0.0190 0.0068 
      H030.2  2 0.0273 0.0067 0.0054 0.0066 0.0366 0.1281 0.3037 0.0081 0.0460 0.1908 0.0138 0.0701 0.0098 0.0039 0.0147 0.0528 0.0285 0.0104 0.0256 0.0113 
      H038.1  2 0.0047 0.0042 0.0079 0.0043 0.0069 0.0062 0.0058 0.0089 0.0042 0.0044 0.0067 0.8588 0.0056 0.0079 0.0056 0.0261 0.0079 0.0077 0.0034 0.0132 
      H038.2  2 0.0055 0.0052 0.0032 0.0166 0.0067 0.0110 0.0067 0.0045 0.0088 0.0059 0.0052 0.8671 0.0042 0.0058 0.0097 0.0060 0.0047 0.0049 0.0145 0.0037 
      H038.3  2 0.0105 0.0061 0.0046 0.0132 0.0159 0.0225 0.0146 0.0080 0.0137 0.0078 0.0075 0.7465 0.0071 0.0060 0.0378 0.0300 0.0051 0.0074 0.0134 0.0223 
      H038.4  2 0.0087 0.0042 0.0041 0.0104 0.0293 0.0108 0.0069 0.0063 0.0076 0.0076 0.0065 0.7965 0.0103 0.0082 0.0175 0.0248 0.0044 0.0083 0.0161 0.0115 
      H038.5  2 0.0051 0.0085 0.0035 0.0086 0.0055 0.0052 0.0154 0.0247 0.0170 0.0085 0.0042 0.7980 0.0113 0.0073 0.0086 0.0257 0.0101 0.0134 0.0073 0.0122 
      H038.6  2 0.0059 0.0079 0.0043 0.0061 0.0035 0.0075 0.0124 0.0122 0.0101 0.0040 0.0044 0.8643 0.0039 0.0064 0.0067 0.0099 0.0117 0.0058 0.0035 0.0094 
      H038.7  2 0.0085 0.0052 0.0036 0.0084 0.0053 0.0181 0.0068 0.0136 0.0111 0.0029 0.0048 0.8219 0.0040 0.0056 0.0361 0.0097 0.0052 0.0082 0.0044 0.0166 
      H038.8  2 0.0069 0.0044 0.0033 0.0131 0.0225 0.0128 0.0109 0.0080 0.0093 0.0117 0.0040 0.7549 0.0056 0.0062 0.0160 0.0760 0.0044 0.0048 0.0148 0.0106 
      H041.1  2 0.0683 0.0116 0.0212 0.0180 0.2299 0.0079 0.0082 0.0347 0.0095 0.1217 0.0183 0.1109 0.0402 0.0081 0.0210 0.0284 0.2132 0.0099 0.0120 0.0071 
      H041.2  2 0.0356 0.0071 0.0071 0.0093 0.2363 0.0236 0.0057 0.0106 0.0056 0.0054 0.0185 0.0363 0.0255 0.0253 0.0113 0.0197 0.4970 0.0052 0.0071 0.0077 
      H041.4  2 0.0362 0.0089 0.0130 0.0101 0.0346 0.0122 0.0083 0.0235 0.0080 0.0137 0.0457 0.2136 0.0407 0.0281 0.0119 0.0296 0.4201 0.0074 0.0164 0.0179 
      H041.6  2 0.0192 0.0095 0.0288 0.0110 0.1129 0.0171 0.0113 0.0092 0.0125 0.0177 0.0355 0.1402 0.0490 0.0169 0.0173 0.0132 0.3982 0.0077 0.0144 0.0583 
 H042.1_2002  2 0.0054 0.0138 0.0080 0.0087 0.0709 0.0168 0.0058 0.0079 0.0339 0.0080 0.0334 0.0076 0.0163 0.0073 0.0082 0.0115 0.6488 0.0040 0.0453 0.0383 
 H042.1_2003  2 0.2529 0.0542 0.0117 0.0083 0.1837 0.0198 0.0295 0.0093 0.0217 0.0134 0.0339 0.0628 0.0211 0.0277 0.0465 0.0779 0.0368 0.0116 0.0209 0.0564 
 H042.2_2002  2 0.0049 0.0174 0.0079 0.0093 0.0303 0.1823 0.0049 0.0633 0.0110 0.0082 0.0066 0.0826 0.0106 0.0406 0.0047 0.0291 0.4600 0.0080 0.0108 0.0077 
 H042.2_2003  2 0.0126 0.0164 0.0089 0.0069 0.5679 0.0128 0.0095 0.0079 0.0110 0.0037 0.0250 0.0463 0.0217 0.0239 0.0136 0.0043 0.1733 0.0055 0.0084 0.0205 
 H042.3_2002  2 0.0092 0.0159 0.0094 0.0090 0.3536 0.0459 0.0115 0.0134 0.0291 0.0067 0.0134 0.0096 0.0244 0.0119 0.0075 0.0175 0.3706 0.0068 0.0098 0.0248 
 H042.3_2003  2 0.0137 0.0150 0.0087 0.0131 0.4385 0.0236 0.0118 0.0874 0.0812 0.0277 0.0114 0.0247 0.0346 0.0073 0.0097 0.0208 0.1185 0.0079 0.0149 0.0295 
 H042.4_2002  2 0.0062 0.0100 0.0048 0.0128 0.0358 0.0064 0.0089 0.0155 0.0082 0.0087 0.0191 0.0186 0.0127 0.0252 0.0064 0.0115 0.7444 0.0045 0.0308 0.0096 
 H042.4_2003  2 0.0106 0.0089 0.0201 0.0090 0.0336 0.0077 0.0077 0.0135 0.0125 0.0259 0.0241 0.0745 0.0338 0.0093 0.0458 0.0071 0.5908 0.0049 0.0214 0.0387 
      H042.5  2 0.0070 0.0068 0.0098 0.0045 0.0093 0.0048 0.0044 0.0095 0.0108 0.0042 0.0070 0.0063 0.0167 0.0062 0.0065 0.0028 0.8627 0.0041 0.0092 0.0074 
      H042.6  2 0.0049 0.0060 0.0401 0.0059 0.0091 0.0104 0.0050 0.0212 0.0440 0.0072 0.0122 0.0164 0.0089 0.0046 0.0107 0.0097 0.7367 0.0059 0.0106 0.0304 
      H042.7  2 0.0148 0.0079 0.0063 0.0074 0.1363 0.0869 0.0045 0.0065 0.0276 0.0077 0.0084 0.0246 0.1109 0.0287 0.0396 0.0058 0.4088 0.0048 0.0446 0.0178 
      H042.8  2 0.0200 0.0170 0.0169 0.0044 0.0742 0.0245 0.0046 0.0135 0.0145 0.0042 0.0109 0.0086 0.0187 0.0248 0.0063 0.0177 0.6902 0.0058 0.0095 0.0137 
   H042_2002  2 0.0328 0.0153 0.0808 0.0062 0.1559 0.1206 0.0083 0.0231 0.1511 0.0050 0.0387 0.0604 0.0163 0.0353 0.0347 0.0241 0.0419 0.0098 0.0092 0.1306 
   H042_2003  2 0.0274 0.0157 0.0741 0.0061 0.1687 0.1002 0.0114 0.0364 0.1370 0.0051 0.0435 0.0707 0.0175 0.0294 0.0326 0.0237 0.0412 0.0120 0.0076 0.1396 
      H043.1  2 0.0159 0.0086 0.0067 0.0251 0.0045 0.0106 0.0078 0.0475 0.0338 0.0117 0.0046 0.0174 0.0087 0.0042 0.0144 0.0202 0.0085 0.0112 0.0053 0.7332 
      H043.2  2 0.0050 0.0059 0.0092 0.0078 0.0058 0.0042 0.0037 0.0065 0.0080 0.0034 0.0042 0.0111 0.0092 0.0061 0.0046 0.0146 0.0036 0.0058 0.0034 0.8780 
      H043.3  2 0.0166 0.0084 0.0117 0.0163 0.0123 0.0293 0.0083 0.0179 0.0210 0.0034 0.0149 0.1444 0.0072 0.0052 0.0810 0.0142 0.0076 0.0157 0.0045 0.5598 
      H043.4  2 0.0083 0.0063 0.0163 0.0220 0.0089 0.0126 0.0054 0.0146 0.0120 0.0051 0.0083 0.0230 0.0122 0.0042 0.0135 0.0144 0.0048 0.0054 0.0047 0.7982 
      H043.5  2 0.0122 0.0065 0.0032 0.0065 0.0123 0.0091 0.0065 0.0136 0.0121 0.0052 0.0085 0.0300 0.0100 0.0053 0.0072 0.0411 0.0043 0.0122 0.0038 0.7903 
      H043.6  2 0.0035 0.0046 0.0047 0.0083 0.0184 0.0069 0.0069 0.0084 0.0080 0.0034 0.0073 0.0326 0.0051 0.0047 0.0072 0.0337 0.0047 0.0087 0.0045 0.8185 
      H043.7  2 0.0119 0.0040 0.0128 0.0055 0.0102 0.0090 0.0066 0.0051 0.0057 0.0032 0.0062 0.0075 0.0043 0.0027 0.0140 0.0092 0.0043 0.0050 0.0038 0.8691 
      H043.8  2 0.0133 0.0072 0.0067 0.0261 0.0078 0.0100 0.0163 0.0298 0.0084 0.0107 0.0074 0.0147 0.0071 0.0039 0.0097 0.0090 0.0042 0.0236 0.0058 0.7785 
      H043.9  2 0.0155 0.0059 0.0115 0.0195 0.0095 0.0213 0.0100 0.0760 0.0213 0.0093 0.0054 0.0355 0.0066 0.0040 0.0321 0.0152 0.0141 0.0155 0.0048 0.6669 
      H047.1  2 0.2381 0.0078 0.0067 0.0118 0.0073 0.0586 0.0059 0.0095 0.0313 0.0039 0.0063 0.4631 0.0086 0.0048 0.0090 0.0060 0.0054 0.0044 0.0041 0.1075 
      H047.2  2 0.6955 0.0328 0.0062 0.0095 0.0139 0.0113 0.0082 0.0060 0.0049 0.0152 0.0107 0.0840 0.0151 0.0115 0.0275 0.0049 0.0125 0.0080 0.0141 0.0082 
      H047.3  2 0.6296 0.0222 0.0122 0.0073 0.0687 0.0174 0.0062 0.0117 0.0071 0.0209 0.0081 0.0833 0.0114 0.0193 0.0225 0.0036 0.0159 0.0120 0.0110 0.0096 
      H047.4  2 0.3508 0.0163 0.0095 0.0120 0.0703 0.0569 0.0116 0.0133 0.0080 0.0080 0.0182 0.2054 0.0222 0.0151 0.0909 0.0041 0.0444 0.0101 0.0105 0.0222 
      H047.5  2 0.5534 0.0163 0.0311 0.0098 0.0408 0.0653 0.0078 0.0211 0.0097 0.0060 0.0077 0.1413 0.0077 0.0145 0.0143 0.0033 0.0075 0.0086 0.0102 0.0238 
      H047.6  2 0.7290 0.0060 0.0062 0.0057 0.0555 0.0424 0.0048 0.0066 0.0038 0.0068 0.0088 0.0314 0.0096 0.0132 0.0104 0.0049 0.0333 0.0056 0.0072 0.0087 
      H047.7  2 0.1406 0.0065 0.0063 0.0091 0.0185 0.2966 0.0052 0.0068 0.0213 0.0122 0.0065 0.3343 0.0111 0.0063 0.0062 0.0115 0.0105 0.0046 0.0097 0.0761 
      H047.8  2 0.5830 0.0172 0.0090 0.0064 0.1127 0.0540 0.0045 0.0076 0.0090 0.0072 0.0077 0.0798 0.0131 0.0131 0.0140 0.0043 0.0324 0.0058 0.0053 0.0140 
