      H105.1  1 0.0094 0.7637 0.0113 0.0055 0.0047 0.0244 0.0297 0.0076 0.0098 0.0050 0.0083 0.0056 0.0143 0.0137 0.0447 0.0166 0.0075 0.0072 0.0108 
      H105.2  1 0.0253 0.4158 0.0257 0.0153 0.0069 0.0074 0.0393 0.2395 0.0220 0.0085 0.0250 0.0120 0.0388 0.0151 0.0302 0.0136 0.0090 0.0380 0.0125 
      H105.3  1 0.0090 0.7991 0.0188 0.0096 0.0046 0.0055 0.0060 0.0214 0.0060 0.0133 0.0061 0.0071 0.0099 0.0213 0.0142 0.0205 0.0095 0.0072 0.0108 
      H105.4  1 0.0184 0.3467 0.0068 0.0201 0.0109 0.0072 0.0225 0.2787 0.0094 0.0103 0.0291 0.0064 0.0107 0.0436 0.0954 0.0201 0.0190 0.0331 0.0115 
      H105.5  1 0.1026 0.0532 0.0308 0.0411 0.0124 0.0402 0.0386 0.0729 0.0117 0.0145 0.0332 0.0081 0.0221 0.0902 0.1388 0.0532 0.0463 0.1776 0.0123 
      H105.6  1 0.0059 0.7773 0.0090 0.0164 0.0057 0.0043 0.0047 0.0493 0.0059 0.0098 0.0061 0.0047 0.0040 0.0114 0.0242 0.0175 0.0237 0.0108 0.0093 
      H105.7  1 0.0090 0.7976 0.0054 0.0113 0.0085 0.0144 0.0057 0.0139 0.0065 0.0074 0.0203 0.0046 0.0050 0.0113 0.0388 0.0058 0.0057 0.0061 0.0228 
      H105.8  1 0.0058 0.8053 0.0123 0.0057 0.0038 0.0049 0.0240 0.0094 0.0140 0.0063 0.0077 0.0087 0.0115 0.0080 0.0172 0.0081 0.0065 0.0154 0.0254 
      H115.1  1 0.0092 0.0262 0.0340 0.0235 0.0062 0.0335 0.0132 0.4671 0.0406 0.0143 0.0207 0.0099 0.0094 0.0087 0.0208 0.0439 0.1155 0.0529 0.0505 
      H115.2  1 0.0433 0.0262 0.0254 0.0087 0.0088 0.0276 0.0092 0.1401 0.0588 0.0226 0.0083 0.0301 0.0065 0.0070 0.0128 0.0128 0.4136 0.1292 0.0089 
      H115.3  1 0.0585 0.0186 0.0052 0.0043 0.0060 0.0207 0.0070 0.0811 0.0129 0.0141 0.0063 0.0113 0.0144 0.0121 0.0135 0.0171 0.5617 0.1250 0.0102 
      H115.4  1 0.1620 0.0120 0.1371 0.0064 0.0094 0.0458 0.0160 0.0175 0.0298 0.0088 0.0079 0.0084 0.0276 0.0125 0.0193 0.0803 0.0190 0.3710 0.0093 
      H115.5  1 0.0269 0.0498 0.0229 0.0210 0.0220 0.0288 0.0144 0.0363 0.0217 0.0078 0.0133 0.0488 0.0889 0.0264 0.0198 0.0458 0.4249 0.0522 0.0285 
      H115.6  1 0.1753 0.0114 0.0147 0.0059 0.0111 0.0175 0.0068 0.0485 0.0079 0.0333 0.0290 0.0169 0.0242 0.0113 0.0090 0.0102 0.4910 0.0590 0.0170 
      H115.7  1 0.0314 0.0069 0.0087 0.0051 0.0063 0.0164 0.0054 0.8128 0.0051 0.0080 0.0135 0.0055 0.0120 0.0086 0.0066 0.0088 0.0154 0.0190 0.0043 
      H115.8  1 0.0486 0.0297 0.0126 0.0068 0.0066 0.0202 0.0161 0.0321 0.0169 0.0116 0.0152 0.0865 0.0255 0.0085 0.0120 0.0153 0.5295 0.0574 0.0488 
      H115.9  1 0.0062 0.0063 0.0312 0.0103 0.0051 0.0159 0.0069 0.0239 0.0070 0.0091 0.0066 0.0056 0.0040 0.0097 0.0291 0.0132 0.7721 0.0089 0.0291 
      H145.1  1 0.0057 0.0057 0.0071 0.0066 0.8315 0.0064 0.0091 0.0083 0.0044 0.0148 0.0041 0.0344 0.0036 0.0092 0.0146 0.0068 0.0112 0.0077 0.0090 
      H145.2  1 0.0098 0.0107 0.0067 0.0074 0.7386 0.0071 0.0194 0.0229 0.0049 0.0139 0.0093 0.0338 0.0044 0.0091 0.0217 0.0161 0.0419 0.0135 0.0085 
      H145.3  1 0.0065 0.0044 0.0039 0.0050 0.7676 0.0051 0.0070 0.0134 0.0057 0.0098 0.0070 0.0650 0.0149 0.0102 0.0136 0.0067 0.0088 0.0153 0.0301 
      H145.4  1 0.0042 0.0042 0.0038 0.0051 0.9107 0.0057 0.0040 0.0058 0.0043 0.0068 0.0040 0.0083 0.0032 0.0049 0.0051 0.0058 0.0039 0.0048 0.0054 
      H145.5  1 0.0081 0.0035 0.0046 0.0062 0.6859 0.0047 0.0057 0.0063 0.0049 0.0162 0.0037 0.2012 0.0073 0.0064 0.0071 0.0081 0.0050 0.0062 0.0090 
      H145.6  1 0.0066 0.0056 0.0042 0.0048 0.8489 0.0078 0.0069 0.0228 0.0035 0.0054 0.0173 0.0121 0.0090 0.0042 0.0067 0.0061 0.0169 0.0064 0.0048 
      H145.7  1 0.0049 0.0034 0.0033 0.0042 0.9018 0.0066 0.0049 0.0063 0.0036 0.0048 0.0046 0.0042 0.0120 0.0045 0.0063 0.0068 0.0042 0.0066 0.0069 
      H149.1  1 0.0078 0.0054 0.0054 0.0059 0.0085 0.0062 0.0058 0.0068 0.0055 0.0116 0.0052 0.0066 0.0042 0.0044 0.0051 0.8916 0.0046 0.0036 0.0059 
      H149.2  1 0.0140 0.0054 0.0059 0.0072 0.0505 0.0135 0.0052 0.0102 0.0051 0.0121 0.0066 0.0041 0.0047 0.0120 0.0084 0.8206 0.0057 0.0042 0.0045 
      H149.3  1 0.0375 0.0089 0.0056 0.0184 0.0799 0.0177 0.0064 0.0275 0.0122 0.0189 0.0192 0.0074 0.0102 0.0111 0.0073 0.6899 0.0075 0.0069 0.0073 
      H149.4  1 0.0082 0.0137 0.0050 0.0093 0.0069 0.0069 0.0125 0.0154 0.0054 0.0180 0.0122 0.0056 0.0048 0.0088 0.0072 0.8358 0.0095 0.0055 0.0093 
      H149.5  1 0.0156 0.0123 0.0062 0.0069 0.0980 0.0561 0.0099 0.0207 0.0096 0.0080 0.0202 0.0045 0.0061 0.0121 0.0094 0.6899 0.0034 0.0053 0.0055 
      H149.6  1 0.0205 0.0053 0.0065 0.0083 0.0420 0.0131 0.0055 0.0118 0.0083 0.0064 0.0182 0.0047 0.0036 0.0082 0.0058 0.8198 0.0042 0.0038 0.0042 
      H149.7  1 0.0159 0.0204 0.0109 0.0545 0.0533 0.0360 0.0358 0.0335 0.0201 0.0429 0.0641 0.0087 0.0071 0.0140 0.0072 0.5530 0.0061 0.0077 0.0088 
      H150.1  1 0.0371 0.0164 0.0051 0.0072 0.0106 0.0064 0.0110 0.0278 0.0065 0.0060 0.0066 0.0166 0.0078 0.0069 0.0053 0.0036 0.6630 0.1414 0.0147 
      H150.2  1 0.0434 0.0218 0.0151 0.0073 0.0071 0.0188 0.0073 0.2565 0.0122 0.0098 0.0150 0.0576 0.0093 0.0127 0.0052 0.0119 0.3611 0.1211 0.0066 
      H150.3  1 0.0168 0.0135 0.0100 0.0109 0.0091 0.0065 0.0111 0.7210 0.0071 0.0122 0.0134 0.0131 0.0101 0.0098 0.0080 0.0050 0.0903 0.0205 0.0115 
      H150.4  1 0.0170 0.0080 0.0147 0.0098 0.0087 0.0074 0.0087 0.0179 0.0043 0.0071 0.0116 0.0141 0.0142 0.0067 0.0144 0.0031 0.8111 0.0105 0.0107 
      H150.5  1 0.0669 0.0445 0.0081 0.0062 0.0121 0.0373 0.0075 0.2665 0.0185 0.0155 0.0113 0.0080 0.0110 0.0262 0.0110 0.0086 0.2409 0.1910 0.0089 
      H150.6  1 0.2929 0.0526 0.0059 0.0036 0.0109 0.0293 0.0055 0.0771 0.0164 0.0099 0.0096 0.0093 0.0498 0.0076 0.0051 0.0078 0.0268 0.3755 0.0043 
      H150.7  1 0.0207 0.0097 0.0082 0.0050 0.0072 0.0042 0.0129 0.0513 0.0069 0.0093 0.0048 0.0155 0.0084 0.0058 0.0054 0.0043 0.7858 0.0229 0.0117 
   H169607.1  1 0.0152 0.0079 0.1257 0.0092 0.1916 0.0168 0.1658 0.0469 0.0744 0.0199 0.0349 0.0207 0.0203 0.1422 0.0175 0.0133 0.0212 0.0440 0.0125 
   H169607.2  1 0.0100 0.0089 0.0272 0.0078 0.1157 0.0117 0.1751 0.1568 0.0216 0.0459 0.0120 0.0044 0.0079 0.0610 0.2450 0.0111 0.0197 0.0275 0.0307 
   H169607.3  1 0.0128 0.0093 0.0189 0.0085 0.3233 0.0716 0.0764 0.0293 0.0520 0.0071 0.0614 0.0181 0.0273 0.1012 0.0764 0.0092 0.0159 0.0405 0.0408 
   H169607.4  1 0.0075 0.0105 0.0138 0.0057 0.2546 0.0082 0.0951 0.0254 0.0307 0.1773 0.0093 0.0051 0.0059 0.1735 0.1372 0.0048 0.0174 0.0124 0.0058 
   H169607.5  1 0.0154 0.0080 0.0160 0.0052 0.1264 0.0763 0.0551 0.1957 0.0127 0.0300 0.0135 0.0089 0.0094 0.1366 0.1305 0.0208 0.0456 0.0661 0.0278 
   H169607.6  1 0.0089 0.0074 0.0239 0.0059 0.1107 0.0106 0.1598 0.0419 0.0303 0.0218 0.0113 0.0049 0.0106 0.0633 0.4081 0.0091 0.0163 0.0320 0.0232 
   H169607.7  1 0.0129 0.0253 0.0314 0.0049 0.0390 0.0081 0.3210 0.0484 0.0352 0.0169 0.0148 0.0062 0.0141 0.0448 0.0760 0.0105 0.0209 0.1989 0.0705 
   H169607.8  1 0.0049 0.0047 0.0180 0.0079 0.0474 0.0081 0.0903 0.0193 0.0353 0.0926 0.0143 0.0044 0.0108 0.2113 0.3872 0.0063 0.0157 0.0088 0.0127 
   H169633.1  1 0.0221 0.0189 0.0147 0.0131 0.0572 0.0109 0.0095 0.0160 0.0586 0.0070 0.0099 0.0276 0.0197 0.0047 0.0080 0.6740 0.0155 0.0046 0.0081 
   H169633.2  1 0.0158 0.0127 0.0359 0.0088 0.0136 0.0061 0.0098 0.0064 0.0332 0.0055 0.0594 0.0132 0.0112 0.0049 0.0043 0.7316 0.0048 0.0062 0.0164 
   H169633.3  1 0.0390 0.0200 0.0106 0.0317 0.0151 0.0127 0.0090 0.0076 0.0162 0.0093 0.0076 0.0062 0.0062 0.0060 0.0044 0.7658 0.0075 0.0064 0.0187 
   H169633.4  1 0.0157 0.0185 0.0104 0.0122 0.0251 0.0250 0.0073 0.0227 0.0088 0.0143 0.0045 0.0240 0.0085 0.0084 0.0098 0.7589 0.0109 0.0064 0.0086 
   H169633.5  1 0.0229 0.0162 0.0085 0.0093 0.0183 0.0289 0.0066 0.0238 0.0075 0.0118 0.0050 0.0294 0.0106 0.0077 0.0090 0.7562 0.0131 0.0048 0.0103 
   H169688.1  1 0.0051 0.0044 0.0075 0.0164 0.0633 0.0063 0.0069 0.0165 0.6707 0.0090 0.0599 0.0042 0.0290 0.0069 0.0501 0.0203 0.0052 0.0102 0.0080 
   H169688.2  1 0.0055 0.0082 0.0044 0.0106 0.0111 0.0053 0.0110 0.0068 0.8266 0.0053 0.0397 0.0076 0.0120 0.0046 0.0077 0.0071 0.0079 0.0097 0.0088 
   H169688.3  1 0.0070 0.0070 0.0080 0.0105 0.0219 0.0062 0.0271 0.0171 0.7998 0.0084 0.0212 0.0046 0.0105 0.0045 0.0076 0.0091 0.0103 0.0139 0.0054 
   H169688.4  1 0.0052 0.0089 0.0062 0.0101 0.0148 0.0078 0.0103 0.0104 0.5169 0.0082 0.0202 0.0166 0.0111 0.0067 0.0118 0.0088 0.2457 0.0732 0.0070 
   H169688.5  1 0.0069 0.0094 0.0061 0.0105 0.0103 0.0094 0.0078 0.0096 0.5874 0.0066 0.0170 0.0178 0.0125 0.0065 0.0079 0.0073 0.2114 0.0489 0.0065 
   H169688.6  1 0.0040 0.0214 0.0044 0.0071 0.0211 0.0088 0.0119 0.0146 0.7228 0.0106 0.0215 0.0355 0.0112 0.0046 0.0115 0.0493 0.0179 0.0165 0.0054 
   H169688.7  1 0.0150 0.0071 0.0112 0.0113 0.0851 0.0083 0.0665 0.0121 0.5988 0.0174 0.0127 0.0118 0.0178 0.0069 0.0085 0.0082 0.0174 0.0737 0.0102 
   H171901.1  1 0.0501 0.0170 0.0135 0.0208 0.1019 0.0160 0.0373 0.1854 0.0227 0.0102 0.1973 0.0904 0.0177 0.0128 0.0162 0.0102 0.0429 0.1293 0.0084 
   H171901.2  1 0.0394 0.0228 0.0080 0.0099 0.0393 0.0076 0.0110 0.0266 0.0290 0.0517 0.0087 0.0140 0.0110 0.0130 0.0286 0.5604 0.0748 0.0255 0.0187 
   H171901.3  1 0.0156 0.0070 0.0068 0.0113 0.0179 0.0139 0.0254 0.0511 0.0935 0.0192 0.0324 0.0065 0.0144 0.0090 0.0096 0.5923 0.0325 0.0323 0.0092 
   H171901.4  1 0.0103 0.0337 0.0086 0.0075 0.0122 0.0076 0.0132 0.0277 0.0289 0.0283 0.0139 0.0079 0.0074 0.0213 0.0091 0.6368 0.0208 0.0930 0.0117 
   H171901.5  1 0.0167 0.0140 0.0108 0.0079 0.0302 0.0100 0.0130 0.0131 0.0540 0.2679 0.0238 0.0093 0.0046 0.0240 0.0088 0.3252 0.0196 0.1371 0.0099 
   H171901.6  1 0.0146 0.0298 0.0156 0.0184 0.1114 0.0116 0.0124 0.0227 0.0492 0.2918 0.0228 0.0063 0.0052 0.0329 0.0116 0.1975 0.0362 0.1005 0.0098 
   H171901.7  1 0.0160 0.0122 0.0060 0.0139 0.0720 0.0123 0.0213 0.0242 0.1282 0.0926 0.0188 0.0060 0.0066 0.0075 0.0075 0.4489 0.0198 0.0679 0.0183 
   H171902.1  1 0.0064 0.0058 0.0260 0.0133 0.0173 0.0051 0.0129 0.0187 0.0300 0.6299 0.0084 0.1053 0.0177 0.0138 0.0143 0.0096 0.0222 0.0299 0.0134 
  H171902.10  1 0.0079 0.0036 0.0069 0.0044 0.0054 0.0039 0.0075 0.0083 0.0105 0.8689 0.0051 0.0095 0.0107 0.0040 0.0100 0.0119 0.0078 0.0080 0.0059 
   H171902.2  1 0.0100 0.0270 0.0204 0.0184 0.0243 0.0067 0.0278 0.0240 0.2099 0.2261 0.0427 0.0744 0.0948 0.0326 0.0109 0.0428 0.0180 0.0268 0.0621 
   H171902.3  1 0.0138 0.0079 0.0158 0.0119 0.0151 0.0054 0.0638 0.0234 0.0345 0.6231 0.0162 0.0144 0.0135 0.0144 0.0146 0.0472 0.0280 0.0240 0.0131 
   H171902.4  1 0.0134 0.0073 0.0046 0.0084 0.0133 0.0043 0.0043 0.0241 0.0121 0.7490 0.0080 0.0537 0.0080 0.0061 0.0089 0.0321 0.0212 0.0058 0.0155 
   H171902.6  1 0.0100 0.0031 0.0058 0.0069 0.0073 0.0044 0.0090 0.0110 0.0094 0.8569 0.0041 0.0111 0.0093 0.0056 0.0143 0.0098 0.0111 0.0054 0.0054 
   H171902.7  1 0.0207 0.0059 0.0072 0.0051 0.0375 0.0061 0.0056 0.0148 0.0077 0.7413 0.0131 0.0442 0.0045 0.0163 0.0145 0.0148 0.0098 0.0250 0.0060 
   H171902.8  1 0.0110 0.0046 0.0069 0.0072 0.0092 0.0051 0.0121 0.0113 0.0123 0.8119 0.0090 0.0223 0.0133 0.0085 0.0105 0.0126 0.0134 0.0114 0.0074 
   H171902.9  1 0.0077 0.0089 0.0072 0.0179 0.0160 0.0046 0.0092 0.0914 0.0142 0.5628 0.0148 0.0674 0.0082 0.0175 0.0118 0.0073 0.1039 0.0162 0.0132 
   H171903.1  1 0.0094 0.0117 0.0257 0.0060 0.0293 0.0122 0.0180 0.0191 0.0097 0.0170 0.0112 0.0059 0.0056 0.0293 0.6619 0.0128 0.0182 0.0757 0.0212 
   H171903.2  1 0.0070 0.0333 0.0172 0.0082 0.0128 0.0269 0.0541 0.0075 0.0109 0.0134 0.0105 0.0121 0.0069 0.0292 0.5999 0.0098 0.0167 0.0864 0.0371 
   H171903.3  1 0.0380 0.0141 0.0616 0.0234 0.0217 0.0790 0.0446 0.0206 0.0252 0.0521 0.0220 0.0209 0.0096 0.0565 0.1796 0.0418 0.0288 0.2333 0.0274 
   H171903.4  1 0.0239 0.0100 0.0082 0.0176 0.2803 0.0115 0.0115 0.0843 0.0320 0.0300 0.2758 0.0078 0.0178 0.0241 0.0510 0.0089 0.0168 0.0807 0.0079 
   H171903.5  1 0.0134 0.0186 0.0557 0.0182 0.0193 0.2094 0.1781 0.0121 0.0479 0.0125 0.0216 0.0128 0.0098 0.0278 0.0797 0.0475 0.0206 0.1637 0.0312 
   H171903.6  1 0.0076 0.0094 0.0061 0.0113 0.0329 0.0673 0.0263 0.0185 0.1884 0.0187 0.0231 0.0047 0.0099 0.0583 0.1452 0.0428 0.0150 0.2944 0.0201 
      H177.1  1 0.0121 0.0052 0.0054 0.0157 0.0208 0.0098 0.0115 0.0100 0.0463 0.3651 0.2255 0.0096 0.0043 0.0140 0.0285 0.1548 0.0176 0.0358 0.0081 
      H177.2  1 0.0291 0.0079 0.0092 0.0134 0.0512 0.0477 0.0832 0.0076 0.0425 0.1096 0.0139 0.0166 0.0197 0.2642 0.0226 0.1314 0.0266 0.0410 0.0628 
      H177.3  1 0.0311 0.0062 0.0068 0.0309 0.0549 0.0194 0.0307 0.0133 0.0618 0.2498 0.0142 0.0262 0.0049 0.0632 0.0203 0.2582 0.0565 0.0385 0.0132 
      H177.4  1 0.0121 0.0170 0.0056 0.0136 0.0498 0.0107 0.0103 0.0073 0.0289 0.1226 0.1752 0.0091 0.0051 0.0294 0.0290 0.4480 0.0056 0.0118 0.0088 
      H177.5  1 0.0179 0.0338 0.0053 0.0171 0.0267 0.0400 0.0094 0.0083 0.0446 0.1049 0.5095 0.0077 0.0107 0.0270 0.0237 0.0160 0.0168 0.0641 0.0166 
      H177.6  1 0.0221 0.0053 0.0091 0.0284 0.0275 0.0254 0.0295 0.0119 0.0297 0.3733 0.0092 0.0214 0.0041 0.0261 0.0129 0.2639 0.0562 0.0324 0.0114 
      H179.1  1 0.0079 0.0235 0.0549 0.0603 0.0062 0.0252 0.1350 0.0654 0.3664 0.0301 0.0615 0.0084 0.0104 0.0276 0.0044 0.0734 0.0107 0.0153 0.0135 
      H179.2  1 0.0162 0.0103 0.1196 0.0402 0.0063 0.0302 0.3418 0.0165 0.1025 0.0136 0.0240 0.0048 0.0084 0.0303 0.0089 0.1520 0.0080 0.0512 0.0150 
      H179.3  1 0.0055 0.0084 0.0319 0.0164 0.0067 0.0278 0.3011 0.0224 0.3850 0.0125 0.0700 0.0066 0.0156 0.0098 0.0142 0.0110 0.0150 0.0246 0.0156 
      H179.4  1 0.0094 0.0092 0.0172 0.0267 0.0211 0.0139 0.2392 0.0061 0.0442 0.0119 0.0137 0.0055 0.0172 0.0278 0.0102 0.4925 0.0058 0.0129 0.0154 
      H180.1  1 0.0102 0.0077 0.0148 0.0036 0.0028 0.0068 0.0063 0.0053 0.0098 0.0102 0.0064 0.0107 0.0156 0.0044 0.0075 0.0098 0.0064 0.8568 0.0049 
      H180.2  1 0.0064 0.0114 0.0050 0.0096 0.0045 0.0065 0.0038 0.0358 0.0211 0.0095 0.0082 0.0132 0.0233 0.0067 0.0068 0.0135 0.0124 0.7956 0.0066 
      H180.3  1 0.0065 0.0077 0.0501 0.0285 0.0074 0.0154 0.0065 0.0051 0.0062 0.0049 0.0054 0.0287 0.0094 0.0102 0.0108 0.0064 0.1409 0.5785 0.0716 
      H180.4  1 0.0242 0.0888 0.0074 0.0124 0.0058 0.0139 0.0158 0.0171 0.0325 0.0153 0.0116 0.0252 0.0231 0.0068 0.0069 0.0306 0.0140 0.6288 0.0199 
      H180.5  1 0.0498 0.0151 0.0099 0.0070 0.0064 0.0083 0.0070 0.0114 0.0291 0.0173 0.0147 0.0338 0.0208 0.0189 0.0143 0.0185 0.0224 0.6717 0.0235 
      H180.6  1 0.0631 0.0220 0.0089 0.0091 0.0258 0.0079 0.0196 0.0137 0.0103 0.0136 0.0075 0.0406 0.0269 0.0126 0.0100 0.0108 0.0166 0.1525 0.5283 
      H181.1  1 0.0263 0.0099 0.0086 0.0065 0.0100 0.1404 0.0138 0.0085 0.0685 0.0219 0.0085 0.0127 0.1674 0.0105 0.0574 0.4005 0.0085 0.0136 0.0066 
      H181.2  1 0.0502 0.0131 0.0132 0.0117 0.0385 0.0180 0.0103 0.0112 0.1171 0.0824 0.0190 0.0141 0.1135 0.0122 0.0343 0.4026 0.0134 0.0186 0.0065 
      H181.3  1 0.0171 0.0087 0.0037 0.0085 0.0142 0.0072 0.0072 0.0122 0.1551 0.0595 0.0119 0.0085 0.2320 0.0142 0.0291 0.3763 0.0074 0.0157 0.0113 
      H181.4  1 0.0353 0.0109 0.0090 0.0220 0.0362 0.2363 0.0216 0.0187 0.0230 0.0466 0.0194 0.0048 0.0877 0.0718 0.0320 0.1795 0.0762 0.0554 0.0135 
      H181.5  1 0.0312 0.0136 0.0171 0.0586 0.0076 0.0141 0.0172 0.0257 0.1234 0.0111 0.0281 0.0078 0.1131 0.0171 0.0104 0.4760 0.0061 0.0107 0.0114 
      H181.6  1 0.0475 0.0364 0.0537 0.0229 0.0111 0.0287 0.0541 0.0346 0.1065 0.0410 0.0225 0.0072 0.0138 0.0217 0.0173 0.4118 0.0183 0.0398 0.0111 
      H181.7  1 0.0065 0.0117 0.0120 0.0097 0.0134 0.0188 0.0654 0.0219 0.1259 0.0110 0.0072 0.0066 0.0498 0.0075 0.0144 0.5554 0.0098 0.0205 0.0327 
 H194.1_2004  1 0.0155 0.0070 0.0079 0.0104 0.7876 0.0121 0.0062 0.0196 0.0090 0.0320 0.0083 0.0072 0.0053 0.0064 0.0213 0.0054 0.0111 0.0155 0.0121 
 H194.2_2004  1 0.0109 0.0045 0.0044 0.0078 0.7832 0.0118 0.0042 0.0130 0.0044 0.0173 0.0790 0.0088 0.0045 0.0058 0.0164 0.0035 0.0042 0.0109 0.0054 
 H194.3_2004  1 0.0073 0.0066 0.0066 0.0701 0.7473 0.0054 0.0056 0.0091 0.0084 0.0398 0.0089 0.0086 0.0038 0.0069 0.0068 0.0406 0.0044 0.0065 0.0071 
 H194.4_2004  1 0.0099 0.0038 0.0051 0.0093 0.8101 0.0042 0.0066 0.0069 0.0094 0.0170 0.0503 0.0100 0.0044 0.0049 0.0218 0.0095 0.0052 0.0061 0.0052 
 H194.5_2004  1 0.0068 0.0099 0.0087 0.0211 0.7827 0.0074 0.0081 0.0194 0.0082 0.0227 0.0158 0.0052 0.0061 0.0107 0.0074 0.0307 0.0061 0.0111 0.0119 
 H194.6_2004  1 0.0149 0.0087 0.0113 0.3058 0.1949 0.0103 0.0083 0.0089 0.0134 0.0411 0.1455 0.0080 0.0060 0.0140 0.0218 0.1492 0.0102 0.0153 0.0125 
 H194.7_2004  1 0.0082 0.0092 0.0050 0.0097 0.7681 0.0116 0.0081 0.0071 0.0081 0.0063 0.0122 0.0061 0.0058 0.0084 0.0581 0.0070 0.0065 0.0082 0.0463 
 H194.8_2004  1 0.0152 0.0074 0.0064 0.0289 0.6542 0.0087 0.0099 0.0155 0.0051 0.0125 0.1192 0.0069 0.0085 0.0141 0.0140 0.0387 0.0112 0.0119 0.0118 
      H194.9  1 0.0078 0.0075 0.0066 0.0119 0.8175 0.0072 0.0068 0.0095 0.0078 0.0073 0.0089 0.0095 0.0067 0.0085 0.0211 0.0072 0.0097 0.0065 0.0319 
 H195.1_2003  1 0.0095 0.0192 0.0055 0.0066 0.8601 0.0047 0.0124 0.0059 0.0073 0.0067 0.0095 0.0036 0.0073 0.0063 0.0066 0.0087 0.0053 0.0106 0.0043 
 H195.1_2004  1 0.0350 0.0070 0.0033 0.0053 0.8284 0.0065 0.0042 0.0069 0.0152 0.0078 0.0043 0.0111 0.0253 0.0055 0.0060 0.0102 0.0074 0.0064 0.0039 
 H195.2_2003  1 0.0039 0.0131 0.0071 0.0060 0.8475 0.0033 0.0068 0.0044 0.0111 0.0098 0.0063 0.0056 0.0057 0.0146 0.0165 0.0058 0.0131 0.0104 0.0091 
 H195.2_2004  1 0.0053 0.0058 0.0031 0.0037 0.9134 0.0036 0.0047 0.0036 0.0044 0.0040 0.0039 0.0064 0.0081 0.0052 0.0051 0.0061 0.0038 0.0046 0.0051 
 H195.3_2003  1 0.0048 0.0290 0.0057 0.0092 0.7669 0.0053 0.0086 0.0111 0.0183 0.0079 0.0142 0.0056 0.0080 0.0255 0.0206 0.0040 0.0321 0.0154 0.0080 
 H195.3_2004  1 0.0082 0.0053 0.0035 0.0049 0.9004 0.0046 0.0033 0.0037 0.0055 0.0093 0.0044 0.0064 0.0074 0.0047 0.0084 0.0094 0.0037 0.0036 0.0034 
 H195.4_2003  1 0.0131 0.0110 0.0068 0.0061 0.8887 0.0046 0.0048 0.0032 0.0045 0.0065 0.0055 0.0028 0.0036 0.0048 0.0094 0.0071 0.0054 0.0078 0.0042 
 H195.4_2004  1 0.0040 0.0041 0.0034 0.0042 0.8963 0.0045 0.0040 0.0046 0.0079 0.0047 0.0068 0.0044 0.0218 0.0046 0.0072 0.0045 0.0043 0.0033 0.0056 
 H195.5_2003  1 0.0266 0.1017 0.0058 0.0073 0.7247 0.0057 0.0124 0.0101 0.0086 0.0085 0.0132 0.0046 0.0134 0.0085 0.0082 0.0128 0.0058 0.0179 0.0044 
 H195.5_2004  1 0.0087 0.0097 0.0032 0.0064 0.8671 0.0057 0.0049 0.0076 0.0095 0.0067 0.0043 0.0086 0.0183 0.0045 0.0095 0.0110 0.0047 0.0038 0.0057 
 H195.6_2003  1 0.0054 0.0298 0.0051 0.0038 0.8495 0.0041 0.0038 0.0040 0.0098 0.0071 0.0047 0.0046 0.0107 0.0091 0.0198 0.0037 0.0132 0.0068 0.0051 
 H195.6_2004  1 0.0051 0.0067 0.0041 0.0083 0.9045 0.0037 0.0064 0.0034 0.0041 0.0055 0.0050 0.0075 0.0059 0.0041 0.0079 0.0068 0.0026 0.0037 0.0049 
 H195.7_2003  1 0.0070 0.0086 0.0056 0.0074 0.8802 0.0055 0.0083 0.0046 0.0080 0.0055 0.0140 0.0032 0.0066 0.0071 0.0049 0.0077 0.0035 0.0061 0.0065 
 H195.7_2004  1 0.0107 0.0074 0.0033 0.0042 0.8514 0.0062 0.0051 0.0064 0.0126 0.0054 0.0034 0.0260 0.0224 0.0042 0.0063 0.0065 0.0076 0.0068 0.0042 
      H195.8  1 0.0145 0.0078 0.0031 0.0051 0.8416 0.0047 0.0038 0.0085 0.0106 0.0051 0.0054 0.0060 0.0509 0.0043 0.0069 0.0053 0.0057 0.0045 0.0061 
      H195.9  1 0.0081 0.0047 0.0036 0.0060 0.8894 0.0048 0.0048 0.0040 0.0060 0.0063 0.0049 0.0039 0.0074 0.0060 0.0160 0.0078 0.0043 0.0060 0.0059 
      H415.1  1 0.0172 0.0119 0.5569 0.0123 0.0368 0.0129 0.0072 0.0205 0.0092 0.0424 0.0126 0.0806 0.0059 0.0053 0.0074 0.0201 0.1072 0.0163 0.0174 
      H415.2  1 0.0048 0.0082 0.0437 0.0273 0.0119 0.0102 0.0073 0.0167 0.0208 0.7740 0.0098 0.0123 0.0033 0.0075 0.0051 0.0082 0.0132 0.0099 0.0059 
      H415.3  1 0.0234 0.0080 0.6940 0.0061 0.0096 0.0143 0.0135 0.0072 0.0133 0.0646 0.0107 0.0091 0.0038 0.0187 0.0035 0.0651 0.0069 0.0228 0.0053 
      H415.4  1 0.0339 0.0082 0.7299 0.0125 0.0156 0.0121 0.0052 0.0091 0.0044 0.0208 0.0086 0.0159 0.0104 0.0064 0.0044 0.0111 0.0616 0.0122 0.0176 
      H415.5  1 0.0253 0.0064 0.6512 0.0157 0.0170 0.0140 0.0125 0.0071 0.0081 0.0942 0.0126 0.0089 0.0047 0.0111 0.0038 0.0596 0.0069 0.0365 0.0044 
      H415.6  1 0.0381 0.0081 0.7174 0.0136 0.0193 0.0098 0.0066 0.0113 0.0038 0.0201 0.0078 0.0150 0.0094 0.0065 0.0058 0.0118 0.0650 0.0115 0.0192 
      H415.7  1 0.0106 0.0071 0.3510 0.0180 0.0555 0.0083 0.0161 0.0071 0.0831 0.2391 0.0125 0.0134 0.0042 0.0777 0.0048 0.0478 0.0166 0.0191 0.0079 
      H506.1  1 0.0046 0.0211 0.0199 0.0137 0.0045 0.0087 0.0136 0.0089 0.1225 0.0053 0.0082 0.0081 0.0115 0.0182 0.0035 0.7116 0.0041 0.0045 0.0075 
      H506.2  1 0.0061 0.0075 0.0086 0.0173 0.0070 0.0066 0.0214 0.0061 0.1137 0.0098 0.0070 0.0071 0.0048 0.0310 0.0055 0.7228 0.0046 0.0058 0.0074 
      H506.3  1 0.0062 0.0181 0.0211 0.0527 0.0052 0.0149 0.0161 0.0066 0.3563 0.0169 0.0197 0.0657 0.0294 0.0281 0.0052 0.3077 0.0073 0.0105 0.0121 
      H506.4  1 0.0054 0.0193 0.0217 0.0277 0.0047 0.0210 0.0206 0.0076 0.1524 0.0100 0.0178 0.0236 0.0154 0.0272 0.0074 0.5912 0.0057 0.0095 0.0119 
      H506.5  1 0.0038 0.0127 0.0179 0.0061 0.0060 0.0062 0.0135 0.0067 0.1545 0.0067 0.0083 0.0095 0.0073 0.0271 0.0060 0.6913 0.0044 0.0069 0.0053 
      H506.6  1 0.0054 0.0097 0.0115 0.0219 0.0086 0.0242 0.0535 0.0045 0.5685 0.0133 0.0195 0.0442 0.0110 0.0544 0.0126 0.0958 0.0239 0.0100 0.0072 
      H506.7  1 0.0043 0.0149 0.0152 0.0101 0.0075 0.0054 0.0089 0.0054 0.1522 0.0055 0.0080 0.0080 0.0070 0.0186 0.0057 0.7046 0.0042 0.0055 0.0090 
      H533.1  1 0.0037 0.0074 0.0079 0.0080 0.0038 0.0079 0.2453 0.0065 0.0095 0.0053 0.0035 0.0114 0.0067 0.0055 0.0038 0.6481 0.0028 0.0064 0.0064 
      H533.2  1 0.0048 0.0057 0.0115 0.0050 0.0039 0.0067 0.1038 0.0059 0.0090 0.0062 0.0045 0.0189 0.0098 0.0057 0.0033 0.7777 0.0033 0.0078 0.0065 
      H533.3  1 0.0033 0.0081 0.0111 0.0072 0.0031 0.0294 0.1613 0.0163 0.0194 0.0088 0.0051 0.0068 0.0083 0.0081 0.0057 0.6752 0.0063 0.0080 0.0084 
      H533.4  1 0.0058 0.0069 0.0086 0.0045 0.0083 0.0120 0.1270 0.0150 0.0208 0.0093 0.0058 0.0108 0.0149 0.0088 0.0058 0.6972 0.0070 0.0263 0.0051 
      H535.1  1 0.0122 0.0064 0.0123 0.0438 0.0097 0.0092 0.0132 0.0110 0.0074 0.0241 0.0159 0.0055 0.0043 0.0344 0.0219 0.7361 0.0126 0.0132 0.0070 
      H535.2  1 0.0088 0.0145 0.0039 0.0063 0.0147 0.0087 0.0086 0.0113 0.0078 0.0051 0.0164 0.0033 0.0246 0.0131 0.0111 0.8179 0.0042 0.0048 0.0148 
      H535.3  1 0.0106 0.0385 0.0046 0.0103 0.0235 0.0110 0.0074 0.0226 0.0066 0.0042 0.0153 0.0064 0.0450 0.0140 0.0148 0.7353 0.0079 0.0062 0.0159 
      H535.4  1 0.0110 0.0088 0.0073 0.0061 0.0090 0.0047 0.0047 0.0049 0.0046 0.0042 0.0049 0.0028 0.0070 0.0065 0.0053 0.8948 0.0037 0.0051 0.0048 
      H535.5  1 0.0035 0.0055 0.0061 0.0099 0.0063 0.0062 0.0080 0.0037 0.0046 0.0070 0.0095 0.0036 0.0048 0.0056 0.0054 0.8970 0.0038 0.0058 0.0036 
      H535.6  1 0.0273 0.0060 0.0073 0.0968 0.0384 0.0103 0.0251 0.0411 0.0076 0.0196 0.1093 0.0058 0.0108 0.0276 0.0362 0.4951 0.0177 0.0097 0.0083 
      H535.7  1 0.0027 0.0114 0.0050 0.0089 0.0042 0.0056 0.0075 0.0036 0.0046 0.0053 0.0073 0.0053 0.0034 0.0054 0.0056 0.9002 0.0051 0.0043 0.0047 
      H535.8  1 0.0049 0.0158 0.0065 0.0123 0.0187 0.0068 0.0102 0.0072 0.0051 0.0090 0.0591 0.0064 0.0142 0.0089 0.0049 0.7895 0.0073 0.0057 0.0075 
      H535.9  1 0.0148 0.0234 0.0052 0.0117 0.0130 0.0065 0.0092 0.0105 0.0079 0.0093 0.0056 0.0100 0.0075 0.0158 0.0201 0.7945 0.0204 0.0086 0.0059 
      H539.1  1 0.0040 0.0037 0.0045 0.0049 0.0040 0.0039 0.0030 0.0054 0.0040 0.0039 0.0034 0.0058 0.0030 0.0042 0.0085 0.0027 0.9205 0.0053 0.0055 
      H539.2  1 0.0163 0.0123 0.0225 0.0097 0.0082 0.0358 0.0340 0.0376 0.1143 0.0619 0.0194 0.0197 0.0312 0.0132 0.0282 0.0120 0.1700 0.3285 0.0253 
      H539.3  1 0.0061 0.0100 0.0043 0.0102 0.0334 0.0070 0.0142 0.0187 0.0118 0.0168 0.0308 0.0181 0.0134 0.0081 0.0427 0.0066 0.7053 0.0161 0.0265 
      H539.4  1 0.0059 0.0105 0.0065 0.0047 0.0036 0.0110 0.0094 0.0056 0.0178 0.0092 0.0063 0.0154 0.0053 0.0066 0.0052 0.0063 0.8430 0.0193 0.0084 
      H539.5  1 0.0046 0.0031 0.0051 0.0048 0.0039 0.0043 0.0040 0.0081 0.0033 0.0054 0.0039 0.0060 0.0035 0.0057 0.0093 0.0046 0.9041 0.0056 0.0108 
      H539.6  1 0.0059 0.0044 0.0065 0.0048 0.0078 0.0043 0.0051 0.0110 0.0033 0.0057 0.0040 0.0069 0.0065 0.0076 0.0079 0.0045 0.8770 0.0126 0.0142 
      H539.7  1 0.0057 0.0051 0.0041 0.0053 0.0051 0.0055 0.0046 0.0171 0.0077 0.0089 0.0069 0.0039 0.0036 0.0043 0.0039 0.0039 0.8876 0.0123 0.0044 
      H539.8  1 0.0094 0.0366 0.0078 0.0409 0.0132 0.0174 0.0084 0.0530 0.0208 0.0101 0.0445 0.0351 0.0131 0.0104 0.0108 0.0159 0.6233 0.0192 0.0100 
      H539.9  1 0.0031 0.0052 0.0050 0.0045 0.0039 0.0061 0.0063 0.0039 0.0065 0.0057 0.0049 0.0089 0.0046 0.0054 0.0065 0.0031 0.9022 0.0053 0.0089 
      H540.1  1 0.0071 0.0057 0.0057 0.0064 0.0139 0.0233 0.0161 0.0191 0.0098 0.0154 0.0063 0.0097 0.0074 0.0258 0.0126 0.0116 0.7812 0.0117 0.0111 
      H540.2  1 0.0051 0.0036 0.0075 0.0081 0.0059 0.0149 0.0098 0.0147 0.0050 0.0119 0.0075 0.0038 0.0032 0.0088 0.0085 0.0055 0.8593 0.0106 0.0064 
      H540.3  1 0.0271 0.0073 0.0138 0.0824 0.0159 0.0353 0.0090 0.0320 0.0368 0.0242 0.0190 0.1840 0.0132 0.0157 0.0064 0.0088 0.4558 0.0079 0.0053 
      H540.4  1 0.0184 0.0051 0.0090 0.0103 0.0084 0.0234 0.0154 0.0635 0.0222 0.0180 0.0109 0.0042 0.0059 0.0237 0.0094 0.0141 0.7155 0.0175 0.0051 
      H540.5  1 0.0115 0.0037 0.0071 0.0130 0.0061 0.0099 0.0112 0.0065 0.0128 0.0159 0.0107 0.0157 0.0100 0.0100 0.0087 0.0073 0.8261 0.0062 0.0073 
      H540.6  1 0.0187 0.0051 0.0094 0.0134 0.0083 0.0205 0.0282 0.0197 0.0143 0.0186 0.0146 0.0109 0.0331 0.0288 0.0337 0.0151 0.6769 0.0080 0.0228 
      H540.7  1 0.0088 0.0058 0.0121 0.0066 0.0067 0.0154 0.0105 0.0149 0.0073 0.0176 0.0056 0.0040 0.0057 0.0104 0.0053 0.0128 0.8310 0.0130 0.0064 
      H540.8  1 0.0115 0.0085 0.0090 0.0124 0.0171 0.0444 0.0097 0.0818 0.0095 0.0573 0.0109 0.0068 0.0035 0.0158 0.0138 0.0148 0.5747 0.0915 0.0069 
     H9558.1  1 0.0045 0.0051 0.0054 0.0085 0.0054 0.0036 0.0099 0.0112 0.0067 0.0112 0.0071 0.0062 0.0043 0.0050 0.0083 0.0050 0.8798 0.0080 0.0050 
     H9558.2  1 0.0041 0.0071 0.0075 0.0087 0.0073 0.0054 0.0166 0.0109 0.0092 0.0088 0.0144 0.0065 0.0059 0.0076 0.0091 0.0067 0.8475 0.0063 0.0104 
     H9558.3  1 0.0058 0.0200 0.0186 0.0159 0.0063 0.0100 0.0075 0.0190 0.0042 0.0072 0.0069 0.0113 0.0075 0.0088 0.0124 0.0067 0.8095 0.0081 0.0144 
     H9558.4  1 0.0044 0.0057 0.0062 0.0053 0.0041 0.0051 0.0124 0.0062 0.0088 0.0157 0.0083 0.0065 0.0041 0.0076 0.0064 0.0053 0.8674 0.0157 0.0048 
     H9558.5  1 0.0050 0.0132 0.0110 0.0118 0.0029 0.0228 0.0047 0.0083 0.0205 0.0131 0.0112 0.0139 0.0052 0.0074 0.0034 0.0095 0.8206 0.0103 0.0049 
     H9558.6  1 0.0073 0.0107 0.0098 0.0166 0.0071 0.0509 0.0075 0.0170 0.0052 0.0105 0.0102 0.0121 0.0041 0.0097 0.0071 0.0065 0.7459 0.0081 0.0538 
    kos339.1  1 0.0050 0.0066 0.0147 0.0050 0.0055 0.0126 0.0065 0.0105 0.0072 0.0366 0.0092 0.0061 0.0048 0.0232 0.0078 0.7976 0.0097 0.0087 0.0229 
    kos339.2  1 0.0101 0.0073 0.0123 0.0075 0.0108 0.0098 0.0092 0.0060 0.0060 0.0057 0.0055 0.0106 0.0046 0.0078 0.0051 0.8531 0.0072 0.0046 0.0166 
    kos339.3  1 0.0040 0.0043 0.0060 0.0044 0.0078 0.0057 0.0045 0.0054 0.0044 0.0055 0.0035 0.0034 0.0038 0.0048 0.0044 0.9114 0.0048 0.0057 0.0063 
    kos339.4  1 0.0059 0.0050 0.0132 0.0044 0.0088 0.0075 0.0070 0.0058 0.0053 0.0049 0.0046 0.0050 0.0058 0.0057 0.0036 0.8904 0.0050 0.0057 0.0064 
    kos339.5  1 0.0062 0.0065 0.0088 0.0069 0.0078 0.0086 0.0055 0.0132 0.0061 0.0145 0.0065 0.0031 0.0062 0.0098 0.0060 0.8542 0.0072 0.0071 0.0158 
    kos339.6  1 0.0090 0.0055 0.0101 0.0066 0.0156 0.0082 0.0043 0.0060 0.0043 0.0093 0.0037 0.0079 0.0049 0.0065 0.0055 0.8761 0.0059 0.0038 0.0068 
    kos339.7  1 0.0040 0.0033 0.0062 0.0037 0.0089 0.0060 0.0045 0.0051 0.0040 0.0050 0.0035 0.0034 0.0032 0.0051 0.0036 0.9167 0.0039 0.0056 0.0044 
    kos339.8  1 0.0044 0.0056 0.0175 0.0061 0.0054 0.0093 0.0050 0.0043 0.0073 0.0060 0.0059 0.0071 0.0053 0.0070 0.0030 0.8876 0.0040 0.0043 0.0048 
    kos339.9  1 0.0104 0.0093 0.0081 0.0056 0.0158 0.0061 0.0093 0.0147 0.0044 0.0430 0.0063 0.0075 0.0055 0.0141 0.0092 0.7667 0.0337 0.0127 0.0178 
      H008.1  2 0.0091 0.0192 0.0067 0.0104 0.0071 0.0103 0.0106 0.0420 0.0152 0.0142 0.0062 0.0050 0.0117 0.0061 0.0056 0.0086 0.0228 0.0156 0.7738 
      H008.2  2 0.0070 0.2944 0.0119 0.0131 0.0109 0.0239 0.1586 0.0682 0.0212 0.0803 0.0213 0.0444 0.0376 0.0130 0.0370 0.0158 0.0440 0.0168 0.0808 
      H008.3  2 0.0137 0.1075 0.0100 0.0551 0.0119 0.0311 0.0877 0.2432 0.0207 0.0225 0.0454 0.0314 0.0863 0.0149 0.0471 0.0265 0.0119 0.0786 0.0546 
      H008.4  2 0.0119 0.0222 0.0439 0.0178 0.0102 0.0096 0.0291 0.0575 0.0099 0.0447 0.0303 0.0499 0.0120 0.0105 0.0184 0.0096 0.0253 0.0058 0.5813 
      H008.5  2 0.0063 0.0343 0.0079 0.0242 0.0075 0.0133 0.0184 0.0378 0.0108 0.0111 0.0441 0.0167 0.0116 0.0087 0.0172 0.0127 0.0093 0.0174 0.6905 
      H008.6  2 0.0054 0.2286 0.0222 0.0249 0.0144 0.0195 0.0449 0.0680 0.0116 0.1616 0.0359 0.0722 0.0070 0.0218 0.0337 0.0124 0.0325 0.0144 0.1690 
      H008.7  2 0.0158 0.0988 0.0152 0.0218 0.0112 0.0088 0.0343 0.0792 0.0211 0.0958 0.0486 0.0890 0.0705 0.0131 0.0139 0.0154 0.0231 0.0140 0.3103 
      H008.8  2 0.0096 0.0218 0.0081 0.0133 0.0171 0.0060 0.2743 0.0590 0.0139 0.0162 0.0096 0.0101 0.0268 0.0138 0.0190 0.0089 0.3279 0.0222 0.1222 
      H008.9  2 0.0112 0.2218 0.0091 0.0360 0.0279 0.0146 0.1062 0.1579 0.0135 0.1157 0.0198 0.1388 0.0143 0.0193 0.0297 0.0108 0.0183 0.0160 0.0190 
 H029.1_2002  2 0.0065 0.0062 0.0373 0.0120 0.0080 0.0090 0.0212 0.0164 0.0095 0.0145 0.0818 0.0238 0.0099 0.0192 0.0053 0.0039 0.0461 0.0085 0.6610 
 H029.1_2003  2 0.0054 0.0078 0.0089 0.0722 0.0072 0.0141 0.0207 0.0148 0.0383 0.0112 0.7238 0.0108 0.0064 0.0134 0.0079 0.0072 0.0109 0.0108 0.0081 
 H029.2_2002  2 0.0044 0.0157 0.0080 0.0604 0.0437 0.0080 0.0068 0.0052 0.0215 0.0331 0.0731 0.0363 0.0250 0.0188 0.0157 0.0787 0.0087 0.0104 0.5264 
 H029.2_2003  2 0.0052 0.0207 0.0051 0.0274 0.0145 0.0115 0.0091 0.0049 0.0765 0.0809 0.5483 0.0203 0.0070 0.0166 0.0166 0.0417 0.0078 0.0147 0.0712 
 H029.3_2002  2 0.0047 0.0088 0.0079 0.0471 0.0403 0.0284 0.0375 0.0045 0.0870 0.0150 0.0876 0.1793 0.0333 0.0195 0.0180 0.1571 0.0102 0.0145 0.1992 
 H029.3_2003  2 0.0055 0.0374 0.0064 0.0249 0.0088 0.0142 0.0153 0.0063 0.0355 0.0112 0.3455 0.0075 0.0063 0.0079 0.0054 0.0164 0.0047 0.0065 0.4343 
 H029.4_2002  2 0.0048 0.0066 0.0075 0.0089 0.0167 0.0075 0.0071 0.0052 0.0340 0.0042 0.0431 0.0185 0.0153 0.0046 0.0038 0.0054 0.0057 0.0085 0.7927 
 H029.4_2003  2 0.0038 0.0118 0.0076 0.0125 0.0097 0.0092 0.0250 0.0228 0.1638 0.0060 0.5287 0.0160 0.0073 0.0106 0.0080 0.0094 0.0293 0.0292 0.0893 
 H029.5_2002  2 0.0093 0.0108 0.0117 0.0215 0.0091 0.0064 0.0073 0.0098 0.0074 0.0070 0.0647 0.0057 0.0130 0.0101 0.0039 0.0042 0.0074 0.0059 0.7848 
 H029.5_2003  2 0.0043 0.0225 0.0065 0.0113 0.0097 0.0067 0.0147 0.0105 0.0554 0.0158 0.5475 0.0103 0.0049 0.0055 0.0051 0.0068 0.0087 0.0166 0.2370 
 H029.6_2002  2 0.0073 0.0042 0.0090 0.0155 0.0173 0.0080 0.0259 0.0045 0.0348 0.0065 0.3262 0.0571 0.0283 0.0058 0.0061 0.0073 0.0049 0.0085 0.4228 
 H029.6_2003  2 0.0098 0.0364 0.0055 0.0878 0.0264 0.0193 0.0189 0.0236 0.0985 0.0404 0.0776 0.0090 0.0072 0.0264 0.0072 0.0544 0.0171 0.0177 0.4168 
      H029.7  2 0.0039 0.0068 0.0054 0.0154 0.0642 0.0047 0.0048 0.0045 0.0256 0.0171 0.0303 0.0355 0.0177 0.0128 0.0125 0.0250 0.0082 0.0100 0.6958 
      H030.1  2 0.0373 0.0720 0.0070 0.0075 0.0141 0.4238 0.0133 0.0074 0.0129 0.0431 0.1643 0.0045 0.0169 0.0823 0.0088 0.0098 0.0071 0.0366 0.0312 
      H030.2  2 0.0226 0.0267 0.2091 0.0038 0.0081 0.2860 0.0069 0.0962 0.0060 0.0066 0.0298 0.0527 0.1228 0.0093 0.0037 0.0072 0.0095 0.0239 0.0691 
      H038.1  2 0.0034 0.0043 0.0068 0.0072 0.0068 0.0055 0.0091 0.0063 0.0052 0.0056 0.0076 0.0278 0.0057 0.0065 0.0103 0.0056 0.0097 0.0063 0.8601 
      H038.2  2 0.0153 0.0088 0.0110 0.0052 0.0049 0.0079 0.0055 0.0043 0.0048 0.0069 0.0057 0.0049 0.0055 0.0089 0.0030 0.0153 0.0041 0.0081 0.8698 
      H038.3  2 0.0137 0.0125 0.0295 0.0062 0.0095 0.0169 0.0068 0.0057 0.0070 0.0098 0.0051 0.0362 0.0087 0.0383 0.0045 0.0164 0.0172 0.0143 0.7416 
      H038.4  2 0.0186 0.0089 0.0125 0.0126 0.0105 0.0068 0.0073 0.0052 0.0051 0.0076 0.0044 0.0281 0.0075 0.0234 0.0039 0.0107 0.0100 0.0077 0.8092 
      H038.5  2 0.0072 0.0066 0.0055 0.0081 0.0120 0.0167 0.0116 0.0069 0.0210 0.0078 0.0121 0.0271 0.0101 0.0071 0.0040 0.0122 0.0114 0.0122 0.8004 
      H038.6  2 0.0035 0.0051 0.0052 0.0073 0.0036 0.0091 0.0101 0.0051 0.0085 0.0067 0.0124 0.0111 0.0048 0.0074 0.0046 0.0055 0.0091 0.0148 0.8661 
      H038.7  2 0.0048 0.0087 0.0220 0.0065 0.0047 0.0088 0.0073 0.0036 0.0119 0.0068 0.0052 0.0108 0.0025 0.0412 0.0038 0.0088 0.0154 0.0118 0.8154 
      H038.8  2 0.0248 0.0054 0.0162 0.0060 0.0081 0.0076 0.0076 0.0043 0.0067 0.0066 0.0053 0.0881 0.0080 0.0210 0.0044 0.0140 0.0124 0.0124 0.7412 
      H041.1  2 0.0253 0.1191 0.0104 0.0065 0.0245 0.0069 0.0068 0.0808 0.0413 0.0096 0.2889 0.0361 0.0663 0.0385 0.0233 0.0183 0.0082 0.0096 0.1794 
      H041.2  2 0.0083 0.0519 0.0574 0.0340 0.0402 0.0087 0.0074 0.0124 0.0064 0.0145 0.6541 0.0173 0.0053 0.0110 0.0081 0.0070 0.0068 0.0047 0.0446 
      H041.4  2 0.0134 0.0361 0.0154 0.0327 0.0397 0.0084 0.0114 0.1317 0.0146 0.0119 0.3645 0.0292 0.0096 0.0130 0.0205 0.0069 0.0166 0.0107 0.2136 
      H041.6  2 0.0137 0.0247 0.0234 0.0229 0.0200 0.0136 0.0167 0.1271 0.0071 0.0094 0.3622 0.0159 0.0167 0.0198 0.0240 0.0125 0.0633 0.0086 0.1984 
 H042.1_2002  2 0.0432 0.0040 0.0233 0.0075 0.0221 0.0082 0.0149 0.0888 0.0063 0.0324 0.6301 0.0119 0.0090 0.0117 0.0086 0.0101 0.0487 0.0114 0.0078 
 H042.1_2003  2 0.0183 0.2584 0.0416 0.0315 0.0241 0.0429 0.0225 0.1118 0.0085 0.0674 0.0547 0.0738 0.0165 0.0592 0.0141 0.0080 0.0603 0.0165 0.0698 
 H042.2_2002  2 0.0064 0.0083 0.1554 0.0308 0.0157 0.0059 0.0111 0.0210 0.0637 0.0197 0.4812 0.0397 0.0095 0.0053 0.0090 0.0079 0.0102 0.0126 0.0867 
 H042.2_2003  2 0.0156 0.0192 0.0277 0.0380 0.0408 0.0111 0.0110 0.2137 0.0049 0.0188 0.3975 0.0058 0.0040 0.0175 0.0109 0.0079 0.0318 0.0124 0.1114 
 H042.3_2002  2 0.0232 0.0119 0.1472 0.0198 0.0398 0.0162 0.0170 0.1194 0.0172 0.0218 0.4380 0.0246 0.0066 0.0079 0.0141 0.0093 0.0346 0.0226 0.0087 
 H042.3_2003  2 0.0133 0.0207 0.0541 0.0076 0.0306 0.0131 0.0096 0.4954 0.0636 0.0111 0.1231 0.0273 0.0157 0.0098 0.0091 0.0079 0.0301 0.0403 0.0175 
 H042.4_2002  2 0.0254 0.0092 0.0071 0.0210 0.0134 0.0111 0.0058 0.2182 0.0122 0.0157 0.5716 0.0167 0.0089 0.0081 0.0054 0.0082 0.0150 0.0072 0.0198 
 H042.4_2003  2 0.0183 0.0111 0.0089 0.0115 0.0322 0.0069 0.0066 0.0642 0.0190 0.0231 0.5797 0.0081 0.0160 0.0366 0.0222 0.0069 0.0403 0.0186 0.0699 
      H042.5  2 0.0096 0.0068 0.0057 0.0060 0.0181 0.0043 0.0047 0.0108 0.0083 0.0058 0.8598 0.0031 0.0043 0.0082 0.0124 0.0051 0.0096 0.0119 0.0057 
      H042.6  2 0.0119 0.0053 0.0115 0.0052 0.0105 0.0057 0.0119 0.0105 0.0200 0.0101 0.7408 0.0153 0.0087 0.0167 0.0377 0.0060 0.0281 0.0240 0.0202 
      H042.7  2 0.0816 0.0138 0.1485 0.0352 0.0828 0.0052 0.0136 0.0254 0.0093 0.0134 0.4442 0.0049 0.0062 0.0459 0.0079 0.0072 0.0167 0.0160 0.0223 
      H042.8  2 0.0081 0.0233 0.0493 0.0208 0.0123 0.0040 0.0085 0.0975 0.0076 0.0141 0.6770 0.0186 0.0034 0.0059 0.0148 0.0039 0.0127 0.0094 0.0088 
   H042_2002  2 0.0085 0.0255 0.1626 0.0313 0.0223 0.0106 0.0178 0.2417 0.0300 0.0216 0.0368 0.0384 0.0061 0.0355 0.0552 0.0052 0.1255 0.0591 0.0663 
   H042_2003  2 0.0102 0.0232 0.1895 0.0339 0.0253 0.0091 0.0175 0.1795 0.0238 0.0255 0.0527 0.0288 0.0067 0.0306 0.0594 0.0054 0.0996 0.0919 0.0872 
      H043.1  2 0.0054 0.0170 0.0097 0.0041 0.0075 0.0090 0.0197 0.0056 0.0989 0.0081 0.0077 0.0269 0.0097 0.0123 0.0089 0.0135 0.6791 0.0350 0.0218 
      H043.2  2 0.0035 0.0054 0.0040 0.0056 0.0106 0.0036 0.0149 0.0051 0.0063 0.0055 0.0041 0.0122 0.0035 0.0044 0.0123 0.0060 0.8620 0.0074 0.0234 
      H043.3  2 0.0048 0.0185 0.0361 0.0051 0.0066 0.0085 0.0429 0.0075 0.0162 0.0119 0.0071 0.0154 0.0041 0.0906 0.0086 0.0146 0.5436 0.0189 0.1391 
      H043.4  2 0.0040 0.0114 0.0119 0.0053 0.0082 0.0056 0.0070 0.0053 0.0224 0.0146 0.0074 0.0185 0.0044 0.0182 0.0140 0.0108 0.7940 0.0106 0.0261 
      H043.5  2 0.0046 0.0102 0.0086 0.0060 0.0082 0.0069 0.0389 0.0050 0.0069 0.0079 0.0048 0.0322 0.0053 0.0058 0.0041 0.0091 0.7931 0.0073 0.0352 
      H043.6  2 0.0040 0.0037 0.0086 0.0050 0.0052 0.0076 0.0144 0.0077 0.0088 0.0064 0.0055 0.0352 0.0031 0.0078 0.0046 0.0092 0.8069 0.0050 0.0512 
      H043.7  2 0.0037 0.0095 0.0079 0.0029 0.0045 0.0082 0.0057 0.0052 0.0081 0.0067 0.0048 0.0103 0.0032 0.0238 0.0138 0.0039 0.8640 0.0041 0.0096 
      H043.8  2 0.0076 0.0138 0.0116 0.0036 0.0083 0.0265 0.0419 0.0058 0.0323 0.0071 0.0062 0.0101 0.0090 0.0136 0.0086 0.0198 0.7384 0.0078 0.0282 
      H043.9  2 0.0052 0.0129 0.0156 0.0046 0.0062 0.0127 0.0259 0.0116 0.1869 0.0073 0.0117 0.0265 0.0084 0.0311 0.0154 0.0123 0.5292 0.0215 0.0550 
      H047.1  2 0.0048 0.2481 0.0585 0.0046 0.0096 0.0057 0.0072 0.0075 0.0055 0.0084 0.0060 0.0055 0.0039 0.0082 0.0067 0.0080 0.1347 0.0167 0.4504 
      H047.2  2 0.0111 0.6359 0.0128 0.0166 0.0169 0.0095 0.0065 0.0070 0.0103 0.0465 0.0109 0.0040 0.0283 0.0322 0.0067 0.0093 0.0108 0.0057 0.1191 
      H047.3  2 0.0110 0.6326 0.0368 0.0215 0.0133 0.0068 0.0090 0.0172 0.0148 0.0295 0.0158 0.0045 0.0295 0.0238 0.0102 0.0063 0.0119 0.0070 0.0986 
      H047.4  2 0.0156 0.3214 0.0793 0.0169 0.0196 0.0088 0.0113 0.0120 0.0083 0.0197 0.0319 0.0037 0.0083 0.1073 0.0090 0.0110 0.0195 0.0133 0.2830 
      H047.5  2 0.0166 0.5629 0.0635 0.0154 0.0076 0.0095 0.0078 0.0181 0.0142 0.0124 0.0097 0.0035 0.0055 0.0291 0.0408 0.0121 0.0237 0.0081 0.1396 
      H047.6  2 0.0089 0.7493 0.0475 0.0142 0.0095 0.0049 0.0048 0.0089 0.0056 0.0141 0.0438 0.0046 0.0114 0.0131 0.0062 0.0059 0.0078 0.0044 0.0352 
      H047.7  2 0.0100 0.1461 0.2099 0.0075 0.0144 0.0069 0.0060 0.0086 0.0049 0.0080 0.0097 0.0118 0.0092 0.0092 0.0070 0.0142 0.0919 0.0147 0.4099 
      H047.8  2 0.0091 0.6502 0.0789 0.0141 0.0132 0.0052 0.0058 0.0143 0.0094 0.0113 0.0282 0.0037 0.0101 0.0162 0.0110 0.0074 0.0227 0.0131 0.0759 
      H047.9  2 0.0325 0.1415 0.1084 0.0100 0.0472 0.0081 0.0086 0.0145 0.0092 0.0379 0.0080 0.0038 0.0056 0.0154 0.0325 0.0116 0.0313 0.0247 0.4490 
 H071.1_2002  2 0.0042 0.0045 0.0074 0.0051 0.0044 0.0070 0.0055 0.0084 0.0080 0.0077 0.0051 0.0045 0.0041 0.0066 0.0109 0.0090 0.0238 0.0088 0.8650 
 H071.1_2003  2 0.0068 0.0158 0.0073 0.0110 0.0119 0.0513 0.0070 0.0165 0.0109 0.0207 0.0077 0.0089 0.0045 0.0335 0.0836 0.0197 0.0477 0.0091 0.6262 
     H071.10  2 0.0069 0.0034 0.0074 0.0035 0.0040 0.0153 0.0156 0.0053 0.0063 0.0036 0.0064 0.0078 0.0072 0.0042 0.0053 0.0072 0.0067 0.0077 0.8764 
 H071.2_2002  2 0.0048 0.0076 0.0086 0.0111 0.0099 0.0105 0.0168 0.0076 0.0088 0.0073 0.0048 0.0077 0.0039 0.0092 0.0139 0.0075 0.0188 0.0096 0.8316 
 H071.2_2003  2 0.0036 0.0035 0.0041 0.0044 0.0035 0.0053 0.0035 0.0054 0.0040 0.0048 0.0040 0.0031 0.0034 0.0046 0.0056 0.0048 0.0064 0.0047 0.9213 
      H071.3  2 0.0080 0.0320 0.0101 0.0046 0.0061 0.0189 0.0128 0.0169 0.0058 0.0042 0.0067 0.0084 0.0085 0.0089 0.0063 0.0083 0.0060 0.0067 0.8208 
 H071.4_2002  2 0.0158 0.0055 0.0085 0.0057 0.0059 0.0174 0.0316 0.0060 0.0140 0.0069 0.0063 0.0167 0.0092 0.0068 0.0074 0.0121 0.0133 0.0102 0.8007 
 H071.4_2003  2 0.0056 0.0061 0.0074 0.0037 0.0048 0.0075 0.0096 0.0055 0.0054 0.0043 0.0040 0.0027 0.0036 0.0052 0.0037 0.0044 0.0049 0.0065 0.9051 
 H071.5_2002  2 0.0057 0.0031 0.0074 0.0032 0.0040 0.0069 0.0059 0.0058 0.0045 0.0038 0.0052 0.0041 0.0048 0.0066 0.0054 0.0057 0.0066 0.0068 0.9046 
 H071.5_2003  2 0.0085 0.0100 0.0135 0.0034 0.0085 0.0248 0.0101 0.0140 0.0142 0.0098 0.0042 0.0039 0.0032 0.0150 0.0064 0.0067 0.0103 0.0088 0.8247 
 H071.6_2002  2 0.0053 0.0042 0.0151 0.0065 0.0057 0.0072 0.0582 0.0041 0.0086 0.0047 0.0046 0.0044 0.0037 0.0062 0.0074 0.0063 0.0056 0.0081 0.8341 
