      H105.1  1 0.0443 0.0498 0.1488 0.0367 0.2438 0.0294 0.0229 0.0928 0.0147 0.3169 
      H105.2  1 0.0983 0.2439 0.0185 0.0600 0.0240 0.0279 0.1753 0.2678 0.0228 0.0615 
      H105.3  1 0.0329 0.0623 0.1178 0.0194 0.0436 0.0301 0.0569 0.3956 0.0174 0.2238 
      H105.4  1 0.0495 0.0741 0.0148 0.1074 0.0153 0.0223 0.5131 0.1544 0.0117 0.0374 
      H105.5  1 0.0308 0.0660 0.0188 0.0548 0.1584 0.1571 0.2042 0.0513 0.0118 0.2468 
      H105.6  1 0.0287 0.0167 0.0719 0.0288 0.0115 0.0760 0.2226 0.4592 0.0112 0.0734 
      H105.7  1 0.0175 0.0318 0.3248 0.2177 0.1616 0.0324 0.0244 0.1200 0.0098 0.0600 
      H105.8  1 0.1319 0.1070 0.2663 0.0163 0.0165 0.0239 0.1132 0.2437 0.0233 0.0578 
      H115.1  1 0.0181 0.0138 0.0248 0.0103 0.0110 0.8332 0.0118 0.0262 0.0141 0.0367 
      H115.2  1 0.0100 0.0092 0.0092 0.0077 0.0123 0.9116 0.0095 0.0083 0.0110 0.0112 
      H115.3  1 0.0081 0.0109 0.0076 0.0078 0.0160 0.9022 0.0203 0.0066 0.0074 0.0131 
      H115.4  1 0.0437 0.0776 0.0115 0.0158 0.0629 0.6226 0.0092 0.0202 0.0118 0.1248 
      H115.5  1 0.0111 0.1695 0.0322 0.0172 0.0267 0.6130 0.0273 0.0220 0.0542 0.0268 
      H115.6  1 0.0122 0.0168 0.0110 0.0309 0.0276 0.8183 0.0251 0.0280 0.0135 0.0168 
      H115.7  1 0.0182 0.0499 0.0079 0.0274 0.0327 0.6940 0.0316 0.0992 0.0068 0.0324 
      H115.8  1 0.0125 0.0208 0.0189 0.0071 0.0179 0.8334 0.0098 0.0141 0.0533 0.0124 
      H115.9  1 0.0059 0.0085 0.0163 0.0060 0.0119 0.9081 0.0112 0.0096 0.0082 0.0143 
      H145.1  1 0.0156 0.0062 0.0109 0.1020 0.0121 0.0118 0.6201 0.0246 0.1398 0.0568 
      H145.2  1 0.0121 0.0061 0.0082 0.1057 0.0140 0.0098 0.6777 0.0240 0.1051 0.0373 
      H145.3  1 0.0113 0.0625 0.0415 0.1981 0.0132 0.0103 0.4589 0.0142 0.1743 0.0159 
      H145.4  1 0.0159 0.0092 0.0100 0.1708 0.0150 0.0066 0.5479 0.0639 0.1279 0.0328 
      H145.5  1 0.0122 0.0303 0.0134 0.0608 0.0193 0.0076 0.3315 0.0305 0.4555 0.0390 
      H145.6  1 0.0137 0.0285 0.0107 0.2441 0.0113 0.0073 0.5481 0.0138 0.1063 0.0162 
      H145.7  1 0.0145 0.0625 0.0123 0.2655 0.0194 0.0077 0.5073 0.0310 0.0583 0.0215 
      H149.1  1 0.0063 0.0063 0.0075 0.0063 0.0077 0.0071 0.0095 0.0071 0.0079 0.9343 
      H149.2  1 0.0062 0.0073 0.0060 0.0140 0.0196 0.0055 0.0113 0.0084 0.0063 0.9156 
      H149.3  1 0.0159 0.0120 0.0089 0.0454 0.0596 0.0126 0.0212 0.0346 0.0101 0.7797 
      H149.4  1 0.0125 0.0119 0.0088 0.0171 0.0167 0.0073 0.0154 0.0180 0.0120 0.8804 
      H149.5  1 0.0221 0.0137 0.0105 0.0879 0.1213 0.0053 0.0223 0.0210 0.0065 0.6893 
      H149.6  1 0.0070 0.0087 0.0056 0.0246 0.0235 0.0045 0.0133 0.0123 0.0072 0.8933 
      H149.7  1 0.0841 0.0125 0.0194 0.1672 0.0493 0.0075 0.0172 0.0434 0.0131 0.5862 
      H150.1  1 0.0078 0.0071 0.0072 0.0066 0.0072 0.9329 0.0080 0.0095 0.0098 0.0038 
      H150.2  1 0.0083 0.0079 0.0063 0.0089 0.0127 0.9167 0.0064 0.0109 0.0119 0.0100 
      H150.3  1 0.0127 0.0103 0.0121 0.0182 0.0073 0.8466 0.0130 0.0571 0.0142 0.0085 
      H150.4  1 0.0059 0.0089 0.0091 0.0113 0.0080 0.9176 0.0106 0.0100 0.0141 0.0046 
      H150.5  1 0.0151 0.0129 0.0076 0.0142 0.0149 0.8736 0.0201 0.0253 0.0063 0.0100 
      H150.6  1 0.0604 0.0750 0.0055 0.0136 0.0464 0.7347 0.0107 0.0226 0.0155 0.0155 
      H150.7  1 0.0066 0.0060 0.0099 0.0059 0.0051 0.9223 0.0179 0.0126 0.0090 0.0047 
   H169607.1  1 0.3043 0.0387 0.0322 0.1931 0.0190 0.1325 0.1677 0.0456 0.0348 0.0320 
   H169607.2  1 0.2637 0.0150 0.1143 0.1456 0.0213 0.1318 0.2550 0.0249 0.0079 0.0204 
   H169607.3  1 0.0671 0.0540 0.0612 0.3206 0.0972 0.0317 0.3182 0.0147 0.0162 0.0191 
   H169607.4  1 0.0842 0.0067 0.0095 0.0404 0.0094 0.0123 0.8107 0.0087 0.0076 0.0103 
   H169607.5  1 0.1290 0.0193 0.0821 0.1116 0.1353 0.2552 0.1826 0.0191 0.0151 0.0506 
   H169607.6  1 0.2826 0.0319 0.0636 0.1476 0.0252 0.0791 0.3260 0.0158 0.0070 0.0212 
   H169607.7  1 0.6256 0.0184 0.0679 0.0487 0.0225 0.1329 0.0334 0.0236 0.0093 0.0177 
   H169607.8  1 0.0943 0.0153 0.0371 0.1168 0.0187 0.0205 0.6694 0.0101 0.0060 0.0117 
   H169633.1  1 0.0131 0.1162 0.0163 0.0289 0.0209 0.0407 0.0378 0.0523 0.0595 0.6144 
   H169633.2  1 0.0188 0.0486 0.0243 0.0229 0.0096 0.0122 0.0101 0.0278 0.0207 0.8050 
   H169633.3  1 0.0122 0.0178 0.0336 0.0118 0.0227 0.0117 0.0070 0.0608 0.0110 0.8113 
   H169633.4  1 0.0104 0.0241 0.0105 0.0082 0.0380 0.0183 0.0481 0.0255 0.0479 0.7690 
   H169633.5  1 0.0113 0.0258 0.0107 0.0075 0.0322 0.0184 0.0340 0.0203 0.0496 0.7901 
   H169688.1  1 0.0418 0.2043 0.0121 0.6544 0.0076 0.0197 0.0265 0.0094 0.0066 0.0178 
   H169688.2  1 0.3272 0.1364 0.0185 0.4091 0.0135 0.0402 0.0096 0.0079 0.0229 0.0148 
   H169688.3  1 0.3322 0.0381 0.0067 0.4555 0.0149 0.1059 0.0108 0.0104 0.0089 0.0165 
   H169688.4  1 0.0363 0.0251 0.0089 0.0258 0.0099 0.8512 0.0108 0.0062 0.0173 0.0086 
   H169688.5  1 0.0452 0.0283 0.0093 0.0260 0.0151 0.8370 0.0097 0.0059 0.0169 0.0065 
   H169688.6  1 0.4323 0.0812 0.0118 0.3013 0.0128 0.0463 0.0161 0.0054 0.0671 0.0257 
   H169688.7  1 0.4473 0.0388 0.0114 0.2946 0.0160 0.1326 0.0142 0.0127 0.0152 0.0172 
   H171901.1  1 0.0456 0.0319 0.0150 0.4954 0.0248 0.0634 0.1060 0.1009 0.0991 0.0180 
   H171901.2  1 0.0185 0.0208 0.0226 0.0209 0.0222 0.1260 0.0655 0.0292 0.0144 0.6599 
   H171901.3  1 0.0402 0.0526 0.0147 0.0725 0.0323 0.0583 0.0531 0.0199 0.0130 0.6433 
   H171901.4  1 0.0237 0.0290 0.0170 0.0137 0.0130 0.0535 0.0200 0.0147 0.0092 0.8063 
   H171901.5  1 0.0612 0.0108 0.0106 0.0366 0.0170 0.0336 0.0703 0.0094 0.0083 0.7421 
   H171901.6  1 0.0798 0.0079 0.0150 0.0592 0.0174 0.0781 0.1594 0.0183 0.0094 0.5554 
   H171901.7  1 0.1790 0.0148 0.0401 0.0352 0.0259 0.0414 0.0402 0.0177 0.0151 0.5905 
   H171902.1  1 0.2463 0.0290 0.0270 0.0159 0.0073 0.0761 0.4000 0.0091 0.1673 0.0220 
  H171902.10  1 0.4899 0.0131 0.0090 0.0137 0.0086 0.0173 0.3739 0.0084 0.0212 0.0449 
   H171902.2  1 0.2275 0.3689 0.0725 0.0777 0.0152 0.0492 0.0730 0.0178 0.0712 0.0270 
   H171902.3  1 0.6643 0.0196 0.0139 0.0212 0.0114 0.0510 0.1208 0.0163 0.0133 0.0682 
   H171902.4  1 0.0677 0.0319 0.0156 0.0337 0.0154 0.0384 0.6026 0.0207 0.0912 0.0829 
   H171902.6  1 0.3784 0.0130 0.0074 0.0103 0.0101 0.0213 0.4891 0.0155 0.0256 0.0292 
   H171902.7  1 0.1844 0.0064 0.0057 0.0201 0.0151 0.0326 0.5471 0.0111 0.1165 0.0611 
   H171902.8  1 0.4845 0.0148 0.0090 0.0224 0.0105 0.0193 0.3217 0.0156 0.0423 0.0599 
   H171902.9  1 0.0782 0.0158 0.0160 0.0182 0.0091 0.2397 0.5027 0.0214 0.0860 0.0128 
   H171903.1  1 0.0232 0.0129 0.0480 0.1615 0.0444 0.5921 0.0611 0.0112 0.0060 0.0397 
   H171903.2  1 0.0479 0.0174 0.1356 0.1116 0.1929 0.2626 0.1498 0.0137 0.0153 0.0531 
   H171903.3  1 0.0381 0.0111 0.0418 0.0487 0.4435 0.0960 0.0595 0.0150 0.0248 0.2215 
   H171903.4  1 0.0249 0.0197 0.0079 0.7006 0.0318 0.0449 0.1332 0.0164 0.0109 0.0098 
   H171903.5  1 0.1190 0.0173 0.0376 0.0297 0.3135 0.2347 0.0194 0.0118 0.0179 0.1991 
   H171903.6  1 0.2257 0.0158 0.0166 0.1194 0.1681 0.3403 0.0578 0.0061 0.0064 0.0437 
      H177.1  1 0.0575 0.0076 0.0102 0.4156 0.0267 0.0347 0.0622 0.0083 0.0173 0.3600 
      H177.2  1 0.1547 0.0313 0.1175 0.0477 0.0987 0.0462 0.1947 0.0160 0.0258 0.2674 
      H177.3  1 0.1597 0.0087 0.0152 0.0344 0.0573 0.0294 0.2338 0.0115 0.0287 0.4213 
      H177.4  1 0.0739 0.0094 0.0142 0.3969 0.0446 0.0090 0.0483 0.0091 0.0142 0.3804 
      H177.5  1 0.0389 0.0178 0.0215 0.7365 0.0907 0.0184 0.0239 0.0090 0.0116 0.0316 
      H177.6  1 0.1094 0.0078 0.0192 0.0190 0.0439 0.0287 0.1701 0.0103 0.0358 0.5559 
      H179.1  1 0.4833 0.0567 0.0294 0.0553 0.0340 0.0256 0.0357 0.0336 0.0078 0.2387 
      H179.2  1 0.5668 0.0193 0.0423 0.0184 0.0598 0.0306 0.0137 0.0207 0.0072 0.2212 
      H179.3  1 0.5780 0.0680 0.1125 0.0754 0.0376 0.0514 0.0156 0.0205 0.0088 0.0323 
      H179.4  1 0.1797 0.0317 0.0550 0.0255 0.0221 0.0094 0.0231 0.0090 0.0077 0.6369 
      H180.1  1 0.0175 0.0478 0.0071 0.0093 0.0210 0.8341 0.0074 0.0103 0.0200 0.0254 
      H180.2  1 0.0112 0.0657 0.0063 0.0108 0.0104 0.8471 0.0101 0.0097 0.0134 0.0154 
      H180.3  1 0.0077 0.0073 0.0141 0.0067 0.0137 0.9082 0.0083 0.0103 0.0128 0.0110 
      H180.4  1 0.0190 0.0787 0.0181 0.0143 0.0724 0.7110 0.0117 0.0250 0.0308 0.0190 
      H180.5  1 0.0191 0.0590 0.0166 0.0160 0.0332 0.7983 0.0091 0.0104 0.0227 0.0156 
      H180.6  1 0.0165 0.0427 0.2525 0.0138 0.0214 0.5413 0.0192 0.0216 0.0500 0.0210 
      H181.1  1 0.0337 0.3994 0.0087 0.0125 0.1433 0.0188 0.0337 0.0071 0.0225 0.3202 
      H181.2  1 0.0691 0.3288 0.0108 0.0362 0.0402 0.0221 0.0354 0.0147 0.0267 0.4160 
      H181.3  1 0.0697 0.6762 0.0094 0.0243 0.0238 0.0103 0.0438 0.0092 0.0238 0.1094 
      H181.4  1 0.0654 0.1276 0.0293 0.0369 0.3634 0.0894 0.0557 0.0241 0.0061 0.2019 
      H181.5  1 0.0773 0.6078 0.0193 0.0582 0.0446 0.0128 0.0213 0.0212 0.0134 0.1240 
      H181.6  1 0.0879 0.1195 0.0280 0.0522 0.0612 0.0870 0.0400 0.0249 0.0099 0.4893 
      H181.7  1 0.2698 0.2917 0.0378 0.0133 0.0282 0.0229 0.0371 0.0110 0.0151 0.2731 
 H194.1_2004  1 0.0125 0.0090 0.0227 0.6237 0.0285 0.1864 0.0525 0.0164 0.0168 0.0315 
 H194.2_2004  1 0.0103 0.0105 0.0069 0.7288 0.0345 0.0442 0.0599 0.0146 0.0657 0.0247 
 H194.3_2004  1 0.0194 0.0065 0.0126 0.3976 0.0099 0.0109 0.0812 0.0259 0.0203 0.4158 
 H194.4_2004  1 0.0119 0.0115 0.0102 0.6296 0.0089 0.0112 0.1466 0.0109 0.0699 0.0892 
 H194.5_2004  1 0.0205 0.0086 0.0277 0.5461 0.0109 0.0157 0.0669 0.0123 0.0104 0.2808 
 H194.6_2004  1 0.0209 0.0108 0.0194 0.5971 0.0169 0.0185 0.0349 0.0160 0.0095 0.2559 
 H194.7_2004  1 0.0090 0.0118 0.0656 0.7833 0.0272 0.0116 0.0426 0.0191 0.0162 0.0136 
 H194.8_2004  1 0.0243 0.0110 0.0192 0.7592 0.0146 0.0137 0.0405 0.0154 0.0193 0.0827 
      H194.9  1 0.0108 0.0136 0.0736 0.7256 0.0173 0.0310 0.0596 0.0320 0.0196 0.0170 
 H195.1_2003  1 0.0290 0.0231 0.0137 0.6200 0.0092 0.0216 0.1455 0.0629 0.0066 0.0683 
 H195.1_2004  1 0.1242 0.0650 0.0144 0.1123 0.0236 0.0107 0.3920 0.0473 0.1558 0.0546 
 H195.2_2003  1 0.0297 0.0171 0.0471 0.5946 0.0092 0.1333 0.1255 0.0134 0.0129 0.0172 
 H195.2_2004  1 0.0232 0.0491 0.0366 0.5685 0.0207 0.0110 0.1543 0.0149 0.0894 0.0323 
 H195.3_2003  1 0.0478 0.0298 0.0240 0.5167 0.0103 0.1498 0.1653 0.0273 0.0125 0.0164 
 H195.3_2004  1 0.0161 0.0259 0.0091 0.2160 0.0167 0.0081 0.5183 0.0384 0.0301 0.1212 
 H195.4_2003  1 0.0152 0.0124 0.0141 0.4285 0.0147 0.0164 0.3032 0.1472 0.0053 0.0429 
 H195.4_2004  1 0.0173 0.0971 0.0404 0.6590 0.0123 0.0069 0.1181 0.0151 0.0148 0.0191 
 H195.5_2003  1 0.0558 0.0493 0.0177 0.3929 0.0113 0.0336 0.2166 0.1628 0.0078 0.0522 
 H195.5_2004  1 0.0294 0.0753 0.0095 0.2890 0.0128 0.0088 0.4146 0.0490 0.0765 0.0350 
 H195.6_2003  1 0.0374 0.0448 0.0170 0.3400 0.0222 0.0964 0.3808 0.0297 0.0163 0.0153 
 H195.6_2004  1 0.0348 0.0287 0.0173 0.3841 0.0076 0.0067 0.3490 0.0642 0.0536 0.0540 
 H195.7_2003  1 0.0341 0.0128 0.0135 0.8663 0.0075 0.0080 0.0266 0.0112 0.0047 0.0154 
 H195.7_2004  1 0.0775 0.0753 0.0131 0.0809 0.0460 0.0204 0.2238 0.0520 0.3830 0.0278 
      H195.8  1 0.0281 0.2069 0.0277 0.2706 0.0270 0.0148 0.3026 0.0469 0.0554 0.0200 
      H195.9  1 0.0366 0.0289 0.0359 0.4641 0.0134 0.0127 0.3031 0.0302 0.0171 0.0579 
      H415.1  1 0.0128 0.0094 0.0325 0.0614 0.0164 0.2361 0.0148 0.0401 0.0793 0.4972 
      H415.2  1 0.0292 0.0070 0.0123 0.0377 0.0303 0.1493 0.1608 0.0218 0.0357 0.5157 
      H415.3  1 0.0190 0.0045 0.0086 0.0143 0.0145 0.0164 0.0078 0.0243 0.0078 0.8828 
      H415.4  1 0.0068 0.0065 0.0346 0.0229 0.0171 0.1839 0.0136 0.0895 0.0192 0.6059 
      H415.5  1 0.0092 0.0053 0.0072 0.0131 0.0130 0.0155 0.0080 0.0156 0.0094 0.9035 
      H415.6  1 0.0089 0.0098 0.0280 0.0257 0.0256 0.1643 0.0131 0.0534 0.0234 0.6479 
      H415.7  1 0.1082 0.0078 0.0145 0.0353 0.0256 0.0270 0.1231 0.0256 0.0180 0.6149 
      H506.1  1 0.0217 0.0182 0.0182 0.0080 0.0085 0.0051 0.0088 0.0092 0.0183 0.8839 
      H506.2  1 0.0342 0.0159 0.0148 0.0117 0.0151 0.0059 0.0170 0.0123 0.0082 0.8649 
      H506.3  1 0.0779 0.0909 0.0372 0.0252 0.0279 0.0100 0.0136 0.0212 0.0982 0.5979 
      H506.4  1 0.0891 0.0388 0.0238 0.0210 0.0223 0.0126 0.0168 0.0163 0.0376 0.7216 
      H506.5  1 0.0162 0.0203 0.0169 0.0101 0.0112 0.0065 0.0188 0.0105 0.0126 0.8769 
      H506.6  1 0.3399 0.0558 0.0264 0.0360 0.0747 0.0138 0.1761 0.0182 0.1007 0.1583 
      H506.7  1 0.0203 0.0271 0.0155 0.0119 0.0088 0.0070 0.0145 0.0127 0.0121 0.8700 
      H533.1  1 0.2048 0.0201 0.0102 0.0051 0.0136 0.0062 0.0093 0.0069 0.0184 0.7054 
      H533.2  1 0.0818 0.0186 0.0066 0.0052 0.0104 0.0073 0.0068 0.0057 0.0234 0.8343 
      H533.3  1 0.2855 0.0196 0.0213 0.0080 0.0385 0.0078 0.0154 0.0062 0.0121 0.5856 
      H533.4  1 0.1868 0.0483 0.0153 0.0088 0.0194 0.0118 0.0376 0.0088 0.0190 0.6442 
      H535.1  1 0.0442 0.0117 0.0203 0.0321 0.0287 0.0360 0.0455 0.0158 0.0090 0.7567 
      H535.2  1 0.0408 0.1250 0.0994 0.0438 0.0387 0.0070 0.0407 0.0099 0.0044 0.5904 
      H535.3  1 0.0282 0.2473 0.0907 0.0250 0.0396 0.0143 0.0949 0.0093 0.0089 0.4418 
      H535.4  1 0.0075 0.0191 0.0081 0.0067 0.0099 0.0058 0.0082 0.0119 0.0043 0.9185 
      H535.5  1 0.0140 0.0097 0.0088 0.0240 0.0099 0.0094 0.0094 0.0097 0.0045 0.9006 
      H535.6  1 0.0779 0.0427 0.0397 0.3259 0.0297 0.0436 0.0569 0.0287 0.0071 0.3477 
      H535.7  1 0.0239 0.0093 0.0145 0.0161 0.0101 0.0112 0.0114 0.0076 0.0079 0.8881 
      H535.8  1 0.0300 0.0525 0.0460 0.0961 0.0095 0.0108 0.0155 0.0089 0.0076 0.7232 
      H535.9  1 0.0264 0.0303 0.0261 0.0127 0.0143 0.0388 0.0832 0.0193 0.0131 0.7358 
      H539.1  1 0.0047 0.0048 0.0089 0.0053 0.0046 0.9401 0.0110 0.0060 0.0104 0.0043 
      H539.2  1 0.0501 0.0285 0.0193 0.0138 0.0140 0.8316 0.0097 0.0076 0.0139 0.0116 
      H539.3  1 0.0082 0.0109 0.0116 0.0213 0.0066 0.8943 0.0137 0.0090 0.0179 0.0066 
      H539.4  1 0.0113 0.0065 0.0081 0.0060 0.0095 0.9086 0.0107 0.0053 0.0269 0.0071 
      H539.5  1 0.0051 0.0051 0.0140 0.0059 0.0060 0.9375 0.0084 0.0060 0.0079 0.0041 
      H539.6  1 0.0055 0.0056 0.0121 0.0058 0.0061 0.9383 0.0097 0.0059 0.0059 0.0053 
      H539.7  1 0.0062 0.0049 0.0059 0.0092 0.0072 0.9396 0.0081 0.0073 0.0057 0.0058 
      H539.8  1 0.0082 0.0136 0.0099 0.0226 0.0123 0.8624 0.0106 0.0114 0.0385 0.0106 
      H539.9  1 0.0052 0.0053 0.0097 0.0046 0.0066 0.9381 0.0074 0.0054 0.0131 0.0046 
      H540.1  1 0.0196 0.0074 0.0092 0.0088 0.0203 0.8843 0.0165 0.0085 0.0157 0.0097 
      H540.2  1 0.0067 0.0043 0.0072 0.0092 0.0087 0.9320 0.0102 0.0100 0.0046 0.0072 
      H540.3  1 0.0502 0.0204 0.0061 0.0481 0.0984 0.2672 0.0852 0.0341 0.3674 0.0229 
      H540.4  1 0.0116 0.0074 0.0067 0.0089 0.0142 0.9172 0.0111 0.0101 0.0053 0.0074 
      H540.5  1 0.0148 0.0073 0.0112 0.0115 0.0164 0.8748 0.0126 0.0089 0.0318 0.0107 
      H540.6  1 0.0269 0.0257 0.0173 0.0189 0.0217 0.8270 0.0205 0.0150 0.0154 0.0117 
      H540.7  1 0.0093 0.0064 0.0145 0.0063 0.0114 0.9178 0.0103 0.0082 0.0058 0.0102 
      H540.8  1 0.0170 0.0038 0.0081 0.0118 0.0152 0.8958 0.0155 0.0081 0.0090 0.0158 
     H9558.1  1 0.0141 0.0063 0.0068 0.0108 0.0064 0.9047 0.0242 0.0078 0.0129 0.0061 
     H9558.2  1 0.0146 0.0101 0.0213 0.0147 0.0073 0.8659 0.0274 0.0112 0.0174 0.0102 
     H9558.3  1 0.0070 0.0068 0.0157 0.0086 0.0068 0.9128 0.0121 0.0098 0.0128 0.0077 
     H9558.4  1 0.0115 0.0054 0.0070 0.0059 0.0077 0.9276 0.0092 0.0048 0.0133 0.0075 
     H9558.5  1 0.0119 0.0075 0.0046 0.0069 0.0103 0.9103 0.0079 0.0083 0.0257 0.0066 
     H9558.6  1 0.0073 0.0067 0.0833 0.0180 0.0495 0.7499 0.0476 0.0148 0.0137 0.0092 
    kos339.1  1 0.0158 0.0079 0.0184 0.0091 0.0123 0.0080 0.0124 0.0081 0.0067 0.9012 
    kos339.2  1 0.0077 0.0110 0.0149 0.0066 0.0115 0.0100 0.0071 0.0155 0.0117 0.9041 
    kos339.3  1 0.0067 0.0049 0.0079 0.0074 0.0083 0.0105 0.0072 0.0056 0.0049 0.9366 
    kos339.4  1 0.0065 0.0084 0.0098 0.0096 0.0088 0.0099 0.0061 0.0075 0.0063 0.9271 
    kos339.5  1 0.0119 0.0084 0.0149 0.0091 0.0097 0.0084 0.0086 0.0099 0.0043 0.9149 
    kos339.6  1 0.0066 0.0069 0.0091 0.0081 0.0128 0.0068 0.0081 0.0098 0.0111 0.9207 
    kos339.7  1 0.0071 0.0055 0.0075 0.0061 0.0070 0.0074 0.0064 0.0049 0.0048 0.9434 
    kos339.8  1 0.0083 0.0079 0.0055 0.0068 0.0093 0.0046 0.0059 0.0061 0.0072 0.9384 
    kos339.9  1 0.0119 0.0072 0.0177 0.0083 0.0073 0.0287 0.0122 0.0138 0.0067 0.8861 
      H008.1  2 0.0173 0.0099 0.8416 0.0094 0.0087 0.0589 0.0140 0.0208 0.0077 0.0118 
      H008.2  2 0.1499 0.0722 0.2046 0.0265 0.0317 0.1838 0.0593 0.0217 0.1734 0.0768 
      H008.3  2 0.1621 0.1739 0.1436 0.0629 0.0372 0.1870 0.0509 0.0460 0.0821 0.0542 
      H008.4  2 0.0106 0.0147 0.7646 0.0186 0.0099 0.0526 0.0151 0.0249 0.0636 0.0255 
      H008.5  2 0.0205 0.0190 0.7818 0.0407 0.0139 0.0402 0.0153 0.0217 0.0253 0.0216 
      H008.6  2 0.0384 0.0115 0.4981 0.0327 0.0186 0.0637 0.0572 0.0247 0.2052 0.0498 
      H008.7  2 0.0348 0.0656 0.5004 0.0507 0.0128 0.0817 0.0362 0.0487 0.1216 0.0474 
      H008.8  2 0.0741 0.0205 0.2355 0.0128 0.0104 0.5388 0.0539 0.0158 0.0171 0.0212 
      H008.9  2 0.0326 0.0219 0.0416 0.0372 0.0178 0.0716 0.1994 0.0255 0.5236 0.0289 
 H029.1_2002  2 0.0085 0.0100 0.8540 0.0285 0.0083 0.0214 0.0163 0.0149 0.0250 0.0132 
 H029.1_2003  2 0.0446 0.0132 0.5085 0.2775 0.0247 0.0211 0.0201 0.0232 0.0273 0.0397 
 H029.2_2002  2 0.0146 0.0365 0.7673 0.0293 0.0101 0.0114 0.0139 0.0074 0.0361 0.0733 
 H029.2_2003  2 0.0670 0.0132 0.5243 0.1533 0.0314 0.0229 0.0363 0.0079 0.0528 0.0911 
 H029.3_2002  2 0.0402 0.0980 0.4866 0.0471 0.0251 0.0118 0.0171 0.0109 0.1688 0.0943 
 H029.3_2003  2 0.0162 0.0109 0.8700 0.0405 0.0116 0.0071 0.0065 0.0123 0.0092 0.0157 
 H029.4_2002  2 0.0098 0.0185 0.8989 0.0170 0.0078 0.0051 0.0046 0.0127 0.0185 0.0070 
 H029.4_2003  2 0.0434 0.0145 0.4947 0.3148 0.0165 0.0337 0.0146 0.0210 0.0327 0.0142 
 H029.5_2002  2 0.0086 0.0149 0.8953 0.0236 0.0069 0.0093 0.0068 0.0179 0.0080 0.0087 
 H029.5_2003  2 0.0360 0.0071 0.7995 0.0847 0.0102 0.0125 0.0082 0.0110 0.0198 0.0110 
 H029.6_2002  2 0.0145 0.0463 0.7482 0.0985 0.0090 0.0066 0.0066 0.0104 0.0502 0.0097 
 H029.6_2003  2 0.0924 0.0232 0.5759 0.0662 0.0295 0.0128 0.0262 0.0495 0.0159 0.1085 
      H029.7  2 0.0094 0.0287 0.8246 0.0377 0.0069 0.0114 0.0137 0.0074 0.0351 0.0251 
      H030.1  2 0.0226 0.0243 0.0381 0.1023 0.7358 0.0104 0.0189 0.0232 0.0069 0.0175 
      H030.2  2 0.0148 0.2645 0.1587 0.0267 0.2820 0.0439 0.0148 0.0642 0.0980 0.0324 
      H038.1  2 0.0074 0.0085 0.8973 0.0072 0.0069 0.0084 0.0100 0.0079 0.0393 0.0071 
      H038.2  2 0.0080 0.0090 0.9158 0.0070 0.0133 0.0068 0.0056 0.0106 0.0069 0.0170 
      H038.3  2 0.0127 0.0085 0.8167 0.0077 0.0516 0.0134 0.0123 0.0192 0.0416 0.0164 
      H038.4  2 0.0092 0.0135 0.8541 0.0087 0.0169 0.0079 0.0094 0.0203 0.0446 0.0155 
      H038.5  2 0.0319 0.0190 0.8220 0.0133 0.0347 0.0124 0.0079 0.0112 0.0366 0.0111 
      H038.6  2 0.0111 0.0066 0.9140 0.0087 0.0103 0.0146 0.0052 0.0045 0.0145 0.0105 
      H038.7  2 0.0106 0.0049 0.9153 0.0061 0.0138 0.0129 0.0066 0.0064 0.0118 0.0116 
      H038.8  2 0.0095 0.0133 0.7621 0.0071 0.0468 0.0103 0.0083 0.0156 0.1126 0.0144 
      H041.1  2 0.0118 0.1070 0.2293 0.3847 0.0173 0.0118 0.0192 0.1651 0.0365 0.0174 
      H041.2  2 0.0094 0.0088 0.1878 0.3816 0.0140 0.0072 0.0143 0.3246 0.0180 0.0343 
      H041.4  2 0.0091 0.0185 0.4820 0.3405 0.0136 0.0274 0.0380 0.0291 0.0287 0.0131 
      H041.6  2 0.0139 0.0314 0.4861 0.2908 0.0163 0.0395 0.0328 0.0623 0.0133 0.0136 
 H042.1_2002  2 0.0142 0.0154 0.0125 0.8305 0.0083 0.0521 0.0174 0.0215 0.0144 0.0138 
 H042.1_2003  2 0.0626 0.0208 0.1179 0.0810 0.0328 0.1624 0.1057 0.2106 0.1349 0.0714 
 H042.2_2002  2 0.0481 0.0188 0.3709 0.3944 0.0147 0.0302 0.0084 0.0346 0.0540 0.0258 
 H042.2_2003  2 0.0133 0.0066 0.1162 0.4192 0.0144 0.0520 0.0241 0.3246 0.0069 0.0227 
 H042.3_2002  2 0.0320 0.0104 0.0176 0.6940 0.0147 0.1044 0.0189 0.0641 0.0240 0.0200 
 H042.3_2003  2 0.0466 0.0650 0.0942 0.2846 0.0201 0.2454 0.0218 0.1598 0.0434 0.0189 
 H042.4_2002  2 0.0101 0.0249 0.0283 0.8087 0.0291 0.0158 0.0134 0.0356 0.0205 0.0136 
 H042.4_2003  2 0.0087 0.0313 0.0471 0.8041 0.0127 0.0359 0.0246 0.0160 0.0101 0.0095 
      H042.5  2 0.0059 0.0053 0.0068 0.9421 0.0060 0.0085 0.0091 0.0078 0.0038 0.0046 
      H042.6  2 0.0091 0.0192 0.0251 0.8112 0.0108 0.0772 0.0127 0.0075 0.0180 0.0094 
      H042.7  2 0.0134 0.0123 0.0339 0.6344 0.0095 0.0239 0.0203 0.2327 0.0067 0.0129 
      H042.8  2 0.0121 0.0074 0.0244 0.8469 0.0061 0.0210 0.0115 0.0375 0.0224 0.0107 
   H042_2002  2 0.0145 0.0130 0.0753 0.0580 0.0107 0.7236 0.0354 0.0352 0.0231 0.0113 
   H042_2003  2 0.0154 0.0130 0.1006 0.0580 0.0130 0.6623 0.0463 0.0510 0.0244 0.0159 
      H043.1  2 0.0105 0.0155 0.0122 0.0080 0.0111 0.8689 0.0085 0.0056 0.0485 0.0112 
      H043.2  2 0.0262 0.0117 0.0748 0.0164 0.0081 0.5751 0.0906 0.0219 0.1586 0.0166 
      H043.3  2 0.0250 0.0057 0.6016 0.0170 0.0218 0.2293 0.0340 0.0158 0.0338 0.0160 
      H043.4  2 0.0087 0.0082 0.0382 0.0130 0.0129 0.8178 0.0211 0.0100 0.0548 0.0154 
      H043.5  2 0.0380 0.0104 0.2563 0.0120 0.0196 0.2116 0.0225 0.0272 0.3821 0.0202 
      H043.6  2 0.0261 0.0091 0.3408 0.0143 0.0211 0.2737 0.0256 0.0167 0.2476 0.0250 
      H043.7  2 0.0110 0.0087 0.0790 0.0175 0.0341 0.5134 0.1983 0.0482 0.0765 0.0133 
      H043.8  2 0.2223 0.0470 0.0872 0.0175 0.1297 0.2526 0.0834 0.0589 0.0505 0.0509 
      H043.9  2 0.0288 0.0223 0.0961 0.0140 0.0231 0.7370 0.0157 0.0123 0.0305 0.0203 
      H047.1  2 0.0104 0.0069 0.5832 0.0095 0.0098 0.3078 0.0131 0.0151 0.0115 0.0326 
      H047.2  2 0.0538 0.0512 0.6952 0.0205 0.0227 0.0127 0.0520 0.0419 0.0082 0.0418 
      H047.3  2 0.0337 0.0662 0.5846 0.0288 0.0177 0.0171 0.0340 0.1830 0.0092 0.0256 
      H047.4  2 0.0162 0.0143 0.7305 0.0461 0.0157 0.0227 0.0274 0.0904 0.0058 0.0308 
      H047.5  2 0.0202 0.0171 0.6578 0.0139 0.0278 0.0725 0.0296 0.1164 0.0045 0.0402 
      H047.6  2 0.0398 0.0395 0.3997 0.0355 0.0193 0.0202 0.0987 0.2729 0.0264 0.0482 
      H047.7  2 0.0103 0.0118 0.6580 0.0153 0.0099 0.1880 0.0145 0.0350 0.0121 0.0450 
      H047.8  2 0.0558 0.0263 0.4071 0.0274 0.0115 0.0878 0.1248 0.1924 0.0144 0.0525 
      H047.9  2 0.0170 0.0111 0.6584 0.0288 0.0176 0.1580 0.0173 0.0364 0.0052 0.0500 
 H071.1_2002  2 0.0078 0.0066 0.9087 0.0073 0.0081 0.0288 0.0077 0.0076 0.0071 0.0104 
 H071.1_2003  2 0.0092 0.0064 0.7518 0.0199 0.0475 0.0806 0.0356 0.0187 0.0132 0.0172 
     H071.10  2 0.0112 0.0205 0.8949 0.0069 0.0226 0.0089 0.0061 0.0077 0.0109 0.0101 
 H071.2_2002  2 0.0111 0.0051 0.9138 0.0091 0.0084 0.0122 0.0111 0.0081 0.0101 0.0111 
 H071.2_2003  2 0.0046 0.0047 0.9447 0.0061 0.0051 0.0099 0.0072 0.0053 0.0049 0.0075 
      H071.3  2 0.0115 0.0134 0.8915 0.0078 0.0282 0.0078 0.0066 0.0134 0.0095 0.0103 
 H071.4_2002  2 0.0209 0.0123 0.8746 0.0089 0.0244 0.0085 0.0105 0.0088 0.0185 0.0126 
 H071.4_2003  2 0.0084 0.0062 0.9384 0.0061 0.0106 0.0085 0.0054 0.0054 0.0033 0.0076 
 H071.5_2002  2 0.0066 0.0089 0.9365 0.0065 0.0097 0.0094 0.0060 0.0053 0.0049 0.0061 
 H071.5_2003  2 0.0138 0.0054 0.9108 0.0080 0.0181 0.0124 0.0088 0.0093 0.0052 0.0083 
 H071.6_2002  2 0.0154 0.0060 0.9236 0.0074 0.0084 0.0083 0.0061 0.0065 0.0075 0.0107 
 H071.6_2003  2 0.0081 0.0057 0.9264 0.0078 0.0183 0.0080 0.0083 0.0060 0.0035 0.0078 
 H071.7_2002  2 0.0062 0.0047 0.9471 0.0052 0.0045 0.0090 0.0059 0.0058 0.0059 0.0058 
 H071.7_2003  2 0.0110 0.0061 0.8785 0.0100 0.0383 0.0201 0.0090 0.0099 0.0063 0.0107 
      H071.8  2 0.0098 0.0056 0.9181 0.0096 0.0077 0.0072 0.0136 0.0086 0.0100 0.0098 
      H071.9  2 0.0275 0.0227 0.7910 0.0219 0.0453 0.0118 0.0175 0.0243 0.0244 0.0136 
 H081.1_2002  2 0.0067 0.0074 0.9316 0.0087 0.0070 0.0106 0.0091 0.0057 0.0061 0.0072 
 H081.1_2003  2 0.0337 0.0312 0.0856 0.1042 0.1243 0.1180 0.0742 0.0258 0.3424 0.0605 
 H081.2_2002  2 0.0048 0.0075 0.9235 0.0102 0.0069 0.0168 0.0099 0.0080 0.0056 0.0067 
 H081.2_2003  2 0.0207 0.0445 0.0501 0.0258 0.7281 0.0714 0.0252 0.0134 0.0095 0.0113 
 H081.3_2002  2 0.0070 0.0100 0.8927 0.0147 0.0131 0.0074 0.0266 0.0107 0.0091 0.0088 
 H081.3_2003  2 0.0505 0.0371 0.0212 0.0345 0.5272 0.2207 0.0430 0.0139 0.0212 0.0308 
 H081.4_2002  2 0.0093 0.0068 0.9145 0.0125 0.0111 0.0103 0.0092 0.0094 0.0049 0.0119 
 H081.4_2003  2 0.0357 0.0196 0.0339 0.1234 0.5263 0.0987 0.0822 0.0206 0.0253 0.0342 
 H081.5_2002  2 0.0071 0.0051 0.9199 0.0108 0.0100 0.0105 0.0111 0.0083 0.0051 0.0122 
 H081.5_2003  2 0.0208 0.0237 0.1105 0.1900 0.2284 0.1316 0.1617 0.0493 0.0374 0.0467 
      H081.6  2 0.0068 0.0051 0.9261 0.0091 0.0081 0.0149 0.0088 0.0060 0.0070 0.0082 
      H081.7  2 0.0077 0.0100 0.8983 0.0167 0.0125 0.0125 0.0198 0.0100 0.0050 0.0074 
      H081.8  2 0.0177 0.0210 0.7984 0.0187 0.0558 0.0112 0.0205 0.0172 0.0234 0.0161 
      H083.1  2 0.0094 0.0203 0.9053 0.0092 0.0093 0.0081 0.0049 0.0068 0.0107 0.0159 
      H083.2  2 0.0126 0.0320 0.8764 0.0128 0.0095 0.0140 0.0125 0.0098 0.0096 0.0109 
      H083.4  2 0.0149 0.1267 0.7800 0.0098 0.0073 0.0123 0.0141 0.0097 0.0169 0.0083 
      H083.5  2 0.0076 0.0486 0.8614 0.0170 0.0094 0.0082 0.0073 0.0084 0.0195 0.0126 
      H083.6  2 0.0230 0.1088 0.7740 0.0175 0.0127 0.0079 0.0082 0.0105 0.0109 0.0264 
      H083.7  2 0.0208 0.2515 0.6490 0.0094 0.0090 0.0122 0.0119 0.0123 0.0155 0.0085 
      H083.8  2 0.0151 0.0257 0.8823 0.0111 0.0077 0.0145 0.0125 0.0102 0.0098 0.0109 
      H083.9  2 0.0078 0.0804 0.8450 0.0158 0.0092 0.0079 0.0071 0.0066 0.0101 0.0101 
      H084.1  2 0.0116 0.0167 0.0152 0.0107 0.8109 0.0154 0.0091 0.0175 0.0829 0.0100 
      H084.2  2 0.0183 0.0149 0.0153 0.0179 0.7753 0.0130 0.0086 0.0056 0.1182 0.0128 
      H084.3  2 0.0133 0.0235 0.0108 0.0212 0.4984 0.0116 0.0118 0.1216 0.2257 0.0622 
      H084.4  2 0.0160 0.0126 0.0163 0.0292 0.5006 0.0139 0.0163 0.0903 0.2794 0.0255 
      H084.5  2 0.0106 0.0101 0.0082 0.0093 0.7988 0.0073 0.0083 0.0682 0.0612 0.0179 
      H084.6  2 0.0082 0.0339 0.0073 0.0108 0.6896 0.0067 0.0103 0.0744 0.1282 0.0305 
      H084.7  2 0.0245 0.0106 0.0143 0.0262 0.8615 0.0130 0.0080 0.0088 0.0218 0.0112 
      H084.8  2 0.0094 0.0134 0.0079 0.0104 0.7485 0.0085 0.0092 0.0724 0.1031 0.0173 
 H085.1_2002  2 0.0137 0.0575 0.3306 0.3750 0.0188 0.0316 0.1037 0.0098 0.0459 0.0134 
 H085.1_2003  2 0.0169 0.1608 0.4649 0.1822 0.0559 0.0118 0.0316 0.0435 0.0222 0.0102 
 H085.2_2002  2 0.0161 0.1378 0.0368 0.2479 0.0322 0.0158 0.3408 0.0188 0.1315 0.0224 
 H085.2_2003  2 0.0360 0.0718 0.7095 0.0691 0.0252 0.0114 0.0244 0.0204 0.0167 0.0155 
 H085.3_2002  2 0.0067 0.0289 0.0272 0.6429 0.0207 0.0211 0.2080 0.0286 0.0095 0.0065 
 H085.3_2003  2 0.0206 0.0123 0.7528 0.0697 0.0551 0.0231 0.0174 0.0339 0.0072 0.0080 
 H085.4_2002  2 0.0226 0.0560 0.2705 0.2280 0.0354 0.0567 0.1772 0.0195 0.1114 0.0226 
 H085.4_2003  2 0.0105 0.0109 0.7698 0.0739 0.0233 0.0166 0.0274 0.0417 0.0075 0.0182 
 H085.5_2002  2 0.0094 0.0098 0.0528 0.5603 0.0217 0.0439 0.2659 0.0214 0.0083 0.0065 
 H085.5_2003  2 0.0187 0.0488 0.8215 0.0348 0.0191 0.0160 0.0123 0.0092 0.0090 0.0106 
 H085.6_2002  2 0.0116 0.0363 0.0442 0.5461 0.0273 0.0195 0.2682 0.0093 0.0254 0.0121 
 H085.6_2003  2 0.0136 0.0113 0.1387 0.3705 0.0572 0.0270 0.1658 0.1929 0.0097 0.0134 
 H085.7_2002  2 0.0125 0.0514 0.0647 0.4246 0.0188 0.0187 0.3698 0.0119 0.0149 0.0127 
 H085.7_2003  2 0.0183 0.0168 0.7418 0.0607 0.0319 0.0214 0.0146 0.0674 0.0135 0.0137 
 H085.8_2002  2 0.0166 0.0168 0.0248 0.2442 0.0663 0.0229 0.5163 0.0616 0.0190 0.0115 
 H085.8_2003  2 0.0183 0.1336 0.2443 0.4358 0.0404 0.0183 0.0273 0.0526 0.0139 0.0155 
      H085.9  2 0.0108 0.0271 0.2010 0.4081 0.0206 0.0492 0.2027 0.0202 0.0504 0.0098 
      H088.1  2 0.0252 0.0114 0.0102 0.8872 0.0112 0.0112 0.0135 0.0114 0.0094 0.0093 
      H088.2  2 0.0099 0.0109 0.0085 0.9109 0.0106 0.0084 0.0114 0.0097 0.0089 0.0108 
      H088.3  2 0.0117 0.0078 0.0084 0.9210 0.0083 0.0064 0.0103 0.0095 0.0080 0.0086 
      H088.4  2 0.0220 0.0056 0.0231 0.8285 0.0602 0.0118 0.0132 0.0144 0.0088 0.0123 
      H088.5  2 0.0079 0.0062 0.0074 0.9319 0.0070 0.0113 0.0080 0.0067 0.0068 0.0068 
      H088.6  2 0.0162 0.0076 0.0175 0.8859 0.0202 0.0078 0.0094 0.0182 0.0070 0.0102 
      H088.7  2 0.0143 0.0096 0.0657 0.8396 0.0107 0.0068 0.0103 0.0158 0.0113 0.0160 
      H088.8  2 0.0222 0.0140 0.0730 0.7668 0.0235 0.0142 0.0100 0.0370 0.0087 0.0306 
      H091.1  2 0.0163 0.0575 0.0402 0.8117 0.0136 0.0112 0.0063 0.0140 0.0092 0.0200 
      H091.2  2 0.0324 0.0661 0.0590 0.7473 0.0120 0.0145 0.0082 0.0307 0.0054 0.0242 
      H109.1  2 0.2155 0.2742 0.0726 0.0226 0.1471 0.0855 0.0129 0.1036 0.0346 0.0313 
      H109.2  2 0.0429 0.0480 0.1139 0.0381 0.6241 0.0284 0.0222 0.0382 0.0158 0.0283 
      H109.3  2 0.1698 0.0236 0.1003 0.2553 0.1546 0.0251 0.0167 0.1078 0.0210 0.1257 
      H109.4  2 0.3836 0.0298 0.0558 0.0702 0.1973 0.0644 0.0290 0.1006 0.0494 0.0198 
      H109.5  2 0.0208 0.0084 0.2326 0.4940 0.0447 0.0087 0.0150 0.1229 0.0055 0.0476 
      H109.6  2 0.0963 0.0242 0.0929 0.0296 0.4882 0.0876 0.0226 0.0657 0.0271 0.0659 
      H126.1  2 0.1249 0.0212 0.0256 0.0624 0.0121 0.3935 0.2852 0.0280 0.0200 0.0272 
      H126.2  2 0.0423 0.0238 0.6171 0.0204 0.0180 0.1261 0.0714 0.0149 0.0522 0.0138 
      H126.3  2 0.0563 0.0117 0.7620 0.0236 0.0059 0.0472 0.0313 0.0159 0.0213 0.0247 
      H126.4  2 0.0936 0.0495 0.0578 0.0220 0.0187 0.5566 0.1378 0.0141 0.0177 0.0323 
      H126.5  2 0.0151 0.0095 0.1381 0.0100 0.0081 0.7405 0.0282 0.0102 0.0062 0.0340 
      H126.6  2 0.0083 0.0145 0.8418 0.0109 0.0058 0.0246 0.0344 0.0070 0.0066 0.0462 
      H126.7  2 0.0116 0.0086 0.8863 0.0256 0.0093 0.0294 0.0095 0.0049 0.0044 0.0104 
      H130.1  2 0.0814 0.0238 0.0138 0.1038 0.0362 0.0784 0.6193 0.0185 0.0096 0.0153 
      H130.2  2 0.0701 0.0510 0.0359 0.0181 0.7116 0.0125 0.0599 0.0158 0.0096 0.0157 
      H130.3  2 0.6220 0.0108 0.0380 0.0279 0.1613 0.0145 0.0990 0.0085 0.0066 0.0114 
      H130.4  2 0.2298 0.0436 0.0111 0.0437 0.1122 0.0430 0.4355 0.0175 0.0327 0.0309 
      H130.5  2 0.0379 0.0540 0.0834 0.1149 0.3458 0.0244 0.2970 0.0180 0.0091 0.0156 
      H133.1  2 0.1656 0.0373 0.0700 0.1552 0.1388 0.0303 0.1451 0.0510 0.1776 0.0291 
      H133.2  2 0.0765 0.0138 0.0356 0.2752 0.2201 0.1141 0.1028 0.0288 0.0163 0.1168 
      H133.3  2 0.0373 0.0228 0.0797 0.5701 0.0435 0.0130 0.0354 0.0312 0.1124 0.0548 
      H133.4  2 0.1821 0.0403 0.0501 0.0479 0.1037 0.1338 0.1359 0.0840 0.1047 0.1176 
      H133.5  2 0.5476 0.0191 0.0193 0.1756 0.0602 0.0410 0.0543 0.0070 0.0262 0.0498 
      H133.6  2 0.1486 0.0276 0.0206 0.3451 0.1876 0.1688 0.0460 0.0146 0.0159 0.0251 
      H133.7  2 0.0214 0.0196 0.0489 0.0947 0.0559 0.0487 0.0945 0.4631 0.1080 0.0452 
      H133.8  2 0.1930 0.0611 0.0397 0.0996 0.0416 0.0307 0.2168 0.1322 0.1479 0.0376 
      H133.9  2 0.2438 0.0509 0.0665 0.1411 0.1046 0.0347 0.1360 0.0279 0.1646 0.0298 
      H147.1  2 0.0047 0.0449 0.4310 0.0973 0.0842 0.0226 0.0421 0.2364 0.0239 0.0130 
      H147.2  2 0.0054 0.0072 0.9069 0.0135 0.0163 0.0088 0.0151 0.0142 0.0063 0.0064 
      H147.3  2 0.0056 0.0090 0.9012 0.0159 0.0163 0.0121 0.0153 0.0116 0.0065 0.0065 
      H147.4  2 0.0067 0.0133 0.8589 0.0144 0.0273 0.0075 0.0122 0.0143 0.0325 0.0128 
      H147.5  2 0.0190 0.0300 0.6758 0.0840 0.0968 0.0192 0.0162 0.0382 0.0087 0.0121 
      H147.6  2 0.0239 0.0304 0.5582 0.1123 0.1533 0.0224 0.0149 0.0527 0.0096 0.0224 
      H147.7  2 0.0065 0.0210 0.8215 0.0117 0.0382 0.0097 0.0149 0.0357 0.0268 0.0140 
      H147.8  2 0.0108 0.0326 0.7921 0.0336 0.0404 0.0056 0.0064 0.0333 0.0360 0.0091 
      H147.9  2 0.0061 0.0077 0.9096 0.0093 0.0127 0.0173 0.0141 0.0101 0.0071 0.0060 
      H148.1  2 0.0724 0.0327 0.0234 0.0438 0.1240 0.0329 0.4525 0.1130 0.0790 0.0264 
      H148.2  2 0.0400 0.0352 0.0262 0.0181 0.0544 0.0244 0.3086 0.3921 0.0783 0.0227 
      H148.3  2 0.0097 0.0120 0.0111 0.2465 0.0193 0.0248 0.0452 0.5399 0.0665 0.0250 
      H148.4  2 0.0524 0.0140 0.0196 0.0485 0.0172 0.0176 0.5263 0.2154 0.0544 0.0347 
      H148.5  2 0.0256 0.0203 0.0173 0.0491 0.0865 0.0295 0.0448 0.6206 0.0705 0.0356 
      H148.6  2 0.0197 0.0544 0.0217 0.0400 0.0401 0.0235 0.2159 0.3738 0.1865 0.0244 
      H148.7  2 0.0996 0.0139 0.0140 0.0254 0.0440 0.0198 0.0791 0.6341 0.0413 0.0288 
      H148.8  2 0.0171 0.0122 0.0093 0.0533 0.0120 0.0225 0.1617 0.6397 0.0535 0.0187 
      H148.9  2 0.0461 0.0431 0.0128 0.0261 0.0554 0.1901 0.1198 0.1936 0.2668 0.0461 
   H166022.1  2 0.0057 0.0964 0.0155 0.8000 0.0156 0.0064 0.0093 0.0271 0.0149 0.0091 
   H166022.2  2 0.0171 0.0633 0.0750 0.5539 0.1846 0.0117 0.0174 0.0331 0.0170 0.0269 
   H166022.3  2 0.0355 0.3244 0.0082 0.5292 0.0360 0.0086 0.0142 0.0182 0.0081 0.0177 
   H166022.4  2 0.0257 0.0183 0.0084 0.8380 0.0489 0.0070 0.0076 0.0131 0.0085 0.0246 
   H166022.5  2 0.0251 0.0793 0.0160 0.6483 0.1651 0.0094 0.0108 0.0126 0.0070 0.0263 
   H166022.6  2 0.0164 0.0937 0.0112 0.6222 0.0862 0.0145 0.0567 0.0376 0.0389 0.0226 
   H166022.7  2 0.8830 0.0070 0.0149 0.0092 0.0157 0.0152 0.0102 0.0074 0.0278 0.0096 
   H166022.8  2 0.0178 0.2401 0.0240 0.1521 0.2004 0.0145 0.2252 0.0394 0.0112 0.0753 
   H167397.1  2 0.0094 0.0086 0.0588 0.1138 0.0310 0.0196 0.0308 0.1656 0.4750 0.0873 
   H167397.2  2 0.0136 0.0613 0.0320 0.0193 0.0146 0.0128 0.1752 0.0631 0.4226 0.1854 
   H167397.3  2 0.0065 0.0138 0.0492 0.0309 0.0128 0.0103 0.0160 0.0769 0.5530 0.2306 
   H167397.4  2 0.0158 0.0264 0.0370 0.0222 0.0155 0.0083 0.0220 0.0957 0.7403 0.0168 
   H167397.5  2 0.0228 0.0200 0.0437 0.0412 0.0401 0.0221 0.0431 0.0680 0.6278 0.0713 
   H167397.6  2 0.0096 0.0200 0.0425 0.0223 0.0083 0.0183 0.0181 0.2417 0.5439 0.0753 
   H167496.1  2 0.0350 0.0221 0.0125 0.7882 0.0291 0.0126 0.0139 0.0302 0.0074 0.0490 
   H167496.2  2 0.0486 0.0117 0.2199 0.2102 0.1916 0.0181 0.1027 0.0746 0.0175 0.1051 
   H167496.3  2 0.0163 0.0545 0.0218 0.7353 0.0167 0.0410 0.0641 0.0250 0.0088 0.0164 
   H167496.4  2 0.0113 0.0098 0.0182 0.9133 0.0083 0.0090 0.0065 0.0087 0.0072 0.0077 
   H167496.6  2 0.0238 0.0131 0.0599 0.7212 0.0985 0.0274 0.0134 0.0102 0.0090 0.0234 
   H167496.7  2 0.0550 0.0422 0.0286 0.1437 0.1208 0.0681 0.1710 0.2439 0.0090 0.1178 
   H167496.8  2 0.0147 0.0141 0.0845 0.6882 0.1195 0.0142 0.0149 0.0212 0.0094 0.0193 
   H167513.1  2 0.1057 0.1418 0.0375 0.0333 0.0607 0.0309 0.2693 0.1879 0.0538 0.0791 
   H167513.2  2 0.0396 0.0322 0.0214 0.0875 0.0832 0.2863 0.0714 0.2264 0.1105 0.0416 
   H167513.3  2 0.2029 0.1946 0.0176 0.0225 0.3077 0.0912 0.0274 0.0483 0.0165 0.0713 
   H167513.4  2 0.0502 0.4718 0.0193 0.0426 0.1186 0.0179 0.0391 0.1985 0.0187 0.0234 
   H167513.5  2 0.0285 0.0763 0.0466 0.1318 0.0790 0.0937 0.1120 0.2146 0.1926 0.0251 
   H167513.6  2 0.0224 0.0924 0.0351 0.1792 0.1900 0.0887 0.1465 0.0987 0.0325 0.1146 
   H167513.7  2 0.0407 0.5588 0.0336 0.0272 0.1779 0.0363 0.0252 0.0189 0.0591 0.0224 
   H167513.8  2 0.1357 0.0415 0.0191 0.0134 0.5151 0.0768 0.0276 0.0213 0.0771 0.0724 
   H167547.1  2 0.0150 0.0207 0.0093 0.0373 0.0227 0.0400 0.1078 0.7049 0.0224 0.0197 
   H167547.2  2 0.0080 0.0146 0.0064 0.0382 0.0116 0.0101 0.0105 0.8810 0.0106 0.0089 
   H167547.3  2 0.0086 0.0140 0.0077 0.0299 0.0117 0.0119 0.0159 0.8784 0.0117 0.0104 
   H167547.4  2 0.0410 0.2037 0.0102 0.2894 0.0203 0.0523 0.1505 0.1699 0.0509 0.0118 
   H167547.5  2 0.0120 0.0106 0.0095 0.1488 0.0151 0.0138 0.0159 0.7554 0.0107 0.0082 
   H167547.6  2 0.0120 0.0136 0.0083 0.1617 0.0156 0.0089 0.0124 0.7501 0.0090 0.0083 
   H167547.7  2 0.0458 0.0466 0.0377 0.0637 0.0397 0.2900 0.1953 0.1151 0.0267 0.1394 
   H169750.1  2 0.2030 0.0849 0.0294 0.2101 0.0722 0.0257 0.2959 0.0205 0.0169 0.0412 
   H169750.2  2 0.0688 0.0120 0.1231 0.0829 0.1872 0.0333 0.1066 0.2280 0.0573 0.1007 
   H169750.3  2 0.1267 0.0382 0.0615 0.2140 0.3988 0.0280 0.0564 0.0202 0.0053 0.0509 
   H169750.4  2 0.0989 0.0091 0.0495 0.2448 0.0270 0.0263 0.2633 0.0297 0.1019 0.1496 
   H169750.5  2 0.2216 0.1408 0.0973 0.1814 0.0990 0.0235 0.1523 0.0220 0.0195 0.0427 
   H169750.6  2 0.1166 0.0390 0.4004 0.1369 0.1743 0.0213 0.0635 0.0215 0.0163 0.0102 
   H169750.7  2 0.1730 0.0156 0.0807 0.1513 0.0799 0.0306 0.1841 0.0391 0.0305 0.2152 
   H171929.1  2 0.0132 0.0181 0.0225 0.1720 0.0174 0.0492 0.1070 0.1355 0.4424 0.0229 
  H171929.10  2 0.0086 0.0588 0.0855 0.3731 0.1274 0.0408 0.0513 0.1520 0.0678 0.0347 
  H171929.11  2 0.0105 0.0265 0.0238 0.0889 0.0252 0.3526 0.0395 0.1053 0.2859 0.0418 
   H171929.2  2 0.0483 0.1047 0.0116 0.0265 0.0559 0.1338 0.1622 0.4254 0.0160 0.0156 
   H171929.3  2 0.0209 0.0978 0.0214 0.0358 0.0406 0.1168 0.0581 0.4674 0.1089 0.0324 
   H171929.4  2 0.0460 0.1315 0.0394 0.1527 0.0349 0.0878 0.3641 0.1136 0.0094 0.0205 
   H171929.5  2 0.0465 0.0985 0.0213 0.0198 0.0871 0.2774 0.0355 0.2652 0.0598 0.0889 
   H171929.6  2 0.0350 0.0757 0.0186 0.0116 0.0855 0.3613 0.0544 0.1815 0.1194 0.0570 
   H171929.7  2 0.0370 0.0539 0.0296 0.0468 0.0138 0.1154 0.5754 0.0922 0.0205 0.0154 
   H171929.8  2 0.0151 0.0392 0.0259 0.1031 0.0362 0.3309 0.3414 0.0698 0.0181 0.0203 
   H171929.9  2 0.0207 0.1314 0.0619 0.1064 0.1425 0.1436 0.3204 0.0429 0.0082 0.0220 
   H171930.1  2 0.1108 0.0073 0.0139 0.0269 0.7003 0.0184 0.0122 0.0424 0.0440 0.0237 
   H171930.2  2 0.0632 0.0152 0.0214 0.1303 0.6558 0.0176 0.0149 0.0595 0.0128 0.0093 
   H171930.3  2 0.0398 0.0108 0.0102 0.0268 0.8340 0.0070 0.0081 0.0242 0.0257 0.0136 
   H171930.4  2 0.1133 0.0121 0.0085 0.0308 0.7186 0.0076 0.0065 0.0742 0.0134 0.0150 
   H171930.5  2 0.0792 0.0162 0.0221 0.0372 0.7063 0.0471 0.0230 0.0282 0.0281 0.0126 
   H171930.6  2 0.0368 0.0078 0.0225 0.0190 0.8422 0.0130 0.0062 0.0289 0.0064 0.0171 
   H171930.7  2 0.0183 0.0089 0.0116 0.0093 0.8813 0.0086 0.0083 0.0131 0.0281 0.0125 
   H171930.8  2 0.0078 0.0062 0.0144 0.0175 0.8908 0.0123 0.0106 0.0150 0.0121 0.0133 
   H171933.1  2 0.0085 0.8593 0.0092 0.0258 0.0131 0.0080 0.0102 0.0140 0.0441 0.0078 
   H171933.2  2 0.0098 0.7112 0.0179 0.1242 0.0178 0.0086 0.0220 0.0208 0.0565 0.0111 
   H171933.3  2 0.0121 0.6930 0.0092 0.1349 0.0442 0.0250 0.0202 0.0323 0.0156 0.0137 
   H171933.4  2 0.0089 0.8278 0.0085 0.0214 0.0521 0.0281 0.0141 0.0117 0.0063 0.0210 
   H171933.5  2 0.0368 0.2741 0.0078 0.0458 0.2136 0.2464 0.0776 0.0396 0.0125 0.0458 
   H171933.6  2 0.0152 0.8345 0.0219 0.0666 0.0115 0.0139 0.0094 0.0101 0.0077 0.0093 
   H171933.7  2 0.0212 0.6970 0.0164 0.0258 0.0511 0.0762 0.0313 0.0351 0.0258 0.0201 
   H171933.8  2 0.0098 0.7375 0.0167 0.0200 0.0729 0.0298 0.0270 0.0298 0.0380 0.0186 
   H171933.9  2 0.0120 0.9107 0.0078 0.0077 0.0163 0.0160 0.0070 0.0091 0.0046 0.0089 
      H190.1  2 0.0953 0.0237 0.0151 0.0178 0.7587 0.0115 0.0189 0.0274 0.0062 0.0255 
      H190.2  2 0.0098 0.0071 0.0327 0.0383 0.0262 0.0167 0.0204 0.8306 0.0070 0.0113 
      H190.3  2 0.0225 0.0181 0.0261 0.1046 0.0335 0.0580 0.0680 0.6421 0.0114 0.0156 
      H190.4  2 0.0432 0.0882 0.0065 0.0418 0.7475 0.0169 0.0180 0.0171 0.0099 0.0109 
      H190.5  2 0.0203 0.0161 0.0536 0.0371 0.0412 0.0246 0.0216 0.7674 0.0052 0.0128 
      H190.6  2 0.0427 0.0643 0.0114 0.0698 0.7253 0.0214 0.0246 0.0187 0.0089 0.0128 
      H190.7  2 0.0146 0.0127 0.0138 0.5706 0.0459 0.1011 0.1461 0.0494 0.0094 0.0363 
      H190.8  2 0.0386 0.0111 0.0525 0.0696 0.4617 0.0527 0.0461 0.2387 0.0064 0.0226 
      H190.9  2 0.0195 0.0160 0.0178 0.0861 0.2204 0.0492 0.0900 0.4694 0.0104 0.0212 
      H400.1  2 0.0140 0.3436 0.0133 0.4785 0.0654 0.0261 0.0132 0.0102 0.0120 0.0240 
      H400.2  2 0.0168 0.2887 0.0567 0.5268 0.0236 0.0258 0.0098 0.0152 0.0242 0.0125 
      H400.3  2 0.0408 0.2599 0.0162 0.4497 0.0726 0.0510 0.0210 0.0168 0.0206 0.0514 
      H400.4  2 0.0189 0.0315 0.0422 0.7755 0.0643 0.0181 0.0107 0.0129 0.0072 0.0187 
      H400.5  2 0.0355 0.6086 0.0121 0.1625 0.0752 0.0456 0.0130 0.0125 0.0114 0.0236 
      H400.6  2 0.0111 0.1035 0.0196 0.7364 0.0159 0.0430 0.0164 0.0126 0.0055 0.0359 
      H400.7  2 0.0138 0.3572 0.0062 0.5082 0.0236 0.0209 0.0203 0.0236 0.0065 0.0198 
