      H105.1  1 0.3680 0.0818 0.1565 0.1130 0.2807 
      H105.2  1 0.1483 0.2813 0.3086 0.2133 0.0485 
      H105.3  1 0.4093 0.0639 0.1485 0.1310 0.2473 
      H105.4  1 0.0989 0.1129 0.2934 0.4545 0.0403 
      H105.5  1 0.1327 0.0490 0.1180 0.6713 0.0290 
      H105.6  1 0.0880 0.0169 0.4180 0.3356 0.1416 
      H105.7  1 0.1039 0.1354 0.3020 0.1287 0.3301 
      H105.8  1 0.2198 0.0471 0.1081 0.1821 0.4429 
      H115.1  1 0.2273 0.0640 0.0465 0.5578 0.1044 
      H115.2  1 0.0649 0.0516 0.0462 0.7983 0.0390 
      H115.3  1 0.0191 0.0232 0.0115 0.9270 0.0193 
      H115.4  1 0.6570 0.1630 0.0354 0.1300 0.0147 
      H115.5  1 0.0373 0.1209 0.0322 0.6331 0.1765 
      H115.6  1 0.0398 0.0491 0.0502 0.8306 0.0303 
      H115.7  1 0.1230 0.1748 0.1787 0.5090 0.0145 
      H115.8  1 0.0310 0.0407 0.0195 0.5009 0.4080 
      H115.9  1 0.0191 0.0198 0.0121 0.8853 0.0637 
      H145.1  1 0.0512 0.0139 0.7201 0.1314 0.0834 
      H145.2  1 0.0436 0.0107 0.7244 0.1400 0.0812 
      H145.3  1 0.0191 0.0646 0.5031 0.0803 0.3329 
      H145.4  1 0.0152 0.0134 0.9320 0.0183 0.0212 
      H145.5  1 0.0327 0.0284 0.5193 0.0576 0.3621 
      H145.6  1 0.0284 0.0274 0.8544 0.0402 0.0497 
      H145.7  1 0.0180 0.0599 0.8559 0.0363 0.0299 
      H149.1  1 0.7765 0.0112 0.0449 0.1363 0.0311 
      H149.2  1 0.6495 0.0302 0.1339 0.1738 0.0126 
      H149.3  1 0.5494 0.0732 0.2087 0.1420 0.0267 
      H149.4  1 0.7956 0.0190 0.0854 0.0792 0.0207 
      H149.5  1 0.5046 0.1467 0.3022 0.0329 0.0135 
      H149.6  1 0.5279 0.0365 0.3271 0.0974 0.0112 
      H149.7  1 0.6071 0.1017 0.2128 0.0328 0.0457 
      H150.1  1 0.0101 0.0186 0.0271 0.8848 0.0593 
      H150.2  1 0.0991 0.0317 0.0870 0.7265 0.0557 
      H150.3  1 0.0333 0.0311 0.2920 0.5326 0.1110 
      H150.4  1 0.0094 0.0195 0.0346 0.8269 0.1096 
      H150.5  1 0.0425 0.0645 0.0918 0.7841 0.0171 
      H150.6  1 0.2314 0.1824 0.0835 0.4911 0.0116 
      H150.7  1 0.0111 0.0100 0.0248 0.8708 0.0833 
   H169607.1  1 0.1872 0.1898 0.1136 0.4475 0.0619 
   H169607.2  1 0.1161 0.0295 0.0803 0.7430 0.0311 
   H169607.3  1 0.0626 0.3899 0.0752 0.4167 0.0556 
   H169607.4  1 0.0460 0.0173 0.0351 0.8869 0.0147 
   H169607.5  1 0.0794 0.0325 0.0513 0.7844 0.0524 
   H169607.6  1 0.1423 0.0450 0.0422 0.7390 0.0315 
   H169607.7  1 0.7014 0.0427 0.0381 0.1786 0.0392 
   H169607.8  1 0.0561 0.0245 0.0400 0.8536 0.0259 
   H169633.1  1 0.2874 0.1036 0.3578 0.1402 0.1110 
   H169633.2  1 0.6357 0.0604 0.1694 0.0355 0.0991 
   H169633.3  1 0.4724 0.0313 0.3725 0.0305 0.0933 
   H169633.4  1 0.5192 0.0475 0.1597 0.1794 0.0942 
   H169633.5  1 0.5139 0.0565 0.1572 0.1775 0.0949 
   H169688.1  1 0.0420 0.8438 0.0601 0.0407 0.0134 
   H169688.2  1 0.0505 0.8734 0.0238 0.0232 0.0291 
   H169688.3  1 0.0986 0.7394 0.0955 0.0533 0.0132 
   H169688.4  1 0.0435 0.3726 0.0194 0.4798 0.0847 
   H169688.5  1 0.0431 0.3401 0.0246 0.4856 0.1066 
   H169688.6  1 0.1599 0.7014 0.0452 0.0406 0.0529 
   H169688.7  1 0.1969 0.4462 0.1653 0.1354 0.0562 
   H171901.1  1 0.0341 0.1456 0.4746 0.2701 0.0757 
   H171901.2  1 0.5087 0.0210 0.1497 0.2832 0.0374 
   H171901.3  1 0.6196 0.0867 0.0436 0.2298 0.0204 
   H171901.4  1 0.7484 0.0278 0.0306 0.1721 0.0212 
   H171901.5  1 0.7525 0.0172 0.0339 0.1835 0.0129 
   H171901.6  1 0.5781 0.0225 0.1272 0.2524 0.0198 
   H171901.7  1 0.7324 0.0395 0.0809 0.1096 0.0376 
   H171902.1  1 0.2111 0.0297 0.0193 0.6358 0.1041 
  H171902.10  1 0.7818 0.0099 0.0190 0.1790 0.0103 
   H171902.2  1 0.2151 0.2692 0.0349 0.3039 0.1769 
   H171902.3  1 0.7970 0.0151 0.0230 0.1477 0.0173 
   H171902.4  1 0.2829 0.0304 0.0702 0.5412 0.0754 
   H171902.6  1 0.7258 0.0109 0.0269 0.2217 0.0146 
   H171902.7  1 0.4480 0.0133 0.0268 0.4561 0.0558 
   H171902.8  1 0.7531 0.0169 0.0289 0.1817 0.0194 
   H171902.9  1 0.0267 0.0122 0.0240 0.9016 0.0356 
   H171903.1  1 0.0608 0.0271 0.0599 0.8345 0.0177 
   H171903.2  1 0.0773 0.0465 0.0216 0.7600 0.0947 
   H171903.3  1 0.2224 0.0579 0.0633 0.5890 0.0674 
   H171903.4  1 0.0422 0.1576 0.2675 0.5176 0.0151 
   H171903.5  1 0.3836 0.1449 0.0218 0.3684 0.0812 
   H171903.6  1 0.1175 0.1104 0.0174 0.7372 0.0175 
      H177.1  1 0.5286 0.1557 0.1568 0.1316 0.0273 
      H177.2  1 0.5164 0.0724 0.0679 0.1299 0.2134 
      H177.3  1 0.6938 0.0203 0.0631 0.1847 0.0380 
      H177.4  1 0.6149 0.1639 0.1300 0.0597 0.0315 
      H177.5  1 0.0341 0.8455 0.0386 0.0575 0.0243 
      H177.6  1 0.6884 0.0135 0.0720 0.1823 0.0438 
      H179.1  1 0.7992 0.1394 0.0147 0.0253 0.0214 
      H179.2  1 0.8804 0.0513 0.0141 0.0303 0.0238 
      H179.3  1 0.2624 0.5970 0.0155 0.0727 0.0523 
      H179.4  1 0.9062 0.0340 0.0242 0.0149 0.0207 
      H180.1  1 0.4546 0.1522 0.0265 0.3497 0.0170 
      H180.2  1 0.1115 0.1938 0.0338 0.6345 0.0264 
      H180.3  1 0.0594 0.0765 0.0251 0.7962 0.0428 
      H180.4  1 0.3286 0.1868 0.2383 0.1921 0.0543 
      H180.5  1 0.3398 0.1712 0.0705 0.2909 0.1276 
      H180.6  1 0.0451 0.0209 0.0583 0.1108 0.7650 
      H181.1  1 0.4018 0.4533 0.0238 0.0921 0.0289 
      H181.2  1 0.6655 0.1608 0.0574 0.0775 0.0388 
      H181.3  1 0.4759 0.3721 0.0482 0.0337 0.0701 
      H181.4  1 0.2793 0.4288 0.0456 0.2225 0.0239 
      H181.5  1 0.4227 0.4464 0.0439 0.0180 0.0690 
      H181.6  1 0.7535 0.1068 0.0420 0.0746 0.0231 
      H181.7  1 0.7432 0.1025 0.0158 0.0386 0.0999 
 H194.1_2004  1 0.0211 0.0178 0.8816 0.0505 0.0290 
 H194.2_2004  1 0.0127 0.0430 0.9088 0.0221 0.0134 
 H194.3_2004  1 0.0521 0.0118 0.8874 0.0246 0.0241 
 H194.4_2004  1 0.0243 0.0465 0.8717 0.0346 0.0228 
 H194.5_2004  1 0.0433 0.0185 0.8906 0.0260 0.0216 
 H194.6_2004  1 0.1155 0.1236 0.6661 0.0672 0.0276 
 H194.7_2004  1 0.0141 0.0344 0.8700 0.0229 0.0587 
 H194.8_2004  1 0.0387 0.1092 0.7953 0.0291 0.0278 
      H194.9  1 0.0131 0.0241 0.8807 0.0269 0.0551 
 H195.1_2003  1 0.0568 0.0224 0.8625 0.0437 0.0146 
 H195.1_2004  1 0.0465 0.0266 0.8803 0.0191 0.0275 
 H195.2_2003  1 0.0689 0.0581 0.4694 0.3292 0.0744 
 H195.2_2004  1 0.0176 0.0454 0.8508 0.0205 0.0657 
 H195.3_2003  1 0.0283 0.0591 0.3781 0.5023 0.0322 
 H195.3_2004  1 0.0341 0.0206 0.9069 0.0225 0.0158 
 H195.4_2003  1 0.0174 0.0138 0.9281 0.0332 0.0075 
 H195.4_2004  1 0.0176 0.2136 0.7030 0.0151 0.0508 
 H195.5_2003  1 0.0343 0.0269 0.8892 0.0389 0.0106 
 H195.5_2004  1 0.0211 0.0228 0.9155 0.0152 0.0255 
 H195.6_2003  1 0.0256 0.0539 0.5921 0.3080 0.0202 
 H195.6_2004  1 0.0200 0.0106 0.9373 0.0112 0.0209 
 H195.7_2003  1 0.0396 0.1169 0.8043 0.0215 0.0178 
 H195.7_2004  1 0.0372 0.0521 0.7608 0.0376 0.1123 
      H195.8  1 0.0180 0.1252 0.7905 0.0212 0.0450 
      H195.9  1 0.0430 0.0563 0.8060 0.0393 0.0555 
      H415.1  1 0.2995 0.0199 0.2132 0.1522 0.3152 
      H415.2  1 0.4414 0.0180 0.0550 0.4575 0.0281 
      H415.3  1 0.8480 0.0127 0.0682 0.0517 0.0193 
      H415.4  1 0.4019 0.0212 0.2231 0.2894 0.0644 
      H415.5  1 0.7994 0.0095 0.0731 0.0999 0.0180 
      H415.6  1 0.4304 0.0197 0.2170 0.2695 0.0634 
      H415.7  1 0.6098 0.0208 0.1029 0.2356 0.0310 
      H506.1  1 0.9462 0.0134 0.0091 0.0105 0.0208 
      H506.2  1 0.9512 0.0108 0.0103 0.0160 0.0118 
      H506.3  1 0.7322 0.0764 0.0124 0.0138 0.1652 
      H506.4  1 0.8677 0.0332 0.0117 0.0196 0.0678 
      H506.5  1 0.9272 0.0138 0.0110 0.0239 0.0242 
      H506.6  1 0.6686 0.1067 0.0192 0.0669 0.1386 
      H506.7  1 0.9321 0.0132 0.0096 0.0155 0.0296 
      H533.1  1 0.9549 0.0133 0.0065 0.0089 0.0165 
      H533.2  1 0.9561 0.0102 0.0073 0.0099 0.0164 
      H533.3  1 0.9397 0.0175 0.0069 0.0200 0.0159 
      H533.4  1 0.9276 0.0198 0.0129 0.0226 0.0171 
      H535.1  1 0.8475 0.0181 0.0328 0.0832 0.0184 
      H535.2  1 0.7465 0.1144 0.0529 0.0171 0.0691 
      H535.3  1 0.5961 0.1702 0.0507 0.0628 0.1201 
      H535.4  1 0.9215 0.0149 0.0404 0.0143 0.0088 
      H535.5  1 0.9506 0.0117 0.0174 0.0113 0.0091 
      H535.6  1 0.6514 0.1138 0.1115 0.0841 0.0392 
      H535.7  1 0.9380 0.0129 0.0124 0.0153 0.0214 
      H535.8  1 0.8310 0.0681 0.0421 0.0153 0.0435 
      H535.9  1 0.8690 0.0194 0.0207 0.0647 0.0262 
      H539.1  1 0.0065 0.0071 0.0083 0.9011 0.0770 
      H539.2  1 0.2643 0.1629 0.0249 0.4469 0.1009 
      H539.3  1 0.0103 0.0213 0.0276 0.7675 0.1734 
      H539.4  1 0.0214 0.0222 0.0096 0.7297 0.2171 
      H539.5  1 0.0080 0.0089 0.0090 0.8283 0.1458 
      H539.6  1 0.0093 0.0120 0.0149 0.9136 0.0503 
      H539.7  1 0.0109 0.0125 0.0162 0.9071 0.0534 
      H539.8  1 0.0232 0.0516 0.0978 0.5915 0.2358 
      H539.9  1 0.0113 0.0146 0.0087 0.7300 0.2353 
      H540.1  1 0.0150 0.0137 0.0108 0.9313 0.0291 
      H540.2  1 0.0132 0.0093 0.0164 0.9479 0.0131 
      H540.3  1 0.0357 0.1189 0.0937 0.6540 0.0977 
      H540.4  1 0.0521 0.0305 0.0236 0.8780 0.0157 
      H540.5  1 0.0169 0.0264 0.0149 0.8540 0.0878 
      H540.6  1 0.0219 0.0514 0.0159 0.8381 0.0727 
      H540.7  1 0.0209 0.0185 0.0193 0.9139 0.0274 
      H540.8  1 0.0273 0.0130 0.0207 0.9259 0.0131 
     H9558.1  1 0.0146 0.0102 0.0157 0.9359 0.0237 
     H9558.2  1 0.0169 0.0126 0.0123 0.8665 0.0916 
     H9558.3  1 0.0131 0.0120 0.0174 0.8303 0.1273 
     H9558.4  1 0.0371 0.0143 0.0092 0.9191 0.0203 
     H9558.5  1 0.0633 0.0294 0.0144 0.8545 0.0384 
     H9558.6  1 0.0094 0.0317 0.0260 0.7066 0.2263 
    kos339.1  1 0.8493 0.0159 0.0171 0.0956 0.0221 
    kos339.2  1 0.7156 0.0225 0.0979 0.0459 0.1180 
    kos339.3  1 0.8335 0.0128 0.0275 0.1134 0.0129 
    kos339.4  1 0.8039 0.0146 0.0578 0.1073 0.0164 
    kos339.5  1 0.8161 0.0159 0.0260 0.1308 0.0112 
    kos339.6  1 0.6758 0.0172 0.1342 0.1339 0.0388 
    kos339.7  1 0.8905 0.0095 0.0125 0.0717 0.0158 
    kos339.8  1 0.8899 0.0142 0.0188 0.0622 0.0149 
    kos339.9  1 0.6941 0.0145 0.0899 0.1780 0.0235 
      H008.1  2 0.0292 0.0168 0.0185 0.0416 0.8939 
      H008.2  2 0.1007 0.0443 0.0205 0.1047 0.7297 
      H008.3  2 0.1718 0.2399 0.0771 0.1300 0.3811 
      H008.4  2 0.0138 0.0131 0.0241 0.0207 0.9283 
      H008.5  2 0.0283 0.0249 0.0192 0.0185 0.9091 
      H008.6  2 0.0308 0.0206 0.0225 0.0391 0.8870 
      H008.7  2 0.0249 0.0268 0.0322 0.0225 0.8936 
      H008.8  2 0.0407 0.0237 0.0230 0.2503 0.6623 
      H008.9  2 0.0577 0.0351 0.0918 0.2272 0.5882 
 H029.1_2002  2 0.0090 0.0301 0.0152 0.0266 0.9192 
 H029.1_2003  2 0.0554 0.0589 0.0310 0.0219 0.8328 
 H029.2_2002  2 0.0493 0.0221 0.0187 0.0214 0.8885 
 H029.2_2003  2 0.0762 0.0500 0.0240 0.0287 0.8212 
 H029.3_2002  2 0.0673 0.1372 0.0181 0.0145 0.7629 
 H029.3_2003  2 0.0426 0.0422 0.0185 0.0108 0.8858 
 H029.4_2002  2 0.0126 0.0198 0.0121 0.0067 0.9487 
 H029.4_2003  2 0.0319 0.0748 0.0227 0.0359 0.8348 
 H029.5_2002  2 0.0094 0.0238 0.0230 0.0149 0.9289 
 H029.5_2003  2 0.0178 0.0146 0.0117 0.0127 0.9432 
 H029.6_2002  2 0.0128 0.0537 0.0148 0.0074 0.9113 
 H029.6_2003  2 0.1758 0.0590 0.1025 0.0574 0.6052 
      H029.7  2 0.0188 0.0159 0.0173 0.0133 0.9347 
      H030.1  2 0.0499 0.8598 0.0390 0.0222 0.0290 
      H030.2  2 0.0455 0.5987 0.0488 0.0285 0.2784 
      H038.1  2 0.0110 0.0138 0.0081 0.0124 0.9548 
      H038.2  2 0.0233 0.0142 0.0142 0.0142 0.9341 
      H038.3  2 0.0272 0.0156 0.0182 0.0179 0.9211 
      H038.4  2 0.0155 0.0128 0.0248 0.0103 0.9366 
      H038.5  2 0.0272 0.0260 0.0129 0.0083 0.9255 
      H038.6  2 0.0179 0.0218 0.0071 0.0127 0.9406 
      H038.7  2 0.0210 0.0130 0.0106 0.0162 0.9392 
      H038.8  2 0.0202 0.0184 0.0142 0.0132 0.9341 
      H041.1  2 0.0248 0.0672 0.2359 0.0125 0.6596 
      H041.2  2 0.0247 0.0441 0.2780 0.0173 0.6359 
      H041.4  2 0.0202 0.0548 0.1173 0.0293 0.7784 
      H041.6  2 0.0200 0.0589 0.2099 0.0639 0.6474 
 H042.1_2002  2 0.0415 0.4479 0.4201 0.0674 0.0230 
 H042.1_2003  2 0.0640 0.0519 0.1618 0.1583 0.5640 
 H042.2_2002  2 0.0916 0.1810 0.0900 0.0227 0.6147 
 H042.2_2003  2 0.0414 0.0340 0.6354 0.0944 0.1949 
 H042.3_2002  2 0.0578 0.3271 0.5292 0.0520 0.0339 
 H042.3_2003  2 0.0784 0.2062 0.3582 0.0863 0.2709 
 H042.4_2002  2 0.0240 0.6714 0.1835 0.0396 0.0814 
 H042.4_2003  2 0.0156 0.5806 0.2004 0.1141 0.0894 
      H042.5  2 0.0157 0.7949 0.1523 0.0246 0.0124 
      H042.6  2 0.0193 0.8003 0.0527 0.0843 0.0434 
      H042.7  2 0.0221 0.1273 0.8071 0.0221 0.0214 
      H042.8  2 0.0199 0.4506 0.4433 0.0209 0.0653 
   H042_2002  2 0.0323 0.0274 0.0769 0.6283 0.2350 
   H042_2003  2 0.0291 0.0249 0.0774 0.6417 0.2270 
      H043.1  2 0.0258 0.0350 0.0139 0.3697 0.5556 
      H043.2  2 0.0131 0.0123 0.0345 0.4381 0.5021 
      H043.3  2 0.0418 0.0137 0.0157 0.1618 0.7670 
      H043.4  2 0.0144 0.0143 0.0121 0.5189 0.4403 
      H043.5  2 0.0116 0.0106 0.0149 0.0468 0.9162 
      H043.6  2 0.0142 0.0115 0.0128 0.0499 0.9115 
      H043.7  2 0.0147 0.0116 0.0174 0.7456 0.2108 
      H043.8  2 0.1106 0.0694 0.0424 0.3878 0.3899 
      H043.9  2 0.0311 0.0372 0.0125 0.3885 0.5306 
      H047.1  2 0.0878 0.0174 0.0270 0.2747 0.5931 
      H047.2  2 0.1933 0.0347 0.0572 0.0623 0.6525 
      H047.3  2 0.2187 0.0622 0.1723 0.0441 0.5026 
      H047.4  2 0.1010 0.0534 0.3118 0.0596 0.4743 
      H047.5  2 0.2593 0.0414 0.2874 0.1372 0.2747 
      H047.6  2 0.0780 0.0517 0.2421 0.0413 0.5869 
      H047.7  2 0.1168 0.0284 0.0912 0.1058 0.6578 
      H047.8  2 0.1795 0.0410 0.2258 0.0867 0.4670 
      H047.9  2 0.3083 0.0274 0.1902 0.1845 0.2896 
 H071.1_2002  2 0.0213 0.0162 0.0107 0.0363 0.9155 
 H071.1_2003  2 0.0202 0.0362 0.0260 0.1562 0.7615 
     H071.10  2 0.0207 0.0572 0.0104 0.0103 0.9014 
 H071.2_2002  2 0.0150 0.0128 0.0097 0.0154 0.9472 
 H071.2_2003  2 0.0113 0.0125 0.0095 0.0130 0.9538 
      H071.3  2 0.0353 0.0352 0.0226 0.0170 0.8900 
 H071.4_2002  2 0.0431 0.0256 0.0135 0.0194 0.8984 
 H071.4_2003  2 0.0304 0.0182 0.0121 0.0202 0.9192 
 H071.5_2002  2 0.0180 0.0358 0.0101 0.0176 0.9185 
 H071.5_2003  2 0.0415 0.0257 0.0220 0.0405 0.8702 
 H071.6_2002  2 0.0359 0.0238 0.0100 0.0129 0.9174 
 H071.6_2003  2 0.0243 0.0511 0.0130 0.0384 0.8731 
 H071.7_2002  2 0.0099 0.0109 0.0072 0.0173 0.9548 
 H071.7_2003  2 0.0320 0.0347 0.0199 0.0548 0.8586 
      H071.8  2 0.0128 0.0102 0.0116 0.0122 0.9532 
      H071.9  2 0.0345 0.0482 0.0316 0.0256 0.8601 
 H081.1_2002  2 0.0101 0.0151 0.0112 0.0204 0.9432 
 H081.1_2003  2 0.0519 0.1983 0.0347 0.1702 0.5450 
 H081.2_2002  2 0.0110 0.0148 0.0186 0.0788 0.8768 
 H081.2_2003  2 0.0226 0.8350 0.0162 0.0753 0.0509 
 H081.3_2002  2 0.0117 0.0201 0.0222 0.0168 0.9292 
 H081.3_2003  2 0.0570 0.3170 0.0257 0.4971 0.1033 
 H081.4_2002  2 0.0326 0.0387 0.0182 0.0369 0.8736 
 H081.4_2003  2 0.0801 0.4917 0.0518 0.2938 0.0825 
 H081.5_2002  2 0.0122 0.0364 0.0106 0.0314 0.9094 
 H081.5_2003  2 0.0595 0.2067 0.1013 0.3764 0.2561 
      H081.6  2 0.0133 0.0301 0.0093 0.0308 0.9166 
      H081.7  2 0.0150 0.0299 0.0285 0.0497 0.8769 
      H081.8  2 0.0250 0.0910 0.0297 0.0209 0.8334 
      H083.1  2 0.0261 0.0515 0.0076 0.0127 0.9021 
      H083.2  2 0.0207 0.0371 0.0126 0.0307 0.8989 
      H083.4  2 0.0201 0.0440 0.0143 0.0130 0.9085 
      H083.5  2 0.0130 0.0229 0.0123 0.0099 0.9418 
      H083.6  2 0.0392 0.0671 0.0136 0.0118 0.8683 
      H083.7  2 0.0179 0.0315 0.0188 0.0160 0.9157 
      H083.8  2 0.0287 0.0203 0.0170 0.0243 0.9097 
      H083.9  2 0.0140 0.0330 0.0136 0.0123 0.9270 
      H084.1  2 0.0212 0.9132 0.0188 0.0175 0.0294 
      H084.2  2 0.0386 0.8932 0.0103 0.0221 0.0358 
      H084.3  2 0.0950 0.5563 0.1752 0.0391 0.1344 
      H084.4  2 0.0691 0.4080 0.1844 0.0422 0.2963 
      H084.5  2 0.1361 0.5868 0.1858 0.0354 0.0558 
      H084.6  2 0.0565 0.6101 0.2104 0.0263 0.0966 
      H084.7  2 0.0183 0.9285 0.0191 0.0130 0.0211 
      H084.8  2 0.0375 0.6689 0.2232 0.0182 0.0522 
 H085.1_2002  2 0.0230 0.1996 0.0314 0.1314 0.6147 
 H085.1_2003  2 0.0292 0.1133 0.0416 0.0239 0.7921 
 H085.2_2002  2 0.0310 0.5590 0.0920 0.1420 0.1760 
 H085.2_2003  2 0.0489 0.1353 0.0210 0.0281 0.7668 
 H085.3_2002  2 0.0147 0.1171 0.4075 0.3851 0.0756 
 H085.3_2003  2 0.0236 0.0380 0.0295 0.0597 0.8492 
 H085.4_2002  2 0.0249 0.1595 0.0466 0.1445 0.6245 
 H085.4_2003  2 0.0183 0.0995 0.0429 0.0458 0.7935 
 H085.5_2002  2 0.0158 0.0567 0.2217 0.4938 0.2119 
 H085.5_2003  2 0.0224 0.1932 0.0131 0.0140 0.7574 
 H085.6_2002  2 0.0310 0.2533 0.0889 0.3558 0.2711 
 H085.6_2003  2 0.0355 0.0468 0.4319 0.2571 0.2287 
 H085.7_2002  2 0.0274 0.3254 0.1389 0.2887 0.2196 
 H085.7_2003  2 0.0236 0.0229 0.0393 0.0249 0.8893 
 H085.8_2002  2 0.0187 0.0505 0.3591 0.3838 0.1879 
 H085.8_2003  2 0.0426 0.5542 0.0979 0.0414 0.2638 
      H085.9  2 0.0152 0.1014 0.0886 0.1849 0.6099 
      H088.1  2 0.0244 0.6849 0.2282 0.0375 0.0250 
      H088.2  2 0.0339 0.7914 0.1251 0.0302 0.0194 
      H088.3  2 0.0240 0.8868 0.0471 0.0271 0.0149 
      H088.4  2 0.0321 0.8774 0.0218 0.0270 0.0417 
      H088.5  2 0.0168 0.8726 0.0741 0.0183 0.0183 
      H088.6  2 0.0395 0.7551 0.1575 0.0170 0.0309 
      H088.7  2 0.0465 0.4560 0.1720 0.0186 0.3069 
      H088.8  2 0.0605 0.4487 0.1488 0.0184 0.3237 
      H091.1  2 0.0522 0.8143 0.0520 0.0236 0.0579 
      H091.2  2 0.0952 0.6512 0.1600 0.0161 0.0775 
      H109.1  2 0.1248 0.5993 0.0558 0.0634 0.1568 
      H109.2  2 0.0678 0.7496 0.0566 0.0589 0.0671 
      H109.3  2 0.2343 0.2012 0.3911 0.0304 0.1430 
      H109.4  2 0.1611 0.4007 0.1461 0.1251 0.1670 
      H109.5  2 0.0885 0.1067 0.6906 0.0254 0.0887 
      H109.6  2 0.1942 0.3865 0.1012 0.1796 0.1386 
      H126.1  2 0.1151 0.0368 0.1367 0.6637 0.0477 
      H126.2  2 0.0307 0.0198 0.0178 0.1075 0.8242 
      H126.3  2 0.0311 0.0180 0.0269 0.0287 0.8954 
      H126.4  2 0.1168 0.0455 0.0309 0.6698 0.1371 
      H126.5  2 0.0834 0.0170 0.0240 0.7784 0.0973 
      H126.6  2 0.0629 0.0167 0.0128 0.0437 0.8639 
      H126.7  2 0.0618 0.1048 0.0217 0.0808 0.7309 
      H130.1  2 0.0416 0.1150 0.0501 0.7745 0.0189 
      H130.2  2 0.0404 0.8386 0.0253 0.0449 0.0508 
      H130.3  2 0.3926 0.3403 0.0243 0.1784 0.0645 
      H130.4  2 0.2198 0.2123 0.0422 0.4869 0.0387 
      H130.5  2 0.0243 0.7649 0.0405 0.1353 0.0349 
      H133.1  2 0.0956 0.2217 0.0901 0.0872 0.5054 
      H133.2  2 0.0775 0.1545 0.0399 0.6450 0.0831 
      H133.3  2 0.0792 0.0779 0.1938 0.0401 0.6091 
      H133.4  2 0.2607 0.0848 0.0639 0.2125 0.3781 
      H133.5  2 0.2397 0.3810 0.0205 0.2492 0.1096 
      H133.6  2 0.0609 0.4951 0.0271 0.3711 0.0458 
      H133.7  2 0.0531 0.0230 0.4842 0.0747 0.3650 
      H133.8  2 0.1796 0.1042 0.2503 0.1416 0.3243 
      H133.9  2 0.1271 0.3277 0.0835 0.0751 0.3866 
      H147.1  2 0.0133 0.2093 0.2760 0.0527 0.4487 
      H147.2  2 0.0106 0.0302 0.0159 0.0361 0.9073 
      H147.3  2 0.0166 0.0342 0.0253 0.0363 0.8877 
      H147.4  2 0.0086 0.0287 0.0147 0.0126 0.9354 
      H147.5  2 0.0187 0.7220 0.0288 0.0427 0.1877 
      H147.6  2 0.0288 0.6977 0.0371 0.0646 0.1717 
      H147.7  2 0.0155 0.0265 0.0261 0.0134 0.9185 
      H147.8  2 0.0138 0.2222 0.0147 0.0089 0.7405 
      H147.9  2 0.0129 0.0417 0.0170 0.0435 0.8849 
      H148.1  2 0.0838 0.2822 0.1355 0.3923 0.1061 
      H148.2  2 0.0741 0.1363 0.4362 0.1795 0.1739 
      H148.3  2 0.0103 0.0135 0.9410 0.0187 0.0164 
      H148.4  2 0.0773 0.0390 0.4937 0.2716 0.1184 
      H148.5  2 0.0443 0.0824 0.7760 0.0443 0.0530 
      H148.6  2 0.0371 0.1254 0.5830 0.0885 0.1661 
      H148.7  2 0.1132 0.0918 0.7025 0.0472 0.0454 
      H148.8  2 0.0152 0.0222 0.8917 0.0524 0.0185 
      H148.9  2 0.1818 0.0844 0.3699 0.2757 0.0883 
   H166022.1  2 0.0081 0.9379 0.0274 0.0096 0.0170 
   H166022.2  2 0.0256 0.8589 0.0425 0.0229 0.0501 
   H166022.3  2 0.0151 0.9530 0.0116 0.0125 0.0078 
   H166022.4  2 0.0231 0.9414 0.0176 0.0086 0.0094 
   H166022.5  2 0.0298 0.9359 0.0114 0.0097 0.0131 
   H166022.6  2 0.0097 0.9288 0.0163 0.0273 0.0179 
   H166022.7  2 0.5943 0.0183 0.0090 0.0316 0.3469 
   H166022.8  2 0.0288 0.8394 0.0412 0.0723 0.0183 
   H167397.1  2 0.0203 0.0227 0.0622 0.0252 0.8697 
   H167397.2  2 0.0941 0.0351 0.0638 0.0475 0.7595 
   H167397.3  2 0.0207 0.0109 0.0205 0.0145 0.9334 
   H167397.4  2 0.0313 0.0225 0.1176 0.0100 0.8186 
   H167397.5  2 0.0249 0.0255 0.0278 0.0273 0.8945 
   H167397.6  2 0.0297 0.0168 0.0762 0.0193 0.8580 
   H167496.1  2 0.1514 0.3733 0.4112 0.0427 0.0213 
   H167496.2  2 0.1660 0.0746 0.4502 0.1083 0.2009 
   H167496.3  2 0.0395 0.2685 0.4209 0.2088 0.0624 
   H167496.4  2 0.0132 0.9391 0.0189 0.0104 0.0183 
   H167496.6  2 0.0497 0.8388 0.0223 0.0505 0.0387 
   H167496.7  2 0.1838 0.1189 0.4154 0.2603 0.0216 
   H167496.8  2 0.0329 0.8572 0.0374 0.0265 0.0461 
   H167513.1  2 0.2167 0.3795 0.1512 0.1131 0.1395 
   H167513.2  2 0.0525 0.1022 0.5628 0.1823 0.1002 
   H167513.3  2 0.4849 0.3774 0.0468 0.0688 0.0222 
   H167513.4  2 0.0501 0.8187 0.0763 0.0252 0.0297 
   H167513.5  2 0.0457 0.1821 0.3776 0.1479 0.2467 
   H167513.6  2 0.0865 0.3271 0.3387 0.1657 0.0820 
   H167513.7  2 0.0998 0.6698 0.0300 0.0510 0.1493 
   H167513.8  2 0.3551 0.3505 0.0255 0.1021 0.1668 
   H167547.1  2 0.0274 0.0379 0.7988 0.1168 0.0191 
   H167547.2  2 0.0191 0.0356 0.9053 0.0139 0.0260 
   H167547.3  2 0.0152 0.0270 0.9200 0.0142 0.0237 
   H167547.4  2 0.0251 0.2715 0.5729 0.1050 0.0256 
   H167547.5  2 0.0107 0.0347 0.9264 0.0163 0.0118 
   H167547.6  2 0.0098 0.0441 0.9126 0.0167 0.0168 
   H167547.7  2 0.1259 0.0582 0.4178 0.3247 0.0734 
   H169750.1  2 0.2655 0.3090 0.1861 0.1801 0.0592 
   H169750.2  2 0.1853 0.0798 0.0802 0.1652 0.4894 
   H169750.3  2 0.4306 0.2680 0.1349 0.1342 0.0322 
   H169750.4  2 0.3861 0.0356 0.1565 0.1705 0.2513 
   H169750.5  2 0.2433 0.4041 0.1229 0.0943 0.1354 
   H169750.6  2 0.1068 0.2467 0.0481 0.1267 0.4717 
   H169750.7  2 0.5705 0.0359 0.1062 0.1756 0.1118 
   H171929.1  2 0.0238 0.0214 0.6599 0.0535 0.2414 
  H171929.10  2 0.0261 0.1709 0.5946 0.0552 0.1532 
  H171929.11  2 0.0768 0.0464 0.3721 0.1965 0.3083 
   H171929.2  2 0.1076 0.1372 0.5576 0.1512 0.0464 
   H171929.3  2 0.0717 0.1062 0.5609 0.0731 0.1881 
   H171929.4  2 0.0473 0.1665 0.5870 0.1595 0.0397 
   H171929.5  2 0.2623 0.1455 0.3018 0.1699 0.1204 
   H171929.6  2 0.2343 0.1202 0.1965 0.2650 0.1839 
   H171929.7  2 0.0553 0.0656 0.5513 0.2293 0.0986 
   H171929.8  2 0.0211 0.0470 0.5370 0.3579 0.0369 
   H171929.9  2 0.0348 0.3157 0.1756 0.4134 0.0604 
   H171930.1  2 0.4847 0.3603 0.0611 0.0366 0.0573 
   H171930.2  2 0.0934 0.7528 0.0776 0.0458 0.0304 
   H171930.3  2 0.4650 0.4332 0.0432 0.0313 0.0272 
   H171930.4  2 0.2575 0.6696 0.0443 0.0129 0.0158 
   H171930.5  2 0.2016 0.4934 0.0922 0.1238 0.0890 
   H171930.6  2 0.2742 0.5883 0.0499 0.0308 0.0568 
   H171930.7  2 0.4563 0.3992 0.0372 0.0504 0.0569 
   H171930.8  2 0.3814 0.4364 0.0501 0.0615 0.0705 
   H171933.1  2 0.0147 0.8829 0.0740 0.0130 0.0154 
   H171933.2  2 0.0144 0.8365 0.0712 0.0223 0.0556 
   H171933.3  2 0.0166 0.7929 0.1472 0.0294 0.0139 
   H171933.4  2 0.0374 0.8638 0.0269 0.0589 0.0130 
   H171933.5  2 0.0926 0.4560 0.0839 0.3516 0.0159 
   H171933.6  2 0.0171 0.9261 0.0267 0.0125 0.0177 
   H171933.7  2 0.0165 0.8594 0.0524 0.0520 0.0198 
   H171933.8  2 0.0213 0.7699 0.0723 0.0810 0.0554 
   H171933.9  2 0.0132 0.9410 0.0184 0.0194 0.0080 
      H190.1  2 0.2150 0.5873 0.0894 0.0844 0.0239 
      H190.2  2 0.0299 0.0208 0.7772 0.1254 0.0466 
      H190.3  2 0.0316 0.0575 0.6775 0.1933 0.0400 
      H190.4  2 0.0338 0.8913 0.0323 0.0310 0.0116 
      H190.5  2 0.1161 0.0441 0.5364 0.2130 0.0903 
      H190.6  2 0.0278 0.8284 0.0705 0.0588 0.0145 
      H190.7  2 0.0416 0.0744 0.4225 0.4311 0.0303 
      H190.8  2 0.1813 0.0665 0.3739 0.3283 0.0500 
      H190.9  2 0.0580 0.0716 0.5273 0.3049 0.0382 
      H400.1  2 0.0141 0.9478 0.0085 0.0173 0.0123 
      H400.2  2 0.0113 0.9411 0.0099 0.0100 0.0277 
      H400.3  2 0.0345 0.9116 0.0189 0.0217 0.0134 
      H400.4  2 0.0208 0.9265 0.0200 0.0119 0.0208 
      H400.5  2 0.0219 0.9344 0.0134 0.0110 0.0193 
      H400.6  2 0.0128 0.9470 0.0129 0.0131 0.0142 
      H400.7  2 0.0152 0.9512 0.0142 0.0121 0.0072 
 H428.1_2005  2 0.0344 0.9108 0.0176 0.0146 0.0225 
 H428.1_2006  2 0.0279 0.8658 0.0473 0.0122 0.0467 
 H428.2_2005  2 0.0217 0.9289 0.0253 0.0122 0.0119 
 H428.2_2006  2 0.0097 0.9068 0.0178 0.0123 0.0534 
 H428.3_2005  2 0.0272 0.9331 0.0175 0.0091 0.0131 
 H428.3_2006  2 0.0208 0.8663 0.0174 0.0232 0.0723 
 H428.4_2005  2 0.0296 0.9232 0.0251 0.0082 0.0139 
 H428.4_2006  2 0.0127 0.9409 0.0154 0.0110 0.0200 
 H428.5_2005  2 0.0093 0.9106 0.0161 0.0130 0.0510 
 H428.6_2005  2 0.0538 0.8960 0.0161 0.0143 0.0197 
 H428.6_2006  2 0.0305 0.8937 0.0149 0.0129 0.0480 
      H428.7  2 0.0089 0.9576 0.0094 0.0110 0.0132 
      H428.8  2 0.0133 0.9319 0.0127 0.0149 0.0272 
      H428.9  2 0.0077 0.9407 0.0127 0.0101 0.0287 
      H453.1  2 0.0226 0.9254 0.0108 0.0139 0.0273 
      H453.2  2 0.0164 0.9413 0.0132 0.0177 0.0114 
      H453.3  2 0.0102 0.9501 0.0145 0.0153 0.0098 
      H453.4  2 0.0140 0.9498 0.0135 0.0142 0.0085 
      H453.5  2 0.0154 0.9496 0.0103 0.0099 0.0149 
      H453.6  2 0.0087 0.9538 0.0101 0.0072 0.0202 
      H453.7  2 0.0417 0.4671 0.1287 0.2891 0.0735 
      H453.8  2 0.0308 0.6951 0.0564 0.1815 0.0361 
      H453.9  2 0.0175 0.8397 0.0153 0.0474 0.0800 
      H512.1  2 0.0159 0.9456 0.0117 0.0175 0.0094 
     H512.10  2 0.1531 0.5236 0.0803 0.0332 0.2097 
      H512.2  2 0.1475 0.6140 0.1360 0.0620 0.0404 
      H512.3  2 0.5865 0.2772 0.0583 0.0322 0.0457 
      H512.4  2 0.0540 0.7055 0.0686 0.0434 0.1284 
      H512.5  2 0.8183 0.0658 0.0505 0.0258 0.0396 
      H512.6  2 0.4426 0.3355 0.1163 0.0917 0.0140 
      H512.7  2 0.7661 0.1448 0.0362 0.0168 0.0362 
      H512.8  2 0.3372 0.3379 0.2516 0.0498 0.0235 
      H512.9  2 0.4260 0.4585 0.0379 0.0372 0.0404 
      H513.1  2 0.0083 0.9494 0.0104 0.0090 0.0230 
      H513.2  2 0.0068 0.9527 0.0118 0.0116 0.0171 
      H513.3  2 0.0099 0.9557 0.0119 0.0113 0.0112 
      H513.4  2 0.0172 0.9365 0.0189 0.0105 0.0170 
      H513.5  2 0.0128 0.9551 0.0088 0.0096 0.0138 
      H513.6  2 0.0142 0.8404 0.0227 0.0154 0.1073 
      H532.1  2 0.3581 0.2622 0.0263 0.0241 0.3293 
      H532.2  2 0.0182 0.8606 0.0671 0.0211 0.0331 
      H532.3  2 0.0152 0.8727 0.0420 0.0378 0.0323 
      H532.4  2 0.0374 0.3047 0.0243 0.1029 0.5308 
      H532.5  2 0.0864 0.7286 0.0303 0.0261 0.1287 
      H532.6  2 0.0383 0.7572 0.0142 0.0428 0.1475 
      H532.7  2 0.0551 0.3471 0.0156 0.0177 0.5645 
      H532.8  2 0.1225 0.2243 0.0701 0.0310 0.5521 
      H543.1  2 0.0102 0.0230 0.0173 0.0093 0.9402 
      H543.2  2 0.0396 0.2912 0.1085 0.0163 0.5443 
      H543.3  2 0.0106 0.0239 0.0136 0.0102 0.9418 
      H543.4  2 0.0141 0.0147 0.0313 0.0151 0.9248 
      H543.5  2 0.0131 0.0156 0.0219 0.0116 0.9379 
      H543.6  2 0.0117 0.0465 0.0253 0.0173 0.8992 
      H543.7  2 0.0103 0.0102 0.0219 0.0127 0.9449 
      H543.8  2 0.0144 0.0282 0.0151 0.0123 0.9300 
      H543.9  2 0.0151 0.0280 0.0421 0.0152 0.8996 
 H545.1_2005  2 0.0132 0.0091 0.0066 0.0165 0.9546 
 H545.1_2006  2 0.0101 0.0088 0.0106 0.0093 0.9612 
 H545.2_2005  2 0.0237 0.0146 0.0157 0.0245 0.9216 
 H545.2_2006  2 0.0138 0.0178 0.0123 0.0107 0.9454 
 H545.3_2005  2 0.0947 0.0266 0.0585 0.0332 0.7869 
 H545.3_2006  2 0.0098 0.0079 0.0070 0.0092 0.9661 
 H545.4_2005  2 0.0223 0.0116 0.0508 0.0369 0.8784 
 H545.4_2006  2 0.0166 0.0122 0.0233 0.0200 0.9279 
 H545.5_2005  2 0.0145 0.0144 0.0080 0.0105 0.9526 
 H545.5_2006  2 0.0489 0.0485 0.0343 0.0247 0.8436 
 H545.6_2005  2 0.0140 0.0121 0.0089 0.0100 0.9551 
 H545.6_2006  2 0.0163 0.0151 0.0159 0.0137 0.9389 
 H545.7_2005  2 0.0195 0.0159 0.0078 0.0131 0.9436 
 H545.7_2006  2 0.0112 0.0127 0.0089 0.0102 0.9570 
 H545.8_2005  2 0.0185 0.0316 0.0225 0.0225 0.9049 
 H545.8_2006  2 0.0192 0.0159 0.0086 0.0124 0.9439 
      H545.9  2 0.0432 0.0281 0.0310 0.0332 0.8645 
      H547.1  2 0.0187 0.4585 0.4846 0.0244 0.0137 
      H547.2  2 0.0142 0.2742 0.6600 0.0173 0.0344 
      H547.3  2 0.0557 0.4485 0.2839 0.1906 0.0213 
      H547.4  2 0.0701 0.2973 0.4490 0.1275 0.0562 
      H547.5  2 0.0115 0.2293 0.7326 0.0173 0.0093 
      H547.6  2 0.0123 0.5784 0.3736 0.0151 0.0207 
      H547.7  2 0.0344 0.4679 0.3625 0.1035 0.0317 
      H547.8  2 0.0117 0.4162 0.5331 0.0261 0.0130 
      H548.1  2 0.0155 0.0130 0.0171 0.0270 0.9275 
      H548.2  2 0.0189 0.0123 0.0180 0.0150 0.9358 
      H548.3  2 0.0140 0.0150 0.0148 0.0220 0.9342 
      H548.4  2 0.0409 0.0130 0.0178 0.0669 0.8614 
      H548.5  2 0.0122 0.0079 0.0124 0.0085 0.9590 
      H548.6  2 0.0211 0.0117 0.0136 0.0253 0.9283 
      H548.7  2 0.0150 0.0133 0.0195 0.0143 0.9379 
      H548.8  2 0.0094 0.0072 0.0093 0.0112 0.9628 
      H548.9  2 0.0161 0.0184 0.0233 0.0186 0.9235 
     H7389.1  2 0.0143 0.9280 0.0220 0.0183 0.0174 
     H7389.2  2 0.0097 0.9222 0.0157 0.0086 0.0438 
     H7389.3  2 0.0114 0.9378 0.0210 0.0081 0.0218 
     H7389.4  2 0.0154 0.8238 0.0121 0.0230 0.1258 
     H7389.5  2 0.0162 0.9036 0.0099 0.0243 0.0460 
     H7389.6  2 0.2191 0.7017 0.0141 0.0091 0.0561 
     H7389.7  2 0.0248 0.8466 0.0287 0.0113 0.0886 
     H7389.8  2 0.0193 0.7431 0.0123 0.0338 0.1916 
     H7389.9  2 0.0121 0.8584 0.0112 0.0115 0.1067 
      H747.1  2 0.5080 0.1625 0.2480 0.0552 0.0262 
      H747.2  2 0.7387 0.0759 0.0547 0.1153 0.0154 
      H747.3  2 0.8035 0.0633 0.0448 0.0686 0.0198 
      H747.4  2 0.7517 0.0659 0.1043 0.0557 0.0224 
      H747.5  2 0.9072 0.0266 0.0230 0.0313 0.0118 
      H747.6  2 0.4129 0.4094 0.0825 0.0485 0.0467 
      H747.7  2 0.6705 0.1364 0.0470 0.1249 0.0212 
     H7484.1  2 0.0823 0.3660 0.0550 0.2306 0.2662 
     H7484.2  2 0.0400 0.1262 0.1294 0.5796 0.1248 
     H7484.3  2 0.1001 0.0960 0.1276 0.4085 0.2678 
     H7484.4  2 0.1057 0.3598 0.0476 0.3659 0.1209 
     H7484.5  2 0.1073 0.2945 0.0330 0.2580 0.3072 
     H7484.6  2 0.4687 0.0705 0.1151 0.3092 0.0365 
     H7484.7  2 0.1346 0.0564 0.0197 0.7264 0.0629 
     H7484.8  2 0.1542 0.5944 0.0475 0.1171 0.0868 
     H7485.1  2 0.0155 0.0152 0.0183 0.0108 0.9402 
     H7485.2  2 0.0163 0.0225 0.0088 0.0117 0.9407 
     H7485.3  2 0.0119 0.0078 0.0094 0.0120 0.9589 
     H7485.4  2 0.0139 0.0183 0.0080 0.0255 0.9343 
     H7485.5  2 0.0100 0.0135 0.0138 0.0189 0.9438 
     H7485.6  2 0.0128 0.0118 0.0165 0.0122 0.9467 
     H7485.7  2 0.0219 0.0087 0.0125 0.0212 0.9356 
     H7496.1  2 0.0410 0.8546 0.0501 0.0245 0.0297 
    H7496.10  2 0.0145 0.9300 0.0260 0.0143 0.0152 
    H7496.11  2 0.0159 0.0164 0.0129 0.0080 0.9469 
     H7496.2  2 0.0340 0.8755 0.0470 0.0242 0.0193 
     H7496.3  2 0.0535 0.5187 0.0517 0.1833 0.1929 
     H7496.4  2 0.0139 0.9265 0.0299 0.0170 0.0127 
     H7496.5  2 0.0468 0.8801 0.0285 0.0272 0.0174 
     H7496.6  2 0.0397 0.8969 0.0198 0.0281 0.0154 
     H7496.7  2 0.0109 0.9407 0.0135 0.0148 0.0200 
     H7496.8  2 0.0286 0.8080 0.0530 0.0631 0.0473 
        UNK4  2 0.0359 0.8162 0.0287 0.0772 0.0420 
        UNK5  2 0.0258 0.7034 0.0552 0.0574 0.1582 
        UNK6  2 0.0176 0.9004 0.0269 0.0246 0.0305 
        UNK7  2 0.0167 0.7890 0.0397 0.0266 0.1280 
        UNK8  2 0.0096 0.8432 0.0106 0.0294 0.1072 
        UNK9  2 0.0284 0.4110 0.0211 0.0299 0.5095 
      H009.1  4 0.0147 0.0108 0.0310 0.9318 0.0117 
      H009.2  4 0.0628 0.0122 0.0185 0.8969 0.0097 
      H009.3  4 0.0169 0.0108 0.0169 0.9428 0.0126 
      H009.4  4 0.0905 0.0179 0.0609 0.8136 0.0171 
      H009.5  4 0.0214 0.0115 0.0138 0.9379 0.0154 
      H009.6  4 0.0103 0.0119 0.0681 0.8960 0.0137 
      H046.4  4 0.0766 0.0779 0.0525 0.6228 0.1702 
      H046.8  4 0.1867 0.0436 0.4574 0.2213 0.0910 
 H076.1_2002  4 0.0091 0.0133 0.9567 0.0104 0.0105 
 H076.1_2003  4 0.0075 0.0084 0.9674 0.0085 0.0081 
 H076.1_2004  4 0.0099 0.0089 0.9630 0.0087 0.0095 
 H076.2_2002  4 0.0093 0.0095 0.9628 0.0089 0.0095 
 H076.2_2003  4 0.0089 0.0109 0.9600 0.0111 0.0090 
 H076.2_2004  4 0.0971 0.0260 0.8281 0.0311 0.0177 
 H076.3_2002  4 0.2871 0.0386 0.5219 0.1307 0.0217 
 H076.3_2003  4 0.0127 0.0134 0.9429 0.0119 0.0192 
 H076.3_2004  4 0.0086 0.0110 0.9543 0.0113 0.0148 
 H076.4_2002  4 0.0645 0.0394 0.8374 0.0403 0.0185 
 H076.4_2003  4 0.0219 0.0128 0.9279 0.0256 0.0119 
 H076.4_2004  4 0.3343 0.0572 0.4957 0.0897 0.0231 
 H076.5_2002  4 0.0123 0.0201 0.9463 0.0121 0.0093 
 H076.5_2003  4 0.0219 0.0281 0.9088 0.0176 0.0236 
 H076.5_2004  4 0.0326 0.0278 0.8975 0.0224 0.0197 
 H076.6_2002  4 0.0094 0.0115 0.9541 0.0123 0.0126 
 H076.6_2003  4 0.0096 0.0169 0.9480 0.0153 0.0103 
 H076.6_2004  4 0.0286 0.0170 0.9241 0.0184 0.0119 
 H076.7_2002  4 0.2691 0.0981 0.3398 0.2578 0.0352 
 H076.7_2003  4 0.0328 0.0336 0.8946 0.0247 0.0144 
 H076.7_2004  4 0.0641 0.0110 0.8839 0.0235 0.0175 
      H477.1  4 0.0970 0.8149 0.0265 0.0454 0.0162 
      H477.2  4 0.5462 0.2656 0.0505 0.1178 0.0199 
      H477.3  4 0.3481 0.4124 0.0225 0.1375 0.0795 
      H477.4  4 0.2586 0.5676 0.0197 0.0828 0.0714 
      H477.5  4 0.4692 0.2512 0.0574 0.1818 0.0404 
      H477.6  4 0.5005 0.1598 0.0233 0.2144 0.1021 
      H477.7  4 0.2085 0.5842 0.0266 0.1357 0.0451 
 H479.1_2005  4 0.7075 0.1120 0.0086 0.0362 0.1357 
 H479.1_2006  4 0.6510 0.0239 0.1308 0.1012 0.0930 
     H479.10  4 0.6375 0.0409 0.0588 0.0533 0.2095 
 H479.2_2005  4 0.2400 0.1678 0.0819 0.3024 0.2079 
 H479.2_2006  4 0.8077 0.0508 0.0115 0.0541 0.0758 
 H479.3_2005  4 0.8873 0.0544 0.0155 0.0109 0.0318 
 H479.3_2006  4 0.8486 0.0838 0.0294 0.0191 0.0191 
 H479.4_2005  4 0.9185 0.0210 0.0108 0.0230 0.0267 
 H479.4_2006  4 0.7535 0.1182 0.0115 0.0171 0.0997 
 H479.5_2005  4 0.4835 0.0540 0.0460 0.0697 0.3468 
 H479.5_2006  4 0.8560 0.0630 0.0175 0.0177 0.0458 
 H479.6_2005  4 0.4954 0.1157 0.2309 0.0304 0.1276 
 H479.6_2006  4 0.1834 0.3052 0.0152 0.0136 0.4826 
 H479.7_2005  4 0.4652 0.4200 0.0282 0.0474 0.0392 
 H479.7_2006  4 0.7236 0.1198 0.0236 0.0284 0.1046 
 H479.8_2005  4 0.4485 0.4357 0.0183 0.0262 0.0713 
 H479.8_2006  4 0.8149 0.0107 0.0459 0.0332 0.0952 
      H479.9  4 0.9429 0.0098 0.0201 0.0148 0.0124 
      H516.1  4 0.1558 0.0334 0.5169 0.2702 0.0237 
      H516.2  4 0.7269 0.0150 0.0202 0.2163 0.0215 
      H516.3  4 0.1128 0.0151 0.0178 0.8427 0.0115 
      H516.4  4 0.6031 0.0167 0.0506 0.3030 0.0265 
      H516.5  4 0.4567 0.0213 0.1895 0.3062 0.0264 
      H516.6  4 0.7676 0.0095 0.0105 0.1845 0.0279 
      H516.7  4 0.7682 0.0300 0.0388 0.1408 0.0222 
      H516.8  4 0.3139 0.0165 0.2298 0.4223 0.0175 
      H516.9  4 0.7129 0.0219 0.0929 0.1433 0.0290 
      H646.1  4 0.4141 0.0323 0.1748 0.3646 0.0141 
      H646.2  4 0.4604 0.0232 0.3828 0.1264 0.0073 
      H646.3  4 0.4714 0.0124 0.0929 0.4111 0.0122 
      H646.4  4 0.2060 0.0756 0.5995 0.1095 0.0095 
      H646.5  4 0.5098 0.0287 0.2774 0.1708 0.0133 
      H658.1  4 0.7891 0.0107 0.0305 0.1379 0.0318 
     H658.10  4 0.8379 0.0178 0.0217 0.1126 0.0100 
      H658.2  4 0.6274 0.0255 0.1261 0.1803 0.0407 
      H658.3  4 0.8440 0.0244 0.0212 0.0866 0.0237 
      H658.4  4 0.8549 0.0203 0.0157 0.0907 0.0183 
      H658.5  4 0.8396 0.0301 0.0095 0.1075 0.0133 
      H658.6  4 0.8066 0.0163 0.0260 0.1386 0.0125 
      H658.7  4 0.7494 0.0134 0.0922 0.1213 0.0237 
      H658.8  4 0.7020 0.0142 0.1217 0.1468 0.0154 
      H658.9  4 0.7461 0.0207 0.0713 0.1303 0.0316 
      H682.1  4 0.2260 0.2617 0.1151 0.2708 0.1264 
      H682.6  4 0.1317 0.1317 0.1301 0.4502 0.1563 
      H720.1  4 0.3061 0.2816 0.3653 0.0264 0.0206 
      H720.2  4 0.6201 0.1881 0.1302 0.0398 0.0219 
      H720.3  4 0.2361 0.0602 0.6453 0.0281 0.0303 
      H720.4  4 0.6015 0.1206 0.0591 0.1704 0.0484 
      H720.5  4 0.1072 0.0479 0.6796 0.0780 0.0873 
      H720.6  4 0.0921 0.0568 0.6944 0.0723 0.0843 
      H720.7  4 0.5132 0.3759 0.0469 0.0445 0.0195 
      H720.8  4 0.1113 0.1786 0.6253 0.0289 0.0560 
      H720.9  4 0.0900 0.0400 0.0521 0.6689 0.1490 
      H724.1  4 0.0201 0.0251 0.8987 0.0353 0.0208 
      H724.2  4 0.0229 0.0632 0.8661 0.0218 0.0260 
      H724.3  4 0.3881 0.1365 0.3618 0.0794 0.0342 
      H724.4  4 0.0437 0.0160 0.9019 0.0165 0.0219 
      H724.5  4 0.3654 0.1390 0.3338 0.0978 0.0640 
      H724.6  4 0.0144 0.0272 0.9042 0.0295 0.0246 
      H725.1  4 0.1047 0.0411 0.0473 0.6576 0.1494 
      H725.2  4 0.1854 0.1182 0.0214 0.6243 0.0507 
      H725.3  4 0.2528 0.0475 0.0178 0.5515 0.1304 
      H725.4  4 0.0356 0.1261 0.0308 0.1805 0.6270 
      H725.5  4 0.1816 0.7494 0.0193 0.0311 0.0186 
      H725.6  4 0.5439 0.0299 0.0733 0.3092 0.0436 
      H725.7  4 0.2091 0.0349 0.0310 0.5670 0.1580 
      H725.8  4 0.5806 0.0268 0.0367 0.1787 0.1771 
      H726.1  4 0.7504 0.0107 0.0365 0.1933 0.0092 
      H726.2  4 0.7937 0.0244 0.0176 0.1500 0.0142 
      H726.3  4 0.6484 0.0238 0.1139 0.1949 0.0190 
      H726.4  4 0.7962 0.0102 0.0196 0.1538 0.0202 
      H726.5  4 0.8112 0.0099 0.0193 0.1490 0.0106 
        UNK1  4 0.5890 0.1305 0.0548 0.1953 0.0303 
        UNK2  4 0.2495 0.0396 0.0611 0.2877 0.3621 
        UNK3  4 0.5424 0.1598 0.1104 0.1457 0.0417 
      H016.1  5 0.1686 0.0251 0.0680 0.0466 0.6917 
      H016.2  5 0.0352 0.0247 0.0296 0.0301 0.8804 
      H016.3  5 0.3712 0.0314 0.3916 0.1499 0.0560 
      H016.4  5 0.0386 0.0555 0.0330 0.0264 0.8466 
 H017.1_2002  5 0.0838 0.0299 0.7617 0.1071 0.0175 
 H017.1_2003  5 0.4390 0.3238 0.0272 0.1264 0.0836 
 H017.2_2002  5 0.0259 0.0137 0.8896 0.0519 0.0189 
 H017.2_2003  5 0.8506 0.0198 0.0339 0.0725 0.0233 
 H017.3_2002  5 0.1948 0.0698 0.2450 0.3131 0.1774 
 H017.3_2003  5 0.0302 0.0866 0.2379 0.6213 0.0240 
 H017.4_2002  5 0.0232 0.0740 0.3226 0.4059 0.1744 
 H017.4_2003  5 0.5939 0.0138 0.0319 0.2654 0.0951 
 H017.5_2002  5 0.0583 0.0198 0.0654 0.5728 0.2837 
 H017.5_2003  5 0.4552 0.0170 0.0572 0.4163 0.0543 
 H017.6_2002  5 0.0100 0.0468 0.8492 0.0645 0.0295 
 H017.6_2003  5 0.4576 0.0268 0.1930 0.3045 0.0181 
 H017.7_2002  5 0.0191 0.0613 0.6291 0.1608 0.1297 
 H017.7_2003  5 0.7277 0.0311 0.0217 0.1929 0.0267 
      H017.8  5 0.0334 0.0339 0.4192 0.4360 0.0775 
      H017.9  5 0.0429 0.0427 0.6165 0.0403 0.2576 
      H032.1  5 0.9112 0.0153 0.0118 0.0476 0.0141 
      H032.2  5 0.9527 0.0114 0.0097 0.0147 0.0116 
      H032.3  5 0.8792 0.0253 0.0173 0.0244 0.0537 
      H032.4  5 0.7248 0.0104 0.0228 0.1583 0.0837 
      H032.5  5 0.8768 0.0132 0.0204 0.0752 0.0144 
      H032.6  5 0.8430 0.0122 0.0282 0.1019 0.0147 
      H032.7  5 0.7875 0.0365 0.0216 0.1409 0.0134 
 H034.1_2002  5 0.0327 0.0200 0.7092 0.1937 0.0444 
 H034.1_2003  5 0.0172 0.0166 0.1112 0.8443 0.0107 
 H034.2_2002  5 0.0573 0.0200 0.3466 0.2814 0.2946 
 H034.2_2003  5 0.0270 0.0538 0.1731 0.7326 0.0134 
 H034.3_2002  5 0.0492 0.0171 0.5688 0.1302 0.2347 
 H034.3_2003  5 0.0184 0.0306 0.0869 0.8520 0.0121 
 H034.4_2002  5 0.0227 0.0437 0.7225 0.1694 0.0418 
 H034.4_2003  5 0.0258 0.0143 0.0229 0.9284 0.0087 
 H034.5_2002  5 0.0709 0.0115 0.7734 0.1049 0.0393 
 H034.5_2003  5 0.1132 0.0479 0.2357 0.5467 0.0565 
 H034.6_2002  5 0.0238 0.0189 0.5815 0.1857 0.1902 
 H034.6_2003  5 0.0664 0.0211 0.0314 0.8673 0.0138 
 H034.7_2002  5 0.0412 0.0251 0.2424 0.6643 0.0270 
 H034.7_2003  5 0.1322 0.0270 0.0384 0.7713 0.0312 
 H034.8_2002  5 0.0193 0.0175 0.6636 0.2705 0.0291 
 H034.8_2003  5 0.0520 0.0179 0.2324 0.6670 0.0306 
      H034.9  5 0.1179 0.0435 0.4019 0.1528 0.2839 
      H048.1  5 0.9193 0.0169 0.0161 0.0142 0.0334 
      H048.2  5 0.3544 0.1000 0.2065 0.0562 0.2828 
      H048.3  5 0.2670 0.0866 0.5709 0.0299 0.0455 
      H048.4  5 0.2120 0.0207 0.5241 0.0141 0.2291 
      H048.5  5 0.8731 0.0188 0.0170 0.0180 0.0731 
      H048.6  5 0.2002 0.0187 0.5226 0.0145 0.2441 
      H048.7  5 0.5491 0.0297 0.0260 0.0313 0.3639 
      H048.8  5 0.3117 0.0209 0.2809 0.0423 0.3442 
      H060.1  5 0.0252 0.0192 0.0209 0.8592 0.0754 
     H060.10  5 0.0079 0.0094 0.0147 0.9584 0.0095 
      H060.2  5 0.0157 0.0200 0.0202 0.9230 0.0211 
      H060.3  5 0.0105 0.0089 0.0110 0.9577 0.0119 
      H060.4  5 0.0727 0.0300 0.0272 0.8517 0.0183 
      H060.5  5 0.0365 0.0218 0.0191 0.8833 0.0393 
      H060.6  5 0.0282 0.0144 0.0112 0.9053 0.0408 
      H060.7  5 0.0232 0.0317 0.1664 0.7262 0.0524 
      H060.8  5 0.0340 0.0271 0.0478 0.8565 0.0347 
      H060.9  5 0.0256 0.0110 0.0150 0.9215 0.0269 
