      H105.1  1 0.0137 0.0061 0.0069 0.0139 0.0058 0.0045 0.0163 0.0183 0.0101 0.0078 0.0348 0.0061 0.0148 0.0117 0.0367 0.7656 0.0069 0.0200 
      H105.2  1 0.0117 0.0089 0.0098 0.0172 0.0251 0.0335 0.0278 0.0118 0.0118 0.0287 0.0105 0.0191 0.0343 0.0169 0.0345 0.6044 0.0125 0.0814 
      H105.3  1 0.0082 0.0099 0.0072 0.0159 0.0066 0.0150 0.0204 0.0156 0.0078 0.0060 0.0056 0.0087 0.0140 0.0068 0.0109 0.8236 0.0060 0.0118 
      H105.4  1 0.0084 0.0113 0.0111 0.0289 0.0218 0.1208 0.0084 0.0154 0.0132 0.0254 0.0070 0.0228 0.0135 0.0130 0.1008 0.5469 0.0077 0.0234 
      H105.5  1 0.0110 0.0181 0.0298 0.1400 0.0259 0.0441 0.0539 0.0754 0.0557 0.0347 0.0337 0.0724 0.0424 0.0257 0.1970 0.0954 0.0084 0.0365 
      H105.6  1 0.0070 0.0096 0.0058 0.0118 0.0067 0.0195 0.0072 0.0163 0.0158 0.0053 0.0043 0.0128 0.0054 0.0090 0.0155 0.8367 0.0043 0.0070 
      H105.7  1 0.0209 0.0082 0.0054 0.0124 0.0046 0.0066 0.0069 0.0064 0.0080 0.0188 0.0124 0.0122 0.0064 0.0071 0.0430 0.8059 0.0052 0.0095 
      H105.8  1 0.0251 0.0067 0.0041 0.0086 0.0091 0.0071 0.0121 0.0049 0.0066 0.0059 0.0053 0.0052 0.0096 0.0136 0.0161 0.8274 0.0062 0.0264 
      H115.1  1 0.0227 0.0076 0.0052 0.0069 0.0092 0.0099 0.0173 0.0165 0.8203 0.0088 0.0116 0.0095 0.0065 0.0127 0.0076 0.0088 0.0087 0.0103 
      H115.2  1 0.0074 0.0081 0.0058 0.0053 0.0087 0.0090 0.0087 0.0084 0.8722 0.0052 0.0108 0.0057 0.0055 0.0094 0.0051 0.0069 0.0098 0.0080 
      H115.3  1 0.0062 0.0080 0.0139 0.0083 0.0097 0.0327 0.0041 0.0153 0.8395 0.0055 0.0108 0.0037 0.0077 0.0067 0.0082 0.0063 0.0061 0.0072 
      H115.4  1 0.0087 0.0084 0.0896 0.0173 0.0627 0.0092 0.0929 0.0576 0.4273 0.0098 0.0748 0.0067 0.0402 0.0109 0.0109 0.0121 0.0082 0.0526 
      H115.5  1 0.0266 0.0070 0.0293 0.0202 0.0197 0.0327 0.0177 0.0457 0.5414 0.0118 0.0285 0.0203 0.0845 0.0216 0.0160 0.0192 0.0389 0.0189 
      H115.6  1 0.0098 0.0339 0.0434 0.0134 0.0139 0.0384 0.0088 0.0265 0.6910 0.0274 0.0242 0.0060 0.0168 0.0097 0.0087 0.0092 0.0128 0.0060 
      H115.7  1 0.0089 0.0120 0.0381 0.0116 0.0168 0.0203 0.0129 0.0175 0.7368 0.0246 0.0256 0.0123 0.0257 0.0061 0.0076 0.0078 0.0055 0.0100 
      H115.8  1 0.0254 0.0107 0.0107 0.0094 0.0094 0.0111 0.0083 0.0156 0.7567 0.0099 0.0156 0.0062 0.0165 0.0190 0.0097 0.0106 0.0436 0.0117 
      H115.9  1 0.0263 0.0073 0.0048 0.0071 0.0052 0.0177 0.0135 0.0107 0.8327 0.0066 0.0121 0.0098 0.0047 0.0090 0.0161 0.0048 0.0064 0.0053 
      H145.1  1 0.0099 0.0444 0.6952 0.0215 0.0101 0.0318 0.0073 0.0353 0.0149 0.0055 0.0101 0.0116 0.0032 0.0079 0.0296 0.0056 0.0513 0.0049 
      H145.2  1 0.0085 0.0234 0.3609 0.0111 0.0163 0.3459 0.0076 0.0886 0.0075 0.0102 0.0095 0.0085 0.0035 0.0056 0.0258 0.0102 0.0447 0.0122 
      H145.3  1 0.0444 0.0132 0.7543 0.0170 0.0083 0.0088 0.0038 0.0115 0.0060 0.0099 0.0063 0.0057 0.0219 0.0099 0.0157 0.0042 0.0561 0.0033 
      H145.4  1 0.0075 0.0188 0.8587 0.0072 0.0065 0.0077 0.0044 0.0194 0.0058 0.0049 0.0056 0.0086 0.0040 0.0053 0.0093 0.0066 0.0153 0.0045 
      H145.5  1 0.0086 0.0253 0.6979 0.0105 0.0053 0.0061 0.0039 0.0108 0.0043 0.0048 0.0042 0.0061 0.0076 0.0075 0.0078 0.0046 0.1804 0.0042 
      H145.6  1 0.0067 0.0102 0.5251 0.0062 0.0210 0.2461 0.0046 0.0315 0.0040 0.0260 0.0123 0.0064 0.0236 0.0086 0.0149 0.0083 0.0368 0.0076 
      H145.7  1 0.0087 0.0058 0.8605 0.0068 0.0138 0.0104 0.0032 0.0126 0.0047 0.0067 0.0066 0.0050 0.0217 0.0069 0.0134 0.0039 0.0051 0.0042 
      H149.1  1 0.0040 0.0067 0.0044 0.0044 0.0031 0.0045 0.0041 0.9235 0.0050 0.0041 0.0050 0.0052 0.0033 0.0051 0.0040 0.0042 0.0048 0.0045 
      H149.2  1 0.0037 0.0064 0.0071 0.0067 0.0029 0.0054 0.0043 0.9158 0.0045 0.0058 0.0074 0.0053 0.0044 0.0038 0.0048 0.0036 0.0035 0.0047 
      H149.3  1 0.0075 0.0115 0.0247 0.0102 0.0068 0.0135 0.0047 0.8246 0.0072 0.0182 0.0167 0.0113 0.0080 0.0060 0.0083 0.0086 0.0047 0.0075 
      H149.4  1 0.0063 0.0086 0.0046 0.0068 0.0122 0.0089 0.0045 0.8769 0.0061 0.0080 0.0076 0.0070 0.0047 0.0055 0.0054 0.0108 0.0072 0.0091 
      H149.5  1 0.0070 0.0076 0.0118 0.0112 0.0096 0.0102 0.0056 0.7715 0.0034 0.0307 0.0657 0.0087 0.0079 0.0071 0.0106 0.0134 0.0043 0.0137 
      H149.6  1 0.0035 0.0056 0.0077 0.0063 0.0043 0.0055 0.0062 0.9083 0.0034 0.0096 0.0089 0.0058 0.0039 0.0041 0.0041 0.0053 0.0037 0.0040 
      H149.7  1 0.0117 0.0110 0.0107 0.0137 0.0242 0.0194 0.0092 0.6732 0.0065 0.0562 0.0233 0.0530 0.0063 0.0148 0.0069 0.0201 0.0085 0.0313 
      H150.1  1 0.0056 0.0069 0.0068 0.0057 0.0048 0.0082 0.0046 0.0030 0.9047 0.0041 0.0084 0.0059 0.0039 0.0056 0.0054 0.0066 0.0058 0.0039 
      H150.2  1 0.0053 0.0052 0.0081 0.0065 0.0083 0.0070 0.0100 0.0073 0.8788 0.0080 0.0110 0.0050 0.0071 0.0055 0.0032 0.0084 0.0107 0.0047 
      H150.3  1 0.0088 0.0102 0.0143 0.0078 0.0077 0.0093 0.0093 0.0054 0.8422 0.0132 0.0069 0.0143 0.0094 0.0093 0.0079 0.0093 0.0080 0.0066 
      H150.4  1 0.0096 0.0068 0.0102 0.0050 0.0057 0.0098 0.0081 0.0034 0.8806 0.0080 0.0064 0.0086 0.0076 0.0052 0.0086 0.0044 0.0084 0.0037 
      H150.5  1 0.0055 0.0094 0.0149 0.0080 0.0125 0.0103 0.0047 0.0074 0.8543 0.0099 0.0155 0.0052 0.0068 0.0079 0.0059 0.0114 0.0042 0.0062 
      H150.6  1 0.0043 0.0104 0.0321 0.0099 0.0441 0.0118 0.0048 0.0102 0.6474 0.0167 0.0520 0.0045 0.0493 0.0053 0.0043 0.0696 0.0101 0.0132 
      H150.7  1 0.0066 0.0076 0.0068 0.0056 0.0069 0.0180 0.0048 0.0040 0.8953 0.0040 0.0038 0.0051 0.0044 0.0057 0.0058 0.0064 0.0057 0.0034 
   H169607.1  1 0.0183 0.0304 0.0752 0.2014 0.1223 0.0463 0.1099 0.0086 0.0804 0.0540 0.0240 0.0127 0.0292 0.0848 0.0185 0.0113 0.0306 0.0423 
   H169607.2  1 0.0423 0.0851 0.0201 0.0481 0.0779 0.0317 0.0242 0.0144 0.0549 0.0187 0.0107 0.0076 0.0077 0.0131 0.5114 0.0105 0.0043 0.0173 
   H169607.3  1 0.0401 0.0164 0.0345 0.2011 0.0538 0.0645 0.0181 0.0092 0.0329 0.1140 0.1015 0.0117 0.0261 0.0639 0.1476 0.0129 0.0149 0.0371 
   H169607.4  1 0.0082 0.3830 0.0193 0.1242 0.0117 0.0298 0.0166 0.0054 0.0132 0.0206 0.0079 0.0091 0.0077 0.0299 0.2816 0.0128 0.0070 0.0120 
   H169607.5  1 0.0304 0.0262 0.0151 0.0789 0.2204 0.0521 0.0130 0.0341 0.1202 0.0123 0.0795 0.0053 0.0089 0.0186 0.2663 0.0060 0.0083 0.0043 
   H169607.6  1 0.0128 0.0358 0.0116 0.0282 0.0516 0.0116 0.0234 0.0121 0.0249 0.0123 0.0128 0.0082 0.0085 0.0088 0.6969 0.0082 0.0043 0.0280 
   H169607.7  1 0.0508 0.0119 0.0194 0.0447 0.2970 0.0140 0.0279 0.0150 0.1187 0.0154 0.0113 0.0067 0.0130 0.0107 0.1990 0.0191 0.0073 0.1182 
   H169607.8  1 0.0149 0.1418 0.0076 0.1309 0.0118 0.0326 0.0195 0.0051 0.0115 0.0261 0.0077 0.0085 0.0064 0.0242 0.5209 0.0043 0.0049 0.0213 
   H169633.1  1 0.0070 0.0072 0.0639 0.0039 0.0041 0.0107 0.0090 0.7143 0.0102 0.0098 0.0114 0.0107 0.0209 0.0531 0.0070 0.0148 0.0224 0.0197 
   H169633.2  1 0.0193 0.0056 0.0199 0.0048 0.0089 0.0059 0.0420 0.7428 0.0041 0.0456 0.0062 0.0105 0.0146 0.0210 0.0034 0.0131 0.0113 0.0208 
   H169633.3  1 0.0138 0.0091 0.0224 0.0062 0.0060 0.0049 0.0073 0.8265 0.0077 0.0075 0.0092 0.0240 0.0074 0.0102 0.0039 0.0195 0.0067 0.0077 
   H169633.4  1 0.0081 0.0117 0.0182 0.0061 0.0048 0.0173 0.0078 0.8204 0.0084 0.0041 0.0160 0.0067 0.0124 0.0069 0.0065 0.0134 0.0210 0.0100 
   H169633.5  1 0.0061 0.0086 0.0202 0.0056 0.0048 0.0179 0.0080 0.8267 0.0101 0.0041 0.0158 0.0074 0.0126 0.0071 0.0054 0.0116 0.0189 0.0090 
   H169688.1  1 0.0098 0.0188 0.0187 0.0071 0.0167 0.0050 0.0087 0.0266 0.0090 0.0716 0.0055 0.0297 0.0531 0.6239 0.0727 0.0041 0.0046 0.0144 
   H169688.2  1 0.0100 0.0082 0.0063 0.0049 0.0322 0.0040 0.0048 0.0079 0.0103 0.0742 0.0068 0.0180 0.0224 0.7340 0.0140 0.0096 0.0100 0.0223 
   H169688.3  1 0.0044 0.0081 0.0096 0.0056 0.0326 0.0048 0.0059 0.0077 0.0188 0.0424 0.0073 0.0095 0.0115 0.7977 0.0091 0.0078 0.0052 0.0120 
   H169688.4  1 0.0054 0.0064 0.0064 0.0049 0.0132 0.0079 0.0045 0.0069 0.1003 0.0155 0.0084 0.0085 0.0082 0.7681 0.0063 0.0076 0.0132 0.0081 
   H169688.5  1 0.0069 0.0055 0.0047 0.0060 0.0143 0.0108 0.0050 0.0067 0.0797 0.0120 0.0086 0.0085 0.0095 0.7869 0.0057 0.0079 0.0139 0.0073 
   H169688.6  1 0.0053 0.0096 0.0075 0.0069 0.0463 0.0078 0.0049 0.0470 0.0108 0.0246 0.0082 0.0096 0.0236 0.6946 0.0146 0.0185 0.0269 0.0333 
   H169688.7  1 0.0080 0.0098 0.0292 0.0073 0.0527 0.0064 0.0077 0.0084 0.0136 0.0127 0.0071 0.0122 0.0156 0.7707 0.0053 0.0068 0.0099 0.0163 
   H171901.1  1 0.0122 0.0162 0.0420 0.0142 0.0689 0.1175 0.0109 0.0154 0.0345 0.4506 0.0151 0.0276 0.0241 0.0314 0.0173 0.0207 0.0671 0.0141 
   H171901.2  1 0.0110 0.0438 0.0114 0.0107 0.0093 0.0160 0.0067 0.7535 0.0218 0.0069 0.0085 0.0067 0.0069 0.0278 0.0227 0.0170 0.0089 0.0102 
   H171901.3  1 0.0091 0.0301 0.0084 0.0079 0.0254 0.0235 0.0074 0.6960 0.0243 0.0250 0.0257 0.0060 0.0169 0.0663 0.0064 0.0064 0.0080 0.0073 
   H171901.4  1 0.0105 0.0470 0.0072 0.0141 0.0279 0.0140 0.0154 0.7011 0.0244 0.0104 0.0089 0.0059 0.0103 0.0351 0.0130 0.0316 0.0078 0.0154 
   H171901.5  1 0.0080 0.2485 0.0129 0.0247 0.0247 0.0145 0.0126 0.4900 0.0203 0.0228 0.0101 0.0065 0.0055 0.0467 0.0109 0.0156 0.0070 0.0185 
   H171901.6  1 0.0117 0.2756 0.0171 0.0245 0.0275 0.0213 0.0153 0.3754 0.0368 0.0287 0.0123 0.0148 0.0042 0.0619 0.0100 0.0348 0.0058 0.0223 
   H171901.7  1 0.0168 0.0255 0.0107 0.0072 0.0367 0.0172 0.0061 0.6816 0.0248 0.0125 0.0170 0.0109 0.0086 0.0939 0.0102 0.0070 0.0069 0.0065 
   H171902.1  1 0.0119 0.7541 0.0077 0.0134 0.0076 0.0118 0.0184 0.0078 0.0223 0.0074 0.0040 0.0061 0.0101 0.0357 0.0080 0.0053 0.0537 0.0147 
  H171902.10  1 0.0046 0.8864 0.0074 0.0053 0.0075 0.0055 0.0050 0.0076 0.0108 0.0051 0.0033 0.0039 0.0074 0.0059 0.0089 0.0038 0.0071 0.0144 
   H171902.2  1 0.0439 0.4867 0.0071 0.0236 0.0168 0.0077 0.0188 0.0109 0.0222 0.0222 0.0067 0.0149 0.0673 0.1332 0.0095 0.0146 0.0429 0.0508 
   H171902.3  1 0.0097 0.6599 0.0097 0.0141 0.0225 0.0092 0.0138 0.0277 0.0511 0.0109 0.0062 0.0096 0.0099 0.0166 0.0116 0.0072 0.0077 0.1028 
   H171902.4  1 0.0086 0.8362 0.0084 0.0048 0.0039 0.0052 0.0051 0.0333 0.0078 0.0045 0.0038 0.0074 0.0067 0.0165 0.0082 0.0062 0.0288 0.0046 
   H171902.6  1 0.0051 0.8827 0.0084 0.0043 0.0052 0.0077 0.0067 0.0065 0.0099 0.0052 0.0042 0.0083 0.0063 0.0045 0.0096 0.0033 0.0099 0.0124 
   H171902.7  1 0.0048 0.8264 0.0094 0.0175 0.0081 0.0101 0.0066 0.0189 0.0114 0.0103 0.0059 0.0064 0.0042 0.0058 0.0159 0.0069 0.0252 0.0063 
   H171902.8  1 0.0068 0.8340 0.0078 0.0072 0.0091 0.0081 0.0092 0.0098 0.0194 0.0072 0.0063 0.0060 0.0076 0.0057 0.0100 0.0042 0.0147 0.0270 
   H171902.9  1 0.0101 0.7755 0.0090 0.0144 0.0073 0.0131 0.0058 0.0087 0.0458 0.0072 0.0048 0.0106 0.0051 0.0177 0.0139 0.0086 0.0368 0.0055 
   H171903.1  1 0.0112 0.0079 0.0077 0.0173 0.0321 0.0091 0.0223 0.0166 0.0508 0.0076 0.0087 0.0053 0.0047 0.0134 0.7619 0.0139 0.0039 0.0055 
   H171903.2  1 0.0366 0.0098 0.0074 0.0304 0.0545 0.0124 0.0136 0.0107 0.0268 0.0089 0.0280 0.0064 0.0065 0.0251 0.6769 0.0217 0.0158 0.0085 
   H171903.3  1 0.0298 0.0530 0.0139 0.0607 0.1078 0.0145 0.0769 0.0899 0.0428 0.0295 0.1441 0.0304 0.0073 0.0261 0.2299 0.0194 0.0131 0.0109 
   H171903.4  1 0.0080 0.0378 0.0284 0.0415 0.0378 0.0300 0.0050 0.0096 0.0488 0.5836 0.0137 0.0123 0.0159 0.0482 0.0534 0.0121 0.0086 0.0054 
   H171903.5  1 0.0264 0.0166 0.0065 0.0392 0.1011 0.0130 0.0664 0.0655 0.0769 0.0305 0.2900 0.0166 0.0110 0.1076 0.0732 0.0197 0.0106 0.0291 
   H171903.6  1 0.0156 0.0281 0.0079 0.1259 0.1619 0.0168 0.0083 0.0944 0.0774 0.0316 0.0757 0.0091 0.0129 0.1671 0.1432 0.0078 0.0051 0.0112 
      H177.1  1 0.0070 0.1871 0.0103 0.0273 0.0220 0.0179 0.0059 0.3182 0.0311 0.2485 0.0104 0.0161 0.0055 0.0222 0.0288 0.0051 0.0121 0.0245 
      H177.2  1 0.0821 0.0860 0.0694 0.2863 0.0578 0.0273 0.0111 0.1212 0.0131 0.0090 0.0413 0.0110 0.0217 0.0263 0.0229 0.0090 0.0137 0.0908 
      H177.3  1 0.0132 0.1170 0.0438 0.0623 0.0326 0.1170 0.0053 0.4004 0.0239 0.0132 0.0238 0.0195 0.0048 0.0227 0.0209 0.0063 0.0191 0.0541 
      H177.4  1 0.0103 0.0550 0.0146 0.0350 0.0145 0.0118 0.0057 0.4848 0.0063 0.2075 0.0178 0.0097 0.0050 0.0088 0.0233 0.0202 0.0073 0.0625 
      H177.5  1 0.0180 0.0478 0.0101 0.0506 0.0235 0.0120 0.0039 0.0333 0.0176 0.5410 0.0588 0.0135 0.0124 0.0357 0.0360 0.0568 0.0095 0.0196 
      H177.6  1 0.0119 0.1609 0.0203 0.0435 0.0299 0.1093 0.0076 0.4290 0.0189 0.0109 0.0171 0.0262 0.0052 0.0206 0.0144 0.0059 0.0290 0.0394 
      H179.1  1 0.0109 0.0090 0.0053 0.0141 0.0122 0.0185 0.0342 0.0078 0.0101 0.0261 0.0082 0.0267 0.0053 0.0313 0.0043 0.0145 0.0045 0.7572 
      H179.2  1 0.0166 0.0089 0.0112 0.0361 0.0630 0.0105 0.1578 0.0191 0.0260 0.0156 0.0206 0.0431 0.0064 0.0213 0.0095 0.0114 0.0046 0.5182 
      H179.3  1 0.0330 0.0086 0.0068 0.0118 0.0850 0.0268 0.0353 0.0088 0.0204 0.0593 0.0382 0.0169 0.0150 0.4155 0.0157 0.0150 0.0068 0.1809 
      H179.4  1 0.0269 0.0237 0.0130 0.0250 0.1467 0.0131 0.0313 0.3348 0.0057 0.0343 0.0120 0.0372 0.0270 0.0981 0.0130 0.0201 0.0068 0.1311 
      H180.1  1 0.0065 0.0209 0.0100 0.0110 0.0135 0.0059 0.0145 0.0100 0.6749 0.0140 0.0320 0.0060 0.0212 0.0142 0.0081 0.0344 0.0167 0.0862 
      H180.2  1 0.0054 0.0117 0.0071 0.0102 0.0109 0.0072 0.0048 0.0059 0.7759 0.0153 0.0062 0.0084 0.0217 0.0124 0.0059 0.0524 0.0102 0.0283 
      H180.3  1 0.0194 0.0052 0.0114 0.0152 0.0115 0.0069 0.0363 0.0094 0.7669 0.0067 0.0217 0.0311 0.0063 0.0111 0.0096 0.0138 0.0123 0.0053 
      H180.4  1 0.0109 0.0793 0.0153 0.0132 0.0164 0.0084 0.0061 0.0176 0.4188 0.0158 0.0338 0.0112 0.0228 0.0382 0.0083 0.1754 0.0169 0.0916 
      H180.5  1 0.0166 0.0448 0.0237 0.0271 0.0165 0.0066 0.0060 0.0117 0.6305 0.0242 0.0160 0.0064 0.0300 0.0193 0.0132 0.0245 0.0228 0.0600 
      H180.6  1 0.3848 0.0196 0.0692 0.0138 0.0172 0.0154 0.0143 0.0187 0.2837 0.0105 0.0095 0.0157 0.0269 0.0209 0.0096 0.0149 0.0431 0.0122 
      H181.1  1 0.0071 0.0257 0.0123 0.0158 0.0052 0.0102 0.0067 0.1761 0.0148 0.0103 0.1914 0.0074 0.1269 0.0162 0.0408 0.0073 0.0153 0.3103 
      H181.2  1 0.0064 0.1063 0.0518 0.0110 0.0086 0.0069 0.0109 0.0451 0.0218 0.0101 0.0139 0.0092 0.0790 0.0109 0.0228 0.0106 0.0141 0.5605 
      H181.3  1 0.0092 0.0300 0.0154 0.0210 0.0064 0.0100 0.0051 0.0276 0.0095 0.0123 0.0115 0.0068 0.1308 0.0117 0.0190 0.0068 0.0108 0.6561 
      H181.4  1 0.0159 0.0487 0.0382 0.1347 0.0232 0.0175 0.0070 0.1486 0.0887 0.0181 0.2218 0.0219 0.0803 0.0299 0.0225 0.0110 0.0051 0.0669 
      H181.5  1 0.0072 0.0077 0.0083 0.0083 0.0036 0.0074 0.0135 0.0115 0.0060 0.0180 0.0161 0.0282 0.0271 0.0070 0.0066 0.0098 0.0093 0.8044 
      H181.6  1 0.0080 0.0437 0.0157 0.0124 0.0087 0.0099 0.0423 0.0285 0.0396 0.0118 0.0135 0.0123 0.0078 0.0165 0.0183 0.0276 0.0059 0.6775 
      H181.7  1 0.0132 0.0107 0.0121 0.0064 0.0120 0.0111 0.0104 0.0239 0.0143 0.0104 0.0150 0.0069 0.0109 0.0172 0.0124 0.0125 0.0084 0.7923 
 H194.1_2004  1 0.0158 0.1237 0.0726 0.0086 0.0189 0.0170 0.0116 0.0741 0.0963 0.0139 0.0120 0.0569 0.0088 0.0425 0.4034 0.0102 0.0096 0.0041 
 H194.2_2004  1 0.0078 0.1357 0.1699 0.0114 0.0096 0.0151 0.0068 0.0269 0.0247 0.3608 0.0180 0.0118 0.0074 0.0109 0.1311 0.0053 0.0412 0.0055 
 H194.3_2004  1 0.0085 0.0532 0.0206 0.0074 0.0085 0.0078 0.0067 0.4300 0.0052 0.0127 0.0058 0.3275 0.0039 0.0117 0.0564 0.0105 0.0137 0.0098 
 H194.4_2004  1 0.0109 0.0466 0.0944 0.0085 0.0083 0.0128 0.0056 0.3190 0.0134 0.2483 0.0062 0.0242 0.0057 0.0095 0.1369 0.0058 0.0357 0.0082 
 H194.5_2004  1 0.0238 0.0427 0.0159 0.0130 0.0124 0.0158 0.0122 0.4229 0.0142 0.0255 0.0097 0.2485 0.0055 0.0123 0.0926 0.0167 0.0058 0.0104 
 H194.6_2004  1 0.0108 0.0401 0.0130 0.0084 0.0112 0.0097 0.0089 0.3913 0.0108 0.1841 0.0083 0.2444 0.0062 0.0129 0.0188 0.0061 0.0094 0.0057 
 H194.7_2004  1 0.1092 0.0077 0.0433 0.0105 0.0209 0.0081 0.0084 0.0528 0.0086 0.0416 0.0165 0.0696 0.0090 0.0160 0.5512 0.0086 0.0124 0.0054 
 H194.8_2004  1 0.0166 0.0343 0.0444 0.0186 0.0183 0.0163 0.0079 0.2843 0.0187 0.3447 0.0081 0.0950 0.0103 0.0151 0.0348 0.0096 0.0140 0.0089 
      H194.9  1 0.1143 0.0344 0.0655 0.0197 0.0164 0.0139 0.0092 0.0911 0.0387 0.0593 0.0139 0.1082 0.0134 0.0276 0.3318 0.0183 0.0175 0.0067 
 H195.1_2003  1 0.0079 0.0299 0.1022 0.0158 0.0319 0.0097 0.0120 0.0466 0.0104 0.0871 0.0065 0.0169 0.0128 0.2135 0.0246 0.3572 0.0046 0.0105 
 H195.1_2004  1 0.0033 0.0075 0.8967 0.0051 0.0055 0.0067 0.0028 0.0090 0.0037 0.0047 0.0062 0.0058 0.0082 0.0077 0.0050 0.0042 0.0103 0.0077 
 H195.2_2003  1 0.0095 0.0164 0.0238 0.0148 0.0129 0.0105 0.0101 0.0122 0.0138 0.0152 0.0039 0.0073 0.0057 0.7613 0.0337 0.0373 0.0051 0.0065 
 H195.2_2004  1 0.0119 0.0058 0.8079 0.0134 0.0124 0.0037 0.0051 0.0190 0.0073 0.0072 0.0034 0.0057 0.0123 0.0319 0.0132 0.0110 0.0222 0.0066 
 H195.3_2003  1 0.0126 0.0143 0.0243 0.0562 0.0406 0.0166 0.0064 0.0066 0.0483 0.0341 0.0054 0.0184 0.0092 0.4879 0.0491 0.1552 0.0066 0.0082 
 H195.3_2004  1 0.0056 0.0193 0.7804 0.0068 0.0059 0.0049 0.0040 0.0428 0.0034 0.0054 0.0059 0.0086 0.0117 0.0230 0.0364 0.0180 0.0120 0.0057 
 H195.4_2003  1 0.0063 0.0145 0.6585 0.0111 0.0105 0.0089 0.0135 0.0465 0.0066 0.0104 0.0062 0.0102 0.0053 0.0733 0.0239 0.0838 0.0043 0.0062 
 H195.4_2004  1 0.0105 0.0070 0.7775 0.0064 0.0057 0.0062 0.0045 0.0110 0.0047 0.0140 0.0060 0.0099 0.0602 0.0405 0.0178 0.0074 0.0058 0.0050 
 H195.5_2003  1 0.0066 0.0287 0.1405 0.0138 0.0330 0.0122 0.0102 0.0254 0.0110 0.0440 0.0076 0.0156 0.0271 0.0721 0.0197 0.5200 0.0044 0.0081 
 H195.5_2004  1 0.0067 0.0099 0.8536 0.0065 0.0049 0.0058 0.0032 0.0136 0.0041 0.0059 0.0060 0.0055 0.0151 0.0095 0.0172 0.0106 0.0120 0.0101 
 H195.6_2003  1 0.0082 0.0157 0.1614 0.0257 0.0141 0.0096 0.0060 0.0073 0.0151 0.0076 0.0068 0.0058 0.0103 0.4978 0.0430 0.1526 0.0064 0.0066 
 H195.6_2004  1 0.0064 0.0108 0.8196 0.0080 0.0078 0.0041 0.0054 0.0196 0.0038 0.0063 0.0034 0.0144 0.0068 0.0132 0.0343 0.0170 0.0109 0.0080 
 H195.7_2003  1 0.0123 0.0116 0.1536 0.0191 0.0178 0.0093 0.0091 0.0242 0.0057 0.0620 0.0091 0.0142 0.0121 0.5971 0.0097 0.0181 0.0038 0.0112 
 H195.7_2004  1 0.0036 0.0067 0.8107 0.0064 0.0072 0.0052 0.0025 0.0050 0.0083 0.0035 0.0057 0.0048 0.0117 0.0186 0.0061 0.0054 0.0799 0.0087 
      H195.8  1 0.0078 0.0049 0.8805 0.0046 0.0059 0.0057 0.0029 0.0046 0.0045 0.0055 0.0042 0.0040 0.0339 0.0085 0.0092 0.0039 0.0046 0.0047 
      H195.9  1 0.0102 0.0109 0.8025 0.0075 0.0094 0.0048 0.0035 0.0224 0.0049 0.0078 0.0051 0.0106 0.0130 0.0233 0.0408 0.0104 0.0048 0.0079 
      H415.1  1 0.0309 0.0606 0.0320 0.0079 0.0103 0.0131 0.4334 0.0746 0.1687 0.0210 0.0118 0.0125 0.0069 0.0116 0.0078 0.0129 0.0762 0.0080 
      H415.2  1 0.0071 0.7847 0.0068 0.0079 0.0061 0.0129 0.0506 0.0087 0.0195 0.0076 0.0099 0.0230 0.0026 0.0232 0.0066 0.0069 0.0092 0.0066 
      H415.3  1 0.0058 0.0810 0.0175 0.0135 0.0192 0.0069 0.6775 0.0773 0.0124 0.0125 0.0150 0.0062 0.0034 0.0090 0.0035 0.0075 0.0088 0.0230 
      H415.4  1 0.0237 0.0374 0.0350 0.0080 0.0053 0.0079 0.6675 0.0181 0.1129 0.0103 0.0116 0.0124 0.0093 0.0051 0.0040 0.0066 0.0197 0.0050 
      H415.5  1 0.0049 0.0860 0.0200 0.0137 0.0135 0.0057 0.6394 0.1028 0.0090 0.0130 0.0167 0.0168 0.0049 0.0070 0.0036 0.0087 0.0120 0.0223 
      H415.6  1 0.0209 0.0300 0.0448 0.0088 0.0077 0.0080 0.6588 0.0249 0.1080 0.0099 0.0123 0.0139 0.0078 0.0061 0.0058 0.0090 0.0187 0.0046 
      H415.7  1 0.0070 0.3259 0.0160 0.0873 0.0139 0.0142 0.2810 0.0843 0.0109 0.0127 0.0105 0.0203 0.0046 0.0687 0.0050 0.0075 0.0163 0.0140 
      H506.1  1 0.0060 0.0045 0.0041 0.0092 0.0045 0.0055 0.0182 0.0303 0.0033 0.0055 0.0054 0.0123 0.0086 0.0061 0.0042 0.0106 0.0068 0.8548 
      H506.2  1 0.0053 0.0060 0.0072 0.0079 0.0039 0.0075 0.0058 0.0139 0.0036 0.0038 0.0045 0.0096 0.0038 0.0038 0.0038 0.0040 0.0047 0.9006 
      H506.3  1 0.0113 0.0078 0.0060 0.0103 0.0090 0.0050 0.0181 0.0127 0.0059 0.0109 0.0112 0.0161 0.0123 0.0176 0.0055 0.0116 0.0285 0.8003 
      H506.4  1 0.0112 0.0069 0.0050 0.0201 0.0072 0.0071 0.0302 0.0208 0.0087 0.0116 0.0114 0.0211 0.0083 0.0110 0.0081 0.0098 0.0187 0.7830 
      H506.5  1 0.0048 0.0074 0.0034 0.0107 0.0042 0.0107 0.0136 0.0266 0.0041 0.0057 0.0042 0.0063 0.0049 0.0084 0.0053 0.0064 0.0064 0.8670 
      H506.6  1 0.0114 0.0097 0.0101 0.0300 0.0125 0.0263 0.0099 0.0065 0.0045 0.0157 0.0195 0.0089 0.0129 0.0851 0.0157 0.0118 0.0236 0.6858 
      H506.7  1 0.0072 0.0064 0.0045 0.0080 0.0052 0.0061 0.0124 0.0243 0.0036 0.0043 0.0033 0.0091 0.0057 0.0063 0.0043 0.0067 0.0065 0.8762 
      H533.1  1 0.0051 0.0036 0.0042 0.0055 0.0100 0.0051 0.0086 0.0260 0.0032 0.0039 0.0073 0.0071 0.0051 0.0035 0.0032 0.0068 0.0071 0.8849 
      H533.2  1 0.0039 0.0051 0.0036 0.0045 0.0094 0.0053 0.0094 0.0369 0.0039 0.0034 0.0070 0.0061 0.0046 0.0044 0.0034 0.0058 0.0124 0.8708 
      H533.3  1 0.0085 0.0068 0.0034 0.0110 0.0474 0.0258 0.0141 0.0673 0.0066 0.0043 0.0452 0.0075 0.0075 0.0076 0.0078 0.0052 0.0075 0.7166 
      H533.4  1 0.0108 0.0080 0.0090 0.0108 0.1287 0.0356 0.0170 0.2890 0.0080 0.0086 0.0197 0.0078 0.0231 0.0143 0.0110 0.0072 0.0151 0.3764 
      H535.1  1 0.0079 0.0422 0.0118 0.0426 0.0121 0.0135 0.0091 0.6813 0.0197 0.0165 0.0090 0.0716 0.0053 0.0108 0.0206 0.0090 0.0064 0.0105 
      H535.2  1 0.0364 0.0069 0.0219 0.0225 0.0149 0.0075 0.0048 0.6955 0.0048 0.0199 0.0120 0.0095 0.0501 0.0097 0.0201 0.0195 0.0037 0.0405 
      H535.3  1 0.0439 0.0098 0.0222 0.0425 0.0149 0.0265 0.0055 0.5481 0.0120 0.0236 0.0110 0.0121 0.0873 0.0128 0.0183 0.0656 0.0071 0.0369 
      H535.4  1 0.0039 0.0045 0.0089 0.0055 0.0075 0.0039 0.0125 0.8963 0.0047 0.0038 0.0045 0.0072 0.0098 0.0043 0.0047 0.0110 0.0035 0.0035 
      H535.5  1 0.0039 0.0063 0.0049 0.0083 0.0130 0.0049 0.0055 0.8777 0.0066 0.0093 0.0093 0.0122 0.0065 0.0058 0.0097 0.0082 0.0036 0.0043 
      H535.6  1 0.0146 0.0348 0.0485 0.0384 0.0313 0.0200 0.0070 0.4248 0.0249 0.1675 0.0155 0.0709 0.0156 0.0194 0.0433 0.0062 0.0053 0.0121 
      H535.7  1 0.0079 0.0048 0.0040 0.0062 0.0138 0.0068 0.0050 0.8659 0.0052 0.0094 0.0084 0.0118 0.0046 0.0086 0.0078 0.0184 0.0053 0.0059 
      H535.8  1 0.0150 0.0055 0.0076 0.0099 0.0177 0.0089 0.0097 0.7391 0.0068 0.0786 0.0066 0.0145 0.0263 0.0105 0.0084 0.0232 0.0055 0.0060 
      H535.9  1 0.0098 0.0127 0.0147 0.0244 0.0119 0.0381 0.0054 0.7187 0.0238 0.0074 0.0087 0.0137 0.0109 0.0155 0.0245 0.0346 0.0081 0.0171 
      H539.1  1 0.0050 0.0058 0.0037 0.0058 0.0039 0.0122 0.0041 0.0035 0.9113 0.0037 0.0039 0.0044 0.0027 0.0050 0.0111 0.0031 0.0080 0.0028 
      H539.2  1 0.0125 0.0119 0.0066 0.0106 0.0580 0.0062 0.0106 0.0069 0.7311 0.0154 0.0174 0.0075 0.0265 0.0342 0.0164 0.0078 0.0110 0.0095 
      H539.3  1 0.0112 0.0083 0.0057 0.0056 0.0081 0.0058 0.0036 0.0068 0.8405 0.0180 0.0047 0.0095 0.0109 0.0109 0.0301 0.0072 0.0090 0.0042 
      H539.4  1 0.0074 0.0088 0.0032 0.0083 0.0091 0.0092 0.0058 0.0043 0.8459 0.0045 0.0109 0.0041 0.0045 0.0367 0.0050 0.0088 0.0157 0.0079 
      H539.5  1 0.0062 0.0056 0.0036 0.0053 0.0044 0.0058 0.0035 0.0037 0.9229 0.0039 0.0033 0.0044 0.0036 0.0037 0.0084 0.0027 0.0063 0.0028 
      H539.6  1 0.0056 0.0046 0.0046 0.0058 0.0058 0.0069 0.0039 0.0033 0.9221 0.0040 0.0038 0.0048 0.0040 0.0034 0.0077 0.0030 0.0039 0.0027 
      H539.7  1 0.0036 0.0044 0.0041 0.0046 0.0052 0.0075 0.0032 0.0032 0.9220 0.0051 0.0044 0.0048 0.0036 0.0078 0.0046 0.0039 0.0041 0.0039 
      H539.8  1 0.0057 0.0067 0.0063 0.0064 0.0068 0.0069 0.0054 0.0070 0.7907 0.0206 0.0086 0.0219 0.0109 0.0331 0.0089 0.0185 0.0307 0.0049 
      H539.9  1 0.0091 0.0078 0.0032 0.0044 0.0049 0.0060 0.0056 0.0027 0.8982 0.0039 0.0069 0.0036 0.0044 0.0109 0.0081 0.0055 0.0098 0.0050 
      H540.1  1 0.0078 0.0154 0.0077 0.0281 0.0197 0.0126 0.0044 0.0064 0.8156 0.0059 0.0161 0.0052 0.0067 0.0130 0.0129 0.0048 0.0102 0.0074 
      H540.2  1 0.0054 0.0075 0.0047 0.0069 0.0046 0.0090 0.0052 0.0046 0.9044 0.0050 0.0074 0.0077 0.0027 0.0049 0.0079 0.0032 0.0038 0.0050 
      H540.3  1 0.0052 0.0743 0.0170 0.0308 0.0129 0.0918 0.0131 0.0123 0.2306 0.0368 0.0373 0.0698 0.0134 0.0418 0.0060 0.0058 0.2895 0.0116 
      H540.4  1 0.0040 0.0095 0.0067 0.0086 0.0069 0.0083 0.0047 0.0051 0.8918 0.0059 0.0070 0.0068 0.0047 0.0067 0.0059 0.0042 0.0035 0.0098 
      H540.5  1 0.0061 0.0214 0.0046 0.0112 0.0068 0.0140 0.0087 0.0073 0.7999 0.0101 0.0131 0.0123 0.0074 0.0208 0.0111 0.0041 0.0338 0.0072 
      H540.6  1 0.0106 0.0227 0.0111 0.0265 0.0101 0.0134 0.0075 0.0079 0.7665 0.0109 0.0271 0.0091 0.0185 0.0102 0.0190 0.0054 0.0117 0.0119 
      H540.7  1 0.0089 0.0123 0.0052 0.0070 0.0068 0.0102 0.0071 0.0096 0.8800 0.0045 0.0092 0.0050 0.0043 0.0069 0.0056 0.0071 0.0038 0.0064 
      H540.8  1 0.0047 0.0307 0.0045 0.0097 0.0105 0.0101 0.0049 0.0119 0.8486 0.0051 0.0127 0.0094 0.0031 0.0064 0.0100 0.0056 0.0073 0.0050 
     H9558.1  1 0.0043 0.0101 0.0042 0.0065 0.0106 0.0328 0.0053 0.0053 0.8548 0.0073 0.0033 0.0109 0.0041 0.0081 0.0085 0.0092 0.0098 0.0051 
     H9558.2  1 0.0141 0.0132 0.0038 0.0089 0.0073 0.0762 0.0111 0.0060 0.7404 0.0144 0.0046 0.0089 0.0068 0.0158 0.0119 0.0249 0.0182 0.0135 
     H9558.3  1 0.0168 0.0064 0.0041 0.0099 0.0064 0.0119 0.0122 0.0046 0.8401 0.0075 0.0070 0.0126 0.0064 0.0093 0.0140 0.0139 0.0092 0.0077 
     H9558.4  1 0.0057 0.0114 0.0032 0.0073 0.0150 0.0255 0.0063 0.0049 0.8591 0.0056 0.0046 0.0059 0.0039 0.0093 0.0069 0.0078 0.0115 0.0061 
     H9558.5  1 0.0034 0.0088 0.0035 0.0059 0.0083 0.0113 0.0088 0.0050 0.8507 0.0054 0.0101 0.0056 0.0054 0.0223 0.0035 0.0115 0.0255 0.0051 
     H9558.6  1 0.0704 0.0361 0.0053 0.0175 0.0074 0.0285 0.0066 0.0074 0.7119 0.0109 0.0367 0.0152 0.0037 0.0070 0.0091 0.0118 0.0095 0.0049 
    kos339.1  1 0.0137 0.0202 0.0040 0.0212 0.0107 0.0112 0.0209 0.8137 0.0064 0.0093 0.0124 0.0053 0.0062 0.0115 0.0071 0.0053 0.0060 0.0151 
    kos339.2  1 0.0091 0.0074 0.0130 0.0085 0.0068 0.0047 0.0142 0.8646 0.0048 0.0055 0.0074 0.0088 0.0074 0.0081 0.0041 0.0070 0.0081 0.0106 
    kos339.3  1 0.0050 0.0034 0.0036 0.0043 0.0058 0.0036 0.0067 0.9259 0.0050 0.0036 0.0053 0.0043 0.0035 0.0051 0.0035 0.0038 0.0030 0.0046 
    kos339.4  1 0.0053 0.0049 0.0056 0.0043 0.0065 0.0033 0.0105 0.9107 0.0053 0.0052 0.0060 0.0055 0.0044 0.0053 0.0037 0.0046 0.0047 0.0042 
    kos339.5  1 0.0098 0.0125 0.0045 0.0137 0.0083 0.0084 0.0112 0.8737 0.0063 0.0067 0.0068 0.0056 0.0054 0.0062 0.0048 0.0071 0.0028 0.0065 
    kos339.6  1 0.0063 0.0078 0.0085 0.0057 0.0044 0.0065 0.0102 0.8960 0.0038 0.0043 0.0093 0.0051 0.0048 0.0054 0.0045 0.0060 0.0064 0.0051 
    kos339.7  1 0.0048 0.0033 0.0042 0.0047 0.0051 0.0043 0.0066 0.9285 0.0043 0.0041 0.0047 0.0042 0.0033 0.0036 0.0032 0.0036 0.0038 0.0036 
    kos339.8  1 0.0056 0.0063 0.0055 0.0072 0.0089 0.0047 0.0245 0.8684 0.0038 0.0068 0.0114 0.0051 0.0079 0.0071 0.0030 0.0076 0.0063 0.0098 
    kos339.9  1 0.0114 0.0153 0.0091 0.0104 0.0116 0.0072 0.0066 0.8462 0.0272 0.0064 0.0052 0.0063 0.0051 0.0058 0.0051 0.0088 0.0055 0.0068 
      H008.1  2 0.7518 0.0132 0.0095 0.0062 0.0168 0.0232 0.0082 0.0081 0.0587 0.0079 0.0098 0.0125 0.0122 0.0126 0.0088 0.0229 0.0059 0.0116 
      H008.2  2 0.0668 0.0506 0.0075 0.0106 0.0262 0.0288 0.0094 0.0154 0.1929 0.0259 0.0324 0.0094 0.0352 0.0409 0.0260 0.3327 0.0527 0.0367 
      H008.3  2 0.0674 0.0140 0.0165 0.0137 0.1584 0.0310 0.0091 0.0251 0.1283 0.0466 0.0304 0.0459 0.0967 0.0214 0.0647 0.1313 0.0437 0.0559 
      H008.4  2 0.5999 0.0471 0.0143 0.0087 0.0089 0.0228 0.0315 0.0114 0.0700 0.0291 0.0104 0.0239 0.0130 0.0145 0.0181 0.0228 0.0439 0.0098 
      H008.5  2 0.7352 0.0096 0.0074 0.0106 0.0143 0.0088 0.0054 0.0185 0.0206 0.0349 0.0104 0.0188 0.0144 0.0115 0.0176 0.0381 0.0150 0.0088 
      H008.6  2 0.1803 0.0628 0.0083 0.0110 0.0245 0.0606 0.0224 0.0140 0.0924 0.0249 0.0212 0.0207 0.0078 0.0216 0.0370 0.3061 0.0697 0.0147 
      H008.7  2 0.3323 0.0881 0.0150 0.0114 0.0197 0.0451 0.0150 0.0167 0.0866 0.0439 0.0090 0.0159 0.0605 0.0269 0.0127 0.0903 0.0806 0.0306 
      H008.8  2 0.1657 0.0158 0.0126 0.0128 0.0338 0.0856 0.0111 0.0146 0.3486 0.0072 0.0098 0.0119 0.0192 0.1451 0.0209 0.0184 0.0134 0.0534 
      H008.9  2 0.0244 0.1128 0.0147 0.0130 0.0351 0.1100 0.0103 0.0124 0.0621 0.0205 0.0187 0.0223 0.0170 0.0260 0.0316 0.2680 0.1824 0.0188 
 H029.1_2002  2 0.6520 0.0206 0.0053 0.0202 0.0070 0.0289 0.0762 0.0048 0.0239 0.0763 0.0090 0.0115 0.0092 0.0137 0.0069 0.0072 0.0202 0.0073 
 H029.1_2003  2 0.0651 0.0118 0.0058 0.0126 0.0122 0.0265 0.0156 0.0084 0.0088 0.4911 0.0176 0.1116 0.0054 0.1413 0.0091 0.0141 0.0166 0.0263 
 H029.2_2002  2 0.6040 0.0290 0.0100 0.0187 0.0069 0.0047 0.0070 0.0792 0.0076 0.0446 0.0070 0.0561 0.0187 0.0257 0.0125 0.0099 0.0310 0.0274 
 H029.2_2003  2 0.1622 0.0795 0.0114 0.0288 0.0223 0.0091 0.0043 0.0596 0.0075 0.2850 0.0190 0.0505 0.0079 0.1631 0.0165 0.0182 0.0302 0.0249 
 H029.3_2002  2 0.2891 0.0151 0.0120 0.0232 0.0137 0.0064 0.0101 0.1030 0.0056 0.0371 0.0201 0.0569 0.0269 0.0930 0.0147 0.0090 0.1740 0.0900 
 H029.3_2003  2 0.5647 0.0083 0.0056 0.0091 0.0088 0.0048 0.0064 0.0077 0.0058 0.2318 0.0160 0.0337 0.0056 0.0304 0.0046 0.0351 0.0065 0.0152 
 H029.4_2002  2 0.8285 0.0042 0.0078 0.0039 0.0062 0.0059 0.0079 0.0051 0.0047 0.0334 0.0071 0.0074 0.0142 0.0227 0.0039 0.0062 0.0190 0.0120 
 H029.4_2003  2 0.1176 0.0058 0.0048 0.0088 0.0250 0.0140 0.0163 0.0058 0.0152 0.3815 0.0077 0.0147 0.0085 0.3244 0.0096 0.0089 0.0148 0.0165 
 H029.5_2002  2 0.8064 0.0087 0.0062 0.0088 0.0048 0.0074 0.0102 0.0051 0.0074 0.0527 0.0061 0.0289 0.0122 0.0088 0.0039 0.0094 0.0065 0.0064 
 H029.5_2003  2 0.3773 0.0133 0.0045 0.0053 0.0252 0.0121 0.0071 0.0046 0.0083 0.3008 0.0067 0.0351 0.0050 0.1515 0.0050 0.0199 0.0090 0.0095 
 H029.6_2002  2 0.5578 0.0070 0.0098 0.0064 0.0075 0.0050 0.0094 0.0078 0.0048 0.2240 0.0076 0.0137 0.0187 0.0282 0.0066 0.0041 0.0553 0.0265 
 H029.6_2003  2 0.4840 0.0373 0.0146 0.0265 0.0419 0.0145 0.0075 0.0446 0.0153 0.0480 0.0244 0.0804 0.0079 0.0744 0.0080 0.0296 0.0095 0.0318 
      H029.7  2 0.7326 0.0150 0.0111 0.0119 0.0049 0.0049 0.0051 0.0354 0.0071 0.0296 0.0059 0.0238 0.0151 0.0347 0.0144 0.0052 0.0306 0.0124 
      H030.1  2 0.0270 0.0307 0.0218 0.0732 0.0179 0.0089 0.0079 0.0116 0.0056 0.1632 0.4858 0.0089 0.0145 0.0114 0.0112 0.0666 0.0051 0.0286 
      H030.2  2 0.0726 0.0085 0.0372 0.0115 0.0131 0.0095 0.1926 0.0058 0.0366 0.0206 0.3014 0.0041 0.1855 0.0087 0.0045 0.0203 0.0579 0.0097 
      H038.1  2 0.8654 0.0060 0.0046 0.0057 0.0051 0.0120 0.0069 0.0050 0.0065 0.0056 0.0077 0.0081 0.0041 0.0101 0.0107 0.0045 0.0260 0.0060 
      H038.2  2 0.8689 0.0086 0.0094 0.0116 0.0069 0.0034 0.0140 0.0170 0.0053 0.0067 0.0084 0.0067 0.0074 0.0047 0.0029 0.0080 0.0051 0.0049 
      H038.3  2 0.7645 0.0094 0.0140 0.0381 0.0090 0.0082 0.0265 0.0127 0.0093 0.0049 0.0177 0.0066 0.0087 0.0114 0.0055 0.0125 0.0341 0.0068 
      H038.4  2 0.8242 0.0075 0.0243 0.0205 0.0058 0.0059 0.0127 0.0085 0.0060 0.0046 0.0056 0.0079 0.0076 0.0113 0.0040 0.0105 0.0257 0.0074 
      H038.5  2 0.8186 0.0044 0.0078 0.0076 0.0126 0.0070 0.0055 0.0092 0.0096 0.0084 0.0163 0.0079 0.0115 0.0237 0.0042 0.0063 0.0236 0.0160 
      H038.6  2 0.8707 0.0050 0.0030 0.0077 0.0099 0.0064 0.0068 0.0075 0.0113 0.0107 0.0102 0.0056 0.0041 0.0119 0.0042 0.0078 0.0109 0.0063 
      H038.7  2 0.8399 0.0055 0.0041 0.0331 0.0077 0.0045 0.0212 0.0088 0.0097 0.0065 0.0102 0.0055 0.0034 0.0124 0.0040 0.0093 0.0084 0.0061 
      H038.8  2 0.7775 0.0068 0.0171 0.0206 0.0090 0.0055 0.0188 0.0143 0.0068 0.0046 0.0126 0.0073 0.0083 0.0082 0.0049 0.0064 0.0664 0.0049 
      H041.1  2 0.2750 0.0152 0.0259 0.0380 0.0132 0.0148 0.0177 0.0217 0.0124 0.2105 0.0084 0.0085 0.1323 0.0319 0.0211 0.1044 0.0302 0.0188 
      H041.2  2 0.0738 0.0138 0.0103 0.0178 0.0058 0.0138 0.0449 0.0070 0.0062 0.7011 0.0074 0.0219 0.0051 0.0078 0.0057 0.0349 0.0164 0.0064 
      H041.4  2 0.3258 0.0238 0.0138 0.0153 0.0086 0.0376 0.0148 0.0096 0.0190 0.3544 0.0121 0.0242 0.0187 0.0372 0.0193 0.0303 0.0256 0.0100 
      H041.6  2 0.2787 0.0176 0.0189 0.0260 0.0084 0.0485 0.0254 0.0130 0.0445 0.3474 0.0137 0.0194 0.0249 0.0290 0.0334 0.0237 0.0187 0.0088 
 H042.1_2002  2 0.0094 0.0308 0.0336 0.0092 0.0193 0.0147 0.0273 0.0107 0.0624 0.7133 0.0073 0.0088 0.0090 0.0104 0.0110 0.0054 0.0123 0.0051 
 H042.1_2003  2 0.0704 0.0693 0.0306 0.0538 0.0223 0.0534 0.0355 0.0082 0.1370 0.0408 0.0355 0.0257 0.0128 0.0151 0.0146 0.2921 0.0666 0.0160 
 H042.2_2002  2 0.1117 0.0221 0.0081 0.0055 0.0207 0.0082 0.1587 0.0083 0.0101 0.4489 0.0084 0.0527 0.0087 0.0587 0.0100 0.0067 0.0450 0.0076 
 H042.2_2003  2 0.1099 0.0355 0.0174 0.0282 0.0129 0.0373 0.0302 0.0110 0.0677 0.5341 0.0089 0.0468 0.0039 0.0115 0.0117 0.0189 0.0078 0.0065 
 H042.3_2002  2 0.0111 0.0159 0.0641 0.0073 0.0401 0.0478 0.1246 0.0100 0.0369 0.5195 0.0117 0.0222 0.0065 0.0215 0.0131 0.0158 0.0220 0.0097 
 H042.3_2003  2 0.0452 0.0131 0.0677 0.0123 0.0726 0.0710 0.1162 0.0104 0.0733 0.2117 0.0171 0.0130 0.0337 0.1644 0.0154 0.0270 0.0241 0.0117 
 H042.4_2002  2 0.0171 0.0212 0.0109 0.0085 0.0064 0.0124 0.0080 0.0138 0.0107 0.7947 0.0170 0.0206 0.0078 0.0153 0.0055 0.0072 0.0177 0.0052 
 H042.4_2003  2 0.0466 0.0193 0.0111 0.0437 0.0083 0.0217 0.0067 0.0092 0.0134 0.6992 0.0101 0.0114 0.0180 0.0352 0.0238 0.0097 0.0063 0.0061 
      H042.5  2 0.0054 0.0050 0.0060 0.0060 0.0053 0.0071 0.0040 0.0058 0.0089 0.8900 0.0042 0.0081 0.0049 0.0106 0.0122 0.0079 0.0035 0.0050 
      H042.6  2 0.0210 0.0143 0.0106 0.0204 0.0124 0.0114 0.0127 0.0067 0.0214 0.7065 0.0070 0.0064 0.0094 0.0797 0.0352 0.0046 0.0147 0.0055 
      H042.7  2 0.0240 0.0108 0.2735 0.0518 0.0113 0.0224 0.0596 0.0063 0.0103 0.4341 0.0058 0.0228 0.0095 0.0254 0.0082 0.0113 0.0062 0.0067 
      H042.8  2 0.0118 0.0162 0.0165 0.0056 0.0160 0.0184 0.0514 0.0046 0.0192 0.7283 0.0046 0.0228 0.0041 0.0137 0.0178 0.0238 0.0189 0.0062 
   H042_2002  2 0.0662 0.0418 0.0101 0.0367 0.0165 0.0869 0.2072 0.0087 0.1311 0.0580 0.0086 0.0241 0.0064 0.1143 0.1034 0.0288 0.0370 0.0141 
   H042_2003  2 0.0771 0.0418 0.0115 0.0400 0.0147 0.0865 0.2023 0.0068 0.1262 0.0666 0.0107 0.0354 0.0056 0.1027 0.0921 0.0287 0.0388 0.0124 
      H043.1  2 0.0138 0.0055 0.0059 0.0111 0.0124 0.0051 0.0054 0.0105 0.1362 0.0052 0.0067 0.0023 0.0097 0.7137 0.0062 0.0088 0.0303 0.0111 
      H043.2  2 0.0279 0.0092 0.0098 0.0149 0.0189 0.0387 0.0076 0.0076 0.0605 0.0043 0.0056 0.0108 0.0036 0.6643 0.0332 0.0127 0.0650 0.0054 
      H043.3  2 0.1889 0.0164 0.0072 0.0930 0.0167 0.0212 0.0221 0.0108 0.0726 0.0088 0.0093 0.0042 0.0048 0.4502 0.0170 0.0177 0.0251 0.0141 
      H043.4  2 0.0326 0.0253 0.0079 0.0593 0.0111 0.0125 0.0139 0.0128 0.1450 0.0074 0.0073 0.0036 0.0037 0.5662 0.0322 0.0137 0.0407 0.0048 
      H043.5  2 0.0507 0.0118 0.0100 0.0213 0.0250 0.0301 0.0107 0.0090 0.0272 0.0059 0.0068 0.0065 0.0035 0.6168 0.0064 0.0134 0.1350 0.0097 
      H043.6  2 0.1730 0.0162 0.0078 0.0145 0.0182 0.0524 0.0104 0.0173 0.0476 0.0058 0.0115 0.0079 0.0040 0.4516 0.0090 0.0054 0.1400 0.0074 
      H043.7  2 0.0309 0.0133 0.0087 0.1741 0.0087 0.0975 0.0157 0.0071 0.0721 0.0053 0.0087 0.0041 0.0033 0.4287 0.0399 0.0230 0.0533 0.0055 
      H043.8  2 0.0112 0.0068 0.0181 0.0163 0.0139 0.0221 0.0108 0.0219 0.0171 0.0036 0.0249 0.0048 0.0094 0.7580 0.0097 0.0121 0.0150 0.0243 
      H043.9  2 0.0280 0.0068 0.0057 0.0173 0.0098 0.0084 0.0116 0.0064 0.0752 0.0064 0.0078 0.0035 0.0079 0.7561 0.0085 0.0071 0.0198 0.0136 
      H047.1  2 0.4173 0.0092 0.0050 0.0097 0.0139 0.0137 0.0633 0.0124 0.1625 0.0059 0.0060 0.0048 0.0048 0.0112 0.0096 0.2394 0.0072 0.0039 
      H047.2  2 0.0932 0.0372 0.0078 0.0262 0.0083 0.0149 0.0150 0.0120 0.0045 0.0111 0.0059 0.0129 0.0212 0.0109 0.0070 0.6972 0.0050 0.0099 
      H047.3  2 0.0924 0.0517 0.0109 0.0171 0.0093 0.0219 0.0370 0.0079 0.0072 0.0163 0.0088 0.0239 0.0245 0.0184 0.0127 0.6223 0.0043 0.0135 
      H047.4  2 0.2799 0.0136 0.0095 0.1182 0.0079 0.0220 0.0783 0.0143 0.0125 0.0459 0.0123 0.0180 0.0091 0.0189 0.0097 0.3089 0.0041 0.0169 
      H047.5  2 0.1392 0.0148 0.0088 0.0200 0.0073 0.0228 0.0702 0.0086 0.0234 0.0094 0.0099 0.0161 0.0057 0.0179 0.0370 0.5734 0.0037 0.0117 
      H047.6  2 0.0503 0.0130 0.0063 0.0114 0.0043 0.0252 0.0706 0.0068 0.0039 0.0394 0.0044 0.0151 0.0099 0.0083 0.0055 0.7126 0.0058 0.0071 
      H047.7  2 0.3700 0.0086 0.0077 0.0065 0.0092 0.0114 0.2355 0.0148 0.1126 0.0120 0.0052 0.0091 0.0088 0.0090 0.0077 0.1550 0.0125 0.0044 
      H047.8  2 0.0743 0.0128 0.0107 0.0134 0.0093 0.0189 0.0911 0.0088 0.0126 0.0388 0.0059 0.0143 0.0088 0.0146 0.0112 0.6420 0.0041 0.0085 
      H047.9  2 0.4216 0.0586 0.0276 0.0172 0.0096 0.0110 0.1528 0.0155 0.0513 0.0100 0.0076 0.0086 0.0068 0.0245 0.0463 0.1209 0.0041 0.0060 
 H071.1_2002  2 0.8701 0.0082 0.0039 0.0058 0.0064 0.0059 0.0089 0.0115 0.0210 0.0055 0.0059 0.0049 0.0040 0.0121 0.0117 0.0046 0.0053 0.0042 
 H071.1_2003  2 0.6343 0.0148 0.0083 0.0322 0.0083 0.0223 0.0101 0.0230 0.0410 0.0096 0.0438 0.0137 0.0038 0.0197 0.0820 0.0164 0.0117 0.0050 
     H071.10  2 0.8817 0.0046 0.0058 0.0057 0.0091 0.0047 0.0060 0.0071 0.0053 0.0046 0.0231 0.0039 0.0091 0.0064 0.0056 0.0035 0.0064 0.0074 
 H071.2_2002  2 0.8461 0.0086 0.0050 0.0090 0.0082 0.0189 0.0076 0.0091 0.0109 0.0065 0.0056 0.0127 0.0036 0.0128 0.0122 0.0079 0.0084 0.0068 
 H071.2_2003  2 0.9213 0.0057 0.0033 0.0052 0.0045 0.0049 0.0043 0.0052 0.0076 0.0046 0.0052 0.0041 0.0035 0.0047 0.0054 0.0031 0.0033 0.0040 
      H071.3  2 0.8462 0.0046 0.0075 0.0092 0.0085 0.0051 0.0131 0.0052 0.0070 0.0070 0.0184 0.0045 0.0103 0.0088 0.0055 0.0255 0.0073 0.0062 
 H071.4_2002  2 0.8445 0.0076 0.0101 0.0064 0.0119 0.0102 0.0088 0.0143 0.0079 0.0047 0.0143 0.0053 0.0094 0.0112 0.0075 0.0044 0.0118 0.0096 
 H071.4_2003  2 0.9132 0.0039 0.0066 0.0049 0.0102 0.0043 0.0059 0.0057 0.0047 0.0039 0.0070 0.0032 0.0034 0.0064 0.0041 0.0051 0.0031 0.0043 
 H071.5_2002  2 0.9111 0.0041 0.0034 0.0056 0.0048 0.0044 0.0073 0.0066 0.0062 0.0049 0.0072 0.0033 0.0071 0.0066 0.0055 0.0033 0.0042 0.0044 
 H071.5_2003  2 0.8352 0.0078 0.0086 0.0127 0.0202 0.0098 0.0162 0.0082 0.0067 0.0045 0.0229 0.0044 0.0032 0.0137 0.0074 0.0091 0.0032 0.0061 
 H071.6_2002  2 0.8728 0.0042 0.0068 0.0056 0.0125 0.0059 0.0160 0.0054 0.0063 0.0050 0.0091 0.0042 0.0033 0.0114 0.0077 0.0045 0.0057 0.0135 
 H071.6_2003  2 0.8805 0.0051 0.0047 0.0115 0.0095 0.0088 0.0101 0.0055 0.0061 0.0046 0.0200 0.0028 0.0043 0.0079 0.0057 0.0045 0.0030 0.0053 
 H071.7_2002  2 0.9076 0.0049 0.0028 0.0085 0.0057 0.0050 0.0128 0.0042 0.0067 0.0039 0.0042 0.0039 0.0033 0.0060 0.0058 0.0058 0.0034 0.0054 
 H071.7_2003  2 0.8575 0.0074 0.0083 0.0074 0.0108 0.0080 0.0067 0.0118 0.0136 0.0057 0.0240 0.0031 0.0047 0.0088 0.0070 0.0057 0.0055 0.0040 
      H071.8  2 0.8712 0.0073 0.0053 0.0061 0.0075 0.0126 0.0063 0.0052 0.0065 0.0077 0.0051 0.0105 0.0037 0.0108 0.0132 0.0064 0.0056 0.0087 
      H071.9  2 0.5858 0.0082 0.0116 0.0128 0.0171 0.0218 0.0181 0.0082 0.0091 0.0140 0.0231 0.0172 0.0075 0.1539 0.0117 0.0095 0.0143 0.0561 
 H081.1_2002  2 0.8853 0.0094 0.0064 0.0048 0.0048 0.0079 0.0063 0.0056 0.0108 0.0066 0.0069 0.0072 0.0055 0.0070 0.0116 0.0050 0.0040 0.0051 
 H081.1_2003  2 0.0509 0.1600 0.0097 0.1130 0.0085 0.0236 0.0226 0.0253 0.0435 0.0505 0.0680 0.0817 0.0144 0.0280 0.0154 0.0125 0.2479 0.0246 
 H081.2_2002  2 0.8305 0.0082 0.0088 0.0124 0.0037 0.0085 0.0060 0.0058 0.0125 0.0041 0.0054 0.0047 0.0042 0.0098 0.0589 0.0067 0.0044 0.0053 
 H081.2_2003  2 0.0357 0.0095 0.0173 0.0112 0.0116 0.0136 0.0060 0.0055 0.0307 0.0122 0.6536 0.0066 0.0301 0.0714 0.0565 0.0095 0.0082 0.0108 
 H081.3_2002  2 0.8190 0.0104 0.0136 0.0126 0.0043 0.0121 0.0047 0.0074 0.0067 0.0091 0.0100 0.0055 0.0061 0.0113 0.0303 0.0167 0.0084 0.0116 
 H081.3_2003  2 0.0106 0.0169 0.0114 0.0096 0.0134 0.0341 0.0083 0.0288 0.0252 0.0131 0.2805 0.0154 0.0120 0.4663 0.0220 0.0063 0.0107 0.0153 
 H081.4_2002  2 0.8850 0.0067 0.0067 0.0068 0.0060 0.0058 0.0078 0.0096 0.0088 0.0058 0.0084 0.0070 0.0051 0.0092 0.0053 0.0067 0.0038 0.0055 
 H081.4_2003  2 0.0229 0.0488 0.0165 0.0423 0.0138 0.0556 0.0085 0.0228 0.0617 0.0590 0.4483 0.0500 0.0136 0.0590 0.0282 0.0067 0.0157 0.0267 
