      H105.1  1 0.0045 0.0087 0.0063 0.0031 0.7880 0.0041 0.0079 0.0085 0.0122 0.0218 0.0092 0.0091 0.0282 0.0066 0.0062 0.0076 0.0042 0.0089 0.0083 0.0216 0.0047 0.0102 0.0099 
      H105.2  1 0.0086 0.0104 0.0302 0.0145 0.6500 0.0094 0.0112 0.0162 0.0048 0.0434 0.0245 0.0289 0.0314 0.0093 0.0094 0.0071 0.0085 0.0351 0.0089 0.0061 0.0104 0.0069 0.0149 
      H105.3  1 0.0060 0.0149 0.0091 0.0145 0.7849 0.0072 0.0047 0.0086 0.0141 0.0109 0.0089 0.0265 0.0133 0.0060 0.0063 0.0059 0.0050 0.0062 0.0104 0.0053 0.0051 0.0078 0.0186 
      H105.4  1 0.0033 0.0179 0.0200 0.0996 0.5139 0.0152 0.0110 0.0105 0.0122 0.0211 0.0080 0.0256 0.1072 0.0053 0.0119 0.0083 0.0114 0.0279 0.0114 0.0076 0.0218 0.0109 0.0178 
      H105.5  1 0.0067 0.0210 0.1103 0.0380 0.2620 0.0156 0.0382 0.0862 0.0319 0.0327 0.0212 0.0084 0.0616 0.0069 0.0279 0.0372 0.0081 0.0324 0.0191 0.0329 0.0071 0.0101 0.0844 
      H105.6  1 0.0051 0.0066 0.0110 0.0242 0.7388 0.0097 0.0054 0.0070 0.0116 0.0041 0.0038 0.0400 0.0552 0.0049 0.0093 0.0152 0.0067 0.0055 0.0061 0.0042 0.0069 0.0066 0.0120 
      H105.7  1 0.0069 0.0079 0.0049 0.0049 0.8281 0.0067 0.0044 0.0057 0.0052 0.0062 0.0054 0.0105 0.0224 0.0042 0.0092 0.0059 0.0071 0.0145 0.0063 0.0089 0.0054 0.0142 0.0051 
      H105.8  1 0.0073 0.0078 0.0090 0.0079 0.8090 0.0049 0.0054 0.0039 0.0043 0.0137 0.0076 0.0188 0.0338 0.0061 0.0042 0.0047 0.0052 0.0064 0.0075 0.0043 0.0051 0.0173 0.0059 
      H115.1  1 0.0146 0.0083 0.0067 0.0114 0.0112 0.0122 0.0132 0.0077 0.0414 0.0181 0.0066 0.0296 0.0093 0.0065 0.0189 0.6816 0.0051 0.0155 0.0069 0.0157 0.0159 0.0168 0.0269 
      H115.2  1 0.0102 0.0045 0.0057 0.0077 0.0110 0.0057 0.0102 0.0136 0.0117 0.0099 0.0055 0.0079 0.0045 0.0089 0.0080 0.8270 0.0042 0.0067 0.0074 0.0082 0.0078 0.0068 0.0069 
      H115.3  1 0.0044 0.0146 0.0095 0.1759 0.0122 0.0031 0.0665 0.0434 0.0309 0.0049 0.0176 0.0091 0.0087 0.0077 0.0121 0.5127 0.0063 0.0071 0.0090 0.0173 0.0131 0.0064 0.0076 
      H115.4  1 0.0255 0.0074 0.0151 0.0062 0.0258 0.0067 0.5161 0.1477 0.0254 0.0169 0.0311 0.0071 0.0085 0.0068 0.0064 0.0248 0.0052 0.0052 0.0059 0.0399 0.0119 0.0070 0.0472 
      H115.5  1 0.0081 0.0291 0.0105 0.0518 0.0283 0.0198 0.0630 0.0234 0.0931 0.0110 0.0941 0.0131 0.0159 0.0416 0.0100 0.3497 0.0164 0.0143 0.0139 0.0256 0.0064 0.0331 0.0279 
      H115.6  1 0.0111 0.0119 0.0847 0.0376 0.0117 0.0050 0.0675 0.1915 0.0384 0.0050 0.0191 0.0108 0.0090 0.0113 0.0376 0.3450 0.0077 0.0280 0.0079 0.0166 0.0107 0.0228 0.0092 
      H115.7  1 0.0134 0.0098 0.0139 0.0371 0.0104 0.0160 0.0460 0.1627 0.0234 0.0100 0.0465 0.0482 0.0106 0.0046 0.0860 0.3177 0.0077 0.0445 0.0069 0.0368 0.0292 0.0068 0.0118 
      H115.8  1 0.0085 0.0078 0.0123 0.0167 0.0210 0.0049 0.0736 0.0377 0.0456 0.0106 0.0263 0.0129 0.0086 0.0449 0.0099 0.5648 0.0061 0.0128 0.0096 0.0143 0.0078 0.0370 0.0063 
      H115.9  1 0.0221 0.0064 0.0065 0.0236 0.0053 0.0098 0.0073 0.0044 0.0146 0.0085 0.0048 0.0092 0.0171 0.0052 0.0074 0.7790 0.0047 0.0057 0.0077 0.0098 0.0049 0.0195 0.0166 
      H145.1  1 0.0035 0.0067 0.0089 0.0086 0.0033 0.0048 0.0082 0.0043 0.0063 0.0040 0.0034 0.0070 0.0111 0.0136 0.0147 0.0075 0.8472 0.0036 0.0048 0.0061 0.0042 0.0065 0.0119 
      H145.2  1 0.0039 0.0047 0.0114 0.0866 0.0071 0.0052 0.0069 0.0060 0.0077 0.0069 0.0030 0.0051 0.0084 0.0138 0.0066 0.0050 0.7680 0.0125 0.0036 0.0048 0.0047 0.0060 0.0123 
      H145.3  1 0.0028 0.0052 0.0181 0.0061 0.0028 0.0041 0.0053 0.0035 0.0033 0.0033 0.0088 0.0039 0.0079 0.0395 0.0111 0.0055 0.8238 0.0041 0.0067 0.0050 0.0047 0.0178 0.0064 
      H145.4  1 0.0042 0.0050 0.0048 0.0045 0.0037 0.0048 0.0050 0.0034 0.0066 0.0035 0.0037 0.0109 0.0083 0.0062 0.0079 0.0043 0.8868 0.0035 0.0033 0.0056 0.0049 0.0047 0.0046 
      H145.5  1 0.0025 0.0042 0.0190 0.0044 0.0032 0.0043 0.0051 0.0074 0.0050 0.0040 0.0059 0.0051 0.0062 0.0986 0.0087 0.0046 0.7796 0.0040 0.0048 0.0041 0.0050 0.0094 0.0049 
      H145.6  1 0.0040 0.0035 0.0051 0.0454 0.0060 0.0040 0.0064 0.0047 0.0055 0.0042 0.0083 0.0044 0.0060 0.0089 0.0038 0.0036 0.8290 0.0245 0.0049 0.0053 0.0046 0.0035 0.0043 
      H145.7  1 0.0035 0.0042 0.0055 0.0056 0.0041 0.0039 0.0076 0.0048 0.0070 0.0034 0.0102 0.0050 0.0064 0.0044 0.0058 0.0029 0.8867 0.0051 0.0031 0.0068 0.0048 0.0050 0.0041 
      H149.1  1 0.0032 0.0032 0.0035 0.0036 0.0032 0.0041 0.0033 0.0036 0.9214 0.0040 0.0031 0.0033 0.0034 0.0035 0.0040 0.0046 0.0036 0.0039 0.0035 0.0037 0.0032 0.0040 0.0032 
      H149.2  1 0.0030 0.0048 0.0050 0.0039 0.0043 0.0058 0.0036 0.0155 0.8368 0.0043 0.0041 0.0086 0.0069 0.0030 0.0304 0.0040 0.0112 0.0101 0.0041 0.0121 0.0036 0.0039 0.0109 
      H149.3  1 0.0053 0.0164 0.0058 0.0112 0.0089 0.0144 0.0080 0.0332 0.6711 0.0107 0.0101 0.0279 0.0097 0.0053 0.0206 0.0063 0.0494 0.0164 0.0102 0.0311 0.0100 0.0082 0.0098 
      H149.4  1 0.0042 0.0067 0.0046 0.0101 0.0107 0.0083 0.0044 0.0056 0.8245 0.0165 0.0044 0.0060 0.0051 0.0071 0.0054 0.0042 0.0041 0.0074 0.0050 0.0097 0.0351 0.0057 0.0050 
      H149.5  1 0.0067 0.0116 0.0064 0.0085 0.0162 0.0083 0.0067 0.0165 0.5228 0.0243 0.0095 0.0184 0.0127 0.0036 0.0435 0.0030 0.0331 0.0423 0.0091 0.1268 0.0260 0.0097 0.0342 
      H149.6  1 0.0036 0.0050 0.0043 0.0044 0.0069 0.0078 0.0038 0.0149 0.8191 0.0039 0.0040 0.0090 0.0054 0.0039 0.0279 0.0030 0.0085 0.0294 0.0043 0.0110 0.0044 0.0041 0.0115 
      H149.7  1 0.0137 0.0117 0.0109 0.0189 0.0336 0.0618 0.0075 0.0173 0.5011 0.0302 0.0116 0.0113 0.0061 0.0096 0.0191 0.0047 0.0213 0.0847 0.0131 0.0351 0.0436 0.0139 0.0191 
      H150.1  1 0.0038 0.0052 0.0075 0.0115 0.0078 0.0045 0.0209 0.0149 0.0034 0.0048 0.0066 0.0066 0.0048 0.0122 0.0087 0.8422 0.0045 0.0040 0.0052 0.0049 0.0045 0.0079 0.0037 
      H150.2  1 0.0045 0.0120 0.0100 0.0077 0.0146 0.0063 0.0786 0.0445 0.0172 0.0066 0.0114 0.0107 0.0033 0.0152 0.0227 0.6722 0.0042 0.0133 0.0052 0.0173 0.0093 0.0051 0.0084 
      H150.3  1 0.0076 0.0066 0.0074 0.0054 0.0067 0.0086 0.0131 0.0203 0.0061 0.0060 0.0113 0.0245 0.0077 0.0084 0.0278 0.7769 0.0072 0.0160 0.0043 0.0078 0.0062 0.0088 0.0054 
      H150.4  1 0.0075 0.0046 0.0062 0.0064 0.0043 0.0080 0.0081 0.0089 0.0034 0.0032 0.0086 0.0084 0.0086 0.0097 0.0100 0.8555 0.0070 0.0070 0.0036 0.0056 0.0038 0.0085 0.0033 
      H150.5  1 0.0053 0.0186 0.0109 0.0251 0.0236 0.0048 0.0910 0.0642 0.0114 0.0076 0.0147 0.0258 0.0071 0.0049 0.0240 0.5744 0.0073 0.0106 0.0098 0.0218 0.0250 0.0069 0.0051 
      H150.6  1 0.0032 0.0101 0.0129 0.0116 0.0398 0.0051 0.1046 0.3721 0.0072 0.0143 0.0613 0.0123 0.0048 0.0144 0.0164 0.2150 0.0065 0.0108 0.0079 0.0270 0.0286 0.0040 0.0100 
      H150.7  1 0.0049 0.0053 0.0071 0.0247 0.0044 0.0043 0.0094 0.0071 0.0043 0.0040 0.0043 0.0132 0.0057 0.0075 0.0095 0.8521 0.0046 0.0046 0.0041 0.0038 0.0039 0.0074 0.0039 
   H169607.1  1 0.0202 0.0328 0.0180 0.0235 0.0043 0.0071 0.0876 0.0083 0.0078 0.0586 0.0164 0.0163 0.0125 0.0212 0.4651 0.0259 0.0399 0.0186 0.0145 0.0211 0.0128 0.0204 0.0472 
   H169607.2  1 0.0285 0.0327 0.0147 0.0105 0.0070 0.0053 0.0163 0.0085 0.0057 0.0099 0.0121 0.0170 0.0709 0.0039 0.5675 0.0260 0.0325 0.0115 0.0108 0.0100 0.0317 0.0310 0.0361 
   H169607.3  1 0.0123 0.0301 0.0133 0.0355 0.0079 0.0084 0.0345 0.0077 0.0057 0.0381 0.0219 0.0161 0.0506 0.0152 0.3211 0.0112 0.0654 0.0802 0.0252 0.0938 0.0070 0.0650 0.0337 
   H169607.4  1 0.0064 0.0156 0.0160 0.0149 0.0070 0.0051 0.0051 0.0041 0.0040 0.0075 0.0069 0.0065 0.0224 0.0055 0.7765 0.0070 0.0271 0.0066 0.0178 0.0066 0.0095 0.0059 0.0162 
   H169607.5  1 0.0221 0.0432 0.0081 0.0353 0.0045 0.0053 0.0233 0.0141 0.0089 0.0060 0.0114 0.0100 0.0981 0.0056 0.3114 0.0667 0.0317 0.0101 0.0122 0.0499 0.1423 0.0274 0.0525 
   H169607.6  1 0.0338 0.0144 0.0065 0.0079 0.0102 0.0040 0.0105 0.0056 0.0043 0.0138 0.0115 0.0065 0.1255 0.0042 0.6174 0.0091 0.0124 0.0102 0.0078 0.0097 0.0137 0.0373 0.0236 
   H169607.7  1 0.0400 0.0698 0.0126 0.0092 0.0154 0.0041 0.2680 0.0134 0.0127 0.0966 0.0149 0.0185 0.0290 0.0055 0.2079 0.0222 0.0211 0.0109 0.0069 0.0083 0.0325 0.0620 0.0186 
   H169607.8  1 0.0138 0.0308 0.0155 0.0122 0.0061 0.0071 0.0059 0.0048 0.0037 0.0131 0.0087 0.0068 0.1484 0.0042 0.5858 0.0091 0.0155 0.0131 0.0144 0.0074 0.0108 0.0349 0.0282 
   H169633.1  1 0.0131 0.0052 0.0067 0.0107 0.0113 0.0134 0.0091 0.0113 0.7576 0.0076 0.0142 0.0195 0.0073 0.0140 0.0061 0.0097 0.0248 0.0103 0.0234 0.0070 0.0036 0.0066 0.0075 
   H169633.2  1 0.0203 0.0033 0.0075 0.0050 0.0160 0.0093 0.0191 0.0112 0.7210 0.0151 0.0122 0.0143 0.0031 0.0080 0.0035 0.0043 0.0135 0.0487 0.0103 0.0047 0.0078 0.0125 0.0295 
   H169633.3  1 0.0116 0.0057 0.0039 0.0055 0.0124 0.0175 0.0077 0.0215 0.8012 0.0059 0.0080 0.0126 0.0045 0.0051 0.0052 0.0109 0.0116 0.0056 0.0100 0.0095 0.0065 0.0094 0.0079 
   H169633.4  1 0.0078 0.0059 0.0061 0.0153 0.0115 0.0076 0.0052 0.0103 0.8062 0.0059 0.0098 0.0154 0.0083 0.0130 0.0069 0.0101 0.0133 0.0043 0.0057 0.0114 0.0057 0.0058 0.0085 
   H169633.5  1 0.0070 0.0061 0.0056 0.0160 0.0106 0.0078 0.0040 0.0112 0.8058 0.0054 0.0092 0.0157 0.0084 0.0110 0.0073 0.0132 0.0094 0.0051 0.0055 0.0159 0.0042 0.0079 0.0075 
   H169688.1  1 0.0413 0.0082 0.0184 0.0043 0.0055 0.0180 0.1972 0.0046 0.0143 0.0198 0.0966 0.0052 0.0928 0.0053 0.0730 0.0166 0.0781 0.1975 0.0471 0.0069 0.0215 0.0131 0.0146 
   H169688.2  1 0.0168 0.0097 0.0143 0.0035 0.0283 0.0206 0.2757 0.0060 0.0068 0.0256 0.0548 0.0044 0.0210 0.0158 0.0048 0.0207 0.0225 0.1818 0.1990 0.0078 0.0415 0.0126 0.0061 
   H169688.3  1 0.0066 0.0046 0.0080 0.0045 0.0084 0.0093 0.7472 0.0057 0.0112 0.0114 0.0151 0.0083 0.0091 0.0077 0.0053 0.0150 0.0098 0.0398 0.0232 0.0118 0.0306 0.0041 0.0034 
   H169688.4  1 0.0077 0.0043 0.0109 0.0059 0.0060 0.0081 0.7362 0.0041 0.0071 0.0061 0.0109 0.0053 0.0063 0.0109 0.0049 0.1074 0.0075 0.0092 0.0151 0.0088 0.0078 0.0056 0.0042 
   H169688.5  1 0.0098 0.0044 0.0062 0.0064 0.0074 0.0093 0.7108 0.0037 0.0057 0.0058 0.0137 0.0048 0.0044 0.0139 0.0077 0.1101 0.0087 0.0109 0.0306 0.0085 0.0082 0.0054 0.0039 
   H169688.6  1 0.0381 0.0073 0.0103 0.0060 0.0402 0.0105 0.3511 0.0034 0.0156 0.0687 0.0366 0.0041 0.0435 0.0387 0.0077 0.0285 0.0517 0.0677 0.0348 0.0083 0.1098 0.0074 0.0099 
   H169688.7  1 0.0068 0.0054 0.0103 0.0045 0.0067 0.0143 0.7810 0.0107 0.0134 0.0086 0.0150 0.0055 0.0052 0.0081 0.0055 0.0106 0.0273 0.0070 0.0253 0.0062 0.0141 0.0052 0.0032 
   H171901.1  1 0.0053 0.0059 0.0078 0.0492 0.0133 0.0181 0.0807 0.0487 0.0156 0.0107 0.0133 0.0114 0.0139 0.0483 0.0222 0.0194 0.0181 0.5413 0.0189 0.0120 0.0091 0.0083 0.0086 
   H171901.2  1 0.0047 0.0067 0.0141 0.0105 0.0097 0.0049 0.0087 0.0140 0.8284 0.0052 0.0041 0.0050 0.0126 0.0048 0.0094 0.0103 0.0086 0.0046 0.0120 0.0056 0.0052 0.0064 0.0046 
   H171901.3  1 0.0106 0.0055 0.0122 0.0198 0.0062 0.0085 0.0186 0.0096 0.6639 0.0063 0.0159 0.0053 0.0088 0.0056 0.0195 0.0110 0.0106 0.0377 0.0722 0.0136 0.0184 0.0075 0.0127 
   H171901.4  1 0.0064 0.0084 0.0103 0.0121 0.0203 0.0040 0.0166 0.0084 0.7886 0.0083 0.0062 0.0059 0.0065 0.0056 0.0273 0.0071 0.0072 0.0066 0.0098 0.0057 0.0105 0.0081 0.0100 
   H171901.5  1 0.0065 0.0150 0.0194 0.0141 0.0185 0.0075 0.0131 0.0113 0.6990 0.0138 0.0042 0.0054 0.0067 0.0060 0.0563 0.0100 0.0083 0.0138 0.0254 0.0102 0.0175 0.0061 0.0118 
   H171901.6  1 0.0158 0.0229 0.0284 0.0336 0.0286 0.0114 0.0277 0.0134 0.4438 0.0154 0.0045 0.0103 0.0133 0.0066 0.1699 0.0222 0.0218 0.0144 0.0305 0.0093 0.0290 0.0078 0.0191 
   H171901.7  1 0.0255 0.0056 0.0089 0.0111 0.0115 0.0145 0.0359 0.0148 0.5396 0.0075 0.0079 0.0052 0.0115 0.0054 0.0147 0.0191 0.0304 0.0204 0.1062 0.0099 0.0671 0.0169 0.0103 
   H171902.1  1 0.0122 0.0069 0.0144 0.0097 0.0037 0.0058 0.0069 0.0049 0.0074 0.0103 0.0064 0.0046 0.0048 0.0442 0.8008 0.0089 0.0091 0.0035 0.0103 0.0034 0.0082 0.0051 0.0084 
  H171902.10  1 0.0061 0.0054 0.0221 0.0060 0.0042 0.0050 0.0084 0.0088 0.0240 0.0207 0.0068 0.0040 0.0091 0.0146 0.7949 0.0075 0.0081 0.0048 0.0059 0.0034 0.0199 0.0041 0.0063 
   H171902.2  1 0.0144 0.0052 0.0067 0.0042 0.0076 0.0072 0.0077 0.0059 0.0096 0.0095 0.0190 0.0063 0.0051 0.0186 0.8133 0.0077 0.0058 0.0094 0.0113 0.0041 0.0055 0.0104 0.0053 
   H171902.3  1 0.0084 0.0050 0.0065 0.0049 0.0056 0.0059 0.0106 0.0058 0.0277 0.0134 0.0061 0.0052 0.0067 0.0068 0.8268 0.0123 0.0049 0.0050 0.0070 0.0038 0.0077 0.0069 0.0071 
   H171902.4  1 0.0068 0.0046 0.0110 0.0052 0.0051 0.0076 0.0042 0.0065 0.0746 0.0038 0.0052 0.0087 0.0052 0.0129 0.7905 0.0073 0.0100 0.0045 0.0069 0.0042 0.0044 0.0060 0.0048 
   H171902.6  1 0.0058 0.0049 0.0095 0.0133 0.0031 0.0060 0.0046 0.0073 0.0163 0.0124 0.0053 0.0032 0.0075 0.0125 0.8223 0.0078 0.0083 0.0033 0.0069 0.0035 0.0249 0.0042 0.0071 
   H171902.7  1 0.0031 0.0054 0.0206 0.0061 0.0041 0.0052 0.0066 0.0087 0.0201 0.0055 0.0037 0.0045 0.0049 0.0272 0.8238 0.0065 0.0101 0.0057 0.0038 0.0037 0.0094 0.0042 0.0069 
   H171902.8  1 0.0055 0.0061 0.0094 0.0066 0.0037 0.0056 0.0056 0.0072 0.0203 0.0234 0.0064 0.0037 0.0052 0.0198 0.8183 0.0080 0.0074 0.0060 0.0058 0.0038 0.0120 0.0047 0.0056 
   H171902.9  1 0.0053 0.0058 0.0112 0.0084 0.0048 0.0100 0.0068 0.0058 0.0075 0.0049 0.0042 0.0092 0.0065 0.0193 0.8014 0.0427 0.0067 0.0051 0.0133 0.0036 0.0056 0.0062 0.0057 
   H171903.1  1 0.0294 0.0371 0.0111 0.0146 0.0124 0.0064 0.0687 0.0109 0.0208 0.0038 0.0056 0.0086 0.4782 0.0050 0.0703 0.0646 0.0157 0.0141 0.0113 0.0133 0.0385 0.0158 0.0437 
   H171903.2  1 0.0170 0.0268 0.0333 0.0169 0.0186 0.0090 0.0535 0.0084 0.0073 0.0095 0.0069 0.0081 0.4573 0.0143 0.0131 0.0271 0.0153 0.0104 0.0206 0.0388 0.0343 0.0579 0.0958 
   H171903.3  1 0.0200 0.0177 0.0299 0.0192 0.0150 0.0207 0.0403 0.0291 0.0210 0.0094 0.0072 0.0068 0.1322 0.0160 0.0344 0.0492 0.0120 0.0303 0.0221 0.0687 0.0448 0.0286 0.3253 
   H171903.4  1 0.0068 0.0106 0.0286 0.0328 0.0089 0.0118 0.0389 0.0236 0.0068 0.0050 0.0135 0.0122 0.0251 0.0068 0.2286 0.0186 0.0315 0.4117 0.0290 0.0103 0.0207 0.0068 0.0113 
   H171903.5  1 0.0263 0.0131 0.0092 0.0093 0.0193 0.0118 0.3481 0.0121 0.0212 0.0193 0.0086 0.0062 0.0350 0.0096 0.0271 0.0467 0.0095 0.0200 0.0306 0.1485 0.0237 0.0184 0.1263 
   H171903.6  1 0.0097 0.0493 0.0116 0.0247 0.0082 0.0103 0.3283 0.0067 0.0385 0.0091 0.0110 0.0050 0.0735 0.0051 0.1197 0.0256 0.0093 0.0281 0.0535 0.0575 0.0762 0.0127 0.0264 
      H177.1  1 0.0104 0.0176 0.1947 0.0133 0.0069 0.0205 0.0127 0.0121 0.1697 0.0162 0.0049 0.0045 0.0232 0.0104 0.0251 0.0252 0.0100 0.1582 0.0863 0.0078 0.1418 0.0089 0.0195 
      H177.2  1 0.0215 0.2234 0.0829 0.0174 0.0081 0.0126 0.0229 0.0181 0.0776 0.1548 0.0137 0.0081 0.0145 0.0116 0.0126 0.0119 0.0830 0.0062 0.0279 0.0347 0.0476 0.0601 0.0288 
      H177.3  1 0.0072 0.0543 0.0725 0.1427 0.0054 0.0282 0.0255 0.0303 0.2685 0.0477 0.0053 0.0053 0.0166 0.0164 0.0240 0.0161 0.0359 0.0089 0.0289 0.0178 0.1057 0.0124 0.0246 
      H177.4  1 0.0078 0.0768 0.0598 0.0148 0.0224 0.0128 0.0078 0.0114 0.1305 0.0829 0.0047 0.0065 0.0281 0.0092 0.0097 0.0049 0.0472 0.0954 0.1906 0.0092 0.0984 0.0129 0.0563 
      H177.5  1 0.0072 0.0340 0.0420 0.0080 0.0353 0.0112 0.0159 0.0168 0.0173 0.0110 0.0092 0.0061 0.0201 0.0058 0.0170 0.0107 0.0125 0.1038 0.5158 0.0235 0.0487 0.0159 0.0122 
      H177.6  1 0.0141 0.0200 0.0934 0.1020 0.0052 0.0270 0.0154 0.0288 0.4256 0.0393 0.0045 0.0040 0.0121 0.0198 0.0172 0.0174 0.0288 0.0121 0.0309 0.0126 0.0415 0.0106 0.0177 
      H179.1  1 0.1590 0.0148 0.0050 0.0233 0.0179 0.0367 0.0088 0.0056 0.0087 0.5685 0.0061 0.0102 0.0047 0.0060 0.0212 0.0090 0.0048 0.0242 0.0202 0.0100 0.0195 0.0083 0.0077 
      H179.2  1 0.2629 0.0418 0.0114 0.0090 0.0144 0.0477 0.0334 0.0178 0.0071 0.3496 0.0055 0.0183 0.0100 0.0054 0.0226 0.0125 0.0037 0.0184 0.0113 0.0147 0.0386 0.0143 0.0297 
      H179.3  1 0.5540 0.0097 0.0073 0.0198 0.0184 0.0171 0.0233 0.0055 0.0054 0.1099 0.0113 0.0087 0.0137 0.0054 0.0095 0.0109 0.0068 0.0530 0.0304 0.0201 0.0404 0.0117 0.0077 
      H179.4  1 0.1519 0.0248 0.0397 0.0086 0.0239 0.0458 0.0125 0.0092 0.0298 0.1763 0.0222 0.0101 0.0111 0.0066 0.0066 0.0051 0.0313 0.0258 0.0303 0.0112 0.0958 0.0214 0.2001 
      H180.1  1 0.0084 0.0056 0.1532 0.0049 0.0138 0.0072 0.4510 0.0664 0.0076 0.0466 0.0317 0.0098 0.0071 0.0159 0.0073 0.0642 0.0037 0.0077 0.0161 0.0160 0.0128 0.0061 0.0368 
      H180.2  1 0.0050 0.0114 0.0926 0.0243 0.0550 0.0164 0.3987 0.0378 0.0128 0.0225 0.0547 0.0158 0.0107 0.0208 0.0142 0.1110 0.0049 0.0243 0.0209 0.0078 0.0183 0.0068 0.0137 
      H180.3  1 0.0094 0.0099 0.0892 0.0073 0.0081 0.0365 0.2790 0.0070 0.0056 0.0051 0.0089 0.0106 0.0099 0.0106 0.0037 0.3597 0.0063 0.0089 0.0050 0.0137 0.0062 0.0306 0.0687 
      H180.4  1 0.0064 0.0073 0.0397 0.0081 0.0508 0.0122 0.3228 0.1727 0.0226 0.0446 0.0312 0.0686 0.0092 0.0265 0.0135 0.0371 0.0081 0.0216 0.0298 0.0208 0.0172 0.0201 0.0089 
      H180.5  1 0.0097 0.0567 0.0085 0.0062 0.0324 0.0054 0.3005 0.2831 0.0104 0.0267 0.0323 0.0100 0.0151 0.0348 0.0076 0.0364 0.0107 0.0165 0.0148 0.0095 0.0222 0.0428 0.0076 
      H180.6  1 0.0099 0.0098 0.0068 0.0129 0.0293 0.0111 0.1089 0.0763 0.0165 0.0079 0.0303 0.0081 0.0081 0.0400 0.0088 0.0335 0.0326 0.0097 0.0060 0.0088 0.0150 0.4990 0.0106 
      H181.1  1 0.0106 0.0115 0.0134 0.0087 0.0174 0.0091 0.0082 0.0482 0.1488 0.2650 0.1372 0.0046 0.0604 0.0167 0.0191 0.0097 0.0108 0.0070 0.0289 0.1153 0.0099 0.0060 0.0336 
      H181.2  1 0.0121 0.0130 0.0318 0.0056 0.0159 0.0078 0.0141 0.1085 0.0455 0.4664 0.0712 0.0073 0.0208 0.0164 0.0218 0.0187 0.0387 0.0112 0.0185 0.0172 0.0187 0.0047 0.0140 
      H181.3  1 0.0047 0.0238 0.0345 0.0088 0.0057 0.0055 0.0069 0.0290 0.0543 0.4559 0.1710 0.0091 0.0206 0.0147 0.0221 0.0085 0.0114 0.0108 0.0552 0.0085 0.0209 0.0102 0.0079 
      H181.4  1 0.0111 0.1077 0.0466 0.0086 0.0111 0.0191 0.0246 0.0496 0.0919 0.0519 0.0679 0.0112 0.0276 0.0050 0.0265 0.1047 0.0313 0.0096 0.0331 0.1885 0.0339 0.0118 0.0268 
      H181.5  1 0.0145 0.0107 0.0066 0.0057 0.0092 0.0251 0.0056 0.0196 0.0109 0.7571 0.0351 0.0126 0.0074 0.0096 0.0105 0.0057 0.0051 0.0126 0.0093 0.0108 0.0041 0.0056 0.0064 
      H181.6  1 0.0387 0.0093 0.0081 0.0097 0.0533 0.0094 0.0195 0.0344 0.0119 0.6291 0.0070 0.0103 0.0085 0.0048 0.0221 0.0475 0.0084 0.0117 0.0075 0.0128 0.0084 0.0051 0.0225 
      H181.7  1 0.0089 0.0079 0.0095 0.0085 0.0123 0.0050 0.0179 0.0066 0.0153 0.7804 0.0091 0.0080 0.0076 0.0076 0.0083 0.0150 0.0141 0.0083 0.0058 0.0141 0.0070 0.0094 0.0134 
 H194.1_2004  1 0.0283 0.0094 0.0058 0.0120 0.0077 0.0170 0.0210 0.0168 0.0197 0.0041 0.0065 0.0081 0.0415 0.0106 0.0549 0.0544 0.5885 0.0140 0.0113 0.0143 0.0285 0.0111 0.0144 
 H194.2_2004  1 0.0041 0.0056 0.0053 0.0094 0.0044 0.0074 0.0076 0.0253 0.0151 0.0037 0.0059 0.0069 0.0493 0.0194 0.0708 0.0073 0.4065 0.2951 0.0161 0.0124 0.0111 0.0062 0.0052 
 H194.3_2004  1 0.0070 0.0070 0.0099 0.0101 0.0097 0.1801 0.0058 0.0084 0.0727 0.0102 0.0038 0.0042 0.0081 0.0075 0.0160 0.0099 0.5577 0.0202 0.0102 0.0094 0.0163 0.0071 0.0087 
 H194.4_2004  1 0.0056 0.0060 0.0239 0.0069 0.0068 0.0154 0.0053 0.0159 0.0661 0.0048 0.0056 0.0041 0.0798 0.0246 0.0246 0.0089 0.4310 0.1906 0.0382 0.0046 0.0112 0.0076 0.0128 
 H194.5_2004  1 0.0148 0.0113 0.0164 0.0100 0.0265 0.0632 0.0123 0.0113 0.0497 0.0096 0.0064 0.0087 0.0104 0.0063 0.0566 0.0185 0.5441 0.0278 0.0076 0.0119 0.0282 0.0179 0.0307 
 H194.6_2004  1 0.0165 0.0129 0.0485 0.0126 0.0102 0.3142 0.0073 0.0171 0.1146 0.0073 0.0064 0.0046 0.0188 0.0080 0.0272 0.0130 0.0469 0.1819 0.0331 0.0072 0.0283 0.0179 0.0455 
 H194.7_2004  1 0.0143 0.0108 0.0047 0.0046 0.0104 0.0132 0.0166 0.0155 0.0158 0.0042 0.0093 0.0108 0.2255 0.0086 0.0227 0.0164 0.4405 0.0284 0.0144 0.0191 0.0132 0.0701 0.0109 
 H194.8_2004  1 0.0085 0.0142 0.0314 0.0100 0.0080 0.0426 0.0111 0.0171 0.0744 0.0088 0.0095 0.0075 0.0174 0.0117 0.0254 0.0197 0.2486 0.3278 0.0200 0.0089 0.0201 0.0189 0.0384 
      H194.9  1 0.0120 0.0127 0.0053 0.0093 0.0084 0.0160 0.0107 0.0118 0.0198 0.0043 0.0100 0.0078 0.0391 0.0089 0.0179 0.0344 0.6291 0.0250 0.0179 0.0110 0.0123 0.0672 0.0091 
 H195.1_2003  1 0.0096 0.0068 0.0130 0.0061 0.0313 0.0099 0.0135 0.0107 0.0177 0.0066 0.0046 0.0068 0.0077 0.0035 0.0328 0.0057 0.7513 0.0133 0.0111 0.0070 0.0109 0.0054 0.0144 
 H195.1_2004  1 0.0029 0.0035 0.0099 0.0070 0.0048 0.0043 0.0048 0.0173 0.0103 0.0068 0.0147 0.0047 0.0050 0.0054 0.0033 0.0046 0.8610 0.0035 0.0064 0.0053 0.0070 0.0040 0.0035 
 H195.2_2003  1 0.0218 0.0166 0.0186 0.0080 0.0291 0.0071 0.0161 0.0072 0.0058 0.0056 0.0052 0.0050 0.0158 0.0055 0.0295 0.0121 0.7357 0.0058 0.0206 0.0034 0.0066 0.0093 0.0096 
 H195.2_2004  1 0.0032 0.0048 0.0037 0.0037 0.0049 0.0037 0.0058 0.0059 0.0057 0.0042 0.0056 0.0034 0.0044 0.0054 0.0039 0.0031 0.9070 0.0037 0.0033 0.0037 0.0032 0.0040 0.0038 
 H195.3_2003  1 0.0075 0.0272 0.0181 0.0108 0.0326 0.0111 0.0140 0.0060 0.0052 0.0070 0.0071 0.0096 0.0192 0.0057 0.0481 0.0450 0.6154 0.0222 0.0416 0.0061 0.0215 0.0101 0.0088 
 H195.3_2004  1 0.0036 0.0046 0.0055 0.0041 0.0033 0.0043 0.0034 0.0082 0.0118 0.0043 0.0056 0.0051 0.0059 0.0047 0.0058 0.0035 0.8927 0.0032 0.0048 0.0037 0.0044 0.0030 0.0045 
 H195.4_2003  1 0.0071 0.0047 0.0081 0.0067 0.0097 0.0083 0.0067 0.0219 0.0089 0.0052 0.0040 0.0047 0.0055 0.0030 0.0128 0.0045 0.8442 0.0073 0.0055 0.0048 0.0046 0.0040 0.0080 
 H195.4_2004  1 0.0051 0.0034 0.0043 0.0035 0.0034 0.0055 0.0034 0.0042 0.0046 0.0035 0.0080 0.0037 0.0080 0.0036 0.0035 0.0033 0.9030 0.0043 0.0070 0.0037 0.0034 0.0042 0.0035 
 H195.5_2003  1 0.0066 0.0061 0.0147 0.0096 0.1222 0.0082 0.0106 0.0391 0.0138 0.0093 0.0156 0.0117 0.0080 0.0038 0.0221 0.0074 0.6216 0.0182 0.0119 0.0107 0.0117 0.0049 0.0122 
 H195.5_2004  1 0.0033 0.0036 0.0083 0.0049 0.0058 0.0046 0.0038 0.0067 0.0060 0.0055 0.0095 0.0075 0.0069 0.0059 0.0036 0.0043 0.8839 0.0032 0.0048 0.0038 0.0051 0.0035 0.0055 
 H195.6_2003  1 0.0078 0.0106 0.0100 0.0062 0.0113 0.0043 0.0092 0.0049 0.0047 0.0038 0.0059 0.0058 0.0174 0.0045 0.0159 0.0145 0.8283 0.0043 0.0123 0.0028 0.0055 0.0062 0.0039 
 H195.6_2004  1 0.0032 0.0044 0.0052 0.0036 0.0047 0.0060 0.0043 0.0045 0.0046 0.0032 0.0049 0.0036 0.0059 0.0060 0.0037 0.0028 0.9069 0.0038 0.0033 0.0033 0.0040 0.0043 0.0037 
 H195.7_2003  1 0.0066 0.0106 0.0091 0.0050 0.0083 0.0065 0.0110 0.0115 0.0099 0.0059 0.0071 0.0049 0.0060 0.0033 0.0167 0.0038 0.7998 0.0228 0.0178 0.0077 0.0076 0.0068 0.0115 
 H195.7_2004  1 0.0030 0.0045 0.0057 0.0046 0.0051 0.0034 0.0053 0.0088 0.0044 0.0049 0.0110 0.0049 0.0033 0.0103 0.0036 0.0070 0.8853 0.0040 0.0042 0.0048 0.0043 0.0035 0.0040 
      H195.8  1 0.0035 0.0044 0.0050 0.0056 0.0041 0.0047 0.0037 0.0091 0.0041 0.0046 0.0266 0.0052 0.0062 0.0042 0.0033 0.0052 0.8729 0.0035 0.0069 0.0047 0.0050 0.0039 0.0034 
      H195.9  1 0.0031 0.0071 0.0048 0.0045 0.0048 0.0051 0.0044 0.0059 0.0075 0.0047 0.0044 0.0037 0.0123 0.0040 0.0050 0.0038 0.8850 0.0036 0.0070 0.0039 0.0049 0.0053 0.0051 
      H415.1  1 0.0836 0.0045 0.0143 0.0096 0.0156 0.0130 0.0485 0.0218 0.1860 0.0136 0.0058 0.0249 0.0061 0.0740 0.0217 0.1967 0.0598 0.0401 0.0059 0.0118 0.0123 0.0327 0.0977 
      H415.2  1 0.0173 0.0199 0.0508 0.0369 0.0072 0.1024 0.0272 0.0086 0.0419 0.0125 0.0033 0.0170 0.0054 0.0214 0.3194 0.0467 0.0207 0.0069 0.0914 0.0117 0.0398 0.0058 0.0859 
      H415.3  1 0.0986 0.0181 0.0172 0.0087 0.0109 0.0092 0.0532 0.0264 0.1081 0.0246 0.0038 0.0419 0.0041 0.0100 0.0234 0.0123 0.0122 0.0177 0.0097 0.0165 0.0278 0.0082 0.4373 
      H415.4  1 0.0303 0.0089 0.0132 0.0094 0.0181 0.0429 0.0224 0.0539 0.0244 0.0054 0.0112 0.0362 0.0065 0.0253 0.0307 0.0951 0.0192 0.0236 0.0047 0.0118 0.0062 0.0369 0.4634 
      H415.5  1 0.0357 0.0068 0.0179 0.0052 0.0108 0.0291 0.0434 0.0678 0.0987 0.0126 0.0050 0.0153 0.0044 0.0138 0.0255 0.0092 0.0279 0.0209 0.0098 0.0157 0.0139 0.0058 0.5048 
      H415.6  1 0.0326 0.0058 0.0253 0.0086 0.0149 0.0383 0.0259 0.0626 0.0373 0.0068 0.0094 0.0349 0.0057 0.0187 0.0268 0.1099 0.0222 0.0227 0.0047 0.0097 0.0048 0.0337 0.4387 
      H415.7  1 0.0262 0.0805 0.0241 0.0131 0.0050 0.0286 0.0272 0.0117 0.0457 0.0164 0.0037 0.0230 0.0037 0.0220 0.1990 0.0137 0.0263 0.0058 0.1237 0.0150 0.0167 0.0091 0.2597 
      H506.1  1 0.0169 0.0107 0.0037 0.0045 0.0126 0.0135 0.0040 0.0036 0.0237 0.8135 0.0084 0.0079 0.0035 0.0060 0.0055 0.0032 0.0052 0.0048 0.0054 0.0057 0.0052 0.0063 0.0260 
      H506.2  1 0.0069 0.0075 0.0038 0.0065 0.0050 0.0066 0.0034 0.0046 0.0173 0.8722 0.0035 0.0064 0.0042 0.0046 0.0047 0.0032 0.0107 0.0036 0.0042 0.0046 0.0046 0.0042 0.0079 
      H506.3  1 0.0187 0.0206 0.0065 0.0044 0.0152 0.0232 0.0066 0.0057 0.0124 0.7277 0.0118 0.0094 0.0053 0.0336 0.0047 0.0051 0.0060 0.0096 0.0258 0.0076 0.0127 0.0106 0.0165 
      H506.4  1 0.0333 0.0362 0.0047 0.0093 0.0129 0.0211 0.0075 0.0042 0.0152 0.7328 0.0068 0.0112 0.0063 0.0120 0.0060 0.0047 0.0064 0.0114 0.0094 0.0128 0.0096 0.0080 0.0182 
      H506.5  1 0.0154 0.0112 0.0048 0.0081 0.0071 0.0083 0.0047 0.0030 0.0203 0.8255 0.0048 0.0056 0.0061 0.0052 0.0068 0.0038 0.0072 0.0057 0.0075 0.0043 0.0056 0.0052 0.0237 
      H506.6  1 0.0248 0.0209 0.0134 0.0245 0.0077 0.0074 0.0105 0.0051 0.0048 0.6395 0.0105 0.0078 0.0116 0.0170 0.0049 0.0044 0.0206 0.0103 0.1152 0.0110 0.0121 0.0067 0.0095 
      H506.7  1 0.0165 0.0109 0.0057 0.0074 0.0063 0.0097 0.0039 0.0041 0.0254 0.8298 0.0069 0.0073 0.0039 0.0057 0.0062 0.0030 0.0094 0.0045 0.0082 0.0038 0.0049 0.0042 0.0124 
      H533.1  1 0.0048 0.0046 0.0036 0.0043 0.0081 0.0068 0.0049 0.0032 0.0142 0.8824 0.0057 0.0044 0.0028 0.0062 0.0035 0.0028 0.0036 0.0031 0.0037 0.0065 0.0045 0.0036 0.0125 
      H533.2  1 0.0050 0.0051 0.0039 0.0046 0.0067 0.0056 0.0045 0.0035 0.0327 0.8566 0.0052 0.0047 0.0034 0.0099 0.0031 0.0032 0.0043 0.0038 0.0029 0.0056 0.0042 0.0049 0.0167 
      H533.3  1 0.0141 0.0102 0.0051 0.0166 0.0058 0.0058 0.0086 0.0040 0.0326 0.7425 0.0075 0.0054 0.0099 0.0078 0.0093 0.0052 0.0048 0.0051 0.0056 0.0336 0.0407 0.0079 0.0117 
      H533.4  1 0.0304 0.0147 0.0101 0.0351 0.0143 0.0069 0.0281 0.0056 0.1031 0.4854 0.0225 0.0060 0.0118 0.0135 0.0123 0.0069 0.0305 0.0112 0.0075 0.0165 0.0785 0.0059 0.0433 
      H535.1  1 0.0052 0.0094 0.0083 0.0104 0.0049 0.0146 0.0055 0.0087 0.0058 0.0087 0.0033 0.0040 0.0131 0.0039 0.0093 0.0078 0.0090 0.0066 0.0078 0.0062 0.0107 0.0041 0.8327 
      H535.2  1 0.0059 0.0153 0.0131 0.0051 0.0119 0.0081 0.0048 0.0140 0.0081 0.0408 0.0142 0.0070 0.0136 0.0031 0.0049 0.0043 0.0309 0.0106 0.0099 0.0110 0.0092 0.0147 0.7396 
      H535.3  1 0.0034 0.0094 0.0069 0.0077 0.0165 0.0060 0.0034 0.0114 0.0055 0.0215 0.0279 0.0057 0.0130 0.0033 0.0065 0.0038 0.0309 0.0106 0.0072 0.0084 0.0072 0.0082 0.7755 
      H535.4  1 0.0039 0.0028 0.0052 0.0029 0.0070 0.0040 0.0042 0.0063 0.0071 0.0030 0.0083 0.0062 0.0038 0.0029 0.0039 0.0049 0.0097 0.0038 0.0031 0.0048 0.0050 0.0035 0.8934 
      H535.5  1 0.0044 0.0041 0.0041 0.0037 0.0046 0.0058 0.0053 0.0033 0.0057 0.0036 0.0041 0.0036 0.0058 0.0030 0.0037 0.0037 0.0057 0.0040 0.0051 0.0041 0.0091 0.0037 0.8999 
      H535.6  1 0.0066 0.0161 0.0089 0.0150 0.0047 0.0264 0.0045 0.0180 0.0036 0.0077 0.0093 0.0046 0.0219 0.0043 0.0213 0.0193 0.0254 0.0281 0.0236 0.0076 0.0144 0.0063 0.7025 
      H535.7  1 0.0032 0.0047 0.0031 0.0030 0.0055 0.0062 0.0053 0.0025 0.0042 0.0050 0.0034 0.0029 0.0048 0.0031 0.0028 0.0040 0.0055 0.0046 0.0047 0.0035 0.0049 0.0045 0.9088 
      H535.8  1 0.0032 0.0045 0.0044 0.0037 0.0053 0.0057 0.0037 0.0033 0.0037 0.0038 0.0097 0.0033 0.0052 0.0028 0.0035 0.0045 0.0080 0.0093 0.0067 0.0038 0.0059 0.0055 0.8903 
      H535.9  1 0.0040 0.0070 0.0069 0.0159 0.0108 0.0076 0.0041 0.0173 0.0053 0.0110 0.0072 0.0041 0.0139 0.0048 0.0070 0.0104 0.0114 0.0038 0.0078 0.0058 0.0064 0.0047 0.8226 
      H539.1  1 0.0042 0.0043 0.0057 0.0102 0.0030 0.0031 0.0038 0.0036 0.0030 0.0029 0.0029 0.0031 0.0060 0.0057 0.0041 0.9087 0.0040 0.0032 0.0045 0.0028 0.0031 0.0041 0.0039 
      H539.2  1 0.0159 0.0060 0.0179 0.0068 0.0084 0.0057 0.0213 0.0086 0.0075 0.0067 0.0245 0.0062 0.0146 0.0108 0.0100 0.6660 0.0059 0.0132 0.0181 0.0120 0.0833 0.0114 0.0191 
      H539.3  1 0.0047 0.0042 0.0077 0.0055 0.0063 0.0082 0.0053 0.0031 0.0039 0.0035 0.0079 0.0053 0.0284 0.0060 0.0090 0.8223 0.0122 0.0181 0.0106 0.0044 0.0092 0.0083 0.0061 
      H539.4  1 0.0049 0.0050 0.0089 0.0084 0.0065 0.0039 0.0071 0.0036 0.0045 0.0060 0.0047 0.0047 0.0051 0.0129 0.0044 0.8596 0.0038 0.0056 0.0104 0.0080 0.0101 0.0065 0.0053 
      H539.5  1 0.0035 0.0046 0.0044 0.0055 0.0028 0.0038 0.0034 0.0039 0.0031 0.0027 0.0030 0.0035 0.0062 0.0049 0.0047 0.9143 0.0030 0.0039 0.0033 0.0032 0.0038 0.0054 0.0033 
      H539.6  1 0.0053 0.0057 0.0058 0.0068 0.0028 0.0040 0.0067 0.0047 0.0032 0.0030 0.0036 0.0048 0.0050 0.0038 0.0073 0.8966 0.0040 0.0048 0.0035 0.0042 0.0037 0.0068 0.0037 
      H539.7  1 0.0036 0.0030 0.0043 0.0073 0.0031 0.0038 0.0049 0.0050 0.0034 0.0031 0.0030 0.0046 0.0031 0.0030 0.0054 0.9118 0.0037 0.0041 0.0045 0.0043 0.0045 0.0032 0.0032 
      H539.8  1 0.0056 0.0046 0.0070 0.0058 0.0143 0.0155 0.0060 0.0046 0.0049 0.0045 0.0110 0.0072 0.0081 0.0119 0.0073 0.8023 0.0070 0.0271 0.0094 0.0089 0.0086 0.0056 0.0130 
      H539.9  1 0.0054 0.0049 0.0062 0.0053 0.0045 0.0037 0.0050 0.0024 0.0029 0.0038 0.0040 0.0050 0.0058 0.0090 0.0035 0.8926 0.0033 0.0043 0.0077 0.0054 0.0049 0.0070 0.0036 
      H540.1  1 0.0043 0.0399 0.0063 0.0129 0.0030 0.0065 0.0089 0.0057 0.0061 0.0091 0.0071 0.0073 0.0095 0.0081 0.0182 0.7712 0.0080 0.0043 0.0118 0.0149 0.0243 0.0055 0.0070 
      H540.2  1 0.0046 0.0098 0.0044 0.0103 0.0029 0.0068 0.0039 0.0051 0.0057 0.0042 0.0027 0.0046 0.0069 0.0032 0.0144 0.8762 0.0039 0.0045 0.0063 0.0068 0.0057 0.0035 0.0036 
      H540.3  1 0.0058 0.0130 0.0276 0.0294 0.0059 0.0721 0.0106 0.0174 0.0120 0.0093 0.0119 0.0090 0.0044 0.2335 0.0158 0.4048 0.0067 0.0340 0.0196 0.0224 0.0120 0.0047 0.0180 
      H540.4  1 0.0045 0.0105 0.0044 0.0076 0.0034 0.0083 0.0074 0.0093 0.0047 0.0135 0.0043 0.0094 0.0053 0.0034 0.0119 0.8443 0.0052 0.0060 0.0080 0.0095 0.0089 0.0035 0.0066 
      H540.5  1 0.0063 0.0114 0.0101 0.0072 0.0037 0.0123 0.0057 0.0080 0.0069 0.0086 0.0089 0.0052 0.0072 0.0124 0.0088 0.8271 0.0041 0.0067 0.0150 0.0070 0.0078 0.0054 0.0042 
      H540.6  1 0.0076 0.0386 0.0128 0.0108 0.0046 0.0121 0.0097 0.0113 0.0073 0.0238 0.0193 0.0101 0.0134 0.0098 0.0168 0.7160 0.0068 0.0065 0.0204 0.0128 0.0102 0.0123 0.0070 
      H540.7  1 0.0118 0.0094 0.0049 0.0086 0.0041 0.0058 0.0068 0.0070 0.0090 0.0068 0.0043 0.0064 0.0052 0.0031 0.0129 0.8456 0.0056 0.0040 0.0055 0.0123 0.0100 0.0054 0.0056 
      H540.8  1 0.0050 0.0099 0.0046 0.0097 0.0041 0.0077 0.0084 0.0072 0.0072 0.0056 0.0025 0.0045 0.0069 0.0050 0.0294 0.8245 0.0055 0.0046 0.0063 0.0115 0.0186 0.0048 0.0064 
     H9558.1  1 0.0070 0.0045 0.0094 0.0360 0.0075 0.0073 0.0096 0.0044 0.0036 0.0087 0.0051 0.0037 0.0115 0.0092 0.0097 0.8153 0.0045 0.0077 0.0089 0.0036 0.0095 0.0055 0.0078 
     H9558.2  1 0.0215 0.0089 0.0161 0.0448 0.0299 0.0061 0.0075 0.0038 0.0037 0.0143 0.0082 0.0053 0.0100 0.0095 0.0128 0.7353 0.0057 0.0122 0.0091 0.0051 0.0066 0.0132 0.0105 
     H9558.3  1 0.0077 0.0098 0.0135 0.0070 0.0192 0.0098 0.0047 0.0046 0.0043 0.0077 0.0054 0.0073 0.0116 0.0087 0.0047 0.8219 0.0058 0.0071 0.0044 0.0059 0.0039 0.0115 0.0133 
     H9558.4  1 0.0103 0.0054 0.0086 0.0210 0.0092 0.0047 0.0119 0.0035 0.0027 0.0096 0.0034 0.0027 0.0066 0.0090 0.0047 0.8432 0.0034 0.0036 0.0077 0.0036 0.0125 0.0047 0.0080 
     H9558.5  1 0.0049 0.0063 0.0061 0.0083 0.0080 0.0059 0.0064 0.0038 0.0044 0.0042 0.0049 0.0055 0.0033 0.0141 0.0034 0.8613 0.0022 0.0052 0.0078 0.0086 0.0104 0.0032 0.0117 
     H9558.6  1 0.0046 0.0082 0.0139 0.0186 0.0088 0.0099 0.0050 0.0065 0.0045 0.0044 0.0033 0.0054 0.0062 0.0083 0.0124 0.7494 0.0053 0.0065 0.0171 0.0414 0.0067 0.0440 0.0096 
    kos339.1  1 0.0092 0.0142 0.0053 0.0074 0.0035 0.0050 0.0076 0.0046 0.8139 0.0187 0.0042 0.0071 0.0040 0.0046 0.0136 0.0047 0.0042 0.0050 0.0108 0.0068 0.0080 0.0211 0.0166 
    kos339.2  1 0.0055 0.0057 0.0055 0.0032 0.0061 0.0054 0.0063 0.0051 0.8551 0.0088 0.0062 0.0092 0.0034 0.0054 0.0050 0.0050 0.0093 0.0057 0.0041 0.0059 0.0040 0.0182 0.0119 
    kos339.3  1 0.0036 0.0041 0.0035 0.0042 0.0039 0.0035 0.0051 0.0039 0.9053 0.0035 0.0030 0.0044 0.0037 0.0031 0.0046 0.0039 0.0048 0.0030 0.0031 0.0058 0.0059 0.0043 0.0097 
    kos339.4  1 0.0050 0.0049 0.0036 0.0034 0.0042 0.0045 0.0060 0.0041 0.9032 0.0034 0.0041 0.0044 0.0030 0.0041 0.0044 0.0049 0.0044 0.0043 0.0031 0.0037 0.0047 0.0050 0.0077 
    kos339.5  1 0.0076 0.0133 0.0033 0.0048 0.0031 0.0046 0.0051 0.0044 0.8819 0.0054 0.0043 0.0072 0.0040 0.0026 0.0062 0.0053 0.0033 0.0042 0.0054 0.0052 0.0081 0.0056 0.0051 
    kos339.6  1 0.0052 0.0056 0.0034 0.0032 0.0042 0.0051 0.0040 0.0047 0.9021 0.0042 0.0040 0.0041 0.0041 0.0046 0.0050 0.0039 0.0049 0.0032 0.0037 0.0069 0.0046 0.0043 0.0051 
    kos339.7  1 0.0034 0.0040 0.0030 0.0039 0.0036 0.0041 0.0057 0.0031 0.8781 0.0066 0.0031 0.0036 0.0029 0.0035 0.0063 0.0042 0.0072 0.0036 0.0033 0.0046 0.0054 0.0083 0.0285 
    kos339.8  1 0.0094 0.0073 0.0043 0.0034 0.0064 0.0043 0.0076 0.0048 0.8759 0.0064 0.0060 0.0052 0.0026 0.0048 0.0046 0.0030 0.0052 0.0053 0.0040 0.0067 0.0046 0.0048 0.0133 
    kos339.9  1 0.0051 0.0088 0.0072 0.0044 0.0042 0.0062 0.0081 0.0047 0.8477 0.0070 0.0044 0.0107 0.0048 0.0046 0.0104 0.0118 0.0081 0.0048 0.0053 0.0046 0.0125 0.0103 0.0044 
      H008.1  2 0.0151 0.0061 0.0116 0.0121 0.0200 0.0111 0.0184 0.0091 0.0069 0.0108 0.0096 0.0238 0.0083 0.0054 0.0091 0.0547 0.0069 0.0098 0.0073 0.0084 0.0178 0.7101 0.0074 
      H008.2  2 0.0236 0.0091 0.0480 0.0291 0.3649 0.0114 0.0168 0.0052 0.0110 0.0404 0.0325 0.0194 0.0286 0.0277 0.0125 0.1268 0.0084 0.0217 0.0148 0.0224 0.0608 0.0519 0.0132 
      H008.3  2 0.0176 0.0139 0.0325 0.0157 0.2206 0.0375 0.0307 0.0107 0.0084 0.0403 0.0642 0.0220 0.0629 0.0221 0.0099 0.0511 0.0184 0.0737 0.0072 0.0174 0.1665 0.0404 0.0163 
      H008.4  2 0.0441 0.0091 0.0237 0.0159 0.0389 0.0241 0.0099 0.0082 0.0078 0.0131 0.0110 0.0256 0.0134 0.0353 0.0271 0.0432 0.0139 0.0520 0.0058 0.0106 0.0114 0.5380 0.0180 
      H008.5  2 0.0096 0.0099 0.0103 0.0065 0.0478 0.0248 0.0140 0.0070 0.0066 0.0074 0.0122 0.0129 0.0239 0.0155 0.0111 0.0121 0.0086 0.0647 0.0061 0.0116 0.0200 0.6438 0.0138 
      H008.6  2 0.0315 0.0119 0.0401 0.0356 0.3288 0.0166 0.0084 0.0054 0.0096 0.0169 0.0087 0.0206 0.0286 0.0553 0.0408 0.0651 0.0149 0.0274 0.0092 0.0210 0.0510 0.1323 0.0203 
      H008.7  2 0.0162 0.0129 0.0569 0.0314 0.1621 0.0178 0.0134 0.0140 0.0103 0.0213 0.0538 0.0179 0.0124 0.0579 0.0241 0.0429 0.0169 0.0607 0.0068 0.0098 0.0267 0.2780 0.0358 
      H008.8  2 0.0226 0.0087 0.0742 0.1002 0.0197 0.0098 0.0527 0.0057 0.0097 0.0666 0.0275 0.0147 0.0152 0.0103 0.0120 0.3013 0.0273 0.0129 0.0071 0.0097 0.0117 0.1616 0.0189 
      H008.9  2 0.0164 0.0094 0.0302 0.1351 0.3619 0.0387 0.0079 0.0084 0.0079 0.0246 0.0122 0.0176 0.0277 0.0939 0.0314 0.0333 0.0322 0.0276 0.0087 0.0143 0.0257 0.0157 0.0194 
 H029.1_2002  2 0.0352 0.0151 0.0182 0.0281 0.0058 0.0132 0.0057 0.0047 0.0052 0.0107 0.0088 0.0152 0.0050 0.0170 0.0324 0.0266 0.0054 0.0992 0.0126 0.0083 0.0059 0.6049 0.0168 
 H029.1_2003  2 0.0147 0.0153 0.0106 0.0201 0.0099 0.0565 0.0108 0.0042 0.0049 0.0204 0.0057 0.0094 0.0064 0.0094 0.0087 0.0071 0.0116 0.6540 0.0515 0.0104 0.0114 0.0167 0.0303 
 H029.2_2002  2 0.0096 0.0245 0.0124 0.0037 0.0177 0.0673 0.0075 0.0050 0.0464 0.0200 0.0233 0.0049 0.0089 0.0407 0.0141 0.0083 0.0304 0.0322 0.0715 0.0075 0.0275 0.4824 0.0344 
 H029.2_2003  2 0.0071 0.0204 0.0311 0.0069 0.0211 0.0319 0.0093 0.0044 0.0231 0.0261 0.0067 0.0056 0.0104 0.0291 0.0196 0.0075 0.0169 0.2809 0.2326 0.0158 0.0929 0.0658 0.0348 
 H029.3_2002  2 0.0150 0.0281 0.0178 0.0056 0.0097 0.0492 0.0118 0.0042 0.0305 0.0815 0.0268 0.0054 0.0126 0.1395 0.0080 0.0072 0.0505 0.0304 0.1421 0.0224 0.0144 0.2250 0.0623 
 H029.3_2003  2 0.0147 0.0132 0.0047 0.0046 0.0329 0.0255 0.0109 0.0070 0.0078 0.0183 0.0071 0.0108 0.0065 0.0078 0.0043 0.0057 0.0110 0.3047 0.0695 0.0135 0.0319 0.3791 0.0087 
 H029.4_2002  2 0.0395 0.0045 0.0041 0.0051 0.0058 0.0099 0.0178 0.0049 0.0044 0.0128 0.0156 0.0087 0.0045 0.0230 0.0039 0.0038 0.0129 0.0684 0.0386 0.0063 0.0066 0.6948 0.0043 
 H029.4_2003  2 0.0125 0.0055 0.0065 0.0111 0.0078 0.0108 0.0249 0.0036 0.0068 0.0147 0.0055 0.0105 0.0071 0.0129 0.0060 0.0157 0.0063 0.7344 0.0420 0.0130 0.0103 0.0244 0.0078 
 H029.5_2002  2 0.0141 0.0095 0.0055 0.0072 0.0101 0.0239 0.0046 0.0061 0.0061 0.0060 0.0102 0.0135 0.0041 0.0054 0.0105 0.0088 0.0062 0.0892 0.0145 0.0074 0.0055 0.7271 0.0046 
 H029.5_2003  2 0.0142 0.0050 0.0116 0.0097 0.0229 0.0187 0.0144 0.0042 0.0045 0.0116 0.0051 0.0093 0.0047 0.0072 0.0034 0.0050 0.0088 0.5340 0.0655 0.0067 0.0591 0.1679 0.0066 
 H029.6_2002  2 0.0280 0.0063 0.0038 0.0039 0.0061 0.0123 0.0106 0.0060 0.0058 0.0305 0.0131 0.0075 0.0079 0.0562 0.0057 0.0039 0.0232 0.1605 0.1456 0.0068 0.0078 0.4433 0.0054 
 H029.6_2003  2 0.0119 0.0219 0.0145 0.0110 0.0198 0.0755 0.0138 0.0070 0.0468 0.0367 0.0104 0.0220 0.0083 0.0107 0.0096 0.0133 0.0150 0.0644 0.1941 0.0201 0.0819 0.2822 0.0089 
      H029.7  2 0.0083 0.0101 0.0158 0.0044 0.0066 0.0156 0.0098 0.0033 0.0274 0.0113 0.0147 0.0047 0.0108 0.0346 0.0121 0.0058 0.0475 0.0246 0.0512 0.0042 0.0103 0.6585 0.0085 
      H030.1  2 0.0088 0.1004 0.0246 0.0085 0.0655 0.0073 0.0081 0.0467 0.0125 0.0122 0.0136 0.0175 0.0096 0.0049 0.0168 0.0047 0.0124 0.0376 0.1986 0.3367 0.0242 0.0224 0.0062 
      H030.2  2 0.0152 0.0144 0.0120 0.0078 0.0373 0.0050 0.0249 0.0423 0.0042 0.0091 0.1456 0.0374 0.0042 0.0736 0.0104 0.0213 0.0111 0.0228 0.0147 0.3458 0.0059 0.0786 0.0564 
      H038.1  2 0.0087 0.0054 0.0057 0.0116 0.0042 0.0095 0.0046 0.0029 0.0060 0.0059 0.0042 0.0052 0.0082 0.0169 0.0051 0.0059 0.0065 0.0054 0.0109 0.0067 0.0047 0.8499 0.0061 
      H038.2  2 0.0059 0.0091 0.0092 0.0037 0.0068 0.0060 0.0069 0.0159 0.0084 0.0040 0.0058 0.0061 0.0033 0.0063 0.0093 0.0036 0.0039 0.0055 0.0050 0.0066 0.0063 0.8492 0.0134 
      H038.3  2 0.0132 0.0429 0.0133 0.0061 0.0091 0.0062 0.0088 0.0108 0.0090 0.0071 0.0076 0.0161 0.0045 0.0330 0.0066 0.0102 0.0083 0.0042 0.0052 0.0126 0.0056 0.7379 0.0217 
      H038.4  2 0.0080 0.0223 0.0107 0.0053 0.0112 0.0088 0.0084 0.0170 0.0058 0.0087 0.0078 0.0135 0.0036 0.0231 0.0076 0.0062 0.0092 0.0043 0.0056 0.0069 0.0038 0.7918 0.0102 
      H038.5  2 0.0101 0.0071 0.0043 0.0050 0.0091 0.0090 0.0249 0.0077 0.0138 0.0173 0.0090 0.0049 0.0035 0.0275 0.0066 0.0094 0.0087 0.0101 0.0108 0.0187 0.0072 0.7705 0.0048 
      H038.6  2 0.0096 0.0076 0.0054 0.0061 0.0058 0.0063 0.0115 0.0033 0.0085 0.0053 0.0036 0.0042 0.0037 0.0090 0.0101 0.0095 0.0035 0.0068 0.0131 0.0125 0.0102 0.8347 0.0098 
      H038.7  2 0.0093 0.0407 0.0066 0.0044 0.0066 0.0047 0.0074 0.0047 0.0050 0.0061 0.0032 0.0070 0.0036 0.0096 0.0058 0.0149 0.0038 0.0057 0.0073 0.0084 0.0057 0.7907 0.0388 
      H038.8  2 0.0062 0.0169 0.0108 0.0037 0.0066 0.0067 0.0113 0.0133 0.0085 0.0047 0.0083 0.0135 0.0034 0.0689 0.0056 0.0070 0.0080 0.0040 0.0047 0.0092 0.0036 0.7628 0.0122 
      H041.1  2 0.0176 0.0348 0.0085 0.0117 0.0375 0.0064 0.0070 0.0154 0.0624 0.0063 0.1214 0.2010 0.0130 0.0184 0.0132 0.0061 0.0346 0.2296 0.0488 0.0085 0.0105 0.0816 0.0058 
      H041.2  2 0.0128 0.0084 0.0090 0.0094 0.0150 0.0131 0.0038 0.0061 0.0089 0.0062 0.0047 0.1639 0.0047 0.0112 0.0130 0.0055 0.0137 0.6350 0.0095 0.0072 0.0070 0.0227 0.0092 
      H041.4  2 0.0380 0.0121 0.0121 0.0269 0.0279 0.0231 0.0065 0.0094 0.0121 0.0060 0.0110 0.0233 0.0181 0.0160 0.0423 0.0145 0.0440 0.4579 0.0217 0.0078 0.0084 0.1551 0.0058 
      H041.6  2 0.0595 0.0142 0.0172 0.0323 0.0169 0.0102 0.0070 0.0078 0.0149 0.0074 0.0173 0.0534 0.0230 0.0132 0.0519 0.0444 0.0262 0.4598 0.0120 0.0071 0.0066 0.0891 0.0085 
 H042.1_2002  2 0.0167 0.0093 0.0163 0.0167 0.0071 0.0098 0.0417 0.0311 0.0110 0.0037 0.0104 0.0172 0.0085 0.0097 0.0472 0.0589 0.0132 0.6264 0.0085 0.0068 0.0112 0.0085 0.0101 
