      H105.1  1 0.0186 0.0291 0.0102 0.0084 0.0167 0.0180 0.0206 0.0552 0.0226 0.0124 0.0142 0.0273 0.0389 0.7079 
      H105.2  1 0.0793 0.0155 0.0103 0.0141 0.0230 0.0649 0.0277 0.0499 0.0581 0.0266 0.0141 0.0351 0.0090 0.5723 
      H105.3  1 0.0333 0.0087 0.0089 0.0108 0.0106 0.0142 0.0238 0.0192 0.0126 0.0229 0.0055 0.0382 0.0232 0.7682 
      H105.4  1 0.0629 0.0165 0.0098 0.0271 0.0348 0.0259 0.0132 0.2311 0.0265 0.0443 0.0247 0.0398 0.0113 0.4322 
      H105.5  1 0.0216 0.0466 0.0086 0.0565 0.0162 0.0294 0.0687 0.0943 0.0265 0.0168 0.0290 0.0351 0.0078 0.5429 
      H105.6  1 0.0865 0.0065 0.0072 0.0359 0.0093 0.0088 0.0130 0.0515 0.0067 0.0782 0.0181 0.0283 0.0287 0.6213 
      H105.7  1 0.0178 0.0218 0.0047 0.0072 0.0742 0.0081 0.0164 0.0487 0.0070 0.0112 0.0093 0.0136 0.0946 0.6654 
      H105.8  1 0.0586 0.0086 0.0123 0.0146 0.0106 0.0294 0.0201 0.0611 0.0519 0.0313 0.0065 0.0582 0.0956 0.5410 
      H115.1  1 0.0409 0.0204 0.0108 0.6479 0.0196 0.0115 0.0299 0.0218 0.0168 0.0336 0.0174 0.0627 0.0424 0.0242 
      H115.2  1 0.0085 0.0152 0.0114 0.8395 0.0073 0.0069 0.0116 0.0071 0.0099 0.0203 0.0117 0.0100 0.0080 0.0327 
      H115.3  1 0.0053 0.0224 0.0064 0.8788 0.0055 0.0084 0.0048 0.0084 0.0072 0.0102 0.0095 0.0048 0.0050 0.0233 
      H115.4  1 0.0151 0.1788 0.0101 0.1338 0.0122 0.0527 0.1003 0.0390 0.1706 0.0285 0.0265 0.0457 0.0110 0.1758 
      H115.5  1 0.0213 0.0393 0.0473 0.5169 0.0171 0.1244 0.0218 0.0209 0.0216 0.0081 0.0311 0.0163 0.0412 0.0728 
      H115.6  1 0.0254 0.0342 0.0154 0.7216 0.0278 0.0214 0.0143 0.0115 0.0147 0.0408 0.0194 0.0046 0.0078 0.0413 
      H115.7  1 0.1431 0.0216 0.0059 0.4559 0.0563 0.0560 0.0159 0.0130 0.0223 0.1244 0.0294 0.0151 0.0072 0.0340 
      H115.8  1 0.0114 0.0233 0.0549 0.7210 0.0116 0.0185 0.0102 0.0116 0.0166 0.0101 0.0107 0.0055 0.0456 0.0490 
      H115.9  1 0.0069 0.0114 0.0060 0.8667 0.0056 0.0055 0.0148 0.0210 0.0061 0.0067 0.0064 0.0111 0.0243 0.0077 
      H145.1  1 0.0106 0.0092 0.0531 0.0205 0.0052 0.0046 0.0127 0.0278 0.0116 0.0132 0.8057 0.0065 0.0140 0.0054 
      H145.2  1 0.0150 0.0117 0.0789 0.0689 0.0145 0.0041 0.0149 0.0298 0.0177 0.0174 0.6708 0.0354 0.0129 0.0081 
      H145.3  1 0.0095 0.0100 0.0985 0.0115 0.0099 0.0317 0.0070 0.0252 0.0107 0.0064 0.6995 0.0101 0.0657 0.0042 
      H145.4  1 0.0186 0.0076 0.0126 0.0065 0.0050 0.0059 0.0047 0.0141 0.0073 0.0064 0.8948 0.0049 0.0076 0.0041 
      H145.5  1 0.0146 0.0083 0.2674 0.0065 0.0045 0.0109 0.0065 0.0126 0.0087 0.0103 0.6248 0.0075 0.0112 0.0061 
      H145.6  1 0.0247 0.0109 0.0315 0.0285 0.0310 0.0226 0.0050 0.0203 0.0160 0.0116 0.7671 0.0180 0.0068 0.0058 
      H145.7  1 0.0106 0.0076 0.0073 0.0061 0.0070 0.0246 0.0040 0.0118 0.0089 0.0051 0.8852 0.0074 0.0104 0.0040 
      H149.1  1 0.0051 0.0057 0.0061 0.0071 0.0045 0.0044 0.0058 0.0056 0.0054 0.0071 0.9228 0.0083 0.0061 0.0062 
      H149.2  1 0.0052 0.0056 0.0040 0.0067 0.0045 0.0041 0.0067 0.0046 0.0040 0.0089 0.9308 0.0071 0.0035 0.0044 
      H149.3  1 0.0116 0.0128 0.0051 0.0090 0.0111 0.0082 0.0060 0.0066 0.0096 0.0145 0.8735 0.0148 0.0065 0.0108 
      H149.4  1 0.0189 0.0146 0.0119 0.0139 0.0217 0.0110 0.0118 0.0090 0.0211 0.1095 0.6864 0.0344 0.0092 0.0265 
      H149.5  1 0.0084 0.0419 0.0069 0.0053 0.0197 0.0089 0.0072 0.0089 0.0161 0.0219 0.8126 0.0223 0.0076 0.0122 
      H149.6  1 0.0072 0.0072 0.0039 0.0046 0.0140 0.0045 0.0080 0.0057 0.0053 0.0081 0.9131 0.0077 0.0040 0.0067 
      H149.7  1 0.0195 0.0343 0.0128 0.0080 0.0999 0.0084 0.0176 0.0089 0.0354 0.0776 0.5702 0.0668 0.0132 0.0272 
      H150.1  1 0.0100 0.0079 0.0136 0.8512 0.0068 0.0096 0.0069 0.0074 0.0086 0.0110 0.0058 0.0060 0.0108 0.0444 
      H150.2  1 0.0172 0.0174 0.0297 0.7743 0.0132 0.0116 0.0155 0.0046 0.0153 0.0217 0.0090 0.0117 0.0062 0.0527 
      H150.3  1 0.1892 0.0081 0.0160 0.5948 0.0205 0.0222 0.0167 0.0135 0.0158 0.0376 0.0181 0.0065 0.0166 0.0243 
      H150.4  1 0.0174 0.0081 0.0175 0.8551 0.0101 0.0133 0.0109 0.0134 0.0081 0.0084 0.0079 0.0040 0.0149 0.0109 
      H150.5  1 0.0187 0.0329 0.0060 0.7466 0.0135 0.0123 0.0062 0.0101 0.0277 0.0282 0.0171 0.0086 0.0080 0.0641 
      H150.6  1 0.0146 0.0282 0.0095 0.1323 0.0111 0.0381 0.0085 0.0047 0.0296 0.0966 0.0165 0.0125 0.0044 0.5933 
      H150.7  1 0.0109 0.0046 0.0099 0.9124 0.0038 0.0047 0.0066 0.0072 0.0064 0.0070 0.0065 0.0035 0.0080 0.0085 
   H169607.1  1 0.0423 0.0361 0.0318 0.0614 0.0718 0.0526 0.1798 0.0561 0.2731 0.0414 0.0862 0.0281 0.0287 0.0106 
   H169607.2  1 0.0117 0.0186 0.0037 0.0306 0.0117 0.0086 0.0238 0.7012 0.0436 0.0863 0.0190 0.0106 0.0251 0.0055 
   H169607.3  1 0.0228 0.2061 0.0158 0.0253 0.1421 0.0334 0.0366 0.2262 0.0813 0.0253 0.0886 0.0359 0.0469 0.0138 
   H169607.4  1 0.0140 0.0086 0.0085 0.0213 0.0140 0.0082 0.0508 0.6029 0.0321 0.1895 0.0270 0.0079 0.0075 0.0076 
   H169607.5  1 0.0137 0.0859 0.0075 0.0597 0.0147 0.0100 0.0213 0.3238 0.0513 0.1680 0.1597 0.0259 0.0537 0.0048 
   H169607.6  1 0.0085 0.0088 0.0042 0.0132 0.0085 0.0088 0.0223 0.7977 0.0315 0.0510 0.0126 0.0151 0.0109 0.0069 
   H169607.7  1 0.0132 0.0245 0.0070 0.0280 0.0141 0.0127 0.0241 0.2676 0.3954 0.0673 0.0166 0.0163 0.0976 0.0156 
   H169607.8  1 0.0097 0.0096 0.0052 0.0174 0.0104 0.0055 0.0251 0.7998 0.0399 0.0402 0.0127 0.0068 0.0125 0.0051 
   H169633.1  1 0.0121 0.0087 0.0153 0.0128 0.0060 0.0229 0.0133 0.0050 0.0083 0.0041 0.8628 0.0080 0.0059 0.0147 
   H169633.2  1 0.0293 0.0071 0.0104 0.0058 0.0334 0.0187 0.0533 0.0042 0.0177 0.0082 0.7133 0.0216 0.0274 0.0497 
   H169633.3  1 0.0143 0.0117 0.0094 0.0068 0.0085 0.0101 0.0111 0.0048 0.0073 0.0091 0.8169 0.0291 0.0142 0.0467 
   H169633.4  1 0.0127 0.0135 0.0199 0.0153 0.0042 0.0182 0.0079 0.0065 0.0068 0.0073 0.8549 0.0136 0.0068 0.0125 
   H169633.5  1 0.0117 0.0132 0.0176 0.0121 0.0039 0.0153 0.0068 0.0055 0.0049 0.0084 0.8678 0.0135 0.0071 0.0122 
   H169688.1  1 0.0090 0.0110 0.0064 0.0117 0.1861 0.2218 0.0178 0.1031 0.0993 0.0194 0.2671 0.0243 0.0166 0.0064 
   H169688.2  1 0.0059 0.0095 0.0153 0.0135 0.2435 0.0531 0.0060 0.0188 0.5500 0.0124 0.0187 0.0162 0.0129 0.0242 
   H169688.3  1 0.0077 0.0138 0.0060 0.0089 0.0474 0.0106 0.0064 0.0064 0.7999 0.0141 0.0605 0.0048 0.0049 0.0085 
   H169688.4  1 0.0074 0.0110 0.0119 0.2036 0.0323 0.0169 0.0072 0.0142 0.6420 0.0141 0.0136 0.0084 0.0091 0.0081 
   H169688.5  1 0.0068 0.0142 0.0155 0.2112 0.0304 0.0208 0.0063 0.0124 0.6243 0.0136 0.0181 0.0083 0.0087 0.0091 
   H169688.6  1 0.0060 0.0104 0.0391 0.0313 0.0759 0.0447 0.0078 0.0184 0.5831 0.0234 0.0790 0.0596 0.0080 0.0133 
   H169688.7  1 0.0078 0.0073 0.0092 0.0108 0.0118 0.0148 0.0064 0.0061 0.8268 0.0124 0.0639 0.0049 0.0088 0.0089 
   H171901.1  1 0.1550 0.0186 0.0905 0.0827 0.3293 0.0298 0.0156 0.0302 0.0700 0.0308 0.0666 0.0174 0.0134 0.0501 
   H171901.2  1 0.0093 0.0101 0.0102 0.0253 0.0067 0.0083 0.0101 0.0176 0.0151 0.0215 0.8288 0.0045 0.0124 0.0201 
   H171901.3  1 0.0073 0.0122 0.0096 0.0370 0.0391 0.0248 0.0221 0.0081 0.0237 0.0393 0.7310 0.0138 0.0087 0.0234 
   H171901.4  1 0.0096 0.0119 0.0087 0.0334 0.0136 0.0168 0.0786 0.0094 0.0254 0.0916 0.5791 0.0165 0.0185 0.0869 
   H171901.5  1 0.0080 0.0143 0.0076 0.0201 0.0289 0.0065 0.0480 0.0140 0.0190 0.2137 0.5642 0.0150 0.0127 0.0280 
   H171901.6  1 0.0112 0.0106 0.0060 0.0211 0.0162 0.0057 0.0340 0.0132 0.0185 0.1853 0.6083 0.0197 0.0099 0.0403 
   H171901.7  1 0.0087 0.0111 0.0063 0.0109 0.0128 0.0074 0.0053 0.0069 0.0155 0.0678 0.8044 0.0133 0.0170 0.0125 
   H171902.1  1 0.0064 0.0079 0.1695 0.0667 0.0130 0.0276 0.1233 0.0268 0.0215 0.4489 0.0261 0.0340 0.0199 0.0084 
  H171902.10  1 0.0063 0.0064 0.0181 0.0106 0.0059 0.0180 0.0138 0.0264 0.0214 0.8284 0.0222 0.0093 0.0058 0.0074 
   H171902.2  1 0.0124 0.0106 0.0794 0.0367 0.0644 0.2749 0.0577 0.0152 0.0218 0.2250 0.0275 0.0555 0.0685 0.0503 
   H171902.3  1 0.0134 0.0066 0.0196 0.0405 0.0126 0.0167 0.0449 0.0218 0.0610 0.6692 0.0352 0.0204 0.0179 0.0202 
   H171902.4  1 0.0101 0.0080 0.0783 0.0564 0.0072 0.0120 0.0069 0.0097 0.0045 0.4096 0.3570 0.0092 0.0147 0.0163 
   H171902.6  1 0.0072 0.0076 0.0177 0.0174 0.0059 0.0109 0.0151 0.0195 0.0125 0.8333 0.0246 0.0118 0.0072 0.0092 
   H171902.7  1 0.0077 0.0082 0.0834 0.0215 0.0142 0.0049 0.0110 0.0179 0.0091 0.6983 0.0973 0.0096 0.0095 0.0075 
   H171902.8  1 0.0077 0.0076 0.0242 0.0212 0.0084 0.0142 0.0228 0.0243 0.0213 0.7994 0.0212 0.0123 0.0082 0.0073 
   H171902.9  1 0.0200 0.0114 0.0745 0.3819 0.0164 0.0109 0.0147 0.0213 0.0088 0.3692 0.0315 0.0131 0.0154 0.0107 
   H171903.1  1 0.0070 0.0151 0.0044 0.0214 0.0086 0.0058 0.0153 0.8328 0.0133 0.0222 0.0114 0.0148 0.0163 0.0119 
   H171903.2  1 0.0091 0.0280 0.0142 0.0234 0.0095 0.0068 0.0200 0.7742 0.0250 0.0154 0.0104 0.0231 0.0313 0.0099 
   H171903.3  1 0.0152 0.2938 0.0173 0.0280 0.0313 0.0092 0.0826 0.2046 0.0398 0.1017 0.0424 0.0591 0.0424 0.0327 
   H171903.4  1 0.0334 0.0340 0.0097 0.0464 0.5451 0.0182 0.0088 0.0896 0.0260 0.0800 0.0707 0.0117 0.0088 0.0176 
   H171903.5  1 0.0099 0.2326 0.0104 0.0242 0.0359 0.0125 0.0665 0.1304 0.3032 0.0379 0.0400 0.0446 0.0243 0.0277 
   H171903.6  1 0.0091 0.2188 0.0054 0.0422 0.0448 0.0116 0.0098 0.2401 0.1733 0.0551 0.1120 0.0402 0.0284 0.0093 
      H177.1  1 0.0060 0.0133 0.0090 0.0176 0.1945 0.0062 0.0090 0.0309 0.0166 0.3728 0.2378 0.0666 0.0086 0.0110 
      H177.2  1 0.0123 0.1008 0.0180 0.0292 0.0198 0.0183 0.0379 0.0278 0.1601 0.0727 0.3326 0.1044 0.0557 0.0105 
      H177.3  1 0.0093 0.0303 0.0184 0.0344 0.0167 0.0059 0.0126 0.0257 0.0721 0.2153 0.4838 0.0541 0.0111 0.0105 
      H177.4  1 0.0067 0.0247 0.0123 0.0077 0.1838 0.0040 0.0123 0.0201 0.0136 0.0541 0.1748 0.4557 0.0070 0.0232 
      H177.5  1 0.0063 0.0750 0.0104 0.0161 0.6250 0.0139 0.0070 0.0257 0.0229 0.0804 0.0298 0.0387 0.0168 0.0319 
      H177.6  1 0.0097 0.0298 0.0240 0.0345 0.0156 0.0063 0.0183 0.0143 0.0314 0.2673 0.4876 0.0373 0.0088 0.0152 
      H179.1  1 0.0111 0.0074 0.0043 0.0128 0.0261 0.0083 0.0098 0.0040 0.0158 0.0142 0.0067 0.8588 0.0085 0.0121 
      H179.2  1 0.0077 0.0115 0.0044 0.0074 0.0129 0.0064 0.0257 0.0072 0.0214 0.0096 0.0062 0.8642 0.0084 0.0070 
      H179.3  1 0.0105 0.0189 0.0063 0.0240 0.0645 0.0144 0.0154 0.0199 0.1341 0.0144 0.0077 0.6230 0.0378 0.0091 
      H179.4  1 0.0070 0.0093 0.0045 0.0050 0.0130 0.0075 0.0133 0.0060 0.0119 0.0085 0.0118 0.8862 0.0100 0.0062 
      H180.1  1 0.0107 0.1418 0.0204 0.0423 0.0163 0.0360 0.0868 0.0139 0.0445 0.0430 0.0057 0.0446 0.0070 0.4870 
      H180.2  1 0.0090 0.0376 0.0122 0.0849 0.0167 0.0344 0.0172 0.0116 0.0193 0.0420 0.0070 0.0463 0.0070 0.6548 
      H180.3  1 0.0154 0.2028 0.0189 0.3030 0.0069 0.0105 0.1404 0.0418 0.0180 0.0159 0.0063 0.0355 0.0914 0.0931 
      H180.4  1 0.0118 0.0247 0.0115 0.0082 0.0159 0.0164 0.0072 0.0085 0.0156 0.0239 0.0078 0.0141 0.0124 0.8220 
      H180.5  1 0.0062 0.0193 0.0314 0.0441 0.0254 0.0266 0.0144 0.0287 0.0244 0.0637 0.0091 0.0229 0.0405 0.6434 
      H180.6  1 0.0174 0.0090 0.0513 0.0381 0.0083 0.0240 0.0097 0.0163 0.0185 0.0286 0.0128 0.0110 0.5848 0.1701 
      H181.1  1 0.0047 0.2389 0.0195 0.0094 0.0105 0.2330 0.0286 0.0391 0.0237 0.0187 0.2036 0.1111 0.0075 0.0516 
      H181.2  1 0.0084 0.0269 0.0248 0.0127 0.0244 0.1840 0.0715 0.0343 0.0174 0.1508 0.1030 0.2115 0.0107 0.1199 
      H181.3  1 0.0068 0.0158 0.0135 0.0065 0.0273 0.5408 0.0291 0.0194 0.0235 0.1055 0.0886 0.0682 0.0101 0.0448 
      H181.4  1 0.0118 0.4415 0.0055 0.0455 0.0214 0.1146 0.0412 0.0357 0.0292 0.0607 0.1120 0.0429 0.0160 0.0221 
      H181.5  1 0.0154 0.0203 0.0104 0.0108 0.0373 0.3887 0.0249 0.0108 0.0325 0.0158 0.0171 0.3741 0.0106 0.0315 
      H181.6  1 0.0085 0.0188 0.0069 0.0249 0.0178 0.0328 0.1046 0.0181 0.0236 0.0278 0.0194 0.4654 0.0120 0.2195 
      H181.7  1 0.0067 0.0198 0.0096 0.0124 0.0103 0.1579 0.0171 0.0175 0.1460 0.0137 0.0597 0.4943 0.0179 0.0171 
 H194.1_2004  1 0.0119 0.0073 0.0064 0.0205 0.0138 0.0060 0.0076 0.0382 0.0055 0.0691 0.7618 0.0062 0.0185 0.0273 
 H194.2_2004  1 0.0254 0.0188 0.0266 0.0142 0.1503 0.0094 0.0069 0.0689 0.0066 0.1285 0.5051 0.0048 0.0090 0.0254 
 H194.3_2004  1 0.0077 0.0041 0.0054 0.0070 0.0089 0.0038 0.0079 0.0100 0.0053 0.0136 0.8942 0.0158 0.0064 0.0099 
 H194.4_2004  1 0.0078 0.0055 0.0109 0.0047 0.0597 0.0057 0.0045 0.0211 0.0047 0.0082 0.8450 0.0077 0.0054 0.0091 
 H194.5_2004  1 0.0086 0.0079 0.0044 0.0074 0.0139 0.0052 0.0112 0.0106 0.0076 0.0162 0.8677 0.0187 0.0126 0.0080 
 H194.6_2004  1 0.0090 0.0108 0.0077 0.0123 0.1207 0.0055 0.0107 0.0201 0.0096 0.0277 0.7054 0.0412 0.0107 0.0085 
 H194.7_2004  1 0.0185 0.0084 0.0071 0.0090 0.0200 0.0109 0.0060 0.1201 0.0073 0.0074 0.7042 0.0074 0.0646 0.0091 
 H194.8_2004  1 0.0123 0.0107 0.0076 0.0127 0.1266 0.0102 0.0111 0.0145 0.0074 0.0159 0.7362 0.0156 0.0113 0.0079 
      H194.9  1 0.0184 0.0090 0.0091 0.0121 0.0206 0.0100 0.0055 0.0314 0.0053 0.0097 0.8128 0.0090 0.0364 0.0106 
 H195.1_2003  1 0.0133 0.0052 0.0047 0.0086 0.0238 0.0100 0.0149 0.0181 0.0140 0.0309 0.6359 0.0187 0.0086 0.1932 
 H195.1_2004  1 0.0109 0.0100 0.0133 0.0072 0.0054 0.0232 0.0043 0.0100 0.0136 0.0103 0.8718 0.0057 0.0049 0.0093 
 H195.2_2003  1 0.0055 0.0073 0.0117 0.0342 0.0270 0.0084 0.0344 0.1161 0.0430 0.0174 0.5660 0.0109 0.0226 0.0956 
 H195.2_2004  1 0.0063 0.0060 0.0241 0.0064 0.0074 0.0080 0.0058 0.0095 0.0111 0.0047 0.8816 0.0069 0.0094 0.0127 
 H195.3_2003  1 0.0178 0.0142 0.0090 0.0992 0.0710 0.0156 0.0171 0.1785 0.0577 0.0577 0.2473 0.0130 0.0245 0.1773 
 H195.3_2004  1 0.0054 0.0060 0.0075 0.0055 0.0054 0.0094 0.0039 0.0178 0.0044 0.0072 0.9077 0.0057 0.0046 0.0094 
 H195.4_2003  1 0.0093 0.0057 0.0037 0.0059 0.0084 0.0052 0.0118 0.0164 0.0070 0.0089 0.8012 0.0106 0.0052 0.1008 
 H195.4_2004  1 0.0056 0.0060 0.0064 0.0054 0.0148 0.0533 0.0046 0.0187 0.0078 0.0054 0.8465 0.0067 0.0137 0.0051 
 H195.5_2003  1 0.0168 0.0075 0.0057 0.0121 0.0184 0.0179 0.0083 0.0162 0.0186 0.0259 0.5427 0.0147 0.0067 0.2884 
 H195.5_2004  1 0.0102 0.0081 0.0103 0.0060 0.0060 0.0258 0.0040 0.0143 0.0059 0.0073 0.8797 0.0076 0.0053 0.0095 
 H195.6_2003  1 0.0108 0.0138 0.0102 0.0388 0.0110 0.0197 0.0077 0.1461 0.0109 0.0146 0.5644 0.0097 0.0116 0.1307 
 H195.6_2004  1 0.0087 0.0040 0.0092 0.0039 0.0076 0.0057 0.0046 0.0254 0.0079 0.0064 0.8869 0.0117 0.0067 0.0116 
 H195.7_2003  1 0.0080 0.0070 0.0037 0.0046 0.0571 0.0116 0.0065 0.0165 0.0500 0.0101 0.7746 0.0136 0.0122 0.0244 
 H195.7_2004  1 0.0112 0.0184 0.0768 0.0142 0.0061 0.0246 0.0042 0.0086 0.0267 0.0071 0.7686 0.0072 0.0077 0.0185 
      H195.8  1 0.0131 0.0099 0.0109 0.0094 0.0119 0.1027 0.0045 0.0169 0.0107 0.0077 0.7746 0.0071 0.0120 0.0085 
      H195.9  1 0.0064 0.0079 0.0052 0.0049 0.0085 0.0070 0.0039 0.0346 0.0074 0.0085 0.8824 0.0085 0.0078 0.0072 
      H415.1  1 0.0330 0.0139 0.1162 0.1378 0.0405 0.0086 0.3423 0.0104 0.0179 0.0347 0.1417 0.0093 0.0556 0.0381 
      H415.2  1 0.0183 0.0396 0.0316 0.0805 0.0136 0.0044 0.3087 0.0100 0.0169 0.3423 0.0651 0.0494 0.0087 0.0110 
      H415.3  1 0.0099 0.0110 0.0075 0.0066 0.0086 0.0033 0.8540 0.0040 0.0164 0.0262 0.0234 0.0111 0.0068 0.0112 
      H415.4  1 0.0247 0.0151 0.0384 0.0690 0.0115 0.0086 0.6949 0.0062 0.0107 0.0198 0.0396 0.0079 0.0294 0.0244 
      H415.5  1 0.0106 0.0070 0.0121 0.0056 0.0107 0.0047 0.8306 0.0042 0.0113 0.0273 0.0435 0.0097 0.0050 0.0177 
      H415.6  1 0.0242 0.0160 0.0302 0.0813 0.0119 0.0085 0.6978 0.0066 0.0069 0.0155 0.0388 0.0083 0.0248 0.0293 
      H415.7  1 0.0094 0.0116 0.0135 0.0128 0.0114 0.0036 0.8118 0.0060 0.0136 0.0365 0.0452 0.0113 0.0058 0.0074 
      H506.1  1 0.0054 0.0044 0.0061 0.0041 0.0053 0.0055 0.0109 0.0033 0.0045 0.0044 0.0041 0.9306 0.0064 0.0050 
      H506.2  1 0.0069 0.0068 0.0089 0.0043 0.0054 0.0053 0.0154 0.0056 0.0093 0.0068 0.0117 0.8998 0.0046 0.0090 
      H506.3  1 0.0081 0.0114 0.0477 0.0046 0.0111 0.0182 0.0135 0.0050 0.0150 0.0130 0.0084 0.8244 0.0089 0.0107 
      H506.4  1 0.0058 0.0058 0.0093 0.0051 0.0093 0.0075 0.0100 0.0051 0.0069 0.0056 0.0045 0.9125 0.0050 0.0074 
      H506.5  1 0.0039 0.0042 0.0106 0.0046 0.0068 0.0045 0.0182 0.0055 0.0054 0.0057 0.0073 0.9128 0.0047 0.0058 
      H506.6  1 0.0065 0.0598 0.0622 0.0167 0.0364 0.0182 0.0209 0.0249 0.0977 0.0135 0.0133 0.6063 0.0104 0.0131 
      H506.7  1 0.0040 0.0037 0.0064 0.0038 0.0074 0.0073 0.0108 0.0052 0.0054 0.0079 0.0095 0.9140 0.0070 0.0075 
      H533.1  1 0.0048 0.0075 0.0124 0.0042 0.0037 0.0087 0.0097 0.0035 0.0395 0.0078 0.0069 0.8754 0.0064 0.0096 
      H533.2  1 0.0052 0.0065 0.0307 0.0039 0.0057 0.0114 0.0111 0.0039 0.0212 0.0078 0.0124 0.8612 0.0075 0.0116 
      H533.3  1 0.0037 0.0210 0.0071 0.0080 0.0053 0.0061 0.0077 0.0091 0.0142 0.0141 0.0089 0.8798 0.0097 0.0054 
      H533.4  1 0.0071 0.0169 0.0190 0.0130 0.0058 0.0103 0.0246 0.0097 0.0263 0.0367 0.0251 0.7899 0.0085 0.0072 
      H535.1  1 0.0067 0.0066 0.0045 0.0099 0.0083 0.0043 0.0147 0.0117 0.0082 0.0155 0.0107 0.8883 0.0049 0.0056 
      H535.2  1 0.0057 0.0082 0.0034 0.0040 0.0066 0.0102 0.0044 0.0063 0.0046 0.0047 0.0112 0.9128 0.0099 0.0078 
      H535.3  1 0.0046 0.0081 0.0037 0.0061 0.0077 0.0167 0.0049 0.0078 0.0038 0.0045 0.0078 0.9024 0.0078 0.0140 
      H535.4  1 0.0052 0.0049 0.0034 0.0043 0.0039 0.0044 0.0081 0.0041 0.0041 0.0064 0.0142 0.9272 0.0039 0.0059 
      H535.5  1 0.0045 0.0043 0.0037 0.0045 0.0047 0.0040 0.0067 0.0066 0.0069 0.0077 0.0091 0.9290 0.0042 0.0042 
      H535.6  1 0.0097 0.0114 0.0045 0.0169 0.0276 0.0082 0.0099 0.0243 0.0074 0.0134 0.0110 0.8428 0.0060 0.0070 
      H535.7  1 0.0030 0.0032 0.0044 0.0044 0.0051 0.0040 0.0052 0.0049 0.0049 0.0037 0.0048 0.9440 0.0041 0.0043 
      H535.8  1 0.0040 0.0045 0.0043 0.0053 0.0136 0.0067 0.0071 0.0059 0.0054 0.0063 0.0062 0.9202 0.0051 0.0055 
      H535.9  1 0.0048 0.0051 0.0059 0.0128 0.0043 0.0039 0.0073 0.0116 0.0061 0.0076 0.0078 0.9064 0.0045 0.0119 
      H539.1  1 0.0049 0.0041 0.0073 0.9392 0.0035 0.0029 0.0063 0.0074 0.0036 0.0046 0.0038 0.0033 0.0060 0.0034 
      H539.2  1 0.0134 0.0240 0.0178 0.2757 0.0208 0.0680 0.0395 0.0334 0.1819 0.2414 0.0130 0.0240 0.0256 0.0216 
      H539.3  1 0.0105 0.0096 0.0229 0.7550 0.0261 0.0149 0.0067 0.0643 0.0086 0.0193 0.0145 0.0111 0.0265 0.0101 
      H539.4  1 0.0058 0.0114 0.0148 0.8933 0.0056 0.0064 0.0084 0.0059 0.0162 0.0079 0.0039 0.0045 0.0071 0.0088 
      H539.5  1 0.0048 0.0058 0.0075 0.9199 0.0036 0.0047 0.0050 0.0104 0.0055 0.0059 0.0047 0.0044 0.0146 0.0031 
      H539.6  1 0.0081 0.0055 0.0065 0.9052 0.0053 0.0073 0.0081 0.0084 0.0074 0.0091 0.0057 0.0063 0.0130 0.0040 
      H539.7  1 0.0064 0.0045 0.0043 0.9346 0.0050 0.0042 0.0046 0.0046 0.0048 0.0065 0.0057 0.0037 0.0066 0.0045 
      H539.8  1 0.0256 0.0203 0.0611 0.7113 0.0343 0.0228 0.0063 0.0113 0.0095 0.0229 0.0152 0.0257 0.0104 0.0231 
      H539.9  1 0.0048 0.0068 0.0109 0.9228 0.0052 0.0052 0.0047 0.0066 0.0062 0.0053 0.0031 0.0032 0.0098 0.0054 
      H540.1  1 0.0070 0.0231 0.0084 0.8495 0.0067 0.0074 0.0064 0.0164 0.0152 0.0242 0.0112 0.0101 0.0096 0.0050 
      H540.2  1 0.0050 0.0076 0.0043 0.9225 0.0056 0.0035 0.0084 0.0065 0.0063 0.0102 0.0064 0.0040 0.0049 0.0048 
      H540.3  1 0.0350 0.0292 0.2158 0.5345 0.0307 0.0155 0.0152 0.0071 0.0202 0.0329 0.0337 0.0095 0.0055 0.0151 
      H540.4  1 0.0082 0.0138 0.0044 0.8730 0.0102 0.0067 0.0083 0.0078 0.0232 0.0145 0.0085 0.0094 0.0049 0.0073 
      H540.5  1 0.0076 0.0179 0.0284 0.8267 0.0111 0.0104 0.0106 0.0118 0.0272 0.0184 0.0083 0.0057 0.0100 0.0059 
      H540.6  1 0.0208 0.0310 0.0155 0.7085 0.0164 0.0254 0.0131 0.0513 0.0356 0.0273 0.0180 0.0111 0.0201 0.0059 
      H540.7  1 0.0056 0.0103 0.0049 0.8833 0.0049 0.0068 0.0136 0.0073 0.0099 0.0175 0.0082 0.0101 0.0112 0.0065 
      H540.8  1 0.0087 0.0321 0.0061 0.7311 0.0112 0.0046 0.0127 0.0185 0.0216 0.0964 0.0303 0.0103 0.0070 0.0094 
     H9558.1  1 0.0065 0.0038 0.0081 0.9111 0.0079 0.0043 0.0058 0.0132 0.0083 0.0100 0.0040 0.0083 0.0042 0.0047 
     H9558.2  1 0.0066 0.0063 0.0097 0.8711 0.0134 0.0083 0.0092 0.0117 0.0165 0.0059 0.0059 0.0113 0.0129 0.0110 
     H9558.3  1 0.0130 0.0101 0.0141 0.8536 0.0084 0.0086 0.0210 0.0139 0.0065 0.0063 0.0056 0.0074 0.0162 0.0152 
     H9558.4  1 0.0048 0.0054 0.0076 0.8846 0.0089 0.0050 0.0082 0.0083 0.0228 0.0183 0.0056 0.0089 0.0054 0.0061 
     H9558.5  1 0.0073 0.0154 0.0200 0.8704 0.0101 0.0073 0.0095 0.0045 0.0137 0.0147 0.0042 0.0076 0.0043 0.0109 
     H9558.6  1 0.0118 0.0467 0.0114 0.7757 0.0121 0.0044 0.0093 0.0105 0.0062 0.0120 0.0108 0.0071 0.0724 0.0097 
    kos339.1  1 0.0092 0.0249 0.0081 0.0135 0.0151 0.0123 0.3578 0.0060 0.0234 0.2516 0.1627 0.0511 0.0555 0.0088 
    kos339.2  1 0.0158 0.0135 0.0084 0.0113 0.0075 0.0173 0.0246 0.0058 0.0244 0.0050 0.7277 0.0438 0.0854 0.0097 
    kos339.3  1 0.0070 0.0079 0.0062 0.0111 0.0075 0.0065 0.0874 0.0064 0.0087 0.0175 0.7745 0.0363 0.0158 0.0072 
    kos339.4  1 0.0092 0.0142 0.0071 0.0074 0.0092 0.0125 0.0597 0.0046 0.0111 0.0099 0.8180 0.0166 0.0099 0.0104 
    kos339.5  1 0.0155 0.0193 0.0040 0.0182 0.0114 0.0161 0.1059 0.0075 0.0125 0.1671 0.5619 0.0240 0.0219 0.0147 
    kos339.6  1 0.0110 0.0212 0.0094 0.0064 0.0066 0.0086 0.0221 0.0067 0.0078 0.0075 0.8649 0.0109 0.0100 0.0069 
    kos339.7  1 0.0049 0.0095 0.0057 0.0081 0.0077 0.0100 0.1183 0.0058 0.0084 0.0263 0.6288 0.1253 0.0359 0.0053 
    kos339.8  1 0.0100 0.0176 0.0083 0.0072 0.0127 0.0145 0.2689 0.0038 0.0086 0.0181 0.5593 0.0517 0.0090 0.0104 
    kos339.9  1 0.0144 0.0148 0.0052 0.0341 0.0108 0.0104 0.0160 0.0109 0.0209 0.0634 0.7429 0.0206 0.0246 0.0111 
      H008.1  2 0.0180 0.0089 0.0056 0.0415 0.0095 0.0140 0.0069 0.0075 0.0147 0.0116 0.0081 0.0263 0.8149 0.0125 
      H008.2  2 0.0203 0.0231 0.1134 0.1101 0.0211 0.0690 0.0134 0.0428 0.0697 0.0666 0.0255 0.2704 0.1247 0.0300 
      H008.3  2 0.0198 0.0149 0.0290 0.0218 0.0239 0.0266 0.0068 0.0369 0.0185 0.0270 0.0178 0.7126 0.0239 0.0205 
      H008.4  2 0.0344 0.0085 0.0739 0.0294 0.0262 0.0141 0.0178 0.0160 0.0132 0.0236 0.0251 0.0424 0.6637 0.0118 
      H008.5  2 0.0205 0.0089 0.0241 0.0121 0.0329 0.0125 0.0065 0.0200 0.0105 0.0161 0.0103 0.1662 0.6473 0.0121 
      H008.6  2 0.0264 0.0131 0.1902 0.0469 0.0261 0.0075 0.0175 0.0381 0.0148 0.0950 0.0239 0.2347 0.2526 0.0131 
      H008.7  2 0.0403 0.0108 0.1399 0.0459 0.0347 0.0525 0.0158 0.0164 0.0261 0.0343 0.0264 0.1755 0.3413 0.0400 
      H008.8  2 0.0160 0.0093 0.0193 0.5438 0.0114 0.0244 0.0201 0.0237 0.1010 0.0145 0.0187 0.0296 0.1561 0.0120 
      H008.9  2 0.0332 0.0216 0.4247 0.0541 0.0292 0.0128 0.0103 0.0353 0.0332 0.0426 0.0659 0.1623 0.0356 0.0395 
 H029.1_2002  2 0.0138 0.0097 0.0248 0.0430 0.0586 0.0151 0.0566 0.0069 0.0148 0.0125 0.0105 0.0053 0.7210 0.0073 
 H029.1_2003  2 0.0122 0.0176 0.0169 0.0137 0.7103 0.0079 0.0154 0.0090 0.0176 0.0111 0.0091 0.1036 0.0492 0.0064 
 H029.2_2002  2 0.0056 0.0084 0.0381 0.0074 0.0489 0.0371 0.0188 0.0124 0.0084 0.0320 0.0426 0.1133 0.6179 0.0092 
 H029.2_2003  2 0.0052 0.0265 0.0238 0.0111 0.4518 0.0076 0.0139 0.0191 0.0132 0.0429 0.0206 0.2677 0.0905 0.0061 
 H029.3_2002  2 0.0070 0.0259 0.1674 0.0075 0.0692 0.0361 0.0179 0.0174 0.0204 0.0124 0.0369 0.3289 0.2477 0.0052 
 H029.3_2003  2 0.0098 0.0126 0.0086 0.0054 0.2299 0.0078 0.0080 0.0058 0.0128 0.0156 0.0084 0.0711 0.5913 0.0128 
 H029.4_2002  2 0.0093 0.0071 0.0170 0.0052 0.0234 0.0183 0.0069 0.0044 0.0101 0.0057 0.0102 0.0090 0.8661 0.0072 
 H029.4_2003  2 0.0117 0.0119 0.0202 0.0277 0.6569 0.0110 0.0105 0.0111 0.0433 0.0144 0.0086 0.0162 0.1454 0.0113 
 H029.5_2002  2 0.0185 0.0062 0.0066 0.0075 0.0418 0.0149 0.0104 0.0047 0.0061 0.0083 0.0081 0.0065 0.8513 0.0090 
 H029.5_2003  2 0.0094 0.0071 0.0091 0.0093 0.4661 0.0056 0.0062 0.0064 0.0189 0.0235 0.0087 0.0552 0.3658 0.0087 
 H029.6_2002  2 0.0086 0.0076 0.0363 0.0045 0.2213 0.0322 0.0096 0.0063 0.0157 0.0075 0.0118 0.0121 0.6189 0.0076 
 H029.6_2003  2 0.0366 0.0289 0.0096 0.0195 0.0854 0.0166 0.0142 0.0139 0.0207 0.0588 0.0635 0.1621 0.4476 0.0224 
      H029.7  2 0.0056 0.0060 0.0287 0.0091 0.0264 0.0236 0.0162 0.0146 0.0062 0.0123 0.0470 0.0198 0.7781 0.0065 
      H030.1  2 0.0134 0.5417 0.0059 0.0065 0.1584 0.0153 0.0101 0.0077 0.0130 0.0280 0.0133 0.0131 0.0330 0.1406 
      H030.2  2 0.0308 0.2413 0.0620 0.0270 0.0322 0.2010 0.0927 0.0053 0.0128 0.0106 0.0078 0.0107 0.1278 0.1381 
      H038.1  2 0.0072 0.0067 0.0311 0.0086 0.0082 0.0060 0.0070 0.0134 0.0078 0.0060 0.0070 0.0064 0.8803 0.0043 
      H038.2  2 0.0086 0.0114 0.0051 0.0039 0.0074 0.0066 0.0158 0.0037 0.0065 0.0093 0.0097 0.0103 0.8924 0.0091 
      H038.3  2 0.0169 0.0552 0.0346 0.0182 0.0052 0.0076 0.0272 0.0044 0.0113 0.0075 0.0111 0.0112 0.7778 0.0120 
      H038.4  2 0.0227 0.0157 0.0242 0.0108 0.0049 0.0070 0.0183 0.0051 0.0081 0.0062 0.0124 0.0079 0.8415 0.0151 
      H038.5  2 0.0087 0.0212 0.0271 0.0116 0.0118 0.0118 0.0066 0.0035 0.0204 0.0096 0.0114 0.0079 0.8381 0.0102 
      H038.6  2 0.0052 0.0103 0.0113 0.0097 0.0120 0.0052 0.0072 0.0049 0.0086 0.0082 0.0057 0.0067 0.8997 0.0053 
      H038.7  2 0.0062 0.0226 0.0111 0.0125 0.0057 0.0035 0.0276 0.0041 0.0082 0.0074 0.0043 0.0136 0.8663 0.0067 
      H038.8  2 0.0166 0.0358 0.0856 0.0107 0.0047 0.0124 0.0172 0.0047 0.0096 0.0067 0.0093 0.0077 0.7687 0.0103 
      H041.1  2 0.1480 0.0122 0.0334 0.0118 0.2439 0.0950 0.0088 0.0141 0.0063 0.0186 0.0401 0.0104 0.2141 0.1432 
      H041.2  2 0.3045 0.0084 0.0188 0.0074 0.4597 0.0061 0.0357 0.0078 0.0052 0.0095 0.0157 0.0113 0.1002 0.0096 
      H041.4  2 0.0425 0.0132 0.0319 0.0258 0.4158 0.0166 0.0111 0.0169 0.0091 0.0125 0.0432 0.0120 0.3240 0.0254 
      H041.6  2 0.0564 0.0149 0.0139 0.0746 0.3519 0.0209 0.0217 0.0372 0.0088 0.0107 0.0258 0.0131 0.3301 0.0200 
 H042.1_2002  2 0.0335 0.0086 0.0122 0.0652 0.7496 0.0115 0.0164 0.0154 0.0123 0.0229 0.0218 0.0079 0.0121 0.0106 
 H042.1_2003  2 0.2158 0.0370 0.1278 0.0942 0.0520 0.0142 0.0299 0.0205 0.0196 0.1334 0.0227 0.1044 0.0973 0.0313 
 H042.2_2002  2 0.0286 0.0064 0.0403 0.0118 0.6288 0.0093 0.0706 0.0142 0.0257 0.0158 0.0126 0.0085 0.1172 0.0102 
 H042.2_2003  2 0.3829 0.0146 0.0060 0.0647 0.2386 0.0047 0.0359 0.0094 0.0104 0.0515 0.0284 0.0114 0.1268 0.0150 
 H042.3_2002  2 0.1057 0.0131 0.0313 0.0306 0.5731 0.0070 0.0497 0.0152 0.0645 0.0353 0.0398 0.0068 0.0152 0.0127 
 H042.3_2003  2 0.1259 0.0199 0.0406 0.0950 0.3518 0.0441 0.0368 0.0152 0.0675 0.0648 0.0285 0.0096 0.0645 0.0360 
 H042.4_2002  2 0.0317 0.0149 0.0125 0.0133 0.8219 0.0090 0.0058 0.0059 0.0073 0.0163 0.0258 0.0069 0.0193 0.0095 
 H042.4_2003  2 0.0150 0.0106 0.0073 0.0290 0.7737 0.0221 0.0111 0.0215 0.0070 0.0189 0.0189 0.0057 0.0397 0.0196 
      H042.5  2 0.0073 0.0046 0.0031 0.0072 0.9061 0.0063 0.0058 0.0116 0.0069 0.0088 0.0110 0.0043 0.0073 0.0097 
      H042.6  2 0.0055 0.0065 0.0081 0.0218 0.8273 0.0091 0.0178 0.0412 0.0141 0.0098 0.0063 0.0049 0.0168 0.0107 
      H042.7  2 0.1752 0.0058 0.0067 0.0207 0.5049 0.0078 0.1584 0.0111 0.0206 0.0102 0.0331 0.0055 0.0238 0.0161 
      H042.8  2 0.0573 0.0041 0.0258 0.0172 0.7826 0.0051 0.0163 0.0221 0.0142 0.0162 0.0094 0.0045 0.0136 0.0117 
   H042_2002  2 0.0575 0.0133 0.0452 0.2318 0.0895 0.0076 0.2002 0.1389 0.0305 0.0408 0.0145 0.0138 0.0901 0.0262 
   H042_2003  2 0.0671 0.0126 0.0397 0.1979 0.0868 0.0095 0.1959 0.1872 0.0249 0.0390 0.0183 0.0106 0.0869 0.0237 
      H043.1  2 0.0066 0.0171 0.0595 0.6475 0.0178 0.0203 0.0174 0.0146 0.0973 0.0078 0.0208 0.0072 0.0319 0.0342 
      H043.2  2 0.0070 0.0067 0.0293 0.8476 0.0048 0.0046 0.0052 0.0220 0.0182 0.0046 0.0093 0.0106 0.0255 0.0045 
      H043.3  2 0.0100 0.0139 0.0251 0.4320 0.0159 0.0048 0.0695 0.0238 0.0381 0.0135 0.0085 0.0103 0.3168 0.0176 
      H043.4  2 0.0065 0.0095 0.0385 0.7304 0.0087 0.0063 0.0210 0.0512 0.0109 0.0112 0.0212 0.0067 0.0595 0.0185 
      H043.5  2 0.0124 0.0098 0.0986 0.6800 0.0067 0.0073 0.0101 0.0057 0.0606 0.0063 0.0090 0.0112 0.0753 0.0069 
      H043.6  2 0.0134 0.0137 0.0738 0.7048 0.0087 0.0046 0.0085 0.0066 0.0229 0.0082 0.0094 0.0063 0.1150 0.0042 
      H043.7  2 0.0111 0.0107 0.0245 0.8403 0.0066 0.0040 0.0155 0.0318 0.0079 0.0070 0.0079 0.0042 0.0175 0.0109 
      H043.8  2 0.0177 0.0344 0.0112 0.5278 0.0074 0.0114 0.0144 0.0123 0.2891 0.0086 0.0219 0.0097 0.0256 0.0086 
      H043.9  2 0.0067 0.0253 0.0274 0.5847 0.0273 0.0157 0.0372 0.0199 0.0835 0.0080 0.0115 0.0072 0.1045 0.0410 
      H047.1  2 0.0068 0.0088 0.0088 0.1601 0.0073 0.0044 0.0571 0.0119 0.0098 0.0136 0.0121 0.0133 0.6016 0.0843 
      H047.2  2 0.0253 0.0199 0.0064 0.0239 0.0210 0.0391 0.0515 0.0135 0.0170 0.1017 0.0251 0.0197 0.4886 0.1474 
      H047.3  2 0.0898 0.0124 0.0058 0.0106 0.0181 0.0369 0.0936 0.0199 0.0152 0.0971 0.0131 0.0152 0.3386 0.2337 
      H047.4  2 0.0561 0.0132 0.0047 0.0241 0.0282 0.0113 0.2694 0.0147 0.0117 0.0191 0.0264 0.0185 0.4422 0.0606 
      H047.5  2 0.0464 0.0142 0.0037 0.0229 0.0107 0.0084 0.1501 0.0463 0.0109 0.0261 0.0089 0.0131 0.3688 0.2694 
      H047.6  2 0.0580 0.0073 0.0102 0.0164 0.0280 0.0112 0.1430 0.0094 0.0115 0.0163 0.0086 0.0147 0.1584 0.5069 
      H047.7  2 0.0122 0.0075 0.0119 0.0849 0.0103 0.0081 0.1088 0.0090 0.0102 0.0103 0.0134 0.0090 0.5825 0.1218 
      H047.8  2 0.0600 0.0070 0.0089 0.0426 0.0194 0.0103 0.0982 0.0170 0.0267 0.0442 0.0086 0.0247 0.2705 0.3620 
      H047.9  2 0.0136 0.0090 0.0038 0.0403 0.0100 0.0065 0.1719 0.0475 0.0078 0.0319 0.0290 0.0097 0.5174 0.1015 
 H071.1_2002  2 0.0079 0.0080 0.0046 0.0195 0.0061 0.0043 0.0084 0.0091 0.0073 0.0091 0.0074 0.0049 0.8990 0.0046 
 H071.1_2003  2 0.0136 0.0723 0.0123 0.0524 0.0175 0.0048 0.0099 0.1364 0.0067 0.0158 0.0183 0.0085 0.6222 0.0094 
     H071.10  2 0.0058 0.0163 0.0077 0.0058 0.0056 0.0118 0.0074 0.0053 0.0143 0.0041 0.0055 0.0046 0.9002 0.0054 
 H071.2_2002  2 0.0075 0.0109 0.0072 0.0140 0.0057 0.0041 0.0077 0.0172 0.0146 0.0093 0.0088 0.0138 0.8725 0.0067 
 H071.2_2003  2 0.0046 0.0053 0.0032 0.0063 0.0045 0.0035 0.0044 0.0077 0.0041 0.0051 0.0053 0.0042 0.9378 0.0041 
      H071.3  2 0.0115 0.0221 0.0076 0.0050 0.0071 0.0068 0.0074 0.0051 0.0093 0.0039 0.0067 0.0119 0.8812 0.0144 
 H071.4_2002  2 0.0068 0.0158 0.0123 0.0105 0.0072 0.0111 0.0092 0.0066 0.0226 0.0049 0.0162 0.0066 0.8599 0.0103 
 H071.4_2003  2 0.0052 0.0071 0.0033 0.0041 0.0044 0.0046 0.0064 0.0045 0.0106 0.0041 0.0056 0.0056 0.9276 0.0068 
 H071.5_2002  2 0.0046 0.0070 0.0044 0.0059 0.0056 0.0070 0.0075 0.0051 0.0076 0.0040 0.0048 0.0033 0.9275 0.0057 
 H071.5_2003  2 0.0087 0.0181 0.0037 0.0117 0.0049 0.0038 0.0135 0.0053 0.0139 0.0086 0.0106 0.0076 0.8796 0.0099 
 H071.6_2002  2 0.0050 0.0096 0.0053 0.0062 0.0057 0.0048 0.0129 0.0074 0.0320 0.0050 0.0047 0.0083 0.8877 0.0053 
 H071.6_2003  2 0.0049 0.0202 0.0036 0.0069 0.0050 0.0038 0.0111 0.0051 0.0072 0.0062 0.0070 0.0037 0.9086 0.0068 
 H071.7_2002  2 0.0047 0.0035 0.0036 0.0056 0.0052 0.0033 0.0086 0.0049 0.0062 0.0042 0.0039 0.0049 0.9366 0.0047 
 H071.7_2003  2 0.0071 0.0257 0.0044 0.0118 0.0054 0.0042 0.0104 0.0084 0.0109 0.0073 0.0121 0.0043 0.8804 0.0074 
      H071.8  2 0.0072 0.0063 0.0087 0.0105 0.0070 0.0050 0.0066 0.0106 0.0081 0.0056 0.0100 0.0116 0.8965 0.0062 
      H071.9  2 0.0143 0.0384 0.0149 0.0198 0.0165 0.0137 0.0179 0.0121 0.1348 0.0066 0.0215 0.0095 0.6473 0.0326 
 H081.1_2002  2 0.0061 0.0051 0.0039 0.0087 0.0071 0.0075 0.0067 0.0160 0.0053 0.0061 0.0087 0.0063 0.9069 0.0056 
 H081.1_2003  2 0.0205 0.1545 0.3127 0.0672 0.1056 0.0160 0.0408 0.0190 0.0163 0.0402 0.0297 0.1202 0.0414 0.0159 
 H081.2_2002  2 0.0058 0.0050 0.0050 0.0134 0.0057 0.0052 0.0068 0.0646 0.0048 0.0058 0.0085 0.0072 0.8550 0.0072 
 H081.2_2003  2 0.0095 0.7424 0.0104 0.0300 0.0246 0.0276 0.0071 0.0446 0.0369 0.0079 0.0125 0.0116 0.0271 0.0079 
 H081.3_2002  2 0.0076 0.0115 0.0068 0.0073 0.0077 0.0049 0.0071 0.0266 0.0072 0.0059 0.0162 0.0062 0.8741 0.0109 
 H081.3_2003  2 0.0121 0.4063 0.0181 0.2101 0.0242 0.0179 0.0072 0.0395 0.1545 0.0188 0.0486 0.0109 0.0180 0.0139 
 H081.4_2002  2 0.0072 0.0110 0.0034 0.0074 0.0065 0.0057 0.0062 0.0058 0.0056 0.0079 0.0095 0.0088 0.9101 0.0050 
 H081.4_2003  2 0.0192 0.5745 0.0162 0.0684 0.1245 0.0156 0.0135 0.0246 0.0288 0.0268 0.0307 0.0321 0.0171 0.0080 
 H081.5_2002  2 0.0061 0.0141 0.0047 0.0100 0.0079 0.0043 0.0100 0.0101 0.0068 0.0068 0.0107 0.0072 0.8963 0.0052 
 H081.5_2003  2 0.0514 0.2697 0.0336 0.1056 0.1336 0.0147 0.0665 0.1028 0.0177 0.0396 0.0471 0.0392 0.0616 0.0168 
      H081.6  2 0.0074 0.0067 0.0059 0.0098 0.0061 0.0042 0.0070 0.0120 0.0063 0.0083 0.0065 0.0109 0.9041 0.0049 
      H081.7  2 0.0072 0.0157 0.0052 0.0090 0.0081 0.0048 0.0062 0.0482 0.0075 0.0062 0.0163 0.0072 0.8510 0.0074 
      H081.8  2 0.0163 0.0446 0.0159 0.0091 0.0135 0.0122 0.0073 0.0100 0.0198 0.0065 0.0286 0.0110 0.7984 0.0068 
      H083.1  2 0.0052 0.0096 0.0132 0.0066 0.0207 0.0241 0.0172 0.0083 0.0107 0.0068 0.0074 0.0269 0.8316 0.0118 
      H083.2  2 0.0067 0.0070 0.0088 0.0187 0.0109 0.0245 0.0138 0.0182 0.0113 0.0093 0.0126 0.0118 0.8040 0.0423 
      H083.4  2 0.0071 0.0057 0.0139 0.0092 0.0108 0.1102 0.0139 0.0141 0.0352 0.0062 0.0076 0.0135 0.7345 0.0181 
      H083.5  2 0.0057 0.0065 0.0274 0.0060 0.0322 0.0808 0.0158 0.0120 0.0086 0.0064 0.0089 0.0217 0.7479 0.0204 
      H083.6  2 0.0081 0.0108 0.0098 0.0061 0.0160 0.1212 0.0094 0.0111 0.0138 0.0076 0.0115 0.3049 0.4626 0.0074 
      H083.7  2 0.0094 0.0057 0.0110 0.0091 0.0070 0.2480 0.0083 0.0132 0.0198 0.0065 0.0101 0.0119 0.6228 0.0171 
      H083.8  2 0.0063 0.0089 0.0072 0.0118 0.0092 0.0243 0.0153 0.0144 0.0108 0.0092 0.0151 0.0129 0.8022 0.0523 
      H083.9  2 0.0057 0.0055 0.0092 0.0061 0.0344 0.1194 0.0109 0.0081 0.0063 0.0095 0.0084 0.0182 0.7411 0.0172 
      H084.1  2 0.0233 0.7899 0.0473 0.0086 0.0158 0.0131 0.0114 0.0080 0.0176 0.0119 0.0064 0.0098 0.0074 0.0293 
      H084.2  2 0.0054 0.8012 0.0558 0.0068 0.0407 0.0077 0.0088 0.0044 0.0311 0.0110 0.0079 0.0063 0.0065 0.0064 
      H084.3  2 0.1268 0.5004 0.1771 0.0101 0.0231 0.0230 0.0304 0.0079 0.0117 0.0195 0.0130 0.0223 0.0055 0.0293 
      H084.4  2 0.0664 0.5993 0.1446 0.0088 0.0494 0.0112 0.0223 0.0043 0.0139 0.0142 0.0107 0.0216 0.0122 0.0212 
      H084.5  2 0.0671 0.7196 0.0395 0.0063 0.0115 0.0070 0.0579 0.0104 0.0104 0.0125 0.0065 0.0227 0.0069 0.0216 
      H084.6  2 0.1598 0.5257 0.1341 0.0053 0.0072 0.0446 0.0223 0.0092 0.0130 0.0060 0.0275 0.0077 0.0062 0.0314 
      H084.7  2 0.0097 0.8216 0.0162 0.0082 0.0457 0.0072 0.0096 0.0054 0.0262 0.0080 0.0119 0.0071 0.0088 0.0146 
      H084.8  2 0.1092 0.6349 0.0977 0.0050 0.0106 0.0122 0.0187 0.0073 0.0125 0.0135 0.0078 0.0160 0.0063 0.0481 
 H085.1_2002  2 0.0065 0.0089 0.0153 0.0085 0.0174 0.0153 0.0084 0.8335 0.0074 0.0069 0.0136 0.0081 0.0418 0.0084 
 H085.1_2003  2 0.0396 0.0363 0.0206 0.0080 0.1045 0.0792 0.0052 0.1465 0.0292 0.0087 0.0135 0.0384 0.4153 0.0550 
 H085.2_2002  2 0.0227 0.0485 0.0805 0.0255 0.0593 0.0992 0.0174 0.4100 0.0226 0.0091 0.1608 0.0106 0.0261 0.0077 
 H085.2_2003  2 0.0189 0.0255 0.0133 0.0092 0.0711 0.0303 0.0100 0.0267 0.0192 0.0153 0.0172 0.0325 0.6813 0.0294 
 H085.3_2002  2 0.0116 0.0080 0.0052 0.0102 0.0219 0.0090 0.0051 0.8849 0.0052 0.0076 0.0107 0.0040 0.0073 0.0093 
 H085.3_2003  2 0.0316 0.0377 0.0044 0.0105 0.0233 0.0059 0.0049 0.0628 0.0123 0.0127 0.0062 0.0078 0.7510 0.0288 
 H085.4_2002  2 0.0229 0.0282 0.0489 0.0445 0.0589 0.0314 0.0124 0.5391 0.0231 0.0115 0.0548 0.0136 0.1035 0.0074 
 H085.4_2003  2 0.0594 0.0271 0.0066 0.0163 0.0709 0.0099 0.0398 0.0106 0.0053 0.0143 0.0222 0.0044 0.7037 0.0097 
 H085.5_2002  2 0.0106 0.0060 0.0056 0.0089 0.0109 0.0041 0.0037 0.9092 0.0048 0.0073 0.0079 0.0051 0.0081 0.0077 
 H085.5_2003  2 0.0092 0.0185 0.0080 0.0078 0.0346 0.0253 0.0058 0.0257 0.0124 0.0115 0.0080 0.0127 0.8091 0.0116 
 H085.6_2002  2 0.0072 0.0104 0.0091 0.0093 0.0180 0.0104 0.0068 0.8765 0.0061 0.0053 0.0128 0.0065 0.0117 0.0100 
 H085.6_2003  2 0.3442 0.0752 0.0065 0.0466 0.1065 0.0071 0.0140 0.0887 0.0118 0.0387 0.0208 0.0102 0.1621 0.0678 
 H085.7_2002  2 0.0171 0.0228 0.0137 0.0117 0.1254 0.0381 0.0115 0.6025 0.0098 0.0146 0.0463 0.0088 0.0601 0.0177 
 H085.7_2003  2 0.0337 0.0230 0.0112 0.0129 0.0311 0.0100 0.0053 0.0252 0.0110 0.0145 0.0114 0.0105 0.7469 0.0533 
 H085.8_2002  2 0.0704 0.0820 0.0274 0.0364 0.0325 0.0117 0.0109 0.5888 0.0345 0.0092 0.0457 0.0071 0.0315 0.0119 
 H085.8_2003  2 0.0595 0.0400 0.0150 0.0220 0.2916 0.1051 0.0289 0.0411 0.0162 0.0372 0.0414 0.0143 0.2467 0.0410 
      H085.9  2 0.0130 0.0144 0.0208 0.0128 0.0514 0.0156 0.0082 0.7477 0.0093 0.0104 0.0262 0.0054 0.0536 0.0110 
      H088.1  2 0.0085 0.0070 0.0096 0.0106 0.8513 0.0104 0.0065 0.0138 0.0249 0.0115 0.0115 0.0152 0.0085 0.0107 
      H088.2  2 0.0065 0.0060 0.0071 0.0072 0.8587 0.0096 0.0178 0.0222 0.0100 0.0067 0.0168 0.0109 0.0065 0.0141 
      H088.3  2 0.0054 0.0056 0.0070 0.0060 0.9038 0.0063 0.0096 0.0108 0.0089 0.0068 0.0060 0.0105 0.0046 0.0087 
      H088.4  2 0.0053 0.0112 0.0056 0.0065 0.9202 0.0045 0.0050 0.0046 0.0074 0.0075 0.0043 0.0062 0.0076 0.0043 
      H088.5  2 0.0056 0.0062 0.0052 0.0072 0.9255 0.0063 0.0041 0.0044 0.0078 0.0055 0.0045 0.0073 0.0054 0.0052 
      H088.6  2 0.0087 0.0068 0.0057 0.0058 0.9016 0.0057 0.0056 0.0059 0.0104 0.0064 0.0086 0.0093 0.0091 0.0105 
      H088.7  2 0.0077 0.0065 0.0053 0.0051 0.8791 0.0065 0.0139 0.0081 0.0070 0.0058 0.0087 0.0092 0.0222 0.0150 
      H088.8  2 0.0135 0.0105 0.0066 0.0056 0.8491 0.0067 0.0083 0.0067 0.0197 0.0083 0.0105 0.0173 0.0251 0.0121 
      H091.1  2 0.0165 0.0112 0.0060 0.0133 0.8040 0.0233 0.0070 0.0091 0.0124 0.0109 0.0067 0.0232 0.0324 0.0239 
      H091.2  2 0.0536 0.0060 0.0055 0.0152 0.7103 0.0332 0.0100 0.0086 0.0294 0.0118 0.0103 0.0321 0.0476 0.0264 
      H109.1  2 0.0820 0.1233 0.0260 0.0365 0.0126 0.0925 0.0527 0.0195 0.3931 0.0133 0.0233 0.0102 0.0296 0.0855 
      H109.2  2 0.0232 0.5137 0.0128 0.0539 0.0141 0.0268 0.0666 0.0102 0.0502 0.0089 0.0537 0.0176 0.0825 0.0659 
      H109.3  2 0.0429 0.0805 0.0121 0.0141 0.0289 0.0108 0.0303 0.0060 0.1365 0.0240 0.3332 0.0166 0.0450 0.2191 
      H109.4  2 0.0630 0.0758 0.0183 0.0474 0.0186 0.0131 0.0109 0.0091 0.6102 0.0103 0.0457 0.0120 0.0192 0.0465 
      H109.5  2 0.1327 0.0427 0.0047 0.0116 0.1297 0.0051 0.0271 0.0104 0.0239 0.0139 0.1810 0.0162 0.3387 0.0624 
      H109.6  2 0.0319 0.3829 0.0147 0.0869 0.0150 0.0162 0.0611 0.0077 0.1262 0.0134 0.0904 0.0472 0.0333 0.0731 
      H126.1  2 0.0332 0.0103 0.0127 0.1773 0.0298 0.0122 0.1781 0.1549 0.2237 0.0764 0.0527 0.0125 0.0141 0.0121 
      H126.2  2 0.0088 0.0111 0.0583 0.0999 0.0138 0.0112 0.0309 0.0616 0.1470 0.0193 0.0165 0.0181 0.4880 0.0155 
      H126.3  2 0.0133 0.0049 0.0212 0.0267 0.0433 0.0155 0.1692 0.0280 0.1494 0.0179 0.0159 0.0171 0.4702 0.0074 
      H126.4  2 0.0173 0.0124 0.0131 0.4670 0.0371 0.0287 0.0204 0.0231 0.1599 0.0450 0.0138 0.1144 0.0349 0.0128 
      H126.5  2 0.0076 0.0091 0.0074 0.3293 0.0092 0.0088 0.2169 0.0318 0.0447 0.0439 0.0219 0.0345 0.2265 0.0085 
      H126.6  2 0.0048 0.0047 0.0055 0.0182 0.0108 0.0095 0.0666 0.1116 0.0081 0.0083 0.0141 0.0370 0.6940 0.0069 
      H126.7  2 0.0047 0.0083 0.0043 0.0126 0.0330 0.0063 0.0100 0.0284 0.0236 0.0088 0.0084 0.0175 0.8258 0.0084 
      H130.1  2 0.0191 0.0528 0.0099 0.3175 0.1646 0.0249 0.0160 0.0311 0.1436 0.1165 0.0478 0.0170 0.0105 0.0287 
      H130.2  2 0.0190 0.6820 0.0099 0.0166 0.0309 0.0297 0.0097 0.0174 0.0500 0.0297 0.0242 0.0123 0.0249 0.0437 
      H130.3  2 0.0069 0.2415 0.0043 0.0130 0.0181 0.0070 0.0070 0.0069 0.0231 0.6139 0.0092 0.0096 0.0228 0.0165 
      H130.4  2 0.0141 0.0851 0.0365 0.1576 0.0414 0.0317 0.0166 0.0347 0.1980 0.2391 0.0521 0.0147 0.0111 0.0673 
      H130.5  2 0.0203 0.5468 0.0054 0.0520 0.1221 0.0259 0.0130 0.0598 0.0372 0.0203 0.0316 0.0094 0.0343 0.0220 
      H133.1  2 0.0256 0.1235 0.1431 0.0887 0.1019 0.0182 0.0319 0.0178 0.0659 0.1157 0.0557 0.0174 0.0559 0.1386 
      H133.2  2 0.0146 0.1565 0.0140 0.2264 0.1404 0.0084 0.0319 0.1186 0.0683 0.0332 0.0969 0.0150 0.0259 0.0500 
