      H105.1  1 0.0089 0.0069 0.0113 0.0157 0.0093 0.0144 0.0105 0.0108 0.0061 0.0118 0.0291 0.0152 0.0047 0.0229 0.7349 0.0055 0.0408 0.0074 0.0164 0.0064 0.0109 
      H105.2  1 0.0481 0.0145 0.0281 0.0115 0.0142 0.0120 0.0094 0.0161 0.0136 0.0248 0.0093 0.0648 0.0094 0.0463 0.3902 0.0148 0.0414 0.1800 0.0060 0.0197 0.0258 
      H105.3  1 0.0053 0.0073 0.0109 0.0112 0.0054 0.0086 0.0059 0.0079 0.0107 0.0198 0.0049 0.0123 0.0087 0.0179 0.7902 0.0103 0.0125 0.0120 0.0119 0.0125 0.0138 
      H105.4  1 0.0314 0.0080 0.0131 0.0269 0.0139 0.0086 0.0131 0.0132 0.0109 0.0075 0.0097 0.0113 0.0260 0.1349 0.3641 0.0185 0.1287 0.0949 0.0129 0.0241 0.0283 
      H105.5  1 0.0299 0.0068 0.1632 0.0337 0.0316 0.0103 0.0270 0.0142 0.0122 0.0468 0.0279 0.0249 0.0142 0.2208 0.0556 0.0380 0.1383 0.0554 0.0162 0.0189 0.0143 
      H105.6  1 0.0050 0.0042 0.0068 0.0074 0.0067 0.0085 0.0219 0.0063 0.0064 0.0066 0.0037 0.0055 0.0102 0.0130 0.7794 0.0175 0.0269 0.0267 0.0128 0.0156 0.0091 
      H105.7  1 0.0219 0.0051 0.0086 0.0124 0.0042 0.0249 0.0064 0.0082 0.0064 0.0069 0.0112 0.0063 0.0055 0.0063 0.7719 0.0120 0.0535 0.0074 0.0060 0.0097 0.0052 
      H105.8  1 0.0064 0.0083 0.0039 0.0097 0.0072 0.0293 0.0069 0.0171 0.0096 0.0099 0.0057 0.0119 0.0046 0.0180 0.7860 0.0061 0.0193 0.0100 0.0045 0.0048 0.0208 
      H115.1  1 0.0086 0.0076 0.0086 0.0087 0.0216 0.0187 0.7010 0.0113 0.0130 0.0211 0.0219 0.0095 0.0061 0.0074 0.0116 0.0158 0.0114 0.0129 0.0296 0.0120 0.0416 
      H115.2  1 0.0056 0.0078 0.0133 0.0052 0.0112 0.0074 0.8288 0.0117 0.0105 0.0095 0.0095 0.0062 0.0045 0.0043 0.0108 0.0060 0.0041 0.0107 0.0144 0.0089 0.0095 
      H115.3  1 0.0055 0.0080 0.0530 0.0125 0.0587 0.0071 0.5580 0.0111 0.0110 0.0050 0.0218 0.0140 0.0055 0.0119 0.0092 0.0032 0.0120 0.1516 0.0241 0.0101 0.0065 
      H115.4  1 0.0060 0.0069 0.2061 0.0088 0.3322 0.0079 0.0403 0.0208 0.0349 0.1077 0.0395 0.0325 0.0076 0.0062 0.0120 0.0057 0.0160 0.0129 0.0344 0.0061 0.0556 
      H115.5  1 0.0115 0.0640 0.0240 0.0273 0.0602 0.0339 0.3370 0.0241 0.0103 0.0160 0.0316 0.1168 0.0286 0.0289 0.0310 0.0171 0.0165 0.0335 0.0676 0.0068 0.0132 
      H115.6  1 0.0237 0.0138 0.1708 0.0110 0.0625 0.0186 0.3143 0.0076 0.0151 0.0134 0.0194 0.0209 0.0055 0.0110 0.0091 0.0060 0.0084 0.2062 0.0351 0.0226 0.0049 
      H115.7  1 0.0301 0.0043 0.1146 0.0168 0.0380 0.0073 0.3751 0.0078 0.0162 0.0140 0.0246 0.0408 0.0076 0.0081 0.0085 0.0097 0.0104 0.2000 0.0253 0.0220 0.0187 
      H115.8  1 0.0093 0.0768 0.0345 0.0087 0.0659 0.0372 0.5729 0.0134 0.0130 0.0106 0.0190 0.0278 0.0050 0.0088 0.0131 0.0056 0.0101 0.0217 0.0275 0.0114 0.0078 
      H115.9  1 0.0063 0.0057 0.0046 0.0062 0.0078 0.0223 0.8282 0.0072 0.0069 0.0120 0.0095 0.0043 0.0050 0.0088 0.0045 0.0069 0.0134 0.0071 0.0130 0.0079 0.0121 
      H145.1  1 0.0053 0.0332 0.0064 0.0073 0.0120 0.0072 0.0109 0.0050 0.0068 0.0113 0.0082 0.0041 0.7876 0.0087 0.0068 0.0061 0.0094 0.0188 0.0085 0.0308 0.0058 
      H145.2  1 0.0139 0.0342 0.0058 0.0059 0.0098 0.0061 0.0057 0.0036 0.0064 0.0058 0.0075 0.0033 0.7500 0.0613 0.0090 0.0063 0.0118 0.0152 0.0178 0.0155 0.0054 
      H145.3  1 0.0054 0.0768 0.0046 0.0067 0.0069 0.0248 0.0087 0.0061 0.0033 0.0044 0.0053 0.0073 0.7697 0.0059 0.0036 0.0046 0.0141 0.0208 0.0044 0.0122 0.0046 
      H145.4  1 0.0069 0.0302 0.0061 0.0053 0.0102 0.0080 0.0059 0.0047 0.0066 0.0049 0.0088 0.0055 0.7868 0.0055 0.0059 0.0086 0.0157 0.0091 0.0072 0.0523 0.0058 
      H145.5  1 0.0049 0.2733 0.0107 0.0052 0.0073 0.0085 0.0049 0.0050 0.0042 0.0057 0.0066 0.0066 0.5600 0.0056 0.0038 0.0100 0.0085 0.0263 0.0065 0.0228 0.0136 
      H145.6  1 0.0439 0.0278 0.0080 0.0037 0.0102 0.0051 0.0037 0.0042 0.0071 0.0044 0.0096 0.0105 0.7779 0.0328 0.0050 0.0061 0.0096 0.0069 0.0076 0.0098 0.0062 
      H145.7  1 0.0084 0.0079 0.0072 0.0038 0.0136 0.0091 0.0043 0.0038 0.0064 0.0035 0.0104 0.0223 0.8368 0.0068 0.0042 0.0045 0.0096 0.0089 0.0087 0.0150 0.0049 
      H149.1  1 0.0036 0.0044 0.0037 0.0035 0.0028 0.0036 0.0039 0.0040 0.0036 0.0029 0.0036 0.0028 0.0046 0.0032 0.0039 0.0046 0.0039 0.0040 0.9245 0.0053 0.0037 
      H149.2  1 0.0158 0.0034 0.0147 0.0086 0.0034 0.0042 0.0044 0.0046 0.0031 0.0057 0.0176 0.0044 0.0111 0.0038 0.0047 0.0051 0.0056 0.0080 0.8576 0.0083 0.0060 
      H149.3  1 0.0190 0.0051 0.0410 0.0150 0.0057 0.0108 0.0088 0.0106 0.0079 0.0054 0.0295 0.0101 0.0359 0.0094 0.0112 0.0146 0.0112 0.0172 0.6989 0.0115 0.0211 
      H149.4  1 0.0087 0.0089 0.0051 0.0044 0.0063 0.0048 0.0039 0.0050 0.0152 0.0036 0.0097 0.0043 0.0039 0.0144 0.0117 0.0064 0.0057 0.0107 0.8479 0.0054 0.0138 
      H149.5  1 0.0692 0.0048 0.0194 0.0147 0.0053 0.0109 0.0035 0.0103 0.0099 0.0064 0.1009 0.0090 0.0330 0.0105 0.0185 0.0094 0.0146 0.0184 0.5726 0.0092 0.0497 
      H149.6  1 0.0392 0.0043 0.0172 0.0073 0.0036 0.0047 0.0032 0.0052 0.0035 0.0051 0.0156 0.0045 0.0092 0.0046 0.0063 0.0062 0.0067 0.0083 0.8328 0.0056 0.0070 
      H149.7  1 0.1034 0.0104 0.0128 0.0146 0.0089 0.0130 0.0060 0.0149 0.0176 0.0090 0.0269 0.0113 0.0145 0.0238 0.0287 0.0458 0.0074 0.0227 0.5358 0.0152 0.0571 
      H150.1  1 0.0057 0.0116 0.0167 0.0046 0.0126 0.0056 0.8445 0.0049 0.0060 0.0051 0.0064 0.0064 0.0045 0.0100 0.0085 0.0041 0.0051 0.0250 0.0035 0.0044 0.0046 
      H150.2  1 0.0129 0.0169 0.0400 0.0137 0.0712 0.0049 0.7054 0.0057 0.0072 0.0113 0.0151 0.0129 0.0051 0.0049 0.0099 0.0072 0.0038 0.0191 0.0149 0.0094 0.0085 
      H150.3  1 0.0200 0.0120 0.0210 0.0064 0.0163 0.0083 0.7951 0.0044 0.0085 0.0075 0.0072 0.0118 0.0054 0.0054 0.0071 0.0113 0.0076 0.0184 0.0074 0.0131 0.0059 
      H150.4  1 0.0084 0.0108 0.0093 0.0066 0.0086 0.0080 0.8644 0.0037 0.0039 0.0073 0.0066 0.0098 0.0049 0.0055 0.0040 0.0067 0.0080 0.0097 0.0036 0.0066 0.0038 
      H150.5  1 0.0116 0.0056 0.0574 0.0181 0.0632 0.0065 0.6262 0.0085 0.0184 0.0059 0.0144 0.0158 0.0065 0.0063 0.0209 0.0053 0.0077 0.0615 0.0151 0.0159 0.0091 
      H150.6  1 0.0116 0.0146 0.3553 0.0106 0.0544 0.0030 0.1895 0.0122 0.0382 0.0086 0.0219 0.0490 0.0081 0.0070 0.0623 0.0061 0.0048 0.1145 0.0083 0.0055 0.0143 
      H150.7  1 0.0052 0.0070 0.0102 0.0049 0.0103 0.0050 0.8723 0.0043 0.0054 0.0052 0.0036 0.0053 0.0042 0.0103 0.0057 0.0038 0.0062 0.0162 0.0044 0.0076 0.0029 
   H169607.1  1 0.0228 0.0221 0.0104 0.1272 0.0856 0.0132 0.0456 0.0259 0.0130 0.1497 0.0213 0.0140 0.0624 0.0597 0.0095 0.0103 0.0143 0.1291 0.0078 0.0218 0.1342 
   H169607.2  1 0.0304 0.0048 0.0133 0.0622 0.0302 0.0525 0.0536 0.0194 0.0512 0.0295 0.0124 0.0104 0.0778 0.0272 0.0062 0.0083 0.2231 0.1783 0.0094 0.0737 0.0260 
   H169607.3  1 0.0667 0.0111 0.0130 0.0736 0.0369 0.0473 0.0174 0.0368 0.0079 0.0179 0.1061 0.0214 0.0530 0.0536 0.0092 0.0086 0.0887 0.2115 0.0063 0.0120 0.1009 
   H169607.4  1 0.0365 0.0080 0.0074 0.0988 0.0105 0.0074 0.0145 0.0187 0.0239 0.0137 0.0073 0.0073 0.0771 0.0719 0.0114 0.0093 0.1275 0.3248 0.0048 0.1085 0.0107 
   H169607.5  1 0.0187 0.0081 0.0139 0.1812 0.0575 0.0268 0.1234 0.0164 0.0707 0.0137 0.0525 0.0083 0.0849 0.0114 0.0084 0.0062 0.1660 0.0710 0.0099 0.0327 0.0182 
   H169607.6  1 0.0376 0.0047 0.0087 0.0495 0.0207 0.0297 0.0251 0.0125 0.0328 0.0212 0.0077 0.0125 0.0331 0.0339 0.0088 0.0040 0.4578 0.1577 0.0082 0.0205 0.0134 
   H169607.7  1 0.0113 0.0064 0.0117 0.0834 0.3045 0.0758 0.0217 0.0201 0.0635 0.0411 0.0117 0.0204 0.0315 0.0473 0.0161 0.0042 0.1009 0.0786 0.0109 0.0149 0.0238 
   H169607.8  1 0.0222 0.0040 0.0047 0.0939 0.0056 0.0178 0.0158 0.0230 0.0184 0.0189 0.0068 0.0085 0.0262 0.0697 0.0050 0.0076 0.3628 0.1370 0.0063 0.1274 0.0183 
   H169633.1  1 0.0088 0.0227 0.0161 0.0045 0.0098 0.0078 0.0095 0.0347 0.0061 0.0145 0.0090 0.0169 0.0253 0.0080 0.0137 0.0101 0.0062 0.0064 0.7478 0.0167 0.0054 
   H169633.2  1 0.0397 0.0080 0.0147 0.0035 0.0184 0.0187 0.0043 0.0263 0.0123 0.0537 0.0041 0.0134 0.0269 0.0054 0.0148 0.0101 0.0034 0.0052 0.6972 0.0057 0.0143 
   H169633.3  1 0.0065 0.0070 0.0277 0.0060 0.0064 0.0146 0.0128 0.0077 0.0088 0.0101 0.0091 0.0087 0.0119 0.0054 0.0141 0.0198 0.0046 0.0037 0.7959 0.0099 0.0092 
   H169633.4  1 0.0053 0.0152 0.0114 0.0059 0.0050 0.0055 0.0116 0.0058 0.0054 0.0075 0.0209 0.0094 0.0074 0.0088 0.0146 0.0081 0.0067 0.0080 0.8079 0.0244 0.0052 
   H169633.5  1 0.0049 0.0179 0.0123 0.0059 0.0042 0.0067 0.0138 0.0059 0.0058 0.0066 0.0180 0.0112 0.0092 0.0073 0.0201 0.0094 0.0072 0.0092 0.7985 0.0200 0.0058 
   H169688.1  1 0.1224 0.0051 0.0053 0.0079 0.1311 0.0117 0.0196 0.1903 0.0113 0.0080 0.0065 0.1066 0.0572 0.0048 0.0053 0.0294 0.0839 0.0195 0.0163 0.0143 0.1436 
   H169688.2  1 0.0880 0.0161 0.0076 0.0069 0.1488 0.0142 0.0138 0.4670 0.0430 0.0050 0.0069 0.0627 0.0124 0.0054 0.0132 0.0146 0.0119 0.0078 0.0082 0.0064 0.0403 
   H169688.3  1 0.0367 0.0095 0.0059 0.0037 0.5736 0.0042 0.0145 0.2068 0.0128 0.0080 0.0121 0.0184 0.0104 0.0088 0.0119 0.0090 0.0089 0.0136 0.0129 0.0069 0.0115 
   H169688.4  1 0.0103 0.0129 0.0043 0.0049 0.5797 0.0046 0.1331 0.1412 0.0099 0.0053 0.0107 0.0140 0.0082 0.0080 0.0064 0.0103 0.0077 0.0067 0.0056 0.0078 0.0084 
   H169688.5  1 0.0125 0.0123 0.0049 0.0054 0.5374 0.0067 0.1568 0.1598 0.0095 0.0040 0.0079 0.0145 0.0114 0.0082 0.0073 0.0076 0.0059 0.0073 0.0067 0.0061 0.0079 
   H169688.6  1 0.0542 0.0326 0.0042 0.0078 0.2681 0.0070 0.0232 0.2324 0.0661 0.0049 0.0084 0.0450 0.0577 0.0093 0.0217 0.0115 0.0286 0.0095 0.0132 0.0086 0.0860 
   H169688.7  1 0.0089 0.0073 0.0100 0.0051 0.6457 0.0060 0.0168 0.1657 0.0166 0.0060 0.0060 0.0151 0.0174 0.0134 0.0073 0.0146 0.0049 0.0087 0.0099 0.0074 0.0071 
   H171901.1  1 0.5847 0.0652 0.0254 0.0073 0.0685 0.0088 0.0161 0.0211 0.0108 0.0095 0.0083 0.0138 0.0089 0.0374 0.0084 0.0121 0.0106 0.0547 0.0086 0.0111 0.0086 
   H171901.2  1 0.0055 0.0047 0.0108 0.0059 0.0075 0.0074 0.0119 0.0121 0.0079 0.0054 0.0043 0.0064 0.0074 0.0076 0.0081 0.0051 0.0125 0.0147 0.8342 0.0161 0.0046 
   H171901.3  1 0.0471 0.0056 0.0086 0.0063 0.0209 0.0078 0.0104 0.0743 0.0142 0.0043 0.0126 0.0151 0.0111 0.0129 0.0064 0.0076 0.0096 0.0160 0.6836 0.0152 0.0103 
   H171901.4  1 0.0070 0.0064 0.0081 0.0122 0.0218 0.0061 0.0077 0.0125 0.0105 0.0071 0.0053 0.0065 0.0082 0.0084 0.0160 0.0041 0.0085 0.0172 0.8144 0.0068 0.0051 
   H171901.5  1 0.0171 0.0051 0.0092 0.0159 0.0189 0.0057 0.0104 0.0254 0.0200 0.0096 0.0076 0.0043 0.0083 0.0116 0.0153 0.0074 0.0093 0.0404 0.7356 0.0109 0.0119 
   H171901.6  1 0.0266 0.0054 0.0169 0.0441 0.0177 0.0082 0.0306 0.0304 0.0189 0.0116 0.0102 0.0044 0.0123 0.0129 0.0316 0.0163 0.0119 0.0673 0.5815 0.0283 0.0128 
   H171901.7  1 0.0254 0.0068 0.0107 0.0067 0.0617 0.0198 0.0229 0.0815 0.0464 0.0044 0.0130 0.0107 0.0358 0.0079 0.0124 0.0104 0.0151 0.0128 0.5643 0.0167 0.0146 
   H171902.1  1 0.0067 0.0521 0.0061 0.0097 0.0103 0.0103 0.0233 0.0357 0.0305 0.0231 0.0042 0.0083 0.0196 0.0085 0.0055 0.0074 0.0075 0.5640 0.0110 0.0912 0.0649 
  H171902.10  1 0.0041 0.0086 0.0091 0.0062 0.0061 0.0041 0.0067 0.0096 0.0481 0.0055 0.0034 0.0074 0.0065 0.0099 0.0038 0.0047 0.0094 0.5802 0.0213 0.2296 0.0155 
   H171902.2  1 0.0237 0.0388 0.0061 0.0123 0.0111 0.0577 0.0212 0.0739 0.0187 0.0123 0.0063 0.0501 0.0084 0.0076 0.0202 0.0151 0.0083 0.3861 0.0167 0.0216 0.1840 
   H171902.3  1 0.0145 0.0092 0.0096 0.0167 0.0173 0.0107 0.0318 0.0216 0.0876 0.0137 0.0050 0.0080 0.0087 0.0234 0.0084 0.0098 0.0087 0.4971 0.0872 0.0889 0.0219 
   H171902.4  1 0.0061 0.0189 0.0087 0.0039 0.0038 0.0062 0.0115 0.0109 0.0048 0.0056 0.0051 0.0053 0.0069 0.0029 0.0059 0.0072 0.0056 0.5026 0.0723 0.2973 0.0087 
   H171902.6  1 0.0046 0.0100 0.0089 0.0063 0.0052 0.0040 0.0097 0.0068 0.0383 0.0065 0.0031 0.0053 0.0076 0.0107 0.0027 0.0076 0.0093 0.5875 0.0157 0.2372 0.0131 
   H171902.7  1 0.0089 0.0209 0.0073 0.0146 0.0063 0.0038 0.0068 0.0058 0.0172 0.0064 0.0037 0.0038 0.0079 0.0091 0.0050 0.0046 0.0090 0.6320 0.0273 0.1913 0.0083 
   H171902.8  1 0.0096 0.0157 0.0113 0.0154 0.0076 0.0064 0.0109 0.0107 0.0703 0.0083 0.0063 0.0099 0.0087 0.0181 0.0043 0.0094 0.0097 0.5520 0.0375 0.1596 0.0181 
   H171902.9  1 0.0061 0.0216 0.0055 0.0081 0.0075 0.0077 0.0867 0.0132 0.0076 0.0057 0.0044 0.0045 0.0076 0.0071 0.0080 0.0109 0.0076 0.6139 0.0069 0.1462 0.0131 
   H171903.1  1 0.0152 0.0052 0.0105 0.0320 0.0761 0.0134 0.0492 0.0118 0.0477 0.0149 0.0080 0.0047 0.0156 0.0040 0.0127 0.0066 0.6219 0.0156 0.0141 0.0096 0.0112 
   H171903.2  1 0.0083 0.0141 0.0090 0.0305 0.0655 0.0489 0.0214 0.0145 0.0282 0.0143 0.0308 0.0062 0.0223 0.0274 0.0173 0.0088 0.5886 0.0132 0.0083 0.0079 0.0146 
   H171903.3  1 0.0367 0.0146 0.0344 0.0575 0.0836 0.0331 0.0355 0.0300 0.0852 0.0568 0.1252 0.0069 0.0201 0.0143 0.0205 0.0274 0.1823 0.0607 0.0216 0.0334 0.0202 
   H171903.4  1 0.3719 0.0067 0.0173 0.0185 0.0388 0.0069 0.0155 0.0560 0.0134 0.0053 0.0096 0.0154 0.0182 0.0107 0.0103 0.0124 0.0363 0.2979 0.0070 0.0205 0.0114 
   H171903.5  1 0.0196 0.0120 0.0108 0.0280 0.2608 0.0306 0.0362 0.0838 0.0397 0.0599 0.1715 0.0077 0.0103 0.0387 0.0205 0.0124 0.0688 0.0156 0.0463 0.0073 0.0196 
   H171903.6  1 0.0271 0.0051 0.0063 0.0801 0.2520 0.0108 0.0470 0.1315 0.0370 0.0064 0.0628 0.0082 0.0148 0.0170 0.0074 0.0105 0.0995 0.0893 0.0493 0.0098 0.0282 
      H177.1  1 0.1695 0.0098 0.0161 0.0264 0.0109 0.0062 0.0258 0.1032 0.1219 0.0052 0.0110 0.0059 0.0178 0.0147 0.0053 0.0167 0.0191 0.0166 0.2494 0.1108 0.0379 
      H177.2  1 0.0072 0.0143 0.0205 0.2105 0.0359 0.0359 0.0131 0.0286 0.0473 0.0138 0.0273 0.0156 0.1534 0.0766 0.0081 0.0123 0.0189 0.0138 0.0943 0.0626 0.0900 
      H177.3  1 0.0073 0.0191 0.0208 0.0694 0.0255 0.0110 0.0207 0.0375 0.0875 0.0058 0.0162 0.0042 0.1036 0.1090 0.0056 0.0208 0.0162 0.0359 0.2904 0.0451 0.0485 
      H177.4  1 0.0866 0.0097 0.0132 0.0281 0.0087 0.0097 0.0077 0.1484 0.0482 0.0073 0.0170 0.0046 0.1087 0.0080 0.0207 0.0147 0.0236 0.0224 0.0791 0.0247 0.3087 
      H177.5  1 0.1638 0.0067 0.0199 0.0514 0.0206 0.0191 0.0133 0.3996 0.0754 0.0047 0.0384 0.0118 0.0186 0.0113 0.0196 0.0144 0.0252 0.0228 0.0191 0.0275 0.0168 
      H177.6  1 0.0084 0.0182 0.0168 0.0262 0.0206 0.0100 0.0173 0.0333 0.1342 0.0075 0.0138 0.0042 0.0413 0.1040 0.0057 0.0199 0.0111 0.0252 0.4057 0.0538 0.0229 
      H179.1  1 0.0239 0.0039 0.0063 0.0193 0.0120 0.0073 0.0111 0.0461 0.0159 0.0191 0.0147 0.0077 0.0039 0.0275 0.0139 0.0434 0.0050 0.0093 0.0101 0.0127 0.6865 
      H179.2  1 0.0099 0.0037 0.0099 0.0210 0.0125 0.0100 0.0127 0.0177 0.0112 0.0308 0.0078 0.0036 0.0057 0.0074 0.0080 0.0136 0.0064 0.0162 0.0057 0.0075 0.7789 
      H179.3  1 0.0278 0.0048 0.0058 0.0107 0.0323 0.0191 0.0237 0.1578 0.0166 0.0245 0.0222 0.0091 0.0047 0.0229 0.0093 0.0154 0.0117 0.0126 0.0061 0.0111 0.5516 
      H179.4  1 0.0102 0.0037 0.0077 0.0121 0.0092 0.0082 0.0043 0.0113 0.0117 0.0085 0.0052 0.0056 0.0250 0.0086 0.0065 0.0159 0.0068 0.0060 0.0098 0.0068 0.8168 
      H180.1  1 0.0079 0.0174 0.0462 0.0074 0.3165 0.0056 0.0384 0.0387 0.2669 0.0337 0.0276 0.0430 0.0039 0.0071 0.0363 0.0076 0.0081 0.0324 0.0097 0.0063 0.0392 
      H180.2  1 0.0134 0.0181 0.0177 0.0156 0.2485 0.0063 0.1240 0.0332 0.1930 0.0108 0.0119 0.0542 0.0061 0.0070 0.0962 0.0169 0.0104 0.0764 0.0103 0.0112 0.0188 
      H180.3  1 0.0054 0.0183 0.0064 0.0102 0.2302 0.0446 0.3378 0.0059 0.0642 0.0787 0.0252 0.0091 0.0099 0.0058 0.0225 0.0657 0.0167 0.0249 0.0069 0.0036 0.0081 
      H180.4  1 0.0158 0.0251 0.0954 0.0080 0.1500 0.0121 0.0282 0.0295 0.1752 0.0048 0.0245 0.0240 0.0099 0.0081 0.2496 0.0164 0.0096 0.0316 0.0315 0.0076 0.0430 
      H180.5  1 0.0201 0.0385 0.1692 0.0362 0.2360 0.0286 0.0764 0.0225 0.1880 0.0067 0.0114 0.0349 0.0076 0.0068 0.0296 0.0055 0.0191 0.0072 0.0087 0.0085 0.0387 
      H180.6  1 0.0089 0.0654 0.0708 0.0130 0.0857 0.4665 0.0495 0.0064 0.0325 0.0106 0.0086 0.0357 0.0298 0.0149 0.0279 0.0089 0.0092 0.0181 0.0195 0.0042 0.0139 
      H181.1  1 0.0062 0.0128 0.0256 0.0173 0.0075 0.0063 0.0120 0.0508 0.0288 0.0090 0.1415 0.1951 0.0142 0.0191 0.0121 0.0091 0.0611 0.0365 0.2202 0.0090 0.1056 
      H181.2  1 0.0130 0.0177 0.1008 0.0126 0.0114 0.0066 0.0101 0.0500 0.0884 0.0129 0.0156 0.1148 0.0431 0.0078 0.0155 0.0095 0.0260 0.0239 0.0555 0.0372 0.3277 
      H181.3  1 0.0102 0.0102 0.0377 0.0168 0.0059 0.0075 0.0060 0.1620 0.0584 0.0045 0.0080 0.1906 0.0153 0.0068 0.0072 0.0090 0.0217 0.0225 0.0527 0.0327 0.3141 
      H181.4  1 0.0089 0.0048 0.0274 0.0697 0.0265 0.0176 0.0897 0.0357 0.0353 0.0087 0.2185 0.0662 0.0636 0.0304 0.0093 0.0207 0.0221 0.0281 0.1251 0.0202 0.0714 
      H181.5  1 0.0152 0.0130 0.0342 0.0148 0.0065 0.0101 0.0080 0.0902 0.0117 0.0143 0.0164 0.0982 0.0079 0.0099 0.0154 0.0548 0.0095 0.0087 0.0180 0.0155 0.5275 
      H181.6  1 0.0124 0.0056 0.0561 0.0157 0.0211 0.0070 0.0384 0.0263 0.0279 0.0338 0.0170 0.0176 0.0123 0.0192 0.0568 0.0137 0.0152 0.0161 0.0115 0.0275 0.5489 
      H181.7  1 0.0080 0.0079 0.0097 0.0071 0.0237 0.0125 0.0288 0.0834 0.0070 0.0116 0.0440 0.0312 0.0185 0.0483 0.0120 0.0084 0.0130 0.0122 0.0505 0.0141 0.5480 
 H194.1_2004  1 0.0619 0.0092 0.0292 0.0084 0.0530 0.0140 0.0495 0.0154 0.0444 0.0133 0.0101 0.0074 0.2435 0.0052 0.0091 0.0724 0.1262 0.0115 0.0350 0.1765 0.0045 
 H194.2_2004  1 0.5695 0.0390 0.0468 0.0069 0.0121 0.0071 0.0116 0.0104 0.0345 0.0063 0.0192 0.0051 0.0819 0.0059 0.0042 0.0068 0.0480 0.0218 0.0236 0.0318 0.0076 
 H194.3_2004  1 0.0424 0.0114 0.0110 0.0059 0.0078 0.0082 0.0086 0.0071 0.0155 0.0065 0.0051 0.0042 0.2273 0.0067 0.0080 0.2930 0.0187 0.0112 0.1205 0.1598 0.0212 
 H194.4_2004  1 0.3334 0.0227 0.0202 0.0083 0.0090 0.0082 0.0116 0.0192 0.0097 0.0065 0.0066 0.0055 0.1916 0.0053 0.0059 0.0235 0.0955 0.0290 0.1224 0.0528 0.0133 
 H194.5_2004  1 0.0753 0.0061 0.0123 0.0161 0.0167 0.0185 0.0128 0.0128 0.0154 0.0106 0.0101 0.0065 0.2605 0.0077 0.0161 0.1945 0.0252 0.0251 0.0764 0.1732 0.0079 
 H194.6_2004  1 0.2481 0.0062 0.0144 0.0111 0.0099 0.0132 0.0151 0.0242 0.0242 0.0086 0.0081 0.0060 0.0991 0.0076 0.0075 0.2826 0.0166 0.0281 0.1266 0.0229 0.0200 
 H194.7_2004  1 0.1291 0.0089 0.0198 0.0156 0.0242 0.0723 0.0170 0.0111 0.0087 0.0064 0.0264 0.0105 0.1237 0.0052 0.0082 0.0709 0.3165 0.0050 0.0200 0.0949 0.0056 
 H194.8_2004  1 0.4524 0.0107 0.0212 0.0093 0.0128 0.0122 0.0142 0.0080 0.0114 0.0076 0.0141 0.0081 0.2078 0.0095 0.0071 0.0516 0.0232 0.0163 0.0622 0.0258 0.0144 
      H194.9  1 0.1161 0.0134 0.0204 0.0154 0.0149 0.0879 0.0551 0.0109 0.0073 0.0070 0.0126 0.0093 0.2373 0.0066 0.0126 0.0961 0.0643 0.0100 0.0288 0.1680 0.0060 
 H195.1_2003  1 0.1014 0.0040 0.0259 0.0122 0.0140 0.0078 0.0063 0.0159 0.0187 0.0122 0.0086 0.0080 0.4969 0.0068 0.1629 0.0111 0.0119 0.0276 0.0256 0.0116 0.0105 
 H195.1_2004  1 0.0046 0.0085 0.0226 0.0047 0.0061 0.0039 0.0043 0.0067 0.0061 0.0037 0.0058 0.0132 0.8537 0.0065 0.0047 0.0066 0.0049 0.0087 0.0125 0.0071 0.0051 
 H195.2_2003  1 0.0092 0.0060 0.0064 0.0248 0.0143 0.0123 0.0189 0.0334 0.0075 0.0087 0.0035 0.0057 0.7479 0.0059 0.0339 0.0059 0.0182 0.0103 0.0072 0.0133 0.0068 
 H195.2_2004  1 0.0050 0.0101 0.0127 0.0065 0.0093 0.0080 0.0052 0.0051 0.0045 0.0033 0.0043 0.0108 0.8676 0.0035 0.0061 0.0052 0.0075 0.0050 0.0083 0.0076 0.0043 
 H195.3_2003  1 0.0427 0.0063 0.0065 0.0625 0.0303 0.0165 0.0742 0.0489 0.0252 0.0062 0.0082 0.0097 0.4187 0.0116 0.1408 0.0128 0.0349 0.0206 0.0070 0.0100 0.0064 
 H195.3_2004  1 0.0063 0.0089 0.0150 0.0042 0.0046 0.0046 0.0039 0.0059 0.0054 0.0053 0.0048 0.0089 0.8495 0.0038 0.0064 0.0062 0.0092 0.0081 0.0270 0.0076 0.0044 
 H195.4_2003  1 0.0135 0.0037 0.0409 0.0082 0.0077 0.0049 0.0043 0.0081 0.0070 0.0089 0.0072 0.0042 0.7921 0.0081 0.0211 0.0106 0.0070 0.0094 0.0177 0.0083 0.0069 
 H195.4_2004  1 0.0047 0.0050 0.0052 0.0041 0.0040 0.0076 0.0033 0.0059 0.0037 0.0034 0.0038 0.0122 0.8964 0.0041 0.0041 0.0065 0.0073 0.0044 0.0051 0.0047 0.0044 
 H195.5_2003  1 0.0517 0.0044 0.0526 0.0116 0.0139 0.0070 0.0084 0.0134 0.0107 0.0060 0.0090 0.0159 0.4058 0.0125 0.2921 0.0136 0.0087 0.0246 0.0144 0.0135 0.0101 
 H195.5_2004  1 0.0032 0.0085 0.0060 0.0033 0.0030 0.0038 0.0041 0.0041 0.0044 0.0033 0.0049 0.0061 0.9027 0.0047 0.0049 0.0049 0.0055 0.0046 0.0060 0.0058 0.0061 
 H195.6_2003  1 0.0061 0.0051 0.0062 0.0110 0.0102 0.0058 0.0179 0.0113 0.0074 0.0060 0.0045 0.0087 0.8015 0.0052 0.0387 0.0045 0.0186 0.0121 0.0044 0.0073 0.0074 
 H195.6_2004  1 0.0052 0.0080 0.0071 0.0043 0.0048 0.0054 0.0033 0.0042 0.0045 0.0039 0.0041 0.0053 0.8911 0.0046 0.0071 0.0081 0.0063 0.0052 0.0053 0.0052 0.0072 
 H195.7_2003  1 0.0505 0.0029 0.0190 0.0218 0.0293 0.0074 0.0051 0.0399 0.0105 0.0097 0.0081 0.0066 0.7051 0.0071 0.0127 0.0112 0.0055 0.0164 0.0134 0.0077 0.0101 
 H195.7_2004  1 0.0037 0.0281 0.0092 0.0036 0.0062 0.0045 0.0064 0.0062 0.0052 0.0037 0.0051 0.0125 0.8696 0.0043 0.0061 0.0044 0.0034 0.0048 0.0045 0.0041 0.0046 
      H195.8  1 0.0039 0.0063 0.0104 0.0041 0.0048 0.0052 0.0044 0.0066 0.0041 0.0031 0.0045 0.0165 0.8833 0.0048 0.0061 0.0052 0.0078 0.0051 0.0042 0.0056 0.0041 
      H195.9  1 0.0049 0.0034 0.0084 0.0062 0.0052 0.0068 0.0041 0.0075 0.0050 0.0038 0.0048 0.0057 0.8776 0.0043 0.0055 0.0060 0.0106 0.0066 0.0101 0.0083 0.0050 
      H415.1  1 0.0337 0.0839 0.0236 0.0048 0.0325 0.0240 0.0974 0.0110 0.0147 0.4602 0.0109 0.0061 0.0114 0.0070 0.0089 0.0120 0.0073 0.0315 0.0913 0.0203 0.0076 
      H415.2  1 0.0072 0.0211 0.0053 0.0142 0.0160 0.0066 0.0355 0.0386 0.0791 0.1385 0.0147 0.0036 0.0098 0.0069 0.0066 0.0736 0.0066 0.1018 0.0311 0.3574 0.0258 
      H415.3  1 0.0114 0.0076 0.0187 0.0190 0.0345 0.0055 0.0091 0.0101 0.0302 0.6769 0.0125 0.0034 0.0069 0.0074 0.0090 0.0077 0.0034 0.0112 0.0718 0.0143 0.0295 
      H415.4  1 0.0146 0.0163 0.0269 0.0074 0.0106 0.0184 0.0498 0.0044 0.0067 0.7057 0.0111 0.0083 0.0075 0.0053 0.0085 0.0166 0.0054 0.0350 0.0205 0.0169 0.0041 
      H415.5  1 0.0114 0.0092 0.0396 0.0117 0.0210 0.0044 0.0061 0.0084 0.0367 0.6654 0.0125 0.0048 0.0077 0.0073 0.0067 0.0137 0.0033 0.0130 0.0896 0.0137 0.0137 
      H415.6  1 0.0137 0.0164 0.0492 0.0066 0.0133 0.0225 0.0544 0.0055 0.0073 0.6972 0.0090 0.0076 0.0098 0.0072 0.0075 0.0142 0.0046 0.0209 0.0178 0.0112 0.0041 
      H415.7  1 0.0111 0.0183 0.0135 0.0621 0.0315 0.0064 0.0132 0.0769 0.0265 0.3552 0.0125 0.0049 0.0319 0.0116 0.0095 0.0180 0.0046 0.0585 0.0752 0.0785 0.0801 
      H506.1  1 0.0038 0.0041 0.0032 0.0076 0.0035 0.0047 0.0029 0.0046 0.0050 0.0072 0.0047 0.0061 0.0052 0.0047 0.0052 0.0070 0.0028 0.0031 0.0092 0.0032 0.9023 
      H506.2  1 0.0039 0.0044 0.0042 0.0067 0.0036 0.0034 0.0030 0.0046 0.0051 0.0048 0.0039 0.0031 0.0104 0.0067 0.0053 0.0067 0.0039 0.0038 0.0129 0.0044 0.8952 
      H506.3  1 0.0040 0.0127 0.0041 0.0081 0.0043 0.0068 0.0033 0.0135 0.0093 0.0071 0.0058 0.0090 0.0053 0.0040 0.0074 0.0078 0.0037 0.0042 0.0061 0.0042 0.8693 
      H506.4  1 0.0061 0.0111 0.0034 0.0176 0.0051 0.0055 0.0048 0.0079 0.0082 0.0121 0.0062 0.0046 0.0062 0.0085 0.0097 0.0102 0.0059 0.0059 0.0079 0.0045 0.8487 
      H506.5  1 0.0047 0.0076 0.0029 0.0138 0.0036 0.0039 0.0037 0.0075 0.0069 0.0107 0.0049 0.0038 0.0123 0.0104 0.0089 0.0065 0.0072 0.0077 0.0125 0.0065 0.8541 
      H506.6  1 0.0065 0.0195 0.0057 0.0146 0.0069 0.0089 0.0044 0.0741 0.0200 0.0078 0.0163 0.0084 0.0143 0.0719 0.0118 0.0067 0.0137 0.0095 0.0065 0.0103 0.6620 
      H506.7  1 0.0039 0.0040 0.0041 0.0073 0.0036 0.0043 0.0030 0.0060 0.0038 0.0054 0.0032 0.0039 0.0085 0.0063 0.0061 0.0054 0.0041 0.0038 0.0112 0.0055 0.8966 
      H533.1  1 0.0029 0.0089 0.0043 0.0036 0.0085 0.0048 0.0029 0.0033 0.0064 0.0050 0.0059 0.0065 0.0049 0.0170 0.0053 0.0061 0.0030 0.0048 0.0130 0.0039 0.8789 
      H533.2  1 0.0039 0.0103 0.0045 0.0036 0.0049 0.0039 0.0032 0.0051 0.0063 0.0072 0.0048 0.0065 0.0053 0.0088 0.0065 0.0054 0.0029 0.0052 0.0174 0.0044 0.8799 
      H533.3  1 0.0040 0.0053 0.0039 0.0062 0.0084 0.0059 0.0053 0.0054 0.0115 0.0066 0.0207 0.0044 0.0046 0.0264 0.0040 0.0053 0.0066 0.0065 0.0139 0.0056 0.8395 
      H533.4  1 0.0073 0.0119 0.0057 0.0070 0.0232 0.0057 0.0074 0.0048 0.0237 0.0086 0.0113 0.0068 0.0267 0.0198 0.0076 0.0042 0.0059 0.0186 0.0306 0.0089 0.7543 
      H535.1  1 0.0096 0.0055 0.0104 0.0469 0.0082 0.0077 0.0131 0.0096 0.0156 0.0114 0.0123 0.0038 0.6633 0.0105 0.0052 0.0621 0.0064 0.0230 0.0193 0.0094 0.0469 
      H535.2  1 0.0065 0.0041 0.0109 0.0164 0.0050 0.0115 0.0053 0.0063 0.0099 0.0049 0.0083 0.0090 0.7621 0.0068 0.0090 0.0150 0.0070 0.0067 0.0113 0.0068 0.0772 
      H535.3  1 0.0047 0.0049 0.0076 0.0148 0.0051 0.0086 0.0069 0.0070 0.0067 0.0058 0.0059 0.0099 0.7943 0.0164 0.0152 0.0120 0.0060 0.0050 0.0085 0.0058 0.0489 
      H535.4  1 0.0036 0.0032 0.0087 0.0062 0.0044 0.0043 0.0057 0.0040 0.0045 0.0085 0.0050 0.0093 0.8669 0.0036 0.0083 0.0090 0.0038 0.0040 0.0195 0.0045 0.0131 
      H535.5  1 0.0040 0.0033 0.0040 0.0074 0.0065 0.0041 0.0053 0.0051 0.0075 0.0083 0.0066 0.0042 0.8759 0.0037 0.0056 0.0126 0.0051 0.0043 0.0136 0.0037 0.0094 
      H535.6  1 0.0171 0.0051 0.0123 0.0184 0.0051 0.0044 0.0129 0.0104 0.0100 0.0078 0.0115 0.0050 0.7371 0.0107 0.0041 0.0737 0.0060 0.0207 0.0050 0.0078 0.0146 
      H535.7  1 0.0039 0.0044 0.0030 0.0071 0.0062 0.0046 0.0047 0.0046 0.0050 0.0064 0.0053 0.0048 0.8862 0.0051 0.0075 0.0099 0.0044 0.0038 0.0109 0.0036 0.0087 
      H535.8  1 0.0106 0.0039 0.0044 0.0082 0.0034 0.0056 0.0048 0.0040 0.0044 0.0061 0.0054 0.0053 0.8773 0.0062 0.0092 0.0160 0.0037 0.0047 0.0048 0.0045 0.0074 
      H535.9  1 0.0045 0.0060 0.0080 0.0120 0.0051 0.0051 0.0095 0.0073 0.0094 0.0075 0.0074 0.0053 0.8035 0.0119 0.0108 0.0135 0.0060 0.0094 0.0148 0.0086 0.0342 
      H539.1  1 0.0030 0.0054 0.0029 0.0034 0.0029 0.0042 0.9169 0.0049 0.0045 0.0044 0.0037 0.0028 0.0033 0.0063 0.0036 0.0039 0.0071 0.0065 0.0028 0.0049 0.0025 
      H539.2  1 0.0105 0.0099 0.0063 0.0065 0.0308 0.0155 0.6481 0.0214 0.1181 0.0074 0.0192 0.0222 0.0092 0.0070 0.0082 0.0052 0.0136 0.0073 0.0061 0.0102 0.0173 
      H539.3  1 0.0183 0.0080 0.0045 0.0062 0.0063 0.0086 0.8273 0.0098 0.0087 0.0042 0.0057 0.0077 0.0134 0.0041 0.0062 0.0102 0.0235 0.0099 0.0040 0.0067 0.0068 
      H539.4  1 0.0043 0.0184 0.0041 0.0070 0.0122 0.0064 0.8512 0.0121 0.0135 0.0052 0.0098 0.0051 0.0040 0.0112 0.0068 0.0045 0.0044 0.0062 0.0039 0.0052 0.0043 
      H539.5  1 0.0032 0.0045 0.0037 0.0054 0.0041 0.0057 0.9208 0.0028 0.0038 0.0034 0.0028 0.0028 0.0031 0.0038 0.0027 0.0038 0.0077 0.0051 0.0034 0.0045 0.0031 
      H539.6  1 0.0053 0.0040 0.0046 0.0063 0.0067 0.0075 0.9003 0.0035 0.0032 0.0040 0.0042 0.0055 0.0045 0.0052 0.0034 0.0047 0.0058 0.0083 0.0036 0.0052 0.0042 
      H539.7  1 0.0049 0.0036 0.0040 0.0038 0.0051 0.0035 0.9174 0.0056 0.0040 0.0036 0.0044 0.0036 0.0038 0.0039 0.0033 0.0038 0.0038 0.0059 0.0043 0.0045 0.0031 
      H539.8  1 0.0244 0.0129 0.0050 0.0070 0.0064 0.0062 0.8100 0.0104 0.0060 0.0046 0.0090 0.0140 0.0132 0.0040 0.0130 0.0164 0.0087 0.0072 0.0052 0.0070 0.0096 
      H539.9  1 0.0038 0.0116 0.0029 0.0051 0.0053 0.0064 0.8863 0.0095 0.0077 0.0050 0.0064 0.0046 0.0043 0.0092 0.0046 0.0037 0.0057 0.0042 0.0036 0.0060 0.0042 
      H540.1  1 0.0043 0.0081 0.0050 0.0299 0.0081 0.0078 0.7914 0.0107 0.0200 0.0041 0.0157 0.0064 0.0110 0.0141 0.0040 0.0055 0.0083 0.0180 0.0087 0.0103 0.0088 
      H540.2  1 0.0040 0.0036 0.0060 0.0071 0.0050 0.0042 0.8847 0.0063 0.0062 0.0053 0.0068 0.0026 0.0032 0.0074 0.0032 0.0072 0.0067 0.0061 0.0050 0.0131 0.0059 
      H540.3  1 0.0248 0.2286 0.0181 0.0214 0.0084 0.0045 0.4031 0.0295 0.0169 0.0164 0.0291 0.0122 0.0076 0.0284 0.0065 0.0701 0.0053 0.0218 0.0124 0.0279 0.0072 
      H540.4  1 0.0054 0.0038 0.0088 0.0112 0.0069 0.0045 0.8625 0.0087 0.0087 0.0049 0.0102 0.0050 0.0062 0.0067 0.0039 0.0066 0.0045 0.0063 0.0046 0.0099 0.0107 
      H540.5  1 0.0061 0.0195 0.0071 0.0116 0.0070 0.0069 0.8063 0.0145 0.0106 0.0056 0.0086 0.0075 0.0038 0.0182 0.0045 0.0142 0.0071 0.0076 0.0078 0.0209 0.0046 
      H540.6  1 0.0075 0.0109 0.0127 0.0226 0.0087 0.0132 0.7413 0.0180 0.0168 0.0071 0.0189 0.0230 0.0082 0.0119 0.0042 0.0100 0.0133 0.0093 0.0076 0.0205 0.0142 
      H540.7  1 0.0048 0.0042 0.0063 0.0072 0.0065 0.0072 0.8509 0.0059 0.0109 0.0078 0.0124 0.0041 0.0050 0.0079 0.0061 0.0053 0.0059 0.0053 0.0110 0.0172 0.0081 
      H540.8  1 0.0060 0.0051 0.0060 0.0083 0.0103 0.0042 0.8406 0.0070 0.0211 0.0049 0.0111 0.0029 0.0062 0.0077 0.0036 0.0094 0.0058 0.0124 0.0121 0.0096 0.0057 
     H9558.1  1 0.0064 0.0073 0.0032 0.0048 0.0104 0.0050 0.8558 0.0079 0.0094 0.0051 0.0033 0.0048 0.0062 0.0190 0.0068 0.0081 0.0089 0.0127 0.0035 0.0048 0.0066 
     H9558.2  1 0.0127 0.0104 0.0037 0.0080 0.0077 0.0128 0.7781 0.0080 0.0138 0.0116 0.0053 0.0077 0.0074 0.0458 0.0153 0.0092 0.0108 0.0076 0.0040 0.0107 0.0093 
     H9558.3  1 0.0077 0.0096 0.0042 0.0086 0.0054 0.0092 0.8442 0.0043 0.0063 0.0104 0.0081 0.0058 0.0074 0.0081 0.0133 0.0091 0.0115 0.0062 0.0037 0.0110 0.0059 
     H9558.4  1 0.0041 0.0082 0.0034 0.0058 0.0108 0.0042 0.8535 0.0072 0.0216 0.0062 0.0040 0.0049 0.0053 0.0222 0.0068 0.0052 0.0059 0.0047 0.0034 0.0065 0.0059 
     H9558.5  1 0.0047 0.0118 0.0031 0.0052 0.0080 0.0035 0.8576 0.0158 0.0164 0.0058 0.0120 0.0055 0.0039 0.0077 0.0118 0.0054 0.0029 0.0037 0.0048 0.0059 0.0043 
     H9558.6  1 0.0070 0.0100 0.0057 0.0090 0.0051 0.0487 0.7538 0.0112 0.0061 0.0073 0.0451 0.0040 0.0063 0.0140 0.0084 0.0102 0.0080 0.0143 0.0047 0.0145 0.0065 
    kos339.1  1 0.0057 0.0042 0.0043 0.0106 0.0061 0.0104 0.0039 0.0062 0.0114 0.0083 0.0079 0.0046 0.0042 0.0073 0.0042 0.0041 0.0050 0.0066 0.8511 0.0123 0.0214 
    kos339.2  1 0.0049 0.0060 0.0054 0.0053 0.0053 0.0121 0.0042 0.0049 0.0040 0.0099 0.0068 0.0065 0.0086 0.0050 0.0067 0.0067 0.0040 0.0038 0.8762 0.0068 0.0069 
    kos339.3  1 0.0040 0.0032 0.0033 0.0054 0.0063 0.0046 0.0047 0.0033 0.0042 0.0053 0.0058 0.0028 0.0050 0.0035 0.0032 0.0035 0.0031 0.0035 0.9166 0.0033 0.0054 
    kos339.4  1 0.0052 0.0043 0.0042 0.0046 0.0076 0.0043 0.0045 0.0037 0.0045 0.0077 0.0044 0.0048 0.0058 0.0026 0.0049 0.0040 0.0028 0.0038 0.9083 0.0038 0.0043 
    kos339.5  1 0.0042 0.0030 0.0046 0.0128 0.0051 0.0062 0.0052 0.0056 0.0095 0.0055 0.0050 0.0040 0.0037 0.0042 0.0046 0.0049 0.0032 0.0055 0.8865 0.0073 0.0093 
    kos339.6  1 0.0037 0.0049 0.0053 0.0052 0.0040 0.0049 0.0036 0.0039 0.0041 0.0059 0.0078 0.0044 0.0045 0.0035 0.0039 0.0055 0.0042 0.0035 0.9060 0.0067 0.0045 
    kos339.7  1 0.0042 0.0041 0.0033 0.0042 0.0062 0.0060 0.0043 0.0030 0.0039 0.0063 0.0051 0.0031 0.0063 0.0032 0.0033 0.0037 0.0030 0.0043 0.9132 0.0032 0.0062 
    kos339.8  1 0.0043 0.0065 0.0038 0.0076 0.0067 0.0049 0.0034 0.0047 0.0044 0.0148 0.0066 0.0066 0.0049 0.0044 0.0062 0.0047 0.0028 0.0036 0.8877 0.0044 0.0070 
    kos339.9  1 0.0053 0.0044 0.0061 0.0076 0.0115 0.0071 0.0143 0.0038 0.0084 0.0061 0.0048 0.0039 0.0059 0.0058 0.0060 0.0061 0.0049 0.0067 0.8608 0.0124 0.0081 
      H008.1  2 0.0091 0.0057 0.0092 0.0070 0.0152 0.7289 0.0692 0.0086 0.0162 0.0087 0.0104 0.0116 0.0069 0.0073 0.0214 0.0088 0.0061 0.0081 0.0077 0.0211 0.0127 
      H008.2  2 0.0198 0.0320 0.0046 0.0161 0.0113 0.0570 0.1923 0.0134 0.0925 0.0088 0.0292 0.0425 0.0122 0.0446 0.3089 0.0098 0.0280 0.0075 0.0128 0.0388 0.0179 
      H008.3  2 0.0473 0.0271 0.0132 0.0126 0.0272 0.0426 0.0689 0.0105 0.0615 0.0107 0.0210 0.0652 0.0210 0.0154 0.0813 0.0323 0.0516 0.0417 0.0079 0.0223 0.3187 
      H008.4  2 0.0333 0.0373 0.0074 0.0145 0.0081 0.5298 0.0624 0.0068 0.0104 0.0275 0.0110 0.0115 0.0173 0.0106 0.0180 0.0153 0.0111 0.0071 0.0109 0.1389 0.0111 
      H008.5  2 0.0525 0.0129 0.0091 0.0113 0.0176 0.6660 0.0255 0.0078 0.0127 0.0080 0.0124 0.0126 0.0099 0.0045 0.0307 0.0257 0.0176 0.0095 0.0093 0.0118 0.0325 
      H008.6  2 0.0353 0.0557 0.0049 0.0215 0.0094 0.1544 0.1008 0.0107 0.0585 0.0168 0.0286 0.0082 0.0111 0.0274 0.2456 0.0178 0.0219 0.0098 0.0106 0.1285 0.0223 
      H008.7  2 0.0553 0.0670 0.0136 0.0134 0.0124 0.2834 0.0589 0.0138 0.0461 0.0176 0.0071 0.0587 0.0175 0.0230 0.1199 0.0165 0.0154 0.0161 0.0146 0.1128 0.0169 
      H008.8  2 0.0101 0.0086 0.0064 0.0137 0.0247 0.0932 0.3074 0.0100 0.0120 0.0089 0.0074 0.0197 0.0254 0.3438 0.0174 0.0092 0.0151 0.0120 0.0075 0.0341 0.0133 
      H008.9  2 0.0187 0.1392 0.0093 0.0160 0.0112 0.0202 0.0847 0.0167 0.0430 0.0101 0.0154 0.0151 0.0259 0.0849 0.2763 0.0263 0.0320 0.0433 0.0067 0.0819 0.0233 
 H029.1_2002  2 0.0897 0.0172 0.0048 0.0218 0.0056 0.6356 0.0259 0.0203 0.0113 0.0465 0.0078 0.0096 0.0041 0.0353 0.0056 0.0100 0.0050 0.0080 0.0059 0.0251 0.0048 
 H029.1_2003  2 0.2297 0.0136 0.0042 0.0134 0.0092 0.1332 0.0142 0.2382 0.0190 0.0215 0.0119 0.0077 0.0244 0.0401 0.0096 0.1426 0.0105 0.0168 0.0058 0.0167 0.0178 
 H029.2_2002  2 0.0169 0.0383 0.0045 0.0185 0.0074 0.5649 0.0060 0.0366 0.0290 0.0054 0.0072 0.0205 0.0752 0.0060 0.0085 0.0644 0.0113 0.0079 0.0381 0.0117 0.0219 
 H029.2_2003  2 0.1028 0.0217 0.0043 0.0208 0.0078 0.1760 0.0095 0.3360 0.0478 0.0066 0.0171 0.0075 0.0533 0.0119 0.0187 0.0394 0.0160 0.0146 0.0253 0.0185 0.0444 
 H029.3_2002  2 0.0223 0.1121 0.0047 0.0199 0.0129 0.2206 0.0062 0.1468 0.0113 0.0102 0.0203 0.0305 0.1314 0.0175 0.0070 0.0415 0.0112 0.0064 0.0280 0.0158 0.1236 
 H029.3_2003  2 0.1203 0.0095 0.0055 0.0100 0.0075 0.5692 0.0061 0.0803 0.0189 0.0053 0.0176 0.0078 0.0148 0.0057 0.0249 0.0258 0.0057 0.0046 0.0103 0.0079 0.0421 
 H029.4_2002  2 0.0351 0.0177 0.0042 0.0037 0.0102 0.8051 0.0042 0.0284 0.0067 0.0088 0.0066 0.0108 0.0102 0.0064 0.0072 0.0091 0.0041 0.0036 0.0058 0.0040 0.0080 
 H029.4_2003  2 0.4929 0.0168 0.0035 0.0074 0.0248 0.1141 0.0204 0.1672 0.0168 0.0069 0.0141 0.0065 0.0083 0.0256 0.0131 0.0133 0.0097 0.0145 0.0056 0.0047 0.0137 
 H029.5_2002  2 0.0761 0.0064 0.0066 0.0105 0.0042 0.7682 0.0068 0.0105 0.0067 0.0108 0.0072 0.0131 0.0040 0.0072 0.0094 0.0212 0.0036 0.0073 0.0053 0.0087 0.0062 
 H029.5_2003  2 0.1731 0.0082 0.0038 0.0056 0.0177 0.3893 0.0069 0.2363 0.0257 0.0120 0.0080 0.0041 0.0063 0.0171 0.0272 0.0178 0.0045 0.0088 0.0064 0.0116 0.0095 
 H029.6_2002  2 0.1157 0.0375 0.0059 0.0052 0.0115 0.5297 0.0053 0.1600 0.0074 0.0077 0.0072 0.0183 0.0132 0.0117 0.0049 0.0179 0.0066 0.0039 0.0053 0.0079 0.0172 
 H029.6_2003  2 0.0601 0.0066 0.0086 0.0310 0.0129 0.3892 0.0143 0.0969 0.0264 0.0059 0.0185 0.0101 0.0159 0.0111 0.0274 0.0585 0.0069 0.0158 0.0443 0.0164 0.1232 
      H029.7  2 0.0259 0.0280 0.0035 0.0112 0.0079 0.7007 0.0066 0.0376 0.0093 0.0053 0.0048 0.0183 0.0297 0.0060 0.0075 0.0216 0.0133 0.0079 0.0329 0.0117 0.0103 
      H030.1  2 0.0296 0.0062 0.0429 0.1061 0.0116 0.0214 0.0055 0.1101 0.0315 0.0060 0.4328 0.0132 0.0097 0.0129 0.0715 0.0078 0.0110 0.0131 0.0124 0.0183 0.0263 
      H030.2  2 0.0286 0.0563 0.0340 0.0111 0.0157 0.0847 0.0188 0.0132 0.0058 0.1746 0.2962 0.1659 0.0145 0.0069 0.0281 0.0037 0.0046 0.0099 0.0070 0.0121 0.0083 
      H038.1  2 0.0060 0.0257 0.0030 0.0049 0.0055 0.8550 0.0074 0.0110 0.0051 0.0059 0.0065 0.0049 0.0054 0.0131 0.0040 0.0075 0.0068 0.0053 0.0047 0.0079 0.0044 
      H038.2  2 0.0060 0.0062 0.0170 0.0137 0.0079 0.8473 0.0043 0.0068 0.0046 0.0104 0.0089 0.0060 0.0069 0.0033 0.0080 0.0070 0.0033 0.0100 0.0111 0.0056 0.0059 
      H038.3  2 0.0051 0.0346 0.0138 0.0458 0.0117 0.7292 0.0080 0.0094 0.0043 0.0248 0.0171 0.0064 0.0112 0.0081 0.0131 0.0059 0.0048 0.0154 0.0118 0.0132 0.0063 
      H038.4  2 0.0045 0.0269 0.0205 0.0198 0.0071 0.7942 0.0072 0.0055 0.0046 0.0129 0.0065 0.0094 0.0109 0.0087 0.0104 0.0076 0.0044 0.0100 0.0064 0.0130 0.0097 
      H038.5  2 0.0092 0.0195 0.0091 0.0093 0.0197 0.8032 0.0095 0.0128 0.0078 0.0056 0.0161 0.0121 0.0077 0.0089 0.0064 0.0067 0.0032 0.0051 0.0154 0.0059 0.0070 
      H038.6  2 0.0086 0.0086 0.0032 0.0072 0.0099 0.8629 0.0085 0.0139 0.0091 0.0059 0.0102 0.0041 0.0038 0.0052 0.0047 0.0052 0.0040 0.0065 0.0075 0.0046 0.0064 
      H038.7  2 0.0045 0.0109 0.0055 0.0437 0.0078 0.8104 0.0122 0.0079 0.0059 0.0191 0.0091 0.0036 0.0056 0.0058 0.0101 0.0053 0.0047 0.0077 0.0059 0.0060 0.0083 
      H038.8  2 0.0046 0.0737 0.0180 0.0182 0.0128 0.7520 0.0064 0.0064 0.0061 0.0148 0.0092 0.0113 0.0104 0.0057 0.0065 0.0073 0.0043 0.0085 0.0080 0.0093 0.0065 
      H041.1  2 0.4309 0.0210 0.0258 0.0338 0.0086 0.1000 0.0105 0.0397 0.0100 0.0088 0.0054 0.0972 0.0130 0.0044 0.0683 0.0064 0.0145 0.0119 0.0456 0.0337 0.0105 
      H041.2  2 0.7542 0.0096 0.0060 0.0108 0.0042 0.0474 0.0055 0.0080 0.0070 0.0207 0.0079 0.0043 0.0110 0.0100 0.0362 0.0151 0.0047 0.0086 0.0086 0.0122 0.0081 
      H041.4  2 0.4779 0.0198 0.0107 0.0136 0.0078 0.1879 0.0167 0.0300 0.0093 0.0102 0.0100 0.0124 0.0186 0.0122 0.0340 0.0268 0.0172 0.0473 0.0105 0.0194 0.0076 
      H041.6  2 0.5086 0.0122 0.0099 0.0129 0.0099 0.1296 0.0389 0.0125 0.0063 0.0271 0.0086 0.0141 0.0204 0.0230 0.0218 0.0128 0.0243 0.0701 0.0108 0.0171 0.0092 
 H042.1_2002  2 0.7062 0.0116 0.0300 0.0079 0.0337 0.0083 0.0493 0.0116 0.0110 0.0188 0.0054 0.0107 0.0106 0.0077 0.0049 0.0075 0.0119 0.0219 0.0078 0.0178 0.0055 
 H042.1_2003  2 0.0448 0.0952 0.0214 0.0561 0.0181 0.0576 0.0815 0.0100 0.0309 0.0385 0.0321 0.0167 0.0194 0.0283 0.2325 0.0230 0.0121 0.1263 0.0092 0.0244 0.0222 
 H042.2_2002  2 0.2067 0.0359 0.0074 0.0054 0.0243 0.1920 0.0107 0.2246 0.0435 0.1246 0.0062 0.0099 0.0114 0.0045 0.0064 0.0455 0.0078 0.0073 0.0069 0.0130 0.0061 
 H042.2_2003  2 0.6659 0.0056 0.0093 0.0132 0.0087 0.0715 0.0503 0.0054 0.0063 0.0169 0.0100 0.0036 0.0066 0.0087 0.0111 0.0268 0.0090 0.0175 0.0086 0.0377 0.0074 
 H042.3_2002  2 0.3884 0.0125 0.0128 0.0089 0.1718 0.0100 0.0200 0.0533 0.0222 0.1506 0.0140 0.0068 0.0156 0.0070 0.0162 0.0191 0.0116 0.0112 0.0144 0.0276 0.0059 
 H042.3_2003  2 0.1589 0.0283 0.0213 0.0129 0.2460 0.0400 0.0277 0.0985 0.0273 0.1197 0.0112 0.0395 0.0144 0.0063 0.0355 0.0135 0.0095 0.0320 0.0135 0.0358 0.0082 
 H042.4_2002  2 0.6611 0.0167 0.0180 0.0086 0.0066 0.0274 0.0115 0.0395 0.0068 0.0066 0.0079 0.0143 0.0063 0.0051 0.0056 0.0154 0.0064 0.0858 0.0214 0.0233 0.0058 
 H042.4_2003  2 0.4402 0.0076 0.0172 0.0594 0.0119 0.0849 0.0161 0.1421 0.0081 0.0096 0.0072 0.0275 0.0097 0.0071 0.0109 0.0109 0.0192 0.0529 0.0152 0.0367 0.0055 
      H042.5  2 0.8511 0.0029 0.0069 0.0086 0.0113 0.0057 0.0078 0.0186 0.0065 0.0060 0.0043 0.0044 0.0110 0.0039 0.0074 0.0052 0.0133 0.0054 0.0062 0.0097 0.0038 
      H042.6  2 0.3845 0.0105 0.0090 0.0182 0.0345 0.0206 0.0256 0.3521 0.0145 0.0137 0.0054 0.0121 0.0073 0.0081 0.0050 0.0057 0.0368 0.0112 0.0059 0.0125 0.0067 
      H042.7  2 0.4913 0.0059 0.0725 0.0355 0.0530 0.0288 0.0108 0.0329 0.0097 0.1127 0.0066 0.0066 0.0315 0.0140 0.0140 0.0209 0.0095 0.0100 0.0113 0.0158 0.0069 
      H042.8  2 0.7081 0.0162 0.0089 0.0066 0.0179 0.0096 0.0152 0.0195 0.0134 0.0442 0.0045 0.0040 0.0136 0.0069 0.0201 0.0242 0.0208 0.0092 0.0048 0.0281 0.0040 
   H042_2002  2 0.0325 0.0256 0.0086 0.0350 0.0246 0.0741 0.1173 0.0435 0.0177 0.2609 0.0095 0.0046 0.0100 0.0139 0.0208 0.0208 0.0731 0.0834 0.0068 0.1086 0.0087 
   H042_2003  2 0.0484 0.0349 0.0092 0.0357 0.0442 0.0578 0.1295 0.0469 0.0147 0.2083 0.0105 0.0050 0.0102 0.0157 0.0267 0.0268 0.0737 0.0771 0.0072 0.1101 0.0073 
      H043.1  2 0.0051 0.0731 0.0097 0.0184 0.1076 0.0207 0.3448 0.2441 0.0135 0.0063 0.0112 0.0144 0.0081 0.0115 0.0242 0.0039 0.0137 0.0093 0.0453 0.0077 0.0073 
      H043.2  2 0.0053 0.1081 0.0041 0.0057 0.1156 0.0316 0.3414 0.0338 0.0111 0.0054 0.0053 0.0051 0.1207 0.0893 0.0118 0.0093 0.0580 0.0108 0.0058 0.0145 0.0073 
      H043.3  2 0.0079 0.0380 0.0059 0.2010 0.0960 0.2873 0.0834 0.0452 0.0178 0.0267 0.0091 0.0042 0.0095 0.0395 0.0193 0.0051 0.0162 0.0184 0.0312 0.0293 0.0090 
      H043.4  2 0.0079 0.0928 0.0075 0.0365 0.0708 0.0561 0.2866 0.1645 0.0165 0.0121 0.0063 0.0054 0.0112 0.0127 0.0185 0.0052 0.0643 0.0281 0.0684 0.0222 0.0063 
      H043.5  2 0.0067 0.2122 0.0044 0.0153 0.1559 0.1216 0.2051 0.0401 0.0088 0.0104 0.0099 0.0059 0.0164 0.0938 0.0223 0.0078 0.0059 0.0122 0.0132 0.0198 0.0124 
      H043.6  2 0.0085 0.1515 0.0049 0.0132 0.0972 0.2407 0.2173 0.0462 0.0083 0.0124 0.0147 0.0039 0.0111 0.0436 0.0047 0.0073 0.0084 0.0137 0.0432 0.0411 0.0080 
