      H105.1  1 0.0061 0.0084 0.0100 0.0147 0.0120 0.0061 0.0131 0.0173 0.8795 0.0118 0.0064 0.0146 
      H105.2  1 0.0120 0.0181 0.0194 0.0157 0.0270 0.0310 0.0423 0.0129 0.7890 0.0159 0.0077 0.0090 
      H105.3  1 0.0069 0.0148 0.0111 0.0421 0.0165 0.0144 0.0257 0.0102 0.8163 0.0136 0.0078 0.0207 
      H105.4  1 0.0162 0.0272 0.0458 0.0206 0.2485 0.0751 0.0639 0.0127 0.4227 0.0476 0.0085 0.0114 
      H105.5  1 0.0501 0.0212 0.0232 0.1121 0.0697 0.0195 0.0213 0.0654 0.5561 0.0449 0.0087 0.0078 
      H105.6  1 0.0194 0.0077 0.0109 0.0226 0.0764 0.0313 0.1079 0.0068 0.6399 0.0412 0.0073 0.0285 
      H105.7  1 0.0093 0.0110 0.0572 0.0170 0.0330 0.0076 0.0142 0.0207 0.7430 0.0109 0.0072 0.0690 
      H105.8  1 0.0075 0.0076 0.0078 0.0117 0.0186 0.0117 0.0181 0.0074 0.8719 0.0103 0.0076 0.0199 
      H115.1  1 0.8132 0.0098 0.0157 0.0274 0.0101 0.0203 0.0254 0.0098 0.0153 0.0128 0.0143 0.0258 
      H115.2  1 0.9021 0.0061 0.0060 0.0095 0.0064 0.0090 0.0102 0.0116 0.0106 0.0092 0.0115 0.0079 
      H115.3  1 0.8939 0.0090 0.0069 0.0075 0.0156 0.0095 0.0084 0.0174 0.0091 0.0091 0.0069 0.0066 
      H115.4  1 0.6778 0.0452 0.0160 0.0491 0.0114 0.0348 0.0129 0.0774 0.0300 0.0251 0.0106 0.0097 
      H115.5  1 0.6897 0.1032 0.0112 0.0106 0.0235 0.0085 0.0177 0.0274 0.0222 0.0243 0.0382 0.0234 
      H115.6  1 0.8322 0.0169 0.0232 0.0115 0.0144 0.0109 0.0147 0.0246 0.0094 0.0183 0.0120 0.0120 
      H115.7  1 0.7724 0.0342 0.0294 0.0144 0.0104 0.0326 0.0489 0.0206 0.0098 0.0160 0.0059 0.0055 
      H115.8  1 0.8294 0.0186 0.0104 0.0080 0.0120 0.0081 0.0129 0.0144 0.0152 0.0099 0.0342 0.0269 
      H115.9  1 0.8831 0.0071 0.0071 0.0128 0.0121 0.0077 0.0086 0.0117 0.0060 0.0080 0.0066 0.0294 
      H145.1  1 0.0189 0.0053 0.0055 0.0142 0.0286 0.0121 0.0209 0.0103 0.0058 0.8161 0.0494 0.0127 
      H145.2  1 0.0206 0.0047 0.0122 0.0132 0.1873 0.0174 0.0176 0.0152 0.0130 0.6162 0.0707 0.0119 
      H145.3  1 0.0137 0.0294 0.0118 0.0082 0.0253 0.0064 0.0107 0.0105 0.0043 0.7085 0.1141 0.0570 
      H145.4  1 0.0086 0.0072 0.0065 0.0069 0.0155 0.0176 0.0550 0.0115 0.0056 0.8227 0.0345 0.0084 
      H145.5  1 0.0083 0.0108 0.0077 0.0117 0.0095 0.0089 0.0160 0.0109 0.0049 0.5912 0.3041 0.0159 
      H145.6  1 0.0084 0.0271 0.0203 0.0056 0.1809 0.0105 0.0176 0.0114 0.0088 0.6614 0.0399 0.0081 
      H145.7  1 0.0088 0.0271 0.0068 0.0044 0.0184 0.0105 0.0148 0.0144 0.0045 0.8654 0.0147 0.0102 
      H149.1  1 0.0078 0.0064 0.0052 0.0092 0.0050 0.0077 0.0064 0.0054 0.0065 0.9261 0.0071 0.0072 
      H149.2  1 0.0060 0.0049 0.0088 0.0113 0.0058 0.0078 0.0066 0.0106 0.0062 0.9221 0.0049 0.0048 
      H149.3  1 0.0143 0.0110 0.0201 0.0124 0.0093 0.0335 0.0197 0.0189 0.0102 0.8371 0.0055 0.0081 
      H149.4  1 0.0112 0.0137 0.0291 0.0193 0.0183 0.1340 0.0230 0.0194 0.0312 0.6744 0.0177 0.0089 
      H149.5  1 0.0055 0.0097 0.0509 0.0168 0.0105 0.0413 0.0103 0.0760 0.0231 0.7392 0.0073 0.0093 
      H149.6  1 0.0057 0.0066 0.0183 0.0130 0.0077 0.0161 0.0127 0.0121 0.0066 0.8896 0.0063 0.0053 
      H149.7  1 0.0085 0.0150 0.1387 0.0438 0.0144 0.2308 0.0349 0.0508 0.0538 0.3708 0.0179 0.0206 
      H150.1  1 0.9240 0.0062 0.0063 0.0053 0.0079 0.0059 0.0090 0.0060 0.0082 0.0049 0.0071 0.0093 
      H150.2  1 0.8981 0.0075 0.0097 0.0067 0.0050 0.0096 0.0113 0.0133 0.0105 0.0079 0.0153 0.0052 
      H150.3  1 0.8697 0.0121 0.0109 0.0089 0.0074 0.0109 0.0418 0.0071 0.0066 0.0081 0.0095 0.0070 
      H150.4  1 0.9173 0.0064 0.0066 0.0063 0.0105 0.0040 0.0114 0.0072 0.0051 0.0051 0.0107 0.0094 
      H150.5  1 0.8636 0.0104 0.0122 0.0069 0.0105 0.0205 0.0182 0.0223 0.0129 0.0095 0.0047 0.0083 
      H150.6  1 0.6871 0.0377 0.0170 0.0096 0.0059 0.0563 0.0191 0.0531 0.0807 0.0172 0.0116 0.0046 
      H150.7  1 0.9270 0.0049 0.0058 0.0063 0.0081 0.0051 0.0098 0.0053 0.0055 0.0061 0.0072 0.0090 
   H169607.1  1 0.2311 0.0392 0.1109 0.3219 0.0364 0.0620 0.0333 0.0301 0.0189 0.0545 0.0342 0.0273 
   H169607.2  1 0.1051 0.0113 0.0309 0.0312 0.2967 0.3116 0.0255 0.0124 0.0268 0.0502 0.0056 0.0927 
   H169607.3  1 0.0673 0.0463 0.2964 0.0847 0.1467 0.0268 0.0225 0.1494 0.0214 0.0679 0.0193 0.0513 
   H169607.4  1 0.0195 0.0091 0.0345 0.0497 0.6159 0.1083 0.0138 0.0123 0.0441 0.0720 0.0089 0.0120 
   H169607.5  1 0.1569 0.0102 0.0178 0.0183 0.2029 0.2551 0.0110 0.0732 0.0072 0.1686 0.0104 0.0685 
   H169607.6  1 0.0537 0.0158 0.0491 0.0365 0.4601 0.1846 0.0102 0.0155 0.0643 0.0520 0.0062 0.0519 
   H169607.7  1 0.2083 0.0307 0.0175 0.0218 0.0562 0.3247 0.0168 0.0179 0.1563 0.0253 0.0074 0.1171 
   H169607.8  1 0.0123 0.0138 0.0289 0.0360 0.7769 0.0342 0.0071 0.0090 0.0326 0.0252 0.0046 0.0195 
   H169633.1  1 0.0131 0.0216 0.0074 0.0097 0.0066 0.0053 0.0153 0.0087 0.0185 0.8721 0.0145 0.0073 
   H169633.2  1 0.0083 0.0353 0.0390 0.0495 0.0050 0.0122 0.0384 0.0074 0.0253 0.7410 0.0111 0.0274 
   H169633.3  1 0.0091 0.0103 0.0079 0.0116 0.0047 0.0100 0.0197 0.0171 0.0146 0.8652 0.0070 0.0227 
   H169633.4  1 0.0113 0.0140 0.0055 0.0059 0.0076 0.0085 0.0121 0.0149 0.0121 0.8822 0.0195 0.0063 
   H169633.5  1 0.0082 0.0147 0.0056 0.0088 0.0099 0.0080 0.0125 0.0156 0.0133 0.8813 0.0148 0.0072 
   H169688.1  1 0.0270 0.1868 0.5015 0.0234 0.0154 0.0271 0.0099 0.0100 0.0063 0.1717 0.0070 0.0138 
   H169688.2  1 0.0559 0.0794 0.6382 0.0132 0.0135 0.0519 0.0054 0.0121 0.0656 0.0198 0.0301 0.0151 
   H169688.3  1 0.1626 0.0384 0.5017 0.0088 0.0092 0.0461 0.0121 0.0199 0.0219 0.1642 0.0099 0.0053 
   H169688.4  1 0.8576 0.0264 0.0276 0.0069 0.0095 0.0090 0.0062 0.0118 0.0096 0.0145 0.0143 0.0065 
   H169688.5  1 0.8597 0.0231 0.0362 0.0068 0.0092 0.0103 0.0054 0.0121 0.0078 0.0124 0.0109 0.0062 
   H169688.6  1 0.0974 0.0723 0.3506 0.0125 0.0262 0.0932 0.0051 0.0143 0.0872 0.1379 0.0912 0.0120 
   H169688.7  1 0.2699 0.0510 0.2603 0.0135 0.0124 0.0390 0.0098 0.0206 0.0337 0.2632 0.0159 0.0106 
   H171901.1  1 0.0974 0.0397 0.3792 0.0157 0.0513 0.0380 0.1760 0.0253 0.0437 0.0267 0.0951 0.0118 
   H171901.2  1 0.0384 0.0108 0.0105 0.0086 0.0120 0.0166 0.0090 0.0100 0.0207 0.8385 0.0099 0.0149 
   H171901.3  1 0.0587 0.0353 0.0640 0.0217 0.0143 0.0871 0.0145 0.0200 0.0245 0.6338 0.0128 0.0135 
   H171901.4  1 0.0587 0.0196 0.0197 0.0407 0.0101 0.0915 0.0116 0.0123 0.0728 0.6348 0.0081 0.0201 
   H171901.5  1 0.0263 0.0073 0.0386 0.0665 0.0109 0.3804 0.0098 0.0124 0.0386 0.3927 0.0082 0.0083 
   H171901.6  1 0.0525 0.0070 0.0491 0.0806 0.0193 0.2137 0.0133 0.0156 0.0589 0.4703 0.0075 0.0121 
   H171901.7  1 0.0300 0.0086 0.0223 0.0103 0.0101 0.2923 0.0102 0.0152 0.0143 0.5552 0.0071 0.0244 
   H171902.1  1 0.1154 0.0411 0.0177 0.1278 0.0277 0.3590 0.0116 0.0088 0.0160 0.0586 0.1980 0.0183 
  H171902.10  1 0.0159 0.0266 0.0089 0.0186 0.0166 0.7914 0.0078 0.0106 0.0136 0.0609 0.0214 0.0076 
   H171902.2  1 0.0582 0.3709 0.0747 0.0746 0.0149 0.1400 0.0157 0.0154 0.0786 0.0343 0.0556 0.0670 
   H171902.3  1 0.0680 0.0264 0.0216 0.0543 0.0217 0.5982 0.0173 0.0094 0.0842 0.0602 0.0225 0.0161 
   H171902.4  1 0.0298 0.0217 0.0186 0.0091 0.0204 0.2200 0.0173 0.0151 0.0084 0.5271 0.0909 0.0216 
   H171902.6  1 0.0219 0.0137 0.0093 0.0192 0.0184 0.8005 0.0148 0.0080 0.0157 0.0477 0.0242 0.0065 
   H171902.7  1 0.0307 0.0054 0.0170 0.0220 0.0299 0.5408 0.0102 0.0139 0.0289 0.1480 0.1440 0.0091 
   H171902.8  1 0.0224 0.0142 0.0125 0.0245 0.0222 0.7725 0.0119 0.0100 0.0247 0.0280 0.0487 0.0083 
   H171902.9  1 0.3345 0.0198 0.0238 0.0275 0.0400 0.2358 0.0345 0.0119 0.0119 0.1012 0.1378 0.0215 
   H171903.1  1 0.2260 0.0107 0.0496 0.0339 0.4045 0.1166 0.0110 0.0366 0.0181 0.0486 0.0065 0.0378 
   H171903.2  1 0.0753 0.0125 0.0396 0.0374 0.4988 0.0337 0.0088 0.1065 0.0421 0.0249 0.0134 0.1071 
   H171903.3  1 0.0447 0.0107 0.0469 0.1036 0.0904 0.0938 0.0149 0.4160 0.0315 0.0867 0.0231 0.0380 
   H171903.4  1 0.0725 0.0171 0.6979 0.0116 0.0440 0.0473 0.0226 0.0239 0.0091 0.0345 0.0114 0.0081 
   H171903.5  1 0.2888 0.0141 0.0560 0.0966 0.0238 0.0502 0.0106 0.2567 0.0839 0.0547 0.0167 0.0479 
   H171903.6  1 0.3179 0.0126 0.0938 0.0231 0.0625 0.1065 0.0074 0.2163 0.0194 0.1073 0.0065 0.0267 
      H177.1  1 0.0210 0.0064 0.2288 0.0252 0.0212 0.3686 0.0080 0.0175 0.0119 0.2666 0.0142 0.0105 
      H177.2  1 0.0312 0.0235 0.0182 0.0589 0.0410 0.1425 0.0092 0.0838 0.0227 0.4918 0.0172 0.0600 
      H177.3  1 0.0316 0.0070 0.0198 0.0363 0.0433 0.2935 0.0104 0.0382 0.0193 0.4638 0.0235 0.0133 
      H177.4  1 0.0078 0.0069 0.2451 0.0246 0.0162 0.2298 0.0083 0.0246 0.0254 0.3893 0.0099 0.0123 
      H177.5  1 0.0235 0.0149 0.7136 0.0101 0.0221 0.0481 0.0068 0.0566 0.0447 0.0238 0.0084 0.0273 
      H177.6  1 0.0243 0.0065 0.0287 0.0251 0.0336 0.2679 0.0099 0.0283 0.0231 0.5143 0.0276 0.0106 
      H179.1  1 0.0214 0.0229 0.0924 0.2552 0.0128 0.1593 0.0145 0.0167 0.3682 0.0083 0.0096 0.0186 
      H179.2  1 0.0543 0.0193 0.0608 0.3663 0.0137 0.2451 0.0159 0.0616 0.1082 0.0083 0.0097 0.0368 
      H179.3  1 0.0574 0.0436 0.3273 0.0333 0.0854 0.1071 0.0134 0.0384 0.1501 0.0078 0.0101 0.1262 
      H179.4  1 0.0080 0.0505 0.0486 0.1543 0.0231 0.3964 0.0135 0.0190 0.0609 0.1754 0.0065 0.0439 
      H180.1  1 0.6419 0.0431 0.0168 0.0470 0.0094 0.0227 0.0120 0.1079 0.0562 0.0073 0.0278 0.0078 
      H180.2  1 0.7529 0.0615 0.0228 0.0160 0.0076 0.0161 0.0117 0.0387 0.0422 0.0073 0.0170 0.0061 
      H180.3  1 0.8700 0.0071 0.0072 0.0224 0.0088 0.0067 0.0098 0.0299 0.0062 0.0058 0.0109 0.0152 
      H180.4  1 0.4017 0.0678 0.0205 0.0150 0.0088 0.0572 0.0360 0.1854 0.1518 0.0096 0.0280 0.0184 
      H180.5  1 0.5650 0.0514 0.0423 0.0177 0.0129 0.0563 0.0093 0.1295 0.0426 0.0121 0.0417 0.0191 
      H180.6  1 0.4565 0.0305 0.0079 0.0134 0.0141 0.0266 0.0224 0.0202 0.0215 0.0214 0.0373 0.3282 
      H181.1  1 0.0171 0.3182 0.0154 0.0568 0.0192 0.0386 0.0057 0.1902 0.0993 0.2088 0.0234 0.0073 
      H181.2  1 0.0147 0.2845 0.0221 0.2404 0.0117 0.1389 0.0135 0.0310 0.0500 0.1638 0.0210 0.0084 
      H181.3  1 0.0068 0.6404 0.0111 0.0407 0.0158 0.1058 0.0075 0.0167 0.0186 0.1080 0.0209 0.0077 
      H181.4  1 0.0633 0.1391 0.0212 0.0726 0.0233 0.0775 0.0199 0.3226 0.0258 0.2118 0.0055 0.0175 
      H181.5  1 0.0142 0.5837 0.0336 0.1632 0.0123 0.0458 0.0195 0.0309 0.0419 0.0277 0.0143 0.0130 
      H181.6  1 0.0324 0.0476 0.0415 0.4942 0.0139 0.0619 0.0152 0.0344 0.1946 0.0387 0.0111 0.0146 
      H181.7  1 0.0278 0.2960 0.0134 0.0604 0.0176 0.1103 0.0065 0.0248 0.2185 0.1703 0.0177 0.0367 
 H194.1_2004  1 0.1099 0.0089 0.0280 0.0083 0.1094 0.0948 0.0406 0.0245 0.0081 0.5216 0.0143 0.0317 
 H194.2_2004  1 0.0260 0.0105 0.3087 0.0097 0.1004 0.1069 0.0406 0.0485 0.0077 0.2747 0.0563 0.0100 
 H194.3_2004  1 0.0083 0.0056 0.0174 0.0132 0.0107 0.0359 0.0199 0.0077 0.0094 0.8546 0.0080 0.0094 
 H194.4_2004  1 0.0108 0.0074 0.1583 0.0077 0.0189 0.0234 0.0092 0.0085 0.0059 0.7202 0.0209 0.0086 
 H194.5_2004  1 0.0133 0.0072 0.0276 0.0173 0.0123 0.0370 0.0228 0.0102 0.0111 0.8123 0.0062 0.0228 
 H194.6_2004  1 0.0113 0.0074 0.1979 0.0293 0.0134 0.0494 0.0123 0.0137 0.0079 0.6302 0.0086 0.0186 
 H194.7_2004  1 0.0170 0.0234 0.0699 0.0089 0.1417 0.0096 0.0709 0.0237 0.0098 0.4491 0.0148 0.1611 
 H194.8_2004  1 0.0155 0.0120 0.2297 0.0127 0.0200 0.0256 0.0171 0.0178 0.0104 0.6121 0.0115 0.0157 
      H194.9  1 0.0446 0.0175 0.0350 0.0075 0.0366 0.0117 0.0712 0.0143 0.0095 0.6418 0.0224 0.0878 
 H195.1_2003  1 0.0078 0.0108 0.0525 0.0128 0.0139 0.0174 0.0167 0.0068 0.0611 0.7884 0.0062 0.0055 
 H195.1_2004  1 0.0074 0.0260 0.0071 0.0059 0.0131 0.0134 0.0113 0.0128 0.0078 0.8681 0.0200 0.0072 
 H195.2_2003  1 0.0493 0.0099 0.0776 0.0223 0.0440 0.0153 0.0075 0.0081 0.0678 0.6599 0.0132 0.0250 
 H195.2_2004  1 0.0108 0.0092 0.0094 0.0058 0.0089 0.0060 0.0062 0.0078 0.0107 0.8810 0.0348 0.0093 
 H195.3_2003  1 0.1138 0.0158 0.1384 0.0243 0.1458 0.0632 0.0319 0.0118 0.1420 0.2809 0.0122 0.0201 
 H195.3_2004  1 0.0056 0.0101 0.0056 0.0056 0.0094 0.0072 0.0092 0.0070 0.0063 0.9191 0.0088 0.0061 
 H195.4_2003  1 0.0064 0.0053 0.0087 0.0084 0.0115 0.0073 0.0121 0.0086 0.0142 0.9077 0.0043 0.0054 
 H195.4_2004  1 0.0066 0.0450 0.0268 0.0051 0.0117 0.0063 0.0079 0.0096 0.0055 0.8531 0.0084 0.0140 
 H195.5_2003  1 0.0148 0.0184 0.0217 0.0105 0.0183 0.0387 0.0303 0.0090 0.1215 0.7064 0.0053 0.0052 
 H195.5_2004  1 0.0052 0.0161 0.0070 0.0050 0.0091 0.0067 0.0087 0.0062 0.0066 0.9127 0.0104 0.0063 
 H195.6_2003  1 0.0397 0.0153 0.0200 0.0156 0.0605 0.0132 0.0111 0.0130 0.0313 0.7557 0.0115 0.0131 
 H195.6_2004  1 0.0051 0.0085 0.0079 0.0068 0.0123 0.0060 0.0142 0.0052 0.0089 0.9076 0.0100 0.0074 
 H195.7_2003  1 0.0073 0.0094 0.2544 0.0125 0.0105 0.0140 0.0105 0.0081 0.0220 0.6373 0.0040 0.0099 
 H195.7_2004  1 0.0186 0.0296 0.0091 0.0057 0.0101 0.0097 0.0186 0.0186 0.0124 0.7288 0.1282 0.0106 
      H195.8  1 0.0100 0.0701 0.0127 0.0050 0.0202 0.0085 0.0116 0.0116 0.0085 0.8218 0.0103 0.0097 
      H195.9  1 0.0070 0.0102 0.0128 0.0064 0.0154 0.0102 0.0089 0.0063 0.0066 0.9005 0.0064 0.0092 
      H415.1  1 0.3197 0.0082 0.0412 0.2299 0.0080 0.0298 0.0369 0.0180 0.0332 0.1161 0.1167 0.0423 
      H415.2  1 0.0826 0.0044 0.0231 0.6196 0.0179 0.0925 0.0223 0.0183 0.0166 0.0590 0.0352 0.0086 
      H415.3  1 0.0152 0.0047 0.0104 0.8435 0.0052 0.0299 0.0187 0.0179 0.0154 0.0229 0.0089 0.0074 
      H415.4  1 0.1811 0.0094 0.0170 0.5915 0.0074 0.0090 0.0481 0.0227 0.0144 0.0473 0.0281 0.0240 
      H415.5  1 0.0188 0.0057 0.0168 0.7785 0.0063 0.0310 0.0239 0.0189 0.0121 0.0662 0.0151 0.0068 
      H415.6  1 0.1702 0.0113 0.0196 0.5915 0.0093 0.0097 0.0603 0.0169 0.0139 0.0372 0.0262 0.0340 
      H415.7  1 0.0158 0.0048 0.0202 0.7432 0.0089 0.0407 0.0150 0.0144 0.0127 0.1003 0.0157 0.0083 
      H506.1  1 0.0044 0.0199 0.0072 0.8348 0.0072 0.0369 0.0091 0.0106 0.0319 0.0112 0.0161 0.0107 
      H506.2  1 0.0041 0.0086 0.0070 0.8847 0.0085 0.0178 0.0070 0.0063 0.0150 0.0259 0.0069 0.0082 
      H506.3  1 0.0089 0.0489 0.0388 0.6317 0.0091 0.0591 0.0128 0.0203 0.0434 0.0112 0.0925 0.0233 
      H506.4  1 0.0106 0.0303 0.0403 0.6879 0.0196 0.0697 0.0119 0.0333 0.0440 0.0115 0.0294 0.0115 
      H506.5  1 0.0040 0.0107 0.0082 0.9047 0.0104 0.0094 0.0058 0.0062 0.0104 0.0143 0.0105 0.0053 
      H506.6  1 0.0080 0.0519 0.0594 0.2614 0.2382 0.0580 0.0120 0.0671 0.0986 0.0162 0.1079 0.0212 
      H506.7  1 0.0036 0.0116 0.0067 0.9046 0.0067 0.0107 0.0062 0.0049 0.0108 0.0149 0.0101 0.0091 
      H533.1  1 0.0083 0.0379 0.0058 0.1724 0.0082 0.4228 0.0066 0.0146 0.2513 0.0285 0.0301 0.0135 
      H533.2  1 0.0071 0.0302 0.0082 0.2672 0.0079 0.3583 0.0080 0.0118 0.1815 0.0441 0.0659 0.0098 
      H533.3  1 0.0129 0.0229 0.0069 0.1824 0.0155 0.6074 0.0072 0.0334 0.0648 0.0138 0.0129 0.0200 
      H533.4  1 0.0130 0.0617 0.0095 0.0738 0.0333 0.6134 0.0108 0.0248 0.0447 0.0719 0.0282 0.0149 
      H535.1  1 0.0201 0.0076 0.0204 0.1527 0.0151 0.1131 0.0157 0.0188 0.0102 0.6011 0.0086 0.0167 
      H535.2  1 0.0058 0.0405 0.0138 0.0317 0.0095 0.0304 0.0076 0.0233 0.0183 0.7777 0.0047 0.0368 
      H535.3  1 0.0084 0.0838 0.0125 0.0337 0.0203 0.0186 0.0083 0.0180 0.0370 0.7268 0.0077 0.0249 
      H535.4  1 0.0053 0.0110 0.0039 0.0166 0.0049 0.0080 0.0074 0.0086 0.0053 0.9171 0.0044 0.0075 
      H535.5  1 0.0074 0.0075 0.0105 0.0107 0.0057 0.0257 0.0078 0.0100 0.0060 0.8966 0.0050 0.0072 
      H535.6  1 0.0174 0.0136 0.0825 0.0228 0.0190 0.0559 0.0207 0.0216 0.0074 0.7182 0.0063 0.0146 
      H535.7  1 0.0091 0.0076 0.0122 0.0134 0.0101 0.0197 0.0068 0.0091 0.0088 0.8838 0.0074 0.0121 
      H535.8  1 0.0095 0.0134 0.0332 0.0141 0.0100 0.0122 0.0069 0.0071 0.0117 0.8618 0.0064 0.0137 
      H535.9  1 0.0132 0.0151 0.0083 0.0242 0.0177 0.0155 0.0085 0.0106 0.0154 0.8509 0.0094 0.0115 
      H539.1  1 0.9227 0.0038 0.0047 0.0049 0.0208 0.0048 0.0058 0.0055 0.0038 0.0040 0.0119 0.0073 
      H539.2  1 0.7382 0.0329 0.0174 0.0151 0.0171 0.0976 0.0087 0.0145 0.0143 0.0133 0.0111 0.0198 
      H539.3  1 0.8223 0.0131 0.0229 0.0066 0.0382 0.0136 0.0137 0.0083 0.0065 0.0118 0.0237 0.0194 
      H539.4  1 0.9004 0.0067 0.0069 0.0071 0.0092 0.0090 0.0053 0.0070 0.0136 0.0047 0.0222 0.0080 
      H539.5  1 0.9285 0.0039 0.0046 0.0059 0.0128 0.0054 0.0057 0.0055 0.0038 0.0054 0.0080 0.0105 
      H539.6  1 0.9283 0.0051 0.0071 0.0057 0.0100 0.0061 0.0069 0.0061 0.0041 0.0042 0.0058 0.0107 
      H539.7  1 0.9337 0.0044 0.0067 0.0044 0.0093 0.0073 0.0081 0.0050 0.0050 0.0051 0.0052 0.0056 
      H539.8  1 0.8116 0.0169 0.0235 0.0071 0.0174 0.0112 0.0188 0.0097 0.0154 0.0159 0.0419 0.0106 
      H539.9  1 0.9181 0.0048 0.0052 0.0045 0.0128 0.0067 0.0052 0.0065 0.0068 0.0049 0.0134 0.0111 
      H540.1  1 0.8480 0.0097 0.0087 0.0118 0.0197 0.0264 0.0073 0.0270 0.0062 0.0128 0.0139 0.0085 
      H540.2  1 0.9152 0.0039 0.0080 0.0103 0.0121 0.0093 0.0085 0.0087 0.0059 0.0065 0.0053 0.0063 
      H540.3  1 0.2714 0.0150 0.0643 0.0289 0.0484 0.0458 0.0511 0.0527 0.0196 0.0284 0.3689 0.0056 
      H540.4  1 0.9080 0.0067 0.0096 0.0128 0.0073 0.0105 0.0093 0.0129 0.0064 0.0072 0.0048 0.0045 
      H540.5  1 0.8478 0.0091 0.0135 0.0117 0.0145 0.0161 0.0089 0.0188 0.0101 0.0078 0.0324 0.0094 
      H540.6  1 0.8031 0.0241 0.0161 0.0125 0.0305 0.0188 0.0162 0.0273 0.0081 0.0147 0.0134 0.0151 
      H540.7  1 0.9086 0.0057 0.0049 0.0091 0.0098 0.0136 0.0073 0.0109 0.0075 0.0075 0.0056 0.0096 
      H540.8  1 0.8741 0.0044 0.0110 0.0088 0.0124 0.0299 0.0080 0.0183 0.0059 0.0128 0.0074 0.0070 
     H9558.1  1 0.8987 0.0045 0.0078 0.0072 0.0274 0.0090 0.0087 0.0044 0.0077 0.0064 0.0127 0.0056 
     H9558.2  1 0.8458 0.0078 0.0142 0.0135 0.0380 0.0067 0.0080 0.0070 0.0153 0.0087 0.0161 0.0187 
     H9558.3  1 0.8675 0.0089 0.0089 0.0126 0.0237 0.0058 0.0104 0.0079 0.0131 0.0091 0.0166 0.0155 
     H9558.4  1 0.9114 0.0047 0.0066 0.0071 0.0165 0.0099 0.0045 0.0076 0.0073 0.0049 0.0146 0.0049 
     H9558.5  1 0.8939 0.0066 0.0070 0.0092 0.0076 0.0097 0.0066 0.0084 0.0114 0.0057 0.0290 0.0050 
     H9558.6  1 0.7438 0.0049 0.0150 0.0134 0.0220 0.0093 0.0207 0.0502 0.0111 0.0088 0.0163 0.0844 
    kos339.1  1 0.0095 0.0144 0.0185 0.3671 0.0103 0.1427 0.0126 0.0256 0.0118 0.3376 0.0076 0.0424 
    kos339.2  1 0.0084 0.0124 0.0090 0.0205 0.0065 0.0044 0.0234 0.0137 0.0166 0.8416 0.0078 0.0357 
    kos339.3  1 0.0135 0.0074 0.0069 0.0213 0.0058 0.0185 0.0075 0.0086 0.0059 0.8895 0.0047 0.0103 
    kos339.4  1 0.0135 0.0102 0.0091 0.0304 0.0044 0.0158 0.0089 0.0104 0.0089 0.8703 0.0072 0.0108 
    kos339.5  1 0.0124 0.0178 0.0148 0.1413 0.0091 0.1065 0.0199 0.0199 0.0134 0.6107 0.0051 0.0291 
    kos339.6  1 0.0057 0.0097 0.0073 0.0184 0.0078 0.0097 0.0106 0.0220 0.0081 0.8792 0.0084 0.0129 
    kos339.7  1 0.0090 0.0074 0.0078 0.0435 0.0058 0.0255 0.0060 0.0086 0.0052 0.8627 0.0051 0.0134 
    kos339.8  1 0.0069 0.0137 0.0139 0.2196 0.0056 0.0281 0.0095 0.0169 0.0131 0.6499 0.0108 0.0120 
    kos339.9  1 0.0363 0.0068 0.0094 0.0137 0.0091 0.0246 0.0126 0.0106 0.0114 0.8416 0.0055 0.0185 
      H008.1  2 0.0661 0.0140 0.0112 0.0084 0.0102 0.0151 0.0220 0.0098 0.0220 0.0114 0.0080 0.8019 
      H008.2  2 0.1510 0.0301 0.0243 0.0106 0.0540 0.0586 0.0174 0.0124 0.3861 0.0281 0.1088 0.1184 
      H008.3  2 0.1947 0.1146 0.0564 0.0204 0.0573 0.2166 0.0332 0.0287 0.0760 0.0392 0.0714 0.0914 
      H008.4  2 0.0506 0.0120 0.0324 0.0244 0.0199 0.0149 0.0446 0.0071 0.0257 0.0205 0.0686 0.6794 
      H008.5  2 0.0271 0.0208 0.0371 0.0086 0.0177 0.0300 0.0192 0.0120 0.0194 0.0090 0.0265 0.7726 
      H008.6  2 0.0550 0.0085 0.0476 0.0287 0.0904 0.0803 0.0225 0.0170 0.1050 0.0233 0.1809 0.3407 
      H008.7  2 0.0937 0.0496 0.0505 0.0183 0.0294 0.0342 0.0442 0.0108 0.1151 0.0277 0.1487 0.3779 
      H008.8  2 0.6866 0.0173 0.0091 0.0138 0.0354 0.0109 0.0176 0.0063 0.0338 0.0238 0.0102 0.1353 
      H008.9  2 0.0642 0.0162 0.0267 0.0132 0.0896 0.0587 0.0368 0.0203 0.1529 0.0592 0.4277 0.0346 
 H029.1_2002  2 0.0291 0.0157 0.0933 0.0655 0.0287 0.0085 0.0196 0.0099 0.0133 0.0110 0.0286 0.6767 
 H029.1_2003  2 0.0136 0.0083 0.7930 0.0253 0.0158 0.0240 0.0145 0.0142 0.0138 0.0119 0.0177 0.0479 
 H029.2_2002  2 0.0096 0.0819 0.0626 0.0531 0.0121 0.0436 0.0078 0.0093 0.0174 0.1026 0.0595 0.5404 
 H029.2_2003  2 0.0104 0.0116 0.6137 0.0268 0.0173 0.1097 0.0048 0.0189 0.0151 0.0424 0.0336 0.0957 
 H029.3_2002  2 0.0114 0.1612 0.1118 0.0513 0.0236 0.0338 0.0081 0.0265 0.0226 0.1109 0.2092 0.2296 
 H029.3_2003  2 0.0075 0.0106 0.4049 0.0120 0.0059 0.0158 0.0126 0.0115 0.0345 0.0083 0.0087 0.4676 
 H029.4_2002  2 0.0067 0.0218 0.0619 0.0080 0.0054 0.0077 0.0114 0.0080 0.0107 0.0091 0.0278 0.8216 
 H029.4_2003  2 0.0388 0.0112 0.6425 0.0138 0.0191 0.0186 0.0191 0.0122 0.0204 0.0105 0.0303 0.1636 
 H029.5_2002  2 0.0073 0.0134 0.0675 0.0168 0.0065 0.0093 0.0273 0.0080 0.0099 0.0051 0.0087 0.8201 
 H029.5_2003  2 0.0082 0.0058 0.6003 0.0097 0.0083 0.0266 0.0120 0.0080 0.0198 0.0091 0.0119 0.2804 
 H029.6_2002  2 0.0059 0.0640 0.4294 0.0086 0.0079 0.0088 0.0104 0.0070 0.0106 0.0104 0.0549 0.3822 
 H029.6_2003  2 0.0195 0.0178 0.1287 0.0391 0.0193 0.1220 0.0420 0.0191 0.0302 0.0592 0.0137 0.4895 
      H029.7  2 0.0089 0.0427 0.0466 0.0275 0.0139 0.0205 0.0081 0.0063 0.0100 0.0585 0.0424 0.7146 
      H030.1  2 0.0071 0.0298 0.1994 0.0148 0.0110 0.0244 0.0163 0.5896 0.0482 0.0143 0.0064 0.0388 
      H030.2  2 0.0452 0.2379 0.0313 0.0688 0.0065 0.0104 0.0600 0.2437 0.0693 0.0152 0.0725 0.1391 
      H038.1  2 0.0085 0.0075 0.0100 0.0082 0.0154 0.0057 0.0089 0.0076 0.0065 0.0070 0.0298 0.8849 
      H038.2  2 0.0061 0.0085 0.0076 0.0176 0.0040 0.0090 0.0093 0.0146 0.0064 0.0114 0.0072 0.8982 
      H038.3  2 0.0092 0.0096 0.0062 0.0155 0.0083 0.0080 0.0156 0.0473 0.0186 0.0130 0.0335 0.8151 
      H038.4  2 0.0063 0.0096 0.0074 0.0173 0.0078 0.0068 0.0198 0.0150 0.0102 0.0190 0.0296 0.8512 
      H038.5  2 0.0132 0.0160 0.0117 0.0061 0.0065 0.0103 0.0105 0.0173 0.0207 0.0121 0.0284 0.8473 
      H038.6  2 0.0129 0.0054 0.0142 0.0112 0.0066 0.0081 0.0042 0.0105 0.0073 0.0058 0.0135 0.9004 
      H038.7  2 0.0114 0.0040 0.0070 0.0294 0.0045 0.0086 0.0060 0.0152 0.0097 0.0072 0.0121 0.8849 
      H038.8  2 0.0095 0.0127 0.0051 0.0117 0.0046 0.0070 0.0155 0.0474 0.0109 0.0154 0.0818 0.7784 
      H041.1  2 0.0092 0.1558 0.2100 0.0082 0.0245 0.0139 0.2745 0.0192 0.0302 0.0389 0.0245 0.1910 
      H041.2  2 0.0076 0.0083 0.4386 0.0394 0.0094 0.0099 0.3704 0.0086 0.0122 0.0136 0.0233 0.0588 
      H041.4  2 0.0254 0.0160 0.5039 0.0168 0.0290 0.0106 0.0541 0.0115 0.0246 0.0374 0.0381 0.2326 
      H041.6  2 0.0398 0.0265 0.3579 0.0283 0.0483 0.0126 0.0786 0.0192 0.0188 0.0342 0.0175 0.3185 
 H042.1_2002  2 0.1144 0.0111 0.7364 0.0134 0.0154 0.0201 0.0274 0.0085 0.0071 0.0178 0.0159 0.0125 
 H042.1_2003  2 0.1463 0.0147 0.0898 0.0785 0.0329 0.0987 0.1710 0.0243 0.0893 0.0186 0.1414 0.0945 
 H042.2_2002  2 0.0182 0.0113 0.6658 0.0493 0.0102 0.0245 0.0390 0.0077 0.0092 0.0122 0.0551 0.0975 
 H042.2_2003  2 0.0483 0.0065 0.3130 0.0534 0.0123 0.0280 0.4074 0.0096 0.0091 0.0216 0.0063 0.0846 
 H042.3_2002  2 0.0988 0.0085 0.5733 0.0277 0.0211 0.0472 0.1202 0.0131 0.0162 0.0254 0.0345 0.0140 
 H042.3_2003  2 0.1632 0.0420 0.3473 0.0278 0.0249 0.0703 0.1531 0.0202 0.0175 0.0263 0.0466 0.0608 
 H042.4_2002  2 0.0124 0.0113 0.8644 0.0077 0.0087 0.0110 0.0239 0.0117 0.0061 0.0123 0.0144 0.0160 
 H042.4_2003  2 0.0155 0.0251 0.8065 0.0129 0.0251 0.0085 0.0128 0.0131 0.0135 0.0160 0.0069 0.0441 
      H042.5  2 0.0097 0.0059 0.9232 0.0067 0.0088 0.0084 0.0056 0.0055 0.0074 0.0075 0.0041 0.0073 
      H042.6  2 0.0363 0.0118 0.8389 0.0108 0.0271 0.0085 0.0083 0.0083 0.0070 0.0090 0.0140 0.0199 
      H042.7  2 0.0215 0.0101 0.5471 0.0920 0.0224 0.0113 0.2208 0.0071 0.0119 0.0277 0.0079 0.0202 
      H042.8  2 0.0246 0.0059 0.7947 0.0242 0.0144 0.0173 0.0568 0.0057 0.0101 0.0102 0.0232 0.0130 
   H042_2002  2 0.3109 0.0061 0.1101 0.1688 0.1211 0.0253 0.0693 0.0130 0.0316 0.0101 0.0460 0.0878 
   H042_2003  2 0.3144 0.0094 0.1024 0.1387 0.1217 0.0353 0.0692 0.0149 0.0263 0.0130 0.0410 0.1139 
      H043.1  2 0.6933 0.0177 0.0125 0.0107 0.0172 0.0095 0.0057 0.0186 0.0781 0.0241 0.0874 0.0253 
      H043.2  2 0.3230 0.0077 0.0069 0.0090 0.2920 0.0123 0.0208 0.0122 0.0144 0.0322 0.1699 0.0997 
      H043.3  2 0.1262 0.0053 0.0170 0.0397 0.0596 0.0163 0.0128 0.0142 0.0400 0.0138 0.0314 0.6237 
      H043.4  2 0.5001 0.0080 0.0138 0.0198 0.1298 0.0131 0.0116 0.0160 0.0197 0.0354 0.0984 0.1343 
      H043.5  2 0.2400 0.0082 0.0107 0.0147 0.0314 0.0122 0.0274 0.0182 0.0285 0.0198 0.3198 0.2692 
      H043.6  2 0.1733 0.0058 0.0165 0.0136 0.0525 0.0091 0.0261 0.0171 0.0088 0.0143 0.2256 0.4374 
      H043.7  2 0.1129 0.0056 0.0089 0.0175 0.5889 0.0063 0.0145 0.0206 0.0178 0.0113 0.1161 0.0797 
      H043.8  2 0.1709 0.0215 0.0119 0.0231 0.1029 0.0181 0.0368 0.1764 0.1454 0.1411 0.0449 0.1070 
      H043.9  2 0.4748 0.0209 0.0333 0.0263 0.0365 0.0089 0.0082 0.0261 0.1266 0.0142 0.0506 0.1736 
      H047.1  2 0.3025 0.0054 0.0068 0.0315 0.0131 0.0104 0.0106 0.0064 0.0545 0.0117 0.0103 0.5367 
      H047.2  2 0.0133 0.0361 0.0209 0.0392 0.0254 0.0546 0.0294 0.0205 0.3826 0.0238 0.0064 0.3479 
      H047.3  2 0.0105 0.0358 0.0181 0.0605 0.0382 0.0531 0.0765 0.0124 0.4406 0.0143 0.0072 0.2328 
      H047.4  2 0.0136 0.0132 0.0439 0.2891 0.0307 0.0131 0.0741 0.0174 0.0588 0.0263 0.0061 0.4138 
      H047.5  2 0.0302 0.0082 0.0120 0.1076 0.0693 0.0305 0.0884 0.0187 0.2497 0.0109 0.0048 0.3697 
      H047.6  2 0.0104 0.0164 0.0453 0.0977 0.0438 0.0142 0.0763 0.0074 0.5716 0.0139 0.0089 0.0940 
      H047.7  2 0.2333 0.0083 0.0178 0.0852 0.0144 0.0083 0.0177 0.0096 0.0390 0.0255 0.0160 0.5248 
      H047.8  2 0.0287 0.0128 0.0376 0.1149 0.0773 0.0375 0.0917 0.0070 0.3982 0.0197 0.0094 0.1651 
      H047.9  2 0.1042 0.0076 0.0171 0.1141 0.0269 0.0326 0.0223 0.0145 0.0589 0.0417 0.0046 0.5554 
 H071.1_2002  2 0.0272 0.0045 0.0067 0.0078 0.0089 0.0081 0.0072 0.0092 0.0057 0.0091 0.0058 0.8999 
 H071.1_2003  2 0.0382 0.0061 0.0147 0.0164 0.0732 0.0137 0.0166 0.0313 0.0074 0.0194 0.0122 0.7508 
     H071.10  2 0.0072 0.0140 0.0057 0.0057 0.0059 0.0047 0.0051 0.0129 0.0089 0.0060 0.0080 0.9160 
 H071.2_2002  2 0.0119 0.0045 0.0089 0.0077 0.0203 0.0083 0.0079 0.0087 0.0081 0.0077 0.0082 0.8978 
 H071.2_2003  2 0.0081 0.0039 0.0055 0.0047 0.0070 0.0052 0.0050 0.0052 0.0044 0.0054 0.0040 0.9418 
      H071.3  2 0.0072 0.0122 0.0062 0.0079 0.0047 0.0053 0.0120 0.0185 0.0085 0.0100 0.0103 0.8971 
 H071.4_2002  2 0.0096 0.0133 0.0102 0.0080 0.0104 0.0065 0.0072 0.0214 0.0143 0.0118 0.0157 0.8716 
 H071.4_2003  2 0.0087 0.0044 0.0046 0.0069 0.0050 0.0052 0.0036 0.0081 0.0061 0.0067 0.0039 0.9368 
 H071.5_2002  2 0.0077 0.0093 0.0060 0.0061 0.0061 0.0042 0.0042 0.0074 0.0052 0.0054 0.0050 0.9334 
 H071.5_2003  2 0.0101 0.0048 0.0062 0.0084 0.0102 0.0094 0.0068 0.0196 0.0098 0.0104 0.0042 0.9003 
 H071.6_2002  2 0.0076 0.0059 0.0056 0.0133 0.0060 0.0058 0.0045 0.0097 0.0080 0.0080 0.0068 0.9190 
 H071.6_2003  2 0.0088 0.0044 0.0059 0.0088 0.0072 0.0052 0.0052 0.0168 0.0069 0.0048 0.0041 0.9220 
 H071.7_2002  2 0.0073 0.0039 0.0054 0.0088 0.0056 0.0055 0.0052 0.0046 0.0048 0.0047 0.0043 0.9398 
 H071.7_2003  2 0.0110 0.0054 0.0074 0.0065 0.0098 0.0088 0.0081 0.0249 0.0070 0.0135 0.0053 0.8923 
      H071.8  2 0.0085 0.0042 0.0081 0.0081 0.0139 0.0067 0.0073 0.0052 0.0089 0.0077 0.0070 0.9145 
      H071.9  2 0.0129 0.0132 0.0232 0.0141 0.0219 0.0093 0.0135 0.0343 0.0490 0.0098 0.0154 0.7833 
 H081.1_2002  2 0.0136 0.0087 0.0086 0.0091 0.0085 0.0079 0.0077 0.0064 0.0045 0.0083 0.0064 0.9103 
 H081.1_2003  2 0.0822 0.0316 0.1102 0.1047 0.0281 0.0476 0.0269 0.0901 0.0169 0.0312 0.3742 0.0563 
 H081.2_2002  2 0.0114 0.0054 0.0074 0.0125 0.0272 0.0053 0.0070 0.0057 0.0077 0.0085 0.0053 0.8966 
 H081.2_2003  2 0.0901 0.0338 0.0323 0.0080 0.0469 0.0107 0.0093 0.6853 0.0171 0.0182 0.0096 0.0387 
 H081.3_2002  2 0.0076 0.0074 0.0126 0.0081 0.0310 0.0054 0.0075 0.0103 0.0224 0.0204 0.0080 0.8593 
 H081.3_2003  2 0.1707 0.0157 0.0407 0.0100 0.0612 0.0181 0.0141 0.5421 0.0382 0.0475 0.0205 0.0211 
 H081.4_2002  2 0.0109 0.0063 0.0090 0.0093 0.0063 0.0081 0.0078 0.0096 0.0080 0.0097 0.0045 0.9105 
 H081.4_2003  2 0.0957 0.0156 0.2757 0.0285 0.0552 0.0332 0.0199 0.3848 0.0145 0.0404 0.0174 0.0191 
 H081.5_2002  2 0.0132 0.0057 0.0110 0.0099 0.0096 0.0076 0.0073 0.0109 0.0075 0.0092 0.0064 0.9016 
 H081.5_2003  2 0.0821 0.0216 0.1692 0.1020 0.1723 0.0268 0.0456 0.2091 0.0216 0.0492 0.0394 0.0611 
      H081.6  2 0.0164 0.0052 0.0076 0.0088 0.0095 0.0087 0.0087 0.0088 0.0051 0.0092 0.0050 0.9071 
      H081.7  2 0.0071 0.0059 0.0095 0.0067 0.0362 0.0059 0.0094 0.0096 0.0096 0.0130 0.0052 0.8819 
      H081.8  2 0.0130 0.0306 0.0198 0.0128 0.0158 0.0100 0.0208 0.0413 0.0135 0.0259 0.0151 0.7816 
      H083.1  2 0.0077 0.0553 0.0221 0.0194 0.0063 0.0118 0.0060 0.0107 0.0133 0.0113 0.0116 0.8245 
      H083.2  2 0.0132 0.0323 0.0119 0.0109 0.0175 0.0082 0.0058 0.0100 0.0351 0.0235 0.0088 0.8228 
      H083.4  2 0.0099 0.1743 0.0085 0.0156 0.0161 0.0065 0.0082 0.0078 0.0333 0.0111 0.0143 0.6943 
      H083.5  2 0.0093 0.1336 0.0276 0.0169 0.0097 0.0081 0.0086 0.0074 0.0225 0.0128 0.0315 0.7119 
      H083.6  2 0.0076 0.2130 0.0138 0.0140 0.0101 0.0171 0.0078 0.0147 0.0222 0.0230 0.0127 0.6440 
      H083.7  2 0.0104 0.3137 0.0081 0.0107 0.0136 0.0093 0.0073 0.0063 0.0275 0.0160 0.0119 0.5652 
      H083.8  2 0.0142 0.0310 0.0121 0.0126 0.0174 0.0103 0.0096 0.0078 0.0387 0.0274 0.0080 0.8108 
      H083.9  2 0.0086 0.2176 0.0205 0.0113 0.0069 0.0090 0.0067 0.0083 0.0130 0.0098 0.0087 0.6797 
      H084.1  2 0.0079 0.0102 0.0216 0.0076 0.0095 0.0108 0.0215 0.8179 0.0179 0.0071 0.0594 0.0086 
      H084.2  2 0.0097 0.0129 0.0460 0.0100 0.0070 0.0145 0.0067 0.7790 0.0179 0.0091 0.0792 0.0080 
      H084.3  2 0.0082 0.0202 0.0175 0.0398 0.0073 0.0164 0.1261 0.4850 0.0214 0.0225 0.2276 0.0078 
      H084.4  2 0.0080 0.0077 0.0742 0.0433 0.0077 0.0148 0.0827 0.4940 0.0229 0.0109 0.2259 0.0079 
      H084.5  2 0.0073 0.0107 0.0108 0.0689 0.0104 0.0098 0.0926 0.6971 0.0214 0.0087 0.0542 0.0082 
      H084.6  2 0.0072 0.0449 0.0127 0.0160 0.0079 0.0070 0.0839 0.6504 0.0331 0.0258 0.1051 0.0062 
      H084.7  2 0.0113 0.0100 0.0487 0.0100 0.0067 0.0127 0.0100 0.8397 0.0110 0.0099 0.0186 0.0113 
      H084.8  2 0.0072 0.0101 0.0114 0.0160 0.0087 0.0107 0.0897 0.6477 0.0263 0.0089 0.1570 0.0065 
 H085.1_2002  2 0.0150 0.0233 0.0708 0.0073 0.7024 0.0084 0.0071 0.0105 0.0106 0.0184 0.0292 0.0970 
 H085.1_2003  2 0.0143 0.0899 0.1269 0.0064 0.0512 0.0117 0.0456 0.0321 0.0313 0.0129 0.0199 0.5578 
 H085.2_2002  2 0.0182 0.1244 0.0833 0.0158 0.4703 0.0078 0.0158 0.0413 0.0103 0.0969 0.0919 0.0240 
 H085.2_2003  2 0.0142 0.0429 0.0727 0.0121 0.0274 0.0211 0.0153 0.0198 0.0370 0.0131 0.0133 0.7111 
 H085.3_2002  2 0.0135 0.0239 0.1231 0.0064 0.7456 0.0072 0.0186 0.0207 0.0087 0.0101 0.0070 0.0152 
 H085.3_2003  2 0.0155 0.0086 0.0227 0.0055 0.0306 0.0141 0.0318 0.0308 0.0177 0.0066 0.0062 0.8101 
 H085.4_2002  2 0.0468 0.0282 0.0469 0.0087 0.6056 0.0106 0.0098 0.0189 0.0101 0.0276 0.0527 0.1341 
 H085.4_2003  2 0.0131 0.0100 0.0688 0.0281 0.0204 0.0134 0.0740 0.0219 0.0075 0.0145 0.0097 0.7186 
 H085.5_2002  2 0.0137 0.0071 0.0322 0.0049 0.8612 0.0091 0.0115 0.0114 0.0078 0.0111 0.0061 0.0240 
 H085.5_2003  2 0.0126 0.0341 0.0295 0.0057 0.0135 0.0142 0.0086 0.0164 0.0125 0.0091 0.0076 0.8361 
 H085.6_2002  2 0.0074 0.0133 0.1377 0.0076 0.7387 0.0065 0.0095 0.0129 0.0120 0.0215 0.0137 0.0194 
 H085.6_2003  2 0.0317 0.0095 0.1570 0.0133 0.1282 0.0251 0.3165 0.0685 0.0291 0.0167 0.0082 0.1961 
 H085.7_2002  2 0.0124 0.0473 0.2231 0.0125 0.4944 0.0115 0.0159 0.0272 0.0136 0.0674 0.0151 0.0595 
 H085.7_2003  2 0.0147 0.0148 0.0248 0.0084 0.0180 0.0146 0.0542 0.0226 0.0224 0.0088 0.0088 0.7879 
 H085.8_2002  2 0.0309 0.0166 0.0436 0.0085 0.6645 0.0107 0.0678 0.0713 0.0116 0.0294 0.0144 0.0307 
 H085.8_2003  2 0.0187 0.1338 0.4191 0.0183 0.0402 0.0222 0.0567 0.0336 0.0273 0.0198 0.0161 0.1942 
      H085.9  2 0.0217 0.0247 0.0938 0.0089 0.6185 0.0079 0.0215 0.0161 0.0114 0.0290 0.0338 0.1127 
      H088.1  2 0.0190 0.0103 0.8726 0.0084 0.0132 0.0169 0.0121 0.0076 0.0102 0.0122 0.0092 0.0082 
      H088.2  2 0.0060 0.0103 0.8692 0.0156 0.0194 0.0090 0.0096 0.0095 0.0105 0.0244 0.0087 0.0080 
      H088.3  2 0.0056 0.0074 0.9028 0.0108 0.0136 0.0088 0.0073 0.0076 0.0141 0.0091 0.0070 0.0060 
      H088.4  2 0.0091 0.0039 0.9198 0.0087 0.0071 0.0102 0.0067 0.0096 0.0061 0.0043 0.0050 0.0095 
      H088.5  2 0.0074 0.0055 0.9308 0.0058 0.0073 0.0057 0.0067 0.0087 0.0058 0.0050 0.0060 0.0051 
      H088.6  2 0.0068 0.0067 0.9013 0.0086 0.0067 0.0106 0.0112 0.0101 0.0102 0.0086 0.0072 0.0120 
      H088.7  2 0.0049 0.0057 0.8916 0.0131 0.0080 0.0079 0.0119 0.0067 0.0202 0.0066 0.0073 0.0161 
      H088.8  2 0.0099 0.0083 0.8387 0.0086 0.0076 0.0187 0.0185 0.0129 0.0228 0.0109 0.0083 0.0347 
      H091.1  2 0.0126 0.0375 0.7996 0.0060 0.0088 0.0133 0.0237 0.0149 0.0196 0.0166 0.0071 0.0401 
      H091.2  2 0.0220 0.0586 0.7001 0.0085 0.0092 0.0176 0.0545 0.0103 0.0310 0.0355 0.0052 0.0476 
      H109.1  2 0.0519 0.0510 0.0154 0.0243 0.0349 0.0205 0.0611 0.0770 0.5750 0.0146 0.0493 0.0251 
      H109.2  2 0.0570 0.0245 0.0248 0.0393 0.0156 0.0166 0.0298 0.5227 0.1209 0.0235 0.0166 0.1087 
      H109.3  2 0.0183 0.0122 0.0506 0.0216 0.0109 0.0408 0.0660 0.0881 0.3830 0.1807 0.0136 0.1142 
      H109.4  2 0.1027 0.0217 0.0364 0.0214 0.0327 0.0411 0.0836 0.2567 0.2749 0.0298 0.0431 0.0558 
      H109.5  2 0.0113 0.0072 0.2452 0.0230 0.0149 0.0169 0.1377 0.0360 0.0449 0.0710 0.0049 0.3872 
      H109.6  2 0.0590 0.0116 0.0165 0.0541 0.0195 0.0174 0.0274 0.3915 0.2820 0.0550 0.0154 0.0506 
      H126.1  2 0.1300 0.0125 0.0424 0.1340 0.4509 0.1023 0.0210 0.0167 0.0195 0.0434 0.0125 0.0150 
      H126.2  2 0.1442 0.0131 0.0182 0.0242 0.2445 0.0336 0.0100 0.0146 0.0180 0.0544 0.0335 0.3917 
      H126.3  2 0.0353 0.0166 0.1057 0.1656 0.1526 0.0221 0.0165 0.0053 0.0332 0.0434 0.0247 0.3792 
      H126.4  2 0.5148 0.0341 0.0269 0.0261 0.1811 0.0804 0.0143 0.0151 0.0229 0.0327 0.0126 0.0390 
      H126.5  2 0.7277 0.0073 0.0100 0.0732 0.0340 0.0192 0.0092 0.0075 0.0066 0.0156 0.0060 0.0836 
      H126.6  2 0.0126 0.0105 0.0234 0.1137 0.1475 0.0112 0.0049 0.0057 0.0141 0.0325 0.0069 0.6171 
      H126.7  2 0.0184 0.0074 0.0206 0.0138 0.0149 0.0138 0.0060 0.0084 0.0108 0.0112 0.0040 0.8707 
      H130.1  2 0.1189 0.0254 0.3205 0.0243 0.1742 0.0916 0.0361 0.0628 0.0851 0.0370 0.0110 0.0132 
      H130.2  2 0.0088 0.0337 0.0445 0.0116 0.0475 0.0400 0.0163 0.6733 0.0631 0.0242 0.0092 0.0278 
      H130.3  2 0.0108 0.0086 0.0412 0.0096 0.0103 0.5836 0.0069 0.2292 0.0557 0.0104 0.0048 0.0289 
      H130.4  2 0.0380 0.0300 0.0847 0.0144 0.1917 0.3410 0.0181 0.0887 0.0967 0.0523 0.0331 0.0112 
      H130.5  2 0.0180 0.0348 0.2602 0.0104 0.1364 0.0161 0.0198 0.4097 0.0188 0.0293 0.0067 0.0398 
      H133.1  2 0.0209 0.0259 0.1535 0.0338 0.0874 0.1377 0.0324 0.1340 0.1353 0.0323 0.1515 0.0553 
      H133.2  2 0.0432 0.0087 0.1590 0.0232 0.2620 0.0271 0.0190 0.1201 0.2215 0.0751 0.0155 0.0258 
      H133.3  2 0.0127 0.0121 0.3986 0.0219 0.0578 0.0488 0.0251 0.0678 0.0746 0.0757 0.1221 0.0828 
      H133.4  2 0.0240 0.0111 0.0218 0.0204 0.0318 0.0272 0.0313 0.0185 0.7321 0.0279 0.0373 0.0166 
      H133.5  2 0.0278 0.0142 0.3438 0.0235 0.0817 0.1008 0.0061 0.1068 0.1517 0.0966 0.0356 0.0113 
      H133.6  2 0.0805 0.0195 0.4313 0.0267 0.1104 0.0313 0.0102 0.1677 0.0601 0.0370 0.0107 0.0145 
      H133.7  2 0.0238 0.0101 0.0285 0.0151 0.0427 0.0225 0.3934 0.0354 0.2556 0.0484 0.0845 0.0399 
      H133.8  2 0.0180 0.0330 0.0706 0.0208 0.2630 0.0600 0.0934 0.0380 0.1659 0.0610 0.1444 0.0319 
      H133.9  2 0.0160 0.0399 0.1474 0.0262 0.0617 0.2803 0.0227 0.0855 0.1235 0.0287 0.1401 0.0280 
      H147.1  2 0.0211 0.0298 0.0497 0.0248 0.0524 0.0064 0.3745 0.0636 0.0094 0.0176 0.0164 0.3342 
      H147.2  2 0.0118 0.0065 0.0134 0.0142 0.0242 0.0069 0.0178 0.0194 0.0059 0.0068 0.0055 0.8675 
      H147.3  2 0.0109 0.0068 0.0074 0.0069 0.0197 0.0085 0.0137 0.0213 0.0055 0.0129 0.0062 0.8803 
      H147.4  2 0.0067 0.0154 0.0081 0.0081 0.0084 0.0064 0.0180 0.0197 0.0063 0.0120 0.0251 0.8659 
      H147.5  2 0.0151 0.0239 0.1096 0.0170 0.0295 0.0240 0.0316 0.0794 0.0121 0.0139 0.0096 0.6345 
      H147.6  2 0.0184 0.0207 0.0944 0.0150 0.0235 0.0201 0.0525 0.1384 0.0170 0.0230 0.0097 0.5672 
      H147.7  2 0.0071 0.0195 0.0054 0.0123 0.0109 0.0086 0.0467 0.0379 0.0072 0.0129 0.0275 0.8040 
      H147.8  2 0.0056 0.0332 0.0412 0.0082 0.0073 0.0089 0.0363 0.0284 0.0148 0.0088 0.0392 0.7681 
      H147.9  2 0.0096 0.0083 0.0072 0.0104 0.0174 0.0071 0.0084 0.0119 0.0048 0.0074 0.0058 0.9017 
      H148.1  2 0.0509 0.0374 0.0533 0.0888 0.1065 0.0316 0.1938 0.2036 0.0942 0.0203 0.0989 0.0208 
      H148.2  2 0.0277 0.0311 0.0170 0.0556 0.1274 0.0238 0.4897 0.0406 0.0545 0.0289 0.0812 0.0226 
      H148.3  2 0.0288 0.0140 0.0122 0.0213 0.0174 0.0103 0.6104 0.0220 0.0205 0.2059 0.0272 0.0101 
      H148.4  2 0.0268 0.0141 0.0248 0.2611 0.0969 0.0258 0.3379 0.0311 0.0380 0.0653 0.0570 0.0212 
      H148.5  2 0.0309 0.0181 0.0303 0.0585 0.0272 0.0332 0.5089 0.0629 0.0505 0.1003 0.0666 0.0127 
      H148.6  2 0.0277 0.0473 0.0364 0.0568 0.0434 0.0176 0.4821 0.0264 0.0277 0.0630 0.1545 0.0172 
      H148.7  2 0.0166 0.0130 0.0301 0.0215 0.0240 0.0784 0.6122 0.0334 0.0967 0.0240 0.0397 0.0105 
      H148.8  2 0.0135 0.0068 0.0145 0.0130 0.0154 0.0133 0.7886 0.0112 0.0095 0.0857 0.0224 0.0062 
      H148.9  2 0.0788 0.0309 0.0143 0.0521 0.1103 0.0403 0.1915 0.0339 0.1883 0.0318 0.2159 0.0118 
   H166022.1  2 0.0063 0.0520 0.8299 0.0088 0.0088 0.0055 0.0189 0.0198 0.0076 0.0154 0.0128 0.0142 
   H166022.2  2 0.0095 0.0745 0.4695 0.0402 0.0161 0.0188 0.0304 0.1980 0.0287 0.0451 0.0144 0.0547 
   H166022.3  2 0.0086 0.1548 0.6974 0.0103 0.0076 0.0200 0.0171 0.0247 0.0318 0.0138 0.0068 0.0071 
   H166022.4  2 0.0050 0.0116 0.8939 0.0143 0.0051 0.0128 0.0088 0.0139 0.0152 0.0069 0.0060 0.0066 
   H166022.5  2 0.0069 0.0297 0.7948 0.0159 0.0053 0.0133 0.0139 0.0794 0.0166 0.0106 0.0048 0.0087 
   H166022.6  2 0.0119 0.0320 0.7819 0.0121 0.0143 0.0156 0.0151 0.0331 0.0396 0.0147 0.0209 0.0086 
   H166022.7  2 0.0181 0.0061 0.0104 0.0109 0.0125 0.0388 0.0060 0.0164 0.8220 0.0073 0.0419 0.0097 
   H166022.8  2 0.0124 0.1641 0.3346 0.0561 0.0939 0.0180 0.0372 0.1992 0.0272 0.0307 0.0105 0.0160 
   H167397.1  2 0.0232 0.0100 0.0759 0.1656 0.0141 0.0099 0.1933 0.0351 0.0078 0.0216 0.3880 0.0554 
   H167397.2  2 0.0083 0.0492 0.0166 0.0868 0.1038 0.0134 0.0438 0.0138 0.0170 0.1742 0.4316 0.0415 
   H167397.3  2 0.0096 0.0136 0.0221 0.1443 0.0106 0.0081 0.1168 0.0165 0.0101 0.0658 0.5406 0.0420 
   H167397.4  2 0.0071 0.0255 0.0194 0.0155 0.0238 0.0148 0.1123 0.0129 0.0224 0.0464 0.6587 0.0413 
   H167397.5  2 0.0194 0.0192 0.0455 0.1064 0.0267 0.0174 0.0675 0.0417 0.0178 0.0244 0.5796 0.0342 
   H167397.6  2 0.0172 0.0150 0.0255 0.0637 0.0122 0.0179 0.2345 0.0072 0.0126 0.0254 0.5362 0.0327 
   H167496.1  2 0.0143 0.0196 0.7292 0.0260 0.0060 0.0263 0.0269 0.0204 0.0144 0.0929 0.0105 0.0135 
   H167496.2  2 0.0159 0.0131 0.1058 0.2891 0.0313 0.0197 0.0448 0.1037 0.1457 0.0867 0.0200 0.1242 
   H167496.3  2 0.0452 0.0555 0.5889 0.0130 0.0827 0.0293 0.0246 0.0183 0.0183 0.0870 0.0081 0.0292 
   H167496.4  2 0.0061 0.0069 0.9213 0.0075 0.0068 0.0067 0.0060 0.0069 0.0063 0.0072 0.0051 0.0131 
   H167496.6  2 0.0117 0.0075 0.8614 0.0324 0.0082 0.0139 0.0074 0.0144 0.0107 0.0056 0.0075 0.0194 
   H167496.7  2 0.0589 0.0430 0.0987 0.1478 0.0143 0.0633 0.2778 0.1443 0.0413 0.0769 0.0091 0.0246 
   H167496.8  2 0.0096 0.0100 0.8248 0.0441 0.0084 0.0111 0.0109 0.0161 0.0147 0.0073 0.0097 0.0334 
   H167513.1  2 0.0058 0.0118 0.0091 0.0132 0.0137 0.0107 0.0130 0.0082 0.8852 0.0108 0.0088 0.0096 
   H167513.2  2 0.0714 0.0106 0.0532 0.0446 0.0273 0.0179 0.1116 0.0235 0.5342 0.0290 0.0648 0.0119 
   H167513.3  2 0.0289 0.0269 0.0100 0.0182 0.0090 0.0286 0.0117 0.0539 0.7716 0.0205 0.0095 0.0113 
