      H105.1  1 0.1373 0.3217 0.1817 0.3593 
      H105.2  1 0.6380 0.1687 0.1322 0.0610 
      H105.3  1 0.0973 0.4563 0.2107 0.2357 
      H105.4  1 0.3690 0.1284 0.4032 0.0994 
      H105.5  1 0.1362 0.1581 0.5774 0.1283 
      H105.6  1 0.0380 0.1144 0.5494 0.2982 
      H105.7  1 0.2367 0.1165 0.1122 0.5346 
      H105.8  1 0.1756 0.3743 0.0730 0.3771 
      H115.1  1 0.0804 0.0498 0.0890 0.7808 
      H115.2  1 0.1347 0.1677 0.1090 0.5886 
      H115.3  1 0.1278 0.2162 0.0862 0.5698 
      H115.4  1 0.6611 0.0810 0.0810 0.1770 
      H115.5  1 0.1534 0.2490 0.0603 0.5373 
      H115.6  1 0.1732 0.1053 0.2190 0.5025 
      H115.7  1 0.3962 0.0320 0.4663 0.1055 
      H115.8  1 0.0466 0.1048 0.0222 0.8264 
      H115.9  1 0.0167 0.0161 0.0172 0.9499 
      H145.1  1 0.0159 0.2846 0.6691 0.0303 
      H145.2  1 0.0293 0.6153 0.3007 0.0548 
      H145.3  1 0.2155 0.3109 0.2340 0.2396 
      H145.4  1 0.0249 0.1660 0.7954 0.0137 
      H145.5  1 0.0279 0.5867 0.3602 0.0252 
      H145.6  1 0.2597 0.4004 0.2935 0.0465 
      H145.7  1 0.3535 0.1048 0.4842 0.0575 
      H149.1  1 0.0127 0.0341 0.9369 0.0163 
      H149.2  1 0.0146 0.0202 0.9548 0.0103 
      H149.3  1 0.0314 0.0435 0.9086 0.0165 
      H149.4  1 0.0549 0.1291 0.7964 0.0195 
      H149.5  1 0.2640 0.0319 0.6895 0.0146 
      H149.6  1 0.0264 0.0230 0.9425 0.0081 
      H149.7  1 0.2919 0.1419 0.5409 0.0253 
      H150.1  1 0.0479 0.0744 0.0272 0.8506 
      H150.2  1 0.0438 0.2478 0.1484 0.5599 
      H150.3  1 0.0412 0.0452 0.1662 0.7473 
      H150.4  1 0.0166 0.0202 0.0214 0.9418 
      H150.5  1 0.3436 0.0910 0.2256 0.3398 
      H150.6  1 0.5977 0.1717 0.1824 0.0482 
      H150.7  1 0.0101 0.0300 0.0261 0.9338 
   H169607.1  1 0.2726 0.4076 0.0886 0.2313 
   H169607.2  1 0.0384 0.0704 0.0725 0.8187 
   H169607.3  1 0.6865 0.1321 0.0482 0.1332 
   H169607.4  1 0.0530 0.4797 0.2713 0.1960 
   H169607.5  1 0.0927 0.0354 0.2657 0.6062 
   H169607.6  1 0.1430 0.1084 0.0705 0.6780 
   H169607.7  1 0.0630 0.1150 0.0290 0.7931 
   H169607.8  1 0.0937 0.2134 0.1327 0.5601 
   H169633.1  1 0.0396 0.1864 0.7284 0.0456 
   H169633.2  1 0.1279 0.2054 0.6130 0.0536 
   H169633.3  1 0.0220 0.0281 0.9151 0.0348 
   H169633.4  1 0.0209 0.2017 0.7590 0.0184 
   H169633.5  1 0.0263 0.2025 0.7508 0.0204 
   H169688.1  1 0.9291 0.0133 0.0423 0.0154 
   H169688.2  1 0.9106 0.0349 0.0147 0.0397 
   H169688.3  1 0.8379 0.0471 0.0864 0.0287 
   H169688.4  1 0.3219 0.2747 0.0329 0.3706 
   H169688.5  1 0.3408 0.2619 0.0251 0.3723 
   H169688.6  1 0.7997 0.1500 0.0206 0.0296 
   H169688.7  1 0.5885 0.1831 0.1390 0.0894 
   H171901.1  1 0.4823 0.3478 0.1184 0.0516 
   H171901.2  1 0.0251 0.0418 0.8728 0.0603 
   H171901.3  1 0.1548 0.0616 0.7481 0.0355 
   H171901.4  1 0.0367 0.0386 0.8832 0.0415 
   H171901.5  1 0.0470 0.0851 0.8502 0.0176 
   H171901.6  1 0.0256 0.0511 0.9011 0.0222 
   H171901.7  1 0.0619 0.0431 0.8550 0.0400 
   H171902.1  1 0.0428 0.8334 0.0690 0.0547 
  H171902.10  1 0.0267 0.7753 0.1843 0.0137 
   H171902.2  1 0.2746 0.5674 0.0609 0.0972 
   H171902.3  1 0.0407 0.6937 0.2186 0.0470 
   H171902.4  1 0.0276 0.5229 0.4177 0.0318 
   H171902.6  1 0.0200 0.7560 0.2036 0.0204 
   H171902.7  1 0.0133 0.7671 0.2053 0.0143 
   H171902.8  1 0.0338 0.8003 0.1466 0.0194 
   H171902.9  1 0.0459 0.5807 0.2674 0.1059 
   H171903.1  1 0.0731 0.0196 0.1969 0.7104 
   H171903.2  1 0.1003 0.0726 0.0834 0.7437 
   H171903.3  1 0.1357 0.0950 0.4406 0.3287 
   H171903.4  1 0.5652 0.0772 0.3050 0.0526 
   H171903.5  1 0.2257 0.2234 0.1374 0.4134 
   H171903.6  1 0.4543 0.0842 0.2529 0.2086 
      H177.1  1 0.1602 0.0824 0.7405 0.0169 
      H177.2  1 0.1060 0.4244 0.3105 0.1592 
      H177.3  1 0.0280 0.3958 0.5535 0.0227 
      H177.4  1 0.2294 0.1474 0.6025 0.0207 
      H177.5  1 0.8538 0.0400 0.0754 0.0307 
      H177.6  1 0.0206 0.3751 0.5822 0.0221 
      H179.1  1 0.2848 0.6340 0.0333 0.0479 
      H179.2  1 0.4008 0.3184 0.0438 0.2369 
      H179.3  1 0.5427 0.1796 0.0184 0.2593 
      H179.4  1 0.3214 0.3115 0.2914 0.0756 
      H180.1  1 0.7896 0.0982 0.0797 0.0325 
      H180.2  1 0.7368 0.1179 0.1188 0.0265 
      H180.3  1 0.2954 0.0586 0.1651 0.4809 
      H180.4  1 0.5125 0.0772 0.3550 0.0553 
      H180.5  1 0.2688 0.1429 0.1339 0.4544 
      H180.6  1 0.0275 0.0810 0.0548 0.8367 
      H181.1  1 0.5817 0.3179 0.0827 0.0178 
      H181.2  1 0.5108 0.2876 0.1752 0.0264 
      H181.3  1 0.7905 0.1222 0.0741 0.0132 
      H181.4  1 0.6431 0.0360 0.2465 0.0744 
      H181.5  1 0.8444 0.1071 0.0343 0.0142 
      H181.6  1 0.4790 0.2910 0.1468 0.0832 
      H181.7  1 0.6440 0.2511 0.0628 0.0422 
 H194.1_2004  1 0.0179 0.0177 0.8307 0.1336 
 H194.2_2004  1 0.1389 0.0265 0.8118 0.0228 
 H194.3_2004  1 0.0115 0.0259 0.9497 0.0129 
 H194.4_2004  1 0.1079 0.0508 0.8173 0.0240 
 H194.5_2004  1 0.0238 0.0166 0.9271 0.0325 
 H194.6_2004  1 0.1245 0.0324 0.8126 0.0304 
 H194.7_2004  1 0.0523 0.0219 0.6542 0.2717 
 H194.8_2004  1 0.2216 0.0290 0.7099 0.0395 
      H194.9  1 0.0366 0.0196 0.6675 0.2763 
 H195.1_2003  1 0.0480 0.0152 0.9057 0.0311 
 H195.1_2004  1 0.0857 0.3219 0.5717 0.0207 
 H195.2_2003  1 0.0751 0.0682 0.2306 0.6262 
 H195.2_2004  1 0.3405 0.1376 0.4412 0.0808 
 H195.3_2003  1 0.1312 0.0344 0.3167 0.5178 
 H195.3_2004  1 0.0227 0.0270 0.9379 0.0125 
 H195.4_2003  1 0.0170 0.0145 0.9503 0.0181 
 H195.4_2004  1 0.7384 0.0364 0.1692 0.0561 
 H195.5_2003  1 0.0973 0.0154 0.8573 0.0300 
 H195.5_2004  1 0.1923 0.0864 0.6871 0.0341 
 H195.6_2003  1 0.1733 0.0525 0.4833 0.2909 
 H195.6_2004  1 0.0431 0.0599 0.8780 0.0191 
 H195.7_2003  1 0.5392 0.0186 0.3957 0.0466 
 H195.7_2004  1 0.0950 0.6575 0.2196 0.0279 
      H195.8  1 0.6387 0.0823 0.1893 0.0897 
      H195.9  1 0.1853 0.0949 0.6267 0.0930 
      H415.1  1 0.0301 0.2903 0.4506 0.2291 
      H415.2  1 0.0170 0.3917 0.5666 0.0247 
      H415.3  1 0.0351 0.2113 0.7046 0.0490 
      H415.4  1 0.0265 0.1286 0.6702 0.1747 
      H415.5  1 0.0211 0.1286 0.8273 0.0230 
      H415.6  1 0.0260 0.1121 0.7134 0.1485 
      H415.7  1 0.0215 0.2811 0.6623 0.0351 
      H506.1  1 0.0234 0.9254 0.0378 0.0134 
      H506.2  1 0.0209 0.8843 0.0832 0.0116 
      H506.3  1 0.0392 0.9223 0.0203 0.0183 
      H506.4  1 0.0556 0.8909 0.0281 0.0254 
      H506.5  1 0.0166 0.9116 0.0582 0.0136 
      H506.6  1 0.0384 0.9209 0.0166 0.0241 
      H506.7  1 0.0207 0.8997 0.0643 0.0154 
      H533.1  1 0.0459 0.9189 0.0228 0.0124 
      H533.2  1 0.0270 0.9404 0.0209 0.0116 
      H533.3  1 0.0798 0.8753 0.0232 0.0218 
      H533.4  1 0.0502 0.8575 0.0639 0.0284 
      H535.1  1 0.0271 0.0519 0.8456 0.0755 
      H535.2  1 0.4129 0.0317 0.4642 0.0911 
      H535.3  1 0.4330 0.1026 0.2601 0.2043 
      H535.4  1 0.0252 0.0202 0.9415 0.0131 
      H535.5  1 0.0398 0.0430 0.8973 0.0199 
      H535.6  1 0.2346 0.0412 0.6020 0.1222 
      H535.7  1 0.0587 0.0954 0.7812 0.0647 
      H535.8  1 0.2132 0.0537 0.6335 0.0996 
      H535.9  1 0.0534 0.0922 0.7879 0.0665 
      H539.1  1 0.0122 0.0243 0.0170 0.9465 
      H539.2  1 0.2027 0.0781 0.0536 0.6656 
      H539.3  1 0.0194 0.0357 0.0257 0.9192 
      H539.4  1 0.0328 0.2290 0.0166 0.7216 
      H539.5  1 0.0087 0.0179 0.0115 0.9620 
      H539.6  1 0.0124 0.0109 0.0157 0.9611 
      H539.7  1 0.0229 0.0546 0.0396 0.8829 
      H539.8  1 0.0865 0.2452 0.0659 0.6024 
      H539.9  1 0.0124 0.0224 0.0098 0.9554 
      H540.1  1 0.0477 0.1792 0.0670 0.7061 
      H540.2  1 0.0200 0.0252 0.0801 0.8747 
      H540.3  1 0.0665 0.8147 0.0848 0.0341 
      H540.4  1 0.0841 0.1447 0.1561 0.6151 
      H540.5  1 0.0228 0.2669 0.0350 0.6754 
      H540.6  1 0.0502 0.1251 0.0524 0.7723 
      H540.7  1 0.0213 0.0235 0.0546 0.9006 
      H540.8  1 0.0392 0.0672 0.7077 0.1859 
     H9558.1  1 0.0209 0.1567 0.0429 0.7795 
     H9558.2  1 0.0127 0.1660 0.0202 0.8011 
     H9558.3  1 0.0119 0.0408 0.0223 0.9250 
     H9558.4  1 0.0203 0.3027 0.0324 0.6447 
     H9558.5  1 0.0353 0.5156 0.0263 0.4228 
     H9558.6  1 0.0127 0.0361 0.0512 0.8999 
    kos339.1  1 0.0376 0.1008 0.8166 0.0449 
    kos339.2  1 0.0218 0.0533 0.8503 0.0746 
    kos339.3  1 0.0165 0.0219 0.9381 0.0235 
    kos339.4  1 0.0292 0.0210 0.9317 0.0181 
    kos339.5  1 0.0149 0.0148 0.9486 0.0217 
    kos339.6  1 0.0161 0.0361 0.9318 0.0160 
    kos339.7  1 0.0256 0.0377 0.9066 0.0301 
    kos339.8  1 0.0256 0.0557 0.9030 0.0157 
    kos339.9  1 0.0138 0.0267 0.9187 0.0408 
      H008.1  2 0.0147 0.0135 0.0133 0.9586 
      H008.2  2 0.0511 0.5301 0.0242 0.3946 
      H008.3  2 0.4008 0.2588 0.0574 0.2830 
      H008.4  2 0.0181 0.0491 0.0274 0.9053 
      H008.5  2 0.0348 0.0238 0.0205 0.9209 
      H008.6  2 0.0223 0.4448 0.0362 0.4968 
      H008.7  2 0.0492 0.1699 0.0498 0.7311 
      H008.8  2 0.0164 0.0464 0.0273 0.9098 
      H008.9  2 0.0333 0.8052 0.0841 0.0773 
 H029.1_2002  2 0.0309 0.0236 0.0118 0.9336 
 H029.1_2003  2 0.2199 0.4733 0.0464 0.2604 
 H029.2_2002  2 0.1244 0.2291 0.0755 0.5710 
 H029.2_2003  2 0.1947 0.6007 0.0348 0.1698 
 H029.3_2002  2 0.3713 0.4708 0.0331 0.1248 
 H029.3_2003  2 0.2320 0.1591 0.0323 0.5766 
 H029.4_2002  2 0.1085 0.1466 0.0150 0.7299 
 H029.4_2003  2 0.2840 0.2157 0.0162 0.4840 
 H029.5_2002  2 0.0418 0.0417 0.0192 0.8974 
 H029.5_2003  2 0.1058 0.4121 0.0128 0.4694 
 H029.6_2002  2 0.4855 0.1420 0.0179 0.3546 
 H029.6_2003  2 0.1200 0.4082 0.1161 0.3557 
      H029.7  2 0.0529 0.1015 0.0340 0.8116 
      H030.1  2 0.8953 0.0186 0.0360 0.0501 
      H030.2  2 0.6804 0.0886 0.0197 0.2112 
      H038.1  2 0.0228 0.0448 0.0103 0.9221 
      H038.2  2 0.0323 0.0204 0.0220 0.9254 
      H038.3  2 0.0233 0.0423 0.0201 0.9142 
      H038.4  2 0.0179 0.0666 0.0237 0.8917 
      H038.5  2 0.0735 0.1221 0.0198 0.7845 
      H038.6  2 0.0335 0.0226 0.0102 0.9337 
      H038.7  2 0.0229 0.0111 0.0092 0.9569 
      H038.8  2 0.0519 0.0670 0.0200 0.8611 
      H041.1  2 0.3152 0.0818 0.0456 0.5574 
      H041.2  2 0.1277 0.2412 0.1292 0.5019 
      H041.4  2 0.1115 0.0986 0.0436 0.7464 
      H041.6  2 0.0673 0.0290 0.0348 0.8689 
 H042.1_2002  2 0.7458 0.0278 0.1297 0.0967 
 H042.1_2003  2 0.0498 0.5942 0.0975 0.2585 
 H042.2_2002  2 0.1439 0.0464 0.0183 0.7914 
 H042.2_2003  2 0.0368 0.0297 0.2222 0.7114 
 H042.3_2002  2 0.5878 0.0537 0.1311 0.2274 
 H042.3_2003  2 0.2087 0.0612 0.0462 0.6839 
 H042.4_2002  2 0.8132 0.0458 0.0671 0.0739 
 H042.4_2003  2 0.4830 0.0175 0.0643 0.4351 
      H042.5  2 0.9414 0.0094 0.0265 0.0226 
      H042.6  2 0.8241 0.0179 0.0263 0.1317 
      H042.7  2 0.4661 0.0212 0.3871 0.1256 
      H042.8  2 0.8198 0.0280 0.0343 0.1178 
   H042_2002  2 0.0163 0.0425 0.0255 0.9157 
   H042_2003  2 0.0213 0.0375 0.0275 0.9136 
      H043.1  2 0.0278 0.2626 0.0125 0.6971 
      H043.2  2 0.0118 0.1301 0.0229 0.8352 
      H043.3  2 0.0122 0.0497 0.0136 0.9246 
      H043.4  2 0.0164 0.1057 0.0156 0.8623 
      H043.5  2 0.0107 0.2304 0.0132 0.7457 
      H043.6  2 0.0110 0.1145 0.0171 0.8574 
      H043.7  2 0.0104 0.0657 0.0146 0.9092 
      H043.8  2 0.0402 0.1572 0.0428 0.7598 
      H043.9  2 0.0226 0.0974 0.0135 0.8665 
      H047.1  2 0.0091 0.0121 0.0124 0.9665 
      H047.2  2 0.0402 0.0501 0.0654 0.8443 
      H047.3  2 0.0369 0.0464 0.0477 0.8689 
      H047.4  2 0.0322 0.0299 0.0883 0.8496 
      H047.5  2 0.0150 0.0127 0.0261 0.9461 
      H047.6  2 0.0372 0.1285 0.0681 0.7661 
      H047.7  2 0.0101 0.0111 0.0158 0.9630 
      H047.8  2 0.0336 0.0450 0.0360 0.8854 
      H047.9  2 0.0115 0.0108 0.0468 0.9309 
 H071.1_2002  2 0.0113 0.0089 0.0114 0.9684 
 H071.1_2003  2 0.0250 0.0159 0.0313 0.9278 
     H071.10  2 0.0658 0.0178 0.0102 0.9062 
 H071.2_2002  2 0.0148 0.0179 0.0119 0.9554 
 H071.2_2003  2 0.0094 0.0072 0.0076 0.9759 
      H071.3  2 0.0316 0.0378 0.0150 0.9156 
 H071.4_2002  2 0.0308 0.0635 0.0217 0.8840 
 H071.4_2003  2 0.0115 0.0097 0.0101 0.9687 
 H071.5_2002  2 0.0177 0.0114 0.0108 0.9602 
 H071.5_2003  2 0.0138 0.0134 0.0116 0.9612 
 H071.6_2002  2 0.0173 0.0112 0.0097 0.9617 
 H071.6_2003  2 0.0181 0.0089 0.0103 0.9627 
 H071.7_2002  2 0.0095 0.0079 0.0072 0.9753 
 H071.7_2003  2 0.0191 0.0099 0.0158 0.9552 
      H071.8  2 0.0129 0.0287 0.0134 0.9450 
      H071.9  2 0.0661 0.1375 0.0234 0.7729 
 H081.1_2002  2 0.0154 0.0093 0.0097 0.9655 
 H081.1_2003  2 0.1063 0.7372 0.0408 0.1156 
 H081.2_2002  2 0.0094 0.0099 0.0109 0.9699 
 H081.2_2003  2 0.8151 0.0624 0.0183 0.1043 
 H081.3_2002  2 0.0357 0.0365 0.0161 0.9117 
 H081.3_2003  2 0.3170 0.2963 0.0742 0.3125 
 H081.4_2002  2 0.0231 0.0151 0.0232 0.9387 
 H081.4_2003  2 0.4779 0.3067 0.1093 0.1062 
 H081.5_2002  2 0.0290 0.0110 0.0146 0.9455 
 H081.5_2003  2 0.1674 0.2996 0.1646 0.3684 
      H081.6  2 0.0140 0.0102 0.0096 0.9662 
      H081.7  2 0.0295 0.0179 0.0125 0.9402 
      H081.8  2 0.1850 0.1346 0.0311 0.6493 
      H083.1  2 0.0565 0.0222 0.0135 0.9078 
      H083.2  2 0.0234 0.0137 0.0117 0.9513 
      H083.4  2 0.0506 0.0241 0.0091 0.9162 
      H083.5  2 0.0601 0.0253 0.0141 0.9004 
      H083.6  2 0.2535 0.0381 0.0185 0.6899 
      H083.7  2 0.0698 0.0230 0.0185 0.8887 
      H083.8  2 0.0187 0.0138 0.0137 0.9538 
      H083.9  2 0.0910 0.0197 0.0156 0.8737 
      H084.1  2 0.7449 0.2144 0.0201 0.0207 
      H084.2  2 0.7064 0.2607 0.0165 0.0164 
      H084.3  2 0.3406 0.4806 0.1490 0.0298 
      H084.4  2 0.2069 0.6850 0.0868 0.0212 
      H084.5  2 0.4388 0.4020 0.1283 0.0309 
      H084.6  2 0.2981 0.4385 0.2393 0.0241 
      H084.7  2 0.8316 0.1319 0.0193 0.0171 
      H084.8  2 0.5362 0.2915 0.1557 0.0167 
 H085.1_2002  2 0.2136 0.0538 0.0284 0.7041 
 H085.1_2003  2 0.3493 0.0809 0.0187 0.5511 
 H085.2_2002  2 0.4669 0.3031 0.0553 0.1747 
 H085.2_2003  2 0.2907 0.0760 0.0298 0.6035 
 H085.3_2002  2 0.2087 0.0297 0.1214 0.6402 
 H085.3_2003  2 0.0320 0.0105 0.0135 0.9440 
 H085.4_2002  2 0.1306 0.1065 0.0278 0.7350 
 H085.4_2003  2 0.0516 0.0139 0.0240 0.9105 
 H085.5_2002  2 0.0508 0.0274 0.0677 0.8541 
 H085.5_2003  2 0.2386 0.0168 0.0117 0.7329 
 H085.6_2002  2 0.2948 0.1774 0.0702 0.4575 
 H085.6_2003  2 0.0415 0.0648 0.1954 0.6983 
 H085.7_2002  2 0.4322 0.1031 0.1018 0.3630 
 H085.7_2003  2 0.0218 0.0310 0.0163 0.9309 
 H085.8_2002  2 0.0979 0.1955 0.1556 0.5510 
 H085.8_2003  2 0.4543 0.0599 0.0614 0.4244 
      H085.9  2 0.1240 0.0744 0.0592 0.7424 
      H088.1  2 0.8628 0.0391 0.0720 0.0262 
      H088.2  2 0.8652 0.0253 0.0821 0.0274 
      H088.3  2 0.9321 0.0237 0.0289 0.0153 
      H088.4  2 0.9146 0.0328 0.0229 0.0297 
      H088.5  2 0.9454 0.0187 0.0214 0.0145 
      H088.6  2 0.8794 0.0367 0.0539 0.0300 
      H088.7  2 0.6576 0.1159 0.0798 0.1467 
      H088.8  2 0.6831 0.1334 0.0715 0.1120 
      H091.1  2 0.9321 0.0171 0.0187 0.0322 
      H091.2  2 0.8646 0.0169 0.0264 0.0920 
      H109.1  2 0.2816 0.4863 0.0300 0.2021 
      H109.2  2 0.4448 0.1733 0.0314 0.3505 
      H109.3  2 0.2067 0.2593 0.2746 0.2594 
      H109.4  2 0.2548 0.5702 0.0347 0.1402 
      H109.5  2 0.1096 0.0399 0.3837 0.4668 
      H109.6  2 0.1782 0.3792 0.0595 0.3831 
      H126.1  2 0.0485 0.3242 0.2547 0.3726 
      H126.2  2 0.0257 0.0444 0.0205 0.9093 
      H126.3  2 0.0181 0.0292 0.0108 0.9419 
      H126.4  2 0.0409 0.1309 0.0343 0.7939 
      H126.5  2 0.0131 0.0311 0.0270 0.9288 
      H126.6  2 0.0122 0.0167 0.0135 0.9577 
      H126.7  2 0.0253 0.0114 0.0104 0.9529 
      H130.1  2 0.4183 0.2189 0.2728 0.0900 
      H130.2  2 0.8183 0.0902 0.0280 0.0634 
      H130.3  2 0.6705 0.1983 0.0609 0.0703 
      H130.4  2 0.3188 0.5346 0.1077 0.0389 
      H130.5  2 0.7902 0.0463 0.0476 0.1159 
      H133.1  2 0.1474 0.7307 0.0585 0.0634 
      H133.2  2 0.1419 0.2999 0.1711 0.3871 
      H133.3  2 0.1835 0.5451 0.1686 0.1027 
      H133.4  2 0.0558 0.7103 0.1279 0.1060 
      H133.5  2 0.2448 0.6528 0.0459 0.0564 
      H133.6  2 0.3997 0.3155 0.0778 0.2069 
      H133.7  2 0.0401 0.3906 0.4212 0.1481 
      H133.8  2 0.0513 0.8221 0.0508 0.0758 
      H133.9  2 0.1888 0.7254 0.0479 0.0379 
      H147.1  2 0.1917 0.0786 0.0566 0.6731 
      H147.2  2 0.0177 0.0126 0.0109 0.9588 
      H147.3  2 0.0200 0.0125 0.0149 0.9526 
      H147.4  2 0.0852 0.0610 0.0222 0.8316 
      H147.5  2 0.4281 0.0201 0.0325 0.5192 
      H147.6  2 0.4851 0.0297 0.0449 0.4403 
      H147.7  2 0.0923 0.0719 0.0337 0.8022 
      H147.8  2 0.5616 0.0273 0.0097 0.4014 
      H147.9  2 0.0251 0.0115 0.0120 0.9515 
      H148.1  2 0.0533 0.8699 0.0370 0.0398 
      H148.2  2 0.0628 0.8150 0.0619 0.0604 
      H148.3  2 0.0230 0.0751 0.8545 0.0474 
      H148.4  2 0.0282 0.8063 0.1088 0.0566 
      H148.5  2 0.1550 0.4074 0.3886 0.0491 
      H148.6  2 0.1072 0.6752 0.1651 0.0525 
      H148.7  2 0.1044 0.7675 0.1100 0.0181 
      H148.8  2 0.0443 0.3097 0.6152 0.0308 
      H148.9  2 0.0715 0.7326 0.1115 0.0844 
   H166022.1  2 0.9501 0.0132 0.0170 0.0197 
   H166022.2  2 0.8709 0.0388 0.0493 0.0410 
   H166022.3  2 0.9646 0.0136 0.0130 0.0088 
   H166022.4  2 0.9651 0.0144 0.0116 0.0089 
   H166022.5  2 0.9566 0.0169 0.0157 0.0108 
   H166022.6  2 0.9360 0.0286 0.0223 0.0130 
   H166022.7  2 0.0131 0.9614 0.0103 0.0153 
   H166022.8  2 0.8239 0.0628 0.0831 0.0301 
   H167397.1  2 0.0449 0.7738 0.0621 0.1192 
   H167397.2  2 0.0293 0.8848 0.0609 0.0249 
   H167397.3  2 0.0208 0.9061 0.0327 0.0404 
   H167397.4  2 0.0513 0.7457 0.1656 0.0374 
   H167397.5  2 0.0214 0.9233 0.0214 0.0338 
   H167397.6  2 0.0260 0.8316 0.0603 0.0821 
   H167496.1  2 0.2507 0.0476 0.6736 0.0281 
   H167496.2  2 0.0665 0.3434 0.3560 0.2341 
   H167496.3  2 0.4727 0.0546 0.2960 0.1766 
   H167496.4  2 0.9484 0.0146 0.0122 0.0248 
   H167496.6  2 0.8766 0.0430 0.0190 0.0614 
   H167496.7  2 0.1690 0.0494 0.7319 0.0497 
   H167496.8  2 0.8049 0.0531 0.0490 0.0930 
   H167513.1  2 0.1500 0.7315 0.0619 0.0565 
   H167513.2  2 0.1046 0.4550 0.3058 0.1345 
   H167513.3  2 0.7024 0.1941 0.0656 0.0379 
   H167513.4  2 0.7206 0.1891 0.0586 0.0318 
   H167513.5  2 0.0976 0.6818 0.0939 0.1266 
   H167513.6  2 0.3481 0.2148 0.2164 0.2207 
   H167513.7  2 0.5165 0.3994 0.0227 0.0614 
   H167513.8  2 0.1315 0.7396 0.0471 0.0817 
   H167547.1  2 0.0772 0.1391 0.7463 0.0374 
   H167547.2  2 0.2742 0.0900 0.5683 0.0674 
   H167547.3  2 0.2812 0.1124 0.5416 0.0648 
   H167547.4  2 0.6311 0.2534 0.0811 0.0344 
   H167547.5  2 0.4537 0.0668 0.4510 0.0285 
   H167547.6  2 0.4722 0.0543 0.4378 0.0357 
   H167547.7  2 0.0601 0.1065 0.7233 0.1100 
   H169750.1  2 0.5247 0.1767 0.2182 0.0804 
   H169750.2  2 0.0803 0.5766 0.0880 0.2551 
   H169750.3  2 0.5632 0.0856 0.1954 0.1557 
   H169750.4  2 0.0336 0.7233 0.2027 0.0404 
   H169750.5  2 0.6187 0.1446 0.0932 0.1435 
   H169750.6  2 0.2526 0.0786 0.0236 0.6452 
   H169750.7  2 0.0854 0.5484 0.1635 0.2027 
   H171929.1  2 0.0450 0.6343 0.1516 0.1692 
  H171929.10  2 0.2420 0.2832 0.2705 0.2043 
  H171929.11  2 0.0657 0.5265 0.1549 0.2530 
   H171929.2  2 0.2293 0.2941 0.3487 0.1278 
   H171929.3  2 0.1918 0.4921 0.1887 0.1274 
   H171929.4  2 0.4284 0.0520 0.3619 0.1577 
   H171929.5  2 0.1405 0.6575 0.1052 0.0969 
   H171929.6  2 0.0701 0.7999 0.0649 0.0652 
   H171929.7  2 0.1194 0.2691 0.2457 0.3659 
   H171929.8  2 0.1342 0.1195 0.4239 0.3224 
   H171929.9  2 0.4158 0.0609 0.1232 0.4000 
   H171930.1  2 0.1996 0.6510 0.0772 0.0723 
   H171930.2  2 0.7294 0.0899 0.0728 0.1079 
   H171930.3  2 0.1084 0.7718 0.0886 0.0312 
   H171930.4  2 0.6732 0.2415 0.0597 0.0256 
   H171930.5  2 0.3752 0.2090 0.0709 0.3449 
   H171930.6  2 0.4843 0.1115 0.1284 0.2758 
   H171930.7  2 0.0651 0.8554 0.0562 0.0234 
   H171930.8  2 0.0570 0.7800 0.1230 0.0399 
   H171933.1  2 0.9382 0.0267 0.0224 0.0127 
   H171933.2  2 0.8920 0.0533 0.0229 0.0318 
   H171933.3  2 0.9413 0.0148 0.0280 0.0160 
   H171933.4  2 0.8457 0.0311 0.1063 0.0169 
   H171933.5  2 0.6736 0.0523 0.2418 0.0323 
   H171933.6  2 0.9409 0.0110 0.0171 0.0309 
   H171933.7  2 0.9175 0.0189 0.0230 0.0405 
   H171933.8  2 0.8027 0.1033 0.0636 0.0304 
   H171933.9  2 0.9614 0.0102 0.0157 0.0127 
      H190.1  2 0.7595 0.0394 0.1469 0.0542 
      H190.2  2 0.0188 0.0265 0.2159 0.7389 
      H190.3  2 0.1349 0.0864 0.4262 0.3525 
      H190.4  2 0.9187 0.0186 0.0450 0.0176 
      H190.5  2 0.0246 0.0259 0.0699 0.8796 
      H190.6  2 0.8257 0.0269 0.1198 0.0276 
      H190.7  2 0.1578 0.0343 0.6847 0.1231 
      H190.8  2 0.0482 0.0335 0.2042 0.7141 
      H190.9  2 0.0977 0.0692 0.5467 0.2864 
      H400.1  2 0.9535 0.0182 0.0120 0.0163 
      H400.2  2 0.9362 0.0199 0.0089 0.0350 
      H400.3  2 0.9103 0.0382 0.0250 0.0265 
      H400.4  2 0.9383 0.0161 0.0173 0.0283 
      H400.5  2 0.9351 0.0214 0.0131 0.0303 
      H400.6  2 0.9418 0.0134 0.0117 0.0331 
      H400.7  2 0.9660 0.0111 0.0121 0.0109 
 H428.1_2005  2 0.9331 0.0259 0.0150 0.0260 
 H428.1_2006  2 0.9085 0.0183 0.0394 0.0339 
 H428.2_2005  2 0.9389 0.0384 0.0142 0.0085 
 H428.2_2006  2 0.9093 0.0191 0.0146 0.0571 
 H428.3_2005  2 0.9674 0.0093 0.0139 0.0094 
 H428.3_2006  2 0.8667 0.0333 0.0187 0.0813 
 H428.4_2005  2 0.9570 0.0142 0.0196 0.0092 
 H428.4_2006  2 0.9551 0.0129 0.0155 0.0164 
 H428.5_2005  2 0.9450 0.0224 0.0096 0.0230 
 H428.6_2005  2 0.9283 0.0205 0.0229 0.0283 
 H428.6_2006  2 0.9327 0.0255 0.0173 0.0245 
      H428.7  2 0.9691 0.0086 0.0066 0.0157 
      H428.8  2 0.9363 0.0219 0.0108 0.0310 
      H428.9  2 0.9558 0.0203 0.0073 0.0166 
      H453.1  2 0.9139 0.0263 0.0188 0.0410 
      H453.2  2 0.9494 0.0173 0.0195 0.0138 
      H453.3  2 0.9515 0.0137 0.0182 0.0166 
      H453.4  2 0.9588 0.0116 0.0115 0.0181 
      H453.5  2 0.9579 0.0138 0.0108 0.0175 
      H453.6  2 0.9683 0.0083 0.0080 0.0153 
      H453.7  2 0.4344 0.0523 0.0894 0.4238 
      H453.8  2 0.6579 0.0847 0.0970 0.1603 
      H453.9  2 0.6556 0.0188 0.0158 0.3099 
      H512.1  2 0.9559 0.0094 0.0181 0.0166 
     H512.10  2 0.6866 0.1883 0.0905 0.0345 
      H512.2  2 0.6810 0.0893 0.1827 0.0470 
      H512.3  2 0.5489 0.2092 0.2182 0.0237 
      H512.4  2 0.7182 0.1118 0.0774 0.0926 
      H512.5  2 0.1895 0.5493 0.2327 0.0285 
      H512.6  2 0.5488 0.1227 0.2870 0.0415 
      H512.7  2 0.7054 0.2081 0.0640 0.0226 
      H512.8  2 0.5382 0.1200 0.3000 0.0419 
      H512.9  2 0.7779 0.1088 0.0712 0.0421 
      H513.1  2 0.9524 0.0171 0.0115 0.0190 
      H513.2  2 0.9596 0.0197 0.0086 0.0122 
      H513.3  2 0.9633 0.0143 0.0087 0.0137 
      H513.4  2 0.9361 0.0108 0.0188 0.0344 
      H513.5  2 0.9608 0.0133 0.0077 0.0182 
      H513.6  2 0.7075 0.2538 0.0122 0.0266 
      H532.1  2 0.7741 0.0684 0.0300 0.1275 
      H532.2  2 0.8834 0.0245 0.0416 0.0505 
      H532.3  2 0.8750 0.0233 0.0483 0.0534 
      H532.4  2 0.4058 0.0447 0.0396 0.5099 
      H532.5  2 0.8766 0.0551 0.0202 0.0481 
      H532.6  2 0.7526 0.0698 0.0236 0.1540 
      H532.7  2 0.8573 0.0260 0.0144 0.1023 
      H532.8  2 0.7079 0.0696 0.0558 0.1666 
      H543.1  2 0.0300 0.9473 0.0139 0.0089 
      H543.2  2 0.2276 0.7149 0.0346 0.0229 
      H543.3  2 0.0249 0.9426 0.0163 0.0162 
      H543.4  2 0.0151 0.9456 0.0273 0.0120 
      H543.5  2 0.0134 0.9626 0.0128 0.0112 
      H543.6  2 0.0320 0.9390 0.0177 0.0114 
      H543.7  2 0.0098 0.9672 0.0151 0.0080 
      H543.8  2 0.0435 0.9042 0.0177 0.0346 
      H543.9  2 0.0261 0.9384 0.0197 0.0158 
 H545.1_2005  2 0.0077 0.9723 0.0065 0.0134 
 H545.1_2006  2 0.0134 0.9509 0.0115 0.0243 
 H545.2_2005  2 0.0128 0.9569 0.0084 0.0219 
 H545.2_2006  2 0.0132 0.9665 0.0097 0.0106 
 H545.3_2005  2 0.0154 0.9435 0.0218 0.0193 
 H545.3_2006  2 0.0086 0.9658 0.0059 0.0197 
 H545.4_2005  2 0.0139 0.9038 0.0527 0.0296 
 H545.4_2006  2 0.0124 0.9563 0.0118 0.0194 
 H545.5_2005  2 0.0112 0.9473 0.0066 0.0349 
 H545.5_2006  2 0.0205 0.9484 0.0136 0.0175 
 H545.6_2005  2 0.0084 0.9758 0.0057 0.0102 
 H545.6_2006  2 0.0139 0.9659 0.0083 0.0119 
 H545.7_2005  2 0.0113 0.9682 0.0067 0.0138 
 H545.7_2006  2 0.0135 0.9635 0.0081 0.0149 
 H545.8_2005  2 0.0303 0.9220 0.0146 0.0331 
 H545.8_2006  2 0.0101 0.9689 0.0084 0.0126 
      H545.9  2 0.0172 0.9517 0.0144 0.0167 
      H547.1  2 0.9446 0.0149 0.0220 0.0184 
      H547.2  2 0.7745 0.0477 0.1433 0.0345 
      H547.3  2 0.7945 0.0510 0.1317 0.0227 
      H547.4  2 0.7804 0.0541 0.0722 0.0934 
      H547.5  2 0.8347 0.0151 0.1407 0.0095 
      H547.6  2 0.9302 0.0329 0.0195 0.0174 
      H547.7  2 0.8422 0.0777 0.0438 0.0363 
      H547.8  2 0.9438 0.0178 0.0239 0.0145 
      H548.1  2 0.0101 0.9711 0.0090 0.0099 
      H548.2  2 0.0135 0.9548 0.0194 0.0124 
      H548.3  2 0.0142 0.9607 0.0107 0.0143 
      H548.4  2 0.0129 0.9285 0.0198 0.0388 
      H548.5  2 0.0092 0.9657 0.0126 0.0125 
      H548.6  2 0.0092 0.9694 0.0088 0.0126 
      H548.7  2 0.0121 0.9604 0.0119 0.0155 
      H548.8  2 0.0116 0.9548 0.0139 0.0197 
      H548.9  2 0.0158 0.9434 0.0191 0.0217 
     H7389.1  2 0.9639 0.0097 0.0126 0.0138 
     H7389.2  2 0.9461 0.0251 0.0148 0.0140 
     H7389.3  2 0.9475 0.0206 0.0181 0.0138 
     H7389.4  2 0.8858 0.0291 0.0097 0.0754 
     H7389.5  2 0.9094 0.0398 0.0137 0.0372 
     H7389.6  2 0.9232 0.0201 0.0208 0.0359 
     H7389.7  2 0.9348 0.0260 0.0187 0.0205 
     H7389.8  2 0.5268 0.4037 0.0201 0.0494 
     H7389.9  2 0.8918 0.0619 0.0115 0.0348 
      H747.1  2 0.4340 0.1480 0.3690 0.0489 
      H747.2  2 0.2053 0.4879 0.2585 0.0483 
      H747.3  2 0.4219 0.3233 0.2208 0.0340 
      H747.4  2 0.2303 0.2205 0.3995 0.1497 
      H747.5  2 0.2157 0.5437 0.2094 0.0312 
      H747.6  2 0.2334 0.6986 0.0438 0.0241 
      H747.7  2 0.4783 0.4140 0.0839 0.0238 
     H7484.1  2 0.0660 0.0245 0.0265 0.8830 
     H7484.2  2 0.0425 0.0416 0.0297 0.8863 
     H7484.3  2 0.0403 0.0782 0.0618 0.8197 
     H7484.4  2 0.0912 0.0277 0.0223 0.8588 
     H7484.5  2 0.1106 0.0898 0.0229 0.7767 
     H7484.6  2 0.0906 0.4397 0.3303 0.1395 
     H7484.7  2 0.1060 0.1881 0.0431 0.6628 
     H7484.8  2 0.3606 0.0573 0.0316 0.5505 
     H7485.1  2 0.0206 0.9415 0.0215 0.0164 
     H7485.2  2 0.0181 0.9556 0.0069 0.0193 
     H7485.3  2 0.0093 0.9644 0.0092 0.0170 
     H7485.4  2 0.0133 0.9603 0.0061 0.0204 
     H7485.5  2 0.0105 0.9384 0.0165 0.0346 
     H7485.6  2 0.0236 0.9062 0.0189 0.0513 
     H7485.7  2 0.0097 0.9440 0.0156 0.0306 
     H7496.1  2 0.8475 0.0198 0.0565 0.0762 
    H7496.10  2 0.9493 0.0122 0.0119 0.0266 
    H7496.11  2 0.0316 0.9255 0.0187 0.0242 
     H7496.2  2 0.9130 0.0235 0.0281 0.0353 
     H7496.3  2 0.2956 0.0429 0.0603 0.6012 
     H7496.4  2 0.9350 0.0226 0.0233 0.0191 
     H7496.5  2 0.8935 0.0312 0.0366 0.0386 
     H7496.6  2 0.9188 0.0182 0.0297 0.0332 
     H7496.7  2 0.9380 0.0166 0.0171 0.0284 
     H7496.8  2 0.7157 0.1228 0.0655 0.0961 
        UNK4  2 0.6211 0.2907 0.0361 0.0521 
        UNK5  2 0.6872 0.1564 0.0170 0.1394 
        UNK6  2 0.7927 0.1423 0.0290 0.0360 
        UNK7  2 0.7710 0.1663 0.0163 0.0463 
        UNK8  2 0.5162 0.4231 0.0130 0.0477 
        UNK9  2 0.6370 0.1369 0.0141 0.2119 
      H009.1  4 0.0237 0.1663 0.7835 0.0264 
      H009.2  4 0.0242 0.1205 0.8334 0.0219 
      H009.3  4 0.0176 0.1922 0.7437 0.0466 
      H009.4  4 0.0253 0.2346 0.7187 0.0214 
      H009.5  4 0.0532 0.3402 0.5032 0.1034 
      H009.6  4 0.0208 0.1178 0.7533 0.1082 
      H046.4  4 0.1598 0.2035 0.1119 0.5247 
      H046.8  4 0.0997 0.2282 0.4318 0.2402 
 H076.1_2002  4 0.0244 0.0178 0.9450 0.0127 
 H076.1_2003  4 0.0131 0.0179 0.9598 0.0092 
 H076.1_2004  4 0.0101 0.0136 0.9635 0.0128 
 H076.2_2002  4 0.0258 0.0190 0.9403 0.0149 
 H076.2_2003  4 0.0111 0.0214 0.9572 0.0103 
 H076.2_2004  4 0.0269 0.0396 0.9123 0.0212 
 H076.3_2002  4 0.0199 0.0204 0.9382 0.0215 
 H076.3_2003  4 0.0304 0.1669 0.7768 0.0259 
 H076.3_2004  4 0.0172 0.0227 0.9478 0.0122 
 H076.4_2002  4 0.0259 0.0206 0.9268 0.0266 
 H076.4_2003  4 0.0133 0.0199 0.9556 0.0111 
 H076.4_2004  4 0.0461 0.0689 0.8656 0.0194 
 H076.5_2002  4 0.0278 0.0121 0.9443 0.0157 
 H076.5_2003  4 0.0618 0.3035 0.6030 0.0318 
 H076.5_2004  4 0.0290 0.0341 0.9113 0.0256 
 H076.6_2002  4 0.0195 0.0247 0.9227 0.0332 
 H076.6_2003  4 0.0219 0.0344 0.9321 0.0116 
 H076.6_2004  4 0.0121 0.0181 0.9529 0.0169 
 H076.7_2002  4 0.0850 0.0724 0.8037 0.0389 
 H076.7_2003  4 0.1148 0.1461 0.7176 0.0215 
 H076.7_2004  4 0.0180 0.0345 0.9332 0.0143 
      H477.1  4 0.9195 0.0329 0.0274 0.0202 
      H477.2  4 0.7784 0.0923 0.0712 0.0581 
      H477.3  4 0.7595 0.1252 0.0242 0.0912 
      H477.4  4 0.6972 0.2546 0.0168 0.0313 
      H477.5  4 0.4991 0.3711 0.0639 0.0659 
      H477.6  4 0.4446 0.3371 0.0336 0.1847 
      H477.7  4 0.6085 0.3505 0.0160 0.0250 
 H479.1_2005  4 0.4993 0.1963 0.0182 0.2862 
 H479.1_2006  4 0.0807 0.0902 0.7287 0.1004 
     H479.10  4 0.0699 0.1125 0.1105 0.7071 
 H479.2_2005  4 0.1508 0.1226 0.0591 0.6675 
 H479.2_2006  4 0.5486 0.2474 0.1269 0.0771 
 H479.3_2005  4 0.6789 0.0678 0.0946 0.1587 
 H479.3_2006  4 0.6314 0.0648 0.2693 0.0345 
 H479.4_2005  4 0.2651 0.4698 0.1305 0.1345 
 H479.4_2006  4 0.3411 0.0607 0.0237 0.5745 
 H479.5_2005  4 0.0518 0.0481 0.0537 0.8464 
 H479.5_2006  4 0.6526 0.0864 0.0419 0.2190 
 H479.6_2005  4 0.3221 0.3335 0.2256 0.1188 
 H479.6_2006  4 0.4800 0.0424 0.0122 0.4653 
 H479.7_2005  4 0.7635 0.0842 0.0352 0.1170 
 H479.7_2006  4 0.6459 0.1540 0.0272 0.1729 
 H479.8_2005  4 0.8672 0.0379 0.0168 0.0781 
 H479.8_2006  4 0.0194 0.2354 0.1698 0.5754 
      H479.9  4 0.0454 0.0336 0.8965 0.0245 
      H516.1  4 0.0246 0.0263 0.8552 0.0939 
      H516.2  4 0.0352 0.4523 0.3916 0.1208 
      H516.3  4 0.0387 0.1705 0.4682 0.3226 
      H516.4  4 0.0307 0.2276 0.6820 0.0597 
      H516.5  4 0.0250 0.0826 0.8464 0.0460 
      H516.6  4 0.0217 0.6599 0.2672 0.0512 
      H516.7  4 0.0815 0.1230 0.6077 0.1878 
      H516.8  4 0.0193 0.0677 0.8460 0.0669 
      H516.9  4 0.0360 0.0655 0.3334 0.5651 
      H646.1  4 0.0492 0.0161 0.8979 0.0369 
      H646.2  4 0.0380 0.0178 0.9316 0.0126 
      H646.3  4 0.0166 0.0243 0.9397 0.0194 
      H646.4  4 0.1451 0.0180 0.8206 0.0163 
      H646.5  4 0.0391 0.0428 0.8873 0.0308 
      H658.1  4 0.0185 0.4215 0.5333 0.0267 
     H658.10  4 0.0696 0.0591 0.8546 0.0167 
      H658.2  4 0.0350 0.1876 0.7262 0.0512 
      H658.3  4 0.0788 0.2196 0.6615 0.0402 
      H658.4  4 0.0469 0.1967 0.6971 0.0593 
      H658.5  4 0.4034 0.1083 0.3800 0.1083 
      H658.6  4 0.0484 0.0805 0.8536 0.0176 
      H658.7  4 0.0186 0.0251 0.9397 0.0166 
      H658.8  4 0.0141 0.0538 0.9221 0.0101 
      H658.9  4 0.0377 0.1111 0.7757 0.0755 
      H682.1  4 0.2933 0.0953 0.0458 0.5656 
      H682.6  4 0.1317 0.1181 0.2136 0.5366 
      H720.1  4 0.6881 0.0444 0.1593 0.1082 
      H720.2  4 0.6803 0.0729 0.2129 0.0340 
      H720.3  4 0.1370 0.0990 0.5221 0.2418 
      H720.4  4 0.2877 0.1628 0.2211 0.3285 
      H720.5  4 0.1196 0.1340 0.1722 0.5743 
      H720.6  4 0.1043 0.1081 0.1596 0.6280 
      H720.7  4 0.8323 0.1117 0.0328 0.0231 
      H720.8  4 0.3621 0.0256 0.1915 0.4208 
      H720.9  4 0.0527 0.0499 0.0509 0.8465 
      H724.1  4 0.0447 0.0483 0.8544 0.0527 
      H724.2  4 0.2265 0.0564 0.6668 0.0503 
      H724.3  4 0.2163 0.0324 0.5577 0.1936 
      H724.4  4 0.0221 0.0321 0.9012 0.0447 
      H724.5  4 0.2047 0.0285 0.5241 0.2428 
      H724.6  4 0.0414 0.0758 0.8524 0.0304 
      H725.1  4 0.0445 0.0465 0.0743 0.8347 
      H725.2  4 0.2920 0.4059 0.0957 0.2063 
      H725.3  4 0.0849 0.6400 0.0699 0.2052 
      H725.4  4 0.1358 0.5354 0.0411 0.2877 
      H725.5  4 0.8532 0.0700 0.0520 0.0248 
      H725.6  4 0.0571 0.2043 0.6215 0.1171 
      H725.7  4 0.0206 0.0479 0.0851 0.8463 
      H725.8  4 0.0222 0.7154 0.2155 0.0468 
      H726.1  4 0.0116 0.0297 0.9493 0.0094 
      H726.2  4 0.0286 0.0226 0.9296 0.0192 
      H726.3  4 0.0134 0.0247 0.9489 0.0130 
      H726.4  4 0.0159 0.2078 0.7275 0.0488 
      H726.5  4 0.0135 0.0472 0.9143 0.0250 
        UNK1  4 0.4463 0.3991 0.1107 0.0439 
        UNK2  4 0.0605 0.3907 0.2344 0.3144 
        UNK3  4 0.2822 0.4213 0.2671 0.0295 
      H016.1  5 0.0325 0.7895 0.0536 0.1243 
      H016.2  5 0.0194 0.2311 0.0183 0.7313 
      H016.3  5 0.0726 0.3868 0.3737 0.1668 
      H016.4  5 0.0343 0.2293 0.0169 0.7195 
 H017.1_2002  5 0.0632 0.1742 0.7228 0.0398 
 H017.1_2003  5 0.1340 0.8256 0.0173 0.0231 
 H017.2_2002  5 0.0291 0.1309 0.5889 0.2511 
 H017.2_2003  5 0.0458 0.8587 0.0247 0.0708 
 H017.3_2002  5 0.0369 0.8800 0.0613 0.0218 
 H017.3_2003  5 0.1260 0.6052 0.2109 0.0579 
 H017.4_2002  5 0.0942 0.5372 0.1149 0.2537 
 H017.4_2003  5 0.0099 0.9472 0.0144 0.0286 
 H017.5_2002  5 0.0152 0.8998 0.0325 0.0526 
 H017.5_2003  5 0.0294 0.7804 0.0481 0.1421 
 H017.6_2002  5 0.1495 0.2992 0.4839 0.0673 
 H017.6_2003  5 0.0480 0.3386 0.4768 0.1366 
 H017.7_2002  5 0.0941 0.5903 0.1317 0.1838 
 H017.7_2003  5 0.0629 0.8517 0.0263 0.0590 
      H017.8  5 0.0544 0.5666 0.1320 0.2470 
      H017.9  5 0.1128 0.6693 0.1753 0.0427 
      H032.1  5 0.0207 0.9212 0.0391 0.0189 
      H032.2  5 0.0231 0.9443 0.0192 0.0135 
      H032.3  5 0.0492 0.8576 0.0565 0.0367 
      H032.4  5 0.0143 0.8906 0.0416 0.0535 
      H032.5  5 0.0377 0.4172 0.5198 0.0253 
      H032.6  5 0.0364 0.2905 0.6461 0.0270 
      H032.7  5 0.0562 0.8726 0.0414 0.0298 
 H034.1_2002  5 0.0161 0.0994 0.8023 0.0822 
 H034.1_2003  5 0.0705 0.1685 0.5801 0.1808 
 H034.2_2002  5 0.0209 0.3920 0.4972 0.0899 
 H034.2_2003  5 0.1405 0.2228 0.5292 0.1074 
 H034.3_2002  5 0.0299 0.2945 0.5997 0.0759 
 H034.3_2003  5 0.1147 0.1818 0.6247 0.0788 
 H034.4_2002  5 0.0608 0.1171 0.5185 0.3036 
 H034.4_2003  5 0.0444 0.4133 0.4932 0.0491 
 H034.5_2002  5 0.0132 0.1231 0.8479 0.0159 
 H034.5_2003  5 0.0438 0.5665 0.3595 0.0302 
 H034.6_2002  5 0.0242 0.3231 0.5671 0.0856 
 H034.6_2003  5 0.0706 0.5895 0.2979 0.0420 
 H034.7_2002  5 0.0308 0.2043 0.7050 0.0599 
 H034.7_2003  5 0.0333 0.6903 0.2443 0.0322 
 H034.8_2002  5 0.0332 0.1130 0.7451 0.1087 
 H034.8_2003  5 0.0216 0.3763 0.5791 0.0230 
      H034.9  5 0.0389 0.2748 0.6268 0.0596 
      H048.1  5 0.1214 0.6410 0.1180 0.1197 
      H048.2  5 0.2705 0.4616 0.0847 0.1833 
      H048.3  5 0.1937 0.3975 0.3704 0.0383 
      H048.4  5 0.0633 0.6092 0.2668 0.0607 
      H048.5  5 0.1646 0.5214 0.1001 0.2140 
      H048.6  5 0.0591 0.5188 0.3233 0.0987 
      H048.7  5 0.0485 0.6623 0.1524 0.1368 
      H048.8  5 0.0205 0.6847 0.2342 0.0605 
      H060.1  5 0.0228 0.7488 0.0180 0.2104 
     H060.10  5 0.0181 0.6952 0.0267 0.2600 
      H060.2  5 0.0346 0.6519 0.0311 0.2825 
      H060.3  5 0.0149 0.5632 0.1232 0.2987 
      H060.4  5 0.0267 0.8380 0.0263 0.1090 
      H060.5  5 0.0204 0.8131 0.0360 0.1305 
      H060.6  5 0.0173 0.7988 0.0291 0.1548 
      H060.7  5 0.0594 0.5081 0.0888 0.3437 
      H060.8  5 0.0360 0.6870 0.0367 0.2403 
      H060.9  5 0.0127 0.8329 0.0451 0.1093 
 H070.1_2002  5 0.2279 0.3142 0.1178 0.3401 
 H070.1_2003  5 0.0252 0.3139 0.0678 0.5931 
 H070.1_2004  5 0.0324 0.1912 0.5708 0.2056 
 H070.2_2002  5 0.3555 0.2415 0.3051 0.0978 
 H070.2_2003  5 0.0836 0.6179 0.1965 0.1020 
 H070.2_2004  5 0.0207 0.1130 0.7646 0.1017 
 H070.3_2002  5 0.0404 0.0798 0.0581 0.8216 
 H070.3_2003  5 0.0514 0.5999 0.2011 0.1476 
 H070.3_2004  5 0.0345 0.4759 0.2739 0.2158 
 H070.4_2002  5 0.0429 0.1394 0.7621 0.0556 
 H070.4_2003  5 0.0484 0.6679 0.0757 0.2079 
 H070.4_2004  5 0.0484 0.0720 0.1998 0.6797 
 H070.5_2002  5 0.0205 0.0581 0.0188 0.9026 
 H070.5_2003  5 0.0316 0.5597 0.1320 0.2766 
 H070.5_2004  5 0.0189 0.0867 0.7435 0.1508 
 H070.6_2002  5 0.1224 0.3256 0.1593 0.3927 
 H070.6_2003  5 0.1014 0.2119 0.5812 0.1055 
 H070.6_2004  5 0.0595 0.0664 0.5023 0.3718 
      H077.1  5 0.0230 0.3676 0.3232 0.2862 
      H077.2  5 0.0121 0.8096 0.0702 0.1080 
      H077.3  5 0.0413 0.1411 0.7581 0.0594 
      H077.4  5 0.0415 0.5093 0.3798 0.0694 
      H077.5  5 0.0267 0.6494 0.2837 0.0403 
      H077.6  5 0.0134 0.8250 0.0624 0.0991 
      H097.1  5 0.1669 0.1324 0.1320 0.5687 
      H097.2  5 0.8036 0.0892 0.0671 0.0401 
      H097.3  5 0.2316 0.0401 0.4469 0.2815 
      H097.4  5 0.6228 0.0316 0.0645 0.2811 
      H097.5  5 0.6297 0.0635 0.1772 0.1297 
      H097.6  5 0.8176 0.0313 0.0481 0.1030 
      H097.7  5 0.4046 0.0402 0.0836 0.4715 
      H124.1  5 0.0452 0.0463 0.1723 0.7362 
      H124.2  5 0.0366 0.5883 0.0233 0.3518 
      H124.3  5 0.0281 0.3159 0.0237 0.6323 
      H124.4  5 0.0447 0.5098 0.0497 0.3958 
      H124.5  5 0.0375 0.2811 0.0490 0.6324 
      H132.1  5 0.0259 0.0684 0.0633 0.8424 
      H132.2  5 0.0243 0.1361 0.1414 0.6982 
      H132.3  5 0.0272 0.1455 0.0449 0.7824 
      H132.4  5 0.0202 0.0334 0.1044 0.8421 
      H132.5  5 0.0309 0.2095 0.1771 0.5824 
      H132.6  5 0.0242 0.1698 0.0603 0.7457 
      H132.7  5 0.0983 0.3163 0.0328 0.5527 
      H155.1  5 0.0186 0.0562 0.0146 0.9106 
      H155.2  5 0.0300 0.0410 0.0298 0.8993 
      H155.3  5 0.0376 0.0237 0.0130 0.9257 
      H155.4  5 0.0129 0.0269 0.0110 0.9492 
      H155.5  5 0.0196 0.0334 0.0208 0.9262 
      H155.6  5 0.1279 0.2150 0.0354 0.6217 
      H155.7  5 0.0119 0.0161 0.0199 0.9521 
      H155.8  5 0.0535 0.0527 0.0223 0.8715 
      H155.9  5 0.0446 0.0682 0.0322 0.8550 
      H169.1  5 0.0954 0.5305 0.3429 0.0313 
      H169.2  5 0.0589 0.3858 0.5285 0.0268 
      H169.3  5 0.0842 0.0664 0.8317 0.0177 
      H169.4  5 0.0823 0.7398 0.1382 0.0397 
      H169.5  5 0.0729 0.5819 0.3219 0.0233 
      H169.6  5 0.0980 0.7763 0.0875 0.0382 
      H457.1  5 0.7175 0.0581 0.1595 0.0650 
      H457.2  5 0.8759 0.0575 0.0257 0.0409 
      H457.3  5 0.9380 0.0221 0.0265 0.0133 
      H457.4  5 0.8335 0.0350 0.0980 0.0334 
      H457.5  5 0.1318 0.6679 0.0748 0.1255 
      H457.6  5 0.6095 0.1983 0.1058 0.0864 
      H457.7  5 0.2474 0.1383 0.5047 0.1097 
      H457.8  5 0.3356 0.4776 0.0640 0.1227 
      H462.1  5 0.0514 0.0369 0.0291 0.8826 
      H462.2  5 0.0320 0.0236 0.0269 0.9175 
      H462.3  5 0.1737 0.1196 0.0262 0.6804 
      H462.4  5 0.0661 0.1034 0.1004 0.7302 
      H462.5  5 0.0584 0.1157 0.0744 0.7515 
      H462.6  5 0.0507 0.0751 0.0314 0.8428 
      H462.7  5 0.4922 0.0439 0.0315 0.4324 
      H462.8  5 0.0279 0.0298 0.1001 0.8422 
      H462.9  5 0.0981 0.0346 0.0338 0.8335 
      H481.1  5 0.0214 0.0333 0.9148 0.0305 
      H481.2  5 0.0327 0.1200 0.1583 0.6889 
      H481.3  5 0.0210 0.1947 0.2827 0.5016 
      H481.4  5 0.0305 0.2251 0.2007 0.5437 
      H481.5  5 0.0217 0.0626 0.5172 0.3985 
      H481.6  5 0.1413 0.0265 0.2834 0.5487 
      H481.7  5 0.0888 0.0503 0.3574 0.5035 
      H481.8  5 0.3057 0.0324 0.3760 0.2860 
      H509.1  5 0.1529 0.6884 0.0885 0.0702 
      H509.2  5 0.6115 0.1151 0.1369 0.1364 
      H509.3  5 0.7843 0.0787 0.0694 0.0675 
      H509.4  5 0.7992 0.0443 0.1058 0.0507 
      H509.5  5 0.3125 0.0785 0.0505 0.5584 
      H509.6  5 0.1343 0.4043 0.0919 0.3695 
      H509.7  5 0.6285 0.0534 0.2096 0.1085 
      H567.1  5 0.8813 0.0693 0.0306 0.0188 
      H567.2  5 0.0694 0.0200 0.0489 0.8617 
      H567.3  5 0.1851 0.0298 0.1055 0.6795 
      H567.4  5 0.9317 0.0259 0.0268 0.0156 
      H567.5  5 0.9061 0.0457 0.0295 0.0186 
      H567.6  5 0.8486 0.1101 0.0239 0.0173 
      H567.7  5 0.2724 0.0275 0.0345 0.6657 
      H567.8  5 0.7830 0.0564 0.0442 0.1164 
      H608.1  5 0.2096 0.1213 0.2129 0.4562 
      H608.2  5 0.1459 0.2120 0.1069 0.5352 
      H608.3  5 0.0678 0.3498 0.0726 0.5098 
      H608.4  5 0.0977 0.3986 0.0601 0.4435 
      H608.5  5 0.0872 0.6758 0.0309 0.2060 
      H608.6  5 0.0454 0.7613 0.0256 0.1677 
      H608.7  5 0.1243 0.6560 0.0559 0.1638 
      H608.8  5 0.0931 0.7664 0.0187 0.1218 
      H615.1  5 0.0109 0.9243 0.0206 0.0442 
      H615.2  5 0.0566 0.7297 0.0217 0.1920 
      H615.3  5 0.1041 0.1093 0.6866 0.1000 
      H615.4  5 0.1651 0.1457 0.1352 0.5540 
      H615.5  5 0.0438 0.4611 0.3671 0.1280 
      H615.6  5 0.0217 0.1279 0.4398 0.4106 
      H635.1  5 0.0584 0.0621 0.6734 0.2062 
      H635.2  5 0.5443 0.2549 0.1354 0.0654 
      H635.3  5 0.1489 0.0865 0.1279 0.6366 
      H635.4  5 0.0430 0.1018 0.1586 0.6966 
      H635.5  5 0.1853 0.0517 0.5048 0.2582 
      H635.6  5 0.0360 0.0595 0.8543 0.0502 
      H635.7  5 0.0997 0.0778 0.4667 0.3558 
