      H105.1  1 0.0139 0.0066 0.0260 0.0056 0.0140 0.0413 0.7783 0.0076 0.0147 0.0074 0.0223 0.0175 0.0051 0.0132 0.0074 0.0060 0.0131 
      H105.2  1 0.0220 0.0214 0.0117 0.0337 0.0160 0.0224 0.6454 0.0078 0.0104 0.0109 0.0551 0.0094 0.0182 0.0189 0.0149 0.0367 0.0453 
      H105.3  1 0.0243 0.0120 0.0065 0.0094 0.0168 0.0109 0.8279 0.0098 0.0076 0.0063 0.0126 0.0153 0.0062 0.0061 0.0057 0.0071 0.0155 
      H105.4  1 0.0078 0.0201 0.0071 0.0381 0.0648 0.0889 0.5782 0.0213 0.0109 0.0146 0.0256 0.0234 0.0307 0.0153 0.0071 0.0273 0.0187 
      H105.5  1 0.0475 0.0598 0.0545 0.0519 0.1416 0.1330 0.0956 0.0660 0.0084 0.0260 0.0519 0.0742 0.0144 0.1016 0.0092 0.0290 0.0356 
      H105.6  1 0.0090 0.0150 0.0038 0.0158 0.0123 0.0240 0.8214 0.0240 0.0081 0.0076 0.0063 0.0185 0.0074 0.0078 0.0051 0.0073 0.0066 
      H105.7  1 0.0064 0.0077 0.0107 0.0062 0.0143 0.0389 0.8125 0.0057 0.0259 0.0062 0.0082 0.0062 0.0057 0.0056 0.0039 0.0296 0.0063 
      H105.8  1 0.0100 0.0053 0.0049 0.0072 0.0069 0.0153 0.8417 0.0075 0.0247 0.0044 0.0229 0.0050 0.0097 0.0087 0.0070 0.0064 0.0123 
      H115.1  1 0.0568 0.0377 0.0370 0.0361 0.0161 0.0245 0.0254 0.3607 0.0471 0.0069 0.0357 0.0543 0.0389 0.1721 0.0116 0.0234 0.0157 
      H115.2  1 0.0227 0.0225 0.0386 0.0506 0.0067 0.0130 0.0281 0.3211 0.0112 0.0109 0.0116 0.0170 0.0320 0.3756 0.0227 0.0070 0.0086 
      H115.3  1 0.0041 0.0081 0.0224 0.0509 0.0121 0.0093 0.0165 0.4558 0.0094 0.0087 0.0101 0.0177 0.0160 0.3291 0.0091 0.0069 0.0140 
      H115.4  1 0.0412 0.0075 0.0414 0.0072 0.0083 0.0078 0.0079 0.0100 0.0063 0.0121 0.0141 0.0156 0.0108 0.7719 0.0063 0.0074 0.0243 
      H115.5  1 0.0150 0.0284 0.0308 0.0214 0.0210 0.0221 0.0368 0.3145 0.0360 0.0136 0.0211 0.0341 0.0082 0.1266 0.0589 0.0128 0.1988 
      H115.6  1 0.0150 0.0346 0.0372 0.0600 0.0148 0.0090 0.0095 0.4516 0.0139 0.0157 0.0076 0.0219 0.0136 0.2265 0.0166 0.0286 0.0240 
      H115.7  1 0.0243 0.2093 0.0584 0.1119 0.0172 0.0131 0.0146 0.0872 0.0070 0.0174 0.0191 0.0237 0.0384 0.2476 0.0056 0.0417 0.0634 
      H115.8  1 0.0114 0.0151 0.0172 0.0236 0.0101 0.0136 0.0245 0.3809 0.0697 0.0082 0.0163 0.0127 0.0078 0.2576 0.0954 0.0101 0.0258 
      H115.9  1 0.0276 0.0113 0.0198 0.0136 0.0077 0.0261 0.0065 0.7816 0.0344 0.0039 0.0062 0.0116 0.0101 0.0200 0.0058 0.0081 0.0057 
      H145.1  1 0.0062 0.0107 0.0086 0.0199 0.0088 0.0153 0.0053 0.0082 0.0075 0.8592 0.0042 0.0109 0.0075 0.0066 0.0129 0.0046 0.0034 
      H145.2  1 0.0055 0.0128 0.0088 0.0127 0.0088 0.0133 0.0105 0.0397 0.0085 0.7855 0.0073 0.0283 0.0117 0.0074 0.0260 0.0094 0.0038 
      H145.3  1 0.0037 0.0061 0.0064 0.0197 0.0083 0.0123 0.0045 0.0060 0.0383 0.8043 0.0042 0.0078 0.0050 0.0069 0.0453 0.0084 0.0125 
      H145.4  1 0.0039 0.0264 0.0086 0.0093 0.0048 0.0182 0.0066 0.0047 0.0087 0.8456 0.0039 0.0108 0.0098 0.0106 0.0172 0.0049 0.0059 
      H145.5  1 0.0044 0.0077 0.0072 0.0166 0.0059 0.0063 0.0038 0.0070 0.0094 0.7844 0.0040 0.0079 0.0049 0.0061 0.1129 0.0046 0.0069 
      H145.6  1 0.0040 0.0228 0.0075 0.0071 0.0058 0.0133 0.0072 0.0137 0.0050 0.8054 0.0053 0.0138 0.0098 0.0079 0.0357 0.0211 0.0146 
      H145.7  1 0.0033 0.0168 0.0076 0.0074 0.0051 0.0137 0.0046 0.0049 0.0087 0.8353 0.0043 0.0265 0.0106 0.0106 0.0100 0.0061 0.0244 
      H149.1  1 0.0043 0.0058 0.0045 0.0055 0.0037 0.0037 0.0047 0.0048 0.0050 0.0057 0.0054 0.9261 0.0037 0.0040 0.0057 0.0042 0.0033 
      H149.2  1 0.0047 0.0075 0.0073 0.0093 0.0056 0.0048 0.0039 0.0036 0.0037 0.0070 0.0038 0.9192 0.0034 0.0037 0.0032 0.0052 0.0040 
      H149.3  1 0.0057 0.0191 0.0210 0.0135 0.0108 0.0077 0.0080 0.0045 0.0089 0.0118 0.0095 0.8331 0.0094 0.0078 0.0053 0.0162 0.0076 
      H149.4  1 0.0040 0.0068 0.0092 0.0072 0.0080 0.0054 0.0163 0.0079 0.0052 0.0054 0.0131 0.8591 0.0239 0.0063 0.0068 0.0092 0.0062 
      H149.5  1 0.0049 0.0102 0.0703 0.0078 0.0104 0.0091 0.0123 0.0028 0.0072 0.0117 0.0148 0.7898 0.0166 0.0049 0.0041 0.0146 0.0087 
      H149.6  1 0.0054 0.0088 0.0118 0.0072 0.0058 0.0052 0.0047 0.0031 0.0047 0.0062 0.0039 0.9074 0.0052 0.0045 0.0037 0.0086 0.0039 
      H149.7  1 0.0086 0.0232 0.0325 0.0141 0.0114 0.0077 0.0226 0.0056 0.0116 0.0122 0.0346 0.6928 0.0458 0.0094 0.0117 0.0481 0.0080 
      H150.1  1 0.0052 0.0149 0.0063 0.0225 0.0087 0.0078 0.0216 0.6255 0.0125 0.0097 0.0051 0.0035 0.0090 0.2135 0.0160 0.0058 0.0125 
      H150.2  1 0.0156 0.0203 0.0190 0.0142 0.0127 0.0054 0.0184 0.1987 0.0077 0.0127 0.0068 0.0152 0.0133 0.5856 0.0304 0.0146 0.0095 
      H150.3  1 0.0193 0.0874 0.0129 0.0394 0.0152 0.0130 0.0247 0.4332 0.0193 0.0194 0.0105 0.0061 0.0186 0.1994 0.0208 0.0397 0.0212 
      H150.4  1 0.0169 0.0162 0.0093 0.0097 0.0103 0.0117 0.0098 0.7789 0.0136 0.0153 0.0055 0.0040 0.0054 0.0512 0.0168 0.0115 0.0138 
      H150.5  1 0.0062 0.0262 0.0188 0.0319 0.0155 0.0086 0.0405 0.1389 0.0062 0.0169 0.0099 0.0091 0.0344 0.6054 0.0070 0.0127 0.0119 
      H150.6  1 0.0078 0.0148 0.0490 0.0482 0.0138 0.0044 0.0896 0.0346 0.0040 0.0183 0.0107 0.0079 0.0311 0.5981 0.0111 0.0099 0.0468 
      H150.7  1 0.0065 0.0130 0.0052 0.0702 0.0050 0.0061 0.0130 0.7672 0.0192 0.0165 0.0068 0.0035 0.0070 0.0348 0.0116 0.0044 0.0101 
   H169607.1  1 0.1238 0.0301 0.0159 0.1749 0.1404 0.0159 0.0106 0.0240 0.0301 0.1433 0.0636 0.0084 0.0209 0.1072 0.0246 0.0315 0.0347 
   H169607.2  1 0.0260 0.0112 0.0092 0.2233 0.0515 0.3193 0.0093 0.0355 0.0841 0.0355 0.0199 0.0206 0.0938 0.0298 0.0047 0.0155 0.0107 
   H169607.3  1 0.0118 0.0186 0.0480 0.2351 0.1792 0.0907 0.0076 0.0122 0.0809 0.0412 0.0343 0.0080 0.0124 0.0692 0.0138 0.1140 0.0231 
   H169607.4  1 0.0095 0.0060 0.0061 0.8364 0.0220 0.0276 0.0070 0.0079 0.0074 0.0226 0.0062 0.0059 0.0100 0.0052 0.0055 0.0095 0.0051 
   H169607.5  1 0.0134 0.0127 0.0511 0.1491 0.0942 0.1899 0.0074 0.0241 0.0763 0.0226 0.0062 0.0315 0.2429 0.0457 0.0086 0.0120 0.0122 
   H169607.6  1 0.0245 0.0082 0.0126 0.2290 0.0371 0.4682 0.0095 0.0121 0.0436 0.0133 0.0327 0.0173 0.0407 0.0202 0.0049 0.0110 0.0152 
   H169607.7  1 0.0273 0.0116 0.0087 0.0340 0.0394 0.1031 0.0143 0.0152 0.0682 0.0121 0.1020 0.0084 0.0558 0.4729 0.0059 0.0074 0.0135 
   H169607.8  1 0.0148 0.0082 0.0078 0.3880 0.0920 0.3207 0.0051 0.0154 0.0304 0.0334 0.0277 0.0071 0.0135 0.0067 0.0044 0.0160 0.0089 
   H169633.1  1 0.0131 0.0145 0.0096 0.0088 0.0055 0.0073 0.0189 0.0137 0.0076 0.0322 0.0172 0.7776 0.0057 0.0132 0.0228 0.0122 0.0203 
   H169633.2  1 0.0423 0.0186 0.0056 0.0058 0.0046 0.0033 0.0141 0.0047 0.0160 0.0164 0.0327 0.7288 0.0079 0.0122 0.0072 0.0611 0.0186 
   H169633.3  1 0.0087 0.0160 0.0080 0.0047 0.0064 0.0047 0.0172 0.0071 0.0104 0.0110 0.0086 0.8616 0.0065 0.0076 0.0064 0.0065 0.0088 
   H169633.4  1 0.0058 0.0132 0.0209 0.0160 0.0065 0.0060 0.0176 0.0107 0.0058 0.0154 0.0096 0.8238 0.0057 0.0069 0.0197 0.0043 0.0120 
   H169633.5  1 0.0069 0.0109 0.0150 0.0168 0.0068 0.0071 0.0155 0.0086 0.0072 0.0162 0.0080 0.8396 0.0049 0.0055 0.0175 0.0033 0.0101 
   H169688.1  1 0.0113 0.0086 0.0087 0.0177 0.0116 0.1339 0.0057 0.0094 0.0093 0.0666 0.0212 0.0409 0.0206 0.1795 0.0047 0.2626 0.1877 
   H169688.2  1 0.0081 0.0061 0.0072 0.0073 0.0118 0.0166 0.0211 0.0206 0.0124 0.0163 0.0377 0.0111 0.0565 0.1634 0.0230 0.4833 0.0976 
   H169688.3  1 0.0059 0.0077 0.0179 0.0070 0.0049 0.0130 0.0132 0.0108 0.0046 0.0125 0.0113 0.0138 0.0254 0.7403 0.0084 0.0802 0.0232 
   H169688.4  1 0.0051 0.0068 0.0094 0.0085 0.0051 0.0091 0.0060 0.0814 0.0069 0.0068 0.0057 0.0078 0.0103 0.7851 0.0122 0.0193 0.0146 
   H169688.5  1 0.0045 0.0059 0.0098 0.0080 0.0051 0.0075 0.0088 0.0795 0.0052 0.0070 0.0085 0.0061 0.0086 0.7941 0.0112 0.0141 0.0160 
   H169688.6  1 0.0064 0.0045 0.0098 0.0081 0.0054 0.0351 0.0284 0.0262 0.0096 0.0189 0.1095 0.0483 0.0936 0.3430 0.0484 0.1249 0.0800 
   H169688.7  1 0.0057 0.0099 0.0076 0.0075 0.0066 0.0058 0.0078 0.0094 0.0058 0.0395 0.0133 0.0088 0.0174 0.8138 0.0072 0.0150 0.0190 
   H171901.1  1 0.0098 0.1658 0.0154 0.1245 0.0103 0.0167 0.0167 0.0480 0.0114 0.0195 0.0138 0.0135 0.0219 0.0827 0.0776 0.3242 0.0282 
   H171901.2  1 0.0069 0.0109 0.0090 0.0488 0.0089 0.0215 0.0184 0.0299 0.0121 0.0232 0.0095 0.7493 0.0111 0.0192 0.0083 0.0060 0.0069 
   H171901.3  1 0.0072 0.0083 0.0226 0.1479 0.0067 0.0072 0.0061 0.0218 0.0103 0.0089 0.0121 0.6391 0.0164 0.0259 0.0095 0.0297 0.0204 
   H171901.4  1 0.0130 0.0066 0.0116 0.0764 0.0181 0.0111 0.0273 0.0141 0.0110 0.0112 0.0151 0.6746 0.0172 0.0591 0.0084 0.0130 0.0123 
   H171901.5  1 0.0107 0.0076 0.0118 0.2000 0.0172 0.0084 0.0200 0.0121 0.0082 0.0194 0.0259 0.5446 0.0430 0.0392 0.0087 0.0184 0.0048 
   H171901.6  1 0.0178 0.0096 0.0095 0.3214 0.0227 0.0131 0.0301 0.0176 0.0098 0.0303 0.0197 0.3791 0.0489 0.0377 0.0069 0.0210 0.0047 
   H171901.7  1 0.0062 0.0110 0.0177 0.0347 0.0056 0.0085 0.0096 0.0159 0.0227 0.0192 0.0090 0.6836 0.0857 0.0382 0.0059 0.0184 0.0080 
   H171902.1  1 0.0156 0.0047 0.0036 0.8599 0.0061 0.0068 0.0053 0.0088 0.0072 0.0075 0.0072 0.0065 0.0081 0.0085 0.0329 0.0050 0.0063 
  H171902.10  1 0.0053 0.0045 0.0044 0.8637 0.0061 0.0069 0.0036 0.0045 0.0037 0.0139 0.0205 0.0146 0.0197 0.0082 0.0087 0.0046 0.0072 
   H171902.2  1 0.0190 0.0078 0.0073 0.6282 0.0224 0.0079 0.0184 0.0120 0.0353 0.0067 0.0373 0.0106 0.0204 0.0145 0.0450 0.0447 0.0624 
   H171902.3  1 0.0150 0.0080 0.0065 0.6758 0.0151 0.0093 0.0080 0.0190 0.0105 0.0161 0.0805 0.0400 0.0396 0.0269 0.0113 0.0094 0.0093 
   H171902.4  1 0.0059 0.0085 0.0044 0.8368 0.0041 0.0055 0.0050 0.0108 0.0079 0.0108 0.0048 0.0572 0.0049 0.0046 0.0174 0.0059 0.0055 
   H171902.6  1 0.0062 0.0048 0.0039 0.8806 0.0055 0.0084 0.0028 0.0070 0.0039 0.0138 0.0132 0.0153 0.0130 0.0041 0.0090 0.0039 0.0049 
   H171902.7  1 0.0047 0.0070 0.0045 0.8641 0.0063 0.0058 0.0045 0.0057 0.0040 0.0155 0.0069 0.0178 0.0131 0.0065 0.0245 0.0051 0.0040 
   H171902.8  1 0.0070 0.0064 0.0060 0.7731 0.0131 0.0090 0.0041 0.0110 0.0070 0.0135 0.0459 0.0214 0.0407 0.0087 0.0147 0.0097 0.0087 
   H171902.9  1 0.0054 0.0085 0.0044 0.8619 0.0077 0.0066 0.0088 0.0210 0.0074 0.0072 0.0050 0.0063 0.0090 0.0063 0.0217 0.0064 0.0063 
   H171903.1  1 0.0168 0.0070 0.0096 0.0210 0.0282 0.7096 0.0112 0.0169 0.0140 0.0076 0.0043 0.0194 0.0388 0.0761 0.0046 0.0086 0.0063 
   H171903.2  1 0.0149 0.0070 0.0386 0.0141 0.0319 0.6259 0.0222 0.0262 0.0515 0.0105 0.0133 0.0118 0.0391 0.0594 0.0157 0.0101 0.0079 
   H171903.3  1 0.0539 0.0157 0.2019 0.0545 0.0455 0.1983 0.0189 0.0202 0.0312 0.0098 0.0101 0.0991 0.0832 0.1138 0.0158 0.0205 0.0076 
   H171903.4  1 0.0055 0.0182 0.0135 0.5299 0.0182 0.0339 0.0110 0.0102 0.0076 0.0175 0.0059 0.0074 0.0184 0.0618 0.0074 0.2160 0.0177 
   H171903.5  1 0.0390 0.0091 0.1313 0.0345 0.0382 0.0627 0.0160 0.0180 0.0280 0.0074 0.0258 0.0521 0.0353 0.4531 0.0098 0.0309 0.0088 
   H171903.6  1 0.0064 0.0074 0.0363 0.1320 0.0560 0.1267 0.0080 0.0135 0.0161 0.0066 0.0087 0.0772 0.0625 0.4040 0.0036 0.0257 0.0095 
      H177.1  1 0.0053 0.0096 0.0118 0.0292 0.0146 0.0272 0.0055 0.0269 0.0058 0.0260 0.0244 0.3919 0.1725 0.0142 0.0126 0.2172 0.0053 
      H177.2  1 0.0096 0.0091 0.0611 0.0224 0.2240 0.0160 0.0070 0.0166 0.0669 0.2459 0.0805 0.0772 0.0880 0.0397 0.0143 0.0095 0.0122 
      H177.3  1 0.0071 0.0120 0.0300 0.0706 0.0392 0.0187 0.0071 0.0389 0.0096 0.0738 0.0762 0.3559 0.1962 0.0268 0.0190 0.0136 0.0053 
      H177.4  1 0.0056 0.0061 0.0228 0.0240 0.0406 0.0209 0.0221 0.0070 0.0071 0.0273 0.0492 0.4559 0.0858 0.0080 0.0070 0.2061 0.0046 
      H177.5  1 0.0045 0.0087 0.0628 0.0230 0.0338 0.0251 0.0391 0.0165 0.0174 0.0143 0.0179 0.0294 0.0685 0.0206 0.0084 0.5975 0.0124 
      H177.6  1 0.0090 0.0140 0.0204 0.0620 0.0418 0.0109 0.0059 0.0627 0.0109 0.0379 0.0649 0.4546 0.1351 0.0270 0.0260 0.0125 0.0042 
      H179.1  1 0.0433 0.0108 0.0080 0.0145 0.0093 0.0051 0.0125 0.0079 0.0113 0.0044 0.8016 0.0096 0.0159 0.0099 0.0050 0.0241 0.0068 
      H179.2  1 0.1383 0.0168 0.0319 0.0146 0.0388 0.0130 0.0132 0.0090 0.0155 0.0073 0.5300 0.0229 0.0561 0.0570 0.0050 0.0235 0.0071 
      H179.3  1 0.0625 0.0150 0.0310 0.0257 0.0108 0.0279 0.0145 0.0222 0.0349 0.0054 0.4885 0.0114 0.0445 0.0291 0.0070 0.1455 0.0241 
      H179.4  1 0.0372 0.0091 0.0152 0.0159 0.0352 0.0165 0.0144 0.0075 0.0337 0.0498 0.2623 0.2798 0.1400 0.0139 0.0070 0.0360 0.0266 
      H180.1  1 0.0111 0.0044 0.0081 0.0062 0.0042 0.0057 0.0098 0.0060 0.0056 0.0043 0.0272 0.0059 0.0075 0.8583 0.0112 0.0064 0.0180 
      H180.2  1 0.0085 0.0065 0.0057 0.0283 0.0106 0.0100 0.0212 0.0144 0.0052 0.0049 0.0146 0.0097 0.0096 0.7821 0.0124 0.0120 0.0445 
      H180.3  1 0.0355 0.0100 0.0172 0.0067 0.0102 0.0124 0.0121 0.0988 0.0698 0.0054 0.0050 0.0072 0.0082 0.6620 0.0201 0.0063 0.0134 
      H180.4  1 0.0063 0.0083 0.0424 0.0159 0.0074 0.0074 0.0766 0.0123 0.0125 0.0073 0.0604 0.0138 0.0213 0.6338 0.0231 0.0184 0.0327 
      H180.5  1 0.0066 0.0051 0.0137 0.0076 0.0118 0.0102 0.0139 0.0096 0.0165 0.0085 0.0234 0.0098 0.0110 0.7852 0.0248 0.0157 0.0269 
      H180.6  1 0.0081 0.0169 0.0272 0.0094 0.0082 0.0139 0.0199 0.0164 0.4971 0.0154 0.0104 0.0175 0.0168 0.2386 0.0486 0.0080 0.0278 
      H181.1  1 0.0086 0.0060 0.1730 0.0280 0.0200 0.0513 0.0072 0.0074 0.0058 0.0132 0.2401 0.2109 0.0106 0.0143 0.0127 0.0109 0.1798 
      H181.2  1 0.0171 0.0100 0.0335 0.0168 0.0108 0.0168 0.0100 0.0105 0.0069 0.0877 0.5950 0.0617 0.0133 0.0200 0.0213 0.0140 0.0546 
      H181.3  1 0.0058 0.0095 0.0157 0.0162 0.0236 0.0204 0.0070 0.0091 0.0088 0.0224 0.6478 0.0295 0.0146 0.0079 0.0095 0.0136 0.1386 
      H181.4  1 0.0094 0.0153 0.2686 0.0224 0.1048 0.0258 0.0103 0.0605 0.0140 0.0625 0.0702 0.1538 0.0503 0.0390 0.0050 0.0188 0.0693 
      H181.5  1 0.0130 0.0186 0.0161 0.0068 0.0106 0.0073 0.0103 0.0052 0.0078 0.0086 0.8192 0.0194 0.0045 0.0054 0.0105 0.0130 0.0237 
      H181.6  1 0.0568 0.0120 0.0207 0.0276 0.0169 0.0221 0.0257 0.0214 0.0081 0.0137 0.6755 0.0311 0.0137 0.0269 0.0045 0.0146 0.0088 
      H181.7  1 0.0098 0.0080 0.0123 0.0137 0.0084 0.0094 0.0119 0.0091 0.0109 0.0102 0.8110 0.0348 0.0114 0.0161 0.0076 0.0070 0.0083 
 H194.1_2004  1 0.0128 0.0327 0.0199 0.0499 0.0061 0.3568 0.0100 0.0117 0.0233 0.0518 0.0035 0.2790 0.0386 0.0709 0.0119 0.0130 0.0081 
 H194.2_2004  1 0.0083 0.0558 0.0793 0.0362 0.0095 0.1796 0.0048 0.0088 0.0072 0.1349 0.0065 0.0689 0.0331 0.0284 0.0505 0.2804 0.0076 
 H194.3_2004  1 0.0066 0.0452 0.0073 0.0213 0.0062 0.0302 0.0085 0.0080 0.0093 0.0701 0.0077 0.7318 0.0156 0.0059 0.0091 0.0136 0.0035 
 H194.4_2004  1 0.0064 0.0137 0.0086 0.0578 0.0100 0.0976 0.0076 0.0061 0.0123 0.2648 0.0063 0.2680 0.0116 0.0072 0.0232 0.1909 0.0079 
 H194.5_2004  1 0.0120 0.0381 0.0094 0.0305 0.0103 0.0465 0.0155 0.0090 0.0195 0.0515 0.0074 0.6827 0.0285 0.0077 0.0055 0.0191 0.0067 
 H194.6_2004  1 0.0058 0.0224 0.0111 0.0284 0.0089 0.0125 0.0056 0.0093 0.0081 0.0171 0.0062 0.6438 0.0188 0.0066 0.0081 0.1816 0.0058 
 H194.7_2004  1 0.0062 0.0926 0.0200 0.0070 0.0118 0.4778 0.0112 0.0075 0.0912 0.0256 0.0071 0.1568 0.0109 0.0227 0.0103 0.0297 0.0116 
 H194.8_2004  1 0.0083 0.0444 0.0133 0.0172 0.0199 0.0246 0.0091 0.0129 0.0174 0.1100 0.0059 0.3810 0.0204 0.0114 0.0157 0.2793 0.0092 
      H194.9  1 0.0065 0.1552 0.0165 0.0245 0.0147 0.2054 0.0146 0.0207 0.1419 0.0952 0.0074 0.2024 0.0152 0.0155 0.0147 0.0358 0.0137 
 H195.1_2003  1 0.0154 0.0124 0.0071 0.0146 0.0111 0.0109 0.1731 0.0060 0.0072 0.6227 0.0088 0.0312 0.0191 0.0140 0.0038 0.0320 0.0107 
 H195.1_2004  1 0.0028 0.0062 0.0049 0.0042 0.0046 0.0036 0.0044 0.0038 0.0038 0.9281 0.0050 0.0055 0.0038 0.0049 0.0058 0.0031 0.0055 
 H195.2_2003  1 0.0206 0.0065 0.0037 0.0244 0.0233 0.0384 0.0397 0.0196 0.0162 0.7188 0.0087 0.0095 0.0079 0.0289 0.0075 0.0181 0.0081 
 H195.2_2004  1 0.0040 0.0054 0.0042 0.0038 0.0047 0.0054 0.0054 0.0039 0.0060 0.9144 0.0042 0.0072 0.0039 0.0062 0.0092 0.0062 0.0060 
 H195.3_2003  1 0.0096 0.0114 0.0097 0.0227 0.0415 0.0530 0.2116 0.0768 0.0180 0.3967 0.0073 0.0087 0.0392 0.0255 0.0064 0.0505 0.0116 
 H195.3_2004  1 0.0042 0.0057 0.0044 0.0059 0.0041 0.0077 0.0053 0.0035 0.0044 0.9169 0.0039 0.0112 0.0045 0.0039 0.0049 0.0037 0.0058 
 H195.4_2003  1 0.0099 0.0067 0.0073 0.0090 0.0060 0.0075 0.0140 0.0049 0.0061 0.8830 0.0050 0.0159 0.0045 0.0070 0.0033 0.0055 0.0045 
 H195.4_2004  1 0.0045 0.0045 0.0038 0.0056 0.0047 0.0075 0.0046 0.0041 0.0077 0.9067 0.0039 0.0060 0.0042 0.0052 0.0046 0.0070 0.0154 
 H195.5_2003  1 0.0087 0.0101 0.0079 0.0149 0.0084 0.0071 0.1647 0.0071 0.0072 0.6677 0.0074 0.0179 0.0188 0.0110 0.0039 0.0228 0.0145 
 H195.5_2004  1 0.0038 0.0053 0.0046 0.0043 0.0048 0.0069 0.0051 0.0044 0.0070 0.9136 0.0049 0.0075 0.0057 0.0051 0.0056 0.0045 0.0067 
 H195.6_2003  1 0.0061 0.0046 0.0044 0.0098 0.0103 0.0190 0.0350 0.0186 0.0075 0.8390 0.0040 0.0062 0.0070 0.0107 0.0054 0.0062 0.0063 
 H195.6_2004  1 0.0049 0.0055 0.0038 0.0040 0.0051 0.0072 0.0078 0.0023 0.0045 0.9188 0.0053 0.0060 0.0047 0.0045 0.0054 0.0047 0.0055 
 H195.7_2003  1 0.0086 0.0081 0.0058 0.0096 0.0152 0.0074 0.0172 0.0042 0.0124 0.7279 0.0112 0.0208 0.0126 0.0282 0.0031 0.0962 0.0116 
 H195.7_2004  1 0.0030 0.0053 0.0045 0.0036 0.0041 0.0041 0.0043 0.0067 0.0043 0.9114 0.0044 0.0037 0.0044 0.0048 0.0206 0.0041 0.0070 
      H195.8  1 0.0029 0.0045 0.0046 0.0054 0.0040 0.0071 0.0042 0.0042 0.0062 0.9148 0.0035 0.0038 0.0042 0.0053 0.0048 0.0053 0.0152 
      H195.9  1 0.0035 0.0056 0.0047 0.0081 0.0077 0.0116 0.0047 0.0034 0.0065 0.9031 0.0042 0.0089 0.0080 0.0062 0.0042 0.0048 0.0047 
      H415.1  1 0.4952 0.0294 0.0155 0.0279 0.0054 0.0094 0.0086 0.1200 0.0302 0.0314 0.0088 0.0518 0.0153 0.0441 0.0846 0.0156 0.0069 
      H415.2  1 0.0743 0.0097 0.0102 0.7730 0.0081 0.0056 0.0058 0.0097 0.0062 0.0062 0.0082 0.0295 0.0156 0.0136 0.0130 0.0079 0.0033 
      H415.3  1 0.7319 0.0106 0.0172 0.0239 0.0144 0.0035 0.0084 0.0071 0.0041 0.0149 0.0238 0.0433 0.0343 0.0381 0.0083 0.0120 0.0043 
      H415.4  1 0.7198 0.0268 0.0125 0.0180 0.0080 0.0066 0.0119 0.0524 0.0254 0.0239 0.0056 0.0239 0.0065 0.0210 0.0227 0.0073 0.0075 
      H415.5  1 0.6950 0.0114 0.0145 0.0208 0.0095 0.0035 0.0069 0.0071 0.0049 0.0177 0.0160 0.1081 0.0264 0.0314 0.0107 0.0112 0.0049 
      H415.6  1 0.7155 0.0390 0.0130 0.0212 0.0079 0.0061 0.0086 0.0514 0.0204 0.0278 0.0066 0.0259 0.0056 0.0149 0.0183 0.0092 0.0086 
      H415.7  1 0.4015 0.0087 0.0135 0.2210 0.0944 0.0041 0.0088 0.0118 0.0082 0.0355 0.0212 0.0841 0.0243 0.0295 0.0147 0.0135 0.0053 
      H506.1  1 0.0204 0.0078 0.0048 0.0051 0.0097 0.0041 0.0086 0.0034 0.0060 0.0053 0.8546 0.0384 0.0067 0.0040 0.0061 0.0060 0.0090 
      H506.2  1 0.0064 0.0049 0.0042 0.0055 0.0082 0.0041 0.0055 0.0046 0.0042 0.0101 0.8932 0.0271 0.0047 0.0043 0.0046 0.0040 0.0045 
      H506.3  1 0.0111 0.0069 0.0091 0.0064 0.0147 0.0045 0.0155 0.0047 0.0132 0.0052 0.8319 0.0100 0.0105 0.0070 0.0293 0.0092 0.0107 
      H506.4  1 0.0275 0.0110 0.0084 0.0073 0.0307 0.0077 0.0126 0.0066 0.0146 0.0045 0.7897 0.0252 0.0133 0.0067 0.0132 0.0133 0.0078 
      H506.5  1 0.0118 0.0046 0.0033 0.0053 0.0110 0.0054 0.0055 0.0046 0.0050 0.0072 0.8829 0.0268 0.0056 0.0039 0.0059 0.0053 0.0059 
      H506.6  1 0.0082 0.0067 0.0142 0.0087 0.0153 0.0128 0.0096 0.0106 0.0077 0.0116 0.8250 0.0083 0.0126 0.0072 0.0149 0.0159 0.0106 
      H506.7  1 0.0130 0.0051 0.0034 0.0058 0.0114 0.0039 0.0068 0.0037 0.0054 0.0074 0.8729 0.0342 0.0047 0.0045 0.0055 0.0059 0.0064 
      H533.1  1 0.0075 0.0041 0.0060 0.0043 0.0057 0.0039 0.0062 0.0034 0.0056 0.0040 0.8938 0.0241 0.0099 0.0053 0.0064 0.0034 0.0062 
      H533.2  1 0.0076 0.0043 0.0057 0.0042 0.0055 0.0039 0.0067 0.0035 0.0052 0.0045 0.8847 0.0326 0.0076 0.0049 0.0093 0.0042 0.0056 
      H533.3  1 0.0132 0.0051 0.0289 0.0130 0.0109 0.0068 0.0054 0.0071 0.0091 0.0043 0.7806 0.0418 0.0452 0.0082 0.0083 0.0045 0.0075 
      H533.4  1 0.0251 0.0071 0.0202 0.0211 0.0089 0.0109 0.0074 0.0119 0.0077 0.0158 0.5364 0.1683 0.0981 0.0186 0.0164 0.0075 0.0186 
      H535.1  1 0.0106 0.0158 0.0103 0.0214 0.0453 0.0209 0.0067 0.0145 0.0095 0.0244 0.0148 0.7398 0.0218 0.0086 0.0067 0.0244 0.0047 
      H535.2  1 0.0047 0.0060 0.0124 0.0066 0.0246 0.0129 0.0229 0.0060 0.0280 0.0599 0.0397 0.6707 0.0221 0.0066 0.0037 0.0291 0.0442 
      H535.3  1 0.0045 0.0076 0.0124 0.0095 0.0247 0.0138 0.0525 0.0111 0.0293 0.0472 0.0303 0.6198 0.0156 0.0072 0.0055 0.0185 0.0906 
      H535.4  1 0.0081 0.0066 0.0044 0.0039 0.0048 0.0044 0.0094 0.0041 0.0041 0.0111 0.0046 0.9057 0.0071 0.0051 0.0033 0.0037 0.0097 
      H535.5  1 0.0067 0.0050 0.0057 0.0045 0.0070 0.0083 0.0084 0.0035 0.0048 0.0067 0.0049 0.8954 0.0124 0.0067 0.0036 0.0099 0.0063 
      H535.6  1 0.0072 0.0207 0.0220 0.0405 0.0371 0.0354 0.0055 0.0117 0.0110 0.0831 0.0085 0.4793 0.0331 0.0089 0.0056 0.1742 0.0161 
      H535.7  1 0.0047 0.0051 0.0057 0.0042 0.0066 0.0075 0.0101 0.0055 0.0065 0.0058 0.0046 0.8982 0.0079 0.0073 0.0052 0.0101 0.0050 
      H535.8  1 0.0063 0.0064 0.0064 0.0052 0.0082 0.0073 0.0145 0.0065 0.0169 0.0233 0.0067 0.7811 0.0143 0.0059 0.0045 0.0631 0.0233 
      H535.9  1 0.0053 0.0087 0.0092 0.0260 0.0182 0.0254 0.0282 0.0189 0.0077 0.0302 0.0132 0.7607 0.0095 0.0114 0.0085 0.0083 0.0105 
      H539.1  1 0.0046 0.0037 0.0035 0.0063 0.0047 0.0087 0.0038 0.9310 0.0035 0.0041 0.0029 0.0032 0.0044 0.0044 0.0046 0.0035 0.0031 
      H539.2  1 0.0241 0.0097 0.0263 0.0150 0.0135 0.0329 0.0133 0.2072 0.0229 0.0099 0.0108 0.0108 0.3090 0.2091 0.0216 0.0213 0.0426 
      H539.3  1 0.0052 0.0153 0.0084 0.0279 0.0110 0.0619 0.0134 0.6921 0.0269 0.0163 0.0049 0.0093 0.0240 0.0113 0.0270 0.0306 0.0145 
      H539.4  1 0.0078 0.0049 0.0096 0.0058 0.0087 0.0048 0.0092 0.8604 0.0093 0.0047 0.0098 0.0045 0.0138 0.0189 0.0143 0.0073 0.0062 
      H539.5  1 0.0044 0.0054 0.0052 0.0051 0.0066 0.0093 0.0034 0.9086 0.0140 0.0043 0.0029 0.0044 0.0056 0.0067 0.0061 0.0038 0.0042 
      H539.6  1 0.0071 0.0077 0.0039 0.0087 0.0096 0.0074 0.0042 0.8860 0.0098 0.0065 0.0036 0.0047 0.0076 0.0130 0.0063 0.0057 0.0085 
      H539.7  1 0.0055 0.0051 0.0043 0.0093 0.0045 0.0044 0.0048 0.9046 0.0052 0.0054 0.0044 0.0067 0.0085 0.0117 0.0051 0.0063 0.0041 
      H539.8  1 0.0077 0.0309 0.0122 0.0195 0.0098 0.0116 0.0401 0.6207 0.0087 0.0129 0.0101 0.0268 0.0198 0.0451 0.0434 0.0595 0.0211 
      H539.9  1 0.0057 0.0035 0.0052 0.0038 0.0051 0.0061 0.0059 0.9104 0.0084 0.0041 0.0048 0.0034 0.0055 0.0089 0.0096 0.0041 0.0053 
      H540.1  1 0.0044 0.0057 0.0188 0.0357 0.0400 0.0125 0.0050 0.7476 0.0110 0.0099 0.0105 0.0113 0.0351 0.0243 0.0127 0.0076 0.0080 
      H540.2  1 0.0061 0.0064 0.0100 0.0153 0.0119 0.0095 0.0038 0.8791 0.0053 0.0048 0.0080 0.0063 0.0082 0.0106 0.0051 0.0067 0.0030 
      H540.3  1 0.0114 0.0455 0.0517 0.0528 0.0207 0.0062 0.0083 0.4547 0.0051 0.0113 0.0103 0.0231 0.0241 0.0101 0.2224 0.0289 0.0134 
      H540.4  1 0.0088 0.0124 0.0281 0.0218 0.0200 0.0089 0.0060 0.7243 0.0062 0.0094 0.0231 0.0097 0.0308 0.0629 0.0050 0.0157 0.0068 
      H540.5  1 0.0069 0.0084 0.0143 0.0135 0.0142 0.0087 0.0041 0.8291 0.0085 0.0047 0.0155 0.0121 0.0107 0.0095 0.0192 0.0099 0.0106 
      H540.6  1 0.0087 0.0173 0.0527 0.0229 0.0368 0.0255 0.0062 0.6811 0.0189 0.0122 0.0237 0.0127 0.0165 0.0148 0.0123 0.0104 0.0274 
      H540.7  1 0.0110 0.0056 0.0225 0.0144 0.0109 0.0095 0.0063 0.8329 0.0072 0.0047 0.0067 0.0119 0.0177 0.0223 0.0050 0.0052 0.0061 
      H540.8  1 0.0083 0.0092 0.0468 0.1801 0.0111 0.0186 0.0080 0.4597 0.0065 0.0059 0.0068 0.0310 0.0824 0.1054 0.0072 0.0089 0.0041 
     H9558.1  1 0.0049 0.0058 0.0033 0.0163 0.0044 0.0083 0.0051 0.8893 0.0041 0.0058 0.0058 0.0043 0.0118 0.0104 0.0057 0.0098 0.0049 
     H9558.2  1 0.0075 0.0084 0.0042 0.0055 0.0062 0.0090 0.0082 0.8844 0.0086 0.0039 0.0112 0.0063 0.0078 0.0072 0.0063 0.0102 0.0051 
     H9558.3  1 0.0153 0.0119 0.0082 0.0067 0.0090 0.0136 0.0176 0.8499 0.0106 0.0066 0.0059 0.0062 0.0051 0.0073 0.0110 0.0076 0.0077 
     H9558.4  1 0.0080 0.0040 0.0058 0.0061 0.0065 0.0065 0.0054 0.8793 0.0049 0.0035 0.0058 0.0057 0.0210 0.0205 0.0054 0.0068 0.0049 
     H9558.5  1 0.0153 0.0077 0.0170 0.0050 0.0059 0.0033 0.0142 0.8434 0.0044 0.0033 0.0065 0.0089 0.0170 0.0169 0.0157 0.0105 0.0049 
     H9558.6  1 0.0083 0.0128 0.0567 0.0136 0.0111 0.0066 0.0082 0.7746 0.0518 0.0066 0.0059 0.0070 0.0065 0.0063 0.0101 0.0086 0.0054 
    kos339.1  1 0.0248 0.0061 0.0127 0.0177 0.0300 0.0061 0.0061 0.0122 0.0163 0.0051 0.0191 0.7968 0.0164 0.0080 0.0058 0.0110 0.0059 
    kos339.2  1 0.0137 0.0133 0.0127 0.0048 0.0086 0.0039 0.0109 0.0075 0.0152 0.0112 0.0111 0.8541 0.0045 0.0072 0.0078 0.0060 0.0076 
    kos339.3  1 0.0071 0.0039 0.0053 0.0038 0.0049 0.0043 0.0042 0.0045 0.0057 0.0043 0.0042 0.9227 0.0051 0.0081 0.0040 0.0042 0.0036 
    kos339.4  1 0.0123 0.0055 0.0053 0.0042 0.0055 0.0035 0.0052 0.0051 0.0060 0.0051 0.0053 0.9089 0.0049 0.0074 0.0042 0.0058 0.0056 
    kos339.5  1 0.0107 0.0080 0.0085 0.0090 0.0188 0.0044 0.0071 0.0102 0.0119 0.0041 0.0094 0.8585 0.0146 0.0080 0.0034 0.0069 0.0066 
    kos339.6  1 0.0100 0.0100 0.0122 0.0063 0.0096 0.0046 0.0057 0.0050 0.0078 0.0063 0.0048 0.8914 0.0048 0.0040 0.0076 0.0041 0.0058 
    kos339.7  1 0.0081 0.0042 0.0050 0.0042 0.0043 0.0035 0.0032 0.0036 0.0047 0.0065 0.0055 0.9224 0.0063 0.0067 0.0048 0.0036 0.0034 
    kos339.8  1 0.0308 0.0069 0.0121 0.0052 0.0107 0.0034 0.0083 0.0046 0.0071 0.0065 0.0120 0.8522 0.0067 0.0093 0.0093 0.0064 0.0084 
    kos339.9  1 0.0080 0.0094 0.0072 0.0102 0.0124 0.0062 0.0109 0.0176 0.0147 0.0117 0.0079 0.8391 0.0129 0.0148 0.0058 0.0051 0.0059 
      H008.1  2 0.0084 0.0127 0.0090 0.0133 0.0061 0.0067 0.0204 0.0335 0.7962 0.0093 0.0128 0.0077 0.0141 0.0245 0.0070 0.0065 0.0119 
      H008.2  2 0.0108 0.0126 0.0205 0.0363 0.0136 0.0527 0.2323 0.0720 0.1125 0.0169 0.0676 0.0192 0.1344 0.0177 0.0907 0.0174 0.0728 
      H008.3  2 0.0104 0.0331 0.0206 0.0248 0.0139 0.0907 0.1027 0.0139 0.0864 0.0197 0.0622 0.0245 0.2368 0.0595 0.0395 0.0428 0.1184 
      H008.4  2 0.0336 0.0578 0.0092 0.0285 0.0092 0.0157 0.0179 0.0256 0.6513 0.0210 0.0131 0.0099 0.0128 0.0084 0.0509 0.0237 0.0114 
      H008.5  2 0.0075 0.0213 0.0119 0.0113 0.0092 0.0168 0.0212 0.0076 0.7495 0.0059 0.0117 0.0181 0.0210 0.0234 0.0142 0.0362 0.0132 
      H008.6  2 0.0290 0.0204 0.0140 0.0598 0.0176 0.0382 0.2247 0.0384 0.2513 0.0147 0.0255 0.0108 0.0955 0.0104 0.1018 0.0383 0.0095 
      H008.7  2 0.0220 0.0461 0.0103 0.0336 0.0139 0.0171 0.1190 0.0336 0.3368 0.0401 0.0316 0.0145 0.0565 0.0141 0.1059 0.0524 0.0526 
      H008.8  2 0.0108 0.0161 0.0094 0.0443 0.0182 0.0278 0.0208 0.4620 0.1509 0.0576 0.0462 0.0138 0.0166 0.0512 0.0154 0.0091 0.0297 
      H008.9  2 0.0121 0.0281 0.0120 0.2864 0.0099 0.0346 0.2364 0.0192 0.0201 0.0357 0.0189 0.0141 0.0526 0.0118 0.1818 0.0143 0.0121 
 H029.1_2002  2 0.0674 0.0161 0.0080 0.0239 0.0204 0.0068 0.0073 0.0420 0.6456 0.0088 0.0162 0.0054 0.0074 0.0075 0.0223 0.0848 0.0101 
 H029.1_2003  2 0.0141 0.0219 0.0110 0.0169 0.0154 0.0113 0.0080 0.0095 0.0272 0.0090 0.0146 0.0099 0.0168 0.0076 0.0137 0.7878 0.0053 
 H029.2_2002  2 0.0080 0.0084 0.0063 0.0123 0.0271 0.0114 0.0131 0.0070 0.5512 0.0199 0.0337 0.1171 0.0283 0.0073 0.0382 0.0794 0.0313 
 H029.2_2003  2 0.0065 0.0058 0.0101 0.0208 0.0172 0.0132 0.0189 0.0096 0.0789 0.0161 0.0286 0.0517 0.1192 0.0129 0.0283 0.5558 0.0065 
 H029.3_2002  2 0.0092 0.0071 0.0122 0.0084 0.0215 0.0196 0.0075 0.0088 0.2697 0.0198 0.1521 0.1150 0.0185 0.0122 0.1966 0.0922 0.0296 
 H029.3_2003  2 0.0076 0.0118 0.0118 0.0053 0.0108 0.0061 0.0236 0.0060 0.4368 0.0057 0.0251 0.0099 0.0244 0.0075 0.0076 0.3940 0.0061 
 H029.4_2002  2 0.0077 0.0141 0.0072 0.0040 0.0051 0.0044 0.0064 0.0045 0.7787 0.0091 0.0169 0.0060 0.0076 0.0104 0.0165 0.0859 0.0154 
 H029.4_2003  2 0.0078 0.0050 0.0094 0.0108 0.0076 0.0096 0.0107 0.0299 0.0729 0.0057 0.0192 0.0047 0.0207 0.0145 0.0173 0.7462 0.0078 
 H029.5_2002  2 0.0108 0.0258 0.0072 0.0083 0.0084 0.0048 0.0114 0.0093 0.7785 0.0054 0.0085 0.0054 0.0075 0.0041 0.0059 0.0844 0.0143 
 H029.5_2003  2 0.0065 0.0076 0.0062 0.0086 0.0061 0.0048 0.0198 0.0077 0.2496 0.0056 0.0097 0.0058 0.0405 0.0095 0.0121 0.5948 0.0051 
 H029.6_2002  2 0.0076 0.0136 0.0075 0.0064 0.0063 0.0069 0.0055 0.0043 0.3756 0.0117 0.0220 0.0086 0.0102 0.0088 0.0471 0.4376 0.0202 
 H029.6_2003  2 0.0067 0.0258 0.0178 0.0162 0.0322 0.0077 0.0289 0.0155 0.4066 0.0164 0.0437 0.0588 0.1268 0.0136 0.0127 0.1554 0.0152 
      H029.7  2 0.0064 0.0055 0.0046 0.0101 0.0141 0.0166 0.0068 0.0097 0.7173 0.0352 0.0164 0.0342 0.0155 0.0082 0.0393 0.0413 0.0190 
      H030.1  2 0.0060 0.0141 0.4783 0.0135 0.1100 0.0095 0.0892 0.0063 0.0372 0.0149 0.0300 0.0113 0.0223 0.0138 0.0044 0.1237 0.0155 
      H030.2  2 0.1981 0.0108 0.2874 0.0091 0.0134 0.0052 0.0310 0.0129 0.0813 0.0244 0.0107 0.0057 0.0084 0.0274 0.0691 0.0284 0.1769 
      H038.1  2 0.0063 0.0065 0.0060 0.0078 0.0063 0.0080 0.0058 0.0116 0.8696 0.0053 0.0073 0.0058 0.0056 0.0044 0.0304 0.0075 0.0059 
      H038.2  2 0.0120 0.0090 0.0083 0.0056 0.0075 0.0030 0.0068 0.0050 0.8782 0.0080 0.0052 0.0154 0.0065 0.0080 0.0058 0.0090 0.0066 
      H038.3  2 0.0220 0.0134 0.0177 0.0055 0.0368 0.0051 0.0101 0.0183 0.7640 0.0144 0.0086 0.0126 0.0054 0.0122 0.0405 0.0054 0.0079 
      H038.4  2 0.0135 0.0210 0.0084 0.0049 0.0183 0.0046 0.0080 0.0111 0.8089 0.0261 0.0086 0.0085 0.0048 0.0085 0.0304 0.0051 0.0094 
      H038.5  2 0.0063 0.0107 0.0161 0.0060 0.0088 0.0035 0.0079 0.0182 0.8031 0.0080 0.0206 0.0120 0.0105 0.0149 0.0285 0.0126 0.0124 
      H038.6  2 0.0091 0.0043 0.0091 0.0069 0.0080 0.0043 0.0057 0.0111 0.8806 0.0032 0.0056 0.0064 0.0117 0.0107 0.0095 0.0096 0.0040 
      H038.7  2 0.0244 0.0043 0.0067 0.0053 0.0337 0.0035 0.0089 0.0152 0.8408 0.0047 0.0066 0.0087 0.0068 0.0106 0.0111 0.0052 0.0034 
      H038.8  2 0.0129 0.0135 0.0163 0.0044 0.0217 0.0044 0.0051 0.0128 0.7693 0.0173 0.0066 0.0096 0.0041 0.0117 0.0732 0.0045 0.0125 
      H041.1  2 0.0135 0.0542 0.0101 0.0160 0.0458 0.0198 0.0825 0.0118 0.2214 0.0243 0.0165 0.0185 0.0169 0.0087 0.0387 0.2999 0.1015 
      H041.2  2 0.0445 0.1698 0.0082 0.0136 0.0189 0.0060 0.0499 0.0085 0.0816 0.0126 0.0080 0.0116 0.0077 0.0050 0.0202 0.5286 0.0053 
      H041.4  2 0.0113 0.0243 0.0088 0.0705 0.0110 0.0180 0.0309 0.0197 0.1829 0.0215 0.0150 0.0098 0.0098 0.0103 0.0231 0.5223 0.0106 
      H041.6  2 0.0271 0.0339 0.0128 0.0426 0.0274 0.0253 0.0211 0.0764 0.1920 0.0275 0.0114 0.0155 0.0085 0.0101 0.0139 0.4364 0.0181 
 H042.1_2002  2 0.0205 0.0315 0.0087 0.0337 0.0120 0.0126 0.0075 0.0458 0.0106 0.0254 0.0059 0.0140 0.0161 0.0458 0.0130 0.6874 0.0095 
 H042.1_2003  2 0.0452 0.0844 0.0245 0.0514 0.0684 0.0136 0.2905 0.0570 0.0668 0.0530 0.0139 0.0088 0.0483 0.0312 0.0770 0.0518 0.0140 
 H042.2_2002  2 0.1862 0.0283 0.0057 0.0074 0.0062 0.0117 0.0099 0.0095 0.1032 0.0109 0.0086 0.0116 0.0360 0.0227 0.0350 0.4948 0.0126 
 H042.2_2003  2 0.0226 0.4681 0.0102 0.0369 0.0153 0.0126 0.0156 0.0354 0.1045 0.0136 0.0061 0.0094 0.0196 0.0141 0.0057 0.2056 0.0048 
 H042.3_2002  2 0.1342 0.1060 0.0132 0.0108 0.0075 0.0134 0.0165 0.0341 0.0113 0.0273 0.0097 0.0116 0.0213 0.1162 0.0198 0.4420 0.0052 
 H042.3_2003  2 0.1183 0.0618 0.0182 0.0177 0.0105 0.0124 0.0319 0.0430 0.0502 0.0212 0.0101 0.0087 0.0482 0.2757 0.0217 0.2137 0.0366 
 H042.4_2002  2 0.0074 0.0341 0.0127 0.0208 0.0080 0.0049 0.0069 0.0144 0.0129 0.0093 0.0047 0.0150 0.0092 0.0079 0.0141 0.8103 0.0073 
 H042.4_2003  2 0.0088 0.0146 0.0099 0.0262 0.0459 0.0252 0.0123 0.0359 0.0498 0.0162 0.0068 0.0117 0.0082 0.0101 0.0049 0.6963 0.0172 
      H042.5  2 0.0052 0.0090 0.0046 0.0084 0.0070 0.0119 0.0094 0.0084 0.0054 0.0088 0.0046 0.0063 0.0066 0.0099 0.0029 0.8868 0.0048 
      H042.6  2 0.0126 0.0067 0.0059 0.0094 0.0148 0.0414 0.0046 0.0343 0.0198 0.0091 0.0062 0.0065 0.0077 0.0352 0.0125 0.7660 0.0073 
      H042.7  2 0.1303 0.1383 0.0066 0.0144 0.0423 0.0094 0.0153 0.0217 0.0234 0.0859 0.0066 0.0068 0.0080 0.0330 0.0057 0.4464 0.0059 
      H042.8  2 0.0628 0.0453 0.0057 0.0140 0.0057 0.0207 0.0214 0.0160 0.0134 0.0200 0.0061 0.0060 0.0188 0.0157 0.0159 0.7079 0.0045 
   H042_2002  2 0.2226 0.0435 0.0112 0.0781 0.0385 0.0887 0.0348 0.2023 0.0876 0.0166 0.0116 0.0068 0.0209 0.0477 0.0337 0.0486 0.0070 
   H042_2003  2 0.2036 0.0362 0.0077 0.0938 0.0344 0.1010 0.0358 0.2039 0.0740 0.0146 0.0143 0.0056 0.0150 0.0687 0.0291 0.0557 0.0065 
      H043.1  2 0.0102 0.0036 0.0096 0.0088 0.0131 0.0064 0.0184 0.7722 0.0165 0.0082 0.0183 0.0147 0.0102 0.0466 0.0232 0.0096 0.0105 
      H043.2  2 0.0039 0.0053 0.0039 0.0042 0.0043 0.0081 0.0061 0.8921 0.0102 0.0078 0.0063 0.0077 0.0057 0.0106 0.0170 0.0037 0.0030 
      H043.3  2 0.0341 0.0052 0.0075 0.0144 0.0490 0.0132 0.0159 0.6615 0.1015 0.0094 0.0241 0.0095 0.0082 0.0212 0.0120 0.0093 0.0042 
      H043.4  2 0.0139 0.0048 0.0073 0.0139 0.0158 0.0187 0.0113 0.8083 0.0240 0.0100 0.0083 0.0169 0.0061 0.0108 0.0188 0.0057 0.0053 
      H043.5  2 0.0072 0.0078 0.0044 0.0066 0.0070 0.0032 0.0113 0.8510 0.0235 0.0084 0.0089 0.0060 0.0066 0.0117 0.0267 0.0046 0.0050 
      H043.6  2 0.0071 0.0059 0.0070 0.0097 0.0068 0.0048 0.0043 0.8487 0.0304 0.0046 0.0068 0.0082 0.0048 0.0106 0.0319 0.0045 0.0038 
      H043.7  2 0.0090 0.0040 0.0072 0.0066 0.0189 0.0094 0.0102 0.8837 0.0070 0.0061 0.0059 0.0039 0.0037 0.0056 0.0104 0.0049 0.0034 
      H043.8  2 0.0101 0.0061 0.0115 0.0047 0.0082 0.0053 0.0097 0.8520 0.0165 0.0097 0.0169 0.0129 0.0070 0.0094 0.0068 0.0049 0.0083 
      H043.9  2 0.0200 0.0042 0.0118 0.0092 0.0192 0.0095 0.0124 0.7568 0.0431 0.0070 0.0204 0.0103 0.0085 0.0304 0.0127 0.0147 0.0099 
      H047.1  2 0.0714 0.0049 0.0060 0.0087 0.0089 0.0073 0.2040 0.1263 0.4627 0.0074 0.0038 0.0134 0.0102 0.0477 0.0052 0.0065 0.0056 
      H047.2  2 0.0101 0.0148 0.0096 0.0129 0.0342 0.0071 0.6661 0.0114 0.1293 0.0248 0.0165 0.0097 0.0184 0.0056 0.0044 0.0081 0.0169 
      H047.3  2 0.0252 0.0292 0.0087 0.0088 0.0250 0.0119 0.6947 0.0138 0.0720 0.0139 0.0130 0.0089 0.0225 0.0075 0.0048 0.0179 0.0222 
      H047.4  2 0.0827 0.0344 0.0114 0.0239 0.1195 0.0101 0.3141 0.0206 0.2667 0.0184 0.0158 0.0166 0.0101 0.0075 0.0048 0.0332 0.0102 
      H047.5  2 0.0514 0.0142 0.0085 0.0091 0.0203 0.0471 0.5896 0.0280 0.1584 0.0089 0.0103 0.0089 0.0162 0.0098 0.0034 0.0093 0.0064 
      H047.6  2 0.0541 0.0308 0.0050 0.0076 0.0116 0.0070 0.7682 0.0078 0.0256 0.0095 0.0054 0.0055 0.0078 0.0039 0.0054 0.0369 0.0080 
      H047.7  2 0.2538 0.0153 0.0062 0.0059 0.0065 0.0075 0.1187 0.0693 0.3944 0.0107 0.0046 0.0158 0.0058 0.0509 0.0131 0.0132 0.0083 
      H047.8  2 0.0801 0.0339 0.0053 0.0061 0.0172 0.0107 0.6524 0.0275 0.0699 0.0121 0.0063 0.0076 0.0182 0.0097 0.0037 0.0305 0.0087 
      H047.9  2 0.1682 0.0143 0.0127 0.0147 0.0228 0.0577 0.1700 0.0274 0.3932 0.0232 0.0070 0.0194 0.0183 0.0323 0.0036 0.0098 0.0054 
 H071.1_2002  2 0.0076 0.0053 0.0084 0.0070 0.0074 0.0089 0.0055 0.0298 0.8678 0.0047 0.0043 0.0108 0.0079 0.0087 0.0052 0.0068 0.0040 
 H071.1_2003  2 0.0090 0.0114 0.0289 0.0344 0.0554 0.0765 0.0154 0.0397 0.6366 0.0086 0.0050 0.0319 0.0110 0.0105 0.0105 0.0116 0.0036 
     H071.10  2 0.0068 0.0039 0.0186 0.0037 0.0042 0.0044 0.0032 0.0062 0.8905 0.0057 0.0098 0.0070 0.0035 0.0104 0.0066 0.0046 0.0108 
 H071.2_2002  2 0.0075 0.0071 0.0073 0.0088 0.0074 0.0182 0.0076 0.0210 0.8531 0.0072 0.0077 0.0128 0.0079 0.0092 0.0074 0.0057 0.0041 
 H071.2_2003  2 0.0041 0.0043 0.0045 0.0043 0.0047 0.0067 0.0045 0.0081 0.9241 0.0037 0.0033 0.0052 0.0046 0.0057 0.0035 0.0043 0.0043 
      H071.3  2 0.0078 0.0066 0.0172 0.0037 0.0099 0.0052 0.0280 0.0058 0.8583 0.0058 0.0092 0.0057 0.0053 0.0085 0.0079 0.0064 0.0088 
 H071.4_2002  2 0.0094 0.0057 0.0196 0.0072 0.0070 0.0097 0.0052 0.0144 0.8344 0.0093 0.0135 0.0134 0.0056 0.0141 0.0142 0.0070 0.0105 
 H071.4_2003  2 0.0058 0.0044 0.0071 0.0038 0.0054 0.0041 0.0049 0.0046 0.9200 0.0053 0.0047 0.0047 0.0050 0.0086 0.0031 0.0045 0.0039 
 H071.5_2002  2 0.0064 0.0045 0.0084 0.0044 0.0059 0.0062 0.0036 0.0067 0.9127 0.0044 0.0041 0.0049 0.0040 0.0092 0.0042 0.0046 0.0059 
 H071.5_2003  2 0.0111 0.0059 0.0263 0.0076 0.0128 0.0064 0.0078 0.0093 0.8635 0.0075 0.0075 0.0052 0.0090 0.0089 0.0038 0.0039 0.0034 
 H071.6_2002  2 0.0143 0.0046 0.0079 0.0058 0.0058 0.0077 0.0041 0.0069 0.8831 0.0071 0.0133 0.0058 0.0055 0.0131 0.0061 0.0045 0.0043 
 H071.6_2003  2 0.0095 0.0034 0.0203 0.0076 0.0133 0.0048 0.0054 0.0066 0.8902 0.0040 0.0054 0.0049 0.0049 0.0069 0.0034 0.0048 0.0046 
 H071.7_2002  2 0.0094 0.0042 0.0038 0.0057 0.0066 0.0068 0.0056 0.0076 0.9142 0.0044 0.0054 0.0042 0.0047 0.0062 0.0039 0.0039 0.0035 
 H071.7_2003  2 0.0091 0.0046 0.0212 0.0079 0.0098 0.0068 0.0068 0.0142 0.8631 0.0078 0.0061 0.0111 0.0074 0.0089 0.0051 0.0053 0.0049 
      H071.8  2 0.0060 0.0083 0.0046 0.0068 0.0070 0.0145 0.0114 0.0111 0.8759 0.0067 0.0106 0.0063 0.0065 0.0063 0.0073 0.0068 0.0039 
      H071.9  2 0.0225 0.0123 0.0299 0.0174 0.0144 0.0168 0.0115 0.0242 0.6394 0.0156 0.1003 0.0087 0.0088 0.0201 0.0175 0.0305 0.0100 
 H081.1_2002  2 0.0070 0.0071 0.0068 0.0114 0.0055 0.0106 0.0041 0.0061 0.8930 0.0065 0.0046 0.0058 0.0072 0.0054 0.0048 0.0082 0.0059 
 H081.1_2003  2 0.0210 0.0301 0.0745 0.2154 0.1171 0.0158 0.0137 0.0201 0.0447 0.0121 0.0323 0.0227 0.0270 0.0169 0.2479 0.0732 0.0157 
 H081.2_2002  2 0.0050 0.0053 0.0051 0.0090 0.0129 0.0785 0.0062 0.0116 0.8197 0.0099 0.0056 0.0054 0.0046 0.0049 0.0047 0.0061 0.0057 
 H081.2_2003  2 0.0068 0.0069 0.6616 0.0176 0.0124 0.0635 0.0112 0.0231 0.0332 0.0219 0.0120 0.0063 0.0083 0.0597 0.0109 0.0179 0.0268 
 H081.3_2002  2 0.0052 0.0069 0.0131 0.0100 0.0143 0.0362 0.0138 0.0085 0.8227 0.0184 0.0124 0.0080 0.0055 0.0070 0.0059 0.0073 0.0048 
 H081.3_2003  2 0.0102 0.0138 0.5358 0.0261 0.0097 0.0245 0.0116 0.1669 0.0115 0.0137 0.0373 0.0204 0.0194 0.0568 0.0156 0.0145 0.0123 
 H081.4_2002  2 0.0062 0.0075 0.0122 0.0069 0.0089 0.0054 0.0067 0.0065 0.8854 0.0061 0.0060 0.0112 0.0060 0.0100 0.0036 0.0072 0.0044 
 H081.4_2003  2 0.0101 0.0271 0.3444 0.1693 0.0719 0.0392 0.0109 0.0332 0.0232 0.0156 0.0350 0.0300 0.0216 0.0280 0.0139 0.1088 0.0177 
 H081.5_2002  2 0.0065 0.0064 0.0087 0.0116 0.0076 0.0078 0.0081 0.0074 0.8850 0.0062 0.0057 0.0084 0.0061 0.0066 0.0058 0.0071 0.0049 
 H081.5_2003  2 0.0228 0.0371 0.1059 0.1196 0.2983 0.0888 0.0206 0.0359 0.0490 0.0162 0.0301 0.0257 0.0213 0.0123 0.0305 0.0738 0.0121 
      H081.6  2 0.0084 0.0076 0.0089 0.0095 0.0084 0.0105 0.0039 0.0091 0.8860 0.0058 0.0058 0.0080 0.0081 0.0062 0.0051 0.0048 0.0039 
      H081.7  2 0.0051 0.0079 0.0114 0.0085 0.0113 0.0774 0.0081 0.0094 0.7908 0.0218 0.0083 0.0066 0.0049 0.0104 0.0045 0.0080 0.0057 
      H081.8  2 0.0115 0.0118 0.0321 0.0102 0.0122 0.0110 0.0088 0.0082 0.7855 0.0158 0.0192 0.0140 0.0062 0.0143 0.0139 0.0113 0.0140 
      H083.1  2 0.0137 0.0053 0.0103 0.0068 0.0128 0.0077 0.0076 0.0073 0.7983 0.0049 0.0199 0.0310 0.0101 0.0061 0.0119 0.0267 0.0197 
      H083.2  2 0.0114 0.0047 0.0085 0.0115 0.0151 0.0237 0.0444 0.0265 0.7358 0.0157 0.0201 0.0164 0.0113 0.0091 0.0078 0.0099 0.0280 
      H083.4  2 0.0066 0.0062 0.0075 0.0071 0.0121 0.0150 0.0128 0.0101 0.6934 0.0299 0.0549 0.0052 0.0050 0.0191 0.0115 0.0096 0.0940 
      H083.5  2 0.0116 0.0079 0.0083 0.0096 0.0142 0.0102 0.0094 0.0074 0.7320 0.0098 0.0143 0.0145 0.0072 0.0073 0.0347 0.0377 0.0638 
      H083.6  2 0.0089 0.0134 0.0152 0.0074 0.0123 0.0092 0.0054 0.0058 0.7124 0.0169 0.0404 0.0196 0.0154 0.0103 0.0107 0.0192 0.0774 
      H083.7  2 0.0064 0.0081 0.0083 0.0066 0.0075 0.0158 0.0109 0.0097 0.6159 0.0462 0.0214 0.0045 0.0064 0.0115 0.0109 0.0064 0.2034 
      H083.8  2 0.0101 0.0071 0.0065 0.0107 0.0111 0.0166 0.0635 0.0245 0.7250 0.0243 0.0187 0.0177 0.0085 0.0070 0.0071 0.0123 0.0293 
      H083.9  2 0.0078 0.0085 0.0070 0.0070 0.0101 0.0070 0.0092 0.0050 0.7452 0.0068 0.0142 0.0096 0.0097 0.0052 0.0105 0.0249 0.1123 
      H084.1  2 0.0130 0.0123 0.7880 0.0128 0.0054 0.0073 0.0156 0.0103 0.0087 0.0046 0.0147 0.0049 0.0116 0.0090 0.0583 0.0144 0.0091 
      H084.2  2 0.0086 0.0042 0.7062 0.0138 0.0135 0.0038 0.0057 0.0115 0.0086 0.0063 0.0278 0.0055 0.0118 0.0149 0.1003 0.0507 0.0068 
