      H105.1  1 0.0515 0.0123 0.0075 0.0240 0.0113 0.0046 0.0161 0.0052 0.0098 0.0065 0.0094 0.0106 0.0058 0.6679 0.0052 0.0062 0.0119 0.0913 0.0067 0.0118 0.0089 0.0091 0.0065 
      H105.2  1 0.0276 0.0246 0.0280 0.0095 0.0236 0.0193 0.0132 0.0178 0.0347 0.0080 0.0321 0.0200 0.0066 0.4983 0.0151 0.0080 0.0845 0.0646 0.0132 0.0059 0.0102 0.0100 0.0252 
      H105.3  1 0.0117 0.0226 0.0080 0.0051 0.0119 0.0149 0.0129 0.0060 0.0123 0.0042 0.0043 0.0099 0.0066 0.7918 0.0090 0.0066 0.0118 0.0086 0.0063 0.0124 0.0091 0.0087 0.0053 
      H105.4  1 0.0956 0.0082 0.0127 0.0072 0.0201 0.0798 0.0258 0.0149 0.0148 0.0095 0.0270 0.0114 0.0138 0.4181 0.0175 0.0129 0.1123 0.0341 0.0062 0.0143 0.0222 0.0131 0.0084 
      H105.5  1 0.1082 0.0475 0.0208 0.0258 0.0228 0.0823 0.0458 0.0457 0.0295 0.0122 0.0225 0.1379 0.0142 0.0498 0.0293 0.0302 0.0703 0.1193 0.0077 0.0226 0.0364 0.0089 0.0102 
      H105.6  1 0.0196 0.0072 0.0105 0.0040 0.0134 0.0314 0.0086 0.0064 0.0055 0.0058 0.0065 0.0066 0.0066 0.7766 0.0142 0.0171 0.0122 0.0057 0.0047 0.0132 0.0097 0.0106 0.0041 
      H105.7  1 0.0631 0.0056 0.0069 0.0120 0.0060 0.0050 0.0143 0.0052 0.0062 0.0099 0.0313 0.0092 0.0074 0.7115 0.0120 0.0092 0.0231 0.0141 0.0045 0.0061 0.0110 0.0202 0.0064 
      H105.8  1 0.0202 0.0114 0.0062 0.0051 0.0248 0.0090 0.0071 0.0095 0.0097 0.0032 0.0064 0.0036 0.0075 0.7546 0.0054 0.0059 0.0080 0.0316 0.0089 0.0055 0.0092 0.0326 0.0146 
      H115.1  1 0.0074 0.0143 0.0082 0.0206 0.0269 0.0090 0.0058 0.0144 0.0065 0.0049 0.0082 0.0067 0.0070 0.0130 0.0151 0.6674 0.0462 0.0071 0.0065 0.0334 0.0326 0.0244 0.0145 
      H115.2  1 0.0045 0.0100 0.0090 0.0083 0.0075 0.0053 0.0044 0.0166 0.0060 0.0049 0.0056 0.0118 0.0077 0.0115 0.0065 0.8038 0.0150 0.0051 0.0109 0.0124 0.0092 0.0064 0.0178 
      H115.3  1 0.0117 0.0054 0.0175 0.0168 0.0053 0.1037 0.0118 0.1338 0.0203 0.0051 0.0078 0.0490 0.0084 0.0095 0.0038 0.4845 0.0295 0.0040 0.0099 0.0290 0.0132 0.0084 0.0117 
      H115.4  1 0.0086 0.0446 0.0056 0.0528 0.0340 0.0091 0.0096 0.5380 0.0288 0.0060 0.0050 0.1052 0.0108 0.0087 0.0066 0.0260 0.0134 0.0055 0.0070 0.0320 0.0089 0.0070 0.0266 
      H115.5  1 0.0181 0.0138 0.0047 0.0248 0.0134 0.0445 0.0186 0.0817 0.1153 0.0176 0.0113 0.0210 0.0084 0.0236 0.0173 0.2942 0.0441 0.0086 0.0720 0.0736 0.0245 0.0283 0.0204 
      H115.6  1 0.0116 0.0080 0.0410 0.0194 0.0046 0.0498 0.0135 0.0978 0.0297 0.0090 0.0148 0.1961 0.0152 0.0081 0.0072 0.3042 0.0583 0.0062 0.0160 0.0399 0.0203 0.0228 0.0067 
      H115.7  1 0.0117 0.0116 0.0219 0.0276 0.0101 0.0204 0.0129 0.0342 0.0336 0.0101 0.0233 0.1151 0.0091 0.0104 0.0106 0.3673 0.2026 0.0052 0.0048 0.0293 0.0124 0.0057 0.0100 
      H115.8  1 0.0131 0.0103 0.0147 0.0141 0.0059 0.0121 0.0087 0.0858 0.0284 0.0057 0.0103 0.0383 0.0074 0.0194 0.0049 0.5006 0.0172 0.0067 0.0644 0.0431 0.0389 0.0382 0.0117 
      H115.9  1 0.0150 0.0123 0.0070 0.0129 0.0123 0.0195 0.0077 0.0076 0.0052 0.0032 0.0046 0.0044 0.0058 0.0069 0.0078 0.7959 0.0065 0.0056 0.0055 0.0141 0.0103 0.0222 0.0077 
      H145.1  1 0.0138 0.0063 0.0310 0.0059 0.0057 0.0131 0.0085 0.0096 0.0034 0.7883 0.0035 0.0056 0.0076 0.0052 0.0055 0.0132 0.0064 0.0071 0.0310 0.0101 0.0068 0.0080 0.0043 
      H145.2  1 0.0137 0.0061 0.0186 0.0067 0.0123 0.1286 0.0058 0.0190 0.0034 0.6296 0.0105 0.0083 0.0086 0.0058 0.0066 0.0070 0.0240 0.0161 0.0314 0.0134 0.0139 0.0060 0.0046 
      H145.3  1 0.0113 0.0043 0.0249 0.0062 0.0065 0.0124 0.0059 0.0077 0.0111 0.7584 0.0057 0.0049 0.0048 0.0035 0.0048 0.0049 0.0071 0.0059 0.0610 0.0046 0.0126 0.0268 0.0047 
      H145.4  1 0.0059 0.0031 0.0068 0.0059 0.0040 0.0048 0.0045 0.0044 0.0032 0.8917 0.0040 0.0041 0.0044 0.0035 0.0060 0.0053 0.0056 0.0043 0.0085 0.0077 0.0035 0.0054 0.0033 
      H145.5  1 0.0060 0.0037 0.0354 0.0035 0.0046 0.0075 0.0046 0.0053 0.0069 0.6756 0.0043 0.0084 0.0045 0.0038 0.0059 0.0036 0.0068 0.0047 0.1787 0.0055 0.0082 0.0078 0.0048 
      H145.6  1 0.0069 0.0036 0.0059 0.0072 0.0049 0.0527 0.0033 0.0063 0.0101 0.7695 0.0201 0.0060 0.0058 0.0054 0.0049 0.0036 0.0348 0.0085 0.0136 0.0062 0.0113 0.0051 0.0041 
      H145.7  1 0.0055 0.0027 0.0073 0.0067 0.0057 0.0065 0.0036 0.0067 0.0092 0.8842 0.0045 0.0051 0.0041 0.0037 0.0036 0.0037 0.0067 0.0056 0.0050 0.0061 0.0047 0.0055 0.0036 
      H149.1  1 0.0030 0.0035 0.0049 0.0038 0.0032 0.0034 0.0034 0.0027 0.0030 0.0051 0.0032 0.0034 0.0037 0.0035 0.0042 0.0039 0.0039 0.0034 0.0042 0.9197 0.0036 0.0039 0.0035 
      H149.2  1 0.0068 0.0043 0.0069 0.0146 0.0058 0.0048 0.0094 0.0032 0.0045 0.0313 0.0069 0.0180 0.0044 0.0061 0.0054 0.0042 0.0048 0.0048 0.0030 0.8381 0.0037 0.0042 0.0046 
      H149.3  1 0.0097 0.0042 0.0099 0.0313 0.0126 0.0115 0.0106 0.0064 0.0107 0.0706 0.0160 0.0435 0.0070 0.0107 0.0123 0.0084 0.0190 0.0077 0.0048 0.6638 0.0071 0.0104 0.0116 
      H149.4  1 0.0048 0.0035 0.0071 0.0101 0.0130 0.0089 0.0054 0.0046 0.0035 0.0042 0.0084 0.0046 0.0240 0.0120 0.0064 0.0037 0.0150 0.0266 0.0080 0.8112 0.0046 0.0052 0.0053 
      H149.5  1 0.0128 0.0051 0.0065 0.1046 0.0253 0.0071 0.0145 0.0050 0.0090 0.1231 0.0207 0.0147 0.0106 0.0175 0.0071 0.0030 0.0433 0.0382 0.0043 0.5022 0.0086 0.0082 0.0087 
      H149.6  1 0.0064 0.0048 0.0056 0.0129 0.0045 0.0045 0.0072 0.0034 0.0041 0.0312 0.0197 0.0196 0.0033 0.0087 0.0054 0.0030 0.0094 0.0066 0.0039 0.8224 0.0041 0.0040 0.0051 
      H149.7  1 0.0073 0.0082 0.0095 0.0267 0.0288 0.0136 0.0121 0.0071 0.0086 0.0263 0.0677 0.0143 0.0384 0.0181 0.0503 0.0057 0.0645 0.0344 0.0121 0.5025 0.0140 0.0176 0.0121 
      H150.1  1 0.0052 0.0053 0.0075 0.0059 0.0034 0.0172 0.0040 0.0356 0.0056 0.0048 0.0043 0.0108 0.0052 0.0180 0.0055 0.7991 0.0216 0.0085 0.0073 0.0032 0.0102 0.0070 0.0049 
      H150.2  1 0.0036 0.0099 0.0131 0.0156 0.0048 0.0069 0.0130 0.1008 0.0086 0.0054 0.0134 0.0406 0.0089 0.0130 0.0063 0.6420 0.0215 0.0039 0.0174 0.0184 0.0199 0.0045 0.0086 
      H150.3  1 0.0065 0.0076 0.0097 0.0064 0.0040 0.0056 0.0068 0.0123 0.0133 0.0102 0.0111 0.0157 0.0061 0.0081 0.0107 0.8096 0.0146 0.0058 0.0078 0.0049 0.0107 0.0066 0.0058 
      H150.4  1 0.0077 0.0063 0.0063 0.0054 0.0029 0.0066 0.0061 0.0102 0.0078 0.0065 0.0065 0.0096 0.0044 0.0059 0.0067 0.8520 0.0068 0.0063 0.0113 0.0033 0.0086 0.0088 0.0040 
      H150.5  1 0.0062 0.0038 0.0135 0.0182 0.0065 0.0149 0.0185 0.0723 0.0182 0.0108 0.0127 0.0522 0.0133 0.0280 0.0053 0.6031 0.0471 0.0055 0.0043 0.0107 0.0125 0.0067 0.0155 
      H150.6  1 0.0043 0.0067 0.0186 0.0329 0.0077 0.0158 0.0134 0.1869 0.0606 0.0072 0.0118 0.1749 0.0127 0.1202 0.0058 0.1641 0.0953 0.0062 0.0163 0.0092 0.0107 0.0038 0.0152 
      H150.7  1 0.0042 0.0042 0.0086 0.0035 0.0030 0.0148 0.0043 0.0115 0.0053 0.0044 0.0052 0.0093 0.0041 0.0068 0.0042 0.8628 0.0088 0.0064 0.0086 0.0036 0.0065 0.0064 0.0034 
   H169607.1  1 0.0149 0.1013 0.0442 0.0230 0.0312 0.0497 0.1228 0.0786 0.0300 0.1559 0.0172 0.0097 0.0110 0.0094 0.0078 0.0579 0.0454 0.0641 0.0231 0.0069 0.0172 0.0148 0.0638 
   H169607.2  1 0.1479 0.0213 0.0721 0.0122 0.0175 0.0129 0.0708 0.0280 0.0081 0.0978 0.0168 0.0081 0.0476 0.0089 0.0070 0.0879 0.1662 0.0305 0.0047 0.0064 0.0616 0.0399 0.0260 
   H169607.3  1 0.0605 0.0147 0.0313 0.0654 0.0351 0.0586 0.0540 0.0410 0.0256 0.2340 0.0417 0.0088 0.0049 0.0074 0.0107 0.0182 0.0757 0.0999 0.0130 0.0055 0.0163 0.0399 0.0376 
   H169607.4  1 0.0965 0.0157 0.3461 0.0054 0.0062 0.0264 0.0760 0.0093 0.0058 0.1931 0.0130 0.0058 0.0206 0.0081 0.0066 0.0144 0.0252 0.0703 0.0060 0.0051 0.0190 0.0067 0.0185 
   H169607.5  1 0.1253 0.0101 0.0228 0.0589 0.0244 0.0250 0.0913 0.0258 0.0097 0.0497 0.0118 0.0073 0.0488 0.0065 0.0048 0.1557 0.2276 0.0096 0.0089 0.0071 0.0284 0.0290 0.0113 
   H169607.6  1 0.3615 0.0201 0.0350 0.0083 0.0279 0.0130 0.0520 0.0374 0.0138 0.0990 0.0124 0.0069 0.0301 0.0074 0.0050 0.0286 0.0859 0.0519 0.0039 0.0085 0.0233 0.0310 0.0371 
   H169607.7  1 0.0444 0.0200 0.0210 0.0078 0.0439 0.0098 0.0521 0.3976 0.0145 0.0286 0.0079 0.0073 0.0157 0.0149 0.0040 0.0226 0.1330 0.0462 0.0060 0.0074 0.0165 0.0483 0.0306 
   H169607.8  1 0.3058 0.0134 0.1783 0.0074 0.0089 0.0214 0.1607 0.0076 0.0070 0.0543 0.0129 0.0037 0.0168 0.0043 0.0085 0.0117 0.0216 0.0500 0.0037 0.0046 0.0277 0.0191 0.0506 
   H169633.1  1 0.0058 0.0110 0.0105 0.0091 0.0060 0.0095 0.0060 0.0061 0.0130 0.0270 0.0126 0.0134 0.0035 0.0143 0.0077 0.0105 0.0065 0.0054 0.0139 0.7498 0.0192 0.0063 0.0327 
   H169633.2  1 0.0039 0.0366 0.0054 0.0042 0.0137 0.0036 0.0037 0.0121 0.0109 0.0135 0.0601 0.0149 0.0057 0.0147 0.0080 0.0043 0.0091 0.0069 0.0098 0.7036 0.0079 0.0163 0.0310 
   H169633.3  1 0.0047 0.0070 0.0061 0.0090 0.0089 0.0044 0.0070 0.0046 0.0088 0.0132 0.0074 0.0262 0.0067 0.0152 0.0209 0.0112 0.0080 0.0038 0.0076 0.7920 0.0072 0.0117 0.0083 
   H169633.4  1 0.0062 0.0076 0.0236 0.0198 0.0080 0.0115 0.0067 0.0045 0.0083 0.0164 0.0047 0.0135 0.0044 0.0158 0.0070 0.0132 0.0077 0.0061 0.0146 0.7823 0.0061 0.0057 0.0062 
   H169633.5  1 0.0070 0.0051 0.0132 0.0148 0.0089 0.0135 0.0057 0.0050 0.0120 0.0138 0.0040 0.0120 0.0051 0.0187 0.0076 0.0160 0.0093 0.0062 0.0141 0.7851 0.0088 0.0078 0.0061 
   H169688.1  1 0.0308 0.0054 0.0223 0.0044 0.0227 0.0039 0.0088 0.0068 0.0381 0.0463 0.0275 0.0040 0.0058 0.0041 0.0291 0.0123 0.0266 0.0045 0.0042 0.0131 0.0084 0.0085 0.6624 
   H169688.2  1 0.0072 0.0036 0.0044 0.0042 0.0079 0.0034 0.0042 0.0095 0.0118 0.0088 0.0329 0.0046 0.0077 0.0073 0.0111 0.0069 0.0099 0.0082 0.0056 0.0045 0.0098 0.0089 0.8175 
   H169688.3  1 0.0061 0.0094 0.0061 0.0063 0.0045 0.0037 0.0048 0.0181 0.0087 0.0163 0.0140 0.0060 0.0125 0.0081 0.0078 0.0121 0.0142 0.0129 0.0043 0.0071 0.0088 0.0055 0.8025 
   H169688.4  1 0.0064 0.0061 0.0060 0.0063 0.0060 0.0097 0.0050 0.0709 0.0124 0.0089 0.0162 0.0042 0.0075 0.0105 0.0087 0.1518 0.0109 0.0059 0.0195 0.0073 0.0189 0.0068 0.5942 
   H169688.5  1 0.0066 0.0061 0.0067 0.0073 0.0053 0.0105 0.0062 0.0888 0.0095 0.0088 0.0109 0.0047 0.0092 0.0091 0.0112 0.1345 0.0110 0.0063 0.0141 0.0070 0.0159 0.0076 0.6027 
   H169688.6  1 0.0105 0.0039 0.0047 0.0057 0.0726 0.0066 0.0059 0.0081 0.0118 0.0155 0.0146 0.0033 0.0162 0.0181 0.0079 0.0161 0.0176 0.0071 0.0270 0.0143 0.0121 0.0053 0.6950 
   H169688.7  1 0.0080 0.0100 0.0128 0.0077 0.0049 0.0075 0.0070 0.0931 0.0157 0.0557 0.0080 0.0172 0.0241 0.0056 0.0115 0.0153 0.0109 0.0384 0.0122 0.0117 0.0200 0.0107 0.5921 
   H171901.1  1 0.0144 0.0135 0.0131 0.0103 0.0061 0.0527 0.0092 0.0839 0.0198 0.0555 0.2418 0.0399 0.0081 0.0149 0.0140 0.0252 0.1944 0.0450 0.0833 0.0104 0.0185 0.0084 0.0176 
   H171901.2  1 0.0130 0.0050 0.0267 0.0048 0.0038 0.0094 0.0078 0.0111 0.0050 0.0098 0.0042 0.0165 0.0092 0.0080 0.0044 0.0110 0.0092 0.0055 0.0054 0.8023 0.0144 0.0063 0.0071 
   H171901.3  1 0.0083 0.0052 0.0192 0.0132 0.0098 0.0184 0.0052 0.0151 0.0200 0.0124 0.0448 0.0083 0.0122 0.0063 0.0072 0.0140 0.0195 0.0086 0.0052 0.6787 0.0217 0.0078 0.0390 
   H171901.4  1 0.0067 0.0073 0.0085 0.0060 0.0052 0.0101 0.0087 0.0435 0.0069 0.0067 0.0064 0.0105 0.0096 0.0177 0.0039 0.0078 0.0170 0.0086 0.0044 0.7790 0.0103 0.0072 0.0082 
   H171901.5  1 0.0090 0.0083 0.0274 0.0102 0.0066 0.0224 0.0219 0.0244 0.0048 0.0121 0.0113 0.0111 0.0211 0.0146 0.0068 0.0109 0.0193 0.0139 0.0051 0.7055 0.0121 0.0057 0.0154 
   H171901.6  1 0.0117 0.0115 0.0616 0.0104 0.0125 0.0329 0.0318 0.0394 0.0056 0.0510 0.0182 0.0150 0.0243 0.0323 0.0135 0.0281 0.0358 0.0104 0.0065 0.4931 0.0151 0.0087 0.0304 
   H171901.7  1 0.0137 0.0060 0.0223 0.0131 0.0320 0.0109 0.0048 0.0327 0.0069 0.0476 0.0226 0.0155 0.0598 0.0120 0.0122 0.0235 0.0237 0.0052 0.0062 0.5071 0.0195 0.0220 0.0806 
   H171902.1  1 0.0097 0.0243 0.6896 0.0040 0.0185 0.0176 0.0119 0.0105 0.0080 0.0160 0.0077 0.0041 0.0169 0.0065 0.0099 0.0208 0.0120 0.0065 0.0469 0.0093 0.0133 0.0155 0.0202 
  H171902.10  1 0.0065 0.0053 0.8501 0.0034 0.0098 0.0070 0.0055 0.0102 0.0062 0.0043 0.0043 0.0076 0.0118 0.0034 0.0033 0.0064 0.0064 0.0056 0.0082 0.0069 0.0048 0.0042 0.0190 
   H171902.2  1 0.0077 0.0168 0.3482 0.0065 0.0420 0.0073 0.0241 0.0168 0.0732 0.0200 0.0218 0.0080 0.0236 0.0205 0.0171 0.0207 0.0554 0.0104 0.0520 0.0256 0.0350 0.0575 0.0897 
   H171902.3  1 0.0103 0.0134 0.5199 0.0063 0.0258 0.0109 0.0130 0.0397 0.0103 0.0116 0.0095 0.0117 0.0459 0.0092 0.0112 0.0377 0.0427 0.0348 0.0114 0.0720 0.0131 0.0142 0.0255 
   H171902.4  1 0.0063 0.0046 0.8251 0.0040 0.0049 0.0043 0.0040 0.0032 0.0037 0.0072 0.0047 0.0061 0.0039 0.0062 0.0082 0.0102 0.0085 0.0029 0.0152 0.0411 0.0116 0.0078 0.0064 
   H171902.6  1 0.0081 0.0055 0.8738 0.0036 0.0081 0.0064 0.0053 0.0049 0.0057 0.0051 0.0039 0.0063 0.0069 0.0028 0.0054 0.0082 0.0054 0.0066 0.0064 0.0073 0.0044 0.0043 0.0057 
   H171902.7  1 0.0082 0.0060 0.7841 0.0043 0.0062 0.0101 0.0120 0.0108 0.0045 0.0135 0.0107 0.0146 0.0137 0.0052 0.0048 0.0068 0.0201 0.0086 0.0178 0.0193 0.0074 0.0044 0.0069 
   H171902.8  1 0.0069 0.0066 0.7813 0.0066 0.0116 0.0084 0.0094 0.0117 0.0085 0.0096 0.0068 0.0106 0.0151 0.0047 0.0060 0.0146 0.0142 0.0171 0.0108 0.0129 0.0042 0.0064 0.0160 
   H171902.9  1 0.0071 0.0041 0.7331 0.0039 0.0050 0.0146 0.0069 0.0069 0.0048 0.0106 0.0057 0.0059 0.0086 0.0087 0.0118 0.0629 0.0178 0.0054 0.0228 0.0076 0.0299 0.0089 0.0071 
   H171903.1  1 0.5614 0.0285 0.0115 0.0104 0.0146 0.0141 0.0288 0.0797 0.0055 0.0259 0.0094 0.0100 0.0444 0.0141 0.0050 0.0395 0.0252 0.0041 0.0048 0.0148 0.0197 0.0157 0.0127 
   H171903.2  1 0.5690 0.0199 0.0080 0.0304 0.0174 0.0179 0.0201 0.0488 0.0063 0.0132 0.0115 0.0076 0.0399 0.0160 0.0064 0.0281 0.0151 0.0325 0.0134 0.0083 0.0259 0.0332 0.0109 
   H171903.3  1 0.2009 0.0715 0.0374 0.0803 0.0451 0.0202 0.0372 0.0819 0.0075 0.0161 0.0241 0.0327 0.0525 0.0135 0.0204 0.0433 0.0947 0.0170 0.0141 0.0171 0.0212 0.0221 0.0292 
   H171903.4  1 0.0409 0.0060 0.0640 0.0128 0.0074 0.0699 0.0218 0.0382 0.0197 0.1088 0.3389 0.0234 0.0172 0.0091 0.0104 0.0208 0.1159 0.0076 0.0079 0.0063 0.0210 0.0064 0.0256 
   H171903.5  1 0.0482 0.0591 0.0072 0.1360 0.0193 0.0135 0.0236 0.1453 0.0085 0.0208 0.0169 0.0140 0.0331 0.0125 0.0141 0.0576 0.0627 0.1411 0.0097 0.0468 0.0249 0.0209 0.0642 
   H171903.6  1 0.0630 0.0070 0.0108 0.0450 0.0146 0.0257 0.0764 0.0900 0.0095 0.0250 0.0168 0.0058 0.0337 0.0046 0.0092 0.0309 0.1484 0.0165 0.0050 0.0427 0.0130 0.0143 0.2920 
      H177.1  1 0.0213 0.0060 0.1762 0.0076 0.0611 0.0109 0.0205 0.0167 0.0054 0.0251 0.2083 0.0096 0.1210 0.0048 0.0119 0.0280 0.0351 0.0093 0.0090 0.1609 0.0160 0.0069 0.0284 
      H177.2  1 0.0238 0.0092 0.0701 0.0382 0.0522 0.0269 0.1925 0.0310 0.0194 0.0463 0.0093 0.0177 0.0487 0.0082 0.0109 0.0114 0.0462 0.0630 0.0154 0.1196 0.0582 0.0480 0.0337 
      H177.3  1 0.0203 0.0062 0.1073 0.0177 0.0598 0.0833 0.0665 0.0303 0.0050 0.0315 0.0120 0.0139 0.1023 0.0053 0.0195 0.0121 0.0580 0.0349 0.0193 0.2412 0.0144 0.0104 0.0290 
      H177.4  1 0.0228 0.0067 0.0439 0.0138 0.4263 0.0137 0.0234 0.0079 0.0046 0.0463 0.1543 0.0101 0.0467 0.0135 0.0090 0.0057 0.0229 0.0068 0.0124 0.0716 0.0077 0.0089 0.0210 
      H177.5  1 0.0268 0.0043 0.0409 0.0229 0.0151 0.0139 0.0656 0.0163 0.0119 0.0236 0.4413 0.0121 0.1116 0.0171 0.0163 0.0122 0.0245 0.0089 0.0063 0.0204 0.0131 0.0176 0.0574 
      H177.6  1 0.0113 0.0072 0.0858 0.0103 0.0275 0.0903 0.0251 0.0169 0.0038 0.0156 0.0117 0.0143 0.0804 0.0050 0.0298 0.0144 0.0288 0.0297 0.0188 0.4167 0.0229 0.0104 0.0232 
      H179.1  1 0.0041 0.0499 0.0078 0.0163 0.4499 0.0238 0.0312 0.0146 0.0104 0.0065 0.0329 0.0080 0.0244 0.0169 0.0487 0.0097 0.0308 0.0541 0.0045 0.0133 0.0100 0.0098 0.1223 
      H179.2  1 0.0056 0.0262 0.0071 0.0105 0.7618 0.0090 0.0173 0.0107 0.0061 0.0051 0.0111 0.0082 0.0078 0.0086 0.0159 0.0110 0.0110 0.0144 0.0041 0.0076 0.0089 0.0080 0.0240 
      H179.3  1 0.0124 0.0250 0.0070 0.0256 0.3510 0.0323 0.0118 0.0223 0.0111 0.0073 0.0394 0.0048 0.0183 0.0110 0.0137 0.0199 0.0318 0.0321 0.0054 0.0067 0.0393 0.0196 0.2523 
      H179.4  1 0.0044 0.0075 0.0062 0.0091 0.7981 0.0086 0.0128 0.0073 0.0080 0.0140 0.0170 0.0076 0.0081 0.0059 0.0106 0.0051 0.0137 0.0124 0.0043 0.0090 0.0082 0.0104 0.0119 
      H180.1  1 0.0065 0.0140 0.0126 0.0159 0.0162 0.0055 0.0049 0.7186 0.0246 0.0031 0.0072 0.0189 0.0184 0.0133 0.0062 0.0139 0.0228 0.0062 0.0118 0.0073 0.0299 0.0045 0.0174 
      H180.2  1 0.0072 0.0079 0.0100 0.0057 0.0185 0.0168 0.0091 0.6235 0.0376 0.0049 0.0102 0.0093 0.0200 0.0409 0.0130 0.0574 0.0283 0.0042 0.0123 0.0089 0.0282 0.0059 0.0201 
      H180.3  1 0.0099 0.0314 0.0050 0.0183 0.0083 0.0128 0.0061 0.4649 0.0084 0.0065 0.0055 0.0046 0.0091 0.0120 0.0317 0.2687 0.0118 0.0043 0.0132 0.0051 0.0226 0.0341 0.0058 
      H180.4  1 0.0092 0.0048 0.0091 0.0135 0.0213 0.0088 0.0082 0.4874 0.0306 0.0049 0.0133 0.0504 0.0155 0.1268 0.0110 0.0227 0.0647 0.0099 0.0201 0.0116 0.0215 0.0118 0.0231 
      H180.5  1 0.0148 0.0059 0.0095 0.0078 0.0275 0.0060 0.0226 0.5939 0.0240 0.0060 0.0151 0.0625 0.0273 0.0179 0.0053 0.0300 0.0149 0.0042 0.0243 0.0088 0.0331 0.0162 0.0224 
      H180.6  1 0.0086 0.0075 0.0061 0.0079 0.0086 0.0138 0.0087 0.2362 0.0234 0.0080 0.0063 0.0376 0.0118 0.0228 0.0112 0.0230 0.0159 0.0084 0.0390 0.0148 0.0164 0.4569 0.0070 
      H181.1  1 0.0803 0.0085 0.0283 0.1291 0.1102 0.0081 0.0128 0.0078 0.1942 0.0158 0.0074 0.0207 0.0107 0.0085 0.0089 0.0144 0.0237 0.0363 0.0147 0.1903 0.0101 0.0068 0.0522 
      H181.2  1 0.0245 0.0134 0.0959 0.0218 0.2876 0.0062 0.0142 0.0133 0.1188 0.0280 0.0166 0.0746 0.0534 0.0143 0.0098 0.0109 0.0363 0.0117 0.0178 0.0544 0.0106 0.0074 0.0586 
      H181.3  1 0.0167 0.0044 0.0808 0.0081 0.1874 0.0073 0.0348 0.0090 0.2711 0.0117 0.0097 0.0375 0.0425 0.0091 0.0076 0.0061 0.0636 0.0147 0.0182 0.0629 0.0462 0.0090 0.0417 
      H181.4  1 0.0283 0.0070 0.0244 0.2266 0.0434 0.0146 0.0728 0.0251 0.0732 0.0321 0.0142 0.0312 0.0435 0.0091 0.0218 0.0783 0.0457 0.0192 0.0048 0.1146 0.0311 0.0171 0.0216 
      H181.5  1 0.0102 0.0116 0.0139 0.0116 0.5023 0.0065 0.0103 0.0091 0.1015 0.0086 0.0229 0.0542 0.0073 0.0119 0.0424 0.0056 0.0383 0.0559 0.0142 0.0129 0.0168 0.0103 0.0218 
      H181.6  1 0.0152 0.0336 0.0227 0.0152 0.5473 0.0091 0.0170 0.0316 0.0143 0.0082 0.0168 0.0393 0.0099 0.0430 0.0119 0.0359 0.0335 0.0380 0.0060 0.0124 0.0107 0.0064 0.0216 
      H181.7  1 0.0099 0.0058 0.0080 0.0283 0.6033 0.0059 0.0057 0.0124 0.0193 0.0078 0.0058 0.0063 0.0059 0.0113 0.0045 0.0145 0.0244 0.1267 0.0077 0.0327 0.0207 0.0109 0.0222 
 H194.1_2004  1 0.0384 0.0071 0.0197 0.0083 0.0077 0.0075 0.0101 0.0330 0.0056 0.6206 0.0096 0.0181 0.0634 0.0062 0.0128 0.0312 0.0302 0.0040 0.0067 0.0169 0.0220 0.0114 0.0096 
 H194.2_2004  1 0.0233 0.0042 0.0111 0.0093 0.0038 0.0068 0.0057 0.0157 0.0044 0.6848 0.1114 0.0252 0.0161 0.0043 0.0078 0.0100 0.0098 0.0041 0.0152 0.0054 0.0100 0.0069 0.0047 
 H194.3_2004  1 0.0099 0.0058 0.0273 0.0062 0.0147 0.0052 0.0063 0.0059 0.0042 0.7041 0.0101 0.0066 0.0199 0.0054 0.0691 0.0086 0.0137 0.0074 0.0063 0.0397 0.0064 0.0069 0.0102 
 H194.4_2004  1 0.0199 0.0040 0.0161 0.0038 0.0102 0.0063 0.0039 0.0046 0.0051 0.7556 0.0729 0.0081 0.0060 0.0038 0.0094 0.0089 0.0072 0.0039 0.0106 0.0231 0.0050 0.0069 0.0046 
 H194.5_2004  1 0.0076 0.0071 0.0178 0.0081 0.0203 0.0070 0.0112 0.0090 0.0049 0.6961 0.0175 0.0084 0.0141 0.0094 0.0273 0.0142 0.0376 0.0076 0.0055 0.0376 0.0092 0.0153 0.0073 
 H194.6_2004  1 0.0212 0.0088 0.0591 0.0111 0.0503 0.0106 0.0143 0.0073 0.0062 0.1460 0.1735 0.0114 0.0284 0.0057 0.2400 0.0158 0.0359 0.0066 0.0062 0.1066 0.0115 0.0122 0.0112 
 H194.7_2004  1 0.0914 0.0034 0.0054 0.0095 0.0074 0.0043 0.0124 0.0097 0.0076 0.6846 0.0133 0.0059 0.0078 0.0065 0.0106 0.0168 0.0124 0.0052 0.0050 0.0107 0.0084 0.0531 0.0088 
 H194.8_2004  1 0.0138 0.0065 0.0259 0.0080 0.0228 0.0099 0.0118 0.0102 0.0072 0.5401 0.1609 0.0151 0.0187 0.0065 0.0250 0.0129 0.0210 0.0073 0.0094 0.0395 0.0073 0.0137 0.0067 
      H194.9  1 0.0246 0.0050 0.0116 0.0073 0.0063 0.0061 0.0088 0.0069 0.0073 0.7545 0.0110 0.0073 0.0106 0.0072 0.0106 0.0265 0.0134 0.0040 0.0063 0.0104 0.0065 0.0392 0.0084 
 H195.1_2003  1 0.0057 0.0059 0.0066 0.0061 0.0063 0.0064 0.0063 0.0110 0.0059 0.8438 0.0113 0.0073 0.0094 0.0169 0.0060 0.0044 0.0073 0.0061 0.0033 0.0085 0.0047 0.0053 0.0055 
 H195.1_2004  1 0.0052 0.0027 0.0097 0.0075 0.0053 0.0080 0.0044 0.0050 0.0194 0.8299 0.0037 0.0187 0.0059 0.0057 0.0057 0.0052 0.0076 0.0046 0.0096 0.0116 0.0092 0.0037 0.0115 
 H195.2_2003  1 0.0120 0.0065 0.0127 0.0029 0.0062 0.0085 0.0131 0.0121 0.0040 0.7785 0.0050 0.0052 0.0061 0.0143 0.0051 0.0117 0.0092 0.0048 0.0043 0.0050 0.0530 0.0099 0.0099 
 H195.2_2004  1 0.0055 0.0039 0.0054 0.0030 0.0042 0.0026 0.0052 0.0042 0.0064 0.8998 0.0038 0.0060 0.0035 0.0045 0.0037 0.0035 0.0045 0.0041 0.0065 0.0050 0.0060 0.0046 0.0042 
 H195.3_2003  1 0.0233 0.0046 0.0078 0.0050 0.0042 0.0115 0.0315 0.0091 0.0065 0.7168 0.0150 0.0047 0.0151 0.0251 0.0083 0.0290 0.0159 0.0049 0.0049 0.0041 0.0322 0.0068 0.0137 
 H195.3_2004  1 0.0090 0.0042 0.0104 0.0042 0.0041 0.0044 0.0042 0.0031 0.0066 0.8815 0.0044 0.0075 0.0043 0.0050 0.0049 0.0033 0.0052 0.0027 0.0056 0.0104 0.0053 0.0035 0.0061 
 H195.4_2003  1 0.0061 0.0071 0.0054 0.0046 0.0049 0.0054 0.0049 0.0058 0.0035 0.8751 0.0052 0.0133 0.0048 0.0079 0.0050 0.0034 0.0061 0.0059 0.0032 0.0067 0.0075 0.0046 0.0037 
 H195.4_2004  1 0.0077 0.0031 0.0049 0.0049 0.0046 0.0046 0.0038 0.0035 0.0171 0.8823 0.0098 0.0042 0.0035 0.0034 0.0043 0.0033 0.0041 0.0036 0.0037 0.0042 0.0053 0.0056 0.0084 
 H195.5_2003  1 0.0060 0.0061 0.0124 0.0055 0.0105 0.0085 0.0066 0.0105 0.0154 0.7338 0.0191 0.0232 0.0137 0.0603 0.0064 0.0075 0.0130 0.0071 0.0039 0.0097 0.0091 0.0043 0.0075 
 H195.5_2004  1 0.0070 0.0026 0.0085 0.0045 0.0081 0.0046 0.0036 0.0033 0.0142 0.8611 0.0045 0.0076 0.0060 0.0081 0.0064 0.0047 0.0059 0.0036 0.0079 0.0091 0.0067 0.0051 0.0069 
 H195.6_2003  1 0.0167 0.0036 0.0079 0.0036 0.0040 0.0080 0.0090 0.0062 0.0062 0.8455 0.0042 0.0042 0.0063 0.0148 0.0047 0.0110 0.0047 0.0032 0.0038 0.0036 0.0136 0.0063 0.0089 
 H195.6_2004  1 0.0089 0.0036 0.0052 0.0033 0.0056 0.0034 0.0040 0.0035 0.0045 0.8971 0.0042 0.0041 0.0040 0.0058 0.0064 0.0029 0.0053 0.0065 0.0069 0.0044 0.0033 0.0038 0.0036 
 H195.7_2003  1 0.0067 0.0045 0.0052 0.0055 0.0083 0.0052 0.0075 0.0062 0.0051 0.8556 0.0132 0.0055 0.0061 0.0085 0.0055 0.0038 0.0081 0.0081 0.0031 0.0066 0.0066 0.0054 0.0096 
 H195.7_2004  1 0.0045 0.0026 0.0056 0.0051 0.0049 0.0050 0.0041 0.0048 0.0188 0.8444 0.0037 0.0090 0.0038 0.0080 0.0044 0.0069 0.0050 0.0046 0.0267 0.0052 0.0077 0.0046 0.0105 
      H195.8  1 0.0085 0.0031 0.0054 0.0047 0.0052 0.0080 0.0048 0.0038 0.0440 0.8389 0.0050 0.0099 0.0047 0.0066 0.0045 0.0043 0.0070 0.0042 0.0041 0.0046 0.0073 0.0045 0.0070 
      H195.9  1 0.0151 0.0030 0.0072 0.0051 0.0067 0.0050 0.0053 0.0046 0.0064 0.8657 0.0053 0.0073 0.0066 0.0054 0.0057 0.0037 0.0052 0.0041 0.0037 0.0084 0.0058 0.0062 0.0084 
      H415.1  1 0.0081 0.3918 0.0267 0.0085 0.0060 0.0057 0.0055 0.0201 0.0067 0.0413 0.0181 0.0180 0.0106 0.0088 0.0098 0.1709 0.0161 0.0075 0.0572 0.1190 0.0127 0.0204 0.0107 
      H415.2  1 0.0043 0.0754 0.5541 0.0158 0.0106 0.0279 0.0085 0.0183 0.0030 0.0118 0.0081 0.0049 0.0689 0.0079 0.0434 0.0252 0.0169 0.0058 0.0111 0.0214 0.0151 0.0051 0.0363 
      H415.3  1 0.0027 0.6288 0.0282 0.0135 0.0140 0.0054 0.0149 0.0391 0.0031 0.0114 0.0115 0.0194 0.0401 0.0066 0.0070 0.0091 0.0128 0.0105 0.0080 0.0902 0.0070 0.0058 0.0109 
      H415.4  1 0.0042 0.6467 0.0230 0.0096 0.0045 0.0097 0.0068 0.0124 0.0079 0.0233 0.0098 0.0508 0.0071 0.0083 0.0111 0.0720 0.0150 0.0059 0.0153 0.0187 0.0065 0.0273 0.0040 
      H415.5  1 0.0037 0.6157 0.0244 0.0147 0.0134 0.0057 0.0104 0.0348 0.0046 0.0176 0.0101 0.0327 0.0549 0.0067 0.0153 0.0063 0.0112 0.0133 0.0088 0.0765 0.0059 0.0064 0.0069 
      H415.6  1 0.0040 0.6372 0.0260 0.0117 0.0041 0.0078 0.0081 0.0119 0.0083 0.0207 0.0113 0.0452 0.0080 0.0080 0.0170 0.0828 0.0162 0.0050 0.0126 0.0235 0.0067 0.0197 0.0042 
      H415.7  1 0.0042 0.3016 0.2208 0.0099 0.0249 0.0195 0.0656 0.0204 0.0045 0.0459 0.0100 0.0080 0.0206 0.0077 0.0176 0.0110 0.0163 0.0112 0.0158 0.0612 0.0171 0.0067 0.0794 
      H506.1  1 0.0030 0.0081 0.0042 0.0036 0.8883 0.0039 0.0061 0.0034 0.0073 0.0045 0.0054 0.0033 0.0047 0.0071 0.0080 0.0031 0.0044 0.0058 0.0045 0.0065 0.0045 0.0044 0.0060 
      H506.2  1 0.0040 0.0078 0.0051 0.0065 0.8571 0.0054 0.0097 0.0044 0.0034 0.0095 0.0041 0.0063 0.0063 0.0051 0.0105 0.0032 0.0053 0.0123 0.0066 0.0124 0.0052 0.0051 0.0049 
      H506.3  1 0.0040 0.0128 0.0074 0.0079 0.6888 0.0060 0.0130 0.0069 0.0169 0.0063 0.0083 0.0050 0.0197 0.0139 0.0176 0.0040 0.0089 0.0062 0.0470 0.0091 0.0080 0.0087 0.0738 
      H506.4  1 0.0045 0.0114 0.0044 0.0066 0.8559 0.0061 0.0106 0.0053 0.0071 0.0044 0.0074 0.0031 0.0064 0.0076 0.0078 0.0038 0.0098 0.0046 0.0083 0.0064 0.0042 0.0058 0.0087 
      H506.5  1 0.0045 0.0105 0.0056 0.0048 0.8719 0.0056 0.0086 0.0035 0.0041 0.0043 0.0042 0.0031 0.0049 0.0080 0.0050 0.0032 0.0055 0.0079 0.0068 0.0080 0.0067 0.0045 0.0089 
      H506.6  1 0.0090 0.0132 0.0084 0.0299 0.3730 0.0608 0.0454 0.0088 0.0113 0.0110 0.0102 0.0050 0.0237 0.0100 0.0126 0.0045 0.0198 0.0191 0.0305 0.0077 0.0170 0.0080 0.2611 
      H506.7  1 0.0043 0.0083 0.0046 0.0040 0.8742 0.0046 0.0088 0.0049 0.0044 0.0065 0.0068 0.0044 0.0051 0.0068 0.0057 0.0025 0.0043 0.0066 0.0061 0.0095 0.0054 0.0054 0.0067 
      H533.1  1 0.0030 0.0072 0.0038 0.0048 0.8185 0.0058 0.0037 0.0070 0.0064 0.0038 0.0040 0.0048 0.0050 0.0070 0.0052 0.0030 0.0050 0.0661 0.0081 0.0142 0.0033 0.0047 0.0058 
      H533.2  1 0.0030 0.0085 0.0042 0.0059 0.7963 0.0048 0.0035 0.0087 0.0063 0.0045 0.0041 0.0041 0.0065 0.0047 0.0046 0.0029 0.0057 0.0516 0.0206 0.0347 0.0037 0.0050 0.0063 
      H533.3  1 0.0062 0.0075 0.0054 0.0336 0.8080 0.0105 0.0060 0.0061 0.0055 0.0040 0.0044 0.0033 0.0133 0.0037 0.0040 0.0047 0.0223 0.0136 0.0055 0.0125 0.0061 0.0074 0.0066 
      H533.4  1 0.0055 0.0127 0.0059 0.0157 0.7705 0.0156 0.0057 0.0186 0.0061 0.0127 0.0055 0.0045 0.0157 0.0044 0.0051 0.0052 0.0203 0.0092 0.0130 0.0278 0.0065 0.0052 0.0089 
      H535.1  1 0.0139 0.0057 0.0121 0.0053 0.8349 0.0113 0.0103 0.0056 0.0031 0.0062 0.0072 0.0061 0.0087 0.0053 0.0127 0.0114 0.0108 0.0043 0.0046 0.0068 0.0054 0.0040 0.0042 
      H535.2  1 0.0054 0.0035 0.0042 0.0058 0.8958 0.0035 0.0056 0.0031 0.0065 0.0080 0.0050 0.0064 0.0039 0.0057 0.0038 0.0030 0.0045 0.0038 0.0028 0.0050 0.0046 0.0058 0.0044 
      H535.3  1 0.0055 0.0032 0.0041 0.0064 0.8824 0.0079 0.0051 0.0038 0.0090 0.0080 0.0052 0.0064 0.0033 0.0087 0.0050 0.0043 0.0064 0.0039 0.0040 0.0037 0.0053 0.0042 0.0045 
      H535.4  1 0.0036 0.0061 0.0041 0.0047 0.9014 0.0035 0.0043 0.0046 0.0045 0.0069 0.0036 0.0078 0.0043 0.0048 0.0044 0.0042 0.0039 0.0024 0.0028 0.0083 0.0035 0.0030 0.0033 
      H535.5  1 0.0039 0.0067 0.0039 0.0038 0.9027 0.0039 0.0043 0.0056 0.0035 0.0051 0.0049 0.0035 0.0072 0.0039 0.0042 0.0044 0.0050 0.0029 0.0033 0.0059 0.0038 0.0038 0.0037 
      H535.6  1 0.0156 0.0053 0.0148 0.0076 0.7537 0.0159 0.0120 0.0049 0.0060 0.0136 0.0162 0.0168 0.0081 0.0048 0.0255 0.0167 0.0313 0.0061 0.0044 0.0040 0.0074 0.0043 0.0051 
      H535.7  1 0.0034 0.0043 0.0028 0.0039 0.9168 0.0049 0.0043 0.0036 0.0029 0.0034 0.0035 0.0027 0.0041 0.0046 0.0053 0.0040 0.0036 0.0027 0.0043 0.0044 0.0033 0.0037 0.0037 
      H535.8  1 0.0034 0.0050 0.0038 0.0044 0.8911 0.0058 0.0049 0.0033 0.0049 0.0062 0.0106 0.0040 0.0058 0.0054 0.0062 0.0053 0.0061 0.0041 0.0038 0.0048 0.0048 0.0034 0.0032 
      H535.9  1 0.0073 0.0042 0.0073 0.0041 0.8691 0.0140 0.0069 0.0043 0.0040 0.0072 0.0038 0.0056 0.0049 0.0074 0.0051 0.0102 0.0074 0.0041 0.0042 0.0053 0.0051 0.0042 0.0045 
      H539.1  1 0.0079 0.0033 0.0061 0.0040 0.0023 0.0111 0.0035 0.0038 0.0025 0.0040 0.0034 0.0032 0.0031 0.0037 0.0030 0.9066 0.0046 0.0032 0.0048 0.0027 0.0059 0.0039 0.0034 
      H539.2  1 0.0181 0.0084 0.0101 0.0123 0.0160 0.0052 0.0069 0.0223 0.0194 0.0063 0.0148 0.0075 0.0613 0.0073 0.0044 0.6598 0.0133 0.0058 0.0105 0.0056 0.0194 0.0128 0.0525 
      H539.3  1 0.0251 0.0035 0.0082 0.0053 0.0088 0.0053 0.0063 0.0047 0.0069 0.0125 0.0134 0.0040 0.0098 0.0057 0.0093 0.8253 0.0069 0.0047 0.0060 0.0037 0.0094 0.0073 0.0079 
      H539.4  1 0.0050 0.0055 0.0062 0.0099 0.0039 0.0141 0.0067 0.0116 0.0055 0.0035 0.0049 0.0033 0.0109 0.0061 0.0041 0.8256 0.0055 0.0082 0.0156 0.0047 0.0147 0.0059 0.0188 
      H539.5  1 0.0074 0.0030 0.0057 0.0030 0.0033 0.0067 0.0057 0.0034 0.0030 0.0028 0.0033 0.0027 0.0041 0.0028 0.0040 0.9114 0.0042 0.0031 0.0043 0.0030 0.0050 0.0050 0.0030 
      H539.6  1 0.0044 0.0038 0.0043 0.0044 0.0029 0.0057 0.0048 0.0063 0.0042 0.0048 0.0043 0.0040 0.0042 0.0032 0.0041 0.9016 0.0064 0.0033 0.0045 0.0029 0.0055 0.0075 0.0031 
      H539.7  1 0.0042 0.0028 0.0036 0.0039 0.0032 0.0059 0.0042 0.0046 0.0029 0.0035 0.0042 0.0040 0.0042 0.0034 0.0046 0.9126 0.0049 0.0031 0.0034 0.0037 0.0052 0.0036 0.0042 
      H539.8  1 0.0091 0.0048 0.0056 0.0092 0.0121 0.0048 0.0066 0.0043 0.0099 0.0077 0.0211 0.0047 0.0059 0.0168 0.0151 0.8101 0.0066 0.0042 0.0131 0.0051 0.0099 0.0042 0.0091 
      H539.9  1 0.0060 0.0041 0.0058 0.0069 0.0031 0.0081 0.0055 0.0058 0.0045 0.0029 0.0044 0.0025 0.0073 0.0055 0.0035 0.8715 0.0045 0.0059 0.0103 0.0031 0.0150 0.0066 0.0074 
      H540.1  1 0.0096 0.0033 0.0110 0.0110 0.0090 0.0155 0.0285 0.0068 0.0070 0.0092 0.0047 0.0048 0.0168 0.0048 0.0050 0.7908 0.0160 0.0097 0.0086 0.0044 0.0098 0.0054 0.0079 
      H540.2  1 0.0048 0.0034 0.0089 0.0071 0.0035 0.0059 0.0081 0.0059 0.0026 0.0049 0.0045 0.0040 0.0098 0.0031 0.0082 0.8788 0.0083 0.0068 0.0037 0.0042 0.0056 0.0040 0.0039 
      H540.3  1 0.0063 0.0146 0.0358 0.0266 0.0047 0.0504 0.0178 0.0055 0.0120 0.0095 0.0231 0.0160 0.0156 0.0056 0.0676 0.3744 0.0183 0.0121 0.2111 0.0114 0.0180 0.0053 0.0386 
      H540.4  1 0.0061 0.0035 0.0066 0.0076 0.0084 0.0050 0.0129 0.0057 0.0045 0.0059 0.0045 0.0066 0.0066 0.0040 0.0057 0.8617 0.0077 0.0109 0.0034 0.0042 0.0061 0.0040 0.0084 
      H540.5  1 0.0083 0.0066 0.0159 0.0101 0.0040 0.0091 0.0104 0.0053 0.0082 0.0056 0.0061 0.0065 0.0159 0.0046 0.0093 0.8016 0.0057 0.0106 0.0219 0.0073 0.0086 0.0060 0.0126 
      H540.6  1 0.0198 0.0079 0.0145 0.0170 0.0096 0.0095 0.0261 0.0070 0.0158 0.0078 0.0084 0.0109 0.0160 0.0046 0.0107 0.7083 0.0192 0.0247 0.0122 0.0068 0.0185 0.0093 0.0152 
      H540.7  1 0.0058 0.0068 0.0086 0.0111 0.0060 0.0067 0.0075 0.0075 0.0042 0.0050 0.0053 0.0068 0.0104 0.0053 0.0059 0.8500 0.0086 0.0076 0.0037 0.0091 0.0067 0.0055 0.0059 
      H540.8  1 0.0058 0.0044 0.0117 0.0118 0.0054 0.0071 0.0081 0.0100 0.0029 0.0066 0.0065 0.0055 0.0146 0.0046 0.0088 0.8395 0.0127 0.0067 0.0048 0.0082 0.0044 0.0042 0.0056 
     H9558.1  1 0.0096 0.0063 0.0070 0.0038 0.0093 0.0320 0.0043 0.0100 0.0039 0.0045 0.0054 0.0036 0.0083 0.0068 0.0064 0.8274 0.0129 0.0090 0.0093 0.0029 0.0061 0.0049 0.0062 
     H9558.2  1 0.0097 0.0094 0.0087 0.0052 0.0116 0.0497 0.0066 0.0078 0.0082 0.0060 0.0075 0.0041 0.0067 0.0153 0.0083 0.7458 0.0108 0.0157 0.0096 0.0035 0.0224 0.0175 0.0100 
     H9558.3  1 0.0126 0.0104 0.0079 0.0064 0.0073 0.0060 0.0096 0.0052 0.0055 0.0064 0.0062 0.0039 0.0057 0.0165 0.0092 0.8217 0.0078 0.0079 0.0095 0.0039 0.0156 0.0108 0.0042 
     H9558.4  1 0.0064 0.0078 0.0080 0.0035 0.0090 0.0165 0.0041 0.0122 0.0042 0.0037 0.0060 0.0032 0.0121 0.0057 0.0046 0.8420 0.0075 0.0111 0.0094 0.0029 0.0056 0.0049 0.0097 
     H9558.5  1 0.0028 0.0075 0.0047 0.0103 0.0049 0.0056 0.0061 0.0052 0.0055 0.0026 0.0060 0.0033 0.0097 0.0120 0.0048 0.8565 0.0043 0.0038 0.0155 0.0044 0.0092 0.0032 0.0120 
     H9558.6  1 0.0067 0.0074 0.0133 0.0478 0.0063 0.0157 0.0063 0.0047 0.0042 0.0052 0.0064 0.0059 0.0066 0.0108 0.0120 0.7539 0.0093 0.0074 0.0107 0.0041 0.0097 0.0407 0.0051 
    kos339.1  1 0.0037 0.0080 0.0078 0.0065 0.0126 0.0064 0.0173 0.0076 0.0041 0.0044 0.0056 0.0034 0.0102 0.0041 0.0041 0.0046 0.0085 0.0070 0.0046 0.8395 0.0131 0.0105 0.0064 
    kos339.2  1 0.0033 0.0076 0.0057 0.0079 0.0061 0.0026 0.0070 0.0050 0.0046 0.0058 0.0041 0.0045 0.0042 0.0053 0.0054 0.0035 0.0052 0.0072 0.0060 0.8749 0.0097 0.0107 0.0038 
    kos339.3  1 0.0038 0.0051 0.0034 0.0055 0.0076 0.0034 0.0060 0.0062 0.0030 0.0055 0.0037 0.0029 0.0041 0.0038 0.0036 0.0045 0.0054 0.0023 0.0032 0.9051 0.0035 0.0047 0.0039 
    kos339.4  1 0.0028 0.0101 0.0040 0.0053 0.0055 0.0031 0.0040 0.0055 0.0038 0.0058 0.0042 0.0040 0.0039 0.0039 0.0036 0.0048 0.0055 0.0029 0.0041 0.9015 0.0047 0.0036 0.0035 
    kos339.5  1 0.0038 0.0042 0.0056 0.0055 0.0078 0.0044 0.0123 0.0048 0.0039 0.0037 0.0052 0.0047 0.0131 0.0041 0.0046 0.0044 0.0086 0.0041 0.0025 0.8761 0.0070 0.0059 0.0039 
    kos339.6  1 0.0037 0.0057 0.0061 0.0066 0.0054 0.0033 0.0056 0.0034 0.0034 0.0053 0.0028 0.0054 0.0041 0.0037 0.0054 0.0031 0.0043 0.0028 0.0051 0.9023 0.0042 0.0044 0.0043 
    kos339.7  1 0.0032 0.0053 0.0038 0.0052 0.0091 0.0037 0.0042 0.0062 0.0029 0.0053 0.0036 0.0031 0.0042 0.0029 0.0033 0.0041 0.0050 0.0035 0.0033 0.9042 0.0035 0.0070 0.0034 
    kos339.8  1 0.0022 0.0116 0.0035 0.0075 0.0058 0.0036 0.0089 0.0058 0.0052 0.0061 0.0042 0.0044 0.0041 0.0064 0.0045 0.0033 0.0046 0.0035 0.0052 0.8844 0.0045 0.0051 0.0055 
    kos339.9  1 0.0053 0.0051 0.0134 0.0046 0.0081 0.0053 0.0115 0.0118 0.0042 0.0069 0.0038 0.0065 0.0128 0.0060 0.0077 0.0145 0.0088 0.0061 0.0039 0.8335 0.0089 0.0075 0.0038 
      H008.1  2 0.0074 0.0063 0.0100 0.0082 0.0096 0.0084 0.0063 0.0151 0.0083 0.0055 0.0068 0.0080 0.0104 0.0191 0.0110 0.0644 0.0163 0.0101 0.0047 0.0072 0.0691 0.6792 0.0087 
      H008.2  2 0.0307 0.0131 0.0248 0.0283 0.0378 0.0272 0.0121 0.0092 0.0456 0.0082 0.0223 0.0069 0.0989 0.2194 0.0119 0.1307 0.0329 0.0512 0.0403 0.0105 0.0507 0.0721 0.0152 
      H008.3  2 0.0560 0.0067 0.0184 0.0125 0.2651 0.0180 0.0123 0.0192 0.0552 0.0157 0.0387 0.0102 0.0459 0.0706 0.0509 0.0521 0.1060 0.0147 0.0235 0.0080 0.0430 0.0453 0.0121 
      H008.4  2 0.0175 0.0262 0.0409 0.0123 0.0121 0.0102 0.0115 0.0070 0.0160 0.0130 0.0259 0.0072 0.0158 0.0236 0.0264 0.0766 0.0138 0.0137 0.0292 0.0103 0.0692 0.5124 0.0093 
      H008.5  2 0.0193 0.0080 0.0100 0.0125 0.0346 0.0092 0.0075 0.0162 0.0166 0.0070 0.0534 0.0052 0.0209 0.0258 0.0258 0.0225 0.0260 0.0067 0.0144 0.0075 0.0211 0.6208 0.0090 
      H008.6  2 0.0330 0.0174 0.0584 0.0193 0.0336 0.0293 0.0217 0.0057 0.0080 0.0184 0.0400 0.0048 0.1036 0.1777 0.0224 0.0915 0.0292 0.0350 0.0535 0.0080 0.0386 0.1430 0.0078 
      H008.7  2 0.0116 0.0180 0.0645 0.0104 0.0365 0.0225 0.0090 0.0082 0.0623 0.0083 0.0462 0.0095 0.0400 0.0978 0.0227 0.0562 0.0290 0.0175 0.0573 0.0103 0.0906 0.2603 0.0110 
      H008.8  2 0.0162 0.0090 0.0221 0.0071 0.0136 0.0297 0.0143 0.0153 0.0179 0.0117 0.0076 0.0070 0.0133 0.0136 0.0118 0.2020 0.0196 0.1981 0.0086 0.0084 0.2677 0.0767 0.0088 
      H008.9  2 0.0319 0.0090 0.1274 0.0198 0.0463 0.0593 0.0139 0.0093 0.0148 0.0232 0.0176 0.0071 0.0301 0.1515 0.0420 0.0650 0.0406 0.1132 0.1117 0.0067 0.0306 0.0184 0.0105 
 H029.1_2002  2 0.0049 0.0482 0.0171 0.0085 0.0037 0.0261 0.0173 0.0051 0.0104 0.0058 0.0616 0.0054 0.0074 0.0072 0.0097 0.0359 0.0110 0.0296 0.0180 0.0064 0.0150 0.6332 0.0126 
 H029.1_2003  2 0.0061 0.0075 0.0087 0.0100 0.0149 0.0169 0.0122 0.0051 0.0048 0.0083 0.7283 0.0042 0.0126 0.0078 0.0454 0.0088 0.0162 0.0320 0.0078 0.0051 0.0126 0.0111 0.0136 
 H029.2_2002  2 0.0070 0.0060 0.0245 0.0047 0.0730 0.0046 0.0250 0.0059 0.0203 0.0415 0.0618 0.0044 0.0196 0.0107 0.0599 0.0080 0.0101 0.0061 0.0383 0.0307 0.0115 0.5056 0.0208 
 H029.2_2003  2 0.0152 0.0043 0.0234 0.0106 0.1233 0.0088 0.0159 0.0065 0.0050 0.0130 0.5312 0.0046 0.0489 0.0127 0.0190 0.0059 0.0196 0.0084 0.0213 0.0204 0.0116 0.0457 0.0247 
 H029.3_2002  2 0.0121 0.0065 0.0113 0.0117 0.2987 0.0062 0.0109 0.0111 0.0172 0.0338 0.0499 0.0044 0.0085 0.0053 0.0310 0.0050 0.0225 0.0240 0.1950 0.0228 0.0261 0.1422 0.0435 
 H029.3_2003  2 0.0053 0.0050 0.0062 0.0160 0.0181 0.0040 0.0108 0.0074 0.0071 0.0069 0.3506 0.0039 0.0144 0.0240 0.0265 0.0066 0.0229 0.0128 0.0066 0.0078 0.0126 0.3991 0.0254 
 H029.4_2002  2 0.0036 0.0084 0.0038 0.0090 0.0064 0.0053 0.0044 0.0098 0.0150 0.0177 0.0887 0.0050 0.0049 0.0064 0.0103 0.0041 0.0081 0.0086 0.0214 0.0068 0.0073 0.7202 0.0249 
 H029.4_2003  2 0.0065 0.0074 0.0043 0.0128 0.0066 0.0139 0.0078 0.0156 0.0074 0.0060 0.5375 0.0043 0.0075 0.0123 0.0125 0.0181 0.0844 0.0215 0.0143 0.0075 0.0289 0.0581 0.1049 
 H029.5_2002  2 0.0039 0.0133 0.0072 0.0066 0.0039 0.0059 0.0137 0.0050 0.0095 0.0088 0.0547 0.0084 0.0060 0.0090 0.0219 0.0069 0.0102 0.0072 0.0066 0.0057 0.0067 0.7709 0.0076 
 H029.5_2003  2 0.0044 0.0050 0.0059 0.0061 0.0069 0.0091 0.0045 0.0098 0.0035 0.0057 0.6198 0.0042 0.0445 0.0211 0.0147 0.0056 0.0159 0.0199 0.0081 0.0045 0.0111 0.1530 0.0166 
 H029.6_2002  2 0.0073 0.0076 0.0062 0.0063 0.0106 0.0042 0.0055 0.0100 0.0227 0.0209 0.3361 0.0061 0.0069 0.0039 0.0169 0.0044 0.0122 0.0239 0.0494 0.0060 0.0112 0.3897 0.0320 
 H029.6_2003  2 0.0063 0.0050 0.0103 0.0191 0.0535 0.0121 0.0297 0.0146 0.0099 0.0165 0.0716 0.0082 0.0448 0.0320 0.0686 0.0173 0.1363 0.0129 0.0112 0.0476 0.0191 0.3196 0.0338 
      H029.7  2 0.0134 0.0051 0.0111 0.0053 0.0126 0.0046 0.0126 0.0072 0.0139 0.0468 0.0314 0.0043 0.0091 0.0075 0.0172 0.0061 0.0078 0.0047 0.0369 0.0310 0.0125 0.6730 0.0263 
      H030.1  2 0.0117 0.0073 0.0180 0.4175 0.0123 0.0095 0.1150 0.0186 0.0171 0.0120 0.0834 0.0448 0.0467 0.0703 0.0077 0.0055 0.0143 0.0110 0.0045 0.0130 0.0117 0.0354 0.0127 
      H030.2  2 0.0050 0.1460 0.0161 0.3292 0.0137 0.0074 0.0103 0.0250 0.1443 0.0076 0.0288 0.0267 0.0057 0.0344 0.0041 0.0193 0.0215 0.0054 0.0738 0.0061 0.0115 0.0516 0.0064 
      H038.1  2 0.0067 0.0060 0.0062 0.0048 0.0041 0.0116 0.0046 0.0045 0.0036 0.0068 0.0061 0.0034 0.0051 0.0043 0.0072 0.0070 0.0044 0.0113 0.0243 0.0070 0.0127 0.8419 0.0062 
      H038.2  2 0.0030 0.0121 0.0085 0.0065 0.0107 0.0039 0.0108 0.0083 0.0061 0.0047 0.0060 0.0129 0.0047 0.0067 0.0062 0.0039 0.0083 0.0043 0.0064 0.0085 0.0056 0.8462 0.0056 
      H038.3  2 0.0043 0.0247 0.0119 0.0137 0.0104 0.0174 0.0359 0.0098 0.0069 0.0083 0.0045 0.0118 0.0056 0.0143 0.0081 0.0074 0.0102 0.0076 0.0359 0.0116 0.0157 0.7175 0.0063 
      H038.4  2 0.0038 0.0161 0.0094 0.0064 0.0084 0.0074 0.0242 0.0081 0.0062 0.0108 0.0039 0.0152 0.0040 0.0084 0.0110 0.0060 0.0056 0.0079 0.0300 0.0067 0.0132 0.7819 0.0052 
      H038.5  2 0.0035 0.0056 0.0045 0.0138 0.0064 0.0052 0.0078 0.0153 0.0106 0.0090 0.0108 0.0069 0.0078 0.0050 0.0089 0.0101 0.0116 0.0155 0.0267 0.0141 0.0125 0.7630 0.0254 
      H038.6  2 0.0043 0.0069 0.0048 0.0103 0.0062 0.0061 0.0070 0.0101 0.0040 0.0037 0.0071 0.0028 0.0097 0.0044 0.0057 0.0109 0.0087 0.0070 0.0114 0.0074 0.0065 0.8471 0.0078 
      H038.7  2 0.0036 0.0215 0.0058 0.0068 0.0141 0.0056 0.0476 0.0087 0.0029 0.0036 0.0050 0.0035 0.0047 0.0100 0.0053 0.0148 0.0086 0.0057 0.0105 0.0045 0.0139 0.7848 0.0085 
      H038.8  2 0.0035 0.0150 0.0131 0.0100 0.0078 0.0063 0.0196 0.0118 0.0089 0.0067 0.0042 0.0171 0.0042 0.0065 0.0055 0.0071 0.0083 0.0062 0.0857 0.0075 0.0163 0.7244 0.0045 
      H041.1  2 0.0194 0.0139 0.0128 0.0073 0.0076 0.0082 0.0362 0.0097 0.1067 0.0219 0.2526 0.0251 0.0112 0.1153 0.0081 0.0086 0.0609 0.0046 0.0205 0.0537 0.0341 0.1437 0.0180 
      H041.2  2 0.0057 0.0271 0.0165 0.0068 0.0064 0.0130 0.0110 0.0043 0.0038 0.0203 0.7221 0.0062 0.0065 0.0471 0.0173 0.0063 0.0089 0.0062 0.0128 0.0084 0.0078 0.0307 0.0047 
      H041.4  2 0.0202 0.0136 0.0262 0.0088 0.0053 0.0202 0.0091 0.0085 0.0128 0.0304 0.3668 0.0095 0.0056 0.0300 0.0277 0.0192 0.1325 0.0085 0.0229 0.0142 0.0445 0.1557 0.0080 
      H041.6  2 0.0287 0.0202 0.0178 0.0077 0.0085 0.0429 0.0206 0.0087 0.0146 0.0316 0.3072 0.0115 0.0062 0.0297 0.0150 0.0414 0.0703 0.0123 0.0128 0.0133 0.0530 0.2204 0.0056 
 H042.1_2002  2 0.0087 0.0188 0.0286 0.0059 0.0058 0.0149 0.0060 0.0243 0.0095 0.0196 0.6387 0.0405 0.0133 0.0049 0.0076 0.0719 0.0135 0.0038 0.0117 0.0096 0.0293 0.0070 0.0059 
