      H105.1  1 0.2401 0.5438 0.2161 
      H105.2  1 0.3214 0.3447 0.3339 
      H105.3  1 0.2863 0.3917 0.3220 
      H105.4  1 0.8193 0.0782 0.1025 
      H105.5  1 0.5236 0.0514 0.4250 
      H105.6  1 0.8653 0.0506 0.0841 
      H105.7  1 0.1704 0.7727 0.0568 
      H105.8  1 0.1006 0.5627 0.3367 
      H115.1  1 0.1349 0.2584 0.6067 
      H115.2  1 0.0585 0.0381 0.9033 
      H115.3  1 0.0283 0.0244 0.9474 
      H115.4  1 0.0915 0.1616 0.7469 
      H115.5  1 0.0374 0.1317 0.8309 
      H115.6  1 0.1540 0.1017 0.7444 
      H115.7  1 0.7042 0.0835 0.2123 
      H115.8  1 0.0180 0.0662 0.9157 
      H115.9  1 0.0373 0.2768 0.6860 
      H145.1  1 0.8162 0.0184 0.1655 
      H145.2  1 0.8028 0.0138 0.1834 
      H145.3  1 0.5200 0.3799 0.1001 
      H145.4  1 0.9576 0.0173 0.0252 
      H145.5  1 0.6015 0.0472 0.3512 
      H145.6  1 0.9229 0.0302 0.0469 
      H145.7  1 0.9058 0.0678 0.0264 
      H149.1  1 0.9150 0.0147 0.0702 
      H149.2  1 0.9603 0.0141 0.0256 
      H149.3  1 0.9305 0.0341 0.0354 
      H149.4  1 0.9262 0.0373 0.0365 
      H149.5  1 0.9460 0.0386 0.0154 
      H149.6  1 0.9688 0.0145 0.0168 
      H149.7  1 0.7638 0.1605 0.0756 
      H150.1  1 0.0214 0.0247 0.9539 
      H150.2  1 0.0697 0.0182 0.9121 
      H150.3  1 0.3433 0.0690 0.5877 
      H150.4  1 0.0416 0.0536 0.9049 
      H150.5  1 0.2737 0.0750 0.6514 
      H150.6  1 0.1099 0.0355 0.8546 
      H150.7  1 0.0440 0.0180 0.9380 
   H169607.1  1 0.0970 0.1549 0.7482 
   H169607.2  1 0.3206 0.1253 0.5541 
   H169607.3  1 0.1414 0.6283 0.2303 
   H169607.4  1 0.3032 0.0406 0.6562 
   H169607.5  1 0.7642 0.0865 0.1493 
   H169607.6  1 0.2146 0.1681 0.6173 
   H169607.7  1 0.0691 0.1153 0.8156 
   H169607.8  1 0.2611 0.2541 0.4848 
   H169633.1  1 0.7241 0.0802 0.1958 
   H169633.2  1 0.6641 0.2003 0.1356 
   H169633.3  1 0.8442 0.1034 0.0524 
   H169633.4  1 0.8290 0.0202 0.1507 
   H169633.5  1 0.8051 0.0209 0.1741 
   H169688.1  1 0.1473 0.8075 0.0452 
   H169688.2  1 0.0298 0.8791 0.0910 
   H169688.3  1 0.2894 0.4407 0.2699 
   H169688.4  1 0.0311 0.0976 0.8713 
   H169688.5  1 0.0334 0.1052 0.8614 
   H169688.6  1 0.0919 0.3526 0.5556 
   H169688.7  1 0.1846 0.3506 0.4648 
   H171901.1  1 0.4955 0.0554 0.4491 
   H171901.2  1 0.8386 0.0278 0.1335 
   H171901.3  1 0.7807 0.0740 0.1453 
   H171901.4  1 0.7838 0.0437 0.1725 
   H171901.5  1 0.7768 0.0286 0.1946 
   H171901.6  1 0.8569 0.0168 0.1263 
   H171901.7  1 0.8483 0.0398 0.1120 
   H171902.1  1 0.0350 0.0250 0.9400 
  H171902.10  1 0.0782 0.0203 0.9015 
   H171902.2  1 0.0369 0.5023 0.4608 
   H171902.3  1 0.0956 0.0258 0.8785 
   H171902.4  1 0.4758 0.0651 0.4592 
   H171902.6  1 0.1311 0.0173 0.8515 
   H171902.7  1 0.1088 0.0104 0.8808 
   H171902.8  1 0.0985 0.0186 0.8830 
   H171902.9  1 0.1724 0.0277 0.7999 
   H171903.1  1 0.6777 0.1338 0.1885 
   H171903.2  1 0.1719 0.3369 0.4912 
   H171903.3  1 0.4322 0.2099 0.3579 
   H171903.4  1 0.7529 0.1150 0.1320 
   H171903.5  1 0.0929 0.2169 0.6903 
   H171903.6  1 0.4281 0.2750 0.2969 
      H177.1  1 0.8737 0.0695 0.0569 
      H177.2  1 0.3769 0.2343 0.3888 
      H177.3  1 0.7271 0.0207 0.2522 
      H177.4  1 0.7965 0.1277 0.0759 
      H177.5  1 0.1749 0.7983 0.0268 
      H177.6  1 0.6672 0.0181 0.3146 
      H179.1  1 0.0373 0.4084 0.5542 
      H179.2  1 0.0350 0.3957 0.5693 
      H179.3  1 0.0216 0.6856 0.2927 
      H179.4  1 0.3517 0.4307 0.2176 
      H180.1  1 0.0399 0.0275 0.9325 
      H180.2  1 0.0961 0.0220 0.8818 
      H180.3  1 0.0395 0.0422 0.9182 
      H180.4  1 0.3961 0.1035 0.5004 
      H180.5  1 0.1825 0.1782 0.6393 
      H180.6  1 0.1158 0.2089 0.6753 
      H181.1  1 0.1565 0.2968 0.5467 
      H181.2  1 0.2706 0.2613 0.4682 
      H181.3  1 0.2783 0.6017 0.1200 
      H181.4  1 0.5118 0.3214 0.1668 
      H181.5  1 0.0555 0.8631 0.0815 
      H181.6  1 0.1467 0.2407 0.6126 
      H181.7  1 0.1291 0.4787 0.3922 
 H194.1_2004  1 0.9597 0.0211 0.0192 
 H194.2_2004  1 0.9465 0.0362 0.0173 
 H194.3_2004  1 0.9651 0.0188 0.0161 
 H194.4_2004  1 0.9322 0.0416 0.0262 
 H194.5_2004  1 0.9677 0.0172 0.0152 
 H194.6_2004  1 0.8586 0.1105 0.0309 
 H194.7_2004  1 0.8736 0.1012 0.0252 
 H194.8_2004  1 0.8761 0.1035 0.0203 
      H194.9  1 0.8986 0.0719 0.0294 
 H195.1_2003  1 0.9482 0.0252 0.0266 
 H195.1_2004  1 0.9017 0.0330 0.0653 
 H195.2_2003  1 0.5815 0.1251 0.2934 
 H195.2_2004  1 0.7737 0.1612 0.0651 
 H195.3_2003  1 0.7975 0.0683 0.1342 
 H195.3_2004  1 0.9644 0.0186 0.0169 
 H195.4_2003  1 0.9696 0.0142 0.0162 
 H195.4_2004  1 0.4382 0.5339 0.0279 
 H195.5_2003  1 0.9440 0.0280 0.0280 
 H195.5_2004  1 0.9512 0.0301 0.0188 
 H195.6_2003  1 0.8228 0.0672 0.1100 
 H195.6_2004  1 0.9602 0.0197 0.0201 
 H195.7_2003  1 0.7977 0.1800 0.0223 
 H195.7_2004  1 0.6483 0.0524 0.2994 
      H195.8  1 0.6516 0.3178 0.0306 
      H195.9  1 0.8705 0.0996 0.0299 
      H415.1  1 0.1025 0.0292 0.8683 
      H415.2  1 0.1628 0.0163 0.8209 
      H415.3  1 0.3762 0.0267 0.5971 
      H415.4  1 0.2070 0.0285 0.7646 
      H415.5  1 0.3650 0.0186 0.6165 
      H415.6  1 0.2063 0.0309 0.7627 
      H415.7  1 0.3070 0.0294 0.6636 
      H506.1  1 0.0803 0.0614 0.8583 
      H506.2  1 0.1914 0.0323 0.7762 
      H506.3  1 0.0209 0.0994 0.8797 
      H506.4  1 0.0297 0.0801 0.8902 
      H506.5  1 0.0878 0.0338 0.8785 
      H506.6  1 0.0234 0.1115 0.8651 
      H506.7  1 0.1408 0.0508 0.8084 
      H533.1  1 0.0323 0.0398 0.9279 
      H533.2  1 0.0400 0.0243 0.9357 
      H533.3  1 0.0319 0.0773 0.8909 
      H533.4  1 0.1174 0.0509 0.8316 
      H535.1  1 0.8251 0.0411 0.1338 
      H535.2  1 0.5493 0.4255 0.0252 
      H535.3  1 0.5189 0.3875 0.0936 
      H535.4  1 0.9567 0.0194 0.0240 
      H535.5  1 0.9456 0.0265 0.0279 
      H535.6  1 0.8258 0.1414 0.0328 
      H535.7  1 0.8424 0.0562 0.1015 
      H535.8  1 0.8490 0.0907 0.0603 
      H535.9  1 0.8401 0.0420 0.1180 
      H539.1  1 0.0200 0.0176 0.9624 
      H539.2  1 0.0691 0.1953 0.7356 
      H539.3  1 0.0838 0.0868 0.8294 
      H539.4  1 0.0125 0.0203 0.9673 
      H539.5  1 0.0209 0.0404 0.9387 
      H539.6  1 0.0474 0.0488 0.9038 
      H539.7  1 0.0642 0.0243 0.9115 
      H539.8  1 0.1087 0.0385 0.8529 
      H539.9  1 0.0139 0.0250 0.9611 
      H540.1  1 0.0535 0.0278 0.9187 
      H540.2  1 0.1307 0.0416 0.8277 
      H540.3  1 0.1124 0.0303 0.8574 
      H540.4  1 0.0963 0.0286 0.8751 
      H540.5  1 0.0189 0.0324 0.9488 
      H540.6  1 0.0597 0.1404 0.8000 
      H540.7  1 0.1378 0.0491 0.8132 
      H540.8  1 0.5394 0.0197 0.4410 
     H9558.1  1 0.0374 0.0127 0.9499 
     H9558.2  1 0.0169 0.0196 0.9635 
     H9558.3  1 0.0273 0.0203 0.9523 
     H9558.4  1 0.0196 0.0131 0.9673 
     H9558.5  1 0.0133 0.0099 0.9768 
     H9558.6  1 0.1175 0.2432 0.6393 
    kos339.1  1 0.6207 0.1229 0.2564 
    kos339.2  1 0.7294 0.1096 0.1610 
    kos339.3  1 0.9327 0.0155 0.0519 
    kos339.4  1 0.8973 0.0320 0.0708 
    kos339.5  1 0.9452 0.0303 0.0245 
    kos339.6  1 0.9401 0.0210 0.0389 
    kos339.7  1 0.8712 0.0309 0.0980 
    kos339.8  1 0.8489 0.0250 0.1262 
    kos339.9  1 0.8959 0.0229 0.0812 
      H008.1  2 0.0394 0.8115 0.1490 
      H008.2  2 0.0527 0.2113 0.7360 
      H008.3  2 0.1397 0.4103 0.4500 
      H008.4  2 0.0912 0.6354 0.2734 
      H008.5  2 0.0361 0.8708 0.0932 
      H008.6  2 0.1201 0.2443 0.6356 
      H008.7  2 0.0856 0.6411 0.2733 
      H008.8  2 0.0488 0.1090 0.8422 
      H008.9  2 0.1835 0.0656 0.7509 
 H029.1_2002  2 0.0197 0.9055 0.0748 
 H029.1_2003  2 0.0526 0.8549 0.0925 
 H029.2_2002  2 0.0344 0.9026 0.0631 
 H029.2_2003  2 0.0576 0.8540 0.0885 
 H029.3_2002  2 0.0358 0.8172 0.1470 
 H029.3_2003  2 0.0200 0.9594 0.0206 
 H029.4_2002  2 0.0133 0.9676 0.0192 
 H029.4_2003  2 0.0239 0.6410 0.3351 
 H029.5_2002  2 0.0156 0.9645 0.0199 
 H029.5_2003  2 0.0182 0.9299 0.0519 
 H029.6_2002  2 0.0175 0.9615 0.0210 
 H029.6_2003  2 0.1408 0.7295 0.1297 
      H029.7  2 0.0202 0.9411 0.0387 
      H030.1  2 0.0330 0.9502 0.0169 
      H030.2  2 0.0307 0.8486 0.1207 
      H038.1  2 0.0165 0.8879 0.0956 
      H038.2  2 0.0155 0.9618 0.0227 
      H038.3  2 0.0266 0.8792 0.0942 
      H038.4  2 0.0302 0.8861 0.0837 
      H038.5  2 0.0129 0.9052 0.0820 
      H038.6  2 0.0106 0.9422 0.0472 
      H038.7  2 0.0120 0.9244 0.0636 
      H038.8  2 0.0240 0.8573 0.1187 
      H041.1  2 0.0688 0.8983 0.0329 
      H041.2  2 0.0876 0.8138 0.0985 
      H041.4  2 0.1467 0.7698 0.0836 
      H041.6  2 0.1614 0.7562 0.0823 
 H042.1_2002  2 0.4984 0.4508 0.0509 
 H042.1_2003  2 0.1292 0.1310 0.7399 
 H042.2_2002  2 0.0321 0.9055 0.0625 
 H042.2_2003  2 0.6240 0.2402 0.1358 
 H042.3_2002  2 0.4078 0.4968 0.0954 
 H042.3_2003  2 0.2707 0.4592 0.2701 
 H042.4_2002  2 0.1549 0.8120 0.0331 
 H042.4_2003  2 0.1574 0.8136 0.0291 
      H042.5  2 0.1906 0.7899 0.0195 
      H042.6  2 0.0258 0.9421 0.0321 
      H042.7  2 0.7262 0.2434 0.0305 
      H042.8  2 0.1053 0.8666 0.0281 
   H042_2002  2 0.0862 0.1372 0.7767 
   H042_2003  2 0.0969 0.1244 0.7787 
      H043.1  2 0.0140 0.0228 0.9633 
      H043.2  2 0.0330 0.0285 0.9385 
      H043.3  2 0.0207 0.0779 0.9014 
      H043.4  2 0.0221 0.0317 0.9462 
      H043.5  2 0.0115 0.0171 0.9715 
      H043.6  2 0.0156 0.0351 0.9493 
      H043.7  2 0.0384 0.0270 0.9346 
      H043.8  2 0.0576 0.1206 0.8218 
      H043.9  2 0.0140 0.0584 0.9276 
      H047.1  2 0.0522 0.2086 0.7392 
      H047.2  2 0.0640 0.8991 0.0369 
      H047.3  2 0.0711 0.8988 0.0301 
      H047.4  2 0.2039 0.7374 0.0587 
      H047.5  2 0.1348 0.8256 0.0397 
      H047.6  2 0.1923 0.5888 0.2189 
      H047.7  2 0.0948 0.2921 0.6131 
      H047.8  2 0.3086 0.3897 0.3017 
      H047.9  2 0.4911 0.4003 0.1086 
 H071.1_2002  2 0.0184 0.9273 0.0543 
 H071.1_2003  2 0.0779 0.8430 0.0791 
     H071.10  2 0.0112 0.9586 0.0302 
 H071.2_2002  2 0.0188 0.9428 0.0384 
 H071.2_2003  2 0.0119 0.9730 0.0151 
      H071.3  2 0.0312 0.9039 0.0649 
 H071.4_2002  2 0.0264 0.8111 0.1625 
 H071.4_2003  2 0.0140 0.9587 0.0273 
 H071.5_2002  2 0.0106 0.9651 0.0243 
 H071.5_2003  2 0.0226 0.8615 0.1159 
 H071.6_2002  2 0.0135 0.9361 0.0504 
 H071.6_2003  2 0.0144 0.9582 0.0274 
 H071.7_2002  2 0.0136 0.9503 0.0362 
 H071.7_2003  2 0.0246 0.8688 0.1066 
      H071.8  2 0.0210 0.9369 0.0421 
      H071.9  2 0.0275 0.8014 0.1710 
 H081.1_2002  2 0.0124 0.9714 0.0163 
 H081.1_2003  2 0.0389 0.4190 0.5421 
 H081.2_2002  2 0.0294 0.9297 0.0409 
 H081.2_2003  2 0.0228 0.9258 0.0514 
 H081.3_2002  2 0.0268 0.9503 0.0228 
 H081.3_2003  2 0.0945 0.3437 0.5618 
 H081.4_2002  2 0.0248 0.9179 0.0573 
 H081.4_2003  2 0.1332 0.5662 0.3006 
 H081.5_2002  2 0.0142 0.9601 0.0257 
 H081.5_2003  2 0.1609 0.6226 0.2164 
      H081.6  2 0.0207 0.9477 0.0317 
      H081.7  2 0.0225 0.9560 0.0215 
      H081.8  2 0.0325 0.9189 0.0485 
      H083.1  2 0.0117 0.9666 0.0217 
      H083.2  2 0.0171 0.9544 0.0285 
      H083.4  2 0.0117 0.9535 0.0348 
      H083.5  2 0.0125 0.9625 0.0251 
      H083.6  2 0.0169 0.9677 0.0154 
      H083.7  2 0.0183 0.9475 0.0342 
      H083.8  2 0.0263 0.9420 0.0318 
      H083.9  2 0.0119 0.9741 0.0140 
      H084.1  2 0.0238 0.9150 0.0613 
      H084.2  2 0.0162 0.8657 0.1181 
      H084.3  2 0.1411 0.4490 0.4100 
      H084.4  2 0.1038 0.3584 0.5378 
      H084.5  2 0.1081 0.7474 0.1446 
      H084.6  2 0.2316 0.5088 0.2596 
      H084.7  2 0.0266 0.9358 0.0376 
      H084.8  2 0.1255 0.7903 0.0842 
 H085.1_2002  2 0.0275 0.9192 0.0533 
 H085.1_2003  2 0.0193 0.9616 0.0191 
 H085.2_2002  2 0.0525 0.8378 0.1097 
 H085.2_2003  2 0.0184 0.9452 0.0364 
 H085.3_2002  2 0.2430 0.7231 0.0339 
 H085.3_2003  2 0.0261 0.9536 0.0203 
 H085.4_2002  2 0.0454 0.8178 0.1368 
 H085.4_2003  2 0.0361 0.9348 0.0292 
 H085.5_2002  2 0.3458 0.5847 0.0695 
 H085.5_2003  2 0.0115 0.9705 0.0180 
 H085.6_2002  2 0.0477 0.8826 0.0697 
 H085.6_2003  2 0.4693 0.4297 0.1011 
 H085.7_2002  2 0.0960 0.8579 0.0461 
 H085.7_2003  2 0.0550 0.8732 0.0718 
 H085.8_2002  2 0.3365 0.4873 0.1762 
 H085.8_2003  2 0.0483 0.9194 0.0324 
      H085.9  2 0.1005 0.8285 0.0709 
      H088.1  2 0.2671 0.6794 0.0535 
      H088.2  2 0.1830 0.7965 0.0205 
      H088.3  2 0.0695 0.9028 0.0277 
      H088.4  2 0.0461 0.9001 0.0538 
      H088.5  2 0.0909 0.8843 0.0248 
      H088.6  2 0.0935 0.8818 0.0247 
      H088.7  2 0.0508 0.9102 0.0390 
      H088.8  2 0.1075 0.8285 0.0640 
      H091.1  2 0.0466 0.9262 0.0272 
      H091.2  2 0.0403 0.9419 0.0178 
      H109.1  2 0.0302 0.3602 0.6096 
      H109.2  2 0.0422 0.6858 0.2720 
      H109.3  2 0.3387 0.4051 0.2562 
      H109.4  2 0.0742 0.2047 0.7211 
      H109.5  2 0.3539 0.6103 0.0359 
      H109.6  2 0.0765 0.3259 0.5976 
      H126.1  2 0.3370 0.0399 0.6231 
      H126.2  2 0.0299 0.1218 0.8484 
      H126.3  2 0.0407 0.4372 0.5220 
      H126.4  2 0.1834 0.1121 0.7046 
      H126.5  2 0.1307 0.0802 0.7890 
      H126.6  2 0.0227 0.5820 0.3952 
      H126.7  2 0.0193 0.9450 0.0357 
      H130.1  2 0.4053 0.1887 0.4061 
      H130.2  2 0.0398 0.9035 0.0567 
      H130.3  2 0.1036 0.7615 0.1348 
      H130.4  2 0.1970 0.1129 0.6900 
      H130.5  2 0.0451 0.9243 0.0306 
      H133.1  2 0.1158 0.4083 0.4759 
      H133.2  2 0.1745 0.3949 0.4305 
      H133.3  2 0.2741 0.4764 0.2495 
      H133.4  2 0.1038 0.0916 0.8046 
      H133.5  2 0.0511 0.2660 0.6828 
      H133.6  2 0.0823 0.5141 0.4036 
      H133.7  2 0.5291 0.1219 0.3490 
      H133.8  2 0.1415 0.1537 0.7047 
      H133.9  2 0.1185 0.4012 0.4804 
      H147.1  2 0.0583 0.9042 0.0374 
      H147.2  2 0.0143 0.9739 0.0118 
      H147.3  2 0.0220 0.9606 0.0174 
      H147.4  2 0.0186 0.9532 0.0282 
      H147.5  2 0.0208 0.9645 0.0147 
      H147.6  2 0.0309 0.9428 0.0263 
      H147.7  2 0.0495 0.9038 0.0468 
      H147.8  2 0.0108 0.9738 0.0154 
      H147.9  2 0.0180 0.9606 0.0214 
      H148.1  2 0.0712 0.1402 0.7886 
      H148.2  2 0.2036 0.2340 0.5624 
      H148.3  2 0.9419 0.0230 0.0351 
      H148.4  2 0.2492 0.0763 0.6745 
      H148.5  2 0.6813 0.1246 0.1941 
      H148.6  2 0.3559 0.2004 0.4437 
      H148.7  2 0.5504 0.1324 0.3172 
      H148.8  2 0.8453 0.0516 0.1031 
      H148.9  2 0.1029 0.0533 0.8438 
   H166022.1  2 0.0195 0.9684 0.0121 
   H166022.2  2 0.0551 0.9265 0.0185 
   H166022.3  2 0.0563 0.9233 0.0204 
   H166022.4  2 0.0291 0.9540 0.0169 
   H166022.5  2 0.0386 0.9440 0.0174 
   H166022.6  2 0.0679 0.9040 0.0281 
   H166022.7  2 0.0091 0.0126 0.9783 
   H166022.8  2 0.1361 0.8115 0.0524 
   H167397.1  2 0.0868 0.1066 0.8066 
   H167397.2  2 0.2419 0.0856 0.6725 
   H167397.3  2 0.0424 0.0369 0.9207 
   H167397.4  2 0.3525 0.2898 0.3576 
   H167397.5  2 0.0308 0.0550 0.9141 
   H167397.6  2 0.0842 0.0837 0.8321 
   H167496.1  2 0.6434 0.2767 0.0799 
   H167496.2  2 0.3900 0.3295 0.2805 
   H167496.3  2 0.4173 0.5189 0.0638 
   H167496.4  2 0.0158 0.9688 0.0154 
   H167496.6  2 0.0361 0.9130 0.0509 
   H167496.7  2 0.6514 0.2263 0.1223 
   H167496.8  2 0.0265 0.9475 0.0260 
   H167513.1  2 0.1516 0.2170 0.6314 
   H167513.2  2 0.3734 0.0628 0.5638 
   H167513.3  2 0.1242 0.2204 0.6554 
   H167513.4  2 0.0736 0.8339 0.0925 
   H167513.5  2 0.1906 0.1416 0.6678 
   H167513.6  2 0.3445 0.2195 0.4360 
   H167513.7  2 0.0327 0.5080 0.4592 
   H167513.8  2 0.0245 0.0487 0.9268 
   H167547.1  2 0.7970 0.0316 0.1714 
   H167547.2  2 0.8346 0.0723 0.0931 
   H167547.3  2 0.8152 0.0920 0.0928 
   H167547.4  2 0.7125 0.1000 0.1874 
   H167547.5  2 0.9104 0.0511 0.0385 
   H167547.6  2 0.9173 0.0486 0.0341 
   H167547.7  2 0.7416 0.0488 0.2095 
   H169750.1  2 0.5350 0.2511 0.2139 
   H169750.2  2 0.1547 0.3026 0.5426 
   H169750.3  2 0.4758 0.3623 0.1619 
   H169750.4  2 0.1984 0.0606 0.7410 
   H169750.5  2 0.2230 0.6534 0.1237 
   H169750.6  2 0.0501 0.8618 0.0881 
   H169750.7  2 0.2596 0.1768 0.5637 
   H171929.1  2 0.4663 0.0556 0.4781 
  H171929.10  2 0.3477 0.4916 0.1606 
  H171929.11  2 0.1745 0.0372 0.7883 
   H171929.2  2 0.6165 0.1039 0.2796 
   H171929.3  2 0.3685 0.0916 0.5398 
   H171929.4  2 0.7180 0.2265 0.0556 
   H171929.5  2 0.0882 0.0815 0.8303 
   H171929.6  2 0.0347 0.0281 0.9372 
   H171929.7  2 0.6692 0.0742 0.2565 
   H171929.8  2 0.6779 0.0572 0.2649 
   H171929.9  2 0.2111 0.6792 0.1097 
   H171930.1  2 0.1468 0.1141 0.7391 
   H171930.2  2 0.2357 0.5685 0.1958 
   H171930.3  2 0.0930 0.1237 0.7833 
   H171930.4  2 0.1762 0.4745 0.3494 
   H171930.5  2 0.2004 0.2329 0.5667 
   H171930.6  2 0.1483 0.6991 0.1527 
   H171930.7  2 0.0549 0.0788 0.8664 
   H171930.8  2 0.0636 0.1204 0.8160 
   H171933.1  2 0.0829 0.8646 0.0525 
   H171933.2  2 0.0568 0.8970 0.0462 
   H171933.3  2 0.1854 0.7672 0.0473 
   H171933.4  2 0.3919 0.5475 0.0607 
   H171933.5  2 0.5434 0.1451 0.3114 
   H171933.6  2 0.0181 0.9676 0.0143 
   H171933.7  2 0.1081 0.7985 0.0933 
   H171933.8  2 0.1042 0.6658 0.2300 
   H171933.9  2 0.1273 0.8378 0.0349 
      H190.1  2 0.3031 0.6342 0.0628 
      H190.2  2 0.7597 0.1549 0.0854 
      H190.3  2 0.7184 0.1754 0.1062 
      H190.4  2 0.4084 0.5380 0.0536 
      H190.5  2 0.3962 0.4501 0.1538 
      H190.6  2 0.5145 0.4374 0.0482 
      H190.7  2 0.9064 0.0605 0.0331 
      H190.8  2 0.5447 0.3111 0.1442 
      H190.9  2 0.6730 0.2356 0.0914 
      H400.1  2 0.0142 0.9619 0.0238 
      H400.2  2 0.0095 0.9738 0.0167 
      H400.3  2 0.0416 0.9094 0.0491 
      H400.4  2 0.0177 0.9681 0.0142 
      H400.5  2 0.0300 0.9288 0.0411 
      H400.6  2 0.0167 0.9691 0.0141 
      H400.7  2 0.0346 0.9502 0.0152 
 H428.1_2005  2 0.0275 0.9466 0.0260 
 H428.1_2006  2 0.0407 0.9406 0.0187 
 H428.2_2005  2 0.0468 0.9119 0.0413 
 H428.2_2006  2 0.0121 0.9729 0.0150 
 H428.3_2005  2 0.0228 0.9656 0.0116 
 H428.3_2006  2 0.0165 0.9472 0.0363 
 H428.4_2005  2 0.0522 0.9296 0.0181 
 H428.4_2006  2 0.0144 0.9747 0.0109 
 H428.5_2005  2 0.0124 0.9691 0.0185 
 H428.6_2005  2 0.0390 0.9352 0.0258 
 H428.6_2006  2 0.0143 0.9693 0.0164 
      H428.7  2 0.0109 0.9800 0.0091 
      H428.8  2 0.0140 0.9682 0.0178 
      H428.9  2 0.0107 0.9619 0.0275 
      H453.1  2 0.0103 0.9736 0.0161 
      H453.2  2 0.0279 0.9543 0.0178 
      H453.3  2 0.0287 0.9579 0.0134 
      H453.4  2 0.0172 0.9704 0.0124 
      H453.5  2 0.0102 0.9794 0.0105 
      H453.6  2 0.0093 0.9821 0.0086 
      H453.7  2 0.0855 0.8862 0.0283 
      H453.8  2 0.0779 0.8864 0.0357 
      H453.9  2 0.0143 0.9711 0.0147 
      H512.1  2 0.0220 0.9645 0.0135 
     H512.10  2 0.1005 0.8008 0.0988 
      H512.2  2 0.1663 0.7725 0.0611 
      H512.3  2 0.2729 0.5330 0.1941 
      H512.4  2 0.0333 0.9428 0.0238 
      H512.5  2 0.2715 0.1816 0.5469 
      H512.6  2 0.4214 0.3986 0.1799 
      H512.7  2 0.0923 0.7122 0.1955 
      H512.8  2 0.4133 0.4919 0.0949 
      H512.9  2 0.0664 0.8175 0.1160 
      H513.1  2 0.0099 0.9760 0.0140 
      H513.2  2 0.0209 0.9565 0.0226 
      H513.3  2 0.0136 0.9717 0.0147 
      H513.4  2 0.0240 0.9614 0.0147 
      H513.5  2 0.0134 0.9694 0.0172 
      H513.6  2 0.0350 0.5357 0.4292 
      H532.1  2 0.0209 0.9480 0.0311 
      H532.2  2 0.0386 0.9460 0.0154 
      H532.3  2 0.0700 0.9101 0.0199 
      H532.4  2 0.0204 0.9535 0.0261 
      H532.5  2 0.0234 0.9337 0.0428 
      H532.6  2 0.0189 0.9583 0.0227 
      H532.7  2 0.0139 0.9678 0.0183 
      H532.8  2 0.0412 0.9267 0.0321 
      H543.1  2 0.0229 0.0341 0.9431 
      H543.2  2 0.1169 0.4353 0.4478 
      H543.3  2 0.0309 0.0691 0.9000 
      H543.4  2 0.0531 0.0201 0.9268 
      H543.5  2 0.0208 0.0209 0.9584 
      H543.6  2 0.0412 0.0379 0.9210 
      H543.7  2 0.0224 0.0142 0.9634 
      H543.8  2 0.0334 0.1044 0.8622 
      H543.9  2 0.0368 0.0481 0.9152 
 H545.1_2005  2 0.0063 0.0091 0.9847 
 H545.1_2006  2 0.0144 0.0154 0.9702 
 H545.2_2005  2 0.0100 0.0099 0.9801 
 H545.2_2006  2 0.0144 0.0220 0.9636 
 H545.3_2005  2 0.0214 0.0125 0.9661 
 H545.3_2006  2 0.0073 0.0089 0.9838 
 H545.4_2005  2 0.0414 0.0198 0.9388 
 H545.4_2006  2 0.0110 0.0093 0.9797 
 H545.5_2005  2 0.0090 0.0176 0.9734 
 H545.5_2006  2 0.0206 0.0215 0.9580 
 H545.6_2005  2 0.0071 0.0099 0.9831 
 H545.6_2006  2 0.0116 0.0138 0.9746 
 H545.7_2005  2 0.0085 0.0142 0.9773 
 H545.7_2006  2 0.0081 0.0151 0.9768 
 H545.8_2005  2 0.0173 0.0191 0.9636 
 H545.8_2006  2 0.0115 0.0146 0.9738 
      H545.9  2 0.0159 0.0139 0.9703 
      H547.1  2 0.6341 0.3363 0.0296 
      H547.2  2 0.4987 0.4673 0.0341 
      H547.3  2 0.7310 0.1545 0.1145 
      H547.4  2 0.5394 0.2483 0.2123 
      H547.5  2 0.8957 0.0901 0.0141 
      H547.6  2 0.2578 0.7014 0.0408 
      H547.7  2 0.5994 0.2805 0.1201 
      H547.8  2 0.6984 0.2712 0.0304 
      H548.1  2 0.0108 0.0136 0.9756 
      H548.2  2 0.0236 0.0146 0.9618 
      H548.3  2 0.0177 0.0194 0.9628 
      H548.4  2 0.0183 0.0276 0.9541 
      H548.5  2 0.0139 0.0117 0.9744 
      H548.6  2 0.0086 0.0093 0.9821 
      H548.7  2 0.0155 0.0215 0.9630 
      H548.8  2 0.0123 0.0147 0.9730 
      H548.9  2 0.0300 0.0249 0.9452 
     H7389.1  2 0.0288 0.9566 0.0146 
     H7389.2  2 0.0304 0.9469 0.0227 
     H7389.3  2 0.0294 0.9528 0.0178 
     H7389.4  2 0.0130 0.9461 0.0409 
     H7389.5  2 0.0176 0.9451 0.0373 
     H7389.6  2 0.0270 0.9266 0.0464 
     H7389.7  2 0.0401 0.9168 0.0430 
     H7389.8  2 0.0274 0.5568 0.4158 
     H7389.9  2 0.0128 0.9329 0.0543 
      H747.1  2 0.6577 0.1854 0.1569 
      H747.2  2 0.1550 0.0299 0.8151 
      H747.3  2 0.3344 0.1002 0.5654 
      H747.4  2 0.4887 0.1509 0.3603 
      H747.5  2 0.1544 0.0392 0.8065 
      H747.6  2 0.1446 0.1210 0.7344 
      H747.7  2 0.1975 0.0655 0.7370 
     H7484.1  2 0.0343 0.9122 0.0534 
     H7484.2  2 0.1102 0.6809 0.2089 
     H7484.3  2 0.1700 0.4956 0.3345 
     H7484.4  2 0.0337 0.8592 0.1070 
     H7484.5  2 0.0259 0.7447 0.2295 
     H7484.6  2 0.2816 0.2264 0.4920 
     H7484.7  2 0.0572 0.6304 0.3124 
     H7484.8  2 0.0275 0.9389 0.0336 
     H7485.1  2 0.0368 0.0336 0.9297 
     H7485.2  2 0.0106 0.0432 0.9462 
     H7485.3  2 0.0098 0.0112 0.9790 
     H7485.4  2 0.0096 0.0249 0.9655 
     H7485.5  2 0.0161 0.0174 0.9665 
     H7485.6  2 0.0243 0.0719 0.9039 
     H7485.7  2 0.0150 0.0162 0.9688 
     H7496.1  2 0.0706 0.9061 0.0233 
    H7496.10  2 0.0200 0.9674 0.0126 
    H7496.11  2 0.0255 0.0764 0.8981 
     H7496.2  2 0.0263 0.9524 0.0213 
     H7496.3  2 0.0498 0.9008 0.0493 
     H7496.4  2 0.0331 0.9526 0.0143 
     H7496.5  2 0.0703 0.8986 0.0312 
     H7496.6  2 0.0645 0.9129 0.0226 
     H7496.7  2 0.0168 0.9697 0.0135 
     H7496.8  2 0.0543 0.9014 0.0444 
        UNK4  2 0.0885 0.4798 0.4318 
        UNK5  2 0.0234 0.8127 0.1639 
        UNK6  2 0.0631 0.8051 0.1318 
        UNK7  2 0.0295 0.8505 0.1200 
        UNK8  2 0.0142 0.6558 0.3299 
        UNK9  2 0.0223 0.8101 0.1675 
      H009.1  4 0.9259 0.0154 0.0587 
      H009.2  4 0.8597 0.0276 0.1128 
      H009.3  4 0.9007 0.0224 0.0769 
      H009.4  4 0.8401 0.0227 0.1372 
      H009.5  4 0.5462 0.0410 0.4128 
      H009.6  4 0.8973 0.0268 0.0759 
      H046.4  4 0.1366 0.2875 0.5758 
      H046.8  4 0.6131 0.0660 0.3210 
 H076.1_2002  4 0.9730 0.0146 0.0124 
 H076.1_2003  4 0.9784 0.0096 0.0120 
 H076.1_2004  4 0.9771 0.0125 0.0104 
 H076.2_2002  4 0.9701 0.0188 0.0111 
 H076.2_2003  4 0.9712 0.0129 0.0159 
 H076.2_2004  4 0.9419 0.0298 0.0283 
 H076.3_2002  4 0.9191 0.0337 0.0471 
 H076.3_2003  4 0.9236 0.0293 0.0471 
 H076.3_2004  4 0.9536 0.0215 0.0249 
 H076.4_2002  4 0.9167 0.0380 0.0453 
 H076.4_2003  4 0.9744 0.0101 0.0155 
 H076.4_2004  4 0.9171 0.0327 0.0503 
 H076.5_2002  4 0.9651 0.0233 0.0117 
 H076.5_2003  4 0.7837 0.0510 0.1652 
 H076.5_2004  4 0.9333 0.0413 0.0254 
 H076.6_2002  4 0.9493 0.0322 0.0185 
 H076.6_2003  4 0.9654 0.0170 0.0176 
 H076.6_2004  4 0.9635 0.0132 0.0234 
 H076.7_2002  4 0.7287 0.1090 0.1623 
 H076.7_2003  4 0.8940 0.0432 0.0628 
 H076.7_2004  4 0.9655 0.0155 0.0190 
      H477.1  4 0.1819 0.4344 0.3837 
      H477.2  4 0.2236 0.3014 0.4750 
      H477.3  4 0.0294 0.2256 0.7450 
      H477.4  4 0.0303 0.0821 0.8876 
      H477.5  4 0.1012 0.0472 0.8516 
      H477.6  4 0.0411 0.0833 0.8755 
      H477.7  4 0.0204 0.0549 0.9247 
 H479.1_2005  4 0.0175 0.8891 0.0934 
 H479.1_2006  4 0.7720 0.1178 0.1101 
     H479.10  4 0.1838 0.3213 0.4949 
 H479.2_2005  4 0.0905 0.5980 0.3115 
 H479.2_2006  4 0.1791 0.6014 0.2195 
 H479.3_2005  4 0.0626 0.8312 0.1063 
 H479.3_2006  4 0.3335 0.6300 0.0365 
 H479.4_2005  4 0.0861 0.4849 0.4289 
 H479.4_2006  4 0.0236 0.8690 0.1074 
 H479.5_2005  4 0.0957 0.5904 0.3138 
 H479.5_2006  4 0.0912 0.5937 0.3150 
 H479.6_2005  4 0.1755 0.2186 0.6059 
 H479.6_2006  4 0.0155 0.9346 0.0499 
 H479.7_2005  4 0.0352 0.8345 0.1303 
 H479.7_2006  4 0.0477 0.5738 0.3785 
 H479.8_2005  4 0.0173 0.9291 0.0537 
 H479.8_2006  4 0.0617 0.0161 0.9222 
      H479.9  4 0.8949 0.0604 0.0447 
      H516.1  4 0.8633 0.0293 0.1075 
      H516.2  4 0.1014 0.0335 0.8652 
      H516.3  4 0.0586 0.0184 0.9230 
      H516.4  4 0.2138 0.0248 0.7614 
      H516.5  4 0.6843 0.0216 0.2941 
      H516.6  4 0.0269 0.0157 0.9574 
      H516.7  4 0.4763 0.1972 0.3265 
      H516.8  4 0.7205 0.0211 0.2584 
      H516.9  4 0.4901 0.1221 0.3879 
      H646.1  4 0.9312 0.0372 0.0316 
      H646.2  4 0.9688 0.0163 0.0148 
      H646.3  4 0.9526 0.0215 0.0259 
      H646.4  4 0.9502 0.0298 0.0200 
      H646.5  4 0.9493 0.0286 0.0221 
      H658.1  4 0.6345 0.0166 0.3489 
     H658.10  4 0.9516 0.0218 0.0266 
      H658.2  4 0.8731 0.0271 0.0998 
      H658.3  4 0.8014 0.0657 0.1329 
      H658.4  4 0.8074 0.0914 0.1011 
      H658.5  4 0.7164 0.1008 0.1828 
      H658.6  4 0.9273 0.0230 0.0498 
      H658.7  4 0.9593 0.0157 0.0250 
      H658.8  4 0.9635 0.0101 0.0264 
      H658.9  4 0.8982 0.0412 0.0606 
      H682.1  4 0.0778 0.7262 0.1961 
      H682.6  4 0.3740 0.3407 0.2854 
      H720.1  4 0.2051 0.7634 0.0315 
      H720.2  4 0.3331 0.6198 0.0471 
      H720.3  4 0.5576 0.3595 0.0829 
      H720.4  4 0.2975 0.3190 0.3835 
      H720.5  4 0.3353 0.4081 0.2565 
      H720.6  4 0.3250 0.4124 0.2626 
      H720.7  4 0.0630 0.8723 0.0647 
      H720.8  4 0.1883 0.7834 0.0283 
      H720.9  4 0.0991 0.6329 0.2680 
      H724.1  4 0.8768 0.0585 0.0647 
      H724.2  4 0.8701 0.0637 0.0663 
      H724.3  4 0.7210 0.1716 0.1074 
      H724.4  4 0.9215 0.0231 0.0553 
      H724.5  4 0.5526 0.3546 0.0928 
      H724.6  4 0.9005 0.0364 0.0632 
      H725.1  4 0.1144 0.6246 0.2611 
      H725.2  4 0.1483 0.2899 0.5618 
      H725.3  4 0.0634 0.1056 0.8310 
      H725.4  4 0.0740 0.5888 0.3372 
      H725.5  4 0.1010 0.7361 0.1629 
      H725.6  4 0.3571 0.0459 0.5970 
      H725.7  4 0.1838 0.2059 0.6103 
      H725.8  4 0.0977 0.0317 0.8705 
      H726.1  4 0.9390 0.0104 0.0505 
      H726.2  4 0.9370 0.0294 0.0336 
      H726.3  4 0.9661 0.0101 0.0238 
      H726.4  4 0.7122 0.0279 0.2600 
      H726.5  4 0.9107 0.0190 0.0703 
        UNK1  4 0.1840 0.3336 0.4823 
        UNK2  4 0.2445 0.3544 0.4011 
        UNK3  4 0.5906 0.2267 0.1827 
      H016.1  5 0.0746 0.0655 0.8598 
      H016.2  5 0.0289 0.1341 0.8370 
      H016.3  5 0.3660 0.0274 0.6066 
      H016.4  5 0.0234 0.1806 0.7960 
 H017.1_2002  5 0.9379 0.0175 0.0446 
 H017.1_2003  5 0.0399 0.0406 0.9195 
 H017.2_2002  5 0.8937 0.0480 0.0583 
 H017.2_2003  5 0.0669 0.0423 0.8908 
 H017.3_2002  5 0.2849 0.0366 0.6785 
 H017.3_2003  5 0.5238 0.0563 0.4199 
 H017.4_2002  5 0.3469 0.1814 0.4717 
 H017.4_2003  5 0.0336 0.0170 0.9494 
 H017.5_2002  5 0.0641 0.0171 0.9188 
 H017.5_2003  5 0.1304 0.0252 0.8444 
 H017.6_2002  5 0.8643 0.0842 0.0514 
 H017.6_2003  5 0.7376 0.0488 0.2136 
 H017.7_2002  5 0.4995 0.1225 0.3780 
 H017.7_2003  5 0.0822 0.0410 0.8768 
      H017.8  5 0.3923 0.0674 0.5403 
      H017.9  5 0.6502 0.0829 0.2669 
      H032.1  5 0.0347 0.0252 0.9401 
      H032.2  5 0.0254 0.0202 0.9544 
      H032.3  5 0.1272 0.1343 0.7386 
      H032.4  5 0.0453 0.0170 0.9378 
      H032.5  5 0.5050 0.0600 0.4350 
      H032.6  5 0.6373 0.0262 0.3365 
      H032.7  5 0.0322 0.0425 0.9253 
 H034.1_2002  5 0.9307 0.0306 0.0388 
 H034.1_2003  5 0.7536 0.0648 0.1817 
 H034.2_2002  5 0.6634 0.0557 0.2808 
 H034.2_2003  5 0.7288 0.1344 0.1369 
 H034.3_2002  5 0.7735 0.0458 0.1807 
 H034.3_2003  5 0.8198 0.0696 0.1107 
 H034.4_2002  5 0.7654 0.1641 0.0705 
 H034.4_2003  5 0.5508 0.0176 0.4315 
 H034.5_2002  5 0.9519 0.0133 0.0348 
 H034.5_2003  5 0.5606 0.0328 0.4066 
 H034.6_2002  5 0.8152 0.0358 0.1490 
 H034.6_2003  5 0.3991 0.0194 0.5815 
 H034.7_2002  5 0.8648 0.0425 0.0927 
 H034.7_2003  5 0.3001 0.0256 0.6743 
 H034.8_2002  5 0.9088 0.0368 0.0545 
 H034.8_2003  5 0.6767 0.0132 0.3101 
      H034.9  5 0.7770 0.1123 0.1106 
      H048.1  5 0.1009 0.2028 0.6963 
      H048.2  5 0.1684 0.6391 0.1925 
      H048.3  5 0.7248 0.1480 0.1272 
      H048.4  5 0.6514 0.2275 0.1211 
      H048.5  5 0.0900 0.4823 0.4277 
      H048.6  5 0.7382 0.1961 0.0657 
      H048.7  5 0.1803 0.2098 0.6099 
      H048.8  5 0.5235 0.0622 0.4144 
      H060.1  5 0.0345 0.0238 0.9417 
     H060.10  5 0.1107 0.0188 0.8705 
      H060.2  5 0.1488 0.0409 0.8103 
      H060.3  5 0.1683 0.0217 0.8099 
      H060.4  5 0.0436 0.0251 0.9314 
      H060.5  5 0.0365 0.0199 0.9436 
      H060.6  5 0.0232 0.0172 0.9596 
      H060.7  5 0.4871 0.0959 0.4170 
      H060.8  5 0.1626 0.0630 0.7744 
      H060.9  5 0.0378 0.0175 0.9447 
 H070.1_2002  5 0.1570 0.3593 0.4837 
 H070.1_2003  5 0.1516 0.0988 0.7496 
 H070.1_2004  5 0.7471 0.0228 0.2301 
 H070.2_2002  5 0.4265 0.1770 0.3966 
 H070.2_2003  5 0.2750 0.1742 0.5507 
 H070.2_2004  5 0.8553 0.0147 0.1299 
 H070.3_2002  5 0.1432 0.0673 0.7895 
 H070.3_2003  5 0.2029 0.0260 0.7710 
 H070.3_2004  5 0.4258 0.0526 0.5216 
 H070.4_2002  5 0.8362 0.0459 0.1178 
 H070.4_2003  5 0.0942 0.0396 0.8662 
 H070.4_2004  5 0.5088 0.1646 0.3267 
 H070.5_2002  5 0.0360 0.1634 0.8006 
 H070.5_2003  5 0.1609 0.0261 0.8131 
 H070.5_2004  5 0.7311 0.0308 0.2381 
 H070.6_2002  5 0.0817 0.1379 0.7804 
 H070.6_2003  5 0.8190 0.0257 0.1553 
 H070.6_2004  5 0.6615 0.1515 0.1870 
      H077.1  5 0.2285 0.0175 0.7540 
      H077.2  5 0.0822 0.0307 0.8871 
      H077.3  5 0.8239 0.0243 0.1518 
      H077.4  5 0.2760 0.0234 0.7007 
      H077.5  5 0.3314 0.0221 0.6465 
      H077.6  5 0.0298 0.0143 0.9559 
      H097.1  5 0.7250 0.1795 0.0955 
      H097.2  5 0.5565 0.3908 0.0527 
      H097.3  5 0.9318 0.0432 0.0250 
      H097.4  5 0.7739 0.1994 0.0267 
      H097.5  5 0.9239 0.0432 0.0329 
      H097.6  5 0.5924 0.3730 0.0346 
      H097.7  5 0.7526 0.2058 0.0416 
      H124.1  5 0.2595 0.2891 0.4514 
      H124.2  5 0.0363 0.0500 0.9137 
      H124.3  5 0.0462 0.2159 0.7379 
      H124.4  5 0.0831 0.1352 0.7817 
      H124.5  5 0.0327 0.0577 0.9096 
      H132.1  5 0.2284 0.2136 0.5580 
      H132.2  5 0.2306 0.2798 0.4895 
      H132.3  5 0.1001 0.0513 0.8486 
      H132.4  5 0.3621 0.1693 0.4686 
      H132.5  5 0.1641 0.1159 0.7200 
      H132.6  5 0.1240 0.2360 0.6400 
      H132.7  5 0.0261 0.6526 0.3213 
      H155.1  5 0.0310 0.5913 0.3777 
      H155.2  5 0.0775 0.7500 0.1725 
      H155.3  5 0.0178 0.9368 0.0454 
      H155.4  5 0.0178 0.9201 0.0621 
      H155.5  5 0.0390 0.7383 0.2227 
      H155.6  5 0.0321 0.7520 0.2160 
      H155.7  5 0.0707 0.4764 0.4529 
      H155.8  5 0.0284 0.8436 0.1280 
      H155.9  5 0.0428 0.6813 0.2759 
      H169.1  5 0.4655 0.0321 0.5024 
      H169.2  5 0.7976 0.0241 0.1783 
      H169.3  5 0.9249 0.0219 0.0532 
      H169.4  5 0.3127 0.0342 0.6532 
      H169.5  5 0.6244 0.0483 0.3272 
      H169.6  5 0.3202 0.0636 0.6162 
      H457.1  5 0.1238 0.8548 0.0214 
      H457.2  5 0.0222 0.9664 0.0114 
      H457.3  5 0.0483 0.9116 0.0401 
      H457.4  5 0.1203 0.8550 0.0247 
      H457.5  5 0.0700 0.3494 0.5806 
      H457.6  5 0.0768 0.8648 0.0584 
      H457.7  5 0.4138 0.3649 0.2213 
      H457.8  5 0.0324 0.6518 0.3158 
      H462.1  5 0.0416 0.1236 0.8348 
      H462.2  5 0.1578 0.3285 0.5137 
      H462.3  5 0.0383 0.2735 0.6882 
      H462.4  5 0.4098 0.1020 0.4882 
      H462.5  5 0.3982 0.1389 0.4629 
      H462.6  5 0.1718 0.1456 0.6827 
      H462.7  5 0.0940 0.4980 0.4080 
      H462.8  5 0.4157 0.0514 0.5329 
      H462.9  5 0.0553 0.2028 0.7419 
      H481.1  5 0.8607 0.0138 0.1255 
      H481.2  5 0.3137 0.0256 0.6607 
      H481.3  5 0.1490 0.0201 0.8309 
      H481.4  5 0.2938 0.0245 0.6817 
      H481.5  5 0.3609 0.0340 0.6051 
      H481.6  5 0.5778 0.1253 0.2969 
      H481.7  5 0.5402 0.0774 0.3824 
      H481.8  5 0.7517 0.1557 0.0927 
      H509.1  5 0.1100 0.1338 0.7562 
      H509.2  5 0.2986 0.4652 0.2362 
      H509.3  5 0.2528 0.5461 0.2011 
      H509.4  5 0.3323 0.5740 0.0937 
      H509.5  5 0.1103 0.7510 0.1386 
      H509.6  5 0.1193 0.3809 0.4999 
      H509.7  5 0.2902 0.6253 0.0845 
      H567.1  5 0.0973 0.4104 0.4922 
      H567.2  5 0.4043 0.4278 0.1679 
      H567.3  5 0.3943 0.3085 0.2972 
      H567.4  5 0.0542 0.9035 0.0423 
      H567.5  5 0.0964 0.4786 0.4250 
      H567.6  5 0.0802 0.3536 0.5662 
      H567.7  5 0.1248 0.5724 0.3028 
      H567.8  5 0.1332 0.3028 0.5640 
      H608.1  5 0.4299 0.2724 0.2978 
      H608.2  5 0.2285 0.2947 0.4768 
      H608.3  5 0.0977 0.2533 0.6490 
      H608.4  5 0.2683 0.1405 0.5912 
      H608.5  5 0.0422 0.4659 0.4919 
      H608.6  5 0.0772 0.0509 0.8719 
      H608.7  5 0.2196 0.4749 0.3055 
      H608.8  5 0.0555 0.1482 0.7963 
      H615.1  5 0.0206 0.0140 0.9654 
      H615.2  5 0.0233 0.0480 0.9287 
      H615.3  5 0.8069 0.0510 0.1420 
      H615.4  5 0.4107 0.1333 0.4560 
      H615.5  5 0.4170 0.0416 0.5415 
      H615.6  5 0.6483 0.0307 0.3210 
      H635.1  5 0.7097 0.1131 0.1771 
      H635.2  5 0.2391 0.4955 0.2654 
      H635.3  5 0.1661 0.7278 0.1061 
      H635.4  5 0.1618 0.6615 0.1768 
      H635.5  5 0.7592 0.1483 0.0925 
      H635.6  5 0.9171 0.0380 0.0449 
      H635.7  5 0.5743 0.2461 0.1796 
      H635.8  5 0.0427 0.8742 0.0832 
      H635.9  5 0.4243 0.3536 0.2221 
      H728.1  5 0.0207 0.0233 0.9560 
      H728.2  5 0.0470 0.0450 0.9081 
      H728.3  5 0.0184 0.0472 0.9344 
      H728.4  5 0.0229 0.0376 0.9395 
      H728.5  5 0.0192 0.0190 0.9618 
      H728.6  5 0.0186 0.0195 0.9619 
      H728.7  5 0.2380 0.3788 0.3832 
 H7395.1_200  5 0.7378 0.1609 0.1012 
 H7395.1_200  5 0.0198 0.0278 0.9524 
     H7395.2  5 0.0184 0.0183 0.9634 
     H7395.3  5 0.0211 0.1170 0.8619 
     H7395.4  5 0.0188 0.0278 0.9534 
     H7395.5  5 0.0137 0.0492 0.9371 
     H7395.6  5 0.0146 0.0446 0.9408 
     H7395.7  5 0.0487 0.1319 0.8195 
     H7395.8  5 0.0626 0.0613 0.8761 
     H7395.9  5 0.0210 0.0360 0.9430 
      H742.1  5 0.6368 0.0875 0.2756 
      H742.2  5 0.8607 0.0919 0.0475 
      H742.3  5 0.5569 0.0377 0.4054 
      H958.1  5 0.9697 0.0144 0.0159 
      H958.2  5 0.9153 0.0502 0.0345 
      H958.3  5 0.8645 0.0763 0.0593 
      H958.4  5 0.9357 0.0174 0.0469 
      H958.5  5 0.9457 0.0330 0.0213 
      H958.6  5 0.7930 0.1051 0.1019 
      H958.7  5 0.8458 0.0927 0.0615 
      H452.1 10 0.9690 0.0154 0.0156 
     H452.10 10 0.9576 0.0184 0.0240 
      H452.2 10 0.5257 0.3246 0.1497 
      H452.3 10 0.9653 0.0197 0.0150 
      H452.4 10 0.9512 0.0234 0.0254 
      H452.5 10 0.9022 0.0359 0.0618 
      H452.6 10 0.7043 0.1564 0.1393 
      H452.7 10 0.9260 0.0445 0.0295 
      H452.8 10 0.7997 0.1527 0.0476 
      H452.9 10 0.9562 0.0183 0.0255 
      H473.1 10 0.2946 0.3704 0.3350 
      H473.2 10 0.0248 0.8605 0.1146 
      H473.3 10 0.0173 0.7775 0.2052 
      H473.4 10 0.0260 0.7779 0.1961 
      H473.5 10 0.0167 0.7321 0.2512 
      H473.6 10 0.0191 0.9023 0.0786 
      H473.7 10 0.0255 0.8589 0.1156 
      H473.8 10 0.0189 0.6898 0.2913 
      H487.1 10 0.9744 0.0126 0.0129 
      H487.2 10 0.9379 0.0335 0.0286 
      H487.3 10 0.9618 0.0120 0.0262 
      H487.4 10 0.9398 0.0159 0.0443 
      H487.5 10 0.9795 0.0103 0.0102 
      H703.1 10 0.0997 0.2831 0.6172 
     H703.10 10 0.4559 0.2273 0.3168 
      H703.2 10 0.3776 0.2695 0.3529 
      H703.3 10 0.2458 0.1836 0.5705 
      H703.4 10 0.3952 0.4918 0.1130 
      H703.5 10 0.1334 0.8173 0.0493 
      H703.6 10 0.3763 0.2855 0.3382 
      H703.7 10 0.0695 0.7568 0.1737 
      H703.8 10 0.9118 0.0514 0.0368 
      H703.9 10 0.6916 0.0895 0.2189 
      H705.1 10 0.8197 0.1618 0.0185 
      H705.2 10 0.7908 0.1708 0.0383 
      H705.3 10 0.9687 0.0147 0.0167 
      H705.4 10 0.9605 0.0239 0.0156 
      H705.5 10 0.9633 0.0259 0.0108 
      H705.6 10 0.9142 0.0457 0.0400 
      H705.7 10 0.7606 0.2221 0.0173 
     H7352.1 10 0.0891 0.0422 0.8686 
     H7352.2 10 0.7104 0.0208 0.2687 
     H7352.3 10 0.9076 0.0144 0.0780 
     H7352.4 10 0.9156 0.0121 0.0723 
     H7352.5 10 0.0717 0.0444 0.8839 
     H7352.6 10 0.2428 0.0393 0.7179 
     H7352.7 10 0.7235 0.0154 0.2612 
     H7354.1 10 0.0465 0.0524 0.9011 
     H7354.2 10 0.1751 0.1638 0.6611 
     H7354.3 10 0.4372 0.1609 0.4019 
     H7354.4 10 0.2977 0.0496 0.6527 
     H7354.5 10 0.0530 0.0527 0.8943 
     H7354.6 10 0.8540 0.0720 0.0740 
     H7354.7 10 0.5165 0.0248 0.4587 
     H7359.1 10 0.1683 0.3885 0.4432 
     H7359.2 10 0.2432 0.1405 0.6163 
     H7359.3 10 0.7990 0.1194 0.0816 
     H7359.4 10 0.1828 0.0710 0.7462 
     H7359.5 10 0.3623 0.1018 0.5359 
      H909.1 10 0.9406 0.0147 0.0447 
      H909.2 10 0.9310 0.0373 0.0318 
      H909.3 10 0.9624 0.0118 0.0258 
      H909.4 10 0.9391 0.0290 0.0319 
      H909.6 10 0.8849 0.0242 0.0908 
      H909.8 10 0.9272 0.0294 0.0434 
      H909.9 10 0.7366 0.0252 0.2382 
     H9555.1 10 0.9825 0.0088 0.0087 
     H9555.2 10 0.9536 0.0287 0.0176 
     H9555.3 10 0.9653 0.0199 0.0148 
     H9555.4 10 0.9784 0.0102 0.0114 
     H9555.5 10 0.9650 0.0217 0.0133 
     H9555.6 10 0.7857 0.1200 0.0943 
     H9555.7 10 0.8712 0.0772 0.0515 
     H9703.1 10 0.9100 0.0411 0.0489 
     H9703.2 10 0.8324 0.1453 0.0223 
     H9703.3 10 0.7643 0.1491 0.0866 
     H9703.4 10 0.8624 0.0549 0.0827 
     H9703.5 10 0.2225 0.3878 0.3897 
     H9707.1 10 0.0292 0.0508 0.9200 
     H9707.2 10 0.1300 0.0427 0.8273 
     H9707.3 10 0.0991 0.2976 0.6034 
     H9707.4 10 0.9244 0.0199 0.0557 
     H9707.5 10 0.0914 0.1070 0.8016 
     H9707.6 10 0.2521 0.5874 0.1605 
     H9707.7 10 0.3873 0.2219 0.3908 
     H9707.8 10 0.0974 0.4354 0.4672 
     HSAA4.1 10 0.9023 0.0646 0.0330 
     HSAA4.2 10 0.9561 0.0297 0.0143 
     HSAA4.3 10 0.9689 0.0152 0.0159 
     HSAA4.4 10 0.9198 0.0348 0.0454 
     HSAA4.5 10 0.9512 0.0162 0.0326 
     HSAA4.6 10 0.9759 0.0112 0.0129 
     HSAA4.7 10 0.9802 0.0099 0.0099 
   saaRTON.1 10 0.8850 0.0404 0.0745 
  saaRTON.10 10 0.9386 0.0350 0.0264 
   saaRTON.2 10 0.9119 0.0423 0.0458 
   saaRTON.3 10 0.9538 0.0277 0.0185 
   saaRTON.4 10 0.9435 0.0350 0.0215 
   saaRTON.5 10 0.9572 0.0244 0.0184 
   saaRTON.6 10 0.8865 0.0653 0.0481 
   saaRTON.7 10 0.2879 0.6853 0.0268 
   saaRTON.8 10 0.9538 0.0233 0.0228 
   saaRTON.9 10 0.9673 0.0174 0.0153 
      H005.1 11 0.6537 0.0584 0.2878 
      H005.2 11 0.1303 0.5887 0.2810 
      H005.3 11 0.6200 0.0426 0.3374 
      H005.4 11 0.1336 0.2473 0.6191 
      H005.5 11 0.5157 0.0872 0.3971 
      H005.6 11 0.0276 0.2833 0.6891 
      H005.7 11 0.4427 0.2666 0.2907 
      H005.8 11 0.3034 0.0631 0.6336 
      H005.9 11 0.1921 0.4706 0.3373 
      H031.1 11 0.1760 0.0920 0.7320 
      H031.2 11 0.8541 0.0299 0.1161 
      H031.3 11 0.2956 0.3265 0.3780 
      H031.4 11 0.6275 0.0912 0.2813 
      H031.5 11 0.5854 0.1882 0.2265 
      H031.6 11 0.3663 0.0657 0.5680 
      H031.7 11 0.3139 0.4302 0.2559 
      H031.8 11 0.3668 0.0438 0.5894 
      H136.1 11 0.0389 0.0845 0.8765 
      H136.2 11 0.1076 0.7691 0.1233 
      H136.3 11 0.0456 0.6162 0.3382 
      H136.4 11 0.1055 0.0475 0.8470 
      H153.1 11 0.1184 0.0722 0.8094 
      H153.2 11 0.1496 0.0382 0.8123 
      H153.3 11 0.0801 0.0601 0.8599 
      H153.4 11 0.6407 0.0340 0.3253 
      H167.1 11 0.0766 0.8129 0.1105 
      H167.2 11 0.0803 0.4343 0.4854 
      H167.3 11 0.0594 0.5546 0.3861 
      H167.4 11 0.4480 0.4798 0.0722 
      H167.5 11 0.2443 0.3658 0.3898 
      H167.6 11 0.0490 0.1969 0.7540 
      H167.7 11 0.6447 0.1521 0.2031 
