      H105.1  1 0.0037 0.0070 0.0258 0.0081 0.0057 0.0436 0.0048 0.0071 0.0231 0.0815 0.0101 0.0083 0.0114 0.0157 0.0067 0.0120 0.0113 0.0085 0.0167 0.0070 0.0051 0.6322 0.0046 0.0186 0.0214 
      H105.2  1 0.0083 0.0048 0.0268 0.0100 0.0140 0.0326 0.0057 0.0081 0.0072 0.0303 0.0038 0.0062 0.0119 0.0296 0.0064 0.0199 0.0120 0.0108 0.0123 0.0285 0.0088 0.0886 0.0065 0.0066 0.6003 
      H105.3  1 0.0133 0.0066 0.0134 0.0076 0.0097 0.0135 0.0065 0.0062 0.0057 0.0106 0.0111 0.0062 0.0200 0.0164 0.0037 0.0086 0.0065 0.0169 0.0151 0.0129 0.0055 0.7559 0.0090 0.0057 0.0134 
      H105.4  1 0.0441 0.0096 0.0113 0.0087 0.0098 0.0807 0.0128 0.0062 0.0085 0.0372 0.0078 0.0105 0.0653 0.0067 0.0117 0.0097 0.0078 0.0137 0.0094 0.0137 0.0132 0.2285 0.0154 0.0093 0.3483 
      H105.5  1 0.0500 0.0295 0.0192 0.0284 0.0162 0.1017 0.0098 0.0057 0.0482 0.0983 0.0213 0.0057 0.0190 0.0417 0.0118 0.0221 0.0115 0.0271 0.0938 0.0229 0.0093 0.0346 0.0259 0.0240 0.2223 
      H105.6  1 0.0262 0.0155 0.0094 0.0062 0.0097 0.0185 0.0077 0.0041 0.0036 0.0048 0.0134 0.0072 0.0078 0.0060 0.0056 0.0037 0.0057 0.0192 0.0057 0.0107 0.0053 0.7574 0.0160 0.0066 0.0240 
      H105.7  1 0.0042 0.0061 0.0411 0.0050 0.0062 0.0759 0.0066 0.0046 0.0113 0.0101 0.0053 0.0166 0.0076 0.0077 0.0087 0.0051 0.0067 0.0150 0.0108 0.0059 0.0130 0.6476 0.0104 0.0175 0.0508 
      H105.8  1 0.0093 0.0084 0.0339 0.0124 0.0075 0.0228 0.0071 0.0077 0.0067 0.0381 0.0032 0.0146 0.0136 0.0138 0.0034 0.0083 0.0203 0.0073 0.0037 0.0189 0.0054 0.7056 0.0055 0.0050 0.0172 
      H115.1  1 0.0086 0.6116 0.0127 0.0145 0.0088 0.0091 0.0114 0.0069 0.0216 0.0064 0.0401 0.0381 0.0113 0.0173 0.0044 0.0068 0.0179 0.0374 0.0078 0.0242 0.0123 0.0102 0.0173 0.0067 0.0365 
      H115.2  1 0.0047 0.7980 0.0064 0.0120 0.0166 0.0044 0.0068 0.0086 0.0113 0.0055 0.0137 0.0060 0.0053 0.0071 0.0039 0.0061 0.0132 0.0058 0.0120 0.0076 0.0065 0.0122 0.0057 0.0052 0.0153 
      H115.3  1 0.0895 0.4712 0.0045 0.1414 0.0340 0.0112 0.0105 0.0075 0.0174 0.0045 0.0331 0.0068 0.0065 0.0059 0.0049 0.0135 0.0103 0.0094 0.0312 0.0064 0.0089 0.0100 0.0030 0.0179 0.0404 
      H115.4  1 0.0066 0.0258 0.0041 0.5817 0.0063 0.0086 0.0070 0.0072 0.0604 0.0044 0.0242 0.0084 0.0121 0.0360 0.0053 0.0243 0.0211 0.0112 0.0732 0.0276 0.0087 0.0082 0.0054 0.0073 0.0150 
      H115.5  1 0.0337 0.3314 0.0319 0.0767 0.0089 0.0155 0.0052 0.0475 0.0384 0.0091 0.0637 0.0163 0.0169 0.0173 0.0191 0.0809 0.0272 0.0189 0.0227 0.0155 0.0119 0.0263 0.0182 0.0246 0.0223 
      H115.6  1 0.0618 0.3206 0.0155 0.1103 0.0450 0.0079 0.0129 0.0153 0.0302 0.0057 0.0384 0.0131 0.0072 0.0090 0.0074 0.0209 0.0091 0.0286 0.1348 0.0043 0.0236 0.0100 0.0069 0.0190 0.0427 
      H115.7  1 0.0093 0.1049 0.0039 0.0186 0.0154 0.0100 0.0084 0.0035 0.0154 0.0029 0.0116 0.0061 0.0056 0.0105 0.0072 0.0226 0.0063 0.0332 0.0379 0.0071 0.0122 0.0087 0.0081 0.0085 0.6220 
      H115.8  1 0.0125 0.5395 0.0251 0.0780 0.0190 0.0114 0.0076 0.0479 0.0238 0.0069 0.0324 0.0197 0.0074 0.0075 0.0056 0.0261 0.0159 0.0197 0.0377 0.0057 0.0111 0.0114 0.0051 0.0061 0.0169 
      H115.9  1 0.0129 0.7680 0.0108 0.0075 0.0090 0.0142 0.0064 0.0051 0.0163 0.0046 0.0163 0.0240 0.0101 0.0130 0.0047 0.0051 0.0063 0.0162 0.0038 0.0138 0.0060 0.0039 0.0089 0.0059 0.0072 
      H145.1  1 0.0152 0.0069 0.0040 0.0110 0.0407 0.0117 0.0063 0.0307 0.0101 0.0066 0.0127 0.0161 0.0145 0.0056 0.7568 0.0029 0.0038 0.0102 0.0056 0.0051 0.0030 0.0058 0.0059 0.0049 0.0038 
      H145.2  1 0.1392 0.0069 0.0066 0.0116 0.0196 0.0135 0.0085 0.0328 0.0092 0.0119 0.0268 0.0095 0.0139 0.0058 0.6027 0.0035 0.0040 0.0119 0.0091 0.0106 0.0036 0.0102 0.0071 0.0048 0.0168 
      H145.3  1 0.0130 0.0050 0.0134 0.0081 0.0157 0.0099 0.0037 0.0605 0.0058 0.0052 0.0045 0.0442 0.0175 0.0032 0.7328 0.0142 0.0038 0.0047 0.0062 0.0051 0.0055 0.0038 0.0043 0.0038 0.0061 
      H145.4  1 0.0041 0.0048 0.0037 0.0049 0.0077 0.0069 0.0055 0.0081 0.0044 0.0047 0.0088 0.0064 0.0056 0.0034 0.8747 0.0035 0.0027 0.0099 0.0035 0.0047 0.0032 0.0050 0.0051 0.0042 0.0045 
      H145.5  1 0.0075 0.0043 0.0071 0.0074 0.0319 0.0077 0.0055 0.1721 0.0044 0.0059 0.0066 0.0079 0.0114 0.0037 0.6652 0.0067 0.0038 0.0063 0.0070 0.0050 0.0036 0.0037 0.0067 0.0038 0.0049 
      H145.6  1 0.0429 0.0038 0.0081 0.0052 0.0046 0.0085 0.0052 0.0091 0.0084 0.0073 0.0075 0.0029 0.0036 0.0039 0.7978 0.0077 0.0043 0.0112 0.0051 0.0046 0.0051 0.0050 0.0053 0.0032 0.0296 
      H145.7  1 0.0067 0.0042 0.0065 0.0078 0.0063 0.0064 0.0045 0.0042 0.0074 0.0050 0.0087 0.0061 0.0052 0.0027 0.8602 0.0152 0.0030 0.0073 0.0046 0.0045 0.0037 0.0032 0.0050 0.0030 0.0084 
      H149.1  1 0.0032 0.0036 0.0036 0.0026 0.0043 0.0033 0.0034 0.0036 0.0037 0.0035 0.9163 0.0031 0.0034 0.0033 0.0047 0.0030 0.0035 0.0042 0.0038 0.0032 0.0029 0.0030 0.0042 0.0034 0.0034 
      H149.2  1 0.0044 0.0037 0.0033 0.0035 0.0074 0.0071 0.0037 0.0032 0.0123 0.0042 0.8206 0.0046 0.0054 0.0052 0.0248 0.0033 0.0033 0.0084 0.0144 0.0045 0.0042 0.0042 0.0047 0.0094 0.0301 
      H149.3  1 0.0105 0.0057 0.0057 0.0070 0.0107 0.0093 0.0086 0.0054 0.0318 0.0074 0.6504 0.0158 0.0167 0.0042 0.0439 0.0078 0.0078 0.0193 0.0340 0.0115 0.0108 0.0094 0.0134 0.0162 0.0370 
      H149.4  1 0.0079 0.0036 0.0051 0.0034 0.0054 0.0040 0.0207 0.0095 0.0090 0.0282 0.8007 0.0039 0.0081 0.0030 0.0041 0.0041 0.0042 0.0039 0.0043 0.0106 0.0092 0.0115 0.0052 0.0090 0.0216 
      H149.5  1 0.0045 0.0027 0.0058 0.0038 0.0054 0.0106 0.0080 0.0041 0.0609 0.0353 0.4718 0.0094 0.0105 0.0056 0.1056 0.0062 0.0054 0.0078 0.0126 0.0247 0.0133 0.0112 0.0067 0.0244 0.1437 
      H149.6  1 0.0046 0.0034 0.0029 0.0030 0.0060 0.0048 0.0033 0.0037 0.0129 0.0060 0.7811 0.0041 0.0053 0.0063 0.0248 0.0038 0.0034 0.0083 0.0155 0.0042 0.0081 0.0085 0.0053 0.0098 0.0609 
      H149.7  1 0.0114 0.0055 0.0195 0.0054 0.0100 0.0059 0.0257 0.0081 0.0268 0.0281 0.4855 0.0085 0.0160 0.0101 0.0246 0.0071 0.0094 0.0125 0.0145 0.0337 0.0855 0.0191 0.0316 0.0230 0.0724 
      H150.1  1 0.0088 0.8132 0.0043 0.0252 0.0067 0.0041 0.0048 0.0072 0.0057 0.0099 0.0029 0.0095 0.0062 0.0041 0.0045 0.0066 0.0036 0.0057 0.0137 0.0036 0.0042 0.0267 0.0049 0.0054 0.0086 
      H150.2  1 0.0062 0.5836 0.0049 0.1235 0.0096 0.0041 0.0065 0.0171 0.0126 0.0039 0.0162 0.0071 0.0067 0.0108 0.0048 0.0112 0.0102 0.0260 0.0416 0.0062 0.0089 0.0104 0.0066 0.0176 0.0439 
      H150.3  1 0.0063 0.6906 0.0105 0.0193 0.0098 0.0074 0.0059 0.0087 0.0067 0.0058 0.0074 0.0131 0.0054 0.0081 0.0108 0.0118 0.0064 0.0601 0.0195 0.0039 0.0100 0.0120 0.0091 0.0074 0.0442 
      H150.4  1 0.0077 0.8389 0.0069 0.0096 0.0062 0.0073 0.0038 0.0106 0.0056 0.0051 0.0030 0.0075 0.0049 0.0067 0.0072 0.0081 0.0028 0.0131 0.0096 0.0026 0.0058 0.0050 0.0078 0.0042 0.0100 
      H150.5  1 0.0130 0.5416 0.0038 0.0702 0.0153 0.0066 0.0076 0.0051 0.0222 0.0071 0.0113 0.0094 0.0070 0.0041 0.0065 0.0101 0.0130 0.0177 0.0379 0.0077 0.0127 0.0350 0.0057 0.0234 0.1058 
      H150.6  1 0.0098 0.1882 0.0033 0.1200 0.0107 0.0037 0.0098 0.0096 0.0303 0.0059 0.0083 0.0053 0.0145 0.0058 0.0068 0.0485 0.0106 0.0105 0.1799 0.0063 0.0118 0.1310 0.0045 0.0101 0.1548 
      H150.7  1 0.0133 0.8458 0.0050 0.0108 0.0112 0.0051 0.0036 0.0086 0.0038 0.0070 0.0041 0.0091 0.0049 0.0042 0.0051 0.0048 0.0043 0.0088 0.0096 0.0031 0.0042 0.0064 0.0047 0.0040 0.0086 
   H169607.1  1 0.0215 0.0393 0.0112 0.0635 0.0559 0.0119 0.0082 0.0171 0.0187 0.0538 0.0064 0.0215 0.2544 0.0919 0.1143 0.0169 0.0189 0.0185 0.0079 0.0317 0.0218 0.0077 0.0090 0.0272 0.0512 
   H169607.2  1 0.0115 0.0508 0.0107 0.0370 0.1499 0.1266 0.0304 0.0041 0.0115 0.0232 0.0096 0.1677 0.0345 0.0217 0.1271 0.0087 0.0198 0.0310 0.0061 0.0258 0.0133 0.0071 0.0059 0.0183 0.0475 
   H169607.3  1 0.0293 0.0172 0.0394 0.0308 0.0379 0.0722 0.0049 0.0128 0.0923 0.0845 0.0064 0.0188 0.1080 0.0123 0.1729 0.0219 0.0195 0.0153 0.0103 0.0339 0.0133 0.0079 0.0079 0.0409 0.0893 
   H169607.4  1 0.0227 0.0082 0.0061 0.0081 0.5092 0.0550 0.0152 0.0056 0.0063 0.0307 0.0046 0.0163 0.0430 0.0193 0.1445 0.0054 0.0097 0.0062 0.0049 0.0059 0.0092 0.0095 0.0057 0.0296 0.0192 
   H169607.5  1 0.0099 0.0878 0.0099 0.0239 0.0581 0.0709 0.0327 0.0085 0.0288 0.0086 0.0096 0.1534 0.0124 0.0143 0.0903 0.0085 0.0083 0.0105 0.0090 0.0182 0.0069 0.0045 0.0047 0.1243 0.1860 
   H169607.6  1 0.0095 0.0267 0.0169 0.0291 0.0901 0.2772 0.0199 0.0037 0.0082 0.0447 0.0085 0.0463 0.0184 0.0306 0.1430 0.0129 0.0257 0.0092 0.0076 0.0390 0.0120 0.0066 0.0046 0.0307 0.0789 
   H169607.7  1 0.0100 0.0163 0.0210 0.4658 0.0227 0.0495 0.0198 0.0049 0.0058 0.0394 0.0057 0.0441 0.0117 0.0138 0.0239 0.0146 0.0336 0.0212 0.0059 0.0699 0.0068 0.0144 0.0036 0.0465 0.0290 
   H169607.8  1 0.0187 0.0100 0.0064 0.0063 0.2306 0.2777 0.0109 0.0034 0.0076 0.0521 0.0037 0.0747 0.1150 0.0136 0.0482 0.0080 0.0162 0.0153 0.0045 0.0096 0.0109 0.0054 0.0070 0.0244 0.0198 
   H169633.1  1 0.0069 0.0118 0.0126 0.0085 0.0092 0.0055 0.0039 0.0182 0.0076 0.0054 0.7091 0.0045 0.0057 0.0103 0.0261 0.0146 0.0499 0.0165 0.0181 0.0058 0.0154 0.0130 0.0114 0.0055 0.0046 
   H169633.2  1 0.0038 0.0036 0.0795 0.0146 0.0051 0.0038 0.0063 0.0066 0.0046 0.0058 0.6462 0.0051 0.0064 0.0326 0.0099 0.0116 0.0357 0.0148 0.0170 0.0185 0.0280 0.0137 0.0086 0.0033 0.0148 
   H169633.3  1 0.0046 0.0113 0.0148 0.0058 0.0056 0.0053 0.0065 0.0056 0.0101 0.0038 0.7547 0.0078 0.0053 0.0078 0.0147 0.0071 0.0108 0.0128 0.0349 0.0096 0.0063 0.0210 0.0198 0.0097 0.0041 
   H169633.4  1 0.0106 0.0133 0.0050 0.0042 0.0211 0.0070 0.0036 0.0124 0.0118 0.0058 0.7747 0.0098 0.0048 0.0063 0.0109 0.0105 0.0098 0.0143 0.0123 0.0060 0.0039 0.0193 0.0080 0.0083 0.0061 
   H169633.5  1 0.0136 0.0125 0.0062 0.0042 0.0172 0.0071 0.0041 0.0119 0.0174 0.0047 0.7706 0.0087 0.0056 0.0070 0.0086 0.0118 0.0096 0.0145 0.0128 0.0073 0.0048 0.0181 0.0078 0.0076 0.0061 
   H169688.1  1 0.0049 0.0145 0.0069 0.0330 0.0312 0.0462 0.0064 0.0044 0.0055 0.0047 0.0142 0.0087 0.0164 0.0095 0.1192 0.0393 0.1998 0.0077 0.0040 0.0337 0.2809 0.0031 0.0194 0.0058 0.0804 
   H169688.2  1 0.0040 0.0125 0.0173 0.0194 0.0047 0.0108 0.0143 0.0093 0.0050 0.0102 0.0057 0.0050 0.0087 0.0053 0.0131 0.0206 0.5254 0.0042 0.0051 0.0090 0.2408 0.0089 0.0111 0.0076 0.0219 
   H169688.3  1 0.0045 0.0265 0.0037 0.1846 0.0079 0.0068 0.0161 0.0062 0.0112 0.0185 0.0169 0.0060 0.0073 0.0076 0.0532 0.0184 0.3404 0.0086 0.0047 0.0053 0.1775 0.0085 0.0104 0.0051 0.0440 
   H169688.4  1 0.0099 0.2862 0.0077 0.1799 0.0073 0.0073 0.0076 0.0136 0.0089 0.0068 0.0080 0.0068 0.0074 0.0056 0.0140 0.0236 0.2999 0.0065 0.0047 0.0050 0.0495 0.0105 0.0077 0.0081 0.0073 
   H169688.5  1 0.0120 0.2415 0.0080 0.1751 0.0077 0.0048 0.0080 0.0165 0.0070 0.0063 0.0074 0.0054 0.0067 0.0050 0.0091 0.0166 0.3505 0.0063 0.0048 0.0051 0.0642 0.0089 0.0079 0.0061 0.0092 
   H169688.6  1 0.0085 0.0349 0.0095 0.0501 0.0056 0.0117 0.0171 0.0482 0.0050 0.0058 0.0121 0.0039 0.0050 0.0036 0.0551 0.0132 0.3121 0.0046 0.0030 0.1280 0.1830 0.0172 0.0088 0.0105 0.0437 
   H169688.7  1 0.0070 0.0262 0.0107 0.2993 0.0129 0.0061 0.0201 0.0092 0.0081 0.0246 0.0135 0.0059 0.0125 0.0081 0.0844 0.0304 0.2693 0.0054 0.0137 0.0042 0.0972 0.0055 0.0149 0.0049 0.0059 
   H171901.1  1 0.0134 0.0117 0.0151 0.0256 0.0070 0.0083 0.0081 0.0512 0.0123 0.0208 0.0059 0.0069 0.0073 0.0093 0.0180 0.0068 0.0121 0.0167 0.0152 0.0054 0.0073 0.0054 0.0109 0.0074 0.6922 
   H171901.2  1 0.0087 0.0150 0.0110 0.0142 0.0392 0.0159 0.0082 0.0057 0.0052 0.0081 0.7602 0.0045 0.0075 0.0043 0.0091 0.0037 0.0150 0.0065 0.0177 0.0038 0.0054 0.0109 0.0063 0.0052 0.0086 
   H171901.3  1 0.0136 0.0164 0.0141 0.0163 0.0400 0.0081 0.0139 0.0063 0.0178 0.0115 0.5984 0.0058 0.0049 0.0070 0.0159 0.0198 0.0520 0.0074 0.0096 0.0105 0.0652 0.0056 0.0089 0.0080 0.0229 
   H171901.4  1 0.0109 0.0089 0.0160 0.0307 0.0265 0.0094 0.0122 0.0069 0.0069 0.0130 0.7273 0.0047 0.0107 0.0075 0.0094 0.0069 0.0174 0.0042 0.0079 0.0075 0.0097 0.0159 0.0044 0.0124 0.0127 
   H171901.5  1 0.0220 0.0118 0.0100 0.0290 0.0550 0.0079 0.0208 0.0080 0.0110 0.0167 0.6095 0.0050 0.0211 0.0090 0.0214 0.0050 0.0272 0.0063 0.0105 0.0089 0.0207 0.0147 0.0082 0.0230 0.0171 
   H171901.6  1 0.0234 0.0273 0.0075 0.0277 0.1182 0.0119 0.0261 0.0053 0.0078 0.0109 0.4331 0.0106 0.0182 0.0141 0.0488 0.0044 0.0290 0.0074 0.0160 0.0088 0.0276 0.0345 0.0150 0.0479 0.0185 
   H171901.7  1 0.0095 0.0296 0.0239 0.0280 0.0328 0.0114 0.0494 0.0046 0.0129 0.0080 0.5114 0.0124 0.0036 0.0062 0.0496 0.0088 0.0604 0.0059 0.0148 0.0248 0.0417 0.0135 0.0127 0.0117 0.0124 
   H171902.1  1 0.0142 0.0124 0.0173 0.0113 0.6814 0.0077 0.0152 0.0528 0.0032 0.0058 0.0072 0.0092 0.0415 0.0261 0.0139 0.0094 0.0115 0.0037 0.0047 0.0191 0.0064 0.0061 0.0079 0.0050 0.0071 
  H171902.10  1 0.0072 0.0056 0.0045 0.0106 0.8494 0.0068 0.0101 0.0081 0.0038 0.0071 0.0092 0.0029 0.0065 0.0057 0.0038 0.0073 0.0093 0.0043 0.0074 0.0084 0.0047 0.0035 0.0043 0.0037 0.0059 
   H171902.2  1 0.0057 0.0184 0.2618 0.0126 0.3266 0.0064 0.0181 0.0305 0.0053 0.0080 0.0140 0.0113 0.0399 0.0137 0.0191 0.0527 0.0340 0.0084 0.0059 0.0254 0.0297 0.0194 0.0087 0.0115 0.0128 
   H171902.3  1 0.0063 0.0185 0.0187 0.0328 0.6220 0.0094 0.0250 0.0095 0.0045 0.0204 0.0534 0.0076 0.0173 0.0149 0.0122 0.0094 0.0288 0.0069 0.0119 0.0166 0.0114 0.0095 0.0073 0.0110 0.0150 
   H171902.4  1 0.0035 0.0092 0.0097 0.0032 0.8357 0.0047 0.0037 0.0108 0.0031 0.0027 0.0429 0.0051 0.0043 0.0038 0.0052 0.0037 0.0079 0.0080 0.0054 0.0044 0.0042 0.0053 0.0052 0.0031 0.0050 
   H171902.6  1 0.0059 0.0084 0.0046 0.0045 0.8719 0.0071 0.0059 0.0063 0.0033 0.0060 0.0081 0.0035 0.0068 0.0055 0.0043 0.0049 0.0057 0.0044 0.0057 0.0067 0.0036 0.0028 0.0059 0.0035 0.0049 
   H171902.7  1 0.0086 0.0075 0.0033 0.0118 0.7776 0.0081 0.0106 0.0266 0.0039 0.0061 0.0135 0.0041 0.0055 0.0050 0.0113 0.0038 0.0060 0.0071 0.0095 0.0049 0.0058 0.0052 0.0047 0.0177 0.0318 
   H171902.8  1 0.0057 0.0108 0.0075 0.0119 0.7929 0.0062 0.0158 0.0108 0.0055 0.0149 0.0115 0.0055 0.0086 0.0081 0.0070 0.0068 0.0079 0.0045 0.0111 0.0118 0.0068 0.0036 0.0060 0.0081 0.0108 
   H171902.9  1 0.0102 0.0571 0.0144 0.0092 0.7555 0.0074 0.0075 0.0227 0.0032 0.0047 0.0057 0.0088 0.0169 0.0040 0.0077 0.0047 0.0066 0.0105 0.0054 0.0051 0.0042 0.0083 0.0074 0.0051 0.0076 
   H171903.1  1 0.0076 0.0494 0.0089 0.0935 0.0121 0.5227 0.0476 0.0038 0.0103 0.0038 0.0166 0.0441 0.0101 0.0206 0.0239 0.0046 0.0088 0.0115 0.0076 0.0144 0.0071 0.0110 0.0069 0.0375 0.0156 
   H171903.2  1 0.0174 0.0334 0.0281 0.0501 0.0069 0.5502 0.0399 0.0110 0.0248 0.0302 0.0075 0.0324 0.0190 0.0238 0.0125 0.0054 0.0084 0.0079 0.0074 0.0184 0.0080 0.0187 0.0078 0.0214 0.0093 
   H171903.3  1 0.0168 0.0421 0.0587 0.0615 0.0391 0.1876 0.0735 0.0107 0.0857 0.0173 0.0116 0.0210 0.0115 0.0770 0.0207 0.0055 0.0204 0.0111 0.0341 0.0401 0.0175 0.0124 0.0171 0.0601 0.0469 
   H171903.4  1 0.0383 0.0174 0.0105 0.0330 0.1529 0.0398 0.0174 0.0098 0.0127 0.0063 0.0056 0.0114 0.0162 0.0052 0.1158 0.0176 0.0182 0.0119 0.0166 0.0082 0.0669 0.0098 0.0108 0.0313 0.3163 
   H171903.5  1 0.0080 0.0567 0.0306 0.1611 0.0084 0.0601 0.0268 0.0081 0.1121 0.1228 0.0494 0.0149 0.0172 0.0976 0.0238 0.0090 0.0391 0.0065 0.0123 0.0134 0.0178 0.0101 0.0126 0.0615 0.0203 
   H171903.6  1 0.0240 0.0399 0.0099 0.1773 0.0252 0.0790 0.0440 0.0040 0.0463 0.0158 0.0587 0.0299 0.0388 0.0066 0.0299 0.0108 0.1142 0.0071 0.0089 0.0157 0.0243 0.0059 0.0101 0.1280 0.0458 
      H177.1  1 0.0179 0.0247 0.0086 0.0129 0.1457 0.0165 0.1309 0.0094 0.0069 0.0083 0.1647 0.0072 0.0124 0.0054 0.0218 0.0056 0.0179 0.0071 0.0106 0.0521 0.2376 0.0047 0.0110 0.0327 0.0276 
      H177.2  1 0.0255 0.0101 0.0400 0.0415 0.0482 0.0207 0.0581 0.0148 0.0262 0.0633 0.1207 0.0304 0.1953 0.0070 0.0430 0.0221 0.0256 0.0182 0.0214 0.0320 0.0111 0.0073 0.0127 0.0994 0.0053 
      H177.3  1 0.0742 0.0136 0.0185 0.0294 0.0938 0.0161 0.1260 0.0150 0.0134 0.0438 0.2053 0.0080 0.0464 0.0075 0.0393 0.0050 0.0229 0.0063 0.0265 0.0531 0.0146 0.0056 0.0283 0.0776 0.0099 
      H177.4  1 0.0097 0.0064 0.0077 0.0084 0.0345 0.0204 0.0481 0.0118 0.0085 0.0062 0.0532 0.0065 0.0526 0.0057 0.0434 0.0040 0.0106 0.0079 0.0107 0.4397 0.1369 0.0187 0.0082 0.0267 0.0134 
      H177.5  1 0.0165 0.0139 0.0118 0.0172 0.0277 0.0270 0.0890 0.0072 0.0175 0.0076 0.0168 0.0152 0.0152 0.0039 0.0180 0.0094 0.0368 0.0085 0.0155 0.0132 0.4850 0.0205 0.0137 0.0814 0.0115 
      H177.6  1 0.0896 0.0142 0.0311 0.0173 0.0928 0.0109 0.0917 0.0124 0.0091 0.0363 0.3770 0.0046 0.0153 0.0057 0.0158 0.0038 0.0338 0.0064 0.0175 0.0184 0.0114 0.0054 0.0248 0.0450 0.0096 
      H179.1  1 0.0142 0.0077 0.0122 0.0103 0.0098 0.0044 0.0207 0.0040 0.0092 0.0415 0.0094 0.0083 0.0117 0.0461 0.0078 0.0080 0.0766 0.0174 0.0086 0.4325 0.0757 0.0159 0.0385 0.0923 0.0171 
      H179.2  1 0.0081 0.0121 0.0054 0.0141 0.0071 0.0056 0.0080 0.0039 0.0086 0.0188 0.0054 0.0143 0.0105 0.0425 0.0056 0.0050 0.0124 0.0129 0.0092 0.7000 0.0273 0.0067 0.0140 0.0348 0.0077 
      H179.3  1 0.0227 0.0188 0.0129 0.0239 0.0078 0.0106 0.0210 0.0058 0.0160 0.0243 0.0056 0.0170 0.0073 0.0222 0.0080 0.0126 0.0844 0.0133 0.0048 0.3858 0.1952 0.0075 0.0134 0.0481 0.0112 
      H179.4  1 0.0085 0.0052 0.0130 0.0086 0.0067 0.0044 0.0132 0.0038 0.0099 0.0154 0.0092 0.0068 0.0120 0.0093 0.0136 0.0076 0.0091 0.0070 0.0093 0.7689 0.0210 0.0054 0.0113 0.0153 0.0054 
      H180.1  1 0.0053 0.0103 0.0070 0.7551 0.0056 0.0058 0.0192 0.0104 0.0207 0.0050 0.0044 0.0036 0.0051 0.0162 0.0031 0.0165 0.0313 0.0039 0.0120 0.0166 0.0042 0.0105 0.0065 0.0041 0.0175 
      H180.2  1 0.0124 0.0259 0.0064 0.5873 0.0121 0.0079 0.0197 0.0108 0.0051 0.0042 0.0099 0.0077 0.0044 0.0079 0.0044 0.0255 0.0321 0.0059 0.0083 0.0133 0.0094 0.0498 0.0158 0.0114 0.1023 
      H180.3  1 0.0126 0.2231 0.0105 0.4851 0.0039 0.0134 0.0110 0.0131 0.0154 0.0037 0.0043 0.0698 0.0107 0.0345 0.0040 0.0067 0.0040 0.0064 0.0054 0.0074 0.0044 0.0091 0.0302 0.0056 0.0056 
      H180.4  1 0.0063 0.0230 0.0250 0.4637 0.0084 0.0095 0.0276 0.0144 0.0245 0.0117 0.0150 0.0112 0.0099 0.0041 0.0054 0.0243 0.0341 0.0081 0.0446 0.0173 0.0100 0.1542 0.0133 0.0085 0.0259 
      H180.5  1 0.0056 0.0266 0.0183 0.5722 0.0096 0.0113 0.0244 0.0301 0.0110 0.0051 0.0114 0.0200 0.0092 0.0049 0.0063 0.0285 0.0245 0.0074 0.0648 0.0302 0.0145 0.0269 0.0073 0.0159 0.0141 
      H180.6  1 0.0092 0.0281 0.0794 0.2549 0.0079 0.0078 0.0106 0.0380 0.0070 0.0081 0.0099 0.3663 0.0125 0.0073 0.0114 0.0302 0.0079 0.0101 0.0379 0.0096 0.0060 0.0150 0.0095 0.0074 0.0081 
      H181.1  1 0.0056 0.0106 0.0093 0.0087 0.0330 0.0807 0.0131 0.0110 0.1713 0.0325 0.1990 0.0040 0.0198 0.0095 0.0194 0.1438 0.0634 0.0044 0.0271 0.0779 0.0055 0.0077 0.0076 0.0116 0.0234 
      H181.2  1 0.0055 0.0137 0.0142 0.0117 0.0756 0.0310 0.0329 0.0243 0.0222 0.0111 0.0766 0.0062 0.0412 0.0140 0.0216 0.1001 0.0650 0.0086 0.1006 0.2633 0.0118 0.0122 0.0111 0.0096 0.0162 
      H181.3  1 0.0053 0.0059 0.0537 0.0101 0.0580 0.0218 0.0490 0.0127 0.0101 0.0084 0.0762 0.0062 0.0987 0.0046 0.0147 0.2518 0.0735 0.0089 0.0246 0.1403 0.0114 0.0092 0.0064 0.0153 0.0233 
      H181.4  1 0.0121 0.0719 0.0132 0.0208 0.0164 0.0197 0.0279 0.0036 0.2621 0.0133 0.1284 0.0104 0.1504 0.0082 0.0269 0.0394 0.0116 0.0173 0.0368 0.0313 0.0114 0.0112 0.0151 0.0211 0.0194 
      H181.5  1 0.0038 0.0069 0.0372 0.0075 0.0229 0.0113 0.0070 0.0160 0.0153 0.0323 0.0161 0.0078 0.0290 0.0163 0.0078 0.0937 0.0192 0.0172 0.0501 0.4625 0.0214 0.0102 0.0438 0.0218 0.0230 
      H181.6  1 0.0071 0.0286 0.0092 0.0207 0.0326 0.0142 0.0090 0.0043 0.0217 0.0280 0.0142 0.0059 0.0131 0.0337 0.0095 0.0090 0.0224 0.0103 0.0440 0.5753 0.0109 0.0381 0.0084 0.0111 0.0187 
      H181.7  1 0.0048 0.0123 0.0342 0.0149 0.0099 0.0096 0.0091 0.0060 0.0322 0.1054 0.0353 0.0103 0.0099 0.0077 0.0081 0.0151 0.0291 0.0080 0.0053 0.5933 0.0055 0.0119 0.0055 0.0090 0.0076 
 H194.1_2004  1 0.0058 0.0255 0.0084 0.0225 0.0227 0.0215 0.0311 0.0061 0.0065 0.0036 0.0114 0.0154 0.0039 0.0091 0.7167 0.0057 0.0088 0.0057 0.0127 0.0072 0.0116 0.0055 0.0097 0.0147 0.0084 
 H194.2_2004  1 0.0048 0.0064 0.0053 0.0068 0.0108 0.0182 0.0107 0.0112 0.0058 0.0040 0.0072 0.0051 0.0031 0.0038 0.6873 0.0040 0.0047 0.0093 0.0127 0.0033 0.0251 0.0030 0.0063 0.0082 0.1328 
 H194.3_2004  1 0.0046 0.0077 0.0064 0.0047 0.0245 0.0075 0.0156 0.0071 0.0059 0.0063 0.0442 0.0065 0.0070 0.0063 0.6969 0.0032 0.0083 0.0061 0.0061 0.0117 0.0100 0.0060 0.0858 0.0055 0.0061 
 H194.4_2004  1 0.0041 0.0084 0.0061 0.0045 0.0381 0.0285 0.0071 0.0087 0.0062 0.0037 0.0236 0.0046 0.0038 0.0038 0.7278 0.0041 0.0056 0.0045 0.0074 0.0057 0.0376 0.0047 0.0113 0.0050 0.0349 
 H194.5_2004  1 0.0060 0.0112 0.0171 0.0077 0.0182 0.0063 0.0142 0.0051 0.0066 0.0076 0.0244 0.0077 0.0053 0.0098 0.7317 0.0064 0.0063 0.0077 0.0066 0.0175 0.0119 0.0108 0.0257 0.0158 0.0124 
 H194.6_2004  1 0.0101 0.0157 0.0182 0.0069 0.0461 0.0158 0.0277 0.0069 0.0081 0.0068 0.0942 0.0114 0.0109 0.0118 0.2078 0.0063 0.0067 0.0066 0.0115 0.0385 0.1377 0.0081 0.2533 0.0111 0.0219 
 H194.7_2004  1 0.0041 0.0114 0.0259 0.0081 0.0055 0.0933 0.0084 0.0047 0.0061 0.0045 0.0072 0.0207 0.0045 0.0045 0.6832 0.0064 0.0062 0.0114 0.0092 0.0066 0.0105 0.0064 0.0100 0.0279 0.0133 
 H194.8_2004  1 0.0087 0.0147 0.0219 0.0074 0.0186 0.0152 0.0147 0.0063 0.0093 0.0058 0.0297 0.0074 0.0071 0.0063 0.6180 0.0068 0.0061 0.0060 0.0127 0.0170 0.0636 0.0066 0.0213 0.0118 0.0571 
      H194.9  1 0.0050 0.0185 0.0358 0.0068 0.0104 0.0239 0.0076 0.0060 0.0062 0.0034 0.0098 0.0184 0.0052 0.0060 0.7569 0.0079 0.0060 0.0057 0.0088 0.0057 0.0104 0.0052 0.0106 0.0115 0.0084 
 H195.1_2003  1 0.0061 0.0037 0.0057 0.0087 0.0052 0.0043 0.0061 0.0038 0.0052 0.0066 0.0077 0.0039 0.0062 0.0079 0.8468 0.0056 0.0050 0.0043 0.0087 0.0061 0.0095 0.0130 0.0051 0.0073 0.0077 
 H195.1_2004  1 0.0063 0.0049 0.0064 0.0061 0.0089 0.0053 0.0067 0.0091 0.0084 0.0049 0.0154 0.0027 0.0081 0.0027 0.8124 0.0244 0.0097 0.0063 0.0216 0.0056 0.0040 0.0063 0.0046 0.0045 0.0045 
 H195.2_2003  1 0.0087 0.0123 0.0091 0.0073 0.0108 0.0139 0.0058 0.0051 0.0030 0.0043 0.0047 0.0055 0.0148 0.0073 0.8260 0.0042 0.0106 0.0044 0.0040 0.0040 0.0074 0.0102 0.0049 0.0071 0.0045 
 H195.2_2004  1 0.0028 0.0034 0.0051 0.0049 0.0054 0.0048 0.0034 0.0056 0.0046 0.0044 0.0063 0.0051 0.0036 0.0028 0.8944 0.0070 0.0033 0.0038 0.0054 0.0036 0.0041 0.0048 0.0032 0.0045 0.0036 
 H195.3_2003  1 0.0090 0.0326 0.0114 0.0074 0.0064 0.0141 0.0127 0.0064 0.0043 0.0054 0.0045 0.0069 0.0194 0.0052 0.7644 0.0064 0.0107 0.0056 0.0037 0.0043 0.0121 0.0131 0.0072 0.0165 0.0104 
 H195.3_2004  1 0.0040 0.0029 0.0031 0.0036 0.0065 0.0106 0.0054 0.0060 0.0044 0.0032 0.0136 0.0034 0.0055 0.0032 0.8793 0.0060 0.0042 0.0042 0.0074 0.0037 0.0041 0.0042 0.0042 0.0033 0.0039 
 H195.4_2003  1 0.0057 0.0030 0.0043 0.0053 0.0060 0.0061 0.0044 0.0028 0.0045 0.0053 0.0076 0.0038 0.0043 0.0050 0.8774 0.0033 0.0040 0.0043 0.0124 0.0045 0.0042 0.0079 0.0043 0.0044 0.0052 
 H195.4_2004  1 0.0052 0.0034 0.0081 0.0034 0.0047 0.0060 0.0033 0.0039 0.0046 0.0042 0.0044 0.0039 0.0056 0.0032 0.8812 0.0167 0.0060 0.0037 0.0042 0.0039 0.0054 0.0037 0.0043 0.0039 0.0033 
 H195.5_2003  1 0.0068 0.0066 0.0043 0.0078 0.0112 0.0055 0.0074 0.0029 0.0060 0.0087 0.0080 0.0037 0.0061 0.0048 0.7445 0.0146 0.0096 0.0049 0.0245 0.0093 0.0089 0.0705 0.0061 0.0066 0.0110 
 H195.5_2004  1 0.0065 0.0043 0.0048 0.0036 0.0057 0.0077 0.0052 0.0071 0.0048 0.0038 0.0066 0.0046 0.0088 0.0028 0.8545 0.0135 0.0066 0.0054 0.0074 0.0097 0.0038 0.0088 0.0056 0.0038 0.0047 
 H195.6_2003  1 0.0072 0.0097 0.0046 0.0058 0.0063 0.0145 0.0065 0.0049 0.0033 0.0030 0.0033 0.0048 0.0124 0.0045 0.8528 0.0062 0.0081 0.0043 0.0052 0.0033 0.0043 0.0110 0.0035 0.0066 0.0039 
 H195.6_2004  1 0.0029 0.0029 0.0041 0.0039 0.0043 0.0084 0.0040 0.0049 0.0028 0.0053 0.0052 0.0038 0.0061 0.0041 0.8918 0.0040 0.0035 0.0037 0.0060 0.0068 0.0036 0.0042 0.0068 0.0035 0.0034 
 H195.7_2003  1 0.0039 0.0028 0.0060 0.0070 0.0063 0.0056 0.0050 0.0031 0.0052 0.0065 0.0068 0.0044 0.0059 0.0061 0.8600 0.0055 0.0082 0.0042 0.0057 0.0065 0.0122 0.0059 0.0046 0.0063 0.0063 
 H195.7_2004  1 0.0045 0.0081 0.0075 0.0064 0.0047 0.0043 0.0050 0.0207 0.0069 0.0043 0.0041 0.0028 0.0062 0.0030 0.8363 0.0217 0.0094 0.0063 0.0097 0.0049 0.0037 0.0074 0.0033 0.0047 0.0044 
      H195.8  1 0.0057 0.0050 0.0069 0.0054 0.0050 0.0077 0.0033 0.0044 0.0066 0.0044 0.0038 0.0041 0.0075 0.0026 0.8242 0.0468 0.0080 0.0059 0.0135 0.0048 0.0045 0.0056 0.0043 0.0041 0.0059 
      H195.9  1 0.0045 0.0038 0.0053 0.0060 0.0053 0.0105 0.0040 0.0033 0.0063 0.0041 0.0103 0.0088 0.0087 0.0032 0.8622 0.0062 0.0056 0.0047 0.0068 0.0055 0.0062 0.0034 0.0063 0.0051 0.0040 
      H415.1  1 0.0069 0.1320 0.0304 0.0212 0.0339 0.0075 0.0172 0.0735 0.0126 0.0059 0.0967 0.0147 0.0058 0.3671 0.0430 0.0062 0.0108 0.0299 0.0205 0.0047 0.0167 0.0094 0.0099 0.0066 0.0168 
      H415.2  1 0.0076 0.0138 0.0055 0.0117 0.6340 0.0045 0.0534 0.0088 0.0071 0.0057 0.0111 0.0054 0.0153 0.0906 0.0109 0.0028 0.0135 0.0090 0.0034 0.0086 0.0090 0.0051 0.0474 0.0104 0.0054 
      H415.3  1 0.0063 0.0068 0.0052 0.0423 0.0278 0.0029 0.0409 0.0080 0.0082 0.0113 0.0844 0.0045 0.0105 0.6022 0.0140 0.0037 0.0130 0.0106 0.0145 0.0155 0.0110 0.0076 0.0093 0.0312 0.0085 
      H415.4  1 0.0080 0.0657 0.0202 0.0124 0.0292 0.0045 0.0080 0.0133 0.0105 0.0046 0.0204 0.0180 0.0047 0.6178 0.0192 0.0083 0.0048 0.0208 0.0459 0.0047 0.0084 0.0083 0.0168 0.0110 0.0146 
      H415.5  1 0.0051 0.0068 0.0090 0.0295 0.0350 0.0031 0.0445 0.0107 0.0105 0.0103 0.0939 0.0030 0.0099 0.5949 0.0168 0.0039 0.0090 0.0090 0.0315 0.0092 0.0105 0.0058 0.0150 0.0105 0.0126 
      H415.6  1 0.0101 0.0589 0.0137 0.0126 0.0352 0.0039 0.0094 0.0196 0.0102 0.0060 0.0232 0.0154 0.0053 0.6339 0.0151 0.0071 0.0040 0.0221 0.0403 0.0041 0.0075 0.0084 0.0096 0.0097 0.0144 
      H415.7  1 0.0138 0.0114 0.0084 0.0180 0.2082 0.0044 0.0212 0.0114 0.0066 0.0065 0.0411 0.0069 0.1566 0.2832 0.0381 0.0034 0.0453 0.0117 0.0120 0.0196 0.0102 0.0093 0.0161 0.0311 0.0053 
      H506.1  1 0.0034 0.0024 0.0052 0.0037 0.0032 0.0027 0.0046 0.0053 0.0040 0.0051 0.0071 0.0060 0.0072 0.0068 0.0044 0.0054 0.0046 0.0063 0.0036 0.8783 0.0043 0.0081 0.0084 0.0059 0.0040 
      H506.2  1 0.0061 0.0025 0.0054 0.0042 0.0054 0.0041 0.0054 0.0074 0.0036 0.0154 0.0155 0.0038 0.0189 0.0062 0.0102 0.0037 0.0062 0.0075 0.0060 0.8326 0.0044 0.0056 0.0072 0.0090 0.0035 
      H506.3  1 0.0053 0.0044 0.0059 0.0055 0.0061 0.0040 0.0198 0.0360 0.0077 0.0066 0.0086 0.0086 0.0909 0.0105 0.0062 0.0260 0.0863 0.0077 0.0042 0.5911 0.0110 0.0156 0.0164 0.0106 0.0051 
      H506.4  1 0.0058 0.0041 0.0046 0.0040 0.0040 0.0044 0.0057 0.0096 0.0042 0.0051 0.0065 0.0070 0.0088 0.0117 0.0042 0.0046 0.0079 0.0055 0.0033 0.8535 0.0056 0.0080 0.0091 0.0084 0.0043 
      H506.5  1 0.0055 0.0030 0.0036 0.0043 0.0046 0.0045 0.0046 0.0067 0.0034 0.0066 0.0080 0.0043 0.0123 0.0093 0.0045 0.0042 0.0103 0.0040 0.0029 0.8642 0.0049 0.0063 0.0045 0.0099 0.0036 
      H506.6  1 0.0653 0.0040 0.0080 0.0097 0.0082 0.0098 0.0144 0.0321 0.0238 0.0180 0.0069 0.0059 0.0936 0.0093 0.0107 0.0115 0.2107 0.0088 0.0048 0.3848 0.0146 0.0101 0.0096 0.0219 0.0036 
      H506.7  1 0.0033 0.0025 0.0052 0.0036 0.0046 0.0042 0.0046 0.0059 0.0030 0.0058 0.0089 0.0041 0.0103 0.0067 0.0069 0.0047 0.0100 0.0051 0.0034 0.8677 0.0053 0.0063 0.0071 0.0074 0.0035 
      H533.1  1 0.0042 0.0030 0.0051 0.0078 0.0042 0.0027 0.0052 0.0083 0.0070 0.0508 0.0136 0.0044 0.0052 0.0088 0.0039 0.0052 0.0057 0.0038 0.0053 0.8223 0.0039 0.0063 0.0055 0.0035 0.0044 
      H533.2  1 0.0035 0.0028 0.0053 0.0087 0.0044 0.0027 0.0066 0.0167 0.0057 0.0444 0.0336 0.0040 0.0065 0.0088 0.0043 0.0050 0.0056 0.0044 0.0043 0.7999 0.0034 0.0063 0.0055 0.0040 0.0036 
      H533.3  1 0.0092 0.0043 0.0059 0.0069 0.0058 0.0053 0.0133 0.0064 0.0227 0.0233 0.0134 0.0089 0.0075 0.0090 0.0042 0.0048 0.0079 0.0050 0.0040 0.8020 0.0049 0.0032 0.0046 0.0109 0.0067 
      H533.4  1 0.0137 0.0038 0.0054 0.0152 0.0073 0.0055 0.0146 0.0113 0.0185 0.0090 0.0226 0.0074 0.0061 0.0105 0.0124 0.0064 0.0089 0.0079 0.0050 0.7750 0.0044 0.0044 0.0056 0.0085 0.0106 
      H535.1  1 0.0119 0.0091 0.0046 0.0055 0.0093 0.0087 0.0093 0.0055 0.0041 0.0050 0.0055 0.0044 0.0063 0.0074 0.0060 0.0025 0.0044 0.0041 0.0060 0.8397 0.0068 0.0046 0.0154 0.0088 0.0049 
      H535.2  1 0.0040 0.0044 0.0067 0.0039 0.0036 0.0063 0.0038 0.0025 0.0057 0.0043 0.0049 0.0057 0.0079 0.0028 0.0053 0.0065 0.0044 0.0032 0.0062 0.8813 0.0046 0.0086 0.0040 0.0046 0.0048 
      H535.3  1 0.0077 0.0041 0.0043 0.0030 0.0035 0.0071 0.0032 0.0040 0.0042 0.0044 0.0034 0.0054 0.0071 0.0030 0.0079 0.0082 0.0036 0.0031 0.0075 0.8772 0.0043 0.0086 0.0035 0.0054 0.0062 
      H535.4  1 0.0028 0.0032 0.0029 0.0043 0.0036 0.0029 0.0042 0.0028 0.0050 0.0020 0.0081 0.0042 0.0044 0.0049 0.0081 0.0046 0.0036 0.0039 0.0087 0.8954 0.0028 0.0054 0.0041 0.0034 0.0047 
      H535.5  1 0.0037 0.0044 0.0032 0.0043 0.0036 0.0036 0.0062 0.0035 0.0034 0.0025 0.0099 0.0036 0.0040 0.0071 0.0058 0.0030 0.0033 0.0028 0.0037 0.8959 0.0040 0.0048 0.0059 0.0047 0.0031 
      H535.6  1 0.0152 0.0126 0.0054 0.0052 0.0202 0.0116 0.0058 0.0038 0.0060 0.0047 0.0034 0.0046 0.0143 0.0048 0.0136 0.0068 0.0041 0.0051 0.0168 0.7587 0.0192 0.0046 0.0277 0.0090 0.0171 
      H535.7  1 0.0044 0.0037 0.0035 0.0037 0.0035 0.0038 0.0045 0.0037 0.0028 0.0029 0.0057 0.0042 0.0039 0.0044 0.0031 0.0028 0.0031 0.0029 0.0027 0.9114 0.0040 0.0044 0.0052 0.0032 0.0024 
      H535.8  1 0.0053 0.0050 0.0047 0.0040 0.0041 0.0037 0.0043 0.0037 0.0044 0.0038 0.0043 0.0042 0.0065 0.0058 0.0067 0.0047 0.0028 0.0038 0.0039 0.8767 0.0121 0.0053 0.0094 0.0050 0.0057 
      H535.9  1 0.0115 0.0093 0.0043 0.0037 0.0070 0.0070 0.0042 0.0043 0.0033 0.0032 0.0047 0.0040 0.0069 0.0034 0.0058 0.0038 0.0037 0.0036 0.0078 0.8725 0.0035 0.0069 0.0048 0.0056 0.0053 
      H539.1  1 0.0101 0.9029 0.0045 0.0035 0.0059 0.0065 0.0038 0.0053 0.0029 0.0035 0.0032 0.0042 0.0046 0.0031 0.0035 0.0024 0.0032 0.0037 0.0033 0.0027 0.0030 0.0030 0.0036 0.0038 0.0040 
      H539.2  1 0.0055 0.6181 0.0095 0.0468 0.0129 0.0179 0.0740 0.0124 0.0122 0.0063 0.0058 0.0180 0.0096 0.0093 0.0074 0.0233 0.0258 0.0074 0.0089 0.0176 0.0131 0.0111 0.0054 0.0061 0.0158 
      H539.3  1 0.0055 0.8054 0.0069 0.0053 0.0077 0.0293 0.0100 0.0080 0.0061 0.0041 0.0033 0.0138 0.0056 0.0033 0.0132 0.0066 0.0054 0.0044 0.0033 0.0093 0.0143 0.0070 0.0076 0.0053 0.0092 
      H539.4  1 0.0099 0.8415 0.0079 0.0087 0.0048 0.0052 0.0095 0.0113 0.0100 0.0062 0.0032 0.0052 0.0081 0.0057 0.0033 0.0039 0.0186 0.0034 0.0038 0.0039 0.0059 0.0076 0.0034 0.0047 0.0040 
      H539.5  1 0.0043 0.9109 0.0037 0.0034 0.0042 0.0050 0.0032 0.0038 0.0031 0.0032 0.0027 0.0079 0.0042 0.0032 0.0031 0.0030 0.0024 0.0041 0.0035 0.0031 0.0030 0.0025 0.0044 0.0043 0.0039 
      H539.6  1 0.0061 0.8902 0.0057 0.0063 0.0050 0.0050 0.0049 0.0043 0.0039 0.0040 0.0031 0.0080 0.0048 0.0042 0.0046 0.0039 0.0026 0.0051 0.0052 0.0032 0.0030 0.0029 0.0036 0.0049 0.0056 
      H539.7  1 0.0058 0.9028 0.0035 0.0053 0.0043 0.0047 0.0038 0.0032 0.0038 0.0034 0.0033 0.0031 0.0032 0.0029 0.0036 0.0026 0.0050 0.0044 0.0040 0.0034 0.0042 0.0033 0.0043 0.0052 0.0070 
      H539.8  1 0.0040 0.7867 0.0065 0.0040 0.0084 0.0095 0.0064 0.0142 0.0071 0.0042 0.0041 0.0092 0.0066 0.0043 0.0103 0.0125 0.0071 0.0061 0.0055 0.0134 0.0163 0.0159 0.0150 0.0106 0.0121 
      H539.9  1 0.0073 0.8844 0.0060 0.0051 0.0043 0.0051 0.0052 0.0087 0.0059 0.0050 0.0026 0.0061 0.0053 0.0039 0.0032 0.0034 0.0074 0.0045 0.0024 0.0032 0.0036 0.0052 0.0037 0.0046 0.0038 
      H540.1  1 0.0089 0.7809 0.0039 0.0075 0.0127 0.0105 0.0203 0.0068 0.0144 0.0108 0.0059 0.0081 0.0283 0.0048 0.0083 0.0070 0.0079 0.0052 0.0046 0.0079 0.0053 0.0037 0.0045 0.0124 0.0096 
      H540.2  1 0.0066 0.8611 0.0029 0.0055 0.0134 0.0048 0.0102 0.0033 0.0076 0.0077 0.0039 0.0050 0.0050 0.0051 0.0051 0.0024 0.0038 0.0072 0.0046 0.0034 0.0044 0.0032 0.0077 0.0083 0.0076 
      H540.3  1 0.0369 0.3572 0.0070 0.0055 0.0261 0.0052 0.0108 0.2356 0.0313 0.0119 0.0094 0.0036 0.0236 0.0120 0.0107 0.0089 0.0326 0.0120 0.0205 0.0047 0.0220 0.0047 0.0509 0.0186 0.0382 
      H540.4  1 0.0037 0.8313 0.0027 0.0063 0.0083 0.0043 0.0069 0.0036 0.0075 0.0120 0.0042 0.0062 0.0120 0.0048 0.0062 0.0056 0.0048 0.0064 0.0092 0.0093 0.0064 0.0040 0.0060 0.0175 0.0107 
      H540.5  1 0.0074 0.8143 0.0067 0.0046 0.0159 0.0061 0.0104 0.0132 0.0060 0.0143 0.0067 0.0049 0.0112 0.0057 0.0045 0.0067 0.0088 0.0064 0.0066 0.0042 0.0087 0.0031 0.0097 0.0087 0.0053 
      H540.6  1 0.0061 0.7158 0.0066 0.0055 0.0179 0.0129 0.0112 0.0099 0.0156 0.0165 0.0084 0.0108 0.0414 0.0048 0.0074 0.0168 0.0112 0.0150 0.0118 0.0074 0.0108 0.0040 0.0091 0.0148 0.0083 
      H540.7  1 0.0054 0.8250 0.0057 0.0050 0.0132 0.0057 0.0128 0.0043 0.0098 0.0068 0.0120 0.0107 0.0059 0.0066 0.0062 0.0047 0.0064 0.0073 0.0068 0.0078 0.0043 0.0057 0.0051 0.0116 0.0052 
      H540.8  1 0.0062 0.8044 0.0048 0.0078 0.0256 0.0070 0.0224 0.0042 0.0099 0.0066 0.0079 0.0050 0.0060 0.0058 0.0054 0.0025 0.0054 0.0037 0.0064 0.0056 0.0054 0.0038 0.0106 0.0154 0.0125 
     H9558.1  1 0.0213 0.8402 0.0048 0.0077 0.0069 0.0092 0.0098 0.0071 0.0030 0.0099 0.0028 0.0031 0.0052 0.0061 0.0043 0.0039 0.0060 0.0037 0.0043 0.0112 0.0067 0.0059 0.0065 0.0040 0.0064 
     H9558.2  1 0.0352 0.7547 0.0233 0.0053 0.0089 0.0099 0.0086 0.0086 0.0039 0.0185 0.0037 0.0085 0.0088 0.0099 0.0079 0.0074 0.0094 0.0062 0.0033 0.0130 0.0110 0.0124 0.0073 0.0072 0.0073 
     H9558.3  1 0.0067 0.8196 0.0102 0.0047 0.0068 0.0110 0.0045 0.0078 0.0078 0.0066 0.0035 0.0113 0.0104 0.0083 0.0054 0.0060 0.0050 0.0100 0.0040 0.0082 0.0043 0.0111 0.0066 0.0071 0.0130 
     H9558.4  1 0.0178 0.8375 0.0055 0.0110 0.0059 0.0067 0.0181 0.0075 0.0029 0.0116 0.0030 0.0032 0.0045 0.0094 0.0034 0.0040 0.0074 0.0028 0.0034 0.0089 0.0052 0.0055 0.0038 0.0061 0.0048 
     H9558.5  1 0.0063 0.8516 0.0033 0.0053 0.0039 0.0030 0.0129 0.0143 0.0074 0.0038 0.0041 0.0035 0.0058 0.0067 0.0027 0.0054 0.0138 0.0046 0.0034 0.0053 0.0054 0.0095 0.0064 0.0073 0.0042 
     H9558.6  1 0.0084 0.7469 0.0201 0.0043 0.0098 0.0061 0.0059 0.0061 0.0412 0.0065 0.0036 0.0359 0.0287 0.0084 0.0045 0.0032 0.0039 0.0076 0.0047 0.0045 0.0047 0.0086 0.0107 0.0045 0.0113 
    kos339.1  1 0.0050 0.0050 0.0093 0.0055 0.0108 0.0038 0.0125 0.0049 0.0072 0.0098 0.8159 0.0114 0.0183 0.0103 0.0036 0.0035 0.0072 0.0070 0.0037 0.0132 0.0074 0.0041 0.0046 0.0118 0.0040 
    kos339.2  1 0.0031 0.0043 0.0080 0.0054 0.0048 0.0034 0.0037 0.0065 0.0069 0.0065 0.8533 0.0133 0.0058 0.0073 0.0057 0.0058 0.0051 0.0149 0.0049 0.0067 0.0039 0.0055 0.0059 0.0055 0.0038 
    kos339.3  1 0.0032 0.0041 0.0037 0.0058 0.0033 0.0035 0.0036 0.0030 0.0044 0.0025 0.9077 0.0049 0.0032 0.0059 0.0050 0.0028 0.0040 0.0030 0.0028 0.0054 0.0029 0.0035 0.0034 0.0041 0.0042 
    kos339.4  1 0.0028 0.0042 0.0041 0.0064 0.0034 0.0034 0.0035 0.0039 0.0044 0.0027 0.8995 0.0037 0.0036 0.0075 0.0060 0.0034 0.0041 0.0045 0.0042 0.0046 0.0037 0.0040 0.0042 0.0042 0.0039 
    kos339.5  1 0.0043 0.0045 0.0067 0.0042 0.0062 0.0030 0.0089 0.0026 0.0042 0.0038 0.8722 0.0057 0.0096 0.0056 0.0028 0.0040 0.0047 0.0077 0.0039 0.0058 0.0051 0.0044 0.0048 0.0112 0.0040 
    kos339.6  1 0.0032 0.0028 0.0030 0.0037 0.0047 0.0037 0.0038 0.0047 0.0073 0.0032 0.8963 0.0051 0.0038 0.0050 0.0048 0.0042 0.0039 0.0063 0.0049 0.0047 0.0033 0.0038 0.0041 0.0061 0.0036 
    kos339.7  1 0.0030 0.0035 0.0043 0.0058 0.0038 0.0027 0.0043 0.0034 0.0048 0.0028 0.9058 0.0058 0.0037 0.0048 0.0039 0.0025 0.0041 0.0032 0.0030 0.0073 0.0031 0.0029 0.0037 0.0034 0.0043 
    kos339.8  1 0.0031 0.0029 0.0049 0.0068 0.0040 0.0024 0.0046 0.0057 0.0066 0.0040 0.8666 0.0046 0.0075 0.0153 0.0042 0.0067 0.0065 0.0057 0.0037 0.0069 0.0060 0.0062 0.0039 0.0075 0.0038 
    kos339.9  1 0.0044 0.0149 0.0074 0.0108 0.0113 0.0049 0.0139 0.0037 0.0037 0.0064 0.8294 0.0067 0.0088 0.0046 0.0069 0.0046 0.0034 0.0106 0.0069 0.0085 0.0043 0.0058 0.0055 0.0067 0.0059 
      H008.1  2 0.0118 0.0547 0.0501 0.0134 0.0104 0.0046 0.0163 0.0062 0.0084 0.0079 0.0070 0.6723 0.0066 0.0057 0.0047 0.0097 0.0120 0.0282 0.0080 0.0077 0.0086 0.0197 0.0103 0.0062 0.0095 
      H008.2  2 0.0197 0.0819 0.0214 0.0088 0.0283 0.0289 0.1000 0.0356 0.0228 0.0794 0.0114 0.1749 0.0106 0.0098 0.0079 0.0503 0.0163 0.0142 0.0066 0.0201 0.0099 0.1913 0.0127 0.0174 0.0201 
      H008.3  2 0.0097 0.0247 0.0089 0.0308 0.0170 0.0349 0.0369 0.0260 0.0128 0.0138 0.0082 0.2049 0.0102 0.0064 0.0117 0.0439 0.0098 0.0285 0.0095 0.2485 0.0178 0.0518 0.0330 0.0101 0.0903 
      H008.4  2 0.0081 0.0367 0.0188 0.0071 0.0398 0.0116 0.0146 0.0287 0.0083 0.0150 0.0080 0.6171 0.0050 0.0196 0.0089 0.0151 0.0063 0.0282 0.0068 0.0069 0.0176 0.0140 0.0216 0.0128 0.0235 
      H008.5  2 0.0065 0.0094 0.0101 0.0124 0.0093 0.0112 0.0147 0.0086 0.0076 0.0046 0.0059 0.7636 0.0066 0.0038 0.0046 0.0079 0.0074 0.0106 0.0060 0.0134 0.0186 0.0146 0.0135 0.0086 0.0206 
      H008.6  2 0.0195 0.0382 0.0225 0.0061 0.0403 0.0166 0.0646 0.0494 0.0153 0.0406 0.0068 0.3901 0.0089 0.0133 0.0095 0.0060 0.0083 0.0242 0.0041 0.0196 0.0179 0.1154 0.0131 0.0345 0.0152 
      H008.7  2 0.0181 0.0345 0.1283 0.0095 0.0605 0.0112 0.0350 0.0558 0.0083 0.0136 0.0109 0.2782 0.0125 0.0171 0.0099 0.0416 0.0248 0.0277 0.0091 0.0207 0.0323 0.0532 0.0184 0.0150 0.0536 
      H008.8  2 0.0381 0.2619 0.0327 0.0166 0.0273 0.0136 0.0101 0.0067 0.0073 0.2687 0.0067 0.1552 0.0221 0.0075 0.0146 0.0167 0.0099 0.0219 0.0074 0.0081 0.0068 0.0136 0.0101 0.0084 0.0081 
      H008.9  2 0.0169 0.0330 0.0083 0.0071 0.1600 0.0310 0.0263 0.1084 0.0148 0.1307 0.0064 0.0920 0.0133 0.0081 0.0236 0.0140 0.0075 0.0093 0.0070 0.0280 0.0090 0.1642 0.0302 0.0114 0.0397 
 H029.1_2002  2 0.0177 0.0194 0.6878 0.0047 0.0147 0.0056 0.0073 0.0149 0.0073 0.0151 0.0043 0.0406 0.0122 0.0419 0.0068 0.0073 0.0072 0.0091 0.0040 0.0034 0.0269 0.0047 0.0071 0.0147 0.0155 
 H029.1_2003  2 0.0127 0.0092 0.5438 0.0072 0.0120 0.0098 0.0120 0.0101 0.0131 0.0324 0.0046 0.0077 0.0277 0.0101 0.0088 0.0057 0.0108 0.0085 0.0038 0.0228 0.0536 0.0107 0.1369 0.0118 0.0146 
 H029.2_2002  2 0.0043 0.0052 0.7454 0.0042 0.0082 0.0062 0.0109 0.0096 0.0049 0.0034 0.0201 0.0123 0.0126 0.0066 0.0123 0.0142 0.0070 0.0038 0.0035 0.0424 0.0124 0.0082 0.0291 0.0085 0.0047 
 H029.2_2003  2 0.0074 0.0074 0.5040 0.0065 0.0130 0.0159 0.0194 0.0168 0.0092 0.0084 0.0175 0.0122 0.0279 0.0050 0.0157 0.0068 0.0214 0.0048 0.0035 0.1457 0.0573 0.0090 0.0278 0.0322 0.0052 
 H029.3_2002  2 0.0051 0.0048 0.6915 0.0048 0.0069 0.0053 0.0056 0.0246 0.0074 0.0093 0.0248 0.0066 0.0112 0.0072 0.0125 0.0092 0.0101 0.0047 0.0037 0.0813 0.0168 0.0051 0.0267 0.0103 0.0046 
 H029.3_2003  2 0.0031 0.0046 0.6677 0.0064 0.0045 0.0048 0.0073 0.0051 0.0148 0.0107 0.0057 0.0240 0.0176 0.0053 0.0059 0.0057 0.0140 0.0096 0.0037 0.0383 0.0669 0.0237 0.0194 0.0228 0.0083 
 H029.4_2002  2 0.0038 0.0036 0.8861 0.0056 0.0027 0.0030 0.0045 0.0065 0.0046 0.0043 0.0034 0.0065 0.0030 0.0064 0.0048 0.0065 0.0066 0.0052 0.0034 0.0048 0.0057 0.0050 0.0046 0.0051 0.0043 
 H029.4_2003  2 0.0104 0.0114 0.6508 0.0130 0.0053 0.0075 0.0130 0.0107 0.0082 0.0120 0.0043 0.0082 0.0088 0.0078 0.0065 0.0053 0.1140 0.0066 0.0041 0.0070 0.0239 0.0101 0.0117 0.0099 0.0293 
 H029.5_2002  2 0.0069 0.0066 0.7976 0.0042 0.0055 0.0040 0.0048 0.0052 0.0054 0.0065 0.0043 0.0269 0.0111 0.0101 0.0056 0.0088 0.0067 0.0118 0.0059 0.0044 0.0184 0.0074 0.0117 0.0104 0.0099 
 H029.5_2003  2 0.0070 0.0057 0.8189 0.0081 0.0048 0.0033 0.0153 0.0073 0.0044 0.0112 0.0039 0.0099 0.0052 0.0065 0.0041 0.0033 0.0136 0.0068 0.0033 0.0050 0.0180 0.0079 0.0126 0.0065 0.0075 
 H029.6_2002  2 0.0034 0.0032 0.8396 0.0049 0.0035 0.0041 0.0047 0.0087 0.0046 0.0070 0.0034 0.0053 0.0037 0.0049 0.0073 0.0067 0.0049 0.0060 0.0042 0.0050 0.0472 0.0039 0.0068 0.0036 0.0035 
 H029.6_2003  2 0.0084 0.0109 0.4765 0.0108 0.0123 0.0092 0.0254 0.0063 0.0142 0.0151 0.0295 0.0523 0.0390 0.0048 0.0189 0.0081 0.0360 0.0142 0.0103 0.0386 0.0156 0.0172 0.0498 0.0610 0.0157 
