      H105.1  1 0.0051 0.0067 0.0413 0.0262 0.0083 0.0091 0.0521 0.0105 0.0130 0.0047 0.0119 0.0104 0.0173 0.0172 0.0052 0.0134 0.0102 0.7228 0.0145 
      H105.2  1 0.0177 0.0120 0.0265 0.0122 0.0363 0.0359 0.0348 0.0100 0.0397 0.0146 0.0626 0.0274 0.0054 0.0106 0.0123 0.0486 0.0207 0.5595 0.0133 
      H105.3  1 0.0089 0.0067 0.0124 0.0054 0.0051 0.0117 0.0085 0.0074 0.0131 0.0165 0.0082 0.0066 0.0094 0.0164 0.0060 0.0130 0.0207 0.8150 0.0089 
      H105.4  1 0.0190 0.0068 0.0815 0.0078 0.0320 0.0303 0.0248 0.0144 0.0143 0.0522 0.0407 0.0151 0.0108 0.0342 0.0227 0.0135 0.0057 0.5643 0.0098 
      H105.5  1 0.0361 0.0091 0.0853 0.0428 0.0355 0.0260 0.0671 0.0441 0.0943 0.0431 0.2406 0.0172 0.0264 0.0743 0.0104 0.0433 0.0363 0.0584 0.0096 
      H105.6  1 0.0172 0.0045 0.0217 0.0040 0.0055 0.0122 0.0047 0.0249 0.0069 0.0172 0.0108 0.0060 0.0095 0.0095 0.0105 0.0057 0.0093 0.8102 0.0099 
      H105.7  1 0.0093 0.0059 0.0455 0.0117 0.0348 0.0050 0.0069 0.0070 0.0102 0.0070 0.0070 0.0083 0.0072 0.0100 0.0070 0.0060 0.0080 0.7905 0.0127 
      H105.8  1 0.0055 0.0087 0.0168 0.0060 0.0068 0.0231 0.0186 0.0087 0.0046 0.0086 0.0200 0.0173 0.0039 0.0077 0.0077 0.0123 0.0113 0.7825 0.0298 
      H115.1  1 0.0120 0.0070 0.0063 0.0180 0.0066 0.0183 0.0084 0.7999 0.0059 0.0068 0.0096 0.0124 0.0143 0.0088 0.0104 0.0069 0.0183 0.0085 0.0217 
      H115.2  1 0.0058 0.0087 0.0050 0.0108 0.0053 0.0070 0.0053 0.8583 0.0101 0.0102 0.0089 0.0114 0.0100 0.0044 0.0068 0.0050 0.0106 0.0095 0.0071 
      H115.3  1 0.0042 0.0071 0.0111 0.0200 0.0078 0.0068 0.0042 0.5818 0.0399 0.0484 0.1679 0.0134 0.0228 0.0091 0.0138 0.0178 0.0072 0.0085 0.0079 
      H115.4  1 0.0064 0.0067 0.0133 0.0539 0.0077 0.0526 0.0091 0.0432 0.1157 0.0079 0.4130 0.0197 0.0422 0.0109 0.0168 0.0462 0.1156 0.0125 0.0068 
      H115.5  1 0.0210 0.0684 0.0160 0.0243 0.0141 0.0172 0.0138 0.3707 0.0195 0.0208 0.0903 0.0281 0.0619 0.0266 0.0091 0.1096 0.0207 0.0283 0.0395 
      H115.6  1 0.0071 0.0158 0.0115 0.0284 0.0240 0.0046 0.0105 0.3956 0.2013 0.0371 0.1111 0.0085 0.0339 0.0107 0.0294 0.0253 0.0159 0.0116 0.0177 
      H115.7  1 0.0115 0.0051 0.0108 0.0289 0.0395 0.0131 0.0061 0.5080 0.1677 0.0267 0.0275 0.0105 0.0267 0.0104 0.0336 0.0375 0.0169 0.0121 0.0072 
      H115.8  1 0.0057 0.0687 0.0090 0.0173 0.0096 0.0052 0.0093 0.6046 0.0493 0.0136 0.0534 0.0177 0.0162 0.0077 0.0081 0.0300 0.0111 0.0128 0.0508 
      H115.9  1 0.0078 0.0066 0.0146 0.0129 0.0053 0.0104 0.0062 0.8423 0.0046 0.0128 0.0075 0.0062 0.0076 0.0053 0.0047 0.0039 0.0135 0.0051 0.0227 
      H145.1  1 0.0093 0.0540 0.0220 0.0103 0.0084 0.0063 0.0106 0.0227 0.0098 0.0281 0.0115 0.0049 0.7457 0.0126 0.0098 0.0043 0.0111 0.0078 0.0109 
      H145.2  1 0.0094 0.0348 0.0194 0.0072 0.0209 0.0099 0.0397 0.0101 0.0192 0.2652 0.0167 0.0043 0.4902 0.0078 0.0104 0.0035 0.0060 0.0162 0.0093 
      H145.3  1 0.0069 0.0985 0.0188 0.0072 0.0114 0.0078 0.0101 0.0109 0.0131 0.0108 0.0114 0.0050 0.6739 0.0088 0.0060 0.0227 0.0041 0.0052 0.0676 
      H145.4  1 0.0078 0.0184 0.0169 0.0097 0.0055 0.0059 0.0067 0.0095 0.0119 0.0104 0.0063 0.0048 0.8464 0.0062 0.0080 0.0050 0.0061 0.0074 0.0071 
      H145.5  1 0.0082 0.2152 0.0107 0.0037 0.0050 0.0050 0.0092 0.0055 0.0175 0.0096 0.0101 0.0057 0.6436 0.0081 0.0078 0.0091 0.0062 0.0056 0.0142 
      H145.6  1 0.0077 0.0360 0.0158 0.0130 0.0736 0.0106 0.0215 0.0051 0.0089 0.2129 0.0095 0.0050 0.5097 0.0045 0.0113 0.0326 0.0064 0.0090 0.0070 
      H145.7  1 0.0053 0.0093 0.0189 0.0086 0.0081 0.0065 0.0102 0.0050 0.0081 0.0139 0.0131 0.0038 0.8181 0.0051 0.0068 0.0395 0.0037 0.0046 0.0116 
      H149.1  1 0.0060 0.0046 0.0043 0.0047 0.0039 0.0043 0.0038 0.0055 0.0037 0.0051 0.0031 0.0053 0.9226 0.0039 0.0046 0.0032 0.0038 0.0034 0.0041 
      H149.2  1 0.0061 0.0039 0.0044 0.0075 0.0077 0.0056 0.0039 0.0050 0.0102 0.0061 0.0047 0.0059 0.9003 0.0075 0.0052 0.0032 0.0055 0.0036 0.0037 
      H149.3  1 0.0142 0.0048 0.0064 0.0110 0.0146 0.0095 0.0041 0.0081 0.0182 0.0110 0.0059 0.0092 0.8348 0.0112 0.0119 0.0063 0.0060 0.0065 0.0061 
      H149.4  1 0.0120 0.0104 0.0072 0.0217 0.0113 0.0280 0.0256 0.0067 0.0083 0.0179 0.0076 0.0079 0.6930 0.0102 0.0957 0.0049 0.0056 0.0187 0.0074 
      H149.5  1 0.0095 0.0041 0.0111 0.0803 0.0399 0.0303 0.0228 0.0035 0.0152 0.0077 0.0046 0.0090 0.6826 0.0114 0.0315 0.0074 0.0069 0.0140 0.0082 
      H149.6  1 0.0079 0.0041 0.0054 0.0103 0.0219 0.0052 0.0053 0.0037 0.0097 0.0055 0.0043 0.0059 0.8749 0.0080 0.0098 0.0038 0.0055 0.0055 0.0034 
      H149.7  1 0.0799 0.0085 0.0094 0.0347 0.1091 0.0378 0.0315 0.0045 0.0241 0.0181 0.0079 0.0201 0.3600 0.0189 0.1626 0.0103 0.0140 0.0293 0.0193 
      H150.1  1 0.0052 0.0080 0.0067 0.0046 0.0058 0.0031 0.0071 0.8381 0.0214 0.0077 0.0466 0.0038 0.0039 0.0049 0.0051 0.0081 0.0047 0.0073 0.0080 
      H150.2  1 0.0055 0.0221 0.0034 0.0143 0.0153 0.0063 0.0062 0.7449 0.0363 0.0080 0.0455 0.0074 0.0104 0.0136 0.0157 0.0121 0.0113 0.0146 0.0070 
      H150.3  1 0.0097 0.0094 0.0065 0.0064 0.0133 0.0039 0.0094 0.8422 0.0192 0.0055 0.0093 0.0064 0.0074 0.0072 0.0071 0.0112 0.0090 0.0089 0.0080 
      H150.4  1 0.0078 0.0116 0.0087 0.0061 0.0070 0.0033 0.0059 0.8814 0.0076 0.0081 0.0068 0.0039 0.0048 0.0050 0.0049 0.0079 0.0071 0.0048 0.0072 
      H150.5  1 0.0050 0.0055 0.0070 0.0176 0.0109 0.0071 0.0066 0.6797 0.0561 0.0222 0.0652 0.0121 0.0129 0.0204 0.0139 0.0158 0.0048 0.0316 0.0056 
      H150.6  1 0.0059 0.0101 0.0047 0.0320 0.0113 0.0087 0.0074 0.1846 0.2486 0.0081 0.2815 0.0124 0.0117 0.0093 0.0353 0.0674 0.0073 0.0505 0.0033 
      H150.7  1 0.0045 0.0082 0.0051 0.0044 0.0047 0.0030 0.0079 0.8807 0.0080 0.0167 0.0119 0.0047 0.0042 0.0059 0.0057 0.0049 0.0043 0.0075 0.0076 
   H169607.1  1 0.0127 0.0292 0.0195 0.0209 0.0450 0.0380 0.1181 0.0603 0.0198 0.0316 0.0972 0.0370 0.0501 0.2246 0.0210 0.0266 0.1223 0.0083 0.0182 
   H169607.2  1 0.0094 0.0055 0.3186 0.0100 0.0223 0.0176 0.1628 0.0848 0.0150 0.0274 0.0247 0.0198 0.0197 0.0965 0.0993 0.0067 0.0139 0.0075 0.0388 
   H169607.3  1 0.0113 0.0144 0.1408 0.0895 0.1002 0.0421 0.1158 0.0334 0.0185 0.0288 0.0617 0.0332 0.0469 0.1593 0.0124 0.0290 0.0219 0.0071 0.0337 
   H169607.4  1 0.0079 0.0084 0.2570 0.0081 0.0344 0.0066 0.1550 0.0192 0.0107 0.0647 0.0201 0.0307 0.0284 0.2324 0.0726 0.0098 0.0172 0.0108 0.0060 
   H169607.5  1 0.0047 0.0076 0.2297 0.0951 0.0126 0.0320 0.0334 0.2021 0.0188 0.0502 0.0254 0.0119 0.0371 0.0952 0.0881 0.0107 0.0111 0.0067 0.0279 
   H169607.6  1 0.0051 0.0044 0.5337 0.0124 0.0160 0.0222 0.1161 0.0312 0.0076 0.0127 0.0263 0.0229 0.0115 0.0494 0.0675 0.0091 0.0254 0.0090 0.0176 
   H169607.7  1 0.0052 0.0062 0.1152 0.0125 0.0164 0.0509 0.1945 0.0363 0.0138 0.0120 0.2458 0.0242 0.0162 0.0478 0.0718 0.0143 0.0279 0.0180 0.0713 
   H169607.8  1 0.0072 0.0038 0.3985 0.0083 0.0146 0.0069 0.1457 0.0153 0.0073 0.0306 0.0106 0.0394 0.0099 0.2350 0.0278 0.0096 0.0116 0.0059 0.0121 
   H169633.1  1 0.0098 0.0131 0.0048 0.0076 0.0057 0.0066 0.0055 0.0096 0.0131 0.0142 0.0042 0.0193 0.8282 0.0046 0.0042 0.0204 0.0111 0.0134 0.0047 
   H169633.2  1 0.0124 0.0081 0.0038 0.0051 0.0385 0.0189 0.0087 0.0058 0.0171 0.0060 0.0074 0.0168 0.7374 0.0036 0.0058 0.0142 0.0444 0.0252 0.0209 
   H169633.3  1 0.0241 0.0055 0.0050 0.0121 0.0069 0.0157 0.0048 0.0105 0.0255 0.0049 0.0039 0.0160 0.7922 0.0082 0.0079 0.0085 0.0115 0.0194 0.0173 
   H169633.4  1 0.0086 0.0132 0.0065 0.0186 0.0053 0.0116 0.0057 0.0114 0.0117 0.0249 0.0045 0.0087 0.8132 0.0057 0.0044 0.0177 0.0084 0.0148 0.0051 
   H169633.5  1 0.0077 0.0150 0.0062 0.0114 0.0049 0.0117 0.0062 0.0121 0.0131 0.0256 0.0053 0.0069 0.8258 0.0059 0.0048 0.0110 0.0072 0.0121 0.0072 
   H169688.1  1 0.0263 0.0047 0.0762 0.0054 0.1110 0.0296 0.0068 0.0193 0.0059 0.0092 0.0105 0.4458 0.1182 0.0078 0.0138 0.0893 0.0071 0.0047 0.0084 
   H169688.2  1 0.0130 0.0068 0.0128 0.0050 0.0560 0.0084 0.0090 0.0096 0.0053 0.0042 0.0145 0.7960 0.0073 0.0053 0.0114 0.0109 0.0046 0.0107 0.0094 
   H169688.3  1 0.0114 0.0069 0.0081 0.0085 0.0610 0.0046 0.0258 0.0216 0.0084 0.0057 0.0342 0.6099 0.1343 0.0057 0.0178 0.0140 0.0077 0.0098 0.0047 
   H169688.4  1 0.0121 0.0223 0.0079 0.0088 0.0216 0.0065 0.0114 0.2437 0.0069 0.0134 0.0944 0.4630 0.0289 0.0065 0.0097 0.0148 0.0059 0.0130 0.0092 
   H169688.5  1 0.0070 0.0182 0.0092 0.0072 0.0155 0.0054 0.0107 0.2665 0.0048 0.0093 0.0814 0.4891 0.0214 0.0057 0.0087 0.0142 0.0069 0.0101 0.0088 
   H169688.6  1 0.0077 0.0421 0.0141 0.0059 0.0419 0.1013 0.0099 0.0236 0.0034 0.0082 0.0112 0.5952 0.0530 0.0063 0.0278 0.0190 0.0049 0.0191 0.0053 
   H169688.7  1 0.0158 0.0123 0.0060 0.0066 0.0117 0.0051 0.0637 0.0279 0.0127 0.0094 0.0866 0.4933 0.1832 0.0091 0.0183 0.0145 0.0092 0.0065 0.0080 
   H171901.1  1 0.0148 0.0680 0.0116 0.0105 0.4997 0.0077 0.0523 0.0269 0.0519 0.0486 0.0973 0.0226 0.0176 0.0086 0.0141 0.0148 0.0097 0.0147 0.0088 
   H171901.2  1 0.0071 0.0085 0.0177 0.0081 0.0074 0.0043 0.0132 0.0297 0.0198 0.0223 0.0209 0.0275 0.7397 0.0096 0.0192 0.0087 0.0068 0.0130 0.0165 
   H171901.3  1 0.0103 0.0071 0.0063 0.0121 0.0601 0.0129 0.0239 0.0252 0.0133 0.0528 0.0327 0.1752 0.4610 0.0098 0.0470 0.0203 0.0092 0.0089 0.0119 
   H171901.4  1 0.0072 0.0100 0.0103 0.0070 0.0101 0.0112 0.0109 0.0244 0.0092 0.0233 0.1242 0.0375 0.5806 0.0202 0.0367 0.0127 0.0175 0.0326 0.0143 
   H171901.5  1 0.0103 0.0082 0.0092 0.0115 0.0226 0.0150 0.0123 0.0130 0.0138 0.0289 0.1458 0.0536 0.4109 0.0288 0.1713 0.0061 0.0157 0.0155 0.0076 
   H171901.6  1 0.0157 0.0067 0.0113 0.0095 0.0315 0.0162 0.0107 0.0321 0.0161 0.0491 0.0841 0.0686 0.3740 0.0319 0.1662 0.0047 0.0187 0.0443 0.0086 
   H171901.7  1 0.0128 0.0050 0.0075 0.0193 0.0144 0.0350 0.0110 0.0234 0.0146 0.0161 0.0248 0.1117 0.4779 0.0060 0.1799 0.0068 0.0069 0.0120 0.0150 
   H171902.1  1 0.0105 0.1564 0.0140 0.0037 0.0118 0.0367 0.0123 0.0325 0.0074 0.0546 0.0668 0.0606 0.0283 0.0257 0.3985 0.0259 0.0266 0.0073 0.0206 
  H171902.10  1 0.0066 0.0163 0.0231 0.0046 0.0058 0.0164 0.0078 0.0132 0.0160 0.0144 0.0187 0.0216 0.0282 0.0085 0.7542 0.0246 0.0085 0.0044 0.0069 
   H171902.2  1 0.0198 0.0789 0.0143 0.0097 0.0417 0.0647 0.0205 0.0326 0.0085 0.0223 0.0347 0.1948 0.0249 0.0369 0.1321 0.1451 0.0184 0.0283 0.0719 
   H171902.3  1 0.0126 0.0211 0.0163 0.0054 0.0177 0.0235 0.0509 0.0482 0.0149 0.0119 0.0239 0.0355 0.0315 0.0224 0.6061 0.0176 0.0163 0.0086 0.0155 
   H171902.4  1 0.0098 0.0676 0.0106 0.0047 0.0097 0.0160 0.0044 0.0172 0.0148 0.0504 0.0058 0.0324 0.4855 0.0066 0.2262 0.0121 0.0068 0.0108 0.0085 
   H171902.6  1 0.0109 0.0184 0.0210 0.0059 0.0084 0.0152 0.0134 0.0210 0.0235 0.0253 0.0069 0.0087 0.0227 0.0064 0.7556 0.0113 0.0133 0.0043 0.0078 
   H171902.7  1 0.0067 0.0893 0.0193 0.0070 0.0191 0.0058 0.0072 0.0136 0.0212 0.0129 0.0185 0.0123 0.0923 0.0200 0.6234 0.0042 0.0126 0.0056 0.0090 
   H171902.8  1 0.0098 0.0316 0.0206 0.0083 0.0089 0.0180 0.0187 0.0218 0.0224 0.0160 0.0125 0.0118 0.0152 0.0124 0.7281 0.0156 0.0137 0.0049 0.0097 
   H171902.9  1 0.0205 0.0958 0.0212 0.0055 0.0110 0.0147 0.0123 0.2827 0.0132 0.0983 0.0387 0.0316 0.0327 0.0237 0.2467 0.0136 0.0094 0.0120 0.0163 
   H171903.1  1 0.0071 0.0046 0.6598 0.0124 0.0115 0.0166 0.0085 0.0682 0.0078 0.0105 0.0507 0.0103 0.0135 0.0296 0.0289 0.0050 0.0192 0.0145 0.0213 
   H171903.2  1 0.0080 0.0125 0.5532 0.0291 0.0135 0.0203 0.0566 0.0414 0.0081 0.0101 0.0819 0.0100 0.0108 0.0379 0.0175 0.0067 0.0154 0.0235 0.0436 
   H171903.3  1 0.0219 0.0149 0.1996 0.0983 0.0289 0.0427 0.0308 0.0462 0.0222 0.0204 0.1725 0.0355 0.0178 0.0544 0.0746 0.0069 0.0689 0.0170 0.0263 
   H171903.4  1 0.0114 0.0076 0.0459 0.0141 0.6070 0.0089 0.0124 0.0281 0.0303 0.0280 0.0497 0.0229 0.0367 0.0222 0.0314 0.0172 0.0072 0.0127 0.0061 
   H171903.5  1 0.0193 0.0109 0.0610 0.2197 0.0315 0.0197 0.1582 0.0624 0.0138 0.0100 0.1028 0.0519 0.0603 0.0371 0.0330 0.0095 0.0551 0.0140 0.0298 
   H171903.6  1 0.0124 0.0044 0.1076 0.0622 0.0314 0.0184 0.0278 0.0545 0.0078 0.0166 0.2117 0.1500 0.1010 0.1022 0.0514 0.0065 0.0068 0.0078 0.0196 
      H177.1  1 0.0115 0.0097 0.0238 0.0113 0.2176 0.0558 0.0097 0.0184 0.0138 0.0182 0.0168 0.0313 0.0508 0.0120 0.4776 0.0045 0.0050 0.0050 0.0072 
      H177.2  1 0.0107 0.0137 0.0181 0.0381 0.0082 0.0562 0.1118 0.0143 0.0325 0.0368 0.0204 0.0265 0.2317 0.2466 0.0587 0.0194 0.0088 0.0079 0.0393 
      H177.3  1 0.0223 0.0226 0.0150 0.0159 0.0099 0.0670 0.0310 0.0158 0.0429 0.1209 0.0320 0.0316 0.2108 0.0468 0.2826 0.0045 0.0086 0.0055 0.0142 
      H177.4  1 0.0121 0.0110 0.0191 0.0134 0.1541 0.5006 0.0083 0.0057 0.0140 0.0158 0.0088 0.0228 0.0838 0.0237 0.0735 0.0047 0.0062 0.0159 0.0064 
      H177.5  1 0.0192 0.0090 0.0267 0.0567 0.4419 0.0176 0.0101 0.0172 0.0147 0.0247 0.0381 0.0971 0.0226 0.0536 0.0879 0.0121 0.0049 0.0250 0.0211 
      H177.6  1 0.0310 0.0191 0.0134 0.0173 0.0127 0.0301 0.0326 0.0157 0.0235 0.0861 0.0357 0.0271 0.2654 0.0291 0.3322 0.0045 0.0098 0.0048 0.0098 
      H179.1  1 0.0388 0.0048 0.0054 0.0239 0.0390 0.5648 0.0265 0.0150 0.0099 0.0173 0.0117 0.1030 0.0056 0.0291 0.0279 0.0102 0.0341 0.0186 0.0145 
      H179.2  1 0.0213 0.0036 0.0059 0.0126 0.0107 0.7784 0.0208 0.0182 0.0110 0.0074 0.0126 0.0148 0.0050 0.0148 0.0092 0.0050 0.0286 0.0114 0.0088 
      H179.3  1 0.0223 0.0056 0.0161 0.0371 0.0571 0.3754 0.0625 0.0322 0.0066 0.0202 0.0178 0.2370 0.0069 0.0118 0.0211 0.0131 0.0263 0.0138 0.0170 
      H179.4  1 0.0146 0.0039 0.0061 0.0083 0.0142 0.8205 0.0223 0.0057 0.0099 0.0064 0.0085 0.0126 0.0107 0.0133 0.0108 0.0076 0.0083 0.0069 0.0093 
      H180.1  1 0.0052 0.0116 0.0044 0.0080 0.0060 0.0137 0.0057 0.0109 0.0078 0.0044 0.8449 0.0101 0.0051 0.0043 0.0059 0.0248 0.0156 0.0076 0.0043 
      H180.2  1 0.0069 0.0144 0.0051 0.0051 0.0092 0.0145 0.0032 0.0255 0.0057 0.0131 0.7985 0.0218 0.0056 0.0074 0.0106 0.0245 0.0069 0.0167 0.0053 
      H180.3  1 0.0273 0.0227 0.0084 0.0248 0.0049 0.0083 0.0068 0.2208 0.0061 0.0052 0.5425 0.0054 0.0082 0.0097 0.0061 0.0076 0.0307 0.0085 0.0461 
      H180.4  1 0.0102 0.0273 0.0076 0.0134 0.0141 0.0218 0.0153 0.0221 0.0234 0.0069 0.6239 0.0450 0.0136 0.0097 0.0152 0.0325 0.0077 0.0712 0.0190 
      H180.5  1 0.0082 0.0302 0.0124 0.0085 0.0168 0.0239 0.0060 0.0314 0.0417 0.0062 0.6816 0.0244 0.0074 0.0126 0.0130 0.0271 0.0081 0.0151 0.0256 
      H180.6  1 0.0128 0.0606 0.0113 0.0080 0.0075 0.0106 0.0222 0.0483 0.0481 0.0072 0.2379 0.0089 0.0147 0.0112 0.0136 0.0258 0.0108 0.0188 0.4218 
      H181.1  1 0.0088 0.0180 0.0273 0.1641 0.0081 0.1436 0.0176 0.0115 0.0203 0.0087 0.0173 0.0742 0.1896 0.0175 0.0227 0.2263 0.0086 0.0083 0.0074 
      H181.2  1 0.0123 0.0191 0.0205 0.0249 0.0148 0.3814 0.0078 0.0139 0.0841 0.0118 0.0215 0.0475 0.0807 0.0168 0.0628 0.1461 0.0138 0.0139 0.0062 
      H181.3  1 0.0067 0.0141 0.0192 0.0085 0.0131 0.2243 0.0088 0.0051 0.0366 0.0212 0.0218 0.0633 0.0604 0.0310 0.0611 0.3817 0.0047 0.0068 0.0116 
      H181.4  1 0.0216 0.0037 0.0281 0.2747 0.0158 0.0454 0.0214 0.0731 0.0387 0.0127 0.0349 0.0183 0.1380 0.0939 0.0636 0.0833 0.0081 0.0126 0.0122 
      H181.5  1 0.0480 0.0137 0.0090 0.0135 0.0196 0.5394 0.0263 0.0082 0.0469 0.0095 0.0080 0.0222 0.0118 0.0172 0.0057 0.1645 0.0165 0.0102 0.0095 
      H181.6  1 0.0136 0.0051 0.0111 0.0202 0.0159 0.6441 0.0174 0.0295 0.0447 0.0131 0.0289 0.0205 0.0097 0.0169 0.0125 0.0099 0.0323 0.0472 0.0072 
      H181.7  1 0.0053 0.0063 0.0098 0.0348 0.0065 0.6601 0.0662 0.0199 0.0060 0.0093 0.0234 0.0256 0.0284 0.0047 0.0104 0.0544 0.0052 0.0104 0.0131 
 H194.1_2004  1 0.0825 0.0073 0.3147 0.0083 0.0203 0.0083 0.0076 0.0410 0.0427 0.0299 0.0589 0.0118 0.1852 0.0101 0.1196 0.0065 0.0136 0.0120 0.0197 
 H194.2_2004  1 0.0108 0.0544 0.1170 0.0218 0.4123 0.0062 0.0082 0.0123 0.0535 0.0339 0.0292 0.0108 0.0994 0.0086 0.0912 0.0066 0.0100 0.0057 0.0080 
 H194.3_2004  1 0.3307 0.0113 0.0471 0.0069 0.0192 0.0168 0.0071 0.0073 0.0083 0.0154 0.0044 0.0132 0.4187 0.0063 0.0590 0.0038 0.0079 0.0082 0.0084 
 H194.4_2004  1 0.0227 0.0285 0.0816 0.0062 0.2582 0.0119 0.0057 0.0111 0.0164 0.0156 0.0078 0.0073 0.4719 0.0069 0.0217 0.0066 0.0064 0.0051 0.0084 
 H194.5_2004  1 0.2740 0.0071 0.0812 0.0108 0.0361 0.0273 0.0153 0.0130 0.0160 0.0282 0.0114 0.0126 0.3263 0.0172 0.0739 0.0059 0.0106 0.0196 0.0134 
 H194.6_2004  1 0.3121 0.0062 0.0170 0.0147 0.2304 0.0416 0.0117 0.0182 0.0167 0.0090 0.0075 0.0121 0.1653 0.0197 0.0804 0.0063 0.0107 0.0075 0.0129 
 H194.7_2004  1 0.0866 0.0069 0.4806 0.0151 0.0273 0.0064 0.0126 0.0097 0.0179 0.0060 0.0090 0.0112 0.1781 0.0111 0.0098 0.0099 0.0063 0.0096 0.0861 
 H194.8_2004  1 0.0778 0.0132 0.0205 0.0130 0.3946 0.0336 0.0156 0.0166 0.0280 0.0149 0.0082 0.0079 0.2536 0.0201 0.0367 0.0097 0.0092 0.0067 0.0202 
      H194.9  1 0.1291 0.0111 0.2496 0.0141 0.0442 0.0078 0.0131 0.0566 0.0337 0.0207 0.0138 0.0087 0.2465 0.0143 0.0146 0.0094 0.0083 0.0146 0.0898 
 H195.1_2003  1 0.0154 0.0040 0.0202 0.0067 0.0803 0.0109 0.0611 0.0093 0.0335 0.0125 0.0363 0.0105 0.2023 0.0118 0.0262 0.0137 0.0104 0.4285 0.0063 
 H195.1_2004  1 0.0065 0.0098 0.0072 0.0077 0.0053 0.0066 0.0106 0.0057 0.0321 0.0095 0.0068 0.0163 0.8220 0.0056 0.0081 0.0222 0.0039 0.0086 0.0054 
 H195.2_2003  1 0.0143 0.0113 0.0837 0.0054 0.0685 0.0142 0.0247 0.0334 0.0171 0.0237 0.0704 0.1705 0.2050 0.0577 0.0180 0.0107 0.0119 0.1369 0.0226 
 H195.2_2004  1 0.0066 0.0336 0.0193 0.0043 0.0079 0.0085 0.0100 0.0081 0.0078 0.0052 0.0125 0.0115 0.7938 0.0124 0.0057 0.0175 0.0040 0.0183 0.0131 
 H195.3_2003  1 0.0245 0.0071 0.0604 0.0073 0.0529 0.0072 0.0138 0.0676 0.0117 0.0151 0.0518 0.0418 0.0390 0.0758 0.0225 0.0112 0.0072 0.4733 0.0099 
 H195.3_2004  1 0.0050 0.0059 0.0313 0.0066 0.0072 0.0081 0.0062 0.0045 0.0144 0.0070 0.0046 0.0091 0.8395 0.0058 0.0079 0.0115 0.0038 0.0181 0.0037 
 H195.4_2003  1 0.0194 0.0035 0.0305 0.0075 0.0175 0.0106 0.0233 0.0064 0.1083 0.0117 0.0162 0.0097 0.5340 0.0111 0.0104 0.0053 0.0130 0.1558 0.0057 
 H195.4_2004  1 0.0090 0.0055 0.0309 0.0059 0.0154 0.0075 0.0092 0.0050 0.0073 0.0104 0.0058 0.0177 0.7408 0.0057 0.0053 0.0911 0.0037 0.0064 0.0174 
 H195.5_2003  1 0.0139 0.0041 0.0143 0.0074 0.0568 0.0114 0.0300 0.0095 0.0414 0.0140 0.0287 0.0147 0.1245 0.0119 0.0248 0.0181 0.0067 0.5619 0.0060 
 H195.5_2004  1 0.0048 0.0087 0.0237 0.0051 0.0055 0.0081 0.0044 0.0052 0.0122 0.0066 0.0043 0.0102 0.8321 0.0051 0.0049 0.0342 0.0033 0.0153 0.0063 
 H195.6_2003  1 0.0078 0.0089 0.0968 0.0057 0.0114 0.0076 0.0083 0.0223 0.0196 0.0118 0.0329 0.0511 0.2571 0.0344 0.0086 0.0194 0.0047 0.3838 0.0076 
 H195.6_2004  1 0.0158 0.0106 0.0514 0.0041 0.0071 0.0132 0.0136 0.0040 0.0119 0.0056 0.0061 0.0067 0.7885 0.0068 0.0074 0.0091 0.0045 0.0261 0.0073 
 H195.7_2003  1 0.0162 0.0031 0.0162 0.0078 0.1722 0.0172 0.0792 0.0061 0.0188 0.0122 0.0137 0.1065 0.4159 0.0151 0.0138 0.0177 0.0087 0.0489 0.0105 
 H195.7_2004  1 0.0053 0.0994 0.0097 0.0119 0.0071 0.0078 0.0108 0.0178 0.0259 0.0094 0.0138 0.0201 0.6733 0.0110 0.0076 0.0396 0.0044 0.0192 0.0061 
      H195.8  1 0.0050 0.0076 0.0216 0.0070 0.0108 0.0069 0.0090 0.0085 0.0163 0.0130 0.0071 0.0168 0.7147 0.0059 0.0049 0.1223 0.0032 0.0084 0.0111 
      H195.9  1 0.0071 0.0056 0.0551 0.0063 0.0097 0.0070 0.0051 0.0042 0.0116 0.0069 0.0069 0.0093 0.8125 0.0067 0.0075 0.0141 0.0037 0.0108 0.0098 
      H415.1  1 0.0137 0.0684 0.0096 0.0096 0.0224 0.0065 0.0089 0.1239 0.0138 0.0114 0.0142 0.0105 0.0552 0.0063 0.0264 0.0068 0.5569 0.0096 0.0259 
      H415.2  1 0.0818 0.0235 0.0110 0.0135 0.0117 0.0113 0.0107 0.0423 0.0087 0.1551 0.0296 0.0682 0.0592 0.0199 0.2299 0.0044 0.2018 0.0104 0.0070 
      H415.3  1 0.0070 0.0084 0.0034 0.0119 0.0107 0.0208 0.0160 0.0075 0.0156 0.0081 0.0249 0.0098 0.0265 0.0154 0.0439 0.0034 0.7540 0.0069 0.0058 
      H415.4  1 0.0121 0.0149 0.0046 0.0076 0.0086 0.0043 0.0061 0.0587 0.0311 0.0072 0.0124 0.0045 0.0204 0.0081 0.0079 0.0088 0.7551 0.0082 0.0193 
      H415.5  1 0.0166 0.0100 0.0037 0.0147 0.0131 0.0118 0.0101 0.0084 0.0250 0.0066 0.0267 0.0068 0.0362 0.0120 0.0412 0.0046 0.7414 0.0061 0.0050 
      H415.6  1 0.0181 0.0210 0.0052 0.0093 0.0106 0.0042 0.0079 0.0509 0.0235 0.0093 0.0151 0.0043 0.0215 0.0078 0.0091 0.0067 0.7465 0.0080 0.0211 
      H415.7  1 0.0133 0.0171 0.0052 0.0104 0.0117 0.0289 0.0127 0.0146 0.0125 0.0341 0.0284 0.0721 0.0702 0.0979 0.0609 0.0057 0.4897 0.0091 0.0056 
      H506.1  1 0.0093 0.0047 0.0025 0.0057 0.0051 0.9058 0.0046 0.0033 0.0037 0.0034 0.0033 0.0044 0.0058 0.0069 0.0046 0.0066 0.0084 0.0065 0.0055 
      H506.2  1 0.0117 0.0069 0.0045 0.0056 0.0038 0.8843 0.0089 0.0031 0.0053 0.0067 0.0035 0.0046 0.0135 0.0091 0.0058 0.0040 0.0079 0.0061 0.0049 
      H506.3  1 0.0150 0.0441 0.0048 0.0126 0.0088 0.7188 0.0098 0.0043 0.0046 0.0052 0.0084 0.0582 0.0094 0.0142 0.0190 0.0219 0.0139 0.0178 0.0089 
      H506.4  1 0.0085 0.0071 0.0045 0.0075 0.0067 0.8835 0.0049 0.0046 0.0033 0.0047 0.0051 0.0080 0.0057 0.0096 0.0066 0.0053 0.0100 0.0074 0.0068 
      H506.5  1 0.0054 0.0063 0.0041 0.0036 0.0052 0.8935 0.0063 0.0034 0.0027 0.0063 0.0043 0.0111 0.0076 0.0099 0.0055 0.0043 0.0093 0.0066 0.0044 
      H506.6  1 0.0090 0.0424 0.0102 0.0358 0.0089 0.5298 0.0244 0.0050 0.0051 0.0390 0.0127 0.1753 0.0131 0.0298 0.0124 0.0130 0.0142 0.0123 0.0077 
      H506.7  1 0.0066 0.0074 0.0040 0.0040 0.0057 0.8944 0.0057 0.0027 0.0047 0.0043 0.0048 0.0068 0.0087 0.0082 0.0053 0.0056 0.0076 0.0077 0.0058 
      H533.1  1 0.0051 0.0088 0.0033 0.0074 0.0033 0.8766 0.0283 0.0035 0.0054 0.0041 0.0059 0.0045 0.0081 0.0046 0.0065 0.0073 0.0081 0.0053 0.0039 
      H533.2  1 0.0062 0.0158 0.0033 0.0062 0.0038 0.8773 0.0161 0.0033 0.0043 0.0060 0.0054 0.0063 0.0095 0.0044 0.0052 0.0062 0.0098 0.0052 0.0057 
      H533.3  1 0.0044 0.0054 0.0069 0.0260 0.0044 0.8540 0.0149 0.0050 0.0039 0.0119 0.0069 0.0093 0.0068 0.0067 0.0114 0.0047 0.0055 0.0042 0.0077 
      H533.4  1 0.0061 0.0120 0.0071 0.0140 0.0059 0.8010 0.0229 0.0059 0.0059 0.0205 0.0108 0.0095 0.0208 0.0065 0.0233 0.0065 0.0101 0.0048 0.0063 
      H535.1  1 0.0106 0.0052 0.0087 0.0054 0.0063 0.8757 0.0063 0.0084 0.0081 0.0097 0.0067 0.0053 0.0054 0.0111 0.0075 0.0034 0.0066 0.0052 0.0043 
      H535.2  1 0.0040 0.0029 0.0048 0.0069 0.0058 0.9097 0.0039 0.0034 0.0061 0.0033 0.0038 0.0041 0.0075 0.0048 0.0038 0.0078 0.0033 0.0082 0.0060 
      H535.3  1 0.0046 0.0036 0.0075 0.0050 0.0050 0.9073 0.0043 0.0044 0.0055 0.0053 0.0038 0.0036 0.0061 0.0053 0.0036 0.0098 0.0032 0.0070 0.0054 
      H535.4  1 0.0040 0.0031 0.0039 0.0054 0.0034 0.9120 0.0029 0.0044 0.0077 0.0031 0.0049 0.0039 0.0099 0.0039 0.0044 0.0051 0.0074 0.0071 0.0036 
      H535.5  1 0.0066 0.0033 0.0054 0.0046 0.0044 0.9141 0.0040 0.0041 0.0035 0.0036 0.0048 0.0041 0.0071 0.0049 0.0079 0.0034 0.0061 0.0046 0.0034 
      H535.6  1 0.0223 0.0041 0.0205 0.0075 0.0215 0.8073 0.0085 0.0168 0.0198 0.0110 0.0050 0.0057 0.0049 0.0129 0.0098 0.0070 0.0061 0.0040 0.0053 
      H535.7  1 0.0056 0.0039 0.0048 0.0036 0.0031 0.9292 0.0043 0.0039 0.0028 0.0036 0.0035 0.0036 0.0040 0.0045 0.0039 0.0028 0.0034 0.0060 0.0038 
      H535.8  1 0.0080 0.0033 0.0046 0.0043 0.0099 0.9057 0.0047 0.0045 0.0044 0.0055 0.0038 0.0036 0.0052 0.0052 0.0050 0.0049 0.0062 0.0073 0.0038 
      H535.9  1 0.0051 0.0055 0.0086 0.0038 0.0040 0.8974 0.0038 0.0108 0.0063 0.0087 0.0044 0.0042 0.0052 0.0069 0.0051 0.0045 0.0041 0.0078 0.0038 
      H539.1  1 0.0036 0.0054 0.0075 0.0032 0.0036 0.0026 0.0040 0.9252 0.0039 0.0076 0.0040 0.0032 0.0032 0.0044 0.0041 0.0029 0.0040 0.0035 0.0043 
      H539.2  1 0.0051 0.0090 0.0150 0.0192 0.0116 0.0163 0.0177 0.7196 0.0070 0.0078 0.0301 0.0316 0.0069 0.0077 0.0479 0.0203 0.0070 0.0089 0.0112 
      H539.3  1 0.0096 0.0092 0.0292 0.0048 0.0157 0.0085 0.0055 0.8420 0.0050 0.0075 0.0061 0.0086 0.0058 0.0067 0.0080 0.0076 0.0035 0.0070 0.0095 
      H539.4  1 0.0045 0.0151 0.0050 0.0102 0.0047 0.0042 0.0085 0.8660 0.0039 0.0071 0.0121 0.0180 0.0042 0.0065 0.0051 0.0056 0.0058 0.0071 0.0064 
      H539.5  1 0.0042 0.0048 0.0088 0.0033 0.0042 0.0035 0.0037 0.9234 0.0040 0.0054 0.0040 0.0028 0.0032 0.0049 0.0041 0.0036 0.0036 0.0023 0.0062 
      H539.6  1 0.0042 0.0046 0.0067 0.0040 0.0043 0.0043 0.0050 0.9103 0.0051 0.0074 0.0073 0.0035 0.0032 0.0052 0.0054 0.0048 0.0044 0.0034 0.0069 
      H539.7  1 0.0040 0.0040 0.0044 0.0038 0.0051 0.0036 0.0038 0.9240 0.0039 0.0054 0.0059 0.0059 0.0039 0.0038 0.0047 0.0033 0.0033 0.0031 0.0041 
      H539.8  1 0.0169 0.0166 0.0075 0.0077 0.0199 0.0106 0.0065 0.8269 0.0060 0.0071 0.0073 0.0105 0.0060 0.0072 0.0071 0.0110 0.0048 0.0147 0.0059 
      H539.9  1 0.0035 0.0098 0.0080 0.0062 0.0042 0.0031 0.0063 0.9012 0.0028 0.0062 0.0059 0.0091 0.0029 0.0045 0.0049 0.0043 0.0044 0.0039 0.0087 
      H540.1  1 0.0045 0.0096 0.0099 0.0138 0.0056 0.0080 0.0101 0.8256 0.0058 0.0127 0.0065 0.0089 0.0084 0.0297 0.0187 0.0068 0.0048 0.0042 0.0064 
      H540.2  1 0.0064 0.0040 0.0066 0.0063 0.0049 0.0051 0.0050 0.9010 0.0047 0.0107 0.0056 0.0037 0.0044 0.0080 0.0087 0.0027 0.0042 0.0038 0.0043 
      H540.3  1 0.0675 0.2470 0.0052 0.0241 0.0318 0.0052 0.0102 0.3658 0.0284 0.0610 0.0108 0.0569 0.0088 0.0216 0.0208 0.0096 0.0133 0.0075 0.0044 
      H540.4  1 0.0068 0.0039 0.0052 0.0093 0.0061 0.0089 0.0083 0.8822 0.0072 0.0071 0.0056 0.0072 0.0051 0.0123 0.0068 0.0043 0.0054 0.0042 0.0042 
      H540.5  1 0.0117 0.0161 0.0072 0.0125 0.0069 0.0046 0.0118 0.8417 0.0072 0.0116 0.0058 0.0101 0.0059 0.0102 0.0111 0.0086 0.0061 0.0049 0.0060 
      H540.6  1 0.0108 0.0100 0.0208 0.0189 0.0089 0.0099 0.0179 0.7673 0.0117 0.0144 0.0058 0.0107 0.0094 0.0237 0.0158 0.0219 0.0067 0.0042 0.0110 
      H540.7  1 0.0057 0.0032 0.0052 0.0099 0.0045 0.0077 0.0068 0.8736 0.0071 0.0128 0.0063 0.0059 0.0064 0.0084 0.0107 0.0042 0.0083 0.0044 0.0090 
      H540.8  1 0.0094 0.0055 0.0072 0.0200 0.0061 0.0065 0.0067 0.8490 0.0051 0.0149 0.0085 0.0077 0.0081 0.0091 0.0194 0.0030 0.0052 0.0041 0.0042 
     H9558.1  1 0.0072 0.0069 0.0085 0.0033 0.0054 0.0077 0.0110 0.8744 0.0041 0.0162 0.0085 0.0081 0.0033 0.0042 0.0092 0.0048 0.0059 0.0068 0.0044 
     H9558.2  1 0.0081 0.0119 0.0128 0.0059 0.0114 0.0156 0.0168 0.7936 0.0045 0.0325 0.0062 0.0110 0.0033 0.0115 0.0082 0.0077 0.0090 0.0162 0.0138 
     H9558.3  1 0.0102 0.0110 0.0116 0.0060 0.0064 0.0073 0.0072 0.8521 0.0045 0.0088 0.0060 0.0053 0.0044 0.0103 0.0052 0.0060 0.0099 0.0161 0.0117 
     H9558.4  1 0.0050 0.0099 0.0066 0.0050 0.0053 0.0105 0.0101 0.8743 0.0036 0.0122 0.0093 0.0073 0.0027 0.0063 0.0121 0.0040 0.0055 0.0052 0.0053 
     H9558.5  1 0.0056 0.0209 0.0026 0.0101 0.0054 0.0045 0.0054 0.8737 0.0034 0.0052 0.0065 0.0131 0.0036 0.0052 0.0079 0.0055 0.0065 0.0108 0.0042 
     H9558.6  1 0.0153 0.0083 0.0064 0.0406 0.0105 0.0053 0.0060 0.7698 0.0049 0.0158 0.0071 0.0066 0.0053 0.0104 0.0075 0.0040 0.0075 0.0097 0.0589 
    kos339.1  1 0.0073 0.0089 0.0071 0.0232 0.0112 0.0947 0.0316 0.0064 0.0066 0.0487 0.0099 0.0193 0.4353 0.0602 0.1110 0.0090 0.0509 0.0055 0.0534 
    kos339.2  1 0.0068 0.0054 0.0042 0.0108 0.0055 0.0220 0.0320 0.0043 0.0062 0.0050 0.0034 0.0063 0.8005 0.0093 0.0041 0.0099 0.0192 0.0084 0.0367 
    kos339.3  1 0.0072 0.0043 0.0047 0.0120 0.0051 0.0225 0.0042 0.0080 0.0041 0.0054 0.0105 0.0071 0.8531 0.0072 0.0080 0.0053 0.0179 0.0057 0.0075 
    kos339.4  1 0.0065 0.0068 0.0038 0.0087 0.0080 0.0125 0.0061 0.0073 0.0060 0.0037 0.0081 0.0059 0.8669 0.0069 0.0072 0.0067 0.0157 0.0054 0.0080 
    kos339.5  1 0.0093 0.0032 0.0046 0.0122 0.0115 0.0296 0.0074 0.0103 0.0066 0.0131 0.0112 0.0125 0.6970 0.0743 0.0459 0.0089 0.0161 0.0100 0.0165 
    kos339.6  1 0.0057 0.0061 0.0041 0.0151 0.0039 0.0107 0.0055 0.0047 0.0061 0.0069 0.0051 0.0084 0.8626 0.0113 0.0074 0.0069 0.0137 0.0085 0.0073 
    kos339.7  1 0.0062 0.0053 0.0034 0.0090 0.0047 0.0853 0.0119 0.0047 0.0040 0.0053 0.0059 0.0058 0.7921 0.0071 0.0080 0.0047 0.0165 0.0034 0.0167 
    kos339.8  1 0.0061 0.0054 0.0033 0.0144 0.0067 0.0364 0.0056 0.0041 0.0045 0.0056 0.0051 0.0105 0.7726 0.0183 0.0110 0.0071 0.0660 0.0087 0.0086 
    kos339.9  1 0.0087 0.0050 0.0085 0.0075 0.0065 0.0129 0.0149 0.0292 0.0088 0.0079 0.0145 0.0050 0.7921 0.0189 0.0292 0.0061 0.0066 0.0061 0.0115 
      H008.1  2 0.0123 0.0085 0.0057 0.0109 0.0067 0.0085 0.0104 0.1023 0.0079 0.0124 0.0120 0.0129 0.0086 0.0070 0.0100 0.0118 0.0097 0.0203 0.7221 
      H008.2  2 0.0090 0.0549 0.0240 0.0339 0.0215 0.0341 0.0707 0.2003 0.0066 0.0374 0.0106 0.0190 0.0170 0.0141 0.0796 0.0442 0.0087 0.2523 0.0619 
      H008.3  2 0.0543 0.0334 0.0710 0.0232 0.0364 0.2835 0.0363 0.0861 0.0187 0.0242 0.0343 0.0110 0.0162 0.0169 0.0453 0.0740 0.0107 0.0748 0.0497 
      H008.4  2 0.0327 0.0375 0.0161 0.0098 0.0397 0.0130 0.0299 0.1020 0.0128 0.0278 0.0092 0.0098 0.0097 0.0123 0.0171 0.0175 0.0298 0.0227 0.5506 
      H008.5  2 0.0283 0.0157 0.0193 0.0137 0.0472 0.0304 0.0103 0.0252 0.0079 0.0085 0.0162 0.0094 0.0091 0.0094 0.0204 0.0151 0.0073 0.0237 0.6830 
      H008.6  2 0.0211 0.0907 0.0315 0.0170 0.0259 0.0352 0.0513 0.1336 0.0076 0.0566 0.0086 0.0090 0.0098 0.0114 0.0710 0.0082 0.0209 0.2259 0.1647 
      H008.7  2 0.0238 0.0689 0.0171 0.0105 0.0523 0.0352 0.0417 0.0699 0.0223 0.0457 0.0157 0.0224 0.0117 0.0142 0.0383 0.0536 0.0217 0.1325 0.3027 
      H008.8  2 0.0102 0.0102 0.0183 0.0068 0.0088 0.0125 0.3480 0.3419 0.0070 0.0374 0.0161 0.0096 0.0112 0.0131 0.0134 0.0230 0.0078 0.0189 0.0860 
      H008.9  2 0.0429 0.1927 0.0333 0.0137 0.0221 0.0298 0.1138 0.0819 0.0130 0.1425 0.0168 0.0117 0.0120 0.0111 0.0333 0.0131 0.0107 0.1842 0.0214 
 H029.1_2002  2 0.0104 0.0239 0.0060 0.0091 0.0746 0.0038 0.0197 0.0311 0.0103 0.0319 0.0110 0.0132 0.0042 0.0302 0.0097 0.0117 0.0459 0.0059 0.6473 
 H029.1_2003  2 0.0946 0.0097 0.0093 0.0115 0.6304 0.0257 0.0295 0.0115 0.0045 0.0161 0.0085 0.0244 0.0066 0.0098 0.0133 0.0061 0.0079 0.0079 0.0727 
 H029.2_2002  2 0.0805 0.0377 0.0117 0.0062 0.0479 0.0530 0.0086 0.0076 0.0048 0.0068 0.0085 0.0192 0.0502 0.0184 0.0283 0.0189 0.0075 0.0131 0.5710 
 H029.2_2003  2 0.0353 0.0327 0.0109 0.0180 0.3801 0.1209 0.0104 0.0087 0.0048 0.0093 0.0161 0.0706 0.0248 0.0201 0.0940 0.0081 0.0052 0.0184 0.1117 
 H029.3_2002  2 0.0450 0.1801 0.0142 0.0154 0.0397 0.3038 0.0283 0.0066 0.0039 0.0077 0.0230 0.0594 0.0252 0.0168 0.0100 0.0143 0.0082 0.0063 0.1920 
 H029.3_2003  2 0.0262 0.0081 0.0055 0.0164 0.2435 0.0310 0.0098 0.0073 0.0053 0.0042 0.0060 0.0363 0.0111 0.0123 0.0141 0.0071 0.0059 0.0311 0.5188 
 H029.4_2002  2 0.0099 0.0176 0.0044 0.0053 0.0528 0.0070 0.0113 0.0050 0.0053 0.0048 0.0069 0.0303 0.0093 0.0048 0.0055 0.0160 0.0089 0.0084 0.7864 
 H029.4_2003  2 0.0163 0.0143 0.0092 0.0128 0.5556 0.0101 0.0297 0.0260 0.0039 0.0103 0.0349 0.1177 0.0069 0.0088 0.0079 0.0063 0.0113 0.0153 0.1026 
 H029.5_2002  2 0.0189 0.0068 0.0045 0.0064 0.0748 0.0048 0.0070 0.0079 0.0090 0.0072 0.0063 0.0083 0.0050 0.0116 0.0066 0.0114 0.0151 0.0122 0.7763 
 H029.5_2003  2 0.0182 0.0076 0.0046 0.0087 0.4872 0.0092 0.0202 0.0074 0.0044 0.0107 0.0117 0.0243 0.0060 0.0054 0.0232 0.0041 0.0072 0.0160 0.3241 
 H029.6_2002  2 0.0194 0.0338 0.0069 0.0067 0.2829 0.0144 0.0250 0.0035 0.0055 0.0047 0.0086 0.0331 0.0121 0.0052 0.0062 0.0213 0.0087 0.0051 0.4969 
 H029.6_2003  2 0.0877 0.0087 0.0076 0.0235 0.0687 0.0488 0.0157 0.0184 0.0083 0.0127 0.0145 0.0554 0.0405 0.0404 0.0577 0.0113 0.0056 0.0302 0.4446 
      H029.7  2 0.0182 0.0347 0.0135 0.0050 0.0338 0.0129 0.0054 0.0080 0.0043 0.0072 0.0086 0.0247 0.0517 0.0114 0.0128 0.0153 0.0057 0.0068 0.7200 
      H030.1  2 0.0075 0.0044 0.0085 0.5245 0.0808 0.0118 0.0149 0.0046 0.0324 0.0151 0.0241 0.0165 0.0102 0.0945 0.0224 0.0213 0.0078 0.0731 0.0257 
      H030.2  2 0.0039 0.0447 0.0046 0.2641 0.0245 0.0152 0.0094 0.0167 0.0302 0.0087 0.0262 0.0120 0.0094 0.0164 0.0068 0.1613 0.2314 0.0277 0.0869 
      H038.1  2 0.0063 0.0204 0.0105 0.0057 0.0052 0.0057 0.0085 0.0075 0.0037 0.0088 0.0059 0.0079 0.0062 0.0061 0.0051 0.0041 0.0057 0.0036 0.8732 
      H038.2  2 0.0069 0.0049 0.0034 0.0080 0.0055 0.0083 0.0043 0.0042 0.0150 0.0041 0.0120 0.0050 0.0066 0.0085 0.0054 0.0054 0.0125 0.0069 0.8731 
      H038.3  2 0.0052 0.0341 0.0049 0.0128 0.0052 0.0103 0.0089 0.0100 0.0144 0.0092 0.0109 0.0075 0.0072 0.0473 0.0071 0.0068 0.0277 0.0160 0.7545 
      H038.4  2 0.0094 0.0229 0.0042 0.0069 0.0042 0.0071 0.0053 0.0063 0.0236 0.0061 0.0078 0.0067 0.0088 0.0245 0.0043 0.0072 0.0132 0.0107 0.8209 
      H038.5  2 0.0094 0.0232 0.0038 0.0143 0.0100 0.0077 0.0104 0.0097 0.0087 0.0057 0.0111 0.0210 0.0121 0.0067 0.0081 0.0101 0.0065 0.0061 0.8154 
      H038.6  2 0.0064 0.0079 0.0047 0.0137 0.0100 0.0080 0.0066 0.0127 0.0031 0.0055 0.0121 0.0087 0.0052 0.0072 0.0076 0.0043 0.0065 0.0052 0.8646 
      H038.7  2 0.0054 0.0102 0.0034 0.0087 0.0046 0.0140 0.0056 0.0107 0.0048 0.0050 0.0130 0.0111 0.0034 0.0428 0.0051 0.0031 0.0189 0.0087 0.8217 
      H038.8  2 0.0067 0.0689 0.0041 0.0076 0.0042 0.0076 0.0072 0.0081 0.0191 0.0048 0.0119 0.0055 0.0103 0.0173 0.0044 0.0093 0.0192 0.0062 0.7775 
      H041.1  2 0.0078 0.0407 0.0248 0.0074 0.3192 0.0081 0.0050 0.0125 0.0239 0.0135 0.0104 0.0729 0.0328 0.0410 0.0120 0.0944 0.0152 0.1064 0.1519 
      H041.2  2 0.0237 0.0157 0.0069 0.0074 0.7246 0.0073 0.0069 0.0075 0.0089 0.0115 0.0046 0.0057 0.0134 0.0164 0.0098 0.0055 0.0435 0.0398 0.0407 
      H041.4  2 0.0213 0.0304 0.0242 0.0100 0.5256 0.0072 0.0093 0.0283 0.0142 0.0311 0.0072 0.0125 0.0184 0.0153 0.0091 0.0138 0.0096 0.0309 0.1814 
      H041.6  2 0.0187 0.0123 0.0302 0.0139 0.4357 0.0089 0.0194 0.0502 0.0174 0.0281 0.0112 0.0087 0.0257 0.0189 0.0090 0.0160 0.0201 0.0230 0.2326 
 H042.1_2002  2 0.0074 0.0107 0.0114 0.0081 0.7053 0.0051 0.0116 0.0762 0.0438 0.0174 0.0140 0.0061 0.0164 0.0085 0.0147 0.0093 0.0187 0.0061 0.0092 
 H042.1_2003  2 0.0225 0.0910 0.0145 0.0283 0.0443 0.0140 0.0277 0.1433 0.0197 0.0485 0.0223 0.0098 0.0116 0.0398 0.0682 0.0108 0.0337 0.3067 0.0433 
 H042.2_2002  2 0.0514 0.0343 0.0074 0.0066 0.4293 0.0074 0.0160 0.0114 0.0079 0.0057 0.0106 0.0711 0.0176 0.0064 0.0169 0.0112 0.1449 0.0076 0.1365 
 H042.2_2003  2 0.0385 0.0052 0.0115 0.0089 0.5335 0.0047 0.0083 0.1326 0.0163 0.0230 0.0128 0.0057 0.0170 0.0178 0.0165 0.0040 0.0221 0.0199 0.1018 
 H042.3_2002  2 0.0225 0.0215 0.0121 0.0114 0.5196 0.0066 0.0165 0.0196 0.0242 0.0299 0.0262 0.0173 0.0383 0.0088 0.0175 0.0057 0.1774 0.0153 0.0096 
 H042.3_2003  2 0.0128 0.0299 0.0126 0.0147 0.3091 0.0115 0.0150 0.0570 0.0223 0.0355 0.0610 0.0980 0.0544 0.0099 0.0231 0.0277 0.1394 0.0304 0.0358 
 H042.4_2002  2 0.0204 0.0138 0.0054 0.0081 0.7936 0.0039 0.0067 0.0144 0.0234 0.0103 0.0063 0.0153 0.0203 0.0094 0.0105 0.0065 0.0080 0.0063 0.0177 
 H042.4_2003  2 0.0099 0.0083 0.0168 0.0091 0.6168 0.0041 0.0052 0.0184 0.0203 0.0236 0.0256 0.0294 0.0146 0.0602 0.0149 0.0232 0.0090 0.0148 0.0758 
      H042.5  2 0.0056 0.0027 0.0112 0.0045 0.8849 0.0051 0.0042 0.0068 0.0056 0.0062 0.0110 0.0072 0.0079 0.0059 0.0073 0.0050 0.0060 0.0061 0.0068 
      H042.6  2 0.0055 0.0113 0.0412 0.0074 0.7012 0.0042 0.0093 0.0249 0.0110 0.0101 0.0490 0.0436 0.0072 0.0167 0.0091 0.0081 0.0145 0.0055 0.0201 
      H042.7  2 0.0275 0.0065 0.0086 0.0060 0.5260 0.0052 0.0142 0.0080 0.0525 0.0188 0.0206 0.0124 0.0360 0.0433 0.0108 0.0075 0.1471 0.0173 0.0320 
      H042.8  2 0.0193 0.0178 0.0122 0.0038 0.7553 0.0040 0.0111 0.0167 0.0102 0.0156 0.0100 0.0096 0.0073 0.0064 0.0152 0.0036 0.0470 0.0224 0.0123 
   H042_2002  2 0.0311 0.0302 0.0816 0.0107 0.0527 0.0069 0.0164 0.1382 0.0115 0.0509 0.1530 0.0330 0.0076 0.0438 0.0177 0.0052 0.1984 0.0283 0.0828 
   H042_2003  2 0.0390 0.0335 0.0856 0.0078 0.0583 0.0076 0.0212 0.1553 0.0128 0.0423 0.1223 0.0394 0.0072 0.0372 0.0202 0.0052 0.1645 0.0330 0.1076 
      H043.1  2 0.0038 0.0852 0.0135 0.0123 0.0075 0.0053 0.0167 0.2773 0.0058 0.0061 0.0548 0.3795 0.0269 0.0192 0.0088 0.0106 0.0097 0.0310 0.0261 
      H043.2  2 0.0095 0.1390 0.0723 0.0075 0.0053 0.0095 0.0841 0.4181 0.0045 0.0201 0.0250 0.0366 0.0295 0.0137 0.0077 0.0052 0.0057 0.0197 0.0873 
      H043.3  2 0.0059 0.0365 0.0145 0.0099 0.0110 0.0100 0.0594 0.0911 0.0066 0.0321 0.0269 0.0423 0.0094 0.2320 0.0145 0.0039 0.0300 0.0239 0.3401 
      H043.4  2 0.0046 0.0988 0.0656 0.0085 0.0086 0.0045 0.0118 0.2926 0.0074 0.0234 0.0526 0.1535 0.0503 0.0843 0.0119 0.0053 0.0122 0.0218 0.0822 
      H043.5  2 0.0103 0.2278 0.0073 0.0109 0.0087 0.0102 0.1233 0.2383 0.0044 0.0313 0.0166 0.0491 0.0093 0.0166 0.0112 0.0061 0.0188 0.0299 0.1698 
      H043.6  2 0.0075 0.1727 0.0099 0.0142 0.0110 0.0059 0.0414 0.1954 0.0053 0.0667 0.0141 0.0360 0.0177 0.0214 0.0127 0.0043 0.0165 0.0062 0.3409 
      H043.7  2 0.0036 0.0770 0.0914 0.0135 0.0063 0.0050 0.0102 0.1526 0.0053 0.0900 0.0219 0.0470 0.0148 0.3474 0.0065 0.0037 0.0183 0.0478 0.0376 
      H043.8  2 0.0045 0.0266 0.0180 0.0465 0.0046 0.0114 0.1885 0.0744 0.0091 0.0320 0.0183 0.3204 0.0729 0.0409 0.0090 0.0131 0.0233 0.0374 0.0491 
      H043.9  2 0.0036 0.0428 0.0158 0.0119 0.0078 0.0059 0.0195 0.1469 0.0056 0.0106 0.0279 0.5559 0.0070 0.0390 0.0053 0.0065 0.0127 0.0094 0.0658 
      H047.1  2 0.0053 0.0075 0.0069 0.0058 0.0056 0.0091 0.0073 0.1937 0.0051 0.0098 0.0228 0.0053 0.0087 0.0085 0.0104 0.0044 0.0425 0.1927 0.4488 
      H047.2  2 0.0104 0.0048 0.0072 0.0077 0.0104 0.0062 0.0070 0.0057 0.0116 0.0170 0.0049 0.0094 0.0097 0.0463 0.0192 0.0154 0.0084 0.7087 0.0900 
      H047.3  2 0.0207 0.0047 0.0100 0.0058 0.0134 0.0057 0.0079 0.0100 0.0140 0.0172 0.0048 0.0126 0.0103 0.0262 0.0207 0.0260 0.0253 0.6484 0.1163 
      H047.4  2 0.0143 0.0038 0.0075 0.0098 0.0376 0.0130 0.0106 0.0112 0.0171 0.0305 0.0086 0.0091 0.0113 0.0991 0.0089 0.0094 0.0499 0.3772 0.2711 
      H047.5  2 0.0154 0.0039 0.0398 0.0103 0.0083 0.0100 0.0086 0.0308 0.0161 0.0185 0.0079 0.0193 0.0109 0.0208 0.0125 0.0068 0.0483 0.5548 0.1572 
      H047.6  2 0.0121 0.0045 0.0057 0.0047 0.0352 0.0039 0.0043 0.0049 0.0081 0.0106 0.0043 0.0068 0.0060 0.0133 0.0079 0.0073 0.0373 0.7809 0.0420 
      H047.7  2 0.0069 0.0105 0.0071 0.0050 0.0111 0.0062 0.0067 0.1019 0.0096 0.0115 0.0121 0.0046 0.0100 0.0070 0.0060 0.0072 0.1571 0.1838 0.4357 
      H047.8  2 0.0134 0.0043 0.0095 0.0050 0.0330 0.0090 0.0070 0.0136 0.0080 0.0144 0.0102 0.0069 0.0093 0.0147 0.0099 0.0093 0.0668 0.6888 0.0666 
      H047.9  2 0.0116 0.0041 0.0415 0.0086 0.0133 0.0079 0.0107 0.0419 0.0310 0.0117 0.0226 0.0108 0.0341 0.0163 0.0245 0.0076 0.1192 0.2062 0.3766 
 H071.1_2002  2 0.0047 0.0049 0.0092 0.0071 0.0054 0.0040 0.0049 0.0199 0.0042 0.0069 0.0049 0.0074 0.0092 0.0064 0.0067 0.0032 0.0052 0.0047 0.8810 
 H071.1_2003  2 0.0131 0.0097 0.1034 0.0529 0.0086 0.0056 0.0062 0.0504 0.0072 0.0267 0.0100 0.0145 0.0266 0.0450 0.0135 0.0042 0.0102 0.0210 0.5713 
     H071.10  2 0.0036 0.0063 0.0052 0.0160 0.0043 0.0050 0.0203 0.0056 0.0078 0.0043 0.0081 0.0091 0.0060 0.0040 0.0037 0.0094 0.0076 0.0037 0.8701 
 H071.2_2002  2 0.0125 0.0083 0.0136 0.0071 0.0060 0.0093 0.0192 0.0139 0.0042 0.0164 0.0076 0.0085 0.0084 0.0052 0.0093 0.0038 0.0081 0.0068 0.8318 
 H071.2_2003  2 0.0046 0.0029 0.0059 0.0054 0.0053 0.0030 0.0030 0.0074 0.0039 0.0048 0.0044 0.0049 0.0057 0.0047 0.0045 0.0030 0.0050 0.0040 0.9176 
      H071.3  2 0.0047 0.0098 0.0054 0.0290 0.0070 0.0125 0.0142 0.0078 0.0088 0.0045 0.0087 0.0105 0.0062 0.0130 0.0049 0.0112 0.0102 0.0401 0.7915 
 H071.4_2002  2 0.0062 0.0153 0.0056 0.0111 0.0061 0.0057 0.0318 0.0060 0.0117 0.0079 0.0087 0.0255 0.0128 0.0073 0.0066 0.0075 0.0088 0.0052 0.8101 
 H071.4_2003  2 0.0037 0.0028 0.0042 0.0067 0.0045 0.0074 0.0123 0.0045 0.0052 0.0037 0.0079 0.0056 0.0057 0.0047 0.0041 0.0047 0.0061 0.0055 0.9008 
 H071.5_2002  2 0.0030 0.0040 0.0050 0.0077 0.0054 0.0035 0.0067 0.0068 0.0061 0.0041 0.0046 0.0065 0.0051 0.0068 0.0031 0.0063 0.0063 0.0035 0.9055 
 H071.5_2003  2 0.0038 0.0033 0.0069 0.0242 0.0059 0.0087 0.0133 0.0081 0.0091 0.0139 0.0108 0.0116 0.0087 0.0135 0.0094 0.0037 0.0175 0.0102 0.8174 
 H071.6_2002  2 0.0053 0.0043 0.0068 0.0101 0.0045 0.0067 0.0482 0.0059 0.0057 0.0056 0.0092 0.0101 0.0061 0.0046 0.0061 0.0035 0.0166 0.0049 0.8355 
