      H105.1  1 0.0097 0.0153 0.0125 0.0128 0.0063 0.0814 0.0078 0.5958 0.0145 0.0158 0.0077 0.0040 0.0105 0.0424 0.0094 0.0084 0.0202 0.0406 0.0085 0.0077 0.0050 0.0106 0.0211 0.0065 0.0255 
      H105.2  1 0.0215 0.0123 0.0042 0.0121 0.0077 0.0474 0.0054 0.1464 0.0048 0.0224 0.0050 0.0077 0.0077 0.0266 0.0073 0.0117 0.0099 0.0674 0.0234 0.0100 0.0074 0.0208 0.0057 0.0074 0.4978 
      H105.3  1 0.0170 0.0121 0.0128 0.0125 0.0084 0.0145 0.0094 0.7421 0.0076 0.0243 0.0057 0.0166 0.0075 0.0200 0.0067 0.0062 0.0136 0.0088 0.0067 0.0111 0.0062 0.0124 0.0044 0.0041 0.0093 
      H105.4  1 0.0265 0.0101 0.0118 0.0117 0.0182 0.1047 0.0113 0.2846 0.0131 0.0079 0.0080 0.0954 0.0085 0.0653 0.0111 0.0073 0.0316 0.0228 0.0187 0.0183 0.0118 0.0103 0.0066 0.0108 0.1737 
      H105.5  1 0.0230 0.0125 0.0207 0.0759 0.0371 0.1263 0.0105 0.0278 0.0069 0.0334 0.0294 0.0439 0.0227 0.1086 0.0160 0.0071 0.0321 0.0454 0.0653 0.0297 0.0088 0.0239 0.0315 0.0058 0.1558 
      H105.6  1 0.0137 0.0134 0.0124 0.0075 0.0181 0.0284 0.0105 0.7214 0.0189 0.0086 0.0174 0.0274 0.0110 0.0091 0.0109 0.0045 0.0081 0.0043 0.0096 0.0138 0.0047 0.0044 0.0036 0.0053 0.0130 
      H105.7  1 0.0062 0.0333 0.0051 0.0104 0.0133 0.0840 0.0073 0.6179 0.0263 0.0085 0.0073 0.0055 0.0164 0.0114 0.0045 0.0048 0.0091 0.0075 0.0049 0.0121 0.0143 0.0057 0.0149 0.0044 0.0651 
      H105.8  1 0.0246 0.0513 0.0044 0.0045 0.0061 0.0288 0.0093 0.6729 0.0119 0.0108 0.0081 0.0088 0.0064 0.0228 0.0130 0.0079 0.0088 0.0296 0.0171 0.0084 0.0063 0.0088 0.0055 0.0035 0.0203 
      H115.1  1 0.0182 0.0165 0.0340 0.0059 0.0119 0.0094 0.0097 0.0101 0.0475 0.0161 0.6784 0.0126 0.0116 0.0250 0.0093 0.0067 0.0055 0.0068 0.0124 0.0072 0.0102 0.0076 0.0156 0.0050 0.0069 
      H115.2  1 0.0087 0.0069 0.0137 0.0100 0.0055 0.0040 0.0085 0.0104 0.0089 0.0093 0.8151 0.0073 0.0058 0.0081 0.0098 0.0091 0.0043 0.0070 0.0080 0.0060 0.0065 0.0060 0.0098 0.0047 0.0067 
      H115.3  1 0.0052 0.0069 0.0290 0.0473 0.0034 0.0094 0.0098 0.0115 0.0098 0.0046 0.4647 0.1413 0.0154 0.0237 0.0102 0.0075 0.0073 0.0059 0.1070 0.0079 0.0058 0.0153 0.0209 0.0083 0.0219 
      H115.4  1 0.0335 0.0053 0.0252 0.1189 0.0056 0.0085 0.0125 0.0111 0.0118 0.0713 0.0300 0.0068 0.0093 0.0368 0.0100 0.0064 0.0112 0.0087 0.4538 0.0048 0.0079 0.0285 0.0592 0.0109 0.0122 
      H115.5  1 0.0149 0.0298 0.0812 0.0194 0.0236 0.0146 0.0052 0.0357 0.0184 0.0150 0.3054 0.0536 0.0113 0.0703 0.0290 0.0454 0.0194 0.0090 0.0473 0.0057 0.0097 0.0668 0.0324 0.0198 0.0169 
      H115.6  1 0.0035 0.0240 0.0373 0.1356 0.0066 0.0071 0.0127 0.0083 0.0133 0.0120 0.3081 0.0402 0.0601 0.0359 0.0083 0.0148 0.0125 0.0062 0.1146 0.0193 0.0201 0.0203 0.0172 0.0098 0.0522 
      H115.7  1 0.0119 0.0039 0.0194 0.1150 0.0120 0.0109 0.0103 0.0124 0.0164 0.0138 0.3164 0.0287 0.0710 0.0517 0.0062 0.0046 0.0065 0.0070 0.0243 0.0151 0.0157 0.0395 0.0228 0.0113 0.1530 
      H115.8  1 0.0050 0.0520 0.0442 0.0352 0.0047 0.0097 0.0074 0.0186 0.0161 0.0094 0.4940 0.0141 0.0127 0.0274 0.0166 0.0642 0.0082 0.0117 0.0602 0.0113 0.0115 0.0283 0.0184 0.0069 0.0122 
      H115.9  1 0.0114 0.0171 0.0149 0.0039 0.0069 0.0124 0.0062 0.0051 0.0169 0.0126 0.7795 0.0199 0.0061 0.0106 0.0103 0.0058 0.0069 0.0055 0.0075 0.0085 0.0054 0.0040 0.0137 0.0049 0.0042 
      H145.1  1 0.0048 0.0062 0.0065 0.0055 0.0052 0.0116 0.0061 0.0042 0.0114 0.0054 0.0111 0.0139 0.0138 0.0085 0.0059 0.0251 0.0112 0.0042 0.0089 0.0140 0.0043 0.0029 0.0057 0.7994 0.0042 
      H145.2  1 0.0062 0.0067 0.0074 0.0059 0.0057 0.0120 0.0054 0.0051 0.0051 0.0059 0.0067 0.1066 0.0082 0.0091 0.0046 0.0210 0.0066 0.0051 0.0110 0.0077 0.0033 0.0025 0.0074 0.7245 0.0101 
      H145.3  1 0.0041 0.0187 0.0037 0.0037 0.0039 0.0079 0.0044 0.0039 0.0099 0.0036 0.0051 0.0052 0.0115 0.0060 0.0076 0.0503 0.0052 0.0031 0.0079 0.0048 0.0052 0.0077 0.0043 0.8081 0.0042 
      H145.4  1 0.0038 0.0043 0.0054 0.0046 0.0049 0.0057 0.0051 0.0044 0.0093 0.0035 0.0062 0.0049 0.0056 0.0048 0.0038 0.0071 0.0039 0.0030 0.0042 0.0122 0.0034 0.0033 0.0052 0.8764 0.0050 
      H145.5  1 0.0033 0.0089 0.0047 0.0064 0.0062 0.0050 0.0044 0.0033 0.0045 0.0045 0.0046 0.0052 0.0143 0.0054 0.0068 0.1124 0.0053 0.0036 0.0069 0.0055 0.0049 0.0046 0.0040 0.7615 0.0039 
      H145.6  1 0.0050 0.0051 0.0046 0.0043 0.0063 0.0082 0.0056 0.0044 0.0036 0.0042 0.0038 0.0547 0.0037 0.0077 0.0051 0.0085 0.0045 0.0046 0.0071 0.0107 0.0050 0.0084 0.0071 0.8003 0.0175 
      H145.7  1 0.0040 0.0048 0.0056 0.0042 0.0033 0.0063 0.0042 0.0031 0.0058 0.0027 0.0033 0.0060 0.0044 0.0047 0.0037 0.0038 0.0042 0.0029 0.0063 0.0057 0.0031 0.0087 0.0054 0.8856 0.0082 
      H149.1  1 0.0035 0.0033 0.9171 0.0038 0.0040 0.0033 0.0037 0.0030 0.0033 0.0033 0.0037 0.0031 0.0043 0.0035 0.0033 0.0038 0.0031 0.0032 0.0029 0.0043 0.0035 0.0025 0.0033 0.0040 0.0033 
      H149.2  1 0.0058 0.0036 0.7511 0.0189 0.0062 0.0080 0.0035 0.0044 0.0074 0.0053 0.0040 0.0052 0.0398 0.0069 0.0040 0.0032 0.0046 0.0031 0.0030 0.0071 0.0041 0.0039 0.0149 0.0126 0.0695 
      H149.3  1 0.0187 0.0053 0.6105 0.0313 0.0130 0.0084 0.0074 0.0131 0.0283 0.0050 0.0066 0.0123 0.0219 0.0188 0.0065 0.0046 0.0114 0.0066 0.0067 0.0107 0.0118 0.0083 0.0279 0.0715 0.0335 
      H149.4  1 0.0145 0.0063 0.7613 0.0055 0.0054 0.0049 0.0317 0.0219 0.0074 0.0034 0.0038 0.0096 0.0060 0.0112 0.0045 0.0108 0.0061 0.0250 0.0041 0.0051 0.0102 0.0042 0.0106 0.0047 0.0218 
      H149.5  1 0.0346 0.0062 0.3768 0.0161 0.0092 0.0106 0.0089 0.0110 0.0122 0.0042 0.0035 0.0074 0.0222 0.0227 0.0046 0.0042 0.0082 0.0096 0.0035 0.0094 0.0108 0.0050 0.0432 0.0607 0.2953 
      H149.6  1 0.0048 0.0041 0.7117 0.0180 0.0058 0.0069 0.0040 0.0060 0.0056 0.0041 0.0036 0.0048 0.0175 0.0117 0.0042 0.0033 0.0041 0.0037 0.0028 0.0045 0.0080 0.0036 0.0119 0.0119 0.1335 
      H149.7  1 0.0308 0.0186 0.3891 0.0200 0.0496 0.0084 0.0343 0.0305 0.0099 0.0095 0.0055 0.0147 0.0224 0.0396 0.0088 0.0129 0.0145 0.0359 0.0059 0.0157 0.0864 0.0058 0.0289 0.0254 0.0771 
      H150.1  1 0.0034 0.0063 0.0032 0.0085 0.0067 0.0044 0.0044 0.0115 0.0113 0.0046 0.8061 0.0142 0.0084 0.0230 0.0062 0.0068 0.0048 0.0062 0.0186 0.0066 0.0042 0.0057 0.0058 0.0054 0.0138 
      H150.2  1 0.0089 0.0046 0.0166 0.0361 0.0071 0.0040 0.0074 0.0146 0.0081 0.0070 0.6255 0.0072 0.0103 0.0121 0.0110 0.0187 0.0078 0.0057 0.0948 0.0073 0.0079 0.0108 0.0171 0.0050 0.0446 
      H150.3  1 0.0045 0.0064 0.0059 0.0167 0.0140 0.0071 0.0061 0.0085 0.0113 0.0100 0.7534 0.0063 0.0427 0.0126 0.0052 0.0079 0.0049 0.0053 0.0133 0.0095 0.0096 0.0099 0.0068 0.0069 0.0151 
      H150.4  1 0.0024 0.0072 0.0033 0.0077 0.0067 0.0055 0.0038 0.0062 0.0092 0.0080 0.8439 0.0057 0.0090 0.0054 0.0052 0.0092 0.0046 0.0048 0.0081 0.0078 0.0061 0.0101 0.0054 0.0062 0.0085 
      H150.5  1 0.0066 0.0040 0.0108 0.0415 0.0055 0.0058 0.0063 0.0265 0.0241 0.0042 0.5922 0.0173 0.0161 0.0227 0.0079 0.0059 0.0082 0.0094 0.0562 0.0098 0.0091 0.0118 0.0159 0.0093 0.0728 
      H150.6  1 0.0074 0.0029 0.0077 0.1561 0.0044 0.0051 0.0196 0.0746 0.0103 0.0096 0.1083 0.0136 0.0194 0.1341 0.0059 0.0123 0.0074 0.0120 0.1206 0.0065 0.0074 0.0507 0.0383 0.0079 0.1578 
      H150.7  1 0.0033 0.0059 0.0037 0.0083 0.0036 0.0057 0.0043 0.0070 0.0067 0.0049 0.8506 0.0165 0.0094 0.0055 0.0065 0.0072 0.0043 0.0050 0.0105 0.0054 0.0038 0.0061 0.0041 0.0049 0.0069 
   H169607.1  1 0.0227 0.0118 0.0066 0.0075 0.0090 0.0084 0.0071 0.0077 0.0611 0.0821 0.0387 0.0277 0.3104 0.0374 0.0143 0.0207 0.0381 0.0546 0.0340 0.0099 0.0142 0.0193 0.0200 0.1037 0.0330 
   H169607.2  1 0.0287 0.0296 0.0056 0.0086 0.0041 0.0909 0.0282 0.0079 0.0778 0.0152 0.0506 0.0139 0.3682 0.0479 0.0167 0.0037 0.0416 0.0178 0.0230 0.0262 0.0136 0.0106 0.0093 0.0284 0.0317 
   H169607.3  1 0.0376 0.0313 0.0048 0.0076 0.0087 0.0572 0.0053 0.0066 0.0400 0.0161 0.0127 0.0439 0.1695 0.0767 0.0240 0.0154 0.0452 0.0408 0.0214 0.0066 0.0222 0.0201 0.0717 0.0759 0.1387 
   H169607.4  1 0.0078 0.0051 0.0034 0.0042 0.0041 0.0369 0.0109 0.0081 0.0320 0.0089 0.0080 0.0139 0.7150 0.0085 0.0162 0.0060 0.0138 0.0102 0.0056 0.0190 0.0103 0.0087 0.0063 0.0278 0.0092 
   H169607.5  1 0.0255 0.0134 0.0083 0.0082 0.0045 0.0496 0.0313 0.0050 0.3622 0.0080 0.0953 0.0271 0.0991 0.0454 0.0135 0.0063 0.0140 0.0049 0.0311 0.0117 0.0059 0.0084 0.0345 0.0196 0.0671 
   H169607.6  1 0.0353 0.0236 0.0049 0.0065 0.0044 0.2100 0.0143 0.0066 0.0247 0.0096 0.0122 0.0071 0.4568 0.0234 0.0120 0.0041 0.0209 0.0206 0.0228 0.0136 0.0094 0.0159 0.0082 0.0117 0.0214 
   H169607.7  1 0.0431 0.0491 0.0080 0.0079 0.0044 0.0386 0.0198 0.0159 0.0403 0.0224 0.0258 0.0121 0.1619 0.0348 0.0083 0.0054 0.0275 0.0734 0.3200 0.0066 0.0091 0.0117 0.0082 0.0273 0.0184 
   H169607.8  1 0.0158 0.0129 0.0034 0.0042 0.0048 0.1828 0.0115 0.0046 0.0727 0.0076 0.0095 0.0121 0.4505 0.0213 0.0212 0.0041 0.0315 0.0209 0.0066 0.0437 0.0146 0.0086 0.0076 0.0164 0.0112 
   H169633.1  1 0.0050 0.0062 0.7150 0.0152 0.0125 0.0075 0.0040 0.0132 0.0056 0.0114 0.0105 0.0095 0.0053 0.0095 0.0420 0.0153 0.0059 0.0138 0.0058 0.0162 0.0174 0.0117 0.0103 0.0275 0.0038 
   H169633.2  1 0.0131 0.0196 0.6913 0.0117 0.0098 0.0035 0.0067 0.0154 0.0041 0.0357 0.0039 0.0047 0.0037 0.0252 0.0104 0.0085 0.0044 0.0188 0.0104 0.0042 0.0430 0.0129 0.0049 0.0200 0.0141 
   H169633.3  1 0.0145 0.0201 0.7521 0.0310 0.0247 0.0046 0.0062 0.0156 0.0077 0.0086 0.0122 0.0048 0.0063 0.0117 0.0106 0.0057 0.0065 0.0054 0.0051 0.0131 0.0062 0.0068 0.0091 0.0078 0.0035 
   H169633.4  1 0.0083 0.0065 0.7640 0.0104 0.0068 0.0068 0.0052 0.0154 0.0143 0.0076 0.0122 0.0136 0.0061 0.0076 0.0069 0.0153 0.0056 0.0052 0.0040 0.0337 0.0050 0.0094 0.0172 0.0091 0.0040 
   H169633.5  1 0.0071 0.0075 0.7726 0.0092 0.0080 0.0087 0.0043 0.0168 0.0135 0.0068 0.0128 0.0142 0.0079 0.0084 0.0079 0.0103 0.0062 0.0057 0.0050 0.0260 0.0046 0.0096 0.0162 0.0064 0.0041 
   H169688.1  1 0.0383 0.0121 0.0112 0.0054 0.0189 0.0626 0.0067 0.0041 0.0095 0.0109 0.0167 0.0045 0.0296 0.0865 0.1719 0.0046 0.0078 0.0118 0.0117 0.0145 0.1649 0.0589 0.0054 0.1330 0.0986 
   H169688.2  1 0.0128 0.0126 0.0056 0.0062 0.0155 0.0137 0.0160 0.0102 0.0050 0.0054 0.0121 0.0039 0.0056 0.0454 0.4007 0.0088 0.0072 0.0284 0.0340 0.0067 0.2678 0.0227 0.0048 0.0113 0.0375 
   H169688.3  1 0.0063 0.0046 0.0146 0.0073 0.0126 0.0093 0.0175 0.0098 0.0072 0.0058 0.0254 0.0042 0.0072 0.1535 0.3271 0.0057 0.0055 0.0433 0.0430 0.0081 0.1096 0.0154 0.0085 0.1007 0.0479 
   H169688.4  1 0.0071 0.0070 0.0074 0.0052 0.0081 0.0080 0.0067 0.0140 0.0077 0.0052 0.1230 0.0112 0.0090 0.0341 0.5469 0.0172 0.0061 0.0088 0.0907 0.0053 0.0302 0.0149 0.0080 0.0100 0.0080 
   H169688.5  1 0.0063 0.0065 0.0068 0.0059 0.0085 0.0083 0.0074 0.0127 0.0074 0.0062 0.1260 0.0087 0.0063 0.0394 0.5277 0.0160 0.0063 0.0094 0.1064 0.0054 0.0241 0.0147 0.0084 0.0174 0.0078 
   H169688.6  1 0.1035 0.0060 0.0125 0.0035 0.0064 0.0159 0.0168 0.0162 0.0049 0.0050 0.0305 0.0079 0.0064 0.1947 0.1895 0.0452 0.0055 0.0164 0.0111 0.0065 0.1775 0.0135 0.0060 0.0658 0.0325 
   H169688.7  1 0.0056 0.0082 0.0149 0.0136 0.0145 0.0074 0.0208 0.0061 0.0060 0.0080 0.0192 0.0062 0.0121 0.0782 0.3189 0.0081 0.0057 0.0568 0.1251 0.0054 0.0276 0.0180 0.0114 0.1936 0.0086 
   H171901.1  1 0.0051 0.0128 0.0066 0.0100 0.0093 0.0085 0.0066 0.0044 0.0058 0.0089 0.0099 0.0202 0.0068 0.0164 0.0111 0.0367 0.0061 0.0135 0.0245 0.0076 0.0091 0.0081 0.0127 0.0119 0.7274 
   H171901.2  1 0.0042 0.0093 0.7940 0.0146 0.0040 0.0165 0.0086 0.0087 0.0047 0.0042 0.0116 0.0095 0.0107 0.0098 0.0201 0.0046 0.0070 0.0055 0.0107 0.0138 0.0041 0.0047 0.0050 0.0074 0.0066 
   H171901.3  1 0.0087 0.0073 0.6142 0.0101 0.0102 0.0093 0.0108 0.0052 0.0045 0.0060 0.0122 0.0190 0.0152 0.0172 0.0893 0.0047 0.0051 0.0085 0.0144 0.0142 0.0525 0.0150 0.0119 0.0055 0.0290 
   H171901.4  1 0.0064 0.0082 0.7615 0.0103 0.0039 0.0069 0.0116 0.0172 0.0049 0.0067 0.0090 0.0084 0.0301 0.0086 0.0139 0.0058 0.0072 0.0111 0.0267 0.0071 0.0076 0.0051 0.0052 0.0063 0.0103 
   H171901.5  1 0.0081 0.0078 0.6243 0.0130 0.0075 0.0089 0.0236 0.0138 0.0078 0.0092 0.0087 0.0182 0.0839 0.0154 0.0199 0.0056 0.0164 0.0152 0.0274 0.0135 0.0131 0.0043 0.0093 0.0098 0.0154 
   H171901.6  1 0.0152 0.0081 0.3297 0.0112 0.0150 0.0111 0.0283 0.0201 0.0096 0.0091 0.0218 0.0312 0.3108 0.0223 0.0379 0.0060 0.0136 0.0077 0.0174 0.0184 0.0149 0.0033 0.0078 0.0168 0.0126 
   H171901.7  1 0.0228 0.0145 0.5456 0.0150 0.0114 0.0134 0.0448 0.0098 0.0120 0.0056 0.0232 0.0145 0.0118 0.0234 0.0899 0.0057 0.0051 0.0066 0.0248 0.0181 0.0343 0.0088 0.0128 0.0154 0.0105 
   H171902.1  1 0.0094 0.0084 0.0078 0.0045 0.0054 0.0051 0.0085 0.0033 0.0043 0.0107 0.0109 0.0097 0.8018 0.0062 0.0111 0.0421 0.0081 0.0057 0.0057 0.0059 0.0029 0.0056 0.0032 0.0096 0.0040 
  H171902.10  1 0.0106 0.0045 0.0174 0.0096 0.0047 0.0072 0.0175 0.0034 0.0036 0.0047 0.0067 0.0063 0.8199 0.0089 0.0066 0.0108 0.0047 0.0090 0.0071 0.0084 0.0045 0.0065 0.0031 0.0084 0.0060 
   H171902.2  1 0.0094 0.0138 0.0082 0.0049 0.0070 0.0049 0.0053 0.0084 0.0067 0.0080 0.0086 0.0044 0.8055 0.0117 0.0117 0.0168 0.0071 0.0082 0.0059 0.0042 0.0113 0.0145 0.0041 0.0047 0.0047 
   H171902.3  1 0.0109 0.0073 0.0201 0.0059 0.0060 0.0067 0.0050 0.0041 0.0031 0.0059 0.0091 0.0057 0.8327 0.0079 0.0074 0.0077 0.0067 0.0099 0.0091 0.0041 0.0050 0.0058 0.0035 0.0056 0.0049 
   H171902.4  1 0.0061 0.0059 0.0709 0.0085 0.0064 0.0050 0.0047 0.0052 0.0046 0.0049 0.0078 0.0046 0.7849 0.0068 0.0107 0.0123 0.0041 0.0033 0.0042 0.0130 0.0044 0.0053 0.0035 0.0096 0.0035 
   H171902.6  1 0.0105 0.0048 0.0152 0.0073 0.0055 0.0076 0.0106 0.0026 0.0032 0.0051 0.0072 0.0058 0.8399 0.0073 0.0053 0.0113 0.0061 0.0071 0.0046 0.0077 0.0036 0.0044 0.0033 0.0092 0.0048 
   H171902.7  1 0.0050 0.0040 0.0153 0.0061 0.0044 0.0035 0.0114 0.0040 0.0056 0.0043 0.0060 0.0074 0.8331 0.0067 0.0050 0.0241 0.0044 0.0042 0.0071 0.0127 0.0043 0.0031 0.0030 0.0074 0.0078 
   H171902.8  1 0.0096 0.0046 0.0163 0.0069 0.0060 0.0060 0.0088 0.0036 0.0033 0.0053 0.0080 0.0068 0.8245 0.0074 0.0047 0.0188 0.0049 0.0132 0.0059 0.0063 0.0048 0.0062 0.0039 0.0079 0.0063 
   H171902.9  1 0.0044 0.0061 0.0072 0.0050 0.0093 0.0059 0.0065 0.0059 0.0070 0.0042 0.0388 0.0087 0.7993 0.0078 0.0115 0.0168 0.0072 0.0044 0.0049 0.0070 0.0053 0.0041 0.0033 0.0081 0.0111 
   H171903.1  1 0.0141 0.0130 0.0102 0.0137 0.0062 0.4160 0.0450 0.0132 0.1024 0.0259 0.0645 0.0139 0.0352 0.0327 0.0224 0.0042 0.0217 0.0044 0.0811 0.0091 0.0078 0.0047 0.0104 0.0129 0.0152 
   H171903.2  1 0.0208 0.0284 0.0066 0.0070 0.0071 0.4409 0.0484 0.0149 0.0685 0.0192 0.0313 0.0204 0.0092 0.0322 0.0354 0.0104 0.0395 0.0120 0.0749 0.0116 0.0100 0.0058 0.0254 0.0117 0.0083 
   H171903.3  1 0.0287 0.0297 0.0140 0.0322 0.0167 0.1547 0.0890 0.0117 0.0312 0.0549 0.0317 0.0121 0.0388 0.1445 0.0326 0.0130 0.0235 0.0088 0.0738 0.0231 0.0196 0.0052 0.0672 0.0071 0.0360 
   H171903.4  1 0.0071 0.0054 0.0059 0.0102 0.0088 0.0237 0.0159 0.0075 0.0210 0.0051 0.0235 0.0433 0.1292 0.0349 0.0282 0.0070 0.0137 0.0077 0.0227 0.0151 0.0663 0.0170 0.0086 0.0255 0.4467 
   H171903.5  1 0.0162 0.0305 0.0304 0.0138 0.0151 0.0619 0.0460 0.0099 0.0252 0.0496 0.0360 0.0102 0.0179 0.0950 0.0613 0.0086 0.0136 0.0452 0.1138 0.0067 0.0154 0.0081 0.2351 0.0124 0.0222 
   H171903.6  1 0.0177 0.0123 0.0362 0.0070 0.0117 0.0828 0.0342 0.0054 0.0644 0.0072 0.0378 0.0260 0.0953 0.1615 0.0979 0.0033 0.0308 0.0124 0.1272 0.0056 0.0143 0.0100 0.0565 0.0120 0.0303 
      H177.1  1 0.0724 0.0071 0.2006 0.0118 0.0127 0.0244 0.0905 0.0045 0.0099 0.0048 0.0307 0.0097 0.0219 0.0511 0.0151 0.0111 0.0117 0.0105 0.0117 0.1134 0.1739 0.0052 0.0069 0.0087 0.0798 
      H177.2  1 0.0375 0.0421 0.0992 0.0242 0.0105 0.0140 0.0559 0.0062 0.0218 0.0085 0.0094 0.0250 0.0127 0.1311 0.0190 0.0109 0.1715 0.0595 0.0299 0.0483 0.0135 0.0150 0.0343 0.0955 0.0044 
      H177.3  1 0.0514 0.0094 0.2620 0.0204 0.0191 0.0158 0.1103 0.0053 0.0095 0.0066 0.0181 0.1123 0.0151 0.0514 0.0163 0.0163 0.0482 0.0353 0.0202 0.0515 0.0135 0.0039 0.0180 0.0624 0.0076 
      H177.4  1 0.4704 0.0075 0.0652 0.0091 0.0112 0.0214 0.0312 0.0123 0.0099 0.0050 0.0063 0.0114 0.0128 0.0246 0.0097 0.0133 0.0339 0.0072 0.0080 0.0173 0.1456 0.0039 0.0075 0.0251 0.0303 
      H177.5  1 0.0118 0.0128 0.0199 0.0138 0.0117 0.0245 0.1013 0.0221 0.0198 0.0034 0.0117 0.0081 0.0110 0.0535 0.0257 0.0070 0.0415 0.0106 0.0180 0.0274 0.4698 0.0110 0.0305 0.0126 0.0205 
      H177.6  1 0.0256 0.0121 0.3902 0.0214 0.0259 0.0119 0.1040 0.0058 0.0053 0.0068 0.0173 0.1030 0.0211 0.0287 0.0200 0.0194 0.0191 0.0254 0.0216 0.0615 0.0108 0.0042 0.0127 0.0209 0.0056 
      H179.1  1 0.3950 0.0103 0.0109 0.0062 0.0446 0.0039 0.0247 0.0141 0.0120 0.0482 0.0131 0.0271 0.0250 0.0330 0.0247 0.0046 0.0154 0.1131 0.0067 0.0117 0.1204 0.0074 0.0164 0.0042 0.0074 
      H179.2  1 0.7220 0.0086 0.0063 0.0081 0.0123 0.0061 0.0073 0.0085 0.0136 0.0296 0.0135 0.0088 0.0193 0.0198 0.0095 0.0036 0.0139 0.0140 0.0130 0.0058 0.0266 0.0045 0.0145 0.0037 0.0073 
      H179.3  1 0.3485 0.0140 0.0063 0.0047 0.0173 0.0118 0.0183 0.0098 0.0384 0.0225 0.0199 0.0279 0.0132 0.0425 0.1470 0.0052 0.0087 0.0341 0.0175 0.0070 0.1339 0.0101 0.0243 0.0054 0.0116 
      H179.4  1 0.7774 0.0105 0.0091 0.0089 0.0121 0.0050 0.0139 0.0051 0.0071 0.0097 0.0056 0.0094 0.0084 0.0111 0.0192 0.0035 0.0096 0.0094 0.0082 0.0084 0.0201 0.0062 0.0094 0.0061 0.0065 
      H180.1  1 0.0128 0.0042 0.0080 0.0180 0.0048 0.0068 0.0177 0.0125 0.0053 0.0229 0.0097 0.0043 0.0053 0.0133 0.0070 0.0106 0.0040 0.0139 0.7621 0.0054 0.0054 0.0239 0.0088 0.0040 0.0094 
      H180.2  1 0.0167 0.0046 0.0088 0.0077 0.0098 0.0074 0.0135 0.0325 0.0087 0.0081 0.0318 0.0186 0.0071 0.0554 0.0208 0.0129 0.0056 0.0055 0.6387 0.0087 0.0075 0.0368 0.0064 0.0041 0.0224 
      H180.3  1 0.0064 0.0245 0.0046 0.0057 0.0314 0.0141 0.0072 0.0123 0.0319 0.0487 0.2405 0.0107 0.0042 0.0128 0.0061 0.0149 0.0098 0.0037 0.4697 0.0034 0.0051 0.0067 0.0149 0.0053 0.0054 
      H180.4  1 0.0200 0.0151 0.0182 0.0364 0.0098 0.0082 0.0283 0.1480 0.0126 0.0061 0.0251 0.0061 0.0111 0.1004 0.0226 0.0160 0.0070 0.0202 0.4001 0.0062 0.0110 0.0264 0.0195 0.0060 0.0195 
      H180.5  1 0.0244 0.0162 0.0091 0.0431 0.0058 0.0113 0.0248 0.0263 0.0217 0.0073 0.0188 0.0056 0.0081 0.0888 0.0196 0.0277 0.0203 0.0077 0.5416 0.0063 0.0153 0.0219 0.0128 0.0065 0.0090 
      H180.6  1 0.0092 0.2431 0.0184 0.0348 0.0117 0.0093 0.0149 0.0235 0.1503 0.0110 0.0334 0.0177 0.0085 0.0784 0.0228 0.0428 0.0120 0.0082 0.1846 0.0041 0.0059 0.0267 0.0065 0.0112 0.0110 
      H181.1  1 0.1165 0.0064 0.1620 0.0277 0.0080 0.1010 0.0147 0.0089 0.0064 0.0084 0.0116 0.0100 0.0166 0.0809 0.0131 0.0160 0.0087 0.0656 0.0075 0.0091 0.0080 0.1393 0.1277 0.0111 0.0146 
      H181.2  1 0.2456 0.0071 0.0704 0.0814 0.0118 0.0257 0.0322 0.0165 0.0043 0.0098 0.0136 0.0056 0.0245 0.0713 0.0100 0.0228 0.0253 0.0539 0.0167 0.0253 0.0148 0.1244 0.0205 0.0518 0.0146 
      H181.3  1 0.1127 0.0088 0.0753 0.0255 0.0080 0.0178 0.0304 0.0068 0.0063 0.0041 0.0068 0.0074 0.0320 0.1288 0.0212 0.0143 0.0380 0.1218 0.0077 0.0326 0.0127 0.2319 0.0089 0.0185 0.0216 
      H181.4  1 0.0362 0.0127 0.0869 0.0370 0.0190 0.0279 0.0298 0.0098 0.0087 0.0065 0.0870 0.0072 0.0275 0.0753 0.0119 0.0042 0.1383 0.0228 0.0203 0.0205 0.0139 0.0491 0.1987 0.0286 0.0203 
      H181.5  1 0.3665 0.0083 0.0149 0.0321 0.0433 0.0080 0.0055 0.0134 0.0100 0.0152 0.0067 0.0065 0.0074 0.0623 0.0081 0.0170 0.0198 0.1799 0.0055 0.0176 0.0189 0.0913 0.0137 0.0052 0.0228 
      H181.6  1 0.5266 0.0092 0.0124 0.0410 0.0119 0.0166 0.0088 0.0496 0.0070 0.0417 0.0295 0.0095 0.0172 0.0474 0.0090 0.0052 0.0187 0.0375 0.0256 0.0121 0.0143 0.0107 0.0201 0.0059 0.0123 
      H181.7  1 0.5138 0.0118 0.0286 0.0071 0.0063 0.0079 0.0068 0.0100 0.0086 0.0061 0.0136 0.0080 0.0056 0.0361 0.0252 0.0084 0.0093 0.1898 0.0126 0.0079 0.0076 0.0216 0.0261 0.0123 0.0087 
 H194.1_2004  1 0.0073 0.0120 0.0287 0.0218 0.0117 0.0775 0.0806 0.0061 0.0314 0.0085 0.0330 0.0080 0.0314 0.1111 0.0287 0.0087 0.0072 0.0041 0.0650 0.2088 0.0127 0.0050 0.0078 0.1706 0.0124 
 H194.2_2004  1 0.0055 0.0046 0.0208 0.0275 0.0086 0.0165 0.0295 0.0043 0.0098 0.0074 0.0082 0.0092 0.0245 0.0223 0.0101 0.0321 0.0062 0.0054 0.0153 0.0316 0.0124 0.0043 0.0123 0.0757 0.5957 
 H194.3_2004  1 0.0171 0.0083 0.0948 0.0076 0.1656 0.0167 0.0201 0.0067 0.0172 0.0087 0.0071 0.0089 0.0192 0.0251 0.0122 0.0056 0.0086 0.0075 0.0069 0.2216 0.0153 0.0035 0.0081 0.2794 0.0085 
 H194.4_2004  1 0.0117 0.0079 0.0875 0.0120 0.0130 0.0573 0.0094 0.0047 0.0115 0.0048 0.0080 0.0059 0.0290 0.0192 0.0060 0.0190 0.0082 0.0044 0.0057 0.0287 0.0483 0.0066 0.0047 0.3364 0.2501 
 H194.5_2004  1 0.0324 0.0249 0.0652 0.0144 0.0768 0.0177 0.0295 0.0167 0.0132 0.0179 0.0183 0.0088 0.0468 0.0476 0.0096 0.0057 0.0153 0.0079 0.0192 0.2532 0.0186 0.0068 0.0091 0.1981 0.0263 
 H194.6_2004  1 0.0432 0.0129 0.1474 0.0103 0.2674 0.0239 0.0226 0.0060 0.0134 0.0058 0.0168 0.0145 0.0287 0.0365 0.0093 0.0063 0.0118 0.0052 0.0099 0.0284 0.1719 0.0070 0.0064 0.0283 0.0660 
 H194.7_2004  1 0.0098 0.0828 0.0180 0.0166 0.0152 0.2060 0.0102 0.0062 0.0762 0.0055 0.0139 0.0055 0.0151 0.0461 0.0149 0.0062 0.0084 0.0060 0.0152 0.1788 0.0164 0.0090 0.0174 0.1557 0.0450 
 H194.8_2004  1 0.0349 0.0238 0.1101 0.0234 0.0507 0.0155 0.0149 0.0080 0.0078 0.0079 0.0144 0.0120 0.0199 0.0213 0.0060 0.0150 0.0110 0.0059 0.0086 0.0389 0.0961 0.0093 0.0075 0.1237 0.3133 
      H194.9  1 0.0091 0.0798 0.0234 0.0171 0.0216 0.0628 0.0124 0.0115 0.0303 0.0082 0.0508 0.0115 0.0265 0.0490 0.0145 0.0105 0.0103 0.0065 0.0130 0.2147 0.0231 0.0125 0.0129 0.2447 0.0233 
 H195.1_2003  1 0.0116 0.0053 0.0197 0.0142 0.0120 0.0135 0.0289 0.1269 0.0067 0.0102 0.0060 0.0078 0.0786 0.0158 0.0296 0.0031 0.0094 0.0070 0.0196 0.0115 0.0290 0.0115 0.0070 0.4933 0.0216 
 H195.1_2004  1 0.0042 0.0038 0.0074 0.0150 0.0035 0.0041 0.0050 0.0049 0.0028 0.0030 0.0042 0.0062 0.0034 0.0059 0.0054 0.0060 0.0040 0.0045 0.0040 0.0087 0.0034 0.0123 0.0046 0.8699 0.0037 
 H195.2_2003  1 0.0102 0.0314 0.0070 0.0086 0.0072 0.0272 0.0086 0.0280 0.0047 0.0098 0.0180 0.0110 0.0321 0.0230 0.1573 0.0053 0.0354 0.0076 0.0186 0.0132 0.0150 0.0056 0.0034 0.5034 0.0086 
 H195.2_2004  1 0.0041 0.0051 0.0056 0.0053 0.0040 0.0058 0.0033 0.0052 0.0046 0.0033 0.0033 0.0034 0.0041 0.0043 0.0055 0.0086 0.0050 0.0035 0.0036 0.0048 0.0052 0.0057 0.0030 0.8902 0.0035 
 H195.3_2003  1 0.0069 0.0143 0.0048 0.0081 0.0136 0.0527 0.0234 0.1077 0.0077 0.0065 0.0580 0.0123 0.0722 0.0388 0.1724 0.0060 0.0353 0.0112 0.0231 0.0111 0.0323 0.0075 0.0065 0.2420 0.0256 
 H195.3_2004  1 0.0047 0.0032 0.0110 0.0068 0.0038 0.0075 0.0043 0.0054 0.0032 0.0034 0.0029 0.0033 0.0059 0.0042 0.0061 0.0054 0.0036 0.0032 0.0031 0.0054 0.0032 0.0080 0.0031 0.8856 0.0037 
 H195.4_2003  1 0.0071 0.0048 0.0115 0.0242 0.0086 0.0089 0.0057 0.0185 0.0034 0.0131 0.0048 0.0085 0.0298 0.0087 0.0121 0.0029 0.0073 0.0058 0.0071 0.0085 0.0102 0.0042 0.0064 0.7707 0.0074 
 H195.4_2004  1 0.0041 0.0064 0.0042 0.0043 0.0050 0.0088 0.0030 0.0035 0.0037 0.0033 0.0029 0.0052 0.0031 0.0049 0.0071 0.0042 0.0036 0.0032 0.0033 0.0049 0.0062 0.0123 0.0038 0.8856 0.0032 
 H195.5_2003  1 0.0145 0.0059 0.0119 0.0407 0.0124 0.0124 0.0168 0.2943 0.0055 0.0073 0.0076 0.0092 0.0415 0.0205 0.0158 0.0039 0.0078 0.0132 0.0149 0.0153 0.0251 0.0206 0.0070 0.3481 0.0279 
 H195.5_2004  1 0.0053 0.0037 0.0053 0.0050 0.0041 0.0059 0.0043 0.0052 0.0048 0.0028 0.0045 0.0045 0.0036 0.0057 0.0041 0.0051 0.0040 0.0043 0.0029 0.0052 0.0036 0.0091 0.0037 0.8903 0.0030 
 H195.6_2003  1 0.0042 0.0069 0.0045 0.0055 0.0041 0.0237 0.0066 0.0369 0.0066 0.0050 0.0137 0.0068 0.0223 0.0077 0.0380 0.0045 0.0126 0.0045 0.0095 0.0058 0.0057 0.0062 0.0035 0.7496 0.0055 
 H195.6_2004  1 0.0063 0.0037 0.0041 0.0050 0.0054 0.0070 0.0044 0.0061 0.0048 0.0034 0.0024 0.0029 0.0035 0.0039 0.0036 0.0047 0.0035 0.0030 0.0033 0.0047 0.0038 0.0043 0.0028 0.9002 0.0032 
 H195.7_2003  1 0.0146 0.0132 0.0086 0.0116 0.0114 0.0074 0.0104 0.0166 0.0048 0.0095 0.0046 0.0080 0.0267 0.0152 0.0443 0.0032 0.0146 0.0118 0.0087 0.0113 0.0915 0.0123 0.0108 0.6085 0.0200 
 H195.7_2004  1 0.0038 0.0038 0.0037 0.0076 0.0035 0.0040 0.0038 0.0054 0.0031 0.0028 0.0066 0.0047 0.0038 0.0050 0.0056 0.0150 0.0044 0.0057 0.0046 0.0042 0.0037 0.0106 0.0042 0.8771 0.0033 
      H195.8  1 0.0047 0.0047 0.0035 0.0070 0.0034 0.0061 0.0032 0.0050 0.0044 0.0026 0.0045 0.0056 0.0033 0.0050 0.0054 0.0039 0.0037 0.0036 0.0034 0.0054 0.0046 0.0213 0.0038 0.8785 0.0034 
      H195.9  1 0.0042 0.0039 0.0058 0.0056 0.0049 0.0077 0.0049 0.0042 0.0069 0.0027 0.0035 0.0029 0.0037 0.0053 0.0053 0.0038 0.0047 0.0031 0.0042 0.0053 0.0048 0.0062 0.0036 0.8892 0.0039 
      H415.1  1 0.0062 0.0328 0.1079 0.0187 0.0097 0.0052 0.0129 0.0091 0.0115 0.3671 0.1557 0.0076 0.0197 0.0319 0.0071 0.0605 0.0039 0.0078 0.0143 0.0214 0.0185 0.0061 0.0088 0.0391 0.0165 
      H415.2  1 0.0130 0.0049 0.0335 0.0056 0.0564 0.0057 0.1111 0.0079 0.0089 0.1129 0.0389 0.0233 0.2132 0.0596 0.0488 0.0240 0.0193 0.0077 0.0227 0.1283 0.0131 0.0033 0.0173 0.0134 0.0072 
      H415.3  1 0.0127 0.0060 0.0767 0.0237 0.0077 0.0028 0.0446 0.0105 0.0040 0.5995 0.0093 0.0063 0.0369 0.0215 0.0065 0.0104 0.0121 0.0125 0.0310 0.0098 0.0109 0.0033 0.0182 0.0136 0.0093 
      H415.4  1 0.0050 0.0277 0.0180 0.0366 0.0192 0.0050 0.0072 0.0096 0.0125 0.5879 0.0584 0.0072 0.0299 0.0423 0.0057 0.0217 0.0079 0.0057 0.0151 0.0162 0.0082 0.0078 0.0116 0.0148 0.0189 
      H415.5  1 0.0095 0.0052 0.0878 0.0394 0.0146 0.0033 0.0490 0.0068 0.0036 0.5711 0.0059 0.0051 0.0354 0.0240 0.0054 0.0086 0.0079 0.0127 0.0347 0.0109 0.0166 0.0046 0.0116 0.0159 0.0104 
      H415.6  1 0.0043 0.0233 0.0220 0.0431 0.0152 0.0052 0.0069 0.0079 0.0119 0.6121 0.0689 0.0064 0.0297 0.0235 0.0048 0.0154 0.0054 0.0056 0.0111 0.0163 0.0076 0.0087 0.0115 0.0163 0.0168 
      H415.7  1 0.0264 0.0094 0.0538 0.0079 0.0175 0.0040 0.0211 0.0094 0.0055 0.2559 0.0111 0.0135 0.2618 0.0286 0.0492 0.0211 0.0892 0.0121 0.0178 0.0214 0.0130 0.0038 0.0086 0.0332 0.0047 
      H506.1  1 0.8806 0.0049 0.0080 0.0032 0.0070 0.0028 0.0047 0.0063 0.0079 0.0073 0.0026 0.0041 0.0038 0.0041 0.0036 0.0046 0.0084 0.0057 0.0032 0.0041 0.0049 0.0058 0.0042 0.0046 0.0034 
      H506.2  1 0.8476 0.0046 0.0161 0.0053 0.0083 0.0043 0.0051 0.0050 0.0048 0.0076 0.0029 0.0071 0.0050 0.0061 0.0038 0.0073 0.0103 0.0118 0.0048 0.0060 0.0046 0.0032 0.0052 0.0108 0.0025 
      H506.3  1 0.7002 0.0085 0.0092 0.0046 0.0155 0.0041 0.0196 0.0127 0.0130 0.0131 0.0044 0.0054 0.0048 0.0235 0.0187 0.0460 0.0183 0.0133 0.0065 0.0053 0.0116 0.0192 0.0084 0.0098 0.0044 
      H506.4  1 0.8488 0.0043 0.0065 0.0035 0.0086 0.0046 0.0070 0.0084 0.0098 0.0135 0.0042 0.0054 0.0052 0.0061 0.0072 0.0060 0.0093 0.0068 0.0047 0.0034 0.0069 0.0045 0.0063 0.0038 0.0051 
      H506.5  1 0.8647 0.0038 0.0117 0.0033 0.0042 0.0049 0.0050 0.0065 0.0047 0.0108 0.0022 0.0066 0.0056 0.0054 0.0066 0.0063 0.0101 0.0063 0.0041 0.0043 0.0044 0.0045 0.0047 0.0056 0.0034 
      H506.6  1 0.4208 0.0083 0.0067 0.0056 0.0067 0.0110 0.0224 0.0101 0.0088 0.0144 0.0049 0.0692 0.0049 0.0386 0.0986 0.0344 0.0504 0.0875 0.0102 0.0090 0.0168 0.0122 0.0247 0.0185 0.0052 
      H506.7  1 0.8645 0.0043 0.0120 0.0040 0.0077 0.0043 0.0049 0.0077 0.0053 0.0063 0.0027 0.0045 0.0061 0.0057 0.0064 0.0059 0.0078 0.0067 0.0043 0.0052 0.0055 0.0047 0.0042 0.0063 0.0033 
      H533.1  1 0.8167 0.0040 0.0153 0.0056 0.0045 0.0028 0.0085 0.0059 0.0053 0.0072 0.0027 0.0069 0.0032 0.0096 0.0040 0.0086 0.0044 0.0475 0.0064 0.0039 0.0039 0.0078 0.0069 0.0049 0.0038 
      H533.2  1 0.8115 0.0049 0.0281 0.0045 0.0062 0.0031 0.0068 0.0057 0.0042 0.0070 0.0031 0.0061 0.0032 0.0061 0.0046 0.0168 0.0050 0.0371 0.0062 0.0039 0.0035 0.0061 0.0067 0.0052 0.0045 
      H533.3  1 0.8133 0.0064 0.0114 0.0034 0.0039 0.0062 0.0160 0.0040 0.0095 0.0074 0.0043 0.0119 0.0050 0.0103 0.0064 0.0058 0.0087 0.0112 0.0078 0.0055 0.0048 0.0037 0.0251 0.0040 0.0042 
      H533.4  1 0.7544 0.0059 0.0222 0.0062 0.0049 0.0062 0.0185 0.0044 0.0072 0.0096 0.0047 0.0305 0.0061 0.0127 0.0064 0.0124 0.0085 0.0074 0.0200 0.0049 0.0054 0.0068 0.0155 0.0129 0.0065 
      H535.1  1 0.8335 0.0037 0.0051 0.0065 0.0115 0.0096 0.0092 0.0042 0.0050 0.0053 0.0115 0.0112 0.0154 0.0074 0.0058 0.0042 0.0119 0.0038 0.0048 0.0061 0.0057 0.0035 0.0058 0.0049 0.0044 
      H535.2  1 0.8773 0.0078 0.0048 0.0069 0.0042 0.0052 0.0036 0.0073 0.0045 0.0032 0.0031 0.0036 0.0034 0.0049 0.0041 0.0034 0.0073 0.0048 0.0037 0.0046 0.0044 0.0074 0.0069 0.0087 0.0049 
      H535.3  1 0.8751 0.0049 0.0029 0.0059 0.0041 0.0085 0.0030 0.0067 0.0051 0.0029 0.0047 0.0065 0.0034 0.0056 0.0037 0.0039 0.0059 0.0045 0.0032 0.0037 0.0049 0.0104 0.0059 0.0093 0.0054 
      H535.4  1 0.8969 0.0033 0.0055 0.0062 0.0041 0.0029 0.0041 0.0049 0.0038 0.0051 0.0044 0.0031 0.0039 0.0040 0.0032 0.0028 0.0049 0.0027 0.0047 0.0041 0.0028 0.0049 0.0050 0.0082 0.0044 
      H535.5  1 0.8946 0.0033 0.0079 0.0036 0.0054 0.0044 0.0053 0.0044 0.0041 0.0062 0.0051 0.0036 0.0037 0.0041 0.0037 0.0035 0.0058 0.0029 0.0050 0.0034 0.0047 0.0034 0.0034 0.0049 0.0036 
      H535.6  1 0.7405 0.0042 0.0035 0.0138 0.0225 0.0178 0.0067 0.0041 0.0063 0.0047 0.0238 0.0184 0.0178 0.0124 0.0065 0.0043 0.0129 0.0055 0.0057 0.0055 0.0183 0.0060 0.0066 0.0140 0.0185 
      H535.7  1 0.9127 0.0029 0.0056 0.0027 0.0058 0.0039 0.0041 0.0036 0.0042 0.0034 0.0034 0.0043 0.0030 0.0040 0.0041 0.0034 0.0044 0.0028 0.0033 0.0030 0.0035 0.0027 0.0035 0.0031 0.0027 
      H535.8  1 0.8756 0.0041 0.0047 0.0040 0.0076 0.0040 0.0032 0.0056 0.0043 0.0046 0.0048 0.0068 0.0049 0.0054 0.0034 0.0038 0.0073 0.0035 0.0045 0.0047 0.0111 0.0046 0.0044 0.0057 0.0075 
      H535.9  1 0.8632 0.0033 0.0044 0.0059 0.0049 0.0074 0.0046 0.0074 0.0061 0.0037 0.0110 0.0146 0.0076 0.0069 0.0044 0.0045 0.0059 0.0036 0.0052 0.0047 0.0035 0.0042 0.0039 0.0053 0.0041 
      H539.1  1 0.0027 0.0052 0.0032 0.0032 0.0034 0.0067 0.0037 0.0035 0.0036 0.0033 0.8976 0.0113 0.0058 0.0042 0.0043 0.0051 0.0039 0.0041 0.0046 0.0045 0.0032 0.0027 0.0038 0.0032 0.0034 
      H539.2  1 0.0119 0.0072 0.0054 0.0063 0.0048 0.0132 0.0622 0.0076 0.0263 0.0092 0.6581 0.0051 0.0056 0.0166 0.0310 0.0091 0.0072 0.0093 0.0248 0.0098 0.0145 0.0236 0.0149 0.0055 0.0109 
      H539.3  1 0.0089 0.0054 0.0038 0.0038 0.0071 0.0264 0.0085 0.0065 0.0208 0.0033 0.7937 0.0054 0.0070 0.0067 0.0124 0.0086 0.0040 0.0035 0.0062 0.0072 0.0110 0.0081 0.0049 0.0116 0.0151 
      H539.4  1 0.0042 0.0083 0.0051 0.0037 0.0046 0.0049 0.0093 0.0079 0.0054 0.0053 0.8177 0.0095 0.0055 0.0063 0.0243 0.0148 0.0055 0.0114 0.0099 0.0051 0.0080 0.0056 0.0100 0.0036 0.0040 
      H539.5  1 0.0030 0.0049 0.0030 0.0034 0.0034 0.0078 0.0031 0.0026 0.0061 0.0032 0.9077 0.0055 0.0043 0.0035 0.0031 0.0043 0.0045 0.0029 0.0038 0.0033 0.0033 0.0030 0.0033 0.0031 0.0036 
      H539.6  1 0.0035 0.0059 0.0033 0.0048 0.0037 0.0054 0.0044 0.0037 0.0063 0.0038 0.8861 0.0070 0.0090 0.0045 0.0040 0.0040 0.0059 0.0033 0.0073 0.0041 0.0035 0.0037 0.0035 0.0042 0.0051 
      H539.7  1 0.0025 0.0039 0.0033 0.0038 0.0042 0.0035 0.0044 0.0035 0.0031 0.0033 0.9062 0.0059 0.0036 0.0042 0.0060 0.0030 0.0041 0.0033 0.0050 0.0042 0.0043 0.0031 0.0045 0.0025 0.0046 
      H539.8  1 0.0137 0.0047 0.0058 0.0053 0.0144 0.0092 0.0061 0.0156 0.0220 0.0049 0.7725 0.0047 0.0062 0.0081 0.0172 0.0144 0.0062 0.0046 0.0045 0.0081 0.0144 0.0097 0.0071 0.0060 0.0148 
      H539.9  1 0.0034 0.0084 0.0027 0.0027 0.0033 0.0069 0.0046 0.0063 0.0056 0.0044 0.8687 0.0073 0.0036 0.0056 0.0129 0.0103 0.0048 0.0071 0.0050 0.0046 0.0042 0.0046 0.0068 0.0033 0.0031 
      H540.1  1 0.0060 0.0040 0.0055 0.0046 0.0044 0.0095 0.0152 0.0043 0.0108 0.0041 0.7580 0.0166 0.0123 0.0128 0.0098 0.0091 0.0372 0.0119 0.0074 0.0072 0.0063 0.0051 0.0178 0.0110 0.0089 
      H540.2  1 0.0038 0.0034 0.0046 0.0042 0.0063 0.0060 0.0075 0.0033 0.0075 0.0038 0.8678 0.0064 0.0098 0.0064 0.0045 0.0031 0.0085 0.0058 0.0060 0.0093 0.0038 0.0028 0.0073 0.0038 0.0043 
      H540.3  1 0.0053 0.0055 0.0122 0.0216 0.0568 0.0054 0.0099 0.0054 0.0067 0.0155 0.3843 0.0528 0.0228 0.0287 0.0292 0.1831 0.0117 0.0325 0.0048 0.0205 0.0167 0.0093 0.0205 0.0094 0.0295 
      H540.4  1 0.0069 0.0038 0.0035 0.0081 0.0056 0.0051 0.0063 0.0050 0.0079 0.0044 0.8464 0.0066 0.0078 0.0089 0.0054 0.0032 0.0120 0.0110 0.0049 0.0058 0.0072 0.0041 0.0091 0.0058 0.0052 
      H540.5  1 0.0039 0.0062 0.0069 0.0053 0.0089 0.0068 0.0130 0.0038 0.0037 0.0060 0.7844 0.0073 0.0094 0.0099 0.0176 0.0166 0.0131 0.0168 0.0046 0.0211 0.0101 0.0070 0.0092 0.0036 0.0048 
      H540.6  1 0.0086 0.0081 0.0061 0.0109 0.0091 0.0136 0.0166 0.0050 0.0160 0.0068 0.7049 0.0079 0.0106 0.0229 0.0106 0.0084 0.0299 0.0246 0.0059 0.0183 0.0092 0.0152 0.0152 0.0075 0.0081 
      H540.7  1 0.0069 0.0071 0.0075 0.0077 0.0045 0.0058 0.0126 0.0048 0.0098 0.0065 0.8291 0.0055 0.0112 0.0071 0.0060 0.0036 0.0091 0.0083 0.0060 0.0137 0.0048 0.0037 0.0107 0.0046 0.0031 
      H540.8  1 0.0043 0.0037 0.0085 0.0047 0.0077 0.0063 0.0183 0.0034 0.0044 0.0046 0.8275 0.0101 0.0157 0.0067 0.0060 0.0051 0.0078 0.0066 0.0078 0.0067 0.0058 0.0029 0.0133 0.0051 0.0068 
     H9558.1  1 0.0090 0.0050 0.0030 0.0039 0.0068 0.0101 0.0080 0.0052 0.0033 0.0061 0.8228 0.0327 0.0078 0.0061 0.0056 0.0090 0.0044 0.0112 0.0099 0.0037 0.0081 0.0043 0.0031 0.0034 0.0075 
     H9558.2  1 0.0140 0.0201 0.0035 0.0041 0.0068 0.0095 0.0075 0.0185 0.0047 0.0125 0.7324 0.0404 0.0097 0.0105 0.0122 0.0110 0.0111 0.0211 0.0061 0.0082 0.0118 0.0084 0.0051 0.0041 0.0070 
     H9558.3  1 0.0079 0.0091 0.0031 0.0042 0.0085 0.0109 0.0056 0.0148 0.0094 0.0113 0.8132 0.0058 0.0055 0.0063 0.0056 0.0099 0.0123 0.0070 0.0049 0.0102 0.0039 0.0063 0.0060 0.0037 0.0149 
     H9558.4  1 0.0106 0.0051 0.0031 0.0033 0.0051 0.0077 0.0155 0.0066 0.0033 0.0075 0.8374 0.0155 0.0052 0.0067 0.0077 0.0083 0.0044 0.0101 0.0110 0.0044 0.0055 0.0043 0.0043 0.0032 0.0044 
     H9558.5  1 0.0042 0.0032 0.0040 0.0030 0.0061 0.0032 0.0089 0.0096 0.0061 0.0067 0.8420 0.0072 0.0034 0.0079 0.0114 0.0213 0.0060 0.0058 0.0057 0.0058 0.0061 0.0045 0.0120 0.0025 0.0035 
     H9558.6  1 0.0055 0.0271 0.0044 0.0051 0.0124 0.0077 0.0063 0.0078 0.0474 0.0068 0.7193 0.0220 0.0077 0.0144 0.0048 0.0073 0.0116 0.0068 0.0057 0.0104 0.0051 0.0034 0.0350 0.0048 0.0114 
    kos339.1  1 0.0112 0.0096 0.8218 0.0037 0.0035 0.0051 0.0127 0.0046 0.0105 0.0077 0.0048 0.0063 0.0103 0.0092 0.0097 0.0042 0.0164 0.0085 0.0060 0.0094 0.0048 0.0038 0.0091 0.0033 0.0041 
    kos339.2  1 0.0083 0.0092 0.8601 0.0049 0.0058 0.0040 0.0036 0.0063 0.0112 0.0073 0.0047 0.0033 0.0057 0.0063 0.0070 0.0059 0.0057 0.0057 0.0043 0.0052 0.0042 0.0055 0.0055 0.0071 0.0032 
    kos339.3  1 0.0068 0.0042 0.9065 0.0035 0.0040 0.0037 0.0044 0.0032 0.0037 0.0056 0.0041 0.0036 0.0043 0.0044 0.0036 0.0028 0.0038 0.0026 0.0049 0.0031 0.0033 0.0027 0.0039 0.0037 0.0036 
    kos339.4  1 0.0048 0.0040 0.8983 0.0036 0.0038 0.0033 0.0037 0.0034 0.0032 0.0074 0.0051 0.0032 0.0050 0.0038 0.0039 0.0045 0.0041 0.0033 0.0053 0.0034 0.0042 0.0041 0.0055 0.0049 0.0044 
    kos339.5  1 0.0084 0.0062 0.8642 0.0045 0.0040 0.0037 0.0102 0.0049 0.0048 0.0048 0.0043 0.0048 0.0098 0.0056 0.0043 0.0026 0.0131 0.0048 0.0051 0.0081 0.0048 0.0049 0.0050 0.0032 0.0040 
    kos339.6  1 0.0052 0.0041 0.8915 0.0047 0.0064 0.0041 0.0039 0.0033 0.0048 0.0054 0.0033 0.0037 0.0040 0.0047 0.0037 0.0047 0.0054 0.0031 0.0033 0.0075 0.0036 0.0039 0.0049 0.0075 0.0032 
    kos339.7  1 0.0069 0.0039 0.9033 0.0031 0.0029 0.0030 0.0041 0.0034 0.0072 0.0053 0.0034 0.0033 0.0045 0.0039 0.0051 0.0033 0.0036 0.0035 0.0052 0.0033 0.0033 0.0027 0.0041 0.0044 0.0032 
    kos339.8  1 0.0068 0.0039 0.8732 0.0039 0.0045 0.0022 0.0037 0.0061 0.0050 0.0149 0.0029 0.0038 0.0069 0.0058 0.0055 0.0048 0.0061 0.0046 0.0054 0.0043 0.0054 0.0050 0.0063 0.0050 0.0042 
    kos339.9  1 0.0078 0.0060 0.8280 0.0072 0.0058 0.0046 0.0086 0.0080 0.0095 0.0045 0.0143 0.0046 0.0124 0.0074 0.0037 0.0043 0.0116 0.0056 0.0121 0.0061 0.0040 0.0044 0.0046 0.0085 0.0062 
      H008.1  2 0.0069 0.0683 0.0055 0.0051 0.0061 0.0067 0.0091 0.0079 0.7386 0.0052 0.0271 0.0093 0.0057 0.0132 0.0121 0.0039 0.0045 0.0082 0.0104 0.0141 0.0057 0.0079 0.0080 0.0060 0.0046 
      H008.2  2 0.0082 0.0102 0.0121 0.0039 0.0069 0.0133 0.0334 0.0309 0.6035 0.0073 0.0446 0.0186 0.0068 0.0232 0.0194 0.0195 0.0055 0.0527 0.0048 0.0137 0.0065 0.0242 0.0179 0.0055 0.0075 
      H008.3  2 0.0667 0.0066 0.0054 0.0095 0.0182 0.0091 0.0381 0.0155 0.6358 0.0062 0.0121 0.0084 0.0059 0.0277 0.0064 0.0113 0.0055 0.0194 0.0167 0.0089 0.0083 0.0273 0.0053 0.0067 0.0191 
      H008.4  2 0.0053 0.0112 0.0070 0.0071 0.0097 0.0111 0.0071 0.0068 0.7842 0.0104 0.0130 0.0047 0.0134 0.0099 0.0060 0.0100 0.0033 0.0073 0.0038 0.0312 0.0108 0.0081 0.0055 0.0055 0.0076 
      H008.5  2 0.0059 0.0052 0.0043 0.0033 0.0057 0.0046 0.0064 0.0051 0.8872 0.0034 0.0056 0.0039 0.0035 0.0048 0.0048 0.0045 0.0035 0.0037 0.0050 0.0053 0.0064 0.0040 0.0036 0.0039 0.0063 
      H008.6  2 0.0094 0.0059 0.0056 0.0039 0.0089 0.0066 0.0186 0.0123 0.7840 0.0097 0.0123 0.0151 0.0077 0.0092 0.0085 0.0097 0.0055 0.0074 0.0036 0.0252 0.0106 0.0037 0.0064 0.0044 0.0056 
      H008.7  2 0.0085 0.0191 0.0083 0.0126 0.0121 0.0065 0.0161 0.0204 0.6419 0.0105 0.0153 0.0122 0.0108 0.0202 0.0095 0.0285 0.0063 0.0190 0.0060 0.0497 0.0181 0.0228 0.0059 0.0066 0.0130 
      H008.8  2 0.0101 0.0561 0.0091 0.0065 0.0126 0.0137 0.0142 0.0112 0.2465 0.0070 0.1764 0.0577 0.0099 0.0342 0.0816 0.0069 0.0129 0.1386 0.0126 0.0308 0.0051 0.0209 0.0096 0.0104 0.0056 
      H008.9  2 0.0200 0.0075 0.0072 0.0089 0.0242 0.0140 0.0335 0.0484 0.4829 0.0077 0.0178 0.0470 0.0123 0.0327 0.0097 0.0445 0.0080 0.0378 0.0082 0.0483 0.0074 0.0098 0.0090 0.0121 0.0411 
 H029.1_2002  2 0.0043 0.5966 0.0044 0.0045 0.0083 0.0060 0.0086 0.0064 0.0299 0.0426 0.0254 0.0264 0.0185 0.0172 0.0145 0.0243 0.0095 0.0148 0.0059 0.0212 0.0472 0.0114 0.0088 0.0035 0.0396 
 H029.1_2003  2 0.0163 0.0196 0.0050 0.0047 0.1332 0.0096 0.0154 0.0093 0.0154 0.0103 0.0110 0.0306 0.0063 0.0887 0.0183 0.0120 0.0163 0.0236 0.0070 0.0143 0.4916 0.0061 0.0100 0.0075 0.0179 
 H029.2_2002  2 0.0696 0.4571 0.0261 0.0038 0.0719 0.0108 0.0234 0.0091 0.0163 0.0070 0.0081 0.0047 0.0135 0.0306 0.0149 0.0297 0.0159 0.0075 0.0062 0.0172 0.1049 0.0177 0.0070 0.0214 0.0056 
 H029.2_2003  2 0.0894 0.0397 0.0208 0.0035 0.0310 0.0121 0.0389 0.0131 0.0357 0.0055 0.0062 0.0069 0.0100 0.1377 0.0227 0.0212 0.0151 0.0089 0.0062 0.0078 0.4317 0.0062 0.0128 0.0109 0.0060 
 H029.3_2002  2 0.2589 0.1527 0.0266 0.0046 0.0429 0.0094 0.0088 0.0052 0.0112 0.0067 0.0048 0.0055 0.0058 0.0337 0.0538 0.1327 0.0192 0.0283 0.0106 0.0102 0.1144 0.0140 0.0153 0.0193 0.0055 
 H029.3_2003  2 0.0291 0.1780 0.0088 0.0046 0.0249 0.0046 0.0172 0.0336 0.0750 0.0066 0.0053 0.0047 0.0059 0.0326 0.0220 0.0094 0.0102 0.0080 0.0050 0.0051 0.4695 0.0067 0.0143 0.0070 0.0119 
 H029.4_2002  2 0.0072 0.7206 0.0046 0.0046 0.0091 0.0045 0.0065 0.0078 0.0082 0.0100 0.0040 0.0044 0.0033 0.0107 0.0247 0.0213 0.0051 0.0124 0.0073 0.0046 0.0779 0.0126 0.0055 0.0133 0.0097 
 H029.4_2003  2 0.0097 0.0659 0.0065 0.0038 0.0174 0.0099 0.0154 0.0154 0.0099 0.0103 0.0207 0.0144 0.0067 0.0771 0.2105 0.0223 0.0091 0.0226 0.0196 0.0039 0.3140 0.0083 0.0140 0.0065 0.0860 
 H029.5_2002  2 0.0047 0.7103 0.0047 0.0055 0.0224 0.0039 0.0069 0.0089 0.0273 0.0111 0.0065 0.0067 0.0095 0.0090 0.0110 0.0088 0.0091 0.0060 0.0046 0.0087 0.0605 0.0139 0.0073 0.0044 0.0284 
 H029.5_2003  2 0.0079 0.2047 0.0059 0.0033 0.0157 0.0045 0.0368 0.0182 0.0340 0.0102 0.0061 0.0122 0.0039 0.0905 0.0420 0.0133 0.0049 0.0085 0.0127 0.0079 0.4160 0.0062 0.0091 0.0070 0.0184 
 H029.6_2002  2 0.0092 0.2941 0.0064 0.0057 0.0155 0.0054 0.0054 0.0040 0.0061 0.0085 0.0037 0.0055 0.0048 0.0100 0.0159 0.0248 0.0053 0.0162 0.0059 0.0062 0.4992 0.0138 0.0077 0.0147 0.0060 
 H029.6_2003  2 0.0528 0.2097 0.0431 0.0086 0.0522 0.0090 0.0428 0.0294 0.1067 0.0049 0.0175 0.0101 0.0184 0.1040 0.0558 0.0079 0.0168 0.0118 0.0133 0.0107 0.1012 0.0131 0.0241 0.0164 0.0197 
