      H105.1  1 0.2599 0.0322 0.0269 0.0550 0.0362 0.0200 0.5698 
      H105.2  1 0.0314 0.1153 0.0550 0.2689 0.1972 0.1303 0.2018 
      H105.3  1 0.3568 0.0410 0.0276 0.0545 0.0908 0.0237 0.4055 
      H105.4  1 0.0328 0.3859 0.0301 0.1502 0.0711 0.0752 0.2547 
      H105.5  1 0.0210 0.2772 0.0203 0.0474 0.0239 0.0458 0.5645 
      H105.6  1 0.2009 0.2949 0.0224 0.0228 0.0777 0.1509 0.2304 
      H105.7  1 0.5266 0.0481 0.0171 0.1161 0.0462 0.0370 0.2089 
      H105.8  1 0.3833 0.1293 0.0543 0.0507 0.1964 0.0423 0.1437 
      H115.1  1 0.1154 0.6047 0.0183 0.0421 0.0867 0.0156 0.1173 
      H115.2  1 0.0181 0.7627 0.0214 0.0164 0.1395 0.0136 0.0283 
      H115.3  1 0.0062 0.9366 0.0071 0.0136 0.0158 0.0076 0.0132 
      H115.4  1 0.0135 0.0935 0.0102 0.1198 0.5767 0.0190 0.1673 
      H115.5  1 0.0274 0.7487 0.0532 0.0876 0.0245 0.0281 0.0304 
      H115.6  1 0.0143 0.8363 0.0135 0.0422 0.0394 0.0243 0.0300 
      H115.7  1 0.0160 0.5679 0.0104 0.1401 0.1188 0.0609 0.0858 
      H115.8  1 0.0642 0.7914 0.0587 0.0236 0.0290 0.0113 0.0218 
      H115.9  1 0.0427 0.8998 0.0077 0.0131 0.0096 0.0067 0.0205 
      H145.1  1 0.0115 0.0295 0.0586 0.0088 0.0166 0.7955 0.0795 
      H145.2  1 0.0143 0.0429 0.0962 0.0087 0.0170 0.7724 0.0485 
      H145.3  1 0.0584 0.0553 0.1365 0.0643 0.0145 0.6435 0.0275 
      H145.4  1 0.0071 0.0111 0.0201 0.0075 0.0119 0.9215 0.0208 
      H145.5  1 0.0132 0.0209 0.3998 0.0169 0.0168 0.4650 0.0675 
      H145.6  1 0.0128 0.0200 0.0420 0.0246 0.0120 0.8748 0.0138 
      H145.7  1 0.0162 0.0189 0.0138 0.0349 0.0131 0.8896 0.0135 
      H149.1  1 0.0071 0.0106 0.0114 0.0087 0.0062 0.0091 0.9469 
      H149.2  1 0.0069 0.0086 0.0073 0.0094 0.0049 0.0111 0.9520 
      H149.3  1 0.0122 0.0158 0.0114 0.0190 0.0137 0.0373 0.8906 
      H149.4  1 0.0128 0.0093 0.0174 0.0160 0.0246 0.0136 0.9063 
      H149.5  1 0.0133 0.0067 0.0124 0.0408 0.0505 0.0494 0.8271 
      H149.6  1 0.0078 0.0063 0.0084 0.0152 0.0126 0.0174 0.9323 
      H149.7  1 0.0336 0.0081 0.0239 0.0654 0.1341 0.0753 0.6596 
      H150.1  1 0.0139 0.9077 0.0281 0.0090 0.0197 0.0144 0.0072 
      H150.2  1 0.0182 0.6380 0.0419 0.0192 0.1946 0.0432 0.0448 
      H150.3  1 0.0516 0.6925 0.0269 0.0183 0.0594 0.1299 0.0215 
      H150.4  1 0.0248 0.9091 0.0193 0.0140 0.0113 0.0144 0.0071 
      H150.5  1 0.0131 0.6544 0.0141 0.0318 0.2210 0.0442 0.0214 
      H150.6  1 0.0055 0.1743 0.0194 0.0602 0.6632 0.0330 0.0444 
      H150.7  1 0.0155 0.9382 0.0114 0.0066 0.0085 0.0124 0.0075 
   H169607.1  1 0.0488 0.2401 0.0853 0.1105 0.3432 0.0799 0.0922 
   H169607.2  1 0.0903 0.5496 0.0139 0.0226 0.2422 0.0534 0.0279 
   H169607.3  1 0.0448 0.3320 0.0360 0.4061 0.0780 0.0576 0.0455 
   H169607.4  1 0.0119 0.8061 0.0235 0.0154 0.0733 0.0436 0.0263 
   H169607.5  1 0.0723 0.6108 0.0125 0.0308 0.1721 0.0360 0.0655 
   H169607.6  1 0.0486 0.5809 0.0120 0.0337 0.2545 0.0300 0.0401 
   H169607.7  1 0.0661 0.0412 0.0118 0.0171 0.8281 0.0202 0.0156 
   H169607.8  1 0.0285 0.8039 0.0176 0.0273 0.0657 0.0294 0.0276 
   H169633.1  1 0.0225 0.0512 0.0753 0.0366 0.0202 0.1526 0.6416 
   H169633.2  1 0.0507 0.0093 0.0257 0.0430 0.0476 0.0675 0.7562 
   H169633.3  1 0.0494 0.0096 0.0122 0.0164 0.0262 0.1231 0.7632 
   H169633.4  1 0.0111 0.0291 0.0842 0.0176 0.0141 0.0358 0.8082 
   H169633.5  1 0.0096 0.0242 0.0806 0.0182 0.0121 0.0472 0.8081 
   H169688.1  1 0.0169 0.0269 0.0078 0.4991 0.3500 0.0699 0.0294 
   H169688.2  1 0.0284 0.0195 0.0196 0.2943 0.6096 0.0138 0.0147 
   H169688.3  1 0.0093 0.0472 0.0227 0.1425 0.7071 0.0454 0.0258 
   H169688.4  1 0.0155 0.5867 0.0376 0.0468 0.2848 0.0155 0.0130 
   H169688.5  1 0.0211 0.5904 0.0403 0.0479 0.2708 0.0152 0.0143 
   H169688.6  1 0.0144 0.0198 0.0198 0.0714 0.8474 0.0166 0.0106 
   H169688.7  1 0.0196 0.0774 0.0418 0.0694 0.6705 0.0888 0.0325 
   H171901.1  1 0.0263 0.2627 0.1110 0.1703 0.0694 0.3236 0.0367 
   H171901.2  1 0.0139 0.0805 0.0141 0.0149 0.0243 0.0419 0.8105 
   H171901.3  1 0.0157 0.0830 0.0126 0.0708 0.0938 0.0320 0.6920 
   H171901.4  1 0.0131 0.0355 0.0087 0.0152 0.0386 0.0151 0.8738 
   H171901.5  1 0.0104 0.0283 0.0120 0.0167 0.1174 0.0202 0.7951 
   H171901.6  1 0.0121 0.0568 0.0126 0.0121 0.1595 0.0663 0.6806 
   H171901.7  1 0.0284 0.0284 0.0122 0.0202 0.4758 0.0582 0.3767 
   H171902.1  1 0.0170 0.3764 0.1952 0.0180 0.3257 0.0195 0.0482 
  H171902.10  1 0.0087 0.0809 0.0180 0.0103 0.8067 0.0160 0.0594 
   H171902.2  1 0.1252 0.2458 0.1067 0.1591 0.3003 0.0210 0.0419 
   H171902.3  1 0.0146 0.1116 0.0252 0.0148 0.7017 0.0225 0.1097 
   H171902.4  1 0.0191 0.6162 0.0480 0.0204 0.1122 0.0354 0.1488 
   H171902.6  1 0.0091 0.1695 0.0367 0.0104 0.6454 0.0319 0.0969 
   H171902.7  1 0.0096 0.2858 0.1842 0.0118 0.2678 0.0281 0.2128 
   H171902.8  1 0.0090 0.0726 0.0783 0.0135 0.7111 0.0294 0.0861 
   H171902.9  1 0.0114 0.8865 0.0363 0.0091 0.0275 0.0123 0.0169 
   H171903.1  1 0.0323 0.7678 0.0067 0.0177 0.0735 0.0235 0.0786 
   H171903.2  1 0.0699 0.7077 0.0231 0.0370 0.0649 0.0130 0.0844 
   H171903.3  1 0.0661 0.2502 0.0280 0.0410 0.1429 0.0291 0.4428 
   H171903.4  1 0.0123 0.5033 0.0156 0.1217 0.1246 0.1765 0.0460 
   H171903.5  1 0.0519 0.2672 0.0494 0.0492 0.1483 0.0094 0.4246 
   H171903.6  1 0.0237 0.5993 0.0107 0.0422 0.1999 0.0134 0.1108 
      H177.1  1 0.0098 0.0486 0.0242 0.1237 0.1198 0.0712 0.6027 
      H177.2  1 0.1631 0.0724 0.0731 0.0628 0.1356 0.0457 0.4474 
      H177.3  1 0.0169 0.0445 0.0525 0.0141 0.1274 0.0394 0.7052 
      H177.4  1 0.0140 0.0129 0.0213 0.1164 0.0752 0.0538 0.7064 
      H177.5  1 0.0266 0.0424 0.0214 0.7555 0.0671 0.0392 0.0478 
      H177.6  1 0.0180 0.0423 0.0550 0.0124 0.1157 0.0333 0.7233 
      H179.1  1 0.0724 0.0346 0.0348 0.1641 0.5667 0.0127 0.1148 
      H179.2  1 0.0861 0.0228 0.0234 0.0379 0.7020 0.0153 0.1125 
      H179.3  1 0.1441 0.0556 0.0226 0.2127 0.5333 0.0129 0.0188 
      H179.4  1 0.0847 0.0158 0.0153 0.0410 0.3738 0.0336 0.4359 
      H180.1  1 0.0119 0.3012 0.0258 0.1626 0.3869 0.0163 0.0951 
      H180.2  1 0.0131 0.4648 0.0260 0.1285 0.3091 0.0207 0.0378 
      H180.3  1 0.0408 0.6997 0.0175 0.0482 0.1266 0.0210 0.0462 
      H180.4  1 0.0289 0.1125 0.0450 0.1526 0.4606 0.0893 0.1111 
      H180.5  1 0.0775 0.1209 0.0534 0.1112 0.5394 0.0310 0.0666 
      H180.6  1 0.5082 0.2011 0.0687 0.0293 0.0895 0.0631 0.0402 
      H181.1  1 0.0143 0.0511 0.0801 0.2976 0.0381 0.0137 0.5052 
      H181.2  1 0.0181 0.0182 0.0495 0.1764 0.1098 0.0365 0.5914 
      H181.3  1 0.0196 0.0172 0.0362 0.5531 0.1039 0.0322 0.2378 
      H181.4  1 0.0272 0.1184 0.0144 0.3576 0.0766 0.0394 0.3663 
      H181.5  1 0.0186 0.0111 0.0468 0.7182 0.0588 0.0195 0.1269 
      H181.6  1 0.0561 0.0435 0.0332 0.1047 0.1922 0.0295 0.5407 
      H181.7  1 0.0519 0.0324 0.0891 0.2761 0.2887 0.0155 0.2464 
 H194.1_2004  1 0.0239 0.0320 0.0116 0.0121 0.0380 0.8645 0.0179 
 H194.2_2004  1 0.0055 0.0167 0.0172 0.0586 0.0122 0.8671 0.0227 
 H194.3_2004  1 0.0115 0.0113 0.0229 0.0111 0.0234 0.7825 0.1374 
 H194.4_2004  1 0.0127 0.0199 0.0263 0.0419 0.0169 0.7745 0.1079 
 H194.5_2004  1 0.0247 0.0185 0.0110 0.0130 0.0320 0.7709 0.1299 
 H194.6_2004  1 0.0240 0.0232 0.0205 0.1007 0.0309 0.2610 0.5396 
 H194.7_2004  1 0.0522 0.0233 0.0098 0.0288 0.0142 0.8573 0.0145 
 H194.8_2004  1 0.0203 0.0230 0.0120 0.1218 0.0257 0.6111 0.1860 
      H194.9  1 0.0480 0.0251 0.0109 0.0181 0.0111 0.8748 0.0121 
 H195.1_2003  1 0.0110 0.0157 0.0067 0.0143 0.0204 0.8940 0.0379 
 H195.1_2004  1 0.0074 0.0119 0.0300 0.0176 0.0289 0.8696 0.0347 
 H195.2_2003  1 0.0668 0.2112 0.0141 0.0241 0.0973 0.5286 0.0580 
 H195.2_2004  1 0.0128 0.0105 0.0232 0.0108 0.0137 0.9153 0.0138 
 H195.3_2003  1 0.0350 0.2712 0.0137 0.0360 0.0791 0.5376 0.0275 
 H195.3_2004  1 0.0059 0.0098 0.0147 0.0128 0.0142 0.8945 0.0481 
 H195.4_2003  1 0.0093 0.0130 0.0057 0.0087 0.0117 0.9273 0.0243 
 H195.4_2004  1 0.0312 0.0100 0.0092 0.0471 0.0174 0.8755 0.0097 
 H195.5_2003  1 0.0112 0.0176 0.0074 0.0212 0.0267 0.8847 0.0312 
 H195.5_2004  1 0.0087 0.0099 0.0196 0.0159 0.0191 0.9079 0.0189 
 H195.6_2003  1 0.0172 0.1483 0.0109 0.0232 0.0292 0.7496 0.0217 
 H195.6_2004  1 0.0092 0.0073 0.0124 0.0070 0.0124 0.9337 0.0180 
 H195.7_2003  1 0.0267 0.0103 0.0066 0.0247 0.1030 0.8069 0.0217 
 H195.7_2004  1 0.0091 0.0202 0.1580 0.0149 0.0330 0.7464 0.0184 
      H195.8  1 0.0188 0.0143 0.0121 0.0426 0.0115 0.8928 0.0079 
      H195.9  1 0.0242 0.0154 0.0115 0.0220 0.0191 0.8825 0.0254 
      H415.1  1 0.0995 0.1138 0.0964 0.0222 0.0462 0.1273 0.4946 
      H415.2  1 0.0158 0.1545 0.0401 0.0096 0.1002 0.0221 0.6577 
      H415.3  1 0.0179 0.0095 0.0113 0.0086 0.0465 0.0241 0.8820 
      H415.4  1 0.0462 0.0591 0.0304 0.0106 0.0152 0.0670 0.7716 
      H415.5  1 0.0119 0.0063 0.0101 0.0073 0.0212 0.0238 0.9193 
      H415.6  1 0.0528 0.0552 0.0304 0.0143 0.0138 0.0658 0.7678 
      H415.7  1 0.0169 0.0311 0.0212 0.0115 0.0994 0.0519 0.7679 
      H506.1  1 0.0255 0.0089 0.0769 0.0269 0.0605 0.0086 0.7927 
      H506.2  1 0.0167 0.0067 0.0224 0.0140 0.0308 0.0082 0.9011 
      H506.3  1 0.0520 0.0138 0.4094 0.0598 0.1226 0.0103 0.3322 
      H506.4  1 0.0424 0.0200 0.1835 0.0474 0.1534 0.0166 0.5368 
      H506.5  1 0.0242 0.0123 0.0528 0.0179 0.0213 0.0068 0.8647 
      H506.6  1 0.0399 0.0458 0.5023 0.1062 0.1745 0.0117 0.1196 
      H506.7  1 0.0286 0.0070 0.0380 0.0154 0.0185 0.0076 0.8849 
      H533.1  1 0.0090 0.0099 0.1879 0.0181 0.3577 0.0067 0.4106 
      H533.2  1 0.0114 0.0093 0.2092 0.0220 0.1671 0.0064 0.5746 
      H533.3  1 0.0219 0.0218 0.0614 0.0396 0.5453 0.0058 0.3042 
      H533.4  1 0.0165 0.0241 0.0502 0.0340 0.4648 0.0118 0.3986 
      H535.1  1 0.0229 0.0238 0.0081 0.0203 0.0292 0.0307 0.8649 
      H535.2  1 0.1273 0.0095 0.0090 0.1008 0.0405 0.0304 0.6825 
      H535.3  1 0.1404 0.0184 0.0156 0.1099 0.0510 0.0275 0.6372 
      H535.4  1 0.0090 0.0065 0.0050 0.0101 0.0121 0.0134 0.9440 
      H535.5  1 0.0094 0.0103 0.0053 0.0140 0.0226 0.0130 0.9254 
      H535.6  1 0.0474 0.0561 0.0129 0.1020 0.0723 0.1516 0.5577 
      H535.7  1 0.0199 0.0118 0.0094 0.0131 0.0224 0.0096 0.9137 
      H535.8  1 0.0515 0.0130 0.0110 0.0677 0.0459 0.0434 0.7675 
      H535.9  1 0.0208 0.0414 0.0138 0.0124 0.0224 0.0173 0.8720 
      H539.1  1 0.0080 0.9651 0.0066 0.0046 0.0046 0.0056 0.0056 
      H539.2  1 0.0478 0.2312 0.0202 0.0640 0.5900 0.0137 0.0331 
      H539.3  1 0.0180 0.9117 0.0190 0.0126 0.0147 0.0172 0.0069 
      H539.4  1 0.0201 0.8884 0.0390 0.0124 0.0239 0.0069 0.0094 
      H539.5  1 0.0166 0.9493 0.0086 0.0055 0.0065 0.0065 0.0069 
      H539.6  1 0.0264 0.9279 0.0088 0.0072 0.0096 0.0118 0.0084 
      H539.7  1 0.0105 0.9410 0.0083 0.0077 0.0162 0.0101 0.0063 
      H539.8  1 0.0182 0.7082 0.1387 0.0209 0.0418 0.0573 0.0148 
      H539.9  1 0.0169 0.9364 0.0189 0.0083 0.0081 0.0053 0.0062 
      H540.1  1 0.0101 0.9132 0.0247 0.0111 0.0186 0.0093 0.0129 
      H540.2  1 0.0076 0.9526 0.0072 0.0075 0.0070 0.0099 0.0081 
      H540.3  1 0.0080 0.1725 0.7002 0.0299 0.0216 0.0390 0.0288 
      H540.4  1 0.0098 0.9098 0.0132 0.0107 0.0284 0.0108 0.0173 
      H540.5  1 0.0145 0.8270 0.1010 0.0120 0.0185 0.0091 0.0178 
      H540.6  1 0.0240 0.8423 0.0468 0.0330 0.0119 0.0120 0.0299 
      H540.7  1 0.0310 0.8952 0.0093 0.0099 0.0168 0.0128 0.0250 
      H540.8  1 0.0101 0.8352 0.0118 0.0106 0.0571 0.0188 0.0564 
     H9558.1  1 0.0073 0.9482 0.0087 0.0069 0.0136 0.0078 0.0075 
     H9558.2  1 0.0189 0.9096 0.0229 0.0097 0.0226 0.0084 0.0079 
     H9558.3  1 0.0159 0.9344 0.0145 0.0080 0.0085 0.0088 0.0099 
     H9558.4  1 0.0116 0.8794 0.0197 0.0078 0.0612 0.0096 0.0107 
     H9558.5  1 0.0078 0.7960 0.0426 0.0155 0.1081 0.0092 0.0208 
     H9558.6  1 0.0893 0.8241 0.0183 0.0350 0.0077 0.0128 0.0128 
    kos339.1  1 0.0171 0.0087 0.0075 0.0119 0.0170 0.0084 0.9295 
    kos339.2  1 0.0297 0.0083 0.0224 0.0097 0.0080 0.0154 0.9065 
    kos339.3  1 0.0087 0.0092 0.0049 0.0069 0.0109 0.0109 0.9484 
    kos339.4  1 0.0113 0.0089 0.0065 0.0106 0.0098 0.0146 0.9382 
    kos339.5  1 0.0170 0.0084 0.0049 0.0096 0.0142 0.0101 0.9358 
    kos339.6  1 0.0091 0.0087 0.0142 0.0092 0.0073 0.0170 0.9345 
    kos339.7  1 0.0110 0.0085 0.0066 0.0076 0.0125 0.0101 0.9438 
    kos339.8  1 0.0091 0.0051 0.0070 0.0094 0.0123 0.0078 0.9494 
    kos339.9  1 0.0153 0.0164 0.0079 0.0059 0.0121 0.0129 0.9295 
      H008.1  2 0.9250 0.0227 0.0079 0.0085 0.0154 0.0099 0.0106 
      H008.2  2 0.2324 0.1578 0.4150 0.0401 0.1095 0.0188 0.0263 
      H008.3  2 0.1567 0.1500 0.1712 0.1834 0.2578 0.0440 0.0370 
      H008.4  2 0.8458 0.0234 0.0664 0.0159 0.0128 0.0183 0.0175 
      H008.5  2 0.8678 0.0213 0.0244 0.0248 0.0278 0.0193 0.0146 
      H008.6  2 0.4928 0.0641 0.3287 0.0167 0.0518 0.0203 0.0256 
      H008.7  2 0.6494 0.0466 0.1411 0.0475 0.0369 0.0361 0.0422 
      H008.8  2 0.2568 0.5448 0.1062 0.0178 0.0332 0.0165 0.0247 
      H008.9  2 0.0240 0.0741 0.8213 0.0169 0.0227 0.0270 0.0141 
 H029.1_2002  2 0.9000 0.0236 0.0208 0.0244 0.0088 0.0104 0.0120 
 H029.1_2003  2 0.7036 0.0331 0.0808 0.0615 0.0600 0.0242 0.0368 
 H029.2_2002  2 0.8011 0.0172 0.0285 0.0438 0.0214 0.0192 0.0689 
 H029.2_2003  2 0.6540 0.0243 0.0827 0.0505 0.0950 0.0252 0.0683 
 H029.3_2002  2 0.3522 0.0105 0.2907 0.2135 0.0343 0.0270 0.0718 
 H029.3_2003  2 0.9104 0.0085 0.0144 0.0201 0.0236 0.0090 0.0140 
 H029.4_2002  2 0.9305 0.0066 0.0159 0.0167 0.0119 0.0123 0.0063 
 H029.4_2003  2 0.7313 0.0294 0.0783 0.0782 0.0503 0.0164 0.0163 
 H029.5_2002  2 0.9437 0.0079 0.0106 0.0120 0.0074 0.0109 0.0076 
 H029.5_2003  2 0.9021 0.0119 0.0229 0.0129 0.0315 0.0084 0.0103 
 H029.6_2002  2 0.7830 0.0077 0.0739 0.1009 0.0128 0.0148 0.0068 
 H029.6_2003  2 0.7595 0.0193 0.0242 0.0242 0.0748 0.0330 0.0649 
      H029.7  2 0.8929 0.0110 0.0193 0.0200 0.0116 0.0223 0.0230 
      H030.1  2 0.0363 0.0120 0.0099 0.8632 0.0304 0.0149 0.0334 
      H030.2  2 0.1723 0.0254 0.0772 0.6324 0.0352 0.0199 0.0376 
      H038.1  2 0.9019 0.0141 0.0438 0.0140 0.0078 0.0083 0.0102 
      H038.2  2 0.9417 0.0062 0.0090 0.0127 0.0091 0.0077 0.0135 
      H038.3  2 0.9057 0.0108 0.0312 0.0111 0.0107 0.0137 0.0168 
      H038.4  2 0.9113 0.0091 0.0290 0.0105 0.0079 0.0194 0.0128 
      H038.5  2 0.8697 0.0078 0.0533 0.0167 0.0272 0.0116 0.0137 
      H038.6  2 0.9367 0.0110 0.0120 0.0146 0.0112 0.0054 0.0091 
      H038.7  2 0.9519 0.0080 0.0103 0.0067 0.0091 0.0046 0.0094 
      H038.8  2 0.8548 0.0090 0.0743 0.0234 0.0102 0.0112 0.0170 
      H041.1  2 0.7087 0.0104 0.0283 0.1013 0.0174 0.1092 0.0247 
      H041.2  2 0.7348 0.0092 0.0491 0.0331 0.0093 0.1131 0.0515 
      H041.4  2 0.7645 0.0339 0.0571 0.0463 0.0139 0.0686 0.0157 
      H041.6  2 0.7512 0.0569 0.0234 0.0593 0.0101 0.0850 0.0141 
 H042.1_2002  2 0.0185 0.0962 0.0174 0.4697 0.0672 0.2981 0.0327 
 H042.1_2003  2 0.2379 0.1109 0.4009 0.0253 0.0815 0.0786 0.0649 
 H042.2_2002  2 0.7961 0.0138 0.0197 0.0627 0.0628 0.0290 0.0159 
 H042.2_2003  2 0.4703 0.0704 0.0149 0.0316 0.0287 0.3213 0.0628 
 H042.3_2002  2 0.0452 0.0411 0.0232 0.2198 0.2140 0.4304 0.0262 
 H042.3_2003  2 0.4323 0.0571 0.0435 0.0810 0.2271 0.1385 0.0205 
 H042.4_2002  2 0.0602 0.0329 0.0373 0.7245 0.0277 0.0845 0.0330 
 H042.4_2003  2 0.1873 0.0777 0.0080 0.5739 0.0193 0.1125 0.0213 
      H042.5  2 0.0185 0.0249 0.0050 0.8391 0.0238 0.0736 0.0150 
      H042.6  2 0.0408 0.1242 0.0113 0.7336 0.0409 0.0338 0.0153 
      H042.7  2 0.0607 0.0191 0.0058 0.1679 0.0196 0.7072 0.0197 
      H042.8  2 0.2260 0.0323 0.0369 0.5205 0.0355 0.1361 0.0126 
   H042_2002  2 0.3109 0.5500 0.0405 0.0170 0.0238 0.0335 0.0243 
   H042_2003  2 0.2718 0.5922 0.0341 0.0142 0.0264 0.0433 0.0180 
      H043.1  2 0.0477 0.7202 0.1366 0.0214 0.0312 0.0098 0.0330 
      H043.2  2 0.0394 0.7003 0.2096 0.0079 0.0150 0.0167 0.0112 
      H043.3  2 0.6041 0.2589 0.0410 0.0104 0.0230 0.0130 0.0496 
      H043.4  2 0.0496 0.8777 0.0309 0.0078 0.0101 0.0090 0.0149 
      H043.5  2 0.1367 0.2050 0.5894 0.0102 0.0199 0.0216 0.0172 
      H043.6  2 0.2615 0.3904 0.2695 0.0124 0.0190 0.0144 0.0328 
      H043.7  2 0.0287 0.9065 0.0284 0.0079 0.0090 0.0073 0.0122 
      H043.8  2 0.0943 0.5194 0.1589 0.0424 0.0640 0.0317 0.0894 
      H043.9  2 0.1257 0.7036 0.0691 0.0289 0.0285 0.0078 0.0364 
      H047.1  2 0.8309 0.0846 0.0093 0.0080 0.0306 0.0120 0.0247 
      H047.2  2 0.8556 0.0179 0.0111 0.0257 0.0353 0.0236 0.0308 
      H047.3  2 0.8758 0.0195 0.0086 0.0212 0.0240 0.0296 0.0213 
      H047.4  2 0.8991 0.0156 0.0073 0.0126 0.0109 0.0270 0.0274 
      H047.5  2 0.9168 0.0199 0.0055 0.0087 0.0204 0.0147 0.0139 
      H047.6  2 0.8014 0.0350 0.0308 0.0289 0.0243 0.0471 0.0325 
      H047.7  2 0.8711 0.0386 0.0097 0.0075 0.0166 0.0239 0.0327 
      H047.8  2 0.7463 0.0677 0.0136 0.0148 0.0666 0.0571 0.0339 
      H047.9  2 0.8341 0.0317 0.0055 0.0108 0.0281 0.0450 0.0448 
 H071.1_2002  2 0.9259 0.0281 0.0066 0.0088 0.0090 0.0054 0.0161 
 H071.1_2003  2 0.7396 0.1654 0.0103 0.0274 0.0103 0.0182 0.0288 
     H071.10  2 0.9238 0.0068 0.0135 0.0259 0.0104 0.0082 0.0115 
 H071.2_2002  2 0.9260 0.0200 0.0129 0.0101 0.0106 0.0105 0.0099 
 H071.2_2003  2 0.9547 0.0112 0.0048 0.0101 0.0052 0.0061 0.0080 
      H071.3  2 0.9414 0.0074 0.0096 0.0112 0.0101 0.0089 0.0114 
 H071.4_2002  2 0.8998 0.0111 0.0220 0.0198 0.0198 0.0116 0.0160 
 H071.4_2003  2 0.9581 0.0055 0.0051 0.0065 0.0095 0.0069 0.0084 
 H071.5_2002  2 0.9518 0.0099 0.0068 0.0116 0.0065 0.0063 0.0072 
 H071.5_2003  2 0.9403 0.0151 0.0067 0.0075 0.0124 0.0089 0.0090 
 H071.6_2002  2 0.9420 0.0100 0.0106 0.0076 0.0128 0.0080 0.0089 
 H071.6_2003  2 0.9477 0.0096 0.0054 0.0127 0.0097 0.0067 0.0082 
 H071.7_2002  2 0.9636 0.0078 0.0058 0.0044 0.0062 0.0048 0.0075 
 H071.7_2003  2 0.9274 0.0149 0.0057 0.0152 0.0115 0.0128 0.0125 
      H071.8  2 0.9396 0.0119 0.0116 0.0078 0.0079 0.0112 0.0099 
      H071.9  2 0.8333 0.0181 0.0525 0.0373 0.0233 0.0216 0.0140 
 H081.1_2002  2 0.9533 0.0131 0.0063 0.0082 0.0061 0.0074 0.0057 
 H081.1_2003  2 0.0438 0.0997 0.7095 0.0701 0.0201 0.0201 0.0367 
 H081.2_2002  2 0.9394 0.0232 0.0070 0.0078 0.0065 0.0091 0.0070 
 H081.2_2003  2 0.0504 0.1487 0.0716 0.6776 0.0193 0.0177 0.0146 
 H081.3_2002  2 0.9245 0.0132 0.0104 0.0160 0.0089 0.0177 0.0094 
 H081.3_2003  2 0.0320 0.6286 0.1175 0.1242 0.0403 0.0188 0.0387 
 H081.4_2002  2 0.9367 0.0115 0.0070 0.0121 0.0127 0.0077 0.0124 
 H081.4_2003  2 0.0534 0.3465 0.1157 0.2879 0.0781 0.0329 0.0856 
 H081.5_2002  2 0.9370 0.0193 0.0080 0.0118 0.0065 0.0070 0.0104 
 H081.5_2003  2 0.2107 0.3676 0.1220 0.1011 0.0270 0.0557 0.1159 
      H081.6  2 0.9469 0.0144 0.0061 0.0083 0.0072 0.0077 0.0095 
      H081.7  2 0.9265 0.0171 0.0083 0.0119 0.0077 0.0178 0.0106 
      H081.8  2 0.8623 0.0140 0.0259 0.0424 0.0132 0.0228 0.0195 
      H083.1  2 0.9166 0.0083 0.0092 0.0308 0.0108 0.0063 0.0181 
      H083.2  2 0.9274 0.0158 0.0105 0.0184 0.0084 0.0064 0.0132 
      H083.4  2 0.9080 0.0084 0.0221 0.0310 0.0110 0.0105 0.0090 
      H083.5  2 0.9083 0.0104 0.0196 0.0291 0.0107 0.0110 0.0108 
      H083.6  2 0.8865 0.0075 0.0188 0.0484 0.0137 0.0133 0.0118 
      H083.7  2 0.8862 0.0115 0.0159 0.0390 0.0181 0.0192 0.0101 
      H083.8  2 0.9261 0.0147 0.0083 0.0132 0.0112 0.0089 0.0176 
      H083.9  2 0.9169 0.0061 0.0116 0.0367 0.0068 0.0112 0.0108 
      H084.1  2 0.0215 0.0115 0.4076 0.4828 0.0361 0.0229 0.0175 
      H084.2  2 0.0154 0.0118 0.3418 0.5493 0.0497 0.0097 0.0223 
      H084.3  2 0.0202 0.0186 0.5905 0.1398 0.0248 0.0796 0.1264 
      H084.4  2 0.0289 0.0089 0.7680 0.0563 0.0213 0.0708 0.0457 
      H084.5  2 0.0344 0.0127 0.5590 0.2046 0.0201 0.0492 0.1201 
      H084.6  2 0.0158 0.0101 0.6350 0.1651 0.0124 0.1057 0.0559 
      H084.7  2 0.0204 0.0131 0.2061 0.6738 0.0499 0.0183 0.0183 
      H084.8  2 0.0156 0.0102 0.5866 0.2289 0.0145 0.0947 0.0496 
 H085.1_2002  2 0.3794 0.2744 0.0333 0.2603 0.0105 0.0240 0.0181 
 H085.1_2003  2 0.7093 0.0208 0.0377 0.1589 0.0241 0.0351 0.0142 
 H085.2_2002  2 0.0688 0.1774 0.1054 0.4789 0.0211 0.1171 0.0313 
 H085.2_2003  2 0.8192 0.0134 0.0119 0.0924 0.0319 0.0183 0.0129 
 H085.3_2002  2 0.1301 0.3371 0.0074 0.0894 0.0184 0.3942 0.0234 
 H085.3_2003  2 0.9170 0.0139 0.0062 0.0156 0.0188 0.0170 0.0115 
 H085.4_2002  2 0.3318 0.3115 0.0629 0.1857 0.0253 0.0580 0.0247 
 H085.4_2003  2 0.9035 0.0175 0.0103 0.0227 0.0084 0.0200 0.0176 
 H085.5_2002  2 0.2133 0.5367 0.0094 0.0253 0.0171 0.1839 0.0144 
 H085.5_2003  2 0.8239 0.0151 0.0093 0.1075 0.0200 0.0123 0.0119 
 H085.6_2002  2 0.1830 0.4017 0.0417 0.2324 0.0189 0.0798 0.0425 
 H085.6_2003  2 0.5165 0.0859 0.0123 0.0197 0.0263 0.2956 0.0437 
 H085.7_2002  2 0.1531 0.3478 0.0259 0.2912 0.0200 0.1238 0.0381 
 H085.7_2003  2 0.9230 0.0128 0.0096 0.0115 0.0144 0.0166 0.0121 
 H085.8_2002  2 0.1130 0.3153 0.0216 0.0476 0.0206 0.4569 0.0250 
 H085.8_2003  2 0.3633 0.0308 0.0220 0.4746 0.0283 0.0463 0.0348 
      H085.9  2 0.3745 0.3735 0.0379 0.0945 0.0122 0.0900 0.0175 
      H088.1  2 0.0156 0.0322 0.0213 0.6426 0.0526 0.2159 0.0198 
      H088.2  2 0.0223 0.0268 0.0147 0.7872 0.0259 0.0765 0.0467 
      H088.3  2 0.0142 0.0208 0.0127 0.8919 0.0156 0.0227 0.0222 
      H088.4  2 0.0391 0.0285 0.0257 0.8421 0.0309 0.0124 0.0212 
      H088.5  2 0.0095 0.0140 0.0170 0.9113 0.0143 0.0201 0.0139 
      H088.6  2 0.0334 0.0139 0.0220 0.8016 0.0251 0.0778 0.0261 
      H088.7  2 0.5249 0.0142 0.0265 0.3132 0.0261 0.0487 0.0465 
      H088.8  2 0.4627 0.0144 0.0545 0.3165 0.0539 0.0524 0.0455 
      H091.1  2 0.0254 0.0200 0.0093 0.8489 0.0402 0.0276 0.0286 
      H091.2  2 0.1220 0.0125 0.0070 0.7031 0.0510 0.0675 0.0370 
      H109.1  2 0.1585 0.0825 0.2951 0.1775 0.2106 0.0403 0.0354 
      H109.2  2 0.3013 0.0588 0.0518 0.3006 0.1594 0.0838 0.0442 
      H109.3  2 0.1773 0.0195 0.0378 0.0463 0.2966 0.3307 0.0918 
      H109.4  2 0.0698 0.0646 0.2508 0.0911 0.3788 0.1225 0.0225 
      H109.5  2 0.5188 0.0149 0.0076 0.0410 0.0433 0.3184 0.0560 
      H109.6  2 0.1870 0.1179 0.2385 0.1168 0.1218 0.0830 0.1348 
      H126.1  2 0.0626 0.6744 0.0269 0.0193 0.1376 0.0459 0.0332 
      H126.2  2 0.7010 0.1463 0.0538 0.0141 0.0558 0.0145 0.0143 
      H126.3  2 0.8950 0.0232 0.0299 0.0088 0.0211 0.0085 0.0135 
      H126.4  2 0.1451 0.6323 0.0241 0.0291 0.1364 0.0137 0.0193 
      H126.5  2 0.2753 0.6181 0.0091 0.0092 0.0357 0.0124 0.0402 
      H126.6  2 0.9028 0.0354 0.0074 0.0108 0.0073 0.0066 0.0296 
      H126.7  2 0.9251 0.0239 0.0053 0.0125 0.0139 0.0069 0.0122 
      H130.1  2 0.0173 0.7759 0.0174 0.0668 0.0580 0.0311 0.0335 
      H130.2  2 0.0963 0.0575 0.0373 0.6525 0.0940 0.0347 0.0277 
      H130.3  2 0.0440 0.0373 0.0086 0.1443 0.7406 0.0096 0.0155 
      H130.4  2 0.0157 0.4578 0.0941 0.0965 0.2382 0.0326 0.0652 
      H130.5  2 0.0731 0.1865 0.0163 0.6257 0.0334 0.0394 0.0256 
      H133.1  2 0.1489 0.0726 0.2185 0.1357 0.2834 0.0882 0.0528 
      H133.2  2 0.0619 0.5602 0.0488 0.0877 0.0446 0.0330 0.1637 
      H133.3  2 0.2862 0.0271 0.1396 0.0707 0.1243 0.2353 0.1168 
      H133.4  2 0.0765 0.1431 0.2837 0.0445 0.1423 0.0473 0.2626 
      H133.5  2 0.0269 0.1721 0.0948 0.1137 0.4841 0.0245 0.0838 
      H133.6  2 0.0391 0.4888 0.0405 0.2495 0.1100 0.0269 0.0452 
      H133.7  2 0.1314 0.0528 0.0988 0.0302 0.0497 0.4520 0.1851 
      H133.8  2 0.0735 0.1222 0.2173 0.0682 0.3030 0.1574 0.0585 
      H133.9  2 0.0800 0.0475 0.1652 0.1647 0.4371 0.0519 0.0536 
      H147.1  2 0.6837 0.0299 0.0411 0.1399 0.0071 0.0808 0.0175 
      H147.2  2 0.9438 0.0164 0.0081 0.0105 0.0059 0.0067 0.0086 
      H147.3  2 0.9318 0.0198 0.0078 0.0137 0.0071 0.0112 0.0087 
      H147.4  2 0.9072 0.0100 0.0235 0.0263 0.0093 0.0137 0.0101 
      H147.5  2 0.7226 0.0135 0.0114 0.2042 0.0182 0.0170 0.0131 
      H147.6  2 0.7010 0.0181 0.0122 0.2010 0.0248 0.0182 0.0248 
      H147.7  2 0.8937 0.0112 0.0244 0.0257 0.0084 0.0193 0.0173 
      H147.8  2 0.8354 0.0057 0.0293 0.1047 0.0076 0.0091 0.0081 
      H147.9  2 0.9321 0.0187 0.0089 0.0121 0.0077 0.0119 0.0086 
      H148.1  2 0.0197 0.0989 0.6679 0.0915 0.0359 0.0491 0.0372 
      H148.2  2 0.0426 0.0481 0.7422 0.0385 0.0206 0.0849 0.0231 
      H148.3  2 0.0113 0.0097 0.0274 0.0123 0.0111 0.9162 0.0120 
      H148.4  2 0.0269 0.0490 0.7097 0.0213 0.0218 0.1217 0.0495 
      H148.5  2 0.0274 0.0344 0.4171 0.0739 0.0386 0.3401 0.0686 
      H148.6  2 0.0126 0.0231 0.7998 0.0335 0.0121 0.0992 0.0197 
      H148.7  2 0.0264 0.0287 0.6551 0.0318 0.1049 0.1143 0.0388 
      H148.8  2 0.0165 0.0406 0.4396 0.0232 0.0132 0.4254 0.0414 
      H148.9  2 0.0206 0.1474 0.5755 0.0367 0.0745 0.1010 0.0443 
   H166022.1  2 0.0171 0.0081 0.0133 0.9323 0.0067 0.0142 0.0083 
   H166022.2  2 0.0515 0.0138 0.0255 0.8203 0.0175 0.0311 0.0402 
   H166022.3  2 0.0076 0.0088 0.0112 0.9354 0.0173 0.0081 0.0116 
   H166022.4  2 0.0096 0.0065 0.0119 0.9272 0.0214 0.0068 0.0166 
   H166022.5  2 0.0110 0.0090 0.0104 0.9233 0.0137 0.0084 0.0242 
   H166022.6  2 0.0102 0.0169 0.0166 0.9185 0.0111 0.0100 0.0168 
   H166022.7  2 0.0105 0.0115 0.9219 0.0085 0.0320 0.0069 0.0086 
   H166022.8  2 0.0154 0.0319 0.0138 0.8229 0.0122 0.0158 0.0879 
   H167397.1  2 0.0713 0.0164 0.7715 0.0295 0.0126 0.0443 0.0544 
   H167397.2  2 0.0221 0.0340 0.7644 0.0370 0.0115 0.0252 0.1058 
   H167397.3  2 0.0602 0.0141 0.7675 0.0221 0.0112 0.0259 0.0991 
   H167397.4  2 0.0252 0.0068 0.8571 0.0256 0.0109 0.0621 0.0124 
   H167397.5  2 0.0208 0.0176 0.9000 0.0147 0.0125 0.0175 0.0170 
   H167397.6  2 0.0757 0.0204 0.7685 0.0264 0.0145 0.0377 0.0569 
   H167496.1  2 0.0201 0.0180 0.0144 0.1743 0.1269 0.4181 0.2283 
   H167496.2  2 0.4827 0.0341 0.0460 0.0268 0.0417 0.2297 0.1390 
   H167496.3  2 0.0558 0.1638 0.0104 0.2139 0.0626 0.4337 0.0597 
   H167496.4  2 0.0329 0.0099 0.0110 0.9044 0.0164 0.0099 0.0155 
   H167496.6  2 0.0848 0.0265 0.0134 0.7804 0.0438 0.0149 0.0361 
   H167496.7  2 0.0427 0.0960 0.0111 0.0615 0.1426 0.2890 0.3571 
   H167496.8  2 0.1989 0.0186 0.0168 0.6908 0.0234 0.0190 0.0326 
   H167513.1  2 0.1195 0.1065 0.2356 0.1087 0.2361 0.0923 0.1012 
   H167513.2  2 0.0400 0.1465 0.1330 0.0418 0.0771 0.5071 0.0544 
   H167513.3  2 0.0208 0.0299 0.0251 0.1442 0.6889 0.0271 0.0639 
   H167513.4  2 0.0408 0.0221 0.0370 0.7493 0.0807 0.0373 0.0328 
   H167513.5  2 0.1015 0.1628 0.2972 0.0758 0.0455 0.2761 0.0411 
   H167513.6  2 0.0852 0.1397 0.0613 0.2067 0.0760 0.2166 0.2145 
   H167513.7  2 0.0614 0.0532 0.1251 0.4377 0.2547 0.0212 0.0467 
   H167513.8  2 0.0462 0.0753 0.2036 0.0579 0.4870 0.0214 0.1086 
   H167547.1  2 0.0138 0.0797 0.0476 0.0375 0.0244 0.7008 0.0962 
   H167547.2  2 0.0198 0.0183 0.0206 0.0377 0.0110 0.8673 0.0254 
   H167547.3  2 0.0201 0.0107 0.0214 0.0361 0.0140 0.8719 0.0258 
   H167547.4  2 0.0124 0.0716 0.0496 0.3395 0.0650 0.4432 0.0187 
   H167547.5  2 0.0211 0.0112 0.0093 0.0426 0.0119 0.8934 0.0105 
   H167547.6  2 0.0221 0.0103 0.0090 0.0538 0.0127 0.8823 0.0099 
   H167547.7  2 0.0337 0.2535 0.0423 0.0399 0.0582 0.3172 0.2551 
   H169750.1  2 0.0325 0.0579 0.0284 0.1889 0.4156 0.1501 0.1267 
   H169750.2  2 0.1948 0.1178 0.1225 0.0582 0.1531 0.0471 0.3064 
   H169750.3  2 0.0655 0.0557 0.0117 0.1408 0.5007 0.0627 0.1630 
   H169750.4  2 0.0658 0.0741 0.1618 0.0234 0.1469 0.0898 0.4382 
   H169750.5  2 0.1405 0.0532 0.0247 0.1819 0.4246 0.0880 0.0871 
   H169750.6  2 0.4733 0.0809 0.0260 0.1320 0.2413 0.0267 0.0199 
   H169750.7  2 0.0846 0.0867 0.0410 0.0308 0.3166 0.0382 0.4022 
   H171929.1  2 0.0371 0.0370 0.4284 0.0149 0.0121 0.4546 0.0160 
  H171929.10  2 0.1110 0.0400 0.0990 0.1972 0.0139 0.4871 0.0519 
  H171929.11  2 0.0595 0.2094 0.3288 0.0348 0.0506 0.2151 0.1019 
   H171929.2  2 0.0420 0.2036 0.0419 0.0601 0.2421 0.3588 0.0515 
   H171929.3  2 0.0847 0.1086 0.2396 0.0796 0.0977 0.3183 0.0717 
   H171929.4  2 0.0442 0.1323 0.0117 0.1877 0.1035 0.4833 0.0372 
   H171929.5  2 0.0572 0.1301 0.3261 0.0829 0.1940 0.0770 0.1325 
   H171929.6  2 0.0356 0.1833 0.4738 0.0384 0.1291 0.0494 0.0904 
   H171929.7  2 0.0900 0.2686 0.0436 0.0210 0.0824 0.4720 0.0224 
   H171929.8  2 0.0222 0.3964 0.0239 0.0291 0.0309 0.4688 0.0288 
   H171929.9  2 0.1069 0.4672 0.0129 0.2286 0.0372 0.1132 0.0339 
   H171930.1  2 0.0454 0.0151 0.1904 0.0334 0.6195 0.0474 0.0488 
   H171930.2  2 0.0414 0.0477 0.0302 0.4455 0.2749 0.1325 0.0277 
   H171930.3  2 0.0267 0.0118 0.4805 0.0583 0.3337 0.0552 0.0338 
   H171930.4  2 0.0239 0.0090 0.0544 0.3868 0.4561 0.0392 0.0306 
   H171930.5  2 0.0761 0.0850 0.0386 0.1154 0.5923 0.0608 0.0318 
   H171930.6  2 0.1658 0.0178 0.0250 0.1702 0.4750 0.0431 0.1031 
   H171930.7  2 0.0265 0.0105 0.8695 0.0158 0.0283 0.0137 0.0357 
   H171930.8  2 0.0349 0.0168 0.8182 0.0251 0.0310 0.0142 0.0598 
   H171933.1  2 0.0081 0.0079 0.0260 0.9015 0.0152 0.0321 0.0092 
   H171933.2  2 0.0167 0.0178 0.0372 0.8619 0.0136 0.0397 0.0132 
   H171933.3  2 0.0076 0.0175 0.0108 0.8798 0.0134 0.0583 0.0126 
   H171933.4  2 0.0076 0.0219 0.0078 0.8520 0.0194 0.0136 0.0777 
   H171933.5  2 0.0075 0.2050 0.0173 0.4370 0.1215 0.0498 0.1620 
   H171933.6  2 0.0314 0.0089 0.0075 0.9108 0.0180 0.0126 0.0108 
   H171933.7  2 0.0177 0.0392 0.0138 0.8536 0.0291 0.0226 0.0239 
   H171933.8  2 0.0167 0.0507 0.0365 0.7961 0.0173 0.0303 0.0524 
   H171933.9  2 0.0086 0.0086 0.0062 0.9434 0.0167 0.0084 0.0080 
      H190.1  2 0.0579 0.0218 0.0095 0.2422 0.5257 0.0311 0.1117 
      H190.2  2 0.2410 0.0681 0.0102 0.0188 0.0256 0.5658 0.0705 
      H190.3  2 0.0447 0.2599 0.0142 0.0682 0.0722 0.4934 0.0475 
      H190.4  2 0.0116 0.0248 0.0102 0.7840 0.1297 0.0205 0.0191 
      H190.5  2 0.4194 0.0902 0.0110 0.0323 0.0546 0.2423 0.1501 
      H190.6  2 0.0182 0.0393 0.0114 0.7428 0.1188 0.0436 0.0259 
      H190.7  2 0.0222 0.6470 0.0177 0.0848 0.0346 0.0725 0.1212 
      H190.8  2 0.1891 0.1222 0.0106 0.0330 0.1569 0.2550 0.2332 
      H190.9  2 0.1524 0.2105 0.0192 0.0583 0.0896 0.2303 0.2397 
      H400.1  2 0.0099 0.0129 0.0107 0.9416 0.0103 0.0060 0.0087 
      H400.2  2 0.0299 0.0074 0.0125 0.9249 0.0093 0.0074 0.0086 
      H400.3  2 0.0135 0.0216 0.0123 0.8862 0.0320 0.0152 0.0192 
      H400.4  2 0.0335 0.0100 0.0072 0.9176 0.0134 0.0093 0.0091 
      H400.5  2 0.0118 0.0105 0.0089 0.9205 0.0255 0.0119 0.0110 
      H400.6  2 0.0153 0.0098 0.0050 0.9445 0.0074 0.0092 0.0087 
      H400.7  2 0.0063 0.0126 0.0052 0.9445 0.0117 0.0085 0.0112 
 H428.1_2005  2 0.0201 0.0095 0.0128 0.9071 0.0284 0.0103 0.0116 
 H428.1_2006  2 0.0325 0.0108 0.0096 0.8718 0.0150 0.0303 0.0300 
 H428.2_2005  2 0.0074 0.0076 0.0116 0.9408 0.0102 0.0130 0.0093 
 H428.2_2006  2 0.0548 0.0126 0.0114 0.8808 0.0142 0.0152 0.0110 
 H428.3_2005  2 0.0125 0.0066 0.0057 0.9351 0.0144 0.0123 0.0134 
 H428.3_2006  2 0.0651 0.0162 0.0128 0.8604 0.0157 0.0154 0.0145 
 H428.4_2005  2 0.0086 0.0046 0.0090 0.9175 0.0196 0.0201 0.0205 
 H428.4_2006  2 0.0211 0.0078 0.0079 0.9291 0.0104 0.0160 0.0077 
 H428.5_2005  2 0.0197 0.0088 0.0285 0.9171 0.0081 0.0121 0.0057 
 H428.6_2005  2 0.0147 0.0119 0.0078 0.9006 0.0209 0.0143 0.0298 
 H428.6_2006  2 0.0278 0.0080 0.0244 0.8796 0.0322 0.0142 0.0139 
      H428.7  2 0.0122 0.0089 0.0069 0.9496 0.0109 0.0072 0.0043 
      H428.8  2 0.0294 0.0102 0.0170 0.9106 0.0187 0.0072 0.0070 
      H428.9  2 0.0110 0.0096 0.0245 0.9280 0.0100 0.0105 0.0063 
      H453.1  2 0.0544 0.0101 0.0110 0.8720 0.0264 0.0098 0.0163 
      H453.2  2 0.0121 0.0126 0.0082 0.9259 0.0181 0.0121 0.0111 
      H453.3  2 0.0104 0.0169 0.0053 0.9310 0.0133 0.0146 0.0084 
      H453.4  2 0.0125 0.0124 0.0061 0.9296 0.0179 0.0117 0.0097 
      H453.5  2 0.0249 0.0083 0.0079 0.9154 0.0212 0.0109 0.0115 
      H453.6  2 0.0234 0.0058 0.0074 0.9371 0.0106 0.0087 0.0070 
      H453.7  2 0.3821 0.1668 0.0095 0.2959 0.0238 0.0662 0.0557 
      H453.8  2 0.2035 0.1066 0.0186 0.5497 0.0395 0.0409 0.0413 
      H453.9  2 0.2540 0.0434 0.0101 0.6313 0.0324 0.0150 0.0138 
      H512.1  2 0.0186 0.0162 0.0066 0.8748 0.0558 0.0112 0.0167 
     H512.10  2 0.0775 0.0231 0.1138 0.4088 0.2416 0.0542 0.0811 
      H512.2  2 0.0362 0.0410 0.0331 0.4685 0.2668 0.0876 0.0669 
      H512.3  2 0.0188 0.0107 0.0309 0.0523 0.7984 0.0295 0.0593 
      H512.4  2 0.0973 0.0275 0.0463 0.6378 0.0480 0.0652 0.0779 
      H512.5  2 0.0161 0.0102 0.0300 0.0278 0.7722 0.0235 0.1203 
      H512.6  2 0.0157 0.0346 0.0129 0.1020 0.5504 0.0686 0.2157 
      H512.7  2 0.0307 0.0081 0.0227 0.0487 0.8405 0.0131 0.0361 
      H512.8  2 0.0503 0.0228 0.0296 0.2331 0.4207 0.1225 0.1209 
      H512.9  2 0.0327 0.0151 0.0231 0.1219 0.7489 0.0170 0.0413 
      H513.1  2 0.0120 0.0074 0.0107 0.9439 0.0088 0.0089 0.0083 
      H513.2  2 0.0119 0.0084 0.0139 0.9414 0.0074 0.0107 0.0063 
      H513.3  2 0.0097 0.0085 0.0059 0.9502 0.0111 0.0081 0.0066 
      H513.4  2 0.0526 0.0098 0.0059 0.8855 0.0179 0.0125 0.0158 
      H513.5  2 0.0116 0.0079 0.0084 0.9340 0.0210 0.0079 0.0093 
      H513.6  2 0.0208 0.0318 0.2685 0.6105 0.0260 0.0321 0.0102 
      H532.1  2 0.1307 0.0138 0.0310 0.7066 0.0281 0.0141 0.0756 
      H532.2  2 0.0279 0.0104 0.0138 0.8813 0.0103 0.0385 0.0179 
      H532.3  2 0.0256 0.0210 0.0106 0.8764 0.0205 0.0231 0.0227 
      H532.4  2 0.3313 0.0568 0.0291 0.5133 0.0149 0.0117 0.0430 
      H532.5  2 0.0399 0.0187 0.0294 0.8309 0.0391 0.0233 0.0188 
      H532.6  2 0.0667 0.0302 0.0180 0.8321 0.0119 0.0074 0.0337 
      H532.7  2 0.1676 0.0124 0.0205 0.7448 0.0243 0.0131 0.0174 
      H532.8  2 0.2183 0.0144 0.0464 0.5766 0.0540 0.0508 0.0395 
      H543.1  2 0.0066 0.0067 0.9376 0.0211 0.0069 0.0096 0.0115 
      H543.2  2 0.0142 0.0088 0.8413 0.0755 0.0136 0.0344 0.0123 
      H543.3  2 0.0094 0.0106 0.9400 0.0142 0.0066 0.0100 0.0091 
      H543.4  2 0.0057 0.0104 0.9325 0.0120 0.0067 0.0170 0.0158 
      H543.5  2 0.0085 0.0077 0.9498 0.0094 0.0053 0.0122 0.0070 
      H543.6  2 0.0083 0.0125 0.9315 0.0160 0.0078 0.0166 0.0072 
      H543.7  2 0.0050 0.0055 0.9664 0.0052 0.0042 0.0076 0.0060 
      H543.8  2 0.0172 0.0110 0.9233 0.0187 0.0105 0.0115 0.0078 
      H543.9  2 0.0094 0.0084 0.9418 0.0148 0.0079 0.0103 0.0074 
 H545.1_2005  2 0.0039 0.0077 0.9722 0.0041 0.0041 0.0040 0.0041 
 H545.1_2006  2 0.0094 0.0061 0.9575 0.0067 0.0067 0.0060 0.0077 
 H545.2_2005  2 0.0075 0.0160 0.9303 0.0072 0.0225 0.0103 0.0062 
 H545.2_2006  2 0.0049 0.0047 0.9691 0.0059 0.0056 0.0054 0.0044 
 H545.3_2005  2 0.0076 0.0117 0.9281 0.0091 0.0154 0.0182 0.0100 
 H545.3_2006  2 0.0102 0.0093 0.9594 0.0054 0.0062 0.0045 0.0049 
 H545.4_2005  2 0.0087 0.0185 0.9166 0.0064 0.0125 0.0189 0.0184 
 H545.4_2006  2 0.0062 0.0125 0.9444 0.0071 0.0127 0.0096 0.0075 
 H545.5_2005  2 0.0107 0.0098 0.9506 0.0084 0.0087 0.0058 0.0060 
 H545.5_2006  2 0.0070 0.0115 0.9447 0.0087 0.0105 0.0111 0.0066 
 H545.6_2005  2 0.0042 0.0061 0.9696 0.0057 0.0052 0.0044 0.0047 
 H545.6_2006  2 0.0053 0.0068 0.9621 0.0065 0.0071 0.0062 0.0062 
 H545.7_2005  2 0.0054 0.0058 0.9659 0.0051 0.0077 0.0052 0.0049 
 H545.7_2006  2 0.0099 0.0097 0.9506 0.0062 0.0099 0.0068 0.0069 
 H545.8_2005  2 0.0093 0.0181 0.9269 0.0123 0.0128 0.0133 0.0072 
 H545.8_2006  2 0.0057 0.0058 0.9664 0.0054 0.0057 0.0053 0.0058 
      H545.9  2 0.0058 0.0087 0.9514 0.0064 0.0105 0.0113 0.0060 
      H547.1  2 0.0105 0.0267 0.0131 0.8426 0.0245 0.0621 0.0204 
      H547.2  2 0.0552 0.0211 0.0147 0.6156 0.0090 0.2441 0.0403 
      H547.3  2 0.0096 0.0940 0.0246 0.6249 0.0382 0.0836 0.1252 
      H547.4  2 0.0671 0.0834 0.0138 0.5998 0.0354 0.1047 0.0958 
      H547.5  2 0.0063 0.0145 0.0072 0.5500 0.0106 0.3917 0.0197 
      H547.6  2 0.0128 0.0233 0.0310 0.8899 0.0084 0.0228 0.0119 
      H547.7  2 0.0148 0.0748 0.0353 0.7477 0.0350 0.0531 0.0394 
      H547.8  2 0.0083 0.0365 0.0129 0.8422 0.0170 0.0693 0.0137 
      H548.1  2 0.0060 0.0097 0.9550 0.0065 0.0103 0.0071 0.0054 
      H548.2  2 0.0084 0.0070 0.9475 0.0078 0.0077 0.0106 0.0110 
      H548.3  2 0.0062 0.0099 0.9574 0.0071 0.0064 0.0076 0.0054 
      H548.4  2 0.0208 0.0300 0.8940 0.0104 0.0158 0.0114 0.0176 
      H548.5  2 0.0073 0.0074 0.9624 0.0053 0.0058 0.0048 0.0071 
      H548.6  2 0.0061 0.0107 0.9503 0.0053 0.0111 0.0071 0.0094 
      H548.7  2 0.0072 0.0089 0.9561 0.0064 0.0072 0.0086 0.0056 
      H548.8  2 0.0092 0.0088 0.9550 0.0068 0.0084 0.0052 0.0066 
      H548.9  2 0.0129 0.0148 0.9231 0.0108 0.0115 0.0173 0.0096 
     H7389.1  2 0.0122 0.0136 0.0103 0.9271 0.0154 0.0138 0.0075 
     H7389.2  2 0.0097 0.0071 0.0353 0.9174 0.0095 0.0153 0.0056 
     H7389.3  2 0.0157 0.0064 0.0251 0.8994 0.0174 0.0292 0.0068 
     H7389.4  2 0.0236 0.0182 0.0480 0.8760 0.0178 0.0062 0.0102 
     H7389.5  2 0.0179 0.0256 0.0273 0.8835 0.0264 0.0080 0.0113 
     H7389.6  2 0.0266 0.0067 0.0160 0.8538 0.0606 0.0108 0.0255 
     H7389.7  2 0.0135 0.0092 0.0427 0.8765 0.0248 0.0230 0.0102 
     H7389.8  2 0.0251 0.0297 0.4440 0.4387 0.0350 0.0163 0.0114 
     H7389.9  2 0.0282 0.0102 0.0685 0.8560 0.0169 0.0111 0.0091 
      H747.1  2 0.0401 0.0171 0.0257 0.0535 0.6727 0.1601 0.0308 
      H747.2  2 0.0171 0.0289 0.0263 0.0182 0.8512 0.0199 0.0385 
      H747.3  2 0.0148 0.0210 0.0182 0.0500 0.8093 0.0358 0.0509 
      H747.4  2 0.0353 0.0208 0.0131 0.0161 0.8150 0.0410 0.0588 
      H747.5  2 0.0150 0.0188 0.0183 0.0218 0.8659 0.0189 0.0413 
      H747.6  2 0.0283 0.0226 0.1280 0.0733 0.6606 0.0517 0.0354 
      H747.7  2 0.0125 0.0207 0.0175 0.0358 0.8577 0.0260 0.0298 
     H7484.1  2 0.8353 0.0438 0.0133 0.0481 0.0256 0.0233 0.0107 
     H7484.2  2 0.6595 0.2027 0.0126 0.0345 0.0235 0.0487 0.0185 
     H7484.3  2 0.7874 0.0848 0.0228 0.0166 0.0379 0.0349 0.0157 
     H7484.4  2 0.7762 0.0694 0.0079 0.0753 0.0289 0.0229 0.0195 
     H7484.5  2 0.7626 0.0711 0.0220 0.0452 0.0677 0.0180 0.0134 
     H7484.6  2 0.1231 0.1092 0.0136 0.0210 0.6446 0.0620 0.0266 
     H7484.7  2 0.3484 0.4810 0.0105 0.0211 0.1060 0.0123 0.0207 
     H7484.8  2 0.6114 0.0612 0.0090 0.1570 0.1127 0.0289 0.0198 
     H7485.1  2 0.0135 0.0104 0.9342 0.0085 0.0078 0.0139 0.0117 
     H7485.2  2 0.0068 0.0068 0.9650 0.0071 0.0046 0.0053 0.0044 
     H7485.3  2 0.0084 0.0076 0.9564 0.0058 0.0073 0.0071 0.0074 
     H7485.4  2 0.0070 0.0117 0.9618 0.0059 0.0037 0.0054 0.0046 
     H7485.5  2 0.0157 0.0186 0.9293 0.0097 0.0080 0.0109 0.0078 
     H7485.6  2 0.0146 0.0108 0.9318 0.0097 0.0096 0.0130 0.0105 
     H7485.7  2 0.0106 0.0136 0.9422 0.0063 0.0086 0.0071 0.0116 
     H7496.1  2 0.0552 0.0159 0.0068 0.8373 0.0324 0.0189 0.0335 
    H7496.10  2 0.0385 0.0151 0.0094 0.9024 0.0082 0.0141 0.0124 
    H7496.11  2 0.0620 0.0100 0.8050 0.0303 0.0312 0.0247 0.0367 
     H7496.2  2 0.0436 0.0206 0.0083 0.8719 0.0218 0.0124 0.0215 
     H7496.3  2 0.5568 0.0674 0.0140 0.2665 0.0259 0.0266 0.0428 
     H7496.4  2 0.0216 0.0102 0.0164 0.9002 0.0169 0.0173 0.0174 
     H7496.5  2 0.0397 0.0184 0.0104 0.8365 0.0388 0.0140 0.0423 
     H7496.6  2 0.0372 0.0193 0.0074 0.8539 0.0449 0.0115 0.0257 
     H7496.7  2 0.0214 0.0112 0.0098 0.9201 0.0111 0.0147 0.0116 
     H7496.8  2 0.0943 0.0499 0.0294 0.7053 0.0193 0.0442 0.0577 
        UNK4  2 0.0258 0.0889 0.0835 0.6892 0.0397 0.0212 0.0517 
        UNK5  2 0.0553 0.0449 0.0453 0.8105 0.0132 0.0147 0.0160 
        UNK6  2 0.0313 0.0188 0.0500 0.8445 0.0228 0.0197 0.0129 
        UNK7  2 0.0250 0.0173 0.0907 0.8308 0.0077 0.0110 0.0174 
        UNK8  2 0.0223 0.0371 0.1727 0.7398 0.0098 0.0076 0.0107 
        UNK9  2 0.1856 0.0244 0.2050 0.4835 0.0602 0.0184 0.0229 
      H009.1  4 0.0086 0.9319 0.0066 0.0105 0.0135 0.0131 0.0160 
      H009.2  4 0.0066 0.8310 0.0100 0.0147 0.0362 0.0099 0.0916 
      H009.3  4 0.0101 0.9214 0.0089 0.0114 0.0156 0.0121 0.0205 
      H009.4  4 0.0162 0.7378 0.0136 0.0122 0.1020 0.0203 0.0979 
      H009.5  4 0.0081 0.9197 0.0087 0.0099 0.0215 0.0088 0.0234 
      H009.6  4 0.0091 0.9343 0.0066 0.0090 0.0118 0.0150 0.0143 
      H046.4  4 0.1897 0.4515 0.0750 0.0584 0.1279 0.0237 0.0738 
      H046.8  4 0.0543 0.1480 0.0708 0.0341 0.2233 0.3086 0.1610 
 H076.1_2002  4 0.0078 0.0065 0.0096 0.0099 0.0107 0.9479 0.0076 
 H076.1_2003  4 0.0063 0.0080 0.0103 0.0050 0.0061 0.9569 0.0074 
