      H105.1  1 0.0145 0.0071 0.0131 0.0122 0.0134 0.0102 0.0155 0.0079 0.8687 0.0223 0.0151 
      H105.2  1 0.0204 0.0160 0.0132 0.0148 0.0372 0.0402 0.0836 0.0119 0.7013 0.0163 0.0451 
      H105.3  1 0.0086 0.0128 0.0176 0.0072 0.0076 0.0231 0.0182 0.0142 0.8614 0.0084 0.0210 
      H105.4  1 0.0726 0.0109 0.0247 0.0060 0.0202 0.0158 0.0333 0.0520 0.7141 0.0135 0.0370 
      H105.5  1 0.0488 0.0122 0.0706 0.0127 0.0193 0.0399 0.0475 0.0488 0.0677 0.0290 0.6036 
      H105.6  1 0.0154 0.0081 0.0224 0.0051 0.0067 0.0136 0.0075 0.0278 0.8726 0.0054 0.0154 
      H105.7  1 0.0171 0.0238 0.0086 0.0053 0.0059 0.0081 0.0123 0.0073 0.8893 0.0137 0.0086 
      H105.8  1 0.0065 0.0300 0.0089 0.0105 0.0222 0.0094 0.0138 0.0106 0.8718 0.0083 0.0080 
      H115.1  1 0.0078 0.0486 0.0456 0.0134 0.0208 0.0587 0.0147 0.7323 0.0197 0.0191 0.0193 
      H115.2  1 0.0074 0.0070 0.0112 0.0105 0.0137 0.0144 0.0081 0.8777 0.0151 0.0109 0.0241 
      H115.3  1 0.0084 0.0065 0.0121 0.0067 0.0085 0.0069 0.0087 0.8887 0.0119 0.0113 0.0303 
      H115.4  1 0.0253 0.0101 0.1520 0.0108 0.0914 0.1284 0.0747 0.1269 0.0206 0.0523 0.3075 
      H115.5  1 0.0274 0.0349 0.0363 0.0616 0.0139 0.0272 0.1425 0.5524 0.0318 0.0331 0.0389 
      H115.6  1 0.0144 0.0153 0.0173 0.0160 0.0127 0.0356 0.0238 0.6586 0.0124 0.0235 0.1703 
      H115.7  1 0.0184 0.0086 0.0321 0.0080 0.0280 0.1564 0.0705 0.4300 0.0136 0.0296 0.2050 
      H115.8  1 0.0085 0.0259 0.0143 0.0824 0.0135 0.0179 0.0250 0.7577 0.0146 0.0154 0.0249 
      H115.9  1 0.0105 0.0264 0.0097 0.0062 0.0067 0.0120 0.0067 0.8990 0.0053 0.0106 0.0070 
      H145.1  1 0.8766 0.0079 0.0156 0.0432 0.0084 0.0103 0.0040 0.0110 0.0066 0.0069 0.0094 
      H145.2  1 0.8567 0.0080 0.0232 0.0508 0.0127 0.0087 0.0046 0.0114 0.0086 0.0067 0.0087 
      H145.3  1 0.8177 0.0298 0.0085 0.0872 0.0060 0.0075 0.0158 0.0103 0.0039 0.0056 0.0079 
      H145.4  1 0.8901 0.0082 0.0190 0.0220 0.0078 0.0198 0.0049 0.0053 0.0071 0.0063 0.0097 
      H145.5  1 0.5603 0.0112 0.0322 0.3166 0.0123 0.0137 0.0156 0.0076 0.0053 0.0070 0.0182 
      H145.6  1 0.8925 0.0057 0.0122 0.0334 0.0084 0.0112 0.0108 0.0068 0.0055 0.0077 0.0059 
      H145.7  1 0.9067 0.0080 0.0159 0.0076 0.0071 0.0122 0.0131 0.0068 0.0055 0.0090 0.0083 
      H149.1  1 0.0057 0.0062 0.9406 0.0071 0.0059 0.0051 0.0047 0.0077 0.0055 0.0052 0.0063 
      H149.2  1 0.0126 0.0047 0.9170 0.0049 0.0051 0.0074 0.0069 0.0053 0.0071 0.0091 0.0198 
      H149.3  1 0.0247 0.0097 0.8422 0.0073 0.0127 0.0169 0.0109 0.0093 0.0141 0.0345 0.0176 
      H149.4  1 0.0078 0.0074 0.9070 0.0087 0.0132 0.0091 0.0071 0.0082 0.0128 0.0099 0.0087 
      H149.5  1 0.0535 0.0073 0.7750 0.0069 0.0197 0.0137 0.0166 0.0051 0.0149 0.0714 0.0158 
      H149.6  1 0.0112 0.0037 0.9020 0.0063 0.0086 0.0152 0.0079 0.0052 0.0088 0.0178 0.0132 
      H149.7  1 0.0224 0.0196 0.6917 0.0143 0.0835 0.0372 0.0166 0.0084 0.0249 0.0651 0.0161 
      H150.1  1 0.0094 0.0129 0.0045 0.0156 0.0123 0.0111 0.0075 0.8614 0.0158 0.0080 0.0417 
      H150.2  1 0.0057 0.0100 0.0124 0.0324 0.0144 0.0294 0.0120 0.7709 0.0178 0.0109 0.0841 
      H150.3  1 0.0119 0.0208 0.0096 0.0178 0.0235 0.2005 0.0268 0.6144 0.0233 0.0104 0.0412 
      H150.4  1 0.0122 0.0100 0.0051 0.0236 0.0061 0.0196 0.0131 0.8793 0.0088 0.0082 0.0141 
      H150.5  1 0.0109 0.0078 0.0104 0.0068 0.0347 0.0115 0.0127 0.6622 0.0385 0.0223 0.1822 
      H150.6  1 0.0067 0.0051 0.0155 0.0139 0.0654 0.0121 0.0519 0.1873 0.1518 0.0222 0.4681 
      H150.7  1 0.0079 0.0097 0.0044 0.0099 0.0075 0.0076 0.0053 0.9263 0.0066 0.0045 0.0104 
   H169607.1  1 0.1093 0.0330 0.0183 0.0290 0.3722 0.1709 0.0427 0.0900 0.0109 0.0458 0.0778 
   H169607.2  1 0.6761 0.0287 0.0159 0.0054 0.1589 0.0230 0.0103 0.0284 0.0085 0.0181 0.0266 
   H169607.3  1 0.4522 0.0579 0.0221 0.0151 0.1032 0.0229 0.0499 0.0378 0.0122 0.1658 0.0608 
   H169607.4  1 0.7468 0.0111 0.0082 0.0078 0.0809 0.0133 0.0073 0.0314 0.0090 0.0112 0.0730 
   H169607.5  1 0.4804 0.1009 0.0492 0.0118 0.1045 0.0158 0.0123 0.0940 0.0093 0.0590 0.0627 
   H169607.6  1 0.7694 0.0225 0.0108 0.0055 0.0998 0.0101 0.0137 0.0133 0.0101 0.0141 0.0307 
   H169607.7  1 0.2387 0.0712 0.0144 0.0069 0.4978 0.0217 0.0180 0.0242 0.0165 0.0153 0.0754 
   H169607.8  1 0.7954 0.0200 0.0089 0.0050 0.0788 0.0127 0.0098 0.0234 0.0063 0.0097 0.0300 
   H169633.1  1 0.0259 0.0149 0.6543 0.0535 0.0131 0.0578 0.0796 0.0437 0.0250 0.0186 0.0135 
   H169633.2  1 0.0078 0.0363 0.7507 0.0175 0.0168 0.0548 0.0579 0.0068 0.0231 0.0149 0.0135 
   H169633.3  1 0.0097 0.0217 0.8314 0.0118 0.0166 0.0289 0.0136 0.0083 0.0296 0.0138 0.0147 
   H169633.4  1 0.0147 0.0076 0.8288 0.0374 0.0067 0.0149 0.0198 0.0236 0.0226 0.0107 0.0132 
   H169633.5  1 0.0180 0.0093 0.8230 0.0397 0.0090 0.0136 0.0209 0.0208 0.0199 0.0114 0.0145 
   H169688.1  1 0.3038 0.0148 0.0291 0.0057 0.1757 0.0187 0.3932 0.0133 0.0070 0.0278 0.0109 
   H169688.2  1 0.0362 0.0231 0.0110 0.0179 0.5317 0.0082 0.2662 0.0249 0.0186 0.0459 0.0162 
   H169688.3  1 0.0350 0.0061 0.0153 0.0067 0.7179 0.0145 0.1401 0.0214 0.0089 0.0229 0.0111 
   H169688.4  1 0.0238 0.0164 0.0124 0.0268 0.1835 0.0082 0.0715 0.5850 0.0137 0.0360 0.0226 
   H169688.5  1 0.0302 0.0192 0.0150 0.0323 0.1602 0.0106 0.0718 0.5991 0.0155 0.0270 0.0192 
   H169688.6  1 0.0721 0.0111 0.0241 0.0635 0.5501 0.0066 0.1829 0.0366 0.0281 0.0160 0.0090 
   H169688.7  1 0.0635 0.0119 0.0133 0.0112 0.7389 0.0128 0.0676 0.0279 0.0106 0.0158 0.0266 
   H171901.1  1 0.1175 0.0105 0.0120 0.0662 0.0269 0.2268 0.0960 0.1017 0.0349 0.0247 0.2828 
   H171901.2  1 0.0300 0.0124 0.7619 0.0131 0.0150 0.0113 0.0136 0.0575 0.0284 0.0096 0.0472 
   H171901.3  1 0.0099 0.0143 0.7494 0.0080 0.0178 0.0120 0.0545 0.0529 0.0140 0.0290 0.0382 
   H171901.4  1 0.0115 0.0161 0.7653 0.0081 0.0180 0.0091 0.0168 0.0314 0.0334 0.0122 0.0782 
   H171901.5  1 0.0145 0.0088 0.7450 0.0070 0.0279 0.0110 0.0093 0.0226 0.0267 0.0136 0.1135 
   H171901.6  1 0.0283 0.0134 0.5145 0.0088 0.0733 0.0137 0.0091 0.0458 0.0489 0.0165 0.2278 
   H171901.7  1 0.0168 0.0251 0.6980 0.0080 0.1329 0.0112 0.0170 0.0210 0.0165 0.0210 0.0323 
   H171902.1  1 0.0341 0.0177 0.0318 0.1667 0.3407 0.0125 0.0245 0.3181 0.0103 0.0085 0.0350 
  H171902.10  1 0.0452 0.0073 0.0860 0.0216 0.7319 0.0100 0.0120 0.0330 0.0052 0.0081 0.0396 
   H171902.2  1 0.0206 0.0990 0.0288 0.0642 0.2488 0.0166 0.2839 0.1173 0.0470 0.0273 0.0465 
   H171902.3  1 0.0236 0.0143 0.0662 0.0116 0.7501 0.0176 0.0123 0.0427 0.0103 0.0080 0.0435 
   H171902.4  1 0.0395 0.0148 0.2415 0.0705 0.0920 0.0180 0.0226 0.4589 0.0106 0.0079 0.0237 
   H171902.6  1 0.0404 0.0079 0.0858 0.0292 0.6891 0.0217 0.0089 0.0632 0.0068 0.0099 0.0372 
   H171902.7  1 0.0899 0.0074 0.1332 0.1449 0.3422 0.0180 0.0104 0.0860 0.0158 0.0110 0.1413 
   H171902.8  1 0.0355 0.0115 0.0790 0.0417 0.6633 0.0188 0.0106 0.0565 0.0068 0.0151 0.0611 
   H171902.9  1 0.0144 0.0109 0.0103 0.0238 0.0341 0.0101 0.0099 0.8583 0.0072 0.0063 0.0147 
   H171903.1  1 0.7836 0.0247 0.0249 0.0059 0.0205 0.0148 0.0097 0.0342 0.0143 0.0245 0.0430 
   H171903.2  1 0.5975 0.0852 0.0291 0.0178 0.0345 0.0122 0.0109 0.0606 0.0391 0.0635 0.0497 
   H171903.3  1 0.1237 0.0580 0.2569 0.0228 0.0508 0.0370 0.0133 0.0361 0.0316 0.1527 0.2171 
   H171903.4  1 0.3246 0.0113 0.0245 0.0118 0.0609 0.0255 0.0498 0.0760 0.0287 0.0912 0.2957 
   H171903.5  1 0.0774 0.0353 0.2071 0.0136 0.2030 0.0222 0.0200 0.0658 0.0356 0.2472 0.0728 
   H171903.6  1 0.1882 0.0184 0.0880 0.0059 0.2722 0.0083 0.0150 0.1030 0.0105 0.1736 0.1169 
      H177.1  1 0.1153 0.0087 0.5824 0.0164 0.0485 0.0113 0.0362 0.0287 0.0068 0.0933 0.0524 
      H177.2  1 0.0722 0.0734 0.3921 0.0208 0.1787 0.0127 0.0241 0.0397 0.0103 0.0785 0.0976 
      H177.3  1 0.0661 0.0142 0.6070 0.0204 0.1415 0.0107 0.0077 0.0436 0.0067 0.0293 0.0528 
      H177.4  1 0.1105 0.0119 0.5825 0.0106 0.0471 0.0087 0.0179 0.0091 0.0279 0.1439 0.0298 
      H177.5  1 0.0296 0.0181 0.0280 0.0103 0.0269 0.0078 0.0738 0.0215 0.0325 0.7184 0.0330 
      H177.6  1 0.0351 0.0157 0.7123 0.0259 0.0734 0.0122 0.0056 0.0360 0.0070 0.0170 0.0599 
      H179.1  1 0.0067 0.0211 0.1341 0.0076 0.4460 0.1093 0.0493 0.0341 0.0406 0.1208 0.0303 
      H179.2  1 0.0095 0.0293 0.1375 0.0074 0.6429 0.0526 0.0155 0.0188 0.0152 0.0405 0.0309 
      H179.3  1 0.0153 0.0589 0.0161 0.0081 0.4794 0.0313 0.0690 0.0439 0.0163 0.2489 0.0129 
      H179.4  1 0.0167 0.0361 0.6161 0.0076 0.2059 0.0211 0.0281 0.0110 0.0166 0.0227 0.0181 
      H180.1  1 0.0076 0.0096 0.0533 0.0192 0.0297 0.0103 0.0408 0.1115 0.0332 0.0192 0.6655 
      H180.2  1 0.0054 0.0082 0.0300 0.0174 0.0119 0.0055 0.0465 0.1481 0.0617 0.0098 0.6557 
      H180.3  1 0.0186 0.0917 0.0399 0.0222 0.0094 0.0229 0.0123 0.3870 0.0318 0.0237 0.3405 
      H180.4  1 0.0084 0.0245 0.0336 0.0259 0.0252 0.0100 0.0453 0.0290 0.1716 0.0207 0.6058 
      H180.5  1 0.0129 0.0256 0.0152 0.0366 0.0243 0.0074 0.0342 0.0459 0.0219 0.0208 0.7553 
      H180.6  1 0.0369 0.6308 0.0174 0.0476 0.0133 0.0209 0.0337 0.0566 0.0237 0.0089 0.1103 
      H181.1  1 0.0411 0.0102 0.4655 0.0200 0.0311 0.0103 0.2631 0.0133 0.0129 0.0823 0.0502 
      H181.2  1 0.0425 0.0155 0.4624 0.0225 0.0676 0.0178 0.1769 0.0125 0.0160 0.0299 0.1364 
      H181.3  1 0.0291 0.0151 0.1871 0.0195 0.0872 0.0066 0.4814 0.0115 0.0096 0.0160 0.1369 
      H181.4  1 0.0510 0.0185 0.2663 0.0060 0.0619 0.0222 0.0834 0.0647 0.0129 0.2448 0.1683 
      H181.5  1 0.0119 0.0250 0.1921 0.0141 0.0718 0.0322 0.5459 0.0107 0.0133 0.0273 0.0557 
      H181.6  1 0.0198 0.0271 0.4255 0.0113 0.0594 0.0252 0.0528 0.0372 0.0617 0.0284 0.2517 
      H181.7  1 0.0196 0.0536 0.3016 0.0130 0.3224 0.0102 0.2007 0.0183 0.0195 0.0271 0.0140 
 H194.1_2004  1 0.8402 0.0183 0.0252 0.0080 0.0154 0.0127 0.0061 0.0213 0.0126 0.0141 0.0262 
 H194.2_2004  1 0.8458 0.0077 0.0079 0.0098 0.0099 0.0114 0.0240 0.0087 0.0051 0.0378 0.0320 
 H194.3_2004  1 0.5348 0.0108 0.3472 0.0108 0.0147 0.0294 0.0073 0.0084 0.0103 0.0106 0.0157 
 H194.4_2004  1 0.8461 0.0093 0.0403 0.0144 0.0098 0.0121 0.0214 0.0088 0.0062 0.0217 0.0099 
 H194.5_2004  1 0.6023 0.0227 0.2256 0.0068 0.0183 0.0266 0.0098 0.0155 0.0209 0.0190 0.0325 
 H194.6_2004  1 0.2733 0.0139 0.4905 0.0112 0.0251 0.0322 0.0367 0.0173 0.0113 0.0696 0.0188 
 H194.7_2004  1 0.8614 0.0451 0.0084 0.0053 0.0092 0.0118 0.0122 0.0091 0.0101 0.0142 0.0133 
 H194.8_2004  1 0.5545 0.0191 0.1403 0.0113 0.0240 0.0494 0.0684 0.0148 0.0148 0.0577 0.0458 
      H194.9  1 0.8280 0.0468 0.0156 0.0095 0.0098 0.0230 0.0137 0.0122 0.0161 0.0121 0.0131 
 H195.1_2003  1 0.1464 0.0100 0.0247 0.0058 0.0270 0.0220 0.0212 0.0148 0.6541 0.0166 0.0575 
 H195.1_2004  1 0.6554 0.0099 0.0634 0.0755 0.0587 0.0177 0.0388 0.0121 0.0138 0.0137 0.0411 
 H195.2_2003  1 0.8028 0.0264 0.0124 0.0114 0.0155 0.0074 0.0091 0.0334 0.0474 0.0072 0.0271 
 H195.2_2004  1 0.8618 0.0143 0.0149 0.0300 0.0131 0.0103 0.0132 0.0070 0.0150 0.0102 0.0102 
 H195.3_2003  1 0.4121 0.0146 0.0090 0.0108 0.0301 0.0125 0.0229 0.0513 0.3839 0.0191 0.0337 
 H195.3_2004  1 0.8619 0.0052 0.0489 0.0172 0.0096 0.0091 0.0109 0.0066 0.0134 0.0079 0.0092 
 H195.4_2003  1 0.6910 0.0085 0.0310 0.0055 0.0116 0.0299 0.0116 0.0083 0.1406 0.0129 0.0491 
 H195.4_2004  1 0.9080 0.0125 0.0078 0.0069 0.0087 0.0086 0.0234 0.0047 0.0066 0.0076 0.0053 
 H195.5_2003  1 0.0774 0.0083 0.0225 0.0055 0.0209 0.0241 0.0241 0.0195 0.7154 0.0122 0.0701 
 H195.5_2004  1 0.8433 0.0061 0.0177 0.0240 0.0161 0.0111 0.0343 0.0083 0.0219 0.0076 0.0095 
 H195.6_2003  1 0.7864 0.0083 0.0072 0.0099 0.0112 0.0080 0.0147 0.0213 0.0903 0.0091 0.0336 
 H195.6_2004  1 0.9050 0.0058 0.0111 0.0187 0.0111 0.0107 0.0076 0.0037 0.0130 0.0047 0.0087 
 H195.7_2003  1 0.6577 0.0230 0.0303 0.0045 0.1003 0.0225 0.0402 0.0082 0.0546 0.0295 0.0292 
 H195.7_2004  1 0.6012 0.0075 0.0160 0.2201 0.0372 0.0150 0.0365 0.0144 0.0206 0.0105 0.0211 
      H195.8  1 0.8116 0.0107 0.0101 0.0146 0.0140 0.0143 0.0708 0.0125 0.0140 0.0139 0.0135 
      H195.9  1 0.8996 0.0078 0.0187 0.0060 0.0160 0.0093 0.0115 0.0053 0.0088 0.0070 0.0100 
      H415.1  1 0.0268 0.0674 0.3342 0.0830 0.0162 0.2463 0.0122 0.1452 0.0296 0.0166 0.0224 
      H415.2  1 0.0176 0.0104 0.5554 0.0283 0.0373 0.0233 0.0061 0.2523 0.0114 0.0238 0.0341 
      H415.3  1 0.0081 0.0146 0.6328 0.0091 0.0371 0.1713 0.0054 0.0113 0.0358 0.0206 0.0537 
      H415.4  1 0.0091 0.0366 0.3737 0.0232 0.0097 0.2926 0.0091 0.1019 0.0289 0.0149 0.1001 
      H415.5  1 0.0071 0.0097 0.7755 0.0075 0.0138 0.0826 0.0061 0.0095 0.0225 0.0152 0.0506 
      H415.6  1 0.0102 0.0411 0.4107 0.0248 0.0082 0.2805 0.0082 0.0843 0.0318 0.0170 0.0833 
      H415.7  1 0.0180 0.0119 0.5952 0.0192 0.1398 0.0363 0.0081 0.0385 0.0155 0.0274 0.0901 
      H506.1  1 0.0054 0.0202 0.8203 0.0207 0.0219 0.0158 0.0325 0.0061 0.0332 0.0159 0.0081 
      H506.2  1 0.0110 0.0116 0.8670 0.0075 0.0300 0.0105 0.0123 0.0068 0.0128 0.0173 0.0131 
      H506.3  1 0.0079 0.0373 0.5165 0.1229 0.1304 0.0275 0.0693 0.0100 0.0271 0.0378 0.0131 
      H506.4  1 0.0093 0.0258 0.6850 0.0396 0.0979 0.0170 0.0375 0.0118 0.0325 0.0338 0.0098 
      H506.5  1 0.0090 0.0187 0.8413 0.0162 0.0179 0.0108 0.0229 0.0082 0.0244 0.0138 0.0167 
      H506.6  1 0.0228 0.0222 0.2124 0.0960 0.3497 0.0125 0.0367 0.0333 0.0157 0.1722 0.0265 
      H506.7  1 0.0123 0.0171 0.8405 0.0154 0.0193 0.0165 0.0217 0.0068 0.0271 0.0106 0.0127 
      H533.1  1 0.0059 0.0079 0.6616 0.0236 0.2352 0.0091 0.0182 0.0079 0.0112 0.0119 0.0077 
      H533.2  1 0.0047 0.0099 0.7915 0.0269 0.1123 0.0083 0.0131 0.0064 0.0085 0.0105 0.0079 
      H533.3  1 0.0070 0.0169 0.6214 0.0114 0.2638 0.0105 0.0144 0.0129 0.0066 0.0254 0.0097 
      H533.4  1 0.0135 0.0136 0.6744 0.0153 0.1878 0.0104 0.0298 0.0149 0.0089 0.0182 0.0131 
      H535.1  1 0.0340 0.0139 0.8162 0.0079 0.0255 0.0152 0.0096 0.0212 0.0069 0.0156 0.0340 
      H535.2  1 0.0501 0.0526 0.7175 0.0040 0.0221 0.0050 0.0750 0.0045 0.0241 0.0294 0.0156 
      H535.3  1 0.0442 0.0593 0.6015 0.0088 0.0219 0.0074 0.1247 0.0162 0.0748 0.0215 0.0196 
      H535.4  1 0.0070 0.0061 0.9175 0.0044 0.0071 0.0073 0.0111 0.0041 0.0206 0.0062 0.0086 
      H535.5  1 0.0120 0.0063 0.9143 0.0048 0.0155 0.0058 0.0092 0.0057 0.0077 0.0139 0.0048 
      H535.6  1 0.1966 0.0306 0.5206 0.0058 0.0402 0.0242 0.0444 0.0307 0.0083 0.0722 0.0263 
      H535.7  1 0.0101 0.0090 0.9072 0.0078 0.0126 0.0052 0.0071 0.0086 0.0166 0.0115 0.0043 
      H535.8  1 0.0381 0.0256 0.7708 0.0072 0.0229 0.0074 0.0501 0.0089 0.0294 0.0342 0.0056 
      H535.9  1 0.0209 0.0138 0.8016 0.0139 0.0165 0.0092 0.0148 0.0387 0.0417 0.0092 0.0197 
      H539.1  1 0.0069 0.0070 0.0036 0.0075 0.0038 0.0047 0.0043 0.9497 0.0040 0.0035 0.0049 
      H539.2  1 0.0200 0.0388 0.0235 0.0194 0.2938 0.0141 0.0660 0.4043 0.0200 0.0408 0.0594 
      H539.3  1 0.0721 0.0291 0.0091 0.0254 0.0148 0.0110 0.0177 0.7858 0.0118 0.0137 0.0096 
      H539.4  1 0.0045 0.0103 0.0060 0.0261 0.0100 0.0048 0.0080 0.8974 0.0123 0.0101 0.0106 
      H539.5  1 0.0086 0.0135 0.0045 0.0085 0.0060 0.0059 0.0052 0.9322 0.0031 0.0050 0.0074 
      H539.6  1 0.0084 0.0175 0.0052 0.0077 0.0059 0.0089 0.0072 0.9136 0.0047 0.0052 0.0157 
      H539.7  1 0.0054 0.0056 0.0049 0.0048 0.0056 0.0061 0.0053 0.9418 0.0058 0.0061 0.0084 
      H539.8  1 0.0170 0.0128 0.0173 0.0613 0.0207 0.0169 0.0279 0.7524 0.0408 0.0195 0.0135 
      H539.9  1 0.0054 0.0102 0.0046 0.0137 0.0063 0.0049 0.0053 0.9310 0.0073 0.0055 0.0060 
      H540.1  1 0.0164 0.0082 0.0118 0.0126 0.0158 0.0048 0.0078 0.8852 0.0056 0.0180 0.0138 
      H540.2  1 0.0087 0.0064 0.0047 0.0043 0.0075 0.0085 0.0043 0.9355 0.0047 0.0073 0.0081 
      H540.3  1 0.0092 0.0056 0.0228 0.2231 0.0242 0.0499 0.0288 0.5258 0.0073 0.0546 0.0486 
      H540.4  1 0.0069 0.0047 0.0076 0.0042 0.0147 0.0110 0.0080 0.9069 0.0052 0.0169 0.0137 
      H540.5  1 0.0085 0.0088 0.0101 0.0180 0.0138 0.0106 0.0105 0.8844 0.0048 0.0167 0.0138 
      H540.6  1 0.0166 0.0262 0.0189 0.0171 0.0380 0.0173 0.0239 0.7831 0.0050 0.0330 0.0210 
      H540.7  1 0.0063 0.0126 0.0105 0.0048 0.0094 0.0085 0.0066 0.9116 0.0077 0.0130 0.0090 
      H540.8  1 0.0178 0.0064 0.0280 0.0079 0.0180 0.0082 0.0052 0.8572 0.0070 0.0248 0.0195 
     H9558.1  1 0.0106 0.0048 0.0059 0.0084 0.0116 0.0074 0.0058 0.9280 0.0060 0.0052 0.0063 
     H9558.2  1 0.0132 0.0146 0.0069 0.0086 0.0116 0.0093 0.0066 0.8991 0.0139 0.0091 0.0071 
     H9558.3  1 0.0131 0.0203 0.0076 0.0140 0.0066 0.0108 0.0088 0.8838 0.0173 0.0090 0.0088 
     H9558.4  1 0.0072 0.0060 0.0062 0.0090 0.0213 0.0051 0.0065 0.9156 0.0068 0.0089 0.0074 
     H9558.5  1 0.0049 0.0047 0.0068 0.0169 0.0138 0.0069 0.0076 0.9038 0.0128 0.0159 0.0060 
     H9558.6  1 0.0140 0.0832 0.0082 0.0130 0.0082 0.0164 0.0048 0.7809 0.0107 0.0437 0.0169 
    kos339.1  1 0.0062 0.0163 0.9085 0.0052 0.0106 0.0090 0.0079 0.0094 0.0051 0.0104 0.0114 
    kos339.2  1 0.0074 0.0188 0.9039 0.0105 0.0057 0.0152 0.0090 0.0061 0.0089 0.0079 0.0066 
    kos339.3  1 0.0082 0.0076 0.9362 0.0050 0.0058 0.0071 0.0043 0.0074 0.0063 0.0063 0.0058 
    kos339.4  1 0.0060 0.0085 0.9254 0.0067 0.0076 0.0105 0.0076 0.0052 0.0081 0.0071 0.0073 
    kos339.5  1 0.0071 0.0118 0.9127 0.0044 0.0084 0.0086 0.0102 0.0092 0.0078 0.0083 0.0113 
    kos339.6  1 0.0100 0.0071 0.9225 0.0101 0.0055 0.0101 0.0075 0.0064 0.0060 0.0086 0.0062 
    kos339.7  1 0.0055 0.0081 0.9449 0.0046 0.0057 0.0065 0.0047 0.0051 0.0048 0.0051 0.0050 
    kos339.8  1 0.0052 0.0067 0.9271 0.0077 0.0063 0.0089 0.0099 0.0043 0.0076 0.0083 0.0081 
    kos339.9  1 0.0098 0.0135 0.8980 0.0058 0.0109 0.0101 0.0053 0.0187 0.0084 0.0072 0.0124 
      H008.1  2 0.0088 0.8539 0.0086 0.0075 0.0145 0.0146 0.0136 0.0379 0.0204 0.0088 0.0113 
      H008.2  2 0.0306 0.1180 0.0292 0.1106 0.1320 0.0243 0.0419 0.1656 0.3060 0.0306 0.0113 
      H008.3  2 0.0672 0.1316 0.0723 0.0684 0.1701 0.0397 0.1286 0.1059 0.1355 0.0548 0.0259 
      H008.4  2 0.0151 0.7894 0.0152 0.0391 0.0120 0.0464 0.0130 0.0285 0.0193 0.0114 0.0105 
      H008.5  2 0.0172 0.8298 0.0156 0.0131 0.0170 0.0183 0.0174 0.0173 0.0259 0.0190 0.0094 
      H008.6  2 0.0261 0.3830 0.0317 0.1411 0.0375 0.0219 0.0118 0.1001 0.2163 0.0219 0.0084 
      H008.7  2 0.0151 0.4809 0.0445 0.1016 0.0335 0.0466 0.0752 0.0627 0.0983 0.0177 0.0237 
      H008.8  2 0.0157 0.1396 0.0149 0.0100 0.0667 0.0166 0.0221 0.6769 0.0180 0.0094 0.0102 
      H008.9  2 0.0586 0.0550 0.0270 0.3891 0.0601 0.0281 0.0207 0.1290 0.1954 0.0181 0.0188 
 H029.1_2002  2 0.0090 0.8427 0.0085 0.0208 0.0129 0.0228 0.0202 0.0266 0.0085 0.0139 0.0142 
 H029.1_2003  2 0.0162 0.6665 0.0405 0.0239 0.0577 0.0215 0.0146 0.0225 0.0225 0.1003 0.0138 
 H029.2_2002  2 0.0221 0.7724 0.0742 0.0249 0.0129 0.0080 0.0410 0.0076 0.0106 0.0137 0.0127 
 H029.2_2003  2 0.0227 0.6211 0.1249 0.0438 0.0533 0.0058 0.0194 0.0147 0.0125 0.0667 0.0150 
 H029.3_2002  2 0.0346 0.5072 0.1064 0.1403 0.0273 0.0086 0.0817 0.0094 0.0066 0.0648 0.0132 
 H029.3_2003  2 0.0071 0.8777 0.0112 0.0073 0.0141 0.0090 0.0124 0.0078 0.0206 0.0250 0.0077 
 H029.4_2002  2 0.0090 0.8974 0.0057 0.0171 0.0076 0.0140 0.0201 0.0048 0.0081 0.0108 0.0055 
 H029.4_2003  2 0.0117 0.7618 0.0143 0.0269 0.0391 0.0149 0.0212 0.0404 0.0159 0.0419 0.0119 
 H029.5_2002  2 0.0053 0.8993 0.0061 0.0060 0.0066 0.0194 0.0160 0.0064 0.0140 0.0100 0.0108 
 H029.5_2003  2 0.0064 0.8920 0.0102 0.0114 0.0193 0.0089 0.0101 0.0118 0.0109 0.0122 0.0068 
 H029.6_2002  2 0.0102 0.8226 0.0093 0.0236 0.0098 0.0127 0.0641 0.0056 0.0054 0.0293 0.0072 
 H029.6_2003  2 0.0167 0.6763 0.0641 0.0097 0.0961 0.0156 0.0196 0.0157 0.0236 0.0324 0.0303 
      H029.7  2 0.0182 0.8740 0.0208 0.0177 0.0087 0.0060 0.0203 0.0073 0.0087 0.0067 0.0115 
      H030.1  2 0.0105 0.0170 0.0098 0.0055 0.0114 0.0104 0.0116 0.0065 0.0347 0.8406 0.0419 
      H030.2  2 0.0079 0.1557 0.0126 0.1003 0.0126 0.1280 0.1342 0.0221 0.0637 0.2683 0.0946 
      H038.1  2 0.0110 0.9061 0.0076 0.0255 0.0074 0.0079 0.0072 0.0086 0.0054 0.0081 0.0053 
      H038.2  2 0.0039 0.9167 0.0125 0.0075 0.0073 0.0111 0.0083 0.0047 0.0068 0.0090 0.0123 
      H038.3  2 0.0082 0.8302 0.0188 0.0427 0.0094 0.0157 0.0081 0.0138 0.0160 0.0192 0.0179 
      H038.4  2 0.0091 0.8627 0.0126 0.0341 0.0077 0.0187 0.0090 0.0099 0.0109 0.0088 0.0166 
      H038.5  2 0.0052 0.8658 0.0108 0.0310 0.0155 0.0090 0.0138 0.0111 0.0102 0.0161 0.0115 
      H038.6  2 0.0044 0.9238 0.0059 0.0124 0.0093 0.0051 0.0062 0.0086 0.0072 0.0116 0.0055 
      H038.7  2 0.0040 0.9118 0.0085 0.0131 0.0070 0.0065 0.0042 0.0120 0.0090 0.0121 0.0117 
      H038.8  2 0.0063 0.8060 0.0108 0.0913 0.0075 0.0151 0.0110 0.0116 0.0076 0.0122 0.0207 
      H041.1  2 0.0421 0.4379 0.0149 0.0242 0.0135 0.0708 0.1668 0.0139 0.1559 0.0269 0.0331 
      H041.2  2 0.0109 0.2985 0.0163 0.0182 0.0088 0.3812 0.0166 0.0100 0.1740 0.0523 0.0133 
      H041.4  2 0.0271 0.7524 0.0122 0.0255 0.0109 0.0302 0.0312 0.0265 0.0389 0.0329 0.0124 
      H041.6  2 0.0516 0.6380 0.0130 0.0136 0.0122 0.0784 0.0303 0.0622 0.0352 0.0430 0.0225 
 H042.1_2002  2 0.0644 0.0196 0.0203 0.0152 0.0425 0.1525 0.1947 0.0981 0.0095 0.3486 0.0346 
 H042.1_2003  2 0.0308 0.0776 0.0334 0.0923 0.0476 0.0886 0.0155 0.1355 0.3723 0.0385 0.0680 
 H042.2_2002  2 0.0243 0.4594 0.0210 0.0335 0.0820 0.2122 0.0849 0.0092 0.0103 0.0559 0.0073 
 H042.2_2003  2 0.0227 0.1669 0.0205 0.0064 0.0123 0.5803 0.0083 0.0700 0.0456 0.0358 0.0313 
 H042.3_2002  2 0.1484 0.0190 0.0193 0.0252 0.0554 0.3197 0.0943 0.0449 0.0131 0.2470 0.0137 
 H042.3_2003  2 0.0513 0.1525 0.0200 0.0448 0.0744 0.3069 0.1012 0.1024 0.0375 0.0429 0.0661 
 H042.4_2002  2 0.0222 0.0446 0.0264 0.0258 0.0216 0.1040 0.2285 0.0445 0.0136 0.4385 0.0302 
 H042.4_2003  2 0.0922 0.1500 0.0129 0.0069 0.0103 0.0422 0.1754 0.0658 0.0264 0.2040 0.2138 
      H042.5  2 0.0661 0.0152 0.0112 0.0044 0.0154 0.0149 0.2606 0.0153 0.0261 0.5364 0.0344 
      H042.6  2 0.1439 0.0503 0.0079 0.0155 0.0200 0.0179 0.2445 0.0630 0.0063 0.3986 0.0320 
      H042.7  2 0.1207 0.0527 0.0126 0.0061 0.0162 0.4401 0.0823 0.0210 0.0223 0.1859 0.0401 
      H042.8  2 0.0944 0.0394 0.0101 0.0285 0.0230 0.2084 0.1668 0.0283 0.0316 0.3573 0.0123 
   H042_2002  2 0.0924 0.1366 0.0166 0.0399 0.0358 0.1637 0.0136 0.3670 0.0511 0.0155 0.0677 
   H042_2003  2 0.0954 0.1118 0.0157 0.0407 0.0296 0.1687 0.0161 0.3907 0.0582 0.0215 0.0515 
      H043.1  2 0.0093 0.0271 0.0135 0.0832 0.0259 0.0074 0.0256 0.7193 0.0441 0.0158 0.0289 
      H043.2  2 0.0175 0.0242 0.0092 0.0291 0.0116 0.0056 0.0061 0.8787 0.0066 0.0052 0.0062 
      H043.3  2 0.0086 0.3994 0.0204 0.0219 0.0181 0.0122 0.0067 0.4554 0.0205 0.0136 0.0233 
      H043.4  2 0.0166 0.0385 0.0198 0.0367 0.0106 0.0084 0.0066 0.8175 0.0257 0.0096 0.0100 
      H043.5  2 0.0096 0.0635 0.0118 0.0938 0.0138 0.0095 0.0080 0.7566 0.0179 0.0073 0.0082 
      H043.6  2 0.0085 0.1377 0.0132 0.0789 0.0128 0.0116 0.0053 0.7084 0.0050 0.0111 0.0075 
      H043.7  2 0.0148 0.0161 0.0069 0.0207 0.0075 0.0076 0.0044 0.8755 0.0242 0.0133 0.0088 
      H043.8  2 0.0148 0.0433 0.0241 0.0144 0.0521 0.0094 0.0145 0.7734 0.0176 0.0290 0.0074 
      H043.9  2 0.0100 0.1085 0.0174 0.0275 0.0339 0.0099 0.0241 0.7067 0.0220 0.0199 0.0201 
      H047.1  2 0.0094 0.4618 0.0182 0.0085 0.0108 0.0106 0.0061 0.1172 0.3409 0.0070 0.0096 
      H047.2  2 0.0111 0.0740 0.0129 0.0055 0.0107 0.0109 0.0144 0.0084 0.8261 0.0102 0.0157 
      H047.3  2 0.0120 0.0688 0.0114 0.0050 0.0153 0.0343 0.0175 0.0126 0.7967 0.0121 0.0144 
      H047.4  2 0.0108 0.2976 0.0106 0.0038 0.0128 0.0275 0.0091 0.0147 0.5683 0.0209 0.0238 
      H047.5  2 0.0311 0.1244 0.0187 0.0043 0.0092 0.0474 0.0098 0.0231 0.7023 0.0107 0.0190 
      H047.6  2 0.0086 0.0159 0.0096 0.0059 0.0060 0.0260 0.0117 0.0076 0.8913 0.0089 0.0084 
      H047.7  2 0.0117 0.4910 0.0150 0.0108 0.0062 0.0437 0.0107 0.0754 0.3109 0.0090 0.0156 
      H047.8  2 0.0130 0.0629 0.0133 0.0045 0.0115 0.0510 0.0111 0.0183 0.7888 0.0097 0.0159 
      H047.9  2 0.0867 0.3838 0.0382 0.0052 0.0131 0.0457 0.0094 0.0374 0.3094 0.0161 0.0550 
 H071.1_2002  2 0.0090 0.9128 0.0119 0.0056 0.0069 0.0084 0.0056 0.0172 0.0052 0.0095 0.0079 
 H071.1_2003  2 0.0511 0.7099 0.0208 0.0102 0.0070 0.0113 0.0056 0.0720 0.0158 0.0856 0.0107 
     H071.10  2 0.0060 0.9125 0.0084 0.0099 0.0082 0.0077 0.0118 0.0058 0.0038 0.0160 0.0098 
 H071.2_2002  2 0.0117 0.9054 0.0104 0.0096 0.0136 0.0090 0.0049 0.0154 0.0073 0.0075 0.0052 
 H071.2_2003  2 0.0066 0.9428 0.0066 0.0037 0.0048 0.0071 0.0044 0.0074 0.0050 0.0060 0.0057 
      H071.3  2 0.0079 0.8851 0.0071 0.0076 0.0094 0.0097 0.0094 0.0067 0.0283 0.0181 0.0107 
 H071.4_2002  2 0.0082 0.8860 0.0138 0.0151 0.0129 0.0121 0.0089 0.0093 0.0056 0.0151 0.0129 
 H071.4_2003  2 0.0060 0.9372 0.0049 0.0033 0.0088 0.0053 0.0046 0.0056 0.0078 0.0090 0.0075 
 H071.5_2002  2 0.0046 0.9400 0.0047 0.0053 0.0049 0.0059 0.0093 0.0067 0.0043 0.0085 0.0059 
 H071.5_2003  2 0.0086 0.8964 0.0076 0.0053 0.0119 0.0087 0.0042 0.0129 0.0133 0.0194 0.0117 
 H071.6_2002  2 0.0077 0.9279 0.0074 0.0061 0.0106 0.0068 0.0069 0.0082 0.0040 0.0075 0.0070 
 H071.6_2003  2 0.0057 0.9223 0.0066 0.0036 0.0075 0.0060 0.0047 0.0090 0.0052 0.0189 0.0105 
 H071.7_2002  2 0.0072 0.9408 0.0064 0.0040 0.0060 0.0051 0.0037 0.0086 0.0070 0.0049 0.0063 
 H071.7_2003  2 0.0130 0.8973 0.0096 0.0048 0.0094 0.0079 0.0057 0.0113 0.0081 0.0196 0.0133 
      H071.8  2 0.0137 0.9124 0.0090 0.0103 0.0080 0.0086 0.0063 0.0117 0.0076 0.0073 0.0051 
      H071.9  2 0.0150 0.8288 0.0105 0.0159 0.0296 0.0187 0.0109 0.0151 0.0121 0.0296 0.0137 
 H081.1_2002  2 0.0106 0.9277 0.0058 0.0053 0.0061 0.0083 0.0080 0.0108 0.0045 0.0073 0.0057 
 H081.1_2003  2 0.0166 0.0788 0.0819 0.3144 0.0356 0.0353 0.0277 0.1895 0.0126 0.1727 0.0349 
 H081.2_2002  2 0.0303 0.9053 0.0063 0.0055 0.0048 0.0075 0.0053 0.0125 0.0071 0.0065 0.0091 
 H081.2_2003  2 0.0269 0.0237 0.0096 0.0099 0.0196 0.0087 0.0326 0.0418 0.0113 0.8066 0.0093 
 H081.3_2002  2 0.0309 0.8823 0.0089 0.0082 0.0068 0.0062 0.0077 0.0084 0.0158 0.0135 0.0112 
 H081.3_2003  2 0.0281 0.0214 0.0337 0.0201 0.0419 0.0114 0.0228 0.4188 0.0136 0.3615 0.0268 
 H081.4_2002  2 0.0083 0.9191 0.0094 0.0045 0.0080 0.0084 0.0069 0.0088 0.0074 0.0120 0.0074 
 H081.4_2003  2 0.0212 0.0291 0.0558 0.0195 0.0305 0.0143 0.0180 0.1540 0.0078 0.6193 0.0305 
 H081.5_2002  2 0.0081 0.9020 0.0101 0.0059 0.0072 0.0073 0.0053 0.0117 0.0086 0.0268 0.0068 
 H081.5_2003  2 0.0502 0.0878 0.0751 0.0272 0.0265 0.0469 0.0238 0.2022 0.0180 0.3918 0.0507 
      H081.6  2 0.0134 0.9184 0.0102 0.0048 0.0072 0.0075 0.0046 0.0125 0.0056 0.0093 0.0065 
      H081.7  2 0.0543 0.8686 0.0074 0.0059 0.0067 0.0095 0.0078 0.0099 0.0079 0.0124 0.0095 
      H081.8  2 0.0207 0.7837 0.0180 0.0174 0.0209 0.0192 0.0197 0.0161 0.0112 0.0618 0.0113 
      H083.1  2 0.0072 0.8894 0.0163 0.0086 0.0093 0.0080 0.0231 0.0073 0.0089 0.0154 0.0066 
      H083.2  2 0.0154 0.8373 0.0139 0.0092 0.0161 0.0071 0.0282 0.0183 0.0296 0.0092 0.0158 
      H083.4  2 0.0200 0.7917 0.0087 0.0217 0.0155 0.0078 0.0913 0.0128 0.0120 0.0069 0.0117 
      H083.5  2 0.0084 0.8681 0.0130 0.0202 0.0061 0.0074 0.0434 0.0069 0.0111 0.0090 0.0066 
      H083.6  2 0.0141 0.8209 0.0154 0.0116 0.0177 0.0118 0.0746 0.0061 0.0072 0.0132 0.0073 
      H083.7  2 0.0167 0.6625 0.0073 0.0141 0.0145 0.0118 0.2250 0.0091 0.0144 0.0058 0.0186 
      H083.8  2 0.0144 0.8090 0.0166 0.0069 0.0136 0.0079 0.0298 0.0176 0.0651 0.0066 0.0124 
      H083.9  2 0.0095 0.8463 0.0093 0.0110 0.0074 0.0089 0.0732 0.0059 0.0101 0.0108 0.0074 
      H084.1  2 0.0107 0.0097 0.0105 0.0748 0.0207 0.0292 0.0166 0.0132 0.0280 0.7755 0.0111 
      H084.2  2 0.0045 0.0143 0.0085 0.0709 0.0175 0.0054 0.0134 0.0098 0.0069 0.8356 0.0133 
      H084.3  2 0.0101 0.0087 0.0565 0.3410 0.0157 0.2663 0.0373 0.0139 0.0205 0.1376 0.0925 
      H084.4  2 0.0077 0.0189 0.0351 0.2707 0.0233 0.0727 0.0130 0.0125 0.0655 0.4063 0.0743 
      H084.5  2 0.0087 0.0079 0.0478 0.0743 0.0175 0.2666 0.0093 0.0092 0.0545 0.4768 0.0275 
      H084.6  2 0.0133 0.0075 0.0526 0.2175 0.0123 0.2440 0.0664 0.0124 0.0606 0.2812 0.0322 
      H084.7  2 0.0057 0.0076 0.0075 0.0091 0.0166 0.0074 0.0091 0.0089 0.0085 0.9090 0.0106 
      H084.8  2 0.0131 0.0079 0.0298 0.1617 0.0126 0.1627 0.0116 0.0072 0.0759 0.4919 0.0256 
 H085.1_2002  2 0.6343 0.1630 0.0138 0.0296 0.0114 0.0111 0.0414 0.0239 0.0094 0.0539 0.0084 
 H085.1_2003  2 0.0834 0.6634 0.0099 0.0212 0.0180 0.0153 0.0904 0.0094 0.0223 0.0402 0.0266 
 H085.2_2002  2 0.6269 0.0343 0.0191 0.0599 0.0166 0.0174 0.1064 0.0294 0.0060 0.0605 0.0235 
 H085.2_2003  2 0.0287 0.7577 0.0155 0.0137 0.0199 0.0115 0.0355 0.0107 0.0428 0.0453 0.0187 
 H085.3_2002  2 0.9020 0.0115 0.0059 0.0049 0.0065 0.0083 0.0127 0.0118 0.0070 0.0108 0.0185 
 H085.3_2003  2 0.0313 0.8237 0.0072 0.0061 0.0105 0.0160 0.0104 0.0122 0.0177 0.0339 0.0311 
 H085.4_2002  2 0.5006 0.2024 0.0185 0.0511 0.0156 0.0256 0.0463 0.0740 0.0054 0.0463 0.0144 
 H085.4_2003  2 0.0109 0.7693 0.0157 0.0076 0.0083 0.0540 0.0105 0.0291 0.0110 0.0644 0.0193 
 H085.5_2002  2 0.8889 0.0240 0.0073 0.0045 0.0067 0.0100 0.0060 0.0154 0.0095 0.0104 0.0173 
 H085.5_2003  2 0.0151 0.8616 0.0096 0.0069 0.0154 0.0088 0.0220 0.0090 0.0136 0.0239 0.0140 
 H085.6_2002  2 0.8552 0.0295 0.0081 0.0128 0.0089 0.0085 0.0179 0.0157 0.0089 0.0189 0.0156 
 H085.6_2003  2 0.1321 0.2014 0.0128 0.0068 0.0187 0.0674 0.0075 0.0514 0.1651 0.1076 0.2292 
 H085.7_2002  2 0.7178 0.0562 0.0136 0.0122 0.0118 0.0102 0.0306 0.0211 0.0269 0.0716 0.0281 
 H085.7_2003  2 0.0177 0.8364 0.0092 0.0099 0.0082 0.0269 0.0165 0.0139 0.0189 0.0124 0.0300 
 H085.8_2002  2 0.8063 0.0191 0.0065 0.0095 0.0129 0.0180 0.0104 0.0303 0.0110 0.0364 0.0395 
 H085.8_2003  2 0.0642 0.3189 0.0216 0.0150 0.0198 0.0872 0.1571 0.0223 0.0426 0.1974 0.0538 
      H085.9  2 0.6648 0.1433 0.0107 0.0309 0.0088 0.0195 0.0174 0.0276 0.0118 0.0476 0.0177 
      H088.1  2 0.0654 0.0145 0.0182 0.0136 0.0701 0.0303 0.2639 0.0225 0.0171 0.4582 0.0262 
      H088.2  2 0.0647 0.0115 0.0238 0.0092 0.0258 0.0182 0.2361 0.0115 0.0185 0.5606 0.0200 
      H088.3  2 0.0242 0.0103 0.0129 0.0071 0.0265 0.0124 0.2493 0.0107 0.0197 0.6124 0.0146 
      H088.4  2 0.0045 0.0148 0.0082 0.0071 0.0269 0.0120 0.1442 0.0153 0.0091 0.7494 0.0083 
      H088.5  2 0.0075 0.0079 0.0093 0.0070 0.0123 0.0154 0.2601 0.0124 0.0114 0.6480 0.0086 
      H088.6  2 0.0095 0.0264 0.0163 0.0073 0.0296 0.0268 0.2203 0.0112 0.0201 0.6203 0.0122 
      H088.7  2 0.0194 0.1203 0.0180 0.0102 0.0170 0.0418 0.1312 0.0070 0.2242 0.3961 0.0148 
      H088.8  2 0.0116 0.1412 0.0187 0.0142 0.0650 0.0277 0.1611 0.0117 0.0652 0.4597 0.0238 
      H091.1  2 0.0193 0.0475 0.0289 0.0089 0.0182 0.0469 0.3453 0.0146 0.0158 0.4093 0.0454 
      H091.2  2 0.0239 0.0817 0.0337 0.0058 0.0326 0.1104 0.3175 0.0135 0.0215 0.3330 0.0264 
      H109.1  2 0.0282 0.0243 0.0104 0.0616 0.1451 0.1168 0.1656 0.0608 0.3185 0.0506 0.0183 
      H109.2  2 0.0222 0.1037 0.0189 0.0318 0.0347 0.1117 0.0333 0.0909 0.0720 0.4184 0.0624 
      H109.3  2 0.0261 0.0468 0.0446 0.0214 0.0842 0.0305 0.0095 0.0159 0.5900 0.0949 0.0363 
      H109.4  2 0.0288 0.0454 0.0151 0.0618 0.2873 0.0881 0.0312 0.1116 0.1222 0.1365 0.0722 
      H109.5  2 0.0511 0.3361 0.0419 0.0052 0.0276 0.1073 0.0119 0.0148 0.1538 0.2303 0.0202 
      H109.6  2 0.0320 0.0430 0.0433 0.0282 0.1031 0.1047 0.0240 0.1617 0.1750 0.2330 0.0519 
      H126.1  2 0.1947 0.0190 0.0324 0.0157 0.1260 0.1646 0.0134 0.3456 0.0160 0.0142 0.0586 
      H126.2  2 0.0451 0.5811 0.0120 0.0824 0.0442 0.0144 0.0182 0.1376 0.0187 0.0150 0.0313 
      H126.3  2 0.0386 0.6302 0.0130 0.0229 0.0795 0.1355 0.0149 0.0361 0.0153 0.0060 0.0079 
      H126.4  2 0.0547 0.0438 0.0348 0.0124 0.1095 0.0268 0.0337 0.6320 0.0189 0.0215 0.0119 
      H126.5  2 0.0150 0.1864 0.0407 0.0043 0.0331 0.0207 0.0071 0.6569 0.0069 0.0083 0.0206 
      H126.6  2 0.0322 0.8336 0.0407 0.0064 0.0109 0.0108 0.0121 0.0278 0.0076 0.0082 0.0099 
      H126.7  2 0.0120 0.9071 0.0099 0.0031 0.0133 0.0072 0.0081 0.0133 0.0080 0.0089 0.0091 
      H130.1  2 0.0300 0.0152 0.0183 0.0102 0.0779 0.0149 0.0339 0.4962 0.0207 0.1008 0.1819 
      H130.2  2 0.0140 0.0284 0.0180 0.0128 0.0469 0.0140 0.0256 0.0214 0.0418 0.7302 0.0469 
      H130.3  2 0.0078 0.0370 0.0140 0.0047 0.7437 0.0069 0.0089 0.0265 0.0136 0.1150 0.0218 
      H130.4  2 0.0306 0.0110 0.0669 0.0355 0.2381 0.0170 0.0456 0.3513 0.0251 0.1207 0.0582 
      H130.5  2 0.0399 0.0553 0.0148 0.0067 0.0344 0.0163 0.0341 0.0580 0.0160 0.6056 0.1190 
      H133.1  2 0.0384 0.0616 0.0278 0.1716 0.1132 0.0172 0.0298 0.0872 0.1638 0.1647 0.1247 
      H133.2  2 0.0489 0.0286 0.0676 0.0108 0.0472 0.0140 0.0124 0.1945 0.1890 0.3682 0.0189 
      H133.3  2 0.2157 0.1669 0.0539 0.1332 0.0291 0.0277 0.0357 0.0135 0.0588 0.1562 0.1092 
      H133.4  2 0.0183 0.0146 0.0660 0.0615 0.0694 0.0133 0.0139 0.1064 0.5648 0.0484 0.0234 
      H133.5  2 0.0665 0.0118 0.0540 0.0273 0.4213 0.0092 0.0136 0.0406 0.0314 0.3113 0.0132 
      H133.6  2 0.0428 0.0216 0.0208 0.0082 0.1007 0.0123 0.0256 0.1993 0.0194 0.5036 0.0458 
      H133.7  2 0.0556 0.0282 0.0539 0.0892 0.0166 0.0704 0.0134 0.0357 0.4253 0.0200 0.1917 
      H133.8  2 0.1352 0.0358 0.0367 0.0861 0.1834 0.0383 0.0485 0.0568 0.2940 0.0643 0.0210 
      H133.9  2 0.0339 0.0351 0.0326 0.1725 0.1932 0.0167 0.0367 0.0471 0.1325 0.1562 0.1434 
      H147.1  2 0.0663 0.4315 0.0132 0.0233 0.0069 0.1675 0.0280 0.0205 0.0732 0.1516 0.0183 
      H147.2  2 0.0105 0.8725 0.0069 0.0058 0.0073 0.0150 0.0062 0.0134 0.0103 0.0408 0.0113 
      H147.3  2 0.0374 0.8743 0.0070 0.0064 0.0059 0.0126 0.0062 0.0128 0.0108 0.0183 0.0084 
      H147.4  2 0.0272 0.8564 0.0098 0.0223 0.0053 0.0095 0.0127 0.0057 0.0229 0.0216 0.0065 
      H147.5  2 0.0369 0.4482 0.0111 0.0099 0.0175 0.0219 0.0381 0.0215 0.0343 0.3510 0.0097 
      H147.6  2 0.0244 0.3099 0.0108 0.0089 0.0210 0.0132 0.0359 0.0215 0.0628 0.4797 0.0119 
      H147.7  2 0.0210 0.8456 0.0110 0.0237 0.0053 0.0207 0.0095 0.0072 0.0255 0.0232 0.0073 
      H147.8  2 0.0093 0.6962 0.0094 0.0279 0.0111 0.0106 0.0391 0.0046 0.0755 0.1102 0.0060 
      H147.9  2 0.0172 0.9045 0.0055 0.0059 0.0063 0.0079 0.0060 0.0111 0.0115 0.0152 0.0088 
      H148.1  2 0.0156 0.0219 0.0132 0.0645 0.0519 0.4670 0.0345 0.1562 0.0218 0.0920 0.0616 
      H148.2  2 0.0179 0.0169 0.0154 0.0320 0.0324 0.7933 0.0119 0.0366 0.0101 0.0214 0.0120 
      H148.3  2 0.4180 0.0100 0.0125 0.0346 0.0104 0.4390 0.0102 0.0110 0.0161 0.0131 0.0250 
      H148.4  2 0.0337 0.0117 0.0157 0.0261 0.0308 0.7761 0.0096 0.0414 0.0122 0.0143 0.0285 
      H148.5  2 0.0306 0.0095 0.0211 0.0287 0.0310 0.7741 0.0200 0.0165 0.0235 0.0273 0.0178 
      H148.6  2 0.0270 0.0111 0.0118 0.0699 0.0119 0.7811 0.0262 0.0198 0.0102 0.0134 0.0177 
      H148.7  2 0.0126 0.0097 0.0210 0.0317 0.1217 0.6414 0.0230 0.0179 0.0635 0.0319 0.0256 
      H148.8  2 0.0296 0.0081 0.0157 0.0379 0.0239 0.7911 0.0138 0.0368 0.0115 0.0123 0.0195 
      H148.9  2 0.0771 0.0107 0.0239 0.1174 0.0455 0.5513 0.0227 0.0500 0.0576 0.0123 0.0314 
   H166022.1  2 0.0237 0.0122 0.0071 0.0112 0.0063 0.0171 0.3295 0.0080 0.0150 0.5600 0.0098 
   H166022.2  2 0.0343 0.0449 0.0146 0.0129 0.0151 0.0183 0.0763 0.0088 0.0443 0.7058 0.0248 
   H166022.3  2 0.0073 0.0075 0.0132 0.0067 0.0313 0.0106 0.4273 0.0079 0.0166 0.4457 0.0260 
   H166022.4  2 0.0075 0.0084 0.0216 0.0057 0.0336 0.0092 0.2456 0.0048 0.0112 0.6354 0.0170 
   H166022.5  2 0.0073 0.0098 0.0151 0.0049 0.0112 0.0074 0.1248 0.0062 0.0085 0.7878 0.0170 
   H166022.6  2 0.0093 0.0110 0.0101 0.0170 0.0094 0.0114 0.2350 0.0156 0.0470 0.6081 0.0263 
   H166022.7  2 0.0072 0.0094 0.0071 0.0332 0.8710 0.0080 0.0059 0.0200 0.0120 0.0188 0.0076 
   H166022.8  2 0.0218 0.0147 0.0935 0.0074 0.0115 0.0173 0.1159 0.0310 0.0205 0.6248 0.0416 
   H167397.1  2 0.0156 0.0923 0.0766 0.4586 0.0122 0.1791 0.0147 0.0339 0.0371 0.0605 0.0194 
   H167397.2  2 0.0910 0.0350 0.2972 0.3909 0.0158 0.0493 0.0536 0.0179 0.0200 0.0191 0.0102 
   H167397.3  2 0.0110 0.0468 0.1950 0.5487 0.0057 0.1175 0.0182 0.0138 0.0199 0.0145 0.0088 
   H167397.4  2 0.0884 0.0333 0.0227 0.6513 0.0158 0.0666 0.0205 0.0061 0.0725 0.0152 0.0077 
   H167397.5  2 0.0188 0.0363 0.0825 0.6208 0.0253 0.0437 0.0160 0.0436 0.0241 0.0591 0.0297 
   H167397.6  2 0.0156 0.0512 0.0447 0.5527 0.0117 0.2332 0.0168 0.0209 0.0315 0.0099 0.0118 
   H167496.1  2 0.0232 0.0183 0.1361 0.0100 0.0646 0.0890 0.0949 0.0093 0.0196 0.1869 0.3482 
   H167496.2  2 0.0426 0.1990 0.0633 0.0161 0.0499 0.1376 0.0135 0.0255 0.0844 0.1301 0.2377 
   H167496.3  2 0.4642 0.0284 0.0280 0.0108 0.0266 0.0375 0.0752 0.0252 0.0179 0.0326 0.2536 
   H167496.4  2 0.0097 0.0206 0.0078 0.0064 0.0094 0.0068 0.2616 0.0081 0.0100 0.6513 0.0083 
   H167496.6  2 0.0108 0.0462 0.0131 0.0059 0.0240 0.0079 0.0441 0.0141 0.0134 0.8033 0.0171 
   H167496.7  2 0.0126 0.0167 0.0354 0.0059 0.0236 0.1047 0.0265 0.0357 0.0410 0.0235 0.6745 
   H167496.8  2 0.0088 0.0433 0.0176 0.0077 0.0126 0.0190 0.0635 0.0084 0.0199 0.7821 0.0171 
   H167513.1  2 0.0058 0.0058 0.0077 0.0074 0.0071 0.0090 0.0108 0.0078 0.9240 0.0084 0.0061 
   H167513.2  2 0.0142 0.0080 0.0091 0.0295 0.0070 0.0328 0.0076 0.0241 0.8141 0.0096 0.0440 
   H167513.3  2 0.0064 0.0072 0.0107 0.0066 0.0158 0.0063 0.0082 0.0067 0.9072 0.0130 0.0120 
   H167513.4  2 0.0068 0.0095 0.0103 0.0110 0.0100 0.0226 0.0446 0.0110 0.8363 0.0188 0.0191 
   H167513.5  2 0.0082 0.0060 0.0057 0.0195 0.0050 0.0131 0.0097 0.0123 0.9024 0.0091 0.0090 
   H167513.6  2 0.0105 0.0073 0.0083 0.0083 0.0066 0.0088 0.0122 0.0070 0.9053 0.0166 0.0090 
   H167513.7  2 0.0086 0.0106 0.0071 0.0296 0.0083 0.0061 0.0349 0.0096 0.8640 0.0117 0.0096 
   H167513.8  2 0.0047 0.0059 0.0083 0.0190 0.0101 0.0047 0.0050 0.0084 0.9183 0.0089 0.0067 
   H167547.1  2 0.0137 0.0092 0.0157 0.0258 0.0115 0.2199 0.0212 0.0227 0.0239 0.0124 0.6239 
   H167547.2  2 0.0142 0.0132 0.0095 0.0159 0.0085 0.6972 0.0235 0.0132 0.0267 0.0114 0.1668 
   H167547.3  2 0.0135 0.0110 0.0118 0.0135 0.0091 0.7135 0.0241 0.0122 0.0296 0.0132 0.1485 
   H167547.4  2 0.0955 0.0092 0.0075 0.0274 0.0272 0.1002 0.2254 0.0581 0.0422 0.0168 0.3903 
   H167547.5  2 0.0215 0.0112 0.0062 0.0076 0.0112 0.8206 0.0348 0.0149 0.0161 0.0259 0.0300 
   H167547.6  2 0.0224 0.0074 0.0069 0.0081 0.0103 0.8238 0.0292 0.0148 0.0115 0.0319 0.0337 
   H167547.7  2 0.1908 0.0200 0.1498 0.0217 0.0412 0.0744 0.0301 0.1027 0.1498 0.0194 0.2001 
   H169750.1  2 0.0712 0.0341 0.0357 0.0224 0.1178 0.0133 0.1017 0.0251 0.0526 0.1335 0.3925 
   H169750.2  2 0.0204 0.0832 0.0701 0.0245 0.0272 0.0477 0.0113 0.0539 0.5008 0.1388 0.0222 
   H169750.3  2 0.0341 0.0500 0.0447 0.0050 0.0769 0.0147 0.0264 0.0238 0.2421 0.3570 0.1253 
   H169750.4  2 0.0805 0.0353 0.1902 0.1043 0.1377 0.0702 0.0103 0.0540 0.1529 0.0708 0.0939 
   H169750.5  2 0.0755 0.1145 0.0542 0.0181 0.1638 0.0132 0.1084 0.0241 0.1387 0.2087 0.0808 
   H169750.6  2 0.0385 0.3551 0.0104 0.0125 0.0888 0.0132 0.0237 0.0293 0.1086 0.2924 0.0275 
   H169750.7  2 0.0759 0.0605 0.1136 0.0239 0.1218 0.0329 0.0139 0.0306 0.4241 0.0430 0.0598 
   H171929.1  2 0.0298 0.0081 0.0091 0.0412 0.0056 0.0107 0.0085 0.0100 0.8617 0.0071 0.0083 
  H171929.10  2 0.0504 0.0244 0.0167 0.0215 0.0054 0.0251 0.0222 0.0121 0.7622 0.0277 0.0324 
  H171929.11  2 0.0208 0.0077 0.0107 0.0179 0.0070 0.0106 0.0053 0.0136 0.8879 0.0066 0.0119 
   H171929.2  2 0.0104 0.0058 0.0107 0.0068 0.0077 0.0112 0.0137 0.0156 0.8917 0.0091 0.0174 
   H171929.3  2 0.0092 0.0089 0.0102 0.0094 0.0078 0.0131 0.0103 0.0098 0.9033 0.0065 0.0115 
   H171929.4  2 0.0594 0.0155 0.0118 0.0051 0.0112 0.0102 0.0312 0.0183 0.7743 0.0152 0.0477 
   H171929.5  2 0.0069 0.0068 0.0089 0.0090 0.0103 0.0082 0.0073 0.0115 0.9064 0.0063 0.0184 
   H171929.6  2 0.0057 0.0056 0.0083 0.0074 0.0075 0.0053 0.0056 0.0104 0.9264 0.0061 0.0117 
   H171929.7  2 0.0322 0.0096 0.0064 0.0055 0.0068 0.0060 0.0069 0.0096 0.8993 0.0056 0.0121 
   H171929.8  2 0.0727 0.0098 0.0078 0.0078 0.0058 0.0084 0.0100 0.0298 0.8047 0.0142 0.0291 
