      H105.1  1 0.1433 0.0170 0.0325 0.0279 0.0499 0.0126 0.1068 0.0189 0.0122 0.5790 
      H105.2  1 0.0244 0.0709 0.0230 0.1151 0.0153 0.0242 0.0164 0.0318 0.0138 0.6650 
      H105.3  1 0.0266 0.0069 0.0097 0.0114 0.0150 0.0084 0.0079 0.0077 0.0071 0.8992 
      H105.4  1 0.0376 0.0419 0.0886 0.0509 0.0143 0.0732 0.0151 0.0273 0.0108 0.6403 
      H105.5  1 0.3969 0.0303 0.0846 0.0719 0.0145 0.1539 0.1080 0.0507 0.0110 0.0783 
      H105.6  1 0.0362 0.0131 0.0259 0.0077 0.0256 0.0427 0.0070 0.0145 0.0067 0.8206 
      H105.7  1 0.0325 0.0130 0.0445 0.0222 0.1058 0.0149 0.0505 0.0936 0.0058 0.6171 
      H105.8  1 0.0213 0.0311 0.0097 0.0289 0.0744 0.0145 0.0069 0.0111 0.0090 0.7931 
      H115.1  1 0.0637 0.0208 0.0110 0.0196 0.0552 0.7300 0.0124 0.0178 0.0135 0.0559 
      H115.2  1 0.0137 0.0160 0.0100 0.0093 0.0090 0.8782 0.0158 0.0102 0.0148 0.0230 
      H115.3  1 0.0082 0.0086 0.0086 0.0089 0.0058 0.9232 0.0161 0.0052 0.0060 0.0094 
      H115.4  1 0.1775 0.1621 0.0262 0.1031 0.0101 0.3067 0.1168 0.0138 0.0148 0.0689 
      H115.5  1 0.0309 0.0127 0.0238 0.1538 0.0345 0.6101 0.0264 0.0188 0.0633 0.0257 
      H115.6  1 0.0205 0.0118 0.0152 0.0195 0.0123 0.8270 0.0249 0.0274 0.0164 0.0250 
      H115.7  1 0.0463 0.0260 0.0220 0.0657 0.0101 0.6514 0.0329 0.0500 0.0098 0.0859 
      H115.8  1 0.0158 0.0139 0.0102 0.0269 0.0444 0.7547 0.0229 0.0103 0.0707 0.0302 
      H115.9  1 0.0125 0.0078 0.0075 0.0085 0.0253 0.9067 0.0098 0.0077 0.0063 0.0079 
      H145.1  1 0.0201 0.0095 0.8981 0.0045 0.0103 0.0132 0.0063 0.0073 0.0239 0.0068 
      H145.2  1 0.0386 0.0117 0.7666 0.0052 0.0100 0.0461 0.0079 0.0478 0.0570 0.0092 
      H145.3  1 0.0082 0.0073 0.7907 0.0330 0.0509 0.0141 0.0148 0.0131 0.0610 0.0070 
      H145.4  1 0.0089 0.0057 0.9256 0.0053 0.0075 0.0053 0.0070 0.0068 0.0201 0.0078 
      H145.5  1 0.0289 0.0111 0.6057 0.0134 0.0115 0.0115 0.0123 0.0087 0.2882 0.0086 
      H145.6  1 0.0146 0.0105 0.7903 0.0132 0.0075 0.0109 0.0063 0.1022 0.0373 0.0072 
      H145.7  1 0.0088 0.0088 0.9097 0.0196 0.0098 0.0065 0.0114 0.0114 0.0070 0.0069 
      H149.1  1 0.9328 0.0074 0.0082 0.0067 0.0066 0.0078 0.0076 0.0067 0.0089 0.0072 
      H149.2  1 0.9170 0.0053 0.0176 0.0083 0.0051 0.0067 0.0169 0.0098 0.0059 0.0074 
      H149.3  1 0.7890 0.0181 0.0549 0.0150 0.0132 0.0136 0.0409 0.0193 0.0097 0.0263 
      H149.4  1 0.8484 0.0249 0.0136 0.0120 0.0105 0.0111 0.0151 0.0246 0.0173 0.0225 
      H149.5  1 0.6472 0.0427 0.0940 0.0159 0.0095 0.0064 0.1169 0.0383 0.0079 0.0212 
      H149.6  1 0.8724 0.0094 0.0255 0.0087 0.0054 0.0044 0.0239 0.0309 0.0080 0.0115 
      H149.7  1 0.4924 0.1165 0.0322 0.0148 0.0201 0.0096 0.0634 0.2050 0.0152 0.0308 
      H150.1  1 0.0048 0.0119 0.0089 0.0066 0.0082 0.9236 0.0077 0.0067 0.0123 0.0092 
      H150.2  1 0.0183 0.0265 0.0079 0.0097 0.0073 0.8483 0.0101 0.0188 0.0334 0.0196 
      H150.3  1 0.0150 0.0297 0.0260 0.0209 0.0208 0.6992 0.0113 0.0691 0.0196 0.0883 
      H150.4  1 0.0056 0.0074 0.0126 0.0116 0.0098 0.8999 0.0084 0.0124 0.0206 0.0117 
      H150.5  1 0.0105 0.0486 0.0172 0.0156 0.0103 0.7914 0.0343 0.0125 0.0078 0.0519 
      H150.6  1 0.0222 0.1583 0.0207 0.0594 0.0056 0.5535 0.0538 0.0137 0.0212 0.0916 
      H150.7  1 0.0056 0.0067 0.0109 0.0062 0.0125 0.9326 0.0043 0.0056 0.0089 0.0067 
   H169607.1  1 0.0493 0.3974 0.1920 0.0367 0.0471 0.1222 0.0341 0.0541 0.0372 0.0299 
   H169607.2  1 0.0180 0.2542 0.4849 0.0145 0.0887 0.0639 0.0211 0.0277 0.0061 0.0209 
   H169607.3  1 0.0329 0.0951 0.3514 0.0603 0.0694 0.0818 0.2145 0.0623 0.0191 0.0132 
   H169607.4  1 0.0161 0.1189 0.7281 0.0081 0.0094 0.0689 0.0127 0.0195 0.0091 0.0093 
   H169607.5  1 0.0449 0.1402 0.3350 0.0161 0.1267 0.1630 0.1317 0.0200 0.0129 0.0095 
   H169607.6  1 0.0217 0.2141 0.5614 0.0217 0.0617 0.0485 0.0270 0.0219 0.0057 0.0163 
   H169607.7  1 0.0118 0.6485 0.1187 0.0175 0.0847 0.0357 0.0189 0.0136 0.0068 0.0437 
   H169607.8  1 0.0206 0.1026 0.6978 0.0191 0.0368 0.0413 0.0339 0.0320 0.0060 0.0097 
   H169633.1  1 0.5270 0.0192 0.0780 0.1427 0.0176 0.0519 0.0205 0.0282 0.0593 0.0557 
   H169633.2  1 0.7064 0.0282 0.0210 0.0531 0.0282 0.0115 0.0124 0.0537 0.0220 0.0635 
   H169633.3  1 0.7828 0.0132 0.0266 0.0208 0.0313 0.0117 0.0204 0.0239 0.0136 0.0557 
   H169633.4  1 0.7467 0.0106 0.0455 0.0381 0.0088 0.0267 0.0182 0.0072 0.0719 0.0265 
   H169633.5  1 0.7567 0.0103 0.0487 0.0278 0.0097 0.0333 0.0240 0.0091 0.0554 0.0250 
   H169688.1  1 0.0272 0.2580 0.1971 0.3834 0.0143 0.0136 0.0110 0.0797 0.0068 0.0090 
   H169688.2  1 0.0134 0.5788 0.0261 0.2007 0.0213 0.0162 0.0274 0.0869 0.0184 0.0107 
   H169688.3  1 0.0123 0.7483 0.0409 0.0797 0.0075 0.0297 0.0123 0.0511 0.0059 0.0121 
   H169688.4  1 0.0121 0.2247 0.0188 0.0517 0.0115 0.5840 0.0299 0.0296 0.0244 0.0133 
   H169688.5  1 0.0146 0.2618 0.0154 0.0502 0.0129 0.5388 0.0380 0.0285 0.0273 0.0124 
   H169688.6  1 0.0101 0.6739 0.0475 0.1341 0.0101 0.0257 0.0122 0.0236 0.0494 0.0133 
   H169688.7  1 0.0174 0.7391 0.0913 0.0441 0.0115 0.0305 0.0187 0.0219 0.0147 0.0109 
   H171901.1  1 0.0116 0.0389 0.0254 0.0306 0.0101 0.0679 0.0130 0.7126 0.0735 0.0165 
   H171901.2  1 0.7461 0.0161 0.0645 0.0206 0.0127 0.0693 0.0167 0.0129 0.0165 0.0246 
   H171901.3  1 0.6458 0.0594 0.0205 0.0834 0.0156 0.0815 0.0242 0.0448 0.0103 0.0146 
   H171901.4  1 0.8526 0.0224 0.0103 0.0169 0.0124 0.0315 0.0095 0.0122 0.0077 0.0244 
   H171901.5  1 0.8386 0.0418 0.0184 0.0087 0.0093 0.0276 0.0175 0.0133 0.0083 0.0165 
   H171901.6  1 0.7455 0.0656 0.0339 0.0082 0.0138 0.0515 0.0142 0.0261 0.0091 0.0322 
   H171901.7  1 0.5243 0.2630 0.0548 0.0158 0.0337 0.0333 0.0236 0.0255 0.0126 0.0134 
   H171902.1  1 0.0682 0.2760 0.0369 0.0251 0.0179 0.3512 0.0082 0.0166 0.1866 0.0133 
  H171902.10  1 0.0828 0.7616 0.0551 0.0126 0.0072 0.0299 0.0093 0.0091 0.0235 0.0089 
   H171902.2  1 0.0362 0.2072 0.0163 0.3946 0.0859 0.0897 0.0167 0.0475 0.0684 0.0375 
   H171902.3  1 0.1068 0.7475 0.0197 0.0141 0.0104 0.0408 0.0095 0.0240 0.0144 0.0127 
   H171902.4  1 0.2357 0.0936 0.0672 0.0349 0.0215 0.3956 0.0164 0.0198 0.0924 0.0228 
   H171902.6  1 0.1015 0.6803 0.0677 0.0129 0.0065 0.0649 0.0104 0.0143 0.0321 0.0094 
   H171902.7  1 0.1887 0.3740 0.0991 0.0082 0.0104 0.1154 0.0167 0.0164 0.1616 0.0096 
   H171902.8  1 0.1174 0.6819 0.0554 0.0136 0.0106 0.0396 0.0131 0.0172 0.0399 0.0114 
   H171902.9  1 0.0223 0.0484 0.0218 0.0137 0.0120 0.7954 0.0104 0.0220 0.0448 0.0091 
   H171903.1  1 0.0458 0.0438 0.5242 0.0186 0.0495 0.1862 0.0662 0.0324 0.0058 0.0275 
   H171903.2  1 0.0522 0.0418 0.3167 0.0154 0.1252 0.1311 0.2451 0.0229 0.0174 0.0323 
   H171903.3  1 0.2434 0.0639 0.0643 0.0130 0.0499 0.0558 0.4147 0.0562 0.0239 0.0149 
   H171903.4  1 0.0182 0.0491 0.1908 0.0245 0.0089 0.0843 0.0693 0.5367 0.0088 0.0095 
   H171903.5  1 0.2280 0.1793 0.0355 0.0201 0.0483 0.1044 0.3221 0.0279 0.0165 0.0179 
   H171903.6  1 0.0724 0.2890 0.0997 0.0136 0.0271 0.1577 0.2927 0.0317 0.0056 0.0106 
      H177.1  1 0.4378 0.1014 0.0822 0.0139 0.0097 0.0225 0.0551 0.2504 0.0204 0.0066 
      H177.2  1 0.3173 0.1672 0.1428 0.0323 0.1466 0.0352 0.1057 0.0150 0.0253 0.0126 
      H177.3  1 0.5130 0.1861 0.0984 0.0094 0.0177 0.0353 0.0759 0.0288 0.0276 0.0077 
      H177.4  1 0.4422 0.0592 0.0970 0.0112 0.0114 0.0119 0.1823 0.1481 0.0217 0.0148 
      H177.5  1 0.0251 0.0375 0.0368 0.0271 0.0185 0.0277 0.6316 0.1693 0.0103 0.0161 
      H177.6  1 0.6910 0.0708 0.0591 0.0081 0.0140 0.0549 0.0390 0.0272 0.0280 0.0078 
      H179.1  1 0.1516 0.4533 0.0085 0.0735 0.0300 0.0399 0.0334 0.0518 0.0099 0.1481 
      H179.2  1 0.0632 0.7226 0.0100 0.0156 0.0463 0.0205 0.0545 0.0230 0.0064 0.0379 
      H179.3  1 0.0154 0.5740 0.0137 0.0583 0.1351 0.0516 0.0314 0.0772 0.0071 0.0362 
      H179.4  1 0.4296 0.3292 0.0403 0.0420 0.0596 0.0077 0.0233 0.0414 0.0070 0.0199 
      H180.1  1 0.1104 0.0536 0.0074 0.1127 0.0100 0.4408 0.1246 0.0097 0.0361 0.0948 
      H180.2  1 0.0262 0.0325 0.0064 0.1241 0.0088 0.6291 0.0552 0.0213 0.0255 0.0709 
      H180.3  1 0.0402 0.0121 0.0129 0.0129 0.0495 0.7275 0.0886 0.0131 0.0143 0.0290 
      H180.4  1 0.0651 0.0733 0.0147 0.1546 0.0262 0.1282 0.2061 0.0240 0.0299 0.2778 
      H180.5  1 0.0360 0.1404 0.0272 0.1570 0.0406 0.2463 0.2187 0.0226 0.0651 0.0461 
      H180.6  1 0.0262 0.0366 0.0493 0.0426 0.5447 0.1576 0.0248 0.0201 0.0699 0.0284 
      H181.1  1 0.2880 0.0313 0.0391 0.4379 0.0088 0.0159 0.1354 0.0104 0.0256 0.0076 
      H181.2  1 0.3524 0.0777 0.0631 0.3739 0.0094 0.0170 0.0432 0.0142 0.0313 0.0179 
      H181.3  1 0.0932 0.0586 0.0434 0.7194 0.0112 0.0085 0.0215 0.0099 0.0259 0.0084 
      H181.4  1 0.2211 0.0551 0.0495 0.1118 0.0200 0.0535 0.4494 0.0195 0.0063 0.0138 
      H181.5  1 0.0880 0.0634 0.0194 0.6815 0.0188 0.0116 0.0337 0.0509 0.0137 0.0190 
      H181.6  1 0.4013 0.1816 0.0230 0.1209 0.0256 0.0431 0.0481 0.0379 0.0147 0.1038 
      H181.7  1 0.1647 0.3719 0.0286 0.3188 0.0349 0.0144 0.0211 0.0079 0.0203 0.0174 
 H194.1_2004  1 0.0247 0.0196 0.8425 0.0088 0.0258 0.0231 0.0181 0.0167 0.0108 0.0101 
 H194.2_2004  1 0.0188 0.0116 0.6005 0.0072 0.0074 0.0117 0.0358 0.2790 0.0207 0.0073 
 H194.3_2004  1 0.1938 0.0173 0.6687 0.0061 0.0133 0.0100 0.0090 0.0546 0.0124 0.0147 
 H194.4_2004  1 0.0649 0.0132 0.5632 0.0093 0.0082 0.0115 0.0143 0.2771 0.0316 0.0068 
 H194.5_2004  1 0.1843 0.0247 0.6403 0.0113 0.0317 0.0153 0.0152 0.0474 0.0104 0.0195 
 H194.6_2004  1 0.3157 0.0205 0.0820 0.0116 0.0255 0.0119 0.0315 0.4789 0.0102 0.0123 
 H194.7_2004  1 0.0101 0.0113 0.8206 0.0157 0.0727 0.0104 0.0188 0.0217 0.0099 0.0088 
 H194.8_2004  1 0.1039 0.0277 0.2396 0.0155 0.0279 0.0147 0.0364 0.5090 0.0141 0.0113 
      H194.9  1 0.0109 0.0103 0.8225 0.0128 0.0712 0.0114 0.0145 0.0240 0.0125 0.0099 
 H195.1_2003  1 0.0818 0.0379 0.4849 0.0189 0.0128 0.0158 0.0121 0.1310 0.0072 0.1974 
 H195.1_2004  1 0.0130 0.0176 0.8623 0.0255 0.0061 0.0072 0.0111 0.0067 0.0389 0.0115 
 H195.2_2003  1 0.0173 0.0276 0.7789 0.0164 0.0252 0.0478 0.0080 0.0293 0.0108 0.0387 
 H195.2_2004  1 0.0106 0.0098 0.8985 0.0116 0.0113 0.0065 0.0070 0.0113 0.0241 0.0094 
 H195.3_2003  1 0.0182 0.0603 0.6080 0.0203 0.0200 0.0896 0.0163 0.0381 0.0102 0.1190 
 H195.3_2004  1 0.0234 0.0080 0.8982 0.0161 0.0052 0.0067 0.0101 0.0056 0.0141 0.0126 
 H195.4_2003  1 0.0261 0.0143 0.8406 0.0086 0.0081 0.0082 0.0116 0.0292 0.0040 0.0494 
 H195.4_2004  1 0.0067 0.0069 0.8916 0.0408 0.0140 0.0057 0.0093 0.0104 0.0068 0.0078 
 H195.5_2003  1 0.0591 0.0605 0.4226 0.0445 0.0087 0.0257 0.0117 0.0759 0.0058 0.2854 
 H195.5_2004  1 0.0127 0.0080 0.8917 0.0246 0.0066 0.0062 0.0073 0.0077 0.0182 0.0170 
 H195.6_2003  1 0.0103 0.0139 0.8116 0.0185 0.0074 0.0338 0.0092 0.0077 0.0083 0.0793 
 H195.6_2004  1 0.0148 0.0093 0.9179 0.0073 0.0068 0.0037 0.0048 0.0109 0.0142 0.0104 
 H195.7_2003  1 0.0253 0.0544 0.7531 0.0218 0.0197 0.0083 0.0185 0.0697 0.0047 0.0244 
 H195.7_2004  1 0.0097 0.0205 0.7628 0.0258 0.0066 0.0081 0.0113 0.0056 0.1362 0.0133 
      H195.8  1 0.0078 0.0112 0.8582 0.0578 0.0092 0.0082 0.0138 0.0121 0.0104 0.0114 
      H195.9  1 0.0143 0.0103 0.9144 0.0106 0.0125 0.0059 0.0094 0.0079 0.0071 0.0077 
      H415.1  1 0.4711 0.0224 0.0351 0.0101 0.0408 0.1382 0.0153 0.0711 0.1032 0.0928 
      H415.2  1 0.5789 0.0299 0.0206 0.0049 0.0107 0.2478 0.0265 0.0260 0.0387 0.0158 
      H415.3  1 0.8479 0.0189 0.0117 0.0049 0.0089 0.0147 0.0215 0.0173 0.0064 0.0478 
      H415.4  1 0.6507 0.0087 0.0203 0.0107 0.0305 0.1162 0.0231 0.0496 0.0233 0.0667 
      H415.5  1 0.8952 0.0117 0.0110 0.0057 0.0067 0.0094 0.0109 0.0171 0.0081 0.0241 
      H415.6  1 0.6524 0.0088 0.0225 0.0083 0.0339 0.1101 0.0196 0.0369 0.0208 0.0869 
      H415.7  1 0.7250 0.0702 0.0293 0.0063 0.0177 0.0343 0.0340 0.0356 0.0237 0.0239 
      H506.1  1 0.7668 0.0408 0.0052 0.0615 0.0245 0.0072 0.0134 0.0117 0.0291 0.0398 
      H506.2  1 0.8673 0.0363 0.0104 0.0147 0.0150 0.0077 0.0167 0.0074 0.0104 0.0142 
      H506.3  1 0.3534 0.1015 0.0112 0.0994 0.0490 0.0130 0.0493 0.0232 0.2439 0.0562 
      H506.4  1 0.5355 0.1323 0.0088 0.0628 0.0326 0.0151 0.0283 0.0285 0.1012 0.0549 
      H506.5  1 0.8274 0.0194 0.0088 0.0350 0.0166 0.0102 0.0101 0.0109 0.0233 0.0383 
      H506.6  1 0.1486 0.3287 0.0349 0.0613 0.0333 0.0515 0.1459 0.0160 0.1513 0.0284 
      H506.7  1 0.8233 0.0236 0.0094 0.0431 0.0170 0.0068 0.0104 0.0128 0.0222 0.0314 
      H533.1  1 0.4735 0.3946 0.0051 0.0341 0.0115 0.0086 0.0119 0.0074 0.0361 0.0171 
      H533.2  1 0.6537 0.2224 0.0056 0.0260 0.0092 0.0077 0.0075 0.0057 0.0512 0.0109 
      H533.3  1 0.3830 0.4796 0.0057 0.0293 0.0218 0.0159 0.0258 0.0085 0.0161 0.0142 
      H533.4  1 0.4565 0.3686 0.0175 0.0534 0.0152 0.0210 0.0181 0.0116 0.0253 0.0128 
      H535.1  1 0.8315 0.0373 0.0188 0.0081 0.0163 0.0244 0.0207 0.0290 0.0056 0.0083 
      H535.2  1 0.5526 0.0705 0.0675 0.1151 0.1015 0.0078 0.0494 0.0171 0.0048 0.0137 
      H535.3  1 0.4672 0.0362 0.0385 0.2226 0.0900 0.0195 0.0463 0.0159 0.0090 0.0547 
      H535.4  1 0.9044 0.0102 0.0169 0.0165 0.0091 0.0052 0.0083 0.0066 0.0054 0.0173 
      H535.5  1 0.8966 0.0202 0.0190 0.0093 0.0099 0.0065 0.0137 0.0137 0.0043 0.0069 
      H535.6  1 0.3433 0.0602 0.1091 0.0366 0.0443 0.0232 0.0657 0.3029 0.0073 0.0072 
      H535.7  1 0.8783 0.0205 0.0140 0.0092 0.0195 0.0090 0.0100 0.0147 0.0083 0.0163 
      H535.8  1 0.7130 0.0236 0.0460 0.0447 0.0443 0.0124 0.0155 0.0788 0.0086 0.0130 
      H535.9  1 0.7936 0.0230 0.0322 0.0223 0.0200 0.0440 0.0162 0.0120 0.0144 0.0221 
      H539.1  1 0.0040 0.0048 0.0061 0.0047 0.0068 0.9475 0.0045 0.0058 0.0112 0.0046 
      H539.2  1 0.0465 0.2929 0.0195 0.0876 0.0318 0.4221 0.0462 0.0148 0.0240 0.0148 
      H539.3  1 0.0079 0.0137 0.0444 0.0183 0.0471 0.7787 0.0109 0.0314 0.0382 0.0094 
      H539.4  1 0.0081 0.0124 0.0058 0.0074 0.0096 0.9102 0.0086 0.0046 0.0233 0.0101 
      H539.5  1 0.0059 0.0065 0.0064 0.0061 0.0237 0.9256 0.0060 0.0065 0.0086 0.0047 
      H539.6  1 0.0052 0.0091 0.0115 0.0076 0.0130 0.9263 0.0061 0.0070 0.0086 0.0056 
      H539.7  1 0.0042 0.0082 0.0066 0.0049 0.0071 0.9412 0.0063 0.0082 0.0064 0.0069 
      H539.8  1 0.0162 0.0167 0.0125 0.0223 0.0148 0.7523 0.0144 0.0600 0.0707 0.0200 
      H539.9  1 0.0054 0.0059 0.0062 0.0051 0.0147 0.9257 0.0083 0.0051 0.0170 0.0066 
      H540.1  1 0.0092 0.0200 0.0107 0.0073 0.0102 0.8954 0.0228 0.0074 0.0109 0.0063 
      H540.2  1 0.0068 0.0073 0.0074 0.0047 0.0068 0.9377 0.0092 0.0084 0.0049 0.0068 
      H540.3  1 0.0241 0.0197 0.0236 0.0190 0.0066 0.4069 0.0616 0.0786 0.3511 0.0088 
      H540.4  1 0.0089 0.0180 0.0095 0.0063 0.0054 0.9144 0.0140 0.0091 0.0063 0.0082 
      H540.5  1 0.0135 0.0135 0.0075 0.0141 0.0113 0.8660 0.0219 0.0082 0.0369 0.0070 
      H540.6  1 0.0193 0.0229 0.0151 0.0261 0.0274 0.8004 0.0432 0.0093 0.0234 0.0129 
      H540.7  1 0.0128 0.0127 0.0079 0.0081 0.0107 0.9133 0.0146 0.0062 0.0048 0.0089 
      H540.8  1 0.0164 0.0188 0.0099 0.0056 0.0068 0.8894 0.0249 0.0144 0.0079 0.0059 
     H9558.1  1 0.0053 0.0120 0.0078 0.0053 0.0055 0.9368 0.0056 0.0074 0.0086 0.0058 
     H9558.2  1 0.0060 0.0135 0.0100 0.0073 0.0175 0.8973 0.0069 0.0148 0.0137 0.0130 
     H9558.3  1 0.0081 0.0062 0.0133 0.0091 0.0161 0.9006 0.0078 0.0101 0.0159 0.0126 
     H9558.4  1 0.0083 0.0226 0.0052 0.0062 0.0067 0.9152 0.0079 0.0083 0.0127 0.0069 
     H9558.5  1 0.0084 0.0222 0.0061 0.0092 0.0058 0.8833 0.0159 0.0110 0.0257 0.0125 
     H9558.6  1 0.0107 0.0066 0.0114 0.0052 0.0997 0.7819 0.0507 0.0112 0.0143 0.0083 
    kos339.1  1 0.9073 0.0129 0.0062 0.0091 0.0186 0.0097 0.0120 0.0083 0.0060 0.0099 
    kos339.2  1 0.8949 0.0095 0.0088 0.0151 0.0242 0.0082 0.0088 0.0073 0.0113 0.0118 
    kos339.3  1 0.9347 0.0071 0.0084 0.0053 0.0103 0.0073 0.0090 0.0060 0.0056 0.0063 
    kos339.4  1 0.9182 0.0081 0.0089 0.0087 0.0091 0.0064 0.0089 0.0133 0.0072 0.0112 
    kos339.5  1 0.9158 0.0081 0.0087 0.0105 0.0152 0.0076 0.0107 0.0073 0.0042 0.0120 
    kos339.6  1 0.9090 0.0075 0.0209 0.0077 0.0084 0.0050 0.0147 0.0056 0.0130 0.0082 
    kos339.7  1 0.9392 0.0084 0.0068 0.0058 0.0103 0.0071 0.0062 0.0072 0.0051 0.0040 
    kos339.8  1 0.9346 0.0064 0.0051 0.0095 0.0071 0.0045 0.0093 0.0089 0.0065 0.0080 
    kos339.9  1 0.8941 0.0105 0.0139 0.0065 0.0142 0.0209 0.0126 0.0074 0.0066 0.0132 
      H008.1  2 0.0139 0.0201 0.0123 0.0158 0.8311 0.0488 0.0082 0.0132 0.0095 0.0271 
      H008.2  2 0.0405 0.1348 0.0393 0.0707 0.1650 0.1394 0.0249 0.0494 0.2330 0.1030 
      H008.3  2 0.0386 0.1886 0.0628 0.1610 0.1256 0.0801 0.0302 0.1311 0.1047 0.0772 
      H008.4  2 0.0175 0.0133 0.0261 0.0141 0.7658 0.0319 0.0084 0.0374 0.0667 0.0187 
      H008.5  2 0.0119 0.0150 0.0148 0.0174 0.8050 0.0149 0.0159 0.0606 0.0248 0.0197 
      H008.6  2 0.0354 0.0328 0.0309 0.0103 0.4966 0.0521 0.0158 0.0549 0.2044 0.0668 
      H008.7  2 0.0324 0.0366 0.0349 0.0760 0.4301 0.0538 0.0119 0.1050 0.1471 0.0723 
      H008.8  2 0.0206 0.0476 0.0302 0.0241 0.1298 0.6906 0.0111 0.0123 0.0181 0.0156 
      H008.9  2 0.0248 0.0403 0.0615 0.0214 0.0491 0.1042 0.0165 0.0443 0.5913 0.0467 
 H029.1_2002  2 0.0133 0.0089 0.0093 0.0162 0.8109 0.0343 0.0106 0.0549 0.0258 0.0157 
 H029.1_2003  2 0.0161 0.0265 0.0104 0.0087 0.2488 0.0101 0.0159 0.6368 0.0186 0.0081 
 H029.2_2002  2 0.0792 0.0125 0.0219 0.0561 0.7014 0.0089 0.0138 0.0646 0.0332 0.0084 
 H029.2_2003  2 0.0661 0.0405 0.0172 0.0161 0.4050 0.0175 0.0374 0.3621 0.0311 0.0072 
 H029.3_2002  2 0.0712 0.0473 0.0342 0.1155 0.5072 0.0079 0.0262 0.0432 0.1402 0.0070 
 H029.3_2003  2 0.0135 0.0137 0.0080 0.0093 0.7137 0.0062 0.0165 0.1970 0.0081 0.0140 
 H029.4_2002  2 0.0064 0.0096 0.0074 0.0230 0.8599 0.0048 0.0079 0.0488 0.0220 0.0101 
 H029.4_2003  2 0.0115 0.0321 0.0064 0.0117 0.2521 0.0346 0.0179 0.5965 0.0213 0.0158 
 H029.5_2002  2 0.0066 0.0072 0.0066 0.0148 0.8578 0.0066 0.0073 0.0697 0.0080 0.0155 
 H029.5_2003  2 0.0104 0.0275 0.0079 0.0064 0.5030 0.0108 0.0091 0.4014 0.0116 0.0119 
 H029.6_2002  2 0.0078 0.0109 0.0107 0.0527 0.7107 0.0057 0.0100 0.1302 0.0550 0.0062 
 H029.6_2003  2 0.0627 0.0740 0.0215 0.0193 0.5258 0.0133 0.0273 0.2220 0.0121 0.0221 
      H029.7  2 0.0237 0.0129 0.0212 0.0439 0.8161 0.0098 0.0078 0.0310 0.0267 0.0070 
      H030.1  2 0.0120 0.0143 0.0124 0.0144 0.0181 0.0075 0.8733 0.0141 0.0057 0.0281 
      H030.2  2 0.0252 0.0154 0.0166 0.2058 0.1672 0.0333 0.2430 0.0197 0.1183 0.1555 
      H038.1  2 0.0080 0.0059 0.0108 0.0100 0.8969 0.0079 0.0071 0.0097 0.0384 0.0052 
      H038.2  2 0.0152 0.0063 0.0062 0.0084 0.9220 0.0049 0.0143 0.0075 0.0071 0.0082 
      H038.3  2 0.0202 0.0093 0.0091 0.0109 0.8173 0.0156 0.0552 0.0072 0.0371 0.0179 
      H038.4  2 0.0123 0.0073 0.0147 0.0112 0.8723 0.0079 0.0116 0.0095 0.0351 0.0182 
      H038.5  2 0.0110 0.0317 0.0074 0.0231 0.8451 0.0117 0.0168 0.0125 0.0317 0.0090 
      H038.6  2 0.0103 0.0081 0.0044 0.0062 0.9248 0.0110 0.0115 0.0064 0.0115 0.0057 
      H038.7  2 0.0099 0.0078 0.0050 0.0044 0.9136 0.0165 0.0155 0.0057 0.0122 0.0094 
      H038.8  2 0.0125 0.0069 0.0111 0.0122 0.7979 0.0094 0.0288 0.0061 0.1033 0.0118 
      H041.1  2 0.0140 0.0127 0.0428 0.0856 0.1863 0.0115 0.0172 0.2888 0.0234 0.3176 
      H041.2  2 0.0237 0.0071 0.0120 0.0083 0.0842 0.0072 0.0108 0.7032 0.0165 0.1270 
      H041.4  2 0.0085 0.0082 0.0229 0.0194 0.2297 0.0271 0.0099 0.6221 0.0278 0.0244 
      H041.6  2 0.0208 0.0094 0.0379 0.0208 0.2408 0.0548 0.0184 0.5330 0.0156 0.0484 
 H042.1_2002  2 0.0160 0.0160 0.0363 0.0162 0.0154 0.0459 0.0171 0.8024 0.0184 0.0164 
 H042.1_2003  2 0.0520 0.0455 0.0338 0.0128 0.0812 0.1322 0.0402 0.0697 0.1221 0.4105 
 H042.2_2002  2 0.0158 0.0290 0.0104 0.0204 0.2275 0.0129 0.0103 0.6076 0.0539 0.0122 
 H042.2_2003  2 0.0302 0.0134 0.0247 0.0057 0.1082 0.0446 0.0105 0.6004 0.0065 0.1560 
 H042.3_2002  2 0.0204 0.0415 0.0290 0.0110 0.0163 0.0479 0.0258 0.7507 0.0220 0.0354 
 H042.3_2003  2 0.0172 0.0665 0.0517 0.0652 0.0773 0.1222 0.0244 0.4344 0.0389 0.1021 
 H042.4_2002  2 0.0117 0.0112 0.0152 0.0357 0.0310 0.0227 0.0330 0.8050 0.0227 0.0118 
 H042.4_2003  2 0.0191 0.0117 0.0659 0.1296 0.1499 0.0943 0.0532 0.4230 0.0102 0.0432 
      H042.5  2 0.0062 0.0085 0.0206 0.0101 0.0111 0.0127 0.0083 0.9073 0.0036 0.0115 
      H042.6  2 0.0100 0.0203 0.0641 0.0627 0.0785 0.0591 0.0467 0.6295 0.0200 0.0090 
      H042.7  2 0.0201 0.0158 0.0613 0.0106 0.0473 0.0388 0.0110 0.7406 0.0074 0.0471 
      H042.8  2 0.0072 0.0115 0.0123 0.0071 0.0151 0.0175 0.0054 0.8930 0.0157 0.0152 
   H042_2002  2 0.0260 0.0371 0.0781 0.0132 0.1400 0.4669 0.0116 0.1100 0.0394 0.0777 
   H042_2003  2 0.0183 0.0292 0.0715 0.0138 0.1113 0.5398 0.0134 0.0722 0.0347 0.0957 
      H043.1  2 0.0229 0.0268 0.0095 0.0213 0.0279 0.7455 0.0137 0.0077 0.0915 0.0332 
      H043.2  2 0.0079 0.0177 0.0223 0.0074 0.0450 0.8303 0.0077 0.0066 0.0479 0.0072 
      H043.3  2 0.0213 0.0208 0.0121 0.0051 0.5085 0.3527 0.0132 0.0102 0.0305 0.0256 
      H043.4  2 0.0192 0.0112 0.0148 0.0087 0.0655 0.7992 0.0107 0.0069 0.0435 0.0203 
      H043.5  2 0.0126 0.0308 0.0103 0.0105 0.1132 0.6201 0.0159 0.0091 0.1568 0.0206 
      H043.6  2 0.0163 0.0139 0.0116 0.0068 0.2416 0.5152 0.0150 0.0129 0.1588 0.0081 
      H043.7  2 0.0082 0.0074 0.0210 0.0056 0.0269 0.8705 0.0135 0.0056 0.0216 0.0198 
      H043.8  2 0.0258 0.0734 0.0200 0.0240 0.0572 0.6905 0.0564 0.0059 0.0172 0.0297 
      H043.9  2 0.0265 0.0315 0.0117 0.0288 0.1236 0.6735 0.0243 0.0092 0.0408 0.0299 
      H047.1  2 0.0507 0.0082 0.0129 0.0081 0.4801 0.1532 0.0080 0.0064 0.0112 0.2611 
      H047.2  2 0.0344 0.0282 0.0158 0.0282 0.2551 0.0177 0.0172 0.0167 0.0059 0.5810 
      H047.3  2 0.0166 0.0117 0.0130 0.0168 0.0824 0.0078 0.0080 0.0135 0.0041 0.8261 
      H047.4  2 0.0404 0.0087 0.0206 0.0092 0.3007 0.0211 0.0183 0.0246 0.0054 0.5510 
      H047.5  2 0.0112 0.0093 0.0285 0.0083 0.1589 0.0170 0.0112 0.0087 0.0045 0.7423 
      H047.6  2 0.0173 0.0074 0.0091 0.0090 0.0332 0.0100 0.0089 0.0120 0.0062 0.8871 
      H047.7  2 0.0351 0.0092 0.0142 0.0141 0.3906 0.0741 0.0074 0.0154 0.0111 0.4289 
      H047.8  2 0.0148 0.0123 0.0120 0.0089 0.0435 0.0142 0.0085 0.0149 0.0056 0.8652 
      H047.9  2 0.0472 0.0119 0.0649 0.0106 0.3376 0.0324 0.0130 0.0161 0.0044 0.4621 
 H071.1_2002  2 0.0121 0.0068 0.0062 0.0052 0.9167 0.0240 0.0089 0.0066 0.0071 0.0065 
 H071.1_2003  2 0.0188 0.0075 0.0411 0.0067 0.7863 0.0532 0.0474 0.0138 0.0111 0.0142 
     H071.10  2 0.0078 0.0063 0.0056 0.0172 0.9231 0.0059 0.0144 0.0050 0.0090 0.0056 
 H071.2_2002  2 0.0129 0.0085 0.0113 0.0046 0.9107 0.0164 0.0089 0.0085 0.0109 0.0072 
 H071.2_2003  2 0.0062 0.0054 0.0056 0.0053 0.9493 0.0090 0.0053 0.0045 0.0044 0.0050 
      H071.3  2 0.0079 0.0066 0.0065 0.0120 0.9009 0.0067 0.0169 0.0073 0.0095 0.0256 
 H071.4_2002  2 0.0137 0.0303 0.0113 0.0111 0.8604 0.0105 0.0282 0.0071 0.0186 0.0091 
 H071.4_2003  2 0.0066 0.0098 0.0070 0.0057 0.9419 0.0059 0.0083 0.0046 0.0032 0.0071 
 H071.5_2002  2 0.0066 0.0061 0.0043 0.0094 0.9411 0.0070 0.0100 0.0046 0.0047 0.0062 
 H071.5_2003  2 0.0073 0.0116 0.0111 0.0066 0.9085 0.0119 0.0165 0.0061 0.0045 0.0159 
 H071.6_2002  2 0.0087 0.0170 0.0069 0.0049 0.9281 0.0078 0.0083 0.0055 0.0066 0.0061 
 H071.6_2003  2 0.0060 0.0082 0.0053 0.0055 0.9301 0.0080 0.0188 0.0053 0.0038 0.0089 
 H071.7_2002  2 0.0056 0.0056 0.0055 0.0042 0.9521 0.0062 0.0050 0.0049 0.0044 0.0066 
 H071.7_2003  2 0.0097 0.0085 0.0107 0.0070 0.9092 0.0114 0.0223 0.0060 0.0052 0.0101 
      H071.8  2 0.0085 0.0109 0.0107 0.0060 0.9180 0.0109 0.0067 0.0101 0.0098 0.0083 
      H071.9  2 0.0083 0.0279 0.0167 0.0217 0.8262 0.0168 0.0300 0.0166 0.0217 0.0140 
 H081.1_2002  2 0.0068 0.0054 0.0064 0.0080 0.9365 0.0111 0.0075 0.0074 0.0053 0.0057 
 H081.1_2003  2 0.0594 0.0252 0.0156 0.0312 0.0714 0.1286 0.1818 0.0884 0.3831 0.0153 
 H081.2_2002  2 0.0071 0.0055 0.0153 0.0060 0.9241 0.0141 0.0061 0.0073 0.0056 0.0088 
 H081.2_2003  2 0.0081 0.0245 0.0285 0.0469 0.0398 0.0629 0.7549 0.0110 0.0121 0.0113 
 H081.3_2002  2 0.0084 0.0068 0.0262 0.0080 0.8947 0.0103 0.0131 0.0107 0.0094 0.0124 
 H081.3_2003  2 0.0186 0.0534 0.0215 0.0266 0.0151 0.3329 0.4807 0.0162 0.0190 0.0160 
 H081.4_2002  2 0.0121 0.0084 0.0070 0.0079 0.9209 0.0109 0.0116 0.0082 0.0046 0.0085 
 H081.4_2003  2 0.0227 0.0205 0.0208 0.0175 0.0154 0.1030 0.7405 0.0360 0.0122 0.0115 
 H081.5_2002  2 0.0123 0.0071 0.0101 0.0062 0.9170 0.0115 0.0145 0.0067 0.0055 0.0091 
 H081.5_2003  2 0.0484 0.0153 0.0567 0.0175 0.0790 0.1333 0.5292 0.0514 0.0347 0.0346 
      H081.6  2 0.0075 0.0059 0.0076 0.0061 0.9326 0.0151 0.0068 0.0077 0.0054 0.0052 
      H081.7  2 0.0070 0.0072 0.0484 0.0091 0.8817 0.0106 0.0137 0.0066 0.0062 0.0094 
      H081.8  2 0.0138 0.0153 0.0227 0.0225 0.8417 0.0131 0.0250 0.0156 0.0184 0.0119 
      H083.1  2 0.0131 0.0088 0.0063 0.0241 0.9018 0.0049 0.0094 0.0138 0.0105 0.0075 
      H083.2  2 0.0110 0.0136 0.0140 0.0432 0.8376 0.0184 0.0116 0.0077 0.0122 0.0306 
      H083.4  2 0.0073 0.0206 0.0142 0.1362 0.7619 0.0111 0.0072 0.0075 0.0192 0.0147 
      H083.5  2 0.0113 0.0078 0.0097 0.0609 0.8395 0.0086 0.0077 0.0246 0.0220 0.0079 
      H083.6  2 0.0114 0.0153 0.0126 0.1064 0.7981 0.0061 0.0121 0.0188 0.0127 0.0065 
      H083.7  2 0.0093 0.0193 0.0241 0.2745 0.6165 0.0105 0.0074 0.0143 0.0121 0.0120 
      H083.8  2 0.0176 0.0111 0.0150 0.0369 0.8352 0.0146 0.0080 0.0103 0.0098 0.0416 
      H083.9  2 0.0102 0.0072 0.0076 0.0910 0.8312 0.0060 0.0079 0.0183 0.0098 0.0110 
      H084.1  2 0.0073 0.0123 0.0092 0.0156 0.0100 0.0111 0.8063 0.0292 0.0716 0.0275 
      H084.2  2 0.0095 0.0134 0.0048 0.0098 0.0086 0.0101 0.8794 0.0064 0.0516 0.0064 
      H084.3  2 0.0564 0.0152 0.0173 0.0221 0.0091 0.0117 0.5472 0.0535 0.2277 0.0398 
      H084.4  2 0.0154 0.0129 0.0117 0.0096 0.0106 0.0101 0.7077 0.0388 0.1569 0.0265 
      H084.5  2 0.0277 0.0086 0.0157 0.0083 0.0104 0.0102 0.7271 0.0230 0.0712 0.0978 
      H084.6  2 0.0370 0.0110 0.0235 0.0376 0.0084 0.0085 0.5426 0.0347 0.2121 0.0847 
      H084.7  2 0.0081 0.0118 0.0064 0.0096 0.0112 0.0089 0.9046 0.0156 0.0139 0.0097 
      H084.8  2 0.0187 0.0097 0.0159 0.0125 0.0059 0.0071 0.6704 0.0456 0.1357 0.0785 
 H085.1_2002  2 0.0121 0.0120 0.3480 0.0559 0.4317 0.0280 0.0295 0.0307 0.0393 0.0127 
 H085.1_2003  2 0.0089 0.0190 0.0827 0.0838 0.6359 0.0091 0.0541 0.0395 0.0237 0.0434 
 H085.2_2002  2 0.0148 0.0173 0.4663 0.1653 0.0425 0.0285 0.0840 0.0349 0.1320 0.0144 
 H085.2_2003  2 0.0132 0.0190 0.0253 0.0281 0.8061 0.0108 0.0352 0.0188 0.0123 0.0312 
 H085.3_2002  2 0.0070 0.0089 0.7481 0.0308 0.0409 0.0242 0.0543 0.0528 0.0080 0.0250 
 H085.3_2003  2 0.0084 0.0151 0.0381 0.0090 0.8077 0.0148 0.0405 0.0134 0.0063 0.0467 
 H085.4_2002  2 0.0161 0.0176 0.2806 0.0582 0.3835 0.0684 0.0525 0.0407 0.0719 0.0104 
 H085.4_2003  2 0.0183 0.0086 0.0145 0.0101 0.8040 0.0229 0.0320 0.0397 0.0088 0.0411 
 H085.5_2002  2 0.0073 0.0095 0.6598 0.0107 0.1523 0.0470 0.0449 0.0465 0.0079 0.0141 
 H085.5_2003  2 0.0093 0.0191 0.0183 0.0251 0.8625 0.0092 0.0246 0.0102 0.0081 0.0138 
 H085.6_2002  2 0.0138 0.0099 0.6090 0.0709 0.1038 0.0262 0.0790 0.0327 0.0261 0.0287 
 H085.6_2003  2 0.0134 0.0188 0.1631 0.0076 0.2057 0.0592 0.1781 0.0711 0.0098 0.2731 
 H085.7_2002  2 0.0182 0.0145 0.6213 0.0658 0.1063 0.0289 0.0674 0.0316 0.0151 0.0310 
 H085.7_2003  2 0.0118 0.0134 0.0197 0.0132 0.7972 0.0130 0.0245 0.0269 0.0121 0.0682 
 H085.8_2002  2 0.0101 0.0107 0.7174 0.0096 0.0297 0.0300 0.1476 0.0168 0.0106 0.0173 
 H085.8_2003  2 0.0199 0.0216 0.0553 0.1867 0.3823 0.0309 0.0877 0.0994 0.0235 0.0928 
      H085.9  2 0.0098 0.0101 0.5190 0.0336 0.2677 0.0351 0.0279 0.0410 0.0410 0.0147 
      H088.1  2 0.0061 0.0179 0.0137 0.0099 0.0103 0.0118 0.0080 0.9101 0.0064 0.0058 
      H088.2  2 0.0151 0.0114 0.0195 0.0116 0.0100 0.0088 0.0134 0.8908 0.0091 0.0102 
      H088.3  2 0.0094 0.0097 0.0108 0.0097 0.0092 0.0061 0.0094 0.9199 0.0069 0.0090 
      H088.4  2 0.0111 0.0161 0.0046 0.0054 0.0124 0.0141 0.0169 0.9029 0.0088 0.0077 
      H088.5  2 0.0045 0.0068 0.0058 0.0054 0.0058 0.0075 0.0072 0.9460 0.0057 0.0054 
      H088.6  2 0.0067 0.0093 0.0071 0.0062 0.0131 0.0074 0.0103 0.9259 0.0058 0.0082 
      H088.7  2 0.0131 0.0101 0.0111 0.0107 0.0563 0.0070 0.0122 0.8230 0.0092 0.0473 
      H088.8  2 0.0098 0.0209 0.0088 0.0100 0.0439 0.0111 0.0124 0.8524 0.0083 0.0224 
      H091.1  2 0.0150 0.0207 0.0101 0.0407 0.0400 0.0101 0.0270 0.8120 0.0079 0.0165 
      H091.2  2 0.0168 0.0332 0.0180 0.0597 0.0429 0.0101 0.0101 0.7512 0.0055 0.0525 
      H109.1  2 0.0192 0.1527 0.0328 0.2272 0.0295 0.0795 0.0667 0.0250 0.0602 0.3072 
      H109.2  2 0.0224 0.0393 0.0348 0.0488 0.1045 0.0824 0.5210 0.0291 0.0230 0.0948 
      H109.3  2 0.1004 0.0967 0.0369 0.0153 0.1155 0.0282 0.1300 0.0690 0.0230 0.3849 
      H109.4  2 0.0175 0.3671 0.0326 0.0392 0.0571 0.0994 0.1326 0.0727 0.0496 0.1321 
      H109.5  2 0.0286 0.0181 0.0293 0.0091 0.3149 0.0109 0.0470 0.4148 0.0053 0.1219 
      H109.6  2 0.0513 0.0853 0.0317 0.0307 0.0453 0.1473 0.4174 0.0337 0.0199 0.1375 
      H126.1  2 0.0452 0.1282 0.1887 0.0275 0.0154 0.4596 0.0126 0.0719 0.0179 0.0330 
      H126.2  2 0.0186 0.0734 0.0662 0.0179 0.5520 0.1500 0.0143 0.0135 0.0701 0.0241 
      H126.3  2 0.0268 0.0777 0.0658 0.0164 0.6232 0.0416 0.0058 0.0824 0.0376 0.0228 
      H126.4  2 0.0322 0.1394 0.0300 0.0449 0.0414 0.6279 0.0183 0.0345 0.0144 0.0171 
      H126.5  2 0.0439 0.0347 0.0199 0.0089 0.1387 0.7160 0.0093 0.0106 0.0067 0.0112 
      H126.6  2 0.0496 0.0084 0.0215 0.0186 0.8368 0.0333 0.0055 0.0083 0.0060 0.0120 
      H126.7  2 0.0087 0.0143 0.0127 0.0101 0.9095 0.0134 0.0094 0.0098 0.0036 0.0085 
      H130.1  2 0.0264 0.1037 0.0450 0.0342 0.0126 0.5915 0.0887 0.0646 0.0090 0.0243 
      H130.2  2 0.0109 0.0414 0.0179 0.0353 0.0325 0.0151 0.7974 0.0099 0.0106 0.0291 
      H130.3  2 0.0155 0.6277 0.0077 0.0082 0.0333 0.0329 0.2387 0.0136 0.0051 0.0173 
      H130.4  2 0.0511 0.3163 0.0464 0.0485 0.0119 0.2630 0.1764 0.0226 0.0422 0.0217 
      H130.5  2 0.0110 0.0200 0.0505 0.0430 0.0417 0.0436 0.7388 0.0267 0.0080 0.0168 
      H133.1  2 0.0500 0.1154 0.0508 0.0477 0.0684 0.1165 0.1886 0.0393 0.1897 0.1336 
      H133.2  2 0.1113 0.0326 0.0490 0.0136 0.0360 0.2735 0.3233 0.0440 0.0135 0.1033 
      H133.3  2 0.0597 0.0465 0.1612 0.0243 0.1061 0.0135 0.1269 0.2379 0.1334 0.0904 
      H133.4  2 0.1200 0.0918 0.0300 0.0211 0.0277 0.1561 0.0923 0.0183 0.0875 0.3552 
      H133.5  2 0.0397 0.4862 0.0725 0.0156 0.0194 0.0551 0.2499 0.0158 0.0287 0.0170 
      H133.6  2 0.0250 0.0983 0.0336 0.0191 0.0205 0.2377 0.4828 0.0551 0.0119 0.0160 
      H133.7  2 0.0413 0.0138 0.0567 0.0144 0.0219 0.0280 0.0229 0.0324 0.0786 0.6901 
      H133.8  2 0.0355 0.1482 0.1542 0.0677 0.0354 0.0798 0.0463 0.0195 0.1174 0.2959 
      H133.9  2 0.0338 0.1973 0.0396 0.0575 0.0365 0.0622 0.2410 0.0559 0.1809 0.0953 
      H147.1  2 0.0124 0.0059 0.0490 0.0271 0.6156 0.0232 0.0758 0.0747 0.0180 0.0982 
      H147.2  2 0.0082 0.0048 0.0103 0.0073 0.9153 0.0121 0.0168 0.0085 0.0057 0.0111 
      H147.3  2 0.0071 0.0057 0.0270 0.0084 0.9004 0.0115 0.0142 0.0069 0.0065 0.0124 
      H147.4  2 0.0088 0.0048 0.0126 0.0121 0.8835 0.0054 0.0228 0.0073 0.0261 0.0167 
      H147.5  2 0.0134 0.0196 0.0294 0.0206 0.7066 0.0165 0.0867 0.0694 0.0096 0.0282 
      H147.6  2 0.0136 0.0189 0.0272 0.0186 0.5728 0.0208 0.1497 0.0594 0.0090 0.1101 
      H147.7  2 0.0142 0.0058 0.0206 0.0157 0.8304 0.0080 0.0268 0.0158 0.0244 0.0384 
      H147.8  2 0.0082 0.0096 0.0084 0.0263 0.7998 0.0045 0.0281 0.0316 0.0311 0.0525 
      H147.9  2 0.0068 0.0055 0.0107 0.0062 0.9230 0.0116 0.0126 0.0072 0.0070 0.0093 
      H148.1  2 0.0417 0.0747 0.0548 0.0427 0.0273 0.2820 0.1656 0.1087 0.1390 0.0635 
      H148.2  2 0.0457 0.0571 0.1866 0.0385 0.0403 0.1145 0.0667 0.1008 0.2046 0.1452 
      H148.3  2 0.0200 0.0102 0.7700 0.0095 0.0089 0.0127 0.0207 0.0473 0.0441 0.0565 
      H148.4  2 0.1056 0.0609 0.2614 0.0146 0.0353 0.1555 0.0390 0.1530 0.0939 0.0807 
      H148.5  2 0.0483 0.0399 0.1598 0.0301 0.0165 0.0387 0.0540 0.4506 0.1016 0.0605 
      H148.6  2 0.0350 0.0270 0.2409 0.0647 0.0229 0.0510 0.0402 0.1275 0.3040 0.0867 
      H148.7  2 0.0351 0.1534 0.0700 0.0208 0.0160 0.0355 0.0433 0.3069 0.0949 0.2240 
      H148.8  2 0.0318 0.0260 0.2844 0.0153 0.0130 0.0671 0.0192 0.3430 0.0889 0.1113 
      H148.9  2 0.0334 0.0625 0.2054 0.0360 0.0120 0.1149 0.0360 0.0256 0.2894 0.1849 
   H166022.1  2 0.0101 0.0073 0.0195 0.1023 0.0185 0.0086 0.0474 0.7606 0.0111 0.0145 
   H166022.2  2 0.0227 0.0230 0.0269 0.0449 0.0878 0.0089 0.4908 0.2391 0.0162 0.0397 
   H166022.3  2 0.0078 0.0319 0.0124 0.3440 0.0081 0.0090 0.0840 0.4806 0.0069 0.0153 
   H166022.4  2 0.0203 0.0523 0.0086 0.0316 0.0115 0.0085 0.1106 0.7403 0.0050 0.0113 
   H166022.5  2 0.0209 0.0190 0.0089 0.0595 0.0186 0.0085 0.4926 0.3541 0.0062 0.0118 
   H166022.6  2 0.0211 0.0208 0.0124 0.0800 0.0153 0.0293 0.0974 0.6606 0.0284 0.0348 
   H166022.7  2 0.0078 0.8721 0.0083 0.0068 0.0135 0.0161 0.0158 0.0078 0.0433 0.0084 
   H166022.8  2 0.1592 0.0123 0.0241 0.2172 0.0269 0.0376 0.4320 0.0481 0.0088 0.0339 
   H167397.1  2 0.0562 0.0115 0.0231 0.0097 0.0544 0.0297 0.0218 0.2150 0.4904 0.0882 
   H167397.2  2 0.1919 0.0133 0.0959 0.0536 0.0504 0.0260 0.0178 0.0102 0.5016 0.0393 
   H167397.3  2 0.1800 0.0081 0.0124 0.0186 0.0559 0.0132 0.0101 0.0371 0.5827 0.0819 
   H167397.4  2 0.0130 0.0114 0.0733 0.0183 0.0412 0.0081 0.0161 0.0235 0.7292 0.0658 
   H167397.5  2 0.0563 0.0291 0.0297 0.0151 0.0353 0.0326 0.0413 0.0380 0.6756 0.0470 
   H167397.6  2 0.0646 0.0122 0.0167 0.0167 0.0399 0.0166 0.0080 0.0559 0.5794 0.1899 
   H167496.1  2 0.0784 0.0578 0.0352 0.0279 0.0112 0.0131 0.0480 0.6987 0.0086 0.0212 
   H167496.2  2 0.0900 0.0492 0.0981 0.0112 0.1573 0.0250 0.1537 0.3041 0.0185 0.0927 
   H167496.3  2 0.0321 0.0360 0.4214 0.1047 0.0410 0.0530 0.0557 0.2029 0.0110 0.0421 
   H167496.4  2 0.0073 0.0172 0.0114 0.0156 0.0421 0.0075 0.0164 0.8591 0.0076 0.0157 
   H167496.6  2 0.0150 0.0367 0.0095 0.0129 0.0891 0.0176 0.1673 0.6303 0.0071 0.0144 
   H167496.7  2 0.1576 0.0500 0.0864 0.0425 0.0192 0.0737 0.1344 0.0796 0.0064 0.3503 
   H167496.8  2 0.0204 0.0122 0.0141 0.0187 0.1305 0.0144 0.1463 0.6055 0.0079 0.0300 
   H167513.1  2 0.0301 0.0157 0.0135 0.0224 0.0133 0.0121 0.0140 0.0090 0.0137 0.8563 
   H167513.2  2 0.0176 0.0165 0.0265 0.0189 0.0112 0.0790 0.0184 0.0810 0.0638 0.6672 
   H167513.3  2 0.0244 0.1022 0.0134 0.0560 0.0105 0.0234 0.0540 0.0097 0.0110 0.6954 
   H167513.4  2 0.0101 0.0132 0.0071 0.0990 0.0094 0.0125 0.0225 0.0185 0.0129 0.7950 
   H167513.5  2 0.0115 0.0142 0.0157 0.0123 0.0141 0.0394 0.0187 0.0294 0.0698 0.7749 
   H167513.6  2 0.0538 0.0080 0.0549 0.0318 0.0135 0.0226 0.0371 0.0224 0.0159 0.7401 
   H167513.7  2 0.0155 0.0209 0.0179 0.3126 0.0258 0.0197 0.0566 0.0092 0.0537 0.4680 
   H167513.8  2 0.0293 0.0530 0.0083 0.0193 0.0113 0.0644 0.1370 0.0065 0.0583 0.6127 
   H167547.1  2 0.0659 0.0266 0.2007 0.0342 0.0082 0.0878 0.0427 0.2235 0.0407 0.2696 
   H167547.2  2 0.0144 0.0101 0.1081 0.0187 0.0113 0.0103 0.0186 0.3223 0.0146 0.4716 
   H167547.3  2 0.0111 0.0110 0.1067 0.0176 0.0102 0.0145 0.0160 0.3305 0.0150 0.4673 
   H167547.4  2 0.0170 0.0380 0.1183 0.2936 0.0075 0.1337 0.0218 0.2907 0.0289 0.0505 
   H167547.5  2 0.0069 0.0086 0.0226 0.0105 0.0065 0.0095 0.0146 0.8806 0.0088 0.0314 
   H167547.6  2 0.0070 0.0100 0.0230 0.0131 0.0064 0.0095 0.0160 0.8805 0.0084 0.0262 
   H167547.7  2 0.1536 0.0499 0.3699 0.0307 0.0293 0.1099 0.0305 0.0362 0.0215 0.1685 
   H169750.1  2 0.0883 0.2656 0.1455 0.1071 0.0379 0.0495 0.1530 0.0906 0.0233 0.0394 
   H169750.2  2 0.1025 0.0402 0.0239 0.0123 0.1149 0.0719 0.2063 0.0324 0.0351 0.3604 
   H169750.3  2 0.0384 0.1317 0.0498 0.0425 0.0651 0.0248 0.4307 0.1062 0.0061 0.1046 
   H169750.4  2 0.3286 0.1025 0.0641 0.0077 0.0415 0.0426 0.0246 0.1972 0.1006 0.0904 
   H169750.5  2 0.0607 0.2129 0.0812 0.1723 0.1047 0.0319 0.1238 0.0549 0.0191 0.1385 
   H169750.6  2 0.0087 0.0831 0.0243 0.0355 0.4412 0.0549 0.2215 0.0579 0.0121 0.0608 
   H169750.7  2 0.1783 0.1690 0.1145 0.0126 0.0880 0.0457 0.0758 0.0446 0.0343 0.2371 
   H171929.1  2 0.0106 0.0113 0.1467 0.0140 0.0166 0.0290 0.0108 0.0917 0.1834 0.4859 
  H171929.10  2 0.0246 0.0072 0.1255 0.0562 0.0369 0.0277 0.0859 0.1354 0.0622 0.4385 
  H171929.11  2 0.0184 0.0141 0.0685 0.0140 0.0140 0.0871 0.0163 0.0464 0.1263 0.5949 
   H171929.2  2 0.0074 0.0105 0.0113 0.0212 0.0061 0.0200 0.0119 0.0140 0.0088 0.8888 
   H171929.3  2 0.0169 0.0093 0.0101 0.0180 0.0118 0.0179 0.0115 0.0230 0.0181 0.8633 
   H171929.4  2 0.0164 0.0327 0.3097 0.0901 0.0277 0.0548 0.0186 0.0397 0.0087 0.4016 
   H171929.5  2 0.0239 0.0203 0.0100 0.0220 0.0105 0.0681 0.0138 0.0103 0.0193 0.8018 
   H171929.6  2 0.0159 0.0155 0.0068 0.0153 0.0083 0.0797 0.0110 0.0100 0.0260 0.8114 
   H171929.7  2 0.0120 0.0178 0.1544 0.0203 0.0188 0.0377 0.0096 0.0181 0.0172 0.6941 
   H171929.8  2 0.0183 0.0134 0.3357 0.0341 0.0141 0.1694 0.0244 0.0237 0.0166 0.3504 
   H171929.9  2 0.0168 0.0150 0.1629 0.0775 0.0521 0.1051 0.0847 0.0182 0.0063 0.4614 
   H171930.1  2 0.0441 0.1432 0.0074 0.0070 0.0199 0.0269 0.4820 0.0637 0.0410 0.1648 
   H171930.2  2 0.0111 0.0627 0.0245 0.0191 0.0294 0.0243 0.6683 0.1146 0.0108 0.0351 
   H171930.3  2 0.0146 0.0407 0.0117 0.0109 0.0102 0.0068 0.7933 0.0579 0.0377 0.0163 
   H171930.4  2 0.0210 0.0917 0.0111 0.0159 0.0102 0.0069 0.7108 0.0771 0.0192 0.0362 
   H171930.5  2 0.0171 0.1104 0.0194 0.0201 0.0356 0.0971 0.5873 0.0271 0.0267 0.0591 
   H171930.6  2 0.0241 0.0280 0.0067 0.0081 0.0339 0.0102 0.8460 0.0221 0.0077 0.0131 
   H171930.7  2 0.0135 0.0188 0.0097 0.0108 0.0103 0.0114 0.8621 0.0128 0.0261 0.0246 
   H171930.8  2 0.0232 0.0089 0.0074 0.0074 0.0155 0.0170 0.8413 0.0259 0.0177 0.0357 
   H171933.1  2 0.0073 0.0114 0.0340 0.8428 0.0094 0.0069 0.0126 0.0192 0.0463 0.0100 
   H171933.2  2 0.0158 0.0099 0.0654 0.7009 0.0175 0.0135 0.0322 0.0760 0.0534 0.0155 
   H171933.3  2 0.0144 0.0133 0.0790 0.7104 0.0067 0.0176 0.0347 0.0924 0.0160 0.0154 
   H171933.4  2 0.0400 0.0095 0.0179 0.7674 0.0076 0.0175 0.0976 0.0173 0.0075 0.0176 
   H171933.5  2 0.1117 0.0411 0.0306 0.3207 0.0092 0.1967 0.1893 0.0322 0.0108 0.0578 
   H171933.6  2 0.0090 0.0197 0.0109 0.8724 0.0184 0.0089 0.0175 0.0282 0.0055 0.0095 
   H171933.7  2 0.0283 0.0181 0.1146 0.6480 0.0117 0.0605 0.0557 0.0145 0.0263 0.0224 
   H171933.8  2 0.0343 0.0102 0.0543 0.6399 0.0164 0.0240 0.1226 0.0141 0.0461 0.0382 
   H171933.9  2 0.0083 0.0115 0.0078 0.9034 0.0078 0.0112 0.0282 0.0084 0.0044 0.0090 
      H190.1  2 0.0202 0.2027 0.0112 0.0320 0.0196 0.0167 0.6259 0.0165 0.0073 0.0479 
      H190.2  2 0.0360 0.0185 0.1320 0.0063 0.0728 0.0477 0.0903 0.2683 0.0095 0.3186 
      H190.3  2 0.0313 0.0407 0.1044 0.0244 0.0399 0.1956 0.0647 0.3010 0.0158 0.1822 
      H190.4  2 0.0134 0.1222 0.0254 0.2027 0.0092 0.0339 0.5248 0.0383 0.0086 0.0216 
      H190.5  2 0.0437 0.0346 0.0871 0.0148 0.1123 0.0561 0.2071 0.0787 0.0077 0.3580 
      H190.6  2 0.0153 0.1255 0.0455 0.1514 0.0149 0.0384 0.4523 0.1196 0.0101 0.0270 
      H190.7  2 0.0416 0.0155 0.1886 0.0156 0.0161 0.1580 0.0434 0.4526 0.0101 0.0586 
      H190.8  2 0.0272 0.0295 0.0761 0.0084 0.0372 0.0425 0.6546 0.0215 0.0060 0.0970 
      H190.9  2 0.0305 0.0158 0.0684 0.0130 0.0174 0.0879 0.1869 0.0952 0.0113 0.4737 
      H400.1  2 0.0154 0.0121 0.0055 0.4503 0.0157 0.0368 0.0924 0.3482 0.0118 0.0119 
      H400.2  2 0.0078 0.0141 0.0082 0.3464 0.0554 0.0157 0.0556 0.4462 0.0233 0.0273 
      H400.3  2 0.0274 0.0264 0.0187 0.3252 0.0152 0.0436 0.3350 0.1748 0.0140 0.0197 
      H400.4  2 0.0196 0.0230 0.0137 0.0534 0.0291 0.0160 0.0858 0.7241 0.0060 0.0293 
      H400.5  2 0.0176 0.0472 0.0170 0.7028 0.0096 0.0297 0.0808 0.0728 0.0095 0.0130 
      H400.6  2 0.0183 0.0087 0.0157 0.2182 0.0173 0.0396 0.0258 0.6328 0.0054 0.0181 
      H400.7  2 0.0115 0.0109 0.0110 0.4350 0.0068 0.0183 0.0573 0.4238 0.0058 0.0196 
