      H105.1  1 0.0056 0.0040 0.4804 0.0064 0.0120 0.0083 0.0148 0.0581 0.0177 0.0086 0.2797 0.0150 0.0155 0.0044 0.0105 0.0080 0.0146 0.0176 0.0059 0.0129 
      H105.2  1 0.0153 0.0235 0.4874 0.0166 0.0357 0.0084 0.0292 0.0378 0.0083 0.0305 0.1274 0.0381 0.0101 0.0261 0.0415 0.0075 0.0219 0.0159 0.0090 0.0100 
      H105.3  1 0.0086 0.0127 0.7996 0.0081 0.0051 0.0061 0.0163 0.0099 0.0044 0.0075 0.0146 0.0111 0.0127 0.0065 0.0127 0.0045 0.0239 0.0126 0.0058 0.0173 
      H105.4  1 0.0210 0.0634 0.5509 0.0214 0.0198 0.0158 0.0372 0.1041 0.0070 0.0102 0.0285 0.0163 0.0070 0.0245 0.0132 0.0099 0.0083 0.0174 0.0086 0.0153 
      H105.5  1 0.0303 0.0357 0.0298 0.0070 0.0250 0.0294 0.2265 0.1151 0.0281 0.0163 0.1641 0.1033 0.0090 0.0152 0.0366 0.0118 0.0341 0.0400 0.0081 0.0347 
      H105.6  1 0.0173 0.0189 0.7930 0.0055 0.0065 0.0153 0.0165 0.0230 0.0039 0.0064 0.0142 0.0089 0.0107 0.0076 0.0054 0.0070 0.0074 0.0095 0.0041 0.0189 
      H105.7  1 0.0134 0.0067 0.6538 0.0067 0.0446 0.0080 0.0088 0.0937 0.0108 0.0079 0.0393 0.0117 0.0251 0.0053 0.0069 0.0131 0.0114 0.0209 0.0054 0.0066 
      H105.8  1 0.0062 0.0076 0.6375 0.0082 0.0089 0.0094 0.0115 0.0240 0.0055 0.0166 0.1569 0.0046 0.0410 0.0105 0.0116 0.0039 0.0117 0.0094 0.0086 0.0062 
      H115.1  1 0.0122 0.0117 0.0115 0.0259 0.0102 0.7860 0.0072 0.0074 0.0114 0.0103 0.0062 0.0058 0.0180 0.0096 0.0073 0.0057 0.0158 0.0061 0.0074 0.0242 
      H115.2  1 0.0062 0.0081 0.0101 0.0074 0.0056 0.8496 0.0062 0.0048 0.0099 0.0176 0.0055 0.0093 0.0079 0.0088 0.0057 0.0045 0.0108 0.0054 0.0082 0.0082 
      H115.3  1 0.0037 0.0836 0.0101 0.0086 0.0086 0.6715 0.0117 0.0106 0.0144 0.0109 0.0047 0.0515 0.0052 0.0311 0.0157 0.0059 0.0047 0.0131 0.0073 0.0272 
      H115.4  1 0.0068 0.0078 0.0139 0.0319 0.0097 0.0991 0.0240 0.0204 0.0693 0.0383 0.0091 0.2543 0.0109 0.1012 0.0375 0.0076 0.1807 0.0150 0.0085 0.0539 
      H115.5  1 0.0251 0.0317 0.0320 0.0116 0.0155 0.4038 0.0130 0.0196 0.0337 0.0332 0.0117 0.0182 0.0306 0.0157 0.1021 0.0196 0.0234 0.0327 0.0656 0.0613 
      H115.6  1 0.0057 0.0400 0.0145 0.0099 0.0240 0.4744 0.0297 0.0080 0.0210 0.0074 0.0063 0.2065 0.0195 0.0277 0.0237 0.0080 0.0116 0.0199 0.0136 0.0287 
      H115.7  1 0.0144 0.0302 0.0107 0.0191 0.0398 0.5331 0.0093 0.0086 0.0200 0.0111 0.0052 0.1564 0.0055 0.0244 0.0393 0.0119 0.0178 0.0194 0.0058 0.0177 
      H115.8  1 0.0056 0.0154 0.0239 0.0111 0.0095 0.6468 0.0109 0.0097 0.0167 0.0210 0.0069 0.0398 0.0385 0.0134 0.0303 0.0052 0.0087 0.0091 0.0640 0.0133 
      H115.9  1 0.0103 0.0150 0.0051 0.0100 0.0046 0.8286 0.0078 0.0186 0.0089 0.0080 0.0066 0.0048 0.0221 0.0048 0.0052 0.0043 0.0143 0.0051 0.0058 0.0101 
      H145.1  1 0.0057 0.0206 0.0046 0.0103 0.0038 0.0104 0.0101 0.0121 0.0046 0.0034 0.0064 0.0057 0.0101 0.0070 0.0035 0.8315 0.0072 0.0070 0.0281 0.0079 
      H145.2  1 0.0062 0.0860 0.0056 0.0088 0.0109 0.0062 0.0259 0.0155 0.0076 0.0042 0.0335 0.0109 0.0086 0.0113 0.0029 0.6977 0.0068 0.0051 0.0293 0.0169 
      H145.3  1 0.0040 0.0056 0.0036 0.0110 0.0074 0.0052 0.0159 0.0115 0.0060 0.0046 0.0048 0.0058 0.0373 0.0074 0.0140 0.7802 0.0041 0.0053 0.0604 0.0058 
      H145.4  1 0.0063 0.0064 0.0050 0.0077 0.0040 0.0043 0.0051 0.0065 0.0047 0.0044 0.0041 0.0047 0.0054 0.0045 0.0032 0.9036 0.0032 0.0048 0.0060 0.0060 
      H145.5  1 0.0070 0.0067 0.0043 0.0123 0.0042 0.0045 0.0180 0.0071 0.0039 0.0040 0.0046 0.0065 0.0085 0.0059 0.0090 0.6952 0.0052 0.0045 0.1793 0.0092 
      H145.6  1 0.0045 0.0426 0.0039 0.0041 0.0250 0.0046 0.0067 0.0072 0.0055 0.0054 0.0167 0.0056 0.0059 0.0096 0.0084 0.8163 0.0038 0.0037 0.0140 0.0065 
      H145.7  1 0.0053 0.0070 0.0034 0.0042 0.0043 0.0036 0.0057 0.0073 0.0067 0.0031 0.0046 0.0048 0.0081 0.0063 0.0118 0.8944 0.0030 0.0039 0.0046 0.0080 
      H149.1  1 0.0049 0.0035 0.0042 0.0046 0.0043 0.0046 0.0040 0.0044 0.0039 0.0051 0.0038 0.0047 0.0045 0.0029 0.0036 0.0050 0.0033 0.0035 0.0048 0.9206 
      H149.2  1 0.0052 0.0064 0.0042 0.0054 0.0069 0.0049 0.0047 0.0066 0.0097 0.0043 0.0057 0.0131 0.0035 0.0032 0.0038 0.0140 0.0059 0.0094 0.0027 0.8805 
      H149.3  1 0.0162 0.0108 0.0115 0.0312 0.0173 0.0068 0.0048 0.0077 0.0219 0.0082 0.0050 0.0355 0.0100 0.0069 0.0088 0.0443 0.0044 0.0102 0.0064 0.7320 
      H149.4  1 0.0064 0.0067 0.0120 0.0107 0.0086 0.0051 0.0060 0.0046 0.0077 0.0055 0.0123 0.0078 0.0055 0.0141 0.0045 0.0045 0.0037 0.0060 0.0057 0.8624 
      H149.5  1 0.0094 0.0100 0.0110 0.0156 0.0242 0.0035 0.0043 0.0112 0.0717 0.0055 0.0277 0.0175 0.0079 0.0129 0.0091 0.0521 0.0056 0.0159 0.0039 0.6810 
      H149.6  1 0.0063 0.0047 0.0050 0.0074 0.0150 0.0032 0.0039 0.0053 0.0115 0.0040 0.0059 0.0158 0.0037 0.0043 0.0047 0.0163 0.0070 0.0093 0.0039 0.8628 
      H149.7  1 0.0493 0.0186 0.0215 0.0955 0.0906 0.0053 0.0066 0.0073 0.0248 0.0181 0.0152 0.0154 0.0128 0.0292 0.0075 0.0295 0.0082 0.0108 0.0077 0.5262 
      H150.1  1 0.0060 0.0090 0.0083 0.0042 0.0050 0.8782 0.0101 0.0047 0.0047 0.0055 0.0087 0.0114 0.0060 0.0088 0.0063 0.0059 0.0037 0.0052 0.0057 0.0026 
      H150.2  1 0.0050 0.0060 0.0108 0.0076 0.0108 0.8000 0.0090 0.0038 0.0140 0.0067 0.0057 0.0390 0.0044 0.0141 0.0091 0.0035 0.0100 0.0114 0.0160 0.0129 
      H150.3  1 0.0097 0.0087 0.0083 0.0063 0.0129 0.8393 0.0071 0.0072 0.0061 0.0066 0.0060 0.0164 0.0086 0.0083 0.0117 0.0067 0.0083 0.0079 0.0097 0.0041 
      H150.4  1 0.0067 0.0058 0.0050 0.0044 0.0067 0.8811 0.0067 0.0061 0.0060 0.0044 0.0046 0.0093 0.0071 0.0044 0.0085 0.0084 0.0067 0.0059 0.0094 0.0029 
      H150.5  1 0.0048 0.0153 0.0246 0.0135 0.0102 0.7417 0.0120 0.0062 0.0154 0.0151 0.0064 0.0470 0.0061 0.0292 0.0096 0.0078 0.0046 0.0168 0.0043 0.0094 
      H150.6  1 0.0049 0.0090 0.0747 0.0159 0.0088 0.2619 0.0328 0.0045 0.0275 0.0140 0.0082 0.3738 0.0039 0.0745 0.0426 0.0067 0.0076 0.0110 0.0093 0.0084 
      H150.7  1 0.0037 0.0124 0.0050 0.0039 0.0044 0.8935 0.0048 0.0063 0.0036 0.0038 0.0043 0.0073 0.0089 0.0054 0.0057 0.0056 0.0055 0.0050 0.0080 0.0030 
   H169607.1  1 0.0082 0.0192 0.0075 0.4595 0.0260 0.0457 0.0219 0.0182 0.0192 0.0171 0.0281 0.0112 0.0166 0.0206 0.0134 0.0966 0.1033 0.0439 0.0169 0.0071 
   H169607.2  1 0.0070 0.0200 0.0090 0.0535 0.0135 0.0552 0.0160 0.3547 0.0135 0.0173 0.0281 0.0109 0.0410 0.0948 0.0075 0.1219 0.0311 0.0906 0.0044 0.0101 
   H169607.3  1 0.0082 0.0272 0.0060 0.1909 0.0516 0.0189 0.0126 0.1029 0.0611 0.0189 0.0758 0.0088 0.0345 0.0172 0.0248 0.2489 0.0168 0.0570 0.0094 0.0086 
   H169607.4  1 0.0077 0.0463 0.0099 0.0605 0.0123 0.0233 0.0659 0.2457 0.0066 0.0194 0.1017 0.0084 0.0072 0.0089 0.0064 0.2591 0.0140 0.0845 0.0067 0.0054 
   H169607.5  1 0.0055 0.0427 0.0060 0.0118 0.0111 0.1133 0.0077 0.1619 0.0364 0.0089 0.0134 0.0092 0.0217 0.2203 0.0112 0.0948 0.0140 0.1882 0.0073 0.0144 
   H169607.6  1 0.0053 0.0134 0.0073 0.0444 0.0112 0.0285 0.0096 0.5126 0.0082 0.0191 0.0444 0.0108 0.0230 0.0328 0.0098 0.1219 0.0276 0.0557 0.0043 0.0100 
   H169607.7  1 0.0048 0.0102 0.0218 0.1125 0.0119 0.0457 0.0090 0.1547 0.0080 0.0355 0.0331 0.0143 0.0629 0.2574 0.0139 0.0444 0.0388 0.1034 0.0068 0.0109 
   H169607.8  1 0.0061 0.0331 0.0040 0.0946 0.0112 0.0148 0.0388 0.4824 0.0059 0.0205 0.0580 0.0054 0.0153 0.0090 0.0081 0.0784 0.0150 0.0907 0.0040 0.0048 
   H169633.1  1 0.0091 0.0144 0.0164 0.0054 0.0103 0.0111 0.0051 0.0078 0.0069 0.0876 0.0082 0.0180 0.0071 0.0044 0.0194 0.0353 0.0133 0.0057 0.0160 0.6985 
   H169633.2  1 0.0083 0.0048 0.0167 0.0059 0.0632 0.0048 0.0050 0.0029 0.0047 0.0416 0.0069 0.0124 0.0154 0.0078 0.0141 0.0113 0.0383 0.0030 0.0091 0.7237 
   H169633.3  1 0.0254 0.0068 0.0181 0.0090 0.0064 0.0088 0.0046 0.0042 0.0089 0.0181 0.0067 0.0239 0.0162 0.0055 0.0068 0.0172 0.0066 0.0072 0.0057 0.7940 
   H169633.4  1 0.0080 0.0284 0.0153 0.0047 0.0048 0.0114 0.0060 0.0069 0.0214 0.0098 0.0109 0.0164 0.0068 0.0046 0.0122 0.0150 0.0068 0.0070 0.0135 0.7901 
   H169633.5  1 0.0082 0.0232 0.0177 0.0048 0.0050 0.0100 0.0050 0.0071 0.0185 0.0091 0.0081 0.0147 0.0064 0.0047 0.0105 0.0161 0.0075 0.0076 0.0148 0.8009 
   H169688.1  1 0.0308 0.0049 0.0042 0.0955 0.0823 0.0162 0.0126 0.0456 0.0059 0.4940 0.0061 0.0041 0.0115 0.0094 0.0655 0.0762 0.0064 0.0074 0.0063 0.0152 
   H169688.2  1 0.0115 0.0037 0.0092 0.0120 0.0429 0.0071 0.0078 0.0094 0.0045 0.8075 0.0116 0.0049 0.0065 0.0195 0.0109 0.0108 0.0044 0.0043 0.0057 0.0058 
   H169688.3  1 0.0100 0.0054 0.0088 0.0109 0.0331 0.0134 0.0141 0.0083 0.0076 0.7662 0.0130 0.0078 0.0056 0.0338 0.0112 0.0232 0.0085 0.0049 0.0060 0.0083 
   H169688.4  1 0.0082 0.0112 0.0108 0.0096 0.0242 0.1611 0.0098 0.0065 0.0072 0.6558 0.0054 0.0051 0.0074 0.0181 0.0111 0.0124 0.0055 0.0062 0.0163 0.0081 
   H169688.5  1 0.0073 0.0082 0.0109 0.0153 0.0175 0.1937 0.0080 0.0080 0.0092 0.6149 0.0065 0.0051 0.0072 0.0221 0.0112 0.0156 0.0065 0.0059 0.0180 0.0088 
   H169688.6  1 0.0077 0.0074 0.0197 0.0164 0.0208 0.0148 0.0058 0.0139 0.0076 0.7134 0.0079 0.0035 0.0052 0.0544 0.0135 0.0207 0.0051 0.0064 0.0248 0.0309 
   H169688.7  1 0.0123 0.0077 0.0057 0.0153 0.0097 0.0201 0.0233 0.0068 0.0065 0.6957 0.0231 0.0141 0.0077 0.0449 0.0139 0.0572 0.0118 0.0058 0.0097 0.0087 
   H171901.1  1 0.0142 0.0526 0.0122 0.0094 0.3660 0.0409 0.0116 0.0186 0.0137 0.0229 0.0799 0.0866 0.0124 0.0593 0.0224 0.0733 0.0124 0.0105 0.0736 0.0076 
   H171901.2  1 0.0061 0.0207 0.0152 0.0082 0.0066 0.0238 0.0138 0.0239 0.0056 0.0278 0.0069 0.0241 0.0134 0.0114 0.0059 0.0203 0.0050 0.0114 0.0065 0.7435 
   H171901.3  1 0.0082 0.0218 0.0063 0.0089 0.0356 0.0197 0.0111 0.0073 0.0153 0.1048 0.0097 0.0165 0.0074 0.0348 0.0150 0.0109 0.0070 0.0075 0.0107 0.6415 
   H171901.4  1 0.0062 0.0163 0.0286 0.0118 0.0099 0.0149 0.0204 0.0114 0.0069 0.0335 0.0101 0.0136 0.0113 0.0317 0.0093 0.0100 0.0094 0.0194 0.0077 0.7178 
   H171901.5  1 0.0071 0.0256 0.0213 0.0202 0.0164 0.0146 0.0678 0.0097 0.0131 0.0312 0.0167 0.0166 0.0075 0.0461 0.0066 0.0158 0.0092 0.0313 0.0082 0.6150 
   H171901.6  1 0.0136 0.0337 0.0487 0.0430 0.0249 0.0290 0.0836 0.0179 0.0111 0.0548 0.0139 0.0310 0.0113 0.0236 0.0052 0.0511 0.0141 0.0468 0.0069 0.4357 
   H171901.7  1 0.0092 0.0158 0.0095 0.0117 0.0165 0.0351 0.0079 0.0089 0.0127 0.0719 0.0108 0.0128 0.0169 0.0493 0.0068 0.0314 0.0052 0.0073 0.0071 0.6531 
   H171902.1  1 0.0068 0.0095 0.0048 0.7752 0.0055 0.0142 0.0334 0.0064 0.0032 0.0076 0.0063 0.0054 0.0088 0.0084 0.0046 0.0179 0.0115 0.0082 0.0547 0.0074 
  H171902.10  1 0.0040 0.0092 0.0044 0.8304 0.0046 0.0170 0.0125 0.0121 0.0046 0.0054 0.0040 0.0204 0.0047 0.0093 0.0062 0.0097 0.0065 0.0057 0.0108 0.0185 
   H171902.2  1 0.0095 0.0061 0.0130 0.7661 0.0105 0.0112 0.0103 0.0087 0.0054 0.0201 0.0061 0.0062 0.0229 0.0044 0.0249 0.0088 0.0093 0.0080 0.0404 0.0082 
   H171902.3  1 0.0058 0.0106 0.0076 0.7530 0.0141 0.0396 0.0148 0.0112 0.0054 0.0127 0.0070 0.0140 0.0078 0.0153 0.0069 0.0139 0.0117 0.0112 0.0110 0.0266 
   H171902.4  1 0.0088 0.0130 0.0073 0.7104 0.0067 0.0164 0.0109 0.0162 0.0071 0.0076 0.0035 0.0153 0.0116 0.0037 0.0063 0.0202 0.0052 0.0062 0.0490 0.0746 
   H171902.6  1 0.0064 0.0173 0.0036 0.8144 0.0045 0.0173 0.0075 0.0140 0.0050 0.0047 0.0042 0.0250 0.0044 0.0089 0.0054 0.0147 0.0070 0.0070 0.0112 0.0175 
   H171902.7  1 0.0055 0.0158 0.0061 0.6117 0.0117 0.0176 0.0333 0.0241 0.0068 0.0068 0.0150 0.0383 0.0062 0.0098 0.0039 0.0649 0.0103 0.0267 0.0494 0.0360 
   H171902.8  1 0.0056 0.0150 0.0049 0.7652 0.0108 0.0269 0.0223 0.0127 0.0063 0.0062 0.0067 0.0185 0.0060 0.0103 0.0064 0.0188 0.0092 0.0103 0.0196 0.0182 
   H171902.9  1 0.0110 0.0157 0.0128 0.6368 0.0063 0.1526 0.0295 0.0130 0.0038 0.0061 0.0051 0.0077 0.0078 0.0087 0.0049 0.0154 0.0054 0.0080 0.0433 0.0062 
   H171903.1  1 0.0046 0.0087 0.0116 0.0087 0.0076 0.0473 0.0166 0.6883 0.0104 0.0077 0.0040 0.0102 0.0131 0.0617 0.0049 0.0226 0.0214 0.0275 0.0047 0.0184 
   H171903.2  1 0.0074 0.0111 0.0178 0.0093 0.0094 0.0387 0.0326 0.6399 0.0256 0.0084 0.0319 0.0089 0.0380 0.0441 0.0065 0.0117 0.0163 0.0183 0.0144 0.0097 
   H171903.3  1 0.0209 0.0136 0.0089 0.0093 0.0350 0.0471 0.0716 0.2087 0.0956 0.0298 0.0409 0.0365 0.0315 0.0943 0.0063 0.0158 0.0701 0.0576 0.0145 0.0922 
   H171903.4  1 0.0124 0.0344 0.0109 0.0397 0.4365 0.0344 0.0207 0.0530 0.0106 0.0254 0.0096 0.0350 0.0053 0.0482 0.0186 0.1550 0.0066 0.0255 0.0081 0.0103 
   H171903.5  1 0.0146 0.0085 0.0133 0.0169 0.0220 0.0659 0.0195 0.0740 0.1999 0.0659 0.1771 0.0136 0.0348 0.0798 0.0105 0.0221 0.0714 0.0346 0.0094 0.0461 
   H171903.6  1 0.0110 0.0167 0.0066 0.0479 0.0213 0.0597 0.0157 0.1795 0.0490 0.1456 0.0246 0.0100 0.0133 0.1809 0.0117 0.0291 0.0074 0.0940 0.0047 0.0714 
      H177.1  1 0.0160 0.0193 0.0053 0.0448 0.2284 0.0292 0.1529 0.0237 0.0083 0.0168 0.0115 0.0156 0.0070 0.0236 0.0051 0.0169 0.0049 0.0268 0.0110 0.3329 
      H177.2  1 0.0148 0.0360 0.0085 0.1525 0.0105 0.0107 0.0768 0.0245 0.0442 0.0250 0.0724 0.0285 0.0620 0.0436 0.0179 0.0427 0.0093 0.1928 0.0141 0.1132 
      H177.3  1 0.0207 0.1161 0.0068 0.1209 0.0123 0.0247 0.0639 0.0162 0.0168 0.0333 0.0188 0.0236 0.0077 0.0327 0.0057 0.0312 0.0075 0.0893 0.0193 0.3324 
      H177.4  1 0.0128 0.0136 0.0147 0.1962 0.1823 0.0061 0.0439 0.0208 0.0129 0.0168 0.0137 0.0110 0.0087 0.0147 0.0056 0.0371 0.0059 0.0433 0.0098 0.3300 
      H177.5  1 0.0185 0.0145 0.0205 0.0187 0.4712 0.0156 0.0761 0.0321 0.0456 0.0514 0.0216 0.0189 0.0201 0.0310 0.0122 0.0184 0.0049 0.0784 0.0070 0.0233 
      H177.6  1 0.0332 0.1196 0.0063 0.0642 0.0109 0.0168 0.0727 0.0111 0.0108 0.0257 0.0206 0.0267 0.0106 0.0335 0.0040 0.0203 0.0071 0.0289 0.0217 0.4555 
      H179.1  1 0.0530 0.0392 0.0171 0.3968 0.0289 0.0141 0.0072 0.0051 0.0162 0.1217 0.1283 0.0072 0.0108 0.0216 0.0098 0.0060 0.0592 0.0351 0.0072 0.0155 
      H179.2  1 0.0348 0.0101 0.0113 0.3493 0.0246 0.0197 0.0163 0.0117 0.0168 0.0413 0.1834 0.0111 0.0156 0.0584 0.0102 0.0058 0.1042 0.0530 0.0044 0.0181 
      H179.3  1 0.0184 0.0293 0.0168 0.0702 0.0694 0.0282 0.0097 0.0167 0.0479 0.3595 0.1453 0.0063 0.0266 0.0580 0.0161 0.0075 0.0380 0.0191 0.0077 0.0094 
      H179.4  1 0.0237 0.0078 0.0095 0.1538 0.0252 0.0053 0.0306 0.0134 0.0116 0.0396 0.2379 0.0097 0.0177 0.0623 0.0212 0.0254 0.0252 0.0239 0.0047 0.2516 
      H180.1  1 0.0068 0.0051 0.0198 0.0255 0.0143 0.0325 0.6430 0.0092 0.0252 0.0390 0.0080 0.0388 0.0075 0.0264 0.0353 0.0037 0.0269 0.0067 0.0186 0.0078 
      H180.2  1 0.0221 0.0120 0.1221 0.0122 0.0178 0.1651 0.3317 0.0092 0.0115 0.0744 0.0081 0.0289 0.0065 0.0526 0.0562 0.0059 0.0076 0.0211 0.0253 0.0099 
      H180.3  1 0.0504 0.0067 0.0206 0.0086 0.0070 0.3076 0.3262 0.0175 0.0300 0.0058 0.0074 0.0081 0.0738 0.0100 0.0069 0.0082 0.0699 0.0084 0.0194 0.0075 
      H180.4  1 0.0119 0.0063 0.2741 0.0353 0.0200 0.0344 0.2693 0.0065 0.0208 0.0618 0.0162 0.1134 0.0165 0.0236 0.0236 0.0064 0.0063 0.0094 0.0223 0.0219 
      H180.5  1 0.0077 0.0062 0.0214 0.0328 0.0287 0.0831 0.1070 0.0198 0.0127 0.0675 0.0087 0.3394 0.0411 0.0393 0.0339 0.0071 0.0090 0.0663 0.0535 0.0147 
      H180.6  1 0.0100 0.0107 0.0245 0.0094 0.0082 0.0457 0.0293 0.0154 0.0097 0.0104 0.0286 0.1132 0.5246 0.0208 0.0288 0.0192 0.0096 0.0130 0.0484 0.0205 
      H181.1  1 0.0091 0.0080 0.0070 0.1063 0.0095 0.0103 0.0131 0.0683 0.1260 0.0347 0.0551 0.0282 0.0065 0.0067 0.2061 0.0113 0.0083 0.0124 0.0158 0.2573 
      H181.2  1 0.0064 0.0070 0.0125 0.6405 0.0116 0.0150 0.0312 0.0239 0.0188 0.0152 0.0047 0.0564 0.0075 0.0059 0.0641 0.0175 0.0135 0.0091 0.0085 0.0306 
      H181.3  1 0.0057 0.0087 0.0094 0.4836 0.0107 0.0050 0.0635 0.0120 0.0068 0.0189 0.0053 0.0294 0.0078 0.0077 0.2381 0.0089 0.0040 0.0180 0.0086 0.0479 
      H181.4  1 0.0203 0.0126 0.0123 0.1417 0.0140 0.0870 0.0509 0.0311 0.2648 0.0126 0.0174 0.0260 0.0163 0.0244 0.0625 0.0406 0.0076 0.0457 0.0042 0.1081 
      H181.5  1 0.0476 0.0103 0.0149 0.4342 0.0280 0.0086 0.0200 0.0075 0.0139 0.0163 0.0523 0.0286 0.0142 0.0078 0.2039 0.0088 0.0158 0.0166 0.0169 0.0339 
      H181.6  1 0.0205 0.0165 0.0711 0.3800 0.0248 0.0329 0.0642 0.0203 0.0148 0.0336 0.0760 0.0444 0.0145 0.0135 0.0261 0.0152 0.0551 0.0221 0.0099 0.0445 
      H181.7  1 0.0082 0.0118 0.0115 0.2684 0.0121 0.0157 0.0322 0.0189 0.0350 0.0358 0.2632 0.0102 0.0325 0.0123 0.0617 0.0127 0.0122 0.0091 0.0080 0.1284 
 H194.1_2004  1 0.0121 0.0088 0.0076 0.0041 0.0087 0.0306 0.0109 0.0135 0.0100 0.0100 0.0058 0.0200 0.0135 0.0158 0.0050 0.7820 0.0070 0.0106 0.0060 0.0180 
 H194.2_2004  1 0.0068 0.0068 0.0043 0.0039 0.1021 0.0066 0.0084 0.0177 0.0094 0.0047 0.0037 0.0144 0.0055 0.0054 0.0042 0.7737 0.0035 0.0054 0.0092 0.0044 
 H194.3_2004  1 0.0962 0.0069 0.0063 0.0145 0.0109 0.0094 0.0099 0.0107 0.0069 0.0095 0.0116 0.0073 0.0054 0.0072 0.0035 0.7139 0.0055 0.0051 0.0058 0.0534 
 H194.4_2004  1 0.0090 0.0072 0.0033 0.0085 0.0829 0.0082 0.0081 0.0228 0.0058 0.0061 0.0044 0.0085 0.0053 0.0052 0.0043 0.7655 0.0047 0.0040 0.0098 0.0264 
 H194.5_2004  1 0.0225 0.0130 0.0092 0.0078 0.0151 0.0162 0.0088 0.0076 0.0099 0.0083 0.0123 0.0093 0.0133 0.0206 0.0054 0.7437 0.0085 0.0155 0.0038 0.0492 
 H194.6_2004  1 0.2465 0.0145 0.0076 0.0127 0.1906 0.0136 0.0267 0.0128 0.0110 0.0079 0.0093 0.0150 0.0115 0.0123 0.0068 0.1263 0.0086 0.0117 0.0067 0.2480 
 H194.7_2004  1 0.0110 0.0068 0.0062 0.0040 0.0183 0.0156 0.0039 0.0617 0.0138 0.0070 0.0078 0.0090 0.0374 0.0112 0.0085 0.7402 0.0055 0.0165 0.0049 0.0107 
 H194.8_2004  1 0.0342 0.0109 0.0058 0.0073 0.2054 0.0177 0.0092 0.0159 0.0099 0.0068 0.0064 0.0145 0.0149 0.0184 0.0086 0.5002 0.0079 0.0118 0.0106 0.0835 
      H194.9  1 0.0126 0.0089 0.0062 0.0048 0.0121 0.0174 0.0051 0.0216 0.0095 0.0072 0.0049 0.0075 0.0377 0.0088 0.0077 0.7913 0.0052 0.0117 0.0067 0.0133 
 H195.1_2003  1 0.0051 0.0047 0.0131 0.0046 0.0108 0.0048 0.0087 0.0054 0.0045 0.0051 0.0117 0.0085 0.0048 0.0095 0.0053 0.8661 0.0071 0.0063 0.0040 0.0100 
 H195.1_2004  1 0.0047 0.0092 0.0072 0.0134 0.0039 0.0054 0.0085 0.0062 0.0071 0.0125 0.0048 0.0253 0.0048 0.0067 0.0233 0.8235 0.0038 0.0053 0.0123 0.0121 
 H195.2_2003  1 0.0050 0.0087 0.0120 0.0080 0.0064 0.0106 0.0190 0.0176 0.0035 0.0166 0.0057 0.0056 0.0081 0.0055 0.0040 0.8349 0.0065 0.0116 0.0050 0.0059 
 H195.2_2004  1 0.0042 0.0033 0.0055 0.0048 0.0038 0.0040 0.0047 0.0051 0.0031 0.0046 0.0044 0.0057 0.0041 0.0038 0.0051 0.9135 0.0032 0.0043 0.0067 0.0061 
 H195.3_2003  1 0.0068 0.0094 0.0268 0.0096 0.0098 0.0303 0.0148 0.0209 0.0055 0.0132 0.0054 0.0045 0.0078 0.0098 0.0072 0.7839 0.0051 0.0190 0.0053 0.0047 
 H195.3_2004  1 0.0047 0.0041 0.0049 0.0053 0.0037 0.0033 0.0061 0.0084 0.0044 0.0054 0.0041 0.0078 0.0037 0.0039 0.0070 0.8963 0.0039 0.0040 0.0055 0.0137 
 H195.4_2003  1 0.0063 0.0056 0.0088 0.0053 0.0071 0.0042 0.0070 0.0077 0.0046 0.0059 0.0063 0.0111 0.0044 0.0046 0.0038 0.8838 0.0063 0.0051 0.0032 0.0087 
 H195.4_2004  1 0.0042 0.0051 0.0040 0.0036 0.0060 0.0037 0.0049 0.0075 0.0048 0.0067 0.0040 0.0052 0.0060 0.0035 0.0168 0.8980 0.0029 0.0039 0.0045 0.0048 
 H195.5_2003  1 0.0063 0.0075 0.0618 0.0047 0.0100 0.0068 0.0188 0.0089 0.0070 0.0097 0.0142 0.0322 0.0049 0.0184 0.0180 0.7386 0.0077 0.0082 0.0045 0.0117 
 H195.5_2004  1 0.0052 0.0057 0.0113 0.0089 0.0039 0.0049 0.0063 0.0085 0.0044 0.0093 0.0041 0.0085 0.0046 0.0041 0.0183 0.8657 0.0037 0.0036 0.0076 0.0115 
 H195.6_2003  1 0.0044 0.0052 0.0242 0.0087 0.0040 0.0090 0.0119 0.0166 0.0031 0.0080 0.0030 0.0062 0.0056 0.0061 0.0061 0.8571 0.0048 0.0074 0.0043 0.0042 
 H195.6_2004  1 0.0071 0.0034 0.0060 0.0083 0.0035 0.0033 0.0060 0.0084 0.0034 0.0035 0.0055 0.0062 0.0044 0.0036 0.0048 0.9016 0.0040 0.0047 0.0062 0.0062 
 H195.7_2003  1 0.0051 0.0038 0.0078 0.0060 0.0144 0.0034 0.0079 0.0060 0.0051 0.0075 0.0069 0.0068 0.0059 0.0084 0.0058 0.8725 0.0062 0.0102 0.0029 0.0072 
 H195.7_2004  1 0.0046 0.0064 0.0093 0.0094 0.0044 0.0079 0.0076 0.0050 0.0060 0.0097 0.0045 0.0122 0.0040 0.0067 0.0216 0.8434 0.0033 0.0047 0.0242 0.0048 
      H195.8  1 0.0037 0.0073 0.0064 0.0072 0.0055 0.0051 0.0058 0.0072 0.0067 0.0086 0.0039 0.0132 0.0055 0.0064 0.0476 0.8412 0.0030 0.0047 0.0062 0.0048 
      H195.9  1 0.0054 0.0046 0.0046 0.0098 0.0041 0.0035 0.0070 0.0108 0.0052 0.0058 0.0044 0.0091 0.0054 0.0059 0.0065 0.8872 0.0031 0.0057 0.0044 0.0075 
      H415.1  1 0.0101 0.0118 0.0085 0.0098 0.0176 0.1683 0.0263 0.0071 0.0118 0.0106 0.0070 0.0204 0.0250 0.0110 0.0070 0.0241 0.4715 0.0059 0.0779 0.0683 
      H415.2  1 0.0792 0.0993 0.0133 0.2545 0.0110 0.0747 0.1933 0.0077 0.0145 0.0441 0.0072 0.0077 0.0062 0.0076 0.0028 0.0282 0.0915 0.0128 0.0182 0.0263 
      H415.3  1 0.0069 0.0080 0.0089 0.0389 0.0120 0.0111 0.0237 0.0036 0.0139 0.0098 0.0176 0.0259 0.0056 0.0220 0.0033 0.0130 0.6649 0.0157 0.0088 0.0864 
      H415.4  1 0.0172 0.0102 0.0081 0.0067 0.0116 0.0799 0.0281 0.0050 0.0108 0.0041 0.0058 0.0404 0.0248 0.0076 0.0086 0.0152 0.6695 0.0072 0.0184 0.0208 
      H415.5  1 0.0139 0.0063 0.0061 0.0239 0.0130 0.0093 0.0527 0.0038 0.0167 0.0086 0.0098 0.0313 0.0069 0.0148 0.0043 0.0149 0.6283 0.0108 0.0117 0.1127 
      H415.6  1 0.0164 0.0099 0.0064 0.0072 0.0104 0.0887 0.0207 0.0054 0.0126 0.0044 0.0070 0.0321 0.0248 0.0066 0.0088 0.0156 0.6817 0.0096 0.0147 0.0172 
      H415.7  1 0.0153 0.0274 0.0095 0.2305 0.0092 0.0128 0.0531 0.0050 0.0111 0.0500 0.0120 0.0113 0.0073 0.0131 0.0045 0.0416 0.3223 0.0704 0.0153 0.0784 
      H506.1  1 0.0284 0.0062 0.0139 0.7326 0.0052 0.0037 0.0060 0.0040 0.0087 0.0096 0.0348 0.0036 0.0063 0.0110 0.0174 0.0040 0.0247 0.0303 0.0119 0.0379 
      H506.2  1 0.0135 0.0094 0.0066 0.8413 0.0046 0.0032 0.0077 0.0062 0.0040 0.0082 0.0136 0.0046 0.0050 0.0047 0.0048 0.0072 0.0109 0.0139 0.0049 0.0255 
      H506.3  1 0.0123 0.0038 0.0103 0.8210 0.0070 0.0034 0.0055 0.0036 0.0083 0.0162 0.0084 0.0049 0.0112 0.0065 0.0127 0.0044 0.0184 0.0096 0.0243 0.0083 
      H506.4  1 0.0263 0.0088 0.0157 0.7448 0.0104 0.0052 0.0047 0.0070 0.0159 0.0110 0.0198 0.0043 0.0092 0.0149 0.0113 0.0045 0.0227 0.0272 0.0157 0.0205 
      H506.5  1 0.0136 0.0102 0.0106 0.7842 0.0062 0.0038 0.0109 0.0081 0.0041 0.0215 0.0106 0.0034 0.0057 0.0051 0.0065 0.0056 0.0234 0.0244 0.0091 0.0331 
      H506.6  1 0.0082 0.0332 0.0075 0.5564 0.0172 0.0050 0.0187 0.0149 0.0227 0.1664 0.0207 0.0071 0.0086 0.0087 0.0137 0.0146 0.0114 0.0366 0.0205 0.0077 
      H506.7  1 0.0098 0.0076 0.0077 0.8464 0.0057 0.0031 0.0085 0.0053 0.0039 0.0103 0.0079 0.0038 0.0060 0.0042 0.0074 0.0059 0.0121 0.0130 0.0058 0.0256 
      H533.1  1 0.0130 0.0073 0.0051 0.0618 0.0033 0.0042 0.0059 0.0047 0.0093 0.0061 0.5810 0.0051 0.0062 0.0235 0.0130 0.0043 0.0140 0.0082 0.0088 0.2152 
      H533.2  1 0.0062 0.0064 0.0055 0.0800 0.0051 0.0036 0.0067 0.0042 0.0053 0.0071 0.4423 0.0043 0.0069 0.0132 0.0092 0.0037 0.0135 0.0055 0.0172 0.3541 
      H533.3  1 0.0098 0.0175 0.0052 0.0685 0.0061 0.0078 0.0122 0.0097 0.0320 0.0231 0.4215 0.0036 0.0089 0.0771 0.0132 0.0047 0.0300 0.0156 0.0055 0.2280 
      H533.4  1 0.0071 0.0293 0.0066 0.0496 0.0089 0.0055 0.0145 0.0117 0.0187 0.0279 0.1314 0.0051 0.0094 0.1617 0.0218 0.0109 0.0274 0.0076 0.0150 0.4298 
      H535.1  1 0.0904 0.0144 0.0065 0.0284 0.0197 0.0222 0.0510 0.0258 0.0130 0.0064 0.0121 0.0158 0.0095 0.0117 0.0062 0.0145 0.0096 0.0381 0.0053 0.5995 
      H535.2  1 0.0169 0.0079 0.0214 0.0346 0.0325 0.0045 0.0204 0.0181 0.0164 0.0098 0.0361 0.0174 0.0433 0.0145 0.0789 0.0373 0.0059 0.0176 0.0032 0.5635 
      H535.3  1 0.0147 0.0212 0.0685 0.0207 0.0285 0.0096 0.0167 0.0269 0.0166 0.0068 0.0357 0.0167 0.0402 0.0203 0.1187 0.0343 0.0047 0.0251 0.0059 0.4681 
      H535.4  1 0.0076 0.0036 0.0102 0.0043 0.0041 0.0042 0.0070 0.0041 0.0054 0.0039 0.0063 0.0085 0.0045 0.0062 0.0085 0.0080 0.0081 0.0048 0.0034 0.8872 
      H535.5  1 0.0138 0.0048 0.0065 0.0092 0.0147 0.0061 0.0076 0.0120 0.0085 0.0057 0.0061 0.0046 0.0048 0.0217 0.0054 0.0084 0.0084 0.0095 0.0038 0.8382 
      H535.6  1 0.0684 0.0125 0.0061 0.0792 0.1879 0.0277 0.0197 0.0369 0.0162 0.0058 0.0175 0.0227 0.0132 0.0228 0.0203 0.0543 0.0058 0.0387 0.0046 0.3398 
      H535.7  1 0.0171 0.0056 0.0179 0.0097 0.0139 0.0067 0.0077 0.0087 0.0083 0.0060 0.0100 0.0033 0.0085 0.0159 0.0056 0.0060 0.0059 0.0064 0.0068 0.8300 
      H535.8  1 0.0131 0.0075 0.0223 0.0093 0.1364 0.0077 0.0085 0.0137 0.0086 0.0065 0.0118 0.0053 0.0187 0.0247 0.0280 0.0250 0.0092 0.0093 0.0057 0.6284 
      H535.9  1 0.0168 0.0373 0.0277 0.0205 0.0069 0.0329 0.0138 0.0367 0.0088 0.0079 0.0132 0.0258 0.0081 0.0103 0.0113 0.0199 0.0049 0.0195 0.0108 0.6669 
      H539.1  1 0.0036 0.0087 0.0038 0.0035 0.0033 0.9179 0.0049 0.0072 0.0036 0.0040 0.0040 0.0036 0.0050 0.0038 0.0026 0.0037 0.0036 0.0039 0.0063 0.0029 
      H539.2  1 0.0053 0.0060 0.0095 0.0109 0.0111 0.6980 0.0269 0.0124 0.0162 0.0327 0.0089 0.0088 0.0152 0.0687 0.0293 0.0066 0.0083 0.0065 0.0093 0.0093 
      H539.3  1 0.0080 0.0062 0.0051 0.0057 0.0141 0.8416 0.0088 0.0235 0.0048 0.0091 0.0063 0.0039 0.0090 0.0085 0.0072 0.0125 0.0043 0.0048 0.0107 0.0059 
      H539.4  1 0.0033 0.0069 0.0071 0.0063 0.0056 0.8505 0.0145 0.0050 0.0093 0.0229 0.0085 0.0042 0.0072 0.0080 0.0044 0.0039 0.0055 0.0061 0.0164 0.0045 
      H539.5  1 0.0045 0.0048 0.0024 0.0039 0.0033 0.9241 0.0049 0.0069 0.0033 0.0026 0.0028 0.0034 0.0057 0.0040 0.0033 0.0037 0.0035 0.0044 0.0048 0.0038 
      H539.6  1 0.0037 0.0054 0.0037 0.0041 0.0036 0.9131 0.0044 0.0068 0.0033 0.0036 0.0038 0.0060 0.0067 0.0066 0.0040 0.0038 0.0047 0.0056 0.0039 0.0032 
      H539.7  1 0.0043 0.0064 0.0044 0.0038 0.0057 0.9191 0.0044 0.0034 0.0034 0.0055 0.0033 0.0046 0.0038 0.0052 0.0033 0.0037 0.0038 0.0050 0.0037 0.0030 
      H539.8  1 0.0150 0.0055 0.0141 0.0061 0.0172 0.8258 0.0073 0.0075 0.0101 0.0089 0.0094 0.0050 0.0065 0.0075 0.0108 0.0078 0.0052 0.0070 0.0145 0.0089 
      H539.9  1 0.0042 0.0052 0.0058 0.0054 0.0044 0.8865 0.0090 0.0067 0.0066 0.0106 0.0053 0.0028 0.0078 0.0055 0.0049 0.0036 0.0056 0.0059 0.0110 0.0031 
      H540.1  1 0.0047 0.0115 0.0051 0.0212 0.0051 0.8098 0.0098 0.0144 0.0154 0.0064 0.0074 0.0048 0.0076 0.0194 0.0065 0.0093 0.0045 0.0237 0.0079 0.0056 
      H540.2  1 0.0058 0.0101 0.0035 0.0049 0.0050 0.8928 0.0066 0.0055 0.0073 0.0049 0.0068 0.0058 0.0039 0.0050 0.0027 0.0055 0.0055 0.0105 0.0033 0.0046 
      H540.3  1 0.0663 0.0745 0.0069 0.0176 0.0168 0.3908 0.0208 0.0057 0.0375 0.0579 0.0091 0.0194 0.0058 0.0109 0.0104 0.0120 0.0106 0.0201 0.1969 0.0102 
      H540.4  1 0.0065 0.0061 0.0046 0.0131 0.0065 0.8766 0.0067 0.0045 0.0077 0.0074 0.0052 0.0090 0.0039 0.0060 0.0048 0.0056 0.0050 0.0131 0.0031 0.0045 
      H540.5  1 0.0103 0.0128 0.0042 0.0088 0.0069 0.8300 0.0116 0.0076 0.0105 0.0147 0.0085 0.0065 0.0066 0.0062 0.0066 0.0052 0.0068 0.0111 0.0189 0.0062 
      H540.6  1 0.0111 0.0152 0.0053 0.0299 0.0103 0.7461 0.0083 0.0199 0.0228 0.0108 0.0097 0.0091 0.0117 0.0144 0.0197 0.0086 0.0066 0.0217 0.0111 0.0076 
      H540.7  1 0.0054 0.0087 0.0053 0.0056 0.0040 0.8759 0.0071 0.0059 0.0078 0.0056 0.0071 0.0075 0.0051 0.0072 0.0047 0.0054 0.0078 0.0099 0.0047 0.0092 
      H540.8  1 0.0091 0.0106 0.0044 0.0063 0.0050 0.8624 0.0079 0.0073 0.0118 0.0056 0.0068 0.0058 0.0048 0.0129 0.0028 0.0061 0.0039 0.0128 0.0044 0.0091 
     H9558.1  1 0.0089 0.0189 0.0063 0.0083 0.0074 0.8535 0.0112 0.0132 0.0033 0.0080 0.0076 0.0034 0.0048 0.0129 0.0041 0.0053 0.0062 0.0044 0.0086 0.0039 
     H9558.2  1 0.0094 0.0328 0.0182 0.0110 0.0131 0.7791 0.0159 0.0080 0.0040 0.0138 0.0190 0.0042 0.0131 0.0068 0.0082 0.0079 0.0127 0.0076 0.0109 0.0045 
     H9558.3  1 0.0097 0.0099 0.0126 0.0049 0.0058 0.8384 0.0149 0.0119 0.0072 0.0054 0.0133 0.0042 0.0117 0.0058 0.0059 0.0052 0.0095 0.0088 0.0089 0.0061 
     H9558.4  1 0.0054 0.0154 0.0064 0.0062 0.0042 0.8554 0.0153 0.0065 0.0044 0.0093 0.0107 0.0039 0.0050 0.0140 0.0042 0.0033 0.0102 0.0056 0.0104 0.0042 
     H9558.5  1 0.0052 0.0074 0.0102 0.0055 0.0047 0.8480 0.0141 0.0041 0.0089 0.0217 0.0057 0.0033 0.0036 0.0072 0.0052 0.0028 0.0074 0.0060 0.0237 0.0054 
     H9558.6  1 0.0135 0.0220 0.0081 0.0123 0.0074 0.7534 0.0221 0.0072 0.0456 0.0046 0.0093 0.0066 0.0434 0.0058 0.0035 0.0055 0.0058 0.0095 0.0087 0.0057 
    kos339.1  1 0.0043 0.0131 0.0069 0.0130 0.0060 0.0053 0.0108 0.0053 0.0123 0.0096 0.0064 0.0049 0.0128 0.0101 0.0049 0.0042 0.0145 0.0208 0.0056 0.8292 
    kos339.2  1 0.0073 0.0046 0.0093 0.0086 0.0055 0.0056 0.0046 0.0041 0.0094 0.0091 0.0110 0.0085 0.0097 0.0051 0.0086 0.0076 0.0123 0.0080 0.0081 0.8530 
    kos339.3  1 0.0034 0.0036 0.0033 0.0042 0.0036 0.0051 0.0035 0.0040 0.0056 0.0035 0.0031 0.0039 0.0042 0.0054 0.0028 0.0053 0.0059 0.0057 0.0026 0.9214 
    kos339.4  1 0.0044 0.0036 0.0040 0.0039 0.0043 0.0056 0.0040 0.0036 0.0046 0.0044 0.0037 0.0049 0.0054 0.0056 0.0049 0.0055 0.0092 0.0043 0.0051 0.9092 
    kos339.5  1 0.0053 0.0083 0.0071 0.0101 0.0057 0.0060 0.0055 0.0052 0.0075 0.0074 0.0046 0.0053 0.0092 0.0095 0.0049 0.0043 0.0080 0.0157 0.0032 0.8672 
    kos339.6  1 0.0065 0.0054 0.0042 0.0057 0.0043 0.0048 0.0042 0.0043 0.0091 0.0073 0.0046 0.0056 0.0057 0.0050 0.0051 0.0069 0.0080 0.0075 0.0062 0.8896 
    kos339.7  1 0.0031 0.0043 0.0028 0.0040 0.0034 0.0033 0.0045 0.0036 0.0052 0.0042 0.0038 0.0040 0.0050 0.0052 0.0032 0.0058 0.0059 0.0044 0.0035 0.9208 
    kos339.8  1 0.0055 0.0037 0.0063 0.0078 0.0064 0.0034 0.0054 0.0031 0.0106 0.0073 0.0055 0.0056 0.0065 0.0071 0.0077 0.0058 0.0201 0.0095 0.0054 0.8672 
    kos339.9  1 0.0057 0.0061 0.0097 0.0130 0.0059 0.0252 0.0098 0.0067 0.0052 0.0037 0.0069 0.0086 0.0109 0.0112 0.0050 0.0089 0.0070 0.0105 0.0054 0.8345 
      H008.1  2 0.0136 0.0136 0.0174 0.0103 0.0084 0.0743 0.0168 0.0066 0.0093 0.0111 0.0251 0.0096 0.7218 0.0182 0.0094 0.0058 0.0097 0.0059 0.0057 0.0076 
      H008.2  2 0.0117 0.0426 0.0728 0.0111 0.0322 0.0794 0.0349 0.0367 0.0158 0.0186 0.4596 0.0098 0.0444 0.0249 0.0353 0.0100 0.0106 0.0120 0.0271 0.0106 
      H008.3  2 0.0425 0.0180 0.0475 0.0235 0.0475 0.0777 0.0391 0.0658 0.0274 0.0105 0.2572 0.0162 0.0364 0.1195 0.0793 0.0162 0.0115 0.0204 0.0271 0.0167 
      H008.4  2 0.0271 0.0237 0.0225 0.0092 0.0354 0.0834 0.0150 0.0243 0.0093 0.0120 0.1168 0.0106 0.4847 0.0070 0.0172 0.0139 0.0317 0.0120 0.0317 0.0123 
      H008.5  2 0.0219 0.0103 0.0291 0.0119 0.0602 0.0407 0.0141 0.0220 0.0160 0.0105 0.0359 0.0072 0.6241 0.0224 0.0144 0.0097 0.0086 0.0122 0.0161 0.0128 
      H008.6  2 0.0201 0.0456 0.0690 0.0080 0.0346 0.0758 0.0228 0.0385 0.0164 0.0073 0.3823 0.0063 0.1300 0.0189 0.0068 0.0178 0.0188 0.0155 0.0559 0.0097 
      H008.7  2 0.0249 0.0433 0.0794 0.0181 0.0620 0.0691 0.0536 0.0177 0.0095 0.0175 0.1771 0.0177 0.2114 0.0206 0.0715 0.0133 0.0124 0.0153 0.0478 0.0177 
      H008.8  2 0.0109 0.0492 0.0106 0.0087 0.0094 0.1877 0.0375 0.0214 0.0070 0.0116 0.4886 0.0064 0.0698 0.0106 0.0143 0.0116 0.0095 0.0167 0.0093 0.0092 
      H008.9  2 0.0294 0.0821 0.0480 0.0086 0.0141 0.0375 0.0228 0.0323 0.0136 0.0079 0.4892 0.0087 0.0158 0.0131 0.0126 0.0278 0.0083 0.0121 0.1071 0.0088 
 H029.1_2002  2 0.0145 0.0278 0.0076 0.0067 0.1080 0.0293 0.0266 0.0055 0.0081 0.0124 0.0173 0.0062 0.6204 0.0055 0.0112 0.0072 0.0424 0.0203 0.0179 0.0050 
 H029.1_2003  2 0.0590 0.0142 0.0081 0.0096 0.7438 0.0082 0.0166 0.0059 0.0096 0.0160 0.0374 0.0056 0.0118 0.0089 0.0048 0.0079 0.0087 0.0080 0.0094 0.0065 
 H029.2_2002  2 0.0590 0.0047 0.0107 0.0291 0.0817 0.0099 0.0251 0.0093 0.0062 0.0181 0.0109 0.0055 0.4961 0.0093 0.0323 0.0419 0.0062 0.0189 0.0448 0.0803 
 H029.2_2003  2 0.0220 0.0078 0.0103 0.0472 0.5793 0.0087 0.0455 0.0184 0.0128 0.0220 0.0350 0.0046 0.0488 0.0159 0.0057 0.0130 0.0054 0.0178 0.0210 0.0590 
 H029.3_2002  2 0.0563 0.0078 0.0058 0.0493 0.0723 0.0076 0.0166 0.0199 0.0219 0.0670 0.0796 0.0043 0.2173 0.0137 0.0311 0.0537 0.0092 0.0163 0.1726 0.0777 
 H029.3_2003  2 0.0224 0.0051 0.0393 0.0302 0.5315 0.0078 0.0052 0.0050 0.0105 0.0209 0.0369 0.0059 0.2230 0.0127 0.0055 0.0076 0.0048 0.0120 0.0055 0.0082 
 H029.4_2002  2 0.0112 0.0056 0.0074 0.0068 0.1077 0.0047 0.0041 0.0046 0.0076 0.0389 0.0112 0.0057 0.6991 0.0064 0.0199 0.0181 0.0089 0.0050 0.0226 0.0046 
 H029.4_2003  2 0.0105 0.0101 0.0106 0.0075 0.6697 0.0200 0.0083 0.0089 0.0117 0.1252 0.0159 0.0036 0.0336 0.0184 0.0076 0.0069 0.0066 0.0083 0.0112 0.0055 
 H029.5_2002  2 0.0244 0.0091 0.0087 0.0082 0.0933 0.0088 0.0082 0.0039 0.0058 0.0078 0.0071 0.0093 0.7476 0.0049 0.0125 0.0090 0.0116 0.0103 0.0058 0.0036 
 H029.5_2003  2 0.0152 0.0110 0.0146 0.0075 0.6669 0.0069 0.0115 0.0048 0.0074 0.0236 0.0517 0.0050 0.1158 0.0230 0.0041 0.0071 0.0063 0.0044 0.0079 0.0054 
 H029.6_2002  2 0.0151 0.0057 0.0041 0.0159 0.4638 0.0054 0.0054 0.0065 0.0067 0.0443 0.0238 0.0055 0.2650 0.0070 0.0214 0.0226 0.0106 0.0090 0.0566 0.0057 
 H029.6_2003  2 0.0728 0.0107 0.0257 0.1908 0.0981 0.0178 0.0128 0.0079 0.0207 0.0759 0.0287 0.0097 0.2921 0.0399 0.0086 0.0214 0.0055 0.0215 0.0099 0.0295 
      H029.7  2 0.0225 0.0050 0.0064 0.0136 0.0488 0.0061 0.0213 0.0132 0.0043 0.0278 0.0060 0.0035 0.6543 0.0062 0.0152 0.0697 0.0056 0.0104 0.0374 0.0228 
      H030.1  2 0.0059 0.0104 0.0836 0.0898 0.0813 0.0053 0.0323 0.0101 0.4081 0.0116 0.0106 0.0325 0.0335 0.0149 0.0115 0.0131 0.0073 0.1229 0.0050 0.0102 
      H030.2  2 0.0049 0.0094 0.0291 0.0147 0.0281 0.0221 0.0210 0.0044 0.2893 0.0068 0.0093 0.0488 0.0822 0.0158 0.1640 0.0076 0.1745 0.0097 0.0520 0.0064 
      H038.1  2 0.0083 0.0101 0.0049 0.0059 0.0070 0.0072 0.0068 0.0102 0.0052 0.0077 0.0089 0.0035 0.8502 0.0062 0.0059 0.0059 0.0058 0.0075 0.0285 0.0042 
      H038.2  2 0.0062 0.0042 0.0056 0.0070 0.0058 0.0049 0.0097 0.0032 0.0065 0.0051 0.0072 0.0163 0.8566 0.0055 0.0067 0.0045 0.0105 0.0128 0.0062 0.0156 
      H038.3  2 0.0057 0.0091 0.0117 0.0061 0.0058 0.0092 0.0100 0.0048 0.0104 0.0121 0.0085 0.0109 0.7434 0.0075 0.0085 0.0098 0.0234 0.0512 0.0378 0.0142 
      H038.4  2 0.0102 0.0049 0.0078 0.0077 0.0056 0.0068 0.0075 0.0046 0.0054 0.0079 0.0100 0.0184 0.8002 0.0052 0.0094 0.0105 0.0134 0.0268 0.0285 0.0089 
      H038.5  2 0.0098 0.0065 0.0047 0.0088 0.0115 0.0118 0.0048 0.0031 0.0149 0.0373 0.0207 0.0073 0.7642 0.0173 0.0125 0.0116 0.0059 0.0097 0.0300 0.0076 
      H038.6  2 0.0075 0.0062 0.0061 0.0066 0.0103 0.0158 0.0093 0.0044 0.0105 0.0122 0.0087 0.0033 0.8417 0.0118 0.0043 0.0038 0.0072 0.0096 0.0133 0.0074 
      H038.7  2 0.0055 0.0046 0.0079 0.0058 0.0062 0.0138 0.0070 0.0035 0.0070 0.0111 0.0078 0.0050 0.8133 0.0073 0.0029 0.0036 0.0165 0.0513 0.0112 0.0087 
      H038.8  2 0.0058 0.0042 0.0072 0.0066 0.0041 0.0073 0.0083 0.0036 0.0096 0.0067 0.0067 0.0136 0.7555 0.0054 0.0098 0.0085 0.0166 0.0213 0.0845 0.0145 
      H041.1  2 0.0072 0.0203 0.1004 0.0063 0.3946 0.0093 0.0093 0.0241 0.0072 0.0779 0.0055 0.0273 0.0966 0.0128 0.0697 0.0294 0.0148 0.0421 0.0288 0.0163 
      H041.2  2 0.0217 0.0162 0.0728 0.0124 0.6886 0.0080 0.0093 0.0056 0.0072 0.0051 0.0084 0.0081 0.0428 0.0042 0.0047 0.0223 0.0268 0.0120 0.0155 0.0082 
      H041.4  2 0.0249 0.0366 0.0304 0.0130 0.5553 0.0153 0.0122 0.0246 0.0079 0.0161 0.0196 0.0133 0.1329 0.0058 0.0120 0.0221 0.0098 0.0165 0.0233 0.0085 
      H041.6  2 0.0169 0.0416 0.0240 0.0172 0.5106 0.0463 0.0152 0.0454 0.0113 0.0090 0.0127 0.0122 0.1313 0.0071 0.0109 0.0276 0.0164 0.0165 0.0157 0.0121 
 H042.1_2002  2 0.0104 0.0193 0.0054 0.0109 0.6863 0.0614 0.0152 0.0093 0.0066 0.0074 0.0052 0.0552 0.0112 0.0194 0.0075 0.0173 0.0189 0.0109 0.0115 0.0109 
 H042.1_2003  2 0.0241 0.0375 0.2681 0.0756 0.0547 0.1145 0.0529 0.0169 0.0237 0.0056 0.0513 0.0227 0.0485 0.0216 0.0126 0.0255 0.0324 0.0362 0.0680 0.0075 
 H042.2_2002  2 0.0436 0.0093 0.0066 0.0147 0.4783 0.0084 0.0087 0.0111 0.0060 0.0876 0.0059 0.0078 0.0804 0.0174 0.0085 0.0112 0.1431 0.0076 0.0339 0.0099 
 H042.2_2003  2 0.0304 0.0201 0.0274 0.0184 0.4877 0.1457 0.0112 0.0139 0.0112 0.0053 0.0076 0.0183 0.0787 0.0107 0.0048 0.0295 0.0364 0.0290 0.0058 0.0079 
 H042.3_2002  2 0.0182 0.0361 0.0175 0.0077 0.5002 0.0371 0.0074 0.0115 0.0162 0.0216 0.0047 0.0303 0.0102 0.0590 0.0054 0.0271 0.1501 0.0096 0.0171 0.0130 
 H042.3_2003  2 0.0113 0.0380 0.0395 0.0112 0.2900 0.0671 0.0142 0.0123 0.0173 0.1141 0.0078 0.0266 0.0323 0.0982 0.0285 0.0384 0.0964 0.0155 0.0286 0.0125 
 H042.4_2002  2 0.0185 0.0168 0.0089 0.0103 0.7957 0.0139 0.0083 0.0056 0.0076 0.0129 0.0041 0.0228 0.0145 0.0062 0.0062 0.0102 0.0067 0.0076 0.0118 0.0114 
 H042.4_2003  2 0.0089 0.0226 0.0154 0.0150 0.5759 0.0124 0.0484 0.0220 0.0082 0.0172 0.0051 0.0229 0.0600 0.0065 0.0203 0.0221 0.0083 0.0915 0.0076 0.0096 
      H042.5  2 0.0075 0.0058 0.0075 0.0057 0.8524 0.0106 0.0125 0.0095 0.0036 0.0083 0.0046 0.0079 0.0063 0.0090 0.0044 0.0197 0.0056 0.0095 0.0033 0.0066 
      H042.6  2 0.0072 0.0127 0.0054 0.0106 0.7038 0.0154 0.0411 0.0451 0.0050 0.0400 0.0049 0.0120 0.0218 0.0145 0.0071 0.0102 0.0133 0.0153 0.0091 0.0055 
      H042.7  2 0.0252 0.0282 0.0181 0.0093 0.4600 0.0094 0.0152 0.0103 0.0048 0.0126 0.0082 0.0752 0.0273 0.0126 0.0069 0.0808 0.1387 0.0427 0.0056 0.0088 
      H042.8  2 0.0275 0.0194 0.0272 0.0058 0.7381 0.0206 0.0087 0.0141 0.0039 0.0102 0.0062 0.0106 0.0105 0.0174 0.0039 0.0102 0.0395 0.0060 0.0153 0.0050 
   H042_2002  2 0.0380 0.0481 0.0333 0.0180 0.0373 0.1187 0.1540 0.0881 0.0090 0.0299 0.0138 0.0143 0.0774 0.0140 0.0050 0.0199 0.1848 0.0485 0.0420 0.0058 
   H042_2003  2 0.0344 0.0554 0.0349 0.0269 0.0464 0.1305 0.1404 0.0732 0.0083 0.0469 0.0102 0.0114 0.0810 0.0182 0.0071 0.0216 0.1781 0.0343 0.0358 0.0051 
      H043.1  2 0.0038 0.0066 0.0235 0.0095 0.0060 0.1517 0.0252 0.0114 0.0088 0.5929 0.0090 0.0062 0.0264 0.0122 0.0078 0.0060 0.0066 0.0138 0.0570 0.0156 
      H043.2  2 0.0141 0.0422 0.0177 0.0095 0.0065 0.2743 0.0386 0.0930 0.0057 0.0742 0.0428 0.0052 0.0745 0.0172 0.0048 0.0607 0.0057 0.0102 0.1901 0.0131 
      H043.3  2 0.0047 0.0362 0.0237 0.0191 0.0100 0.0766 0.0494 0.0245 0.0071 0.0720 0.0187 0.0050 0.3536 0.0162 0.0040 0.0084 0.0309 0.1758 0.0426 0.0214 
      H043.4  2 0.0047 0.0219 0.0316 0.0215 0.0073 0.1977 0.1020 0.0923 0.0083 0.2006 0.0061 0.0088 0.0972 0.0070 0.0067 0.0126 0.0141 0.0426 0.0962 0.0208 
      H043.5  2 0.0106 0.0511 0.0308 0.0147 0.0073 0.1473 0.0193 0.0075 0.0098 0.0949 0.0520 0.0059 0.1788 0.0151 0.0049 0.0125 0.0174 0.0170 0.2923 0.0108 
      H043.6  2 0.0095 0.0402 0.0061 0.0142 0.0121 0.1476 0.0226 0.0116 0.0109 0.1102 0.0109 0.0046 0.2938 0.0167 0.0038 0.0097 0.0163 0.0168 0.2144 0.0281 
      H043.7  2 0.0033 0.1030 0.0513 0.0126 0.0065 0.1695 0.0240 0.1143 0.0125 0.1256 0.0051 0.0050 0.0456 0.0070 0.0038 0.0110 0.0187 0.1834 0.0892 0.0088 
      H043.8  2 0.0048 0.0311 0.0184 0.0090 0.0052 0.0298 0.0124 0.0242 0.0299 0.5705 0.0488 0.0094 0.0449 0.0205 0.0124 0.0273 0.0178 0.0199 0.0275 0.0364 
      H043.9  2 0.0031 0.0102 0.0111 0.0090 0.0069 0.0497 0.0158 0.0171 0.0054 0.7516 0.0063 0.0055 0.0327 0.0082 0.0065 0.0045 0.0096 0.0138 0.0261 0.0069 
      H047.1  2 0.0039 0.0085 0.1673 0.0050 0.0050 0.2056 0.0105 0.0059 0.0072 0.0051 0.0051 0.0057 0.4726 0.0096 0.0038 0.0072 0.0456 0.0080 0.0071 0.0110 
      H047.2  2 0.0129 0.0139 0.5766 0.0171 0.0100 0.0063 0.0569 0.0055 0.0073 0.0106 0.0102 0.0125 0.1592 0.0120 0.0226 0.0132 0.0150 0.0234 0.0043 0.0107 
      H047.3  2 0.0243 0.0164 0.5913 0.0187 0.0138 0.0078 0.0415 0.0127 0.0070 0.0110 0.0116 0.0110 0.1438 0.0071 0.0192 0.0109 0.0212 0.0198 0.0042 0.0066 
      H047.4  2 0.0160 0.0418 0.3252 0.0108 0.0410 0.0146 0.0240 0.0079 0.0070 0.0091 0.0128 0.0128 0.3196 0.0077 0.0088 0.0155 0.0490 0.0618 0.0036 0.0109 
      H047.5  2 0.0113 0.0152 0.5658 0.0134 0.0064 0.0222 0.0236 0.0363 0.0091 0.0160 0.0087 0.0101 0.1680 0.0079 0.0061 0.0084 0.0429 0.0169 0.0035 0.0081 
      H047.6  2 0.0152 0.0114 0.7472 0.0083 0.0440 0.0045 0.0140 0.0053 0.0045 0.0060 0.0054 0.0087 0.0521 0.0033 0.0084 0.0091 0.0352 0.0088 0.0040 0.0045 
      H047.7  2 0.0063 0.0092 0.1337 0.0053 0.0106 0.1359 0.0072 0.0057 0.0067 0.0054 0.0047 0.0105 0.4298 0.0101 0.0087 0.0183 0.1639 0.0062 0.0094 0.0122 
      H047.8  2 0.0124 0.0172 0.6282 0.0153 0.0460 0.0155 0.0201 0.0093 0.0064 0.0074 0.0069 0.0094 0.1123 0.0102 0.0073 0.0100 0.0439 0.0103 0.0046 0.0074 
