      H105.1  1 0.0374 0.6373 0.1525 0.0135 0.0392 0.0658 0.0399 0.0144 
      H105.2  1 0.0803 0.1206 0.0234 0.0727 0.2210 0.1538 0.3075 0.0206 
      H105.3  1 0.0266 0.5197 0.1440 0.0374 0.0737 0.1262 0.0549 0.0174 
      H105.4  1 0.3519 0.0862 0.0256 0.1299 0.0967 0.0944 0.2023 0.0130 
      H105.5  1 0.0959 0.6273 0.0183 0.1173 0.0334 0.0563 0.0385 0.0129 
      H105.6  1 0.1566 0.3439 0.1205 0.1753 0.0588 0.1051 0.0217 0.0182 
      H105.7  1 0.1223 0.2035 0.4426 0.0208 0.0322 0.0695 0.1003 0.0087 
      H105.8  1 0.0498 0.1290 0.3182 0.0567 0.2691 0.0744 0.0758 0.0270 
      H115.1  1 0.0091 0.0385 0.0479 0.8074 0.0202 0.0383 0.0251 0.0136 
      H115.2  1 0.0098 0.0125 0.0082 0.9141 0.0145 0.0157 0.0078 0.0175 
      H115.3  1 0.0072 0.0093 0.0061 0.9477 0.0090 0.0083 0.0063 0.0062 
      H115.4  1 0.0281 0.1314 0.0135 0.4608 0.2232 0.0602 0.0705 0.0122 
      H115.5  1 0.0259 0.0295 0.0325 0.7722 0.0169 0.0336 0.0397 0.0497 
      H115.6  1 0.0171 0.0219 0.0100 0.8766 0.0123 0.0251 0.0230 0.0141 
      H115.7  1 0.0169 0.0437 0.0092 0.6961 0.0267 0.1336 0.0676 0.0063 
      H115.8  1 0.0103 0.0134 0.0260 0.8419 0.0122 0.0116 0.0160 0.0687 
      H115.9  1 0.0106 0.0117 0.0397 0.9039 0.0077 0.0119 0.0068 0.0078 
      H145.1  1 0.8912 0.0153 0.0098 0.0133 0.0094 0.0114 0.0050 0.0445 
      H145.2  1 0.8675 0.0225 0.0092 0.0153 0.0117 0.0128 0.0069 0.0541 
      H145.3  1 0.8373 0.0088 0.0270 0.0156 0.0068 0.0131 0.0151 0.0761 
      H145.4  1 0.9282 0.0140 0.0061 0.0074 0.0072 0.0137 0.0056 0.0178 
      H145.5  1 0.6215 0.0271 0.0108 0.0112 0.0119 0.0124 0.0112 0.2938 
      H145.6  1 0.9119 0.0093 0.0085 0.0087 0.0080 0.0096 0.0145 0.0295 
      H145.7  1 0.9312 0.0093 0.0093 0.0070 0.0071 0.0168 0.0110 0.0083 
      H149.1  1 0.0077 0.9434 0.0078 0.0095 0.0091 0.0078 0.0061 0.0086 
      H149.2  1 0.0155 0.9398 0.0053 0.0075 0.0055 0.0136 0.0071 0.0057 
      H149.3  1 0.0587 0.8275 0.0130 0.0139 0.0171 0.0415 0.0189 0.0094 
      H149.4  1 0.0115 0.8742 0.0123 0.0113 0.0308 0.0233 0.0178 0.0188 
      H149.5  1 0.0869 0.7521 0.0113 0.0075 0.0540 0.0476 0.0316 0.0091 
      H149.6  1 0.0170 0.9194 0.0059 0.0056 0.0079 0.0220 0.0142 0.0080 
      H149.7  1 0.0635 0.5259 0.0352 0.0095 0.2148 0.0694 0.0622 0.0195 
      H150.1  1 0.0112 0.0051 0.0080 0.9403 0.0095 0.0075 0.0071 0.0112 
      H150.2  1 0.0070 0.0209 0.0091 0.8920 0.0179 0.0150 0.0108 0.0273 
      H150.3  1 0.0163 0.0171 0.0226 0.8281 0.0211 0.0533 0.0203 0.0211 
      H150.4  1 0.0162 0.0064 0.0216 0.9064 0.0082 0.0099 0.0115 0.0198 
      H150.5  1 0.0102 0.0090 0.0077 0.8893 0.0351 0.0258 0.0149 0.0081 
      H150.6  1 0.0090 0.0270 0.0054 0.7032 0.1280 0.0595 0.0501 0.0179 
      H150.7  1 0.0090 0.0065 0.0071 0.9493 0.0070 0.0062 0.0051 0.0097 
   H169607.1  1 0.1970 0.0431 0.0555 0.1845 0.3531 0.0298 0.0937 0.0432 
   H169607.2  1 0.7579 0.0152 0.0441 0.0315 0.1146 0.0151 0.0155 0.0060 
   H169607.3  1 0.4891 0.0297 0.0518 0.0575 0.1165 0.0376 0.1979 0.0198 
   H169607.4  1 0.8730 0.0150 0.0109 0.0212 0.0536 0.0081 0.0082 0.0102 
   H169607.5  1 0.5596 0.0549 0.0813 0.1084 0.1406 0.0250 0.0164 0.0139 
   H169607.6  1 0.7988 0.0173 0.0380 0.0143 0.1002 0.0086 0.0162 0.0066 
   H169607.7  1 0.2161 0.0176 0.0561 0.0329 0.6341 0.0138 0.0212 0.0082 
   H169607.8  1 0.8690 0.0157 0.0201 0.0243 0.0433 0.0074 0.0141 0.0062 
   H169633.1  1 0.0704 0.6288 0.0188 0.0661 0.0250 0.0485 0.0535 0.0890 
   H169633.2  1 0.0163 0.7251 0.0446 0.0131 0.0340 0.0244 0.1171 0.0254 
   H169633.3  1 0.0176 0.7959 0.0631 0.0104 0.0204 0.0574 0.0183 0.0168 
   H169633.4  1 0.0316 0.7641 0.0124 0.0361 0.0191 0.0464 0.0148 0.0756 
   H169633.5  1 0.0379 0.7899 0.0123 0.0253 0.0147 0.0396 0.0118 0.0686 
   H169688.1  1 0.2029 0.0257 0.0118 0.0126 0.1072 0.0086 0.6250 0.0064 
   H169688.2  1 0.0333 0.0130 0.0228 0.0371 0.2469 0.0089 0.6166 0.0214 
   H169688.3  1 0.1127 0.0171 0.0104 0.0445 0.5796 0.0192 0.2063 0.0102 
   H169688.4  1 0.0199 0.0089 0.0150 0.6973 0.1685 0.0092 0.0554 0.0260 
   H169688.5  1 0.0254 0.0127 0.0204 0.7040 0.1530 0.0118 0.0512 0.0214 
   H169688.6  1 0.1041 0.0184 0.0129 0.0317 0.5748 0.0066 0.2054 0.0461 
   H169688.7  1 0.1323 0.0249 0.0144 0.0587 0.6506 0.0190 0.0837 0.0165 
   H171901.1  1 0.1441 0.0356 0.0169 0.2812 0.0469 0.0937 0.2942 0.0875 
   H171901.2  1 0.0910 0.7715 0.0132 0.0573 0.0224 0.0175 0.0148 0.0122 
   H171901.3  1 0.0202 0.6330 0.0163 0.0925 0.0789 0.0227 0.1249 0.0116 
   H171901.4  1 0.0169 0.8636 0.0140 0.0302 0.0347 0.0110 0.0195 0.0101 
   H171901.5  1 0.0192 0.8446 0.0084 0.0280 0.0695 0.0093 0.0118 0.0092 
   H171901.6  1 0.0432 0.7924 0.0154 0.0519 0.0594 0.0132 0.0158 0.0088 
   H171901.7  1 0.0532 0.4980 0.0322 0.0353 0.3278 0.0142 0.0251 0.0140 
   H171902.1  1 0.0441 0.0783 0.0199 0.4108 0.2106 0.0073 0.0283 0.2007 
  H171902.10  1 0.0738 0.1184 0.0080 0.0534 0.7009 0.0077 0.0152 0.0226 
   H171902.2  1 0.0272 0.0549 0.0709 0.1530 0.2196 0.0127 0.3543 0.1074 
   H171902.3  1 0.0402 0.1404 0.0171 0.0714 0.6920 0.0104 0.0155 0.0128 
   H171902.4  1 0.0996 0.2259 0.0188 0.3583 0.1500 0.0133 0.0215 0.1125 
   H171902.6  1 0.1047 0.1603 0.0102 0.0583 0.6163 0.0120 0.0106 0.0278 
   H171902.7  1 0.0953 0.2842 0.0107 0.0750 0.3444 0.0115 0.0130 0.1658 
   H171902.8  1 0.0713 0.1655 0.0103 0.0403 0.6414 0.0142 0.0152 0.0418 
   H171902.9  1 0.0347 0.0143 0.0152 0.8332 0.0371 0.0090 0.0114 0.0451 
   H171903.1  1 0.7838 0.0512 0.0290 0.0676 0.0238 0.0191 0.0175 0.0079 
   H171903.2  1 0.5417 0.0985 0.1122 0.1235 0.0584 0.0250 0.0245 0.0162 
   H171903.3  1 0.1435 0.4239 0.0975 0.1009 0.1099 0.0760 0.0238 0.0244 
   H171903.4  1 0.4577 0.0386 0.0119 0.1933 0.0737 0.0331 0.1775 0.0141 
   H171903.5  1 0.0504 0.3038 0.0645 0.1184 0.3700 0.0394 0.0352 0.0183 
   H171903.6  1 0.1803 0.1049 0.0211 0.2425 0.3980 0.0145 0.0324 0.0063 
      H177.1  1 0.2281 0.4593 0.0131 0.0230 0.0732 0.0094 0.1732 0.0208 
      H177.2  1 0.1731 0.2728 0.1354 0.0565 0.2663 0.0235 0.0416 0.0308 
      H177.3  1 0.1344 0.5285 0.0155 0.0361 0.2324 0.0198 0.0125 0.0208 
      H177.4  1 0.2056 0.4953 0.0155 0.0122 0.0867 0.0125 0.1592 0.0129 
      H177.5  1 0.0693 0.0456 0.0274 0.0320 0.0490 0.0186 0.7453 0.0127 
      H177.6  1 0.0665 0.7462 0.0171 0.0361 0.0753 0.0177 0.0104 0.0308 
      H179.1  1 0.0093 0.0738 0.0493 0.0321 0.6660 0.0263 0.1350 0.0081 
      H179.2  1 0.0122 0.0629 0.0776 0.0299 0.7504 0.0259 0.0338 0.0073 
      H179.3  1 0.0184 0.0170 0.1803 0.0485 0.5445 0.0239 0.1577 0.0097 
      H179.4  1 0.0617 0.2973 0.1220 0.0093 0.4428 0.0144 0.0443 0.0082 
      H180.1  1 0.0073 0.0491 0.0098 0.7930 0.0389 0.0301 0.0506 0.0213 
      H180.2  1 0.0063 0.0148 0.0068 0.8921 0.0143 0.0129 0.0355 0.0175 
      H180.3  1 0.0113 0.0238 0.0230 0.8886 0.0101 0.0217 0.0080 0.0136 
      H180.4  1 0.0167 0.0988 0.0184 0.4440 0.0467 0.2875 0.0566 0.0313 
      H180.5  1 0.0227 0.0849 0.0414 0.5985 0.1116 0.0159 0.0794 0.0454 
      H180.6  1 0.0453 0.0438 0.4299 0.3211 0.0286 0.0237 0.0245 0.0830 
      H181.1  1 0.0521 0.4900 0.0132 0.0354 0.0958 0.0206 0.2623 0.0306 
      H181.2  1 0.0651 0.4980 0.0205 0.0208 0.0939 0.0195 0.2460 0.0362 
      H181.3  1 0.0381 0.1342 0.0122 0.0087 0.0523 0.0101 0.7098 0.0346 
      H181.4  1 0.0787 0.3726 0.0319 0.0831 0.1119 0.1172 0.1965 0.0082 
      H181.5  1 0.0123 0.0401 0.0217 0.0090 0.0434 0.0163 0.8443 0.0129 
      H181.6  1 0.0265 0.4180 0.0435 0.0660 0.2375 0.0307 0.1607 0.0172 
      H181.7  1 0.0253 0.0876 0.0349 0.0171 0.6421 0.0137 0.1606 0.0186 
 H194.1_2004  1 0.8987 0.0203 0.0188 0.0186 0.0129 0.0138 0.0081 0.0086 
 H194.2_2004  1 0.9034 0.0156 0.0080 0.0074 0.0090 0.0106 0.0356 0.0104 
 H194.3_2004  1 0.8078 0.1177 0.0121 0.0081 0.0162 0.0147 0.0102 0.0132 
 H194.4_2004  1 0.8665 0.0384 0.0078 0.0094 0.0088 0.0079 0.0381 0.0231 
 H194.5_2004  1 0.7732 0.1239 0.0301 0.0151 0.0200 0.0157 0.0137 0.0084 
 H194.6_2004  1 0.4495 0.3399 0.0220 0.0147 0.0212 0.0187 0.1211 0.0128 
 H194.7_2004  1 0.9037 0.0137 0.0289 0.0084 0.0108 0.0119 0.0162 0.0066 
 H194.8_2004  1 0.7254 0.0667 0.0230 0.0114 0.0242 0.0163 0.1192 0.0138 
      H194.9  1 0.8746 0.0117 0.0471 0.0120 0.0104 0.0162 0.0158 0.0123 
 H195.1_2003  1 0.7823 0.0826 0.0151 0.0150 0.0499 0.0189 0.0288 0.0074 
 H195.1_2004  1 0.8113 0.0253 0.0092 0.0120 0.0431 0.0348 0.0182 0.0461 
 H195.2_2003  1 0.9049 0.0119 0.0198 0.0236 0.0114 0.0066 0.0116 0.0102 
 H195.2_2004  1 0.9070 0.0125 0.0139 0.0076 0.0116 0.0114 0.0115 0.0245 
 H195.3_2003  1 0.8244 0.0183 0.0242 0.0515 0.0352 0.0134 0.0221 0.0110 
 H195.3_2004  1 0.9139 0.0239 0.0064 0.0058 0.0096 0.0152 0.0100 0.0152 
 H195.4_2003  1 0.9091 0.0263 0.0072 0.0086 0.0105 0.0230 0.0106 0.0047 
 H195.4_2004  1 0.9228 0.0081 0.0112 0.0050 0.0088 0.0094 0.0254 0.0092 
 H195.5_2003  1 0.7025 0.0683 0.0160 0.0268 0.0655 0.0458 0.0678 0.0073 
 H195.5_2004  1 0.9089 0.0162 0.0071 0.0074 0.0091 0.0143 0.0119 0.0250 
 H195.6_2003  1 0.9293 0.0109 0.0085 0.0134 0.0116 0.0080 0.0090 0.0092 
 H195.6_2004  1 0.9268 0.0149 0.0082 0.0045 0.0089 0.0111 0.0079 0.0177 
 H195.7_2003  1 0.8143 0.0216 0.0186 0.0093 0.0553 0.0149 0.0616 0.0043 
 H195.7_2004  1 0.7027 0.0124 0.0094 0.0100 0.0180 0.0259 0.0160 0.2055 
      H195.8  1 0.8998 0.0076 0.0102 0.0078 0.0135 0.0199 0.0302 0.0110 
      H195.9  1 0.9290 0.0142 0.0109 0.0066 0.0108 0.0101 0.0107 0.0077 
      H415.1  1 0.0435 0.5001 0.0882 0.1758 0.0165 0.0503 0.0212 0.1045 
      H415.2  1 0.0199 0.6246 0.0112 0.2394 0.0403 0.0186 0.0082 0.0379 
      H415.3  1 0.0090 0.8816 0.0163 0.0157 0.0304 0.0314 0.0077 0.0079 
      H415.4  1 0.0147 0.7335 0.0464 0.1161 0.0097 0.0351 0.0155 0.0290 
      H415.5  1 0.0081 0.9097 0.0112 0.0124 0.0153 0.0252 0.0078 0.0103 
      H415.6  1 0.0150 0.7425 0.0545 0.0911 0.0078 0.0449 0.0151 0.0291 
      H415.7  1 0.0247 0.7873 0.0186 0.0293 0.0798 0.0267 0.0091 0.0246 
      H506.1  1 0.0084 0.7534 0.0322 0.0103 0.0991 0.0172 0.0380 0.0414 
      H506.2  1 0.0133 0.8666 0.0225 0.0100 0.0451 0.0109 0.0176 0.0139 
      H506.3  1 0.0117 0.2635 0.0684 0.0198 0.1869 0.0258 0.1178 0.3062 
      H506.4  1 0.0165 0.4423 0.0481 0.0259 0.2205 0.0257 0.0784 0.1425 
      H506.5  1 0.0104 0.8446 0.0259 0.0128 0.0340 0.0097 0.0310 0.0316 
      H506.6  1 0.0315 0.1507 0.0550 0.0430 0.3436 0.0329 0.1483 0.1950 
      H506.7  1 0.0112 0.8245 0.0370 0.0098 0.0440 0.0119 0.0348 0.0268 
      H533.1  1 0.0068 0.1329 0.0112 0.0117 0.7859 0.0119 0.0153 0.0242 
      H533.2  1 0.0081 0.3525 0.0114 0.0107 0.5343 0.0091 0.0204 0.0536 
      H533.3  1 0.0078 0.1218 0.0200 0.0240 0.7844 0.0121 0.0156 0.0143 
      H533.4  1 0.0249 0.2260 0.0149 0.0205 0.6381 0.0157 0.0244 0.0355 
      H535.1  1 0.0274 0.8480 0.0177 0.0192 0.0435 0.0160 0.0210 0.0072 
      H535.2  1 0.0719 0.5991 0.1252 0.0077 0.0529 0.0157 0.1227 0.0049 
      H535.3  1 0.0575 0.5310 0.1465 0.0189 0.0733 0.0160 0.1456 0.0112 
      H535.4  1 0.0139 0.9339 0.0107 0.0060 0.0077 0.0115 0.0118 0.0044 
      H535.5  1 0.0221 0.9017 0.0085 0.0074 0.0277 0.0106 0.0164 0.0057 
      H535.6  1 0.1164 0.4916 0.0346 0.0268 0.0753 0.0320 0.2162 0.0072 
      H535.7  1 0.0182 0.8782 0.0276 0.0091 0.0298 0.0080 0.0198 0.0093 
      H535.8  1 0.0733 0.6905 0.0548 0.0093 0.0354 0.0113 0.1156 0.0099 
      H535.9  1 0.0264 0.8383 0.0238 0.0368 0.0308 0.0112 0.0165 0.0161 
      H539.1  1 0.0089 0.0049 0.0077 0.9551 0.0044 0.0049 0.0046 0.0095 
      H539.2  1 0.0268 0.0413 0.0433 0.5392 0.2178 0.0217 0.0828 0.0271 
      H539.3  1 0.0556 0.0093 0.0303 0.8231 0.0143 0.0124 0.0216 0.0333 
      H539.4  1 0.0057 0.0090 0.0108 0.9232 0.0124 0.0084 0.0080 0.0225 
      H539.5  1 0.0109 0.0070 0.0166 0.9386 0.0059 0.0062 0.0065 0.0084 
      H539.6  1 0.0156 0.0063 0.0262 0.9223 0.0099 0.0069 0.0065 0.0064 
      H539.7  1 0.0059 0.0060 0.0076 0.9520 0.0092 0.0071 0.0064 0.0058 
      H539.8  1 0.0193 0.0124 0.0155 0.8187 0.0194 0.0221 0.0307 0.0619 
      H539.9  1 0.0072 0.0061 0.0165 0.9354 0.0067 0.0055 0.0060 0.0166 
      H540.1  1 0.0154 0.0106 0.0108 0.9071 0.0194 0.0107 0.0090 0.0170 
      H540.2  1 0.0094 0.0074 0.0066 0.9463 0.0083 0.0117 0.0056 0.0047 
      H540.3  1 0.0178 0.0396 0.0079 0.5313 0.0242 0.0508 0.0363 0.2921 
      H540.4  1 0.0083 0.0102 0.0074 0.9258 0.0211 0.0108 0.0098 0.0066 
      H540.5  1 0.0125 0.0209 0.0145 0.8683 0.0171 0.0120 0.0140 0.0406 
      H540.6  1 0.0216 0.0318 0.0343 0.7931 0.0333 0.0227 0.0409 0.0223 
      H540.7  1 0.0087 0.0127 0.0156 0.9223 0.0138 0.0138 0.0074 0.0056 
      H540.8  1 0.0163 0.0227 0.0101 0.9059 0.0162 0.0144 0.0066 0.0078 
     H9558.1  1 0.0164 0.0068 0.0071 0.9336 0.0113 0.0064 0.0088 0.0095 
     H9558.2  1 0.0168 0.0105 0.0178 0.9057 0.0160 0.0076 0.0119 0.0139 
     H9558.3  1 0.0203 0.0119 0.0285 0.8939 0.0087 0.0111 0.0071 0.0184 
     H9558.4  1 0.0086 0.0091 0.0063 0.9253 0.0230 0.0068 0.0083 0.0127 
     H9558.5  1 0.0061 0.0140 0.0060 0.9250 0.0124 0.0089 0.0102 0.0174 
     H9558.6  1 0.0136 0.0115 0.0758 0.8260 0.0078 0.0342 0.0176 0.0135 
    kos339.1  1 0.0084 0.9194 0.0204 0.0095 0.0153 0.0091 0.0103 0.0076 
    kos339.2  1 0.0109 0.9058 0.0234 0.0075 0.0103 0.0170 0.0096 0.0154 
    kos339.3  1 0.0128 0.9345 0.0093 0.0111 0.0111 0.0090 0.0059 0.0064 
    kos339.4  1 0.0105 0.9295 0.0099 0.0096 0.0120 0.0106 0.0093 0.0085 
    kos339.5  1 0.0089 0.9332 0.0147 0.0088 0.0104 0.0109 0.0084 0.0047 
    kos339.6  1 0.0152 0.9261 0.0086 0.0069 0.0078 0.0158 0.0066 0.0130 
    kos339.7  1 0.0105 0.9284 0.0128 0.0071 0.0212 0.0075 0.0059 0.0066 
    kos339.8  1 0.0067 0.9453 0.0087 0.0052 0.0091 0.0088 0.0079 0.0083 
    kos339.9  1 0.0203 0.9044 0.0147 0.0200 0.0140 0.0116 0.0068 0.0082 
      H008.1  2 0.0107 0.0093 0.8835 0.0444 0.0176 0.0160 0.0112 0.0073 
      H008.2  2 0.0454 0.0448 0.2346 0.1941 0.1830 0.0276 0.0433 0.2272 
      H008.3  2 0.0812 0.0325 0.1594 0.1689 0.1986 0.0438 0.1825 0.1331 
      H008.4  2 0.0240 0.0230 0.8135 0.0296 0.0111 0.0252 0.0149 0.0587 
      H008.5  2 0.0168 0.0167 0.8517 0.0246 0.0175 0.0122 0.0348 0.0258 
      H008.6  2 0.0296 0.0272 0.5598 0.0540 0.0421 0.0169 0.0185 0.2519 
      H008.7  2 0.0220 0.0517 0.5555 0.0473 0.0426 0.0245 0.0858 0.1706 
      H008.8  2 0.0326 0.0209 0.1631 0.6866 0.0454 0.0123 0.0206 0.0185 
      H008.9  2 0.0752 0.0249 0.0528 0.1260 0.0473 0.0221 0.0311 0.6206 
 H029.1_2002  2 0.0085 0.0120 0.8851 0.0203 0.0098 0.0113 0.0272 0.0257 
 H029.1_2003  2 0.0240 0.0308 0.7643 0.0349 0.0458 0.0185 0.0507 0.0310 
 H029.2_2002  2 0.0211 0.0562 0.8053 0.0109 0.0136 0.0061 0.0561 0.0308 
 H029.2_2003  2 0.0299 0.0563 0.7456 0.0178 0.0431 0.0115 0.0494 0.0464 
 H029.3_2002  2 0.0485 0.0566 0.4256 0.0088 0.0466 0.0141 0.1973 0.2026 
 H029.3_2003  2 0.0088 0.0155 0.9005 0.0069 0.0176 0.0146 0.0264 0.0098 
 H029.4_2002  2 0.0078 0.0060 0.9175 0.0046 0.0072 0.0116 0.0225 0.0228 
 H029.4_2003  2 0.0139 0.0133 0.6796 0.0524 0.0416 0.0259 0.1421 0.0313 
 H029.5_2002  2 0.0065 0.0071 0.9343 0.0079 0.0067 0.0100 0.0198 0.0076 
 H029.5_2003  2 0.0073 0.0095 0.9058 0.0121 0.0241 0.0110 0.0128 0.0173 
 H029.6_2002  2 0.0109 0.0079 0.6874 0.0062 0.0128 0.0107 0.2073 0.0568 
 H029.6_2003  2 0.0208 0.0669 0.7581 0.0171 0.0520 0.0433 0.0315 0.0103 
      H029.7  2 0.0191 0.0209 0.8836 0.0100 0.0096 0.0054 0.0244 0.0271 
      H030.1  2 0.0190 0.0427 0.0658 0.0119 0.0360 0.3955 0.4223 0.0069 
      H030.2  2 0.0115 0.0319 0.1747 0.0414 0.0203 0.3863 0.2505 0.0833 
      H038.1  2 0.0136 0.0083 0.8921 0.0116 0.0083 0.0067 0.0098 0.0495 
      H038.2  2 0.0062 0.0121 0.9405 0.0062 0.0086 0.0087 0.0106 0.0071 
      H038.3  2 0.0092 0.0179 0.8857 0.0135 0.0096 0.0226 0.0087 0.0327 
      H038.4  2 0.0095 0.0132 0.9038 0.0093 0.0064 0.0187 0.0102 0.0289 
      H038.5  2 0.0075 0.0118 0.8823 0.0109 0.0216 0.0134 0.0190 0.0334 
      H038.6  2 0.0051 0.0083 0.9308 0.0110 0.0115 0.0080 0.0107 0.0146 
      H038.7  2 0.0046 0.0081 0.9481 0.0085 0.0076 0.0067 0.0063 0.0102 
      H038.8  2 0.0081 0.0144 0.8078 0.0116 0.0084 0.0264 0.0132 0.1100 
      H041.1  2 0.0423 0.0364 0.6281 0.0137 0.0199 0.0385 0.1789 0.0423 
      H041.2  2 0.0155 0.0318 0.6955 0.0111 0.0113 0.1444 0.0590 0.0313 
      H041.4  2 0.0348 0.0156 0.7785 0.0370 0.0109 0.0325 0.0545 0.0361 
      H041.6  2 0.0535 0.0279 0.6752 0.0718 0.0129 0.0440 0.0917 0.0230 
 H042.1_2002  2 0.1145 0.0279 0.0154 0.1851 0.0364 0.0354 0.5676 0.0176 
 H042.1_2003  2 0.0449 0.1377 0.2397 0.1809 0.0589 0.1470 0.0359 0.1550 
 H042.2_2002  2 0.0186 0.0239 0.6438 0.0176 0.0593 0.0306 0.1638 0.0423 
 H042.2_2003  2 0.0525 0.0888 0.4494 0.0975 0.0180 0.2515 0.0332 0.0091 
 H042.3_2002  2 0.2325 0.0331 0.0412 0.1041 0.1297 0.1252 0.3007 0.0335 
 H042.3_2003  2 0.0666 0.0231 0.2417 0.2708 0.0992 0.1044 0.1382 0.0562 
 H042.4_2002  2 0.0314 0.0431 0.0355 0.0478 0.0226 0.0947 0.7008 0.0241 
 H042.4_2003  2 0.0910 0.0303 0.0982 0.0396 0.0115 0.0218 0.6991 0.0084 
      H042.5  2 0.0485 0.0109 0.0124 0.0195 0.0138 0.0099 0.8811 0.0039 
      H042.6  2 0.0768 0.0102 0.0342 0.0530 0.0155 0.0111 0.7891 0.0101 
      H042.7  2 0.1378 0.0460 0.1159 0.0384 0.0385 0.2549 0.3592 0.0093 
      H042.8  2 0.0864 0.0187 0.0904 0.0475 0.0299 0.0539 0.6187 0.0544 
   H042_2002  2 0.1175 0.0344 0.2280 0.4873 0.0290 0.0368 0.0269 0.0401 
   H042_2003  2 0.1234 0.0231 0.2856 0.4538 0.0225 0.0409 0.0206 0.0302 
      H043.1  2 0.0113 0.0188 0.0257 0.8123 0.0260 0.0072 0.0187 0.0800 
      H043.2  2 0.0579 0.0100 0.0547 0.7744 0.0159 0.0096 0.0076 0.0699 
      H043.3  2 0.0181 0.0337 0.5412 0.3426 0.0180 0.0111 0.0091 0.0263 
      H043.4  2 0.0294 0.0229 0.0505 0.8205 0.0093 0.0094 0.0076 0.0504 
      H043.5  2 0.0174 0.0130 0.2495 0.4168 0.0244 0.0135 0.0122 0.2532 
      H043.6  2 0.0110 0.0260 0.2633 0.4823 0.0134 0.0171 0.0112 0.1757 
      H043.7  2 0.0221 0.0097 0.0378 0.8653 0.0113 0.0155 0.0060 0.0324 
      H043.8  2 0.0269 0.0365 0.0706 0.6313 0.1412 0.0548 0.0162 0.0225 
      H043.9  2 0.0119 0.0463 0.1128 0.7056 0.0426 0.0113 0.0259 0.0437 
      H047.1  2 0.0186 0.0334 0.7535 0.1465 0.0173 0.0134 0.0071 0.0103 
      H047.2  2 0.0259 0.0853 0.7577 0.0176 0.0349 0.0250 0.0446 0.0090 
      H047.3  2 0.0305 0.0595 0.7609 0.0133 0.0313 0.0543 0.0405 0.0094 
      H047.4  2 0.0144 0.0528 0.8427 0.0240 0.0142 0.0319 0.0139 0.0061 
      H047.5  2 0.0328 0.0481 0.7885 0.0305 0.0197 0.0642 0.0108 0.0053 
      H047.6  2 0.0353 0.1096 0.6708 0.0386 0.0312 0.0503 0.0304 0.0338 
      H047.7  2 0.0240 0.0372 0.8051 0.0805 0.0120 0.0214 0.0084 0.0115 
      H047.8  2 0.0453 0.0833 0.6362 0.0857 0.0515 0.0547 0.0236 0.0197 
      H047.9  2 0.0774 0.0923 0.7409 0.0395 0.0133 0.0225 0.0095 0.0046 
 H071.1_2002  2 0.0112 0.0153 0.9195 0.0221 0.0087 0.0087 0.0085 0.0060 
 H071.1_2003  2 0.0487 0.0278 0.7555 0.0986 0.0092 0.0352 0.0130 0.0121 
     H071.10  2 0.0065 0.0092 0.9235 0.0084 0.0149 0.0142 0.0107 0.0127 
 H071.2_2002  2 0.0146 0.0111 0.9196 0.0134 0.0148 0.0095 0.0066 0.0104 
 H071.2_2003  2 0.0073 0.0085 0.9543 0.0071 0.0049 0.0061 0.0070 0.0048 
      H071.3  2 0.0109 0.0114 0.9267 0.0076 0.0102 0.0143 0.0095 0.0094 
 H071.4_2002  2 0.0121 0.0148 0.8912 0.0133 0.0250 0.0127 0.0112 0.0198 
 H071.4_2003  2 0.0068 0.0061 0.9550 0.0064 0.0082 0.0078 0.0057 0.0039 
 H071.5_2002  2 0.0070 0.0090 0.9453 0.0090 0.0077 0.0076 0.0079 0.0066 
 H071.5_2003  2 0.0076 0.0086 0.9410 0.0110 0.0098 0.0112 0.0058 0.0050 
 H071.6_2002  2 0.0088 0.0080 0.9322 0.0087 0.0194 0.0077 0.0073 0.0080 
 H071.6_2003  2 0.0072 0.0068 0.9504 0.0080 0.0069 0.0097 0.0063 0.0047 
 H071.7_2002  2 0.0085 0.0062 0.9551 0.0092 0.0057 0.0056 0.0048 0.0048 
 H071.7_2003  2 0.0121 0.0116 0.9236 0.0152 0.0124 0.0123 0.0070 0.0057 
      H071.8  2 0.0160 0.0082 0.9310 0.0101 0.0106 0.0084 0.0078 0.0078 
      H071.9  2 0.0152 0.0106 0.8714 0.0182 0.0288 0.0225 0.0167 0.0167 
 H081.1_2002  2 0.0110 0.0062 0.9424 0.0098 0.0072 0.0084 0.0095 0.0055 
 H081.1_2003  2 0.0225 0.0722 0.0952 0.1889 0.0258 0.0562 0.0858 0.4534 
 H081.2_2002  2 0.0292 0.0087 0.9222 0.0131 0.0068 0.0069 0.0069 0.0062 
 H081.2_2003  2 0.0655 0.0102 0.0718 0.2115 0.0601 0.4265 0.1363 0.0181 
 H081.3_2002  2 0.0366 0.0118 0.8997 0.0119 0.0100 0.0124 0.0093 0.0082 
 H081.3_2003  2 0.0579 0.0418 0.0274 0.5811 0.0950 0.1079 0.0545 0.0344 
 H081.4_2002  2 0.0096 0.0110 0.9357 0.0095 0.0080 0.0098 0.0101 0.0061 
 H081.4_2003  2 0.0462 0.0687 0.0585 0.4453 0.0558 0.1226 0.1682 0.0345 
 H081.5_2002  2 0.0084 0.0092 0.9354 0.0153 0.0077 0.0084 0.0091 0.0066 
 H081.5_2003  2 0.0862 0.0841 0.2129 0.3054 0.0350 0.1099 0.1045 0.0620 
      H081.6  2 0.0097 0.0071 0.9427 0.0101 0.0069 0.0081 0.0083 0.0071 
      H081.7  2 0.0861 0.0089 0.8606 0.0095 0.0086 0.0099 0.0109 0.0056 
      H081.8  2 0.0276 0.0141 0.8243 0.0128 0.0216 0.0355 0.0361 0.0279 
      H083.1  2 0.0074 0.0114 0.9195 0.0073 0.0096 0.0063 0.0292 0.0093 
      H083.2  2 0.0145 0.0156 0.9013 0.0154 0.0135 0.0074 0.0241 0.0082 
      H083.4  2 0.0157 0.0081 0.8772 0.0085 0.0155 0.0085 0.0464 0.0202 
      H083.5  2 0.0105 0.0135 0.8935 0.0092 0.0079 0.0089 0.0342 0.0223 
      H083.6  2 0.0164 0.0135 0.8625 0.0070 0.0231 0.0111 0.0518 0.0146 
      H083.7  2 0.0293 0.0092 0.8430 0.0101 0.0177 0.0122 0.0571 0.0213 
      H083.8  2 0.0127 0.0225 0.9019 0.0114 0.0137 0.0087 0.0224 0.0066 
      H083.9  2 0.0112 0.0102 0.8787 0.0068 0.0063 0.0080 0.0683 0.0104 
      H084.1  2 0.0077 0.0166 0.0240 0.0198 0.0211 0.7390 0.0526 0.1192 
      H084.2  2 0.0086 0.0320 0.0325 0.0320 0.0909 0.4524 0.1131 0.2385 
      H084.3  2 0.0108 0.0741 0.0153 0.0167 0.0181 0.5402 0.0549 0.2699 
      H084.4  2 0.0104 0.0548 0.0255 0.0234 0.0291 0.4627 0.0630 0.3311 
      H084.5  2 0.0073 0.0269 0.0095 0.0091 0.0136 0.8751 0.0120 0.0466 
      H084.6  2 0.0105 0.0246 0.0087 0.0089 0.0112 0.8190 0.0249 0.0923 
      H084.7  2 0.0108 0.0169 0.0297 0.0206 0.0753 0.7557 0.0565 0.0345 
      H084.8  2 0.0085 0.0193 0.0065 0.0079 0.0093 0.8760 0.0149 0.0576 
 H085.1_2002  2 0.5741 0.0181 0.1586 0.0318 0.0120 0.0096 0.1570 0.0388 
 H085.1_2003  2 0.0643 0.0146 0.6629 0.0134 0.0283 0.0263 0.1687 0.0216 
 H085.2_2002  2 0.6657 0.0161 0.0295 0.0343 0.0177 0.0232 0.1396 0.0739 
 H085.2_2003  2 0.0323 0.0195 0.7285 0.0203 0.0318 0.0226 0.1269 0.0181 
 H085.3_2002  2 0.9031 0.0100 0.0157 0.0153 0.0073 0.0125 0.0304 0.0058 
 H085.3_2003  2 0.0344 0.0124 0.8701 0.0185 0.0172 0.0217 0.0196 0.0061 
 H085.4_2002  2 0.5021 0.0176 0.2017 0.0844 0.0218 0.0221 0.0878 0.0624 
 H085.4_2003  2 0.0148 0.0165 0.8706 0.0194 0.0076 0.0403 0.0229 0.0079 
 H085.5_2002  2 0.8975 0.0103 0.0350 0.0221 0.0098 0.0090 0.0095 0.0067 
 H085.5_2003  2 0.0174 0.0089 0.8063 0.0137 0.0215 0.0150 0.1073 0.0100 
 H085.6_2002  2 0.8498 0.0129 0.0376 0.0170 0.0097 0.0076 0.0446 0.0207 
 H085.6_2003  2 0.2486 0.0487 0.5110 0.0503 0.0231 0.0863 0.0221 0.0098 
 H085.7_2002  2 0.7594 0.0207 0.0546 0.0259 0.0131 0.0142 0.0925 0.0196 
 H085.7_2003  2 0.0168 0.0128 0.8887 0.0153 0.0143 0.0201 0.0175 0.0146 
 H085.8_2002  2 0.8529 0.0146 0.0305 0.0340 0.0150 0.0248 0.0132 0.0151 
 H085.8_2003  2 0.0595 0.0341 0.2419 0.0256 0.0227 0.0371 0.5611 0.0181 
      H085.9  2 0.6837 0.0167 0.1168 0.0515 0.0103 0.0212 0.0614 0.0384 
      H088.1  2 0.0633 0.0167 0.0134 0.0229 0.0365 0.0192 0.8148 0.0132 
      H088.2  2 0.0394 0.0262 0.0142 0.0192 0.0187 0.0136 0.8582 0.0104 
      H088.3  2 0.0202 0.0184 0.0099 0.0121 0.0177 0.0097 0.9047 0.0072 
      H088.4  2 0.0071 0.0194 0.0443 0.0275 0.0407 0.0328 0.8174 0.0108 
      H088.5  2 0.0088 0.0084 0.0098 0.0170 0.0179 0.0147 0.9166 0.0069 
      H088.6  2 0.0156 0.0173 0.0278 0.0145 0.0237 0.0298 0.8637 0.0074 
      H088.7  2 0.0200 0.0315 0.3010 0.0126 0.0129 0.0291 0.5795 0.0134 
      H088.8  2 0.0167 0.0253 0.3124 0.0229 0.0622 0.0724 0.4672 0.0209 
      H091.1  2 0.0208 0.0224 0.0274 0.0136 0.0216 0.0213 0.8659 0.0070 
      H091.2  2 0.0237 0.0402 0.0678 0.0123 0.0329 0.0294 0.7870 0.0067 
      H109.1  2 0.0295 0.0290 0.0654 0.0912 0.4457 0.2085 0.0773 0.0534 
      H109.2  2 0.0421 0.0301 0.3144 0.1242 0.1455 0.2657 0.0548 0.0232 
      H109.3  2 0.0566 0.1335 0.3334 0.0246 0.2906 0.1183 0.0247 0.0182 
      H109.4  2 0.0360 0.0198 0.1048 0.0924 0.5150 0.1679 0.0279 0.0360 
      H109.5  2 0.0654 0.0643 0.6145 0.0136 0.0399 0.1695 0.0277 0.0051 
      H109.6  2 0.0478 0.0650 0.1564 0.1962 0.2109 0.2640 0.0292 0.0305 
      H126.1  2 0.3203 0.0433 0.0273 0.4031 0.1444 0.0260 0.0203 0.0153 
      H126.2  2 0.0660 0.0193 0.6582 0.0863 0.0716 0.0133 0.0187 0.0667 
      H126.3  2 0.0308 0.0158 0.8313 0.0332 0.0450 0.0084 0.0147 0.0210 
      H126.4  2 0.0272 0.0201 0.0765 0.6832 0.1318 0.0196 0.0250 0.0166 
      H126.5  2 0.0193 0.0288 0.1741 0.7294 0.0232 0.0092 0.0091 0.0068 
      H126.6  2 0.0243 0.0334 0.8805 0.0250 0.0085 0.0069 0.0146 0.0069 
      H126.7  2 0.0186 0.0090 0.9164 0.0151 0.0155 0.0057 0.0148 0.0048 
      H130.1  2 0.0634 0.0573 0.0179 0.6339 0.0977 0.0346 0.0842 0.0109 
      H130.2  2 0.0244 0.0244 0.0883 0.0446 0.1643 0.3730 0.2676 0.0136 
      H130.3  2 0.0107 0.0394 0.0462 0.0307 0.7627 0.0381 0.0661 0.0059 
      H130.4  2 0.0682 0.0852 0.0195 0.2321 0.4072 0.0418 0.1060 0.0401 
      H130.5  2 0.1076 0.0340 0.1052 0.1250 0.0397 0.1697 0.4109 0.0080 
      H133.1  2 0.0785 0.0729 0.1559 0.1136 0.1912 0.1329 0.0916 0.1634 
      H133.2  2 0.1003 0.2715 0.0558 0.3362 0.1023 0.0733 0.0453 0.0154 
      H133.3  2 0.3000 0.0953 0.2686 0.0180 0.0828 0.0416 0.0604 0.1333 
      H133.4  2 0.0342 0.3604 0.0549 0.1716 0.1637 0.1042 0.0356 0.0754 
      H133.5  2 0.1027 0.0421 0.0213 0.0625 0.6515 0.0177 0.0742 0.0279 
      H133.6  2 0.0764 0.0640 0.0444 0.4326 0.1583 0.0245 0.1841 0.0157 
      H133.7  2 0.1162 0.3233 0.1708 0.0636 0.0277 0.1567 0.0358 0.1059 
      H133.8  2 0.1623 0.0724 0.0538 0.0986 0.2168 0.1556 0.0780 0.1625 
      H133.9  2 0.0759 0.0719 0.0811 0.0910 0.2891 0.0743 0.1484 0.1682 
      H147.1  2 0.0618 0.0134 0.5956 0.0245 0.0082 0.1990 0.0763 0.0212 
      H147.2  2 0.0118 0.0072 0.9331 0.0140 0.0061 0.0119 0.0098 0.0062 
      H147.3  2 0.0283 0.0066 0.9113 0.0142 0.0067 0.0179 0.0087 0.0063 
      H147.4  2 0.0203 0.0075 0.9046 0.0086 0.0062 0.0208 0.0099 0.0222 
      H147.5  2 0.0290 0.0177 0.7546 0.0158 0.0150 0.0747 0.0840 0.0094 
      H147.6  2 0.0429 0.0208 0.6668 0.0160 0.0294 0.1028 0.1118 0.0094 
      H147.7  2 0.0176 0.0116 0.8631 0.0081 0.0068 0.0543 0.0117 0.0268 
      H147.8  2 0.0102 0.0090 0.8009 0.0051 0.0104 0.0361 0.1001 0.0279 
      H147.9  2 0.0178 0.0063 0.9293 0.0121 0.0070 0.0126 0.0077 0.0071 
      H148.1  2 0.0444 0.0481 0.0311 0.2904 0.0894 0.2501 0.1260 0.1207 
      H148.2  2 0.0971 0.0336 0.0619 0.0929 0.0651 0.4384 0.0365 0.1744 
      H148.3  2 0.7197 0.0239 0.0108 0.0135 0.0113 0.1399 0.0152 0.0657 
      H148.4  2 0.2520 0.1336 0.0521 0.1305 0.0873 0.2015 0.0318 0.1113 
      H148.5  2 0.0831 0.0526 0.0269 0.0293 0.0325 0.6665 0.0328 0.0763 
      H148.6  2 0.1184 0.0501 0.0196 0.0493 0.0292 0.2938 0.0897 0.3499 
      H148.7  2 0.0289 0.0403 0.0218 0.0324 0.1922 0.5765 0.0301 0.0778 
      H148.8  2 0.1968 0.0449 0.0110 0.0557 0.0279 0.5134 0.0298 0.1204 
      H148.9  2 0.1736 0.0498 0.0200 0.1541 0.0985 0.1489 0.0246 0.3305 
   H166022.1  2 0.0154 0.0062 0.0118 0.0065 0.0075 0.0246 0.9159 0.0122 
   H166022.2  2 0.0360 0.0309 0.0534 0.0133 0.0193 0.0690 0.7632 0.0150 
   H166022.3  2 0.0067 0.0097 0.0061 0.0081 0.0136 0.0103 0.9398 0.0057 
   H166022.4  2 0.0065 0.0129 0.0066 0.0063 0.0208 0.0106 0.9292 0.0071 
   H166022.5  2 0.0099 0.0161 0.0120 0.0077 0.0164 0.0180 0.9143 0.0056 
   H166022.6  2 0.0087 0.0130 0.0118 0.0148 0.0088 0.0174 0.9092 0.0164 
   H166022.7  2 0.0078 0.0081 0.0097 0.0178 0.9003 0.0093 0.0064 0.0406 
   H166022.8  2 0.0220 0.0762 0.0227 0.0303 0.0155 0.0414 0.7829 0.0089 
   H167397.1  2 0.0221 0.0618 0.1139 0.0300 0.0158 0.1499 0.0404 0.5661 
   H167397.2  2 0.0833 0.0989 0.0285 0.0275 0.0198 0.0585 0.0479 0.6356 
   H167397.3  2 0.0151 0.1280 0.0661 0.0187 0.0090 0.0629 0.0431 0.6572 
   H167397.4  2 0.0471 0.0110 0.0301 0.0072 0.0159 0.0465 0.0197 0.8225 
   H167397.5  2 0.0245 0.0403 0.0374 0.0401 0.0319 0.0690 0.0356 0.7212 
   H167397.6  2 0.0165 0.0678 0.0736 0.0249 0.0168 0.0684 0.0386 0.6935 
   H167496.1  2 0.0725 0.3547 0.0277 0.0199 0.0822 0.0589 0.3712 0.0130 
   H167496.2  2 0.0646 0.1485 0.5352 0.0308 0.0558 0.1225 0.0283 0.0144 
   H167496.3  2 0.6274 0.0364 0.0254 0.0492 0.0266 0.0198 0.2030 0.0121 
   H167496.4  2 0.0109 0.0108 0.0196 0.0079 0.0108 0.0098 0.9223 0.0079 
   H167496.6  2 0.0108 0.0207 0.0987 0.0326 0.0354 0.0171 0.7760 0.0086 
   H167496.7  2 0.0262 0.4270 0.0336 0.1425 0.0932 0.1745 0.0936 0.0095 
   H167496.8  2 0.0145 0.0305 0.1724 0.0230 0.0199 0.0233 0.7069 0.0096 
   H167513.1  2 0.0682 0.1609 0.0746 0.0949 0.2858 0.0933 0.1327 0.0896 
   H167513.2  2 0.1045 0.0859 0.0455 0.3205 0.0454 0.1986 0.0594 0.1402 
   H167513.3  2 0.0300 0.1065 0.0192 0.0816 0.4694 0.1510 0.1185 0.0239 
   H167513.4  2 0.0157 0.0480 0.0232 0.0200 0.0698 0.2864 0.5209 0.0160 
   H167513.5  2 0.1079 0.0685 0.1232 0.1567 0.0556 0.1294 0.1054 0.2534 
   H167513.6  2 0.2837 0.2681 0.0635 0.0861 0.0311 0.0969 0.1230 0.0477 
   H167513.7  2 0.0350 0.0510 0.0522 0.0570 0.1472 0.0440 0.4856 0.1281 
   H167513.8  2 0.0200 0.1432 0.0431 0.1971 0.3537 0.0920 0.0363 0.1146 
   H167547.1  2 0.0387 0.1571 0.0172 0.1971 0.0301 0.4532 0.0615 0.0452 
   H167547.2  2 0.0201 0.0303 0.0154 0.0219 0.0102 0.8385 0.0396 0.0240 
   H167547.3  2 0.0336 0.0303 0.0195 0.0189 0.0115 0.7947 0.0705 0.0210 
   H167547.4  2 0.1118 0.0209 0.0092 0.1331 0.0328 0.0620 0.5798 0.0504 
   H167547.5  2 0.0224 0.0100 0.0151 0.0184 0.0114 0.8151 0.0993 0.0084 
   H167547.6  2 0.0205 0.0105 0.0166 0.0198 0.0135 0.8313 0.0783 0.0096 
   H167547.7  2 0.4023 0.2421 0.0244 0.1264 0.0437 0.1034 0.0313 0.0264 
   H169750.1  2 0.1071 0.1708 0.0509 0.0546 0.3574 0.0240 0.2176 0.0175 
   H169750.2  2 0.0380 0.1549 0.2399 0.0851 0.0916 0.2955 0.0323 0.0628 
   H169750.3  2 0.0832 0.2133 0.0819 0.0347 0.4309 0.0613 0.0889 0.0057 
   H169750.4  2 0.0974 0.5030 0.0568 0.0502 0.1512 0.0432 0.0256 0.0727 
   H169750.5  2 0.0861 0.0945 0.1566 0.0473 0.3753 0.0344 0.1885 0.0174 
   H169750.6  2 0.0481 0.0165 0.5787 0.0391 0.2094 0.0346 0.0602 0.0135 
   H169750.7  2 0.1445 0.3449 0.1203 0.0432 0.2485 0.0432 0.0255 0.0299 
   H171929.1  2 0.3971 0.0237 0.0226 0.0263 0.0174 0.0357 0.0147 0.4624 
  H171929.10  2 0.2526 0.0826 0.1333 0.0517 0.0135 0.2045 0.1731 0.0888 
  H171929.11  2 0.1701 0.0879 0.0282 0.2334 0.0315 0.0589 0.0304 0.3596 
   H171929.2  2 0.0592 0.0761 0.0291 0.3082 0.1314 0.2826 0.0821 0.0313 
   H171929.3  2 0.0574 0.0969 0.0466 0.1696 0.0586 0.2347 0.0928 0.2434 
   H171929.4  2 0.4148 0.0435 0.0390 0.0898 0.0739 0.0741 0.2524 0.0125 
   H171929.5  2 0.0146 0.1493 0.0333 0.3705 0.0765 0.2123 0.0625 0.0809 
   H171929.6  2 0.0153 0.0747 0.0200 0.5903 0.0591 0.0674 0.0354 0.1377 
   H171929.7  2 0.5880 0.0225 0.0437 0.1456 0.0747 0.0342 0.0418 0.0495 
   H171929.8  2 0.5983 0.0479 0.0290 0.2082 0.0195 0.0326 0.0357 0.0287 
   H171929.9  2 0.2820 0.0550 0.1017 0.2487 0.0362 0.0537 0.2148 0.0078 
   H171930.1  2 0.0122 0.0445 0.0331 0.0355 0.4293 0.3760 0.0204 0.0489 
   H171930.2  2 0.0259 0.0165 0.0289 0.0417 0.1740 0.6200 0.0816 0.0113 
   H171930.3  2 0.0109 0.0189 0.0132 0.0100 0.2037 0.6922 0.0192 0.0318 
   H171930.4  2 0.0078 0.0166 0.0133 0.0087 0.2011 0.6908 0.0491 0.0126 
   H171930.5  2 0.0401 0.0363 0.0589 0.1352 0.3988 0.2473 0.0559 0.0275 
   H171930.6  2 0.0108 0.0570 0.0969 0.0218 0.1982 0.5618 0.0413 0.0122 
   H171930.7  2 0.0092 0.0310 0.0264 0.0205 0.1124 0.7446 0.0105 0.0455 
   H171930.8  2 0.0065 0.0710 0.0264 0.0314 0.0396 0.7859 0.0199 0.0192 
   H171933.1  2 0.0164 0.0089 0.0086 0.0106 0.0117 0.0145 0.8895 0.0397 
   H171933.2  2 0.0494 0.0110 0.0157 0.0087 0.0110 0.0200 0.8327 0.0514 
   H171933.3  2 0.0648 0.0153 0.0075 0.0139 0.0168 0.0234 0.8459 0.0126 
   H171933.4  2 0.0174 0.0905 0.0101 0.0284 0.0116 0.0215 0.8143 0.0063 
   H171933.5  2 0.0246 0.1927 0.0094 0.1597 0.0431 0.0834 0.4760 0.0110 
   H171933.6  2 0.0106 0.0067 0.0138 0.0096 0.0127 0.0095 0.9315 0.0057 
   H171933.7  2 0.1019 0.0209 0.0210 0.0410 0.0193 0.0751 0.6935 0.0274 
   H171933.8  2 0.0646 0.0647 0.0200 0.0308 0.0152 0.0693 0.6748 0.0607 
   H171933.9  2 0.0076 0.0112 0.0072 0.0105 0.0107 0.0159 0.9319 0.0050 
      H190.1  2 0.0106 0.0680 0.0381 0.0224 0.4135 0.3816 0.0593 0.0065 
      H190.2  2 0.1130 0.0617 0.1471 0.0333 0.0168 0.6075 0.0134 0.0072 
      H190.3  2 0.1199 0.0439 0.0344 0.1954 0.0393 0.4992 0.0531 0.0148 
      H190.4  2 0.0397 0.0277 0.0147 0.0356 0.2714 0.2004 0.4006 0.0098 
      H190.5  2 0.0926 0.0963 0.2136 0.0445 0.0471 0.4739 0.0251 0.0069 
      H190.6  2 0.0532 0.0390 0.0226 0.0755 0.1704 0.3417 0.2890 0.0085 
      H190.7  2 0.5180 0.1215 0.0203 0.1794 0.0264 0.0635 0.0578 0.0131 
      H190.8  2 0.1544 0.1527 0.1371 0.0482 0.0826 0.3911 0.0275 0.0064 
      H190.9  2 0.0935 0.1849 0.0415 0.0758 0.0284 0.5395 0.0259 0.0105 
      H400.1  2 0.0066 0.0101 0.0099 0.0171 0.0100 0.0094 0.9288 0.0081 
      H400.2  2 0.0064 0.0059 0.0207 0.0111 0.0080 0.0107 0.9268 0.0105 
      H400.3  2 0.0131 0.0200 0.0119 0.0195 0.0210 0.0214 0.8757 0.0174 
      H400.4  2 0.0105 0.0150 0.0378 0.0114 0.0164 0.0223 0.8803 0.0063 
      H400.5  2 0.0084 0.0139 0.0083 0.0158 0.0113 0.0148 0.9196 0.0080 
      H400.6  2 0.0140 0.0079 0.0135 0.0180 0.0072 0.0111 0.9233 0.0050 
      H400.7  2 0.0122 0.0135 0.0063 0.0105 0.0090 0.0145 0.9270 0.0070 
 H428.1_2005  2 0.0101 0.0082 0.0091 0.0068 0.0162 0.0083 0.9344 0.0069 
 H428.1_2006  2 0.0300 0.0198 0.0186 0.0058 0.0098 0.0085 0.8986 0.0089 
 H428.2_2005  2 0.0073 0.0068 0.0064 0.0072 0.0095 0.0116 0.9401 0.0111 
 H428.2_2006  2 0.0138 0.0103 0.0387 0.0105 0.0089 0.0124 0.8947 0.0108 
 H428.3_2005  2 0.0095 0.0135 0.0080 0.0054 0.0198 0.0068 0.9321 0.0050 
 H428.3_2006  2 0.0153 0.0112 0.0308 0.0123 0.0144 0.0091 0.8946 0.0124 
 H428.4_2005  2 0.0100 0.0144 0.0090 0.0046 0.0143 0.0071 0.9328 0.0077 
 H428.4_2006  2 0.0143 0.0084 0.0102 0.0061 0.0075 0.0055 0.9405 0.0076 
 H428.5_2005  2 0.0098 0.0054 0.0113 0.0085 0.0082 0.0072 0.9275 0.0222 
 H428.6_2005  2 0.0186 0.0167 0.0092 0.0073 0.0108 0.0072 0.9235 0.0066 
 H428.6_2006  2 0.0189 0.0133 0.0203 0.0070 0.0389 0.0092 0.8610 0.0314 
      H428.7  2 0.0076 0.0049 0.0098 0.0075 0.0084 0.0050 0.9513 0.0054 
      H428.8  2 0.0085 0.0059 0.0169 0.0096 0.0154 0.0094 0.9170 0.0172 
      H428.9  2 0.0077 0.0058 0.0092 0.0080 0.0074 0.0085 0.9343 0.0191 
      H453.1  2 0.0140 0.0139 0.0542 0.0081 0.0240 0.0135 0.8645 0.0078 
      H453.2  2 0.0257 0.0153 0.0134 0.0126 0.0300 0.0171 0.8799 0.0060 
      H453.3  2 0.0275 0.0120 0.0128 0.0183 0.0139 0.0157 0.8948 0.0050 
      H453.4  2 0.0134 0.0109 0.0131 0.0140 0.0159 0.0166 0.9120 0.0041 
      H453.5  2 0.0102 0.0103 0.0414 0.0081 0.0162 0.0163 0.8916 0.0059 
      H453.6  2 0.0091 0.0062 0.0385 0.0057 0.0154 0.0090 0.9112 0.0049 
      H453.7  2 0.3201 0.0448 0.3654 0.0511 0.0283 0.0648 0.1202 0.0053 
      H453.8  2 0.0965 0.0487 0.2249 0.0462 0.0437 0.0788 0.4525 0.0087 
      H453.9  2 0.0693 0.0191 0.4709 0.0239 0.0387 0.0226 0.3489 0.0066 
      H512.1  2 0.0224 0.0144 0.0226 0.0137 0.1032 0.0642 0.7550 0.0046 
     H512.10  2 0.0501 0.0871 0.0670 0.0178 0.2487 0.2378 0.2055 0.0859 
      H512.2  2 0.0450 0.0426 0.0297 0.0272 0.3130 0.2680 0.2559 0.0186 
      H512.3  2 0.0364 0.0292 0.0167 0.0112 0.8036 0.0386 0.0446 0.0197 
      H512.4  2 0.0282 0.0480 0.1087 0.0389 0.0364 0.4459 0.2730 0.0208 
      H512.5  2 0.0248 0.1502 0.0123 0.0082 0.7396 0.0151 0.0325 0.0174 
      H512.6  2 0.0575 0.1855 0.0188 0.0369 0.5500 0.0521 0.0930 0.0062 
      H512.7  2 0.0093 0.0219 0.0190 0.0083 0.8402 0.0169 0.0744 0.0100 
      H512.8  2 0.0155 0.0297 0.0209 0.0245 0.2444 0.5924 0.0614 0.0113 
      H512.9  2 0.0459 0.0363 0.0253 0.0098 0.6971 0.0133 0.1544 0.0179 
      H513.1  2 0.0083 0.0060 0.0143 0.0058 0.0055 0.0064 0.9400 0.0137 
      H513.2  2 0.0097 0.0061 0.0127 0.0094 0.0067 0.0164 0.9256 0.0134 
      H513.3  2 0.0067 0.0077 0.0078 0.0084 0.0086 0.0078 0.9462 0.0067 
      H513.4  2 0.0156 0.0121 0.0369 0.0077 0.0117 0.0178 0.8920 0.0062 
      H513.5  2 0.0101 0.0081 0.0094 0.0071 0.0206 0.0131 0.9215 0.0101 
      H513.6  2 0.0451 0.0099 0.0256 0.0524 0.0317 0.0874 0.4181 0.3299 
      H532.1  2 0.0104 0.0381 0.0604 0.0131 0.0365 0.0135 0.8100 0.0179 
      H532.2  2 0.0604 0.0170 0.0486 0.0122 0.0140 0.0331 0.7984 0.0163 
      H532.3  2 0.0276 0.0342 0.0652 0.0241 0.0221 0.0428 0.7761 0.0078 
      H532.4  2 0.0200 0.0482 0.3365 0.0504 0.0117 0.0107 0.5097 0.0127 
      H532.5  2 0.0178 0.0120 0.0314 0.0139 0.0401 0.0122 0.8575 0.0151 
      H532.6  2 0.0090 0.0281 0.1055 0.0345 0.0173 0.0152 0.7757 0.0147 
      H532.7  2 0.0095 0.0124 0.1170 0.0106 0.0162 0.0124 0.8102 0.0117 
      H532.8  2 0.0312 0.0182 0.1182 0.0153 0.0586 0.0163 0.7218 0.0203 
      H543.1  2 0.0073 0.0077 0.0056 0.0050 0.0059 0.0101 0.0191 0.9394 
      H543.2  2 0.0207 0.0116 0.0092 0.0091 0.0117 0.0260 0.0616 0.8501 
      H543.3  2 0.0089 0.0085 0.0088 0.0068 0.0066 0.0088 0.0162 0.9354 
      H543.4  2 0.0115 0.0090 0.0060 0.0088 0.0066 0.0095 0.0098 0.9388 
      H543.5  2 0.0077 0.0073 0.0063 0.0066 0.0057 0.0122 0.0076 0.9467 
      H543.6  2 0.0907 0.0107 0.0104 0.0118 0.0113 0.0121 0.0371 0.8160 
      H543.7  2 0.0058 0.0050 0.0045 0.0050 0.0042 0.0051 0.0056 0.9648 
      H543.8  2 0.0154 0.0084 0.0172 0.0106 0.0116 0.0111 0.0263 0.8994 
      H543.9  2 0.0142 0.0070 0.0088 0.0081 0.0086 0.0096 0.0123 0.9315 
 H545.1_2005  2 0.0038 0.0043 0.0040 0.0057 0.0049 0.0034 0.0039 0.9700 
 H545.1_2006  2 0.0058 0.0070 0.0079 0.0066 0.0066 0.0062 0.0056 0.9544 
 H545.2_2005  2 0.0077 0.0057 0.0080 0.0132 0.0191 0.0078 0.0074 0.9312 
 H545.2_2006  2 0.0045 0.0046 0.0046 0.0053 0.0071 0.0045 0.0068 0.9627 
 H545.3_2005  2 0.0102 0.0104 0.0051 0.0090 0.0139 0.0082 0.0068 0.9365 
 H545.3_2006  2 0.0050 0.0041 0.0070 0.0078 0.0080 0.0044 0.0073 0.9564 
 H545.4_2005  2 0.0129 0.0107 0.0062 0.0129 0.0078 0.0076 0.0061 0.9358 
 H545.4_2006  2 0.0073 0.0052 0.0044 0.0111 0.0065 0.0059 0.0049 0.9546 
 H545.5_2005  2 0.0046 0.0062 0.0068 0.0100 0.0095 0.0053 0.0084 0.9492 
 H545.5_2006  2 0.0088 0.0072 0.0055 0.0073 0.0107 0.0075 0.0066 0.9463 
 H545.6_2005  2 0.0039 0.0044 0.0041 0.0055 0.0050 0.0034 0.0051 0.9687 
 H545.6_2006  2 0.0053 0.0047 0.0052 0.0058 0.0065 0.0054 0.0058 0.9612 
 H545.7_2005  2 0.0044 0.0040 0.0056 0.0055 0.0067 0.0048 0.0046 0.9645 
 H545.7_2006  2 0.0055 0.0048 0.0072 0.0092 0.0094 0.0065 0.0093 0.9481 
 H545.8_2005  2 0.0090 0.0072 0.0107 0.0148 0.0094 0.0095 0.0109 0.9285 
 H545.8_2006  2 0.0051 0.0057 0.0051 0.0064 0.0059 0.0053 0.0055 0.9609 
      H545.9  2 0.0076 0.0063 0.0050 0.0092 0.0064 0.0056 0.0062 0.9537 
      H547.1  2 0.0540 0.0136 0.0075 0.0175 0.0173 0.0118 0.8696 0.0087 
      H547.2  2 0.0269 0.0227 0.0164 0.0122 0.0080 0.1536 0.7448 0.0154 
      H547.3  2 0.0306 0.0782 0.0080 0.0784 0.0292 0.0218 0.7355 0.0183 
      H547.4  2 0.0289 0.0499 0.0296 0.0602 0.0146 0.0507 0.7557 0.0103 
      H547.5  2 0.0228 0.0198 0.0065 0.0094 0.0110 0.1695 0.7532 0.0077 
      H547.6  2 0.0152 0.0097 0.0088 0.0165 0.0098 0.0196 0.8944 0.0260 
      H547.7  2 0.0207 0.0369 0.0112 0.0706 0.0221 0.0276 0.7917 0.0190 
      H547.8  2 0.0551 0.0155 0.0066 0.0167 0.0113 0.0138 0.8679 0.0130 
      H548.1  2 0.0055 0.0057 0.0066 0.0097 0.0076 0.0066 0.0066 0.9519 
      H548.2  2 0.0100 0.0098 0.0078 0.0074 0.0078 0.0075 0.0077 0.9421 
      H548.3  2 0.0094 0.0052 0.0073 0.0106 0.0067 0.0057 0.0059 0.9491 
      H548.4  2 0.0114 0.0193 0.0259 0.0587 0.0306 0.0185 0.0100 0.8256 
      H548.5  2 0.0049 0.0073 0.0077 0.0075 0.0061 0.0062 0.0049 0.9553 
      H548.6  2 0.0054 0.0113 0.0066 0.0115 0.0111 0.0055 0.0056 0.9430 
      H548.7  2 0.0075 0.0049 0.0063 0.0070 0.0094 0.0063 0.0061 0.9525 
