      H105.1  1 0.0123 0.0082 0.0204 0.2175 0.0225 0.0086 0.0080 0.0269 0.0098 0.0045 0.2425 0.0289 0.0081 0.0883 0.0056 0.0132 0.0832 0.0094 0.0068 0.0109 0.0303 0.0203 0.0967 0.0072 0.0102 
      H105.2  1 0.0102 0.0081 0.0228 0.0188 0.0063 0.0130 0.0075 0.5789 0.0235 0.0138 0.0794 0.0098 0.0042 0.0506 0.0067 0.0049 0.0485 0.0164 0.0076 0.0045 0.0083 0.0089 0.0095 0.0156 0.0223 
      H105.3  1 0.0111 0.0078 0.0178 0.2787 0.0075 0.0075 0.0086 0.0143 0.0172 0.0125 0.4036 0.0198 0.0078 0.0203 0.0086 0.0243 0.0241 0.0148 0.0048 0.0097 0.0149 0.0301 0.0166 0.0059 0.0118 
      H105.4  1 0.0114 0.0117 0.0071 0.0396 0.0081 0.0110 0.0069 0.2342 0.0340 0.1033 0.1866 0.0113 0.0085 0.0506 0.0210 0.0096 0.1543 0.0140 0.0100 0.0107 0.0157 0.0109 0.0069 0.0122 0.0108 
      H105.5  1 0.0256 0.0110 0.0489 0.0497 0.0360 0.0263 0.0074 0.1441 0.0238 0.0394 0.0222 0.0104 0.0353 0.0881 0.0197 0.0146 0.1032 0.0486 0.0114 0.0195 0.0489 0.1149 0.0234 0.0047 0.0230 
      H105.6  1 0.0118 0.0084 0.0069 0.1244 0.0045 0.0113 0.0046 0.0344 0.0109 0.0241 0.5141 0.0217 0.0208 0.0074 0.0176 0.0177 0.0557 0.0132 0.0081 0.0166 0.0095 0.0085 0.0391 0.0043 0.0044 
      H105.7  1 0.0084 0.0230 0.0091 0.2522 0.0174 0.0051 0.0050 0.0722 0.0070 0.0048 0.2810 0.0471 0.0087 0.0099 0.0108 0.0123 0.1038 0.0055 0.0121 0.0059 0.0201 0.0103 0.0578 0.0053 0.0052 
      H105.8  1 0.0158 0.0060 0.0133 0.0978 0.0065 0.0099 0.0099 0.0552 0.0181 0.0113 0.4279 0.0769 0.0065 0.0571 0.0060 0.0121 0.0402 0.0134 0.0043 0.0048 0.0091 0.0049 0.0581 0.0239 0.0109 
      H115.1  1 0.0108 0.0097 0.0135 0.0219 0.0193 0.0073 0.0073 0.0064 0.0163 0.0098 0.0094 0.0181 0.7047 0.0072 0.0109 0.0071 0.0085 0.0148 0.0047 0.0355 0.0065 0.0057 0.0204 0.0170 0.0073 
      H115.2  1 0.0100 0.0056 0.0089 0.0073 0.0091 0.0069 0.0088 0.0071 0.0054 0.0083 0.0108 0.0064 0.8129 0.0055 0.0055 0.0055 0.0039 0.0140 0.0042 0.0129 0.0034 0.0091 0.0067 0.0155 0.0064 
      H115.3  1 0.0087 0.0072 0.0061 0.0100 0.0235 0.0209 0.0096 0.0381 0.0059 0.0873 0.0093 0.0069 0.5085 0.0046 0.0036 0.0113 0.0096 0.1093 0.0065 0.0298 0.0145 0.0371 0.0041 0.0109 0.0169 
      H115.4  1 0.0076 0.0047 0.0530 0.0091 0.0643 0.0077 0.0064 0.0105 0.0291 0.0065 0.0071 0.0062 0.0245 0.0046 0.0055 0.0071 0.0106 0.5287 0.0068 0.0252 0.0087 0.0834 0.0088 0.0481 0.0257 
      H115.5  1 0.0268 0.0109 0.0148 0.0136 0.0442 0.0062 0.0683 0.0150 0.0141 0.0439 0.0372 0.0297 0.3184 0.0091 0.0202 0.0072 0.0161 0.0549 0.0159 0.0757 0.0252 0.0134 0.0095 0.0117 0.0977 
      H115.6  1 0.0076 0.0183 0.0159 0.0179 0.0196 0.1117 0.0182 0.0571 0.0040 0.0442 0.0138 0.0210 0.2936 0.0052 0.0061 0.0186 0.0066 0.0775 0.0072 0.0435 0.0135 0.1355 0.0069 0.0080 0.0287 
      H115.7  1 0.0050 0.0216 0.0118 0.0554 0.0247 0.0160 0.0044 0.2679 0.0126 0.0316 0.0082 0.0049 0.2989 0.0043 0.0126 0.0086 0.0082 0.0378 0.0094 0.0220 0.0094 0.0580 0.0094 0.0223 0.0351 
      H115.8  1 0.0207 0.0128 0.0093 0.0167 0.0208 0.0202 0.0572 0.0182 0.0053 0.0168 0.0161 0.0502 0.4991 0.0069 0.0053 0.0089 0.0098 0.0662 0.0070 0.0395 0.0107 0.0274 0.0076 0.0152 0.0322 
      H115.9  1 0.0104 0.0065 0.0153 0.0181 0.0155 0.0060 0.0050 0.0037 0.0099 0.0184 0.0048 0.0312 0.7670 0.0048 0.0083 0.0083 0.0161 0.0087 0.0039 0.0096 0.0058 0.0047 0.0065 0.0059 0.0056 
      H145.1  1 0.0059 0.0039 0.0061 0.0066 0.0065 0.0299 0.0252 0.0040 0.0044 0.0178 0.0051 0.0064 0.0124 0.0066 0.0046 0.0058 0.0126 0.0092 0.7941 0.0078 0.0070 0.0042 0.0065 0.0041 0.0033 
      H145.2  1 0.0065 0.0041 0.0063 0.0076 0.0072 0.0173 0.0261 0.0142 0.0096 0.1576 0.0059 0.0077 0.0058 0.0113 0.0055 0.0058 0.0145 0.0168 0.6271 0.0113 0.0053 0.0065 0.0122 0.0051 0.0030 
      H145.3  1 0.0100 0.0055 0.0036 0.0049 0.0048 0.0283 0.0558 0.0058 0.0049 0.0051 0.0035 0.0263 0.0045 0.0062 0.0043 0.0040 0.0109 0.0092 0.7705 0.0037 0.0040 0.0046 0.0049 0.0041 0.0106 
      H145.4  1 0.0032 0.0036 0.0032 0.0060 0.0047 0.0074 0.0070 0.0052 0.0044 0.0043 0.0035 0.0045 0.0041 0.0039 0.0052 0.0042 0.0075 0.0046 0.8879 0.0066 0.0040 0.0031 0.0054 0.0038 0.0027 
      H145.5  1 0.0067 0.0044 0.0041 0.0041 0.0039 0.0374 0.1420 0.0038 0.0041 0.0051 0.0032 0.0094 0.0040 0.0052 0.0065 0.0052 0.0064 0.0051 0.7108 0.0040 0.0039 0.0071 0.0036 0.0041 0.0057 
      H145.6  1 0.0056 0.0056 0.0036 0.0063 0.0056 0.0068 0.0132 0.0276 0.0064 0.0779 0.0035 0.0045 0.0041 0.0114 0.0053 0.0035 0.0061 0.0066 0.7589 0.0075 0.0033 0.0053 0.0100 0.0029 0.0085 
      H145.7  1 0.0048 0.0043 0.0032 0.0038 0.0067 0.0067 0.0035 0.0069 0.0043 0.0046 0.0036 0.0058 0.0033 0.0048 0.0037 0.0039 0.0050 0.0075 0.8809 0.0061 0.0044 0.0047 0.0057 0.0032 0.0087 
      H149.1  1 0.0038 0.0030 0.0028 0.0033 0.0042 0.0043 0.0042 0.0031 0.0035 0.0041 0.0037 0.0048 0.0036 0.0034 0.0041 0.0034 0.0031 0.0024 0.0039 0.9148 0.0032 0.0040 0.0034 0.0030 0.0029 
      H149.2  1 0.0038 0.0045 0.0063 0.0073 0.0169 0.0053 0.0034 0.0489 0.0051 0.0056 0.0039 0.0035 0.0042 0.0045 0.0051 0.0035 0.0076 0.0028 0.0397 0.7776 0.0099 0.0131 0.0066 0.0066 0.0042 
      H149.3  1 0.0053 0.0107 0.0047 0.0315 0.0384 0.0096 0.0036 0.0295 0.0166 0.0114 0.0099 0.0065 0.0064 0.0048 0.0090 0.0075 0.0064 0.0068 0.0876 0.6181 0.0122 0.0315 0.0046 0.0186 0.0087 
      H149.4  1 0.0042 0.0106 0.0035 0.0144 0.0081 0.0054 0.0099 0.0192 0.0154 0.0086 0.0091 0.0048 0.0040 0.0304 0.0063 0.0221 0.0064 0.0040 0.0048 0.7818 0.0056 0.0045 0.0063 0.0070 0.0035 
      H149.5  1 0.0034 0.0089 0.0057 0.0211 0.0657 0.0068 0.0033 0.2407 0.0270 0.0057 0.0098 0.0063 0.0029 0.0178 0.0060 0.0087 0.0096 0.0041 0.0760 0.4227 0.0155 0.0106 0.0061 0.0112 0.0044 
      H149.6  1 0.0028 0.0084 0.0055 0.0097 0.0156 0.0047 0.0037 0.1105 0.0063 0.0043 0.0048 0.0034 0.0035 0.0045 0.0059 0.0039 0.0061 0.0028 0.0259 0.7314 0.0071 0.0126 0.0051 0.0084 0.0031 
      H149.7  1 0.0071 0.0687 0.0107 0.0169 0.0291 0.0106 0.0090 0.0824 0.0313 0.0131 0.0142 0.0186 0.0045 0.0361 0.0711 0.0265 0.0077 0.0057 0.0282 0.4436 0.0124 0.0127 0.0190 0.0149 0.0062 
      H150.1  1 0.0056 0.0038 0.0041 0.0041 0.0048 0.0057 0.0069 0.0190 0.0029 0.0144 0.0108 0.0051 0.8043 0.0071 0.0050 0.0047 0.0056 0.0496 0.0047 0.0029 0.0055 0.0062 0.0067 0.0039 0.0065 
      H150.2  1 0.0081 0.0073 0.0089 0.0166 0.0150 0.0127 0.0169 0.0422 0.0057 0.0071 0.0156 0.0036 0.6092 0.0034 0.0066 0.0053 0.0039 0.1233 0.0049 0.0108 0.0106 0.0331 0.0110 0.0081 0.0101 
      H150.3  1 0.0055 0.0090 0.0071 0.0213 0.0061 0.0093 0.0107 0.0177 0.0039 0.0062 0.0084 0.0070 0.7790 0.0062 0.0110 0.0051 0.0057 0.0142 0.0099 0.0060 0.0064 0.0132 0.0107 0.0069 0.0135 
      H150.4  1 0.0060 0.0066 0.0059 0.0076 0.0061 0.0055 0.0085 0.0092 0.0024 0.0067 0.0065 0.0082 0.8449 0.0059 0.0068 0.0047 0.0066 0.0094 0.0069 0.0034 0.0053 0.0094 0.0059 0.0035 0.0079 
      H150.5  1 0.0089 0.0106 0.0037 0.0212 0.0181 0.0138 0.0058 0.0609 0.0075 0.0225 0.0449 0.0055 0.5458 0.0070 0.0058 0.0136 0.0076 0.0849 0.0088 0.0098 0.0181 0.0327 0.0096 0.0182 0.0145 
      H150.6  1 0.0058 0.0079 0.0075 0.0106 0.0245 0.0109 0.0125 0.2242 0.0047 0.0133 0.1059 0.0032 0.1997 0.0044 0.0046 0.0126 0.0044 0.1703 0.0070 0.0067 0.0106 0.0568 0.0089 0.0275 0.0553 
      H150.7  1 0.0070 0.0036 0.0045 0.0084 0.0036 0.0077 0.0077 0.0082 0.0029 0.0174 0.0096 0.0073 0.8397 0.0065 0.0043 0.0042 0.0066 0.0166 0.0051 0.0032 0.0042 0.0086 0.0046 0.0039 0.0047 
   H169607.1  1 0.0122 0.0139 0.0864 0.0106 0.0175 0.0416 0.0240 0.0707 0.0154 0.0309 0.0080 0.0136 0.0591 0.0464 0.0081 0.0076 0.0125 0.0481 0.1120 0.0076 0.0597 0.0068 0.0177 0.2526 0.0169 
   H169607.2  1 0.0118 0.0118 0.0247 0.0275 0.0147 0.0840 0.0043 0.0415 0.0244 0.0165 0.0101 0.0463 0.0933 0.0270 0.0080 0.0473 0.2076 0.0282 0.1081 0.0082 0.0787 0.0095 0.0081 0.0489 0.0092 
   H169607.3  1 0.0188 0.0266 0.0159 0.0073 0.0925 0.0308 0.0133 0.1804 0.0276 0.0347 0.0061 0.0312 0.0162 0.0907 0.0054 0.0050 0.0568 0.0306 0.1324 0.0051 0.0639 0.0075 0.0139 0.0681 0.0193 
   H169607.4  1 0.0177 0.0086 0.0169 0.0084 0.0070 0.3197 0.0062 0.0396 0.0062 0.0423 0.0104 0.0071 0.0121 0.0428 0.0054 0.0212 0.0982 0.0083 0.1786 0.0049 0.0863 0.0070 0.0099 0.0296 0.0056 
   H169607.5  1 0.0107 0.0082 0.0127 0.0119 0.0569 0.0135 0.0074 0.1350 0.0216 0.0480 0.0049 0.0259 0.1801 0.0065 0.0048 0.0229 0.1209 0.0523 0.0683 0.0102 0.1068 0.0091 0.0279 0.0240 0.0095 
   H169607.6  1 0.0086 0.0079 0.0340 0.0067 0.0080 0.0503 0.0036 0.0601 0.0342 0.0160 0.0084 0.0296 0.0308 0.0419 0.0040 0.0204 0.3803 0.0308 0.0833 0.0062 0.0573 0.0072 0.0064 0.0506 0.0133 
   H169607.7  1 0.0070 0.0071 0.0175 0.0141 0.0082 0.0261 0.0057 0.0225 0.0281 0.0074 0.0165 0.0593 0.0282 0.0421 0.0044 0.0136 0.0611 0.4205 0.0291 0.0055 0.0480 0.0096 0.0096 0.0983 0.0106 
   H169607.8  1 0.0202 0.0088 0.0116 0.0178 0.0090 0.1349 0.0042 0.0201 0.0066 0.0232 0.0044 0.0171 0.0127 0.0485 0.0080 0.0161 0.3853 0.0064 0.0423 0.0038 0.1044 0.0046 0.0117 0.0705 0.0074 
   H169633.1  1 0.0362 0.0171 0.0099 0.0146 0.0072 0.0062 0.0162 0.0036 0.0048 0.0079 0.0135 0.0057 0.0119 0.0059 0.0106 0.0038 0.0053 0.0063 0.0251 0.7275 0.0041 0.0178 0.0118 0.0153 0.0115 
   H169633.2  1 0.0108 0.0561 0.0274 0.0164 0.0039 0.0049 0.0079 0.0184 0.0120 0.0039 0.0107 0.0141 0.0043 0.0060 0.0092 0.0057 0.0037 0.0123 0.0165 0.6861 0.0041 0.0143 0.0082 0.0335 0.0095 
   H169633.3  1 0.0064 0.0070 0.0085 0.0119 0.0072 0.0057 0.0054 0.0041 0.0110 0.0055 0.0166 0.0137 0.0108 0.0043 0.0162 0.0053 0.0044 0.0058 0.0140 0.7682 0.0061 0.0278 0.0174 0.0070 0.0097 
   H169633.4  1 0.0062 0.0046 0.0072 0.0103 0.0132 0.0090 0.0147 0.0051 0.0063 0.0186 0.0176 0.0074 0.0103 0.0056 0.0088 0.0046 0.0074 0.0050 0.0114 0.7730 0.0061 0.0133 0.0201 0.0052 0.0091 
   H169633.5  1 0.0063 0.0040 0.0075 0.0095 0.0139 0.0061 0.0126 0.0039 0.0058 0.0165 0.0211 0.0062 0.0149 0.0055 0.0073 0.0036 0.0089 0.0047 0.0111 0.7718 0.0065 0.0131 0.0227 0.0052 0.0111 
   H169688.1  1 0.0820 0.0838 0.0081 0.0058 0.0046 0.0181 0.0045 0.0544 0.0401 0.0043 0.0035 0.0097 0.0145 0.0052 0.0209 0.0057 0.0567 0.0124 0.0773 0.0149 0.0083 0.0034 0.0089 0.4177 0.0351 
   H169688.2  1 0.2013 0.1107 0.0050 0.0077 0.0049 0.0058 0.0093 0.0238 0.0084 0.0029 0.0092 0.0117 0.0122 0.0095 0.0199 0.0149 0.0119 0.0363 0.0146 0.0051 0.0069 0.0063 0.0095 0.4313 0.0208 
   H169688.3  1 0.1561 0.0335 0.0073 0.0086 0.0107 0.0074 0.0051 0.0255 0.0049 0.0036 0.0062 0.0040 0.0214 0.0186 0.0110 0.0110 0.0086 0.1236 0.0273 0.0137 0.0045 0.0062 0.0180 0.4510 0.0122 
   H169688.4  1 0.2588 0.0226 0.0046 0.0063 0.0103 0.0074 0.0139 0.0066 0.0049 0.0092 0.0177 0.0061 0.1800 0.0069 0.0090 0.0086 0.0079 0.1740 0.0111 0.0084 0.0051 0.0046 0.0111 0.1906 0.0143 
   H169688.5  1 0.3056 0.0191 0.0045 0.0067 0.0084 0.0067 0.0132 0.0081 0.0054 0.0102 0.0139 0.0053 0.1780 0.0066 0.0094 0.0104 0.0064 0.1545 0.0107 0.0114 0.0055 0.0051 0.0120 0.1649 0.0182 
   H169688.6  1 0.1147 0.0776 0.0047 0.0044 0.0058 0.0053 0.0429 0.0253 0.1224 0.0088 0.0154 0.0047 0.0284 0.0072 0.0075 0.0171 0.0127 0.0263 0.0322 0.0109 0.0060 0.0027 0.0075 0.3925 0.0168 
   H169688.7  1 0.1872 0.0213 0.0079 0.0084 0.0084 0.0146 0.0096 0.0069 0.0045 0.0072 0.0049 0.0093 0.0222 0.0367 0.0171 0.0172 0.0062 0.1940 0.0644 0.0139 0.0047 0.0161 0.0150 0.2790 0.0234 
   H171901.1  1 0.0130 0.0087 0.0103 0.0064 0.0147 0.0057 0.0465 0.7074 0.0046 0.0211 0.0045 0.0097 0.0145 0.0210 0.0148 0.0057 0.0067 0.0262 0.0152 0.0071 0.0051 0.0110 0.0051 0.0088 0.0062 
   H171901.2  1 0.0178 0.0055 0.0039 0.0078 0.0050 0.0151 0.0054 0.0066 0.0038 0.0088 0.0095 0.0079 0.0140 0.0061 0.0049 0.0092 0.0157 0.0097 0.0087 0.7991 0.0061 0.0155 0.0041 0.0060 0.0038 
   H171901.3  1 0.0836 0.0506 0.0042 0.0069 0.0147 0.0113 0.0053 0.0313 0.0092 0.0209 0.0078 0.0054 0.0120 0.0086 0.0066 0.0136 0.0077 0.0112 0.0079 0.6389 0.0062 0.0092 0.0059 0.0073 0.0138 
   H171901.4  1 0.0186 0.0105 0.0083 0.0054 0.0052 0.0096 0.0052 0.0101 0.0058 0.0112 0.0208 0.0059 0.0076 0.0084 0.0049 0.0108 0.0082 0.0290 0.0069 0.7688 0.0104 0.0093 0.0052 0.0077 0.0062 
   H171901.5  1 0.0273 0.0177 0.0078 0.0058 0.0084 0.0272 0.0053 0.0192 0.0055 0.0200 0.0140 0.0053 0.0111 0.0172 0.0092 0.0200 0.0098 0.0230 0.0098 0.6807 0.0228 0.0110 0.0072 0.0097 0.0051 
   H171901.6  1 0.0392 0.0218 0.0138 0.0064 0.0069 0.0506 0.0056 0.0216 0.0088 0.0403 0.0398 0.0063 0.0327 0.0099 0.0134 0.0216 0.0122 0.0294 0.0241 0.5178 0.0347 0.0169 0.0121 0.0106 0.0037 
   H171901.7  1 0.0607 0.0345 0.0038 0.0058 0.0104 0.0094 0.0044 0.0125 0.0246 0.0128 0.0122 0.0188 0.0282 0.0054 0.0129 0.0417 0.0107 0.0327 0.0340 0.5660 0.0052 0.0136 0.0217 0.0084 0.0094 
   H171902.1  1 0.0189 0.0069 0.0180 0.0049 0.0035 0.7264 0.0337 0.0064 0.0160 0.0098 0.0063 0.0125 0.0113 0.0066 0.0103 0.0179 0.0073 0.0081 0.0134 0.0101 0.0084 0.0063 0.0090 0.0194 0.0083 
  H171902.10  1 0.0040 0.0048 0.0044 0.0037 0.0028 0.8656 0.0074 0.0051 0.0087 0.0057 0.0036 0.0036 0.0048 0.0056 0.0049 0.0102 0.0056 0.0052 0.0044 0.0075 0.0046 0.0071 0.0038 0.0106 0.0062 
   H171902.2  1 0.0514 0.0301 0.0201 0.0070 0.0056 0.3855 0.0407 0.0110 0.0280 0.0071 0.0431 0.0606 0.0156 0.0103 0.0211 0.0148 0.0076 0.0135 0.0122 0.0256 0.0178 0.0098 0.0164 0.0842 0.0606 
   H171902.3  1 0.0196 0.0131 0.0125 0.0071 0.0047 0.6139 0.0087 0.0143 0.0206 0.0063 0.0092 0.0139 0.0341 0.0194 0.0110 0.0220 0.0079 0.0199 0.0107 0.0560 0.0191 0.0096 0.0055 0.0326 0.0080 
   H171902.4  1 0.0089 0.0047 0.0041 0.0117 0.0041 0.8156 0.0110 0.0046 0.0047 0.0047 0.0073 0.0069 0.0085 0.0026 0.0066 0.0034 0.0046 0.0039 0.0092 0.0478 0.0029 0.0068 0.0056 0.0049 0.0048 
   H171902.6  1 0.0040 0.0039 0.0048 0.0042 0.0035 0.8648 0.0074 0.0065 0.0082 0.0077 0.0026 0.0038 0.0079 0.0068 0.0054 0.0064 0.0057 0.0057 0.0054 0.0072 0.0045 0.0077 0.0034 0.0073 0.0050 
   H171902.7  1 0.0044 0.0041 0.0066 0.0048 0.0036 0.8035 0.0087 0.0410 0.0050 0.0091 0.0050 0.0033 0.0056 0.0048 0.0046 0.0053 0.0089 0.0071 0.0103 0.0109 0.0108 0.0109 0.0126 0.0061 0.0028 
   H171902.8  1 0.0049 0.0061 0.0068 0.0037 0.0052 0.8003 0.0087 0.0113 0.0095 0.0074 0.0049 0.0065 0.0115 0.0102 0.0052 0.0118 0.0068 0.0094 0.0066 0.0135 0.0083 0.0093 0.0044 0.0199 0.0080 
   H171902.9  1 0.0117 0.0070 0.0054 0.0132 0.0036 0.7572 0.0150 0.0088 0.0051 0.0090 0.0111 0.0084 0.0588 0.0055 0.0139 0.0083 0.0086 0.0069 0.0065 0.0063 0.0074 0.0059 0.0064 0.0061 0.0040 
   H171903.1  1 0.0126 0.0090 0.0172 0.0103 0.0098 0.0071 0.0047 0.0176 0.0134 0.0100 0.0114 0.0144 0.0693 0.0039 0.0060 0.0600 0.5147 0.0967 0.0296 0.0150 0.0322 0.0085 0.0111 0.0107 0.0047 
   H171903.2  1 0.0375 0.0092 0.0140 0.0081 0.0309 0.0115 0.0117 0.0118 0.0114 0.0147 0.0086 0.0333 0.0296 0.0384 0.0078 0.0546 0.5018 0.0657 0.0105 0.0074 0.0245 0.0076 0.0343 0.0098 0.0053 
   H171903.3  1 0.0264 0.0251 0.0657 0.0135 0.1066 0.0358 0.0159 0.0459 0.0285 0.0152 0.0080 0.0312 0.0397 0.0135 0.0187 0.0816 0.1507 0.0780 0.0137 0.0200 0.0357 0.0317 0.0772 0.0156 0.0060 
   H171903.4  1 0.0279 0.0522 0.0065 0.0100 0.0130 0.0408 0.0084 0.4910 0.0077 0.0421 0.0103 0.0059 0.0212 0.0058 0.0136 0.0128 0.0250 0.0305 0.0821 0.0055 0.0187 0.0118 0.0197 0.0183 0.0193 
   H171903.5  1 0.0480 0.0201 0.0769 0.0061 0.1337 0.0060 0.0087 0.0247 0.0118 0.0085 0.0097 0.0220 0.0543 0.0939 0.0106 0.0405 0.0557 0.1602 0.0169 0.0344 0.0335 0.0138 0.0649 0.0357 0.0093 
   H171903.6  1 0.0906 0.0136 0.0074 0.0067 0.0488 0.0147 0.0044 0.0511 0.0137 0.0288 0.0073 0.0155 0.0406 0.0147 0.0105 0.0625 0.1014 0.1635 0.0325 0.0433 0.0667 0.0073 0.0638 0.0807 0.0097 
      H177.1  1 0.0120 0.1506 0.0049 0.0074 0.0099 0.2120 0.0081 0.0512 0.0543 0.0107 0.0060 0.0065 0.0276 0.0068 0.0134 0.1418 0.0222 0.0152 0.0124 0.1453 0.0234 0.0114 0.0239 0.0182 0.0049 
      H177.2  1 0.0266 0.0115 0.0087 0.0184 0.0234 0.0697 0.0128 0.0055 0.0553 0.0288 0.0061 0.0469 0.0096 0.0683 0.0125 0.0534 0.0198 0.0355 0.0750 0.1121 0.1527 0.0222 0.0248 0.0745 0.0260 
      H177.3  1 0.0152 0.0112 0.0075 0.0078 0.0131 0.0710 0.0151 0.0085 0.0643 0.1510 0.0053 0.0116 0.0133 0.0285 0.0195 0.1121 0.0165 0.0196 0.0367 0.2603 0.0395 0.0226 0.0123 0.0333 0.0041 
      H177.4  1 0.0116 0.1352 0.0054 0.0071 0.0136 0.0487 0.0113 0.0193 0.5063 0.0110 0.0106 0.0064 0.0050 0.0066 0.0072 0.0322 0.0163 0.0054 0.0235 0.0507 0.0229 0.0121 0.0130 0.0154 0.0035 
      H177.5  1 0.0370 0.4600 0.0041 0.0090 0.0202 0.0329 0.0070 0.0139 0.0136 0.0100 0.0272 0.0140 0.0142 0.0065 0.0108 0.0818 0.0185 0.0174 0.0115 0.0238 0.0454 0.0122 0.0789 0.0215 0.0084 
      H177.6  1 0.0197 0.0112 0.0074 0.0074 0.0110 0.0834 0.0145 0.0055 0.0235 0.1193 0.0042 0.0078 0.0128 0.0296 0.0182 0.0567 0.0120 0.0205 0.0197 0.4299 0.0268 0.0198 0.0150 0.0213 0.0030 
      H179.1  1 0.0120 0.0796 0.0606 0.0198 0.0080 0.0052 0.0050 0.0077 0.2941 0.0263 0.0125 0.0076 0.0076 0.0441 0.0469 0.0209 0.0036 0.0097 0.0051 0.0107 0.0272 0.0074 0.2442 0.0257 0.0087 
      H179.2  1 0.0078 0.0256 0.0447 0.0103 0.0077 0.0112 0.0043 0.0087 0.5831 0.0103 0.0105 0.0075 0.0109 0.0160 0.0150 0.0109 0.0070 0.0169 0.0048 0.0065 0.0157 0.0116 0.1243 0.0225 0.0062 
      H179.3  1 0.0760 0.0573 0.0270 0.0134 0.0187 0.0053 0.0056 0.0109 0.1523 0.0260 0.0110 0.0150 0.0184 0.0256 0.0117 0.0123 0.0139 0.0234 0.0055 0.0065 0.0124 0.0063 0.3837 0.0487 0.0134 
      H179.4  1 0.0151 0.0244 0.0095 0.0079 0.0113 0.0070 0.0035 0.0080 0.7574 0.0064 0.0066 0.0108 0.0043 0.0114 0.0120 0.0136 0.0045 0.0101 0.0111 0.0109 0.0163 0.0101 0.0124 0.0067 0.0084 
      H180.1  1 0.0089 0.0048 0.0111 0.0093 0.0119 0.0087 0.0081 0.0131 0.0155 0.0038 0.0089 0.0041 0.0078 0.0054 0.0047 0.0175 0.0051 0.7836 0.0030 0.0059 0.0040 0.0159 0.0049 0.0129 0.0212 
      H180.2  1 0.0147 0.0083 0.0051 0.0084 0.0053 0.0066 0.0105 0.0155 0.0182 0.0160 0.0424 0.0056 0.0337 0.0043 0.0139 0.0137 0.0072 0.6832 0.0045 0.0114 0.0087 0.0082 0.0090 0.0084 0.0371 
      H180.3  1 0.0056 0.0047 0.0329 0.0047 0.0205 0.0052 0.0176 0.0056 0.0083 0.0076 0.0097 0.0272 0.2488 0.0046 0.0270 0.0124 0.0126 0.4997 0.0053 0.0048 0.0075 0.0051 0.0093 0.0056 0.0078 
      H180.4  1 0.0230 0.0081 0.0050 0.0139 0.0190 0.0105 0.0215 0.0171 0.0170 0.0077 0.1603 0.0108 0.0214 0.0131 0.0129 0.0270 0.0066 0.4776 0.0063 0.0204 0.0082 0.0323 0.0103 0.0263 0.0237 
      H180.5  1 0.0215 0.0112 0.0069 0.0103 0.0084 0.0071 0.0203 0.0109 0.0283 0.0063 0.0210 0.0135 0.0184 0.0049 0.0064 0.0232 0.0094 0.6331 0.0053 0.0093 0.0159 0.0439 0.0201 0.0183 0.0260 
      H180.6  1 0.0144 0.0050 0.0100 0.0052 0.0090 0.0060 0.0505 0.0139 0.0106 0.0141 0.0271 0.3953 0.0371 0.0065 0.0125 0.0137 0.0109 0.2033 0.0127 0.0172 0.0119 0.0480 0.0321 0.0075 0.0256 
      H181.1  1 0.0121 0.0073 0.0087 0.0066 0.1451 0.0237 0.0155 0.0177 0.0983 0.0115 0.0062 0.0064 0.0096 0.0307 0.0085 0.0127 0.0655 0.0114 0.0226 0.1825 0.0218 0.0249 0.0104 0.0616 0.1786 
      H181.2  1 0.0096 0.0121 0.0105 0.0184 0.0210 0.0432 0.0199 0.0129 0.3994 0.0063 0.0148 0.0080 0.0117 0.0106 0.0110 0.0393 0.0178 0.0131 0.0371 0.0379 0.0115 0.0856 0.0038 0.0466 0.0975 
      H181.3  1 0.0383 0.0131 0.0041 0.0131 0.0062 0.0614 0.0128 0.0202 0.2342 0.0072 0.0083 0.0117 0.0057 0.0339 0.0104 0.0243 0.0179 0.0115 0.0133 0.0719 0.0297 0.0263 0.0029 0.0666 0.2550 
      H181.4  1 0.0134 0.0170 0.0065 0.0152 0.3105 0.0436 0.0047 0.0203 0.0569 0.0116 0.0081 0.0128 0.0646 0.0187 0.0235 0.0408 0.0269 0.0152 0.0284 0.1054 0.0488 0.0242 0.0049 0.0174 0.0608 
      H181.5  1 0.0088 0.0239 0.0121 0.0217 0.0103 0.0087 0.0137 0.0224 0.5202 0.0055 0.0118 0.0072 0.0052 0.0755 0.0610 0.0043 0.0082 0.0061 0.0090 0.0147 0.0121 0.0419 0.0091 0.0161 0.0705 
      H181.6  1 0.0099 0.0134 0.0306 0.0182 0.0147 0.0159 0.0036 0.0141 0.5934 0.0121 0.0466 0.0081 0.0324 0.0307 0.0100 0.0089 0.0114 0.0249 0.0085 0.0106 0.0139 0.0430 0.0064 0.0090 0.0099 
      H181.7  1 0.0243 0.0050 0.0069 0.0097 0.0248 0.0092 0.0070 0.0067 0.5682 0.0065 0.0112 0.0122 0.0165 0.1615 0.0062 0.0044 0.0078 0.0126 0.0113 0.0313 0.0063 0.0051 0.0168 0.0095 0.0191 
 H194.1_2004  1 0.0174 0.0129 0.0078 0.0085 0.0058 0.0119 0.0062 0.0114 0.0068 0.0087 0.0063 0.0130 0.0293 0.0037 0.0121 0.0632 0.0228 0.0487 0.5878 0.0183 0.0064 0.0217 0.0573 0.0063 0.0058 
 H194.2_2004  1 0.0089 0.0228 0.0052 0.0061 0.0125 0.0094 0.0217 0.3214 0.0048 0.0080 0.0037 0.0055 0.0077 0.0040 0.0091 0.0230 0.0179 0.0128 0.4395 0.0112 0.0057 0.0237 0.0050 0.0056 0.0048 
 H194.3_2004  1 0.0090 0.0132 0.0052 0.0061 0.0078 0.0175 0.0072 0.0089 0.0137 0.0074 0.0056 0.0069 0.0082 0.0065 0.1135 0.0161 0.0083 0.0052 0.6442 0.0408 0.0052 0.0118 0.0191 0.0089 0.0038 
 H194.4_2004  1 0.0051 0.0421 0.0050 0.0040 0.0051 0.0146 0.0084 0.1074 0.0054 0.0064 0.0036 0.0057 0.0071 0.0033 0.0106 0.0081 0.0238 0.0058 0.6711 0.0275 0.0048 0.0066 0.0087 0.0055 0.0044 
 H194.5_2004  1 0.0087 0.0226 0.0102 0.0083 0.0083 0.0208 0.0058 0.0204 0.0270 0.0101 0.0119 0.0182 0.0124 0.0077 0.0394 0.0220 0.0081 0.0103 0.6102 0.0395 0.0143 0.0104 0.0394 0.0082 0.0057 
 H194.6_2004  1 0.0095 0.1377 0.0088 0.0057 0.0089 0.0756 0.0063 0.0465 0.0377 0.0123 0.0060 0.0123 0.0147 0.0066 0.2558 0.0235 0.0187 0.0098 0.1197 0.1027 0.0126 0.0162 0.0364 0.0085 0.0075 
 H194.7_2004  1 0.0088 0.0079 0.0054 0.0096 0.0108 0.0045 0.0058 0.0280 0.0068 0.0042 0.0075 0.0448 0.0157 0.0045 0.0087 0.0099 0.0969 0.0106 0.6292 0.0093 0.0162 0.0088 0.0333 0.0053 0.0076 
 H194.8_2004  1 0.0066 0.0914 0.0068 0.0056 0.0076 0.0283 0.0094 0.1580 0.0266 0.0097 0.0081 0.0181 0.0168 0.0082 0.0302 0.0159 0.0190 0.0080 0.4167 0.0580 0.0087 0.0151 0.0107 0.0073 0.0089 
      H194.9  1 0.0105 0.0199 0.0054 0.0057 0.0088 0.0091 0.0074 0.0144 0.0069 0.0074 0.0093 0.0526 0.0309 0.0044 0.0136 0.0100 0.0140 0.0076 0.6928 0.0130 0.0115 0.0084 0.0236 0.0044 0.0085 
 H195.1_2003  1 0.0197 0.0193 0.0083 0.0036 0.0053 0.0092 0.0043 0.0175 0.0087 0.0077 0.1471 0.0053 0.0045 0.0075 0.0095 0.0104 0.0056 0.0104 0.6388 0.0115 0.0072 0.0141 0.0134 0.0050 0.0061 
 H195.1_2004  1 0.0081 0.0046 0.0035 0.0053 0.0068 0.0094 0.0105 0.0034 0.0077 0.0085 0.0059 0.0043 0.0046 0.0050 0.0042 0.0057 0.0058 0.0053 0.8090 0.0082 0.0034 0.0331 0.0038 0.0175 0.0162 
 H195.2_2003  1 0.1169 0.0137 0.0093 0.0042 0.0032 0.0225 0.0050 0.0051 0.0071 0.0085 0.0309 0.0119 0.0098 0.0056 0.0051 0.0100 0.0187 0.0135 0.6519 0.0068 0.0135 0.0068 0.0057 0.0088 0.0057 
 H195.2_2004  1 0.0059 0.0044 0.0032 0.0028 0.0031 0.0041 0.0068 0.0034 0.0036 0.0030 0.0049 0.0040 0.0035 0.0034 0.0036 0.0030 0.0048 0.0053 0.8981 0.0052 0.0044 0.0065 0.0044 0.0040 0.0047 
 H195.3_2003  1 0.0845 0.0178 0.0059 0.0075 0.0054 0.0081 0.0059 0.0188 0.0045 0.0114 0.1285 0.0097 0.0381 0.0073 0.0124 0.0156 0.0267 0.0138 0.5123 0.0039 0.0315 0.0066 0.0053 0.0100 0.0084 
 H195.3_2004  1 0.0059 0.0033 0.0035 0.0044 0.0048 0.0087 0.0053 0.0042 0.0048 0.0034 0.0052 0.0036 0.0031 0.0033 0.0054 0.0055 0.0066 0.0030 0.8817 0.0094 0.0033 0.0060 0.0031 0.0058 0.0066 
 H195.4_2003  1 0.0082 0.0057 0.0070 0.0035 0.0045 0.0065 0.0026 0.0058 0.0055 0.0072 0.0175 0.0039 0.0031 0.0052 0.0071 0.0054 0.0074 0.0067 0.8409 0.0088 0.0072 0.0172 0.0051 0.0038 0.0037 
 H195.4_2004  1 0.0098 0.0086 0.0032 0.0040 0.0046 0.0052 0.0040 0.0032 0.0042 0.0053 0.0038 0.0052 0.0035 0.0035 0.0047 0.0037 0.0062 0.0038 0.8751 0.0040 0.0033 0.0038 0.0038 0.0059 0.0175 
 H195.5_2003  1 0.0183 0.0120 0.0065 0.0057 0.0060 0.0174 0.0043 0.0195 0.0067 0.0066 0.2718 0.0046 0.0079 0.0086 0.0076 0.0098 0.0083 0.0089 0.4773 0.0087 0.0086 0.0346 0.0164 0.0059 0.0179 
 H195.5_2004  1 0.0059 0.0038 0.0033 0.0047 0.0056 0.0054 0.0062 0.0037 0.0083 0.0062 0.0083 0.0048 0.0055 0.0030 0.0051 0.0050 0.0092 0.0030 0.8532 0.0072 0.0034 0.0073 0.0048 0.0112 0.0160 
 H195.6_2003  1 0.0398 0.0050 0.0041 0.0051 0.0033 0.0074 0.0041 0.0039 0.0048 0.0049 0.0438 0.0049 0.0087 0.0032 0.0036 0.0067 0.0187 0.0078 0.7884 0.0031 0.0070 0.0054 0.0034 0.0071 0.0056 
 H195.6_2004  1 0.0038 0.0043 0.0031 0.0042 0.0027 0.0052 0.0051 0.0034 0.0059 0.0032 0.0051 0.0037 0.0029 0.0055 0.0053 0.0032 0.0075 0.0035 0.8963 0.0041 0.0041 0.0049 0.0045 0.0045 0.0042 
 H195.7_2003  1 0.0221 0.0532 0.0060 0.0048 0.0054 0.0061 0.0031 0.0088 0.0105 0.0055 0.0095 0.0072 0.0042 0.0105 0.0068 0.0063 0.0067 0.0073 0.7621 0.0070 0.0134 0.0074 0.0060 0.0125 0.0076 
 H195.7_2004  1 0.0085 0.0041 0.0026 0.0052 0.0063 0.0060 0.0213 0.0036 0.0045 0.0072 0.0093 0.0036 0.0070 0.0047 0.0039 0.0046 0.0046 0.0055 0.8392 0.0045 0.0043 0.0087 0.0044 0.0108 0.0157 
      H195.8  1 0.0069 0.0051 0.0030 0.0053 0.0064 0.0059 0.0053 0.0041 0.0049 0.0067 0.0066 0.0051 0.0048 0.0039 0.0042 0.0039 0.0086 0.0035 0.8311 0.0041 0.0035 0.0118 0.0041 0.0110 0.0403 
      H195.9  1 0.0075 0.0051 0.0028 0.0037 0.0051 0.0071 0.0035 0.0037 0.0072 0.0038 0.0046 0.0058 0.0035 0.0043 0.0057 0.0071 0.0097 0.0041 0.8662 0.0082 0.0055 0.0063 0.0044 0.0093 0.0057 
      H415.1  1 0.0081 0.0176 0.3810 0.0122 0.0080 0.0346 0.0654 0.0230 0.0042 0.0089 0.0122 0.0255 0.1472 0.0069 0.0098 0.0129 0.0063 0.0242 0.0437 0.1038 0.0053 0.0137 0.0124 0.0073 0.0058 
      H415.2  1 0.0400 0.0141 0.1034 0.0250 0.0149 0.3459 0.0134 0.0088 0.0115 0.0203 0.0065 0.0060 0.0310 0.0073 0.0656 0.1544 0.0051 0.0183 0.0169 0.0232 0.0096 0.0061 0.0179 0.0311 0.0037 
      H415.3  1 0.0066 0.0155 0.6136 0.0117 0.0104 0.0203 0.0073 0.0121 0.0177 0.0061 0.0111 0.0047 0.0106 0.0102 0.0072 0.0498 0.0029 0.0305 0.0137 0.0788 0.0206 0.0139 0.0081 0.0130 0.0034 
      H415.4  1 0.0043 0.0091 0.6391 0.0093 0.0105 0.0350 0.0173 0.0166 0.0035 0.0086 0.0078 0.0213 0.0753 0.0048 0.0174 0.0066 0.0036 0.0102 0.0121 0.0197 0.0067 0.0394 0.0104 0.0043 0.0072 
      H415.5  1 0.0052 0.0141 0.6079 0.0067 0.0088 0.0314 0.0090 0.0140 0.0091 0.0052 0.0070 0.0045 0.0063 0.0115 0.0131 0.0520 0.0030 0.0249 0.0143 0.0814 0.0123 0.0323 0.0053 0.0161 0.0046 
      H415.6  1 0.0049 0.0080 0.6408 0.0121 0.0086 0.0354 0.0165 0.0212 0.0036 0.0071 0.0095 0.0227 0.0753 0.0049 0.0094 0.0069 0.0041 0.0140 0.0206 0.0170 0.0074 0.0305 0.0085 0.0047 0.0064 
      H415.7  1 0.0717 0.0160 0.2697 0.0172 0.0084 0.1670 0.0223 0.0074 0.0263 0.0173 0.0103 0.0099 0.0136 0.0121 0.0212 0.0312 0.0045 0.0227 0.0490 0.0508 0.0618 0.0110 0.0153 0.0591 0.0042 
      H506.1  1 0.0038 0.0053 0.0072 0.0090 0.0040 0.0033 0.0041 0.0031 0.8750 0.0035 0.0066 0.0043 0.0029 0.0068 0.0077 0.0048 0.0029 0.0039 0.0041 0.0067 0.0053 0.0035 0.0120 0.0052 0.0050 
      H506.2  1 0.0043 0.0060 0.0073 0.0058 0.0046 0.0040 0.0077 0.0030 0.8396 0.0070 0.0056 0.0046 0.0027 0.0166 0.0080 0.0061 0.0032 0.0042 0.0110 0.0153 0.0092 0.0058 0.0059 0.0082 0.0042 
      H506.3  1 0.0191 0.0148 0.0149 0.0155 0.0108 0.0077 0.0527 0.0043 0.6106 0.0056 0.0124 0.0084 0.0039 0.0071 0.0166 0.0163 0.0047 0.0077 0.0066 0.0140 0.0117 0.0042 0.0109 0.0949 0.0248 
      H506.4  1 0.0059 0.0068 0.0094 0.0074 0.0057 0.0044 0.0070 0.0060 0.8497 0.0053 0.0077 0.0051 0.0039 0.0060 0.0070 0.0058 0.0036 0.0056 0.0040 0.0044 0.0076 0.0037 0.0159 0.0078 0.0045 
      H506.5  1 0.0065 0.0055 0.0099 0.0066 0.0044 0.0047 0.0060 0.0032 0.8659 0.0066 0.0068 0.0037 0.0025 0.0055 0.0047 0.0051 0.0051 0.0047 0.0042 0.0091 0.0104 0.0025 0.0070 0.0046 0.0047 
      H506.6  1 0.1190 0.0241 0.0160 0.0096 0.0200 0.0090 0.0387 0.0039 0.3867 0.0838 0.0126 0.0084 0.0047 0.0167 0.0102 0.0247 0.0089 0.0086 0.0125 0.0070 0.0224 0.0048 0.0093 0.1256 0.0129 
      H506.7  1 0.0051 0.0050 0.0074 0.0078 0.0034 0.0044 0.0062 0.0033 0.8687 0.0051 0.0057 0.0053 0.0026 0.0057 0.0069 0.0057 0.0041 0.0040 0.0064 0.0107 0.0075 0.0031 0.0055 0.0058 0.0046 
      H533.1  1 0.0041 0.0040 0.0089 0.0040 0.0069 0.0033 0.0098 0.0043 0.7330 0.0058 0.0087 0.0048 0.0035 0.1148 0.0056 0.0053 0.0030 0.0067 0.0037 0.0250 0.0041 0.0041 0.0133 0.0074 0.0058 
      H533.2  1 0.0042 0.0039 0.0113 0.0043 0.0057 0.0038 0.0191 0.0047 0.7730 0.0048 0.0058 0.0039 0.0030 0.0552 0.0060 0.0061 0.0034 0.0075 0.0046 0.0352 0.0042 0.0042 0.0091 0.0110 0.0061 
      H533.3  1 0.0081 0.0053 0.0076 0.0072 0.0328 0.0041 0.0057 0.0043 0.7777 0.0141 0.0043 0.0070 0.0046 0.0219 0.0042 0.0149 0.0082 0.0088 0.0045 0.0113 0.0075 0.0039 0.0156 0.0117 0.0046 
      H533.4  1 0.0066 0.0041 0.0100 0.0070 0.0186 0.0061 0.0134 0.0071 0.7509 0.0232 0.0044 0.0057 0.0053 0.0083 0.0047 0.0160 0.0065 0.0218 0.0164 0.0239 0.0074 0.0061 0.0107 0.0096 0.0060 
      H535.1  1 0.0056 0.0063 0.0076 0.0033 0.0039 0.0125 0.0041 0.0047 0.8496 0.0094 0.0043 0.0047 0.0087 0.0043 0.0131 0.0068 0.0078 0.0050 0.0048 0.0045 0.0088 0.0061 0.0064 0.0044 0.0033 
      H535.2  1 0.0042 0.0045 0.0033 0.0048 0.0066 0.0043 0.0028 0.0039 0.8874 0.0039 0.0053 0.0046 0.0032 0.0043 0.0041 0.0038 0.0058 0.0034 0.0072 0.0044 0.0044 0.0060 0.0054 0.0049 0.0074 
      H535.3  1 0.0031 0.0044 0.0028 0.0045 0.0055 0.0044 0.0034 0.0044 0.8813 0.0059 0.0091 0.0046 0.0048 0.0044 0.0048 0.0033 0.0047 0.0030 0.0061 0.0034 0.0055 0.0061 0.0051 0.0054 0.0100 
      H535.4  1 0.0031 0.0027 0.0061 0.0044 0.0042 0.0041 0.0031 0.0046 0.8925 0.0035 0.0059 0.0030 0.0038 0.0022 0.0041 0.0048 0.0035 0.0048 0.0066 0.0074 0.0038 0.0065 0.0062 0.0034 0.0058 
      H535.5  1 0.0045 0.0041 0.0060 0.0030 0.0036 0.0043 0.0029 0.0031 0.8983 0.0039 0.0034 0.0033 0.0045 0.0025 0.0064 0.0069 0.0039 0.0043 0.0042 0.0069 0.0042 0.0036 0.0051 0.0036 0.0034 
      H535.6  1 0.0047 0.0162 0.0050 0.0038 0.0054 0.0111 0.0052 0.0155 0.7785 0.0147 0.0037 0.0042 0.0211 0.0057 0.0271 0.0074 0.0125 0.0041 0.0127 0.0031 0.0103 0.0116 0.0044 0.0070 0.0051 
      H535.7  1 0.0036 0.0044 0.0040 0.0029 0.0026 0.0030 0.0037 0.0022 0.9147 0.0043 0.0044 0.0032 0.0029 0.0030 0.0047 0.0043 0.0033 0.0034 0.0033 0.0051 0.0037 0.0026 0.0044 0.0033 0.0031 
      H535.8  1 0.0037 0.0118 0.0048 0.0032 0.0041 0.0034 0.0040 0.0059 0.8850 0.0063 0.0057 0.0039 0.0055 0.0032 0.0065 0.0036 0.0046 0.0044 0.0061 0.0039 0.0050 0.0035 0.0038 0.0034 0.0048 
      H535.9  1 0.0048 0.0038 0.0038 0.0037 0.0033 0.0065 0.0045 0.0047 0.8699 0.0127 0.0088 0.0034 0.0097 0.0030 0.0041 0.0039 0.0078 0.0044 0.0058 0.0041 0.0049 0.0078 0.0049 0.0052 0.0045 
      H539.1  1 0.0048 0.0029 0.0045 0.0034 0.0032 0.0055 0.0058 0.0031 0.0027 0.0088 0.0035 0.0047 0.9019 0.0036 0.0036 0.0043 0.0062 0.0038 0.0040 0.0030 0.0038 0.0030 0.0033 0.0035 0.0030 
      H539.2  1 0.0238 0.0121 0.0079 0.0081 0.0142 0.0113 0.0075 0.0091 0.0124 0.0048 0.0095 0.0083 0.6467 0.0053 0.0052 0.0477 0.0163 0.0332 0.0055 0.0042 0.0052 0.0055 0.0165 0.0549 0.0250 
      H539.3  1 0.0126 0.0133 0.0034 0.0037 0.0047 0.0070 0.0066 0.0106 0.0080 0.0067 0.0065 0.0062 0.8130 0.0037 0.0073 0.0076 0.0265 0.0052 0.0099 0.0038 0.0045 0.0038 0.0138 0.0052 0.0064 
      H539.4  1 0.0277 0.0064 0.0056 0.0046 0.0103 0.0096 0.0178 0.0033 0.0036 0.0101 0.0091 0.0086 0.8041 0.0086 0.0036 0.0131 0.0044 0.0092 0.0038 0.0041 0.0051 0.0038 0.0069 0.0103 0.0060 
      H539.5  1 0.0033 0.0029 0.0036 0.0042 0.0034 0.0060 0.0044 0.0047 0.0031 0.0060 0.0024 0.0057 0.9047 0.0030 0.0036 0.0037 0.0071 0.0041 0.0034 0.0028 0.0046 0.0033 0.0038 0.0033 0.0028 
      H539.6  1 0.0037 0.0042 0.0047 0.0048 0.0039 0.0046 0.0040 0.0051 0.0032 0.0052 0.0030 0.0065 0.8957 0.0036 0.0036 0.0042 0.0056 0.0071 0.0042 0.0028 0.0040 0.0050 0.0041 0.0032 0.0039 
      H539.7  1 0.0066 0.0047 0.0030 0.0044 0.0041 0.0042 0.0031 0.0042 0.0031 0.0053 0.0042 0.0036 0.9048 0.0031 0.0042 0.0040 0.0038 0.0044 0.0037 0.0036 0.0037 0.0037 0.0038 0.0036 0.0032 
      H539.8  1 0.0187 0.0122 0.0051 0.0061 0.0080 0.0069 0.0127 0.0112 0.0120 0.0043 0.0178 0.0043 0.7698 0.0031 0.0172 0.0075 0.0069 0.0054 0.0077 0.0057 0.0051 0.0044 0.0300 0.0069 0.0108 
      H539.9  1 0.0151 0.0049 0.0043 0.0048 0.0072 0.0048 0.0084 0.0031 0.0030 0.0054 0.0063 0.0093 0.8659 0.0067 0.0038 0.0068 0.0055 0.0048 0.0034 0.0034 0.0048 0.0024 0.0047 0.0075 0.0037 
      H540.1  1 0.0089 0.0081 0.0042 0.0072 0.0152 0.0094 0.0083 0.0062 0.0064 0.0151 0.0044 0.0062 0.7789 0.0115 0.0052 0.0196 0.0090 0.0077 0.0091 0.0055 0.0247 0.0049 0.0039 0.0142 0.0064 
      H540.2  1 0.0046 0.0044 0.0039 0.0061 0.0060 0.0056 0.0031 0.0050 0.0039 0.0080 0.0031 0.0031 0.8777 0.0071 0.0079 0.0081 0.0053 0.0046 0.0049 0.0045 0.0076 0.0052 0.0039 0.0041 0.0021 
      H540.3  1 0.0267 0.0150 0.0139 0.0080 0.0280 0.0303 0.1863 0.0271 0.0053 0.0563 0.0067 0.0043 0.3711 0.0125 0.0749 0.0140 0.0057 0.0054 0.0100 0.0118 0.0107 0.0160 0.0079 0.0399 0.0121 
      H540.4  1 0.0053 0.0058 0.0050 0.0086 0.0076 0.0060 0.0032 0.0070 0.0090 0.0071 0.0038 0.0034 0.8391 0.0097 0.0065 0.0064 0.0058 0.0069 0.0064 0.0040 0.0101 0.0088 0.0049 0.0149 0.0043 
      H540.5  1 0.0158 0.0074 0.0059 0.0072 0.0073 0.0194 0.0139 0.0050 0.0047 0.0083 0.0041 0.0062 0.7904 0.0137 0.0106 0.0152 0.0072 0.0041 0.0055 0.0059 0.0101 0.0067 0.0055 0.0107 0.0091 
      H540.6  1 0.0121 0.0104 0.0059 0.0214 0.0155 0.0136 0.0107 0.0082 0.0097 0.0114 0.0037 0.0107 0.7041 0.0189 0.0093 0.0188 0.0159 0.0052 0.0090 0.0079 0.0173 0.0080 0.0042 0.0291 0.0189 
      H540.7  1 0.0058 0.0051 0.0070 0.0086 0.0072 0.0057 0.0042 0.0033 0.0076 0.0076 0.0064 0.0069 0.8388 0.0080 0.0054 0.0119 0.0054 0.0054 0.0056 0.0106 0.0090 0.0073 0.0068 0.0059 0.0044 
      H540.8  1 0.0060 0.0059 0.0036 0.0038 0.0073 0.0117 0.0054 0.0075 0.0051 0.0075 0.0047 0.0038 0.8416 0.0076 0.0076 0.0150 0.0061 0.0063 0.0067 0.0079 0.0086 0.0057 0.0068 0.0054 0.0025 
     H9558.1  1 0.0068 0.0066 0.0059 0.0035 0.0029 0.0101 0.0076 0.0077 0.0087 0.0351 0.0063 0.0051 0.8215 0.0090 0.0058 0.0083 0.0093 0.0081 0.0043 0.0033 0.0034 0.0038 0.0048 0.0078 0.0040 
     H9558.2  1 0.0119 0.0110 0.0122 0.0090 0.0046 0.0116 0.0132 0.0065 0.0149 0.0331 0.0182 0.0148 0.7434 0.0221 0.0069 0.0091 0.0097 0.0060 0.0048 0.0035 0.0088 0.0036 0.0072 0.0077 0.0062 
     H9558.3  1 0.0072 0.0044 0.0091 0.0153 0.0068 0.0095 0.0085 0.0142 0.0085 0.0064 0.0106 0.0102 0.8073 0.0080 0.0097 0.0058 0.0115 0.0053 0.0057 0.0042 0.0089 0.0040 0.0088 0.0047 0.0053 
     H9558.4  1 0.0059 0.0047 0.0082 0.0032 0.0029 0.0057 0.0072 0.0043 0.0080 0.0182 0.0056 0.0045 0.8400 0.0102 0.0039 0.0143 0.0066 0.0105 0.0034 0.0031 0.0053 0.0033 0.0088 0.0084 0.0037 
     H9558.5  1 0.0114 0.0059 0.0056 0.0066 0.0107 0.0041 0.0205 0.0037 0.0048 0.0070 0.0126 0.0039 0.8363 0.0033 0.0071 0.0099 0.0034 0.0054 0.0024 0.0041 0.0065 0.0033 0.0059 0.0104 0.0052 
     H9558.6  1 0.0068 0.0060 0.0079 0.0080 0.0461 0.0152 0.0074 0.0151 0.0054 0.0191 0.0079 0.0506 0.7207 0.0055 0.0126 0.0079 0.0069 0.0053 0.0057 0.0045 0.0078 0.0056 0.0114 0.0071 0.0036 
    kos339.1  1 0.0098 0.0066 0.0088 0.0092 0.0074 0.0064 0.0050 0.0041 0.0109 0.0090 0.0042 0.0115 0.0051 0.0079 0.0037 0.0126 0.0045 0.0056 0.0031 0.8304 0.0132 0.0036 0.0059 0.0082 0.0033 
    kos339.2  1 0.0071 0.0051 0.0090 0.0070 0.0054 0.0052 0.0060 0.0036 0.0072 0.0029 0.0056 0.0075 0.0037 0.0082 0.0061 0.0031 0.0034 0.0047 0.0062 0.8615 0.0054 0.0052 0.0114 0.0040 0.0055 
    kos339.3  1 0.0030 0.0032 0.0069 0.0033 0.0055 0.0029 0.0035 0.0042 0.0056 0.0032 0.0034 0.0039 0.0045 0.0029 0.0038 0.0041 0.0032 0.0046 0.0043 0.9050 0.0045 0.0031 0.0046 0.0032 0.0034 
    kos339.4  1 0.0037 0.0039 0.0068 0.0038 0.0041 0.0040 0.0043 0.0038 0.0055 0.0032 0.0036 0.0045 0.0048 0.0029 0.0043 0.0034 0.0033 0.0061 0.0051 0.8972 0.0043 0.0048 0.0047 0.0036 0.0042 
    kos339.5  1 0.0040 0.0047 0.0041 0.0094 0.0053 0.0047 0.0027 0.0036 0.0057 0.0040 0.0043 0.0051 0.0045 0.0040 0.0050 0.0068 0.0037 0.0049 0.0038 0.8799 0.0122 0.0044 0.0036 0.0059 0.0037 
    kos339.6  1 0.0033 0.0033 0.0054 0.0075 0.0052 0.0049 0.0047 0.0033 0.0046 0.0036 0.0038 0.0048 0.0037 0.0030 0.0036 0.0040 0.0035 0.0033 0.0068 0.8937 0.0059 0.0049 0.0052 0.0038 0.0042 
    kos339.7  1 0.0045 0.0029 0.0061 0.0032 0.0055 0.0037 0.0036 0.0036 0.0073 0.0037 0.0036 0.0048 0.0035 0.0037 0.0035 0.0040 0.0032 0.0051 0.0048 0.9006 0.0045 0.0032 0.0051 0.0033 0.0029 
    kos339.8  1 0.0043 0.0055 0.0138 0.0044 0.0063 0.0040 0.0046 0.0041 0.0085 0.0032 0.0046 0.0043 0.0029 0.0039 0.0042 0.0042 0.0027 0.0046 0.0053 0.8725 0.0069 0.0034 0.0105 0.0056 0.0057 
    kos339.9  1 0.0043 0.0042 0.0048 0.0147 0.0041 0.0148 0.0046 0.0066 0.0081 0.0045 0.0057 0.0067 0.0118 0.0073 0.0065 0.0088 0.0049 0.0111 0.0055 0.8294 0.0080 0.0064 0.0081 0.0046 0.0042 
      H008.1  2 0.0089 0.0069 0.0065 0.0238 0.0052 0.0055 0.0035 0.0050 0.0066 0.0119 0.0083 0.1800 0.0271 0.0058 0.0058 0.0093 0.0086 0.0145 0.0047 0.0054 0.0062 0.0043 0.6251 0.0057 0.0055 
      H008.2  2 0.0048 0.0051 0.0048 0.0053 0.0052 0.0048 0.0058 0.0043 0.0046 0.0077 0.0053 0.0044 0.0117 0.0077 0.0039 0.0069 0.0053 0.0049 0.0038 0.0053 0.0040 0.0039 0.8698 0.0048 0.0060 
      H008.3  2 0.0052 0.0054 0.0038 0.0062 0.0064 0.0061 0.0050 0.0085 0.0090 0.0051 0.0073 0.0059 0.0112 0.0054 0.0080 0.0086 0.0116 0.0082 0.0054 0.0044 0.0039 0.0055 0.8323 0.0090 0.0125 
      H008.4  2 0.0064 0.0076 0.0073 0.0112 0.0048 0.0079 0.0109 0.0059 0.0045 0.0044 0.0041 0.0223 0.0128 0.0059 0.0077 0.0040 0.0106 0.0049 0.0073 0.0067 0.0051 0.0056 0.8176 0.0040 0.0107 
      H008.5  2 0.0050 0.0067 0.0041 0.0097 0.0041 0.0043 0.0037 0.0061 0.0087 0.0048 0.0050 0.0328 0.0080 0.0035 0.0063 0.0041 0.0083 0.0061 0.0042 0.0052 0.0048 0.0034 0.8418 0.0045 0.0047 
      H008.6  2 0.0049 0.0044 0.0057 0.0070 0.0041 0.0055 0.0071 0.0045 0.0041 0.0053 0.0054 0.0053 0.0084 0.0042 0.0045 0.0044 0.0056 0.0034 0.0039 0.0038 0.0046 0.0030 0.8846 0.0032 0.0032 
      H008.7  2 0.0076 0.0121 0.0058 0.0124 0.0046 0.0089 0.0093 0.0077 0.0069 0.0064 0.0080 0.0104 0.0090 0.0067 0.0090 0.0075 0.0074 0.0047 0.0064 0.0061 0.0051 0.0064 0.8114 0.0058 0.0143 
      H008.8  2 0.0238 0.0052 0.0067 0.0155 0.0068 0.0157 0.0056 0.0056 0.0060 0.0405 0.0054 0.0517 0.0806 0.1038 0.0073 0.0080 0.0118 0.0117 0.0071 0.0062 0.0079 0.0051 0.5455 0.0065 0.0099 
      H008.9  2 0.0087 0.0045 0.0038 0.0043 0.0046 0.0156 0.0112 0.0129 0.0050 0.0245 0.0142 0.0046 0.0124 0.0146 0.0076 0.0063 0.0062 0.0045 0.0083 0.0054 0.0047 0.0063 0.7974 0.0062 0.0064 
 H029.1_2002  2 0.0153 0.0685 0.0481 0.0191 0.0068 0.0114 0.0222 0.0399 0.0047 0.0276 0.0061 0.6040 0.0220 0.0230 0.0096 0.0087 0.0051 0.0051 0.0048 0.0044 0.0143 0.0050 0.0081 0.0065 0.0096 
 H029.1_2003  2 0.0392 0.5028 0.0104 0.0112 0.0124 0.0091 0.0096 0.0203 0.0170 0.0139 0.0072 0.0069 0.0087 0.0308 0.1065 0.0125 0.0065 0.0075 0.0092 0.0050 0.0128 0.0046 0.1166 0.0136 0.0058 
 H029.2_2002  2 0.0261 0.1108 0.0058 0.0059 0.0053 0.0195 0.0280 0.0059 0.0666 0.0037 0.0091 0.4396 0.0088 0.0069 0.0556 0.0177 0.0112 0.0066 0.0337 0.0378 0.0208 0.0048 0.0317 0.0121 0.0262 
 H029.2_2003  2 0.0467 0.4796 0.0046 0.0055 0.0114 0.0201 0.0146 0.0046 0.0900 0.0067 0.0069 0.0324 0.0066 0.0059 0.0285 0.0358 0.0112 0.0061 0.0134 0.0191 0.0162 0.0041 0.1086 0.0146 0.0068 
 H029.3_2002  2 0.0954 0.1159 0.0062 0.0064 0.0101 0.0089 0.1399 0.0051 0.2995 0.0079 0.0051 0.0817 0.0063 0.0236 0.0346 0.0087 0.0116 0.0099 0.0241 0.0255 0.0117 0.0039 0.0293 0.0143 0.0144 
 H029.3_2003  2 0.0111 0.5004 0.0067 0.0407 0.0106 0.0041 0.0060 0.0065 0.0226 0.0036 0.0177 0.2127 0.0065 0.0073 0.0190 0.0131 0.0050 0.0076 0.0077 0.0089 0.0080 0.0042 0.0512 0.0125 0.0065 
 H029.4_2002  2 0.0154 0.1742 0.0111 0.0135 0.0063 0.0032 0.0237 0.0078 0.0069 0.0054 0.0072 0.6026 0.0044 0.0115 0.0111 0.0066 0.0035 0.0120 0.0136 0.0061 0.0046 0.0051 0.0153 0.0139 0.0151 
 H029.4_2003  2 0.1641 0.3957 0.0102 0.0278 0.0151 0.0068 0.0212 0.0732 0.0082 0.0182 0.0107 0.0641 0.0235 0.0245 0.0165 0.0116 0.0098 0.0236 0.0057 0.0057 0.0060 0.0042 0.0197 0.0239 0.0103 
 H029.5_2002  2 0.0071 0.0893 0.0089 0.0234 0.0059 0.0045 0.0078 0.0285 0.0039 0.0090 0.0080 0.6957 0.0074 0.0083 0.0196 0.0074 0.0041 0.0044 0.0061 0.0049 0.0106 0.0066 0.0097 0.0053 0.0135 
 H029.5_2003  2 0.0526 0.4477 0.0079 0.0329 0.0068 0.0058 0.0102 0.0193 0.0071 0.0085 0.0064 0.1808 0.0056 0.0164 0.0155 0.0224 0.0043 0.0129 0.0074 0.0054 0.0051 0.0037 0.0995 0.0102 0.0055 
 H029.6_2002  2 0.0130 0.5855 0.0066 0.0055 0.0066 0.0045 0.0368 0.0047 0.0080 0.0047 0.0038 0.1859 0.0039 0.0356 0.0121 0.0054 0.0050 0.0081 0.0170 0.0055 0.0059 0.0047 0.0060 0.0096 0.0156 
 H029.6_2003  2 0.0354 0.1324 0.0054 0.0869 0.0175 0.0102 0.0082 0.0233 0.0434 0.0097 0.0154 0.2700 0.0160 0.0185 0.0698 0.0544 0.0072 0.0176 0.0181 0.0520 0.0262 0.0078 0.0311 0.0141 0.0094 
