      H105.1  1 0.0120 0.0117 0.0094 0.7206 0.0032 0.0111 0.0132 0.0119 0.0061 0.0148 0.0050 0.0291 0.0105 0.0052 0.0069 0.0421 0.0153 0.0251 0.0056 0.0211 0.0127 0.0074 
      H105.2  1 0.0263 0.0194 0.0104 0.2841 0.0159 0.0064 0.0113 0.0100 0.0096 0.4088 0.0106 0.0356 0.0221 0.0113 0.0102 0.0448 0.0112 0.0061 0.0094 0.0217 0.0044 0.0103 
      H105.3  1 0.0128 0.0062 0.0161 0.7907 0.0125 0.0062 0.0109 0.0131 0.0055 0.0075 0.0086 0.0098 0.0162 0.0064 0.0065 0.0121 0.0125 0.0054 0.0107 0.0110 0.0114 0.0078 
      H105.4  1 0.0103 0.0110 0.0116 0.4486 0.0986 0.0117 0.0104 0.0099 0.0166 0.0968 0.0164 0.0751 0.0073 0.0118 0.0073 0.0462 0.0250 0.0063 0.0248 0.0333 0.0107 0.0102 
      H105.5  1 0.0236 0.0106 0.0200 0.0534 0.0343 0.0309 0.0090 0.0969 0.0085 0.1162 0.0240 0.1070 0.0382 0.0140 0.0076 0.0827 0.0455 0.0314 0.0140 0.1980 0.0203 0.0138 
      H105.6  1 0.0040 0.0068 0.0118 0.7868 0.0227 0.0154 0.0072 0.0068 0.0041 0.0102 0.0131 0.0219 0.0065 0.0059 0.0042 0.0092 0.0091 0.0032 0.0132 0.0174 0.0126 0.0078 
      H105.7  1 0.0055 0.0071 0.0117 0.7814 0.0048 0.0084 0.0180 0.0092 0.0148 0.0215 0.0089 0.0341 0.0068 0.0032 0.0044 0.0078 0.0119 0.0110 0.0050 0.0121 0.0054 0.0071 
      H105.8  1 0.0080 0.0159 0.0063 0.7974 0.0090 0.0072 0.0248 0.0038 0.0049 0.0130 0.0045 0.0149 0.0102 0.0125 0.0078 0.0193 0.0075 0.0055 0.0043 0.0126 0.0044 0.0060 
      H115.1  1 0.0082 0.0138 0.0295 0.0096 0.0137 0.7254 0.0186 0.0056 0.0115 0.0094 0.0131 0.0104 0.0170 0.0092 0.0067 0.0135 0.0078 0.0167 0.0090 0.0165 0.0257 0.0091 
      H115.2  1 0.0058 0.0131 0.0069 0.0074 0.0086 0.8390 0.0076 0.0110 0.0068 0.0073 0.0055 0.0050 0.0085 0.0075 0.0090 0.0053 0.0039 0.0085 0.0053 0.0083 0.0096 0.0098 
      H115.3  1 0.0163 0.0089 0.0130 0.0119 0.1043 0.6044 0.0065 0.0454 0.0079 0.0267 0.0037 0.0089 0.0054 0.0227 0.0077 0.0049 0.0126 0.0153 0.0068 0.0287 0.0315 0.0069 
      H115.4  1 0.0330 0.0334 0.0288 0.0114 0.0106 0.0778 0.0093 0.1862 0.0083 0.0169 0.0052 0.0152 0.1418 0.1017 0.0070 0.0147 0.0139 0.0822 0.0124 0.1395 0.0426 0.0081 
      H115.5  1 0.0792 0.0173 0.0164 0.0211 0.0504 0.3643 0.0287 0.0288 0.0128 0.0138 0.0180 0.0178 0.0168 0.0227 0.0505 0.0123 0.0232 0.0376 0.0277 0.0695 0.0648 0.0063 
      H115.6  1 0.0191 0.0061 0.0239 0.0075 0.0458 0.4088 0.0129 0.1874 0.0180 0.0649 0.0069 0.0094 0.0106 0.0145 0.0161 0.0053 0.0123 0.0140 0.0045 0.0409 0.0393 0.0319 
      H115.7  1 0.0398 0.0118 0.0591 0.0065 0.0256 0.3509 0.0044 0.1068 0.0158 0.2017 0.0108 0.0083 0.0140 0.0116 0.0045 0.0072 0.0092 0.0301 0.0090 0.0422 0.0200 0.0107 
      H115.8  1 0.0316 0.0149 0.0209 0.0138 0.0143 0.6267 0.0334 0.0285 0.0130 0.0162 0.0053 0.0117 0.0084 0.0280 0.0467 0.0079 0.0072 0.0155 0.0040 0.0184 0.0220 0.0115 
      H115.9  1 0.0040 0.0064 0.0201 0.0050 0.0159 0.8056 0.0201 0.0050 0.0070 0.0044 0.0083 0.0166 0.0164 0.0057 0.0050 0.0078 0.0054 0.0126 0.0050 0.0086 0.0085 0.0066 
      H145.1  1 0.0031 0.0049 0.0189 0.0061 0.0180 0.0132 0.0100 0.0073 0.0033 0.0167 0.0105 0.0152 0.0057 0.0086 0.0566 0.0051 0.0087 0.0079 0.7265 0.0091 0.0158 0.0288 
      H145.2  1 0.0034 0.0035 0.0107 0.0075 0.0995 0.0060 0.0072 0.0067 0.0032 0.0215 0.0061 0.0083 0.0056 0.0060 0.0282 0.0070 0.0066 0.0085 0.7042 0.0286 0.0114 0.0105 
      H145.3  1 0.0084 0.0037 0.0091 0.0040 0.0075 0.0065 0.0255 0.0060 0.0054 0.0116 0.0062 0.0144 0.0045 0.0054 0.0924 0.0035 0.0057 0.0041 0.7475 0.0118 0.0043 0.0124 
      H145.4  1 0.0053 0.0047 0.0803 0.0056 0.0070 0.0065 0.0059 0.0065 0.0039 0.0302 0.0082 0.0223 0.0040 0.0093 0.0190 0.0048 0.0066 0.0063 0.7149 0.0091 0.0212 0.0183 
      H145.5  1 0.0086 0.0044 0.0086 0.0044 0.0072 0.0054 0.0082 0.0114 0.0038 0.0096 0.0080 0.0088 0.0034 0.0057 0.2975 0.0062 0.0057 0.0064 0.5470 0.0079 0.0087 0.0231 
      H145.6  1 0.0141 0.0046 0.0147 0.0049 0.0566 0.0036 0.0052 0.0061 0.0052 0.0483 0.0057 0.0108 0.0046 0.0110 0.0313 0.0053 0.0040 0.0081 0.7154 0.0245 0.0100 0.0059 
      H145.7  1 0.0217 0.0037 0.0151 0.0041 0.0096 0.0037 0.0079 0.0082 0.0034 0.0255 0.0036 0.0171 0.0031 0.0131 0.0085 0.0039 0.0046 0.0144 0.8029 0.0079 0.0095 0.0086 
      H149.1  1 0.0030 0.0037 0.0033 0.0034 0.0035 0.0043 0.0041 0.0041 0.0037 0.0035 0.0051 0.0039 0.0038 0.0035 0.0036 0.0027 0.0030 0.0031 0.0040 0.0033 0.9215 0.0058 
      H149.2  1 0.0048 0.0044 0.0090 0.0060 0.0055 0.0041 0.0049 0.0192 0.0035 0.0702 0.0061 0.0056 0.0047 0.0028 0.0034 0.0055 0.0096 0.0156 0.0121 0.0049 0.7910 0.0069 
      H149.3  1 0.0104 0.0139 0.0213 0.0110 0.0126 0.0064 0.0098 0.0396 0.0094 0.0458 0.0116 0.0091 0.0056 0.0052 0.0042 0.0118 0.0119 0.0353 0.0497 0.0066 0.6571 0.0116 
      H149.4  1 0.0041 0.0046 0.0045 0.0129 0.0069 0.0039 0.0046 0.0046 0.0114 0.0154 0.0082 0.0060 0.0030 0.0110 0.0084 0.0260 0.0050 0.0106 0.0042 0.0060 0.8278 0.0109 
      H149.5  1 0.0066 0.0062 0.0094 0.0129 0.0057 0.0035 0.0080 0.0144 0.0085 0.2944 0.0071 0.0100 0.0056 0.0063 0.0041 0.0209 0.0120 0.0659 0.0450 0.0061 0.4394 0.0082 
      H149.6  1 0.0035 0.0047 0.0064 0.0071 0.0047 0.0028 0.0036 0.0140 0.0074 0.1379 0.0068 0.0061 0.0051 0.0031 0.0037 0.0041 0.0072 0.0122 0.0092 0.0052 0.7390 0.0063 
      H149.7  1 0.0097 0.0124 0.0126 0.0215 0.0115 0.0038 0.0157 0.0123 0.0813 0.0802 0.0443 0.0073 0.0105 0.0140 0.0112 0.0476 0.0130 0.0257 0.0133 0.0152 0.5163 0.0205 
      H150.1  1 0.0048 0.0034 0.0055 0.0068 0.0131 0.8220 0.0078 0.0351 0.0049 0.0176 0.0046 0.0052 0.0041 0.0066 0.0077 0.0037 0.0057 0.0078 0.0050 0.0194 0.0028 0.0065 
      H150.2  1 0.0118 0.0066 0.0185 0.0155 0.0065 0.7298 0.0046 0.0316 0.0060 0.0365 0.0054 0.0043 0.0086 0.0146 0.0206 0.0048 0.0096 0.0137 0.0049 0.0216 0.0159 0.0084 
      H150.3  1 0.0097 0.0048 0.0315 0.0072 0.0063 0.7747 0.0092 0.0179 0.0084 0.0309 0.0090 0.0062 0.0070 0.0111 0.0089 0.0051 0.0079 0.0074 0.0045 0.0141 0.0057 0.0126 
      H150.4  1 0.0083 0.0038 0.0090 0.0050 0.0061 0.8669 0.0079 0.0084 0.0063 0.0076 0.0068 0.0078 0.0057 0.0053 0.0094 0.0042 0.0058 0.0052 0.0047 0.0076 0.0028 0.0054 
      H150.5  1 0.0174 0.0138 0.0216 0.0186 0.0160 0.6681 0.0080 0.0452 0.0113 0.0561 0.0055 0.0086 0.0043 0.0146 0.0050 0.0059 0.0163 0.0190 0.0063 0.0209 0.0083 0.0091 
      H150.6  1 0.0489 0.0139 0.0075 0.0597 0.0111 0.2108 0.0035 0.3021 0.0069 0.1359 0.0044 0.0049 0.0067 0.0195 0.0107 0.0058 0.0104 0.0291 0.0081 0.0804 0.0095 0.0102 
      H150.7  1 0.0053 0.0043 0.0088 0.0061 0.0184 0.8673 0.0051 0.0075 0.0035 0.0098 0.0034 0.0055 0.0053 0.0110 0.0067 0.0044 0.0053 0.0032 0.0035 0.0064 0.0037 0.0054 
   H169607.1  1 0.0246 0.0668 0.0307 0.0083 0.0379 0.0362 0.0180 0.0122 0.0177 0.1734 0.0110 0.0152 0.1258 0.0424 0.0222 0.0582 0.1350 0.0236 0.0695 0.0405 0.0060 0.0247 
   H169607.2  1 0.0077 0.0260 0.0348 0.0088 0.0215 0.0562 0.0466 0.0104 0.0119 0.0872 0.0064 0.2278 0.0216 0.0398 0.0042 0.0378 0.1054 0.0094 0.0935 0.0583 0.0092 0.0755 
   H169607.3  1 0.0198 0.0379 0.0181 0.0071 0.0365 0.0137 0.0466 0.0087 0.0261 0.3454 0.0094 0.0739 0.0155 0.0208 0.0137 0.0731 0.0594 0.0750 0.0429 0.0366 0.0043 0.0156 
   H169607.4  1 0.0058 0.0247 0.0101 0.0110 0.0466 0.0173 0.0078 0.0059 0.0069 0.0671 0.0070 0.1575 0.0144 0.0105 0.0058 0.0157 0.1334 0.0077 0.0681 0.0357 0.0039 0.3371 
   H169607.5  1 0.0092 0.0134 0.0137 0.0053 0.0315 0.1055 0.0367 0.0078 0.0090 0.2405 0.0047 0.0833 0.0107 0.0589 0.0094 0.0072 0.1330 0.0697 0.0519 0.0735 0.0114 0.0136 
   H169607.6  1 0.0094 0.0322 0.0089 0.0070 0.0136 0.0339 0.0192 0.0101 0.0068 0.1171 0.0059 0.3990 0.0265 0.0244 0.0044 0.0660 0.0839 0.0087 0.0370 0.0498 0.0085 0.0276 
   H169607.7  1 0.0138 0.0405 0.0275 0.0195 0.0131 0.0254 0.0573 0.0131 0.0074 0.0436 0.0041 0.1147 0.0269 0.2361 0.0063 0.0681 0.0633 0.0081 0.0285 0.1505 0.0109 0.0213 
   H169607.8  1 0.0084 0.0413 0.0147 0.0054 0.0155 0.0119 0.0146 0.0047 0.0092 0.0360 0.0064 0.3948 0.0132 0.0087 0.0042 0.0285 0.1453 0.0076 0.0247 0.0372 0.0043 0.1634 
   H169633.1  1 0.0194 0.0497 0.0257 0.0166 0.0084 0.0114 0.0059 0.0143 0.0158 0.0040 0.0081 0.0057 0.0092 0.0046 0.0182 0.0062 0.0053 0.0082 0.0214 0.0072 0.7286 0.0059 
   H169633.2  1 0.0140 0.0288 0.0117 0.0184 0.0060 0.0058 0.0082 0.0148 0.0659 0.0169 0.0095 0.0037 0.0374 0.0094 0.0128 0.0095 0.0037 0.0048 0.0279 0.0179 0.6678 0.0050 
   H169633.3  1 0.0067 0.0084 0.0126 0.0169 0.0048 0.0099 0.0140 0.0332 0.0107 0.0035 0.0256 0.0052 0.0077 0.0056 0.0067 0.0052 0.0063 0.0103 0.0104 0.0076 0.7830 0.0058 
   H169633.4  1 0.0122 0.0084 0.0137 0.0140 0.0183 0.0156 0.0066 0.0129 0.0048 0.0058 0.0070 0.0090 0.0072 0.0043 0.0154 0.0076 0.0067 0.0127 0.0101 0.0071 0.7926 0.0083 
   H169633.5  1 0.0114 0.0076 0.0145 0.0155 0.0187 0.0129 0.0063 0.0139 0.0050 0.0051 0.0072 0.0080 0.0069 0.0037 0.0139 0.0076 0.0061 0.0135 0.0112 0.0064 0.7974 0.0072 
   H169688.1  1 0.0418 0.6370 0.0090 0.0041 0.0035 0.0111 0.0079 0.0041 0.0449 0.0441 0.0222 0.0485 0.0057 0.0075 0.0044 0.0127 0.0093 0.0057 0.0376 0.0089 0.0154 0.0146 
   H169688.2  1 0.0132 0.7787 0.0040 0.0082 0.0039 0.0072 0.0093 0.0063 0.0576 0.0142 0.0123 0.0063 0.0043 0.0142 0.0070 0.0090 0.0044 0.0044 0.0079 0.0175 0.0052 0.0051 
   H169688.3  1 0.0088 0.7759 0.0103 0.0063 0.0047 0.0131 0.0046 0.0070 0.0181 0.0231 0.0094 0.0067 0.0078 0.0329 0.0056 0.0083 0.0060 0.0064 0.0096 0.0127 0.0139 0.0089 
   H169688.4  1 0.0124 0.5686 0.0076 0.0095 0.0083 0.2301 0.0066 0.0043 0.0196 0.0058 0.0073 0.0067 0.0052 0.0328 0.0141 0.0046 0.0049 0.0069 0.0134 0.0155 0.0076 0.0081 
   H169688.5  1 0.0091 0.5907 0.0098 0.0079 0.0091 0.1971 0.0056 0.0049 0.0161 0.0077 0.0064 0.0070 0.0061 0.0402 0.0170 0.0050 0.0050 0.0090 0.0124 0.0191 0.0084 0.0064 
   H169688.6  1 0.0138 0.6733 0.0046 0.0157 0.0072 0.0203 0.0045 0.0033 0.0316 0.0232 0.0075 0.0137 0.0039 0.0374 0.0304 0.0251 0.0056 0.0052 0.0350 0.0142 0.0166 0.0077 
   H169688.7  1 0.0173 0.6540 0.0111 0.0053 0.0089 0.0166 0.0134 0.0202 0.0114 0.0072 0.0148 0.0067 0.0104 0.0962 0.0132 0.0094 0.0052 0.0073 0.0188 0.0205 0.0119 0.0201 
   H171901.1  1 0.0075 0.0130 0.0079 0.0048 0.0222 0.0109 0.0098 0.0091 0.0063 0.7691 0.0093 0.0070 0.0087 0.0189 0.0378 0.0095 0.0064 0.0121 0.0066 0.0126 0.0052 0.0055 
   H171901.2  1 0.0042 0.0098 0.0067 0.0088 0.0106 0.0138 0.0082 0.0142 0.0059 0.0066 0.0059 0.0189 0.0045 0.0071 0.0069 0.0059 0.0092 0.0050 0.0083 0.0093 0.8164 0.0139 
   H171901.3  1 0.0111 0.0361 0.0058 0.0065 0.0261 0.0138 0.0075 0.0098 0.0485 0.0359 0.0081 0.0093 0.0064 0.0288 0.0060 0.0076 0.0056 0.0159 0.0085 0.0154 0.6769 0.0102 
   H171901.4  1 0.0066 0.0175 0.0056 0.0190 0.0111 0.0084 0.0062 0.0099 0.0101 0.0076 0.0047 0.0082 0.0092 0.0159 0.0064 0.0073 0.0106 0.0068 0.0087 0.0222 0.7906 0.0073 
   H171901.5  1 0.0044 0.0160 0.0057 0.0113 0.0246 0.0116 0.0082 0.0091 0.0169 0.0142 0.0074 0.0079 0.0110 0.0110 0.0056 0.0111 0.0216 0.0112 0.0095 0.0336 0.7202 0.0278 
   H171901.6  1 0.0048 0.0301 0.0068 0.0293 0.0389 0.0194 0.0084 0.0148 0.0269 0.0179 0.0144 0.0114 0.0118 0.0123 0.0054 0.0128 0.0446 0.0121 0.0161 0.0395 0.5481 0.0742 
   H171901.7  1 0.0079 0.0826 0.0057 0.0126 0.0135 0.0251 0.0195 0.0151 0.0354 0.0132 0.0109 0.0135 0.0053 0.0424 0.0064 0.0082 0.0059 0.0150 0.0332 0.0183 0.5934 0.0168 
   H171902.1  1 0.0118 0.0235 0.0043 0.0053 0.0121 0.0206 0.0112 0.0058 0.0085 0.0066 0.0105 0.0093 0.0252 0.0066 0.0449 0.0098 0.0101 0.0033 0.0106 0.0240 0.0067 0.7292 
  H171902.10  1 0.0103 0.0080 0.0048 0.0035 0.0072 0.0051 0.0041 0.0086 0.0049 0.0091 0.0043 0.0096 0.0063 0.0072 0.0071 0.0086 0.0040 0.0029 0.0049 0.0050 0.0105 0.8639 
   H171902.2  1 0.0840 0.0819 0.0075 0.0243 0.0090 0.0172 0.0481 0.0069 0.0382 0.0144 0.0147 0.0068 0.0154 0.0089 0.0543 0.0222 0.0173 0.0070 0.0089 0.1230 0.0129 0.3772 
   H171902.3  1 0.0106 0.0201 0.0070 0.0075 0.0076 0.0388 0.0099 0.0120 0.0095 0.0152 0.0087 0.0104 0.0163 0.0206 0.0115 0.0368 0.0141 0.0068 0.0095 0.0234 0.0593 0.6443 
   H171902.4  1 0.0064 0.0106 0.0155 0.0058 0.0062 0.0198 0.0077 0.0085 0.0064 0.0064 0.0081 0.0089 0.0040 0.0033 0.0314 0.0040 0.0039 0.0041 0.0066 0.0111 0.0714 0.7499 
   H171902.6  1 0.0066 0.0069 0.0047 0.0031 0.0084 0.0105 0.0038 0.0092 0.0044 0.0084 0.0052 0.0120 0.0058 0.0042 0.0074 0.0126 0.0045 0.0039 0.0054 0.0049 0.0085 0.8596 
   H171902.7  1 0.0040 0.0046 0.0100 0.0055 0.0108 0.0098 0.0036 0.0126 0.0060 0.0799 0.0047 0.0101 0.0046 0.0045 0.0282 0.0049 0.0140 0.0058 0.0064 0.0116 0.0173 0.7412 
   H171902.8  1 0.0097 0.0074 0.0050 0.0048 0.0102 0.0146 0.0044 0.0110 0.0067 0.0165 0.0062 0.0079 0.0083 0.0073 0.0133 0.0195 0.0108 0.0059 0.0051 0.0097 0.0113 0.8045 
   H171902.9  1 0.0074 0.0097 0.0136 0.0087 0.0134 0.1333 0.0090 0.0074 0.0073 0.0133 0.0088 0.0102 0.0046 0.0077 0.0487 0.0062 0.0076 0.0036 0.0104 0.0373 0.0069 0.6250 
   H171903.1  1 0.0059 0.0098 0.0084 0.0106 0.0116 0.0533 0.0169 0.0073 0.0082 0.0180 0.0062 0.6118 0.0222 0.0533 0.0041 0.0039 0.0274 0.0114 0.0245 0.0637 0.0126 0.0089 
   H171903.2  1 0.0057 0.0108 0.0101 0.0212 0.0133 0.0301 0.0412 0.0082 0.0094 0.0118 0.0081 0.5585 0.0214 0.0691 0.0126 0.0115 0.0236 0.0383 0.0258 0.0509 0.0067 0.0114 
   H171903.3  1 0.0057 0.0321 0.0103 0.0157 0.0168 0.0344 0.0313 0.0313 0.0188 0.0590 0.0196 0.1591 0.0613 0.0858 0.0191 0.0078 0.0484 0.0743 0.0179 0.2007 0.0206 0.0301 
   H171903.4  1 0.0110 0.0261 0.0113 0.0085 0.0242 0.0197 0.0064 0.0102 0.0305 0.6762 0.0133 0.0341 0.0055 0.0140 0.0074 0.0052 0.0145 0.0101 0.0147 0.0200 0.0065 0.0304 
   H171903.5  1 0.0088 0.1180 0.0067 0.0166 0.0085 0.0524 0.0269 0.0128 0.0231 0.0250 0.0224 0.0700 0.0636 0.0852 0.0122 0.0247 0.0411 0.2228 0.0171 0.0929 0.0358 0.0135 
   H171903.6  1 0.0090 0.2684 0.0065 0.0075 0.0149 0.0356 0.0187 0.0075 0.0143 0.0543 0.0106 0.1067 0.0075 0.0711 0.0045 0.0095 0.0885 0.0522 0.0146 0.1458 0.0408 0.0117 
      H177.1  1 0.0060 0.0212 0.0063 0.0050 0.0151 0.0244 0.0070 0.0115 0.1946 0.0648 0.0185 0.0329 0.0065 0.0164 0.0101 0.0187 0.0239 0.0112 0.0271 0.0480 0.2694 0.1615 
      H177.2  1 0.0166 0.0378 0.0171 0.0082 0.0187 0.0125 0.0625 0.0215 0.0182 0.0045 0.0098 0.0205 0.0108 0.0376 0.0145 0.1276 0.1510 0.0362 0.1710 0.0377 0.0931 0.0725 
      H177.3  1 0.0052 0.0345 0.0079 0.0051 0.1240 0.0177 0.0098 0.0259 0.0150 0.0088 0.0266 0.0163 0.0052 0.0215 0.0145 0.0601 0.0402 0.0244 0.0746 0.0545 0.3122 0.0959 
      H177.4  1 0.0048 0.0210 0.0066 0.0166 0.0118 0.0062 0.0081 0.0151 0.2550 0.0213 0.0160 0.0298 0.0069 0.0149 0.0081 0.0737 0.0450 0.0107 0.1360 0.0371 0.1837 0.0717 
      H177.5  1 0.0099 0.0435 0.0074 0.0315 0.0113 0.0122 0.0170 0.0190 0.5274 0.0193 0.0120 0.0285 0.0039 0.0188 0.0073 0.0067 0.0504 0.0311 0.0174 0.0516 0.0325 0.0415 
      H177.6  1 0.0029 0.0259 0.0075 0.0049 0.0961 0.0168 0.0120 0.0194 0.0089 0.0072 0.0251 0.0144 0.0077 0.0160 0.0154 0.0323 0.0212 0.0129 0.0306 0.0325 0.4644 0.1258 
      H179.1  1 0.0081 0.0431 0.0094 0.0185 0.0171 0.0075 0.0083 0.0062 0.0526 0.0075 0.0365 0.0050 0.0407 0.0160 0.0051 0.6428 0.0203 0.0086 0.0042 0.0230 0.0116 0.0080 
      H179.2  1 0.0061 0.0379 0.0265 0.0135 0.0092 0.0148 0.0109 0.0155 0.0321 0.0089 0.0324 0.0082 0.1223 0.0459 0.0051 0.4864 0.0565 0.0201 0.0076 0.0170 0.0095 0.0135 
      H179.3  1 0.0135 0.2683 0.0145 0.0120 0.0234 0.0177 0.0144 0.0047 0.1528 0.0120 0.0152 0.0134 0.0391 0.0886 0.0057 0.2152 0.0114 0.0309 0.0065 0.0266 0.0065 0.0076 
      H179.4  1 0.0222 0.0363 0.0108 0.0149 0.0079 0.0051 0.0135 0.0094 0.0416 0.0089 0.0444 0.0139 0.0288 0.1642 0.0040 0.3001 0.0296 0.0095 0.1487 0.0167 0.0370 0.0325 
      H180.1  1 0.0214 0.0205 0.0066 0.0164 0.0062 0.0295 0.0068 0.0438 0.0067 0.0096 0.0063 0.0104 0.0471 0.0332 0.0170 0.0189 0.0056 0.0224 0.0038 0.6385 0.0110 0.0182 
      H180.2  1 0.0454 0.0336 0.0047 0.0516 0.0141 0.0751 0.0055 0.0170 0.0099 0.0249 0.0099 0.0075 0.0070 0.0153 0.0248 0.0087 0.0131 0.0060 0.0044 0.5967 0.0084 0.0164 
      H180.3  1 0.0078 0.0057 0.0066 0.0107 0.0136 0.2197 0.0397 0.0067 0.0046 0.0055 0.0348 0.0126 0.0669 0.0258 0.0176 0.0043 0.0069 0.0148 0.0103 0.4744 0.0054 0.0056 
      H180.4  1 0.0293 0.0219 0.0071 0.1398 0.0075 0.0171 0.0133 0.0770 0.0128 0.0157 0.0110 0.0061 0.0054 0.0163 0.0260 0.0295 0.0089 0.0169 0.0065 0.4925 0.0187 0.0206 
      H180.5  1 0.0373 0.0293 0.0081 0.0262 0.0067 0.0744 0.0348 0.1974 0.0166 0.0101 0.0060 0.0149 0.0090 0.0253 0.0527 0.0175 0.0314 0.0095 0.0091 0.3530 0.0113 0.0194 
      H180.6  1 0.0310 0.0103 0.0130 0.0233 0.0145 0.0380 0.4719 0.0811 0.0078 0.0101 0.0085 0.0094 0.0088 0.0274 0.0545 0.0076 0.0114 0.0069 0.0262 0.1068 0.0158 0.0155 
      H181.1  1 0.1539 0.0572 0.0069 0.0095 0.0096 0.0098 0.0060 0.0375 0.0054 0.0156 0.0080 0.0571 0.0119 0.0050 0.0115 0.2232 0.0162 0.1424 0.0232 0.0385 0.1189 0.0326 
      H181.2  1 0.0824 0.0352 0.0114 0.0104 0.0073 0.0169 0.0069 0.1036 0.0108 0.0160 0.0079 0.0187 0.0124 0.0058 0.0175 0.3640 0.0101 0.0224 0.0375 0.0323 0.0405 0.1299 
      H181.3  1 0.2184 0.0402 0.0090 0.0098 0.0102 0.0084 0.0090 0.0351 0.0123 0.0227 0.0084 0.0205 0.0046 0.0079 0.0124 0.3077 0.0189 0.0100 0.0100 0.0557 0.0835 0.0853 
      H181.4  1 0.0743 0.0112 0.0139 0.0108 0.0103 0.0880 0.0151 0.0387 0.0183 0.0214 0.0214 0.0228 0.0064 0.0155 0.0042 0.0641 0.0478 0.2614 0.0535 0.0412 0.1242 0.0354 
      H181.5  1 0.0337 0.0095 0.0106 0.0059 0.0045 0.0068 0.0062 0.0223 0.0118 0.0140 0.0201 0.0101 0.0108 0.0048 0.0092 0.7738 0.0084 0.0085 0.0066 0.0067 0.0081 0.0078 
      H181.6  1 0.0092 0.0087 0.0098 0.0253 0.0080 0.0412 0.0074 0.0356 0.0126 0.0134 0.0074 0.0147 0.0460 0.0076 0.0049 0.6570 0.0085 0.0138 0.0082 0.0230 0.0122 0.0254 
      H181.7  1 0.0069 0.0068 0.0094 0.0089 0.0067 0.0102 0.0074 0.0070 0.0048 0.0108 0.0051 0.0079 0.0083 0.0068 0.0057 0.8316 0.0048 0.0079 0.0129 0.0105 0.0129 0.0068 
 H194.1_2004  1 0.0079 0.0127 0.0137 0.0116 0.0111 0.0329 0.0246 0.0482 0.0120 0.0283 0.0893 0.3598 0.0112 0.0267 0.0074 0.0039 0.0083 0.0095 0.0533 0.0683 0.0508 0.1082 
 H194.2_2004  1 0.0039 0.0091 0.0153 0.0049 0.0123 0.0075 0.0066 0.0335 0.0144 0.6541 0.0117 0.0251 0.0058 0.0064 0.0302 0.0052 0.0050 0.0098 0.0359 0.0181 0.0225 0.0629 
 H194.3_2004  1 0.0036 0.0127 0.0075 0.0091 0.0120 0.0058 0.0132 0.0106 0.0102 0.0096 0.4469 0.0410 0.0065 0.0049 0.0116 0.0100 0.0061 0.0056 0.0516 0.0117 0.1609 0.1488 
 H194.4_2004  1 0.0069 0.0083 0.0073 0.0073 0.0115 0.0090 0.0118 0.0184 0.0461 0.2905 0.0276 0.1010 0.0061 0.0073 0.0387 0.0072 0.0088 0.0051 0.1547 0.0102 0.1174 0.0987 
 H194.5_2004  1 0.0077 0.0085 0.0122 0.0208 0.0127 0.0135 0.0175 0.0129 0.0201 0.0457 0.3352 0.0632 0.0129 0.0177 0.0041 0.0142 0.0243 0.0103 0.0855 0.0560 0.1172 0.0877 
 H194.6_2004  1 0.0054 0.0095 0.0062 0.0073 0.0114 0.0146 0.0113 0.0128 0.1542 0.0588 0.3621 0.0222 0.0111 0.0104 0.0070 0.0087 0.0153 0.0070 0.1067 0.0200 0.1002 0.0379 
 H194.7_2004  1 0.0086 0.0057 0.0164 0.0092 0.0042 0.0112 0.1167 0.0148 0.0154 0.0424 0.1108 0.4933 0.0065 0.0278 0.0077 0.0035 0.0165 0.0207 0.0178 0.0155 0.0267 0.0085 
 H194.8_2004  1 0.0079 0.0077 0.0085 0.0090 0.0097 0.0155 0.0129 0.0154 0.1030 0.3105 0.0879 0.0179 0.0063 0.0125 0.0115 0.0091 0.0102 0.0107 0.2142 0.0145 0.0893 0.0158 
      H194.9  1 0.0089 0.0093 0.0120 0.0139 0.0122 0.0631 0.1223 0.0342 0.0249 0.0325 0.1846 0.2571 0.0087 0.0135 0.0137 0.0058 0.0162 0.0135 0.0493 0.0380 0.0490 0.0173 
 H195.1_2003  1 0.0104 0.0093 0.0050 0.1408 0.0106 0.0065 0.0070 0.0346 0.0307 0.0240 0.0115 0.0085 0.0131 0.0210 0.0040 0.0095 0.0170 0.0108 0.5706 0.0181 0.0235 0.0136 
 H195.1_2004  1 0.0161 0.0103 0.0080 0.0049 0.0066 0.0045 0.0044 0.0362 0.0048 0.0047 0.0079 0.0047 0.0028 0.0050 0.0080 0.0040 0.0043 0.0067 0.8191 0.0057 0.0225 0.0088 
 H195.2_2003  1 0.0039 0.0190 0.0079 0.0207 0.0085 0.0163 0.0130 0.0063 0.0109 0.0058 0.0066 0.0200 0.0108 0.0080 0.0054 0.0047 0.0210 0.0042 0.7713 0.0142 0.0086 0.0127 
 H195.2_2004  1 0.0098 0.0053 0.0084 0.0072 0.0038 0.0054 0.0076 0.0112 0.0069 0.0051 0.0053 0.0074 0.0037 0.0042 0.0157 0.0046 0.0077 0.0046 0.8557 0.0058 0.0080 0.0066 
 H195.3_2003  1 0.0088 0.0243 0.0057 0.1146 0.0143 0.0956 0.0108 0.0089 0.0421 0.0272 0.0135 0.0208 0.0069 0.0227 0.0063 0.0054 0.0520 0.0079 0.4623 0.0268 0.0066 0.0163 
 H195.3_2004  1 0.0069 0.0051 0.0085 0.0059 0.0041 0.0039 0.0036 0.0141 0.0048 0.0070 0.0059 0.0084 0.0041 0.0042 0.0084 0.0037 0.0049 0.0052 0.8429 0.0054 0.0301 0.0131 
 H195.4_2003  1 0.0043 0.0054 0.0070 0.0149 0.0074 0.0062 0.0048 0.0329 0.0072 0.0090 0.0101 0.0050 0.0104 0.0091 0.0029 0.0076 0.0099 0.0071 0.8081 0.0089 0.0125 0.0094 
 H195.4_2004  1 0.0142 0.0066 0.0051 0.0035 0.0052 0.0032 0.0070 0.0063 0.0102 0.0037 0.0051 0.0089 0.0036 0.0038 0.0042 0.0038 0.0037 0.0048 0.8831 0.0047 0.0049 0.0045 
 H195.5_2003  1 0.0181 0.0098 0.0072 0.2375 0.0123 0.0092 0.0059 0.0688 0.0210 0.0310 0.0113 0.0085 0.0079 0.0166 0.0038 0.0075 0.0133 0.0087 0.4530 0.0178 0.0154 0.0155 
 H195.5_2004  1 0.0076 0.0055 0.0068 0.0053 0.0053 0.0039 0.0042 0.0068 0.0033 0.0034 0.0054 0.0064 0.0034 0.0029 0.0088 0.0035 0.0034 0.0043 0.8929 0.0038 0.0070 0.0061 
 H195.6_2003  1 0.0058 0.0118 0.0058 0.0234 0.0073 0.0226 0.0057 0.0058 0.0052 0.0058 0.0050 0.0179 0.0056 0.0069 0.0051 0.0036 0.0120 0.0042 0.8194 0.0069 0.0039 0.0105 
 H195.6_2004  1 0.0048 0.0036 0.0057 0.0070 0.0039 0.0030 0.0058 0.0082 0.0056 0.0049 0.0077 0.0075 0.0041 0.0042 0.0100 0.0067 0.0035 0.0033 0.8825 0.0037 0.0068 0.0075 
 H195.7_2003  1 0.0062 0.0218 0.0099 0.0132 0.0078 0.0058 0.0094 0.0172 0.0526 0.0153 0.0090 0.0057 0.0098 0.0122 0.0036 0.0076 0.0180 0.0099 0.7304 0.0120 0.0120 0.0105 
 H195.7_2004  1 0.0100 0.0067 0.0058 0.0055 0.0061 0.0066 0.0043 0.0078 0.0044 0.0040 0.0049 0.0039 0.0035 0.0043 0.0375 0.0048 0.0043 0.0048 0.8551 0.0053 0.0051 0.0053 
      H195.8  1 0.0238 0.0063 0.0056 0.0055 0.0059 0.0045 0.0053 0.0134 0.0061 0.0042 0.0054 0.0092 0.0031 0.0042 0.0069 0.0037 0.0044 0.0041 0.8642 0.0049 0.0045 0.0048 
      H195.9  1 0.0068 0.0058 0.0082 0.0046 0.0048 0.0045 0.0070 0.0088 0.0060 0.0039 0.0055 0.0116 0.0035 0.0043 0.0041 0.0036 0.0076 0.0045 0.8737 0.0040 0.0110 0.0063 
      H415.1  1 0.0059 0.0082 0.0216 0.0090 0.0093 0.1566 0.0266 0.0165 0.0171 0.0256 0.0126 0.0061 0.3894 0.0122 0.0584 0.0081 0.0056 0.0079 0.0117 0.0142 0.1342 0.0430 
      H415.2  1 0.0027 0.0140 0.0112 0.0065 0.0171 0.0192 0.0049 0.0050 0.0091 0.0071 0.0192 0.0056 0.0362 0.0055 0.0092 0.0079 0.0070 0.0077 0.0056 0.0217 0.0129 0.7647 
      H415.3  1 0.0029 0.0121 0.0167 0.0096 0.0062 0.0100 0.0048 0.0210 0.0126 0.0093 0.0072 0.0029 0.6037 0.0232 0.0095 0.0203 0.0186 0.0124 0.0111 0.0162 0.1207 0.0490 
      H415.4  1 0.0085 0.0038 0.0145 0.0075 0.0112 0.0760 0.0252 0.0352 0.0086 0.0231 0.0117 0.0046 0.6472 0.0049 0.0185 0.0042 0.0096 0.0133 0.0075 0.0146 0.0239 0.0263 
      H415.5  1 0.0044 0.0058 0.0101 0.0064 0.0057 0.0058 0.0041 0.0338 0.0086 0.0185 0.0161 0.0031 0.5780 0.0164 0.0126 0.0102 0.0105 0.0113 0.0116 0.0196 0.1161 0.0915 
      H415.6  1 0.0070 0.0041 0.0208 0.0086 0.0093 0.0704 0.0252 0.0406 0.0088 0.0242 0.0142 0.0057 0.6365 0.0063 0.0196 0.0047 0.0079 0.0099 0.0123 0.0135 0.0216 0.0289 
      H415.7  1 0.0043 0.0553 0.0137 0.0079 0.0142 0.0130 0.0078 0.0107 0.0154 0.0075 0.0135 0.0052 0.2981 0.0224 0.0179 0.0174 0.0549 0.0114 0.0300 0.0194 0.0408 0.3193 
      H506.1  1 0.0066 0.0065 0.0065 0.0086 0.0045 0.0029 0.0053 0.0030 0.0061 0.0036 0.0122 0.0032 0.0173 0.0041 0.0047 0.8571 0.0114 0.0042 0.0079 0.0052 0.0147 0.0043 
      H506.2  1 0.0033 0.0058 0.0066 0.0041 0.0052 0.0027 0.0038 0.0045 0.0042 0.0032 0.0059 0.0046 0.0048 0.0035 0.0046 0.8904 0.0069 0.0045 0.0075 0.0041 0.0148 0.0050 
      H506.3  1 0.0242 0.1234 0.0092 0.0189 0.0061 0.0052 0.0102 0.0059 0.0119 0.0051 0.0268 0.0058 0.0237 0.0161 0.0483 0.5768 0.0244 0.0140 0.0100 0.0115 0.0138 0.0087 
      H506.4  1 0.0093 0.0176 0.0110 0.0128 0.0117 0.0068 0.0098 0.0046 0.0108 0.0069 0.0193 0.0082 0.0258 0.0110 0.0119 0.7395 0.0323 0.0102 0.0075 0.0121 0.0137 0.0073 
      H506.5  1 0.0038 0.0106 0.0044 0.0081 0.0066 0.0027 0.0045 0.0029 0.0061 0.0032 0.0068 0.0051 0.0171 0.0040 0.0063 0.8473 0.0127 0.0041 0.0101 0.0042 0.0235 0.0058 
      H506.6  1 0.0148 0.1832 0.0127 0.0151 0.0501 0.0050 0.0074 0.0037 0.0315 0.0042 0.0115 0.0170 0.0091 0.0158 0.0319 0.4796 0.0299 0.0165 0.0189 0.0214 0.0066 0.0142 
      H506.7  1 0.0044 0.0095 0.0059 0.0056 0.0047 0.0028 0.0065 0.0037 0.0045 0.0032 0.0071 0.0041 0.0123 0.0047 0.0056 0.8615 0.0078 0.0035 0.0097 0.0049 0.0213 0.0066 
      H533.1  1 0.0052 0.0039 0.0048 0.0046 0.0040 0.0028 0.0036 0.0032 0.0034 0.0031 0.0047 0.0028 0.0050 0.0071 0.0046 0.9047 0.0036 0.0062 0.0050 0.0038 0.0109 0.0030 
      H533.2  1 0.0048 0.0045 0.0052 0.0036 0.0048 0.0026 0.0042 0.0034 0.0033 0.0031 0.0047 0.0035 0.0058 0.0063 0.0083 0.8890 0.0039 0.0050 0.0044 0.0044 0.0214 0.0039 
      H533.3  1 0.0054 0.0091 0.0057 0.0038 0.0102 0.0041 0.0070 0.0039 0.0042 0.0046 0.0057 0.0052 0.0082 0.0141 0.0055 0.8329 0.0105 0.0220 0.0051 0.0090 0.0181 0.0058 
      H533.4  1 0.0149 0.0113 0.0107 0.0072 0.0275 0.0068 0.0052 0.0059 0.0072 0.0155 0.0064 0.0088 0.0132 0.0992 0.0091 0.5582 0.0074 0.0090 0.0429 0.0243 0.0974 0.0122 
      H535.1  1 0.0034 0.0064 0.0044 0.0071 0.0123 0.0124 0.0055 0.0116 0.0130 0.0058 0.0754 0.0085 0.0135 0.0079 0.0045 0.0184 0.0299 0.0097 0.6856 0.0203 0.0166 0.0276 
      H535.2  1 0.0074 0.0062 0.0041 0.0108 0.0046 0.0056 0.0094 0.0109 0.0105 0.0064 0.0093 0.0053 0.0061 0.0055 0.0035 0.0328 0.0114 0.0107 0.8080 0.0111 0.0123 0.0081 
      H535.3  1 0.0112 0.0051 0.0040 0.0123 0.0083 0.0053 0.0084 0.0074 0.0088 0.0058 0.0107 0.0053 0.0050 0.0042 0.0045 0.0231 0.0131 0.0070 0.8211 0.0128 0.0104 0.0061 
      H535.4  1 0.0075 0.0037 0.0050 0.0087 0.0037 0.0044 0.0035 0.0082 0.0031 0.0032 0.0073 0.0036 0.0130 0.0062 0.0032 0.0043 0.0059 0.0039 0.8827 0.0051 0.0107 0.0032 
      H535.5  1 0.0047 0.0037 0.0038 0.0050 0.0034 0.0048 0.0048 0.0045 0.0056 0.0029 0.0084 0.0045 0.0090 0.0074 0.0034 0.0052 0.0075 0.0051 0.8814 0.0050 0.0147 0.0051 
      H535.6  1 0.0048 0.0062 0.0057 0.0045 0.0101 0.0133 0.0051 0.0182 0.0362 0.0105 0.0519 0.0081 0.0079 0.0046 0.0047 0.0168 0.0149 0.0118 0.7239 0.0145 0.0042 0.0222 
      H535.7  1 0.0038 0.0036 0.0037 0.0051 0.0056 0.0039 0.0040 0.0033 0.0055 0.0027 0.0083 0.0045 0.0073 0.0059 0.0048 0.0050 0.0049 0.0048 0.8938 0.0052 0.0097 0.0046 
      H535.8  1 0.0048 0.0041 0.0040 0.0069 0.0055 0.0045 0.0039 0.0044 0.0132 0.0059 0.0099 0.0040 0.0063 0.0045 0.0036 0.0061 0.0069 0.0052 0.8821 0.0046 0.0042 0.0054 
      H535.9  1 0.0046 0.0072 0.0047 0.0100 0.0132 0.0172 0.0048 0.0128 0.0078 0.0046 0.0099 0.0051 0.0064 0.0051 0.0061 0.0143 0.0111 0.0065 0.8154 0.0119 0.0114 0.0101 
      H539.1  1 0.0025 0.0032 0.0033 0.0029 0.0085 0.9178 0.0037 0.0038 0.0028 0.0038 0.0038 0.0070 0.0043 0.0029 0.0043 0.0035 0.0036 0.0028 0.0035 0.0045 0.0032 0.0044 
      H539.2  1 0.0248 0.0315 0.0055 0.0067 0.0059 0.6869 0.0105 0.0082 0.0120 0.0111 0.0074 0.0142 0.0088 0.0662 0.0076 0.0058 0.0062 0.0135 0.0080 0.0398 0.0058 0.0136 
      H539.3  1 0.0081 0.0067 0.0042 0.0061 0.0067 0.8282 0.0081 0.0038 0.0126 0.0183 0.0089 0.0245 0.0032 0.0085 0.0082 0.0038 0.0049 0.0049 0.0100 0.0071 0.0040 0.0090 
      H539.4  1 0.0051 0.0190 0.0041 0.0061 0.0081 0.8580 0.0075 0.0037 0.0047 0.0039 0.0035 0.0059 0.0051 0.0076 0.0130 0.0058 0.0051 0.0090 0.0039 0.0094 0.0035 0.0080 
      H539.5  1 0.0030 0.0028 0.0039 0.0025 0.0051 0.9174 0.0054 0.0035 0.0029 0.0047 0.0038 0.0070 0.0037 0.0045 0.0045 0.0029 0.0046 0.0035 0.0030 0.0036 0.0034 0.0043 
      H539.6  1 0.0038 0.0037 0.0049 0.0033 0.0066 0.9018 0.0086 0.0040 0.0040 0.0061 0.0044 0.0049 0.0041 0.0060 0.0038 0.0034 0.0052 0.0038 0.0044 0.0055 0.0031 0.0045 
      H539.7  1 0.0031 0.0054 0.0046 0.0038 0.0066 0.9129 0.0029 0.0041 0.0051 0.0058 0.0042 0.0041 0.0034 0.0040 0.0038 0.0028 0.0037 0.0036 0.0031 0.0046 0.0039 0.0047 
      H539.8  1 0.0108 0.0067 0.0063 0.0154 0.0054 0.8106 0.0046 0.0054 0.0131 0.0143 0.0200 0.0090 0.0046 0.0070 0.0148 0.0051 0.0075 0.0104 0.0110 0.0084 0.0053 0.0045 
      H539.9  1 0.0040 0.0078 0.0051 0.0050 0.0059 0.8915 0.0072 0.0027 0.0048 0.0030 0.0040 0.0063 0.0044 0.0061 0.0100 0.0037 0.0042 0.0074 0.0038 0.0043 0.0030 0.0055 
      H540.1  1 0.0057 0.0107 0.0067 0.0043 0.0144 0.7996 0.0062 0.0064 0.0061 0.0085 0.0058 0.0110 0.0040 0.0098 0.0065 0.0087 0.0275 0.0184 0.0082 0.0112 0.0057 0.0148 
      H540.2  1 0.0025 0.0044 0.0063 0.0032 0.0083 0.8873 0.0033 0.0050 0.0044 0.0051 0.0066 0.0056 0.0039 0.0049 0.0032 0.0064 0.0092 0.0074 0.0035 0.0057 0.0036 0.0102 
      H540.3  1 0.0076 0.0420 0.0117 0.0059 0.0387 0.3962 0.0040 0.0186 0.0173 0.0312 0.0845 0.0061 0.0120 0.0065 0.2073 0.0066 0.0165 0.0305 0.0072 0.0099 0.0102 0.0298 
      H540.4  1 0.0046 0.0082 0.0072 0.0049 0.0065 0.8597 0.0039 0.0090 0.0083 0.0079 0.0069 0.0048 0.0044 0.0048 0.0032 0.0135 0.0122 0.0076 0.0058 0.0068 0.0036 0.0060 
      H540.5  1 0.0064 0.0101 0.0067 0.0040 0.0092 0.8293 0.0060 0.0064 0.0096 0.0057 0.0098 0.0091 0.0068 0.0074 0.0135 0.0105 0.0080 0.0083 0.0043 0.0065 0.0079 0.0146 
      H540.6  1 0.0197 0.0152 0.0171 0.0036 0.0092 0.7405 0.0104 0.0130 0.0090 0.0105 0.0098 0.0183 0.0064 0.0096 0.0109 0.0180 0.0215 0.0158 0.0073 0.0071 0.0088 0.0182 
      H540.7  1 0.0039 0.0065 0.0071 0.0048 0.0083 0.8587 0.0066 0.0079 0.0046 0.0042 0.0042 0.0054 0.0074 0.0075 0.0040 0.0088 0.0076 0.0099 0.0048 0.0075 0.0106 0.0097 
      H540.8  1 0.0026 0.0057 0.0041 0.0040 0.0098 0.8354 0.0052 0.0076 0.0055 0.0104 0.0083 0.0072 0.0053 0.0083 0.0050 0.0064 0.0097 0.0129 0.0039 0.0172 0.0110 0.0145 
     H9558.1  1 0.0048 0.0073 0.0032 0.0059 0.0300 0.8410 0.0052 0.0044 0.0062 0.0076 0.0080 0.0087 0.0067 0.0088 0.0083 0.0088 0.0042 0.0041 0.0062 0.0071 0.0028 0.0106 
     H9558.2  1 0.0084 0.0113 0.0058 0.0179 0.0302 0.7753 0.0159 0.0039 0.0115 0.0076 0.0075 0.0093 0.0149 0.0062 0.0098 0.0217 0.0082 0.0044 0.0062 0.0065 0.0039 0.0135 
     H9558.3  1 0.0052 0.0057 0.0081 0.0153 0.0066 0.8284 0.0114 0.0051 0.0049 0.0149 0.0090 0.0128 0.0112 0.0041 0.0084 0.0080 0.0095 0.0054 0.0065 0.0094 0.0038 0.0062 
     H9558.4  1 0.0044 0.0095 0.0032 0.0056 0.0204 0.8513 0.0051 0.0034 0.0059 0.0048 0.0048 0.0066 0.0125 0.0123 0.0076 0.0077 0.0046 0.0043 0.0057 0.0084 0.0028 0.0093 
     H9558.5  1 0.0048 0.0106 0.0051 0.0112 0.0061 0.8582 0.0036 0.0040 0.0071 0.0037 0.0061 0.0034 0.0085 0.0071 0.0182 0.0036 0.0053 0.0101 0.0046 0.0061 0.0035 0.0092 
     H9558.6  1 0.0035 0.0054 0.0063 0.0076 0.0175 0.7442 0.0526 0.0061 0.0063 0.0122 0.0127 0.0065 0.0065 0.0057 0.0087 0.0049 0.0067 0.0438 0.0061 0.0104 0.0040 0.0225 
    kos339.1  1 0.0047 0.0071 0.0084 0.0042 0.0086 0.0041 0.0180 0.0044 0.0064 0.0046 0.0044 0.0042 0.0080 0.0122 0.0044 0.0090 0.0129 0.0071 0.0049 0.0059 0.8481 0.0084 
    kos339.2  1 0.0076 0.0047 0.0110 0.0061 0.0035 0.0047 0.0147 0.0056 0.0046 0.0043 0.0072 0.0036 0.0075 0.0059 0.0064 0.0086 0.0054 0.0079 0.0074 0.0041 0.8656 0.0036 
    kos339.3  1 0.0032 0.0032 0.0041 0.0039 0.0030 0.0048 0.0044 0.0037 0.0031 0.0039 0.0038 0.0033 0.0060 0.0064 0.0034 0.0035 0.0050 0.0054 0.0051 0.0044 0.9136 0.0031 
    kos339.4  1 0.0039 0.0039 0.0051 0.0040 0.0032 0.0044 0.0043 0.0046 0.0037 0.0054 0.0040 0.0030 0.0081 0.0059 0.0040 0.0045 0.0047 0.0060 0.0049 0.0048 0.9038 0.0038 
    kos339.5  1 0.0043 0.0041 0.0073 0.0044 0.0055 0.0045 0.0065 0.0046 0.0045 0.0038 0.0047 0.0036 0.0053 0.0060 0.0029 0.0055 0.0084 0.0047 0.0033 0.0049 0.8953 0.0060 
    kos339.6  1 0.0045 0.0034 0.0070 0.0039 0.0032 0.0035 0.0036 0.0049 0.0035 0.0034 0.0048 0.0040 0.0049 0.0043 0.0043 0.0039 0.0047 0.0048 0.0040 0.0044 0.9110 0.0040 
    kos339.7  1 0.0028 0.0035 0.0042 0.0028 0.0032 0.0032 0.0071 0.0038 0.0034 0.0044 0.0046 0.0027 0.0049 0.0060 0.0040 0.0061 0.0044 0.0047 0.0076 0.0048 0.9080 0.0036 
    kos339.8  1 0.0054 0.0054 0.0059 0.0058 0.0035 0.0035 0.0045 0.0042 0.0052 0.0037 0.0051 0.0028 0.0124 0.0059 0.0058 0.0064 0.0080 0.0077 0.0045 0.0049 0.8850 0.0042 
    kos339.9  1 0.0044 0.0034 0.0132 0.0061 0.0042 0.0122 0.0069 0.0075 0.0040 0.0051 0.0050 0.0050 0.0048 0.0095 0.0047 0.0082 0.0080 0.0052 0.0069 0.0054 0.8608 0.0096 
      H008.1  2 0.0108 0.0116 0.0351 0.0135 0.0095 0.0878 0.6836 0.0097 0.0083 0.0065 0.0119 0.0069 0.0064 0.0142 0.0057 0.0092 0.0069 0.0109 0.0091 0.0214 0.0083 0.0127 
      H008.2  2 0.0385 0.0297 0.0148 0.3052 0.0273 0.1606 0.0698 0.0049 0.0146 0.0222 0.0119 0.0409 0.0096 0.0333 0.0260 0.0513 0.0098 0.0230 0.0107 0.0283 0.0150 0.0526 
      H008.3  2 0.0972 0.0214 0.0435 0.1001 0.0196 0.0519 0.0537 0.0129 0.0202 0.0934 0.0458 0.0472 0.0073 0.0946 0.0316 0.0511 0.0148 0.0243 0.0351 0.1018 0.0140 0.0185 
      H008.4  2 0.0142 0.0096 0.0626 0.0269 0.0129 0.0730 0.5263 0.0075 0.0174 0.0338 0.0285 0.0155 0.0231 0.0084 0.0332 0.0167 0.0089 0.0126 0.0141 0.0149 0.0085 0.0315 
      H008.5  2 0.0131 0.0096 0.0296 0.0357 0.0084 0.0147 0.6470 0.0062 0.0284 0.0484 0.0205 0.0200 0.0080 0.0152 0.0178 0.0107 0.0079 0.0122 0.0097 0.0154 0.0112 0.0105 
      H008.6  2 0.0082 0.0094 0.0368 0.2666 0.0415 0.0659 0.1330 0.0054 0.0214 0.0302 0.0205 0.0359 0.0149 0.0167 0.0426 0.0315 0.0220 0.0233 0.0109 0.0279 0.0073 0.1279 
      H008.7  2 0.0819 0.0219 0.0222 0.0826 0.0341 0.0683 0.2712 0.0119 0.0303 0.0397 0.0259 0.0142 0.0168 0.0122 0.0647 0.0232 0.0137 0.0087 0.0217 0.0530 0.0122 0.0698 
      H008.8  2 0.0218 0.0128 0.0147 0.0144 0.0535 0.4293 0.1337 0.0082 0.0090 0.0064 0.0105 0.0181 0.0089 0.0193 0.0092 0.1070 0.0125 0.0104 0.0383 0.0376 0.0081 0.0163 
      H008.9  2 0.0149 0.0113 0.0137 0.1903 0.1444 0.0498 0.0142 0.0104 0.0121 0.0615 0.0431 0.0367 0.0064 0.0174 0.1377 0.0578 0.0141 0.0165 0.0333 0.0329 0.0066 0.0748 
 H029.1_2002  2 0.0116 0.0095 0.0104 0.0064 0.0332 0.0290 0.5956 0.0056 0.0874 0.0397 0.0109 0.0051 0.0552 0.0054 0.0265 0.0138 0.0165 0.0070 0.0037 0.0101 0.0052 0.0122 
 H029.1_2003  2 0.0067 0.0231 0.0097 0.0093 0.0171 0.0120 0.0111 0.0059 0.6184 0.0132 0.1036 0.0077 0.0107 0.0071 0.0123 0.0306 0.0137 0.0150 0.0179 0.0391 0.0050 0.0108 
 H029.2_2002  2 0.0211 0.0188 0.0061 0.0119 0.0043 0.0077 0.4587 0.0052 0.1332 0.0067 0.0408 0.0104 0.0058 0.0071 0.0291 0.0224 0.0185 0.0070 0.0833 0.0255 0.0546 0.0220 
 H029.2_2003  2 0.0056 0.0216 0.0049 0.0200 0.0067 0.0071 0.0428 0.0041 0.5932 0.0049 0.0196 0.0103 0.0049 0.0073 0.0159 0.0157 0.0191 0.0162 0.0547 0.0495 0.0359 0.0400 
 H029.3_2002  2 0.0257 0.0473 0.0073 0.0079 0.0073 0.0066 0.0967 0.0043 0.1692 0.0052 0.0390 0.0134 0.0094 0.0130 0.1413 0.1448 0.0170 0.0240 0.1417 0.0373 0.0312 0.0101 
 H029.3_2003  2 0.0056 0.0165 0.0139 0.0546 0.0037 0.0076 0.2270 0.0059 0.5401 0.0099 0.0193 0.0049 0.0051 0.0082 0.0067 0.0166 0.0080 0.0105 0.0102 0.0076 0.0081 0.0098 
 H029.4_2002  2 0.0158 0.0282 0.0164 0.0086 0.0051 0.0044 0.6262 0.0061 0.1713 0.0086 0.0098 0.0047 0.0107 0.0108 0.0205 0.0119 0.0046 0.0052 0.0087 0.0106 0.0078 0.0040 
 H029.4_2003  2 0.0074 0.1837 0.0090 0.0140 0.0138 0.0198 0.0750 0.0038 0.4278 0.0556 0.0134 0.0079 0.0089 0.0180 0.0241 0.0175 0.0071 0.0102 0.0075 0.0634 0.0058 0.0063 
 H029.5_2002  2 0.0108 0.0071 0.0096 0.0089 0.0074 0.0061 0.7356 0.0062 0.0856 0.0265 0.0199 0.0046 0.0146 0.0047 0.0066 0.0064 0.0105 0.0066 0.0035 0.0071 0.0064 0.0051 
 H029.5_2003  2 0.0071 0.0301 0.0138 0.0279 0.0101 0.0056 0.1668 0.0037 0.5628 0.0209 0.0141 0.0045 0.0095 0.0094 0.0123 0.0136 0.0046 0.0052 0.0065 0.0492 0.0054 0.0170 
 H029.6_2002  2 0.0130 0.0161 0.0077 0.0040 0.0046 0.0041 0.0918 0.0053 0.7124 0.0054 0.0119 0.0073 0.0090 0.0076 0.0402 0.0195 0.0065 0.0053 0.0103 0.0073 0.0057 0.0049 
 H029.6_2003  2 0.0119 0.0605 0.0144 0.0336 0.0121 0.0160 0.3492 0.0087 0.1356 0.0183 0.0659 0.0079 0.0048 0.0221 0.0088 0.0565 0.0308 0.0198 0.0198 0.0267 0.0444 0.0322 
      H029.7  2 0.0239 0.0302 0.0050 0.0068 0.0051 0.0074 0.6240 0.0034 0.0765 0.0064 0.0198 0.0135 0.0054 0.0049 0.0376 0.0094 0.0116 0.0038 0.0384 0.0196 0.0336 0.0137 
      H030.1  2 0.0137 0.0076 0.0202 0.0572 0.0107 0.0050 0.0325 0.0301 0.1215 0.0132 0.0075 0.0111 0.0059 0.0179 0.0044 0.0108 0.1742 0.3953 0.0083 0.0186 0.0105 0.0237 
      H030.2  2 0.1620 0.0060 0.0292 0.0268 0.0069 0.0290 0.0635 0.0393 0.0152 0.0271 0.0052 0.0048 0.0963 0.0126 0.0617 0.0073 0.0120 0.3382 0.0109 0.0315 0.0045 0.0099 
      H038.1  2 0.0039 0.0056 0.0059 0.0048 0.0107 0.0062 0.8513 0.0032 0.0093 0.0043 0.0078 0.0096 0.0066 0.0054 0.0248 0.0075 0.0050 0.0046 0.0060 0.0068 0.0055 0.0052 
      H038.2  2 0.0057 0.0053 0.0064 0.0062 0.0033 0.0040 0.8543 0.0138 0.0074 0.0061 0.0073 0.0033 0.0122 0.0056 0.0059 0.0042 0.0106 0.0074 0.0057 0.0077 0.0094 0.0082 
      H038.3  2 0.0062 0.0059 0.0132 0.0111 0.0086 0.0092 0.7456 0.0101 0.0056 0.0052 0.0065 0.0046 0.0252 0.0127 0.0402 0.0063 0.0340 0.0120 0.0096 0.0095 0.0087 0.0100 
      H038.4  2 0.0061 0.0060 0.0206 0.0131 0.0046 0.0057 0.8030 0.0145 0.0046 0.0048 0.0076 0.0046 0.0091 0.0074 0.0251 0.0064 0.0197 0.0060 0.0097 0.0079 0.0065 0.0069 
      H038.5  2 0.0100 0.0189 0.0063 0.0070 0.0051 0.0121 0.7788 0.0091 0.0192 0.0061 0.0085 0.0034 0.0054 0.0180 0.0212 0.0145 0.0081 0.0123 0.0061 0.0082 0.0159 0.0060 
      H038.6  2 0.0034 0.0114 0.0035 0.0057 0.0050 0.0091 0.8395 0.0033 0.0112 0.0052 0.0077 0.0052 0.0088 0.0111 0.0134 0.0051 0.0079 0.0121 0.0038 0.0144 0.0075 0.0058 
      H038.7  2 0.0030 0.0105 0.0055 0.0081 0.0047 0.0117 0.8224 0.0045 0.0055 0.0036 0.0051 0.0038 0.0176 0.0071 0.0109 0.0064 0.0385 0.0070 0.0064 0.0077 0.0055 0.0045 
      H038.8  2 0.0105 0.0054 0.0115 0.0063 0.0047 0.0082 0.7707 0.0148 0.0042 0.0045 0.0055 0.0043 0.0101 0.0112 0.0686 0.0055 0.0144 0.0089 0.0094 0.0071 0.0083 0.0058 
      H041.1  2 0.1173 0.0253 0.1629 0.0780 0.0097 0.0079 0.0945 0.0144 0.2080 0.0408 0.0088 0.0151 0.0086 0.0121 0.0328 0.0043 0.0243 0.0064 0.0132 0.0569 0.0464 0.0123 
      H041.2  2 0.0075 0.0073 0.1458 0.0458 0.0142 0.0065 0.0710 0.0063 0.3476 0.1513 0.0408 0.0079 0.0276 0.0045 0.0286 0.0150 0.0157 0.0101 0.0102 0.0085 0.0116 0.0162 
      H041.4  2 0.0119 0.0102 0.0381 0.0279 0.0306 0.0303 0.1372 0.0118 0.4636 0.0218 0.0280 0.0233 0.0078 0.0052 0.0391 0.0079 0.0113 0.0092 0.0236 0.0264 0.0100 0.0247 
      H041.6  2 0.0217 0.0067 0.0976 0.0128 0.0377 0.0526 0.1681 0.0143 0.3096 0.0411 0.0218 0.0331 0.0203 0.0060 0.0188 0.0124 0.0165 0.0115 0.0210 0.0472 0.0147 0.0145 
 H042.1_2002  2 0.0111 0.0060 0.0663 0.0055 0.0138 0.0693 0.0075 0.0419 0.4620 0.1523 0.0107 0.0118 0.0139 0.0200 0.0109 0.0044 0.0094 0.0076 0.0167 0.0138 0.0119 0.0332 
 H042.1_2003  2 0.0116 0.0096 0.1485 0.1917 0.0452 0.0942 0.0615 0.0116 0.0205 0.0741 0.0181 0.0099 0.0153 0.0118 0.0589 0.0225 0.0287 0.0268 0.0207 0.0237 0.0081 0.0869 
 H042.2_2002  2 0.0065 0.0189 0.0318 0.0080 0.0044 0.0100 0.0393 0.0080 0.6284 0.0046 0.0306 0.0100 0.1078 0.0072 0.0251 0.0046 0.0052 0.0041 0.0105 0.0123 0.0102 0.0125 
 H042.2_2003  2 0.0040 0.0048 0.2330 0.0129 0.0140 0.0649 0.0897 0.0079 0.0895 0.3240 0.0458 0.0073 0.0124 0.0118 0.0047 0.0087 0.0136 0.0077 0.0091 0.0104 0.0087 0.0151 
 H042.3_2002  2 0.0056 0.0096 0.4262 0.0074 0.0082 0.0195 0.0080 0.0121 0.3122 0.0300 0.0100 0.0068 0.0313 0.0221 0.0098 0.0049 0.0054 0.0077 0.0135 0.0273 0.0129 0.0095 
 H042.3_2003  2 0.0321 0.0380 0.4042 0.0169 0.0128 0.0328 0.0221 0.0149 0.1037 0.0601 0.0064 0.0103 0.0256 0.0319 0.0244 0.0067 0.0079 0.0118 0.0197 0.0910 0.0136 0.0131 
 H042.4_2002  2 0.0070 0.0108 0.0300 0.0082 0.0098 0.0155 0.0160 0.0181 0.6346 0.1248 0.0225 0.0068 0.0058 0.0055 0.0146 0.0052 0.0096 0.0090 0.0053 0.0090 0.0179 0.0140 
 H042.4_2003  2 0.0126 0.0079 0.0243 0.0107 0.0145 0.0163 0.0516 0.0179 0.6113 0.0413 0.0080 0.0241 0.0074 0.0058 0.0075 0.0041 0.0638 0.0078 0.0075 0.0199 0.0190 0.0167 
      H042.5  2 0.0048 0.0058 0.0095 0.0089 0.0079 0.0113 0.0064 0.0122 0.7952 0.0414 0.0062 0.0125 0.0073 0.0100 0.0029 0.0036 0.0067 0.0041 0.0100 0.0176 0.0079 0.0078 
      H042.6  2 0.0077 0.0108 0.0107 0.0038 0.0108 0.0181 0.0132 0.0124 0.7619 0.0082 0.0044 0.0324 0.0092 0.0169 0.0088 0.0042 0.0158 0.0047 0.0061 0.0234 0.0076 0.0086 
