      H105.1  1 0.0126 0.0564 0.0452 0.7601 0.0191 0.0160 0.0272 0.0178 0.0181 0.0276 
      H105.2  1 0.0123 0.0412 0.0112 0.7251 0.1118 0.0149 0.0229 0.0191 0.0304 0.0110 
      H105.3  1 0.0082 0.0492 0.0112 0.8161 0.0155 0.0115 0.0126 0.0101 0.0367 0.0290 
      H105.4  1 0.0095 0.0543 0.0116 0.6263 0.0627 0.0370 0.0292 0.1014 0.0532 0.0147 
      H105.5  1 0.0121 0.1071 0.0364 0.5833 0.0301 0.0354 0.0195 0.1450 0.0214 0.0098 
      H105.6  1 0.0082 0.0306 0.0055 0.8144 0.0091 0.0212 0.0094 0.0403 0.0422 0.0191 
      H105.7  1 0.0065 0.0315 0.0212 0.7666 0.0297 0.0158 0.0076 0.0172 0.0224 0.0816 
      H105.8  1 0.0150 0.0427 0.0114 0.7024 0.0294 0.0108 0.0469 0.0232 0.0306 0.0877 
      H115.1  1 0.0205 0.1050 0.0331 0.0949 0.0378 0.0450 0.0561 0.2622 0.2353 0.1101 
      H115.2  1 0.0486 0.0220 0.0551 0.3366 0.0166 0.0507 0.0576 0.3458 0.0490 0.0180 
      H115.3  1 0.0129 0.0102 0.0388 0.0899 0.0106 0.0386 0.0126 0.7640 0.0106 0.0118 
      H115.4  1 0.0140 0.1401 0.1138 0.3534 0.0442 0.0282 0.1288 0.1109 0.0520 0.0146 
      H115.5  1 0.1117 0.0294 0.0375 0.1456 0.0862 0.0268 0.0189 0.4774 0.0303 0.0360 
      H115.6  1 0.0348 0.0169 0.0514 0.1647 0.0449 0.0853 0.0187 0.5161 0.0388 0.0286 
      H115.7  1 0.0071 0.0211 0.0272 0.1118 0.1046 0.0840 0.0263 0.1156 0.4934 0.0088 
      H115.8  1 0.2346 0.0144 0.0363 0.1307 0.0307 0.0177 0.0214 0.3382 0.0244 0.1516 
      H115.9  1 0.0077 0.0218 0.0157 0.0116 0.0075 0.0124 0.0086 0.8588 0.0146 0.0413 
      H145.1  1 0.0346 0.0190 0.0114 0.0058 0.0059 0.8634 0.0083 0.0224 0.0176 0.0116 
      H145.2  1 0.0720 0.1185 0.0118 0.0151 0.0108 0.5756 0.0148 0.1384 0.0296 0.0133 
      H145.3  1 0.0781 0.0180 0.0150 0.0070 0.0274 0.7499 0.0083 0.0174 0.0125 0.0663 
      H145.4  1 0.0180 0.0081 0.0116 0.0059 0.0073 0.8868 0.0088 0.0114 0.0320 0.0102 
      H145.5  1 0.2328 0.0150 0.0119 0.0077 0.0088 0.6818 0.0073 0.0086 0.0151 0.0110 
      H145.6  1 0.0622 0.0259 0.0193 0.0093 0.0700 0.6394 0.0178 0.1172 0.0267 0.0122 
      H145.7  1 0.0137 0.0086 0.0114 0.0055 0.0212 0.8840 0.0123 0.0127 0.0118 0.0188 
      H149.1  1 0.0065 0.0070 0.0052 0.0067 0.0060 0.9433 0.0072 0.0055 0.0048 0.0078 
      H149.2  1 0.0038 0.0085 0.0084 0.0064 0.0054 0.9459 0.0057 0.0052 0.0057 0.0048 
      H149.3  1 0.0042 0.0113 0.0139 0.0093 0.0094 0.9166 0.0115 0.0063 0.0109 0.0065 
      H149.4  1 0.0112 0.0136 0.0102 0.0122 0.0084 0.8955 0.0217 0.0090 0.0101 0.0080 
      H149.5  1 0.0062 0.0186 0.0332 0.0114 0.0136 0.8793 0.0141 0.0065 0.0093 0.0080 
      H149.6  1 0.0047 0.0109 0.0095 0.0075 0.0089 0.9358 0.0055 0.0047 0.0071 0.0054 
      H149.7  1 0.0121 0.0430 0.0417 0.0339 0.0375 0.6967 0.0676 0.0095 0.0357 0.0224 
      H150.1  1 0.0391 0.0092 0.0096 0.2147 0.0087 0.0085 0.0185 0.6355 0.0204 0.0358 
      H150.2  1 0.1124 0.0253 0.0184 0.4721 0.0200 0.0524 0.0561 0.1606 0.0699 0.0127 
      H150.3  1 0.0274 0.0162 0.0084 0.0614 0.0181 0.0394 0.0295 0.2595 0.5015 0.0387 
      H150.4  1 0.0250 0.0071 0.0077 0.0144 0.0127 0.0061 0.0113 0.8795 0.0170 0.0192 
      H150.5  1 0.0171 0.0140 0.1133 0.3793 0.0324 0.0496 0.0613 0.2272 0.0910 0.0148 
      H150.6  1 0.0105 0.0089 0.0246 0.8347 0.0286 0.0208 0.0399 0.0146 0.0126 0.0047 
      H150.7  1 0.0232 0.0070 0.0072 0.0258 0.0082 0.0126 0.0103 0.8638 0.0285 0.0132 
   H169607.1  1 0.0339 0.3225 0.0468 0.0123 0.0784 0.1111 0.2327 0.0771 0.0568 0.0283 
   H169607.2  1 0.0063 0.0562 0.0186 0.0131 0.0157 0.1600 0.1260 0.5336 0.0196 0.0507 
   H169607.3  1 0.0182 0.1576 0.2845 0.0229 0.1510 0.1073 0.0755 0.0933 0.0278 0.0620 
   H169607.4  1 0.0105 0.0742 0.0180 0.0096 0.0120 0.3726 0.0691 0.4129 0.0118 0.0094 
   H169607.5  1 0.0125 0.0376 0.0837 0.0101 0.0116 0.2578 0.0704 0.4352 0.0105 0.0707 
   H169607.6  1 0.0059 0.0573 0.0247 0.0245 0.0241 0.1199 0.1251 0.5739 0.0086 0.0360 
   H169607.7  1 0.0085 0.0270 0.0173 0.0423 0.0235 0.0476 0.6156 0.1261 0.0180 0.0741 
   H169607.8  1 0.0049 0.0803 0.0340 0.0104 0.0264 0.1340 0.0708 0.5965 0.0096 0.0330 
   H169633.1  1 0.0347 0.0106 0.0112 0.0356 0.0284 0.8169 0.0090 0.0152 0.0268 0.0116 
   H169633.2  1 0.0122 0.0584 0.0089 0.1957 0.0779 0.4665 0.0257 0.0088 0.0740 0.0719 
   H169633.3  1 0.0129 0.0235 0.0173 0.0895 0.0164 0.7249 0.0171 0.0068 0.0414 0.0503 
   H169633.4  1 0.0296 0.0175 0.0161 0.0178 0.0120 0.8630 0.0071 0.0104 0.0173 0.0093 
   H169633.5  1 0.0299 0.0129 0.0188 0.0134 0.0097 0.8757 0.0076 0.0088 0.0131 0.0101 
   H169688.1  1 0.0053 0.0180 0.0077 0.0064 0.6752 0.1347 0.1032 0.0217 0.0125 0.0152 
   H169688.2  1 0.0217 0.0092 0.0128 0.0296 0.4016 0.0130 0.4660 0.0193 0.0087 0.0182 
   H169688.3  1 0.0096 0.0066 0.0138 0.0103 0.0851 0.0493 0.7931 0.0112 0.0142 0.0068 
   H169688.4  1 0.0464 0.0070 0.0334 0.0199 0.0314 0.0192 0.6524 0.1687 0.0096 0.0120 
   H169688.5  1 0.0381 0.0079 0.0369 0.0208 0.0495 0.0213 0.5761 0.2260 0.0100 0.0134 
   H169688.6  1 0.0362 0.0130 0.0070 0.0184 0.1566 0.0294 0.6663 0.0572 0.0062 0.0096 
   H169688.7  1 0.0103 0.0079 0.0125 0.0093 0.0257 0.0507 0.8522 0.0136 0.0087 0.0092 
   H171901.1  1 0.0809 0.0224 0.0219 0.1132 0.3382 0.0771 0.0404 0.1419 0.1493 0.0145 
   H171901.2  1 0.0106 0.0079 0.0098 0.0326 0.0094 0.8795 0.0094 0.0183 0.0101 0.0125 
   H171901.3  1 0.0115 0.0164 0.0154 0.0420 0.0446 0.7934 0.0278 0.0176 0.0143 0.0170 
   H171901.4  1 0.0087 0.0248 0.0136 0.1252 0.0178 0.7485 0.0218 0.0103 0.0101 0.0192 
   H171901.5  1 0.0099 0.0460 0.0157 0.0835 0.0116 0.7595 0.0428 0.0116 0.0085 0.0109 
   H171901.6  1 0.0068 0.0251 0.0100 0.0532 0.0067 0.8446 0.0144 0.0169 0.0108 0.0114 
   H171901.7  1 0.0084 0.0106 0.0121 0.0240 0.0116 0.8492 0.0501 0.0095 0.0083 0.0162 
   H171902.1  1 0.1597 0.0784 0.0110 0.0126 0.0285 0.5441 0.0996 0.0337 0.0083 0.0239 
  H171902.10  1 0.0171 0.0134 0.0086 0.0129 0.0090 0.7643 0.1455 0.0159 0.0068 0.0064 
   H171902.2  1 0.0876 0.0285 0.0180 0.0698 0.2735 0.2743 0.1227 0.0207 0.0127 0.0922 
   H171902.3  1 0.0140 0.0285 0.0111 0.0355 0.0195 0.4620 0.3686 0.0341 0.0108 0.0159 
   H171902.4  1 0.0283 0.0048 0.0067 0.0066 0.0084 0.9179 0.0048 0.0071 0.0072 0.0083 
   H171902.6  1 0.0172 0.0160 0.0061 0.0111 0.0105 0.8137 0.0877 0.0200 0.0071 0.0104 
   H171902.7  1 0.0512 0.0093 0.0076 0.0103 0.0078 0.8536 0.0297 0.0145 0.0088 0.0073 
   H171902.8  1 0.0344 0.0220 0.0104 0.0210 0.0170 0.6718 0.1724 0.0288 0.0134 0.0088 
   H171902.9  1 0.0996 0.0178 0.0131 0.0152 0.0151 0.6949 0.0435 0.0632 0.0192 0.0183 
   H171903.1  1 0.0057 0.0417 0.0294 0.0317 0.0125 0.0406 0.0176 0.7807 0.0102 0.0300 
   H171903.2  1 0.0116 0.1561 0.1007 0.0404 0.0155 0.0202 0.0317 0.5318 0.0108 0.0812 
   H171903.3  1 0.0279 0.1707 0.3550 0.0700 0.0205 0.0695 0.0534 0.1540 0.0211 0.0578 
   H171903.4  1 0.0129 0.0203 0.0958 0.0428 0.1728 0.3512 0.0795 0.1619 0.0477 0.0150 
   H171903.5  1 0.0171 0.1223 0.3047 0.0484 0.0264 0.0431 0.2634 0.1094 0.0146 0.0507 
   H171903.6  1 0.0064 0.0310 0.2822 0.0125 0.0226 0.2268 0.2218 0.1685 0.0094 0.0190 
      H177.1  1 0.0127 0.0335 0.0324 0.0163 0.0513 0.7696 0.0437 0.0242 0.0067 0.0095 
      H177.2  1 0.0189 0.3462 0.0900 0.0153 0.0182 0.2642 0.1363 0.0356 0.0147 0.0607 
      H177.3  1 0.0171 0.0657 0.0270 0.0126 0.0105 0.7720 0.0464 0.0266 0.0087 0.0134 
      H177.4  1 0.0109 0.1581 0.0725 0.0262 0.0507 0.6073 0.0440 0.0101 0.0068 0.0135 
      H177.5  1 0.0094 0.0169 0.4173 0.0713 0.2990 0.0948 0.0307 0.0226 0.0099 0.0279 
      H177.6  1 0.0204 0.0597 0.0194 0.0195 0.0080 0.7673 0.0626 0.0236 0.0083 0.0112 
      H179.1  1 0.0070 0.3064 0.0315 0.0658 0.0868 0.0170 0.3932 0.0196 0.0412 0.0314 
      H179.2  1 0.0062 0.2822 0.0528 0.0304 0.0190 0.0095 0.5401 0.0124 0.0178 0.0295 
      H179.3  1 0.0083 0.0429 0.0447 0.0145 0.1205 0.0113 0.6173 0.0512 0.0152 0.0741 
      H179.4  1 0.0065 0.6360 0.0137 0.0120 0.0320 0.0282 0.2160 0.0094 0.0091 0.0373 
      H180.1  1 0.0174 0.0396 0.0341 0.7930 0.0264 0.0085 0.0277 0.0345 0.0100 0.0090 
      H180.2  1 0.0129 0.0175 0.0100 0.8508 0.0258 0.0109 0.0117 0.0440 0.0084 0.0079 
      H180.3  1 0.0259 0.0970 0.1139 0.2040 0.0116 0.0072 0.0138 0.4321 0.0316 0.0630 
      H180.4  1 0.0104 0.0087 0.0179 0.8887 0.0189 0.0070 0.0161 0.0079 0.0112 0.0133 
      H180.5  1 0.0279 0.0202 0.0196 0.7906 0.0305 0.0106 0.0253 0.0361 0.0104 0.0287 
      H180.6  1 0.0712 0.0119 0.0125 0.2218 0.0229 0.0422 0.0204 0.0618 0.0156 0.5198 
      H181.1  1 0.0347 0.1157 0.2456 0.0845 0.1518 0.2684 0.0483 0.0300 0.0067 0.0144 
      H181.2  1 0.0323 0.2321 0.0346 0.1920 0.2236 0.1859 0.0572 0.0145 0.0153 0.0126 
      H181.3  1 0.0289 0.0453 0.0182 0.0585 0.6192 0.1557 0.0428 0.0121 0.0088 0.0105 
      H181.4  1 0.0059 0.0833 0.5688 0.0308 0.0521 0.1465 0.0378 0.0410 0.0154 0.0183 
      H181.5  1 0.0138 0.0637 0.0181 0.0169 0.7953 0.0331 0.0271 0.0072 0.0134 0.0114 
      H181.6  1 0.0109 0.3171 0.0205 0.4275 0.0586 0.0417 0.0635 0.0209 0.0149 0.0245 
      H181.7  1 0.0202 0.1148 0.0297 0.0378 0.2042 0.0872 0.4377 0.0164 0.0096 0.0425 
 H194.1_2004  1 0.0102 0.0062 0.0070 0.0134 0.0113 0.8802 0.0090 0.0338 0.0157 0.0131 
 H194.2_2004  1 0.0150 0.0068 0.0147 0.0153 0.0549 0.8378 0.0080 0.0240 0.0156 0.0077 
 H194.3_2004  1 0.0066 0.0084 0.0064 0.0112 0.0069 0.9210 0.0092 0.0072 0.0113 0.0119 
 H194.4_2004  1 0.0130 0.0070 0.0080 0.0076 0.0316 0.8943 0.0083 0.0115 0.0074 0.0113 
 H194.5_2004  1 0.0057 0.0221 0.0068 0.0128 0.0114 0.8891 0.0121 0.0117 0.0115 0.0168 
 H194.6_2004  1 0.0088 0.0382 0.0131 0.0158 0.0406 0.8332 0.0155 0.0119 0.0088 0.0142 
 H194.7_2004  1 0.0113 0.0091 0.0183 0.0146 0.0356 0.7236 0.0106 0.0460 0.0214 0.1095 
 H194.8_2004  1 0.0107 0.0229 0.0240 0.0128 0.1036 0.7580 0.0132 0.0221 0.0129 0.0198 
      H194.9  1 0.0118 0.0078 0.0140 0.0161 0.0175 0.7364 0.0086 0.0253 0.0442 0.1183 
 H195.1_2003  1 0.0053 0.0286 0.0062 0.6237 0.0226 0.2495 0.0217 0.0161 0.0156 0.0107 
 H195.1_2004  1 0.0415 0.0116 0.0293 0.0194 0.0238 0.7644 0.0563 0.0137 0.0301 0.0099 
 H195.2_2003  1 0.0125 0.0509 0.0148 0.3639 0.0363 0.2807 0.0558 0.1249 0.0106 0.0496 
 H195.2_2004  1 0.0703 0.0111 0.0149 0.0335 0.0189 0.7542 0.0345 0.0184 0.0174 0.0269 
 H195.3_2003  1 0.0093 0.0264 0.0189 0.3367 0.0372 0.0849 0.0712 0.3703 0.0208 0.0243 
 H195.3_2004  1 0.0112 0.0112 0.0094 0.0146 0.0089 0.9067 0.0066 0.0124 0.0119 0.0070 
 H195.4_2003  1 0.0046 0.0249 0.0114 0.4540 0.0098 0.4325 0.0156 0.0162 0.0229 0.0081 
 H195.4_2004  1 0.0123 0.0093 0.0188 0.0090 0.1177 0.7299 0.0185 0.0133 0.0176 0.0537 
 H195.5_2003  1 0.0058 0.0212 0.0076 0.7037 0.0331 0.1597 0.0197 0.0193 0.0225 0.0074 
 H195.5_2004  1 0.0135 0.0181 0.0112 0.0221 0.0280 0.8316 0.0149 0.0159 0.0336 0.0110 
 H195.6_2003  1 0.0098 0.0345 0.0210 0.4257 0.0266 0.2495 0.0282 0.1730 0.0174 0.0143 
 H195.6_2004  1 0.0142 0.0296 0.0067 0.0223 0.0118 0.8343 0.0231 0.0136 0.0330 0.0115 
 H195.7_2003  1 0.0046 0.0355 0.0171 0.0768 0.1172 0.5166 0.1640 0.0174 0.0162 0.0346 
 H195.7_2004  1 0.2981 0.0178 0.0503 0.0235 0.0248 0.4637 0.0534 0.0254 0.0300 0.0131 
      H195.8  1 0.0253 0.0096 0.0394 0.0145 0.1004 0.6818 0.0264 0.0409 0.0314 0.0304 
      H195.9  1 0.0088 0.0220 0.0167 0.0134 0.0184 0.8494 0.0167 0.0151 0.0143 0.0251 
      H415.1  1 0.1185 0.0657 0.0163 0.2094 0.0311 0.2556 0.0219 0.0571 0.1182 0.1062 
      H415.2  1 0.0292 0.4013 0.0522 0.0291 0.0081 0.3710 0.0360 0.0298 0.0318 0.0116 
      H415.3  1 0.0125 0.4834 0.0244 0.1772 0.0091 0.0762 0.0840 0.0070 0.1081 0.0180 
      H415.4  1 0.0231 0.2664 0.0281 0.2768 0.0134 0.0606 0.0154 0.0592 0.1783 0.0788 
      H415.5  1 0.0203 0.4320 0.0230 0.2999 0.0114 0.0930 0.0268 0.0085 0.0721 0.0130 
      H415.6  1 0.0317 0.3052 0.0270 0.2496 0.0195 0.0720 0.0132 0.0556 0.1596 0.0668 
      H415.7  1 0.0218 0.3927 0.0439 0.0170 0.0071 0.3393 0.1220 0.0119 0.0309 0.0133 
      H506.1  1 0.0131 0.9169 0.0067 0.0102 0.0091 0.0052 0.0150 0.0049 0.0094 0.0096 
      H506.2  1 0.0089 0.9200 0.0060 0.0081 0.0075 0.0150 0.0136 0.0053 0.0071 0.0085 
      H506.3  1 0.1052 0.6781 0.0238 0.0223 0.0494 0.0120 0.0704 0.0062 0.0141 0.0184 
      H506.4  1 0.0289 0.8516 0.0146 0.0135 0.0205 0.0080 0.0305 0.0087 0.0111 0.0126 
      H506.5  1 0.0130 0.9292 0.0071 0.0081 0.0098 0.0075 0.0076 0.0049 0.0058 0.0070 
      H506.6  1 0.0901 0.4812 0.0926 0.0144 0.0529 0.0149 0.1869 0.0343 0.0115 0.0212 
      H506.7  1 0.0118 0.9159 0.0076 0.0108 0.0117 0.0090 0.0084 0.0056 0.0088 0.0103 
      H533.1  1 0.0303 0.5453 0.0130 0.0247 0.0168 0.0215 0.3236 0.0061 0.0084 0.0102 
      H533.2  1 0.0528 0.6609 0.0116 0.0222 0.0155 0.0286 0.1876 0.0066 0.0062 0.0079 
      H533.3  1 0.0145 0.6627 0.0310 0.0103 0.0113 0.0174 0.2188 0.0123 0.0079 0.0138 
      H533.4  1 0.0296 0.5120 0.0179 0.0202 0.0268 0.0596 0.2941 0.0162 0.0121 0.0115 
      H535.1  1 0.0048 0.8995 0.0116 0.0086 0.0083 0.0142 0.0177 0.0174 0.0095 0.0084 
      H535.2  1 0.0041 0.7812 0.0191 0.0184 0.0405 0.0463 0.0133 0.0090 0.0065 0.0616 
      H535.3  1 0.0050 0.8078 0.0183 0.0248 0.0524 0.0164 0.0125 0.0161 0.0067 0.0401 
      H535.4  1 0.0044 0.9024 0.0082 0.0133 0.0117 0.0287 0.0074 0.0057 0.0110 0.0071 
      H535.5  1 0.0037 0.9252 0.0063 0.0080 0.0107 0.0104 0.0142 0.0089 0.0068 0.0059 
      H535.6  1 0.0059 0.7972 0.0146 0.0085 0.0595 0.0180 0.0235 0.0382 0.0136 0.0209 
      H535.7  1 0.0047 0.9336 0.0056 0.0078 0.0076 0.0063 0.0112 0.0098 0.0046 0.0088 
      H535.8  1 0.0051 0.8744 0.0064 0.0091 0.0439 0.0111 0.0139 0.0152 0.0055 0.0153 
      H535.9  1 0.0077 0.9002 0.0064 0.0177 0.0085 0.0115 0.0101 0.0225 0.0056 0.0100 
      H539.1  1 0.0084 0.0054 0.0047 0.0049 0.0038 0.0056 0.0041 0.9523 0.0047 0.0062 
      H539.2  1 0.0308 0.0734 0.0407 0.0543 0.0756 0.0196 0.3588 0.2833 0.0262 0.0373 
      H539.3  1 0.0279 0.0075 0.0072 0.0103 0.0119 0.0141 0.0128 0.8716 0.0137 0.0230 
      H539.4  1 0.0977 0.0092 0.0228 0.0417 0.0110 0.0083 0.0431 0.7297 0.0117 0.0248 
      H539.5  1 0.0090 0.0066 0.0051 0.0051 0.0052 0.0059 0.0053 0.9374 0.0052 0.0153 
      H539.6  1 0.0092 0.0075 0.0059 0.0075 0.0069 0.0097 0.0092 0.9188 0.0095 0.0159 
      H539.7  1 0.0087 0.0060 0.0083 0.0164 0.0066 0.0100 0.0128 0.9126 0.0116 0.0071 
      H539.8  1 0.1691 0.0152 0.0260 0.1301 0.0276 0.0228 0.0335 0.5142 0.0470 0.0145 
      H539.9  1 0.0309 0.0065 0.0088 0.0104 0.0057 0.0052 0.0070 0.9015 0.0059 0.0181 
      H540.1  1 0.0213 0.0134 0.0331 0.0083 0.0084 0.0175 0.0247 0.8571 0.0081 0.0082 
      H540.2  1 0.0059 0.0062 0.0108 0.0076 0.0062 0.0081 0.0089 0.9300 0.0092 0.0070 
      H540.3  1 0.4262 0.0347 0.0803 0.0241 0.0519 0.0646 0.0301 0.2145 0.0670 0.0066 
      H540.4  1 0.0097 0.0160 0.0337 0.0233 0.0119 0.0181 0.0767 0.7736 0.0301 0.0068 
      H540.5  1 0.0512 0.0104 0.0247 0.0072 0.0134 0.0156 0.0221 0.8337 0.0094 0.0121 
      H540.6  1 0.0212 0.0201 0.0419 0.0068 0.0184 0.0244 0.0351 0.7925 0.0154 0.0243 
      H540.7  1 0.0075 0.0093 0.0189 0.0166 0.0102 0.0210 0.0346 0.8499 0.0147 0.0172 
      H540.8  1 0.0136 0.0146 0.0875 0.0308 0.0088 0.2086 0.0415 0.5718 0.0139 0.0089 
     H9558.1  1 0.0072 0.0065 0.0049 0.0078 0.0062 0.0066 0.0095 0.9401 0.0063 0.0051 
     H9558.2  1 0.0118 0.0068 0.0063 0.0108 0.0079 0.0069 0.0113 0.9223 0.0060 0.0099 
     H9558.3  1 0.0238 0.0099 0.0099 0.0163 0.0063 0.0080 0.0057 0.8949 0.0111 0.0142 
     H9558.4  1 0.0104 0.0085 0.0113 0.0112 0.0066 0.0070 0.0278 0.9053 0.0056 0.0064 
     H9558.5  1 0.0834 0.0184 0.0247 0.0514 0.0126 0.0101 0.0637 0.7123 0.0160 0.0073 
     H9558.6  1 0.0154 0.0118 0.0513 0.0107 0.0090 0.0130 0.0058 0.7792 0.0169 0.0870 
    kos339.1  1 0.0090 0.2741 0.0254 0.0113 0.0167 0.5277 0.0388 0.0093 0.0114 0.0763 
    kos339.2  1 0.0159 0.0555 0.0154 0.0166 0.0189 0.6906 0.0204 0.0076 0.0274 0.1318 
    kos339.3  1 0.0069 0.1010 0.0130 0.0123 0.0085 0.8177 0.0086 0.0078 0.0109 0.0133 
    kos339.4  1 0.0095 0.0308 0.0141 0.0191 0.0109 0.8673 0.0119 0.0081 0.0127 0.0155 
    kos339.5  1 0.0045 0.0429 0.0124 0.0225 0.0102 0.8527 0.0126 0.0095 0.0125 0.0202 
    kos339.6  1 0.0108 0.0261 0.0223 0.0068 0.0076 0.8825 0.0076 0.0068 0.0170 0.0125 
    kos339.7  1 0.0066 0.2816 0.0097 0.0078 0.0118 0.6184 0.0167 0.0072 0.0074 0.0328 
    kos339.8  1 0.0107 0.2398 0.0183 0.0155 0.0175 0.6492 0.0139 0.0052 0.0134 0.0164 
    kos339.9  1 0.0062 0.0131 0.0117 0.0110 0.0077 0.8947 0.0126 0.0140 0.0131 0.0159 
      H008.1  2 0.0072 0.0133 0.0088 0.0128 0.0116 0.0106 0.0182 0.0159 0.0151 0.8866 
      H008.2  2 0.2052 0.0886 0.0246 0.0713 0.0505 0.0397 0.1368 0.1607 0.0168 0.2057 
      H008.3  2 0.1091 0.1713 0.0295 0.0938 0.1495 0.0300 0.1653 0.0808 0.0379 0.1328 
      H008.4  2 0.0559 0.0188 0.0083 0.0187 0.0137 0.0221 0.0118 0.0248 0.0314 0.7945 
      H008.5  2 0.0195 0.0183 0.0140 0.0174 0.0189 0.0153 0.0145 0.0137 0.0239 0.8444 
      H008.6  2 0.1828 0.1364 0.0243 0.0429 0.0141 0.0585 0.0323 0.0465 0.0268 0.4355 
      H008.7  2 0.1491 0.0833 0.0104 0.0401 0.0993 0.0251 0.0289 0.0292 0.0447 0.4900 
      H008.8  2 0.0232 0.0491 0.0155 0.0164 0.0265 0.0337 0.1662 0.3746 0.0242 0.2706 
      H008.9  2 0.5099 0.0654 0.0182 0.0639 0.0319 0.1199 0.0356 0.0783 0.0269 0.0500 
 H029.1_2002  2 0.0238 0.0235 0.0111 0.0119 0.0267 0.0112 0.0098 0.0231 0.0211 0.8377 
 H029.1_2003  2 0.0269 0.0938 0.0314 0.0164 0.0522 0.0172 0.0561 0.0242 0.0287 0.6531 
 H029.2_2002  2 0.0314 0.0762 0.0139 0.0188 0.0773 0.0430 0.0114 0.0121 0.0077 0.7083 
 H029.2_2003  2 0.0372 0.1087 0.0595 0.0099 0.0377 0.0691 0.0538 0.0164 0.0088 0.5988 
 H029.3_2002  2 0.1665 0.1262 0.0334 0.0093 0.1452 0.0444 0.0469 0.0129 0.0092 0.4060 
 H029.3_2003  2 0.0105 0.0179 0.0145 0.0172 0.0184 0.0085 0.0193 0.0066 0.0134 0.8736 
 H029.4_2002  2 0.0140 0.0057 0.0080 0.0073 0.0128 0.0057 0.0069 0.0048 0.0115 0.9232 
 H029.4_2003  2 0.0269 0.0147 0.0212 0.0162 0.1136 0.0104 0.0525 0.0252 0.0282 0.6911 
 H029.5_2002  2 0.0075 0.0096 0.0070 0.0126 0.0219 0.0092 0.0051 0.0064 0.0183 0.9025 
 H029.5_2003  2 0.0125 0.0093 0.0069 0.0083 0.0115 0.0074 0.0273 0.0067 0.0139 0.8962 
 H029.6_2002  2 0.0439 0.0078 0.0103 0.0072 0.1578 0.0121 0.0147 0.0065 0.0107 0.7291 
 H029.6_2003  2 0.0121 0.0593 0.0271 0.0352 0.0443 0.0908 0.0632 0.0093 0.0385 0.6203 
      H029.7  2 0.0267 0.0246 0.0071 0.0085 0.0282 0.0299 0.0073 0.0106 0.0069 0.8501 
      H030.1  2 0.0058 0.0192 0.7772 0.0688 0.0506 0.0169 0.0150 0.0069 0.0164 0.0231 
      H030.2  2 0.0965 0.0530 0.1946 0.2257 0.1685 0.0099 0.0107 0.0131 0.0532 0.1747 
      H038.1  2 0.0308 0.0062 0.0076 0.0051 0.0110 0.0079 0.0077 0.0097 0.0062 0.9077 
      H038.2  2 0.0079 0.0114 0.0124 0.0102 0.0086 0.0079 0.0059 0.0055 0.0115 0.9188 
      H038.3  2 0.0452 0.0166 0.0888 0.0156 0.0078 0.0118 0.0151 0.0140 0.0172 0.7680 
      H038.4  2 0.0367 0.0136 0.0163 0.0178 0.0074 0.0126 0.0092 0.0084 0.0267 0.8514 
      H038.5  2 0.0347 0.0074 0.0167 0.0109 0.0115 0.0088 0.0179 0.0064 0.0088 0.8769 
      H038.6  2 0.0111 0.0088 0.0128 0.0063 0.0077 0.0069 0.0109 0.0081 0.0042 0.9233 
      H038.7  2 0.0118 0.0241 0.0223 0.0118 0.0049 0.0047 0.0120 0.0090 0.0070 0.8923 
      H038.8  2 0.1212 0.0166 0.0654 0.0107 0.0069 0.0091 0.0098 0.0078 0.0163 0.7362 
      H041.1  2 0.0272 0.0091 0.0190 0.0939 0.1820 0.0325 0.0130 0.0192 0.1548 0.4493 
      H041.2  2 0.0129 0.0308 0.0177 0.0202 0.0327 0.0180 0.0088 0.0092 0.5515 0.2982 
      H041.4  2 0.0212 0.0149 0.0158 0.0306 0.0475 0.0352 0.0098 0.0207 0.0375 0.7669 
      H041.6  2 0.0154 0.0177 0.0172 0.0270 0.0976 0.0364 0.0107 0.0634 0.0835 0.6310 
 H042.1_2002  2 0.0169 0.0163 0.0233 0.0270 0.5520 0.1091 0.0298 0.0735 0.1343 0.0178 
 H042.1_2003  2 0.1379 0.2328 0.0495 0.1094 0.0232 0.0556 0.0413 0.0574 0.2003 0.0925 
 H042.2_2002  2 0.0281 0.0183 0.0135 0.0149 0.1045 0.0194 0.0757 0.0194 0.0900 0.6162 
 H042.2_2003  2 0.0064 0.0303 0.0151 0.0253 0.0202 0.0568 0.0143 0.0228 0.6442 0.1645 
 H042.3_2002  2 0.0299 0.0155 0.0380 0.0275 0.2708 0.0859 0.0932 0.0555 0.3626 0.0212 
 H042.3_2003  2 0.0366 0.0121 0.0219 0.0572 0.1020 0.0490 0.0728 0.0749 0.3899 0.1836 
 H042.4_2002  2 0.0219 0.0154 0.0405 0.0224 0.5480 0.1731 0.0181 0.0179 0.0963 0.0464 
 H042.4_2003  2 0.0070 0.0129 0.0433 0.0779 0.5374 0.0904 0.0118 0.0737 0.0288 0.1167 
      H042.5  2 0.0051 0.0076 0.0127 0.0320 0.8604 0.0190 0.0107 0.0245 0.0162 0.0118 
      H042.6  2 0.0109 0.0143 0.0191 0.0184 0.7407 0.0125 0.0173 0.1142 0.0108 0.0418 
      H042.7  2 0.0072 0.0282 0.0242 0.0431 0.3106 0.0468 0.0161 0.0352 0.4338 0.0548 
      H042.8  2 0.0316 0.0125 0.0059 0.0282 0.5277 0.0230 0.0217 0.0420 0.2763 0.0310 
   H042_2002  2 0.0398 0.0398 0.0179 0.0406 0.0182 0.0305 0.0304 0.5309 0.1031 0.1488 
   H042_2003  2 0.0417 0.0495 0.0128 0.0440 0.0206 0.0311 0.0295 0.5628 0.0726 0.1354 
      H043.1  2 0.2747 0.0143 0.0519 0.1452 0.0216 0.0234 0.0781 0.3308 0.0081 0.0518 
      H043.2  2 0.1193 0.0183 0.0117 0.0074 0.0078 0.0140 0.0251 0.6943 0.0086 0.0935 
      H043.3  2 0.0416 0.0491 0.0190 0.0223 0.0075 0.0128 0.0227 0.1945 0.0120 0.6185 
      H043.4  2 0.0967 0.0128 0.0153 0.0322 0.0092 0.0375 0.0139 0.6641 0.0120 0.1063 
      H043.5  2 0.4062 0.0143 0.0203 0.0131 0.0078 0.0126 0.0605 0.1222 0.0228 0.3202 
      H043.6  2 0.2662 0.0170 0.0247 0.0080 0.0074 0.0164 0.0231 0.1665 0.0240 0.4468 
      H043.7  2 0.0376 0.0114 0.0257 0.0153 0.0051 0.0084 0.0106 0.8278 0.0186 0.0394 
      H043.8  2 0.0343 0.0217 0.0846 0.0238 0.0138 0.0194 0.3708 0.3078 0.0380 0.0857 
      H043.9  2 0.0965 0.0165 0.0319 0.0588 0.0227 0.0157 0.0527 0.4978 0.0141 0.1933 
      H047.1  2 0.0126 0.0485 0.0098 0.1367 0.0066 0.0116 0.0132 0.1304 0.0107 0.6200 
      H047.2  2 0.0098 0.0754 0.0254 0.2521 0.0412 0.0308 0.0382 0.0169 0.0201 0.4902 
      H047.3  2 0.0068 0.0681 0.0134 0.3616 0.0336 0.0185 0.0227 0.0319 0.0757 0.3677 
      H047.4  2 0.0056 0.1223 0.0148 0.0833 0.0182 0.0213 0.0132 0.0219 0.0659 0.6337 
      H047.5  2 0.0044 0.0524 0.0148 0.3259 0.0083 0.0140 0.0217 0.0666 0.0872 0.4046 
      H047.6  2 0.0113 0.0963 0.0120 0.5541 0.0242 0.0142 0.0201 0.0356 0.0607 0.1715 
      H047.7  2 0.0124 0.0432 0.0080 0.1951 0.0122 0.0133 0.0087 0.0814 0.0196 0.6061 
      H047.8  2 0.0078 0.0961 0.0071 0.5127 0.0159 0.0147 0.0256 0.0433 0.0564 0.2204 
      H047.9  2 0.0047 0.0540 0.0173 0.2218 0.0084 0.0424 0.0126 0.0638 0.0273 0.5477 
 H071.1_2002  2 0.0057 0.0088 0.0102 0.0059 0.0047 0.0102 0.0069 0.0170 0.0065 0.9242 
 H071.1_2003  2 0.0123 0.0119 0.1249 0.0128 0.0078 0.0353 0.0089 0.1194 0.0189 0.6479 
     H071.10  2 0.0093 0.0055 0.0157 0.0060 0.0089 0.0055 0.0097 0.0073 0.0063 0.9258 
 H071.2_2002  2 0.0075 0.0117 0.0102 0.0055 0.0066 0.0098 0.0101 0.0139 0.0077 0.9169 
 H071.2_2003  2 0.0038 0.0055 0.0061 0.0041 0.0046 0.0059 0.0046 0.0075 0.0051 0.9527 
      H071.3  2 0.0097 0.0127 0.0180 0.0196 0.0093 0.0071 0.0084 0.0076 0.0171 0.8906 
 H071.4_2002  2 0.0144 0.0082 0.0148 0.0103 0.0089 0.0101 0.0153 0.0096 0.0070 0.9014 
 H071.4_2003  2 0.0034 0.0080 0.0078 0.0082 0.0052 0.0054 0.0076 0.0065 0.0050 0.9430 
 H071.5_2002  2 0.0056 0.0051 0.0092 0.0062 0.0068 0.0066 0.0072 0.0086 0.0048 0.9398 
 H071.5_2003  2 0.0048 0.0095 0.0177 0.0114 0.0047 0.0089 0.0134 0.0183 0.0101 0.9010 
 H071.6_2002  2 0.0054 0.0112 0.0081 0.0063 0.0046 0.0060 0.0203 0.0060 0.0061 0.9260 
 H071.6_2003  2 0.0036 0.0077 0.0240 0.0073 0.0054 0.0084 0.0085 0.0076 0.0060 0.9215 
 H071.7_2002  2 0.0044 0.0086 0.0046 0.0058 0.0038 0.0054 0.0067 0.0075 0.0051 0.9481 
 H071.7_2003  2 0.0060 0.0073 0.0287 0.0085 0.0059 0.0168 0.0112 0.0138 0.0071 0.8948 
      H071.8  2 0.0077 0.0088 0.0056 0.0062 0.0065 0.0071 0.0095 0.0111 0.0082 0.9294 
      H071.9  2 0.0167 0.0093 0.0320 0.0190 0.0129 0.0118 0.0370 0.0162 0.0191 0.8260 
 H081.1_2002  2 0.0049 0.0066 0.0073 0.0053 0.0065 0.0089 0.0058 0.0147 0.0066 0.9335 
 H081.1_2003  2 0.3460 0.1524 0.1958 0.0187 0.0516 0.0864 0.0257 0.0286 0.0264 0.0684 
 H081.2_2002  2 0.0051 0.0093 0.0069 0.0080 0.0081 0.0079 0.0052 0.0226 0.0065 0.9205 
 H081.2_2003  2 0.0127 0.0076 0.8264 0.0100 0.0246 0.0118 0.0209 0.0436 0.0112 0.0313 
 H081.3_2002  2 0.0089 0.0068 0.0144 0.0174 0.0070 0.0119 0.0081 0.0108 0.0092 0.9054 
 H081.3_2003  2 0.0235 0.0106 0.6503 0.0215 0.0262 0.0398 0.0772 0.1106 0.0140 0.0263 
 H081.4_2002  2 0.0045 0.0079 0.0119 0.0078 0.0077 0.0111 0.0085 0.0080 0.0077 0.9249 
 H081.4_2003  2 0.0189 0.0434 0.7226 0.0103 0.0437 0.0483 0.0288 0.0427 0.0219 0.0194 
 H081.5_2002  2 0.0066 0.0090 0.0160 0.0058 0.0058 0.0113 0.0073 0.0111 0.0068 0.9204 
 H081.5_2003  2 0.0280 0.0922 0.5457 0.0214 0.0273 0.0688 0.0149 0.0919 0.0504 0.0594 
      H081.6  2 0.0050 0.0106 0.0086 0.0058 0.0051 0.0089 0.0063 0.0130 0.0084 0.9282 
      H081.7  2 0.0053 0.0095 0.0164 0.0086 0.0069 0.0145 0.0070 0.0181 0.0099 0.9039 
      H081.8  2 0.0162 0.0134 0.0410 0.0091 0.0175 0.0184 0.0168 0.0096 0.0135 0.8445 
      H083.1  2 0.0110 0.0192 0.0119 0.0126 0.0268 0.0075 0.0102 0.0088 0.0060 0.8860 
      H083.2  2 0.0083 0.0140 0.0090 0.0306 0.0195 0.0101 0.0133 0.0211 0.0066 0.8675 
      H083.4  2 0.0194 0.0112 0.0063 0.0181 0.0486 0.0064 0.0158 0.0143 0.0088 0.8510 
      H083.5  2 0.0276 0.0196 0.0077 0.0175 0.0324 0.0097 0.0100 0.0104 0.0064 0.8587 
      H083.6  2 0.0123 0.0299 0.0134 0.0081 0.0608 0.0120 0.0185 0.0095 0.0088 0.8266 
      H083.7  2 0.0178 0.0150 0.0064 0.0264 0.0637 0.0069 0.0210 0.0148 0.0098 0.8180 
      H083.8  2 0.0090 0.0168 0.0070 0.0364 0.0196 0.0115 0.0117 0.0162 0.0084 0.8634 
      H083.9  2 0.0120 0.0121 0.0080 0.0155 0.0691 0.0088 0.0082 0.0076 0.0076 0.8511 
      H084.1  2 0.0576 0.0068 0.8168 0.0234 0.0176 0.0130 0.0144 0.0117 0.0281 0.0106 
      H084.2  2 0.0536 0.0086 0.8563 0.0073 0.0177 0.0093 0.0208 0.0059 0.0077 0.0128 
      H084.3  2 0.2711 0.0443 0.3724 0.0341 0.0279 0.0206 0.0139 0.0083 0.1990 0.0083 
      H084.4  2 0.1735 0.0316 0.6430 0.0163 0.0175 0.0121 0.0122 0.0079 0.0725 0.0134 
      H084.5  2 0.0836 0.0252 0.6957 0.0271 0.0091 0.0093 0.0112 0.0067 0.1244 0.0076 
      H084.6  2 0.1947 0.0149 0.5170 0.0337 0.0244 0.0186 0.0095 0.0118 0.1678 0.0075 
      H084.7  2 0.0141 0.0083 0.8920 0.0114 0.0151 0.0131 0.0146 0.0077 0.0105 0.0132 
      H084.8  2 0.1579 0.0151 0.6067 0.0448 0.0149 0.0117 0.0116 0.0077 0.1233 0.0064 
 H085.1_2002  2 0.0301 0.0131 0.0275 0.0161 0.1651 0.0378 0.0087 0.3115 0.0103 0.3797 
 H085.1_2003  2 0.0158 0.0071 0.0469 0.0350 0.1630 0.0115 0.0160 0.0174 0.0255 0.6617 
 H085.2_2002  2 0.1079 0.0183 0.1745 0.0112 0.2239 0.1838 0.0224 0.1524 0.0266 0.0792 
 H085.2_2003  2 0.0159 0.0148 0.0247 0.0246 0.0596 0.0154 0.0183 0.0147 0.0170 0.7951 
 H085.3_2002  2 0.0091 0.0093 0.1355 0.0343 0.1479 0.0645 0.0106 0.4584 0.0342 0.0962 
 H085.3_2003  2 0.0063 0.0076 0.0705 0.0164 0.0104 0.0083 0.0112 0.0131 0.0300 0.8262 
 H085.4_2002  2 0.0673 0.0117 0.0371 0.0106 0.0800 0.0684 0.0217 0.2505 0.0207 0.4319 
 H085.4_2003  2 0.0076 0.0114 0.0410 0.0161 0.0163 0.0282 0.0067 0.0146 0.0573 0.8009 
 H085.5_2002  2 0.0069 0.0070 0.0554 0.0324 0.0197 0.0353 0.0084 0.6845 0.0251 0.1252 
 H085.5_2003  2 0.0101 0.0126 0.0335 0.0157 0.0406 0.0075 0.0132 0.0099 0.0107 0.8463 
 H085.6_2002  2 0.0221 0.0136 0.1357 0.0489 0.1917 0.0731 0.0129 0.3553 0.0152 0.1316 
 H085.6_2003  2 0.0086 0.0191 0.2516 0.0681 0.0154 0.0580 0.0131 0.0592 0.2821 0.2248 
 H085.7_2002  2 0.0229 0.0390 0.1754 0.0341 0.1625 0.1827 0.0134 0.1675 0.0186 0.1838 
 H085.7_2003  2 0.0100 0.0080 0.0199 0.0327 0.0176 0.0107 0.0121 0.0124 0.0441 0.8324 
 H085.8_2002  2 0.0165 0.0161 0.4918 0.0119 0.0228 0.0788 0.0156 0.1793 0.0657 0.1017 
 H085.8_2003  2 0.0149 0.0175 0.0551 0.0690 0.3645 0.0555 0.0192 0.0239 0.0744 0.3059 
      H085.9  2 0.0412 0.0151 0.0394 0.0172 0.0763 0.0873 0.0100 0.3429 0.0251 0.3455 
      H088.1  2 0.0107 0.0194 0.0168 0.0218 0.8055 0.0256 0.0462 0.0208 0.0167 0.0165 
      H088.2  2 0.0095 0.0308 0.0138 0.0169 0.8388 0.0322 0.0169 0.0196 0.0112 0.0103 
      H088.3  2 0.0070 0.0330 0.0220 0.0159 0.8548 0.0122 0.0171 0.0177 0.0111 0.0093 
      H088.4  2 0.0120 0.0240 0.1084 0.0144 0.7100 0.0118 0.0495 0.0150 0.0222 0.0326 
      H088.5  2 0.0079 0.0110 0.0150 0.0084 0.8954 0.0078 0.0183 0.0143 0.0126 0.0094 
      H088.6  2 0.0080 0.0196 0.0243 0.0189 0.8258 0.0154 0.0372 0.0084 0.0200 0.0223 
      H088.7  2 0.0111 0.0348 0.0188 0.0859 0.5912 0.0202 0.0269 0.0115 0.0386 0.1609 
      H088.8  2 0.0107 0.0235 0.0353 0.1008 0.4456 0.0466 0.0613 0.0104 0.0597 0.2061 
      H091.1  2 0.0084 0.0082 0.0347 0.0241 0.8302 0.0110 0.0108 0.0118 0.0404 0.0204 
      H091.2  2 0.0055 0.0087 0.0148 0.0223 0.7803 0.0137 0.0201 0.0127 0.0702 0.0518 
      H109.1  2 0.0512 0.0251 0.1035 0.1200 0.0387 0.0166 0.4272 0.0920 0.0913 0.0343 
      H109.2  2 0.0168 0.0216 0.5507 0.1172 0.0290 0.0207 0.0613 0.0322 0.0528 0.0977 
      H109.3  2 0.0155 0.0251 0.0973 0.3434 0.0128 0.0878 0.2546 0.0142 0.0618 0.0875 
      H109.4  2 0.0350 0.0122 0.1282 0.0813 0.0280 0.0337 0.5001 0.0609 0.0794 0.0412 
      H109.5  2 0.0047 0.0187 0.0611 0.0747 0.0226 0.1517 0.0368 0.0157 0.2181 0.3958 
      H109.6  2 0.0212 0.0516 0.3887 0.1375 0.0187 0.0628 0.1666 0.0578 0.0466 0.0485 
      H126.1  2 0.0093 0.0388 0.0095 0.0176 0.0172 0.0519 0.1268 0.6731 0.0396 0.0163 
      H126.2  2 0.0459 0.0241 0.0100 0.0218 0.0200 0.0188 0.0594 0.2490 0.0096 0.5412 
      H126.3  2 0.0227 0.0464 0.0050 0.0115 0.0109 0.0160 0.0760 0.0895 0.0302 0.6917 
      H126.4  2 0.0115 0.0717 0.0148 0.0130 0.0200 0.0276 0.1120 0.6752 0.0155 0.0385 
      H126.5  2 0.0080 0.1949 0.0123 0.0129 0.0100 0.0566 0.0453 0.4067 0.0145 0.2390 
      H126.6  2 0.0060 0.0545 0.0047 0.0133 0.0138 0.0175 0.0088 0.0418 0.0075 0.8321 
      H126.7  2 0.0039 0.0147 0.0078 0.0108 0.0108 0.0066 0.0138 0.0170 0.0059 0.9088 
      H130.1  2 0.0102 0.0216 0.1810 0.0750 0.1056 0.2059 0.1544 0.2003 0.0299 0.0160 
      H130.2  2 0.0102 0.0118 0.7886 0.0339 0.0361 0.0297 0.0401 0.0138 0.0121 0.0237 
      H130.3  2 0.0065 0.0102 0.3133 0.0469 0.0180 0.1105 0.4388 0.0133 0.0090 0.0336 
      H130.4  2 0.0411 0.0313 0.1929 0.0704 0.0561 0.1479 0.2811 0.1494 0.0173 0.0126 
      H130.5  2 0.0066 0.0104 0.7306 0.0258 0.0694 0.0494 0.0223 0.0405 0.0159 0.0291 
      H133.1  2 0.1736 0.0210 0.1902 0.1516 0.0508 0.0557 0.1728 0.0556 0.0353 0.0934 
      H133.2  2 0.0148 0.0235 0.3237 0.0846 0.0156 0.1071 0.0640 0.3018 0.0257 0.0391 
      H133.3  2 0.1276 0.0162 0.1005 0.2236 0.0505 0.1121 0.0788 0.0231 0.0444 0.2234 
      H133.4  2 0.0765 0.0153 0.0848 0.4105 0.0194 0.1011 0.1580 0.0659 0.0356 0.0328 
      H133.5  2 0.0173 0.0172 0.0980 0.0126 0.0146 0.0388 0.7371 0.0464 0.0061 0.0120 
      H133.6  2 0.0113 0.0151 0.3844 0.0333 0.0568 0.0331 0.1980 0.2273 0.0139 0.0269 
      H133.7  2 0.0458 0.0104 0.0146 0.7756 0.0127 0.0284 0.0100 0.0224 0.0517 0.0283 
      H133.8  2 0.1414 0.0271 0.0573 0.2063 0.0373 0.0523 0.1831 0.1651 0.0984 0.0318 
      H133.9  2 0.1457 0.0257 0.1283 0.1687 0.0779 0.0592 0.2767 0.0372 0.0304 0.0503 
      H147.1  2 0.0172 0.0342 0.0919 0.0253 0.0399 0.0140 0.0051 0.0326 0.4087 0.3309 
      H147.2  2 0.0064 0.0158 0.0368 0.0067 0.0090 0.0088 0.0056 0.0226 0.0152 0.8730 
      H147.3  2 0.0055 0.0136 0.0303 0.0077 0.0084 0.0122 0.0065 0.0311 0.0182 0.8665 
      H147.4  2 0.0301 0.0193 0.0389 0.0095 0.0107 0.0094 0.0054 0.0098 0.0189 0.8479 
      H147.5  2 0.0092 0.0246 0.2510 0.0132 0.0615 0.0195 0.0171 0.0543 0.0375 0.5122 
      H147.6  2 0.0097 0.0379 0.3200 0.0189 0.0865 0.0187 0.0198 0.0481 0.0428 0.3978 
      H147.7  2 0.0347 0.0176 0.0490 0.0108 0.0136 0.0131 0.0075 0.0097 0.0379 0.8060 
      H147.8  2 0.0353 0.0151 0.0588 0.0123 0.0631 0.0071 0.0083 0.0062 0.0272 0.7666 
      H147.9  2 0.0068 0.0125 0.0200 0.0052 0.0073 0.0093 0.0054 0.0199 0.0111 0.9025 
      H148.1  2 0.1124 0.0952 0.2041 0.0352 0.1018 0.0555 0.0616 0.0709 0.2446 0.0187 
      H148.2  2 0.0794 0.0496 0.0402 0.0221 0.0218 0.0526 0.0374 0.0541 0.6187 0.0241 
      H148.3  2 0.0272 0.0135 0.0147 0.0351 0.0122 0.2971 0.0110 0.0128 0.5679 0.0084 
      H148.4  2 0.0691 0.2488 0.0290 0.0172 0.0178 0.1441 0.0383 0.0588 0.3563 0.0207 
      H148.5  2 0.0661 0.0509 0.0321 0.0307 0.0324 0.0742 0.0190 0.0245 0.6559 0.0142 
      H148.6  2 0.1791 0.0500 0.0250 0.0360 0.0644 0.2061 0.0167 0.0285 0.3779 0.0162 
      H148.7  2 0.0341 0.0252 0.0218 0.0436 0.0250 0.0297 0.0804 0.0120 0.7184 0.0098 
      H148.8  2 0.0297 0.0096 0.0128 0.0110 0.0139 0.3896 0.0086 0.0213 0.4960 0.0075 
      H148.9  2 0.2474 0.0345 0.0277 0.1099 0.0254 0.0564 0.0541 0.1254 0.3056 0.0136 
   H166022.1  2 0.0093 0.0102 0.0186 0.0096 0.8913 0.0098 0.0050 0.0092 0.0220 0.0150 
   H166022.2  2 0.0111 0.0821 0.2940 0.0246 0.4755 0.0237 0.0127 0.0134 0.0271 0.0358 
   H166022.3  2 0.0048 0.0130 0.0183 0.0131 0.9030 0.0092 0.0176 0.0050 0.0103 0.0057 
   H166022.4  2 0.0056 0.0275 0.0342 0.0125 0.8722 0.0081 0.0166 0.0058 0.0097 0.0079 
   H166022.5  2 0.0052 0.0341 0.2057 0.0144 0.6821 0.0120 0.0167 0.0056 0.0115 0.0127 
   H166022.6  2 0.0162 0.0144 0.0588 0.0172 0.8252 0.0104 0.0083 0.0167 0.0210 0.0118 
   H166022.7  2 0.0273 0.0078 0.0109 0.0081 0.0062 0.0064 0.9071 0.0114 0.0058 0.0090 
   H166022.8  2 0.0074 0.2236 0.3681 0.0240 0.2557 0.0289 0.0105 0.0316 0.0338 0.0166 
   H167397.1  2 0.4552 0.1022 0.0212 0.0171 0.0377 0.0255 0.0122 0.0199 0.1955 0.1136 
   H167397.2  2 0.4281 0.2676 0.0140 0.0200 0.0468 0.0857 0.0099 0.0215 0.0809 0.0254 
   H167397.3  2 0.5561 0.1183 0.0103 0.0183 0.0265 0.0409 0.0063 0.0101 0.1365 0.0767 
   H167397.4  2 0.6904 0.0274 0.0165 0.0191 0.0191 0.0365 0.0213 0.0120 0.1189 0.0389 
   H167397.5  2 0.6153 0.1019 0.0422 0.0230 0.0254 0.0283 0.0265 0.0223 0.0694 0.0457 
   H167397.6  2 0.5309 0.0177 0.0068 0.0236 0.0275 0.0366 0.0106 0.0145 0.2775 0.0541 
   H167496.1  2 0.0097 0.0139 0.0404 0.0704 0.1120 0.6193 0.0565 0.0077 0.0477 0.0224 
   H167496.2  2 0.0205 0.2612 0.1187 0.1859 0.0245 0.0666 0.0542 0.0226 0.0718 0.1740 
   H167496.3  2 0.0091 0.0213 0.0454 0.0995 0.2551 0.3793 0.0329 0.0664 0.0481 0.0427 
   H167496.4  2 0.0070 0.0140 0.0128 0.0087 0.8937 0.0108 0.0145 0.0077 0.0100 0.0207 
   H167496.6  2 0.0071 0.1304 0.2602 0.0180 0.4455 0.0120 0.0381 0.0176 0.0151 0.0560 
   H167496.7  2 0.0063 0.0559 0.0968 0.1658 0.0469 0.2560 0.0580 0.0131 0.2808 0.0203 
   H167496.8  2 0.0097 0.1039 0.2795 0.0247 0.4298 0.0156 0.0186 0.0153 0.0291 0.0738 
   H167513.1  2 0.0123 0.0181 0.0138 0.8865 0.0138 0.0065 0.0130 0.0119 0.0121 0.0121 
   H167513.2  2 0.0338 0.0097 0.0151 0.8373 0.0103 0.0150 0.0113 0.0183 0.0364 0.0128 
   H167513.3  2 0.0146 0.0293 0.0395 0.8195 0.0186 0.0109 0.0415 0.0067 0.0095 0.0098 
   H167513.4  2 0.0123 0.0240 0.0355 0.6833 0.1534 0.0070 0.0205 0.0121 0.0383 0.0137 
   H167513.5  2 0.0395 0.0119 0.0176 0.8429 0.0189 0.0099 0.0084 0.0173 0.0233 0.0102 
   H167513.6  2 0.0151 0.0292 0.0316 0.8203 0.0297 0.0225 0.0094 0.0177 0.0128 0.0116 
   H167513.7  2 0.0453 0.0174 0.0528 0.7643 0.0461 0.0096 0.0265 0.0122 0.0080 0.0179 
   H167513.8  2 0.0376 0.0666 0.0625 0.7563 0.0096 0.0058 0.0375 0.0091 0.0061 0.0088 
   H167547.1  2 0.0170 0.0176 0.0182 0.1459 0.0259 0.0994 0.0181 0.0159 0.6345 0.0074 
   H167547.2  2 0.0120 0.0058 0.0086 0.0281 0.0190 0.0254 0.0081 0.0084 0.8771 0.0075 
   H167547.3  2 0.0104 0.0063 0.0086 0.0216 0.0223 0.0230 0.0071 0.0088 0.8844 0.0074 
   H167547.4  2 0.0384 0.0120 0.0160 0.0480 0.5744 0.1005 0.0234 0.0635 0.1145 0.0093 
   H167547.5  2 0.0085 0.0063 0.0090 0.0116 0.0553 0.0145 0.0079 0.0150 0.8628 0.0092 
   H167547.6  2 0.0077 0.0057 0.0108 0.0119 0.0583 0.0095 0.0097 0.0144 0.8655 0.0065 
   H167547.7  2 0.0123 0.0094 0.0148 0.1067 0.0124 0.7378 0.0263 0.0448 0.0196 0.0159 
   H169750.1  2 0.0128 0.0240 0.0583 0.4855 0.0907 0.1299 0.1099 0.0433 0.0128 0.0327 
   H169750.2  2 0.0485 0.0583 0.2608 0.1120 0.0178 0.0791 0.0449 0.0399 0.2046 0.1340 
   H169750.3  2 0.0041 0.0091 0.1264 0.6390 0.0246 0.0366 0.0856 0.0381 0.0119 0.0245 
   H169750.4  2 0.0768 0.3412 0.0360 0.1252 0.0210 0.1513 0.1136 0.0431 0.0508 0.0409 
   H169750.5  2 0.0168 0.0188 0.0787 0.2950 0.1109 0.1141 0.1503 0.0400 0.0170 0.1583 
   H169750.6  2 0.0142 0.0148 0.2093 0.0662 0.0264 0.0135 0.1032 0.0987 0.0198 0.4338 
   H169750.7  2 0.0263 0.1733 0.0558 0.3442 0.0179 0.1254 0.0900 0.0592 0.0369 0.0709 
   H171929.1  2 0.0861 0.0093 0.0074 0.7963 0.0122 0.0170 0.0079 0.0274 0.0240 0.0123 
  H171929.10  2 0.0421 0.0171 0.0421 0.7373 0.0529 0.0217 0.0060 0.0209 0.0343 0.0256 
  H171929.11  2 0.0647 0.0123 0.0125 0.8253 0.0111 0.0112 0.0090 0.0294 0.0138 0.0108 
   H171929.2  2 0.0061 0.0047 0.0066 0.9361 0.0084 0.0077 0.0060 0.0083 0.0112 0.0049 
   H171929.3  2 0.0229 0.0054 0.0089 0.8943 0.0122 0.0078 0.0056 0.0079 0.0246 0.0104 
   H171929.4  2 0.0055 0.0092 0.0114 0.8371 0.0261 0.0324 0.0098 0.0266 0.0159 0.0258 
   H171929.5  2 0.0120 0.0066 0.0071 0.9278 0.0070 0.0072 0.0071 0.0079 0.0094 0.0080 
   H171929.6  2 0.0151 0.0072 0.0071 0.9281 0.0076 0.0045 0.0073 0.0077 0.0076 0.0077 
   H171929.7  2 0.0070 0.0058 0.0056 0.8940 0.0096 0.0148 0.0094 0.0269 0.0095 0.0175 
   H171929.8  2 0.0077 0.0050 0.0086 0.8954 0.0100 0.0156 0.0050 0.0352 0.0072 0.0102 
   H171929.9  2 0.0057 0.0139 0.0272 0.8372 0.0212 0.0133 0.0084 0.0368 0.0082 0.0281 
   H171930.1  2 0.0501 0.0480 0.4852 0.1302 0.0110 0.0112 0.1801 0.0182 0.0505 0.0154 
   H171930.2  2 0.0109 0.0074 0.7396 0.0316 0.0342 0.0135 0.0597 0.0198 0.0677 0.0155 
   H171930.3  2 0.0324 0.0090 0.8281 0.0090 0.0150 0.0163 0.0520 0.0085 0.0200 0.0099 
   H171930.4  2 0.0173 0.0219 0.6443 0.0109 0.0308 0.0164 0.1223 0.0065 0.1206 0.0091 
   H171930.5  2 0.0253 0.0141 0.5367 0.1076 0.0177 0.0207 0.1558 0.0723 0.0231 0.0267 
   H171930.6  2 0.0073 0.0121 0.8094 0.0111 0.0195 0.0117 0.0366 0.0090 0.0483 0.0348 
   H171930.7  2 0.0312 0.0133 0.8662 0.0126 0.0081 0.0097 0.0166 0.0096 0.0222 0.0105 
   H171930.8  2 0.0136 0.0203 0.8799 0.0175 0.0080 0.0110 0.0070 0.0101 0.0201 0.0124 
   H171933.1  2 0.0337 0.0061 0.0147 0.0205 0.8690 0.0175 0.0086 0.0075 0.0153 0.0070 
   H171933.2  2 0.0628 0.0166 0.0216 0.0166 0.7976 0.0174 0.0116 0.0220 0.0186 0.0153 
   H171933.3  2 0.0144 0.0083 0.0156 0.0233 0.8343 0.0274 0.0086 0.0300 0.0308 0.0071 
   H171933.4  2 0.0063 0.0235 0.0389 0.4741 0.3997 0.0167 0.0088 0.0111 0.0128 0.0081 
   H171933.5  2 0.0092 0.0188 0.0569 0.6786 0.1378 0.0335 0.0184 0.0196 0.0214 0.0057 
   H171933.6  2 0.0051 0.0069 0.0092 0.0084 0.9152 0.0085 0.0099 0.0078 0.0087 0.0202 
   H171933.7  2 0.0274 0.0589 0.1470 0.0238 0.5451 0.0246 0.0207 0.0803 0.0571 0.0152 
   H171933.8  2 0.0555 0.0694 0.1766 0.1595 0.4239 0.0239 0.0099 0.0305 0.0323 0.0185 
   H171933.9  2 0.0052 0.0112 0.0291 0.0229 0.8871 0.0077 0.0108 0.0107 0.0085 0.0067 
      H190.1  2 0.0061 0.0162 0.6525 0.0299 0.0342 0.0334 0.1735 0.0088 0.0318 0.0135 
      H190.2  2 0.0064 0.0087 0.0311 0.0078 0.0086 0.0102 0.0071 0.0250 0.8759 0.0192 
      H190.3  2 0.0085 0.0079 0.0363 0.0207 0.0321 0.0698 0.0231 0.1069 0.6726 0.0221 
      H190.4  2 0.0088 0.0062 0.4277 0.1007 0.1913 0.1152 0.0958 0.0259 0.0184 0.0100 
      H190.5  2 0.0068 0.0179 0.0693 0.0177 0.0201 0.0075 0.0155 0.0418 0.7632 0.0403 
      H190.6  2 0.0090 0.0064 0.3697 0.1169 0.1494 0.2045 0.0618 0.0415 0.0249 0.0160 
      H190.7  2 0.0126 0.0120 0.0366 0.0611 0.0350 0.3568 0.0114 0.4184 0.0413 0.0148 
      H190.8  2 0.0058 0.0387 0.6149 0.0209 0.0158 0.0151 0.0224 0.0609 0.1682 0.0372 
      H190.9  2 0.0136 0.0155 0.2245 0.1018 0.0189 0.0502 0.0193 0.1252 0.4144 0.0165 
      H400.1  2 0.0071 0.0103 0.0215 0.0106 0.9104 0.0067 0.0073 0.0095 0.0078 0.0088 
      H400.2  2 0.0084 0.0095 0.0163 0.0112 0.9023 0.0049 0.0086 0.0097 0.0125 0.0166 
      H400.3  2 0.0135 0.0123 0.0452 0.0107 0.8195 0.0270 0.0227 0.0149 0.0197 0.0146 
      H400.4  2 0.0047 0.0102 0.0421 0.0184 0.8390 0.0083 0.0173 0.0117 0.0180 0.0303 
      H400.5  2 0.0076 0.0060 0.0211 0.0327 0.8710 0.0196 0.0135 0.0104 0.0076 0.0104 
      H400.6  2 0.0048 0.0080 0.0134 0.0078 0.9138 0.0070 0.0065 0.0158 0.0108 0.0120 
      H400.7  2 0.0059 0.0097 0.0175 0.0189 0.8973 0.0105 0.0078 0.0146 0.0103 0.0075 
