      H105.1  1 0.0846 0.3667 0.0461 0.0676 0.4350 
      H105.2  1 0.4960 0.0473 0.0665 0.1694 0.2209 
      H105.3  1 0.0599 0.4123 0.0728 0.0801 0.3750 
      H105.4  1 0.1558 0.0413 0.1374 0.4714 0.1940 
      H105.5  1 0.0858 0.0363 0.1363 0.3020 0.4396 
      H105.6  1 0.0206 0.1832 0.1225 0.4902 0.1835 
      H105.7  1 0.1012 0.6910 0.0279 0.1016 0.0783 
      H105.8  1 0.0969 0.4046 0.1310 0.0814 0.2861 
      H115.1  1 0.0638 0.2822 0.4383 0.0315 0.1842 
      H115.2  1 0.0550 0.0317 0.8241 0.0284 0.0609 
      H115.3  1 0.0538 0.0183 0.8029 0.0272 0.0979 
      H115.4  1 0.2478 0.0249 0.0486 0.0319 0.6468 
      H115.5  1 0.0783 0.0348 0.8134 0.0329 0.0407 
      H115.6  1 0.0875 0.0431 0.6873 0.0559 0.1262 
      H115.7  1 0.2905 0.0291 0.2103 0.2230 0.2471 
      H115.8  1 0.0269 0.0402 0.8949 0.0135 0.0245 
      H115.9  1 0.0312 0.2946 0.6174 0.0203 0.0365 
      H145.1  1 0.0142 0.0189 0.0887 0.8040 0.0742 
      H145.2  1 0.0131 0.0166 0.1809 0.7268 0.0626 
      H145.3  1 0.0636 0.1130 0.0745 0.7196 0.0292 
      H145.4  1 0.0123 0.0111 0.0191 0.9356 0.0220 
      H145.5  1 0.0217 0.0232 0.1807 0.7258 0.0486 
      H145.6  1 0.0315 0.0177 0.0731 0.8537 0.0241 
      H145.7  1 0.0401 0.0190 0.0147 0.9063 0.0199 
      H149.1  1 0.0147 0.0149 0.0277 0.0721 0.8706 
      H149.2  1 0.0244 0.0108 0.0154 0.1383 0.8112 
      H149.3  1 0.0576 0.0231 0.0311 0.2173 0.6708 
      H149.4  1 0.0285 0.0220 0.0224 0.0469 0.8801 
      H149.5  1 0.0986 0.0192 0.0097 0.1419 0.7306 
      H149.6  1 0.0367 0.0118 0.0125 0.1770 0.7620 
      H149.7  1 0.0910 0.0504 0.0191 0.0936 0.7459 
      H150.1  1 0.0155 0.0209 0.9312 0.0168 0.0157 
      H150.2  1 0.0317 0.0191 0.8560 0.0350 0.0582 
      H150.3  1 0.0261 0.0753 0.7034 0.1661 0.0291 
      H150.4  1 0.0129 0.0387 0.9141 0.0257 0.0085 
      H150.5  1 0.1571 0.0237 0.5649 0.1499 0.1044 
      H150.6  1 0.2651 0.0107 0.4257 0.0448 0.2538 
      H150.7  1 0.0081 0.0309 0.9298 0.0183 0.0129 
   H169607.1  1 0.2307 0.1191 0.2301 0.1312 0.2889 
   H169607.2  1 0.0449 0.3211 0.0467 0.2065 0.3808 
   H169607.3  1 0.6043 0.1117 0.0665 0.1414 0.0760 
   H169607.4  1 0.0497 0.0344 0.0798 0.3772 0.4589 
   H169607.5  1 0.0885 0.2408 0.0801 0.2455 0.3451 
   H169607.6  1 0.1110 0.1800 0.0394 0.1673 0.5023 
   H169607.7  1 0.0685 0.2132 0.0401 0.0468 0.6314 
   H169607.8  1 0.0907 0.1606 0.0474 0.2721 0.4292 
   H169633.1  1 0.1023 0.0316 0.2275 0.4026 0.2359 
   H169633.2  1 0.1244 0.1320 0.0370 0.1693 0.5373 
   H169633.3  1 0.0444 0.1652 0.0191 0.2979 0.4733 
   H169633.4  1 0.0397 0.0218 0.2223 0.1954 0.5208 
   H169633.5  1 0.0502 0.0182 0.2101 0.2082 0.5133 
   H169688.1  1 0.8369 0.0257 0.0117 0.0589 0.0668 
   H169688.2  1 0.8891 0.0300 0.0259 0.0178 0.0372 
   H169688.3  1 0.7591 0.0209 0.0414 0.0763 0.1023 
   H169688.4  1 0.3465 0.0352 0.5318 0.0282 0.0582 
   H169688.5  1 0.3777 0.0354 0.5096 0.0333 0.0440 
   H169688.6  1 0.7486 0.0201 0.0787 0.0270 0.1256 
   H169688.7  1 0.5114 0.0385 0.1047 0.1713 0.1740 
   H171901.1  1 0.1150 0.0225 0.5636 0.2693 0.0296 
   H171901.2  1 0.0389 0.0268 0.0731 0.2312 0.6300 
   H171901.3  1 0.1210 0.0305 0.0486 0.0986 0.7013 
   H171901.4  1 0.0353 0.0294 0.0268 0.0405 0.8679 
   H171901.5  1 0.0247 0.0132 0.0216 0.0287 0.9118 
   H171901.6  1 0.0181 0.0217 0.0333 0.1447 0.7822 
   H171901.7  1 0.0397 0.0290 0.0356 0.0848 0.8108 
   H171902.1  1 0.0548 0.0421 0.3806 0.0414 0.4811 
  H171902.10  1 0.0148 0.0106 0.0171 0.0174 0.9402 
   H171902.2  1 0.3424 0.1807 0.1464 0.0473 0.2832 
   H171902.3  1 0.0169 0.0170 0.0321 0.0228 0.9112 
   H171902.4  1 0.0280 0.0353 0.1550 0.1584 0.6233 
   H171902.6  1 0.0149 0.0127 0.0330 0.0327 0.9067 
   H171902.7  1 0.0157 0.0179 0.1346 0.0418 0.7900 
   H171902.8  1 0.0226 0.0129 0.0614 0.0328 0.8702 
   H171902.9  1 0.0325 0.0398 0.5366 0.1312 0.2598 
   H171903.1  1 0.0592 0.1062 0.0537 0.3289 0.4520 
   H171903.2  1 0.0956 0.3726 0.1368 0.0937 0.3013 
   H171903.3  1 0.0760 0.1474 0.0775 0.1116 0.5875 
   H171903.4  1 0.2474 0.0215 0.0605 0.5683 0.1023 
   H171903.5  1 0.1360 0.0979 0.0985 0.0322 0.6354 
   H171903.6  1 0.2528 0.0438 0.0350 0.0650 0.6035 
      H177.1  1 0.1685 0.0163 0.0366 0.1408 0.6379 
      H177.2  1 0.0771 0.1634 0.0616 0.0845 0.6134 
      H177.3  1 0.0221 0.0204 0.0643 0.0871 0.8061 
      H177.4  1 0.1658 0.0231 0.0224 0.1336 0.6551 
      H177.5  1 0.7963 0.0296 0.0263 0.0815 0.0663 
      H177.6  1 0.0164 0.0159 0.0610 0.0654 0.8413 
      H179.1  1 0.2970 0.1175 0.0544 0.0195 0.5115 
      H179.2  1 0.1312 0.1873 0.0287 0.0177 0.6351 
      H179.3  1 0.5364 0.2488 0.0653 0.0172 0.1323 
      H179.4  1 0.0576 0.1015 0.0143 0.0279 0.7988 
      H180.1  1 0.3186 0.0143 0.1295 0.0188 0.5188 
      H180.2  1 0.4084 0.0128 0.2526 0.0378 0.2884 
      H180.3  1 0.1974 0.1111 0.3476 0.0494 0.2945 
      H180.4  1 0.3417 0.0382 0.1364 0.1105 0.3731 
      H180.5  1 0.1810 0.0937 0.2395 0.0532 0.4325 
      H180.6  1 0.0332 0.5089 0.2876 0.0868 0.0835 
      H181.1  1 0.4384 0.0145 0.0532 0.0300 0.4639 
      H181.2  1 0.2279 0.0323 0.0415 0.0455 0.6527 
      H181.3  1 0.5575 0.0338 0.0381 0.0504 0.3203 
      H181.4  1 0.4299 0.0420 0.0380 0.0744 0.4157 
      H181.5  1 0.6863 0.0805 0.0250 0.0281 0.1801 
      H181.6  1 0.2325 0.0781 0.0691 0.0538 0.5665 
      H181.7  1 0.3391 0.0913 0.0490 0.0251 0.4955 
 H194.1_2004  1 0.0182 0.0347 0.0238 0.8972 0.0261 
 H194.2_2004  1 0.0466 0.0123 0.0174 0.9079 0.0158 
 H194.3_2004  1 0.0115 0.0170 0.0172 0.8549 0.0994 
 H194.4_2004  1 0.0461 0.0119 0.0304 0.8530 0.0586 
 H194.5_2004  1 0.0194 0.0361 0.0130 0.8341 0.0974 
 H194.6_2004  1 0.1507 0.0416 0.0240 0.4962 0.2874 
 H194.7_2004  1 0.0246 0.0845 0.0127 0.8616 0.0166 
 H194.8_2004  1 0.1498 0.0303 0.0206 0.7346 0.0647 
      H194.9  1 0.0242 0.0704 0.0179 0.8728 0.0147 
 H195.1_2003  1 0.0313 0.0226 0.0110 0.8320 0.1031 
 H195.1_2004  1 0.0402 0.0116 0.0426 0.8543 0.0513 
 H195.2_2003  1 0.0584 0.1038 0.0483 0.7149 0.0745 
 H195.2_2004  1 0.0407 0.0252 0.0200 0.8974 0.0167 
 H195.3_2003  1 0.0484 0.0444 0.0502 0.8155 0.0415 
 H195.3_2004  1 0.0176 0.0102 0.0206 0.9081 0.0435 
 H195.4_2003  1 0.0150 0.0174 0.0097 0.9309 0.0271 
 H195.4_2004  1 0.1947 0.0537 0.0146 0.7194 0.0176 
 H195.5_2003  1 0.0335 0.0162 0.0113 0.8809 0.0582 
 H195.5_2004  1 0.0312 0.0127 0.0188 0.9091 0.0282 
 H195.6_2003  1 0.0442 0.0227 0.0308 0.8661 0.0362 
 H195.6_2004  1 0.0116 0.0112 0.0127 0.9363 0.0282 
 H195.7_2003  1 0.1974 0.0457 0.0082 0.7131 0.0357 
 H195.7_2004  1 0.0576 0.0174 0.1492 0.7409 0.0350 
      H195.8  1 0.1005 0.0226 0.0209 0.8420 0.0140 
      H195.9  1 0.0354 0.0434 0.0148 0.8605 0.0458 
      H415.1  1 0.0308 0.1400 0.5056 0.1017 0.2220 
      H415.2  1 0.0166 0.0194 0.1335 0.0432 0.7873 
      H415.3  1 0.0181 0.0549 0.0198 0.0469 0.8602 
      H415.4  1 0.0313 0.1389 0.1133 0.1210 0.5954 
      H415.5  1 0.0170 0.0293 0.0220 0.0382 0.8936 
      H415.6  1 0.0248 0.1395 0.1173 0.1205 0.5980 
      H415.7  1 0.0188 0.0385 0.0531 0.0974 0.7923 
      H506.1  1 0.0258 0.0345 0.0316 0.0103 0.8978 
      H506.2  1 0.0143 0.0186 0.0161 0.0137 0.9372 
      H506.3  1 0.1026 0.0648 0.1833 0.0190 0.6303 
      H506.4  1 0.0505 0.0530 0.0594 0.0138 0.8233 
      H506.5  1 0.0225 0.0313 0.0339 0.0130 0.8992 
      H506.6  1 0.1413 0.0477 0.3751 0.0193 0.4166 
      H506.7  1 0.0169 0.0307 0.0257 0.0127 0.9140 
      H533.1  1 0.0196 0.0157 0.0217 0.0098 0.9332 
      H533.2  1 0.0195 0.0115 0.0260 0.0092 0.9338 
      H533.3  1 0.0362 0.0359 0.0269 0.0077 0.8933 
      H533.4  1 0.0356 0.0246 0.0462 0.0165 0.8771 
      H535.1  1 0.0155 0.0362 0.0207 0.0527 0.8749 
      H535.2  1 0.1062 0.1855 0.0098 0.0707 0.6278 
      H535.3  1 0.1865 0.2527 0.0280 0.0662 0.4666 
      H535.4  1 0.0191 0.0138 0.0071 0.0356 0.9244 
      H535.5  1 0.0151 0.0122 0.0083 0.0153 0.9491 
      H535.6  1 0.1371 0.0730 0.0233 0.1223 0.6443 
      H535.7  1 0.0160 0.0395 0.0164 0.0136 0.9146 
      H535.8  1 0.0709 0.0858 0.0155 0.0372 0.7906 
      H535.9  1 0.0228 0.0303 0.0460 0.0265 0.8745 
      H539.1  1 0.0070 0.0266 0.9455 0.0108 0.0101 
      H539.2  1 0.1989 0.1260 0.2890 0.0287 0.3574 
      H539.3  1 0.0298 0.0482 0.8528 0.0504 0.0188 
      H539.4  1 0.0131 0.0156 0.9435 0.0090 0.0188 
      H539.5  1 0.0105 0.0804 0.8788 0.0169 0.0134 
      H539.6  1 0.0144 0.1096 0.8344 0.0279 0.0136 
      H539.7  1 0.0180 0.0187 0.9171 0.0335 0.0127 
      H539.8  1 0.0277 0.0199 0.9035 0.0314 0.0175 
      H539.9  1 0.0109 0.0218 0.9485 0.0101 0.0087 
      H540.1  1 0.0204 0.0201 0.8977 0.0217 0.0400 
      H540.2  1 0.0163 0.0213 0.9075 0.0392 0.0157 
      H540.3  1 0.0337 0.0093 0.9201 0.0215 0.0154 
      H540.4  1 0.0335 0.0242 0.8405 0.0499 0.0519 
      H540.5  1 0.0135 0.0173 0.9372 0.0127 0.0193 
      H540.6  1 0.0433 0.0559 0.8349 0.0286 0.0374 
      H540.7  1 0.0209 0.0836 0.7761 0.0358 0.0837 
      H540.8  1 0.0229 0.0188 0.5669 0.1396 0.2518 
     H9558.1  1 0.0137 0.0126 0.9345 0.0192 0.0201 
     H9558.2  1 0.0181 0.0363 0.9061 0.0232 0.0164 
     H9558.3  1 0.0156 0.0502 0.8969 0.0227 0.0145 
     H9558.4  1 0.0214 0.0197 0.9078 0.0166 0.0345 
     H9558.5  1 0.0237 0.0118 0.9312 0.0118 0.0215 
     H9558.6  1 0.0378 0.1380 0.7647 0.0415 0.0180 
    kos339.1  1 0.0219 0.0283 0.0128 0.0152 0.9219 
    kos339.2  1 0.0217 0.0693 0.0329 0.0903 0.7857 
    kos339.3  1 0.0114 0.0172 0.0147 0.0346 0.9222 
    kos339.4  1 0.0144 0.0257 0.0170 0.0568 0.8861 
    kos339.5  1 0.0166 0.0358 0.0108 0.0450 0.8917 
    kos339.6  1 0.0185 0.0163 0.0247 0.1033 0.8372 
    kos339.7  1 0.0101 0.0167 0.0124 0.0148 0.9459 
    kos339.8  1 0.0186 0.0158 0.0109 0.0196 0.9352 
    kos339.9  1 0.0131 0.0240 0.0273 0.1156 0.8200 
      H008.1  2 0.0141 0.9346 0.0172 0.0167 0.0174 
      H008.2  2 0.0711 0.2382 0.4163 0.0283 0.2460 
      H008.3  2 0.2528 0.2056 0.2821 0.0715 0.1880 
      H008.4  2 0.0198 0.8662 0.0541 0.0351 0.0247 
      H008.5  2 0.0298 0.8810 0.0332 0.0202 0.0359 
      H008.6  2 0.0261 0.5173 0.3194 0.0306 0.1065 
      H008.7  2 0.0481 0.6802 0.1464 0.0504 0.0749 
      H008.8  2 0.0204 0.3010 0.6115 0.0291 0.0379 
      H008.9  2 0.0411 0.0633 0.7489 0.0796 0.0672 
 H029.1_2002  2 0.0227 0.9097 0.0396 0.0155 0.0125 
 H029.1_2003  2 0.1716 0.6913 0.0551 0.0314 0.0505 
 H029.2_2002  2 0.0411 0.8331 0.0298 0.0341 0.0619 
 H029.2_2003  2 0.1617 0.6298 0.0443 0.0374 0.1268 
 H029.3_2002  2 0.3404 0.5067 0.0417 0.0374 0.0738 
 H029.3_2003  2 0.0421 0.9051 0.0123 0.0144 0.0261 
 H029.4_2002  2 0.0245 0.9374 0.0158 0.0121 0.0102 
 H029.4_2003  2 0.1735 0.6555 0.1209 0.0211 0.0289 
 H029.5_2002  2 0.0153 0.9456 0.0138 0.0147 0.0105 
 H029.5_2003  2 0.0465 0.8923 0.0279 0.0150 0.0183 
 H029.6_2002  2 0.1854 0.7615 0.0228 0.0178 0.0125 
 H029.6_2003  2 0.0352 0.7585 0.0350 0.0532 0.1180 
      H029.7  2 0.0255 0.9098 0.0223 0.0206 0.0218 
      H030.1  2 0.8187 0.0825 0.0141 0.0271 0.0576 
      H030.2  2 0.4900 0.3352 0.1085 0.0264 0.0400 
      H038.1  2 0.0208 0.9121 0.0436 0.0116 0.0117 
      H038.2  2 0.0153 0.9500 0.0092 0.0100 0.0155 
      H038.3  2 0.0153 0.9174 0.0323 0.0147 0.0203 
      H038.4  2 0.0158 0.9211 0.0253 0.0234 0.0143 
      H038.5  2 0.0461 0.8839 0.0373 0.0136 0.0191 
      H038.6  2 0.0263 0.9254 0.0242 0.0083 0.0158 
      H038.7  2 0.0110 0.9501 0.0179 0.0074 0.0135 
      H038.8  2 0.0410 0.8715 0.0567 0.0158 0.0150 
      H041.1  2 0.0794 0.7934 0.0237 0.0803 0.0232 
      H041.2  2 0.0439 0.8369 0.0291 0.0674 0.0226 
      H041.4  2 0.0531 0.7742 0.0847 0.0718 0.0161 
      H041.6  2 0.0474 0.7714 0.0686 0.0948 0.0178 
 H042.1_2002  2 0.5403 0.0366 0.0695 0.2940 0.0596 
 H042.1_2003  2 0.0376 0.2482 0.5244 0.0874 0.1025 
 H042.2_2002  2 0.0761 0.8590 0.0204 0.0208 0.0237 
 H042.2_2003  2 0.0308 0.5547 0.0499 0.3286 0.0361 
 H042.3_2002  2 0.4530 0.0842 0.0975 0.3000 0.0654 
 H042.3_2003  2 0.1615 0.4256 0.2260 0.1485 0.0384 
 H042.4_2002  2 0.7429 0.0760 0.0558 0.0920 0.0333 
 H042.4_2003  2 0.4075 0.2920 0.0393 0.2364 0.0248 
      H042.5  2 0.8756 0.0244 0.0118 0.0730 0.0152 
      H042.6  2 0.7949 0.0694 0.0410 0.0657 0.0289 
      H042.7  2 0.1571 0.0936 0.0135 0.7173 0.0185 
      H042.8  2 0.6306 0.1743 0.0473 0.1289 0.0188 
   H042_2002  2 0.0315 0.5901 0.2371 0.0971 0.0442 
   H042_2003  2 0.0325 0.6099 0.2121 0.1114 0.0341 
      H043.1  2 0.0318 0.0459 0.8618 0.0174 0.0432 
      H043.2  2 0.0091 0.0362 0.9147 0.0246 0.0155 
      H043.3  2 0.0168 0.6419 0.2640 0.0239 0.0534 
      H043.4  2 0.0165 0.1411 0.7842 0.0250 0.0332 
      H043.5  2 0.0089 0.0614 0.9034 0.0106 0.0157 
      H043.6  2 0.0137 0.1354 0.8196 0.0139 0.0174 
      H043.7  2 0.0154 0.0599 0.8738 0.0334 0.0175 
      H043.8  2 0.0628 0.0821 0.7034 0.0506 0.1012 
      H043.9  2 0.0493 0.2255 0.6601 0.0165 0.0487 
      H047.1  2 0.0110 0.8821 0.0529 0.0160 0.0380 
      H047.2  2 0.0290 0.8730 0.0206 0.0282 0.0491 
      H047.3  2 0.0361 0.8903 0.0160 0.0329 0.0246 
      H047.4  2 0.0175 0.9133 0.0135 0.0372 0.0185 
      H047.5  2 0.0153 0.9259 0.0138 0.0261 0.0189 
      H047.6  2 0.0413 0.8249 0.0544 0.0456 0.0338 
      H047.7  2 0.0126 0.9060 0.0393 0.0181 0.0239 
      H047.8  2 0.0239 0.8246 0.0623 0.0447 0.0446 
      H047.9  2 0.0134 0.8977 0.0136 0.0368 0.0385 
 H071.1_2002  2 0.0123 0.9362 0.0203 0.0119 0.0194 
 H071.1_2003  2 0.0320 0.8594 0.0438 0.0392 0.0256 
     H071.10  2 0.0357 0.9286 0.0152 0.0089 0.0116 
 H071.2_2002  2 0.0137 0.9308 0.0221 0.0156 0.0179 
 H071.2_2003  2 0.0102 0.9640 0.0086 0.0081 0.0090 
      H071.3  2 0.0184 0.9493 0.0114 0.0110 0.0099 
 H071.4_2002  2 0.0324 0.8935 0.0248 0.0177 0.0316 
 H071.4_2003  2 0.0105 0.9640 0.0073 0.0080 0.0103 
 H071.5_2002  2 0.0147 0.9582 0.0094 0.0075 0.0101 
 H071.5_2003  2 0.0128 0.9503 0.0115 0.0142 0.0113 
 H071.6_2002  2 0.0117 0.9519 0.0109 0.0121 0.0134 
 H071.6_2003  2 0.0166 0.9514 0.0095 0.0100 0.0125 
 H071.7_2002  2 0.0080 0.9644 0.0117 0.0075 0.0084 
 H071.7_2003  2 0.0187 0.9347 0.0124 0.0158 0.0183 
      H071.8  2 0.0109 0.9435 0.0192 0.0148 0.0116 
      H071.9  2 0.0706 0.8391 0.0412 0.0308 0.0183 
 H081.1_2002  2 0.0103 0.9574 0.0116 0.0110 0.0097 
 H081.1_2003  2 0.1059 0.0953 0.7113 0.0326 0.0550 
 H081.2_2002  2 0.0101 0.9533 0.0141 0.0133 0.0092 
 H081.2_2003  2 0.8247 0.0577 0.0694 0.0255 0.0227 
 H081.3_2002  2 0.0162 0.9304 0.0154 0.0250 0.0130 
 H081.3_2003  2 0.3052 0.0524 0.5381 0.0422 0.0620 
 H081.4_2002  2 0.0188 0.9432 0.0102 0.0117 0.0161 
 H081.4_2003  2 0.4006 0.0933 0.3398 0.0715 0.0949 
 H081.5_2002  2 0.0128 0.9494 0.0141 0.0112 0.0125 
 H081.5_2003  2 0.1255 0.2681 0.4178 0.1255 0.0631 
      H081.6  2 0.0112 0.9514 0.0137 0.0114 0.0123 
      H081.7  2 0.0153 0.9395 0.0132 0.0209 0.0111 
      H081.8  2 0.0817 0.8424 0.0241 0.0304 0.0214 
      H083.1  2 0.0373 0.9209 0.0126 0.0086 0.0205 
      H083.2  2 0.0160 0.9409 0.0175 0.0127 0.0129 
      H083.4  2 0.0276 0.9321 0.0137 0.0122 0.0144 
      H083.5  2 0.0269 0.9216 0.0209 0.0166 0.0140 
      H083.6  2 0.0458 0.9035 0.0146 0.0172 0.0189 
      H083.7  2 0.0280 0.9139 0.0168 0.0240 0.0172 
      H083.8  2 0.0177 0.9318 0.0153 0.0147 0.0205 
      H083.9  2 0.0319 0.9304 0.0125 0.0149 0.0104 
      H084.1  2 0.8858 0.0310 0.0416 0.0230 0.0186 
      H084.2  2 0.8892 0.0228 0.0482 0.0113 0.0285 
      H084.3  2 0.5265 0.0401 0.1980 0.1286 0.1066 
      H084.4  2 0.3984 0.0736 0.3153 0.1421 0.0705 
      H084.5  2 0.6278 0.0694 0.0963 0.0971 0.1095 
      H084.6  2 0.5775 0.0333 0.1464 0.1911 0.0516 
      H084.7  2 0.9159 0.0252 0.0167 0.0201 0.0221 
      H084.8  2 0.7252 0.0328 0.0582 0.1460 0.0379 
 H085.1_2002  2 0.2598 0.5866 0.0810 0.0483 0.0243 
 H085.1_2003  2 0.1218 0.8045 0.0257 0.0275 0.0206 
 H085.2_2002  2 0.5288 0.1122 0.1617 0.1611 0.0362 
 H085.2_2003  2 0.1180 0.7884 0.0281 0.0253 0.0403 
 H085.3_2002  2 0.0940 0.1654 0.0251 0.6984 0.0171 
 H085.3_2003  2 0.0209 0.9216 0.0141 0.0229 0.0205 
 H085.4_2002  2 0.1789 0.4358 0.2816 0.0729 0.0308 
 H085.4_2003  2 0.0325 0.9041 0.0193 0.0305 0.0137 
 H085.5_2002  2 0.0348 0.3314 0.0468 0.5687 0.0183 
 H085.5_2003  2 0.1172 0.8306 0.0160 0.0181 0.0181 
 H085.6_2002  2 0.3332 0.3375 0.0858 0.1932 0.0504 
 H085.6_2003  2 0.0393 0.4304 0.0417 0.4467 0.0418 
 H085.7_2002  2 0.3076 0.2815 0.0539 0.3001 0.0568 
 H085.7_2003  2 0.0191 0.9144 0.0219 0.0248 0.0199 
 H085.8_2002  2 0.0429 0.2074 0.0499 0.6703 0.0295 
 H085.8_2003  2 0.3510 0.5149 0.0332 0.0640 0.0369 
      H085.9  2 0.1161 0.4715 0.1735 0.2169 0.0220 
      H088.1  2 0.7704 0.0216 0.0381 0.1388 0.0311 
      H088.2  2 0.7845 0.0316 0.0187 0.1217 0.0435 
      H088.3  2 0.8934 0.0203 0.0159 0.0437 0.0267 
      H088.4  2 0.8711 0.0569 0.0297 0.0174 0.0249 
      H088.5  2 0.9059 0.0170 0.0252 0.0376 0.0143 
      H088.6  2 0.8459 0.0444 0.0177 0.0592 0.0327 
      H088.7  2 0.3352 0.5504 0.0221 0.0610 0.0313 
      H088.8  2 0.4357 0.4113 0.0504 0.0573 0.0453 
      H091.1  2 0.8577 0.0591 0.0174 0.0298 0.0359 
      H091.2  2 0.7169 0.1766 0.0121 0.0568 0.0375 
      H109.1  2 0.5252 0.1140 0.2600 0.0409 0.0599 
      H109.2  2 0.6239 0.2125 0.0798 0.0529 0.0309 
      H109.3  2 0.1900 0.3635 0.0488 0.2287 0.1691 
      H109.4  2 0.3243 0.1066 0.3834 0.1247 0.0610 
      H109.5  2 0.0764 0.6703 0.0133 0.2055 0.0345 
      H109.6  2 0.3050 0.2201 0.2610 0.0908 0.1230 
      H126.1  2 0.0436 0.1338 0.4002 0.3027 0.1196 
      H126.2  2 0.0297 0.7769 0.1400 0.0246 0.0288 
      H126.3  2 0.0157 0.9225 0.0282 0.0150 0.0186 
      H126.4  2 0.0652 0.2980 0.5165 0.0389 0.0814 
      H126.5  2 0.0163 0.7294 0.0935 0.0330 0.1278 
      H126.6  2 0.0133 0.9379 0.0134 0.0098 0.0257 
      H126.7  2 0.0161 0.9466 0.0085 0.0112 0.0175 
      H130.1  2 0.2675 0.0397 0.3058 0.2667 0.1202 
      H130.2  2 0.8131 0.0572 0.0452 0.0297 0.0548 
      H130.3  2 0.3148 0.0730 0.0198 0.0231 0.5693 
      H130.4  2 0.2117 0.0187 0.4645 0.0578 0.2472 
      H130.5  2 0.7562 0.0767 0.0456 0.0890 0.0326 
      H133.1  2 0.1754 0.1018 0.5687 0.0897 0.0645 
      H133.2  2 0.2120 0.1291 0.2945 0.1129 0.2515 
      H133.3  2 0.1735 0.2950 0.1273 0.3166 0.0875 
      H133.4  2 0.0568 0.0558 0.6979 0.0533 0.1362 
      H133.5  2 0.3699 0.0596 0.2455 0.0401 0.2849 
      H133.6  2 0.5945 0.0483 0.2248 0.0493 0.0831 
      H133.7  2 0.0299 0.1278 0.3027 0.4849 0.0547 
      H133.8  2 0.0882 0.0872 0.4596 0.1881 0.1769 
      H133.9  2 0.2857 0.0835 0.4577 0.0632 0.1100 
      H147.1  2 0.0785 0.7415 0.0538 0.1109 0.0153 
      H147.2  2 0.0139 0.9494 0.0159 0.0126 0.0082 
      H147.3  2 0.0167 0.9410 0.0146 0.0188 0.0089 
      H147.4  2 0.0252 0.9207 0.0214 0.0200 0.0128 
      H147.5  2 0.1615 0.7751 0.0171 0.0271 0.0192 
      H147.6  2 0.2151 0.7146 0.0208 0.0246 0.0250 
      H147.7  2 0.0235 0.9140 0.0204 0.0277 0.0143 
      H147.8  2 0.0958 0.8634 0.0189 0.0112 0.0106 
      H147.9  2 0.0151 0.9454 0.0136 0.0167 0.0092 
      H148.1  2 0.1148 0.0342 0.7615 0.0478 0.0418 
      H148.2  2 0.1009 0.0852 0.6004 0.1722 0.0412 
      H148.3  2 0.0176 0.0177 0.0424 0.9024 0.0199 
      H148.4  2 0.0452 0.0688 0.5625 0.2454 0.0782 
      H148.5  2 0.0920 0.0619 0.3233 0.4577 0.0650 
      H148.6  2 0.0810 0.0332 0.6253 0.2316 0.0289 
      H148.7  2 0.1358 0.0643 0.3627 0.3162 0.1209 
      H148.8  2 0.0335 0.0210 0.3267 0.5954 0.0233 
      H148.9  2 0.0656 0.0352 0.7170 0.1131 0.0691 
   H166022.1  2 0.9259 0.0220 0.0150 0.0255 0.0116 
   H166022.2  2 0.8121 0.0654 0.0240 0.0637 0.0348 
   H166022.3  2 0.9541 0.0088 0.0096 0.0102 0.0173 
   H166022.4  2 0.9399 0.0125 0.0095 0.0129 0.0253 
   H166022.5  2 0.9410 0.0195 0.0112 0.0106 0.0177 
   H166022.6  2 0.9201 0.0149 0.0267 0.0195 0.0189 
   H166022.7  2 0.0243 0.0223 0.7551 0.0092 0.1892 
   H166022.8  2 0.8217 0.0299 0.0264 0.0480 0.0739 
   H167397.1  2 0.0577 0.1536 0.6800 0.0819 0.0269 
   H167397.2  2 0.0475 0.0509 0.7488 0.0750 0.0778 
   H167397.3  2 0.0370 0.1155 0.7772 0.0407 0.0297 
   H167397.4  2 0.0658 0.1314 0.4542 0.2728 0.0758 
   H167397.5  2 0.0268 0.0362 0.8935 0.0216 0.0219 
   H167397.6  2 0.0285 0.1249 0.7630 0.0543 0.0292 
   H167496.1  2 0.3849 0.0376 0.0256 0.3670 0.1849 
   H167496.2  2 0.0448 0.5508 0.0537 0.2561 0.0946 
   H167496.3  2 0.2648 0.0783 0.0300 0.5562 0.0707 
   H167496.4  2 0.9180 0.0340 0.0121 0.0167 0.0191 
   H167496.6  2 0.7471 0.1335 0.0241 0.0299 0.0653 
   H167496.7  2 0.1492 0.0770 0.0262 0.4596 0.2881 
   H167496.8  2 0.5979 0.2996 0.0267 0.0418 0.0340 
   H167513.1  2 0.3578 0.1100 0.3134 0.0836 0.1352 
   H167513.2  2 0.0732 0.0460 0.4639 0.3681 0.0488 
   H167513.3  2 0.4986 0.0267 0.0691 0.0326 0.3730 
   H167513.4  2 0.8553 0.0379 0.0403 0.0386 0.0278 
   H167513.5  2 0.1236 0.1120 0.5723 0.1534 0.0387 
   H167513.6  2 0.3733 0.1206 0.1830 0.2016 0.1215 
   H167513.7  2 0.6812 0.0542 0.1643 0.0209 0.0795 
   H167513.8  2 0.2318 0.0552 0.4727 0.0251 0.2152 
   H167547.1  2 0.0646 0.0205 0.1582 0.6990 0.0577 
   H167547.2  2 0.0906 0.0387 0.0463 0.7999 0.0244 
   H167547.3  2 0.0907 0.0353 0.0434 0.8103 0.0203 
   H167547.4  2 0.4298 0.0198 0.2122 0.3055 0.0328 
   H167547.5  2 0.0769 0.0248 0.0295 0.8540 0.0148 
   H167547.6  2 0.0737 0.0306 0.0238 0.8580 0.0139 
   H167547.7  2 0.0671 0.0362 0.1705 0.5327 0.1935 
   H169750.1  2 0.3111 0.0414 0.0462 0.3235 0.2778 
   H169750.2  2 0.0775 0.2739 0.2839 0.0607 0.3040 
   H169750.3  2 0.2849 0.1129 0.0255 0.1364 0.4403 
   H169750.4  2 0.0349 0.0864 0.2855 0.1266 0.4666 
   H169750.5  2 0.4415 0.1671 0.0814 0.1351 0.1748 
   H169750.6  2 0.2129 0.6099 0.0732 0.0354 0.0686 
   H169750.7  2 0.0313 0.1041 0.0524 0.0662 0.7460 
   H171929.1  2 0.0264 0.0635 0.5759 0.3178 0.0164 
  H171929.10  2 0.1586 0.1603 0.2468 0.3979 0.0364 
  H171929.11  2 0.0295 0.0314 0.8112 0.0914 0.0365 
   H171929.2  2 0.1657 0.0459 0.4005 0.3176 0.0702 
   H171929.3  2 0.1526 0.0795 0.5360 0.1791 0.0528 
   H171929.4  2 0.1829 0.0459 0.0318 0.6926 0.0469 
   H171929.5  2 0.0812 0.0316 0.7782 0.0467 0.0622 
   H171929.6  2 0.0250 0.0244 0.8899 0.0209 0.0398 
   H171929.7  2 0.0659 0.0978 0.2679 0.5224 0.0459 
   H171929.8  2 0.0698 0.0476 0.2918 0.5514 0.0393 
   H171929.9  2 0.4090 0.1777 0.0656 0.2988 0.0489 
   H171930.1  2 0.3087 0.0840 0.2076 0.0576 0.3422 
   H171930.2  2 0.7167 0.0695 0.0584 0.0928 0.0626 
   H171930.3  2 0.3018 0.0329 0.3161 0.0573 0.2919 
   H171930.4  2 0.7431 0.0354 0.0326 0.0429 0.1459 
   H171930.5  2 0.4616 0.1274 0.2142 0.0574 0.1395 
   H171930.6  2 0.4685 0.2626 0.0310 0.0465 0.1914 
   H171930.7  2 0.2205 0.0431 0.4767 0.0302 0.2295 
   H171930.8  2 0.2382 0.0533 0.4429 0.0350 0.2305 
   H171933.1  2 0.9264 0.0113 0.0218 0.0279 0.0127 
   H171933.2  2 0.8511 0.0312 0.0345 0.0662 0.0169 
   H171933.3  2 0.8479 0.0124 0.0228 0.1003 0.0166 
   H171933.4  2 0.8282 0.0152 0.0166 0.0527 0.0873 
   H171933.5  2 0.5812 0.0163 0.1133 0.1043 0.1849 
   H171933.6  2 0.9070 0.0494 0.0114 0.0190 0.0132 
   H171933.7  2 0.8740 0.0235 0.0455 0.0345 0.0225 
   H171933.8  2 0.7835 0.0284 0.0717 0.0797 0.0366 
   H171933.9  2 0.9420 0.0117 0.0154 0.0162 0.0146 
      H190.1  2 0.5708 0.0778 0.0213 0.0538 0.2763 
      H190.2  2 0.0181 0.2374 0.0216 0.7002 0.0228 
      H190.3  2 0.0882 0.0592 0.1550 0.6452 0.0524 
      H190.4  2 0.9051 0.0151 0.0153 0.0289 0.0357 
      H190.5  2 0.0348 0.5939 0.0313 0.2769 0.0631 
      H190.6  2 0.8426 0.0203 0.0212 0.0748 0.0410 
      H190.7  2 0.0810 0.0379 0.1328 0.6439 0.1044 
      H190.8  2 0.0518 0.3728 0.0204 0.4080 0.1470 
      H190.9  2 0.0617 0.2480 0.0719 0.5271 0.0912 
      H400.1  2 0.9348 0.0197 0.0206 0.0099 0.0151 
      H400.2  2 0.9100 0.0540 0.0166 0.0100 0.0093 
      H400.3  2 0.9005 0.0171 0.0261 0.0237 0.0325 
      H400.4  2 0.8908 0.0607 0.0120 0.0203 0.0162 
      H400.5  2 0.9400 0.0126 0.0170 0.0133 0.0172 
      H400.6  2 0.9303 0.0325 0.0132 0.0132 0.0107 
      H400.7  2 0.9442 0.0124 0.0145 0.0157 0.0131 
 H428.1_2005  2 0.9212 0.0308 0.0166 0.0145 0.0170 
 H428.1_2006  2 0.8363 0.0775 0.0128 0.0444 0.0291 
 H428.2_2005  2 0.9367 0.0121 0.0163 0.0146 0.0203 
 H428.2_2006  2 0.8709 0.0840 0.0150 0.0157 0.0144 
 H428.3_2005  2 0.9427 0.0154 0.0068 0.0148 0.0202 
 H428.3_2006  2 0.8371 0.0985 0.0244 0.0212 0.0188 
 H428.4_2005  2 0.9289 0.0137 0.0085 0.0226 0.0262 
 H428.4_2006  2 0.9208 0.0317 0.0142 0.0173 0.0160 
 H428.5_2005  2 0.9177 0.0313 0.0275 0.0138 0.0097 
 H428.6_2005  2 0.8866 0.0271 0.0139 0.0216 0.0509 
 H428.6_2006  2 0.8873 0.0391 0.0218 0.0185 0.0334 
      H428.7  2 0.9543 0.0180 0.0115 0.0088 0.0074 
      H428.8  2 0.9081 0.0378 0.0270 0.0118 0.0154 
      H428.9  2 0.9318 0.0198 0.0252 0.0138 0.0094 
      H453.1  2 0.8656 0.0814 0.0144 0.0162 0.0224 
      H453.2  2 0.9275 0.0188 0.0128 0.0210 0.0200 
      H453.3  2 0.9373 0.0118 0.0143 0.0189 0.0177 
      H453.4  2 0.9406 0.0193 0.0104 0.0170 0.0127 
      H453.5  2 0.9324 0.0270 0.0092 0.0124 0.0190 
      H453.6  2 0.9353 0.0347 0.0087 0.0108 0.0106 
      H453.7  2 0.2300 0.5086 0.0314 0.1794 0.0506 
      H453.8  2 0.4852 0.2730 0.0382 0.1459 0.0577 
      H453.9  2 0.4807 0.4507 0.0159 0.0268 0.0260 
      H512.1  2 0.9252 0.0210 0.0117 0.0171 0.0250 
     H512.10  2 0.4543 0.1005 0.1025 0.0765 0.2663 
      H512.2  2 0.4690 0.0717 0.0624 0.1578 0.2391 
      H512.3  2 0.2397 0.0365 0.0328 0.0488 0.6422 
      H512.4  2 0.6614 0.1526 0.0539 0.0708 0.0614 
      H512.5  2 0.0616 0.0202 0.0212 0.0387 0.8583 
      H512.6  2 0.3379 0.0328 0.0255 0.1049 0.4989 
      H512.7  2 0.2264 0.0649 0.0272 0.0223 0.6592 
      H512.8  2 0.3684 0.0750 0.0521 0.2430 0.2616 
      H512.9  2 0.4064 0.0472 0.0385 0.0268 0.4811 
      H513.1  2 0.9418 0.0213 0.0143 0.0124 0.0103 
      H513.2  2 0.9383 0.0235 0.0182 0.0123 0.0077 
      H513.3  2 0.9525 0.0154 0.0111 0.0110 0.0100 
      H513.4  2 0.8929 0.0576 0.0101 0.0204 0.0190 
      H513.5  2 0.9536 0.0149 0.0109 0.0085 0.0122 
      H513.6  2 0.6359 0.0213 0.2994 0.0284 0.0149 
      H532.1  2 0.5612 0.2845 0.0335 0.0214 0.0994 
      H532.2  2 0.8311 0.0513 0.0199 0.0789 0.0188 
      H532.3  2 0.8178 0.0584 0.0180 0.0763 0.0296 
      H532.4  2 0.2925 0.5859 0.0467 0.0348 0.0402 
      H532.5  2 0.8159 0.0799 0.0299 0.0275 0.0467 
      H532.6  2 0.7022 0.1915 0.0326 0.0209 0.0527 
      H532.7  2 0.5705 0.3634 0.0213 0.0161 0.0287 
      H532.8  2 0.4547 0.4169 0.0361 0.0483 0.0440 
      H543.1  2 0.0336 0.0111 0.9298 0.0132 0.0122 
      H543.2  2 0.3267 0.0312 0.5556 0.0620 0.0246 
      H543.3  2 0.0320 0.0182 0.9137 0.0161 0.0200 
      H543.4  2 0.0137 0.0094 0.9388 0.0254 0.0127 
      H543.5  2 0.0156 0.0124 0.9379 0.0212 0.0130 
      H543.6  2 0.0382 0.0128 0.9071 0.0293 0.0126 
      H543.7  2 0.0085 0.0088 0.9574 0.0150 0.0105 
      H543.8  2 0.0623 0.0442 0.8458 0.0305 0.0172 
      H543.9  2 0.0312 0.0218 0.9032 0.0248 0.0190 
 H545.1_2005  2 0.0068 0.0067 0.9727 0.0056 0.0081 
 H545.1_2006  2 0.0121 0.0117 0.9556 0.0095 0.0112 
 H545.2_2005  2 0.0132 0.0120 0.9529 0.0098 0.0120 
 H545.2_2006  2 0.0169 0.0094 0.9521 0.0104 0.0112 
 H545.3_2005  2 0.0139 0.0100 0.9371 0.0189 0.0200 
 H545.3_2006  2 0.0080 0.0105 0.9669 0.0064 0.0082 
 H545.4_2005  2 0.0118 0.0150 0.9421 0.0145 0.0166 
 H545.4_2006  2 0.0098 0.0086 0.9614 0.0118 0.0085 
 H545.5_2005  2 0.0143 0.0116 0.9542 0.0078 0.0120 
 H545.5_2006  2 0.0189 0.0080 0.9390 0.0141 0.0200 
 H545.6_2005  2 0.0095 0.0077 0.9671 0.0070 0.0087 
 H545.6_2006  2 0.0126 0.0093 0.9579 0.0097 0.0105 
 H545.7_2005  2 0.0148 0.0111 0.9526 0.0079 0.0136 
 H545.7_2006  2 0.0117 0.0132 0.9577 0.0087 0.0087 
 H545.8_2005  2 0.0193 0.0133 0.9415 0.0132 0.0127 
 H545.8_2006  2 0.0115 0.0092 0.9568 0.0088 0.0137 
      H545.9  2 0.0173 0.0085 0.9452 0.0147 0.0142 
      H547.1  2 0.7577 0.0178 0.0259 0.1739 0.0245 
      H547.2  2 0.4080 0.0932 0.0246 0.4574 0.0168 
      H547.3  2 0.5790 0.0143 0.0907 0.1930 0.1231 
      H547.4  2 0.4052 0.1178 0.0885 0.2952 0.0934 
      H547.5  2 0.3713 0.0103 0.0170 0.5833 0.0181 
      H547.6  2 0.8345 0.0161 0.0437 0.0898 0.0159 
      H547.7  2 0.6350 0.0228 0.1186 0.1711 0.0525 
      H547.8  2 0.7008 0.0131 0.0357 0.2279 0.0225 
      H548.1  2 0.0119 0.0120 0.9549 0.0092 0.0120 
      H548.2  2 0.0149 0.0136 0.9368 0.0130 0.0217 
      H548.3  2 0.0136 0.0114 0.9528 0.0121 0.0101 
      H548.4  2 0.0162 0.0342 0.9061 0.0136 0.0299 
      H548.5  2 0.0096 0.0139 0.9555 0.0115 0.0096 
      H548.6  2 0.0094 0.0102 0.9577 0.0075 0.0152 
      H548.7  2 0.0147 0.0150 0.9452 0.0136 0.0115 
      H548.8  2 0.0095 0.0142 0.9538 0.0096 0.0128 
      H548.9  2 0.0169 0.0180 0.9284 0.0205 0.0162 
     H7389.1  2 0.9353 0.0160 0.0152 0.0210 0.0125 
     H7389.2  2 0.9171 0.0194 0.0283 0.0240 0.0112 
     H7389.3  2 0.9260 0.0196 0.0140 0.0290 0.0115 
     H7389.4  2 0.9092 0.0299 0.0345 0.0098 0.0165 
     H7389.5  2 0.8980 0.0298 0.0381 0.0124 0.0217 
     H7389.6  2 0.8411 0.0458 0.0140 0.0111 0.0880 
     H7389.7  2 0.9018 0.0292 0.0258 0.0247 0.0185 
     H7389.8  2 0.6337 0.0336 0.3014 0.0146 0.0167 
     H7389.9  2 0.8973 0.0374 0.0360 0.0120 0.0173 
      H747.1  2 0.2404 0.0426 0.0205 0.3129 0.3837 
      H747.2  2 0.1195 0.0337 0.0819 0.0357 0.7291 
      H747.3  2 0.0597 0.0177 0.0164 0.0282 0.8780 
      H747.4  2 0.1096 0.0802 0.0244 0.1248 0.6610 
      H747.5  2 0.0630 0.0204 0.0257 0.0327 0.8582 
      H747.6  2 0.5114 0.0421 0.1242 0.0489 0.2733 
      H747.7  2 0.1739 0.0176 0.0560 0.0308 0.7217 
     H7484.1  2 0.0676 0.8498 0.0211 0.0400 0.0214 
     H7484.2  2 0.0497 0.7580 0.0589 0.1073 0.0261 
     H7484.3  2 0.0298 0.8030 0.0570 0.0855 0.0246 
     H7484.4  2 0.0462 0.8679 0.0210 0.0365 0.0285 
     H7484.5  2 0.0957 0.7954 0.0621 0.0195 0.0273 
     H7484.6  2 0.0772 0.2476 0.0452 0.1796 0.4504 
     H7484.7  2 0.0542 0.7348 0.0330 0.0469 0.1311 
     H7484.8  2 0.2770 0.6229 0.0175 0.0375 0.0452 
     H7485.1  2 0.0176 0.0216 0.9259 0.0232 0.0117 
     H7485.2  2 0.0199 0.0155 0.9449 0.0099 0.0097 
     H7485.3  2 0.0082 0.0118 0.9625 0.0086 0.0090 
     H7485.4  2 0.0131 0.0126 0.9593 0.0072 0.0079 
     H7485.5  2 0.0117 0.0157 0.9522 0.0116 0.0088 
     H7485.6  2 0.0220 0.0352 0.8991 0.0272 0.0164 
     H7485.7  2 0.0088 0.0142 0.9542 0.0110 0.0118 
     H7496.1  2 0.7648 0.1231 0.0139 0.0421 0.0561 
    H7496.10  2 0.8903 0.0650 0.0109 0.0237 0.0101 
    H7496.11  2 0.0515 0.1132 0.7652 0.0286 0.0415 
     H7496.2  2 0.8754 0.0628 0.0157 0.0233 0.0228 
     H7496.3  2 0.1689 0.7146 0.0339 0.0528 0.0298 
     H7496.4  2 0.9157 0.0275 0.0169 0.0229 0.0170 
     H7496.5  2 0.8277 0.0716 0.0186 0.0345 0.0476 
     H7496.6  2 0.8602 0.0544 0.0122 0.0192 0.0540 
     H7496.7  2 0.9082 0.0397 0.0099 0.0227 0.0195 
     H7496.8  2 0.5994 0.2151 0.0511 0.0879 0.0465 
        UNK4  2 0.6406 0.0392 0.2524 0.0314 0.0363 
        UNK5  2 0.5722 0.1213 0.2531 0.0342 0.0192 
        UNK6  2 0.7845 0.0508 0.1084 0.0299 0.0264 
        UNK7  2 0.6166 0.0396 0.3059 0.0197 0.0182 
        UNK8  2 0.5572 0.0296 0.3893 0.0150 0.0089 
        UNK9  2 0.5433 0.1649 0.2495 0.0173 0.0250 
      H009.1  4 0.0255 0.0245 0.0825 0.5106 0.3568 
      H009.2  4 0.0246 0.0162 0.0539 0.2223 0.6830 
      H009.3  4 0.0202 0.0425 0.0807 0.4464 0.4101 
      H009.4  4 0.0200 0.0249 0.0446 0.2759 0.6346 
      H009.5  4 0.0381 0.0309 0.1540 0.2905 0.4865 
      H009.6  4 0.0255 0.0377 0.1879 0.6177 0.1312 
      H046.4  4 0.1354 0.3533 0.2524 0.0733 0.1856 
      H046.8  4 0.0638 0.1132 0.2112 0.3581 0.2536 
 H076.1_2002  4 0.0195 0.0101 0.0119 0.9496 0.0089 
 H076.1_2003  4 0.0096 0.0094 0.0138 0.9565 0.0107 
 H076.1_2004  4 0.0103 0.0154 0.0113 0.9509 0.0121 
 H076.2_2002  4 0.0154 0.0108 0.0132 0.9488 0.0119 
 H076.2_2003  4 0.0120 0.0097 0.0168 0.9518 0.0097 
 H076.2_2004  4 0.0362 0.0442 0.0314 0.7526 0.1356 
 H076.3_2002  4 0.0408 0.0410 0.0241 0.5825 0.3116 
 H076.3_2003  4 0.0212 0.0208 0.0542 0.8897 0.0141 
 H076.3_2004  4 0.0136 0.0158 0.0143 0.9452 0.0111 
 H076.4_2002  4 0.0363 0.0351 0.0220 0.8395 0.0670 
 H076.4_2003  4 0.0155 0.0116 0.0225 0.9250 0.0254 
 H076.4_2004  4 0.0624 0.0344 0.0301 0.4816 0.3914 
 H076.5_2002  4 0.0191 0.0166 0.0113 0.9398 0.0132 
 H076.5_2003  4 0.0383 0.0283 0.1001 0.8056 0.0276 
 H076.5_2004  4 0.0290 0.0350 0.0238 0.8710 0.0412 
 H076.6_2002  4 0.0139 0.0191 0.0139 0.9432 0.0100 
 H076.6_2003  4 0.0178 0.0160 0.0371 0.9157 0.0134 
 H076.6_2004  4 0.0148 0.0143 0.0181 0.9296 0.0231 
 H076.7_2002  4 0.1029 0.0509 0.0573 0.4061 0.3828 
 H076.7_2003  4 0.0606 0.0272 0.0616 0.7991 0.0516 
 H076.7_2004  4 0.0157 0.0204 0.0206 0.8679 0.0754 
      H477.1  4 0.8721 0.0155 0.0227 0.0285 0.0612 
      H477.2  4 0.3843 0.0339 0.0222 0.0632 0.4965 
      H477.3  4 0.6132 0.0664 0.0757 0.0204 0.2244 
      H477.4  4 0.6540 0.0226 0.1972 0.0165 0.1097 
      H477.5  4 0.3571 0.0315 0.1153 0.0619 0.4341 
      H477.6  4 0.2736 0.0827 0.1235 0.0448 0.4753 
      H477.7  4 0.6374 0.0130 0.2528 0.0209 0.0759 
 H479.1_2005  4 0.1446 0.5314 0.0209 0.0111 0.2920 
 H479.1_2006  4 0.0366 0.1239 0.0824 0.1756 0.5815 
     H479.10  4 0.0447 0.5734 0.0375 0.0468 0.2977 
 H479.2_2005  4 0.1167 0.6244 0.0662 0.0609 0.1318 
 H479.2_2006  4 0.0559 0.0998 0.0296 0.0106 0.8042 
 H479.3_2005  4 0.1509 0.2617 0.0120 0.0222 0.5532 
 H479.3_2006  4 0.2879 0.0985 0.0126 0.0536 0.5474 
 H479.4_2005  4 0.0430 0.1024 0.0182 0.0164 0.8200 
 H479.4_2006  4 0.1221 0.5445 0.0168 0.0128 0.3037 
 H479.5_2005  4 0.0354 0.7898 0.0403 0.0353 0.0992 
 H479.5_2006  4 0.1121 0.1862 0.0122 0.0199 0.6697 
 H479.6_2005  4 0.1634 0.1285 0.0579 0.2104 0.4397 
 H479.6_2006  4 0.2484 0.6720 0.0225 0.0140 0.0431 
 H479.7_2005  4 0.5684 0.1153 0.0374 0.0326 0.2463 
 H479.7_2006  4 0.2446 0.2001 0.0440 0.0367 0.4745 
 H479.8_2005  4 0.6156 0.1651 0.0171 0.0153 0.1869 
 H479.8_2006  4 0.0124 0.2488 0.0855 0.0593 0.5940 
      H479.9  4 0.0170 0.0373 0.0086 0.0466 0.8905 
      H516.1  4 0.0296 0.0342 0.0459 0.6523 0.2380 
      H516.2  4 0.0165 0.0237 0.0236 0.0230 0.9132 
      H516.3  4 0.0164 0.0394 0.1096 0.0401 0.7945 
      H516.4  4 0.0213 0.0327 0.0458 0.0519 0.8484 
      H516.5  4 0.0201 0.0178 0.1244 0.2336 0.6041 
      H516.6  4 0.0110 0.0182 0.0348 0.0102 0.9258 
      H516.7  4 0.0389 0.0390 0.0211 0.0319 0.8691 
      H516.8  4 0.0217 0.0258 0.0703 0.3589 0.5233 
      H516.9  4 0.0233 0.0623 0.0224 0.0563 0.8356 
      H646.1  4 0.0444 0.0261 0.0170 0.3802 0.5324 
      H646.2  4 0.0399 0.0105 0.0090 0.5654 0.3752 
      H646.3  4 0.0151 0.0177 0.0144 0.2636 0.6891 
      H646.4  4 0.1072 0.0172 0.0179 0.6797 0.1781 
      H646.5  4 0.0277 0.0350 0.0206 0.4284 0.4884 
      H658.1  4 0.0106 0.0132 0.0722 0.0210 0.8830 
     H658.10  4 0.0264 0.0109 0.0119 0.0216 0.9292 
      H658.2  4 0.0273 0.0169 0.0518 0.0478 0.8562 
      H658.3  4 0.0263 0.0244 0.0162 0.0173 0.9158 
      H658.4  4 0.0222 0.0417 0.0159 0.0178 0.9024 
      H658.5  4 0.0226 0.0144 0.0100 0.0120 0.9411 
      H658.6  4 0.0150 0.0126 0.0133 0.0215 0.9375 
      H658.7  4 0.0168 0.0308 0.0213 0.0969 0.8342 
      H658.8  4 0.0163 0.0143 0.0553 0.0723 0.8417 
      H658.9  4 0.0202 0.0448 0.0297 0.0460 0.8592 
      H682.1  4 0.1906 0.5952 0.0366 0.0673 0.1103 
      H682.6  4 0.1160 0.3489 0.1652 0.2055 0.1644 
      H720.1  4 0.5201 0.0845 0.0204 0.2655 0.1096 
      H720.2  4 0.4136 0.0638 0.0125 0.1868 0.3234 
      H720.3  4 0.0991 0.2810 0.0171 0.5036 0.0992 
      H720.4  4 0.1236 0.1611 0.0513 0.0951 0.5689 
      H720.5  4 0.0822 0.2361 0.0572 0.5875 0.0370 
      H720.6  4 0.0834 0.2322 0.0649 0.5856 0.0340 
      H720.7  4 0.6968 0.0340 0.0189 0.0297 0.2206 
      H720.8  4 0.2178 0.4020 0.0149 0.3254 0.0399 
      H720.9  4 0.0204 0.8766 0.0215 0.0416 0.0399 
      H724.1  4 0.0187 0.0572 0.0304 0.8768 0.0169 
      H724.2  4 0.0742 0.0329 0.0376 0.8295 0.0258 
      H724.3  4 0.1409 0.1826 0.0180 0.4140 0.2444 
      H724.4  4 0.0152 0.0584 0.0122 0.8717 0.0425 
      H724.5  4 0.0921 0.4020 0.0098 0.2280 0.2681 
      H724.6  4 0.0290 0.0370 0.0428 0.8739 0.0173 
      H725.1  4 0.0288 0.8734 0.0201 0.0407 0.0370 
      H725.2  4 0.1818 0.1307 0.0696 0.0432 0.5748 
      H725.3  4 0.0813 0.1373 0.1095 0.0367 0.6352 
      H725.4  4 0.1207 0.5292 0.2431 0.0470 0.0600 
      H725.5  4 0.6723 0.0380 0.0302 0.0284 0.2311 
      H725.6  4 0.0268 0.0471 0.0581 0.0540 0.8140 
      H725.7  4 0.0178 0.7829 0.0325 0.0453 0.1214 
      H725.8  4 0.0230 0.0774 0.1405 0.0361 0.7230 
      H726.1  4 0.0128 0.0078 0.0235 0.0435 0.9123 
      H726.2  4 0.0201 0.0156 0.0138 0.0252 0.9252 
      H726.3  4 0.0256 0.0143 0.0466 0.0951 0.8184 
      H726.4  4 0.0106 0.0170 0.0209 0.0168 0.9347 
      H726.5  4 0.0132 0.0160 0.0165 0.0188 0.9355 
        UNK1  4 0.2323 0.0464 0.0326 0.0749 0.6138 
        UNK2  4 0.0315 0.6614 0.0371 0.0634 0.2065 
        UNK3  4 0.1552 0.0483 0.0234 0.1025 0.6706 
      H016.1  5 0.0561 0.2730 0.4686 0.0662 0.1361 
      H016.2  5 0.0201 0.7558 0.1834 0.0235 0.0173 
      H016.3  5 0.0449 0.0697 0.3430 0.1616 0.3808 
      H016.4  5 0.0290 0.7372 0.1912 0.0149 0.0278 
 H017.1_2002  5 0.0315 0.0141 0.0386 0.7800 0.1358 
 H017.1_2003  5 0.3272 0.0222 0.3479 0.0247 0.2780 
 H017.2_2002  5 0.0161 0.0390 0.0350 0.8726 0.0372 
 H017.2_2003  5 0.0233 0.0214 0.0240 0.0334 0.8979 
 H017.3_2002  5 0.1019 0.0422 0.3651 0.2744 0.2164 
 H017.3_2003  5 0.0745 0.0205 0.4631 0.4027 0.0393 
 H017.4_2002  5 0.0861 0.0831 0.3410 0.4677 0.0221 
 H017.4_2003  5 0.0125 0.0258 0.1853 0.0299 0.7465 
 H017.5_2002  5 0.0175 0.0177 0.9201 0.0266 0.0182 
 H017.5_2003  5 0.0217 0.0276 0.2081 0.0657 0.6769 
 H017.6_2002  5 0.0394 0.0155 0.0474 0.8867 0.0109 
 H017.6_2003  5 0.0290 0.0215 0.0389 0.1610 0.7495 
 H017.7_2002  5 0.0648 0.0371 0.1228 0.7613 0.0139 
 H017.7_2003  5 0.0323 0.0205 0.0670 0.0278 0.8523 
      H017.8  5 0.0410 0.0362 0.3568 0.5076 0.0585 
      H017.9  5 0.0771 0.0287 0.1419 0.6851 0.0672 
      H032.1  5 0.0182 0.0136 0.0186 0.0159 0.9337 
      H032.2  5 0.0184 0.0142 0.0152 0.0100 0.9421 
      H032.3  5 0.0216 0.0306 0.0304 0.0143 0.9031 
      H032.4  5 0.0093 0.0181 0.0566 0.0189 0.8971 
      H032.5  5 0.0149 0.0178 0.0231 0.0177 0.9264 
      H032.6  5 0.0124 0.0137 0.0147 0.0297 0.9294 
      H032.7  5 0.0729 0.0163 0.1032 0.0229 0.7847 
 H034.1_2002  5 0.0116 0.0505 0.0287 0.8528 0.0564 
 H034.1_2003  5 0.0620 0.0481 0.1987 0.6232 0.0680 
 H034.2_2002  5 0.0243 0.1052 0.4919 0.2974 0.0813 
 H034.2_2003  5 0.1131 0.0568 0.1147 0.6426 0.0728 
 H034.3_2002  5 0.0269 0.0458 0.0941 0.7346 0.0986 
 H034.3_2003  5 0.0421 0.0232 0.2067 0.6655 0.0625 
 H034.4_2002  5 0.0430 0.1119 0.0798 0.7439 0.0215 
 H034.4_2003  5 0.0270 0.0154 0.7639 0.1089 0.0848 
 H034.5_2002  5 0.0134 0.0206 0.0505 0.8080 0.1075 
 H034.5_2003  5 0.0410 0.0193 0.6854 0.1857 0.0687 
 H034.6_2002  5 0.0199 0.0349 0.2279 0.6910 0.0262 
 H034.6_2003  5 0.0189 0.0108 0.8781 0.0317 0.0606 
 H034.7_2002  5 0.0296 0.0405 0.0752 0.7109 0.1437 
 H034.7_2003  5 0.0230 0.0141 0.7840 0.0494 0.1295 
 H034.8_2002  5 0.0165 0.0233 0.1096 0.8303 0.0204 
 H034.8_2003  5 0.0203 0.0118 0.6447 0.2631 0.0601 
      H034.9  5 0.0401 0.1316 0.0827 0.4994 0.2462 
      H048.1  5 0.0275 0.0537 0.0161 0.0156 0.8871 
      H048.2  5 0.1009 0.5688 0.0304 0.0814 0.2185 
      H048.3  5 0.1341 0.1560 0.0313 0.4155 0.2631 
      H048.4  5 0.0543 0.5383 0.0300 0.2352 0.1422 
      H048.5  5 0.0346 0.1563 0.0100 0.0144 0.7847 
      H048.6  5 0.0354 0.5502 0.0139 0.2412 0.1593 
      H048.7  5 0.0279 0.2240 0.0428 0.0311 0.6741 
      H048.8  5 0.0311 0.3094 0.0504 0.1765 0.4326 
      H060.1  5 0.0250 0.0456 0.8875 0.0233 0.0186 
     H060.10  5 0.0104 0.0130 0.9457 0.0165 0.0143 
      H060.2  5 0.0244 0.0257 0.8990 0.0283 0.0225 
      H060.3  5 0.0137 0.0197 0.9169 0.0272 0.0225 
      H060.4  5 0.0204 0.0121 0.9246 0.0255 0.0173 
      H060.5  5 0.0138 0.0191 0.9215 0.0217 0.0239 
      H060.6  5 0.0147 0.0190 0.9335 0.0176 0.0152 
      H060.7  5 0.0389 0.0613 0.5754 0.2952 0.0292 
      H060.8  5 0.0241 0.0353 0.8397 0.0484 0.0525 
      H060.9  5 0.0134 0.0154 0.9074 0.0206 0.0432 
