      H105.1  1 0.0063 0.0234 0.0082 0.0192 0.0078 0.0120 0.0086 0.0099 0.0350 0.8299 0.0162 0.0064 0.0060 0.0109 
      H105.2  1 0.0278 0.0331 0.0105 0.0420 0.0269 0.0628 0.0191 0.0338 0.0108 0.6836 0.0076 0.0115 0.0185 0.0120 
      H105.3  1 0.0094 0.0113 0.0101 0.0082 0.0068 0.0129 0.0215 0.0153 0.0056 0.8690 0.0062 0.0056 0.0070 0.0110 
      H105.4  1 0.0201 0.1024 0.0291 0.0173 0.0317 0.0200 0.0220 0.0335 0.0107 0.6282 0.0213 0.0074 0.0442 0.0122 
      H105.5  1 0.0462 0.1029 0.0774 0.0623 0.0306 0.0256 0.0896 0.1005 0.0829 0.2887 0.0527 0.0076 0.0223 0.0108 
      H105.6  1 0.0177 0.0264 0.0228 0.0048 0.0068 0.0072 0.0105 0.0130 0.0045 0.8408 0.0105 0.0051 0.0169 0.0130 
      H105.7  1 0.0070 0.0230 0.0054 0.0052 0.0198 0.0079 0.0072 0.0078 0.0095 0.8697 0.0083 0.0046 0.0057 0.0188 
      H105.8  1 0.0067 0.0220 0.0079 0.0217 0.0084 0.0135 0.0133 0.0073 0.0062 0.8432 0.0036 0.0084 0.0073 0.0306 
      H115.1  1 0.0166 0.0166 0.7339 0.0173 0.0147 0.0120 0.0418 0.0106 0.0206 0.0221 0.0144 0.0105 0.0408 0.0282 
      H115.2  1 0.0109 0.0072 0.8313 0.0153 0.0102 0.0086 0.0089 0.0177 0.0197 0.0143 0.0107 0.0118 0.0238 0.0095 
      H115.3  1 0.0080 0.0084 0.8436 0.0146 0.0104 0.0100 0.0078 0.0194 0.0259 0.0145 0.0111 0.0051 0.0136 0.0079 
      H115.4  1 0.0188 0.0204 0.1869 0.1831 0.0135 0.0563 0.2187 0.0135 0.1360 0.0379 0.0367 0.0079 0.0617 0.0085 
      H115.5  1 0.0195 0.0141 0.5722 0.0240 0.0158 0.1424 0.0221 0.0119 0.0260 0.0300 0.0455 0.0371 0.0100 0.0294 
      H115.6  1 0.0264 0.0101 0.7363 0.0166 0.0232 0.0224 0.0088 0.0375 0.0325 0.0143 0.0248 0.0158 0.0180 0.0133 
      H115.7  1 0.1520 0.0154 0.4041 0.0159 0.0422 0.0709 0.0172 0.0592 0.0377 0.0215 0.0341 0.0066 0.1162 0.0070 
      H115.8  1 0.0137 0.0096 0.7561 0.0198 0.0107 0.0207 0.0100 0.0165 0.0194 0.0201 0.0125 0.0535 0.0100 0.0274 
      H115.9  1 0.0068 0.0199 0.8776 0.0058 0.0070 0.0049 0.0125 0.0075 0.0121 0.0052 0.0069 0.0053 0.0078 0.0208 
      H145.1  1 0.0117 0.0221 0.0240 0.0081 0.0056 0.0048 0.0120 0.0302 0.0093 0.0054 0.7928 0.0561 0.0080 0.0099 
      H145.2  1 0.0261 0.0293 0.0681 0.0177 0.0112 0.0045 0.0152 0.0187 0.0089 0.0139 0.6839 0.0621 0.0284 0.0122 
      H145.3  1 0.0114 0.0249 0.0091 0.0063 0.0091 0.0390 0.0090 0.0285 0.0093 0.0056 0.6668 0.1083 0.0075 0.0653 
      H145.4  1 0.0144 0.0117 0.0057 0.0047 0.0061 0.0054 0.0048 0.0077 0.0064 0.0052 0.8992 0.0141 0.0064 0.0083 
      H145.5  1 0.0136 0.0099 0.0070 0.0080 0.0061 0.0152 0.0114 0.0224 0.0059 0.0050 0.5982 0.2775 0.0077 0.0120 
      H145.6  1 0.0242 0.0198 0.0258 0.0109 0.0269 0.0209 0.0063 0.0096 0.0109 0.0085 0.7817 0.0289 0.0171 0.0085 
      H145.7  1 0.0073 0.0105 0.0046 0.0056 0.0071 0.0231 0.0043 0.0070 0.0065 0.0036 0.8962 0.0077 0.0056 0.0108 
      H149.1  1 0.0051 0.0048 0.0074 0.0046 0.0046 0.0042 0.0077 0.0078 0.0056 0.0050 0.9255 0.0064 0.0059 0.0054 
      H149.2  1 0.0045 0.0051 0.0052 0.0043 0.0049 0.0046 0.0084 0.0081 0.0086 0.0043 0.9284 0.0037 0.0060 0.0040 
      H149.3  1 0.0097 0.0063 0.0075 0.0071 0.0078 0.0060 0.0078 0.0091 0.0069 0.0065 0.9068 0.0039 0.0081 0.0065 
      H149.4  1 0.0102 0.0072 0.0109 0.0198 0.0197 0.0081 0.0372 0.0175 0.0179 0.0153 0.7391 0.0112 0.0772 0.0085 
      H149.5  1 0.0071 0.0056 0.0043 0.0086 0.0144 0.0075 0.0132 0.0078 0.0345 0.0166 0.8487 0.0057 0.0200 0.0059 
      H149.6  1 0.0071 0.0045 0.0038 0.0044 0.0088 0.0047 0.0093 0.0064 0.0062 0.0055 0.9240 0.0044 0.0069 0.0040 
      H149.7  1 0.0183 0.0073 0.0069 0.0254 0.0808 0.0112 0.0361 0.0143 0.0377 0.0246 0.6616 0.0115 0.0502 0.0142 
      H150.1  1 0.0127 0.0053 0.8745 0.0118 0.0059 0.0099 0.0047 0.0112 0.0058 0.0226 0.0050 0.0119 0.0110 0.0079 
      H150.2  1 0.0194 0.0039 0.8368 0.0142 0.0103 0.0116 0.0104 0.0118 0.0167 0.0164 0.0123 0.0164 0.0128 0.0069 
      H150.3  1 0.1474 0.0084 0.6427 0.0163 0.0173 0.0235 0.0074 0.0485 0.0086 0.0141 0.0155 0.0157 0.0220 0.0126 
      H150.4  1 0.0204 0.0083 0.8801 0.0062 0.0095 0.0104 0.0046 0.0091 0.0072 0.0064 0.0067 0.0143 0.0060 0.0109 
      H150.5  1 0.0228 0.0090 0.7481 0.0217 0.0141 0.0119 0.0057 0.0330 0.0302 0.0444 0.0149 0.0054 0.0324 0.0063 
      H150.6  1 0.0204 0.0045 0.1947 0.0642 0.0157 0.0553 0.0143 0.0378 0.0361 0.3002 0.0158 0.0113 0.2242 0.0053 
      H150.7  1 0.0100 0.0082 0.8997 0.0079 0.0048 0.0066 0.0038 0.0167 0.0037 0.0081 0.0064 0.0090 0.0064 0.0086 
   H169607.1  1 0.0251 0.0288 0.0460 0.2198 0.0606 0.0279 0.2043 0.2293 0.0201 0.0105 0.0562 0.0225 0.0191 0.0299 
   H169607.2  1 0.0193 0.4681 0.0297 0.0526 0.0141 0.0089 0.0362 0.1783 0.0095 0.0072 0.0348 0.0051 0.0832 0.0530 
   H169607.3  1 0.0194 0.1687 0.0285 0.0948 0.1252 0.0333 0.0940 0.1237 0.0671 0.0104 0.1310 0.0189 0.0168 0.0682 
   H169607.4  1 0.0074 0.1431 0.0088 0.0154 0.0077 0.0065 0.0102 0.7507 0.0047 0.0074 0.0130 0.0075 0.0093 0.0083 
   H169607.5  1 0.0123 0.3011 0.0356 0.0270 0.0164 0.0111 0.0187 0.0964 0.0760 0.0059 0.0632 0.0099 0.2693 0.0571 
   H169607.6  1 0.0085 0.6441 0.0130 0.0756 0.0122 0.0121 0.0230 0.1182 0.0099 0.0079 0.0199 0.0044 0.0297 0.0214 
   H169607.7  1 0.0159 0.1317 0.0610 0.4095 0.0149 0.0195 0.0332 0.0331 0.0163 0.0218 0.0399 0.0071 0.1074 0.0886 
   H169607.8  1 0.0081 0.5025 0.0113 0.0210 0.0155 0.0096 0.0246 0.3466 0.0063 0.0054 0.0120 0.0045 0.0104 0.0220 
   H169633.1  1 0.0154 0.0060 0.0118 0.0094 0.0061 0.0332 0.0084 0.0088 0.0088 0.0153 0.8535 0.0134 0.0047 0.0051 
   H169633.2  1 0.0280 0.0048 0.0081 0.0313 0.0278 0.0355 0.1123 0.0092 0.0064 0.0411 0.6502 0.0160 0.0085 0.0209 
   H169633.3  1 0.0166 0.0050 0.0083 0.0073 0.0068 0.0108 0.0155 0.0063 0.0134 0.0220 0.8526 0.0082 0.0092 0.0180 
   H169633.4  1 0.0158 0.0058 0.0138 0.0069 0.0046 0.0236 0.0149 0.0204 0.0207 0.0163 0.8206 0.0226 0.0069 0.0072 
   H169633.5  1 0.0144 0.0061 0.0124 0.0058 0.0042 0.0253 0.0095 0.0145 0.0194 0.0171 0.8307 0.0254 0.0087 0.0065 
   H169688.1  1 0.0060 0.0694 0.0161 0.0311 0.2286 0.2157 0.0193 0.0173 0.0067 0.0049 0.3485 0.0057 0.0154 0.0154 
   H169688.2  1 0.0054 0.0224 0.0326 0.1843 0.4673 0.1075 0.0088 0.0071 0.0125 0.0189 0.0555 0.0196 0.0475 0.0106 
   H169688.3  1 0.0117 0.0120 0.0213 0.2177 0.1362 0.0288 0.0072 0.0106 0.0134 0.0117 0.4533 0.0093 0.0612 0.0058 
   H169688.4  1 0.0058 0.0159 0.6126 0.1012 0.0722 0.0398 0.0086 0.0147 0.0117 0.0099 0.0671 0.0135 0.0145 0.0124 
   H169688.5  1 0.0059 0.0218 0.6318 0.0893 0.0787 0.0458 0.0078 0.0120 0.0119 0.0074 0.0474 0.0131 0.0175 0.0097 
   H169688.6  1 0.0051 0.0224 0.0977 0.1403 0.1259 0.0907 0.0148 0.0070 0.0129 0.0353 0.2680 0.1008 0.0695 0.0097 
   H169688.7  1 0.0092 0.0117 0.0401 0.3163 0.0289 0.0311 0.0103 0.0148 0.0090 0.0076 0.4565 0.0143 0.0398 0.0105 
   H171901.1  1 0.2091 0.0190 0.0936 0.0461 0.2461 0.0384 0.0095 0.0619 0.0210 0.0508 0.0827 0.0809 0.0319 0.0090 
   H171901.2  1 0.0111 0.0159 0.0250 0.0169 0.0086 0.0099 0.0064 0.0363 0.0082 0.0169 0.8095 0.0077 0.0127 0.0149 
   H171901.3  1 0.0098 0.0103 0.0363 0.0341 0.0324 0.0328 0.0158 0.1417 0.0146 0.0106 0.6196 0.0099 0.0225 0.0096 
   H171901.4  1 0.0080 0.0106 0.0296 0.0405 0.0131 0.0189 0.0299 0.1104 0.0109 0.0684 0.5867 0.0065 0.0507 0.0159 
   H171901.5  1 0.0083 0.0091 0.0175 0.0396 0.0217 0.0062 0.0306 0.2879 0.0124 0.0234 0.4339 0.0085 0.0900 0.0109 
   H171901.6  1 0.0077 0.0115 0.0192 0.0179 0.0217 0.0050 0.0339 0.2615 0.0091 0.0353 0.4964 0.0065 0.0613 0.0130 
   H171901.7  1 0.0073 0.0060 0.0115 0.0182 0.0077 0.0071 0.0101 0.0265 0.0100 0.0088 0.7766 0.0066 0.0894 0.0142 
   H171902.1  1 0.0069 0.0098 0.0156 0.0138 0.0080 0.0122 0.0210 0.7997 0.0044 0.0048 0.0117 0.0564 0.0221 0.0136 
  H171902.10  1 0.0052 0.0079 0.0083 0.0127 0.0045 0.0076 0.0101 0.8823 0.0050 0.0047 0.0089 0.0125 0.0251 0.0051 
   H171902.2  1 0.0119 0.0141 0.0175 0.0315 0.0476 0.1733 0.0216 0.5042 0.0070 0.0253 0.0204 0.0442 0.0270 0.0545 
   H171902.3  1 0.0086 0.0152 0.0278 0.0913 0.0099 0.0142 0.0287 0.6932 0.0064 0.0105 0.0290 0.0088 0.0445 0.0120 
   H171902.4  1 0.0120 0.0074 0.0153 0.0057 0.0060 0.0067 0.0051 0.8117 0.0067 0.0083 0.0726 0.0212 0.0089 0.0123 
   H171902.6  1 0.0071 0.0080 0.0097 0.0109 0.0040 0.0071 0.0082 0.8895 0.0043 0.0045 0.0116 0.0114 0.0190 0.0045 
   H171902.7  1 0.0058 0.0058 0.0087 0.0081 0.0059 0.0034 0.0073 0.8851 0.0047 0.0055 0.0143 0.0245 0.0165 0.0043 
   H171902.8  1 0.0065 0.0088 0.0091 0.0169 0.0086 0.0111 0.0110 0.8590 0.0062 0.0049 0.0126 0.0136 0.0253 0.0063 
   H171902.9  1 0.0156 0.0110 0.0610 0.0076 0.0066 0.0062 0.0074 0.8052 0.0041 0.0093 0.0103 0.0293 0.0152 0.0112 
   H171903.1  1 0.0069 0.7574 0.0368 0.0110 0.0073 0.0053 0.0148 0.0186 0.0141 0.0110 0.0180 0.0048 0.0791 0.0149 
   H171903.2  1 0.0074 0.7611 0.0180 0.0168 0.0130 0.0081 0.0299 0.0119 0.0215 0.0212 0.0134 0.0117 0.0313 0.0345 
   H171903.3  1 0.0163 0.1696 0.0258 0.0246 0.0254 0.0109 0.0862 0.0685 0.2806 0.0357 0.0326 0.0192 0.1670 0.0375 
   H171903.4  1 0.0142 0.0502 0.0275 0.0165 0.3990 0.0177 0.0079 0.2511 0.0182 0.0125 0.1362 0.0080 0.0334 0.0076 
   H171903.5  1 0.0072 0.1055 0.0396 0.2476 0.0385 0.0130 0.0622 0.0197 0.2432 0.0337 0.0787 0.0132 0.0633 0.0346 
   H171903.6  1 0.0069 0.1584 0.0408 0.0642 0.0369 0.0137 0.0210 0.0387 0.0780 0.0087 0.3766 0.0060 0.1298 0.0203 
      H177.1  1 0.0095 0.0265 0.0131 0.0143 0.2110 0.0068 0.0342 0.0910 0.0199 0.0070 0.1433 0.0109 0.4046 0.0079 
      H177.2  1 0.0163 0.0303 0.0243 0.1579 0.0140 0.0212 0.1930 0.0821 0.0923 0.0086 0.1918 0.0171 0.0869 0.0641 
      H177.3  1 0.0174 0.0187 0.0378 0.0553 0.0142 0.0054 0.0507 0.1336 0.0364 0.0081 0.3044 0.0205 0.2874 0.0101 
      H177.4  1 0.0060 0.0237 0.0059 0.0205 0.1963 0.0051 0.1349 0.0527 0.0248 0.0212 0.3225 0.0116 0.1628 0.0122 
      H177.5  1 0.0076 0.0275 0.0138 0.0166 0.6422 0.0106 0.0086 0.0365 0.0689 0.0252 0.0287 0.0095 0.0866 0.0178 
      H177.6  1 0.0104 0.0120 0.0434 0.0469 0.0142 0.0044 0.0558 0.1126 0.0291 0.0065 0.3427 0.0237 0.2879 0.0106 
      H179.1  1 0.0230 0.0062 0.0146 0.3616 0.0906 0.0164 0.3378 0.0348 0.0156 0.0283 0.0115 0.0075 0.0361 0.0160 
      H179.2  1 0.0097 0.0117 0.0124 0.2876 0.0234 0.0074 0.5304 0.0125 0.0262 0.0121 0.0059 0.0069 0.0325 0.0212 
      H179.3  1 0.0111 0.0389 0.0378 0.3681 0.2313 0.0245 0.1323 0.0128 0.0220 0.0161 0.0106 0.0081 0.0313 0.0552 
      H179.4  1 0.0101 0.0165 0.0073 0.1026 0.0302 0.0230 0.6201 0.0186 0.0160 0.0122 0.0439 0.0056 0.0681 0.0257 
      H180.1  1 0.0110 0.0092 0.1295 0.0857 0.0138 0.0499 0.1597 0.0182 0.0955 0.1642 0.0058 0.0219 0.2278 0.0079 
      H180.2  1 0.0122 0.0093 0.1896 0.0256 0.0267 0.0687 0.0285 0.0200 0.0296 0.2703 0.0089 0.0246 0.2776 0.0083 
      H180.3  1 0.0137 0.0207 0.5465 0.0107 0.0105 0.0126 0.1256 0.0088 0.0613 0.0477 0.0073 0.0150 0.0690 0.0505 
      H180.4  1 0.0131 0.0104 0.0235 0.0349 0.0147 0.0485 0.0101 0.0144 0.1487 0.4286 0.0109 0.0201 0.2095 0.0126 
      H180.5  1 0.0108 0.0325 0.0758 0.0502 0.0381 0.0754 0.0253 0.0100 0.1731 0.0866 0.0123 0.0687 0.3030 0.0380 
      H180.6  1 0.0223 0.0304 0.0458 0.0256 0.0083 0.0404 0.0097 0.0086 0.0381 0.0424 0.0202 0.0627 0.0663 0.5791 
      H181.1  1 0.0049 0.0352 0.0096 0.0324 0.0112 0.2462 0.0746 0.0650 0.2616 0.0141 0.1835 0.0302 0.0216 0.0100 
      H181.2  1 0.0129 0.0301 0.0111 0.0357 0.0262 0.2173 0.3023 0.0714 0.0456 0.0213 0.0943 0.0241 0.0976 0.0098 
      H181.3  1 0.0084 0.0175 0.0051 0.1016 0.0317 0.4781 0.0322 0.1427 0.0150 0.0095 0.0674 0.0220 0.0558 0.0128 
      H181.4  1 0.0174 0.0395 0.0633 0.0332 0.0319 0.1099 0.0748 0.0390 0.3077 0.0122 0.1713 0.0051 0.0809 0.0137 
      H181.5  1 0.0240 0.0106 0.0064 0.1328 0.0763 0.3603 0.2239 0.0286 0.0298 0.0303 0.0217 0.0123 0.0195 0.0236 
      H181.6  1 0.0149 0.0162 0.0173 0.0753 0.0314 0.0293 0.5559 0.0574 0.0320 0.0998 0.0221 0.0072 0.0260 0.0153 
      H181.7  1 0.0089 0.0227 0.0111 0.3595 0.0197 0.1725 0.1634 0.0259 0.0230 0.0192 0.0979 0.0126 0.0302 0.0334 
 H194.1_2004  1 0.0119 0.1631 0.0152 0.0061 0.0126 0.0049 0.0064 0.0087 0.0186 0.0114 0.6550 0.0094 0.0620 0.0146 
 H194.2_2004  1 0.0418 0.1224 0.0092 0.0057 0.1305 0.0076 0.0051 0.0214 0.0164 0.0079 0.5330 0.0238 0.0675 0.0076 
 H194.3_2004  1 0.0098 0.0085 0.0065 0.0060 0.0091 0.0041 0.0087 0.0106 0.0062 0.0063 0.8986 0.0072 0.0110 0.0073 
 H194.4_2004  1 0.0083 0.0194 0.0059 0.0046 0.0573 0.0052 0.0047 0.0101 0.0055 0.0043 0.8533 0.0082 0.0067 0.0063 
 H194.5_2004  1 0.0110 0.0106 0.0064 0.0080 0.0127 0.0055 0.0111 0.0137 0.0077 0.0137 0.8725 0.0051 0.0100 0.0119 
 H194.6_2004  1 0.0154 0.0170 0.0116 0.0064 0.1080 0.0062 0.0294 0.0232 0.0072 0.0064 0.7259 0.0061 0.0274 0.0099 
 H194.7_2004  1 0.0228 0.1130 0.0077 0.0078 0.0142 0.0097 0.0051 0.0069 0.0129 0.0108 0.7301 0.0071 0.0066 0.0451 
 H194.8_2004  1 0.0201 0.0121 0.0083 0.0068 0.1024 0.0063 0.0112 0.0152 0.0070 0.0076 0.7689 0.0085 0.0146 0.0109 
      H194.9  1 0.0204 0.0644 0.0125 0.0054 0.0205 0.0094 0.0062 0.0114 0.0080 0.0102 0.7756 0.0096 0.0084 0.0382 
 H195.1_2003  1 0.0098 0.0237 0.0080 0.0132 0.0167 0.0082 0.0126 0.0235 0.0052 0.1388 0.7095 0.0053 0.0188 0.0066 
 H195.1_2004  1 0.0095 0.0097 0.0069 0.0142 0.0055 0.0221 0.0056 0.0124 0.0075 0.0088 0.8734 0.0103 0.0091 0.0050 
 H195.2_2003  1 0.0067 0.1344 0.0320 0.0212 0.0218 0.0091 0.0160 0.0423 0.0056 0.0417 0.6295 0.0105 0.0123 0.0168 
 H195.2_2004  1 0.0071 0.0131 0.0055 0.0083 0.0056 0.0106 0.0052 0.0054 0.0065 0.0087 0.8900 0.0197 0.0048 0.0096 
 H195.3_2003  1 0.0148 0.1167 0.0980 0.0221 0.0482 0.0164 0.0149 0.0333 0.0113 0.2225 0.3221 0.0096 0.0534 0.0167 
 H195.3_2004  1 0.0070 0.0199 0.0044 0.0048 0.0053 0.0100 0.0054 0.0084 0.0051 0.0084 0.9019 0.0066 0.0084 0.0043 
 H195.4_2003  1 0.0081 0.0186 0.0055 0.0075 0.0054 0.0040 0.0068 0.0094 0.0069 0.0204 0.8921 0.0038 0.0072 0.0044 
 H195.4_2004  1 0.0053 0.0221 0.0049 0.0059 0.0124 0.0494 0.0046 0.0070 0.0066 0.0057 0.8541 0.0064 0.0063 0.0093 
 H195.5_2003  1 0.0202 0.0198 0.0096 0.0171 0.0205 0.0198 0.0096 0.0414 0.0078 0.3046 0.4879 0.0056 0.0309 0.0054 
 H195.5_2004  1 0.0093 0.0147 0.0063 0.0054 0.0051 0.0303 0.0054 0.0066 0.0060 0.0109 0.8766 0.0104 0.0074 0.0056 
 H195.6_2003  1 0.0079 0.1326 0.0322 0.0106 0.0092 0.0195 0.0084 0.0288 0.0093 0.1205 0.5939 0.0086 0.0118 0.0067 
 H195.6_2004  1 0.0089 0.0165 0.0043 0.0072 0.0063 0.0073 0.0067 0.0060 0.0047 0.0160 0.8921 0.0106 0.0069 0.0065 
 H195.7_2003  1 0.0088 0.0165 0.0056 0.0146 0.0579 0.0110 0.0107 0.0103 0.0068 0.0166 0.8139 0.0039 0.0127 0.0106 
 H195.7_2004  1 0.0129 0.0132 0.0168 0.0149 0.0065 0.0282 0.0045 0.0107 0.0162 0.0159 0.7615 0.0843 0.0082 0.0061 
      H195.8  1 0.0125 0.0236 0.0101 0.0096 0.0114 0.0894 0.0044 0.0081 0.0100 0.0093 0.7851 0.0095 0.0071 0.0099 
      H195.9  1 0.0071 0.0369 0.0060 0.0057 0.0067 0.0100 0.0051 0.0085 0.0066 0.0072 0.8778 0.0059 0.0074 0.0092 
      H415.1  1 0.0468 0.0111 0.1954 0.0317 0.0354 0.0087 0.1930 0.0183 0.0141 0.0388 0.2183 0.0940 0.0366 0.0578 
      H415.2  1 0.0150 0.0113 0.0573 0.0134 0.0181 0.0046 0.1696 0.5085 0.0265 0.0136 0.0500 0.0170 0.0879 0.0071 
      H415.3  1 0.0397 0.0049 0.0156 0.0840 0.0151 0.0040 0.6659 0.0222 0.0257 0.0249 0.0358 0.0088 0.0440 0.0093 
      H415.4  1 0.0918 0.0071 0.1279 0.0117 0.0133 0.0084 0.4354 0.0386 0.0348 0.0656 0.0701 0.0295 0.0227 0.0430 
      H415.5  1 0.0280 0.0059 0.0100 0.0194 0.0133 0.0057 0.6102 0.0205 0.0327 0.0815 0.1040 0.0114 0.0493 0.0082 
      H415.6  1 0.0731 0.0088 0.1516 0.0128 0.0151 0.0090 0.4463 0.0360 0.0312 0.0776 0.0635 0.0244 0.0129 0.0377 
      H415.7  1 0.0211 0.0088 0.0156 0.0357 0.0162 0.0046 0.3275 0.4138 0.0184 0.0103 0.0764 0.0185 0.0199 0.0131 
      H506.1  1 0.0062 0.0038 0.0039 0.0137 0.0069 0.0148 0.8902 0.0053 0.0059 0.0148 0.0071 0.0097 0.0112 0.0066 
      H506.2  1 0.0066 0.0062 0.0044 0.0215 0.0062 0.0066 0.8790 0.0091 0.0078 0.0094 0.0169 0.0090 0.0103 0.0070 
      H506.3  1 0.0104 0.0094 0.0052 0.0329 0.0215 0.0372 0.7034 0.0071 0.0143 0.0244 0.0101 0.0787 0.0303 0.0150 
      H506.4  1 0.0056 0.0072 0.0061 0.0268 0.0121 0.0166 0.8385 0.0056 0.0153 0.0144 0.0072 0.0180 0.0179 0.0087 
      H506.5  1 0.0044 0.0087 0.0041 0.0084 0.0063 0.0083 0.9125 0.0067 0.0056 0.0086 0.0076 0.0089 0.0052 0.0048 
      H506.6  1 0.0073 0.0395 0.0286 0.2054 0.0565 0.0251 0.4058 0.0203 0.0448 0.0212 0.0175 0.0826 0.0338 0.0117 
      H506.7  1 0.0055 0.0053 0.0036 0.0121 0.0081 0.0099 0.8854 0.0111 0.0051 0.0137 0.0147 0.0095 0.0086 0.0073 
      H533.1  1 0.0047 0.0041 0.0041 0.2586 0.0047 0.0206 0.5931 0.0059 0.0100 0.0159 0.0127 0.0247 0.0354 0.0054 
      H533.2  1 0.0060 0.0038 0.0049 0.1434 0.0046 0.0165 0.7089 0.0107 0.0063 0.0126 0.0118 0.0402 0.0250 0.0054 
      H533.3  1 0.0051 0.0095 0.0086 0.1150 0.0059 0.0117 0.6374 0.0106 0.0481 0.0061 0.0139 0.0121 0.1007 0.0154 
      H533.4  1 0.0086 0.0120 0.0126 0.1289 0.0092 0.0249 0.5310 0.0167 0.0201 0.0094 0.0406 0.0297 0.1495 0.0067 
      H535.1  1 0.0121 0.0269 0.0143 0.0077 0.0154 0.0052 0.8161 0.0180 0.0104 0.0060 0.0107 0.0054 0.0438 0.0080 
      H535.2  1 0.0066 0.0146 0.0049 0.0128 0.0214 0.0794 0.6809 0.0098 0.0284 0.0238 0.0567 0.0041 0.0155 0.0411 
      H535.3  1 0.0067 0.0179 0.0088 0.0132 0.0160 0.1228 0.6415 0.0129 0.0164 0.0676 0.0235 0.0065 0.0152 0.0311 
      H535.4  1 0.0089 0.0070 0.0053 0.0060 0.0058 0.0207 0.8497 0.0068 0.0111 0.0228 0.0359 0.0040 0.0092 0.0066 
      H535.5  1 0.0055 0.0101 0.0056 0.0057 0.0109 0.0056 0.8919 0.0049 0.0064 0.0064 0.0149 0.0037 0.0224 0.0062 
      H535.6  1 0.0205 0.0334 0.0190 0.0082 0.1521 0.0198 0.6319 0.0278 0.0110 0.0054 0.0122 0.0047 0.0437 0.0103 
      H535.7  1 0.0037 0.0083 0.0090 0.0072 0.0091 0.0054 0.9070 0.0037 0.0055 0.0112 0.0074 0.0057 0.0105 0.0065 
      H535.8  1 0.0053 0.0094 0.0079 0.0060 0.0450 0.0212 0.8392 0.0053 0.0055 0.0108 0.0122 0.0060 0.0148 0.0112 
      H535.9  1 0.0066 0.0236 0.0273 0.0088 0.0068 0.0140 0.8128 0.0197 0.0094 0.0327 0.0095 0.0083 0.0136 0.0068 
      H539.1  1 0.0046 0.0087 0.9381 0.0033 0.0037 0.0034 0.0040 0.0050 0.0041 0.0040 0.0041 0.0075 0.0045 0.0049 
      H539.2  1 0.0111 0.0251 0.3279 0.0508 0.0169 0.0416 0.0163 0.0139 0.0249 0.0101 0.0093 0.0210 0.4103 0.0208 
      H539.3  1 0.0087 0.0502 0.7829 0.0075 0.0233 0.0157 0.0073 0.0160 0.0047 0.0088 0.0166 0.0166 0.0218 0.0199 
      H539.4  1 0.0043 0.0055 0.9116 0.0102 0.0067 0.0050 0.0060 0.0054 0.0072 0.0070 0.0045 0.0096 0.0092 0.0078 
      H539.5  1 0.0052 0.0102 0.9259 0.0035 0.0035 0.0037 0.0045 0.0070 0.0052 0.0030 0.0040 0.0075 0.0050 0.0118 
      H539.6  1 0.0071 0.0111 0.9135 0.0044 0.0058 0.0063 0.0054 0.0066 0.0051 0.0038 0.0058 0.0053 0.0087 0.0112 
      H539.7  1 0.0061 0.0050 0.9348 0.0046 0.0050 0.0037 0.0039 0.0066 0.0043 0.0046 0.0058 0.0040 0.0072 0.0044 
      H539.8  1 0.0203 0.0155 0.7643 0.0083 0.0280 0.0211 0.0126 0.0095 0.0117 0.0316 0.0158 0.0345 0.0177 0.0090 
      H539.9  1 0.0038 0.0072 0.9316 0.0051 0.0048 0.0038 0.0040 0.0047 0.0055 0.0056 0.0036 0.0081 0.0046 0.0077 
      H540.1  1 0.0059 0.0169 0.8149 0.0105 0.0085 0.0063 0.0099 0.0231 0.0345 0.0045 0.0108 0.0132 0.0324 0.0086 
      H540.2  1 0.0074 0.0071 0.9031 0.0060 0.0063 0.0035 0.0071 0.0165 0.0124 0.0034 0.0063 0.0044 0.0116 0.0050 
      H540.3  1 0.0360 0.0069 0.5162 0.0115 0.0290 0.0179 0.0128 0.0725 0.0370 0.0088 0.0155 0.2124 0.0187 0.0047 
      H540.4  1 0.0098 0.0072 0.8407 0.0182 0.0123 0.0069 0.0132 0.0179 0.0263 0.0058 0.0071 0.0040 0.0254 0.0054 
      H540.5  1 0.0102 0.0097 0.8562 0.0105 0.0103 0.0105 0.0095 0.0113 0.0157 0.0045 0.0074 0.0229 0.0136 0.0077 
      H540.6  1 0.0127 0.0235 0.7498 0.0210 0.0144 0.0306 0.0161 0.0257 0.0354 0.0037 0.0136 0.0134 0.0198 0.0203 
      H540.7  1 0.0081 0.0077 0.8699 0.0093 0.0056 0.0072 0.0107 0.0104 0.0198 0.0056 0.0095 0.0043 0.0213 0.0108 
      H540.8  1 0.0100 0.0135 0.7132 0.0104 0.0067 0.0047 0.0098 0.0262 0.0254 0.0073 0.0223 0.0073 0.1370 0.0061 
     H9558.1  1 0.0078 0.0084 0.9134 0.0078 0.0072 0.0053 0.0046 0.0072 0.0043 0.0058 0.0049 0.0060 0.0133 0.0040 
     H9558.2  1 0.0056 0.0137 0.8836 0.0113 0.0134 0.0069 0.0094 0.0095 0.0053 0.0107 0.0059 0.0073 0.0069 0.0105 
     H9558.3  1 0.0081 0.0106 0.8775 0.0063 0.0087 0.0068 0.0115 0.0070 0.0098 0.0156 0.0054 0.0125 0.0072 0.0130 
     H9558.4  1 0.0048 0.0066 0.9023 0.0141 0.0073 0.0046 0.0072 0.0062 0.0065 0.0060 0.0047 0.0066 0.0167 0.0063 
     H9558.5  1 0.0072 0.0040 0.9037 0.0065 0.0077 0.0063 0.0068 0.0050 0.0119 0.0101 0.0039 0.0116 0.0111 0.0043 
     H9558.6  1 0.0124 0.0094 0.7864 0.0057 0.0149 0.0046 0.0101 0.0133 0.0410 0.0126 0.0065 0.0099 0.0082 0.0650 
    kos339.1  1 0.0094 0.0089 0.0123 0.0292 0.0149 0.0158 0.4438 0.1527 0.0234 0.0057 0.1445 0.0085 0.0922 0.0387 
    kos339.2  1 0.0255 0.0069 0.0103 0.0253 0.0076 0.0162 0.0646 0.0081 0.0130 0.0094 0.7237 0.0088 0.0051 0.0754 
    kos339.3  1 0.0061 0.0062 0.0097 0.0072 0.0051 0.0068 0.1365 0.0095 0.0113 0.0063 0.7648 0.0052 0.0163 0.0088 
    kos339.4  1 0.0070 0.0058 0.0084 0.0080 0.0084 0.0089 0.0372 0.0060 0.0119 0.0083 0.8651 0.0068 0.0080 0.0101 
    kos339.5  1 0.0117 0.0066 0.0151 0.0142 0.0152 0.0145 0.0998 0.0696 0.0219 0.0088 0.6215 0.0047 0.0672 0.0291 
    kos339.6  1 0.0137 0.0061 0.0058 0.0077 0.0054 0.0070 0.0252 0.0085 0.0208 0.0066 0.8664 0.0070 0.0081 0.0117 
    kos339.7  1 0.0046 0.0068 0.0084 0.0122 0.0058 0.0066 0.3672 0.0102 0.0103 0.0046 0.5185 0.0056 0.0163 0.0228 
    kos339.8  1 0.0095 0.0037 0.0058 0.0092 0.0094 0.0159 0.4049 0.0119 0.0198 0.0095 0.4729 0.0081 0.0100 0.0093 
    kos339.9  1 0.0131 0.0100 0.0278 0.0155 0.0110 0.0091 0.0273 0.0296 0.0127 0.0072 0.7837 0.0056 0.0286 0.0188 
      H008.1  2 0.0143 0.0090 0.0438 0.0139 0.0115 0.0141 0.0074 0.0127 0.0072 0.0198 0.0073 0.0069 0.0165 0.8157 
      H008.2  2 0.0212 0.0727 0.1252 0.0415 0.0235 0.0460 0.0141 0.0210 0.0248 0.2808 0.0162 0.0998 0.1208 0.0925 
      H008.3  2 0.0470 0.0790 0.0326 0.0471 0.0641 0.0828 0.0474 0.0164 0.0225 0.1156 0.0241 0.0795 0.2536 0.0883 
      H008.4  2 0.0405 0.0259 0.0462 0.0169 0.0284 0.0131 0.0181 0.0344 0.0104 0.0198 0.0094 0.0648 0.0163 0.6557 
      H008.5  2 0.0206 0.0228 0.0149 0.0108 0.0391 0.0151 0.0107 0.0090 0.0142 0.0305 0.0116 0.0170 0.0184 0.7652 
      H008.6  2 0.0252 0.0485 0.0499 0.0175 0.0285 0.0079 0.0220 0.0414 0.0128 0.2167 0.0135 0.1588 0.0982 0.2592 
      H008.7  2 0.0349 0.0288 0.0534 0.0270 0.0414 0.0711 0.0326 0.0487 0.0111 0.1141 0.0118 0.1324 0.0603 0.3325 
      H008.8  2 0.0192 0.0513 0.5710 0.0961 0.0093 0.0205 0.0144 0.0240 0.0075 0.0169 0.0161 0.0118 0.0122 0.1296 
      H008.9  2 0.0233 0.0494 0.0423 0.0324 0.0242 0.0151 0.0179 0.1075 0.0118 0.2155 0.0327 0.3486 0.0545 0.0247 
 H029.1_2002  2 0.0161 0.0093 0.0469 0.0159 0.0584 0.0128 0.0246 0.0293 0.0097 0.0065 0.0057 0.0301 0.0103 0.7244 
 H029.1_2003  2 0.0133 0.0144 0.0132 0.0194 0.7342 0.0068 0.0197 0.0140 0.0135 0.0106 0.0092 0.0139 0.0301 0.0877 
 H029.2_2002  2 0.0052 0.0178 0.0071 0.0090 0.0854 0.0431 0.0503 0.0250 0.0096 0.0163 0.0745 0.0377 0.0355 0.5834 
 H029.2_2003  2 0.0062 0.0171 0.0099 0.0068 0.5046 0.0085 0.0344 0.0306 0.0234 0.0147 0.0277 0.0251 0.1358 0.1552 
 H029.3_2002  2 0.0084 0.0268 0.0075 0.0423 0.1289 0.0686 0.1462 0.0120 0.0223 0.0067 0.0798 0.2032 0.0227 0.2247 
 H029.3_2003  2 0.0109 0.0065 0.0064 0.0124 0.3317 0.0081 0.0120 0.0058 0.0113 0.0348 0.0112 0.0078 0.0247 0.5163 
 H029.4_2002  2 0.0121 0.0046 0.0060 0.0153 0.0426 0.0255 0.0073 0.0041 0.0082 0.0095 0.0165 0.0200 0.0078 0.8206 
 H029.4_2003  2 0.0079 0.0132 0.0290 0.0384 0.6409 0.0124 0.0108 0.0072 0.0097 0.0184 0.0093 0.0242 0.0224 0.1562 
 H029.5_2002  2 0.0174 0.0047 0.0079 0.0063 0.0444 0.0135 0.0072 0.0107 0.0060 0.0111 0.0090 0.0057 0.0069 0.8492 
 H029.5_2003  2 0.0096 0.0052 0.0083 0.0170 0.4525 0.0055 0.0078 0.0084 0.0113 0.0248 0.0097 0.0110 0.0536 0.3753 
 H029.6_2002  2 0.0132 0.0095 0.0057 0.0155 0.4022 0.0313 0.0074 0.0053 0.0081 0.0054 0.0150 0.0418 0.0075 0.4320 
 H029.6_2003  2 0.0240 0.0100 0.0176 0.0191 0.0582 0.0155 0.0288 0.0379 0.0175 0.0278 0.0953 0.0089 0.0803 0.5591 
      H029.7  2 0.0061 0.0158 0.0071 0.0055 0.0334 0.0214 0.0177 0.0122 0.0054 0.0086 0.0779 0.0303 0.0146 0.7440 
      H030.1  2 0.0142 0.0112 0.0077 0.0208 0.2579 0.0154 0.0105 0.0368 0.4447 0.0893 0.0134 0.0054 0.0297 0.0430 
      H030.2  2 0.0258 0.0058 0.0292 0.0171 0.0403 0.2035 0.0557 0.0182 0.2856 0.0812 0.0091 0.0828 0.0133 0.1325 
      H038.1  2 0.0059 0.0102 0.0065 0.0080 0.0072 0.0061 0.0068 0.0070 0.0059 0.0052 0.0066 0.0303 0.0059 0.8885 
      H038.2  2 0.0077 0.0033 0.0049 0.0061 0.0074 0.0072 0.0123 0.0098 0.0144 0.0068 0.0067 0.0064 0.0072 0.8998 
      H038.3  2 0.0178 0.0048 0.0133 0.0161 0.0050 0.0088 0.0157 0.0138 0.0624 0.0153 0.0095 0.0409 0.0056 0.7710 
      H038.4  2 0.0221 0.0046 0.0103 0.0099 0.0056 0.0069 0.0108 0.0098 0.0137 0.0127 0.0092 0.0223 0.0056 0.8564 
      H038.5  2 0.0098 0.0040 0.0114 0.0269 0.0101 0.0156 0.0061 0.0067 0.0215 0.0071 0.0111 0.0255 0.0076 0.8367 
      H038.6  2 0.0033 0.0070 0.0126 0.0085 0.0106 0.0044 0.0073 0.0067 0.0075 0.0058 0.0058 0.0125 0.0087 0.8994 
      H038.7  2 0.0054 0.0044 0.0166 0.0093 0.0053 0.0034 0.0259 0.0074 0.0218 0.0089 0.0045 0.0101 0.0078 0.8692 
      H038.8  2 0.0172 0.0044 0.0089 0.0105 0.0052 0.0091 0.0139 0.0099 0.0341 0.0093 0.0082 0.0831 0.0038 0.7826 
      H041.1  2 0.0930 0.0215 0.0095 0.0168 0.2562 0.0964 0.0096 0.0153 0.0171 0.1247 0.0374 0.0370 0.0178 0.2478 
      H041.2  2 0.1603 0.0073 0.0078 0.0081 0.5425 0.0062 0.0214 0.0225 0.0089 0.0764 0.0134 0.0260 0.0091 0.0901 
      H041.4  2 0.0387 0.0312 0.0288 0.0150 0.3849 0.0143 0.0109 0.0336 0.0141 0.0476 0.0376 0.0285 0.0112 0.3035 
      H041.6  2 0.0529 0.0378 0.0738 0.0119 0.3348 0.0221 0.0191 0.0299 0.0120 0.0203 0.0296 0.0183 0.0100 0.3276 
 H042.1_2002  2 0.0465 0.0176 0.0764 0.0127 0.7204 0.0111 0.0112 0.0259 0.0070 0.0082 0.0226 0.0105 0.0183 0.0116 
 H042.1_2003  2 0.0951 0.0203 0.1044 0.0142 0.0448 0.0135 0.0511 0.1057 0.0250 0.2701 0.0169 0.0980 0.0548 0.0861 
 H042.2_2002  2 0.0355 0.0148 0.0150 0.0279 0.6009 0.0099 0.0388 0.0088 0.0068 0.0102 0.0180 0.0540 0.0376 0.1218 
 H042.2_2003  2 0.4178 0.0104 0.0466 0.0079 0.2301 0.0048 0.0139 0.0460 0.0119 0.0190 0.0229 0.0069 0.0220 0.1400 
 H042.3_2002  2 0.1769 0.0181 0.0814 0.0409 0.4998 0.0080 0.0176 0.0125 0.0126 0.0134 0.0369 0.0219 0.0498 0.0101 
 H042.3_2003  2 0.1025 0.0281 0.1222 0.0474 0.3018 0.0458 0.0234 0.0133 0.0187 0.0372 0.0356 0.0537 0.1122 0.0583 
 H042.4_2002  2 0.0309 0.0074 0.0148 0.0087 0.8063 0.0110 0.0056 0.0221 0.0101 0.0082 0.0279 0.0136 0.0141 0.0195 
 H042.4_2003  2 0.0193 0.0147 0.0292 0.0061 0.7610 0.0163 0.0059 0.0378 0.0091 0.0128 0.0183 0.0077 0.0115 0.0503 
      H042.5  2 0.0086 0.0135 0.0087 0.0056 0.8996 0.0056 0.0045 0.0075 0.0047 0.0079 0.0140 0.0032 0.0102 0.0063 
      H042.6  2 0.0067 0.0351 0.0298 0.0104 0.8311 0.0089 0.0071 0.0143 0.0079 0.0054 0.0099 0.0106 0.0081 0.0149 
      H042.7  2 0.2880 0.0148 0.0272 0.0196 0.4937 0.0079 0.0238 0.0148 0.0079 0.0174 0.0426 0.0075 0.0120 0.0227 
      H042.8  2 0.0503 0.0202 0.0208 0.0140 0.7644 0.0045 0.0123 0.0106 0.0049 0.0285 0.0121 0.0223 0.0246 0.0105 
   H042_2002  2 0.0693 0.1806 0.3275 0.0363 0.0885 0.0056 0.0282 0.0643 0.0108 0.0296 0.0136 0.0289 0.0296 0.0872 
   H042_2003  2 0.0579 0.1724 0.3628 0.0344 0.0615 0.0062 0.0323 0.0796 0.0096 0.0418 0.0107 0.0348 0.0254 0.0706 
      H043.1  2 0.0047 0.0148 0.7619 0.0576 0.0070 0.0128 0.0072 0.0124 0.0101 0.0176 0.0214 0.0462 0.0105 0.0157 
      H043.2  2 0.0064 0.0251 0.8535 0.0150 0.0052 0.0050 0.0071 0.0062 0.0044 0.0070 0.0116 0.0288 0.0053 0.0195 
      H043.3  2 0.0074 0.0218 0.6037 0.0558 0.0121 0.0048 0.0292 0.0303 0.0101 0.0195 0.0079 0.0155 0.0083 0.1737 
      H043.4  2 0.0052 0.0420 0.8018 0.0123 0.0087 0.0052 0.0105 0.0210 0.0083 0.0121 0.0139 0.0256 0.0077 0.0256 
      H043.5  2 0.0097 0.0080 0.7595 0.0312 0.0071 0.0067 0.0100 0.0078 0.0076 0.0128 0.0089 0.0724 0.0059 0.0526 
      H043.6  2 0.0086 0.0091 0.7756 0.0157 0.0085 0.0053 0.0103 0.0088 0.0091 0.0047 0.0075 0.0561 0.0048 0.0759 
      H043.7  2 0.0059 0.0262 0.8526 0.0099 0.0068 0.0032 0.0083 0.0145 0.0108 0.0206 0.0070 0.0140 0.0050 0.0154 
      H043.8  2 0.0093 0.0155 0.6660 0.1447 0.0061 0.0115 0.0158 0.0086 0.0299 0.0188 0.0261 0.0108 0.0077 0.0292 
      H043.9  2 0.0053 0.0194 0.6869 0.0934 0.0174 0.0125 0.0119 0.0164 0.0116 0.0160 0.0139 0.0247 0.0082 0.0623 
      H047.1  2 0.0056 0.0103 0.2125 0.0096 0.0072 0.0047 0.0409 0.0058 0.0070 0.1758 0.0132 0.0056 0.0100 0.4917 
      H047.2  2 0.0176 0.0102 0.0091 0.0109 0.0135 0.0249 0.0193 0.0315 0.0099 0.6185 0.0152 0.0049 0.0225 0.1918 
      H047.3  2 0.0402 0.0181 0.0120 0.0138 0.0124 0.0279 0.0152 0.0189 0.0159 0.6395 0.0142 0.0055 0.0168 0.1495 
      H047.4  2 0.0344 0.0126 0.0175 0.0162 0.0273 0.0080 0.0459 0.0465 0.0128 0.3201 0.0209 0.0043 0.0138 0.4197 
      H047.5  2 0.0337 0.0573 0.0318 0.0109 0.0117 0.0070 0.0275 0.0119 0.0137 0.5648 0.0125 0.0041 0.0192 0.1940 
      H047.6  2 0.0363 0.0074 0.0085 0.0078 0.0287 0.0091 0.0113 0.0130 0.0048 0.8105 0.0079 0.0057 0.0070 0.0420 
      H047.7  2 0.0131 0.0093 0.1384 0.0106 0.0072 0.0081 0.0453 0.0069 0.0063 0.1826 0.0152 0.0079 0.0106 0.5385 
      H047.8  2 0.0387 0.0135 0.0268 0.0112 0.0308 0.0092 0.0299 0.0126 0.0060 0.6529 0.0136 0.0066 0.0303 0.1178 
      H047.9  2 0.0257 0.0911 0.0537 0.0098 0.0115 0.0077 0.0234 0.0174 0.0145 0.2139 0.0590 0.0045 0.0387 0.4292 
 H071.1_2002  2 0.0067 0.0096 0.0234 0.0062 0.0067 0.0037 0.0071 0.0075 0.0070 0.0053 0.0092 0.0055 0.0068 0.8952 
 H071.1_2003  2 0.0114 0.0621 0.0568 0.0062 0.0152 0.0050 0.0091 0.0228 0.0324 0.0105 0.0274 0.0107 0.0094 0.7212 
     H071.10  2 0.0060 0.0063 0.0071 0.0261 0.0056 0.0122 0.0070 0.0047 0.0201 0.0044 0.0073 0.0069 0.0042 0.8821 
 H071.2_2002  2 0.0085 0.0154 0.0176 0.0142 0.0057 0.0037 0.0075 0.0070 0.0096 0.0087 0.0103 0.0074 0.0082 0.8762 
 H071.2_2003  2 0.0048 0.0071 0.0067 0.0046 0.0053 0.0034 0.0045 0.0045 0.0052 0.0042 0.0057 0.0039 0.0041 0.9360 
      H071.3  2 0.0079 0.0063 0.0063 0.0116 0.0053 0.0087 0.0081 0.0047 0.0244 0.0314 0.0054 0.0083 0.0060 0.8657 
 H071.4_2002  2 0.0076 0.0070 0.0112 0.0318 0.0085 0.0081 0.0073 0.0083 0.0270 0.0059 0.0152 0.0172 0.0064 0.8385 
 H071.4_2003  2 0.0039 0.0039 0.0048 0.0070 0.0041 0.0040 0.0060 0.0041 0.0078 0.0066 0.0064 0.0031 0.0056 0.9327 
 H071.5_2002  2 0.0048 0.0069 0.0056 0.0083 0.0053 0.0075 0.0046 0.0043 0.0064 0.0048 0.0059 0.0045 0.0041 0.9269 
 H071.5_2003  2 0.0051 0.0068 0.0091 0.0143 0.0054 0.0033 0.0084 0.0093 0.0230 0.0102 0.0091 0.0041 0.0111 0.8811 
 H071.6_2002  2 0.0043 0.0075 0.0064 0.0384 0.0047 0.0047 0.0133 0.0051 0.0079 0.0043 0.0060 0.0060 0.0054 0.8860 
 H071.6_2003  2 0.0049 0.0046 0.0073 0.0077 0.0050 0.0042 0.0052 0.0084 0.0185 0.0049 0.0058 0.0037 0.0058 0.9139 
 H071.7_2002  2 0.0045 0.0083 0.0064 0.0058 0.0046 0.0032 0.0074 0.0050 0.0044 0.0060 0.0040 0.0045 0.0049 0.9310 
 H071.7_2003  2 0.0067 0.0086 0.0126 0.0063 0.0057 0.0040 0.0057 0.0078 0.0219 0.0068 0.0124 0.0050 0.0067 0.8898 
      H071.8  2 0.0092 0.0116 0.0110 0.0092 0.0082 0.0047 0.0078 0.0054 0.0056 0.0102 0.0098 0.0086 0.0057 0.8931 
      H071.9  2 0.0133 0.0176 0.0221 0.2986 0.0158 0.0107 0.0081 0.0116 0.0165 0.0170 0.0135 0.0177 0.0073 0.5301 
 H081.1_2002  2 0.0056 0.0195 0.0103 0.0051 0.0070 0.0072 0.0070 0.0075 0.0073 0.0036 0.0094 0.0045 0.0054 0.9004 
 H081.1_2003  2 0.0235 0.0212 0.0447 0.0158 0.1604 0.0176 0.0825 0.1484 0.0981 0.0150 0.0247 0.2522 0.0313 0.0648 
 H081.2_2002  2 0.0064 0.0561 0.0127 0.0043 0.0067 0.0041 0.0069 0.0100 0.0060 0.0070 0.0088 0.0047 0.0043 0.8621 
 H081.2_2003  2 0.0102 0.0664 0.0341 0.0553 0.0199 0.0261 0.0068 0.0124 0.6931 0.0086 0.0145 0.0104 0.0098 0.0323 
 H081.3_2002  2 0.0082 0.0291 0.0090 0.0084 0.0096 0.0047 0.0077 0.0116 0.0113 0.0158 0.0160 0.0078 0.0056 0.8553 
 H081.3_2003  2 0.0146 0.0472 0.2461 0.0940 0.0301 0.0141 0.0069 0.0237 0.4214 0.0145 0.0419 0.0148 0.0144 0.0164 
 H081.4_2002  2 0.0071 0.0069 0.0110 0.0065 0.0069 0.0048 0.0075 0.0056 0.0114 0.0062 0.0109 0.0042 0.0076 0.9034 
 H081.4_2003  2 0.0185 0.0325 0.0583 0.0289 0.2189 0.0126 0.0211 0.0535 0.4628 0.0083 0.0205 0.0179 0.0281 0.0179 
 H081.5_2002  2 0.0048 0.0082 0.0109 0.0054 0.0116 0.0043 0.0098 0.0087 0.0143 0.0073 0.0067 0.0047 0.0065 0.8968 
 H081.5_2003  2 0.0421 0.1178 0.0749 0.0107 0.1481 0.0171 0.0590 0.1329 0.2282 0.0192 0.0375 0.0270 0.0210 0.0646 
      H081.6  2 0.0057 0.0159 0.0105 0.0052 0.0056 0.0049 0.0089 0.0076 0.0073 0.0047 0.0094 0.0050 0.0074 0.9018 
      H081.7  2 0.0085 0.0560 0.0094 0.0078 0.0069 0.0055 0.0068 0.0099 0.0113 0.0080 0.0160 0.0048 0.0049 0.8443 
      H081.8  2 0.0127 0.0120 0.0074 0.0313 0.0195 0.0133 0.0122 0.0095 0.0458 0.0083 0.0353 0.0170 0.0079 0.7677 
      H083.1  2 0.0053 0.0080 0.0070 0.0115 0.0256 0.0298 0.0313 0.0056 0.0089 0.0090 0.0087 0.0110 0.0126 0.8257 
      H083.2  2 0.0066 0.0239 0.0249 0.0169 0.0125 0.0290 0.0144 0.0103 0.0073 0.0383 0.0147 0.0105 0.0083 0.7823 
      H083.4  2 0.0078 0.0176 0.0086 0.0607 0.0098 0.1054 0.0158 0.0057 0.0070 0.0142 0.0082 0.0149 0.0068 0.7175 
      H083.5  2 0.0071 0.0118 0.0061 0.0103 0.0361 0.0896 0.0195 0.0103 0.0064 0.0144 0.0101 0.0242 0.0082 0.7458 
      H083.6  2 0.0098 0.0131 0.0063 0.0184 0.0250 0.1230 0.0355 0.0069 0.0102 0.0066 0.0143 0.0115 0.0127 0.7068 
      H083.7  2 0.0083 0.0148 0.0077 0.0301 0.0081 0.2236 0.0091 0.0079 0.0069 0.0124 0.0120 0.0108 0.0104 0.6379 
      H083.8  2 0.0071 0.0165 0.0162 0.0121 0.0109 0.0320 0.0109 0.0116 0.0077 0.0709 0.0168 0.0084 0.0123 0.7665 
      H083.9  2 0.0068 0.0090 0.0055 0.0085 0.0303 0.1210 0.0111 0.0065 0.0066 0.0105 0.0080 0.0096 0.0065 0.7600 
      H084.1  2 0.0164 0.0090 0.0103 0.0151 0.0254 0.0121 0.0073 0.0095 0.7736 0.0193 0.0070 0.0750 0.0101 0.0100 
      H084.2  2 0.0056 0.0051 0.0102 0.0210 0.0659 0.0104 0.0080 0.0132 0.7275 0.0066 0.0110 0.0892 0.0164 0.0100 
      H084.3  2 0.1158 0.0074 0.0099 0.0100 0.0202 0.0179 0.0367 0.0191 0.5121 0.0140 0.0084 0.2020 0.0179 0.0088 
      H084.4  2 0.0534 0.0050 0.0116 0.0108 0.0904 0.0066 0.0358 0.0274 0.4538 0.0341 0.0153 0.2305 0.0180 0.0072 
      H084.5  2 0.0649 0.0081 0.0078 0.0124 0.0103 0.0074 0.0320 0.0098 0.7469 0.0255 0.0066 0.0491 0.0101 0.0090 
      H084.6  2 0.0692 0.0089 0.0079 0.0102 0.0080 0.0165 0.0119 0.0055 0.6885 0.0346 0.0207 0.1067 0.0060 0.0054 
      H084.7  2 0.0061 0.0071 0.0092 0.0157 0.0417 0.0082 0.0057 0.0071 0.8374 0.0086 0.0146 0.0188 0.0130 0.0067 
      H084.8  2 0.0569 0.0071 0.0067 0.0090 0.0117 0.0088 0.0127 0.0088 0.7101 0.0440 0.0067 0.1026 0.0090 0.0058 
 H085.1_2002  2 0.0070 0.8446 0.0087 0.0075 0.0322 0.0125 0.0077 0.0113 0.0097 0.0059 0.0135 0.0107 0.0057 0.0231 
 H085.1_2003  2 0.0256 0.1328 0.0076 0.0465 0.0956 0.0861 0.0083 0.0104 0.0295 0.0230 0.0120 0.0207 0.0092 0.4926 
 H085.2_2002  2 0.0279 0.3515 0.0160 0.0330 0.0788 0.0788 0.0137 0.0794 0.0311 0.0069 0.1654 0.0797 0.0079 0.0299 
 H085.2_2003  2 0.0092 0.0289 0.0098 0.0286 0.0708 0.0301 0.0086 0.0149 0.0154 0.0336 0.0169 0.0139 0.0153 0.7039 
 H085.3_2002  2 0.0121 0.8595 0.0093 0.0060 0.0321 0.0140 0.0039 0.0140 0.0087 0.0068 0.0118 0.0052 0.0078 0.0088 
 H085.3_2003  2 0.0199 0.0381 0.0116 0.0179 0.0155 0.0090 0.0055 0.0084 0.0284 0.0177 0.0088 0.0052 0.0156 0.7986 
 H085.4_2002  2 0.0291 0.5133 0.0437 0.0258 0.0540 0.0241 0.0112 0.0164 0.0296 0.0060 0.0564 0.0604 0.0121 0.1179 
 H085.4_2003  2 0.0475 0.0085 0.0219 0.0079 0.0638 0.0071 0.0091 0.0327 0.0242 0.0090 0.0171 0.0064 0.0075 0.7372 
 H085.5_2002  2 0.0078 0.8935 0.0138 0.0075 0.0228 0.0046 0.0038 0.0071 0.0066 0.0059 0.0072 0.0047 0.0070 0.0077 
 H085.5_2003  2 0.0073 0.0192 0.0063 0.0098 0.0313 0.0308 0.0070 0.0086 0.0106 0.0128 0.0072 0.0077 0.0103 0.8312 
 H085.6_2002  2 0.0056 0.8685 0.0075 0.0095 0.0363 0.0097 0.0047 0.0116 0.0090 0.0075 0.0095 0.0079 0.0048 0.0079 
 H085.6_2003  2 0.1854 0.0691 0.0344 0.0217 0.0993 0.0070 0.0098 0.1379 0.0494 0.0953 0.0263 0.0066 0.0240 0.2339 
 H085.7_2002  2 0.0136 0.6335 0.0105 0.0116 0.0972 0.0377 0.0075 0.0629 0.0122 0.0351 0.0254 0.0122 0.0067 0.0340 
 H085.7_2003  2 0.0393 0.0207 0.0124 0.0213 0.0210 0.0106 0.0050 0.0080 0.0153 0.0155 0.0097 0.0102 0.0107 0.8000 
 H085.8_2002  2 0.0613 0.4664 0.0340 0.0435 0.0405 0.0134 0.0113 0.0643 0.0493 0.0139 0.0998 0.0221 0.0108 0.0693 
 H085.8_2003  2 0.0484 0.0482 0.0170 0.0183 0.4001 0.0761 0.0125 0.0554 0.0257 0.0278 0.0328 0.0145 0.0137 0.2096 
      H085.9  2 0.0208 0.7400 0.0149 0.0088 0.0599 0.0130 0.0057 0.0245 0.0107 0.0096 0.0159 0.0241 0.0074 0.0448 
      H088.1  2 0.0182 0.0166 0.0102 0.0145 0.8382 0.0122 0.0061 0.0137 0.0070 0.0100 0.0131 0.0085 0.0237 0.0081 
      H088.2  2 0.0078 0.0187 0.0073 0.0096 0.8537 0.0077 0.0172 0.0152 0.0092 0.0079 0.0217 0.0073 0.0111 0.0056 
      H088.3  2 0.0067 0.0094 0.0052 0.0075 0.9045 0.0064 0.0102 0.0093 0.0048 0.0108 0.0066 0.0061 0.0070 0.0055 
      H088.4  2 0.0051 0.0050 0.0084 0.0075 0.9214 0.0032 0.0047 0.0047 0.0088 0.0047 0.0041 0.0044 0.0105 0.0075 
      H088.5  2 0.0070 0.0059 0.0081 0.0092 0.9223 0.0045 0.0039 0.0059 0.0062 0.0059 0.0059 0.0048 0.0063 0.0043 
      H088.6  2 0.0117 0.0056 0.0067 0.0092 0.8931 0.0054 0.0082 0.0071 0.0091 0.0091 0.0103 0.0050 0.0107 0.0087 
      H088.7  2 0.0080 0.0083 0.0040 0.0069 0.8860 0.0060 0.0090 0.0085 0.0063 0.0198 0.0087 0.0069 0.0059 0.0156 
      H088.8  2 0.0099 0.0064 0.0085 0.0208 0.8271 0.0056 0.0099 0.0077 0.0122 0.0258 0.0149 0.0084 0.0128 0.0301 
      H091.1  2 0.0260 0.0159 0.0143 0.0279 0.7921 0.0217 0.0160 0.0060 0.0137 0.0109 0.0074 0.0081 0.0100 0.0302 
      H091.2  2 0.0475 0.0170 0.0159 0.0556 0.6881 0.0384 0.0234 0.0101 0.0096 0.0168 0.0119 0.0059 0.0190 0.0408 
      H109.1  2 0.0343 0.0224 0.0514 0.4162 0.0095 0.1047 0.0206 0.0119 0.0743 0.1653 0.0175 0.0292 0.0228 0.0199 
      H109.2  2 0.0227 0.0080 0.0449 0.0700 0.0128 0.0277 0.0357 0.0184 0.5771 0.0307 0.0523 0.0122 0.0103 0.0772 
      H109.3  2 0.0205 0.0055 0.0168 0.0754 0.0266 0.0072 0.0157 0.0124 0.0621 0.2606 0.4317 0.0124 0.0260 0.0270 
      H109.4  2 0.0424 0.0115 0.0448 0.4922 0.0212 0.0144 0.0122 0.0177 0.1568 0.0523 0.0609 0.0283 0.0218 0.0235 
      H109.5  2 0.0566 0.0091 0.0119 0.0226 0.1319 0.0066 0.0137 0.0151 0.0464 0.0689 0.3862 0.0039 0.0190 0.2080 
      H109.6  2 0.0326 0.0133 0.0778 0.1344 0.0142 0.0160 0.0444 0.0296 0.3670 0.0870 0.1059 0.0183 0.0187 0.0407 
      H126.1  2 0.0208 0.3107 0.2012 0.1583 0.0198 0.0096 0.0493 0.0393 0.0096 0.0104 0.0282 0.0079 0.1274 0.0076 
      H126.2  2 0.0087 0.3889 0.1528 0.1395 0.0135 0.0128 0.0554 0.0186 0.0151 0.0300 0.0143 0.0326 0.0382 0.0797 
      H126.3  2 0.0147 0.3470 0.0214 0.2370 0.0851 0.0153 0.1548 0.0125 0.0038 0.0061 0.0154 0.0111 0.0150 0.0608 
      H126.4  2 0.0130 0.0253 0.5344 0.0798 0.0234 0.0270 0.0790 0.0118 0.0135 0.0143 0.0163 0.0142 0.1169 0.0312 
      H126.5  2 0.0095 0.0583 0.4670 0.0405 0.0097 0.0081 0.1119 0.0446 0.0098 0.0091 0.0232 0.0077 0.0434 0.1574 
      H126.6  2 0.0056 0.5295 0.0098 0.0535 0.0157 0.0062 0.1759 0.0087 0.0045 0.0078 0.0082 0.0051 0.0064 0.1631 
      H126.7  2 0.0055 0.0401 0.0109 0.0199 0.0250 0.0062 0.0238 0.0078 0.0086 0.0082 0.0083 0.0036 0.0156 0.8164 
      H130.1  2 0.0207 0.0207 0.0749 0.0323 0.0823 0.0118 0.0076 0.6637 0.0170 0.0149 0.0121 0.0083 0.0258 0.0080 
      H130.2  2 0.0175 0.0230 0.0135 0.0516 0.0670 0.0367 0.0119 0.0866 0.5598 0.0532 0.0155 0.0089 0.0274 0.0273 
      H130.3  2 0.0059 0.0078 0.0108 0.0210 0.0504 0.0099 0.0063 0.4041 0.1183 0.0284 0.0077 0.0054 0.2841 0.0400 
      H130.4  2 0.0156 0.0410 0.0771 0.1002 0.0535 0.0287 0.0150 0.3334 0.0729 0.0266 0.0265 0.0339 0.1672 0.0084 
      H130.5  2 0.0192 0.0441 0.0182 0.0231 0.1730 0.0285 0.0079 0.4038 0.1847 0.0132 0.0129 0.0061 0.0119 0.0532 
      H133.1  2 0.0221 0.0234 0.0545 0.0432 0.0876 0.0239 0.0124 0.1002 0.0703 0.1127 0.0471 0.1297 0.2287 0.0439 
      H133.2  2 0.0139 0.1300 0.1532 0.0525 0.0941 0.0077 0.0196 0.1084 0.1187 0.1110 0.1328 0.0125 0.0260 0.0196 
