      H105.1  1 0.0047 0.0164 0.7340 0.0235 0.0138 0.0125 0.0370 0.0089 0.0078 0.0035 0.0051 0.0183 0.0392 0.0042 0.0049 0.0156 0.0106 0.0106 0.0106 0.0058 0.0073 0.0057 
      H105.2  1 0.0080 0.0132 0.1514 0.0056 0.0112 0.0299 0.0356 0.0399 0.0047 0.0169 0.0078 0.0066 0.0432 0.0060 0.0092 0.5253 0.0123 0.0162 0.0215 0.0159 0.0109 0.0085 
      H105.3  1 0.0039 0.0138 0.7921 0.0043 0.0091 0.0111 0.0134 0.0126 0.0064 0.0180 0.0076 0.0176 0.0140 0.0063 0.0053 0.0075 0.0120 0.0054 0.0184 0.0103 0.0053 0.0057 
      H105.4  1 0.0159 0.0251 0.2503 0.0071 0.0097 0.0140 0.0417 0.0446 0.0079 0.1139 0.0158 0.0098 0.1179 0.0134 0.0126 0.2372 0.0118 0.0116 0.0077 0.0168 0.0075 0.0079 
      H105.5  1 0.0060 0.0455 0.0481 0.0317 0.0072 0.0255 0.0667 0.1233 0.0405 0.0428 0.0322 0.0382 0.1079 0.0110 0.0093 0.1372 0.0919 0.0192 0.0281 0.0583 0.0085 0.0207 
      H105.6  1 0.0056 0.0073 0.7816 0.0039 0.0074 0.0045 0.0076 0.0125 0.0163 0.0303 0.0151 0.0128 0.0234 0.0111 0.0054 0.0130 0.0061 0.0054 0.0094 0.0070 0.0038 0.0104 
      H105.7  1 0.0047 0.0101 0.7671 0.0096 0.0220 0.0057 0.0071 0.0057 0.0069 0.0055 0.0115 0.0053 0.0471 0.0049 0.0130 0.0320 0.0076 0.0075 0.0063 0.0051 0.0041 0.0109 
      H105.8  1 0.0041 0.0065 0.7779 0.0053 0.0224 0.0096 0.0260 0.0196 0.0069 0.0074 0.0052 0.0038 0.0229 0.0073 0.0056 0.0130 0.0042 0.0184 0.0114 0.0087 0.0090 0.0050 
      H115.1  1 0.0060 0.0086 0.0105 0.0133 0.0188 0.0088 0.0144 0.0069 0.7500 0.0117 0.0145 0.0220 0.0085 0.0118 0.0147 0.0076 0.0057 0.0136 0.0185 0.0155 0.0082 0.0106 
      H115.2  1 0.0041 0.0047 0.0098 0.0097 0.0071 0.0063 0.0074 0.0051 0.8229 0.0090 0.0059 0.0094 0.0066 0.0056 0.0064 0.0104 0.0111 0.0189 0.0092 0.0142 0.0093 0.0070 
      H115.3  1 0.0075 0.0124 0.0112 0.0180 0.0060 0.0209 0.0051 0.0175 0.4882 0.1360 0.0036 0.0232 0.0091 0.0104 0.0069 0.0259 0.0504 0.0122 0.0058 0.1129 0.0078 0.0087 
      H115.4  1 0.0065 0.0104 0.0095 0.0380 0.0066 0.0247 0.0101 0.0081 0.0242 0.0079 0.0059 0.0414 0.0101 0.0089 0.0069 0.0116 0.0929 0.0173 0.0442 0.6016 0.0076 0.0055 
      H115.5  1 0.0200 0.0314 0.0250 0.0404 0.0323 0.1004 0.0126 0.0113 0.3392 0.0500 0.0236 0.0624 0.0155 0.0055 0.0131 0.0179 0.0205 0.0247 0.0120 0.0893 0.0436 0.0095 
      H115.6  1 0.0057 0.0154 0.0091 0.0283 0.0130 0.0204 0.0050 0.0590 0.3580 0.0441 0.0067 0.0135 0.0103 0.0124 0.0168 0.0654 0.1697 0.0081 0.0109 0.0783 0.0193 0.0306 
      H115.7  1 0.0080 0.0096 0.0107 0.0231 0.0047 0.0360 0.0076 0.0120 0.2489 0.0258 0.0108 0.0189 0.0087 0.0122 0.0196 0.3440 0.1077 0.0080 0.0236 0.0270 0.0051 0.0279 
      H115.8  1 0.0059 0.0085 0.0130 0.0166 0.0317 0.0272 0.0074 0.0121 0.5593 0.0197 0.0053 0.0189 0.0106 0.0097 0.0136 0.0189 0.0472 0.0158 0.0073 0.0857 0.0539 0.0119 
      H115.9  1 0.0047 0.0053 0.0047 0.0142 0.0150 0.0050 0.0084 0.0059 0.8157 0.0208 0.0095 0.0125 0.0149 0.0049 0.0074 0.0041 0.0055 0.0054 0.0138 0.0078 0.0063 0.0081 
      H145.1  1 0.8358 0.0070 0.0045 0.0091 0.0070 0.0029 0.0045 0.0084 0.0078 0.0107 0.0055 0.0082 0.0108 0.0069 0.0041 0.0043 0.0051 0.0049 0.0062 0.0057 0.0172 0.0233 
      H145.2  1 0.8181 0.0046 0.0065 0.0054 0.0069 0.0027 0.0068 0.0086 0.0061 0.0380 0.0044 0.0102 0.0103 0.0058 0.0035 0.0106 0.0043 0.0045 0.0053 0.0084 0.0208 0.0082 
      H145.3  1 0.8374 0.0052 0.0037 0.0047 0.0159 0.0082 0.0038 0.0124 0.0059 0.0049 0.0049 0.0042 0.0085 0.0043 0.0053 0.0038 0.0043 0.0044 0.0037 0.0049 0.0365 0.0129 
      H145.4  1 0.8847 0.0056 0.0045 0.0055 0.0052 0.0030 0.0044 0.0048 0.0047 0.0053 0.0053 0.0057 0.0081 0.0043 0.0032 0.0056 0.0040 0.0036 0.0039 0.0041 0.0090 0.0154 
      H145.5  1 0.7629 0.0037 0.0037 0.0046 0.0087 0.0066 0.0043 0.0162 0.0046 0.0053 0.0078 0.0059 0.0065 0.0052 0.0040 0.0050 0.0064 0.0036 0.0035 0.0042 0.1137 0.0136 
      H145.6  1 0.8515 0.0038 0.0047 0.0061 0.0041 0.0070 0.0049 0.0063 0.0036 0.0252 0.0039 0.0064 0.0099 0.0046 0.0050 0.0168 0.0052 0.0040 0.0038 0.0061 0.0107 0.0064 
      H145.7  1 0.8994 0.0039 0.0036 0.0058 0.0050 0.0079 0.0030 0.0053 0.0033 0.0049 0.0031 0.0061 0.0067 0.0045 0.0034 0.0079 0.0049 0.0032 0.0028 0.0059 0.0043 0.0053 
      H149.1  1 0.0055 0.0033 0.0038 0.0037 0.0038 0.0035 0.0035 0.0042 0.0041 0.0036 0.0053 0.9139 0.0037 0.0044 0.0032 0.0036 0.0045 0.0049 0.0034 0.0034 0.0035 0.0071 
      H149.2  1 0.0077 0.0068 0.0038 0.0083 0.0041 0.0035 0.0049 0.0051 0.0051 0.0050 0.0050 0.8595 0.0054 0.0042 0.0051 0.0181 0.0119 0.0038 0.0043 0.0028 0.0041 0.0217 
      H149.3  1 0.0225 0.0119 0.0114 0.0156 0.0090 0.0120 0.0101 0.0098 0.0071 0.0120 0.0148 0.7148 0.0084 0.0094 0.0128 0.0274 0.0432 0.0111 0.0048 0.0055 0.0051 0.0211 
      H149.4  1 0.0061 0.0063 0.0159 0.0096 0.0072 0.0057 0.0301 0.0066 0.0071 0.0116 0.0086 0.7648 0.0057 0.0421 0.0101 0.0191 0.0073 0.0059 0.0046 0.0064 0.0111 0.0082 
      H149.5  1 0.0231 0.0077 0.0085 0.0477 0.0082 0.0073 0.0218 0.0059 0.0032 0.0064 0.0063 0.5967 0.0067 0.0101 0.0112 0.1833 0.0107 0.0079 0.0057 0.0039 0.0048 0.0128 
      H149.6  1 0.0086 0.0050 0.0055 0.0079 0.0037 0.0035 0.0056 0.0046 0.0030 0.0041 0.0058 0.8313 0.0044 0.0042 0.0090 0.0513 0.0092 0.0055 0.0050 0.0034 0.0048 0.0146 
      H149.7  1 0.0128 0.0131 0.0174 0.0254 0.0133 0.0100 0.0612 0.0115 0.0048 0.0168 0.0637 0.4534 0.0062 0.0380 0.0988 0.0765 0.0179 0.0156 0.0080 0.0072 0.0123 0.0161 
      H150.1  1 0.0061 0.0047 0.0087 0.0045 0.0071 0.0062 0.0052 0.0067 0.7984 0.0129 0.0064 0.0031 0.0058 0.0054 0.0044 0.0512 0.0122 0.0042 0.0051 0.0281 0.0077 0.0059 
      H150.2  1 0.0039 0.0140 0.0107 0.0161 0.0057 0.0116 0.0048 0.0072 0.6356 0.0092 0.0059 0.0114 0.0036 0.0080 0.0081 0.0474 0.0448 0.0090 0.0081 0.1038 0.0192 0.0116 
      H150.3  1 0.0069 0.0060 0.0103 0.0071 0.0080 0.0144 0.0043 0.0084 0.7860 0.0057 0.0138 0.0045 0.0064 0.0061 0.0106 0.0248 0.0166 0.0049 0.0102 0.0162 0.0090 0.0195 
      H150.4  1 0.0074 0.0047 0.0044 0.0058 0.0071 0.0079 0.0045 0.0051 0.8597 0.0065 0.0064 0.0030 0.0077 0.0037 0.0078 0.0114 0.0093 0.0031 0.0060 0.0101 0.0101 0.0082 
      H150.5  1 0.0077 0.0142 0.0232 0.0166 0.0061 0.0128 0.0074 0.0099 0.5563 0.0191 0.0059 0.0082 0.0069 0.0119 0.0099 0.1155 0.0529 0.0151 0.0047 0.0787 0.0053 0.0119 
      H150.6  1 0.0080 0.0099 0.0442 0.0300 0.0044 0.0426 0.0051 0.0153 0.1235 0.0099 0.0047 0.0069 0.0045 0.0153 0.0068 0.3112 0.2005 0.0107 0.0071 0.1171 0.0140 0.0083 
      H150.7  1 0.0051 0.0047 0.0076 0.0033 0.0077 0.0057 0.0041 0.0074 0.8634 0.0179 0.0034 0.0032 0.0052 0.0039 0.0039 0.0087 0.0079 0.0048 0.0044 0.0125 0.0056 0.0095 
   H169607.1  1 0.1112 0.0571 0.0094 0.0193 0.0171 0.0232 0.0854 0.0271 0.0398 0.0342 0.0095 0.0061 0.0146 0.0085 0.0271 0.0940 0.0115 0.0504 0.1132 0.0715 0.0221 0.1479 
   H169607.2  1 0.0317 0.0681 0.0074 0.0097 0.0437 0.0087 0.0170 0.0115 0.0381 0.0239 0.0049 0.0100 0.1168 0.0171 0.0123 0.0226 0.0066 0.0141 0.0197 0.0289 0.0039 0.4833 
   H169607.3  1 0.0719 0.0567 0.0088 0.0799 0.0360 0.0267 0.1005 0.0228 0.0152 0.0363 0.0102 0.0081 0.0640 0.0066 0.0203 0.2109 0.0104 0.0298 0.0159 0.0313 0.0137 0.1239 
   H169607.4  1 0.0285 0.0256 0.0087 0.0073 0.0075 0.0069 0.0098 0.0183 0.0093 0.0200 0.0046 0.0041 0.0359 0.0085 0.0101 0.0184 0.0044 0.0103 0.0108 0.0079 0.0055 0.7376 
   H169607.5  1 0.0322 0.1208 0.0059 0.0685 0.0382 0.0148 0.0090 0.0074 0.0694 0.0429 0.0042 0.0222 0.0922 0.0639 0.0077 0.0858 0.0101 0.0098 0.0084 0.0470 0.0085 0.2310 
   H169607.6  1 0.0134 0.0323 0.0065 0.0099 0.0353 0.0162 0.0278 0.0082 0.0172 0.0117 0.0042 0.0098 0.2154 0.0154 0.0091 0.0296 0.0068 0.0161 0.0199 0.0252 0.0041 0.4659 
   H169607.7  1 0.0191 0.0548 0.0187 0.0088 0.0622 0.0124 0.0700 0.0091 0.0161 0.0127 0.0039 0.0068 0.0428 0.0172 0.0068 0.0220 0.0097 0.0279 0.0227 0.4657 0.0055 0.0851 
   H169607.8  1 0.0166 0.0533 0.0054 0.0080 0.0287 0.0072 0.0229 0.0557 0.0109 0.0177 0.0069 0.0057 0.1886 0.0099 0.0113 0.0199 0.0047 0.0151 0.0112 0.0083 0.0039 0.4880 
   H169633.1  1 0.0283 0.0043 0.0124 0.0089 0.0055 0.0129 0.0057 0.0048 0.0122 0.0101 0.0081 0.7390 0.0069 0.0032 0.0184 0.0036 0.0221 0.0504 0.0100 0.0072 0.0144 0.0115 
   H169633.2  1 0.0162 0.0034 0.0127 0.0045 0.0119 0.0111 0.0061 0.0047 0.0044 0.0038 0.0053 0.7405 0.0030 0.0056 0.0586 0.0190 0.0112 0.0294 0.0278 0.0076 0.0091 0.0043 
   H169633.3  1 0.0090 0.0067 0.0150 0.0097 0.0122 0.0072 0.0051 0.0047 0.0090 0.0055 0.0309 0.7729 0.0045 0.0070 0.0120 0.0041 0.0444 0.0106 0.0074 0.0064 0.0047 0.0112 
   H169633.4  1 0.0110 0.0064 0.0155 0.0177 0.0091 0.0088 0.0071 0.0060 0.0106 0.0187 0.0060 0.7941 0.0064 0.0044 0.0051 0.0043 0.0125 0.0088 0.0071 0.0049 0.0158 0.0198 
   H169633.5  1 0.0112 0.0061 0.0161 0.0130 0.0084 0.0080 0.0087 0.0048 0.0121 0.0201 0.0071 0.7935 0.0079 0.0039 0.0047 0.0058 0.0146 0.0082 0.0081 0.0046 0.0159 0.0173 
   H169688.1  1 0.0493 0.0069 0.0043 0.0061 0.0087 0.0493 0.0115 0.0200 0.0172 0.0038 0.0216 0.0158 0.0491 0.0072 0.0355 0.0403 0.0041 0.6069 0.0062 0.0082 0.0043 0.0238 
   H169688.2  1 0.0068 0.0046 0.0087 0.0041 0.0068 0.0112 0.0070 0.0094 0.0086 0.0034 0.0089 0.0059 0.0094 0.0082 0.0551 0.0125 0.0055 0.8009 0.0040 0.0081 0.0057 0.0050 
   H169688.3  1 0.0291 0.0054 0.0086 0.0051 0.0043 0.0115 0.0108 0.0080 0.0149 0.0052 0.0097 0.0078 0.0061 0.0109 0.0275 0.0253 0.0087 0.7533 0.0089 0.0259 0.0067 0.0062 
   H169688.4  1 0.0157 0.0056 0.0097 0.0064 0.0060 0.0133 0.0054 0.0081 0.2228 0.0104 0.0096 0.0098 0.0066 0.0076 0.0190 0.0065 0.0048 0.5186 0.0060 0.0855 0.0151 0.0074 
   H169688.5  1 0.0173 0.0065 0.0100 0.0087 0.0064 0.0137 0.0049 0.0080 0.2113 0.0111 0.0086 0.0079 0.0073 0.0095 0.0258 0.0069 0.0042 0.4976 0.0048 0.1081 0.0152 0.0062 
   H169688.6  1 0.0255 0.0056 0.0213 0.0055 0.0045 0.0135 0.0211 0.0067 0.0194 0.0090 0.0062 0.0227 0.0168 0.0223 0.0365 0.0164 0.0038 0.6754 0.0054 0.0206 0.0357 0.0060 
   H169688.7  1 0.0994 0.0058 0.0052 0.0078 0.0073 0.0154 0.0105 0.0130 0.0190 0.0090 0.0142 0.0079 0.0067 0.0196 0.0122 0.0080 0.0156 0.5974 0.0075 0.0965 0.0123 0.0097 
   H171901.1  1 0.0112 0.0061 0.0071 0.0182 0.0106 0.0075 0.0128 0.0053 0.0115 0.0222 0.0128 0.0049 0.0088 0.0061 0.0075 0.7212 0.0117 0.0193 0.0100 0.0324 0.0435 0.0092 
   H171901.2  1 0.0132 0.0087 0.0127 0.0070 0.0143 0.0065 0.0059 0.0326 0.0279 0.0186 0.0068 0.6490 0.0295 0.0152 0.0077 0.0105 0.0259 0.0190 0.0074 0.0207 0.0096 0.0512 
   H171901.3  1 0.0068 0.0070 0.0058 0.0166 0.0076 0.0131 0.0090 0.0164 0.0209 0.0304 0.0093 0.6063 0.0071 0.0152 0.0530 0.0264 0.0112 0.0717 0.0045 0.0220 0.0075 0.0321 
   H171901.4  1 0.0073 0.0113 0.0223 0.0075 0.0123 0.0099 0.0082 0.0220 0.0156 0.0187 0.0046 0.5706 0.0088 0.0206 0.0146 0.0125 0.0099 0.0478 0.0096 0.0802 0.0089 0.0770 
   H171901.5  1 0.0114 0.0193 0.0161 0.0119 0.0080 0.0058 0.0147 0.0731 0.0116 0.0231 0.0090 0.4308 0.0102 0.0614 0.0218 0.0289 0.0121 0.0383 0.0123 0.0611 0.0080 0.1114 
   H171901.6  1 0.0206 0.0346 0.0294 0.0098 0.0102 0.0046 0.0141 0.0295 0.0170 0.0224 0.0148 0.2452 0.0099 0.0602 0.0243 0.0158 0.0134 0.0386 0.0123 0.0542 0.0071 0.3118 
   H171901.7  1 0.0140 0.0059 0.0102 0.0175 0.0166 0.0078 0.0086 0.0091 0.0302 0.0136 0.0113 0.5340 0.0095 0.0771 0.0285 0.0142 0.0157 0.0710 0.0047 0.0420 0.0068 0.0518 
   H171902.1  1 0.0114 0.0061 0.0062 0.0033 0.0077 0.0083 0.0128 0.0234 0.0108 0.0105 0.0077 0.0064 0.0061 0.0146 0.0080 0.0055 0.0053 0.0102 0.0111 0.0086 0.0570 0.7591 
  H171902.10  1 0.0055 0.0055 0.0041 0.0032 0.0044 0.0075 0.0131 0.0145 0.0057 0.0062 0.0047 0.0103 0.0094 0.0256 0.0047 0.0059 0.0093 0.0118 0.0052 0.0089 0.0109 0.8235 
   H171902.2  1 0.0083 0.0095 0.0146 0.0071 0.0213 0.0535 0.0153 0.0196 0.0138 0.0050 0.0094 0.0088 0.0056 0.0129 0.0256 0.0083 0.0052 0.0372 0.0098 0.0120 0.0343 0.6631 
   H171902.3  1 0.0062 0.0145 0.0054 0.0045 0.0104 0.0099 0.0224 0.0138 0.0215 0.0083 0.0078 0.0268 0.0095 0.0220 0.0082 0.0076 0.0092 0.0206 0.0106 0.0175 0.0112 0.7323 
   H171902.4  1 0.0091 0.0040 0.0045 0.0037 0.0055 0.0051 0.0040 0.0101 0.0080 0.0041 0.0051 0.0243 0.0057 0.0052 0.0039 0.0048 0.0065 0.0075 0.0042 0.0030 0.0150 0.8570 
   H171902.6  1 0.0065 0.0051 0.0025 0.0033 0.0032 0.0050 0.0101 0.0107 0.0079 0.0072 0.0057 0.0090 0.0063 0.0099 0.0035 0.0061 0.0073 0.0067 0.0049 0.0064 0.0093 0.8636 
   H171902.7  1 0.0078 0.0071 0.0041 0.0047 0.0043 0.0043 0.0061 0.0188 0.0057 0.0075 0.0046 0.0121 0.0047 0.0105 0.0048 0.0229 0.0114 0.0061 0.0051 0.0118 0.0258 0.8098 
   H171902.8  1 0.0076 0.0076 0.0042 0.0044 0.0050 0.0078 0.0217 0.0109 0.0071 0.0074 0.0055 0.0114 0.0073 0.0209 0.0058 0.0100 0.0096 0.0069 0.0075 0.0094 0.0169 0.8052 
   H171902.9  1 0.0136 0.0086 0.0078 0.0037 0.0066 0.0056 0.0064 0.0257 0.0563 0.0074 0.0088 0.0061 0.0072 0.0113 0.0062 0.0077 0.0059 0.0085 0.0049 0.0058 0.0253 0.7606 
   H171903.1  1 0.0086 0.0263 0.0099 0.0118 0.0177 0.0047 0.0043 0.0068 0.0422 0.0082 0.0062 0.0142 0.5800 0.0442 0.0083 0.0132 0.0087 0.0110 0.0220 0.1118 0.0044 0.0356 
   H171903.2  1 0.0118 0.0259 0.0449 0.0424 0.0441 0.0057 0.0164 0.0187 0.0262 0.0184 0.0090 0.0095 0.5191 0.0388 0.0125 0.0103 0.0077 0.0108 0.0157 0.0826 0.0146 0.0148 
   H171903.3  1 0.0077 0.0358 0.0192 0.1037 0.0310 0.0054 0.0089 0.0234 0.0428 0.0134 0.0158 0.0901 0.1861 0.0680 0.0262 0.0446 0.0324 0.0276 0.0604 0.0905 0.0160 0.0510 
   H171903.4  1 0.0218 0.0159 0.0103 0.0103 0.0074 0.0148 0.0056 0.0319 0.0159 0.0323 0.0142 0.0068 0.0310 0.0141 0.0517 0.4720 0.0161 0.0216 0.0066 0.0225 0.0081 0.1692 
   H171903.5  1 0.0116 0.0280 0.0167 0.1796 0.0247 0.0087 0.0408 0.0120 0.0564 0.0098 0.0172 0.0710 0.0716 0.0312 0.0264 0.0201 0.0163 0.0731 0.0351 0.2144 0.0103 0.0251 
   H171903.6  1 0.0120 0.0683 0.0088 0.0547 0.0199 0.0106 0.0105 0.0148 0.0371 0.0234 0.0100 0.0780 0.1069 0.0643 0.0143 0.0403 0.0098 0.1805 0.0058 0.1637 0.0049 0.0615 
      H177.1  1 0.0097 0.0189 0.0061 0.0132 0.0079 0.0038 0.0148 0.1917 0.0204 0.0129 0.0123 0.1298 0.0205 0.2366 0.1372 0.0457 0.0098 0.0188 0.0055 0.0126 0.0129 0.0589 
      H177.2  1 0.1200 0.1562 0.0076 0.0382 0.0541 0.0221 0.1409 0.0715 0.0136 0.0262 0.0118 0.0755 0.0182 0.0938 0.0164 0.0050 0.0220 0.0297 0.0087 0.0360 0.0139 0.0186 
      H177.3  1 0.0412 0.0411 0.0058 0.0220 0.0092 0.0041 0.0449 0.1142 0.0123 0.1146 0.0271 0.2017 0.0159 0.2024 0.0118 0.0091 0.0286 0.0252 0.0057 0.0215 0.0161 0.0253 
      H177.4  1 0.0250 0.0378 0.0235 0.0123 0.0096 0.0041 0.0502 0.0735 0.0059 0.0129 0.0149 0.2844 0.0278 0.1205 0.1966 0.0223 0.0140 0.0144 0.0074 0.0085 0.0098 0.0244 
      H177.5  1 0.0099 0.0458 0.0228 0.0374 0.0181 0.0120 0.0083 0.0618 0.0140 0.0137 0.0111 0.0151 0.0235 0.1052 0.4761 0.0165 0.0206 0.0363 0.0045 0.0142 0.0076 0.0258 
      H177.6  1 0.0250 0.0317 0.0051 0.0090 0.0111 0.0041 0.0482 0.1000 0.0150 0.0926 0.0220 0.2682 0.0104 0.2224 0.0127 0.0065 0.0211 0.0225 0.0063 0.0164 0.0184 0.0314 
      H179.1  1 0.0040 0.0204 0.0124 0.0088 0.0056 0.0068 0.6468 0.0059 0.0099 0.0250 0.0334 0.0055 0.0051 0.0225 0.0555 0.0093 0.0052 0.0564 0.0328 0.0101 0.0035 0.0151 
      H179.2  1 0.0043 0.0457 0.0122 0.0112 0.0129 0.0058 0.6028 0.0144 0.0145 0.0075 0.0228 0.0192 0.0073 0.0148 0.0225 0.0116 0.0173 0.0237 0.0867 0.0286 0.0045 0.0098 
      H179.3  1 0.0058 0.0138 0.0108 0.0352 0.0188 0.0147 0.2683 0.0086 0.0156 0.0269 0.0165 0.0067 0.0186 0.0216 0.2006 0.0099 0.0057 0.2331 0.0254 0.0254 0.0066 0.0114 
      H179.4  1 0.0150 0.0215 0.0166 0.0116 0.0217 0.0169 0.3992 0.0376 0.0056 0.0070 0.0251 0.2039 0.0120 0.0507 0.0492 0.0086 0.0099 0.0394 0.0228 0.0104 0.0052 0.0099 
      H180.1  1 0.0034 0.0042 0.0100 0.0101 0.0044 0.0209 0.0097 0.0078 0.0093 0.0039 0.0049 0.0050 0.0054 0.0093 0.0050 0.0114 0.0130 0.0192 0.0106 0.8181 0.0100 0.0044 
      H180.2  1 0.0039 0.0085 0.0177 0.0058 0.0046 0.0401 0.0081 0.0063 0.0366 0.0156 0.0107 0.0079 0.0078 0.0116 0.0076 0.0178 0.0074 0.0230 0.0069 0.7342 0.0115 0.0064 
      H180.3  1 0.0057 0.0078 0.0075 0.0172 0.0389 0.0082 0.0046 0.0078 0.2188 0.0079 0.0316 0.0064 0.0133 0.0076 0.0047 0.0058 0.0058 0.0055 0.0243 0.5467 0.0188 0.0050 
      H180.4  1 0.0073 0.0068 0.0926 0.0153 0.0096 0.0358 0.0278 0.0121 0.0293 0.0065 0.0099 0.0143 0.0087 0.0345 0.0089 0.0236 0.0302 0.0239 0.0061 0.5704 0.0164 0.0101 
      H180.5  1 0.0065 0.0139 0.0244 0.0085 0.0174 0.0201 0.0142 0.0089 0.0232 0.0065 0.0053 0.0112 0.0102 0.0141 0.0111 0.0105 0.0396 0.0259 0.0074 0.6927 0.0218 0.0068 
      H180.6  1 0.0148 0.0139 0.0140 0.0085 0.3751 0.0385 0.0097 0.0067 0.0473 0.0137 0.0126 0.0099 0.0100 0.0127 0.0063 0.0089 0.0341 0.0080 0.0093 0.2934 0.0439 0.0086 
      H181.1  1 0.0129 0.0137 0.0098 0.1159 0.0053 0.1675 0.1241 0.0297 0.0118 0.0093 0.0079 0.2385 0.0660 0.0116 0.0069 0.0185 0.0320 0.0590 0.0096 0.0105 0.0158 0.0237 
      H181.2  1 0.0564 0.0214 0.0122 0.0256 0.0071 0.1175 0.2861 0.0592 0.0234 0.0055 0.0138 0.0678 0.0259 0.0543 0.0108 0.0214 0.0725 0.0368 0.0158 0.0168 0.0227 0.0270 
      H181.3  1 0.0177 0.0375 0.0067 0.0118 0.0105 0.2338 0.2356 0.1568 0.0070 0.0075 0.0070 0.0549 0.0206 0.0316 0.0114 0.0224 0.0251 0.0459 0.0052 0.0081 0.0172 0.0257 
      H181.4  1 0.0373 0.0722 0.0099 0.2145 0.0161 0.0617 0.0570 0.0723 0.1103 0.0123 0.0182 0.1140 0.0228 0.0471 0.0189 0.0163 0.0318 0.0143 0.0079 0.0199 0.0041 0.0211 
      H181.5  1 0.0045 0.0099 0.0076 0.0089 0.0091 0.0388 0.7344 0.0105 0.0052 0.0051 0.0257 0.0163 0.0111 0.0043 0.0122 0.0134 0.0227 0.0119 0.0130 0.0051 0.0143 0.0159 
      H181.6  1 0.0086 0.0108 0.0241 0.0163 0.0058 0.0068 0.6626 0.0063 0.0450 0.0086 0.0083 0.0162 0.0157 0.0077 0.0083 0.0106 0.0305 0.0082 0.0328 0.0409 0.0053 0.0205 
      H181.7  1 0.0097 0.0047 0.0084 0.0096 0.0106 0.0073 0.8100 0.0072 0.0100 0.0082 0.0048 0.0282 0.0065 0.0070 0.0060 0.0113 0.0066 0.0073 0.0088 0.0098 0.0061 0.0120 
 H194.1_2004  1 0.0576 0.0057 0.0069 0.0055 0.0063 0.0052 0.0032 0.0041 0.0162 0.0072 0.0160 0.0113 0.0574 0.0429 0.0066 0.0073 0.0167 0.0072 0.0062 0.0235 0.0065 0.6805 
 H194.2_2004  1 0.0636 0.0059 0.0047 0.0088 0.0062 0.0055 0.0060 0.0067 0.0049 0.0075 0.0077 0.0070 0.0236 0.0204 0.0292 0.3527 0.0247 0.0061 0.0058 0.0170 0.0258 0.3601 
 H194.3_2004  1 0.1051 0.0061 0.0070 0.0049 0.0080 0.0043 0.0149 0.0176 0.0065 0.0075 0.1542 0.0767 0.0108 0.0342 0.0138 0.0077 0.0087 0.0080 0.0066 0.0052 0.0091 0.4832 
 H194.4_2004  1 0.2005 0.0063 0.0059 0.0055 0.0074 0.0068 0.0077 0.0229 0.0071 0.0069 0.0230 0.0863 0.0619 0.0158 0.0507 0.1537 0.0147 0.0076 0.0067 0.0085 0.0204 0.2739 
 H194.5_2004  1 0.0729 0.0088 0.0119 0.0051 0.0096 0.0063 0.0110 0.0185 0.0104 0.0089 0.0713 0.0484 0.0108 0.0209 0.0126 0.0100 0.0090 0.0071 0.0093 0.0098 0.0050 0.6223 
 H194.6_2004  1 0.0158 0.0081 0.0077 0.0090 0.0106 0.0070 0.0082 0.0665 0.0156 0.0105 0.2203 0.2553 0.0206 0.0294 0.1360 0.0416 0.0158 0.0083 0.0072 0.0067 0.0059 0.0938 
 H194.7_2004  1 0.0462 0.0121 0.0070 0.0148 0.0803 0.0094 0.0057 0.0041 0.0129 0.0054 0.0346 0.0147 0.1441 0.0100 0.0118 0.0208 0.0103 0.0087 0.0056 0.0131 0.0078 0.5207 
 H194.8_2004  1 0.0656 0.0127 0.0096 0.0114 0.0221 0.0111 0.0101 0.0474 0.0174 0.0112 0.0735 0.1439 0.0168 0.0191 0.1074 0.2125 0.0240 0.0069 0.0083 0.0087 0.0118 0.1486 
      H194.9  1 0.0881 0.0085 0.0112 0.0092 0.0384 0.0076 0.0053 0.0052 0.0279 0.0063 0.0317 0.0168 0.0346 0.0075 0.0112 0.0085 0.0163 0.0058 0.0065 0.0081 0.0111 0.6343 
 H195.1_2003  1 0.6057 0.0127 0.0935 0.0077 0.0058 0.0082 0.0088 0.0154 0.0062 0.0079 0.0154 0.0271 0.0079 0.0151 0.0254 0.0208 0.0185 0.0076 0.0112 0.0192 0.0046 0.0551 
 H195.1_2004  1 0.8786 0.0040 0.0039 0.0051 0.0037 0.0114 0.0042 0.0082 0.0045 0.0047 0.0056 0.0075 0.0056 0.0049 0.0046 0.0037 0.0160 0.0067 0.0028 0.0035 0.0064 0.0041 
 H195.2_2003  1 0.7067 0.0211 0.0182 0.0035 0.0138 0.0056 0.0065 0.0242 0.0182 0.0084 0.0088 0.0067 0.0205 0.0068 0.0168 0.0062 0.0054 0.0183 0.0112 0.0208 0.0044 0.0478 
 H195.2_2004  1 0.9048 0.0045 0.0055 0.0027 0.0054 0.0058 0.0040 0.0039 0.0034 0.0033 0.0048 0.0068 0.0049 0.0029 0.0040 0.0046 0.0057 0.0040 0.0031 0.0047 0.0059 0.0054 
 H195.3_2003  1 0.4233 0.0399 0.1095 0.0082 0.0105 0.0067 0.0063 0.0261 0.0842 0.0165 0.0172 0.0052 0.0404 0.0173 0.0420 0.0246 0.0061 0.0255 0.0066 0.0185 0.0068 0.0584 
 H195.3_2004  1 0.8878 0.0036 0.0047 0.0048 0.0039 0.0056 0.0031 0.0076 0.0037 0.0040 0.0056 0.0137 0.0057 0.0050 0.0044 0.0046 0.0078 0.0045 0.0041 0.0032 0.0058 0.0068 
 H195.4_2003  1 0.8321 0.0070 0.0114 0.0065 0.0040 0.0037 0.0071 0.0083 0.0047 0.0091 0.0092 0.0107 0.0057 0.0066 0.0078 0.0090 0.0198 0.0045 0.0071 0.0056 0.0031 0.0169 
 H195.4_2004  1 0.9002 0.0045 0.0037 0.0038 0.0057 0.0108 0.0032 0.0039 0.0031 0.0036 0.0038 0.0049 0.0066 0.0035 0.0086 0.0030 0.0050 0.0057 0.0035 0.0030 0.0047 0.0053 
 H195.5_2003  1 0.4833 0.0084 0.1985 0.0077 0.0052 0.0155 0.0082 0.0263 0.0070 0.0100 0.0104 0.0183 0.0084 0.0166 0.0259 0.0277 0.0440 0.0081 0.0068 0.0156 0.0041 0.0440 
 H195.5_2004  1 0.9013 0.0033 0.0058 0.0046 0.0042 0.0080 0.0033 0.0053 0.0041 0.0043 0.0040 0.0075 0.0049 0.0041 0.0037 0.0037 0.0064 0.0046 0.0032 0.0032 0.0064 0.0042 
 H195.6_2003  1 0.8286 0.0111 0.0224 0.0039 0.0063 0.0050 0.0026 0.0105 0.0147 0.0070 0.0042 0.0041 0.0161 0.0068 0.0057 0.0042 0.0063 0.0081 0.0058 0.0096 0.0040 0.0131 
 H195.6_2004  1 0.9062 0.0041 0.0044 0.0028 0.0038 0.0052 0.0058 0.0049 0.0028 0.0035 0.0061 0.0050 0.0078 0.0035 0.0046 0.0039 0.0053 0.0035 0.0039 0.0032 0.0044 0.0054 
 H195.7_2003  1 0.7323 0.0148 0.0104 0.0078 0.0092 0.0091 0.0086 0.0177 0.0049 0.0083 0.0091 0.0103 0.0053 0.0093 0.0521 0.0188 0.0109 0.0150 0.0090 0.0080 0.0027 0.0261 
 H195.7_2004  1 0.8929 0.0036 0.0055 0.0054 0.0035 0.0129 0.0046 0.0040 0.0054 0.0048 0.0036 0.0041 0.0038 0.0038 0.0034 0.0031 0.0070 0.0054 0.0024 0.0053 0.0117 0.0038 
      H195.8  1 0.8846 0.0040 0.0043 0.0047 0.0056 0.0168 0.0032 0.0054 0.0059 0.0058 0.0052 0.0047 0.0050 0.0033 0.0058 0.0038 0.0115 0.0054 0.0028 0.0036 0.0051 0.0036 
      H195.9  1 0.8965 0.0048 0.0048 0.0040 0.0049 0.0045 0.0036 0.0054 0.0039 0.0037 0.0045 0.0089 0.0090 0.0046 0.0051 0.0041 0.0063 0.0054 0.0030 0.0039 0.0033 0.0058 
      H415.1  1 0.0238 0.0069 0.0088 0.0115 0.0180 0.0060 0.0071 0.0159 0.1633 0.0090 0.0126 0.0600 0.0071 0.0223 0.0170 0.0294 0.0181 0.0139 0.4240 0.0240 0.0664 0.0348 
      H415.2  1 0.0115 0.0138 0.0067 0.0151 0.0059 0.0028 0.0082 0.0326 0.0186 0.0190 0.0519 0.0110 0.0048 0.0861 0.0105 0.0066 0.0049 0.0283 0.0817 0.0198 0.0168 0.5434 
      H415.3  1 0.0124 0.0144 0.0074 0.0124 0.0049 0.0035 0.0172 0.0111 0.0072 0.0066 0.0111 0.0595 0.0031 0.0470 0.0174 0.0098 0.0215 0.0137 0.6423 0.0438 0.0085 0.0252 
      H415.4  1 0.0097 0.0073 0.0087 0.0101 0.0228 0.0081 0.0048 0.0150 0.0618 0.0081 0.0225 0.0207 0.0046 0.0060 0.0072 0.0205 0.0437 0.0049 0.6645 0.0161 0.0147 0.0184 
      H415.5  1 0.0119 0.0086 0.0064 0.0141 0.0046 0.0046 0.0135 0.0097 0.0079 0.0053 0.0152 0.0815 0.0036 0.0543 0.0127 0.0128 0.0441 0.0102 0.5891 0.0454 0.0106 0.0339 
      H415.6  1 0.0111 0.0086 0.0075 0.0148 0.0209 0.0095 0.0044 0.0156 0.0642 0.0070 0.0133 0.0200 0.0064 0.0061 0.0090 0.0194 0.0302 0.0045 0.6771 0.0160 0.0156 0.0187 
      H415.7  1 0.0210 0.0573 0.0097 0.0123 0.0069 0.0036 0.0135 0.0491 0.0125 0.0107 0.0230 0.0736 0.0058 0.0363 0.0149 0.0063 0.0128 0.0483 0.2799 0.0272 0.0148 0.2604 
      H506.1  1 0.0046 0.0109 0.0071 0.0049 0.0056 0.0064 0.8524 0.0036 0.0030 0.0040 0.0121 0.0283 0.0035 0.0066 0.0052 0.0042 0.0034 0.0057 0.0152 0.0041 0.0052 0.0039 
      H506.2  1 0.0088 0.0065 0.0042 0.0034 0.0037 0.0032 0.8914 0.0050 0.0027 0.0066 0.0072 0.0147 0.0035 0.0049 0.0042 0.0026 0.0033 0.0054 0.0065 0.0032 0.0049 0.0040 
      H506.3  1 0.0089 0.0340 0.0217 0.0118 0.0100 0.0180 0.5372 0.0120 0.0050 0.0077 0.0318 0.0136 0.0058 0.0281 0.0195 0.0060 0.0055 0.1288 0.0242 0.0076 0.0563 0.0067 
      H506.4  1 0.0075 0.0344 0.0127 0.0103 0.0094 0.0069 0.7511 0.0073 0.0060 0.0090 0.0149 0.0246 0.0070 0.0114 0.0080 0.0057 0.0049 0.0174 0.0238 0.0088 0.0119 0.0070 
      H506.5  1 0.0064 0.0167 0.0069 0.0034 0.0053 0.0043 0.8513 0.0061 0.0031 0.0054 0.0069 0.0226 0.0049 0.0056 0.0056 0.0030 0.0030 0.0097 0.0128 0.0041 0.0066 0.0065 
      H506.6  1 0.0174 0.0215 0.0157 0.0209 0.0071 0.0192 0.4815 0.0260 0.0057 0.0480 0.0099 0.0055 0.0122 0.0205 0.0277 0.0041 0.0056 0.1954 0.0122 0.0073 0.0310 0.0057 
      H506.7  1 0.0077 0.0082 0.0076 0.0040 0.0049 0.0046 0.8582 0.0070 0.0032 0.0057 0.0080 0.0184 0.0038 0.0051 0.0043 0.0030 0.0032 0.0104 0.0149 0.0051 0.0068 0.0059 
      H533.1  1 0.0035 0.0040 0.0052 0.0061 0.0037 0.0063 0.9000 0.0030 0.0029 0.0059 0.0049 0.0121 0.0030 0.0049 0.0037 0.0036 0.0036 0.0040 0.0060 0.0052 0.0057 0.0028 
      H533.2  1 0.0040 0.0037 0.0041 0.0062 0.0040 0.0054 0.8852 0.0047 0.0026 0.0045 0.0050 0.0228 0.0032 0.0060 0.0033 0.0038 0.0035 0.0044 0.0066 0.0040 0.0100 0.0030 
      H533.3  1 0.0041 0.0084 0.0038 0.0228 0.0054 0.0044 0.8368 0.0049 0.0051 0.0117 0.0045 0.0206 0.0059 0.0131 0.0041 0.0051 0.0040 0.0065 0.0091 0.0061 0.0061 0.0074 
      H533.4  1 0.0191 0.0076 0.0069 0.0106 0.0057 0.0145 0.5973 0.0113 0.0064 0.0239 0.0060 0.1023 0.0074 0.0773 0.0071 0.0149 0.0062 0.0162 0.0165 0.0196 0.0094 0.0137 
      H535.1  1 0.0152 0.0323 0.0077 0.0107 0.0061 0.0044 0.0175 0.0304 0.0160 0.0124 0.0624 0.6350 0.0311 0.0245 0.0230 0.0088 0.0154 0.0050 0.0080 0.0103 0.0050 0.0187 
      H535.2  1 0.0684 0.0171 0.0228 0.0149 0.0266 0.0372 0.0547 0.0179 0.0041 0.0056 0.0068 0.6059 0.0154 0.0071 0.0426 0.0116 0.0131 0.0083 0.0059 0.0053 0.0037 0.0050 
      H535.3  1 0.0599 0.0216 0.0688 0.0131 0.0202 0.0861 0.0632 0.0245 0.0081 0.0173 0.0112 0.4943 0.0181 0.0070 0.0236 0.0178 0.0117 0.0067 0.0053 0.0075 0.0063 0.0077 
      H535.4  1 0.0086 0.0054 0.0123 0.0045 0.0039 0.0093 0.0037 0.0059 0.0043 0.0034 0.0054 0.8814 0.0048 0.0058 0.0037 0.0055 0.0081 0.0044 0.0078 0.0045 0.0029 0.0044 
      H535.5  1 0.0081 0.0059 0.0070 0.0070 0.0041 0.0048 0.0065 0.0043 0.0053 0.0039 0.0101 0.8596 0.0082 0.0158 0.0120 0.0048 0.0048 0.0044 0.0077 0.0079 0.0036 0.0043 
      H535.6  1 0.0732 0.0299 0.0066 0.0105 0.0094 0.0148 0.0139 0.0218 0.0242 0.0199 0.0868 0.3818 0.0307 0.0108 0.1554 0.0348 0.0333 0.0055 0.0061 0.0066 0.0054 0.0186 
      H535.7  1 0.0062 0.0064 0.0185 0.0074 0.0060 0.0045 0.0076 0.0043 0.0051 0.0099 0.0116 0.8459 0.0085 0.0107 0.0131 0.0043 0.0035 0.0045 0.0064 0.0066 0.0054 0.0037 
      H535.8  1 0.0263 0.0088 0.0243 0.0070 0.0119 0.0257 0.0102 0.0096 0.0067 0.0075 0.0103 0.6767 0.0091 0.0060 0.1095 0.0164 0.0036 0.0052 0.0086 0.0069 0.0052 0.0045 
      H535.9  1 0.0180 0.0232 0.0263 0.0068 0.0080 0.0095 0.0172 0.0157 0.0226 0.0537 0.0131 0.6848 0.0237 0.0085 0.0074 0.0079 0.0176 0.0063 0.0054 0.0070 0.0066 0.0105 
      H539.1  1 0.0039 0.0035 0.0038 0.0035 0.0045 0.0026 0.0028 0.0056 0.9080 0.0114 0.0039 0.0034 0.0066 0.0038 0.0032 0.0036 0.0033 0.0038 0.0035 0.0041 0.0049 0.0061 
      H539.2  1 0.0070 0.0065 0.0105 0.0174 0.0097 0.0247 0.0059 0.0110 0.6572 0.0056 0.0056 0.0083 0.0141 0.0889 0.0176 0.0121 0.0073 0.0285 0.0110 0.0349 0.0091 0.0073 
      H539.3  1 0.0106 0.0051 0.0068 0.0054 0.0087 0.0081 0.0047 0.0078 0.8203 0.0054 0.0090 0.0062 0.0253 0.0084 0.0108 0.0175 0.0040 0.0075 0.0041 0.0062 0.0070 0.0111 
      H539.4  1 0.0045 0.0052 0.0057 0.0070 0.0068 0.0047 0.0058 0.0088 0.8639 0.0088 0.0041 0.0041 0.0059 0.0093 0.0058 0.0040 0.0035 0.0116 0.0043 0.0073 0.0140 0.0047 
      H539.5  1 0.0033 0.0047 0.0029 0.0033 0.0047 0.0034 0.0027 0.0041 0.9198 0.0046 0.0042 0.0034 0.0061 0.0040 0.0029 0.0040 0.0034 0.0025 0.0033 0.0038 0.0043 0.0047 
      H539.6  1 0.0045 0.0051 0.0030 0.0038 0.0073 0.0036 0.0033 0.0054 0.9000 0.0067 0.0038 0.0031 0.0057 0.0040 0.0040 0.0063 0.0045 0.0034 0.0038 0.0097 0.0044 0.0047 
      H539.7  1 0.0032 0.0040 0.0038 0.0043 0.0035 0.0030 0.0028 0.0047 0.9124 0.0073 0.0047 0.0030 0.0040 0.0043 0.0041 0.0050 0.0042 0.0056 0.0039 0.0046 0.0029 0.0049 
      H539.8  1 0.0058 0.0058 0.0151 0.0100 0.0059 0.0132 0.0047 0.0056 0.8108 0.0055 0.0174 0.0091 0.0098 0.0069 0.0144 0.0185 0.0044 0.0099 0.0047 0.0049 0.0120 0.0057 
      H539.9  1 0.0035 0.0050 0.0056 0.0066 0.0073 0.0035 0.0042 0.0060 0.8985 0.0065 0.0035 0.0025 0.0053 0.0047 0.0040 0.0033 0.0024 0.0079 0.0041 0.0054 0.0058 0.0042 
      H540.1  1 0.0095 0.0346 0.0042 0.0152 0.0054 0.0057 0.0101 0.0061 0.7980 0.0128 0.0056 0.0075 0.0115 0.0144 0.0054 0.0065 0.0062 0.0078 0.0044 0.0073 0.0079 0.0136 
      H540.2  1 0.0040 0.0090 0.0036 0.0063 0.0039 0.0026 0.0060 0.0048 0.8753 0.0077 0.0072 0.0041 0.0056 0.0082 0.0048 0.0078 0.0044 0.0036 0.0054 0.0067 0.0036 0.0154 
      H540.3  1 0.0084 0.0156 0.0059 0.0324 0.0046 0.0112 0.0063 0.0262 0.4027 0.0745 0.0588 0.0085 0.0058 0.0118 0.0167 0.0256 0.0157 0.0325 0.0148 0.0051 0.1982 0.0186 
      H540.4  1 0.0060 0.0135 0.0046 0.0105 0.0045 0.0049 0.0119 0.0044 0.8594 0.0103 0.0057 0.0050 0.0057 0.0064 0.0076 0.0054 0.0072 0.0053 0.0054 0.0064 0.0032 0.0068 
      H540.5  1 0.0040 0.0110 0.0040 0.0115 0.0055 0.0068 0.0087 0.0119 0.8414 0.0079 0.0084 0.0056 0.0065 0.0090 0.0073 0.0056 0.0058 0.0089 0.0060 0.0044 0.0117 0.0084 
      H540.6  1 0.0088 0.0231 0.0041 0.0167 0.0113 0.0180 0.0153 0.0113 0.7536 0.0120 0.0085 0.0100 0.0199 0.0126 0.0134 0.0078 0.0148 0.0095 0.0067 0.0054 0.0077 0.0094 
      H540.7  1 0.0045 0.0089 0.0049 0.0101 0.0066 0.0048 0.0083 0.0050 0.8568 0.0082 0.0047 0.0083 0.0053 0.0128 0.0049 0.0037 0.0056 0.0048 0.0057 0.0076 0.0036 0.0148 
      H540.8  1 0.0051 0.0098 0.0045 0.0113 0.0044 0.0028 0.0066 0.0045 0.8159 0.0097 0.0078 0.0090 0.0066 0.0271 0.0056 0.0067 0.0057 0.0062 0.0036 0.0102 0.0054 0.0316 
     H9558.1  1 0.0040 0.0052 0.0058 0.0032 0.0051 0.0051 0.0094 0.0089 0.8536 0.0204 0.0084 0.0033 0.0103 0.0075 0.0050 0.0078 0.0039 0.0058 0.0069 0.0080 0.0067 0.0057 
     H9558.2  1 0.0038 0.0070 0.0141 0.0047 0.0164 0.0088 0.0204 0.0102 0.7725 0.0424 0.0081 0.0044 0.0114 0.0069 0.0114 0.0057 0.0041 0.0077 0.0114 0.0051 0.0115 0.0120 
     H9558.3  1 0.0040 0.0091 0.0129 0.0060 0.0103 0.0061 0.0068 0.0093 0.8352 0.0092 0.0091 0.0045 0.0134 0.0053 0.0053 0.0143 0.0037 0.0048 0.0091 0.0051 0.0095 0.0069 
     H9558.4  1 0.0028 0.0048 0.0071 0.0045 0.0056 0.0042 0.0096 0.0056 0.8556 0.0158 0.0049 0.0039 0.0072 0.0118 0.0045 0.0046 0.0030 0.0093 0.0071 0.0134 0.0102 0.0048 
     H9558.5  1 0.0023 0.0048 0.0080 0.0097 0.0033 0.0051 0.0033 0.0063 0.8736 0.0057 0.0057 0.0059 0.0035 0.0082 0.0070 0.0037 0.0031 0.0094 0.0062 0.0061 0.0155 0.0034 
     H9558.6  1 0.0044 0.0104 0.0094 0.0437 0.0437 0.0038 0.0054 0.0262 0.7436 0.0184 0.0116 0.0053 0.0075 0.0055 0.0056 0.0114 0.0051 0.0056 0.0070 0.0057 0.0097 0.0109 
    kos339.1  1 0.0033 0.0267 0.0052 0.0137 0.0133 0.0057 0.0176 0.0100 0.0063 0.0117 0.0049 0.7621 0.0052 0.0345 0.0092 0.0061 0.0045 0.0123 0.0178 0.0093 0.0060 0.0148 
    kos339.2  1 0.0109 0.0096 0.0100 0.0112 0.0114 0.0063 0.0111 0.0060 0.0052 0.0041 0.0097 0.8379 0.0033 0.0053 0.0060 0.0042 0.0067 0.0065 0.0147 0.0055 0.0086 0.0061 
    kos339.3  1 0.0047 0.0046 0.0035 0.0048 0.0037 0.0028 0.0038 0.0032 0.0041 0.0042 0.0037 0.9106 0.0038 0.0049 0.0034 0.0043 0.0037 0.0046 0.0065 0.0067 0.0031 0.0053 
    kos339.4  1 0.0055 0.0047 0.0039 0.0042 0.0044 0.0039 0.0044 0.0035 0.0048 0.0029 0.0045 0.9025 0.0032 0.0040 0.0042 0.0055 0.0050 0.0041 0.0085 0.0064 0.0042 0.0058 
    kos339.5  1 0.0047 0.0249 0.0067 0.0058 0.0121 0.0061 0.0075 0.0092 0.0065 0.0065 0.0077 0.8030 0.0055 0.0241 0.0071 0.0054 0.0062 0.0067 0.0079 0.0080 0.0031 0.0254 
    kos339.6  1 0.0056 0.0074 0.0046 0.0088 0.0057 0.0046 0.0041 0.0056 0.0036 0.0052 0.0063 0.8831 0.0042 0.0066 0.0034 0.0038 0.0056 0.0068 0.0069 0.0032 0.0058 0.0092 
    kos339.7  1 0.0051 0.0046 0.0027 0.0044 0.0046 0.0032 0.0043 0.0031 0.0034 0.0035 0.0036 0.9156 0.0033 0.0050 0.0035 0.0046 0.0030 0.0038 0.0051 0.0050 0.0034 0.0051 
    kos339.8  1 0.0065 0.0101 0.0068 0.0126 0.0059 0.0074 0.0100 0.0057 0.0036 0.0034 0.0051 0.8517 0.0032 0.0071 0.0070 0.0050 0.0041 0.0096 0.0178 0.0062 0.0065 0.0049 
    kos339.9  1 0.0135 0.0127 0.0099 0.0050 0.0136 0.0055 0.0081 0.0175 0.0278 0.0058 0.0077 0.7769 0.0066 0.0194 0.0053 0.0089 0.0101 0.0042 0.0058 0.0137 0.0061 0.0162 
      H008.1  2 0.0068 0.0065 0.0194 0.0084 0.7211 0.0116 0.0104 0.0114 0.0762 0.0124 0.0115 0.0070 0.0049 0.0164 0.0104 0.0069 0.0087 0.0117 0.0094 0.0140 0.0054 0.0094 
      H008.2  2 0.0142 0.0110 0.2820 0.0282 0.0606 0.0485 0.0506 0.0183 0.1389 0.0288 0.0103 0.0141 0.0324 0.1189 0.0163 0.0190 0.0049 0.0184 0.0091 0.0146 0.0452 0.0156 
      H008.3  2 0.0224 0.0153 0.0927 0.0198 0.0493 0.0991 0.0795 0.0265 0.0637 0.0207 0.0389 0.0150 0.0453 0.1273 0.0392 0.1244 0.0096 0.0151 0.0120 0.0375 0.0349 0.0119 
      H008.4  2 0.0117 0.0119 0.0302 0.0115 0.5454 0.0135 0.0176 0.0194 0.0693 0.0124 0.0253 0.0088 0.0158 0.0149 0.0191 0.0335 0.0076 0.0081 0.0315 0.0073 0.0377 0.0475 
      H008.5  2 0.0096 0.0108 0.0333 0.0120 0.6577 0.0148 0.0118 0.0119 0.0154 0.0073 0.0270 0.0094 0.0177 0.0252 0.0236 0.0445 0.0061 0.0089 0.0106 0.0179 0.0134 0.0110 
      H008.6  2 0.0138 0.0203 0.2801 0.0258 0.1660 0.0069 0.0367 0.0137 0.0788 0.0371 0.0166 0.0077 0.0266 0.0663 0.0227 0.0229 0.0063 0.0095 0.0152 0.0101 0.0623 0.0547 
      H008.7  2 0.0156 0.0146 0.1329 0.0121 0.2594 0.0758 0.0282 0.0539 0.0630 0.0244 0.0182 0.0153 0.0122 0.0461 0.0396 0.0384 0.0122 0.0166 0.0194 0.0118 0.0639 0.0264 
      H008.8  2 0.0356 0.0094 0.0193 0.0084 0.1308 0.0200 0.1036 0.0195 0.4298 0.0753 0.0126 0.0127 0.0140 0.0132 0.0093 0.0084 0.0063 0.0143 0.0090 0.0281 0.0070 0.0134 
      H008.9  2 0.0316 0.0115 0.2229 0.0123 0.0210 0.0146 0.0724 0.0318 0.0400 0.0986 0.0388 0.0092 0.0286 0.0387 0.0176 0.0679 0.0100 0.0146 0.0080 0.0107 0.1204 0.0788 
 H029.1_2002  2 0.0041 0.0181 0.0053 0.0090 0.6321 0.0089 0.0112 0.0196 0.0338 0.0319 0.0122 0.0037 0.0052 0.0089 0.0469 0.0311 0.0069 0.0105 0.0508 0.0058 0.0201 0.0241 
 H029.1_2003  2 0.0113 0.0148 0.0089 0.0160 0.0110 0.0059 0.0278 0.0186 0.0086 0.0209 0.0958 0.0065 0.0082 0.0173 0.6615 0.0149 0.0051 0.0107 0.0090 0.0078 0.0109 0.0084 
 H029.2_2002  2 0.0284 0.0198 0.0119 0.0053 0.4610 0.0219 0.0183 0.0275 0.0103 0.0049 0.0462 0.0755 0.0103 0.0264 0.1315 0.0051 0.0042 0.0171 0.0071 0.0054 0.0458 0.0162 
 H029.2_2003  2 0.0131 0.0135 0.0158 0.0127 0.0374 0.0056 0.0216 0.0305 0.0060 0.0071 0.0160 0.0415 0.0087 0.0713 0.6442 0.0052 0.0043 0.0086 0.0048 0.0055 0.0164 0.0102 
 H029.3_2002  2 0.0492 0.0164 0.0064 0.0271 0.1326 0.0305 0.1177 0.0282 0.0058 0.0086 0.0449 0.0669 0.0153 0.0192 0.1731 0.0055 0.0049 0.0458 0.0081 0.0106 0.1711 0.0121 
 H029.3_2003  2 0.0071 0.0110 0.0326 0.0142 0.2193 0.0066 0.0139 0.0053 0.0044 0.0044 0.0172 0.0074 0.0057 0.0176 0.5747 0.0091 0.0049 0.0195 0.0060 0.0073 0.0069 0.0049 
 H029.4_2002  2 0.0144 0.0053 0.0093 0.0080 0.6708 0.0199 0.0114 0.0043 0.0042 0.0055 0.0080 0.0056 0.0049 0.0054 0.1165 0.0094 0.0060 0.0414 0.0112 0.0102 0.0233 0.0050 
 H029.4_2003  2 0.0077 0.0085 0.0133 0.0134 0.0493 0.0090 0.0195 0.0105 0.0202 0.0143 0.0139 0.0046 0.0108 0.0098 0.3784 0.0673 0.0035 0.2791 0.0146 0.0242 0.0219 0.0063 
 H029.5_2002  2 0.0048 0.0105 0.0085 0.0065 0.7420 0.0124 0.0075 0.0076 0.0072 0.0071 0.0276 0.0041 0.0032 0.0066 0.0738 0.0197 0.0075 0.0057 0.0141 0.0049 0.0082 0.0106 
 H029.5_2003  2 0.0073 0.0051 0.0396 0.0067 0.1727 0.0051 0.0179 0.0139 0.0061 0.0090 0.0187 0.0041 0.0058 0.0305 0.5713 0.0183 0.0043 0.0235 0.0074 0.0128 0.0141 0.0057 
 H029.6_2002  2 0.0145 0.0053 0.0041 0.0078 0.1084 0.0164 0.0250 0.0046 0.0037 0.0046 0.0125 0.0046 0.0056 0.0043 0.6948 0.0045 0.0064 0.0166 0.0095 0.0071 0.0319 0.0079 
 H029.6_2003  2 0.0129 0.0319 0.0358 0.0199 0.3673 0.0100 0.0658 0.0217 0.0189 0.0125 0.0591 0.0310 0.0080 0.0509 0.1256 0.0174 0.0085 0.0624 0.0052 0.0121 0.0070 0.0163 
      H029.7  2 0.0464 0.0101 0.0065 0.0043 0.6469 0.0138 0.0086 0.0147 0.0067 0.0053 0.0170 0.0303 0.0147 0.0146 0.0475 0.0062 0.0035 0.0301 0.0053 0.0082 0.0430 0.0161 
      H030.1  2 0.0160 0.0848 0.0735 0.4343 0.0284 0.0143 0.0142 0.0417 0.0045 0.0087 0.0077 0.0092 0.0087 0.0314 0.1184 0.0216 0.0307 0.0121 0.0063 0.0109 0.0057 0.0169 
      H030.2  2 0.0074 0.0095 0.0232 0.2907 0.0761 0.1412 0.0080 0.0189 0.0176 0.0068 0.0042 0.0061 0.0044 0.0045 0.0147 0.0513 0.0282 0.0083 0.1852 0.0314 0.0540 0.0079 
      H038.1  2 0.0058 0.0059 0.0050 0.0075 0.8401 0.0046 0.0061 0.0077 0.0080 0.0140 0.0095 0.0042 0.0082 0.0048 0.0072 0.0048 0.0031 0.0088 0.0060 0.0053 0.0242 0.0091 
      H038.2  2 0.0035 0.0086 0.0075 0.0077 0.8421 0.0061 0.0042 0.0138 0.0044 0.0032 0.0071 0.0173 0.0033 0.0076 0.0065 0.0064 0.0167 0.0059 0.0089 0.0075 0.0055 0.0063 
      H038.3  2 0.0074 0.0450 0.0115 0.0113 0.7427 0.0079 0.0070 0.0160 0.0105 0.0080 0.0064 0.0151 0.0037 0.0055 0.0047 0.0045 0.0123 0.0093 0.0250 0.0111 0.0299 0.0053 
      H038.4  2 0.0116 0.0231 0.0079 0.0047 0.7966 0.0065 0.0065 0.0145 0.0055 0.0053 0.0094 0.0078 0.0035 0.0041 0.0047 0.0045 0.0190 0.0052 0.0132 0.0071 0.0315 0.0078 
      H038.5  2 0.0089 0.0091 0.0073 0.0164 0.7603 0.0109 0.0141 0.0063 0.0098 0.0055 0.0078 0.0099 0.0034 0.0088 0.0119 0.0062 0.0078 0.0375 0.0051 0.0135 0.0338 0.0059 
      H038.6  2 0.0038 0.0071 0.0048 0.0091 0.8416 0.0037 0.0048 0.0069 0.0130 0.0057 0.0077 0.0065 0.0044 0.0101 0.0133 0.0060 0.0036 0.0119 0.0080 0.0112 0.0104 0.0065 
      H038.7  2 0.0035 0.0304 0.0087 0.0096 0.8155 0.0029 0.0056 0.0098 0.0141 0.0049 0.0066 0.0094 0.0034 0.0056 0.0062 0.0039 0.0045 0.0117 0.0190 0.0084 0.0099 0.0061 
      H038.8  2 0.0091 0.0225 0.0066 0.0097 0.7535 0.0099 0.0053 0.0132 0.0076 0.0038 0.0060 0.0122 0.0033 0.0049 0.0044 0.0053 0.0169 0.0058 0.0129 0.0094 0.0729 0.0048 
      H041.1  2 0.0210 0.0628 0.1059 0.0067 0.1124 0.1056 0.0054 0.0090 0.0083 0.0098 0.0081 0.0124 0.0232 0.0112 0.2397 0.0518 0.0212 0.1002 0.0149 0.0069 0.0357 0.0278 
      H041.2  2 0.0161 0.0186 0.0787 0.0077 0.1015 0.0094 0.0190 0.0139 0.0077 0.0145 0.0378 0.0114 0.0059 0.0099 0.3481 0.1458 0.0074 0.0069 0.0721 0.0048 0.0299 0.0328 
      H041.4  2 0.0313 0.0116 0.0256 0.0065 0.0942 0.0102 0.0123 0.0120 0.0292 0.0220 0.0292 0.0075 0.0202 0.0076 0.5349 0.0218 0.0134 0.0172 0.0101 0.0064 0.0320 0.0450 
      H041.6  2 0.0328 0.0154 0.0222 0.0090 0.1153 0.0153 0.0094 0.0277 0.0726 0.0406 0.0148 0.0095 0.0368 0.0058 0.4265 0.0482 0.0121 0.0081 0.0192 0.0083 0.0144 0.0361 
 H042.1_2002  2 0.0154 0.0096 0.0073 0.0091 0.0089 0.0096 0.0044 0.0130 0.0687 0.0162 0.0087 0.0101 0.0131 0.0108 0.5337 0.0871 0.0431 0.0051 0.0238 0.0368 0.0111 0.0546 
 H042.1_2003  2 0.0233 0.0454 0.2409 0.0305 0.0756 0.0111 0.0197 0.0462 0.0967 0.0436 0.0325 0.0077 0.0141 0.0354 0.0159 0.0902 0.0129 0.0059 0.0301 0.0218 0.0726 0.0280 
 H042.2_2002  2 0.0081 0.0066 0.0064 0.0038 0.0361 0.0052 0.0053 0.0068 0.0093 0.0069 0.0222 0.0072 0.0088 0.0134 0.6580 0.0043 0.0077 0.0235 0.1156 0.0108 0.0217 0.0121 
 H042.2_2003  2 0.0143 0.0218 0.0247 0.0095 0.0932 0.0042 0.0098 0.0107 0.0936 0.0196 0.0342 0.0075 0.0097 0.0104 0.1793 0.2746 0.0104 0.0056 0.0280 0.0080 0.0077 0.1234 
 H042.3_2002  2 0.0400 0.0083 0.0136 0.0103 0.0094 0.0051 0.0044 0.0065 0.0351 0.0249 0.0151 0.0121 0.0108 0.0160 0.4665 0.0194 0.0334 0.0118 0.1385 0.0702 0.0176 0.0309 
 H042.3_2003  2 0.0431 0.0122 0.0408 0.0133 0.0298 0.0262 0.0092 0.0089 0.0488 0.0297 0.0139 0.0093 0.0153 0.0165 0.1700 0.0952 0.0197 0.1161 0.0899 0.1328 0.0348 0.0243 
 H042.4_2002  2 0.0079 0.0118 0.0060 0.0104 0.0146 0.0101 0.0060 0.0122 0.0096 0.0094 0.0251 0.0114 0.0058 0.0081 0.5932 0.1345 0.0253 0.0141 0.0081 0.0068 0.0107 0.0588 
 H042.4_2003  2 0.0129 0.0729 0.0109 0.0064 0.0477 0.0243 0.0042 0.0347 0.0175 0.0184 0.0090 0.0074 0.0259 0.0112 0.4476 0.0653 0.0209 0.0192 0.0088 0.0116 0.0081 0.1152 
      H042.5  2 0.0112 0.0075 0.0085 0.0043 0.0054 0.0047 0.0040 0.0096 0.0125 0.0069 0.0050 0.0069 0.0136 0.0083 0.7780 0.0535 0.0099 0.0095 0.0058 0.0159 0.0025 0.0166 
      H042.6  2 0.0061 0.0158 0.0048 0.0065 0.0141 0.0062 0.0041 0.0233 0.0199 0.0099 0.0054 0.0050 0.0309 0.0072 0.7493 0.0075 0.0096 0.0134 0.0111 0.0274 0.0076 0.0150 
