      H105.1  1 0.0410 0.0120 0.0076 0.1496 0.0079 0.0064 0.0067 0.0079 0.0198 0.0068 0.0106 0.0146 0.0058 0.0039 0.0073 0.0127 0.0061 0.0064 0.6181 0.0141 0.0234 0.0115 
      H105.2  1 0.0298 0.0403 0.0065 0.0754 0.0195 0.0082 0.0286 0.0096 0.0097 0.0357 0.0097 0.0303 0.0150 0.0179 0.0318 0.0093 0.0434 0.0288 0.5113 0.0057 0.0101 0.0232 
      H105.3  1 0.0089 0.0124 0.0045 0.0109 0.0073 0.0067 0.0061 0.0061 0.0109 0.0050 0.0084 0.0118 0.0099 0.0158 0.0052 0.0079 0.0070 0.0158 0.8053 0.0130 0.0051 0.0161 
      H105.4  1 0.0895 0.0163 0.0104 0.0319 0.0169 0.0117 0.0387 0.0078 0.0216 0.0163 0.0100 0.0108 0.0189 0.0940 0.0241 0.0133 0.0094 0.0283 0.5029 0.0130 0.0078 0.0063 
      H105.5  1 0.1164 0.0366 0.0146 0.1201 0.0401 0.0558 0.0293 0.0072 0.0620 0.0266 0.0114 0.1246 0.0362 0.0489 0.0190 0.0202 0.0313 0.0326 0.0659 0.0208 0.0405 0.0400 
      H105.6  1 0.0282 0.0058 0.0058 0.0166 0.0079 0.0216 0.0104 0.0037 0.0078 0.0055 0.0084 0.0076 0.0114 0.0238 0.0073 0.0089 0.0123 0.0150 0.7656 0.0137 0.0037 0.0088 
      H105.7  1 0.0753 0.0069 0.0117 0.0312 0.0049 0.0066 0.0120 0.0051 0.0181 0.0088 0.0299 0.0097 0.0119 0.0068 0.0243 0.0079 0.0051 0.0058 0.6922 0.0061 0.0113 0.0084 
      H105.8  1 0.0192 0.0109 0.0033 0.0571 0.0117 0.0063 0.0103 0.0073 0.0073 0.0164 0.0339 0.0042 0.0054 0.0088 0.0053 0.0105 0.0100 0.0220 0.7273 0.0045 0.0056 0.0124 
      H115.1  1 0.0113 0.0090 0.0048 0.0069 0.0103 0.7199 0.0167 0.0072 0.0059 0.0286 0.0202 0.0060 0.0170 0.0137 0.0074 0.0150 0.0092 0.0194 0.0109 0.0262 0.0137 0.0207 
      H115.2  1 0.0054 0.0072 0.0045 0.0048 0.0103 0.8368 0.0073 0.0081 0.0045 0.0173 0.0067 0.0065 0.0052 0.0095 0.0042 0.0081 0.0079 0.0076 0.0077 0.0129 0.0086 0.0089 
      H115.3  1 0.0112 0.0181 0.0054 0.0061 0.0764 0.5911 0.0172 0.0061 0.0117 0.0093 0.0068 0.0415 0.0035 0.0703 0.0104 0.0087 0.0242 0.0056 0.0099 0.0391 0.0230 0.0045 
      H115.4  1 0.0118 0.0347 0.0072 0.0061 0.4637 0.0397 0.0165 0.0065 0.0090 0.0550 0.0058 0.1056 0.0044 0.0081 0.0072 0.0088 0.0085 0.0427 0.0068 0.0341 0.0607 0.0572 
      H115.5  1 0.0143 0.1176 0.0249 0.0092 0.0473 0.3774 0.0093 0.0460 0.0239 0.0179 0.0205 0.0208 0.0205 0.0329 0.0148 0.0338 0.0077 0.0155 0.0265 0.0706 0.0312 0.0173 
      H115.6  1 0.0089 0.0278 0.0102 0.0068 0.0563 0.3932 0.0185 0.0134 0.0122 0.0079 0.0175 0.1864 0.0056 0.0391 0.0254 0.0091 0.0809 0.0037 0.0089 0.0364 0.0207 0.0112 
      H115.7  1 0.0096 0.0391 0.0104 0.0061 0.0285 0.5149 0.0660 0.0054 0.0135 0.0198 0.0048 0.1099 0.0112 0.0375 0.0295 0.0054 0.0127 0.0102 0.0088 0.0327 0.0151 0.0090 
      H115.8  1 0.0130 0.0242 0.0063 0.0060 0.0922 0.5220 0.0088 0.0574 0.0087 0.0111 0.0636 0.0310 0.0053 0.0167 0.0098 0.0249 0.0174 0.0052 0.0146 0.0341 0.0178 0.0100 
      H115.9  1 0.0175 0.0046 0.0048 0.0055 0.0083 0.8154 0.0070 0.0057 0.0058 0.0091 0.0224 0.0039 0.0060 0.0127 0.0060 0.0088 0.0054 0.0118 0.0047 0.0107 0.0110 0.0128 
      H145.1  1 0.0118 0.0035 0.8085 0.0069 0.0090 0.0122 0.0072 0.0276 0.0073 0.0039 0.0094 0.0049 0.0059 0.0110 0.0040 0.0076 0.0270 0.0061 0.0048 0.0081 0.0059 0.0073 
      H145.2  1 0.0126 0.0037 0.6415 0.0191 0.0157 0.0055 0.0119 0.0356 0.0077 0.0073 0.0087 0.0080 0.0064 0.1260 0.0106 0.0072 0.0246 0.0128 0.0087 0.0131 0.0066 0.0066 
      H145.3  1 0.0095 0.0109 0.7589 0.0055 0.0078 0.0054 0.0052 0.0662 0.0052 0.0056 0.0296 0.0046 0.0050 0.0072 0.0060 0.0118 0.0345 0.0057 0.0037 0.0040 0.0037 0.0042 
      H145.4  1 0.0060 0.0032 0.8997 0.0036 0.0043 0.0044 0.0041 0.0064 0.0041 0.0043 0.0052 0.0045 0.0055 0.0055 0.0041 0.0033 0.0079 0.0042 0.0038 0.0075 0.0053 0.0031 
      H145.5  1 0.0058 0.0070 0.6916 0.0055 0.0068 0.0041 0.0045 0.1797 0.0040 0.0043 0.0085 0.0055 0.0054 0.0049 0.0032 0.0053 0.0330 0.0046 0.0035 0.0050 0.0038 0.0041 
      H145.6  1 0.0071 0.0118 0.7808 0.0132 0.0093 0.0035 0.0136 0.0147 0.0037 0.0037 0.0043 0.0049 0.0056 0.0605 0.0232 0.0051 0.0064 0.0065 0.0051 0.0069 0.0063 0.0038 
      H145.7  1 0.0051 0.0109 0.8865 0.0053 0.0062 0.0039 0.0047 0.0045 0.0044 0.0046 0.0080 0.0059 0.0032 0.0060 0.0044 0.0041 0.0087 0.0058 0.0029 0.0066 0.0054 0.0026 
      H149.1  1 0.0036 0.0030 0.0041 0.0033 0.0027 0.0032 0.0039 0.0042 0.0032 0.0034 0.0038 0.0033 0.0048 0.0037 0.0034 0.0034 0.0055 0.0030 0.0033 0.9246 0.0035 0.0031 
      H149.2  1 0.0072 0.0048 0.0331 0.0051 0.0027 0.0038 0.0038 0.0028 0.0089 0.0053 0.0040 0.0138 0.0048 0.0049 0.0072 0.0039 0.0059 0.0050 0.0050 0.8449 0.0185 0.0047 
      H149.3  1 0.0086 0.0128 0.0746 0.0064 0.0043 0.0080 0.0079 0.0041 0.0120 0.0247 0.0092 0.0366 0.0117 0.0120 0.0159 0.0057 0.0094 0.0161 0.0094 0.6660 0.0395 0.0049 
      H149.4  1 0.0046 0.0043 0.0040 0.0203 0.0053 0.0043 0.0275 0.0079 0.0069 0.0064 0.0041 0.0052 0.0065 0.0083 0.0091 0.0041 0.0044 0.0102 0.0115 0.8330 0.0088 0.0032 
      H149.5  1 0.0118 0.0068 0.1303 0.0278 0.0045 0.0032 0.0366 0.0042 0.0207 0.0205 0.0086 0.0163 0.0085 0.0095 0.0198 0.0033 0.0064 0.0315 0.0154 0.4817 0.1263 0.0064 
      H149.6  1 0.0079 0.0046 0.0353 0.0062 0.0030 0.0032 0.0079 0.0041 0.0063 0.0102 0.0037 0.0131 0.0052 0.0048 0.0187 0.0037 0.0054 0.0051 0.0089 0.8195 0.0175 0.0059 
      H149.7  1 0.0085 0.0062 0.0362 0.0377 0.0112 0.0049 0.0548 0.0119 0.0128 0.0241 0.0149 0.0135 0.0579 0.0191 0.0688 0.0073 0.0114 0.0301 0.0254 0.5062 0.0280 0.0093 
      H150.1  1 0.0052 0.0057 0.0051 0.0069 0.0179 0.8482 0.0069 0.0055 0.0056 0.0073 0.0070 0.0144 0.0040 0.0110 0.0050 0.0086 0.0103 0.0033 0.0089 0.0037 0.0058 0.0037 
      H150.2  1 0.0041 0.0117 0.0057 0.0049 0.0908 0.6824 0.0152 0.0193 0.0140 0.0093 0.0042 0.0346 0.0065 0.0099 0.0131 0.0067 0.0117 0.0063 0.0108 0.0175 0.0115 0.0099 
      H150.3  1 0.0066 0.0117 0.0098 0.0049 0.0098 0.8272 0.0099 0.0090 0.0052 0.0057 0.0070 0.0158 0.0097 0.0063 0.0136 0.0045 0.0126 0.0033 0.0072 0.0055 0.0062 0.0086 
      H150.4  1 0.0074 0.0066 0.0079 0.0047 0.0062 0.8739 0.0049 0.0111 0.0050 0.0034 0.0083 0.0080 0.0061 0.0055 0.0080 0.0046 0.0059 0.0025 0.0053 0.0031 0.0052 0.0062 
      H150.5  1 0.0075 0.0146 0.0100 0.0049 0.0481 0.6696 0.0237 0.0046 0.0136 0.0227 0.0060 0.0472 0.0048 0.0232 0.0103 0.0099 0.0113 0.0071 0.0279 0.0125 0.0158 0.0047 
      H150.6  1 0.0043 0.0485 0.0069 0.0080 0.1428 0.1699 0.0764 0.0116 0.0093 0.0328 0.0042 0.2712 0.0064 0.0105 0.0104 0.0072 0.0268 0.0060 0.0934 0.0108 0.0353 0.0073 
      H150.7  1 0.0049 0.0051 0.0045 0.0047 0.0110 0.8771 0.0048 0.0078 0.0053 0.0032 0.0067 0.0082 0.0043 0.0125 0.0050 0.0059 0.0073 0.0030 0.0063 0.0035 0.0038 0.0053 
   H169607.1  1 0.0119 0.0197 0.1621 0.0422 0.0424 0.0561 0.0245 0.0209 0.0980 0.1901 0.0190 0.0097 0.0087 0.0345 0.0341 0.0117 0.0543 0.0237 0.0085 0.0065 0.0185 0.1028 
   H169607.2  1 0.2303 0.0095 0.1362 0.0284 0.0402 0.0964 0.0692 0.0035 0.0689 0.0591 0.0419 0.0089 0.0075 0.0225 0.0166 0.0137 0.0712 0.0256 0.0090 0.0082 0.0109 0.0224 
   H169607.3  1 0.0629 0.0158 0.2544 0.0838 0.0217 0.0205 0.0288 0.0146 0.0660 0.0930 0.0289 0.0145 0.0081 0.0411 0.0471 0.0184 0.0306 0.0382 0.0072 0.0083 0.0826 0.0134 
   H169607.4  1 0.1076 0.0055 0.2507 0.0658 0.0073 0.0187 0.0169 0.0071 0.0971 0.0378 0.0066 0.0054 0.0064 0.0279 0.0116 0.0134 0.2721 0.0067 0.0077 0.0048 0.0072 0.0156 
   H169607.5  1 0.1372 0.0067 0.0934 0.0178 0.0468 0.1507 0.1995 0.0092 0.0869 0.0294 0.0302 0.0099 0.0047 0.0321 0.0158 0.0085 0.0144 0.0210 0.0051 0.0127 0.0561 0.0117 
   H169607.6  1 0.4186 0.0115 0.0997 0.0424 0.0303 0.0367 0.0609 0.0046 0.0407 0.0582 0.0224 0.0088 0.0057 0.0132 0.0118 0.0090 0.0441 0.0279 0.0078 0.0097 0.0115 0.0244 
   H169607.7  1 0.0746 0.0125 0.0293 0.0436 0.4000 0.0273 0.0558 0.0061 0.0372 0.0842 0.0708 0.0095 0.0047 0.0130 0.0098 0.0064 0.0251 0.0379 0.0142 0.0052 0.0109 0.0220 
   H169607.8  1 0.3999 0.0070 0.0375 0.0523 0.0079 0.0103 0.0110 0.0043 0.1216 0.0944 0.0138 0.0045 0.0056 0.0281 0.0117 0.0153 0.1398 0.0060 0.0060 0.0043 0.0085 0.0103 
   H169633.1  1 0.0057 0.0193 0.0227 0.0068 0.0057 0.0104 0.0055 0.0182 0.0047 0.0152 0.0055 0.0139 0.0101 0.0119 0.0102 0.0326 0.0062 0.0065 0.0148 0.7559 0.0083 0.0098 
   H169633.2  1 0.0037 0.0164 0.0135 0.0081 0.0087 0.0037 0.0076 0.0083 0.0037 0.0307 0.0132 0.0179 0.0094 0.0056 0.0567 0.0126 0.0059 0.0191 0.0153 0.6926 0.0047 0.0426 
   H169633.3  1 0.0043 0.0086 0.0112 0.0065 0.0046 0.0110 0.0057 0.0059 0.0064 0.0094 0.0133 0.0259 0.0260 0.0051 0.0054 0.0083 0.0056 0.0097 0.0136 0.7953 0.0096 0.0087 
   H169633.4  1 0.0065 0.0119 0.0104 0.0069 0.0051 0.0090 0.0056 0.0113 0.0065 0.0060 0.0074 0.0164 0.0066 0.0171 0.0046 0.0072 0.0106 0.0100 0.0149 0.8026 0.0159 0.0074 
   H169633.5  1 0.0064 0.0107 0.0129 0.0070 0.0049 0.0106 0.0060 0.0144 0.0064 0.0053 0.0065 0.0122 0.0075 0.0217 0.0048 0.0074 0.0104 0.0085 0.0146 0.8002 0.0151 0.0063 
   H169688.1  1 0.0482 0.0500 0.0810 0.0050 0.0149 0.0118 0.0373 0.0041 0.0059 0.4974 0.0079 0.0040 0.0239 0.0052 0.0788 0.0387 0.0219 0.0315 0.0041 0.0160 0.0050 0.0075 
   H169688.2  1 0.0109 0.0180 0.0197 0.0117 0.0309 0.0157 0.0290 0.0096 0.0055 0.5418 0.0099 0.0065 0.0168 0.0040 0.0901 0.1357 0.0079 0.0090 0.0112 0.0060 0.0057 0.0045 
   H169688.3  1 0.0095 0.0139 0.0273 0.0245 0.0846 0.0325 0.0197 0.0043 0.0043 0.5767 0.0045 0.0067 0.0110 0.0047 0.0319 0.0915 0.0072 0.0047 0.0069 0.0181 0.0098 0.0059 
   H169688.4  1 0.0071 0.0157 0.0140 0.0060 0.1334 0.2475 0.0128 0.0158 0.0063 0.1557 0.0060 0.0057 0.0078 0.0101 0.0177 0.2928 0.0082 0.0072 0.0094 0.0082 0.0084 0.0043 
   H169688.5  1 0.0064 0.0146 0.0118 0.0084 0.1369 0.2268 0.0192 0.0175 0.0059 0.1139 0.0059 0.0049 0.0095 0.0103 0.0228 0.3355 0.0097 0.0057 0.0111 0.0082 0.0091 0.0060 
   H169688.6  1 0.0131 0.0256 0.0350 0.0067 0.0483 0.0317 0.0586 0.0348 0.0068 0.4580 0.0047 0.0033 0.0092 0.0082 0.0312 0.0603 0.0045 0.1154 0.0185 0.0150 0.0067 0.0045 
   H169688.7  1 0.0070 0.0234 0.0843 0.0554 0.1802 0.0317 0.0219 0.0096 0.0059 0.3014 0.0107 0.0137 0.0140 0.0062 0.0113 0.1659 0.0141 0.0043 0.0072 0.0144 0.0102 0.0074 
   H171901.1  1 0.0154 0.0234 0.0658 0.0523 0.0643 0.0299 0.0532 0.0692 0.0112 0.0321 0.0100 0.0579 0.0174 0.0641 0.3461 0.0158 0.0137 0.0086 0.0112 0.0113 0.0141 0.0130 
   H171901.2  1 0.0123 0.0043 0.0088 0.0066 0.0103 0.0112 0.0080 0.0057 0.0078 0.0068 0.0057 0.0146 0.0044 0.0081 0.0061 0.0201 0.0165 0.0047 0.0110 0.8176 0.0043 0.0052 
   H171901.3  1 0.0088 0.0199 0.0119 0.0099 0.0239 0.0139 0.0181 0.0060 0.0065 0.0114 0.0078 0.0104 0.0068 0.0167 0.0365 0.0657 0.0185 0.0114 0.0054 0.6705 0.0146 0.0054 
   H171901.4  1 0.0081 0.0051 0.0086 0.0091 0.0258 0.0086 0.0122 0.0060 0.0121 0.0072 0.0064 0.0113 0.0037 0.0101 0.0083 0.0182 0.0130 0.0065 0.0157 0.7920 0.0049 0.0072 
   H171901.5  1 0.0084 0.0049 0.0155 0.0130 0.0245 0.0102 0.0304 0.0051 0.0179 0.0168 0.0070 0.0130 0.0068 0.0164 0.0128 0.0270 0.0452 0.0074 0.0138 0.6880 0.0078 0.0081 
   H171901.6  1 0.0103 0.0052 0.0417 0.0131 0.0303 0.0204 0.0337 0.0053 0.0267 0.0136 0.0118 0.0163 0.0179 0.0265 0.0267 0.0441 0.0577 0.0147 0.0325 0.5269 0.0112 0.0134 
   H171901.7  1 0.0156 0.0074 0.0407 0.0090 0.0333 0.0267 0.0300 0.0067 0.0050 0.0130 0.0187 0.0171 0.0125 0.0135 0.0244 0.0675 0.0130 0.0268 0.0094 0.5926 0.0121 0.0050 
   H171902.1  1 0.0064 0.0064 0.0141 0.0071 0.0093 0.0148 0.0107 0.0266 0.0105 0.0185 0.0122 0.0051 0.0098 0.0074 0.0062 0.0116 0.7721 0.0156 0.0059 0.0078 0.0037 0.0183 
  H171902.10  1 0.0061 0.0047 0.0051 0.0072 0.0059 0.0049 0.0072 0.0062 0.0043 0.0075 0.0042 0.0074 0.0046 0.0060 0.0036 0.0049 0.8837 0.0086 0.0032 0.0075 0.0031 0.0042 
   H171902.2  1 0.0073 0.0359 0.0143 0.0116 0.0146 0.0251 0.0349 0.0412 0.0167 0.1068 0.0509 0.0058 0.0181 0.0058 0.0254 0.0507 0.4441 0.0205 0.0189 0.0199 0.0064 0.0250 
   H171902.3  1 0.0083 0.0084 0.0103 0.0155 0.0233 0.0274 0.0251 0.0072 0.0160 0.0349 0.0132 0.0125 0.0076 0.0069 0.0103 0.0154 0.6550 0.0172 0.0082 0.0555 0.0058 0.0160 
   H171902.4  1 0.0048 0.0055 0.0084 0.0031 0.0031 0.0095 0.0045 0.0094 0.0038 0.0067 0.0101 0.0071 0.0072 0.0041 0.0047 0.0111 0.8352 0.0044 0.0077 0.0409 0.0038 0.0050 
   H171902.6  1 0.0057 0.0046 0.0057 0.0055 0.0048 0.0086 0.0077 0.0069 0.0045 0.0055 0.0037 0.0064 0.0060 0.0057 0.0040 0.0032 0.8861 0.0061 0.0031 0.0077 0.0030 0.0055 
   H171902.7  1 0.0098 0.0029 0.0184 0.0083 0.0061 0.0063 0.0106 0.0117 0.0091 0.0065 0.0036 0.0123 0.0050 0.0059 0.0076 0.0041 0.8420 0.0045 0.0039 0.0097 0.0051 0.0065 
   H171902.8  1 0.0071 0.0056 0.0082 0.0111 0.0097 0.0109 0.0233 0.0133 0.0083 0.0179 0.0071 0.0115 0.0058 0.0057 0.0065 0.0048 0.7984 0.0094 0.0039 0.0186 0.0055 0.0076 
   H171902.9  1 0.0091 0.0038 0.0067 0.0052 0.0067 0.0587 0.0102 0.0204 0.0075 0.0118 0.0069 0.0045 0.0091 0.0093 0.0061 0.0134 0.7787 0.0065 0.0097 0.0061 0.0035 0.0060 
   H171903.1  1 0.5749 0.0051 0.0271 0.0052 0.0890 0.0499 0.0369 0.0048 0.0371 0.0135 0.0188 0.0108 0.0070 0.0100 0.0113 0.0134 0.0101 0.0147 0.0154 0.0135 0.0106 0.0208 
   H171903.2  1 0.5640 0.0069 0.0111 0.0300 0.0780 0.0244 0.0263 0.0114 0.0206 0.0174 0.0429 0.0061 0.0057 0.0153 0.0122 0.0239 0.0080 0.0186 0.0214 0.0074 0.0285 0.0200 
   H171903.3  1 0.1905 0.0088 0.0240 0.0331 0.0856 0.0517 0.0678 0.0154 0.0537 0.0338 0.0347 0.0483 0.0184 0.0131 0.0288 0.0338 0.0442 0.0263 0.0145 0.0178 0.0814 0.0743 
   H171903.4  1 0.0299 0.0145 0.1706 0.0089 0.0225 0.0218 0.0642 0.0103 0.0181 0.0284 0.0053 0.0286 0.0116 0.0346 0.4034 0.0192 0.0651 0.0072 0.0123 0.0074 0.0106 0.0056 
   H171903.5  1 0.0558 0.0083 0.0223 0.1664 0.1218 0.0475 0.0378 0.0097 0.0355 0.0482 0.0232 0.0135 0.0154 0.0064 0.0209 0.0658 0.0072 0.0194 0.0143 0.0320 0.1631 0.0655 
   H171903.6  1 0.1252 0.0110 0.0299 0.0193 0.1317 0.0448 0.1195 0.0040 0.0776 0.1143 0.0132 0.0068 0.0091 0.0169 0.0296 0.0831 0.0218 0.0150 0.0067 0.0516 0.0632 0.0059 
      H177.1  1 0.0233 0.0059 0.0123 0.0097 0.0162 0.0255 0.0800 0.0116 0.0162 0.0233 0.0082 0.0096 0.0155 0.0176 0.2265 0.0131 0.2001 0.0613 0.0063 0.2033 0.0092 0.0053 
      H177.2  1 0.0254 0.0176 0.0518 0.0569 0.0545 0.0105 0.0402 0.0162 0.1767 0.0930 0.0575 0.0178 0.0125 0.0295 0.0076 0.0392 0.0818 0.0500 0.0075 0.1056 0.0387 0.0096 
      H177.3  1 0.0249 0.0043 0.0317 0.0511 0.0183 0.0152 0.0847 0.0135 0.0432 0.0355 0.0092 0.0191 0.0203 0.1163 0.0118 0.0185 0.1011 0.0584 0.0056 0.2925 0.0183 0.0064 
      H177.4  1 0.0168 0.0029 0.0299 0.0057 0.0048 0.0064 0.0312 0.0093 0.0161 0.0183 0.0107 0.0077 0.0099 0.0110 0.1348 0.0091 0.0489 0.5593 0.0113 0.0390 0.0105 0.0063 
      H177.5  1 0.0220 0.0106 0.0262 0.0194 0.0309 0.0136 0.0630 0.0070 0.0435 0.0382 0.0166 0.0165 0.0158 0.0095 0.4935 0.0526 0.0369 0.0159 0.0206 0.0150 0.0287 0.0040 
      H177.6  1 0.0126 0.0041 0.0185 0.0366 0.0195 0.0159 0.0577 0.0129 0.0240 0.0178 0.0096 0.0188 0.0216 0.0823 0.0107 0.0222 0.1122 0.0301 0.0055 0.4503 0.0100 0.0071 
      H179.1  1 0.0047 0.0124 0.0084 0.0981 0.0146 0.0153 0.0199 0.0057 0.0279 0.0304 0.0093 0.0074 0.0498 0.0417 0.0386 0.0195 0.0078 0.4937 0.0185 0.0154 0.0122 0.0491 
      H179.2  1 0.0050 0.0064 0.0064 0.0141 0.0140 0.0123 0.0069 0.0034 0.0198 0.0214 0.0078 0.0106 0.0201 0.0085 0.0150 0.0098 0.0083 0.7549 0.0069 0.0059 0.0132 0.0290 
      H179.3  1 0.0147 0.0139 0.0073 0.0353 0.0339 0.0258 0.0304 0.0050 0.0118 0.0613 0.0211 0.0065 0.0188 0.0347 0.0727 0.1102 0.0093 0.4036 0.0144 0.0084 0.0360 0.0249 
      H179.4  1 0.0051 0.0072 0.0096 0.0147 0.0107 0.0055 0.0168 0.0038 0.0104 0.0090 0.0119 0.0071 0.0104 0.0073 0.0154 0.0156 0.0065 0.7998 0.0061 0.0119 0.0070 0.0082 
      H180.1  1 0.0065 0.0306 0.0033 0.0121 0.6979 0.0115 0.0282 0.0103 0.0055 0.0591 0.0043 0.0207 0.0044 0.0049 0.0103 0.0110 0.0116 0.0162 0.0142 0.0069 0.0140 0.0165 
      H180.2  1 0.0078 0.0530 0.0037 0.0059 0.6147 0.0403 0.0358 0.0139 0.0080 0.0682 0.0056 0.0098 0.0097 0.0181 0.0121 0.0181 0.0087 0.0178 0.0252 0.0127 0.0045 0.0065 
      H180.3  1 0.0131 0.0129 0.0050 0.0051 0.4849 0.2458 0.0110 0.0160 0.0063 0.0261 0.0398 0.0048 0.0383 0.0064 0.0051 0.0055 0.0056 0.0065 0.0083 0.0067 0.0151 0.0316 
      H180.4  1 0.0083 0.0382 0.0067 0.0140 0.4550 0.0257 0.0444 0.0165 0.0100 0.0622 0.0138 0.0539 0.0091 0.0054 0.0186 0.0231 0.0111 0.0229 0.1211 0.0196 0.0157 0.0045 
      H180.5  1 0.0135 0.0307 0.0073 0.0077 0.5205 0.0240 0.0441 0.0280 0.0173 0.0327 0.0206 0.1053 0.0048 0.0068 0.0170 0.0317 0.0068 0.0269 0.0219 0.0105 0.0138 0.0079 
      H180.6  1 0.0096 0.0285 0.0100 0.0099 0.1875 0.0406 0.0144 0.0484 0.0123 0.0123 0.4578 0.0561 0.0107 0.0092 0.0080 0.0144 0.0065 0.0098 0.0194 0.0191 0.0083 0.0073 
      H181.1  1 0.0650 0.2110 0.0163 0.0448 0.0070 0.0119 0.0107 0.0111 0.0136 0.0566 0.0074 0.0179 0.0071 0.0068 0.0079 0.0116 0.0343 0.1191 0.0087 0.1958 0.1281 0.0072 
      H181.2  1 0.0225 0.1431 0.0227 0.0113 0.0125 0.0147 0.0273 0.0147 0.0116 0.0809 0.0061 0.0872 0.0087 0.0072 0.0145 0.0097 0.1031 0.3004 0.0159 0.0581 0.0177 0.0102 
      H181.3  1 0.0204 0.2365 0.0195 0.0096 0.0100 0.0063 0.0347 0.0119 0.0305 0.1106 0.0111 0.0337 0.0069 0.0082 0.0113 0.0441 0.0475 0.2302 0.0099 0.0932 0.0089 0.0049 
      H181.4  1 0.0289 0.0833 0.0329 0.0204 0.0219 0.0813 0.0414 0.0042 0.0629 0.0341 0.0152 0.0272 0.0227 0.0147 0.0172 0.0135 0.0422 0.0553 0.0114 0.1034 0.2590 0.0069 
      H181.5  1 0.0098 0.0967 0.0088 0.0251 0.0063 0.0066 0.0088 0.0134 0.0096 0.0462 0.0078 0.0487 0.0455 0.0083 0.0259 0.0143 0.0120 0.5519 0.0132 0.0134 0.0108 0.0168 
      H181.6  1 0.0110 0.0131 0.0088 0.0201 0.0280 0.0375 0.0114 0.0044 0.0083 0.0141 0.0086 0.0409 0.0111 0.0137 0.0111 0.0115 0.0187 0.6224 0.0489 0.0108 0.0152 0.0305 
      H181.7  1 0.0097 0.0267 0.0076 0.0761 0.0095 0.0190 0.0155 0.0051 0.0050 0.0384 0.0107 0.0054 0.0040 0.0097 0.0059 0.0330 0.0080 0.6361 0.0101 0.0288 0.0288 0.0068 
 H194.1_2004  1 0.0116 0.0055 0.7316 0.0050 0.0263 0.0240 0.0383 0.0069 0.0076 0.0061 0.0112 0.0203 0.0123 0.0089 0.0093 0.0180 0.0085 0.0063 0.0065 0.0218 0.0070 0.0070 
 H194.2_2004  1 0.0142 0.0047 0.7446 0.0046 0.0107 0.0095 0.0124 0.0117 0.0056 0.0056 0.0052 0.0253 0.0071 0.0076 0.0873 0.0075 0.0074 0.0035 0.0044 0.0082 0.0085 0.0042 
 H194.3_2004  1 0.0073 0.0035 0.7344 0.0082 0.0062 0.0063 0.0119 0.0073 0.0061 0.0085 0.0080 0.0067 0.0741 0.0083 0.0082 0.0086 0.0160 0.0139 0.0058 0.0393 0.0059 0.0057 
 H194.4_2004  1 0.0184 0.0043 0.7800 0.0044 0.0035 0.0080 0.0081 0.0085 0.0048 0.0050 0.0051 0.0092 0.0077 0.0044 0.0676 0.0048 0.0124 0.0056 0.0035 0.0250 0.0052 0.0044 
 H194.5_2004  1 0.0078 0.0067 0.7380 0.0094 0.0091 0.0110 0.0242 0.0052 0.0135 0.0052 0.0124 0.0079 0.0319 0.0117 0.0117 0.0073 0.0128 0.0146 0.0077 0.0344 0.0085 0.0089 
 H194.6_2004  1 0.0140 0.0058 0.1763 0.0065 0.0079 0.0162 0.0267 0.0073 0.0125 0.0085 0.0125 0.0138 0.2735 0.0076 0.1602 0.0106 0.0791 0.0447 0.0062 0.0958 0.0079 0.0065 
 H194.7_2004  1 0.0557 0.0072 0.7462 0.0061 0.0137 0.0138 0.0093 0.0058 0.0084 0.0085 0.0357 0.0084 0.0089 0.0066 0.0145 0.0088 0.0054 0.0065 0.0063 0.0086 0.0112 0.0044 
 H194.8_2004  1 0.0141 0.0071 0.5775 0.0063 0.0093 0.0124 0.0304 0.0087 0.0083 0.0076 0.0124 0.0133 0.0281 0.0082 0.1535 0.0062 0.0148 0.0161 0.0072 0.0410 0.0114 0.0063 
      H194.9  1 0.0174 0.0067 0.7817 0.0055 0.0067 0.0266 0.0097 0.0076 0.0078 0.0057 0.0340 0.0075 0.0113 0.0082 0.0119 0.0087 0.0082 0.0058 0.0074 0.0099 0.0064 0.0051 
 H195.1_2003  1 0.0063 0.0079 0.8388 0.0073 0.0115 0.0041 0.0096 0.0035 0.0072 0.0043 0.0036 0.0095 0.0055 0.0045 0.0083 0.0084 0.0073 0.0058 0.0256 0.0085 0.0054 0.0074 
 H195.1_2004  1 0.0046 0.0213 0.8143 0.0048 0.0052 0.0057 0.0083 0.0097 0.0055 0.0145 0.0044 0.0272 0.0059 0.0076 0.0040 0.0105 0.0144 0.0056 0.0072 0.0091 0.0069 0.0031 
 H195.2_2003  1 0.0178 0.0050 0.7459 0.0052 0.0123 0.0111 0.0070 0.0050 0.0092 0.0098 0.0074 0.0061 0.0054 0.0065 0.0048 0.0968 0.0109 0.0059 0.0119 0.0055 0.0031 0.0075 
 H195.2_2004  1 0.0051 0.0055 0.9066 0.0042 0.0039 0.0036 0.0042 0.0055 0.0049 0.0059 0.0045 0.0060 0.0035 0.0032 0.0039 0.0041 0.0038 0.0039 0.0047 0.0062 0.0032 0.0036 
 H195.3_2003  1 0.0270 0.0064 0.7257 0.0061 0.0105 0.0234 0.0196 0.0048 0.0190 0.0098 0.0066 0.0054 0.0081 0.0077 0.0112 0.0463 0.0071 0.0054 0.0361 0.0045 0.0047 0.0047 
 H195.3_2004  1 0.0078 0.0062 0.8860 0.0032 0.0040 0.0032 0.0051 0.0057 0.0033 0.0070 0.0039 0.0071 0.0044 0.0030 0.0033 0.0053 0.0101 0.0041 0.0047 0.0152 0.0035 0.0039 
 H195.4_2003  1 0.0070 0.0037 0.8832 0.0053 0.0057 0.0044 0.0059 0.0029 0.0059 0.0046 0.0037 0.0115 0.0060 0.0048 0.0042 0.0052 0.0064 0.0050 0.0078 0.0080 0.0041 0.0048 
 H195.4_2004  1 0.0074 0.0213 0.8815 0.0041 0.0037 0.0036 0.0031 0.0047 0.0040 0.0055 0.0056 0.0044 0.0059 0.0048 0.0054 0.0094 0.0057 0.0043 0.0036 0.0041 0.0046 0.0032 
 H195.5_2003  1 0.0068 0.0188 0.6976 0.0103 0.0088 0.0058 0.0169 0.0033 0.0066 0.0082 0.0052 0.0224 0.0083 0.0083 0.0140 0.0200 0.0162 0.0118 0.0884 0.0094 0.0074 0.0058 
 H195.5_2004  1 0.0095 0.0157 0.8489 0.0044 0.0035 0.0054 0.0060 0.0092 0.0034 0.0155 0.0049 0.0091 0.0053 0.0057 0.0035 0.0061 0.0061 0.0111 0.0111 0.0071 0.0053 0.0033 
 H195.6_2003  1 0.0233 0.0072 0.8363 0.0037 0.0083 0.0087 0.0057 0.0046 0.0082 0.0077 0.0050 0.0053 0.0042 0.0063 0.0038 0.0243 0.0090 0.0038 0.0132 0.0038 0.0030 0.0045 
 H195.6_2004  1 0.0067 0.0039 0.9026 0.0053 0.0048 0.0030 0.0041 0.0049 0.0041 0.0039 0.0041 0.0053 0.0067 0.0029 0.0038 0.0034 0.0054 0.0070 0.0070 0.0046 0.0028 0.0037 
 H195.7_2003  1 0.0053 0.0046 0.8649 0.0065 0.0062 0.0032 0.0072 0.0024 0.0078 0.0088 0.0045 0.0069 0.0049 0.0049 0.0145 0.0127 0.0055 0.0055 0.0079 0.0052 0.0051 0.0056 
 H195.7_2004  1 0.0046 0.0218 0.8376 0.0068 0.0054 0.0056 0.0060 0.0277 0.0044 0.0115 0.0042 0.0085 0.0032 0.0062 0.0038 0.0075 0.0055 0.0057 0.0086 0.0048 0.0072 0.0033 
      H195.8  1 0.0075 0.0462 0.8358 0.0035 0.0039 0.0054 0.0077 0.0064 0.0038 0.0095 0.0044 0.0100 0.0048 0.0078 0.0052 0.0094 0.0074 0.0042 0.0059 0.0039 0.0048 0.0029 
      H195.9  1 0.0129 0.0062 0.8704 0.0043 0.0051 0.0045 0.0051 0.0034 0.0064 0.0070 0.0061 0.0066 0.0069 0.0051 0.0051 0.0081 0.0089 0.0060 0.0056 0.0083 0.0051 0.0028 
      H415.1  1 0.0065 0.0074 0.0385 0.0074 0.0198 0.1492 0.0159 0.0482 0.0037 0.0094 0.0259 0.0176 0.0110 0.0069 0.0233 0.0090 0.0351 0.0053 0.0090 0.1080 0.0084 0.4343 
      H415.2  1 0.0064 0.0033 0.0282 0.0133 0.0210 0.0336 0.0570 0.0194 0.0172 0.0728 0.0062 0.0066 0.1084 0.0330 0.0120 0.0462 0.2808 0.0131 0.0092 0.0449 0.0128 0.1545 
      H415.3  1 0.0030 0.0033 0.0168 0.0137 0.0317 0.0101 0.0294 0.0072 0.0168 0.0143 0.0050 0.0178 0.0076 0.0059 0.0122 0.0085 0.0217 0.0151 0.0084 0.0688 0.0151 0.6675 
      H415.4  1 0.0044 0.0079 0.0179 0.0061 0.0115 0.0643 0.0069 0.0179 0.0075 0.0058 0.0224 0.0404 0.0165 0.0079 0.0108 0.0060 0.0316 0.0041 0.0075 0.0173 0.0108 0.6745 
      H415.5  1 0.0029 0.0048 0.0122 0.0122 0.0321 0.0057 0.0295 0.0098 0.0090 0.0117 0.0046 0.0303 0.0164 0.0049 0.0123 0.0063 0.0262 0.0117 0.0051 0.1100 0.0101 0.6322 
      H415.6  1 0.0046 0.0085 0.0154 0.0061 0.0098 0.0633 0.0100 0.0169 0.0079 0.0049 0.0192 0.0353 0.0116 0.0072 0.0125 0.0046 0.0315 0.0047 0.0072 0.0186 0.0117 0.6888 
      H415.7  1 0.0042 0.0038 0.0519 0.0138 0.0192 0.0140 0.0162 0.0137 0.0863 0.0841 0.0073 0.0126 0.0168 0.0138 0.0103 0.0523 0.1357 0.0306 0.0096 0.0487 0.0143 0.3407 
      H506.1  1 0.0029 0.0061 0.0035 0.0055 0.0039 0.0025 0.0046 0.0050 0.0070 0.0052 0.0051 0.0037 0.0063 0.0039 0.0054 0.0047 0.0036 0.8949 0.0076 0.0066 0.0045 0.0076 
      H506.2  1 0.0033 0.0033 0.0091 0.0112 0.0043 0.0028 0.0050 0.0067 0.0069 0.0090 0.0051 0.0045 0.0108 0.0049 0.0038 0.0052 0.0053 0.8683 0.0051 0.0142 0.0048 0.0065 
      H506.3  1 0.0044 0.0165 0.0060 0.0087 0.0072 0.0046 0.0188 0.0415 0.0094 0.0830 0.0080 0.0048 0.0150 0.0050 0.0095 0.0203 0.0088 0.6805 0.0143 0.0103 0.0080 0.0153 
      H506.4  1 0.0048 0.0052 0.0044 0.0059 0.0049 0.0049 0.0060 0.0067 0.0092 0.0078 0.0053 0.0037 0.0066 0.0049 0.0052 0.0062 0.0040 0.8748 0.0074 0.0062 0.0057 0.0101 
      H506.5  1 0.0039 0.0036 0.0045 0.0070 0.0035 0.0030 0.0042 0.0056 0.0082 0.0068 0.0038 0.0034 0.0039 0.0047 0.0046 0.0061 0.0052 0.8890 0.0062 0.0094 0.0036 0.0099 
      H506.6  1 0.0113 0.0126 0.0117 0.0169 0.0088 0.0045 0.0146 0.0381 0.0368 0.1126 0.0059 0.0056 0.0085 0.0461 0.0100 0.1035 0.0138 0.4804 0.0127 0.0063 0.0255 0.0138 
      H506.7  1 0.0041 0.0048 0.0061 0.0051 0.0041 0.0028 0.0042 0.0070 0.0077 0.0074 0.0057 0.0034 0.0070 0.0040 0.0053 0.0056 0.0049 0.8817 0.0079 0.0095 0.0040 0.0077 
      H533.1  1 0.0029 0.0058 0.0039 0.0383 0.0113 0.0029 0.0057 0.0107 0.0039 0.0065 0.0051 0.0043 0.0049 0.0049 0.0036 0.0036 0.0042 0.8444 0.0055 0.0144 0.0063 0.0067 
      H533.2  1 0.0030 0.0061 0.0043 0.0252 0.0085 0.0034 0.0050 0.0151 0.0033 0.0111 0.0053 0.0042 0.0055 0.0050 0.0034 0.0037 0.0040 0.8320 0.0055 0.0307 0.0069 0.0089 
      H533.3  1 0.0060 0.0042 0.0036 0.0197 0.0098 0.0046 0.0193 0.0052 0.0072 0.0073 0.0066 0.0038 0.0040 0.0113 0.0048 0.0070 0.0051 0.8165 0.0041 0.0153 0.0266 0.0079 
      H533.4  1 0.0059 0.0067 0.0148 0.0086 0.0235 0.0046 0.0219 0.0094 0.0068 0.0101 0.0051 0.0060 0.0050 0.0179 0.0044 0.0068 0.0063 0.7818 0.0045 0.0261 0.0164 0.0072 
      H535.1  1 0.0096 0.0031 0.0080 0.0053 0.0044 0.0096 0.0097 0.0046 0.0080 0.0047 0.0046 0.0069 0.0213 0.0076 0.0071 0.0064 0.0121 0.8422 0.0052 0.0066 0.0049 0.0083 
      H535.2  1 0.0056 0.0056 0.0055 0.0045 0.0030 0.0031 0.0038 0.0026 0.0051 0.0045 0.0044 0.0060 0.0033 0.0038 0.0055 0.0040 0.0046 0.9030 0.0074 0.0044 0.0067 0.0037 
      H535.3  1 0.0052 0.0099 0.0063 0.0049 0.0034 0.0042 0.0049 0.0043 0.0054 0.0042 0.0053 0.0065 0.0041 0.0055 0.0044 0.0033 0.0042 0.8932 0.0092 0.0035 0.0052 0.0028 
      H535.4  1 0.0034 0.0046 0.0064 0.0025 0.0044 0.0046 0.0043 0.0025 0.0040 0.0039 0.0037 0.0077 0.0039 0.0034 0.0037 0.0036 0.0042 0.9050 0.0065 0.0074 0.0046 0.0056 
      H535.5  1 0.0043 0.0032 0.0047 0.0029 0.0056 0.0050 0.0058 0.0033 0.0048 0.0037 0.0031 0.0042 0.0056 0.0042 0.0047 0.0036 0.0039 0.9056 0.0047 0.0072 0.0036 0.0062 
      H535.6  1 0.0136 0.0065 0.0142 0.0062 0.0045 0.0191 0.0135 0.0037 0.0131 0.0060 0.0052 0.0105 0.0248 0.0098 0.0187 0.0061 0.0156 0.7924 0.0033 0.0041 0.0041 0.0051 
      H535.7  1 0.0038 0.0032 0.0031 0.0026 0.0039 0.0040 0.0036 0.0037 0.0040 0.0033 0.0033 0.0026 0.0051 0.0039 0.0035 0.0039 0.0031 0.9225 0.0043 0.0050 0.0035 0.0041 
      H535.8  1 0.0035 0.0053 0.0061 0.0036 0.0042 0.0054 0.0047 0.0033 0.0067 0.0040 0.0037 0.0046 0.0070 0.0055 0.0081 0.0040 0.0055 0.8946 0.0057 0.0046 0.0044 0.0053 
      H535.9  1 0.0076 0.0037 0.0047 0.0037 0.0045 0.0089 0.0063 0.0042 0.0056 0.0044 0.0037 0.0051 0.0065 0.0105 0.0037 0.0042 0.0062 0.8892 0.0060 0.0045 0.0034 0.0035 
      H539.1  1 0.0074 0.0028 0.0035 0.0036 0.0040 0.9079 0.0037 0.0057 0.0043 0.0031 0.0051 0.0038 0.0035 0.0088 0.0034 0.0057 0.0075 0.0024 0.0032 0.0035 0.0031 0.0039 
      H539.2  1 0.0134 0.0209 0.0071 0.0057 0.0650 0.6660 0.0295 0.0094 0.0069 0.0588 0.0140 0.0057 0.0057 0.0056 0.0129 0.0215 0.0087 0.0121 0.0083 0.0052 0.0111 0.0068 
      H539.3  1 0.0234 0.0074 0.0101 0.0041 0.0068 0.8358 0.0078 0.0076 0.0057 0.0060 0.0082 0.0037 0.0067 0.0050 0.0130 0.0124 0.0093 0.0088 0.0065 0.0036 0.0046 0.0034 
      H539.4  1 0.0046 0.0050 0.0029 0.0096 0.0098 0.8320 0.0075 0.0192 0.0060 0.0118 0.0066 0.0037 0.0045 0.0078 0.0046 0.0259 0.0068 0.0037 0.0074 0.0039 0.0107 0.0058 
      H539.5  1 0.0057 0.0029 0.0034 0.0031 0.0035 0.9190 0.0039 0.0045 0.0044 0.0030 0.0073 0.0029 0.0043 0.0045 0.0035 0.0034 0.0049 0.0029 0.0029 0.0035 0.0031 0.0032 
      H539.6  1 0.0054 0.0043 0.0042 0.0036 0.0061 0.9065 0.0060 0.0038 0.0046 0.0030 0.0068 0.0048 0.0040 0.0055 0.0043 0.0035 0.0051 0.0038 0.0030 0.0028 0.0039 0.0049 
      H539.7  1 0.0034 0.0030 0.0034 0.0028 0.0043 0.9187 0.0057 0.0030 0.0036 0.0040 0.0038 0.0039 0.0039 0.0058 0.0039 0.0053 0.0045 0.0029 0.0028 0.0035 0.0039 0.0038 
      H539.8  1 0.0078 0.0121 0.0072 0.0055 0.0051 0.8215 0.0070 0.0125 0.0056 0.0062 0.0051 0.0043 0.0136 0.0052 0.0177 0.0136 0.0057 0.0148 0.0109 0.0045 0.0093 0.0047 
      H539.9  1 0.0067 0.0040 0.0037 0.0046 0.0062 0.8852 0.0043 0.0086 0.0046 0.0065 0.0068 0.0027 0.0042 0.0049 0.0036 0.0139 0.0046 0.0032 0.0051 0.0035 0.0082 0.0048 
      H540.1  1 0.0131 0.0049 0.0083 0.0096 0.0071 0.8016 0.0181 0.0094 0.0201 0.0145 0.0058 0.0043 0.0067 0.0116 0.0053 0.0091 0.0087 0.0089 0.0056 0.0066 0.0161 0.0044 
      H540.2  1 0.0062 0.0026 0.0051 0.0062 0.0042 0.8962 0.0062 0.0031 0.0071 0.0052 0.0037 0.0042 0.0065 0.0081 0.0037 0.0047 0.0063 0.0038 0.0029 0.0037 0.0061 0.0042 
      H540.3  1 0.0052 0.0099 0.0127 0.0195 0.0067 0.3470 0.0241 0.2151 0.0147 0.0578 0.0050 0.0165 0.0689 0.0542 0.0228 0.0244 0.0352 0.0048 0.0069 0.0120 0.0237 0.0129 
      H540.4  1 0.0053 0.0042 0.0056 0.0079 0.0071 0.8653 0.0088 0.0035 0.0109 0.0102 0.0035 0.0074 0.0062 0.0057 0.0057 0.0063 0.0057 0.0067 0.0051 0.0044 0.0096 0.0050 
      H540.5  1 0.0057 0.0090 0.0042 0.0129 0.0044 0.8085 0.0086 0.0184 0.0078 0.0093 0.0071 0.0071 0.0089 0.0099 0.0067 0.0246 0.0133 0.0047 0.0037 0.0088 0.0098 0.0065 
      H540.6  1 0.0136 0.0157 0.0076 0.0121 0.0072 0.7465 0.0077 0.0113 0.0212 0.0376 0.0091 0.0115 0.0077 0.0164 0.0090 0.0111 0.0130 0.0071 0.0048 0.0070 0.0154 0.0075 
      H540.7  1 0.0042 0.0046 0.0055 0.0070 0.0049 0.8698 0.0084 0.0038 0.0074 0.0068 0.0077 0.0057 0.0061 0.0076 0.0047 0.0055 0.0058 0.0071 0.0048 0.0089 0.0070 0.0069 
      H540.8  1 0.0062 0.0028 0.0101 0.0070 0.0093 0.8387 0.0218 0.0061 0.0071 0.0054 0.0039 0.0054 0.0083 0.0090 0.0057 0.0051 0.0103 0.0058 0.0037 0.0114 0.0125 0.0044 
     H9558.1  1 0.0089 0.0047 0.0047 0.0120 0.0073 0.8416 0.0102 0.0097 0.0042 0.0069 0.0048 0.0039 0.0067 0.0219 0.0057 0.0066 0.0105 0.0107 0.0064 0.0029 0.0030 0.0068 
     H9558.2  1 0.0100 0.0084 0.0062 0.0192 0.0059 0.7606 0.0081 0.0088 0.0073 0.0113 0.0157 0.0038 0.0068 0.0413 0.0115 0.0086 0.0149 0.0158 0.0156 0.0036 0.0048 0.0116 
     H9558.3  1 0.0105 0.0059 0.0048 0.0094 0.0054 0.8403 0.0066 0.0078 0.0090 0.0043 0.0129 0.0046 0.0110 0.0078 0.0059 0.0052 0.0056 0.0071 0.0141 0.0031 0.0062 0.0126 
     H9558.4  1 0.0056 0.0048 0.0032 0.0158 0.0120 0.8511 0.0118 0.0107 0.0048 0.0079 0.0051 0.0034 0.0044 0.0112 0.0056 0.0077 0.0071 0.0084 0.0064 0.0029 0.0031 0.0069 
     H9558.5  1 0.0032 0.0063 0.0027 0.0057 0.0061 0.8446 0.0094 0.0214 0.0049 0.0148 0.0032 0.0033 0.0060 0.0090 0.0046 0.0131 0.0037 0.0061 0.0098 0.0045 0.0095 0.0082 
     H9558.6  1 0.0088 0.0036 0.0053 0.0094 0.0051 0.7616 0.0083 0.0076 0.0071 0.0121 0.0453 0.0059 0.0148 0.0146 0.0074 0.0061 0.0124 0.0055 0.0087 0.0043 0.0382 0.0081 
    kos339.1  1 0.0049 0.0037 0.0035 0.0074 0.0069 0.0047 0.0077 0.0046 0.0135 0.0101 0.0161 0.0037 0.0054 0.0067 0.0060 0.0093 0.0052 0.0121 0.0043 0.8474 0.0075 0.0094 
    kos339.2  1 0.0039 0.0059 0.0054 0.0080 0.0063 0.0050 0.0031 0.0063 0.0051 0.0048 0.0101 0.0051 0.0068 0.0035 0.0035 0.0067 0.0043 0.0069 0.0062 0.8772 0.0077 0.0083 
    kos339.3  1 0.0033 0.0031 0.0046 0.0026 0.0056 0.0049 0.0056 0.0028 0.0035 0.0036 0.0044 0.0031 0.0035 0.0035 0.0031 0.0035 0.0033 0.0084 0.0037 0.9138 0.0051 0.0050 
    kos339.4  1 0.0030 0.0042 0.0052 0.0033 0.0073 0.0050 0.0044 0.0036 0.0047 0.0047 0.0052 0.0037 0.0046 0.0036 0.0046 0.0045 0.0038 0.0054 0.0036 0.9019 0.0054 0.0084 
    kos339.5  1 0.0038 0.0037 0.0036 0.0043 0.0058 0.0049 0.0086 0.0028 0.0109 0.0057 0.0080 0.0051 0.0042 0.0056 0.0049 0.0044 0.0050 0.0058 0.0036 0.8894 0.0051 0.0048 
    kos339.6  1 0.0040 0.0036 0.0053 0.0031 0.0031 0.0036 0.0044 0.0046 0.0048 0.0044 0.0056 0.0048 0.0044 0.0036 0.0031 0.0043 0.0034 0.0053 0.0038 0.9071 0.0066 0.0069 
    kos339.7  1 0.0032 0.0029 0.0044 0.0038 0.0049 0.0037 0.0046 0.0035 0.0042 0.0040 0.0061 0.0031 0.0036 0.0038 0.0032 0.0039 0.0038 0.0101 0.0028 0.9099 0.0050 0.0055 
    kos339.8  1 0.0028 0.0043 0.0045 0.0044 0.0057 0.0035 0.0046 0.0054 0.0064 0.0065 0.0046 0.0045 0.0043 0.0037 0.0050 0.0047 0.0038 0.0099 0.0048 0.8873 0.0072 0.0120 
    kos339.9  1 0.0050 0.0041 0.0068 0.0066 0.0123 0.0096 0.0073 0.0051 0.0086 0.0050 0.0088 0.0065 0.0049 0.0051 0.0039 0.0050 0.0110 0.0066 0.0057 0.8627 0.0043 0.0051 
      H008.1  2 0.0059 0.0107 0.0055 0.0277 0.0077 0.0817 0.0193 0.0060 0.0075 0.0141 0.6964 0.0075 0.0105 0.0167 0.0113 0.0135 0.0090 0.0108 0.0170 0.0059 0.0075 0.0079 
      H008.2  2 0.0300 0.0432 0.0124 0.2402 0.0123 0.1113 0.0711 0.0292 0.0121 0.0225 0.0570 0.0061 0.0113 0.0277 0.0281 0.0344 0.0208 0.0224 0.1654 0.0152 0.0161 0.0112 
      H008.3  2 0.0491 0.0703 0.0209 0.0359 0.0366 0.0800 0.1225 0.0279 0.0149 0.0439 0.0428 0.0113 0.0334 0.0259 0.0391 0.0127 0.0180 0.2218 0.0566 0.0076 0.0200 0.0089 
      H008.4  2 0.0232 0.0132 0.0112 0.0584 0.0080 0.0774 0.0151 0.0362 0.0127 0.0085 0.5336 0.0086 0.0170 0.0158 0.0232 0.0165 0.0306 0.0119 0.0219 0.0079 0.0124 0.0368 
      H008.5  2 0.0215 0.0119 0.0092 0.0267 0.0170 0.0265 0.0204 0.0121 0.0103 0.0103 0.6200 0.0065 0.0251 0.0098 0.0463 0.0111 0.0103 0.0408 0.0266 0.0121 0.0163 0.0094 
      H008.6  2 0.0367 0.0071 0.0152 0.1448 0.0090 0.0859 0.0507 0.0508 0.0190 0.0133 0.1535 0.0052 0.0222 0.0575 0.0308 0.0141 0.0269 0.0194 0.1859 0.0093 0.0284 0.0142 
      H008.7  2 0.0139 0.0750 0.0112 0.0890 0.0094 0.0692 0.0443 0.0593 0.0124 0.0312 0.2594 0.0166 0.0212 0.0297 0.0518 0.0224 0.0468 0.0240 0.0724 0.0136 0.0098 0.0174 
      H008.8  2 0.0155 0.0183 0.0100 0.3482 0.0159 0.2223 0.0116 0.0058 0.0102 0.0100 0.0867 0.0071 0.0098 0.0772 0.0084 0.0736 0.0184 0.0151 0.0131 0.0071 0.0079 0.0079 
      H008.9  2 0.0289 0.0103 0.0338 0.2921 0.0106 0.0512 0.0342 0.0942 0.0134 0.0115 0.0172 0.0086 0.0301 0.0735 0.0158 0.0128 0.0637 0.0221 0.1468 0.0077 0.0128 0.0087 
 H029.1_2002  2 0.0057 0.0101 0.0076 0.0254 0.0065 0.0316 0.0076 0.0225 0.0184 0.0078 0.6406 0.0047 0.0098 0.0367 0.0641 0.0184 0.0159 0.0039 0.0051 0.0053 0.0100 0.0423 
 H029.1_2003  2 0.0082 0.0046 0.0070 0.0435 0.0076 0.0111 0.0143 0.0110 0.0094 0.0165 0.0108 0.0045 0.0551 0.0146 0.6971 0.0227 0.0105 0.0162 0.0084 0.0054 0.0119 0.0097 
 H029.2_2002  2 0.0088 0.0228 0.0370 0.0112 0.0071 0.0088 0.0212 0.0534 0.0268 0.0123 0.4956 0.0042 0.0610 0.0047 0.0570 0.0189 0.0153 0.0671 0.0108 0.0430 0.0068 0.0059 
 H029.2_2003  2 0.0122 0.0058 0.0118 0.0260 0.0065 0.0059 0.0399 0.0231 0.0120 0.0240 0.0612 0.0036 0.0322 0.0055 0.4645 0.0464 0.0381 0.1195 0.0121 0.0260 0.0190 0.0046 
 H029.3_2002  2 0.0126 0.0175 0.0297 0.0307 0.0105 0.0061 0.0081 0.1632 0.0106 0.0170 0.1240 0.0039 0.0467 0.0070 0.0599 0.0852 0.0125 0.3043 0.0056 0.0217 0.0152 0.0080 
 H029.3_2003  2 0.0047 0.0067 0.0090 0.0362 0.0078 0.0060 0.0157 0.0062 0.0099 0.0206 0.2634 0.0040 0.0219 0.0037 0.4826 0.0177 0.0053 0.0214 0.0290 0.0087 0.0126 0.0069 
 H029.4_2002  2 0.0044 0.0122 0.0199 0.0113 0.0082 0.0040 0.0057 0.0192 0.0049 0.0138 0.7088 0.0056 0.0103 0.0065 0.1051 0.0209 0.0036 0.0062 0.0082 0.0063 0.0071 0.0077 
 H029.4_2003  2 0.0080 0.0085 0.0059 0.0191 0.0182 0.0157 0.0236 0.0129 0.0082 0.0203 0.0272 0.0037 0.0087 0.0108 0.6512 0.1089 0.0054 0.0088 0.0104 0.0059 0.0099 0.0089 
 H029.5_2002  2 0.0051 0.0113 0.0089 0.0082 0.0055 0.0072 0.0095 0.0067 0.0092 0.0051 0.7703 0.0077 0.0232 0.0077 0.0629 0.0077 0.0051 0.0043 0.0118 0.0054 0.0069 0.0106 
 H029.5_2003  2 0.0052 0.0044 0.0069 0.0418 0.0109 0.0055 0.0328 0.0075 0.0054 0.0165 0.1533 0.0034 0.0181 0.0103 0.5900 0.0339 0.0092 0.0072 0.0179 0.0058 0.0071 0.0069 
 H029.6_2002  2 0.0071 0.0206 0.0246 0.0183 0.0099 0.0049 0.0066 0.0601 0.0058 0.0194 0.2884 0.0056 0.0160 0.0053 0.4397 0.0250 0.0072 0.0109 0.0035 0.0062 0.0071 0.0080 
 H029.6_2003  2 0.0086 0.0099 0.0185 0.0236 0.0106 0.0180 0.0649 0.0070 0.0238 0.0188 0.3734 0.0072 0.0652 0.0108 0.1442 0.0402 0.0145 0.0506 0.0230 0.0441 0.0186 0.0047 
      H029.7  2 0.0134 0.0160 0.0460 0.0051 0.0071 0.0072 0.0106 0.0441 0.0138 0.0104 0.6513 0.0045 0.0177 0.0045 0.0462 0.0309 0.0136 0.0130 0.0066 0.0294 0.0043 0.0045 
      H030.1  2 0.0092 0.0108 0.0134 0.0156 0.0146 0.0051 0.0212 0.0053 0.1336 0.0373 0.0219 0.0386 0.0066 0.0120 0.0706 0.0146 0.0145 0.0133 0.0874 0.0124 0.4367 0.0053 
      H030.2  2 0.0039 0.1602 0.0078 0.0073 0.0217 0.0220 0.0129 0.0572 0.0112 0.0101 0.0741 0.0325 0.0035 0.0072 0.0275 0.0078 0.0093 0.0102 0.0363 0.0053 0.3130 0.1589 
      H038.1  2 0.0054 0.0042 0.0068 0.0084 0.0048 0.0071 0.0044 0.0255 0.0063 0.0073 0.8376 0.0029 0.0096 0.0104 0.0091 0.0131 0.0071 0.0049 0.0042 0.0063 0.0069 0.0077 
      H038.2  2 0.0031 0.0055 0.0044 0.0055 0.0074 0.0042 0.0072 0.0058 0.0117 0.0045 0.8466 0.0175 0.0065 0.0033 0.0067 0.0039 0.0116 0.0095 0.0072 0.0099 0.0061 0.0119 
      H038.3  2 0.0038 0.0068 0.0096 0.0089 0.0114 0.0090 0.0053 0.0358 0.0443 0.0062 0.7273 0.0148 0.0049 0.0085 0.0042 0.0129 0.0172 0.0079 0.0104 0.0107 0.0174 0.0225 
      H038.4  2 0.0040 0.0091 0.0098 0.0094 0.0078 0.0065 0.0040 0.0234 0.0255 0.0056 0.7895 0.0195 0.0099 0.0052 0.0042 0.0129 0.0126 0.0070 0.0087 0.0064 0.0051 0.0141 
      H038.5  2 0.0032 0.0119 0.0093 0.0262 0.0155 0.0093 0.0103 0.0299 0.0112 0.0113 0.7510 0.0077 0.0092 0.0054 0.0094 0.0249 0.0049 0.0059 0.0066 0.0167 0.0146 0.0055 
      H038.6  2 0.0036 0.0037 0.0032 0.0073 0.0082 0.0110 0.0119 0.0112 0.0072 0.0075 0.8499 0.0031 0.0056 0.0069 0.0072 0.0113 0.0058 0.0045 0.0047 0.0075 0.0112 0.0074 
      H038.7  2 0.0030 0.0028 0.0039 0.0068 0.0074 0.0140 0.0054 0.0117 0.0459 0.0076 0.7929 0.0047 0.0051 0.0048 0.0049 0.0163 0.0058 0.0135 0.0091 0.0064 0.0078 0.0204 
      H038.8  2 0.0034 0.0095 0.0073 0.0052 0.0140 0.0062 0.0047 0.0740 0.0161 0.0067 0.7468 0.0176 0.0062 0.0047 0.0042 0.0092 0.0172 0.0081 0.0053 0.0078 0.0116 0.0145 
      H041.1  2 0.0127 0.1077 0.0285 0.0044 0.0075 0.0091 0.0181 0.0276 0.0449 0.0170 0.1329 0.0283 0.0058 0.0127 0.3064 0.0947 0.0088 0.0057 0.0612 0.0475 0.0069 0.0118 
      H041.2  2 0.0054 0.0049 0.0156 0.0096 0.0041 0.0075 0.0052 0.0142 0.0147 0.0062 0.0535 0.0081 0.0201 0.0138 0.7311 0.0071 0.0096 0.0069 0.0221 0.0089 0.0056 0.0258 
      H041.4  2 0.0156 0.0123 0.0283 0.0125 0.0053 0.0197 0.0212 0.0258 0.0134 0.0095 0.1256 0.0129 0.0292 0.0189 0.5199 0.0372 0.0206 0.0070 0.0354 0.0097 0.0081 0.0119 
      H041.6  2 0.0351 0.0175 0.0262 0.0097 0.0075 0.0545 0.0176 0.0136 0.0160 0.0170 0.1577 0.0102 0.0192 0.0340 0.4490 0.0188 0.0293 0.0091 0.0201 0.0101 0.0109 0.0168 
 H042.1_2002  2 0.0080 0.0097 0.0134 0.0061 0.0261 0.0629 0.0148 0.0097 0.0074 0.0094 0.0073 0.0495 0.0091 0.0192 0.6661 0.0097 0.0248 0.0062 0.0050 0.0094 0.0068 0.0196 
 H042.1_2003  2 0.0127 0.0139 0.0220 0.0426 0.0160 0.0939 0.0415 0.0698 0.0450 0.0182 0.0580 0.0188 0.0233 0.0460 0.0390 0.0133 0.0809 0.0194 0.2549 0.0064 0.0237 0.0409 
 H042.2_2002  2 0.0082 0.0126 0.0090 0.0064 0.0176 0.0069 0.0269 0.0314 0.0055 0.0694 0.1004 0.0090 0.0368 0.0074 0.4627 0.0230 0.0091 0.0058 0.0078 0.0108 0.0050 0.1285 
 H042.2_2003  2 0.0100 0.0047 0.0542 0.0115 0.0098 0.1527 0.0263 0.0058 0.0161 0.0061 0.1242 0.0165 0.0458 0.0260 0.3756 0.0099 0.0217 0.0053 0.0253 0.0121 0.0087 0.0316 
 H042.3_2002  2 0.0095 0.0060 0.0351 0.0077 0.0631 0.0248 0.0290 0.0140 0.0085 0.0355 0.0100 0.0304 0.0181 0.0460 0.4424 0.0101 0.0102 0.0067 0.0160 0.0136 0.0145 0.1487 
 H042.3_2003  2 0.0117 0.0250 0.0237 0.0052 0.0884 0.0506 0.0855 0.0294 0.0091 0.0455 0.0260 0.0211 0.0119 0.0546 0.2846 0.0664 0.0121 0.0107 0.0314 0.0144 0.0109 0.0817 
 H042.4_2002  2 0.0054 0.0094 0.0138 0.0067 0.0049 0.0130 0.0160 0.0108 0.0076 0.0125 0.0198 0.0195 0.0181 0.0110 0.7359 0.0162 0.0258 0.0046 0.0072 0.0243 0.0095 0.0079 
 H042.4_2003  2 0.0227 0.0235 0.0321 0.0051 0.0105 0.0140 0.0138 0.0061 0.0373 0.0121 0.0701 0.0222 0.0094 0.0188 0.5567 0.0644 0.0306 0.0044 0.0141 0.0169 0.0084 0.0071 
      H042.5  2 0.0124 0.0050 0.0125 0.0040 0.0117 0.0072 0.0099 0.0024 0.0080 0.0054 0.0061 0.0071 0.0059 0.0070 0.8453 0.0111 0.0066 0.0049 0.0102 0.0080 0.0044 0.0051 
      H042.6  2 0.0297 0.0061 0.0074 0.0052 0.0309 0.0168 0.0082 0.0106 0.0103 0.0157 0.0152 0.0125 0.0052 0.0103 0.6547 0.1131 0.0161 0.0041 0.0045 0.0062 0.0050 0.0124 
