      H105.1  1 0.0383 0.3326 0.2525 0.2016 0.1750 
      H105.2  1 0.0707 0.1452 0.4061 0.2228 0.1552 
      H105.3  1 0.1063 0.3763 0.2046 0.1109 0.2020 
      H105.4  1 0.0681 0.0833 0.7028 0.0994 0.0464 
      H105.5  1 0.0909 0.0284 0.6755 0.0977 0.1075 
      H105.6  1 0.0936 0.1513 0.6449 0.0572 0.0529 
      H105.7  1 0.0305 0.4749 0.2578 0.1907 0.0461 
      H105.8  1 0.0604 0.6536 0.1029 0.0559 0.1273 
      H115.1  1 0.5424 0.1378 0.0578 0.1211 0.1409 
      H115.2  1 0.8135 0.0200 0.0490 0.0308 0.0867 
      H115.3  1 0.8456 0.0198 0.0665 0.0252 0.0429 
      H115.4  1 0.0624 0.0205 0.0298 0.0483 0.8391 
      H115.5  1 0.8381 0.0687 0.0312 0.0257 0.0363 
      H115.6  1 0.7440 0.0338 0.1257 0.0688 0.0277 
      H115.7  1 0.1505 0.0266 0.3893 0.3421 0.0915 
      H115.8  1 0.9253 0.0253 0.0187 0.0164 0.0143 
      H115.9  1 0.8609 0.0738 0.0207 0.0233 0.0213 
      H145.1  1 0.0494 0.0127 0.9042 0.0185 0.0152 
      H145.2  1 0.2999 0.0153 0.5819 0.0449 0.0580 
      H145.3  1 0.0566 0.3199 0.5466 0.0609 0.0160 
      H145.4  1 0.0360 0.0175 0.9008 0.0309 0.0149 
      H145.5  1 0.1326 0.0276 0.8001 0.0265 0.0133 
      H145.6  1 0.1613 0.0368 0.5900 0.1772 0.0346 
      H145.7  1 0.0173 0.0743 0.7944 0.0988 0.0152 
      H149.1  1 0.0144 0.0126 0.9471 0.0099 0.0160 
      H149.2  1 0.0080 0.0078 0.9633 0.0103 0.0106 
      H149.3  1 0.0135 0.0156 0.9117 0.0280 0.0312 
      H149.4  1 0.0208 0.0205 0.8413 0.0238 0.0936 
      H149.5  1 0.0094 0.0131 0.8681 0.0460 0.0634 
      H149.6  1 0.0076 0.0095 0.9485 0.0207 0.0136 
      H149.7  1 0.0177 0.0391 0.5682 0.1671 0.2080 
      H150.1  1 0.9507 0.0136 0.0118 0.0117 0.0122 
      H150.2  1 0.8655 0.0131 0.0407 0.0300 0.0507 
      H150.3  1 0.7278 0.0410 0.1184 0.0868 0.0259 
      H150.4  1 0.9425 0.0158 0.0161 0.0169 0.0086 
      H150.5  1 0.4852 0.0226 0.2700 0.1308 0.0915 
      H150.6  1 0.4974 0.0151 0.0890 0.1020 0.2965 
      H150.7  1 0.9469 0.0134 0.0211 0.0098 0.0088 
   H169607.1  1 0.1651 0.1613 0.2506 0.0900 0.3330 
   H169607.2  1 0.0225 0.0653 0.7730 0.0333 0.1060 
   H169607.3  1 0.0709 0.3398 0.2808 0.2126 0.0959 
   H169607.4  1 0.0191 0.0220 0.9105 0.0158 0.0326 
   H169607.5  1 0.0365 0.0621 0.8117 0.0279 0.0618 
   H169607.6  1 0.0203 0.1323 0.6751 0.0197 0.1526 
   H169607.7  1 0.0266 0.0896 0.1479 0.0243 0.7117 
   H169607.8  1 0.0178 0.1227 0.7868 0.0215 0.0512 
   H169633.1  1 0.0783 0.0612 0.7645 0.0502 0.0459 
   H169633.2  1 0.0438 0.2017 0.2218 0.0936 0.4391 
   H169633.3  1 0.0197 0.1343 0.6744 0.0487 0.1229 
   H169633.4  1 0.0594 0.0160 0.8715 0.0167 0.0364 
   H169633.5  1 0.0683 0.0214 0.8674 0.0159 0.0269 
   H169688.1  1 0.0124 0.4174 0.3321 0.0601 0.1780 
   H169688.2  1 0.0573 0.3976 0.0544 0.0903 0.4004 
   H169688.3  1 0.0318 0.0677 0.2274 0.2756 0.3975 
   H169688.4  1 0.5310 0.1046 0.0494 0.0592 0.2558 
   H169688.5  1 0.5645 0.0982 0.0447 0.0449 0.2477 
   H169688.6  1 0.0964 0.0967 0.0519 0.0424 0.7127 
   H169688.7  1 0.0443 0.1150 0.2463 0.0778 0.5167 
   H171901.1  1 0.5143 0.0221 0.0985 0.3318 0.0333 
   H171901.2  1 0.0232 0.0221 0.9278 0.0107 0.0161 
   H171901.3  1 0.0406 0.0345 0.7871 0.0414 0.0964 
   H171901.4  1 0.0196 0.0346 0.8074 0.0153 0.1232 
   H171901.5  1 0.0210 0.0163 0.7810 0.0156 0.1661 
   H171901.6  1 0.0242 0.0120 0.8352 0.0164 0.1122 
   H171901.7  1 0.0187 0.0253 0.7163 0.0185 0.2211 
   H171902.1  1 0.2898 0.0713 0.3202 0.0207 0.2980 
  H171902.10  1 0.0228 0.0163 0.6264 0.0095 0.3250 
   H171902.2  1 0.0570 0.6348 0.1171 0.0329 0.1582 
   H171902.3  1 0.0246 0.0280 0.3950 0.0181 0.5344 
   H171902.4  1 0.0566 0.0287 0.8924 0.0102 0.0121 
   H171902.6  1 0.0258 0.0159 0.7567 0.0086 0.1930 
   H171902.7  1 0.0727 0.0103 0.8604 0.0104 0.0462 
   H171902.8  1 0.0485 0.0191 0.6047 0.0155 0.3122 
   H171902.9  1 0.3236 0.0371 0.5715 0.0284 0.0395 
   H171903.1  1 0.0318 0.0572 0.7696 0.0468 0.0945 
   H171903.2  1 0.1444 0.2491 0.2901 0.0845 0.2319 
   H171903.3  1 0.0757 0.0596 0.5006 0.1456 0.2185 
   H171903.4  1 0.0416 0.0399 0.6227 0.2561 0.0397 
   H171903.5  1 0.0543 0.0522 0.1347 0.0676 0.6912 
   H171903.6  1 0.0246 0.0556 0.5725 0.0505 0.2968 
      H177.1  1 0.0186 0.0126 0.8449 0.0500 0.0740 
      H177.2  1 0.0332 0.1676 0.4646 0.0328 0.3019 
      H177.3  1 0.0301 0.0118 0.7620 0.0146 0.1815 
      H177.4  1 0.0193 0.0170 0.7495 0.0663 0.1478 
      H177.5  1 0.0342 0.0746 0.2542 0.5571 0.0798 
      H177.6  1 0.0463 0.0140 0.7661 0.0150 0.1586 
      H179.1  1 0.0224 0.0555 0.0194 0.0355 0.8672 
      H179.2  1 0.0127 0.0253 0.0156 0.0274 0.9189 
      H179.3  1 0.0375 0.2341 0.0187 0.0542 0.6556 
      H179.4  1 0.0097 0.0512 0.0510 0.0195 0.8685 
      H180.1  1 0.0914 0.0133 0.0129 0.0309 0.8515 
      H180.2  1 0.2128 0.0200 0.0222 0.0470 0.6980 
      H180.3  1 0.4181 0.0604 0.0125 0.0620 0.4469 
      H180.4  1 0.1190 0.0587 0.0570 0.2104 0.5549 
      H180.5  1 0.2255 0.1057 0.1056 0.0341 0.5292 
      H180.6  1 0.3101 0.5354 0.0717 0.0169 0.0658 
      H181.1  1 0.0416 0.1009 0.4486 0.0329 0.3760 
      H181.2  1 0.0533 0.1011 0.2189 0.0318 0.5949 
      H181.3  1 0.0413 0.4819 0.1961 0.0204 0.2603 
      H181.4  1 0.0351 0.0793 0.5217 0.1328 0.2311 
      H181.5  1 0.0330 0.4810 0.0540 0.0508 0.3812 
      H181.6  1 0.0413 0.0462 0.0760 0.0338 0.8026 
      H181.7  1 0.0293 0.1065 0.0509 0.0157 0.7976 
 H194.1_2004  1 0.0219 0.0151 0.9297 0.0190 0.0142 
 H194.2_2004  1 0.0167 0.0158 0.8418 0.1153 0.0104 
 H194.3_2004  1 0.0145 0.0124 0.9407 0.0152 0.0173 
 H194.4_2004  1 0.0172 0.0138 0.9332 0.0252 0.0106 
 H194.5_2004  1 0.0113 0.0223 0.9298 0.0199 0.0166 
 H194.6_2004  1 0.0156 0.0229 0.8198 0.0935 0.0483 
 H194.7_2004  1 0.0158 0.1409 0.7779 0.0512 0.0142 
 H194.8_2004  1 0.0162 0.0233 0.8020 0.1389 0.0197 
      H194.9  1 0.0248 0.0878 0.8464 0.0299 0.0111 
 H195.1_2003  1 0.0123 0.0232 0.8806 0.0307 0.0532 
 H195.1_2004  1 0.0416 0.0372 0.8437 0.0314 0.0460 
 H195.2_2003  1 0.0446 0.0844 0.7789 0.0166 0.0755 
 H195.2_2004  1 0.0257 0.1215 0.7771 0.0494 0.0263 
 H195.3_2003  1 0.0527 0.0507 0.7888 0.0561 0.0517 
 H195.3_2004  1 0.0132 0.0204 0.9382 0.0144 0.0139 
 H195.4_2003  1 0.0101 0.0125 0.9346 0.0230 0.0198 
 H195.4_2004  1 0.0117 0.4608 0.4365 0.0675 0.0234 
 H195.5_2003  1 0.0137 0.0274 0.8850 0.0388 0.0352 
 H195.5_2004  1 0.0179 0.0592 0.8537 0.0469 0.0223 
 H195.6_2003  1 0.0250 0.0537 0.8766 0.0165 0.0281 
 H195.6_2004  1 0.0146 0.0275 0.9172 0.0214 0.0193 
 H195.7_2003  1 0.0103 0.0975 0.6217 0.1217 0.1488 
 H195.7_2004  1 0.2356 0.0588 0.5630 0.0622 0.0804 
      H195.8  1 0.0347 0.2991 0.5039 0.1315 0.0307 
      H195.9  1 0.0164 0.0957 0.8235 0.0376 0.0268 
      H415.1  1 0.6746 0.0404 0.0969 0.0790 0.1091 
      H415.2  1 0.2656 0.0189 0.2460 0.0293 0.4403 
      H415.3  1 0.0231 0.0106 0.0811 0.0906 0.7945 
      H415.4  1 0.2681 0.0433 0.1119 0.1524 0.4244 
      H415.5  1 0.0270 0.0117 0.0651 0.0562 0.8401 
      H415.6  1 0.2447 0.0444 0.1228 0.1578 0.4302 
      H415.7  1 0.0494 0.0160 0.4188 0.0401 0.4757 
      H506.1  1 0.0123 0.0180 0.0143 0.0141 0.9413 
      H506.2  1 0.0156 0.0137 0.0428 0.0098 0.9180 
      H506.3  1 0.0741 0.0423 0.0110 0.0174 0.8553 
      H506.4  1 0.0316 0.0225 0.0144 0.0236 0.9080 
      H506.5  1 0.0262 0.0153 0.0241 0.0116 0.9227 
      H506.6  1 0.1278 0.0497 0.0209 0.0229 0.7787 
      H506.7  1 0.0215 0.0224 0.0321 0.0114 0.9127 
      H533.1  1 0.0110 0.0113 0.0103 0.0068 0.9606 
      H533.2  1 0.0162 0.0115 0.0145 0.0089 0.9489 
      H533.3  1 0.0147 0.0180 0.0121 0.0104 0.9449 
      H533.4  1 0.0266 0.0153 0.0291 0.0151 0.9138 
      H535.1  1 0.0185 0.0221 0.1400 0.0277 0.7917 
      H535.2  1 0.0078 0.2998 0.1936 0.0259 0.4728 
      H535.3  1 0.0242 0.3552 0.0894 0.0328 0.4985 
      H535.4  1 0.0086 0.0178 0.1408 0.0203 0.8124 
      H535.5  1 0.0107 0.0125 0.0401 0.0153 0.9214 
      H535.6  1 0.0207 0.0809 0.0939 0.1073 0.6972 
      H535.7  1 0.0115 0.0186 0.0146 0.0095 0.9458 
      H535.8  1 0.0127 0.0581 0.0290 0.0281 0.8721 
      H535.9  1 0.0354 0.0291 0.0769 0.0114 0.8472 
      H539.1  1 0.9649 0.0087 0.0135 0.0065 0.0064 
      H539.2  1 0.2963 0.1391 0.0492 0.0410 0.4745 
      H539.3  1 0.9049 0.0344 0.0237 0.0195 0.0174 
      H539.4  1 0.9437 0.0171 0.0086 0.0118 0.0188 
      H539.5  1 0.9442 0.0221 0.0164 0.0089 0.0083 
      H539.6  1 0.9263 0.0255 0.0252 0.0111 0.0120 
      H539.7  1 0.9419 0.0110 0.0205 0.0145 0.0121 
      H539.8  1 0.9204 0.0169 0.0233 0.0225 0.0169 
      H539.9  1 0.9656 0.0117 0.0068 0.0073 0.0086 
      H540.1  1 0.8730 0.0203 0.0666 0.0174 0.0228 
      H540.2  1 0.8656 0.0100 0.0847 0.0190 0.0208 
      H540.3  1 0.9325 0.0114 0.0219 0.0214 0.0127 
      H540.4  1 0.6812 0.0171 0.1454 0.0554 0.1009 
      H540.5  1 0.9312 0.0169 0.0230 0.0145 0.0144 
      H540.6  1 0.7480 0.1114 0.0799 0.0292 0.0315 
      H540.7  1 0.7085 0.0470 0.1465 0.0253 0.0726 
      H540.8  1 0.2849 0.0109 0.5721 0.0589 0.0732 
     H9558.1  1 0.9421 0.0094 0.0159 0.0146 0.0181 
     H9558.2  1 0.9338 0.0158 0.0140 0.0170 0.0193 
     H9558.3  1 0.9457 0.0153 0.0152 0.0119 0.0119 
     H9558.4  1 0.8830 0.0118 0.0188 0.0168 0.0697 
     H9558.5  1 0.9287 0.0087 0.0089 0.0164 0.0373 
     H9558.6  1 0.8459 0.0752 0.0294 0.0378 0.0118 
    kos339.1  1 0.0223 0.0689 0.3507 0.0237 0.5344 
    kos339.2  1 0.0380 0.1921 0.6120 0.0374 0.1206 
    kos339.3  1 0.0138 0.0214 0.7684 0.0144 0.1819 
    kos339.4  1 0.0130 0.0198 0.8019 0.0219 0.1434 
    kos339.5  1 0.0115 0.0329 0.8632 0.0192 0.0733 
    kos339.6  1 0.0159 0.0164 0.9188 0.0180 0.0309 
    kos339.7  1 0.0151 0.0335 0.4780 0.0137 0.4597 
    kos339.8  1 0.0159 0.0207 0.5994 0.0193 0.3448 
    kos339.9  1 0.0172 0.0185 0.9174 0.0131 0.0338 
      H008.1  2 0.0342 0.8936 0.0170 0.0222 0.0331 
      H008.2  2 0.3811 0.3195 0.0406 0.0293 0.2295 
      H008.3  2 0.2698 0.2883 0.0487 0.1079 0.2853 
      H008.4  2 0.1255 0.7744 0.0436 0.0348 0.0217 
      H008.5  2 0.0393 0.8842 0.0223 0.0273 0.0270 
      H008.6  2 0.4814 0.3345 0.0498 0.0436 0.0907 
      H008.7  2 0.1410 0.7418 0.0363 0.0280 0.0529 
      H008.8  2 0.5894 0.2596 0.0430 0.0249 0.0832 
      H008.9  2 0.8013 0.0497 0.0665 0.0272 0.0552 
 H029.1_2002  2 0.0596 0.8811 0.0144 0.0292 0.0156 
 H029.1_2003  2 0.0572 0.1658 0.0259 0.4073 0.3438 
 H029.2_2002  2 0.0197 0.9173 0.0178 0.0179 0.0274 
 H029.2_2003  2 0.0540 0.3865 0.0639 0.1277 0.3680 
 H029.3_2002  2 0.0353 0.8052 0.0295 0.0375 0.0924 
 H029.3_2003  2 0.0159 0.7821 0.0133 0.1170 0.0717 
 H029.4_2002  2 0.0149 0.9359 0.0091 0.0236 0.0164 
 H029.4_2003  2 0.1594 0.2450 0.0133 0.4753 0.1070 
 H029.5_2002  2 0.0138 0.9403 0.0113 0.0233 0.0114 
 H029.5_2003  2 0.0378 0.4712 0.0153 0.1928 0.2829 
 H029.6_2002  2 0.0157 0.9129 0.0111 0.0459 0.0144 
 H029.6_2003  2 0.0385 0.5963 0.0850 0.0922 0.1879 
      H029.7  2 0.0199 0.9387 0.0158 0.0119 0.0138 
      H030.1  2 0.0115 0.1611 0.0440 0.7401 0.0434 
      H030.2  2 0.1305 0.3387 0.0195 0.4658 0.0456 
      H038.1  2 0.0580 0.8949 0.0137 0.0203 0.0131 
      H038.2  2 0.0099 0.9486 0.0115 0.0126 0.0175 
      H038.3  2 0.0584 0.8542 0.0243 0.0294 0.0337 
      H038.4  2 0.0382 0.8967 0.0208 0.0261 0.0182 
      H038.5  2 0.0413 0.8764 0.0194 0.0214 0.0415 
      H038.6  2 0.0207 0.9332 0.0106 0.0134 0.0221 
      H038.7  2 0.0341 0.8990 0.0141 0.0166 0.0363 
      H038.8  2 0.0703 0.8653 0.0232 0.0214 0.0198 
      H041.1  2 0.0219 0.7245 0.0254 0.2097 0.0184 
      H041.2  2 0.0425 0.1397 0.0231 0.7768 0.0180 
      H041.4  2 0.1405 0.5512 0.0491 0.2361 0.0231 
      H041.6  2 0.1246 0.5964 0.0424 0.2201 0.0165 
 H042.1_2002  2 0.0358 0.0231 0.0680 0.8521 0.0209 
 H042.1_2003  2 0.6351 0.1252 0.0500 0.1009 0.0888 
 H042.2_2002  2 0.0468 0.3328 0.0189 0.4801 0.1214 
 H042.2_2003  2 0.0759 0.0759 0.1012 0.7250 0.0220 
 H042.3_2002  2 0.0483 0.0167 0.0355 0.8618 0.0376 
 H042.3_2003  2 0.2465 0.1140 0.0520 0.5173 0.0702 
 H042.4_2002  2 0.0353 0.0663 0.0929 0.7916 0.0139 
 H042.4_2003  2 0.0321 0.5561 0.1852 0.2146 0.0121 
      H042.5  2 0.0130 0.0221 0.0419 0.9081 0.0148 
      H042.6  2 0.0528 0.1340 0.0587 0.7216 0.0329 
      H042.7  2 0.0234 0.0457 0.0490 0.8518 0.0301 
      H042.8  2 0.0282 0.0231 0.0186 0.9154 0.0147 
   H042_2002  2 0.6374 0.1103 0.0902 0.1075 0.0545 
   H042_2003  2 0.6058 0.1178 0.1086 0.1183 0.0495 
      H043.1  2 0.8749 0.0520 0.0247 0.0151 0.0334 
      H043.2  2 0.9186 0.0270 0.0296 0.0121 0.0127 
      H043.3  2 0.6897 0.1929 0.0306 0.0174 0.0694 
      H043.4  2 0.8763 0.0539 0.0398 0.0128 0.0172 
      H043.5  2 0.9372 0.0267 0.0093 0.0119 0.0150 
      H043.6  2 0.9252 0.0351 0.0127 0.0122 0.0148 
      H043.7  2 0.8559 0.0400 0.0662 0.0221 0.0158 
      H043.8  2 0.5688 0.1745 0.0834 0.0476 0.1257 
      H043.9  2 0.7205 0.1616 0.0429 0.0224 0.0527 
      H047.1  2 0.1831 0.5939 0.0384 0.0195 0.1650 
      H047.2  2 0.0132 0.9052 0.0256 0.0181 0.0378 
      H047.3  2 0.0124 0.8961 0.0252 0.0305 0.0357 
      H047.4  2 0.0238 0.7225 0.0708 0.1171 0.0658 
      H047.5  2 0.0237 0.7679 0.0521 0.0649 0.0914 
      H047.6  2 0.0907 0.7418 0.0307 0.0593 0.0776 
      H047.7  2 0.1728 0.6304 0.0395 0.0448 0.1124 
      H047.8  2 0.0981 0.5588 0.0371 0.0443 0.2617 
      H047.9  2 0.0248 0.5676 0.2698 0.0286 0.1092 
 H071.1_2002  2 0.0308 0.9232 0.0166 0.0141 0.0154 
 H071.1_2003  2 0.0694 0.6924 0.0949 0.1263 0.0170 
     H071.10  2 0.0118 0.9493 0.0102 0.0144 0.0144 
 H071.2_2002  2 0.0271 0.9131 0.0212 0.0146 0.0241 
 H071.2_2003  2 0.0115 0.9626 0.0092 0.0090 0.0078 
      H071.3  2 0.0166 0.9091 0.0167 0.0282 0.0295 
 H071.4_2002  2 0.0258 0.8985 0.0174 0.0169 0.0414 
 H071.4_2003  2 0.0087 0.9389 0.0125 0.0095 0.0304 
 H071.5_2002  2 0.0114 0.9606 0.0080 0.0099 0.0101 
 H071.5_2003  2 0.0148 0.9119 0.0192 0.0157 0.0384 
 H071.6_2002  2 0.0116 0.9245 0.0165 0.0118 0.0357 
 H071.6_2003  2 0.0091 0.9489 0.0128 0.0141 0.0151 
 H071.7_2002  2 0.0137 0.9557 0.0110 0.0087 0.0110 
 H071.7_2003  2 0.0206 0.8996 0.0332 0.0219 0.0246 
      H071.8  2 0.0198 0.9292 0.0145 0.0168 0.0197 
      H071.9  2 0.0651 0.7854 0.0275 0.0654 0.0567 
 H081.1_2002  2 0.0115 0.9578 0.0111 0.0095 0.0101 
 H081.1_2003  2 0.6666 0.1473 0.0377 0.1081 0.0403 
 H081.2_2002  2 0.0138 0.9504 0.0182 0.0092 0.0083 
 H081.2_2003  2 0.0813 0.2089 0.0390 0.6309 0.0399 
 H081.3_2002  2 0.0147 0.9418 0.0188 0.0155 0.0092 
 H081.3_2003  2 0.5005 0.1258 0.1156 0.1534 0.1047 
 H081.4_2002  2 0.0149 0.9247 0.0215 0.0180 0.0209 
 H081.4_2003  2 0.2566 0.0895 0.1513 0.4072 0.0953 
 H081.5_2002  2 0.0153 0.9375 0.0180 0.0165 0.0127 
 H081.5_2003  2 0.3592 0.2183 0.1585 0.2256 0.0384 
      H081.6  2 0.0167 0.9399 0.0192 0.0103 0.0139 
      H081.7  2 0.0122 0.9435 0.0201 0.0141 0.0100 
      H081.8  2 0.0291 0.8542 0.0319 0.0516 0.0332 
      H083.1  2 0.0109 0.9488 0.0099 0.0123 0.0180 
      H083.2  2 0.0166 0.9469 0.0143 0.0089 0.0132 
      H083.4  2 0.0133 0.9447 0.0096 0.0120 0.0204 
      H083.5  2 0.0199 0.9490 0.0081 0.0119 0.0111 
      H083.6  2 0.0101 0.9505 0.0112 0.0115 0.0167 
      H083.7  2 0.0127 0.9530 0.0099 0.0092 0.0152 
      H083.8  2 0.0167 0.9460 0.0141 0.0101 0.0131 
      H083.9  2 0.0100 0.9617 0.0092 0.0094 0.0097 
      H084.1  2 0.0502 0.0293 0.0166 0.8797 0.0242 
      H084.2  2 0.0785 0.0393 0.0150 0.7996 0.0676 
      H084.3  2 0.0840 0.0279 0.0288 0.8308 0.0284 
      H084.4  2 0.1006 0.0197 0.0194 0.8336 0.0268 
      H084.5  2 0.0314 0.0136 0.0166 0.9170 0.0214 
      H084.6  2 0.0455 0.0308 0.0358 0.8676 0.0202 
      H084.7  2 0.0176 0.0193 0.0147 0.9105 0.0379 
      H084.8  2 0.0267 0.0111 0.0122 0.9334 0.0167 
 H085.1_2002  2 0.0668 0.8551 0.0474 0.0192 0.0114 
 H085.1_2003  2 0.0154 0.9053 0.0199 0.0296 0.0298 
 H085.2_2002  2 0.1004 0.6506 0.1397 0.0814 0.0279 
 H085.2_2003  2 0.0174 0.9108 0.0247 0.0265 0.0207 
 H085.3_2002  2 0.0289 0.4747 0.4111 0.0726 0.0127 
 H085.3_2003  2 0.0131 0.8969 0.0253 0.0446 0.0200 
 H085.4_2002  2 0.2319 0.6071 0.0681 0.0681 0.0248 
 H085.4_2003  2 0.0356 0.7184 0.0350 0.1989 0.0121 
 H085.5_2002  2 0.0752 0.4197 0.4189 0.0715 0.0148 
 H085.5_2003  2 0.0101 0.9521 0.0124 0.0138 0.0116 
 H085.6_2002  2 0.0519 0.7318 0.1647 0.0342 0.0174 
 H085.6_2003  2 0.0455 0.2331 0.4076 0.2882 0.0256 
 H085.7_2002  2 0.0332 0.7354 0.1654 0.0506 0.0154 
 H085.7_2003  2 0.0308 0.8746 0.0313 0.0382 0.0252 
 H085.8_2002  2 0.0718 0.2733 0.4253 0.2072 0.0224 
 H085.8_2003  2 0.0362 0.7542 0.0800 0.1094 0.0201 
      H085.9  2 0.1059 0.6836 0.1396 0.0591 0.0118 
      H088.1  2 0.0359 0.0302 0.0738 0.8241 0.0359 
      H088.2  2 0.0208 0.0336 0.0733 0.8349 0.0373 
      H088.3  2 0.0130 0.0227 0.0241 0.9076 0.0327 
      H088.4  2 0.0160 0.0119 0.0089 0.9356 0.0276 
      H088.5  2 0.0153 0.0113 0.0123 0.9479 0.0132 
      H088.6  2 0.0117 0.0209 0.0134 0.9269 0.0271 
      H088.7  2 0.0216 0.3214 0.0395 0.5718 0.0458 
      H088.8  2 0.0387 0.1176 0.0496 0.7157 0.0783 
      H091.1  2 0.0186 0.0787 0.0135 0.8616 0.0275 
      H091.2  2 0.0116 0.0901 0.0157 0.8327 0.0499 
      H109.1  2 0.2816 0.2431 0.0298 0.1177 0.3278 
      H109.2  2 0.1177 0.2327 0.1007 0.3505 0.1985 
      H109.3  2 0.0421 0.1218 0.1742 0.3362 0.3257 
      H109.4  2 0.2860 0.0872 0.0779 0.2622 0.2867 
      H109.5  2 0.0123 0.1156 0.1484 0.6742 0.0496 
      H109.6  2 0.2020 0.0853 0.1498 0.2199 0.3430 
      H126.1  2 0.3949 0.0417 0.2370 0.0406 0.2858 
      H126.2  2 0.1642 0.7071 0.0341 0.0147 0.0799 
      H126.3  2 0.0868 0.7318 0.0282 0.0262 0.1270 
      H126.4  2 0.4954 0.1057 0.0641 0.0450 0.2898 
      H126.5  2 0.1947 0.2614 0.2365 0.0188 0.2887 
      H126.6  2 0.0159 0.9336 0.0118 0.0090 0.0297 
      H126.7  2 0.0110 0.9104 0.0189 0.0155 0.0443 
      H130.1  2 0.1630 0.0540 0.5052 0.1948 0.0830 
      H130.2  2 0.0489 0.5200 0.0574 0.2887 0.0850 
      H130.3  2 0.0210 0.2303 0.1953 0.1163 0.4371 
      H130.4  2 0.4759 0.0504 0.2180 0.0869 0.1687 
      H130.5  2 0.0350 0.5224 0.1332 0.2849 0.0245 
      H133.1  2 0.5465 0.1105 0.0895 0.0900 0.1635 
      H133.2  2 0.1740 0.1037 0.3453 0.2827 0.0944 
      H133.3  2 0.1588 0.2271 0.2584 0.1748 0.1809 
      H133.4  2 0.6442 0.0651 0.1374 0.0561 0.0973 
      H133.5  2 0.1325 0.0607 0.1202 0.0724 0.6143 
      H133.6  2 0.2369 0.1355 0.1995 0.2070 0.2211 
      H133.7  2 0.4925 0.0899 0.2830 0.1029 0.0317 
      H133.8  2 0.5771 0.0863 0.0855 0.1093 0.1419 
      H133.9  2 0.4575 0.1143 0.0781 0.1104 0.2397 
      H147.1  2 0.0887 0.5047 0.0437 0.3521 0.0109 
      H147.2  2 0.0217 0.9422 0.0131 0.0161 0.0069 
      H147.3  2 0.0200 0.9274 0.0223 0.0177 0.0126 
      H147.4  2 0.0258 0.9260 0.0132 0.0241 0.0109 
      H147.5  2 0.0207 0.8240 0.0343 0.1061 0.0149 
      H147.6  2 0.0285 0.6691 0.0440 0.2238 0.0346 
      H147.7  2 0.0311 0.8977 0.0179 0.0400 0.0132 
      H147.8  2 0.0154 0.8953 0.0109 0.0638 0.0146 
      H147.9  2 0.0163 0.9396 0.0144 0.0182 0.0114 
      H148.1  2 0.7060 0.0475 0.0642 0.1305 0.0518 
      H148.2  2 0.6405 0.0891 0.1132 0.1200 0.0372 
      H148.3  2 0.0867 0.0237 0.7523 0.1200 0.0172 
      H148.4  2 0.4967 0.0361 0.3209 0.0958 0.0505 
      H148.5  2 0.3107 0.0416 0.2909 0.3016 0.0553 
      H148.6  2 0.6100 0.0706 0.1978 0.1007 0.0209 
      H148.7  2 0.2507 0.0254 0.1621 0.4312 0.1307 
      H148.8  2 0.1732 0.0171 0.6910 0.1084 0.0103 
      H148.9  2 0.7170 0.0342 0.0985 0.0693 0.0810 
   H166022.1  2 0.0110 0.0777 0.0254 0.8758 0.0101 
   H166022.2  2 0.0161 0.0861 0.0651 0.7969 0.0358 
   H166022.3  2 0.0117 0.0315 0.0475 0.8728 0.0366 
   H166022.4  2 0.0102 0.0212 0.0230 0.9089 0.0366 
   H166022.5  2 0.0120 0.0495 0.0337 0.8585 0.0463 
   H166022.6  2 0.0347 0.0270 0.0265 0.8948 0.0169 
   H166022.7  2 0.1939 0.0118 0.0125 0.0124 0.7694 
   H166022.8  2 0.0285 0.1971 0.1327 0.6066 0.0351 
   H167397.1  2 0.7007 0.0481 0.0213 0.2024 0.0275 
   H167397.2  2 0.7909 0.0777 0.0489 0.0364 0.0462 
   H167397.3  2 0.8276 0.0528 0.0235 0.0763 0.0199 
   H167397.4  2 0.5670 0.1469 0.0917 0.1609 0.0336 
   H167397.5  2 0.8981 0.0317 0.0186 0.0350 0.0167 
   H167397.6  2 0.8593 0.0388 0.0217 0.0551 0.0251 
   H167496.1  2 0.0133 0.0736 0.4976 0.3238 0.0917 
   H167496.2  2 0.0375 0.1249 0.3636 0.2947 0.1793 
   H167496.3  2 0.0238 0.3164 0.5689 0.0712 0.0198 
   H167496.4  2 0.0133 0.0524 0.0133 0.9003 0.0207 
   H167496.6  2 0.0260 0.0534 0.0227 0.8236 0.0743 
   H167496.7  2 0.0266 0.0544 0.6174 0.2346 0.0670 
   H167496.8  2 0.0198 0.0876 0.0254 0.8307 0.0365 
   H167513.1  2 0.3515 0.1841 0.0648 0.0797 0.3199 
   H167513.2  2 0.6421 0.0353 0.1560 0.1164 0.0502 
   H167513.3  2 0.0950 0.0530 0.0556 0.0892 0.7071 
   H167513.4  2 0.1107 0.3345 0.0433 0.3877 0.1238 
   H167513.5  2 0.7210 0.0724 0.0666 0.0891 0.0508 
   H167513.6  2 0.2651 0.1649 0.1719 0.2404 0.1577 
   H167513.7  2 0.3185 0.3960 0.0395 0.0502 0.1959 
   H167513.8  2 0.2717 0.0339 0.0209 0.0335 0.6400 
   H167547.1  2 0.1759 0.0294 0.4765 0.2850 0.0332 
   H167547.2  2 0.0873 0.0255 0.0798 0.7919 0.0155 
   H167547.3  2 0.0612 0.0198 0.0853 0.8163 0.0173 
   H167547.4  2 0.2891 0.0679 0.2394 0.3605 0.0432 
   H167547.5  2 0.0197 0.0102 0.0162 0.9440 0.0099 
   H167547.6  2 0.0159 0.0104 0.0141 0.9490 0.0106 
   H167547.7  2 0.0533 0.0317 0.8639 0.0253 0.0258 
   H169750.1  2 0.0339 0.0714 0.5851 0.0874 0.2222 
   H169750.2  2 0.3475 0.1099 0.0862 0.3949 0.0615 
   H169750.3  2 0.0187 0.0893 0.4200 0.2161 0.2559 
   H169750.4  2 0.3267 0.0466 0.3148 0.0756 0.2363 
   H169750.5  2 0.0557 0.2647 0.3307 0.1233 0.2256 
   H169750.6  2 0.0657 0.5570 0.0627 0.2208 0.0938 
   H169750.7  2 0.0864 0.1082 0.3998 0.0975 0.3081 
   H171929.1  2 0.8231 0.0326 0.0686 0.0510 0.0247 
  H171929.10  2 0.3281 0.1517 0.1222 0.3758 0.0223 
  H171929.11  2 0.8907 0.0236 0.0319 0.0308 0.0231 
   H171929.2  2 0.5341 0.0799 0.2178 0.0835 0.0848 
   H171929.3  2 0.7274 0.0499 0.0604 0.0972 0.0651 
   H171929.4  2 0.0520 0.1736 0.6224 0.0986 0.0534 
   H171929.5  2 0.7430 0.0415 0.0362 0.0491 0.1301 
   H171929.6  2 0.8897 0.0149 0.0147 0.0165 0.0642 
   H171929.7  2 0.4419 0.1463 0.2888 0.0370 0.0860 
   H171929.8  2 0.4433 0.0630 0.4228 0.0305 0.0404 
   H171929.9  2 0.0703 0.4168 0.3439 0.1115 0.0575 
   H171930.1  2 0.0903 0.0181 0.0174 0.2638 0.6104 
   H171930.2  2 0.0413 0.0291 0.0326 0.8262 0.0707 
   H171930.3  2 0.0337 0.0140 0.0191 0.6218 0.3114 
   H171930.4  2 0.0155 0.0138 0.0133 0.7625 0.1949 
   H171930.5  2 0.2011 0.0678 0.0587 0.2585 0.4139 
   H171930.6  2 0.0255 0.0425 0.0325 0.6014 0.2981 
   H171930.7  2 0.1252 0.0308 0.0329 0.5709 0.2402 
   H171930.8  2 0.0754 0.0272 0.0351 0.7224 0.1399 
   H171933.1  2 0.0584 0.6351 0.0695 0.2060 0.0309 
   H171933.2  2 0.0512 0.6579 0.0462 0.2178 0.0270 
   H171933.3  2 0.0474 0.2538 0.1336 0.5356 0.0296 
   H171933.4  2 0.0336 0.2453 0.3893 0.2671 0.0648 
   H171933.5  2 0.1657 0.0518 0.4651 0.2103 0.1070 
   H171933.6  2 0.0126 0.8484 0.0207 0.0931 0.0251 
   H171933.7  2 0.0798 0.4872 0.0686 0.3255 0.0389 
   H171933.8  2 0.1191 0.5449 0.1340 0.1632 0.0389 
   H171933.9  2 0.0143 0.5306 0.0811 0.3069 0.0671 
      H190.1  2 0.0174 0.0908 0.2502 0.4012 0.2404 
      H190.2  2 0.0364 0.0395 0.2312 0.6741 0.0188 
      H190.3  2 0.1443 0.0540 0.2024 0.5693 0.0300 
      H190.4  2 0.0260 0.1023 0.6230 0.1892 0.0595 
      H190.5  2 0.0356 0.0855 0.0971 0.7236 0.0582 
      H190.6  2 0.0276 0.0667 0.6805 0.1875 0.0378 
      H190.7  2 0.0519 0.0262 0.8388 0.0691 0.0140 
      H190.8  2 0.0278 0.0931 0.2668 0.4880 0.1243 
      H190.9  2 0.0525 0.0430 0.5542 0.3287 0.0215 
      H400.1  2 0.0497 0.0863 0.0166 0.8102 0.0372 
      H400.2  2 0.0342 0.2068 0.0085 0.7226 0.0280 
      H400.3  2 0.0521 0.0890 0.0447 0.7139 0.1003 
      H400.4  2 0.0100 0.0354 0.0091 0.9032 0.0423 
      H400.5  2 0.0591 0.3176 0.0555 0.4466 0.1212 
      H400.6  2 0.0142 0.0507 0.0146 0.8917 0.0287 
      H400.7  2 0.0189 0.0325 0.0245 0.9042 0.0199 
 H428.1_2005  2 0.0143 0.9344 0.0148 0.0117 0.0248 
 H428.1_2006  2 0.0081 0.9436 0.0208 0.0119 0.0156 
 H428.2_2005  2 0.0230 0.8477 0.0316 0.0636 0.0342 
 H428.2_2006  2 0.0088 0.9535 0.0104 0.0155 0.0117 
 H428.3_2005  2 0.0066 0.9221 0.0232 0.0243 0.0239 
 H428.3_2006  2 0.0136 0.9306 0.0130 0.0235 0.0193 
 H428.4_2005  2 0.0084 0.9043 0.0356 0.0205 0.0313 
 H428.4_2006  2 0.0064 0.9652 0.0122 0.0064 0.0098 
 H428.5_2005  2 0.0169 0.9537 0.0086 0.0127 0.0081 
 H428.6_2005  2 0.0078 0.9147 0.0313 0.0124 0.0338 
 H428.6_2006  2 0.0100 0.9284 0.0135 0.0102 0.0379 
      H428.7  2 0.0089 0.9567 0.0085 0.0130 0.0130 
      H428.8  2 0.0144 0.9313 0.0106 0.0213 0.0224 
      H428.9  2 0.0266 0.9259 0.0120 0.0222 0.0133 
      H453.1  2 0.0116 0.1173 0.0194 0.8076 0.0440 
      H453.2  2 0.0104 0.0252 0.0162 0.9212 0.0269 
      H453.3  2 0.0084 0.0608 0.0480 0.8713 0.0115 
      H453.4  2 0.0073 0.0339 0.0127 0.9308 0.0153 
      H453.5  2 0.0089 0.1195 0.0125 0.8381 0.0210 
      H453.6  2 0.0074 0.1930 0.0096 0.7722 0.0177 
      H453.7  2 0.0230 0.5100 0.2980 0.1376 0.0313 
      H453.8  2 0.0275 0.2547 0.1584 0.5387 0.0208 
      H453.9  2 0.0111 0.9093 0.0157 0.0446 0.0194 
      H512.1  2 0.0142 0.6883 0.0397 0.1884 0.0694 
     H512.10  2 0.0838 0.5787 0.0718 0.1060 0.1596 
      H512.2  2 0.0394 0.4356 0.0595 0.2864 0.1791 
      H512.3  2 0.0226 0.0733 0.0694 0.0949 0.7398 
      H512.4  2 0.0356 0.5876 0.0410 0.2970 0.0389 
      H512.5  2 0.0174 0.0468 0.0548 0.0369 0.8441 
      H512.6  2 0.0166 0.0609 0.2511 0.1870 0.4844 
      H512.7  2 0.0157 0.0474 0.0275 0.0567 0.8527 
      H512.8  2 0.0240 0.0450 0.0472 0.6118 0.2720 
      H512.9  2 0.0338 0.3114 0.0800 0.0350 0.5399 
      H513.1  2 0.0161 0.9401 0.0092 0.0248 0.0098 
      H513.2  2 0.0318 0.8965 0.0129 0.0488 0.0100 
      H513.3  2 0.0173 0.9212 0.0124 0.0268 0.0224 
      H513.4  2 0.0109 0.8483 0.0251 0.0919 0.0237 
      H513.5  2 0.0152 0.9288 0.0097 0.0190 0.0272 
      H513.6  2 0.4363 0.3734 0.0282 0.1163 0.0458 
      H532.1  2 0.0229 0.8907 0.0210 0.0222 0.0432 
      H532.2  2 0.0224 0.7680 0.0639 0.1282 0.0175 
      H532.3  2 0.0171 0.5768 0.1416 0.2414 0.0231 
      H532.4  2 0.0264 0.9101 0.0305 0.0196 0.0134 
      H532.5  2 0.0341 0.8725 0.0276 0.0283 0.0375 
      H532.6  2 0.0295 0.8522 0.0325 0.0659 0.0199 
      H532.7  2 0.0178 0.9211 0.0173 0.0217 0.0221 
      H532.8  2 0.0258 0.8859 0.0265 0.0242 0.0376 
      H543.1  2 0.9425 0.0108 0.0135 0.0233 0.0099 
      H543.2  2 0.7475 0.0732 0.0518 0.1022 0.0253 
      H543.3  2 0.9146 0.0307 0.0170 0.0222 0.0156 
      H543.4  2 0.9521 0.0106 0.0138 0.0135 0.0100 
      H543.5  2 0.9511 0.0135 0.0115 0.0126 0.0112 
      H543.6  2 0.9184 0.0209 0.0300 0.0181 0.0126 
      H543.7  2 0.9665 0.0082 0.0083 0.0092 0.0078 
      H543.8  2 0.7955 0.1345 0.0150 0.0275 0.0275 
      H543.9  2 0.9167 0.0265 0.0187 0.0252 0.0129 
 H545.1_2005  2 0.9752 0.0067 0.0054 0.0052 0.0076 
 H545.1_2006  2 0.9552 0.0156 0.0092 0.0102 0.0098 
 H545.2_2005  2 0.9544 0.0103 0.0082 0.0090 0.0181 
 H545.2_2006  2 0.9569 0.0125 0.0075 0.0108 0.0122 
 H545.3_2005  2 0.9450 0.0097 0.0106 0.0175 0.0171 
 H545.3_2006  2 0.9677 0.0111 0.0052 0.0062 0.0099 
 H545.4_2005  2 0.9511 0.0111 0.0146 0.0106 0.0126 
 H545.4_2006  2 0.9693 0.0077 0.0072 0.0077 0.0080 
 H545.5_2005  2 0.9536 0.0154 0.0068 0.0081 0.0162 
 H545.5_2006  2 0.9351 0.0153 0.0123 0.0147 0.0226 
 H545.6_2005  2 0.9674 0.0062 0.0065 0.0087 0.0113 
 H545.6_2006  2 0.9596 0.0091 0.0084 0.0105 0.0124 
 H545.7_2005  2 0.9530 0.0145 0.0061 0.0094 0.0170 
 H545.7_2006  2 0.9616 0.0119 0.0073 0.0086 0.0106 
 H545.8_2005  2 0.9400 0.0235 0.0108 0.0123 0.0134 
 H545.8_2006  2 0.9601 0.0102 0.0092 0.0087 0.0118 
      H545.9  2 0.9538 0.0107 0.0115 0.0094 0.0145 
      H547.1  2 0.0173 0.0193 0.0358 0.9122 0.0154 
      H547.2  2 0.0237 0.0244 0.0236 0.9150 0.0132 
      H547.3  2 0.0431 0.0147 0.0736 0.8320 0.0366 
      H547.4  2 0.0551 0.0273 0.0352 0.8569 0.0255 
      H547.5  2 0.0112 0.0143 0.0287 0.9341 0.0116 
      H547.6  2 0.0234 0.0107 0.0170 0.9389 0.0101 
      H547.7  2 0.0748 0.0136 0.0334 0.8456 0.0327 
      H547.8  2 0.0258 0.0139 0.0363 0.9074 0.0166 
      H548.1  2 0.9630 0.0084 0.0088 0.0093 0.0105 
      H548.2  2 0.9315 0.0112 0.0219 0.0135 0.0220 
      H548.3  2 0.9519 0.0114 0.0105 0.0105 0.0157 
      H548.4  2 0.9004 0.0242 0.0219 0.0127 0.0407 
      H548.5  2 0.9660 0.0078 0.0087 0.0094 0.0081 
      H548.6  2 0.9575 0.0093 0.0104 0.0073 0.0156 
      H548.7  2 0.9446 0.0185 0.0119 0.0110 0.0141 
      H548.8  2 0.9616 0.0104 0.0095 0.0085 0.0100 
      H548.9  2 0.9362 0.0126 0.0164 0.0190 0.0157 
     H7389.1  2 0.0106 0.9033 0.0128 0.0500 0.0233 
     H7389.2  2 0.0399 0.8407 0.0102 0.0950 0.0142 
     H7389.3  2 0.0119 0.9115 0.0079 0.0513 0.0174 
     H7389.4  2 0.0308 0.9232 0.0119 0.0159 0.0182 
     H7389.5  2 0.0275 0.8866 0.0179 0.0235 0.0447 
     H7389.6  2 0.0125 0.7392 0.0284 0.0317 0.1883 
     H7389.7  2 0.0176 0.8928 0.0128 0.0503 0.0266 
     H7389.8  2 0.2742 0.6285 0.0182 0.0283 0.0507 
     H7389.9  2 0.0272 0.9170 0.0182 0.0149 0.0227 
      H747.1  2 0.0277 0.0759 0.4124 0.0959 0.3880 
      H747.2  2 0.0405 0.0154 0.0255 0.0235 0.8951 
      H747.3  2 0.0312 0.0240 0.1731 0.0829 0.6889 
      H747.4  2 0.0234 0.0224 0.0824 0.0745 0.7973 
      H747.5  2 0.0168 0.0115 0.0317 0.0184 0.9216 
      H747.6  2 0.0752 0.0351 0.0270 0.0689 0.7938 
      H747.7  2 0.0506 0.0241 0.1070 0.0376 0.7806 
     H7484.1  2 0.0150 0.9160 0.0193 0.0156 0.0341 
     H7484.2  2 0.1061 0.4189 0.1702 0.2353 0.0695 
     H7484.3  2 0.1045 0.4756 0.1649 0.1352 0.1197 
     H7484.4  2 0.0266 0.7733 0.0509 0.0581 0.0912 
     H7484.5  2 0.0759 0.6011 0.0427 0.1093 0.1710 
     H7484.6  2 0.0237 0.0877 0.3207 0.0945 0.4734 
     H7484.7  2 0.0352 0.5065 0.2411 0.0253 0.1918 
     H7484.8  2 0.0112 0.8938 0.0226 0.0254 0.0469 
     H7485.1  2 0.9230 0.0245 0.0243 0.0153 0.0130 
     H7485.2  2 0.9505 0.0170 0.0111 0.0100 0.0113 
     H7485.3  2 0.9678 0.0079 0.0077 0.0073 0.0093 
     H7485.4  2 0.9616 0.0131 0.0070 0.0094 0.0090 
     H7485.5  2 0.9562 0.0163 0.0100 0.0094 0.0081 
     H7485.6  2 0.8662 0.0548 0.0314 0.0163 0.0315 
     H7485.7  2 0.9594 0.0107 0.0114 0.0095 0.0090 
     H7496.1  2 0.0155 0.4657 0.0955 0.3519 0.0714 
    H7496.10  2 0.0117 0.0665 0.0259 0.8811 0.0149 
    H7496.11  2 0.7901 0.0995 0.0329 0.0352 0.0423 
     H7496.2  2 0.0180 0.0490 0.0349 0.8587 0.0394 
     H7496.3  2 0.0383 0.6879 0.0532 0.1579 0.0626 
     H7496.4  2 0.0098 0.0175 0.0151 0.9400 0.0176 
     H7496.5  2 0.0221 0.0393 0.0186 0.8559 0.0641 
     H7496.6  2 0.0166 0.0537 0.0264 0.8337 0.0695 
     H7496.7  2 0.0116 0.0595 0.0225 0.8837 0.0227 
     H7496.8  2 0.0278 0.0780 0.0513 0.8085 0.0343 
        UNK4  2 0.4372 0.2007 0.1060 0.1653 0.0908 
        UNK5  2 0.1953 0.6795 0.0191 0.0867 0.0194 
        UNK6  2 0.1326 0.4984 0.0422 0.2728 0.0540 
        UNK7  2 0.2163 0.7040 0.0124 0.0531 0.0141 
        UNK8  2 0.5285 0.3871 0.0177 0.0493 0.0174 
        UNK9  2 0.2229 0.6443 0.0230 0.0733 0.0364 
      H009.1  4 0.0205 0.0118 0.9467 0.0107 0.0103 
      H009.2  4 0.0313 0.0114 0.8882 0.0199 0.0492 
      H009.3  4 0.0185 0.0127 0.9450 0.0116 0.0122 
      H009.4  4 0.0154 0.0167 0.9292 0.0096 0.0292 
      H009.5  4 0.0711 0.0171 0.8652 0.0127 0.0338 
      H009.6  4 0.0509 0.0176 0.8869 0.0316 0.0131 
      H046.4  4 0.3835 0.2285 0.1830 0.0782 0.1269 
      H046.8  4 0.1790 0.0626 0.5490 0.0829 0.1264 
 H076.1_2002  4 0.0109 0.0082 0.0070 0.9648 0.0091 
 H076.1_2003  4 0.0124 0.0098 0.0105 0.9567 0.0105 
 H076.1_2004  4 0.0154 0.0099 0.0202 0.9406 0.0139 
 H076.2_2002  4 0.0095 0.0075 0.0091 0.9643 0.0096 
 H076.2_2003  4 0.0166 0.0089 0.0117 0.9524 0.0103 
 H076.2_2004  4 0.0190 0.0154 0.0314 0.8447 0.0895 
 H076.3_2002  4 0.0171 0.0282 0.6034 0.2085 0.1428 
 H076.3_2003  4 0.0250 0.0099 0.0092 0.9461 0.0099 
 H076.3_2004  4 0.0186 0.0185 0.0238 0.9293 0.0098 
 H076.4_2002  4 0.0271 0.0368 0.3432 0.5118 0.0811 
 H076.4_2003  4 0.0191 0.0083 0.0174 0.9367 0.0185 
 H076.4_2004  4 0.0231 0.0190 0.1492 0.5325 0.2761 
 H076.5_2002  4 0.0084 0.0114 0.0163 0.9540 0.0100 
 H076.5_2003  4 0.0554 0.0095 0.0193 0.8905 0.0253 
 H076.5_2004  4 0.0225 0.0493 0.1955 0.6943 0.0384 
 H076.6_2002  4 0.0274 0.0364 0.0470 0.8712 0.0181 
 H076.6_2003  4 0.0168 0.0069 0.0090 0.9593 0.0080 
 H076.6_2004  4 0.0125 0.0117 0.0654 0.8578 0.0526 
 H076.7_2002  4 0.0389 0.0360 0.6265 0.1264 0.1723 
 H076.7_2003  4 0.0238 0.0111 0.0241 0.9138 0.0272 
 H076.7_2004  4 0.0201 0.0138 0.0933 0.7789 0.0939 
      H477.1  4 0.0262 0.0398 0.0983 0.2572 0.5785 
      H477.2  4 0.0157 0.0789 0.0974 0.0685 0.7395 
      H477.3  4 0.0289 0.0510 0.0252 0.0326 0.8623 
      H477.4  4 0.1158 0.0276 0.0163 0.0476 0.7927 
      H477.5  4 0.0486 0.0296 0.0528 0.0333 0.8356 
      H477.6  4 0.0354 0.0488 0.0252 0.0183 0.8723 
      H477.7  4 0.1572 0.0158 0.0164 0.1130 0.6977 
 H479.1_2005  4 0.0129 0.5274 0.0190 0.0158 0.4248 
 H479.1_2006  4 0.1222 0.1420 0.2846 0.0406 0.4106 
     H479.10  4 0.0304 0.1960 0.0678 0.0617 0.6441 
 H479.2_2005  4 0.0517 0.7775 0.0499 0.0484 0.0725 
 H479.2_2006  4 0.0379 0.2258 0.0369 0.0124 0.6870 
 H479.3_2005  4 0.0084 0.2295 0.0254 0.0311 0.7056 
 H479.3_2006  4 0.0103 0.0951 0.0739 0.0473 0.7734 
 H479.4_2005  4 0.0135 0.0866 0.0233 0.0201 0.8564 
 H479.4_2006  4 0.0087 0.2465 0.0123 0.0298 0.7027 
 H479.5_2005  4 0.0406 0.6925 0.0337 0.0363 0.1968 
 H479.5_2006  4 0.0081 0.0671 0.0151 0.0149 0.8947 
 H479.6_2005  4 0.0421 0.1182 0.1061 0.0750 0.6586 
 H479.6_2006  4 0.0160 0.7356 0.0100 0.0333 0.2052 
 H479.7_2005  4 0.0234 0.5569 0.0392 0.0572 0.3234 
 H479.7_2006  4 0.0244 0.1391 0.0189 0.0550 0.7625 
 H479.8_2005  4 0.0106 0.6484 0.0170 0.0331 0.2909 
 H479.8_2006  4 0.0472 0.0216 0.0324 0.0250 0.8738 
      H479.9  4 0.0091 0.0139 0.0356 0.0160 0.9254 
      H516.1  4 0.0730 0.0210 0.6240 0.0904 0.1917 
      H516.2  4 0.0321 0.0166 0.0232 0.0126 0.9156 
      H516.3  4 0.1275 0.0145 0.0527 0.0177 0.7876 
      H516.4  4 0.0537 0.0219 0.0920 0.0168 0.8155 
      H516.5  4 0.1061 0.0105 0.3612 0.0491 0.4731 
      H516.6  4 0.0430 0.0089 0.0125 0.0084 0.9273 
      H516.7  4 0.0182 0.0425 0.1199 0.0407 0.7788 
      H516.8  4 0.0623 0.0116 0.5213 0.0349 0.3699 
      H516.9  4 0.0279 0.0271 0.1035 0.0267 0.8148 
      H646.1  4 0.0149 0.0725 0.4758 0.2287 0.2081 
      H646.2  4 0.0092 0.0142 0.4793 0.2329 0.2644 
      H646.3  4 0.0089 0.0109 0.9201 0.0149 0.0453 
      H646.4  4 0.0141 0.0145 0.2382 0.6527 0.0805 
      H646.5  4 0.0165 0.0185 0.5158 0.1032 0.3460 
      H658.1  4 0.2303 0.0195 0.3782 0.0167 0.3552 
     H658.10  4 0.0126 0.0118 0.2959 0.0172 0.6626 
      H658.2  4 0.0931 0.0294 0.5032 0.0646 0.3097 
      H658.3  4 0.0234 0.0463 0.1873 0.0331 0.7098 
      H658.4  4 0.0133 0.0346 0.1770 0.0209 0.7542 
      H658.5  4 0.0100 0.0238 0.0728 0.0179 0.8755 
      H658.6  4 0.0181 0.0148 0.6634 0.0209 0.2829 
      H658.7  4 0.0139 0.0171 0.8370 0.0365 0.0954 
      H658.8  4 0.0445 0.0091 0.8727 0.0280 0.0456 
      H658.9  4 0.0354 0.0398 0.4143 0.0520 0.4585 
      H682.1  4 0.0269 0.5578 0.0830 0.2026 0.1297 
      H682.6  4 0.1993 0.3067 0.2421 0.1183 0.1336 
      H720.1  4 0.0123 0.0394 0.0251 0.7514 0.1718 
      H720.2  4 0.0147 0.0461 0.0481 0.3956 0.4956 
      H720.3  4 0.0167 0.0583 0.0774 0.6024 0.2452 
      H720.4  4 0.0303 0.0422 0.0911 0.1225 0.7139 
      H720.5  4 0.0900 0.0500 0.0599 0.5267 0.2734 
      H720.6  4 0.0967 0.0456 0.0506 0.5528 0.2543 
      H720.7  4 0.0154 0.1749 0.0313 0.0420 0.7364 
      H720.8  4 0.0164 0.2003 0.0924 0.5377 0.1532 
      H720.9  4 0.0440 0.5132 0.1519 0.1144 0.1764 
      H724.1  4 0.0213 0.0179 0.0356 0.9051 0.0201 
      H724.2  4 0.0368 0.0258 0.0336 0.8770 0.0268 
      H724.3  4 0.0149 0.0902 0.3366 0.0880 0.4702 
      H724.4  4 0.0157 0.0292 0.2504 0.4841 0.2206 
      H724.5  4 0.0121 0.1778 0.3682 0.0868 0.3551 
      H724.6  4 0.0490 0.0174 0.0315 0.8835 0.0186 
      H725.1  4 0.0439 0.5326 0.1309 0.1131 0.1795 
      H725.2  4 0.0691 0.2053 0.0709 0.0397 0.6150 
      H725.3  4 0.0682 0.0834 0.0393 0.0194 0.7897 
      H725.4  4 0.3791 0.3087 0.0714 0.1887 0.0522 
      H725.5  4 0.0350 0.0806 0.0421 0.6013 0.2410 
      H725.6  4 0.0889 0.0449 0.3167 0.1018 0.4478 
      H725.7  4 0.0674 0.3698 0.1694 0.0527 0.3407 
      H725.8  4 0.1149 0.0249 0.0514 0.0523 0.7566 
      H726.1  4 0.0236 0.0090 0.7826 0.0135 0.1713 
      H726.2  4 0.0134 0.0223 0.5917 0.0265 0.3460 
      H726.3  4 0.0203 0.0107 0.9227 0.0145 0.0319 
      H726.4  4 0.0226 0.0160 0.2322 0.0133 0.7158 
      H726.5  4 0.0139 0.0139 0.6949 0.0119 0.2654 
        UNK1  4 0.0248 0.0809 0.1558 0.0287 0.7098 
        UNK2  4 0.0450 0.2449 0.2740 0.0543 0.3818 
        UNK3  4 0.0141 0.0972 0.4276 0.0329 0.4282 
      H016.1  5 0.5556 0.0717 0.1218 0.0669 0.1841 
      H016.2  5 0.2965 0.5840 0.0253 0.0248 0.0694 
      H016.3  5 0.2710 0.0205 0.3775 0.1355 0.1955 
      H016.4  5 0.3095 0.5485 0.0244 0.0415 0.0762 
 H017.1_2002  5 0.0385 0.0165 0.7426 0.0997 0.1027 
 H017.1_2003  5 0.2297 0.0146 0.0225 0.0930 0.6402 
 H017.2_2002  5 0.1047 0.0369 0.3718 0.4374 0.0492 
 H017.2_2003  5 0.0128 0.0143 0.0159 0.0189 0.9381 
 H017.3_2002  5 0.4050 0.0396 0.3016 0.0549 0.1988 
 H017.3_2003  5 0.4767 0.0271 0.3048 0.1295 0.0619 
 H017.4_2002  5 0.5315 0.1010 0.2009 0.1311 0.0355 
 H017.4_2003  5 0.0711 0.0224 0.0552 0.0126 0.8387 
 H017.5_2002  5 0.9337 0.0095 0.0166 0.0201 0.0201 
 H017.5_2003  5 0.1760 0.0280 0.1055 0.0199 0.6705 
 H017.6_2002  5 0.1305 0.0375 0.3267 0.4938 0.0115 
 H017.6_2003  5 0.0413 0.0187 0.2001 0.1303 0.6097 
 H017.7_2002  5 0.3560 0.1067 0.3099 0.1977 0.0296 
 H017.7_2003  5 0.0262 0.0125 0.0199 0.0127 0.9287 
      H017.8  5 0.5579 0.0336 0.1618 0.1645 0.0822 
      H017.9  5 0.2048 0.1625 0.4952 0.0839 0.0536 
      H032.1  5 0.0194 0.0087 0.0437 0.0213 0.9069 
      H032.2  5 0.0156 0.0109 0.0165 0.0106 0.9463 
      H032.3  5 0.0160 0.0193 0.0168 0.0221 0.9258 
      H032.4  5 0.0782 0.0241 0.0969 0.0163 0.7846 
      H032.5  5 0.0162 0.0101 0.0871 0.0274 0.8593 
      H032.6  5 0.0202 0.0111 0.1496 0.0211 0.7981 
      H032.7  5 0.0391 0.0117 0.0403 0.0526 0.8563 
 H034.1_2002  5 0.0209 0.0213 0.9122 0.0289 0.0168 
 H034.1_2003  5 0.1478 0.0200 0.5421 0.2566 0.0336 
 H034.2_2002  5 0.2724 0.0501 0.6389 0.0200 0.0186 
 H034.2_2003  5 0.0436 0.0427 0.7310 0.1428 0.0398 
 H034.3_2002  5 0.0364 0.0269 0.9086 0.0158 0.0123 
 H034.3_2003  5 0.1001 0.0266 0.7556 0.0849 0.0328 
 H034.4_2002  5 0.0934 0.0982 0.3866 0.4028 0.0189 
 H034.4_2003  5 0.5550 0.0126 0.3419 0.0432 0.0473 
 H034.5_2002  5 0.0267 0.0111 0.9316 0.0182 0.0124 
 H034.5_2003  5 0.3069 0.0162 0.5502 0.0432 0.0834 
 H034.6_2002  5 0.0842 0.0379 0.8533 0.0150 0.0096 
 H034.6_2003  5 0.7167 0.0109 0.2004 0.0219 0.0501 
 H034.7_2002  5 0.0363 0.0189 0.9045 0.0207 0.0196 
 H034.7_2003  5 0.6853 0.0169 0.1872 0.0184 0.0922 
 H034.8_2002  5 0.1922 0.0194 0.6728 0.1004 0.0152 
 H034.8_2003  5 0.2602 0.0106 0.6818 0.0196 0.0278 
      H034.9  5 0.0377 0.0741 0.8286 0.0281 0.0315 
      H048.1  5 0.0091 0.0187 0.0165 0.0142 0.9416 
      H048.2  5 0.0283 0.2431 0.0333 0.2091 0.4862 
      H048.3  5 0.0169 0.0478 0.0306 0.5716 0.3330 
      H048.4  5 0.0198 0.1435 0.0268 0.4546 0.3552 
      H048.5  5 0.0085 0.0523 0.0227 0.0170 0.8993 
      H048.6  5 0.0137 0.1754 0.0181 0.4994 0.2934 
      H048.7  5 0.0312 0.0584 0.0256 0.0456 0.8391 
      H048.8  5 0.0308 0.0697 0.0352 0.2607 0.6036 
      H060.1  5 0.9150 0.0287 0.0255 0.0167 0.0141 
     H060.10  5 0.9495 0.0072 0.0156 0.0157 0.0120 
      H060.2  5 0.9111 0.0193 0.0227 0.0321 0.0149 
      H060.3  5 0.9218 0.0123 0.0385 0.0145 0.0129 
      H060.4  5 0.9323 0.0112 0.0152 0.0179 0.0233 
      H060.5  5 0.9103 0.0239 0.0323 0.0163 0.0172 
      H060.6  5 0.9311 0.0166 0.0198 0.0141 0.0184 
      H060.7  5 0.7294 0.0342 0.0799 0.1311 0.0254 
      H060.8  5 0.8612 0.0215 0.0384 0.0573 0.0217 
      H060.9  5 0.9272 0.0146 0.0282 0.0124 0.0176 
