      H105.1  1 0.2562 0.4383 0.0470 0.1027 0.0400 0.0144 0.0129 0.0538 0.0347 
      H105.2  1 0.0395 0.0490 0.0986 0.0152 0.0420 0.0369 0.0179 0.5244 0.1763 
      H105.3  1 0.1082 0.3697 0.0380 0.1308 0.0182 0.0308 0.0142 0.2601 0.0301 
      H105.4  1 0.0270 0.0619 0.0828 0.0216 0.3105 0.0941 0.0151 0.2693 0.1178 
      H105.5  1 0.1726 0.4095 0.0206 0.0154 0.1016 0.1592 0.0127 0.0637 0.0447 
      H105.6  1 0.0181 0.1486 0.0368 0.1007 0.0971 0.1022 0.0089 0.4772 0.0106 
      H105.7  1 0.2115 0.1091 0.0184 0.4098 0.1002 0.0114 0.0103 0.0707 0.0586 
      H105.8  1 0.0289 0.0744 0.1630 0.2452 0.0232 0.0419 0.0204 0.3741 0.0290 
      H115.1  1 0.0243 0.0624 0.0427 0.0728 0.0134 0.6079 0.0125 0.1432 0.0208 
      H115.2  1 0.0535 0.0203 0.0235 0.0105 0.0097 0.8412 0.0163 0.0161 0.0089 
      H115.3  1 0.0179 0.0069 0.0075 0.0056 0.0099 0.9308 0.0068 0.0061 0.0085 
      H115.4  1 0.4970 0.0986 0.1088 0.0127 0.0215 0.1869 0.0106 0.0241 0.0398 
      H115.5  1 0.0799 0.0309 0.0112 0.0334 0.0287 0.6795 0.0647 0.0244 0.0473 
      H115.6  1 0.0410 0.0187 0.0120 0.0131 0.0207 0.8336 0.0143 0.0205 0.0260 
      H115.7  1 0.0386 0.0325 0.0342 0.0079 0.0227 0.4474 0.0064 0.3470 0.0633 
      H115.8  1 0.0399 0.0130 0.0163 0.0490 0.0100 0.7625 0.0802 0.0144 0.0147 
      H115.9  1 0.0076 0.0124 0.0067 0.0332 0.0107 0.9040 0.0091 0.0093 0.0071 
      H145.1  1 0.0076 0.0133 0.0089 0.0069 0.8991 0.0109 0.0365 0.0115 0.0052 
      H145.2  1 0.0085 0.0192 0.0106 0.0105 0.8739 0.0172 0.0422 0.0122 0.0058 
      H145.3  1 0.0051 0.0092 0.0079 0.0199 0.8266 0.0139 0.0922 0.0081 0.0170 
      H145.4  1 0.0056 0.0093 0.0076 0.0061 0.9312 0.0056 0.0196 0.0102 0.0047 
      H145.5  1 0.0063 0.0190 0.0099 0.0078 0.6423 0.0100 0.2867 0.0094 0.0086 
      H145.6  1 0.0086 0.0112 0.0089 0.0068 0.9002 0.0091 0.0339 0.0118 0.0094 
      H145.7  1 0.0085 0.0106 0.0092 0.0067 0.9312 0.0077 0.0069 0.0102 0.0090 
      H149.1  1 0.0072 0.9434 0.0061 0.0070 0.0077 0.0070 0.0095 0.0062 0.0060 
      H149.2  1 0.0135 0.9363 0.0059 0.0056 0.0107 0.0066 0.0054 0.0082 0.0077 
      H149.3  1 0.0274 0.7999 0.0201 0.0091 0.0720 0.0144 0.0098 0.0271 0.0202 
      H149.4  1 0.0171 0.8703 0.0333 0.0095 0.0105 0.0119 0.0153 0.0206 0.0115 
      H149.5  1 0.0739 0.7013 0.0393 0.0116 0.1061 0.0057 0.0065 0.0242 0.0313 
      H149.6  1 0.0190 0.9068 0.0078 0.0049 0.0159 0.0056 0.0080 0.0180 0.0139 
      H149.7  1 0.0664 0.6040 0.1520 0.0185 0.0310 0.0105 0.0156 0.0491 0.0529 
      H150.1  1 0.0117 0.0052 0.0093 0.0105 0.0069 0.9261 0.0141 0.0103 0.0059 
      H150.2  1 0.0430 0.0142 0.0337 0.0094 0.0065 0.8103 0.0400 0.0292 0.0137 
      H150.3  1 0.0090 0.0126 0.0216 0.0310 0.0159 0.5275 0.0159 0.3511 0.0154 
      H150.4  1 0.0094 0.0060 0.0079 0.0199 0.0129 0.8984 0.0191 0.0178 0.0087 
      H150.5  1 0.0626 0.0111 0.0257 0.0081 0.0141 0.8302 0.0077 0.0232 0.0173 
      H150.6  1 0.3320 0.0275 0.0842 0.0050 0.0108 0.4454 0.0173 0.0314 0.0463 
      H150.7  1 0.0054 0.0069 0.0073 0.0126 0.0087 0.9235 0.0109 0.0195 0.0052 
   H169607.1  1 0.0257 0.0519 0.4103 0.0419 0.1397 0.1521 0.0267 0.0638 0.0879 
   H169607.2  1 0.0131 0.0131 0.1272 0.0727 0.7175 0.0263 0.0059 0.0141 0.0102 
   H169607.3  1 0.0610 0.0277 0.0804 0.0530 0.5453 0.0608 0.0156 0.0244 0.1318 
   H169607.4  1 0.0093 0.0179 0.0647 0.0103 0.8295 0.0360 0.0085 0.0111 0.0128 
   H169607.5  1 0.0381 0.0449 0.1849 0.1226 0.4798 0.0878 0.0140 0.0143 0.0136 
   H169607.6  1 0.0109 0.0134 0.1073 0.0434 0.7838 0.0124 0.0050 0.0080 0.0158 
   H169607.7  1 0.0323 0.0122 0.6081 0.0627 0.2190 0.0248 0.0068 0.0122 0.0218 
   H169607.8  1 0.0079 0.0155 0.0612 0.0193 0.8377 0.0268 0.0061 0.0101 0.0153 
   H169633.1  1 0.0354 0.5720 0.0206 0.0210 0.0418 0.0413 0.1018 0.1070 0.0590 
   H169633.2  1 0.0188 0.7399 0.0337 0.0320 0.0124 0.0119 0.0265 0.0579 0.0670 
   H169633.3  1 0.0579 0.7737 0.0153 0.0526 0.0145 0.0092 0.0154 0.0503 0.0112 
   H169633.4  1 0.0556 0.7487 0.0138 0.0102 0.0362 0.0347 0.0605 0.0241 0.0163 
   H169633.5  1 0.0518 0.7546 0.0146 0.0094 0.0240 0.0318 0.0752 0.0235 0.0151 
   H169688.1  1 0.0069 0.0218 0.1504 0.0162 0.2884 0.0105 0.0050 0.0102 0.4907 
   H169688.2  1 0.0178 0.0094 0.3643 0.0236 0.0470 0.0277 0.0247 0.0076 0.4779 
   H169688.3  1 0.0116 0.0121 0.7520 0.0084 0.0555 0.0198 0.0084 0.0131 0.1191 
   H169688.4  1 0.0267 0.0148 0.1296 0.0181 0.0197 0.6980 0.0333 0.0081 0.0517 
   H169688.5  1 0.0253 0.0118 0.1249 0.0196 0.0242 0.7019 0.0327 0.0092 0.0505 
   H169688.6  1 0.0222 0.0209 0.6161 0.0155 0.0539 0.0325 0.0890 0.0075 0.1424 
   H169688.7  1 0.0099 0.0092 0.7989 0.0099 0.0703 0.0353 0.0123 0.0114 0.0428 
   H171901.1  1 0.0398 0.0203 0.0524 0.0148 0.0986 0.1619 0.0776 0.3138 0.2206 
   H171901.2  1 0.0531 0.7214 0.0264 0.0164 0.0725 0.0656 0.0161 0.0156 0.0128 
   H171901.3  1 0.0494 0.6407 0.0604 0.0128 0.0216 0.0835 0.0131 0.0194 0.0990 
   H171901.4  1 0.0382 0.8513 0.0164 0.0150 0.0112 0.0260 0.0080 0.0127 0.0211 
   H171901.5  1 0.0227 0.8254 0.0626 0.0096 0.0171 0.0353 0.0093 0.0063 0.0117 
   H171901.6  1 0.0387 0.7389 0.0536 0.0121 0.0559 0.0651 0.0089 0.0127 0.0142 
   H171901.7  1 0.0547 0.5002 0.2982 0.0301 0.0405 0.0308 0.0127 0.0153 0.0175 
   H171902.1  1 0.0094 0.0725 0.2345 0.0218 0.0331 0.4439 0.1503 0.0105 0.0239 
  H171902.10  1 0.0105 0.0705 0.7798 0.0073 0.0436 0.0402 0.0238 0.0105 0.0137 
   H171902.2  1 0.0157 0.0410 0.1814 0.0886 0.0182 0.1840 0.0630 0.0157 0.3926 
   H171902.3  1 0.0141 0.0874 0.7610 0.0135 0.0283 0.0521 0.0116 0.0131 0.0189 
   H171902.4  1 0.0142 0.1941 0.0910 0.0145 0.0652 0.5041 0.0777 0.0158 0.0235 
   H171902.6  1 0.0110 0.1031 0.7097 0.0090 0.0575 0.0580 0.0283 0.0139 0.0094 
   H171902.7  1 0.0185 0.2041 0.3624 0.0082 0.1021 0.1388 0.1407 0.0125 0.0126 
   H171902.8  1 0.0173 0.1051 0.7119 0.0100 0.0486 0.0380 0.0382 0.0126 0.0181 
   H171902.9  1 0.0076 0.0126 0.0230 0.0113 0.0166 0.8803 0.0245 0.0144 0.0097 
   H171903.1  1 0.0243 0.0330 0.0210 0.0297 0.7991 0.0662 0.0059 0.0094 0.0115 
   H171903.2  1 0.0874 0.0790 0.0448 0.1518 0.4903 0.0995 0.0143 0.0100 0.0228 
   H171903.3  1 0.2022 0.3957 0.0713 0.0770 0.0951 0.0918 0.0262 0.0182 0.0225 
   H171903.4  1 0.0425 0.0310 0.0705 0.0132 0.5114 0.1518 0.0104 0.0310 0.1380 
   H171903.5  1 0.2427 0.2667 0.2259 0.0523 0.0627 0.0902 0.0158 0.0110 0.0328 
   H171903.6  1 0.0884 0.0788 0.3926 0.0191 0.2138 0.1666 0.0056 0.0097 0.0255 
      H177.1  1 0.0174 0.4004 0.1042 0.0091 0.2673 0.0290 0.0177 0.0104 0.1445 
      H177.2  1 0.0680 0.3311 0.2144 0.1589 0.1178 0.0353 0.0261 0.0113 0.0371 
      H177.3  1 0.0414 0.3991 0.3164 0.0170 0.1272 0.0460 0.0277 0.0139 0.0115 
      H177.4  1 0.0332 0.4072 0.1479 0.0120 0.2197 0.0116 0.0171 0.0070 0.1443 
      H177.5  1 0.0802 0.0273 0.0381 0.0260 0.0655 0.0238 0.0122 0.0121 0.7147 
      H177.6  1 0.0346 0.6284 0.1561 0.0175 0.0656 0.0452 0.0318 0.0093 0.0114 
      H179.1  1 0.0682 0.1266 0.5003 0.0381 0.0100 0.0348 0.0083 0.0444 0.1692 
      H179.2  1 0.0749 0.0987 0.6642 0.0535 0.0088 0.0303 0.0072 0.0207 0.0417 
      H179.3  1 0.0489 0.0174 0.5290 0.1026 0.0222 0.0506 0.0094 0.0173 0.2027 
      H179.4  1 0.0229 0.4844 0.3555 0.0493 0.0231 0.0097 0.0082 0.0110 0.0360 
      H180.1  1 0.2303 0.0629 0.0227 0.0112 0.0070 0.5567 0.0286 0.0198 0.0607 
      H180.2  1 0.0993 0.0280 0.0209 0.0074 0.0067 0.7330 0.0318 0.0145 0.0586 
      H180.3  1 0.0333 0.0259 0.0099 0.0206 0.0172 0.8557 0.0138 0.0139 0.0097 
      H180.4  1 0.5645 0.0476 0.0361 0.0214 0.0103 0.1612 0.0387 0.0753 0.0449 
      H180.5  1 0.6423 0.0229 0.0387 0.0411 0.0159 0.1230 0.0580 0.0104 0.0478 
      H180.6  1 0.0840 0.0246 0.0306 0.5430 0.0414 0.1557 0.0806 0.0217 0.0184 
      H181.1  1 0.2851 0.3829 0.0525 0.0101 0.0460 0.0190 0.0286 0.0090 0.1669 
      H181.2  1 0.0640 0.4674 0.0655 0.0139 0.0721 0.0130 0.0389 0.0164 0.2489 
      H181.3  1 0.0189 0.1107 0.0678 0.0081 0.0345 0.0077 0.0306 0.0073 0.7144 
      H181.4  1 0.2395 0.3450 0.0896 0.0318 0.0585 0.0759 0.0069 0.0232 0.1294 
      H181.5  1 0.0172 0.0584 0.0275 0.0113 0.0113 0.0062 0.0135 0.0127 0.8419 
      H181.6  1 0.1559 0.4951 0.1052 0.0313 0.0227 0.0255 0.0131 0.0216 0.1294 
      H181.7  1 0.0327 0.1477 0.5212 0.0464 0.0264 0.0168 0.0182 0.0093 0.1813 
 H194.1_2004  1 0.0180 0.0197 0.0137 0.0249 0.8844 0.0129 0.0076 0.0116 0.0073 
 H194.2_2004  1 0.0120 0.0153 0.0076 0.0063 0.8881 0.0066 0.0131 0.0107 0.0404 
 H194.3_2004  1 0.0091 0.2287 0.0161 0.0157 0.6854 0.0082 0.0102 0.0180 0.0086 
 H194.4_2004  1 0.0083 0.0279 0.0150 0.0073 0.8717 0.0084 0.0167 0.0074 0.0374 
 H194.5_2004  1 0.0155 0.1950 0.0208 0.0210 0.7033 0.0111 0.0076 0.0133 0.0126 
 H194.6_2004  1 0.0132 0.3161 0.0317 0.0295 0.4525 0.0150 0.0111 0.0187 0.1121 
 H194.7_2004  1 0.0126 0.0096 0.0091 0.0405 0.8874 0.0062 0.0076 0.0133 0.0138 
 H194.8_2004  1 0.0137 0.0944 0.0177 0.0199 0.6789 0.0140 0.0112 0.0215 0.1287 
      H194.9  1 0.0129 0.0126 0.0093 0.0526 0.8607 0.0124 0.0074 0.0180 0.0142 
 H195.1_2003  1 0.0225 0.1160 0.0383 0.0211 0.7088 0.0188 0.0051 0.0359 0.0334 
 H195.1_2004  1 0.0278 0.0299 0.0757 0.0092 0.7420 0.0128 0.0537 0.0257 0.0232 
 H195.2_2003  1 0.0106 0.0118 0.0210 0.0192 0.8908 0.0208 0.0095 0.0076 0.0087 
 H195.2_2004  1 0.0133 0.0101 0.0112 0.0130 0.9012 0.0066 0.0255 0.0097 0.0093 
 H195.3_2003  1 0.0170 0.0125 0.0250 0.0160 0.8263 0.0513 0.0098 0.0177 0.0243 
 H195.3_2004  1 0.0088 0.0229 0.0066 0.0055 0.9173 0.0058 0.0144 0.0106 0.0082 
 H195.4_2003  1 0.0190 0.0288 0.0107 0.0086 0.8839 0.0090 0.0043 0.0259 0.0098 
 H195.4_2004  1 0.0065 0.0066 0.0088 0.0170 0.9174 0.0058 0.0075 0.0071 0.0233 
 H195.5_2003  1 0.0441 0.0957 0.0660 0.0119 0.5436 0.0351 0.0078 0.1207 0.0751 
 H195.5_2004  1 0.0120 0.0118 0.0145 0.0069 0.8890 0.0082 0.0268 0.0175 0.0134 
 H195.6_2003  1 0.0099 0.0101 0.0102 0.0095 0.9236 0.0103 0.0103 0.0072 0.0090 
 H195.6_2004  1 0.0055 0.0185 0.0111 0.0074 0.9204 0.0035 0.0174 0.0107 0.0055 
 H195.7_2003  1 0.0205 0.0294 0.0755 0.0261 0.7763 0.0069 0.0047 0.0150 0.0455 
 H195.7_2004  1 0.0299 0.0167 0.0288 0.0077 0.6822 0.0106 0.1901 0.0167 0.0173 
      H195.8  1 0.0173 0.0067 0.0144 0.0096 0.8779 0.0082 0.0134 0.0221 0.0306 
      H195.9  1 0.0074 0.0107 0.0108 0.0086 0.9291 0.0067 0.0072 0.0091 0.0104 
      H415.1  1 0.0261 0.5190 0.0208 0.0787 0.0277 0.1308 0.1041 0.0687 0.0239 
      H415.2  1 0.0111 0.6006 0.0326 0.0083 0.0210 0.2726 0.0254 0.0195 0.0090 
      H415.3  1 0.0214 0.8827 0.0244 0.0129 0.0078 0.0110 0.0078 0.0250 0.0071 
      H415.4  1 0.0238 0.7064 0.0109 0.0417 0.0114 0.1322 0.0244 0.0365 0.0128 
      H415.5  1 0.0154 0.9030 0.0114 0.0113 0.0082 0.0116 0.0102 0.0214 0.0075 
      H415.6  1 0.0185 0.6990 0.0113 0.0401 0.0097 0.1279 0.0288 0.0516 0.0133 
      H415.7  1 0.0169 0.7323 0.1126 0.0157 0.0189 0.0537 0.0192 0.0213 0.0094 
      H506.1  1 0.0183 0.8110 0.0618 0.0292 0.0057 0.0064 0.0305 0.0145 0.0226 
      H506.2  1 0.0146 0.8584 0.0583 0.0134 0.0136 0.0071 0.0100 0.0116 0.0130 
      H506.3  1 0.0365 0.4199 0.1146 0.0499 0.0107 0.0135 0.2256 0.0161 0.1133 
      H506.4  1 0.0483 0.5453 0.1610 0.0321 0.0139 0.0174 0.1023 0.0176 0.0621 
      H506.5  1 0.0125 0.8556 0.0418 0.0156 0.0096 0.0094 0.0211 0.0101 0.0243 
      H506.6  1 0.1231 0.1535 0.3027 0.0307 0.0321 0.0508 0.1532 0.0140 0.1400 
      H506.7  1 0.0116 0.8722 0.0260 0.0220 0.0082 0.0061 0.0162 0.0121 0.0255 
      H533.1  1 0.0205 0.3645 0.5316 0.0102 0.0053 0.0093 0.0310 0.0094 0.0183 
      H533.2  1 0.0178 0.5376 0.3277 0.0118 0.0064 0.0089 0.0610 0.0099 0.0189 
      H533.3  1 0.0291 0.3221 0.5565 0.0196 0.0058 0.0256 0.0157 0.0114 0.0142 
      H533.4  1 0.0248 0.4042 0.4447 0.0156 0.0217 0.0253 0.0255 0.0124 0.0259 
      H535.1  1 0.0161 0.8713 0.0294 0.0148 0.0191 0.0176 0.0056 0.0106 0.0155 
      H535.2  1 0.0349 0.6383 0.0372 0.1004 0.0523 0.0077 0.0047 0.0081 0.1163 
      H535.3  1 0.0468 0.5878 0.0304 0.1028 0.0417 0.0175 0.0082 0.0133 0.1515 
      H535.4  1 0.0088 0.9392 0.0078 0.0072 0.0096 0.0057 0.0043 0.0085 0.0090 
      H535.5  1 0.0081 0.9076 0.0198 0.0081 0.0193 0.0064 0.0044 0.0065 0.0199 
      H535.6  1 0.0264 0.5303 0.0671 0.0369 0.1180 0.0353 0.0066 0.0239 0.1554 
      H535.7  1 0.0115 0.9038 0.0146 0.0178 0.0157 0.0072 0.0075 0.0061 0.0158 
      H535.8  1 0.0104 0.7723 0.0168 0.0254 0.0305 0.0082 0.0080 0.0092 0.1192 
      H535.9  1 0.0193 0.8551 0.0198 0.0152 0.0260 0.0298 0.0095 0.0103 0.0151 
      H539.1  1 0.0051 0.0050 0.0044 0.0071 0.0100 0.9512 0.0081 0.0054 0.0037 
      H539.2  1 0.0575 0.0513 0.3256 0.0579 0.0247 0.3455 0.0264 0.0207 0.0904 
      H539.3  1 0.0086 0.0099 0.0148 0.0253 0.0533 0.8252 0.0285 0.0126 0.0220 
      H539.4  1 0.0118 0.0084 0.0155 0.0105 0.0058 0.9075 0.0263 0.0064 0.0077 
      H539.5  1 0.0055 0.0049 0.0060 0.0148 0.0113 0.9347 0.0108 0.0067 0.0052 
      H539.6  1 0.0064 0.0062 0.0098 0.0268 0.0082 0.9203 0.0082 0.0081 0.0061 
      H539.7  1 0.0055 0.0064 0.0078 0.0068 0.0075 0.9428 0.0065 0.0099 0.0067 
      H539.8  1 0.0340 0.0152 0.0219 0.0139 0.0252 0.7048 0.1094 0.0468 0.0289 
      H539.9  1 0.0072 0.0045 0.0061 0.0108 0.0063 0.9363 0.0158 0.0063 0.0065 
      H540.1  1 0.0097 0.0093 0.0170 0.0094 0.0197 0.8987 0.0204 0.0072 0.0087 
      H540.2  1 0.0075 0.0080 0.0072 0.0079 0.0087 0.9436 0.0055 0.0078 0.0037 
      H540.3  1 0.0324 0.0240 0.0322 0.0069 0.0127 0.5221 0.2902 0.0430 0.0365 
      H540.4  1 0.0161 0.0088 0.0263 0.0069 0.0071 0.9078 0.0055 0.0124 0.0090 
      H540.5  1 0.0154 0.0122 0.0133 0.0131 0.0088 0.8787 0.0392 0.0070 0.0125 
      H540.6  1 0.0149 0.0228 0.0356 0.0323 0.0268 0.7982 0.0219 0.0208 0.0268 
      H540.7  1 0.0142 0.0137 0.0154 0.0183 0.0120 0.9003 0.0058 0.0115 0.0089 
      H540.8  1 0.0254 0.0331 0.0346 0.0074 0.0316 0.8444 0.0077 0.0091 0.0068 
     H9558.1  1 0.0056 0.0061 0.0111 0.0062 0.0114 0.9372 0.0082 0.0074 0.0067 
     H9558.2  1 0.0084 0.0077 0.0132 0.0245 0.0133 0.9007 0.0094 0.0094 0.0135 
     H9558.3  1 0.0084 0.0073 0.0058 0.0223 0.0134 0.9071 0.0133 0.0132 0.0092 
     H9558.4  1 0.0112 0.0057 0.0210 0.0071 0.0073 0.9240 0.0092 0.0065 0.0080 
     H9558.5  1 0.0174 0.0085 0.0151 0.0058 0.0064 0.9016 0.0233 0.0102 0.0117 
     H9558.6  1 0.0232 0.0080 0.0057 0.0693 0.0097 0.8302 0.0180 0.0231 0.0127 
    kos339.1  1 0.0076 0.9217 0.0132 0.0166 0.0062 0.0098 0.0087 0.0067 0.0096 
    kos339.2  1 0.0117 0.8925 0.0079 0.0244 0.0108 0.0086 0.0114 0.0209 0.0118 
    kos339.3  1 0.0121 0.9356 0.0080 0.0084 0.0088 0.0079 0.0050 0.0084 0.0058 
    kos339.4  1 0.0105 0.9272 0.0088 0.0114 0.0096 0.0074 0.0081 0.0100 0.0069 
    kos339.5  1 0.0129 0.9219 0.0124 0.0116 0.0077 0.0102 0.0047 0.0098 0.0088 
    kos339.6  1 0.0178 0.9203 0.0077 0.0076 0.0142 0.0079 0.0092 0.0094 0.0060 
    kos339.7  1 0.0071 0.9429 0.0113 0.0089 0.0068 0.0065 0.0062 0.0058 0.0046 
    kos339.8  1 0.0125 0.9378 0.0082 0.0087 0.0056 0.0057 0.0064 0.0077 0.0073 
    kos339.9  1 0.0121 0.8957 0.0131 0.0136 0.0190 0.0188 0.0066 0.0148 0.0062 
      H008.1  2 0.0078 0.0090 0.0174 0.8969 0.0081 0.0262 0.0064 0.0167 0.0115 
      H008.2  2 0.0379 0.0757 0.1644 0.2541 0.0412 0.1549 0.2086 0.0196 0.0437 
      H008.3  2 0.0440 0.0358 0.2377 0.1690 0.0725 0.1141 0.1248 0.0461 0.1560 
      H008.4  2 0.0074 0.0226 0.0098 0.8263 0.0135 0.0265 0.0370 0.0385 0.0185 
      H008.5  2 0.0136 0.0138 0.0208 0.8454 0.0151 0.0165 0.0264 0.0205 0.0281 
      H008.6  2 0.0157 0.0474 0.0439 0.5557 0.0299 0.0545 0.2149 0.0255 0.0126 
      H008.7  2 0.0173 0.0387 0.0421 0.5630 0.0205 0.0468 0.1291 0.0495 0.0928 
      H008.8  2 0.0112 0.0185 0.0682 0.2098 0.0252 0.6079 0.0217 0.0217 0.0158 
      H008.9  2 0.0254 0.0285 0.0388 0.0667 0.0512 0.0984 0.6289 0.0325 0.0297 
 H029.1_2002  2 0.0086 0.0138 0.0064 0.8809 0.0076 0.0221 0.0213 0.0183 0.0210 
 H029.1_2003  2 0.0151 0.0368 0.0767 0.6837 0.0180 0.0352 0.0409 0.0217 0.0718 
 H029.2_2002  2 0.0079 0.0686 0.0163 0.7857 0.0237 0.0072 0.0307 0.0081 0.0518 
 H029.2_2003  2 0.0173 0.0822 0.0944 0.6302 0.0254 0.0187 0.0556 0.0077 0.0685 
 H029.3_2002  2 0.0176 0.0729 0.0502 0.4522 0.0409 0.0091 0.1596 0.0087 0.1888 
 H029.3_2003  2 0.0117 0.0110 0.0199 0.9004 0.0074 0.0048 0.0102 0.0113 0.0232 
 H029.4_2002  2 0.0084 0.0059 0.0084 0.9001 0.0077 0.0048 0.0201 0.0173 0.0273 
 H029.4_2003  2 0.0149 0.0191 0.0728 0.6373 0.0108 0.0503 0.0376 0.0389 0.1183 
 H029.5_2002  2 0.0082 0.0074 0.0066 0.9209 0.0068 0.0071 0.0071 0.0150 0.0209 
 H029.5_2003  2 0.0080 0.0099 0.0275 0.8963 0.0079 0.0129 0.0141 0.0101 0.0134 
 H029.6_2002  2 0.0080 0.0072 0.0109 0.6492 0.0127 0.0054 0.0499 0.0104 0.2465 
 H029.6_2003  2 0.0286 0.0818 0.0708 0.6974 0.0240 0.0129 0.0124 0.0383 0.0339 
      H029.7  2 0.0058 0.0219 0.0109 0.8558 0.0237 0.0072 0.0294 0.0055 0.0397 
      H030.1  2 0.8302 0.0210 0.0131 0.0258 0.0113 0.0092 0.0055 0.0151 0.0688 
      H030.2  2 0.5084 0.0230 0.0112 0.1112 0.0099 0.0195 0.0779 0.0998 0.1391 
      H038.1  2 0.0067 0.0076 0.0070 0.8981 0.0117 0.0119 0.0374 0.0095 0.0100 
      H038.2  2 0.0104 0.0111 0.0084 0.9343 0.0047 0.0061 0.0083 0.0068 0.0098 
      H038.3  2 0.0502 0.0170 0.0090 0.8396 0.0070 0.0131 0.0429 0.0130 0.0082 
      H038.4  2 0.0183 0.0130 0.0079 0.8683 0.0085 0.0113 0.0407 0.0229 0.0092 
      H038.5  2 0.0354 0.0110 0.0185 0.8485 0.0079 0.0107 0.0373 0.0132 0.0176 
      H038.6  2 0.0072 0.0075 0.0117 0.9298 0.0047 0.0120 0.0128 0.0050 0.0092 
      H038.7  2 0.0168 0.0100 0.0101 0.9214 0.0036 0.0139 0.0125 0.0062 0.0056 
      H038.8  2 0.0423 0.0145 0.0065 0.7703 0.0090 0.0150 0.1219 0.0112 0.0093 
      H041.1  2 0.0407 0.0128 0.0130 0.2702 0.0551 0.0107 0.0522 0.3547 0.1907 
      H041.2  2 0.0123 0.0278 0.0090 0.4132 0.0164 0.0116 0.0148 0.4518 0.0431 
      H041.4  2 0.0187 0.0144 0.0101 0.7414 0.0282 0.0380 0.0334 0.0700 0.0458 
      H041.6  2 0.0154 0.0146 0.0099 0.7181 0.0413 0.0456 0.0167 0.0807 0.0577 
 H042.1_2002  2 0.0224 0.0210 0.0352 0.0193 0.0904 0.1497 0.0211 0.0780 0.5630 
 H042.1_2003  2 0.0301 0.1796 0.0633 0.1592 0.0353 0.0989 0.1509 0.2517 0.0310 
 H042.2_2002  2 0.0134 0.0186 0.0912 0.6110 0.0267 0.0081 0.0460 0.0703 0.1147 
 H042.2_2003  2 0.0139 0.0340 0.0165 0.2338 0.0336 0.0469 0.0060 0.5968 0.0185 
 H042.3_2002  2 0.0286 0.0193 0.1081 0.0222 0.1701 0.0457 0.0305 0.3132 0.2623 
 H042.3_2003  2 0.0378 0.0203 0.1107 0.1678 0.0439 0.0776 0.0424 0.4153 0.0842 
 H042.4_2002  2 0.0288 0.0356 0.0240 0.0395 0.0243 0.0364 0.0294 0.1610 0.6209 
 H042.4_2003  2 0.0325 0.0203 0.0140 0.0910 0.1049 0.0513 0.0086 0.0328 0.6446 
      H042.5  2 0.0098 0.0104 0.0135 0.0148 0.0647 0.0136 0.0043 0.0181 0.8509 
      H042.6  2 0.0083 0.0086 0.0177 0.0246 0.0559 0.0380 0.0095 0.0073 0.8302 
      H042.7  2 0.0267 0.0210 0.0222 0.0685 0.0868 0.0242 0.0080 0.4370 0.3056 
      H042.8  2 0.0089 0.0166 0.0392 0.0705 0.0561 0.0222 0.0310 0.2571 0.4984 
   H042_2002  2 0.0131 0.0293 0.0406 0.2930 0.1143 0.3593 0.0413 0.0903 0.0188 
   H042_2003  2 0.0173 0.0223 0.0293 0.3247 0.0964 0.3472 0.0355 0.1107 0.0167 
      H043.1  2 0.0457 0.0264 0.0207 0.0303 0.0078 0.7578 0.0918 0.0086 0.0110 
      H043.2  2 0.0070 0.0079 0.0187 0.0409 0.0486 0.7838 0.0758 0.0116 0.0058 
      H043.3  2 0.0253 0.0229 0.0208 0.5037 0.0168 0.3559 0.0298 0.0151 0.0097 
      H043.4  2 0.0101 0.0117 0.0101 0.0594 0.0250 0.8325 0.0372 0.0075 0.0065 
      H043.5  2 0.0133 0.0151 0.0224 0.1877 0.0118 0.4936 0.2282 0.0179 0.0101 
      H043.6  2 0.0081 0.0209 0.0155 0.2391 0.0118 0.4967 0.1772 0.0220 0.0088 
      H043.7  2 0.0164 0.0082 0.0064 0.0316 0.0214 0.8647 0.0314 0.0141 0.0058 
      H043.8  2 0.0708 0.0340 0.1025 0.0569 0.0189 0.6372 0.0294 0.0327 0.0176 
      H043.9  2 0.0360 0.0195 0.0319 0.0960 0.0120 0.7298 0.0390 0.0095 0.0262 
      H047.1  2 0.0199 0.0439 0.0131 0.7600 0.0179 0.1142 0.0123 0.0116 0.0071 
      H047.2  2 0.0282 0.0721 0.0321 0.7623 0.0158 0.0198 0.0091 0.0283 0.0323 
      H047.3  2 0.0266 0.0410 0.0354 0.7071 0.0218 0.0196 0.0073 0.1036 0.0375 
      H047.4  2 0.0203 0.0313 0.0119 0.8413 0.0164 0.0207 0.0055 0.0357 0.0168 
      H047.5  2 0.0407 0.0367 0.0179 0.7275 0.0488 0.0238 0.0046 0.0923 0.0077 
      H047.6  2 0.0507 0.1355 0.0200 0.5755 0.0239 0.0323 0.0255 0.1023 0.0343 
      H047.7  2 0.0278 0.0361 0.0088 0.8012 0.0194 0.0665 0.0102 0.0204 0.0096 
      H047.8  2 0.0355 0.1379 0.0499 0.5328 0.0340 0.0787 0.0118 0.0986 0.0208 
      H047.9  2 0.0287 0.0684 0.0148 0.7374 0.0821 0.0297 0.0044 0.0249 0.0097 
 H071.1_2002  2 0.0076 0.0113 0.0072 0.9160 0.0102 0.0237 0.0074 0.0081 0.0085 
 H071.1_2003  2 0.0264 0.0201 0.0103 0.7326 0.0724 0.1022 0.0119 0.0159 0.0082 
     H071.10  2 0.0211 0.0072 0.0103 0.9172 0.0064 0.0077 0.0121 0.0061 0.0118 
 H071.2_2002  2 0.0076 0.0085 0.0128 0.9203 0.0146 0.0128 0.0087 0.0081 0.0065 
 H071.2_2003  2 0.0045 0.0058 0.0045 0.9562 0.0066 0.0077 0.0045 0.0045 0.0056 
      H071.3  2 0.0343 0.0082 0.0082 0.9002 0.0069 0.0057 0.0105 0.0174 0.0086 
 H071.4_2002  2 0.0365 0.0114 0.0174 0.8712 0.0100 0.0105 0.0194 0.0103 0.0134 
 H071.4_2003  2 0.0085 0.0069 0.0079 0.9507 0.0056 0.0061 0.0033 0.0056 0.0054 
 H071.5_2002  2 0.0106 0.0058 0.0065 0.9455 0.0057 0.0078 0.0059 0.0057 0.0065 
 H071.5_2003  2 0.0173 0.0092 0.0114 0.9221 0.0105 0.0109 0.0038 0.0089 0.0059 
 H071.6_2002  2 0.0091 0.0061 0.0168 0.9363 0.0068 0.0066 0.0058 0.0063 0.0062 
 H071.6_2003  2 0.0182 0.0061 0.0075 0.9376 0.0063 0.0078 0.0040 0.0060 0.0064 
 H071.7_2002  2 0.0049 0.0065 0.0056 0.9515 0.0077 0.0077 0.0049 0.0054 0.0058 
 H071.7_2003  2 0.0263 0.0088 0.0110 0.9080 0.0100 0.0154 0.0052 0.0096 0.0059 
      H071.8  2 0.0058 0.0082 0.0093 0.9254 0.0202 0.0089 0.0085 0.0074 0.0063 
      H071.9  2 0.0484 0.0098 0.0288 0.8309 0.0174 0.0137 0.0178 0.0201 0.0132 
 H081.1_2002  2 0.0053 0.0059 0.0060 0.9411 0.0126 0.0092 0.0050 0.0059 0.0090 
 H081.1_2003  2 0.0422 0.1109 0.0319 0.0804 0.0188 0.2184 0.3984 0.0234 0.0755 
 H081.2_2002  2 0.0052 0.0069 0.0056 0.9221 0.0301 0.0104 0.0062 0.0064 0.0070 
 H081.2_2003  2 0.6378 0.0115 0.0290 0.0692 0.0521 0.1271 0.0189 0.0137 0.0407 
 H081.3_2002  2 0.0155 0.0107 0.0063 0.9035 0.0250 0.0122 0.0071 0.0075 0.0122 
 H081.3_2003  2 0.1971 0.0219 0.0669 0.0310 0.0341 0.5682 0.0252 0.0148 0.0408 
 H081.4_2002  2 0.0092 0.0089 0.0098 0.9340 0.0092 0.0090 0.0044 0.0086 0.0068 
 H081.4_2003  2 0.1912 0.0759 0.0644 0.0382 0.0345 0.3504 0.0344 0.0345 0.1765 
 H081.5_2002  2 0.0087 0.0107 0.0069 0.9324 0.0095 0.0113 0.0053 0.0067 0.0086 
 H081.5_2003  2 0.0712 0.1074 0.0322 0.1724 0.0986 0.3047 0.0521 0.0660 0.0957 
      H081.6  2 0.0069 0.0081 0.0085 0.9338 0.0125 0.0107 0.0057 0.0065 0.0073 
      H081.7  2 0.0125 0.0080 0.0058 0.8837 0.0530 0.0104 0.0056 0.0087 0.0123 
      H081.8  2 0.0290 0.0158 0.0157 0.8454 0.0290 0.0092 0.0202 0.0160 0.0197 
      H083.1  2 0.0092 0.0122 0.0082 0.9147 0.0070 0.0050 0.0097 0.0069 0.0272 
      H083.2  2 0.0143 0.0139 0.0103 0.8796 0.0144 0.0162 0.0084 0.0058 0.0371 
      H083.4  2 0.0105 0.0074 0.0149 0.8836 0.0111 0.0113 0.0182 0.0074 0.0357 
      H083.5  2 0.0076 0.0129 0.0081 0.8835 0.0111 0.0092 0.0194 0.0081 0.0400 
      H083.6  2 0.0118 0.0173 0.0235 0.8342 0.0153 0.0065 0.0116 0.0121 0.0676 
      H083.7  2 0.0120 0.0084 0.0191 0.8545 0.0212 0.0104 0.0174 0.0099 0.0472 
      H083.8  2 0.0103 0.0140 0.0115 0.9060 0.0138 0.0126 0.0074 0.0101 0.0143 
      H083.9  2 0.0061 0.0106 0.0081 0.8880 0.0086 0.0061 0.0106 0.0087 0.0531 
      H084.1  2 0.7389 0.0101 0.0163 0.0168 0.0080 0.0178 0.1373 0.0198 0.0350 
      H084.2  2 0.6111 0.0135 0.0325 0.0227 0.0068 0.0225 0.2342 0.0075 0.0491 
      H084.3  2 0.1871 0.0960 0.0155 0.0096 0.0095 0.0144 0.3665 0.2446 0.0568 
      H084.4  2 0.2839 0.0531 0.0228 0.0282 0.0097 0.0224 0.3800 0.1450 0.0550 
      H084.5  2 0.7672 0.0259 0.0105 0.0104 0.0103 0.0121 0.0745 0.0789 0.0102 
      H084.6  2 0.5690 0.0412 0.0108 0.0091 0.0118 0.0108 0.1854 0.1339 0.0280 
      H084.7  2 0.8451 0.0107 0.0258 0.0155 0.0115 0.0111 0.0364 0.0138 0.0301 
      H084.8  2 0.7255 0.0135 0.0094 0.0072 0.0106 0.0074 0.1298 0.0824 0.0142 
 H085.1_2002  2 0.0139 0.0117 0.0135 0.1913 0.5910 0.0249 0.0373 0.0107 0.1057 
 H085.1_2003  2 0.0662 0.0086 0.0175 0.4232 0.0753 0.0095 0.0198 0.0366 0.3432 
 H085.2_2002  2 0.0188 0.0155 0.0185 0.0288 0.6502 0.0312 0.0590 0.0157 0.1622 
 H085.2_2003  2 0.0297 0.0172 0.0277 0.6213 0.0449 0.0138 0.0162 0.0212 0.2079 
 H085.3_2002  2 0.0117 0.0078 0.0063 0.0133 0.9044 0.0136 0.0060 0.0139 0.0229 
 H085.3_2003  2 0.0572 0.0069 0.0137 0.7784 0.0603 0.0166 0.0054 0.0413 0.0201 
 H085.4_2002  2 0.0228 0.0169 0.0170 0.1564 0.5149 0.0736 0.0764 0.0229 0.0990 
 H085.4_2003  2 0.0179 0.0194 0.0070 0.8496 0.0133 0.0183 0.0079 0.0323 0.0342 
 H085.5_2002  2 0.0114 0.0048 0.0063 0.0151 0.9141 0.0228 0.0058 0.0096 0.0102 
 H085.5_2003  2 0.0225 0.0094 0.0223 0.7933 0.0258 0.0118 0.0095 0.0101 0.0952 
 H085.6_2002  2 0.0179 0.0087 0.0105 0.0195 0.8644 0.0111 0.0178 0.0091 0.0410 
 H085.6_2003  2 0.0883 0.0186 0.0193 0.2073 0.3053 0.0645 0.0082 0.2644 0.0242 
 H085.7_2002  2 0.0220 0.0178 0.0123 0.0438 0.7643 0.0254 0.0147 0.0124 0.0874 
 H085.7_2003  2 0.0398 0.0090 0.0146 0.7884 0.0306 0.0116 0.0124 0.0650 0.0286 
 H085.8_2002  2 0.0252 0.0064 0.0100 0.0141 0.8769 0.0291 0.0101 0.0180 0.0103 
 H085.8_2003  2 0.0455 0.0242 0.0228 0.2069 0.0585 0.0191 0.0196 0.0625 0.5409 
      H085.9  2 0.0111 0.0108 0.0097 0.1126 0.7180 0.0289 0.0402 0.0233 0.0454 
      H088.1  2 0.0148 0.0107 0.0426 0.0130 0.0611 0.0244 0.0109 0.0161 0.8063 
      H088.2  2 0.0157 0.0252 0.0190 0.0100 0.0281 0.0139 0.0083 0.0084 0.8714 
      H088.3  2 0.0121 0.0148 0.0165 0.0098 0.0206 0.0083 0.0075 0.0096 0.9007 
      H088.4  2 0.0310 0.0185 0.0501 0.0279 0.0066 0.0296 0.0113 0.0186 0.8063 
      H088.5  2 0.0099 0.0095 0.0139 0.0110 0.0115 0.0141 0.0065 0.0144 0.9093 
      H088.6  2 0.0177 0.0210 0.0224 0.0249 0.0107 0.0119 0.0083 0.0293 0.8537 
      H088.7  2 0.0218 0.0235 0.0218 0.2496 0.0210 0.0104 0.0106 0.0388 0.6026 
      H088.8  2 0.0319 0.0387 0.0695 0.2747 0.0157 0.0196 0.0163 0.0776 0.4559 
      H091.1  2 0.0253 0.0108 0.0126 0.0094 0.0164 0.0153 0.0075 0.0371 0.8657 
      H091.2  2 0.0156 0.0219 0.0180 0.0320 0.0262 0.0142 0.0069 0.0793 0.7858 
      H109.1  2 0.5742 0.0181 0.1554 0.0379 0.0250 0.0385 0.0471 0.0675 0.0362 
      H109.2  2 0.8086 0.0105 0.0188 0.0675 0.0175 0.0245 0.0118 0.0264 0.0144 
      H109.3  2 0.6115 0.0630 0.1026 0.0963 0.0325 0.0143 0.0145 0.0467 0.0186 
      H109.4  2 0.6068 0.0115 0.1642 0.0329 0.0233 0.0529 0.0272 0.0632 0.0180 
      H109.5  2 0.1749 0.0590 0.0253 0.4643 0.0603 0.0116 0.0054 0.1778 0.0215 
      H109.6  2 0.6843 0.0352 0.0720 0.0530 0.0283 0.0593 0.0138 0.0371 0.0171 
      H126.1  2 0.0169 0.0531 0.2289 0.0288 0.2330 0.3175 0.0138 0.0943 0.0138 
      H126.2  2 0.0356 0.0136 0.0398 0.7251 0.0354 0.0691 0.0510 0.0145 0.0159 
      H126.3  2 0.0054 0.0217 0.0570 0.8104 0.0222 0.0238 0.0156 0.0334 0.0105 
      H126.4  2 0.0246 0.0365 0.1409 0.1205 0.0465 0.5509 0.0201 0.0375 0.0225 
      H126.5  2 0.0118 0.0489 0.0261 0.2516 0.0164 0.6174 0.0055 0.0152 0.0071 
      H126.6  2 0.0064 0.0454 0.0084 0.8653 0.0175 0.0251 0.0062 0.0089 0.0168 
      H126.7  2 0.0087 0.0087 0.0118 0.9231 0.0141 0.0114 0.0037 0.0066 0.0119 
      H130.1  2 0.0450 0.0295 0.0623 0.0120 0.0540 0.7000 0.0077 0.0190 0.0704 
      H130.2  2 0.7540 0.0175 0.0579 0.0336 0.0187 0.0207 0.0082 0.0142 0.0752 
      H130.3  2 0.0718 0.0236 0.7556 0.0383 0.0108 0.0410 0.0061 0.0087 0.0440 
      H130.4  2 0.1115 0.0693 0.3072 0.0123 0.0518 0.3193 0.0365 0.0131 0.0789 
      H130.5  2 0.2900 0.0209 0.0441 0.0657 0.0885 0.1191 0.0089 0.0238 0.3389 
      H133.1  2 0.2381 0.0436 0.1584 0.1016 0.0503 0.1074 0.1722 0.0550 0.0735 
      H133.2  2 0.2677 0.1506 0.0659 0.0413 0.0785 0.3128 0.0156 0.0249 0.0426 
      H133.3  2 0.2205 0.0492 0.0404 0.1657 0.2592 0.0130 0.1380 0.0375 0.0766 
      H133.4  2 0.2743 0.1668 0.1409 0.0443 0.0345 0.1728 0.0873 0.0471 0.0319 
      H133.5  2 0.1053 0.0382 0.6157 0.0175 0.0748 0.0615 0.0275 0.0074 0.0522 
      H133.6  2 0.1448 0.0325 0.1946 0.0229 0.0535 0.3576 0.0152 0.0109 0.1682 
      H133.7  2 0.2505 0.0692 0.0185 0.0361 0.0982 0.0313 0.1155 0.3642 0.0165 
      H133.8  2 0.1444 0.0439 0.2184 0.0466 0.1408 0.0476 0.1552 0.1283 0.0747 
      H133.9  2 0.1996 0.0367 0.3128 0.0654 0.0439 0.0687 0.1487 0.0374 0.0869 
      H147.1  2 0.0397 0.0192 0.0060 0.4225 0.0595 0.0199 0.0215 0.3600 0.0517 
      H147.2  2 0.0103 0.0071 0.0053 0.9293 0.0157 0.0101 0.0059 0.0086 0.0077 
      H147.3  2 0.0159 0.0087 0.0064 0.8957 0.0383 0.0117 0.0061 0.0106 0.0065 
      H147.4  2 0.0180 0.0092 0.0061 0.8918 0.0164 0.0060 0.0227 0.0189 0.0109 
      H147.5  2 0.0548 0.0136 0.0170 0.7427 0.0310 0.0127 0.0089 0.0343 0.0850 
      H147.6  2 0.0867 0.0219 0.0214 0.6350 0.0465 0.0141 0.0109 0.0774 0.0860 
      H147.7  2 0.0285 0.0214 0.0060 0.8396 0.0193 0.0083 0.0281 0.0376 0.0114 
      H147.8  2 0.0286 0.0106 0.0104 0.7820 0.0069 0.0044 0.0321 0.0340 0.0911 
      H147.9  2 0.0113 0.0061 0.0059 0.9247 0.0172 0.0115 0.0064 0.0109 0.0062 
      H148.1  2 0.1344 0.0239 0.0745 0.0198 0.0221 0.2457 0.0850 0.3121 0.0826 
      H148.2  2 0.0345 0.0151 0.0303 0.0305 0.0252 0.0458 0.0687 0.7295 0.0205 
      H148.3  2 0.0218 0.0130 0.0116 0.0114 0.5064 0.0133 0.0396 0.3734 0.0095 
      H148.4  2 0.0245 0.0677 0.0534 0.0280 0.0781 0.0861 0.0490 0.5940 0.0192 
      H148.5  2 0.0384 0.0346 0.0174 0.0175 0.0444 0.0199 0.0414 0.7659 0.0204 
      H148.6  2 0.0319 0.0215 0.0154 0.0203 0.0544 0.0414 0.1518 0.6131 0.0501 
      H148.7  2 0.0447 0.0160 0.0932 0.0103 0.0146 0.0215 0.0244 0.7602 0.0151 
      H148.8  2 0.0102 0.0158 0.0107 0.0081 0.0351 0.0234 0.0186 0.8674 0.0107 
      H148.9  2 0.0579 0.0241 0.0662 0.0124 0.1204 0.0779 0.1884 0.4327 0.0200 
   H166022.1  2 0.0129 0.0078 0.0069 0.0154 0.0192 0.0074 0.0107 0.0241 0.8955 
   H166022.2  2 0.0692 0.0355 0.0132 0.0533 0.0272 0.0098 0.0145 0.0306 0.7468 
   H166022.3  2 0.0112 0.0084 0.0148 0.0068 0.0050 0.0073 0.0047 0.0083 0.9336 
   H166022.4  2 0.0132 0.0110 0.0166 0.0081 0.0048 0.0055 0.0050 0.0084 0.9273 
   H166022.5  2 0.0218 0.0161 0.0115 0.0108 0.0062 0.0067 0.0061 0.0112 0.9097 
   H166022.6  2 0.0180 0.0121 0.0076 0.0096 0.0096 0.0175 0.0175 0.0223 0.8859 
   H166022.7  2 0.0165 0.0090 0.8668 0.0150 0.0077 0.0201 0.0510 0.0069 0.0072 
   H166022.8  2 0.0674 0.1042 0.0108 0.0128 0.0201 0.0263 0.0073 0.0402 0.7109 
   H167397.1  2 0.0357 0.0791 0.0104 0.0753 0.0165 0.0355 0.4952 0.2133 0.0390 
   H167397.2  2 0.0161 0.1600 0.0166 0.0327 0.1087 0.0251 0.4973 0.1127 0.0309 
   H167397.3  2 0.0114 0.1308 0.0076 0.0569 0.0155 0.0123 0.5779 0.1585 0.0291 
   H167397.4  2 0.0181 0.0113 0.0141 0.0425 0.0634 0.0062 0.7390 0.0820 0.0234 
   H167397.5  2 0.0422 0.0516 0.0329 0.0355 0.0279 0.0486 0.6654 0.0625 0.0334 
   H167397.6  2 0.0084 0.0376 0.0117 0.0377 0.0124 0.0133 0.5574 0.2906 0.0308 
   H167496.1  2 0.1517 0.2078 0.0986 0.0211 0.0597 0.0174 0.0110 0.0569 0.3757 
   H167496.2  2 0.3453 0.1180 0.0614 0.2527 0.0524 0.0322 0.0148 0.0937 0.0295 
   H167496.3  2 0.0238 0.0280 0.0213 0.0274 0.6242 0.0373 0.0082 0.0229 0.2069 
   H167496.4  2 0.0116 0.0092 0.0105 0.0168 0.0098 0.0079 0.0066 0.0074 0.9203 
   H167496.6  2 0.0442 0.0204 0.0268 0.0622 0.0114 0.0271 0.0082 0.0134 0.7862 
   H167496.7  2 0.1217 0.2720 0.0550 0.0243 0.0240 0.1387 0.0070 0.2634 0.0938 
   H167496.8  2 0.0694 0.0254 0.0218 0.1201 0.0103 0.0146 0.0091 0.0256 0.7037 
   H167513.1  2 0.5820 0.1060 0.0432 0.0499 0.0315 0.0428 0.0391 0.0611 0.0444 
   H167513.2  2 0.5011 0.0323 0.0188 0.0210 0.0700 0.1167 0.0914 0.1212 0.0275 
   H167513.3  2 0.7867 0.0226 0.0643 0.0163 0.0112 0.0269 0.0122 0.0124 0.0474 
   H167513.4  2 0.5681 0.0189 0.0408 0.0156 0.0138 0.0176 0.0146 0.0852 0.2255 
   H167513.5  2 0.5585 0.0324 0.0201 0.0502 0.0497 0.0550 0.1187 0.0780 0.0374 
   H167513.6  2 0.4953 0.1721 0.0153 0.0391 0.1153 0.0467 0.0315 0.0280 0.0567 
   H167513.7  2 0.6875 0.0204 0.0242 0.0300 0.0197 0.0270 0.0509 0.0123 0.1281 
   H167513.8  2 0.8617 0.0232 0.0234 0.0127 0.0071 0.0256 0.0292 0.0067 0.0103 
   H167547.1  2 0.0170 0.0355 0.0151 0.0075 0.0139 0.0558 0.0194 0.8158 0.0199 
   H167547.2  2 0.0153 0.0083 0.0101 0.0073 0.0117 0.0127 0.0093 0.9084 0.0169 
   H167547.3  2 0.0172 0.0143 0.0092 0.0078 0.0140 0.0142 0.0123 0.8905 0.0206 
   H167547.4  2 0.0247 0.0249 0.0345 0.0102 0.1025 0.0883 0.0368 0.2314 0.4467 
   H167547.5  2 0.0182 0.0070 0.0115 0.0088 0.0207 0.0112 0.0094 0.8824 0.0308 
   H167547.6  2 0.0183 0.0080 0.0087 0.0092 0.0126 0.0165 0.0081 0.8897 0.0289 
   H167547.7  2 0.0881 0.1787 0.0429 0.0295 0.4140 0.1319 0.0223 0.0611 0.0314 
   H169750.1  2 0.4604 0.0475 0.1931 0.0334 0.0987 0.0270 0.0181 0.0147 0.1069 
   H169750.2  2 0.2673 0.1458 0.0752 0.0756 0.0375 0.0615 0.0504 0.2652 0.0215 
   H169750.3  2 0.7040 0.0505 0.0888 0.0368 0.0468 0.0175 0.0059 0.0163 0.0333 
   H169750.4  2 0.0595 0.4106 0.1556 0.0700 0.0836 0.0653 0.0760 0.0449 0.0345 
   H169750.5  2 0.3995 0.0407 0.2082 0.0813 0.0869 0.0321 0.0150 0.0248 0.1115 
   H169750.6  2 0.2838 0.0094 0.1509 0.3895 0.0423 0.0338 0.0125 0.0380 0.0398 
   H169750.7  2 0.2701 0.2351 0.1779 0.0684 0.1425 0.0258 0.0255 0.0339 0.0209 
   H171929.1  2 0.0408 0.0283 0.0105 0.0191 0.3662 0.0258 0.4202 0.0652 0.0238 
  H171929.10  2 0.2678 0.0594 0.0092 0.0772 0.1678 0.0361 0.1083 0.1274 0.1470 
  H171929.11  2 0.1253 0.0610 0.0144 0.0245 0.2113 0.1316 0.3570 0.0559 0.0188 
   H171929.2  2 0.6792 0.0174 0.0180 0.0158 0.0186 0.0869 0.0148 0.1230 0.0262 
   H171929.3  2 0.3879 0.0508 0.0224 0.0224 0.0377 0.0600 0.1560 0.2263 0.0366 
   H171929.4  2 0.2552 0.0297 0.0353 0.0313 0.3853 0.0523 0.0089 0.0416 0.1603 
   H171929.5  2 0.5022 0.0601 0.0275 0.0243 0.0117 0.1301 0.0613 0.1506 0.0323 
   H171929.6  2 0.5308 0.0327 0.0243 0.0185 0.0097 0.1920 0.1175 0.0529 0.0217 
   H171929.7  2 0.1905 0.0255 0.0401 0.0400 0.4692 0.1079 0.0512 0.0429 0.0327 
   H171929.8  2 0.2031 0.0329 0.0112 0.0258 0.4663 0.1796 0.0270 0.0203 0.0337 
   H171929.9  2 0.3577 0.0218 0.0217 0.0843 0.1917 0.1243 0.0073 0.0296 0.1618 
   H171930.1  2 0.8862 0.0110 0.0309 0.0102 0.0076 0.0099 0.0185 0.0164 0.0094 
   H171930.2  2 0.7348 0.0099 0.0679 0.0230 0.0204 0.0249 0.0103 0.0528 0.0560 
   H171930.3  2 0.8705 0.0153 0.0412 0.0092 0.0098 0.0070 0.0206 0.0170 0.0094 
   H171930.4  2 0.7613 0.0159 0.0991 0.0092 0.0075 0.0075 0.0122 0.0604 0.0269 
   H171930.5  2 0.8154 0.0100 0.0443 0.0287 0.0176 0.0308 0.0155 0.0174 0.0204 
   H171930.6  2 0.8129 0.0161 0.0402 0.0381 0.0088 0.0114 0.0087 0.0403 0.0234 
   H171930.7  2 0.8975 0.0150 0.0141 0.0104 0.0076 0.0080 0.0257 0.0143 0.0073 
   H171930.8  2 0.8864 0.0220 0.0120 0.0143 0.0071 0.0179 0.0141 0.0171 0.0092 
   H171933.1  2 0.0152 0.0099 0.0116 0.0062 0.0173 0.0082 0.0395 0.0202 0.8720 
   H171933.2  2 0.0174 0.0199 0.0107 0.0167 0.0479 0.0099 0.0633 0.0338 0.7805 
   H171933.3  2 0.0297 0.0105 0.0095 0.0059 0.1122 0.0168 0.0146 0.0422 0.7586 
   H171933.4  2 0.1902 0.0509 0.0103 0.0089 0.0137 0.0308 0.0071 0.0169 0.6712 
   H171933.5  2 0.3190 0.0777 0.0282 0.0086 0.0160 0.1957 0.0135 0.0393 0.3020 
   H171933.6  2 0.0076 0.0067 0.0083 0.0144 0.0075 0.0046 0.0055 0.0091 0.9363 
   H171933.7  2 0.0620 0.0246 0.0171 0.0163 0.1287 0.0539 0.0240 0.0639 0.6096 
   H171933.8  2 0.2057 0.0585 0.0129 0.0196 0.0632 0.0455 0.0564 0.0380 0.5001 
   H171933.9  2 0.0279 0.0084 0.0132 0.0064 0.0091 0.0097 0.0051 0.0098 0.9103 
      H190.1  2 0.5483 0.0248 0.2916 0.0261 0.0090 0.0197 0.0068 0.0571 0.0167 
      H190.2  2 0.0328 0.0104 0.0101 0.0340 0.0394 0.0234 0.0062 0.8361 0.0076 
      H190.3  2 0.0399 0.0194 0.0299 0.0225 0.0687 0.1153 0.0130 0.6625 0.0287 
      H190.4  2 0.6858 0.0111 0.0895 0.0088 0.0166 0.0330 0.0088 0.0227 0.1235 
      H190.5  2 0.0245 0.0252 0.0281 0.0608 0.0270 0.0282 0.0053 0.7787 0.0222 
      H190.6  2 0.7271 0.0105 0.0858 0.0171 0.0235 0.0228 0.0096 0.0274 0.0762 
      H190.7  2 0.0667 0.0654 0.0241 0.0174 0.4541 0.1970 0.0124 0.1149 0.0480 
      H190.8  2 0.3100 0.0665 0.0537 0.0670 0.0909 0.0740 0.0058 0.3090 0.0231 
      H190.9  2 0.1471 0.0561 0.0324 0.0233 0.0785 0.0896 0.0103 0.5456 0.0172 
      H400.1  2 0.0140 0.0106 0.0076 0.0085 0.0061 0.0191 0.0072 0.0080 0.9189 
      H400.2  2 0.0116 0.0064 0.0070 0.0165 0.0062 0.0090 0.0098 0.0080 0.9254 
      H400.3  2 0.0249 0.0150 0.0242 0.0114 0.0136 0.0218 0.0135 0.0217 0.8540 
      H400.4  2 0.0291 0.0105 0.0123 0.0240 0.0112 0.0105 0.0051 0.0193 0.8782 
      H400.5  2 0.0309 0.0115 0.0112 0.0086 0.0083 0.0138 0.0074 0.0099 0.8984 
      H400.6  2 0.0080 0.0079 0.0060 0.0104 0.0072 0.0163 0.0041 0.0095 0.9306 
      H400.7  2 0.0185 0.0104 0.0077 0.0070 0.0133 0.0096 0.0070 0.0136 0.9130 
 H428.1_2005  2 0.0066 0.0089 0.0127 0.0086 0.0090 0.0066 0.0085 0.0066 0.9325 
 H428.1_2006  2 0.0064 0.0183 0.0077 0.0182 0.0203 0.0055 0.0064 0.0085 0.9086 
 H428.2_2005  2 0.0090 0.0090 0.0059 0.0059 0.0053 0.0056 0.0090 0.0084 0.9417 
 H428.2_2006  2 0.0150 0.0096 0.0074 0.0414 0.0220 0.0078 0.0097 0.0077 0.8796 
 H428.3_2005  2 0.0080 0.0101 0.0079 0.0089 0.0081 0.0047 0.0052 0.0060 0.9412 
 H428.3_2006  2 0.0112 0.0106 0.0092 0.0320 0.0104 0.0086 0.0114 0.0093 0.8973 
 H428.4_2005  2 0.0086 0.0143 0.0125 0.0063 0.0077 0.0042 0.0061 0.0078 0.9325 
 H428.4_2006  2 0.0049 0.0075 0.0081 0.0089 0.0169 0.0050 0.0088 0.0050 0.9349 
 H428.5_2005  2 0.0070 0.0050 0.0078 0.0123 0.0074 0.0079 0.0239 0.0081 0.9205 
 H428.6_2005  2 0.0079 0.0175 0.0100 0.0083 0.0078 0.0071 0.0044 0.0059 0.9311 
 H428.6_2006  2 0.0124 0.0129 0.0348 0.0206 0.0168 0.0061 0.0361 0.0053 0.8550 
      H428.7  2 0.0042 0.0036 0.0084 0.0069 0.0079 0.0070 0.0053 0.0045 0.9521 
      H428.8  2 0.0182 0.0059 0.0121 0.0159 0.0068 0.0070 0.0175 0.0074 0.9093 
      H428.9  2 0.0084 0.0052 0.0080 0.0091 0.0055 0.0078 0.0150 0.0091 0.9320 
      H453.1  2 0.0139 0.0112 0.0129 0.0309 0.0115 0.0070 0.0052 0.0086 0.8987 
      H453.2  2 0.0308 0.0094 0.0212 0.0106 0.0179 0.0101 0.0065 0.0102 0.8834 
      H453.3  2 0.0198 0.0115 0.0114 0.0081 0.0192 0.0174 0.0046 0.0093 0.8986 
      H453.4  2 0.0229 0.0091 0.0150 0.0108 0.0124 0.0126 0.0036 0.0126 0.9008 
      H453.5  2 0.0118 0.0119 0.0173 0.0332 0.0080 0.0076 0.0064 0.0078 0.8960 
      H453.6  2 0.0079 0.0061 0.0131 0.0322 0.0091 0.0042 0.0054 0.0065 0.9156 
      H453.7  2 0.2103 0.0407 0.0192 0.2027 0.3207 0.0536 0.0049 0.0295 0.1184 
      H453.8  2 0.1710 0.0264 0.0228 0.1559 0.0563 0.0538 0.0079 0.0424 0.4635 
      H453.9  2 0.0748 0.0114 0.0374 0.4369 0.0820 0.0335 0.0064 0.0095 0.3081 
      H512.1  2 0.0414 0.0126 0.1354 0.0192 0.0207 0.0121 0.0043 0.0186 0.7356 
     H512.10  2 0.0697 0.0593 0.3775 0.0779 0.0390 0.0137 0.0939 0.0459 0.2230 
      H512.2  2 0.0326 0.0421 0.3416 0.0313 0.0335 0.0300 0.0196 0.2006 0.2687 
      H512.3  2 0.0276 0.0426 0.7619 0.0134 0.0316 0.0121 0.0187 0.0343 0.0579 
      H512.4  2 0.2076 0.0576 0.0846 0.1331 0.0301 0.0350 0.0222 0.0893 0.3405 
      H512.5  2 0.0113 0.1110 0.7879 0.0124 0.0140 0.0108 0.0142 0.0164 0.0221 
      H512.6  2 0.0641 0.1328 0.6114 0.0128 0.0504 0.0232 0.0062 0.0404 0.0587 
      H512.7  2 0.0100 0.0160 0.8696 0.0167 0.0134 0.0065 0.0094 0.0155 0.0430 
      H512.8  2 0.1127 0.0323 0.2543 0.0177 0.0206 0.0192 0.0090 0.4653 0.0689 
      H512.9  2 0.0089 0.0227 0.8065 0.0148 0.0205 0.0092 0.0131 0.0132 0.0911 
      H513.1  2 0.0091 0.0076 0.0052 0.0095 0.0063 0.0052 0.0130 0.0074 0.9366 
      H513.2  2 0.0132 0.0064 0.0052 0.0085 0.0070 0.0077 0.0146 0.0112 0.9262 
      H513.3  2 0.0092 0.0063 0.0064 0.0073 0.0055 0.0060 0.0062 0.0072 0.9459 
      H513.4  2 0.0309 0.0107 0.0099 0.0269 0.0137 0.0067 0.0047 0.0158 0.8807 
      H513.5  2 0.0170 0.0081 0.0197 0.0105 0.0111 0.0056 0.0139 0.0072 0.9068 
      H513.6  2 0.1472 0.0122 0.0302 0.0153 0.0439 0.0336 0.3266 0.0337 0.3574 
      H532.1  2 0.0095 0.0298 0.0229 0.0356 0.0087 0.0096 0.0145 0.0164 0.8531 
      H532.2  2 0.0793 0.0147 0.0126 0.0484 0.0693 0.0111 0.0137 0.0276 0.7233 
