      H105.1  1 0.0076 0.0056 0.0043 0.0060 0.0097 0.3592 0.0228 0.0078 0.0097 0.0267 0.0060 0.0250 0.0141 0.0434 0.0083 0.0181 0.0072 0.3352 0.0089 0.0078 0.0292 0.0204 0.0171 
      H105.2  1 0.0111 0.0102 0.0224 0.0258 0.0052 0.1254 0.0127 0.0090 0.0055 0.0394 0.0093 0.0096 0.0266 0.0503 0.0085 0.0063 0.0168 0.0637 0.0319 0.0078 0.0076 0.4853 0.0098 
      H105.3  1 0.0062 0.0055 0.0182 0.0138 0.0124 0.7417 0.0134 0.0060 0.0065 0.0133 0.0105 0.0238 0.0250 0.0144 0.0099 0.0055 0.0048 0.0186 0.0107 0.0039 0.0147 0.0067 0.0145 
      H105.4  1 0.0079 0.0171 0.1194 0.0297 0.0103 0.3110 0.0122 0.0113 0.0102 0.0418 0.0191 0.0159 0.0070 0.1214 0.0100 0.0078 0.0086 0.0368 0.0118 0.0114 0.0217 0.1463 0.0113 
      H105.5  1 0.0064 0.0164 0.0477 0.0197 0.0170 0.0257 0.1093 0.0092 0.0301 0.1520 0.0180 0.0237 0.0391 0.1159 0.0188 0.0370 0.0128 0.1143 0.0206 0.0135 0.0512 0.0934 0.0083 
      H105.6  1 0.0045 0.0075 0.0256 0.0152 0.0172 0.7199 0.0073 0.0055 0.0203 0.0198 0.0185 0.0137 0.0082 0.0260 0.0128 0.0039 0.0059 0.0174 0.0051 0.0056 0.0105 0.0155 0.0144 
      H105.7  1 0.0049 0.0037 0.0053 0.0054 0.0067 0.5375 0.0097 0.0163 0.0109 0.0302 0.0122 0.0228 0.0083 0.0764 0.0084 0.0147 0.0074 0.0949 0.0059 0.0104 0.0165 0.0577 0.0337 
      H105.8  1 0.0082 0.0104 0.0102 0.0200 0.0052 0.6053 0.0057 0.0058 0.0081 0.0375 0.0063 0.0086 0.0111 0.0267 0.0095 0.0046 0.0183 0.1169 0.0105 0.0041 0.0084 0.0169 0.0418 
      H115.1  1 0.0077 0.0089 0.0121 0.0254 0.0262 0.0129 0.0074 0.0123 0.6889 0.0221 0.0171 0.0383 0.0154 0.0097 0.0069 0.0180 0.0165 0.0068 0.0070 0.0043 0.0068 0.0074 0.0221 
      H115.2  1 0.0079 0.0062 0.0086 0.0080 0.0104 0.0127 0.0119 0.0059 0.8238 0.0111 0.0058 0.0077 0.0078 0.0043 0.0111 0.0094 0.0126 0.0048 0.0063 0.0046 0.0049 0.0065 0.0078 
      H115.3  1 0.0076 0.0239 0.1120 0.0068 0.0317 0.0143 0.0395 0.0071 0.5867 0.0238 0.0033 0.0088 0.0046 0.0079 0.0089 0.0246 0.0112 0.0036 0.0170 0.0062 0.0107 0.0335 0.0064 
      H115.4  1 0.0061 0.1139 0.0119 0.0509 0.0436 0.0122 0.2446 0.0088 0.0590 0.0330 0.0053 0.0120 0.1575 0.0160 0.0070 0.0933 0.0329 0.0065 0.0378 0.0059 0.0135 0.0187 0.0098 
      H115.5  1 0.0488 0.0217 0.0496 0.0150 0.0734 0.0258 0.0168 0.0092 0.3428 0.0771 0.0212 0.0161 0.0193 0.0173 0.0059 0.0386 0.0200 0.0086 0.0848 0.0168 0.0207 0.0168 0.0340 
      H115.6  1 0.0149 0.0220 0.0541 0.0045 0.0378 0.0117 0.1871 0.0219 0.3834 0.0286 0.0055 0.0275 0.0092 0.0078 0.0374 0.0210 0.0080 0.0059 0.0197 0.0071 0.0136 0.0541 0.0173 
      H115.7  1 0.0041 0.0107 0.0223 0.0106 0.0172 0.0105 0.0634 0.0224 0.3466 0.0332 0.0098 0.0540 0.0146 0.0106 0.0158 0.0211 0.0112 0.0047 0.0280 0.0070 0.0098 0.2676 0.0050 
      H115.8  1 0.0410 0.0281 0.0138 0.0042 0.0287 0.0204 0.0331 0.0132 0.6001 0.0217 0.0051 0.0176 0.0090 0.0112 0.0166 0.0178 0.0163 0.0061 0.0286 0.0051 0.0080 0.0125 0.0420 
      H115.9  1 0.0052 0.0048 0.0163 0.0115 0.0120 0.0055 0.0039 0.0065 0.7925 0.0098 0.0091 0.0215 0.0166 0.0171 0.0064 0.0161 0.0063 0.0051 0.0039 0.0042 0.0057 0.0041 0.0159 
      H145.1  1 0.0324 0.0074 0.0146 0.0054 0.0099 0.0045 0.0052 0.0037 0.0078 0.0046 0.0056 0.0092 0.0055 0.0127 0.0198 0.0055 0.0041 0.0048 0.0031 0.8146 0.0066 0.0041 0.0091 
      H145.2  1 0.0278 0.0102 0.1160 0.0081 0.0129 0.0053 0.0083 0.0035 0.0060 0.0097 0.0065 0.0078 0.0055 0.0139 0.0123 0.0077 0.0042 0.0224 0.0035 0.6771 0.0059 0.0181 0.0075 
      H145.3  1 0.0638 0.0054 0.0085 0.0054 0.0040 0.0031 0.0047 0.0059 0.0064 0.0088 0.0043 0.0059 0.0036 0.0131 0.0136 0.0050 0.0046 0.0048 0.0104 0.7842 0.0067 0.0054 0.0224 
      H145.4  1 0.0073 0.0050 0.0063 0.0041 0.0076 0.0044 0.0036 0.0027 0.0050 0.0045 0.0053 0.0123 0.0028 0.0068 0.0057 0.0052 0.0031 0.0044 0.0041 0.8845 0.0043 0.0056 0.0053 
      H145.5  1 0.1778 0.0066 0.0050 0.0050 0.0070 0.0039 0.0068 0.0047 0.0051 0.0078 0.0065 0.0070 0.0039 0.0079 0.0175 0.0040 0.0050 0.0048 0.0071 0.6902 0.0048 0.0049 0.0068 
      H145.6  1 0.0158 0.0084 0.0575 0.0071 0.0073 0.0034 0.0050 0.0061 0.0043 0.0091 0.0049 0.0082 0.0029 0.0082 0.0047 0.0064 0.0046 0.0127 0.0103 0.7736 0.0036 0.0307 0.0054 
      H145.7  1 0.0040 0.0091 0.0061 0.0056 0.0067 0.0033 0.0051 0.0038 0.0036 0.0068 0.0039 0.0057 0.0027 0.0074 0.0053 0.0062 0.0036 0.0052 0.0086 0.8771 0.0046 0.0098 0.0058 
      H149.1  1 0.0042 0.0033 0.0035 0.0035 0.9196 0.0030 0.0039 0.0039 0.0033 0.0043 0.0051 0.0035 0.0033 0.0032 0.0048 0.0038 0.0035 0.0034 0.0028 0.0040 0.0031 0.0032 0.0039 
      H149.2  1 0.0031 0.0026 0.0063 0.0057 0.7691 0.0055 0.0207 0.0049 0.0040 0.0096 0.0054 0.0077 0.0049 0.0071 0.0059 0.0141 0.0040 0.0065 0.0038 0.0397 0.0104 0.0551 0.0040 
      H149.3  1 0.0044 0.0054 0.0102 0.0162 0.6235 0.0151 0.0260 0.0118 0.0061 0.0186 0.0134 0.0224 0.0044 0.0092 0.0092 0.0365 0.0111 0.0052 0.0098 0.0810 0.0113 0.0401 0.0092 
      H149.4  1 0.0099 0.0094 0.0077 0.0113 0.8265 0.0151 0.0043 0.0091 0.0041 0.0091 0.0079 0.0052 0.0031 0.0050 0.0065 0.0083 0.0050 0.0161 0.0040 0.0049 0.0045 0.0178 0.0052 
      H149.5  1 0.0039 0.0059 0.0058 0.0174 0.4333 0.0103 0.0089 0.0111 0.0037 0.0201 0.0073 0.0088 0.0061 0.0094 0.0049 0.0451 0.0085 0.0139 0.0059 0.0811 0.0125 0.2691 0.0069 
      H149.6  1 0.0038 0.0029 0.0044 0.0060 0.7226 0.0055 0.0133 0.0073 0.0028 0.0102 0.0076 0.0055 0.0049 0.0059 0.0050 0.0139 0.0039 0.0066 0.0032 0.0286 0.0067 0.1260 0.0035 
      H149.7  1 0.0109 0.0140 0.0141 0.0298 0.4692 0.0249 0.0155 0.0755 0.0050 0.0550 0.0550 0.0122 0.0087 0.0076 0.0130 0.0246 0.0101 0.0213 0.0059 0.0318 0.0143 0.0663 0.0154 
      H150.1  1 0.0071 0.0076 0.0149 0.0034 0.0031 0.0110 0.0143 0.0043 0.8325 0.0237 0.0051 0.0058 0.0035 0.0046 0.0062 0.0058 0.0044 0.0051 0.0066 0.0054 0.0049 0.0144 0.0063 
      H150.2  1 0.0195 0.0310 0.0069 0.0064 0.0158 0.0112 0.0463 0.0073 0.6798 0.0155 0.0069 0.0277 0.0079 0.0043 0.0104 0.0138 0.0077 0.0063 0.0097 0.0043 0.0143 0.0423 0.0048 
      H150.3  1 0.0078 0.0102 0.0056 0.0044 0.0061 0.0120 0.0169 0.0104 0.7354 0.0125 0.0099 0.0698 0.0070 0.0062 0.0068 0.0059 0.0055 0.0066 0.0140 0.0083 0.0065 0.0240 0.0081 
      H150.4  1 0.0095 0.0063 0.0054 0.0031 0.0037 0.0056 0.0084 0.0079 0.8574 0.0061 0.0081 0.0092 0.0059 0.0066 0.0058 0.0053 0.0035 0.0045 0.0083 0.0088 0.0059 0.0078 0.0068 
      H150.5  1 0.0045 0.0209 0.0148 0.0081 0.0093 0.0380 0.0307 0.0097 0.6365 0.0265 0.0048 0.0189 0.0048 0.0089 0.0099 0.0150 0.0113 0.0051 0.0106 0.0088 0.0162 0.0808 0.0061 
      H150.6  1 0.0099 0.0328 0.0146 0.0043 0.0089 0.0951 0.1756 0.0071 0.1701 0.1005 0.0036 0.0081 0.0053 0.0048 0.0139 0.0352 0.0124 0.0055 0.0338 0.0077 0.0086 0.2385 0.0037 
      H150.7  1 0.0058 0.0101 0.0236 0.0031 0.0039 0.0062 0.0072 0.0035 0.8601 0.0066 0.0040 0.0101 0.0038 0.0055 0.0055 0.0035 0.0043 0.0052 0.0052 0.0050 0.0044 0.0078 0.0056 
   H169607.1  1 0.0251 0.0267 0.0387 0.0360 0.0072 0.0084 0.0069 0.0196 0.0544 0.0813 0.0098 0.0242 0.1412 0.0121 0.0223 0.0248 0.0498 0.0344 0.0271 0.1505 0.1000 0.0818 0.0177 
   H169607.2  1 0.0045 0.0417 0.0155 0.0229 0.0083 0.0076 0.0115 0.0080 0.0741 0.0806 0.0066 0.0626 0.0193 0.2552 0.0551 0.0098 0.0222 0.0317 0.0088 0.1106 0.0655 0.0398 0.0383 
   H169607.3  1 0.0149 0.0139 0.0559 0.0441 0.0054 0.0068 0.0070 0.0225 0.0137 0.0939 0.0079 0.0153 0.0141 0.0638 0.0136 0.0728 0.0346 0.0439 0.0208 0.1713 0.0732 0.1509 0.0396 
   H169607.4  1 0.0064 0.0088 0.0254 0.0060 0.0044 0.0070 0.0069 0.0105 0.0198 0.0358 0.0070 0.0087 0.0110 0.1370 0.2429 0.0055 0.0230 0.0657 0.0058 0.2006 0.1158 0.0381 0.0081 
   H169607.5  1 0.0076 0.0654 0.0322 0.0254 0.0124 0.0053 0.0135 0.0070 0.1345 0.0747 0.0039 0.0173 0.0144 0.1178 0.0127 0.0458 0.0121 0.0161 0.0074 0.0895 0.0847 0.1603 0.0400 
   H169607.6  1 0.0038 0.0309 0.0180 0.0250 0.0085 0.0075 0.0089 0.0093 0.0319 0.0565 0.0051 0.0124 0.0236 0.3759 0.0326 0.0081 0.0384 0.0518 0.0116 0.0734 0.0565 0.0788 0.0314 
   H169607.7  1 0.0070 0.2313 0.0144 0.0604 0.0105 0.0243 0.0185 0.0100 0.0359 0.0655 0.0041 0.0334 0.0301 0.1090 0.0266 0.0081 0.0534 0.0410 0.0148 0.0403 0.0585 0.0323 0.0705 
   H169607.8  1 0.0039 0.0082 0.0254 0.0087 0.0043 0.0054 0.0044 0.0068 0.0113 0.0381 0.0067 0.0151 0.0122 0.3676 0.1260 0.0083 0.0301 0.0678 0.0073 0.0466 0.1533 0.0277 0.0146 
   H169633.1  1 0.0165 0.0035 0.0085 0.0047 0.7106 0.0159 0.0109 0.0133 0.0126 0.0157 0.0094 0.0199 0.0105 0.0061 0.0067 0.0076 0.0534 0.0061 0.0202 0.0334 0.0052 0.0039 0.0056 
   H169633.2  1 0.0110 0.0122 0.0051 0.0164 0.6620 0.0122 0.0190 0.0583 0.0042 0.0277 0.0085 0.0152 0.0317 0.0041 0.0046 0.0049 0.0310 0.0113 0.0119 0.0144 0.0043 0.0178 0.0123 
   H169633.3  1 0.0065 0.0057 0.0054 0.0120 0.7421 0.0198 0.0490 0.0096 0.0090 0.0114 0.0217 0.0136 0.0092 0.0045 0.0065 0.0128 0.0104 0.0061 0.0084 0.0130 0.0048 0.0035 0.0150 
   H169633.4  1 0.0141 0.0040 0.0175 0.0067 0.7745 0.0238 0.0126 0.0047 0.0107 0.0119 0.0083 0.0153 0.0061 0.0068 0.0066 0.0151 0.0086 0.0107 0.0132 0.0104 0.0068 0.0043 0.0073 
   H169633.5  1 0.0126 0.0043 0.0175 0.0086 0.7759 0.0209 0.0179 0.0042 0.0127 0.0094 0.0083 0.0167 0.0057 0.0072 0.0074 0.0122 0.0083 0.0109 0.0130 0.0092 0.0061 0.0047 0.0063 
   H169688.1  1 0.0046 0.0056 0.0044 0.0271 0.0147 0.0046 0.0050 0.0652 0.0122 0.0366 0.0252 0.0062 0.0078 0.0423 0.0174 0.0057 0.5431 0.0039 0.0427 0.0772 0.0075 0.0334 0.0075 
   H169688.2  1 0.0053 0.0176 0.0032 0.0086 0.0056 0.0076 0.0050 0.0489 0.0060 0.0138 0.0116 0.0043 0.0039 0.0097 0.0063 0.0048 0.7816 0.0098 0.0114 0.0102 0.0040 0.0123 0.0084 
   H169688.3  1 0.0052 0.0202 0.0049 0.0039 0.0102 0.0086 0.0059 0.0170 0.0129 0.0285 0.0104 0.0080 0.0078 0.0076 0.0067 0.0062 0.7510 0.0096 0.0080 0.0281 0.0060 0.0290 0.0044 
   H169688.4  1 0.0160 0.0407 0.0100 0.0061 0.0063 0.0124 0.0054 0.0104 0.1330 0.0200 0.0096 0.0082 0.0054 0.0081 0.0072 0.0069 0.6481 0.0055 0.0101 0.0126 0.0058 0.0061 0.0062 
   H169688.5  1 0.0141 0.0384 0.0109 0.0057 0.0074 0.0096 0.0043 0.0134 0.1510 0.0202 0.0084 0.0084 0.0056 0.0057 0.0060 0.0067 0.6371 0.0059 0.0099 0.0134 0.0046 0.0073 0.0060 
   H169688.6  1 0.0233 0.0184 0.0067 0.0837 0.0147 0.0188 0.0030 0.0299 0.0143 0.0246 0.0066 0.0040 0.0038 0.0086 0.0052 0.0057 0.6552 0.0057 0.0129 0.0220 0.0053 0.0227 0.0048 
   H169688.7  1 0.0108 0.1148 0.0083 0.0048 0.0124 0.0065 0.0156 0.0129 0.0130 0.0395 0.0134 0.0070 0.0088 0.0073 0.0122 0.0063 0.5799 0.0192 0.0163 0.0700 0.0062 0.0068 0.0080 
   H171901.1  1 0.0428 0.0345 0.0221 0.0052 0.0057 0.0046 0.0135 0.0092 0.0113 0.0208 0.0132 0.0086 0.0116 0.0105 0.0058 0.0143 0.0138 0.0127 0.0063 0.0109 0.0051 0.7086 0.0092 
   H171901.2  1 0.0063 0.0110 0.0129 0.0039 0.8093 0.0082 0.0154 0.0064 0.0108 0.0098 0.0042 0.0057 0.0050 0.0168 0.0167 0.0050 0.0112 0.0054 0.0045 0.0110 0.0071 0.0061 0.0073 
   H171901.3  1 0.0062 0.0266 0.0218 0.0127 0.6612 0.0057 0.0080 0.0466 0.0136 0.0218 0.0088 0.0068 0.0057 0.0077 0.0109 0.0152 0.0435 0.0098 0.0159 0.0141 0.0061 0.0244 0.0070 
   H171901.4  1 0.0055 0.0176 0.0091 0.0063 0.7878 0.0167 0.0120 0.0100 0.0094 0.0124 0.0046 0.0060 0.0068 0.0100 0.0113 0.0053 0.0176 0.0082 0.0074 0.0073 0.0131 0.0087 0.0071 
   H171901.5  1 0.0065 0.0169 0.0241 0.0081 0.6823 0.0126 0.0170 0.0204 0.0116 0.0149 0.0073 0.0056 0.0095 0.0077 0.0392 0.0125 0.0169 0.0135 0.0059 0.0172 0.0233 0.0202 0.0066 
   H171901.6  1 0.0057 0.0118 0.0396 0.0123 0.5046 0.0351 0.0171 0.0236 0.0328 0.0200 0.0136 0.0087 0.0128 0.0111 0.0900 0.0079 0.0258 0.0158 0.0039 0.0377 0.0353 0.0254 0.0095 
   H171901.7  1 0.0053 0.0395 0.0118 0.0226 0.5943 0.0114 0.0139 0.0250 0.0279 0.0225 0.0116 0.0067 0.0053 0.0162 0.0213 0.0109 0.0638 0.0076 0.0085 0.0379 0.0066 0.0110 0.0185 
   H171902.1  1 0.0483 0.0078 0.0181 0.0155 0.0075 0.0052 0.0060 0.0076 0.0215 0.0257 0.0081 0.0054 0.0304 0.0082 0.7010 0.0031 0.0173 0.0081 0.0103 0.0194 0.0094 0.0054 0.0106 
  H171902.10  1 0.0085 0.0073 0.0064 0.0088 0.0109 0.0030 0.0083 0.0047 0.0063 0.0067 0.0034 0.0042 0.0062 0.0095 0.8548 0.0035 0.0105 0.0048 0.0094 0.0053 0.0049 0.0081 0.0043 
   H171902.2  1 0.0430 0.0094 0.0110 0.0307 0.0186 0.0194 0.0066 0.0322 0.0202 0.1335 0.0198 0.0092 0.0151 0.0100 0.3572 0.0056 0.0629 0.0117 0.0771 0.0207 0.0235 0.0109 0.0519 
   H171902.3  1 0.0145 0.0165 0.0093 0.0170 0.0484 0.0091 0.0107 0.0099 0.0408 0.0413 0.0087 0.0087 0.0224 0.0137 0.6113 0.0051 0.0304 0.0174 0.0106 0.0103 0.0164 0.0151 0.0126 
   H171902.4  1 0.0252 0.0035 0.0060 0.0050 0.0640 0.0088 0.0071 0.0067 0.0139 0.0086 0.0071 0.0141 0.0042 0.0074 0.7699 0.0040 0.0068 0.0037 0.0048 0.0083 0.0043 0.0065 0.0099 
   H171902.6  1 0.0082 0.0036 0.0080 0.0092 0.0064 0.0027 0.0082 0.0044 0.0095 0.0067 0.0058 0.0039 0.0064 0.0095 0.8592 0.0037 0.0059 0.0051 0.0083 0.0062 0.0052 0.0075 0.0063 
   H171902.7  1 0.0197 0.0056 0.0086 0.0054 0.0132 0.0041 0.0184 0.0058 0.0070 0.0104 0.0045 0.0070 0.0060 0.0097 0.7364 0.0033 0.0070 0.0079 0.0039 0.0147 0.0142 0.0830 0.0044 
   H171902.8  1 0.0119 0.0059 0.0083 0.0117 0.0117 0.0046 0.0129 0.0087 0.0156 0.0103 0.0055 0.0050 0.0079 0.0100 0.7993 0.0050 0.0064 0.0100 0.0105 0.0071 0.0090 0.0169 0.0058 
   H171902.9  1 0.0364 0.0059 0.0131 0.0074 0.0078 0.0093 0.0066 0.0062 0.1057 0.0222 0.0110 0.0136 0.0053 0.0108 0.6753 0.0039 0.0086 0.0059 0.0051 0.0118 0.0079 0.0097 0.0105 
   H171903.1  1 0.0047 0.0660 0.0092 0.0132 0.0172 0.0099 0.0105 0.0077 0.0577 0.0478 0.0050 0.0093 0.0200 0.5940 0.0115 0.0106 0.0084 0.0053 0.0049 0.0282 0.0190 0.0196 0.0201 
   H171903.2  1 0.0108 0.0726 0.0140 0.0125 0.0081 0.0149 0.0077 0.0071 0.0432 0.0345 0.0078 0.0064 0.0180 0.5598 0.0098 0.0326 0.0080 0.0383 0.0050 0.0134 0.0326 0.0090 0.0341 
   H171903.3  1 0.0122 0.0710 0.0193 0.0227 0.0144 0.0090 0.0311 0.0217 0.0489 0.1862 0.0168 0.0142 0.0655 0.1809 0.0392 0.0625 0.0243 0.0310 0.0059 0.0128 0.0418 0.0452 0.0234 
   H171903.4  1 0.0090 0.0213 0.0322 0.0085 0.0056 0.0083 0.0092 0.0509 0.0170 0.0455 0.0129 0.0117 0.0059 0.0384 0.0323 0.0105 0.0223 0.0065 0.0128 0.0644 0.0115 0.5565 0.0070 
   H171903.5  1 0.0096 0.0779 0.0081 0.0122 0.0246 0.0122 0.0138 0.0165 0.0475 0.1479 0.0124 0.0057 0.0744 0.0539 0.0110 0.1373 0.0670 0.1672 0.0075 0.0174 0.0337 0.0207 0.0212 
   H171903.6  1 0.0045 0.0873 0.0293 0.0147 0.0468 0.0061 0.0081 0.0125 0.0358 0.1590 0.0078 0.0056 0.0067 0.1152 0.0116 0.0393 0.2021 0.0348 0.0103 0.0173 0.0734 0.0532 0.0186 
      H177.1  1 0.0093 0.0143 0.0149 0.0821 0.1728 0.0050 0.0113 0.1628 0.0306 0.0538 0.0179 0.0068 0.0050 0.0230 0.2402 0.0079 0.0228 0.0094 0.0058 0.0181 0.0177 0.0607 0.0080 
      H177.2  1 0.0125 0.0416 0.0203 0.0521 0.1118 0.0067 0.0214 0.0173 0.0141 0.1190 0.0127 0.0204 0.0067 0.0189 0.0881 0.0486 0.0327 0.0537 0.0174 0.0486 0.1818 0.0046 0.0491 
      H177.3  1 0.0169 0.0310 0.1227 0.0678 0.2950 0.0054 0.0276 0.0115 0.0148 0.0657 0.0234 0.0086 0.0058 0.0179 0.1202 0.0122 0.0248 0.0300 0.0056 0.0309 0.0418 0.0087 0.0118 
      H177.4  1 0.0117 0.0083 0.0106 0.5061 0.0599 0.0122 0.0107 0.1426 0.0059 0.0299 0.0088 0.0070 0.0048 0.0234 0.0433 0.0119 0.0106 0.0086 0.0035 0.0283 0.0207 0.0227 0.0083 
      H177.5  1 0.0067 0.0193 0.0131 0.0120 0.0320 0.0208 0.0206 0.5129 0.0146 0.0756 0.0131 0.0085 0.0044 0.0231 0.0411 0.0237 0.0369 0.0212 0.0089 0.0125 0.0483 0.0157 0.0149 
      H177.6  1 0.0223 0.0245 0.0898 0.0311 0.4197 0.0048 0.0223 0.0119 0.0164 0.0422 0.0206 0.0072 0.0067 0.0101 0.1449 0.0145 0.0200 0.0298 0.0034 0.0152 0.0262 0.0063 0.0100 
      H179.1  1 0.0044 0.0117 0.0227 0.4262 0.0117 0.0178 0.0073 0.1201 0.0116 0.0272 0.0489 0.0193 0.0592 0.0040 0.0095 0.0108 0.0525 0.0833 0.0082 0.0060 0.0175 0.0115 0.0087 
      H179.2  1 0.0038 0.0144 0.0085 0.7018 0.0058 0.0075 0.0094 0.0293 0.0114 0.0177 0.0146 0.0148 0.0435 0.0067 0.0071 0.0092 0.0145 0.0319 0.0051 0.0063 0.0212 0.0080 0.0074 
      H179.3  1 0.0053 0.0414 0.0240 0.2921 0.0065 0.0110 0.0067 0.1168 0.0191 0.0314 0.0145 0.0193 0.0454 0.0147 0.0080 0.0370 0.1847 0.0639 0.0150 0.0054 0.0099 0.0106 0.0171 
      H179.4  1 0.0038 0.0177 0.0073 0.7907 0.0102 0.0061 0.0090 0.0194 0.0045 0.0121 0.0106 0.0063 0.0081 0.0053 0.0070 0.0081 0.0101 0.0156 0.0073 0.0113 0.0116 0.0083 0.0097 
      H180.1  1 0.0143 0.0796 0.0136 0.0196 0.0083 0.0409 0.0746 0.0069 0.0505 0.3434 0.0090 0.0058 0.0812 0.0090 0.0837 0.0664 0.0282 0.0089 0.0223 0.0040 0.0063 0.0185 0.0052 
      H180.2  1 0.0098 0.0411 0.0165 0.0104 0.0121 0.1083 0.0167 0.0116 0.0642 0.5192 0.0162 0.0043 0.0083 0.0098 0.0264 0.0103 0.0247 0.0060 0.0244 0.0053 0.0072 0.0411 0.0061 
      H180.3  1 0.0104 0.0608 0.0174 0.0094 0.0062 0.0347 0.0101 0.0070 0.3692 0.1462 0.0561 0.0053 0.1165 0.0176 0.0083 0.0392 0.0071 0.0075 0.0078 0.0080 0.0100 0.0059 0.0392 
      H180.4  1 0.0140 0.0249 0.0092 0.0205 0.0283 0.2821 0.1157 0.0103 0.0178 0.2837 0.0128 0.0056 0.0048 0.0073 0.0405 0.0196 0.0327 0.0129 0.0138 0.0068 0.0102 0.0169 0.0095 
      H180.5  1 0.0505 0.0431 0.0063 0.0264 0.0105 0.0189 0.3004 0.0149 0.0513 0.2586 0.0059 0.0075 0.0067 0.0185 0.0163 0.0116 0.0326 0.0066 0.0247 0.0062 0.0359 0.0123 0.0343 
      H180.6  1 0.0422 0.0449 0.0161 0.0082 0.0148 0.0227 0.0936 0.0061 0.0330 0.0723 0.0099 0.0112 0.0083 0.0090 0.0120 0.0095 0.0080 0.0107 0.0278 0.0186 0.0143 0.0115 0.4952 
      H181.1  1 0.0149 0.0043 0.0090 0.0995 0.1533 0.0082 0.0338 0.0082 0.0144 0.0805 0.0079 0.0060 0.0119 0.0661 0.0334 0.1184 0.0463 0.0439 0.1782 0.0158 0.0195 0.0179 0.0083 
      H181.2  1 0.0183 0.0059 0.0067 0.2742 0.0600 0.0133 0.0729 0.0088 0.0117 0.0492 0.0101 0.0121 0.0115 0.0248 0.1813 0.0222 0.0250 0.0068 0.1261 0.0249 0.0121 0.0144 0.0078 
      H181.3  1 0.0115 0.0073 0.0088 0.2412 0.0798 0.0083 0.0254 0.0152 0.0061 0.0751 0.0080 0.0086 0.0041 0.0227 0.0762 0.0079 0.0396 0.0056 0.2855 0.0116 0.0180 0.0263 0.0070 
      H181.4  1 0.0043 0.0114 0.0107 0.0435 0.0855 0.0094 0.0278 0.0131 0.0845 0.1083 0.0201 0.0234 0.0073 0.0232 0.0443 0.2684 0.0121 0.0116 0.0530 0.0378 0.0743 0.0130 0.0129 
      H181.5  1 0.0107 0.0046 0.0074 0.5236 0.0099 0.0124 0.0490 0.0279 0.0070 0.0399 0.0357 0.0172 0.0132 0.0090 0.0130 0.0128 0.0214 0.0214 0.1161 0.0091 0.0143 0.0152 0.0095 
      H181.6  1 0.0055 0.0083 0.0092 0.5791 0.0100 0.0534 0.0520 0.0148 0.0264 0.0303 0.0116 0.0113 0.0377 0.0121 0.0248 0.0236 0.0181 0.0135 0.0105 0.0088 0.0172 0.0134 0.0082 
      H181.7  1 0.0056 0.0065 0.0074 0.6195 0.0284 0.0088 0.0057 0.0053 0.0162 0.0359 0.0058 0.0096 0.0057 0.0105 0.0081 0.0343 0.0392 0.0940 0.0209 0.0098 0.0052 0.0068 0.0109 
 H194.1_2004  1 0.0083 0.0135 0.0067 0.0062 0.0219 0.0071 0.0233 0.0094 0.0324 0.0280 0.0115 0.0086 0.0101 0.0277 0.0297 0.0100 0.0112 0.0081 0.0054 0.6901 0.0088 0.0116 0.0104 
 H194.2_2004  1 0.0166 0.0044 0.0064 0.0038 0.0087 0.0043 0.0177 0.0211 0.0075 0.0185 0.0072 0.0101 0.0042 0.0196 0.0249 0.0091 0.0056 0.0054 0.0044 0.5152 0.0049 0.2748 0.0057 
 H194.3_2004  1 0.0059 0.0056 0.0083 0.0109 0.0441 0.0052 0.0077 0.0147 0.0073 0.0131 0.0982 0.0071 0.0059 0.0103 0.0305 0.0065 0.0096 0.0075 0.0034 0.6782 0.0059 0.0072 0.0068 
 H194.4_2004  1 0.0134 0.0047 0.0059 0.0065 0.0362 0.0040 0.0095 0.0356 0.0091 0.0175 0.0121 0.0045 0.0049 0.0279 0.0189 0.0059 0.0060 0.0055 0.0052 0.6610 0.0066 0.0918 0.0076 
 H194.5_2004  1 0.0052 0.0098 0.0088 0.0179 0.0334 0.0067 0.0084 0.0147 0.0102 0.0169 0.0309 0.0061 0.0105 0.0075 0.0165 0.0097 0.0074 0.0164 0.0055 0.7171 0.0106 0.0164 0.0135 
 H194.6_2004  1 0.0069 0.0156 0.0111 0.0349 0.0907 0.0081 0.0114 0.1151 0.0124 0.0452 0.2844 0.0068 0.0102 0.0228 0.0534 0.0116 0.0103 0.0091 0.0057 0.1589 0.0135 0.0496 0.0125 
 H194.7_2004  1 0.0055 0.0149 0.0038 0.0058 0.0107 0.0068 0.0098 0.0100 0.0155 0.0213 0.0107 0.0129 0.0049 0.1194 0.0053 0.0100 0.0065 0.0093 0.0063 0.6276 0.0127 0.0212 0.0488 
 H194.8_2004  1 0.0078 0.0127 0.0067 0.0176 0.0473 0.0050 0.0114 0.0806 0.0160 0.0302 0.0278 0.0080 0.0063 0.0146 0.0160 0.0099 0.0057 0.0077 0.0103 0.5025 0.0125 0.1315 0.0117 
      H194.9  1 0.0094 0.0090 0.0075 0.0069 0.0132 0.0074 0.0080 0.0168 0.0253 0.0092 0.0104 0.0065 0.0058 0.0229 0.0076 0.0069 0.0053 0.0056 0.0069 0.7383 0.0095 0.0117 0.0499 
 H195.1_2003  1 0.0033 0.0093 0.0056 0.0061 0.0094 0.0190 0.0085 0.0137 0.0042 0.0078 0.0048 0.0038 0.0073 0.0064 0.0081 0.0048 0.0056 0.0090 0.0061 0.8360 0.0062 0.0101 0.0048 
 H195.1_2004  1 0.0104 0.0049 0.0083 0.0047 0.0135 0.0058 0.0347 0.0043 0.0054 0.0085 0.0056 0.0073 0.0029 0.0058 0.0095 0.0063 0.0113 0.0044 0.0235 0.8090 0.0051 0.0045 0.0041 
 H195.2_2003  1 0.0049 0.0065 0.0096 0.0047 0.0048 0.0108 0.0063 0.0068 0.0130 0.0072 0.0054 0.0044 0.0066 0.0168 0.0094 0.0035 0.0137 0.0049 0.0055 0.8215 0.0184 0.0047 0.0105 
 H195.2_2004  1 0.0065 0.0037 0.0031 0.0040 0.0053 0.0053 0.0061 0.0037 0.0041 0.0049 0.0039 0.0034 0.0030 0.0058 0.0036 0.0039 0.0044 0.0054 0.0052 0.9022 0.0041 0.0037 0.0047 
 H195.3_2003  1 0.0052 0.0115 0.0112 0.0039 0.0050 0.0206 0.0040 0.0121 0.0319 0.0122 0.0077 0.0060 0.0051 0.0173 0.0086 0.0046 0.0168 0.0053 0.0083 0.7631 0.0196 0.0133 0.0068 
 H195.3_2004  1 0.0053 0.0036 0.0050 0.0042 0.0107 0.0056 0.0071 0.0038 0.0034 0.0040 0.0055 0.0047 0.0036 0.0092 0.0080 0.0043 0.0059 0.0029 0.0056 0.8868 0.0034 0.0038 0.0037 
 H195.4_2003  1 0.0030 0.0053 0.0071 0.0041 0.0059 0.0065 0.0133 0.0043 0.0032 0.0051 0.0058 0.0042 0.0059 0.0049 0.0050 0.0045 0.0046 0.0055 0.0032 0.8842 0.0052 0.0057 0.0035 
 H195.4_2004  1 0.0036 0.0034 0.0042 0.0042 0.0043 0.0040 0.0040 0.0069 0.0032 0.0057 0.0044 0.0045 0.0029 0.0082 0.0040 0.0046 0.0058 0.0040 0.0110 0.8947 0.0040 0.0032 0.0055 
 H195.5_2003  1 0.0043 0.0100 0.0071 0.0088 0.0079 0.0447 0.0322 0.0106 0.0049 0.0112 0.0070 0.0045 0.0046 0.0070 0.0093 0.0059 0.0072 0.0172 0.0155 0.7561 0.0072 0.0125 0.0042 
 H195.5_2004  1 0.0086 0.0033 0.0052 0.0100 0.0077 0.0093 0.0084 0.0035 0.0050 0.0060 0.0051 0.0050 0.0026 0.0073 0.0059 0.0048 0.0077 0.0036 0.0114 0.8678 0.0037 0.0041 0.0039 
 H195.6_2003  1 0.0043 0.0056 0.0064 0.0038 0.0033 0.0148 0.0045 0.0039 0.0090 0.0072 0.0033 0.0041 0.0035 0.0180 0.0073 0.0033 0.0091 0.0037 0.0067 0.8589 0.0100 0.0036 0.0057 
 H195.6_2004  1 0.0055 0.0043 0.0034 0.0058 0.0052 0.0048 0.0050 0.0033 0.0028 0.0041 0.0055 0.0037 0.0038 0.0078 0.0055 0.0035 0.0032 0.0046 0.0048 0.9032 0.0036 0.0035 0.0030 
 H195.7_2003  1 0.0028 0.0077 0.0053 0.0072 0.0055 0.0077 0.0066 0.0123 0.0032 0.0058 0.0065 0.0039 0.0064 0.0046 0.0062 0.0060 0.0078 0.0058 0.0051 0.8618 0.0087 0.0072 0.0059 
 H195.7_2004  1 0.0240 0.0050 0.0069 0.0052 0.0039 0.0088 0.0101 0.0041 0.0061 0.0080 0.0043 0.0062 0.0026 0.0045 0.0053 0.0057 0.0095 0.0046 0.0178 0.8448 0.0047 0.0037 0.0041 
      H195.8  1 0.0065 0.0038 0.0070 0.0051 0.0043 0.0067 0.0110 0.0050 0.0062 0.0060 0.0053 0.0060 0.0027 0.0081 0.0048 0.0060 0.0082 0.0049 0.0417 0.8370 0.0041 0.0044 0.0052 
      H195.9  1 0.0037 0.0041 0.0050 0.0055 0.0098 0.0053 0.0069 0.0054 0.0040 0.0057 0.0056 0.0046 0.0027 0.0144 0.0064 0.0056 0.0062 0.0047 0.0057 0.8722 0.0061 0.0035 0.0068 
      H415.1  1 0.0732 0.0119 0.0132 0.0065 0.1384 0.0102 0.0140 0.0180 0.1616 0.0214 0.0121 0.0179 0.3316 0.0072 0.0282 0.0094 0.0078 0.0087 0.0071 0.0464 0.0050 0.0221 0.0280 
      H415.2  1 0.0100 0.0068 0.0229 0.0068 0.0097 0.0076 0.0046 0.0085 0.0164 0.0220 0.0223 0.0168 0.0358 0.0047 0.7363 0.0099 0.0165 0.0066 0.0027 0.0095 0.0110 0.0058 0.0069 
      H415.3  1 0.0089 0.0192 0.0059 0.0150 0.1371 0.0071 0.0175 0.0130 0.0086 0.0172 0.0082 0.0109 0.6009 0.0032 0.0500 0.0104 0.0106 0.0105 0.0035 0.0116 0.0140 0.0105 0.0061 
      H415.4  1 0.0189 0.0054 0.0110 0.0037 0.0183 0.0084 0.0534 0.0084 0.0868 0.0140 0.0120 0.0221 0.6099 0.0055 0.0181 0.0099 0.0043 0.0072 0.0086 0.0184 0.0072 0.0226 0.0258 
      H415.5  1 0.0121 0.0152 0.0048 0.0121 0.1304 0.0047 0.0357 0.0120 0.0069 0.0142 0.0105 0.0068 0.5952 0.0031 0.0666 0.0096 0.0068 0.0096 0.0041 0.0146 0.0087 0.0121 0.0043 
      H415.6  1 0.0179 0.0051 0.0122 0.0042 0.0272 0.0082 0.0383 0.0076 0.0799 0.0164 0.0100 0.0235 0.6090 0.0052 0.0296 0.0129 0.0040 0.0092 0.0085 0.0241 0.0072 0.0151 0.0248 
      H415.7  1 0.0179 0.0174 0.0213 0.0195 0.0562 0.0059 0.0104 0.0114 0.0111 0.0374 0.0159 0.0133 0.2790 0.0041 0.2667 0.0087 0.0578 0.0106 0.0035 0.0356 0.0793 0.0079 0.0090 
      H506.1  1 0.0047 0.0043 0.0033 0.8909 0.0080 0.0062 0.0034 0.0046 0.0030 0.0038 0.0075 0.0050 0.0077 0.0026 0.0039 0.0041 0.0055 0.0071 0.0049 0.0042 0.0076 0.0027 0.0049 
      H506.2  1 0.0068 0.0045 0.0066 0.8680 0.0160 0.0050 0.0047 0.0052 0.0028 0.0061 0.0085 0.0065 0.0076 0.0038 0.0064 0.0040 0.0053 0.0071 0.0031 0.0071 0.0081 0.0031 0.0037 
      H506.3  1 0.0351 0.0090 0.0047 0.7299 0.0091 0.0134 0.0053 0.0084 0.0045 0.0174 0.0151 0.0095 0.0117 0.0046 0.0085 0.0068 0.0509 0.0054 0.0179 0.0085 0.0121 0.0041 0.0081 
      H506.4  1 0.0083 0.0057 0.0049 0.8636 0.0064 0.0079 0.0044 0.0059 0.0038 0.0059 0.0065 0.0051 0.0118 0.0047 0.0044 0.0064 0.0083 0.0071 0.0052 0.0040 0.0102 0.0040 0.0054 
      H506.5  1 0.0062 0.0039 0.0051 0.8772 0.0084 0.0092 0.0027 0.0052 0.0034 0.0047 0.0037 0.0059 0.0113 0.0047 0.0052 0.0048 0.0072 0.0055 0.0035 0.0056 0.0094 0.0030 0.0043 
      H506.6  1 0.0415 0.0098 0.0511 0.4647 0.0079 0.0116 0.0059 0.0238 0.0057 0.0354 0.0096 0.0120 0.0104 0.0093 0.0118 0.0207 0.1822 0.0137 0.0171 0.0110 0.0324 0.0042 0.0081 
      H506.7  1 0.0048 0.0041 0.0046 0.8859 0.0084 0.0062 0.0037 0.0050 0.0026 0.0050 0.0068 0.0066 0.0078 0.0038 0.0043 0.0034 0.0059 0.0048 0.0044 0.0046 0.0082 0.0032 0.0060 
      H533.1  1 0.0092 0.0159 0.0063 0.8378 0.0101 0.0057 0.0043 0.0038 0.0028 0.0059 0.0055 0.0045 0.0091 0.0034 0.0038 0.0057 0.0057 0.0363 0.0076 0.0039 0.0044 0.0039 0.0044 
      H533.2  1 0.0184 0.0100 0.0053 0.8365 0.0245 0.0064 0.0046 0.0037 0.0027 0.0062 0.0049 0.0040 0.0078 0.0031 0.0055 0.0048 0.0065 0.0210 0.0076 0.0038 0.0036 0.0042 0.0047 
      H533.3  1 0.0060 0.0171 0.0109 0.8181 0.0122 0.0042 0.0042 0.0045 0.0049 0.0082 0.0038 0.0049 0.0076 0.0066 0.0049 0.0252 0.0098 0.0182 0.0048 0.0050 0.0081 0.0049 0.0058 
      H533.4  1 0.0109 0.0447 0.0198 0.7552 0.0299 0.0046 0.0063 0.0046 0.0052 0.0110 0.0055 0.0086 0.0090 0.0061 0.0057 0.0152 0.0113 0.0099 0.0067 0.0129 0.0052 0.0057 0.0060 
      H535.1  1 0.0051 0.0061 0.0129 0.8485 0.0047 0.0050 0.0072 0.0068 0.0105 0.0077 0.0118 0.0043 0.0055 0.0084 0.0094 0.0044 0.0050 0.0068 0.0032 0.0064 0.0112 0.0047 0.0045 
      H535.2  1 0.0028 0.0026 0.0032 0.8978 0.0040 0.0071 0.0055 0.0038 0.0035 0.0054 0.0033 0.0031 0.0031 0.0062 0.0032 0.0060 0.0045 0.0039 0.0070 0.0092 0.0061 0.0046 0.0042 
      H535.3  1 0.0039 0.0028 0.0065 0.8897 0.0037 0.0074 0.0053 0.0041 0.0037 0.0054 0.0041 0.0033 0.0027 0.0062 0.0034 0.0058 0.0040 0.0048 0.0099 0.0081 0.0048 0.0054 0.0051 
      H535.4  1 0.0026 0.0065 0.0034 0.8941 0.0083 0.0060 0.0084 0.0032 0.0036 0.0049 0.0038 0.0042 0.0059 0.0037 0.0035 0.0043 0.0040 0.0035 0.0055 0.0083 0.0041 0.0050 0.0033 
      H535.5  1 0.0033 0.0066 0.0039 0.8991 0.0076 0.0036 0.0034 0.0044 0.0042 0.0052 0.0056 0.0030 0.0084 0.0040 0.0043 0.0037 0.0034 0.0045 0.0034 0.0054 0.0057 0.0038 0.0035 
      H535.6  1 0.0039 0.0048 0.0172 0.7543 0.0035 0.0046 0.0111 0.0246 0.0178 0.0264 0.0305 0.0057 0.0044 0.0109 0.0106 0.0061 0.0041 0.0063 0.0053 0.0153 0.0117 0.0162 0.0046 
      H535.7  1 0.0037 0.0036 0.0035 0.9157 0.0063 0.0047 0.0025 0.0047 0.0033 0.0043 0.0045 0.0031 0.0050 0.0041 0.0033 0.0037 0.0034 0.0036 0.0029 0.0039 0.0042 0.0023 0.0035 
      H535.8  1 0.0035 0.0047 0.0055 0.8825 0.0052 0.0072 0.0037 0.0086 0.0050 0.0065 0.0073 0.0047 0.0061 0.0030 0.0047 0.0041 0.0036 0.0045 0.0044 0.0093 0.0057 0.0060 0.0042 
      H535.9  1 0.0041 0.0042 0.0130 0.8775 0.0049 0.0085 0.0078 0.0036 0.0098 0.0056 0.0056 0.0033 0.0042 0.0072 0.0058 0.0031 0.0037 0.0038 0.0046 0.0055 0.0068 0.0041 0.0031 
      H539.1  1 0.0063 0.0037 0.0118 0.0026 0.0033 0.0031 0.0033 0.0030 0.9082 0.0033 0.0040 0.0034 0.0042 0.0063 0.0047 0.0031 0.0041 0.0032 0.0026 0.0040 0.0035 0.0034 0.0049 
      H539.2  1 0.0094 0.0455 0.0049 0.0129 0.0059 0.0080 0.0058 0.0128 0.7008 0.0235 0.0059 0.0063 0.0083 0.0145 0.0143 0.0141 0.0348 0.0082 0.0250 0.0081 0.0081 0.0123 0.0107 
      H539.3  1 0.0078 0.0082 0.0061 0.0082 0.0043 0.0064 0.0035 0.0122 0.8195 0.0075 0.0088 0.0051 0.0029 0.0235 0.0070 0.0049 0.0070 0.0052 0.0082 0.0127 0.0051 0.0181 0.0077 
      H539.4  1 0.0121 0.0090 0.0084 0.0048 0.0040 0.0078 0.0036 0.0064 0.8506 0.0053 0.0048 0.0038 0.0068 0.0047 0.0074 0.0112 0.0180 0.0069 0.0048 0.0034 0.0064 0.0038 0.0058 
      H539.5  1 0.0037 0.0040 0.0057 0.0034 0.0028 0.0029 0.0035 0.0031 0.9143 0.0043 0.0034 0.0045 0.0034 0.0054 0.0036 0.0035 0.0025 0.0027 0.0030 0.0037 0.0061 0.0047 0.0057 
      H539.6  1 0.0039 0.0064 0.0069 0.0033 0.0031 0.0033 0.0042 0.0038 0.8983 0.0051 0.0048 0.0059 0.0040 0.0052 0.0039 0.0040 0.0030 0.0034 0.0042 0.0042 0.0065 0.0054 0.0072 
      H539.7  1 0.0034 0.0039 0.0063 0.0026 0.0029 0.0035 0.0045 0.0047 0.9126 0.0049 0.0047 0.0042 0.0033 0.0037 0.0044 0.0039 0.0049 0.0035 0.0028 0.0039 0.0034 0.0044 0.0036 
      H539.8  1 0.0134 0.0066 0.0056 0.0140 0.0049 0.0118 0.0050 0.0157 0.7954 0.0128 0.0138 0.0066 0.0052 0.0087 0.0056 0.0084 0.0080 0.0088 0.0112 0.0078 0.0070 0.0192 0.0045 
      H539.9  1 0.0087 0.0064 0.0064 0.0033 0.0035 0.0052 0.0031 0.0041 0.8848 0.0061 0.0030 0.0044 0.0048 0.0071 0.0060 0.0067 0.0077 0.0056 0.0046 0.0038 0.0045 0.0031 0.0072 
      H540.1  1 0.0079 0.0128 0.0149 0.0085 0.0058 0.0037 0.0070 0.0044 0.7987 0.0098 0.0059 0.0077 0.0038 0.0109 0.0105 0.0195 0.0091 0.0057 0.0067 0.0103 0.0244 0.0059 0.0060 
      H540.2  1 0.0028 0.0051 0.0073 0.0040 0.0044 0.0033 0.0050 0.0051 0.8809 0.0061 0.0068 0.0069 0.0050 0.0060 0.0104 0.0073 0.0037 0.0045 0.0024 0.0048 0.0088 0.0059 0.0038 
      H540.3  1 0.2159 0.0052 0.0409 0.0047 0.0109 0.0056 0.0228 0.0135 0.3541 0.0216 0.0819 0.0096 0.0141 0.0054 0.0359 0.0324 0.0366 0.0140 0.0102 0.0105 0.0225 0.0279 0.0038 
      H540.4  1 0.0031 0.0049 0.0073 0.0081 0.0042 0.0047 0.0111 0.0074 0.8558 0.0093 0.0059 0.0075 0.0043 0.0055 0.0080 0.0089 0.0062 0.0064 0.0043 0.0061 0.0106 0.0070 0.0032 
      H540.5  1 0.0157 0.0073 0.0075 0.0038 0.0083 0.0032 0.0065 0.0075 0.8200 0.0085 0.0116 0.0076 0.0053 0.0072 0.0185 0.0101 0.0111 0.0056 0.0080 0.0049 0.0098 0.0054 0.0067 
      H540.6  1 0.0104 0.0105 0.0128 0.0094 0.0086 0.0051 0.0092 0.0113 0.7129 0.0199 0.0118 0.0174 0.0073 0.0176 0.0209 0.0177 0.0147 0.0100 0.0230 0.0085 0.0206 0.0096 0.0110 
      H540.7  1 0.0035 0.0074 0.0076 0.0067 0.0102 0.0073 0.0064 0.0046 0.8539 0.0077 0.0056 0.0064 0.0065 0.0051 0.0098 0.0100 0.0050 0.0069 0.0035 0.0055 0.0099 0.0037 0.0066 
      H540.8  1 0.0062 0.0074 0.0115 0.0052 0.0127 0.0039 0.0065 0.0055 0.8447 0.0110 0.0096 0.0050 0.0041 0.0055 0.0117 0.0072 0.0064 0.0063 0.0027 0.0067 0.0083 0.0077 0.0041 
     H9558.1  1 0.0073 0.0072 0.0330 0.0115 0.0030 0.0061 0.0039 0.0057 0.8314 0.0056 0.0086 0.0044 0.0075 0.0088 0.0098 0.0029 0.0069 0.0089 0.0051 0.0057 0.0047 0.0071 0.0049 
     H9558.2  1 0.0121 0.0051 0.0353 0.0157 0.0037 0.0137 0.0046 0.0102 0.7439 0.0180 0.0053 0.0106 0.0144 0.0103 0.0147 0.0044 0.0106 0.0216 0.0072 0.0067 0.0073 0.0089 0.0158 
     H9558.3  1 0.0092 0.0050 0.0069 0.0099 0.0043 0.0115 0.0043 0.0048 0.8115 0.0104 0.0093 0.0128 0.0130 0.0099 0.0065 0.0056 0.0056 0.0120 0.0066 0.0061 0.0104 0.0116 0.0126 
     H9558.4  1 0.0088 0.0105 0.0180 0.0099 0.0027 0.0058 0.0031 0.0062 0.8436 0.0070 0.0055 0.0027 0.0123 0.0067 0.0126 0.0034 0.0088 0.0105 0.0040 0.0035 0.0039 0.0051 0.0053 
     H9558.5  1 0.0193 0.0053 0.0064 0.0049 0.0038 0.0104 0.0032 0.0067 0.8503 0.0060 0.0066 0.0052 0.0091 0.0033 0.0085 0.0103 0.0152 0.0056 0.0048 0.0026 0.0056 0.0035 0.0033 
     H9558.6  1 0.0077 0.0062 0.0174 0.0044 0.0056 0.0086 0.0063 0.0051 0.7255 0.0171 0.0149 0.0061 0.0067 0.0073 0.0162 0.0478 0.0044 0.0083 0.0037 0.0045 0.0076 0.0145 0.0538 
    kos339.1  1 0.0045 0.0064 0.0068 0.0156 0.8472 0.0040 0.0040 0.0083 0.0039 0.0070 0.0046 0.0101 0.0089 0.0042 0.0123 0.0071 0.0063 0.0061 0.0043 0.0037 0.0088 0.0039 0.0118 
    kos339.2  1 0.0058 0.0051 0.0028 0.0073 0.8656 0.0049 0.0051 0.0054 0.0041 0.0048 0.0064 0.0125 0.0083 0.0033 0.0050 0.0076 0.0034 0.0073 0.0068 0.0073 0.0050 0.0040 0.0121 
    kos339.3  1 0.0030 0.0056 0.0036 0.0063 0.9136 0.0037 0.0033 0.0038 0.0043 0.0037 0.0032 0.0039 0.0054 0.0034 0.0033 0.0045 0.0032 0.0035 0.0028 0.0042 0.0042 0.0036 0.0039 
    kos339.4  1 0.0042 0.0053 0.0028 0.0056 0.9021 0.0043 0.0047 0.0037 0.0034 0.0048 0.0041 0.0047 0.0093 0.0039 0.0038 0.0044 0.0039 0.0029 0.0036 0.0054 0.0047 0.0047 0.0039 
    kos339.5  1 0.0026 0.0069 0.0042 0.0068 0.8894 0.0045 0.0046 0.0051 0.0047 0.0047 0.0051 0.0068 0.0044 0.0037 0.0062 0.0047 0.0044 0.0034 0.0039 0.0040 0.0098 0.0046 0.0056 
    kos339.6  1 0.0043 0.0039 0.0032 0.0047 0.9049 0.0037 0.0045 0.0033 0.0036 0.0039 0.0049 0.0076 0.0049 0.0039 0.0042 0.0054 0.0038 0.0035 0.0042 0.0050 0.0048 0.0033 0.0045 
    kos339.7  1 0.0031 0.0055 0.0035 0.0096 0.9054 0.0033 0.0035 0.0030 0.0035 0.0044 0.0035 0.0041 0.0063 0.0033 0.0034 0.0044 0.0036 0.0037 0.0034 0.0055 0.0039 0.0042 0.0059 
    kos339.8  1 0.0058 0.0051 0.0032 0.0075 0.8845 0.0046 0.0039 0.0063 0.0028 0.0048 0.0045 0.0045 0.0146 0.0028 0.0042 0.0064 0.0059 0.0046 0.0051 0.0037 0.0065 0.0035 0.0049 
    kos339.9  1 0.0043 0.0104 0.0044 0.0073 0.8573 0.0054 0.0067 0.0034 0.0136 0.0056 0.0071 0.0110 0.0046 0.0045 0.0103 0.0043 0.0033 0.0055 0.0039 0.0060 0.0087 0.0050 0.0076 
      H008.1  2 0.0048 0.0114 0.0122 0.0090 0.0071 0.0200 0.0085 0.0099 0.0528 0.0151 0.0108 0.0524 0.0057 0.0067 0.0119 0.0081 0.0137 0.0219 0.0092 0.0079 0.0059 0.0080 0.6870 
      H008.2  2 0.0276 0.0147 0.0159 0.0172 0.0099 0.0609 0.0060 0.0228 0.0494 0.0422 0.0120 0.0343 0.0079 0.0327 0.0360 0.0155 0.0159 0.4683 0.0347 0.0099 0.0094 0.0156 0.0416 
      H008.3  2 0.0251 0.0630 0.0188 0.1530 0.0128 0.0294 0.0100 0.0220 0.0497 0.0919 0.0328 0.0459 0.0077 0.0482 0.0146 0.0171 0.0150 0.1194 0.0647 0.0189 0.0120 0.0835 0.0444 
      H008.4  2 0.0300 0.0076 0.0110 0.0151 0.0079 0.0150 0.0077 0.0304 0.0450 0.0400 0.0178 0.1036 0.0206 0.0241 0.0368 0.0103 0.0072 0.1194 0.0160 0.0143 0.0090 0.0256 0.3853 
      H008.5  2 0.0121 0.0167 0.0068 0.0456 0.0112 0.0253 0.0069 0.0324 0.0168 0.0279 0.0206 0.0344 0.0063 0.0195 0.0151 0.0142 0.0098 0.0245 0.0144 0.0073 0.0079 0.0338 0.5905 
      H008.6  2 0.0340 0.0076 0.0134 0.0118 0.0101 0.0414 0.0039 0.0205 0.0497 0.0372 0.0201 0.0588 0.0106 0.0298 0.0665 0.0192 0.0089 0.4188 0.0067 0.0112 0.0114 0.0142 0.0942 
      H008.7  2 0.0536 0.0109 0.0177 0.0200 0.0117 0.0430 0.0122 0.0361 0.0448 0.0868 0.0153 0.0354 0.0137 0.0106 0.0634 0.0101 0.0128 0.2316 0.0759 0.0125 0.0136 0.0266 0.1416 
      H008.8  2 0.0068 0.0180 0.0431 0.0107 0.0075 0.0104 0.0057 0.0078 0.1838 0.0389 0.0101 0.0279 0.0091 0.0201 0.0142 0.0070 0.0099 0.4253 0.0191 0.0113 0.0116 0.0067 0.0950 
      H008.9  2 0.0694 0.0079 0.0459 0.0099 0.0070 0.0364 0.0064 0.0090 0.0253 0.0421 0.0189 0.0144 0.0051 0.0268 0.0343 0.0087 0.0061 0.5408 0.0096 0.0245 0.0096 0.0254 0.0165 
 H029.1_2002  2 0.0191 0.0046 0.0240 0.0045 0.0045 0.0074 0.0049 0.0555 0.0267 0.0287 0.0096 0.0110 0.0501 0.0056 0.0129 0.0082 0.0119 0.0217 0.0098 0.0061 0.0200 0.0346 0.6185 
 H029.1_2003  2 0.0105 0.0087 0.0160 0.0234 0.0050 0.0086 0.0041 0.4156 0.0118 0.1273 0.0935 0.0119 0.0127 0.0104 0.0132 0.0114 0.0419 0.1145 0.0061 0.0092 0.0111 0.0194 0.0135 
 H029.2_2002  2 0.0417 0.0066 0.0045 0.0591 0.0449 0.0081 0.0046 0.0951 0.0085 0.0248 0.0485 0.0059 0.0071 0.0141 0.0284 0.0068 0.0188 0.0173 0.0292 0.0554 0.0223 0.0052 0.4433 
 H029.2_2003  2 0.0187 0.0062 0.0074 0.0719 0.0316 0.0109 0.0038 0.3573 0.0070 0.1543 0.0307 0.0044 0.0044 0.0150 0.0521 0.0133 0.0700 0.0642 0.0080 0.0112 0.0183 0.0059 0.0334 
 H029.3_2002  2 0.1578 0.0116 0.0082 0.2837 0.0234 0.0058 0.0047 0.1497 0.0053 0.0565 0.0330 0.0081 0.0079 0.0106 0.0089 0.0121 0.0544 0.0312 0.0214 0.0331 0.0152 0.0038 0.0535 
 H029.3_2003  2 0.0075 0.0091 0.0039 0.0192 0.0118 0.0344 0.0052 0.4749 0.0067 0.0329 0.0180 0.0193 0.0048 0.0055 0.0077 0.0110 0.0165 0.0368 0.0074 0.0089 0.0093 0.0074 0.2418 
 H029.4_2002  2 0.0240 0.0082 0.0040 0.0078 0.0070 0.0059 0.0044 0.0786 0.0047 0.0173 0.0091 0.0111 0.0118 0.0044 0.0039 0.0060 0.0419 0.0086 0.0169 0.0169 0.0051 0.0080 0.6945 
 H029.4_2003  2 0.0213 0.0226 0.0175 0.0119 0.0069 0.0147 0.0043 0.2347 0.0210 0.0881 0.0135 0.0145 0.0118 0.0093 0.0050 0.0094 0.2881 0.0327 0.0072 0.0067 0.0076 0.0852 0.0658 
 H029.5_2002  2 0.0080 0.0048 0.0087 0.0051 0.0060 0.0094 0.0065 0.0631 0.0077 0.0113 0.0229 0.0127 0.0143 0.0047 0.0054 0.0053 0.0060 0.0082 0.0134 0.0079 0.0101 0.0254 0.7332 
 H029.5_2003  2 0.0118 0.0120 0.0107 0.0089 0.0064 0.0157 0.0039 0.3036 0.0063 0.1676 0.0258 0.0130 0.0096 0.0041 0.0136 0.0066 0.0505 0.0909 0.0053 0.0084 0.0067 0.0225 0.1961 
 H029.6_2002  2 0.0388 0.0106 0.0053 0.0085 0.0060 0.0037 0.0057 0.6428 0.0035 0.0166 0.0139 0.0080 0.0110 0.0053 0.0048 0.0067 0.0207 0.0174 0.0168 0.0201 0.0044 0.0054 0.1241 
 H029.6_2003  2 0.0094 0.0171 0.0116 0.0508 0.0559 0.0332 0.0082 0.1014 0.0172 0.0929 0.0622 0.0195 0.0045 0.0097 0.0197 0.0165 0.0590 0.0277 0.0086 0.0227 0.0226 0.0271 0.3026 
      H029.7  2 0.0375 0.0048 0.0051 0.0125 0.0298 0.0074 0.0032 0.0431 0.0063 0.0198 0.0189 0.0052 0.0059 0.0111 0.0150 0.0046 0.0322 0.0052 0.0161 0.0606 0.0107 0.0066 0.6385 
      H030.1  2 0.0049 0.0152 0.0101 0.0108 0.0132 0.0754 0.0249 0.1772 0.0058 0.0250 0.0059 0.0159 0.0058 0.0084 0.0251 0.3809 0.0076 0.0119 0.0139 0.0103 0.1153 0.0152 0.0214 
      H030.2  2 0.0753 0.0148 0.0089 0.0105 0.0052 0.0357 0.0290 0.0138 0.0168 0.0340 0.0032 0.0365 0.0913 0.0046 0.0091 0.3758 0.0056 0.0068 0.1247 0.0080 0.0109 0.0406 0.0387 
      H038.1  2 0.0261 0.0055 0.0099 0.0046 0.0050 0.0041 0.0037 0.0074 0.0070 0.0074 0.0087 0.0073 0.0062 0.0093 0.0050 0.0051 0.0064 0.0076 0.0045 0.0051 0.0056 0.0040 0.8443 
      H038.2  2 0.0049 0.0061 0.0042 0.0088 0.0103 0.0044 0.0184 0.0063 0.0035 0.0105 0.0065 0.0077 0.0090 0.0034 0.0078 0.0052 0.0049 0.0067 0.0074 0.0042 0.0109 0.0057 0.8432 
      H038.3  2 0.0356 0.0085 0.0108 0.0084 0.0076 0.0109 0.0128 0.0045 0.0085 0.0130 0.0055 0.0146 0.0265 0.0043 0.0088 0.0094 0.0053 0.0108 0.0084 0.0065 0.0381 0.0046 0.7365 
      H038.4  2 0.0241 0.0055 0.0056 0.0083 0.0081 0.0070 0.0154 0.0042 0.0058 0.0134 0.0077 0.0328 0.0101 0.0034 0.0072 0.0056 0.0060 0.0165 0.0071 0.0124 0.0199 0.0043 0.7696 
      H038.5  2 0.0261 0.0150 0.0049 0.0047 0.0150 0.0052 0.0077 0.0092 0.0112 0.0150 0.0085 0.0059 0.0047 0.0036 0.0063 0.0150 0.0194 0.0298 0.0105 0.0069 0.0074 0.0066 0.7615 
      H038.6  2 0.0077 0.0077 0.0065 0.0067 0.0089 0.0039 0.0035 0.0109 0.0113 0.0074 0.0063 0.0034 0.0079 0.0042 0.0050 0.0079 0.0102 0.0083 0.0042 0.0037 0.0064 0.0053 0.8528 
      H038.7  2 0.0089 0.0068 0.0052 0.0140 0.0046 0.0075 0.0045 0.0065 0.0101 0.0081 0.0056 0.0057 0.0197 0.0030 0.0060 0.0069 0.0108 0.0077 0.0028 0.0038 0.0315 0.0048 0.8156 
      H038.8  2 0.0584 0.0095 0.0047 0.0062 0.0072 0.0054 0.0200 0.0040 0.0065 0.0114 0.0067 0.0176 0.0134 0.0040 0.0076 0.0092 0.0065 0.0054 0.0110 0.0067 0.0159 0.0048 0.7578 
      H041.1  2 0.0234 0.0104 0.0109 0.0084 0.0250 0.0831 0.0106 0.1542 0.0075 0.1098 0.0075 0.1630 0.0086 0.0166 0.0123 0.0087 0.0302 0.0052 0.1131 0.0405 0.0232 0.0397 0.0881 
      H041.2  2 0.0285 0.0054 0.0139 0.0135 0.0116 0.0706 0.0072 0.3223 0.0062 0.0239 0.0262 0.1877 0.0333 0.0074 0.0188 0.0065 0.0062 0.0112 0.0081 0.0221 0.0120 0.0846 0.0727 
      H041.4  2 0.0238 0.0045 0.0262 0.0064 0.0127 0.0315 0.0105 0.3934 0.0240 0.0761 0.0294 0.0448 0.0097 0.0183 0.0204 0.0104 0.0127 0.0185 0.0148 0.0270 0.0127 0.0186 0.1533 
      H041.6  2 0.0149 0.0058 0.0431 0.0106 0.0104 0.0248 0.0100 0.2726 0.0487 0.0442 0.0151 0.1354 0.0168 0.0277 0.0145 0.0126 0.0071 0.0091 0.0234 0.0347 0.0174 0.0399 0.1614 
 H042.1_2002  2 0.0098 0.0231 0.0158 0.0057 0.0101 0.0069 0.0473 0.5306 0.0841 0.0220 0.0080 0.0562 0.0121 0.0096 0.0200 0.0074 0.0052 0.0050 0.0085 0.0208 0.0094 0.0731 0.0093 
