      H105.1  1 0.1619 0.3529 0.1244 0.3608 
      H105.2  1 0.1412 0.1945 0.5888 0.0755 
      H105.3  1 0.1753 0.4929 0.0760 0.2558 
      H105.4  1 0.3892 0.1669 0.3228 0.1211 
      H105.5  1 0.5531 0.1940 0.1224 0.1305 
      H105.6  1 0.5964 0.1046 0.0270 0.2719 
      H105.7  1 0.0993 0.0975 0.1996 0.6037 
      H105.8  1 0.0755 0.4418 0.1272 0.3554 
      H115.1  1 0.0992 0.0725 0.0687 0.7596 
      H115.2  1 0.0928 0.2068 0.1469 0.5535 
      H115.3  1 0.0809 0.3222 0.1416 0.4553 
      H115.4  1 0.0710 0.0778 0.6899 0.1613 
      H115.5  1 0.0509 0.3762 0.1503 0.4226 
      H115.6  1 0.2167 0.1477 0.1679 0.4677 
      H115.7  1 0.4938 0.0319 0.3995 0.0748 
      H115.8  1 0.0219 0.2314 0.0382 0.7085 
      H115.9  1 0.0146 0.0320 0.0145 0.9389 
      H145.1  1 0.7885 0.1718 0.0161 0.0236 
      H145.2  1 0.3881 0.5540 0.0285 0.0295 
      H145.3  1 0.2441 0.2010 0.2476 0.3072 
      H145.4  1 0.8606 0.1005 0.0218 0.0171 
      H145.5  1 0.3711 0.5714 0.0277 0.0299 
      H145.6  1 0.3326 0.3506 0.2712 0.0455 
      H145.7  1 0.4868 0.0501 0.3853 0.0779 
      H149.1  1 0.9359 0.0406 0.0114 0.0121 
      H149.2  1 0.9605 0.0149 0.0155 0.0091 
      H149.3  1 0.9045 0.0480 0.0260 0.0216 
      H149.4  1 0.8651 0.0753 0.0401 0.0194 
      H149.5  1 0.7098 0.0305 0.2419 0.0177 
      H149.6  1 0.9519 0.0139 0.0227 0.0115 
      H149.7  1 0.5451 0.1475 0.2724 0.0349 
      H150.1  1 0.0311 0.2288 0.0471 0.6930 
      H150.2  1 0.1284 0.3483 0.0565 0.4668 
      H150.3  1 0.1866 0.0752 0.0384 0.6998 
      H150.4  1 0.0175 0.0966 0.0140 0.8719 
      H150.5  1 0.2129 0.1347 0.3628 0.2897 
      H150.6  1 0.1299 0.2187 0.5968 0.0545 
      H150.7  1 0.0270 0.1470 0.0119 0.8141 
   H169607.1  1 0.0853 0.4119 0.2873 0.2155 
   H169607.2  1 0.0858 0.0541 0.0305 0.8296 
   H169607.3  1 0.0569 0.1111 0.6748 0.1572 
   H169607.4  1 0.2575 0.4638 0.0480 0.2308 
   H169607.5  1 0.2534 0.0390 0.0818 0.6258 
   H169607.6  1 0.0619 0.1020 0.1166 0.7195 
   H169607.7  1 0.0308 0.1098 0.0570 0.8024 
   H169607.8  1 0.1030 0.2255 0.0999 0.5716 
   H169633.1  1 0.7245 0.1918 0.0513 0.0324 
   H169633.2  1 0.6599 0.1963 0.1024 0.0414 
   H169633.3  1 0.8871 0.0329 0.0313 0.0487 
   H169633.4  1 0.8112 0.1478 0.0244 0.0166 
   H169633.5  1 0.8540 0.1078 0.0198 0.0184 
   H169688.1  1 0.0459 0.0286 0.8976 0.0280 
   H169688.2  1 0.0158 0.0420 0.8972 0.0449 
   H169688.3  1 0.0480 0.0438 0.8832 0.0250 
   H169688.4  1 0.0254 0.2881 0.3496 0.3368 
   H169688.5  1 0.0276 0.3119 0.2978 0.3627 
   H169688.6  1 0.0212 0.1792 0.7644 0.0351 
   H169688.7  1 0.1474 0.1714 0.6012 0.0800 
   H171901.1  1 0.1239 0.3556 0.4643 0.0561 
   H171901.2  1 0.8991 0.0309 0.0235 0.0465 
   H171901.3  1 0.7811 0.0514 0.1402 0.0274 
   H171901.4  1 0.8613 0.0428 0.0526 0.0433 
   H171901.5  1 0.8610 0.0778 0.0441 0.0171 
   H171901.6  1 0.9178 0.0371 0.0221 0.0230 
   H171901.7  1 0.8448 0.0501 0.0774 0.0277 
   H171902.1  1 0.0577 0.8683 0.0337 0.0402 
  H171902.10  1 0.1040 0.8591 0.0238 0.0131 
   H171902.2  1 0.0517 0.5556 0.2919 0.1009 
   H171902.3  1 0.1951 0.7144 0.0471 0.0434 
   H171902.4  1 0.4814 0.4580 0.0328 0.0278 
   H171902.6  1 0.1377 0.8319 0.0167 0.0137 
   H171902.7  1 0.1704 0.7989 0.0141 0.0166 
   H171902.8  1 0.1026 0.8517 0.0272 0.0186 
   H171902.9  1 0.2483 0.6141 0.0258 0.1119 
   H171903.1  1 0.2861 0.0191 0.0704 0.6244 
   H171903.2  1 0.0931 0.1121 0.0944 0.7004 
   H171903.3  1 0.3974 0.1158 0.1254 0.3615 
   H171903.4  1 0.3663 0.0882 0.4948 0.0508 
   H171903.5  1 0.1735 0.1773 0.2157 0.4335 
   H171903.6  1 0.2720 0.0699 0.4396 0.2186 
      H177.1  1 0.7727 0.0712 0.1387 0.0174 
      H177.2  1 0.3136 0.3615 0.1307 0.1942 
      H177.3  1 0.6699 0.2894 0.0213 0.0194 
      H177.4  1 0.6218 0.1607 0.1899 0.0276 
      H177.5  1 0.0756 0.0329 0.8538 0.0377 
      H177.6  1 0.5943 0.3646 0.0194 0.0217 
      H179.1  1 0.0310 0.6282 0.2591 0.0818 
      H179.2  1 0.0461 0.3412 0.3546 0.2581 
      H179.3  1 0.0177 0.1891 0.5084 0.2848 
      H179.4  1 0.2462 0.3290 0.2995 0.1253 
      H180.1  1 0.0688 0.0941 0.7878 0.0492 
      H180.2  1 0.1157 0.1609 0.6942 0.0292 
      H180.3  1 0.1594 0.0929 0.2759 0.4717 
      H180.4  1 0.3836 0.0813 0.4533 0.0818 
      H180.5  1 0.1230 0.1504 0.2577 0.4689 
      H180.6  1 0.0554 0.0813 0.0282 0.8351 
      H181.1  1 0.0687 0.3711 0.5418 0.0185 
      H181.2  1 0.1820 0.3264 0.4586 0.0330 
      H181.3  1 0.0984 0.1618 0.7206 0.0192 
      H181.4  1 0.2197 0.0505 0.6537 0.0761 
      H181.5  1 0.0331 0.1286 0.8124 0.0258 
      H181.6  1 0.1157 0.3130 0.4768 0.0944 
      H181.7  1 0.0569 0.3244 0.5656 0.0531 
 H194.1_2004  1 0.8424 0.0184 0.0177 0.1216 
 H194.2_2004  1 0.8504 0.0154 0.1108 0.0234 
 H194.3_2004  1 0.9518 0.0233 0.0091 0.0158 
 H194.4_2004  1 0.8422 0.0464 0.0878 0.0235 
 H194.5_2004  1 0.9350 0.0135 0.0141 0.0374 
 H194.6_2004  1 0.8315 0.0264 0.1091 0.0331 
 H194.7_2004  1 0.5831 0.0179 0.0590 0.3399 
 H194.8_2004  1 0.7551 0.0248 0.1830 0.0371 
      H194.9  1 0.6347 0.0234 0.0283 0.3136 
 H195.1_2003  1 0.9094 0.0155 0.0384 0.0368 
 H195.1_2004  1 0.6524 0.2439 0.0829 0.0209 
 H195.2_2003  1 0.2026 0.0789 0.0891 0.6294 
 H195.2_2004  1 0.4639 0.1202 0.3367 0.0792 
 H195.3_2003  1 0.3003 0.0546 0.1414 0.5037 
 H195.3_2004  1 0.9191 0.0292 0.0404 0.0114 
 H195.4_2003  1 0.9423 0.0119 0.0220 0.0238 
 H195.4_2004  1 0.1673 0.0296 0.7203 0.0827 
 H195.5_2003  1 0.8896 0.0209 0.0645 0.0250 
 H195.5_2004  1 0.7384 0.0520 0.1843 0.0254 
 H195.6_2003  1 0.4923 0.0454 0.1792 0.2831 
 H195.6_2004  1 0.9093 0.0366 0.0395 0.0145 
 H195.7_2003  1 0.3929 0.0182 0.5448 0.0441 
 H195.7_2004  1 0.2254 0.6061 0.1398 0.0287 
      H195.8  1 0.2087 0.0549 0.6309 0.1055 
      H195.9  1 0.6762 0.0739 0.1618 0.0882 
      H415.1  1 0.4423 0.2781 0.0363 0.2433 
      H415.2  1 0.5628 0.3885 0.0253 0.0233 
      H415.3  1 0.7604 0.1668 0.0281 0.0448 
      H415.4  1 0.6699 0.1213 0.0254 0.1834 
      H415.5  1 0.8020 0.1482 0.0278 0.0220 
      H415.6  1 0.6555 0.1361 0.0372 0.1712 
      H415.7  1 0.6459 0.3100 0.0163 0.0277 
      H506.1  1 0.0425 0.9001 0.0338 0.0236 
      H506.2  1 0.0859 0.8739 0.0241 0.0161 
      H506.3  1 0.0180 0.9119 0.0461 0.0240 
      H506.4  1 0.0296 0.8813 0.0618 0.0273 
      H506.5  1 0.0637 0.8910 0.0213 0.0240 
      H506.6  1 0.0161 0.9080 0.0576 0.0184 
      H506.7  1 0.0846 0.8681 0.0234 0.0240 
      H533.1  1 0.0213 0.9096 0.0601 0.0091 
      H533.2  1 0.0358 0.9175 0.0328 0.0139 
      H533.3  1 0.0250 0.8631 0.0817 0.0303 
      H533.4  1 0.0619 0.8269 0.0896 0.0217 
      H535.1  1 0.8423 0.0481 0.0273 0.0823 
      H535.2  1 0.4204 0.0312 0.3716 0.1768 
      H535.3  1 0.2823 0.0876 0.3647 0.2653 
      H535.4  1 0.9613 0.0111 0.0141 0.0135 
      H535.5  1 0.9337 0.0186 0.0238 0.0239 
      H535.6  1 0.6239 0.0227 0.1922 0.1612 
      H535.7  1 0.8145 0.0476 0.0431 0.0947 
      H535.8  1 0.6423 0.0278 0.1657 0.1641 
      H535.9  1 0.8343 0.0532 0.0315 0.0810 
      H539.1  1 0.0183 0.1439 0.0085 0.8292 
      H539.2  1 0.0599 0.0932 0.1779 0.6689 
      H539.3  1 0.0328 0.1166 0.0255 0.8251 
      H539.4  1 0.0119 0.3628 0.0211 0.6043 
      H539.5  1 0.0135 0.0839 0.0090 0.8936 
      H539.6  1 0.0202 0.0581 0.0129 0.9089 
      H539.7  1 0.0389 0.1493 0.0201 0.7917 
      H539.8  1 0.0558 0.3098 0.0717 0.5627 
      H539.9  1 0.0095 0.1525 0.0127 0.8253 
      H540.1  1 0.0590 0.2583 0.0398 0.6429 
      H540.2  1 0.1226 0.1022 0.0196 0.7556 
      H540.3  1 0.0638 0.8551 0.0477 0.0333 
      H540.4  1 0.1496 0.2163 0.0826 0.5515 
      H540.5  1 0.0351 0.3329 0.0246 0.6074 
      H540.6  1 0.0491 0.2108 0.0451 0.6950 
      H540.7  1 0.0855 0.0681 0.0190 0.8274 
      H540.8  1 0.7138 0.0674 0.0314 0.1874 
     H9558.1  1 0.0407 0.2799 0.0227 0.6567 
     H9558.2  1 0.0182 0.2596 0.0161 0.7060 
     H9558.3  1 0.0229 0.1346 0.0119 0.8306 
     H9558.4  1 0.0328 0.4155 0.0264 0.5254 
     H9558.5  1 0.0217 0.5810 0.0290 0.3683 
     H9558.6  1 0.0350 0.0888 0.0133 0.8630 
    kos339.1  1 0.7899 0.1011 0.0513 0.0577 
    kos339.2  1 0.8337 0.0614 0.0274 0.0775 
    kos339.3  1 0.9488 0.0162 0.0152 0.0198 
    kos339.4  1 0.9318 0.0163 0.0250 0.0268 
    kos339.5  1 0.9505 0.0124 0.0153 0.0218 
    kos339.6  1 0.9371 0.0336 0.0158 0.0135 
    kos339.7  1 0.9313 0.0249 0.0173 0.0265 
    kos339.8  1 0.9217 0.0504 0.0163 0.0116 
    kos339.9  1 0.9367 0.0180 0.0120 0.0333 
      H008.1  2 0.0164 0.0174 0.0150 0.9511 
      H008.2  2 0.0247 0.5989 0.0427 0.3336 
      H008.3  2 0.0535 0.2553 0.4396 0.2515 
      H008.4  2 0.0317 0.0446 0.0195 0.9042 
      H008.5  2 0.0188 0.0353 0.0339 0.9120 
      H008.6  2 0.0434 0.4411 0.0253 0.4902 
      H008.7  2 0.0450 0.1802 0.0473 0.7275 
      H008.8  2 0.0312 0.1314 0.0206 0.8168 
      H008.9  2 0.0700 0.8230 0.0451 0.0619 
 H029.1_2002  2 0.0114 0.0228 0.0307 0.9352 
 H029.1_2003  2 0.0259 0.4221 0.2317 0.3203 
 H029.2_2002  2 0.0754 0.2066 0.0838 0.6342 
 H029.2_2003  2 0.0416 0.5505 0.1523 0.2556 
 H029.3_2002  2 0.0383 0.4504 0.3320 0.1793 
 H029.3_2003  2 0.0350 0.0956 0.1559 0.7135 
 H029.4_2002  2 0.0150 0.0909 0.0843 0.8098 
 H029.4_2003  2 0.0229 0.2028 0.2481 0.5262 
 H029.5_2002  2 0.0148 0.0179 0.0245 0.9428 
 H029.5_2003  2 0.0176 0.3634 0.0659 0.5531 
 H029.6_2002  2 0.0148 0.1037 0.4530 0.4285 
 H029.6_2003  2 0.1094 0.3431 0.0917 0.4558 
      H029.7  2 0.0259 0.1137 0.0447 0.8156 
      H030.1  2 0.0309 0.0214 0.8971 0.0505 
      H030.2  2 0.0243 0.0730 0.6732 0.2296 
      H038.1  2 0.0114 0.0541 0.0275 0.9069 
      H038.2  2 0.0182 0.0176 0.0356 0.9286 
      H038.3  2 0.0166 0.0273 0.0174 0.9388 
      H038.4  2 0.0243 0.0501 0.0166 0.9091 
      H038.5  2 0.0146 0.1111 0.0605 0.8137 
      H038.6  2 0.0100 0.0236 0.0377 0.9288 
      H038.7  2 0.0078 0.0147 0.0153 0.9623 
      H038.8  2 0.0176 0.0438 0.0424 0.8962 
      H041.1  2 0.0459 0.0631 0.2524 0.6386 
      H041.2  2 0.1032 0.1880 0.1324 0.5764 
      H041.4  2 0.0495 0.0835 0.0911 0.7758 
      H041.6  2 0.0292 0.0333 0.0512 0.8862 
 H042.1_2002  2 0.1119 0.0326 0.7658 0.0897 
 H042.1_2003  2 0.0705 0.6217 0.0502 0.2575 
 H042.2_2002  2 0.0173 0.0350 0.1479 0.7998 
 H042.2_2003  2 0.2285 0.0225 0.0504 0.6985 
 H042.3_2002  2 0.1352 0.0389 0.6157 0.2102 
 H042.3_2003  2 0.0473 0.0551 0.2095 0.6881 
 H042.4_2002  2 0.0689 0.0345 0.8320 0.0646 
 H042.4_2003  2 0.0799 0.0237 0.4439 0.4525 
      H042.5  2 0.0280 0.0081 0.9404 0.0236 
      H042.6  2 0.0273 0.0220 0.8218 0.1289 
      H042.7  2 0.3774 0.0238 0.4724 0.1265 
      H042.8  2 0.0371 0.0197 0.8249 0.1183 
   H042_2002  2 0.0317 0.0645 0.0251 0.8786 
   H042_2003  2 0.0351 0.0465 0.0188 0.8996 
      H043.1  2 0.0215 0.3255 0.0308 0.6222 
      H043.2  2 0.0205 0.2421 0.0125 0.7249 
      H043.3  2 0.0141 0.0828 0.0112 0.8919 
      H043.4  2 0.0180 0.1943 0.0121 0.7756 
      H043.5  2 0.0129 0.3483 0.0116 0.6271 
      H043.6  2 0.0168 0.2237 0.0153 0.7442 
      H043.7  2 0.0244 0.2101 0.0104 0.7552 
      H043.8  2 0.0513 0.2454 0.0509 0.6524 
      H043.9  2 0.0124 0.2165 0.0248 0.7463 
      H047.1  2 0.0148 0.0156 0.0091 0.9606 
      H047.2  2 0.0647 0.0668 0.0318 0.8366 
      H047.3  2 0.0373 0.0383 0.0338 0.8906 
      H047.4  2 0.0852 0.0276 0.0368 0.8504 
      H047.5  2 0.0374 0.0153 0.0146 0.9327 
      H047.6  2 0.0595 0.1498 0.0375 0.7533 
      H047.7  2 0.0191 0.0128 0.0115 0.9566 
      H047.8  2 0.0384 0.0432 0.0225 0.8959 
      H047.9  2 0.0356 0.0101 0.0096 0.9447 
 H071.1_2002  2 0.0137 0.0112 0.0121 0.9630 
 H071.1_2003  2 0.0306 0.0165 0.0281 0.9248 
     H071.10  2 0.0103 0.0160 0.0609 0.9128 
 H071.2_2002  2 0.0140 0.0159 0.0101 0.9600 
 H071.2_2003  2 0.0083 0.0082 0.0099 0.9736 
      H071.3  2 0.0137 0.0247 0.0273 0.9342 
 H071.4_2002  2 0.0152 0.0535 0.0332 0.8981 
 H071.4_2003  2 0.0087 0.0087 0.0106 0.9719 
 H071.5_2002  2 0.0080 0.0084 0.0173 0.9663 
 H071.5_2003  2 0.0128 0.0129 0.0115 0.9629 
 H071.6_2002  2 0.0082 0.0133 0.0172 0.9613 
 H071.6_2003  2 0.0094 0.0094 0.0164 0.9648 
 H071.7_2002  2 0.0071 0.0093 0.0085 0.9752 
 H071.7_2003  2 0.0119 0.0132 0.0160 0.9588 
      H071.8  2 0.0108 0.0175 0.0112 0.9605 
      H071.9  2 0.0245 0.1179 0.0591 0.7985 
 H081.1_2002  2 0.0106 0.0096 0.0179 0.9619 
 H081.1_2003  2 0.0410 0.6630 0.1506 0.1454 
 H081.2_2002  2 0.0101 0.0091 0.0125 0.9683 
 H081.2_2003  2 0.0188 0.0450 0.8450 0.0912 
 H081.3_2002  2 0.0222 0.0452 0.0312 0.9013 
 H081.3_2003  2 0.0689 0.3267 0.3225 0.2819 
 H081.4_2002  2 0.0163 0.0140 0.0209 0.9487 
 H081.4_2003  2 0.1227 0.2803 0.4789 0.1181 
 H081.5_2002  2 0.0124 0.0164 0.0312 0.9399 
 H081.5_2003  2 0.1644 0.2926 0.1839 0.3591 
      H081.6  2 0.0102 0.0119 0.0146 0.9633 
      H081.7  2 0.0157 0.0169 0.0179 0.9494 
      H081.8  2 0.0321 0.0985 0.1640 0.7054 
      H083.1  2 0.0137 0.0155 0.0627 0.9081 
      H083.2  2 0.0097 0.0119 0.0261 0.9522 
      H083.4  2 0.0106 0.0231 0.0647 0.9017 
      H083.5  2 0.0120 0.0226 0.0496 0.9159 
      H083.6  2 0.0186 0.0334 0.1824 0.7656 
      H083.7  2 0.0139 0.0206 0.0519 0.9137 
      H083.8  2 0.0151 0.0128 0.0170 0.9551 
      H083.9  2 0.0146 0.0144 0.0709 0.9001 
      H084.1  2 0.0243 0.1027 0.8462 0.0268 
      H084.2  2 0.0147 0.2373 0.7284 0.0196 
      H084.3  2 0.1577 0.4236 0.3849 0.0338 
      H084.4  2 0.0818 0.6602 0.2228 0.0352 
      H084.5  2 0.1323 0.3234 0.4974 0.0469 
      H084.6  2 0.2161 0.3620 0.3861 0.0358 
      H084.7  2 0.0197 0.0505 0.9096 0.0202 
      H084.8  2 0.1380 0.2289 0.6089 0.0242 
 H085.1_2002  2 0.0252 0.0469 0.1924 0.7355 
 H085.1_2003  2 0.0210 0.0612 0.3283 0.5896 
 H085.2_2002  2 0.0637 0.2837 0.5039 0.1487 
 H085.2_2003  2 0.0315 0.0799 0.2952 0.5934 
 H085.3_2002  2 0.1219 0.0395 0.2024 0.6362 
 H085.3_2003  2 0.0191 0.0157 0.0290 0.9362 
 H085.4_2002  2 0.0298 0.1065 0.1251 0.7386 
 H085.4_2003  2 0.0277 0.0119 0.0445 0.9159 
 H085.5_2002  2 0.0832 0.0280 0.0367 0.8521 
 H085.5_2003  2 0.0143 0.0176 0.2471 0.7210 
 H085.6_2002  2 0.0575 0.1640 0.2567 0.5218 
 H085.6_2003  2 0.2280 0.0684 0.0408 0.6629 
 H085.7_2002  2 0.1085 0.0685 0.3747 0.4483 
 H085.7_2003  2 0.0168 0.0236 0.0305 0.9291 
 H085.8_2002  2 0.1927 0.2236 0.1172 0.4665 
 H085.8_2003  2 0.0473 0.0642 0.4563 0.4321 
      H085.9  2 0.0683 0.0568 0.1450 0.7300 
      H088.1  2 0.0620 0.0242 0.8786 0.0352 
      H088.2  2 0.0647 0.0300 0.8809 0.0243 
      H088.3  2 0.0274 0.0201 0.9365 0.0160 
      H088.4  2 0.0202 0.0309 0.9245 0.0244 
      H088.5  2 0.0210 0.0163 0.9464 0.0163 
      H088.6  2 0.0466 0.0316 0.8888 0.0330 
      H088.7  2 0.0713 0.1097 0.5797 0.2393 
      H088.8  2 0.0834 0.1055 0.6308 0.1803 
      H091.1  2 0.0217 0.0148 0.9278 0.0358 
      H091.2  2 0.0211 0.0127 0.8882 0.0780 
      H109.1  2 0.0211 0.5322 0.2675 0.1792 
      H109.2  2 0.0407 0.1452 0.4637 0.3504 
      H109.3  2 0.2353 0.2170 0.2354 0.3123 
      H109.4  2 0.0400 0.5943 0.2446 0.1210 
      H109.5  2 0.2862 0.0321 0.1273 0.5544 
      H109.6  2 0.0581 0.3777 0.2070 0.3572 
      H126.1  2 0.2378 0.3262 0.0356 0.4004 
      H126.2  2 0.0153 0.0407 0.0185 0.9254 
      H126.3  2 0.0103 0.0238 0.0183 0.9476 
      H126.4  2 0.0323 0.1373 0.0307 0.7997 
      H126.5  2 0.0263 0.0272 0.0109 0.9356 
      H126.6  2 0.0137 0.0220 0.0121 0.9521 
      H126.7  2 0.0115 0.0092 0.0261 0.9531 
      H130.1  2 0.2995 0.2352 0.3787 0.0866 
      H130.2  2 0.0311 0.0492 0.8637 0.0560 
      H130.3  2 0.0743 0.2216 0.6189 0.0851 
      H130.4  2 0.1212 0.5041 0.3302 0.0445 
      H130.5  2 0.0479 0.0374 0.7955 0.1192 
      H133.1  2 0.0521 0.6997 0.1793 0.0689 
      H133.2  2 0.1849 0.3229 0.1374 0.3547 
      H133.3  2 0.1873 0.5075 0.1708 0.1344 
      H133.4  2 0.1010 0.7734 0.0372 0.0884 
      H133.5  2 0.0525 0.6251 0.2667 0.0557 
      H133.6  2 0.0975 0.2973 0.3909 0.2143 
      H133.7  2 0.3944 0.4175 0.0329 0.1552 
      H133.8  2 0.0462 0.8594 0.0459 0.0485 
      H133.9  2 0.0448 0.6659 0.2555 0.0338 
      H147.1  2 0.0500 0.0704 0.2018 0.6778 
      H147.2  2 0.0114 0.0120 0.0158 0.9609 
      H147.3  2 0.0142 0.0136 0.0218 0.9503 
      H147.4  2 0.0203 0.0420 0.0623 0.8755 
      H147.5  2 0.0228 0.0182 0.3927 0.5663 
      H147.6  2 0.0407 0.0282 0.5113 0.4198 
      H147.7  2 0.0313 0.0520 0.0508 0.8659 
      H147.8  2 0.0121 0.0278 0.5006 0.4595 
      H147.9  2 0.0112 0.0131 0.0287 0.9470 
      H148.1  2 0.0386 0.8205 0.1066 0.0342 
      H148.2  2 0.0700 0.7724 0.0742 0.0835 
      H148.3  2 0.8560 0.0768 0.0167 0.0505 
      H148.4  2 0.1226 0.7755 0.0347 0.0673 
      H148.5  2 0.3611 0.4464 0.1505 0.0420 
      H148.6  2 0.1250 0.7357 0.1028 0.0365 
      H148.7  2 0.1558 0.7060 0.1105 0.0277 
      H148.8  2 0.6287 0.2972 0.0406 0.0335 
      H148.9  2 0.0867 0.7794 0.0773 0.0566 
   H166022.1  2 0.0127 0.0135 0.9450 0.0288 
   H166022.2  2 0.0422 0.0322 0.8797 0.0458 
   H166022.3  2 0.0136 0.0154 0.9627 0.0082 
   H166022.4  2 0.0141 0.0128 0.9650 0.0082 
   H166022.5  2 0.0130 0.0175 0.9565 0.0130 
   H166022.6  2 0.0181 0.0318 0.9369 0.0132 
   H166022.7  2 0.0102 0.9636 0.0113 0.0149 
   H166022.8  2 0.0911 0.0720 0.7833 0.0536 
   H167397.1  2 0.0677 0.7499 0.0541 0.1283 
   H167397.2  2 0.0899 0.8526 0.0320 0.0254 
   H167397.3  2 0.0307 0.9023 0.0195 0.0476 
   H167397.4  2 0.1564 0.7356 0.0614 0.0466 
   H167397.5  2 0.0254 0.9068 0.0286 0.0391 
   H167397.6  2 0.0613 0.8230 0.0272 0.0885 
   H167496.1  2 0.6694 0.0387 0.2611 0.0307 
   H167496.2  2 0.3188 0.3035 0.0770 0.3008 
   H167496.3  2 0.3385 0.0461 0.4356 0.1797 
   H167496.4  2 0.0133 0.0130 0.9485 0.0252 
   H167496.6  2 0.0203 0.0329 0.8605 0.0863 
   H167496.7  2 0.7275 0.0496 0.1577 0.0653 
   H167496.8  2 0.0329 0.0344 0.8461 0.0867 
   H167513.1  2 0.0648 0.7299 0.1463 0.0590 
   H167513.2  2 0.2801 0.5110 0.0900 0.1188 
   H167513.3  2 0.0479 0.1817 0.7394 0.0311 
   H167513.4  2 0.0510 0.1986 0.7226 0.0278 
   H167513.5  2 0.0736 0.7081 0.0906 0.1278 
   H167513.6  2 0.1787 0.2207 0.3479 0.2526 
   H167513.7  2 0.0223 0.4495 0.4702 0.0580 
   H167513.8  2 0.0334 0.7860 0.1195 0.0611 
   H167547.1  2 0.6900 0.1873 0.0918 0.0308 
   H167547.2  2 0.5757 0.0680 0.3065 0.0497 
   H167547.3  2 0.6059 0.0714 0.2685 0.0542 
   H167547.4  2 0.1002 0.1952 0.6747 0.0299 
   H167547.5  2 0.4420 0.0508 0.4743 0.0328 
   H167547.6  2 0.4470 0.0419 0.4798 0.0312 
   H167547.7  2 0.6975 0.1211 0.0523 0.1291 
   H169750.1  2 0.2376 0.2014 0.4856 0.0754 
   H169750.2  2 0.1018 0.5995 0.0858 0.2129 
   H169750.3  2 0.2057 0.0995 0.5402 0.1545 
   H169750.4  2 0.1782 0.7448 0.0270 0.0500 
   H169750.5  2 0.0962 0.1660 0.5904 0.1474 
   H169750.6  2 0.0235 0.0826 0.2615 0.6324 
   H169750.7  2 0.1705 0.5519 0.0800 0.1976 
   H171929.1  2 0.1820 0.6212 0.0403 0.1566 
  H171929.10  2 0.2655 0.2447 0.2627 0.2271 
  H171929.11  2 0.1157 0.5713 0.0579 0.2551 
   H171929.2  2 0.3544 0.3707 0.1842 0.0908 
   H171929.3  2 0.1693 0.5118 0.1705 0.1483 
   H171929.4  2 0.3592 0.0517 0.4157 0.1735 
   H171929.5  2 0.0950 0.7100 0.1393 0.0556 
   H171929.6  2 0.0385 0.8417 0.0718 0.0480 
   H171929.7  2 0.3096 0.2610 0.0883 0.3411 
   H171929.8  2 0.4357 0.1384 0.1055 0.3204 
   H171929.9  2 0.1627 0.0809 0.4118 0.3446 
   H171930.1  2 0.0889 0.6064 0.2286 0.0761 
   H171930.2  2 0.0658 0.0660 0.7588 0.1093 
   H171930.3  2 0.1051 0.7106 0.1547 0.0296 
   H171930.4  2 0.0433 0.1575 0.7808 0.0184 
   H171930.5  2 0.0744 0.1959 0.3666 0.3631 
   H171930.6  2 0.1461 0.0847 0.4509 0.3183 
   H171930.7  2 0.0653 0.8464 0.0646 0.0237 
   H171930.8  2 0.1223 0.7643 0.0729 0.0406 
   H171933.1  2 0.0172 0.0259 0.9423 0.0146 
   H171933.2  2 0.0212 0.0598 0.8781 0.0409 
   H171933.3  2 0.0290 0.0149 0.9402 0.0159 
   H171933.4  2 0.0524 0.0180 0.9152 0.0143 
   H171933.5  2 0.2766 0.0589 0.6366 0.0278 
   H171933.6  2 0.0127 0.0119 0.9341 0.0414 
   H171933.7  2 0.0180 0.0213 0.9183 0.0424 
   H171933.8  2 0.0573 0.1005 0.8006 0.0415 
   H171933.9  2 0.0155 0.0101 0.9607 0.0138 
      H190.1  2 0.1197 0.0373 0.7634 0.0796 
      H190.2  2 0.2707 0.0227 0.0204 0.6862 
      H190.3  2 0.4516 0.0967 0.1419 0.3099 
      H190.4  2 0.0621 0.0216 0.9021 0.0143 
      H190.5  2 0.0624 0.0292 0.0268 0.8816 
      H190.6  2 0.1079 0.0179 0.8519 0.0224 
      H190.7  2 0.6802 0.0537 0.1444 0.1217 
      H190.8  2 0.2013 0.0282 0.0544 0.7162 
      H190.9  2 0.4988 0.0645 0.1005 0.3362 
      H400.1  2 0.0108 0.0186 0.9507 0.0199 
      H400.2  2 0.0095 0.0153 0.9311 0.0441 
      H400.3  2 0.0269 0.0346 0.9111 0.0274 
      H400.4  2 0.0187 0.0127 0.9339 0.0347 
      H400.5  2 0.0171 0.0278 0.9337 0.0214 
      H400.6  2 0.0128 0.0130 0.9547 0.0195 
      H400.7  2 0.0160 0.0121 0.9590 0.0130 
 H428.1_2005  2 0.0147 0.0390 0.9184 0.0279 
 H428.1_2006  2 0.0272 0.0189 0.9142 0.0397 
 H428.2_2005  2 0.0139 0.0329 0.9410 0.0122 
 H428.2_2006  2 0.0143 0.0182 0.9126 0.0549 
 H428.3_2005  2 0.0152 0.0111 0.9607 0.0130 
 H428.3_2006  2 0.0158 0.0265 0.8644 0.0932 
 H428.4_2005  2 0.0191 0.0117 0.9601 0.0091 
 H428.4_2006  2 0.0137 0.0122 0.9518 0.0224 
 H428.5_2005  2 0.0097 0.0322 0.9345 0.0236 
 H428.6_2005  2 0.0280 0.0323 0.9038 0.0359 
 H428.6_2006  2 0.0122 0.0257 0.9349 0.0272 
      H428.7  2 0.0065 0.0085 0.9684 0.0167 
      H428.8  2 0.0098 0.0203 0.9442 0.0257 
      H428.9  2 0.0083 0.0220 0.9541 0.0156 
      H453.1  2 0.0144 0.0274 0.9115 0.0467 
      H453.2  2 0.0215 0.0171 0.9433 0.0181 
      H453.3  2 0.0158 0.0118 0.9567 0.0157 
      H453.4  2 0.0119 0.0113 0.9624 0.0144 
      H453.5  2 0.0116 0.0113 0.9614 0.0158 
      H453.6  2 0.0081 0.0077 0.9638 0.0203 
      H453.7  2 0.0939 0.0503 0.4150 0.4408 
      H453.8  2 0.1204 0.0850 0.6246 0.1700 
      H453.9  2 0.0147 0.0161 0.6639 0.3052 
      H512.1  2 0.0152 0.0102 0.9633 0.0113 
     H512.10  2 0.1028 0.2231 0.6225 0.0517 
      H512.2  2 0.1544 0.1279 0.6576 0.0601 
      H512.3  2 0.2422 0.2003 0.5372 0.0203 
      H512.4  2 0.0490 0.0966 0.7602 0.0941 
      H512.5  2 0.2004 0.5581 0.2188 0.0227 
      H512.6  2 0.2781 0.1059 0.5688 0.0472 
      H512.7  2 0.0644 0.2394 0.6598 0.0364 
      H512.8  2 0.2678 0.1043 0.5775 0.0504 
      H512.9  2 0.0667 0.1785 0.7166 0.0382 
      H513.1  2 0.0114 0.0162 0.9540 0.0185 
      H513.2  2 0.0109 0.0243 0.9427 0.0221 
      H513.3  2 0.0112 0.0138 0.9599 0.0151 
      H513.4  2 0.0179 0.0145 0.9180 0.0497 
      H513.5  2 0.0071 0.0145 0.9660 0.0124 
      H513.6  2 0.0142 0.2817 0.6685 0.0357 
      H532.1  2 0.0301 0.0982 0.7037 0.1680 
      H532.2  2 0.0352 0.0253 0.8930 0.0465 
      H532.3  2 0.0583 0.0217 0.8606 0.0594 
      H532.4  2 0.0316 0.0572 0.2883 0.6229 
      H532.5  2 0.0273 0.0614 0.8571 0.0541 
      H532.6  2 0.0231 0.0548 0.7436 0.1785 
      H532.7  2 0.0149 0.0310 0.7582 0.1959 
      H532.8  2 0.0534 0.0853 0.6204 0.2409 
      H543.1  2 0.0142 0.9586 0.0198 0.0074 
      H543.2  2 0.0322 0.7045 0.2447 0.0186 
      H543.3  2 0.0199 0.9318 0.0344 0.0139 
      H543.4  2 0.0251 0.9527 0.0120 0.0102 
      H543.5  2 0.0142 0.9581 0.0155 0.0123 
      H543.6  2 0.0163 0.9459 0.0264 0.0114 
      H543.7  2 0.0162 0.9626 0.0111 0.0102 
      H543.8  2 0.0194 0.9049 0.0413 0.0344 
      H543.9  2 0.0175 0.9390 0.0262 0.0173 
 H545.1_2005  2 0.0053 0.9765 0.0072 0.0110 
 H545.1_2006  2 0.0091 0.9602 0.0124 0.0183 
 H545.2_2005  2 0.0104 0.9608 0.0122 0.0167 
 H545.2_2006  2 0.0090 0.9677 0.0127 0.0106 
 H545.3_2005  2 0.0205 0.9490 0.0158 0.0147 
 H545.3_2006  2 0.0068 0.9585 0.0068 0.0280 
 H545.4_2005  2 0.0336 0.9174 0.0122 0.0368 
 H545.4_2006  2 0.0124 0.9584 0.0108 0.0184 
 H545.5_2005  2 0.0071 0.9607 0.0110 0.0212 
 H545.5_2006  2 0.0147 0.9408 0.0295 0.0151 
 H545.6_2005  2 0.0068 0.9741 0.0075 0.0116 
 H545.6_2006  2 0.0083 0.9704 0.0099 0.0114 
 H545.7_2005  2 0.0071 0.9688 0.0097 0.0144 
 H545.7_2006  2 0.0074 0.9593 0.0111 0.0223 
 H545.8_2005  2 0.0142 0.9251 0.0240 0.0367 
 H545.8_2006  2 0.0087 0.9701 0.0092 0.0120 
      H545.9  2 0.0112 0.9566 0.0148 0.0174 
      H547.1  2 0.0214 0.0191 0.9455 0.0140 
      H547.2  2 0.1724 0.0401 0.7468 0.0408 
      H547.3  2 0.0925 0.0523 0.8336 0.0216 
      H547.4  2 0.0814 0.0490 0.7610 0.1086 
      H547.5  2 0.1347 0.0189 0.8348 0.0116 
      H547.6  2 0.0157 0.0272 0.9422 0.0149 
      H547.7  2 0.0408 0.0780 0.8550 0.0261 
      H547.8  2 0.0193 0.0170 0.9514 0.0123 
      H548.1  2 0.0098 0.9649 0.0118 0.0134 
      H548.2  2 0.0248 0.9519 0.0108 0.0125 
      H548.3  2 0.0107 0.9590 0.0178 0.0125 
      H548.4  2 0.0203 0.9327 0.0148 0.0322 
      H548.5  2 0.0123 0.9638 0.0087 0.0152 
      H548.6  2 0.0093 0.9660 0.0091 0.0156 
      H548.7  2 0.0105 0.9595 0.0136 0.0164 
      H548.8  2 0.0143 0.9560 0.0119 0.0178 
      H548.9  2 0.0247 0.9356 0.0200 0.0198 
     H7389.1  2 0.0143 0.0152 0.9586 0.0119 
     H7389.2  2 0.0164 0.0223 0.9492 0.0121 
     H7389.3  2 0.0194 0.0231 0.9414 0.0162 
     H7389.4  2 0.0098 0.0311 0.8811 0.0781 
     H7389.5  2 0.0118 0.0347 0.9125 0.0410 
     H7389.6  2 0.0183 0.0197 0.9279 0.0340 
     H7389.7  2 0.0196 0.0279 0.9306 0.0220 
     H7389.8  2 0.0137 0.3842 0.5579 0.0442 
     H7389.9  2 0.0105 0.0404 0.9145 0.0346 
      H747.1  2 0.4144 0.1417 0.3892 0.0547 
      H747.2  2 0.2331 0.5485 0.1729 0.0455 
      H747.3  2 0.2387 0.3369 0.3827 0.0417 
      H747.4  2 0.4347 0.1732 0.2551 0.1370 
      H747.5  2 0.1687 0.6050 0.1925 0.0338 
      H747.6  2 0.0425 0.6937 0.2432 0.0206 
      H747.7  2 0.0840 0.5100 0.3772 0.0288 
     H7484.1  2 0.0209 0.0273 0.0832 0.8686 
     H7484.2  2 0.0244 0.0313 0.0431 0.9013 
     H7484.3  2 0.0535 0.0508 0.0393 0.8564 
     H7484.4  2 0.0221 0.0216 0.0689 0.8874 
     H7484.5  2 0.0220 0.0965 0.1060 0.7755 
     H7484.6  2 0.3190 0.3938 0.0889 0.1983 
     H7484.7  2 0.0283 0.1787 0.0753 0.7177 
     H7484.8  2 0.0241 0.0363 0.3298 0.6098 
     H7485.1  2 0.0196 0.9528 0.0139 0.0136 
     H7485.2  2 0.0082 0.9522 0.0197 0.0199 
     H7485.3  2 0.0088 0.9675 0.0097 0.0141 
     H7485.4  2 0.0069 0.9669 0.0113 0.0149 
     H7485.5  2 0.0124 0.9346 0.0103 0.0427 
     H7485.6  2 0.0166 0.9318 0.0152 0.0364 
     H7485.7  2 0.0147 0.9429 0.0123 0.0301 
     H7496.1  2 0.0391 0.0189 0.8656 0.0764 
    H7496.10  2 0.0176 0.0132 0.9322 0.0370 
    H7496.11  2 0.0135 0.9328 0.0278 0.0259 
     H7496.2  2 0.0247 0.0246 0.9071 0.0436 
     H7496.3  2 0.0478 0.0408 0.2711 0.6403 
     H7496.4  2 0.0209 0.0161 0.9484 0.0147 
     H7496.5  2 0.0385 0.0230 0.8864 0.0521 
     H7496.6  2 0.0185 0.0129 0.9391 0.0296 
     H7496.7  2 0.0118 0.0158 0.9471 0.0252 
     H7496.8  2 0.0657 0.1172 0.7371 0.0800 
        UNK4  2 0.0459 0.2883 0.6154 0.0504 
        UNK5  2 0.0173 0.1804 0.6407 0.1616 
        UNK6  2 0.0250 0.1459 0.7952 0.0340 
        UNK7  2 0.0142 0.1999 0.7449 0.0410 
        UNK8  2 0.0120 0.4480 0.5069 0.0332 
        UNK9  2 0.0153 0.1946 0.5982 0.1919 
      H009.1  4 0.8907 0.0719 0.0147 0.0227 
      H009.2  4 0.8906 0.0596 0.0254 0.0244 
      H009.3  4 0.8137 0.1137 0.0188 0.0538 
      H009.4  4 0.8166 0.1396 0.0192 0.0246 
      H009.5  4 0.5110 0.3509 0.0362 0.1020 
      H009.6  4 0.8179 0.0629 0.0211 0.0981 
      H046.4  4 0.0931 0.2178 0.1465 0.5426 
      H046.8  4 0.4693 0.2047 0.0872 0.2388 
 H076.1_2002  4 0.9461 0.0122 0.0295 0.0122 
 H076.1_2003  4 0.9665 0.0157 0.0085 0.0094 
 H076.1_2004  4 0.9610 0.0128 0.0107 0.0155 
 H076.2_2002  4 0.9455 0.0133 0.0273 0.0139 
 H076.2_2003  4 0.9597 0.0190 0.0120 0.0093 
 H076.2_2004  4 0.8649 0.0640 0.0436 0.0275 
 H076.3_2002  4 0.9289 0.0225 0.0234 0.0251 
 H076.3_2003  4 0.8468 0.0998 0.0273 0.0261 
 H076.3_2004  4 0.9563 0.0109 0.0201 0.0127 
 H076.4_2002  4 0.9004 0.0293 0.0395 0.0309 
 H076.4_2003  4 0.9595 0.0185 0.0105 0.0115 
 H076.4_2004  4 0.8871 0.0640 0.0278 0.0212 
 H076.5_2002  4 0.9354 0.0122 0.0351 0.0172 
 H076.5_2003  4 0.6973 0.2109 0.0644 0.0274 
 H076.5_2004  4 0.9128 0.0278 0.0317 0.0277 
 H076.6_2002  4 0.9249 0.0204 0.0200 0.0348 
 H076.6_2003  4 0.9288 0.0323 0.0254 0.0134 
 H076.6_2004  4 0.9485 0.0246 0.0146 0.0123 
 H076.7_2002  4 0.8209 0.0714 0.0676 0.0401 
 H076.7_2003  4 0.7918 0.0873 0.0973 0.0236 
 H076.7_2004  4 0.9555 0.0170 0.0134 0.0141 
      H477.1  4 0.0145 0.0274 0.9392 0.0188 
      H477.2  4 0.0784 0.0926 0.7690 0.0600 
      H477.3  4 0.0233 0.1424 0.7376 0.0967 
      H477.4  4 0.0152 0.2701 0.6894 0.0253 
      H477.5  4 0.0563 0.3843 0.5065 0.0529 
      H477.6  4 0.0402 0.3367 0.4351 0.1880 
      H477.7  4 0.0170 0.3077 0.6568 0.0185 
 H479.1_2005  4 0.0155 0.2046 0.3806 0.3993 
 H479.1_2006  4 0.7505 0.0832 0.0545 0.1118 
     H479.10  4 0.1299 0.0975 0.0709 0.7018 
 H479.2_2005  4 0.0475 0.1502 0.1411 0.6611 
 H479.2_2006  4 0.1241 0.3162 0.4619 0.0978 
 H479.3_2005  4 0.0731 0.0704 0.5969 0.2596 
 H479.3_2006  4 0.2504 0.0705 0.6127 0.0664 
 H479.4_2005  4 0.0879 0.5259 0.1916 0.1946 
 H479.4_2006  4 0.0180 0.0537 0.2762 0.6522 
 H479.5_2005  4 0.0571 0.0496 0.0643 0.8290 
 H479.5_2006  4 0.0452 0.1190 0.5065 0.3293 
 H479.6_2005  4 0.1959 0.3711 0.3294 0.1036 
 H479.6_2006  4 0.0137 0.0432 0.4621 0.4810 
 H479.7_2005  4 0.0307 0.0902 0.7624 0.1167 
 H479.7_2006  4 0.0294 0.1487 0.6109 0.2110 
 H479.8_2005  4 0.0215 0.0509 0.8196 0.1079 
 H479.8_2006  4 0.1470 0.2212 0.0183 0.6135 
      H479.9  4 0.9076 0.0291 0.0309 0.0324 
      H516.1  4 0.8562 0.0425 0.0202 0.0811 
      H516.2  4 0.3711 0.5063 0.0310 0.0916 
      H516.3  4 0.4230 0.2293 0.0396 0.3081 
      H516.4  4 0.6297 0.2845 0.0270 0.0588 
      H516.5  4 0.8735 0.0671 0.0195 0.0400 
      H516.6  4 0.2354 0.6980 0.0211 0.0455 
      H516.7  4 0.5888 0.1070 0.0694 0.2349 
      H516.8  4 0.8716 0.0582 0.0210 0.0492 
      H516.9  4 0.3564 0.0572 0.0375 0.5490 
      H646.1  4 0.8795 0.0222 0.0584 0.0399 
      H646.2  4 0.9346 0.0179 0.0376 0.0099 
      H646.3  4 0.9371 0.0239 0.0185 0.0206 
      H646.4  4 0.8608 0.0158 0.1082 0.0153 
      H646.5  4 0.9031 0.0238 0.0355 0.0376 
      H658.1  4 0.5687 0.3843 0.0255 0.0214 
     H658.10  4 0.8980 0.0327 0.0566 0.0127 
      H658.2  4 0.7936 0.1418 0.0266 0.0381 
      H658.3  4 0.7535 0.1416 0.0588 0.0461 
      H658.4  4 0.7656 0.1417 0.0423 0.0504 
      H658.5  4 0.4203 0.0906 0.3913 0.0979 
      H658.6  4 0.8711 0.0671 0.0447 0.0172 
      H658.7  4 0.9485 0.0188 0.0162 0.0165 
      H658.8  4 0.9483 0.0294 0.0119 0.0104 
      H658.9  4 0.8451 0.0746 0.0219 0.0584 
      H682.1  4 0.0422 0.0992 0.2421 0.6165 
      H682.6  4 0.2435 0.1300 0.1332 0.4933 
      H720.1  4 0.1707 0.0356 0.6923 0.1014 
      H720.2  4 0.2359 0.0590 0.6477 0.0574 
      H720.3  4 0.5397 0.0617 0.1279 0.2707 
      H720.4  4 0.2485 0.1428 0.2219 0.3868 
      H720.5  4 0.1318 0.1100 0.0910 0.6672 
      H720.6  4 0.1256 0.1026 0.0991 0.6727 
      H720.7  4 0.0256 0.1266 0.8291 0.0187 
      H720.8  4 0.1215 0.0259 0.3700 0.4827 
      H720.9  4 0.0474 0.0504 0.0324 0.8698 
      H724.1  4 0.8403 0.0543 0.0356 0.0698 
      H724.2  4 0.7417 0.0403 0.1729 0.0451 
      H724.3  4 0.5479 0.0223 0.2363 0.1936 
      H724.4  4 0.8987 0.0304 0.0209 0.0501 
      H724.5  4 0.4796 0.0276 0.1601 0.3327 
      H724.6  4 0.8899 0.0403 0.0422 0.0276 
      H725.1  4 0.0654 0.0385 0.0368 0.8593 
      H725.2  4 0.0883 0.4778 0.2663 0.1676 
      H725.3  4 0.0553 0.7325 0.0770 0.1351 
      H725.4  4 0.0544 0.4966 0.1319 0.3171 
      H725.5  4 0.0630 0.0771 0.8234 0.0365 
      H725.6  4 0.5634 0.2554 0.0460 0.1353 
      H725.7  4 0.0836 0.0396 0.0239 0.8530 
      H725.8  4 0.2265 0.6906 0.0254 0.0575 
      H726.1  4 0.9552 0.0238 0.0119 0.0091 
      H726.2  4 0.9427 0.0135 0.0262 0.0176 
      H726.3  4 0.9575 0.0185 0.0140 0.0100 
      H726.4  4 0.7822 0.1469 0.0166 0.0542 
      H726.5  4 0.9179 0.0431 0.0125 0.0266 
        UNK1  4 0.0865 0.4532 0.4252 0.0351 
        UNK2  4 0.1994 0.3061 0.0617 0.4328 
        UNK3  4 0.2663 0.3875 0.3144 0.0319 
      H016.1  5 0.0457 0.8068 0.0351 0.1124 
      H016.2  5 0.0215 0.2424 0.0159 0.7202 
      H016.3  5 0.3201 0.4183 0.0705 0.1911 
      H016.4  5 0.0180 0.2227 0.0312 0.7281 
 H017.1_2002  5 0.8200 0.0846 0.0692 0.0262 
 H017.1_2003  5 0.0192 0.8151 0.1502 0.0155 
 H017.2_2002  5 0.6732 0.0775 0.0250 0.2244 
 H017.2_2003  5 0.0219 0.8746 0.0324 0.0711 
 H017.3_2002  5 0.0517 0.8984 0.0303 0.0196 
 H017.3_2003  5 0.2113 0.6286 0.1212 0.0389 
 H017.4_2002  5 0.1194 0.5914 0.0874 0.2018 
 H017.4_2003  5 0.0166 0.9565 0.0074 0.0195 
 H017.5_2002  5 0.0209 0.9182 0.0158 0.0451 
 H017.5_2003  5 0.0517 0.8309 0.0269 0.0905 
 H017.6_2002  5 0.5667 0.1960 0.1491 0.0882 
 H017.6_2003  5 0.5811 0.2551 0.0492 0.1147 
 H017.7_2002  5 0.1323 0.5798 0.0819 0.2061 
 H017.7_2003  5 0.0256 0.8806 0.0535 0.0404 
      H017.8  5 0.1417 0.5279 0.0639 0.2664 
      H017.9  5 0.1884 0.6442 0.1113 0.0562 
      H032.1  5 0.0378 0.9171 0.0291 0.0160 
      H032.2  5 0.0199 0.9446 0.0223 0.0132 
      H032.3  5 0.0795 0.8241 0.0605 0.0359 
      H032.4  5 0.0293 0.9193 0.0150 0.0365 
      H032.5  5 0.5455 0.3795 0.0458 0.0293 
      H032.6  5 0.7443 0.2054 0.0305 0.0198 
      H032.7  5 0.0343 0.8929 0.0467 0.0261 
 H034.1_2002  5 0.8173 0.0746 0.0140 0.0941 
 H034.1_2003  5 0.6685 0.1464 0.0577 0.1274 
 H034.2_2002  5 0.4861 0.4055 0.0186 0.0898 
 H034.2_2003  5 0.5012 0.2221 0.1858 0.0909 
 H034.3_2002  5 0.6889 0.2201 0.0274 0.0636 
 H034.3_2003  5 0.6581 0.1696 0.1064 0.0659 
 H034.4_2002  5 0.5823 0.1153 0.0539 0.2486 
 H034.4_2003  5 0.5479 0.3663 0.0435 0.0423 
 H034.5_2002  5 0.8878 0.0776 0.0127 0.0219 
 H034.5_2003  5 0.3780 0.5465 0.0476 0.0279 
 H034.6_2002  5 0.6188 0.2702 0.0203 0.0908 
 H034.6_2003  5 0.3211 0.6067 0.0421 0.0302 
 H034.7_2002  5 0.7759 0.1411 0.0206 0.0624 
 H034.7_2003  5 0.2041 0.7352 0.0388 0.0219 
 H034.8_2002  5 0.8010 0.0968 0.0158 0.0864 
 H034.8_2003  5 0.6097 0.3464 0.0226 0.0212 
      H034.9  5 0.6850 0.1930 0.0374 0.0846 
      H048.1  5 0.0712 0.6659 0.1063 0.1566 
      H048.2  5 0.0592 0.5047 0.2075 0.2286 
      H048.3  5 0.3527 0.3988 0.2073 0.0411 
      H048.4  5 0.2290 0.6128 0.0573 0.1008 
      H048.5  5 0.0641 0.5269 0.1271 0.2818 
      H048.6  5 0.2514 0.5555 0.0644 0.1287 
      H048.7  5 0.1409 0.6496 0.0439 0.1657 
      H048.8  5 0.1941 0.6944 0.0207 0.0907 
      H060.1  5 0.0156 0.8445 0.0199 0.1200 
     H060.10  5 0.0408 0.7980 0.0155 0.1457 
      H060.2  5 0.0365 0.7274 0.0331 0.2029 
      H060.3  5 0.1805 0.6378 0.0173 0.1645 
      H060.4  5 0.0156 0.9097 0.0225 0.0522 
      H060.5  5 0.0357 0.8963 0.0159 0.0520 
      H060.6  5 0.0258 0.9151 0.0166 0.0425 
      H060.7  5 0.0938 0.5625 0.0598 0.2839 
      H060.8  5 0.0376 0.7756 0.0365 0.1503 
      H060.9  5 0.0491 0.8835 0.0124 0.0550 
 H070.1_2002  5 0.1108 0.3209 0.2688 0.2996 
 H070.1_2003  5 0.0710 0.3288 0.0317 0.5685 
 H070.1_2004  5 0.6189 0.1879 0.0314 0.1618 
 H070.2_2002  5 0.3109 0.2512 0.3608 0.0771 
 H070.2_2003  5 0.1771 0.6439 0.0913 0.0877 
 H070.2_2004  5 0.7919 0.1082 0.0234 0.0764 
 H070.3_2002  5 0.0533 0.1216 0.0245 0.8005 
 H070.3_2003  5 0.1895 0.6887 0.0339 0.0879 
 H070.3_2004  5 0.2732 0.4932 0.0414 0.1922 
 H070.4_2002  5 0.8091 0.0806 0.0633 0.0470 
 H070.4_2003  5 0.0903 0.6838 0.0611 0.1648 
 H070.4_2004  5 0.2198 0.0982 0.0463 0.6356 
 H070.5_2002  5 0.0210 0.0844 0.0153 0.8793 
 H070.5_2003  5 0.1606 0.6117 0.0248 0.2030 
 H070.5_2004  5 0.7557 0.1021 0.0165 0.1257 
 H070.6_2002  5 0.1587 0.3255 0.1073 0.4085 
 H070.6_2003  5 0.7115 0.1580 0.0668 0.0636 
 H070.6_2004  5 0.5976 0.0545 0.0444 0.3035 
      H077.1  5 0.3612 0.3343 0.0245 0.2799 
      H077.2  5 0.0795 0.8036 0.0091 0.1077 
      H077.3  5 0.7871 0.1138 0.0333 0.0659 
      H077.4  5 0.3318 0.5835 0.0312 0.0534 
      H077.5  5 0.2954 0.6478 0.0181 0.0387 
      H077.6  5 0.0480 0.8795 0.0119 0.0606 
      H097.1  5 0.1740 0.1503 0.1579 0.5178 
      H097.2  5 0.0610 0.1080 0.7879 0.0431 
      H097.3  5 0.4726 0.0436 0.2109 0.2728 
      H097.4  5 0.1009 0.0219 0.6641 0.2131 
      H097.5  5 0.2354 0.0702 0.5516 0.1428 
      H097.6  5 0.0592 0.0467 0.8071 0.0871 
      H097.7  5 0.0894 0.0485 0.4152 0.4469 
      H124.1  5 0.1672 0.0483 0.0410 0.7435 
      H124.2  5 0.0292 0.6430 0.0388 0.2891 
      H124.3  5 0.0353 0.3605 0.0287 0.5754 
      H124.4  5 0.0444 0.4881 0.0365 0.4310 
      H124.5  5 0.0504 0.3105 0.0354 0.6037 
      H132.1  5 0.0528 0.0690 0.0223 0.8559 
      H132.2  5 0.1614 0.0973 0.0234 0.7179 
      H132.3  5 0.0513 0.2247 0.0330 0.6910 
      H132.4  5 0.0903 0.0359 0.0210 0.8529 
      H132.5  5 0.1420 0.1614 0.0297 0.6669 
      H132.6  5 0.0757 0.1404 0.0234 0.7605 
      H132.7  5 0.0465 0.2930 0.0988 0.5617 
      H155.1  5 0.0145 0.0371 0.0185 0.9299 
      H155.2  5 0.0335 0.0436 0.0244 0.8985 
      H155.3  5 0.0121 0.0197 0.0595 0.9087 
      H155.4  5 0.0123 0.0172 0.0112 0.9593 
      H155.5  5 0.0205 0.0244 0.0176 0.9375 
      H155.6  5 0.0393 0.2041 0.1272 0.6294 
      H155.7  5 0.0187 0.0144 0.0158 0.9512 
      H155.8  5 0.0175 0.0296 0.0496 0.9033 
      H155.9  5 0.0262 0.0503 0.0550 0.8686 
      H169.1  5 0.3568 0.5239 0.0994 0.0199 
      H169.2  5 0.6137 0.3184 0.0482 0.0196 
      H169.3  5 0.8253 0.0700 0.0895 0.0152 
      H169.4  5 0.1569 0.7372 0.0743 0.0317 
      H169.5  5 0.3546 0.5406 0.0767 0.0281 
      H169.6  5 0.0928 0.7890 0.0935 0.0246 
      H457.1  5 0.1633 0.0486 0.6845 0.1036 
      H457.2  5 0.0240 0.0385 0.8816 0.0559 
      H457.3  5 0.0241 0.0207 0.9388 0.0164 
      H457.4  5 0.0990 0.0322 0.8245 0.0443 
      H457.5  5 0.0790 0.7094 0.1039 0.1077 
      H457.6  5 0.1087 0.2106 0.5480 0.1326 
      H457.7  5 0.5353 0.1287 0.2360 0.1001 
      H457.8  5 0.0478 0.5347 0.3108 0.1067 
      H462.1  5 0.0307 0.1019 0.0779 0.7895 
      H462.2  5 0.0233 0.0376 0.0277 0.9114 
      H462.3  5 0.0287 0.1243 0.1763 0.6707 
      H462.4  5 0.1057 0.1036 0.0876 0.7031 
      H462.5  5 0.0660 0.1067 0.0543 0.7729 
      H462.6  5 0.0406 0.1072 0.0748 0.7774 
      H462.7  5 0.0333 0.0600 0.5064 0.4003 
      H462.8  5 0.1530 0.0776 0.0262 0.7432 
      H462.9  5 0.0359 0.0603 0.1177 0.7860 
      H481.1  5 0.9235 0.0355 0.0190 0.0220 
      H481.2  5 0.2122 0.1555 0.0299 0.6025 
      H481.3  5 0.3791 0.2071 0.0204 0.3934 
      H481.4  5 0.2134 0.2763 0.0267 0.4835 
      H481.5  5 0.5570 0.0833 0.0164 0.3432 
      H481.6  5 0.3073 0.0388 0.1389 0.5149 
      H481.7  5 0.4578 0.0740 0.0771 0.3911 
      H481.8  5 0.4694 0.0240 0.2756 0.2310 
      H509.1  5 0.0612 0.7121 0.1385 0.0883 
      H509.2  5 0.1342 0.1375 0.5874 0.1409 
      H509.3  5 0.0927 0.0679 0.7692 0.0702 
      H509.4  5 0.1175 0.0489 0.7708 0.0628 
      H509.5  5 0.0462 0.0774 0.2872 0.5893 
      H509.6  5 0.0965 0.3967 0.1354 0.3714 
      H509.7  5 0.2542 0.0488 0.5536 0.1434 
      H567.1  5 0.0290 0.0768 0.8714 0.0228 
      H567.2  5 0.0622 0.0210 0.0803 0.8365 
      H567.3  5 0.1289 0.0287 0.2034 0.6389 
      H567.4  5 0.0299 0.0361 0.9188 0.0152 
      H567.5  5 0.0321 0.0709 0.8758 0.0211 
      H567.6  5 0.0302 0.1360 0.8204 0.0133 
      H567.7  5 0.0392 0.0409 0.3136 0.6063 
      H567.8  5 0.0420 0.0591 0.7699 0.1290 
      H608.1  5 0.2049 0.1157 0.1839 0.4955 
      H608.2  5 0.1048 0.1947 0.1352 0.5653 
      H608.3  5 0.0735 0.3380 0.0676 0.5209 
      H608.4  5 0.0882 0.4052 0.1089 0.3978 
      H608.5  5 0.0283 0.6969 0.0647 0.2101 
      H608.6  5 0.0268 0.8019 0.0429 0.1283 
      H608.7  5 0.0714 0.6577 0.1215 0.1494 
      H608.8  5 0.0170 0.7660 0.1034 0.1136 
      H615.1  5 0.0181 0.9452 0.0133 0.0233 
      H615.2  5 0.0229 0.7523 0.0604 0.1643 
      H615.3  5 0.6837 0.1244 0.0889 0.1030 
      H615.4  5 0.1454 0.1553 0.1308 0.5684 
      H615.5  5 0.3695 0.4808 0.0346 0.1151 
      H615.6  5 0.4818 0.1772 0.0241 0.3169 
      H635.1  5 0.6295 0.0526 0.0391 0.2789 
      H635.2  5 0.1293 0.2200 0.5703 0.0803 
      H635.3  5 0.1350 0.0474 0.1360 0.6816 
      H635.4  5 0.1441 0.0566 0.0439 0.7554 
      H635.5  5 0.4671 0.0496 0.1870 0.2962 
      H635.6  5 0.8710 0.0530 0.0328 0.0432 
      H635.7  5 0.4360 0.0573 0.0906 0.4161 
