      H105.1  1 0.0069 0.0102 0.0072 0.0260 0.0143 0.0070 0.0124 0.7807 0.0226 0.0430 0.0059 0.0181 0.0089 0.0124 0.0128 0.0051 0.0065 
      H105.2  1 0.0235 0.0152 0.0134 0.0100 0.0151 0.0065 0.0589 0.6284 0.0504 0.0280 0.0328 0.0094 0.0087 0.0483 0.0098 0.0152 0.0264 
      H105.3  1 0.0121 0.0155 0.0063 0.0049 0.0208 0.0039 0.0129 0.8328 0.0093 0.0121 0.0133 0.0106 0.0086 0.0169 0.0070 0.0069 0.0062 
      H105.4  1 0.0263 0.0087 0.0069 0.0089 0.0428 0.0124 0.0340 0.5605 0.0299 0.1090 0.0391 0.0186 0.0245 0.0158 0.0095 0.0271 0.0258 
      H105.5  1 0.0379 0.0194 0.0080 0.0262 0.0550 0.0110 0.4902 0.0538 0.0340 0.0874 0.0213 0.0460 0.0514 0.0239 0.0078 0.0114 0.0153 
      H105.6  1 0.0122 0.0079 0.0052 0.0046 0.0098 0.0066 0.0075 0.8255 0.0071 0.0231 0.0220 0.0197 0.0181 0.0077 0.0081 0.0086 0.0062 
      H105.7  1 0.0084 0.0045 0.0046 0.0117 0.0087 0.0080 0.0079 0.8392 0.0072 0.0356 0.0063 0.0052 0.0053 0.0068 0.0187 0.0054 0.0166 
      H105.8  1 0.0053 0.0106 0.0088 0.0066 0.0071 0.0038 0.0086 0.8344 0.0190 0.0184 0.0067 0.0060 0.0063 0.0116 0.0305 0.0089 0.0074 
      H115.1  1 0.0333 0.0545 0.0140 0.0459 0.0150 0.0073 0.0256 0.0200 0.0284 0.0301 0.0137 0.0491 0.5342 0.0104 0.0469 0.0521 0.0197 
      H115.2  1 0.0236 0.0253 0.0251 0.0284 0.0073 0.0084 0.1856 0.0150 0.0128 0.0107 0.0265 0.0193 0.5244 0.0095 0.0104 0.0557 0.0119 
      H115.3  1 0.0057 0.0054 0.0103 0.0223 0.0112 0.0046 0.2194 0.0156 0.0093 0.0146 0.0468 0.0197 0.5649 0.0152 0.0096 0.0170 0.0086 
      H115.4  1 0.0078 0.1028 0.0070 0.0441 0.0154 0.0060 0.6388 0.0094 0.0232 0.0201 0.0057 0.0369 0.0196 0.0207 0.0125 0.0185 0.0116 
      H115.5  1 0.0294 0.0155 0.0490 0.0287 0.0334 0.0149 0.0829 0.0343 0.0152 0.0169 0.0113 0.0428 0.4099 0.1626 0.0333 0.0075 0.0123 
      H115.6  1 0.0218 0.0196 0.0175 0.0213 0.0148 0.0102 0.3073 0.0101 0.0075 0.0092 0.0627 0.0187 0.4212 0.0140 0.0187 0.0142 0.0113 
      H115.7  1 0.1490 0.0249 0.0059 0.0610 0.0153 0.0141 0.2440 0.0129 0.0172 0.0185 0.1008 0.0240 0.1486 0.0563 0.0070 0.0663 0.0342 
      H115.8  1 0.0130 0.0214 0.0816 0.0199 0.0104 0.0055 0.1259 0.0177 0.0120 0.0144 0.0285 0.0162 0.5107 0.0274 0.0725 0.0116 0.0111 
      H115.9  1 0.0064 0.0147 0.0060 0.0185 0.0075 0.0041 0.0094 0.0056 0.0069 0.0323 0.0088 0.0114 0.8188 0.0053 0.0279 0.0081 0.0084 
      H145.1  1 0.0086 0.0068 0.0270 0.0066 0.0102 0.8526 0.0069 0.0049 0.0044 0.0112 0.0188 0.0101 0.0098 0.0033 0.0084 0.0065 0.0041 
      H145.2  1 0.0077 0.0070 0.0292 0.0067 0.0073 0.8162 0.0098 0.0078 0.0073 0.0145 0.0167 0.0147 0.0246 0.0036 0.0093 0.0110 0.0065 
      H145.3  1 0.0063 0.0045 0.0665 0.0054 0.0087 0.7857 0.0054 0.0049 0.0036 0.0180 0.0204 0.0054 0.0076 0.0133 0.0303 0.0056 0.0085 
      H145.4  1 0.0093 0.0037 0.0098 0.0056 0.0053 0.9069 0.0048 0.0045 0.0046 0.0077 0.0070 0.0071 0.0046 0.0036 0.0065 0.0057 0.0035 
      H145.5  1 0.0112 0.0042 0.1781 0.0049 0.0083 0.6968 0.0054 0.0043 0.0041 0.0083 0.0338 0.0077 0.0059 0.0093 0.0074 0.0056 0.0049 
      H145.6  1 0.0074 0.0043 0.0134 0.0058 0.0038 0.8882 0.0058 0.0065 0.0055 0.0088 0.0075 0.0056 0.0096 0.0064 0.0053 0.0058 0.0103 
      H145.7  1 0.0053 0.0031 0.0051 0.0044 0.0041 0.9101 0.0052 0.0041 0.0040 0.0074 0.0066 0.0093 0.0045 0.0095 0.0081 0.0046 0.0043 
      H149.1  1 0.0043 0.0042 0.0051 0.0038 0.0040 0.0056 0.0043 0.0038 0.0047 0.0041 0.0047 0.9312 0.0040 0.0041 0.0038 0.0042 0.0041 
      H149.2  1 0.0063 0.0037 0.0034 0.0070 0.0063 0.0180 0.0057 0.0045 0.0037 0.0056 0.0069 0.9072 0.0046 0.0041 0.0041 0.0041 0.0050 
      H149.3  1 0.0243 0.0048 0.0050 0.0164 0.0120 0.0294 0.0111 0.0100 0.0070 0.0092 0.0135 0.8029 0.0064 0.0095 0.0096 0.0127 0.0163 
      H149.4  1 0.0067 0.0045 0.0093 0.0096 0.0059 0.0044 0.0066 0.0140 0.0135 0.0063 0.0090 0.8536 0.0066 0.0053 0.0065 0.0304 0.0078 
      H149.5  1 0.0119 0.0044 0.0051 0.0744 0.0143 0.0661 0.0083 0.0136 0.0173 0.0087 0.0093 0.7058 0.0032 0.0091 0.0070 0.0231 0.0183 
      H149.6  1 0.0078 0.0048 0.0042 0.0087 0.0052 0.0161 0.0054 0.0077 0.0051 0.0051 0.0047 0.8980 0.0034 0.0050 0.0035 0.0053 0.0099 
      H149.7  1 0.0484 0.0084 0.0118 0.0355 0.0164 0.0358 0.0086 0.0341 0.0534 0.0077 0.0126 0.5624 0.0065 0.0092 0.0151 0.0601 0.0740 
      H150.1  1 0.0096 0.0052 0.0168 0.0062 0.0071 0.0094 0.2580 0.0131 0.0058 0.0084 0.0141 0.0031 0.6059 0.0082 0.0157 0.0076 0.0056 
      H150.2  1 0.0147 0.0227 0.0337 0.0172 0.0130 0.0065 0.3219 0.0200 0.0068 0.0058 0.0133 0.0154 0.4670 0.0101 0.0072 0.0135 0.0114 
      H150.3  1 0.0486 0.0352 0.0180 0.0136 0.0171 0.0180 0.0673 0.0177 0.0077 0.0154 0.0142 0.0077 0.6296 0.0258 0.0245 0.0146 0.0249 
      H150.4  1 0.0184 0.0128 0.0205 0.0073 0.0073 0.0127 0.0188 0.0067 0.0051 0.0124 0.0088 0.0038 0.8298 0.0121 0.0103 0.0045 0.0089 
      H150.5  1 0.0226 0.0076 0.0067 0.0209 0.0175 0.0127 0.3958 0.0400 0.0096 0.0123 0.0339 0.0108 0.3217 0.0139 0.0110 0.0509 0.0123 
      H150.6  1 0.0079 0.0041 0.0124 0.0306 0.0084 0.0089 0.7795 0.0354 0.0113 0.0049 0.0141 0.0053 0.0155 0.0304 0.0035 0.0196 0.0081 
      H150.7  1 0.0104 0.0080 0.0111 0.0046 0.0063 0.0077 0.0341 0.0113 0.0056 0.0078 0.0344 0.0040 0.8173 0.0084 0.0158 0.0091 0.0040 
   H169607.1  1 0.0309 0.1020 0.0301 0.0238 0.1474 0.2177 0.0212 0.0087 0.1205 0.0257 0.0957 0.0092 0.0342 0.0264 0.0315 0.0259 0.0491 
   H169607.2  1 0.0111 0.0343 0.0041 0.0110 0.0556 0.0758 0.0116 0.0071 0.0309 0.4597 0.0634 0.0145 0.0404 0.0087 0.0435 0.1149 0.0133 
   H169607.3  1 0.0170 0.0145 0.0130 0.1067 0.1436 0.2710 0.0346 0.0081 0.0469 0.0969 0.0375 0.0079 0.0193 0.0243 0.0557 0.0189 0.0840 
   H169607.4  1 0.0099 0.0118 0.0065 0.0071 0.1278 0.0866 0.0086 0.0124 0.0185 0.1848 0.4488 0.0065 0.0124 0.0066 0.0079 0.0297 0.0140 
   H169607.5  1 0.0091 0.0313 0.0091 0.0347 0.0731 0.0853 0.0143 0.0064 0.0070 0.2329 0.0456 0.0208 0.0341 0.0074 0.0323 0.3463 0.0103 
   H169607.6  1 0.0074 0.0271 0.0042 0.0095 0.0380 0.0628 0.0133 0.0068 0.0430 0.6432 0.0389 0.0086 0.0126 0.0091 0.0158 0.0500 0.0096 
   H169607.7  1 0.0106 0.0904 0.0071 0.0140 0.0632 0.0431 0.0968 0.0347 0.1413 0.2034 0.0211 0.0145 0.0215 0.0203 0.0986 0.1097 0.0097 
   H169607.8  1 0.0096 0.0121 0.0044 0.0071 0.1469 0.0342 0.0049 0.0052 0.0337 0.5062 0.1596 0.0070 0.0143 0.0099 0.0150 0.0171 0.0127 
   H169633.1  1 0.0150 0.0144 0.0225 0.0110 0.0051 0.0427 0.0093 0.0156 0.0122 0.0060 0.0108 0.7708 0.0190 0.0190 0.0077 0.0046 0.0141 
   H169633.2  1 0.0122 0.0352 0.0095 0.0049 0.0040 0.0161 0.0142 0.0130 0.0187 0.0032 0.0063 0.7715 0.0044 0.0129 0.0132 0.0081 0.0527 
   H169633.3  1 0.0180 0.0102 0.0066 0.0085 0.0069 0.0162 0.0116 0.0146 0.0067 0.0038 0.0064 0.8419 0.0082 0.0089 0.0166 0.0081 0.0066 
   H169633.4  1 0.0170 0.0067 0.0163 0.0169 0.0078 0.0148 0.0084 0.0135 0.0082 0.0083 0.0213 0.8169 0.0131 0.0121 0.0078 0.0061 0.0048 
   H169633.5  1 0.0112 0.0054 0.0197 0.0195 0.0064 0.0145 0.0073 0.0129 0.0069 0.0066 0.0196 0.8287 0.0100 0.0121 0.0072 0.0065 0.0054 
   H169688.1  1 0.0079 0.0116 0.0041 0.0068 0.0092 0.1953 0.0106 0.0044 0.0267 0.1056 0.0263 0.0245 0.0101 0.1185 0.0111 0.0220 0.4054 
   H169688.2  1 0.0064 0.0080 0.0190 0.0064 0.0104 0.0456 0.0239 0.0140 0.0478 0.0160 0.0078 0.0084 0.0304 0.0713 0.0111 0.0575 0.6161 
   H169688.3  1 0.0099 0.0186 0.0067 0.0228 0.0067 0.2125 0.0231 0.0134 0.0571 0.0199 0.0142 0.0186 0.0505 0.0607 0.0061 0.0514 0.4077 
   H169688.4  1 0.0070 0.0106 0.0193 0.0113 0.0083 0.0459 0.0502 0.0097 0.0192 0.0106 0.0118 0.0127 0.5640 0.0419 0.0080 0.0165 0.1532 
   H169688.5  1 0.0071 0.0104 0.0163 0.0109 0.0097 0.0487 0.0565 0.0101 0.0129 0.0128 0.0106 0.0127 0.5743 0.0379 0.0087 0.0165 0.1439 
   H169688.6  1 0.0046 0.0082 0.0954 0.0084 0.0069 0.1348 0.0103 0.0231 0.1318 0.0201 0.0058 0.0302 0.0755 0.0370 0.0072 0.1157 0.2849 
   H169688.7  1 0.0107 0.0200 0.0152 0.0192 0.0089 0.3997 0.0908 0.0075 0.0861 0.0202 0.0172 0.0163 0.0615 0.0537 0.0094 0.0436 0.1199 
   H171901.1  1 0.0961 0.0122 0.0545 0.0187 0.0124 0.0598 0.3468 0.0176 0.0153 0.0168 0.0295 0.0072 0.0481 0.0185 0.0100 0.0230 0.2135 
   H171901.2  1 0.0093 0.0070 0.0082 0.0064 0.0115 0.0108 0.0343 0.0118 0.0065 0.0252 0.0351 0.7726 0.0287 0.0060 0.0120 0.0090 0.0056 
   H171901.3  1 0.0072 0.0077 0.0078 0.0156 0.0081 0.0115 0.0258 0.0063 0.0144 0.0076 0.0432 0.7268 0.0270 0.0175 0.0086 0.0147 0.0504 
   H171901.4  1 0.0060 0.0128 0.0070 0.0101 0.0118 0.0113 0.0578 0.0204 0.0110 0.0114 0.0282 0.7486 0.0126 0.0105 0.0095 0.0169 0.0141 
   H171901.5  1 0.0074 0.0116 0.0076 0.0114 0.0284 0.0375 0.0483 0.0185 0.0231 0.0089 0.1104 0.5912 0.0129 0.0064 0.0109 0.0454 0.0202 
   H171901.6  1 0.0107 0.0142 0.0071 0.0115 0.0378 0.0968 0.0499 0.0502 0.0211 0.0112 0.1575 0.3990 0.0219 0.0063 0.0118 0.0653 0.0279 
   H171901.7  1 0.0097 0.0065 0.0068 0.0150 0.0074 0.0550 0.0355 0.0098 0.0099 0.0087 0.0332 0.5859 0.0206 0.0092 0.0191 0.1429 0.0248 
   H171902.1  1 0.0069 0.0266 0.0430 0.0046 0.0091 0.0127 0.0090 0.0058 0.0155 0.0082 0.7874 0.0071 0.0092 0.0092 0.0161 0.0191 0.0104 
  H171902.10  1 0.0038 0.0055 0.0088 0.0038 0.0054 0.0048 0.0083 0.0036 0.0195 0.0093 0.8830 0.0122 0.0056 0.0062 0.0040 0.0101 0.0060 
   H171902.2  1 0.0104 0.0321 0.0394 0.0083 0.0282 0.0224 0.0190 0.0275 0.0586 0.0091 0.4008 0.0178 0.0190 0.0988 0.0791 0.0351 0.0944 
   H171902.3  1 0.0082 0.0366 0.0122 0.0068 0.0175 0.0165 0.0434 0.0086 0.1306 0.0159 0.4942 0.0632 0.0310 0.0108 0.0169 0.0702 0.0175 
   H171902.4  1 0.0096 0.0056 0.0185 0.0053 0.0053 0.0074 0.0047 0.0068 0.0046 0.0059 0.8433 0.0452 0.0108 0.0068 0.0094 0.0050 0.0059 
   H171902.6  1 0.0064 0.0051 0.0074 0.0036 0.0056 0.0050 0.0082 0.0030 0.0155 0.0085 0.8923 0.0086 0.0070 0.0051 0.0050 0.0097 0.0040 
   H171902.7  1 0.0066 0.0052 0.0204 0.0050 0.0162 0.0136 0.0150 0.0066 0.0082 0.0113 0.8412 0.0195 0.0057 0.0035 0.0038 0.0105 0.0076 
   H171902.8  1 0.0079 0.0086 0.0148 0.0075 0.0095 0.0124 0.0215 0.0044 0.0463 0.0084 0.7735 0.0187 0.0081 0.0097 0.0075 0.0328 0.0086 
   H171902.9  1 0.0113 0.0069 0.0359 0.0052 0.0083 0.0101 0.0070 0.0107 0.0077 0.0087 0.8130 0.0091 0.0335 0.0051 0.0106 0.0093 0.0076 
   H171903.1  1 0.0053 0.0249 0.0055 0.0112 0.0200 0.0206 0.0188 0.0097 0.0040 0.7740 0.0090 0.0134 0.0148 0.0059 0.0163 0.0393 0.0071 
   H171903.2  1 0.0067 0.0230 0.0147 0.0303 0.0494 0.0159 0.0203 0.0295 0.0137 0.6514 0.0125 0.0127 0.0220 0.0051 0.0564 0.0273 0.0093 
   H171903.3  1 0.0161 0.0886 0.0222 0.1108 0.0448 0.0233 0.0897 0.0201 0.0100 0.2436 0.0399 0.0988 0.0227 0.0085 0.0318 0.1056 0.0236 
   H171903.4  1 0.0202 0.0076 0.0085 0.0175 0.0305 0.1903 0.0702 0.0129 0.0076 0.0628 0.1324 0.0113 0.0205 0.0135 0.0062 0.0307 0.3573 
   H171903.5  1 0.0085 0.1076 0.0148 0.2653 0.0391 0.0298 0.0660 0.0235 0.0464 0.0964 0.0095 0.1143 0.0324 0.0101 0.0417 0.0614 0.0333 
   H171903.6  1 0.0069 0.0083 0.0060 0.0742 0.1118 0.0396 0.0490 0.0087 0.0177 0.2627 0.0388 0.1146 0.0311 0.0145 0.0166 0.1484 0.0511 
      H177.1  1 0.0107 0.0072 0.0111 0.0108 0.0162 0.0248 0.0192 0.0052 0.0379 0.0226 0.1227 0.2543 0.0231 0.0056 0.0071 0.1711 0.2505 
      H177.2  1 0.0143 0.0143 0.0218 0.0529 0.2594 0.0509 0.0196 0.0078 0.1576 0.0215 0.0707 0.1004 0.0256 0.0186 0.0553 0.0983 0.0110 
      H177.3  1 0.0167 0.0075 0.0228 0.0183 0.0683 0.0216 0.0213 0.0066 0.0798 0.0218 0.1566 0.3307 0.0488 0.0060 0.0099 0.1467 0.0164 
      H177.4  1 0.0074 0.0062 0.0097 0.0167 0.0482 0.0404 0.0124 0.0180 0.0501 0.0261 0.0566 0.3522 0.0068 0.0044 0.0103 0.1143 0.2203 
      H177.5  1 0.0074 0.0054 0.0086 0.0491 0.0460 0.0237 0.0296 0.0350 0.0151 0.0325 0.0358 0.0221 0.0184 0.0099 0.0162 0.0790 0.5662 
      H177.6  1 0.0169 0.0086 0.0178 0.0112 0.0408 0.0202 0.0251 0.0055 0.0579 0.0112 0.1521 0.4623 0.0612 0.0045 0.0123 0.0787 0.0138 
      H179.1  1 0.0164 0.0184 0.0043 0.0103 0.0162 0.0070 0.0063 0.0103 0.8230 0.0053 0.0096 0.0098 0.0094 0.0065 0.0091 0.0192 0.0190 
      H179.2  1 0.0191 0.0697 0.0049 0.0144 0.0361 0.0061 0.0147 0.0119 0.6947 0.0103 0.0110 0.0205 0.0091 0.0058 0.0217 0.0328 0.0174 
      H179.3  1 0.0120 0.0412 0.0059 0.0287 0.0129 0.0095 0.0103 0.0149 0.5782 0.0223 0.0117 0.0095 0.0220 0.0164 0.0230 0.0331 0.1484 
      H179.4  1 0.0132 0.0342 0.0047 0.0124 0.0251 0.0314 0.0071 0.0157 0.4242 0.0106 0.0220 0.1925 0.0064 0.0265 0.0181 0.1178 0.0381 
      H180.1  1 0.0043 0.0177 0.0103 0.0100 0.0038 0.0033 0.8678 0.0055 0.0167 0.0072 0.0054 0.0074 0.0065 0.0129 0.0061 0.0082 0.0069 
      H180.2  1 0.0070 0.0066 0.0133 0.0058 0.0086 0.0044 0.8219 0.0155 0.0083 0.0104 0.0101 0.0141 0.0192 0.0231 0.0072 0.0105 0.0142 
      H180.3  1 0.0125 0.0692 0.0222 0.0221 0.0109 0.0074 0.5006 0.0137 0.0070 0.0271 0.0069 0.0126 0.1631 0.0090 0.0959 0.0114 0.0084 
      H180.4  1 0.0075 0.0078 0.0226 0.0093 0.0069 0.0045 0.7611 0.0495 0.0238 0.0097 0.0095 0.0131 0.0134 0.0170 0.0174 0.0119 0.0151 
      H180.5  1 0.0042 0.0064 0.0190 0.0067 0.0104 0.0062 0.8315 0.0088 0.0102 0.0125 0.0062 0.0064 0.0104 0.0162 0.0235 0.0079 0.0135 
      H180.6  1 0.0109 0.0097 0.0466 0.0068 0.0104 0.0223 0.2536 0.0154 0.0096 0.0119 0.0079 0.0139 0.0239 0.0269 0.5129 0.0106 0.0067 
      H181.1  1 0.0072 0.0070 0.0118 0.1431 0.0116 0.0145 0.0388 0.0087 0.2088 0.0589 0.0223 0.2658 0.0095 0.1597 0.0061 0.0185 0.0079 
      H181.2  1 0.0151 0.0140 0.0162 0.0183 0.0131 0.0391 0.0962 0.0141 0.4834 0.0256 0.0344 0.0873 0.0150 0.0723 0.0077 0.0287 0.0195 
      H181.3  1 0.0086 0.0047 0.0160 0.0104 0.0183 0.0150 0.0464 0.0070 0.5235 0.0266 0.0401 0.0512 0.0074 0.1622 0.0135 0.0325 0.0166 
      H181.4  1 0.0185 0.0092 0.0043 0.2172 0.1047 0.0301 0.0831 0.0106 0.0587 0.0288 0.0226 0.1633 0.0703 0.0786 0.0141 0.0597 0.0262 
      H181.5  1 0.0199 0.0105 0.0130 0.0078 0.0117 0.0068 0.0106 0.0098 0.7964 0.0081 0.0106 0.0213 0.0051 0.0371 0.0107 0.0042 0.0164 
      H181.6  1 0.0124 0.0425 0.0058 0.0139 0.0161 0.0173 0.1016 0.0301 0.6214 0.0188 0.0237 0.0260 0.0184 0.0115 0.0066 0.0116 0.0223 
      H181.7  1 0.0097 0.0076 0.0069 0.0153 0.0068 0.0151 0.0104 0.0111 0.8201 0.0094 0.0103 0.0343 0.0085 0.0089 0.0089 0.0105 0.0062 
 H194.1_2004  1 0.0106 0.0078 0.0083 0.0090 0.0078 0.8197 0.0182 0.0072 0.0045 0.0250 0.0134 0.0152 0.0099 0.0058 0.0120 0.0175 0.0081 
 H194.2_2004  1 0.0093 0.0031 0.0087 0.0073 0.0055 0.8359 0.0085 0.0036 0.0035 0.0202 0.0074 0.0054 0.0058 0.0052 0.0056 0.0077 0.0574 
 H194.3_2004  1 0.0160 0.0076 0.0078 0.0085 0.0065 0.7721 0.0076 0.0068 0.0113 0.0089 0.0219 0.0777 0.0069 0.0034 0.0077 0.0169 0.0124 
 H194.4_2004  1 0.0101 0.0050 0.0118 0.0051 0.0064 0.8000 0.0068 0.0054 0.0047 0.0270 0.0137 0.0231 0.0045 0.0047 0.0072 0.0076 0.0568 
 H194.5_2004  1 0.0166 0.0104 0.0063 0.0079 0.0111 0.7665 0.0096 0.0116 0.0081 0.0088 0.0122 0.0702 0.0083 0.0061 0.0123 0.0174 0.0169 
 H194.6_2004  1 0.0377 0.0099 0.0094 0.0086 0.0145 0.1915 0.0094 0.0080 0.0076 0.0164 0.0418 0.3580 0.0140 0.0068 0.0135 0.0355 0.2174 
 H194.7_2004  1 0.0142 0.0061 0.0062 0.0099 0.0097 0.7606 0.0108 0.0088 0.0042 0.0646 0.0069 0.0104 0.0069 0.0080 0.0504 0.0094 0.0130 
 H194.8_2004  1 0.0242 0.0078 0.0103 0.0083 0.0167 0.5972 0.0101 0.0064 0.0070 0.0173 0.0203 0.0820 0.0117 0.0089 0.0165 0.0196 0.1356 
      H194.9  1 0.0090 0.0058 0.0107 0.0088 0.0107 0.8086 0.0087 0.0080 0.0041 0.0310 0.0099 0.0122 0.0101 0.0090 0.0330 0.0072 0.0132 
 H195.1_2003  1 0.0073 0.0075 0.0037 0.0046 0.0074 0.8877 0.0084 0.0186 0.0059 0.0052 0.0052 0.0081 0.0047 0.0064 0.0047 0.0067 0.0077 
 H195.1_2004  1 0.0128 0.0032 0.0093 0.0088 0.0062 0.8520 0.0093 0.0081 0.0158 0.0054 0.0118 0.0127 0.0078 0.0174 0.0056 0.0088 0.0050 
 H195.2_2003  1 0.0042 0.0065 0.0044 0.0038 0.0142 0.8704 0.0098 0.0104 0.0052 0.0141 0.0115 0.0057 0.0144 0.0044 0.0074 0.0060 0.0073 
 H195.2_2004  1 0.0053 0.0040 0.0077 0.0037 0.0056 0.9163 0.0066 0.0054 0.0041 0.0047 0.0051 0.0058 0.0038 0.0058 0.0065 0.0039 0.0058 
 H195.3_2003  1 0.0064 0.0051 0.0050 0.0050 0.0198 0.8047 0.0121 0.0283 0.0062 0.0268 0.0073 0.0049 0.0306 0.0062 0.0080 0.0117 0.0120 
 H195.3_2004  1 0.0056 0.0037 0.0060 0.0043 0.0044 0.9072 0.0045 0.0054 0.0048 0.0080 0.0075 0.0143 0.0043 0.0065 0.0038 0.0056 0.0041 
 H195.4_2003  1 0.0075 0.0066 0.0031 0.0047 0.0062 0.9030 0.0094 0.0085 0.0049 0.0071 0.0063 0.0076 0.0051 0.0044 0.0050 0.0054 0.0053 
 H195.4_2004  1 0.0044 0.0033 0.0049 0.0050 0.0038 0.9147 0.0044 0.0042 0.0045 0.0061 0.0057 0.0042 0.0042 0.0130 0.0059 0.0046 0.0071 
 H195.5_2003  1 0.0092 0.0069 0.0052 0.0065 0.0078 0.7807 0.0176 0.0694 0.0112 0.0089 0.0100 0.0130 0.0079 0.0150 0.0051 0.0163 0.0094 
 H195.5_2004  1 0.0060 0.0038 0.0090 0.0047 0.0038 0.8892 0.0050 0.0083 0.0080 0.0072 0.0073 0.0099 0.0062 0.0155 0.0059 0.0061 0.0041 
 H195.6_2003  1 0.0044 0.0044 0.0052 0.0046 0.0081 0.8884 0.0085 0.0134 0.0045 0.0162 0.0077 0.0045 0.0103 0.0054 0.0045 0.0059 0.0041 
 H195.6_2004  1 0.0059 0.0040 0.0064 0.0032 0.0039 0.9198 0.0044 0.0065 0.0069 0.0070 0.0052 0.0051 0.0033 0.0047 0.0049 0.0050 0.0039 
 H195.7_2003  1 0.0052 0.0050 0.0032 0.0061 0.0072 0.8998 0.0069 0.0078 0.0063 0.0057 0.0051 0.0058 0.0044 0.0069 0.0058 0.0063 0.0123 
 H195.7_2004  1 0.0062 0.0028 0.0286 0.0057 0.0046 0.8687 0.0079 0.0087 0.0082 0.0055 0.0055 0.0054 0.0072 0.0207 0.0045 0.0063 0.0037 
      H195.8  1 0.0050 0.0041 0.0052 0.0048 0.0052 0.8769 0.0069 0.0070 0.0067 0.0075 0.0068 0.0059 0.0054 0.0359 0.0049 0.0071 0.0047 
      H195.9  1 0.0066 0.0031 0.0047 0.0060 0.0058 0.8957 0.0062 0.0050 0.0055 0.0148 0.0075 0.0101 0.0042 0.0056 0.0059 0.0076 0.0055 
      H415.1  1 0.0279 0.4222 0.1041 0.0140 0.0058 0.0286 0.0284 0.0106 0.0093 0.0073 0.0542 0.1088 0.1078 0.0067 0.0315 0.0130 0.0199 
      H415.2  1 0.0242 0.0720 0.0161 0.0191 0.0119 0.0154 0.0140 0.0062 0.0115 0.0059 0.6891 0.0480 0.0126 0.0034 0.0054 0.0340 0.0111 
      H415.3  1 0.0094 0.6583 0.0130 0.0162 0.0160 0.0102 0.0269 0.0085 0.0183 0.0035 0.0214 0.1373 0.0081 0.0033 0.0050 0.0324 0.0122 
      H415.4  1 0.0370 0.5633 0.0232 0.0132 0.0087 0.0153 0.0474 0.0140 0.0049 0.0048 0.0304 0.1102 0.0758 0.0084 0.0269 0.0073 0.0091 
      H415.5  1 0.0137 0.5752 0.0148 0.0127 0.0103 0.0140 0.0398 0.0079 0.0171 0.0041 0.0185 0.2246 0.0062 0.0041 0.0058 0.0187 0.0125 
      H415.6  1 0.0323 0.5705 0.0192 0.0128 0.0071 0.0202 0.0356 0.0137 0.0070 0.0055 0.0272 0.1095 0.0899 0.0078 0.0238 0.0072 0.0106 
      H415.7  1 0.0144 0.2824 0.0191 0.0123 0.1158 0.0567 0.0203 0.0092 0.0243 0.0060 0.2358 0.1192 0.0168 0.0051 0.0101 0.0354 0.0172 
      H506.1  1 0.0069 0.0132 0.0072 0.0059 0.0152 0.0047 0.0042 0.0105 0.8548 0.0037 0.0047 0.0395 0.0035 0.0082 0.0059 0.0059 0.0061 
      H506.2  1 0.0059 0.0053 0.0061 0.0041 0.0101 0.0057 0.0034 0.0049 0.8869 0.0047 0.0058 0.0340 0.0038 0.0045 0.0047 0.0056 0.0045 
      H506.3  1 0.0099 0.0132 0.0239 0.0072 0.0170 0.0070 0.0062 0.0147 0.8237 0.0045 0.0052 0.0159 0.0050 0.0144 0.0103 0.0110 0.0109 
      H506.4  1 0.0097 0.0155 0.0116 0.0124 0.0214 0.0063 0.0051 0.0149 0.8234 0.0069 0.0056 0.0212 0.0060 0.0091 0.0083 0.0090 0.0137 
      H506.5  1 0.0041 0.0152 0.0064 0.0043 0.0128 0.0056 0.0032 0.0063 0.8744 0.0047 0.0078 0.0308 0.0047 0.0051 0.0047 0.0047 0.0052 
      H506.6  1 0.0059 0.0075 0.0136 0.0114 0.0100 0.0131 0.0051 0.0074 0.8506 0.0123 0.0097 0.0056 0.0113 0.0083 0.0066 0.0092 0.0123 
      H506.7  1 0.0049 0.0096 0.0059 0.0045 0.0117 0.0059 0.0043 0.0076 0.8666 0.0046 0.0062 0.0406 0.0037 0.0062 0.0062 0.0059 0.0058 
      H533.1  1 0.0051 0.0070 0.0082 0.0076 0.0064 0.0042 0.0040 0.0061 0.8880 0.0032 0.0040 0.0289 0.0038 0.0065 0.0053 0.0078 0.0038 
      H533.2  1 0.0054 0.0089 0.0121 0.0078 0.0061 0.0049 0.0055 0.0052 0.8349 0.0035 0.0051 0.0740 0.0038 0.0060 0.0056 0.0068 0.0045 
      H533.3  1 0.0052 0.0138 0.0091 0.0315 0.0110 0.0049 0.0050 0.0044 0.7870 0.0090 0.0079 0.0502 0.0073 0.0074 0.0073 0.0336 0.0053 
      H533.4  1 0.0080 0.0230 0.0156 0.0157 0.0123 0.0258 0.0143 0.0074 0.6104 0.0098 0.0155 0.1411 0.0096 0.0172 0.0074 0.0597 0.0073 
      H535.1  1 0.0205 0.0206 0.0064 0.0104 0.0480 0.0134 0.0112 0.0072 0.0192 0.0273 0.0264 0.7114 0.0177 0.0055 0.0077 0.0282 0.0187 
      H535.2  1 0.0063 0.0051 0.0039 0.0114 0.0265 0.0442 0.0120 0.0209 0.0659 0.0174 0.0083 0.6555 0.0042 0.0434 0.0333 0.0158 0.0259 
      H535.3  1 0.0097 0.0049 0.0069 0.0114 0.0322 0.0361 0.0153 0.0653 0.0489 0.0215 0.0095 0.5606 0.0123 0.0990 0.0322 0.0133 0.0211 
      H535.4  1 0.0073 0.0079 0.0034 0.0051 0.0063 0.0099 0.0062 0.0122 0.0043 0.0047 0.0047 0.9002 0.0039 0.0094 0.0046 0.0056 0.0044 
      H535.5  1 0.0078 0.0143 0.0036 0.0079 0.0075 0.0090 0.0047 0.0100 0.0055 0.0095 0.0044 0.8604 0.0043 0.0064 0.0062 0.0235 0.0150 
      H535.6  1 0.0436 0.0075 0.0054 0.0121 0.0362 0.0815 0.0128 0.0073 0.0121 0.0391 0.0404 0.4384 0.0255 0.0213 0.0123 0.0495 0.1548 
      H535.7  1 0.0075 0.0097 0.0055 0.0081 0.0060 0.0070 0.0035 0.0184 0.0047 0.0082 0.0044 0.8750 0.0062 0.0052 0.0070 0.0125 0.0111 
      H535.8  1 0.0077 0.0076 0.0054 0.0061 0.0120 0.0261 0.0041 0.0226 0.0083 0.0083 0.0054 0.7246 0.0081 0.0222 0.0133 0.0187 0.0993 
      H535.9  1 0.0099 0.0057 0.0094 0.0097 0.0255 0.0154 0.0172 0.0351 0.0186 0.0347 0.0234 0.7233 0.0291 0.0103 0.0091 0.0146 0.0090 
      H539.1  1 0.0035 0.0038 0.0056 0.0038 0.0049 0.0040 0.0048 0.0032 0.0028 0.0105 0.0064 0.0030 0.9267 0.0034 0.0058 0.0044 0.0033 
      H539.2  1 0.0092 0.0330 0.0216 0.0293 0.0161 0.0104 0.0429 0.0097 0.0148 0.0329 0.0134 0.0114 0.2112 0.0301 0.0179 0.4756 0.0207 
      H539.3  1 0.0116 0.0042 0.0266 0.0068 0.0066 0.0310 0.0112 0.0117 0.0066 0.0737 0.0145 0.0070 0.7149 0.0111 0.0213 0.0165 0.0248 
      H539.4  1 0.0041 0.0074 0.0111 0.0099 0.0067 0.0040 0.0112 0.0086 0.0076 0.0063 0.0067 0.0046 0.8818 0.0059 0.0071 0.0113 0.0058 
      H539.5  1 0.0044 0.0044 0.0058 0.0051 0.0086 0.0044 0.0044 0.0026 0.0032 0.0086 0.0053 0.0039 0.9159 0.0041 0.0112 0.0049 0.0033 
      H539.6  1 0.0060 0.0064 0.0060 0.0052 0.0071 0.0075 0.0087 0.0046 0.0029 0.0099 0.0070 0.0043 0.8953 0.0061 0.0114 0.0064 0.0053 
      H539.7  1 0.0052 0.0050 0.0039 0.0045 0.0041 0.0042 0.0063 0.0042 0.0044 0.0050 0.0075 0.0048 0.9225 0.0033 0.0043 0.0057 0.0052 
      H539.8  1 0.0231 0.0062 0.0354 0.0189 0.0109 0.0168 0.0135 0.0323 0.0084 0.0123 0.0131 0.0136 0.6986 0.0200 0.0099 0.0257 0.0413 
      H539.9  1 0.0042 0.0048 0.0083 0.0057 0.0050 0.0033 0.0044 0.0059 0.0047 0.0072 0.0043 0.0031 0.9183 0.0039 0.0077 0.0042 0.0051 
      H540.1  1 0.0071 0.0053 0.0094 0.0228 0.0326 0.0124 0.0098 0.0051 0.0098 0.0183 0.0160 0.0107 0.7772 0.0077 0.0094 0.0383 0.0083 
      H540.2  1 0.0072 0.0060 0.0043 0.0128 0.0108 0.0058 0.0089 0.0037 0.0079 0.0093 0.0111 0.0049 0.8837 0.0027 0.0053 0.0094 0.0061 
      H540.3  1 0.0450 0.0098 0.1962 0.0361 0.0161 0.0116 0.0137 0.0068 0.0100 0.0070 0.0562 0.0159 0.5128 0.0149 0.0048 0.0215 0.0217 
      H540.4  1 0.0125 0.0064 0.0045 0.0177 0.0212 0.0082 0.0189 0.0072 0.0184 0.0091 0.0145 0.0090 0.7947 0.0068 0.0069 0.0277 0.0163 
      H540.5  1 0.0102 0.0084 0.0191 0.0132 0.0126 0.0060 0.0082 0.0045 0.0105 0.0084 0.0152 0.0117 0.8349 0.0080 0.0104 0.0080 0.0109 
      H540.6  1 0.0163 0.0093 0.0129 0.0358 0.0375 0.0090 0.0116 0.0052 0.0242 0.0422 0.0270 0.0158 0.6725 0.0285 0.0207 0.0199 0.0117 
      H540.7  1 0.0056 0.0123 0.0051 0.0195 0.0119 0.0073 0.0147 0.0064 0.0100 0.0069 0.0093 0.0109 0.8418 0.0057 0.0093 0.0174 0.0059 
      H540.8  1 0.0106 0.0093 0.0080 0.0432 0.0168 0.0160 0.0262 0.0075 0.0079 0.0232 0.0464 0.0232 0.6532 0.0038 0.0058 0.0887 0.0100 
     H9558.1  1 0.0062 0.0097 0.0058 0.0031 0.0047 0.0055 0.0066 0.0050 0.0067 0.0119 0.0107 0.0046 0.8890 0.0040 0.0040 0.0154 0.0072 
     H9558.2  1 0.0082 0.0096 0.0058 0.0043 0.0070 0.0058 0.0055 0.0080 0.0108 0.0105 0.0072 0.0046 0.8739 0.0054 0.0110 0.0089 0.0137 
     H9558.3  1 0.0140 0.0114 0.0126 0.0082 0.0110 0.0057 0.0070 0.0171 0.0058 0.0133 0.0068 0.0073 0.8412 0.0091 0.0170 0.0063 0.0063 
     H9558.4  1 0.0044 0.0144 0.0056 0.0042 0.0050 0.0039 0.0059 0.0051 0.0075 0.0080 0.0051 0.0040 0.8877 0.0046 0.0057 0.0220 0.0069 
     H9558.5  1 0.0068 0.0159 0.0116 0.0151 0.0067 0.0027 0.0076 0.0121 0.0049 0.0036 0.0058 0.0098 0.8621 0.0058 0.0039 0.0167 0.0089 
     H9558.6  1 0.0136 0.0079 0.0092 0.0500 0.0142 0.0070 0.0070 0.0101 0.0046 0.0092 0.0205 0.0080 0.7385 0.0048 0.0778 0.0090 0.0086 
    kos339.1  1 0.0055 0.0154 0.0052 0.0092 0.0236 0.0048 0.0069 0.0052 0.0116 0.0059 0.0112 0.8389 0.0094 0.0057 0.0161 0.0172 0.0081 
    kos339.2  1 0.0122 0.0109 0.0083 0.0113 0.0077 0.0091 0.0046 0.0094 0.0077 0.0038 0.0056 0.8674 0.0070 0.0087 0.0156 0.0051 0.0057 
    kos339.3  1 0.0035 0.0077 0.0040 0.0065 0.0047 0.0052 0.0051 0.0036 0.0041 0.0034 0.0043 0.9251 0.0052 0.0035 0.0042 0.0055 0.0043 
    kos339.4  1 0.0048 0.0101 0.0049 0.0048 0.0065 0.0070 0.0058 0.0046 0.0055 0.0042 0.0037 0.9094 0.0050 0.0051 0.0054 0.0069 0.0062 
    kos339.5  1 0.0060 0.0075 0.0034 0.0090 0.0138 0.0055 0.0059 0.0065 0.0066 0.0054 0.0077 0.8769 0.0081 0.0061 0.0116 0.0134 0.0065 
    kos339.6  1 0.0072 0.0069 0.0080 0.0114 0.0068 0.0079 0.0039 0.0047 0.0055 0.0043 0.0058 0.9026 0.0054 0.0049 0.0063 0.0046 0.0040 
    kos339.7  1 0.0044 0.0078 0.0045 0.0047 0.0044 0.0061 0.0040 0.0031 0.0040 0.0031 0.0040 0.9271 0.0039 0.0032 0.0058 0.0066 0.0034 
    kos339.8  1 0.0049 0.0206 0.0061 0.0104 0.0091 0.0066 0.0048 0.0070 0.0085 0.0030 0.0038 0.8854 0.0035 0.0067 0.0060 0.0051 0.0087 
    kos339.9  1 0.0148 0.0082 0.0055 0.0060 0.0127 0.0085 0.0111 0.0097 0.0056 0.0078 0.0082 0.8432 0.0194 0.0050 0.0179 0.0109 0.0055 
      H008.1  2 0.0137 0.0107 0.0075 0.0092 0.0074 0.0076 0.0110 0.0221 0.0121 0.0071 0.0144 0.0081 0.0342 0.0090 0.8039 0.0143 0.0078 
      H008.2  2 0.0153 0.0099 0.0778 0.0239 0.0154 0.0123 0.0069 0.2690 0.0731 0.0765 0.0338 0.0179 0.0802 0.0539 0.0751 0.1378 0.0211 
      H008.3  2 0.0418 0.0121 0.0565 0.0394 0.0237 0.0185 0.0204 0.1123 0.0777 0.0858 0.0295 0.0227 0.0212 0.1047 0.0701 0.2230 0.0407 
      H008.4  2 0.0532 0.0419 0.0615 0.0098 0.0107 0.0166 0.0079 0.0225 0.0145 0.0148 0.0422 0.0085 0.0217 0.0130 0.6151 0.0148 0.0312 
      H008.5  2 0.0338 0.0082 0.0177 0.0134 0.0103 0.0096 0.0099 0.0277 0.0124 0.0206 0.0107 0.0134 0.0080 0.0134 0.7183 0.0249 0.0477 
      H008.6  2 0.0258 0.0180 0.1196 0.0219 0.0213 0.0184 0.0063 0.2846 0.0195 0.0360 0.0848 0.0112 0.0281 0.0091 0.1879 0.0830 0.0246 
      H008.7  2 0.0441 0.0220 0.1033 0.0081 0.0128 0.0180 0.0120 0.1460 0.0345 0.0164 0.0740 0.0244 0.0350 0.0527 0.2980 0.0503 0.0485 
      H008.8  2 0.0152 0.0121 0.0130 0.0102 0.0195 0.0289 0.0109 0.0198 0.0487 0.0275 0.0432 0.0117 0.4751 0.0294 0.2039 0.0218 0.0090 
      H008.9  2 0.0278 0.0088 0.2517 0.0187 0.0159 0.0484 0.0098 0.1509 0.0356 0.0278 0.2555 0.0124 0.0155 0.0151 0.0284 0.0624 0.0153 
 H029.1_2002  2 0.0218 0.0447 0.0302 0.0104 0.0234 0.0095 0.0087 0.0063 0.0170 0.0072 0.0240 0.0060 0.0461 0.0119 0.6502 0.0082 0.0743 
 H029.1_2003  2 0.0205 0.0081 0.0124 0.0118 0.0173 0.0109 0.0052 0.0129 0.0212 0.0070 0.0111 0.0074 0.0119 0.0050 0.0099 0.0170 0.8103 
 H029.2_2002  2 0.0096 0.0068 0.0479 0.0075 0.0304 0.0464 0.0068 0.0160 0.0228 0.0097 0.0156 0.1022 0.0076 0.0299 0.4842 0.0334 0.1231 
 H029.2_2003  2 0.0071 0.0048 0.0224 0.0167 0.0225 0.0168 0.0047 0.0173 0.0154 0.0123 0.0218 0.0462 0.0075 0.0061 0.0562 0.0715 0.6505 
 H029.3_2002  2 0.0116 0.0087 0.1655 0.0270 0.0220 0.0467 0.0066 0.0075 0.1742 0.0159 0.0122 0.0968 0.0102 0.0423 0.1509 0.0198 0.1822 
 H029.3_2003  2 0.0101 0.0052 0.0082 0.0143 0.0113 0.0126 0.0064 0.0399 0.0198 0.0053 0.0062 0.0095 0.0059 0.0092 0.3479 0.0221 0.4660 
 H029.4_2002  2 0.0127 0.0112 0.0195 0.0106 0.0038 0.0257 0.0079 0.0059 0.0248 0.0043 0.0037 0.0050 0.0061 0.0166 0.7079 0.0080 0.1262 
 H029.4_2003  2 0.0070 0.0112 0.0200 0.0101 0.0081 0.0095 0.0079 0.0132 0.0241 0.0084 0.0091 0.0078 0.0283 0.0105 0.0623 0.0114 0.7510 
 H029.5_2002  2 0.0192 0.0084 0.0053 0.0085 0.0121 0.0084 0.0094 0.0101 0.0076 0.0043 0.0061 0.0049 0.0073 0.0130 0.7906 0.0060 0.0787 
 H029.5_2003  2 0.0067 0.0071 0.0067 0.0073 0.0074 0.0106 0.0063 0.0281 0.0114 0.0052 0.0075 0.0054 0.0099 0.0063 0.1504 0.0523 0.6714 
 H029.6_2002  2 0.0105 0.0103 0.0414 0.0068 0.0055 0.0219 0.0081 0.0041 0.0278 0.0076 0.0070 0.0066 0.0054 0.0199 0.2335 0.0063 0.5772 
 H029.6_2003  2 0.0245 0.0068 0.0113 0.0160 0.0329 0.0274 0.0197 0.0287 0.0592 0.0092 0.0258 0.0548 0.0143 0.0110 0.4084 0.0868 0.1632 
      H029.7  2 0.0066 0.0051 0.0385 0.0050 0.0136 0.0736 0.0061 0.0095 0.0179 0.0164 0.0123 0.0283 0.0095 0.0193 0.6538 0.0143 0.0703 
      H030.1  2 0.0125 0.0063 0.0046 0.4911 0.0759 0.0156 0.0701 0.0776 0.0218 0.0118 0.0178 0.0118 0.0073 0.0117 0.0453 0.0216 0.0975 
      H030.2  2 0.0127 0.1389 0.0594 0.3431 0.0140 0.0089 0.0550 0.0305 0.0106 0.0061 0.0137 0.0078 0.0131 0.1877 0.0702 0.0074 0.0209 
      H038.1  2 0.0082 0.0076 0.0209 0.0068 0.0067 0.0081 0.0044 0.0049 0.0063 0.0122 0.0066 0.0048 0.0116 0.0051 0.8742 0.0050 0.0068 
      H038.2  2 0.0066 0.0118 0.0058 0.0092 0.0079 0.0048 0.0148 0.0074 0.0051 0.0034 0.0078 0.0179 0.0042 0.0067 0.8709 0.0069 0.0088 
      H038.3  2 0.0107 0.0189 0.0322 0.0144 0.0396 0.0074 0.0155 0.0125 0.0080 0.0051 0.0092 0.0121 0.0160 0.0099 0.7787 0.0054 0.0042 
      H038.4  2 0.0215 0.0102 0.0264 0.0051 0.0239 0.0099 0.0137 0.0089 0.0066 0.0051 0.0086 0.0085 0.0092 0.0076 0.8253 0.0046 0.0048 
      H038.5  2 0.0107 0.0068 0.0284 0.0166 0.0072 0.0097 0.0154 0.0066 0.0168 0.0039 0.0054 0.0103 0.0142 0.0097 0.8205 0.0079 0.0099 
      H038.6  2 0.0049 0.0080 0.0118 0.0127 0.0064 0.0041 0.0043 0.0053 0.0074 0.0051 0.0067 0.0083 0.0093 0.0041 0.8827 0.0077 0.0113 
      H038.7  2 0.0050 0.0145 0.0104 0.0100 0.0360 0.0041 0.0074 0.0079 0.0085 0.0035 0.0068 0.0096 0.0171 0.0032 0.8436 0.0064 0.0059 
      H038.8  2 0.0156 0.0131 0.0575 0.0080 0.0158 0.0090 0.0201 0.0085 0.0065 0.0038 0.0082 0.0145 0.0115 0.0074 0.7914 0.0046 0.0046 
      H041.1  2 0.0352 0.0212 0.0335 0.0083 0.0423 0.0363 0.0184 0.0896 0.0139 0.0240 0.0220 0.0249 0.0111 0.1225 0.1592 0.0171 0.3205 
      H041.2  2 0.1532 0.0197 0.0193 0.0097 0.0180 0.0137 0.0049 0.0495 0.0068 0.0071 0.0124 0.0099 0.0080 0.0069 0.0662 0.0064 0.5882 
      H041.4  2 0.0338 0.0155 0.0337 0.0126 0.0123 0.0345 0.0078 0.0309 0.0148 0.0218 0.0561 0.0134 0.0245 0.0145 0.1981 0.0133 0.4622 
      H041.6  2 0.0404 0.0233 0.0166 0.0127 0.0207 0.0377 0.0107 0.0245 0.0105 0.0406 0.0347 0.0130 0.0726 0.0201 0.2202 0.0071 0.3946 
 H042.1_2002  2 0.0329 0.0337 0.0140 0.0067 0.0104 0.0205 0.0271 0.0070 0.0046 0.0147 0.0293 0.0121 0.0601 0.0097 0.0093 0.0133 0.6947 
 H042.1_2003  2 0.0695 0.0354 0.0936 0.0322 0.0690 0.0245 0.0256 0.2815 0.0103 0.0170 0.0638 0.0085 0.0887 0.0148 0.0796 0.0465 0.0394 
 H042.2_2002  2 0.0234 0.2193 0.0337 0.0057 0.0070 0.0126 0.0077 0.0066 0.0061 0.0108 0.0073 0.0119 0.0078 0.0100 0.0505 0.0201 0.5595 
 H042.2_2003  2 0.3083 0.0213 0.0059 0.0100 0.0246 0.0365 0.0232 0.0243 0.0073 0.0120 0.0354 0.0117 0.0537 0.0044 0.1345 0.0192 0.2677 
 H042.3_2002  2 0.0663 0.2316 0.0193 0.0130 0.0077 0.0309 0.0204 0.0135 0.0076 0.0103 0.0111 0.0121 0.0435 0.0048 0.0097 0.0249 0.4732 
 H042.3_2003  2 0.0337 0.1992 0.0297 0.0181 0.0138 0.0461 0.0561 0.0330 0.0098 0.0171 0.0202 0.0111 0.0773 0.0246 0.0339 0.0346 0.3419 
 H042.4_2002  2 0.0361 0.0066 0.0104 0.0082 0.0079 0.0101 0.0070 0.0086 0.0056 0.0065 0.0207 0.0150 0.0140 0.0076 0.0124 0.0064 0.8170 
 H042.4_2003  2 0.0125 0.0072 0.0054 0.0086 0.0446 0.0183 0.0240 0.0126 0.0062 0.0259 0.0306 0.0088 0.0350 0.0170 0.0577 0.0090 0.6764 
      H042.5  2 0.0077 0.0058 0.0032 0.0050 0.0079 0.0186 0.0112 0.0087 0.0042 0.0139 0.0067 0.0062 0.0085 0.0048 0.0066 0.0084 0.8725 
      H042.6  2 0.0055 0.0158 0.0102 0.0096 0.0127 0.0089 0.0214 0.0045 0.0067 0.0493 0.0126 0.0075 0.0335 0.0060 0.0169 0.0095 0.7693 
      H042.7  2 0.1210 0.1379 0.0059 0.0076 0.0580 0.0820 0.0360 0.0187 0.0070 0.0110 0.0110 0.0079 0.0234 0.0087 0.0237 0.0077 0.4326 
      H042.8  2 0.0374 0.0534 0.0215 0.0038 0.0066 0.0146 0.0097 0.0243 0.0057 0.0206 0.0099 0.0046 0.0171 0.0038 0.0108 0.0174 0.7388 
   H042_2002  2 0.0422 0.1859 0.0319 0.0135 0.0431 0.0184 0.0294 0.0313 0.0145 0.1325 0.0420 0.0083 0.2345 0.0072 0.0816 0.0192 0.0643 
   H042_2003  2 0.0504 0.1593 0.0321 0.0116 0.0435 0.0203 0.0266 0.0340 0.0159 0.1322 0.0581 0.0084 0.2425 0.0076 0.0669 0.0165 0.0739 
      H043.1  2 0.0036 0.0125 0.0249 0.0061 0.0111 0.0094 0.0155 0.0202 0.0109 0.0083 0.0061 0.0204 0.8047 0.0106 0.0162 0.0085 0.0108 
      H043.2  2 0.0054 0.0049 0.0157 0.0039 0.0054 0.0136 0.0046 0.0054 0.0078 0.0086 0.0055 0.0062 0.8760 0.0038 0.0216 0.0063 0.0051 
      H043.3  2 0.0054 0.0283 0.0147 0.0081 0.0725 0.0103 0.0088 0.0185 0.0166 0.0132 0.0126 0.0176 0.5695 0.0039 0.1816 0.0078 0.0105 
      H043.4  2 0.0042 0.0134 0.0207 0.0052 0.0130 0.0094 0.0079 0.0135 0.0054 0.0215 0.0147 0.0178 0.8120 0.0043 0.0239 0.0068 0.0062 
      H043.5  2 0.0070 0.0143 0.0399 0.0063 0.0069 0.0121 0.0050 0.0144 0.0115 0.0039 0.0080 0.0075 0.8077 0.0048 0.0379 0.0064 0.0062 
      H043.6  2 0.0083 0.0091 0.0382 0.0099 0.0080 0.0062 0.0052 0.0045 0.0079 0.0047 0.0081 0.0110 0.8116 0.0033 0.0531 0.0041 0.0067 
      H043.7  2 0.0036 0.0105 0.0107 0.0080 0.0218 0.0053 0.0057 0.0098 0.0080 0.0138 0.0074 0.0056 0.8689 0.0028 0.0097 0.0039 0.0044 
      H043.8  2 0.0049 0.0144 0.0077 0.0213 0.0121 0.0078 0.0059 0.0117 0.0250 0.0063 0.0064 0.0181 0.8152 0.0065 0.0221 0.0086 0.0060 
      H043.9  2 0.0050 0.0212 0.0136 0.0114 0.0266 0.0061 0.0105 0.0126 0.0172 0.0163 0.0072 0.0130 0.7531 0.0091 0.0537 0.0066 0.0167 
      H047.1  2 0.0055 0.0671 0.0088 0.0068 0.0096 0.0114 0.0104 0.1620 0.0045 0.0087 0.0055 0.0112 0.1858 0.0050 0.4826 0.0103 0.0049 
      H047.2  2 0.0124 0.0107 0.0051 0.0084 0.0298 0.0149 0.0070 0.6895 0.0093 0.0085 0.0205 0.0121 0.0081 0.0180 0.1155 0.0193 0.0108 
      H047.3  2 0.0304 0.0207 0.0054 0.0096 0.0255 0.0105 0.0103 0.6567 0.0124 0.0147 0.0129 0.0092 0.0140 0.0265 0.1049 0.0226 0.0138 
      H047.4  2 0.0327 0.0342 0.0044 0.0090 0.1517 0.0242 0.0112 0.2957 0.0117 0.0110 0.0176 0.0179 0.0238 0.0082 0.3041 0.0116 0.0310 
      H047.5  2 0.0197 0.0519 0.0042 0.0112 0.0226 0.0080 0.0093 0.5793 0.0101 0.0528 0.0083 0.0120 0.0301 0.0062 0.1461 0.0192 0.0089 
      H047.6  2 0.0283 0.0281 0.0056 0.0043 0.0164 0.0085 0.0053 0.7851 0.0066 0.0057 0.0098 0.0058 0.0086 0.0086 0.0288 0.0062 0.0385 
      H047.7  2 0.0129 0.1974 0.0108 0.0069 0.0077 0.0158 0.0176 0.1753 0.0057 0.0073 0.0048 0.0173 0.0945 0.0111 0.3935 0.0067 0.0148 
      H047.8  2 0.0215 0.0467 0.0043 0.0059 0.0212 0.0108 0.0094 0.6601 0.0085 0.0128 0.0097 0.0089 0.0270 0.0086 0.0871 0.0162 0.0415 
      H047.9  2 0.0110 0.1620 0.0037 0.0085 0.0129 0.0456 0.0373 0.1822 0.0061 0.0589 0.0108 0.0209 0.0334 0.0061 0.3744 0.0166 0.0095 
 H071.1_2002  2 0.0054 0.0067 0.0048 0.0078 0.0066 0.0045 0.0061 0.0042 0.0045 0.0104 0.0076 0.0147 0.0223 0.0046 0.8781 0.0052 0.0066 
 H071.1_2003  2 0.0125 0.0089 0.0093 0.0444 0.0426 0.0102 0.0076 0.0207 0.0043 0.0944 0.0234 0.0368 0.0301 0.0055 0.6314 0.0098 0.0082 
     H071.10  2 0.0048 0.0104 0.0074 0.0124 0.0052 0.0043 0.0078 0.0032 0.0071 0.0051 0.0044 0.0061 0.0066 0.0079 0.8986 0.0038 0.0049 
 H071.2_2002  2 0.0091 0.0081 0.0081 0.0087 0.0073 0.0086 0.0054 0.0081 0.0104 0.0114 0.0085 0.0105 0.0171 0.0033 0.8617 0.0068 0.0068 
 H071.2_2003  2 0.0046 0.0039 0.0034 0.0047 0.0046 0.0041 0.0044 0.0040 0.0033 0.0067 0.0051 0.0065 0.0058 0.0033 0.9262 0.0046 0.0047 
      H071.3  2 0.0072 0.0145 0.0072 0.0236 0.0095 0.0054 0.0124 0.0308 0.0084 0.0050 0.0043 0.0068 0.0056 0.0130 0.8345 0.0049 0.0069 
 H071.4_2002  2 0.0077 0.0137 0.0170 0.0188 0.0063 0.0081 0.0132 0.0047 0.0118 0.0080 0.0076 0.0179 0.0109 0.0075 0.8343 0.0059 0.0065 
 H071.4_2003  2 0.0040 0.0094 0.0030 0.0067 0.0058 0.0066 0.0068 0.0057 0.0058 0.0055 0.0041 0.0042 0.0042 0.0033 0.9168 0.0047 0.0033 
 H071.5_2002  2 0.0042 0.0071 0.0044 0.0062 0.0049 0.0031 0.0058 0.0034 0.0043 0.0070 0.0039 0.0054 0.0078 0.0063 0.9180 0.0037 0.0046 
 H071.5_2003  2 0.0037 0.0244 0.0035 0.0186 0.0154 0.0097 0.0144 0.0099 0.0078 0.0074 0.0076 0.0065 0.0091 0.0036 0.8426 0.0097 0.0060 
 H071.6_2002  2 0.0043 0.0289 0.0052 0.0087 0.0066 0.0056 0.0068 0.0039 0.0128 0.0071 0.0045 0.0064 0.0054 0.0037 0.8790 0.0064 0.0046 
 H071.6_2003  2 0.0038 0.0126 0.0035 0.0211 0.0119 0.0047 0.0080 0.0042 0.0056 0.0059 0.0060 0.0054 0.0070 0.0035 0.8871 0.0048 0.0049 
 H071.7_2002  2 0.0041 0.0108 0.0038 0.0046 0.0070 0.0051 0.0036 0.0055 0.0046 0.0083 0.0038 0.0036 0.0059 0.0031 0.9162 0.0055 0.0043 
 H071.7_2003  2 0.0042 0.0089 0.0042 0.0248 0.0109 0.0083 0.0124 0.0052 0.0045 0.0066 0.0082 0.0090 0.0100 0.0042 0.8639 0.0085 0.0063 
      H071.8  2 0.0085 0.0058 0.0080 0.0067 0.0065 0.0083 0.0048 0.0089 0.0086 0.0131 0.0069 0.0059 0.0091 0.0033 0.8821 0.0068 0.0065 
      H071.9  2 0.0101 0.0420 0.0184 0.0250 0.0145 0.0173 0.0116 0.0104 0.0762 0.0150 0.0106 0.0057 0.0210 0.0114 0.6779 0.0058 0.0271 
 H081.1_2002  2 0.0079 0.0060 0.0045 0.0064 0.0068 0.0093 0.0049 0.0043 0.0044 0.0169 0.0074 0.0057 0.0075 0.0060 0.8898 0.0060 0.0060 
 H081.1_2003  2 0.0408 0.0174 0.2477 0.0589 0.1258 0.0157 0.0096 0.0123 0.0323 0.0157 0.2106 0.0352 0.0259 0.0196 0.0353 0.0296 0.0675 
 H081.2_2002  2 0.0059 0.0059 0.0052 0.0050 0.0128 0.0106 0.0049 0.0062 0.0057 0.0666 0.0077 0.0067 0.0100 0.0049 0.8312 0.0050 0.0057 
 H081.2_2003  2 0.0108 0.0081 0.0088 0.6841 0.0145 0.0172 0.0109 0.0081 0.0141 0.0764 0.0176 0.0058 0.0226 0.0360 0.0414 0.0104 0.0132 
 H081.3_2002  2 0.0067 0.0047 0.0062 0.0123 0.0120 0.0179 0.0094 0.0135 0.0087 0.0215 0.0113 0.0076 0.0077 0.0050 0.8415 0.0047 0.0091 
 H081.3_2003  2 0.0105 0.0110 0.0106 0.4548 0.0097 0.0179 0.0192 0.0099 0.0609 0.0334 0.0358 0.0292 0.2228 0.0118 0.0116 0.0169 0.0341 
 H081.4_2002  2 0.0070 0.0057 0.0037 0.0090 0.0082 0.0076 0.0071 0.0066 0.0072 0.0064 0.0060 0.0114 0.0073 0.0046 0.8873 0.0085 0.0063 
 H081.4_2003  2 0.0359 0.0113 0.0181 0.3326 0.0728 0.0119 0.0194 0.0104 0.0225 0.0381 0.1494 0.0365 0.0431 0.0178 0.0193 0.0230 0.1378 
 H081.5_2002  2 0.0058 0.0058 0.0053 0.0122 0.0109 0.0088 0.0059 0.0085 0.0063 0.0074 0.0096 0.0106 0.0098 0.0041 0.8752 0.0058 0.0079 
 H081.5_2003  2 0.0301 0.0246 0.0225 0.0939 0.3082 0.0161 0.0115 0.0211 0.0213 0.0869 0.1413 0.0356 0.0385 0.0134 0.0541 0.0208 0.0600 
      H081.6  2 0.0064 0.0072 0.0050 0.0082 0.0118 0.0065 0.0042 0.0039 0.0048 0.0115 0.0069 0.0074 0.0090 0.0040 0.8908 0.0070 0.0055 
      H081.7  2 0.0071 0.0049 0.0039 0.0113 0.0131 0.0131 0.0094 0.0063 0.0088 0.0444 0.0076 0.0074 0.0095 0.0054 0.8384 0.0039 0.0056 
      H081.8  2 0.0131 0.0094 0.0138 0.0638 0.0113 0.0202 0.0110 0.0086 0.0147 0.0084 0.0102 0.0132 0.0076 0.0170 0.7599 0.0078 0.0102 
      H083.1  2 0.0069 0.0160 0.0114 0.0079 0.0128 0.0047 0.0073 0.0069 0.0171 0.0086 0.0060 0.0317 0.0062 0.0192 0.8014 0.0134 0.0224 
      H083.2  2 0.0044 0.0138 0.0084 0.0076 0.0132 0.0124 0.0124 0.0333 0.0148 0.0180 0.0121 0.0179 0.0194 0.0238 0.7691 0.0091 0.0101 
      H083.4  2 0.0057 0.0105 0.0136 0.0073 0.0072 0.0121 0.0243 0.0118 0.0396 0.0130 0.0067 0.0050 0.0068 0.0888 0.7320 0.0059 0.0097 
      H083.5  2 0.0072 0.0098 0.0364 0.0063 0.0162 0.0098 0.0081 0.0130 0.0143 0.0120 0.0088 0.0140 0.0060 0.0756 0.7205 0.0095 0.0324 
      H083.6  2 0.0131 0.0077 0.0135 0.0118 0.0118 0.0140 0.0091 0.0055 0.0445 0.0113 0.0064 0.0149 0.0046 0.0910 0.7056 0.0141 0.0213 
      H083.7  2 0.0083 0.0089 0.0124 0.0048 0.0094 0.0171 0.0242 0.0113 0.0270 0.0166 0.0083 0.0048 0.0102 0.1765 0.6450 0.0068 0.0082 
      H083.8  2 0.0064 0.0100 0.0057 0.0049 0.0105 0.0129 0.0118 0.0601 0.0101 0.0171 0.0129 0.0230 0.0212 0.0292 0.7385 0.0153 0.0103 
      H083.9  2 0.0112 0.0091 0.0087 0.0059 0.0090 0.0080 0.0061 0.0098 0.0140 0.0092 0.0050 0.0110 0.0049 0.1075 0.7483 0.0067 0.0256 
      H084.1  2 0.0176 0.0145 0.0849 0.7366 0.0066 0.0055 0.0107 0.0141 0.0124 0.0080 0.0123 0.0059 0.0102 0.0093 0.0084 0.0141 0.0288 
      H084.2  2 0.0046 0.0076 0.1016 0.7031 0.0085 0.0090 0.0073 0.0049 0.0188 0.0041 0.0149 0.0070 0.0150 0.0063 0.0079 0.0115 0.0679 
