      H105.1  1 0.0598 0.0290 0.0260 0.0094 0.0065 0.0104 0.0128 0.0085 0.0183 0.0078 0.0116 0.0033 0.0193 0.0122 0.0143 0.0250 0.0057 0.0050 0.0039 0.0074 0.0211 0.0383 0.0852 0.5015 0.0491 0.0085 
      H105.2  1 0.0354 0.5370 0.0049 0.0053 0.0093 0.0046 0.0178 0.0202 0.0223 0.0097 0.0244 0.0081 0.0058 0.0181 0.0043 0.0077 0.0065 0.0052 0.0115 0.0113 0.0110 0.0249 0.0503 0.1143 0.0223 0.0078 
      H105.3  1 0.0136 0.0102 0.0055 0.0089 0.0062 0.0056 0.0108 0.0055 0.0242 0.0048 0.0070 0.0078 0.0135 0.0144 0.0139 0.0137 0.0089 0.0051 0.0104 0.0063 0.0110 0.0265 0.0137 0.7188 0.0277 0.0061 
      H105.4  1 0.0502 0.2173 0.0078 0.0142 0.0140 0.0069 0.0095 0.0088 0.0074 0.0097 0.0445 0.0341 0.0131 0.0435 0.0108 0.0169 0.0162 0.0113 0.0289 0.0064 0.0086 0.0303 0.1351 0.2365 0.0107 0.0074 
      H105.5  1 0.0635 0.1034 0.0374 0.0104 0.0099 0.0239 0.0215 0.0109 0.0339 0.0180 0.1226 0.0191 0.0056 0.1230 0.0199 0.0392 0.0287 0.0073 0.0148 0.0076 0.0707 0.0464 0.1135 0.0234 0.0185 0.0071 
      H105.6  1 0.0085 0.0194 0.0040 0.0118 0.0052 0.0216 0.0037 0.0059 0.0082 0.0096 0.0148 0.0155 0.0153 0.0162 0.0123 0.0081 0.0149 0.0050 0.0136 0.0051 0.0057 0.0411 0.0176 0.6984 0.0147 0.0038 
      H105.7  1 0.0113 0.0529 0.0126 0.0097 0.0203 0.0061 0.0052 0.0079 0.0093 0.0184 0.0080 0.0041 0.0346 0.0067 0.0056 0.0179 0.0100 0.0056 0.0059 0.0063 0.0111 0.0201 0.0932 0.5408 0.0701 0.0061 
      H105.8  1 0.0268 0.0236 0.0048 0.0095 0.0044 0.0068 0.0094 0.0130 0.0121 0.0038 0.0160 0.0079 0.0193 0.0145 0.0049 0.0069 0.0057 0.0034 0.0055 0.0103 0.0039 0.0378 0.0206 0.6539 0.0666 0.0088 
      H115.1  1 0.0132 0.0103 0.0215 0.0093 0.0110 0.6166 0.0098 0.0143 0.0206 0.0056 0.0191 0.0089 0.0366 0.0067 0.0481 0.0085 0.0164 0.0074 0.0185 0.0227 0.0074 0.0188 0.0084 0.0191 0.0146 0.0065 
      H115.2  1 0.0082 0.0079 0.0106 0.0062 0.0068 0.7454 0.0063 0.0197 0.0129 0.0056 0.0298 0.0046 0.0080 0.0048 0.0157 0.0056 0.0066 0.0052 0.0224 0.0101 0.0164 0.0073 0.0043 0.0154 0.0056 0.0086 
      H115.3  1 0.0070 0.0171 0.0144 0.0081 0.0062 0.3240 0.0105 0.0092 0.0060 0.0037 0.2960 0.0263 0.0176 0.0095 0.0261 0.0174 0.0044 0.0117 0.0954 0.0046 0.0355 0.0066 0.0093 0.0146 0.0065 0.0125 
      H115.4  1 0.0101 0.0102 0.0425 0.0091 0.0077 0.0173 0.0232 0.0262 0.0623 0.0043 0.5492 0.0065 0.0108 0.0057 0.0260 0.0108 0.0069 0.0242 0.0067 0.0125 0.0718 0.0260 0.0112 0.0077 0.0041 0.0073 
      H115.5  1 0.0140 0.0158 0.0397 0.0057 0.0119 0.2546 0.0931 0.0180 0.0143 0.0100 0.1052 0.0250 0.0281 0.0083 0.0707 0.0228 0.0208 0.0217 0.0133 0.0116 0.0198 0.0287 0.0160 0.0307 0.0489 0.0511 
      H115.6  1 0.0059 0.0621 0.0198 0.0161 0.0202 0.2559 0.0231 0.0074 0.0170 0.0108 0.1077 0.0389 0.0187 0.0297 0.0262 0.0144 0.0055 0.0094 0.0770 0.0095 0.1545 0.0115 0.0105 0.0111 0.0152 0.0218 
      H115.7  1 0.0076 0.2936 0.0350 0.0127 0.0242 0.2009 0.0375 0.0097 0.0258 0.0073 0.0522 0.0126 0.0092 0.0082 0.0240 0.0118 0.0096 0.0143 0.0662 0.0086 0.0759 0.0195 0.0102 0.0132 0.0053 0.0049 
      H115.8  1 0.0060 0.0211 0.0192 0.0090 0.0106 0.4704 0.0302 0.0129 0.0087 0.0054 0.0939 0.0166 0.0220 0.0094 0.0397 0.0110 0.0047 0.0092 0.0295 0.0252 0.0382 0.0058 0.0099 0.0191 0.0172 0.0551 
      H115.9  1 0.0098 0.0041 0.0164 0.0080 0.0082 0.7118 0.0044 0.0060 0.0177 0.0045 0.0100 0.0204 0.0493 0.0055 0.0169 0.0055 0.0110 0.0069 0.0203 0.0113 0.0041 0.0086 0.0162 0.0050 0.0128 0.0056 
      H145.1  1 0.0055 0.0039 0.0083 0.0068 0.0039 0.0115 0.0030 0.0047 0.0067 0.0127 0.0059 0.0107 0.0107 0.0121 0.0055 0.0068 0.0050 0.7959 0.0250 0.0102 0.0050 0.0049 0.0116 0.0054 0.0038 0.0145 
      H145.2  1 0.0124 0.0142 0.0060 0.0081 0.0041 0.0069 0.0029 0.0036 0.0055 0.0110 0.0094 0.0782 0.0049 0.0119 0.0077 0.0057 0.0051 0.7178 0.0101 0.0124 0.0058 0.0147 0.0130 0.0056 0.0049 0.0181 
      H145.3  1 0.0036 0.0046 0.0036 0.0039 0.0046 0.0053 0.0084 0.0040 0.0033 0.0037 0.0042 0.0038 0.0056 0.0109 0.0033 0.0043 0.0032 0.8322 0.0113 0.0178 0.0046 0.0051 0.0082 0.0035 0.0080 0.0289 
      H145.4  1 0.0040 0.0042 0.0055 0.0040 0.0036 0.0051 0.0029 0.0030 0.0035 0.0091 0.0046 0.0052 0.0099 0.0039 0.0065 0.0041 0.0050 0.8713 0.0098 0.0048 0.0040 0.0043 0.0060 0.0065 0.0036 0.0057 
      H145.5  1 0.0042 0.0049 0.0036 0.0041 0.0033 0.0038 0.0068 0.0037 0.0042 0.0065 0.0037 0.0042 0.0050 0.0152 0.0047 0.0035 0.0059 0.7795 0.0134 0.0135 0.0051 0.0035 0.0055 0.0033 0.0069 0.0819 
      H145.6  1 0.0089 0.0286 0.0088 0.0044 0.0049 0.0037 0.0080 0.0042 0.0042 0.0125 0.0053 0.0656 0.0032 0.0091 0.0072 0.0043 0.0041 0.7420 0.0076 0.0074 0.0067 0.0117 0.0100 0.0049 0.0081 0.0145 
      H145.7  1 0.0040 0.0075 0.0063 0.0048 0.0032 0.0035 0.0084 0.0027 0.0026 0.0059 0.0063 0.0044 0.0059 0.0044 0.0058 0.0030 0.0032 0.8775 0.0064 0.0065 0.0047 0.0045 0.0067 0.0030 0.0049 0.0038 
      H149.1  1 0.0035 0.0034 0.0039 0.0036 0.0033 0.0042 0.0026 0.0041 0.0033 0.0051 0.0026 0.0033 0.0035 0.0033 0.9088 0.0034 0.0044 0.0041 0.0045 0.0038 0.0040 0.0031 0.0036 0.0032 0.0039 0.0035 
      H149.2  1 0.0047 0.0541 0.0166 0.0040 0.0047 0.0036 0.0042 0.0047 0.0045 0.0303 0.0036 0.0045 0.0046 0.0037 0.7701 0.0114 0.0051 0.0127 0.0080 0.0034 0.0192 0.0057 0.0069 0.0041 0.0026 0.0029 
      H149.3  1 0.0098 0.0427 0.0234 0.0072 0.0180 0.0055 0.0070 0.0107 0.0045 0.0145 0.0044 0.0084 0.0232 0.0064 0.6112 0.0139 0.0132 0.0705 0.0234 0.0060 0.0340 0.0123 0.0066 0.0142 0.0043 0.0047 
      H149.4  1 0.0396 0.0259 0.0085 0.0287 0.0118 0.0043 0.0036 0.0060 0.0035 0.0041 0.0036 0.0082 0.0040 0.0056 0.7596 0.0070 0.0072 0.0058 0.0087 0.0043 0.0051 0.0073 0.0068 0.0153 0.0064 0.0092 
      H149.5  1 0.0177 0.2746 0.0569 0.0072 0.0089 0.0026 0.0059 0.0048 0.0054 0.0170 0.0042 0.0055 0.0079 0.0055 0.4300 0.0131 0.0062 0.0500 0.0077 0.0065 0.0119 0.0260 0.0088 0.0076 0.0043 0.0036 
      H149.6  1 0.0048 0.1159 0.0102 0.0039 0.0089 0.0027 0.0040 0.0050 0.0047 0.0185 0.0037 0.0050 0.0046 0.0039 0.7329 0.0067 0.0060 0.0131 0.0058 0.0035 0.0113 0.0064 0.0062 0.0051 0.0035 0.0037 
      H149.7  1 0.0473 0.0767 0.0210 0.0292 0.0763 0.0044 0.0070 0.0133 0.0069 0.0294 0.0052 0.0122 0.0107 0.0123 0.4511 0.0102 0.0473 0.0101 0.0135 0.0109 0.0164 0.0328 0.0058 0.0205 0.0194 0.0102 
      H150.1  1 0.0065 0.0198 0.0059 0.0046 0.0050 0.6991 0.0066 0.0047 0.0045 0.0060 0.1226 0.0067 0.0113 0.0067 0.0029 0.0057 0.0057 0.0059 0.0138 0.0071 0.0083 0.0084 0.0052 0.0093 0.0069 0.0108 
      H150.2  1 0.0054 0.0478 0.0140 0.0065 0.0133 0.5330 0.0110 0.0076 0.0119 0.0087 0.1795 0.0073 0.0076 0.0092 0.0132 0.0138 0.0052 0.0054 0.0081 0.0144 0.0303 0.0076 0.0037 0.0129 0.0036 0.0191 
      H150.3  1 0.0053 0.0202 0.0070 0.0060 0.0084 0.7629 0.0132 0.0046 0.0094 0.0149 0.0104 0.0056 0.0086 0.0070 0.0049 0.0049 0.0145 0.0069 0.0114 0.0158 0.0214 0.0062 0.0065 0.0098 0.0067 0.0074 
      H150.4  1 0.0040 0.0083 0.0054 0.0045 0.0071 0.8306 0.0088 0.0030 0.0062 0.0088 0.0066 0.0070 0.0085 0.0051 0.0031 0.0050 0.0073 0.0100 0.0074 0.0074 0.0102 0.0036 0.0079 0.0053 0.0072 0.0116 
      H150.5  1 0.0067 0.1046 0.0168 0.0123 0.0107 0.4357 0.0143 0.0145 0.0039 0.0070 0.1595 0.0084 0.0147 0.0091 0.0095 0.0192 0.0061 0.0137 0.0336 0.0078 0.0308 0.0134 0.0076 0.0306 0.0044 0.0050 
      H150.6  1 0.0053 0.1577 0.0363 0.0097 0.0082 0.0443 0.0369 0.0137 0.0057 0.0051 0.4164 0.0051 0.0053 0.0151 0.0051 0.0102 0.0046 0.0115 0.0080 0.0046 0.0894 0.0126 0.0039 0.0653 0.0032 0.0168 
      H150.7  1 0.0053 0.0137 0.0037 0.0037 0.0038 0.8107 0.0065 0.0044 0.0038 0.0070 0.0154 0.0106 0.0076 0.0060 0.0039 0.0039 0.0040 0.0056 0.0193 0.0176 0.0098 0.0043 0.0061 0.0092 0.0046 0.0094 
   H169607.1  1 0.1012 0.0581 0.0194 0.0077 0.0267 0.0358 0.0180 0.0569 0.1136 0.0520 0.0355 0.0120 0.0233 0.0243 0.0059 0.0355 0.0073 0.1780 0.0776 0.0304 0.0082 0.0229 0.0111 0.0093 0.0116 0.0176 
   H169607.2  1 0.0276 0.0268 0.0090 0.0348 0.0140 0.0369 0.0090 0.0148 0.0131 0.2613 0.0165 0.0099 0.1219 0.0161 0.0065 0.0490 0.0056 0.0190 0.1016 0.0743 0.0066 0.0215 0.0828 0.0062 0.0111 0.0041 
   H169607.3  1 0.0751 0.1310 0.0738 0.0060 0.0199 0.0123 0.0216 0.0370 0.0136 0.0530 0.0431 0.0136 0.0215 0.0171 0.0056 0.0654 0.0074 0.1225 0.0673 0.0219 0.0074 0.0278 0.0660 0.0082 0.0522 0.0095 
   H169607.4  1 0.0209 0.0300 0.0071 0.0157 0.0087 0.0092 0.0055 0.0215 0.0109 0.2622 0.0103 0.0126 0.0147 0.0654 0.0049 0.0420 0.0050 0.0235 0.3339 0.0062 0.0041 0.0103 0.0559 0.0075 0.0054 0.0066 
   H169607.5  1 0.0088 0.0935 0.0523 0.0279 0.0066 0.0691 0.0076 0.0144 0.0107 0.0781 0.0330 0.0169 0.1364 0.0068 0.0075 0.0888 0.0039 0.0233 0.0958 0.0610 0.0076 0.0562 0.0706 0.0054 0.0099 0.0077 
   H169607.6  1 0.0499 0.0352 0.0078 0.0163 0.0074 0.0207 0.0115 0.0395 0.0208 0.3269 0.0164 0.0084 0.0362 0.0079 0.0050 0.0433 0.0037 0.0094 0.0619 0.0241 0.0060 0.0345 0.1864 0.0061 0.0098 0.0049 
   H169607.7  1 0.0684 0.0307 0.0080 0.0263 0.0078 0.0174 0.0141 0.0306 0.0150 0.0541 0.2212 0.0084 0.0407 0.0072 0.0071 0.0438 0.0038 0.0292 0.0276 0.2071 0.0080 0.0441 0.0393 0.0194 0.0150 0.0057 
   H169607.8  1 0.0300 0.0263 0.0066 0.0131 0.0079 0.0096 0.0073 0.0428 0.0125 0.0965 0.0086 0.0191 0.0887 0.0722 0.0039 0.0549 0.0067 0.0141 0.1751 0.0122 0.0047 0.0145 0.2580 0.0043 0.0062 0.0041 
   H169633.1  1 0.0051 0.0038 0.0079 0.0041 0.0151 0.0120 0.0143 0.0443 0.0092 0.0244 0.0054 0.0117 0.0050 0.0050 0.7018 0.0046 0.0109 0.0238 0.0118 0.0062 0.0150 0.0078 0.0073 0.0153 0.0161 0.0122 
   H169633.2  1 0.0072 0.0204 0.0047 0.0059 0.0339 0.0038 0.0107 0.0294 0.0264 0.0078 0.0086 0.0033 0.0035 0.0055 0.6578 0.0035 0.0082 0.0158 0.0053 0.0163 0.0154 0.0111 0.0037 0.0101 0.0745 0.0070 
   H169633.3  1 0.0055 0.0037 0.0099 0.0052 0.0068 0.0101 0.0077 0.0085 0.0078 0.0194 0.0042 0.0057 0.0081 0.0042 0.7547 0.0078 0.0222 0.0094 0.0067 0.0105 0.0345 0.0098 0.0050 0.0129 0.0152 0.0046 
   H169633.4  1 0.0074 0.0042 0.0177 0.0042 0.0046 0.0122 0.0099 0.0079 0.0072 0.0095 0.0053 0.0130 0.0092 0.0069 0.7635 0.0070 0.0074 0.0095 0.0161 0.0065 0.0143 0.0118 0.0061 0.0212 0.0066 0.0106 
   H169633.5  1 0.0060 0.0040 0.0204 0.0039 0.0048 0.0111 0.0083 0.0065 0.0074 0.0120 0.0056 0.0146 0.0103 0.0055 0.7536 0.0062 0.0072 0.0127 0.0242 0.0059 0.0195 0.0097 0.0054 0.0182 0.0066 0.0105 
   H169688.1  1 0.0104 0.0222 0.0039 0.0045 0.0175 0.0111 0.0237 0.7019 0.0061 0.0179 0.0043 0.0045 0.0068 0.0122 0.0112 0.0051 0.0180 0.0255 0.0104 0.0085 0.0042 0.0177 0.0362 0.0034 0.0089 0.0038 
   H169688.2  1 0.0074 0.0099 0.0035 0.0079 0.0177 0.0071 0.0096 0.8074 0.0034 0.0139 0.0108 0.0030 0.0048 0.0060 0.0056 0.0043 0.0127 0.0048 0.0030 0.0081 0.0052 0.0094 0.0083 0.0065 0.0132 0.0066 
   H169688.3  1 0.0088 0.0177 0.0056 0.0100 0.0133 0.0128 0.0079 0.7807 0.0109 0.0088 0.0112 0.0046 0.0045 0.0080 0.0070 0.0040 0.0111 0.0149 0.0054 0.0189 0.0046 0.0060 0.0057 0.0073 0.0049 0.0054 
   H169688.4  1 0.0049 0.0059 0.0072 0.0086 0.0117 0.1702 0.0117 0.5894 0.0061 0.0080 0.0441 0.0153 0.0076 0.0062 0.0059 0.0052 0.0088 0.0121 0.0071 0.0084 0.0053 0.0091 0.0065 0.0111 0.0068 0.0169 
   H169688.5  1 0.0044 0.0051 0.0061 0.0078 0.0139 0.1834 0.0111 0.5583 0.0058 0.0106 0.0621 0.0152 0.0055 0.0058 0.0071 0.0048 0.0072 0.0106 0.0062 0.0113 0.0047 0.0078 0.0062 0.0113 0.0078 0.0199 
   H169688.6  1 0.0141 0.0113 0.0046 0.0117 0.0176 0.0147 0.0127 0.7089 0.0040 0.0063 0.0084 0.0104 0.0044 0.0045 0.0101 0.0051 0.0051 0.0121 0.0049 0.0057 0.0032 0.0652 0.0093 0.0139 0.0065 0.0256 
   H169688.7  1 0.0148 0.0078 0.0070 0.0228 0.0069 0.0199 0.0106 0.6148 0.0108 0.0097 0.0381 0.0080 0.0049 0.0187 0.0107 0.0048 0.0138 0.0577 0.0077 0.0452 0.0213 0.0069 0.0058 0.0064 0.0124 0.0124 
   H171901.1  1 0.0105 0.6911 0.0143 0.0053 0.0068 0.0124 0.0062 0.0131 0.0091 0.0088 0.0321 0.0150 0.0051 0.0060 0.0062 0.0068 0.0129 0.0160 0.0106 0.0247 0.0116 0.0067 0.0081 0.0050 0.0149 0.0408 
   H171901.2  1 0.0058 0.0082 0.0057 0.0083 0.0050 0.0166 0.0045 0.0104 0.0052 0.0154 0.0185 0.0106 0.0050 0.0106 0.7648 0.0084 0.0044 0.0072 0.0155 0.0056 0.0146 0.0087 0.0185 0.0067 0.0103 0.0054 
   H171901.3  1 0.0085 0.0264 0.0127 0.0123 0.0370 0.0121 0.0170 0.0288 0.0066 0.0372 0.0269 0.0123 0.0046 0.0119 0.6215 0.0062 0.0093 0.0045 0.0382 0.0137 0.0075 0.0102 0.0073 0.0055 0.0154 0.0064 
   H171901.4  1 0.0071 0.0103 0.0059 0.0117 0.0092 0.0071 0.0068 0.0098 0.0088 0.0285 0.0509 0.0094 0.0050 0.0124 0.7137 0.0129 0.0036 0.0049 0.0111 0.0076 0.0093 0.0070 0.0085 0.0196 0.0127 0.0059 
   H171901.5  1 0.0095 0.0163 0.0084 0.0291 0.0128 0.0118 0.0037 0.0180 0.0086 0.0374 0.0904 0.0101 0.0074 0.0260 0.6025 0.0139 0.0066 0.0074 0.0166 0.0056 0.0116 0.0123 0.0087 0.0120 0.0078 0.0055 
   H171901.6  1 0.0140 0.0130 0.0072 0.0207 0.0242 0.0143 0.0047 0.0255 0.0084 0.2116 0.0483 0.0115 0.0074 0.0210 0.3698 0.0307 0.0140 0.0104 0.0574 0.0085 0.0133 0.0225 0.0085 0.0205 0.0069 0.0060 
   H171901.7  1 0.0103 0.0141 0.0120 0.0364 0.0226 0.0174 0.0073 0.0651 0.0056 0.0680 0.0455 0.0094 0.0087 0.0072 0.4896 0.0052 0.0100 0.0115 0.0296 0.0384 0.0130 0.0313 0.0092 0.0091 0.0170 0.0065 
   H171902.1  1 0.0114 0.0047 0.0038 0.0176 0.0088 0.0100 0.0096 0.0200 0.0250 0.0154 0.0191 0.0071 0.0082 0.0449 0.0098 0.0082 0.0085 0.0099 0.6401 0.0161 0.0050 0.0152 0.0064 0.0052 0.0164 0.0537 
  H171902.10  1 0.0109 0.0048 0.0027 0.0135 0.0040 0.0054 0.0070 0.0100 0.0049 0.0044 0.0100 0.0043 0.0032 0.0082 0.0112 0.0047 0.0034 0.0065 0.8410 0.0037 0.0077 0.0064 0.0079 0.0032 0.0039 0.0071 
   H171902.2  1 0.0155 0.0071 0.0046 0.0225 0.0150 0.0145 0.0340 0.0462 0.0153 0.0545 0.0129 0.0043 0.0059 0.0215 0.0105 0.0143 0.0118 0.0108 0.1966 0.0200 0.0059 0.0364 0.0055 0.0162 0.3602 0.0380 
   H171902.3  1 0.0498 0.0173 0.0055 0.0566 0.0112 0.0377 0.0114 0.0374 0.0129 0.0403 0.0318 0.0082 0.0052 0.0124 0.0713 0.0210 0.0116 0.0077 0.4242 0.0223 0.0119 0.0318 0.0105 0.0061 0.0291 0.0149 
   H171902.4  1 0.0034 0.0045 0.0038 0.0032 0.0047 0.0125 0.0059 0.0065 0.0035 0.0062 0.0032 0.0036 0.0042 0.0089 0.0591 0.0041 0.0044 0.0083 0.7953 0.0068 0.0053 0.0045 0.0049 0.0062 0.0121 0.0147 
   H171902.6  1 0.0130 0.0048 0.0033 0.0092 0.0037 0.0085 0.0053 0.0080 0.0059 0.0050 0.0049 0.0041 0.0033 0.0056 0.0080 0.0052 0.0045 0.0059 0.8506 0.0034 0.0070 0.0068 0.0068 0.0031 0.0050 0.0090 
   H171902.7  1 0.0079 0.0478 0.0040 0.0138 0.0071 0.0050 0.0036 0.0053 0.0063 0.0111 0.0138 0.0036 0.0041 0.0181 0.0162 0.0136 0.0056 0.0156 0.7170 0.0072 0.0087 0.0079 0.0090 0.0059 0.0037 0.0378 
   H171902.8  1 0.0326 0.0174 0.0056 0.0234 0.0092 0.0107 0.0099 0.0111 0.0089 0.0112 0.0147 0.0061 0.0033 0.0151 0.0179 0.0120 0.0070 0.0089 0.7051 0.0061 0.0117 0.0095 0.0086 0.0044 0.0109 0.0187 
   H171902.9  1 0.0049 0.0088 0.0043 0.0079 0.0057 0.0669 0.0063 0.0070 0.0058 0.0104 0.0076 0.0055 0.0063 0.0215 0.0061 0.0068 0.0075 0.0107 0.7057 0.0128 0.0052 0.0068 0.0058 0.0103 0.0148 0.0385 
   H171903.1  1 0.0034 0.0156 0.0102 0.0432 0.0114 0.0532 0.0044 0.0095 0.0231 0.0485 0.0792 0.0060 0.0622 0.0081 0.0120 0.0414 0.0061 0.0147 0.0149 0.0277 0.0081 0.0253 0.4498 0.0096 0.0072 0.0053 
   H171903.2  1 0.0119 0.0088 0.0293 0.0377 0.0105 0.0398 0.0054 0.0092 0.0156 0.0112 0.0482 0.0087 0.0336 0.0252 0.0063 0.0298 0.0075 0.0133 0.0115 0.0380 0.0063 0.0287 0.5120 0.0171 0.0239 0.0104 
   H171903.3  1 0.0083 0.0423 0.1177 0.0479 0.0127 0.0442 0.0066 0.0279 0.0502 0.0336 0.0620 0.0085 0.0146 0.0310 0.0193 0.0564 0.0185 0.0080 0.0318 0.0321 0.0260 0.0944 0.1315 0.0107 0.0504 0.0134 
   H171903.4  1 0.0058 0.3986 0.0100 0.0126 0.0437 0.0200 0.0157 0.0416 0.0065 0.0597 0.0266 0.0111 0.0071 0.0293 0.0049 0.0153 0.0113 0.0305 0.1673 0.0084 0.0133 0.0091 0.0273 0.0088 0.0096 0.0060 
   H171903.5  1 0.0310 0.0198 0.2166 0.0353 0.0211 0.0403 0.0098 0.0617 0.0547 0.0260 0.1196 0.0064 0.0187 0.0081 0.0427 0.0333 0.0151 0.0113 0.0140 0.0411 0.0122 0.0423 0.0629 0.0150 0.0324 0.0084 
   H171903.6  1 0.0103 0.0279 0.0516 0.0400 0.0132 0.0278 0.0090 0.2713 0.0065 0.0222 0.1638 0.0109 0.0299 0.0121 0.0348 0.0546 0.0126 0.0185 0.0350 0.0156 0.0054 0.0503 0.0552 0.0066 0.0106 0.0044 
      H177.1  1 0.0153 0.0475 0.0069 0.1760 0.1762 0.0292 0.0054 0.0245 0.0050 0.0119 0.0158 0.0138 0.0077 0.0945 0.1727 0.0230 0.0114 0.0143 0.0413 0.0063 0.0123 0.0299 0.0354 0.0043 0.0070 0.0124 
      H177.2  1 0.1305 0.0038 0.0402 0.0548 0.0107 0.0114 0.0202 0.0232 0.0095 0.0092 0.0186 0.0314 0.0310 0.0357 0.0685 0.1333 0.0108 0.1792 0.0251 0.0255 0.0169 0.0338 0.0135 0.0062 0.0478 0.0091 
      H177.3  1 0.0670 0.0080 0.0216 0.1725 0.0081 0.0139 0.0036 0.0265 0.0064 0.0063 0.0209 0.0576 0.0074 0.0362 0.1726 0.0562 0.0236 0.0974 0.0714 0.0083 0.0213 0.0322 0.0195 0.0059 0.0205 0.0152 
      H177.4  1 0.0511 0.0216 0.0141 0.0919 0.1933 0.0061 0.0040 0.0181 0.0059 0.0143 0.0088 0.0053 0.0103 0.0560 0.1417 0.0458 0.0139 0.0512 0.0382 0.0075 0.0087 0.1344 0.0285 0.0134 0.0070 0.0087 
      H177.5  1 0.0074 0.0159 0.0230 0.1053 0.4666 0.0122 0.0086 0.0409 0.0035 0.0207 0.0229 0.0125 0.0173 0.0283 0.0152 0.0490 0.0126 0.0105 0.0156 0.0092 0.0139 0.0170 0.0284 0.0205 0.0155 0.0074 
      H177.6  1 0.0312 0.0060 0.0102 0.1318 0.0114 0.0134 0.0038 0.0171 0.0076 0.0092 0.0182 0.0872 0.0060 0.0467 0.3480 0.0330 0.0214 0.0351 0.0652 0.0054 0.0194 0.0193 0.0099 0.0043 0.0238 0.0154 
      H179.1  1 0.5571 0.0085 0.0083 0.0215 0.0614 0.0067 0.0058 0.0642 0.0462 0.0142 0.0109 0.0165 0.0082 0.0051 0.0088 0.0194 0.0363 0.0040 0.0182 0.0087 0.0059 0.0264 0.0053 0.0139 0.0143 0.0042 
      H179.2  1 0.3333 0.0126 0.0149 0.0181 0.0316 0.0123 0.0056 0.0202 0.1069 0.0082 0.0320 0.0068 0.0160 0.0110 0.0106 0.0332 0.0224 0.0042 0.0075 0.0205 0.0123 0.2330 0.0089 0.0080 0.0059 0.0041 
      H179.3  1 0.1588 0.0119 0.0322 0.0221 0.1294 0.0133 0.0169 0.2610 0.0266 0.0184 0.0210 0.0244 0.0232 0.0072 0.0053 0.0135 0.0165 0.0043 0.0096 0.0535 0.0048 0.0837 0.0145 0.0100 0.0114 0.0064 
      H179.4  1 0.1241 0.0071 0.0092 0.0163 0.0270 0.0044 0.0167 0.0225 0.0209 0.0146 0.0094 0.0098 0.0082 0.0237 0.0446 0.0174 0.0153 0.0083 0.0081 0.0524 0.0077 0.4864 0.0086 0.0118 0.0213 0.0040 
      H180.1  1 0.0091 0.0059 0.0060 0.0070 0.0041 0.0077 0.0093 0.0074 0.0110 0.0034 0.8561 0.0043 0.0037 0.0059 0.0049 0.0039 0.0042 0.0033 0.0040 0.0033 0.0070 0.0045 0.0049 0.0066 0.0053 0.0070 
      H180.2  1 0.0055 0.0087 0.0035 0.0050 0.0050 0.0092 0.0144 0.0113 0.0062 0.0032 0.8370 0.0071 0.0045 0.0034 0.0071 0.0055 0.0075 0.0033 0.0104 0.0029 0.0042 0.0070 0.0056 0.0084 0.0045 0.0094 
      H180.3  1 0.0045 0.0056 0.0127 0.0057 0.0052 0.1619 0.0063 0.0047 0.0354 0.0044 0.5583 0.0067 0.0629 0.0057 0.0054 0.0058 0.0255 0.0096 0.0047 0.0084 0.0054 0.0095 0.0094 0.0068 0.0115 0.0175 
      H180.4  1 0.0134 0.0106 0.0093 0.0102 0.0071 0.0197 0.0182 0.0141 0.0061 0.0075 0.6754 0.0056 0.0128 0.0070 0.0159 0.0050 0.0071 0.0047 0.0100 0.0112 0.0130 0.0145 0.0083 0.0493 0.0213 0.0226 
      H180.5  1 0.0084 0.0065 0.0067 0.0095 0.0086 0.0118 0.0149 0.0099 0.0087 0.0065 0.7594 0.0048 0.0186 0.0051 0.0082 0.0092 0.0054 0.0052 0.0068 0.0082 0.0156 0.0095 0.0101 0.0142 0.0108 0.0174 
      H180.6  1 0.0075 0.0061 0.0070 0.0097 0.0050 0.0249 0.0199 0.0048 0.0077 0.0104 0.2928 0.0067 0.2862 0.0064 0.0106 0.0091 0.0090 0.0141 0.0064 0.0689 0.0229 0.0106 0.0098 0.0167 0.0710 0.0558 
      H181.1  1 0.1898 0.0165 0.1595 0.0126 0.0075 0.0103 0.1389 0.0472 0.0096 0.0079 0.0185 0.0050 0.0047 0.0094 0.1469 0.0163 0.0081 0.0166 0.0221 0.0052 0.0263 0.0291 0.0600 0.0081 0.0077 0.0163 
      H181.2  1 0.3076 0.0154 0.0209 0.0402 0.0116 0.0187 0.1045 0.0394 0.0140 0.0169 0.0225 0.0059 0.0056 0.0233 0.0603 0.0136 0.0109 0.0707 0.0273 0.0047 0.0796 0.0179 0.0245 0.0134 0.0167 0.0140 
      H181.3  1 0.2025 0.0220 0.0103 0.0361 0.0112 0.0066 0.2217 0.0435 0.0044 0.0099 0.0137 0.0074 0.0066 0.0975 0.0785 0.0346 0.0064 0.0183 0.0261 0.0061 0.0251 0.0253 0.0223 0.0079 0.0385 0.0178 
      H181.4  1 0.0543 0.0187 0.2616 0.0409 0.0138 0.0709 0.0614 0.0134 0.0069 0.0181 0.0314 0.0096 0.0144 0.0585 0.0790 0.0496 0.0149 0.0395 0.0137 0.0103 0.0266 0.0353 0.0278 0.0095 0.0153 0.0044 
      H181.5  1 0.7011 0.0094 0.0080 0.0041 0.0145 0.0066 0.0363 0.0101 0.0145 0.0095 0.0044 0.0047 0.0073 0.0080 0.0143 0.0072 0.0191 0.0062 0.0113 0.0067 0.0278 0.0112 0.0122 0.0087 0.0250 0.0122 
      H181.6  1 0.6004 0.0146 0.0145 0.0095 0.0127 0.0322 0.0078 0.0110 0.0391 0.0150 0.0605 0.0058 0.0060 0.0088 0.0114 0.0162 0.0090 0.0063 0.0194 0.0095 0.0252 0.0129 0.0207 0.0190 0.0071 0.0053 
      H181.7  1 0.7791 0.0100 0.0079 0.0058 0.0048 0.0078 0.0076 0.0063 0.0050 0.0121 0.0094 0.0046 0.0126 0.0133 0.0140 0.0051 0.0048 0.0104 0.0095 0.0104 0.0053 0.0191 0.0055 0.0083 0.0134 0.0081 
 H194.1_2004  1 0.0034 0.0099 0.0053 0.0205 0.0045 0.0091 0.0053 0.0058 0.0061 0.7495 0.0235 0.0068 0.0169 0.0031 0.0076 0.0077 0.0065 0.0105 0.0242 0.0063 0.0133 0.0066 0.0306 0.0047 0.0057 0.0065 
 H194.2_2004  1 0.0043 0.2576 0.0057 0.0162 0.0156 0.0063 0.0047 0.0073 0.0047 0.4857 0.0110 0.0059 0.0055 0.0068 0.0160 0.0049 0.0060 0.0295 0.0193 0.0056 0.0177 0.0052 0.0160 0.0028 0.0048 0.0348 
 H194.3_2004  1 0.0139 0.0063 0.0054 0.0260 0.0078 0.0053 0.0029 0.0098 0.0056 0.4768 0.0048 0.0045 0.0067 0.0121 0.1676 0.0053 0.0960 0.0491 0.0322 0.0068 0.0061 0.0139 0.0109 0.0060 0.0078 0.0102 
 H194.4_2004  1 0.0072 0.1461 0.0038 0.0126 0.0437 0.0086 0.0057 0.0072 0.0057 0.2382 0.0058 0.0038 0.0074 0.0109 0.0614 0.0087 0.0166 0.2654 0.0193 0.0084 0.0111 0.0156 0.0543 0.0036 0.0063 0.0223 
 H194.5_2004  1 0.0115 0.0088 0.0049 0.0115 0.0071 0.0077 0.0042 0.0055 0.0053 0.7217 0.0046 0.0048 0.0063 0.0102 0.0533 0.0075 0.0230 0.0120 0.0229 0.0088 0.0064 0.0232 0.0068 0.0043 0.0125 0.0050 
 H194.6_2004  1 0.0092 0.0422 0.0060 0.0196 0.1255 0.0140 0.0068 0.0093 0.0082 0.1395 0.0051 0.0062 0.0098 0.0333 0.1480 0.0083 0.2107 0.0180 0.0381 0.0143 0.0129 0.0703 0.0179 0.0079 0.0111 0.0078 
 H194.7_2004  1 0.0044 0.0148 0.0128 0.0060 0.0071 0.0092 0.0056 0.0068 0.0040 0.6521 0.0090 0.0045 0.0249 0.0041 0.0099 0.0076 0.0095 0.0207 0.0063 0.0148 0.0084 0.0132 0.1107 0.0064 0.0196 0.0074 
 H194.8_2004  1 0.0090 0.1326 0.0070 0.0103 0.0719 0.0129 0.0060 0.0051 0.0050 0.3841 0.0055 0.0059 0.0056 0.0306 0.0798 0.0093 0.0373 0.0417 0.0126 0.0186 0.0161 0.0266 0.0166 0.0084 0.0295 0.0120 
      H194.9  1 0.0031 0.0087 0.0057 0.0042 0.0052 0.0096 0.0059 0.0048 0.0047 0.7677 0.0056 0.0050 0.0132 0.0046 0.0080 0.0077 0.0100 0.0157 0.0155 0.0152 0.0071 0.0079 0.0223 0.0055 0.0260 0.0112 
 H195.1_2003  1 0.0047 0.0067 0.0034 0.0059 0.0051 0.0034 0.0047 0.0033 0.0042 0.8695 0.0090 0.0038 0.0033 0.0064 0.0055 0.0044 0.0059 0.0080 0.0039 0.0058 0.0061 0.0056 0.0047 0.0091 0.0043 0.0033 
 H195.1_2004  1 0.0047 0.0035 0.0048 0.0054 0.0033 0.0031 0.0107 0.0076 0.0031 0.0037 0.0046 0.0055 0.0027 0.0081 0.0083 0.0043 0.0049 0.8564 0.0040 0.0032 0.0245 0.0041 0.0045 0.0045 0.0050 0.0054 
 H195.2_2003  1 0.0041 0.0041 0.0029 0.0055 0.0057 0.0091 0.0048 0.0171 0.0039 0.8328 0.0109 0.0062 0.0035 0.0100 0.0036 0.0067 0.0044 0.0132 0.0069 0.0057 0.0040 0.0054 0.0079 0.0072 0.0099 0.0048 
 H195.2_2004  1 0.0046 0.0040 0.0034 0.0043 0.0060 0.0057 0.0109 0.0070 0.0034 0.0527 0.0106 0.0034 0.0050 0.0060 0.0068 0.0094 0.0045 0.7912 0.0050 0.0071 0.0066 0.0084 0.0075 0.0069 0.0073 0.0121 
 H195.3_2003  1 0.0049 0.0068 0.0058 0.0097 0.0114 0.0193 0.0095 0.0160 0.0038 0.7676 0.0081 0.0106 0.0074 0.0083 0.0029 0.0161 0.0046 0.0154 0.0047 0.0040 0.0039 0.0070 0.0189 0.0192 0.0070 0.0070 
 H195.3_2004  1 0.0036 0.0045 0.0043 0.0084 0.0051 0.0030 0.0075 0.0058 0.0038 0.0303 0.0037 0.0041 0.0032 0.0091 0.0172 0.0036 0.0056 0.8234 0.0061 0.0045 0.0080 0.0051 0.0150 0.0064 0.0045 0.0042 
 H195.4_2003  1 0.0050 0.0056 0.0051 0.0045 0.0032 0.0036 0.0031 0.0033 0.0040 0.8517 0.0047 0.0051 0.0031 0.0053 0.0075 0.0042 0.0056 0.0257 0.0049 0.0066 0.0139 0.0045 0.0070 0.0062 0.0037 0.0029 
 H195.4_2004  1 0.0040 0.0032 0.0037 0.0043 0.0111 0.0031 0.0239 0.0082 0.0043 0.0184 0.0032 0.0047 0.0048 0.0051 0.0054 0.0040 0.0047 0.8292 0.0042 0.0058 0.0057 0.0080 0.0132 0.0038 0.0101 0.0039 
 H195.5_2003  1 0.0052 0.0095 0.0045 0.0059 0.0068 0.0060 0.0173 0.0091 0.0040 0.7662 0.0103 0.0065 0.0028 0.0149 0.0062 0.0044 0.0054 0.0081 0.0053 0.0061 0.0251 0.0181 0.0059 0.0375 0.0047 0.0041 
 H195.5_2004  1 0.0034 0.0031 0.0036 0.0039 0.0033 0.0038 0.0066 0.0053 0.0028 0.0043 0.0027 0.0050 0.0035 0.0067 0.0051 0.0032 0.0036 0.8884 0.0042 0.0037 0.0058 0.0045 0.0073 0.0077 0.0043 0.0041 
 H195.6_2003  1 0.0039 0.0049 0.0058 0.0073 0.0070 0.0137 0.0125 0.0187 0.0037 0.6832 0.0107 0.0073 0.0060 0.0104 0.0036 0.0095 0.0042 0.1038 0.0060 0.0035 0.0061 0.0076 0.0211 0.0297 0.0048 0.0051 
 H195.6_2004  1 0.0056 0.0042 0.0031 0.0048 0.0056 0.0027 0.0060 0.0040 0.0042 0.0204 0.0036 0.0030 0.0045 0.0063 0.0062 0.0041 0.0104 0.8440 0.0040 0.0057 0.0063 0.0079 0.0138 0.0095 0.0053 0.0047 
 H195.7_2003  1 0.0065 0.0073 0.0059 0.0050 0.0146 0.0031 0.0076 0.0310 0.0041 0.6792 0.0050 0.0041 0.0047 0.0071 0.0044 0.0075 0.0048 0.1489 0.0050 0.0072 0.0065 0.0097 0.0062 0.0061 0.0057 0.0027 
 H195.7_2004  1 0.0046 0.0032 0.0044 0.0033 0.0033 0.0113 0.0111 0.0065 0.0027 0.0070 0.0069 0.0050 0.0028 0.0048 0.0034 0.0042 0.0039 0.8543 0.0033 0.0033 0.0081 0.0047 0.0043 0.0056 0.0069 0.0209 
      H195.8  1 0.0034 0.0035 0.0040 0.0031 0.0049 0.0039 0.0194 0.0065 0.0027 0.0052 0.0044 0.0050 0.0038 0.0056 0.0034 0.0031 0.0040 0.8713 0.0047 0.0031 0.0092 0.0052 0.0062 0.0043 0.0056 0.0046 
      H195.9  1 0.0030 0.0038 0.0039 0.0070 0.0058 0.0035 0.0065 0.0072 0.0033 0.0164 0.0043 0.0035 0.0060 0.0055 0.0070 0.0044 0.0050 0.8579 0.0046 0.0046 0.0055 0.0064 0.0117 0.0052 0.0045 0.0034 
      H415.1  1 0.0073 0.0255 0.0105 0.0168 0.0152 0.1423 0.0062 0.0079 0.3665 0.0191 0.0218 0.0073 0.0127 0.0094 0.1052 0.0050 0.0086 0.0397 0.0311 0.0141 0.0182 0.0056 0.0068 0.0095 0.0251 0.0624 
      H415.2  1 0.0071 0.0057 0.0119 0.0582 0.0074 0.0128 0.0028 0.0147 0.0427 0.0078 0.0181 0.0068 0.0055 0.0109 0.0084 0.0070 0.0348 0.0121 0.6786 0.0051 0.0039 0.0105 0.0042 0.0063 0.0056 0.0112 
      H415.3  1 0.0223 0.0115 0.0160 0.0537 0.0131 0.0076 0.0035 0.0069 0.5947 0.0089 0.0264 0.0063 0.0040 0.0140 0.0838 0.0243 0.0076 0.0111 0.0172 0.0133 0.0186 0.0086 0.0035 0.0074 0.0071 0.0085 
      H415.4  1 0.0055 0.0183 0.0116 0.0068 0.0093 0.0624 0.0074 0.0039 0.6189 0.0201 0.0133 0.0067 0.0182 0.0141 0.0201 0.0094 0.0168 0.0151 0.0161 0.0057 0.0466 0.0057 0.0039 0.0084 0.0216 0.0141 
      H415.5  1 0.0140 0.0128 0.0135 0.0522 0.0115 0.0061 0.0047 0.0076 0.5616 0.0183 0.0360 0.0044 0.0035 0.0100 0.0953 0.0091 0.0139 0.0178 0.0227 0.0090 0.0350 0.0102 0.0032 0.0062 0.0099 0.0115 
      H415.6  1 0.0057 0.0230 0.0086 0.0063 0.0069 0.0598 0.0070 0.0036 0.6373 0.0271 0.0117 0.0065 0.0164 0.0141 0.0228 0.0074 0.0095 0.0121 0.0229 0.0052 0.0323 0.0060 0.0041 0.0071 0.0216 0.0150 
      H415.7  1 0.0172 0.0063 0.0094 0.0244 0.0154 0.0145 0.0038 0.0775 0.2981 0.0466 0.0181 0.0100 0.0044 0.0542 0.0581 0.0488 0.0132 0.0329 0.1512 0.0176 0.0133 0.0209 0.0033 0.0100 0.0120 0.0187 
      H506.1  1 0.8192 0.0036 0.0044 0.0040 0.0048 0.0026 0.0073 0.0065 0.0169 0.0047 0.0036 0.0041 0.0097 0.0047 0.0245 0.0081 0.0116 0.0053 0.0041 0.0060 0.0030 0.0207 0.0033 0.0068 0.0048 0.0056 
      H506.2  1 0.8684 0.0027 0.0036 0.0041 0.0045 0.0027 0.0028 0.0049 0.0057 0.0042 0.0039 0.0055 0.0039 0.0042 0.0186 0.0069 0.0058 0.0096 0.0065 0.0044 0.0040 0.0066 0.0039 0.0041 0.0045 0.0041 
      H506.3  1 0.5108 0.0049 0.0143 0.0232 0.0186 0.0046 0.0240 0.1206 0.0248 0.0060 0.0087 0.0070 0.0141 0.0129 0.0169 0.0205 0.0234 0.0108 0.0052 0.0062 0.0057 0.0187 0.0062 0.0154 0.0068 0.0694 
      H506.4  1 0.6196 0.0081 0.0110 0.0120 0.0158 0.0067 0.0088 0.0284 0.0286 0.0060 0.0091 0.0082 0.0187 0.0066 0.0148 0.0218 0.0228 0.0058 0.0102 0.0095 0.0045 0.0804 0.0067 0.0158 0.0072 0.0128 
      H506.5  1 0.8130 0.0032 0.0037 0.0046 0.0052 0.0031 0.0050 0.0079 0.0189 0.0060 0.0051 0.0071 0.0055 0.0062 0.0270 0.0174 0.0064 0.0060 0.0065 0.0050 0.0028 0.0108 0.0049 0.0079 0.0044 0.0064 
      H506.6  1 0.4271 0.0033 0.0157 0.0307 0.0246 0.0054 0.0161 0.2108 0.0117 0.0070 0.0060 0.0350 0.0070 0.0167 0.0048 0.0330 0.0078 0.0278 0.0097 0.0131 0.0062 0.0144 0.0148 0.0107 0.0084 0.0321 
      H506.7  1 0.8299 0.0027 0.0033 0.0057 0.0062 0.0029 0.0046 0.0104 0.0130 0.0059 0.0041 0.0040 0.0060 0.0051 0.0270 0.0091 0.0070 0.0096 0.0049 0.0063 0.0030 0.0085 0.0046 0.0059 0.0051 0.0051 
      H533.1  1 0.8802 0.0031 0.0049 0.0045 0.0028 0.0027 0.0050 0.0039 0.0057 0.0029 0.0048 0.0033 0.0049 0.0036 0.0126 0.0031 0.0052 0.0034 0.0039 0.0062 0.0029 0.0151 0.0029 0.0039 0.0038 0.0045 
      H533.2  1 0.8689 0.0032 0.0048 0.0044 0.0030 0.0027 0.0047 0.0044 0.0067 0.0027 0.0047 0.0034 0.0041 0.0037 0.0226 0.0037 0.0063 0.0045 0.0047 0.0050 0.0031 0.0086 0.0031 0.0041 0.0041 0.0086 
      H533.3  1 0.7959 0.0046 0.0269 0.0103 0.0038 0.0046 0.0046 0.0073 0.0093 0.0046 0.0057 0.0082 0.0116 0.0039 0.0224 0.0088 0.0051 0.0044 0.0095 0.0053 0.0036 0.0205 0.0061 0.0037 0.0051 0.0043 
      H533.4  1 0.4807 0.0123 0.0118 0.0561 0.0088 0.0056 0.0194 0.0133 0.0139 0.0164 0.0166 0.0132 0.0060 0.0104 0.0894 0.0067 0.0056 0.0217 0.0267 0.0325 0.0056 0.0940 0.0089 0.0073 0.0051 0.0121 
      H535.1  1 0.0065 0.0043 0.0048 0.0088 0.0087 0.0085 0.0032 0.0047 0.0053 0.0094 0.0049 0.0055 0.0049 0.0138 0.0867 0.0150 0.0204 0.0048 0.0091 0.0076 0.0080 0.7296 0.0108 0.0043 0.0062 0.0042 
      H535.2  1 0.0173 0.0074 0.0068 0.0039 0.0085 0.0024 0.0094 0.0052 0.0035 0.0051 0.0037 0.0041 0.0087 0.0105 0.0750 0.0088 0.0051 0.0161 0.0035 0.0058 0.0081 0.7448 0.0084 0.0143 0.0113 0.0023 
      H535.3  1 0.0150 0.0057 0.0053 0.0032 0.0068 0.0038 0.0103 0.0040 0.0030 0.0050 0.0045 0.0073 0.0074 0.0109 0.0469 0.0059 0.0050 0.0118 0.0043 0.0041 0.0053 0.7705 0.0070 0.0211 0.0220 0.0038 
      H535.4  1 0.0032 0.0054 0.0036 0.0035 0.0024 0.0030 0.0056 0.0036 0.0063 0.0078 0.0038 0.0029 0.0045 0.0050 0.1381 0.0037 0.0046 0.0066 0.0039 0.0041 0.0071 0.7556 0.0031 0.0065 0.0033 0.0030 
      H535.5  1 0.0040 0.0032 0.0043 0.0091 0.0085 0.0044 0.0041 0.0036 0.0047 0.0056 0.0036 0.0028 0.0058 0.0061 0.1280 0.0044 0.0078 0.0047 0.0039 0.0072 0.0031 0.7565 0.0046 0.0040 0.0030 0.0030 
      H535.6  1 0.0076 0.0112 0.0076 0.0061 0.0351 0.0140 0.0061 0.0064 0.0053 0.0113 0.0041 0.0055 0.0060 0.0121 0.0363 0.0136 0.0300 0.0099 0.0216 0.0068 0.0155 0.6966 0.0170 0.0041 0.0060 0.0041 
      H535.7  1 0.0041 0.0023 0.0039 0.0050 0.0053 0.0035 0.0026 0.0039 0.0042 0.0033 0.0028 0.0041 0.0060 0.0040 0.1197 0.0039 0.0055 0.0043 0.0029 0.0082 0.0026 0.7755 0.0044 0.0108 0.0029 0.0043 
      H535.8  1 0.0046 0.0065 0.0041 0.0047 0.0328 0.0045 0.0068 0.0032 0.0060 0.0064 0.0034 0.0051 0.0058 0.0075 0.0828 0.0074 0.0073 0.0058 0.0037 0.0077 0.0033 0.7594 0.0048 0.0088 0.0038 0.0038 
      H535.9  1 0.0056 0.0044 0.0035 0.0041 0.0045 0.0099 0.0044 0.0046 0.0042 0.0058 0.0055 0.0116 0.0058 0.0055 0.0932 0.0081 0.0059 0.0062 0.0079 0.0041 0.0086 0.7552 0.0113 0.0108 0.0050 0.0043 
      H539.1  1 0.0027 0.0034 0.0031 0.0035 0.0030 0.9022 0.0026 0.0039 0.0038 0.0043 0.0033 0.0072 0.0035 0.0053 0.0031 0.0035 0.0029 0.0033 0.0060 0.0037 0.0036 0.0030 0.0070 0.0031 0.0040 0.0048 
      H539.2  1 0.0052 0.0126 0.0163 0.0426 0.0149 0.6268 0.0224 0.0445 0.0092 0.0087 0.0301 0.0065 0.0110 0.0096 0.0058 0.0059 0.0050 0.0058 0.0067 0.0470 0.0057 0.0182 0.0158 0.0092 0.0070 0.0076 
      H539.3  1 0.0032 0.0117 0.0049 0.0088 0.0112 0.7967 0.0073 0.0079 0.0031 0.0154 0.0051 0.0046 0.0122 0.0077 0.0041 0.0055 0.0075 0.0070 0.0093 0.0076 0.0039 0.0131 0.0243 0.0060 0.0057 0.0062 
      H539.4  1 0.0056 0.0040 0.0102 0.0112 0.0066 0.8390 0.0048 0.0098 0.0043 0.0041 0.0103 0.0149 0.0051 0.0085 0.0036 0.0048 0.0036 0.0028 0.0038 0.0060 0.0035 0.0047 0.0046 0.0061 0.0073 0.0109 
      H539.5  1 0.0030 0.0042 0.0032 0.0038 0.0030 0.9000 0.0028 0.0027 0.0035 0.0034 0.0043 0.0050 0.0088 0.0042 0.0030 0.0057 0.0043 0.0029 0.0046 0.0046 0.0036 0.0038 0.0057 0.0025 0.0033 0.0040 
      H539.6  1 0.0034 0.0073 0.0045 0.0037 0.0038 0.8757 0.0044 0.0032 0.0045 0.0050 0.0106 0.0052 0.0064 0.0049 0.0027 0.0052 0.0038 0.0047 0.0064 0.0075 0.0047 0.0036 0.0062 0.0031 0.0060 0.0037 
      H539.7  1 0.0027 0.0061 0.0036 0.0043 0.0047 0.8983 0.0032 0.0043 0.0032 0.0050 0.0044 0.0072 0.0035 0.0043 0.0030 0.0040 0.0039 0.0026 0.0059 0.0037 0.0042 0.0032 0.0035 0.0034 0.0048 0.0031 
      H539.8  1 0.0046 0.0153 0.0085 0.0064 0.0128 0.7799 0.0088 0.0069 0.0045 0.0144 0.0066 0.0036 0.0092 0.0058 0.0060 0.0056 0.0130 0.0050 0.0058 0.0065 0.0047 0.0310 0.0076 0.0133 0.0044 0.0098 
      H539.9  1 0.0042 0.0038 0.0067 0.0052 0.0040 0.8775 0.0040 0.0064 0.0039 0.0029 0.0051 0.0095 0.0080 0.0056 0.0032 0.0042 0.0035 0.0035 0.0033 0.0045 0.0026 0.0030 0.0063 0.0043 0.0068 0.0081 
      H540.1  1 0.0114 0.0092 0.0150 0.0166 0.0069 0.7727 0.0056 0.0109 0.0040 0.0061 0.0068 0.0052 0.0125 0.0078 0.0049 0.0229 0.0045 0.0102 0.0224 0.0046 0.0056 0.0085 0.0098 0.0054 0.0047 0.0057 
      H540.2  1 0.0059 0.0055 0.0085 0.0075 0.0042 0.8614 0.0021 0.0052 0.0044 0.0073 0.0062 0.0074 0.0077 0.0044 0.0040 0.0081 0.0071 0.0037 0.0120 0.0033 0.0042 0.0038 0.0058 0.0034 0.0033 0.0036 
      H540.3  1 0.0071 0.0235 0.0255 0.0117 0.0173 0.4155 0.0098 0.0291 0.0149 0.0200 0.0061 0.0454 0.0043 0.0268 0.0116 0.0130 0.0511 0.0083 0.0203 0.0055 0.0145 0.0096 0.0041 0.0054 0.0069 0.1929 
      H540.4  1 0.0139 0.0074 0.0089 0.0085 0.0089 0.8260 0.0040 0.0078 0.0041 0.0050 0.0081 0.0049 0.0074 0.0043 0.0037 0.0119 0.0058 0.0075 0.0114 0.0052 0.0096 0.0084 0.0051 0.0054 0.0034 0.0033 
      H540.5  1 0.0087 0.0051 0.0082 0.0101 0.0088 0.8238 0.0070 0.0077 0.0058 0.0058 0.0043 0.0088 0.0048 0.0085 0.0069 0.0089 0.0110 0.0032 0.0084 0.0037 0.0061 0.0046 0.0063 0.0036 0.0078 0.0121 
      H540.6  1 0.0142 0.0079 0.0168 0.0117 0.0113 0.7186 0.0209 0.0174 0.0069 0.0040 0.0048 0.0069 0.0151 0.0094 0.0075 0.0181 0.0093 0.0145 0.0175 0.0081 0.0116 0.0092 0.0165 0.0048 0.0077 0.0093 
      H540.7  1 0.0073 0.0036 0.0097 0.0172 0.0048 0.8176 0.0047 0.0062 0.0062 0.0110 0.0061 0.0072 0.0109 0.0048 0.0082 0.0122 0.0060 0.0042 0.0113 0.0084 0.0075 0.0059 0.0049 0.0053 0.0053 0.0035 
      H540.8  1 0.0061 0.0081 0.0122 0.0212 0.0050 0.8026 0.0028 0.0053 0.0048 0.0132 0.0110 0.0064 0.0042 0.0043 0.0066 0.0082 0.0065 0.0046 0.0296 0.0045 0.0060 0.0072 0.0062 0.0044 0.0041 0.0047 
     H9558.1  1 0.0101 0.0064 0.0033 0.0090 0.0065 0.8314 0.0038 0.0067 0.0061 0.0057 0.0078 0.0177 0.0032 0.0069 0.0035 0.0044 0.0071 0.0039 0.0088 0.0065 0.0033 0.0123 0.0092 0.0049 0.0044 0.0070 
     H9558.2  1 0.0197 0.0072 0.0052 0.0083 0.0129 0.7267 0.0073 0.0092 0.0114 0.0177 0.0045 0.0309 0.0053 0.0105 0.0039 0.0064 0.0085 0.0029 0.0066 0.0144 0.0043 0.0159 0.0116 0.0153 0.0214 0.0120 
     H9558.3  1 0.0087 0.0156 0.0064 0.0055 0.0056 0.8004 0.0051 0.0046 0.0096 0.0085 0.0047 0.0080 0.0124 0.0134 0.0040 0.0077 0.0088 0.0041 0.0050 0.0078 0.0039 0.0110 0.0111 0.0106 0.0089 0.0085 
     H9558.4  1 0.0077 0.0047 0.0037 0.0170 0.0047 0.8286 0.0043 0.0072 0.0063 0.0050 0.0080 0.0185 0.0029 0.0061 0.0027 0.0050 0.0045 0.0029 0.0054 0.0070 0.0029 0.0170 0.0065 0.0065 0.0063 0.0085 
     H9558.5  1 0.0042 0.0037 0.0112 0.0098 0.0050 0.8426 0.0047 0.0112 0.0064 0.0033 0.0056 0.0104 0.0043 0.0064 0.0040 0.0040 0.0061 0.0028 0.0040 0.0042 0.0033 0.0078 0.0031 0.0116 0.0034 0.0170 
     H9558.6  1 0.0052 0.0114 0.0282 0.0068 0.0053 0.7210 0.0039 0.0047 0.0063 0.0081 0.0055 0.0067 0.0697 0.0137 0.0042 0.0074 0.0135 0.0042 0.0125 0.0047 0.0044 0.0066 0.0073 0.0068 0.0249 0.0072 
    kos339.1  1 0.0101 0.0037 0.0078 0.0127 0.0087 0.0048 0.0041 0.0067 0.0085 0.0050 0.0064 0.0089 0.0154 0.0074 0.8099 0.0159 0.0040 0.0041 0.0147 0.0103 0.0037 0.0051 0.0046 0.0043 0.0085 0.0047 
    kos339.2  1 0.0066 0.0037 0.0072 0.0035 0.0045 0.0045 0.0050 0.0046 0.0073 0.0053 0.0044 0.0045 0.0116 0.0045 0.8487 0.0064 0.0059 0.0106 0.0039 0.0128 0.0068 0.0051 0.0035 0.0073 0.0062 0.0058 
    kos339.3  1 0.0033 0.0038 0.0047 0.0043 0.0032 0.0039 0.0029 0.0035 0.0055 0.0046 0.0043 0.0029 0.0043 0.0031 0.9047 0.0034 0.0031 0.0042 0.0040 0.0052 0.0033 0.0052 0.0037 0.0031 0.0032 0.0026 
    kos339.4  1 0.0040 0.0044 0.0041 0.0036 0.0041 0.0035 0.0043 0.0038 0.0066 0.0068 0.0050 0.0030 0.0038 0.0036 0.8919 0.0044 0.0034 0.0046 0.0035 0.0059 0.0041 0.0056 0.0033 0.0038 0.0044 0.0046 
    kos339.5  1 0.0058 0.0041 0.0054 0.0147 0.0049 0.0051 0.0035 0.0037 0.0044 0.0054 0.0041 0.0050 0.0064 0.0044 0.8604 0.0149 0.0045 0.0034 0.0066 0.0047 0.0045 0.0051 0.0033 0.0044 0.0086 0.0028 
    kos339.6  1 0.0047 0.0034 0.0057 0.0047 0.0029 0.0041 0.0042 0.0038 0.0049 0.0051 0.0034 0.0036 0.0059 0.0038 0.8879 0.0059 0.0052 0.0073 0.0059 0.0053 0.0045 0.0033 0.0034 0.0034 0.0036 0.0041 
    kos339.7  1 0.0044 0.0037 0.0046 0.0040 0.0033 0.0030 0.0030 0.0036 0.0041 0.0051 0.0047 0.0034 0.0070 0.0032 0.8956 0.0034 0.0036 0.0044 0.0044 0.0069 0.0030 0.0081 0.0033 0.0031 0.0035 0.0035 
    kos339.8  1 0.0055 0.0041 0.0072 0.0047 0.0052 0.0035 0.0060 0.0044 0.0129 0.0058 0.0049 0.0038 0.0046 0.0051 0.8649 0.0069 0.0047 0.0058 0.0034 0.0075 0.0041 0.0064 0.0026 0.0052 0.0045 0.0067 
    kos339.9  1 0.0072 0.0072 0.0051 0.0168 0.0045 0.0158 0.0047 0.0038 0.0055 0.0068 0.0102 0.0048 0.0105 0.0101 0.8015 0.0105 0.0068 0.0103 0.0096 0.0079 0.0067 0.0066 0.0045 0.0070 0.0100 0.0057 
      H008.1  2 0.0059 0.0057 0.0092 0.0115 0.0071 0.0438 0.0092 0.0121 0.0059 0.0056 0.0192 0.0140 0.7025 0.0102 0.0060 0.0047 0.0086 0.0087 0.0100 0.0226 0.0071 0.0120 0.0049 0.0154 0.0344 0.0036 
      H008.2  2 0.0511 0.0125 0.0284 0.0935 0.0136 0.0920 0.0420 0.0232 0.0077 0.0103 0.0094 0.0252 0.2272 0.0261 0.0121 0.0087 0.0085 0.0109 0.0157 0.0103 0.0065 0.0934 0.0217 0.0883 0.0198 0.0419 
      H008.3  2 0.0281 0.0469 0.0106 0.0410 0.0125 0.0227 0.0537 0.0145 0.0066 0.0062 0.0231 0.0076 0.2139 0.0164 0.0095 0.0077 0.0254 0.0180 0.0160 0.0504 0.0103 0.2723 0.0253 0.0377 0.0053 0.0185 
      H008.4  2 0.0096 0.0178 0.0076 0.0115 0.0213 0.0283 0.0126 0.0089 0.0182 0.0248 0.0049 0.0110 0.6478 0.0127 0.0075 0.0067 0.0180 0.0065 0.0262 0.0147 0.0069 0.0155 0.0119 0.0100 0.0113 0.0278 
      H008.5  2 0.0050 0.0166 0.0059 0.0124 0.0180 0.0069 0.0075 0.0069 0.0039 0.0067 0.0111 0.0042 0.7952 0.0054 0.0051 0.0054 0.0097 0.0066 0.0081 0.0094 0.0038 0.0120 0.0072 0.0121 0.0084 0.0064 
      H008.6  2 0.0367 0.0129 0.0158 0.0699 0.0115 0.0450 0.0055 0.0073 0.0105 0.0101 0.0051 0.0166 0.4874 0.0150 0.0062 0.0095 0.0136 0.0068 0.0434 0.0120 0.0039 0.0638 0.0119 0.0363 0.0096 0.0337 
      H008.7  2 0.0113 0.0334 0.0090 0.0357 0.0263 0.0364 0.0426 0.0216 0.0158 0.0132 0.0111 0.0171 0.3262 0.0374 0.0103 0.0085 0.0180 0.0082 0.0361 0.0145 0.0133 0.0581 0.0115 0.0508 0.0811 0.0525 
      H008.8  2 0.0665 0.0073 0.0113 0.0119 0.0071 0.3108 0.0181 0.0078 0.0076 0.0112 0.0123 0.0750 0.1265 0.0392 0.0101 0.0093 0.0093 0.0178 0.0247 0.1128 0.0046 0.0275 0.0142 0.0159 0.0344 0.0070 
      H008.9  2 0.0748 0.0497 0.0126 0.0260 0.0122 0.0238 0.0106 0.0074 0.0086 0.0195 0.0094 0.0145 0.0720 0.0219 0.0056 0.0082 0.0325 0.0159 0.2473 0.0228 0.0085 0.0894 0.0264 0.0996 0.0086 0.0722 
 H029.1_2002  2 0.0110 0.0127 0.0062 0.0075 0.0151 0.0188 0.0076 0.0071 0.0306 0.0137 0.0069 0.0247 0.0165 0.0156 0.0035 0.0141 0.0053 0.0034 0.0120 0.0055 0.0049 0.0043 0.0040 0.0037 0.7341 0.0112 
 H029.1_2003  2 0.0287 0.0134 0.0117 0.0126 0.0867 0.0081 0.0068 0.0157 0.0097 0.0093 0.0062 0.0082 0.0079 0.0161 0.0048 0.0078 0.1233 0.0074 0.0137 0.0084 0.0039 0.0652 0.0090 0.0086 0.4951 0.0118 
 H029.2_2002  2 0.0084 0.0037 0.0048 0.0108 0.0142 0.0060 0.0108 0.0071 0.0073 0.0131 0.0042 0.0032 0.0131 0.0137 0.0212 0.0097 0.0231 0.0073 0.0069 0.0046 0.0034 0.0489 0.0069 0.0066 0.7316 0.0098 
 H029.2_2003  2 0.0196 0.0067 0.0199 0.0134 0.0687 0.0060 0.0068 0.0477 0.0052 0.0078 0.0061 0.0055 0.0101 0.0128 0.0175 0.0156 0.0267 0.0220 0.0108 0.0063 0.0050 0.1703 0.0144 0.0082 0.4504 0.0163 
 H029.3_2002  2 0.0238 0.0039 0.0085 0.0067 0.0157 0.0040 0.0090 0.0107 0.0056 0.0074 0.0071 0.0047 0.0066 0.0110 0.0172 0.0080 0.0210 0.0167 0.0053 0.0084 0.0038 0.0845 0.0092 0.0054 0.6742 0.0216 
