      H105.1  1 0.0759 0.0115 0.1421 0.1458 0.0405 0.5166 0.0361 0.0315 
      H105.2  1 0.4207 0.0127 0.0224 0.0508 0.1139 0.1313 0.0475 0.2007 
      H105.3  1 0.3064 0.0149 0.1073 0.0864 0.0397 0.3786 0.0329 0.0337 
      H105.4  1 0.2073 0.0155 0.0225 0.0301 0.0756 0.2279 0.2930 0.1281 
      H105.5  1 0.0469 0.0113 0.0174 0.1386 0.0304 0.4697 0.2414 0.0443 
      H105.6  1 0.2837 0.0109 0.0650 0.0168 0.0260 0.4826 0.1007 0.0143 
      H105.7  1 0.1156 0.0082 0.4967 0.0927 0.0207 0.1215 0.0497 0.0950 
      H105.8  1 0.2872 0.0184 0.2619 0.0293 0.1326 0.1845 0.0507 0.0353 
      H115.1  1 0.2179 0.0138 0.0864 0.0372 0.0657 0.1119 0.4420 0.0252 
      H115.2  1 0.0418 0.0301 0.0159 0.2286 0.0334 0.0220 0.6110 0.0171 
      H115.3  1 0.0104 0.0125 0.0062 0.0759 0.0096 0.0101 0.8624 0.0129 
      H115.4  1 0.0596 0.0113 0.0124 0.6835 0.0722 0.0401 0.0761 0.0448 
      H115.5  1 0.0371 0.0869 0.0305 0.0974 0.0121 0.0290 0.6699 0.0372 
      H115.6  1 0.0346 0.0233 0.0233 0.1565 0.0175 0.0284 0.6804 0.0361 
      H115.7  1 0.4738 0.0088 0.0103 0.0744 0.0373 0.0483 0.2640 0.0832 
      H115.8  1 0.0245 0.1057 0.0727 0.0912 0.0157 0.0146 0.6551 0.0204 
      H115.9  1 0.0119 0.0082 0.0421 0.0130 0.0086 0.0090 0.8979 0.0094 
      H145.1  1 0.0146 0.8775 0.0092 0.0148 0.0098 0.0442 0.0222 0.0076 
      H145.2  1 0.0151 0.8347 0.0103 0.0118 0.0195 0.0278 0.0700 0.0107 
      H145.3  1 0.0070 0.9335 0.0137 0.0060 0.0085 0.0098 0.0110 0.0104 
      H145.4  1 0.0231 0.8941 0.0079 0.0132 0.0132 0.0244 0.0146 0.0094 
      H145.5  1 0.0071 0.9477 0.0066 0.0054 0.0070 0.0112 0.0074 0.0075 
      H145.6  1 0.0134 0.8677 0.0093 0.0110 0.0148 0.0122 0.0432 0.0284 
      H145.7  1 0.0111 0.8826 0.0142 0.0143 0.0133 0.0255 0.0155 0.0235 
      H149.1  1 0.0057 0.0099 0.0070 0.0079 0.0080 0.9459 0.0084 0.0072 
      H149.2  1 0.0077 0.0076 0.0060 0.0152 0.0053 0.9438 0.0072 0.0073 
      H149.3  1 0.0286 0.0228 0.0086 0.0302 0.0247 0.8523 0.0150 0.0178 
      H149.4  1 0.0283 0.0332 0.0096 0.0194 0.0738 0.8080 0.0115 0.0161 
      H149.5  1 0.0229 0.0198 0.0133 0.0860 0.0801 0.7286 0.0100 0.0394 
      H149.6  1 0.0191 0.0109 0.0056 0.0129 0.0113 0.9232 0.0057 0.0114 
      H149.7  1 0.0607 0.0212 0.0280 0.0914 0.2907 0.4244 0.0118 0.0718 
      H150.1  1 0.0105 0.0187 0.0216 0.0611 0.0092 0.0075 0.8632 0.0083 
      H150.2  1 0.0757 0.0551 0.0128 0.2357 0.0439 0.0289 0.5289 0.0189 
      H150.3  1 0.5093 0.0157 0.0320 0.0192 0.0286 0.0159 0.3569 0.0224 
      H150.4  1 0.0198 0.0191 0.0254 0.0118 0.0069 0.0057 0.9024 0.0090 
      H150.5  1 0.0462 0.0115 0.0125 0.4344 0.0324 0.0206 0.4243 0.0181 
      H150.6  1 0.0218 0.0123 0.0057 0.8077 0.0395 0.0178 0.0638 0.0314 
      H150.7  1 0.0165 0.0122 0.0110 0.0080 0.0074 0.0081 0.9304 0.0065 
   H169607.1  1 0.0903 0.0717 0.0461 0.0377 0.4782 0.0408 0.1393 0.0958 
   H169607.2  1 0.0174 0.0066 0.0620 0.0161 0.2490 0.0379 0.5975 0.0135 
   H169607.3  1 0.0324 0.0434 0.0669 0.1325 0.1598 0.0337 0.2825 0.2487 
   H169607.4  1 0.0107 0.0089 0.0130 0.0164 0.1433 0.0867 0.7040 0.0171 
   H169607.5  1 0.0164 0.0118 0.0747 0.0432 0.1061 0.0481 0.6849 0.0148 
   H169607.6  1 0.0105 0.0062 0.0443 0.0224 0.2160 0.0294 0.6452 0.0261 
   H169607.7  1 0.0219 0.0109 0.0742 0.0303 0.7243 0.0202 0.1002 0.0180 
   H169607.8  1 0.0110 0.0075 0.0419 0.0087 0.1498 0.0407 0.7068 0.0336 
   H169633.1  1 0.1020 0.1931 0.0205 0.0389 0.0221 0.5360 0.0362 0.0511 
   H169633.2  1 0.0902 0.0433 0.0541 0.0188 0.0485 0.6514 0.0107 0.0828 
   H169633.3  1 0.0603 0.0209 0.0426 0.0435 0.0170 0.7938 0.0077 0.0142 
   H169633.4  1 0.0239 0.0952 0.0121 0.0372 0.0128 0.7917 0.0170 0.0101 
   H169633.5  1 0.0191 0.1066 0.0097 0.0386 0.0167 0.7766 0.0206 0.0120 
   H169688.1  1 0.0093 0.0182 0.0133 0.0059 0.1625 0.0231 0.0156 0.7521 
   H169688.2  1 0.0092 0.0403 0.0168 0.0260 0.2474 0.0136 0.0270 0.6198 
   H169688.3  1 0.0207 0.0277 0.0083 0.0138 0.6219 0.0223 0.0207 0.2646 
   H169688.4  1 0.0102 0.0462 0.0182 0.0694 0.1411 0.0175 0.6201 0.0772 
   H169688.5  1 0.0109 0.0447 0.0158 0.0698 0.1313 0.0159 0.6516 0.0600 
   H169688.6  1 0.0133 0.1643 0.0169 0.0205 0.4699 0.0179 0.0528 0.2445 
   H169688.7  1 0.0219 0.0553 0.0129 0.0185 0.7089 0.0216 0.0571 0.1038 
   H171901.1  1 0.2445 0.0959 0.0175 0.0552 0.0427 0.0319 0.1571 0.3551 
   H171901.2  1 0.0163 0.0166 0.0122 0.0269 0.0162 0.8519 0.0489 0.0110 
   H171901.3  1 0.0248 0.0131 0.0159 0.0429 0.0505 0.6911 0.0674 0.0943 
   H171901.4  1 0.0087 0.0099 0.0125 0.0232 0.0195 0.8870 0.0196 0.0196 
   H171901.5  1 0.0090 0.0086 0.0096 0.0218 0.0437 0.8779 0.0154 0.0140 
   H171901.6  1 0.0139 0.0092 0.0132 0.0201 0.0622 0.8361 0.0316 0.0136 
   H171901.7  1 0.0129 0.0146 0.0280 0.0439 0.2014 0.6609 0.0162 0.0221 
   H171902.1  1 0.0106 0.3072 0.0235 0.0181 0.4097 0.0924 0.1159 0.0227 
  H171902.10  1 0.0110 0.0468 0.0079 0.0154 0.7505 0.1220 0.0311 0.0153 
   H171902.2  1 0.0185 0.0955 0.1258 0.0446 0.2759 0.0557 0.0782 0.3059 
   H171902.3  1 0.0138 0.0155 0.0121 0.0179 0.7657 0.1060 0.0516 0.0174 
   H171902.4  1 0.0185 0.3719 0.0145 0.0258 0.1551 0.2594 0.1382 0.0166 
   H171902.6  1 0.0169 0.0482 0.0109 0.0109 0.6706 0.1692 0.0618 0.0115 
   H171902.7  1 0.0116 0.2770 0.0102 0.0179 0.3363 0.2239 0.1120 0.0110 
   H171902.8  1 0.0186 0.0539 0.0124 0.0172 0.6913 0.1525 0.0370 0.0172 
   H171902.9  1 0.0227 0.1872 0.0188 0.0163 0.0929 0.1020 0.5425 0.0177 
   H171903.1  1 0.0097 0.0057 0.0293 0.0206 0.0219 0.0481 0.8538 0.0109 
   H171903.2  1 0.0114 0.0144 0.1307 0.0526 0.0529 0.0548 0.6659 0.0172 
   H171903.3  1 0.0270 0.0265 0.0785 0.1934 0.0569 0.4370 0.1586 0.0221 
   H171903.4  1 0.0355 0.0229 0.0174 0.0695 0.0712 0.0357 0.4440 0.3038 
   H171903.5  1 0.0134 0.0179 0.0760 0.2274 0.2072 0.2194 0.2083 0.0304 
   H171903.6  1 0.0079 0.0090 0.0181 0.0871 0.3171 0.0663 0.4741 0.0204 
      H177.1  1 0.0090 0.0239 0.0112 0.0139 0.1034 0.6008 0.0234 0.2144 
      H177.2  1 0.0141 0.1255 0.1278 0.0575 0.3312 0.2525 0.0610 0.0304 
      H177.3  1 0.0126 0.0988 0.0189 0.0395 0.3323 0.4355 0.0472 0.0153 
      H177.4  1 0.0091 0.0356 0.0200 0.0469 0.1445 0.5280 0.0153 0.2006 
      H177.5  1 0.0127 0.0116 0.0272 0.0673 0.0359 0.0516 0.0320 0.7617 
      H177.6  1 0.0121 0.0878 0.0200 0.0375 0.1874 0.6017 0.0398 0.0137 
      H179.1  1 0.0417 0.0058 0.0261 0.0255 0.8122 0.0211 0.0206 0.0471 
      H179.2  1 0.0220 0.0059 0.0332 0.0376 0.8487 0.0175 0.0129 0.0223 
      H179.3  1 0.0203 0.0070 0.0918 0.0252 0.6956 0.0112 0.0449 0.1039 
      H179.4  1 0.0142 0.0096 0.0492 0.0181 0.6145 0.2489 0.0119 0.0336 
      H180.1  1 0.0103 0.0176 0.0083 0.8516 0.0290 0.0248 0.0344 0.0239 
      H180.2  1 0.0186 0.0231 0.0106 0.7156 0.0143 0.0390 0.1221 0.0567 
      H180.3  1 0.0173 0.0189 0.0704 0.3818 0.0098 0.0374 0.4511 0.0133 
      H180.4  1 0.0273 0.0236 0.0202 0.8504 0.0229 0.0170 0.0119 0.0267 
      H180.5  1 0.0092 0.0361 0.0301 0.8142 0.0234 0.0133 0.0372 0.0366 
      H180.6  1 0.0200 0.0715 0.6279 0.1141 0.0232 0.0391 0.0905 0.0138 
      H181.1  1 0.0106 0.0667 0.0143 0.2050 0.0955 0.3604 0.0425 0.2051 
      H181.2  1 0.0166 0.0838 0.0154 0.1062 0.1719 0.3569 0.0179 0.2312 
      H181.3  1 0.0090 0.0586 0.0089 0.0234 0.0976 0.1164 0.0132 0.6729 
      H181.4  1 0.0209 0.0117 0.0257 0.3127 0.0692 0.3239 0.0906 0.1453 
      H181.5  1 0.0217 0.0204 0.0125 0.0208 0.0509 0.0457 0.0088 0.8192 
      H181.6  1 0.0371 0.0180 0.0352 0.1859 0.2750 0.2525 0.0424 0.1540 
      H181.7  1 0.0131 0.0260 0.0341 0.0282 0.7004 0.0686 0.0192 0.1103 
 H194.1_2004  1 0.0537 0.0438 0.1241 0.0685 0.0183 0.3315 0.3334 0.0267 
 H194.2_2004  1 0.0386 0.1025 0.0137 0.1032 0.0157 0.3046 0.1081 0.3136 
 H194.3_2004  1 0.0180 0.0153 0.0215 0.0074 0.0175 0.8951 0.0132 0.0120 
 H194.4_2004  1 0.0183 0.2479 0.0164 0.0109 0.0153 0.3801 0.0394 0.2719 
 H194.5_2004  1 0.0173 0.0108 0.0354 0.0135 0.0110 0.8601 0.0368 0.0152 
 H194.6_2004  1 0.0216 0.0200 0.0192 0.0107 0.0262 0.6994 0.0229 0.1800 
 H194.7_2004  1 0.1055 0.0462 0.4028 0.0383 0.0150 0.1294 0.1188 0.1440 
 H194.8_2004  1 0.0306 0.0574 0.0269 0.0159 0.0247 0.4105 0.0320 0.4019 
      H194.9  1 0.1144 0.0707 0.3819 0.0214 0.0129 0.1695 0.1304 0.0988 
 H195.1_2003  1 0.0378 0.0086 0.0117 0.0137 0.0359 0.8217 0.0365 0.0342 
 H195.1_2004  1 0.0132 0.8477 0.0092 0.0287 0.0362 0.0266 0.0184 0.0200 
 H195.2_2003  1 0.0138 0.0313 0.1076 0.0394 0.0646 0.2418 0.4311 0.0704 
 H195.2_2004  1 0.0167 0.7826 0.0395 0.0201 0.0250 0.0559 0.0147 0.0456 
 H195.3_2003  1 0.0301 0.0128 0.0552 0.0312 0.0620 0.1172 0.6376 0.0540 
 H195.3_2004  1 0.0304 0.2430 0.0083 0.0151 0.0170 0.6404 0.0243 0.0215 
 H195.4_2003  1 0.0725 0.0119 0.0107 0.0345 0.0258 0.7929 0.0390 0.0128 
 H195.4_2004  1 0.0210 0.6575 0.0576 0.0141 0.0437 0.0304 0.0199 0.1559 
 H195.5_2003  1 0.0693 0.0100 0.0134 0.0364 0.0417 0.6952 0.0594 0.0745 
 H195.5_2004  1 0.0317 0.8243 0.0114 0.0125 0.0177 0.0416 0.0326 0.0282 
 H195.6_2003  1 0.0293 0.0320 0.0239 0.0814 0.0318 0.2061 0.5343 0.0612 
 H195.6_2004  1 0.0678 0.5969 0.0194 0.0090 0.0447 0.1922 0.0359 0.0340 
 H195.7_2003  1 0.0313 0.0222 0.0476 0.0328 0.3759 0.1033 0.0177 0.3694 
 H195.7_2004  1 0.0100 0.9290 0.0066 0.0132 0.0108 0.0106 0.0111 0.0088 
      H195.8  1 0.0214 0.8511 0.0156 0.0190 0.0155 0.0115 0.0227 0.0431 
      H195.9  1 0.0288 0.3741 0.1074 0.0240 0.1088 0.2161 0.0585 0.0823 
      H415.1  1 0.0941 0.1287 0.0925 0.0228 0.0249 0.5411 0.0708 0.0252 
      H415.2  1 0.0205 0.0324 0.0108 0.0201 0.0304 0.8192 0.0561 0.0105 
      H415.3  1 0.0687 0.0107 0.0155 0.0334 0.0421 0.8128 0.0077 0.0092 
      H415.4  1 0.0629 0.0227 0.0491 0.0261 0.0091 0.7799 0.0358 0.0144 
      H415.5  1 0.0235 0.0094 0.0095 0.0203 0.0125 0.9103 0.0069 0.0076 
      H415.6  1 0.0566 0.0256 0.0462 0.0289 0.0079 0.7752 0.0453 0.0143 
      H415.7  1 0.0254 0.0239 0.0148 0.0347 0.1540 0.7212 0.0159 0.0102 
      H506.1  1 0.0298 0.0408 0.0267 0.0152 0.4214 0.4315 0.0089 0.0256 
      H506.2  1 0.0132 0.0235 0.0144 0.0111 0.3852 0.5286 0.0100 0.0140 
      H506.3  1 0.0218 0.2389 0.0362 0.0416 0.4325 0.1382 0.0084 0.0824 
      H506.4  1 0.0276 0.1238 0.0310 0.0404 0.5762 0.1423 0.0150 0.0438 
      H506.5  1 0.0121 0.0337 0.0192 0.0135 0.2954 0.5840 0.0117 0.0304 
      H506.6  1 0.0130 0.1183 0.0232 0.0454 0.6404 0.0582 0.0394 0.0620 
      H506.7  1 0.0161 0.0289 0.0326 0.0119 0.2869 0.5799 0.0080 0.0357 
      H533.1  1 0.0106 0.0238 0.0120 0.0163 0.8296 0.0829 0.0066 0.0181 
      H533.2  1 0.0105 0.0549 0.0112 0.0140 0.6994 0.1913 0.0086 0.0100 
      H533.3  1 0.0125 0.0132 0.0186 0.0220 0.8230 0.0847 0.0134 0.0127 
      H533.4  1 0.0151 0.0376 0.0096 0.0218 0.7100 0.1626 0.0258 0.0176 
      H535.1  1 0.0090 0.0076 0.0147 0.0121 0.0307 0.8873 0.0238 0.0147 
      H535.2  1 0.0114 0.0195 0.1158 0.0213 0.1165 0.5974 0.0104 0.1077 
      H535.3  1 0.0101 0.0299 0.1232 0.0425 0.0768 0.5600 0.0324 0.1251 
      H535.4  1 0.0077 0.0077 0.0075 0.0089 0.0074 0.9444 0.0067 0.0097 
      H535.5  1 0.0094 0.0071 0.0076 0.0079 0.0176 0.9274 0.0093 0.0137 
      H535.6  1 0.0254 0.0165 0.0409 0.0287 0.1127 0.5723 0.0590 0.1446 
      H535.7  1 0.0076 0.0081 0.0183 0.0107 0.0181 0.9086 0.0137 0.0148 
      H535.8  1 0.0076 0.0139 0.0429 0.0098 0.0263 0.7934 0.0142 0.0919 
      H535.9  1 0.0111 0.0141 0.0204 0.0185 0.0230 0.8652 0.0343 0.0134 
      H539.1  1 0.0069 0.0080 0.0084 0.0047 0.0047 0.0058 0.9566 0.0049 
      H539.2  1 0.0285 0.0242 0.0459 0.0764 0.2952 0.0587 0.3810 0.0902 
      H539.3  1 0.0124 0.0276 0.0240 0.0072 0.0085 0.0098 0.8977 0.0128 
      H539.4  1 0.0090 0.0317 0.0221 0.0216 0.0173 0.0110 0.8748 0.0126 
      H539.5  1 0.0066 0.0097 0.0149 0.0062 0.0066 0.0058 0.9442 0.0060 
      H539.6  1 0.0095 0.0083 0.0192 0.0073 0.0082 0.0065 0.9325 0.0085 
      H539.7  1 0.0089 0.0067 0.0079 0.0081 0.0094 0.0079 0.9446 0.0064 
      H539.8  1 0.0403 0.0554 0.0174 0.0246 0.0190 0.0157 0.7967 0.0309 
      H539.9  1 0.0069 0.0128 0.0186 0.0087 0.0060 0.0057 0.9357 0.0057 
      H540.1  1 0.0073 0.0149 0.0109 0.0130 0.0171 0.0126 0.9163 0.0079 
      H540.2  1 0.0116 0.0057 0.0077 0.0077 0.0089 0.0102 0.9416 0.0065 
      H540.3  1 0.0655 0.2299 0.0077 0.0423 0.0388 0.0665 0.4728 0.0764 
      H540.4  1 0.0261 0.0066 0.0071 0.0293 0.0410 0.0190 0.8617 0.0093 
      H540.5  1 0.0082 0.0206 0.0145 0.0103 0.0155 0.0160 0.9022 0.0128 
      H540.6  1 0.0114 0.0180 0.0261 0.0145 0.0429 0.0239 0.8326 0.0307 
      H540.7  1 0.0127 0.0055 0.0189 0.0210 0.0162 0.0211 0.8958 0.0088 
      H540.8  1 0.0139 0.0075 0.0089 0.0452 0.0291 0.1177 0.7692 0.0085 
     H9558.1  1 0.0084 0.0077 0.0053 0.0057 0.0110 0.0075 0.9476 0.0067 
     H9558.2  1 0.0106 0.0097 0.0147 0.0071 0.0109 0.0081 0.9288 0.0101 
     H9558.3  1 0.0112 0.0132 0.0138 0.0080 0.0057 0.0099 0.9309 0.0071 
     H9558.4  1 0.0059 0.0074 0.0072 0.0117 0.0220 0.0086 0.9293 0.0079 
     H9558.5  1 0.0162 0.0179 0.0082 0.0297 0.0272 0.0162 0.8737 0.0108 
     H9558.6  1 0.0222 0.0104 0.0878 0.0285 0.0085 0.0142 0.8128 0.0156 
    kos339.1  1 0.0117 0.0099 0.0297 0.0133 0.0287 0.8855 0.0103 0.0108 
    kos339.2  1 0.0274 0.0226 0.0310 0.0122 0.0122 0.8792 0.0058 0.0095 
    kos339.3  1 0.0090 0.0063 0.0083 0.0099 0.0122 0.9400 0.0085 0.0059 
    kos339.4  1 0.0104 0.0120 0.0162 0.0137 0.0126 0.9182 0.0084 0.0084 
    kos339.5  1 0.0089 0.0045 0.0195 0.0114 0.0151 0.9239 0.0085 0.0083 
    kos339.6  1 0.0130 0.0186 0.0094 0.0118 0.0088 0.9239 0.0068 0.0078 
    kos339.7  1 0.0060 0.0077 0.0100 0.0077 0.0094 0.9474 0.0061 0.0057 
    kos339.8  1 0.0099 0.0090 0.0084 0.0138 0.0103 0.9342 0.0057 0.0086 
    kos339.9  1 0.0156 0.0084 0.0145 0.0083 0.0136 0.9173 0.0162 0.0061 
      H008.1  2 0.0132 0.0095 0.9104 0.0095 0.0115 0.0083 0.0272 0.0104 
      H008.2  2 0.0289 0.1131 0.2609 0.0246 0.2528 0.0513 0.2205 0.0479 
      H008.3  2 0.0542 0.1327 0.1451 0.0460 0.2981 0.0321 0.1327 0.1591 
      H008.4  2 0.0441 0.0352 0.8354 0.0076 0.0116 0.0229 0.0270 0.0163 
      H008.5  2 0.0187 0.0206 0.8513 0.0160 0.0215 0.0171 0.0199 0.0348 
      H008.6  2 0.0281 0.1245 0.6178 0.0192 0.0494 0.0436 0.1017 0.0156 
      H008.7  2 0.0556 0.1035 0.6082 0.0201 0.0417 0.0512 0.0473 0.0722 
      H008.8  2 0.0224 0.0197 0.2416 0.0122 0.1097 0.0267 0.5395 0.0281 
      H008.9  2 0.0347 0.6152 0.0535 0.0240 0.0603 0.0387 0.1492 0.0243 
 H029.1_2002  2 0.0192 0.0121 0.8955 0.0083 0.0083 0.0127 0.0197 0.0244 
 H029.1_2003  2 0.0192 0.0210 0.7354 0.0168 0.0570 0.0333 0.0270 0.0903 
 H029.2_2002  2 0.0067 0.0507 0.7782 0.0109 0.0143 0.0705 0.0088 0.0600 
 H029.2_2003  2 0.0073 0.0867 0.6645 0.0167 0.0628 0.0608 0.0193 0.0820 
 H029.3_2002  2 0.0114 0.3027 0.3927 0.0215 0.0469 0.0362 0.0150 0.1737 
 H029.3_2003  2 0.0143 0.0099 0.9097 0.0091 0.0162 0.0103 0.0061 0.0245 
 H029.4_2002  2 0.0138 0.0199 0.9163 0.0078 0.0102 0.0055 0.0049 0.0216 
 H029.4_2003  2 0.0309 0.0312 0.7042 0.0193 0.0624 0.0153 0.0392 0.0975 
 H029.5_2002  2 0.0126 0.0084 0.9295 0.0062 0.0067 0.0079 0.0060 0.0227 
 H029.5_2003  2 0.0130 0.0118 0.9046 0.0063 0.0151 0.0077 0.0111 0.0304 
 H029.6_2002  2 0.0094 0.0509 0.6794 0.0078 0.0129 0.0074 0.0065 0.2258 
 H029.6_2003  2 0.0395 0.0189 0.6993 0.0235 0.1158 0.0604 0.0141 0.0286 
      H029.7  2 0.0090 0.0610 0.8548 0.0070 0.0102 0.0212 0.0103 0.0265 
      H030.1  2 0.0128 0.0080 0.0375 0.7949 0.0140 0.0247 0.0098 0.0982 
      H030.2  2 0.1013 0.0928 0.0974 0.5687 0.0139 0.0167 0.0099 0.0993 
      H038.1  2 0.0080 0.0398 0.9112 0.0056 0.0057 0.0067 0.0120 0.0110 
      H038.2  2 0.0071 0.0084 0.9345 0.0138 0.0077 0.0148 0.0051 0.0087 
      H038.3  2 0.0140 0.0349 0.8594 0.0457 0.0119 0.0169 0.0107 0.0065 
      H038.4  2 0.0198 0.0345 0.8884 0.0184 0.0085 0.0130 0.0084 0.0089 
      H038.5  2 0.0089 0.0342 0.8905 0.0187 0.0163 0.0093 0.0093 0.0127 
      H038.6  2 0.0051 0.0104 0.9399 0.0084 0.0093 0.0074 0.0108 0.0085 
      H038.7  2 0.0049 0.0091 0.9349 0.0164 0.0099 0.0103 0.0083 0.0061 
      H038.8  2 0.0128 0.1236 0.7537 0.0698 0.0079 0.0120 0.0092 0.0110 
      H041.1  2 0.2801 0.0430 0.4201 0.0323 0.0137 0.0241 0.0185 0.1683 
      H041.2  2 0.5071 0.0180 0.3478 0.0112 0.0095 0.0303 0.0090 0.0670 
      H041.4  2 0.0485 0.0570 0.7623 0.0133 0.0134 0.0174 0.0283 0.0598 
      H041.6  2 0.0673 0.0262 0.7492 0.0189 0.0146 0.0165 0.0584 0.0489 
 H042.1_2002  2 0.1064 0.0251 0.0181 0.0280 0.0304 0.0425 0.1104 0.6391 
 H042.1_2003  2 0.2727 0.1476 0.1821 0.0527 0.0728 0.1387 0.0983 0.0351 
 H042.2_2002  2 0.0892 0.0413 0.5748 0.0173 0.0771 0.0195 0.0198 0.1610 
 H042.2_2003  2 0.5432 0.0092 0.2706 0.0163 0.0205 0.0621 0.0513 0.0268 
 H042.3_2002  2 0.3744 0.0458 0.0236 0.0253 0.0917 0.0244 0.0736 0.3412 
 H042.3_2003  2 0.4720 0.0904 0.1305 0.0569 0.0635 0.0171 0.0919 0.0778 
 H042.4_2002  2 0.1329 0.0243 0.0425 0.0292 0.0223 0.0316 0.0246 0.6926 
 H042.4_2003  2 0.0321 0.0080 0.1053 0.0281 0.0123 0.0218 0.0590 0.7334 
      H042.5  2 0.0135 0.0040 0.0126 0.0115 0.0109 0.0106 0.0161 0.9208 
      H042.6  2 0.0121 0.0108 0.0273 0.0141 0.0162 0.0109 0.0631 0.8455 
      H042.7  2 0.4739 0.0108 0.0527 0.0250 0.0167 0.0256 0.0335 0.3619 
      H042.8  2 0.2720 0.0425 0.0494 0.0104 0.0251 0.0146 0.0272 0.5588 
   H042_2002  2 0.0702 0.0285 0.1765 0.0176 0.0295 0.0244 0.6329 0.0205 
   H042_2003  2 0.0806 0.0257 0.1615 0.0185 0.0214 0.0350 0.6366 0.0207 
      H043.1  2 0.0120 0.1098 0.0361 0.1016 0.0301 0.0336 0.6565 0.0204 
      H043.2  2 0.0106 0.1195 0.0620 0.0081 0.0295 0.0191 0.7397 0.0115 
      H043.3  2 0.0155 0.0257 0.6050 0.0234 0.0313 0.0348 0.2534 0.0108 
      H043.4  2 0.0113 0.0592 0.0861 0.0154 0.0097 0.0225 0.7861 0.0095 
      H043.5  2 0.0200 0.3439 0.3072 0.0146 0.0375 0.0242 0.2380 0.0146 
      H043.6  2 0.0217 0.1952 0.3975 0.0173 0.0225 0.0250 0.3071 0.0137 
      H043.7  2 0.0177 0.0304 0.0319 0.0198 0.0098 0.0116 0.8731 0.0056 
      H043.8  2 0.0328 0.0453 0.1063 0.0787 0.1598 0.0698 0.4874 0.0199 
      H043.9  2 0.0138 0.0365 0.1447 0.0521 0.0300 0.0283 0.6718 0.0229 
      H047.1  2 0.0118 0.0105 0.7435 0.0350 0.0087 0.0762 0.1077 0.0067 
      H047.2  2 0.0264 0.0089 0.7515 0.0313 0.0358 0.0826 0.0227 0.0409 
      H047.3  2 0.1224 0.0081 0.6441 0.0324 0.0345 0.0934 0.0291 0.0359 
      H047.4  2 0.0613 0.0057 0.7873 0.0256 0.0136 0.0716 0.0165 0.0185 
      H047.5  2 0.1652 0.0057 0.6568 0.0286 0.0165 0.0685 0.0508 0.0079 
      H047.6  2 0.1639 0.0211 0.4191 0.0448 0.0170 0.2382 0.0570 0.0388 
      H047.7  2 0.0386 0.0119 0.7867 0.0290 0.0097 0.0459 0.0678 0.0104 
      H047.8  2 0.1103 0.0169 0.4758 0.0319 0.0310 0.2077 0.1060 0.0204 
      H047.9  2 0.0428 0.0062 0.6884 0.0280 0.0108 0.1549 0.0583 0.0105 
 H071.1_2002  2 0.0098 0.0060 0.9336 0.0076 0.0087 0.0105 0.0163 0.0076 
 H071.1_2003  2 0.0124 0.0137 0.7927 0.0212 0.0095 0.0287 0.1133 0.0087 
     H071.10  2 0.0092 0.0091 0.9162 0.0288 0.0127 0.0068 0.0072 0.0101 
 H071.2_2002  2 0.0092 0.0095 0.9245 0.0076 0.0118 0.0137 0.0171 0.0067 
 H071.2_2003  2 0.0058 0.0044 0.9581 0.0046 0.0054 0.0075 0.0085 0.0057 
      H071.3  2 0.0158 0.0143 0.9128 0.0214 0.0115 0.0088 0.0071 0.0082 
 H071.4_2002  2 0.0095 0.0172 0.9028 0.0215 0.0165 0.0115 0.0108 0.0103 
 H071.4_2003  2 0.0054 0.0044 0.9535 0.0094 0.0083 0.0067 0.0064 0.0059 
 H071.5_2002  2 0.0067 0.0057 0.9497 0.0091 0.0062 0.0061 0.0079 0.0087 
 H071.5_2003  2 0.0085 0.0057 0.9251 0.0214 0.0130 0.0082 0.0130 0.0051 
 H071.6_2002  2 0.0077 0.0095 0.9378 0.0107 0.0141 0.0058 0.0088 0.0056 
 H071.6_2003  2 0.0078 0.0045 0.9421 0.0173 0.0077 0.0074 0.0081 0.0051 
 H071.7_2002  2 0.0053 0.0045 0.9589 0.0053 0.0068 0.0065 0.0082 0.0045 
 H071.7_2003  2 0.0081 0.0083 0.9078 0.0258 0.0118 0.0116 0.0194 0.0073 
      H071.8  2 0.0101 0.0106 0.9421 0.0051 0.0076 0.0075 0.0107 0.0063 
      H071.9  2 0.0256 0.0141 0.8248 0.0437 0.0367 0.0101 0.0242 0.0208 
 H081.1_2002  2 0.0075 0.0061 0.9447 0.0059 0.0070 0.0070 0.0124 0.0094 
 H081.1_2003  2 0.0389 0.3843 0.1256 0.0616 0.0516 0.0802 0.1067 0.1512 
 H081.2_2002  2 0.0076 0.0074 0.9349 0.0058 0.0055 0.0098 0.0225 0.0065 
 H081.2_2003  2 0.0112 0.0209 0.0483 0.6504 0.0349 0.0131 0.1619 0.0591 
 H081.3_2002  2 0.0094 0.0131 0.9186 0.0128 0.0087 0.0114 0.0161 0.0097 
 H081.3_2003  2 0.0177 0.0392 0.0314 0.2599 0.0705 0.0430 0.4750 0.0632 
 H081.4_2002  2 0.0068 0.0053 0.9432 0.0104 0.0086 0.0082 0.0079 0.0096 
 H081.4_2003  2 0.0414 0.0433 0.0626 0.2452 0.0822 0.0712 0.3022 0.1517 
 H081.5_2002  2 0.0078 0.0074 0.9367 0.0107 0.0091 0.0109 0.0103 0.0071 
 H081.5_2003  2 0.0837 0.0581 0.1728 0.1014 0.0468 0.1180 0.3197 0.0996 
      H081.6  2 0.0081 0.0072 0.9399 0.0064 0.0076 0.0084 0.0154 0.0070 
      H081.7  2 0.0099 0.0079 0.9276 0.0118 0.0077 0.0075 0.0161 0.0114 
      H081.8  2 0.0159 0.0340 0.8506 0.0289 0.0151 0.0125 0.0120 0.0311 
      H083.1  2 0.0069 0.0079 0.9222 0.0105 0.0109 0.0116 0.0085 0.0215 
      H083.2  2 0.0089 0.0093 0.9036 0.0097 0.0086 0.0165 0.0227 0.0206 
      H083.4  2 0.0098 0.0191 0.8845 0.0121 0.0169 0.0077 0.0114 0.0385 
      H083.5  2 0.0077 0.0193 0.8976 0.0081 0.0082 0.0117 0.0108 0.0367 
      H083.6  2 0.0105 0.0190 0.8723 0.0077 0.0242 0.0107 0.0064 0.0491 
      H083.7  2 0.0134 0.0244 0.8664 0.0098 0.0120 0.0086 0.0143 0.0511 
      H083.8  2 0.0080 0.0083 0.9203 0.0094 0.0099 0.0165 0.0139 0.0137 
      H083.9  2 0.0094 0.0108 0.9073 0.0074 0.0075 0.0121 0.0077 0.0377 
      H084.1  2 0.0163 0.0775 0.0121 0.8299 0.0146 0.0130 0.0121 0.0244 
      H084.2  2 0.0078 0.1060 0.0253 0.7694 0.0327 0.0131 0.0155 0.0303 
      H084.3  2 0.1595 0.3372 0.0108 0.3285 0.0252 0.0796 0.0119 0.0474 
      H084.4  2 0.0915 0.3790 0.0217 0.3450 0.0362 0.0806 0.0118 0.0342 
      H084.5  2 0.0939 0.0401 0.0118 0.7907 0.0129 0.0236 0.0110 0.0161 
      H084.6  2 0.1468 0.2928 0.0111 0.4325 0.0118 0.0637 0.0113 0.0302 
      H084.7  2 0.0156 0.0358 0.0177 0.8520 0.0240 0.0110 0.0126 0.0312 
      H084.8  2 0.0834 0.1154 0.0098 0.7433 0.0096 0.0145 0.0092 0.0148 
 H085.1_2002  2 0.0098 0.0596 0.2981 0.0125 0.0122 0.0205 0.2407 0.3466 
 H085.1_2003  2 0.0447 0.0323 0.5122 0.0337 0.0180 0.0071 0.0180 0.3340 
 H085.2_2002  2 0.0205 0.5472 0.0323 0.0301 0.0245 0.0199 0.0832 0.2421 
 H085.2_2003  2 0.0159 0.0138 0.7208 0.0233 0.0225 0.0131 0.0140 0.1766 
 H085.3_2002  2 0.0521 0.0173 0.0945 0.0512 0.0112 0.0206 0.4013 0.3517 
 H085.3_2003  2 0.0284 0.0079 0.8450 0.0544 0.0151 0.0070 0.0178 0.0243 
 H085.4_2002  2 0.0243 0.1958 0.3106 0.0203 0.0243 0.0156 0.2516 0.1574 
 H085.4_2003  2 0.0478 0.0106 0.8480 0.0208 0.0066 0.0168 0.0174 0.0320 
 H085.5_2002  2 0.0613 0.0159 0.1363 0.0310 0.0088 0.0145 0.6764 0.0559 
 H085.5_2003  2 0.0125 0.0089 0.8101 0.0227 0.0162 0.0068 0.0116 0.1113 
 H085.6_2002  2 0.0241 0.0472 0.0930 0.0382 0.0124 0.0229 0.2815 0.4806 
 H085.6_2003  2 0.3704 0.0136 0.3524 0.0877 0.0149 0.0246 0.0995 0.0369 
 H085.7_2002  2 0.0210 0.0627 0.2205 0.0554 0.0182 0.0430 0.2309 0.3482 
 H085.7_2003  2 0.0455 0.0119 0.8087 0.0394 0.0168 0.0134 0.0168 0.0475 
 H085.8_2002  2 0.1101 0.1207 0.1200 0.1549 0.0240 0.0233 0.3962 0.0509 
 H085.8_2003  2 0.0791 0.0190 0.2431 0.0417 0.0172 0.0187 0.0247 0.5565 
      H085.9  2 0.0248 0.1220 0.2911 0.0181 0.0090 0.0205 0.3752 0.1394 
      H088.1  2 0.0176 0.0116 0.0159 0.0110 0.0356 0.0201 0.0308 0.8574 
      H088.2  2 0.0099 0.0062 0.0138 0.0177 0.0182 0.0283 0.0126 0.8931 
      H088.3  2 0.0121 0.0066 0.0104 0.0110 0.0164 0.0141 0.0144 0.9150 
      H088.4  2 0.0210 0.0084 0.0440 0.0304 0.0417 0.0222 0.0201 0.8123 
      H088.5  2 0.0104 0.0064 0.0100 0.0108 0.0132 0.0095 0.0142 0.9254 
      H088.6  2 0.0267 0.0083 0.0255 0.0179 0.0250 0.0217 0.0132 0.8617 
      H088.7  2 0.0576 0.0098 0.2600 0.0235 0.0219 0.0347 0.0120 0.5806 
      H088.8  2 0.0840 0.0183 0.2744 0.0440 0.0748 0.0337 0.0197 0.4511 
      H091.1  2 0.0348 0.0095 0.0155 0.0256 0.0113 0.0102 0.0095 0.8836 
      H091.2  2 0.0714 0.0069 0.0429 0.0148 0.0199 0.0172 0.0118 0.8153 
      H109.1  2 0.1261 0.0339 0.0529 0.4149 0.1901 0.0224 0.1178 0.0418 
      H109.2  2 0.0497 0.0127 0.0890 0.7547 0.0264 0.0133 0.0296 0.0246 
      H109.3  2 0.0838 0.0269 0.1384 0.3507 0.1743 0.1825 0.0185 0.0250 
      H109.4  2 0.0892 0.0382 0.0474 0.5611 0.1723 0.0150 0.0592 0.0177 
      H109.5  2 0.2763 0.0065 0.4692 0.0522 0.0356 0.1196 0.0184 0.0222 
      H109.6  2 0.0509 0.0255 0.0637 0.6379 0.0739 0.0639 0.0707 0.0135 
      H126.1  2 0.0467 0.0130 0.0159 0.0122 0.0554 0.0248 0.8149 0.0171 
      H126.2  2 0.0133 0.0386 0.6412 0.0317 0.0249 0.0151 0.2199 0.0153 
      H126.3  2 0.0430 0.0231 0.7636 0.0070 0.0786 0.0213 0.0481 0.0153 
      H126.4  2 0.0204 0.0191 0.0552 0.0142 0.0739 0.0149 0.7856 0.0167 
      H126.5  2 0.0200 0.0070 0.2500 0.0100 0.0478 0.0636 0.5898 0.0118 
      H126.6  2 0.0090 0.0076 0.8780 0.0066 0.0112 0.0282 0.0435 0.0158 
      H126.7  2 0.0065 0.0056 0.9249 0.0097 0.0130 0.0083 0.0181 0.0139 
      H130.1  2 0.0221 0.0141 0.0168 0.1021 0.0990 0.0796 0.5607 0.1058 
      H130.2  2 0.0167 0.0139 0.0522 0.6906 0.0896 0.0163 0.0287 0.0919 
      H130.3  2 0.0096 0.0066 0.0439 0.0872 0.7544 0.0402 0.0150 0.0431 
      H130.4  2 0.0221 0.0384 0.0152 0.1323 0.2849 0.0803 0.3424 0.0845 
      H130.5  2 0.0270 0.0120 0.1104 0.3409 0.0410 0.0428 0.1529 0.2731 
      H133.1  2 0.0374 0.1854 0.1158 0.2167 0.2488 0.0718 0.0654 0.0586 
      H133.2  2 0.0218 0.0093 0.0315 0.0917 0.0715 0.2559 0.4869 0.0315 
      H133.3  2 0.0632 0.1951 0.2274 0.1664 0.0647 0.1313 0.0339 0.1180 
      H133.4  2 0.0438 0.0543 0.0484 0.1450 0.1900 0.3976 0.1004 0.0206 
      H133.5  2 0.0092 0.0259 0.0121 0.0299 0.7798 0.0332 0.0636 0.0463 
      H133.6  2 0.0154 0.0156 0.0303 0.1077 0.1566 0.0429 0.4511 0.1804 
      H133.7  2 0.4912 0.1065 0.0596 0.1179 0.0237 0.1164 0.0610 0.0237 
      H133.8  2 0.0828 0.2172 0.0504 0.0772 0.3135 0.0649 0.1377 0.0564 
      H133.9  2 0.0296 0.1623 0.0656 0.1742 0.3650 0.0475 0.0528 0.1031 
      H147.1  2 0.3402 0.0392 0.4501 0.0356 0.0083 0.0166 0.0338 0.0763 
      H147.2  2 0.0128 0.0062 0.9325 0.0085 0.0057 0.0080 0.0145 0.0118 
      H147.3  2 0.0143 0.0086 0.9164 0.0153 0.0083 0.0088 0.0185 0.0099 
      H147.4  2 0.0164 0.0634 0.8650 0.0154 0.0062 0.0107 0.0115 0.0115 
      H147.5  2 0.0345 0.0116 0.7327 0.0485 0.0235 0.0140 0.0353 0.0999 
      H147.6  2 0.0510 0.0173 0.6365 0.0818 0.0378 0.0251 0.0274 0.1230 
      H147.7  2 0.0250 0.0585 0.8438 0.0294 0.0101 0.0102 0.0115 0.0115 
      H147.8  2 0.0348 0.0264 0.8334 0.0167 0.0121 0.0074 0.0068 0.0624 
      H147.9  2 0.0081 0.0068 0.9356 0.0113 0.0077 0.0069 0.0164 0.0072 
      H148.1  2 0.4247 0.0821 0.0300 0.1491 0.0989 0.0219 0.1229 0.0705 
      H148.2  2 0.7487 0.0647 0.0279 0.0313 0.0399 0.0195 0.0450 0.0231 
      H148.3  2 0.6638 0.1422 0.0320 0.0250 0.0109 0.0865 0.0229 0.0167 
      H148.4  2 0.6952 0.0612 0.0235 0.0169 0.0708 0.0629 0.0521 0.0173 
      H148.5  2 0.7978 0.0646 0.0168 0.0287 0.0225 0.0317 0.0207 0.0172 
      H148.6  2 0.6934 0.1554 0.0194 0.0228 0.0176 0.0158 0.0231 0.0525 
      H148.7  2 0.8351 0.0272 0.0110 0.0205 0.0649 0.0138 0.0169 0.0106 
      H148.8  2 0.8847 0.0298 0.0081 0.0079 0.0120 0.0225 0.0250 0.0100 
      H148.9  2 0.5219 0.2203 0.0107 0.0431 0.0512 0.0232 0.1063 0.0233 
   H166022.1  2 0.0195 0.0113 0.0148 0.0095 0.0068 0.0077 0.0072 0.9232 
   H166022.2  2 0.0315 0.0157 0.0467 0.0620 0.0194 0.0440 0.0124 0.7682 
   H166022.3  2 0.0106 0.0074 0.0063 0.0117 0.0136 0.0106 0.0068 0.9330 
   H166022.4  2 0.0096 0.0058 0.0078 0.0197 0.0238 0.0157 0.0060 0.9117 
   H166022.5  2 0.0104 0.0075 0.0140 0.0432 0.0178 0.0177 0.0056 0.8837 
   H166022.6  2 0.0153 0.0121 0.0076 0.0208 0.0098 0.0144 0.0151 0.9048 
   H166022.7  2 0.0077 0.0152 0.0121 0.0146 0.9213 0.0078 0.0138 0.0075 
   H166022.8  2 0.0375 0.0124 0.0196 0.0597 0.0123 0.0779 0.0329 0.7476 
   H167397.1  2 0.1041 0.6882 0.0658 0.0231 0.0139 0.0453 0.0207 0.0389 
   H167397.2  2 0.0360 0.8274 0.0199 0.0079 0.0182 0.0354 0.0261 0.0291 
   H167397.3  2 0.0711 0.7662 0.0461 0.0076 0.0109 0.0647 0.0105 0.0228 
   H167397.4  2 0.0334 0.8959 0.0164 0.0072 0.0116 0.0148 0.0093 0.0112 
   H167397.5  2 0.0381 0.7970 0.0208 0.0273 0.0345 0.0246 0.0279 0.0299 
   H167397.6  2 0.1972 0.6461 0.0495 0.0114 0.0152 0.0335 0.0158 0.0314 
   H167496.1  2 0.0715 0.0172 0.0343 0.1482 0.0777 0.2429 0.0157 0.3925 
   H167496.2  2 0.1042 0.0196 0.3126 0.2676 0.0866 0.1451 0.0281 0.0362 
   H167496.3  2 0.0548 0.0276 0.0644 0.0697 0.0391 0.0538 0.1210 0.5696 
   H167496.4  2 0.0097 0.0065 0.0227 0.0088 0.0116 0.0083 0.0091 0.9233 
   H167496.6  2 0.0169 0.0085 0.0817 0.0409 0.0463 0.0222 0.0198 0.7636 
   H167496.7  2 0.2701 0.0100 0.0265 0.2563 0.0709 0.2432 0.0373 0.0857 
   H167496.8  2 0.0320 0.0094 0.1088 0.0666 0.0180 0.0213 0.0195 0.7244 
   H167513.1  2 0.0520 0.0339 0.0335 0.5361 0.0527 0.1544 0.0709 0.0663 
   H167513.2  2 0.1638 0.0549 0.0250 0.4958 0.0245 0.0505 0.1525 0.0331 
   H167513.3  2 0.0110 0.0120 0.0124 0.8407 0.0639 0.0180 0.0189 0.0231 
   H167513.4  2 0.0999 0.0151 0.0177 0.4415 0.0467 0.0211 0.0253 0.3328 
   H167513.5  2 0.1152 0.0719 0.0393 0.5222 0.0163 0.0409 0.1433 0.0508 
   H167513.6  2 0.0285 0.0265 0.0347 0.4466 0.0174 0.2998 0.0804 0.0661 
   H167513.7  2 0.0136 0.0291 0.0364 0.7350 0.0267 0.0194 0.0289 0.1108 
   H167513.8  2 0.0099 0.0316 0.0117 0.8640 0.0343 0.0224 0.0171 0.0089 
   H167547.1  2 0.8182 0.0219 0.0067 0.0385 0.0158 0.0465 0.0308 0.0216 
   H167547.2  2 0.8660 0.0147 0.0072 0.0328 0.0088 0.0222 0.0126 0.0357 
   H167547.3  2 0.8920 0.0144 0.0069 0.0313 0.0087 0.0155 0.0112 0.0199 
   H167547.4  2 0.1690 0.1148 0.0091 0.0324 0.0371 0.0227 0.0745 0.5405 
   H167547.5  2 0.8780 0.0142 0.0117 0.0213 0.0093 0.0084 0.0152 0.0420 
   H167547.6  2 0.8628 0.0126 0.0105 0.0209 0.0095 0.0102 0.0182 0.0553 
   H167547.7  2 0.0951 0.0313 0.0285 0.1043 0.0545 0.4524 0.1940 0.0398 
   H169750.1  2 0.0235 0.0306 0.0459 0.3030 0.2689 0.1145 0.0693 0.1444 
   H169750.2  2 0.2904 0.0526 0.2200 0.1213 0.1165 0.0920 0.0885 0.0187 
   H169750.3  2 0.0296 0.0067 0.0861 0.4341 0.2518 0.0759 0.0633 0.0525 
   H169750.4  2 0.0520 0.0886 0.0536 0.0337 0.2659 0.4169 0.0623 0.0270 
   H169750.5  2 0.0238 0.0292 0.1336 0.1523 0.3921 0.0678 0.0522 0.1491 
   H169750.6  2 0.0356 0.0159 0.5373 0.1411 0.1644 0.0109 0.0596 0.0352 
   H169750.7  2 0.0623 0.0354 0.1480 0.1351 0.3069 0.1932 0.0875 0.0315 
   H171929.1  2 0.1203 0.5899 0.0332 0.0358 0.0169 0.0456 0.1220 0.0362 
  H171929.10  2 0.1965 0.0987 0.1167 0.2184 0.0107 0.0934 0.0623 0.2033 
  H171929.11  2 0.0885 0.3253 0.0327 0.1538 0.0135 0.0755 0.2728 0.0379 
   H171929.2  2 0.1590 0.0213 0.0211 0.5688 0.0225 0.0322 0.1281 0.0470 
   H171929.3  2 0.3131 0.1230 0.0339 0.3533 0.0189 0.0387 0.0713 0.0477 
   H171929.4  2 0.0621 0.0125 0.0692 0.3342 0.0339 0.0689 0.1612 0.2581 
   H171929.5  2 0.2583 0.0409 0.0208 0.5163 0.0320 0.0636 0.0400 0.0280 
   H171929.6  2 0.1107 0.0781 0.0207 0.6262 0.0231 0.0573 0.0625 0.0214 
   H171929.7  2 0.0709 0.0520 0.0607 0.2257 0.0423 0.0533 0.4398 0.0553 
   H171929.8  2 0.0261 0.0245 0.0343 0.2361 0.0103 0.0692 0.5503 0.0492 
   H171929.9  2 0.0210 0.0082 0.0797 0.3532 0.0157 0.0431 0.3171 0.1619 
   H171930.1  2 0.0213 0.0202 0.0156 0.8314 0.0650 0.0223 0.0122 0.0119 
   H171930.2  2 0.0537 0.0117 0.0213 0.7123 0.0843 0.0146 0.0331 0.0690 
   H171930.3  2 0.0246 0.0169 0.0119 0.8374 0.0702 0.0118 0.0130 0.0141 
   H171930.4  2 0.0575 0.0158 0.0097 0.7235 0.1359 0.0154 0.0080 0.0342 
   H171930.5  2 0.0195 0.0167 0.0279 0.8091 0.0507 0.0187 0.0392 0.0182 
   H171930.6  2 0.0576 0.0099 0.0451 0.7886 0.0488 0.0249 0.0080 0.0172 
   H171930.7  2 0.0191 0.0211 0.0128 0.8860 0.0216 0.0144 0.0160 0.0090 
   H171930.8  2 0.0339 0.0108 0.0149 0.8589 0.0162 0.0278 0.0232 0.0143 
   H171933.1  2 0.0187 0.0627 0.0070 0.0316 0.0090 0.0090 0.0071 0.8549 
   H171933.2  2 0.0227 0.0415 0.0150 0.0124 0.0096 0.0119 0.0152 0.8718 
   H171933.3  2 0.0211 0.0148 0.0069 0.0262 0.0098 0.0098 0.0232 0.8881 
   H171933.4  2 0.0118 0.0057 0.0091 0.2314 0.0089 0.0452 0.0171 0.6709 
   H171933.5  2 0.0278 0.0129 0.0080 0.4217 0.0175 0.1509 0.0889 0.2722 
   H171933.6  2 0.0083 0.0052 0.0147 0.0091 0.0152 0.0073 0.0095 0.9307 
   H171933.7  2 0.0604 0.0597 0.0192 0.1073 0.0199 0.0179 0.0719 0.6438 
   H171933.8  2 0.0391 0.0640 0.0238 0.2710 0.0129 0.0513 0.0525 0.4854 
   H171933.9  2 0.0113 0.0061 0.0097 0.0799 0.0102 0.0085 0.0111 0.8632 
      H190.1  2 0.0539 0.0069 0.0223 0.6182 0.2128 0.0389 0.0153 0.0316 
      H190.2  2 0.9007 0.0073 0.0233 0.0159 0.0106 0.0126 0.0213 0.0083 
      H190.3  2 0.7413 0.0129 0.0223 0.0311 0.0215 0.0339 0.1015 0.0355 
      H190.4  2 0.0220 0.0121 0.0111 0.7528 0.0422 0.0149 0.0236 0.1212 
      H190.5  2 0.7370 0.0076 0.0895 0.0384 0.0362 0.0328 0.0396 0.0189 
      H190.6  2 0.0385 0.0104 0.0148 0.7160 0.0630 0.0193 0.0333 0.1047 
      H190.7  2 0.0975 0.0150 0.0152 0.0584 0.0196 0.0895 0.6466 0.0583 
      H190.8  2 0.3179 0.0079 0.0626 0.3524 0.0505 0.1006 0.0798 0.0284 
      H190.9  2 0.6201 0.0093 0.0195 0.1712 0.0214 0.0500 0.0905 0.0180 
      H400.1  2 0.0115 0.0074 0.0072 0.0139 0.0103 0.0111 0.0148 0.9238 
      H400.2  2 0.0121 0.0081 0.0195 0.0136 0.0080 0.0073 0.0103 0.9211 
      H400.3  2 0.0195 0.0149 0.0130 0.0220 0.0212 0.0179 0.0165 0.8750 
      H400.4  2 0.0218 0.0054 0.0163 0.0301 0.0141 0.0137 0.0123 0.8863 
      H400.5  2 0.0161 0.0084 0.0080 0.0236 0.0096 0.0123 0.0101 0.9119 
      H400.6  2 0.0092 0.0050 0.0126 0.0096 0.0076 0.0113 0.0172 0.9276 
      H400.7  2 0.0166 0.0078 0.0067 0.0212 0.0089 0.0101 0.0110 0.9176 
 H428.1_2005  2 0.0073 0.0084 0.0100 0.0070 0.0129 0.0084 0.0059 0.9401 
 H428.1_2006  2 0.0101 0.0131 0.0247 0.0074 0.0093 0.0202 0.0059 0.9093 
 H428.2_2005  2 0.0109 0.0107 0.0054 0.0092 0.0078 0.0089 0.0063 0.9407 
 H428.2_2006  2 0.0073 0.0198 0.0516 0.0167 0.0097 0.0083 0.0096 0.8770 
 H428.3_2005  2 0.0062 0.0057 0.0066 0.0089 0.0107 0.0120 0.0050 0.9448 
 H428.3_2006  2 0.0089 0.0252 0.0327 0.0162 0.0107 0.0083 0.0095 0.8885 
 H428.4_2005  2 0.0082 0.0106 0.0068 0.0086 0.0107 0.0132 0.0043 0.9376 
 H428.4_2006  2 0.0072 0.0141 0.0144 0.0045 0.0076 0.0073 0.0064 0.9385 
 H428.5_2005  2 0.0077 0.0235 0.0148 0.0111 0.0063 0.0047 0.0059 0.9261 
 H428.6_2005  2 0.0070 0.0105 0.0088 0.0105 0.0133 0.0145 0.0083 0.9272 
 H428.6_2006  2 0.0081 0.0359 0.0215 0.0135 0.0561 0.0120 0.0113 0.8416 
      H428.7  2 0.0055 0.0050 0.0092 0.0056 0.0108 0.0037 0.0071 0.9530 
      H428.8  2 0.0076 0.0159 0.0180 0.0146 0.0148 0.0055 0.0087 0.9149 
      H428.9  2 0.0067 0.0195 0.0093 0.0098 0.0068 0.0057 0.0085 0.9338 
      H453.1  2 0.0109 0.0075 0.0443 0.0196 0.0296 0.0126 0.0097 0.8658 
      H453.2  2 0.0105 0.0081 0.0112 0.0279 0.0335 0.0116 0.0129 0.8843 
      H453.3  2 0.0090 0.0047 0.0111 0.0183 0.0104 0.0127 0.0166 0.9171 
      H453.4  2 0.0137 0.0048 0.0111 0.0194 0.0182 0.0112 0.0128 0.9088 
      H453.5  2 0.0066 0.0063 0.0422 0.0171 0.0266 0.0110 0.0067 0.8834 
      H453.6  2 0.0061 0.0066 0.0450 0.0116 0.0141 0.0067 0.0052 0.9046 
      H453.7  2 0.0319 0.0063 0.4158 0.1821 0.0253 0.0401 0.1236 0.1748 
      H453.8  2 0.0409 0.0096 0.1531 0.2197 0.0269 0.0428 0.0750 0.4319 
      H453.9  2 0.0079 0.0100 0.4282 0.1236 0.0426 0.0151 0.0441 0.3286 
      H512.1  2 0.0184 0.0073 0.0283 0.0582 0.2266 0.0114 0.0176 0.6321 
     H512.10  2 0.0311 0.1438 0.0897 0.1045 0.4538 0.0376 0.0144 0.1251 
      H512.2  2 0.1544 0.0342 0.0255 0.0615 0.4735 0.0257 0.0274 0.1977 
      H512.3  2 0.0224 0.0579 0.0151 0.0256 0.8187 0.0247 0.0082 0.0274 
      H512.4  2 0.0721 0.0414 0.1343 0.3147 0.1124 0.0504 0.0238 0.2509 
      H512.5  2 0.0128 0.0187 0.0148 0.0117 0.8708 0.0463 0.0071 0.0179 
      H512.6  2 0.0366 0.0139 0.0129 0.0869 0.6980 0.0830 0.0168 0.0520 
      H512.7  2 0.0168 0.0086 0.0167 0.0119 0.9004 0.0142 0.0071 0.0243 
      H512.8  2 0.4182 0.0132 0.0206 0.1133 0.3500 0.0212 0.0212 0.0421 
      H512.9  2 0.0188 0.0154 0.0166 0.0164 0.8455 0.0150 0.0113 0.0609 
      H513.1  2 0.0090 0.0143 0.0140 0.0092 0.0070 0.0074 0.0069 0.9322 
      H513.2  2 0.0145 0.0116 0.0091 0.0150 0.0071 0.0073 0.0088 0.9265 
      H513.3  2 0.0083 0.0065 0.0082 0.0090 0.0088 0.0058 0.0083 0.9452 
      H513.4  2 0.0152 0.0060 0.0265 0.0278 0.0096 0.0115 0.0087 0.8947 
      H513.5  2 0.0092 0.0205 0.0108 0.0181 0.0334 0.0070 0.0092 0.8919 
      H513.6  2 0.0246 0.5128 0.0275 0.1969 0.0244 0.0122 0.0306 0.1709 
      H532.1  2 0.0146 0.0159 0.0635 0.0120 0.0238 0.0324 0.0090 0.8287 
      H532.2  2 0.0184 0.0142 0.0432 0.0904 0.0130 0.0140 0.0165 0.7903 
      H532.3  2 0.0125 0.0090 0.0707 0.2217 0.0214 0.0282 0.0228 0.6137 
      H532.4  2 0.0127 0.0132 0.4233 0.0256 0.0207 0.0588 0.0318 0.4139 
      H532.5  2 0.0123 0.0123 0.0188 0.0097 0.0203 0.0125 0.0082 0.9060 
      H532.6  2 0.0115 0.0112 0.1813 0.0329 0.0176 0.0480 0.0176 0.6798 
      H532.7  2 0.0084 0.0101 0.1642 0.0135 0.0250 0.0108 0.0094 0.7587 
      H532.8  2 0.0167 0.0245 0.1372 0.0218 0.0489 0.0236 0.0128 0.7145 
      H543.1  2 0.0071 0.9453 0.0047 0.0064 0.0051 0.0068 0.0065 0.0181 
      H543.2  2 0.0251 0.8593 0.0098 0.0150 0.0112 0.0093 0.0088 0.0617 
      H543.3  2 0.0092 0.9304 0.0094 0.0081 0.0091 0.0079 0.0078 0.0182 
      H543.4  2 0.0083 0.9545 0.0049 0.0062 0.0056 0.0068 0.0064 0.0073 
      H543.5  2 0.0089 0.9537 0.0053 0.0079 0.0064 0.0054 0.0058 0.0066 
      H543.6  2 0.0083 0.9136 0.0072 0.0105 0.0064 0.0099 0.0142 0.0300 
      H543.7  2 0.0067 0.9630 0.0052 0.0048 0.0046 0.0051 0.0057 0.0049 
      H543.8  2 0.0094 0.8909 0.0220 0.0110 0.0149 0.0074 0.0124 0.0319 
      H543.9  2 0.0147 0.9250 0.0095 0.0071 0.0122 0.0082 0.0107 0.0127 
 H545.1_2005  2 0.0033 0.9683 0.0041 0.0045 0.0055 0.0040 0.0066 0.0039 
 H545.1_2006  2 0.0089 0.9526 0.0073 0.0057 0.0060 0.0061 0.0070 0.0064 
 H545.2_2005  2 0.0071 0.9347 0.0088 0.0105 0.0156 0.0049 0.0108 0.0075 
 H545.2_2006  2 0.0048 0.9609 0.0052 0.0059 0.0057 0.0055 0.0060 0.0060 
 H545.3_2005  2 0.0079 0.9393 0.0050 0.0088 0.0146 0.0078 0.0094 0.0073 
 H545.3_2006  2 0.0051 0.9462 0.0102 0.0068 0.0105 0.0043 0.0108 0.0061 
 H545.4_2005  2 0.0084 0.9447 0.0063 0.0079 0.0073 0.0096 0.0104 0.0053 
 H545.4_2006  2 0.0084 0.9508 0.0053 0.0077 0.0068 0.0054 0.0092 0.0062 
 H545.5_2005  2 0.0060 0.9366 0.0104 0.0070 0.0147 0.0053 0.0098 0.0102 
 H545.5_2006  2 0.0061 0.9424 0.0068 0.0095 0.0110 0.0070 0.0088 0.0084 
 H545.6_2005  2 0.0036 0.9638 0.0044 0.0053 0.0068 0.0044 0.0066 0.0051 
 H545.6_2006  2 0.0072 0.9531 0.0055 0.0071 0.0077 0.0057 0.0081 0.0056 
 H545.7_2005  2 0.0042 0.9567 0.0058 0.0060 0.0097 0.0041 0.0068 0.0068 
 H545.7_2006  2 0.0078 0.9387 0.0119 0.0077 0.0105 0.0052 0.0095 0.0087 
 H545.8_2005  2 0.0081 0.9311 0.0107 0.0090 0.0106 0.0068 0.0117 0.0119 
 H545.8_2006  2 0.0049 0.9599 0.0063 0.0051 0.0070 0.0052 0.0061 0.0054 
      H545.9  2 0.0058 0.9494 0.0051 0.0081 0.0092 0.0059 0.0095 0.0071 
      H547.1  2 0.0151 0.0099 0.0067 0.0091 0.0095 0.0104 0.0221 0.9173 
      H547.2  2 0.3515 0.0079 0.0142 0.0065 0.0064 0.0129 0.0163 0.5842 
      H547.3  2 0.0260 0.0167 0.0101 0.0703 0.0232 0.0590 0.0521 0.7426 
      H547.4  2 0.1030 0.0125 0.0211 0.0194 0.0186 0.0416 0.0495 0.7343 
      H547.5  2 0.3098 0.0076 0.0058 0.0132 0.0094 0.0163 0.0122 0.6257 
      H547.6  2 0.0216 0.0357 0.0074 0.0094 0.0098 0.0132 0.0180 0.8849 
      H547.7  2 0.0541 0.0283 0.0096 0.0256 0.0262 0.0410 0.0582 0.7570 
      H547.8  2 0.0162 0.0122 0.0060 0.0110 0.0102 0.0156 0.0211 0.9075 
      H548.1  2 0.0073 0.9486 0.0066 0.0057 0.0094 0.0075 0.0073 0.0076 
      H548.2  2 0.0076 0.9368 0.0079 0.0081 0.0097 0.0132 0.0089 0.0079 
      H548.3  2 0.0055 0.9477 0.0063 0.0059 0.0100 0.0068 0.0119 0.0059 
      H548.4  2 0.0295 0.8014 0.0310 0.0163 0.0374 0.0240 0.0464 0.0140 
      H548.5  2 0.0075 0.9466 0.0088 0.0076 0.0066 0.0081 0.0093 0.0055 
      H548.6  2 0.0086 0.9347 0.0057 0.0071 0.0152 0.0101 0.0110 0.0076 
      H548.7  2 0.0079 0.9482 0.0070 0.0068 0.0099 0.0052 0.0072 0.0080 
