      H105.1  1 0.0217 0.0051 0.0147 0.0098 0.0190 0.0068 0.0046 0.0191 0.0089 0.0094 0.0217 0.0224 0.6806 0.0066 0.0993 0.0504 
      H105.2  1 0.0156 0.0281 0.0207 0.0134 0.0113 0.0099 0.0267 0.0081 0.0339 0.0100 0.0716 0.0082 0.6162 0.0099 0.0730 0.0436 
      H105.3  1 0.0274 0.0123 0.0157 0.0167 0.0298 0.0055 0.0179 0.0131 0.0214 0.0266 0.0381 0.0240 0.4648 0.0069 0.2338 0.0459 
      H105.4  1 0.0427 0.0399 0.0265 0.0161 0.0072 0.0162 0.0707 0.0092 0.0217 0.0323 0.0908 0.0078 0.3502 0.0083 0.0594 0.2011 
      H105.5  1 0.0546 0.0096 0.0153 0.0450 0.0230 0.0143 0.0379 0.0171 0.0223 0.0370 0.0214 0.0064 0.3843 0.0077 0.1829 0.1214 
      H105.6  1 0.0212 0.0105 0.0093 0.0367 0.0086 0.0092 0.0558 0.0056 0.0058 0.0230 0.1228 0.0262 0.4968 0.0064 0.0751 0.0870 
      H105.7  1 0.0202 0.0097 0.0625 0.0152 0.0090 0.0106 0.0058 0.0317 0.0063 0.0094 0.0313 0.0947 0.4099 0.0066 0.1618 0.1153 
      H105.8  1 0.0135 0.0090 0.0053 0.0071 0.0059 0.0049 0.0107 0.0052 0.0059 0.0065 0.0187 0.0315 0.8142 0.0065 0.0187 0.0363 
      H115.1  1 0.0070 0.0119 0.0100 0.8248 0.0170 0.0056 0.0078 0.0115 0.0098 0.0223 0.0150 0.0200 0.0076 0.0080 0.0096 0.0120 
      H115.2  1 0.0043 0.0119 0.0059 0.8734 0.0101 0.0060 0.0090 0.0114 0.0059 0.0102 0.0078 0.0081 0.0069 0.0113 0.0121 0.0058 
      H115.3  1 0.0128 0.0113 0.0075 0.8158 0.0052 0.0064 0.0427 0.0179 0.0113 0.0126 0.0069 0.0064 0.0051 0.0059 0.0233 0.0090 
      H115.4  1 0.0195 0.0713 0.0105 0.2302 0.2319 0.0112 0.0094 0.0688 0.0396 0.0910 0.0104 0.0094 0.0115 0.0093 0.1542 0.0218 
      H115.5  1 0.0280 0.0091 0.0129 0.5334 0.0148 0.0204 0.0164 0.0310 0.0963 0.0537 0.0184 0.0267 0.0210 0.0468 0.0484 0.0227 
      H115.6  1 0.0153 0.0124 0.0264 0.7098 0.0138 0.0131 0.0471 0.0249 0.0218 0.0129 0.0154 0.0115 0.0054 0.0156 0.0453 0.0094 
      H115.7  1 0.0114 0.0263 0.0267 0.6897 0.0097 0.0153 0.0199 0.0285 0.0338 0.0196 0.0647 0.0057 0.0050 0.0053 0.0256 0.0129 
      H115.8  1 0.0100 0.0086 0.0104 0.7376 0.0102 0.0066 0.0113 0.0159 0.0171 0.0125 0.0113 0.0461 0.0075 0.0442 0.0388 0.0120 
      H115.9  1 0.0063 0.0062 0.0075 0.8596 0.0102 0.0049 0.0122 0.0153 0.0056 0.0115 0.0074 0.0219 0.0054 0.0052 0.0064 0.0142 
      H145.1  1 0.0092 0.0059 0.0050 0.0118 0.0081 0.8479 0.0200 0.0055 0.0036 0.0079 0.0077 0.0102 0.0071 0.0347 0.0047 0.0108 
      H145.2  1 0.0091 0.0088 0.0078 0.0088 0.0067 0.6851 0.1360 0.0089 0.0047 0.0210 0.0154 0.0084 0.0224 0.0325 0.0067 0.0176 
      H145.3  1 0.0073 0.0046 0.0084 0.0075 0.0055 0.7923 0.0167 0.0064 0.0169 0.0057 0.0053 0.0261 0.0062 0.0714 0.0045 0.0151 
      H145.4  1 0.0058 0.0038 0.0045 0.0043 0.0034 0.9174 0.0065 0.0053 0.0038 0.0075 0.0088 0.0057 0.0048 0.0083 0.0039 0.0062 
      H145.5  1 0.0056 0.0043 0.0054 0.0059 0.0047 0.7088 0.0162 0.0054 0.0079 0.0071 0.0071 0.0091 0.0051 0.1945 0.0045 0.0085 
      H145.6  1 0.0042 0.0060 0.0175 0.0042 0.0052 0.8536 0.0256 0.0072 0.0101 0.0078 0.0106 0.0066 0.0165 0.0129 0.0042 0.0078 
      H145.7  1 0.0042 0.0054 0.0051 0.0047 0.0036 0.9048 0.0074 0.0067 0.0128 0.0092 0.0056 0.0077 0.0064 0.0052 0.0038 0.0075 
      H149.1  1 0.0047 0.0038 0.0046 0.0073 0.0044 0.0090 0.0066 0.0050 0.0044 0.9176 0.0049 0.0061 0.0051 0.0058 0.0056 0.0051 
      H149.2  1 0.0094 0.0048 0.0066 0.0056 0.0049 0.0424 0.0058 0.0094 0.0056 0.8650 0.0074 0.0045 0.0079 0.0038 0.0090 0.0079 
      H149.3  1 0.0094 0.0113 0.0132 0.0087 0.0047 0.0540 0.0110 0.0216 0.0084 0.8007 0.0212 0.0076 0.0064 0.0064 0.0081 0.0074 
      H149.4  1 0.0080 0.0122 0.0126 0.0061 0.0055 0.0080 0.0090 0.0102 0.0056 0.8625 0.0155 0.0087 0.0120 0.0076 0.0081 0.0085 
      H149.5  1 0.0110 0.0111 0.0354 0.0040 0.0058 0.0912 0.0055 0.0645 0.0080 0.6916 0.0207 0.0069 0.0218 0.0044 0.0070 0.0112 
      H149.6  1 0.0074 0.0062 0.0188 0.0040 0.0061 0.0424 0.0054 0.0195 0.0045 0.8400 0.0127 0.0042 0.0082 0.0052 0.0082 0.0074 
      H149.7  1 0.0133 0.0554 0.0944 0.0065 0.0109 0.0501 0.0128 0.0289 0.0095 0.6267 0.0273 0.0134 0.0187 0.0079 0.0176 0.0065 
      H150.1  1 0.0055 0.0060 0.0065 0.8887 0.0044 0.0051 0.0130 0.0054 0.0059 0.0033 0.0066 0.0078 0.0076 0.0078 0.0208 0.0057 
      H150.2  1 0.0107 0.0082 0.0069 0.8699 0.0118 0.0045 0.0067 0.0095 0.0085 0.0078 0.0093 0.0049 0.0054 0.0137 0.0185 0.0037 
      H150.3  1 0.0064 0.0078 0.0105 0.8605 0.0100 0.0122 0.0070 0.0056 0.0124 0.0047 0.0223 0.0064 0.0065 0.0088 0.0134 0.0054 
      H150.4  1 0.0057 0.0039 0.0054 0.9020 0.0063 0.0079 0.0061 0.0061 0.0070 0.0035 0.0101 0.0079 0.0051 0.0086 0.0065 0.0076 
      H150.5  1 0.0159 0.0177 0.0112 0.8228 0.0047 0.0089 0.0117 0.0193 0.0108 0.0073 0.0195 0.0073 0.0078 0.0053 0.0239 0.0059 
      H150.6  1 0.0112 0.0733 0.0133 0.3653 0.0062 0.0090 0.0143 0.0284 0.0335 0.0088 0.0145 0.0041 0.0106 0.0094 0.3930 0.0050 
      H150.7  1 0.0054 0.0046 0.0050 0.9104 0.0066 0.0046 0.0093 0.0044 0.0048 0.0039 0.0109 0.0071 0.0053 0.0056 0.0067 0.0053 
   H169607.1  1 0.1600 0.0714 0.0399 0.0783 0.1764 0.2051 0.0372 0.0197 0.0401 0.0129 0.0248 0.0182 0.0625 0.0244 0.0072 0.0219 
   H169607.2  1 0.0563 0.1543 0.0142 0.0672 0.0311 0.0674 0.0268 0.0110 0.0097 0.0124 0.0135 0.0289 0.0319 0.0057 0.0064 0.4632 
   H169607.3  1 0.1342 0.0324 0.0700 0.0285 0.0189 0.2430 0.0415 0.0679 0.0360 0.0139 0.0161 0.0384 0.1281 0.0156 0.0077 0.1077 
   H169607.4  1 0.1064 0.0480 0.0115 0.0160 0.0117 0.1599 0.1883 0.0051 0.0076 0.0060 0.0118 0.0078 0.1494 0.0080 0.0059 0.2565 
   H169607.5  1 0.1482 0.1158 0.0111 0.1297 0.0227 0.1469 0.0242 0.1151 0.0095 0.0166 0.0132 0.0533 0.0251 0.0086 0.0052 0.1547 
   H169607.6  1 0.0368 0.0839 0.0107 0.0201 0.0233 0.0541 0.0205 0.0101 0.0084 0.0091 0.0073 0.0174 0.0591 0.0046 0.0065 0.6281 
   H169607.7  1 0.0596 0.4344 0.0129 0.0401 0.0644 0.0418 0.0111 0.0149 0.0181 0.0166 0.0093 0.0787 0.0259 0.0090 0.0190 0.1443 
   H169607.8  1 0.1232 0.0295 0.0107 0.0179 0.0114 0.0336 0.0632 0.0069 0.0088 0.0064 0.0083 0.0129 0.1087 0.0040 0.0045 0.5499 
   H169633.1  1 0.0058 0.0095 0.0188 0.0260 0.0260 0.0692 0.0138 0.0153 0.0400 0.6523 0.0229 0.0090 0.0118 0.0333 0.0367 0.0095 
   H169633.2  1 0.0051 0.0132 0.0741 0.0078 0.0431 0.0215 0.0053 0.0061 0.0169 0.7164 0.0145 0.0217 0.0069 0.0124 0.0308 0.0044 
   H169633.3  1 0.0083 0.0085 0.0074 0.0123 0.0104 0.0210 0.0052 0.0104 0.0087 0.7834 0.0284 0.0264 0.0078 0.0093 0.0473 0.0053 
   H169633.4  1 0.0066 0.0056 0.0046 0.0128 0.0064 0.0206 0.0315 0.0302 0.0146 0.7692 0.0183 0.0095 0.0115 0.0296 0.0177 0.0113 
   H169633.5  1 0.0077 0.0068 0.0053 0.0189 0.0056 0.0222 0.0274 0.0280 0.0128 0.7678 0.0264 0.0093 0.0117 0.0235 0.0186 0.0080 
   H169688.1  1 0.0091 0.0790 0.3494 0.0217 0.0137 0.2412 0.0106 0.0087 0.1175 0.0254 0.0080 0.0078 0.0124 0.0047 0.0049 0.0860 
   H169688.2  1 0.0095 0.2197 0.5114 0.0500 0.0091 0.0375 0.0057 0.0078 0.0534 0.0127 0.0058 0.0147 0.0180 0.0209 0.0079 0.0161 
   H169688.3  1 0.0067 0.1943 0.2770 0.1234 0.0187 0.2055 0.0083 0.0233 0.0341 0.0175 0.0125 0.0049 0.0348 0.0090 0.0077 0.0226 
   H169688.4  1 0.0095 0.0400 0.0426 0.7538 0.0095 0.0334 0.0090 0.0083 0.0300 0.0081 0.0052 0.0061 0.0072 0.0157 0.0078 0.0138 
   H169688.5  1 0.0082 0.0250 0.0358 0.7780 0.0089 0.0336 0.0098 0.0087 0.0368 0.0082 0.0052 0.0058 0.0078 0.0090 0.0112 0.0078 
   H169688.6  1 0.0071 0.3977 0.1633 0.0690 0.0085 0.1297 0.0096 0.0132 0.0276 0.0388 0.0052 0.0089 0.0126 0.0712 0.0147 0.0228 
   H169688.7  1 0.0079 0.0857 0.0875 0.1740 0.0220 0.4209 0.0111 0.0167 0.0481 0.0138 0.0069 0.0085 0.0505 0.0182 0.0134 0.0148 
   H171901.1  1 0.0151 0.0287 0.2663 0.0331 0.0133 0.1209 0.0368 0.0194 0.0341 0.0073 0.1339 0.0092 0.1390 0.0896 0.0370 0.0165 
   H171901.2  1 0.0131 0.0138 0.0075 0.0595 0.0075 0.0409 0.0298 0.0085 0.0085 0.6717 0.0149 0.0210 0.0163 0.0105 0.0465 0.0300 
   H171901.3  1 0.0100 0.0218 0.0618 0.0316 0.0090 0.0249 0.0485 0.0224 0.0231 0.6746 0.0105 0.0077 0.0128 0.0081 0.0258 0.0075 
   H171901.4  1 0.0198 0.0217 0.0121 0.0219 0.0158 0.0120 0.0293 0.0106 0.0151 0.7057 0.0085 0.0147 0.0156 0.0063 0.0760 0.0148 
   H171901.5  1 0.0352 0.1158 0.0147 0.0170 0.0150 0.0267 0.0700 0.0170 0.0060 0.5814 0.0079 0.0096 0.0205 0.0076 0.0447 0.0108 
   H171901.6  1 0.0349 0.0808 0.0220 0.0401 0.0221 0.1788 0.1115 0.0109 0.0069 0.3554 0.0117 0.0131 0.0161 0.0065 0.0750 0.0144 
   H171901.7  1 0.0060 0.1236 0.0266 0.0520 0.0099 0.0819 0.0211 0.0159 0.0072 0.5658 0.0107 0.0204 0.0140 0.0072 0.0293 0.0085 
   H171902.1  1 0.0229 0.1068 0.0114 0.0295 0.0310 0.0268 0.5908 0.0052 0.0122 0.0243 0.0068 0.0160 0.0124 0.0777 0.0127 0.0136 
  H171902.10  1 0.0106 0.3797 0.0060 0.0103 0.0071 0.0184 0.4758 0.0043 0.0098 0.0217 0.0066 0.0050 0.0078 0.0140 0.0079 0.0150 
   H171902.2  1 0.0334 0.1148 0.1281 0.0398 0.0286 0.0183 0.1322 0.0084 0.2114 0.0352 0.0124 0.0774 0.0228 0.0587 0.0616 0.0169 
   H171902.3  1 0.0431 0.4380 0.0130 0.0796 0.0293 0.0155 0.1411 0.0079 0.0157 0.0784 0.0103 0.0166 0.0421 0.0132 0.0313 0.0247 
   H171902.4  1 0.0065 0.0274 0.0119 0.0235 0.0079 0.0378 0.6795 0.0062 0.0122 0.0972 0.0121 0.0132 0.0057 0.0331 0.0141 0.0117 
   H171902.6  1 0.0112 0.3126 0.0061 0.0193 0.0077 0.0153 0.5126 0.0047 0.0071 0.0313 0.0099 0.0048 0.0083 0.0152 0.0091 0.0247 
   H171902.7  1 0.0288 0.1904 0.0168 0.0196 0.0070 0.0710 0.4627 0.0063 0.0042 0.0394 0.0097 0.0074 0.0323 0.0695 0.0172 0.0176 
   H171902.8  1 0.0189 0.4280 0.0108 0.0256 0.0082 0.0203 0.3450 0.0060 0.0120 0.0323 0.0086 0.0068 0.0159 0.0309 0.0149 0.0158 
   H171902.9  1 0.0178 0.0421 0.0145 0.1910 0.0071 0.0128 0.5915 0.0049 0.0066 0.0099 0.0150 0.0122 0.0094 0.0423 0.0099 0.0129 
   H171903.1  1 0.0253 0.0208 0.0095 0.0540 0.0279 0.0142 0.0089 0.0123 0.0063 0.0163 0.0067 0.0168 0.0067 0.0049 0.0066 0.7630 
   H171903.2  1 0.0238 0.0223 0.0083 0.0340 0.0298 0.0135 0.0117 0.0308 0.0082 0.0131 0.0059 0.0348 0.0427 0.0142 0.0113 0.6954 
   H171903.3  1 0.0652 0.0501 0.0279 0.0592 0.1103 0.0328 0.0295 0.1208 0.0076 0.0780 0.0153 0.0303 0.0851 0.0177 0.0235 0.2466 
   H171903.4  1 0.0288 0.0387 0.3150 0.0460 0.0074 0.3169 0.0763 0.0131 0.0180 0.0093 0.0248 0.0059 0.0146 0.0085 0.0199 0.0569 
   H171903.5  1 0.0505 0.0281 0.0218 0.0956 0.1202 0.0309 0.0082 0.2282 0.0119 0.0636 0.0085 0.0315 0.2012 0.0095 0.0171 0.0732 
   H171903.6  1 0.1299 0.1361 0.0557 0.1296 0.0103 0.0456 0.0231 0.0851 0.0147 0.0556 0.0073 0.0176 0.0332 0.0058 0.0095 0.2409 
      H177.1  1 0.0227 0.1214 0.2357 0.0315 0.0066 0.0255 0.0738 0.0094 0.0048 0.3841 0.0073 0.0066 0.0120 0.0163 0.0100 0.0322 
      H177.2  1 0.3260 0.0615 0.0128 0.0193 0.0167 0.0590 0.0678 0.0370 0.0203 0.1988 0.0134 0.0600 0.0558 0.0201 0.0117 0.0199 
      H177.3  1 0.0624 0.1000 0.0156 0.0259 0.0089 0.0515 0.1702 0.0177 0.0058 0.4410 0.0131 0.0135 0.0260 0.0201 0.0123 0.0159 
      H177.4  1 0.0307 0.0280 0.1955 0.0059 0.0052 0.0543 0.0203 0.0163 0.0048 0.5629 0.0054 0.0114 0.0072 0.0082 0.0225 0.0215 
      H177.5  1 0.0465 0.0479 0.5715 0.0202 0.0058 0.0189 0.0399 0.0495 0.0106 0.0262 0.0090 0.0240 0.0295 0.0078 0.0605 0.0321 
      H177.6  1 0.0349 0.0643 0.0144 0.0261 0.0087 0.0361 0.1782 0.0134 0.0046 0.5220 0.0125 0.0116 0.0216 0.0293 0.0139 0.0086 
      H179.1  1 0.0594 0.1476 0.1463 0.0154 0.1084 0.0063 0.0342 0.0325 0.0281 0.1579 0.0218 0.0153 0.1871 0.0092 0.0236 0.0070 
      H179.2  1 0.0432 0.2373 0.0540 0.0271 0.1647 0.0084 0.0128 0.0394 0.0113 0.2118 0.0133 0.0232 0.1127 0.0068 0.0188 0.0151 
      H179.3  1 0.0200 0.1633 0.2869 0.0362 0.0868 0.0084 0.0197 0.0909 0.0266 0.0389 0.0115 0.0421 0.1225 0.0078 0.0144 0.0241 
      H179.4  1 0.0228 0.0778 0.0489 0.0064 0.0282 0.0240 0.0126 0.0161 0.0226 0.6083 0.0100 0.0168 0.0771 0.0060 0.0091 0.0131 
      H180.1  1 0.0083 0.0227 0.0150 0.1908 0.0506 0.0042 0.0157 0.0332 0.0315 0.0426 0.0055 0.0076 0.0117 0.0151 0.5319 0.0134 
      H180.2  1 0.0095 0.0193 0.0177 0.2505 0.0060 0.0056 0.0235 0.0089 0.0371 0.0211 0.0074 0.0068 0.0075 0.0095 0.5604 0.0091 
      H180.3  1 0.0106 0.0069 0.0074 0.6397 0.0794 0.0078 0.0129 0.0372 0.0068 0.0127 0.0190 0.0254 0.0117 0.0144 0.0839 0.0242 
      H180.4  1 0.0078 0.0163 0.0106 0.0412 0.0061 0.0047 0.0104 0.0161 0.0119 0.0103 0.0122 0.0131 0.0114 0.0106 0.8100 0.0075 
      H180.5  1 0.0351 0.0158 0.0193 0.1024 0.0084 0.0071 0.0060 0.0109 0.0200 0.0144 0.0054 0.0283 0.0077 0.0177 0.6810 0.0204 
      H180.6  1 0.0116 0.0189 0.0083 0.1074 0.0099 0.0179 0.0080 0.0090 0.0239 0.0111 0.0103 0.4667 0.0229 0.0317 0.2298 0.0128 
      H181.1  1 0.0151 0.0233 0.0123 0.0164 0.0091 0.0168 0.0155 0.1343 0.1685 0.4193 0.0052 0.0070 0.0376 0.0150 0.0385 0.0661 
      H181.2  1 0.0204 0.0683 0.0220 0.0166 0.0130 0.0349 0.0163 0.0278 0.1293 0.4124 0.0102 0.0078 0.0075 0.0213 0.1490 0.0432 
      H181.3  1 0.0230 0.1025 0.0282 0.0068 0.0050 0.0168 0.0348 0.0097 0.3894 0.2743 0.0064 0.0106 0.0058 0.0151 0.0489 0.0227 
      H181.4  1 0.1026 0.0436 0.0229 0.1095 0.0079 0.0455 0.0164 0.2615 0.0720 0.2024 0.0165 0.0148 0.0203 0.0047 0.0253 0.0339 
      H181.5  1 0.0478 0.0247 0.0549 0.0090 0.0223 0.0096 0.0122 0.0234 0.2922 0.3572 0.0196 0.0144 0.0386 0.0141 0.0472 0.0128 
      H181.6  1 0.0318 0.0347 0.0379 0.0236 0.0448 0.0171 0.0274 0.0229 0.0312 0.3369 0.0105 0.0107 0.0355 0.0055 0.3035 0.0261 
      H181.7  1 0.0102 0.0358 0.0200 0.0193 0.0097 0.0173 0.0141 0.0277 0.1276 0.4973 0.0073 0.0395 0.1313 0.0074 0.0171 0.0185 
 H194.1_2004  1 0.0084 0.0109 0.0095 0.0188 0.0075 0.8467 0.0079 0.0102 0.0060 0.0110 0.0091 0.0092 0.0073 0.0059 0.0116 0.0201 
 H194.2_2004  1 0.0060 0.0065 0.0455 0.0072 0.0036 0.8590 0.0067 0.0084 0.0054 0.0058 0.0076 0.0053 0.0050 0.0069 0.0064 0.0145 
 H194.3_2004  1 0.0067 0.0125 0.0110 0.0079 0.0056 0.8117 0.0114 0.0061 0.0038 0.0679 0.0103 0.0065 0.0131 0.0073 0.0108 0.0074 
 H194.4_2004  1 0.0051 0.0065 0.0441 0.0060 0.0049 0.8547 0.0069 0.0048 0.0058 0.0115 0.0054 0.0060 0.0057 0.0073 0.0059 0.0192 
 H194.5_2004  1 0.0119 0.0129 0.0149 0.0110 0.0121 0.8140 0.0093 0.0085 0.0057 0.0372 0.0089 0.0155 0.0111 0.0051 0.0096 0.0121 
 H194.6_2004  1 0.0163 0.0161 0.1963 0.0150 0.0096 0.3138 0.0230 0.0111 0.0062 0.3098 0.0147 0.0135 0.0120 0.0086 0.0079 0.0260 
 H194.7_2004  1 0.0119 0.0074 0.0105 0.0121 0.0055 0.7773 0.0047 0.0123 0.0077 0.0075 0.0120 0.0394 0.0098 0.0061 0.0072 0.0685 
 H194.8_2004  1 0.0141 0.0101 0.1103 0.0108 0.0081 0.6877 0.0137 0.0089 0.0077 0.0578 0.0116 0.0167 0.0091 0.0093 0.0097 0.0143 
      H194.9  1 0.0078 0.0084 0.0160 0.0174 0.0064 0.8195 0.0079 0.0101 0.0102 0.0079 0.0090 0.0319 0.0062 0.0080 0.0090 0.0242 
 H195.1_2003  1 0.0088 0.0073 0.0133 0.0044 0.0098 0.8727 0.0104 0.0049 0.0055 0.0079 0.0088 0.0055 0.0110 0.0038 0.0189 0.0069 
 H195.1_2004  1 0.0042 0.0111 0.0048 0.0046 0.0033 0.8824 0.0084 0.0074 0.0155 0.0111 0.0094 0.0045 0.0051 0.0115 0.0099 0.0068 
 H195.2_2003  1 0.0116 0.0061 0.0088 0.0120 0.0074 0.8631 0.0089 0.0038 0.0047 0.0050 0.0048 0.0111 0.0073 0.0062 0.0122 0.0270 
 H195.2_2004  1 0.0057 0.0041 0.0045 0.0037 0.0037 0.9252 0.0036 0.0044 0.0058 0.0054 0.0045 0.0053 0.0054 0.0072 0.0060 0.0056 
 H195.3_2003  1 0.0218 0.0167 0.0148 0.0299 0.0054 0.8107 0.0104 0.0056 0.0086 0.0054 0.0088 0.0103 0.0083 0.0065 0.0095 0.0273 
 H195.3_2004  1 0.0043 0.0053 0.0031 0.0036 0.0040 0.9198 0.0068 0.0047 0.0056 0.0087 0.0061 0.0039 0.0038 0.0061 0.0065 0.0078 
 H195.4_2003  1 0.0052 0.0045 0.0059 0.0047 0.0066 0.9140 0.0075 0.0046 0.0044 0.0066 0.0054 0.0047 0.0053 0.0036 0.0104 0.0064 
 H195.4_2004  1 0.0047 0.0051 0.0088 0.0041 0.0039 0.9116 0.0059 0.0048 0.0156 0.0053 0.0042 0.0050 0.0042 0.0046 0.0042 0.0078 
 H195.5_2003  1 0.0082 0.0153 0.0182 0.0084 0.0077 0.7526 0.0096 0.0068 0.0180 0.0102 0.0092 0.0061 0.0349 0.0041 0.0791 0.0113 
 H195.5_2004  1 0.0039 0.0077 0.0051 0.0052 0.0033 0.8967 0.0064 0.0050 0.0149 0.0082 0.0068 0.0067 0.0046 0.0084 0.0084 0.0088 
 H195.6_2003  1 0.0103 0.0071 0.0046 0.0112 0.0042 0.8871 0.0095 0.0049 0.0073 0.0033 0.0061 0.0060 0.0049 0.0038 0.0119 0.0178 
 H195.6_2004  1 0.0045 0.0042 0.0042 0.0029 0.0037 0.9216 0.0048 0.0032 0.0039 0.0074 0.0057 0.0054 0.0058 0.0073 0.0055 0.0099 
 H195.7_2003  1 0.0077 0.0068 0.0234 0.0036 0.0061 0.8900 0.0063 0.0054 0.0057 0.0068 0.0051 0.0064 0.0089 0.0033 0.0077 0.0068 
 H195.7_2004  1 0.0054 0.0071 0.0048 0.0087 0.0033 0.8801 0.0071 0.0060 0.0178 0.0046 0.0062 0.0043 0.0041 0.0288 0.0069 0.0049 
      H195.8  1 0.0047 0.0061 0.0049 0.0067 0.0037 0.8773 0.0080 0.0060 0.0375 0.0052 0.0085 0.0069 0.0048 0.0053 0.0067 0.0077 
      H195.9  1 0.0067 0.0078 0.0062 0.0049 0.0034 0.9011 0.0066 0.0049 0.0072 0.0100 0.0056 0.0076 0.0059 0.0040 0.0042 0.0140 
      H415.1  1 0.0056 0.0122 0.0224 0.1806 0.4117 0.0693 0.0145 0.0125 0.0067 0.0648 0.0213 0.0277 0.0098 0.1085 0.0240 0.0083 
      H415.2  1 0.0190 0.0381 0.0127 0.0792 0.0917 0.0364 0.4869 0.0236 0.0041 0.1283 0.0123 0.0073 0.0168 0.0240 0.0113 0.0082 
      H415.3  1 0.0224 0.0356 0.0130 0.0087 0.6937 0.0131 0.0145 0.0161 0.0038 0.1095 0.0123 0.0062 0.0121 0.0137 0.0219 0.0034 
      H415.4  1 0.0081 0.0057 0.0153 0.1185 0.6571 0.0191 0.0227 0.0116 0.0076 0.0219 0.0222 0.0287 0.0107 0.0212 0.0237 0.0058 
      H415.5  1 0.0124 0.0175 0.0107 0.0122 0.6527 0.0158 0.0138 0.0139 0.0046 0.1644 0.0127 0.0048 0.0109 0.0131 0.0371 0.0034 
      H415.6  1 0.0097 0.0071 0.0118 0.1328 0.6425 0.0271 0.0178 0.0149 0.0081 0.0224 0.0222 0.0272 0.0092 0.0205 0.0201 0.0066 
      H415.7  1 0.1319 0.0512 0.0167 0.0177 0.3199 0.0774 0.1534 0.0140 0.0050 0.1316 0.0118 0.0099 0.0149 0.0255 0.0130 0.0062 
      H506.1  1 0.0193 0.0093 0.0106 0.0038 0.0191 0.0045 0.0048 0.0100 0.0202 0.8325 0.0101 0.0083 0.0233 0.0102 0.0103 0.0036 
      H506.2  1 0.0253 0.0106 0.0067 0.0039 0.0117 0.0078 0.0090 0.0079 0.0075 0.8537 0.0058 0.0094 0.0180 0.0055 0.0088 0.0082 
      H506.3  1 0.0423 0.0559 0.0273 0.0061 0.0242 0.0076 0.0099 0.0197 0.0710 0.5779 0.0102 0.0195 0.0128 0.0929 0.0144 0.0083 
      H506.4  1 0.0335 0.0252 0.0194 0.0055 0.0279 0.0058 0.0084 0.0136 0.0238 0.7353 0.0131 0.0179 0.0147 0.0286 0.0167 0.0106 
      H506.5  1 0.0412 0.0114 0.0088 0.0040 0.0223 0.0058 0.0110 0.0075 0.0122 0.8136 0.0049 0.0082 0.0140 0.0140 0.0120 0.0091 
      H506.6  1 0.1151 0.0821 0.0421 0.0084 0.0251 0.0152 0.2718 0.0784 0.0359 0.1482 0.0087 0.0199 0.0302 0.0805 0.0171 0.0214 
      H506.7  1 0.0248 0.0120 0.0127 0.0035 0.0268 0.0065 0.0070 0.0072 0.0132 0.8165 0.0073 0.0117 0.0146 0.0111 0.0172 0.0081 
      H533.1  1 0.0058 0.0172 0.0053 0.0044 0.0101 0.0039 0.0066 0.0091 0.0111 0.7110 0.0042 0.0072 0.1775 0.0125 0.0102 0.0039 
      H533.2  1 0.0051 0.0171 0.0051 0.0034 0.0138 0.0038 0.0056 0.0082 0.0094 0.8276 0.0047 0.0055 0.0614 0.0181 0.0076 0.0037 
      H533.3  1 0.0108 0.0604 0.0074 0.0059 0.0252 0.0043 0.0117 0.0410 0.0106 0.7034 0.0042 0.0112 0.0820 0.0110 0.0043 0.0067 
      H533.4  1 0.0094 0.0658 0.0100 0.0094 0.0289 0.0087 0.0200 0.0182 0.0194 0.7426 0.0052 0.0071 0.0269 0.0107 0.0082 0.0095 
      H535.1  1 0.0304 0.0210 0.0213 0.0190 0.0155 0.0134 0.0264 0.0106 0.0047 0.7642 0.0168 0.0085 0.0123 0.0050 0.0095 0.0216 
      H535.2  1 0.0134 0.0126 0.0225 0.0051 0.0046 0.0267 0.0063 0.0162 0.0425 0.7709 0.0059 0.0271 0.0164 0.0036 0.0126 0.0136 
      H535.3  1 0.0170 0.0114 0.0183 0.0077 0.0043 0.0266 0.0196 0.0128 0.1016 0.6525 0.0081 0.0324 0.0168 0.0068 0.0510 0.0131 
      H535.4  1 0.0044 0.0064 0.0047 0.0045 0.0057 0.0095 0.0048 0.0057 0.0096 0.9104 0.0078 0.0046 0.0052 0.0034 0.0087 0.0046 
      H535.5  1 0.0068 0.0118 0.0106 0.0061 0.0137 0.0082 0.0045 0.0073 0.0052 0.8940 0.0059 0.0048 0.0055 0.0036 0.0052 0.0069 
      H535.6  1 0.0308 0.0281 0.1990 0.0254 0.0108 0.0539 0.0327 0.0146 0.0196 0.4819 0.0253 0.0135 0.0162 0.0060 0.0097 0.0324 
      H535.7  1 0.0064 0.0092 0.0094 0.0079 0.0077 0.0064 0.0054 0.0075 0.0048 0.8971 0.0059 0.0061 0.0055 0.0062 0.0068 0.0076 
      H535.8  1 0.0100 0.0107 0.0822 0.0084 0.0102 0.0220 0.0085 0.0070 0.0205 0.7663 0.0071 0.0141 0.0092 0.0057 0.0116 0.0066 
      H535.9  1 0.0147 0.0094 0.0072 0.0240 0.0062 0.0124 0.0438 0.0064 0.0097 0.7827 0.0082 0.0076 0.0067 0.0112 0.0318 0.0183 
      H539.1  1 0.0051 0.0039 0.0042 0.9212 0.0050 0.0042 0.0113 0.0036 0.0032 0.0034 0.0046 0.0050 0.0044 0.0070 0.0036 0.0103 
      H539.2  1 0.0076 0.0700 0.0177 0.7588 0.0129 0.0079 0.0075 0.0148 0.0226 0.0092 0.0067 0.0153 0.0107 0.0133 0.0113 0.0137 
      H539.3  1 0.0064 0.0079 0.0137 0.8399 0.0038 0.0145 0.0089 0.0063 0.0095 0.0054 0.0084 0.0135 0.0057 0.0104 0.0060 0.0399 
      H539.4  1 0.0065 0.0079 0.0059 0.8944 0.0062 0.0037 0.0092 0.0070 0.0051 0.0043 0.0036 0.0067 0.0114 0.0160 0.0065 0.0056 
      H539.5  1 0.0068 0.0036 0.0032 0.9326 0.0041 0.0038 0.0067 0.0040 0.0035 0.0037 0.0048 0.0050 0.0033 0.0040 0.0031 0.0078 
      H539.6  1 0.0065 0.0043 0.0054 0.9244 0.0054 0.0050 0.0059 0.0037 0.0052 0.0035 0.0051 0.0082 0.0039 0.0040 0.0038 0.0056 
      H539.7  1 0.0047 0.0044 0.0045 0.9332 0.0035 0.0042 0.0068 0.0044 0.0035 0.0035 0.0056 0.0042 0.0042 0.0047 0.0044 0.0041 
      H539.8  1 0.0076 0.0083 0.0206 0.8433 0.0046 0.0114 0.0079 0.0089 0.0099 0.0086 0.0101 0.0065 0.0118 0.0175 0.0139 0.0090 
      H539.9  1 0.0062 0.0059 0.0038 0.9178 0.0056 0.0031 0.0073 0.0057 0.0047 0.0035 0.0041 0.0061 0.0063 0.0084 0.0043 0.0072 
      H540.1  1 0.0247 0.0183 0.0065 0.8419 0.0048 0.0108 0.0138 0.0188 0.0062 0.0078 0.0085 0.0062 0.0073 0.0094 0.0039 0.0112 
      H540.2  1 0.0092 0.0071 0.0052 0.9050 0.0064 0.0053 0.0096 0.0103 0.0031 0.0046 0.0066 0.0045 0.0067 0.0043 0.0043 0.0078 
      H540.3  1 0.0234 0.0232 0.0327 0.4058 0.0113 0.0141 0.0690 0.0469 0.0107 0.0106 0.0347 0.0060 0.0179 0.2756 0.0108 0.0073 
      H540.4  1 0.0089 0.0105 0.0068 0.8998 0.0047 0.0074 0.0076 0.0096 0.0048 0.0069 0.0088 0.0041 0.0056 0.0036 0.0054 0.0055 
      H540.5  1 0.0166 0.0098 0.0086 0.8629 0.0063 0.0068 0.0120 0.0100 0.0069 0.0067 0.0062 0.0059 0.0102 0.0175 0.0056 0.0081 
      H540.6  1 0.0245 0.0166 0.0112 0.7901 0.0099 0.0085 0.0176 0.0215 0.0196 0.0134 0.0120 0.0113 0.0097 0.0102 0.0055 0.0184 
      H540.7  1 0.0107 0.0080 0.0053 0.8935 0.0082 0.0055 0.0085 0.0120 0.0050 0.0087 0.0059 0.0073 0.0064 0.0038 0.0066 0.0047 
      H540.8  1 0.0113 0.0120 0.0068 0.8702 0.0050 0.0103 0.0142 0.0164 0.0026 0.0103 0.0058 0.0048 0.0072 0.0064 0.0058 0.0107 
     H9558.1  1 0.0051 0.0115 0.0077 0.8792 0.0076 0.0057 0.0198 0.0041 0.0049 0.0056 0.0046 0.0040 0.0090 0.0104 0.0053 0.0152 
     H9558.2  1 0.0082 0.0103 0.0171 0.8199 0.0173 0.0074 0.0190 0.0052 0.0112 0.0074 0.0074 0.0167 0.0186 0.0105 0.0102 0.0135 
     H9558.3  1 0.0117 0.0061 0.0073 0.8560 0.0093 0.0053 0.0063 0.0072 0.0063 0.0077 0.0089 0.0133 0.0138 0.0094 0.0100 0.0212 
     H9558.4  1 0.0058 0.0126 0.0066 0.8877 0.0145 0.0039 0.0131 0.0039 0.0050 0.0059 0.0042 0.0053 0.0077 0.0106 0.0048 0.0083 
     H9558.5  1 0.0065 0.0086 0.0059 0.8922 0.0099 0.0032 0.0087 0.0121 0.0053 0.0058 0.0058 0.0036 0.0059 0.0158 0.0069 0.0040 
     H9558.6  1 0.0104 0.0065 0.0113 0.7527 0.0082 0.0067 0.0348 0.0468 0.0046 0.0063 0.0130 0.0570 0.0136 0.0107 0.0079 0.0097 
    kos339.1  1 0.0180 0.0109 0.0075 0.0071 0.0127 0.0070 0.0159 0.0121 0.0066 0.8466 0.0064 0.0222 0.0073 0.0064 0.0068 0.0063 
    kos339.2  1 0.0074 0.0044 0.0056 0.0060 0.0112 0.0099 0.0046 0.0080 0.0072 0.8652 0.0193 0.0193 0.0111 0.0081 0.0081 0.0048 
    kos339.3  1 0.0073 0.0052 0.0045 0.0066 0.0088 0.0089 0.0045 0.0071 0.0040 0.9158 0.0036 0.0061 0.0037 0.0044 0.0050 0.0045 
    kos339.4  1 0.0065 0.0059 0.0066 0.0069 0.0170 0.0118 0.0040 0.0073 0.0054 0.8970 0.0053 0.0067 0.0041 0.0057 0.0057 0.0043 
    kos339.5  1 0.0167 0.0089 0.0065 0.0095 0.0076 0.0075 0.0083 0.0070 0.0066 0.8808 0.0084 0.0121 0.0046 0.0037 0.0060 0.0059 
    kos339.6  1 0.0084 0.0053 0.0051 0.0055 0.0075 0.0145 0.0069 0.0158 0.0053 0.8876 0.0079 0.0069 0.0049 0.0074 0.0049 0.0060 
    kos339.7  1 0.0058 0.0062 0.0040 0.0050 0.0088 0.0100 0.0047 0.0074 0.0034 0.9183 0.0041 0.0061 0.0034 0.0046 0.0039 0.0043 
    kos339.8  1 0.0105 0.0061 0.0059 0.0039 0.0177 0.0090 0.0043 0.0121 0.0073 0.8911 0.0051 0.0067 0.0052 0.0058 0.0059 0.0033 
    kos339.9  1 0.0115 0.0090 0.0051 0.0339 0.0082 0.0106 0.0082 0.0067 0.0050 0.8371 0.0175 0.0147 0.0069 0.0053 0.0083 0.0118 
      H008.1  2 0.0069 0.0151 0.0103 0.0810 0.0103 0.0062 0.0142 0.0103 0.0100 0.0076 0.0172 0.7653 0.0225 0.0064 0.0112 0.0055 
      H008.2  2 0.0151 0.0266 0.0279 0.0932 0.0110 0.0102 0.0270 0.0141 0.0403 0.0139 0.0249 0.0581 0.5444 0.0457 0.0220 0.0255 
      H008.3  2 0.0132 0.1201 0.0750 0.1200 0.0119 0.0174 0.0207 0.0320 0.1169 0.0511 0.0371 0.0464 0.1909 0.0334 0.0413 0.0727 
      H008.4  2 0.0185 0.0120 0.0293 0.0697 0.0283 0.0188 0.0163 0.0130 0.0157 0.0105 0.0409 0.5170 0.1324 0.0490 0.0103 0.0184 
      H008.5  2 0.0132 0.0197 0.0362 0.0457 0.0085 0.0081 0.0085 0.0149 0.0156 0.0153 0.0218 0.6973 0.0326 0.0234 0.0168 0.0226 
      H008.6  2 0.0184 0.0159 0.0363 0.0534 0.0121 0.0205 0.0219 0.0148 0.0062 0.0127 0.0367 0.1373 0.5257 0.0505 0.0110 0.0265 
      H008.7  2 0.0163 0.0312 0.0556 0.0700 0.0220 0.0122 0.0407 0.0115 0.0564 0.0167 0.0385 0.2862 0.2054 0.0831 0.0370 0.0172 
      H008.8  2 0.0090 0.0089 0.0102 0.2667 0.0140 0.0105 0.0481 0.0073 0.0251 0.0093 0.0198 0.1256 0.4087 0.0082 0.0078 0.0207 
      H008.9  2 0.0088 0.0107 0.0128 0.0258 0.0074 0.0231 0.0625 0.0106 0.0103 0.0103 0.0228 0.0189 0.6683 0.0638 0.0174 0.0265 
 H029.1_2002  2 0.0281 0.0086 0.0761 0.0352 0.0455 0.0085 0.0307 0.0090 0.0118 0.0049 0.0153 0.6670 0.0186 0.0273 0.0069 0.0066 
 H029.1_2003  2 0.0128 0.0117 0.8020 0.0118 0.0084 0.0100 0.0171 0.0130 0.0058 0.0119 0.0157 0.0125 0.0387 0.0119 0.0085 0.0081 
 H029.2_2002  2 0.0238 0.0225 0.0946 0.0108 0.0055 0.0347 0.0102 0.0060 0.0312 0.1196 0.0063 0.5596 0.0122 0.0405 0.0080 0.0144 
 H029.2_2003  2 0.0239 0.0708 0.6277 0.0091 0.0045 0.0173 0.0157 0.0164 0.0074 0.0789 0.0056 0.0454 0.0347 0.0234 0.0050 0.0143 
 H029.3_2002  2 0.0198 0.0319 0.1612 0.0094 0.0094 0.0342 0.0138 0.0245 0.0568 0.1854 0.0076 0.1877 0.0258 0.2044 0.0080 0.0201 
 H029.3_2003  2 0.0112 0.0209 0.4495 0.0078 0.0077 0.0104 0.0049 0.0131 0.0072 0.0179 0.0110 0.3566 0.0555 0.0075 0.0128 0.0059 
 H029.4_2002  2 0.0049 0.0094 0.1117 0.0053 0.0115 0.0167 0.0040 0.0078 0.0143 0.0082 0.0097 0.7495 0.0111 0.0229 0.0079 0.0051 
 H029.4_2003  2 0.0078 0.0113 0.7742 0.0167 0.0123 0.0064 0.0100 0.0089 0.0106 0.0085 0.0086 0.0678 0.0226 0.0140 0.0095 0.0108 
 H029.5_2002  2 0.0133 0.0066 0.0626 0.0082 0.0096 0.0089 0.0077 0.0075 0.0118 0.0055 0.0202 0.8102 0.0097 0.0060 0.0071 0.0051 
 H029.5_2003  2 0.0056 0.0217 0.6629 0.0071 0.0088 0.0079 0.0083 0.0064 0.0045 0.0070 0.0093 0.1477 0.0822 0.0101 0.0056 0.0051 
 H029.6_2002  2 0.0062 0.0106 0.5303 0.0045 0.0085 0.0224 0.0052 0.0072 0.0285 0.0092 0.0073 0.2775 0.0166 0.0507 0.0075 0.0076 
 H029.6_2003  2 0.0395 0.0614 0.1691 0.0185 0.0074 0.0320 0.0151 0.0172 0.0132 0.1049 0.0363 0.3989 0.0543 0.0106 0.0138 0.0076 
      H029.7  2 0.0140 0.0151 0.0611 0.0092 0.0054 0.0586 0.0095 0.0052 0.0328 0.0274 0.0054 0.6937 0.0048 0.0380 0.0068 0.0130 
      H030.1  2 0.1261 0.0201 0.0840 0.0062 0.0056 0.0124 0.0127 0.4684 0.0144 0.0141 0.0139 0.0426 0.0164 0.0049 0.1493 0.0089 
      H030.2  2 0.0128 0.0106 0.0277 0.0271 0.1146 0.0095 0.0088 0.3280 0.1562 0.0058 0.0155 0.0752 0.0107 0.0590 0.1334 0.0051 
      H038.1  2 0.0057 0.0056 0.0093 0.0077 0.0074 0.0081 0.0105 0.0068 0.0058 0.0062 0.0055 0.8717 0.0090 0.0269 0.0039 0.0098 
      H038.2  2 0.0095 0.0075 0.0066 0.0048 0.0121 0.0041 0.0062 0.0082 0.0079 0.0158 0.0080 0.8797 0.0099 0.0066 0.0099 0.0034 
      H038.3  2 0.0346 0.0073 0.0056 0.0106 0.0207 0.0107 0.0132 0.0219 0.0081 0.0112 0.0137 0.7854 0.0114 0.0309 0.0097 0.0051 
      H038.4  2 0.0211 0.0054 0.0056 0.0063 0.0123 0.0139 0.0080 0.0063 0.0084 0.0123 0.0154 0.8253 0.0162 0.0299 0.0092 0.0046 
      H038.5  2 0.0091 0.0118 0.0115 0.0121 0.0083 0.0109 0.0047 0.0153 0.0121 0.0100 0.0084 0.8233 0.0175 0.0304 0.0104 0.0041 
      H038.6  2 0.0092 0.0107 0.0132 0.0116 0.0078 0.0046 0.0064 0.0121 0.0050 0.0071 0.0042 0.8754 0.0090 0.0126 0.0064 0.0048 
      H038.7  2 0.0373 0.0080 0.0059 0.0133 0.0140 0.0042 0.0085 0.0086 0.0037 0.0116 0.0058 0.8479 0.0091 0.0106 0.0073 0.0043 
      H038.8  2 0.0169 0.0064 0.0049 0.0071 0.0159 0.0081 0.0078 0.0104 0.0105 0.0101 0.0111 0.7859 0.0075 0.0817 0.0113 0.0046 
      H041.1  2 0.0328 0.0160 0.3908 0.0099 0.0123 0.0351 0.0174 0.0066 0.0807 0.0144 0.0644 0.1564 0.0061 0.0333 0.1065 0.0171 
      H041.2  2 0.0141 0.0072 0.5078 0.0075 0.0179 0.0189 0.0106 0.0087 0.0077 0.0102 0.2855 0.0559 0.0088 0.0195 0.0112 0.0084 
      H041.4  2 0.0117 0.0081 0.5733 0.0218 0.0093 0.0314 0.0228 0.0071 0.0093 0.0068 0.0255 0.1839 0.0200 0.0263 0.0213 0.0213 
      H041.6  2 0.0252 0.0065 0.4917 0.0535 0.0174 0.0234 0.0328 0.0123 0.0144 0.0098 0.0428 0.1987 0.0118 0.0137 0.0171 0.0291 
 H042.1_2002  2 0.0119 0.0106 0.7001 0.0960 0.0418 0.0218 0.0179 0.0097 0.0070 0.0093 0.0198 0.0089 0.0071 0.0130 0.0130 0.0120 
 H042.1_2003  2 0.0599 0.0481 0.0506 0.1231 0.0281 0.0309 0.0422 0.0353 0.0146 0.0105 0.1631 0.0909 0.1477 0.1179 0.0223 0.0149 
 H042.2_2002  2 0.0067 0.0238 0.5953 0.0108 0.1831 0.0110 0.0049 0.0046 0.0069 0.0078 0.0177 0.0713 0.0053 0.0284 0.0087 0.0140 
 H042.2_2003  2 0.0254 0.0145 0.2083 0.0927 0.0141 0.0366 0.0192 0.0147 0.0046 0.0106 0.4190 0.0990 0.0114 0.0055 0.0126 0.0118 
 H042.3_2002  2 0.0089 0.0311 0.4807 0.0451 0.2449 0.0292 0.0110 0.0092 0.0066 0.0101 0.0556 0.0130 0.0057 0.0239 0.0138 0.0110 
 H042.3_2003  2 0.0107 0.0585 0.3382 0.1193 0.2015 0.0310 0.0145 0.0182 0.0299 0.0091 0.0567 0.0298 0.0065 0.0321 0.0290 0.0150 
 H042.4_2002  2 0.0067 0.0112 0.8237 0.0129 0.0065 0.0148 0.0123 0.0136 0.0088 0.0102 0.0325 0.0171 0.0057 0.0086 0.0088 0.0066 
 H042.4_2003  2 0.0508 0.0066 0.7120 0.0151 0.0074 0.0273 0.0279 0.0070 0.0167 0.0064 0.0173 0.0429 0.0053 0.0071 0.0224 0.0278 
      H042.5  2 0.0081 0.0073 0.8794 0.0109 0.0065 0.0183 0.0065 0.0041 0.0047 0.0052 0.0086 0.0064 0.0048 0.0028 0.0116 0.0147 
      H042.6  2 0.0195 0.0080 0.8059 0.0208 0.0163 0.0086 0.0132 0.0058 0.0075 0.0057 0.0056 0.0140 0.0056 0.0111 0.0114 0.0410 
      H042.7  2 0.0545 0.0105 0.4551 0.0115 0.1609 0.0696 0.0152 0.0065 0.0066 0.0102 0.1360 0.0198 0.0072 0.0064 0.0215 0.0085 
      H042.8  2 0.0063 0.0137 0.7404 0.0280 0.0560 0.0135 0.0096 0.0042 0.0042 0.0043 0.0608 0.0094 0.0064 0.0164 0.0095 0.0174 
   H042_2002  2 0.0468 0.0201 0.0837 0.2268 0.1505 0.0208 0.0402 0.0111 0.0065 0.0067 0.0435 0.0946 0.0166 0.0412 0.0207 0.1699 
   H042_2003  2 0.0368 0.0206 0.1092 0.2184 0.1460 0.0258 0.0447 0.0160 0.0075 0.0072 0.0468 0.1048 0.0209 0.0361 0.0228 0.1364 
      H043.1  2 0.0339 0.0109 0.0163 0.6337 0.0110 0.0148 0.0192 0.0158 0.0178 0.0147 0.0050 0.0337 0.0152 0.0868 0.0476 0.0236 
      H043.2  2 0.0094 0.0085 0.0090 0.4929 0.0121 0.0624 0.0566 0.0071 0.0062 0.0109 0.0098 0.0708 0.0542 0.1171 0.0049 0.0680 
      H043.3  2 0.2111 0.0110 0.0086 0.1061 0.0465 0.0105 0.0248 0.0127 0.0047 0.0127 0.0067 0.4577 0.0202 0.0338 0.0115 0.0211 
      H043.4  2 0.0936 0.0093 0.0138 0.4382 0.0169 0.0171 0.0556 0.0112 0.0066 0.0157 0.0067 0.0986 0.0086 0.1023 0.0212 0.0845 
      H043.5  2 0.0193 0.0113 0.0108 0.3155 0.0399 0.0135 0.0366 0.0108 0.0082 0.0146 0.0185 0.2009 0.0463 0.2369 0.0102 0.0066 
      H043.6  2 0.0146 0.0110 0.0150 0.2405 0.0153 0.0095 0.0512 0.0133 0.0056 0.0173 0.0198 0.3222 0.0197 0.2290 0.0061 0.0099 
      H043.7  2 0.3454 0.0075 0.0097 0.2176 0.0229 0.0116 0.0773 0.0150 0.0046 0.0079 0.0151 0.0418 0.0154 0.0842 0.0128 0.1113 
      H043.8  2 0.0484 0.0285 0.0073 0.2556 0.0635 0.0418 0.0426 0.1196 0.0246 0.0412 0.0320 0.0942 0.1281 0.0359 0.0123 0.0244 
      H043.9  2 0.0921 0.0141 0.0263 0.4042 0.0204 0.0072 0.0192 0.0267 0.0214 0.0233 0.0070 0.1805 0.0240 0.0723 0.0292 0.0321 
      H047.1  2 0.0084 0.0102 0.0063 0.2585 0.0705 0.0087 0.0099 0.0066 0.0042 0.0099 0.0048 0.5415 0.0088 0.0068 0.0369 0.0082 
      H047.2  2 0.0599 0.0429 0.0196 0.0114 0.0088 0.0255 0.0467 0.0134 0.0468 0.0101 0.0226 0.5656 0.0398 0.0058 0.0699 0.0111 
      H047.3  2 0.0268 0.0774 0.0189 0.0089 0.0317 0.0192 0.0195 0.0098 0.0481 0.0088 0.0955 0.4372 0.0367 0.0069 0.1350 0.0196 
      H047.4  2 0.1297 0.0094 0.0433 0.0109 0.0433 0.0264 0.0349 0.0097 0.0113 0.0161 0.0554 0.5243 0.0229 0.0044 0.0478 0.0103 
      H047.5  2 0.0177 0.0186 0.0077 0.0227 0.0668 0.0099 0.0089 0.0113 0.0066 0.0098 0.0433 0.4935 0.0106 0.0041 0.2120 0.0566 
      H047.6  2 0.0211 0.0393 0.0442 0.0093 0.0375 0.0134 0.0357 0.0079 0.0128 0.0070 0.0964 0.2597 0.0199 0.0149 0.3707 0.0102 
      H047.7  2 0.0093 0.0057 0.0168 0.1533 0.1672 0.0169 0.0091 0.0063 0.0071 0.0131 0.0113 0.4834 0.0052 0.0125 0.0763 0.0065 
      H047.8  2 0.0123 0.0626 0.0240 0.0267 0.0416 0.0166 0.0419 0.0079 0.0101 0.0096 0.0737 0.3445 0.0172 0.0084 0.2850 0.0179 
      H047.9  2 0.0171 0.0102 0.0130 0.0491 0.1190 0.0502 0.0104 0.0094 0.0054 0.0144 0.0106 0.5534 0.0094 0.0035 0.0778 0.0473 
 H071.1_2002  2 0.0074 0.0059 0.0061 0.0221 0.0061 0.0048 0.0066 0.0080 0.0037 0.0072 0.0057 0.8938 0.0050 0.0057 0.0040 0.0078 
 H071.1_2003  2 0.0467 0.0097 0.0111 0.0380 0.0068 0.0131 0.0244 0.0603 0.0042 0.0212 0.0158 0.5674 0.0099 0.0112 0.0083 0.1519 
     H071.10  2 0.0052 0.0043 0.0056 0.0054 0.0140 0.0050 0.0053 0.0177 0.0120 0.0067 0.0043 0.8901 0.0066 0.0069 0.0054 0.0054 
 H071.2_2002  2 0.0079 0.0089 0.0081 0.0120 0.0099 0.0102 0.0121 0.0073 0.0039 0.0099 0.0068 0.8436 0.0323 0.0091 0.0066 0.0113 
 H071.2_2003  2 0.0053 0.0041 0.0053 0.0076 0.0041 0.0039 0.0048 0.0053 0.0044 0.0053 0.0042 0.9278 0.0040 0.0032 0.0045 0.0061 
      H071.3  2 0.0094 0.0053 0.0074 0.0075 0.0142 0.0068 0.0040 0.0223 0.0097 0.0090 0.0142 0.8525 0.0119 0.0090 0.0117 0.0052 
 H071.4_2002  2 0.0082 0.0069 0.0075 0.0064 0.0158 0.0078 0.0083 0.0165 0.0082 0.0118 0.0055 0.8554 0.0107 0.0131 0.0111 0.0067 
 H071.4_2003  2 0.0052 0.0047 0.0038 0.0068 0.0090 0.0064 0.0046 0.0082 0.0048 0.0045 0.0050 0.9158 0.0072 0.0028 0.0067 0.0044 
 H071.5_2002  2 0.0059 0.0040 0.0063 0.0068 0.0072 0.0037 0.0040 0.0077 0.0064 0.0047 0.0045 0.9189 0.0038 0.0045 0.0062 0.0053 
 H071.5_2003  2 0.0109 0.0100 0.0058 0.0086 0.0204 0.0095 0.0082 0.0204 0.0038 0.0052 0.0062 0.8641 0.0076 0.0041 0.0084 0.0068 
 H071.6_2002  2 0.0062 0.0051 0.0045 0.0062 0.0344 0.0054 0.0058 0.0085 0.0050 0.0067 0.0042 0.8758 0.0137 0.0047 0.0068 0.0070 
 H071.6_2003  2 0.0158 0.0055 0.0048 0.0060 0.0086 0.0051 0.0066 0.0195 0.0046 0.0053 0.0038 0.8930 0.0062 0.0043 0.0055 0.0055 
 H071.7_2002  2 0.0084 0.0042 0.0042 0.0060 0.0096 0.0039 0.0046 0.0040 0.0037 0.0046 0.0036 0.9231 0.0065 0.0036 0.0039 0.0062 
 H071.7_2003  2 0.0092 0.0108 0.0069 0.0147 0.0088 0.0089 0.0101 0.0257 0.0043 0.0071 0.0059 0.8617 0.0054 0.0048 0.0072 0.0085 
      H071.8  2 0.0075 0.0056 0.0071 0.0072 0.0063 0.0118 0.0107 0.0049 0.0045 0.0071 0.0069 0.8566 0.0409 0.0078 0.0051 0.0102 
      H071.9  2 0.0132 0.0091 0.0299 0.0094 0.0413 0.0141 0.0157 0.0305 0.0112 0.0095 0.0102 0.6751 0.0739 0.0185 0.0230 0.0155 
 H081.1_2002  2 0.0067 0.0055 0.0079 0.0113 0.0058 0.0084 0.0063 0.0077 0.0063 0.0055 0.0068 0.8905 0.0059 0.0045 0.0044 0.0165 
 H081.1_2003  2 0.1844 0.0284 0.0601 0.0572 0.0142 0.0213 0.1205 0.0561 0.0188 0.0494 0.0181 0.0375 0.0330 0.2719 0.0153 0.0138 
 H081.2_2002  2 0.0148 0.0048 0.0062 0.0114 0.0042 0.0090 0.0085 0.0049 0.0051 0.0050 0.0054 0.8589 0.0055 0.0046 0.0054 0.0462 
 H081.2_2003  2 0.0165 0.0075 0.0172 0.0311 0.0064 0.0140 0.0171 0.6894 0.0290 0.0079 0.0088 0.0396 0.0269 0.0078 0.0072 0.0736 
 H081.3_2002  2 0.0134 0.0049 0.0065 0.0055 0.0056 0.0130 0.0130 0.0116 0.0061 0.0098 0.0072 0.8505 0.0192 0.0067 0.0103 0.0168 
 H081.3_2003  2 0.0098 0.0175 0.0299 0.0779 0.0107 0.0171 0.0699 0.5887 0.0140 0.0211 0.0106 0.0147 0.0478 0.0153 0.0160 0.0390 
 H081.4_2002  2 0.0128 0.0070 0.0061 0.0077 0.0067 0.0074 0.0047 0.0092 0.0054 0.0127 0.0066 0.8887 0.0082 0.0040 0.0068 0.0061 
 H081.4_2003  2 0.0998 0.0300 0.1182 0.0748 0.0112 0.0135 0.1052 0.3368 0.0172 0.0507 0.0222 0.0240 0.0362 0.0208 0.0101 0.0292 
 H081.5_2002  2 0.0149 0.0064 0.0089 0.0071 0.0051 0.0080 0.0082 0.0147 0.0044 0.0072 0.0064 0.8789 0.0108 0.0046 0.0057 0.0087 
 H081.5_2003  2 0.3559 0.0197 0.0488 0.0775 0.0169 0.0235 0.0711 0.0960 0.0164 0.0420 0.0475 0.0550 0.0183 0.0287 0.0165 0.0664 
      H081.6  2 0.0095 0.0061 0.0065 0.0153 0.0083 0.0082 0.0068 0.0075 0.0040 0.0098 0.0079 0.8818 0.0054 0.0046 0.0050 0.0134 
      H081.7  2 0.0099 0.0043 0.0074 0.0051 0.0052 0.0152 0.0084 0.0098 0.0057 0.0077 0.0055 0.8483 0.0089 0.0046 0.0075 0.0466 
      H081.8  2 0.0117 0.0079 0.0157 0.0075 0.0111 0.0257 0.0123 0.0539 0.0182 0.0159 0.0119 0.7409 0.0375 0.0136 0.0065 0.0097 
      H083.1  2 0.0127 0.0102 0.0270 0.0063 0.0154 0.0047 0.0048 0.0082 0.0272 0.0424 0.0042 0.7918 0.0152 0.0101 0.0115 0.0084 
      H083.2  2 0.0090 0.0104 0.0126 0.0108 0.0091 0.0077 0.0128 0.0058 0.0212 0.0142 0.0052 0.8165 0.0100 0.0077 0.0322 0.0148 
      H083.4  2 0.0057 0.0073 0.0115 0.0056 0.0105 0.0084 0.0083 0.0066 0.0991 0.0060 0.0056 0.7471 0.0360 0.0124 0.0168 0.0132 
      H083.5  2 0.0120 0.0060 0.0344 0.0086 0.0079 0.0086 0.0081 0.0074 0.0930 0.0147 0.0071 0.7126 0.0246 0.0268 0.0167 0.0113 
      H083.6  2 0.0113 0.0137 0.0206 0.0064 0.0106 0.0131 0.0056 0.0121 0.1303 0.0461 0.0098 0.6307 0.0582 0.0114 0.0086 0.0115 
      H083.7  2 0.0077 0.0079 0.0068 0.0061 0.0104 0.0139 0.0092 0.0062 0.2090 0.0062 0.0070 0.6379 0.0357 0.0085 0.0157 0.0119 
      H083.8  2 0.0093 0.0091 0.0141 0.0110 0.0087 0.0109 0.0099 0.0040 0.0241 0.0138 0.0055 0.8037 0.0164 0.0076 0.0358 0.0160 
      H083.9  2 0.0112 0.0069 0.0226 0.0068 0.0089 0.0075 0.0042 0.0058 0.1255 0.0177 0.0073 0.7255 0.0159 0.0115 0.0157 0.0073 
      H084.1  2 0.0073 0.0142 0.0282 0.0111 0.0157 0.0054 0.0161 0.7036 0.0094 0.0056 0.0265 0.0098 0.0064 0.1068 0.0241 0.0098 
      H084.2  2 0.0148 0.0222 0.0598 0.0077 0.0088 0.0070 0.0198 0.6770 0.0075 0.0070 0.0042 0.0072 0.0078 0.1352 0.0094 0.0046 
      H084.3  2 0.0228 0.0140 0.0178 0.0067 0.0316 0.0078 0.0147 0.2911 0.0169 0.0383 0.1928 0.0064 0.0117 0.2852 0.0362 0.0059 
      H084.4  2 0.0817 0.0149 0.0484 0.0084 0.0194 0.0258 0.0199 0.3169 0.0070 0.0119 0.0920 0.0063 0.0331 0.2876 0.0231 0.0035 
      H084.5  2 0.0284 0.0102 0.0093 0.0070 0.1151 0.0063 0.0096 0.5860 0.0073 0.0192 0.0953 0.0062 0.0093 0.0481 0.0348 0.0078 
      H084.6  2 0.0125 0.0057 0.0081 0.0053 0.0328 0.0071 0.0083 0.5451 0.0353 0.0129 0.1531 0.0062 0.0226 0.1074 0.0299 0.0076 
      H084.7  2 0.0081 0.0176 0.0373 0.0129 0.0123 0.0202 0.0076 0.8170 0.0057 0.0069 0.0071 0.0081 0.0078 0.0157 0.0103 0.0054 
      H084.8  2 0.0148 0.0095 0.0099 0.0045 0.0244 0.0062 0.0084 0.5979 0.0064 0.0101 0.1394 0.0055 0.0126 0.0937 0.0487 0.0080 
 H085.1_2002  2 0.0061 0.0065 0.0302 0.0080 0.0087 0.0124 0.0102 0.0125 0.0155 0.0117 0.0059 0.0439 0.0074 0.0166 0.0074 0.7969 
 H085.1_2003  2 0.0507 0.0118 0.1372 0.0067 0.0063 0.0288 0.0095 0.0113 0.0972 0.0118 0.0252 0.3794 0.0254 0.0154 0.0508 0.1326 
 H085.2_2002  2 0.0230 0.0110 0.0655 0.0117 0.0172 0.1367 0.1876 0.0295 0.0910 0.0194 0.0178 0.0402 0.0115 0.0726 0.0091 0.2562 
 H085.2_2003  2 0.0367 0.0182 0.0579 0.0104 0.0070 0.0192 0.0157 0.0158 0.0393 0.0137 0.0132 0.6624 0.0293 0.0119 0.0220 0.0274 
 H085.3_2002  2 0.0148 0.0053 0.0187 0.0080 0.0044 0.0229 0.0155 0.0051 0.0162 0.0040 0.0104 0.0086 0.0049 0.0050 0.0097 0.8465 
 H085.3_2003  2 0.1227 0.0138 0.0195 0.0127 0.0046 0.0093 0.0060 0.0114 0.0087 0.0053 0.0169 0.6950 0.0064 0.0047 0.0296 0.0335 
 H085.4_2002  2 0.0119 0.0132 0.0678 0.0298 0.0195 0.0443 0.0659 0.0222 0.0284 0.0226 0.0186 0.1395 0.0139 0.0540 0.0103 0.4384 
 H085.4_2003  2 0.0407 0.0076 0.0460 0.0160 0.0196 0.0134 0.0202 0.0231 0.0069 0.0087 0.0407 0.7281 0.0066 0.0061 0.0074 0.0089 
 H085.5_2002  2 0.0161 0.0056 0.0110 0.0112 0.0036 0.0107 0.0110 0.0045 0.0041 0.0053 0.0094 0.0092 0.0041 0.0042 0.0069 0.8832 
 H085.5_2003  2 0.0142 0.0139 0.0248 0.0089 0.0046 0.0080 0.0084 0.0192 0.0309 0.0096 0.0076 0.7912 0.0093 0.0063 0.0184 0.0247 
