      H105.1  1 0.0163 0.0140 0.0055 0.0189 0.0057 0.0044 0.0071 0.0161 0.0082 0.1416 0.0096 0.0108 0.0089 0.0072 0.0208 0.0447 0.5911 0.0057 0.0136 0.0152 0.0049 0.0050 0.0145 0.0103 
      H105.2  1 0.0165 0.1843 0.0111 0.0312 0.0075 0.0220 0.0083 0.0513 0.0189 0.0743 0.0048 0.0087 0.0378 0.0310 0.0072 0.0372 0.3155 0.0102 0.0272 0.0289 0.0127 0.0302 0.0128 0.0104 
      H105.3  1 0.0099 0.0145 0.0068 0.0105 0.0040 0.0144 0.0054 0.0151 0.0056 0.0095 0.0123 0.0075 0.0083 0.0153 0.0051 0.0128 0.7698 0.0077 0.0198 0.0179 0.0070 0.0045 0.0060 0.0103 
      H105.4  1 0.0205 0.1179 0.0060 0.0125 0.0089 0.0492 0.0103 0.0937 0.0189 0.0490 0.0120 0.0096 0.0076 0.0190 0.0065 0.1069 0.3442 0.0183 0.0096 0.0232 0.0273 0.0118 0.0095 0.0074 
      H105.5  1 0.0453 0.1324 0.0084 0.0945 0.0114 0.0622 0.0228 0.0980 0.0103 0.1456 0.0157 0.0129 0.0176 0.0224 0.0289 0.0688 0.0294 0.0204 0.0403 0.0702 0.0175 0.0057 0.0089 0.0104 
      H105.6  1 0.0080 0.0298 0.0046 0.0055 0.0056 0.0348 0.0129 0.0194 0.0044 0.0063 0.0137 0.0092 0.0046 0.0116 0.0036 0.0225 0.7368 0.0138 0.0065 0.0213 0.0059 0.0036 0.0084 0.0070 
      H105.7  1 0.0216 0.0253 0.0039 0.0091 0.0091 0.0044 0.0077 0.0142 0.0221 0.0255 0.0068 0.0059 0.0057 0.0081 0.0142 0.0712 0.6628 0.0125 0.0072 0.0193 0.0036 0.0059 0.0210 0.0128 
      H105.8  1 0.0069 0.0087 0.0109 0.0044 0.0032 0.0114 0.0070 0.0153 0.0075 0.0424 0.0044 0.0114 0.0080 0.0187 0.0057 0.0230 0.7182 0.0054 0.0116 0.0095 0.0111 0.0165 0.0315 0.0075 
      H115.1  1 0.0063 0.3969 0.0083 0.0066 0.0041 0.0063 0.3195 0.0138 0.0091 0.0066 0.0284 0.0153 0.0050 0.0146 0.0182 0.0101 0.0126 0.0118 0.0164 0.0267 0.0095 0.0134 0.0307 0.0099 
      H115.2  1 0.0040 0.0224 0.0070 0.0107 0.0051 0.0044 0.7926 0.0171 0.0051 0.0057 0.0122 0.0100 0.0065 0.0071 0.0064 0.0041 0.0116 0.0077 0.0094 0.0067 0.0053 0.0218 0.0079 0.0092 
      H115.3  1 0.0126 0.1128 0.0089 0.0577 0.0058 0.0663 0.4704 0.0695 0.0075 0.0057 0.0335 0.0099 0.0125 0.0068 0.0166 0.0107 0.0110 0.0036 0.0062 0.0121 0.0320 0.0097 0.0061 0.0120 
      H115.4  1 0.0117 0.1941 0.0078 0.1862 0.0067 0.0095 0.0321 0.0482 0.0073 0.0063 0.0316 0.0100 0.0279 0.0409 0.0474 0.0159 0.0088 0.0054 0.1294 0.0114 0.0816 0.0617 0.0099 0.0082 
      H115.5  1 0.0247 0.0808 0.0609 0.0217 0.0136 0.0292 0.2736 0.0715 0.0118 0.0107 0.0827 0.0350 0.0686 0.0115 0.0335 0.0184 0.0274 0.0168 0.0210 0.0134 0.0160 0.0158 0.0360 0.0055 
      H115.6  1 0.0169 0.0338 0.0147 0.2135 0.0077 0.0523 0.3480 0.0376 0.0208 0.0057 0.0381 0.0079 0.0312 0.0037 0.0225 0.0069 0.0084 0.0059 0.0145 0.0325 0.0220 0.0061 0.0166 0.0327 
      H115.7  1 0.0076 0.6276 0.0038 0.0457 0.0074 0.0083 0.1078 0.0287 0.0195 0.0045 0.0116 0.0043 0.0127 0.0056 0.0122 0.0071 0.0063 0.0071 0.0077 0.0376 0.0076 0.0093 0.0036 0.0064 
      H115.8  1 0.0102 0.0380 0.0606 0.0423 0.0052 0.0101 0.5148 0.0210 0.0112 0.0073 0.0276 0.0261 0.0230 0.0053 0.0193 0.0111 0.0209 0.0056 0.0076 0.0254 0.0309 0.0134 0.0476 0.0155 
      H115.9  1 0.0053 0.0283 0.0042 0.0048 0.0045 0.0180 0.7107 0.0117 0.0050 0.0048 0.0203 0.0147 0.0040 0.0137 0.0154 0.0283 0.0047 0.0099 0.0177 0.0187 0.0056 0.0077 0.0343 0.0076 
      H145.1  1 0.0062 0.0083 0.0341 0.0058 0.7924 0.0167 0.0103 0.0080 0.0038 0.0072 0.0101 0.0064 0.0029 0.0048 0.0077 0.0105 0.0043 0.0045 0.0067 0.0054 0.0099 0.0045 0.0112 0.0181 
      H145.2  1 0.0051 0.0112 0.0260 0.0085 0.5641 0.2215 0.0064 0.0174 0.0044 0.0131 0.0181 0.0059 0.0034 0.0091 0.0084 0.0120 0.0071 0.0066 0.0055 0.0107 0.0098 0.0049 0.0088 0.0120 
      H145.3  1 0.0046 0.0122 0.0706 0.0045 0.7421 0.0186 0.0047 0.0071 0.0052 0.0064 0.0041 0.0118 0.0124 0.0064 0.0041 0.0107 0.0041 0.0047 0.0039 0.0059 0.0070 0.0048 0.0317 0.0123 
      H145.4  1 0.0035 0.0048 0.0083 0.0036 0.8841 0.0046 0.0041 0.0081 0.0030 0.0037 0.0068 0.0037 0.0036 0.0050 0.0053 0.0073 0.0044 0.0046 0.0036 0.0077 0.0045 0.0042 0.0054 0.0062 
      H145.5  1 0.0042 0.0059 0.1681 0.0064 0.6885 0.0088 0.0040 0.0066 0.0042 0.0058 0.0044 0.0088 0.0068 0.0044 0.0037 0.0065 0.0041 0.0050 0.0050 0.0051 0.0048 0.0063 0.0106 0.0218 
      H145.6  1 0.0031 0.0098 0.0144 0.0046 0.7610 0.0807 0.0042 0.0092 0.0114 0.0099 0.0053 0.0049 0.0091 0.0061 0.0057 0.0073 0.0053 0.0054 0.0038 0.0175 0.0069 0.0036 0.0045 0.0065 
      H145.7  1 0.0037 0.0064 0.0040 0.0048 0.8667 0.0088 0.0037 0.0062 0.0040 0.0062 0.0058 0.0045 0.0121 0.0050 0.0081 0.0058 0.0034 0.0044 0.0031 0.0070 0.0098 0.0037 0.0081 0.0047 
      H149.1  1 0.0031 0.0033 0.0037 0.0033 0.0042 0.0038 0.0035 0.0039 0.0033 0.0033 0.9181 0.0041 0.0028 0.0032 0.0041 0.0038 0.0034 0.0040 0.0033 0.0030 0.0030 0.0034 0.0038 0.0046 
      H149.2  1 0.0091 0.0060 0.0028 0.0133 0.0482 0.0038 0.0036 0.0078 0.0052 0.0054 0.8146 0.0034 0.0041 0.0045 0.0161 0.0066 0.0048 0.0044 0.0051 0.0133 0.0026 0.0048 0.0041 0.0067 
      H149.3  1 0.0155 0.0183 0.0044 0.0459 0.0762 0.0075 0.0059 0.0202 0.0132 0.0064 0.6267 0.0073 0.0084 0.0170 0.0339 0.0071 0.0078 0.0069 0.0059 0.0269 0.0057 0.0152 0.0097 0.0082 
      H149.4  1 0.0051 0.0084 0.0074 0.0048 0.0049 0.0061 0.0041 0.0093 0.0084 0.0157 0.8441 0.0042 0.0036 0.0110 0.0064 0.0053 0.0095 0.0062 0.0032 0.0043 0.0099 0.0052 0.0043 0.0086 
      H149.5  1 0.0210 0.0205 0.0040 0.0191 0.1352 0.0039 0.0029 0.0189 0.0226 0.0365 0.4703 0.0046 0.0093 0.0316 0.1015 0.0144 0.0120 0.0074 0.0058 0.0168 0.0074 0.0176 0.0087 0.0077 
      H149.6  1 0.0082 0.0104 0.0034 0.0169 0.0580 0.0046 0.0028 0.0077 0.0124 0.0061 0.7800 0.0034 0.0042 0.0069 0.0154 0.0071 0.0086 0.0061 0.0055 0.0120 0.0036 0.0076 0.0035 0.0057 
      H149.7  1 0.0152 0.0287 0.0083 0.0107 0.0409 0.0079 0.0053 0.0286 0.0938 0.0358 0.4930 0.0056 0.0079 0.0350 0.0267 0.0069 0.0206 0.0395 0.0083 0.0103 0.0150 0.0177 0.0167 0.0217 
      H150.1  1 0.0047 0.0311 0.0083 0.0094 0.0057 0.0083 0.8229 0.0155 0.0042 0.0081 0.0035 0.0066 0.0048 0.0036 0.0044 0.0047 0.0069 0.0055 0.0041 0.0059 0.0145 0.0048 0.0064 0.0061 
      H150.2  1 0.0148 0.2264 0.0308 0.0521 0.0063 0.0059 0.4889 0.0121 0.0096 0.0038 0.0118 0.0080 0.0063 0.0067 0.0131 0.0038 0.0129 0.0060 0.0064 0.0209 0.0347 0.0061 0.0051 0.0075 
      H150.3  1 0.0068 0.2809 0.0092 0.0079 0.0066 0.0069 0.5205 0.0071 0.0108 0.0058 0.0061 0.0073 0.0110 0.0041 0.0044 0.0068 0.0079 0.0101 0.0059 0.0412 0.0095 0.0065 0.0083 0.0083 
      H150.4  1 0.0048 0.0084 0.0090 0.0091 0.0083 0.0058 0.8477 0.0076 0.0057 0.0055 0.0031 0.0052 0.0083 0.0027 0.0045 0.0068 0.0059 0.0053 0.0061 0.0186 0.0055 0.0031 0.0080 0.0053 
      H150.5  1 0.0167 0.0938 0.0055 0.0497 0.0108 0.0114 0.5700 0.0306 0.0105 0.0059 0.0116 0.0087 0.0137 0.0067 0.0200 0.0071 0.0204 0.0053 0.0038 0.0217 0.0301 0.0310 0.0053 0.0099 
      H150.6  1 0.0135 0.2970 0.0093 0.1780 0.0081 0.0082 0.1135 0.0808 0.0085 0.0062 0.0090 0.0076 0.0518 0.0053 0.0211 0.0037 0.0590 0.0050 0.0061 0.0119 0.0440 0.0371 0.0039 0.0113 
      H150.7  1 0.0040 0.0128 0.0077 0.0081 0.0042 0.0102 0.8570 0.0109 0.0038 0.0054 0.0031 0.0067 0.0049 0.0030 0.0030 0.0051 0.0061 0.0040 0.0048 0.0100 0.0085 0.0045 0.0067 0.0056 
   H169607.1  1 0.0749 0.0379 0.0199 0.0083 0.1324 0.0321 0.0387 0.0873 0.0181 0.0461 0.0079 0.0120 0.0184 0.0168 0.0162 0.0120 0.0090 0.0084 0.0715 0.0149 0.0247 0.2595 0.0111 0.0218 
   H169607.2  1 0.0576 0.1059 0.0042 0.0079 0.1394 0.0078 0.0693 0.0588 0.0135 0.0395 0.0083 0.0163 0.0082 0.0205 0.0091 0.1467 0.0106 0.0061 0.0187 0.0285 0.0412 0.0538 0.0606 0.0675 
   H169607.3  1 0.0529 0.0454 0.0112 0.0084 0.2289 0.0407 0.0178 0.1192 0.0278 0.1256 0.0061 0.0155 0.0166 0.0241 0.0541 0.0563 0.0069 0.0086 0.0119 0.0116 0.0131 0.0502 0.0367 0.0102 
   H169607.4  1 0.0704 0.0200 0.0063 0.0050 0.2082 0.0348 0.0142 0.0518 0.0125 0.0645 0.0038 0.0139 0.0069 0.0062 0.0061 0.0973 0.0081 0.0059 0.0134 0.0082 0.0081 0.0250 0.0080 0.3015 
   H169607.5  1 0.1310 0.0816 0.0049 0.0129 0.0619 0.0154 0.0833 0.2254 0.0077 0.0080 0.0116 0.0096 0.0090 0.0275 0.0319 0.0937 0.0052 0.0042 0.0082 0.0210 0.0906 0.0200 0.0236 0.0116 
   H169607.6  1 0.0514 0.0663 0.0044 0.0086 0.0884 0.0099 0.0314 0.0585 0.0093 0.0590 0.0111 0.0100 0.0090 0.0304 0.0084 0.3522 0.0082 0.0048 0.0213 0.0124 0.0308 0.0490 0.0243 0.0407 
   H169607.7  1 0.0546 0.1053 0.0061 0.0111 0.0369 0.0123 0.0308 0.0354 0.0079 0.0451 0.0081 0.0071 0.0148 0.0377 0.0100 0.0772 0.0177 0.0037 0.0196 0.0173 0.2442 0.1221 0.0545 0.0203 
   H169607.8  1 0.0564 0.0157 0.0039 0.0045 0.0674 0.0213 0.0106 0.0499 0.0112 0.0759 0.0052 0.0179 0.0062 0.0076 0.0082 0.3593 0.0048 0.0078 0.0158 0.0179 0.0087 0.0735 0.0159 0.1343 
   H169633.1  1 0.0051 0.0117 0.0190 0.0209 0.0377 0.0073 0.0122 0.0101 0.0138 0.0054 0.6737 0.0601 0.0182 0.0061 0.0097 0.0065 0.0165 0.0120 0.0073 0.0148 0.0043 0.0164 0.0061 0.0050 
   H169633.2  1 0.0035 0.0111 0.0060 0.0125 0.0141 0.0044 0.0037 0.0120 0.0578 0.0065 0.6387 0.0149 0.0118 0.0182 0.0043 0.0037 0.0159 0.0086 0.0423 0.0253 0.0086 0.0531 0.0180 0.0051 
   H169633.3  1 0.0066 0.0086 0.0070 0.0513 0.0184 0.0041 0.0102 0.0076 0.0062 0.0043 0.7416 0.0083 0.0075 0.0094 0.0093 0.0048 0.0183 0.0214 0.0092 0.0109 0.0060 0.0084 0.0140 0.0063 
   H169633.4  1 0.0071 0.0134 0.0153 0.0146 0.0123 0.0138 0.0096 0.0205 0.0044 0.0050 0.7641 0.0080 0.0103 0.0080 0.0136 0.0080 0.0189 0.0078 0.0085 0.0105 0.0039 0.0051 0.0073 0.0102 
   H169633.5  1 0.0067 0.0120 0.0124 0.0146 0.0124 0.0096 0.0105 0.0188 0.0054 0.0059 0.7629 0.0085 0.0136 0.0076 0.0173 0.0068 0.0189 0.0080 0.0076 0.0115 0.0039 0.0071 0.0099 0.0080 
   H169688.1  1 0.0059 0.0486 0.0049 0.0041 0.1060 0.0044 0.0131 0.0160 0.1159 0.0058 0.0126 0.0417 0.0356 0.0245 0.0042 0.0588 0.0039 0.0210 0.0102 0.0064 0.0072 0.4272 0.0091 0.0127 
   H169688.2  1 0.0054 0.0194 0.0082 0.0081 0.0180 0.0050 0.0122 0.0163 0.1859 0.0086 0.0065 0.1057 0.0145 0.0075 0.0061 0.0085 0.0090 0.0196 0.0049 0.0050 0.0316 0.4769 0.0098 0.0073 
   H169688.3  1 0.0042 0.0352 0.0057 0.0053 0.0442 0.0047 0.0329 0.0112 0.0697 0.0296 0.0188 0.1333 0.0138 0.0047 0.0110 0.0060 0.0079 0.0118 0.0064 0.0077 0.0406 0.4835 0.0037 0.0079 
   H169688.4  1 0.0056 0.0200 0.0142 0.0056 0.0080 0.0159 0.2362 0.0128 0.0219 0.0054 0.0083 0.3991 0.0179 0.0055 0.0077 0.0066 0.0091 0.0082 0.0060 0.0070 0.0418 0.1219 0.0067 0.0085 
   H169688.5  1 0.0050 0.0170 0.0143 0.0046 0.0098 0.0137 0.2021 0.0139 0.0238 0.0058 0.0071 0.4465 0.0168 0.0066 0.0088 0.0072 0.0121 0.0078 0.0059 0.0072 0.0565 0.0934 0.0075 0.0063 
   H169688.6  1 0.0062 0.0524 0.0432 0.0032 0.0603 0.0080 0.0378 0.0273 0.0715 0.0074 0.0124 0.0798 0.0158 0.0838 0.0056 0.0108 0.0222 0.0089 0.0045 0.0048 0.0442 0.3761 0.0057 0.0083 
   H169688.7  1 0.0056 0.0203 0.0093 0.0181 0.0955 0.0110 0.0255 0.0218 0.0216 0.0522 0.0136 0.2571 0.0233 0.0049 0.0077 0.0063 0.0054 0.0154 0.0071 0.0074 0.0844 0.2639 0.0108 0.0117 
   H171901.1  1 0.0087 0.1074 0.0508 0.0263 0.0675 0.0327 0.0312 0.0884 0.0829 0.0588 0.0105 0.0156 0.0161 0.0058 0.0098 0.0133 0.0123 0.0229 0.0096 0.2216 0.0751 0.0132 0.0080 0.0114 
   H171901.2  1 0.0065 0.0078 0.0051 0.0139 0.0101 0.0079 0.0127 0.0131 0.0040 0.0072 0.8064 0.0255 0.0053 0.0039 0.0044 0.0111 0.0094 0.0041 0.0041 0.0054 0.0071 0.0055 0.0066 0.0127 
   H171901.3  1 0.0049 0.0147 0.0061 0.0108 0.0116 0.0118 0.0120 0.0289 0.0398 0.0099 0.6503 0.0821 0.0156 0.0093 0.0124 0.0073 0.0051 0.0064 0.0054 0.0057 0.0223 0.0092 0.0067 0.0116 
   H171901.4  1 0.0093 0.0092 0.0051 0.0123 0.0067 0.0115 0.0058 0.0094 0.0070 0.0092 0.7962 0.0198 0.0060 0.0049 0.0050 0.0086 0.0155 0.0039 0.0067 0.0042 0.0175 0.0098 0.0064 0.0101 
   H171901.5  1 0.0260 0.0109 0.0043 0.0126 0.0121 0.0195 0.0103 0.0136 0.0103 0.0135 0.6929 0.0215 0.0051 0.0087 0.0091 0.0098 0.0124 0.0067 0.0084 0.0058 0.0247 0.0171 0.0059 0.0389 
   H171901.6  1 0.0356 0.0227 0.0061 0.0182 0.0607 0.0306 0.0296 0.0303 0.0203 0.0121 0.4578 0.0366 0.0046 0.0124 0.0095 0.0108 0.0317 0.0140 0.0156 0.0091 0.0228 0.0176 0.0071 0.0843 
   H171901.7  1 0.0066 0.0174 0.0055 0.0147 0.0388 0.0074 0.0278 0.0150 0.0244 0.0064 0.5593 0.0706 0.0066 0.0208 0.0136 0.0126 0.0091 0.0106 0.0056 0.0058 0.0690 0.0098 0.0207 0.0219 
   H171902.1  1 0.0081 0.0119 0.0444 0.0049 0.0145 0.0161 0.0108 0.0146 0.0047 0.0062 0.0065 0.0240 0.0105 0.0134 0.0035 0.0087 0.0043 0.0084 0.0238 0.0053 0.0070 0.0184 0.0121 0.7177 
  H171902.10  1 0.0043 0.0088 0.0088 0.0069 0.0064 0.0058 0.0052 0.0079 0.0051 0.0052 0.0127 0.0047 0.0079 0.0084 0.0036 0.0087 0.0035 0.0040 0.0053 0.0056 0.0059 0.0114 0.0038 0.8503 
   H171902.2  1 0.0170 0.0532 0.0363 0.0078 0.0154 0.0116 0.0189 0.0268 0.0361 0.0105 0.0176 0.0791 0.0753 0.0270 0.0062 0.0081 0.0186 0.0150 0.0107 0.0084 0.0094 0.0451 0.0406 0.4054 
   H171902.3  1 0.0120 0.0210 0.0093 0.0087 0.0125 0.0102 0.0246 0.0134 0.0127 0.0187 0.0471 0.0174 0.0114 0.0187 0.0051 0.0122 0.0054 0.0076 0.0154 0.0088 0.0156 0.0166 0.0098 0.6659 
   H171902.4  1 0.0040 0.0103 0.0265 0.0068 0.0126 0.0047 0.0101 0.0119 0.0056 0.0026 0.0448 0.0192 0.0062 0.0049 0.0041 0.0060 0.0073 0.0069 0.0038 0.0178 0.0032 0.0059 0.0082 0.7669 
   H171902.6  1 0.0057 0.0077 0.0072 0.0087 0.0072 0.0067 0.0088 0.0110 0.0038 0.0066 0.0085 0.0040 0.0068 0.0082 0.0041 0.0074 0.0028 0.0055 0.0069 0.0058 0.0034 0.0061 0.0037 0.8535 
   H171902.7  1 0.0184 0.0160 0.0264 0.0144 0.0240 0.0085 0.0085 0.0197 0.0065 0.0076 0.0184 0.0059 0.0038 0.0046 0.0046 0.0106 0.0049 0.0047 0.0065 0.0123 0.0072 0.0050 0.0056 0.7561 
   H171902.8  1 0.0070 0.0166 0.0138 0.0103 0.0115 0.0105 0.0124 0.0102 0.0086 0.0118 0.0129 0.0050 0.0105 0.0098 0.0046 0.0070 0.0047 0.0067 0.0083 0.0052 0.0055 0.0103 0.0064 0.7904 
   H171902.9  1 0.0054 0.0184 0.0268 0.0054 0.0139 0.0161 0.0746 0.0323 0.0065 0.0047 0.0063 0.0256 0.0053 0.0047 0.0043 0.0090 0.0073 0.0113 0.0048 0.0153 0.0055 0.0076 0.0098 0.6794 
   H171903.1  1 0.0440 0.0270 0.0044 0.0085 0.0247 0.0074 0.0478 0.0259 0.0076 0.0043 0.0111 0.0102 0.0055 0.0132 0.0094 0.5530 0.0110 0.0059 0.0241 0.0102 0.1099 0.0100 0.0128 0.0121 
   H171903.2  1 0.0208 0.0141 0.0136 0.0065 0.0152 0.0122 0.0301 0.0249 0.0094 0.0314 0.0081 0.0385 0.0060 0.0201 0.0270 0.5325 0.0207 0.0080 0.0189 0.0085 0.0670 0.0100 0.0443 0.0123 
   H171903.3  1 0.0404 0.0738 0.0162 0.0360 0.0244 0.0178 0.0499 0.0749 0.0199 0.0185 0.0216 0.0252 0.0069 0.0415 0.0840 0.1602 0.0149 0.0215 0.0670 0.0155 0.0757 0.0202 0.0283 0.0458 
   H171903.4  1 0.0201 0.0668 0.0062 0.0239 0.1428 0.0442 0.0268 0.2665 0.1287 0.0083 0.0081 0.0265 0.0227 0.0095 0.0120 0.0414 0.0108 0.0103 0.0051 0.0232 0.0279 0.0254 0.0058 0.0368 
   H171903.5  1 0.0252 0.0603 0.0083 0.0142 0.0179 0.0060 0.0469 0.0618 0.0152 0.1729 0.0329 0.0571 0.0087 0.0127 0.1461 0.0497 0.0123 0.0136 0.0709 0.0065 0.0921 0.0310 0.0236 0.0142 
   H171903.6  1 0.0642 0.0707 0.0043 0.0055 0.0248 0.0290 0.0278 0.1356 0.0171 0.0297 0.0515 0.0831 0.0119 0.0147 0.0578 0.0809 0.0061 0.0122 0.0074 0.0061 0.1380 0.0926 0.0136 0.0155 
      H177.1  1 0.0243 0.0247 0.0100 0.0167 0.0230 0.0179 0.0328 0.0433 0.2412 0.0076 0.1963 0.0131 0.0044 0.0874 0.0144 0.0180 0.0045 0.0135 0.0058 0.0100 0.0152 0.0255 0.0072 0.1434 
      H177.2  1 0.1828 0.0299 0.0138 0.0199 0.0319 0.0300 0.0112 0.0523 0.0109 0.0623 0.1410 0.0377 0.0203 0.0409 0.0267 0.0231 0.0083 0.0125 0.0087 0.0120 0.0207 0.0837 0.0529 0.0665 
      H177.3  1 0.0462 0.0271 0.0121 0.0264 0.0271 0.0534 0.0149 0.1208 0.0092 0.0419 0.2847 0.0165 0.0048 0.0563 0.0178 0.0215 0.0057 0.0199 0.0052 0.0090 0.0214 0.0386 0.0097 0.1101 
      H177.4  1 0.0192 0.0069 0.0094 0.0100 0.0497 0.0099 0.0070 0.0319 0.1402 0.0056 0.0504 0.0105 0.0037 0.5212 0.0101 0.0185 0.0152 0.0077 0.0043 0.0053 0.0077 0.0236 0.0071 0.0250 
      H177.5  1 0.0665 0.0361 0.0069 0.0202 0.0204 0.0150 0.0135 0.0247 0.4872 0.0090 0.0251 0.0351 0.0110 0.0132 0.0369 0.0208 0.0374 0.0197 0.0038 0.0080 0.0228 0.0263 0.0153 0.0252 
      H177.6  1 0.0221 0.0122 0.0153 0.0202 0.0131 0.0782 0.0192 0.0608 0.0114 0.0346 0.4382 0.0208 0.0039 0.0216 0.0140 0.0102 0.0054 0.0172 0.0056 0.0069 0.0168 0.0177 0.0112 0.1234 
      H179.1  1 0.0358 0.0391 0.0058 0.0065 0.0072 0.0138 0.0084 0.0396 0.0470 0.0764 0.0132 0.0201 0.0070 0.4389 0.0121 0.0050 0.0171 0.0583 0.0483 0.0192 0.0131 0.0438 0.0097 0.0146 
      H179.2  1 0.0225 0.0145 0.0041 0.0088 0.0060 0.0083 0.0121 0.0138 0.0204 0.0312 0.0067 0.0076 0.0058 0.6615 0.0140 0.0058 0.0083 0.0188 0.0534 0.0149 0.0131 0.0304 0.0093 0.0086 
      H179.3  1 0.0133 0.0391 0.0055 0.0056 0.0077 0.0165 0.0211 0.0338 0.1039 0.0332 0.0060 0.1178 0.0143 0.3022 0.0349 0.0152 0.0107 0.0203 0.0458 0.0138 0.0564 0.0525 0.0229 0.0076 
      H179.4  1 0.0136 0.0065 0.0036 0.0089 0.0094 0.0080 0.0057 0.0094 0.0192 0.0134 0.0085 0.0135 0.0079 0.7861 0.0075 0.0039 0.0067 0.0104 0.0108 0.0065 0.0161 0.0071 0.0108 0.0065 
      H180.1  1 0.0078 0.4141 0.0142 0.0334 0.0034 0.0119 0.0449 0.0858 0.0076 0.0109 0.0096 0.0154 0.0139 0.0199 0.0254 0.0081 0.0256 0.0054 0.0315 0.0095 0.1508 0.0231 0.0043 0.0237 
      H180.2  1 0.0099 0.5549 0.0138 0.0134 0.0044 0.0120 0.0545 0.0512 0.0069 0.0055 0.0088 0.0172 0.0144 0.0085 0.0053 0.0068 0.0441 0.0084 0.0046 0.0089 0.1218 0.0092 0.0044 0.0109 
      H180.3  1 0.0069 0.1893 0.0148 0.0064 0.0052 0.0613 0.2788 0.0209 0.0068 0.0051 0.0057 0.0071 0.0071 0.0090 0.0247 0.0127 0.0151 0.0437 0.0896 0.0050 0.1183 0.0053 0.0535 0.0077 
      H180.4  1 0.0104 0.3033 0.0195 0.0928 0.0055 0.0097 0.0186 0.0576 0.0161 0.0204 0.0149 0.0297 0.0149 0.0187 0.0158 0.0074 0.1646 0.0140 0.0053 0.0104 0.0826 0.0254 0.0150 0.0275 
      H180.5  1 0.0390 0.2896 0.0359 0.1561 0.0072 0.0073 0.0415 0.0600 0.0181 0.0052 0.0098 0.0401 0.0220 0.0278 0.0106 0.0120 0.0163 0.0057 0.0057 0.0095 0.0958 0.0209 0.0241 0.0399 
      H180.6  1 0.0108 0.0584 0.0322 0.0792 0.0106 0.0109 0.0239 0.0226 0.0061 0.0118 0.0121 0.0207 0.0305 0.0069 0.0083 0.0073 0.0232 0.0090 0.0084 0.0076 0.0698 0.0102 0.5047 0.0152 
      H181.1  1 0.0129 0.0238 0.0163 0.0257 0.0140 0.0062 0.0100 0.0681 0.0065 0.0508 0.1686 0.0148 0.1942 0.0907 0.1182 0.0599 0.0079 0.0078 0.0076 0.0070 0.0045 0.0375 0.0068 0.0404 
      H181.2  1 0.0152 0.0355 0.0155 0.0794 0.0304 0.0055 0.0121 0.0393 0.0132 0.0096 0.0514 0.0111 0.0992 0.2863 0.0237 0.0233 0.0099 0.0092 0.0126 0.0154 0.0068 0.0575 0.0063 0.1315 
      H181.3  1 0.0256 0.0327 0.0127 0.0254 0.0147 0.0090 0.0052 0.0580 0.0128 0.0104 0.0868 0.0298 0.2786 0.1742 0.0078 0.0240 0.0072 0.0105 0.0038 0.0139 0.0069 0.0818 0.0086 0.0597 
      H181.4  1 0.0564 0.0512 0.0036 0.0322 0.0254 0.0138 0.0958 0.0563 0.0158 0.0177 0.1222 0.0162 0.0664 0.0470 0.2073 0.0357 0.0090 0.0229 0.0079 0.0170 0.0191 0.0161 0.0176 0.0277 
      H181.5  1 0.0104 0.0239 0.0095 0.0329 0.0075 0.0043 0.0073 0.0783 0.0164 0.0482 0.0118 0.0100 0.1500 0.4231 0.0103 0.0077 0.0103 0.0573 0.0141 0.0228 0.0045 0.0191 0.0088 0.0115 
      H181.6  1 0.0114 0.0312 0.0052 0.0583 0.0077 0.0069 0.0247 0.0458 0.0104 0.0211 0.0095 0.0131 0.0077 0.5757 0.0184 0.0116 0.0398 0.0079 0.0304 0.0129 0.0079 0.0095 0.0054 0.0277 
      H181.7  1 0.0059 0.0371 0.0081 0.0059 0.0098 0.0046 0.0112 0.0425 0.0077 0.1405 0.0287 0.0274 0.0295 0.5362 0.0242 0.0126 0.0086 0.0062 0.0077 0.0081 0.0067 0.0100 0.0109 0.0100 
 H194.1_2004  1 0.0068 0.0280 0.0063 0.0242 0.6998 0.0040 0.0248 0.0197 0.0084 0.0037 0.0163 0.0106 0.0043 0.0080 0.0083 0.0199 0.0057 0.0105 0.0075 0.0090 0.0192 0.0059 0.0105 0.0387 
 H194.2_2004  1 0.0052 0.0149 0.0077 0.0216 0.7445 0.0054 0.0064 0.0086 0.0651 0.0038 0.0083 0.0073 0.0040 0.0040 0.0089 0.0241 0.0040 0.0054 0.0033 0.0121 0.0075 0.0034 0.0052 0.0191 
 H194.3_2004  1 0.0047 0.0073 0.0066 0.0073 0.7292 0.0044 0.0070 0.0153 0.0098 0.0077 0.0400 0.0069 0.0034 0.0113 0.0050 0.0072 0.0055 0.0597 0.0064 0.0057 0.0054 0.0090 0.0070 0.0282 
 H194.4_2004  1 0.0046 0.0074 0.0108 0.0071 0.7782 0.0046 0.0062 0.0089 0.0550 0.0037 0.0164 0.0047 0.0041 0.0067 0.0046 0.0291 0.0037 0.0110 0.0041 0.0049 0.0063 0.0053 0.0041 0.0086 
 H194.5_2004  1 0.0103 0.0100 0.0043 0.0068 0.7316 0.0061 0.0158 0.0171 0.0134 0.0102 0.0332 0.0072 0.0063 0.0178 0.0088 0.0060 0.0103 0.0240 0.0105 0.0067 0.0100 0.0066 0.0117 0.0153 
 H194.6_2004  1 0.0119 0.0080 0.0067 0.0134 0.2142 0.0117 0.0211 0.0286 0.1747 0.0065 0.1110 0.0076 0.0060 0.0629 0.0077 0.0191 0.0063 0.1972 0.0106 0.0062 0.0086 0.0075 0.0123 0.0400 
 H194.7_2004  1 0.0112 0.0087 0.0048 0.0058 0.7394 0.0041 0.0077 0.0083 0.0095 0.0043 0.0074 0.0071 0.0067 0.0062 0.0087 0.0605 0.0068 0.0082 0.0042 0.0098 0.0108 0.0047 0.0495 0.0055 
 H194.8_2004  1 0.0130 0.0099 0.0070 0.0143 0.6012 0.0091 0.0192 0.0188 0.1269 0.0064 0.0410 0.0056 0.0064 0.0157 0.0102 0.0117 0.0073 0.0224 0.0048 0.0067 0.0110 0.0051 0.0135 0.0125 
      H194.9  1 0.0083 0.0111 0.0057 0.0068 0.7883 0.0046 0.0182 0.0095 0.0099 0.0043 0.0110 0.0074 0.0060 0.0059 0.0082 0.0162 0.0084 0.0089 0.0050 0.0069 0.0082 0.0048 0.0287 0.0079 
 H195.1_2003  1 0.0067 0.0059 0.0031 0.0093 0.8334 0.0069 0.0050 0.0049 0.0117 0.0062 0.0079 0.0092 0.0062 0.0058 0.0039 0.0062 0.0256 0.0068 0.0069 0.0043 0.0083 0.0051 0.0051 0.0056 
 H195.1_2004  1 0.0040 0.0072 0.0092 0.0307 0.7950 0.0104 0.0049 0.0114 0.0042 0.0057 0.0114 0.0087 0.0291 0.0052 0.0060 0.0061 0.0054 0.0060 0.0028 0.0048 0.0037 0.0174 0.0041 0.0067 
 H195.2_2003  1 0.0089 0.0089 0.0055 0.0069 0.7349 0.0121 0.0121 0.0082 0.0091 0.0045 0.0050 0.0915 0.0047 0.0069 0.0029 0.0137 0.0130 0.0049 0.0092 0.0052 0.0082 0.0070 0.0062 0.0103 
 H195.2_2004  1 0.0042 0.0050 0.0074 0.0055 0.8976 0.0031 0.0034 0.0045 0.0039 0.0040 0.0069 0.0050 0.0054 0.0033 0.0031 0.0054 0.0049 0.0037 0.0027 0.0039 0.0042 0.0040 0.0044 0.0045 
 H195.3_2003  1 0.0196 0.0208 0.0057 0.0057 0.6765 0.0109 0.0386 0.0091 0.0114 0.0050 0.0047 0.0630 0.0069 0.0046 0.0040 0.0214 0.0328 0.0074 0.0053 0.0053 0.0168 0.0072 0.0080 0.0093 
 H195.3_2004  1 0.0033 0.0044 0.0064 0.0054 0.8801 0.0045 0.0034 0.0050 0.0037 0.0024 0.0139 0.0059 0.0080 0.0039 0.0050 0.0085 0.0051 0.0041 0.0029 0.0044 0.0036 0.0059 0.0031 0.0071 
 H195.4_2003  1 0.0050 0.0041 0.0029 0.0100 0.8806 0.0061 0.0030 0.0057 0.0044 0.0045 0.0072 0.0067 0.0041 0.0054 0.0035 0.0067 0.0089 0.0046 0.0054 0.0032 0.0052 0.0039 0.0032 0.0058 
 H195.4_2004  1 0.0039 0.0052 0.0039 0.0045 0.8698 0.0061 0.0034 0.0062 0.0068 0.0040 0.0042 0.0100 0.0169 0.0043 0.0056 0.0087 0.0041 0.0055 0.0034 0.0042 0.0035 0.0052 0.0066 0.0042 
 H195.5_2003  1 0.0050 0.0108 0.0043 0.0207 0.7488 0.0097 0.0048 0.0094 0.0119 0.0073 0.0076 0.0136 0.0184 0.0075 0.0049 0.0062 0.0621 0.0051 0.0067 0.0057 0.0096 0.0073 0.0044 0.0080 
 H195.5_2004  1 0.0036 0.0077 0.0071 0.0081 0.8408 0.0073 0.0048 0.0066 0.0039 0.0045 0.0067 0.0059 0.0172 0.0082 0.0049 0.0071 0.0098 0.0052 0.0028 0.0050 0.0041 0.0173 0.0040 0.0074 
 H195.6_2003  1 0.0096 0.0078 0.0050 0.0045 0.8187 0.0115 0.0115 0.0061 0.0040 0.0030 0.0037 0.0244 0.0078 0.0037 0.0035 0.0194 0.0148 0.0041 0.0042 0.0048 0.0074 0.0066 0.0052 0.0087 
 H195.6_2004  1 0.0039 0.0037 0.0059 0.0046 0.8969 0.0037 0.0028 0.0041 0.0035 0.0054 0.0052 0.0040 0.0045 0.0053 0.0029 0.0072 0.0055 0.0067 0.0039 0.0032 0.0043 0.0040 0.0036 0.0053 
 H195.7_2003  1 0.0065 0.0050 0.0028 0.0059 0.8640 0.0060 0.0032 0.0054 0.0138 0.0065 0.0049 0.0078 0.0065 0.0050 0.0040 0.0059 0.0080 0.0052 0.0060 0.0039 0.0065 0.0065 0.0062 0.0047 
 H195.7_2004  1 0.0039 0.0056 0.0432 0.0107 0.8053 0.0075 0.0087 0.0073 0.0035 0.0056 0.0052 0.0126 0.0176 0.0061 0.0063 0.0047 0.0075 0.0039 0.0028 0.0059 0.0044 0.0126 0.0045 0.0046 
      H195.8  1 0.0038 0.0079 0.0054 0.0127 0.8200 0.0056 0.0050 0.0101 0.0051 0.0040 0.0036 0.0086 0.0534 0.0050 0.0050 0.0064 0.0047 0.0036 0.0026 0.0053 0.0037 0.0090 0.0052 0.0042 
      H195.9  1 0.0050 0.0044 0.0038 0.0050 0.8658 0.0060 0.0036 0.0050 0.0048 0.0040 0.0083 0.0066 0.0068 0.0064 0.0048 0.0135 0.0052 0.0056 0.0029 0.0046 0.0046 0.0100 0.0066 0.0065 
      H415.1  1 0.0055 0.0215 0.0480 0.0120 0.0405 0.0062 0.1611 0.0210 0.0152 0.0078 0.1093 0.0108 0.0065 0.0056 0.0070 0.0058 0.0106 0.0095 0.3908 0.0281 0.0126 0.0078 0.0225 0.0343 
      H415.2  1 0.0078 0.0079 0.0104 0.0050 0.0100 0.0094 0.0170 0.0358 0.0068 0.0049 0.0141 0.0193 0.0026 0.0065 0.0079 0.0043 0.0063 0.0214 0.0259 0.0106 0.0042 0.0120 0.0048 0.7451 
      H415.3  1 0.0216 0.0099 0.0077 0.0231 0.0112 0.0059 0.0084 0.0122 0.0117 0.0131 0.0849 0.0080 0.0033 0.0151 0.0117 0.0028 0.0067 0.0069 0.6312 0.0105 0.0224 0.0123 0.0043 0.0552 
      H415.4  1 0.0060 0.0084 0.0151 0.0453 0.0197 0.0117 0.0810 0.0170 0.0082 0.0068 0.0175 0.0058 0.0074 0.0040 0.0080 0.0042 0.0090 0.0108 0.6425 0.0223 0.0065 0.0052 0.0178 0.0199 
      H415.5  1 0.0110 0.0132 0.0106 0.0332 0.0159 0.0057 0.0075 0.0089 0.0117 0.0118 0.0976 0.0058 0.0040 0.0104 0.0103 0.0030 0.0055 0.0111 0.6054 0.0092 0.0183 0.0103 0.0050 0.0747 
      H415.6  1 0.0077 0.0117 0.0159 0.0386 0.0241 0.0086 0.0844 0.0147 0.0077 0.0060 0.0188 0.0042 0.0088 0.0037 0.0097 0.0043 0.0084 0.0155 0.6297 0.0209 0.0069 0.0038 0.0264 0.0195 
      H415.7  1 0.0426 0.0100 0.0126 0.0096 0.0399 0.0274 0.0123 0.0296 0.0077 0.0098 0.0478 0.0619 0.0045 0.0293 0.0085 0.0042 0.0094 0.0148 0.2474 0.0107 0.0197 0.0404 0.0064 0.2936 
      H506.1  1 0.0078 0.0039 0.0041 0.0032 0.0039 0.0030 0.0026 0.0040 0.0043 0.0057 0.0077 0.0043 0.0049 0.8865 0.0039 0.0027 0.0073 0.0083 0.0071 0.0057 0.0041 0.0056 0.0056 0.0038 
      H506.2  1 0.0075 0.0035 0.0076 0.0050 0.0089 0.0058 0.0025 0.0056 0.0050 0.0140 0.0134 0.0039 0.0029 0.8549 0.0055 0.0043 0.0056 0.0119 0.0074 0.0050 0.0041 0.0065 0.0038 0.0053 
      H506.3  1 0.0100 0.0057 0.0424 0.0050 0.0065 0.0060 0.0043 0.0078 0.0134 0.0078 0.0123 0.0146 0.0187 0.6237 0.0086 0.0050 0.0161 0.0189 0.0129 0.0083 0.0096 0.1257 0.0065 0.0101 
      H506.4  1 0.0088 0.0059 0.0062 0.0035 0.0041 0.0045 0.0036 0.0074 0.0073 0.0050 0.0072 0.0040 0.0043 0.8598 0.0042 0.0044 0.0109 0.0076 0.0108 0.0062 0.0053 0.0079 0.0056 0.0053 
      H506.5  1 0.0087 0.0036 0.0052 0.0032 0.0049 0.0050 0.0033 0.0049 0.0044 0.0040 0.0071 0.0054 0.0038 0.8834 0.0032 0.0045 0.0067 0.0050 0.0095 0.0037 0.0034 0.0081 0.0039 0.0051 
      H506.6  1 0.0226 0.0113 0.0351 0.0065 0.0118 0.0623 0.0039 0.0158 0.0166 0.0172 0.0076 0.0927 0.0160 0.4367 0.0269 0.0113 0.0091 0.0090 0.0100 0.0093 0.0113 0.1386 0.0064 0.0121 
      H506.7  1 0.0114 0.0043 0.0067 0.0044 0.0061 0.0045 0.0027 0.0056 0.0043 0.0058 0.0096 0.0053 0.0052 0.8679 0.0039 0.0043 0.0079 0.0076 0.0081 0.0044 0.0044 0.0060 0.0048 0.0048 
      H533.1  1 0.0048 0.0054 0.0103 0.0045 0.0041 0.0037 0.0028 0.0077 0.0041 0.1148 0.0334 0.0042 0.0083 0.7250 0.0062 0.0032 0.0072 0.0065 0.0060 0.0045 0.0161 0.0077 0.0049 0.0046 
      H533.2  1 0.0040 0.0064 0.0189 0.0053 0.0038 0.0042 0.0033 0.0075 0.0035 0.0577 0.0436 0.0047 0.0071 0.7627 0.0062 0.0028 0.0063 0.0050 0.0078 0.0041 0.0096 0.0151 0.0052 0.0051 
      H533.3  1 0.0067 0.0090 0.0062 0.0051 0.0038 0.0076 0.0049 0.0115 0.0043 0.0140 0.0104 0.0062 0.0043 0.8109 0.0294 0.0059 0.0037 0.0045 0.0098 0.0053 0.0146 0.0108 0.0062 0.0048 
      H533.4  1 0.0058 0.0098 0.0115 0.0067 0.0117 0.0158 0.0048 0.0152 0.0046 0.0109 0.0331 0.0058 0.0071 0.7426 0.0158 0.0055 0.0045 0.0040 0.0069 0.0073 0.0492 0.0090 0.0054 0.0069 
      H535.1  1 0.0067 0.0057 0.0042 0.0069 0.0057 0.0114 0.0118 0.0089 0.0066 0.0044 0.0052 0.0062 0.0032 0.8526 0.0047 0.0076 0.0042 0.0124 0.0046 0.0037 0.0044 0.0045 0.0040 0.0105 
      H535.2  1 0.0046 0.0064 0.0028 0.0061 0.0060 0.0040 0.0031 0.0039 0.0057 0.0044 0.0037 0.0039 0.0059 0.8934 0.0070 0.0056 0.0059 0.0038 0.0034 0.0035 0.0025 0.0052 0.0050 0.0040 
      H535.3  1 0.0040 0.0088 0.0036 0.0066 0.0075 0.0075 0.0042 0.0040 0.0044 0.0042 0.0032 0.0036 0.0080 0.8883 0.0049 0.0048 0.0075 0.0040 0.0029 0.0029 0.0025 0.0044 0.0050 0.0030 
      H535.4  1 0.0038 0.0055 0.0024 0.0082 0.0076 0.0032 0.0037 0.0038 0.0028 0.0025 0.0077 0.0028 0.0049 0.8990 0.0041 0.0033 0.0061 0.0039 0.0045 0.0046 0.0055 0.0039 0.0032 0.0029 
      H535.5  1 0.0043 0.0041 0.0032 0.0039 0.0050 0.0039 0.0048 0.0038 0.0039 0.0026 0.0065 0.0036 0.0027 0.9026 0.0036 0.0048 0.0046 0.0053 0.0059 0.0029 0.0057 0.0036 0.0038 0.0048 
      H535.6  1 0.0111 0.0153 0.0038 0.0166 0.0144 0.0122 0.0210 0.0256 0.0201 0.0055 0.0043 0.0048 0.0071 0.7528 0.0060 0.0153 0.0042 0.0199 0.0043 0.0049 0.0036 0.0066 0.0037 0.0168 
      H535.7  1 0.0041 0.0030 0.0034 0.0028 0.0029 0.0040 0.0033 0.0033 0.0040 0.0027 0.0048 0.0048 0.0029 0.9159 0.0035 0.0040 0.0048 0.0060 0.0036 0.0026 0.0042 0.0032 0.0029 0.0033 
      H535.8  1 0.0052 0.0048 0.0041 0.0033 0.0067 0.0068 0.0056 0.0045 0.0107 0.0032 0.0036 0.0034 0.0047 0.8874 0.0041 0.0035 0.0052 0.0072 0.0067 0.0037 0.0040 0.0032 0.0040 0.0044 
      H535.9  1 0.0059 0.0062 0.0046 0.0071 0.0055 0.0085 0.0125 0.0074 0.0038 0.0036 0.0040 0.0040 0.0042 0.8770 0.0035 0.0066 0.0071 0.0054 0.0034 0.0040 0.0036 0.0036 0.0036 0.0048 
      H539.1  1 0.0037 0.0043 0.0059 0.0037 0.0030 0.0119 0.9047 0.0051 0.0027 0.0036 0.0028 0.0055 0.0028 0.0031 0.0031 0.0062 0.0033 0.0029 0.0031 0.0034 0.0036 0.0028 0.0048 0.0041 
      H539.2  1 0.0087 0.0673 0.0088 0.0079 0.0060 0.0082 0.5941 0.0117 0.0123 0.0056 0.0059 0.0206 0.0194 0.0138 0.0105 0.0149 0.0100 0.0060 0.0095 0.0062 0.0605 0.0642 0.0107 0.0169 
      H539.3  1 0.0054 0.0086 0.0061 0.0036 0.0093 0.0068 0.8207 0.0071 0.0126 0.0045 0.0043 0.0123 0.0075 0.0091 0.0043 0.0269 0.0064 0.0083 0.0034 0.0043 0.0088 0.0051 0.0074 0.0073 
      H539.4  1 0.0052 0.0061 0.0127 0.0038 0.0035 0.0107 0.8314 0.0065 0.0048 0.0098 0.0047 0.0265 0.0048 0.0042 0.0077 0.0040 0.0078 0.0037 0.0060 0.0040 0.0079 0.0104 0.0065 0.0073 
      H539.5  1 0.0043 0.0034 0.0043 0.0035 0.0024 0.0053 0.9138 0.0047 0.0029 0.0038 0.0027 0.0036 0.0030 0.0033 0.0031 0.0060 0.0025 0.0039 0.0031 0.0044 0.0039 0.0030 0.0051 0.0041 
      H539.6  1 0.0038 0.0075 0.0044 0.0040 0.0039 0.0050 0.9027 0.0040 0.0037 0.0035 0.0027 0.0034 0.0038 0.0035 0.0040 0.0048 0.0034 0.0037 0.0036 0.0051 0.0069 0.0034 0.0056 0.0035 
      H539.7  1 0.0041 0.0071 0.0030 0.0038 0.0036 0.0057 0.9088 0.0052 0.0042 0.0028 0.0033 0.0058 0.0034 0.0032 0.0035 0.0038 0.0035 0.0043 0.0030 0.0034 0.0041 0.0040 0.0028 0.0036 
      H539.8  1 0.0067 0.0158 0.0133 0.0055 0.0079 0.0040 0.7952 0.0068 0.0145 0.0045 0.0056 0.0138 0.0110 0.0139 0.0112 0.0069 0.0125 0.0142 0.0046 0.0069 0.0068 0.0068 0.0060 0.0055 
      H539.9  1 0.0038 0.0044 0.0101 0.0026 0.0028 0.0069 0.8821 0.0041 0.0049 0.0051 0.0035 0.0109 0.0039 0.0027 0.0062 0.0054 0.0044 0.0029 0.0041 0.0045 0.0063 0.0056 0.0078 0.0049 
      H540.1  1 0.0202 0.0190 0.0085 0.0046 0.0078 0.0073 0.7956 0.0153 0.0044 0.0094 0.0059 0.0065 0.0061 0.0066 0.0149 0.0085 0.0046 0.0042 0.0036 0.0058 0.0103 0.0128 0.0056 0.0125 
      H540.2  1 0.0067 0.0055 0.0035 0.0045 0.0050 0.0053 0.8818 0.0062 0.0040 0.0070 0.0056 0.0042 0.0024 0.0034 0.0074 0.0069 0.0034 0.0044 0.0038 0.0068 0.0048 0.0035 0.0043 0.0095 
      H540.3  1 0.0142 0.0302 0.1811 0.0219 0.0092 0.0254 0.4143 0.0344 0.0196 0.0095 0.0130 0.0202 0.0072 0.0044 0.0222 0.0054 0.0059 0.0658 0.0161 0.0119 0.0065 0.0341 0.0045 0.0232 
      H540.4  1 0.0090 0.0100 0.0029 0.0078 0.0050 0.0044 0.8486 0.0111 0.0064 0.0107 0.0041 0.0048 0.0047 0.0081 0.0088 0.0055 0.0046 0.0062 0.0040 0.0065 0.0051 0.0099 0.0036 0.0081 
      H540.5  1 0.0098 0.0056 0.0140 0.0055 0.0046 0.0067 0.8107 0.0099 0.0083 0.0136 0.0079 0.0163 0.0063 0.0034 0.0068 0.0064 0.0041 0.0096 0.0061 0.0093 0.0058 0.0068 0.0073 0.0152 
      H540.6  1 0.0184 0.0120 0.0091 0.0106 0.0065 0.0074 0.7395 0.0141 0.0080 0.0179 0.0073 0.0083 0.0132 0.0075 0.0164 0.0173 0.0037 0.0086 0.0056 0.0144 0.0096 0.0199 0.0094 0.0153 
      H540.7  1 0.0097 0.0074 0.0036 0.0070 0.0052 0.0054 0.8408 0.0105 0.0038 0.0061 0.0108 0.0051 0.0047 0.0070 0.0092 0.0058 0.0058 0.0057 0.0062 0.0087 0.0064 0.0066 0.0082 0.0102 
      H540.8  1 0.0094 0.0235 0.0047 0.0062 0.0080 0.0066 0.8257 0.0131 0.0045 0.0082 0.0111 0.0057 0.0025 0.0054 0.0085 0.0056 0.0036 0.0057 0.0053 0.0043 0.0081 0.0057 0.0039 0.0145 
     H9558.1  1 0.0034 0.0082 0.0069 0.0031 0.0044 0.0253 0.8396 0.0080 0.0069 0.0101 0.0033 0.0055 0.0051 0.0098 0.0026 0.0065 0.0054 0.0072 0.0063 0.0037 0.0064 0.0075 0.0038 0.0108 
     H9558.2  1 0.0074 0.0101 0.0107 0.0039 0.0062 0.0319 0.7538 0.0125 0.0113 0.0178 0.0035 0.0132 0.0066 0.0158 0.0058 0.0099 0.0129 0.0055 0.0112 0.0055 0.0057 0.0127 0.0147 0.0113 
     H9558.3  1 0.0072 0.0090 0.0074 0.0038 0.0054 0.0077 0.8233 0.0089 0.0055 0.0082 0.0038 0.0071 0.0054 0.0080 0.0072 0.0112 0.0139 0.0090 0.0106 0.0117 0.0049 0.0045 0.0110 0.0051 
     H9558.4  1 0.0045 0.0078 0.0079 0.0028 0.0032 0.0158 0.8463 0.0070 0.0045 0.0109 0.0030 0.0042 0.0042 0.0095 0.0034 0.0060 0.0059 0.0043 0.0090 0.0032 0.0097 0.0100 0.0050 0.0121 
     H9558.5  1 0.0049 0.0067 0.0168 0.0033 0.0022 0.0072 0.8493 0.0041 0.0070 0.0041 0.0043 0.0115 0.0053 0.0046 0.0089 0.0033 0.0095 0.0065 0.0073 0.0057 0.0045 0.0095 0.0036 0.0098 
     H9558.6  1 0.0074 0.0103 0.0069 0.0054 0.0046 0.0127 0.7595 0.0107 0.0067 0.0061 0.0044 0.0051 0.0030 0.0058 0.0469 0.0067 0.0071 0.0102 0.0086 0.0087 0.0052 0.0086 0.0403 0.0091 
    kos339.1  1 0.0134 0.0056 0.0040 0.0037 0.0035 0.0054 0.0047 0.0079 0.0059 0.0090 0.8367 0.0097 0.0047 0.0111 0.0083 0.0035 0.0046 0.0044 0.0112 0.0061 0.0074 0.0082 0.0113 0.0098 
    kos339.2  1 0.0060 0.0041 0.0054 0.0051 0.0051 0.0033 0.0033 0.0044 0.0047 0.0088 0.8602 0.0081 0.0064 0.0082 0.0064 0.0029 0.0065 0.0066 0.0077 0.0110 0.0049 0.0045 0.0113 0.0049 
    kos339.3  1 0.0044 0.0043 0.0034 0.0029 0.0056 0.0036 0.0041 0.0037 0.0032 0.0026 0.9099 0.0034 0.0032 0.0063 0.0040 0.0028 0.0032 0.0032 0.0053 0.0035 0.0057 0.0040 0.0039 0.0039 
    kos339.4  1 0.0045 0.0052 0.0037 0.0039 0.0052 0.0033 0.0046 0.0041 0.0045 0.0032 0.8988 0.0033 0.0043 0.0053 0.0048 0.0031 0.0043 0.0047 0.0082 0.0042 0.0049 0.0043 0.0039 0.0037 
    kos339.5  1 0.0106 0.0048 0.0025 0.0039 0.0040 0.0041 0.0042 0.0053 0.0048 0.0034 0.8851 0.0041 0.0040 0.0054 0.0048 0.0035 0.0040 0.0047 0.0055 0.0070 0.0055 0.0050 0.0066 0.0073 
    kos339.6  1 0.0045 0.0032 0.0044 0.0040 0.0061 0.0037 0.0036 0.0040 0.0035 0.0035 0.8974 0.0042 0.0041 0.0050 0.0081 0.0042 0.0038 0.0037 0.0055 0.0062 0.0036 0.0046 0.0047 0.0042 
    kos339.7  1 0.0030 0.0043 0.0042 0.0031 0.0052 0.0031 0.0034 0.0036 0.0033 0.0037 0.9008 0.0040 0.0026 0.0130 0.0050 0.0032 0.0032 0.0040 0.0051 0.0032 0.0054 0.0034 0.0068 0.0035 
    kos339.8  1 0.0068 0.0042 0.0061 0.0043 0.0039 0.0036 0.0033 0.0033 0.0047 0.0035 0.8776 0.0048 0.0060 0.0076 0.0067 0.0027 0.0054 0.0049 0.0162 0.0052 0.0045 0.0057 0.0047 0.0042 
    kos339.9  1 0.0077 0.0066 0.0042 0.0060 0.0070 0.0045 0.0098 0.0061 0.0041 0.0063 0.8541 0.0050 0.0037 0.0055 0.0041 0.0057 0.0054 0.0053 0.0043 0.0117 0.0109 0.0049 0.0081 0.0092 
      H008.1  2 0.0062 0.0269 0.0051 0.0094 0.0056 0.0077 0.0601 0.0146 0.0082 0.0113 0.0076 0.0167 0.0106 0.0081 0.0090 0.0047 0.0189 0.0104 0.0060 0.0282 0.0090 0.0099 0.6977 0.0081 
      H008.2  2 0.0114 0.1368 0.0282 0.0047 0.0092 0.0139 0.0906 0.0346 0.0133 0.0883 0.0160 0.0280 0.0359 0.0296 0.0176 0.0198 0.2500 0.0115 0.0083 0.0183 0.0119 0.0115 0.0642 0.0464 
      H008.3  2 0.0070 0.3107 0.0218 0.0119 0.0141 0.0089 0.0347 0.0506 0.0223 0.0140 0.0079 0.0129 0.0461 0.1410 0.0158 0.0372 0.0639 0.0300 0.0091 0.0241 0.0545 0.0191 0.0275 0.0148 
      H008.4  2 0.0148 0.0428 0.0305 0.0066 0.0120 0.0088 0.0538 0.0377 0.0259 0.0175 0.0073 0.0163 0.0132 0.0125 0.0095 0.0106 0.0300 0.0213 0.0267 0.0583 0.0058 0.0075 0.4922 0.0385 
      H008.5  2 0.0129 0.0375 0.0149 0.0063 0.0075 0.0055 0.0144 0.0194 0.0295 0.0052 0.0092 0.0110 0.0131 0.0418 0.0122 0.0206 0.0338 0.0189 0.0060 0.0243 0.0154 0.0108 0.6211 0.0087 
      H008.6  2 0.0171 0.0742 0.0500 0.0048 0.0108 0.0132 0.0479 0.0709 0.0202 0.0391 0.0075 0.0154 0.0070 0.0264 0.0232 0.0310 0.2287 0.0279 0.0205 0.0282 0.0114 0.0079 0.1044 0.1121 
      H008.7  2 0.0122 0.0918 0.0537 0.0106 0.0120 0.0151 0.0377 0.0569 0.0242 0.0260 0.0089 0.0253 0.0643 0.0373 0.0068 0.0106 0.1140 0.0201 0.0170 0.0283 0.0093 0.0201 0.2395 0.0582 
      H008.8  2 0.0134 0.0485 0.0077 0.0078 0.0110 0.0425 0.1598 0.0432 0.0087 0.2901 0.0074 0.0911 0.0248 0.0091 0.0078 0.0177 0.0154 0.0100 0.0094 0.0235 0.0112 0.0108 0.1082 0.0208 
      H008.9  2 0.0126 0.0763 0.0644 0.0089 0.0233 0.0416 0.0347 0.2364 0.0122 0.1151 0.0069 0.0145 0.0132 0.0199 0.0172 0.0257 0.1354 0.0262 0.0075 0.0101 0.0128 0.0086 0.0185 0.0580 
 H029.1_2002  2 0.0209 0.0123 0.0173 0.0062 0.0066 0.0189 0.0314 0.0184 0.0536 0.0208 0.0054 0.0152 0.0110 0.0037 0.0079 0.0048 0.0048 0.0113 0.0497 0.0341 0.0055 0.0065 0.6185 0.0153 
 H029.1_2003  2 0.0102 0.0213 0.0132 0.0042 0.0079 0.0132 0.0099 0.0371 0.5186 0.0576 0.0051 0.0503 0.0062 0.0251 0.0093 0.0082 0.0079 0.1262 0.0097 0.0120 0.0057 0.0139 0.0185 0.0086 
 H029.2_2002  2 0.0200 0.0103 0.0428 0.0040 0.0342 0.0046 0.0095 0.0130 0.0770 0.0058 0.0413 0.0165 0.0231 0.0771 0.0052 0.0100 0.0101 0.0599 0.0079 0.0061 0.0081 0.0103 0.4812 0.0223 
 H029.2_2003  2 0.0168 0.0385 0.0222 0.0044 0.0121 0.0086 0.0078 0.0211 0.3890 0.0124 0.0234 0.0645 0.0052 0.1223 0.0119 0.0107 0.0187 0.0449 0.0046 0.0044 0.0051 0.0173 0.0764 0.0578 
 H029.3_2002  2 0.0159 0.0098 0.1749 0.0042 0.0286 0.0080 0.0064 0.0158 0.0672 0.0193 0.0193 0.0647 0.0221 0.2780 0.0150 0.0097 0.0068 0.0454 0.0085 0.0058 0.0096 0.0194 0.1339 0.0117 
 H029.3_2003  2 0.0119 0.0178 0.0078 0.0042 0.0091 0.0034 0.0082 0.0191 0.3467 0.0103 0.0098 0.0190 0.0068 0.0289 0.0153 0.0053 0.0274 0.0272 0.0052 0.0164 0.0072 0.0208 0.3646 0.0076 
 H029.4_2002  2 0.0045 0.0089 0.0230 0.0052 0.0118 0.0045 0.0044 0.0079 0.0833 0.0120 0.0047 0.0193 0.0107 0.0068 0.0062 0.0041 0.0054 0.0113 0.0093 0.0166 0.0096 0.0144 0.7118 0.0045 
 H029.4_2003  2 0.0070 0.0382 0.0137 0.0042 0.0065 0.0156 0.0233 0.0359 0.4230 0.0247 0.0059 0.1797 0.0056 0.0088 0.0107 0.0120 0.0122 0.0144 0.0087 0.0383 0.0115 0.0194 0.0741 0.0065 
 H029.5_2002  2 0.0112 0.0076 0.0064 0.0058 0.0086 0.0060 0.0067 0.0108 0.0546 0.0067 0.0047 0.0116 0.0113 0.0044 0.0066 0.0037 0.0091 0.0192 0.0104 0.0408 0.0050 0.0055 0.7368 0.0068 
 H029.5_2003  2 0.0048 0.0274 0.0117 0.0030 0.0070 0.0095 0.0098 0.0257 0.4197 0.0359 0.0050 0.0598 0.0050 0.0100 0.0058 0.0045 0.0198 0.0310 0.0078 0.0288 0.0101 0.0124 0.2289 0.0165 
 H029.6_2002  2 0.0059 0.0077 0.0427 0.0055 0.0182 0.0045 0.0041 0.0075 0.4857 0.0245 0.0049 0.0297 0.0207 0.0100 0.0066 0.0065 0.0040 0.0138 0.0076 0.0074 0.0095 0.0139 0.2535 0.0054 
 H029.6_2003  2 0.0322 0.0300 0.0103 0.0070 0.0224 0.0092 0.0152 0.0456 0.0897 0.0173 0.0528 0.0386 0.0079 0.0461 0.0204 0.0071 0.0319 0.0626 0.0040 0.0362 0.0125 0.0137 0.3578 0.0295 
      H029.7  2 0.0099 0.0085 0.0400 0.0037 0.0468 0.0076 0.0062 0.0083 0.0393 0.0039 0.0261 0.0290 0.0140 0.0130 0.0035 0.0120 0.0056 0.0197 0.0044 0.0065 0.0055 0.0102 0.6628 0.0134 
      H030.1  2 0.1073 0.0143 0.0045 0.0408 0.0142 0.0095 0.0046 0.0223 0.0795 0.0109 0.0108 0.0150 0.0147 0.0085 0.4294 0.0097 0.0610 0.0073 0.0053 0.0178 0.0258 0.0210 0.0399 0.0257 
      H030.2  2 0.0120 0.1320 0.0474 0.0211 0.0073 0.0068 0.0168 0.0175 0.0130 0.0053 0.0052 0.0068 0.0941 0.0096 0.3418 0.0037 0.0205 0.0038 0.1172 0.0381 0.0125 0.0072 0.0542 0.0061 
      H038.1  2 0.0063 0.0066 0.0268 0.0030 0.0053 0.0125 0.0082 0.0070 0.0086 0.0081 0.0048 0.0143 0.0045 0.0048 0.0049 0.0084 0.0039 0.0077 0.0062 0.0054 0.0050 0.0042 0.8292 0.0043 
      H038.2  2 0.0118 0.0048 0.0051 0.0192 0.0041 0.0050 0.0040 0.0046 0.0051 0.0045 0.0087 0.0044 0.0064 0.0085 0.0064 0.0025 0.0059 0.0057 0.0105 0.0071 0.0046 0.0058 0.8483 0.0067 
      H038.3  2 0.0462 0.0101 0.0333 0.0124 0.0065 0.0190 0.0116 0.0067 0.0044 0.0055 0.0089 0.0127 0.0067 0.0093 0.0114 0.0042 0.0092 0.0048 0.0253 0.0152 0.0108 0.0045 0.7128 0.0085 
      H038.4  2 0.0270 0.0058 0.0280 0.0155 0.0111 0.0109 0.0070 0.0067 0.0045 0.0092 0.0077 0.0097 0.0063 0.0082 0.0072 0.0039 0.0097 0.0078 0.0128 0.0213 0.0050 0.0049 0.7626 0.0072 
      H038.5  2 0.0096 0.0106 0.0228 0.0074 0.0079 0.0046 0.0107 0.0121 0.0112 0.0126 0.0156 0.0184 0.0101 0.0045 0.0165 0.0034 0.0054 0.0081 0.0061 0.0061 0.0128 0.0148 0.7626 0.0062 
