      H105.1  1 0.0474 0.0060 0.0888 0.6888 0.0117 0.0066 0.0392 0.0160 0.0081 0.0095 0.0067 0.0348 0.0073 0.0149 0.0066 0.0075 
      H105.2  1 0.0306 0.0170 0.0515 0.6013 0.0144 0.0326 0.0111 0.0593 0.0096 0.0268 0.0099 0.0303 0.0317 0.0084 0.0130 0.0525 
      H105.3  1 0.0131 0.0095 0.0087 0.8312 0.0087 0.0104 0.0069 0.0140 0.0088 0.0076 0.0052 0.0349 0.0063 0.0146 0.0069 0.0132 
      H105.4  1 0.1119 0.0180 0.0273 0.6041 0.0095 0.0087 0.0091 0.0190 0.0201 0.0248 0.0115 0.0428 0.0294 0.0204 0.0067 0.0369 
      H105.5  1 0.1369 0.0499 0.0765 0.0543 0.0095 0.0105 0.0608 0.0339 0.0615 0.0231 0.0221 0.3517 0.0359 0.0351 0.0092 0.0292 
      H105.6  1 0.0176 0.0110 0.0068 0.8251 0.0087 0.0069 0.0036 0.0070 0.0271 0.0056 0.0049 0.0200 0.0086 0.0228 0.0060 0.0183 
      H105.7  1 0.0532 0.0100 0.0223 0.7468 0.0250 0.0084 0.0219 0.0067 0.0052 0.0452 0.0107 0.0178 0.0072 0.0068 0.0056 0.0072 
      H105.8  1 0.0232 0.0047 0.0471 0.7889 0.0278 0.0192 0.0045 0.0184 0.0063 0.0062 0.0040 0.0114 0.0098 0.0077 0.0104 0.0102 
      H115.1  1 0.0164 0.0148 0.0166 0.0223 0.0470 0.0582 0.0224 0.0128 0.5316 0.0179 0.0090 0.0773 0.0671 0.0588 0.0119 0.0158 
      H115.2  1 0.0096 0.0182 0.0082 0.0209 0.0105 0.0357 0.0255 0.0089 0.6501 0.0074 0.0076 0.0154 0.1228 0.0167 0.0170 0.0254 
      H115.3  1 0.0123 0.0093 0.0060 0.0184 0.0095 0.0098 0.0351 0.0118 0.6978 0.0089 0.0061 0.0071 0.0939 0.0188 0.0079 0.0473 
      H115.4  1 0.0133 0.0198 0.0122 0.0104 0.0098 0.0638 0.0947 0.0357 0.0616 0.0062 0.0069 0.0189 0.5839 0.0432 0.0108 0.0086 
      H115.5  1 0.0231 0.0274 0.0096 0.0343 0.0343 0.0190 0.0351 0.1597 0.4571 0.0141 0.0183 0.0248 0.0252 0.0352 0.0666 0.0161 
      H115.6  1 0.0112 0.0313 0.0067 0.0126 0.0107 0.0093 0.0435 0.0216 0.6323 0.0368 0.0132 0.0116 0.0576 0.0244 0.0186 0.0586 
      H115.7  1 0.0177 0.2072 0.0076 0.0161 0.0071 0.0378 0.0539 0.0733 0.2083 0.0465 0.0195 0.0289 0.1652 0.0318 0.0070 0.0719 
      H115.8  1 0.0157 0.0154 0.0104 0.0272 0.0517 0.0164 0.0173 0.0233 0.6211 0.0154 0.0073 0.0101 0.0484 0.0186 0.0774 0.0242 
      H115.9  1 0.0267 0.0073 0.0065 0.0066 0.0237 0.0099 0.0127 0.0041 0.8388 0.0073 0.0048 0.0179 0.0083 0.0105 0.0056 0.0092 
      H145.1  1 0.0159 0.0074 0.0069 0.0055 0.0108 0.0048 0.0049 0.0038 0.0108 0.0041 0.8425 0.0156 0.0072 0.0101 0.0349 0.0147 
      H145.2  1 0.0158 0.0082 0.0224 0.0054 0.0082 0.0047 0.0057 0.0040 0.0322 0.0082 0.7978 0.0117 0.0131 0.0141 0.0362 0.0124 
      H145.3  1 0.0186 0.0059 0.0070 0.0038 0.0316 0.0039 0.0049 0.0159 0.0083 0.0072 0.7917 0.0075 0.0075 0.0063 0.0627 0.0174 
      H145.4  1 0.0094 0.0083 0.0048 0.0054 0.0069 0.0037 0.0042 0.0033 0.0041 0.0047 0.9100 0.0055 0.0051 0.0095 0.0091 0.0059 
      H145.5  1 0.0082 0.0089 0.0057 0.0040 0.0101 0.0045 0.0044 0.0065 0.0070 0.0049 0.7114 0.0056 0.0058 0.0088 0.1769 0.0273 
      H145.6  1 0.0078 0.0092 0.0141 0.0048 0.0048 0.0038 0.0060 0.0083 0.0122 0.0146 0.8696 0.0050 0.0096 0.0085 0.0148 0.0071 
      H145.7  1 0.0079 0.0111 0.0068 0.0041 0.0073 0.0036 0.0082 0.0131 0.0044 0.0043 0.8941 0.0055 0.0067 0.0096 0.0056 0.0077 
      H149.1  1 0.0043 0.0044 0.0044 0.0042 0.0047 0.0045 0.0038 0.0034 0.0039 0.0036 0.0062 0.0044 0.0032 0.9335 0.0049 0.0067 
      H149.2  1 0.0065 0.0071 0.0050 0.0043 0.0040 0.0042 0.0133 0.0051 0.0047 0.0052 0.0205 0.0093 0.0033 0.8952 0.0041 0.0081 
      H149.3  1 0.0074 0.0231 0.0057 0.0075 0.0111 0.0087 0.0222 0.0077 0.0074 0.0123 0.0440 0.0087 0.0057 0.8113 0.0053 0.0119 
      H149.4  1 0.0048 0.0047 0.0116 0.0090 0.0060 0.0071 0.0074 0.0048 0.0061 0.0089 0.0054 0.0056 0.0062 0.8999 0.0071 0.0053 
      H149.5  1 0.0136 0.0125 0.0235 0.0207 0.0095 0.0086 0.0814 0.0105 0.0038 0.0391 0.0874 0.0133 0.0098 0.6545 0.0040 0.0079 
      H149.6  1 0.0066 0.0107 0.0067 0.0049 0.0042 0.0043 0.0116 0.0045 0.0036 0.0124 0.0213 0.0095 0.0041 0.8867 0.0043 0.0046 
      H149.7  1 0.0101 0.0192 0.0302 0.0250 0.0152 0.0223 0.0287 0.0102 0.0073 0.0740 0.0330 0.0163 0.0120 0.6744 0.0101 0.0122 
      H150.1  1 0.0060 0.0134 0.0072 0.0343 0.0141 0.0041 0.0077 0.0076 0.7165 0.0061 0.0124 0.0091 0.1265 0.0048 0.0169 0.0132 
      H150.2  1 0.0051 0.0249 0.0072 0.0204 0.0086 0.0119 0.0190 0.0103 0.5535 0.0166 0.0080 0.0161 0.2340 0.0200 0.0326 0.0116 
      H150.3  1 0.0117 0.1681 0.0106 0.0253 0.0196 0.0139 0.0092 0.0234 0.5088 0.0206 0.0252 0.0238 0.0903 0.0071 0.0162 0.0263 
      H150.4  1 0.0110 0.0178 0.0059 0.0086 0.0103 0.0046 0.0075 0.0132 0.8394 0.0089 0.0105 0.0098 0.0166 0.0040 0.0219 0.0101 
      H150.5  1 0.0110 0.0377 0.0085 0.0459 0.0082 0.0164 0.0342 0.0143 0.4044 0.0186 0.0182 0.0075 0.3224 0.0133 0.0077 0.0317 
      H150.6  1 0.0056 0.0286 0.0060 0.1411 0.0054 0.0114 0.0498 0.0351 0.1164 0.0128 0.0155 0.0101 0.5087 0.0101 0.0145 0.0290 
      H150.7  1 0.0066 0.0165 0.0083 0.0142 0.0146 0.0045 0.0050 0.0067 0.8389 0.0050 0.0067 0.0064 0.0163 0.0044 0.0156 0.0303 
   H169607.1  1 0.0323 0.0233 0.1029 0.0106 0.0239 0.1259 0.0132 0.0347 0.0357 0.0503 0.1868 0.1785 0.0651 0.0080 0.0305 0.0785 
   H169607.2  1 0.5340 0.0160 0.0453 0.0094 0.0329 0.0258 0.0117 0.0089 0.0272 0.0142 0.0795 0.0335 0.0590 0.0138 0.0050 0.0837 
   H169607.3  1 0.1159 0.0136 0.1395 0.0067 0.0469 0.0383 0.0398 0.0296 0.0179 0.0849 0.3314 0.0526 0.0275 0.0100 0.0162 0.0290 
   H169607.4  1 0.2190 0.0081 0.0588 0.0093 0.0060 0.0131 0.0062 0.0065 0.0103 0.0132 0.1571 0.0521 0.0101 0.0061 0.0067 0.4174 
   H169607.5  1 0.2619 0.0096 0.0285 0.0076 0.0439 0.0130 0.0566 0.0098 0.0583 0.0161 0.1172 0.0304 0.2648 0.0322 0.0103 0.0399 
   H169607.6  1 0.6383 0.0101 0.0408 0.0052 0.0177 0.0311 0.0104 0.0106 0.0171 0.0094 0.0711 0.0260 0.0365 0.0111 0.0044 0.0601 
   H169607.7  1 0.2272 0.0123 0.0565 0.0194 0.0688 0.1030 0.0155 0.0199 0.0242 0.0111 0.0483 0.0113 0.3426 0.0137 0.0072 0.0191 
   H169607.8  1 0.5413 0.0088 0.0769 0.0051 0.0162 0.0202 0.0057 0.0093 0.0157 0.0149 0.0585 0.0569 0.0101 0.0069 0.0048 0.1485 
   H169633.1  1 0.0105 0.0169 0.0081 0.0215 0.0077 0.0197 0.0118 0.0412 0.0229 0.0124 0.0379 0.0063 0.0061 0.7388 0.0275 0.0106 
   H169633.2  1 0.0042 0.0345 0.0083 0.0192 0.0159 0.0583 0.0057 0.0163 0.0059 0.0332 0.0175 0.0165 0.0093 0.7392 0.0097 0.0062 
   H169633.3  1 0.0044 0.0288 0.0065 0.0164 0.0187 0.0113 0.0142 0.0092 0.0084 0.0063 0.0176 0.0089 0.0083 0.8289 0.0067 0.0054 
   H169633.4  1 0.0076 0.0212 0.0080 0.0173 0.0074 0.0072 0.0167 0.0125 0.0136 0.0042 0.0172 0.0071 0.0071 0.8128 0.0232 0.0170 
   H169633.5  1 0.0077 0.0149 0.0094 0.0167 0.0091 0.0065 0.0181 0.0121 0.0165 0.0045 0.0101 0.0072 0.0061 0.8235 0.0177 0.0199 
   H169688.1  1 0.0591 0.0096 0.0088 0.0056 0.0117 0.2519 0.0067 0.1549 0.0087 0.1628 0.2188 0.0100 0.0493 0.0194 0.0050 0.0178 
   H169688.2  1 0.0117 0.0076 0.0119 0.0115 0.0116 0.3339 0.0119 0.0752 0.0224 0.2590 0.0558 0.0069 0.1453 0.0081 0.0178 0.0095 
   H169688.3  1 0.0153 0.0092 0.0304 0.0110 0.0049 0.2026 0.0164 0.0494 0.0377 0.1474 0.1680 0.0070 0.2650 0.0180 0.0068 0.0108 
   H169688.4  1 0.0127 0.0081 0.0102 0.0090 0.0106 0.1226 0.0086 0.0370 0.4176 0.0493 0.0301 0.0088 0.2389 0.0104 0.0167 0.0095 
   H169688.5  1 0.0124 0.0061 0.0085 0.0085 0.0097 0.1295 0.0098 0.0355 0.4441 0.0506 0.0348 0.0062 0.2038 0.0144 0.0160 0.0100 
   H169688.6  1 0.0135 0.0040 0.0117 0.0319 0.0070 0.3376 0.0088 0.0400 0.0562 0.0690 0.1289 0.0049 0.1844 0.0293 0.0672 0.0056 
   H169688.7  1 0.0128 0.0105 0.0410 0.0061 0.0099 0.1649 0.0127 0.0441 0.0707 0.0162 0.2948 0.0118 0.2679 0.0123 0.0128 0.0114 
   H171901.1  1 0.0158 0.1410 0.0517 0.0214 0.0121 0.0158 0.0154 0.0289 0.0454 0.2271 0.1357 0.0174 0.1375 0.0108 0.0939 0.0300 
   H171901.2  1 0.0250 0.0120 0.0082 0.0153 0.0109 0.0093 0.0084 0.0077 0.0270 0.0083 0.0129 0.0085 0.0127 0.7837 0.0095 0.0403 
   H171901.3  1 0.0084 0.0090 0.0105 0.0065 0.0100 0.0129 0.0150 0.0195 0.0282 0.0192 0.0100 0.0081 0.0249 0.7585 0.0086 0.0507 
   H171901.4  1 0.0123 0.0072 0.0099 0.0295 0.0088 0.0117 0.0083 0.0123 0.0141 0.0115 0.0126 0.0175 0.0388 0.7642 0.0088 0.0325 
   H171901.5  1 0.0096 0.0081 0.0109 0.0151 0.0092 0.0268 0.0142 0.0074 0.0143 0.0209 0.0190 0.0480 0.0459 0.6055 0.0082 0.1368 
   H171901.6  1 0.0119 0.0174 0.0113 0.0492 0.0116 0.0379 0.0150 0.0059 0.0210 0.0263 0.0885 0.0530 0.0322 0.4335 0.0065 0.1788 
   H171901.7  1 0.0105 0.0104 0.0112 0.0090 0.0209 0.0256 0.0146 0.0072 0.0190 0.0152 0.0356 0.0068 0.0505 0.7364 0.0057 0.0213 
   H171902.1  1 0.0129 0.0065 0.0132 0.0071 0.0152 0.0490 0.0051 0.0079 0.0130 0.0081 0.0159 0.0351 0.0110 0.0082 0.0574 0.7345 
  H171902.10  1 0.0112 0.0047 0.0067 0.0033 0.0045 0.0220 0.0036 0.0058 0.0061 0.0047 0.0064 0.0053 0.0056 0.0116 0.0098 0.8886 
   H171902.2  1 0.0088 0.0095 0.0143 0.0300 0.0633 0.3064 0.0067 0.1141 0.0170 0.0428 0.0214 0.0327 0.0144 0.0182 0.0549 0.2454 
   H171902.3  1 0.0181 0.0106 0.0368 0.0084 0.0163 0.1338 0.0062 0.0143 0.0353 0.0168 0.0146 0.0409 0.0279 0.0725 0.0133 0.5344 
   H171902.4  1 0.0082 0.0081 0.0040 0.0085 0.0111 0.0089 0.0058 0.0065 0.0136 0.0054 0.0082 0.0052 0.0031 0.0487 0.0187 0.8361 
   H171902.6  1 0.0073 0.0067 0.0093 0.0036 0.0044 0.0108 0.0044 0.0059 0.0065 0.0034 0.0060 0.0052 0.0050 0.0115 0.0088 0.9012 
   H171902.7  1 0.0089 0.0069 0.0099 0.0060 0.0042 0.0074 0.0057 0.0039 0.0059 0.0088 0.0129 0.0139 0.0087 0.0172 0.0188 0.8611 
   H171902.8  1 0.0078 0.0067 0.0132 0.0047 0.0057 0.0269 0.0066 0.0113 0.0104 0.0103 0.0111 0.0119 0.0145 0.0184 0.0132 0.8273 
   H171902.9  1 0.0123 0.0100 0.0091 0.0150 0.0108 0.0082 0.0041 0.0056 0.0350 0.0077 0.0125 0.0097 0.0073 0.0083 0.0318 0.8123 
   H171903.1  1 0.7338 0.0073 0.0051 0.0100 0.0126 0.0087 0.0140 0.0054 0.0199 0.0077 0.0211 0.0225 0.0943 0.0207 0.0048 0.0121 
   H171903.2  1 0.6773 0.0069 0.0434 0.0177 0.0440 0.0100 0.0317 0.0088 0.0231 0.0120 0.0121 0.0318 0.0490 0.0108 0.0121 0.0093 
   H171903.3  1 0.1808 0.0162 0.0364 0.0108 0.0315 0.0210 0.2319 0.0090 0.0221 0.0260 0.0260 0.1116 0.1504 0.0625 0.0148 0.0489 
   H171903.4  1 0.0607 0.0263 0.0108 0.0110 0.0071 0.0172 0.0155 0.0166 0.0213 0.3734 0.1829 0.0113 0.0507 0.0177 0.0085 0.1690 
   H171903.5  1 0.1006 0.0067 0.1724 0.0179 0.0305 0.0387 0.2103 0.0115 0.0254 0.0240 0.0246 0.0899 0.1775 0.0458 0.0129 0.0113 
   H171903.6  1 0.2463 0.0067 0.0283 0.0079 0.0223 0.0568 0.0530 0.0119 0.0334 0.0301 0.0406 0.0202 0.2684 0.1398 0.0049 0.0297 
      H177.1  1 0.0228 0.0098 0.0105 0.0051 0.0065 0.0250 0.0123 0.0045 0.0337 0.2394 0.0170 0.0148 0.0228 0.4746 0.0094 0.0920 
      H177.2  1 0.0269 0.0100 0.1672 0.0107 0.0704 0.0898 0.0856 0.0227 0.0343 0.0202 0.0629 0.0838 0.0445 0.1792 0.0126 0.0791 
      H177.3  1 0.0203 0.0200 0.0555 0.0075 0.0117 0.0254 0.0311 0.0055 0.0434 0.0126 0.0387 0.0254 0.0296 0.5077 0.0186 0.1472 
      H177.4  1 0.0221 0.0068 0.0172 0.0200 0.0103 0.0504 0.0199 0.0052 0.0052 0.2365 0.0316 0.0227 0.0111 0.4976 0.0091 0.0343 
      H177.5  1 0.0286 0.0093 0.0177 0.0279 0.0161 0.0163 0.0474 0.0120 0.0178 0.6596 0.0205 0.0093 0.0449 0.0353 0.0088 0.0285 
      H177.6  1 0.0100 0.0104 0.0368 0.0055 0.0103 0.0276 0.0201 0.0046 0.0566 0.0114 0.0192 0.0187 0.0262 0.6127 0.0225 0.1074 
      H179.1  1 0.0047 0.0116 0.0560 0.0133 0.0066 0.7686 0.0104 0.0061 0.0096 0.0267 0.0064 0.0306 0.0139 0.0150 0.0052 0.0153 
      H179.2  1 0.0081 0.0154 0.1179 0.0130 0.0148 0.6186 0.0292 0.0076 0.0095 0.0226 0.0066 0.0473 0.0595 0.0141 0.0044 0.0114 
      H179.3  1 0.0188 0.0110 0.1896 0.0126 0.0205 0.5635 0.0167 0.0166 0.0200 0.0537 0.0074 0.0106 0.0350 0.0087 0.0053 0.0100 
      H179.4  1 0.0139 0.0112 0.1896 0.0117 0.0240 0.2622 0.0131 0.0209 0.0065 0.0158 0.0300 0.0352 0.0308 0.3149 0.0046 0.0155 
      H180.1  1 0.0072 0.0052 0.0069 0.0101 0.0061 0.0364 0.0129 0.0347 0.0104 0.0099 0.0037 0.0093 0.8174 0.0054 0.0166 0.0077 
      H180.2  1 0.0099 0.0065 0.0053 0.0287 0.0064 0.0243 0.0072 0.0596 0.0234 0.0115 0.0048 0.0136 0.7532 0.0095 0.0187 0.0174 
      H180.3  1 0.0150 0.0065 0.0056 0.0149 0.0681 0.0062 0.0168 0.0138 0.1890 0.0071 0.0072 0.0822 0.5222 0.0077 0.0320 0.0057 
      H180.4  1 0.0103 0.0100 0.0177 0.1669 0.0194 0.0370 0.0359 0.0384 0.0172 0.0264 0.0080 0.0096 0.5298 0.0297 0.0286 0.0151 
      H180.5  1 0.0158 0.0077 0.0099 0.0244 0.0350 0.0321 0.0602 0.0311 0.0213 0.0267 0.0132 0.0068 0.6521 0.0123 0.0403 0.0109 
      H180.6  1 0.0157 0.0167 0.0123 0.0236 0.5625 0.0119 0.0228 0.0380 0.0259 0.0087 0.0225 0.0123 0.1483 0.0220 0.0474 0.0092 
      H181.1  1 0.0460 0.0054 0.0313 0.0090 0.0080 0.1378 0.2497 0.2124 0.0087 0.0071 0.0149 0.0191 0.0091 0.1857 0.0155 0.0404 
      H181.2  1 0.0227 0.0143 0.0077 0.0147 0.0051 0.5684 0.0227 0.1041 0.0106 0.0133 0.0485 0.0325 0.0172 0.0715 0.0131 0.0337 
      H181.3  1 0.0155 0.0093 0.0082 0.0089 0.0080 0.5902 0.0158 0.1982 0.0065 0.0131 0.0154 0.0110 0.0085 0.0316 0.0102 0.0498 
      H181.4  1 0.0369 0.0187 0.0196 0.0132 0.0167 0.0319 0.2948 0.1102 0.0774 0.0194 0.0359 0.0703 0.0303 0.1989 0.0041 0.0216 
      H181.5  1 0.0089 0.0179 0.0544 0.0114 0.0089 0.5975 0.0219 0.1564 0.0061 0.0246 0.0092 0.0254 0.0071 0.0206 0.0129 0.0169 
      H181.6  1 0.0164 0.0118 0.0349 0.0350 0.0120 0.5732 0.0227 0.0245 0.0167 0.0224 0.0151 0.0945 0.0264 0.0338 0.0073 0.0532 
      H181.7  1 0.0209 0.0077 0.1554 0.0141 0.0217 0.3940 0.0351 0.0845 0.0168 0.0108 0.0198 0.0265 0.0145 0.1485 0.0127 0.0170 
 H194.1_2004  1 0.0301 0.0094 0.0067 0.0076 0.0133 0.0071 0.0172 0.0052 0.0096 0.0093 0.8118 0.0080 0.0261 0.0175 0.0073 0.0137 
 H194.2_2004  1 0.0190 0.0113 0.0054 0.0051 0.0054 0.0045 0.0122 0.0048 0.0055 0.0554 0.8301 0.0051 0.0092 0.0081 0.0108 0.0083 
 H194.3_2004  1 0.0091 0.0109 0.0098 0.0076 0.0077 0.0088 0.0063 0.0039 0.0053 0.0113 0.8028 0.0087 0.0090 0.0773 0.0064 0.0150 
 H194.4_2004  1 0.0231 0.0075 0.0060 0.0044 0.0079 0.0063 0.0044 0.0047 0.0058 0.0531 0.7864 0.0074 0.0057 0.0480 0.0126 0.0167 
 H194.5_2004  1 0.0102 0.0090 0.0113 0.0123 0.0133 0.0097 0.0117 0.0060 0.0084 0.0110 0.7818 0.0185 0.0104 0.0616 0.0062 0.0188 
 H194.6_2004  1 0.0256 0.0183 0.0142 0.0065 0.0139 0.0078 0.0118 0.0061 0.0113 0.1727 0.2497 0.0230 0.0140 0.3871 0.0076 0.0305 
 H194.7_2004  1 0.0844 0.0116 0.0060 0.0075 0.0539 0.0062 0.0129 0.0090 0.0071 0.0133 0.7481 0.0070 0.0117 0.0088 0.0067 0.0058 
 H194.8_2004  1 0.0189 0.0253 0.0083 0.0074 0.0165 0.0070 0.0098 0.0109 0.0092 0.1028 0.6552 0.0136 0.0107 0.0828 0.0081 0.0135 
      H194.9  1 0.0242 0.0123 0.0061 0.0078 0.0311 0.0051 0.0107 0.0079 0.0107 0.0112 0.8303 0.0064 0.0086 0.0110 0.0072 0.0094 
 H195.1_2003  1 0.0067 0.0073 0.0110 0.0192 0.0043 0.0047 0.0052 0.0061 0.0045 0.0097 0.8863 0.0084 0.0090 0.0073 0.0035 0.0067 
 H195.1_2004  1 0.0056 0.0098 0.0060 0.0069 0.0044 0.0085 0.0093 0.0173 0.0090 0.0047 0.8698 0.0041 0.0076 0.0138 0.0105 0.0129 
 H195.2_2003  1 0.0121 0.0046 0.0060 0.0099 0.0077 0.0072 0.0042 0.0049 0.0109 0.0054 0.8882 0.0109 0.0072 0.0054 0.0049 0.0107 
 H195.2_2004  1 0.0060 0.0054 0.0060 0.0054 0.0052 0.0045 0.0045 0.0073 0.0043 0.0048 0.9183 0.0047 0.0048 0.0062 0.0083 0.0043 
 H195.3_2003  1 0.0224 0.0062 0.0056 0.0382 0.0079 0.0078 0.0051 0.0070 0.0253 0.0147 0.8160 0.0103 0.0141 0.0047 0.0059 0.0090 
 H195.3_2004  1 0.0091 0.0076 0.0035 0.0065 0.0038 0.0056 0.0054 0.0066 0.0041 0.0032 0.9043 0.0040 0.0042 0.0196 0.0052 0.0074 
 H195.4_2003  1 0.0096 0.0069 0.0067 0.0060 0.0041 0.0049 0.0046 0.0038 0.0042 0.0053 0.9152 0.0060 0.0070 0.0071 0.0030 0.0057 
 H195.4_2004  1 0.0077 0.0049 0.0045 0.0047 0.0067 0.0048 0.0058 0.0134 0.0038 0.0066 0.9137 0.0043 0.0032 0.0055 0.0049 0.0056 
 H195.5_2003  1 0.0088 0.0128 0.0151 0.0654 0.0053 0.0097 0.0075 0.0188 0.0078 0.0126 0.7766 0.0076 0.0200 0.0124 0.0052 0.0142 
 H195.5_2004  1 0.0100 0.0060 0.0051 0.0098 0.0041 0.0072 0.0063 0.0164 0.0058 0.0047 0.8881 0.0041 0.0040 0.0119 0.0082 0.0081 
 H195.6_2003  1 0.0189 0.0040 0.0042 0.0224 0.0050 0.0070 0.0046 0.0060 0.0140 0.0052 0.8769 0.0063 0.0088 0.0050 0.0045 0.0073 
 H195.6_2004  1 0.0086 0.0063 0.0062 0.0060 0.0049 0.0052 0.0039 0.0051 0.0029 0.0039 0.9212 0.0050 0.0038 0.0058 0.0063 0.0052 
 H195.7_2003  1 0.0064 0.0054 0.0087 0.0068 0.0054 0.0056 0.0052 0.0060 0.0035 0.0129 0.9058 0.0061 0.0056 0.0083 0.0034 0.0050 
 H195.7_2004  1 0.0044 0.0090 0.0054 0.0078 0.0048 0.0080 0.0050 0.0175 0.0097 0.0040 0.8806 0.0038 0.0054 0.0062 0.0225 0.0059 
      H195.8  1 0.0093 0.0088 0.0048 0.0057 0.0052 0.0079 0.0061 0.0377 0.0059 0.0054 0.8745 0.0040 0.0063 0.0045 0.0061 0.0077 
      H195.9  1 0.0184 0.0059 0.0048 0.0060 0.0065 0.0059 0.0066 0.0066 0.0042 0.0060 0.8930 0.0052 0.0065 0.0113 0.0046 0.0086 
      H415.1  1 0.0102 0.0622 0.0125 0.0250 0.0546 0.0463 0.0139 0.0081 0.1772 0.0453 0.1140 0.1307 0.0440 0.1049 0.1246 0.0265 
      H415.2  1 0.0062 0.0173 0.0099 0.0088 0.0061 0.0182 0.0143 0.0030 0.0292 0.0096 0.0217 0.3484 0.0228 0.0238 0.0156 0.4453 
      H415.3  1 0.0038 0.0258 0.0103 0.0166 0.0082 0.0654 0.0198 0.0038 0.0106 0.0162 0.0183 0.6713 0.0272 0.0799 0.0084 0.0145 
      H415.4  1 0.0057 0.0701 0.0098 0.0121 0.0350 0.0102 0.0177 0.0090 0.1015 0.0110 0.0312 0.5922 0.0217 0.0227 0.0258 0.0243 
      H415.5  1 0.0055 0.0207 0.0063 0.0113 0.0069 0.0200 0.0194 0.0053 0.0084 0.0157 0.0345 0.7069 0.0281 0.0760 0.0153 0.0196 
      H415.6  1 0.0057 0.0483 0.0084 0.0151 0.0375 0.0080 0.0187 0.0106 0.0874 0.0119 0.0279 0.6185 0.0162 0.0236 0.0339 0.0283 
      H415.7  1 0.0054 0.0147 0.0106 0.0073 0.0117 0.0519 0.0179 0.0037 0.0189 0.0126 0.0419 0.5737 0.0135 0.0696 0.0179 0.1286 
      H506.1  1 0.0041 0.0048 0.0246 0.0169 0.0058 0.6770 0.0062 0.0184 0.0040 0.0054 0.0069 0.1546 0.0069 0.0505 0.0091 0.0049 
      H506.2  1 0.0049 0.0056 0.0135 0.0065 0.0040 0.7075 0.0050 0.0059 0.0047 0.0063 0.0115 0.1644 0.0053 0.0401 0.0057 0.0088 
      H506.3  1 0.0052 0.0054 0.0067 0.0129 0.0109 0.8174 0.0082 0.0104 0.0047 0.0124 0.0054 0.0496 0.0063 0.0124 0.0264 0.0057 
      H506.4  1 0.0071 0.0065 0.0221 0.0201 0.0109 0.7307 0.0146 0.0120 0.0065 0.0154 0.0063 0.0767 0.0085 0.0323 0.0228 0.0076 
      H506.5  1 0.0070 0.0036 0.0075 0.0074 0.0045 0.7351 0.0052 0.0059 0.0058 0.0071 0.0073 0.1584 0.0044 0.0259 0.0072 0.0076 
      H506.6  1 0.0125 0.0054 0.0187 0.0074 0.0078 0.8121 0.0198 0.0097 0.0171 0.0127 0.0113 0.0200 0.0074 0.0082 0.0222 0.0076 
      H506.7  1 0.0063 0.0047 0.0084 0.0078 0.0064 0.7396 0.0037 0.0067 0.0040 0.0069 0.0077 0.1569 0.0036 0.0240 0.0072 0.0061 
      H533.1  1 0.0051 0.0038 0.5293 0.0071 0.0048 0.1053 0.0077 0.0130 0.0048 0.0051 0.0050 0.0276 0.0170 0.2447 0.0123 0.0074 
      H533.2  1 0.0049 0.0056 0.2412 0.0072 0.0067 0.2472 0.0088 0.0144 0.0045 0.0043 0.0047 0.0309 0.0176 0.3585 0.0362 0.0074 
      H533.3  1 0.0080 0.0049 0.3929 0.0059 0.0078 0.2708 0.0186 0.0108 0.0068 0.0058 0.0039 0.0272 0.0208 0.1980 0.0077 0.0103 
      H533.4  1 0.0112 0.0064 0.1386 0.0060 0.0079 0.2273 0.0165 0.0269 0.0093 0.0078 0.0129 0.0184 0.0694 0.4140 0.0141 0.0133 
      H535.1  1 0.0258 0.0224 0.0224 0.0077 0.0111 0.0106 0.0159 0.0058 0.0152 0.0298 0.0130 0.0928 0.0180 0.6664 0.0058 0.0372 
      H535.2  1 0.0175 0.0052 0.0426 0.0273 0.0584 0.0213 0.0221 0.0717 0.0046 0.0316 0.0451 0.0321 0.0095 0.5996 0.0039 0.0074 
      H535.3  1 0.0215 0.0074 0.0484 0.0787 0.0321 0.0156 0.0225 0.1401 0.0098 0.0232 0.0420 0.0490 0.0137 0.4755 0.0073 0.0132 
      H535.4  1 0.0045 0.0091 0.0054 0.0101 0.0043 0.0058 0.0074 0.0110 0.0038 0.0044 0.0101 0.0107 0.0055 0.8994 0.0031 0.0052 
      H535.5  1 0.0151 0.0049 0.0090 0.0091 0.0061 0.0081 0.0067 0.0070 0.0039 0.0151 0.0108 0.0087 0.0094 0.8777 0.0035 0.0049 
      H535.6  1 0.0382 0.0331 0.0493 0.0068 0.0183 0.0154 0.0229 0.0235 0.0181 0.2026 0.0653 0.0247 0.0164 0.4046 0.0065 0.0544 
      H535.7  1 0.0091 0.0059 0.0144 0.0169 0.0085 0.0080 0.0052 0.0055 0.0071 0.0120 0.0069 0.0086 0.0086 0.8721 0.0071 0.0041 
      H535.8  1 0.0110 0.0081 0.0160 0.0323 0.0204 0.0096 0.0080 0.0253 0.0088 0.1010 0.0367 0.0166 0.0111 0.6824 0.0065 0.0064 
      H535.9  1 0.0327 0.0122 0.0139 0.0412 0.0110 0.0148 0.0156 0.0132 0.0274 0.0084 0.0170 0.0181 0.0116 0.7259 0.0092 0.0280 
      H539.1  1 0.0113 0.0057 0.0038 0.0032 0.0051 0.0028 0.0040 0.0035 0.9253 0.0037 0.0050 0.0058 0.0040 0.0031 0.0064 0.0074 
      H539.2  1 0.0235 0.0078 0.0115 0.0104 0.0158 0.0523 0.0124 0.0270 0.1886 0.0157 0.0093 0.0231 0.5607 0.0123 0.0133 0.0164 
      H539.3  1 0.0675 0.0080 0.0072 0.0097 0.0160 0.0097 0.0059 0.0143 0.7218 0.0239 0.0361 0.0078 0.0239 0.0077 0.0221 0.0184 
      H539.4  1 0.0054 0.0042 0.0081 0.0094 0.0066 0.0104 0.0071 0.0056 0.8833 0.0066 0.0045 0.0087 0.0154 0.0047 0.0132 0.0067 
      H539.5  1 0.0114 0.0056 0.0037 0.0034 0.0118 0.0034 0.0047 0.0039 0.9139 0.0036 0.0041 0.0073 0.0070 0.0042 0.0062 0.0057 
      H539.6  1 0.0126 0.0108 0.0044 0.0038 0.0160 0.0044 0.0052 0.0067 0.8777 0.0049 0.0073 0.0085 0.0167 0.0050 0.0080 0.0080 
      H539.7  1 0.0045 0.0055 0.0035 0.0046 0.0045 0.0055 0.0036 0.0032 0.9232 0.0050 0.0058 0.0052 0.0094 0.0047 0.0041 0.0077 
      H539.8  1 0.0093 0.0175 0.0139 0.0256 0.0121 0.0100 0.0165 0.0204 0.7090 0.0405 0.0204 0.0118 0.0267 0.0165 0.0350 0.0149 
      H539.9  1 0.0059 0.0033 0.0050 0.0058 0.0092 0.0049 0.0055 0.0042 0.9173 0.0050 0.0038 0.0054 0.0083 0.0034 0.0076 0.0056 
      H540.1  1 0.0197 0.0060 0.0105 0.0049 0.0087 0.0101 0.0263 0.0088 0.8050 0.0094 0.0144 0.0099 0.0242 0.0108 0.0087 0.0226 
      H540.2  1 0.0093 0.0067 0.0096 0.0044 0.0063 0.0074 0.0121 0.0033 0.8880 0.0071 0.0059 0.0084 0.0079 0.0053 0.0048 0.0137 
      H540.3  1 0.0063 0.0389 0.0165 0.0074 0.0057 0.0122 0.0473 0.0175 0.5240 0.0264 0.0123 0.0242 0.0087 0.0123 0.1835 0.0567 
      H540.4  1 0.0105 0.0104 0.0152 0.0072 0.0057 0.0174 0.0241 0.0061 0.8231 0.0142 0.0085 0.0108 0.0223 0.0100 0.0039 0.0106 
      H540.5  1 0.0073 0.0095 0.0110 0.0043 0.0077 0.0101 0.0145 0.0097 0.8474 0.0102 0.0057 0.0109 0.0087 0.0104 0.0182 0.0145 
      H540.6  1 0.0341 0.0156 0.0194 0.0056 0.0149 0.0191 0.0319 0.0338 0.7075 0.0180 0.0083 0.0155 0.0139 0.0132 0.0122 0.0369 
      H540.7  1 0.0095 0.0063 0.0091 0.0064 0.0100 0.0112 0.0177 0.0060 0.8529 0.0052 0.0063 0.0104 0.0194 0.0136 0.0047 0.0114 
      H540.8  1 0.0211 0.0086 0.0100 0.0069 0.0074 0.0074 0.0618 0.0043 0.6512 0.0084 0.0244 0.0226 0.0896 0.0297 0.0071 0.0396 
     H9558.1  1 0.0114 0.0085 0.0111 0.0039 0.0045 0.0069 0.0031 0.0048 0.8880 0.0076 0.0070 0.0052 0.0120 0.0045 0.0074 0.0141 
     H9558.2  1 0.0119 0.0058 0.0190 0.0104 0.0124 0.0111 0.0045 0.0074 0.8639 0.0112 0.0076 0.0082 0.0077 0.0041 0.0075 0.0073 
     H9558.3  1 0.0121 0.0120 0.0091 0.0165 0.0124 0.0059 0.0094 0.0087 0.8459 0.0080 0.0082 0.0169 0.0092 0.0059 0.0128 0.0071 
     H9558.4  1 0.0083 0.0047 0.0145 0.0062 0.0067 0.0101 0.0056 0.0046 0.8810 0.0061 0.0043 0.0062 0.0199 0.0068 0.0080 0.0067 
     H9558.5  1 0.0036 0.0072 0.0084 0.0111 0.0039 0.0131 0.0175 0.0055 0.8715 0.0097 0.0030 0.0082 0.0141 0.0075 0.0107 0.0049 
     H9558.6  1 0.0059 0.0122 0.0073 0.0124 0.0660 0.0052 0.0438 0.0051 0.7666 0.0123 0.0062 0.0112 0.0077 0.0058 0.0123 0.0198 
    kos339.1  1 0.0055 0.0050 0.0081 0.0056 0.0183 0.0309 0.0103 0.0050 0.0088 0.0094 0.0038 0.0174 0.0072 0.8459 0.0063 0.0124 
    kos339.2  1 0.0042 0.0150 0.0090 0.0074 0.0119 0.0078 0.0104 0.0087 0.0067 0.0062 0.0099 0.0086 0.0044 0.8776 0.0072 0.0051 
    kos339.3  1 0.0037 0.0045 0.0036 0.0040 0.0049 0.0049 0.0045 0.0040 0.0058 0.0034 0.0061 0.0048 0.0070 0.9314 0.0035 0.0039 
    kos339.4  1 0.0038 0.0058 0.0043 0.0047 0.0047 0.0059 0.0060 0.0046 0.0058 0.0059 0.0065 0.0068 0.0067 0.9208 0.0038 0.0038 
    kos339.5  1 0.0040 0.0062 0.0047 0.0071 0.0081 0.0100 0.0072 0.0061 0.0062 0.0062 0.0052 0.0111 0.0083 0.8988 0.0037 0.0071 
    kos339.6  1 0.0043 0.0102 0.0045 0.0045 0.0064 0.0055 0.0090 0.0059 0.0047 0.0047 0.0093 0.0066 0.0043 0.9073 0.0070 0.0060 
    kos339.7  1 0.0042 0.0040 0.0034 0.0032 0.0050 0.0051 0.0048 0.0031 0.0028 0.0038 0.0056 0.0062 0.0046 0.9352 0.0045 0.0044 
    kos339.8  1 0.0033 0.0069 0.0063 0.0066 0.0064 0.0130 0.0100 0.0070 0.0043 0.0060 0.0065 0.0151 0.0061 0.8883 0.0084 0.0056 
    kos339.9  1 0.0066 0.0118 0.0065 0.0086 0.0110 0.0053 0.0065 0.0050 0.0175 0.0062 0.0071 0.0082 0.0112 0.8736 0.0062 0.0090 
      H008.1  2 0.0061 0.0221 0.0272 0.0236 0.7652 0.0118 0.0107 0.0120 0.0423 0.0108 0.0065 0.0091 0.0225 0.0088 0.0066 0.0146 
      H008.2  2 0.0373 0.0248 0.4090 0.1593 0.0679 0.0168 0.0146 0.0395 0.0586 0.0216 0.0105 0.0106 0.0258 0.0313 0.0485 0.0239 
      H008.3  2 0.0538 0.0302 0.2142 0.0831 0.0630 0.0389 0.0222 0.0947 0.0173 0.0501 0.0221 0.0197 0.2071 0.0267 0.0376 0.0194 
      H008.4  2 0.0182 0.0493 0.0875 0.0184 0.5767 0.0124 0.0075 0.0124 0.0306 0.0389 0.0138 0.0228 0.0107 0.0125 0.0587 0.0295 
      H008.5  2 0.0184 0.0193 0.0257 0.0308 0.7185 0.0149 0.0106 0.0137 0.0106 0.0460 0.0082 0.0098 0.0217 0.0228 0.0173 0.0117 
      H008.6  2 0.0373 0.0169 0.3133 0.1580 0.1647 0.0113 0.0124 0.0071 0.0381 0.0280 0.0188 0.0302 0.0128 0.0218 0.0865 0.0428 
      H008.7  2 0.0183 0.0319 0.1831 0.0946 0.2522 0.0216 0.0115 0.0593 0.0416 0.0513 0.0131 0.0192 0.0248 0.0240 0.1043 0.0492 
      H008.8  2 0.0276 0.0150 0.4808 0.0177 0.0898 0.0086 0.0080 0.0235 0.2390 0.0085 0.0154 0.0157 0.0122 0.0077 0.0079 0.0225 
      H008.9  2 0.0325 0.0198 0.3545 0.1271 0.0268 0.0095 0.0090 0.0124 0.0170 0.0164 0.0232 0.0154 0.0236 0.0087 0.1402 0.1641 
 H029.1_2002  2 0.0074 0.0166 0.0270 0.0069 0.6556 0.0120 0.0083 0.0137 0.0431 0.0904 0.0063 0.0468 0.0082 0.0053 0.0249 0.0275 
 H029.1_2003  2 0.0086 0.0114 0.0589 0.0077 0.0420 0.0186 0.0080 0.0067 0.0127 0.7398 0.0120 0.0238 0.0101 0.0081 0.0138 0.0175 
 H029.2_2002  2 0.0133 0.0063 0.0117 0.0155 0.5560 0.0300 0.0061 0.0449 0.0079 0.0752 0.0321 0.0342 0.0079 0.1004 0.0395 0.0190 
 H029.2_2003  2 0.0134 0.0056 0.0436 0.0147 0.1086 0.0255 0.0124 0.0081 0.0081 0.5446 0.0224 0.0152 0.0138 0.0942 0.0275 0.0423 
 H029.3_2002  2 0.0171 0.0078 0.0496 0.0078 0.2493 0.0935 0.0158 0.0517 0.0085 0.0594 0.0464 0.0343 0.0160 0.1083 0.2228 0.0117 
 H029.3_2003  2 0.0046 0.0088 0.0340 0.0271 0.4237 0.0382 0.0120 0.0059 0.0065 0.3849 0.0090 0.0127 0.0103 0.0107 0.0058 0.0056 
 H029.4_2002  2 0.0045 0.0121 0.0080 0.0086 0.8233 0.0233 0.0058 0.0159 0.0052 0.0317 0.0174 0.0058 0.0087 0.0056 0.0200 0.0040 
 H029.4_2003  2 0.0091 0.0083 0.0255 0.0142 0.1059 0.0690 0.0123 0.0099 0.0371 0.6323 0.0087 0.0128 0.0213 0.0082 0.0178 0.0076 
 H029.5_2002  2 0.0045 0.0191 0.0072 0.0117 0.7929 0.0104 0.0068 0.0147 0.0094 0.0686 0.0114 0.0182 0.0053 0.0050 0.0068 0.0080 
 H029.5_2003  2 0.0053 0.0094 0.0637 0.0220 0.2649 0.0171 0.0078 0.0061 0.0093 0.5274 0.0098 0.0104 0.0181 0.0074 0.0123 0.0091 
 H029.6_2002  2 0.0062 0.0095 0.0199 0.0041 0.5044 0.0334 0.0070 0.0350 0.0051 0.2769 0.0257 0.0072 0.0066 0.0071 0.0446 0.0072 
 H029.6_2003  2 0.0093 0.0173 0.0418 0.0262 0.4643 0.1017 0.0169 0.0118 0.0151 0.1133 0.0289 0.0213 0.0180 0.0714 0.0086 0.0341 
      H029.7  2 0.0140 0.0050 0.0060 0.0065 0.7186 0.0201 0.0046 0.0241 0.0071 0.0306 0.0584 0.0152 0.0075 0.0292 0.0395 0.0134 
      H030.1  2 0.0089 0.0138 0.0125 0.0726 0.0346 0.0277 0.4669 0.0166 0.0077 0.2503 0.0164 0.0145 0.0172 0.0125 0.0051 0.0225 
      H030.2  2 0.0069 0.0266 0.0075 0.0421 0.1053 0.0123 0.3071 0.2159 0.0198 0.0402 0.0113 0.0398 0.0362 0.0091 0.1088 0.0113 
      H038.1  2 0.0085 0.0057 0.0090 0.0043 0.8836 0.0065 0.0059 0.0054 0.0094 0.0058 0.0070 0.0081 0.0038 0.0055 0.0240 0.0075 
      H038.2  2 0.0034 0.0082 0.0068 0.0070 0.8850 0.0065 0.0097 0.0062 0.0046 0.0082 0.0052 0.0152 0.0085 0.0113 0.0066 0.0076 
      H038.3  2 0.0051 0.0142 0.0099 0.0149 0.7834 0.0069 0.0419 0.0081 0.0180 0.0041 0.0089 0.0177 0.0089 0.0101 0.0381 0.0099 
      H038.4  2 0.0050 0.0223 0.0095 0.0132 0.8276 0.0097 0.0135 0.0070 0.0108 0.0048 0.0146 0.0123 0.0050 0.0089 0.0281 0.0077 
      H038.5  2 0.0036 0.0092 0.0293 0.0065 0.8146 0.0124 0.0209 0.0104 0.0145 0.0087 0.0117 0.0055 0.0106 0.0095 0.0276 0.0051 
      H038.6  2 0.0059 0.0037 0.0076 0.0065 0.8798 0.0079 0.0073 0.0041 0.0118 0.0124 0.0052 0.0114 0.0106 0.0087 0.0110 0.0061 
      H038.7  2 0.0036 0.0046 0.0066 0.0089 0.8565 0.0099 0.0145 0.0033 0.0140 0.0059 0.0049 0.0308 0.0083 0.0092 0.0137 0.0051 
      H038.8  2 0.0046 0.0121 0.0054 0.0072 0.7958 0.0064 0.0251 0.0088 0.0092 0.0046 0.0073 0.0128 0.0110 0.0114 0.0700 0.0082 
      H041.1  2 0.0186 0.0749 0.0071 0.1210 0.2400 0.0443 0.0203 0.1149 0.0095 0.2223 0.0352 0.0087 0.0121 0.0220 0.0272 0.0218 
      H041.2  2 0.0071 0.0896 0.0100 0.0678 0.1043 0.0104 0.0054 0.0078 0.0052 0.5775 0.0273 0.0320 0.0050 0.0098 0.0219 0.0189 
      H041.4  2 0.0196 0.0264 0.0232 0.0338 0.2414 0.0136 0.0114 0.0143 0.0331 0.4341 0.0419 0.0208 0.0112 0.0111 0.0269 0.0372 
      H041.6  2 0.0309 0.0315 0.0215 0.0304 0.2335 0.0119 0.0156 0.0215 0.0661 0.4105 0.0360 0.0217 0.0094 0.0114 0.0143 0.0338 
 H042.1_2002  2 0.0139 0.0496 0.0090 0.0071 0.0101 0.0059 0.0096 0.0089 0.0682 0.7026 0.0200 0.0138 0.0324 0.0125 0.0123 0.0242 
 H042.1_2003  2 0.0137 0.0612 0.0583 0.2846 0.0582 0.0135 0.0295 0.0126 0.0632 0.0618 0.0250 0.0740 0.0297 0.0097 0.1010 0.1040 
 H042.2_2002  2 0.0184 0.0444 0.0075 0.0102 0.1548 0.1144 0.0065 0.0131 0.0161 0.4695 0.0172 0.0410 0.0243 0.0103 0.0433 0.0090 
 H042.2_2003  2 0.0133 0.2427 0.0097 0.0281 0.1072 0.0079 0.0092 0.0041 0.0367 0.3286 0.0380 0.0962 0.0231 0.0127 0.0069 0.0355 
 H042.3_2002  2 0.0145 0.2061 0.0086 0.0160 0.0137 0.0328 0.0103 0.0052 0.0613 0.4605 0.0388 0.0132 0.0674 0.0127 0.0270 0.0118 
 H042.3_2003  2 0.0163 0.0882 0.0076 0.0412 0.0455 0.0959 0.0166 0.0440 0.1177 0.2210 0.0372 0.0150 0.1742 0.0145 0.0441 0.0212 
 H042.4_2002  2 0.0063 0.0306 0.0057 0.0099 0.0198 0.0080 0.0114 0.0110 0.0174 0.7898 0.0144 0.0080 0.0069 0.0148 0.0128 0.0331 
 H042.4_2003  2 0.0226 0.0213 0.0062 0.0132 0.0440 0.0078 0.0119 0.0235 0.0284 0.6976 0.0498 0.0147 0.0095 0.0097 0.0081 0.0316 
      H042.5  2 0.0094 0.0087 0.0060 0.0086 0.0068 0.0065 0.0049 0.0056 0.0086 0.8824 0.0167 0.0072 0.0100 0.0071 0.0029 0.0087 
      H042.6  2 0.0418 0.0084 0.0063 0.0052 0.0216 0.0091 0.0068 0.0098 0.0368 0.7716 0.0104 0.0132 0.0272 0.0059 0.0125 0.0134 
      H042.7  2 0.0095 0.2557 0.0096 0.0191 0.0223 0.0090 0.0093 0.0081 0.0194 0.4406 0.0650 0.0856 0.0185 0.0082 0.0075 0.0126 
      H042.8  2 0.0220 0.0484 0.0067 0.0293 0.0125 0.0090 0.0046 0.0049 0.0265 0.7255 0.0204 0.0187 0.0181 0.0056 0.0313 0.0163 
   H042_2002  2 0.1355 0.0613 0.0160 0.0382 0.0926 0.0272 0.0086 0.0071 0.2234 0.0674 0.0182 0.1396 0.0711 0.0093 0.0428 0.0417 
   H042_2003  2 0.1306 0.0546 0.0156 0.0381 0.0943 0.0296 0.0098 0.0070 0.2292 0.0722 0.0244 0.1180 0.0839 0.0096 0.0380 0.0453 
      H043.1  2 0.0097 0.0040 0.0100 0.0202 0.0204 0.0218 0.0099 0.0134 0.7745 0.0101 0.0081 0.0106 0.0260 0.0219 0.0308 0.0085 
      H043.2  2 0.0108 0.0055 0.0184 0.0058 0.0206 0.0047 0.0044 0.0032 0.8660 0.0039 0.0100 0.0046 0.0070 0.0057 0.0229 0.0065 
      H043.3  2 0.0107 0.0072 0.0164 0.0153 0.2002 0.0158 0.0090 0.0047 0.6005 0.0144 0.0079 0.0403 0.0178 0.0132 0.0132 0.0133 
      H043.4  2 0.0223 0.0039 0.0062 0.0138 0.0289 0.0125 0.0060 0.0052 0.8100 0.0077 0.0112 0.0180 0.0080 0.0171 0.0197 0.0095 
      H043.5  2 0.0045 0.0071 0.0330 0.0122 0.0315 0.0122 0.0056 0.0059 0.8003 0.0059 0.0104 0.0061 0.0076 0.0075 0.0418 0.0084 
      H043.6  2 0.0047 0.0068 0.0123 0.0035 0.0373 0.0075 0.0081 0.0037 0.8404 0.0062 0.0051 0.0065 0.0058 0.0104 0.0325 0.0092 
      H043.7  2 0.0138 0.0043 0.0062 0.0130 0.0090 0.0074 0.0084 0.0043 0.8914 0.0046 0.0048 0.0087 0.0051 0.0045 0.0080 0.0065 
      H043.8  2 0.0065 0.0074 0.0269 0.0133 0.0258 0.0184 0.0229 0.0074 0.8019 0.0058 0.0096 0.0087 0.0062 0.0195 0.0126 0.0069 
      H043.9  2 0.0165 0.0046 0.0113 0.0147 0.0624 0.0403 0.0111 0.0098 0.7224 0.0205 0.0079 0.0227 0.0145 0.0129 0.0191 0.0094 
      H047.1  2 0.0082 0.0048 0.0070 0.2663 0.4351 0.0074 0.0054 0.0045 0.1612 0.0070 0.0107 0.0347 0.0251 0.0113 0.0062 0.0050 
      H047.2  2 0.0066 0.0096 0.0137 0.7317 0.0916 0.0110 0.0092 0.0146 0.0106 0.0114 0.0135 0.0365 0.0073 0.0123 0.0047 0.0157 
      H047.3  2 0.0132 0.0308 0.0108 0.6993 0.0922 0.0237 0.0085 0.0238 0.0133 0.0168 0.0108 0.0229 0.0068 0.0083 0.0049 0.0139 
      H047.4  2 0.0095 0.0200 0.0133 0.3809 0.2113 0.0184 0.0129 0.0084 0.0184 0.0263 0.0195 0.2228 0.0076 0.0119 0.0048 0.0141 
      H047.5  2 0.0433 0.0169 0.0092 0.6566 0.1353 0.0175 0.0107 0.0057 0.0192 0.0108 0.0097 0.0311 0.0112 0.0126 0.0032 0.0068 
      H047.6  2 0.0079 0.0199 0.0080 0.8124 0.0236 0.0110 0.0051 0.0082 0.0084 0.0351 0.0117 0.0242 0.0039 0.0050 0.0054 0.0100 
      H047.7  2 0.0079 0.0118 0.0048 0.2506 0.4782 0.0064 0.0065 0.0109 0.0904 0.0111 0.0200 0.0469 0.0298 0.0103 0.0096 0.0048 
      H047.8  2 0.0111 0.0279 0.0071 0.6959 0.0671 0.0259 0.0054 0.0082 0.0213 0.0235 0.0109 0.0581 0.0139 0.0083 0.0047 0.0108 
      H047.9  2 0.0566 0.0138 0.0072 0.2222 0.3931 0.0147 0.0130 0.0101 0.0398 0.0083 0.0634 0.0689 0.0378 0.0340 0.0038 0.0136 
 H071.1_2002  2 0.0107 0.0065 0.0046 0.0053 0.8781 0.0065 0.0070 0.0046 0.0228 0.0051 0.0054 0.0081 0.0086 0.0138 0.0064 0.0066 
 H071.1_2003  2 0.1049 0.0094 0.0099 0.0119 0.6649 0.0059 0.0316 0.0050 0.0480 0.0125 0.0110 0.0137 0.0090 0.0244 0.0119 0.0261 
     H071.10  2 0.0054 0.0040 0.0088 0.0037 0.8943 0.0062 0.0204 0.0120 0.0055 0.0048 0.0049 0.0044 0.0069 0.0056 0.0090 0.0041 
 H071.2_2002  2 0.0136 0.0072 0.0180 0.0067 0.8580 0.0076 0.0085 0.0041 0.0174 0.0054 0.0087 0.0085 0.0077 0.0093 0.0096 0.0097 
 H071.2_2003  2 0.0084 0.0050 0.0038 0.0041 0.9241 0.0039 0.0051 0.0035 0.0080 0.0047 0.0055 0.0048 0.0045 0.0067 0.0032 0.0047 
      H071.3  2 0.0063 0.0060 0.0080 0.0286 0.8609 0.0060 0.0247 0.0096 0.0056 0.0059 0.0065 0.0064 0.0072 0.0052 0.0086 0.0046 
 H071.4_2002  2 0.0070 0.0080 0.0175 0.0058 0.8443 0.0100 0.0259 0.0077 0.0124 0.0066 0.0069 0.0060 0.0066 0.0120 0.0134 0.0098 
 H071.4_2003  2 0.0035 0.0044 0.0074 0.0058 0.9211 0.0063 0.0075 0.0039 0.0046 0.0046 0.0061 0.0051 0.0085 0.0045 0.0034 0.0033 
 H071.5_2002  2 0.0060 0.0040 0.0042 0.0038 0.9221 0.0063 0.0071 0.0069 0.0053 0.0055 0.0041 0.0048 0.0050 0.0056 0.0046 0.0046 
 H071.5_2003  2 0.0064 0.0060 0.0098 0.0094 0.8751 0.0095 0.0211 0.0040 0.0083 0.0047 0.0099 0.0074 0.0112 0.0065 0.0038 0.0071 
 H071.6_2002  2 0.0085 0.0056 0.0195 0.0045 0.8914 0.0095 0.0082 0.0049 0.0067 0.0054 0.0057 0.0064 0.0089 0.0051 0.0051 0.0048 
 H071.6_2003  2 0.0053 0.0040 0.0053 0.0042 0.9042 0.0070 0.0193 0.0034 0.0073 0.0058 0.0055 0.0063 0.0076 0.0056 0.0033 0.0059 
 H071.7_2002  2 0.0067 0.0048 0.0068 0.0067 0.9209 0.0051 0.0043 0.0035 0.0061 0.0039 0.0044 0.0082 0.0050 0.0042 0.0045 0.0050 
 H071.7_2003  2 0.0074 0.0058 0.0052 0.0046 0.8667 0.0076 0.0316 0.0050 0.0137 0.0047 0.0095 0.0059 0.0115 0.0102 0.0040 0.0066 
      H071.8  2 0.0117 0.0073 0.0237 0.0083 0.8697 0.0059 0.0043 0.0041 0.0107 0.0066 0.0122 0.0084 0.0064 0.0071 0.0065 0.0072 
      H071.9  2 0.0166 0.0103 0.1516 0.0123 0.5977 0.0506 0.0397 0.0124 0.0211 0.0172 0.0154 0.0095 0.0098 0.0086 0.0165 0.0106 
 H081.1_2002  2 0.0182 0.0079 0.0061 0.0045 0.8916 0.0062 0.0071 0.0058 0.0080 0.0072 0.0073 0.0065 0.0060 0.0051 0.0044 0.0081 
 H081.1_2003  2 0.0166 0.0160 0.0454 0.0107 0.0510 0.0391 0.0717 0.0207 0.0434 0.1002 0.0177 0.1014 0.0121 0.0275 0.2595 0.1670 
 H081.2_2002  2 0.0806 0.0057 0.0053 0.0071 0.8239 0.0063 0.0048 0.0042 0.0110 0.0070 0.0092 0.0092 0.0051 0.0071 0.0045 0.0089 
 H081.2_2003  2 0.0582 0.0112 0.0460 0.0093 0.0208 0.0140 0.6695 0.0286 0.0413 0.0300 0.0138 0.0069 0.0209 0.0084 0.0085 0.0126 
 H081.3_2002  2 0.0239 0.0083 0.0165 0.0127 0.8394 0.0074 0.0129 0.0054 0.0090 0.0068 0.0204 0.0070 0.0058 0.0101 0.0062 0.0083 
 H081.3_2003  2 0.0415 0.0145 0.0956 0.0095 0.0155 0.0258 0.3698 0.0209 0.2634 0.0263 0.0129 0.0099 0.0200 0.0288 0.0144 0.0314 
 H081.4_2002  2 0.0059 0.0058 0.0076 0.0077 0.8972 0.0087 0.0083 0.0043 0.0062 0.0072 0.0057 0.0083 0.0086 0.0088 0.0036 0.0060 
 H081.4_2003  2 0.0366 0.0166 0.0446 0.0066 0.0218 0.0175 0.5140 0.0119 0.0309 0.1256 0.0139 0.0185 0.0125 0.0293 0.0140 0.0854 
 H081.5_2002  2 0.0078 0.0061 0.0113 0.0064 0.8868 0.0066 0.0115 0.0041 0.0058 0.0091 0.0088 0.0072 0.0066 0.0085 0.0057 0.0077 
 H081.5_2003  2 0.1210 0.0384 0.0308 0.0195 0.0538 0.0461 0.1990 0.0162 0.0877 0.1037 0.0165 0.0937 0.0106 0.0271 0.0243 0.1116 
      H081.6  2 0.0174 0.0066 0.0067 0.0042 0.8858 0.0073 0.0075 0.0043 0.0105 0.0063 0.0083 0.0081 0.0058 0.0075 0.0048 0.0089 
      H081.7  2 0.0737 0.0076 0.0112 0.0071 0.8125 0.0073 0.0126 0.0055 0.0097 0.0059 0.0143 0.0057 0.0064 0.0066 0.0042 0.0097 
      H081.8  2 0.0111 0.0146 0.0367 0.0084 0.7579 0.0124 0.0398 0.0118 0.0088 0.0117 0.0281 0.0086 0.0094 0.0143 0.0154 0.0110 
      H083.1  2 0.0088 0.0058 0.0130 0.0072 0.8091 0.0130 0.0098 0.0294 0.0071 0.0258 0.0060 0.0160 0.0076 0.0255 0.0108 0.0050 
      H083.2  2 0.0171 0.0079 0.0137 0.0478 0.7561 0.0194 0.0100 0.0287 0.0221 0.0115 0.0115 0.0111 0.0110 0.0116 0.0080 0.0127 
      H083.4  2 0.0176 0.0079 0.0616 0.0136 0.6959 0.0142 0.0074 0.1011 0.0081 0.0110 0.0113 0.0092 0.0137 0.0053 0.0154 0.0068 
      H083.5  2 0.0116 0.0073 0.0223 0.0099 0.7042 0.0087 0.0087 0.1085 0.0065 0.0311 0.0107 0.0210 0.0061 0.0089 0.0277 0.0068 
      H083.6  2 0.0116 0.0121 0.1034 0.0049 0.6471 0.0179 0.0122 0.0934 0.0054 0.0233 0.0130 0.0084 0.0088 0.0187 0.0128 0.0070 
      H083.7  2 0.0131 0.0135 0.0484 0.0090 0.5712 0.0109 0.0074 0.2528 0.0098 0.0065 0.0125 0.0094 0.0134 0.0059 0.0089 0.0074 
      H083.8  2 0.0159 0.0071 0.0184 0.0722 0.7137 0.0175 0.0076 0.0371 0.0198 0.0102 0.0126 0.0134 0.0109 0.0219 0.0092 0.0124 
      H083.9  2 0.0063 0.0074 0.0122 0.0087 0.7232 0.0103 0.0076 0.1353 0.0045 0.0300 0.0075 0.0090 0.0063 0.0115 0.0130 0.0072 
      H084.1  2 0.0075 0.0149 0.0089 0.0173 0.0122 0.0244 0.7286 0.0157 0.0135 0.0190 0.0072 0.0071 0.0102 0.0083 0.0908 0.0145 
      H084.2  2 0.0042 0.0050 0.0127 0.0067 0.0097 0.0319 0.6665 0.0087 0.0115 0.0563 0.0095 0.0080 0.0145 0.0097 0.1306 0.0145 
      H084.3  2 0.0060 0.1312 0.0087 0.0114 0.0081 0.0185 0.4484 0.0159 0.0095 0.0235 0.0068 0.0195 0.0110 0.0245 0.2429 0.0140 
      H084.4  2 0.0042 0.0612 0.0216 0.0334 0.0081 0.0298 0.3402 0.0084 0.0113 0.0614 0.0293 0.0657 0.0096 0.0082 0.2886 0.0191 
      H084.5  2 0.0099 0.0389 0.0092 0.0327 0.0061 0.0241 0.7597 0.0064 0.0089 0.0094 0.0058 0.0287 0.0065 0.0097 0.0365 0.0075 
      H084.6  2 0.0072 0.0749 0.0137 0.0283 0.0055 0.0092 0.6674 0.0337 0.0071 0.0077 0.0103 0.0116 0.0052 0.0161 0.0965 0.0058 
      H084.7  2 0.0049 0.0086 0.0081 0.0076 0.0087 0.0437 0.7998 0.0065 0.0107 0.0358 0.0164 0.0079 0.0121 0.0079 0.0157 0.0058 
      H084.8  2 0.0096 0.0687 0.0104 0.0399 0.0060 0.0145 0.6931 0.0103 0.0065 0.0109 0.0092 0.0191 0.0070 0.0082 0.0793 0.0072 
 H085.1_2002  2 0.8261 0.0076 0.0087 0.0046 0.0208 0.0101 0.0118 0.0129 0.0098 0.0282 0.0083 0.0062 0.0059 0.0153 0.0144 0.0095 
 H085.1_2003  2 0.1126 0.0152 0.0244 0.0199 0.4808 0.0793 0.0245 0.0654 0.0090 0.0872 0.0241 0.0047 0.0167 0.0116 0.0170 0.0075 
 H085.2_2002  2 0.3487 0.0228 0.0177 0.0067 0.0331 0.0287 0.0326 0.0887 0.0260 0.0360 0.1287 0.0098 0.0083 0.0274 0.0621 0.1228 
 H085.2_2003  2 0.0267 0.0126 0.0270 0.0391 0.6684 0.0290 0.0170 0.0230 0.0089 0.0660 0.0120 0.0090 0.0149 0.0174 0.0109 0.0181 
 H085.3_2002  2 0.8543 0.0095 0.0043 0.0060 0.0075 0.0093 0.0099 0.0133 0.0081 0.0160 0.0200 0.0060 0.0075 0.0041 0.0050 0.0193 
 H085.3_2003  2 0.0497 0.0182 0.0066 0.0226 0.7703 0.0146 0.0254 0.0076 0.0101 0.0136 0.0090 0.0060 0.0281 0.0056 0.0046 0.0079 
 H085.4_2002  2 0.5266 0.0234 0.0207 0.0077 0.1147 0.0246 0.0256 0.0226 0.0386 0.0275 0.0313 0.0082 0.0133 0.0334 0.0514 0.0301 
 H085.4_2003  2 0.0097 0.0435 0.0068 0.0113 0.6738 0.0092 0.0274 0.0069 0.0230 0.0961 0.0143 0.0235 0.0062 0.0096 0.0067 0.0321 
 H085.5_2002  2 0.9008 0.0081 0.0047 0.0080 0.0079 0.0050 0.0060 0.0046 0.0107 0.0092 0.0052 0.0039 0.0059 0.0061 0.0048 0.0092 
 H085.5_2003  2 0.0237 0.0077 0.0064 0.0122 0.8119 0.0149 0.0099 0.0257 0.0068 0.0245 0.0079 0.0047 0.0177 0.0095 0.0069 0.0095 
