      H105.1  1 0.0513 0.0150 0.4628 0.1294 0.0425 0.0852 0.2137 
      H105.2  1 0.1474 0.0133 0.0684 0.0225 0.0644 0.1335 0.5505 
      H105.3  1 0.0265 0.0130 0.2387 0.0925 0.0295 0.0465 0.5533 
      H105.4  1 0.0821 0.0154 0.1601 0.0206 0.2776 0.0560 0.3883 
      H105.5  1 0.0602 0.0115 0.5148 0.0193 0.2766 0.0277 0.0898 
      H105.6  1 0.0112 0.0082 0.2662 0.0701 0.0912 0.0300 0.5230 
      H105.7  1 0.0657 0.0099 0.1714 0.3708 0.0426 0.0323 0.3073 
      H105.8  1 0.0380 0.0175 0.1004 0.2154 0.0575 0.1740 0.3972 
      H115.1  1 0.0395 0.0183 0.0994 0.0856 0.5214 0.0677 0.1681 
      H115.2  1 0.0179 0.0241 0.0380 0.0154 0.8106 0.0545 0.0395 
      H115.3  1 0.0173 0.0103 0.0138 0.0086 0.9246 0.0128 0.0127 
      H115.4  1 0.2164 0.0188 0.0902 0.0166 0.2614 0.3319 0.0646 
      H115.5  1 0.0637 0.0664 0.0235 0.0385 0.7477 0.0182 0.0419 
      H115.6  1 0.0488 0.0166 0.0511 0.0162 0.8170 0.0195 0.0308 
      H115.7  1 0.0990 0.0081 0.0600 0.0101 0.3799 0.0397 0.4032 
      H115.8  1 0.0266 0.0872 0.0152 0.0878 0.7472 0.0177 0.0184 
      H115.9  1 0.0147 0.0073 0.0135 0.0428 0.9026 0.0089 0.0102 
      H145.1  1 0.0097 0.8885 0.0431 0.0124 0.0205 0.0105 0.0154 
      H145.2  1 0.0119 0.8684 0.0254 0.0120 0.0527 0.0120 0.0176 
      H145.3  1 0.0133 0.9406 0.0098 0.0113 0.0117 0.0068 0.0064 
      H145.4  1 0.0103 0.8963 0.0259 0.0114 0.0223 0.0151 0.0187 
      H145.5  1 0.0073 0.9502 0.0099 0.0065 0.0088 0.0083 0.0089 
      H145.6  1 0.0173 0.8987 0.0127 0.0093 0.0324 0.0099 0.0198 
      H145.7  1 0.0332 0.8904 0.0236 0.0113 0.0154 0.0155 0.0106 
      H149.1  1 0.0070 0.0143 0.9471 0.0077 0.0075 0.0079 0.0085 
      H149.2  1 0.0087 0.0070 0.9562 0.0056 0.0084 0.0066 0.0074 
      H149.3  1 0.0224 0.0221 0.8924 0.0097 0.0143 0.0153 0.0238 
      H149.4  1 0.0221 0.0372 0.8345 0.0152 0.0166 0.0449 0.0296 
      H149.5  1 0.0688 0.0298 0.7839 0.0114 0.0092 0.0689 0.0280 
      H149.6  1 0.0161 0.0139 0.9264 0.0068 0.0066 0.0122 0.0181 
      H149.7  1 0.0851 0.0210 0.5494 0.0318 0.0159 0.2309 0.0660 
      H150.1  1 0.0077 0.0170 0.0070 0.0150 0.9182 0.0137 0.0215 
      H150.2  1 0.0205 0.0476 0.0347 0.0135 0.6535 0.1204 0.1098 
      H150.3  1 0.0116 0.0189 0.0218 0.0313 0.4552 0.0386 0.4225 
      H150.4  1 0.0104 0.0219 0.0068 0.0219 0.9047 0.0085 0.0258 
      H150.5  1 0.0298 0.0102 0.0288 0.0141 0.7043 0.1142 0.0985 
      H150.6  1 0.1070 0.0273 0.0471 0.0057 0.3295 0.3652 0.1182 
      H150.7  1 0.0060 0.0162 0.0069 0.0149 0.9285 0.0084 0.0190 
   H169607.1  1 0.1018 0.0802 0.0595 0.0483 0.2216 0.4188 0.0698 
   H169607.2  1 0.0182 0.0080 0.0764 0.1180 0.5452 0.2167 0.0175 
   H169607.3  1 0.3373 0.0444 0.0273 0.0680 0.3555 0.1380 0.0294 
   H169607.4  1 0.0152 0.0140 0.1767 0.0135 0.6665 0.1021 0.0120 
   H169607.5  1 0.0201 0.0150 0.0918 0.1446 0.6012 0.1103 0.0171 
   H169607.6  1 0.0304 0.0070 0.0805 0.0713 0.5653 0.2266 0.0189 
   H169607.7  1 0.0135 0.0104 0.0235 0.0558 0.0808 0.8016 0.0146 
   H169607.8  1 0.0313 0.0089 0.1657 0.0464 0.6412 0.0945 0.0120 
   H169633.1  1 0.0480 0.2037 0.4814 0.0235 0.0533 0.0512 0.1388 
   H169633.2  1 0.0482 0.0677 0.5780 0.0637 0.0113 0.0634 0.1677 
   H169633.3  1 0.0166 0.0233 0.7791 0.0472 0.0094 0.0283 0.0960 
   H169633.4  1 0.0203 0.1654 0.7365 0.0118 0.0209 0.0172 0.0279 
   H169633.5  1 0.0228 0.2219 0.6698 0.0098 0.0306 0.0195 0.0255 
   H169688.1  1 0.4547 0.0279 0.0453 0.0188 0.0363 0.4012 0.0158 
   H169688.2  1 0.2872 0.0216 0.0152 0.0253 0.0263 0.6154 0.0091 
   H169688.3  1 0.0621 0.0240 0.0119 0.0081 0.0270 0.8486 0.0183 
   H169688.4  1 0.0495 0.0374 0.0131 0.0229 0.5024 0.3627 0.0121 
   H169688.5  1 0.0429 0.0375 0.0140 0.0204 0.5239 0.3532 0.0081 
   H169688.6  1 0.0602 0.0771 0.0163 0.0129 0.0299 0.7945 0.0090 
   H169688.7  1 0.0227 0.0527 0.0190 0.0161 0.0240 0.8520 0.0135 
   H171901.1  1 0.1294 0.0995 0.0288 0.0246 0.2348 0.0591 0.4239 
   H171901.2  1 0.0153 0.0143 0.8445 0.0148 0.0562 0.0251 0.0298 
   H171901.3  1 0.0603 0.0146 0.7270 0.0198 0.0837 0.0665 0.0281 
   H171901.4  1 0.0174 0.0092 0.8878 0.0164 0.0243 0.0293 0.0157 
   H171901.5  1 0.0154 0.0104 0.8578 0.0089 0.0210 0.0754 0.0111 
   H171901.6  1 0.0113 0.0094 0.8860 0.0115 0.0301 0.0369 0.0148 
   H171901.7  1 0.0310 0.0166 0.6232 0.0320 0.0256 0.2524 0.0193 
   H171902.1  1 0.0175 0.3294 0.2252 0.0300 0.1292 0.2559 0.0128 
  H171902.10  1 0.0115 0.0496 0.3622 0.0095 0.0239 0.5347 0.0087 
   H171902.2  1 0.1213 0.1297 0.1486 0.1447 0.1210 0.3111 0.0234 
   H171902.3  1 0.0141 0.0120 0.2834 0.0129 0.0426 0.6188 0.0163 
   H171902.4  1 0.0155 0.2651 0.5030 0.0156 0.1230 0.0641 0.0136 
   H171902.6  1 0.0120 0.0461 0.4496 0.0096 0.0431 0.4226 0.0169 
   H171902.7  1 0.0095 0.2201 0.4492 0.0105 0.0923 0.2043 0.0140 
   H171902.8  1 0.0160 0.0473 0.4100 0.0102 0.0362 0.4653 0.0150 
   H171902.9  1 0.0187 0.1812 0.1738 0.0270 0.5153 0.0591 0.0250 
   H171903.1  1 0.0220 0.0064 0.1040 0.0359 0.7800 0.0400 0.0117 
   H171903.2  1 0.0293 0.0184 0.0737 0.1749 0.6600 0.0313 0.0124 
   H171903.3  1 0.0405 0.0276 0.5156 0.1156 0.2031 0.0731 0.0245 
   H171903.4  1 0.1179 0.0248 0.0673 0.0143 0.6327 0.0955 0.0474 
   H171903.5  1 0.0794 0.0204 0.1707 0.0637 0.2441 0.4045 0.0172 
   H171903.6  1 0.0670 0.0083 0.0867 0.0260 0.4626 0.3410 0.0084 
      H177.1  1 0.0669 0.0149 0.8566 0.0132 0.0194 0.0198 0.0093 
      H177.2  1 0.0610 0.1668 0.3343 0.1575 0.0480 0.2155 0.0169 
      H177.3  1 0.0183 0.0992 0.5977 0.0231 0.0490 0.1967 0.0160 
      H177.4  1 0.0570 0.0163 0.8569 0.0159 0.0102 0.0318 0.0119 
      H177.5  1 0.7660 0.0126 0.1047 0.0348 0.0384 0.0286 0.0150 
      H177.6  1 0.0164 0.0941 0.7481 0.0191 0.0407 0.0685 0.0132 
      H179.1  1 0.0877 0.0063 0.0413 0.0305 0.0219 0.7672 0.0451 
      H179.2  1 0.0350 0.0064 0.0328 0.0503 0.0141 0.8399 0.0216 
      H179.3  1 0.1509 0.0090 0.0116 0.0988 0.0661 0.6472 0.0163 
      H179.4  1 0.0414 0.0112 0.2885 0.0624 0.0153 0.5657 0.0155 
      H180.1  1 0.2338 0.0259 0.1121 0.0106 0.4468 0.1308 0.0399 
      H180.2  1 0.1826 0.0412 0.0645 0.0079 0.5950 0.0776 0.0311 
      H180.3  1 0.0343 0.0129 0.0343 0.0249 0.8514 0.0210 0.0210 
      H180.4  1 0.1375 0.0267 0.1855 0.0361 0.1164 0.1505 0.3473 
      H180.5  1 0.1556 0.0781 0.1688 0.1038 0.2109 0.2397 0.0432 
      H180.6  1 0.0157 0.0657 0.0440 0.6194 0.1805 0.0343 0.0404 
      H181.1  1 0.4367 0.0585 0.3417 0.0113 0.0387 0.1037 0.0093 
      H181.2  1 0.2076 0.0781 0.5651 0.0172 0.0155 0.0906 0.0260 
      H181.3  1 0.5972 0.0814 0.1971 0.0124 0.0146 0.0828 0.0145 
      H181.4  1 0.4500 0.0107 0.3338 0.0225 0.0772 0.0773 0.0284 
      H181.5  1 0.7150 0.0276 0.0949 0.0249 0.0100 0.0982 0.0294 
      H181.6  1 0.1511 0.0211 0.4404 0.0426 0.0428 0.2554 0.0466 
      H181.7  1 0.1492 0.0295 0.1011 0.0340 0.0175 0.6596 0.0091 
 H194.1_2004  1 0.0239 0.0456 0.3851 0.1692 0.2540 0.0312 0.0909 
 H194.2_2004  1 0.2469 0.0783 0.4573 0.0178 0.0658 0.0239 0.1098 
 H194.3_2004  1 0.0084 0.0159 0.9030 0.0268 0.0091 0.0116 0.0250 
 H194.4_2004  1 0.0879 0.1422 0.6717 0.0263 0.0312 0.0113 0.0294 
 H194.5_2004  1 0.0089 0.0102 0.8532 0.0601 0.0167 0.0130 0.0379 
 H194.6_2004  1 0.0592 0.0195 0.8357 0.0233 0.0263 0.0140 0.0219 
 H194.7_2004  1 0.0683 0.0465 0.1408 0.5258 0.0770 0.0178 0.1238 
 H194.8_2004  1 0.1528 0.0385 0.6786 0.0242 0.0234 0.0239 0.0586 
      H194.9  1 0.0318 0.0575 0.1283 0.5388 0.0712 0.0163 0.1561 
 H195.1_2003  1 0.0287 0.0098 0.6936 0.0223 0.0661 0.0589 0.1205 
 H195.1_2004  1 0.0261 0.8532 0.0472 0.0113 0.0168 0.0237 0.0218 
 H195.2_2003  1 0.0234 0.0280 0.2287 0.1295 0.4299 0.1415 0.0190 
 H195.2_2004  1 0.0232 0.8030 0.0612 0.0480 0.0189 0.0316 0.0142 
 H195.3_2003  1 0.0359 0.0126 0.1005 0.0428 0.6681 0.0873 0.0528 
 H195.3_2004  1 0.0180 0.2823 0.5712 0.0101 0.0380 0.0141 0.0663 
 H195.4_2003  1 0.0172 0.0129 0.6058 0.0144 0.0485 0.0316 0.2697 
 H195.4_2004  1 0.0596 0.7848 0.0299 0.0643 0.0157 0.0267 0.0190 
 H195.5_2003  1 0.0401 0.0122 0.5249 0.0188 0.0981 0.0782 0.2278 
 H195.5_2004  1 0.0134 0.8622 0.0371 0.0104 0.0325 0.0120 0.0324 
 H195.6_2003  1 0.0394 0.0417 0.1964 0.0328 0.5820 0.0638 0.0440 
 H195.6_2004  1 0.0167 0.6446 0.1719 0.0286 0.0300 0.0379 0.0703 
 H195.7_2003  1 0.0864 0.0220 0.1320 0.0756 0.0213 0.6196 0.0431 
 H195.7_2004  1 0.0105 0.9389 0.0086 0.0074 0.0122 0.0109 0.0115 
      H195.8  1 0.0475 0.8629 0.0134 0.0187 0.0216 0.0156 0.0202 
      H195.9  1 0.0646 0.3837 0.2442 0.1402 0.0488 0.0692 0.0494 
      H415.1  1 0.0231 0.1495 0.4825 0.1102 0.0970 0.0311 0.1065 
      H415.2  1 0.0081 0.0363 0.8389 0.0137 0.0610 0.0257 0.0163 
      H415.3  1 0.0096 0.0123 0.8141 0.0241 0.0125 0.0517 0.0757 
      H415.4  1 0.0176 0.0293 0.7267 0.0734 0.0640 0.0102 0.0788 
      H415.5  1 0.0086 0.0133 0.9244 0.0111 0.0087 0.0114 0.0226 
      H415.6  1 0.0119 0.0242 0.7313 0.0648 0.0679 0.0088 0.0910 
      H415.7  1 0.0100 0.0252 0.7838 0.0144 0.0206 0.1253 0.0207 
      H506.1  1 0.0412 0.0992 0.5972 0.0394 0.0103 0.1928 0.0198 
      H506.2  1 0.0163 0.0391 0.7784 0.0190 0.0125 0.1147 0.0200 
      H506.3  1 0.0906 0.3610 0.1589 0.0661 0.0128 0.2845 0.0261 
      H506.4  1 0.0904 0.2307 0.2105 0.0546 0.0294 0.3644 0.0200 
      H506.5  1 0.0325 0.0568 0.7768 0.0409 0.0129 0.0658 0.0142 
      H506.6  1 0.1223 0.2315 0.0804 0.0414 0.0626 0.4446 0.0173 
      H506.7  1 0.0249 0.0568 0.7707 0.0378 0.0157 0.0746 0.0196 
      H533.1  1 0.0230 0.0395 0.0657 0.0109 0.0112 0.8387 0.0110 
      H533.2  1 0.0181 0.1213 0.1845 0.0117 0.0100 0.6445 0.0098 
      H533.3  1 0.0352 0.0194 0.0756 0.0164 0.0159 0.8265 0.0110 
      H533.4  1 0.0341 0.0575 0.1733 0.0133 0.0300 0.6775 0.0142 
      H535.1  1 0.0129 0.0076 0.9003 0.0158 0.0215 0.0288 0.0131 
      H535.2  1 0.0911 0.0143 0.6724 0.1382 0.0088 0.0629 0.0122 
      H535.3  1 0.1101 0.0307 0.5612 0.1469 0.0386 0.0916 0.0210 
      H535.4  1 0.0114 0.0073 0.9463 0.0087 0.0065 0.0090 0.0107 
      H535.5  1 0.0151 0.0074 0.9376 0.0068 0.0093 0.0154 0.0084 
      H535.6  1 0.1069 0.0191 0.6977 0.0443 0.0459 0.0550 0.0312 
      H535.7  1 0.0153 0.0137 0.9071 0.0207 0.0123 0.0222 0.0087 
      H535.8  1 0.0669 0.0126 0.8101 0.0501 0.0133 0.0350 0.0121 
      H535.9  1 0.0117 0.0177 0.8786 0.0244 0.0359 0.0193 0.0124 
      H539.1  1 0.0051 0.0083 0.0059 0.0078 0.9621 0.0051 0.0057 
      H539.2  1 0.0769 0.0202 0.0708 0.0459 0.4278 0.3300 0.0284 
      H539.3  1 0.0108 0.0218 0.0117 0.0241 0.9096 0.0122 0.0097 
      H539.4  1 0.0121 0.0295 0.0094 0.0159 0.9040 0.0183 0.0107 
      H539.5  1 0.0055 0.0119 0.0076 0.0320 0.9295 0.0066 0.0069 
      H539.6  1 0.0075 0.0073 0.0080 0.0243 0.9353 0.0076 0.0099 
      H539.7  1 0.0058 0.0074 0.0089 0.0082 0.9491 0.0120 0.0087 
      H539.8  1 0.0190 0.0428 0.0147 0.0172 0.8580 0.0195 0.0288 
      H539.9  1 0.0075 0.0154 0.0060 0.0310 0.9250 0.0082 0.0067 
      H540.1  1 0.0114 0.0167 0.0210 0.0109 0.9178 0.0135 0.0086 
      H540.2  1 0.0087 0.0058 0.0139 0.0106 0.9383 0.0089 0.0138 
      H540.3  1 0.0494 0.2341 0.0716 0.0098 0.5175 0.0322 0.0854 
      H540.4  1 0.0145 0.0065 0.0214 0.0093 0.8767 0.0545 0.0171 
      H540.5  1 0.0119 0.0342 0.0246 0.0183 0.8820 0.0188 0.0102 
      H540.6  1 0.0376 0.0263 0.0358 0.0321 0.8219 0.0279 0.0184 
      H540.7  1 0.0134 0.0068 0.0295 0.0184 0.8984 0.0202 0.0132 
      H540.8  1 0.0118 0.0097 0.1706 0.0117 0.7329 0.0459 0.0174 
     H9558.1  1 0.0073 0.0085 0.0068 0.0062 0.9551 0.0083 0.0079 
     H9558.2  1 0.0078 0.0106 0.0078 0.0144 0.9371 0.0115 0.0107 
     H9558.3  1 0.0078 0.0095 0.0095 0.0144 0.9384 0.0069 0.0134 
     H9558.4  1 0.0075 0.0083 0.0096 0.0090 0.9318 0.0268 0.0070 
     H9558.5  1 0.0117 0.0169 0.0174 0.0080 0.8869 0.0456 0.0134 
     H9558.6  1 0.0378 0.0094 0.0188 0.1171 0.7786 0.0073 0.0310 
    kos339.1  1 0.0114 0.0071 0.9162 0.0222 0.0080 0.0259 0.0091 
    kos339.2  1 0.0129 0.0253 0.8661 0.0456 0.0093 0.0173 0.0236 
    kos339.3  1 0.0085 0.0076 0.9382 0.0114 0.0112 0.0123 0.0108 
    kos339.4  1 0.0086 0.0123 0.9314 0.0129 0.0085 0.0141 0.0121 
    kos339.5  1 0.0085 0.0060 0.9425 0.0137 0.0092 0.0099 0.0103 
    kos339.6  1 0.0095 0.0291 0.9198 0.0102 0.0092 0.0080 0.0143 
    kos339.7  1 0.0081 0.0078 0.9438 0.0162 0.0064 0.0111 0.0065 
    kos339.8  1 0.0114 0.0109 0.9369 0.0105 0.0056 0.0121 0.0126 
    kos339.9  1 0.0077 0.0099 0.9215 0.0151 0.0172 0.0157 0.0129 
      H008.1  2 0.0108 0.0082 0.0095 0.9183 0.0202 0.0168 0.0163 
      H008.2  2 0.0546 0.1532 0.0419 0.2512 0.2805 0.1921 0.0265 
      H008.3  2 0.1492 0.1289 0.0331 0.1703 0.2039 0.2523 0.0623 
      H008.4  2 0.0110 0.0380 0.0167 0.8714 0.0191 0.0130 0.0309 
      H008.5  2 0.0217 0.0195 0.0132 0.8889 0.0219 0.0161 0.0187 
      H008.6  2 0.0233 0.1400 0.0451 0.6153 0.0916 0.0460 0.0387 
      H008.7  2 0.0494 0.0858 0.0352 0.6659 0.0603 0.0415 0.0619 
      H008.8  2 0.0160 0.0231 0.0275 0.2539 0.5439 0.1129 0.0227 
      H008.9  2 0.0266 0.6087 0.0397 0.0500 0.1872 0.0462 0.0416 
 H029.1_2002  2 0.0217 0.0147 0.0100 0.9117 0.0206 0.0070 0.0143 
 H029.1_2003  2 0.0447 0.0316 0.0230 0.8067 0.0290 0.0454 0.0196 
 H029.2_2002  2 0.0196 0.0461 0.0582 0.8463 0.0087 0.0144 0.0067 
 H029.2_2003  2 0.0462 0.1038 0.0613 0.7168 0.0155 0.0486 0.0078 
 H029.3_2002  2 0.1362 0.2638 0.0345 0.5074 0.0101 0.0385 0.0094 
 H029.3_2003  2 0.0155 0.0096 0.0124 0.9261 0.0061 0.0178 0.0125 
 H029.4_2002  2 0.0099 0.0200 0.0072 0.9318 0.0058 0.0136 0.0117 
 H029.4_2003  2 0.0531 0.0308 0.0163 0.8015 0.0285 0.0454 0.0244 
 H029.5_2002  2 0.0121 0.0091 0.0073 0.9450 0.0058 0.0072 0.0134 
 H029.5_2003  2 0.0116 0.0138 0.0091 0.9260 0.0129 0.0163 0.0103 
 H029.6_2002  2 0.0742 0.0629 0.0078 0.8208 0.0063 0.0158 0.0121 
 H029.6_2003  2 0.0263 0.0173 0.0701 0.7567 0.0177 0.0650 0.0468 
      H029.7  2 0.0114 0.0551 0.0173 0.8894 0.0099 0.0093 0.0076 
      H030.1  2 0.8281 0.0067 0.0391 0.0535 0.0111 0.0406 0.0208 
      H030.2  2 0.6476 0.0781 0.0185 0.0993 0.0220 0.0245 0.1099 
      H038.1  2 0.0085 0.0384 0.0075 0.9140 0.0158 0.0086 0.0073 
      H038.2  2 0.0081 0.0071 0.0132 0.9478 0.0054 0.0096 0.0089 
      H038.3  2 0.0099 0.0291 0.0164 0.9094 0.0083 0.0141 0.0128 
      H038.4  2 0.0086 0.0251 0.0118 0.9186 0.0082 0.0081 0.0196 
      H038.5  2 0.0174 0.0250 0.0090 0.8966 0.0103 0.0338 0.0080 
      H038.6  2 0.0191 0.0092 0.0077 0.9350 0.0123 0.0120 0.0048 
      H038.7  2 0.0074 0.0077 0.0084 0.9493 0.0084 0.0128 0.0060 
      H038.8  2 0.0155 0.0659 0.0113 0.8765 0.0081 0.0093 0.0134 
      H041.1  2 0.0733 0.0599 0.0213 0.6010 0.0140 0.0140 0.2165 
      H041.2  2 0.0307 0.0219 0.0385 0.5451 0.0119 0.0094 0.3426 
      H041.4  2 0.0288 0.0775 0.0180 0.7694 0.0311 0.0118 0.0634 
      H041.6  2 0.0422 0.0246 0.0209 0.7456 0.0495 0.0119 0.1052 
 H042.1_2002  2 0.5993 0.0250 0.0563 0.0229 0.1368 0.0336 0.1259 
 H042.1_2003  2 0.0351 0.1686 0.1185 0.1821 0.1233 0.0693 0.3030 
 H042.2_2002  2 0.0785 0.0474 0.0236 0.6677 0.0183 0.0810 0.0834 
 H042.2_2003  2 0.0177 0.0081 0.0806 0.3388 0.0616 0.0152 0.4780 
 H042.3_2002  2 0.3223 0.0726 0.0351 0.0255 0.0709 0.1547 0.3190 
 H042.3_2003  2 0.0857 0.1069 0.0246 0.2227 0.0906 0.1404 0.3291 
 H042.4_2002  2 0.6472 0.0269 0.0376 0.0469 0.0289 0.0235 0.1890 
 H042.4_2003  2 0.5258 0.0106 0.0584 0.2383 0.0828 0.0173 0.0669 
      H042.5  2 0.8742 0.0060 0.0220 0.0172 0.0331 0.0237 0.0239 
      H042.6  2 0.7831 0.0116 0.0175 0.0491 0.0942 0.0267 0.0178 
      H042.7  2 0.2643 0.0129 0.0321 0.0656 0.0240 0.0259 0.5751 
      H042.8  2 0.5042 0.0527 0.0149 0.0974 0.0338 0.0322 0.2647 
   H042_2002  2 0.0193 0.0242 0.0220 0.1872 0.6408 0.0212 0.0853 
   H042_2003  2 0.0174 0.0219 0.0240 0.1656 0.6852 0.0271 0.0589 
      H043.1  2 0.0219 0.1118 0.0246 0.0449 0.7211 0.0658 0.0099 
      H043.2  2 0.0101 0.1179 0.0149 0.0885 0.7339 0.0224 0.0123 
      H043.3  2 0.0088 0.0212 0.0177 0.7426 0.1718 0.0246 0.0134 
      H043.4  2 0.0095 0.0442 0.0194 0.1106 0.7980 0.0093 0.0090 
      H043.5  2 0.0109 0.2958 0.0156 0.3360 0.2815 0.0333 0.0269 
      H043.6  2 0.0116 0.1606 0.0197 0.4770 0.2865 0.0242 0.0204 
      H043.7  2 0.0083 0.0280 0.0119 0.0612 0.8653 0.0099 0.0155 
      H043.8  2 0.0262 0.0468 0.0427 0.0953 0.4715 0.2921 0.0254 
      H043.9  2 0.0222 0.0304 0.0193 0.1760 0.6989 0.0430 0.0101 
      H047.1  2 0.0071 0.0120 0.0472 0.7489 0.1471 0.0190 0.0186 
      H047.2  2 0.0381 0.0103 0.0764 0.7881 0.0221 0.0254 0.0397 
      H047.3  2 0.0355 0.0089 0.0778 0.6057 0.0204 0.0375 0.2142 
      H047.4  2 0.0124 0.0063 0.0639 0.8201 0.0179 0.0159 0.0636 
      H047.5  2 0.0184 0.0050 0.0523 0.6721 0.0595 0.0217 0.1710 
      H047.6  2 0.0260 0.0292 0.1010 0.4902 0.0387 0.0377 0.2772 
      H047.7  2 0.0106 0.0132 0.0570 0.7778 0.0784 0.0152 0.0477 
      H047.8  2 0.0213 0.0186 0.1126 0.4451 0.1091 0.0655 0.2279 
      H047.9  2 0.0109 0.0063 0.1573 0.7025 0.0532 0.0181 0.0517 
 H071.1_2002  2 0.0085 0.0069 0.0132 0.9389 0.0170 0.0076 0.0080 
 H071.1_2003  2 0.0219 0.0131 0.0270 0.8173 0.0979 0.0097 0.0131 
     H071.10  2 0.0275 0.0117 0.0074 0.9262 0.0064 0.0122 0.0086 
 H071.2_2002  2 0.0090 0.0124 0.0101 0.9360 0.0134 0.0118 0.0074 
 H071.2_2003  2 0.0069 0.0048 0.0068 0.9642 0.0068 0.0046 0.0059 
      H071.3  2 0.0113 0.0157 0.0081 0.9259 0.0080 0.0117 0.0194 
 H071.4_2002  2 0.0135 0.0156 0.0113 0.9218 0.0104 0.0181 0.0093 
 H071.4_2003  2 0.0073 0.0046 0.0059 0.9587 0.0068 0.0100 0.0066 
 H071.5_2002  2 0.0117 0.0061 0.0058 0.9497 0.0111 0.0087 0.0069 
 H071.5_2003  2 0.0091 0.0070 0.0101 0.9367 0.0131 0.0150 0.0092 
 H071.6_2002  2 0.0118 0.0074 0.0071 0.9417 0.0081 0.0177 0.0061 
 H071.6_2003  2 0.0108 0.0048 0.0090 0.9517 0.0075 0.0101 0.0061 
 H071.7_2002  2 0.0049 0.0049 0.0057 0.9647 0.0078 0.0058 0.0062 
 H071.7_2003  2 0.0149 0.0085 0.0143 0.9222 0.0156 0.0135 0.0110 
      H071.8  2 0.0101 0.0108 0.0078 0.9446 0.0099 0.0102 0.0067 
      H071.9  2 0.0296 0.0191 0.0096 0.8674 0.0178 0.0357 0.0209 
 H081.1_2002  2 0.0098 0.0073 0.0077 0.9511 0.0103 0.0053 0.0085 
 H081.1_2003  2 0.1393 0.4557 0.0860 0.1411 0.1068 0.0350 0.0362 
 H081.2_2002  2 0.0086 0.0071 0.0084 0.9432 0.0195 0.0058 0.0075 
 H081.2_2003  2 0.7355 0.0196 0.0127 0.0348 0.1480 0.0335 0.0160 
 H081.3_2002  2 0.0131 0.0119 0.0117 0.9332 0.0133 0.0072 0.0097 
 H081.3_2003  2 0.1799 0.0451 0.0454 0.0408 0.5439 0.1214 0.0234 
 H081.4_2002  2 0.0098 0.0064 0.0096 0.9483 0.0094 0.0092 0.0071 
 H081.4_2003  2 0.3806 0.0576 0.0938 0.0635 0.2773 0.0848 0.0424 
 H081.5_2002  2 0.0107 0.0065 0.0082 0.9492 0.0086 0.0078 0.0090 
 H081.5_2003  2 0.1459 0.0712 0.1260 0.2386 0.3127 0.0335 0.0721 
      H081.6  2 0.0081 0.0080 0.0091 0.9503 0.0112 0.0066 0.0067 
      H081.7  2 0.0122 0.0078 0.0083 0.9394 0.0127 0.0099 0.0098 
      H081.8  2 0.0395 0.0330 0.0164 0.8582 0.0143 0.0217 0.0170 
      H083.1  2 0.0352 0.0103 0.0145 0.9125 0.0068 0.0124 0.0083 
      H083.2  2 0.0158 0.0089 0.0139 0.9230 0.0175 0.0123 0.0086 
      H083.4  2 0.0294 0.0252 0.0062 0.8953 0.0126 0.0199 0.0115 
      H083.5  2 0.0241 0.0206 0.0109 0.9155 0.0103 0.0088 0.0098 
      H083.6  2 0.0398 0.0220 0.0153 0.8766 0.0077 0.0288 0.0099 
      H083.7  2 0.0308 0.0231 0.0101 0.8830 0.0131 0.0234 0.0165 
      H083.8  2 0.0131 0.0077 0.0147 0.9261 0.0162 0.0112 0.0110 
      H083.9  2 0.0282 0.0112 0.0093 0.9251 0.0094 0.0082 0.0087 
      H084.1  2 0.7622 0.0882 0.0197 0.0188 0.0142 0.0388 0.0581 
      H084.2  2 0.8448 0.0452 0.0170 0.0211 0.0097 0.0531 0.0092 
      H084.3  2 0.1585 0.4010 0.1161 0.0131 0.0166 0.0275 0.2673 
      H084.4  2 0.1427 0.4522 0.0879 0.0410 0.0134 0.0617 0.2011 
      H084.5  2 0.3264 0.0924 0.0630 0.0218 0.0151 0.0249 0.4565 
      H084.6  2 0.2015 0.3986 0.0656 0.0128 0.0212 0.0186 0.2817 
      H084.7  2 0.8034 0.0291 0.0171 0.0211 0.0116 0.0899 0.0278 
      H084.8  2 0.3333 0.2169 0.0408 0.0144 0.0103 0.0214 0.3630 
 H085.1_2002  2 0.2012 0.0574 0.0205 0.4685 0.2298 0.0118 0.0108 
 H085.1_2003  2 0.1228 0.0261 0.0088 0.7646 0.0152 0.0275 0.0349 
 H085.2_2002  2 0.2971 0.4770 0.0286 0.0750 0.0812 0.0231 0.0181 
 H085.2_2003  2 0.0952 0.0173 0.0196 0.8122 0.0120 0.0262 0.0174 
 H085.3_2002  2 0.1213 0.0263 0.0559 0.2543 0.4342 0.0203 0.0876 
 H085.3_2003  2 0.0151 0.0067 0.0078 0.9207 0.0152 0.0175 0.0171 
 H085.4_2002  2 0.1247 0.1416 0.0172 0.3926 0.2800 0.0202 0.0237 
 H085.4_2003  2 0.0409 0.0099 0.0198 0.8635 0.0142 0.0087 0.0430 
 H085.5_2002  2 0.0264 0.0141 0.0155 0.3714 0.5147 0.0126 0.0453 
 H085.5_2003  2 0.1035 0.0087 0.0097 0.8355 0.0123 0.0217 0.0086 
 H085.6_2002  2 0.2010 0.0591 0.0488 0.3192 0.3297 0.0230 0.0193 
 H085.6_2003  2 0.0204 0.0126 0.0496 0.5592 0.0639 0.0259 0.2684 
 H085.7_2002  2 0.2880 0.0561 0.0568 0.2656 0.2875 0.0224 0.0235 
 H085.7_2003  2 0.0133 0.0105 0.0104 0.9162 0.0119 0.0143 0.0233 
 H085.8_2002  2 0.0557 0.1135 0.0307 0.2633 0.3803 0.0421 0.1145 
 H085.8_2003  2 0.4225 0.0173 0.0334 0.4068 0.0302 0.0181 0.0718 
      H085.9  2 0.0770 0.0988 0.0260 0.4498 0.3024 0.0097 0.0363 
      H088.1  2 0.8285 0.0144 0.0304 0.0197 0.0245 0.0561 0.0264 
      H088.2  2 0.8335 0.0114 0.0576 0.0209 0.0210 0.0268 0.0287 
      H088.3  2 0.9005 0.0077 0.0274 0.0120 0.0182 0.0190 0.0153 
      H088.4  2 0.8257 0.0081 0.0181 0.0468 0.0181 0.0352 0.0480 
      H088.5  2 0.9070 0.0077 0.0167 0.0130 0.0178 0.0152 0.0227 
      H088.6  2 0.8005 0.0106 0.0340 0.0437 0.0133 0.0479 0.0502 
      H088.7  2 0.3586 0.0150 0.0508 0.4230 0.0176 0.0332 0.1017 
      H088.8  2 0.3248 0.0172 0.0309 0.3855 0.0185 0.0654 0.1576 
      H091.1  2 0.8455 0.0084 0.0281 0.0419 0.0147 0.0247 0.0366 
      H091.2  2 0.7282 0.0074 0.0342 0.0976 0.0142 0.0280 0.0903 
      H109.1  2 0.1248 0.0488 0.0191 0.0487 0.0994 0.5717 0.0874 
      H109.2  2 0.2619 0.0308 0.0320 0.1852 0.0899 0.2981 0.1023 
      H109.3  2 0.0363 0.0303 0.1921 0.2135 0.0286 0.4113 0.0880 
      H109.4  2 0.0300 0.0435 0.0152 0.0456 0.0698 0.6896 0.1063 
      H109.5  2 0.0463 0.0080 0.1115 0.5390 0.0177 0.0726 0.2049 
      H109.6  2 0.0885 0.0497 0.0914 0.0923 0.1543 0.4136 0.1103 
      H126.1  2 0.0150 0.0129 0.0341 0.0257 0.7986 0.0735 0.0402 
      H126.2  2 0.0133 0.0425 0.0119 0.6709 0.2012 0.0441 0.0162 
      H126.3  2 0.0098 0.0199 0.0200 0.8380 0.0416 0.0427 0.0279 
      H126.4  2 0.0207 0.0340 0.0232 0.0560 0.7287 0.1143 0.0230 
      H126.5  2 0.0097 0.0093 0.0575 0.2755 0.5894 0.0369 0.0218 
      H126.6  2 0.0107 0.0068 0.0237 0.9075 0.0357 0.0078 0.0079 
      H126.7  2 0.0154 0.0050 0.0099 0.9303 0.0190 0.0132 0.0071 
      H130.1  2 0.1035 0.0133 0.0751 0.0138 0.6318 0.1312 0.0313 
      H130.2  2 0.7566 0.0162 0.0262 0.0502 0.0319 0.0976 0.0214 
      H130.3  2 0.1629 0.0074 0.1150 0.0636 0.0233 0.6164 0.0113 
      H130.4  2 0.1570 0.0462 0.0886 0.0155 0.4119 0.2586 0.0223 
      H130.5  2 0.6860 0.0129 0.0409 0.0820 0.1131 0.0349 0.0303 
      H133.1  2 0.1645 0.2110 0.0810 0.1640 0.0714 0.2438 0.0643 
      H133.2  2 0.0819 0.0135 0.2232 0.0443 0.4942 0.1146 0.0281 
      H133.3  2 0.0765 0.1909 0.1486 0.3948 0.0250 0.0994 0.0649 
      H133.4  2 0.0447 0.0852 0.3256 0.0569 0.1368 0.2719 0.0788 
      H133.5  2 0.0985 0.0467 0.0613 0.0227 0.1049 0.6560 0.0099 
      H133.6  2 0.2704 0.0170 0.0475 0.0457 0.4172 0.1848 0.0173 
      H133.7  2 0.0136 0.0889 0.1954 0.1377 0.0344 0.0326 0.4974 
      H133.8  2 0.0716 0.2857 0.0511 0.0905 0.1573 0.2251 0.1187 
      H133.9  2 0.2099 0.1904 0.0734 0.1023 0.0518 0.3247 0.0476 
      H147.1  2 0.1211 0.0525 0.0172 0.5096 0.0280 0.0090 0.2625 
      H147.2  2 0.0145 0.0074 0.0069 0.9420 0.0119 0.0057 0.0115 
      H147.3  2 0.0126 0.0106 0.0092 0.9293 0.0184 0.0069 0.0130 
      H147.4  2 0.0189 0.1013 0.0124 0.8380 0.0096 0.0064 0.0134 
      H147.5  2 0.3345 0.0090 0.0134 0.5689 0.0330 0.0176 0.0236 
      H147.6  2 0.3587 0.0166 0.0184 0.5001 0.0257 0.0373 0.0431 
      H147.7  2 0.0224 0.0460 0.0158 0.8655 0.0093 0.0081 0.0328 
      H147.8  2 0.1879 0.0251 0.0077 0.7315 0.0061 0.0113 0.0303 
      H147.9  2 0.0097 0.0070 0.0090 0.9400 0.0170 0.0071 0.0101 
      H148.1  2 0.1605 0.1065 0.0382 0.0311 0.1963 0.1085 0.3591 
      H148.2  2 0.0399 0.1168 0.0252 0.0358 0.0872 0.0464 0.6487 
      H148.3  2 0.0167 0.1364 0.1000 0.0414 0.0223 0.0099 0.6732 
      H148.4  2 0.0270 0.1104 0.0861 0.0417 0.0852 0.0441 0.6054 
      H148.5  2 0.0290 0.0648 0.0358 0.0124 0.0215 0.0176 0.8189 
      H148.6  2 0.0710 0.2502 0.0296 0.0262 0.0410 0.0194 0.5625 
      H148.7  2 0.0211 0.0410 0.0167 0.0124 0.0164 0.0787 0.8137 
      H148.8  2 0.0118 0.0644 0.0257 0.0098 0.0364 0.0122 0.8398 
      H148.9  2 0.0313 0.2561 0.0302 0.0144 0.1408 0.0662 0.4609 
   H166022.1  2 0.9323 0.0124 0.0089 0.0146 0.0100 0.0070 0.0148 
   H166022.2  2 0.7999 0.0161 0.0521 0.0598 0.0130 0.0198 0.0394 
   H166022.3  2 0.9427 0.0069 0.0074 0.0064 0.0084 0.0181 0.0103 
   H166022.4  2 0.9360 0.0072 0.0130 0.0075 0.0065 0.0207 0.0091 
   H166022.5  2 0.9351 0.0078 0.0145 0.0105 0.0084 0.0141 0.0097 
   H166022.6  2 0.9241 0.0138 0.0110 0.0093 0.0148 0.0106 0.0165 
   H166022.7  2 0.0071 0.0266 0.0083 0.0113 0.0113 0.9290 0.0063 
   H166022.8  2 0.8374 0.0129 0.0609 0.0167 0.0318 0.0141 0.0262 
   H167397.1  2 0.0311 0.7268 0.0345 0.0723 0.0222 0.0156 0.0974 
   H167397.2  2 0.0176 0.8741 0.0323 0.0172 0.0216 0.0104 0.0269 
   H167397.3  2 0.0159 0.8396 0.0462 0.0360 0.0102 0.0085 0.0436 
   H167397.4  2 0.0137 0.9097 0.0098 0.0153 0.0075 0.0099 0.0342 
   H167397.5  2 0.0409 0.8187 0.0252 0.0316 0.0192 0.0310 0.0334 
   H167397.6  2 0.0188 0.7289 0.0269 0.0515 0.0159 0.0125 0.1455 
   H167496.1  2 0.2460 0.0140 0.4611 0.0234 0.0198 0.1325 0.1032 
   H167496.2  2 0.0383 0.0222 0.1618 0.4367 0.0372 0.0963 0.2074 
   H167496.3  2 0.3688 0.0445 0.1376 0.0912 0.2016 0.0485 0.1077 
   H167496.4  2 0.9156 0.0089 0.0113 0.0255 0.0105 0.0165 0.0117 
   H167496.6  2 0.8034 0.0084 0.0269 0.0808 0.0254 0.0392 0.0159 
   H167496.7  2 0.0686 0.0103 0.4031 0.0314 0.0613 0.0976 0.3276 
   H167496.8  2 0.7480 0.0108 0.0314 0.1340 0.0179 0.0261 0.0319 
   H167513.1  2 0.1081 0.0541 0.1358 0.0522 0.1230 0.2686 0.2582 
   H167513.2  2 0.0380 0.0910 0.0685 0.0442 0.2779 0.0595 0.4209 
   H167513.3  2 0.2633 0.0356 0.0677 0.0169 0.0514 0.5155 0.0496 
   H167513.4  2 0.5469 0.0131 0.0380 0.0186 0.0340 0.0705 0.2788 
   H167513.5  2 0.0510 0.1198 0.0559 0.0567 0.2895 0.0608 0.3663 
   H167513.6  2 0.1407 0.0506 0.4317 0.0467 0.1633 0.0494 0.1176 
   H167513.7  2 0.5286 0.0722 0.0331 0.0582 0.0804 0.1924 0.0352 
   H167513.8  2 0.0576 0.1108 0.0981 0.0290 0.0885 0.5833 0.0328 
   H167547.1  2 0.0207 0.0190 0.0543 0.0076 0.0270 0.0155 0.8559 
   H167547.2  2 0.0206 0.0200 0.0184 0.0111 0.0148 0.0092 0.9061 
   H167547.3  2 0.0213 0.0214 0.0186 0.0100 0.0116 0.0085 0.9085 
   H167547.4  2 0.2670 0.1552 0.0378 0.0109 0.1426 0.0445 0.3420 
   H167547.5  2 0.0400 0.0124 0.0100 0.0114 0.0184 0.0101 0.8977 
   H167547.6  2 0.0301 0.0127 0.0102 0.0105 0.0139 0.0104 0.9122 
   H167547.7  2 0.0396 0.0370 0.4483 0.0303 0.2493 0.0676 0.1279 
   H169750.1  2 0.1709 0.0214 0.1336 0.0322 0.0630 0.5379 0.0409 
   H169750.2  2 0.0488 0.0531 0.1045 0.3397 0.1061 0.1286 0.2192 
   H169750.3  2 0.1329 0.0065 0.1253 0.1151 0.0940 0.4837 0.0426 
   H169750.4  2 0.0351 0.0948 0.5171 0.0637 0.0486 0.1599 0.0809 
   H169750.5  2 0.1585 0.0256 0.0864 0.1412 0.0435 0.5029 0.0419 
   H169750.6  2 0.0779 0.0153 0.0108 0.6077 0.0718 0.1892 0.0274 
   H169750.7  2 0.0306 0.0350 0.2487 0.1413 0.1105 0.3681 0.0656 
   H171929.1  2 0.0157 0.5450 0.0589 0.0391 0.0980 0.0188 0.2245 
  H171929.10  2 0.2225 0.0908 0.1371 0.1497 0.0716 0.0182 0.3101 
  H171929.11  2 0.0345 0.2885 0.1287 0.0387 0.2451 0.0326 0.2318 
   H171929.2  2 0.0388 0.0215 0.0624 0.0224 0.1704 0.1171 0.5674 
   H171929.3  2 0.0397 0.1124 0.0406 0.0339 0.0830 0.0321 0.6582 
   H171929.4  2 0.2883 0.0129 0.1279 0.0569 0.2232 0.0795 0.2112 
   H171929.5  2 0.0510 0.0416 0.0942 0.0216 0.0755 0.0797 0.6365 
   H171929.6  2 0.0406 0.1050 0.1019 0.0281 0.1860 0.1029 0.4354 
   H171929.7  2 0.0330 0.0446 0.0632 0.0642 0.5443 0.0609 0.1898 
   H171929.8  2 0.0519 0.0283 0.1218 0.0312 0.6417 0.0187 0.1065 
   H171929.9  2 0.2642 0.0089 0.0577 0.0989 0.4892 0.0283 0.0528 
   H171930.1  2 0.0476 0.0491 0.0382 0.0298 0.0203 0.7384 0.0766 
   H171930.2  2 0.4626 0.0183 0.0173 0.0402 0.0536 0.2967 0.1114 
   H171930.3  2 0.1051 0.0329 0.0278 0.0255 0.0144 0.7422 0.0521 
   H171930.4  2 0.2419 0.0212 0.0211 0.0153 0.0071 0.5869 0.1065 
   H171930.5  2 0.1330 0.0339 0.0339 0.0598 0.1454 0.5317 0.0623 
   H171930.6  2 0.2295 0.0171 0.0685 0.1073 0.0186 0.4557 0.1032 
   H171930.7  2 0.1240 0.0576 0.0658 0.0325 0.0315 0.6095 0.0791 
   H171930.8  2 0.1862 0.0299 0.1806 0.0487 0.0340 0.4025 0.1181 
   H171933.1  2 0.8607 0.0665 0.0092 0.0088 0.0085 0.0209 0.0253 
   H171933.2  2 0.8451 0.0478 0.0160 0.0223 0.0226 0.0123 0.0339 
   H171933.3  2 0.8701 0.0149 0.0146 0.0072 0.0356 0.0139 0.0437 
   H171933.4  2 0.8944 0.0054 0.0376 0.0098 0.0227 0.0102 0.0199 
   H171933.5  2 0.4301 0.0158 0.2191 0.0086 0.1502 0.0657 0.1106 
   H171933.6  2 0.8947 0.0077 0.0089 0.0441 0.0104 0.0219 0.0124 
   H171933.7  2 0.7998 0.0463 0.0148 0.0138 0.0589 0.0211 0.0453 
   H171933.8  2 0.7350 0.0544 0.0512 0.0151 0.0571 0.0207 0.0664 
   H171933.9  2 0.9392 0.0070 0.0097 0.0068 0.0116 0.0144 0.0112 
      H190.1  2 0.2357 0.0066 0.0781 0.0389 0.0264 0.5025 0.1118 
      H190.2  2 0.0128 0.0067 0.0263 0.0423 0.0358 0.0158 0.8602 
      H190.3  2 0.0511 0.0128 0.0362 0.0340 0.2108 0.0337 0.6214 
      H190.4  2 0.7996 0.0102 0.0294 0.0103 0.0318 0.0820 0.0366 
      H190.5  2 0.0261 0.0070 0.0455 0.1400 0.0311 0.0399 0.7104 
      H190.6  2 0.7181 0.0078 0.0289 0.0150 0.0437 0.1087 0.0778 
      H190.7  2 0.0613 0.0121 0.1444 0.0228 0.5437 0.0320 0.1838 
      H190.8  2 0.0506 0.0080 0.1524 0.1414 0.0980 0.1075 0.4420 
      H190.9  2 0.0308 0.0082 0.1180 0.0316 0.0872 0.0255 0.6987 
      H400.1  2 0.9453 0.0081 0.0079 0.0083 0.0129 0.0098 0.0077 
      H400.2  2 0.9227 0.0100 0.0056 0.0290 0.0094 0.0114 0.0119 
      H400.3  2 0.8922 0.0126 0.0184 0.0143 0.0234 0.0214 0.0178 
      H400.4  2 0.9147 0.0046 0.0081 0.0290 0.0085 0.0152 0.0198 
      H400.5  2 0.9134 0.0145 0.0160 0.0119 0.0140 0.0168 0.0134 
      H400.6  2 0.9370 0.0057 0.0099 0.0150 0.0147 0.0084 0.0093 
      H400.7  2 0.9459 0.0063 0.0101 0.0069 0.0097 0.0072 0.0138 
 H428.1_2005  2 0.8968 0.0160 0.0099 0.0133 0.0113 0.0346 0.0183 
 H428.1_2006  2 0.8548 0.0298 0.0261 0.0532 0.0097 0.0148 0.0115 
 H428.2_2005  2 0.9206 0.0159 0.0103 0.0071 0.0090 0.0133 0.0238 
 H428.2_2006  2 0.8838 0.0148 0.0096 0.0607 0.0100 0.0119 0.0093 
 H428.3_2005  2 0.9360 0.0081 0.0131 0.0109 0.0060 0.0183 0.0076 
 H428.3_2006  2 0.8331 0.0487 0.0180 0.0526 0.0173 0.0169 0.0133 
 H428.4_2005  2 0.9193 0.0185 0.0146 0.0084 0.0051 0.0244 0.0096 
 H428.4_2006  2 0.9185 0.0252 0.0090 0.0214 0.0095 0.0089 0.0075 
 H428.5_2005  2 0.8947 0.0548 0.0056 0.0178 0.0085 0.0074 0.0112 
 H428.6_2005  2 0.8820 0.0160 0.0291 0.0193 0.0123 0.0308 0.0104 
 H428.6_2006  2 0.8791 0.0444 0.0120 0.0245 0.0082 0.0232 0.0085 
      H428.7  2 0.9483 0.0070 0.0043 0.0125 0.0110 0.0118 0.0051 
      H428.8  2 0.9091 0.0217 0.0067 0.0233 0.0106 0.0190 0.0096 
      H428.9  2 0.9251 0.0266 0.0060 0.0117 0.0100 0.0108 0.0098 
      H453.1  2 0.8833 0.0076 0.0111 0.0495 0.0102 0.0260 0.0123 
      H453.2  2 0.9132 0.0067 0.0139 0.0129 0.0142 0.0273 0.0119 
      H453.3  2 0.9334 0.0050 0.0128 0.0113 0.0173 0.0100 0.0102 
      H453.4  2 0.9297 0.0049 0.0106 0.0153 0.0110 0.0193 0.0092 
      H453.5  2 0.9281 0.0062 0.0118 0.0257 0.0078 0.0131 0.0073 
      H453.6  2 0.9404 0.0077 0.0066 0.0231 0.0057 0.0096 0.0068 
      H453.7  2 0.2617 0.0076 0.0766 0.4674 0.1178 0.0284 0.0405 
      H453.8  2 0.6042 0.0102 0.0437 0.2072 0.0663 0.0240 0.0445 
      H453.9  2 0.4834 0.0099 0.0132 0.4137 0.0378 0.0318 0.0102 
      H512.1  2 0.8965 0.0054 0.0113 0.0142 0.0137 0.0443 0.0146 
     H512.10  2 0.4612 0.1979 0.0483 0.0637 0.0157 0.1725 0.0406 
      H512.2  2 0.4074 0.0410 0.0406 0.0251 0.0348 0.3033 0.1479 
      H512.3  2 0.0701 0.0678 0.0306 0.0154 0.0109 0.7803 0.0248 
      H512.4  2 0.6397 0.0557 0.0459 0.0895 0.0264 0.0446 0.0982 
      H512.5  2 0.0255 0.0374 0.0948 0.0129 0.0080 0.8060 0.0155 
      H512.6  2 0.1121 0.0154 0.1978 0.0136 0.0274 0.5926 0.0411 
      H512.7  2 0.0306 0.0102 0.0243 0.0196 0.0075 0.8872 0.0205 
      H512.8  2 0.1561 0.0173 0.0301 0.0228 0.0179 0.3065 0.4493 
      H512.9  2 0.1070 0.0190 0.0444 0.0194 0.0150 0.7721 0.0231 
      H513.1  2 0.9320 0.0194 0.0060 0.0172 0.0083 0.0076 0.0097 
      H513.2  2 0.9310 0.0170 0.0060 0.0127 0.0088 0.0074 0.0171 
      H513.3  2 0.9464 0.0063 0.0062 0.0097 0.0090 0.0126 0.0098 
      H513.4  2 0.9080 0.0061 0.0108 0.0243 0.0113 0.0204 0.0190 
      H513.5  2 0.9279 0.0183 0.0072 0.0144 0.0086 0.0158 0.0077 
      H513.6  2 0.2427 0.6068 0.0100 0.0235 0.0501 0.0365 0.0303 
      H532.1  2 0.6646 0.0155 0.0475 0.1479 0.0178 0.0803 0.0264 
      H532.2  2 0.8881 0.0160 0.0148 0.0282 0.0167 0.0125 0.0238 
      H532.3  2 0.8421 0.0079 0.0458 0.0403 0.0239 0.0192 0.0208 
      H532.4  2 0.3378 0.0256 0.0555 0.5046 0.0472 0.0156 0.0138 
      H532.5  2 0.8262 0.0138 0.0149 0.0441 0.0215 0.0608 0.0185 
      H532.6  2 0.6928 0.0136 0.0494 0.1923 0.0239 0.0170 0.0110 
      H532.7  2 0.7002 0.0129 0.0143 0.2306 0.0096 0.0208 0.0116 
      H532.8  2 0.5253 0.0197 0.0386 0.2577 0.0207 0.0950 0.0431 
      H543.1  2 0.0121 0.9532 0.0073 0.0062 0.0061 0.0060 0.0091 
      H543.2  2 0.0577 0.8678 0.0106 0.0101 0.0107 0.0170 0.0261 
      H543.3  2 0.0138 0.9462 0.0074 0.0086 0.0070 0.0075 0.0096 
      H543.4  2 0.0076 0.9574 0.0086 0.0054 0.0068 0.0054 0.0088 
      H543.5  2 0.0076 0.9585 0.0058 0.0056 0.0074 0.0055 0.0095 
      H543.6  2 0.0208 0.9323 0.0087 0.0076 0.0135 0.0084 0.0086 
      H543.7  2 0.0058 0.9664 0.0049 0.0048 0.0072 0.0045 0.0064 
      H543.8  2 0.0243 0.9049 0.0068 0.0202 0.0154 0.0139 0.0144 
      H543.9  2 0.0144 0.9331 0.0074 0.0085 0.0088 0.0123 0.0154 
 H545.1_2005  2 0.0038 0.9717 0.0044 0.0047 0.0060 0.0052 0.0043 
 H545.1_2006  2 0.0066 0.9543 0.0075 0.0079 0.0078 0.0072 0.0087 
 H545.2_2005  2 0.0086 0.9413 0.0057 0.0071 0.0105 0.0178 0.0089 
 H545.2_2006  2 0.0070 0.9653 0.0049 0.0059 0.0059 0.0065 0.0045 
 H545.3_2005  2 0.0084 0.9440 0.0102 0.0071 0.0091 0.0128 0.0085 
 H545.3_2006  2 0.0070 0.9563 0.0046 0.0084 0.0093 0.0094 0.0049 
 H545.4_2005  2 0.0048 0.9533 0.0075 0.0064 0.0094 0.0079 0.0107 
 H545.4_2006  2 0.0061 0.9557 0.0065 0.0060 0.0075 0.0089 0.0093 
 H545.5_2005  2 0.0096 0.9463 0.0063 0.0108 0.0110 0.0103 0.0057 
 H545.5_2006  2 0.0075 0.9513 0.0073 0.0062 0.0084 0.0128 0.0065 
 H545.6_2005  2 0.0056 0.9677 0.0043 0.0045 0.0061 0.0074 0.0044 
 H545.6_2006  2 0.0058 0.9625 0.0056 0.0057 0.0062 0.0075 0.0067 
 H545.7_2005  2 0.0070 0.9597 0.0043 0.0065 0.0078 0.0104 0.0042 
 H545.7_2006  2 0.0089 0.9475 0.0058 0.0096 0.0085 0.0123 0.0073 
 H545.8_2005  2 0.0096 0.9451 0.0067 0.0095 0.0118 0.0099 0.0075 
 H545.8_2006  2 0.0072 0.9631 0.0063 0.0063 0.0061 0.0062 0.0048 
      H545.9  2 0.0070 0.9562 0.0066 0.0064 0.0095 0.0077 0.0066 
      H547.1  2 0.7953 0.0153 0.0211 0.0104 0.0427 0.0187 0.0965 
      H547.2  2 0.3827 0.0087 0.0166 0.0198 0.0175 0.0072 0.5475 
      H547.3  2 0.6381 0.0162 0.1290 0.0085 0.0890 0.0373 0.0819 
      H547.4  2 0.3559 0.0098 0.0586 0.0432 0.0620 0.0235 0.4470 
      H547.5  2 0.4185 0.0073 0.0115 0.0060 0.0149 0.0098 0.5319 
      H547.6  2 0.7802 0.0390 0.0143 0.0096 0.0215 0.0089 0.1265 
      H547.7  2 0.6277 0.0312 0.0351 0.0113 0.0741 0.0257 0.1950 
      H547.8  2 0.7707 0.0180 0.0198 0.0072 0.0333 0.0151 0.1360 
      H548.1  2 0.0062 0.9534 0.0062 0.0060 0.0100 0.0091 0.0091 
      H548.2  2 0.0070 0.9495 0.0109 0.0078 0.0062 0.0110 0.0076 
      H548.3  2 0.0083 0.9550 0.0056 0.0077 0.0086 0.0079 0.0069 
      H548.4  2 0.0135 0.7804 0.0272 0.0473 0.0570 0.0539 0.0206 
      H548.5  2 0.0069 0.9527 0.0069 0.0084 0.0091 0.0071 0.0088 
      H548.6  2 0.0065 0.9408 0.0105 0.0066 0.0135 0.0151 0.0070 
      H548.7  2 0.0067 0.9558 0.0060 0.0068 0.0084 0.0085 0.0078 
      H548.8  2 0.0084 0.9462 0.0083 0.0118 0.0073 0.0090 0.0090 
      H548.9  2 0.0108 0.9330 0.0115 0.0095 0.0132 0.0107 0.0113 
     H7389.1  2 0.9221 0.0166 0.0068 0.0121 0.0114 0.0134 0.0175 
     H7389.2  2 0.7978 0.1358 0.0080 0.0118 0.0067 0.0085 0.0314 
     H7389.3  2 0.9028 0.0288 0.0061 0.0121 0.0079 0.0204 0.0219 
     H7389.4  2 0.8635 0.0661 0.0087 0.0203 0.0167 0.0172 0.0075 
     H7389.5  2 0.8296 0.0331 0.0082 0.0229 0.0309 0.0680 0.0074 
     H7389.6  2 0.6370 0.0093 0.0188 0.0367 0.0072 0.2786 0.0124 
     H7389.7  2 0.8439 0.0408 0.0094 0.0207 0.0105 0.0480 0.0267 
     H7389.8  2 0.5287 0.3186 0.0111 0.0234 0.0397 0.0637 0.0149 
     H7389.9  2 0.8760 0.0489 0.0094 0.0203 0.0094 0.0268 0.0091 
      H747.1  2 0.0710 0.0288 0.0968 0.0343 0.0275 0.5883 0.1533 
      H747.2  2 0.0194 0.0154 0.1040 0.0135 0.0326 0.7602 0.0549 
      H747.3  2 0.0747 0.0183 0.1726 0.0197 0.0380 0.6235 0.0533 
      H747.4  2 0.0225 0.0085 0.0672 0.0277 0.0232 0.7266 0.1243 
      H747.5  2 0.0213 0.0085 0.0620 0.0137 0.0207 0.8404 0.0334 
      H747.6  2 0.0677 0.0440 0.0192 0.0104 0.0353 0.6803 0.1432 
      H747.7  2 0.0470 0.0228 0.0490 0.0119 0.0589 0.7707 0.0398 
     H7484.1  2 0.0476 0.0108 0.0191 0.8164 0.0493 0.0332 0.0237 
     H7484.2  2 0.0348 0.0090 0.0193 0.4861 0.3517 0.0298 0.0693 
     H7484.3  2 0.0206 0.0129 0.0183 0.7110 0.1495 0.0446 0.0431 
     H7484.4  2 0.1175 0.0079 0.0354 0.5571 0.2049 0.0330 0.0442 
     H7484.5  2 0.0311 0.0100 0.0088 0.7247 0.0621 0.1195 0.0438 
     H7484.6  2 0.0151 0.0135 0.0505 0.0759 0.0436 0.7579 0.0436 
     H7484.7  2 0.0231 0.0101 0.0459 0.4796 0.2409 0.1828 0.0177 
     H7484.8  2 0.1746 0.0083 0.0166 0.4728 0.0418 0.2574 0.0286 
     H7485.1  2 0.0074 0.9547 0.0089 0.0072 0.0078 0.0057 0.0081 
     H7485.2  2 0.0122 0.9495 0.0067 0.0072 0.0091 0.0101 0.0052 
     H7485.3  2 0.0051 0.9590 0.0070 0.0065 0.0069 0.0073 0.0082 
     H7485.4  2 0.0095 0.9403 0.0078 0.0072 0.0197 0.0093 0.0061 
     H7485.5  2 0.0097 0.9449 0.0082 0.0106 0.0110 0.0063 0.0094 
     H7485.6  2 0.0084 0.9481 0.0059 0.0110 0.0097 0.0081 0.0088 
     H7485.7  2 0.0068 0.9412 0.0101 0.0122 0.0119 0.0072 0.0107 
     H7496.1  2 0.8292 0.0075 0.0190 0.0664 0.0130 0.0297 0.0352 
    H7496.10  2 0.9148 0.0095 0.0089 0.0305 0.0130 0.0120 0.0113 
    H7496.11  2 0.0323 0.8003 0.0369 0.0589 0.0131 0.0349 0.0235 
     H7496.2  2 0.8818 0.0065 0.0194 0.0238 0.0169 0.0324 0.0191 
     H7496.3  2 0.2127 0.0100 0.0371 0.5958 0.0722 0.0312 0.0410 
     H7496.4  2 0.9076 0.0065 0.0166 0.0204 0.0127 0.0129 0.0234 
     H7496.5  2 0.8476 0.0077 0.0216 0.0363 0.0178 0.0328 0.0362 
     H7496.6  2 0.8708 0.0050 0.0188 0.0329 0.0165 0.0400 0.0161 
     H7496.7  2 0.9128 0.0075 0.0110 0.0276 0.0116 0.0153 0.0142 
     H7496.8  2 0.7290 0.0142 0.0476 0.1169 0.0368 0.0244 0.0311 
        UNK4  2 0.6737 0.0497 0.0256 0.0367 0.0927 0.0544 0.0673 
        UNK5  2 0.6010 0.0661 0.0125 0.0655 0.0551 0.0141 0.1857 
        UNK6  2 0.8642 0.0182 0.0112 0.0250 0.0108 0.0241 0.0463 
        UNK7  2 0.3830 0.4186 0.0169 0.0170 0.0271 0.0108 0.1266 
        UNK8  2 0.6561 0.2033 0.0087 0.0269 0.0533 0.0157 0.0361 
        UNK9  2 0.3393 0.3117 0.0116 0.1985 0.0312 0.0688 0.0388 
      H009.1  4 0.0111 0.0133 0.4512 0.0114 0.4844 0.0135 0.0150 
      H009.2  4 0.0124 0.0048 0.6478 0.0080 0.2885 0.0290 0.0096 
      H009.3  4 0.0114 0.0062 0.4435 0.0175 0.4944 0.0180 0.0089 
      H009.4  4 0.0118 0.0186 0.6569 0.0187 0.2348 0.0486 0.0106 
      H009.5  4 0.0099 0.0255 0.3965 0.0112 0.5255 0.0216 0.0097 
      H009.6  4 0.0119 0.0100 0.1878 0.0183 0.6821 0.0132 0.0766 
      H046.4  4 0.0601 0.0199 0.0953 0.2262 0.4391 0.1239 0.0354 
      H046.8  4 0.0338 0.0400 0.1313 0.0631 0.1239 0.1910 0.4168 
 H076.1_2002  4 0.0125 0.0082 0.0087 0.0072 0.0092 0.0105 0.9437 
 H076.1_2003  4 0.0053 0.0075 0.0060 0.0056 0.0077 0.0055 0.9625 
