      H105.1  1 0.0471 0.0393 0.4657 0.2050 0.0236 0.0394 0.0132 0.1666 
      H105.2  1 0.3954 0.1213 0.1245 0.0638 0.0515 0.2065 0.0165 0.0204 
      H105.3  1 0.2669 0.0540 0.3774 0.0940 0.0288 0.0336 0.0146 0.1306 
      H105.4  1 0.2044 0.0949 0.2059 0.0343 0.2866 0.1351 0.0192 0.0195 
      H105.5  1 0.0387 0.0328 0.4730 0.1875 0.1856 0.0517 0.0124 0.0184 
      H105.6  1 0.2372 0.0338 0.5019 0.0200 0.1041 0.0158 0.0101 0.0772 
      H105.7  1 0.0752 0.0230 0.1652 0.0957 0.0543 0.0789 0.0088 0.4989 
      H105.8  1 0.2442 0.1528 0.1567 0.0303 0.0422 0.0489 0.0240 0.3009 
      H115.1  1 0.2532 0.0542 0.1009 0.0372 0.4320 0.0270 0.0128 0.0827 
      H115.2  1 0.0350 0.0331 0.0221 0.2529 0.6059 0.0128 0.0235 0.0146 
      H115.3  1 0.0099 0.0084 0.0109 0.0629 0.8840 0.0085 0.0094 0.0061 
      H115.4  1 0.0408 0.0608 0.0323 0.7116 0.0851 0.0449 0.0113 0.0131 
      H115.5  1 0.0340 0.0151 0.0313 0.1002 0.6645 0.0389 0.0808 0.0351 
      H115.6  1 0.0334 0.0164 0.0396 0.1287 0.7106 0.0335 0.0207 0.0170 
      H115.7  1 0.4594 0.0352 0.0561 0.0811 0.2597 0.0890 0.0099 0.0096 
      H115.8  1 0.0191 0.0118 0.0116 0.1215 0.6039 0.0179 0.1008 0.1133 
      H115.9  1 0.0139 0.0074 0.0124 0.0125 0.8895 0.0071 0.0074 0.0498 
      H145.1  1 0.0161 0.0142 0.0268 0.0132 0.0233 0.0076 0.8898 0.0090 
      H145.2  1 0.0135 0.0141 0.0287 0.0108 0.0596 0.0095 0.8534 0.0105 
      H145.3  1 0.0084 0.0067 0.0136 0.0078 0.0083 0.0113 0.9317 0.0122 
      H145.4  1 0.0189 0.0129 0.0272 0.0162 0.0143 0.0079 0.8912 0.0114 
      H145.5  1 0.0072 0.0071 0.0128 0.0054 0.0064 0.0060 0.9504 0.0047 
      H145.6  1 0.0094 0.0090 0.0106 0.0106 0.0356 0.0212 0.8936 0.0100 
      H145.7  1 0.0132 0.0144 0.0255 0.0150 0.0163 0.0189 0.8823 0.0143 
      H149.1  1 0.0087 0.0071 0.9459 0.0060 0.0082 0.0062 0.0105 0.0073 
      H149.2  1 0.0096 0.0059 0.9412 0.0131 0.0075 0.0070 0.0104 0.0054 
      H149.3  1 0.0337 0.0361 0.8131 0.0362 0.0150 0.0295 0.0270 0.0093 
      H149.4  1 0.0233 0.0552 0.8230 0.0238 0.0134 0.0178 0.0299 0.0136 
      H149.5  1 0.0249 0.0908 0.7221 0.0803 0.0084 0.0403 0.0208 0.0124 
      H149.6  1 0.0149 0.0085 0.9197 0.0150 0.0067 0.0144 0.0136 0.0072 
      H149.7  1 0.0569 0.3074 0.3954 0.0761 0.0134 0.0905 0.0322 0.0281 
      H150.1  1 0.0160 0.0109 0.0108 0.0567 0.8562 0.0083 0.0234 0.0177 
      H150.2  1 0.0774 0.0532 0.0275 0.2631 0.4913 0.0154 0.0588 0.0134 
      H150.3  1 0.4617 0.0333 0.0333 0.0257 0.3664 0.0220 0.0164 0.0410 
      H150.4  1 0.0219 0.0056 0.0074 0.0127 0.8890 0.0112 0.0201 0.0320 
      H150.5  1 0.0444 0.0242 0.0220 0.3631 0.4942 0.0255 0.0146 0.0120 
      H150.6  1 0.0150 0.0415 0.0132 0.8537 0.0369 0.0184 0.0158 0.0054 
      H150.7  1 0.0143 0.0078 0.0067 0.0083 0.9293 0.0065 0.0120 0.0151 
   H169607.1  1 0.1029 0.4484 0.0492 0.0333 0.1337 0.1182 0.0789 0.0355 
   H169607.2  1 0.0222 0.2305 0.0349 0.0131 0.6047 0.0154 0.0093 0.0701 
   H169607.3  1 0.0378 0.1957 0.0250 0.1199 0.2408 0.2748 0.0391 0.0669 
   H169607.4  1 0.0139 0.1126 0.1102 0.0091 0.7067 0.0186 0.0141 0.0147 
   H169607.5  1 0.0105 0.1218 0.0594 0.0388 0.6331 0.0137 0.0173 0.1054 
   H169607.6  1 0.0149 0.2191 0.0373 0.0212 0.6240 0.0327 0.0068 0.0441 
   H169607.7  1 0.0188 0.7119 0.0149 0.0440 0.1148 0.0251 0.0110 0.0593 
   H169607.8  1 0.0122 0.1128 0.0934 0.0126 0.6996 0.0272 0.0066 0.0357 
   H169633.1  1 0.1279 0.0276 0.5088 0.0497 0.0453 0.0464 0.1739 0.0205 
   H169633.2  1 0.1548 0.0542 0.5844 0.0228 0.0113 0.0775 0.0455 0.0496 
   H169633.3  1 0.0622 0.0260 0.7120 0.0759 0.0093 0.0186 0.0222 0.0739 
   H169633.4  1 0.0193 0.0138 0.7583 0.0301 0.0253 0.0130 0.1276 0.0126 
   H169633.5  1 0.0198 0.0120 0.7802 0.0289 0.0234 0.0120 0.1120 0.0118 
   H169688.1  1 0.0107 0.1161 0.0264 0.0066 0.0185 0.7841 0.0228 0.0148 
   H169688.2  1 0.0077 0.1818 0.0128 0.0244 0.0324 0.6923 0.0255 0.0231 
   H169688.3  1 0.0212 0.6153 0.0207 0.0137 0.0270 0.2681 0.0241 0.0099 
   H169688.4  1 0.0132 0.1175 0.0190 0.0715 0.6380 0.0782 0.0417 0.0208 
   H169688.5  1 0.0123 0.1138 0.0151 0.0718 0.6508 0.0750 0.0415 0.0197 
   H169688.6  1 0.0104 0.3870 0.0186 0.0224 0.0590 0.2925 0.1905 0.0196 
   H169688.7  1 0.0213 0.6299 0.0342 0.0257 0.0388 0.1569 0.0755 0.0177 
   H171901.1  1 0.1660 0.0570 0.0267 0.0507 0.1905 0.4005 0.0914 0.0172 
   H171901.2  1 0.0106 0.0162 0.8663 0.0257 0.0417 0.0114 0.0177 0.0105 
   H171901.3  1 0.0226 0.0516 0.7015 0.0586 0.0598 0.0757 0.0142 0.0160 
   H171901.4  1 0.0100 0.0184 0.8932 0.0265 0.0180 0.0150 0.0075 0.0114 
   H171901.5  1 0.0089 0.0287 0.8912 0.0221 0.0200 0.0115 0.0084 0.0092 
   H171901.6  1 0.0127 0.0349 0.8718 0.0217 0.0257 0.0121 0.0093 0.0119 
   H171901.7  1 0.0130 0.2369 0.6018 0.0474 0.0249 0.0243 0.0146 0.0371 
   H171902.1  1 0.0120 0.3680 0.1544 0.0166 0.1021 0.0395 0.2860 0.0215 
  H171902.10  1 0.0097 0.7306 0.1359 0.0134 0.0338 0.0160 0.0518 0.0086 
   H171902.2  1 0.0232 0.2712 0.0864 0.0447 0.0570 0.3329 0.0907 0.0939 
   H171902.3  1 0.0181 0.7329 0.1435 0.0122 0.0464 0.0182 0.0129 0.0159 
   H171902.4  1 0.0201 0.1042 0.3056 0.0262 0.1617 0.0199 0.3469 0.0154 
   H171902.6  1 0.0156 0.6341 0.1967 0.0127 0.0750 0.0148 0.0421 0.0091 
   H171902.7  1 0.0136 0.3140 0.2769 0.0199 0.1044 0.0110 0.2511 0.0092 
   H171902.8  1 0.0171 0.6339 0.1938 0.0186 0.0497 0.0196 0.0547 0.0125 
   H171902.9  1 0.0224 0.0886 0.1247 0.0186 0.5170 0.0179 0.1943 0.0165 
   H171903.1  1 0.0102 0.0232 0.0395 0.0264 0.8318 0.0162 0.0072 0.0455 
   H171903.2  1 0.0128 0.0552 0.0799 0.0544 0.6013 0.0303 0.0198 0.1463 
   H171903.3  1 0.0247 0.0617 0.4007 0.2107 0.1563 0.0239 0.0285 0.0936 
   H171903.4  1 0.0382 0.0721 0.0387 0.0593 0.4877 0.2648 0.0258 0.0134 
   H171903.5  1 0.0175 0.2838 0.1958 0.2189 0.1685 0.0416 0.0228 0.0510 
   H171903.6  1 0.0079 0.3700 0.0495 0.0936 0.4245 0.0223 0.0087 0.0237 
      H177.1  1 0.0113 0.0799 0.6280 0.0167 0.0370 0.1868 0.0307 0.0097 
      H177.2  1 0.0134 0.3137 0.2530 0.0640 0.0600 0.0411 0.1323 0.1224 
      H177.3  1 0.0132 0.3037 0.4558 0.0432 0.0575 0.0174 0.0905 0.0186 
      H177.4  1 0.0087 0.1326 0.5533 0.0464 0.0194 0.1838 0.0395 0.0162 
      H177.5  1 0.0093 0.0245 0.0524 0.0728 0.0322 0.7615 0.0135 0.0338 
      H177.6  1 0.0128 0.2108 0.5713 0.0304 0.0381 0.0124 0.1061 0.0181 
      H179.1  1 0.0365 0.7686 0.0287 0.0236 0.0219 0.0850 0.0059 0.0297 
      H179.2  1 0.0237 0.8408 0.0208 0.0405 0.0098 0.0158 0.0054 0.0433 
      H179.3  1 0.0243 0.6319 0.0143 0.0385 0.0424 0.1437 0.0086 0.0965 
      H179.4  1 0.0174 0.5869 0.2665 0.0194 0.0106 0.0362 0.0095 0.0534 
      H180.1  1 0.0123 0.0247 0.0200 0.8603 0.0263 0.0250 0.0208 0.0105 
      H180.2  1 0.0169 0.0138 0.0253 0.7469 0.1062 0.0645 0.0173 0.0091 
      H180.3  1 0.0304 0.0108 0.0230 0.3874 0.4413 0.0137 0.0174 0.0760 
      H180.4  1 0.0171 0.0158 0.0195 0.8671 0.0138 0.0190 0.0301 0.0177 
      H180.5  1 0.0082 0.0181 0.0161 0.8163 0.0319 0.0363 0.0357 0.0373 
      H180.6  1 0.0196 0.0163 0.0185 0.1079 0.0682 0.0159 0.0593 0.6943 
      H181.1  1 0.0102 0.1090 0.3168 0.2685 0.0344 0.1757 0.0720 0.0134 
      H181.2  1 0.0167 0.1254 0.3967 0.0872 0.0216 0.2525 0.0827 0.0171 
      H181.3  1 0.0101 0.1094 0.1458 0.0222 0.0097 0.6336 0.0576 0.0116 
      H181.4  1 0.0188 0.0993 0.3366 0.2856 0.0694 0.1564 0.0122 0.0218 
      H181.5  1 0.0154 0.0376 0.0327 0.0220 0.0088 0.8496 0.0181 0.0159 
      H181.6  1 0.0298 0.2319 0.2540 0.2062 0.0417 0.1845 0.0181 0.0338 
      H181.7  1 0.0112 0.7400 0.0634 0.0264 0.0191 0.0857 0.0215 0.0327 
 H194.1_2004  1 0.0551 0.0231 0.3405 0.0593 0.2839 0.0276 0.0348 0.1757 
 H194.2_2004  1 0.0241 0.0165 0.3342 0.0688 0.1289 0.3104 0.1041 0.0129 
 H194.3_2004  1 0.0200 0.0157 0.8888 0.0076 0.0105 0.0118 0.0182 0.0274 
 H194.4_2004  1 0.0230 0.0256 0.4471 0.0095 0.0460 0.2490 0.1835 0.0163 
 H194.5_2004  1 0.0206 0.0141 0.8603 0.0102 0.0234 0.0119 0.0116 0.0479 
 H194.6_2004  1 0.0140 0.0184 0.7333 0.0103 0.0216 0.1704 0.0139 0.0182 
 H194.7_2004  1 0.0829 0.0127 0.1080 0.0359 0.1371 0.1215 0.0454 0.4565 
 H194.8_2004  1 0.0353 0.0250 0.4621 0.0197 0.0295 0.3503 0.0419 0.0361 
      H194.9  1 0.1461 0.0134 0.1944 0.0124 0.0837 0.0686 0.0675 0.4139 
 H195.1_2003  1 0.0323 0.0198 0.8627 0.0177 0.0224 0.0227 0.0082 0.0141 
 H195.1_2004  1 0.0212 0.0350 0.0363 0.0251 0.0135 0.0170 0.8385 0.0134 
 H195.2_2003  1 0.0161 0.0752 0.1784 0.0389 0.4713 0.0622 0.0264 0.1313 
 H195.2_2004  1 0.0151 0.0228 0.0643 0.0187 0.0189 0.0403 0.7820 0.0380 
 H195.3_2003  1 0.0425 0.0601 0.1444 0.0314 0.6068 0.0603 0.0133 0.0412 
 H195.3_2004  1 0.0303 0.0111 0.6848 0.0242 0.0241 0.0187 0.1965 0.0103 
 H195.4_2003  1 0.0718 0.0176 0.7853 0.0381 0.0431 0.0190 0.0137 0.0114 
 H195.4_2004  1 0.0213 0.0350 0.0333 0.0137 0.0161 0.1950 0.6233 0.0623 
 H195.5_2003  1 0.0766 0.0469 0.6939 0.0315 0.0469 0.0777 0.0122 0.0143 
 H195.5_2004  1 0.0413 0.0146 0.0582 0.0121 0.0359 0.0208 0.8066 0.0105 
 H195.6_2003  1 0.0319 0.0289 0.1749 0.0740 0.5552 0.0645 0.0418 0.0286 
 H195.6_2004  1 0.0684 0.0449 0.2412 0.0102 0.0287 0.0229 0.5599 0.0238 
 H195.7_2003  1 0.0372 0.2484 0.1377 0.0250 0.0160 0.4725 0.0181 0.0450 
 H195.7_2004  1 0.0103 0.0112 0.0100 0.0152 0.0123 0.0099 0.9225 0.0084 
      H195.8  1 0.0132 0.0145 0.0106 0.0140 0.0235 0.0399 0.8696 0.0147 
      H195.9  1 0.0289 0.0823 0.2265 0.0238 0.0666 0.1020 0.3605 0.1095 
      H415.1  1 0.1100 0.0196 0.5703 0.0264 0.0517 0.0235 0.1208 0.0777 
      H415.2  1 0.0204 0.0263 0.8164 0.0180 0.0653 0.0109 0.0307 0.0120 
      H415.3  1 0.0863 0.0353 0.8037 0.0267 0.0090 0.0090 0.0120 0.0181 
      H415.4  1 0.0756 0.0072 0.7571 0.0405 0.0336 0.0132 0.0204 0.0524 
      H415.5  1 0.0210 0.0105 0.9097 0.0174 0.0080 0.0085 0.0135 0.0114 
      H415.6  1 0.0620 0.0080 0.7936 0.0256 0.0310 0.0105 0.0235 0.0457 
      H415.7  1 0.0282 0.1192 0.7523 0.0308 0.0166 0.0117 0.0262 0.0151 
      H506.1  1 0.0300 0.3447 0.4588 0.0216 0.0106 0.0317 0.0692 0.0335 
      H506.2  1 0.0127 0.3112 0.5907 0.0156 0.0088 0.0202 0.0247 0.0161 
      H506.3  1 0.0258 0.3791 0.1109 0.0432 0.0106 0.0920 0.2943 0.0440 
      H506.4  1 0.0235 0.4633 0.1709 0.0461 0.0225 0.0686 0.1556 0.0494 
      H506.5  1 0.0153 0.2293 0.6292 0.0157 0.0114 0.0308 0.0404 0.0278 
      H506.6  1 0.0126 0.5817 0.0531 0.0539 0.0468 0.0736 0.1546 0.0236 
      H506.7  1 0.0218 0.2033 0.6385 0.0122 0.0111 0.0332 0.0462 0.0337 
      H533.1  1 0.0118 0.8752 0.0456 0.0142 0.0073 0.0142 0.0217 0.0101 
      H533.2  1 0.0105 0.7337 0.1309 0.0148 0.0069 0.0117 0.0809 0.0105 
      H533.3  1 0.0115 0.8684 0.0529 0.0169 0.0116 0.0136 0.0123 0.0128 
      H533.4  1 0.0151 0.7945 0.0944 0.0165 0.0177 0.0204 0.0307 0.0107 
      H535.1  1 0.0121 0.0378 0.8834 0.0158 0.0132 0.0149 0.0067 0.0161 
      H535.2  1 0.0111 0.1815 0.5402 0.0238 0.0108 0.0794 0.0149 0.1383 
      H535.3  1 0.0103 0.0479 0.5779 0.0553 0.0276 0.1155 0.0305 0.1350 
      H535.4  1 0.0104 0.0113 0.9360 0.0103 0.0061 0.0088 0.0075 0.0098 
      H535.5  1 0.0085 0.0225 0.9250 0.0074 0.0089 0.0125 0.0065 0.0088 
      H535.6  1 0.0243 0.0686 0.6097 0.0194 0.0522 0.1633 0.0151 0.0474 
      H535.7  1 0.0070 0.0218 0.9120 0.0092 0.0100 0.0130 0.0080 0.0190 
      H535.8  1 0.0101 0.0195 0.7847 0.0128 0.0155 0.0989 0.0145 0.0440 
      H535.9  1 0.0107 0.0158 0.8669 0.0226 0.0375 0.0118 0.0112 0.0235 
      H539.1  1 0.0054 0.0051 0.0055 0.0047 0.9604 0.0038 0.0068 0.0084 
      H539.2  1 0.0236 0.3437 0.0653 0.0641 0.3544 0.0752 0.0237 0.0499 
      H539.3  1 0.0126 0.0098 0.0093 0.0088 0.9058 0.0128 0.0182 0.0227 
      H539.4  1 0.0076 0.0171 0.0108 0.0298 0.8709 0.0116 0.0263 0.0260 
      H539.5  1 0.0088 0.0063 0.0068 0.0056 0.9286 0.0064 0.0110 0.0266 
      H539.6  1 0.0082 0.0082 0.0078 0.0082 0.9140 0.0067 0.0086 0.0382 
      H539.7  1 0.0109 0.0071 0.0077 0.0077 0.9421 0.0073 0.0067 0.0106 
      H539.8  1 0.0380 0.0201 0.0155 0.0363 0.7677 0.0260 0.0804 0.0160 
      H539.9  1 0.0058 0.0077 0.0052 0.0079 0.9356 0.0063 0.0157 0.0158 
      H540.1  1 0.0076 0.0249 0.0085 0.0140 0.9084 0.0083 0.0179 0.0104 
      H540.2  1 0.0080 0.0078 0.0097 0.0079 0.9480 0.0064 0.0048 0.0074 
      H540.3  1 0.0651 0.0289 0.0615 0.0549 0.5168 0.0431 0.2205 0.0093 
      H540.4  1 0.0190 0.0362 0.0223 0.0305 0.8659 0.0107 0.0079 0.0076 
      H540.5  1 0.0088 0.0148 0.0154 0.0108 0.9037 0.0124 0.0234 0.0108 
      H540.6  1 0.0107 0.0226 0.0251 0.0123 0.8730 0.0258 0.0106 0.0199 
      H540.7  1 0.0128 0.0166 0.0212 0.0245 0.8852 0.0103 0.0068 0.0227 
      H540.8  1 0.0118 0.0387 0.1085 0.0457 0.7679 0.0082 0.0090 0.0102 
     H9558.1  1 0.0083 0.0085 0.0072 0.0066 0.9480 0.0078 0.0069 0.0067 
     H9558.2  1 0.0090 0.0088 0.0080 0.0065 0.9333 0.0091 0.0127 0.0125 
     H9558.3  1 0.0109 0.0060 0.0087 0.0092 0.9292 0.0066 0.0126 0.0167 
     H9558.4  1 0.0070 0.0201 0.0125 0.0135 0.9217 0.0079 0.0081 0.0092 
     H9558.5  1 0.0181 0.0224 0.0131 0.0262 0.8751 0.0150 0.0227 0.0075 
     H9558.6  1 0.0309 0.0090 0.0172 0.0316 0.7453 0.0210 0.0147 0.1303 
    kos339.1  1 0.0085 0.0239 0.9156 0.0101 0.0072 0.0088 0.0075 0.0185 
    kos339.2  1 0.0263 0.0139 0.8775 0.0133 0.0091 0.0098 0.0190 0.0310 
    kos339.3  1 0.0083 0.0160 0.9278 0.0144 0.0093 0.0066 0.0072 0.0104 
    kos339.4  1 0.0154 0.0080 0.9164 0.0177 0.0098 0.0079 0.0113 0.0136 
    kos339.5  1 0.0120 0.0123 0.9280 0.0125 0.0066 0.0079 0.0055 0.0151 
    kos339.6  1 0.0112 0.0077 0.9316 0.0114 0.0065 0.0063 0.0158 0.0095 
    kos339.7  1 0.0057 0.0106 0.9450 0.0081 0.0059 0.0052 0.0075 0.0121 
    kos339.8  1 0.0108 0.0077 0.9415 0.0103 0.0056 0.0082 0.0080 0.0078 
    kos339.9  1 0.0153 0.0122 0.9135 0.0127 0.0166 0.0065 0.0103 0.0128 
      H008.1  2 0.0183 0.0159 0.0079 0.0120 0.0210 0.0129 0.0078 0.9043 
      H008.2  2 0.0248 0.2054 0.0387 0.0379 0.2182 0.0429 0.1679 0.2642 
      H008.3  2 0.0417 0.2709 0.0342 0.0576 0.1270 0.1727 0.1194 0.1766 
      H008.4  2 0.0422 0.0106 0.0287 0.0079 0.0311 0.0173 0.0361 0.8261 
      H008.5  2 0.0220 0.0151 0.0111 0.0179 0.0205 0.0271 0.0211 0.8653 
      H008.6  2 0.0298 0.0468 0.0407 0.0157 0.0871 0.0161 0.1303 0.6334 
      H008.7  2 0.0819 0.0551 0.0522 0.0170 0.0427 0.0681 0.0846 0.5985 
      H008.8  2 0.0307 0.1205 0.0359 0.0153 0.4839 0.0187 0.0197 0.2754 
      H008.9  2 0.0272 0.0582 0.0538 0.0237 0.1363 0.0280 0.6162 0.0566 
 H029.1_2002  2 0.0183 0.0101 0.0126 0.0078 0.0230 0.0246 0.0142 0.8892 
 H029.1_2003  2 0.0255 0.0505 0.0395 0.0129 0.0246 0.0528 0.0363 0.7580 
 H029.2_2002  2 0.0078 0.0140 0.0753 0.0089 0.0080 0.0610 0.0418 0.7832 
 H029.2_2003  2 0.0087 0.0800 0.0623 0.0170 0.0214 0.0488 0.0942 0.6676 
 H029.3_2002  2 0.0090 0.0563 0.0339 0.0181 0.0133 0.1941 0.3140 0.3612 
 H029.3_2003  2 0.0133 0.0170 0.0122 0.0088 0.0068 0.0348 0.0070 0.9001 
 H029.4_2002  2 0.0144 0.0125 0.0058 0.0074 0.0061 0.0215 0.0159 0.9164 
 H029.4_2003  2 0.0311 0.0564 0.0148 0.0172 0.0309 0.0771 0.0222 0.7503 
 H029.5_2002  2 0.0129 0.0067 0.0084 0.0083 0.0064 0.0212 0.0075 0.9287 
 H029.5_2003  2 0.0116 0.0209 0.0096 0.0081 0.0111 0.0113 0.0170 0.9103 
 H029.6_2002  2 0.0134 0.0124 0.0074 0.0077 0.0065 0.2623 0.0400 0.6501 
 H029.6_2003  2 0.0331 0.0874 0.0641 0.0190 0.0187 0.0243 0.0209 0.7326 
      H029.7  2 0.0057 0.0102 0.0232 0.0080 0.0104 0.0286 0.0563 0.8576 
      H030.1  2 0.0124 0.0169 0.0224 0.7848 0.0100 0.1093 0.0058 0.0384 
      H030.2  2 0.1216 0.0107 0.0167 0.5300 0.0133 0.0920 0.0953 0.1203 
      H038.1  2 0.0072 0.0066 0.0068 0.0083 0.0119 0.0117 0.0362 0.9113 
      H038.2  2 0.0086 0.0077 0.0143 0.0110 0.0059 0.0075 0.0069 0.9380 
      H038.3  2 0.0144 0.0116 0.0159 0.0417 0.0104 0.0092 0.0337 0.8632 
      H038.4  2 0.0155 0.0077 0.0123 0.0154 0.0088 0.0099 0.0323 0.8982 
      H038.5  2 0.0117 0.0191 0.0102 0.0337 0.0088 0.0170 0.0312 0.8683 
      H038.6  2 0.0054 0.0111 0.0087 0.0069 0.0079 0.0108 0.0095 0.9397 
      H038.7  2 0.0061 0.0086 0.0102 0.0142 0.0090 0.0069 0.0081 0.9368 
      H038.8  2 0.0143 0.0077 0.0112 0.0561 0.0086 0.0084 0.1050 0.7886 
      H041.1  2 0.2883 0.0135 0.0164 0.0362 0.0156 0.1903 0.0470 0.3928 
      H041.2  2 0.4923 0.0104 0.0244 0.0072 0.0087 0.0422 0.0196 0.3952 
      H041.4  2 0.0574 0.0157 0.0186 0.0154 0.0251 0.0578 0.0474 0.7625 
      H041.6  2 0.1039 0.0101 0.0219 0.0152 0.0654 0.0642 0.0262 0.6931 
 H042.1_2002  2 0.1005 0.0283 0.0382 0.0275 0.0926 0.6635 0.0290 0.0203 
 H042.1_2003  2 0.2177 0.0743 0.1427 0.0677 0.0759 0.0334 0.1888 0.1996 
 H042.2_2002  2 0.1175 0.0680 0.0209 0.0137 0.0217 0.1795 0.0433 0.5353 
 H042.2_2003  2 0.5287 0.0168 0.0839 0.0163 0.0471 0.0342 0.0078 0.2653 
 H042.3_2002  2 0.3398 0.0880 0.0194 0.0279 0.0835 0.3568 0.0595 0.0250 
 H042.3_2003  2 0.4677 0.0989 0.0139 0.0524 0.0674 0.0906 0.0858 0.1232 
 H042.4_2002  2 0.1088 0.0207 0.0342 0.0220 0.0256 0.7222 0.0252 0.0415 
 H042.4_2003  2 0.0288 0.0077 0.0255 0.0174 0.0443 0.8027 0.0081 0.0656 
      H042.5  2 0.0114 0.0121 0.0145 0.0114 0.0186 0.9182 0.0048 0.0091 
      H042.6  2 0.0099 0.0167 0.0157 0.0140 0.0536 0.8506 0.0094 0.0301 
      H042.7  2 0.4888 0.0187 0.0238 0.0304 0.0335 0.3507 0.0147 0.0395 
      H042.8  2 0.2461 0.0165 0.0139 0.0108 0.0367 0.5585 0.0404 0.0770 
   H042_2002  2 0.0685 0.0263 0.0251 0.0221 0.6578 0.0188 0.0261 0.1552 
   H042_2003  2 0.0631 0.0229 0.0245 0.0159 0.6864 0.0241 0.0303 0.1327 
      H043.1  2 0.0117 0.0352 0.0235 0.1423 0.5904 0.0223 0.1229 0.0516 
      H043.2  2 0.0101 0.0238 0.0208 0.0083 0.7290 0.0105 0.1241 0.0733 
      H043.3  2 0.0156 0.0222 0.0304 0.0181 0.2154 0.0115 0.0283 0.6586 
      H043.4  2 0.0088 0.0105 0.0357 0.0239 0.7727 0.0099 0.0630 0.0754 
      H043.5  2 0.0347 0.0383 0.0223 0.0172 0.2412 0.0129 0.3317 0.3017 
      H043.6  2 0.0259 0.0268 0.0263 0.0153 0.2618 0.0143 0.2157 0.4140 
      H043.7  2 0.0142 0.0087 0.0156 0.0162 0.8764 0.0066 0.0258 0.0366 
      H043.8  2 0.0332 0.1288 0.0992 0.0852 0.4905 0.0184 0.0465 0.0983 
      H043.9  2 0.0111 0.0382 0.0328 0.0716 0.5989 0.0226 0.0445 0.1804 
      H047.1  2 0.0109 0.0104 0.0665 0.0323 0.1284 0.0064 0.0107 0.7344 
      H047.2  2 0.0223 0.0350 0.1454 0.0284 0.0197 0.0412 0.0076 0.7003 
      H047.3  2 0.1143 0.0438 0.0787 0.0292 0.0361 0.0364 0.0081 0.6535 
      H047.4  2 0.0421 0.0144 0.0685 0.0177 0.0226 0.0192 0.0064 0.8091 
      H047.5  2 0.1168 0.0178 0.0487 0.0397 0.0632 0.0102 0.0053 0.6983 
      H047.6  2 0.1115 0.0255 0.2589 0.0589 0.0629 0.0345 0.0239 0.4239 
      H047.7  2 0.0264 0.0085 0.0831 0.0328 0.0676 0.0108 0.0118 0.7590 
      H047.8  2 0.0872 0.0378 0.2456 0.0440 0.1166 0.0291 0.0142 0.4257 
      H047.9  2 0.0336 0.0102 0.1586 0.0244 0.0492 0.0120 0.0063 0.7056 
 H071.1_2002  2 0.0078 0.0083 0.0136 0.0092 0.0191 0.0078 0.0060 0.9282 
 H071.1_2003  2 0.0165 0.0090 0.0299 0.0288 0.1069 0.0099 0.0139 0.7850 
     H071.10  2 0.0102 0.0103 0.0066 0.0213 0.0071 0.0111 0.0119 0.9215 
 H071.2_2002  2 0.0090 0.0125 0.0111 0.0063 0.0134 0.0068 0.0108 0.9302 
 H071.2_2003  2 0.0063 0.0057 0.0069 0.0053 0.0067 0.0070 0.0038 0.9583 
      H071.3  2 0.0154 0.0087 0.0081 0.0197 0.0071 0.0090 0.0109 0.9210 
 H071.4_2002  2 0.0095 0.0233 0.0112 0.0266 0.0114 0.0121 0.0173 0.8885 
 H071.4_2003  2 0.0055 0.0089 0.0051 0.0089 0.0066 0.0057 0.0050 0.9544 
 H071.5_2002  2 0.0056 0.0065 0.0059 0.0088 0.0077 0.0067 0.0052 0.9536 
 H071.5_2003  2 0.0096 0.0141 0.0078 0.0208 0.0112 0.0062 0.0061 0.9243 
 H071.6_2002  2 0.0067 0.0176 0.0064 0.0100 0.0072 0.0065 0.0061 0.9395 
 H071.6_2003  2 0.0054 0.0088 0.0072 0.0194 0.0077 0.0057 0.0045 0.9412 
 H071.7_2002  2 0.0058 0.0054 0.0060 0.0052 0.0102 0.0042 0.0058 0.9574 
 H071.7_2003  2 0.0080 0.0094 0.0120 0.0243 0.0138 0.0073 0.0081 0.9172 
      H071.8  2 0.0078 0.0094 0.0088 0.0057 0.0137 0.0065 0.0094 0.9389 
      H071.9  2 0.0349 0.0325 0.0092 0.0364 0.0222 0.0210 0.0222 0.8216 
 H081.1_2002  2 0.0077 0.0057 0.0067 0.0054 0.0091 0.0065 0.0053 0.9536 
 H081.1_2003  2 0.0332 0.0476 0.0971 0.0618 0.0752 0.1445 0.3882 0.1524 
 H081.2_2002  2 0.0073 0.0052 0.0077 0.0068 0.0194 0.0084 0.0060 0.9393 
 H081.2_2003  2 0.0152 0.0270 0.0113 0.6687 0.1467 0.0596 0.0206 0.0508 
 H081.3_2002  2 0.0081 0.0061 0.0102 0.0134 0.0116 0.0116 0.0098 0.9292 
 H081.3_2003  2 0.0187 0.0882 0.0435 0.2598 0.4799 0.0387 0.0419 0.0293 
 H081.4_2002  2 0.0076 0.0091 0.0113 0.0099 0.0087 0.0067 0.0048 0.9419 
 H081.4_2003  2 0.0347 0.0820 0.0760 0.2113 0.2973 0.1862 0.0512 0.0613 
 H081.5_2002  2 0.0078 0.0062 0.0104 0.0113 0.0126 0.0074 0.0081 0.9363 
 H081.5_2003  2 0.0753 0.0448 0.1180 0.0916 0.3408 0.1060 0.0533 0.1703 
      H081.6  2 0.0077 0.0092 0.0081 0.0088 0.0129 0.0080 0.0067 0.9386 
      H081.7  2 0.0103 0.0075 0.0083 0.0121 0.0174 0.0101 0.0093 0.9250 
      H081.8  2 0.0165 0.0167 0.0107 0.0254 0.0153 0.0228 0.0425 0.8501 
      H083.1  2 0.0060 0.0100 0.0113 0.0087 0.0084 0.0297 0.0084 0.9174 
      H083.2  2 0.0072 0.0134 0.0101 0.0136 0.0175 0.0247 0.0081 0.9054 
      H083.4  2 0.0097 0.0162 0.0068 0.0109 0.0080 0.0284 0.0221 0.8979 
      H083.5  2 0.0089 0.0084 0.0144 0.0081 0.0092 0.0371 0.0231 0.8907 
      H083.6  2 0.0124 0.0253 0.0113 0.0094 0.0071 0.0307 0.0182 0.8857 
      H083.7  2 0.0146 0.0192 0.0099 0.0146 0.0126 0.0468 0.0213 0.8610 
      H083.8  2 0.0092 0.0108 0.0161 0.0114 0.0148 0.0180 0.0088 0.9110 
      H083.9  2 0.0086 0.0076 0.0106 0.0067 0.0088 0.0504 0.0114 0.8959 
      H084.1  2 0.0192 0.0189 0.0130 0.8062 0.0120 0.0301 0.0856 0.0148 
      H084.2  2 0.0085 0.0314 0.0135 0.7489 0.0139 0.0523 0.1121 0.0195 
      H084.3  2 0.2124 0.0230 0.0853 0.2368 0.0095 0.0610 0.3598 0.0122 
      H084.4  2 0.1677 0.0373 0.0598 0.2704 0.0146 0.0626 0.3634 0.0240 
      H084.5  2 0.1324 0.0172 0.0272 0.7474 0.0126 0.0125 0.0380 0.0127 
      H084.6  2 0.0917 0.0164 0.0455 0.5535 0.0122 0.0261 0.2441 0.0107 
      H084.7  2 0.0132 0.0337 0.0099 0.8515 0.0130 0.0358 0.0247 0.0182 
      H084.8  2 0.1058 0.0108 0.0214 0.6939 0.0104 0.0133 0.1352 0.0092 
 H085.1_2002  2 0.0144 0.0101 0.0142 0.0146 0.2362 0.3307 0.0502 0.3295 
 H085.1_2003  2 0.0330 0.0207 0.0078 0.0400 0.0159 0.3491 0.0226 0.5110 
 H085.2_2002  2 0.0352 0.0216 0.0181 0.0247 0.1175 0.2747 0.4702 0.0379 
 H085.2_2003  2 0.0218 0.0274 0.0143 0.0275 0.0158 0.1670 0.0211 0.7051 
 H085.3_2002  2 0.0527 0.0106 0.0183 0.0478 0.4540 0.3212 0.0179 0.0775 
 H085.3_2003  2 0.0340 0.0129 0.0073 0.0577 0.0284 0.0290 0.0080 0.8226 
 H085.4_2002  2 0.0237 0.0190 0.0158 0.0210 0.3132 0.1468 0.1975 0.2630 
 H085.4_2003  2 0.0509 0.0092 0.0157 0.0183 0.0151 0.0268 0.0077 0.8562 
 H085.5_2002  2 0.0324 0.0084 0.0101 0.0278 0.7534 0.0599 0.0150 0.0928 
 H085.5_2003  2 0.0102 0.0228 0.0092 0.0229 0.0121 0.0949 0.0137 0.8142 
 H085.6_2002  2 0.0219 0.0125 0.0285 0.0358 0.2411 0.5143 0.0468 0.0991 
 H085.6_2003  2 0.2955 0.0184 0.0361 0.1158 0.1003 0.0373 0.0118 0.3848 
 H085.7_2002  2 0.0259 0.0160 0.0413 0.0411 0.2647 0.4214 0.0510 0.1386 
 H085.7_2003  2 0.0634 0.0127 0.0088 0.0282 0.0169 0.0408 0.0120 0.8172 
 H085.8_2002  2 0.1064 0.0175 0.0219 0.1183 0.4389 0.0763 0.1179 0.1028 
 H085.8_2003  2 0.0575 0.0170 0.0210 0.0319 0.0224 0.6047 0.0150 0.2305 
      H085.9  2 0.0317 0.0107 0.0188 0.0195 0.3515 0.1340 0.0982 0.3356 
      H088.1  2 0.0155 0.0348 0.0179 0.0182 0.0267 0.8609 0.0119 0.0140 
      H088.2  2 0.0124 0.0167 0.0308 0.0148 0.0152 0.8900 0.0089 0.0112 
      H088.3  2 0.0124 0.0126 0.0199 0.0119 0.0134 0.9130 0.0067 0.0101 
      H088.4  2 0.0293 0.0372 0.0178 0.0263 0.0177 0.8220 0.0087 0.0408 
      H088.5  2 0.0117 0.0109 0.0097 0.0119 0.0122 0.9282 0.0055 0.0099 
      H088.6  2 0.0320 0.0235 0.0155 0.0182 0.0091 0.8693 0.0091 0.0234 
      H088.7  2 0.0393 0.0264 0.0406 0.0256 0.0130 0.5992 0.0097 0.2463 
      H088.8  2 0.0585 0.0751 0.0360 0.0447 0.0175 0.4915 0.0147 0.2621 
      H091.1  2 0.0274 0.0107 0.0110 0.0225 0.0121 0.8938 0.0068 0.0157 
      H091.2  2 0.0582 0.0185 0.0201 0.0113 0.0124 0.8289 0.0074 0.0430 
      H109.1  2 0.1292 0.1592 0.0201 0.4536 0.1002 0.0517 0.0481 0.0378 
      H109.2  2 0.0515 0.0319 0.0140 0.7408 0.0390 0.0269 0.0129 0.0831 
      H109.3  2 0.0782 0.1433 0.1803 0.3722 0.0178 0.0262 0.0311 0.1509 
      H109.4  2 0.0942 0.1722 0.0143 0.5329 0.0736 0.0185 0.0496 0.0448 
      H109.5  2 0.2944 0.0369 0.0740 0.0553 0.0171 0.0274 0.0068 0.4881 
      H109.6  2 0.0614 0.0664 0.0518 0.6699 0.0464 0.0169 0.0266 0.0604 
      H126.1  2 0.0468 0.0795 0.0321 0.0109 0.7804 0.0171 0.0134 0.0198 
      H126.2  2 0.0120 0.0211 0.0209 0.0214 0.2312 0.0160 0.0401 0.6372 
      H126.3  2 0.0607 0.0543 0.0191 0.0056 0.0570 0.0150 0.0219 0.7664 
      H126.4  2 0.0239 0.0762 0.0190 0.0157 0.7653 0.0152 0.0259 0.0588 
      H126.5  2 0.0195 0.0534 0.0699 0.0137 0.6104 0.0110 0.0074 0.2147 
      H126.6  2 0.0105 0.0136 0.0307 0.0059 0.0404 0.0156 0.0068 0.8765 
      H126.7  2 0.0066 0.0159 0.0059 0.0080 0.0180 0.0111 0.0051 0.9294 
      H130.1  2 0.0216 0.1020 0.0955 0.0916 0.5359 0.1259 0.0102 0.0172 
      H130.2  2 0.0205 0.0775 0.0186 0.6553 0.0344 0.1188 0.0158 0.0592 
      H130.3  2 0.0074 0.7002 0.0486 0.1231 0.0178 0.0551 0.0072 0.0407 
      H130.4  2 0.0179 0.2660 0.0634 0.1475 0.3380 0.1027 0.0501 0.0145 
      H130.5  2 0.0250 0.0377 0.0295 0.3729 0.1262 0.3202 0.0127 0.0758 
      H133.1  2 0.0454 0.2574 0.0855 0.1454 0.0570 0.1070 0.1790 0.1233 
      H133.2  2 0.0291 0.0681 0.2457 0.0944 0.4847 0.0300 0.0121 0.0360 
      H133.3  2 0.0631 0.0701 0.1031 0.1870 0.0343 0.1130 0.1940 0.2353 
      H133.4  2 0.0570 0.2321 0.3017 0.1566 0.0991 0.0308 0.0738 0.0490 
      H133.5  2 0.0065 0.7637 0.0344 0.0437 0.0696 0.0370 0.0309 0.0142 
      H133.6  2 0.0152 0.1326 0.0391 0.1135 0.4512 0.2070 0.0126 0.0290 
      H133.7  2 0.3815 0.0240 0.1721 0.1707 0.0552 0.0363 0.1166 0.0435 
      H133.8  2 0.0809 0.2770 0.0480 0.0728 0.1290 0.0744 0.2537 0.0641 
      H133.9  2 0.0291 0.4168 0.0406 0.1495 0.0529 0.0801 0.1741 0.0569 
      H147.1  2 0.3181 0.0073 0.0163 0.0294 0.0385 0.0554 0.0398 0.4952 
      H147.2  2 0.0112 0.0060 0.0075 0.0082 0.0157 0.0100 0.0070 0.9344 
      H147.3  2 0.0106 0.0089 0.0100 0.0144 0.0215 0.0078 0.0105 0.9164 
      H147.4  2 0.0142 0.0068 0.0078 0.0193 0.0118 0.0134 0.0716 0.8550 
      H147.5  2 0.0349 0.0263 0.0237 0.0493 0.0352 0.0750 0.0107 0.7450 
      H147.6  2 0.0481 0.0242 0.0262 0.0923 0.0320 0.0994 0.0156 0.6621 
      H147.7  2 0.0341 0.0057 0.0125 0.0290 0.0106 0.0123 0.0488 0.8470 
      H147.8  2 0.0278 0.0090 0.0078 0.0165 0.0048 0.0723 0.0264 0.8354 
      H147.9  2 0.0113 0.0061 0.0084 0.0112 0.0166 0.0073 0.0077 0.9315 
      H148.1  2 0.4435 0.0831 0.0243 0.1216 0.1413 0.0785 0.0838 0.0239 
      H148.2  2 0.7353 0.0367 0.0146 0.0363 0.0744 0.0189 0.0660 0.0178 
      H148.3  2 0.7010 0.0091 0.0817 0.0175 0.0195 0.0190 0.1185 0.0337 
      H148.4  2 0.6691 0.0661 0.0653 0.0186 0.0691 0.0192 0.0672 0.0254 
      H148.5  2 0.7349 0.0267 0.0431 0.0347 0.0248 0.0253 0.0931 0.0175 
      H148.6  2 0.6794 0.0183 0.0274 0.0250 0.0295 0.0461 0.1597 0.0145 
      H148.7  2 0.7504 0.1195 0.0103 0.0346 0.0190 0.0168 0.0374 0.0120 
      H148.8  2 0.8592 0.0152 0.0329 0.0092 0.0306 0.0134 0.0301 0.0094 
      H148.9  2 0.4906 0.0503 0.0268 0.0502 0.1109 0.0237 0.2345 0.0130 
   H166022.1  2 0.0273 0.0066 0.0076 0.0128 0.0071 0.9142 0.0121 0.0124 
   H166022.2  2 0.0248 0.0253 0.0399 0.0417 0.0152 0.7863 0.0218 0.0451 
   H166022.3  2 0.0095 0.0171 0.0088 0.0119 0.0049 0.9347 0.0065 0.0066 
   H166022.4  2 0.0089 0.0224 0.0098 0.0170 0.0057 0.9221 0.0068 0.0073 
   H166022.5  2 0.0140 0.0131 0.0129 0.0290 0.0071 0.9017 0.0093 0.0130 
   H166022.6  2 0.0149 0.0088 0.0119 0.0229 0.0153 0.8995 0.0144 0.0123 
   H166022.7  2 0.0071 0.9193 0.0072 0.0147 0.0157 0.0066 0.0171 0.0123 
   H166022.8  2 0.0375 0.0166 0.0729 0.0683 0.0302 0.7404 0.0113 0.0227 
   H167397.1  2 0.0907 0.0144 0.0446 0.0170 0.0166 0.0473 0.6946 0.0748 
   H167397.2  2 0.0391 0.0188 0.0386 0.0084 0.0214 0.0204 0.8344 0.0189 
   H167397.3  2 0.0728 0.0110 0.0635 0.0092 0.0108 0.0197 0.7634 0.0496 
   H167397.4  2 0.0403 0.0098 0.0096 0.0093 0.0085 0.0136 0.8905 0.0184 
   H167397.5  2 0.0433 0.0231 0.0349 0.0354 0.0244 0.0292 0.7772 0.0326 
   H167397.6  2 0.2109 0.0127 0.0416 0.0086 0.0156 0.0214 0.6512 0.0380 
   H167496.1  2 0.0719 0.0583 0.2323 0.1574 0.0186 0.4243 0.0155 0.0218 
   H167496.2  2 0.1060 0.0687 0.1531 0.2329 0.0297 0.0451 0.0251 0.3394 
   H167496.3  2 0.0539 0.0324 0.0537 0.0605 0.1279 0.5897 0.0241 0.0579 
   H167496.4  2 0.0093 0.0115 0.0108 0.0092 0.0096 0.9216 0.0077 0.0201 
   H167496.6  2 0.0184 0.0535 0.0237 0.0367 0.0178 0.7816 0.0075 0.0608 
   H167496.7  2 0.2434 0.0475 0.2720 0.2933 0.0281 0.0755 0.0104 0.0299 
   H167496.8  2 0.0254 0.0204 0.0214 0.0527 0.0151 0.7258 0.0086 0.1305 
   H167513.1  2 0.0629 0.0433 0.1880 0.5142 0.0642 0.0545 0.0345 0.0385 
   H167513.2  2 0.1532 0.0253 0.0529 0.5322 0.1395 0.0282 0.0498 0.0190 
   H167513.3  2 0.0216 0.0710 0.0212 0.8062 0.0194 0.0333 0.0153 0.0121 
   H167513.4  2 0.1022 0.0358 0.0197 0.4857 0.0210 0.3082 0.0118 0.0155 
   H167513.5  2 0.1304 0.0113 0.0432 0.4752 0.1611 0.0580 0.0826 0.0382 
   H167513.6  2 0.0233 0.0107 0.3556 0.4246 0.0626 0.0667 0.0257 0.0308 
   H167513.7  2 0.0137 0.0269 0.0179 0.7086 0.0334 0.1283 0.0367 0.0345 
   H167513.8  2 0.0064 0.0249 0.0239 0.8821 0.0137 0.0112 0.0266 0.0112 
   H167547.1  2 0.7207 0.0184 0.0961 0.0469 0.0493 0.0291 0.0295 0.0099 
   H167547.2  2 0.8547 0.0105 0.0207 0.0284 0.0159 0.0448 0.0160 0.0090 
   H167547.3  2 0.8773 0.0081 0.0187 0.0319 0.0122 0.0275 0.0154 0.0088 
   H167547.4  2 0.1142 0.0317 0.0269 0.0381 0.0896 0.5843 0.1036 0.0116 
   H167547.5  2 0.8583 0.0097 0.0088 0.0163 0.0138 0.0709 0.0121 0.0101 
   H167547.6  2 0.8451 0.0124 0.0088 0.0264 0.0187 0.0612 0.0153 0.0121 
   H167547.7  2 0.0755 0.0411 0.4750 0.1165 0.1773 0.0400 0.0368 0.0377 
   H169750.1  2 0.0175 0.3334 0.0871 0.3106 0.0523 0.1371 0.0251 0.0369 
   H169750.2  2 0.2655 0.1030 0.0686 0.1798 0.1064 0.0241 0.0545 0.1980 
   H169750.3  2 0.0196 0.2162 0.0628 0.5090 0.0669 0.0482 0.0066 0.0708 
   H169750.4  2 0.0510 0.2638 0.4260 0.0389 0.0646 0.0277 0.0747 0.0532 
   H169750.5  2 0.0418 0.3450 0.0639 0.2180 0.0506 0.1316 0.0294 0.1198 
   H169750.6  2 0.0274 0.1549 0.0086 0.1432 0.0767 0.0426 0.0139 0.5328 
   H169750.7  2 0.0412 0.3079 0.1873 0.1601 0.1016 0.0335 0.0391 0.1292 
   H171929.1  2 0.0793 0.0127 0.0529 0.0368 0.1113 0.0281 0.6443 0.0345 
  H171929.10  2 0.1557 0.0132 0.1127 0.2117 0.0589 0.2449 0.0860 0.1169 
  H171929.11  2 0.0857 0.0167 0.1472 0.1652 0.1880 0.0407 0.3243 0.0321 
   H171929.2  2 0.1130 0.0237 0.0252 0.6757 0.1020 0.0286 0.0181 0.0137 
   H171929.3  2 0.2119 0.0189 0.0436 0.4303 0.0780 0.0534 0.1332 0.0308 
   H171929.4  2 0.0417 0.0413 0.0983 0.2592 0.1581 0.3336 0.0109 0.0568 
   H171929.5  2 0.1358 0.0339 0.0604 0.6477 0.0253 0.0262 0.0486 0.0221 
   H171929.6  2 0.0695 0.0240 0.0735 0.6758 0.0541 0.0190 0.0663 0.0179 
   H171929.7  2 0.0515 0.0455 0.0594 0.2167 0.4753 0.0522 0.0473 0.0522 
   H171929.8  2 0.0279 0.0123 0.1200 0.2210 0.5114 0.0533 0.0274 0.0266 
   H171929.9  2 0.0190 0.0136 0.0543 0.2977 0.3195 0.2044 0.0088 0.0829 
   H171930.1  2 0.0240 0.0639 0.0218 0.8271 0.0121 0.0157 0.0203 0.0150 
   H171930.2  2 0.0533 0.0742 0.0129 0.7057 0.0293 0.0872 0.0162 0.0212 
   H171930.3  2 0.0291 0.0794 0.0139 0.8158 0.0115 0.0206 0.0170 0.0126 
   H171930.4  2 0.0877 0.1397 0.0138 0.6555 0.0087 0.0575 0.0236 0.0136 
   H171930.5  2 0.0197 0.0490 0.0170 0.7877 0.0564 0.0247 0.0175 0.0280 
   H171930.6  2 0.0727 0.0801 0.0180 0.7187 0.0128 0.0268 0.0119 0.0591 
   H171930.7  2 0.0199 0.0180 0.0123 0.8957 0.0174 0.0089 0.0154 0.0126 
   H171930.8  2 0.0291 0.0147 0.0292 0.8658 0.0142 0.0142 0.0160 0.0167 
   H171933.1  2 0.0229 0.0112 0.0087 0.0177 0.0076 0.8788 0.0452 0.0079 
   H171933.2  2 0.0242 0.0126 0.0121 0.0150 0.0139 0.8568 0.0507 0.0146 
   H171933.3  2 0.0191 0.0102 0.0102 0.0358 0.0241 0.8764 0.0177 0.0065 
   H171933.4  2 0.0119 0.0093 0.0547 0.3335 0.0192 0.5567 0.0057 0.0090 
   H171933.5  2 0.0299 0.0270 0.1648 0.4013 0.0632 0.2957 0.0091 0.0090 
   H171933.6  2 0.0094 0.0105 0.0063 0.0060 0.0086 0.9376 0.0058 0.0156 
   H171933.7  2 0.0574 0.0158 0.0201 0.0934 0.0686 0.6703 0.0562 0.0182 
   H171933.8  2 0.0414 0.0114 0.0446 0.3020 0.0505 0.4581 0.0684 0.0236 
   H171933.9  2 0.0118 0.0131 0.0114 0.0485 0.0137 0.8867 0.0060 0.0088 
      H190.1  2 0.0404 0.2470 0.0409 0.6054 0.0159 0.0265 0.0074 0.0165 
      H190.2  2 0.8596 0.0094 0.0250 0.0135 0.0322 0.0080 0.0063 0.0460 
      H190.3  2 0.6038 0.0343 0.0383 0.0339 0.2192 0.0288 0.0126 0.0291 
      H190.4  2 0.0254 0.0392 0.0175 0.7495 0.0235 0.1224 0.0116 0.0110 
      H190.5  2 0.8063 0.0195 0.0242 0.0295 0.0292 0.0259 0.0078 0.0577 
      H190.6  2 0.0278 0.0481 0.0172 0.7471 0.0318 0.1015 0.0105 0.0159 
      H190.7  2 0.0689 0.0179 0.1394 0.0639 0.6098 0.0633 0.0146 0.0222 
      H190.8  2 0.3283 0.0580 0.1019 0.2805 0.1049 0.0293 0.0085 0.0886 
      H190.9  2 0.5348 0.0180 0.0878 0.1727 0.1316 0.0213 0.0112 0.0225 
      H400.1  2 0.0116 0.0111 0.0105 0.0165 0.0129 0.9196 0.0070 0.0108 
      H400.2  2 0.0122 0.0086 0.0057 0.0136 0.0098 0.9267 0.0082 0.0152 
      H400.3  2 0.0142 0.0212 0.0144 0.0209 0.0164 0.8898 0.0123 0.0109 
      H400.4  2 0.0156 0.0121 0.0142 0.0202 0.0086 0.8973 0.0049 0.0270 
      H400.5  2 0.0123 0.0109 0.0146 0.0260 0.0097 0.9074 0.0092 0.0099 
      H400.6  2 0.0093 0.0071 0.0095 0.0102 0.0143 0.9341 0.0048 0.0106 
      H400.7  2 0.0137 0.0102 0.0137 0.0224 0.0115 0.9151 0.0067 0.0068 
 H428.1_2005  2 0.0103 0.0170 0.0084 0.0062 0.0104 0.9283 0.0099 0.0096 
 H428.1_2006  2 0.0113 0.0111 0.0210 0.0083 0.0077 0.9133 0.0127 0.0146 
 H428.2_2005  2 0.0136 0.0076 0.0081 0.0102 0.0059 0.9384 0.0096 0.0067 
 H428.2_2006  2 0.0079 0.0118 0.0083 0.0138 0.0093 0.8938 0.0210 0.0342 
 H428.3_2005  2 0.0063 0.0132 0.0090 0.0117 0.0053 0.9397 0.0061 0.0087 
 H428.3_2006  2 0.0116 0.0121 0.0094 0.0179 0.0134 0.8756 0.0226 0.0374 
 H428.4_2005  2 0.0076 0.0128 0.0114 0.0095 0.0049 0.9336 0.0115 0.0088 
 H428.4_2006  2 0.0056 0.0077 0.0083 0.0056 0.0064 0.9421 0.0146 0.0097 
 H428.5_2005  2 0.0069 0.0065 0.0061 0.0102 0.0093 0.9189 0.0262 0.0160 
 H428.6_2005  2 0.0078 0.0184 0.0167 0.0099 0.0092 0.9197 0.0095 0.0089 
 H428.6_2006  2 0.0073 0.0510 0.0102 0.0116 0.0113 0.8495 0.0396 0.0195 
      H428.7  2 0.0057 0.0108 0.0040 0.0054 0.0093 0.9493 0.0059 0.0095 
      H428.8  2 0.0073 0.0157 0.0057 0.0173 0.0087 0.9083 0.0172 0.0199 
      H428.9  2 0.0078 0.0072 0.0057 0.0084 0.0082 0.9318 0.0196 0.0113 
      H453.1  2 0.0092 0.0165 0.0139 0.0148 0.0098 0.8837 0.0083 0.0438 
      H453.2  2 0.0094 0.0223 0.0113 0.0186 0.0128 0.9064 0.0058 0.0134 
      H453.3  2 0.0082 0.0106 0.0165 0.0183 0.0162 0.9181 0.0047 0.0075 
      H453.4  2 0.0100 0.0123 0.0106 0.0179 0.0133 0.9166 0.0053 0.0139 
      H453.5  2 0.0083 0.0187 0.0089 0.0164 0.0076 0.8913 0.0066 0.0422 
      H453.6  2 0.0055 0.0107 0.0065 0.0089 0.0055 0.9280 0.0060 0.0289 
      H453.7  2 0.0345 0.0264 0.0511 0.1838 0.1543 0.2233 0.0098 0.3169 
      H453.8  2 0.0392 0.0244 0.0514 0.1819 0.0653 0.4099 0.0118 0.2163 
      H453.9  2 0.0093 0.0558 0.0173 0.0850 0.0419 0.3472 0.0115 0.4321 
      H512.1  2 0.0151 0.1842 0.0113 0.0589 0.0141 0.6860 0.0068 0.0236 
     H512.10  2 0.0507 0.4725 0.0345 0.0889 0.0112 0.1383 0.1222 0.0816 
      H512.2  2 0.1983 0.4307 0.0415 0.0469 0.0303 0.2026 0.0293 0.0204 
      H512.3  2 0.0277 0.8404 0.0244 0.0232 0.0066 0.0277 0.0393 0.0108 
      H512.4  2 0.0986 0.0878 0.0523 0.3249 0.0219 0.2539 0.0413 0.1194 
      H512.5  2 0.0144 0.8590 0.0590 0.0112 0.0066 0.0168 0.0224 0.0106 
      H512.6  2 0.0385 0.6429 0.1056 0.0991 0.0214 0.0673 0.0122 0.0130 
      H512.7  2 0.0160 0.9100 0.0108 0.0081 0.0068 0.0241 0.0078 0.0165 
      H512.8  2 0.4254 0.3867 0.0263 0.0568 0.0173 0.0486 0.0196 0.0193 
      H512.9  2 0.0129 0.8551 0.0228 0.0115 0.0111 0.0545 0.0134 0.0188 
      H513.1  2 0.0072 0.0065 0.0061 0.0102 0.0070 0.9378 0.0145 0.0106 
      H513.2  2 0.0109 0.0063 0.0065 0.0110 0.0094 0.9266 0.0131 0.0161 
      H513.3  2 0.0076 0.0103 0.0069 0.0129 0.0062 0.9410 0.0071 0.0081 
      H513.4  2 0.0179 0.0100 0.0105 0.0250 0.0082 0.8914 0.0058 0.0313 
      H513.5  2 0.0092 0.0426 0.0100 0.0204 0.0090 0.8759 0.0224 0.0105 
      H513.6  2 0.0264 0.0216 0.0139 0.1886 0.0334 0.1497 0.5439 0.0226 
      H532.1  2 0.0152 0.0492 0.0281 0.0101 0.0105 0.8151 0.0136 0.0581 
      H532.2  2 0.0236 0.0123 0.0191 0.0937 0.0212 0.7740 0.0149 0.0413 
      H532.3  2 0.0104 0.0227 0.0277 0.1994 0.0163 0.6595 0.0073 0.0567 
      H532.4  2 0.0135 0.0131 0.0533 0.0203 0.0352 0.4395 0.0208 0.4043 
      H532.5  2 0.0156 0.0319 0.0112 0.0084 0.0100 0.8908 0.0122 0.0198 
      H532.6  2 0.0137 0.0233 0.0346 0.0284 0.0192 0.7142 0.0122 0.1545 
      H532.7  2 0.0089 0.0177 0.0106 0.0161 0.0088 0.7657 0.0113 0.1609 
      H532.8  2 0.0160 0.0671 0.0163 0.0166 0.0138 0.7192 0.0187 0.1323 
      H543.1  2 0.0066 0.0053 0.0089 0.0064 0.0047 0.0124 0.9505 0.0052 
      H543.2  2 0.0240 0.0131 0.0092 0.0129 0.0092 0.0538 0.8678 0.0100 
      H543.3  2 0.0096 0.0082 0.0092 0.0052 0.0075 0.0179 0.9334 0.0090 
      H543.4  2 0.0080 0.0047 0.0079 0.0064 0.0057 0.0071 0.9555 0.0047 
      H543.5  2 0.0094 0.0058 0.0063 0.0082 0.0073 0.0072 0.9502 0.0056 
      H543.6  2 0.0061 0.0071 0.0094 0.0105 0.0128 0.0261 0.9221 0.0059 
      H543.7  2 0.0050 0.0043 0.0057 0.0042 0.0064 0.0051 0.9642 0.0051 
      H543.8  2 0.0096 0.0147 0.0075 0.0090 0.0120 0.0213 0.9000 0.0260 
      H543.9  2 0.0148 0.0146 0.0065 0.0072 0.0111 0.0151 0.9229 0.0078 
 H545.1_2005  2 0.0036 0.0052 0.0045 0.0046 0.0057 0.0044 0.9675 0.0044 
 H545.1_2006  2 0.0097 0.0078 0.0071 0.0056 0.0073 0.0071 0.9470 0.0085 
 H545.2_2005  2 0.0075 0.0130 0.0049 0.0094 0.0114 0.0069 0.9385 0.0084 
 H545.2_2006  2 0.0051 0.0060 0.0043 0.0052 0.0064 0.0070 0.9599 0.0061 
 H545.3_2005  2 0.0103 0.0143 0.0087 0.0084 0.0120 0.0067 0.9337 0.0060 
 H545.3_2006  2 0.0057 0.0080 0.0046 0.0072 0.0080 0.0061 0.9507 0.0096 
 H545.4_2005  2 0.0108 0.0066 0.0089 0.0069 0.0109 0.0053 0.9439 0.0067 
 H545.4_2006  2 0.0077 0.0072 0.0059 0.0067 0.0117 0.0057 0.9477 0.0074 
 H545.5_2005  2 0.0057 0.0124 0.0044 0.0077 0.0109 0.0129 0.9344 0.0117 
 H545.5_2006  2 0.0070 0.0090 0.0087 0.0068 0.0080 0.0084 0.9462 0.0059 
 H545.6_2005  2 0.0047 0.0058 0.0035 0.0054 0.0069 0.0051 0.9634 0.0052 
 H545.6_2006  2 0.0060 0.0076 0.0060 0.0075 0.0071 0.0055 0.9554 0.0050 
 H545.7_2005  2 0.0041 0.0105 0.0043 0.0076 0.0056 0.0069 0.9548 0.0063 
 H545.7_2006  2 0.0099 0.0091 0.0049 0.0076 0.0083 0.0091 0.9418 0.0094 
 H545.8_2005  2 0.0088 0.0109 0.0075 0.0086 0.0139 0.0125 0.9287 0.0090 
 H545.8_2006  2 0.0047 0.0082 0.0063 0.0061 0.0058 0.0060 0.9579 0.0050 
      H545.9  2 0.0052 0.0079 0.0068 0.0073 0.0074 0.0077 0.9513 0.0064 
      H547.1  2 0.0162 0.0143 0.0148 0.0106 0.0187 0.9082 0.0081 0.0091 
      H547.2  2 0.3496 0.0072 0.0138 0.0062 0.0150 0.5842 0.0090 0.0150 
      H547.3  2 0.0172 0.0234 0.0721 0.0722 0.0524 0.7419 0.0121 0.0087 
      H547.4  2 0.0684 0.0128 0.0308 0.0187 0.0422 0.7849 0.0108 0.0315 
      H547.5  2 0.2645 0.0080 0.0124 0.0133 0.0169 0.6721 0.0070 0.0059 
      H547.6  2 0.0336 0.0087 0.0128 0.0073 0.0192 0.8867 0.0218 0.0099 
      H547.7  2 0.0616 0.0247 0.0321 0.0281 0.0526 0.7548 0.0316 0.0146 
      H547.8  2 0.0124 0.0141 0.0125 0.0091 0.0213 0.9115 0.0128 0.0063 
      H548.1  2 0.0085 0.0096 0.0064 0.0051 0.0099 0.0074 0.9480 0.0051 
      H548.2  2 0.0067 0.0112 0.0108 0.0092 0.0072 0.0069 0.9397 0.0084 
      H548.3  2 0.0050 0.0083 0.0052 0.0056 0.0084 0.0055 0.9562 0.0059 
      H548.4  2 0.0197 0.0573 0.0209 0.0177 0.0427 0.0119 0.7957 0.0341 
      H548.5  2 0.0070 0.0057 0.0081 0.0071 0.0076 0.0069 0.9491 0.0086 
      H548.6  2 0.0067 0.0164 0.0120 0.0083 0.0088 0.0061 0.9340 0.0078 
      H548.7  2 0.0085 0.0080 0.0059 0.0054 0.0062 0.0064 0.9529 0.0067 
