      H105.1  1 0.0076 0.0062 0.0066 0.0125 0.0065 0.7626 0.0086 0.0152 0.0076 0.0076 0.0132 0.0091 0.0264 0.0095 0.0051 0.0127 0.0308 0.0521 
      H105.2  1 0.0095 0.0141 0.0083 0.0084 0.0264 0.6046 0.0134 0.0376 0.0157 0.0357 0.0662 0.0327 0.0101 0.0151 0.0268 0.0225 0.0283 0.0244 
      H105.3  1 0.0084 0.0082 0.0039 0.0096 0.0064 0.8273 0.0072 0.0139 0.0186 0.0150 0.0121 0.0066 0.0052 0.0080 0.0109 0.0210 0.0056 0.0119 
      H105.4  1 0.0105 0.0209 0.0100 0.0166 0.0293 0.5686 0.0067 0.0151 0.0849 0.0321 0.0177 0.0273 0.0087 0.0106 0.0313 0.0101 0.0131 0.0863 
      H105.5  1 0.0439 0.0437 0.0153 0.0290 0.0280 0.0659 0.0087 0.1739 0.0993 0.0275 0.0318 0.0531 0.0337 0.0083 0.0337 0.0502 0.0554 0.1985 
      H105.6  1 0.0169 0.0141 0.0048 0.0152 0.0068 0.8271 0.0048 0.0073 0.0189 0.0096 0.0059 0.0068 0.0040 0.0073 0.0142 0.0077 0.0052 0.0233 
      H105.7  1 0.0078 0.0097 0.0098 0.0061 0.0185 0.8331 0.0050 0.0096 0.0063 0.0050 0.0069 0.0045 0.0109 0.0157 0.0078 0.0065 0.0070 0.0298 
      H105.8  1 0.0068 0.0053 0.0035 0.0053 0.0052 0.8229 0.0093 0.0050 0.0107 0.0182 0.0144 0.0094 0.0052 0.0228 0.0062 0.0125 0.0188 0.0185 
      H115.1  1 0.7986 0.0102 0.0054 0.0282 0.0124 0.0104 0.0066 0.0082 0.0070 0.0199 0.0084 0.0111 0.0124 0.0156 0.0138 0.0157 0.0073 0.0087 
      H115.2  1 0.8662 0.0054 0.0050 0.0083 0.0054 0.0096 0.0102 0.0105 0.0043 0.0068 0.0053 0.0108 0.0081 0.0077 0.0154 0.0077 0.0087 0.0043 
      H115.3  1 0.7252 0.0039 0.0058 0.0178 0.0087 0.0113 0.0085 0.0440 0.0290 0.0068 0.0167 0.0304 0.0167 0.0064 0.0479 0.0045 0.0076 0.0090 
      H115.4  1 0.0850 0.0056 0.0070 0.0297 0.0076 0.0087 0.0069 0.1751 0.0091 0.0557 0.0336 0.3425 0.0615 0.0090 0.0077 0.1229 0.0133 0.0190 
      H115.5  1 0.4393 0.0244 0.0233 0.0716 0.0159 0.0252 0.0531 0.0219 0.0267 0.0198 0.1270 0.0284 0.0354 0.0292 0.0142 0.0164 0.0112 0.0170 
      H115.6  1 0.5450 0.0063 0.0102 0.0499 0.0139 0.0089 0.0125 0.1942 0.0137 0.0044 0.0163 0.0261 0.0200 0.0107 0.0375 0.0116 0.0094 0.0093 
      H115.7  1 0.5651 0.0118 0.0103 0.0236 0.0251 0.0092 0.0049 0.1706 0.0080 0.0116 0.0366 0.0249 0.0157 0.0069 0.0397 0.0150 0.0070 0.0139 
      H115.8  1 0.6990 0.0042 0.0065 0.0259 0.0111 0.0146 0.0503 0.0364 0.0073 0.0057 0.0213 0.0269 0.0175 0.0280 0.0160 0.0118 0.0084 0.0091 
      H115.9  1 0.8639 0.0072 0.0046 0.0111 0.0051 0.0051 0.0049 0.0044 0.0067 0.0081 0.0048 0.0056 0.0114 0.0174 0.0078 0.0107 0.0049 0.0163 
      H145.1  1 0.0117 0.0061 0.8443 0.0106 0.0040 0.0044 0.0289 0.0051 0.0125 0.0060 0.0033 0.0075 0.0048 0.0088 0.0166 0.0068 0.0050 0.0136 
      H145.2  1 0.0069 0.0078 0.8004 0.0113 0.0088 0.0090 0.0305 0.0099 0.0318 0.0080 0.0034 0.0120 0.0060 0.0092 0.0133 0.0059 0.0072 0.0186 
      H145.3  1 0.0054 0.0059 0.7954 0.0042 0.0072 0.0035 0.0665 0.0048 0.0121 0.0065 0.0139 0.0076 0.0054 0.0214 0.0182 0.0048 0.0045 0.0126 
      H145.4  1 0.0053 0.0064 0.9115 0.0076 0.0037 0.0048 0.0076 0.0043 0.0052 0.0052 0.0033 0.0044 0.0047 0.0048 0.0071 0.0036 0.0038 0.0067 
      H145.5  1 0.0054 0.0055 0.7085 0.0055 0.0050 0.0034 0.1773 0.0085 0.0070 0.0055 0.0088 0.0061 0.0048 0.0099 0.0216 0.0046 0.0057 0.0070 
      H145.6  1 0.0038 0.0052 0.8871 0.0047 0.0161 0.0061 0.0099 0.0059 0.0130 0.0066 0.0077 0.0053 0.0054 0.0044 0.0054 0.0039 0.0041 0.0054 
      H145.7  1 0.0036 0.0045 0.9043 0.0068 0.0046 0.0047 0.0044 0.0058 0.0049 0.0057 0.0084 0.0081 0.0069 0.0068 0.0078 0.0030 0.0038 0.0058 
      H149.1  1 0.0039 0.0042 0.0043 0.9346 0.0038 0.0033 0.0045 0.0036 0.0039 0.0038 0.0032 0.0034 0.0035 0.0046 0.0050 0.0037 0.0035 0.0033 
      H149.2  1 0.0043 0.0053 0.0361 0.8537 0.0057 0.0050 0.0039 0.0196 0.0063 0.0073 0.0034 0.0036 0.0191 0.0038 0.0098 0.0043 0.0032 0.0056 
      H149.3  1 0.0075 0.0129 0.0678 0.6918 0.0195 0.0164 0.0053 0.0348 0.0092 0.0257 0.0092 0.0050 0.0386 0.0093 0.0207 0.0054 0.0097 0.0110 
      H149.4  1 0.0038 0.0054 0.0063 0.8865 0.0059 0.0117 0.0083 0.0046 0.0058 0.0123 0.0043 0.0082 0.0072 0.0042 0.0064 0.0042 0.0097 0.0052 
      H149.5  1 0.0038 0.0097 0.1802 0.4727 0.0266 0.0203 0.0045 0.0226 0.0094 0.0520 0.0113 0.0115 0.1231 0.0089 0.0112 0.0062 0.0145 0.0117 
      H149.6  1 0.0035 0.0060 0.0333 0.8393 0.0138 0.0083 0.0044 0.0198 0.0062 0.0085 0.0049 0.0038 0.0199 0.0054 0.0056 0.0060 0.0046 0.0065 
      H149.7  1 0.0059 0.0636 0.0247 0.5478 0.0818 0.0282 0.0094 0.0164 0.0108 0.0554 0.0108 0.0167 0.0342 0.0190 0.0207 0.0104 0.0350 0.0091 
      H150.1  1 0.8851 0.0065 0.0057 0.0033 0.0047 0.0084 0.0068 0.0186 0.0053 0.0042 0.0056 0.0089 0.0056 0.0057 0.0111 0.0044 0.0053 0.0049 
      H150.2  1 0.7904 0.0056 0.0052 0.0131 0.0097 0.0126 0.0171 0.0327 0.0077 0.0070 0.0077 0.0452 0.0139 0.0056 0.0080 0.0094 0.0052 0.0039 
      H150.3  1 0.8363 0.0117 0.0093 0.0052 0.0110 0.0102 0.0092 0.0231 0.0055 0.0042 0.0113 0.0127 0.0067 0.0089 0.0111 0.0105 0.0058 0.0072 
      H150.4  1 0.8900 0.0076 0.0078 0.0040 0.0065 0.0054 0.0099 0.0096 0.0049 0.0031 0.0088 0.0066 0.0061 0.0068 0.0063 0.0062 0.0039 0.0065 
      H150.5  1 0.7256 0.0050 0.0093 0.0108 0.0147 0.0247 0.0055 0.0478 0.0094 0.0077 0.0114 0.0590 0.0174 0.0074 0.0218 0.0049 0.0105 0.0072 
      H150.6  1 0.2790 0.0050 0.0079 0.0100 0.0089 0.0743 0.0099 0.3464 0.0098 0.0121 0.0383 0.1080 0.0402 0.0043 0.0214 0.0082 0.0120 0.0040 
      H150.7  1 0.8953 0.0043 0.0052 0.0033 0.0039 0.0055 0.0064 0.0103 0.0061 0.0028 0.0052 0.0092 0.0035 0.0067 0.0163 0.0050 0.0052 0.0059 
   H169607.1  1 0.0643 0.0076 0.1366 0.0106 0.0367 0.0091 0.0296 0.0149 0.1210 0.1275 0.0290 0.0755 0.0248 0.0248 0.0980 0.1480 0.0249 0.0172 
   H169607.2  1 0.0587 0.0074 0.0744 0.0105 0.0113 0.0073 0.0040 0.0172 0.0271 0.0224 0.0114 0.0424 0.0155 0.0330 0.1263 0.0304 0.0312 0.4693 
   H169607.3  1 0.0229 0.0109 0.2510 0.0060 0.0695 0.0093 0.0130 0.0122 0.1046 0.1023 0.0255 0.0230 0.1039 0.0515 0.0693 0.0227 0.0196 0.0830 
   H169607.4  1 0.0123 0.0063 0.1424 0.0049 0.0113 0.0107 0.0063 0.0064 0.0454 0.0055 0.0061 0.0082 0.0072 0.0076 0.5003 0.0158 0.0312 0.1721 
   H169607.5  1 0.1522 0.0058 0.1037 0.0191 0.0104 0.0065 0.0090 0.0204 0.0378 0.0472 0.0085 0.1330 0.0870 0.0422 0.0953 0.0139 0.0107 0.1972 
   H169607.6  1 0.0254 0.0052 0.0542 0.0083 0.0091 0.0062 0.0042 0.0091 0.0174 0.0150 0.0089 0.0233 0.0121 0.0167 0.0705 0.0214 0.0361 0.6568 
   H169607.7  1 0.0371 0.0043 0.0300 0.0149 0.0115 0.0167 0.0059 0.0149 0.0239 0.0925 0.0169 0.2964 0.0148 0.0615 0.0352 0.0341 0.0559 0.2334 
   H169607.8  1 0.0133 0.0077 0.0530 0.0050 0.0123 0.0055 0.0045 0.0068 0.0719 0.0097 0.0095 0.0095 0.0072 0.0191 0.1912 0.0150 0.0422 0.5165 
   H169633.1  1 0.0151 0.0116 0.0302 0.7522 0.0116 0.0184 0.0213 0.0170 0.0056 0.0063 0.0322 0.0074 0.0120 0.0083 0.0125 0.0166 0.0145 0.0071 
   H169633.2  1 0.0049 0.0135 0.0195 0.6563 0.0556 0.0304 0.0148 0.0164 0.0047 0.0244 0.0208 0.0146 0.0044 0.0195 0.0075 0.0680 0.0201 0.0046 
   H169633.3  1 0.0094 0.0239 0.0160 0.8109 0.0068 0.0169 0.0069 0.0280 0.0050 0.0118 0.0086 0.0059 0.0101 0.0132 0.0061 0.0098 0.0056 0.0052 
   H169633.4  1 0.0120 0.0077 0.0110 0.8202 0.0038 0.0152 0.0174 0.0129 0.0072 0.0093 0.0152 0.0049 0.0140 0.0067 0.0177 0.0082 0.0081 0.0086 
   H169633.5  1 0.0124 0.0095 0.0098 0.8234 0.0045 0.0170 0.0195 0.0129 0.0071 0.0083 0.0153 0.0049 0.0156 0.0062 0.0135 0.0066 0.0064 0.0071 
   H169688.1  1 0.0278 0.0302 0.1775 0.0182 0.1544 0.0055 0.0055 0.0055 0.0056 0.1178 0.1912 0.1241 0.0068 0.0121 0.0261 0.0110 0.0163 0.0644 
   H169688.2  1 0.0289 0.0174 0.0365 0.0124 0.3153 0.0128 0.0181 0.0059 0.0086 0.0232 0.1060 0.2302 0.0080 0.0126 0.0066 0.0058 0.1334 0.0181 
   H169688.3  1 0.0396 0.0143 0.0619 0.0185 0.0880 0.0084 0.0071 0.0076 0.0038 0.0057 0.0330 0.5278 0.0113 0.0057 0.0089 0.0065 0.1415 0.0103 
   H169688.4  1 0.4272 0.0091 0.0261 0.0092 0.0310 0.0093 0.0113 0.0049 0.0090 0.0076 0.0368 0.3610 0.0067 0.0061 0.0073 0.0064 0.0188 0.0121 
   H169688.5  1 0.3948 0.0081 0.0283 0.0108 0.0281 0.0072 0.0187 0.0052 0.0086 0.0072 0.0265 0.3930 0.0085 0.0060 0.0083 0.0082 0.0222 0.0103 
   H169688.6  1 0.0489 0.0148 0.0934 0.0144 0.0985 0.0186 0.0461 0.0039 0.0088 0.1247 0.0689 0.3436 0.0109 0.0080 0.0064 0.0057 0.0547 0.0298 
   H169688.7  1 0.0407 0.0124 0.1385 0.0134 0.0135 0.0062 0.0088 0.0096 0.0064 0.0073 0.0311 0.5547 0.0121 0.0060 0.0095 0.0061 0.1149 0.0087 
   H171901.1  1 0.0392 0.0286 0.0914 0.0147 0.2895 0.0226 0.1013 0.1034 0.0380 0.0108 0.0210 0.1378 0.0136 0.0123 0.0293 0.0124 0.0190 0.0151 
   H171901.2  1 0.0108 0.0046 0.0073 0.8599 0.0049 0.0085 0.0058 0.0164 0.0067 0.0044 0.0050 0.0088 0.0049 0.0078 0.0190 0.0046 0.0069 0.0137 
   H171901.3  1 0.0130 0.0085 0.0155 0.7709 0.0263 0.0061 0.0057 0.0095 0.0088 0.0089 0.0203 0.0232 0.0121 0.0079 0.0379 0.0056 0.0095 0.0103 
   H171901.4  1 0.0063 0.0043 0.0059 0.8642 0.0061 0.0133 0.0054 0.0077 0.0087 0.0063 0.0073 0.0170 0.0053 0.0056 0.0139 0.0074 0.0074 0.0079 
   H171901.5  1 0.0067 0.0078 0.0094 0.8131 0.0133 0.0131 0.0060 0.0117 0.0122 0.0087 0.0043 0.0216 0.0076 0.0062 0.0293 0.0078 0.0141 0.0071 
   H171901.6  1 0.0300 0.0124 0.0461 0.6363 0.0231 0.0221 0.0061 0.0143 0.0208 0.0123 0.0053 0.0208 0.0126 0.0086 0.0904 0.0105 0.0118 0.0163 
   H171901.7  1 0.0238 0.0126 0.0411 0.6643 0.0210 0.0125 0.0057 0.0136 0.0053 0.0339 0.0095 0.0582 0.0157 0.0246 0.0250 0.0054 0.0120 0.0158 
   H171902.1  1 0.0167 0.0081 0.0189 0.0114 0.0066 0.0067 0.0575 0.0059 0.0138 0.0213 0.0108 0.0117 0.0038 0.0124 0.7342 0.0302 0.0217 0.0082 
  H171902.10  1 0.0069 0.0045 0.0073 0.0111 0.0042 0.0035 0.0082 0.0097 0.0071 0.0133 0.0083 0.0065 0.0038 0.0045 0.8622 0.0052 0.0260 0.0076 
   H171902.2  1 0.0264 0.0173 0.0221 0.0284 0.0345 0.0238 0.0513 0.0086 0.0207 0.1040 0.1154 0.0132 0.0071 0.0644 0.3853 0.0239 0.0443 0.0091 
   H171902.3  1 0.0337 0.0137 0.0132 0.1224 0.0124 0.0089 0.0110 0.0133 0.0217 0.0284 0.0162 0.0255 0.0061 0.0141 0.4953 0.0180 0.1282 0.0179 
   H171902.4  1 0.0088 0.0069 0.0072 0.0417 0.0050 0.0067 0.0197 0.0077 0.0048 0.0069 0.0076 0.0038 0.0047 0.0096 0.8439 0.0054 0.0042 0.0054 
   H171902.6  1 0.0084 0.0043 0.0061 0.0099 0.0041 0.0036 0.0083 0.0091 0.0051 0.0104 0.0057 0.0046 0.0040 0.0039 0.8811 0.0058 0.0180 0.0077 
   H171902.7  1 0.0083 0.0049 0.0140 0.0289 0.0103 0.0058 0.0210 0.0162 0.0121 0.0062 0.0040 0.0088 0.0057 0.0050 0.8152 0.0066 0.0130 0.0139 
   H171902.8  1 0.0125 0.0066 0.0117 0.0302 0.0069 0.0044 0.0171 0.0148 0.0136 0.0178 0.0082 0.0106 0.0068 0.0060 0.7636 0.0092 0.0501 0.0100 
   H171902.9  1 0.0659 0.0117 0.0097 0.0085 0.0075 0.0102 0.0366 0.0055 0.0122 0.0083 0.0055 0.0085 0.0051 0.0132 0.7686 0.0064 0.0071 0.0095 
   H171903.1  1 0.0487 0.0054 0.0167 0.0126 0.0099 0.0095 0.0042 0.0091 0.0121 0.0101 0.0058 0.0615 0.0112 0.0146 0.0123 0.0193 0.0052 0.7317 
   H171903.2  1 0.0271 0.0076 0.0140 0.0086 0.0120 0.0252 0.0159 0.0086 0.0306 0.0250 0.0067 0.0564 0.0215 0.0342 0.0102 0.0169 0.0160 0.6636 
   H171903.3  1 0.0402 0.0322 0.0190 0.0194 0.0215 0.0145 0.0169 0.0372 0.0384 0.0438 0.0064 0.1959 0.1225 0.0269 0.0551 0.0637 0.0150 0.2315 
   H171903.4  1 0.0288 0.0142 0.1341 0.0094 0.3914 0.0089 0.0078 0.0311 0.0210 0.0117 0.0161 0.0497 0.0120 0.0061 0.2014 0.0081 0.0120 0.0361 
   H171903.5  1 0.0670 0.0167 0.0262 0.0395 0.0269 0.0120 0.0120 0.0121 0.0177 0.0225 0.0098 0.2789 0.2112 0.0390 0.0151 0.0441 0.0572 0.0922 
   H171903.6  1 0.0495 0.0125 0.0291 0.0550 0.0203 0.0063 0.0045 0.0091 0.0470 0.0328 0.0091 0.4129 0.0582 0.0139 0.0355 0.0064 0.0240 0.1739 
      H177.1  1 0.0253 0.0142 0.0309 0.3830 0.2480 0.0050 0.0114 0.0123 0.0171 0.0648 0.0048 0.0188 0.0129 0.0073 0.0971 0.0056 0.0170 0.0244 
      H177.2  1 0.0175 0.0143 0.0592 0.2038 0.0126 0.0087 0.0162 0.0169 0.2026 0.0898 0.0209 0.0463 0.0410 0.0695 0.0567 0.0116 0.0783 0.0343 
      H177.3  1 0.0167 0.0218 0.0462 0.4234 0.0168 0.0065 0.0157 0.0212 0.1188 0.0470 0.0057 0.0256 0.0223 0.0122 0.1018 0.0066 0.0699 0.0218 
      H177.4  1 0.0065 0.0105 0.0572 0.0913 0.1699 0.0154 0.0105 0.0127 0.0249 0.4822 0.0035 0.0083 0.0184 0.0094 0.0292 0.0068 0.0209 0.0224 
      H177.5  1 0.0173 0.0133 0.0251 0.0393 0.5679 0.0406 0.0084 0.0192 0.0302 0.0151 0.0128 0.0498 0.0539 0.0155 0.0294 0.0046 0.0256 0.0320 
      H177.6  1 0.0168 0.0236 0.0168 0.5936 0.0101 0.0061 0.0185 0.0192 0.0613 0.0219 0.0048 0.0229 0.0127 0.0123 0.0895 0.0059 0.0519 0.0121 
      H179.1  1 0.0139 0.0559 0.0063 0.0193 0.0442 0.0223 0.0063 0.0084 0.0131 0.5492 0.0091 0.0186 0.0207 0.0118 0.0254 0.0540 0.1164 0.0051 
      H179.2  1 0.0122 0.0153 0.0061 0.0066 0.0150 0.0093 0.0039 0.0118 0.0112 0.7898 0.0044 0.0164 0.0145 0.0085 0.0096 0.0456 0.0127 0.0068 
      H179.3  1 0.0346 0.0250 0.0075 0.0081 0.0752 0.0126 0.0069 0.0065 0.0149 0.5121 0.0145 0.0745 0.0342 0.0287 0.0198 0.0383 0.0681 0.0186 
      H179.4  1 0.0051 0.0122 0.0108 0.0078 0.0143 0.0061 0.0044 0.0079 0.0087 0.8587 0.0083 0.0112 0.0075 0.0095 0.0066 0.0057 0.0103 0.0049 
      H180.1  1 0.0290 0.0059 0.0037 0.0092 0.0105 0.0305 0.0135 0.0483 0.0064 0.0186 0.0236 0.6767 0.0260 0.0055 0.0077 0.0393 0.0355 0.0101 
      H180.2  1 0.0913 0.0148 0.0056 0.0159 0.0132 0.0786 0.0156 0.0174 0.0172 0.0196 0.0593 0.5857 0.0078 0.0055 0.0153 0.0094 0.0165 0.0112 
      H180.3  1 0.3289 0.0416 0.0052 0.0073 0.0062 0.0195 0.0208 0.0055 0.0263 0.0086 0.0097 0.3647 0.0247 0.0378 0.0042 0.0629 0.0062 0.0198 
      H180.4  1 0.0224 0.0115 0.0068 0.0500 0.0156 0.1835 0.0257 0.0830 0.0099 0.0365 0.0443 0.4149 0.0185 0.0137 0.0107 0.0065 0.0364 0.0101 
      H180.5  1 0.0623 0.0059 0.0113 0.0105 0.0313 0.0234 0.0382 0.1729 0.0190 0.0217 0.0316 0.4659 0.0104 0.0274 0.0091 0.0101 0.0308 0.0182 
      H180.6  1 0.0607 0.0126 0.0270 0.0364 0.0084 0.0166 0.0514 0.0626 0.0127 0.0140 0.0451 0.1331 0.0087 0.4707 0.0069 0.0108 0.0107 0.0116 
      H181.1  1 0.0119 0.0066 0.0138 0.1757 0.0077 0.0080 0.0093 0.0199 0.0097 0.1421 0.2322 0.0095 0.1813 0.0069 0.0331 0.0105 0.0736 0.0482 
      H181.2  1 0.0158 0.0110 0.0283 0.0893 0.0168 0.0159 0.0220 0.1017 0.0088 0.3430 0.1282 0.0143 0.0281 0.0075 0.0586 0.0167 0.0668 0.0272 
      H181.3  1 0.0062 0.0084 0.0146 0.1156 0.0180 0.0086 0.0147 0.0276 0.0274 0.1457 0.2825 0.0078 0.0076 0.0111 0.0540 0.0059 0.2243 0.0201 
      H181.4  1 0.1061 0.0344 0.0528 0.1246 0.0211 0.0092 0.0045 0.0258 0.0418 0.0591 0.0685 0.0309 0.2908 0.0178 0.0301 0.0090 0.0419 0.0316 
      H181.5  1 0.0052 0.0750 0.0122 0.0145 0.0240 0.0110 0.0162 0.0405 0.0079 0.4415 0.1278 0.0055 0.0147 0.0109 0.0194 0.0129 0.1533 0.0075 
      H181.6  1 0.0262 0.0215 0.0125 0.0156 0.0195 0.0456 0.0060 0.0484 0.0080 0.5903 0.0138 0.0246 0.0243 0.0080 0.0329 0.0434 0.0437 0.0158 
      H181.7  1 0.0210 0.0091 0.0168 0.0362 0.0088 0.0112 0.0077 0.0069 0.0063 0.5358 0.0386 0.0192 0.0325 0.0155 0.0127 0.0073 0.1990 0.0153 
 H194.1_2004  1 0.0276 0.0126 0.7925 0.0198 0.0093 0.0080 0.0052 0.0121 0.0055 0.0061 0.0049 0.0186 0.0101 0.0153 0.0153 0.0073 0.0057 0.0240 
 H194.2_2004  1 0.0068 0.0080 0.8611 0.0069 0.0334 0.0038 0.0068 0.0097 0.0051 0.0036 0.0042 0.0055 0.0105 0.0066 0.0074 0.0035 0.0046 0.0126 
 H194.3_2004  1 0.0074 0.1067 0.7136 0.0489 0.0122 0.0053 0.0077 0.0084 0.0055 0.0112 0.0040 0.0069 0.0077 0.0087 0.0230 0.0057 0.0081 0.0089 
 H194.4_2004  1 0.0073 0.0107 0.8331 0.0186 0.0345 0.0041 0.0089 0.0074 0.0048 0.0056 0.0055 0.0059 0.0057 0.0048 0.0146 0.0036 0.0047 0.0202 
 H194.5_2004  1 0.0130 0.0427 0.7813 0.0252 0.0126 0.0081 0.0049 0.0084 0.0083 0.0146 0.0068 0.0134 0.0101 0.0080 0.0157 0.0102 0.0078 0.0090 
 H194.6_2004  1 0.0138 0.2944 0.2968 0.0949 0.1082 0.0083 0.0073 0.0146 0.0101 0.0392 0.0072 0.0172 0.0114 0.0115 0.0295 0.0078 0.0093 0.0186 
 H194.7_2004  1 0.0143 0.0121 0.7621 0.0102 0.0123 0.0082 0.0059 0.0089 0.0069 0.0065 0.0076 0.0137 0.0107 0.0365 0.0056 0.0049 0.0043 0.0693 
 H194.8_2004  1 0.0131 0.0312 0.6881 0.0351 0.0786 0.0094 0.0102 0.0122 0.0093 0.0228 0.0090 0.0114 0.0131 0.0144 0.0166 0.0071 0.0070 0.0116 
      H194.9  1 0.0134 0.0105 0.8188 0.0117 0.0135 0.0081 0.0087 0.0099 0.0062 0.0052 0.0074 0.0083 0.0093 0.0284 0.0094 0.0054 0.0046 0.0213 
 H195.1_2003  1 0.0048 0.0057 0.8644 0.0100 0.0138 0.0246 0.0034 0.0096 0.0072 0.0063 0.0058 0.0067 0.0055 0.0046 0.0077 0.0046 0.0065 0.0086 
 H195.1_2004  1 0.0056 0.0066 0.8571 0.0120 0.0044 0.0062 0.0110 0.0262 0.0048 0.0066 0.0176 0.0050 0.0058 0.0052 0.0080 0.0034 0.0091 0.0053 
 H195.2_2003  1 0.0112 0.0048 0.8617 0.0048 0.0089 0.0129 0.0039 0.0041 0.0138 0.0050 0.0048 0.0086 0.0034 0.0075 0.0125 0.0080 0.0084 0.0157 
 H195.2_2004  1 0.0038 0.0044 0.9166 0.0049 0.0037 0.0053 0.0071 0.0061 0.0049 0.0049 0.0061 0.0053 0.0047 0.0047 0.0048 0.0034 0.0043 0.0048 
 H195.3_2003  1 0.0289 0.0093 0.7778 0.0065 0.0176 0.0320 0.0069 0.0059 0.0248 0.0051 0.0099 0.0149 0.0063 0.0092 0.0077 0.0056 0.0110 0.0205 
 H195.3_2004  1 0.0041 0.0052 0.9057 0.0122 0.0034 0.0057 0.0057 0.0067 0.0052 0.0050 0.0068 0.0039 0.0051 0.0041 0.0053 0.0038 0.0049 0.0071 
 H195.4_2003  1 0.0036 0.0066 0.9008 0.0085 0.0047 0.0079 0.0032 0.0100 0.0074 0.0039 0.0038 0.0057 0.0043 0.0039 0.0057 0.0057 0.0048 0.0091 
 H195.4_2004  1 0.0042 0.0053 0.9130 0.0039 0.0050 0.0039 0.0041 0.0041 0.0043 0.0055 0.0121 0.0040 0.0048 0.0058 0.0055 0.0032 0.0040 0.0074 
 H195.5_2003  1 0.0070 0.0072 0.7955 0.0110 0.0106 0.0641 0.0043 0.0229 0.0072 0.0094 0.0127 0.0103 0.0052 0.0038 0.0067 0.0061 0.0092 0.0067 
 H195.5_2004  1 0.0056 0.0050 0.8804 0.0087 0.0051 0.0094 0.0092 0.0077 0.0057 0.0114 0.0138 0.0042 0.0059 0.0051 0.0053 0.0034 0.0059 0.0083 
 H195.6_2003  1 0.0090 0.0040 0.8841 0.0044 0.0051 0.0127 0.0038 0.0048 0.0097 0.0039 0.0062 0.0077 0.0039 0.0058 0.0081 0.0039 0.0055 0.0174 
 H195.6_2004  1 0.0028 0.0068 0.9177 0.0043 0.0041 0.0058 0.0056 0.0057 0.0041 0.0054 0.0049 0.0039 0.0035 0.0049 0.0049 0.0033 0.0043 0.0077 
 H195.7_2003  1 0.0035 0.0057 0.8936 0.0072 0.0126 0.0064 0.0034 0.0068 0.0065 0.0065 0.0061 0.0086 0.0053 0.0054 0.0046 0.0055 0.0070 0.0053 
 H195.7_2004  1 0.0083 0.0046 0.8711 0.0053 0.0036 0.0078 0.0266 0.0086 0.0061 0.0054 0.0145 0.0055 0.0058 0.0046 0.0056 0.0032 0.0089 0.0048 
      H195.8  1 0.0053 0.0042 0.8678 0.0050 0.0049 0.0070 0.0068 0.0125 0.0063 0.0068 0.0326 0.0051 0.0048 0.0072 0.0062 0.0033 0.0065 0.0076 
      H195.9  1 0.0037 0.0060 0.8968 0.0109 0.0050 0.0053 0.0043 0.0072 0.0053 0.0068 0.0059 0.0049 0.0052 0.0068 0.0048 0.0037 0.0048 0.0126 
      H415.1  1 0.1540 0.0098 0.0396 0.0890 0.0122 0.0114 0.0632 0.0165 0.0066 0.0063 0.0088 0.0149 0.0102 0.0244 0.0195 0.4937 0.0114 0.0086 
      H415.2  1 0.0247 0.0480 0.0102 0.0179 0.0062 0.0069 0.0118 0.0049 0.0063 0.0115 0.0034 0.0145 0.0102 0.0059 0.7149 0.0677 0.0285 0.0064 
      H415.3  1 0.0085 0.0082 0.0117 0.0894 0.0120 0.0092 0.0074 0.0180 0.0091 0.0162 0.0039 0.0241 0.0126 0.0047 0.0154 0.7307 0.0157 0.0034 
      H415.4  1 0.0572 0.0124 0.0147 0.0163 0.0078 0.0069 0.0188 0.0391 0.0071 0.0048 0.0084 0.0087 0.0086 0.0219 0.0160 0.7413 0.0057 0.0043 
      H415.5  1 0.0065 0.0142 0.0149 0.0860 0.0102 0.0067 0.0124 0.0358 0.0073 0.0123 0.0047 0.0213 0.0113 0.0042 0.0146 0.7152 0.0186 0.0037 
      H415.6  1 0.0715 0.0105 0.0187 0.0149 0.0086 0.0065 0.0158 0.0325 0.0065 0.0044 0.0085 0.0076 0.0102 0.0207 0.0167 0.7368 0.0051 0.0045 
      H415.7  1 0.0143 0.0199 0.0361 0.0595 0.0135 0.0078 0.0181 0.0090 0.0733 0.0559 0.0054 0.0299 0.0139 0.0091 0.2000 0.4065 0.0227 0.0052 
      H506.1  1 0.0031 0.0116 0.0040 0.0065 0.0043 0.0078 0.0050 0.0034 0.0048 0.9134 0.0061 0.0034 0.0039 0.0050 0.0034 0.0074 0.0042 0.0029 
      H506.2  1 0.0028 0.0094 0.0070 0.0131 0.0052 0.0059 0.0048 0.0051 0.0104 0.8902 0.0040 0.0042 0.0052 0.0052 0.0060 0.0071 0.0100 0.0045 
      H506.3  1 0.0043 0.0141 0.0058 0.0116 0.0086 0.0128 0.0321 0.0051 0.0077 0.8056 0.0156 0.0081 0.0095 0.0077 0.0051 0.0134 0.0276 0.0052 
      H506.4  1 0.0044 0.0099 0.0048 0.0061 0.0100 0.0099 0.0063 0.0041 0.0069 0.8837 0.0059 0.0061 0.0070 0.0053 0.0048 0.0132 0.0069 0.0048 
      H506.5  1 0.0030 0.0050 0.0048 0.0091 0.0050 0.0072 0.0067 0.0038 0.0121 0.8910 0.0047 0.0035 0.0046 0.0044 0.0079 0.0149 0.0070 0.0053 
      H506.6  1 0.0060 0.0090 0.0116 0.0083 0.0127 0.0109 0.0268 0.0074 0.0936 0.5967 0.0153 0.0091 0.0228 0.0078 0.0122 0.0108 0.1257 0.0133 
      H506.7  1 0.0030 0.0082 0.0058 0.0124 0.0064 0.0081 0.0064 0.0048 0.0083 0.8911 0.0051 0.0044 0.0039 0.0047 0.0068 0.0088 0.0072 0.0046 
      H533.1  1 0.0034 0.0050 0.0037 0.0089 0.0039 0.0056 0.0097 0.0056 0.0043 0.8897 0.0080 0.0116 0.0072 0.0049 0.0059 0.0062 0.0131 0.0031 
      H533.2  1 0.0032 0.0047 0.0041 0.0202 0.0039 0.0050 0.0185 0.0043 0.0042 0.8745 0.0062 0.0075 0.0070 0.0055 0.0061 0.0065 0.0150 0.0034 
      H533.3  1 0.0055 0.0063 0.0046 0.0106 0.0062 0.0034 0.0059 0.0033 0.0081 0.8447 0.0064 0.0151 0.0300 0.0093 0.0091 0.0078 0.0157 0.0081 
      H533.4  1 0.0065 0.0048 0.0120 0.0241 0.0046 0.0062 0.0123 0.0060 0.0107 0.8165 0.0082 0.0291 0.0140 0.0056 0.0136 0.0105 0.0087 0.0068 
      H535.1  1 0.0084 0.0134 0.0099 0.0104 0.0060 0.0068 0.0047 0.0095 0.0161 0.8563 0.0033 0.0068 0.0052 0.0055 0.0099 0.0078 0.0078 0.0121 
      H535.2  1 0.0038 0.0044 0.0068 0.0042 0.0061 0.0068 0.0029 0.0056 0.0051 0.9108 0.0065 0.0038 0.0076 0.0070 0.0050 0.0031 0.0042 0.0065 
      H535.3  1 0.0046 0.0049 0.0083 0.0029 0.0064 0.0120 0.0040 0.0058 0.0094 0.8949 0.0130 0.0036 0.0055 0.0057 0.0044 0.0034 0.0049 0.0066 
      H535.4  1 0.0041 0.0044 0.0061 0.0074 0.0032 0.0065 0.0027 0.0075 0.0044 0.9167 0.0062 0.0050 0.0043 0.0036 0.0049 0.0071 0.0027 0.0031 
      H535.5  1 0.0046 0.0065 0.0050 0.0081 0.0045 0.0045 0.0035 0.0038 0.0056 0.9146 0.0048 0.0064 0.0040 0.0041 0.0039 0.0075 0.0035 0.0050 
      H535.6  1 0.0161 0.0277 0.0164 0.0048 0.0234 0.0039 0.0040 0.0092 0.0122 0.8166 0.0072 0.0056 0.0082 0.0051 0.0121 0.0044 0.0092 0.0139 
      H535.7  1 0.0036 0.0069 0.0038 0.0061 0.0043 0.0051 0.0042 0.0025 0.0057 0.9290 0.0028 0.0038 0.0038 0.0037 0.0032 0.0039 0.0034 0.0042 
      H535.8  1 0.0050 0.0083 0.0082 0.0040 0.0091 0.0084 0.0042 0.0043 0.0068 0.9032 0.0061 0.0049 0.0047 0.0048 0.0044 0.0055 0.0040 0.0041 
      H535.9  1 0.0112 0.0060 0.0058 0.0055 0.0045 0.0117 0.0060 0.0072 0.0088 0.8891 0.0050 0.0051 0.0040 0.0043 0.0074 0.0046 0.0042 0.0094 
      H539.1  1 0.9277 0.0039 0.0040 0.0032 0.0034 0.0033 0.0058 0.0033 0.0065 0.0032 0.0028 0.0030 0.0034 0.0048 0.0060 0.0039 0.0033 0.0085 
      H539.2  1 0.6735 0.0054 0.0092 0.0090 0.0151 0.0106 0.0127 0.0059 0.0072 0.0230 0.0293 0.1189 0.0157 0.0113 0.0108 0.0094 0.0156 0.0173 
      H539.3  1 0.8303 0.0092 0.0154 0.0046 0.0139 0.0080 0.0120 0.0053 0.0054 0.0094 0.0094 0.0090 0.0051 0.0109 0.0093 0.0035 0.0050 0.0343 
      H539.4  1 0.8839 0.0032 0.0041 0.0039 0.0055 0.0080 0.0133 0.0036 0.0080 0.0042 0.0055 0.0092 0.0093 0.0075 0.0046 0.0060 0.0146 0.0059 
      H539.5  1 0.9271 0.0042 0.0034 0.0040 0.0031 0.0029 0.0049 0.0039 0.0056 0.0033 0.0031 0.0049 0.0032 0.0069 0.0050 0.0039 0.0035 0.0071 
      H539.6  1 0.9187 0.0039 0.0056 0.0032 0.0042 0.0032 0.0051 0.0050 0.0054 0.0046 0.0036 0.0070 0.0040 0.0070 0.0063 0.0042 0.0035 0.0052 
      H539.7  1 0.9281 0.0046 0.0038 0.0043 0.0047 0.0035 0.0031 0.0048 0.0056 0.0036 0.0029 0.0057 0.0038 0.0034 0.0054 0.0035 0.0048 0.0042 
      H539.8  1 0.8241 0.0207 0.0124 0.0055 0.0182 0.0134 0.0162 0.0046 0.0057 0.0144 0.0129 0.0104 0.0102 0.0065 0.0063 0.0045 0.0053 0.0087 
      H539.9  1 0.9113 0.0040 0.0035 0.0044 0.0047 0.0046 0.0096 0.0031 0.0070 0.0031 0.0045 0.0057 0.0061 0.0063 0.0047 0.0036 0.0066 0.0070 
      H540.1  1 0.8422 0.0071 0.0076 0.0064 0.0068 0.0048 0.0080 0.0060 0.0127 0.0098 0.0046 0.0106 0.0216 0.0057 0.0168 0.0045 0.0118 0.0130 
      H540.2  1 0.9001 0.0082 0.0055 0.0061 0.0054 0.0036 0.0040 0.0066 0.0058 0.0038 0.0031 0.0064 0.0072 0.0048 0.0107 0.0062 0.0064 0.0062 
      H540.3  1 0.4058 0.0729 0.0092 0.0146 0.0193 0.0066 0.2442 0.0219 0.0317 0.0085 0.0110 0.0081 0.0312 0.0039 0.0406 0.0153 0.0492 0.0057 
      H540.4  1 0.8905 0.0069 0.0050 0.0052 0.0068 0.0042 0.0035 0.0096 0.0062 0.0096 0.0047 0.0068 0.0089 0.0041 0.0073 0.0053 0.0101 0.0054 
      H540.5  1 0.8499 0.0110 0.0058 0.0101 0.0079 0.0045 0.0184 0.0066 0.0105 0.0050 0.0062 0.0069 0.0097 0.0068 0.0118 0.0068 0.0163 0.0058 
      H540.6  1 0.7995 0.0110 0.0075 0.0091 0.0129 0.0034 0.0090 0.0105 0.0169 0.0102 0.0145 0.0075 0.0186 0.0070 0.0189 0.0073 0.0181 0.0181 
      H540.7  1 0.8849 0.0050 0.0058 0.0103 0.0041 0.0049 0.0041 0.0067 0.0068 0.0077 0.0049 0.0086 0.0099 0.0063 0.0091 0.0064 0.0089 0.0057 
      H540.8  1 0.8529 0.0083 0.0073 0.0123 0.0071 0.0041 0.0068 0.0059 0.0082 0.0065 0.0029 0.0117 0.0142 0.0040 0.0235 0.0060 0.0085 0.0097 
     H9558.1  1 0.8748 0.0072 0.0051 0.0034 0.0065 0.0063 0.0099 0.0044 0.0092 0.0111 0.0057 0.0088 0.0036 0.0045 0.0142 0.0042 0.0107 0.0104 
     H9558.2  1 0.8104 0.0083 0.0086 0.0039 0.0116 0.0134 0.0138 0.0044 0.0250 0.0132 0.0068 0.0050 0.0047 0.0131 0.0119 0.0084 0.0242 0.0133 
     H9558.3  1 0.8576 0.0113 0.0077 0.0046 0.0068 0.0148 0.0098 0.0047 0.0118 0.0061 0.0069 0.0055 0.0054 0.0129 0.0070 0.0087 0.0069 0.0113 
     H9558.4  1 0.8797 0.0051 0.0035 0.0033 0.0051 0.0072 0.0100 0.0035 0.0072 0.0092 0.0048 0.0110 0.0047 0.0049 0.0068 0.0077 0.0190 0.0072 
     H9558.5  1 0.8889 0.0071 0.0027 0.0047 0.0062 0.0094 0.0142 0.0035 0.0053 0.0051 0.0052 0.0061 0.0104 0.0039 0.0045 0.0078 0.0117 0.0034 
     H9558.6  1 0.7577 0.0124 0.0053 0.0058 0.0088 0.0102 0.0108 0.0066 0.0115 0.0056 0.0032 0.0061 0.0470 0.0554 0.0321 0.0067 0.0075 0.0074 
    kos339.1  1 0.0048 0.0046 0.0051 0.8817 0.0052 0.0039 0.0044 0.0038 0.0089 0.0139 0.0049 0.0058 0.0078 0.0155 0.0062 0.0100 0.0088 0.0048 
    kos339.2  1 0.0048 0.0074 0.0068 0.8824 0.0038 0.0070 0.0079 0.0058 0.0042 0.0103 0.0066 0.0046 0.0069 0.0182 0.0045 0.0091 0.0056 0.0040 
    kos339.3  1 0.0050 0.0038 0.0043 0.9272 0.0037 0.0029 0.0033 0.0036 0.0040 0.0056 0.0030 0.0067 0.0051 0.0045 0.0038 0.0067 0.0030 0.0038 
    kos339.4  1 0.0048 0.0049 0.0056 0.9144 0.0045 0.0041 0.0043 0.0046 0.0045 0.0069 0.0056 0.0047 0.0061 0.0045 0.0039 0.0093 0.0037 0.0037 
    kos339.5  1 0.0043 0.0058 0.0049 0.9160 0.0044 0.0043 0.0029 0.0044 0.0061 0.0075 0.0047 0.0051 0.0045 0.0052 0.0053 0.0054 0.0044 0.0046 
    kos339.6  1 0.0047 0.0064 0.0066 0.9086 0.0036 0.0046 0.0068 0.0057 0.0046 0.0050 0.0042 0.0047 0.0062 0.0059 0.0057 0.0081 0.0037 0.0047 
    kos339.7  1 0.0043 0.0051 0.0049 0.9158 0.0042 0.0033 0.0042 0.0030 0.0042 0.0111 0.0037 0.0045 0.0049 0.0089 0.0042 0.0062 0.0041 0.0032 
    kos339.8  1 0.0036 0.0043 0.0048 0.9043 0.0059 0.0048 0.0062 0.0039 0.0057 0.0099 0.0054 0.0055 0.0070 0.0052 0.0047 0.0124 0.0038 0.0028 
    kos339.9  1 0.0159 0.0063 0.0084 0.8899 0.0049 0.0050 0.0047 0.0061 0.0074 0.0075 0.0039 0.0075 0.0050 0.0055 0.0074 0.0048 0.0053 0.0046 
      H008.1  2 0.0856 0.0086 0.0074 0.0085 0.0096 0.0210 0.0055 0.0090 0.0051 0.0143 0.0104 0.0233 0.0072 0.7398 0.0122 0.0089 0.0156 0.0079 
      H008.2  2 0.1463 0.0120 0.0092 0.0334 0.0202 0.2939 0.0565 0.0081 0.0172 0.0246 0.0464 0.0204 0.0278 0.0786 0.0241 0.0109 0.1278 0.0426 
      H008.3  2 0.0851 0.0414 0.0190 0.0081 0.0434 0.0788 0.0401 0.0132 0.0116 0.2695 0.0621 0.1344 0.0255 0.0546 0.0262 0.0103 0.0226 0.0543 
      H008.4  2 0.0897 0.0166 0.0152 0.0155 0.0346 0.0275 0.0396 0.0121 0.0098 0.0125 0.0156 0.0116 0.0132 0.5852 0.0379 0.0364 0.0143 0.0127 
      H008.5  2 0.0259 0.0294 0.0090 0.0145 0.0472 0.0321 0.0155 0.0075 0.0058 0.0439 0.0173 0.0196 0.0128 0.6705 0.0113 0.0094 0.0082 0.0201 
      H008.6  2 0.1025 0.0197 0.0215 0.0201 0.0326 0.2266 0.1120 0.0055 0.0123 0.0237 0.0095 0.0160 0.0260 0.2051 0.0677 0.0214 0.0473 0.0304 
      H008.7  2 0.0717 0.0195 0.0144 0.0244 0.0495 0.1009 0.1061 0.0202 0.0113 0.0375 0.0636 0.0189 0.0082 0.2793 0.0714 0.0204 0.0656 0.0171 
      H008.8  2 0.4642 0.0119 0.0187 0.0105 0.0064 0.0148 0.0113 0.0081 0.0210 0.0204 0.0216 0.0276 0.0080 0.1531 0.0279 0.0097 0.1449 0.0200 
      H008.9  2 0.0468 0.0314 0.0362 0.0088 0.0170 0.1763 0.2153 0.0076 0.0143 0.0329 0.0130 0.0236 0.0174 0.0186 0.2828 0.0092 0.0237 0.0253 
 H029.1_2002  2 0.0310 0.0115 0.0092 0.0073 0.0774 0.0064 0.0259 0.0067 0.0287 0.0046 0.0137 0.0082 0.0093 0.6583 0.0220 0.0601 0.0137 0.0059 
 H029.1_2003  2 0.0077 0.1167 0.0134 0.0058 0.6773 0.0085 0.0088 0.0044 0.0116 0.0160 0.0066 0.0081 0.0112 0.0493 0.0123 0.0093 0.0256 0.0074 
 H029.2_2002  2 0.0115 0.0885 0.0446 0.0617 0.0630 0.0115 0.0326 0.0042 0.0103 0.0410 0.0297 0.0115 0.0073 0.5352 0.0127 0.0078 0.0143 0.0125 
 H029.2_2003  2 0.0092 0.0379 0.0208 0.0543 0.5146 0.0134 0.0239 0.0044 0.0175 0.0799 0.0065 0.0080 0.0187 0.1007 0.0292 0.0052 0.0421 0.0137 
 H029.3_2002  2 0.0073 0.0534 0.0440 0.0295 0.0692 0.0076 0.1833 0.0045 0.0199 0.2564 0.0393 0.0201 0.0252 0.1756 0.0102 0.0093 0.0294 0.0160 
 H029.3_2003  2 0.0072 0.0242 0.0091 0.0123 0.4514 0.0388 0.0074 0.0049 0.0060 0.0272 0.0067 0.0085 0.0161 0.3438 0.0046 0.0060 0.0206 0.0051 
 H029.4_2002  2 0.0053 0.0104 0.0149 0.0061 0.0552 0.0078 0.0250 0.0058 0.0044 0.0056 0.0153 0.0099 0.0095 0.7948 0.0036 0.0113 0.0109 0.0041 
 H029.4_2003  2 0.0279 0.0165 0.0077 0.0081 0.6875 0.0166 0.0164 0.0038 0.0110 0.0102 0.0084 0.0301 0.0110 0.0863 0.0101 0.0092 0.0294 0.0097 
 H029.5_2002  2 0.0071 0.0204 0.0110 0.0066 0.0830 0.0076 0.0065 0.0081 0.0092 0.0051 0.0110 0.0059 0.0081 0.7824 0.0064 0.0100 0.0079 0.0039 
 H029.5_2003  2 0.0098 0.0308 0.0079 0.0084 0.5670 0.0182 0.0095 0.0047 0.0065 0.0067 0.0050 0.0144 0.0083 0.2339 0.0088 0.0075 0.0477 0.0047 
 H029.6_2002  2 0.0050 0.0149 0.0270 0.0054 0.4186 0.0034 0.0644 0.0065 0.0056 0.0094 0.0232 0.0097 0.0083 0.3526 0.0071 0.0095 0.0211 0.0083 
 H029.6_2003  2 0.0208 0.1058 0.0200 0.0800 0.1104 0.0341 0.0119 0.0082 0.0245 0.0691 0.0153 0.0260 0.0205 0.3960 0.0130 0.0074 0.0279 0.0089 
      H029.7  2 0.0080 0.0219 0.0537 0.0343 0.0392 0.0083 0.0391 0.0042 0.0096 0.0119 0.0209 0.0073 0.0045 0.7015 0.0097 0.0051 0.0074 0.0134 
      H030.1  2 0.0068 0.0080 0.0163 0.0222 0.1644 0.0615 0.0052 0.0531 0.0369 0.0135 0.0167 0.0159 0.4801 0.0398 0.0160 0.0078 0.0271 0.0088 
      H030.2  2 0.0192 0.0049 0.0067 0.0061 0.0327 0.0329 0.0486 0.0423 0.0108 0.0095 0.1828 0.0164 0.2593 0.0767 0.0109 0.2308 0.0053 0.0039 
      H038.1  2 0.0079 0.0079 0.0083 0.0056 0.0060 0.0049 0.0245 0.0036 0.0093 0.0055 0.0049 0.0060 0.0063 0.8663 0.0089 0.0072 0.0065 0.0101 
      H038.2  2 0.0048 0.0055 0.0045 0.0106 0.0056 0.0084 0.0055 0.0139 0.0078 0.0079 0.0060 0.0064 0.0097 0.8800 0.0055 0.0105 0.0039 0.0034 
      H038.3  2 0.0104 0.0067 0.0105 0.0088 0.0048 0.0097 0.0249 0.0121 0.0406 0.0077 0.0066 0.0090 0.0117 0.7921 0.0092 0.0208 0.0099 0.0044 
      H038.4  2 0.0063 0.0071 0.0076 0.0075 0.0055 0.0070 0.0185 0.0183 0.0252 0.0071 0.0074 0.0054 0.0062 0.8357 0.0067 0.0179 0.0059 0.0045 
      H038.5  2 0.0095 0.0093 0.0094 0.0154 0.0110 0.0064 0.0214 0.0086 0.0060 0.0072 0.0118 0.0133 0.0175 0.8249 0.0055 0.0064 0.0127 0.0035 
      H038.6  2 0.0118 0.0060 0.0044 0.0104 0.0106 0.0061 0.0098 0.0030 0.0058 0.0075 0.0043 0.0102 0.0107 0.8748 0.0066 0.0068 0.0068 0.0043 
      H038.7  2 0.0100 0.0056 0.0039 0.0049 0.0058 0.0078 0.0103 0.0045 0.0236 0.0104 0.0032 0.0076 0.0074 0.8586 0.0055 0.0193 0.0075 0.0042 
      H038.8  2 0.0077 0.0054 0.0075 0.0075 0.0041 0.0059 0.0571 0.0171 0.0197 0.0057 0.0080 0.0079 0.0078 0.8045 0.0067 0.0171 0.0058 0.0045 
      H041.1  2 0.0124 0.0085 0.0243 0.0701 0.3975 0.1162 0.0454 0.0281 0.0238 0.0073 0.0883 0.0081 0.0076 0.0937 0.0186 0.0154 0.0111 0.0234 
      H041.2  2 0.0074 0.0309 0.0224 0.0081 0.7018 0.0521 0.0172 0.0107 0.0121 0.0083 0.0052 0.0038 0.0072 0.0481 0.0172 0.0351 0.0060 0.0065 
      H041.4  2 0.0253 0.0245 0.0241 0.0127 0.5466 0.0343 0.0242 0.0141 0.0122 0.0080 0.0115 0.0068 0.0075 0.1712 0.0382 0.0114 0.0073 0.0201 
      H041.6  2 0.0535 0.0249 0.0219 0.0118 0.4808 0.0223 0.0215 0.0164 0.0311 0.0085 0.0171 0.0076 0.0106 0.1703 0.0262 0.0250 0.0105 0.0400 
 H042.1_2002  2 0.0790 0.0078 0.0239 0.0123 0.6739 0.0051 0.0087 0.0557 0.0098 0.0069 0.0084 0.0201 0.0084 0.0101 0.0278 0.0229 0.0074 0.0115 
 H042.1_2003  2 0.1255 0.0349 0.0268 0.0121 0.0550 0.2829 0.0791 0.0255 0.0474 0.0171 0.0148 0.0218 0.0417 0.0747 0.0448 0.0543 0.0250 0.0165 
 H042.2_2002  2 0.0129 0.0374 0.0101 0.0086 0.5790 0.0073 0.0294 0.0073 0.0052 0.0062 0.0090 0.0168 0.0052 0.0714 0.0107 0.1466 0.0244 0.0123 
 H042.2_2003  2 0.1227 0.0411 0.0349 0.0127 0.4927 0.0186 0.0062 0.0225 0.0137 0.0066 0.0051 0.0103 0.0116 0.1073 0.0419 0.0338 0.0061 0.0123 
 H042.3_2002  2 0.0549 0.0199 0.0333 0.0261 0.4981 0.0132 0.0288 0.0297 0.0078 0.0067 0.0066 0.0537 0.0124 0.0103 0.0150 0.1556 0.0173 0.0106 
 H042.3_2003  2 0.0746 0.0143 0.0290 0.0200 0.2940 0.0389 0.0308 0.0297 0.0118 0.0131 0.0313 0.1742 0.0166 0.0392 0.0190 0.1276 0.0169 0.0190 
 H042.4_2002  2 0.0173 0.0190 0.0134 0.0134 0.7931 0.0069 0.0125 0.0234 0.0081 0.0061 0.0110 0.0064 0.0077 0.0144 0.0274 0.0070 0.0069 0.0061 
 H042.4_2003  2 0.0187 0.0096 0.0220 0.0148 0.6850 0.0137 0.0077 0.0293 0.0391 0.0043 0.0236 0.0089 0.0066 0.0512 0.0288 0.0091 0.0057 0.0219 
      H042.5  2 0.0086 0.0057 0.0119 0.0076 0.8834 0.0097 0.0030 0.0074 0.0060 0.0044 0.0054 0.0119 0.0048 0.0066 0.0055 0.0049 0.0048 0.0083 
      H042.6  2 0.0198 0.0050 0.0094 0.0065 0.7840 0.0044 0.0117 0.0114 0.0168 0.0047 0.0084 0.0240 0.0057 0.0174 0.0109 0.0110 0.0118 0.0371 
      H042.7  2 0.0091 0.0322 0.0607 0.0122 0.4862 0.0133 0.0048 0.0847 0.0307 0.0050 0.0058 0.0204 0.0052 0.0229 0.0116 0.1755 0.0105 0.0091 
      H042.8  2 0.0249 0.0310 0.0158 0.0059 0.7461 0.0186 0.0180 0.0091 0.0047 0.0046 0.0042 0.0182 0.0043 0.0108 0.0159 0.0459 0.0074 0.0146 
   H042_2002  2 0.1714 0.0371 0.0188 0.0084 0.0680 0.0340 0.0338 0.0146 0.0395 0.0079 0.0067 0.0408 0.0108 0.0955 0.0626 0.2162 0.0182 0.1157 
   H042_2003  2 0.1309 0.0320 0.0217 0.0088 0.0741 0.0263 0.0373 0.0133 0.0408 0.0076 0.0067 0.0390 0.0125 0.0938 0.0842 0.2466 0.0167 0.1078 
      H043.1  2 0.4655 0.0036 0.0139 0.0847 0.0138 0.0425 0.1169 0.0071 0.0613 0.0074 0.0186 0.0371 0.0149 0.0271 0.0111 0.0084 0.0495 0.0167 
      H043.2  2 0.4001 0.0147 0.0879 0.0073 0.0060 0.0137 0.1259 0.0043 0.0936 0.0090 0.0060 0.0304 0.0066 0.0663 0.0079 0.0059 0.0433 0.0710 
      H043.3  2 0.1266 0.0053 0.0054 0.0399 0.0143 0.0248 0.0318 0.0065 0.1840 0.0107 0.0046 0.0270 0.0092 0.4097 0.0219 0.0267 0.0319 0.0197 
      H043.4  2 0.3389 0.0049 0.0157 0.0652 0.0103 0.0232 0.1066 0.0069 0.1702 0.0055 0.0071 0.0126 0.0076 0.0667 0.0253 0.0150 0.0174 0.1010 
      H043.5  2 0.3020 0.0132 0.0294 0.0127 0.0088 0.0232 0.2203 0.0042 0.0334 0.0100 0.0071 0.0244 0.0113 0.1783 0.0138 0.0184 0.0838 0.0056 
      H043.6  2 0.2738 0.0086 0.0078 0.0416 0.0088 0.0048 0.1809 0.0057 0.0413 0.0061 0.0054 0.0183 0.0126 0.3097 0.0242 0.0171 0.0228 0.0108 
      H043.7  2 0.1819 0.0035 0.0083 0.0177 0.0069 0.0287 0.0539 0.0055 0.5149 0.0044 0.0041 0.0091 0.0104 0.0442 0.0154 0.0176 0.0155 0.0581 
      H043.8  2 0.1217 0.0049 0.0341 0.0355 0.0061 0.0322 0.0224 0.0091 0.1496 0.0117 0.0155 0.0328 0.0419 0.0452 0.0127 0.0209 0.3822 0.0216 
      H043.9  2 0.3045 0.0045 0.0067 0.0635 0.0289 0.0276 0.0622 0.0061 0.0948 0.0081 0.0138 0.0513 0.0223 0.1479 0.0121 0.0218 0.0986 0.0253 
      H047.1  2 0.2251 0.0042 0.0058 0.0119 0.0045 0.1671 0.0063 0.0041 0.0089 0.0060 0.0047 0.0208 0.0068 0.4596 0.0051 0.0478 0.0047 0.0065 
      H047.2  2 0.0067 0.0124 0.0179 0.0283 0.0088 0.5801 0.0043 0.0143 0.0368 0.0063 0.0212 0.0060 0.0089 0.1754 0.0118 0.0108 0.0432 0.0067 
      H047.3  2 0.0088 0.0305 0.0103 0.0132 0.0191 0.5696 0.0041 0.0120 0.0254 0.0082 0.0236 0.0079 0.0066 0.1263 0.0120 0.0282 0.0814 0.0129 
      H047.4  2 0.0129 0.0160 0.0220 0.0118 0.0467 0.2666 0.0035 0.0196 0.0887 0.0114 0.0088 0.0077 0.0085 0.3580 0.0211 0.0709 0.0175 0.0084 
      H047.5  2 0.0199 0.0158 0.0107 0.0106 0.0082 0.6061 0.0041 0.0093 0.0091 0.0090 0.0061 0.0091 0.0079 0.1355 0.0094 0.0615 0.0267 0.0409 
      H047.6  2 0.0071 0.0172 0.0102 0.0079 0.0480 0.7294 0.0061 0.0110 0.0157 0.0050 0.0085 0.0037 0.0046 0.0406 0.0116 0.0558 0.0117 0.0059 
      H047.7  2 0.1377 0.0068 0.0170 0.0094 0.0172 0.1053 0.0102 0.0101 0.0085 0.0068 0.0081 0.0206 0.0052 0.4052 0.0059 0.2142 0.0043 0.0074 
      H047.8  2 0.0227 0.0148 0.0112 0.0091 0.0394 0.6340 0.0040 0.0120 0.0194 0.0083 0.0072 0.0143 0.0050 0.0690 0.0100 0.0993 0.0096 0.0105 
      H047.9  2 0.0464 0.0103 0.0435 0.0422 0.0097 0.1528 0.0040 0.0330 0.0084 0.0070 0.0056 0.0259 0.0086 0.4036 0.0148 0.1139 0.0135 0.0570 
 H071.1_2002  2 0.0190 0.0057 0.0042 0.0210 0.0045 0.0041 0.0048 0.0046 0.0066 0.0043 0.0039 0.0058 0.0080 0.8744 0.0070 0.0079 0.0039 0.0104 
 H071.1_2003  2 0.0341 0.0124 0.0104 0.0268 0.0117 0.0168 0.0108 0.0061 0.0325 0.0066 0.0046 0.0080 0.0548 0.6153 0.0207 0.0073 0.0070 0.1140 
     H071.10  2 0.0042 0.0031 0.0043 0.0065 0.0049 0.0029 0.0060 0.0070 0.0053 0.0055 0.0088 0.0122 0.0145 0.8927 0.0043 0.0082 0.0055 0.0040 
 H071.2_2002  2 0.0112 0.0120 0.0079 0.0070 0.0054 0.0071 0.0058 0.0046 0.0093 0.0072 0.0037 0.0087 0.0069 0.8571 0.0110 0.0079 0.0119 0.0154 
 H071.2_2003  2 0.0068 0.0041 0.0041 0.0061 0.0047 0.0044 0.0033 0.0035 0.0045 0.0032 0.0034 0.0051 0.0040 0.9239 0.0054 0.0044 0.0035 0.0057 
      H071.3  2 0.0069 0.0050 0.0053 0.0037 0.0088 0.0506 0.0073 0.0113 0.0106 0.0148 0.0093 0.0124 0.0233 0.8073 0.0035 0.0093 0.0043 0.0062 
 H071.4_2002  2 0.0078 0.0049 0.0077 0.0184 0.0068 0.0051 0.0126 0.0122 0.0099 0.0069 0.0079 0.0113 0.0105 0.8402 0.0074 0.0090 0.0119 0.0094 
 H071.4_2003  2 0.0043 0.0031 0.0074 0.0036 0.0032 0.0074 0.0031 0.0065 0.0050 0.0070 0.0037 0.0083 0.0092 0.9099 0.0033 0.0062 0.0041 0.0046 
 H071.5_2002  2 0.0061 0.0027 0.0041 0.0066 0.0046 0.0033 0.0045 0.0056 0.0052 0.0030 0.0068 0.0055 0.0062 0.9122 0.0041 0.0088 0.0045 0.0059 
 H071.5_2003  2 0.0075 0.0041 0.0098 0.0065 0.0051 0.0121 0.0036 0.0089 0.0106 0.0082 0.0037 0.0134 0.0176 0.8558 0.0082 0.0100 0.0085 0.0066 
 H071.6_2002  2 0.0056 0.0048 0.0056 0.0055 0.0046 0.0041 0.0049 0.0048 0.0055 0.0084 0.0039 0.0166 0.0066 0.8853 0.0043 0.0152 0.0071 0.0071 
 H071.6_2003  2 0.0060 0.0029 0.0047 0.0071 0.0049 0.0039 0.0029 0.0055 0.0087 0.0035 0.0035 0.0078 0.0167 0.8942 0.0067 0.0095 0.0057 0.0057 
 H071.7_2002  2 0.0061 0.0043 0.0042 0.0033 0.0039 0.0055 0.0038 0.0030 0.0068 0.0046 0.0032 0.0048 0.0041 0.9129 0.0061 0.0112 0.0052 0.0070 
 H071.7_2003  2 0.0109 0.0030 0.0074 0.0122 0.0060 0.0068 0.0051 0.0087 0.0081 0.0051 0.0050 0.0113 0.0235 0.8584 0.0071 0.0076 0.0062 0.0075 
      H071.8  2 0.0076 0.0146 0.0078 0.0058 0.0077 0.0069 0.0054 0.0042 0.0088 0.0082 0.0038 0.0060 0.0044 0.8767 0.0068 0.0063 0.0081 0.0109 
      H071.9  2 0.0113 0.0117 0.0133 0.0109 0.0182 0.0120 0.0157 0.0109 0.0160 0.0088 0.0095 0.0219 0.0200 0.7254 0.0155 0.0153 0.0530 0.0106 
 H081.1_2002  2 0.0102 0.0084 0.0080 0.0057 0.0059 0.0039 0.0045 0.0047 0.0062 0.0068 0.0050 0.0043 0.0062 0.8848 0.0095 0.0054 0.0072 0.0133 
 H081.1_2003  2 0.0567 0.1038 0.0112 0.0234 0.0572 0.0145 0.2467 0.0117 0.0352 0.0502 0.0226 0.0106 0.0596 0.0560 0.1749 0.0211 0.0275 0.0170 
 H081.2_2002  2 0.0088 0.0063 0.0096 0.0058 0.0059 0.0064 0.0047 0.0068 0.0090 0.0058 0.0043 0.0041 0.0049 0.8160 0.0089 0.0069 0.0048 0.0810 
 H081.2_2003  2 0.0177 0.0076 0.0121 0.0079 0.0212 0.0098 0.0107 0.0117 0.0137 0.0054 0.0274 0.0275 0.6859 0.0362 0.0189 0.0058 0.0118 0.0687 
 H081.3_2002  2 0.0047 0.0052 0.0162 0.0089 0.0084 0.0123 0.0071 0.0079 0.0167 0.0051 0.0063 0.0051 0.0094 0.8352 0.0080 0.0042 0.0106 0.0286 
 H081.3_2003  2 0.0711 0.0146 0.0161 0.0600 0.0184 0.0112 0.0163 0.0162 0.0206 0.0069 0.0172 0.0342 0.4588 0.0184 0.0258 0.0085 0.1385 0.0471 
 H081.4_2002  2 0.0083 0.0068 0.0087 0.0103 0.0093 0.0053 0.0037 0.0059 0.0056 0.0088 0.0058 0.0067 0.0087 0.8823 0.0058 0.0065 0.0048 0.0066 
 H081.4_2003  2 0.0763 0.0612 0.0118 0.0441 0.0964 0.0095 0.0196 0.0259 0.0550 0.0139 0.0193 0.0214 0.2866 0.0233 0.1371 0.0114 0.0444 0.0429 
