      H105.1  1 0.0430 0.8134 0.0105 0.0262 0.0232 0.0158 0.0086 0.0106 0.0098 0.0201 0.0188 
      H105.2  1 0.0319 0.5037 0.0282 0.0135 0.0831 0.1285 0.0341 0.1037 0.0107 0.0354 0.0271 
      H105.3  1 0.0218 0.7806 0.0190 0.0297 0.0148 0.0405 0.0138 0.0230 0.0076 0.0344 0.0146 
      H105.4  1 0.0170 0.1868 0.1694 0.0195 0.2301 0.1307 0.0315 0.0563 0.0109 0.0437 0.1040 
      H105.5  1 0.1260 0.3010 0.1578 0.0109 0.0948 0.0415 0.0284 0.0447 0.0088 0.1576 0.0286 
      H105.6  1 0.0100 0.3293 0.1098 0.0440 0.1066 0.2836 0.0392 0.0115 0.0104 0.0407 0.0149 
      H105.7  1 0.0378 0.6303 0.0176 0.1184 0.0342 0.0302 0.0110 0.0113 0.0076 0.0190 0.0826 
      H105.8  1 0.0105 0.7670 0.0276 0.0451 0.0282 0.0592 0.0144 0.0197 0.0093 0.0084 0.0105 
      H115.1  1 0.0169 0.0250 0.6046 0.0504 0.0115 0.0746 0.0795 0.0211 0.0127 0.0883 0.0153 
      H115.2  1 0.0269 0.0181 0.6775 0.0113 0.0136 0.0151 0.1803 0.0089 0.0243 0.0159 0.0080 
      H115.3  1 0.0270 0.0080 0.8768 0.0074 0.0089 0.0070 0.0294 0.0087 0.0067 0.0124 0.0078 
      H115.4  1 0.1044 0.0612 0.1814 0.0079 0.0118 0.0147 0.4465 0.0423 0.0110 0.1057 0.0130 
      H115.5  1 0.0314 0.0287 0.6119 0.0264 0.0151 0.0267 0.0304 0.1373 0.0540 0.0212 0.0168 
      H115.6  1 0.0505 0.0144 0.7402 0.0126 0.0217 0.0213 0.0485 0.0224 0.0176 0.0255 0.0252 
      H115.7  1 0.0584 0.0144 0.4206 0.0085 0.0272 0.1952 0.1212 0.0669 0.0096 0.0381 0.0400 
      H115.8  1 0.0291 0.0196 0.7062 0.0386 0.0118 0.0146 0.0352 0.0198 0.0924 0.0162 0.0165 
      H115.9  1 0.0133 0.0063 0.8865 0.0284 0.0066 0.0105 0.0081 0.0081 0.0061 0.0155 0.0106 
      H145.1  1 0.0076 0.0052 0.0105 0.0093 0.8747 0.0117 0.0100 0.0044 0.0395 0.0210 0.0060 
      H145.2  1 0.0083 0.0091 0.0318 0.0088 0.8451 0.0133 0.0119 0.0064 0.0380 0.0197 0.0076 
      H145.3  1 0.0091 0.0045 0.0084 0.0198 0.8319 0.0092 0.0080 0.0254 0.0629 0.0097 0.0109 
      H145.4  1 0.0071 0.0053 0.0055 0.0070 0.9044 0.0188 0.0092 0.0062 0.0164 0.0149 0.0052 
      H145.5  1 0.0091 0.0052 0.0072 0.0101 0.6737 0.0109 0.0081 0.0134 0.2278 0.0287 0.0059 
      H145.6  1 0.0087 0.0060 0.0288 0.0082 0.8507 0.0148 0.0108 0.0227 0.0311 0.0109 0.0073 
      H145.7  1 0.0173 0.0043 0.0066 0.0130 0.8782 0.0133 0.0114 0.0240 0.0093 0.0153 0.0074 
      H149.1  1 0.0085 0.0066 0.0078 0.0072 0.0107 0.0086 0.0055 0.0071 0.0100 0.9219 0.0061 
      H149.2  1 0.0187 0.0057 0.0072 0.0056 0.0428 0.0089 0.0046 0.0079 0.0050 0.8861 0.0076 
      H149.3  1 0.0527 0.0111 0.0105 0.0097 0.0680 0.0245 0.0111 0.0140 0.0073 0.7707 0.0205 
      H149.4  1 0.0109 0.0182 0.0093 0.0078 0.0107 0.0186 0.0175 0.0090 0.0150 0.8702 0.0128 
      H149.5  1 0.1127 0.0139 0.0055 0.0096 0.0902 0.0180 0.0176 0.0165 0.0059 0.6840 0.0262 
      H149.6  1 0.0180 0.0066 0.0043 0.0052 0.0205 0.0138 0.0082 0.0075 0.0051 0.8980 0.0128 
      H149.7  1 0.0455 0.0414 0.0100 0.0205 0.0230 0.0252 0.0391 0.0156 0.0139 0.6549 0.1109 
      H150.1  1 0.0080 0.0084 0.8783 0.0120 0.0106 0.0109 0.0381 0.0062 0.0150 0.0055 0.0069 
      H150.2  1 0.0177 0.0142 0.6320 0.0066 0.0117 0.0366 0.1961 0.0096 0.0477 0.0161 0.0117 
      H150.3  1 0.0100 0.0134 0.5257 0.0222 0.0181 0.2500 0.0864 0.0221 0.0217 0.0100 0.0204 
      H150.4  1 0.0084 0.0061 0.8815 0.0133 0.0100 0.0186 0.0118 0.0118 0.0232 0.0058 0.0095 
      H150.5  1 0.0420 0.0284 0.6323 0.0103 0.0157 0.0244 0.1968 0.0131 0.0071 0.0109 0.0190 
      H150.6  1 0.0609 0.0860 0.3154 0.0057 0.0127 0.0192 0.4000 0.0448 0.0157 0.0204 0.0194 
      H150.7  1 0.0049 0.0055 0.9160 0.0119 0.0131 0.0103 0.0120 0.0066 0.0094 0.0044 0.0058 
   H169607.1  1 0.0289 0.0368 0.0867 0.0336 0.2721 0.0431 0.2418 0.0352 0.0369 0.0389 0.1460 
   H169607.2  1 0.0149 0.0218 0.0623 0.0768 0.6517 0.0180 0.0925 0.0105 0.0050 0.0284 0.0182 
   H169607.3  1 0.1248 0.0190 0.0533 0.0502 0.3637 0.0241 0.0488 0.0424 0.0227 0.0246 0.2263 
   H169607.4  1 0.0085 0.0180 0.0269 0.0096 0.8491 0.0080 0.0141 0.0070 0.0090 0.0321 0.0176 
   H169607.5  1 0.0776 0.0079 0.0781 0.0790 0.3224 0.0131 0.3473 0.0126 0.0102 0.0348 0.0170 
   H169607.6  1 0.0159 0.0428 0.0531 0.0538 0.7223 0.0078 0.0290 0.0227 0.0058 0.0288 0.0181 
   H169607.7  1 0.0174 0.1287 0.0367 0.0750 0.1373 0.0191 0.5034 0.0250 0.0070 0.0293 0.0211 
   H169607.8  1 0.0091 0.0200 0.0394 0.0293 0.8213 0.0080 0.0155 0.0095 0.0050 0.0227 0.0202 
   H169633.1  1 0.0185 0.1388 0.0323 0.0160 0.0829 0.0583 0.0130 0.1145 0.0551 0.4519 0.0186 
   H169633.2  1 0.0091 0.1675 0.0075 0.0316 0.0180 0.0392 0.0226 0.0538 0.0135 0.6149 0.0222 
   H169633.3  1 0.0234 0.0333 0.0095 0.0398 0.0204 0.0595 0.0161 0.0169 0.0117 0.7580 0.0115 
   H169633.4  1 0.0357 0.0205 0.0239 0.0118 0.0765 0.0195 0.0094 0.0321 0.0569 0.7067 0.0072 
   H169633.5  1 0.0445 0.0268 0.0283 0.0084 0.0627 0.0263 0.0095 0.0306 0.0518 0.7048 0.0063 
   H169688.1  1 0.0082 0.0110 0.0139 0.0229 0.2118 0.0106 0.2464 0.2467 0.0067 0.0336 0.1882 
   H169688.2  1 0.0109 0.0471 0.0192 0.0189 0.0214 0.0075 0.3240 0.1027 0.0245 0.0112 0.4127 
   H169688.3  1 0.0203 0.0243 0.0230 0.0064 0.0207 0.0084 0.7813 0.0304 0.0076 0.0125 0.0651 
   H169688.4  1 0.0200 0.0228 0.4016 0.0128 0.0147 0.0096 0.3933 0.0318 0.0286 0.0110 0.0537 
   H169688.5  1 0.0256 0.0162 0.3986 0.0107 0.0144 0.0074 0.3601 0.0388 0.0419 0.0131 0.0732 
   H169688.6  1 0.0078 0.0576 0.0186 0.0125 0.0415 0.0046 0.6734 0.0733 0.0419 0.0172 0.0517 
   H169688.7  1 0.0153 0.0164 0.0272 0.0118 0.0321 0.0112 0.7918 0.0418 0.0138 0.0140 0.0246 
   H171901.1  1 0.0229 0.0272 0.1064 0.0104 0.1013 0.2293 0.0911 0.0727 0.0983 0.0232 0.2171 
   H171901.2  1 0.0170 0.0472 0.0608 0.0215 0.1992 0.0212 0.0358 0.0153 0.0123 0.5564 0.0132 
   H171901.3  1 0.0242 0.0157 0.0484 0.0157 0.0474 0.0151 0.0560 0.0361 0.0108 0.6590 0.0716 
   H171901.4  1 0.0106 0.0359 0.0333 0.0135 0.0562 0.0116 0.0542 0.0212 0.0095 0.7412 0.0130 
   H171901.5  1 0.0154 0.0334 0.0222 0.0065 0.0705 0.0082 0.0468 0.0080 0.0093 0.7472 0.0324 
   H171901.6  1 0.0159 0.0333 0.0392 0.0141 0.2381 0.0119 0.0800 0.0073 0.0082 0.5117 0.0404 
   H171901.7  1 0.0194 0.0183 0.0185 0.0251 0.1019 0.0133 0.2979 0.0140 0.0114 0.4539 0.0263 
   H171902.1  1 0.0081 0.0159 0.0686 0.0218 0.3252 0.0076 0.0978 0.0261 0.1541 0.2616 0.0133 
  H171902.10  1 0.0075 0.0301 0.0162 0.0054 0.3764 0.0064 0.0867 0.0137 0.0169 0.4266 0.0141 
   H171902.2  1 0.0108 0.0730 0.0342 0.0667 0.0969 0.0164 0.0494 0.3280 0.0614 0.1830 0.0804 
   H171902.3  1 0.0086 0.0819 0.0303 0.0125 0.2768 0.0113 0.0901 0.0171 0.0162 0.4442 0.0111 
   H171902.4  1 0.0068 0.0091 0.0204 0.0128 0.4221 0.0148 0.0069 0.0144 0.0625 0.4188 0.0113 
   H171902.6  1 0.0065 0.0250 0.0164 0.0060 0.4433 0.0084 0.0159 0.0087 0.0178 0.4442 0.0077 
   H171902.7  1 0.0115 0.0190 0.0198 0.0069 0.4189 0.0103 0.0273 0.0063 0.0809 0.3866 0.0126 
   H171902.8  1 0.0114 0.0473 0.0219 0.0079 0.4196 0.0074 0.0396 0.0127 0.0179 0.4008 0.0135 
   H171902.9  1 0.0109 0.0138 0.3356 0.0196 0.3149 0.0153 0.0589 0.0166 0.0922 0.1030 0.0193 
   H171903.1  1 0.0369 0.0162 0.2622 0.0439 0.3373 0.0129 0.1840 0.0109 0.0058 0.0372 0.0527 
   H171903.2  1 0.1129 0.0415 0.2133 0.1552 0.2122 0.0112 0.1055 0.0127 0.0138 0.0446 0.0771 
   H171903.3  1 0.4454 0.0170 0.0376 0.0364 0.0667 0.0126 0.1131 0.0114 0.0213 0.1932 0.0454 
   H171903.4  1 0.0256 0.0131 0.0653 0.0077 0.1294 0.0213 0.0652 0.0168 0.0115 0.0179 0.6261 
   H171903.5  1 0.2878 0.1042 0.0720 0.0394 0.0279 0.0105 0.1832 0.0146 0.0145 0.1938 0.0521 
   H171903.6  1 0.2140 0.0157 0.1061 0.0229 0.0691 0.0073 0.3434 0.0125 0.0075 0.1306 0.0708 
      H177.1  1 0.0187 0.0129 0.0240 0.0122 0.1228 0.0064 0.0500 0.0072 0.0159 0.3876 0.3422 
      H177.2  1 0.1023 0.0454 0.0393 0.0990 0.2113 0.0131 0.1495 0.0260 0.0254 0.2562 0.0326 
      H177.3  1 0.0546 0.0171 0.0407 0.0148 0.2004 0.0149 0.0954 0.0075 0.0253 0.5029 0.0265 
      H177.4  1 0.0288 0.0381 0.0075 0.0125 0.0710 0.0073 0.0291 0.0076 0.0111 0.4780 0.3091 
      H177.5  1 0.0602 0.0234 0.0149 0.0170 0.0196 0.0087 0.0480 0.0145 0.0097 0.0227 0.7614 
      H177.6  1 0.0399 0.0253 0.0425 0.0172 0.1076 0.0097 0.0509 0.0062 0.0260 0.6532 0.0216 
      H179.1  1 0.0099 0.6756 0.0267 0.0153 0.0076 0.0179 0.0282 0.0167 0.0049 0.0405 0.1568 
      H179.2  1 0.0594 0.3609 0.0231 0.0455 0.0090 0.0177 0.1796 0.0182 0.0070 0.1774 0.1022 
      H179.3  1 0.0219 0.2067 0.0456 0.0633 0.0126 0.0128 0.1842 0.0377 0.0109 0.0246 0.3797 
      H179.4  1 0.0121 0.0876 0.0111 0.0554 0.0268 0.0096 0.1387 0.0262 0.0078 0.5875 0.0373 
      H180.1  1 0.1523 0.0659 0.2503 0.0090 0.0084 0.0135 0.3494 0.0557 0.0327 0.0502 0.0128 
      H180.2  1 0.0684 0.0485 0.3949 0.0077 0.0093 0.0140 0.2861 0.0974 0.0254 0.0268 0.0216 
      H180.3  1 0.1145 0.0130 0.5450 0.0609 0.0109 0.0165 0.1747 0.0140 0.0178 0.0238 0.0088 
      H180.4  1 0.2907 0.1067 0.0449 0.0214 0.0140 0.0471 0.2780 0.0993 0.0537 0.0258 0.0184 
      H180.5  1 0.2448 0.0475 0.0843 0.0410 0.0141 0.0085 0.3495 0.0707 0.0689 0.0289 0.0419 
      H180.6  1 0.0357 0.0260 0.0796 0.5592 0.0323 0.0201 0.0821 0.0568 0.0687 0.0278 0.0115 
      H181.1  1 0.1886 0.0761 0.0119 0.0088 0.0435 0.0060 0.0122 0.3155 0.0222 0.3017 0.0136 
      H181.2  1 0.0351 0.0985 0.0118 0.0108 0.0887 0.0128 0.0346 0.2606 0.0235 0.4016 0.0220 
      H181.3  1 0.0196 0.0311 0.0121 0.0092 0.0510 0.0078 0.0161 0.6444 0.0178 0.1676 0.0233 
      H181.4  1 0.3838 0.0198 0.0688 0.0186 0.0780 0.0191 0.0515 0.1128 0.0049 0.2167 0.0259 
      H181.5  1 0.0454 0.0928 0.0107 0.0180 0.0252 0.0262 0.0150 0.5659 0.0101 0.1446 0.0461 
      H181.6  1 0.0414 0.3306 0.0255 0.0222 0.0293 0.0190 0.0422 0.0527 0.0111 0.3885 0.0375 
      H181.7  1 0.0333 0.1375 0.0178 0.0275 0.0453 0.0092 0.0615 0.3467 0.0155 0.2931 0.0125 
 H194.1_2004  1 0.0176 0.0072 0.0227 0.0191 0.8298 0.0109 0.0365 0.0085 0.0095 0.0213 0.0169 
 H194.2_2004  1 0.0245 0.0067 0.0090 0.0085 0.7589 0.0143 0.0163 0.0107 0.0157 0.0126 0.1228 
 H194.3_2004  1 0.0088 0.0132 0.0093 0.0104 0.7133 0.0167 0.0103 0.0046 0.0117 0.1833 0.0183 
 H194.4_2004  1 0.0106 0.0049 0.0076 0.0084 0.7480 0.0080 0.0110 0.0142 0.0268 0.0412 0.1192 
 H194.5_2004  1 0.0140 0.0142 0.0112 0.0271 0.7150 0.0166 0.0199 0.0087 0.0084 0.1442 0.0207 
 H194.6_2004  1 0.0200 0.0106 0.0144 0.0226 0.1471 0.0144 0.0235 0.0093 0.0103 0.4473 0.2803 
 H194.7_2004  1 0.0174 0.0079 0.0131 0.0894 0.7563 0.0278 0.0156 0.0184 0.0093 0.0104 0.0345 
 H194.8_2004  1 0.0187 0.0087 0.0123 0.0244 0.4718 0.0252 0.0249 0.0156 0.0163 0.1624 0.2196 
      H194.9  1 0.0133 0.0105 0.0123 0.0869 0.7742 0.0313 0.0120 0.0103 0.0142 0.0161 0.0188 
 H195.1_2003  1 0.0106 0.0394 0.0087 0.0144 0.7543 0.0213 0.0375 0.0121 0.0049 0.0464 0.0503 
 H195.1_2004  1 0.0170 0.0105 0.0078 0.0058 0.8479 0.0146 0.0177 0.0272 0.0273 0.0171 0.0071 
 H195.2_2003  1 0.0066 0.0369 0.0341 0.0207 0.8254 0.0064 0.0158 0.0086 0.0105 0.0110 0.0242 
 H195.2_2004  1 0.0097 0.0075 0.0070 0.0115 0.8891 0.0100 0.0122 0.0123 0.0221 0.0089 0.0098 
 H195.3_2003  1 0.0086 0.0214 0.0725 0.0141 0.7635 0.0107 0.0329 0.0144 0.0096 0.0142 0.0380 
 H195.3_2004  1 0.0088 0.0081 0.0056 0.0062 0.9088 0.0085 0.0080 0.0105 0.0107 0.0179 0.0068 
 H195.4_2003  1 0.0090 0.0155 0.0078 0.0084 0.8890 0.0161 0.0118 0.0064 0.0043 0.0200 0.0118 
 H195.4_2004  1 0.0050 0.0058 0.0065 0.0155 0.8693 0.0082 0.0139 0.0469 0.0092 0.0068 0.0129 
 H195.5_2003  1 0.0119 0.0521 0.0190 0.0103 0.7303 0.0430 0.0403 0.0312 0.0057 0.0260 0.0301 
 H195.5_2004  1 0.0075 0.0083 0.0064 0.0073 0.8852 0.0118 0.0128 0.0292 0.0150 0.0108 0.0057 
 H195.6_2003  1 0.0100 0.0126 0.0154 0.0071 0.9026 0.0076 0.0107 0.0084 0.0083 0.0067 0.0107 
 H195.6_2004  1 0.0043 0.0066 0.0043 0.0071 0.9237 0.0087 0.0072 0.0071 0.0108 0.0125 0.0077 
 H195.7_2003  1 0.0098 0.0180 0.0074 0.0161 0.7677 0.0097 0.0617 0.0094 0.0045 0.0162 0.0793 
 H195.7_2004  1 0.0147 0.0096 0.0115 0.0063 0.7699 0.0129 0.0185 0.0248 0.1177 0.0079 0.0062 
      H195.8  1 0.0116 0.0060 0.0087 0.0140 0.8223 0.0137 0.0160 0.0753 0.0130 0.0072 0.0122 
      H195.9  1 0.0090 0.0062 0.0077 0.0111 0.8948 0.0079 0.0125 0.0126 0.0066 0.0152 0.0164 
      H415.1  1 0.0169 0.0953 0.1345 0.0601 0.0602 0.0672 0.0544 0.0107 0.1070 0.3620 0.0316 
      H415.2  1 0.0146 0.0236 0.1426 0.0117 0.0745 0.0247 0.0342 0.0050 0.0238 0.6190 0.0263 
      H415.3  1 0.0228 0.1494 0.0137 0.0146 0.0114 0.0570 0.0500 0.0042 0.0074 0.6544 0.0151 
      H415.4  1 0.0346 0.0886 0.1002 0.0499 0.0187 0.0832 0.0254 0.0080 0.0230 0.5543 0.0140 
      H415.5  1 0.0188 0.1106 0.0094 0.0075 0.0124 0.0227 0.0232 0.0052 0.0111 0.7613 0.0176 
      H415.6  1 0.0315 0.1050 0.1005 0.0442 0.0216 0.0575 0.0173 0.0087 0.0238 0.5751 0.0149 
      H415.7  1 0.0269 0.0392 0.0230 0.0102 0.0559 0.0239 0.0483 0.0054 0.0179 0.7173 0.0319 
      H506.1  1 0.0068 0.1521 0.0056 0.0137 0.0054 0.0097 0.0117 0.0282 0.0173 0.7381 0.0114 
      H506.2  1 0.0103 0.1157 0.0066 0.0116 0.0112 0.0083 0.0123 0.0111 0.0071 0.7926 0.0132 
      H506.3  1 0.0133 0.2529 0.0102 0.0247 0.0075 0.0167 0.0330 0.0570 0.1232 0.4012 0.0601 
      H506.4  1 0.0183 0.1749 0.0127 0.0273 0.0074 0.0124 0.0304 0.0304 0.0431 0.6018 0.0412 
      H506.5  1 0.0073 0.1436 0.0098 0.0117 0.0106 0.0099 0.0111 0.0176 0.0115 0.7491 0.0179 
      H506.6  1 0.0665 0.3515 0.0525 0.0173 0.0240 0.0119 0.0372 0.0329 0.1307 0.1196 0.1558 
      H506.7  1 0.0082 0.1461 0.0079 0.0149 0.0103 0.0087 0.0084 0.0205 0.0132 0.7471 0.0146 
      H533.1  1 0.0128 0.2745 0.0070 0.0087 0.0067 0.0061 0.0743 0.0251 0.0229 0.5566 0.0054 
      H533.2  1 0.0082 0.1808 0.0063 0.0061 0.0070 0.0054 0.0227 0.0298 0.0386 0.6877 0.0072 
      H533.3  1 0.0371 0.1563 0.0165 0.0198 0.0083 0.0062 0.1345 0.0166 0.0169 0.5797 0.0081 
      H533.4  1 0.0188 0.0864 0.0191 0.0112 0.0184 0.0082 0.1765 0.0513 0.0218 0.5770 0.0112 
      H535.1  1 0.0141 0.0094 0.0168 0.0124 0.0168 0.0096 0.0230 0.0073 0.0065 0.8641 0.0200 
      H535.2  1 0.0343 0.0266 0.0079 0.0775 0.0542 0.0090 0.0130 0.1091 0.0040 0.6386 0.0258 
      H535.3  1 0.0269 0.0567 0.0213 0.0634 0.0345 0.0080 0.0140 0.2216 0.0073 0.5312 0.0151 
      H535.4  1 0.0103 0.0086 0.0050 0.0065 0.0106 0.0079 0.0086 0.0171 0.0046 0.9151 0.0055 
      H535.5  1 0.0079 0.0072 0.0065 0.0075 0.0145 0.0091 0.0177 0.0092 0.0047 0.8974 0.0183 
      H535.6  1 0.0246 0.0089 0.0288 0.0249 0.0815 0.0144 0.0443 0.0320 0.0070 0.5357 0.1980 
      H535.7  1 0.0090 0.0166 0.0075 0.0150 0.0113 0.0059 0.0149 0.0084 0.0072 0.8894 0.0148 
      H535.8  1 0.0060 0.0100 0.0110 0.0314 0.0273 0.0068 0.0202 0.0380 0.0065 0.7675 0.0753 
      H535.9  1 0.0105 0.0231 0.0425 0.0115 0.0275 0.0097 0.0123 0.0198 0.0103 0.8233 0.0095 
      H539.1  1 0.0041 0.0033 0.9481 0.0090 0.0066 0.0046 0.0046 0.0033 0.0079 0.0042 0.0043 
      H539.2  1 0.0233 0.0158 0.1953 0.0227 0.0155 0.0116 0.6314 0.0381 0.0208 0.0109 0.0146 
      H539.3  1 0.0085 0.0076 0.8043 0.0286 0.0368 0.0134 0.0275 0.0138 0.0304 0.0085 0.0204 
      H539.4  1 0.0106 0.0244 0.8522 0.0112 0.0061 0.0056 0.0265 0.0080 0.0395 0.0066 0.0093 
      H539.5  1 0.0053 0.0038 0.9208 0.0212 0.0095 0.0056 0.0077 0.0044 0.0117 0.0050 0.0051 
      H539.6  1 0.0072 0.0043 0.8891 0.0323 0.0128 0.0073 0.0204 0.0068 0.0082 0.0057 0.0057 
      H539.7  1 0.0064 0.0058 0.9261 0.0075 0.0068 0.0083 0.0167 0.0046 0.0060 0.0051 0.0066 
      H539.8  1 0.0189 0.0161 0.7113 0.0133 0.0207 0.0307 0.0317 0.0191 0.0935 0.0132 0.0314 
      H539.9  1 0.0077 0.0074 0.9137 0.0142 0.0061 0.0057 0.0089 0.0071 0.0186 0.0048 0.0057 
      H540.1  1 0.0346 0.0072 0.8536 0.0114 0.0110 0.0077 0.0296 0.0076 0.0127 0.0138 0.0108 
      H540.2  1 0.0084 0.0065 0.9313 0.0073 0.0087 0.0074 0.0086 0.0041 0.0042 0.0068 0.0066 
      H540.3  1 0.0754 0.0262 0.4409 0.0069 0.0295 0.0334 0.0166 0.0192 0.2916 0.0167 0.0436 
      H540.4  1 0.0151 0.0111 0.8310 0.0072 0.0110 0.0102 0.0792 0.0062 0.0053 0.0121 0.0116 
      H540.5  1 0.0162 0.0095 0.8655 0.0107 0.0074 0.0082 0.0133 0.0128 0.0321 0.0125 0.0116 
      H540.6  1 0.0425 0.0089 0.7904 0.0230 0.0128 0.0222 0.0222 0.0293 0.0181 0.0148 0.0160 
      H540.7  1 0.0127 0.0114 0.8625 0.0217 0.0099 0.0094 0.0308 0.0086 0.0069 0.0178 0.0081 
      H540.8  1 0.0326 0.0078 0.7603 0.0073 0.0212 0.0088 0.1144 0.0043 0.0089 0.0251 0.0093 
     H9558.1  1 0.0051 0.0066 0.9241 0.0058 0.0113 0.0052 0.0141 0.0041 0.0089 0.0056 0.0091 
     H9558.2  1 0.0055 0.0213 0.8944 0.0123 0.0111 0.0078 0.0086 0.0066 0.0100 0.0082 0.0143 
     H9558.3  1 0.0075 0.0114 0.8978 0.0163 0.0109 0.0097 0.0062 0.0081 0.0152 0.0094 0.0074 
     H9558.4  1 0.0087 0.0109 0.8943 0.0077 0.0080 0.0050 0.0321 0.0061 0.0092 0.0081 0.0100 
     H9558.5  1 0.0126 0.0571 0.8011 0.0059 0.0053 0.0083 0.0470 0.0069 0.0355 0.0093 0.0109 
     H9558.6  1 0.0496 0.0079 0.7988 0.0606 0.0152 0.0159 0.0077 0.0048 0.0130 0.0096 0.0168 
    kos339.1  1 0.0094 0.0093 0.0073 0.0160 0.0075 0.0087 0.0097 0.0071 0.0076 0.9078 0.0095 
    kos339.2  1 0.0127 0.0116 0.0069 0.0238 0.0143 0.0181 0.0061 0.0110 0.0136 0.8752 0.0067 
    kos339.3  1 0.0079 0.0056 0.0075 0.0081 0.0082 0.0062 0.0123 0.0047 0.0051 0.9291 0.0051 
    kos339.4  1 0.0068 0.0081 0.0071 0.0080 0.0072 0.0070 0.0102 0.0080 0.0066 0.9249 0.0061 
    kos339.5  1 0.0082 0.0066 0.0086 0.0111 0.0097 0.0081 0.0073 0.0106 0.0036 0.9196 0.0067 
    kos339.6  1 0.0199 0.0074 0.0060 0.0089 0.0273 0.0141 0.0067 0.0081 0.0147 0.8808 0.0061 
    kos339.7  1 0.0064 0.0055 0.0073 0.0091 0.0076 0.0058 0.0087 0.0055 0.0045 0.9348 0.0050 
    kos339.8  1 0.0127 0.0088 0.0044 0.0076 0.0059 0.0090 0.0075 0.0093 0.0083 0.9194 0.0070 
    kos339.9  1 0.0093 0.0101 0.0177 0.0168 0.0279 0.0180 0.0170 0.0079 0.0072 0.8625 0.0054 
      H008.1  2 0.0077 0.0176 0.0603 0.8087 0.0089 0.0229 0.0313 0.0166 0.0085 0.0086 0.0089 
      H008.2  2 0.0198 0.3319 0.1355 0.1250 0.0344 0.0192 0.0931 0.0526 0.1243 0.0224 0.0420 
      H008.3  2 0.0285 0.0859 0.0681 0.1078 0.0380 0.0284 0.2988 0.1499 0.0966 0.0324 0.0656 
      H008.4  2 0.0099 0.0184 0.0297 0.7552 0.0194 0.0330 0.0123 0.0192 0.0578 0.0210 0.0241 
      H008.5  2 0.0127 0.0159 0.0191 0.8016 0.0128 0.0172 0.0271 0.0156 0.0194 0.0156 0.0430 
      H008.6  2 0.0149 0.1157 0.0723 0.3973 0.0382 0.0270 0.0539 0.0096 0.2026 0.0268 0.0416 
      H008.7  2 0.0143 0.1448 0.0403 0.4227 0.0252 0.0423 0.0430 0.0907 0.1151 0.0195 0.0421 
      H008.8  2 0.0122 0.0388 0.5768 0.1711 0.0361 0.0192 0.0600 0.0336 0.0159 0.0238 0.0127 
      H008.9  2 0.0165 0.0914 0.0676 0.0459 0.1008 0.0280 0.0376 0.0176 0.5400 0.0177 0.0368 
 H029.1_2002  2 0.0082 0.0181 0.0295 0.8060 0.0142 0.0183 0.0082 0.0115 0.0232 0.0117 0.0511 
 H029.1_2003  2 0.0135 0.0285 0.0249 0.3428 0.0181 0.0188 0.0359 0.0107 0.0271 0.0294 0.4504 
 H029.2_2002  2 0.0085 0.0155 0.0087 0.7410 0.0246 0.0057 0.0128 0.0445 0.0306 0.0760 0.0321 
 H029.2_2003  2 0.0318 0.0223 0.0186 0.3925 0.0388 0.0058 0.0781 0.0129 0.0384 0.0790 0.2818 
 H029.3_2002  2 0.0271 0.0264 0.0126 0.4325 0.0280 0.0074 0.0242 0.1341 0.1512 0.0960 0.0606 
 H029.3_2003  2 0.0105 0.0222 0.0055 0.7664 0.0092 0.0147 0.0165 0.0095 0.0080 0.0125 0.1251 
 H029.4_2002  2 0.0071 0.0102 0.0043 0.8831 0.0063 0.0111 0.0082 0.0233 0.0208 0.0050 0.0206 
 H029.4_2003  2 0.0162 0.0351 0.0369 0.4491 0.0138 0.0210 0.0552 0.0154 0.0395 0.0146 0.3032 
 H029.5_2002  2 0.0065 0.0105 0.0088 0.8766 0.0075 0.0182 0.0070 0.0129 0.0069 0.0076 0.0376 
 H029.5_2003  2 0.0078 0.0221 0.0087 0.6714 0.0073 0.0142 0.0361 0.0072 0.0141 0.0081 0.2030 
 H029.6_2002  2 0.0095 0.0107 0.0050 0.6256 0.0092 0.0132 0.0090 0.0459 0.0442 0.0062 0.2213 
 H029.6_2003  2 0.0215 0.0250 0.0166 0.6327 0.0288 0.0315 0.0882 0.0154 0.0123 0.0711 0.0568 
      H029.7  2 0.0058 0.0070 0.0082 0.8440 0.0210 0.0069 0.0090 0.0295 0.0197 0.0270 0.0218 
      H030.1  2 0.4410 0.0616 0.0078 0.0334 0.0159 0.0157 0.0150 0.0165 0.0053 0.0176 0.3701 
      H030.2  2 0.3555 0.0485 0.0271 0.0933 0.0109 0.0447 0.0263 0.2342 0.1000 0.0180 0.0414 
      H038.1  2 0.0080 0.0059 0.0089 0.8991 0.0069 0.0082 0.0059 0.0065 0.0332 0.0061 0.0113 
      H038.2  2 0.0145 0.0068 0.0046 0.9142 0.0051 0.0082 0.0076 0.0094 0.0074 0.0153 0.0069 
      H038.3  2 0.0731 0.0197 0.0134 0.7931 0.0093 0.0130 0.0109 0.0085 0.0380 0.0149 0.0062 
      H038.4  2 0.0159 0.0153 0.0092 0.8551 0.0157 0.0215 0.0082 0.0105 0.0293 0.0101 0.0092 
      H038.5  2 0.0196 0.0214 0.0099 0.8456 0.0069 0.0080 0.0184 0.0153 0.0341 0.0090 0.0119 
      H038.6  2 0.0087 0.0075 0.0107 0.9111 0.0049 0.0051 0.0101 0.0058 0.0144 0.0093 0.0125 
      H038.7  2 0.0143 0.0095 0.0124 0.9142 0.0047 0.0059 0.0075 0.0040 0.0104 0.0102 0.0069 
      H038.8  2 0.0682 0.0088 0.0090 0.7541 0.0110 0.0121 0.0074 0.0162 0.0933 0.0135 0.0065 
      H041.1  2 0.0172 0.0411 0.0164 0.2606 0.0360 0.1774 0.0164 0.1167 0.0485 0.0143 0.2554 
      H041.2  2 0.0073 0.0150 0.0080 0.1109 0.0130 0.3862 0.0082 0.0101 0.0225 0.0149 0.4040 
      H041.4  2 0.0113 0.0265 0.0219 0.5225 0.0517 0.0416 0.0111 0.0145 0.0340 0.0157 0.2493 
      H041.6  2 0.0198 0.0197 0.0737 0.4522 0.0427 0.0716 0.0092 0.0263 0.0155 0.0226 0.2467 
 H042.1_2002  2 0.0115 0.0082 0.0450 0.0146 0.0301 0.0274 0.0428 0.0129 0.0150 0.0202 0.7722 
 H042.1_2003  2 0.0436 0.0997 0.1188 0.1218 0.0656 0.1746 0.1079 0.0140 0.1553 0.0347 0.0639 
 H042.2_2002  2 0.0092 0.0260 0.0158 0.1897 0.0161 0.0565 0.0508 0.0132 0.0500 0.0167 0.5560 
 H042.2_2003  2 0.0119 0.0132 0.0380 0.0944 0.0310 0.5702 0.0163 0.0061 0.0070 0.0187 0.1933 
 H042.3_2002  2 0.0146 0.0133 0.0413 0.0187 0.0428 0.1246 0.2129 0.0093 0.0300 0.0175 0.4750 
 H042.3_2003  2 0.0160 0.0203 0.0811 0.0733 0.0234 0.1844 0.3173 0.0480 0.0456 0.0156 0.1749 
 H042.4_2002  2 0.0143 0.0068 0.0124 0.0127 0.0096 0.0256 0.0089 0.0157 0.0139 0.0097 0.8705 
 H042.4_2003  2 0.0121 0.0068 0.0228 0.0317 0.0199 0.0112 0.0090 0.0174 0.0069 0.0098 0.8525 
      H042.5  2 0.0052 0.0083 0.0106 0.0073 0.0151 0.0090 0.0096 0.0067 0.0040 0.0056 0.9185 
      H042.6  2 0.0070 0.0074 0.0240 0.0227 0.0198 0.0084 0.0170 0.0152 0.0131 0.0069 0.8585 
      H042.7  2 0.0100 0.0159 0.0187 0.0390 0.0389 0.3065 0.0223 0.0094 0.0083 0.0218 0.5091 
      H042.8  2 0.0051 0.0155 0.0183 0.0178 0.0332 0.0757 0.0343 0.0050 0.0265 0.0091 0.7594 
   H042_2002  2 0.0167 0.0329 0.3888 0.1528 0.0741 0.1087 0.0621 0.0101 0.0387 0.0171 0.0980 
   H042_2003  2 0.0137 0.0410 0.4128 0.1540 0.0911 0.0816 0.0579 0.0106 0.0388 0.0146 0.0840 
      H043.1  2 0.0238 0.0755 0.6241 0.0334 0.0120 0.0065 0.0536 0.0234 0.1173 0.0215 0.0090 
      H043.2  2 0.0068 0.0073 0.8200 0.0446 0.0214 0.0081 0.0123 0.0068 0.0560 0.0095 0.0072 
      H043.3  2 0.0099 0.0400 0.3591 0.4605 0.0172 0.0160 0.0214 0.0061 0.0259 0.0177 0.0264 
      H043.4  2 0.0106 0.0184 0.7673 0.0807 0.0132 0.0065 0.0139 0.0069 0.0486 0.0199 0.0141 
      H043.5  2 0.0110 0.0271 0.5319 0.1480 0.0132 0.0199 0.0172 0.0101 0.1991 0.0130 0.0094 
      H043.6  2 0.0124 0.0083 0.5521 0.2201 0.0076 0.0194 0.0137 0.0076 0.1246 0.0153 0.0190 
      H043.7  2 0.0137 0.0104 0.8806 0.0175 0.0132 0.0118 0.0058 0.0046 0.0240 0.0087 0.0097 
      H043.8  2 0.0723 0.0501 0.6516 0.0566 0.0185 0.0253 0.0393 0.0238 0.0187 0.0322 0.0116 
      H043.9  2 0.0222 0.0921 0.5854 0.1425 0.0092 0.0084 0.0191 0.0201 0.0522 0.0198 0.0290 
      H047.1  2 0.0087 0.0676 0.1947 0.6135 0.0151 0.0110 0.0399 0.0049 0.0100 0.0270 0.0077 
      H047.2  2 0.0149 0.5465 0.0237 0.2857 0.0204 0.0230 0.0196 0.0260 0.0071 0.0156 0.0175 
      H047.3  2 0.0129 0.6024 0.0145 0.1974 0.0206 0.0778 0.0180 0.0244 0.0058 0.0124 0.0138 
      H047.4  2 0.0175 0.1568 0.0215 0.6069 0.0203 0.0791 0.0106 0.0096 0.0057 0.0298 0.0423 
      H047.5  2 0.0172 0.4087 0.0441 0.3477 0.0298 0.0894 0.0202 0.0078 0.0040 0.0171 0.0139 
      H047.6  2 0.0081 0.7511 0.0248 0.0762 0.0114 0.0645 0.0075 0.0121 0.0072 0.0141 0.0230 
      H047.7  2 0.0089 0.0771 0.1076 0.6678 0.0154 0.0261 0.0362 0.0099 0.0127 0.0277 0.0104 
      H047.8  2 0.0076 0.5605 0.0693 0.1586 0.0252 0.0841 0.0361 0.0121 0.0073 0.0222 0.0169 
      H047.9  2 0.0166 0.0937 0.0635 0.6101 0.0712 0.0295 0.0387 0.0073 0.0042 0.0462 0.0190 
 H071.1_2002  2 0.0081 0.0055 0.0187 0.9180 0.0064 0.0078 0.0064 0.0052 0.0061 0.0101 0.0076 
 H071.1_2003  2 0.0348 0.0091 0.0585 0.7802 0.0240 0.0157 0.0115 0.0057 0.0121 0.0244 0.0239 
     H071.10  2 0.0235 0.0073 0.0059 0.9002 0.0061 0.0059 0.0087 0.0201 0.0098 0.0062 0.0062 
 H071.2_2002  2 0.0088 0.0095 0.0146 0.9067 0.0110 0.0094 0.0095 0.0047 0.0098 0.0084 0.0076 
 H071.2_2003  2 0.0042 0.0043 0.0071 0.9456 0.0063 0.0062 0.0047 0.0043 0.0040 0.0065 0.0067 
      H071.3  2 0.0204 0.0089 0.0060 0.9074 0.0059 0.0106 0.0083 0.0088 0.0101 0.0075 0.0060 
 H071.4_2002  2 0.0323 0.0192 0.0083 0.8600 0.0094 0.0077 0.0116 0.0131 0.0178 0.0122 0.0083 
 H071.4_2003  2 0.0087 0.0077 0.0054 0.9396 0.0063 0.0042 0.0079 0.0055 0.0031 0.0066 0.0050 
 H071.5_2002  2 0.0076 0.0072 0.0065 0.9361 0.0061 0.0049 0.0052 0.0083 0.0059 0.0058 0.0064 
 H071.5_2003  2 0.0230 0.0097 0.0089 0.9067 0.0099 0.0067 0.0144 0.0042 0.0042 0.0065 0.0058 
 H071.6_2002  2 0.0108 0.0097 0.0060 0.9241 0.0069 0.0051 0.0125 0.0061 0.0058 0.0068 0.0062 
 H071.6_2003  2 0.0141 0.0073 0.0073 0.9328 0.0050 0.0057 0.0065 0.0049 0.0032 0.0069 0.0062 
 H071.7_2002  2 0.0039 0.0060 0.0086 0.9463 0.0054 0.0045 0.0057 0.0039 0.0045 0.0069 0.0045 
 H071.7_2003  2 0.0275 0.0056 0.0095 0.9035 0.0088 0.0075 0.0107 0.0055 0.0049 0.0106 0.0059 
      H071.8  2 0.0067 0.0080 0.0132 0.9161 0.0124 0.0088 0.0063 0.0051 0.0083 0.0085 0.0066 
      H071.9  2 0.0399 0.0588 0.0220 0.7530 0.0172 0.0107 0.0183 0.0190 0.0176 0.0118 0.0318 
 H081.1_2002  2 0.0058 0.0045 0.0101 0.9256 0.0103 0.0081 0.0069 0.0062 0.0050 0.0067 0.0107 
 H081.1_2003  2 0.1339 0.0253 0.1011 0.0499 0.0236 0.0276 0.0166 0.0206 0.3136 0.0872 0.2005 
 H081.2_2002  2 0.0062 0.0066 0.0123 0.9217 0.0145 0.0064 0.0053 0.0058 0.0052 0.0066 0.0094 
 H081.2_2003  2 0.7181 0.0155 0.0432 0.0363 0.0299 0.0099 0.0358 0.0411 0.0115 0.0088 0.0500 
 H081.3_2002  2 0.0129 0.0149 0.0110 0.8894 0.0208 0.0096 0.0054 0.0086 0.0070 0.0087 0.0117 
 H081.3_2003  2 0.5373 0.0291 0.2241 0.0180 0.0265 0.0128 0.0329 0.0185 0.0226 0.0251 0.0530 
 H081.4_2002  2 0.0084 0.0075 0.0077 0.9190 0.0079 0.0090 0.0079 0.0070 0.0049 0.0099 0.0108 
 H081.4_2003  2 0.3214 0.0145 0.1206 0.0156 0.0207 0.0136 0.0243 0.0178 0.0183 0.0257 0.4074 
 H081.5_2002  2 0.0107 0.0061 0.0101 0.9146 0.0080 0.0083 0.0069 0.0044 0.0060 0.0092 0.0158 
 H081.5_2003  2 0.2065 0.0199 0.0974 0.0563 0.0426 0.0304 0.0149 0.0114 0.0253 0.0523 0.4430 
      H081.6  2 0.0076 0.0041 0.0104 0.9295 0.0099 0.0068 0.0082 0.0054 0.0058 0.0064 0.0058 
      H081.7  2 0.0134 0.0105 0.0084 0.8932 0.0242 0.0100 0.0061 0.0089 0.0050 0.0081 0.0122 
      H081.8  2 0.0352 0.0125 0.0112 0.8344 0.0154 0.0147 0.0110 0.0134 0.0184 0.0156 0.0183 
      H083.1  2 0.0087 0.0107 0.0069 0.8815 0.0057 0.0063 0.0100 0.0303 0.0083 0.0168 0.0147 
      H083.2  2 0.0110 0.0350 0.0208 0.8264 0.0113 0.0069 0.0111 0.0355 0.0117 0.0121 0.0181 
      H083.4  2 0.0073 0.0214 0.0141 0.7162 0.0125 0.0086 0.0122 0.1675 0.0190 0.0078 0.0133 
      H083.5  2 0.0079 0.0154 0.0075 0.8173 0.0104 0.0068 0.0066 0.0759 0.0261 0.0086 0.0174 
      H083.6  2 0.0134 0.0167 0.0067 0.7540 0.0125 0.0075 0.0136 0.1325 0.0135 0.0146 0.0150 
      H083.7  2 0.0072 0.0265 0.0084 0.5821 0.0148 0.0090 0.0124 0.3145 0.0103 0.0069 0.0078 
      H083.8  2 0.0076 0.0528 0.0170 0.8093 0.0192 0.0069 0.0118 0.0395 0.0098 0.0164 0.0097 
      H083.9  2 0.0075 0.0126 0.0064 0.8061 0.0093 0.0066 0.0073 0.1062 0.0104 0.0098 0.0178 
      H084.1  2 0.8187 0.0248 0.0096 0.0091 0.0092 0.0183 0.0098 0.0106 0.0647 0.0081 0.0170 
      H084.2  2 0.7847 0.0179 0.0098 0.0115 0.0071 0.0060 0.0167 0.0096 0.0761 0.0086 0.0520 
      H084.3  2 0.5791 0.0167 0.0092 0.0060 0.0108 0.1117 0.0126 0.0173 0.1770 0.0399 0.0197 
      H084.4  2 0.4567 0.0401 0.0120 0.0190 0.0164 0.1209 0.0170 0.0103 0.2187 0.0192 0.0697 
      H084.5  2 0.8045 0.0329 0.0093 0.0082 0.0077 0.0487 0.0087 0.0096 0.0400 0.0193 0.0111 
      H084.6  2 0.7386 0.0234 0.0082 0.0055 0.0120 0.0755 0.0069 0.0254 0.0843 0.0122 0.0080 
      H084.7  2 0.8346 0.0211 0.0083 0.0104 0.0092 0.0082 0.0222 0.0116 0.0194 0.0089 0.0462 
      H084.8  2 0.7112 0.0342 0.0072 0.0069 0.0108 0.0774 0.0085 0.0131 0.1023 0.0156 0.0129 
 H085.1_2002  2 0.0117 0.0121 0.0237 0.1528 0.0919 0.0069 0.0072 0.0242 0.0289 0.0146 0.6258 
 H085.1_2003  2 0.0250 0.0325 0.0083 0.3868 0.0288 0.0221 0.0140 0.0887 0.0139 0.0070 0.3730 
 H085.2_2002  2 0.0532 0.0148 0.0391 0.0361 0.2228 0.0234 0.0108 0.1046 0.0922 0.0212 0.3819 
 H085.2_2003  2 0.0207 0.0301 0.0094 0.5836 0.0194 0.0135 0.0145 0.0464 0.0121 0.0149 0.2354 
 H085.3_2002  2 0.0207 0.0126 0.0236 0.0227 0.2409 0.0241 0.0068 0.0227 0.0071 0.0068 0.6122 
 H085.3_2003  2 0.0448 0.0147 0.0132 0.7594 0.0152 0.0371 0.0241 0.0066 0.0062 0.0063 0.0723 
 H085.4_2002  2 0.0287 0.0125 0.1074 0.1939 0.1190 0.0188 0.0162 0.0375 0.0727 0.0170 0.3763 
 H085.4_2003  2 0.0266 0.0096 0.0185 0.6442 0.0125 0.0525 0.0087 0.0090 0.0079 0.0142 0.1963 
 H085.5_2002  2 0.0190 0.0083 0.0778 0.0446 0.2507 0.0165 0.0081 0.0074 0.0075 0.0069 0.5532 
 H085.5_2003  2 0.0177 0.0096 0.0074 0.7976 0.0115 0.0102 0.0200 0.0291 0.0095 0.0084 0.0790 
 H085.6_2002  2 0.0179 0.0183 0.0148 0.0287 0.1853 0.0075 0.0059 0.0164 0.0241 0.0101 0.6710 
 H085.6_2003  2 0.0409 0.0194 0.0401 0.1542 0.0501 0.1795 0.0147 0.0060 0.0070 0.0120 0.4762 
 H085.7_2002  2 0.0187 0.0131 0.0233 0.0502 0.2705 0.0133 0.0080 0.0283 0.0127 0.0104 0.5517 
 H085.7_2003  2 0.0270 0.0187 0.0122 0.7448 0.0110 0.0397 0.0240 0.0141 0.0123 0.0096 0.0866 
 H085.8_2002  2 0.1291 0.0128 0.0594 0.0476 0.3318 0.0749 0.0245 0.0141 0.0220 0.0109 0.2730 
 H085.8_2003  2 0.0214 0.0204 0.0160 0.1147 0.0232 0.0265 0.0106 0.0503 0.0143 0.0203 0.6822 
      H085.9  2 0.0196 0.0104 0.0465 0.1383 0.2032 0.0138 0.0096 0.0230 0.0283 0.0092 0.4981 
      H088.1  2 0.0096 0.0135 0.0169 0.0110 0.0265 0.0110 0.0328 0.0145 0.0123 0.0105 0.8416 
      H088.2  2 0.0090 0.0117 0.0110 0.0083 0.0163 0.0100 0.0097 0.0092 0.0071 0.0142 0.8936 
      H088.3  2 0.0066 0.0118 0.0089 0.0054 0.0100 0.0075 0.0080 0.0080 0.0057 0.0092 0.9188 
      H088.4  2 0.0101 0.0073 0.0082 0.0099 0.0048 0.0061 0.0120 0.0046 0.0057 0.0073 0.9240 
      H088.5  2 0.0077 0.0068 0.0076 0.0070 0.0051 0.0070 0.0079 0.0060 0.0064 0.0065 0.9319 
      H088.6  2 0.0093 0.0107 0.0075 0.0107 0.0086 0.0104 0.0115 0.0056 0.0062 0.0095 0.9101 
      H088.7  2 0.0066 0.0160 0.0051 0.0285 0.0075 0.0126 0.0082 0.0076 0.0085 0.0066 0.8927 
      H088.8  2 0.0130 0.0128 0.0072 0.0528 0.0084 0.0162 0.0264 0.0069 0.0085 0.0129 0.8350 
      H091.1  2 0.0094 0.0110 0.0099 0.0241 0.0078 0.0167 0.0189 0.0409 0.0087 0.0149 0.8378 
      H091.2  2 0.0093 0.0234 0.0175 0.0334 0.0121 0.0427 0.0321 0.0559 0.0065 0.0230 0.7442 
      H109.1  2 0.0581 0.6173 0.0355 0.0240 0.0272 0.0494 0.0405 0.0866 0.0413 0.0099 0.0101 
      H109.2  2 0.5509 0.0965 0.0439 0.1453 0.0301 0.0273 0.0247 0.0254 0.0144 0.0245 0.0170 
      H109.3  2 0.0883 0.3888 0.0181 0.0846 0.0530 0.0800 0.1558 0.0143 0.0155 0.0657 0.0360 
      H109.4  2 0.1374 0.1701 0.0622 0.0502 0.0431 0.0906 0.3568 0.0177 0.0404 0.0152 0.0164 
      H109.5  2 0.0331 0.0377 0.0132 0.4822 0.0504 0.2008 0.0335 0.0070 0.0048 0.0329 0.1046 
      H109.6  2 0.3729 0.3131 0.0565 0.0480 0.0468 0.0375 0.0360 0.0131 0.0219 0.0400 0.0141 
      H126.1  2 0.0109 0.0537 0.3757 0.0212 0.2584 0.0373 0.1589 0.0139 0.0122 0.0355 0.0222 
      H126.2  2 0.0102 0.0287 0.1263 0.5874 0.0547 0.0139 0.0876 0.0165 0.0482 0.0138 0.0128 
      H126.3  2 0.0058 0.1050 0.0528 0.6165 0.0486 0.0210 0.0609 0.0149 0.0179 0.0190 0.0375 
      H126.4  2 0.0148 0.0173 0.5536 0.0397 0.0308 0.0158 0.2410 0.0273 0.0142 0.0280 0.0176 
      H126.5  2 0.0085 0.0148 0.4732 0.2798 0.0212 0.0103 0.0755 0.0101 0.0067 0.0893 0.0106 
      H126.6  2 0.0051 0.0173 0.0310 0.8137 0.0133 0.0068 0.0079 0.0140 0.0049 0.0673 0.0189 
      H126.7  2 0.0076 0.0089 0.0126 0.8989 0.0109 0.0046 0.0193 0.0060 0.0037 0.0095 0.0180 
      H130.1  2 0.0287 0.0353 0.2723 0.0108 0.1051 0.0208 0.0792 0.0187 0.0098 0.0247 0.3945 
      H130.2  2 0.5404 0.0833 0.0226 0.0319 0.0263 0.0170 0.0438 0.0351 0.0094 0.0128 0.1774 
      H130.3  2 0.2237 0.1586 0.0176 0.0276 0.0454 0.0085 0.3667 0.0080 0.0053 0.0250 0.1135 
      H130.4  2 0.1017 0.1017 0.2461 0.0110 0.0628 0.0167 0.1411 0.0294 0.0416 0.0393 0.2085 
      H130.5  2 0.2087 0.0111 0.0411 0.0320 0.0369 0.0156 0.0158 0.0281 0.0079 0.0161 0.5867 
      H133.1  2 0.1022 0.2519 0.0678 0.0596 0.0584 0.0310 0.1103 0.0218 0.1482 0.0281 0.1206 
      H133.2  2 0.1167 0.2493 0.2673 0.0259 0.0570 0.0158 0.0309 0.0079 0.0115 0.0638 0.1539 
      H133.3  2 0.0428 0.0882 0.0130 0.0993 0.1165 0.0351 0.0438 0.0122 0.1199 0.0328 0.3964 
      H133.4  2 0.0203 0.7378 0.0666 0.0137 0.0205 0.0282 0.0148 0.0095 0.0315 0.0412 0.0158 
      H133.5  2 0.0675 0.2487 0.0447 0.0181 0.0509 0.0075 0.1324 0.0115 0.0342 0.0520 0.3325 
      H133.6  2 0.1214 0.1062 0.1751 0.0164 0.0244 0.0081 0.0369 0.0170 0.0104 0.0240 0.4602 
      H133.7  2 0.0311 0.3444 0.0467 0.0338 0.0519 0.2775 0.0129 0.0104 0.0863 0.0368 0.0683 
      H133.8  2 0.0299 0.3199 0.1033 0.0253 0.0945 0.0973 0.0973 0.0335 0.1098 0.0309 0.0582 
      H133.9  2 0.0707 0.2038 0.0472 0.0384 0.0407 0.0243 0.2147 0.0336 0.1561 0.0236 0.1470 
      H147.1  2 0.0710 0.0085 0.0251 0.4340 0.0346 0.2941 0.0054 0.0221 0.0178 0.0120 0.0754 
      H147.2  2 0.0191 0.0071 0.0195 0.8879 0.0102 0.0126 0.0046 0.0057 0.0063 0.0083 0.0185 
      H147.3  2 0.0168 0.0046 0.0168 0.8952 0.0197 0.0120 0.0064 0.0067 0.0055 0.0087 0.0077 
      H147.4  2 0.0245 0.0059 0.0073 0.8700 0.0128 0.0146 0.0054 0.0134 0.0278 0.0097 0.0086 
      H147.5  2 0.0909 0.0112 0.0263 0.6658 0.0264 0.0452 0.0227 0.0219 0.0090 0.0198 0.0607 
      H147.6  2 0.1298 0.0167 0.0230 0.5682 0.0350 0.0657 0.0333 0.0246 0.0071 0.0233 0.0732 
      H147.7  2 0.0328 0.0058 0.0086 0.8462 0.0107 0.0303 0.0079 0.0178 0.0253 0.0079 0.0067 
      H147.8  2 0.0377 0.0165 0.0047 0.7540 0.0073 0.0284 0.0080 0.0473 0.0303 0.0106 0.0552 
      H147.9  2 0.0125 0.0056 0.0106 0.9220 0.0108 0.0079 0.0051 0.0069 0.0056 0.0057 0.0072 
      H148.1  2 0.1515 0.1287 0.2014 0.0231 0.0758 0.1573 0.0232 0.0377 0.0884 0.0366 0.0763 
      H148.2  2 0.0715 0.1027 0.0927 0.0264 0.1024 0.4064 0.0173 0.0285 0.0990 0.0292 0.0240 
      H148.3  2 0.0174 0.0242 0.0180 0.0080 0.5711 0.2682 0.0166 0.0105 0.0366 0.0157 0.0136 
      H148.4  2 0.0306 0.0504 0.0907 0.0218 0.3983 0.2167 0.0183 0.0126 0.0560 0.0756 0.0290 
      H148.5  2 0.0988 0.0530 0.0322 0.0150 0.1141 0.4734 0.0246 0.0254 0.0801 0.0581 0.0254 
      H148.6  2 0.0332 0.0420 0.0418 0.0177 0.2990 0.2908 0.0113 0.0405 0.1742 0.0229 0.0266 
      H148.7  2 0.0433 0.1136 0.0259 0.0134 0.0284 0.6017 0.0673 0.0164 0.0400 0.0237 0.0263 
      H148.8  2 0.0170 0.0121 0.0286 0.0068 0.2588 0.6013 0.0098 0.0074 0.0213 0.0181 0.0187 
      H148.9  2 0.0467 0.2277 0.1060 0.0120 0.1151 0.1441 0.0499 0.0283 0.2212 0.0326 0.0164 
   H166022.1  2 0.0229 0.0072 0.0081 0.0141 0.0160 0.0299 0.0052 0.1214 0.0115 0.0068 0.7569 
   H166022.2  2 0.2019 0.0277 0.0134 0.0647 0.0248 0.0374 0.0164 0.0799 0.0181 0.0375 0.4782 
   H166022.3  2 0.0357 0.0204 0.0067 0.0067 0.0108 0.0141 0.0224 0.1718 0.0074 0.0114 0.6928 
   H166022.4  2 0.0107 0.0140 0.0043 0.0076 0.0064 0.0067 0.0129 0.0121 0.0066 0.0136 0.9053 
   H166022.5  2 0.0589 0.0158 0.0050 0.0154 0.0073 0.0146 0.0094 0.0327 0.0062 0.0176 0.8171 
   H166022.6  2 0.0282 0.0215 0.0133 0.0090 0.0076 0.0182 0.0111 0.0290 0.0195 0.0120 0.8305 
   H166022.7  2 0.0192 0.8230 0.0161 0.0113 0.0080 0.0058 0.0425 0.0079 0.0466 0.0107 0.0090 
   H166022.8  2 0.1312 0.0208 0.0240 0.0179 0.0184 0.0410 0.0101 0.1483 0.0093 0.1194 0.4596 
   H167397.1  2 0.0437 0.0147 0.0332 0.0783 0.0152 0.2296 0.0078 0.0083 0.4467 0.0506 0.0719 
   H167397.2  2 0.0128 0.0249 0.0242 0.0469 0.0618 0.0675 0.0096 0.0598 0.4452 0.2143 0.0332 
   H167397.3  2 0.0101 0.0121 0.0172 0.0527 0.0117 0.1516 0.0069 0.0093 0.5547 0.1456 0.0280 
   H167397.4  2 0.0117 0.0303 0.0075 0.0458 0.0531 0.0776 0.0111 0.0264 0.7007 0.0150 0.0209 
   H167397.5  2 0.0400 0.0195 0.0399 0.0252 0.0231 0.0597 0.0206 0.0196 0.6432 0.0479 0.0612 
   H167397.6  2 0.0070 0.0230 0.0154 0.0392 0.0089 0.2620 0.0109 0.0148 0.5500 0.0482 0.0206 
   H167496.1  2 0.0308 0.0276 0.0114 0.0145 0.0591 0.0221 0.0463 0.0222 0.0126 0.1096 0.6439 
   H167496.2  2 0.1397 0.2134 0.0227 0.1848 0.1157 0.0588 0.0281 0.0097 0.0142 0.0548 0.1581 
   H167496.3  2 0.0121 0.0087 0.0237 0.0244 0.1446 0.0169 0.0364 0.0308 0.0081 0.0153 0.6789 
   H167496.4  2 0.0069 0.0070 0.0055 0.0117 0.0064 0.0055 0.0072 0.0062 0.0053 0.0061 0.9321 
   H167496.6  2 0.0123 0.0120 0.0097 0.0208 0.0075 0.0095 0.0140 0.0081 0.0074 0.0115 0.8871 
   H167496.7  2 0.1000 0.0568 0.0580 0.0233 0.0846 0.2265 0.1030 0.0289 0.0072 0.1389 0.1729 
   H167496.8  2 0.0124 0.0155 0.0120 0.0265 0.0076 0.0126 0.0082 0.0108 0.0081 0.0129 0.8735 
   H167513.1  2 0.0077 0.8838 0.0108 0.0107 0.0140 0.0140 0.0104 0.0131 0.0127 0.0095 0.0132 
   H167513.2  2 0.0272 0.4649 0.0856 0.0158 0.0792 0.1403 0.0277 0.0142 0.0762 0.0221 0.0468 
   H167513.3  2 0.0592 0.7059 0.0180 0.0119 0.0156 0.0192 0.0861 0.0450 0.0083 0.0211 0.0096 
   H167513.4  2 0.0387 0.8051 0.0118 0.0079 0.0078 0.0277 0.0098 0.0565 0.0093 0.0099 0.0153 
   H167513.5  2 0.0168 0.6915 0.0418 0.0128 0.0318 0.0446 0.0093 0.0110 0.0763 0.0143 0.0498 
   H167513.6  2 0.0628 0.5896 0.0347 0.0144 0.1169 0.0226 0.0218 0.0301 0.0171 0.0488 0.0412 
   H167513.7  2 0.0177 0.7843 0.0152 0.0151 0.0125 0.0081 0.0096 0.0789 0.0317 0.0103 0.0167 
   H167513.8  2 0.0376 0.8677 0.0122 0.0083 0.0096 0.0078 0.0119 0.0088 0.0168 0.0125 0.0068 
   H167547.1  2 0.0313 0.0139 0.0392 0.0066 0.0714 0.7049 0.0187 0.0274 0.0251 0.0371 0.0244 
   H167547.2  2 0.0098 0.0064 0.0081 0.0075 0.0148 0.8970 0.0122 0.0112 0.0087 0.0076 0.0167 
   H167547.3  2 0.0136 0.0058 0.0092 0.0062 0.0113 0.9054 0.0095 0.0105 0.0084 0.0071 0.0129 
   H167547.4  2 0.0183 0.0215 0.0718 0.0101 0.1673 0.1299 0.0867 0.3439 0.0426 0.0113 0.0967 
   H167547.5  2 0.0130 0.0083 0.0150 0.0073 0.0119 0.8764 0.0131 0.0130 0.0061 0.0056 0.0304 
   H167547.6  2 0.0156 0.0071 0.0120 0.0079 0.0146 0.8741 0.0157 0.0121 0.0074 0.0067 0.0269 
   H167547.7  2 0.0219 0.0937 0.1047 0.0254 0.4586 0.0596 0.0392 0.0273 0.0210 0.1214 0.0272 
   H169750.1  2 0.0552 0.2936 0.0377 0.0235 0.1516 0.0103 0.0793 0.0532 0.0168 0.0281 0.2507 
   H169750.2  2 0.0973 0.2357 0.0734 0.1075 0.0169 0.1827 0.0456 0.0090 0.0439 0.0711 0.1169 
   H169750.3  2 0.1448 0.4396 0.0226 0.0425 0.0315 0.0163 0.0635 0.0186 0.0050 0.0205 0.1950 
   H169750.4  2 0.0133 0.2007 0.0327 0.0277 0.0911 0.0364 0.0528 0.0063 0.1039 0.1540 0.2813 
   H169750.5  2 0.0565 0.3289 0.0241 0.0894 0.0760 0.0158 0.0838 0.0678 0.0185 0.0298 0.2093 
   H169750.6  2 0.0679 0.1585 0.0514 0.3646 0.0169 0.0183 0.0646 0.0223 0.0100 0.0085 0.2172 
   H169750.7  2 0.0320 0.3969 0.0384 0.0469 0.0613 0.0305 0.0807 0.0091 0.0218 0.1031 0.1793 
   H171929.1  2 0.0097 0.2270 0.0431 0.0198 0.2292 0.0537 0.0152 0.0145 0.3454 0.0123 0.0301 
  H171929.10  2 0.0773 0.1967 0.0327 0.0467 0.0834 0.0722 0.0092 0.0314 0.0726 0.0237 0.3542 
  H171929.11  2 0.0206 0.3216 0.1171 0.0191 0.0888 0.0338 0.0265 0.0152 0.2814 0.0327 0.0433 
   H171929.2  2 0.0095 0.8450 0.0334 0.0072 0.0143 0.0324 0.0142 0.0160 0.0085 0.0084 0.0110 
   H171929.3  2 0.0167 0.5371 0.0469 0.0155 0.0240 0.2048 0.0170 0.0269 0.0769 0.0170 0.0172 
   H171929.4  2 0.0204 0.2304 0.0694 0.0329 0.3253 0.0474 0.0408 0.0733 0.0087 0.0167 0.1347 
   H171929.5  2 0.0143 0.8180 0.0264 0.0125 0.0117 0.0245 0.0184 0.0169 0.0322 0.0140 0.0110 
   H171929.6  2 0.0139 0.8417 0.0225 0.0090 0.0069 0.0175 0.0140 0.0135 0.0403 0.0123 0.0086 
   H171929.7  2 0.0064 0.4834 0.0848 0.0203 0.2686 0.0331 0.0221 0.0214 0.0206 0.0116 0.0276 
   H171929.8  2 0.0225 0.2126 0.2228 0.0119 0.4085 0.0135 0.0174 0.0214 0.0147 0.0165 0.0383 
