      H105.1  1 0.0194 0.0531 0.0814 0.0236 0.1882 0.5217 0.1125 
      H105.2  1 0.0326 0.0921 0.1450 0.0424 0.0203 0.0893 0.5782 
      H105.3  1 0.0254 0.0210 0.0719 0.0305 0.2434 0.4165 0.1913 
      H105.4  1 0.0223 0.2487 0.1293 0.2258 0.0300 0.1718 0.1721 
      H105.5  1 0.0156 0.0475 0.0372 0.1936 0.0201 0.5910 0.0950 
      H105.6  1 0.0246 0.0467 0.0703 0.1978 0.1101 0.4514 0.0991 
      H105.7  1 0.0122 0.2382 0.0290 0.0297 0.4621 0.1700 0.0589 
      H105.8  1 0.0260 0.0287 0.1990 0.0816 0.3103 0.1121 0.2423 
      H115.1  1 0.0177 0.0169 0.0526 0.6777 0.0917 0.1086 0.0348 
      H115.2  1 0.0214 0.0135 0.0217 0.8640 0.0169 0.0282 0.0342 
      H115.3  1 0.0072 0.0077 0.0081 0.9191 0.0058 0.0139 0.0382 
      H115.4  1 0.0119 0.0233 0.1056 0.1760 0.0171 0.0975 0.5686 
      H115.5  1 0.0575 0.0219 0.0140 0.7120 0.0263 0.0348 0.1335 
      H115.6  1 0.0178 0.0283 0.0106 0.7568 0.0194 0.0760 0.0912 
      H115.7  1 0.0154 0.0607 0.0252 0.4848 0.0141 0.1203 0.2795 
      H115.8  1 0.0418 0.0150 0.0096 0.8273 0.0477 0.0199 0.0387 
      H115.9  1 0.0088 0.0099 0.0094 0.9224 0.0292 0.0091 0.0111 
      H145.1  1 0.3248 0.3392 0.0279 0.0540 0.0155 0.2190 0.0196 
      H145.2  1 0.2681 0.3478 0.0722 0.1508 0.0222 0.1215 0.0173 
      H145.3  1 0.2479 0.5050 0.0206 0.0529 0.0543 0.0267 0.0926 
      H145.4  1 0.2599 0.5918 0.0199 0.0173 0.0118 0.0770 0.0222 
      H145.5  1 0.7297 0.0919 0.0273 0.0176 0.0103 0.0882 0.0350 
      H145.6  1 0.1350 0.7417 0.0289 0.0265 0.0162 0.0249 0.0268 
      H145.7  1 0.0248 0.7738 0.0163 0.0199 0.0128 0.0236 0.1288 
      H149.1  1 0.0095 0.0080 0.0072 0.0082 0.0075 0.9514 0.0081 
      H149.2  1 0.0073 0.0136 0.0091 0.0093 0.0073 0.9415 0.0118 
      H149.3  1 0.0193 0.0545 0.0256 0.0145 0.0134 0.8438 0.0289 
      H149.4  1 0.0388 0.0347 0.0751 0.0122 0.0143 0.8031 0.0218 
      H149.5  1 0.0117 0.5114 0.0963 0.0072 0.0118 0.3255 0.0361 
      H149.6  1 0.0143 0.0535 0.0125 0.0067 0.0081 0.8863 0.0185 
      H149.7  1 0.0258 0.5741 0.1701 0.0095 0.0238 0.1665 0.0302 
      H150.1  1 0.0133 0.0100 0.0093 0.9289 0.0132 0.0068 0.0184 
      H150.2  1 0.0331 0.0171 0.0235 0.8364 0.0143 0.0347 0.0409 
      H150.3  1 0.0339 0.0316 0.0176 0.7994 0.0458 0.0365 0.0352 
      H150.4  1 0.0227 0.0132 0.0066 0.9068 0.0260 0.0091 0.0156 
      H150.5  1 0.0115 0.0218 0.0243 0.8370 0.0097 0.0271 0.0686 
      H150.6  1 0.0140 0.0165 0.0945 0.2400 0.0067 0.0312 0.5971 
      H150.7  1 0.0124 0.0074 0.0062 0.9481 0.0107 0.0065 0.0088 
   H169607.1  1 0.0779 0.2548 0.2741 0.2526 0.0462 0.0393 0.0551 
   H169607.2  1 0.0094 0.2051 0.2728 0.3667 0.0895 0.0368 0.0197 
   H169607.3  1 0.0314 0.5805 0.0940 0.1530 0.0524 0.0216 0.0671 
   H169607.4  1 0.0186 0.2593 0.1430 0.4692 0.0158 0.0814 0.0126 
   H169607.5  1 0.0152 0.1291 0.1652 0.5235 0.0892 0.0472 0.0306 
   H169607.6  1 0.0081 0.2298 0.3737 0.2930 0.0408 0.0309 0.0237 
   H169607.7  1 0.0096 0.0536 0.7564 0.0566 0.0782 0.0216 0.0239 
   H169607.8  1 0.0091 0.3266 0.1606 0.3871 0.0454 0.0551 0.0161 
   H169633.1  1 0.0778 0.0327 0.0207 0.0457 0.0260 0.7179 0.0791 
   H169633.2  1 0.0357 0.0320 0.0433 0.0141 0.0818 0.7638 0.0294 
   H169633.3  1 0.0190 0.0266 0.0430 0.0093 0.0757 0.7841 0.0424 
   H169633.4  1 0.0412 0.0090 0.0142 0.0168 0.0103 0.8663 0.0421 
   H169633.5  1 0.0393 0.0113 0.0214 0.0204 0.0088 0.8536 0.0452 
   H169688.1  1 0.0072 0.9031 0.0241 0.0166 0.0168 0.0131 0.0191 
   H169688.2  1 0.0191 0.6125 0.2331 0.0326 0.0280 0.0152 0.0596 
   H169688.3  1 0.0119 0.7327 0.1036 0.0771 0.0115 0.0316 0.0315 
   H169688.4  1 0.0161 0.0520 0.0509 0.8209 0.0175 0.0130 0.0295 
   H169688.5  1 0.0246 0.0659 0.0696 0.7706 0.0207 0.0149 0.0337 
   H169688.6  1 0.0469 0.5272 0.3225 0.0531 0.0136 0.0107 0.0260 
   H169688.7  1 0.0227 0.5518 0.1535 0.1424 0.0229 0.0567 0.0499 
   H171901.1  1 0.1605 0.4407 0.0543 0.2486 0.0161 0.0259 0.0538 
   H171901.2  1 0.0122 0.0133 0.0132 0.0464 0.0142 0.8868 0.0139 
   H171901.3  1 0.0141 0.0418 0.0612 0.1077 0.0170 0.6870 0.0712 
   H171901.4  1 0.0075 0.0105 0.0239 0.0223 0.0116 0.9077 0.0166 
   H171901.5  1 0.0109 0.0133 0.0385 0.0192 0.0099 0.8948 0.0134 
   H171901.6  1 0.0115 0.0435 0.0863 0.0632 0.0124 0.7698 0.0133 
   H171901.7  1 0.0132 0.0578 0.3780 0.0370 0.0301 0.4559 0.0279 
   H171902.1  1 0.1515 0.0225 0.1974 0.3794 0.0310 0.1995 0.0186 
  H171902.10  1 0.0218 0.0265 0.6157 0.0640 0.0107 0.2451 0.0163 
   H171902.2  1 0.1026 0.0507 0.2835 0.2002 0.1697 0.1066 0.0867 
   H171902.3  1 0.0188 0.0241 0.6375 0.0729 0.0167 0.2113 0.0187 
   H171902.4  1 0.0731 0.0278 0.0652 0.3420 0.0256 0.4525 0.0138 
   H171902.6  1 0.0353 0.0160 0.5689 0.0835 0.0115 0.2689 0.0158 
   H171902.7  1 0.1378 0.0245 0.2537 0.1678 0.0095 0.3981 0.0085 
   H171902.8  1 0.0510 0.0257 0.5955 0.0755 0.0112 0.2202 0.0208 
   H171902.9  1 0.0798 0.0240 0.0557 0.6779 0.0204 0.1257 0.0164 
   H171903.1  1 0.0069 0.2426 0.0474 0.5588 0.0435 0.0838 0.0170 
   H171903.2  1 0.0146 0.1249 0.0899 0.5813 0.1003 0.0676 0.0214 
   H171903.3  1 0.0264 0.1016 0.1106 0.1810 0.0677 0.4636 0.0492 
   H171903.4  1 0.0147 0.7484 0.0258 0.1465 0.0097 0.0176 0.0373 
   H171903.5  1 0.0203 0.0631 0.2875 0.3264 0.0547 0.2070 0.0410 
   H171903.6  1 0.0068 0.1162 0.2903 0.4853 0.0198 0.0515 0.0302 
      H177.1  1 0.0181 0.4829 0.0952 0.0330 0.0098 0.3498 0.0113 
      H177.2  1 0.0375 0.1003 0.3582 0.0595 0.1324 0.2508 0.0614 
      H177.3  1 0.0486 0.0582 0.3621 0.0658 0.0162 0.4299 0.0192 
      H177.4  1 0.0224 0.5339 0.2334 0.0143 0.0167 0.1696 0.0097 
      H177.5  1 0.0121 0.8284 0.0435 0.0341 0.0184 0.0318 0.0317 
      H177.6  1 0.0358 0.0316 0.1428 0.0523 0.0166 0.7090 0.0118 
      H179.1  1 0.0142 0.0259 0.8470 0.0225 0.0442 0.0236 0.0226 
      H179.2  1 0.0076 0.0181 0.8744 0.0174 0.0397 0.0246 0.0182 
      H179.3  1 0.0123 0.0584 0.7582 0.0600 0.0717 0.0103 0.0291 
      H179.4  1 0.0089 0.0228 0.8617 0.0105 0.0318 0.0518 0.0125 
      H180.1  1 0.0100 0.0098 0.0275 0.1077 0.0103 0.0576 0.7771 
      H180.2  1 0.0137 0.0153 0.0202 0.2439 0.0087 0.0275 0.6707 
      H180.3  1 0.0177 0.0130 0.0160 0.5439 0.0470 0.0301 0.3323 
      H180.4  1 0.0170 0.0145 0.0243 0.0373 0.0198 0.0720 0.8150 
      H180.5  1 0.0280 0.0608 0.0764 0.1741 0.0563 0.1092 0.4952 
      H180.6  1 0.0722 0.0225 0.0286 0.2352 0.5130 0.0452 0.0833 
      H181.1  1 0.0310 0.0340 0.1865 0.0439 0.0141 0.3136 0.3768 
      H181.2  1 0.0403 0.0998 0.3185 0.0189 0.0208 0.2897 0.2121 
      H181.3  1 0.0352 0.0525 0.3914 0.0149 0.0554 0.2200 0.2306 
      H181.4  1 0.0108 0.0618 0.1138 0.0774 0.0302 0.2700 0.4360 
      H181.5  1 0.0744 0.0499 0.5393 0.0096 0.0918 0.0643 0.1708 
      H181.6  1 0.0187 0.0622 0.5327 0.0580 0.0536 0.1811 0.0937 
      H181.7  1 0.0110 0.0117 0.8648 0.0136 0.0307 0.0322 0.0361 
 H194.1_2004  1 0.0171 0.8239 0.0136 0.0376 0.0250 0.0667 0.0162 
 H194.2_2004  1 0.0345 0.8752 0.0105 0.0156 0.0081 0.0465 0.0097 
 H194.3_2004  1 0.0444 0.6033 0.0258 0.0108 0.0147 0.2940 0.0071 
 H194.4_2004  1 0.0485 0.8386 0.0118 0.0158 0.0078 0.0705 0.0070 
 H194.5_2004  1 0.0158 0.7017 0.0208 0.0196 0.0234 0.2096 0.0091 
 H194.6_2004  1 0.0218 0.7487 0.0304 0.0180 0.0272 0.1416 0.0123 
 H194.7_2004  1 0.0140 0.9028 0.0098 0.0131 0.0334 0.0153 0.0118 
 H194.8_2004  1 0.0225 0.8424 0.0190 0.0138 0.0208 0.0698 0.0117 
      H194.9  1 0.0362 0.8668 0.0096 0.0170 0.0405 0.0146 0.0152 
 H195.1_2003  1 0.0096 0.7678 0.0327 0.0231 0.0110 0.1228 0.0329 
 H195.1_2004  1 0.2230 0.3244 0.1274 0.0207 0.0197 0.1494 0.1354 
 H195.2_2003  1 0.0123 0.7285 0.0323 0.1164 0.0451 0.0530 0.0124 
 H195.2_2004  1 0.0314 0.9029 0.0125 0.0088 0.0135 0.0165 0.0144 
 H195.3_2003  1 0.0134 0.6445 0.0429 0.2186 0.0221 0.0264 0.0321 
 H195.3_2004  1 0.0464 0.6001 0.0192 0.0142 0.0080 0.2677 0.0444 
 H195.4_2003  1 0.0099 0.7773 0.0205 0.0274 0.0109 0.1235 0.0305 
 H195.4_2004  1 0.0146 0.9209 0.0107 0.0078 0.0186 0.0103 0.0171 
 H195.5_2003  1 0.0114 0.5173 0.0827 0.0509 0.0203 0.1259 0.1914 
 H195.5_2004  1 0.0821 0.7260 0.0375 0.0194 0.0115 0.0602 0.0633 
 H195.6_2003  1 0.0122 0.6865 0.0221 0.1442 0.0165 0.0269 0.0917 
 H195.6_2004  1 0.0470 0.8411 0.0209 0.0092 0.0106 0.0595 0.0118 
 H195.7_2003  1 0.0057 0.9247 0.0303 0.0083 0.0110 0.0110 0.0090 
 H195.7_2004  1 0.4975 0.2119 0.1084 0.0272 0.0140 0.0308 0.1102 
      H195.8  1 0.0370 0.6659 0.0355 0.0203 0.0279 0.0139 0.1997 
      H195.9  1 0.0136 0.8735 0.0291 0.0120 0.0182 0.0349 0.0186 
      H415.1  1 0.1237 0.0741 0.0165 0.1143 0.0790 0.5737 0.0188 
      H415.2  1 0.0384 0.0244 0.0322 0.1455 0.0131 0.7371 0.0093 
      H415.3  1 0.0101 0.0182 0.0265 0.0124 0.0160 0.9053 0.0115 
      H415.4  1 0.0340 0.0253 0.0095 0.0571 0.0460 0.8130 0.0152 
      H415.5  1 0.0142 0.0125 0.0121 0.0085 0.0104 0.9322 0.0102 
      H415.6  1 0.0322 0.0209 0.0085 0.0550 0.0456 0.8195 0.0183 
      H415.7  1 0.0284 0.0308 0.1065 0.0398 0.0177 0.7672 0.0095 
      H506.1  1 0.0299 0.0098 0.7896 0.0092 0.0191 0.1247 0.0177 
      H506.2  1 0.0162 0.0124 0.7210 0.0107 0.0140 0.2162 0.0095 
      H506.3  1 0.1803 0.0179 0.6799 0.0101 0.0325 0.0557 0.0236 
      H506.4  1 0.0711 0.0207 0.8027 0.0126 0.0262 0.0521 0.0145 
      H506.5  1 0.0278 0.0127 0.7035 0.0102 0.0195 0.2154 0.0110 
      H506.6  1 0.0723 0.0304 0.8053 0.0274 0.0250 0.0197 0.0198 
      H506.7  1 0.0231 0.0151 0.6862 0.0075 0.0259 0.2289 0.0134 
      H533.1  1 0.0139 0.0076 0.9250 0.0080 0.0097 0.0264 0.0094 
      H533.2  1 0.0258 0.0075 0.8734 0.0075 0.0094 0.0654 0.0110 
      H533.3  1 0.0085 0.0071 0.9157 0.0143 0.0143 0.0294 0.0107 
      H533.4  1 0.0215 0.0145 0.8764 0.0148 0.0125 0.0414 0.0189 
      H535.1  1 0.0120 0.0240 0.5225 0.0276 0.0211 0.3801 0.0126 
      H535.2  1 0.0073 0.0310 0.7311 0.0070 0.0676 0.1147 0.0412 
      H535.3  1 0.0112 0.0212 0.6790 0.0178 0.0904 0.0918 0.0885 
      H535.4  1 0.0085 0.0141 0.6186 0.0077 0.0137 0.3183 0.0191 
      H535.5  1 0.0102 0.0162 0.7261 0.0079 0.0112 0.2189 0.0094 
      H535.6  1 0.0176 0.1059 0.6950 0.0328 0.0298 0.0903 0.0286 
      H535.7  1 0.0093 0.0119 0.7528 0.0116 0.0185 0.1886 0.0072 
      H535.8  1 0.0097 0.0618 0.7316 0.0106 0.0205 0.1518 0.0140 
      H535.9  1 0.0129 0.0113 0.7221 0.0336 0.0157 0.1910 0.0135 
      H539.1  1 0.0096 0.0064 0.0043 0.9583 0.0092 0.0078 0.0045 
      H539.2  1 0.0222 0.0240 0.2162 0.5401 0.0514 0.0744 0.0717 
      H539.3  1 0.0281 0.0221 0.0127 0.9025 0.0158 0.0071 0.0117 
      H539.4  1 0.0114 0.0075 0.0151 0.9315 0.0127 0.0124 0.0094 
      H539.5  1 0.0104 0.0079 0.0062 0.9301 0.0321 0.0079 0.0055 
      H539.6  1 0.0091 0.0091 0.0088 0.9325 0.0249 0.0078 0.0078 
      H539.7  1 0.0093 0.0082 0.0084 0.9523 0.0092 0.0060 0.0066 
      H539.8  1 0.0972 0.0230 0.0208 0.8127 0.0165 0.0129 0.0169 
      H539.9  1 0.0102 0.0053 0.0059 0.9541 0.0109 0.0071 0.0065 
      H540.1  1 0.0158 0.0150 0.0196 0.9096 0.0135 0.0152 0.0113 
      H540.2  1 0.0083 0.0086 0.0090 0.9441 0.0098 0.0140 0.0061 
      H540.3  1 0.7155 0.0229 0.0171 0.1819 0.0088 0.0330 0.0208 
      H540.4  1 0.0085 0.0117 0.0256 0.9218 0.0084 0.0134 0.0106 
      H540.5  1 0.0252 0.0130 0.0141 0.8999 0.0127 0.0261 0.0090 
      H540.6  1 0.0290 0.0176 0.0214 0.8605 0.0272 0.0260 0.0183 
      H540.7  1 0.0082 0.0091 0.0161 0.9099 0.0198 0.0269 0.0101 
      H540.8  1 0.0133 0.0190 0.0258 0.8244 0.0094 0.0983 0.0098 
     H9558.1  1 0.0115 0.0093 0.0117 0.9499 0.0062 0.0059 0.0054 
     H9558.2  1 0.0192 0.0146 0.0145 0.9189 0.0190 0.0076 0.0064 
     H9558.3  1 0.0142 0.0114 0.0063 0.9328 0.0148 0.0118 0.0087 
     H9558.4  1 0.0133 0.0086 0.0222 0.9300 0.0082 0.0111 0.0066 
     H9558.5  1 0.0284 0.0098 0.0237 0.9074 0.0072 0.0103 0.0131 
     H9558.6  1 0.0235 0.0142 0.0074 0.8196 0.0796 0.0191 0.0367 
    kos339.1  1 0.0062 0.0084 0.0217 0.0094 0.0386 0.9068 0.0090 
    kos339.2  1 0.0140 0.0113 0.0160 0.0084 0.0440 0.8951 0.0113 
    kos339.3  1 0.0069 0.0074 0.0159 0.0091 0.0107 0.9429 0.0072 
    kos339.4  1 0.0096 0.0152 0.0137 0.0098 0.0130 0.9263 0.0125 
    kos339.5  1 0.0049 0.0091 0.0118 0.0079 0.0143 0.9427 0.0093 
    kos339.6  1 0.0152 0.0106 0.0080 0.0087 0.0097 0.9370 0.0108 
    kos339.7  1 0.0074 0.0100 0.0420 0.0073 0.0242 0.9023 0.0069 
    kos339.8  1 0.0095 0.0078 0.0146 0.0069 0.0113 0.9405 0.0094 
    kos339.9  1 0.0071 0.0106 0.0121 0.0142 0.0137 0.9323 0.0100 
      H008.1  2 0.0090 0.0091 0.0174 0.0280 0.9155 0.0099 0.0111 
      H008.2  2 0.1408 0.0319 0.3087 0.2467 0.2034 0.0286 0.0399 
      H008.3  2 0.0973 0.0876 0.3737 0.1942 0.1222 0.0212 0.1038 
      H008.4  2 0.0535 0.0259 0.0144 0.0293 0.8447 0.0199 0.0122 
      H008.5  2 0.0287 0.0431 0.0247 0.0235 0.8477 0.0152 0.0171 
      H008.6  2 0.2808 0.0473 0.1186 0.0990 0.4077 0.0330 0.0136 
      H008.7  2 0.1273 0.0393 0.0730 0.0491 0.6470 0.0336 0.0308 
      H008.8  2 0.0294 0.0119 0.0569 0.6586 0.2114 0.0150 0.0168 
      H008.9  2 0.6637 0.0376 0.0587 0.1668 0.0348 0.0191 0.0193 
 H029.1_2002  2 0.0319 0.0238 0.0067 0.0253 0.8845 0.0155 0.0123 
 H029.1_2003  2 0.0608 0.1696 0.0769 0.0357 0.6280 0.0192 0.0098 
 H029.2_2002  2 0.0418 0.0480 0.0407 0.0122 0.7922 0.0557 0.0094 
 H029.2_2003  2 0.0730 0.0878 0.2023 0.0263 0.5637 0.0336 0.0133 
 H029.3_2002  2 0.2513 0.0800 0.1392 0.0114 0.4631 0.0342 0.0208 
 H029.3_2003  2 0.0181 0.0320 0.0308 0.0079 0.8892 0.0106 0.0115 
 H029.4_2002  2 0.0242 0.0179 0.0129 0.0057 0.9230 0.0078 0.0085 
 H029.4_2003  2 0.0538 0.1786 0.0704 0.0638 0.6022 0.0156 0.0156 
 H029.5_2002  2 0.0120 0.0128 0.0069 0.0084 0.9415 0.0086 0.0098 
 H029.5_2003  2 0.0263 0.0269 0.0256 0.0154 0.8872 0.0098 0.0088 
 H029.6_2002  2 0.0679 0.0717 0.0168 0.0079 0.8191 0.0069 0.0097 
 H029.6_2003  2 0.0324 0.0662 0.1556 0.0184 0.6373 0.0559 0.0341 
      H029.7  2 0.0323 0.0250 0.0150 0.0132 0.8784 0.0246 0.0116 
      H030.1  2 0.0077 0.1220 0.0312 0.0139 0.0695 0.0622 0.6936 
      H030.2  2 0.0510 0.0084 0.0097 0.0162 0.0546 0.0184 0.8417 
      H038.1  2 0.0261 0.0103 0.0078 0.0164 0.9233 0.0078 0.0083 
      H038.2  2 0.0081 0.0058 0.0075 0.0067 0.9450 0.0134 0.0133 
      H038.3  2 0.0352 0.0094 0.0111 0.0137 0.8863 0.0210 0.0233 
      H038.4  2 0.0290 0.0124 0.0073 0.0086 0.9107 0.0126 0.0195 
      H038.5  2 0.0323 0.0123 0.0188 0.0136 0.8812 0.0135 0.0283 
      H038.6  2 0.0123 0.0094 0.0112 0.0145 0.9312 0.0099 0.0115 
      H038.7  2 0.0090 0.0062 0.0109 0.0129 0.9423 0.0099 0.0088 
      H038.8  2 0.0676 0.0085 0.0080 0.0146 0.8264 0.0149 0.0602 
      H041.1  2 0.0341 0.2205 0.0143 0.0123 0.5550 0.0296 0.1343 
      H041.2  2 0.1187 0.3056 0.0108 0.0127 0.5068 0.0337 0.0118 
      H041.4  2 0.0793 0.1992 0.0158 0.0322 0.6294 0.0200 0.0242 
      H041.6  2 0.0348 0.1666 0.0117 0.0548 0.6757 0.0206 0.0357 
 H042.1_2002  2 0.0208 0.8643 0.0180 0.0407 0.0155 0.0203 0.0203 
 H042.1_2003  2 0.4482 0.0548 0.0757 0.1147 0.1795 0.0760 0.0511 
 H042.2_2002  2 0.0504 0.1928 0.0320 0.0181 0.6770 0.0166 0.0131 
 H042.2_2003  2 0.0162 0.5607 0.0097 0.0477 0.2976 0.0536 0.0145 
 H042.3_2002  2 0.0307 0.8442 0.0252 0.0359 0.0231 0.0245 0.0163 
 H042.3_2003  2 0.0530 0.3407 0.0672 0.0780 0.3138 0.0285 0.1188 
 H042.4_2002  2 0.0469 0.7349 0.0158 0.0251 0.0422 0.0290 0.1062 
 H042.4_2003  2 0.0147 0.6447 0.0107 0.0818 0.1364 0.0337 0.0780 
      H042.5  2 0.0047 0.9508 0.0076 0.0085 0.0092 0.0100 0.0093 
      H042.6  2 0.0180 0.8247 0.0090 0.0762 0.0450 0.0096 0.0175 
      H042.7  2 0.0208 0.8681 0.0096 0.0224 0.0325 0.0254 0.0212 
      H042.8  2 0.0266 0.9028 0.0099 0.0120 0.0332 0.0075 0.0079 
   H042_2002  2 0.0464 0.0923 0.0273 0.5444 0.2383 0.0405 0.0108 
   H042_2003  2 0.0493 0.0615 0.0198 0.5383 0.2830 0.0349 0.0132 
      H043.1  2 0.0243 0.0090 0.0142 0.8929 0.0264 0.0178 0.0154 
      H043.2  2 0.0551 0.0123 0.0155 0.8654 0.0342 0.0097 0.0077 
      H043.3  2 0.0244 0.0184 0.0201 0.3560 0.5307 0.0399 0.0105 
      H043.4  2 0.0163 0.0121 0.0079 0.8799 0.0516 0.0244 0.0077 
      H043.5  2 0.2323 0.0119 0.0231 0.5061 0.1979 0.0152 0.0136 
      H043.6  2 0.1417 0.0131 0.0169 0.5564 0.2458 0.0173 0.0086 
      H043.7  2 0.0173 0.0094 0.0080 0.9098 0.0323 0.0127 0.0105 
      H043.8  2 0.0191 0.0146 0.0729 0.6794 0.0950 0.0476 0.0714 
      H043.9  2 0.0145 0.0140 0.0206 0.8203 0.0859 0.0266 0.0181 
      H047.1  2 0.0102 0.0125 0.0201 0.1312 0.7835 0.0325 0.0099 
      H047.2  2 0.0102 0.0179 0.0281 0.0168 0.8510 0.0480 0.0279 
      H047.3  2 0.0122 0.0176 0.0187 0.0100 0.8805 0.0306 0.0305 
      H047.4  2 0.0075 0.0209 0.0127 0.0161 0.9004 0.0298 0.0126 
      H047.5  2 0.0070 0.0189 0.0118 0.0280 0.8855 0.0351 0.0135 
      H047.6  2 0.0262 0.0262 0.0257 0.0471 0.7988 0.0445 0.0315 
      H047.7  2 0.0122 0.0136 0.0108 0.0694 0.8535 0.0254 0.0152 
      H047.8  2 0.0176 0.0317 0.0422 0.0849 0.7409 0.0525 0.0302 
      H047.9  2 0.0073 0.0265 0.0125 0.0337 0.7529 0.1521 0.0150 
 H071.1_2002  2 0.0072 0.0106 0.0076 0.0316 0.9166 0.0178 0.0087 
 H071.1_2003  2 0.0147 0.0475 0.0100 0.1246 0.7464 0.0364 0.0204 
     H071.10  2 0.0088 0.0096 0.0093 0.0083 0.9254 0.0086 0.0300 
 H071.2_2002  2 0.0112 0.0121 0.0151 0.0218 0.9214 0.0107 0.0078 
 H071.2_2003  2 0.0047 0.0081 0.0055 0.0094 0.9577 0.0086 0.0060 
      H071.3  2 0.0110 0.0107 0.0147 0.0084 0.9270 0.0082 0.0199 
 H071.4_2002  2 0.0170 0.0101 0.0195 0.0118 0.8990 0.0209 0.0217 
 H071.4_2003  2 0.0047 0.0062 0.0124 0.0081 0.9517 0.0083 0.0087 
 H071.5_2002  2 0.0052 0.0068 0.0055 0.0089 0.9526 0.0090 0.0119 
 H071.5_2003  2 0.0057 0.0085 0.0155 0.0164 0.9325 0.0103 0.0110 
 H071.6_2002  2 0.0077 0.0073 0.0154 0.0093 0.9430 0.0087 0.0086 
 H071.6_2003  2 0.0042 0.0064 0.0084 0.0117 0.9439 0.0122 0.0132 
 H071.7_2002  2 0.0070 0.0063 0.0064 0.0085 0.9594 0.0072 0.0052 
 H071.7_2003  2 0.0065 0.0089 0.0095 0.0234 0.9179 0.0145 0.0192 
      H071.8  2 0.0124 0.0135 0.0127 0.0128 0.9331 0.0082 0.0072 
      H071.9  2 0.0254 0.0247 0.0319 0.0206 0.8566 0.0147 0.0260 
 H081.1_2002  2 0.0075 0.0110 0.0069 0.0123 0.9462 0.0074 0.0087 
 H081.1_2003  2 0.6955 0.0536 0.0298 0.0803 0.0761 0.0386 0.0261 
 H081.2_2002  2 0.0067 0.0149 0.0062 0.0174 0.9397 0.0071 0.0079 
 H081.2_2003  2 0.0307 0.0383 0.0271 0.1472 0.0420 0.0122 0.7025 
 H081.3_2002  2 0.0097 0.0198 0.0116 0.0152 0.9192 0.0124 0.0120 
 H081.3_2003  2 0.0249 0.0447 0.0429 0.6771 0.0300 0.0426 0.1378 
 H081.4_2002  2 0.0062 0.0121 0.0140 0.0126 0.9300 0.0131 0.0120 
 H081.4_2003  2 0.0617 0.2965 0.0719 0.3203 0.0657 0.0829 0.1010 
 H081.5_2002  2 0.0067 0.0121 0.0093 0.0173 0.9342 0.0114 0.0091 
 H081.5_2003  2 0.1014 0.2779 0.0350 0.2579 0.2040 0.0800 0.0437 
      H081.6  2 0.0099 0.0097 0.0095 0.0138 0.9399 0.0081 0.0093 
      H081.7  2 0.0074 0.0241 0.0078 0.0179 0.9192 0.0085 0.0150 
      H081.8  2 0.0289 0.0354 0.0176 0.0170 0.8421 0.0152 0.0438 
      H083.1  2 0.0105 0.0126 0.0133 0.0071 0.9361 0.0100 0.0105 
      H083.2  2 0.0068 0.0098 0.0118 0.0136 0.9358 0.0115 0.0107 
      H083.4  2 0.0101 0.0124 0.0128 0.0085 0.9204 0.0080 0.0279 
      H083.5  2 0.0166 0.0165 0.0102 0.0084 0.9201 0.0112 0.0170 
      H083.6  2 0.0148 0.0283 0.0460 0.0078 0.8678 0.0087 0.0266 
      H083.7  2 0.0136 0.0158 0.0202 0.0147 0.8911 0.0092 0.0354 
      H083.8  2 0.0075 0.0105 0.0142 0.0125 0.9312 0.0122 0.0119 
      H083.9  2 0.0085 0.0155 0.0094 0.0073 0.9310 0.0091 0.0192 
      H084.1  2 0.4960 0.0198 0.0511 0.0235 0.0285 0.0241 0.3570 
      H084.2  2 0.4008 0.0289 0.1334 0.0395 0.0557 0.0653 0.2764 
      H084.3  2 0.8010 0.0253 0.0179 0.0103 0.0117 0.0569 0.0769 
      H084.4  2 0.8566 0.0308 0.0274 0.0113 0.0179 0.0241 0.0321 
      H084.5  2 0.7823 0.0183 0.0304 0.0122 0.0185 0.0491 0.0890 
      H084.6  2 0.6135 0.0133 0.0119 0.0141 0.0123 0.0425 0.2923 
      H084.7  2 0.2467 0.0674 0.1318 0.0246 0.0548 0.0235 0.4513 
      H084.8  2 0.8443 0.0123 0.0106 0.0070 0.0088 0.0189 0.0981 
 H085.1_2002  2 0.0322 0.5381 0.0166 0.1197 0.2536 0.0146 0.0252 
 H085.1_2003  2 0.0219 0.2040 0.0377 0.0115 0.6213 0.0112 0.0926 
 H085.2_2002  2 0.0928 0.6106 0.0183 0.0882 0.0481 0.0190 0.1230 
 H085.2_2003  2 0.0187 0.0964 0.0485 0.0138 0.7518 0.0142 0.0566 
 H085.3_2002  2 0.0085 0.8821 0.0073 0.0375 0.0349 0.0126 0.0172 
 H085.3_2003  2 0.0082 0.0698 0.0208 0.0210 0.8326 0.0158 0.0318 
 H085.4_2002  2 0.0558 0.4739 0.0193 0.1792 0.2258 0.0185 0.0276 
 H085.4_2003  2 0.0126 0.0414 0.0069 0.0241 0.8700 0.0291 0.0159 
 H085.5_2002  2 0.0106 0.7954 0.0088 0.0963 0.0631 0.0149 0.0109 
 H085.5_2003  2 0.0100 0.0321 0.0235 0.0152 0.8466 0.0110 0.0616 
 H085.6_2002  2 0.0231 0.8035 0.0102 0.0655 0.0557 0.0198 0.0222 
 H085.6_2003  2 0.0151 0.5861 0.0163 0.0440 0.2394 0.0747 0.0245 
 H085.7_2002  2 0.0142 0.7975 0.0104 0.0539 0.0673 0.0218 0.0347 
 H085.7_2003  2 0.0124 0.0622 0.0183 0.0155 0.8501 0.0172 0.0243 
 H085.8_2002  2 0.0191 0.7370 0.0115 0.0903 0.0693 0.0275 0.0452 
 H085.8_2003  2 0.0219 0.4101 0.0222 0.0271 0.3450 0.0351 0.1386 
      H085.9  2 0.0324 0.6445 0.0086 0.1007 0.1809 0.0153 0.0176 
      H088.1  2 0.0188 0.8971 0.0232 0.0176 0.0130 0.0117 0.0186 
      H088.2  2 0.0163 0.9271 0.0122 0.0108 0.0098 0.0137 0.0100 
      H088.3  2 0.0116 0.9299 0.0152 0.0118 0.0107 0.0106 0.0102 
      H088.4  2 0.0283 0.8537 0.0305 0.0221 0.0366 0.0163 0.0124 
      H088.5  2 0.0130 0.9376 0.0114 0.0106 0.0082 0.0101 0.0092 
      H088.6  2 0.0134 0.9115 0.0180 0.0096 0.0256 0.0118 0.0102 
      H088.7  2 0.0338 0.6891 0.0169 0.0111 0.2107 0.0233 0.0150 
      H088.8  2 0.0485 0.6027 0.0446 0.0152 0.2351 0.0245 0.0295 
      H091.1  2 0.0103 0.8520 0.0307 0.0096 0.0504 0.0144 0.0327 
      H091.2  2 0.0071 0.7814 0.0458 0.0100 0.1117 0.0206 0.0235 
      H109.1  2 0.0728 0.0239 0.1174 0.0520 0.0814 0.0256 0.6268 
      H109.2  2 0.0329 0.0690 0.0873 0.1067 0.2208 0.0325 0.4508 
      H109.3  2 0.0354 0.2790 0.2289 0.0277 0.1857 0.1359 0.1075 
      H109.4  2 0.0993 0.0923 0.3004 0.1015 0.0568 0.0254 0.3242 
      H109.5  2 0.0106 0.5307 0.0310 0.0149 0.3467 0.0472 0.0188 
      H109.6  2 0.0754 0.0649 0.1732 0.1360 0.1326 0.0778 0.3402 
      H126.1  2 0.0291 0.0950 0.1344 0.6167 0.0582 0.0472 0.0194 
      H126.2  2 0.0357 0.0307 0.0440 0.1011 0.7501 0.0116 0.0268 
      H126.3  2 0.0227 0.0161 0.0225 0.0317 0.8807 0.0177 0.0086 
      H126.4  2 0.0173 0.0244 0.1535 0.6422 0.1115 0.0147 0.0363 
      H126.5  2 0.0082 0.0128 0.0298 0.6429 0.2670 0.0311 0.0082 
      H126.6  2 0.0065 0.0118 0.0136 0.0223 0.9242 0.0153 0.0063 
      H126.7  2 0.0044 0.0193 0.0183 0.0142 0.9261 0.0091 0.0086 
      H130.1  2 0.0147 0.0788 0.0451 0.7621 0.0151 0.0428 0.0413 
      H130.2  2 0.0149 0.0358 0.0990 0.0449 0.0565 0.0215 0.7274 
      H130.3  2 0.0106 0.0355 0.6246 0.0630 0.0678 0.0800 0.1185 
      H130.4  2 0.0381 0.0597 0.1903 0.5180 0.0179 0.0678 0.1082 
      H130.5  2 0.0136 0.1464 0.0289 0.2039 0.0998 0.0413 0.4662 
      H133.1  2 0.1460 0.1481 0.2522 0.1048 0.1944 0.0946 0.0599 
      H133.2  2 0.0182 0.0862 0.0650 0.5537 0.0287 0.2273 0.0209 
      H133.3  2 0.0771 0.6941 0.0404 0.0152 0.0772 0.0725 0.0235 
      H133.4  2 0.0744 0.0246 0.1312 0.1988 0.0466 0.4728 0.0515 
      H133.5  2 0.0270 0.1384 0.6179 0.1477 0.0163 0.0397 0.0129 
      H133.6  2 0.0198 0.1862 0.0906 0.5749 0.0339 0.0637 0.0310 
      H133.7  2 0.1041 0.1227 0.0260 0.0504 0.1002 0.5382 0.0584 
      H133.8  2 0.1710 0.2054 0.3566 0.0948 0.0778 0.0506 0.0437 
      H133.9  2 0.1184 0.1571 0.3983 0.0859 0.0893 0.0636 0.0873 
      H147.1  2 0.0779 0.2379 0.0081 0.0276 0.5718 0.0165 0.0603 
      H147.2  2 0.0100 0.0144 0.0070 0.0186 0.9336 0.0082 0.0081 
      H147.3  2 0.0097 0.0205 0.0096 0.0155 0.9254 0.0077 0.0115 
      H147.4  2 0.0395 0.0206 0.0094 0.0081 0.8899 0.0081 0.0243 
      H147.5  2 0.0157 0.0816 0.0211 0.0160 0.7505 0.0100 0.1051 
      H147.6  2 0.0215 0.1437 0.0578 0.0217 0.6433 0.0191 0.0931 
      H147.7  2 0.0457 0.0140 0.0109 0.0118 0.8724 0.0124 0.0326 
      H147.8  2 0.0308 0.0280 0.0197 0.0059 0.8526 0.0080 0.0550 
      H147.9  2 0.0091 0.0156 0.0088 0.0172 0.9292 0.0069 0.0132 
      H148.1  2 0.6841 0.0330 0.0603 0.1123 0.0208 0.0210 0.0686 
      H148.2  2 0.8123 0.0222 0.0265 0.0473 0.0332 0.0181 0.0404 
      H148.3  2 0.3716 0.4864 0.0122 0.0195 0.0173 0.0686 0.0244 
      H148.4  2 0.7828 0.0612 0.0420 0.0392 0.0220 0.0316 0.0212 
      H148.5  2 0.6982 0.1058 0.0221 0.0338 0.0211 0.0495 0.0697 
      H148.6  2 0.9002 0.0235 0.0123 0.0174 0.0116 0.0121 0.0230 
      H148.7  2 0.6697 0.0657 0.1459 0.0233 0.0216 0.0241 0.0496 
      H148.8  2 0.7907 0.0574 0.0176 0.0551 0.0149 0.0428 0.0215 
      H148.9  2 0.6617 0.0348 0.0610 0.1170 0.0194 0.0326 0.0735 
   H166022.1  2 0.0229 0.8607 0.0090 0.0091 0.0240 0.0086 0.0657 
   H166022.2  2 0.0351 0.7261 0.0509 0.0146 0.0783 0.0295 0.0655 
   H166022.3  2 0.0166 0.5691 0.0631 0.0151 0.0103 0.0200 0.3059 
   H166022.4  2 0.0123 0.8815 0.0381 0.0093 0.0100 0.0162 0.0326 
   H166022.5  2 0.0148 0.7960 0.0602 0.0089 0.0204 0.0252 0.0745 
   H166022.6  2 0.0672 0.6915 0.0306 0.0318 0.0154 0.0388 0.1247 
   H166022.7  2 0.0826 0.0081 0.8678 0.0131 0.0105 0.0100 0.0079 
   H166022.8  2 0.0237 0.2894 0.0714 0.0644 0.0479 0.1485 0.3547 
   H167397.1  2 0.8674 0.0426 0.0121 0.0112 0.0344 0.0199 0.0124 
   H167397.2  2 0.7980 0.0217 0.0448 0.0314 0.0304 0.0468 0.0269 
   H167397.3  2 0.8426 0.0162 0.0137 0.0178 0.0447 0.0509 0.0141 
   H167397.4  2 0.9189 0.0177 0.0135 0.0073 0.0214 0.0084 0.0128 
   H167397.5  2 0.8907 0.0182 0.0189 0.0193 0.0173 0.0143 0.0212 
   H167397.6  2 0.8317 0.0197 0.0139 0.0219 0.0473 0.0479 0.0176 
   H167496.1  2 0.0150 0.5820 0.0270 0.0138 0.0139 0.3124 0.0359 
   H167496.2  2 0.0451 0.2305 0.0761 0.0331 0.4225 0.1594 0.0332 
   H167496.3  2 0.0134 0.8194 0.0139 0.0395 0.0351 0.0260 0.0527 
   H167496.4  2 0.0110 0.9301 0.0142 0.0075 0.0159 0.0095 0.0117 
   H167496.6  2 0.0158 0.7818 0.0682 0.0303 0.0629 0.0219 0.0190 
   H167496.7  2 0.0108 0.0575 0.0348 0.0573 0.0388 0.6118 0.1890 
   H167496.8  2 0.0211 0.7744 0.0283 0.0149 0.1128 0.0303 0.0181 
   H167513.1  2 0.1194 0.0450 0.3082 0.1185 0.0819 0.0615 0.2654 
   H167513.2  2 0.2795 0.1632 0.0435 0.2441 0.0455 0.1014 0.1228 
   H167513.3  2 0.0167 0.0216 0.4013 0.0457 0.0210 0.0467 0.4470 
   H167513.4  2 0.0314 0.0242 0.1037 0.0267 0.0338 0.0408 0.7394 
   H167513.5  2 0.3879 0.1337 0.0468 0.1940 0.0883 0.0381 0.1111 
   H167513.6  2 0.0526 0.2806 0.0566 0.1481 0.0959 0.0930 0.2732 
   H167513.7  2 0.0502 0.0358 0.1185 0.0744 0.0567 0.0419 0.6224 
   H167513.8  2 0.0619 0.0202 0.4521 0.1476 0.0377 0.0416 0.2389 
   H167547.1  2 0.1500 0.0781 0.0276 0.0810 0.0142 0.3651 0.2840 
   H167547.2  2 0.1069 0.3542 0.0172 0.0325 0.0363 0.1332 0.3197 
   H167547.3  2 0.1046 0.3553 0.0143 0.0306 0.0354 0.1422 0.3176 
   H167547.4  2 0.0545 0.4266 0.0269 0.1457 0.0140 0.0309 0.3015 
   H167547.5  2 0.0553 0.8064 0.0092 0.0181 0.0177 0.0164 0.0770 
   H167547.6  2 0.0568 0.8094 0.0104 0.0124 0.0220 0.0142 0.0747 
   H167547.7  2 0.0262 0.0616 0.0418 0.1907 0.0370 0.5363 0.1062 
   H169750.1  2 0.0215 0.1404 0.3572 0.0800 0.0304 0.1520 0.2184 
   H169750.2  2 0.1022 0.1718 0.1705 0.1176 0.1788 0.1965 0.0626 
   H169750.3  2 0.0084 0.2167 0.2900 0.0745 0.0764 0.1850 0.1490 
   H169750.4  2 0.2095 0.2087 0.1480 0.0658 0.0479 0.3047 0.0156 
   H169750.5  2 0.0176 0.1136 0.3901 0.0552 0.0942 0.0782 0.2510 
   H169750.6  2 0.0196 0.1248 0.2313 0.0683 0.4269 0.0167 0.1124 
   H169750.7  2 0.0357 0.2062 0.3368 0.0998 0.0816 0.2081 0.0318 
   H171929.1  2 0.6412 0.1703 0.0287 0.0749 0.0334 0.0211 0.0303 
  H171929.10  2 0.1157 0.4744 0.0148 0.0463 0.0954 0.0790 0.1744 
  H171929.11  2 0.3676 0.1337 0.0411 0.2836 0.0342 0.0636 0.0762 
   H171929.2  2 0.0502 0.0268 0.0679 0.2850 0.0327 0.0816 0.4558 
   H171929.3  2 0.2395 0.0421 0.0663 0.1259 0.0599 0.0643 0.4020 
   H171929.4  2 0.0150 0.2293 0.0727 0.1626 0.0602 0.0854 0.3747 
   H171929.5  2 0.0693 0.0209 0.0906 0.2046 0.0435 0.1079 0.4631 
   H171929.6  2 0.1338 0.0190 0.0836 0.3359 0.0339 0.0593 0.3345 
   H171929.7  2 0.0503 0.1161 0.1101 0.4222 0.1080 0.0346 0.1587 
   H171929.8  2 0.0305 0.1809 0.0228 0.5388 0.0386 0.0684 0.1200 
   H171929.9  2 0.0088 0.1209 0.0361 0.4268 0.1181 0.0653 0.2241 
   H171930.1  2 0.1502 0.0394 0.7212 0.0174 0.0306 0.0192 0.0221 
   H171930.2  2 0.0251 0.5065 0.1891 0.0414 0.0435 0.0266 0.1678 
   H171930.3  2 0.2615 0.1166 0.5111 0.0108 0.0260 0.0335 0.0405 
   H171930.4  2 0.0597 0.1606 0.5708 0.0113 0.0211 0.0249 0.1517 
   H171930.5  2 0.0418 0.1413 0.4117 0.1602 0.0617 0.0378 0.1456 
   H171930.6  2 0.0278 0.0817 0.4992 0.0210 0.1847 0.0579 0.1278 
   H171930.7  2 0.3562 0.0495 0.4426 0.0232 0.0245 0.0569 0.0471 
   H171930.8  2 0.3434 0.0625 0.3075 0.0326 0.0328 0.1755 0.0457 
   H171933.1  2 0.0561 0.0813 0.0182 0.0137 0.0121 0.0152 0.8034 
   H171933.2  2 0.1935 0.4293 0.0432 0.0306 0.0553 0.0204 0.2276 
   H171933.3  2 0.0199 0.3180 0.0123 0.0278 0.0106 0.0159 0.5954 
   H171933.4  2 0.0087 0.0386 0.0194 0.0367 0.0112 0.1577 0.7277 
   H171933.5  2 0.0162 0.0267 0.0318 0.2175 0.0119 0.3482 0.3478 
   H171933.6  2 0.0108 0.3481 0.0463 0.0166 0.1515 0.0114 0.4153 
   H171933.7  2 0.0125 0.0416 0.0128 0.0188 0.0152 0.0144 0.8848 
   H171933.8  2 0.0351 0.0500 0.0194 0.0510 0.0259 0.0763 0.7424 
   H171933.9  2 0.0046 0.0102 0.0111 0.0092 0.0084 0.0088 0.9478 
      H190.1  2 0.0099 0.0205 0.1311 0.0201 0.0283 0.0575 0.7326 
      H190.2  2 0.0258 0.3104 0.0255 0.0663 0.2403 0.2885 0.0431 
      H190.3  2 0.0458 0.2951 0.0310 0.3315 0.0449 0.1565 0.0951 
      H190.4  2 0.0131 0.0365 0.0327 0.0251 0.0086 0.0252 0.8589 
      H190.5  2 0.0182 0.2335 0.0458 0.0602 0.3687 0.2288 0.0447 
      H190.6  2 0.0129 0.0687 0.0316 0.0275 0.0160 0.0353 0.8080 
      H190.7  2 0.0149 0.5580 0.0124 0.2105 0.0201 0.1496 0.0344 
      H190.8  2 0.0121 0.2245 0.0872 0.0892 0.1699 0.3435 0.0736 
      H190.9  2 0.0169 0.1964 0.0213 0.0833 0.0604 0.4404 0.1813 
      H400.1  2 0.0219 0.5486 0.0302 0.0897 0.0447 0.0220 0.2429 
      H400.2  2 0.0500 0.5624 0.0289 0.0391 0.1580 0.0085 0.1530 
      H400.3  2 0.0229 0.4956 0.1121 0.0898 0.0457 0.0396 0.1944 
      H400.4  2 0.0092 0.8652 0.0242 0.0179 0.0423 0.0122 0.0288 
      H400.5  2 0.0203 0.1381 0.0400 0.0269 0.0318 0.0208 0.7220 
      H400.6  2 0.0093 0.8360 0.0157 0.0519 0.0341 0.0200 0.0329 
      H400.7  2 0.0090 0.5861 0.0262 0.0418 0.0123 0.0313 0.2934 
 H428.1_2005  2 0.0123 0.0173 0.0262 0.0098 0.0165 0.0073 0.9106 
 H428.1_2006  2 0.0177 0.1176 0.0309 0.0102 0.1068 0.0338 0.6830 
 H428.2_2005  2 0.0116 0.0106 0.0114 0.0081 0.0104 0.0085 0.9393 
 H428.2_2006  2 0.0112 0.0851 0.0196 0.0128 0.1338 0.0094 0.7282 
 H428.3_2005  2 0.0062 0.0241 0.0355 0.0069 0.0187 0.0140 0.8947 
 H428.3_2006  2 0.0127 0.0508 0.0313 0.0183 0.1472 0.0147 0.7250 
 H428.4_2005  2 0.0083 0.0210 0.0219 0.0055 0.0108 0.0150 0.9175 
 H428.4_2006  2 0.0106 0.0217 0.0139 0.0102 0.0268 0.0107 0.9061 
 H428.5_2005  2 0.0184 0.0182 0.0094 0.0085 0.0284 0.0059 0.9113 
 H428.6_2005  2 0.0076 0.0245 0.0648 0.0109 0.0347 0.0171 0.8404 
 H428.6_2006  2 0.0233 0.0256 0.0743 0.0132 0.0404 0.0097 0.8134 
      H428.7  2 0.0061 0.0255 0.0142 0.0092 0.0225 0.0050 0.9176 
      H428.8  2 0.0133 0.0100 0.0135 0.0100 0.0204 0.0058 0.9270 
      H428.9  2 0.0157 0.0118 0.0081 0.0121 0.0151 0.0059 0.9314 
      H453.1  2 0.0122 0.7987 0.0608 0.0107 0.0796 0.0143 0.0239 
      H453.2  2 0.0074 0.9065 0.0284 0.0117 0.0150 0.0147 0.0163 
      H453.3  2 0.0045 0.9410 0.0065 0.0123 0.0079 0.0091 0.0188 
      H453.4  2 0.0048 0.9313 0.0200 0.0110 0.0119 0.0098 0.0112 
      H453.5  2 0.0088 0.7818 0.0313 0.0090 0.1083 0.0099 0.0509 
      H453.6  2 0.0083 0.7495 0.0183 0.0062 0.1264 0.0086 0.0827 
      H453.7  2 0.0068 0.5463 0.0214 0.0458 0.2788 0.0394 0.0615 
      H453.8  2 0.0101 0.7696 0.0254 0.0265 0.0870 0.0505 0.0307 
      H453.9  2 0.0084 0.2119 0.0354 0.0446 0.6056 0.0195 0.0746 
      H512.1  2 0.0087 0.0543 0.1010 0.0213 0.0187 0.0132 0.7829 
     H512.10  2 0.1025 0.0249 0.2838 0.0183 0.0651 0.0622 0.4431 
      H512.2  2 0.0376 0.0482 0.3686 0.0308 0.0413 0.0350 0.4384 
      H512.3  2 0.0336 0.0915 0.7607 0.0092 0.0170 0.0259 0.0620 
      H512.4  2 0.0517 0.0435 0.0653 0.0294 0.1356 0.0450 0.6296 
      H512.5  2 0.0263 0.0613 0.7483 0.0083 0.0194 0.1002 0.0362 
      H512.6  2 0.0183 0.2777 0.4714 0.0324 0.0218 0.0916 0.0868 
      H512.7  2 0.0146 0.0267 0.8939 0.0085 0.0238 0.0146 0.0179 
      H512.8  2 0.0313 0.0839 0.6171 0.0294 0.0267 0.0322 0.1793 
      H512.9  2 0.0168 0.0660 0.8008 0.0163 0.0211 0.0366 0.0424 
      H513.1  2 0.0115 0.0236 0.0078 0.0086 0.0297 0.0123 0.9065 
      H513.2  2 0.0101 0.0153 0.0059 0.0084 0.0155 0.0071 0.9378 
      H513.3  2 0.0060 0.0083 0.0098 0.0098 0.0131 0.0081 0.9449 
      H513.4  2 0.0072 0.0847 0.0252 0.0101 0.0804 0.0146 0.7778 
      H513.5  2 0.0084 0.0197 0.0379 0.0072 0.0263 0.0093 0.8911 
      H513.6  2 0.0782 0.0152 0.0240 0.0195 0.0126 0.0069 0.8436 
      H532.1  2 0.0311 0.0226 0.1909 0.0207 0.5501 0.0748 0.1097 
      H532.2  2 0.0182 0.2681 0.0160 0.0232 0.0794 0.0338 0.5614 
      H532.3  2 0.0101 0.3405 0.0201 0.0234 0.0866 0.0685 0.4507 
      H532.4  2 0.0253 0.0460 0.0216 0.0660 0.7090 0.0688 0.0634 
      H532.5  2 0.0357 0.1259 0.2010 0.0370 0.1423 0.0423 0.4158 
      H532.6  2 0.0172 0.0536 0.0353 0.0741 0.5213 0.0952 0.2034 
      H532.7  2 0.0252 0.0301 0.1007 0.0178 0.6663 0.0179 0.1420 
      H532.8  2 0.0436 0.0456 0.1586 0.0243 0.6024 0.0449 0.0805 
      H543.1  2 0.9484 0.0112 0.0069 0.0065 0.0051 0.0097 0.0122 
      H543.2  2 0.8954 0.0222 0.0112 0.0106 0.0129 0.0094 0.0382 
      H543.3  2 0.9500 0.0089 0.0079 0.0078 0.0099 0.0070 0.0085 
      H543.4  2 0.9491 0.0115 0.0049 0.0080 0.0057 0.0117 0.0090 
      H543.5  2 0.9526 0.0066 0.0066 0.0073 0.0068 0.0084 0.0117 
      H543.6  2 0.8535 0.0376 0.0138 0.0305 0.0114 0.0190 0.0341 
      H543.7  2 0.9688 0.0048 0.0046 0.0058 0.0051 0.0050 0.0060 
      H543.8  2 0.9037 0.0113 0.0179 0.0120 0.0214 0.0067 0.0270 
      H543.9  2 0.9483 0.0115 0.0082 0.0086 0.0072 0.0067 0.0095 
 H545.1_2005  2 0.9663 0.0041 0.0063 0.0086 0.0051 0.0046 0.0049 
 H545.1_2006  2 0.9565 0.0064 0.0060 0.0093 0.0083 0.0078 0.0057 
 H545.2_2005  2 0.9248 0.0100 0.0260 0.0165 0.0070 0.0070 0.0086 
 H545.2_2006  2 0.9633 0.0048 0.0078 0.0063 0.0060 0.0045 0.0073 
 H545.3_2005  2 0.9307 0.0131 0.0150 0.0140 0.0073 0.0112 0.0086 
 H545.3_2006  2 0.9467 0.0048 0.0100 0.0139 0.0123 0.0054 0.0069 
 H545.4_2005  2 0.9404 0.0067 0.0086 0.0149 0.0072 0.0118 0.0105 
 H545.4_2006  2 0.9467 0.0094 0.0074 0.0121 0.0065 0.0094 0.0085 
 H545.5_2005  2 0.9376 0.0066 0.0103 0.0156 0.0114 0.0072 0.0113 
 H545.5_2006  2 0.9415 0.0080 0.0165 0.0087 0.0074 0.0081 0.0097 
 H545.6_2005  2 0.9669 0.0047 0.0074 0.0060 0.0050 0.0049 0.0052 
 H545.6_2006  2 0.9588 0.0061 0.0097 0.0075 0.0051 0.0053 0.0073 
 H545.7_2005  2 0.9528 0.0059 0.0124 0.0106 0.0070 0.0042 0.0071 
 H545.7_2006  2 0.9456 0.0064 0.0103 0.0115 0.0103 0.0061 0.0098 
 H545.8_2005  2 0.9139 0.0105 0.0125 0.0248 0.0109 0.0093 0.0180 
 H545.8_2006  2 0.9622 0.0055 0.0070 0.0078 0.0053 0.0062 0.0060 
      H545.9  2 0.9498 0.0081 0.0118 0.0104 0.0061 0.0066 0.0072 
      H547.1  2 0.0105 0.9407 0.0115 0.0079 0.0079 0.0062 0.0153 
      H547.2  2 0.0650 0.8590 0.0090 0.0140 0.0201 0.0144 0.0185 
      H547.3  2 0.0257 0.8401 0.0241 0.0211 0.0083 0.0571 0.0237 
      H547.4  2 0.0188 0.8444 0.0178 0.0359 0.0404 0.0280 0.0148 
      H547.5  2 0.0414 0.8735 0.0097 0.0099 0.0077 0.0124 0.0455 
      H547.6  2 0.0263 0.9267 0.0088 0.0099 0.0091 0.0080 0.0112 
      H547.7  2 0.0460 0.7998 0.0386 0.0398 0.0128 0.0333 0.0297 
      H547.8  2 0.0139 0.9416 0.0081 0.0099 0.0060 0.0081 0.0125 
      H548.1  2 0.9534 0.0048 0.0080 0.0118 0.0070 0.0070 0.0080 
      H548.2  2 0.9411 0.0056 0.0119 0.0094 0.0070 0.0150 0.0100 
      H548.3  2 0.9499 0.0075 0.0091 0.0133 0.0067 0.0069 0.0065 
      H548.4  2 0.7818 0.0084 0.0533 0.0739 0.0388 0.0268 0.0171 
      H548.5  2 0.9562 0.0053 0.0082 0.0076 0.0077 0.0085 0.0066 
      H548.6  2 0.9362 0.0048 0.0140 0.0131 0.0083 0.0147 0.0090 
      H548.7  2 0.9512 0.0075 0.0104 0.0110 0.0069 0.0060 0.0069 
      H548.8  2 0.9423 0.0064 0.0098 0.0112 0.0101 0.0098 0.0105 
      H548.9  2 0.9169 0.0113 0.0134 0.0191 0.0155 0.0117 0.0120 
     H7389.1  2 0.0072 0.0122 0.0114 0.0097 0.0101 0.0064 0.9430 
     H7389.2  2 0.0338 0.0075 0.0073 0.0080 0.0151 0.0061 0.9223 
     H7389.3  2 0.0189 0.0095 0.0117 0.0079 0.0178 0.0073 0.9268 
     H7389.4  2 0.0164 0.0149 0.0173 0.0199 0.0343 0.0068 0.8902 
     H7389.5  2 0.0099 0.0166 0.0302 0.0233 0.0164 0.0071 0.8964 
     H7389.6  2 0.0065 0.0077 0.1634 0.0071 0.0455 0.0155 0.7543 
     H7389.7  2 0.0143 0.0079 0.0245 0.0097 0.0323 0.0071 0.9042 
     H7389.8  2 0.0571 0.0097 0.0242 0.0254 0.0155 0.0095 0.8586 
     H7389.9  2 0.0240 0.0117 0.0146 0.0110 0.0308 0.0075 0.9005 
      H747.1  2 0.0410 0.0519 0.5839 0.0292 0.0337 0.0546 0.2058 
      H747.2  2 0.0139 0.0087 0.7190 0.0608 0.0128 0.0474 0.1373 
      H747.3  2 0.0162 0.0517 0.5546 0.0631 0.0150 0.1334 0.1661 
      H747.4  2 0.0139 0.0269 0.7297 0.0215 0.0401 0.0927 0.0751 
      H747.5  2 0.0112 0.0136 0.8171 0.0339 0.0161 0.0595 0.0485 
      H747.6  2 0.0683 0.0145 0.6097 0.0204 0.0210 0.0183 0.2478 
      H747.7  2 0.0158 0.0218 0.6218 0.0540 0.0169 0.0351 0.2347 
     H7484.1  2 0.0094 0.1588 0.0346 0.0315 0.7313 0.0112 0.0232 
     H7484.2  2 0.0084 0.2022 0.0154 0.1913 0.5307 0.0194 0.0326 
     H7484.3  2 0.0107 0.1185 0.0406 0.1244 0.6542 0.0200 0.0316 
     H7484.4  2 0.0089 0.1639 0.0257 0.1092 0.6431 0.0177 0.0316 
     H7484.5  2 0.0118 0.0189 0.0956 0.1690 0.5923 0.0120 0.1005 
     H7484.6  2 0.0204 0.0493 0.5761 0.0937 0.1192 0.0870 0.0543 
     H7484.7  2 0.0088 0.0420 0.3120 0.2641 0.3343 0.0244 0.0145 
     H7484.8  2 0.0095 0.0300 0.1436 0.0438 0.5202 0.0124 0.2405 
     H7485.1  2 0.9281 0.0102 0.0090 0.0125 0.0128 0.0160 0.0115 
     H7485.2  2 0.9353 0.0095 0.0089 0.0176 0.0084 0.0083 0.0121 
     H7485.3  2 0.9495 0.0049 0.0062 0.0104 0.0106 0.0104 0.0081 
     H7485.4  2 0.9106 0.0090 0.0108 0.0389 0.0141 0.0057 0.0110 
     H7485.5  2 0.9120 0.0082 0.0097 0.0272 0.0184 0.0094 0.0151 
     H7485.6  2 0.9048 0.0123 0.0146 0.0179 0.0257 0.0090 0.0157 
     H7485.7  2 0.9199 0.0076 0.0128 0.0198 0.0145 0.0167 0.0087 
     H7496.1  2 0.0119 0.5934 0.0418 0.0160 0.1146 0.0490 0.1733 
    H7496.10  2 0.0099 0.9342 0.0094 0.0089 0.0181 0.0074 0.0121 
    H7496.11  2 0.8364 0.0389 0.0262 0.0104 0.0475 0.0261 0.0146 
     H7496.2  2 0.0101 0.8855 0.0298 0.0141 0.0279 0.0124 0.0202 
     H7496.3  2 0.0204 0.3336 0.0475 0.0658 0.4779 0.0283 0.0265 
     H7496.4  2 0.0112 0.9306 0.0131 0.0069 0.0151 0.0128 0.0103 
     H7496.5  2 0.0198 0.7960 0.0517 0.0199 0.0321 0.0594 0.0211 
     H7496.6  2 0.0086 0.8395 0.0511 0.0213 0.0256 0.0256 0.0284 
     H7496.7  2 0.0096 0.9353 0.0130 0.0096 0.0157 0.0079 0.0089 
     H7496.8  2 0.0227 0.8213 0.0223 0.0184 0.0737 0.0248 0.0167 
        UNK4  2 0.0149 0.0101 0.0173 0.0267 0.0121 0.0158 0.9032 
        UNK5  2 0.0384 0.0503 0.0141 0.0432 0.0557 0.0134 0.7848 
        UNK6  2 0.0122 0.0113 0.0140 0.0118 0.0181 0.0101 0.9225 
        UNK7  2 0.0841 0.0134 0.0104 0.0182 0.0168 0.0106 0.8465 
        UNK8  2 0.1393 0.0147 0.0141 0.0655 0.0324 0.0095 0.7245 
        UNK9  2 0.0428 0.0121 0.0182 0.0186 0.0627 0.0082 0.8373 
      H009.1  4 0.0082 0.0195 0.0106 0.5284 0.0120 0.4127 0.0085 
      H009.2  4 0.0079 0.0110 0.0248 0.4266 0.0079 0.5133 0.0086 
      H009.3  4 0.0084 0.0221 0.0148 0.5161 0.0171 0.4119 0.0096 
      H009.4  4 0.0105 0.0234 0.0410 0.3779 0.0164 0.5178 0.0130 
      H009.5  4 0.0116 0.0135 0.0148 0.5782 0.0109 0.3568 0.0141 
      H009.6  4 0.0121 0.0257 0.0080 0.6504 0.0142 0.2798 0.0099 
      H046.4  4 0.0476 0.0779 0.1175 0.4159 0.1884 0.0908 0.0618 
      H046.8  4 0.0992 0.1186 0.1752 0.2072 0.0661 0.2040 0.1297 
 H076.1_2002  4 0.8889 0.0543 0.0176 0.0093 0.0105 0.0092 0.0103 
 H076.1_2003  4 0.9399 0.0102 0.0074 0.0083 0.0076 0.0134 0.0133 
