      H105.1  1 0.0088 0.0097 0.0058 0.0732 0.0164 0.0034 0.0057 0.0061 0.0435 0.0085 0.0097 0.0246 0.0065 0.0077 0.0179 0.0179 0.0063 0.0164 0.0147 0.0091 0.0076 0.0575 0.0064 0.0122 0.5984 0.0062 
      H105.2  1 0.0327 0.0045 0.0175 0.0330 0.0111 0.0112 0.0083 0.0112 0.0429 0.0050 0.0258 0.0055 0.0118 0.0049 0.0114 0.4788 0.0060 0.0065 0.0081 0.0248 0.0276 0.0116 0.0121 0.0094 0.1714 0.0069 
      H105.3  1 0.0095 0.0124 0.0060 0.0148 0.0099 0.0143 0.0086 0.0058 0.0153 0.0056 0.0091 0.0067 0.0066 0.0073 0.0149 0.0102 0.0050 0.0042 0.0140 0.0197 0.0165 0.0903 0.0073 0.0085 0.6713 0.0061 
      H105.4  1 0.0370 0.0098 0.0130 0.0409 0.0104 0.0825 0.0164 0.0066 0.1154 0.0077 0.0093 0.0088 0.0118 0.0101 0.0298 0.1669 0.0122 0.0051 0.0103 0.0065 0.0255 0.0420 0.0077 0.0141 0.2834 0.0168 
      H105.5  1 0.1167 0.0168 0.0046 0.0921 0.0884 0.0390 0.0284 0.0077 0.0898 0.0359 0.0221 0.0465 0.0105 0.0092 0.0577 0.1007 0.0084 0.0119 0.0086 0.0397 0.0281 0.0340 0.0141 0.0179 0.0528 0.0184 
      H105.6  1 0.0133 0.0101 0.0038 0.0048 0.0056 0.0202 0.0130 0.0046 0.0258 0.0155 0.0048 0.0030 0.0058 0.0070 0.0083 0.0179 0.0048 0.0051 0.0106 0.0068 0.0141 0.0304 0.0084 0.0077 0.7414 0.0071 
      H105.7  1 0.0060 0.0061 0.0050 0.0102 0.0123 0.0051 0.0085 0.0046 0.0628 0.0062 0.0047 0.0103 0.0141 0.0099 0.0140 0.0638 0.0055 0.0218 0.0331 0.0063 0.0054 0.0592 0.0052 0.0048 0.6085 0.0067 
      H105.8  1 0.0139 0.0047 0.0181 0.0432 0.0040 0.0073 0.0051 0.0087 0.0165 0.0060 0.0087 0.0047 0.0091 0.0069 0.0082 0.0170 0.0029 0.0079 0.0380 0.0113 0.0182 0.0165 0.0071 0.0094 0.6995 0.0069 
      H115.1  1 0.0170 0.0401 0.0207 0.0093 0.0074 0.0119 0.0095 0.0069 0.0124 0.6292 0.0060 0.0322 0.0128 0.0084 0.0074 0.0072 0.0043 0.0092 0.0181 0.0126 0.0192 0.0470 0.0075 0.0154 0.0091 0.0191 
      H115.2  1 0.0254 0.0145 0.0253 0.0053 0.0090 0.0105 0.0063 0.0102 0.0050 0.7639 0.0069 0.0098 0.0046 0.0069 0.0042 0.0095 0.0052 0.0117 0.0080 0.0109 0.0060 0.0062 0.0072 0.0112 0.0107 0.0059 
      H115.3  1 0.2326 0.0224 0.0071 0.0044 0.0198 0.1155 0.0037 0.0119 0.0084 0.3774 0.0099 0.0539 0.0064 0.0093 0.0113 0.0146 0.0072 0.0050 0.0099 0.0060 0.0061 0.0088 0.0180 0.0112 0.0086 0.0106 
      H115.4  1 0.5454 0.0121 0.0344 0.0046 0.0273 0.0058 0.0046 0.0065 0.0100 0.0209 0.0140 0.1377 0.0067 0.0087 0.0078 0.0075 0.0079 0.0052 0.0062 0.0482 0.0280 0.0108 0.0050 0.0071 0.0066 0.0209 
      H115.5  1 0.0849 0.0798 0.0098 0.0077 0.0218 0.0553 0.0139 0.0579 0.0134 0.2990 0.0542 0.0593 0.0105 0.0068 0.0257 0.0160 0.0220 0.0134 0.0204 0.0156 0.0148 0.0111 0.0074 0.0333 0.0218 0.0242 
      H115.6  1 0.1229 0.0332 0.0054 0.0057 0.1016 0.0313 0.0067 0.0187 0.0067 0.3059 0.0252 0.0376 0.0195 0.0174 0.0119 0.0434 0.0096 0.0085 0.0197 0.0131 0.0040 0.0203 0.0971 0.0094 0.0069 0.0181 
      H115.7  1 0.0540 0.0240 0.0166 0.0052 0.0585 0.0259 0.0131 0.0041 0.0088 0.3003 0.0278 0.0517 0.0229 0.0077 0.0111 0.1618 0.0117 0.0061 0.0051 0.0150 0.0092 0.0971 0.0180 0.0060 0.0068 0.0312 
      H115.8  1 0.1225 0.0286 0.0109 0.0076 0.0324 0.0121 0.0052 0.0768 0.0110 0.4397 0.0230 0.0219 0.0134 0.0113 0.0074 0.0115 0.0067 0.0089 0.0476 0.0087 0.0048 0.0240 0.0127 0.0269 0.0119 0.0124 
      H115.9  1 0.0127 0.0122 0.0081 0.0058 0.0044 0.0218 0.0081 0.0044 0.0235 0.7402 0.0041 0.0231 0.0065 0.0051 0.0050 0.0043 0.0043 0.0059 0.0330 0.0142 0.0110 0.0130 0.0051 0.0125 0.0053 0.0064 
      H145.1  1 0.0058 0.0070 0.0037 0.0075 0.0041 0.0128 0.0055 0.0208 0.0139 0.0099 0.0031 0.0061 0.0040 0.0068 0.0086 0.0041 0.8011 0.0059 0.0094 0.0069 0.0049 0.0063 0.0239 0.0064 0.0044 0.0074 
      H145.2  1 0.0092 0.0165 0.0048 0.0116 0.0060 0.0846 0.0056 0.0212 0.0094 0.0068 0.0031 0.0073 0.0037 0.0069 0.0058 0.0134 0.5923 0.0077 0.0072 0.0059 0.0099 0.0062 0.0186 0.0049 0.0076 0.1238 
      H145.3  1 0.0060 0.0044 0.0035 0.0057 0.0041 0.0046 0.0042 0.0414 0.0076 0.0052 0.0082 0.0054 0.0067 0.0049 0.0062 0.0061 0.7938 0.0031 0.0180 0.0037 0.0045 0.0045 0.0251 0.0102 0.0037 0.0093 
      H145.4  1 0.0039 0.0054 0.0033 0.0036 0.0033 0.0041 0.0045 0.0057 0.0069 0.0041 0.0032 0.0060 0.0032 0.0039 0.0053 0.0046 0.8873 0.0053 0.0045 0.0034 0.0034 0.0064 0.0064 0.0030 0.0040 0.0051 
      H145.5  1 0.0046 0.0046 0.0044 0.0058 0.0051 0.0047 0.0057 0.1236 0.0051 0.0038 0.0057 0.0034 0.0035 0.0048 0.0041 0.0039 0.7388 0.0035 0.0083 0.0040 0.0034 0.0046 0.0295 0.0051 0.0030 0.0070 
      H145.6  1 0.0043 0.0052 0.0033 0.0064 0.0051 0.0436 0.0042 0.0117 0.0063 0.0031 0.0076 0.0057 0.0046 0.0047 0.0034 0.0231 0.7244 0.0093 0.0037 0.0038 0.0060 0.0055 0.0053 0.0041 0.0056 0.0900 
      H145.7  1 0.0055 0.0061 0.0035 0.0041 0.0041 0.0048 0.0033 0.0045 0.0051 0.0032 0.0082 0.0064 0.0042 0.0044 0.0027 0.0066 0.8777 0.0046 0.0072 0.0029 0.0047 0.0053 0.0052 0.0041 0.0032 0.0083 
      H149.1  1 0.0031 0.9113 0.0032 0.0029 0.0032 0.0034 0.0050 0.0035 0.0034 0.0038 0.0026 0.0034 0.0030 0.0037 0.0031 0.0030 0.0046 0.0032 0.0045 0.0032 0.0034 0.0033 0.0048 0.0045 0.0029 0.0041 
      H149.2  1 0.0038 0.7931 0.0052 0.0038 0.0194 0.0050 0.0045 0.0032 0.0085 0.0040 0.0038 0.0115 0.0046 0.0032 0.0095 0.0542 0.0137 0.0110 0.0034 0.0043 0.0065 0.0071 0.0054 0.0031 0.0053 0.0028 
      H149.3  1 0.0058 0.6238 0.0126 0.0063 0.0335 0.0120 0.0125 0.0042 0.0081 0.0054 0.0085 0.0321 0.0138 0.0043 0.0140 0.0441 0.0620 0.0132 0.0090 0.0044 0.0150 0.0251 0.0085 0.0051 0.0090 0.0075 
      H149.4  1 0.0037 0.7828 0.0062 0.0397 0.0057 0.0078 0.0055 0.0095 0.0055 0.0041 0.0042 0.0054 0.0087 0.0203 0.0050 0.0165 0.0049 0.0098 0.0045 0.0031 0.0106 0.0082 0.0051 0.0048 0.0128 0.0056 
      H149.5  1 0.0042 0.4165 0.0078 0.0195 0.0136 0.0046 0.0113 0.0044 0.0078 0.0031 0.0047 0.0357 0.0114 0.0064 0.0134 0.2874 0.0446 0.0171 0.0073 0.0062 0.0390 0.0111 0.0043 0.0048 0.0087 0.0048 
      H149.6  1 0.0035 0.7327 0.0066 0.0048 0.0079 0.0048 0.0050 0.0036 0.0056 0.0032 0.0034 0.0080 0.0065 0.0029 0.0075 0.1297 0.0125 0.0140 0.0036 0.0050 0.0051 0.0084 0.0047 0.0034 0.0045 0.0033 
      H149.7  1 0.0056 0.4335 0.0182 0.0304 0.0101 0.0149 0.0483 0.0091 0.0071 0.0048 0.0071 0.0182 0.0808 0.0223 0.0182 0.0984 0.0258 0.0294 0.0139 0.0088 0.0297 0.0146 0.0122 0.0065 0.0180 0.0143 
      H150.1  1 0.1273 0.0030 0.0035 0.0070 0.0065 0.0157 0.0056 0.0075 0.0056 0.7227 0.0080 0.0059 0.0030 0.0037 0.0048 0.0063 0.0042 0.0071 0.0071 0.0045 0.0032 0.0049 0.0072 0.0065 0.0153 0.0040 
      H150.2  1 0.1948 0.0136 0.0061 0.0036 0.0255 0.0067 0.0051 0.0124 0.0040 0.5450 0.0106 0.0122 0.0066 0.0064 0.0097 0.0351 0.0046 0.0094 0.0047 0.0063 0.0052 0.0213 0.0084 0.0112 0.0144 0.0169 
      H150.3  1 0.0124 0.0060 0.0055 0.0061 0.0161 0.0077 0.0086 0.0094 0.0053 0.7789 0.0115 0.0046 0.0096 0.0067 0.0059 0.0148 0.0066 0.0065 0.0072 0.0075 0.0030 0.0212 0.0102 0.0053 0.0100 0.0134 
      H150.4  1 0.0083 0.0030 0.0028 0.0064 0.0087 0.0077 0.0061 0.0087 0.0084 0.8416 0.0091 0.0047 0.0075 0.0056 0.0049 0.0093 0.0058 0.0059 0.0063 0.0065 0.0029 0.0096 0.0051 0.0042 0.0048 0.0062 
      H150.5  1 0.2216 0.0114 0.0195 0.0067 0.0326 0.0177 0.0062 0.0057 0.0086 0.4223 0.0113 0.0209 0.0094 0.0092 0.0133 0.0554 0.0100 0.0087 0.0068 0.0045 0.0059 0.0354 0.0110 0.0116 0.0231 0.0112 
      H150.6  1 0.4489 0.0063 0.0260 0.0046 0.0454 0.0076 0.0034 0.0104 0.0040 0.1326 0.0465 0.0483 0.0083 0.0074 0.0089 0.0749 0.0082 0.0061 0.0046 0.0050 0.0059 0.0085 0.0151 0.0055 0.0500 0.0075 
      H150.7  1 0.0184 0.0043 0.0039 0.0062 0.0074 0.0223 0.0036 0.0078 0.0053 0.8248 0.0057 0.0039 0.0036 0.0041 0.0046 0.0098 0.0057 0.0061 0.0065 0.0052 0.0033 0.0079 0.0078 0.0088 0.0065 0.0065 
   H169607.1  1 0.0450 0.0051 0.1946 0.0566 0.0067 0.0298 0.0072 0.0192 0.0139 0.0428 0.0163 0.0204 0.0225 0.0052 0.0660 0.0537 0.1493 0.0207 0.0167 0.0981 0.0160 0.0127 0.0387 0.0089 0.0074 0.0263 
   H169607.2  1 0.0195 0.0063 0.0380 0.0358 0.0086 0.0174 0.0071 0.0035 0.1656 0.1088 0.0094 0.0181 0.0139 0.0353 0.0673 0.0468 0.0527 0.0091 0.0494 0.0328 0.0265 0.0391 0.1063 0.0168 0.0075 0.0584 
   H169607.3  1 0.0314 0.0049 0.0775 0.0827 0.0068 0.0393 0.0073 0.0132 0.0569 0.0170 0.0190 0.0894 0.0215 0.0045 0.0473 0.1926 0.1072 0.0257 0.0354 0.0141 0.0281 0.0091 0.0254 0.0156 0.0060 0.0222 
   H169607.4  1 0.0123 0.0051 0.0392 0.0405 0.0055 0.0394 0.0067 0.0055 0.1191 0.0163 0.0064 0.0086 0.0092 0.0195 0.1231 0.0490 0.0860 0.0060 0.0074 0.0138 0.0087 0.0096 0.3230 0.0200 0.0097 0.0101 
   H169607.5  1 0.0164 0.0093 0.0172 0.0091 0.0065 0.0282 0.0054 0.0061 0.1201 0.1512 0.0078 0.1478 0.0090 0.0305 0.0786 0.1099 0.0275 0.0266 0.0173 0.0124 0.0185 0.0129 0.0157 0.0094 0.0059 0.1007 
   H169607.6  1 0.0234 0.0092 0.0446 0.0475 0.0084 0.0174 0.0059 0.0042 0.3771 0.0322 0.0099 0.0117 0.0082 0.0266 0.0730 0.0838 0.0254 0.0180 0.0274 0.0199 0.0327 0.0100 0.0401 0.0100 0.0101 0.0235 
   H169607.7  1 0.2289 0.0055 0.0856 0.0449 0.0073 0.0109 0.0041 0.0056 0.0610 0.0281 0.0146 0.0098 0.0074 0.0126 0.0336 0.0235 0.0219 0.0132 0.0534 0.0214 0.0437 0.0201 0.0194 0.0062 0.0109 0.2062 
   H169607.8  1 0.0053 0.0040 0.0942 0.0478 0.0052 0.0164 0.0078 0.0041 0.3348 0.0142 0.0061 0.0079 0.0083 0.0131 0.1543 0.0269 0.0273 0.0061 0.0172 0.0146 0.0106 0.0106 0.1356 0.0146 0.0051 0.0079 
   H169633.1  1 0.0051 0.7066 0.0159 0.0056 0.0159 0.0086 0.0083 0.0144 0.0062 0.0105 0.0186 0.0047 0.0193 0.0034 0.0049 0.0035 0.0335 0.0136 0.0076 0.0074 0.0044 0.0160 0.0054 0.0453 0.0103 0.0053 
   H169633.2  1 0.0119 0.6665 0.0311 0.0066 0.0123 0.0049 0.0089 0.0080 0.0037 0.0035 0.0119 0.0042 0.0576 0.0047 0.0032 0.0160 0.0166 0.0060 0.0105 0.0346 0.0117 0.0192 0.0046 0.0101 0.0187 0.0131 
   H169633.3  1 0.0054 0.7729 0.0075 0.0035 0.0316 0.0055 0.0196 0.0052 0.0048 0.0100 0.0071 0.0076 0.0076 0.0047 0.0055 0.0037 0.0077 0.0140 0.0107 0.0083 0.0097 0.0116 0.0050 0.0081 0.0137 0.0089 
   H169633.4  1 0.0048 0.7871 0.0050 0.0063 0.0124 0.0167 0.0074 0.0106 0.0065 0.0125 0.0099 0.0107 0.0045 0.0043 0.0059 0.0053 0.0100 0.0134 0.0066 0.0070 0.0059 0.0106 0.0096 0.0078 0.0136 0.0056 
   H169633.5  1 0.0044 0.7753 0.0049 0.0054 0.0134 0.0156 0.0095 0.0100 0.0078 0.0118 0.0092 0.0160 0.0044 0.0048 0.0066 0.0050 0.0114 0.0160 0.0079 0.0079 0.0087 0.0095 0.0074 0.0063 0.0156 0.0052 
   H169688.1  1 0.0113 0.0111 0.2355 0.0046 0.0041 0.0036 0.0176 0.0041 0.0517 0.0175 0.0415 0.0048 0.1701 0.0060 0.0058 0.0916 0.1585 0.0138 0.0085 0.0109 0.0279 0.0064 0.0195 0.0500 0.0039 0.0198 
   H169688.2  1 0.0413 0.0053 0.2957 0.0118 0.0058 0.0035 0.0165 0.0098 0.0110 0.0104 0.0192 0.0041 0.2526 0.0172 0.0049 0.0279 0.0134 0.0174 0.0099 0.0052 0.0093 0.0057 0.0072 0.1734 0.0097 0.0117 
   H169688.3  1 0.0394 0.0133 0.2793 0.0208 0.0052 0.0041 0.0097 0.0054 0.0068 0.0337 0.0142 0.0095 0.1413 0.0123 0.0038 0.0440 0.1335 0.0249 0.0046 0.0086 0.0049 0.0108 0.0089 0.1222 0.0077 0.0309 
   H169688.4  1 0.1371 0.0089 0.0564 0.0063 0.0049 0.0103 0.0086 0.0175 0.0062 0.1951 0.0179 0.0066 0.0386 0.0103 0.0054 0.0083 0.0179 0.0124 0.0071 0.0051 0.0068 0.0064 0.0065 0.3691 0.0131 0.0173 
   H169688.5  1 0.1315 0.0096 0.0720 0.0058 0.0058 0.0092 0.0091 0.0195 0.0051 0.2236 0.0151 0.0076 0.0359 0.0085 0.0051 0.0100 0.0155 0.0135 0.0058 0.0053 0.0054 0.0058 0.0074 0.3376 0.0121 0.0181 
   H169688.6  1 0.0175 0.0106 0.2000 0.0058 0.0036 0.0096 0.0060 0.0563 0.0170 0.0459 0.0144 0.0055 0.1714 0.0167 0.0056 0.0373 0.0944 0.0345 0.0055 0.0054 0.1153 0.0062 0.0050 0.0810 0.0184 0.0111 
   H169688.7  1 0.1390 0.0140 0.1095 0.0310 0.0121 0.0071 0.0133 0.0076 0.0084 0.0245 0.0185 0.0074 0.0468 0.0238 0.0058 0.0061 0.2237 0.0151 0.0067 0.0074 0.0035 0.0070 0.0163 0.1881 0.0058 0.0515 
   H171901.1  1 0.0257 0.0075 0.0097 0.0210 0.0108 0.0184 0.0097 0.0321 0.0070 0.0097 0.0085 0.0183 0.0083 0.0054 0.0054 0.6926 0.0134 0.0119 0.0083 0.0094 0.0042 0.0055 0.0055 0.0117 0.0041 0.0359 
   H171901.2  1 0.0125 0.7747 0.0060 0.0062 0.0135 0.0112 0.0046 0.0052 0.0169 0.0131 0.0046 0.0054 0.0043 0.0126 0.0083 0.0069 0.0064 0.0041 0.0076 0.0048 0.0040 0.0064 0.0156 0.0187 0.0114 0.0150 
   H171901.3  1 0.0167 0.6359 0.0066 0.0088 0.0085 0.0224 0.0083 0.0068 0.0063 0.0126 0.0114 0.0117 0.0510 0.0096 0.0061 0.0230 0.0085 0.0186 0.0056 0.0048 0.0074 0.0048 0.0131 0.0758 0.0061 0.0097 
   H171901.4  1 0.0381 0.7411 0.0066 0.0091 0.0084 0.0118 0.0042 0.0058 0.0082 0.0076 0.0053 0.0061 0.0065 0.0113 0.0119 0.0088 0.0070 0.0082 0.0071 0.0077 0.0051 0.0048 0.0102 0.0182 0.0179 0.0233 
   H171901.5  1 0.0534 0.6439 0.0124 0.0129 0.0124 0.0158 0.0061 0.0060 0.0077 0.0077 0.0042 0.0085 0.0169 0.0148 0.0187 0.0152 0.0101 0.0078 0.0064 0.0080 0.0100 0.0047 0.0358 0.0300 0.0147 0.0160 
   H171901.6  1 0.0479 0.4833 0.0133 0.0081 0.0175 0.0442 0.0145 0.0055 0.0124 0.0202 0.0047 0.0063 0.0201 0.0176 0.0279 0.0134 0.0232 0.0173 0.0074 0.0120 0.0099 0.0052 0.0663 0.0474 0.0349 0.0196 
   H171901.7  1 0.0365 0.5409 0.0092 0.0056 0.0145 0.0119 0.0143 0.0052 0.0112 0.0191 0.0094 0.0069 0.0296 0.0183 0.0052 0.0127 0.0232 0.0561 0.0196 0.0053 0.0288 0.0069 0.0161 0.0594 0.0116 0.0225 
   H171902.1  1 0.0126 0.0094 0.0246 0.0062 0.0049 0.0082 0.0112 0.0320 0.0074 0.0138 0.0072 0.0029 0.0074 0.0130 0.0115 0.0056 0.0137 0.0101 0.0119 0.0259 0.0189 0.0052 0.7062 0.0180 0.0059 0.0062 
  H171902.10  1 0.0090 0.0087 0.0110 0.0060 0.0065 0.0054 0.0046 0.0072 0.0054 0.0055 0.0049 0.0031 0.0041 0.0087 0.0045 0.0054 0.0044 0.0028 0.0035 0.0049 0.0064 0.0039 0.8630 0.0043 0.0031 0.0038 
   H171902.2  1 0.0128 0.0182 0.1184 0.0116 0.0090 0.0067 0.0118 0.0378 0.0084 0.0198 0.0407 0.0040 0.0323 0.0116 0.0150 0.0128 0.0131 0.0447 0.0568 0.0175 0.0225 0.0089 0.3667 0.0532 0.0260 0.0195 
   H171902.3  1 0.0258 0.0691 0.0434 0.0177 0.0089 0.0083 0.0106 0.0116 0.0087 0.0314 0.0095 0.0051 0.0115 0.0138 0.0163 0.0102 0.0082 0.0167 0.0128 0.0167 0.0142 0.0066 0.5714 0.0149 0.0080 0.0285 
   H171902.4  1 0.0037 0.0464 0.0073 0.0030 0.0065 0.0049 0.0062 0.0094 0.0049 0.0124 0.0043 0.0042 0.0046 0.0033 0.0030 0.0055 0.0087 0.0052 0.0073 0.0042 0.0050 0.0168 0.8013 0.0087 0.0069 0.0065 
   H171902.6  1 0.0041 0.0078 0.0085 0.0086 0.0077 0.0085 0.0048 0.0074 0.0069 0.0078 0.0048 0.0028 0.0040 0.0051 0.0055 0.0054 0.0045 0.0033 0.0036 0.0053 0.0088 0.0043 0.8585 0.0043 0.0031 0.0046 
   H171902.7  1 0.0133 0.0099 0.0062 0.0044 0.0089 0.0071 0.0058 0.0081 0.0105 0.0062 0.0034 0.0032 0.0044 0.0054 0.0105 0.0477 0.0097 0.0052 0.0033 0.0064 0.0050 0.0052 0.7955 0.0043 0.0050 0.0053 
   H171902.8  1 0.0111 0.0170 0.0194 0.0113 0.0103 0.0077 0.0059 0.0087 0.0068 0.0156 0.0080 0.0052 0.0093 0.0092 0.0086 0.0145 0.0058 0.0060 0.0053 0.0069 0.0095 0.0048 0.7785 0.0048 0.0042 0.0059 
   H171902.9  1 0.0070 0.0072 0.0092 0.0056 0.0054 0.0097 0.0130 0.0192 0.0079 0.0817 0.0037 0.0036 0.0054 0.0063 0.0068 0.0068 0.0087 0.0066 0.0079 0.0049 0.0054 0.0141 0.7184 0.0120 0.0086 0.0150 
   H171903.1  1 0.0469 0.0121 0.0079 0.0039 0.0089 0.0136 0.0053 0.0042 0.5246 0.0498 0.0049 0.0177 0.0078 0.0656 0.0282 0.0180 0.0144 0.0065 0.0184 0.0222 0.0130 0.0131 0.0083 0.0116 0.0104 0.0625 
   H171903.2  1 0.0414 0.0072 0.0080 0.0284 0.0066 0.0171 0.0075 0.0125 0.5114 0.0181 0.0060 0.0311 0.0091 0.0419 0.0233 0.0094 0.0120 0.0085 0.0342 0.0187 0.0158 0.0100 0.0080 0.0296 0.0134 0.0707 
   H171903.3  1 0.0483 0.0109 0.0131 0.0126 0.0282 0.0147 0.0219 0.0134 0.1633 0.0332 0.0063 0.1544 0.0169 0.0693 0.0379 0.0490 0.0118 0.0255 0.0249 0.0594 0.0384 0.0133 0.0351 0.0287 0.0143 0.0551 
   H171903.4  1 0.0234 0.0060 0.0179 0.0077 0.0082 0.0364 0.0111 0.0082 0.0271 0.0195 0.0127 0.0095 0.0510 0.0083 0.0100 0.5675 0.0486 0.0090 0.0072 0.0044 0.0067 0.0093 0.0391 0.0249 0.0069 0.0194 
   H171903.5  1 0.0841 0.0344 0.0212 0.0877 0.0110 0.0085 0.0174 0.0086 0.0341 0.0408 0.0069 0.1787 0.0192 0.0354 0.0327 0.0221 0.0118 0.0510 0.0161 0.0641 0.0138 0.0062 0.0065 0.0461 0.0121 0.1294 
   H171903.6  1 0.1485 0.0354 0.0599 0.0153 0.0054 0.0250 0.0123 0.0045 0.0564 0.0264 0.0092 0.0956 0.0116 0.0151 0.0735 0.0448 0.0250 0.0306 0.0186 0.0102 0.0124 0.0070 0.0144 0.0506 0.0067 0.1859 
      H177.1  1 0.0187 0.1586 0.0121 0.0089 0.0106 0.0127 0.0142 0.0102 0.0286 0.0275 0.0053 0.0117 0.1541 0.0912 0.0194 0.0667 0.0118 0.0056 0.0079 0.0055 0.0687 0.0056 0.2031 0.0154 0.0057 0.0201 
      H177.2  1 0.0236 0.1130 0.0797 0.0756 0.0227 0.0348 0.0121 0.0134 0.0181 0.0118 0.0178 0.0378 0.0137 0.0351 0.1415 0.0047 0.0967 0.0108 0.0419 0.0078 0.0451 0.0149 0.0393 0.0411 0.0081 0.0390 
      H177.3  1 0.0167 0.2401 0.0395 0.0309 0.0204 0.1105 0.0239 0.0119 0.0148 0.0155 0.0042 0.0201 0.0129 0.0498 0.0424 0.0079 0.0470 0.0085 0.0101 0.0064 0.0525 0.0077 0.0971 0.0157 0.0050 0.0884 
      H177.4  1 0.0071 0.0363 0.0228 0.0062 0.0101 0.0107 0.0097 0.0112 0.0178 0.0060 0.0037 0.0143 0.1145 0.0244 0.0209 0.0282 0.0340 0.0070 0.0084 0.0059 0.5144 0.0068 0.0409 0.0080 0.0137 0.0172 
      H177.5  1 0.0304 0.0154 0.0178 0.0077 0.0122 0.0124 0.0159 0.0074 0.0254 0.0118 0.0122 0.0215 0.4521 0.0723 0.0511 0.0163 0.0167 0.0172 0.0202 0.0037 0.0156 0.0080 0.0315 0.0478 0.0390 0.0186 
      H177.6  1 0.0210 0.4146 0.0135 0.0268 0.0184 0.1077 0.0227 0.0127 0.0093 0.0164 0.0040 0.0120 0.0096 0.0583 0.0199 0.0070 0.0204 0.0086 0.0076 0.0074 0.0253 0.0052 0.0741 0.0159 0.0053 0.0562 
      H179.1  1 0.0155 0.0133 0.0252 0.0357 0.0062 0.0240 0.0434 0.0047 0.0040 0.0099 0.0086 0.0055 0.0715 0.0160 0.0213 0.0076 0.0046 0.2798 0.0088 0.0440 0.2872 0.0232 0.0061 0.0111 0.0114 0.0116 
      H179.2  1 0.0141 0.0054 0.0288 0.0155 0.0087 0.0089 0.0165 0.0036 0.0065 0.0121 0.0058 0.0095 0.0216 0.0097 0.0176 0.0089 0.0053 0.0316 0.0092 0.0384 0.6810 0.0115 0.0082 0.0074 0.0070 0.0073 
      H179.3  1 0.0274 0.0052 0.0320 0.0249 0.0050 0.0223 0.0132 0.0045 0.0179 0.0217 0.0146 0.0120 0.1648 0.0181 0.0138 0.0112 0.0056 0.2348 0.0185 0.0266 0.2108 0.0097 0.0079 0.0421 0.0081 0.0272 
      H179.4  1 0.0073 0.0102 0.0076 0.0139 0.0098 0.0073 0.0127 0.0038 0.0052 0.0051 0.0082 0.0073 0.0246 0.0094 0.0140 0.0083 0.0064 0.0206 0.0086 0.0097 0.7518 0.0068 0.0072 0.0136 0.0076 0.0128 
      H180.1  1 0.8508 0.0044 0.0065 0.0044 0.0078 0.0038 0.0046 0.0081 0.0049 0.0071 0.0097 0.0117 0.0033 0.0077 0.0033 0.0063 0.0030 0.0034 0.0035 0.0089 0.0088 0.0056 0.0045 0.0067 0.0054 0.0057 
      H180.2  1 0.8291 0.0080 0.0051 0.0030 0.0045 0.0108 0.0077 0.0084 0.0059 0.0124 0.0176 0.0045 0.0057 0.0064 0.0048 0.0064 0.0035 0.0039 0.0036 0.0058 0.0109 0.0080 0.0039 0.0076 0.0077 0.0049 
      H180.3  1 0.4874 0.0057 0.0049 0.0041 0.0046 0.0076 0.0359 0.0199 0.0084 0.2269 0.0070 0.0275 0.0049 0.0151 0.0070 0.0051 0.0070 0.0077 0.0348 0.0331 0.0053 0.0042 0.0041 0.0048 0.0099 0.0170 
      H180.4  1 0.6375 0.0159 0.0129 0.0086 0.0167 0.0056 0.0091 0.0199 0.0082 0.0218 0.0220 0.0104 0.0058 0.0113 0.0050 0.0100 0.0057 0.0085 0.0129 0.0048 0.0123 0.0180 0.0078 0.0272 0.0627 0.0194 
      H180.5  1 0.7478 0.0083 0.0103 0.0037 0.0225 0.0054 0.0049 0.0184 0.0115 0.0094 0.0178 0.0127 0.0086 0.0088 0.0092 0.0074 0.0053 0.0052 0.0137 0.0047 0.0164 0.0086 0.0062 0.0128 0.0144 0.0057 
      H180.6  1 0.2527 0.0135 0.0059 0.0058 0.0332 0.0162 0.0108 0.0389 0.0085 0.0368 0.0222 0.0078 0.0048 0.0106 0.0089 0.0081 0.0133 0.0121 0.4159 0.0097 0.0074 0.0081 0.0045 0.0112 0.0191 0.0141 
      H181.1  1 0.0179 0.1934 0.0531 0.0248 0.0238 0.0079 0.0073 0.0181 0.0677 0.0089 0.1418 0.1455 0.0072 0.0079 0.0144 0.0133 0.0151 0.0571 0.0078 0.0083 0.1016 0.0049 0.0248 0.0141 0.0080 0.0054 
      H181.2  1 0.0246 0.0672 0.0812 0.0108 0.0897 0.0059 0.0149 0.0202 0.0272 0.0116 0.0993 0.0365 0.0118 0.0279 0.0122 0.0114 0.0273 0.0080 0.0078 0.0108 0.2930 0.0117 0.0592 0.0092 0.0130 0.0076 
      H181.3  1 0.0117 0.0843 0.0650 0.0196 0.0348 0.0081 0.0079 0.0220 0.0168 0.0056 0.2776 0.0098 0.0128 0.0235 0.0333 0.0179 0.0149 0.0045 0.0094 0.0047 0.1955 0.0125 0.0453 0.0376 0.0089 0.0160 
      H181.4  1 0.0358 0.1225 0.0213 0.0208 0.0235 0.0099 0.0181 0.0044 0.0184 0.0574 0.0584 0.2471 0.0191 0.0386 0.0677 0.0165 0.0280 0.0256 0.0149 0.0071 0.0521 0.0173 0.0263 0.0183 0.0093 0.0217 
      H181.5  1 0.0059 0.0152 0.0135 0.0500 0.0401 0.0082 0.0375 0.0097 0.0091 0.0078 0.1160 0.0080 0.0229 0.0044 0.0119 0.0255 0.0058 0.0192 0.0092 0.0146 0.5011 0.0232 0.0103 0.0097 0.0110 0.0102 
      H181.6  1 0.0562 0.0168 0.0099 0.0305 0.0336 0.0111 0.0144 0.0046 0.0092 0.0208 0.0085 0.0122 0.0137 0.0093 0.0168 0.0132 0.0066 0.0230 0.0073 0.0365 0.5460 0.0101 0.0126 0.0088 0.0620 0.0063 
      H181.7  1 0.0154 0.0383 0.0075 0.1093 0.0056 0.0093 0.0051 0.0076 0.0104 0.0131 0.0308 0.0179 0.0061 0.0045 0.0065 0.0083 0.0099 0.0610 0.0109 0.0064 0.5563 0.0081 0.0070 0.0213 0.0101 0.0132 
 H194.1_2004  1 0.0436 0.0209 0.0056 0.0034 0.0356 0.0112 0.0204 0.0066 0.1310 0.0396 0.0061 0.0057 0.0162 0.1262 0.0092 0.0169 0.3493 0.0518 0.0132 0.0095 0.0058 0.0086 0.0141 0.0212 0.0104 0.0177 
 H194.2_2004  1 0.0169 0.0204 0.0055 0.0051 0.0345 0.0085 0.0088 0.0281 0.0186 0.0078 0.0048 0.0074 0.0170 0.0385 0.0042 0.5747 0.1300 0.0130 0.0061 0.0057 0.0055 0.0081 0.0110 0.0100 0.0044 0.0055 
 H194.3_2004  1 0.0053 0.0675 0.0087 0.0079 0.0115 0.0086 0.2098 0.0084 0.0156 0.0082 0.0038 0.0081 0.0211 0.0299 0.0060 0.0132 0.4495 0.0080 0.0116 0.0045 0.0192 0.0068 0.0353 0.0090 0.0080 0.0143 
 H194.4_2004  1 0.0057 0.0492 0.0066 0.0040 0.0089 0.0055 0.0096 0.0172 0.0551 0.0066 0.0055 0.0056 0.0456 0.0119 0.0066 0.1953 0.4825 0.0046 0.0075 0.0055 0.0071 0.0044 0.0299 0.0065 0.0061 0.0070 
 H194.5_2004  1 0.0085 0.0679 0.0069 0.0098 0.0137 0.0129 0.1204 0.0053 0.0250 0.0227 0.0088 0.0125 0.0266 0.0261 0.0164 0.0321 0.3837 0.0359 0.0178 0.0132 0.0222 0.0104 0.0317 0.0091 0.0208 0.0394 
 H194.6_2004  1 0.0057 0.1210 0.0080 0.0074 0.0173 0.0132 0.2632 0.0064 0.0191 0.0170 0.0054 0.0101 0.1549 0.0155 0.0125 0.0603 0.0746 0.0085 0.0127 0.0097 0.0428 0.0064 0.0490 0.0122 0.0066 0.0403 
 H194.7_2004  1 0.0079 0.0130 0.0050 0.0047 0.0136 0.0046 0.0254 0.0061 0.2736 0.0130 0.0091 0.0093 0.0112 0.0095 0.0129 0.0376 0.3395 0.0742 0.0683 0.0053 0.0063 0.0112 0.0046 0.0092 0.0099 0.0151 
 H194.8_2004  1 0.0053 0.0870 0.0061 0.0089 0.0170 0.0092 0.0517 0.0092 0.0179 0.0133 0.0084 0.0106 0.0927 0.0078 0.0151 0.2785 0.2114 0.0130 0.0173 0.0077 0.0246 0.0071 0.0305 0.0066 0.0107 0.0324 
      H194.9  1 0.0101 0.0155 0.0047 0.0045 0.0125 0.0089 0.0349 0.0086 0.0843 0.0453 0.0109 0.0087 0.0193 0.0079 0.0114 0.0197 0.4745 0.0333 0.1024 0.0061 0.0072 0.0100 0.0096 0.0148 0.0122 0.0227 
 H195.1_2003  1 0.0162 0.0136 0.0064 0.0076 0.0219 0.0086 0.0127 0.0040 0.0124 0.0056 0.0089 0.0063 0.0329 0.0207 0.0107 0.0163 0.4150 0.0175 0.0054 0.0127 0.0082 0.0039 0.0162 0.0299 0.2712 0.0153 
 H195.1_2004  1 0.0038 0.0079 0.0073 0.0047 0.0216 0.0057 0.0042 0.0041 0.0047 0.0041 0.0144 0.0069 0.0036 0.0053 0.0034 0.0029 0.8486 0.0032 0.0032 0.0027 0.0039 0.0054 0.0076 0.0076 0.0059 0.0074 
 H195.2_2003  1 0.0203 0.0063 0.0092 0.0093 0.0079 0.0111 0.0092 0.0057 0.0223 0.0147 0.0053 0.0032 0.0161 0.0133 0.0215 0.0090 0.4535 0.0072 0.0142 0.0104 0.0065 0.0066 0.0213 0.2428 0.0416 0.0115 
 H195.2_2004  1 0.0051 0.0050 0.0036 0.0040 0.0053 0.0029 0.0039 0.0057 0.0049 0.0040 0.0053 0.0034 0.0051 0.0035 0.0066 0.0036 0.8889 0.0041 0.0039 0.0030 0.0049 0.0032 0.0048 0.0061 0.0052 0.0038 
 H195.3_2003  1 0.0175 0.0050 0.0103 0.0090 0.0120 0.0114 0.0129 0.0070 0.0403 0.0538 0.0089 0.0052 0.0261 0.0222 0.0389 0.0335 0.2747 0.0169 0.0099 0.0056 0.0070 0.0075 0.0086 0.1759 0.1666 0.0134 
 H195.3_2004  1 0.0044 0.0129 0.0053 0.0031 0.0059 0.0043 0.0035 0.0055 0.0080 0.0034 0.0049 0.0043 0.0042 0.0051 0.0036 0.0042 0.8794 0.0033 0.0032 0.0031 0.0039 0.0035 0.0072 0.0048 0.0058 0.0033 
 H195.4_2003  1 0.0093 0.0114 0.0046 0.0090 0.0291 0.0090 0.0104 0.0031 0.0081 0.0045 0.0042 0.0047 0.0071 0.0055 0.0085 0.0105 0.7337 0.0090 0.0042 0.0117 0.0068 0.0061 0.0072 0.0094 0.0640 0.0088 
 H195.4_2004  1 0.0032 0.0041 0.0044 0.0031 0.0041 0.0046 0.0041 0.0033 0.0078 0.0030 0.0168 0.0036 0.0075 0.0039 0.0032 0.0029 0.8792 0.0041 0.0043 0.0034 0.0044 0.0033 0.0048 0.0087 0.0042 0.0040 
 H195.5_2003  1 0.0164 0.0097 0.0063 0.0068 0.0439 0.0103 0.0095 0.0033 0.0086 0.0074 0.0158 0.0060 0.0270 0.0119 0.0102 0.0316 0.2634 0.0101 0.0047 0.0063 0.0107 0.0058 0.0149 0.0127 0.4321 0.0149 
 H195.5_2004  1 0.0030 0.0053 0.0102 0.0029 0.0076 0.0045 0.0036 0.0060 0.0071 0.0039 0.0114 0.0045 0.0031 0.0039 0.0031 0.0029 0.8728 0.0028 0.0039 0.0025 0.0066 0.0045 0.0060 0.0053 0.0077 0.0046 
 H195.6_2003  1 0.0126 0.0041 0.0061 0.0036 0.0065 0.0074 0.0045 0.0039 0.0244 0.0118 0.0061 0.0029 0.0050 0.0101 0.0120 0.0050 0.7276 0.0076 0.0059 0.0049 0.0053 0.0050 0.0088 0.0596 0.0443 0.0048 
 H195.6_2004  1 0.0028 0.0045 0.0035 0.0057 0.0058 0.0036 0.0050 0.0051 0.0086 0.0024 0.0042 0.0029 0.0038 0.0036 0.0034 0.0037 0.8938 0.0037 0.0045 0.0028 0.0048 0.0028 0.0048 0.0038 0.0054 0.0052 
 H195.7_2003  1 0.0082 0.0085 0.0146 0.0122 0.0103 0.0067 0.0079 0.0032 0.0096 0.0044 0.0096 0.0068 0.1239 0.0087 0.0161 0.0211 0.6005 0.0153 0.0080 0.0096 0.0085 0.0050 0.0067 0.0462 0.0199 0.0084 
 H195.7_2004  1 0.0067 0.0039 0.0079 0.0046 0.0096 0.0048 0.0033 0.0199 0.0043 0.0067 0.0149 0.0049 0.0035 0.0041 0.0038 0.0026 0.8506 0.0049 0.0035 0.0027 0.0041 0.0049 0.0035 0.0082 0.0064 0.0057 
      H195.8  1 0.0042 0.0035 0.0067 0.0032 0.0086 0.0063 0.0035 0.0044 0.0058 0.0051 0.0279 0.0047 0.0051 0.0033 0.0036 0.0037 0.8559 0.0042 0.0042 0.0028 0.0046 0.0044 0.0054 0.0063 0.0053 0.0073 
      H195.9  1 0.0038 0.0069 0.0060 0.0040 0.0055 0.0038 0.0057 0.0032 0.0103 0.0037 0.0052 0.0063 0.0044 0.0057 0.0046 0.0042 0.8746 0.0031 0.0051 0.0031 0.0051 0.0034 0.0066 0.0069 0.0047 0.0040 
      H415.1  1 0.0137 0.0928 0.0069 0.0066 0.0148 0.0087 0.0101 0.0631 0.0053 0.1585 0.0062 0.0109 0.0193 0.0168 0.0049 0.0242 0.0439 0.0100 0.0212 0.3720 0.0048 0.0136 0.0373 0.0089 0.0143 0.0114 
      H415.2  1 0.0179 0.0252 0.0439 0.0073 0.0047 0.0364 0.0960 0.0183 0.0059 0.0326 0.0031 0.0086 0.0132 0.1052 0.0106 0.0102 0.0224 0.0277 0.0063 0.0985 0.0079 0.0244 0.3200 0.0379 0.0074 0.0083 
      H415.3  1 0.0262 0.0768 0.0143 0.0110 0.0163 0.0066 0.0073 0.0095 0.0025 0.0075 0.0033 0.0077 0.0144 0.0367 0.0182 0.0096 0.0108 0.0149 0.0045 0.6287 0.0164 0.0124 0.0207 0.0063 0.0073 0.0098 
      H415.4  1 0.0116 0.0187 0.0043 0.0061 0.0379 0.0083 0.0098 0.0179 0.0044 0.0757 0.0075 0.0122 0.0066 0.0073 0.0056 0.0158 0.0122 0.0076 0.0243 0.6331 0.0040 0.0115 0.0353 0.0041 0.0123 0.0059 
      H415.5  1 0.0265 0.1002 0.0098 0.0094 0.0359 0.0046 0.0140 0.0085 0.0029 0.0058 0.0040 0.0073 0.0128 0.0425 0.0103 0.0120 0.0147 0.0100 0.0049 0.6054 0.0101 0.0062 0.0214 0.0052 0.0068 0.0089 
      H415.6  1 0.0124 0.0165 0.0037 0.0054 0.0368 0.0089 0.0103 0.0201 0.0044 0.0671 0.0071 0.0138 0.0083 0.0089 0.0063 0.0181 0.0134 0.0074 0.0270 0.6324 0.0039 0.0125 0.0375 0.0041 0.0072 0.0064 
      H415.7  1 0.0223 0.0454 0.0651 0.0075 0.0093 0.0214 0.0142 0.0109 0.0036 0.0112 0.0039 0.0050 0.0093 0.0292 0.0631 0.0060 0.0341 0.0483 0.0071 0.3523 0.0223 0.0089 0.1400 0.0441 0.0060 0.0094 
      H506.1  1 0.0037 0.0058 0.0052 0.0059 0.0036 0.0033 0.0075 0.0057 0.0027 0.0024 0.0057 0.0032 0.0048 0.0048 0.0073 0.0034 0.0042 0.0072 0.0052 0.0083 0.8756 0.0072 0.0028 0.0042 0.0061 0.0045 
      H506.2  1 0.0042 0.0132 0.0096 0.0185 0.0049 0.0075 0.0080 0.0075 0.0041 0.0028 0.0030 0.0036 0.0041 0.0045 0.0113 0.0027 0.0157 0.0085 0.0044 0.0080 0.8280 0.0056 0.0046 0.0041 0.0063 0.0051 
      H506.3  1 0.0069 0.0110 0.1293 0.0049 0.0047 0.0053 0.0168 0.0464 0.0047 0.0038 0.0220 0.0077 0.0098 0.0164 0.0192 0.0043 0.0077 0.0082 0.0073 0.0101 0.6084 0.0084 0.0067 0.0150 0.0100 0.0053 
      H506.4  1 0.0048 0.0058 0.0076 0.0050 0.0036 0.0061 0.0058 0.0075 0.0039 0.0037 0.0054 0.0051 0.0056 0.0070 0.0085 0.0055 0.0047 0.0094 0.0051 0.0102 0.8496 0.0056 0.0043 0.0053 0.0084 0.0066 
      H506.5  1 0.0041 0.0104 0.0069 0.0066 0.0028 0.0057 0.0037 0.0064 0.0043 0.0029 0.0038 0.0036 0.0055 0.0043 0.0089 0.0036 0.0048 0.0073 0.0037 0.0086 0.8640 0.0049 0.0043 0.0067 0.0073 0.0050 
      H506.6  1 0.0068 0.0068 0.1631 0.0211 0.0045 0.0682 0.0081 0.0355 0.0100 0.0043 0.0119 0.0169 0.0198 0.0169 0.0209 0.0036 0.0148 0.0204 0.0085 0.0123 0.3847 0.0112 0.0095 0.0948 0.0118 0.0137 
      H506.7  1 0.0039 0.0123 0.0076 0.0060 0.0037 0.0044 0.0060 0.0062 0.0036 0.0025 0.0044 0.0032 0.0056 0.0046 0.0100 0.0033 0.0068 0.0066 0.0050 0.0082 0.8605 0.0057 0.0053 0.0039 0.0056 0.0051 
      H533.1  1 0.0083 0.0170 0.0096 0.0654 0.0045 0.0046 0.0058 0.0101 0.0028 0.0023 0.0066 0.0053 0.0036 0.0058 0.0039 0.0037 0.0042 0.0110 0.0042 0.0061 0.7906 0.0036 0.0036 0.0047 0.0076 0.0048 
      H533.2  1 0.0086 0.0291 0.0120 0.0485 0.0047 0.0058 0.0052 0.0171 0.0028 0.0028 0.0056 0.0051 0.0032 0.0048 0.0037 0.0042 0.0054 0.0079 0.0047 0.0090 0.7859 0.0037 0.0039 0.0043 0.0067 0.0052 
      H533.3  1 0.0067 0.0135 0.0070 0.0192 0.0036 0.0110 0.0048 0.0066 0.0066 0.0047 0.0048 0.0258 0.0043 0.0137 0.0058 0.0041 0.0040 0.0175 0.0066 0.0093 0.7793 0.0055 0.0055 0.0068 0.0047 0.0185 
      H533.4  1 0.0112 0.0257 0.0073 0.0094 0.0053 0.0221 0.0036 0.0096 0.0053 0.0045 0.0063 0.0196 0.0052 0.0164 0.0058 0.0066 0.0156 0.0162 0.0048 0.0076 0.7339 0.0072 0.0061 0.0054 0.0051 0.0343 
      H535.1  1 0.0041 0.0062 0.0042 0.0058 0.0064 0.0092 0.0115 0.0047 0.0095 0.0094 0.0033 0.0035 0.0055 0.0068 0.0107 0.0048 0.0049 0.0052 0.0035 0.0051 0.8347 0.0037 0.0122 0.0053 0.0051 0.0148 
      H535.2  1 0.0033 0.0044 0.0050 0.0045 0.0064 0.0040 0.0041 0.0029 0.0067 0.0035 0.0073 0.0056 0.0041 0.0032 0.0047 0.0042 0.0069 0.0048 0.0049 0.0032 0.8842 0.0040 0.0035 0.0041 0.0048 0.0056 
      H535.3  1 0.0034 0.0033 0.0045 0.0044 0.0060 0.0067 0.0042 0.0040 0.0062 0.0041 0.0099 0.0048 0.0040 0.0037 0.0059 0.0057 0.0070 0.0052 0.0051 0.0026 0.8750 0.0035 0.0040 0.0035 0.0085 0.0046 
      H535.4  1 0.0042 0.0081 0.0035 0.0024 0.0077 0.0028 0.0041 0.0026 0.0032 0.0039 0.0041 0.0037 0.0031 0.0038 0.0040 0.0045 0.0083 0.0061 0.0036 0.0062 0.8874 0.0044 0.0046 0.0034 0.0055 0.0047 
      H535.5  1 0.0039 0.0066 0.0030 0.0028 0.0034 0.0034 0.0052 0.0030 0.0033 0.0046 0.0031 0.0037 0.0048 0.0063 0.0043 0.0035 0.0039 0.0050 0.0028 0.0062 0.8945 0.0028 0.0045 0.0036 0.0039 0.0081 
      H535.6  1 0.0036 0.0034 0.0068 0.0071 0.0143 0.0173 0.0264 0.0040 0.0100 0.0164 0.0053 0.0076 0.0140 0.0055 0.0103 0.0152 0.0098 0.0056 0.0038 0.0052 0.7561 0.0033 0.0136 0.0074 0.0045 0.0236 
      H535.7  1 0.0026 0.0050 0.0031 0.0027 0.0027 0.0044 0.0064 0.0033 0.0031 0.0038 0.0031 0.0034 0.0046 0.0041 0.0039 0.0022 0.0029 0.0028 0.0038 0.0045 0.9086 0.0028 0.0033 0.0038 0.0055 0.0037 
      H535.8  1 0.0033 0.0041 0.0037 0.0034 0.0039 0.0062 0.0090 0.0029 0.0037 0.0050 0.0042 0.0042 0.0109 0.0041 0.0062 0.0056 0.0058 0.0047 0.0036 0.0060 0.8723 0.0038 0.0051 0.0045 0.0071 0.0065 
      H535.9  1 0.0044 0.0050 0.0043 0.0044 0.0069 0.0123 0.0060 0.0050 0.0069 0.0109 0.0041 0.0046 0.0033 0.0035 0.0065 0.0043 0.0051 0.0036 0.0037 0.0036 0.8638 0.0033 0.0070 0.0033 0.0080 0.0062 
      H539.1  1 0.0035 0.0026 0.0026 0.0034 0.0032 0.0085 0.0031 0.0065 0.0069 0.9012 0.0026 0.0027 0.0032 0.0036 0.0036 0.0033 0.0038 0.0035 0.0053 0.0034 0.0024 0.0034 0.0050 0.0047 0.0031 0.0050 
      H539.2  1 0.0335 0.0052 0.0513 0.0061 0.0064 0.0056 0.0049 0.0093 0.0136 0.5935 0.0223 0.0213 0.0139 0.0860 0.0067 0.0090 0.0080 0.0075 0.0088 0.0102 0.0137 0.0071 0.0071 0.0182 0.0096 0.0211 
      H539.3  1 0.0054 0.0040 0.0061 0.0038 0.0032 0.0052 0.0087 0.0062 0.0214 0.8148 0.0074 0.0044 0.0105 0.0079 0.0050 0.0130 0.0098 0.0065 0.0077 0.0035 0.0071 0.0046 0.0079 0.0138 0.0061 0.0060 
      H539.4  1 0.0099 0.0043 0.0124 0.0081 0.0036 0.0090 0.0033 0.0162 0.0042 0.7864 0.0048 0.0089 0.0067 0.0122 0.0053 0.0038 0.0035 0.0092 0.0072 0.0072 0.0040 0.0035 0.0066 0.0428 0.0086 0.0082 
      H539.5  1 0.0039 0.0030 0.0029 0.0030 0.0036 0.0052 0.0038 0.0039 0.0081 0.9055 0.0027 0.0034 0.0029 0.0033 0.0049 0.0035 0.0033 0.0033 0.0060 0.0032 0.0031 0.0034 0.0037 0.0033 0.0026 0.0044 
      H539.6  1 0.0059 0.0032 0.0028 0.0034 0.0044 0.0069 0.0040 0.0038 0.0066 0.8899 0.0043 0.0038 0.0029 0.0034 0.0044 0.0048 0.0043 0.0035 0.0068 0.0039 0.0031 0.0044 0.0052 0.0034 0.0040 0.0068 
      H539.7  1 0.0053 0.0033 0.0038 0.0032 0.0039 0.0052 0.0051 0.0029 0.0035 0.9001 0.0033 0.0040 0.0042 0.0032 0.0043 0.0058 0.0029 0.0045 0.0033 0.0027 0.0032 0.0037 0.0043 0.0054 0.0035 0.0055 
      H539.8  1 0.0055 0.0042 0.0053 0.0041 0.0049 0.0050 0.0145 0.0111 0.0089 0.7866 0.0108 0.0079 0.0135 0.0062 0.0056 0.0150 0.0055 0.0150 0.0046 0.0046 0.0126 0.0063 0.0058 0.0155 0.0144 0.0067 
      H539.9  1 0.0056 0.0028 0.0075 0.0050 0.0025 0.0065 0.0032 0.0109 0.0071 0.8523 0.0042 0.0069 0.0042 0.0082 0.0044 0.0031 0.0031 0.0047 0.0094 0.0043 0.0032 0.0048 0.0051 0.0205 0.0056 0.0049 
      H540.1  1 0.0061 0.0071 0.0200 0.0126 0.0048 0.0116 0.0044 0.0100 0.0086 0.7732 0.0072 0.0176 0.0044 0.0162 0.0209 0.0070 0.0092 0.0050 0.0060 0.0042 0.0076 0.0061 0.0081 0.0094 0.0044 0.0083 
      H540.2  1 0.0069 0.0048 0.0039 0.0068 0.0044 0.0060 0.0058 0.0028 0.0053 0.8755 0.0026 0.0052 0.0038 0.0099 0.0082 0.0046 0.0035 0.0054 0.0043 0.0040 0.0040 0.0061 0.0048 0.0039 0.0033 0.0041 
      H540.3  1 0.0070 0.0120 0.0380 0.0106 0.0164 0.0537 0.0692 0.1918 0.0051 0.3688 0.0097 0.0391 0.0123 0.0085 0.0176 0.0250 0.0077 0.0106 0.0049 0.0114 0.0048 0.0061 0.0304 0.0250 0.0050 0.0093 
      H540.4  1 0.0052 0.0041 0.0123 0.0091 0.0075 0.0056 0.0056 0.0030 0.0049 0.8427 0.0047 0.0086 0.0055 0.0081 0.0087 0.0062 0.0060 0.0066 0.0037 0.0039 0.0098 0.0086 0.0048 0.0045 0.0040 0.0065 
      H540.5  1 0.0043 0.0061 0.0117 0.0135 0.0065 0.0066 0.0096 0.0157 0.0067 0.7886 0.0075 0.0066 0.0089 0.0123 0.0106 0.0047 0.0040 0.0051 0.0063 0.0055 0.0044 0.0074 0.0112 0.0267 0.0047 0.0050 
      H540.6  1 0.0053 0.0074 0.0306 0.0173 0.0088 0.0114 0.0108 0.0074 0.0161 0.7087 0.0172 0.0165 0.0102 0.0145 0.0204 0.0076 0.0080 0.0051 0.0095 0.0064 0.0073 0.0182 0.0125 0.0117 0.0034 0.0077 
      H540.7  1 0.0057 0.0088 0.0059 0.0077 0.0073 0.0062 0.0056 0.0038 0.0042 0.8391 0.0046 0.0079 0.0048 0.0118 0.0085 0.0038 0.0046 0.0110 0.0059 0.0073 0.0072 0.0060 0.0046 0.0053 0.0056 0.0067 
      H540.8  1 0.0112 0.0115 0.0049 0.0073 0.0054 0.0085 0.0071 0.0045 0.0051 0.8238 0.0024 0.0070 0.0053 0.0130 0.0073 0.0061 0.0050 0.0159 0.0035 0.0045 0.0061 0.0039 0.0078 0.0053 0.0039 0.0136 
     H9558.1  1 0.0070 0.0028 0.0065 0.0091 0.0038 0.0207 0.0079 0.0088 0.0079 0.8160 0.0056 0.0026 0.0058 0.0091 0.0046 0.0081 0.0037 0.0045 0.0045 0.0078 0.0106 0.0040 0.0105 0.0064 0.0064 0.0156 
     H9558.2  1 0.0038 0.0041 0.0087 0.0226 0.0039 0.0305 0.0045 0.0116 0.0099 0.7369 0.0062 0.0035 0.0108 0.0088 0.0089 0.0063 0.0040 0.0189 0.0163 0.0112 0.0134 0.0080 0.0126 0.0082 0.0163 0.0102 
     H9558.3  1 0.0053 0.0039 0.0047 0.0077 0.0041 0.0073 0.0080 0.0084 0.0093 0.8140 0.0051 0.0057 0.0044 0.0061 0.0104 0.0160 0.0044 0.0070 0.0116 0.0109 0.0073 0.0093 0.0055 0.0053 0.0121 0.0064 
     H9558.4  1 0.0082 0.0028 0.0098 0.0105 0.0030 0.0193 0.0044 0.0133 0.0076 0.8030 0.0051 0.0037 0.0054 0.0200 0.0056 0.0038 0.0029 0.0113 0.0050 0.0087 0.0080 0.0037 0.0084 0.0066 0.0048 0.0150 
     H9558.5  1 0.0052 0.0052 0.0163 0.0030 0.0030 0.0081 0.0069 0.0201 0.0035 0.8199 0.0047 0.0082 0.0072 0.0138 0.0050 0.0031 0.0023 0.0091 0.0033 0.0089 0.0057 0.0046 0.0045 0.0138 0.0087 0.0058 
     H9558.6  1 0.0051 0.0042 0.0096 0.0062 0.0054 0.0192 0.0102 0.0070 0.0067 0.7322 0.0032 0.0456 0.0042 0.0067 0.0078 0.0111 0.0045 0.0058 0.0495 0.0073 0.0049 0.0084 0.0104 0.0068 0.0101 0.0080 
    kos339.1  1 0.0044 0.8220 0.0085 0.0113 0.0040 0.0060 0.0048 0.0049 0.0036 0.0048 0.0035 0.0068 0.0074 0.0117 0.0149 0.0043 0.0031 0.0054 0.0154 0.0096 0.0109 0.0084 0.0047 0.0104 0.0040 0.0051 
    kos339.2  1 0.0040 0.8510 0.0037 0.0061 0.0041 0.0029 0.0065 0.0063 0.0028 0.0047 0.0064 0.0062 0.0034 0.0041 0.0065 0.0039 0.0061 0.0051 0.0136 0.0081 0.0086 0.0126 0.0045 0.0076 0.0061 0.0051 
    kos339.3  1 0.0047 0.9006 0.0038 0.0023 0.0034 0.0038 0.0031 0.0031 0.0030 0.0043 0.0033 0.0063 0.0038 0.0034 0.0038 0.0032 0.0033 0.0037 0.0037 0.0061 0.0052 0.0037 0.0034 0.0039 0.0035 0.0076 
    kos339.4  1 0.0056 0.8961 0.0035 0.0028 0.0039 0.0032 0.0038 0.0032 0.0030 0.0041 0.0041 0.0048 0.0039 0.0038 0.0038 0.0046 0.0048 0.0050 0.0043 0.0063 0.0053 0.0035 0.0037 0.0037 0.0039 0.0053 
    kos339.5  1 0.0046 0.8751 0.0056 0.0037 0.0040 0.0050 0.0037 0.0029 0.0038 0.0051 0.0036 0.0040 0.0048 0.0098 0.0108 0.0037 0.0038 0.0045 0.0058 0.0046 0.0055 0.0075 0.0039 0.0045 0.0034 0.0063 
    kos339.6  1 0.0028 0.8918 0.0032 0.0027 0.0042 0.0038 0.0048 0.0044 0.0034 0.0031 0.0037 0.0060 0.0030 0.0046 0.0057 0.0037 0.0068 0.0056 0.0053 0.0053 0.0042 0.0065 0.0042 0.0031 0.0035 0.0047 
    kos339.7  1 0.0044 0.8972 0.0037 0.0040 0.0030 0.0038 0.0034 0.0038 0.0030 0.0033 0.0030 0.0055 0.0032 0.0035 0.0039 0.0032 0.0039 0.0033 0.0062 0.0051 0.0101 0.0031 0.0034 0.0046 0.0033 0.0051 
    kos339.8  1 0.0041 0.8619 0.0052 0.0038 0.0041 0.0037 0.0044 0.0054 0.0024 0.0032 0.0050 0.0053 0.0054 0.0041 0.0061 0.0040 0.0052 0.0105 0.0054 0.0130 0.0118 0.0055 0.0036 0.0047 0.0059 0.0062 
    kos339.9  1 0.0096 0.8277 0.0044 0.0076 0.0057 0.0037 0.0049 0.0048 0.0045 0.0139 0.0040 0.0046 0.0048 0.0109 0.0078 0.0061 0.0100 0.0036 0.0077 0.0044 0.0069 0.0121 0.0105 0.0052 0.0073 0.0071 
      H008.1  2 0.0170 0.0053 0.0125 0.0080 0.0067 0.0122 0.0107 0.0054 0.0068 0.0535 0.0095 0.0094 0.0088 0.0147 0.0051 0.0066 0.0074 0.0132 0.6619 0.0056 0.0096 0.0392 0.0086 0.0155 0.0230 0.0241 
      H008.2  2 0.0101 0.0114 0.0112 0.0466 0.0058 0.0209 0.0108 0.0334 0.0247 0.1228 0.0370 0.0176 0.0135 0.1230 0.0103 0.0173 0.0112 0.0481 0.0502 0.0089 0.0171 0.0294 0.0157 0.0252 0.2636 0.0139 
      H008.3  2 0.0287 0.0087 0.0179 0.0181 0.0137 0.0163 0.0428 0.0273 0.0478 0.0618 0.0632 0.0379 0.0195 0.0615 0.0104 0.0430 0.0233 0.0148 0.0346 0.0071 0.1617 0.0445 0.0162 0.0097 0.0867 0.0829 
      H008.4  2 0.0069 0.0087 0.0088 0.0149 0.0088 0.0125 0.0208 0.0255 0.0164 0.0855 0.0123 0.0068 0.0162 0.0131 0.0123 0.0366 0.0105 0.0218 0.4846 0.0205 0.0160 0.0535 0.0238 0.0123 0.0438 0.0072 
      H008.5  2 0.0143 0.0082 0.0096 0.0053 0.0053 0.0078 0.0252 0.0142 0.0179 0.0253 0.0171 0.0194 0.0352 0.0136 0.0109 0.0297 0.0090 0.0080 0.5696 0.0072 0.0388 0.0239 0.0093 0.0121 0.0473 0.0159 
      H008.6  2 0.0074 0.0070 0.0085 0.0147 0.0049 0.0327 0.0199 0.0441 0.0261 0.1008 0.0079 0.0126 0.0187 0.0940 0.0176 0.0165 0.0124 0.0646 0.0943 0.0128 0.0185 0.0388 0.0435 0.0127 0.2605 0.0085 
      H008.7  2 0.0091 0.0106 0.0191 0.0256 0.0101 0.0286 0.0222 0.0594 0.0117 0.0603 0.0623 0.0091 0.0282 0.0402 0.0082 0.0345 0.0091 0.0112 0.2431 0.0142 0.0300 0.0314 0.0454 0.0195 0.1382 0.0186 
      H008.8  2 0.0103 0.0080 0.0064 0.2860 0.0071 0.0470 0.0100 0.0073 0.0197 0.2109 0.0188 0.0052 0.0057 0.0121 0.0089 0.0063 0.0136 0.0127 0.1060 0.0073 0.0093 0.0321 0.0179 0.0599 0.0192 0.0523 
      H008.9  2 0.0108 0.0064 0.0080 0.0653 0.0074 0.1504 0.0292 0.0712 0.0248 0.0438 0.0117 0.0087 0.0120 0.0299 0.0111 0.0404 0.0264 0.0673 0.0183 0.0101 0.0202 0.0117 0.0595 0.0172 0.2276 0.0106 
 H029.1_2002  2 0.0061 0.0045 0.0066 0.0235 0.0047 0.0275 0.0089 0.0183 0.0054 0.0275 0.0095 0.0079 0.0482 0.0094 0.0185 0.0368 0.0038 0.0084 0.6060 0.0531 0.0040 0.0180 0.0156 0.0156 0.0059 0.0066 
 H029.1_2003  2 0.0058 0.0053 0.0130 0.0388 0.0050 0.0240 0.0867 0.0112 0.0081 0.0102 0.0081 0.0082 0.5478 0.0166 0.0119 0.0163 0.0085 0.0206 0.0286 0.0099 0.0250 0.0109 0.0078 0.0339 0.0095 0.0283 
 H029.2_2002  2 0.0071 0.0456 0.0115 0.0068 0.0042 0.0048 0.0497 0.0263 0.0083 0.0085 0.0205 0.0038 0.1168 0.0136 0.0194 0.0061 0.0326 0.0159 0.4582 0.0060 0.0657 0.0050 0.0193 0.0230 0.0129 0.0085 
 H029.2_2003  2 0.0070 0.0226 0.0110 0.0070 0.0031 0.0078 0.0336 0.0153 0.0112 0.0065 0.0058 0.0104 0.5392 0.0349 0.0188 0.0049 0.0140 0.0105 0.0613 0.0044 0.0817 0.0042 0.0140 0.0318 0.0178 0.0213 
 H029.3_2002  2 0.0092 0.0203 0.0122 0.0276 0.0036 0.0049 0.0288 0.1458 0.0109 0.0057 0.0156 0.0101 0.1404 0.0059 0.0139 0.0044 0.0345 0.0444 0.0925 0.0090 0.2710 0.0059 0.0110 0.0507 0.0079 0.0140 
