      H105.1  1 0.0824 0.2730 0.0706 0.0965 0.4115 0.0662 
      H105.2  1 0.1063 0.0375 0.1462 0.4846 0.1847 0.0407 
      H105.3  1 0.0704 0.3448 0.1018 0.0592 0.3845 0.0393 
      H105.4  1 0.4437 0.0283 0.0744 0.2356 0.1888 0.0292 
      H105.5  1 0.5552 0.0283 0.0928 0.0424 0.2546 0.0266 
      H105.6  1 0.3728 0.1252 0.0582 0.0310 0.3787 0.0341 
      H105.7  1 0.1415 0.5058 0.0596 0.1620 0.0999 0.0312 
      H105.8  1 0.1130 0.3240 0.0487 0.1163 0.3428 0.0552 
      H115.1  1 0.2922 0.3083 0.0760 0.0791 0.2182 0.0261 
      H115.2  1 0.4561 0.0329 0.3770 0.0362 0.0460 0.0518 
      H115.3  1 0.8117 0.0131 0.1367 0.0152 0.0133 0.0100 
      H115.4  1 0.0509 0.0218 0.6853 0.0806 0.1480 0.0134 
      H115.5  1 0.6377 0.0824 0.0942 0.0798 0.0325 0.0734 
      H115.6  1 0.5937 0.0406 0.2699 0.0351 0.0368 0.0239 
      H115.7  1 0.2926 0.0212 0.3692 0.1935 0.1103 0.0131 
      H115.8  1 0.5250 0.2475 0.1285 0.0265 0.0236 0.0489 
      H115.9  1 0.7363 0.1997 0.0187 0.0170 0.0189 0.0094 
      H145.1  1 0.2856 0.0226 0.2085 0.0159 0.1755 0.2919 
      H145.2  1 0.4441 0.0185 0.0772 0.0149 0.1594 0.2859 
      H145.3  1 0.2504 0.1196 0.1544 0.1254 0.0549 0.2953 
      H145.4  1 0.1824 0.0217 0.2868 0.0230 0.1780 0.3081 
      H145.5  1 0.0569 0.0129 0.0938 0.0238 0.0874 0.7251 
      H145.6  1 0.4084 0.0153 0.1058 0.1274 0.0757 0.2673 
      H145.7  1 0.2742 0.0462 0.3648 0.1530 0.0816 0.0802 
      H149.1  1 0.0251 0.0099 0.0107 0.0104 0.9240 0.0200 
      H149.2  1 0.0209 0.0100 0.0235 0.0171 0.9154 0.0130 
      H149.3  1 0.0401 0.0197 0.0531 0.0482 0.7978 0.0411 
      H149.4  1 0.0116 0.0147 0.0137 0.0187 0.9245 0.0166 
      H149.5  1 0.0151 0.0128 0.0586 0.0841 0.8166 0.0129 
      H149.6  1 0.0124 0.0096 0.0251 0.0278 0.9126 0.0124 
      H149.7  1 0.0188 0.0261 0.0416 0.0871 0.7933 0.0332 
      H150.1  1 0.7957 0.0373 0.1161 0.0101 0.0098 0.0310 
      H150.2  1 0.3284 0.0341 0.5271 0.0210 0.0490 0.0405 
      H150.3  1 0.5389 0.1825 0.1519 0.0470 0.0437 0.0360 
      H150.4  1 0.8517 0.0829 0.0213 0.0110 0.0076 0.0254 
      H150.5  1 0.2439 0.0186 0.6745 0.0296 0.0187 0.0147 
      H150.6  1 0.0607 0.0075 0.8370 0.0393 0.0377 0.0177 
      H150.7  1 0.9229 0.0295 0.0150 0.0084 0.0093 0.0149 
   H169607.1  1 0.2004 0.0888 0.1466 0.2684 0.1681 0.1276 
   H169607.2  1 0.7584 0.0920 0.0341 0.0248 0.0768 0.0138 
   H169607.3  1 0.2419 0.0553 0.1463 0.4708 0.0381 0.0476 
   H169607.4  1 0.8854 0.0151 0.0143 0.0191 0.0412 0.0248 
   H169607.5  1 0.6814 0.0846 0.0804 0.0291 0.1093 0.0153 
   H169607.6  1 0.7190 0.0672 0.0316 0.0673 0.0994 0.0154 
   H169607.7  1 0.1683 0.2382 0.2414 0.0804 0.2487 0.0229 
   H169607.8  1 0.8470 0.0276 0.0148 0.0350 0.0577 0.0178 
   H169633.1  1 0.2047 0.0450 0.1056 0.1584 0.2775 0.2087 
   H169633.2  1 0.0137 0.1198 0.0621 0.2296 0.5156 0.0592 
   H169633.3  1 0.0151 0.1091 0.0832 0.0352 0.7175 0.0399 
   H169633.4  1 0.1087 0.0191 0.0643 0.0268 0.6368 0.1442 
   H169633.5  1 0.0947 0.0195 0.0603 0.0228 0.6297 0.1730 
   H169688.1  1 0.0123 0.0116 0.0101 0.9410 0.0178 0.0073 
   H169688.2  1 0.0208 0.0169 0.0173 0.9064 0.0161 0.0226 
   H169688.3  1 0.0251 0.0168 0.0281 0.8731 0.0374 0.0195 
   H169688.4  1 0.4517 0.0347 0.0818 0.3151 0.0293 0.0873 
   H169688.5  1 0.4410 0.0388 0.0779 0.3210 0.0271 0.0941 
   H169688.6  1 0.0431 0.0142 0.0161 0.8213 0.0409 0.0645 
   H169688.7  1 0.0477 0.0303 0.1380 0.6770 0.0571 0.0498 
   H171901.1  1 0.2499 0.0228 0.1001 0.3921 0.0405 0.1947 
   H171901.2  1 0.2679 0.0335 0.0805 0.0306 0.5667 0.0207 
   H171901.3  1 0.1367 0.0192 0.0506 0.1883 0.5895 0.0156 
   H171901.4  1 0.0465 0.0186 0.0437 0.0342 0.8463 0.0106 
   H171901.5  1 0.0284 0.0076 0.0269 0.0201 0.9071 0.0099 
   H171901.6  1 0.0633 0.0188 0.0454 0.0330 0.8238 0.0157 
   H171901.7  1 0.0339 0.0387 0.0328 0.0352 0.8422 0.0171 
   H171902.1  1 0.2137 0.0392 0.0204 0.0769 0.4821 0.1676 
  H171902.10  1 0.0427 0.0101 0.0125 0.0153 0.8983 0.0211 
   H171902.2  1 0.0598 0.0711 0.0295 0.5872 0.1875 0.0649 
   H171902.3  1 0.0776 0.0188 0.0158 0.0330 0.8279 0.0269 
   H171902.4  1 0.2435 0.0321 0.0227 0.0410 0.5974 0.0635 
   H171902.6  1 0.0815 0.0092 0.0150 0.0147 0.8463 0.0332 
   H171902.7  1 0.1166 0.0130 0.0223 0.0144 0.7176 0.1161 
   H171902.8  1 0.0676 0.0140 0.0243 0.0264 0.8003 0.0673 
   H171902.9  1 0.6634 0.0245 0.0439 0.0330 0.1493 0.0859 
   H171903.1  1 0.8032 0.0537 0.0507 0.0195 0.0652 0.0077 
   H171903.2  1 0.6466 0.1357 0.0603 0.0443 0.0910 0.0221 
   H171903.3  1 0.2954 0.0941 0.1744 0.0292 0.3690 0.0380 
   H171903.4  1 0.5217 0.0163 0.1175 0.2743 0.0516 0.0185 
   H171903.5  1 0.2700 0.1029 0.1226 0.1142 0.3275 0.0628 
   H171903.6  1 0.5065 0.0294 0.0750 0.1069 0.2704 0.0117 
      H177.1  1 0.0439 0.0123 0.0153 0.1873 0.7269 0.0145 
      H177.2  1 0.0922 0.1516 0.0968 0.0587 0.5436 0.0571 
      H177.3  1 0.0750 0.0184 0.0430 0.0142 0.8003 0.0491 
      H177.4  1 0.0205 0.0173 0.0229 0.2090 0.7070 0.0232 
      H177.5  1 0.0531 0.0307 0.0384 0.7907 0.0661 0.0210 
      H177.6  1 0.0509 0.0139 0.0249 0.0129 0.8542 0.0433 
      H179.1  1 0.0221 0.0666 0.0207 0.4071 0.4330 0.0504 
      H179.2  1 0.0295 0.1437 0.0672 0.1159 0.6036 0.0401 
      H179.3  1 0.0495 0.2278 0.0234 0.6067 0.0695 0.0230 
      H179.4  1 0.0147 0.0524 0.0172 0.0604 0.8390 0.0163 
      H180.1  1 0.0300 0.0183 0.8029 0.0496 0.0720 0.0272 
      H180.2  1 0.0928 0.0174 0.6894 0.1013 0.0723 0.0269 
      H180.3  1 0.2295 0.1211 0.5625 0.0177 0.0422 0.0271 
      H180.4  1 0.0154 0.0244 0.8583 0.0449 0.0242 0.0328 
      H180.5  1 0.0477 0.0605 0.7607 0.0608 0.0391 0.0311 
      H180.6  1 0.1041 0.6677 0.1128 0.0250 0.0367 0.0537 
      H181.1  1 0.0650 0.0181 0.0407 0.5110 0.2840 0.0812 
      H181.2  1 0.0288 0.0200 0.0532 0.4129 0.4304 0.0547 
      H181.3  1 0.0201 0.0135 0.0207 0.7796 0.1381 0.0279 
      H181.4  1 0.1166 0.0335 0.1933 0.3634 0.2727 0.0206 
      H181.5  1 0.0120 0.0212 0.0175 0.8311 0.0654 0.0529 
      H181.6  1 0.0441 0.0715 0.1044 0.3667 0.3719 0.0414 
      H181.7  1 0.0332 0.0443 0.0241 0.5603 0.2767 0.0614 
 H194.1_2004  1 0.6091 0.1084 0.1218 0.0263 0.0867 0.0477 
 H194.2_2004  1 0.3698 0.0142 0.1593 0.3235 0.0698 0.0635 
 H194.3_2004  1 0.1133 0.0342 0.0251 0.0212 0.7187 0.0875 
 H194.4_2004  1 0.1708 0.0188 0.0267 0.3762 0.3052 0.1022 
 H194.5_2004  1 0.2352 0.0702 0.0334 0.0355 0.5788 0.0470 
 H194.6_2004  1 0.0648 0.0330 0.0255 0.2777 0.5696 0.0295 
 H194.7_2004  1 0.3880 0.2662 0.0684 0.1442 0.0381 0.0952 
 H194.8_2004  1 0.0845 0.0436 0.0386 0.5213 0.2612 0.0508 
      H194.9  1 0.3356 0.3350 0.0548 0.0848 0.0483 0.1415 
 H195.1_2003  1 0.1828 0.0296 0.1331 0.1379 0.5037 0.0130 
 H195.1_2004  1 0.0609 0.0172 0.4042 0.1135 0.1254 0.2788 
 H195.2_2003  1 0.6183 0.1049 0.0697 0.1374 0.0538 0.0159 
 H195.2_2004  1 0.0480 0.0691 0.3494 0.3370 0.0586 0.1380 
 H195.3_2003  1 0.7094 0.0345 0.0705 0.1225 0.0460 0.0170 
 H195.3_2004  1 0.1604 0.0116 0.1902 0.0638 0.5247 0.0493 
 H195.4_2003  1 0.2195 0.0240 0.4763 0.0413 0.2223 0.0166 
 H195.4_2004  1 0.0252 0.0589 0.0736 0.7843 0.0311 0.0268 
 H195.5_2003  1 0.1779 0.0199 0.2508 0.2385 0.2968 0.0160 
 H195.5_2004  1 0.0774 0.0181 0.3033 0.2807 0.1610 0.1594 
 H195.6_2003  1 0.6031 0.0267 0.2089 0.1051 0.0409 0.0153 
 H195.6_2004  1 0.0608 0.0217 0.2525 0.1600 0.3705 0.1345 
 H195.7_2003  1 0.0251 0.0442 0.0959 0.7757 0.0476 0.0115 
 H195.7_2004  1 0.0391 0.0114 0.2677 0.0600 0.0395 0.5825 
      H195.8  1 0.0753 0.0570 0.2675 0.4902 0.0283 0.0816 
      H195.9  1 0.1554 0.1106 0.2286 0.2562 0.1896 0.0596 
      H415.1  1 0.1346 0.1551 0.0922 0.0452 0.3673 0.2056 
      H415.2  1 0.1229 0.0152 0.0320 0.0150 0.7670 0.0478 
      H415.3  1 0.0132 0.0368 0.1174 0.0170 0.7770 0.0386 
      H415.4  1 0.0705 0.1274 0.3637 0.0185 0.3692 0.0506 
      H415.5  1 0.0099 0.0222 0.1289 0.0146 0.7970 0.0274 
      H415.6  1 0.0659 0.1261 0.3272 0.0230 0.4065 0.0513 
      H415.7  1 0.0529 0.0258 0.0694 0.0137 0.7908 0.0473 
      H506.1  1 0.0094 0.0229 0.0120 0.0263 0.8883 0.0410 
      H506.2  1 0.0111 0.0144 0.0116 0.0133 0.9302 0.0193 
      H506.3  1 0.0121 0.0357 0.0223 0.0763 0.5024 0.3513 
      H506.4  1 0.0181 0.0443 0.0134 0.0607 0.7445 0.1190 
      H506.5  1 0.0122 0.0299 0.0103 0.0348 0.8655 0.0473 
      H506.6  1 0.0657 0.0460 0.0333 0.1160 0.2863 0.4526 
      H506.7  1 0.0100 0.0395 0.0119 0.0289 0.8640 0.0457 
      H533.1  1 0.0090 0.0111 0.0141 0.0183 0.8972 0.0503 
      H533.2  1 0.0077 0.0123 0.0112 0.0200 0.8714 0.0774 
      H533.3  1 0.0206 0.0337 0.0113 0.0235 0.8786 0.0322 
      H533.4  1 0.0232 0.0216 0.0131 0.0281 0.8810 0.0329 
      H535.1  1 0.0280 0.0231 0.0180 0.0173 0.9022 0.0114 
      H535.2  1 0.0171 0.1146 0.0235 0.1417 0.6927 0.0105 
      H535.3  1 0.0575 0.1543 0.0275 0.2026 0.5358 0.0223 
      H535.4  1 0.0079 0.0092 0.0104 0.0118 0.9532 0.0075 
      H535.5  1 0.0096 0.0088 0.0083 0.0117 0.9554 0.0062 
      H535.6  1 0.0605 0.0630 0.0382 0.2028 0.6183 0.0172 
      H535.7  1 0.0156 0.0201 0.0093 0.0108 0.9306 0.0137 
      H535.8  1 0.0235 0.0581 0.0113 0.0874 0.8054 0.0143 
      H535.9  1 0.0442 0.0293 0.0152 0.0166 0.8707 0.0241 
      H539.1  1 0.9462 0.0232 0.0067 0.0070 0.0073 0.0096 
      H539.2  1 0.2320 0.1597 0.0976 0.2118 0.2552 0.0438 
      H539.3  1 0.9033 0.0218 0.0128 0.0176 0.0144 0.0301 
      H539.4  1 0.7418 0.0717 0.0316 0.0229 0.0187 0.1134 
      H539.5  1 0.8918 0.0626 0.0089 0.0081 0.0096 0.0189 
      H539.6  1 0.8517 0.1051 0.0131 0.0099 0.0101 0.0100 
      H539.7  1 0.9247 0.0169 0.0195 0.0138 0.0099 0.0152 
      H539.8  1 0.5681 0.0441 0.0494 0.0482 0.0236 0.2665 
      H539.9  1 0.8737 0.0719 0.0111 0.0108 0.0100 0.0224 
      H540.1  1 0.9171 0.0163 0.0159 0.0128 0.0187 0.0191 
      H540.2  1 0.9403 0.0159 0.0130 0.0083 0.0117 0.0109 
      H540.3  1 0.0872 0.0095 0.0249 0.0307 0.0179 0.8298 
      H540.4  1 0.8484 0.0147 0.0584 0.0204 0.0258 0.0323 
      H540.5  1 0.7844 0.0250 0.0142 0.0213 0.0219 0.1334 
      H540.6  1 0.7833 0.0616 0.0227 0.0325 0.0396 0.0604 
      H540.7  1 0.8764 0.0424 0.0318 0.0152 0.0206 0.0137 
      H540.8  1 0.8147 0.0116 0.0663 0.0126 0.0738 0.0212 
     H9558.1  1 0.9519 0.0092 0.0069 0.0090 0.0105 0.0125 
     H9558.2  1 0.9253 0.0220 0.0076 0.0111 0.0092 0.0248 
     H9558.3  1 0.9053 0.0433 0.0108 0.0074 0.0104 0.0228 
     H9558.4  1 0.9042 0.0169 0.0135 0.0151 0.0182 0.0321 
     H9558.5  1 0.8062 0.0148 0.0317 0.0265 0.0221 0.0986 
     H9558.6  1 0.8054 0.1122 0.0266 0.0144 0.0146 0.0270 
    kos339.1  1 0.0180 0.0308 0.0152 0.0163 0.9114 0.0083 
    kos339.2  1 0.0147 0.0633 0.0298 0.0215 0.8322 0.0385 
    kos339.3  1 0.0120 0.0129 0.0115 0.0070 0.9481 0.0085 
    kos339.4  1 0.0110 0.0167 0.0269 0.0124 0.9223 0.0106 
    kos339.5  1 0.0159 0.0181 0.0140 0.0112 0.9336 0.0073 
    kos339.6  1 0.0157 0.0168 0.0233 0.0123 0.9023 0.0296 
    kos339.7  1 0.0096 0.0137 0.0113 0.0074 0.9504 0.0077 
    kos339.8  1 0.0071 0.0120 0.0167 0.0125 0.9410 0.0107 
    kos339.9  1 0.0406 0.0183 0.0193 0.0090 0.9002 0.0126 
      H008.1  2 0.0164 0.9338 0.0116 0.0128 0.0136 0.0118 
      H008.2  2 0.2140 0.1748 0.0153 0.0857 0.1960 0.3143 
      H008.3  2 0.1405 0.1627 0.0641 0.3088 0.1874 0.1366 
      H008.4  2 0.0324 0.8419 0.0111 0.0222 0.0184 0.0741 
      H008.5  2 0.0238 0.8696 0.0186 0.0308 0.0346 0.0226 
      H008.6  2 0.1544 0.4248 0.0148 0.0234 0.1018 0.2808 
      H008.7  2 0.0541 0.6353 0.0226 0.0794 0.0769 0.1316 
      H008.8  2 0.3979 0.4209 0.0165 0.0286 0.0299 0.1061 
      H008.9  2 0.1174 0.0297 0.0173 0.0277 0.0453 0.7626 
 H029.1_2002  2 0.0263 0.8990 0.0087 0.0288 0.0097 0.0274 
 H029.1_2003  2 0.0329 0.4426 0.0142 0.2306 0.0451 0.2345 
 H029.2_2002  2 0.0165 0.7176 0.0104 0.1050 0.0986 0.0519 
 H029.2_2003  2 0.0291 0.4324 0.0181 0.2127 0.1365 0.1712 
 H029.3_2002  2 0.0151 0.2773 0.0162 0.2728 0.0804 0.3382 
 H029.3_2003  2 0.0101 0.8484 0.0128 0.0809 0.0205 0.0272 
 H029.4_2002  2 0.0068 0.9179 0.0088 0.0314 0.0078 0.0273 
 H029.4_2003  2 0.0274 0.5419 0.0174 0.2742 0.0205 0.1186 
 H029.5_2002  2 0.0101 0.9432 0.0091 0.0172 0.0098 0.0106 
 H029.5_2003  2 0.0166 0.8079 0.0107 0.0726 0.0203 0.0720 
 H029.6_2002  2 0.0088 0.5783 0.0098 0.3017 0.0105 0.0909 
 H029.6_2003  2 0.0254 0.6794 0.0343 0.0813 0.1378 0.0419 
      H029.7  2 0.0196 0.8492 0.0085 0.0571 0.0309 0.0346 
      H030.1  2 0.0182 0.0612 0.7364 0.1374 0.0347 0.0121 
      H030.2  2 0.0155 0.3172 0.4308 0.1680 0.0148 0.0536 
      H038.1  2 0.0147 0.9185 0.0076 0.0131 0.0096 0.0366 
      H038.2  2 0.0071 0.9492 0.0113 0.0109 0.0120 0.0096 
      H038.3  2 0.0155 0.9059 0.0259 0.0104 0.0145 0.0278 
      H038.4  2 0.0132 0.9190 0.0175 0.0092 0.0115 0.0296 
      H038.5  2 0.0124 0.8778 0.0203 0.0241 0.0204 0.0450 
      H038.6  2 0.0115 0.9389 0.0084 0.0134 0.0135 0.0142 
      H038.7  2 0.0093 0.9514 0.0107 0.0068 0.0109 0.0110 
      H038.8  2 0.0103 0.8890 0.0331 0.0125 0.0129 0.0423 
      H041.1  2 0.0236 0.7176 0.0475 0.1560 0.0227 0.0325 
      H041.2  2 0.0146 0.7103 0.0191 0.0419 0.0197 0.1943 
      H041.4  2 0.0448 0.7325 0.0171 0.0982 0.0190 0.0884 
      H041.6  2 0.0748 0.7877 0.0239 0.0665 0.0177 0.0294 
 H042.1_2002  2 0.1293 0.0316 0.0694 0.7151 0.0303 0.0243 
 H042.1_2003  2 0.1010 0.2400 0.1120 0.0393 0.1367 0.3710 
 H042.2_2002  2 0.0112 0.7621 0.0128 0.1504 0.0220 0.0415 
 H042.2_2003  2 0.1105 0.6840 0.0558 0.0678 0.0476 0.0343 
 H042.3_2002  2 0.1013 0.0943 0.1413 0.5482 0.0572 0.0576 
 H042.3_2003  2 0.0706 0.5179 0.1289 0.2005 0.0294 0.0528 
 H042.4_2002  2 0.0390 0.0491 0.0356 0.7990 0.0378 0.0395 
 H042.4_2003  2 0.1223 0.1967 0.0454 0.5977 0.0236 0.0142 
      H042.5  2 0.0225 0.0127 0.0121 0.9347 0.0116 0.0064 
      H042.6  2 0.0675 0.0442 0.0207 0.8388 0.0168 0.0119 
      H042.7  2 0.0394 0.1287 0.4392 0.3363 0.0266 0.0298 
      H042.8  2 0.0305 0.1018 0.0198 0.7706 0.0214 0.0558 
   H042_2002  2 0.4041 0.4768 0.0273 0.0291 0.0230 0.0397 
   H042_2003  2 0.4538 0.4284 0.0259 0.0244 0.0228 0.0448 
      H043.1  2 0.4774 0.1776 0.0827 0.0500 0.0380 0.1742 
      H043.2  2 0.6065 0.0838 0.0189 0.0134 0.0170 0.2604 
      H043.3  2 0.1848 0.7083 0.0257 0.0111 0.0360 0.0341 
      H043.4  2 0.6278 0.2600 0.0247 0.0129 0.0274 0.0471 
      H043.5  2 0.1371 0.2766 0.0146 0.0107 0.0176 0.5434 
      H043.6  2 0.2143 0.4804 0.0244 0.0132 0.0244 0.2434 
      H043.7  2 0.8530 0.0756 0.0301 0.0070 0.0113 0.0231 
      H043.8  2 0.4134 0.1876 0.1327 0.0501 0.0683 0.1478 
      H043.9  2 0.4992 0.3322 0.0324 0.0335 0.0242 0.0786 
      H047.1  2 0.0672 0.8742 0.0164 0.0074 0.0244 0.0105 
      H047.2  2 0.0331 0.8157 0.0237 0.0262 0.0859 0.0154 
      H047.3  2 0.0209 0.8736 0.0224 0.0387 0.0327 0.0116 
      H047.4  2 0.0282 0.8962 0.0250 0.0191 0.0186 0.0129 
      H047.5  2 0.0474 0.8847 0.0254 0.0143 0.0194 0.0089 
      H047.6  2 0.0592 0.7771 0.0262 0.0471 0.0440 0.0465 
      H047.7  2 0.0376 0.9033 0.0211 0.0094 0.0160 0.0126 
      H047.8  2 0.0744 0.7624 0.0333 0.0334 0.0764 0.0201 
      H047.9  2 0.0394 0.8710 0.0317 0.0109 0.0402 0.0069 
 H071.1_2002  2 0.0231 0.9337 0.0109 0.0090 0.0139 0.0094 
 H071.1_2003  2 0.1674 0.7389 0.0413 0.0118 0.0256 0.0150 
     H071.10  2 0.0114 0.9363 0.0144 0.0166 0.0093 0.0120 
 H071.2_2002  2 0.0145 0.9384 0.0099 0.0088 0.0154 0.0130 
 H071.2_2003  2 0.0115 0.9603 0.0069 0.0076 0.0083 0.0054 
      H071.3  2 0.0090 0.9367 0.0192 0.0142 0.0100 0.0108 
 H071.4_2002  2 0.0141 0.9120 0.0212 0.0141 0.0203 0.0184 
 H071.4_2003  2 0.0075 0.9608 0.0099 0.0079 0.0081 0.0057 
 H071.5_2002  2 0.0101 0.9550 0.0103 0.0099 0.0084 0.0062 
 H071.5_2003  2 0.0165 0.9396 0.0146 0.0091 0.0107 0.0096 
 H071.6_2002  2 0.0096 0.9572 0.0098 0.0063 0.0087 0.0084 
 H071.6_2003  2 0.0131 0.9530 0.0121 0.0075 0.0085 0.0056 
 H071.7_2002  2 0.0101 0.9626 0.0060 0.0060 0.0084 0.0069 
 H071.7_2003  2 0.0262 0.9245 0.0195 0.0095 0.0130 0.0073 
      H071.8  2 0.0160 0.9386 0.0091 0.0097 0.0110 0.0156 
      H071.9  2 0.0297 0.8612 0.0151 0.0340 0.0141 0.0461 
 H081.1_2002  2 0.0139 0.9509 0.0086 0.0118 0.0082 0.0067 
 H081.1_2003  2 0.0603 0.0897 0.0279 0.0865 0.0754 0.6602 
 H081.2_2002  2 0.0339 0.9292 0.0081 0.0119 0.0095 0.0074 
 H081.2_2003  2 0.1654 0.0659 0.2076 0.4395 0.0177 0.1038 
 H081.3_2002  2 0.0175 0.9317 0.0132 0.0136 0.0117 0.0124 
 H081.3_2003  2 0.5045 0.0563 0.1162 0.1519 0.0586 0.1126 
 H081.4_2002  2 0.0134 0.9408 0.0140 0.0107 0.0134 0.0077 
 H081.4_2003  2 0.2867 0.0620 0.1559 0.2899 0.1034 0.1021 
 H081.5_2002  2 0.0153 0.9365 0.0144 0.0144 0.0119 0.0075 
 H081.5_2003  2 0.3813 0.2089 0.0864 0.1140 0.0759 0.1336 
      H081.6  2 0.0155 0.9461 0.0098 0.0081 0.0129 0.0075 
      H081.7  2 0.0289 0.9214 0.0159 0.0140 0.0105 0.0093 
      H081.8  2 0.0189 0.8592 0.0313 0.0403 0.0168 0.0334 
      H083.1  2 0.0081 0.9302 0.0079 0.0300 0.0138 0.0100 
      H083.2  2 0.0164 0.9248 0.0107 0.0262 0.0124 0.0095 
      H083.4  2 0.0122 0.9101 0.0112 0.0398 0.0100 0.0168 
      H083.5  2 0.0125 0.9137 0.0080 0.0318 0.0127 0.0213 
      H083.6  2 0.0101 0.8573 0.0123 0.0738 0.0210 0.0256 
      H083.7  2 0.0135 0.8996 0.0166 0.0433 0.0108 0.0162 
      H083.8  2 0.0255 0.9177 0.0096 0.0178 0.0217 0.0077 
      H083.9  2 0.0089 0.9253 0.0091 0.0349 0.0103 0.0115 
      H084.1  2 0.0159 0.0266 0.1435 0.1380 0.0113 0.6647 
      H084.2  2 0.0143 0.0222 0.1858 0.2414 0.0271 0.5091 
      H084.3  2 0.0160 0.0153 0.1834 0.0355 0.0662 0.6835 
      H084.4  2 0.0118 0.0191 0.0907 0.0348 0.0291 0.8145 
      H084.5  2 0.0132 0.0251 0.2074 0.0312 0.0380 0.6851 
      H084.6  2 0.0134 0.0115 0.1915 0.0348 0.0261 0.7227 
      H084.7  2 0.0154 0.0415 0.2701 0.2953 0.0198 0.3579 
      H084.8  2 0.0081 0.0116 0.1684 0.0370 0.0212 0.7537 
 H085.1_2002  2 0.3198 0.3289 0.0194 0.2756 0.0165 0.0400 
 H085.1_2003  2 0.0208 0.6562 0.0392 0.2351 0.0149 0.0338 
 H085.2_2002  2 0.2890 0.0705 0.0625 0.4153 0.0414 0.1213 
 H085.2_2003  2 0.0240 0.7349 0.0226 0.1606 0.0351 0.0229 
 H085.3_2002  2 0.5784 0.1230 0.0776 0.1957 0.0136 0.0117 
 H085.3_2003  2 0.0216 0.9043 0.0375 0.0159 0.0124 0.0083 
 H085.4_2002  2 0.3396 0.3764 0.0247 0.1631 0.0259 0.0704 
 H085.4_2003  2 0.0227 0.9012 0.0300 0.0206 0.0120 0.0136 
 H085.5_2002  2 0.6541 0.2336 0.0465 0.0404 0.0147 0.0108 
 H085.5_2003  2 0.0146 0.8385 0.0241 0.0912 0.0217 0.0098 
 H085.6_2002  2 0.4760 0.1410 0.0470 0.2803 0.0229 0.0328 
 H085.6_2003  2 0.1759 0.4824 0.2690 0.0232 0.0275 0.0220 
 H085.7_2002  2 0.5006 0.1485 0.0479 0.2555 0.0250 0.0226 
 H085.7_2003  2 0.0134 0.9164 0.0298 0.0165 0.0135 0.0104 
 H085.8_2002  2 0.3613 0.1649 0.3712 0.0402 0.0179 0.0446 
 H085.8_2003  2 0.0452 0.4255 0.0553 0.4182 0.0275 0.0282 
      H085.9  2 0.5484 0.2770 0.0271 0.0975 0.0158 0.0342 
      H088.1  2 0.0325 0.0166 0.0137 0.8737 0.0233 0.0402 
      H088.2  2 0.0362 0.0179 0.0167 0.8861 0.0245 0.0186 
      H088.3  2 0.0270 0.0124 0.0135 0.9126 0.0153 0.0192 
      H088.4  2 0.0176 0.0301 0.0133 0.8835 0.0202 0.0354 
      H088.5  2 0.0165 0.0098 0.0129 0.9291 0.0104 0.0214 
      H088.6  2 0.0132 0.0325 0.0166 0.8903 0.0236 0.0237 
      H088.7  2 0.0167 0.2257 0.0154 0.6775 0.0256 0.0392 
      H088.8  2 0.0158 0.2543 0.0243 0.5521 0.0421 0.1115 
      H091.1  2 0.0120 0.0339 0.0372 0.8854 0.0216 0.0099 
      H091.2  2 0.0150 0.0980 0.0323 0.8218 0.0229 0.0099 
      H109.1  2 0.0839 0.1003 0.0976 0.1931 0.0270 0.4980 
      H109.2  2 0.1067 0.2846 0.3087 0.1637 0.0217 0.1147 
      H109.3  2 0.0307 0.3434 0.2700 0.0801 0.1808 0.0951 
      H109.4  2 0.1224 0.0966 0.2695 0.1043 0.0252 0.3821 
      H109.5  2 0.0288 0.8193 0.0459 0.0518 0.0369 0.0173 
      H109.6  2 0.1397 0.1351 0.2119 0.0714 0.0641 0.3778 
      H126.1  2 0.8494 0.0481 0.0141 0.0297 0.0275 0.0311 
      H126.2  2 0.1695 0.7246 0.0272 0.0205 0.0197 0.0386 
      H126.3  2 0.0369 0.8842 0.0071 0.0257 0.0180 0.0281 
      H126.4  2 0.6698 0.1803 0.0156 0.0382 0.0478 0.0481 
      H126.5  2 0.3858 0.5113 0.0141 0.0138 0.0626 0.0125 
      H126.6  2 0.0258 0.9226 0.0066 0.0149 0.0221 0.0078 
      H126.7  2 0.0166 0.9338 0.0112 0.0204 0.0121 0.0059 
      H130.1  2 0.7412 0.0216 0.0785 0.0881 0.0459 0.0246 
      H130.2  2 0.0840 0.0873 0.4233 0.3273 0.0404 0.0377 
      H130.3  2 0.0624 0.0762 0.1145 0.2609 0.4700 0.0159 
      H130.4  2 0.5081 0.0196 0.1111 0.1320 0.1597 0.0695 
      H130.5  2 0.2138 0.0795 0.3057 0.3559 0.0284 0.0166 
      H133.1  2 0.1263 0.1187 0.0961 0.2547 0.0628 0.3414 
      H133.2  2 0.6431 0.0568 0.0307 0.0918 0.1116 0.0660 
      H133.3  2 0.0672 0.2771 0.1325 0.1811 0.0853 0.2568 
      H133.4  2 0.2160 0.0638 0.0653 0.0807 0.2569 0.3173 
      H133.5  2 0.2025 0.0289 0.0422 0.4368 0.1194 0.1701 
      H133.6  2 0.4455 0.0394 0.0569 0.3747 0.0422 0.0413 
      H133.7  2 0.1566 0.1980 0.2318 0.0460 0.1021 0.2656 
      H133.8  2 0.2564 0.0669 0.0592 0.0968 0.0630 0.4578 
      H133.9  2 0.0956 0.0805 0.1041 0.3820 0.0940 0.2438 
      H147.1  2 0.0585 0.6819 0.0467 0.1250 0.0125 0.0754 
      H147.2  2 0.0219 0.9365 0.0112 0.0132 0.0083 0.0090 
      H147.3  2 0.0326 0.9144 0.0170 0.0136 0.0115 0.0109 
      H147.4  2 0.0180 0.9049 0.0189 0.0173 0.0091 0.0318 
      H147.5  2 0.0343 0.7364 0.0281 0.1652 0.0189 0.0170 
      H147.6  2 0.0314 0.6510 0.0420 0.2147 0.0333 0.0276 
      H147.7  2 0.0173 0.8894 0.0222 0.0167 0.0154 0.0389 
      H147.8  2 0.0075 0.8513 0.0118 0.0746 0.0094 0.0454 
      H147.9  2 0.0226 0.9315 0.0124 0.0159 0.0082 0.0093 
      H148.1  2 0.0521 0.0205 0.0513 0.0690 0.0196 0.7875 
      H148.2  2 0.0534 0.0255 0.0248 0.0226 0.0157 0.8580 
      H148.3  2 0.0824 0.0474 0.1721 0.0204 0.0576 0.6200 
      H148.4  2 0.0503 0.0188 0.0182 0.0166 0.0276 0.8685 
      H148.5  2 0.0310 0.0218 0.0632 0.0429 0.0290 0.8122 
      H148.6  2 0.0337 0.0150 0.0273 0.0335 0.0129 0.8776 
      H148.7  2 0.0223 0.0184 0.0395 0.0313 0.0262 0.8623 
      H148.8  2 0.0813 0.0115 0.0354 0.0238 0.0223 0.8257 
      H148.9  2 0.0819 0.0195 0.0572 0.0342 0.0297 0.7776 
   H166022.1  2 0.0152 0.0177 0.0115 0.9250 0.0098 0.0209 
   H166022.2  2 0.0246 0.0536 0.0307 0.8155 0.0333 0.0424 
   H166022.3  2 0.0068 0.0067 0.0178 0.9449 0.0140 0.0099 
   H166022.4  2 0.0074 0.0091 0.0130 0.9375 0.0220 0.0109 
   H166022.5  2 0.0090 0.0162 0.0187 0.9215 0.0228 0.0119 
   H166022.6  2 0.0244 0.0132 0.0192 0.8953 0.0171 0.0308 
   H166022.7  2 0.0148 0.0106 0.0124 0.0116 0.0236 0.9271 
   H166022.8  2 0.0776 0.0221 0.0561 0.6905 0.1295 0.0243 
   H167397.1  2 0.0174 0.0473 0.0197 0.0224 0.0149 0.8782 
   H167397.2  2 0.0359 0.0244 0.0179 0.0333 0.0755 0.8129 
   H167397.3  2 0.0166 0.0425 0.0142 0.0171 0.0398 0.8698 
   H167397.4  2 0.0119 0.0197 0.0178 0.0169 0.0183 0.9154 
   H167397.5  2 0.0158 0.0222 0.0260 0.0145 0.0146 0.9069 
   H167397.6  2 0.0217 0.0477 0.0141 0.0254 0.0241 0.8671 
   H167496.1  2 0.0172 0.0246 0.2753 0.4693 0.1865 0.0270 
   H167496.2  2 0.0487 0.4528 0.2841 0.0395 0.0804 0.0945 
   H167496.3  2 0.2062 0.0812 0.2142 0.4218 0.0594 0.0173 
   H167496.4  2 0.0120 0.0229 0.0153 0.9282 0.0107 0.0109 
   H167496.6  2 0.0260 0.0620 0.0350 0.8277 0.0328 0.0165 
   H167496.7  2 0.0503 0.0350 0.7501 0.0541 0.0984 0.0121 
   H167496.8  2 0.0235 0.1519 0.0520 0.7234 0.0289 0.0203 
   H167513.1  2 0.1315 0.0958 0.1709 0.1914 0.1092 0.3012 
   H167513.2  2 0.2221 0.0446 0.3579 0.0814 0.0390 0.2549 
   H167513.3  2 0.0299 0.0193 0.5125 0.1920 0.2170 0.0293 
   H167513.4  2 0.0336 0.0318 0.1265 0.7188 0.0337 0.0557 
   H167513.5  2 0.2261 0.0664 0.1458 0.0807 0.0285 0.4525 
   H167513.6  2 0.3024 0.0843 0.2355 0.1965 0.1030 0.0783 
   H167513.7  2 0.0924 0.0605 0.1748 0.5089 0.0423 0.1212 
   H167513.8  2 0.1013 0.0472 0.3682 0.0545 0.1351 0.2937 
   H167547.1  2 0.1847 0.0206 0.4776 0.0556 0.0868 0.1747 
   H167547.2  2 0.0356 0.0421 0.7317 0.0972 0.0204 0.0731 
   H167547.3  2 0.0276 0.0526 0.7340 0.0951 0.0218 0.0690 
   H167547.4  2 0.1483 0.0122 0.1074 0.6392 0.0328 0.0601 
   H167547.5  2 0.0347 0.0310 0.4942 0.3274 0.0273 0.0854 
   H167547.6  2 0.0558 0.0239 0.4595 0.3314 0.0200 0.1095 
   H167547.7  2 0.4627 0.0397 0.2414 0.0492 0.1708 0.0361 
   H169750.1  2 0.2134 0.0457 0.1379 0.4006 0.1596 0.0428 
   H169750.2  2 0.1884 0.2407 0.1009 0.0614 0.2634 0.1452 
   H169750.3  2 0.2146 0.0878 0.2159 0.2011 0.2662 0.0145 
   H169750.4  2 0.1112 0.0632 0.0376 0.0444 0.4442 0.2994 
   H169750.5  2 0.1497 0.1132 0.0877 0.5183 0.0956 0.0355 
   H169750.6  2 0.1191 0.5933 0.0605 0.1538 0.0354 0.0380 
   H169750.7  2 0.1717 0.0974 0.1238 0.0383 0.5324 0.0364 
   H171929.1  2 0.1332 0.0461 0.0273 0.0292 0.0219 0.7423 
  H171929.10  2 0.1514 0.1539 0.1423 0.2070 0.0370 0.3084 
  H171929.11  2 0.2539 0.0628 0.1037 0.0477 0.0795 0.4523 
   H171929.2  2 0.3252 0.0382 0.4053 0.1263 0.0385 0.0666 
   H171929.3  2 0.0955 0.0768 0.2967 0.1567 0.0468 0.3275 
   H171929.4  2 0.3255 0.0577 0.2376 0.3097 0.0523 0.0172 
   H171929.5  2 0.0743 0.0588 0.3319 0.1025 0.0678 0.3648 
   H171929.6  2 0.1109 0.0344 0.2552 0.0662 0.0414 0.4918 
   H171929.7  2 0.6556 0.0703 0.1345 0.0650 0.0271 0.0476 
   H171929.8  2 0.7976 0.0312 0.0804 0.0434 0.0250 0.0223 
   H171929.9  2 0.6139 0.0967 0.1069 0.1429 0.0238 0.0158 
   H171930.1  2 0.0216 0.0469 0.2336 0.0454 0.1213 0.5312 
   H171930.2  2 0.0692 0.0567 0.4850 0.3004 0.0390 0.0498 
   H171930.3  2 0.0199 0.0267 0.1851 0.0378 0.0555 0.6750 
   H171930.4  2 0.0166 0.0251 0.5286 0.1890 0.0955 0.1452 
   H171930.5  2 0.1733 0.1243 0.4628 0.0969 0.0635 0.0792 
   H171930.6  2 0.0211 0.2705 0.4444 0.1179 0.1092 0.0368 
   H171930.7  2 0.0150 0.0291 0.0963 0.0171 0.0437 0.7987 
   H171930.8  2 0.0192 0.0256 0.1065 0.0229 0.0444 0.7814 
   H171933.1  2 0.0125 0.0105 0.0369 0.8939 0.0128 0.0335 
   H171933.2  2 0.0256 0.0207 0.0235 0.8620 0.0106 0.0577 
   H171933.3  2 0.0374 0.0095 0.0436 0.8821 0.0102 0.0172 
   H171933.4  2 0.0503 0.0121 0.2312 0.6390 0.0554 0.0119 
   H171933.5  2 0.1255 0.0104 0.4421 0.3231 0.0828 0.0162 
   H171933.6  2 0.0097 0.0310 0.0136 0.9301 0.0085 0.0070 
   H171933.7  2 0.0604 0.0234 0.1828 0.6936 0.0204 0.0193 
   H171933.8  2 0.0630 0.0210 0.2475 0.5708 0.0345 0.0631 
   H171933.9  2 0.0164 0.0103 0.1766 0.7744 0.0138 0.0085 
      H190.1  2 0.0311 0.0603 0.6140 0.1550 0.1227 0.0169 
      H190.2  2 0.1473 0.5164 0.2434 0.0197 0.0496 0.0236 
      H190.3  2 0.5706 0.0713 0.2011 0.0681 0.0506 0.0384 
      H190.4  2 0.0462 0.0162 0.3702 0.5287 0.0218 0.0168 
      H190.5  2 0.1002 0.6561 0.1487 0.0271 0.0487 0.0191 
      H190.6  2 0.0632 0.0196 0.4185 0.4522 0.0268 0.0197 
      H190.7  2 0.7718 0.0255 0.0604 0.0648 0.0619 0.0157 
      H190.8  2 0.0784 0.2761 0.5350 0.0240 0.0716 0.0149 
      H190.9  2 0.2287 0.1490 0.4209 0.0750 0.0974 0.0290 
      H400.1  2 0.0152 0.0107 0.0125 0.9380 0.0122 0.0113 
      H400.2  2 0.0107 0.0313 0.0127 0.9224 0.0070 0.0159 
      H400.3  2 0.0160 0.0128 0.0237 0.8994 0.0303 0.0178 
      H400.4  2 0.0111 0.0308 0.0162 0.9174 0.0130 0.0115 
      H400.5  2 0.0127 0.0138 0.0206 0.9270 0.0142 0.0117 
      H400.6  2 0.0116 0.0167 0.0090 0.9450 0.0103 0.0074 
      H400.7  2 0.0152 0.0118 0.0202 0.9334 0.0122 0.0072 
 H428.1_2005  2 0.0106 0.0147 0.0094 0.9423 0.0127 0.0103 
 H428.1_2006  2 0.0114 0.0246 0.0107 0.9204 0.0198 0.0131 
 H428.2_2005  2 0.0097 0.0091 0.0150 0.9397 0.0114 0.0153 
 H428.2_2006  2 0.0132 0.0482 0.0195 0.8853 0.0153 0.0185 
 H428.3_2005  2 0.0075 0.0103 0.0132 0.9493 0.0132 0.0065 
 H428.3_2006  2 0.0147 0.0672 0.0163 0.8728 0.0152 0.0137 
 H428.4_2005  2 0.0063 0.0076 0.0137 0.9492 0.0138 0.0094 
 H428.4_2006  2 0.0096 0.0169 0.0077 0.9451 0.0107 0.0100 
 H428.5_2005  2 0.0112 0.0195 0.0093 0.9334 0.0077 0.0189 
 H428.6_2005  2 0.0098 0.0145 0.0108 0.9366 0.0219 0.0063 
 H428.6_2006  2 0.0098 0.0237 0.0101 0.9153 0.0217 0.0194 
      H428.7  2 0.0094 0.0122 0.0083 0.9573 0.0056 0.0072 
      H428.8  2 0.0109 0.0304 0.0283 0.9053 0.0116 0.0135 
      H428.9  2 0.0124 0.0139 0.0148 0.9302 0.0069 0.0218 
      H453.1  2 0.0159 0.0591 0.0119 0.8798 0.0182 0.0153 
      H453.2  2 0.0217 0.0139 0.0241 0.9167 0.0135 0.0101 
      H453.3  2 0.0289 0.0138 0.0221 0.9143 0.0133 0.0076 
      H453.4  2 0.0149 0.0161 0.0153 0.9344 0.0107 0.0086 
      H453.5  2 0.0114 0.0478 0.0125 0.9066 0.0117 0.0100 
      H453.6  2 0.0067 0.0333 0.0138 0.9286 0.0105 0.0071 
      H453.7  2 0.3626 0.3019 0.1395 0.1386 0.0443 0.0130 
      H453.8  2 0.1958 0.1975 0.1532 0.4004 0.0308 0.0224 
      H453.9  2 0.0510 0.4218 0.0899 0.4073 0.0194 0.0106 
      H512.1  2 0.0200 0.0185 0.0363 0.8930 0.0240 0.0083 
     H512.10  2 0.0202 0.0697 0.3296 0.2146 0.2706 0.0953 
      H512.2  2 0.0285 0.0429 0.3531 0.3065 0.2194 0.0495 
      H512.3  2 0.0164 0.0293 0.1517 0.2024 0.5378 0.0624 
      H512.4  2 0.0282 0.1103 0.5197 0.2155 0.0714 0.0550 
      H512.5  2 0.0110 0.0208 0.0574 0.0656 0.8013 0.0438 
      H512.6  2 0.0400 0.0274 0.3095 0.1814 0.4189 0.0227 
      H512.7  2 0.0110 0.0332 0.0426 0.3575 0.5219 0.0337 
      H512.8  2 0.0218 0.0305 0.6470 0.0974 0.1683 0.0350 
      H512.9  2 0.0234 0.0318 0.0190 0.5542 0.3349 0.0366 
      H513.1  2 0.0104 0.0184 0.0125 0.9338 0.0076 0.0174 
      H513.2  2 0.0146 0.0167 0.0132 0.9335 0.0078 0.0142 
      H513.3  2 0.0109 0.0108 0.0170 0.9431 0.0100 0.0083 
      H513.4  2 0.0143 0.0625 0.0392 0.8591 0.0153 0.0096 
      H513.5  2 0.0077 0.0115 0.0088 0.9514 0.0101 0.0104 
      H513.6  2 0.0375 0.0217 0.1351 0.5190 0.0131 0.2737 
      H532.1  2 0.0165 0.1774 0.0175 0.6788 0.0857 0.0239 
      H532.2  2 0.0329 0.0675 0.1271 0.7205 0.0215 0.0305 
      H532.3  2 0.0333 0.0666 0.2903 0.5454 0.0508 0.0137 
      H532.4  2 0.0499 0.4500 0.0289 0.4094 0.0366 0.0252 
      H532.5  2 0.0167 0.0373 0.0150 0.8776 0.0212 0.0323 
      H532.6  2 0.0335 0.2201 0.0347 0.6426 0.0484 0.0207 
      H532.7  2 0.0118 0.2619 0.0235 0.6638 0.0191 0.0199 
      H532.8  2 0.0189 0.2266 0.0263 0.6443 0.0262 0.0578 
      H543.1  2 0.0102 0.0074 0.0097 0.0135 0.0107 0.9485 
      H543.2  2 0.0140 0.0103 0.0149 0.0793 0.0125 0.8690 
      H543.3  2 0.0089 0.0091 0.0063 0.0155 0.0093 0.9509 
      H543.4  2 0.0110 0.0063 0.0104 0.0081 0.0143 0.9499 
      H543.5  2 0.0093 0.0084 0.0091 0.0086 0.0074 0.9573 
      H543.6  2 0.0137 0.0087 0.0099 0.0225 0.0075 0.9377 
      H543.7  2 0.0065 0.0058 0.0071 0.0070 0.0068 0.9668 
      H543.8  2 0.0132 0.0181 0.0098 0.0233 0.0089 0.9267 
      H543.9  2 0.0102 0.0089 0.0074 0.0168 0.0097 0.9469 
 H545.1_2005  2 0.0077 0.0051 0.0048 0.0054 0.0054 0.9716 
 H545.1_2006  2 0.0083 0.0148 0.0089 0.0092 0.0098 0.9490 
 H545.2_2005  2 0.0179 0.0136 0.0152 0.0111 0.0119 0.9302 
 H545.2_2006  2 0.0066 0.0085 0.0071 0.0086 0.0068 0.9624 
 H545.3_2005  2 0.0215 0.0109 0.0163 0.0118 0.0174 0.9221 
 H545.3_2006  2 0.0097 0.0150 0.0069 0.0076 0.0081 0.9528 
 H545.4_2005  2 0.0169 0.0127 0.0134 0.0086 0.0176 0.9308 
 H545.4_2006  2 0.0138 0.0117 0.0137 0.0105 0.0098 0.9406 
 H545.5_2005  2 0.0117 0.0221 0.0089 0.0127 0.0079 0.9367 
 H545.5_2006  2 0.0132 0.0086 0.0130 0.0120 0.0119 0.9413 
 H545.6_2005  2 0.0077 0.0070 0.0056 0.0062 0.0054 0.9680 
 H545.6_2006  2 0.0079 0.0066 0.0078 0.0078 0.0085 0.9613 
 H545.7_2005  2 0.0087 0.0074 0.0068 0.0073 0.0060 0.9638 
 H545.7_2006  2 0.0106 0.0144 0.0069 0.0128 0.0086 0.9468 
 H545.8_2005  2 0.0218 0.0147 0.0134 0.0168 0.0114 0.9220 
 H545.8_2006  2 0.0069 0.0081 0.0056 0.0076 0.0073 0.9644 
      H545.9  2 0.0120 0.0086 0.0104 0.0113 0.0119 0.9458 
      H547.1  2 0.0247 0.0079 0.0297 0.9106 0.0146 0.0125 
      H547.2  2 0.0303 0.0256 0.0421 0.7958 0.0132 0.0929 
      H547.3  2 0.0769 0.0108 0.0973 0.7164 0.0652 0.0335 
      H547.4  2 0.0798 0.0392 0.0598 0.7364 0.0623 0.0225 
      H547.5  2 0.0297 0.0077 0.1228 0.7790 0.0187 0.0421 
      H547.6  2 0.0200 0.0082 0.0132 0.9177 0.0099 0.0311 
      H547.7  2 0.0698 0.0137 0.0369 0.7972 0.0365 0.0459 
      H547.8  2 0.0270 0.0071 0.0148 0.9232 0.0144 0.0136 
      H548.1  2 0.0116 0.0076 0.0089 0.0087 0.0086 0.9546 
      H548.2  2 0.0106 0.0101 0.0114 0.0071 0.0152 0.9456 
      H548.3  2 0.0120 0.0093 0.0072 0.0103 0.0076 0.9536 
      H548.4  2 0.0282 0.0287 0.0150 0.0174 0.0289 0.8818 
      H548.5  2 0.0081 0.0085 0.0087 0.0060 0.0068 0.9619 
      H548.6  2 0.0092 0.0077 0.0098 0.0084 0.0125 0.9523 
      H548.7  2 0.0084 0.0090 0.0076 0.0110 0.0071 0.9569 
      H548.8  2 0.0107 0.0110 0.0094 0.0079 0.0109 0.9500 
      H548.9  2 0.0227 0.0120 0.0142 0.0131 0.0109 0.9271 
     H7389.1  2 0.0128 0.0122 0.0531 0.9000 0.0107 0.0112 
     H7389.2  2 0.0108 0.0187 0.0435 0.8378 0.0088 0.0804 
     H7389.3  2 0.0080 0.0149 0.0399 0.8953 0.0106 0.0313 
     H7389.4  2 0.0155 0.0228 0.0171 0.9099 0.0114 0.0233 
     H7389.5  2 0.0208 0.0241 0.0237 0.8974 0.0142 0.0198 
     H7389.6  2 0.0091 0.0387 0.0477 0.8432 0.0415 0.0197 
     H7389.7  2 0.0093 0.0194 0.0624 0.8536 0.0143 0.0410 
     H7389.8  2 0.0289 0.0284 0.0460 0.5212 0.0147 0.3609 
     H7389.9  2 0.0088 0.0264 0.0215 0.8812 0.0117 0.0504 
      H747.1  2 0.0426 0.0412 0.4331 0.2536 0.1935 0.0359 
      H747.2  2 0.0455 0.0228 0.6297 0.0358 0.2332 0.0331 
      H747.3  2 0.0303 0.0177 0.2839 0.0673 0.5823 0.0186 
      H747.4  2 0.0360 0.0709 0.5704 0.0606 0.2352 0.0270 
      H747.5  2 0.0191 0.0214 0.3556 0.0346 0.5522 0.0170 
      H747.6  2 0.0403 0.0230 0.4784 0.1291 0.0599 0.2694 
      H747.7  2 0.0692 0.0145 0.5345 0.0768 0.2820 0.0230 
     H7484.1  2 0.0836 0.7715 0.0160 0.0970 0.0160 0.0159 
     H7484.2  2 0.4201 0.4740 0.0421 0.0299 0.0170 0.0168 
     H7484.3  2 0.2609 0.6182 0.0571 0.0226 0.0212 0.0200 
     H7484.4  2 0.1097 0.7599 0.0257 0.0765 0.0173 0.0108 
     H7484.5  2 0.0691 0.7824 0.0571 0.0443 0.0159 0.0313 
     H7484.6  2 0.1868 0.1799 0.3018 0.0572 0.2428 0.0315 
     H7484.7  2 0.4943 0.3563 0.0184 0.0508 0.0687 0.0114 
     H7484.8  2 0.0645 0.6251 0.0518 0.2151 0.0272 0.0164 
     H7485.1  2 0.0134 0.0175 0.0096 0.0122 0.0125 0.9347 
     H7485.2  2 0.0108 0.0099 0.0061 0.0113 0.0073 0.9546 
     H7485.3  2 0.0098 0.0123 0.0076 0.0080 0.0086 0.9538 
     H7485.4  2 0.0112 0.0096 0.0060 0.0107 0.0055 0.9570 
     H7485.5  2 0.0286 0.0227 0.0133 0.0112 0.0105 0.9137 
     H7485.6  2 0.0213 0.0205 0.0117 0.0131 0.0095 0.9239 
     H7485.7  2 0.0181 0.0182 0.0128 0.0102 0.0144 0.9264 
     H7496.1  2 0.0244 0.0832 0.0973 0.7520 0.0321 0.0109 
    H7496.10  2 0.0131 0.0284 0.0125 0.9270 0.0086 0.0105 
    H7496.11  2 0.0124 0.0526 0.0174 0.0280 0.0294 0.8602 
     H7496.2  2 0.0242 0.0292 0.0116 0.8977 0.0228 0.0145 
     H7496.3  2 0.0779 0.5812 0.0506 0.2388 0.0292 0.0223 
     H7496.4  2 0.0153 0.0221 0.0151 0.9088 0.0172 0.0215 
     H7496.5  2 0.0156 0.0407 0.0508 0.8381 0.0408 0.0140 
     H7496.6  2 0.0244 0.0285 0.0497 0.8490 0.0392 0.0092 
     H7496.7  2 0.0145 0.0246 0.0143 0.9220 0.0123 0.0123 
     H7496.8  2 0.0619 0.1022 0.0784 0.6845 0.0348 0.0382 
        UNK4  2 0.0564 0.0365 0.5498 0.2715 0.0239 0.0618 
        UNK5  2 0.0497 0.0715 0.0266 0.8044 0.0118 0.0360 
        UNK6  2 0.0278 0.0437 0.3594 0.4643 0.0191 0.0858 
        UNK7  2 0.0181 0.0312 0.0151 0.8558 0.0142 0.0656 
        UNK8  2 0.0401 0.0215 0.0271 0.6562 0.0098 0.2453 
        UNK9  2 0.0286 0.2677 0.1762 0.4123 0.0151 0.1002 
      H009.1  4 0.9061 0.0092 0.0125 0.0123 0.0517 0.0082 
      H009.2  4 0.7164 0.0141 0.0259 0.0145 0.2187 0.0103 
      H009.3  4 0.8992 0.0120 0.0122 0.0125 0.0553 0.0089 
      H009.4  4 0.5479 0.0179 0.0251 0.0265 0.3674 0.0152 
      H009.5  4 0.9072 0.0135 0.0227 0.0102 0.0327 0.0137 
      H009.6  4 0.9259 0.0170 0.0165 0.0088 0.0207 0.0110 
      H046.4  4 0.5053 0.1690 0.0627 0.0742 0.1054 0.0835 
      H046.8  4 0.2209 0.1279 0.3111 0.0547 0.1695 0.1159 
 H076.1_2002  4 0.0122 0.0096 0.0147 0.0278 0.0130 0.9228 
 H076.1_2003  4 0.0084 0.0090 0.0337 0.0069 0.0134 0.9286 
 H076.1_2004  4 0.0136 0.0167 0.0284 0.0122 0.0376 0.8914 
 H076.2_2002  4 0.0125 0.0132 0.0169 0.0213 0.0155 0.9207 
 H076.2_2003  4 0.0072 0.0078 0.0944 0.0082 0.0103 0.8721 
 H076.2_2004  4 0.0302 0.0386 0.0430 0.0382 0.5049 0.3451 
 H076.3_2002  4 0.0625 0.0240 0.1957 0.0263 0.6301 0.0614 
 H076.3_2003  4 0.0135 0.0089 0.0143 0.0123 0.0092 0.9418 
 H076.3_2004  4 0.0134 0.0177 0.0715 0.0166 0.0249 0.8559 
 H076.4_2002  4 0.0688 0.0366 0.5252 0.0457 0.2199 0.1039 
 H076.4_2003  4 0.0144 0.0084 0.0564 0.0130 0.0539 0.8538 
 H076.4_2004  4 0.0392 0.0147 0.0262 0.0502 0.7002 0.1696 
 H076.5_2002  4 0.0240 0.0245 0.1537 0.0505 0.0237 0.7236 
 H076.5_2003  4 0.0162 0.0100 0.0197 0.0177 0.0109 0.9255 
 H076.5_2004  4 0.0525 0.0439 0.1479 0.1032 0.2330 0.4194 
 H076.6_2002  4 0.0604 0.0563 0.1037 0.0489 0.0266 0.7041 
 H076.6_2003  4 0.0140 0.0078 0.0305 0.0100 0.0100 0.9277 
 H076.6_2004  4 0.0182 0.0242 0.3113 0.0251 0.1762 0.4450 
 H076.7_2002  4 0.1987 0.0385 0.0928 0.1074 0.5160 0.0465 
 H076.7_2003  4 0.0198 0.0114 0.0299 0.0332 0.0482 0.8575 
 H076.7_2004  4 0.0277 0.0222 0.0346 0.0142 0.4446 0.4567 
      H477.1  4 0.0087 0.0080 0.9282 0.0334 0.0127 0.0091 
      H477.2  4 0.0137 0.0122 0.9144 0.0316 0.0197 0.0083 
      H477.3  4 0.0149 0.0570 0.8019 0.0562 0.0439 0.0261 
      H477.4  4 0.0299 0.0184 0.7148 0.1105 0.0399 0.0866 
      H477.5  4 0.0375 0.0225 0.8356 0.0386 0.0341 0.0317 
      H477.6  4 0.0223 0.0293 0.8652 0.0425 0.0228 0.0180 
      H477.7  4 0.0348 0.0195 0.6887 0.1017 0.0227 0.1327 
 H479.1_2005  4 0.0217 0.4249 0.0145 0.3331 0.1937 0.0121 
 H479.1_2006  4 0.0595 0.1362 0.2175 0.0567 0.4848 0.0452 
     H479.10  4 0.0404 0.5777 0.0653 0.0407 0.2454 0.0304 
 H479.2_2005  4 0.1242 0.5320 0.0552 0.1795 0.0882 0.0209 
 H479.2_2006  4 0.0240 0.0848 0.0100 0.0741 0.7871 0.0200 
 H479.3_2005  4 0.0158 0.2286 0.0485 0.1702 0.5253 0.0116 
 H479.3_2006  4 0.0137 0.0664 0.1018 0.5068 0.2984 0.0129 
 H479.4_2005  4 0.0127 0.0918 0.0208 0.0538 0.8010 0.0199 
 H479.4_2006  4 0.0186 0.5219 0.0173 0.1512 0.2758 0.0152 
 H479.5_2005  4 0.0291 0.8252 0.0397 0.0257 0.0613 0.0190 
 H479.5_2006  4 0.0223 0.1345 0.0148 0.1785 0.6370 0.0129 
 H479.6_2005  4 0.0179 0.1185 0.3952 0.1303 0.2691 0.0689 
 H479.6_2006  4 0.0115 0.5942 0.0140 0.3105 0.0382 0.0316 
 H479.7_2005  4 0.0248 0.1119 0.0656 0.6221 0.1508 0.0249 
 H479.7_2006  4 0.0278 0.1083 0.0291 0.4786 0.3208 0.0354 
 H479.8_2005  4 0.0114 0.1249 0.0325 0.7018 0.1066 0.0227 
 H479.8_2006  4 0.0336 0.2938 0.1342 0.0110 0.4803 0.0472 
      H479.9  4 0.0095 0.0329 0.0975 0.0170 0.8322 0.0109 
      H516.1  4 0.5673 0.0322 0.0929 0.0332 0.2380 0.0363 
      H516.2  4 0.0869 0.0248 0.0165 0.0163 0.8399 0.0156 
      H516.3  4 0.5776 0.0246 0.0978 0.0154 0.2674 0.0171 
      H516.4  4 0.1193 0.0234 0.0535 0.0192 0.7634 0.0211 
      H516.5  4 0.3235 0.0167 0.0788 0.0190 0.4919 0.0702 
      H516.6  4 0.0280 0.0143 0.0169 0.0096 0.9130 0.0182 
      H516.7  4 0.0238 0.0521 0.2010 0.0247 0.6831 0.0152 
      H516.8  4 0.6093 0.0197 0.0412 0.0139 0.2887 0.0272 
      H516.9  4 0.1568 0.0961 0.0794 0.0220 0.6313 0.0145 
      H646.1  4 0.0732 0.0196 0.3170 0.0337 0.5460 0.0105 
      H646.2  4 0.0587 0.0090 0.1408 0.1144 0.6517 0.0253 
      H646.3  4 0.1095 0.0127 0.0891 0.0179 0.7635 0.0072 
      H646.4  4 0.0820 0.0151 0.3058 0.2363 0.3123 0.0484 
      H646.5  4 0.1560 0.0302 0.0268 0.0357 0.7368 0.0145 
      H658.1  4 0.0194 0.0103 0.0147 0.0094 0.9245 0.0216 
     H658.10  4 0.0116 0.0074 0.0170 0.0245 0.9316 0.0079 
      H658.2  4 0.0376 0.0160 0.0333 0.0132 0.8526 0.0472 
      H658.3  4 0.0101 0.0162 0.0128 0.0204 0.9286 0.0119 
      H658.4  4 0.0160 0.0270 0.0101 0.0138 0.9234 0.0097 
      H658.5  4 0.0171 0.0127 0.0115 0.0264 0.9256 0.0067 
      H658.6  4 0.0139 0.0110 0.0214 0.0085 0.9352 0.0100 
      H658.7  4 0.0207 0.0284 0.0358 0.0151 0.8800 0.0200 
      H658.8  4 0.0173 0.0097 0.0217 0.0100 0.9170 0.0244 
      H658.9  4 0.0359 0.0377 0.0377 0.0133 0.8563 0.0191 
      H682.1  4 0.0666 0.5057 0.2210 0.1343 0.0531 0.0192 
      H682.6  4 0.3557 0.2786 0.0989 0.0907 0.1495 0.0266 
      H720.1  4 0.0303 0.0924 0.4051 0.3971 0.0545 0.0206 
