      H105.1  1 0.0068 0.0089 0.0040 0.0273 0.0080 0.0100 0.0177 0.0054 0.0180 0.0096 0.6029 0.0135 0.0742 0.0094 0.0115 0.0109 0.0094 0.0373 0.0064 0.0103 0.0174 0.0068 0.0554 0.0056 0.0069 0.0064 
      H105.2  1 0.0092 0.0092 0.0098 0.0051 0.0057 0.0152 0.0220 0.0107 0.0122 0.0079 0.2419 0.0150 0.0302 0.3732 0.0075 0.0296 0.0310 0.0265 0.0243 0.0224 0.0059 0.0058 0.0324 0.0136 0.0063 0.0271 
      H105.3  1 0.0075 0.0119 0.0092 0.0070 0.0052 0.0083 0.0167 0.0066 0.0106 0.0128 0.6365 0.0134 0.0114 0.0319 0.0063 0.0081 0.0142 0.1055 0.0080 0.0087 0.0132 0.0067 0.0157 0.0059 0.0073 0.0116 
      H105.4  1 0.0075 0.0244 0.0229 0.0075 0.0132 0.0111 0.0373 0.0164 0.0168 0.0184 0.1405 0.0099 0.0339 0.3936 0.0075 0.0084 0.0063 0.0311 0.0162 0.0178 0.0095 0.0082 0.1038 0.0072 0.0157 0.0148 
      H105.5  1 0.0075 0.0109 0.0245 0.0304 0.0081 0.0846 0.0191 0.0216 0.0097 0.0174 0.2295 0.0915 0.0690 0.0726 0.0170 0.0212 0.0297 0.0047 0.0405 0.0238 0.0254 0.0266 0.0818 0.0123 0.0108 0.0097 
      H105.6  1 0.0044 0.0052 0.0205 0.0041 0.0110 0.0162 0.0088 0.0140 0.0164 0.0063 0.5141 0.0076 0.0054 0.0547 0.0086 0.0031 0.0056 0.1825 0.0086 0.0101 0.0114 0.0137 0.0427 0.0092 0.0104 0.0054 
      H105.7  1 0.0046 0.0110 0.0041 0.0114 0.0067 0.0117 0.0085 0.0078 0.0199 0.0114 0.6897 0.0074 0.0084 0.0234 0.0072 0.0053 0.0055 0.0321 0.0039 0.0234 0.0048 0.0070 0.0672 0.0051 0.0043 0.0081 
      H105.8  1 0.0074 0.0083 0.0127 0.0061 0.0042 0.0069 0.0108 0.0050 0.0422 0.0056 0.5449 0.0037 0.0299 0.0253 0.0136 0.0086 0.0095 0.1471 0.0139 0.0076 0.0048 0.0053 0.0464 0.0065 0.0096 0.0139 
      H115.1  1 0.0060 0.0068 0.0092 0.0154 0.0049 0.0094 0.0064 0.0132 0.0202 0.0291 0.0102 0.0061 0.0082 0.0323 0.0186 0.0061 0.0146 0.0150 0.0168 0.0141 0.0230 0.6609 0.0104 0.0082 0.0102 0.0247 
      H115.2  1 0.0089 0.0058 0.0050 0.0057 0.0041 0.0054 0.0048 0.0049 0.0071 0.0103 0.0098 0.0098 0.0050 0.0188 0.0087 0.0051 0.0096 0.0062 0.0085 0.0052 0.0094 0.8062 0.0048 0.0096 0.0065 0.0149 
      H115.3  1 0.0092 0.0260 0.0327 0.0222 0.0053 0.0067 0.0055 0.0030 0.0079 0.0281 0.0117 0.0296 0.0049 0.1165 0.0087 0.0133 0.0050 0.0060 0.1330 0.0064 0.0230 0.4553 0.0081 0.0159 0.0071 0.0090 
      H115.4  1 0.0075 0.0115 0.0079 0.0451 0.0073 0.0072 0.0126 0.0055 0.0074 0.0807 0.0124 0.1174 0.0058 0.0107 0.0125 0.0253 0.1079 0.0076 0.3310 0.0059 0.0397 0.0364 0.0126 0.0093 0.0125 0.0602 
      H115.5  1 0.0670 0.0090 0.0418 0.0277 0.0256 0.0168 0.0223 0.0148 0.0319 0.0309 0.0518 0.0181 0.0082 0.0407 0.0265 0.0822 0.0153 0.0100 0.0610 0.0091 0.0480 0.2918 0.0172 0.0060 0.0081 0.0180 
      H115.6  1 0.0157 0.0318 0.0295 0.0174 0.0048 0.0158 0.0112 0.0048 0.0236 0.0563 0.0138 0.1374 0.0054 0.0912 0.0076 0.0185 0.0125 0.0060 0.0797 0.0302 0.0112 0.2814 0.0062 0.0706 0.0103 0.0069 
      H115.7  1 0.0039 0.0080 0.0053 0.0174 0.0059 0.0405 0.0038 0.0084 0.0049 0.0451 0.0089 0.0339 0.0036 0.5665 0.0049 0.0213 0.0124 0.0102 0.0214 0.0142 0.0061 0.1210 0.0064 0.0078 0.0071 0.0113 
      H115.8  1 0.0544 0.0175 0.0220 0.0211 0.0057 0.0082 0.0071 0.0053 0.0507 0.0300 0.0212 0.0325 0.0074 0.0226 0.0185 0.0285 0.0130 0.0093 0.0737 0.0104 0.0147 0.4754 0.0089 0.0183 0.0086 0.0152 
      H115.9  1 0.0051 0.0079 0.0136 0.0132 0.0050 0.0055 0.0076 0.0078 0.0216 0.0166 0.0057 0.0047 0.0057 0.0146 0.0139 0.0049 0.0158 0.0050 0.0082 0.0062 0.0129 0.7595 0.0196 0.0060 0.0064 0.0070 
      H145.1  1 0.0222 0.0077 0.0117 0.0071 0.7767 0.0071 0.0102 0.0065 0.0069 0.0119 0.0039 0.0049 0.0060 0.0053 0.0050 0.0029 0.0069 0.0155 0.0094 0.0042 0.0055 0.0116 0.0108 0.0307 0.0052 0.0042 
      H145.2  1 0.0252 0.0040 0.0698 0.0051 0.7508 0.0044 0.0080 0.0047 0.0077 0.0072 0.0078 0.0051 0.0098 0.0063 0.0047 0.0029 0.0055 0.0046 0.0089 0.0109 0.0069 0.0060 0.0122 0.0120 0.0058 0.0036 
      H145.3  1 0.0389 0.0053 0.0057 0.0035 0.8085 0.0036 0.0064 0.0042 0.0243 0.0048 0.0026 0.0041 0.0047 0.0046 0.0067 0.0082 0.0039 0.0041 0.0071 0.0042 0.0044 0.0047 0.0074 0.0220 0.0031 0.0030 
      H145.4  1 0.0072 0.0054 0.0038 0.0067 0.8555 0.0063 0.0040 0.0051 0.0052 0.0238 0.0033 0.0038 0.0041 0.0044 0.0044 0.0032 0.0038 0.0078 0.0045 0.0038 0.0052 0.0053 0.0076 0.0069 0.0062 0.0029 
      H145.5  1 0.0982 0.0041 0.0047 0.0036 0.7683 0.0034 0.0041 0.0048 0.0056 0.0057 0.0033 0.0048 0.0050 0.0043 0.0062 0.0044 0.0043 0.0046 0.0072 0.0033 0.0047 0.0039 0.0045 0.0296 0.0040 0.0034 
      H145.6  1 0.0138 0.0034 0.0437 0.0059 0.8062 0.0040 0.0037 0.0039 0.0038 0.0051 0.0069 0.0044 0.0066 0.0124 0.0047 0.0070 0.0037 0.0032 0.0072 0.0188 0.0052 0.0039 0.0087 0.0057 0.0043 0.0038 
      H145.7  1 0.0042 0.0039 0.0049 0.0069 0.8753 0.0035 0.0042 0.0033 0.0047 0.0086 0.0035 0.0043 0.0041 0.0056 0.0038 0.0113 0.0027 0.0037 0.0071 0.0048 0.0080 0.0030 0.0067 0.0052 0.0039 0.0027 
      H149.1  1 0.0045 0.0043 0.0043 0.0032 0.0063 0.0046 0.0029 0.0052 0.0036 0.0055 0.0032 0.0046 0.0030 0.0043 0.0041 0.0030 0.0033 0.0033 0.0031 0.0032 0.8994 0.0037 0.0035 0.0061 0.0042 0.0036 
      H149.2  1 0.0031 0.0058 0.0044 0.0079 0.0106 0.0161 0.0040 0.0054 0.0034 0.0084 0.0036 0.0081 0.0036 0.0060 0.0039 0.0040 0.0040 0.0041 0.0031 0.0060 0.8617 0.0037 0.0054 0.0065 0.0040 0.0032 
      H149.3  1 0.0049 0.0279 0.0074 0.0168 0.0292 0.0156 0.0098 0.0105 0.0067 0.0280 0.0068 0.0226 0.0055 0.0253 0.0086 0.0073 0.0043 0.0082 0.0060 0.0211 0.6871 0.0065 0.0060 0.0107 0.0073 0.0099 
      H149.4  1 0.0077 0.0117 0.0104 0.0095 0.0053 0.0058 0.0070 0.0076 0.0071 0.0059 0.0118 0.0054 0.0246 0.0249 0.0044 0.0044 0.0037 0.0114 0.0048 0.0078 0.7645 0.0055 0.0052 0.0076 0.0304 0.0057 
      H149.5  1 0.0043 0.0094 0.0053 0.0480 0.0178 0.0166 0.0088 0.0064 0.0073 0.0124 0.0110 0.0137 0.0254 0.0571 0.0057 0.0070 0.0049 0.0132 0.0044 0.0209 0.6680 0.0028 0.0100 0.0051 0.0084 0.0063 
      H149.6  1 0.0041 0.0044 0.0035 0.0091 0.0110 0.0128 0.0038 0.0061 0.0034 0.0080 0.0027 0.0086 0.0052 0.0140 0.0049 0.0042 0.0056 0.0052 0.0034 0.0174 0.8407 0.0034 0.0047 0.0063 0.0039 0.0037 
      H149.7  1 0.0103 0.0194 0.0098 0.0208 0.0170 0.0173 0.0091 0.0526 0.0150 0.0231 0.0173 0.0124 0.0347 0.0818 0.0197 0.0080 0.0095 0.0080 0.0059 0.0713 0.4627 0.0052 0.0053 0.0096 0.0303 0.0239 
      H150.1  1 0.0057 0.0048 0.0081 0.0049 0.0048 0.0104 0.0062 0.0053 0.0057 0.0049 0.0087 0.0118 0.0079 0.0217 0.0056 0.0057 0.0039 0.0076 0.0263 0.0055 0.0027 0.8096 0.0061 0.0085 0.0047 0.0032 
      H150.2  1 0.0193 0.0060 0.0130 0.0176 0.0046 0.0311 0.0072 0.0068 0.0046 0.0179 0.0134 0.0406 0.0032 0.0298 0.0071 0.0090 0.0097 0.0124 0.0965 0.0109 0.0147 0.5928 0.0037 0.0112 0.0066 0.0105 
      H150.3  1 0.0106 0.0074 0.0058 0.0058 0.0075 0.0259 0.0043 0.0102 0.0058 0.0095 0.0072 0.0161 0.0059 0.0257 0.0073 0.0110 0.0100 0.0181 0.0137 0.0140 0.0050 0.7466 0.0057 0.0098 0.0052 0.0060 
      H150.4  1 0.0108 0.0064 0.0083 0.0048 0.0068 0.0109 0.0048 0.0065 0.0075 0.0074 0.0046 0.0091 0.0056 0.0095 0.0049 0.0080 0.0057 0.0065 0.0081 0.0080 0.0028 0.8345 0.0056 0.0058 0.0035 0.0035 
      H150.5  1 0.0047 0.0220 0.0083 0.0166 0.0083 0.0199 0.0085 0.0064 0.0064 0.0313 0.0153 0.0366 0.0053 0.0995 0.0095 0.0130 0.0037 0.0177 0.0787 0.0121 0.0075 0.5293 0.0055 0.0142 0.0086 0.0110 
      H150.6  1 0.0126 0.0096 0.0043 0.0319 0.0104 0.0472 0.0086 0.0052 0.0036 0.0177 0.0562 0.1698 0.0054 0.1519 0.0072 0.0523 0.0077 0.0282 0.1381 0.0106 0.0062 0.1550 0.0040 0.0148 0.0220 0.0195 
      H150.7  1 0.0069 0.0035 0.0098 0.0043 0.0050 0.0069 0.0047 0.0044 0.0069 0.0051 0.0056 0.0067 0.0057 0.0143 0.0050 0.0049 0.0037 0.0086 0.0132 0.0038 0.0028 0.8473 0.0056 0.0079 0.0038 0.0036 
   H169607.1  1 0.0209 0.0308 0.0109 0.0152 0.1092 0.1602 0.0768 0.0089 0.0154 0.0473 0.0064 0.0071 0.0716 0.0401 0.0531 0.0232 0.0713 0.0137 0.0609 0.0151 0.0069 0.0454 0.0096 0.0382 0.0065 0.0353 
   H169607.2  1 0.0043 0.0139 0.0068 0.0074 0.0546 0.3299 0.0703 0.0061 0.0257 0.0327 0.0048 0.0057 0.0285 0.0797 0.0160 0.0068 0.0111 0.0103 0.0196 0.0085 0.0089 0.0460 0.1140 0.0416 0.0250 0.0217 
   H169607.3  1 0.0111 0.0777 0.0113 0.0647 0.0985 0.1437 0.0378 0.0080 0.0363 0.0575 0.0066 0.0106 0.0876 0.0528 0.0536 0.0217 0.0110 0.0094 0.0286 0.0445 0.0060 0.0179 0.0536 0.0251 0.0061 0.0183 
   H169607.4  1 0.0065 0.0242 0.0146 0.0058 0.0927 0.3541 0.0357 0.0059 0.0057 0.0106 0.0066 0.0056 0.0279 0.0121 0.0125 0.0084 0.0110 0.0080 0.0068 0.0099 0.0048 0.0114 0.0614 0.2395 0.0108 0.0075 
   H169607.5  1 0.0071 0.0134 0.0102 0.0481 0.0351 0.2893 0.0201 0.0047 0.0190 0.0154 0.0045 0.0071 0.0081 0.1970 0.0261 0.0078 0.0093 0.0100 0.0209 0.0114 0.0111 0.0891 0.0806 0.0110 0.0371 0.0067 
   H169607.6  1 0.0047 0.0118 0.0049 0.0088 0.0338 0.3905 0.0217 0.0039 0.0229 0.0087 0.0066 0.0053 0.0382 0.0417 0.0230 0.0149 0.0159 0.0066 0.0187 0.0083 0.0056 0.0184 0.2090 0.0256 0.0151 0.0354 
   H169607.7  1 0.0053 0.0138 0.0063 0.0097 0.0236 0.2442 0.0231 0.0038 0.0497 0.0304 0.0125 0.0076 0.0415 0.0276 0.0110 0.0170 0.0220 0.0142 0.2291 0.0077 0.0065 0.0253 0.0338 0.0174 0.0155 0.1012 
   H169607.8  1 0.0050 0.0287 0.0114 0.0067 0.0352 0.2148 0.0884 0.0061 0.0175 0.0140 0.0045 0.0037 0.0422 0.0092 0.0249 0.0085 0.0088 0.0052 0.0078 0.0105 0.0056 0.0113 0.2531 0.1546 0.0089 0.0135 
   H169633.1  1 0.0129 0.0122 0.0104 0.0074 0.0169 0.0084 0.0038 0.0091 0.0053 0.0373 0.0136 0.0144 0.0068 0.0066 0.0360 0.0190 0.0098 0.0150 0.0052 0.0076 0.7003 0.0078 0.0059 0.0078 0.0032 0.0174 
   H169633.2  1 0.0086 0.0048 0.0038 0.0045 0.0146 0.0051 0.0037 0.0075 0.0184 0.0093 0.0161 0.0155 0.0051 0.0072 0.0121 0.0122 0.0293 0.0101 0.0069 0.0483 0.7052 0.0040 0.0035 0.0050 0.0057 0.0333 
   H169633.3  1 0.0052 0.0071 0.0049 0.0078 0.0126 0.0097 0.0046 0.0210 0.0115 0.0128 0.0130 0.0292 0.0044 0.0041 0.0086 0.0062 0.0079 0.0102 0.0051 0.0050 0.7786 0.0086 0.0041 0.0056 0.0051 0.0071 
   H169633.4  1 0.0162 0.0057 0.0142 0.0148 0.0124 0.0097 0.0052 0.0062 0.0072 0.0154 0.0130 0.0120 0.0065 0.0128 0.0068 0.0078 0.0053 0.0147 0.0041 0.0042 0.7598 0.0106 0.0076 0.0170 0.0054 0.0054 
   H169633.5  1 0.0142 0.0074 0.0103 0.0173 0.0095 0.0085 0.0054 0.0075 0.0071 0.0144 0.0123 0.0137 0.0071 0.0135 0.0066 0.0093 0.0060 0.0118 0.0043 0.0032 0.7671 0.0103 0.0059 0.0162 0.0047 0.0066 
   H169688.1  1 0.0045 0.0057 0.0030 0.0041 0.0414 0.0110 0.0098 0.0147 0.0063 0.0063 0.0037 0.0044 0.0048 0.0166 0.6823 0.0197 0.0062 0.0041 0.0061 0.0373 0.0201 0.0100 0.0353 0.0141 0.0057 0.0228 
   H169688.2  1 0.0100 0.0116 0.0041 0.0038 0.0099 0.0058 0.0047 0.0145 0.0082 0.0051 0.0132 0.0063 0.0114 0.0123 0.7028 0.0165 0.0045 0.0037 0.0125 0.0557 0.0077 0.0066 0.0075 0.0057 0.0142 0.0418 
   H169688.3  1 0.0054 0.0049 0.0045 0.0060 0.0197 0.0064 0.0046 0.0076 0.0038 0.0079 0.0075 0.0050 0.0103 0.0302 0.7587 0.0085 0.0065 0.0067 0.0183 0.0326 0.0059 0.0078 0.0051 0.0051 0.0134 0.0078 
   H169688.4  1 0.0116 0.0074 0.0153 0.0055 0.0060 0.0069 0.0045 0.0067 0.0051 0.0067 0.0085 0.0042 0.0043 0.0063 0.7846 0.0070 0.0042 0.0041 0.0175 0.0070 0.0056 0.0488 0.0040 0.0045 0.0076 0.0062 
   H169688.5  1 0.0165 0.0062 0.0117 0.0048 0.0068 0.0067 0.0042 0.0074 0.0054 0.0053 0.0119 0.0047 0.0039 0.0060 0.7807 0.0078 0.0042 0.0045 0.0222 0.0096 0.0059 0.0401 0.0042 0.0047 0.0065 0.0080 
   H169688.6  1 0.0159 0.0043 0.0073 0.0048 0.0121 0.0072 0.0063 0.0066 0.0045 0.0053 0.0173 0.0035 0.0053 0.0146 0.7172 0.0121 0.0044 0.0042 0.0068 0.0208 0.0214 0.0107 0.0116 0.0060 0.0173 0.0528 
   H169688.7  1 0.0095 0.0119 0.0069 0.0051 0.0448 0.0091 0.0053 0.0137 0.0083 0.0156 0.0077 0.0186 0.0171 0.0073 0.6546 0.0171 0.0095 0.0040 0.0596 0.0110 0.0063 0.0136 0.0061 0.0085 0.0158 0.0129 
   H171901.1  1 0.0586 0.0074 0.0240 0.0100 0.0258 0.0554 0.0051 0.0163 0.0081 0.0130 0.0213 0.0389 0.0225 0.0615 0.0236 0.0112 0.0079 0.0078 0.0874 0.4272 0.0078 0.0201 0.0115 0.0093 0.0088 0.0095 
   H171901.2  1 0.0093 0.0273 0.0159 0.0072 0.0140 0.0213 0.0080 0.0070 0.0147 0.0116 0.0250 0.0276 0.0102 0.0266 0.0192 0.0068 0.0067 0.0061 0.0193 0.0054 0.5625 0.0270 0.0164 0.0766 0.0140 0.0145 
   H171901.3  1 0.0071 0.0155 0.0197 0.0148 0.0059 0.0374 0.0052 0.0061 0.0075 0.0067 0.0089 0.0129 0.0111 0.0651 0.0556 0.0124 0.0070 0.0041 0.0338 0.0282 0.5594 0.0150 0.0063 0.0166 0.0162 0.0216 
   H171901.4  1 0.0069 0.0111 0.0145 0.0077 0.0049 0.1691 0.0099 0.0059 0.0106 0.0053 0.0599 0.0094 0.0088 0.0248 0.0205 0.0102 0.0134 0.0076 0.0388 0.0137 0.4774 0.0092 0.0069 0.0225 0.0130 0.0181 
   H171901.5  1 0.0089 0.0202 0.0107 0.0090 0.0124 0.1551 0.0221 0.0064 0.0091 0.0089 0.0239 0.0133 0.0144 0.0271 0.0246 0.0059 0.0125 0.0042 0.0580 0.0118 0.3397 0.0116 0.0087 0.0788 0.0528 0.0500 
   H171901.6  1 0.0090 0.0123 0.0145 0.0081 0.0204 0.3205 0.0158 0.0109 0.0068 0.0080 0.0346 0.0125 0.0079 0.0239 0.0197 0.0037 0.0118 0.0070 0.0169 0.0159 0.2422 0.0251 0.0085 0.0670 0.0452 0.0316 
   H171901.7  1 0.0062 0.0100 0.0095 0.0136 0.0203 0.0375 0.0040 0.0113 0.0146 0.0062 0.0110 0.0169 0.0065 0.0210 0.0767 0.0060 0.0056 0.0060 0.0301 0.0149 0.5329 0.0258 0.0074 0.0147 0.0765 0.0149 
   H171902.1  1 0.0221 0.0060 0.0065 0.0033 0.0160 0.0145 0.0155 0.0088 0.0116 0.0060 0.0065 0.0061 0.0063 0.0065 0.0169 0.0077 0.0382 0.0042 0.0084 0.0051 0.0086 0.0127 0.0085 0.7305 0.0115 0.0121 
  H171902.10  1 0.0065 0.0085 0.0048 0.0029 0.0042 0.0050 0.0041 0.0039 0.0035 0.0047 0.0041 0.0088 0.0067 0.0052 0.0060 0.0062 0.0037 0.0038 0.0079 0.0049 0.0066 0.0065 0.0049 0.8511 0.0125 0.0130 
   H171902.2  1 0.0358 0.0160 0.0069 0.0052 0.0142 0.0458 0.0199 0.0194 0.0302 0.0074 0.0215 0.0067 0.0120 0.0193 0.1687 0.0539 0.0236 0.0133 0.0151 0.0228 0.0120 0.0188 0.0094 0.3446 0.0141 0.0437 
   H171902.3  1 0.0112 0.0076 0.0094 0.0045 0.0078 0.0657 0.0105 0.0088 0.0127 0.0050 0.0079 0.0101 0.0191 0.0137 0.0192 0.0088 0.0227 0.0071 0.0251 0.0110 0.0291 0.0331 0.0098 0.5697 0.0232 0.0474 
   H171902.4  1 0.0126 0.0049 0.0050 0.0038 0.0075 0.0043 0.0026 0.0067 0.0066 0.0097 0.0064 0.0070 0.0026 0.0093 0.0082 0.0042 0.0047 0.0077 0.0035 0.0045 0.0251 0.0074 0.0041 0.8321 0.0045 0.0051 
   H171902.6  1 0.0062 0.0054 0.0044 0.0029 0.0051 0.0073 0.0047 0.0051 0.0049 0.0048 0.0031 0.0067 0.0090 0.0068 0.0050 0.0052 0.0054 0.0030 0.0043 0.0044 0.0055 0.0071 0.0067 0.8609 0.0076 0.0084 
   H171902.7  1 0.0089 0.0045 0.0046 0.0043 0.0071 0.0362 0.0040 0.0048 0.0036 0.0114 0.0075 0.0104 0.0045 0.0153 0.0040 0.0030 0.0059 0.0037 0.0088 0.0106 0.0095 0.0063 0.0080 0.7972 0.0108 0.0051 
   H171902.8  1 0.0100 0.0112 0.0064 0.0046 0.0073 0.0190 0.0078 0.0058 0.0064 0.0059 0.0043 0.0091 0.0120 0.0097 0.0063 0.0078 0.0081 0.0042 0.0120 0.0081 0.0094 0.0139 0.0079 0.7664 0.0148 0.0217 
   H171902.9  1 0.0190 0.0061 0.0090 0.0044 0.0100 0.0108 0.0077 0.0117 0.0070 0.0095 0.0058 0.0053 0.0051 0.0177 0.0084 0.0041 0.0056 0.0154 0.0069 0.0051 0.0060 0.0518 0.0071 0.7475 0.0080 0.0051 
   H171903.1  1 0.0052 0.0207 0.0085 0.0143 0.0142 0.1046 0.0184 0.0070 0.0143 0.0290 0.0154 0.0090 0.0042 0.0189 0.0203 0.0047 0.0214 0.0093 0.0493 0.0094 0.0143 0.0729 0.4373 0.0089 0.0604 0.0080 
   H171903.2  1 0.0121 0.0439 0.0164 0.0283 0.0110 0.0140 0.0357 0.0061 0.0440 0.0111 0.0272 0.0083 0.0342 0.0085 0.0287 0.0063 0.0256 0.0178 0.0585 0.0173 0.0087 0.0390 0.4407 0.0103 0.0387 0.0077 
   H171903.3  1 0.0193 0.0172 0.0139 0.1215 0.0107 0.0670 0.0241 0.0153 0.0287 0.0113 0.0248 0.0342 0.0175 0.0264 0.0412 0.0059 0.0576 0.0112 0.0546 0.0305 0.0785 0.0464 0.1109 0.0358 0.0875 0.0080 
   H171903.4  1 0.0085 0.1227 0.0096 0.0132 0.0316 0.1409 0.0084 0.0140 0.0048 0.0208 0.0104 0.0136 0.0058 0.1369 0.0539 0.0150 0.0060 0.0098 0.0367 0.2170 0.0083 0.0217 0.0235 0.0450 0.0145 0.0074 
   H171903.5  1 0.0108 0.0148 0.0091 0.1589 0.0150 0.0343 0.0182 0.0143 0.0332 0.0128 0.0184 0.0142 0.0842 0.0144 0.1203 0.0071 0.0892 0.0082 0.0806 0.0164 0.0518 0.0522 0.0582 0.0080 0.0380 0.0174 
   H171903.6  1 0.0039 0.0217 0.0113 0.0434 0.0132 0.0707 0.0305 0.0101 0.0086 0.0069 0.0076 0.0069 0.0143 0.0436 0.3552 0.0097 0.0065 0.0059 0.0845 0.0151 0.0638 0.0332 0.0662 0.0156 0.0440 0.0077 
      H177.1  1 0.0095 0.1120 0.0131 0.0073 0.0148 0.0234 0.0089 0.0164 0.0048 0.0054 0.0081 0.0111 0.0067 0.0105 0.0124 0.0042 0.0056 0.0034 0.0133 0.1517 0.1245 0.0197 0.0161 0.1352 0.2215 0.0405 
      H177.2  1 0.0140 0.0539 0.0278 0.0307 0.1035 0.0160 0.1429 0.0113 0.0525 0.0192 0.0082 0.0148 0.0703 0.0078 0.0254 0.0224 0.0118 0.0060 0.0420 0.0052 0.0791 0.0127 0.0131 0.0636 0.0746 0.0713 
      H177.3  1 0.0149 0.0244 0.0758 0.0187 0.0541 0.0144 0.0199 0.0245 0.0131 0.0151 0.0053 0.0173 0.0252 0.0237 0.0187 0.0049 0.0064 0.0045 0.0170 0.0085 0.1817 0.0108 0.0139 0.0964 0.2413 0.0496 
      H177.4  1 0.0078 0.2851 0.0040 0.0108 0.0381 0.0078 0.0319 0.0107 0.0068 0.0065 0.0168 0.0080 0.0084 0.0106 0.0082 0.0043 0.0053 0.0056 0.0098 0.0600 0.1979 0.0056 0.0153 0.0258 0.1166 0.0924 
      H177.5  1 0.0057 0.5820 0.0079 0.0193 0.0057 0.0201 0.0091 0.0120 0.0092 0.0050 0.0242 0.0114 0.0067 0.0092 0.0319 0.0079 0.0043 0.0053 0.0151 0.0607 0.0128 0.0154 0.0091 0.0126 0.0809 0.0166 
      H177.6  1 0.0164 0.0209 0.1146 0.0129 0.0300 0.0229 0.0151 0.0298 0.0114 0.0118 0.0058 0.0173 0.0243 0.0157 0.0226 0.0040 0.0082 0.0037 0.0124 0.0105 0.3158 0.0129 0.0083 0.0742 0.1485 0.0300 
      H179.1  1 0.0053 0.0092 0.0164 0.0151 0.0041 0.0569 0.0126 0.0463 0.0066 0.0142 0.0184 0.0057 0.0558 0.0196 0.1072 0.0065 0.0513 0.0101 0.0081 0.0189 0.0064 0.0097 0.0039 0.0055 0.0244 0.4619 
      H179.2  1 0.0049 0.0105 0.0084 0.0251 0.0042 0.0456 0.0397 0.0410 0.0131 0.0191 0.0175 0.0146 0.0857 0.0102 0.1673 0.0062 0.0958 0.0141 0.0272 0.0116 0.0161 0.0105 0.0083 0.0128 0.0302 0.2604 
      H179.3  1 0.0040 0.0110 0.0167 0.0203 0.0035 0.0138 0.0073 0.0126 0.0103 0.0123 0.0107 0.0049 0.0250 0.0127 0.6191 0.0105 0.0210 0.0092 0.0107 0.0269 0.0062 0.0099 0.0070 0.0053 0.0131 0.0962 
      H179.4  1 0.0051 0.0107 0.0086 0.0094 0.0194 0.0260 0.0296 0.0259 0.0144 0.0066 0.0214 0.0095 0.0555 0.0079 0.1715 0.0246 0.0266 0.0099 0.0186 0.0238 0.2484 0.0045 0.0125 0.0136 0.0514 0.1445 
      H180.1  1 0.0098 0.0090 0.0080 0.0140 0.0034 0.0338 0.0044 0.0078 0.0048 0.0051 0.0268 0.0296 0.0081 0.0079 0.0085 0.0190 0.0372 0.0086 0.5601 0.0081 0.0056 0.0576 0.0068 0.0220 0.0256 0.0681 
      H180.2  1 0.0133 0.0070 0.0091 0.0062 0.0048 0.0483 0.0062 0.0136 0.0048 0.0031 0.0646 0.0074 0.0047 0.0355 0.0101 0.0266 0.0073 0.0156 0.5124 0.0152 0.0075 0.0905 0.0065 0.0099 0.0280 0.0420 
      H180.3  1 0.0193 0.0041 0.0100 0.0203 0.0068 0.0214 0.0103 0.0491 0.0362 0.0102 0.0168 0.0056 0.0052 0.0057 0.0084 0.0061 0.0649 0.0091 0.3403 0.0074 0.0053 0.3014 0.0161 0.0056 0.0092 0.0053 
      H180.4  1 0.0184 0.0086 0.0075 0.0164 0.0060 0.0537 0.0052 0.0098 0.0129 0.0067 0.0596 0.0757 0.0194 0.0107 0.0184 0.0213 0.0057 0.0722 0.3747 0.0215 0.0138 0.0426 0.0092 0.0094 0.0294 0.0713 
      H180.5  1 0.0306 0.0190 0.0068 0.0105 0.0076 0.0244 0.0198 0.0058 0.0220 0.0071 0.0288 0.1062 0.0066 0.0065 0.0241 0.0230 0.0070 0.0089 0.4403 0.0184 0.0084 0.0321 0.0179 0.0073 0.0407 0.0702 
      H180.6  1 0.0570 0.0049 0.0069 0.0076 0.0101 0.0215 0.0217 0.0142 0.4226 0.0102 0.0294 0.0569 0.0076 0.0122 0.0230 0.0223 0.0073 0.0089 0.1582 0.0083 0.0100 0.0344 0.0109 0.0050 0.0187 0.0099 
      H181.1  1 0.0116 0.0075 0.0051 0.0917 0.0110 0.0063 0.0085 0.0075 0.0064 0.0091 0.0131 0.0324 0.0338 0.0164 0.0206 0.1253 0.0078 0.0041 0.0081 0.0077 0.2352 0.0112 0.0971 0.0261 0.0119 0.1844 
      H181.2  1 0.0107 0.0106 0.0035 0.0117 0.0347 0.0101 0.0083 0.0086 0.0049 0.0108 0.0099 0.0753 0.0071 0.0161 0.0069 0.0302 0.0080 0.0057 0.0087 0.0071 0.0258 0.0133 0.0165 0.0387 0.0184 0.5983 
      H181.3  1 0.0099 0.0334 0.0059 0.0060 0.0142 0.0106 0.0169 0.0055 0.0087 0.0063 0.0049 0.0208 0.0059 0.0162 0.0070 0.0766 0.0038 0.0055 0.0099 0.0068 0.0229 0.0091 0.0192 0.0208 0.0103 0.6427 
      H181.4  1 0.0045 0.0357 0.0143 0.1952 0.0356 0.0179 0.0786 0.0190 0.0133 0.0217 0.0108 0.0448 0.0188 0.0216 0.0198 0.0553 0.0058 0.0071 0.0186 0.0149 0.1236 0.0869 0.0366 0.0326 0.0409 0.0260 
      H181.5  1 0.0099 0.0193 0.0051 0.0085 0.0067 0.0081 0.0224 0.0282 0.0081 0.0129 0.0100 0.0297 0.0257 0.0149 0.0077 0.0302 0.0161 0.0091 0.0059 0.0165 0.0124 0.0057 0.0071 0.0115 0.0054 0.6629 
      H181.6  1 0.0057 0.0120 0.0068 0.0126 0.0099 0.0240 0.0258 0.0195 0.0101 0.0129 0.0516 0.0337 0.0332 0.0266 0.0152 0.0112 0.0360 0.0094 0.0299 0.0141 0.0200 0.0273 0.0152 0.0256 0.0133 0.4982 
      H181.7  1 0.0061 0.0053 0.0054 0.0388 0.0125 0.0077 0.0112 0.0062 0.0160 0.0137 0.0109 0.0060 0.1130 0.0150 0.0275 0.0145 0.0083 0.0069 0.0179 0.0079 0.0900 0.0257 0.0144 0.0080 0.0080 0.5031 
 H194.1_2004  1 0.0117 0.0140 0.0068 0.0068 0.2493 0.2062 0.0092 0.0549 0.0115 0.0144 0.0082 0.0304 0.0042 0.0147 0.0568 0.0087 0.0068 0.0071 0.0344 0.0129 0.0095 0.0286 0.0802 0.0263 0.0824 0.0039 
 H194.2_2004  1 0.0333 0.0150 0.0057 0.0093 0.2114 0.1428 0.0040 0.0088 0.0067 0.0473 0.0041 0.0365 0.0046 0.0183 0.0081 0.0055 0.0043 0.0044 0.0159 0.2828 0.0075 0.0091 0.0550 0.0210 0.0331 0.0054 
 H194.3_2004  1 0.0092 0.0108 0.0053 0.0073 0.3348 0.0849 0.0060 0.2364 0.0070 0.0097 0.0082 0.0074 0.0061 0.0132 0.0134 0.0036 0.0056 0.0040 0.0051 0.0125 0.0950 0.0086 0.0152 0.0341 0.0455 0.0110 
 H194.4_2004  1 0.0180 0.0487 0.0038 0.0038 0.4398 0.0152 0.0046 0.0130 0.0068 0.0153 0.0085 0.0119 0.0032 0.0100 0.0073 0.0049 0.0052 0.0038 0.0072 0.1815 0.0648 0.0084 0.0477 0.0428 0.0167 0.0076 
 H194.5_2004  1 0.0054 0.0091 0.0078 0.0085 0.2633 0.2308 0.0104 0.1257 0.0205 0.0091 0.0217 0.0113 0.0101 0.0321 0.0094 0.0061 0.0106 0.0048 0.0076 0.0179 0.0851 0.0113 0.0216 0.0231 0.0297 0.0070 
 H194.6_2004  1 0.0065 0.0516 0.0068 0.0045 0.0657 0.0128 0.0098 0.2033 0.0098 0.0077 0.0081 0.0125 0.0069 0.0149 0.0143 0.0060 0.0099 0.0047 0.0061 0.1813 0.2638 0.0176 0.0133 0.0260 0.0299 0.0062 
 H194.7_2004  1 0.0089 0.0297 0.0059 0.0134 0.2457 0.1363 0.0066 0.0550 0.0690 0.0440 0.0078 0.0118 0.0054 0.0050 0.0184 0.0081 0.0046 0.0068 0.0090 0.0222 0.0157 0.0111 0.2368 0.0065 0.0120 0.0042 
 H194.8_2004  1 0.0122 0.0568 0.0063 0.0085 0.2268 0.0298 0.0107 0.0524 0.0177 0.0178 0.0098 0.0168 0.0078 0.0249 0.0100 0.0077 0.0064 0.0060 0.0116 0.2595 0.1118 0.0155 0.0174 0.0313 0.0172 0.0072 
      H194.9  1 0.0126 0.0595 0.0068 0.0116 0.3108 0.1561 0.0089 0.0793 0.0649 0.0185 0.0124 0.0157 0.0054 0.0174 0.0147 0.0105 0.0080 0.0089 0.0116 0.0156 0.0159 0.0500 0.0538 0.0156 0.0108 0.0049 
 H195.1_2003  1 0.0035 0.0098 0.0079 0.0080 0.4882 0.2270 0.0078 0.0078 0.0056 0.0067 0.0644 0.0110 0.0084 0.0111 0.0140 0.0095 0.0084 0.0093 0.0129 0.0189 0.0132 0.0048 0.0126 0.0113 0.0108 0.0073 
 H195.1_2004  1 0.0059 0.0063 0.0067 0.0056 0.8465 0.0032 0.0036 0.0040 0.0030 0.0079 0.0044 0.0211 0.0041 0.0050 0.0049 0.0123 0.0029 0.0042 0.0054 0.0032 0.0096 0.0039 0.0044 0.0080 0.0048 0.0089 
 H195.2_2003  1 0.0066 0.0213 0.0113 0.0038 0.5204 0.0578 0.0299 0.0078 0.0149 0.0087 0.0647 0.0077 0.0039 0.0063 0.1157 0.0052 0.0116 0.0047 0.0131 0.0097 0.0071 0.0154 0.0201 0.0163 0.0090 0.0070 
 H195.2_2004  1 0.0078 0.0061 0.0030 0.0035 0.8860 0.0038 0.0043 0.0041 0.0045 0.0055 0.0076 0.0058 0.0034 0.0037 0.0058 0.0061 0.0029 0.0034 0.0037 0.0034 0.0059 0.0038 0.0041 0.0052 0.0032 0.0036 
 H195.3_2003  1 0.0067 0.0201 0.0225 0.0050 0.4043 0.2262 0.0345 0.0128 0.0099 0.0059 0.0213 0.0050 0.0056 0.0188 0.0392 0.0091 0.0055 0.0159 0.0085 0.0169 0.0038 0.0362 0.0403 0.0055 0.0148 0.0058 
 H195.3_2004  1 0.0043 0.0053 0.0039 0.0048 0.8749 0.0045 0.0034 0.0039 0.0034 0.0057 0.0048 0.0079 0.0028 0.0043 0.0040 0.0064 0.0037 0.0046 0.0035 0.0040 0.0139 0.0031 0.0057 0.0085 0.0046 0.0042 
 H195.4_2003  1 0.0029 0.0062 0.0067 0.0063 0.7385 0.0802 0.0060 0.0075 0.0040 0.0090 0.0130 0.0257 0.0056 0.0065 0.0087 0.0043 0.0082 0.0051 0.0081 0.0083 0.0099 0.0042 0.0084 0.0078 0.0052 0.0040 
 H195.4_2004  1 0.0034 0.0064 0.0045 0.0035 0.8849 0.0032 0.0041 0.0043 0.0048 0.0041 0.0042 0.0040 0.0034 0.0039 0.0111 0.0099 0.0033 0.0031 0.0035 0.0047 0.0057 0.0029 0.0059 0.0048 0.0029 0.0037 
 H195.5_2003  1 0.0041 0.0106 0.0090 0.0075 0.4371 0.0972 0.0071 0.0086 0.0056 0.0074 0.1570 0.0359 0.0082 0.0276 0.0150 0.0198 0.0066 0.0159 0.0169 0.0315 0.0172 0.0095 0.0131 0.0121 0.0112 0.0081 
 H195.5_2004  1 0.0056 0.0042 0.0048 0.0045 0.8811 0.0031 0.0035 0.0041 0.0043 0.0046 0.0043 0.0052 0.0031 0.0041 0.0042 0.0083 0.0028 0.0071 0.0031 0.0035 0.0073 0.0047 0.0063 0.0056 0.0047 0.0060 
 H195.6_2003  1 0.0044 0.0095 0.0095 0.0038 0.7870 0.0217 0.0123 0.0046 0.0057 0.0040 0.0148 0.0048 0.0034 0.0042 0.0196 0.0055 0.0062 0.0097 0.0101 0.0038 0.0038 0.0148 0.0176 0.0073 0.0077 0.0042 
 H195.6_2004  1 0.0051 0.0040 0.0027 0.0031 0.8967 0.0033 0.0038 0.0058 0.0042 0.0045 0.0048 0.0039 0.0050 0.0038 0.0035 0.0045 0.0033 0.0037 0.0032 0.0038 0.0044 0.0025 0.0076 0.0048 0.0038 0.0040 
 H195.7_2003  1 0.0029 0.0185 0.0052 0.0086 0.5508 0.1011 0.0165 0.0094 0.0091 0.0100 0.0178 0.0160 0.0129 0.0084 0.0903 0.0089 0.0069 0.0049 0.0084 0.0452 0.0141 0.0048 0.0065 0.0078 0.0076 0.0076 
 H195.7_2004  1 0.0121 0.0031 0.0055 0.0038 0.8808 0.0037 0.0040 0.0038 0.0033 0.0041 0.0039 0.0073 0.0031 0.0045 0.0039 0.0100 0.0028 0.0048 0.0049 0.0029 0.0032 0.0059 0.0034 0.0042 0.0040 0.0071 
      H195.8  1 0.0047 0.0069 0.0051 0.0041 0.8713 0.0031 0.0036 0.0039 0.0044 0.0047 0.0039 0.0071 0.0031 0.0052 0.0065 0.0215 0.0031 0.0040 0.0033 0.0034 0.0034 0.0045 0.0066 0.0038 0.0036 0.0052 
      H195.9  1 0.0032 0.0137 0.0035 0.0042 0.8663 0.0040 0.0050 0.0056 0.0045 0.0064 0.0049 0.0070 0.0034 0.0035 0.0056 0.0052 0.0034 0.0042 0.0046 0.0043 0.0077 0.0039 0.0093 0.0070 0.0048 0.0048 
      H415.1  1 0.0829 0.0088 0.0077 0.0136 0.0389 0.0199 0.0046 0.0127 0.0279 0.0348 0.0210 0.0161 0.0065 0.0165 0.0085 0.0061 0.3637 0.0096 0.0147 0.0234 0.0621 0.1275 0.0056 0.0393 0.0173 0.0101 
      H415.2  1 0.0154 0.0322 0.0123 0.0142 0.0149 0.0156 0.0171 0.0705 0.0052 0.0148 0.0071 0.0065 0.0057 0.0162 0.0203 0.0027 0.0923 0.0098 0.0133 0.0070 0.0122 0.0301 0.0042 0.4767 0.0662 0.0174 
      H415.3  1 0.0104 0.0103 0.0051 0.0141 0.0147 0.0330 0.0141 0.0075 0.0047 0.0194 0.0084 0.0211 0.0090 0.0135 0.0060 0.0030 0.5843 0.0108 0.0218 0.0099 0.0642 0.0073 0.0029 0.0284 0.0539 0.0222 
      H415.4  1 0.0219 0.0111 0.0073 0.0091 0.0151 0.0252 0.0061 0.0112 0.0292 0.0231 0.0173 0.0435 0.0059 0.0142 0.0043 0.0077 0.6054 0.0056 0.0126 0.0097 0.0153 0.0534 0.0052 0.0311 0.0057 0.0041 
      H415.5  1 0.0123 0.0102 0.0034 0.0167 0.0155 0.0170 0.0073 0.0088 0.0056 0.0126 0.0092 0.0320 0.0098 0.0087 0.0054 0.0041 0.5718 0.0096 0.0312 0.0106 0.0830 0.0066 0.0030 0.0367 0.0466 0.0224 
      H415.6  1 0.0198 0.0115 0.0068 0.0091 0.0119 0.0259 0.0048 0.0155 0.0253 0.0210 0.0138 0.0465 0.0062 0.0135 0.0044 0.0069 0.5895 0.0100 0.0111 0.0140 0.0231 0.0618 0.0034 0.0355 0.0048 0.0040 
      H415.7  1 0.0170 0.0258 0.0123 0.0106 0.0338 0.0377 0.0756 0.0151 0.0090 0.0249 0.0077 0.0082 0.0108 0.0081 0.0356 0.0043 0.2422 0.0178 0.0186 0.0082 0.0832 0.0097 0.0038 0.2224 0.0245 0.0331 
      H506.1  1 0.0060 0.0034 0.0045 0.0058 0.0061 0.0060 0.0206 0.0148 0.0046 0.0064 0.0153 0.0035 0.0143 0.0070 0.0058 0.0086 0.0106 0.0081 0.0039 0.0045 0.0341 0.0033 0.0038 0.0031 0.0090 0.7869 
      H506.2  1 0.0052 0.0034 0.0053 0.0045 0.0160 0.0050 0.0105 0.0117 0.0039 0.0072 0.0041 0.0047 0.0090 0.0050 0.0042 0.0040 0.0055 0.0045 0.0045 0.0035 0.0208 0.0030 0.0042 0.0045 0.0050 0.8406 
      H506.3  1 0.0124 0.0094 0.0036 0.0073 0.0061 0.0052 0.0084 0.0126 0.0062 0.0104 0.0074 0.0046 0.0051 0.0032 0.0065 0.0087 0.0099 0.0076 0.0050 0.0055 0.0079 0.0041 0.0044 0.0039 0.0078 0.8267 
      H506.4  1 0.0153 0.0072 0.0064 0.0168 0.0043 0.0055 0.0313 0.0259 0.0072 0.0080 0.0117 0.0036 0.0127 0.0062 0.0150 0.0062 0.0157 0.0153 0.0052 0.0101 0.0186 0.0059 0.0053 0.0050 0.0134 0.7223 
      H506.5  1 0.0053 0.0039 0.0066 0.0040 0.0094 0.0048 0.0114 0.0054 0.0038 0.0039 0.0052 0.0027 0.0057 0.0045 0.0055 0.0047 0.0080 0.0068 0.0040 0.0046 0.0195 0.0033 0.0048 0.0052 0.0055 0.8516 
      H506.6  1 0.0170 0.0258 0.0371 0.0163 0.0149 0.0048 0.0167 0.0074 0.0073 0.0096 0.0064 0.0048 0.0176 0.0048 0.0427 0.0098 0.0073 0.0056 0.0067 0.0106 0.0060 0.0045 0.0107 0.0087 0.0090 0.6880 
      H506.7  1 0.0041 0.0044 0.0035 0.0035 0.0096 0.0062 0.0104 0.0073 0.0048 0.0039 0.0061 0.0034 0.0051 0.0042 0.0048 0.0048 0.0049 0.0055 0.0036 0.0040 0.0195 0.0029 0.0043 0.0037 0.0044 0.8611 
      H533.1  1 0.0065 0.0031 0.0041 0.0079 0.0047 0.0040 0.0096 0.0098 0.0046 0.0077 0.0106 0.0041 0.3976 0.0073 0.0057 0.0090 0.0109 0.0034 0.0062 0.0039 0.1326 0.0033 0.0036 0.0041 0.0107 0.3251 
      H533.2  1 0.0131 0.0036 0.0038 0.0067 0.0051 0.0031 0.0063 0.0069 0.0037 0.0092 0.0081 0.0036 0.2260 0.0053 0.0054 0.0072 0.0108 0.0034 0.0089 0.0038 0.1761 0.0030 0.0038 0.0045 0.0112 0.4574 
      H533.3  1 0.0071 0.0036 0.0111 0.0348 0.0043 0.0074 0.0155 0.0053 0.0085 0.0078 0.0093 0.0031 0.1853 0.0289 0.0110 0.0063 0.0173 0.0036 0.0102 0.0045 0.1302 0.0040 0.0068 0.0075 0.0376 0.4289 
      H533.4  1 0.0180 0.0051 0.0178 0.0154 0.0275 0.0093 0.0166 0.0058 0.0073 0.0132 0.0136 0.0048 0.0410 0.0444 0.0177 0.0185 0.0294 0.0044 0.0330 0.0061 0.1564 0.0055 0.0089 0.0073 0.1023 0.3706 
      H535.1  1 0.0056 0.0120 0.0093 0.0087 0.0115 0.0160 0.0326 0.0502 0.0068 0.0060 0.0084 0.0193 0.0066 0.0147 0.0136 0.0046 0.0100 0.0044 0.0096 0.0138 0.6277 0.0187 0.0232 0.0434 0.0154 0.0078 
      H535.2  1 0.0033 0.0244 0.0047 0.0097 0.0467 0.0048 0.0349 0.0080 0.0238 0.0039 0.0151 0.0135 0.0188 0.0170 0.0104 0.0280 0.0045 0.0090 0.0050 0.0114 0.6482 0.0043 0.0213 0.0077 0.0064 0.0152 
      H535.3  1 0.0054 0.0145 0.0110 0.0094 0.0467 0.0067 0.0404 0.0123 0.0249 0.0052 0.0533 0.0123 0.0193 0.0312 0.0117 0.0662 0.0042 0.0055 0.0066 0.0117 0.5360 0.0072 0.0238 0.0095 0.0056 0.0195 
      H535.4  1 0.0030 0.0034 0.0025 0.0040 0.0080 0.0048 0.0053 0.0060 0.0036 0.0029 0.0117 0.0119 0.0026 0.0040 0.0052 0.0068 0.0076 0.0085 0.0044 0.0039 0.8650 0.0044 0.0047 0.0051 0.0052 0.0056 
      H535.5  1 0.0033 0.0070 0.0032 0.0067 0.0093 0.0050 0.0087 0.0098 0.0044 0.0039 0.0081 0.0044 0.0037 0.0063 0.0067 0.0049 0.0064 0.0053 0.0060 0.0071 0.8451 0.0058 0.0072 0.0042 0.0116 0.0058 
      H535.6  1 0.0046 0.0536 0.0077 0.0084 0.0527 0.0136 0.0386 0.0705 0.0083 0.0084 0.0051 0.0314 0.0124 0.0885 0.0121 0.0133 0.0059 0.0048 0.0069 0.0477 0.4008 0.0270 0.0312 0.0249 0.0109 0.0106 
      H535.7  1 0.0043 0.0061 0.0053 0.0071 0.0054 0.0037 0.0076 0.0085 0.0041 0.0056 0.0137 0.0033 0.0035 0.0037 0.0079 0.0044 0.0056 0.0048 0.0061 0.0078 0.8522 0.0049 0.0067 0.0039 0.0083 0.0052 
      H535.8  1 0.0040 0.0248 0.0066 0.0070 0.0174 0.0067 0.0154 0.0144 0.0093 0.0067 0.0244 0.0051 0.0065 0.0152 0.0129 0.0226 0.0060 0.0042 0.0063 0.0528 0.7024 0.0068 0.0068 0.0052 0.0062 0.0045 
      H535.9  1 0.0067 0.0090 0.0157 0.0059 0.0198 0.0087 0.0328 0.0110 0.0053 0.0047 0.0295 0.0218 0.0072 0.0210 0.0118 0.0092 0.0052 0.0083 0.0075 0.0063 0.6651 0.0203 0.0307 0.0198 0.0073 0.0094 
      H539.1  1 0.0044 0.0036 0.0133 0.0033 0.0035 0.0040 0.0045 0.0032 0.0048 0.0030 0.0026 0.0035 0.0032 0.0043 0.0036 0.0027 0.0040 0.0037 0.0035 0.0031 0.0032 0.8983 0.0065 0.0048 0.0033 0.0024 
      H539.2  1 0.0066 0.0121 0.0063 0.0104 0.0066 0.0123 0.0052 0.0055 0.0100 0.0066 0.0085 0.0061 0.0061 0.0084 0.0462 0.0203 0.0091 0.0066 0.0172 0.0105 0.0065 0.6914 0.0100 0.0089 0.0465 0.0162 
      H539.3  1 0.0067 0.0122 0.0037 0.0041 0.0090 0.0085 0.0038 0.0086 0.0062 0.0048 0.0066 0.0037 0.0035 0.0065 0.0120 0.0062 0.0028 0.0045 0.0056 0.0112 0.0055 0.8233 0.0211 0.0071 0.0088 0.0041 
      H539.4  1 0.0133 0.0040 0.0241 0.0097 0.0030 0.0042 0.0063 0.0040 0.0064 0.0037 0.0056 0.0045 0.0088 0.0039 0.0164 0.0046 0.0066 0.0071 0.0098 0.0051 0.0036 0.8203 0.0041 0.0057 0.0084 0.0070 
      H539.5  1 0.0046 0.0037 0.0058 0.0033 0.0030 0.0062 0.0049 0.0038 0.0059 0.0041 0.0025 0.0037 0.0028 0.0034 0.0033 0.0031 0.0033 0.0034 0.0038 0.0031 0.0029 0.9011 0.0066 0.0061 0.0033 0.0023 
      H539.6  1 0.0043 0.0036 0.0059 0.0029 0.0045 0.0059 0.0052 0.0043 0.0063 0.0042 0.0035 0.0047 0.0040 0.0064 0.0043 0.0038 0.0040 0.0034 0.0079 0.0044 0.0034 0.8874 0.0055 0.0041 0.0034 0.0025 
      H539.7  1 0.0034 0.0037 0.0078 0.0048 0.0029 0.0066 0.0043 0.0043 0.0032 0.0028 0.0032 0.0041 0.0031 0.0090 0.0053 0.0031 0.0030 0.0048 0.0047 0.0047 0.0029 0.8918 0.0040 0.0048 0.0040 0.0037 
      H539.8  1 0.0133 0.0068 0.0058 0.0085 0.0056 0.0071 0.0058 0.0166 0.0047 0.0056 0.0156 0.0046 0.0039 0.0075 0.0156 0.0108 0.0045 0.0068 0.0056 0.0205 0.0085 0.7924 0.0073 0.0056 0.0060 0.0048 
      H539.9  1 0.0086 0.0055 0.0152 0.0062 0.0031 0.0042 0.0052 0.0031 0.0075 0.0043 0.0040 0.0028 0.0053 0.0032 0.0078 0.0036 0.0045 0.0060 0.0059 0.0037 0.0026 0.8660 0.0059 0.0054 0.0058 0.0045 
      H540.1  1 0.0080 0.0167 0.0080 0.0141 0.0091 0.0127 0.0378 0.0054 0.0053 0.0071 0.0031 0.0051 0.0118 0.0149 0.0070 0.0051 0.0037 0.0076 0.0066 0.0040 0.0041 0.7618 0.0081 0.0106 0.0150 0.0073 
      H540.2  1 0.0034 0.0054 0.0072 0.0065 0.0034 0.0105 0.0071 0.0068 0.0035 0.0055 0.0032 0.0047 0.0067 0.0071 0.0043 0.0024 0.0041 0.0036 0.0036 0.0038 0.0038 0.8684 0.0072 0.0078 0.0063 0.0037 
      H540.3  1 0.2015 0.0137 0.1416 0.0280 0.0092 0.0190 0.0144 0.0810 0.0043 0.0134 0.0072 0.0206 0.0102 0.0401 0.0194 0.0113 0.0147 0.0061 0.0049 0.0239 0.0084 0.2432 0.0056 0.0331 0.0148 0.0104 
      H540.4  1 0.0034 0.0107 0.0053 0.0089 0.0060 0.0061 0.0112 0.0076 0.0038 0.0075 0.0031 0.0095 0.0101 0.0131 0.0057 0.0049 0.0044 0.0062 0.0056 0.0042 0.0043 0.8322 0.0054 0.0063 0.0044 0.0102 
      H540.5  1 0.0201 0.0179 0.0217 0.0078 0.0040 0.0067 0.0090 0.0119 0.0076 0.0057 0.0037 0.0081 0.0108 0.0062 0.0109 0.0080 0.0061 0.0054 0.0049 0.0067 0.0045 0.7781 0.0064 0.0128 0.0084 0.0065 
      H540.6  1 0.0125 0.0425 0.0091 0.0090 0.0071 0.0134 0.0221 0.0096 0.0097 0.0151 0.0035 0.0110 0.0176 0.0080 0.0126 0.0261 0.0063 0.0080 0.0054 0.0068 0.0063 0.6870 0.0174 0.0128 0.0108 0.0103 
      H540.7  1 0.0040 0.0059 0.0083 0.0109 0.0040 0.0142 0.0072 0.0054 0.0076 0.0061 0.0050 0.0070 0.0071 0.0069 0.0054 0.0042 0.0085 0.0065 0.0059 0.0037 0.0093 0.8282 0.0040 0.0083 0.0107 0.0056 
      H540.8  1 0.0057 0.0069 0.0054 0.0090 0.0051 0.0222 0.0078 0.0064 0.0034 0.0043 0.0034 0.0051 0.0062 0.0119 0.0050 0.0028 0.0043 0.0046 0.0058 0.0047 0.0091 0.8179 0.0065 0.0120 0.0198 0.0047 
     H9558.1  1 0.0083 0.0054 0.0340 0.0026 0.0048 0.0055 0.0045 0.0085 0.0036 0.0036 0.0122 0.0038 0.0085 0.0090 0.0063 0.0042 0.0070 0.0032 0.0086 0.0061 0.0043 0.8165 0.0090 0.0073 0.0077 0.0055 
     H9558.2  1 0.0107 0.0072 0.0755 0.0051 0.0044 0.0070 0.0107 0.0064 0.0127 0.0065 0.0272 0.0044 0.0186 0.0080 0.0094 0.0065 0.0118 0.0050 0.0076 0.0097 0.0053 0.7093 0.0074 0.0088 0.0051 0.0096 
     H9558.3  1 0.0079 0.0044 0.0065 0.0063 0.0043 0.0068 0.0113 0.0083 0.0108 0.0089 0.0169 0.0035 0.0086 0.0111 0.0047 0.0046 0.0090 0.0050 0.0057 0.0058 0.0045 0.8175 0.0112 0.0060 0.0048 0.0057 
     H9558.4  1 0.0112 0.0049 0.0536 0.0043 0.0027 0.0058 0.0052 0.0044 0.0046 0.0031 0.0095 0.0034 0.0094 0.0047 0.0089 0.0043 0.0093 0.0031 0.0145 0.0048 0.0046 0.7897 0.0062 0.0056 0.0158 0.0063 
     H9558.5  1 0.0236 0.0047 0.0377 0.0132 0.0024 0.0034 0.0048 0.0057 0.0035 0.0043 0.0120 0.0036 0.0036 0.0036 0.0112 0.0048 0.0090 0.0064 0.0050 0.0050 0.0052 0.8026 0.0031 0.0052 0.0103 0.0061 
     H9558.6  1 0.0090 0.0261 0.0097 0.0437 0.0047 0.0090 0.0101 0.0126 0.0443 0.0053 0.0097 0.0045 0.0068 0.0182 0.0041 0.0042 0.0077 0.0064 0.0063 0.0059 0.0056 0.7142 0.0074 0.0146 0.0066 0.0033 
    kos339.1  1 0.0067 0.0266 0.0135 0.0104 0.0043 0.0249 0.0318 0.0053 0.0187 0.0122 0.0050 0.0042 0.0082 0.0097 0.0081 0.0041 0.0133 0.0103 0.0088 0.0057 0.6895 0.0051 0.0054 0.0154 0.0297 0.0231 
    kos339.2  1 0.0073 0.0083 0.0056 0.0089 0.0122 0.0064 0.0071 0.0066 0.0116 0.0398 0.0106 0.0092 0.0079 0.0045 0.0059 0.0069 0.0107 0.0116 0.0059 0.0045 0.7812 0.0047 0.0032 0.0056 0.0049 0.0090 
    kos339.3  1 0.0034 0.0027 0.0036 0.0062 0.0055 0.0079 0.0038 0.0032 0.0044 0.0043 0.0033 0.0029 0.0030 0.0046 0.0038 0.0024 0.0049 0.0026 0.0059 0.0035 0.8967 0.0047 0.0031 0.0040 0.0049 0.0045 
    kos339.4  1 0.0048 0.0037 0.0031 0.0049 0.0048 0.0070 0.0041 0.0036 0.0046 0.0040 0.0045 0.0045 0.0029 0.0048 0.0034 0.0044 0.0108 0.0040 0.0096 0.0054 0.8803 0.0049 0.0028 0.0041 0.0043 0.0048 
    kos339.5  1 0.0029 0.0103 0.0085 0.0071 0.0044 0.0367 0.0176 0.0056 0.0103 0.0087 0.0063 0.0049 0.0040 0.0099 0.0052 0.0052 0.0075 0.0096 0.0072 0.0044 0.7746 0.0062 0.0049 0.0086 0.0177 0.0115 
    kos339.6  1 0.0052 0.0058 0.0057 0.0080 0.0092 0.0060 0.0073 0.0058 0.0055 0.0187 0.0052 0.0073 0.0036 0.0053 0.0047 0.0041 0.0058 0.0061 0.0033 0.0040 0.8472 0.0040 0.0047 0.0060 0.0057 0.0057 
    kos339.7  1 0.0040 0.0035 0.0033 0.0058 0.0054 0.0051 0.0038 0.0034 0.0041 0.0042 0.0028 0.0031 0.0033 0.0049 0.0037 0.0027 0.0073 0.0028 0.0052 0.0029 0.8981 0.0037 0.0028 0.0043 0.0048 0.0052 
    kos339.8  1 0.0067 0.0047 0.0043 0.0095 0.0058 0.0110 0.0087 0.0053 0.0068 0.0106 0.0087 0.0051 0.0046 0.0045 0.0045 0.0084 0.0262 0.0084 0.0088 0.0069 0.8100 0.0027 0.0028 0.0033 0.0071 0.0148 
    kos339.9  1 0.0051 0.0150 0.0055 0.0052 0.0098 0.0129 0.0112 0.0063 0.0116 0.0197 0.0092 0.0074 0.0072 0.0085 0.0050 0.0057 0.0062 0.0186 0.0142 0.0051 0.7342 0.0221 0.0052 0.0255 0.0175 0.0061 
      H008.1  2 0.0046 0.0063 0.0141 0.0086 0.0058 0.0086 0.0061 0.0099 0.6759 0.0122 0.0198 0.0069 0.0076 0.0121 0.0160 0.0092 0.0074 0.0313 0.0159 0.0078 0.0068 0.0712 0.0042 0.0066 0.0151 0.0099 
      H008.2  2 0.0211 0.0190 0.0204 0.0169 0.0076 0.0090 0.0101 0.0110 0.0319 0.0131 0.3992 0.0045 0.0487 0.0124 0.0403 0.0278 0.0108 0.0164 0.0058 0.0131 0.0155 0.1509 0.0145 0.0144 0.0582 0.0074 
      H008.3  2 0.0195 0.0153 0.0095 0.0158 0.0151 0.0102 0.0142 0.0338 0.0309 0.0303 0.2314 0.0071 0.0245 0.1151 0.0230 0.0792 0.0080 0.0179 0.0168 0.0691 0.0101 0.0581 0.0296 0.0140 0.0628 0.0386 
      H008.4  2 0.0321 0.0260 0.0138 0.0116 0.0086 0.0215 0.0083 0.0214 0.4317 0.0459 0.0520 0.0060 0.0107 0.0131 0.0329 0.0104 0.0256 0.0227 0.0080 0.0385 0.0100 0.0697 0.0091 0.0482 0.0162 0.0061 
      H008.5  2 0.0146 0.0372 0.0059 0.0107 0.0067 0.0142 0.0090 0.0238 0.5175 0.0398 0.0738 0.0069 0.0071 0.0137 0.0293 0.0137 0.0067 0.0159 0.0136 0.0640 0.0108 0.0206 0.0121 0.0079 0.0152 0.0094 
      H008.6  2 0.0283 0.0213 0.0245 0.0149 0.0090 0.0140 0.0102 0.0169 0.0653 0.0333 0.3764 0.0042 0.0235 0.0130 0.0262 0.0058 0.0200 0.0195 0.0051 0.0354 0.0082 0.0936 0.0185 0.0377 0.0679 0.0072 
      H008.7  2 0.0599 0.0257 0.0205 0.0083 0.0073 0.0135 0.0113 0.0153 0.2032 0.0220 0.1974 0.0081 0.0217 0.0234 0.0446 0.0510 0.0190 0.0137 0.0098 0.0666 0.0167 0.0447 0.0100 0.0377 0.0364 0.0126 
      H008.8  2 0.0078 0.0172 0.0639 0.0058 0.0100 0.0110 0.0128 0.0094 0.0733 0.0082 0.0139 0.0069 0.2935 0.0114 0.0567 0.0236 0.0101 0.0247 0.0150 0.0081 0.0072 0.2463 0.0227 0.0200 0.0142 0.0059 
      H008.9  2 0.0815 0.0169 0.0146 0.0103 0.0161 0.0140 0.0104 0.0241 0.0153 0.0154 0.3476 0.0068 0.0855 0.0449 0.0281 0.0090 0.0076 0.0133 0.0084 0.0240 0.0064 0.0598 0.0185 0.0935 0.0214 0.0065 
 H029.1_2002  2 0.0238 0.0139 0.0327 0.0081 0.0044 0.0333 0.0105 0.0098 0.5713 0.0045 0.0059 0.0049 0.0134 0.0094 0.0157 0.0103 0.0436 0.0130 0.0046 0.1063 0.0036 0.0254 0.0052 0.0116 0.0078 0.0069 
 H029.1_2003  2 0.0118 0.0091 0.0080 0.0098 0.0067 0.0054 0.0241 0.0424 0.0111 0.0078 0.0091 0.0038 0.0313 0.0140 0.0433 0.0053 0.0079 0.0082 0.0068 0.6756 0.0063 0.0091 0.0074 0.0096 0.0113 0.0148 
 H029.2_2002  2 0.0288 0.0171 0.0038 0.0062 0.0279 0.0176 0.0256 0.0617 0.5180 0.0072 0.0151 0.0048 0.0062 0.0043 0.0303 0.0215 0.0060 0.0048 0.0061 0.0313 0.0656 0.0069 0.0096 0.0172 0.0241 0.0322 
 H029.2_2003  2 0.0293 0.0261 0.0067 0.0199 0.0145 0.0092 0.0463 0.0298 0.0640 0.0065 0.0192 0.0035 0.0087 0.0074 0.1295 0.0067 0.0043 0.0063 0.0084 0.3511 0.0379 0.0058 0.0140 0.0266 0.0876 0.0307 
 H029.3_2002  2 0.1483 0.0267 0.0092 0.0179 0.0321 0.0092 0.0335 0.0547 0.2137 0.0113 0.0088 0.0051 0.0293 0.0044 0.1004 0.0242 0.0097 0.0040 0.0092 0.0339 0.0636 0.0063 0.0133 0.0130 0.0141 0.1041 
