      H105.1  1 0.0085 0.0324 0.0065 0.0059 0.0104 0.0124 0.0070 0.7267 0.0261 0.0042 0.0155 0.0151 0.0045 0.0189 0.0155 0.0124 0.0065 0.0453 0.0203 0.0060 
      H105.2  1 0.0066 0.0082 0.0120 0.0063 0.0216 0.0172 0.0146 0.2895 0.0298 0.0116 0.0107 0.0323 0.0132 0.0096 0.4115 0.0124 0.0254 0.0433 0.0098 0.0145 
      H105.3  1 0.0069 0.0046 0.0087 0.0040 0.0171 0.0101 0.0065 0.8126 0.0065 0.0136 0.0124 0.0090 0.0073 0.0192 0.0081 0.0074 0.0067 0.0141 0.0173 0.0079 
      H105.4  1 0.0121 0.0072 0.0174 0.0135 0.0081 0.0137 0.0067 0.3690 0.0332 0.0763 0.0219 0.0124 0.0110 0.0192 0.1962 0.0126 0.0148 0.1176 0.0190 0.0181 
      H105.5  1 0.0425 0.0364 0.0408 0.0120 0.0416 0.1046 0.0089 0.0731 0.0513 0.0399 0.0481 0.0209 0.0103 0.0466 0.1735 0.0088 0.0214 0.1467 0.0566 0.0160 
      H105.6  1 0.0147 0.0040 0.0136 0.0043 0.0066 0.0057 0.0038 0.8063 0.0055 0.0188 0.0076 0.0049 0.0083 0.0154 0.0123 0.0074 0.0091 0.0301 0.0135 0.0079 
      H105.7  1 0.0079 0.0108 0.0117 0.0079 0.0058 0.0091 0.0048 0.7614 0.0041 0.0063 0.0105 0.0049 0.0054 0.0065 0.0255 0.0322 0.0046 0.0503 0.0147 0.0157 
      H105.8  1 0.0061 0.0056 0.0053 0.0034 0.0109 0.0040 0.0084 0.8075 0.0206 0.0065 0.0064 0.0096 0.0122 0.0081 0.0103 0.0239 0.0094 0.0231 0.0098 0.0088 
      H115.1  1 0.7849 0.0170 0.0119 0.0048 0.0166 0.0065 0.0107 0.0092 0.0096 0.0102 0.0080 0.0066 0.0090 0.0164 0.0103 0.0214 0.0086 0.0095 0.0166 0.0123 
      H115.2  1 0.8539 0.0081 0.0066 0.0060 0.0092 0.0091 0.0102 0.0076 0.0063 0.0089 0.0052 0.0059 0.0105 0.0086 0.0078 0.0063 0.0096 0.0059 0.0066 0.0077 
      H115.3  1 0.7725 0.0136 0.0030 0.0073 0.0050 0.0293 0.0061 0.0093 0.0084 0.0343 0.0088 0.0105 0.0093 0.0154 0.0190 0.0063 0.0141 0.0085 0.0118 0.0075 
      H115.4  1 0.2578 0.0619 0.0050 0.0087 0.1255 0.2270 0.0070 0.0099 0.0338 0.0090 0.0154 0.0293 0.0332 0.0922 0.0146 0.0109 0.0109 0.0195 0.0177 0.0106 
      H115.5  1 0.5179 0.0290 0.0217 0.0203 0.0162 0.0157 0.0524 0.0240 0.0149 0.0491 0.0173 0.0499 0.0078 0.0514 0.0169 0.0296 0.0087 0.0159 0.0280 0.0134 
      H115.6  1 0.5228 0.0238 0.0052 0.0082 0.0102 0.1337 0.0160 0.0090 0.0081 0.0311 0.0111 0.0182 0.0095 0.0145 0.0604 0.0128 0.0646 0.0065 0.0214 0.0129 
      H115.7  1 0.4619 0.0189 0.0116 0.0104 0.0109 0.1098 0.0042 0.0078 0.0076 0.0168 0.0085 0.0257 0.0114 0.0139 0.2201 0.0055 0.0141 0.0071 0.0154 0.0185 
      H115.8  1 0.6871 0.0146 0.0059 0.0081 0.0112 0.0265 0.0472 0.0134 0.0137 0.0140 0.0072 0.0215 0.0069 0.0123 0.0117 0.0374 0.0116 0.0113 0.0262 0.0123 
      H115.9  1 0.8236 0.0124 0.0097 0.0045 0.0124 0.0043 0.0062 0.0048 0.0056 0.0172 0.0081 0.0039 0.0050 0.0099 0.0039 0.0236 0.0050 0.0197 0.0104 0.0097 
      H145.1  1 0.0108 0.0060 0.0058 0.8290 0.0059 0.0055 0.0286 0.0050 0.0096 0.0136 0.0092 0.0032 0.0051 0.0071 0.0050 0.0093 0.0195 0.0107 0.0067 0.0044 
      H145.2  1 0.0084 0.0058 0.0069 0.6724 0.0057 0.0079 0.0388 0.0085 0.0220 0.1023 0.0100 0.0037 0.0095 0.0231 0.0207 0.0095 0.0164 0.0168 0.0076 0.0038 
      H145.3  1 0.0052 0.0049 0.0052 0.7805 0.0038 0.0052 0.0646 0.0040 0.0087 0.0057 0.0063 0.0104 0.0036 0.0051 0.0077 0.0229 0.0287 0.0107 0.0090 0.0076 
      H145.4  1 0.0047 0.0053 0.0053 0.9074 0.0033 0.0036 0.0070 0.0041 0.0041 0.0043 0.0049 0.0038 0.0037 0.0059 0.0059 0.0048 0.0082 0.0069 0.0038 0.0030 
      H145.5  1 0.0042 0.0047 0.0058 0.7062 0.0038 0.0061 0.1560 0.0040 0.0083 0.0050 0.0062 0.0079 0.0043 0.0062 0.0053 0.0074 0.0384 0.0073 0.0080 0.0051 
      H145.6  1 0.0039 0.0073 0.0049 0.8122 0.0038 0.0049 0.0116 0.0059 0.0071 0.0565 0.0033 0.0089 0.0045 0.0063 0.0276 0.0054 0.0066 0.0066 0.0081 0.0045 
      H145.7  1 0.0040 0.0078 0.0042 0.8898 0.0030 0.0048 0.0040 0.0034 0.0090 0.0058 0.0038 0.0117 0.0044 0.0075 0.0079 0.0071 0.0076 0.0074 0.0032 0.0035 
      H149.1  1 0.0052 0.0046 0.0066 0.0084 0.0042 0.0072 0.0075 0.0052 0.0043 0.0054 0.0039 0.0034 0.0049 0.8904 0.0051 0.0057 0.0072 0.0046 0.0115 0.0048 
      H149.2  1 0.0045 0.0135 0.0059 0.0309 0.0059 0.0184 0.0044 0.0043 0.0043 0.0065 0.0089 0.0039 0.0039 0.8097 0.0406 0.0043 0.0099 0.0079 0.0070 0.0052 
      H149.3  1 0.0119 0.0156 0.0149 0.0525 0.0062 0.0275 0.0064 0.0098 0.0058 0.0132 0.0150 0.0083 0.0078 0.7146 0.0391 0.0075 0.0144 0.0063 0.0114 0.0117 
      H149.4  1 0.0059 0.0069 0.0074 0.0076 0.0036 0.0059 0.0072 0.0176 0.0097 0.0095 0.0079 0.0039 0.0073 0.8330 0.0160 0.0071 0.0101 0.0088 0.0115 0.0131 
      H149.5  1 0.0034 0.0497 0.0079 0.0450 0.0068 0.0130 0.0040 0.0074 0.0050 0.0054 0.0096 0.0050 0.0055 0.6385 0.1531 0.0058 0.0084 0.0077 0.0062 0.0128 
      H149.6  1 0.0036 0.0147 0.0078 0.0308 0.0064 0.0145 0.0046 0.0062 0.0045 0.0056 0.0071 0.0037 0.0051 0.7845 0.0654 0.0037 0.0087 0.0077 0.0051 0.0100 
      H149.7  1 0.0061 0.0291 0.0791 0.0401 0.0096 0.0180 0.0111 0.0185 0.0132 0.0177 0.0139 0.0081 0.0178 0.5243 0.0609 0.0126 0.0162 0.0072 0.0119 0.0844 
      H150.1  1 0.8769 0.0047 0.0046 0.0055 0.0041 0.0162 0.0086 0.0063 0.0084 0.0104 0.0056 0.0045 0.0040 0.0027 0.0113 0.0059 0.0058 0.0045 0.0058 0.0041 
      H150.2  1 0.8340 0.0117 0.0056 0.0051 0.0092 0.0209 0.0101 0.0093 0.0062 0.0050 0.0075 0.0066 0.0050 0.0076 0.0264 0.0044 0.0082 0.0033 0.0091 0.0048 
      H150.3  1 0.8237 0.0057 0.0112 0.0084 0.0071 0.0144 0.0087 0.0101 0.0083 0.0059 0.0071 0.0123 0.0063 0.0047 0.0188 0.0068 0.0084 0.0076 0.0169 0.0075 
      H150.4  1 0.8806 0.0057 0.0053 0.0084 0.0065 0.0083 0.0084 0.0047 0.0052 0.0065 0.0045 0.0082 0.0032 0.0028 0.0092 0.0083 0.0055 0.0061 0.0075 0.0051 
      H150.5  1 0.7627 0.0179 0.0050 0.0078 0.0043 0.0321 0.0043 0.0150 0.0086 0.0153 0.0126 0.0096 0.0151 0.0064 0.0421 0.0059 0.0106 0.0064 0.0101 0.0083 
      H150.6  1 0.4280 0.0245 0.0044 0.0080 0.0076 0.1760 0.0112 0.0372 0.0114 0.0093 0.0098 0.0466 0.0256 0.0069 0.1580 0.0036 0.0133 0.0044 0.0073 0.0067 
      H150.7  1 0.8792 0.0043 0.0052 0.0043 0.0048 0.0072 0.0063 0.0062 0.0080 0.0170 0.0050 0.0041 0.0039 0.0035 0.0081 0.0061 0.0091 0.0063 0.0076 0.0039 
   H169607.1  1 0.0562 0.0211 0.0096 0.1114 0.1193 0.0108 0.0255 0.0085 0.1943 0.0268 0.1566 0.0280 0.0131 0.0105 0.0767 0.0210 0.0517 0.0158 0.0071 0.0361 
   H169607.2  1 0.0719 0.0117 0.0062 0.1026 0.0254 0.0083 0.0039 0.0095 0.1060 0.0263 0.0656 0.0094 0.0619 0.0117 0.0791 0.0566 0.0864 0.2199 0.0275 0.0100 
   H169607.3  1 0.0169 0.0888 0.0085 0.1486 0.0144 0.0063 0.0170 0.0076 0.0942 0.0288 0.1309 0.0262 0.0103 0.0168 0.1718 0.0574 0.0308 0.0689 0.0092 0.0466 
   H169607.4  1 0.0115 0.0074 0.0060 0.1360 0.0135 0.0059 0.0061 0.0105 0.0238 0.0320 0.0749 0.0058 0.0130 0.0052 0.0485 0.0081 0.4586 0.1126 0.0105 0.0103 
   H169607.5  1 0.0783 0.0715 0.0058 0.0761 0.0096 0.0122 0.0088 0.0057 0.0337 0.0463 0.1088 0.0074 0.0638 0.0143 0.2479 0.0491 0.0197 0.1218 0.0098 0.0095 
   H169607.6  1 0.0244 0.0080 0.0052 0.0362 0.0177 0.0077 0.0039 0.0084 0.1285 0.0134 0.0497 0.0090 0.0445 0.0110 0.0756 0.0228 0.0544 0.4623 0.0070 0.0104 
   H169607.7  1 0.0681 0.0070 0.0039 0.0242 0.0295 0.0158 0.0066 0.0151 0.4335 0.0153 0.0548 0.0119 0.0635 0.0147 0.0474 0.0718 0.0137 0.0843 0.0118 0.0071 
   H169607.8  1 0.0114 0.0094 0.0076 0.0405 0.0104 0.0047 0.0038 0.0046 0.0442 0.0189 0.1337 0.0073 0.0207 0.0059 0.0309 0.0234 0.2320 0.3704 0.0088 0.0115 
   H169633.1  1 0.0132 0.0097 0.0137 0.0665 0.0129 0.0227 0.0237 0.0245 0.0091 0.0134 0.0055 0.0238 0.0074 0.6348 0.0049 0.0093 0.0078 0.0069 0.0676 0.0223 
   H169633.2  1 0.0045 0.0052 0.0066 0.0195 0.0259 0.0169 0.0142 0.0118 0.0080 0.0043 0.0041 0.0134 0.0134 0.7192 0.0176 0.0227 0.0055 0.0036 0.0187 0.0650 
   H169633.3  1 0.0084 0.0098 0.0304 0.0193 0.0098 0.0563 0.0062 0.0206 0.0064 0.0048 0.0066 0.0080 0.0075 0.7313 0.0040 0.0163 0.0074 0.0054 0.0313 0.0101 
   H169633.4  1 0.0157 0.0264 0.0111 0.0210 0.0071 0.0177 0.0254 0.0185 0.0077 0.0239 0.0064 0.0113 0.0065 0.7414 0.0068 0.0087 0.0199 0.0080 0.0117 0.0049 
   H169633.5  1 0.0158 0.0275 0.0094 0.0192 0.0081 0.0203 0.0304 0.0155 0.0065 0.0321 0.0052 0.0114 0.0054 0.7366 0.0063 0.0104 0.0129 0.0092 0.0128 0.0051 
   H169688.1  1 0.0166 0.0059 0.0219 0.0990 0.0076 0.0044 0.0044 0.0035 0.0101 0.0046 0.0094 0.0320 0.0098 0.0214 0.0268 0.0081 0.0268 0.0462 0.0089 0.6326 
   H169688.2  1 0.0201 0.0045 0.0072 0.0175 0.0049 0.0042 0.0169 0.0079 0.0215 0.0032 0.0086 0.0168 0.0281 0.0062 0.0090 0.0074 0.0057 0.0076 0.0197 0.7830 
   H169688.3  1 0.0616 0.0138 0.0152 0.0888 0.0107 0.0054 0.0065 0.0097 0.0994 0.0060 0.0064 0.0225 0.0246 0.0119 0.0319 0.0054 0.0107 0.0093 0.0311 0.5291 
   H169688.4  1 0.5962 0.0070 0.0067 0.0252 0.0059 0.0048 0.0171 0.0091 0.0246 0.0059 0.0064 0.0236 0.0178 0.0071 0.0078 0.0074 0.0144 0.0085 0.0172 0.1874 
   H169688.5  1 0.5745 0.0072 0.0067 0.0274 0.0049 0.0048 0.0116 0.0093 0.0389 0.0091 0.0060 0.0235 0.0205 0.0076 0.0072 0.0060 0.0119 0.0088 0.0310 0.1831 
   H169688.6  1 0.0554 0.0053 0.0077 0.0785 0.0054 0.0033 0.0704 0.0234 0.0172 0.0111 0.0077 0.0155 0.0799 0.0470 0.0263 0.0059 0.0083 0.0166 0.0126 0.5026 
   H169688.7  1 0.0592 0.0105 0.0099 0.2249 0.0070 0.0103 0.0106 0.0071 0.2617 0.0078 0.0061 0.0171 0.0385 0.0086 0.0109 0.0077 0.0134 0.0078 0.0510 0.2297 
   H171901.1  1 0.0096 0.0131 0.0111 0.0114 0.0102 0.0121 0.0470 0.0046 0.0349 0.0154 0.0059 0.0069 0.0063 0.0053 0.7593 0.0106 0.0065 0.0079 0.0139 0.0081 
   H171901.2  1 0.0361 0.0106 0.0096 0.0296 0.0068 0.0408 0.0095 0.0164 0.0286 0.0162 0.0101 0.0083 0.0153 0.4798 0.0191 0.0141 0.1131 0.0270 0.1019 0.0070 
   H171901.3  1 0.0246 0.0210 0.0092 0.0138 0.0079 0.0128 0.0075 0.0088 0.0276 0.0294 0.0062 0.0159 0.0209 0.5044 0.0494 0.0105 0.0563 0.0076 0.0923 0.0740 
   H171901.4  1 0.0214 0.0096 0.0063 0.0106 0.0121 0.0147 0.0093 0.0309 0.0316 0.0167 0.0159 0.0127 0.0262 0.6233 0.0220 0.0125 0.0323 0.0135 0.0618 0.0166 
   H171901.5  1 0.0158 0.0131 0.0097 0.0233 0.0153 0.0111 0.0065 0.0166 0.0242 0.0234 0.0249 0.0047 0.0861 0.3393 0.0336 0.0076 0.2803 0.0084 0.0284 0.0276 
   H171901.6  1 0.0423 0.0126 0.0129 0.0774 0.0244 0.0134 0.0076 0.0423 0.0278 0.0313 0.0457 0.0054 0.0536 0.2337 0.0191 0.0123 0.2458 0.0141 0.0348 0.0437 
   H171901.7  1 0.0414 0.0207 0.0125 0.0473 0.0071 0.0229 0.0089 0.0113 0.0243 0.0162 0.0068 0.0071 0.1451 0.4729 0.0180 0.0208 0.0299 0.0087 0.0292 0.0489 
   H171902.1  1 0.0133 0.0034 0.0078 0.0103 0.0191 0.0059 0.0273 0.0049 0.0084 0.0079 0.0101 0.0074 0.0170 0.0106 0.0060 0.0110 0.8064 0.0076 0.0068 0.0089 
  H171902.10  1 0.0085 0.0032 0.0045 0.0056 0.0043 0.0060 0.0058 0.0032 0.0065 0.0045 0.0049 0.0048 0.0158 0.0093 0.0064 0.0041 0.8866 0.0069 0.0038 0.0053 
   H171902.2  1 0.0256 0.0075 0.0177 0.0118 0.0229 0.0086 0.0333 0.0172 0.0223 0.0073 0.0239 0.0601 0.0209 0.0253 0.0170 0.0606 0.5076 0.0067 0.0173 0.0864 
   H171902.3  1 0.0285 0.0052 0.0080 0.0110 0.0124 0.0135 0.0080 0.0078 0.0548 0.0061 0.0124 0.0087 0.0330 0.0436 0.0162 0.0101 0.6884 0.0075 0.0129 0.0118 
   H171902.4  1 0.0062 0.0044 0.0077 0.0071 0.0053 0.0057 0.0122 0.0055 0.0040 0.0063 0.0046 0.0045 0.0045 0.0245 0.0099 0.0070 0.8549 0.0049 0.0155 0.0051 
   H171902.6  1 0.0093 0.0037 0.0059 0.0064 0.0053 0.0079 0.0065 0.0029 0.0060 0.0069 0.0061 0.0046 0.0062 0.0070 0.0061 0.0039 0.8909 0.0060 0.0035 0.0048 
   H171902.7  1 0.0080 0.0049 0.0044 0.0093 0.0074 0.0093 0.0130 0.0056 0.0059 0.0077 0.0114 0.0032 0.0077 0.0083 0.0415 0.0039 0.8269 0.0100 0.0073 0.0043 
   H171902.8  1 0.0150 0.0052 0.0074 0.0103 0.0067 0.0101 0.0103 0.0036 0.0130 0.0077 0.0103 0.0070 0.0223 0.0141 0.0113 0.0059 0.8194 0.0074 0.0049 0.0079 
   H171902.9  1 0.0441 0.0042 0.0101 0.0092 0.0062 0.0064 0.0231 0.0090 0.0055 0.0111 0.0076 0.0044 0.0070 0.0052 0.0113 0.0090 0.7977 0.0084 0.0146 0.0058 
   H171903.1  1 0.0880 0.0129 0.0063 0.0235 0.0223 0.0123 0.0041 0.0106 0.0162 0.0084 0.0291 0.0047 0.0288 0.0148 0.0194 0.0193 0.0073 0.6519 0.0123 0.0078 
   H171903.2  1 0.0352 0.0294 0.0081 0.0116 0.0179 0.0080 0.0130 0.0314 0.0524 0.0132 0.0224 0.0075 0.0361 0.0099 0.0109 0.0427 0.0112 0.6114 0.0192 0.0085 
   H171903.3  1 0.0392 0.1487 0.0255 0.0178 0.0618 0.0301 0.0137 0.0203 0.0293 0.0136 0.0472 0.0053 0.0767 0.0490 0.0634 0.0402 0.0388 0.2264 0.0252 0.0279 
   H171903.4  1 0.0243 0.0111 0.0115 0.1199 0.0064 0.0141 0.0078 0.0098 0.0139 0.0316 0.0186 0.0133 0.0109 0.0071 0.5231 0.0072 0.0464 0.0358 0.0121 0.0751 
   H171903.5  1 0.0789 0.1913 0.0152 0.0168 0.0555 0.0145 0.0106 0.0195 0.2639 0.0087 0.0312 0.0084 0.0418 0.0363 0.0261 0.0317 0.0115 0.0778 0.0307 0.0295 
   H171903.6  1 0.1388 0.0856 0.0121 0.0419 0.0073 0.0110 0.0042 0.0091 0.0930 0.0288 0.1364 0.0138 0.0648 0.0561 0.0860 0.0221 0.0293 0.0940 0.0208 0.0449 
      H177.1  1 0.0356 0.0094 0.0161 0.0196 0.0048 0.0105 0.0123 0.0060 0.0101 0.0188 0.0218 0.0057 0.1456 0.2070 0.0752 0.0077 0.1712 0.0304 0.0149 0.1773 
      H177.2  1 0.0108 0.0338 0.0144 0.0554 0.0132 0.0208 0.0159 0.0072 0.0845 0.0388 0.2233 0.0268 0.1021 0.1409 0.0058 0.0560 0.0983 0.0162 0.0184 0.0174 
      H177.3  1 0.0181 0.0165 0.0201 0.0370 0.0064 0.0322 0.0156 0.0052 0.0391 0.1054 0.0415 0.0043 0.1467 0.2745 0.0089 0.0101 0.1684 0.0161 0.0216 0.0123 
      H177.4  1 0.0050 0.0096 0.0085 0.0479 0.0056 0.0103 0.0092 0.0154 0.0067 0.0136 0.0332 0.0041 0.0700 0.4988 0.0256 0.0068 0.0389 0.0302 0.0120 0.1485 
      H177.5  1 0.0178 0.0288 0.0131 0.0125 0.0046 0.0237 0.0090 0.0325 0.0094 0.0110 0.0443 0.0115 0.0605 0.0155 0.0149 0.0214 0.0337 0.0250 0.0205 0.5902 
      H177.6  1 0.0211 0.0137 0.0323 0.0242 0.0067 0.0167 0.0218 0.0049 0.0289 0.1412 0.0189 0.0034 0.0782 0.3710 0.0093 0.0083 0.1612 0.0082 0.0198 0.0102 
      H179.1  1 0.0128 0.0238 0.0512 0.0060 0.0842 0.0052 0.0082 0.0189 0.0549 0.0743 0.0363 0.0127 0.0832 0.0641 0.0115 0.0136 0.0066 0.0055 0.0224 0.4048 
      H179.2  1 0.0285 0.0251 0.0390 0.0054 0.1459 0.0157 0.0057 0.0150 0.0954 0.0188 0.0517 0.0087 0.1671 0.1742 0.0139 0.0262 0.0156 0.0107 0.0070 0.1305 
      H179.3  1 0.0266 0.0477 0.0133 0.0053 0.0368 0.0049 0.0070 0.0124 0.1003 0.0261 0.0096 0.0151 0.0529 0.0238 0.0134 0.0224 0.0068 0.0199 0.0160 0.5397 
      H179.4  1 0.0066 0.0133 0.0215 0.0176 0.0173 0.0069 0.0042 0.0093 0.0409 0.0107 0.0200 0.0187 0.0418 0.6284 0.0095 0.0188 0.0093 0.0085 0.0096 0.0870 
      H180.1  1 0.5473 0.0314 0.0065 0.0044 0.0368 0.0572 0.0201 0.0377 0.0345 0.0077 0.0106 0.0334 0.0426 0.0183 0.0215 0.0070 0.0411 0.0116 0.0182 0.0121 
      H180.2  1 0.6338 0.0082 0.0109 0.0044 0.0068 0.0198 0.0120 0.0892 0.0088 0.0120 0.0116 0.0226 0.0219 0.0142 0.0646 0.0058 0.0188 0.0086 0.0153 0.0106 
      H180.3  1 0.7428 0.0202 0.0312 0.0090 0.0590 0.0065 0.0153 0.0133 0.0125 0.0099 0.0088 0.0053 0.0083 0.0094 0.0054 0.0150 0.0069 0.0082 0.0079 0.0051 
      H180.4  1 0.2411 0.0224 0.0142 0.0066 0.0060 0.1135 0.0195 0.2708 0.0276 0.0073 0.0098 0.0229 0.0804 0.0313 0.0477 0.0135 0.0202 0.0087 0.0226 0.0137 
      H180.5  1 0.3888 0.0123 0.0063 0.0065 0.0068 0.2144 0.0393 0.0219 0.0100 0.0074 0.0421 0.0293 0.0656 0.0254 0.0222 0.0353 0.0082 0.0187 0.0237 0.0161 
      H180.6  1 0.1828 0.0073 0.0127 0.0200 0.0094 0.0880 0.0386 0.0225 0.0284 0.0173 0.0122 0.0250 0.0194 0.0157 0.0190 0.4516 0.0063 0.0081 0.0085 0.0073 
      H181.1  1 0.0148 0.1283 0.0072 0.0111 0.0082 0.0208 0.0151 0.0109 0.0095 0.0092 0.0141 0.1597 0.0208 0.4244 0.0121 0.0062 0.0299 0.0785 0.0076 0.0116 
      H181.2  1 0.0206 0.0253 0.0146 0.0241 0.0123 0.0681 0.0189 0.0171 0.0063 0.0061 0.0144 0.1321 0.0468 0.4528 0.0130 0.0058 0.0564 0.0328 0.0098 0.0228 
      H181.3  1 0.0071 0.0088 0.0085 0.0195 0.0044 0.0230 0.0134 0.0070 0.0084 0.0100 0.0237 0.2994 0.0544 0.3707 0.0210 0.0064 0.0330 0.0261 0.0422 0.0126 
      H181.4  1 0.1128 0.1965 0.0243 0.0358 0.0076 0.0358 0.0047 0.0101 0.0211 0.0146 0.0826 0.0795 0.0319 0.2001 0.0193 0.0180 0.0410 0.0318 0.0131 0.0195 
      H181.5  1 0.0066 0.0152 0.0813 0.0080 0.0241 0.0250 0.0110 0.0143 0.0253 0.0109 0.0257 0.1550 0.0115 0.4645 0.0210 0.0136 0.0099 0.0091 0.0153 0.0528 
      H181.6  1 0.0331 0.0220 0.0296 0.0099 0.0721 0.0656 0.0070 0.0511 0.0454 0.0188 0.0290 0.0235 0.0405 0.3961 0.0247 0.0143 0.0403 0.0207 0.0139 0.0424 
      H181.7  1 0.0112 0.0350 0.0088 0.0121 0.0094 0.0071 0.0070 0.0107 0.0622 0.0123 0.0116 0.0602 0.0184 0.6301 0.0098 0.0334 0.0099 0.0146 0.0209 0.0153 
 H194.1_2004  1 0.0600 0.0080 0.0120 0.7157 0.0073 0.0303 0.0074 0.0075 0.0067 0.0133 0.0082 0.0054 0.0201 0.0115 0.0236 0.0110 0.0093 0.0171 0.0104 0.0154 
 H194.2_2004  1 0.0107 0.0070 0.0071 0.4781 0.0073 0.0154 0.0199 0.0045 0.0031 0.0067 0.0052 0.0047 0.0115 0.0062 0.3489 0.0067 0.0091 0.0195 0.0089 0.0194 
 H194.3_2004  1 0.0076 0.0073 0.1124 0.7002 0.0061 0.0060 0.0075 0.0077 0.0057 0.0084 0.0069 0.0037 0.0159 0.0341 0.0098 0.0081 0.0224 0.0100 0.0083 0.0120 
 H194.4_2004  1 0.0090 0.0046 0.0127 0.6630 0.0053 0.0086 0.0159 0.0040 0.0049 0.0070 0.0058 0.0045 0.0083 0.0295 0.1015 0.0071 0.0210 0.0358 0.0068 0.0444 
 H194.5_2004  1 0.0108 0.0119 0.0348 0.7218 0.0096 0.0108 0.0057 0.0142 0.0099 0.0113 0.0134 0.0057 0.0152 0.0365 0.0329 0.0132 0.0117 0.0103 0.0063 0.0139 
 H194.6_2004  1 0.0162 0.0129 0.3418 0.1374 0.0073 0.0132 0.0080 0.0070 0.0096 0.0089 0.0147 0.0058 0.0207 0.1283 0.0476 0.0129 0.0434 0.0214 0.0068 0.1361 
 H194.7_2004  1 0.0150 0.0154 0.0102 0.6571 0.0060 0.0077 0.0053 0.0089 0.0115 0.0047 0.0112 0.0065 0.0083 0.0062 0.0287 0.0621 0.0051 0.1094 0.0077 0.0129 
 H194.8_2004  1 0.0119 0.0087 0.0463 0.4571 0.0064 0.0147 0.0099 0.0090 0.0103 0.0110 0.0085 0.0104 0.0126 0.0798 0.1676 0.0184 0.0161 0.0191 0.0086 0.0735 
      H194.9  1 0.0254 0.0095 0.0125 0.7628 0.0055 0.0108 0.0081 0.0100 0.0059 0.0068 0.0072 0.0076 0.0083 0.0090 0.0139 0.0423 0.0076 0.0217 0.0088 0.0164 
 H195.1_2003  1 0.0051 0.0052 0.0060 0.8551 0.0068 0.0085 0.0036 0.0216 0.0094 0.0047 0.0072 0.0061 0.0069 0.0078 0.0101 0.0052 0.0066 0.0065 0.0067 0.0112 
 H195.1_2004  1 0.0051 0.0063 0.0058 0.8456 0.0032 0.0225 0.0083 0.0060 0.0048 0.0060 0.0038 0.0272 0.0084 0.0094 0.0048 0.0038 0.0099 0.0062 0.0083 0.0046 
 H195.2_2003  1 0.0075 0.0032 0.0048 0.8352 0.0077 0.0049 0.0048 0.0129 0.0077 0.0087 0.0125 0.0050 0.0071 0.0046 0.0044 0.0116 0.0117 0.0211 0.0161 0.0083 
 H195.2_2004  1 0.0039 0.0036 0.0040 0.9171 0.0032 0.0056 0.0066 0.0038 0.0046 0.0039 0.0038 0.0054 0.0029 0.0055 0.0038 0.0044 0.0045 0.0050 0.0040 0.0044 
 H195.3_2003  1 0.0287 0.0058 0.0115 0.7049 0.0050 0.0056 0.0059 0.0433 0.0076 0.0119 0.0259 0.0067 0.0144 0.0044 0.0178 0.0114 0.0103 0.0273 0.0320 0.0195 
 H195.3_2004  1 0.0039 0.0039 0.0052 0.9032 0.0029 0.0061 0.0052 0.0050 0.0034 0.0039 0.0039 0.0062 0.0049 0.0073 0.0047 0.0034 0.0077 0.0099 0.0052 0.0042 
 H195.4_2003  1 0.0040 0.0043 0.0076 0.8824 0.0057 0.0162 0.0027 0.0077 0.0066 0.0056 0.0051 0.0044 0.0044 0.0073 0.0060 0.0038 0.0076 0.0077 0.0054 0.0053 
 H195.4_2004  1 0.0033 0.0039 0.0054 0.9008 0.0031 0.0046 0.0046 0.0036 0.0036 0.0043 0.0044 0.0146 0.0042 0.0053 0.0031 0.0058 0.0049 0.0074 0.0055 0.0079 
 H195.5_2003  1 0.0066 0.0056 0.0065 0.7292 0.0054 0.0278 0.0041 0.0863 0.0109 0.0099 0.0090 0.0158 0.0115 0.0086 0.0133 0.0044 0.0156 0.0070 0.0095 0.0131 
 H195.5_2004  1 0.0053 0.0047 0.0052 0.8766 0.0036 0.0090 0.0074 0.0077 0.0035 0.0050 0.0045 0.0158 0.0075 0.0087 0.0041 0.0046 0.0072 0.0077 0.0073 0.0047 
 H195.6_2003  1 0.0099 0.0037 0.0038 0.8640 0.0045 0.0062 0.0036 0.0123 0.0050 0.0057 0.0089 0.0069 0.0069 0.0041 0.0049 0.0050 0.0092 0.0196 0.0108 0.0050 
 H195.6_2004  1 0.0032 0.0032 0.0070 0.9082 0.0035 0.0056 0.0055 0.0056 0.0059 0.0033 0.0052 0.0044 0.0047 0.0058 0.0037 0.0039 0.0061 0.0077 0.0037 0.0039 
 H195.7_2003  1 0.0035 0.0048 0.0052 0.8655 0.0048 0.0064 0.0028 0.0093 0.0061 0.0051 0.0097 0.0067 0.0050 0.0067 0.0078 0.0074 0.0058 0.0075 0.0069 0.0231 
 H195.7_2004  1 0.0073 0.0047 0.0040 0.8698 0.0028 0.0088 0.0238 0.0065 0.0050 0.0056 0.0039 0.0159 0.0064 0.0054 0.0036 0.0039 0.0057 0.0049 0.0080 0.0040 
      H195.8  1 0.0054 0.0050 0.0041 0.8533 0.0032 0.0103 0.0060 0.0066 0.0035 0.0094 0.0040 0.0445 0.0052 0.0049 0.0050 0.0052 0.0051 0.0073 0.0060 0.0062 
      H195.9  1 0.0034 0.0047 0.0075 0.8892 0.0025 0.0068 0.0042 0.0045 0.0047 0.0052 0.0056 0.0059 0.0053 0.0074 0.0049 0.0059 0.0080 0.0137 0.0045 0.0059 
      H415.1  1 0.1414 0.0110 0.0121 0.0305 0.4839 0.0191 0.0911 0.0091 0.0096 0.0101 0.0049 0.0060 0.0132 0.0290 0.0257 0.0222 0.0453 0.0072 0.0158 0.0129 
      H415.2  1 0.0750 0.0185 0.0779 0.0234 0.1380 0.0078 0.0164 0.0092 0.0090 0.0690 0.0155 0.0038 0.0501 0.0293 0.0089 0.0063 0.3788 0.0061 0.0357 0.0213 
      H415.3  1 0.0081 0.0133 0.0080 0.0135 0.6872 0.0272 0.0073 0.0073 0.0164 0.0072 0.0217 0.0030 0.0406 0.0683 0.0147 0.0059 0.0231 0.0034 0.0125 0.0111 
      H415.4  1 0.0839 0.0093 0.0080 0.0186 0.6872 0.0411 0.0162 0.0063 0.0063 0.0078 0.0059 0.0069 0.0048 0.0093 0.0153 0.0208 0.0338 0.0050 0.0072 0.0064 
      H415.5  1 0.0128 0.0155 0.0111 0.0177 0.6658 0.0473 0.0123 0.0074 0.0183 0.0053 0.0102 0.0047 0.0289 0.0725 0.0142 0.0046 0.0256 0.0038 0.0104 0.0118 
      H415.6  1 0.0778 0.0089 0.0133 0.0178 0.6833 0.0342 0.0217 0.0077 0.0080 0.0066 0.0081 0.0074 0.0064 0.0098 0.0184 0.0155 0.0359 0.0045 0.0063 0.0084 
      H415.7  1 0.0129 0.0103 0.0156 0.0471 0.3731 0.0098 0.0153 0.0105 0.0330 0.0188 0.0735 0.0048 0.0271 0.0645 0.0073 0.0084 0.2039 0.0044 0.0325 0.0273 
      H506.1  1 0.0042 0.0075 0.0093 0.0051 0.0191 0.0038 0.0116 0.0127 0.0123 0.0077 0.0137 0.0138 0.0070 0.8336 0.0055 0.0091 0.0042 0.0035 0.0087 0.0076 
      H506.2  1 0.0043 0.0068 0.0114 0.0090 0.0119 0.0059 0.0051 0.0094 0.0172 0.0099 0.0221 0.0063 0.0120 0.8295 0.0038 0.0054 0.0065 0.0059 0.0089 0.0087 
      H506.3  1 0.0062 0.0143 0.0373 0.0075 0.0275 0.0062 0.1185 0.0217 0.0145 0.0098 0.0685 0.0558 0.0922 0.4166 0.0082 0.0152 0.0089 0.0062 0.0247 0.0402 
      H506.4  1 0.0068 0.0152 0.0294 0.0053 0.0272 0.0048 0.0257 0.0261 0.0159 0.0173 0.0472 0.0145 0.0283 0.6721 0.0091 0.0122 0.0056 0.0069 0.0082 0.0221 
      H506.5  1 0.0043 0.0060 0.0097 0.0051 0.0264 0.0043 0.0096 0.0162 0.0084 0.0112 0.0363 0.0092 0.0069 0.7992 0.0046 0.0077 0.0076 0.0060 0.0132 0.0080 
      H506.6  1 0.0068 0.0421 0.0178 0.0169 0.0213 0.0066 0.0601 0.0157 0.0381 0.1986 0.0900 0.0249 0.0999 0.1229 0.0042 0.0108 0.0119 0.0164 0.1082 0.0868 
      H506.7  1 0.0035 0.0065 0.0128 0.0069 0.0212 0.0042 0.0096 0.0184 0.0091 0.0082 0.0207 0.0100 0.0106 0.8101 0.0048 0.0099 0.0060 0.0051 0.0142 0.0082 
      H533.1  1 0.0036 0.0087 0.0054 0.0034 0.0094 0.0038 0.0117 0.0052 0.1404 0.0045 0.0049 0.0081 0.0208 0.7451 0.0042 0.0049 0.0042 0.0034 0.0035 0.0049 
      H533.2  1 0.0030 0.0069 0.0058 0.0039 0.0104 0.0044 0.0160 0.0073 0.0737 0.0046 0.0052 0.0081 0.0190 0.8054 0.0042 0.0052 0.0048 0.0034 0.0036 0.0049 
      H533.3  1 0.0057 0.0307 0.0057 0.0031 0.0119 0.0043 0.0088 0.0060 0.0504 0.0172 0.0087 0.0057 0.0500 0.7523 0.0055 0.0082 0.0050 0.0069 0.0078 0.0061 
      H533.4  1 0.0055 0.0130 0.0053 0.0081 0.0130 0.0053 0.0086 0.0060 0.0510 0.0213 0.0071 0.0124 0.0301 0.7654 0.0126 0.0082 0.0063 0.0056 0.0079 0.0074 
      H535.1  1 0.0191 0.0110 0.0583 0.0107 0.0094 0.0136 0.0065 0.0084 0.0103 0.0117 0.0243 0.0048 0.0189 0.7055 0.0099 0.0072 0.0297 0.0206 0.0076 0.0126 
      H535.2  1 0.0041 0.0087 0.0060 0.0154 0.0042 0.0119 0.0038 0.0160 0.0064 0.0049 0.0149 0.0347 0.0078 0.7883 0.0100 0.0173 0.0078 0.0126 0.0072 0.0181 
      H535.3  1 0.0080 0.0096 0.0101 0.0217 0.0037 0.0101 0.0063 0.0365 0.0077 0.0194 0.0146 0.0706 0.0065 0.7120 0.0137 0.0109 0.0074 0.0143 0.0064 0.0105 
      H535.4  1 0.0041 0.0048 0.0064 0.0071 0.0072 0.0123 0.0032 0.0114 0.0031 0.0040 0.0041 0.0071 0.0053 0.8929 0.0060 0.0045 0.0048 0.0040 0.0032 0.0044 
      H535.5  1 0.0067 0.0066 0.0113 0.0065 0.0078 0.0033 0.0029 0.0061 0.0067 0.0042 0.0066 0.0037 0.0112 0.8829 0.0041 0.0044 0.0043 0.0076 0.0044 0.0087 
      H535.6  1 0.0289 0.0118 0.1180 0.0513 0.0056 0.0219 0.0058 0.0064 0.0096 0.0209 0.0292 0.0177 0.0132 0.4583 0.0561 0.0129 0.0270 0.0360 0.0086 0.0607 
      H535.7  1 0.0046 0.0058 0.0100 0.0048 0.0050 0.0032 0.0047 0.0109 0.0076 0.0055 0.0049 0.0037 0.0061 0.8869 0.0032 0.0061 0.0040 0.0071 0.0039 0.0120 
      H535.8  1 0.0079 0.0063 0.0150 0.0127 0.0060 0.0045 0.0055 0.0213 0.0100 0.0105 0.0078 0.0148 0.0070 0.7634 0.0206 0.0105 0.0066 0.0064 0.0058 0.0575 
      H535.9  1 0.0218 0.0059 0.0100 0.0114 0.0051 0.0188 0.0076 0.0230 0.0056 0.0301 0.0159 0.0089 0.0080 0.7668 0.0069 0.0064 0.0148 0.0210 0.0056 0.0064 
      H539.1  1 0.9054 0.0033 0.0036 0.0033 0.0039 0.0034 0.0069 0.0032 0.0036 0.0146 0.0048 0.0026 0.0034 0.0026 0.0038 0.0066 0.0078 0.0078 0.0063 0.0033 
      H539.2  1 0.6837 0.0132 0.0050 0.0061 0.0098 0.0074 0.0109 0.0084 0.0126 0.0050 0.0075 0.0242 0.1227 0.0074 0.0090 0.0127 0.0117 0.0142 0.0110 0.0176 
      H539.3  1 0.8205 0.0051 0.0116 0.0108 0.0033 0.0039 0.0078 0.0070 0.0050 0.0079 0.0056 0.0066 0.0082 0.0054 0.0159 0.0100 0.0085 0.0378 0.0065 0.0126 
      H539.4  1 0.8330 0.0120 0.0044 0.0042 0.0058 0.0041 0.0238 0.0087 0.0079 0.0108 0.0075 0.0055 0.0129 0.0038 0.0034 0.0063 0.0081 0.0052 0.0247 0.0078 
      H539.5  1 0.9125 0.0035 0.0050 0.0048 0.0031 0.0042 0.0051 0.0024 0.0035 0.0062 0.0057 0.0029 0.0032 0.0035 0.0062 0.0071 0.0061 0.0080 0.0038 0.0030 
      H539.6  1 0.9105 0.0034 0.0045 0.0042 0.0049 0.0048 0.0038 0.0031 0.0036 0.0067 0.0048 0.0043 0.0037 0.0029 0.0080 0.0085 0.0045 0.0064 0.0043 0.0032 
      H539.7  1 0.9137 0.0040 0.0051 0.0040 0.0037 0.0040 0.0030 0.0033 0.0042 0.0080 0.0047 0.0031 0.0040 0.0032 0.0056 0.0043 0.0060 0.0038 0.0070 0.0050 
      H539.8  1 0.8171 0.0090 0.0164 0.0073 0.0054 0.0047 0.0147 0.0131 0.0055 0.0057 0.0059 0.0099 0.0077 0.0084 0.0140 0.0078 0.0072 0.0089 0.0171 0.0143 
      H539.9  1 0.8825 0.0059 0.0035 0.0035 0.0040 0.0025 0.0114 0.0058 0.0054 0.0074 0.0069 0.0047 0.0081 0.0029 0.0037 0.0093 0.0053 0.0074 0.0131 0.0067 
      H540.1  1 0.8002 0.0156 0.0051 0.0097 0.0042 0.0058 0.0091 0.0041 0.0100 0.0207 0.0268 0.0069 0.0161 0.0072 0.0087 0.0056 0.0148 0.0128 0.0100 0.0063 
      H540.2  1 0.8929 0.0077 0.0068 0.0041 0.0055 0.0054 0.0038 0.0036 0.0061 0.0096 0.0092 0.0025 0.0051 0.0041 0.0061 0.0034 0.0072 0.0054 0.0068 0.0047 
      H540.3  1 0.1833 0.0281 0.0813 0.0107 0.0148 0.0184 0.3163 0.0079 0.0090 0.0843 0.0181 0.0097 0.0271 0.0068 0.0522 0.0048 0.0410 0.0062 0.0574 0.0227 
      H540.4  1 0.8683 0.0082 0.0079 0.0069 0.0065 0.0077 0.0042 0.0041 0.0106 0.0089 0.0132 0.0040 0.0076 0.0046 0.0090 0.0039 0.0064 0.0048 0.0055 0.0076 
      H540.5  1 0.7966 0.0124 0.0145 0.0052 0.0061 0.0074 0.0220 0.0039 0.0100 0.0130 0.0165 0.0074 0.0129 0.0065 0.0066 0.0066 0.0149 0.0091 0.0176 0.0108 
      H540.6  1 0.7265 0.0241 0.0105 0.0078 0.0070 0.0125 0.0117 0.0048 0.0155 0.0203 0.0277 0.0188 0.0157 0.0096 0.0089 0.0126 0.0181 0.0237 0.0121 0.0123 
      H540.7  1 0.8756 0.0098 0.0055 0.0048 0.0061 0.0079 0.0037 0.0052 0.0062 0.0078 0.0089 0.0050 0.0086 0.0085 0.0047 0.0072 0.0074 0.0058 0.0073 0.0041 
      H540.8  1 0.8515 0.0145 0.0109 0.0064 0.0041 0.0072 0.0055 0.0044 0.0067 0.0109 0.0095 0.0028 0.0131 0.0069 0.0117 0.0045 0.0101 0.0071 0.0064 0.0057 
     H9558.1  1 0.8457 0.0037 0.0092 0.0039 0.0061 0.0039 0.0078 0.0063 0.0123 0.0333 0.0053 0.0037 0.0075 0.0045 0.0080 0.0048 0.0125 0.0092 0.0052 0.0070 
     H9558.2  1 0.7623 0.0057 0.0075 0.0065 0.0129 0.0042 0.0115 0.0203 0.0149 0.0544 0.0091 0.0056 0.0089 0.0076 0.0084 0.0120 0.0113 0.0123 0.0123 0.0124 
     H9558.3  1 0.8348 0.0054 0.0089 0.0065 0.0113 0.0043 0.0129 0.0112 0.0058 0.0120 0.0093 0.0053 0.0045 0.0053 0.0121 0.0122 0.0080 0.0141 0.0112 0.0049 
     H9558.4  1 0.8668 0.0038 0.0047 0.0034 0.0083 0.0035 0.0109 0.0069 0.0137 0.0173 0.0073 0.0037 0.0122 0.0041 0.0044 0.0044 0.0070 0.0070 0.0054 0.0053 
     H9558.5  1 0.8554 0.0083 0.0053 0.0027 0.0095 0.0040 0.0197 0.0088 0.0043 0.0113 0.0056 0.0062 0.0142 0.0038 0.0044 0.0040 0.0064 0.0034 0.0153 0.0076 
     H9558.6  1 0.6771 0.0447 0.0194 0.0065 0.0091 0.0057 0.0130 0.0095 0.0074 0.0283 0.0125 0.0040 0.0065 0.0053 0.0213 0.0656 0.0331 0.0113 0.0092 0.0105 
    kos339.1  1 0.0053 0.0103 0.0049 0.0065 0.0119 0.0055 0.0058 0.0054 0.0060 0.0138 0.0214 0.0053 0.0198 0.8105 0.0062 0.0161 0.0099 0.0056 0.0209 0.0086 
    kos339.2  1 0.0060 0.0080 0.0065 0.0117 0.0097 0.0098 0.0108 0.0085 0.0101 0.0043 0.0067 0.0064 0.0042 0.8392 0.0062 0.0173 0.0074 0.0048 0.0171 0.0052 
    kos339.3  1 0.0053 0.0071 0.0034 0.0082 0.0070 0.0039 0.0038 0.0038 0.0051 0.0046 0.0063 0.0030 0.0052 0.9076 0.0050 0.0046 0.0042 0.0034 0.0053 0.0031 
    kos339.4  1 0.0052 0.0061 0.0047 0.0074 0.0103 0.0069 0.0053 0.0048 0.0059 0.0033 0.0045 0.0050 0.0051 0.8948 0.0063 0.0045 0.0051 0.0033 0.0072 0.0043 
    kos339.5  1 0.0077 0.0078 0.0053 0.0077 0.0057 0.0064 0.0036 0.0051 0.0061 0.0075 0.0137 0.0050 0.0094 0.8559 0.0055 0.0116 0.0074 0.0052 0.0186 0.0049 
    kos339.6  1 0.0039 0.0102 0.0070 0.0183 0.0090 0.0094 0.0091 0.0042 0.0038 0.0059 0.0067 0.0046 0.0053 0.8655 0.0055 0.0067 0.0085 0.0044 0.0085 0.0034 
    kos339.7  1 0.0039 0.0055 0.0032 0.0068 0.0070 0.0042 0.0043 0.0037 0.0042 0.0033 0.0048 0.0028 0.0059 0.9158 0.0048 0.0036 0.0039 0.0043 0.0046 0.0035 
    kos339.8  1 0.0043 0.0088 0.0054 0.0067 0.0139 0.0055 0.0069 0.0050 0.0064 0.0038 0.0066 0.0072 0.0062 0.8835 0.0041 0.0064 0.0052 0.0026 0.0055 0.0059 
    kos339.9  1 0.0375 0.0060 0.0066 0.0179 0.0069 0.0147 0.0054 0.0121 0.0133 0.0082 0.0100 0.0041 0.0097 0.7684 0.0120 0.0127 0.0201 0.0087 0.0220 0.0038 
      H008.1  2 0.0632 0.0092 0.0096 0.0069 0.0064 0.0096 0.0061 0.0282 0.0089 0.0133 0.0057 0.0126 0.0165 0.0110 0.0086 0.7348 0.0111 0.0070 0.0220 0.0090 
      H008.2  2 0.2173 0.0258 0.0116 0.0096 0.0117 0.0066 0.0650 0.2582 0.0261 0.0361 0.0145 0.0383 0.0850 0.0140 0.0133 0.0860 0.0167 0.0291 0.0222 0.0128 
      H008.3  2 0.1396 0.0266 0.0446 0.0141 0.0112 0.0108 0.0305 0.1226 0.0382 0.0230 0.0206 0.0855 0.0927 0.0410 0.1256 0.0757 0.0136 0.0573 0.0092 0.0175 
      H008.4  2 0.0692 0.0118 0.0204 0.0098 0.0426 0.0080 0.0410 0.0224 0.0094 0.0165 0.0076 0.0108 0.0100 0.0099 0.0189 0.6308 0.0245 0.0107 0.0123 0.0132 
      H008.5  2 0.0355 0.0144 0.0226 0.0086 0.0084 0.0069 0.0211 0.0315 0.0090 0.0096 0.0088 0.0121 0.0137 0.0124 0.0324 0.6917 0.0107 0.0197 0.0109 0.0200 
      H008.6  2 0.1105 0.0221 0.0178 0.0128 0.0195 0.0049 0.0914 0.2663 0.0139 0.0437 0.0129 0.0067 0.0448 0.0108 0.0205 0.1925 0.0486 0.0304 0.0126 0.0172 
      H008.7  2 0.0753 0.0080 0.0243 0.0126 0.0230 0.0130 0.0676 0.0904 0.0151 0.0368 0.0138 0.0693 0.0495 0.0181 0.0368 0.3425 0.0500 0.0123 0.0186 0.0229 
      H008.8  2 0.3969 0.0104 0.0133 0.0174 0.0081 0.0087 0.0098 0.0149 0.1979 0.0751 0.0083 0.0201 0.0107 0.0176 0.0066 0.1159 0.0197 0.0137 0.0274 0.0074 
      H008.9  2 0.0637 0.0157 0.0381 0.0327 0.0087 0.0090 0.1842 0.2300 0.0262 0.1471 0.0137 0.0129 0.0286 0.0099 0.0354 0.0213 0.0710 0.0302 0.0094 0.0122 
 H029.1_2002  2 0.0223 0.0078 0.0095 0.0065 0.0427 0.0048 0.0218 0.0069 0.0102 0.0291 0.0195 0.0082 0.0097 0.0038 0.0362 0.6804 0.0228 0.0055 0.0153 0.0372 
 H029.1_2003  2 0.0089 0.0190 0.1379 0.0114 0.0154 0.0059 0.0134 0.0125 0.0140 0.0185 0.0225 0.0075 0.0579 0.0119 0.0243 0.0442 0.0101 0.0103 0.0112 0.5433 
 H029.2_2002  2 0.0091 0.0072 0.0620 0.0353 0.0059 0.0057 0.0331 0.0117 0.0055 0.0051 0.0211 0.0129 0.0268 0.0722 0.0053 0.5618 0.0270 0.0112 0.0095 0.0717 
 H029.2_2003  2 0.0081 0.0173 0.0247 0.0151 0.0062 0.0043 0.0238 0.0216 0.0066 0.0074 0.0251 0.0063 0.1251 0.0612 0.0053 0.0875 0.0320 0.0097 0.0082 0.5045 
 H029.3_2002  2 0.0083 0.0206 0.0570 0.0360 0.0100 0.0043 0.1618 0.0064 0.0185 0.0077 0.0207 0.0220 0.0234 0.1760 0.0051 0.2129 0.0086 0.0150 0.0173 0.1684 
 H029.3_2003  2 0.0063 0.0182 0.0333 0.0076 0.0055 0.0061 0.0078 0.0382 0.0086 0.0053 0.0116 0.0063 0.0276 0.0195 0.0109 0.5474 0.0054 0.0050 0.0158 0.2135 
 H029.4_2002  2 0.0040 0.0062 0.0082 0.0146 0.0108 0.0059 0.0209 0.0071 0.0076 0.0055 0.0041 0.0112 0.0088 0.0056 0.0074 0.7872 0.0036 0.0038 0.0169 0.0607 
 H029.4_2003  2 0.0257 0.0111 0.0215 0.0097 0.0084 0.0052 0.0238 0.0213 0.0343 0.0157 0.0094 0.0097 0.0226 0.0097 0.1036 0.1415 0.0098 0.0110 0.1455 0.3605 
 H029.5_2002  2 0.0066 0.0066 0.0200 0.0070 0.0118 0.0064 0.0063 0.0087 0.0076 0.0104 0.0112 0.0113 0.0054 0.0056 0.0202 0.7903 0.0055 0.0044 0.0168 0.0381 
 H029.5_2003  2 0.0074 0.0064 0.0178 0.0121 0.0087 0.0041 0.0112 0.0252 0.0144 0.0122 0.0050 0.0052 0.0860 0.0058 0.0289 0.3128 0.0083 0.0048 0.0327 0.3910 
 H029.6_2002  2 0.0038 0.0071 0.0154 0.0256 0.0089 0.0063 0.0270 0.0037 0.0137 0.0048 0.0059 0.0124 0.0065 0.0070 0.0051 0.3073 0.0055 0.0050 0.0116 0.5172 
 H029.6_2003  2 0.0143 0.0204 0.0791 0.0239 0.0055 0.0089 0.0080 0.0296 0.0186 0.0136 0.0312 0.0088 0.0695 0.0612 0.0213 0.4333 0.0180 0.0070 0.0779 0.0499 
      H029.7  2 0.0067 0.0046 0.0193 0.0499 0.0068 0.0037 0.0268 0.0060 0.0036 0.0059 0.0141 0.0179 0.0124 0.0240 0.0066 0.6986 0.0131 0.0129 0.0110 0.0560 
      H030.1  2 0.0069 0.4438 0.0066 0.0133 0.0071 0.0358 0.0054 0.0659 0.0114 0.0113 0.1213 0.0171 0.0249 0.0106 0.0205 0.0252 0.0180 0.0100 0.0407 0.1042 
      H030.2  2 0.0262 0.2737 0.0044 0.0083 0.2056 0.0358 0.0515 0.0248 0.0107 0.0068 0.0136 0.1445 0.0053 0.0071 0.0445 0.0776 0.0131 0.0042 0.0314 0.0109 
      H038.1  2 0.0062 0.0061 0.0090 0.0092 0.0077 0.0039 0.0288 0.0049 0.0090 0.0127 0.0067 0.0060 0.0047 0.0042 0.0037 0.8377 0.0071 0.0084 0.0131 0.0108 
      H038.2  2 0.0045 0.0093 0.0071 0.0049 0.0113 0.0169 0.0045 0.0067 0.0044 0.0027 0.0108 0.0064 0.0055 0.0118 0.0055 0.8587 0.0122 0.0031 0.0070 0.0066 
      H038.3  2 0.0092 0.0167 0.0061 0.0073 0.0253 0.0127 0.0365 0.0144 0.0111 0.0085 0.0414 0.0086 0.0074 0.0157 0.0050 0.7197 0.0169 0.0049 0.0276 0.0050 
      H038.4  2 0.0062 0.0072 0.0098 0.0125 0.0126 0.0172 0.0248 0.0088 0.0100 0.0061 0.0197 0.0095 0.0046 0.0105 0.0048 0.7783 0.0133 0.0043 0.0342 0.0056 
      H038.5  2 0.0101 0.0160 0.0101 0.0097 0.0064 0.0081 0.0220 0.0096 0.0373 0.0076 0.0079 0.0127 0.0146 0.0108 0.0084 0.7451 0.0065 0.0033 0.0361 0.0179 
      H038.6  2 0.0104 0.0119 0.0066 0.0046 0.0070 0.0031 0.0122 0.0063 0.0061 0.0048 0.0100 0.0035 0.0092 0.0066 0.0054 0.8598 0.0059 0.0040 0.0084 0.0142 
      H038.7  2 0.0110 0.0078 0.0052 0.0044 0.0189 0.0057 0.0120 0.0072 0.0074 0.0046 0.0542 0.0032 0.0071 0.0094 0.0040 0.8039 0.0059 0.0038 0.0173 0.0069 
      H038.8  2 0.0080 0.0105 0.0060 0.0105 0.0172 0.0212 0.0956 0.0061 0.0086 0.0040 0.0175 0.0111 0.0056 0.0134 0.0051 0.7191 0.0144 0.0040 0.0160 0.0061 
      H041.1  2 0.0054 0.0054 0.0076 0.0269 0.0128 0.0155 0.0179 0.0497 0.0046 0.0096 0.0184 0.1010 0.0100 0.0092 0.0477 0.1470 0.0091 0.0129 0.4132 0.0761 
      H041.2  2 0.0090 0.0131 0.0467 0.0332 0.0765 0.0079 0.0330 0.0995 0.0071 0.0172 0.0226 0.0084 0.0079 0.0130 0.1316 0.1978 0.0189 0.0074 0.0359 0.2133 
      H041.4  2 0.0233 0.0107 0.0345 0.0345 0.0097 0.0122 0.0245 0.0462 0.0079 0.0345 0.0131 0.0170 0.0081 0.0083 0.0598 0.3180 0.0321 0.0181 0.1206 0.1669 
      H041.6  2 0.0540 0.0121 0.0196 0.0386 0.0277 0.0154 0.0137 0.0231 0.0087 0.0573 0.0210 0.0255 0.0058 0.0121 0.0978 0.3231 0.0319 0.0220 0.0929 0.0976 
 H042.1_2002  2 0.1085 0.0092 0.0125 0.0205 0.0166 0.0373 0.0082 0.0064 0.0176 0.0179 0.0106 0.0096 0.0075 0.0086 0.1886 0.0085 0.0406 0.0103 0.0347 0.4264 
 H042.1_2003  2 0.1059 0.0258 0.0292 0.0218 0.0290 0.0150 0.0766 0.2344 0.0198 0.0444 0.0672 0.0135 0.0269 0.0088 0.1000 0.0679 0.0676 0.0122 0.0213 0.0124 
 H042.2_2002  2 0.0107 0.0052 0.0405 0.0104 0.1124 0.0081 0.0208 0.0070 0.0062 0.0075 0.0062 0.0068 0.0268 0.0064 0.0064 0.0872 0.0100 0.0101 0.0507 0.5603 
 H042.2_2003  2 0.0814 0.0129 0.0520 0.0335 0.0294 0.0140 0.0051 0.0184 0.0109 0.0285 0.0206 0.0038 0.0111 0.0076 0.4015 0.1479 0.0205 0.0083 0.0480 0.0445 
 H042.3_2002  2 0.0452 0.0175 0.0207 0.0435 0.1388 0.0271 0.0284 0.0163 0.0204 0.0235 0.0097 0.0067 0.0305 0.0095 0.0629 0.0110 0.0123 0.0139 0.1169 0.3452 
 H042.3_2003  2 0.0924 0.0134 0.0126 0.0298 0.0840 0.0262 0.0232 0.0275 0.0176 0.0322 0.0099 0.0222 0.0308 0.0104 0.1041 0.0279 0.0128 0.0127 0.3098 0.1005 
 H042.4_2002  2 0.0118 0.0129 0.0274 0.0146 0.0070 0.0269 0.0167 0.0076 0.0062 0.0128 0.0075 0.0077 0.0057 0.0078 0.2423 0.0207 0.0276 0.0064 0.0598 0.4707 
 H042.4_2003  2 0.0126 0.0072 0.0140 0.0163 0.0097 0.0193 0.0065 0.0096 0.0064 0.0166 0.0524 0.0222 0.0057 0.0071 0.0652 0.0615 0.0261 0.0186 0.3042 0.3187 
      H042.5  2 0.0152 0.0057 0.0058 0.0182 0.0059 0.0121 0.0035 0.0089 0.0074 0.0081 0.0071 0.0050 0.0082 0.0057 0.0530 0.0078 0.0100 0.0170 0.0130 0.7824 
      H042.6  2 0.0250 0.0051 0.0047 0.0049 0.0103 0.0101 0.0076 0.0042 0.0092 0.0111 0.0148 0.0079 0.0063 0.0045 0.0076 0.0144 0.0155 0.0321 0.0319 0.7730 
      H042.7  2 0.0102 0.0051 0.0338 0.0914 0.1212 0.1062 0.0057 0.0124 0.0157 0.0265 0.0710 0.0076 0.0079 0.0070 0.0589 0.0257 0.0099 0.0079 0.0987 0.2771 
      H042.8  2 0.0375 0.0038 0.0226 0.0262 0.0636 0.0099 0.0218 0.0305 0.0075 0.0208 0.0048 0.0041 0.0119 0.0044 0.0647 0.0120 0.0123 0.0235 0.0405 0.5776 
   H042_2002  2 0.1197 0.0087 0.0262 0.0142 0.1480 0.0100 0.0210 0.0227 0.0173 0.0355 0.0193 0.0049 0.0090 0.0052 0.0237 0.0689 0.0548 0.0627 0.2900 0.0383 
   H042_2003  2 0.1058 0.0095 0.0207 0.0111 0.1451 0.0120 0.0321 0.0268 0.0242 0.0510 0.0273 0.0055 0.0165 0.0063 0.0282 0.0518 0.0520 0.0687 0.2623 0.0432 
      H043.1  2 0.0895 0.0083 0.0036 0.0060 0.0056 0.0056 0.0348 0.0107 0.0199 0.0045 0.0095 0.0092 0.0103 0.0109 0.0040 0.0108 0.0096 0.0115 0.7241 0.0119 
      H043.2  2 0.0785 0.0059 0.0114 0.0272 0.0049 0.0042 0.0413 0.0093 0.0339 0.0202 0.0066 0.0032 0.0087 0.0058 0.0052 0.0218 0.0135 0.0302 0.6622 0.0060 
      H043.3  2 0.0117 0.0047 0.0044 0.0056 0.0107 0.0043 0.0114 0.0062 0.0163 0.0069 0.0145 0.0031 0.0045 0.0052 0.0041 0.0232 0.0089 0.0076 0.8409 0.0059 
      H043.4  2 0.0279 0.0049 0.0050 0.0073 0.0099 0.0049 0.0219 0.0070 0.0078 0.0092 0.0115 0.0039 0.0082 0.0079 0.0039 0.0155 0.0230 0.0276 0.7864 0.0062 
      H043.5  2 0.0218 0.0041 0.0063 0.0117 0.0082 0.0047 0.0639 0.0136 0.0276 0.0120 0.0068 0.0042 0.0077 0.0044 0.0046 0.0240 0.0074 0.0045 0.7571 0.0051 
      H043.6  2 0.0173 0.0054 0.0054 0.0049 0.0049 0.0038 0.0340 0.0032 0.0086 0.0122 0.0055 0.0029 0.0055 0.0056 0.0058 0.0229 0.0071 0.0053 0.8345 0.0051 
      H043.7  2 0.0189 0.0048 0.0028 0.0059 0.0058 0.0030 0.0143 0.0051 0.0055 0.0210 0.0182 0.0033 0.0036 0.0042 0.0036 0.0059 0.0072 0.0259 0.8374 0.0036 
      H043.8  2 0.0139 0.0094 0.0036 0.0096 0.0086 0.0051 0.0083 0.0058 0.0304 0.0121 0.0053 0.0064 0.0066 0.0074 0.0033 0.0085 0.0055 0.0075 0.8371 0.0056 
      H043.9  2 0.0307 0.0059 0.0034 0.0042 0.0057 0.0038 0.0097 0.0053 0.0084 0.0047 0.0086 0.0054 0.0045 0.0062 0.0041 0.0095 0.0056 0.0086 0.8573 0.0085 
      H047.1  2 0.2019 0.0065 0.0049 0.0098 0.0496 0.0050 0.0055 0.2017 0.0057 0.0118 0.0116 0.0041 0.0082 0.0078 0.0046 0.4361 0.0059 0.0071 0.0066 0.0055 
      H047.2  2 0.0054 0.0085 0.0122 0.0169 0.0094 0.0163 0.0044 0.5539 0.0058 0.0233 0.0368 0.0242 0.0415 0.0068 0.0072 0.1625 0.0203 0.0071 0.0254 0.0120 
      H047.3  2 0.0070 0.0069 0.0242 0.0116 0.0242 0.0134 0.0047 0.5352 0.0059 0.0235 0.0212 0.0322 0.0481 0.0085 0.0092 0.1224 0.0152 0.0133 0.0573 0.0162 
      H047.4  2 0.0108 0.0091 0.0176 0.0146 0.0506 0.0165 0.0040 0.2762 0.0068 0.0399 0.1048 0.0093 0.0110 0.0140 0.0112 0.2856 0.0149 0.0078 0.0688 0.0264 
      H047.5  2 0.0195 0.0091 0.0157 0.0078 0.0651 0.0146 0.0032 0.5066 0.0047 0.0159 0.0197 0.0063 0.0298 0.0075 0.0040 0.1464 0.0078 0.0341 0.0735 0.0090 
      H047.6  2 0.0060 0.0044 0.0152 0.0114 0.0478 0.0100 0.0051 0.6899 0.0048 0.0219 0.0113 0.0121 0.0116 0.0054 0.0102 0.0596 0.0113 0.0061 0.0303 0.0257 
      H047.7  2 0.1598 0.0057 0.0074 0.0127 0.1660 0.0094 0.0106 0.1156 0.0071 0.0104 0.0062 0.0118 0.0042 0.0106 0.0074 0.4256 0.0052 0.0052 0.0067 0.0124 
      H047.8  2 0.0170 0.0041 0.0148 0.0117 0.0587 0.0084 0.0052 0.5960 0.0067 0.0257 0.0144 0.0104 0.0149 0.0090 0.0180 0.1056 0.0111 0.0112 0.0328 0.0242 
