      H105.1  1 0.1834 0.1958 0.0662 0.5038 0.0508 
      H105.2  1 0.0259 0.7140 0.1057 0.0831 0.0712 
      H105.3  1 0.1940 0.1780 0.0965 0.4500 0.0814 
      H105.4  1 0.0335 0.3235 0.4618 0.1443 0.0368 
      H105.5  1 0.0219 0.2039 0.5648 0.1631 0.0463 
      H105.6  1 0.1231 0.0743 0.4225 0.2877 0.0925 
      H105.7  1 0.7145 0.1149 0.0738 0.0664 0.0303 
      H105.8  1 0.1907 0.2860 0.1240 0.3281 0.0712 
      H115.1  1 0.1102 0.1383 0.4890 0.2021 0.0604 
      H115.2  1 0.0241 0.2546 0.5599 0.0401 0.1213 
      H115.3  1 0.0101 0.0907 0.8621 0.0193 0.0178 
      H115.4  1 0.0165 0.7349 0.0407 0.1849 0.0230 
      H115.5  1 0.0388 0.3204 0.5086 0.0292 0.1030 
      H115.6  1 0.0516 0.1289 0.7153 0.0542 0.0501 
      H115.7  1 0.0212 0.4761 0.3512 0.0985 0.0530 
      H115.8  1 0.0910 0.1235 0.6255 0.0227 0.1373 
      H115.9  1 0.0654 0.0231 0.8798 0.0192 0.0125 
      H145.1  1 0.0168 0.0182 0.1461 0.0619 0.7570 
      H145.2  1 0.0175 0.0174 0.2515 0.0620 0.6516 
      H145.3  1 0.0775 0.1305 0.1171 0.0220 0.6529 
      H145.4  1 0.0162 0.0268 0.0597 0.0504 0.8469 
      H145.5  1 0.0106 0.0200 0.0195 0.0233 0.9266 
      H145.6  1 0.0337 0.1112 0.1460 0.0362 0.6728 
      H145.7  1 0.0325 0.4220 0.1199 0.0410 0.3848 
      H149.1  1 0.0122 0.0154 0.0238 0.9186 0.0299 
      H149.2  1 0.0125 0.0354 0.0647 0.8578 0.0296 
      H149.3  1 0.0219 0.0557 0.0510 0.7715 0.0999 
      H149.4  1 0.0237 0.0210 0.0155 0.9054 0.0345 
      H149.5  1 0.0324 0.1615 0.0288 0.7317 0.0456 
      H149.6  1 0.0165 0.0505 0.0207 0.8532 0.0591 
      H149.7  1 0.0832 0.0452 0.0163 0.8011 0.0542 
      H150.1  1 0.0193 0.0373 0.9085 0.0080 0.0269 
      H150.2  1 0.0197 0.1024 0.5351 0.0651 0.2777 
      H150.3  1 0.1063 0.0533 0.6247 0.0375 0.1782 
      H150.4  1 0.0305 0.0203 0.8944 0.0102 0.0445 
      H150.5  1 0.0220 0.3066 0.5793 0.0406 0.0516 
      H150.6  1 0.0101 0.8445 0.0567 0.0547 0.0340 
      H150.7  1 0.0134 0.0132 0.9330 0.0106 0.0299 
   H169607.1  1 0.1186 0.1479 0.3404 0.1782 0.2148 
   H169607.2  1 0.0786 0.0218 0.7961 0.0883 0.0152 
   H169607.3  1 0.1725 0.3559 0.3511 0.0604 0.0601 
   H169607.4  1 0.0170 0.0130 0.9026 0.0556 0.0118 
   H169607.5  1 0.0597 0.0462 0.8049 0.0705 0.0188 
   H169607.6  1 0.0566 0.0537 0.7532 0.1259 0.0105 
   H169607.7  1 0.1007 0.0937 0.1803 0.6089 0.0164 
   H169607.8  1 0.0302 0.0193 0.8920 0.0493 0.0091 
   H169633.1  1 0.0221 0.1410 0.1557 0.2203 0.4608 
   H169633.2  1 0.0753 0.0872 0.0143 0.5789 0.2442 
   H169633.3  1 0.0993 0.0504 0.0255 0.7087 0.1161 
   H169633.4  1 0.0158 0.0697 0.1560 0.4714 0.2872 
   H169633.5  1 0.0120 0.0871 0.1126 0.4901 0.2982 
   H169688.1  1 0.0716 0.7734 0.0429 0.0890 0.0232 
   H169688.2  1 0.1042 0.8050 0.0180 0.0543 0.0185 
   H169688.3  1 0.0308 0.7413 0.0448 0.1283 0.0548 
   H169688.4  1 0.0338 0.4370 0.4412 0.0500 0.0379 
   H169688.5  1 0.0359 0.4620 0.4142 0.0451 0.0427 
   H169688.6  1 0.0382 0.7760 0.0281 0.1084 0.0494 
   H169688.7  1 0.0446 0.6076 0.0569 0.1810 0.1099 
   H171901.1  1 0.0326 0.2348 0.1871 0.0299 0.5156 
   H171901.2  1 0.0324 0.0518 0.3760 0.4960 0.0437 
   H171901.3  1 0.0318 0.1584 0.2279 0.5569 0.0250 
   H171901.4  1 0.0190 0.0371 0.1059 0.8242 0.0137 
   H171901.5  1 0.0118 0.0208 0.0627 0.8900 0.0147 
   H171901.6  1 0.0231 0.0253 0.1777 0.7511 0.0228 
   H171901.7  1 0.0250 0.0425 0.0516 0.8562 0.0248 
   H171902.1  1 0.0293 0.0541 0.4456 0.3344 0.1366 
  H171902.10  1 0.0099 0.0157 0.0517 0.9083 0.0144 
   H171902.2  1 0.1979 0.3504 0.1954 0.1918 0.0644 
   H171902.3  1 0.0172 0.0302 0.0565 0.8789 0.0172 
   H171902.4  1 0.0300 0.0501 0.4914 0.3023 0.1261 
   H171902.6  1 0.0126 0.0173 0.0963 0.8499 0.0239 
   H171902.7  1 0.0118 0.0169 0.2261 0.5899 0.1553 
   H171902.8  1 0.0157 0.0241 0.0620 0.8676 0.0306 
   H171902.9  1 0.0250 0.0284 0.8215 0.0610 0.0641 
   H171903.1  1 0.0460 0.0300 0.8404 0.0716 0.0120 
   H171903.2  1 0.1299 0.0399 0.7293 0.0806 0.0204 
   H171903.3  1 0.0966 0.0948 0.4704 0.2816 0.0565 
   H171903.4  1 0.0551 0.1760 0.6454 0.0647 0.0589 
   H171903.5  1 0.0653 0.1359 0.2680 0.5035 0.0273 
   H171903.6  1 0.0371 0.1205 0.5424 0.2885 0.0114 
      H177.1  1 0.1255 0.0552 0.0724 0.7221 0.0248 
      H177.2  1 0.1768 0.0782 0.1208 0.5755 0.0487 
      H177.3  1 0.0149 0.0154 0.0670 0.8752 0.0275 
      H177.4  1 0.1630 0.0422 0.0444 0.7282 0.0222 
      H177.5  1 0.5826 0.2553 0.0749 0.0673 0.0200 
      H177.6  1 0.0180 0.0162 0.0650 0.8703 0.0305 
      H179.1  1 0.0883 0.0590 0.0213 0.8144 0.0171 
      H179.2  1 0.1128 0.0716 0.0337 0.7663 0.0156 
      H179.3  1 0.4211 0.2245 0.0780 0.2594 0.0169 
      H179.4  1 0.0533 0.0253 0.0155 0.8924 0.0136 
      H180.1  1 0.0097 0.9037 0.0213 0.0532 0.0121 
      H180.2  1 0.0094 0.9263 0.0312 0.0195 0.0136 
      H180.3  1 0.0617 0.6541 0.1673 0.0600 0.0568 
      H180.4  1 0.0193 0.9165 0.0117 0.0351 0.0174 
      H180.5  1 0.0428 0.8398 0.0470 0.0519 0.0186 
      H180.6  1 0.4192 0.1661 0.2615 0.0509 0.1024 
      H181.1  1 0.0112 0.6261 0.0358 0.2941 0.0328 
      H181.2  1 0.0171 0.3701 0.0216 0.5519 0.0394 
      H181.3  1 0.0404 0.4284 0.0191 0.4689 0.0432 
      H181.4  1 0.0259 0.5959 0.1107 0.2503 0.0172 
      H181.5  1 0.1405 0.4522 0.0177 0.3432 0.0463 
      H181.6  1 0.0360 0.3292 0.0437 0.5669 0.0242 
      H181.7  1 0.0564 0.2373 0.0321 0.6529 0.0214 
 H194.1_2004  1 0.0846 0.0390 0.5612 0.0702 0.2450 
 H194.2_2004  1 0.0714 0.2522 0.3312 0.0491 0.2960 
 H194.3_2004  1 0.0442 0.0175 0.1386 0.3892 0.4104 
 H194.4_2004  1 0.1544 0.0792 0.1566 0.1246 0.4852 
 H194.5_2004  1 0.1386 0.0236 0.3005 0.3130 0.2243 
 H194.6_2004  1 0.4393 0.0513 0.1251 0.3044 0.0799 
 H194.7_2004  1 0.2740 0.0496 0.3362 0.0357 0.3045 
 H194.8_2004  1 0.4403 0.1065 0.1399 0.1530 0.1603 
      H194.9  1 0.2718 0.0372 0.3166 0.0306 0.3438 
 H195.1_2003  1 0.0620 0.1344 0.3575 0.3696 0.0765 
 H195.1_2004  1 0.0190 0.0857 0.0352 0.1118 0.7483 
 H195.2_2003  1 0.1395 0.0731 0.7124 0.0496 0.0254 
 H195.2_2004  1 0.0703 0.1653 0.0320 0.0511 0.6813 
 H195.3_2003  1 0.0469 0.0740 0.8065 0.0394 0.0331 
 H195.3_2004  1 0.0193 0.0592 0.1416 0.1464 0.6335 
 H195.4_2003  1 0.0446 0.1346 0.4726 0.1697 0.1784 
 H195.4_2004  1 0.2035 0.4358 0.0228 0.0487 0.2891 
 H195.5_2003  1 0.0369 0.2884 0.3639 0.2249 0.0859 
 H195.5_2004  1 0.0216 0.1909 0.0429 0.0892 0.6554 
 H195.6_2003  1 0.0310 0.1468 0.7411 0.0333 0.0478 
 H195.6_2004  1 0.0289 0.0452 0.0509 0.1514 0.7236 
 H195.7_2003  1 0.2734 0.4045 0.0574 0.1568 0.1078 
 H195.7_2004  1 0.0162 0.0626 0.0260 0.0323 0.8629 
      H195.8  1 0.0717 0.4824 0.0520 0.0252 0.3687 
      H195.9  1 0.2165 0.1353 0.1439 0.1568 0.3474 
      H415.1  1 0.0699 0.0216 0.0867 0.1572 0.6646 
      H415.2  1 0.0189 0.0146 0.1393 0.7254 0.1018 
      H415.3  1 0.0308 0.0135 0.0176 0.7992 0.1390 
      H415.4  1 0.0627 0.0323 0.0802 0.3715 0.4534 
      H415.5  1 0.0258 0.0199 0.0143 0.8347 0.1054 
      H415.6  1 0.0731 0.0397 0.0890 0.3925 0.4057 
      H415.7  1 0.0301 0.0140 0.0986 0.7362 0.1209 
      H506.1  1 0.0162 0.0159 0.0081 0.9367 0.0231 
      H506.2  1 0.0134 0.0091 0.0102 0.9552 0.0121 
      H506.3  1 0.0406 0.0510 0.0096 0.8140 0.0849 
      H506.4  1 0.0316 0.0211 0.0164 0.8984 0.0324 
      H506.5  1 0.0159 0.0157 0.0140 0.9292 0.0252 
      H506.6  1 0.0494 0.0857 0.0692 0.7067 0.0888 
      H506.7  1 0.0194 0.0164 0.0110 0.9278 0.0253 
      H533.1  1 0.0109 0.0424 0.0083 0.9261 0.0123 
      H533.2  1 0.0097 0.0167 0.0082 0.9536 0.0119 
      H533.3  1 0.0173 0.0273 0.0145 0.9315 0.0094 
      H533.4  1 0.0135 0.0292 0.0213 0.9192 0.0168 
      H535.1  1 0.0361 0.0119 0.0535 0.8822 0.0163 
      H535.2  1 0.2082 0.1676 0.0207 0.5885 0.0150 
      H535.3  1 0.1845 0.4256 0.0599 0.3065 0.0235 
      H535.4  1 0.0150 0.0270 0.0209 0.9173 0.0198 
      H535.5  1 0.0150 0.0088 0.0120 0.9546 0.0096 
      H535.6  1 0.2081 0.0907 0.0862 0.5908 0.0242 
      H535.7  1 0.0333 0.0164 0.0203 0.9120 0.0180 
      H535.8  1 0.1639 0.0579 0.0293 0.7250 0.0239 
      H535.9  1 0.0357 0.0403 0.0890 0.8101 0.0249 
      H539.1  1 0.0106 0.0066 0.9651 0.0065 0.0111 
      H539.2  1 0.0587 0.4617 0.2782 0.1696 0.0318 
      H539.3  1 0.0464 0.0187 0.8876 0.0104 0.0368 
      H539.4  1 0.0370 0.0414 0.8466 0.0187 0.0562 
      H539.5  1 0.0254 0.0083 0.9475 0.0071 0.0117 
      H539.6  1 0.0367 0.0091 0.9269 0.0090 0.0183 
      H539.7  1 0.0132 0.0125 0.9454 0.0104 0.0184 
      H539.8  1 0.0339 0.0669 0.5863 0.0198 0.2931 
      H539.9  1 0.0324 0.0160 0.9224 0.0093 0.0198 
      H540.1  1 0.0126 0.0137 0.9343 0.0178 0.0216 
      H540.2  1 0.0127 0.0093 0.9546 0.0133 0.0100 
      H540.3  1 0.0128 0.0441 0.2935 0.0193 0.6304 
      H540.4  1 0.0154 0.0395 0.8876 0.0347 0.0228 
      H540.5  1 0.0189 0.0168 0.9274 0.0184 0.0185 
      H540.6  1 0.0322 0.0234 0.8920 0.0310 0.0214 
      H540.7  1 0.0185 0.0205 0.9293 0.0205 0.0112 
      H540.8  1 0.0129 0.0229 0.8736 0.0743 0.0164 
     H9558.1  1 0.0129 0.0095 0.9478 0.0131 0.0166 
     H9558.2  1 0.0283 0.0111 0.9317 0.0106 0.0184 
     H9558.3  1 0.0178 0.0125 0.9346 0.0100 0.0251 
     H9558.4  1 0.0146 0.0142 0.9319 0.0249 0.0144 
     H9558.5  1 0.0174 0.0503 0.8287 0.0388 0.0648 
     H9558.6  1 0.1219 0.0356 0.8076 0.0108 0.0241 
    kos339.1  1 0.0203 0.0148 0.0194 0.9339 0.0116 
    kos339.2  1 0.0415 0.0189 0.0195 0.8636 0.0565 
    kos339.3  1 0.0132 0.0095 0.0155 0.9508 0.0111 
    kos339.4  1 0.0162 0.0176 0.0138 0.9343 0.0180 
    kos339.5  1 0.0280 0.0132 0.0182 0.9293 0.0113 
    kos339.6  1 0.0164 0.0189 0.0195 0.8676 0.0777 
    kos339.7  1 0.0139 0.0135 0.0101 0.9459 0.0167 
    kos339.8  1 0.0136 0.0150 0.0087 0.9408 0.0219 
    kos339.9  1 0.0160 0.0136 0.0539 0.9011 0.0155 
      H008.1  2 0.9197 0.0138 0.0299 0.0237 0.0128 
      H008.2  2 0.2478 0.0651 0.2316 0.3528 0.1028 
      H008.3  2 0.2265 0.3701 0.1153 0.1813 0.1069 
      H008.4  2 0.8653 0.0127 0.0453 0.0263 0.0505 
      H008.5  2 0.9293 0.0152 0.0168 0.0176 0.0212 
      H008.6  2 0.5492 0.0284 0.1547 0.1232 0.1445 
      H008.7  2 0.7772 0.0331 0.0448 0.0596 0.0853 
      H008.8  2 0.1814 0.0286 0.6763 0.0768 0.0370 
      H008.9  2 0.0523 0.0574 0.3222 0.0824 0.4856 
 H029.1_2002  2 0.9347 0.0132 0.0214 0.0102 0.0205 
 H029.1_2003  2 0.9122 0.0180 0.0222 0.0285 0.0192 
 H029.2_2002  2 0.9020 0.0164 0.0163 0.0390 0.0264 
 H029.2_2003  2 0.8744 0.0202 0.0237 0.0591 0.0226 
 H029.3_2002  2 0.7580 0.0562 0.0180 0.0789 0.0889 
 H029.3_2003  2 0.9462 0.0157 0.0098 0.0160 0.0122 
 H029.4_2002  2 0.9467 0.0147 0.0074 0.0094 0.0218 
 H029.4_2003  2 0.8793 0.0290 0.0329 0.0218 0.0370 
 H029.5_2002  2 0.9637 0.0091 0.0079 0.0089 0.0105 
 H029.5_2003  2 0.9467 0.0117 0.0098 0.0137 0.0181 
 H029.6_2002  2 0.9509 0.0134 0.0079 0.0089 0.0189 
 H029.6_2003  2 0.7660 0.0404 0.0226 0.1300 0.0410 
      H029.7  2 0.9351 0.0140 0.0134 0.0151 0.0224 
      H030.1  2 0.3943 0.5053 0.0210 0.0621 0.0173 
      H030.2  2 0.0791 0.7998 0.0128 0.0159 0.0925 
      H038.1  2 0.9378 0.0125 0.0151 0.0108 0.0238 
      H038.2  2 0.9526 0.0134 0.0095 0.0138 0.0106 
      H038.3  2 0.8819 0.0206 0.0204 0.0299 0.0472 
      H038.4  2 0.8891 0.0133 0.0126 0.0149 0.0701 
      H038.5  2 0.8924 0.0409 0.0125 0.0251 0.0291 
      H038.6  2 0.9483 0.0151 0.0158 0.0116 0.0091 
      H038.7  2 0.9529 0.0091 0.0167 0.0120 0.0093 
      H038.8  2 0.8180 0.0526 0.0192 0.0178 0.0923 
      H041.1  2 0.8322 0.0536 0.0148 0.0158 0.0836 
      H041.2  2 0.7475 0.0113 0.0158 0.0122 0.2132 
      H041.4  2 0.8777 0.0190 0.0287 0.0174 0.0573 
      H041.6  2 0.8652 0.0220 0.0490 0.0124 0.0514 
 H042.1_2002  2 0.6037 0.2254 0.0903 0.0368 0.0438 
 H042.1_2003  2 0.2978 0.0680 0.0887 0.1064 0.4391 
 H042.2_2002  2 0.9156 0.0187 0.0115 0.0190 0.0352 
 H042.2_2003  2 0.8132 0.0139 0.0811 0.0317 0.0602 
 H042.3_2002  2 0.5550 0.2059 0.0522 0.0502 0.1368 
 H042.3_2003  2 0.3103 0.3472 0.0612 0.0405 0.2407 
 H042.4_2002  2 0.6341 0.2066 0.0395 0.0270 0.0928 
 H042.4_2003  2 0.8298 0.0641 0.0704 0.0174 0.0183 
      H042.5  2 0.8562 0.0863 0.0305 0.0140 0.0129 
      H042.6  2 0.8455 0.0741 0.0475 0.0174 0.0155 
      H042.7  2 0.6578 0.0419 0.0315 0.0201 0.2487 
      H042.8  2 0.9145 0.0156 0.0158 0.0145 0.0396 
   H042_2002  2 0.2636 0.0192 0.6152 0.0276 0.0743 
   H042_2003  2 0.2986 0.0202 0.5735 0.0231 0.0845 
      H043.1  2 0.0596 0.1538 0.6763 0.0324 0.0780 
      H043.2  2 0.0729 0.0176 0.7799 0.0239 0.1057 
      H043.3  2 0.5582 0.0117 0.3574 0.0398 0.0328 
      H043.4  2 0.0997 0.0149 0.8198 0.0181 0.0476 
      H043.5  2 0.2335 0.0182 0.3213 0.0371 0.3899 
      H043.6  2 0.4002 0.0120 0.3686 0.0361 0.1832 
      H043.7  2 0.0221 0.0123 0.9232 0.0115 0.0309 
      H043.8  2 0.0869 0.1107 0.5425 0.1663 0.0936 
      H043.9  2 0.1367 0.0913 0.6718 0.0435 0.0566 
      H047.1  2 0.7116 0.0192 0.2080 0.0423 0.0189 
      H047.2  2 0.8850 0.0242 0.0198 0.0582 0.0128 
      H047.3  2 0.8518 0.0339 0.0342 0.0597 0.0204 
      H047.4  2 0.9236 0.0122 0.0266 0.0235 0.0141 
      H047.5  2 0.7746 0.0298 0.0970 0.0800 0.0186 
      H047.6  2 0.7654 0.0465 0.0759 0.0399 0.0723 
      H047.7  2 0.8089 0.0247 0.0893 0.0257 0.0514 
      H047.8  2 0.6668 0.0415 0.1384 0.0868 0.0665 
      H047.9  2 0.7878 0.0215 0.0796 0.0968 0.0144 
 H071.1_2002  2 0.9207 0.0138 0.0402 0.0153 0.0100 
 H071.1_2003  2 0.8096 0.0227 0.1272 0.0199 0.0205 
     H071.10  2 0.8897 0.0714 0.0117 0.0155 0.0117 
 H071.2_2002  2 0.9390 0.0100 0.0202 0.0184 0.0124 
 H071.2_2003  2 0.9603 0.0085 0.0139 0.0099 0.0074 
      H071.3  2 0.8794 0.0553 0.0144 0.0232 0.0277 
 H071.4_2002  2 0.8818 0.0403 0.0201 0.0390 0.0188 
 H071.4_2003  2 0.9555 0.0125 0.0112 0.0141 0.0067 
 H071.5_2002  2 0.9477 0.0200 0.0137 0.0103 0.0083 
 H071.5_2003  2 0.9238 0.0154 0.0338 0.0168 0.0101 
 H071.6_2002  2 0.9426 0.0159 0.0121 0.0195 0.0099 
 H071.6_2003  2 0.9520 0.0122 0.0196 0.0099 0.0063 
 H071.7_2002  2 0.9589 0.0058 0.0163 0.0110 0.0079 
 H071.7_2003  2 0.8984 0.0253 0.0451 0.0178 0.0134 
      H071.8  2 0.9517 0.0097 0.0127 0.0154 0.0104 
      H071.9  2 0.8355 0.0794 0.0327 0.0243 0.0281 
 H081.1_2002  2 0.9553 0.0117 0.0168 0.0080 0.0081 
 H081.1_2003  2 0.4022 0.0673 0.1069 0.0617 0.3618 
 H081.2_2002  2 0.9151 0.0098 0.0560 0.0083 0.0107 
 H081.2_2003  2 0.0700 0.8353 0.0634 0.0166 0.0148 
 H081.3_2002  2 0.9415 0.0113 0.0210 0.0136 0.0125 
 H081.3_2003  2 0.0619 0.2698 0.5525 0.0841 0.0317 
 H081.4_2002  2 0.9345 0.0179 0.0196 0.0202 0.0078 
 H081.4_2003  2 0.2457 0.2118 0.3312 0.1315 0.0799 
 H081.5_2002  2 0.9535 0.0116 0.0170 0.0095 0.0084 
 H081.5_2003  2 0.4604 0.0721 0.3038 0.0542 0.1096 
      H081.6  2 0.9483 0.0107 0.0203 0.0100 0.0106 
      H081.7  2 0.9432 0.0129 0.0240 0.0104 0.0095 
      H081.8  2 0.8811 0.0508 0.0181 0.0191 0.0309 
      H083.1  2 0.9453 0.0192 0.0111 0.0137 0.0106 
      H083.2  2 0.9295 0.0252 0.0211 0.0146 0.0095 
      H083.4  2 0.9277 0.0342 0.0135 0.0118 0.0127 
      H083.5  2 0.9441 0.0162 0.0136 0.0114 0.0148 
      H083.6  2 0.9244 0.0324 0.0095 0.0191 0.0147 
      H083.7  2 0.8892 0.0479 0.0228 0.0204 0.0198 
      H083.8  2 0.9389 0.0180 0.0180 0.0148 0.0103 
      H083.9  2 0.9451 0.0225 0.0101 0.0107 0.0116 
      H084.1  2 0.0389 0.7134 0.0216 0.0272 0.1989 
      H084.2  2 0.0863 0.7167 0.0181 0.0542 0.1247 
      H084.3  2 0.0136 0.0896 0.0110 0.0356 0.8502 
      H084.4  2 0.0421 0.0346 0.0166 0.0203 0.8863 
      H084.5  2 0.0316 0.2495 0.0145 0.0591 0.6454 
      H084.6  2 0.0125 0.1541 0.0141 0.0184 0.8009 
      H084.7  2 0.0561 0.8007 0.0186 0.0299 0.0947 
      H084.8  2 0.0115 0.2328 0.0123 0.0332 0.7102 
 H085.1_2002  2 0.7743 0.0517 0.1333 0.0159 0.0248 
 H085.1_2003  2 0.9091 0.0455 0.0127 0.0122 0.0204 
 H085.2_2002  2 0.3206 0.2017 0.2466 0.0268 0.2044 
 H085.2_2003  2 0.9082 0.0292 0.0149 0.0287 0.0189 
 H085.3_2002  2 0.4903 0.0545 0.4209 0.0126 0.0217 
 H085.3_2003  2 0.9406 0.0123 0.0225 0.0131 0.0115 
 H085.4_2002  2 0.6630 0.0565 0.2135 0.0207 0.0463 
 H085.4_2003  2 0.9368 0.0118 0.0213 0.0133 0.0168 
 H085.5_2002  2 0.4993 0.0164 0.4554 0.0101 0.0188 
 H085.5_2003  2 0.9358 0.0275 0.0107 0.0141 0.0119 
 H085.6_2002  2 0.5822 0.0750 0.2920 0.0218 0.0290 
 H085.6_2003  2 0.7900 0.0193 0.1238 0.0256 0.0413 
 H085.7_2002  2 0.5239 0.0742 0.3463 0.0244 0.0312 
 H085.7_2003  2 0.9324 0.0176 0.0144 0.0182 0.0174 
 H085.8_2002  2 0.4600 0.0370 0.4044 0.0238 0.0748 
 H085.8_2003  2 0.8045 0.0828 0.0347 0.0325 0.0454 
      H085.9  2 0.6229 0.0371 0.2553 0.0116 0.0731 
      H088.1  2 0.6732 0.1914 0.0572 0.0415 0.0367 
      H088.2  2 0.8434 0.0457 0.0478 0.0411 0.0220 
      H088.3  2 0.9049 0.0344 0.0237 0.0221 0.0149 
      H088.4  2 0.9118 0.0219 0.0228 0.0201 0.0234 
      H088.5  2 0.9254 0.0185 0.0182 0.0177 0.0203 
      H088.6  2 0.9108 0.0270 0.0164 0.0218 0.0240 
      H088.7  2 0.9182 0.0183 0.0101 0.0202 0.0333 
      H088.8  2 0.8775 0.0341 0.0152 0.0373 0.0359 
      H091.1  2 0.8026 0.1389 0.0168 0.0239 0.0179 
      H091.2  2 0.9238 0.0228 0.0188 0.0171 0.0175 
      H109.1  2 0.0405 0.7250 0.0810 0.0441 0.1094 
      H109.2  2 0.1182 0.6599 0.1099 0.0344 0.0776 
      H109.3  2 0.2730 0.2201 0.0469 0.2479 0.2121 
      H109.4  2 0.0633 0.4573 0.1331 0.0552 0.2911 
      H109.5  2 0.8806 0.0274 0.0270 0.0366 0.0285 
      H109.6  2 0.0821 0.3681 0.2437 0.1450 0.1611 
      H126.1  2 0.0285 0.0299 0.8547 0.0519 0.0350 
      H126.2  2 0.5477 0.0635 0.3201 0.0289 0.0399 
      H126.3  2 0.8227 0.0170 0.0766 0.0440 0.0398 
      H126.4  2 0.0900 0.1024 0.6965 0.0747 0.0366 
      H126.5  2 0.1304 0.0159 0.7747 0.0668 0.0122 
      H126.6  2 0.9103 0.0141 0.0393 0.0262 0.0100 
      H126.7  2 0.9389 0.0186 0.0213 0.0142 0.0070 
      H130.1  2 0.0289 0.0554 0.8505 0.0452 0.0199 
      H130.2  2 0.1965 0.6367 0.0708 0.0645 0.0314 
      H130.3  2 0.1001 0.4627 0.0572 0.3659 0.0142 
      H130.4  2 0.0361 0.1556 0.5443 0.2243 0.0396 
      H130.5  2 0.3244 0.3823 0.2424 0.0313 0.0196 
      H133.1  2 0.1425 0.2108 0.1348 0.1318 0.3801 
      H133.2  2 0.0783 0.0524 0.6973 0.1346 0.0374 
      H133.3  2 0.4252 0.0951 0.0583 0.1143 0.3071 
      H133.4  2 0.0531 0.0898 0.2561 0.3977 0.2033 
      H133.5  2 0.0822 0.1381 0.3164 0.3986 0.0648 
      H133.6  2 0.1034 0.1494 0.6046 0.1163 0.0264 
      H133.7  2 0.1593 0.0521 0.1617 0.0935 0.5334 
      H133.8  2 0.0735 0.0795 0.1845 0.1356 0.5269 
      H133.9  2 0.1319 0.3122 0.1090 0.1983 0.2487 
      H147.1  2 0.6348 0.1008 0.0628 0.0133 0.1883 
      H147.2  2 0.9554 0.0094 0.0174 0.0079 0.0099 
      H147.3  2 0.9166 0.0199 0.0369 0.0108 0.0157 
      H147.4  2 0.8911 0.0299 0.0157 0.0148 0.0485 
      H147.5  2 0.8771 0.0637 0.0318 0.0126 0.0148 
      H147.6  2 0.8418 0.0891 0.0282 0.0165 0.0244 
      H147.7  2 0.8412 0.0358 0.0217 0.0250 0.0763 
      H147.8  2 0.9086 0.0457 0.0073 0.0127 0.0258 
      H147.9  2 0.9361 0.0164 0.0259 0.0099 0.0117 
      H148.1  2 0.0506 0.1494 0.2029 0.0677 0.5294 
      H148.2  2 0.0327 0.0832 0.0862 0.0318 0.7660 
      H148.3  2 0.0308 0.0198 0.0749 0.0224 0.8522 
      H148.4  2 0.0385 0.0190 0.1321 0.0605 0.7498 
      H148.5  2 0.0371 0.0917 0.0422 0.0512 0.7777 
      H148.6  2 0.0257 0.0526 0.0462 0.0213 0.8542 
      H148.7  2 0.0288 0.0875 0.0375 0.0652 0.7810 
      H148.8  2 0.0158 0.0187 0.0566 0.0155 0.8934 
      H148.9  2 0.0173 0.0861 0.1230 0.0625 0.7110 
   H166022.1  2 0.4904 0.4469 0.0165 0.0103 0.0360 
   H166022.2  2 0.7806 0.1367 0.0223 0.0249 0.0355 
   H166022.3  2 0.0357 0.9188 0.0127 0.0220 0.0108 
   H166022.4  2 0.4857 0.4396 0.0114 0.0487 0.0146 
   H166022.5  2 0.3522 0.5729 0.0124 0.0489 0.0135 
   H166022.6  2 0.3290 0.5448 0.0330 0.0337 0.0595 
   H166022.7  2 0.0170 0.0293 0.0310 0.8477 0.0751 
   H166022.8  2 0.1466 0.5542 0.1427 0.1176 0.0388 
   H167397.1  2 0.0202 0.0125 0.0148 0.0123 0.9401 
   H167397.2  2 0.0231 0.0185 0.0434 0.0605 0.8545 
   H167397.3  2 0.0129 0.0118 0.0126 0.0186 0.9441 
   H167397.4  2 0.0201 0.0196 0.0115 0.0131 0.9357 
   H167397.5  2 0.0233 0.0171 0.0261 0.0195 0.9141 
   H167397.6  2 0.0158 0.0137 0.0120 0.0151 0.9433 
   H167496.1  2 0.2162 0.2637 0.0429 0.3689 0.1083 
   H167496.2  2 0.6779 0.0287 0.0729 0.0816 0.1389 
   H167496.3  2 0.3760 0.2695 0.2586 0.0448 0.0511 
   H167496.4  2 0.9357 0.0343 0.0087 0.0126 0.0087 
   H167496.6  2 0.9159 0.0249 0.0175 0.0290 0.0127 
   H167496.7  2 0.1116 0.2743 0.3030 0.2245 0.0866 
   H167496.8  2 0.9288 0.0202 0.0148 0.0190 0.0171 
   H167513.1  2 0.0576 0.5500 0.1314 0.0959 0.1652 
   H167513.2  2 0.0454 0.1313 0.2518 0.0468 0.5247 
   H167513.3  2 0.0184 0.8183 0.0238 0.1165 0.0231 
   H167513.4  2 0.0475 0.8198 0.0298 0.0517 0.0512 
   H167513.5  2 0.0819 0.1573 0.2145 0.0224 0.5239 
   H167513.6  2 0.0992 0.4222 0.2682 0.0571 0.1532 
   H167513.7  2 0.0426 0.8350 0.0333 0.0395 0.0496 
   H167513.8  2 0.0307 0.6285 0.0907 0.1303 0.1198 
   H167547.1  2 0.0208 0.0953 0.1188 0.0424 0.7227 
   H167547.2  2 0.0290 0.0790 0.0323 0.0218 0.8378 
   H167547.3  2 0.0226 0.0475 0.0311 0.0172 0.8815 
   H167547.4  2 0.0171 0.6395 0.1235 0.0254 0.1945 
   H167547.5  2 0.0278 0.0435 0.0297 0.0168 0.8821 
   H167547.6  2 0.0319 0.0382 0.0312 0.0133 0.8855 
   H167547.7  2 0.0363 0.0998 0.5579 0.1846 0.1215 
   H169750.1  2 0.0686 0.5309 0.1437 0.2097 0.0472 
   H169750.2  2 0.3402 0.0495 0.1626 0.2632 0.1845 
   H169750.3  2 0.1340 0.3426 0.1315 0.3811 0.0108 
   H169750.4  2 0.1297 0.0214 0.1166 0.4533 0.2789 
   H169750.5  2 0.2173 0.4603 0.0917 0.1812 0.0495 
   H169750.6  2 0.7403 0.1237 0.0591 0.0594 0.0176 
   H169750.7  2 0.1211 0.0420 0.1366 0.6484 0.0520 
   H171929.1  2 0.0425 0.0334 0.1056 0.0140 0.8046 
  H171929.10  2 0.2433 0.1774 0.0880 0.0281 0.4632 
  H171929.11  2 0.0613 0.1229 0.1739 0.0481 0.5937 
   H171929.2  2 0.0331 0.5602 0.2623 0.0388 0.1056 
   H171929.3  2 0.0411 0.4920 0.0656 0.0310 0.3703 
   H171929.4  2 0.0981 0.4998 0.3163 0.0522 0.0336 
   H171929.5  2 0.0286 0.6406 0.0633 0.0984 0.1691 
   H171929.6  2 0.0208 0.5770 0.1028 0.0509 0.2486 
   H171929.7  2 0.0738 0.2232 0.5786 0.0300 0.0943 
   H171929.8  2 0.0405 0.1057 0.7741 0.0206 0.0591 
   H171929.9  2 0.1284 0.3283 0.5027 0.0249 0.0157 
   H171930.1  2 0.1399 0.1630 0.0369 0.3860 0.2743 
   H171930.2  2 0.2951 0.4136 0.0905 0.1215 0.0794 
   H171930.3  2 0.0468 0.0902 0.0211 0.6174 0.2245 
   H171930.4  2 0.0550 0.3331 0.0196 0.4131 0.1791 
   H171930.5  2 0.2012 0.3803 0.1749 0.1566 0.0871 
   H171930.6  2 0.4105 0.1810 0.0296 0.3214 0.0576 
   H171930.7  2 0.0333 0.0949 0.0405 0.6285 0.2027 
   H171930.8  2 0.0765 0.0729 0.0486 0.5597 0.2423 
   H171933.1  2 0.0135 0.9070 0.0114 0.0134 0.0547 
   H171933.2  2 0.0838 0.6710 0.0325 0.0209 0.1919 
   H171933.3  2 0.0119 0.9229 0.0264 0.0110 0.0277 
   H171933.4  2 0.0128 0.9235 0.0315 0.0207 0.0116 
   H171933.5  2 0.0122 0.7837 0.1269 0.0539 0.0233 
   H171933.6  2 0.3642 0.5845 0.0199 0.0180 0.0134 
   H171933.7  2 0.0173 0.9234 0.0276 0.0123 0.0194 
   H171933.8  2 0.0223 0.8739 0.0323 0.0151 0.0564 
   H171933.9  2 0.0125 0.9598 0.0090 0.0111 0.0075 
      H190.1  2 0.0405 0.7790 0.0266 0.1364 0.0176 
      H190.2  2 0.5279 0.0195 0.2623 0.0409 0.1494 
      H190.3  2 0.1690 0.0892 0.5584 0.0520 0.1315 
      H190.4  2 0.0160 0.9344 0.0210 0.0169 0.0118 
      H190.5  2 0.7066 0.0290 0.1477 0.0606 0.0561 
      H190.6  2 0.0400 0.8731 0.0460 0.0245 0.0164 
      H190.7  2 0.0717 0.1450 0.6785 0.0612 0.0436 
      H190.8  2 0.5161 0.0647 0.2359 0.1457 0.0377 
      H190.9  2 0.2605 0.1294 0.3957 0.0976 0.1169 
      H400.1  2 0.4642 0.4669 0.0295 0.0238 0.0155 
      H400.2  2 0.8448 0.1145 0.0100 0.0135 0.0172 
      H400.3  2 0.2627 0.5964 0.0408 0.0655 0.0345 
      H400.4  2 0.9227 0.0210 0.0171 0.0254 0.0138 
      H400.5  2 0.0455 0.9126 0.0126 0.0149 0.0144 
      H400.6  2 0.8692 0.0723 0.0304 0.0171 0.0110 
      H400.7  2 0.2459 0.6956 0.0195 0.0241 0.0148 
 H428.1_2005  2 0.0222 0.9288 0.0144 0.0200 0.0146 
 H428.1_2006  2 0.1459 0.7826 0.0153 0.0291 0.0271 
 H428.2_2005  2 0.0114 0.9477 0.0116 0.0144 0.0148 
 H428.2_2006  2 0.1344 0.8204 0.0140 0.0120 0.0192 
 H428.3_2005  2 0.0226 0.9402 0.0101 0.0168 0.0103 
 H428.3_2006  2 0.1313 0.7869 0.0281 0.0178 0.0358 
 H428.4_2005  2 0.0175 0.9361 0.0083 0.0210 0.0171 
 H428.4_2006  2 0.0355 0.9192 0.0134 0.0163 0.0156 
 H428.5_2005  2 0.0237 0.9392 0.0106 0.0077 0.0189 
 H428.6_2005  2 0.0361 0.8940 0.0161 0.0408 0.0131 
 H428.6_2006  2 0.0530 0.8776 0.0137 0.0292 0.0264 
      H428.7  2 0.0194 0.9542 0.0114 0.0072 0.0078 
      H428.8  2 0.0265 0.9355 0.0109 0.0088 0.0183 
      H428.9  2 0.0176 0.9481 0.0115 0.0069 0.0158 
      H453.1  2 0.9292 0.0303 0.0122 0.0179 0.0104 
      H453.2  2 0.7866 0.1400 0.0264 0.0309 0.0161 
      H453.3  2 0.7893 0.1516 0.0306 0.0196 0.0090 
      H453.4  2 0.8692 0.0870 0.0168 0.0186 0.0084 
      H453.5  2 0.9068 0.0617 0.0096 0.0135 0.0085 
      H453.6  2 0.9002 0.0688 0.0080 0.0140 0.0090 
      H453.7  2 0.6838 0.0516 0.2293 0.0219 0.0133 
      H453.8  2 0.8745 0.0320 0.0601 0.0204 0.0130 
      H453.9  2 0.8212 0.1127 0.0398 0.0165 0.0098 
      H512.1  2 0.0222 0.9270 0.0184 0.0220 0.0104 
     H512.10  2 0.0841 0.4741 0.0251 0.2242 0.1925 
      H512.2  2 0.0517 0.4563 0.0609 0.2695 0.1616 
      H512.3  2 0.0339 0.2372 0.0184 0.5946 0.1158 
      H512.4  2 0.3294 0.4706 0.0412 0.0827 0.0762 
      H512.5  2 0.0270 0.0741 0.0136 0.8328 0.0525 
      H512.6  2 0.0452 0.3662 0.0652 0.4827 0.0407 
      H512.7  2 0.0583 0.0878 0.0135 0.8066 0.0338 
      H512.8  2 0.0552 0.3048 0.0559 0.4225 0.1616 
      H512.9  2 0.0460 0.2742 0.0294 0.6167 0.0336 
      H513.1  2 0.0266 0.9370 0.0098 0.0088 0.0179 
      H513.2  2 0.0197 0.9497 0.0105 0.0057 0.0143 
      H513.3  2 0.0133 0.9586 0.0102 0.0094 0.0085 
      H513.4  2 0.0694 0.8807 0.0162 0.0196 0.0142 
      H513.5  2 0.0214 0.9480 0.0095 0.0110 0.0101 
      H513.6  2 0.0132 0.8533 0.0164 0.0107 0.1064 
      H532.1  2 0.5555 0.1477 0.0222 0.2501 0.0245 
      H532.2  2 0.3003 0.6176 0.0354 0.0182 0.0285 
      H532.3  2 0.3941 0.5098 0.0451 0.0352 0.0159 
      H532.4  2 0.7935 0.0924 0.0734 0.0232 0.0176 
      H532.5  2 0.2704 0.5748 0.0298 0.0954 0.0295 
      H532.6  2 0.6316 0.2536 0.0475 0.0467 0.0206 
      H532.7  2 0.8370 0.1040 0.0145 0.0295 0.0150 
      H532.8  2 0.7741 0.1004 0.0253 0.0672 0.0331 
      H543.1  2 0.0081 0.0099 0.0064 0.0095 0.9661 
      H543.2  2 0.0158 0.1047 0.0124 0.0173 0.8498 
      H543.3  2 0.0135 0.0160 0.0111 0.0122 0.9472 
      H543.4  2 0.0066 0.0100 0.0088 0.0107 0.9638 
      H543.5  2 0.0096 0.0128 0.0086 0.0095 0.9596 
      H543.6  2 0.0148 0.0276 0.0280 0.0128 0.9169 
      H543.7  2 0.0075 0.0069 0.0085 0.0076 0.9695 
      H543.8  2 0.0405 0.0499 0.0192 0.0191 0.8713 
      H543.9  2 0.0136 0.0248 0.0163 0.0133 0.9320 
 H545.1_2005  2 0.0088 0.0095 0.0182 0.0131 0.9504 
 H545.1_2006  2 0.0087 0.0104 0.0089 0.0093 0.9626 
 H545.2_2005  2 0.0140 0.0296 0.0201 0.0288 0.9075 
 H545.2_2006  2 0.0116 0.0167 0.0106 0.0116 0.9494 
 H545.3_2005  2 0.0096 0.0129 0.0146 0.0276 0.9352 
 H545.3_2006  2 0.0205 0.0160 0.0228 0.0146 0.9261 
 H545.4_2005  2 0.0107 0.0105 0.0177 0.0144 0.9467 
 H545.4_2006  2 0.0075 0.0103 0.0145 0.0094 0.9583 
 H545.5_2005  2 0.0276 0.0243 0.0192 0.0177 0.9112 
 H545.5_2006  2 0.0140 0.0268 0.0148 0.0312 0.9131 
 H545.6_2005  2 0.0117 0.0099 0.0134 0.0116 0.9534 
 H545.6_2006  2 0.0090 0.0126 0.0100 0.0154 0.9530 
 H545.7_2005  2 0.0191 0.0236 0.0241 0.0170 0.9163 
 H545.7_2006  2 0.0162 0.0187 0.0131 0.0101 0.9419 
 H545.8_2005  2 0.0163 0.0366 0.0226 0.0126 0.9119 
 H545.8_2006  2 0.0136 0.0147 0.0128 0.0192 0.9397 
      H545.9  2 0.0094 0.0165 0.0184 0.0204 0.9353 
      H547.1  2 0.0904 0.7763 0.0562 0.0227 0.0543 
      H547.2  2 0.3884 0.0636 0.0233 0.0133 0.5113 
      H547.3  2 0.2103 0.4127 0.1762 0.1130 0.0877 
      H547.4  2 0.4311 0.1911 0.1532 0.0771 0.1474 
      H547.5  2 0.1155 0.3471 0.0396 0.0178 0.4801 
      H547.6  2 0.4321 0.2862 0.0229 0.0141 0.2447 
      H547.7  2 0.2909 0.4233 0.0842 0.0619 0.1396 
      H547.8  2 0.0806 0.7422 0.0610 0.0141 0.1022 
      H548.1  2 0.0076 0.0109 0.0159 0.0116 0.9540 
      H548.2  2 0.0085 0.0148 0.0147 0.0158 0.9461 
      H548.3  2 0.0109 0.0236 0.0330 0.0124 0.9201 
      H548.4  2 0.0394 0.0264 0.1274 0.0649 0.7419 
      H548.5  2 0.0086 0.0074 0.0135 0.0090 0.9615 
      H548.6  2 0.0081 0.0118 0.0182 0.0170 0.9449 
      H548.7  2 0.0124 0.0186 0.0153 0.0115 0.9422 
      H548.8  2 0.0103 0.0121 0.0129 0.0133 0.9514 
      H548.9  2 0.0151 0.0138 0.0166 0.0166 0.9379 
     H7389.1  2 0.0168 0.9487 0.0104 0.0105 0.0137 
     H7389.2  2 0.0208 0.8583 0.0114 0.0084 0.1011 
     H7389.3  2 0.0195 0.8767 0.0086 0.0103 0.0849 
     H7389.4  2 0.0263 0.9235 0.0213 0.0125 0.0164 
     H7389.5  2 0.0195 0.9404 0.0180 0.0128 0.0094 
     H7389.6  2 0.0582 0.7408 0.0070 0.1815 0.0125 
     H7389.7  2 0.0305 0.8927 0.0114 0.0170 0.0483 
     H7389.8  2 0.0164 0.8991 0.0218 0.0121 0.0506 
     H7389.9  2 0.0347 0.9161 0.0123 0.0151 0.0218 
      H747.1  2 0.0348 0.6331 0.0614 0.2081 0.0626 
      H747.2  2 0.0160 0.6014 0.0539 0.2959 0.0328 
      H747.3  2 0.0202 0.2693 0.0519 0.6336 0.0250 
      H747.4  2 0.0636 0.2043 0.0487 0.6444 0.0390 
      H747.5  2 0.0139 0.1975 0.0308 0.7357 0.0221 
      H747.6  2 0.0230 0.7255 0.0234 0.1172 0.1108 
      H747.7  2 0.0146 0.7016 0.0400 0.2164 0.0273 
     H7484.1  2 0.6871 0.0536 0.2101 0.0292 0.0200 
     H7484.2  2 0.3531 0.0414 0.5641 0.0200 0.0214 
     H7484.3  2 0.4753 0.0395 0.4118 0.0394 0.0340 
     H7484.4  2 0.6843 0.0440 0.2212 0.0363 0.0142 
     H7484.5  2 0.6049 0.1865 0.1504 0.0354 0.0228 
     H7484.6  2 0.0920 0.0748 0.3539 0.4362 0.0431 
     H7484.7  2 0.1993 0.0441 0.6794 0.0668 0.0104 
     H7484.8  2 0.4500 0.3692 0.1130 0.0492 0.0186 
     H7485.1  2 0.0147 0.0124 0.0145 0.0102 0.9483 
     H7485.2  2 0.0290 0.0578 0.0345 0.0205 0.8582 
     H7485.3  2 0.0089 0.0106 0.0095 0.0121 0.9589 
     H7485.4  2 0.0206 0.0467 0.0904 0.0131 0.8292 
     H7485.5  2 0.0161 0.0117 0.0182 0.0099 0.9441 
     H7485.6  2 0.0338 0.0183 0.0311 0.0184 0.8985 
     H7485.7  2 0.0128 0.0109 0.0262 0.0146 0.9354 
     H7496.1  2 0.6508 0.2612 0.0208 0.0504 0.0168 
    H7496.10  2 0.9414 0.0266 0.0101 0.0121 0.0099 
    H7496.11  2 0.0479 0.0197 0.0098 0.0236 0.8990 
     H7496.2  2 0.8927 0.0489 0.0172 0.0279 0.0132 
     H7496.3  2 0.8906 0.0262 0.0422 0.0258 0.0152 
     H7496.4  2 0.9310 0.0228 0.0166 0.0158 0.0138 
     H7496.5  2 0.8791 0.0386 0.0218 0.0414 0.0191 
     H7496.6  2 0.7799 0.1299 0.0267 0.0529 0.0106 
     H7496.7  2 0.9239 0.0396 0.0132 0.0130 0.0103 
     H7496.8  2 0.9069 0.0215 0.0256 0.0271 0.0189 
        UNK4  2 0.0174 0.9132 0.0288 0.0157 0.0249 
        UNK5  2 0.0462 0.8314 0.0316 0.0161 0.0747 
        UNK6  2 0.0275 0.9039 0.0179 0.0172 0.0335 
        UNK7  2 0.0206 0.8138 0.0131 0.0091 0.1435 
        UNK8  2 0.0222 0.8409 0.0200 0.0108 0.1061 
        UNK9  2 0.0719 0.8590 0.0172 0.0154 0.0365 
      H009.1  4 0.0099 0.0111 0.9321 0.0327 0.0142 
      H009.2  4 0.0132 0.0201 0.8510 0.1049 0.0107 
      H009.3  4 0.0124 0.0090 0.9338 0.0354 0.0094 
      H009.4  4 0.0187 0.0215 0.7703 0.1610 0.0285 
      H009.5  4 0.0107 0.0162 0.9344 0.0274 0.0112 
      H009.6  4 0.0133 0.0138 0.9215 0.0141 0.0374 
      H046.4  4 0.2407 0.0983 0.5195 0.1040 0.0375 
      H046.8  4 0.0756 0.1518 0.3250 0.2312 0.2164 
 H076.1_2002  4 0.0180 0.0134 0.0119 0.0124 0.9444 
 H076.1_2003  4 0.0086 0.0081 0.0093 0.0082 0.9657 
 H076.1_2004  4 0.0117 0.0108 0.0129 0.0164 0.9481 
 H076.2_2002  4 0.0148 0.0136 0.0117 0.0121 0.9478 
 H076.2_2003  4 0.0072 0.0080 0.0106 0.0084 0.9658 
 H076.2_2004  4 0.0811 0.0451 0.0445 0.3416 0.4877 
 H076.3_2002  4 0.0712 0.0615 0.1254 0.6536 0.0883 
 H076.3_2003  4 0.0185 0.0080 0.0178 0.0123 0.9433 
 H076.3_2004  4 0.0174 0.0100 0.0147 0.0135 0.9444 
 H076.4_2002  4 0.0567 0.0746 0.1085 0.1339 0.6262 
 H076.4_2003  4 0.0142 0.0106 0.0270 0.0329 0.9152 
 H076.4_2004  4 0.0932 0.0329 0.0786 0.5978 0.1975 
 H076.5_2002  4 0.0455 0.0340 0.0219 0.0207 0.8779 
 H076.5_2003  4 0.0138 0.0135 0.0192 0.0180 0.9354 
 H076.5_2004  4 0.0463 0.0222 0.0457 0.0622 0.8235 
 H076.6_2002  4 0.0280 0.0225 0.0344 0.0158 0.8993 
 H076.6_2003  4 0.0121 0.0084 0.0157 0.0085 0.9554 
 H076.6_2004  4 0.0151 0.0145 0.0146 0.0362 0.9196 
 H076.7_2002  4 0.1528 0.0559 0.2508 0.4869 0.0536 
 H076.7_2003  4 0.0442 0.0345 0.0247 0.0789 0.8177 
 H076.7_2004  4 0.0191 0.0115 0.0198 0.1377 0.8119 
      H477.1  4 0.0096 0.9425 0.0134 0.0228 0.0118 
      H477.2  4 0.0293 0.7935 0.0246 0.1420 0.0107 
      H477.3  4 0.0241 0.8895 0.0223 0.0485 0.0155 
      H477.4  4 0.0153 0.9190 0.0185 0.0265 0.0207 
      H477.5  4 0.0147 0.8058 0.0443 0.0896 0.0455 
      H477.6  4 0.0285 0.7827 0.0477 0.1236 0.0175 
      H477.7  4 0.0126 0.8889 0.0232 0.0321 0.0432 
 H479.1_2005  4 0.3624 0.1805 0.0332 0.4123 0.0116 
 H479.1_2006  4 0.0457 0.0940 0.0634 0.5935 0.2035 
     H479.10  4 0.3219 0.0544 0.0618 0.5140 0.0478 
 H479.2_2005  4 0.3285 0.2635 0.1923 0.1550 0.0607 
 H479.2_2006  4 0.0660 0.0891 0.0287 0.8019 0.0142 
 H479.3_2005  4 0.1393 0.2081 0.0192 0.6193 0.0142 
 H479.3_2006  4 0.1013 0.1874 0.0198 0.6663 0.0252 
 H479.4_2005  4 0.0386 0.0410 0.0170 0.8881 0.0153 
 H479.4_2006  4 0.5535 0.0363 0.0147 0.3855 0.0101 
 H479.5_2005  4 0.3811 0.1517 0.0613 0.3626 0.0434 
 H479.5_2006  4 0.1756 0.0911 0.0193 0.7011 0.0129 
 H479.6_2005  4 0.0623 0.1998 0.0271 0.3700 0.3408 
 H479.6_2006  4 0.7839 0.0946 0.0167 0.0897 0.0150 
 H479.7_2005  4 0.0876 0.6254 0.0332 0.2269 0.0270 
 H479.7_2006  4 0.2680 0.1446 0.0231 0.5443 0.0201 
 H479.8_2005  4 0.2363 0.4223 0.0169 0.3086 0.0159 
 H479.8_2006  4 0.0684 0.0176 0.0385 0.7445 0.1310 
      H479.9  4 0.0198 0.0175 0.0129 0.9316 0.0181 
      H516.1  4 0.0445 0.0330 0.5962 0.2638 0.0624 
      H516.2  4 0.0166 0.0122 0.0475 0.9132 0.0104 
      H516.3  4 0.0236 0.0528 0.5059 0.4020 0.0157 
      H516.4  4 0.0216 0.0254 0.1136 0.8153 0.0241 
      H516.5  4 0.0211 0.0336 0.2926 0.5826 0.0701 
      H516.6  4 0.0162 0.0133 0.0233 0.9330 0.0141 
      H516.7  4 0.0446 0.0745 0.0253 0.8402 0.0155 
      H516.8  4 0.0219 0.0193 0.5749 0.3615 0.0224 
      H516.9  4 0.0709 0.0508 0.0894 0.7739 0.0150 
      H646.1  4 0.0194 0.1258 0.1754 0.6596 0.0200 
      H646.2  4 0.0111 0.1047 0.1370 0.7099 0.0373 
      H646.3  4 0.0215 0.0348 0.2928 0.6398 0.0112 
      H646.4  4 0.0258 0.2673 0.1487 0.4225 0.1357 
      H646.5  4 0.0472 0.0249 0.2272 0.6750 0.0257 
      H658.1  4 0.0114 0.0132 0.0267 0.9130 0.0357 
     H658.10  4 0.0121 0.0273 0.0133 0.9362 0.0112 
      H658.2  4 0.0205 0.0377 0.0778 0.7811 0.0829 
      H658.3  4 0.0213 0.0257 0.0134 0.9257 0.0138 
      H658.4  4 0.0288 0.0141 0.0121 0.9340 0.0111 
      H658.5  4 0.0211 0.0243 0.0155 0.9329 0.0063 
      H658.6  4 0.0127 0.0134 0.0192 0.9421 0.0126 
      H658.7  4 0.0165 0.0141 0.0299 0.8956 0.0439 
      H658.8  4 0.0107 0.0180 0.0341 0.8495 0.0878 
      H658.9  4 0.0301 0.0254 0.0471 0.8675 0.0299 
      H682.1  4 0.4604 0.3285 0.0892 0.0907 0.0312 
      H682.6  4 0.2424 0.0881 0.4921 0.1317 0.0457 
      H720.1  4 0.3317 0.3358 0.0276 0.2604 0.0444 
      H720.2  4 0.1707 0.2896 0.0493 0.4631 0.0272 
      H720.3  4 0.3179 0.2394 0.0473 0.2223 0.1732 
      H720.4  4 0.2247 0.1332 0.1471 0.4625 0.0326 
      H720.5  4 0.3313 0.1409 0.0979 0.0545 0.3754 
      H720.6  4 0.3374 0.1939 0.0853 0.0550 0.3285 
      H720.7  4 0.0156 0.8843 0.0200 0.0702 0.0098 
      H720.8  4 0.4838 0.3400 0.0311 0.0871 0.0579 
      H720.9  4 0.7846 0.0159 0.1476 0.0368 0.0151 
      H724.1  4 0.0472 0.0175 0.0427 0.0213 0.8713 
      H724.2  4 0.0565 0.0907 0.0374 0.0236 0.7918 
      H724.3  4 0.4237 0.0974 0.0925 0.3580 0.0284 
      H724.4  4 0.0594 0.0281 0.0302 0.0706 0.8117 
      H724.5  4 0.5670 0.0956 0.0652 0.2480 0.0242 
      H724.6  4 0.0494 0.0179 0.0454 0.0232 0.8640 
      H725.1  4 0.7570 0.0135 0.1672 0.0446 0.0176 
      H725.2  4 0.1151 0.1156 0.4789 0.2721 0.0182 
      H725.3  4 0.1483 0.0413 0.4347 0.3474 0.0283 
      H725.4  4 0.7244 0.0334 0.0994 0.0360 0.1069 
      H725.5  4 0.0856 0.6274 0.0234 0.2421 0.0215 
      H725.6  4 0.0586 0.0844 0.1156 0.6443 0.0969 
      H725.7  4 0.3972 0.0280 0.3688 0.1840 0.0219 
      H725.8  4 0.0432 0.0228 0.0836 0.6441 0.2064 
      H726.1  4 0.0101 0.0141 0.0369 0.9232 0.0159 
      H726.2  4 0.0209 0.0285 0.0223 0.9165 0.0118 
      H726.3  4 0.0167 0.0320 0.0811 0.8090 0.0612 
      H726.4  4 0.0169 0.0104 0.0211 0.9409 0.0108 
      H726.5  4 0.0194 0.0091 0.0213 0.9381 0.0121 
        UNK1  4 0.0831 0.2366 0.1152 0.5384 0.0267 
        UNK2  4 0.5150 0.0333 0.1832 0.2185 0.0500 
        UNK3  4 0.0885 0.2944 0.1044 0.4854 0.0273 
      H016.1  5 0.1220 0.0308 0.0356 0.2901 0.5215 
      H016.2  5 0.6879 0.0199 0.0469 0.0755 0.1699 
      H016.3  5 0.0304 0.1153 0.1452 0.4069 0.3022 
      H016.4  5 0.7379 0.0255 0.0324 0.0598 0.1444 
 H017.1_2002  5 0.0170 0.0719 0.4634 0.1519 0.2958 
 H017.1_2003  5 0.0273 0.2791 0.1271 0.4288 0.1376 
 H017.2_2002  5 0.0866 0.0226 0.4172 0.0743 0.3993 
 H017.2_2003  5 0.0222 0.0151 0.0402 0.9000 0.0226 
 H017.3_2002  5 0.0231 0.0883 0.3374 0.1297 0.4216 
 H017.3_2003  5 0.0175 0.0804 0.7577 0.0351 0.1092 
 H017.4_2002  5 0.0669 0.0331 0.7293 0.0179 0.1528 
 H017.4_2003  5 0.0152 0.0194 0.1916 0.7344 0.0393 
 H017.5_2002  5 0.0176 0.0146 0.4282 0.0244 0.5151 
 H017.5_2003  5 0.0238 0.0285 0.4733 0.4331 0.0413 
 H017.6_2002  5 0.0252 0.0542 0.2638 0.0118 0.6450 
 H017.6_2003  5 0.0556 0.0201 0.2654 0.6188 0.0401 
 H017.7_2002  5 0.0583 0.0564 0.3875 0.0206 0.4772 
 H017.7_2003  5 0.0173 0.0407 0.1420 0.7794 0.0206 
      H017.8  5 0.0237 0.0209 0.6904 0.0215 0.2435 
      H017.9  5 0.0273 0.0556 0.0998 0.0314 0.7859 
      H032.1  5 0.0161 0.0129 0.0129 0.9453 0.0129 
      H032.2  5 0.0128 0.0114 0.0092 0.9533 0.0133 
      H032.3  5 0.0395 0.0166 0.0123 0.9138 0.0178 
      H032.4  5 0.0174 0.0086 0.0328 0.9249 0.0163 
      H032.5  5 0.0172 0.0111 0.0185 0.9421 0.0110 
      H032.6  5 0.0168 0.0095 0.0143 0.9462 0.0132 
      H032.7  5 0.0184 0.0356 0.0567 0.8710 0.0183 
 H034.1_2002  5 0.0793 0.0176 0.5649 0.0722 0.2659 
 H034.1_2003  5 0.0243 0.0236 0.9049 0.0333 0.0140 
 H034.2_2002  5 0.0547 0.0132 0.5756 0.0970 0.2596 
 H034.2_2003  5 0.0266 0.0920 0.8160 0.0358 0.0296 
 H034.3_2002  5 0.0468 0.0306 0.3780 0.0794 0.4652 
 H034.3_2003  5 0.0216 0.0218 0.9155 0.0164 0.0247 
 H034.4_2002  5 0.0712 0.0502 0.5194 0.0312 0.3281 
 H034.4_2003  5 0.0095 0.0220 0.9273 0.0281 0.0131 
 H034.5_2002  5 0.0208 0.0179 0.3692 0.1459 0.4462 
 H034.5_2003  5 0.0313 0.0693 0.5582 0.1527 0.1885 
 H034.6_2002  5 0.0273 0.0310 0.5652 0.0289 0.3475 
 H034.6_2003  5 0.0087 0.0498 0.8414 0.0740 0.0261 
 H034.7_2002  5 0.0341 0.0157 0.8533 0.0601 0.0368 
 H034.7_2003  5 0.0123 0.0345 0.7016 0.2136 0.0379 
 H034.8_2002  5 0.0342 0.0170 0.8118 0.0245 0.1125 
 H034.8_2003  5 0.0099 0.0237 0.6872 0.0470 0.2322 
      H034.9  5 0.1550 0.0398 0.3438 0.2313 0.2301 
      H048.1  5 0.0290 0.0211 0.0140 0.9225 0.0134 
      H048.2  5 0.6117 0.0854 0.0355 0.1993 0.0681 
      H048.3  5 0.0947 0.1154 0.0254 0.3026 0.4620 
      H048.4  5 0.4423 0.0265 0.0169 0.1928 0.3215 
      H048.5  5 0.0608 0.0294 0.0137 0.8816 0.0145 
      H048.6  5 0.5039 0.0360 0.0163 0.1576 0.2861 
      H048.7  5 0.1516 0.0217 0.0190 0.7586 0.0491 
      H048.8  5 0.2186 0.0186 0.0419 0.4449 0.2760 
      H060.1  5 0.0235 0.0167 0.9255 0.0110 0.0232 
     H060.10  5 0.0074 0.0082 0.9660 0.0088 0.0097 
      H060.2  5 0.0201 0.0162 0.9351 0.0131 0.0155 
      H060.3  5 0.0087 0.0064 0.9617 0.0119 0.0112 
      H060.4  5 0.0140 0.0231 0.9088 0.0178 0.0363 
      H060.5  5 0.0163 0.0134 0.9321 0.0145 0.0238 
      H060.6  5 0.0125 0.0150 0.9322 0.0162 0.0240 
      H060.7  5 0.0424 0.0201 0.8918 0.0138 0.0318 
      H060.8  5 0.0248 0.0174 0.9005 0.0239 0.0334 
      H060.9  5 0.0133 0.0144 0.8986 0.0449 0.0288 
