      H105.1  1 0.1875 0.1493 0.0630 0.2292 0.3351 0.0359 
      H105.2  1 0.1570 0.0761 0.1629 0.0253 0.5479 0.0307 
      H105.3  1 0.0470 0.1279 0.0291 0.1649 0.6049 0.0263 
      H105.4  1 0.4949 0.0742 0.0875 0.0221 0.2820 0.0393 
      H105.5  1 0.6403 0.0782 0.0626 0.0230 0.1324 0.0634 
      H105.6  1 0.2023 0.0578 0.0174 0.0965 0.5835 0.0424 
      H105.7  1 0.0900 0.0363 0.0878 0.4859 0.2827 0.0174 
      H105.8  1 0.0651 0.1727 0.0418 0.2451 0.4351 0.0403 
      H115.1  1 0.0371 0.1066 0.0597 0.1177 0.3588 0.3201 
      H115.2  1 0.0477 0.0767 0.0310 0.0179 0.0626 0.7641 
      H115.3  1 0.0620 0.0433 0.0419 0.0161 0.0157 0.8210 
      H115.4  1 0.0365 0.6821 0.1480 0.0164 0.0875 0.0296 
      H115.5  1 0.0355 0.0289 0.0747 0.0374 0.0524 0.7711 
      H115.6  1 0.1051 0.0385 0.0852 0.0259 0.0481 0.6972 
      H115.7  1 0.1562 0.0845 0.1268 0.0117 0.5454 0.0754 
      H115.8  1 0.0158 0.0174 0.0216 0.0420 0.0184 0.8848 
      H115.9  1 0.0254 0.0231 0.0317 0.1587 0.0370 0.7241 
      H145.1  1 0.9081 0.0163 0.0082 0.0114 0.0318 0.0242 
      H145.2  1 0.7140 0.0303 0.0129 0.0173 0.0386 0.1869 
      H145.3  1 0.7878 0.0133 0.0532 0.0847 0.0197 0.0413 
      H145.4  1 0.9177 0.0109 0.0110 0.0108 0.0324 0.0171 
      H145.5  1 0.8604 0.0123 0.0141 0.0203 0.0221 0.0709 
      H145.6  1 0.6560 0.0380 0.1153 0.0234 0.0476 0.1197 
      H145.7  1 0.8674 0.0141 0.0632 0.0224 0.0206 0.0123 
      H149.1  1 0.9070 0.0353 0.0104 0.0131 0.0192 0.0150 
      H149.2  1 0.9516 0.0123 0.0113 0.0077 0.0109 0.0062 
      H149.3  1 0.8856 0.0409 0.0239 0.0109 0.0285 0.0102 
      H149.4  1 0.5442 0.3237 0.0323 0.0275 0.0480 0.0244 
      H149.5  1 0.6886 0.1949 0.0602 0.0175 0.0294 0.0094 
      H149.6  1 0.8934 0.0367 0.0175 0.0084 0.0377 0.0064 
      H149.7  1 0.2497 0.4197 0.1066 0.0602 0.1480 0.0158 
      H150.1  1 0.0109 0.0131 0.0123 0.0126 0.0177 0.9334 
      H150.2  1 0.0248 0.0612 0.0206 0.0120 0.0444 0.8369 
      H150.3  1 0.0637 0.0278 0.0258 0.0368 0.3495 0.4964 
      H150.4  1 0.0126 0.0071 0.0110 0.0188 0.0200 0.9305 
      H150.5  1 0.1799 0.1827 0.1061 0.0197 0.1224 0.3892 
      H150.6  1 0.0526 0.3789 0.1464 0.0087 0.0811 0.3324 
      H150.7  1 0.0157 0.0095 0.0068 0.0139 0.0140 0.9400 
   H169607.1  1 0.2263 0.3422 0.1501 0.0622 0.1504 0.0688 
   H169607.2  1 0.6299 0.1642 0.0246 0.1359 0.0244 0.0208 
   H169607.3  1 0.2981 0.0850 0.4406 0.1067 0.0395 0.0302 
   H169607.4  1 0.8931 0.0488 0.0129 0.0148 0.0141 0.0163 
   H169607.5  1 0.7450 0.0932 0.0226 0.0937 0.0201 0.0255 
   H169607.6  1 0.6013 0.2072 0.0518 0.1064 0.0165 0.0168 
   H169607.7  1 0.0789 0.7613 0.0286 0.0904 0.0199 0.0209 
   H169607.8  1 0.8159 0.0486 0.0313 0.0748 0.0166 0.0127 
   H169633.1  1 0.6013 0.0444 0.0369 0.0201 0.2073 0.0900 
   H169633.2  1 0.1170 0.1309 0.0701 0.0851 0.5822 0.0146 
   H169633.3  1 0.3538 0.1306 0.0310 0.1851 0.2832 0.0162 
   H169633.4  1 0.7921 0.0445 0.0225 0.0128 0.0312 0.0968 
   H169633.5  1 0.7966 0.0391 0.0225 0.0126 0.0330 0.0962 
   H169688.1  1 0.2299 0.0864 0.6206 0.0342 0.0199 0.0090 
   H169688.2  1 0.0291 0.1203 0.7693 0.0329 0.0133 0.0351 
   H169688.3  1 0.1549 0.2993 0.4485 0.0191 0.0524 0.0259 
   H169688.4  1 0.0587 0.1516 0.2490 0.0330 0.0133 0.4945 
   H169688.5  1 0.0653 0.1773 0.2200 0.0287 0.0160 0.4927 
   H169688.6  1 0.0390 0.5782 0.2763 0.0201 0.0168 0.0696 
   H169688.7  1 0.3633 0.3272 0.1864 0.0234 0.0449 0.0547 
   H171901.1  1 0.1009 0.0454 0.1993 0.0197 0.2857 0.3490 
   H171901.2  1 0.8747 0.0327 0.0151 0.0161 0.0221 0.0392 
   H171901.3  1 0.6274 0.1803 0.0994 0.0151 0.0430 0.0347 
   H171901.4  1 0.5579 0.3247 0.0307 0.0219 0.0425 0.0223 
   H171901.5  1 0.5863 0.3434 0.0228 0.0112 0.0187 0.0175 
   H171901.6  1 0.7197 0.2117 0.0161 0.0170 0.0209 0.0145 
   H171901.7  1 0.4768 0.4368 0.0248 0.0230 0.0182 0.0204 
   H171902.1  1 0.4420 0.2503 0.0284 0.0366 0.0164 0.2263 
  H171902.10  1 0.5116 0.4325 0.0131 0.0119 0.0099 0.0209 
   H171902.2  1 0.2760 0.2095 0.2193 0.1805 0.0191 0.0956 
   H171902.3  1 0.2680 0.6422 0.0214 0.0181 0.0210 0.0293 
   H171902.4  1 0.9033 0.0192 0.0107 0.0189 0.0125 0.0354 
   H171902.6  1 0.6184 0.3162 0.0101 0.0081 0.0150 0.0323 
   H171902.7  1 0.8080 0.0952 0.0087 0.0105 0.0113 0.0663 
   H171902.8  1 0.4536 0.4552 0.0187 0.0098 0.0148 0.0479 
   H171902.9  1 0.6849 0.0452 0.0169 0.0312 0.0189 0.2030 
   H171903.1  1 0.7624 0.0851 0.0378 0.0656 0.0200 0.0289 
   H171903.2  1 0.3431 0.1414 0.0682 0.3347 0.0265 0.0860 
   H171903.3  1 0.5002 0.1833 0.0660 0.1368 0.0672 0.0465 
   H171903.4  1 0.7518 0.0371 0.1470 0.0143 0.0240 0.0259 
   H171903.5  1 0.2219 0.4900 0.1147 0.0765 0.0319 0.0650 
   H171903.6  1 0.5427 0.2923 0.1041 0.0284 0.0121 0.0204 
      H177.1  1 0.7940 0.1027 0.0560 0.0112 0.0104 0.0257 
      H177.2  1 0.3998 0.3365 0.0437 0.1598 0.0206 0.0396 
      H177.3  1 0.6400 0.2750 0.0110 0.0172 0.0162 0.0407 
      H177.4  1 0.7124 0.1650 0.0768 0.0168 0.0108 0.0182 
      H177.5  1 0.1259 0.0485 0.7488 0.0415 0.0129 0.0224 
      H177.6  1 0.6676 0.2482 0.0115 0.0152 0.0111 0.0464 
      H179.1  1 0.0150 0.7559 0.1011 0.0437 0.0524 0.0319 
      H179.2  1 0.0147 0.8571 0.0336 0.0517 0.0265 0.0166 
      H179.3  1 0.0195 0.4043 0.3496 0.1599 0.0232 0.0435 
      H179.4  1 0.0460 0.8430 0.0255 0.0584 0.0189 0.0082 
      H180.1  1 0.0132 0.6515 0.2129 0.0074 0.0344 0.0807 
      H180.2  1 0.0202 0.5323 0.2048 0.0111 0.0372 0.1944 
      H180.3  1 0.0194 0.2440 0.1094 0.0969 0.1469 0.3835 
      H180.4  1 0.0467 0.5597 0.1606 0.0313 0.1285 0.0731 
      H180.5  1 0.0753 0.5669 0.1213 0.0648 0.0157 0.1561 
      H180.6  1 0.0656 0.0810 0.0216 0.6284 0.0290 0.1743 
      H181.1  1 0.3320 0.2120 0.3897 0.0121 0.0133 0.0408 
      H181.2  1 0.1920 0.5393 0.1639 0.0205 0.0410 0.0432 
      H181.3  1 0.1336 0.4237 0.3431 0.0438 0.0222 0.0336 
      H181.4  1 0.3322 0.1878 0.4068 0.0247 0.0238 0.0247 
      H181.5  1 0.0416 0.3535 0.4249 0.1040 0.0529 0.0231 
      H181.6  1 0.0831 0.7010 0.0992 0.0439 0.0441 0.0287 
      H181.7  1 0.0398 0.8016 0.0662 0.0545 0.0126 0.0253 
 H194.1_2004  1 0.9155 0.0116 0.0115 0.0251 0.0159 0.0204 
 H194.2_2004  1 0.8923 0.0086 0.0558 0.0100 0.0178 0.0155 
 H194.3_2004  1 0.9314 0.0169 0.0101 0.0155 0.0164 0.0097 
 H194.4_2004  1 0.9359 0.0088 0.0255 0.0090 0.0096 0.0113 
 H194.5_2004  1 0.9172 0.0186 0.0116 0.0221 0.0216 0.0090 
 H194.6_2004  1 0.8735 0.0225 0.0477 0.0225 0.0221 0.0117 
 H194.7_2004  1 0.7972 0.0128 0.0251 0.1271 0.0222 0.0155 
 H194.8_2004  1 0.8335 0.0188 0.0876 0.0243 0.0217 0.0141 
      H194.9  1 0.8059 0.0124 0.0185 0.1162 0.0244 0.0226 
 H195.1_2003  1 0.8456 0.0457 0.0232 0.0155 0.0596 0.0103 
 H195.1_2004  1 0.8003 0.0610 0.0408 0.0118 0.0532 0.0329 
 H195.2_2003  1 0.8215 0.0404 0.0210 0.0723 0.0117 0.0332 
 H195.2_2004  1 0.8399 0.0250 0.0304 0.0542 0.0280 0.0225 
 H195.3_2003  1 0.7744 0.0587 0.0398 0.0396 0.0398 0.0477 
 H195.3_2004  1 0.9297 0.0137 0.0159 0.0098 0.0182 0.0127 
 H195.4_2003  1 0.9236 0.0151 0.0102 0.0115 0.0329 0.0067 
 H195.4_2004  1 0.6060 0.0242 0.2165 0.1167 0.0248 0.0117 
 H195.5_2003  1 0.8166 0.0397 0.0360 0.0167 0.0806 0.0104 
 H195.5_2004  1 0.8690 0.0268 0.0385 0.0123 0.0421 0.0113 
 H195.6_2003  1 0.9137 0.0219 0.0255 0.0102 0.0124 0.0164 
 H195.6_2004  1 0.9159 0.0193 0.0105 0.0143 0.0318 0.0084 
 H195.7_2003  1 0.6961 0.0724 0.1198 0.0540 0.0491 0.0085 
 H195.7_2004  1 0.6353 0.0787 0.0639 0.0217 0.0483 0.1520 
      H195.8  1 0.6565 0.0346 0.1984 0.0494 0.0325 0.0286 
      H195.9  1 0.8360 0.0589 0.0259 0.0516 0.0146 0.0131 
      H415.1  1 0.0862 0.0439 0.0238 0.0750 0.4234 0.3476 
      H415.2  1 0.2468 0.3561 0.0185 0.0182 0.1416 0.2189 
      H415.3  1 0.0548 0.2870 0.0144 0.0271 0.5940 0.0227 
      H415.4  1 0.0198 0.0268 0.0134 0.0384 0.8492 0.0524 
      H415.5  1 0.0519 0.2127 0.0139 0.0140 0.6853 0.0221 
      H415.6  1 0.0249 0.0218 0.0135 0.0325 0.8471 0.0601 
      H415.7  1 0.4620 0.4039 0.0106 0.0247 0.0680 0.0308 
      H506.1  1 0.0117 0.9047 0.0149 0.0202 0.0354 0.0130 
      H506.2  1 0.0277 0.9189 0.0126 0.0111 0.0190 0.0106 
      H506.3  1 0.0109 0.8230 0.0380 0.0275 0.0365 0.0640 
      H506.4  1 0.0123 0.8666 0.0288 0.0251 0.0365 0.0307 
      H506.5  1 0.0243 0.9034 0.0129 0.0147 0.0215 0.0232 
      H506.6  1 0.0177 0.7046 0.0602 0.0268 0.0208 0.1699 
      H506.7  1 0.0269 0.8975 0.0121 0.0177 0.0293 0.0164 
      H533.1  1 0.0078 0.9509 0.0099 0.0096 0.0092 0.0126 
      H533.2  1 0.0168 0.9330 0.0111 0.0102 0.0106 0.0184 
      H533.3  1 0.0085 0.9412 0.0129 0.0132 0.0116 0.0125 
      H533.4  1 0.0224 0.9097 0.0175 0.0127 0.0116 0.0260 
      H535.1  1 0.1016 0.8085 0.0142 0.0292 0.0324 0.0142 
      H535.2  1 0.1137 0.6505 0.0640 0.1499 0.0156 0.0063 
      H535.3  1 0.0819 0.6972 0.0566 0.1311 0.0152 0.0180 
      H535.4  1 0.0876 0.8500 0.0143 0.0137 0.0277 0.0067 
      H535.5  1 0.0348 0.9157 0.0128 0.0119 0.0170 0.0079 
      H535.6  1 0.0549 0.7523 0.0868 0.0565 0.0288 0.0207 
      H535.7  1 0.0133 0.9394 0.0096 0.0158 0.0116 0.0104 
      H535.8  1 0.0259 0.8886 0.0266 0.0350 0.0143 0.0095 
      H535.9  1 0.0346 0.8972 0.0121 0.0218 0.0117 0.0225 
      H539.1  1 0.0118 0.0055 0.0061 0.0116 0.0079 0.9571 
      H539.2  1 0.0370 0.4349 0.1245 0.0732 0.0360 0.2945 
      H539.3  1 0.0403 0.0174 0.0233 0.0503 0.0120 0.8567 
      H539.4  1 0.0091 0.0171 0.0137 0.0143 0.0087 0.9370 
      H539.5  1 0.0204 0.0098 0.0084 0.0387 0.0096 0.9131 
      H539.6  1 0.0195 0.0115 0.0121 0.0490 0.0146 0.8933 
      H539.7  1 0.0180 0.0127 0.0103 0.0157 0.0147 0.9286 
      H539.8  1 0.0240 0.0174 0.0247 0.0133 0.0170 0.9036 
      H539.9  1 0.0069 0.0069 0.0076 0.0134 0.0065 0.9587 
      H540.1  1 0.0483 0.0282 0.0140 0.0143 0.0107 0.8845 
      H540.2  1 0.0575 0.0116 0.0142 0.0157 0.0186 0.8824 
      H540.3  1 0.0266 0.0136 0.0271 0.0081 0.0336 0.8910 
      H540.4  1 0.1079 0.0751 0.0267 0.0141 0.0395 0.7366 
      H540.5  1 0.0193 0.0117 0.0125 0.0135 0.0121 0.9309 
      H540.6  1 0.0579 0.0320 0.0439 0.0464 0.0212 0.7987 
      H540.7  1 0.0771 0.0464 0.0212 0.0377 0.0226 0.7950 
      H540.8  1 0.4934 0.0742 0.0170 0.0156 0.0225 0.3772 
     H9558.1  1 0.0138 0.0178 0.0131 0.0072 0.0103 0.9379 
     H9558.2  1 0.0115 0.0168 0.0169 0.0242 0.0163 0.9144 
     H9558.3  1 0.0201 0.0100 0.0096 0.0350 0.0154 0.9098 
     H9558.4  1 0.0141 0.0377 0.0100 0.0129 0.0091 0.9161 
     H9558.5  1 0.0071 0.0204 0.0119 0.0073 0.0115 0.9417 
     H9558.6  1 0.0262 0.0101 0.0407 0.1245 0.0175 0.7810 
    kos339.1  1 0.2430 0.6123 0.0269 0.0729 0.0252 0.0197 
    kos339.2  1 0.5112 0.1541 0.0221 0.2160 0.0653 0.0313 
    kos339.3  1 0.5068 0.4045 0.0145 0.0287 0.0302 0.0152 
    kos339.4  1 0.5569 0.2966 0.0232 0.0434 0.0653 0.0146 
    kos339.5  1 0.6708 0.2078 0.0198 0.0545 0.0369 0.0101 
    kos339.6  1 0.8790 0.0485 0.0133 0.0140 0.0291 0.0161 
    kos339.7  1 0.2584 0.6706 0.0137 0.0304 0.0140 0.0128 
    kos339.8  1 0.3872 0.5157 0.0190 0.0173 0.0489 0.0120 
    kos339.9  1 0.8804 0.0522 0.0102 0.0207 0.0194 0.0172 
      H008.1  2 0.0110 0.0205 0.0119 0.9109 0.0253 0.0203 
      H008.2  2 0.0384 0.2071 0.0647 0.2499 0.0226 0.4173 
      H008.3  2 0.0435 0.3189 0.1619 0.1908 0.0475 0.2372 
      H008.4  2 0.0218 0.0151 0.0156 0.8644 0.0358 0.0473 
      H008.5  2 0.0155 0.0226 0.0219 0.8960 0.0166 0.0273 
      H008.6  2 0.0308 0.0623 0.0215 0.6173 0.0338 0.2343 
      H008.7  2 0.0349 0.0447 0.0377 0.7016 0.0569 0.1242 
      H008.8  2 0.0606 0.0488 0.0238 0.2695 0.0222 0.5751 
      H008.9  2 0.0677 0.0621 0.0315 0.0587 0.0428 0.7372 
 H029.1_2002  2 0.0093 0.0089 0.0189 0.9156 0.0193 0.0279 
 H029.1_2003  2 0.0218 0.0404 0.0517 0.8183 0.0280 0.0399 
 H029.2_2002  2 0.0236 0.0223 0.0221 0.9083 0.0098 0.0139 
 H029.2_2003  2 0.0397 0.0910 0.0411 0.7838 0.0114 0.0329 
 H029.3_2002  2 0.0308 0.0784 0.1583 0.6755 0.0141 0.0430 
 H029.3_2003  2 0.0107 0.0150 0.0143 0.9347 0.0152 0.0102 
 H029.4_2002  2 0.0073 0.0095 0.0260 0.9329 0.0131 0.0112 
 H029.4_2003  2 0.0114 0.0340 0.0916 0.7508 0.0404 0.0718 
 H029.5_2002  2 0.0086 0.0074 0.0149 0.9398 0.0184 0.0108 
 H029.5_2003  2 0.0089 0.0169 0.0137 0.9282 0.0175 0.0147 
 H029.6_2002  2 0.0075 0.0139 0.0805 0.8724 0.0131 0.0126 
 H029.6_2003  2 0.0281 0.0997 0.0314 0.7716 0.0434 0.0257 
      H029.7  2 0.0189 0.0109 0.0158 0.9304 0.0093 0.0148 
      H030.1  2 0.0270 0.0361 0.8191 0.0818 0.0252 0.0108 
      H030.2  2 0.0178 0.0292 0.6249 0.1263 0.1122 0.0896 
      H038.1  2 0.0091 0.0066 0.0084 0.9446 0.0087 0.0225 
      H038.2  2 0.0109 0.0109 0.0122 0.9506 0.0083 0.0070 
      H038.3  2 0.0122 0.0133 0.0128 0.9195 0.0171 0.0251 
      H038.4  2 0.0127 0.0100 0.0114 0.9231 0.0236 0.0192 
      H038.5  2 0.0094 0.0287 0.0205 0.9057 0.0142 0.0215 
      H038.6  2 0.0083 0.0110 0.0115 0.9483 0.0064 0.0146 
      H038.7  2 0.0065 0.0123 0.0070 0.9531 0.0074 0.0137 
      H038.8  2 0.0133 0.0124 0.0184 0.9041 0.0174 0.0345 
      H041.1  2 0.0343 0.0231 0.1346 0.6520 0.1368 0.0191 
      H041.2  2 0.0159 0.0098 0.0282 0.3595 0.5710 0.0156 
      H041.4  2 0.0315 0.0110 0.0306 0.8241 0.0620 0.0408 
      H041.6  2 0.0309 0.0130 0.0567 0.7680 0.0859 0.0454 
 H042.1_2002  2 0.1214 0.0407 0.6290 0.0281 0.1013 0.0795 
 H042.1_2003  2 0.0297 0.0617 0.0243 0.1425 0.3597 0.3822 
 H042.2_2002  2 0.0157 0.0479 0.1244 0.6676 0.1219 0.0225 
 H042.2_2003  2 0.0567 0.0199 0.0218 0.2931 0.5802 0.0282 
 H042.3_2002  2 0.1095 0.0663 0.4370 0.0340 0.2635 0.0897 
 H042.3_2003  2 0.0487 0.1006 0.1799 0.2097 0.2518 0.2093 
 H042.4_2002  2 0.0895 0.0135 0.6455 0.0720 0.1375 0.0419 
 H042.4_2003  2 0.2025 0.0138 0.4892 0.2429 0.0287 0.0229 
      H042.5  2 0.0368 0.0151 0.8990 0.0217 0.0150 0.0124 
      H042.6  2 0.0406 0.0222 0.8270 0.0627 0.0151 0.0324 
      H042.7  2 0.0616 0.0225 0.3183 0.0951 0.4855 0.0170 
      H042.8  2 0.0313 0.0190 0.5940 0.0979 0.2258 0.0321 
   H042_2002  2 0.0881 0.0460 0.0265 0.3577 0.1836 0.2980 
   H042_2003  2 0.0833 0.0364 0.0293 0.4144 0.1554 0.2812 
      H043.1  2 0.0268 0.0328 0.0272 0.0291 0.0150 0.8691 
      H043.2  2 0.0282 0.0159 0.0074 0.0323 0.0185 0.8978 
      H043.3  2 0.0288 0.0315 0.0107 0.5938 0.0201 0.3152 
      H043.4  2 0.0370 0.0171 0.0136 0.1009 0.0190 0.8123 
      H043.5  2 0.0087 0.0132 0.0076 0.0468 0.0123 0.9115 
      H043.6  2 0.0096 0.0137 0.0096 0.1064 0.0113 0.8495 
      H043.7  2 0.0604 0.0104 0.0107 0.0388 0.0236 0.8561 
      H043.8  2 0.0859 0.1033 0.0237 0.0788 0.0461 0.6622 
      H043.9  2 0.0308 0.0359 0.0437 0.1715 0.0274 0.6908 
      H047.1  2 0.0183 0.0512 0.0089 0.8274 0.0249 0.0692 
      H047.2  2 0.0236 0.0397 0.0347 0.8456 0.0397 0.0167 
      H047.3  2 0.0284 0.0355 0.0367 0.7396 0.1459 0.0140 
      H047.4  2 0.0193 0.0209 0.0172 0.8457 0.0849 0.0120 
      H047.5  2 0.0256 0.0302 0.0142 0.7724 0.1402 0.0175 
      H047.6  2 0.0244 0.0379 0.0345 0.5236 0.3208 0.0587 
      H047.7  2 0.0218 0.0212 0.0099 0.8086 0.0906 0.0479 
      H047.8  2 0.0312 0.0871 0.0277 0.4959 0.3011 0.0571 
      H047.9  2 0.0680 0.0290 0.0129 0.8352 0.0360 0.0188 
 H071.1_2002  2 0.0121 0.0080 0.0117 0.9400 0.0108 0.0175 
 H071.1_2003  2 0.0459 0.0114 0.0251 0.8590 0.0205 0.0380 
     H071.10  2 0.0081 0.0117 0.0239 0.9357 0.0096 0.0111 
 H071.2_2002  2 0.0098 0.0142 0.0081 0.9411 0.0103 0.0164 
 H071.2_2003  2 0.0087 0.0068 0.0072 0.9653 0.0058 0.0061 
      H071.3  2 0.0082 0.0135 0.0158 0.9274 0.0227 0.0125 
 H071.4_2002  2 0.0133 0.0143 0.0141 0.9281 0.0134 0.0168 
 H071.4_2003  2 0.0070 0.0091 0.0082 0.9619 0.0075 0.0065 
 H071.5_2002  2 0.0080 0.0091 0.0111 0.9569 0.0078 0.0072 
 H071.5_2003  2 0.0135 0.0127 0.0093 0.9423 0.0119 0.0103 
 H071.6_2002  2 0.0076 0.0158 0.0095 0.9489 0.0076 0.0105 
 H071.6_2003  2 0.0092 0.0098 0.0117 0.9556 0.0074 0.0063 
 H071.7_2002  2 0.0069 0.0063 0.0056 0.9648 0.0079 0.0085 
 H071.7_2003  2 0.0158 0.0129 0.0126 0.9364 0.0111 0.0113 
      H071.8  2 0.0096 0.0092 0.0079 0.9482 0.0132 0.0120 
      H071.9  2 0.0170 0.0196 0.0312 0.8893 0.0186 0.0243 
 H081.1_2002  2 0.0085 0.0060 0.0084 0.9595 0.0084 0.0093 
 H081.1_2003  2 0.0674 0.0364 0.1138 0.1138 0.0287 0.6400 
 H081.2_2002  2 0.0095 0.0055 0.0076 0.9608 0.0062 0.0104 
 H081.2_2003  2 0.0295 0.0238 0.8221 0.0464 0.0234 0.0549 
 H081.3_2002  2 0.0178 0.0091 0.0134 0.9382 0.0099 0.0116 
 H081.3_2003  2 0.1178 0.0694 0.2342 0.0447 0.0209 0.5130 
 H081.4_2002  2 0.0102 0.0122 0.0105 0.9493 0.0100 0.0077 
 H081.4_2003  2 0.1533 0.0744 0.3785 0.0806 0.0639 0.2493 
 H081.5_2002  2 0.0093 0.0106 0.0114 0.9497 0.0089 0.0101 
 H081.5_2003  2 0.1909 0.0350 0.1414 0.2084 0.0916 0.3328 
      H081.6  2 0.0104 0.0086 0.0082 0.9528 0.0093 0.0107 
      H081.7  2 0.0168 0.0089 0.0101 0.9434 0.0093 0.0114 
      H081.8  2 0.0228 0.0118 0.0321 0.9010 0.0151 0.0173 
      H083.1  2 0.0075 0.0138 0.0192 0.9418 0.0077 0.0101 
      H083.2  2 0.0136 0.0138 0.0235 0.9225 0.0101 0.0165 
      H083.4  2 0.0100 0.0183 0.0241 0.9215 0.0096 0.0164 
      H083.5  2 0.0087 0.0107 0.0214 0.9291 0.0111 0.0191 
      H083.6  2 0.0117 0.0247 0.0407 0.9030 0.0106 0.0093 
      H083.7  2 0.0143 0.0215 0.0313 0.9053 0.0127 0.0150 
      H083.8  2 0.0136 0.0127 0.0148 0.9369 0.0093 0.0127 
      H083.9  2 0.0102 0.0098 0.0267 0.9336 0.0102 0.0094 
      H084.1  2 0.0204 0.0232 0.8595 0.0154 0.0445 0.0371 
      H084.2  2 0.0125 0.0287 0.8888 0.0202 0.0123 0.0375 
      H084.3  2 0.0486 0.0415 0.2532 0.0259 0.4878 0.1430 
      H084.4  2 0.0412 0.0539 0.2703 0.0453 0.3984 0.1909 
      H084.5  2 0.0217 0.0349 0.2699 0.0179 0.6228 0.0328 
      H084.6  2 0.0527 0.0227 0.2714 0.0157 0.5320 0.1056 
      H084.7  2 0.0145 0.0413 0.8661 0.0260 0.0316 0.0204 
      H084.8  2 0.0222 0.0189 0.2957 0.0128 0.6214 0.0291 
 H085.1_2002  2 0.1057 0.0156 0.2116 0.5870 0.0110 0.0693 
 H085.1_2003  2 0.0201 0.0297 0.1010 0.8064 0.0238 0.0190 
 H085.2_2002  2 0.2851 0.0184 0.4596 0.0998 0.0339 0.1032 
 H085.2_2003  2 0.0268 0.0377 0.0665 0.8351 0.0178 0.0162 
 H085.3_2002  2 0.7091 0.0100 0.0712 0.1736 0.0197 0.0163 
 H085.3_2003  2 0.0226 0.0150 0.0192 0.9115 0.0198 0.0118 
 H085.4_2002  2 0.1053 0.0261 0.1794 0.5069 0.0270 0.1553 
 H085.4_2003  2 0.0270 0.0084 0.0281 0.8832 0.0373 0.0159 
 H085.5_2002  2 0.6232 0.0126 0.0230 0.2864 0.0154 0.0393 
 H085.5_2003  2 0.0142 0.0191 0.0967 0.8516 0.0094 0.0091 
 H085.6_2002  2 0.5202 0.0150 0.1793 0.2293 0.0171 0.0391 
 H085.6_2003  2 0.3065 0.0248 0.0253 0.4946 0.1190 0.0297 
 H085.7_2002  2 0.5247 0.0167 0.1774 0.2387 0.0207 0.0219 
 H085.7_2003  2 0.0170 0.0122 0.0162 0.9120 0.0229 0.0197 
 H085.8_2002  2 0.6807 0.0179 0.0377 0.1875 0.0358 0.0404 
 H085.8_2003  2 0.0591 0.0230 0.3585 0.4665 0.0611 0.0319 
      H085.9  2 0.2218 0.0113 0.0935 0.5488 0.0252 0.0994 
      H088.1  2 0.0514 0.0382 0.8419 0.0200 0.0187 0.0297 
      H088.2  2 0.0495 0.0362 0.8592 0.0155 0.0265 0.0131 
      H088.3  2 0.0147 0.0219 0.9215 0.0145 0.0150 0.0122 
      H088.4  2 0.0105 0.0208 0.8307 0.0544 0.0599 0.0237 
      H088.5  2 0.0124 0.0138 0.9208 0.0107 0.0284 0.0139 
      H088.6  2 0.0291 0.0249 0.8208 0.0389 0.0735 0.0129 
      H088.7  2 0.0363 0.0229 0.3214 0.4807 0.1233 0.0154 
      H088.8  2 0.0288 0.0590 0.3490 0.3577 0.1855 0.0202 
      H091.1  2 0.0202 0.0455 0.8252 0.0579 0.0348 0.0165 
      H091.2  2 0.0243 0.0467 0.6931 0.1397 0.0846 0.0117 
      H109.1  2 0.0307 0.1884 0.3011 0.0855 0.1406 0.2537 
      H109.2  2 0.0528 0.0884 0.4713 0.2219 0.1076 0.0580 
      H109.3  2 0.1346 0.2729 0.0983 0.2393 0.2202 0.0346 
      H109.4  2 0.0611 0.2258 0.2125 0.0824 0.2030 0.2151 
      H109.5  2 0.0985 0.0277 0.0498 0.5617 0.2517 0.0106 
      H109.6  2 0.1594 0.1893 0.1804 0.1229 0.1762 0.1718 
      H126.1  2 0.3470 0.1769 0.0274 0.0443 0.1417 0.2627 
      H126.2  2 0.0280 0.0440 0.0221 0.7463 0.0135 0.1460 
      H126.3  2 0.0170 0.0308 0.0166 0.8657 0.0437 0.0262 
      H126.4  2 0.0640 0.3146 0.0423 0.1498 0.0533 0.3760 
      H126.5  2 0.1578 0.0949 0.0133 0.5721 0.0307 0.1312 
      H126.6  2 0.0178 0.0184 0.0117 0.9236 0.0123 0.0161 
      H126.7  2 0.0124 0.0154 0.0157 0.9401 0.0093 0.0071 
      H130.1  2 0.5564 0.1130 0.1770 0.0332 0.0339 0.0865 
      H130.2  2 0.0474 0.0684 0.7330 0.0858 0.0204 0.0450 
      H130.3  2 0.0970 0.5496 0.2601 0.0627 0.0162 0.0143 
      H130.4  2 0.1275 0.2155 0.1437 0.0185 0.0172 0.4776 
      H130.5  2 0.1073 0.0299 0.7003 0.1057 0.0190 0.0378 
      H133.1  2 0.0609 0.1300 0.1380 0.0755 0.0421 0.5535 
      H133.2  2 0.4096 0.1036 0.1450 0.0689 0.0447 0.2282 
      H133.3  2 0.2441 0.1073 0.0959 0.3503 0.0748 0.1275 
      H133.4  2 0.1123 0.0772 0.0317 0.0418 0.0522 0.6848 
      H133.5  2 0.1189 0.4790 0.1879 0.0442 0.0110 0.1591 
      H133.6  2 0.1391 0.1173 0.4891 0.0439 0.0214 0.1892 
      H133.7  2 0.2103 0.0345 0.0224 0.0969 0.3044 0.3315 
      H133.8  2 0.0918 0.1214 0.0584 0.0529 0.0969 0.5787 
      H133.9  2 0.0496 0.2230 0.1919 0.0654 0.0293 0.4409 
      H147.1  2 0.0341 0.0089 0.1246 0.6198 0.1724 0.0402 
      H147.2  2 0.0106 0.0061 0.0121 0.9499 0.0111 0.0102 
      H147.3  2 0.0194 0.0076 0.0124 0.9390 0.0102 0.0114 
      H147.4  2 0.0104 0.0098 0.0211 0.9234 0.0195 0.0158 
      H147.5  2 0.0195 0.0177 0.1907 0.7340 0.0241 0.0139 
      H147.6  2 0.0273 0.0262 0.2627 0.6126 0.0585 0.0126 
      H147.7  2 0.0179 0.0133 0.0160 0.9021 0.0319 0.0187 
      H147.8  2 0.0103 0.0129 0.1013 0.8328 0.0289 0.0137 
      H147.9  2 0.0099 0.0074 0.0113 0.9506 0.0104 0.0104 
      H148.1  2 0.0584 0.0521 0.1304 0.0334 0.2774 0.4483 
      H148.2  2 0.0844 0.0261 0.0545 0.0477 0.5536 0.2336 
      H148.3  2 0.4565 0.0119 0.0136 0.0196 0.4612 0.0372 
      H148.4  2 0.1473 0.0277 0.0241 0.0394 0.5786 0.1830 
      H148.5  2 0.0510 0.0186 0.0375 0.0264 0.7962 0.0703 
      H148.6  2 0.1297 0.0165 0.0691 0.0242 0.5502 0.2102 
      H148.7  2 0.0265 0.0328 0.0326 0.0158 0.8345 0.0578 
      H148.8  2 0.2419 0.0111 0.0194 0.0126 0.6380 0.0770 
      H148.9  2 0.0840 0.0486 0.0318 0.0167 0.5106 0.3084 
   H166022.1  2 0.0128 0.0075 0.9388 0.0169 0.0159 0.0080 
   H166022.2  2 0.0328 0.0227 0.8261 0.0722 0.0308 0.0153 
   H166022.3  2 0.0130 0.0180 0.9420 0.0078 0.0115 0.0076 
   H166022.4  2 0.0088 0.0254 0.9384 0.0076 0.0124 0.0074 
   H166022.5  2 0.0126 0.0268 0.9246 0.0181 0.0105 0.0075 
   H166022.6  2 0.0118 0.0121 0.9363 0.0094 0.0130 0.0175 
   H166022.7  2 0.0110 0.6107 0.0118 0.0144 0.0097 0.3425 
   H166022.8  2 0.0784 0.0367 0.8041 0.0288 0.0352 0.0169 
   H167397.1  2 0.0122 0.0130 0.0313 0.0784 0.5910 0.2741 
   H167397.2  2 0.0674 0.0470 0.0357 0.0449 0.3929 0.4121 
   H167397.3  2 0.0131 0.0136 0.0221 0.0890 0.3371 0.5251 
   H167397.4  2 0.0801 0.0351 0.0422 0.0763 0.5348 0.2314 
   H167397.5  2 0.0143 0.0340 0.0277 0.0356 0.1196 0.7689 
   H167397.6  2 0.0187 0.0176 0.0200 0.0502 0.4556 0.4379 
   H167496.1  2 0.3779 0.0957 0.3451 0.0313 0.1349 0.0150 
   H167496.2  2 0.2004 0.0734 0.0340 0.4826 0.1775 0.0321 
   H167496.3  2 0.7163 0.0299 0.1695 0.0439 0.0261 0.0143 
   H167496.4  2 0.0112 0.0151 0.9177 0.0341 0.0134 0.0085 
   H167496.6  2 0.0299 0.0697 0.7393 0.1212 0.0218 0.0181 
   H167496.7  2 0.4727 0.0890 0.0902 0.0277 0.3073 0.0131 
   H167496.8  2 0.0217 0.0258 0.6687 0.2138 0.0515 0.0185 
   H167513.1  2 0.0564 0.2878 0.1498 0.0540 0.2026 0.2494 
   H167513.2  2 0.1739 0.0462 0.0489 0.0337 0.3064 0.3910 
   H167513.3  2 0.0234 0.6681 0.2085 0.0194 0.0424 0.0381 
   H167513.4  2 0.0209 0.0715 0.6232 0.0209 0.2199 0.0435 
   H167513.5  2 0.0705 0.0474 0.0799 0.0667 0.1796 0.5558 
   H167513.6  2 0.1848 0.1212 0.2581 0.0757 0.1773 0.1829 
   H167513.7  2 0.0296 0.1355 0.5621 0.0635 0.0330 0.1764 
   H167513.8  2 0.0227 0.5417 0.0872 0.0303 0.0421 0.2760 
   H167547.1  2 0.1794 0.0184 0.0284 0.0146 0.7000 0.0591 
   H167547.2  2 0.0513 0.0087 0.0336 0.0110 0.8791 0.0163 
   H167547.3  2 0.0447 0.0122 0.0251 0.0108 0.8906 0.0166 
   H167547.4  2 0.1617 0.0324 0.5139 0.0162 0.1205 0.1553 
   H167547.5  2 0.0197 0.0118 0.0578 0.0119 0.8812 0.0175 
   H167547.6  2 0.0187 0.0097 0.0550 0.0135 0.8861 0.0171 
   H167547.7  2 0.8342 0.0259 0.0208 0.0209 0.0423 0.0559 
   H169750.1  2 0.4344 0.2691 0.2007 0.0409 0.0254 0.0294 
   H169750.2  2 0.0737 0.1205 0.0605 0.2979 0.2278 0.2195 
   H169750.3  2 0.2398 0.3515 0.2366 0.1173 0.0355 0.0193 
   H169750.4  2 0.3147 0.2011 0.0271 0.0698 0.1116 0.2757 
   H169750.5  2 0.2306 0.2701 0.2433 0.1773 0.0254 0.0532 
   H169750.6  2 0.0406 0.1168 0.1166 0.6601 0.0205 0.0454 
   H169750.7  2 0.2807 0.4008 0.0294 0.1654 0.0668 0.0569 
   H171929.1  2 0.0940 0.0316 0.0276 0.0410 0.1028 0.7030 
  H171929.10  2 0.1575 0.0197 0.2192 0.1677 0.1746 0.2615 
  H171929.11  2 0.0384 0.0223 0.0221 0.0198 0.0378 0.8596 
   H171929.2  2 0.1323 0.1164 0.0783 0.0256 0.2774 0.3700 
   H171929.3  2 0.0511 0.0728 0.0525 0.0410 0.3455 0.4371 
   H171929.4  2 0.5839 0.0610 0.1987 0.0628 0.0578 0.0358 
   H171929.5  2 0.0301 0.0933 0.0449 0.0254 0.2747 0.5317 
   H171929.6  2 0.0144 0.0491 0.0253 0.0126 0.1178 0.7807 
   H171929.7  2 0.3839 0.0983 0.0438 0.0739 0.0722 0.3279 
   H171929.8  2 0.4842 0.0381 0.0379 0.0373 0.0389 0.3636 
   H171929.9  2 0.3690 0.0473 0.3270 0.1658 0.0344 0.0565 
   H171930.1  2 0.0182 0.6732 0.0609 0.0394 0.1071 0.1012 
   H171930.2  2 0.0408 0.1611 0.6056 0.0600 0.0796 0.0528 
   H171930.3  2 0.0214 0.4217 0.1422 0.0316 0.0914 0.2918 
   H171930.4  2 0.0131 0.4120 0.3504 0.0188 0.1867 0.0190 
   H171930.5  2 0.0374 0.4429 0.1862 0.0911 0.0581 0.1844 
   H171930.6  2 0.0240 0.3817 0.2342 0.1653 0.1665 0.0283 
   H171930.7  2 0.0310 0.2616 0.1057 0.0385 0.0665 0.4966 
   H171930.8  2 0.0329 0.1922 0.1282 0.0573 0.1418 0.4475 
   H171933.1  2 0.0242 0.0165 0.9201 0.0101 0.0164 0.0127 
   H171933.2  2 0.0308 0.0112 0.8592 0.0296 0.0437 0.0254 
   H171933.3  2 0.0338 0.0103 0.9120 0.0103 0.0209 0.0128 
   H171933.4  2 0.0470 0.0256 0.8838 0.0118 0.0209 0.0109 
   H171933.5  2 0.1878 0.0841 0.5139 0.0108 0.1347 0.0687 
   H171933.6  2 0.0104 0.0187 0.9242 0.0265 0.0121 0.0080 
   H171933.7  2 0.0252 0.0256 0.8519 0.0175 0.0379 0.0418 
   H171933.8  2 0.0475 0.0210 0.7995 0.0210 0.0754 0.0357 
   H171933.9  2 0.0143 0.0137 0.9416 0.0094 0.0113 0.0095 
      H190.1  2 0.1055 0.3910 0.3364 0.0498 0.1046 0.0127 
      H190.2  2 0.0830 0.0176 0.0164 0.0994 0.7625 0.0211 
      H190.3  2 0.2088 0.0375 0.0938 0.0504 0.4896 0.1199 
      H190.4  2 0.0605 0.0374 0.8618 0.0125 0.0129 0.0149 
      H190.5  2 0.0326 0.0255 0.0259 0.1424 0.7558 0.0179 
      H190.6  2 0.1724 0.0396 0.7380 0.0186 0.0198 0.0116 
      H190.7  2 0.7585 0.0196 0.0690 0.0191 0.0863 0.0475 
      H190.8  2 0.1984 0.1157 0.0441 0.1739 0.4448 0.0230 
      H190.9  2 0.3399 0.0272 0.0432 0.0493 0.5039 0.0365 
      H400.1  2 0.0089 0.0117 0.9385 0.0140 0.0104 0.0165 
      H400.2  2 0.0062 0.0095 0.9231 0.0338 0.0137 0.0138 
      H400.3  2 0.0168 0.0289 0.9025 0.0146 0.0149 0.0223 
      H400.4  2 0.0087 0.0140 0.9170 0.0299 0.0216 0.0088 
      H400.5  2 0.0096 0.0177 0.9377 0.0114 0.0121 0.0115 
      H400.6  2 0.0105 0.0095 0.9428 0.0183 0.0107 0.0082 
      H400.7  2 0.0114 0.0105 0.9498 0.0088 0.0105 0.0090 
 H428.1_2005  2 0.0128 0.0398 0.8969 0.0232 0.0147 0.0126 
 H428.1_2006  2 0.0451 0.0299 0.8302 0.0668 0.0185 0.0095 
 H428.2_2005  2 0.0096 0.0130 0.9384 0.0097 0.0199 0.0094 
 H428.2_2006  2 0.0134 0.0112 0.8816 0.0659 0.0144 0.0134 
 H428.3_2005  2 0.0191 0.0204 0.9322 0.0147 0.0081 0.0056 
 H428.3_2006  2 0.0179 0.0193 0.8466 0.0804 0.0170 0.0188 
 H428.4_2005  2 0.0200 0.0286 0.9207 0.0128 0.0117 0.0063 
 H428.4_2006  2 0.0152 0.0120 0.9280 0.0256 0.0092 0.0101 
 H428.5_2005  2 0.0081 0.0075 0.9299 0.0244 0.0114 0.0187 
 H428.6_2005  2 0.0340 0.0567 0.8701 0.0184 0.0119 0.0089 
 H428.6_2006  2 0.0135 0.0406 0.8803 0.0390 0.0084 0.0183 
      H428.7  2 0.0059 0.0095 0.9535 0.0163 0.0073 0.0075 
      H428.8  2 0.0082 0.0160 0.9150 0.0298 0.0125 0.0183 
      H428.9  2 0.0066 0.0067 0.9372 0.0155 0.0103 0.0236 
      H453.1  2 0.0139 0.0263 0.8689 0.0708 0.0112 0.0089 
      H453.2  2 0.0215 0.0235 0.9193 0.0147 0.0118 0.0091 
      H453.3  2 0.0282 0.0118 0.9301 0.0130 0.0094 0.0075 
      H453.4  2 0.0127 0.0162 0.9369 0.0156 0.0102 0.0083 
      H453.5  2 0.0094 0.0180 0.9248 0.0323 0.0080 0.0076 
      H453.6  2 0.0070 0.0100 0.9413 0.0284 0.0077 0.0056 
      H453.7  2 0.2990 0.0244 0.1697 0.4632 0.0277 0.0161 
      H453.8  2 0.1850 0.0267 0.4590 0.2641 0.0359 0.0292 
      H453.9  2 0.0299 0.0209 0.4205 0.5058 0.0097 0.0132 
      H512.1  2 0.0177 0.0290 0.9156 0.0152 0.0142 0.0084 
     H512.10  2 0.0821 0.2746 0.3983 0.0897 0.0793 0.0759 
      H512.2  2 0.0673 0.3012 0.3515 0.0343 0.2136 0.0321 
      H512.3  2 0.0519 0.7810 0.0819 0.0169 0.0530 0.0154 
      H512.4  2 0.0494 0.0499 0.6354 0.1414 0.0909 0.0330 
      H512.5  2 0.0466 0.8663 0.0304 0.0135 0.0284 0.0149 
      H512.6  2 0.2067 0.4907 0.1955 0.0217 0.0719 0.0136 
      H512.7  2 0.0155 0.8285 0.0548 0.0247 0.0628 0.0138 
      H512.8  2 0.0372 0.2591 0.1201 0.0236 0.5336 0.0264 
      H512.9  2 0.0569 0.6333 0.2283 0.0254 0.0333 0.0228 
      H513.1  2 0.0089 0.0063 0.9428 0.0173 0.0120 0.0127 
      H513.2  2 0.0086 0.0085 0.9393 0.0141 0.0137 0.0158 
      H513.3  2 0.0082 0.0130 0.9488 0.0098 0.0096 0.0106 
      H513.4  2 0.0179 0.0171 0.8891 0.0467 0.0211 0.0081 
      H513.5  2 0.0073 0.0191 0.9432 0.0133 0.0084 0.0088 
      H513.6  2 0.0128 0.0251 0.7156 0.0152 0.0163 0.2150 
      H532.1  2 0.0314 0.1691 0.3481 0.3884 0.0336 0.0294 
      H532.2  2 0.0573 0.0119 0.8243 0.0701 0.0206 0.0158 
      H532.3  2 0.0877 0.0184 0.7714 0.0945 0.0180 0.0100 
      H532.4  2 0.0666 0.0229 0.2596 0.5995 0.0143 0.0371 
      H532.5  2 0.0205 0.0633 0.7534 0.1211 0.0189 0.0228 
      H532.6  2 0.0293 0.0268 0.6826 0.2195 0.0170 0.0249 
      H532.7  2 0.0157 0.0270 0.3674 0.5562 0.0145 0.0192 
      H532.8  2 0.0311 0.0760 0.2886 0.5492 0.0251 0.0300 
      H543.1  2 0.0139 0.0099 0.0356 0.0092 0.0153 0.9160 
      H543.2  2 0.0394 0.0307 0.2814 0.0188 0.0995 0.5302 
      H543.3  2 0.0133 0.0116 0.0346 0.0178 0.0190 0.9038 
      H543.4  2 0.0195 0.0070 0.0126 0.0085 0.0183 0.9341 
      H543.5  2 0.0095 0.0091 0.0152 0.0121 0.0221 0.9319 
      H543.6  2 0.0223 0.0107 0.0403 0.0113 0.0122 0.9032 
      H543.7  2 0.0081 0.0071 0.0071 0.0064 0.0117 0.9596 
      H543.8  2 0.0171 0.0315 0.0677 0.0866 0.0291 0.7681 
      H543.9  2 0.0129 0.0144 0.0353 0.0138 0.0236 0.9000 
 H545.1_2005  2 0.0048 0.0066 0.0050 0.0051 0.0049 0.9736 
 H545.1_2006  2 0.0077 0.0083 0.0082 0.0137 0.0145 0.9477 
 H545.2_2005  2 0.0077 0.0144 0.0094 0.0099 0.0089 0.9497 
 H545.2_2006  2 0.0071 0.0082 0.0155 0.0083 0.0089 0.9520 
 H545.3_2005  2 0.0119 0.0179 0.0133 0.0096 0.0214 0.9259 
 H545.3_2006  2 0.0057 0.0075 0.0062 0.0104 0.0061 0.9641 
 H545.4_2005  2 0.0124 0.0087 0.0091 0.0085 0.0254 0.9359 
 H545.4_2006  2 0.0070 0.0084 0.0059 0.0065 0.0110 0.9612 
 H545.5_2005  2 0.0073 0.0113 0.0115 0.0102 0.0082 0.9514 
 H545.5_2006  2 0.0079 0.0143 0.0135 0.0088 0.0122 0.9434 
 H545.6_2005  2 0.0048 0.0087 0.0055 0.0052 0.0050 0.9708 
 H545.6_2006  2 0.0080 0.0102 0.0095 0.0078 0.0103 0.9542 
 H545.7_2005  2 0.0051 0.0136 0.0097 0.0092 0.0066 0.9558 
 H545.7_2006  2 0.0072 0.0109 0.0104 0.0092 0.0084 0.9539 
 H545.8_2005  2 0.0089 0.0100 0.0164 0.0122 0.0156 0.9368 
 H545.8_2006  2 0.0070 0.0098 0.0091 0.0072 0.0091 0.9578 
      H545.9  2 0.0094 0.0156 0.0104 0.0082 0.0098 0.9467 
      H547.1  2 0.0397 0.0186 0.8671 0.0111 0.0449 0.0186 
      H547.2  2 0.0224 0.0087 0.3810 0.0213 0.5555 0.0111 
      H547.3  2 0.1160 0.0552 0.6939 0.0095 0.0604 0.0651 
      H547.4  2 0.0432 0.0320 0.3987 0.0442 0.4427 0.0391 
      H547.5  2 0.0212 0.0123 0.5189 0.0065 0.4299 0.0112 
      H547.6  2 0.0189 0.0107 0.8655 0.0108 0.0611 0.0330 
      H547.7  2 0.0370 0.0371 0.6941 0.0142 0.1325 0.0851 
      H547.8  2 0.0571 0.0121 0.8594 0.0088 0.0450 0.0176 
      H548.1  2 0.0073 0.0113 0.0077 0.0073 0.0083 0.9580 
      H548.2  2 0.0174 0.0153 0.0133 0.0102 0.0161 0.9277 
      H548.3  2 0.0099 0.0112 0.0099 0.0116 0.0090 0.9483 
      H548.4  2 0.0134 0.0219 0.0128 0.0296 0.0144 0.9079 
      H548.5  2 0.0093 0.0076 0.0065 0.0089 0.0100 0.9576 
      H548.6  2 0.0066 0.0126 0.0068 0.0081 0.0087 0.9571 
      H548.7  2 0.0109 0.0116 0.0107 0.0139 0.0157 0.9372 
      H548.8  2 0.0087 0.0092 0.0078 0.0102 0.0081 0.9560 
      H548.9  2 0.0139 0.0121 0.0141 0.0122 0.0136 0.9340 
     H7389.1  2 0.0091 0.0132 0.9364 0.0133 0.0158 0.0122 
     H7389.2  2 0.0079 0.0096 0.9262 0.0156 0.0156 0.0250 
     H7389.3  2 0.0087 0.0141 0.9196 0.0207 0.0237 0.0133 
     H7389.4  2 0.0099 0.0197 0.8856 0.0362 0.0069 0.0415 
     H7389.5  2 0.0146 0.0369 0.8950 0.0225 0.0065 0.0246 
     H7389.6  2 0.0146 0.3485 0.5649 0.0450 0.0138 0.0131 
     H7389.7  2 0.0093 0.0280 0.8843 0.0367 0.0193 0.0224 
     H7389.8  2 0.0226 0.0389 0.5891 0.0273 0.0184 0.3036 
     H7389.9  2 0.0096 0.0185 0.9153 0.0298 0.0095 0.0173 
      H747.1  2 0.3395 0.4480 0.0921 0.0268 0.0724 0.0212 
      H747.2  2 0.0201 0.8934 0.0154 0.0103 0.0234 0.0373 
      H747.3  2 0.0873 0.8028 0.0504 0.0164 0.0259 0.0172 
      H747.4  2 0.0580 0.7867 0.0361 0.0266 0.0789 0.0138 
      H747.5  2 0.0213 0.9051 0.0145 0.0137 0.0308 0.0146 
      H747.6  2 0.0162 0.7516 0.0847 0.0196 0.0828 0.0450 
      H747.7  2 0.0365 0.8414 0.0592 0.0132 0.0242 0.0254 
     H7484.1  2 0.0444 0.0502 0.0566 0.8007 0.0255 0.0227 
     H7484.2  2 0.1367 0.0366 0.0648 0.6357 0.0697 0.0565 
     H7484.3  2 0.0846 0.0410 0.0271 0.7371 0.0538 0.0564 
     H7484.4  2 0.0463 0.0416 0.0840 0.7761 0.0318 0.0202 
     H7484.5  2 0.0267 0.0580 0.0435 0.8070 0.0317 0.0331 
     H7484.6  2 0.4506 0.3582 0.0226 0.0755 0.0717 0.0214 
     H7484.7  2 0.2674 0.1493 0.0270 0.5177 0.0118 0.0268 
     H7484.8  2 0.0714 0.0917 0.2073 0.5850 0.0326 0.0120 
     H7485.1  2 0.0234 0.0112 0.0165 0.0202 0.0224 0.9063 
     H7485.2  2 0.0082 0.0078 0.0197 0.0128 0.0111 0.9404 
     H7485.3  2 0.0067 0.0089 0.0067 0.0086 0.0120 0.9571 
     H7485.4  2 0.0064 0.0064 0.0111 0.0081 0.0073 0.9606 
     H7485.5  2 0.0098 0.0071 0.0079 0.0108 0.0086 0.9559 
     H7485.6  2 0.0185 0.0152 0.0180 0.0312 0.0188 0.8983 
     H7485.7  2 0.0104 0.0094 0.0075 0.0112 0.0137 0.9478 
     H7496.1  2 0.0408 0.0428 0.7733 0.1087 0.0250 0.0094 
    H7496.10  2 0.0163 0.0096 0.9101 0.0386 0.0159 0.0094 
    H7496.11  2 0.0297 0.0377 0.0454 0.1525 0.0453 0.6894 
     H7496.2  2 0.0274 0.0274 0.8727 0.0357 0.0265 0.0103 
     H7496.3  2 0.0385 0.0382 0.1646 0.7029 0.0344 0.0214 
     H7496.4  2 0.0158 0.0189 0.9043 0.0249 0.0252 0.0109 
     H7496.5  2 0.0174 0.0539 0.8224 0.0550 0.0356 0.0157 
     H7496.6  2 0.0149 0.0798 0.8391 0.0401 0.0154 0.0108 
     H7496.7  2 0.0166 0.0139 0.9119 0.0347 0.0139 0.0089 
     H7496.8  2 0.0507 0.0231 0.6787 0.1848 0.0354 0.0274 
        UNK4  2 0.0382 0.0523 0.6195 0.0286 0.0422 0.2191 
        UNK5  2 0.0152 0.0162 0.7299 0.0413 0.0616 0.1357 
        UNK6  2 0.0215 0.0429 0.7994 0.0299 0.0322 0.0741 
        UNK7  2 0.0122 0.0132 0.7311 0.0182 0.0629 0.1624 
        UNK8  2 0.0127 0.0107 0.6902 0.0197 0.0282 0.2384 
        UNK9  2 0.0157 0.0443 0.5277 0.1768 0.0233 0.2122 
      H009.1  4 0.9480 0.0100 0.0093 0.0081 0.0108 0.0139 
      H009.2  4 0.8490 0.0751 0.0149 0.0103 0.0296 0.0212 
      H009.3  4 0.9308 0.0121 0.0097 0.0173 0.0124 0.0178 
      H009.4  4 0.9097 0.0395 0.0106 0.0165 0.0118 0.0120 
      H009.5  4 0.8654 0.0270 0.0135 0.0197 0.0125 0.0619 
      H009.6  4 0.8440 0.0152 0.0116 0.0234 0.0580 0.0478 
      H046.4  4 0.1469 0.0940 0.1025 0.3430 0.0650 0.2486 
      H046.8  4 0.4296 0.0995 0.0359 0.0642 0.2627 0.1081 
 H076.1_2002  4 0.0106 0.0099 0.0195 0.0074 0.9406 0.0120 
 H076.1_2003  4 0.0071 0.0074 0.0059 0.0060 0.9633 0.0103 
 H076.1_2004  4 0.0100 0.0093 0.0080 0.0083 0.9561 0.0082 
 H076.2_2002  4 0.0099 0.0131 0.0208 0.0069 0.9390 0.0103 
 H076.2_2003  4 0.0084 0.0073 0.0076 0.0062 0.9566 0.0139 
 H076.2_2004  4 0.0399 0.0822 0.0350 0.0210 0.8002 0.0217 
 H076.3_2002  4 0.7256 0.0869 0.0278 0.0344 0.1135 0.0118 
 H076.3_2003  4 0.0065 0.0077 0.0096 0.0089 0.9500 0.0173 
 H076.3_2004  4 0.0155 0.0082 0.0133 0.0099 0.9403 0.0128 
 H076.4_2002  4 0.2350 0.0459 0.0347 0.0210 0.6479 0.0154 
 H076.4_2003  4 0.0166 0.0156 0.0106 0.0078 0.9306 0.0188 
 H076.4_2004  4 0.2451 0.2664 0.0392 0.0220 0.3985 0.0287 
 H076.5_2002  4 0.0236 0.0146 0.0438 0.0214 0.8881 0.0085 
 H076.5_2003  4 0.0116 0.0146 0.0164 0.0077 0.9106 0.0391 
 H076.5_2004  4 0.1110 0.0267 0.0432 0.0300 0.7729 0.0162 
 H076.6_2002  4 0.0295 0.0101 0.0131 0.0174 0.9099 0.0199 
 H076.6_2003  4 0.0119 0.0075 0.0112 0.0069 0.9468 0.0157 
 H076.6_2004  4 0.0401 0.0209 0.0088 0.0081 0.9110 0.0111 
 H076.7_2002  4 0.5713 0.1224 0.0791 0.0545 0.1224 0.0503 
 H076.7_2003  4 0.0267 0.0258 0.0191 0.0091 0.8951 0.0242 
 H076.7_2004  4 0.0486 0.0611 0.0162 0.0209 0.8356 0.0176 
      H477.1  4 0.0369 0.4113 0.5140 0.0123 0.0086 0.0169 
      H477.2  4 0.0550 0.7758 0.1215 0.0197 0.0176 0.0105 
      H477.3  4 0.0203 0.7275 0.1814 0.0347 0.0077 0.0285 
      H477.4  4 0.0150 0.6739 0.1865 0.0143 0.0121 0.0982 
      H477.5  4 0.0297 0.7983 0.0906 0.0176 0.0195 0.0442 
      H477.6  4 0.0320 0.8529 0.0536 0.0217 0.0134 0.0264 
      H477.7  4 0.0138 0.5101 0.2969 0.0121 0.0300 0.1371 
 H479.1_2005  4 0.0184 0.6783 0.0664 0.2104 0.0123 0.0141 
 H479.1_2006  4 0.0842 0.5351 0.0152 0.0900 0.1709 0.1046 
     H479.10  4 0.0370 0.3744 0.0214 0.4484 0.0944 0.0244 
 H479.2_2005  4 0.1239 0.1220 0.1523 0.4236 0.1316 0.0465 
 H479.2_2006  4 0.0153 0.8018 0.0328 0.0984 0.0146 0.0371 
 H479.3_2005  4 0.0175 0.8476 0.0407 0.0673 0.0209 0.0060 
 H479.3_2006  4 0.0285 0.8711 0.0398 0.0298 0.0221 0.0086 
 H479.4_2005  4 0.0238 0.8656 0.0198 0.0480 0.0275 0.0153 
 H479.4_2006  4 0.0101 0.6433 0.0460 0.2754 0.0147 0.0104 
 H479.5_2005  4 0.0394 0.1819 0.0331 0.5884 0.1221 0.0350 
 H479.5_2006  4 0.0143 0.8916 0.0270 0.0487 0.0105 0.0078 
 H479.6_2005  4 0.1044 0.5503 0.0597 0.0697 0.1917 0.0242 
 H479.6_2006  4 0.0107 0.1977 0.0997 0.6642 0.0151 0.0126 
 H479.7_2005  4 0.0383 0.4316 0.3876 0.0827 0.0361 0.0237 
 H479.7_2006  4 0.0175 0.7402 0.0998 0.0937 0.0243 0.0246 
 H479.8_2005  4 0.0186 0.5639 0.3056 0.0877 0.0132 0.0110 
 H479.8_2006  4 0.0227 0.5929 0.0068 0.1109 0.2078 0.0590 
      H479.9  4 0.0133 0.9330 0.0074 0.0154 0.0234 0.0076 
      H516.1  4 0.7417 0.1167 0.0264 0.0231 0.0475 0.0446 
      H516.2  4 0.0300 0.8563 0.0112 0.0258 0.0344 0.0423 
      H516.3  4 0.0677 0.6450 0.0172 0.0268 0.0830 0.1603 
      H516.4  4 0.1018 0.6601 0.0128 0.0291 0.1143 0.0819 
      H516.5  4 0.4708 0.3704 0.0180 0.0152 0.0305 0.0952 
      H516.6  4 0.0164 0.8822 0.0081 0.0145 0.0159 0.0629 
      H516.7  4 0.0622 0.7716 0.0234 0.0589 0.0655 0.0184 
      H516.8  4 0.5705 0.3253 0.0151 0.0208 0.0251 0.0432 
      H516.9  4 0.0733 0.7974 0.0154 0.0439 0.0493 0.0208 
      H646.1  4 0.4806 0.2714 0.0329 0.0239 0.1763 0.0148 
      H646.2  4 0.5630 0.2451 0.0371 0.0070 0.1400 0.0079 
      H646.3  4 0.8724 0.0843 0.0088 0.0131 0.0127 0.0086 
      H646.4  4 0.4336 0.1743 0.0818 0.0115 0.2833 0.0155 
      H646.5  4 0.5895 0.3278 0.0149 0.0153 0.0386 0.0139 
      H658.1  4 0.1234 0.6481 0.0138 0.0155 0.0457 0.1536 
     H658.10  4 0.1256 0.8316 0.0136 0.0081 0.0100 0.0111 
      H658.2  4 0.2121 0.5508 0.0203 0.0336 0.1051 0.0780 
      H658.3  4 0.0603 0.8527 0.0202 0.0166 0.0302 0.0199 
      H658.4  4 0.0647 0.8583 0.0119 0.0300 0.0227 0.0125 
      H658.5  4 0.0119 0.9398 0.0176 0.0164 0.0075 0.0068 
      H658.6  4 0.2459 0.6849 0.0189 0.0175 0.0143 0.0187 
      H658.7  4 0.5042 0.3956 0.0137 0.0176 0.0492 0.0197 
      H658.8  4 0.5783 0.2452 0.0114 0.0085 0.1133 0.0433 
      H658.9  4 0.1548 0.6968 0.0155 0.0430 0.0499 0.0400 
      H682.1  4 0.0739 0.1795 0.1600 0.4729 0.0890 0.0247 
      H682.6  4 0.2196 0.1127 0.0898 0.3089 0.1312 0.1378 
      H720.1  4 0.0318 0.4470 0.2426 0.0611 0.2049 0.0125 
