      H105.1  1 0.0050 0.0081 0.0078 0.0263 0.0097 0.0103 0.0119 0.0128 0.0256 0.0118 0.0205 0.0140 0.8286 0.0075 
      H105.2  1 0.0220 0.0145 0.0128 0.0332 0.0301 0.0272 0.0446 0.0112 0.0206 0.0118 0.0807 0.0174 0.6566 0.0173 
      H105.3  1 0.0090 0.0071 0.0107 0.0130 0.0073 0.0061 0.0156 0.0129 0.0067 0.0082 0.0141 0.0224 0.8513 0.0156 
      H105.4  1 0.0403 0.0084 0.0312 0.0944 0.0127 0.0292 0.0238 0.0248 0.0105 0.0119 0.0424 0.0401 0.6220 0.0084 
      H105.5  1 0.0236 0.0098 0.0696 0.1920 0.1274 0.0281 0.0392 0.0679 0.0607 0.0091 0.0510 0.1344 0.1569 0.0302 
      H105.6  1 0.0152 0.0045 0.0289 0.0279 0.0100 0.0060 0.0071 0.0176 0.0056 0.0097 0.0084 0.0150 0.8369 0.0074 
      H105.7  1 0.0074 0.0053 0.0065 0.0228 0.0112 0.0232 0.0051 0.0077 0.0095 0.0181 0.0096 0.0100 0.8572 0.0064 
      H105.8  1 0.0083 0.0082 0.0092 0.0141 0.0047 0.0069 0.0145 0.0051 0.0086 0.0294 0.0343 0.0088 0.8396 0.0084 
      H115.1  1 0.0366 0.0144 0.6537 0.0206 0.0159 0.0258 0.0108 0.0250 0.0308 0.0378 0.0297 0.0174 0.0190 0.0624 
      H115.2  1 0.0249 0.0083 0.8551 0.0069 0.0139 0.0079 0.0073 0.0064 0.0164 0.0086 0.0099 0.0077 0.0123 0.0146 
      H115.3  1 0.0128 0.0061 0.8729 0.0091 0.0098 0.0069 0.0110 0.0084 0.0195 0.0075 0.0077 0.0087 0.0108 0.0087 
      H115.4  1 0.0277 0.0065 0.0570 0.0134 0.0235 0.0088 0.0536 0.0300 0.0863 0.0067 0.0339 0.0124 0.0142 0.6260 
      H115.5  1 0.0094 0.0518 0.5274 0.0213 0.0217 0.0139 0.1438 0.0326 0.0411 0.0361 0.0186 0.0227 0.0332 0.0263 
      H115.6  1 0.0255 0.0123 0.7360 0.0086 0.0456 0.0297 0.0248 0.0137 0.0323 0.0101 0.0074 0.0149 0.0113 0.0278 
      H115.7  1 0.0850 0.0071 0.4638 0.0127 0.1156 0.0632 0.0694 0.0297 0.0343 0.0077 0.0190 0.0241 0.0162 0.0522 
      H115.8  1 0.0083 0.0453 0.7800 0.0111 0.0133 0.0128 0.0223 0.0099 0.0202 0.0235 0.0111 0.0085 0.0178 0.0159 
      H115.9  1 0.0086 0.0055 0.8603 0.0213 0.0074 0.0060 0.0066 0.0063 0.0151 0.0287 0.0067 0.0072 0.0058 0.0146 
      H145.1  1 0.0119 0.0890 0.0282 0.0265 0.0115 0.0070 0.0049 0.7201 0.0105 0.0182 0.0070 0.0280 0.0090 0.0281 
      H145.2  1 0.0197 0.0931 0.0761 0.0265 0.0244 0.0215 0.0042 0.6504 0.0146 0.0126 0.0109 0.0164 0.0174 0.0122 
      H145.3  1 0.0064 0.1449 0.0107 0.0270 0.0084 0.0105 0.0279 0.6617 0.0164 0.0530 0.0043 0.0153 0.0063 0.0072 
      H145.4  1 0.0090 0.0501 0.0103 0.0301 0.0413 0.0099 0.0086 0.7763 0.0155 0.0105 0.0068 0.0131 0.0076 0.0108 
      H145.5  1 0.0092 0.3255 0.0089 0.0120 0.0175 0.0064 0.0148 0.5477 0.0107 0.0117 0.0063 0.0163 0.0054 0.0074 
      H145.6  1 0.0204 0.0747 0.0354 0.0269 0.0448 0.0584 0.0296 0.6475 0.0150 0.0100 0.0085 0.0082 0.0121 0.0085 
      H145.7  1 0.0070 0.0171 0.0076 0.0247 0.0153 0.0089 0.0504 0.8207 0.0132 0.0123 0.0054 0.0069 0.0039 0.0067 
      H149.1  1 0.0062 0.0065 0.0069 0.0051 0.0056 0.0058 0.0052 0.9242 0.0058 0.0049 0.0068 0.0059 0.0052 0.0061 
      H149.2  1 0.0059 0.0040 0.0063 0.0053 0.0096 0.0091 0.0051 0.9189 0.0065 0.0047 0.0059 0.0079 0.0054 0.0056 
      H149.3  1 0.0144 0.0062 0.0085 0.0069 0.0219 0.0214 0.0079 0.8544 0.0131 0.0061 0.0118 0.0133 0.0070 0.0071 
      H149.4  1 0.0731 0.0112 0.0141 0.0077 0.0108 0.0198 0.0111 0.7287 0.0209 0.0081 0.0468 0.0174 0.0214 0.0090 
      H149.5  1 0.0240 0.0072 0.0047 0.0084 0.0112 0.0505 0.0102 0.7628 0.0471 0.0077 0.0272 0.0094 0.0222 0.0073 
      H149.6  1 0.0079 0.0053 0.0042 0.0055 0.0132 0.0250 0.0049 0.8908 0.0108 0.0047 0.0072 0.0066 0.0066 0.0073 
      H149.7  1 0.1005 0.0141 0.0072 0.0097 0.0389 0.1746 0.0135 0.4156 0.0327 0.0186 0.0938 0.0272 0.0317 0.0220 
      H150.1  1 0.0134 0.0104 0.8835 0.0074 0.0130 0.0074 0.0063 0.0049 0.0132 0.0099 0.0056 0.0063 0.0116 0.0071 
      H150.2  1 0.0401 0.0413 0.7387 0.0059 0.0189 0.0123 0.0127 0.0108 0.0118 0.0073 0.0121 0.0120 0.0183 0.0580 
      H150.3  1 0.0213 0.0188 0.7415 0.0096 0.0404 0.0257 0.0227 0.0097 0.0107 0.0222 0.0086 0.0167 0.0166 0.0354 
      H150.4  1 0.0054 0.0169 0.8798 0.0106 0.0130 0.0078 0.0117 0.0044 0.0075 0.0120 0.0061 0.0076 0.0074 0.0098 
      H150.5  1 0.0385 0.0062 0.7608 0.0083 0.0221 0.0184 0.0163 0.0131 0.0309 0.0100 0.0116 0.0156 0.0371 0.0111 
      H150.6  1 0.3505 0.0184 0.1931 0.0062 0.0686 0.0163 0.0641 0.0171 0.1029 0.0053 0.0138 0.0112 0.1162 0.0161 
      H150.7  1 0.0070 0.0082 0.9159 0.0067 0.0059 0.0044 0.0056 0.0046 0.0044 0.0082 0.0044 0.0069 0.0079 0.0096 
   H169607.1  1 0.0257 0.0276 0.0616 0.0567 0.0205 0.0772 0.0345 0.0285 0.0579 0.0184 0.0588 0.1868 0.0075 0.3383 
   H169607.2  1 0.0564 0.0040 0.0207 0.7766 0.0090 0.0118 0.0063 0.0119 0.0093 0.0172 0.0116 0.0390 0.0078 0.0184 
   H169607.3  1 0.0144 0.0164 0.0299 0.2295 0.0195 0.1241 0.0226 0.0390 0.2039 0.0466 0.0457 0.1541 0.0102 0.0440 
   H169607.4  1 0.0349 0.0093 0.0161 0.7054 0.0136 0.0167 0.0055 0.0118 0.0097 0.0066 0.0138 0.1368 0.0101 0.0096 
   H169607.5  1 0.1383 0.0087 0.0511 0.3900 0.0117 0.0165 0.0111 0.1096 0.0404 0.0464 0.0094 0.1297 0.0076 0.0294 
   H169607.6  1 0.0187 0.0043 0.0111 0.8418 0.0066 0.0082 0.0092 0.0094 0.0076 0.0186 0.0137 0.0299 0.0072 0.0136 
   H169607.7  1 0.1333 0.0102 0.0324 0.3580 0.0114 0.0164 0.0251 0.0250 0.0152 0.0622 0.0789 0.0398 0.0194 0.1727 
   H169607.8  1 0.0104 0.0043 0.0144 0.8399 0.0085 0.0110 0.0058 0.0091 0.0076 0.0106 0.0143 0.0506 0.0044 0.0089 
   H169633.1  1 0.0049 0.0111 0.0139 0.0072 0.0113 0.0080 0.0180 0.8677 0.0084 0.0066 0.0117 0.0069 0.0156 0.0088 
   H169633.2  1 0.0062 0.0100 0.0061 0.0040 0.0153 0.0383 0.0160 0.7403 0.0055 0.0174 0.0331 0.0076 0.0280 0.0721 
   H169633.3  1 0.0093 0.0060 0.0066 0.0050 0.0216 0.0117 0.0076 0.8533 0.0100 0.0167 0.0092 0.0087 0.0215 0.0128 
   H169633.4  1 0.0068 0.0125 0.0107 0.0066 0.0100 0.0048 0.0084 0.8832 0.0116 0.0071 0.0068 0.0090 0.0140 0.0085 
   H169633.5  1 0.0057 0.0142 0.0093 0.0081 0.0114 0.0047 0.0079 0.8890 0.0136 0.0069 0.0075 0.0060 0.0094 0.0063 
   H169688.1  1 0.0239 0.0058 0.0079 0.0630 0.0058 0.4794 0.1959 0.1161 0.0109 0.0128 0.0301 0.0126 0.0052 0.0307 
   H169688.2  1 0.0357 0.0265 0.0305 0.0308 0.0065 0.5416 0.1092 0.0156 0.0237 0.0169 0.1259 0.0108 0.0178 0.0085 
   H169688.3  1 0.0455 0.0068 0.0409 0.0232 0.0075 0.5071 0.0565 0.1005 0.0354 0.0069 0.0689 0.0064 0.0110 0.0833 
   H169688.4  1 0.0126 0.0150 0.6699 0.0218 0.0066 0.1004 0.0560 0.0164 0.0286 0.0109 0.0177 0.0078 0.0120 0.0241 
   H169688.5  1 0.0140 0.0155 0.6625 0.0272 0.0072 0.1038 0.0535 0.0244 0.0273 0.0117 0.0218 0.0092 0.0089 0.0129 
   H169688.6  1 0.0522 0.0901 0.0935 0.0246 0.0047 0.3286 0.0888 0.1059 0.0135 0.0069 0.1277 0.0069 0.0281 0.0283 
   H169688.7  1 0.0379 0.0165 0.0781 0.0227 0.0212 0.2408 0.0686 0.1966 0.0406 0.0100 0.1289 0.0129 0.0126 0.1127 
   H171901.1  1 0.0291 0.0832 0.1209 0.0198 0.1396 0.4389 0.0299 0.0188 0.0188 0.0125 0.0160 0.0191 0.0299 0.0235 
   H171901.2  1 0.0176 0.0118 0.0415 0.0257 0.0149 0.0090 0.0146 0.7914 0.0111 0.0145 0.0091 0.0153 0.0137 0.0099 
   H171901.3  1 0.0646 0.0098 0.0619 0.0068 0.0154 0.0671 0.0280 0.6135 0.0320 0.0119 0.0372 0.0213 0.0120 0.0186 
   H171901.4  1 0.1135 0.0091 0.0487 0.0139 0.0088 0.0179 0.0259 0.5935 0.0146 0.0169 0.0262 0.0339 0.0438 0.0333 
   H171901.5  1 0.3746 0.0087 0.0196 0.0138 0.0111 0.0272 0.0077 0.3577 0.0200 0.0101 0.0466 0.0672 0.0187 0.0171 
   H171901.6  1 0.3688 0.0073 0.0393 0.0197 0.0161 0.0389 0.0069 0.3134 0.0186 0.0109 0.0345 0.0584 0.0444 0.0228 
   H171901.7  1 0.2810 0.0070 0.0174 0.0115 0.0158 0.0188 0.0090 0.5494 0.0182 0.0274 0.0156 0.0095 0.0093 0.0102 
   H171902.1  1 0.3040 0.2022 0.0818 0.0402 0.0084 0.0193 0.0444 0.0400 0.0138 0.0194 0.0558 0.1196 0.0080 0.0432 
  H171902.10  1 0.6966 0.0206 0.0168 0.0300 0.0136 0.0092 0.0321 0.0517 0.0102 0.0069 0.0683 0.0251 0.0043 0.0144 
   H171902.2  1 0.0974 0.0644 0.0425 0.0247 0.0117 0.1114 0.2178 0.0277 0.0226 0.0565 0.1681 0.1056 0.0312 0.0184 
   H171902.3  1 0.4823 0.0173 0.0537 0.0276 0.0150 0.0153 0.0182 0.0453 0.0098 0.0159 0.2063 0.0495 0.0135 0.0304 
   H171902.4  1 0.1324 0.0736 0.0499 0.0175 0.0138 0.0091 0.0142 0.5650 0.0115 0.0148 0.0195 0.0615 0.0093 0.0080 
   H171902.6  1 0.7240 0.0219 0.0252 0.0283 0.0178 0.0074 0.0115 0.0460 0.0088 0.0091 0.0648 0.0174 0.0049 0.0129 
   H171902.7  1 0.5144 0.1280 0.0303 0.0329 0.0190 0.0242 0.0062 0.1205 0.0133 0.0079 0.0265 0.0592 0.0082 0.0094 
   H171902.8  1 0.6914 0.0423 0.0178 0.0228 0.0179 0.0149 0.0152 0.0282 0.0134 0.0083 0.0785 0.0317 0.0068 0.0109 
   H171902.9  1 0.1421 0.1082 0.3733 0.0350 0.0189 0.0205 0.0139 0.0421 0.0158 0.0150 0.0167 0.1688 0.0152 0.0147 
   H171903.1  1 0.0421 0.0047 0.0161 0.8305 0.0084 0.0102 0.0059 0.0097 0.0104 0.0138 0.0055 0.0167 0.0085 0.0175 
   H171903.2  1 0.0196 0.0145 0.0217 0.7464 0.0084 0.0145 0.0071 0.0118 0.0256 0.0410 0.0105 0.0256 0.0269 0.0266 
   H171903.3  1 0.1409 0.0184 0.0243 0.2660 0.0376 0.0320 0.0099 0.0623 0.1598 0.0453 0.0124 0.0866 0.0223 0.0822 
   H171903.4  1 0.0362 0.0078 0.0295 0.0949 0.0488 0.6073 0.0188 0.0317 0.0460 0.0081 0.0068 0.0413 0.0123 0.0105 
   H171903.5  1 0.0618 0.0150 0.0671 0.1428 0.0176 0.0509 0.0194 0.0697 0.2067 0.0412 0.0712 0.0505 0.0385 0.1476 
   H171903.6  1 0.0951 0.0057 0.0783 0.2414 0.0094 0.0624 0.0170 0.1162 0.2040 0.0170 0.0209 0.1104 0.0103 0.0118 
      H177.1  1 0.2394 0.0124 0.0284 0.0220 0.0173 0.1961 0.0060 0.3859 0.0175 0.0080 0.0268 0.0240 0.0070 0.0092 
      H177.2  1 0.0409 0.0195 0.0274 0.0250 0.0129 0.0129 0.0161 0.3830 0.0429 0.0504 0.1508 0.1902 0.0098 0.0183 
      H177.3  1 0.1803 0.0149 0.0311 0.0179 0.0254 0.0129 0.0055 0.5316 0.0204 0.0116 0.0819 0.0524 0.0054 0.0088 
      H177.4  1 0.0845 0.0083 0.0059 0.0150 0.0102 0.1812 0.0060 0.5545 0.0158 0.0111 0.0461 0.0362 0.0155 0.0099 
      H177.5  1 0.0623 0.0101 0.0200 0.0377 0.0144 0.5951 0.0111 0.0364 0.0923 0.0276 0.0168 0.0375 0.0323 0.0066 
      H177.6  1 0.1182 0.0223 0.0535 0.0143 0.0309 0.0147 0.0046 0.6055 0.0210 0.0090 0.0504 0.0405 0.0055 0.0095 
      H179.1  1 0.0150 0.0049 0.0137 0.0071 0.0091 0.0239 0.0077 0.0064 0.0091 0.0090 0.8423 0.0160 0.0173 0.0185 
      H179.2  1 0.0457 0.0053 0.0143 0.0104 0.0186 0.0286 0.0086 0.0117 0.0341 0.0290 0.6401 0.0273 0.0148 0.1117 
      H179.3  1 0.0476 0.0072 0.0371 0.0414 0.0091 0.1985 0.0262 0.0086 0.0477 0.0445 0.4700 0.0132 0.0140 0.0347 
      H179.4  1 0.1367 0.0051 0.0075 0.0237 0.0193 0.0328 0.0283 0.2064 0.0193 0.0307 0.4119 0.0267 0.0228 0.0287 
      H180.1  1 0.1464 0.0328 0.0837 0.0140 0.0201 0.0138 0.0523 0.0068 0.3199 0.0075 0.1402 0.0064 0.0514 0.1048 
      H180.2  1 0.2584 0.0251 0.1621 0.0103 0.0149 0.0209 0.1035 0.0084 0.0922 0.0088 0.0808 0.0186 0.1822 0.0138 
      H180.3  1 0.0399 0.0199 0.3186 0.0225 0.0115 0.0075 0.0124 0.0082 0.2793 0.0793 0.0115 0.0097 0.0263 0.1536 
      H180.4  1 0.2746 0.0236 0.0205 0.0175 0.0555 0.0196 0.0476 0.0124 0.0774 0.0140 0.0982 0.0116 0.3161 0.0114 
      H180.5  1 0.3874 0.0734 0.0828 0.0411 0.0494 0.0255 0.0884 0.0111 0.0236 0.0469 0.0796 0.0371 0.0342 0.0195 
      H180.6  1 0.0708 0.0693 0.0311 0.0481 0.0923 0.0091 0.0322 0.0117 0.0114 0.5679 0.0136 0.0132 0.0176 0.0118 
      H181.1  1 0.0180 0.0136 0.0128 0.0369 0.0111 0.0113 0.1516 0.2191 0.1753 0.0071 0.3056 0.0150 0.0109 0.0118 
      H181.2  1 0.0514 0.0183 0.0123 0.0198 0.0213 0.0176 0.0700 0.0974 0.0284 0.0063 0.6177 0.0118 0.0131 0.0147 
      H181.3  1 0.0395 0.0110 0.0099 0.0188 0.0121 0.0154 0.1600 0.0339 0.0146 0.0116 0.6372 0.0199 0.0086 0.0076 
      H181.4  1 0.0584 0.0052 0.0548 0.0257 0.0228 0.0249 0.0517 0.1870 0.4197 0.0143 0.0635 0.0501 0.0107 0.0112 
      H181.5  1 0.0055 0.0151 0.0058 0.0070 0.0191 0.0149 0.0544 0.0151 0.0100 0.0079 0.8099 0.0153 0.0091 0.0109 
      H181.6  1 0.0249 0.0074 0.0181 0.0218 0.0184 0.0152 0.0108 0.0211 0.0207 0.0118 0.7342 0.0181 0.0351 0.0424 
      H181.7  1 0.0094 0.0078 0.0127 0.0141 0.0075 0.0080 0.0148 0.0414 0.0136 0.0164 0.8204 0.0099 0.0106 0.0134 
 H194.1_2004  1 0.0886 0.0112 0.0183 0.4991 0.1452 0.0163 0.0058 0.1414 0.0088 0.0220 0.0053 0.0113 0.0110 0.0156 
 H194.2_2004  1 0.1246 0.0722 0.0101 0.1947 0.1291 0.3350 0.0065 0.0639 0.0244 0.0107 0.0075 0.0092 0.0056 0.0066 
 H194.3_2004  1 0.0334 0.0067 0.0081 0.0231 0.0714 0.0178 0.0040 0.7824 0.0076 0.0088 0.0113 0.0096 0.0086 0.0072 
 H194.4_2004  1 0.0125 0.0148 0.0069 0.0354 0.0167 0.1270 0.0058 0.7375 0.0081 0.0084 0.0060 0.0095 0.0061 0.0052 
 H194.5_2004  1 0.0306 0.0063 0.0167 0.0424 0.0622 0.0407 0.0065 0.7092 0.0101 0.0178 0.0104 0.0217 0.0169 0.0086 
 H194.6_2004  1 0.0242 0.0079 0.0108 0.0157 0.0376 0.1754 0.0060 0.6615 0.0083 0.0135 0.0106 0.0128 0.0061 0.0094 
 H194.7_2004  1 0.0092 0.0115 0.0088 0.4011 0.1322 0.0553 0.0116 0.2022 0.0118 0.1152 0.0053 0.0167 0.0107 0.0084 
 H194.8_2004  1 0.0225 0.0109 0.0105 0.0299 0.0499 0.2525 0.0091 0.5443 0.0095 0.0166 0.0085 0.0146 0.0097 0.0115 
      H194.9  1 0.0160 0.0129 0.0203 0.1800 0.1832 0.0430 0.0137 0.3605 0.0130 0.1057 0.0055 0.0169 0.0171 0.0121 
 H195.1_2003  1 0.0392 0.0050 0.0120 0.0407 0.0253 0.0852 0.0132 0.2520 0.0109 0.0073 0.0102 0.0155 0.4679 0.0157 
 H195.1_2004  1 0.0095 0.0199 0.0090 0.0091 0.0336 0.0088 0.0217 0.8292 0.0125 0.0063 0.0197 0.0072 0.0064 0.0072 
 H195.2_2003  1 0.0192 0.0186 0.0520 0.3598 0.0119 0.0882 0.0143 0.1945 0.0070 0.0203 0.0194 0.0764 0.1004 0.0180 
 H195.2_2004  1 0.0062 0.0528 0.0111 0.0122 0.0116 0.0152 0.0213 0.8027 0.0070 0.0118 0.0092 0.0113 0.0189 0.0089 
 H195.3_2003  1 0.0559 0.0117 0.0845 0.1653 0.0233 0.0667 0.0208 0.0238 0.0133 0.0163 0.0125 0.0683 0.4278 0.0097 
 H195.3_2004  1 0.0075 0.0096 0.0049 0.0246 0.0097 0.0060 0.0102 0.8856 0.0078 0.0046 0.0052 0.0058 0.0141 0.0046 
 H195.4_2003  1 0.0086 0.0047 0.0089 0.0410 0.0575 0.0130 0.0057 0.7105 0.0084 0.0048 0.0108 0.0155 0.0974 0.0131 
 H195.4_2004  1 0.0051 0.0092 0.0073 0.0257 0.0087 0.0240 0.0548 0.8115 0.0089 0.0162 0.0072 0.0070 0.0080 0.0062 
 H195.5_2003  1 0.0388 0.0050 0.0112 0.0236 0.0429 0.0438 0.0243 0.1797 0.0106 0.0073 0.0136 0.0132 0.5754 0.0107 
 H195.5_2004  1 0.0056 0.0095 0.0081 0.0146 0.0103 0.0051 0.0154 0.8813 0.0077 0.0063 0.0071 0.0069 0.0161 0.0062 
 H195.6_2003  1 0.0112 0.0110 0.0450 0.2166 0.0188 0.0136 0.0372 0.1851 0.0147 0.0107 0.0071 0.0381 0.3857 0.0053 
 H195.6_2004  1 0.0081 0.0101 0.0044 0.0253 0.0104 0.0104 0.0097 0.8591 0.0054 0.0073 0.0100 0.0078 0.0238 0.0082 
 H195.7_2003  1 0.0133 0.0040 0.0080 0.0281 0.0157 0.4190 0.0107 0.3943 0.0128 0.0100 0.0149 0.0169 0.0290 0.0233 
 H195.7_2004  1 0.0108 0.2038 0.0193 0.0163 0.0262 0.0100 0.0440 0.5900 0.0225 0.0097 0.0161 0.0106 0.0146 0.0062 
      H195.8  1 0.0069 0.0125 0.0126 0.0226 0.0231 0.0135 0.0878 0.7586 0.0121 0.0164 0.0093 0.0089 0.0084 0.0073 
      H195.9  1 0.0115 0.0091 0.0084 0.0381 0.0133 0.0117 0.0124 0.8435 0.0081 0.0106 0.0069 0.0105 0.0110 0.0050 
      H415.1  1 0.0260 0.0895 0.0974 0.0086 0.0205 0.0209 0.0075 0.0357 0.0126 0.0289 0.0105 0.0080 0.0135 0.6203 
      H415.2  1 0.3129 0.0501 0.0982 0.0168 0.0171 0.0283 0.0058 0.0798 0.0322 0.0109 0.0567 0.0658 0.0112 0.2140 
      H415.3  1 0.0333 0.0104 0.0064 0.0036 0.0110 0.0121 0.0039 0.0202 0.0109 0.0056 0.0200 0.0126 0.0076 0.8425 
      H415.4  1 0.0102 0.0169 0.0542 0.0052 0.0294 0.0098 0.0084 0.0162 0.0100 0.0247 0.0067 0.0087 0.0086 0.7909 
      H415.5  1 0.0530 0.0136 0.0059 0.0045 0.0174 0.0121 0.0047 0.0314 0.0124 0.0046 0.0197 0.0091 0.0068 0.8048 
      H415.6  1 0.0116 0.0175 0.0499 0.0056 0.0281 0.0093 0.0091 0.0188 0.0142 0.0223 0.0075 0.0071 0.0085 0.7904 
      H415.7  1 0.0513 0.0268 0.0145 0.0082 0.0213 0.0227 0.0057 0.1262 0.0217 0.0097 0.0258 0.1887 0.0094 0.4679 
      H506.1  1 0.0069 0.0066 0.0043 0.0042 0.0060 0.0051 0.0086 0.0171 0.0053 0.0079 0.8937 0.0093 0.0133 0.0117 
      H506.2  1 0.0053 0.0065 0.0037 0.0046 0.0058 0.0044 0.0038 0.0217 0.0051 0.0060 0.9098 0.0095 0.0053 0.0083 
      H506.3  1 0.0100 0.0317 0.0045 0.0067 0.0061 0.0099 0.0157 0.0133 0.0116 0.0133 0.8382 0.0105 0.0117 0.0166 
      H506.4  1 0.0096 0.0163 0.0073 0.0093 0.0062 0.0156 0.0109 0.0131 0.0121 0.0091 0.8357 0.0201 0.0144 0.0203 
      H506.5  1 0.0048 0.0062 0.0048 0.0060 0.0037 0.0069 0.0065 0.0186 0.0044 0.0061 0.9016 0.0101 0.0088 0.0114 
      H506.6  1 0.0077 0.0236 0.0077 0.0203 0.0065 0.0170 0.0114 0.0122 0.0178 0.0092 0.8258 0.0166 0.0121 0.0120 
      H506.7  1 0.0056 0.0072 0.0043 0.0048 0.0049 0.0067 0.0053 0.0219 0.0043 0.0070 0.9039 0.0072 0.0079 0.0090 
      H533.1  1 0.0074 0.0083 0.0048 0.0045 0.0048 0.0042 0.0063 0.0133 0.0059 0.0056 0.9152 0.0051 0.0060 0.0086 
      H533.2  1 0.0111 0.0106 0.0040 0.0043 0.0049 0.0034 0.0070 0.0162 0.0071 0.0051 0.9065 0.0057 0.0060 0.0083 
      H533.3  1 0.0242 0.0082 0.0087 0.0089 0.0046 0.0052 0.0083 0.0186 0.0245 0.0119 0.8440 0.0095 0.0059 0.0174 
      H533.4  1 0.0886 0.0167 0.0144 0.0170 0.0077 0.0100 0.0225 0.1338 0.0170 0.0072 0.5913 0.0119 0.0112 0.0508 
      H535.1  1 0.0519 0.0058 0.0129 0.0198 0.0311 0.0182 0.0056 0.7339 0.0096 0.0120 0.0142 0.0453 0.0081 0.0316 
      H535.2  1 0.0105 0.0038 0.0045 0.0111 0.0068 0.0089 0.0143 0.8531 0.0097 0.0227 0.0201 0.0173 0.0119 0.0055 
      H535.3  1 0.0087 0.0069 0.0099 0.0101 0.0071 0.0118 0.0229 0.8272 0.0073 0.0166 0.0200 0.0155 0.0302 0.0056 
      H535.4  1 0.0073 0.0038 0.0040 0.0038 0.0069 0.0034 0.0067 0.9262 0.0045 0.0048 0.0046 0.0069 0.0097 0.0073 
      H535.5  1 0.0123 0.0044 0.0052 0.0075 0.0055 0.0085 0.0051 0.9035 0.0057 0.0066 0.0045 0.0085 0.0072 0.0155 
      H535.6  1 0.0217 0.0044 0.0166 0.0136 0.0414 0.0683 0.0076 0.7516 0.0163 0.0107 0.0114 0.0176 0.0057 0.0133 
      H535.7  1 0.0083 0.0059 0.0066 0.0069 0.0051 0.0084 0.0043 0.9075 0.0066 0.0073 0.0041 0.0048 0.0132 0.0109 
      H535.8  1 0.0087 0.0048 0.0074 0.0081 0.0083 0.0258 0.0071 0.8655 0.0072 0.0132 0.0070 0.0076 0.0184 0.0110 
      H535.9  1 0.0088 0.0071 0.0160 0.0107 0.0120 0.0075 0.0063 0.8664 0.0074 0.0090 0.0113 0.0133 0.0185 0.0056 
      H539.1  1 0.0042 0.0065 0.9334 0.0122 0.0059 0.0036 0.0033 0.0037 0.0044 0.0062 0.0033 0.0054 0.0036 0.0043 
      H539.2  1 0.4124 0.0176 0.2575 0.0387 0.0126 0.0222 0.0580 0.0123 0.0364 0.0273 0.0239 0.0159 0.0125 0.0527 
      H539.3  1 0.0296 0.0232 0.7304 0.0659 0.0106 0.0345 0.0172 0.0130 0.0083 0.0312 0.0058 0.0105 0.0134 0.0065 
      H539.4  1 0.0094 0.0176 0.8938 0.0058 0.0047 0.0061 0.0058 0.0041 0.0122 0.0088 0.0081 0.0087 0.0084 0.0066 
      H539.5  1 0.0065 0.0072 0.9153 0.0100 0.0061 0.0042 0.0042 0.0049 0.0037 0.0178 0.0034 0.0078 0.0037 0.0053 
      H539.6  1 0.0078 0.0067 0.9039 0.0103 0.0080 0.0063 0.0061 0.0046 0.0054 0.0186 0.0041 0.0069 0.0044 0.0070 
      H539.7  1 0.0064 0.0044 0.9334 0.0039 0.0063 0.0089 0.0033 0.0043 0.0050 0.0048 0.0047 0.0060 0.0040 0.0046 
      H539.8  1 0.0171 0.0435 0.7203 0.0155 0.0185 0.0500 0.0217 0.0186 0.0124 0.0115 0.0093 0.0114 0.0437 0.0067 
      H539.9  1 0.0055 0.0101 0.9186 0.0073 0.0045 0.0043 0.0049 0.0039 0.0068 0.0107 0.0051 0.0050 0.0072 0.0061 
      H540.1  1 0.0321 0.0114 0.8400 0.0124 0.0064 0.0060 0.0073 0.0126 0.0193 0.0099 0.0096 0.0221 0.0045 0.0063 
      H540.2  1 0.0091 0.0041 0.9104 0.0095 0.0094 0.0074 0.0034 0.0053 0.0074 0.0056 0.0062 0.0110 0.0040 0.0070 
      H540.3  1 0.0190 0.2085 0.5338 0.0072 0.0546 0.0284 0.0158 0.0139 0.0410 0.0055 0.0156 0.0358 0.0088 0.0120 
      H540.4  1 0.0154 0.0046 0.8669 0.0081 0.0162 0.0114 0.0059 0.0083 0.0157 0.0053 0.0145 0.0137 0.0049 0.0090 
      H540.5  1 0.0149 0.0231 0.8586 0.0090 0.0090 0.0119 0.0082 0.0082 0.0120 0.0104 0.0083 0.0126 0.0056 0.0081 
      H540.6  1 0.0211 0.0143 0.7481 0.0234 0.0148 0.0115 0.0301 0.0176 0.0312 0.0176 0.0186 0.0335 0.0061 0.0120 
      H540.7  1 0.0198 0.0048 0.8756 0.0080 0.0077 0.0057 0.0067 0.0073 0.0132 0.0114 0.0080 0.0133 0.0063 0.0123 
      H540.8  1 0.1171 0.0058 0.7310 0.0223 0.0167 0.0118 0.0049 0.0148 0.0217 0.0062 0.0100 0.0217 0.0059 0.0100 
     H9558.1  1 0.0097 0.0076 0.9105 0.0114 0.0068 0.0078 0.0050 0.0059 0.0044 0.0047 0.0058 0.0060 0.0060 0.0083 
     H9558.2  1 0.0106 0.0070 0.8871 0.0096 0.0064 0.0124 0.0059 0.0051 0.0061 0.0125 0.0081 0.0082 0.0124 0.0086 
     H9558.3  1 0.0063 0.0121 0.8675 0.0155 0.0087 0.0073 0.0067 0.0070 0.0075 0.0147 0.0069 0.0114 0.0147 0.0138 
     H9558.4  1 0.0171 0.0094 0.9025 0.0068 0.0058 0.0071 0.0049 0.0050 0.0058 0.0062 0.0057 0.0065 0.0052 0.0119 
     H9558.5  1 0.0145 0.0152 0.8826 0.0041 0.0058 0.0095 0.0063 0.0059 0.0127 0.0043 0.0064 0.0071 0.0115 0.0141 
     H9558.6  1 0.0081 0.0120 0.7672 0.0129 0.0123 0.0093 0.0052 0.0073 0.0498 0.0785 0.0053 0.0151 0.0096 0.0073 
    kos339.1  1 0.0783 0.0064 0.0138 0.0081 0.0074 0.0180 0.0102 0.4907 0.0196 0.0479 0.1024 0.1277 0.0079 0.0616 
    kos339.2  1 0.0060 0.0074 0.0071 0.0060 0.0077 0.0071 0.0099 0.8498 0.0110 0.0202 0.0138 0.0096 0.0122 0.0321 
    kos339.3  1 0.0092 0.0046 0.0074 0.0046 0.0051 0.0078 0.0059 0.8911 0.0080 0.0091 0.0070 0.0106 0.0056 0.0240 
    kos339.4  1 0.0075 0.0059 0.0073 0.0050 0.0063 0.0114 0.0082 0.8704 0.0080 0.0122 0.0093 0.0073 0.0067 0.0346 
    kos339.5  1 0.0490 0.0042 0.0175 0.0077 0.0100 0.0173 0.0128 0.6790 0.0112 0.0265 0.0183 0.1193 0.0109 0.0162 
    kos339.6  1 0.0082 0.0071 0.0058 0.0054 0.0065 0.0069 0.0072 0.8867 0.0140 0.0099 0.0094 0.0109 0.0061 0.0159 
    kos339.7  1 0.0070 0.0046 0.0060 0.0053 0.0054 0.0051 0.0049 0.9010 0.0078 0.0091 0.0072 0.0076 0.0041 0.0249 
    kos339.8  1 0.0120 0.0079 0.0055 0.0039 0.0076 0.0114 0.0124 0.7581 0.0136 0.0136 0.0176 0.0198 0.0123 0.1043 
    kos339.9  1 0.0172 0.0064 0.0216 0.0086 0.0104 0.0077 0.0080 0.8407 0.0088 0.0197 0.0081 0.0181 0.0085 0.0161 
      H008.1  2 0.0173 0.0068 0.0491 0.0077 0.0084 0.0084 0.0159 0.0117 0.0103 0.8056 0.0143 0.0078 0.0264 0.0102 
      H008.2  2 0.0806 0.0747 0.1469 0.0582 0.0135 0.0255 0.0629 0.0323 0.0230 0.1074 0.0539 0.0180 0.2901 0.0129 
      H008.3  2 0.1837 0.0518 0.0514 0.0684 0.0287 0.0660 0.1233 0.0441 0.0333 0.0911 0.1092 0.0226 0.1037 0.0224 
      H008.4  2 0.0183 0.0543 0.0387 0.0303 0.0298 0.0259 0.0159 0.0216 0.0081 0.6626 0.0164 0.0184 0.0237 0.0359 
      H008.5  2 0.0189 0.0155 0.0094 0.0200 0.0144 0.0361 0.0133 0.0126 0.0166 0.7829 0.0127 0.0094 0.0254 0.0127 
      H008.6  2 0.0760 0.1593 0.0598 0.0433 0.0176 0.0415 0.0088 0.0216 0.0174 0.3248 0.0236 0.0190 0.1701 0.0171 
      H008.7  2 0.0444 0.0804 0.0659 0.0368 0.0409 0.0520 0.0636 0.0390 0.0113 0.3577 0.0407 0.0267 0.1075 0.0332 
      H008.8  2 0.0122 0.0119 0.6432 0.0535 0.0135 0.0097 0.0240 0.0221 0.0086 0.1078 0.0417 0.0115 0.0229 0.0174 
      H008.9  2 0.0522 0.3274 0.0568 0.0720 0.0320 0.0254 0.0157 0.0591 0.0147 0.0424 0.0465 0.0263 0.2181 0.0113 
 H029.1_2002  2 0.0114 0.0250 0.0403 0.0132 0.0145 0.1012 0.0141 0.0062 0.0095 0.6841 0.0130 0.0302 0.0074 0.0299 
 H029.1_2003  2 0.0171 0.0189 0.0109 0.0092 0.0133 0.7295 0.0058 0.0093 0.0231 0.0908 0.0331 0.0152 0.0103 0.0136 
 H029.2_2002  2 0.0366 0.0328 0.0077 0.0184 0.0083 0.0617 0.0387 0.0913 0.0100 0.6219 0.0302 0.0235 0.0111 0.0078 
 H029.2_2003  2 0.1062 0.0267 0.0101 0.0282 0.0081 0.4834 0.0084 0.0594 0.0265 0.1672 0.0300 0.0208 0.0181 0.0070 
 H029.3_2002  2 0.0216 0.1801 0.0075 0.0277 0.0088 0.0725 0.0623 0.1115 0.0331 0.2782 0.1516 0.0233 0.0090 0.0125 
 H029.3_2003  2 0.0165 0.0087 0.0065 0.0072 0.0091 0.2315 0.0076 0.0088 0.0156 0.6184 0.0233 0.0102 0.0287 0.0077 
 H029.4_2002  2 0.0069 0.0258 0.0058 0.0057 0.0078 0.0335 0.0204 0.0079 0.0077 0.8397 0.0118 0.0051 0.0059 0.0159 
 H029.4_2003  2 0.0128 0.0194 0.0282 0.0090 0.0071 0.7060 0.0134 0.0072 0.0149 0.1043 0.0344 0.0112 0.0179 0.0141 
 H029.5_2002  2 0.0077 0.0050 0.0072 0.0053 0.0134 0.0539 0.0105 0.0049 0.0080 0.8471 0.0077 0.0112 0.0115 0.0065 
 H029.5_2003  2 0.0280 0.0106 0.0112 0.0065 0.0069 0.5005 0.0056 0.0063 0.0092 0.3564 0.0219 0.0062 0.0229 0.0078 
 H029.6_2002  2 0.0067 0.0489 0.0061 0.0097 0.0111 0.2781 0.0268 0.0082 0.0098 0.5466 0.0286 0.0057 0.0042 0.0095 
 H029.6_2003  2 0.0619 0.0098 0.0162 0.0091 0.0271 0.1050 0.0099 0.0624 0.0192 0.5359 0.0736 0.0353 0.0255 0.0091 
      H029.7  2 0.0160 0.0323 0.0064 0.0206 0.0056 0.0459 0.0230 0.0497 0.0065 0.7496 0.0172 0.0125 0.0076 0.0072 
      H030.1  2 0.0297 0.0059 0.0067 0.0099 0.0161 0.0713 0.0159 0.0093 0.6435 0.0296 0.0146 0.0699 0.0706 0.0070 
      H030.2  2 0.0104 0.0641 0.0166 0.0055 0.0196 0.0212 0.2331 0.0118 0.2585 0.1017 0.0123 0.0168 0.0356 0.1928 
      H038.1  2 0.0049 0.0294 0.0099 0.0145 0.0052 0.0073 0.0040 0.0063 0.0095 0.8813 0.0088 0.0065 0.0050 0.0073 
      H038.2  2 0.0072 0.0062 0.0051 0.0030 0.0099 0.0072 0.0086 0.0097 0.0097 0.9014 0.0055 0.0089 0.0076 0.0099 
      H038.3  2 0.0075 0.0334 0.0168 0.0049 0.0130 0.0046 0.0092 0.0128 0.0194 0.8009 0.0088 0.0374 0.0117 0.0194 
      H038.4  2 0.0051 0.0245 0.0106 0.0046 0.0243 0.0053 0.0088 0.0129 0.0098 0.8364 0.0106 0.0215 0.0138 0.0117 
      H038.5  2 0.0085 0.0259 0.0136 0.0046 0.0098 0.0096 0.0165 0.0074 0.0140 0.8443 0.0198 0.0087 0.0097 0.0075 
      H038.6  2 0.0094 0.0106 0.0083 0.0058 0.0046 0.0105 0.0047 0.0049 0.0115 0.9008 0.0071 0.0069 0.0058 0.0090 
      H038.7  2 0.0065 0.0122 0.0108 0.0044 0.0053 0.0052 0.0035 0.0055 0.0106 0.8710 0.0069 0.0340 0.0095 0.0146 
      H038.8  2 0.0052 0.0879 0.0087 0.0048 0.0143 0.0045 0.0089 0.0128 0.0172 0.7896 0.0053 0.0143 0.0073 0.0192 
      H041.1  2 0.0146 0.0360 0.0113 0.0182 0.0220 0.2749 0.1345 0.0239 0.0099 0.2763 0.0151 0.0576 0.0902 0.0153 
      H041.2  2 0.0083 0.0161 0.0072 0.0092 0.0292 0.6441 0.0055 0.0143 0.0091 0.0907 0.0077 0.0163 0.1238 0.0186 
      H041.4  2 0.0087 0.0304 0.0323 0.0197 0.0236 0.4741 0.0126 0.0306 0.0118 0.2755 0.0142 0.0163 0.0371 0.0133 
      H041.6  2 0.0122 0.0154 0.0694 0.0466 0.0264 0.4786 0.0189 0.0242 0.0171 0.2077 0.0095 0.0222 0.0203 0.0316 
 H042.1_2002  2 0.0299 0.0124 0.0467 0.0175 0.0342 0.7412 0.0092 0.0204 0.0076 0.0087 0.0062 0.0146 0.0056 0.0460 
 H042.1_2003  2 0.0702 0.0902 0.0971 0.0277 0.0439 0.0424 0.0143 0.0166 0.0444 0.0801 0.0144 0.0777 0.3174 0.0635 
 H042.2_2002  2 0.0214 0.0397 0.0091 0.0127 0.0225 0.4881 0.0192 0.0132 0.0095 0.1077 0.0134 0.0070 0.0081 0.2283 
 H042.2_2003  2 0.0199 0.0067 0.0645 0.0177 0.0803 0.5576 0.0056 0.0171 0.0089 0.1181 0.0089 0.0366 0.0341 0.0241 
 H042.3_2002  2 0.0167 0.0142 0.0213 0.0117 0.0330 0.4186 0.0065 0.0137 0.0111 0.0078 0.0069 0.0080 0.0111 0.4194 
 H042.3_2003  2 0.0338 0.0273 0.0587 0.0138 0.0230 0.2544 0.0498 0.0157 0.0123 0.0315 0.0094 0.0137 0.0177 0.4390 
 H042.4_2002  2 0.0101 0.0115 0.0171 0.0070 0.0236 0.8464 0.0087 0.0154 0.0142 0.0144 0.0063 0.0089 0.0081 0.0083 
 H042.4_2003  2 0.0084 0.0059 0.0276 0.0237 0.0165 0.7798 0.0133 0.0109 0.0129 0.0446 0.0067 0.0321 0.0117 0.0060 
      H042.5  2 0.0097 0.0028 0.0057 0.0135 0.0096 0.9123 0.0063 0.0064 0.0049 0.0064 0.0048 0.0064 0.0069 0.0045 
      H042.6  2 0.0109 0.0142 0.0269 0.0475 0.0086 0.8103 0.0111 0.0065 0.0079 0.0127 0.0081 0.0125 0.0062 0.0166 
      H042.7  2 0.0101 0.0060 0.0182 0.0118 0.1319 0.5382 0.0085 0.0147 0.0065 0.0205 0.0099 0.0354 0.0099 0.1784 
      H042.8  2 0.0195 0.0209 0.0155 0.0212 0.0260 0.7663 0.0058 0.0079 0.0051 0.0132 0.0068 0.0095 0.0292 0.0532 
   H042_2002  2 0.0295 0.0338 0.2181 0.2681 0.0340 0.0798 0.0075 0.0086 0.0171 0.0713 0.0160 0.0438 0.0269 0.1454 
   H042_2003  2 0.0257 0.0362 0.2771 0.2564 0.0347 0.0723 0.0066 0.0121 0.0163 0.0794 0.0160 0.0402 0.0345 0.0926 
      H043.1  2 0.0094 0.0491 0.7429 0.0149 0.0042 0.0133 0.0245 0.0157 0.0141 0.0200 0.0225 0.0157 0.0392 0.0145 
      H043.2  2 0.0056 0.0325 0.8563 0.0201 0.0047 0.0045 0.0049 0.0150 0.0053 0.0209 0.0079 0.0060 0.0076 0.0086 
      H043.3  2 0.0102 0.0175 0.4606 0.0198 0.0050 0.0085 0.0049 0.0097 0.0103 0.2395 0.0199 0.1228 0.0268 0.0444 
      H043.4  2 0.0105 0.0447 0.7238 0.0617 0.0056 0.0103 0.0061 0.0185 0.0100 0.0366 0.0086 0.0286 0.0191 0.0160 
      H043.5  2 0.0067 0.0830 0.7426 0.0056 0.0077 0.0067 0.0067 0.0104 0.0094 0.0644 0.0159 0.0077 0.0146 0.0185 
      H043.6  2 0.0059 0.0647 0.7279 0.0092 0.0049 0.0070 0.0050 0.0120 0.0105 0.1101 0.0084 0.0098 0.0048 0.0198 
      H043.7  2 0.0052 0.0162 0.8177 0.0210 0.0041 0.0060 0.0033 0.0067 0.0080 0.0146 0.0076 0.0600 0.0159 0.0137 
      H043.8  2 0.0095 0.0125 0.7517 0.0107 0.0066 0.0067 0.0110 0.0196 0.0298 0.0292 0.0392 0.0188 0.0131 0.0414 
      H043.9  2 0.0102 0.0282 0.6951 0.0197 0.0050 0.0180 0.0167 0.0102 0.0170 0.0544 0.0420 0.0363 0.0233 0.0238 
      H047.1  2 0.0128 0.0064 0.1650 0.0129 0.0057 0.0073 0.0055 0.0101 0.0069 0.4777 0.0052 0.0100 0.2270 0.0475 
      H047.2  2 0.0176 0.0056 0.0106 0.0111 0.0150 0.0136 0.0138 0.0127 0.0096 0.0811 0.0094 0.0247 0.7665 0.0087 
      H047.3  2 0.0171 0.0046 0.0160 0.0219 0.0188 0.0174 0.0263 0.0073 0.0100 0.0919 0.0128 0.0243 0.7151 0.0165 
      H047.4  2 0.0091 0.0047 0.0197 0.0107 0.0219 0.0499 0.0079 0.0130 0.0105 0.2205 0.0106 0.1197 0.4691 0.0328 
      H047.5  2 0.0150 0.0038 0.0277 0.0397 0.0226 0.0127 0.0077 0.0090 0.0096 0.1518 0.0149 0.0247 0.6173 0.0437 
      H047.6  2 0.0074 0.0057 0.0076 0.0076 0.0141 0.0290 0.0075 0.0071 0.0055 0.0291 0.0063 0.0099 0.8464 0.0170 
      H047.7  2 0.0090 0.0127 0.0918 0.0100 0.0121 0.0148 0.0135 0.0150 0.0058 0.4274 0.0051 0.0078 0.2265 0.1485 
      H047.8  2 0.0143 0.0041 0.0210 0.0162 0.0141 0.0278 0.0102 0.0072 0.0084 0.0677 0.0105 0.0204 0.7467 0.0314 
      H047.9  2 0.0344 0.0039 0.0354 0.0799 0.0308 0.0158 0.0085 0.0211 0.0133 0.4592 0.0082 0.0223 0.1639 0.1033 
 H071.1_2002  2 0.0061 0.0058 0.0154 0.0106 0.0054 0.0063 0.0041 0.0096 0.0073 0.9001 0.0048 0.0090 0.0064 0.0090 
 H071.1_2003  2 0.0125 0.0098 0.0517 0.0751 0.0089 0.0124 0.0048 0.0209 0.0501 0.6703 0.0053 0.0528 0.0152 0.0102 
     H071.10  2 0.0044 0.0070 0.0081 0.0052 0.0056 0.0047 0.0105 0.0053 0.0151 0.9012 0.0091 0.0049 0.0038 0.0151 
 H071.2_2002  2 0.0102 0.0094 0.0174 0.0102 0.0078 0.0054 0.0036 0.0097 0.0112 0.8740 0.0108 0.0085 0.0083 0.0133 
 H071.2_2003  2 0.0065 0.0039 0.0063 0.0069 0.0040 0.0054 0.0038 0.0055 0.0055 0.9341 0.0043 0.0064 0.0037 0.0038 
      H071.3  2 0.0048 0.0077 0.0069 0.0060 0.0070 0.0070 0.0084 0.0060 0.0156 0.8645 0.0094 0.0101 0.0326 0.0140 
 H071.4_2002  2 0.0055 0.0128 0.0119 0.0084 0.0131 0.0091 0.0105 0.0101 0.0148 0.8618 0.0125 0.0091 0.0051 0.0153 
 H071.4_2003  2 0.0061 0.0030 0.0054 0.0050 0.0043 0.0043 0.0047 0.0061 0.0078 0.9286 0.0053 0.0056 0.0066 0.0073 
 H071.5_2002  2 0.0047 0.0042 0.0065 0.0067 0.0038 0.0052 0.0090 0.0046 0.0076 0.9247 0.0044 0.0052 0.0042 0.0093 
 H071.5_2003  2 0.0101 0.0034 0.0104 0.0071 0.0075 0.0055 0.0045 0.0077 0.0137 0.8802 0.0074 0.0165 0.0098 0.0162 
 H071.6_2002  2 0.0055 0.0059 0.0079 0.0070 0.0053 0.0060 0.0039 0.0052 0.0083 0.8983 0.0105 0.0062 0.0041 0.0258 
 H071.6_2003  2 0.0065 0.0038 0.0071 0.0053 0.0050 0.0050 0.0045 0.0051 0.0149 0.9073 0.0066 0.0150 0.0048 0.0091 
 H071.7_2002  2 0.0056 0.0047 0.0060 0.0083 0.0043 0.0055 0.0042 0.0045 0.0040 0.9223 0.0058 0.0086 0.0062 0.0101 
 H071.7_2003  2 0.0093 0.0045 0.0125 0.0070 0.0058 0.0064 0.0060 0.0092 0.0202 0.8870 0.0050 0.0124 0.0054 0.0092 
      H071.8  2 0.0059 0.0078 0.0085 0.0136 0.0077 0.0084 0.0036 0.0081 0.0058 0.8991 0.0094 0.0079 0.0079 0.0064 
      H071.9  2 0.0067 0.0134 0.0199 0.0112 0.0120 0.0184 0.0125 0.0111 0.0224 0.7246 0.0936 0.0142 0.0110 0.0290 
 H081.1_2002  2 0.0061 0.0051 0.0093 0.0126 0.0068 0.0067 0.0053 0.0071 0.0072 0.9110 0.0050 0.0065 0.0049 0.0063 
 H081.1_2003  2 0.0298 0.2763 0.0626 0.0282 0.0277 0.0854 0.0215 0.0430 0.1629 0.0602 0.0531 0.1120 0.0134 0.0240 
 H081.2_2002  2 0.0065 0.0052 0.0119 0.0791 0.0072 0.0072 0.0050 0.0088 0.0057 0.8298 0.0060 0.0145 0.0059 0.0072 
 H081.2_2003  2 0.0095 0.0102 0.0294 0.0742 0.0089 0.0221 0.0395 0.0099 0.7117 0.0355 0.0195 0.0109 0.0082 0.0107 
 H081.3_2002  2 0.0051 0.0086 0.0085 0.0312 0.0090 0.0103 0.0075 0.0143 0.0152 0.8404 0.0130 0.0133 0.0162 0.0075 
 H081.3_2003  2 0.0131 0.0140 0.2412 0.0410 0.0140 0.0293 0.0141 0.0299 0.5039 0.0138 0.0486 0.0132 0.0107 0.0133 
 H081.4_2002  2 0.0078 0.0043 0.0070 0.0075 0.0064 0.0074 0.0055 0.0075 0.0080 0.9035 0.0081 0.0086 0.0070 0.0114 
 H081.4_2003  2 0.0287 0.0203 0.0910 0.0368 0.0233 0.1134 0.0180 0.0581 0.4301 0.0274 0.0473 0.0795 0.0103 0.0157 
 H081.5_2002  2 0.0082 0.0057 0.0094 0.0084 0.0058 0.0098 0.0047 0.0104 0.0124 0.8913 0.0074 0.0085 0.0087 0.0092 
 H081.5_2003  2 0.0211 0.0226 0.0748 0.1224 0.0311 0.0732 0.0158 0.0421 0.1340 0.0649 0.0389 0.3174 0.0154 0.0263 
      H081.6  2 0.0064 0.0049 0.0100 0.0188 0.0052 0.0059 0.0044 0.0089 0.0087 0.8975 0.0066 0.0111 0.0043 0.0074 
      H081.7  2 0.0057 0.0043 0.0095 0.0541 0.0091 0.0091 0.0065 0.0156 0.0137 0.8381 0.0089 0.0112 0.0074 0.0067 
      H081.8  2 0.0066 0.0164 0.0116 0.0110 0.0118 0.0108 0.0136 0.0181 0.0324 0.8048 0.0220 0.0125 0.0080 0.0204 
      H083.1  2 0.0094 0.0091 0.0060 0.0079 0.0064 0.0185 0.0230 0.0146 0.0095 0.8507 0.0153 0.0104 0.0083 0.0109 
      H083.2  2 0.0105 0.0085 0.0173 0.0225 0.0091 0.0110 0.0239 0.0226 0.0091 0.7712 0.0164 0.0198 0.0488 0.0092 
      H083.4  2 0.0063 0.0183 0.0087 0.0165 0.0124 0.0091 0.0864 0.0130 0.0072 0.7420 0.0445 0.0090 0.0128 0.0136 
      H083.5  2 0.0104 0.0335 0.0061 0.0126 0.0107 0.0257 0.0587 0.0132 0.0061 0.7808 0.0108 0.0123 0.0111 0.0079 
      H083.6  2 0.0147 0.0109 0.0064 0.0142 0.0185 0.0173 0.0683 0.0324 0.0097 0.7446 0.0375 0.0080 0.0085 0.0088 
      H083.7  2 0.0084 0.0115 0.0091 0.0156 0.0195 0.0101 0.2222 0.0115 0.0073 0.6315 0.0231 0.0080 0.0119 0.0103 
      H083.8  2 0.0118 0.0080 0.0191 0.0150 0.0089 0.0143 0.0246 0.0303 0.0087 0.7451 0.0167 0.0172 0.0705 0.0098 
      H083.9  2 0.0078 0.0089 0.0055 0.0076 0.0108 0.0193 0.1103 0.0128 0.0063 0.7728 0.0153 0.0079 0.0085 0.0061 
      H084.1  2 0.0099 0.0273 0.0083 0.0080 0.0211 0.0109 0.0090 0.0063 0.8419 0.0065 0.0119 0.0068 0.0155 0.0164 
      H084.2  2 0.0094 0.0406 0.0088 0.0050 0.0053 0.0172 0.0068 0.0071 0.8478 0.0064 0.0206 0.0098 0.0051 0.0099 
      H084.3  2 0.0158 0.1528 0.0072 0.0074 0.1155 0.0138 0.0176 0.0145 0.5856 0.0063 0.0132 0.0175 0.0129 0.0199 
      H084.4  2 0.0080 0.1433 0.0101 0.0050 0.0308 0.0431 0.0064 0.0162 0.6214 0.0078 0.0170 0.0378 0.0299 0.0232 
      H084.5  2 0.0096 0.0406 0.0082 0.0096 0.0389 0.0100 0.0083 0.0075 0.6864 0.0077 0.0160 0.0224 0.0321 0.1028 
      H084.6  2 0.0057 0.0875 0.0067 0.0074 0.0781 0.0069 0.0262 0.0251 0.6659 0.0060 0.0151 0.0070 0.0385 0.0238 
      H084.7  2 0.0094 0.0120 0.0082 0.0061 0.0074 0.0328 0.0090 0.0116 0.8450 0.0102 0.0184 0.0075 0.0101 0.0123 
      H084.8  2 0.0099 0.0673 0.0064 0.0075 0.1028 0.0139 0.0113 0.0104 0.6912 0.0064 0.0102 0.0090 0.0364 0.0175 
 H085.1_2002  2 0.0060 0.0127 0.0113 0.8748 0.0059 0.0112 0.0112 0.0115 0.0096 0.0162 0.0082 0.0071 0.0064 0.0081 
 H085.1_2003  2 0.0089 0.0178 0.0064 0.1008 0.0187 0.0936 0.0619 0.0129 0.0145 0.5613 0.0527 0.0192 0.0226 0.0086 
 H085.2_2002  2 0.0085 0.0957 0.0405 0.3780 0.0237 0.0582 0.1010 0.1151 0.0650 0.0296 0.0183 0.0336 0.0077 0.0251 
 H085.2_2003  2 0.0153 0.0114 0.0074 0.0180 0.0079 0.0690 0.0244 0.0130 0.0187 0.7067 0.0259 0.0252 0.0466 0.0104 
 H085.3_2002  2 0.0063 0.0057 0.0107 0.8672 0.0095 0.0258 0.0089 0.0098 0.0063 0.0121 0.0063 0.0189 0.0067 0.0058 
 H085.3_2003  2 0.0110 0.0058 0.0106 0.0373 0.0111 0.0149 0.0073 0.0051 0.0103 0.8023 0.0109 0.0542 0.0112 0.0079 
 H085.4_2002  2 0.0134 0.0529 0.0556 0.4838 0.0188 0.0442 0.0284 0.0406 0.0343 0.1638 0.0172 0.0146 0.0063 0.0263 
 H085.4_2003  2 0.0098 0.0086 0.0179 0.0129 0.0191 0.0554 0.0083 0.0130 0.0292 0.7282 0.0064 0.0454 0.0103 0.0354 
 H085.5_2002  2 0.0061 0.0052 0.0095 0.8995 0.0093 0.0110 0.0049 0.0058 0.0060 0.0089 0.0057 0.0166 0.0063 0.0052 
 H085.5_2003  2 0.0136 0.0062 0.0077 0.0185 0.0076 0.0168 0.0230 0.0091 0.0148 0.8436 0.0106 0.0093 0.0094 0.0098 
 H085.6_2002  2 0.0045 0.0094 0.0073 0.8922 0.0072 0.0167 0.0075 0.0071 0.0072 0.0073 0.0099 0.0126 0.0063 0.0050 
 H085.6_2003  2 0.0138 0.0084 0.0156 0.0202 0.0162 0.0305 0.0051 0.0101 0.0121 0.0600 0.0087 0.7550 0.0354 0.0087 
 H085.7_2002  2 0.0093 0.0142 0.0119 0.6482 0.0104 0.0817 0.0275 0.0363 0.0237 0.0350 0.0070 0.0570 0.0278 0.0100 
 H085.7_2003  2 0.0127 0.0089 0.0108 0.0242 0.0184 0.0221 0.0115 0.0083 0.0096 0.7902 0.0170 0.0349 0.0192 0.0123 
 H085.8_2002  2 0.0076 0.0220 0.0270 0.3341 0.0324 0.0278 0.0119 0.0326 0.0275 0.0481 0.0107 0.3887 0.0122 0.0175 
 H085.8_2003  2 0.0147 0.0166 0.0192 0.0368 0.0282 0.3094 0.1033 0.0200 0.0363 0.2709 0.0215 0.0676 0.0318 0.0234 
      H085.9  2 0.0098 0.0249 0.0134 0.7910 0.0123 0.0236 0.0131 0.0126 0.0176 0.0353 0.0069 0.0196 0.0088 0.0111 
      H088.1  2 0.0166 0.0082 0.0140 0.0144 0.0291 0.8430 0.0124 0.0106 0.0078 0.0083 0.0141 0.0077 0.0083 0.0056 
      H088.2  2 0.0088 0.0070 0.0063 0.0287 0.0168 0.8597 0.0066 0.0110 0.0078 0.0070 0.0114 0.0123 0.0071 0.0096 
      H088.3  2 0.0080 0.0065 0.0064 0.0106 0.0073 0.8942 0.0075 0.0077 0.0074 0.0061 0.0098 0.0107 0.0104 0.0074 
      H088.4  2 0.0078 0.0047 0.0091 0.0058 0.0045 0.9108 0.0033 0.0043 0.0107 0.0094 0.0082 0.0072 0.0069 0.0073 
      H088.5  2 0.0066 0.0050 0.0058 0.0051 0.0069 0.9286 0.0051 0.0047 0.0070 0.0044 0.0060 0.0044 0.0051 0.0054 
      H088.6  2 0.0102 0.0052 0.0062 0.0050 0.0127 0.8943 0.0064 0.0069 0.0088 0.0104 0.0087 0.0070 0.0104 0.0077 
      H088.7  2 0.0077 0.0084 0.0051 0.0105 0.0087 0.8579 0.0058 0.0061 0.0092 0.0185 0.0103 0.0141 0.0290 0.0086 
      H088.8  2 0.0106 0.0067 0.0097 0.0066 0.0103 0.8465 0.0075 0.0078 0.0101 0.0303 0.0161 0.0079 0.0205 0.0093 
      H091.1  2 0.0078 0.0064 0.0092 0.0114 0.0102 0.8025 0.0229 0.0181 0.0070 0.0362 0.0170 0.0158 0.0084 0.0270 
      H091.2  2 0.0095 0.0043 0.0163 0.0104 0.0223 0.7259 0.0385 0.0237 0.0053 0.0387 0.0333 0.0167 0.0132 0.0420 
      H109.1  2 0.0197 0.0383 0.0505 0.0306 0.0270 0.0142 0.1528 0.0097 0.1265 0.0213 0.2112 0.0156 0.2545 0.0282 
      H109.2  2 0.0122 0.0181 0.0718 0.0095 0.0246 0.0195 0.0316 0.0138 0.4760 0.0949 0.0579 0.0756 0.0672 0.0273 
      H109.3  2 0.0246 0.0147 0.0157 0.0070 0.0170 0.0312 0.0092 0.0668 0.0439 0.0442 0.0296 0.0825 0.5903 0.0232 
      H109.4  2 0.0280 0.0596 0.1342 0.0124 0.0294 0.0516 0.0427 0.0199 0.2142 0.0503 0.1281 0.0392 0.1425 0.0478 
      H109.5  2 0.0207 0.0052 0.0157 0.0091 0.0328 0.2457 0.0057 0.0413 0.0368 0.3778 0.0177 0.0505 0.1151 0.0258 
      H109.6  2 0.0191 0.0184 0.1176 0.0102 0.0391 0.0178 0.0217 0.0477 0.3094 0.0448 0.1287 0.0654 0.1236 0.0363 
      H126.1  2 0.0992 0.0107 0.2016 0.2418 0.0216 0.0245 0.0132 0.0232 0.0103 0.0102 0.0644 0.0560 0.0138 0.2095 
      H126.2  2 0.0299 0.0337 0.1907 0.4328 0.0092 0.0244 0.0159 0.0288 0.0286 0.0742 0.0160 0.0315 0.0350 0.0495 
      H126.3  2 0.0129 0.0100 0.0209 0.2769 0.0086 0.1012 0.0289 0.0211 0.0049 0.0628 0.0270 0.0074 0.0064 0.4112 
      H126.4  2 0.0611 0.0107 0.6464 0.0228 0.0132 0.0297 0.0326 0.0426 0.0165 0.0358 0.0201 0.0103 0.0172 0.0411 
      H126.5  2 0.0444 0.0052 0.4228 0.0729 0.0071 0.0083 0.0090 0.0279 0.0091 0.1279 0.0160 0.0960 0.0066 0.1466 
      H126.6  2 0.0058 0.0065 0.0081 0.6291 0.0042 0.0193 0.0070 0.0206 0.0044 0.1558 0.0087 0.0162 0.0073 0.1068 
      H126.7  2 0.0112 0.0035 0.0143 0.0335 0.0064 0.0329 0.0074 0.0115 0.0080 0.8138 0.0117 0.0134 0.0078 0.0244 
      H130.1  2 0.0949 0.0087 0.3374 0.0361 0.0295 0.1581 0.0231 0.0223 0.0794 0.0092 0.0327 0.1378 0.0231 0.0078 
      H130.2  2 0.0309 0.0093 0.0166 0.0187 0.0150 0.0200 0.0278 0.0149 0.6988 0.0250 0.0475 0.0238 0.0452 0.0066 
      H130.3  2 0.4772 0.0048 0.0143 0.0071 0.0081 0.0204 0.0077 0.0086 0.3690 0.0157 0.0229 0.0213 0.0181 0.0049 
      H130.4  2 0.3225 0.0324 0.1535 0.0415 0.0255 0.0472 0.0230 0.0353 0.1444 0.0099 0.0963 0.0309 0.0281 0.0096 
      H130.5  2 0.0184 0.0069 0.0587 0.0499 0.0335 0.0570 0.0266 0.0207 0.5828 0.0365 0.0183 0.0676 0.0153 0.0076 
      H133.1  2 0.1159 0.1405 0.0645 0.0269 0.0120 0.0729 0.0173 0.0210 0.0818 0.0399 0.2047 0.1075 0.0809 0.0141 
      H133.2  2 0.0300 0.0104 0.1696 0.1061 0.0078 0.1021 0.0101 0.0451 0.1341 0.0183 0.0458 0.1395 0.1665 0.0146 
