      H105.1  1 0.2067 0.5472 0.2461 
      H105.2  1 0.2768 0.3532 0.3700 
      H105.3  1 0.2880 0.4536 0.2584 
      H105.4  1 0.0959 0.1004 0.8037 
      H105.5  1 0.3527 0.0591 0.5881 
      H105.6  1 0.1085 0.0592 0.8322 
      H105.7  1 0.0642 0.7630 0.1728 
      H105.8  1 0.3692 0.5188 0.1120 
      H115.1  1 0.6631 0.2267 0.1102 
      H115.2  1 0.8914 0.0427 0.0659 
      H115.3  1 0.9296 0.0356 0.0348 
      H115.4  1 0.7437 0.1735 0.0828 
      H115.5  1 0.8141 0.1422 0.0437 
      H115.6  1 0.7573 0.0998 0.1429 
      H115.7  1 0.1850 0.0675 0.7475 
      H115.8  1 0.8851 0.0911 0.0238 
      H115.9  1 0.6947 0.2639 0.0414 
      H145.1  1 0.1502 0.0227 0.8272 
      H145.2  1 0.1685 0.0153 0.8162 
      H145.3  1 0.1221 0.2978 0.5800 
      H145.4  1 0.0271 0.0189 0.9541 
      H145.5  1 0.3475 0.0549 0.5975 
      H145.6  1 0.0512 0.0332 0.9156 
      H145.7  1 0.0227 0.0591 0.9182 
      H149.1  1 0.0756 0.0236 0.9008 
      H149.2  1 0.0253 0.0154 0.9593 
      H149.3  1 0.0489 0.0366 0.9145 
      H149.4  1 0.0429 0.0386 0.9185 
      H149.5  1 0.0216 0.0488 0.9296 
      H149.6  1 0.0159 0.0162 0.9679 
      H149.7  1 0.0869 0.2060 0.7071 
      H150.1  1 0.9374 0.0233 0.0394 
      H150.2  1 0.9148 0.0205 0.0647 
      H150.3  1 0.5174 0.0723 0.4103 
      H150.4  1 0.8786 0.0734 0.0480 
      H150.5  1 0.6007 0.0808 0.3186 
      H150.6  1 0.8340 0.0440 0.1220 
      H150.7  1 0.9351 0.0214 0.0435 
   H169607.1  1 0.7357 0.1680 0.0964 
   H169607.2  1 0.5232 0.1372 0.3397 
   H169607.3  1 0.2760 0.5688 0.1551 
   H169607.4  1 0.5849 0.0463 0.3688 
   H169607.5  1 0.1443 0.0954 0.7604 
   H169607.6  1 0.5499 0.2065 0.2436 
   H169607.7  1 0.7943 0.1196 0.0862 
   H169607.8  1 0.5220 0.2084 0.2696 
   H169633.1  1 0.2339 0.0730 0.6931 
   H169633.2  1 0.1669 0.1983 0.6348 
   H169633.3  1 0.0529 0.1217 0.8253 
   H169633.4  1 0.1247 0.0250 0.8503 
   H169633.5  1 0.1441 0.0323 0.8236 
   H169688.1  1 0.0614 0.7923 0.1462 
   H169688.2  1 0.1000 0.8776 0.0224 
   H169688.3  1 0.3432 0.4073 0.2495 
   H169688.4  1 0.8874 0.0834 0.0292 
   H169688.5  1 0.8874 0.0832 0.0294 
   H169688.6  1 0.6138 0.2935 0.0927 
   H169688.7  1 0.5234 0.2759 0.2007 
   H171901.1  1 0.4392 0.0579 0.5028 
   H171901.2  1 0.1460 0.0345 0.8194 
   H171901.3  1 0.1512 0.0826 0.7661 
   H171901.4  1 0.1866 0.0610 0.7524 
   H171901.5  1 0.2580 0.0351 0.7068 
   H171901.6  1 0.1738 0.0221 0.8041 
   H171901.7  1 0.1510 0.0486 0.8004 
   H171902.1  1 0.9445 0.0230 0.0325 
  H171902.10  1 0.8993 0.0188 0.0819 
   H171902.2  1 0.5408 0.4194 0.0399 
   H171902.3  1 0.8781 0.0285 0.0934 
   H171902.4  1 0.5041 0.0492 0.4467 
   H171902.6  1 0.8505 0.0175 0.1320 
   H171902.7  1 0.8643 0.0103 0.1254 
   H171902.8  1 0.8873 0.0177 0.0950 
   H171902.9  1 0.8101 0.0314 0.1585 
   H171903.1  1 0.1866 0.1286 0.6848 
   H171903.2  1 0.5001 0.3145 0.1854 
   H171903.3  1 0.4007 0.1936 0.4056 
   H171903.4  1 0.1460 0.1298 0.7241 
   H171903.5  1 0.7554 0.1609 0.0838 
   H171903.6  1 0.3186 0.2804 0.4010 
      H177.1  1 0.0771 0.0803 0.8426 
      H177.2  1 0.4238 0.2276 0.3486 
      H177.3  1 0.3291 0.0288 0.6421 
      H177.4  1 0.0886 0.1866 0.7248 
      H177.5  1 0.0515 0.8065 0.1420 
      H177.6  1 0.3576 0.0239 0.6185 
      H179.1  1 0.5143 0.4535 0.0322 
      H179.2  1 0.5525 0.4079 0.0396 
      H179.3  1 0.2734 0.7039 0.0227 
      H179.4  1 0.2790 0.3708 0.3503 
      H180.1  1 0.9207 0.0353 0.0441 
      H180.2  1 0.8676 0.0341 0.0983 
      H180.3  1 0.9118 0.0553 0.0329 
      H180.4  1 0.4897 0.1363 0.3741 
      H180.5  1 0.6375 0.1902 0.1722 
      H180.6  1 0.6840 0.2181 0.0979 
      H181.1  1 0.5268 0.3066 0.1666 
      H181.2  1 0.5053 0.2426 0.2521 
      H181.3  1 0.1287 0.6400 0.2313 
      H181.4  1 0.1824 0.3343 0.4833 
      H181.5  1 0.0808 0.8672 0.0520 
      H181.6  1 0.5930 0.2499 0.1571 
      H181.7  1 0.3717 0.5227 0.1056 
 H194.1_2004  1 0.0214 0.0249 0.9536 
 H194.2_2004  1 0.0221 0.0351 0.9427 
 H194.3_2004  1 0.0162 0.0188 0.9649 
 H194.4_2004  1 0.0304 0.0458 0.9238 
 H194.5_2004  1 0.0202 0.0211 0.9587 
 H194.6_2004  1 0.0320 0.1530 0.8149 
 H194.7_2004  1 0.0220 0.0785 0.8995 
 H194.8_2004  1 0.0258 0.1108 0.8635 
      H194.9  1 0.0283 0.0674 0.9043 
 H195.1_2003  1 0.0301 0.0321 0.9378 
 H195.1_2004  1 0.0737 0.0498 0.8766 
 H195.2_2003  1 0.3193 0.1177 0.5630 
 H195.2_2004  1 0.0743 0.1642 0.7615 
 H195.3_2003  1 0.1650 0.0853 0.7497 
 H195.3_2004  1 0.0214 0.0206 0.9580 
 H195.4_2003  1 0.0191 0.0178 0.9631 
 H195.4_2004  1 0.0306 0.4897 0.4797 
 H195.5_2003  1 0.0236 0.0281 0.9482 
 H195.5_2004  1 0.0269 0.0421 0.9310 
 H195.6_2003  1 0.1022 0.0735 0.8243 
 H195.6_2004  1 0.0240 0.0198 0.9562 
 H195.7_2003  1 0.0405 0.2330 0.7265 
 H195.7_2004  1 0.2856 0.0612 0.6532 
      H195.8  1 0.0293 0.3180 0.6528 
      H195.9  1 0.0384 0.1210 0.8406 
      H415.1  1 0.8583 0.0335 0.1082 
      H415.2  1 0.8102 0.0249 0.1649 
      H415.3  1 0.6043 0.0304 0.3653 
      H415.4  1 0.7351 0.0339 0.2310 
      H415.5  1 0.6007 0.0274 0.3719 
      H415.6  1 0.7496 0.0351 0.2153 
      H415.7  1 0.6470 0.0266 0.3265 
      H506.1  1 0.8289 0.0739 0.0972 
      H506.2  1 0.7359 0.0470 0.2171 
      H506.3  1 0.8696 0.1130 0.0174 
      H506.4  1 0.8781 0.0843 0.0376 
      H506.5  1 0.8648 0.0394 0.0958 
      H506.6  1 0.8725 0.1033 0.0242 
      H506.7  1 0.7725 0.0627 0.1649 
      H533.1  1 0.9169 0.0537 0.0294 
      H533.2  1 0.9326 0.0277 0.0397 
      H533.3  1 0.8585 0.1025 0.0390 
      H533.4  1 0.8719 0.0455 0.0826 
      H535.1  1 0.1530 0.0543 0.7927 
      H535.2  1 0.0326 0.3810 0.5863 
      H535.3  1 0.0995 0.3326 0.5679 
      H535.4  1 0.0140 0.0170 0.9690 
      H535.5  1 0.0314 0.0208 0.9478 
      H535.6  1 0.0391 0.0954 0.8655 
      H535.7  1 0.0920 0.0537 0.8544 
      H535.8  1 0.0525 0.0827 0.8649 
      H535.9  1 0.1031 0.0351 0.8618 
      H539.1  1 0.9557 0.0207 0.0235 
      H539.2  1 0.7461 0.1961 0.0578 
      H539.3  1 0.7764 0.1086 0.1151 
      H539.4  1 0.9660 0.0207 0.0133 
      H539.5  1 0.9387 0.0302 0.0312 
      H539.6  1 0.8641 0.0634 0.0725 
      H539.7  1 0.9051 0.0326 0.0623 
      H539.8  1 0.8703 0.0429 0.0868 
      H539.9  1 0.9563 0.0310 0.0127 
      H540.1  1 0.8987 0.0340 0.0672 
      H540.2  1 0.8192 0.0359 0.1450 
      H540.3  1 0.8704 0.0328 0.0968 
      H540.4  1 0.8473 0.0242 0.1285 
      H540.5  1 0.9317 0.0402 0.0281 
      H540.6  1 0.7867 0.1500 0.0632 
      H540.7  1 0.8479 0.0497 0.1024 
      H540.8  1 0.4528 0.0188 0.5284 
     H9558.1  1 0.9492 0.0150 0.0359 
     H9558.2  1 0.9528 0.0253 0.0219 
     H9558.3  1 0.9427 0.0236 0.0337 
     H9558.4  1 0.9603 0.0172 0.0225 
     H9558.5  1 0.9653 0.0178 0.0170 
     H9558.6  1 0.6457 0.2217 0.1325 
    kos339.1  1 0.2836 0.1307 0.5857 
    kos339.2  1 0.1387 0.1216 0.7397 
    kos339.3  1 0.0760 0.0204 0.9036 
    kos339.4  1 0.0695 0.0337 0.8968 
    kos339.5  1 0.0348 0.0592 0.9060 
    kos339.6  1 0.0544 0.0239 0.9216 
    kos339.7  1 0.1189 0.0333 0.8478 
    kos339.8  1 0.1313 0.0334 0.8353 
    kos339.9  1 0.0715 0.0267 0.9017 
      H008.1  2 0.1429 0.8039 0.0532 
      H008.2  2 0.7021 0.2238 0.0740 
      H008.3  2 0.4696 0.4000 0.1304 
      H008.4  2 0.3022 0.5983 0.0995 
      H008.5  2 0.1061 0.8499 0.0441 
      H008.6  2 0.6794 0.2090 0.1117 
      H008.7  2 0.3194 0.5854 0.0952 
      H008.8  2 0.7993 0.1220 0.0787 
      H008.9  2 0.7953 0.0603 0.1444 
 H029.1_2002  2 0.0932 0.8886 0.0181 
 H029.1_2003  2 0.2012 0.7565 0.0423 
 H029.2_2002  2 0.0909 0.8671 0.0420 
 H029.2_2003  2 0.1798 0.7742 0.0460 
 H029.3_2002  2 0.1846 0.7723 0.0432 
 H029.3_2003  2 0.0245 0.9545 0.0210 
 H029.4_2002  2 0.0237 0.9583 0.0181 
 H029.4_2003  2 0.3075 0.6639 0.0286 
 H029.5_2002  2 0.0225 0.9614 0.0161 
 H029.5_2003  2 0.1241 0.8554 0.0205 
 H029.6_2002  2 0.0273 0.9578 0.0150 
 H029.6_2003  2 0.1157 0.7587 0.1257 
      H029.7  2 0.0659 0.9050 0.0291 
      H030.1  2 0.0270 0.9321 0.0409 
      H030.2  2 0.1159 0.8455 0.0386 
      H038.1  2 0.1117 0.8680 0.0203 
      H038.2  2 0.0242 0.9573 0.0185 
      H038.3  2 0.1004 0.8657 0.0339 
      H038.4  2 0.0924 0.8753 0.0323 
      H038.5  2 0.0839 0.8999 0.0163 
      H038.6  2 0.0528 0.9330 0.0142 
      H038.7  2 0.0630 0.9219 0.0151 
      H038.8  2 0.1113 0.8615 0.0271 
      H041.1  2 0.0286 0.8969 0.0745 
      H041.2  2 0.0864 0.7969 0.1168 
      H041.4  2 0.1026 0.7570 0.1404 
      H041.6  2 0.0881 0.7526 0.1593 
 H042.1_2002  2 0.0628 0.4678 0.4694 
 H042.1_2003  2 0.6994 0.1565 0.1441 
 H042.2_2002  2 0.0792 0.8934 0.0275 
 H042.2_2003  2 0.1177 0.2608 0.6215 
 H042.3_2002  2 0.1046 0.4945 0.4008 
 H042.3_2003  2 0.2866 0.4607 0.2527 
 H042.4_2002  2 0.0405 0.7982 0.1613 
 H042.4_2003  2 0.0363 0.8278 0.1358 
      H042.5  2 0.0174 0.8061 0.1765 
      H042.6  2 0.0354 0.9170 0.0476 
      H042.7  2 0.0317 0.2873 0.6810 
      H042.8  2 0.0370 0.8669 0.0961 
   H042_2002  2 0.7245 0.1557 0.1198 
   H042_2003  2 0.7196 0.1686 0.1118 
      H043.1  2 0.9514 0.0299 0.0188 
      H043.2  2 0.9345 0.0228 0.0426 
      H043.3  2 0.8649 0.1065 0.0286 
      H043.4  2 0.9309 0.0423 0.0267 
      H043.5  2 0.9565 0.0265 0.0170 
      H043.6  2 0.9243 0.0542 0.0215 
      H043.7  2 0.9218 0.0386 0.0395 
      H043.8  2 0.8554 0.0880 0.0567 
      H043.9  2 0.8949 0.0860 0.0191 
      H047.1  2 0.7357 0.2021 0.0622 
      H047.2  2 0.0409 0.9061 0.0530 
      H047.3  2 0.0284 0.9109 0.0607 
      H047.4  2 0.0762 0.6994 0.2244 
      H047.5  2 0.0732 0.7806 0.1462 
      H047.6  2 0.2249 0.5750 0.2002 
      H047.7  2 0.5690 0.3243 0.1067 
      H047.8  2 0.3225 0.3896 0.2880 
      H047.9  2 0.1109 0.4954 0.3936 
 H071.1_2002  2 0.0774 0.8916 0.0310 
 H071.1_2003  2 0.0653 0.8564 0.0783 
     H071.10  2 0.0293 0.9572 0.0135 
 H071.2_2002  2 0.0485 0.9240 0.0276 
 H071.2_2003  2 0.0134 0.9728 0.0138 
      H071.3  2 0.0667 0.9114 0.0219 
 H071.4_2002  2 0.1427 0.8307 0.0266 
 H071.4_2003  2 0.0409 0.9422 0.0169 
 H071.5_2002  2 0.0316 0.9567 0.0116 
 H071.5_2003  2 0.1072 0.8711 0.0217 
 H071.6_2002  2 0.0496 0.9361 0.0143 
 H071.6_2003  2 0.0208 0.9640 0.0152 
 H071.7_2002  2 0.0504 0.9339 0.0156 
 H071.7_2003  2 0.0810 0.8935 0.0254 
      H071.8  2 0.0549 0.9170 0.0282 
      H071.9  2 0.1890 0.7828 0.0282 
 H081.1_2002  2 0.0221 0.9632 0.0147 
 H081.1_2003  2 0.6548 0.3014 0.0438 
 H081.2_2002  2 0.0373 0.9331 0.0296 
 H081.2_2003  2 0.0494 0.9220 0.0286 
 H081.3_2002  2 0.0323 0.9346 0.0330 
 H081.3_2003  2 0.5779 0.3243 0.0979 
 H081.4_2002  2 0.0397 0.9337 0.0266 
 H081.4_2003  2 0.3057 0.5455 0.1488 
 H081.5_2002  2 0.0263 0.9584 0.0153 
 H081.5_2003  2 0.2278 0.5779 0.1943 
      H081.6  2 0.0310 0.9471 0.0220 
      H081.7  2 0.0300 0.9479 0.0222 
      H081.8  2 0.0587 0.9014 0.0400 
      H083.1  2 0.0241 0.9609 0.0149 
      H083.2  2 0.0369 0.9461 0.0170 
      H083.4  2 0.0474 0.9364 0.0162 
      H083.5  2 0.0320 0.9518 0.0161 
      H083.6  2 0.0182 0.9619 0.0199 
      H083.7  2 0.0344 0.9425 0.0232 
      H083.8  2 0.0468 0.9227 0.0305 
      H083.9  2 0.0172 0.9675 0.0154 
      H084.1  2 0.0815 0.8903 0.0282 
      H084.2  2 0.1230 0.8534 0.0237 
      H084.3  2 0.3866 0.4618 0.1516 
      H084.4  2 0.5326 0.3631 0.1043 
      H084.5  2 0.1413 0.7472 0.1116 
      H084.6  2 0.2183 0.5337 0.2480 
      H084.7  2 0.0491 0.9226 0.0283 
      H084.8  2 0.0838 0.7685 0.1476 
 H085.1_2002  2 0.0586 0.8993 0.0421 
 H085.1_2003  2 0.0263 0.9525 0.0212 
 H085.2_2002  2 0.1253 0.8231 0.0516 
 H085.2_2003  2 0.0362 0.9380 0.0258 
 H085.3_2002  2 0.0333 0.7160 0.2507 
 H085.3_2003  2 0.0233 0.9494 0.0273 
 H085.4_2002  2 0.1198 0.8310 0.0492 
 H085.4_2003  2 0.0338 0.9273 0.0389 
 H085.5_2002  2 0.0836 0.5851 0.3313 
 H085.5_2003  2 0.0157 0.9669 0.0175 
 H085.6_2002  2 0.0763 0.8691 0.0545 
 H085.6_2003  2 0.0722 0.3964 0.5314 
 H085.7_2002  2 0.0498 0.8285 0.1217 
 H085.7_2003  2 0.0825 0.8562 0.0613 
 H085.8_2002  2 0.1680 0.4685 0.3634 
 H085.8_2003  2 0.0386 0.9124 0.0490 
      H085.9  2 0.0699 0.8238 0.1063 
      H088.1  2 0.0565 0.6896 0.2538 
      H088.2  2 0.0324 0.7938 0.1739 
      H088.3  2 0.0267 0.8879 0.0854 
      H088.4  2 0.0515 0.9037 0.0447 
      H088.5  2 0.0325 0.9011 0.0664 
      H088.6  2 0.0396 0.8368 0.1236 
      H088.7  2 0.0394 0.8949 0.0656 
      H088.8  2 0.0756 0.8393 0.0850 
      H091.1  2 0.0278 0.9279 0.0443 
      H091.2  2 0.0190 0.9351 0.0459 
      H109.1  2 0.5573 0.4022 0.0405 
      H109.2  2 0.1935 0.7487 0.0577 
      H109.3  2 0.1851 0.5162 0.2987 
      H109.4  2 0.6498 0.2709 0.0793 
      H109.5  2 0.0336 0.5639 0.4025 
      H109.6  2 0.5181 0.3912 0.0908 
      H126.1  2 0.6211 0.0460 0.3330 
      H126.2  2 0.8438 0.1325 0.0237 
      H126.3  2 0.5499 0.4178 0.0323 
      H126.4  2 0.6955 0.1157 0.1888 
      H126.5  2 0.7452 0.0883 0.1665 
      H126.6  2 0.5051 0.4725 0.0224 
      H126.7  2 0.0443 0.9267 0.0290 
      H130.1  2 0.3850 0.2045 0.4105 
      H130.2  2 0.0638 0.8965 0.0397 
      H130.3  2 0.2071 0.7056 0.0874 
      H130.4  2 0.6836 0.1506 0.1657 
      H130.5  2 0.0348 0.9069 0.0583 
      H133.1  2 0.5300 0.3585 0.1115 
      H133.2  2 0.4854 0.3403 0.1743 
      H133.3  2 0.2572 0.4769 0.2659 
      H133.4  2 0.7795 0.1075 0.1130 
      H133.5  2 0.7183 0.2271 0.0546 
      H133.6  2 0.4733 0.4427 0.0841 
      H133.7  2 0.3182 0.1142 0.5676 
      H133.8  2 0.7300 0.1379 0.1320 
      H133.9  2 0.5517 0.3302 0.1181 
      H147.1  2 0.0330 0.8736 0.0935 
      H147.2  2 0.0162 0.9712 0.0126 
      H147.3  2 0.0283 0.9447 0.0269 
      H147.4  2 0.0240 0.9562 0.0198 
      H147.5  2 0.0173 0.9591 0.0236 
      H147.6  2 0.0288 0.9334 0.0379 
      H147.7  2 0.0542 0.9068 0.0390 
      H147.8  2 0.0152 0.9704 0.0144 
      H147.9  2 0.0218 0.9605 0.0178 
      H148.1  2 0.7496 0.1590 0.0914 
      H148.2  2 0.5378 0.2462 0.2160 
      H148.3  2 0.0430 0.0243 0.9327 
      H148.4  2 0.5938 0.0753 0.3309 
      H148.5  2 0.2019 0.1165 0.6816 
      H148.6  2 0.4006 0.2183 0.3811 
      H148.7  2 0.3603 0.1157 0.5240 
      H148.8  2 0.1097 0.0502 0.8400 
      H148.9  2 0.8077 0.0599 0.1324 
   H166022.1  2 0.0135 0.9665 0.0201 
   H166022.2  2 0.0201 0.9286 0.0513 
   H166022.3  2 0.0238 0.9199 0.0563 
   H166022.4  2 0.0209 0.9506 0.0285 
   H166022.5  2 0.0184 0.9620 0.0197 
   H166022.6  2 0.0404 0.9013 0.0584 
   H166022.7  2 0.9757 0.0136 0.0107 
   H166022.8  2 0.0617 0.7754 0.1628 
   H167397.1  2 0.7740 0.1203 0.1057 
   H167397.2  2 0.6469 0.0943 0.2587 
   H167397.3  2 0.8945 0.0465 0.0591 
   H167397.4  2 0.3909 0.2724 0.3367 
   H167397.5  2 0.8944 0.0563 0.0493 
   H167397.6  2 0.8116 0.0799 0.1085 
   H167496.1  2 0.0773 0.2706 0.6521 
   H167496.2  2 0.2810 0.3473 0.3716 
   H167496.3  2 0.0643 0.5199 0.4157 
   H167496.4  2 0.0142 0.9689 0.0169 
   H167496.6  2 0.0416 0.9152 0.0431 
   H167496.7  2 0.1169 0.1968 0.6864 
   H167496.8  2 0.0268 0.9424 0.0308 
   H167513.1  2 0.6435 0.1929 0.1636 
   H167513.2  2 0.5328 0.0736 0.3936 
   H167513.3  2 0.5876 0.2861 0.1264 
   H167513.4  2 0.0934 0.8198 0.0868 
   H167513.5  2 0.6202 0.1392 0.2406 
   H167513.6  2 0.3825 0.2382 0.3793 
   H167513.7  2 0.4603 0.5089 0.0309 
   H167513.8  2 0.9043 0.0698 0.0259 
   H167547.1  2 0.0969 0.0308 0.8723 
   H167547.2  2 0.0773 0.0706 0.8521 
   H167547.3  2 0.0999 0.1105 0.7896 
   H167547.4  2 0.2033 0.1009 0.6958 
   H167547.5  2 0.0259 0.0512 0.9229 
   H167547.6  2 0.0394 0.0570 0.9036 
   H167547.7  2 0.1700 0.0552 0.7748 
   H169750.1  2 0.1895 0.2678 0.5428 
   H169750.2  2 0.5145 0.3132 0.1723 
   H169750.3  2 0.1409 0.4357 0.4234 
   H169750.4  2 0.7085 0.0712 0.2203 
   H169750.5  2 0.1412 0.6563 0.2025 
   H169750.6  2 0.0914 0.8420 0.0665 
   H169750.7  2 0.5426 0.1887 0.2687 
   H171929.1  2 0.4387 0.0653 0.4961 
  H171929.10  2 0.1691 0.4787 0.3522 
  H171929.11  2 0.7583 0.0393 0.2024 
   H171929.2  2 0.2564 0.1054 0.6383 
   H171929.3  2 0.5241 0.0936 0.3823 
   H171929.4  2 0.0576 0.2026 0.7398 
   H171929.5  2 0.8046 0.0873 0.1081 
   H171929.6  2 0.9010 0.0325 0.0665 
   H171929.7  2 0.2651 0.0886 0.6464 
   H171929.8  2 0.1929 0.0493 0.7578 
   H171929.9  2 0.1022 0.6529 0.2449 
   H171930.1  2 0.7201 0.1186 0.1613 
   H171930.2  2 0.1778 0.6504 0.1718 
   H171930.3  2 0.6965 0.1804 0.1230 
   H171930.4  2 0.2733 0.5634 0.1634 
   H171930.5  2 0.5626 0.2785 0.1589 
   H171930.6  2 0.1564 0.7312 0.1124 
   H171930.7  2 0.8088 0.1066 0.0847 
   H171930.8  2 0.7303 0.1555 0.1142 
   H171933.1  2 0.0814 0.8365 0.0822 
   H171933.2  2 0.0572 0.8722 0.0707 
   H171933.3  2 0.0495 0.7080 0.2425 
   H171933.4  2 0.0866 0.5180 0.3954 
   H171933.5  2 0.3192 0.1496 0.5313 
   H171933.6  2 0.0152 0.9623 0.0225 
   H171933.7  2 0.0901 0.8013 0.1086 
   H171933.8  2 0.2456 0.6061 0.1483 
   H171933.9  2 0.0300 0.8704 0.0996 
      H190.1  2 0.0625 0.6455 0.2920 
      H190.2  2 0.0698 0.1239 0.8062 
      H190.3  2 0.1333 0.2003 0.6664 
      H190.4  2 0.0527 0.5934 0.3539 
      H190.5  2 0.1250 0.4228 0.4522 
      H190.6  2 0.0372 0.4644 0.4984 
      H190.7  2 0.0384 0.0779 0.8837 
      H190.8  2 0.1449 0.3435 0.5117 
      H190.9  2 0.0818 0.2039 0.7143 
      H400.1  2 0.0309 0.9524 0.0167 
      H400.2  2 0.0223 0.9660 0.0116 
      H400.3  2 0.0651 0.8943 0.0407 
      H400.4  2 0.0201 0.9585 0.0214 
      H400.5  2 0.0417 0.9212 0.0371 
      H400.6  2 0.0179 0.9629 0.0192 
      H400.7  2 0.0186 0.9438 0.0375 
 H428.1_2005  2 0.0400 0.9330 0.0270 
 H428.1_2006  2 0.0214 0.9436 0.0350 
 H428.2_2005  2 0.0640 0.8823 0.0537 
 H428.2_2006  2 0.0164 0.9687 0.0149 
 H428.3_2005  2 0.0128 0.9607 0.0266 
 H428.3_2006  2 0.0308 0.9539 0.0152 
 H428.4_2005  2 0.0192 0.9222 0.0586 
 H428.4_2006  2 0.0119 0.9697 0.0184 
 H428.5_2005  2 0.0192 0.9678 0.0130 
 H428.6_2005  2 0.0292 0.9329 0.0379 
 H428.6_2006  2 0.0231 0.9566 0.0203 
      H428.7  2 0.0106 0.9765 0.0129 
      H428.8  2 0.0207 0.9589 0.0204 
      H428.9  2 0.0284 0.9545 0.0172 
      H453.1  2 0.0264 0.9573 0.0163 
      H453.2  2 0.0225 0.9481 0.0294 
      H453.3  2 0.0179 0.9517 0.0305 
      H453.4  2 0.0172 0.9603 0.0225 
      H453.5  2 0.0130 0.9733 0.0138 
      H453.6  2 0.0099 0.9798 0.0103 
      H453.7  2 0.0326 0.8469 0.1205 
      H453.8  2 0.0432 0.8865 0.0703 
      H453.9  2 0.0159 0.9646 0.0195 
      H512.1  2 0.0173 0.9581 0.0247 
     H512.10  2 0.1247 0.7615 0.1137 
      H512.2  2 0.0801 0.7346 0.1853 
      H512.3  2 0.2165 0.5251 0.2584 
      H512.4  2 0.0496 0.9000 0.0504 
      H512.5  2 0.5889 0.1791 0.2319 
      H512.6  2 0.2054 0.4093 0.3852 
      H512.7  2 0.2051 0.7058 0.0891 
      H512.8  2 0.1008 0.4967 0.4025 
      H512.9  2 0.1492 0.7836 0.0672 
      H513.1  2 0.0184 0.9659 0.0156 
      H513.2  2 0.0206 0.9492 0.0302 
      H513.3  2 0.0238 0.9562 0.0200 
      H513.4  2 0.0158 0.9618 0.0225 
      H513.5  2 0.0175 0.9706 0.0119 
      H513.6  2 0.3542 0.6046 0.0412 
      H532.1  2 0.0418 0.9340 0.0242 
      H532.2  2 0.0251 0.9214 0.0535 
      H532.3  2 0.0268 0.9098 0.0635 
      H532.4  2 0.0341 0.9308 0.0352 
      H532.5  2 0.0486 0.9097 0.0418 
      H532.6  2 0.0396 0.9413 0.0191 
      H532.7  2 0.0209 0.9612 0.0179 
      H532.8  2 0.0347 0.9209 0.0443 
      H543.1  2 0.9302 0.0441 0.0257 
      H543.2  2 0.4456 0.4290 0.1254 
      H543.3  2 0.8933 0.0699 0.0367 
      H543.4  2 0.9272 0.0215 0.0513 
      H543.5  2 0.9606 0.0186 0.0208 
      H543.6  2 0.9034 0.0591 0.0376 
      H543.7  2 0.9555 0.0204 0.0241 
      H543.8  2 0.8753 0.0941 0.0306 
      H543.9  2 0.9044 0.0526 0.0431 
 H545.1_2005  2 0.9816 0.0110 0.0074 
 H545.1_2006  2 0.9667 0.0173 0.0160 
 H545.2_2005  2 0.9757 0.0141 0.0102 
 H545.2_2006  2 0.9616 0.0224 0.0160 
 H545.3_2005  2 0.9533 0.0204 0.0263 
 H545.3_2006  2 0.9795 0.0131 0.0074 
 H545.4_2005  2 0.9355 0.0219 0.0426 
 H545.4_2006  2 0.9736 0.0125 0.0139 
 H545.5_2005  2 0.9699 0.0202 0.0099 
 H545.5_2006  2 0.9490 0.0270 0.0241 
 H545.6_2005  2 0.9807 0.0107 0.0086 
 H545.6_2006  2 0.9655 0.0176 0.0170 
 H545.7_2005  2 0.9754 0.0148 0.0098 
 H545.7_2006  2 0.9727 0.0173 0.0100 
 H545.8_2005  2 0.9573 0.0238 0.0189 
 H545.8_2006  2 0.9716 0.0176 0.0108 
      H545.9  2 0.9578 0.0206 0.0217 
      H547.1  2 0.0482 0.3600 0.5918 
      H547.2  2 0.0399 0.4052 0.5549 
      H547.3  2 0.0866 0.1802 0.7332 
      H547.4  2 0.2369 0.2431 0.5200 
      H547.5  2 0.0205 0.1167 0.8628 
      H547.6  2 0.0428 0.7393 0.2179 
      H547.7  2 0.1235 0.3489 0.5276 
      H547.8  2 0.0390 0.2366 0.7244 
      H548.1  2 0.9723 0.0144 0.0133 
      H548.2  2 0.9403 0.0187 0.0410 
      H548.3  2 0.9639 0.0198 0.0163 
      H548.4  2 0.9497 0.0292 0.0211 
      H548.5  2 0.9685 0.0143 0.0172 
      H548.6  2 0.9769 0.0126 0.0105 
      H548.7  2 0.9585 0.0241 0.0173 
      H548.8  2 0.9690 0.0149 0.0161 
      H548.9  2 0.9422 0.0265 0.0314 
     H7389.1  2 0.0202 0.9522 0.0275 
     H7389.2  2 0.0246 0.9431 0.0323 
     H7389.3  2 0.0322 0.9303 0.0374 
     H7389.4  2 0.0442 0.9427 0.0132 
     H7389.5  2 0.0546 0.9251 0.0204 
     H7389.6  2 0.0347 0.9397 0.0256 
     H7389.7  2 0.0675 0.8806 0.0519 
     H7389.8  2 0.3510 0.6236 0.0253 
     H7389.9  2 0.0537 0.9303 0.0161 
      H747.1  2 0.1360 0.1824 0.6817 
      H747.2  2 0.7997 0.0417 0.1586 
      H747.3  2 0.6122 0.1142 0.2735 
      H747.4  2 0.3589 0.1694 0.4717 
      H747.5  2 0.8133 0.0515 0.1353 
      H747.6  2 0.7055 0.1416 0.1530 
      H747.7  2 0.7444 0.0747 0.1809 
     H7484.1  2 0.0449 0.9230 0.0321 
     H7484.2  2 0.2134 0.6769 0.1097 
     H7484.3  2 0.2868 0.5273 0.1859 
     H7484.4  2 0.1063 0.8572 0.0365 
     H7484.5  2 0.2065 0.7627 0.0308 
     H7484.6  2 0.5370 0.1875 0.2755 
     H7484.7  2 0.3567 0.5580 0.0852 
     H7484.8  2 0.0443 0.9211 0.0346 
     H7485.1  2 0.9199 0.0378 0.0423 
     H7485.2  2 0.9372 0.0484 0.0145 
     H7485.3  2 0.9742 0.0128 0.0130 
     H7485.4  2 0.9627 0.0264 0.0108 
     H7485.5  2 0.9588 0.0258 0.0154 
     H7485.6  2 0.9016 0.0669 0.0316 
     H7485.7  2 0.9646 0.0196 0.0158 
     H7496.1  2 0.0305 0.8973 0.0722 
    H7496.10  2 0.0124 0.9683 0.0194 
    H7496.11  2 0.9115 0.0674 0.0212 
     H7496.2  2 0.0235 0.9389 0.0376 
     H7496.3  2 0.0747 0.8740 0.0513 
     H7496.4  2 0.0224 0.9436 0.0340 
     H7496.5  2 0.0439 0.9104 0.0457 
     H7496.6  2 0.0270 0.9314 0.0416 
     H7496.7  2 0.0146 0.9685 0.0169 
     H7496.8  2 0.0507 0.8890 0.0603 
        UNK4  2 0.3805 0.5274 0.0920 
        UNK5  2 0.1599 0.8168 0.0233 
        UNK6  2 0.1470 0.7893 0.0637 
        UNK7  2 0.1227 0.8444 0.0329 
        UNK8  2 0.2735 0.7081 0.0184 
        UNK9  2 0.1520 0.8304 0.0176 
      H009.1  4 0.0438 0.0175 0.9387 
      H009.2  4 0.1241 0.0255 0.8505 
      H009.3  4 0.0852 0.0264 0.8884 
      H009.4  4 0.1313 0.0322 0.8366 
      H009.5  4 0.4347 0.0369 0.5285 
      H009.6  4 0.0609 0.0234 0.9157 
      H046.4  4 0.5086 0.3491 0.1422 
      H046.8  4 0.3468 0.0668 0.5864 
 H076.1_2002  4 0.0163 0.0218 0.9618 
 H076.1_2003  4 0.0146 0.0131 0.9723 
 H076.1_2004  4 0.0115 0.0134 0.9750 
 H076.2_2002  4 0.0170 0.0192 0.9639 
 H076.2_2003  4 0.0182 0.0124 0.9694 
 H076.2_2004  4 0.0323 0.0313 0.9365 
 H076.3_2002  4 0.0586 0.0352 0.9062 
 H076.3_2003  4 0.0437 0.0262 0.9301 
 H076.3_2004  4 0.0184 0.0163 0.9653 
 H076.4_2002  4 0.0548 0.0438 0.9014 
 H076.4_2003  4 0.0186 0.0136 0.9678 
 H076.4_2004  4 0.0473 0.0406 0.9121 
 H076.5_2002  4 0.0125 0.0295 0.9579 
 H076.5_2003  4 0.1462 0.0450 0.8088 
 H076.5_2004  4 0.0314 0.0559 0.9127 
 H076.6_2002  4 0.0155 0.0272 0.9573 
 H076.6_2003  4 0.0244 0.0198 0.9558 
 H076.6_2004  4 0.0274 0.0136 0.9590 
 H076.7_2002  4 0.1807 0.1067 0.7126 
 H076.7_2003  4 0.0669 0.0422 0.8909 
 H076.7_2004  4 0.0210 0.0182 0.9608 
      H477.1  4 0.3279 0.5414 0.1307 
      H477.2  4 0.4632 0.3163 0.2205 
      H477.3  4 0.6629 0.3010 0.0361 
      H477.4  4 0.8484 0.1159 0.0357 
      H477.5  4 0.8790 0.0581 0.0629 
      H477.6  4 0.8404 0.1149 0.0447 
      H477.7  4 0.8733 0.0926 0.0341 
 H479.1_2005  4 0.1297 0.8519 0.0184 
 H479.1_2006  4 0.1992 0.1250 0.6758 
     H479.10  4 0.4794 0.3426 0.1780 
 H479.2_2005  4 0.2951 0.6054 0.0994 
 H479.2_2006  4 0.3509 0.4776 0.1716 
 H479.3_2005  4 0.0941 0.8397 0.0662 
 H479.3_2006  4 0.0417 0.6209 0.3374 
 H479.4_2005  4 0.5063 0.4105 0.0832 
 H479.4_2006  4 0.1025 0.8732 0.0243 
 H479.5_2005  4 0.3078 0.5640 0.1282 
 H479.5_2006  4 0.3587 0.5477 0.0936 
 H479.6_2005  4 0.6778 0.1854 0.1369 
 H479.6_2006  4 0.0356 0.9478 0.0166 
 H479.7_2005  4 0.1476 0.8114 0.0410 
 H479.7_2006  4 0.3792 0.5666 0.0542 
 H479.8_2005  4 0.0574 0.9240 0.0186 
 H479.8_2006  4 0.8927 0.0235 0.0838 
      H479.9  4 0.0798 0.0433 0.8769 
      H516.1  4 0.1288 0.0372 0.8341 
      H516.2  4 0.8837 0.0445 0.0718 
      H516.3  4 0.9250 0.0200 0.0550 
      H516.4  4 0.7493 0.0289 0.2217 
      H516.5  4 0.3609 0.0292 0.6098 
      H516.6  4 0.9563 0.0153 0.0284 
      H516.7  4 0.3888 0.1940 0.4172 
      H516.8  4 0.2734 0.0248 0.7018 
      H516.9  4 0.4513 0.1176 0.4311 
      H646.1  4 0.0355 0.0520 0.9125 
      H646.2  4 0.0186 0.0166 0.9648 
      H646.3  4 0.0269 0.0189 0.9541 
      H646.4  4 0.0216 0.0328 0.9456 
      H646.5  4 0.0347 0.0240 0.9413 
      H658.1  4 0.4594 0.0166 0.5240 
     H658.10  4 0.0662 0.0276 0.9062 
      H658.2  4 0.1413 0.0331 0.8255 
      H658.3  4 0.2259 0.0919 0.6822 
      H658.4  4 0.1877 0.1128 0.6996 
      H658.5  4 0.2786 0.1512 0.5702 
      H658.6  4 0.0658 0.0239 0.9103 
      H658.7  4 0.0288 0.0210 0.9502 
      H658.8  4 0.0437 0.0128 0.9434 
      H658.9  4 0.1215 0.0558 0.8227 
      H682.1  4 0.2044 0.6886 0.1071 
      H682.6  4 0.2660 0.3802 0.3538 
      H720.1  4 0.0532 0.7750 0.1718 
      H720.2  4 0.0634 0.5989 0.3377 
      H720.3  4 0.0884 0.3562 0.5554 
      H720.4  4 0.4859 0.2685 0.2456 
      H720.5  4 0.2887 0.4139 0.2974 
      H720.6  4 0.2794 0.4176 0.3030 
      H720.7  4 0.1239 0.8305 0.0456 
      H720.8  4 0.0378 0.7450 0.2171 
      H720.9  4 0.2487 0.6432 0.1080 
      H724.1  4 0.0702 0.0644 0.8654 
      H724.2  4 0.0802 0.0783 0.8415 
      H724.3  4 0.1200 0.1759 0.7041 
      H724.4  4 0.0404 0.0360 0.9235 
      H724.5  4 0.0635 0.3831 0.5534 
      H724.6  4 0.0711 0.0395 0.8894 
      H725.1  4 0.2527 0.6335 0.1138 
      H725.2  4 0.5413 0.3054 0.1534 
      H725.3  4 0.8448 0.0968 0.0584 
      H725.4  4 0.3323 0.5987 0.0690 
      H725.5  4 0.1242 0.7743 0.1015 
      H725.6  4 0.6056 0.0570 0.3374 
      H725.7  4 0.5843 0.2208 0.1949 
      H725.8  4 0.8400 0.0349 0.1250 
      H726.1  4 0.0677 0.0115 0.9208 
      H726.2  4 0.0469 0.0419 0.9112 
      H726.3  4 0.0275 0.0139 0.9587 
      H726.4  4 0.4052 0.0304 0.5643 
      H726.5  4 0.0929 0.0275 0.8796 
        UNK1  4 0.4778 0.3152 0.2070 
        UNK2  4 0.3287 0.3769 0.2944 
        UNK3  4 0.1576 0.1853 0.6571 
      H016.1  5 0.8644 0.0720 0.0636 
      H016.2  5 0.8285 0.1427 0.0288 
      H016.3  5 0.5500 0.0390 0.4111 
      H016.4  5 0.8008 0.1720 0.0272 
 H017.1_2002  5 0.0490 0.0234 0.9277 
 H017.1_2003  5 0.9134 0.0502 0.0364 
 H017.2_2002  5 0.0821 0.0560 0.8619 
 H017.2_2003  5 0.9127 0.0406 0.0467 
 H017.3_2002  5 0.6819 0.0556 0.2624 
 H017.3_2003  5 0.3593 0.0738 0.5669 
 H017.4_2002  5 0.4412 0.1716 0.3872 
 H017.4_2003  5 0.9474 0.0153 0.0373 
 H017.5_2002  5 0.9255 0.0227 0.0518 
 H017.5_2003  5 0.8599 0.0293 0.1108 
 H017.6_2002  5 0.0501 0.0803 0.8696 
 H017.6_2003  5 0.3031 0.0605 0.6364 
 H017.7_2002  5 0.3465 0.1424 0.5111 
 H017.7_2003  5 0.8997 0.0351 0.0652 
      H017.8  5 0.5292 0.0553 0.4155 
      H017.9  5 0.2621 0.1084 0.6295 
      H032.1  5 0.9265 0.0293 0.0442 
      H032.2  5 0.9505 0.0283 0.0212 
      H032.3  5 0.7611 0.1485 0.0904 
      H032.4  5 0.9353 0.0210 0.0437 
      H032.5  5 0.5327 0.0376 0.4297 
      H032.6  5 0.3874 0.0252 0.5874 
      H032.7  5 0.9337 0.0361 0.0302 
 H034.1_2002  5 0.0473 0.0354 0.9172 
 H034.1_2003  5 0.1544 0.0649 0.7808 
 H034.2_2002  5 0.1893 0.0568 0.7539 
 H034.2_2003  5 0.1062 0.1683 0.7255 
 H034.3_2002  5 0.1431 0.0433 0.8136 
 H034.3_2003  5 0.0846 0.0888 0.8266 
 H034.4_2002  5 0.0637 0.1260 0.8103 
 H034.4_2003  5 0.4016 0.0222 0.5762 
 H034.5_2002  5 0.0653 0.0203 0.9145 
 H034.5_2003  5 0.3842 0.0548 0.5610 
 H034.6_2002  5 0.1012 0.0365 0.8622 
 H034.6_2003  5 0.5661 0.0216 0.4123 
 H034.7_2002  5 0.1017 0.0457 0.8526 
 H034.7_2003  5 0.6630 0.0304 0.3066 
 H034.8_2002  5 0.0622 0.0381 0.8997 
 H034.8_2003  5 0.2977 0.0155 0.6868 
      H034.9  5 0.0934 0.1286 0.7780 
      H048.1  5 0.6954 0.2291 0.0756 
      H048.2  5 0.1911 0.6531 0.1558 
      H048.3  5 0.1698 0.1297 0.7005 
      H048.4  5 0.1431 0.2371 0.6197 
      H048.5  5 0.4146 0.4923 0.0930 
      H048.6  5 0.0794 0.2262 0.6944 
      H048.7  5 0.6103 0.2205 0.1692 
      H048.8  5 0.4653 0.0825 0.4522 
      H060.1  5 0.9184 0.0296 0.0520 
     H060.10  5 0.8329 0.0186 0.1485 
      H060.2  5 0.7667 0.0496 0.1836 
      H060.3  5 0.8078 0.0208 0.1714 
      H060.4  5 0.9026 0.0320 0.0654 
      H060.5  5 0.9126 0.0286 0.0588 
      H060.6  5 0.9470 0.0189 0.0341 
      H060.7  5 0.4774 0.0753 0.4473 
      H060.8  5 0.7667 0.0724 0.1609 
      H060.9  5 0.9351 0.0213 0.0436 
 H070.1_2002  5 0.4137 0.3843 0.2020 
 H070.1_2003  5 0.7125 0.1140 0.1735 
 H070.1_2004  5 0.2059 0.0249 0.7692 
 H070.2_2002  5 0.3544 0.1501 0.4955 
 H070.2_2003  5 0.5019 0.1657 0.3325 
 H070.2_2004  5 0.1158 0.0160 0.8682 
 H070.3_2002  5 0.7269 0.1119 0.1612 
 H070.3_2003  5 0.7237 0.0338 0.2425 
 H070.3_2004  5 0.5225 0.0529 0.4246 
 H070.4_2002  5 0.1083 0.0390 0.8527 
 H070.4_2003  5 0.8042 0.0658 0.1300 
 H070.4_2004  5 0.2658 0.1652 0.5690 
 H070.5_2002  5 0.7800 0.1880 0.0320 
 H070.5_2003  5 0.7432 0.0259 0.2309 
 H070.5_2004  5 0.1794 0.0279 0.7927 
 H070.6_2002  5 0.7433 0.1607 0.0960 
 H070.6_2003  5 0.1300 0.0322 0.8378 
 H070.6_2004  5 0.1696 0.1251 0.7053 
      H077.1  5 0.7035 0.0223 0.2742 
      H077.2  5 0.8526 0.0379 0.1095 
      H077.3  5 0.1720 0.0320 0.7960 
      H077.4  5 0.6460 0.0306 0.3235 
      H077.5  5 0.6255 0.0235 0.3509 
      H077.6  5 0.9451 0.0176 0.0373 
      H097.1  5 0.1179 0.1678 0.7143 
      H097.2  5 0.0723 0.3604 0.5673 
      H097.3  5 0.0272 0.0389 0.9339 
      H097.4  5 0.0335 0.1979 0.7685 
      H097.5  5 0.0405 0.0535 0.9059 
      H097.6  5 0.0525 0.4108 0.5367 
      H097.7  5 0.0498 0.2275 0.7227 
      H124.1  5 0.4339 0.2925 0.2736 
      H124.2  5 0.8984 0.0693 0.0324 
      H124.3  5 0.6970 0.2587 0.0443 
      H124.4  5 0.7609 0.1429 0.0962 
      H124.5  5 0.9058 0.0548 0.0393 
      H132.1  5 0.4947 0.2201 0.2851 
      H132.2  5 0.4214 0.2911 0.2875 
      H132.3  5 0.7966 0.0617 0.1417 
      H132.4  5 0.3895 0.1960 0.4145 
      H132.5  5 0.6437 0.1361 0.2201 
      H132.6  5 0.5823 0.2731 0.1446 
      H132.7  5 0.3400 0.6261 0.0339 
      H155.1  5 0.3941 0.5631 0.0428 
      H155.2  5 0.1650 0.7524 0.0826 
      H155.3  5 0.0556 0.9274 0.0170 
      H155.4  5 0.0808 0.8917 0.0274 
      H155.5  5 0.2708 0.6757 0.0535 
      H155.6  5 0.2540 0.7019 0.0441 
      H155.7  5 0.4671 0.4693 0.0635 
      H155.8  5 0.1350 0.8400 0.0250 
      H155.9  5 0.2600 0.6952 0.0448 
      H169.1  5 0.4613 0.0363 0.5024 
      H169.2  5 0.1943 0.0237 0.7821 
      H169.3  5 0.0562 0.0223 0.9215 
      H169.4  5 0.6201 0.0287 0.3512 
      H169.5  5 0.3334 0.0625 0.6041 
      H169.6  5 0.5835 0.0675 0.3490 
      H457.1  5 0.0307 0.8208 0.1486 
      H457.2  5 0.0188 0.9581 0.0231 
      H457.3  5 0.0392 0.9113 0.0495 
      H457.4  5 0.0275 0.8457 0.1269 
      H457.5  5 0.5498 0.3639 0.0863 
      H457.6  5 0.0791 0.8257 0.0953 
      H457.7  5 0.2413 0.3443 0.4144 
      H457.8  5 0.3275 0.6367 0.0358 
      H462.1  5 0.8215 0.1318 0.0467 
      H462.2  5 0.4706 0.3290 0.2004 
      H462.3  5 0.6138 0.3200 0.0662 
      H462.4  5 0.4481 0.1288 0.4231 
      H462.5  5 0.4177 0.1813 0.4010 
      H462.6  5 0.6898 0.1379 0.1723 
      H462.7  5 0.3837 0.5077 0.1086 
      H462.8  5 0.5043 0.0517 0.4439 
      H462.9  5 0.7073 0.2258 0.0669 
      H481.1  5 0.0938 0.0234 0.8829 
      H481.2  5 0.6778 0.0394 0.2829 
      H481.3  5 0.8025 0.0229 0.1746 
      H481.4  5 0.6586 0.0278 0.3136 
      H481.5  5 0.5434 0.0377 0.4190 
      H481.6  5 0.2627 0.1663 0.5710 
      H481.7  5 0.3907 0.0885 0.5208 
      H481.8  5 0.0693 0.1604 0.7703 
      H509.1  5 0.7525 0.1329 0.1146 
      H509.2  5 0.2686 0.4624 0.2690 
      H509.3  5 0.2541 0.5217 0.2242 
      H509.4  5 0.0958 0.6134 0.2908 
      H509.5  5 0.1343 0.7613 0.1044 
      H509.6  5 0.4515 0.3953 0.1532 
      H509.7  5 0.0977 0.5875 0.3148 
      H567.1  5 0.5094 0.4067 0.0838 
      H567.2  5 0.1816 0.4462 0.3722 
      H567.3  5 0.3031 0.3243 0.3726 
      H567.4  5 0.0550 0.8918 0.0532 
      H567.5  5 0.4445 0.4526 0.1028 
      H567.6  5 0.6174 0.3119 0.0706 
      H567.7  5 0.2835 0.6170 0.0995 
      H567.8  5 0.5823 0.3031 0.1145 
      H608.1  5 0.2675 0.2834 0.4491 
      H608.2  5 0.4544 0.3073 0.2382 
      H608.3  5 0.6754 0.2355 0.0891 
      H608.4  5 0.6408 0.1243 0.2349 
      H608.5  5 0.5156 0.4423 0.0420 
      H608.6  5 0.8507 0.0485 0.1008 
      H608.7  5 0.3085 0.5237 0.1679 
      H608.8  5 0.7692 0.1761 0.0546 
      H615.1  5 0.9658 0.0152 0.0190 
      H615.2  5 0.9084 0.0605 0.0310 
      H615.3  5 0.1073 0.0525 0.8402 
      H615.4  5 0.4205 0.1697 0.4098 
      H615.5  5 0.4794 0.0419 0.4787 
      H615.6  5 0.2804 0.0289 0.6907 
      H635.1  5 0.1503 0.1394 0.7103 
      H635.2  5 0.2783 0.5245 0.1973 
      H635.3  5 0.1004 0.7308 0.1688 
      H635.4  5 0.1699 0.6751 0.1549 
      H635.5  5 0.1024 0.1599 0.7377 
      H635.6  5 0.0475 0.0365 0.9160 
      H635.7  5 0.2129 0.2242 0.5629 
      H635.8  5 0.1035 0.8393 0.0572 
      H635.9  5 0.1936 0.3529 0.4535 
      H728.1  5 0.9567 0.0208 0.0225 
      H728.2  5 0.9306 0.0369 0.0325 
      H728.3  5 0.9237 0.0524 0.0239 
      H728.4  5 0.9426 0.0353 0.0220 
      H728.5  5 0.9428 0.0298 0.0274 
      H728.6  5 0.9534 0.0218 0.0248 
      H728.7  5 0.3566 0.4176 0.2258 
 H7395.1_200  5 0.0966 0.1687 0.7347 
 H7395.1_200  5 0.9422 0.0355 0.0223 
     H7395.2  5 0.9492 0.0301 0.0207 
     H7395.3  5 0.8551 0.1231 0.0218 
     H7395.4  5 0.9497 0.0288 0.0214 
     H7395.5  5 0.9241 0.0612 0.0148 
     H7395.6  5 0.9175 0.0626 0.0198 
     H7395.7  5 0.8159 0.1094 0.0748 
     H7395.8  5 0.8710 0.0643 0.0648 
     H7395.9  5 0.9231 0.0480 0.0289 
      H742.1  5 0.3492 0.1168 0.5340 
      H742.2  5 0.0369 0.0730 0.8901 
      H742.3  5 0.4466 0.0402 0.5131 
      H958.1  5 0.0274 0.0195 0.9531 
      H958.2  5 0.0448 0.0716 0.8836 
      H958.3  5 0.0813 0.0965 0.8222 
      H958.4  5 0.0633 0.0213 0.9154 
      H958.5  5 0.0253 0.0433 0.9314 
      H958.6  5 0.1438 0.1153 0.7409 
      H958.7  5 0.0821 0.1157 0.8021 
      H452.1 10 0.0206 0.0227 0.9567 
     H452.10 10 0.0266 0.0240 0.9494 
      H452.2 10 0.1788 0.3091 0.5122 
      H452.3 10 0.0155 0.0234 0.9611 
      H452.4 10 0.0241 0.0317 0.9443 
      H452.5 10 0.0654 0.0506 0.8840 
      H452.6 10 0.1713 0.1609 0.6677 
      H452.7 10 0.0326 0.0541 0.9132 
      H452.8 10 0.0503 0.1543 0.7953 
      H452.9 10 0.0279 0.0185 0.9537 
      H473.1 10 0.4043 0.2833 0.3124 
      H473.2 10 0.1949 0.7839 0.0212 
      H473.3 10 0.2101 0.7701 0.0198 
      H473.4 10 0.2171 0.7483 0.0346 
      H473.5 10 0.3775 0.6069 0.0156 
      H473.6 10 0.1031 0.8791 0.0179 
      H473.7 10 0.1601 0.8154 0.0244 
      H473.8 10 0.3809 0.6031 0.0161 
      H487.1 10 0.0130 0.0167 0.9703 
      H487.2 10 0.0453 0.0327 0.9220 
      H487.3 10 0.0260 0.0173 0.9567 
      H487.4 10 0.0526 0.0214 0.9260 
      H487.5 10 0.0131 0.0140 0.9729 
      H703.1 10 0.4924 0.3946 0.1130 
     H703.10 10 0.2716 0.2893 0.4391 
      H703.2 10 0.2434 0.3459 0.4108 
      H703.3 10 0.5649 0.1782 0.2570 
      H703.4 10 0.0805 0.5090 0.4105 
      H703.5 10 0.0439 0.8234 0.1327 
      H703.6 10 0.2979 0.3186 0.3835 
      H703.7 10 0.1560 0.7707 0.0733 
      H703.8 10 0.0368 0.0474 0.9158 
      H703.9 10 0.1507 0.0962 0.7532 
      H705.1 10 0.0299 0.2373 0.7328 
      H705.2 10 0.0376 0.1424 0.8200 
      H705.3 10 0.0207 0.0157 0.9636 
      H705.4 10 0.0160 0.0270 0.9570 
      H705.5 10 0.0134 0.0431 0.9435 
      H705.6 10 0.0399 0.0445 0.9156 
      H705.7 10 0.0175 0.2138 0.7687 
     H7352.1 10 0.8465 0.0512 0.1022 
     H7352.2 10 0.2450 0.0199 0.7351 
     H7352.3 10 0.1106 0.0128 0.8766 
     H7352.4 10 0.1149 0.0168 0.8683 
     H7352.5 10 0.8552 0.0529 0.0920 
     H7352.6 10 0.6791 0.0483 0.2726 
     H7352.7 10 0.1911 0.0192 0.7897 
     H7354.1 10 0.8572 0.0765 0.0663 
     H7354.2 10 0.5921 0.1915 0.2164 
     H7354.3 10 0.3494 0.1914 0.4591 
     H7354.4 10 0.6336 0.0582 0.3082 
     H7354.5 10 0.8827 0.0569 0.0604 
     H7354.6 10 0.0687 0.0824 0.8489 
     H7354.7 10 0.4310 0.0337 0.5352 
     H7359.1 10 0.4599 0.3761 0.1640 
     H7359.2 10 0.5928 0.1809 0.2262 
     H7359.3 10 0.0671 0.1410 0.7919 
     H7359.4 10 0.7233 0.0746 0.2021 
     H7359.5 10 0.5483 0.1138 0.3379 
      H909.1 10 0.0502 0.0190 0.9307 
      H909.2 10 0.0279 0.0359 0.9363 
      H909.3 10 0.0247 0.0154 0.9599 
      H909.4 10 0.0435 0.0357 0.9207 
      H909.6 10 0.0862 0.0302 0.8836 
      H909.8 10 0.0301 0.0368 0.9330 
      H909.9 10 0.2171 0.0229 0.7600 
     H9555.1 10 0.0099 0.0130 0.9771 
     H9555.2 10 0.0186 0.0281 0.9533 
     H9555.3 10 0.0184 0.0304 0.9512 
     H9555.4 10 0.0121 0.0121 0.9758 
     H9555.5 10 0.0152 0.0264 0.9584 
     H9555.6 10 0.0952 0.1402 0.7645 
     H9555.7 10 0.0495 0.0873 0.8632 
     H9703.1 10 0.0421 0.0579 0.9001 
     H9703.2 10 0.0328 0.1691 0.7981 
     H9703.3 10 0.0927 0.1627 0.7446 
     H9703.4 10 0.0734 0.0613 0.8653 
     H9703.5 10 0.3390 0.4134 0.2476 
     H9707.1 10 0.9208 0.0491 0.0301 
     H9707.2 10 0.8079 0.0636 0.1284 
     H9707.3 10 0.5395 0.3426 0.1179 
     H9707.4 10 0.0813 0.0377 0.8811 
     H9707.5 10 0.7850 0.1255 0.0895 
     H9707.6 10 0.1423 0.6570 0.2007 
     H9707.7 10 0.4053 0.2408 0.3539 
     H9707.8 10 0.5033 0.4088 0.0878 
     HSAA4.1 10 0.0341 0.0607 0.9052 
     HSAA4.2 10 0.0174 0.0376 0.9450 
     HSAA4.3 10 0.0190 0.0203 0.9607 
     HSAA4.4 10 0.0536 0.0595 0.8868 
     HSAA4.5 10 0.0348 0.0225 0.9426 
     HSAA4.6 10 0.0139 0.0127 0.9733 
     HSAA4.7 10 0.0101 0.0109 0.9790 
   saaRTON.1 10 0.0604 0.0517 0.8879 
  saaRTON.10 10 0.0293 0.0546 0.9161 
   saaRTON.2 10 0.0472 0.0523 0.9005 
   saaRTON.3 10 0.0316 0.0281 0.9403 
   saaRTON.4 10 0.0269 0.0384 0.9347 
   saaRTON.5 10 0.0226 0.0296 0.9479 
   saaRTON.6 10 0.0430 0.0811 0.8759 
   saaRTON.7 10 0.0240 0.7352 0.2409 
   saaRTON.8 10 0.0232 0.0295 0.9473 
   saaRTON.9 10 0.0178 0.0215 0.9606 
      H005.1 11 0.2837 0.0650 0.6513 
      H005.2 11 0.2805 0.5633 0.1562 
      H005.3 11 0.3208 0.0443 0.6349 
      H005.4 11 0.6230 0.2374 0.1396 
      H005.5 11 0.3660 0.0801 0.5538 
      H005.6 11 0.6923 0.2639 0.0438 
      H005.7 11 0.2515 0.2751 0.4734 
      H005.8 11 0.6022 0.0822 0.3156 
      H005.9 11 0.3518 0.4194 0.2289 
      H031.1 11 0.7988 0.0800 0.1212 
      H031.2 11 0.0709 0.0307 0.8984 
      H031.3 11 0.4514 0.2847 0.2639 
      H031.4 11 0.2661 0.0797 0.6543 
      H031.5 11 0.2277 0.1891 0.5832 
      H031.6 11 0.5651 0.0525 0.3824 
      H031.7 11 0.2868 0.4057 0.3075 
      H031.8 11 0.5699 0.0452 0.3848 
      H136.1 11 0.8955 0.0743 0.0302 
      H136.2 11 0.0953 0.8061 0.0986 
      H136.3 11 0.3351 0.6170 0.0479 
      H136.4 11 0.8503 0.0577 0.0920 
      H153.1 11 0.8077 0.0862 0.1060 
      H153.2 11 0.7859 0.0553 0.1588 
      H153.3 11 0.8716 0.0546 0.0738 
      H153.4 11 0.3055 0.0399 0.6546 
      H167.1 11 0.1541 0.7785 0.0674 
      H167.2 11 0.5538 0.3571 0.0890 
      H167.3 11 0.4770 0.4580 0.0650 
      H167.4 11 0.0959 0.4546 0.4495 
      H167.5 11 0.4641 0.3305 0.2054 
      H167.6 11 0.8024 0.1558 0.0418 
      H167.7 11 0.1875 0.1310 0.6815 
