      H105.1  1 0.0049 0.0071 0.0148 0.0063 0.0096 0.0085 0.0119 0.0499 0.0133 0.0076 0.0130 0.7467 0.0120 0.0053 0.0334 0.0162 0.0265 0.0077 0.0053 
      H105.2  1 0.0111 0.0138 0.0067 0.0062 0.0213 0.0369 0.0257 0.0396 0.0493 0.0262 0.0385 0.5882 0.0075 0.0132 0.0546 0.0132 0.0092 0.0098 0.0290 
      H105.3  1 0.0076 0.0074 0.0153 0.0038 0.0048 0.0104 0.0202 0.0111 0.0133 0.0056 0.0113 0.8236 0.0081 0.0092 0.0070 0.0168 0.0056 0.0085 0.0104 
      H105.4  1 0.0178 0.0064 0.0141 0.0104 0.0085 0.0218 0.0078 0.1196 0.0168 0.0221 0.0177 0.5708 0.0094 0.0254 0.0348 0.0249 0.0082 0.0270 0.0365 
      H105.5  1 0.0210 0.0075 0.0230 0.0116 0.0089 0.0295 0.0437 0.1855 0.0314 0.0221 0.1682 0.0673 0.0120 0.0441 0.1086 0.0876 0.0305 0.0566 0.0407 
      H105.6  1 0.0098 0.0043 0.0151 0.0049 0.0042 0.0120 0.0090 0.0248 0.0047 0.0059 0.0076 0.8211 0.0078 0.0146 0.0057 0.0123 0.0039 0.0192 0.0130 
      H105.7  1 0.0050 0.0049 0.0064 0.0104 0.0075 0.0056 0.0075 0.0487 0.0071 0.0175 0.0099 0.8041 0.0198 0.0108 0.0061 0.0094 0.0097 0.0044 0.0052 
      H105.8  1 0.0066 0.0077 0.0051 0.0033 0.0150 0.0218 0.0114 0.0157 0.0147 0.0088 0.0051 0.8005 0.0314 0.0061 0.0207 0.0082 0.0043 0.0072 0.0065 
      H115.1  1 0.0435 0.0092 0.0830 0.0074 0.0462 0.0397 0.0381 0.0223 0.0116 0.0324 0.0161 0.0184 0.0432 0.0265 0.0138 0.0121 0.0389 0.4759 0.0218 
      H115.2  1 0.0414 0.0211 0.0233 0.0093 0.0764 0.0121 0.0194 0.0097 0.0107 0.0100 0.0568 0.0261 0.0090 0.0100 0.0113 0.0061 0.0209 0.5861 0.0403 
      H115.3  1 0.0186 0.0087 0.0265 0.0055 0.0120 0.0081 0.0042 0.0096 0.0140 0.0089 0.1024 0.0190 0.0069 0.0034 0.0161 0.0104 0.0212 0.6629 0.0416 
      H115.4  1 0.0661 0.0099 0.0486 0.0073 0.0500 0.0698 0.1568 0.0308 0.0357 0.0102 0.3224 0.0100 0.0106 0.0055 0.0356 0.0166 0.0617 0.0460 0.0063 
      H115.5  1 0.0110 0.0603 0.0539 0.0167 0.0240 0.0142 0.0166 0.0212 0.1466 0.0188 0.0252 0.0430 0.0308 0.0179 0.0220 0.0199 0.0298 0.4144 0.0140 
      H115.6  1 0.0282 0.0150 0.0364 0.0076 0.0077 0.0050 0.0148 0.0078 0.0222 0.0300 0.2357 0.0106 0.0147 0.0084 0.0110 0.0091 0.0214 0.4818 0.0326 
      H115.7  1 0.0514 0.0057 0.0250 0.0095 0.0194 0.0191 0.0190 0.0140 0.0383 0.0472 0.4016 0.0102 0.0071 0.0196 0.0092 0.0099 0.0338 0.1789 0.0811 
      H115.8  1 0.0117 0.1037 0.0334 0.0059 0.0148 0.0065 0.0149 0.0144 0.0300 0.0134 0.0474 0.0276 0.0414 0.0062 0.0195 0.0068 0.0170 0.5601 0.0252 
      H115.9  1 0.0080 0.0048 0.0105 0.0047 0.0070 0.0131 0.0202 0.0251 0.0044 0.0065 0.0054 0.0047 0.0264 0.0099 0.0064 0.0068 0.0172 0.8108 0.0082 
      H145.1  1 0.0057 0.0227 0.0109 0.8478 0.0036 0.0059 0.0086 0.0132 0.0032 0.0048 0.0072 0.0053 0.0076 0.0051 0.0073 0.0079 0.0071 0.0082 0.0178 
      H145.2  1 0.0095 0.0227 0.0104 0.8117 0.0055 0.0078 0.0055 0.0172 0.0032 0.0091 0.0056 0.0081 0.0066 0.0050 0.0146 0.0096 0.0070 0.0310 0.0098 
      H145.3  1 0.0059 0.0647 0.0038 0.7964 0.0054 0.0060 0.0032 0.0116 0.0120 0.0067 0.0056 0.0036 0.0253 0.0038 0.0061 0.0137 0.0053 0.0068 0.0141 
      H145.4  1 0.0042 0.0083 0.0071 0.9068 0.0034 0.0037 0.0041 0.0068 0.0036 0.0035 0.0042 0.0042 0.0053 0.0078 0.0041 0.0056 0.0050 0.0035 0.0087 
      H145.5  1 0.0047 0.1828 0.0069 0.6953 0.0048 0.0053 0.0044 0.0064 0.0064 0.0036 0.0065 0.0041 0.0081 0.0078 0.0066 0.0124 0.0044 0.0046 0.0250 
      H145.6  1 0.0052 0.0096 0.0058 0.8750 0.0047 0.0053 0.0042 0.0071 0.0069 0.0190 0.0050 0.0068 0.0046 0.0048 0.0083 0.0037 0.0066 0.0110 0.0064 
      H145.7  1 0.0051 0.0042 0.0061 0.9048 0.0037 0.0051 0.0034 0.0072 0.0088 0.0044 0.0054 0.0033 0.0064 0.0041 0.0061 0.0060 0.0060 0.0040 0.0058 
      H149.1  1 0.0035 0.0038 0.9368 0.0041 0.0030 0.0032 0.0033 0.0034 0.0028 0.0031 0.0040 0.0031 0.0038 0.0040 0.0032 0.0032 0.0038 0.0037 0.0042 
      H149.2  1 0.0031 0.0029 0.8752 0.0227 0.0053 0.0049 0.0042 0.0060 0.0044 0.0072 0.0141 0.0048 0.0032 0.0053 0.0041 0.0068 0.0143 0.0040 0.0075 
      H149.3  1 0.0068 0.0044 0.7007 0.0522 0.0146 0.0166 0.0064 0.0114 0.0105 0.0184 0.0405 0.0126 0.0119 0.0125 0.0070 0.0113 0.0374 0.0075 0.0173 
      H149.4  1 0.0231 0.0080 0.8607 0.0048 0.0046 0.0118 0.0037 0.0048 0.0043 0.0089 0.0052 0.0090 0.0051 0.0058 0.0106 0.0053 0.0091 0.0052 0.0100 
      H149.5  1 0.0112 0.0047 0.5779 0.0798 0.0108 0.0366 0.0053 0.0116 0.0082 0.0251 0.0181 0.0239 0.0092 0.0087 0.0150 0.0169 0.1230 0.0032 0.0108 
      H149.6  1 0.0041 0.0038 0.8604 0.0225 0.0064 0.0062 0.0041 0.0065 0.0050 0.0152 0.0179 0.0055 0.0037 0.0051 0.0040 0.0066 0.0144 0.0032 0.0054 
      H149.7  1 0.0256 0.0113 0.6184 0.0257 0.0151 0.0292 0.0099 0.0083 0.0093 0.0718 0.0093 0.0350 0.0162 0.0333 0.0207 0.0132 0.0301 0.0057 0.0120 
      H150.1  1 0.0089 0.0150 0.0044 0.0089 0.0092 0.0047 0.0057 0.0057 0.0101 0.0075 0.0665 0.0260 0.0096 0.0075 0.0208 0.0065 0.0073 0.7597 0.0161 
      H150.2  1 0.0340 0.0348 0.0281 0.0062 0.0113 0.0132 0.0239 0.0043 0.0119 0.0161 0.1130 0.0199 0.0066 0.0080 0.0241 0.0108 0.0185 0.5989 0.0162 
      H150.3  1 0.0254 0.0187 0.0114 0.0158 0.0102 0.0055 0.0230 0.0087 0.0220 0.0290 0.0616 0.0167 0.0182 0.0202 0.0156 0.0119 0.0120 0.6407 0.0332 
      H150.4  1 0.0072 0.0191 0.0046 0.0123 0.0048 0.0033 0.0112 0.0116 0.0133 0.0106 0.0156 0.0079 0.0126 0.0112 0.0104 0.0062 0.0079 0.8232 0.0072 
      H150.5  1 0.0478 0.0096 0.0146 0.0184 0.0303 0.0096 0.0077 0.0119 0.0161 0.0172 0.1458 0.0822 0.0114 0.0081 0.0202 0.0164 0.0322 0.4457 0.0548 
      H150.6  1 0.0563 0.0114 0.0072 0.0070 0.0200 0.0075 0.0080 0.0050 0.0457 0.0100 0.6530 0.0562 0.0042 0.0058 0.0132 0.0101 0.0282 0.0405 0.0108 
      H150.7  1 0.0064 0.0151 0.0058 0.0091 0.0055 0.0043 0.0070 0.0069 0.0089 0.0041 0.0165 0.0134 0.0072 0.0041 0.0182 0.0072 0.0040 0.8293 0.0270 
   H169607.1  1 0.0121 0.0160 0.0087 0.1458 0.0571 0.0443 0.1374 0.0190 0.0231 0.0427 0.0137 0.0095 0.0216 0.0089 0.2111 0.1139 0.0198 0.0315 0.0639 
   H169607.2  1 0.0794 0.0043 0.0086 0.1112 0.0284 0.0264 0.0338 0.3068 0.0081 0.0148 0.0138 0.0081 0.0515 0.0073 0.0721 0.0555 0.0113 0.0253 0.1331 
   H169607.3  1 0.0084 0.0123 0.0071 0.2193 0.0436 0.0452 0.0165 0.0866 0.0225 0.0419 0.0142 0.0080 0.0499 0.0103 0.1548 0.1214 0.0839 0.0133 0.0409 
   H169607.4  1 0.0220 0.0072 0.0054 0.1876 0.0217 0.0070 0.0183 0.1080 0.0060 0.0131 0.0058 0.0084 0.0077 0.0071 0.0412 0.1046 0.0069 0.0120 0.4100 
   H169607.5  1 0.1317 0.0081 0.0102 0.1306 0.0273 0.0323 0.0179 0.1788 0.0081 0.0162 0.0177 0.0050 0.0487 0.0057 0.0393 0.0823 0.1041 0.0399 0.0964 
   H169607.6  1 0.0294 0.0044 0.0064 0.0587 0.0306 0.0258 0.0264 0.5175 0.0076 0.0122 0.0119 0.0076 0.0251 0.0061 0.0930 0.0319 0.0143 0.0162 0.0749 
   H169607.7  1 0.0671 0.0065 0.0081 0.0271 0.0241 0.0633 0.0575 0.1074 0.0134 0.0208 0.0183 0.0190 0.0714 0.0045 0.3978 0.0386 0.0115 0.0221 0.0215 
   H169607.8  1 0.0108 0.0045 0.0047 0.0267 0.0351 0.0087 0.0169 0.4067 0.0074 0.0140 0.0048 0.0050 0.0143 0.0063 0.0388 0.1806 0.0072 0.0113 0.1958 
   H169633.1  1 0.0036 0.0176 0.7883 0.0255 0.0346 0.0066 0.0126 0.0067 0.0161 0.0099 0.0120 0.0121 0.0059 0.0100 0.0044 0.0041 0.0089 0.0100 0.0112 
   H169633.2  1 0.0067 0.0089 0.7238 0.0122 0.0276 0.0137 0.0387 0.0037 0.0107 0.0618 0.0190 0.0201 0.0174 0.0094 0.0068 0.0048 0.0045 0.0044 0.0057 
   H169633.3  1 0.0057 0.0063 0.8319 0.0148 0.0071 0.0085 0.0086 0.0048 0.0076 0.0063 0.0178 0.0153 0.0129 0.0201 0.0053 0.0050 0.0096 0.0069 0.0056 
   H169633.4  1 0.0046 0.0171 0.8259 0.0108 0.0071 0.0065 0.0062 0.0079 0.0121 0.0038 0.0099 0.0159 0.0080 0.0079 0.0048 0.0051 0.0168 0.0096 0.0202 
   H169633.5  1 0.0053 0.0133 0.8333 0.0117 0.0077 0.0076 0.0071 0.0070 0.0115 0.0052 0.0109 0.0110 0.0087 0.0078 0.0054 0.0057 0.0140 0.0099 0.0170 
   H169688.1  1 0.0063 0.0044 0.0130 0.0393 0.7200 0.0269 0.0053 0.0458 0.0418 0.0269 0.0045 0.0038 0.0076 0.0181 0.0045 0.0069 0.0052 0.0049 0.0146 
   H169688.2  1 0.0077 0.0064 0.0054 0.0102 0.8427 0.0092 0.0043 0.0086 0.0095 0.0330 0.0062 0.0079 0.0079 0.0106 0.0102 0.0047 0.0045 0.0067 0.0044 
   H169688.3  1 0.0124 0.0054 0.0095 0.0114 0.8334 0.0049 0.0080 0.0060 0.0085 0.0192 0.0100 0.0082 0.0046 0.0106 0.0228 0.0055 0.0066 0.0073 0.0055 
   H169688.4  1 0.0071 0.0158 0.0084 0.0100 0.7002 0.0056 0.0059 0.0075 0.0119 0.0114 0.0062 0.0127 0.0070 0.0084 0.0163 0.0060 0.0072 0.1466 0.0058 
   H169688.5  1 0.0087 0.0180 0.0078 0.0078 0.7040 0.0061 0.0060 0.0063 0.0136 0.0126 0.0047 0.0091 0.0081 0.0092 0.0208 0.0048 0.0077 0.1388 0.0059 
   H169688.6  1 0.0163 0.0247 0.0111 0.0108 0.7672 0.0689 0.0040 0.0090 0.0110 0.0121 0.0034 0.0135 0.0040 0.0068 0.0072 0.0041 0.0055 0.0151 0.0054 
   H169688.7  1 0.0221 0.0148 0.0130 0.0419 0.6641 0.0044 0.0093 0.0062 0.0125 0.0103 0.0179 0.0066 0.0098 0.0134 0.1195 0.0077 0.0055 0.0121 0.0088 
   H171901.1  1 0.0168 0.0973 0.0121 0.0705 0.0237 0.0075 0.0109 0.0136 0.0194 0.3751 0.0869 0.0169 0.0096 0.0227 0.1241 0.0096 0.0106 0.0413 0.0314 
   H171901.2  1 0.0077 0.0039 0.8521 0.0084 0.0069 0.0041 0.0043 0.0158 0.0047 0.0050 0.0130 0.0106 0.0056 0.0047 0.0062 0.0074 0.0043 0.0191 0.0162 
   H171901.3  1 0.0139 0.0068 0.7153 0.0144 0.0383 0.0139 0.0070 0.0117 0.0180 0.0413 0.0123 0.0068 0.0079 0.0086 0.0184 0.0053 0.0102 0.0170 0.0330 
   H171901.4  1 0.0144 0.0059 0.8359 0.0059 0.0094 0.0071 0.0098 0.0071 0.0062 0.0090 0.0114 0.0144 0.0067 0.0043 0.0160 0.0091 0.0062 0.0076 0.0134 
   H171901.5  1 0.0231 0.0047 0.7847 0.0106 0.0135 0.0082 0.0074 0.0101 0.0056 0.0122 0.0139 0.0112 0.0053 0.0056 0.0176 0.0176 0.0072 0.0137 0.0278 
   H171901.6  1 0.0358 0.0066 0.5780 0.0388 0.0309 0.0143 0.0134 0.0125 0.0054 0.0191 0.0195 0.0276 0.0128 0.0142 0.0214 0.0317 0.0115 0.0311 0.0755 
   H171901.7  1 0.0481 0.0068 0.5606 0.0564 0.0873 0.0374 0.0070 0.0186 0.0094 0.0218 0.0141 0.0138 0.0184 0.0111 0.0216 0.0065 0.0131 0.0181 0.0299 
   H171902.1  1 0.0280 0.0783 0.0092 0.0198 0.0380 0.0262 0.0290 0.0088 0.0119 0.0075 0.0047 0.0053 0.0145 0.0117 0.0154 0.0224 0.0042 0.0129 0.6522 
  H171902.10  1 0.0101 0.0098 0.0102 0.0054 0.0128 0.0114 0.0049 0.0099 0.0080 0.0037 0.0060 0.0035 0.0049 0.0041 0.0079 0.0059 0.0032 0.0062 0.8723 
   H171902.2  1 0.0307 0.0639 0.0226 0.0182 0.1748 0.0451 0.0253 0.0123 0.0805 0.0306 0.0075 0.0246 0.0654 0.0169 0.0215 0.0355 0.0071 0.0145 0.3030 
   H171902.3  1 0.0622 0.0120 0.0885 0.0113 0.0330 0.0368 0.0231 0.0181 0.0138 0.0130 0.0101 0.0093 0.0122 0.0120 0.1122 0.0177 0.0064 0.0245 0.4839 
   H171902.4  1 0.0038 0.0208 0.0654 0.0071 0.0073 0.0058 0.0050 0.0062 0.0049 0.0055 0.0045 0.0066 0.0098 0.0080 0.0032 0.0050 0.0035 0.0076 0.8202 
   H171902.6  1 0.0098 0.0071 0.0099 0.0058 0.0081 0.0106 0.0065 0.0087 0.0060 0.0033 0.0078 0.0030 0.0044 0.0041 0.0080 0.0050 0.0034 0.0070 0.8814 
   H171902.7  1 0.0145 0.0337 0.0228 0.0136 0.0077 0.0059 0.0060 0.0110 0.0037 0.0104 0.0144 0.0053 0.0048 0.0047 0.0128 0.0165 0.0054 0.0070 0.7996 
   H171902.8  1 0.0375 0.0168 0.0222 0.0100 0.0125 0.0155 0.0092 0.0077 0.0103 0.0086 0.0112 0.0046 0.0063 0.0056 0.0268 0.0122 0.0050 0.0116 0.7663 
   H171902.9  1 0.0085 0.0435 0.0071 0.0088 0.0097 0.0059 0.0052 0.0100 0.0067 0.0078 0.0051 0.0095 0.0096 0.0107 0.0082 0.0114 0.0044 0.0398 0.7882 
   H171903.1  1 0.0838 0.0051 0.0138 0.0179 0.0085 0.0123 0.0199 0.7026 0.0052 0.0089 0.0097 0.0090 0.0217 0.0067 0.0132 0.0194 0.0113 0.0190 0.0117 
   H171903.2  1 0.0525 0.0110 0.0080 0.0102 0.0141 0.0225 0.0150 0.6338 0.0081 0.0110 0.0073 0.0238 0.0328 0.0089 0.0462 0.0272 0.0348 0.0219 0.0109 
   H171903.3  1 0.1880 0.0171 0.0185 0.0235 0.0427 0.0359 0.0540 0.2207 0.0069 0.0273 0.0463 0.0164 0.0313 0.0311 0.0282 0.0639 0.0955 0.0202 0.0325 
   H171903.4  1 0.0220 0.0087 0.0100 0.1069 0.0263 0.0072 0.0066 0.0337 0.0174 0.3467 0.0361 0.0106 0.0062 0.0133 0.0190 0.0322 0.0106 0.0160 0.2705 
   H171903.5  1 0.0510 0.0091 0.0457 0.0141 0.0965 0.0128 0.0520 0.0795 0.0077 0.0254 0.0156 0.0145 0.0214 0.0184 0.3062 0.0257 0.1696 0.0219 0.0127 
   H171903.6  1 0.0538 0.0048 0.0583 0.0278 0.3410 0.0167 0.0065 0.1463 0.0093 0.0188 0.0081 0.0082 0.0162 0.0120 0.0744 0.0968 0.0522 0.0150 0.0338 
      H177.1  1 0.1718 0.0105 0.2159 0.0261 0.0256 0.0836 0.0059 0.0243 0.0052 0.2486 0.0154 0.0051 0.0064 0.0159 0.0090 0.0168 0.0100 0.0275 0.0765 
      H177.2  1 0.0523 0.0188 0.1085 0.0530 0.0471 0.0522 0.0108 0.0218 0.0179 0.0125 0.0175 0.0082 0.0458 0.0131 0.1030 0.3249 0.0403 0.0186 0.0337 
      H177.3  1 0.1203 0.0174 0.2638 0.0379 0.0385 0.0717 0.0061 0.0187 0.0054 0.0139 0.0232 0.0053 0.0101 0.0230 0.0441 0.1084 0.0194 0.0373 0.1356 
      H177.4  1 0.0385 0.0117 0.0684 0.0324 0.0166 0.5178 0.0045 0.0228 0.0046 0.1678 0.0092 0.0114 0.0094 0.0128 0.0067 0.0221 0.0128 0.0058 0.0248 
      H177.5  1 0.1159 0.0082 0.0222 0.0223 0.0605 0.0135 0.0045 0.0278 0.0134 0.4907 0.0136 0.0318 0.0198 0.0207 0.0159 0.0317 0.0475 0.0148 0.0249 
      H177.6  1 0.0929 0.0231 0.4695 0.0232 0.0334 0.0278 0.0085 0.0129 0.0052 0.0126 0.0214 0.0057 0.0115 0.0310 0.0343 0.0416 0.0134 0.0461 0.0859 
      H179.1  1 0.0203 0.0061 0.0144 0.0064 0.1163 0.5541 0.0287 0.0044 0.0094 0.0437 0.0071 0.0263 0.0105 0.0597 0.0281 0.0154 0.0182 0.0115 0.0197 
      H179.2  1 0.0096 0.0044 0.0057 0.0056 0.0221 0.7945 0.0273 0.0056 0.0064 0.0135 0.0112 0.0094 0.0102 0.0209 0.0150 0.0109 0.0090 0.0105 0.0081 
      H179.3  1 0.0198 0.0046 0.0076 0.0090 0.3165 0.3617 0.0226 0.0111 0.0148 0.0617 0.0059 0.0112 0.0142 0.0232 0.0435 0.0100 0.0268 0.0235 0.0122 
      H179.4  1 0.0103 0.0035 0.0113 0.0110 0.0122 0.8261 0.0093 0.0057 0.0076 0.0153 0.0089 0.0063 0.0110 0.0134 0.0143 0.0122 0.0087 0.0054 0.0075 
      H180.1  1 0.5417 0.0223 0.0109 0.0040 0.0300 0.0264 0.0468 0.0184 0.0603 0.0108 0.0549 0.0395 0.0070 0.0055 0.0310 0.0123 0.0341 0.0375 0.0065 
      H180.2  1 0.4487 0.0301 0.0131 0.0057 0.0423 0.0129 0.0082 0.0117 0.0695 0.0138 0.0243 0.1901 0.0074 0.0167 0.0118 0.0196 0.0112 0.0317 0.0313 
      H180.3  1 0.2543 0.0258 0.0062 0.0055 0.0097 0.0081 0.1172 0.0317 0.0164 0.0076 0.0106 0.0319 0.0764 0.0582 0.0182 0.0386 0.0386 0.2414 0.0035 
      H180.4  1 0.2755 0.0248 0.0263 0.0093 0.0362 0.0213 0.0060 0.0098 0.0279 0.0177 0.1129 0.3075 0.0134 0.0109 0.0220 0.0185 0.0287 0.0193 0.0118 
      H180.5  1 0.3324 0.0644 0.0109 0.0076 0.0384 0.0248 0.0091 0.0279 0.0467 0.0221 0.2331 0.0257 0.0501 0.0053 0.0132 0.0341 0.0099 0.0356 0.0084 
      H180.6  1 0.0515 0.0659 0.0249 0.0260 0.0099 0.0084 0.0094 0.0118 0.0298 0.0067 0.1031 0.0284 0.5340 0.0127 0.0269 0.0104 0.0100 0.0225 0.0079 
      H181.1  1 0.0110 0.0171 0.1939 0.0123 0.0675 0.1228 0.0071 0.0578 0.2122 0.0091 0.0235 0.0073 0.0061 0.0079 0.0125 0.0163 0.1798 0.0098 0.0257 
      H181.2  1 0.0624 0.0225 0.0550 0.0365 0.0507 0.3430 0.0110 0.0325 0.1444 0.0134 0.0892 0.0149 0.0090 0.0094 0.0100 0.0116 0.0249 0.0102 0.0495 
      H181.3  1 0.0425 0.0145 0.0714 0.0131 0.0496 0.2525 0.0056 0.0243 0.3111 0.0167 0.0503 0.0066 0.0098 0.0090 0.0122 0.0365 0.0093 0.0076 0.0575 
      H181.4  1 0.0568 0.0049 0.1094 0.0290 0.0225 0.0643 0.0080 0.0460 0.0897 0.0186 0.0455 0.0116 0.0174 0.0216 0.0243 0.0822 0.2705 0.0539 0.0240 
      H181.5  1 0.0052 0.0105 0.0144 0.0090 0.0203 0.6032 0.0141 0.0080 0.1143 0.0270 0.0437 0.0129 0.0098 0.0477 0.0139 0.0095 0.0118 0.0059 0.0189 
      H181.6  1 0.0113 0.0052 0.0131 0.0115 0.0148 0.6521 0.0332 0.0151 0.0121 0.0131 0.0534 0.0433 0.0075 0.0104 0.0218 0.0120 0.0247 0.0207 0.0246 
      H181.7  1 0.0079 0.0062 0.0270 0.0104 0.0321 0.6829 0.0068 0.0103 0.0239 0.0060 0.0072 0.0119 0.0149 0.0048 0.0872 0.0055 0.0349 0.0123 0.0078 
 H194.1_2004  1 0.0418 0.0061 0.0141 0.7747 0.0112 0.0072 0.0091 0.0195 0.0052 0.0089 0.0127 0.0080 0.0141 0.0098 0.0070 0.0070 0.0119 0.0109 0.0210 
 H194.2_2004  1 0.0108 0.0076 0.0056 0.7747 0.0043 0.0035 0.0037 0.0132 0.0054 0.1135 0.0098 0.0037 0.0046 0.0073 0.0036 0.0047 0.0080 0.0053 0.0108 
 H194.3_2004  1 0.0161 0.0084 0.0612 0.7004 0.0119 0.0146 0.0060 0.0072 0.0041 0.0119 0.0114 0.0058 0.0062 0.0913 0.0077 0.0055 0.0054 0.0058 0.0192 
 H194.4_2004  1 0.0076 0.0173 0.0241 0.7256 0.0067 0.0098 0.0050 0.0348 0.0047 0.0948 0.0079 0.0051 0.0068 0.0105 0.0054 0.0049 0.0056 0.0057 0.0177 
 H194.5_2004  1 0.0353 0.0050 0.0315 0.7346 0.0104 0.0167 0.0071 0.0086 0.0057 0.0131 0.0065 0.0107 0.0147 0.0322 0.0101 0.0109 0.0110 0.0082 0.0276 
 H194.6_2004  1 0.0175 0.0084 0.1242 0.1785 0.0138 0.0517 0.0077 0.0145 0.0072 0.1804 0.0123 0.0077 0.0151 0.2904 0.0093 0.0148 0.0097 0.0105 0.0264 
 H194.7_2004  1 0.0098 0.0058 0.0104 0.7476 0.0057 0.0078 0.0039 0.0720 0.0072 0.0159 0.0096 0.0067 0.0462 0.0114 0.0090 0.0077 0.0098 0.0071 0.0065 
 H194.8_2004  1 0.0133 0.0084 0.0583 0.5363 0.0070 0.0237 0.0048 0.0155 0.0085 0.1865 0.0218 0.0069 0.0116 0.0262 0.0119 0.0172 0.0135 0.0100 0.0186 
      H194.9  1 0.0093 0.0086 0.0123 0.7900 0.0077 0.0065 0.0070 0.0221 0.0072 0.0162 0.0105 0.0072 0.0317 0.0138 0.0059 0.0078 0.0100 0.0136 0.0129 
 H195.1_2003  1 0.0070 0.0038 0.0090 0.8577 0.0053 0.0063 0.0067 0.0059 0.0059 0.0117 0.0097 0.0262 0.0055 0.0054 0.0105 0.0067 0.0061 0.0041 0.0064 
 H195.1_2004  1 0.0058 0.0099 0.0156 0.8530 0.0102 0.0066 0.0036 0.0063 0.0171 0.0051 0.0230 0.0063 0.0037 0.0043 0.0046 0.0052 0.0069 0.0055 0.0073 
 H195.2_2003  1 0.0071 0.0046 0.0061 0.8414 0.0140 0.0064 0.0068 0.0187 0.0045 0.0055 0.0052 0.0142 0.0073 0.0062 0.0064 0.0141 0.0037 0.0154 0.0122 
 H195.2_2004  1 0.0034 0.0064 0.0059 0.9142 0.0050 0.0039 0.0037 0.0053 0.0054 0.0039 0.0065 0.0055 0.0055 0.0045 0.0044 0.0039 0.0038 0.0042 0.0045 
 H195.3_2003  1 0.0149 0.0050 0.0053 0.7909 0.0099 0.0048 0.0061 0.0157 0.0089 0.0172 0.0037 0.0335 0.0081 0.0094 0.0075 0.0167 0.0051 0.0289 0.0086 
 H195.3_2004  1 0.0047 0.0058 0.0185 0.8978 0.0047 0.0048 0.0032 0.0077 0.0054 0.0042 0.0074 0.0057 0.0033 0.0050 0.0036 0.0039 0.0049 0.0043 0.0052 
 H195.4_2003  1 0.0056 0.0026 0.0070 0.8944 0.0045 0.0043 0.0055 0.0073 0.0032 0.0055 0.0121 0.0082 0.0042 0.0062 0.0063 0.0065 0.0047 0.0053 0.0066 
 H195.4_2004  1 0.0031 0.0044 0.0054 0.9055 0.0065 0.0050 0.0029 0.0087 0.0153 0.0059 0.0045 0.0039 0.0058 0.0044 0.0037 0.0035 0.0037 0.0036 0.0042 
 H195.5_2003  1 0.0190 0.0040 0.0107 0.7640 0.0066 0.0094 0.0068 0.0076 0.0154 0.0163 0.0209 0.0676 0.0050 0.0052 0.0106 0.0084 0.0060 0.0076 0.0088 
 H195.5_2004  1 0.0040 0.0088 0.0090 0.8762 0.0085 0.0098 0.0037 0.0073 0.0142 0.0037 0.0101 0.0092 0.0044 0.0057 0.0034 0.0048 0.0054 0.0054 0.0063 
 H195.6_2003  1 0.0061 0.0043 0.0038 0.8730 0.0089 0.0043 0.0048 0.0168 0.0060 0.0038 0.0048 0.0135 0.0056 0.0041 0.0054 0.0119 0.0034 0.0139 0.0057 
 H195.6_2004  1 0.0048 0.0065 0.0055 0.9102 0.0037 0.0060 0.0037 0.0085 0.0050 0.0042 0.0058 0.0064 0.0045 0.0054 0.0056 0.0044 0.0030 0.0028 0.0040 
 H195.7_2003  1 0.0065 0.0031 0.0065 0.8917 0.0067 0.0071 0.0047 0.0052 0.0050 0.0117 0.0051 0.0080 0.0050 0.0052 0.0061 0.0074 0.0051 0.0040 0.0057 
 H195.7_2004  1 0.0050 0.0207 0.0059 0.8725 0.0111 0.0057 0.0026 0.0040 0.0153 0.0034 0.0100 0.0085 0.0035 0.0048 0.0052 0.0044 0.0051 0.0069 0.0056 
      H195.8  1 0.0044 0.0046 0.0042 0.8600 0.0094 0.0068 0.0028 0.0092 0.0376 0.0049 0.0143 0.0064 0.0057 0.0047 0.0043 0.0047 0.0050 0.0064 0.0045 
      H195.9  1 0.0047 0.0039 0.0081 0.8949 0.0053 0.0074 0.0033 0.0133 0.0056 0.0055 0.0055 0.0052 0.0079 0.0058 0.0045 0.0063 0.0044 0.0035 0.0050 
      H415.1  1 0.0205 0.0728 0.0919 0.0444 0.0102 0.0075 0.5007 0.0089 0.0074 0.0241 0.0164 0.0140 0.0266 0.0112 0.0092 0.0049 0.0075 0.0993 0.0223 
      H415.2  1 0.0664 0.0110 0.0120 0.0102 0.0227 0.0071 0.0672 0.0058 0.0027 0.0073 0.0051 0.0075 0.0051 0.0457 0.0053 0.0077 0.0147 0.0112 0.6853 
      H415.3  1 0.0529 0.0094 0.0696 0.0131 0.0100 0.0172 0.6972 0.0030 0.0037 0.0162 0.0211 0.0068 0.0051 0.0073 0.0177 0.0157 0.0138 0.0066 0.0136 
      H415.4  1 0.0074 0.0195 0.0199 0.0160 0.0051 0.0044 0.7477 0.0045 0.0073 0.0099 0.0284 0.0084 0.0216 0.0119 0.0077 0.0075 0.0092 0.0440 0.0194 
      H415.5  1 0.0732 0.0131 0.0862 0.0176 0.0068 0.0112 0.6457 0.0033 0.0040 0.0110 0.0374 0.0063 0.0050 0.0117 0.0172 0.0100 0.0137 0.0059 0.0207 
      H415.6  1 0.0100 0.0156 0.0177 0.0133 0.0045 0.0041 0.7495 0.0037 0.0095 0.0068 0.0442 0.0082 0.0172 0.0136 0.0073 0.0066 0.0085 0.0421 0.0177 
      H415.7  1 0.0193 0.0148 0.0591 0.0418 0.0876 0.0325 0.3643 0.0043 0.0038 0.0133 0.0109 0.0064 0.0071 0.0173 0.0204 0.1187 0.0094 0.0129 0.1561 
      H506.1  1 0.0044 0.0048 0.0068 0.0039 0.0052 0.9093 0.0071 0.0031 0.0067 0.0043 0.0035 0.0067 0.0055 0.0079 0.0049 0.0046 0.0042 0.0033 0.0039 
      H506.2  1 0.0053 0.0062 0.0169 0.0081 0.0055 0.8873 0.0068 0.0034 0.0037 0.0051 0.0057 0.0045 0.0045 0.0103 0.0062 0.0079 0.0050 0.0030 0.0044 
      H506.3  1 0.0141 0.0354 0.0099 0.0074 0.0678 0.7294 0.0135 0.0050 0.0186 0.0112 0.0056 0.0164 0.0107 0.0164 0.0053 0.0145 0.0093 0.0048 0.0047 
      H506.4  1 0.0069 0.0103 0.0077 0.0045 0.0070 0.8827 0.0095 0.0043 0.0048 0.0067 0.0043 0.0098 0.0049 0.0092 0.0053 0.0079 0.0056 0.0038 0.0048 
      H506.5  1 0.0047 0.0078 0.0096 0.0042 0.0089 0.8960 0.0093 0.0052 0.0040 0.0048 0.0028 0.0071 0.0050 0.0056 0.0042 0.0076 0.0042 0.0037 0.0055 
      H506.6  1 0.0117 0.0415 0.0086 0.0101 0.2403 0.4911 0.0124 0.0116 0.0120 0.0110 0.0055 0.0110 0.0066 0.0110 0.0196 0.0464 0.0266 0.0144 0.0086 
      H506.7  1 0.0056 0.0066 0.0099 0.0056 0.0060 0.8990 0.0072 0.0037 0.0048 0.0047 0.0044 0.0080 0.0043 0.0078 0.0052 0.0061 0.0033 0.0029 0.0047 
      H533.1  1 0.0058 0.0092 0.0123 0.0043 0.0056 0.8609 0.0079 0.0031 0.0066 0.0031 0.0049 0.0067 0.0043 0.0056 0.0389 0.0044 0.0092 0.0029 0.0043 
      H533.2  1 0.0071 0.0177 0.0317 0.0040 0.0065 0.8449 0.0102 0.0030 0.0077 0.0043 0.0047 0.0058 0.0048 0.0075 0.0200 0.0049 0.0060 0.0031 0.0062 
      H533.3  1 0.0163 0.0056 0.0106 0.0044 0.0099 0.8351 0.0069 0.0066 0.0048 0.0051 0.0036 0.0041 0.0083 0.0051 0.0133 0.0074 0.0336 0.0070 0.0122 
      H533.4  1 0.0279 0.0144 0.0292 0.0191 0.0103 0.7742 0.0125 0.0089 0.0071 0.0053 0.0051 0.0054 0.0059 0.0040 0.0249 0.0107 0.0159 0.0063 0.0130 
      H535.1  1 0.0091 0.0050 0.0085 0.0051 0.0047 0.8673 0.0054 0.0118 0.0035 0.0067 0.0064 0.0058 0.0047 0.0130 0.0058 0.0095 0.0051 0.0093 0.0135 
      H535.2  1 0.0043 0.0031 0.0044 0.0087 0.0050 0.9088 0.0037 0.0052 0.0056 0.0047 0.0054 0.0067 0.0059 0.0041 0.0039 0.0064 0.0065 0.0039 0.0036 
      H535.3  1 0.0042 0.0035 0.0042 0.0083 0.0044 0.9027 0.0027 0.0061 0.0081 0.0048 0.0051 0.0101 0.0055 0.0043 0.0040 0.0065 0.0058 0.0055 0.0042 
      H535.4  1 0.0051 0.0030 0.0060 0.0077 0.0034 0.9168 0.0069 0.0032 0.0046 0.0032 0.0077 0.0065 0.0034 0.0044 0.0036 0.0041 0.0044 0.0029 0.0032 
      H535.5  1 0.0077 0.0034 0.0088 0.0064 0.0037 0.9136 0.0059 0.0052 0.0035 0.0047 0.0036 0.0045 0.0033 0.0052 0.0042 0.0042 0.0043 0.0034 0.0043 
      H535.6  1 0.0089 0.0044 0.0047 0.0121 0.0056 0.8065 0.0064 0.0137 0.0067 0.0211 0.0165 0.0049 0.0049 0.0256 0.0061 0.0136 0.0080 0.0144 0.0158 
      H535.7  1 0.0042 0.0036 0.0047 0.0032 0.0034 0.9295 0.0046 0.0039 0.0028 0.0037 0.0025 0.0054 0.0037 0.0055 0.0034 0.0048 0.0036 0.0038 0.0036 
      H535.8  1 0.0041 0.0040 0.0046 0.0068 0.0038 0.9048 0.0063 0.0042 0.0048 0.0091 0.0044 0.0061 0.0043 0.0077 0.0050 0.0055 0.0041 0.0054 0.0048 
      H535.9  1 0.0044 0.0062 0.0050 0.0056 0.0037 0.8982 0.0041 0.0079 0.0042 0.0035 0.0056 0.0086 0.0040 0.0063 0.0041 0.0066 0.0036 0.0111 0.0074 
      H539.1  1 0.0046 0.0051 0.0026 0.0035 0.0033 0.0028 0.0045 0.0070 0.0028 0.0032 0.0042 0.0034 0.0052 0.0040 0.0029 0.0044 0.0037 0.9253 0.0074 
      H539.2  1 0.5157 0.0184 0.0078 0.0083 0.0764 0.0157 0.0179 0.0275 0.0220 0.0137 0.0126 0.0073 0.0182 0.0076 0.0129 0.0102 0.0207 0.1734 0.0136 
      H539.3  1 0.0214 0.0105 0.0046 0.0337 0.0109 0.0134 0.0054 0.0459 0.0114 0.0252 0.0056 0.0110 0.0148 0.0095 0.0069 0.0064 0.0085 0.7396 0.0153 
      H539.4  1 0.0129 0.0129 0.0048 0.0042 0.0170 0.0049 0.0066 0.0053 0.0062 0.0070 0.0046 0.0094 0.0087 0.0047 0.0095 0.0077 0.0121 0.8557 0.0058 
      H539.5  1 0.0053 0.0061 0.0036 0.0040 0.0037 0.0037 0.0043 0.0096 0.0035 0.0031 0.0044 0.0028 0.0117 0.0057 0.0036 0.0061 0.0037 0.9102 0.0049 
      H539.6  1 0.0110 0.0068 0.0034 0.0059 0.0039 0.0045 0.0060 0.0075 0.0064 0.0047 0.0061 0.0036 0.0115 0.0047 0.0062 0.0070 0.0054 0.8886 0.0068 
      H539.7  1 0.0068 0.0042 0.0044 0.0054 0.0059 0.0042 0.0037 0.0039 0.0035 0.0076 0.0053 0.0051 0.0047 0.0046 0.0045 0.0040 0.0053 0.9092 0.0077 
      H539.8  1 0.0145 0.0336 0.0085 0.0142 0.0200 0.0300 0.0081 0.0097 0.0173 0.0436 0.0098 0.0301 0.0084 0.0314 0.0068 0.0077 0.0134 0.6785 0.0144 
      H539.9  1 0.0061 0.0073 0.0036 0.0033 0.0051 0.0034 0.0043 0.0063 0.0038 0.0039 0.0030 0.0067 0.0081 0.0034 0.0048 0.0057 0.0074 0.9097 0.0040 
      H540.1  1 0.0288 0.0105 0.0082 0.0113 0.0105 0.0112 0.0049 0.0129 0.0059 0.0075 0.0111 0.0054 0.0075 0.0081 0.0172 0.0281 0.0257 0.7618 0.0232 
      H540.2  1 0.0144 0.0042 0.0072 0.0054 0.0056 0.0062 0.0070 0.0084 0.0028 0.0075 0.0067 0.0032 0.0042 0.0082 0.0073 0.0101 0.0133 0.8554 0.0229 
      H540.3  1 0.0179 0.1694 0.0140 0.0119 0.0448 0.0061 0.0136 0.0062 0.0156 0.0237 0.0224 0.0087 0.0045 0.0930 0.0074 0.0243 0.0264 0.4470 0.0432 
      H540.4  1 0.0215 0.0045 0.0065 0.0054 0.0206 0.0173 0.0078 0.0089 0.0053 0.0120 0.0183 0.0066 0.0056 0.0092 0.0186 0.0156 0.0214 0.7725 0.0224 
      H540.5  1 0.0124 0.0166 0.0135 0.0051 0.0158 0.0059 0.0067 0.0096 0.0116 0.0097 0.0105 0.0036 0.0075 0.0142 0.0129 0.0138 0.0091 0.8085 0.0130 
      H540.6  1 0.0170 0.0125 0.0101 0.0085 0.0203 0.0116 0.0088 0.0337 0.0307 0.0121 0.0245 0.0056 0.0166 0.0149 0.0205 0.0335 0.0291 0.6650 0.0250 
      H540.7  1 0.0325 0.0049 0.0126 0.0061 0.0098 0.0102 0.0123 0.0068 0.0072 0.0045 0.0093 0.0042 0.0105 0.0071 0.0105 0.0097 0.0181 0.8071 0.0165 
      H540.8  1 0.1668 0.0069 0.0203 0.0140 0.0127 0.0101 0.0083 0.0251 0.0029 0.0095 0.0151 0.0073 0.0054 0.0133 0.0162 0.0082 0.0566 0.5006 0.1007 
     H9558.1  1 0.0161 0.0059 0.0037 0.0060 0.0058 0.0077 0.0056 0.0099 0.0045 0.0072 0.0046 0.0048 0.0050 0.0087 0.0121 0.0048 0.0031 0.8720 0.0124 
     H9558.2  1 0.0079 0.0085 0.0031 0.0064 0.0076 0.0123 0.0076 0.0083 0.0059 0.0096 0.0039 0.0089 0.0113 0.0090 0.0117 0.0075 0.0040 0.8588 0.0078 
     H9558.3  1 0.0078 0.0127 0.0049 0.0059 0.0039 0.0075 0.0142 0.0121 0.0058 0.0064 0.0049 0.0140 0.0123 0.0102 0.0072 0.0098 0.0073 0.8467 0.0065 
     H9558.4  1 0.0260 0.0092 0.0030 0.0042 0.0114 0.0085 0.0053 0.0063 0.0046 0.0069 0.0042 0.0054 0.0044 0.0057 0.0192 0.0067 0.0058 0.8560 0.0073 
     H9558.5  1 0.0179 0.0117 0.0058 0.0024 0.0170 0.0064 0.0097 0.0031 0.0063 0.0104 0.0049 0.0115 0.0037 0.0092 0.0058 0.0055 0.0196 0.8439 0.0051 
     H9558.6  1 0.0086 0.0114 0.0053 0.0058 0.0061 0.0065 0.0088 0.0080 0.0045 0.0089 0.0073 0.0097 0.0621 0.0183 0.0066 0.0136 0.0529 0.7271 0.0285 
    kos339.1  1 0.0086 0.0040 0.8771 0.0047 0.0058 0.0122 0.0082 0.0048 0.0041 0.0063 0.0037 0.0035 0.0132 0.0037 0.0068 0.0107 0.0063 0.0061 0.0103 
    kos339.2  1 0.0038 0.0062 0.8960 0.0058 0.0038 0.0078 0.0077 0.0039 0.0064 0.0047 0.0058 0.0062 0.0099 0.0063 0.0065 0.0052 0.0063 0.0043 0.0035 
    kos339.3  1 0.0047 0.0033 0.9214 0.0046 0.0037 0.0074 0.0074 0.0034 0.0036 0.0034 0.0038 0.0033 0.0046 0.0032 0.0043 0.0051 0.0046 0.0040 0.0041 
    kos339.4  1 0.0039 0.0042 0.9152 0.0055 0.0039 0.0063 0.0075 0.0035 0.0047 0.0046 0.0046 0.0039 0.0043 0.0042 0.0059 0.0044 0.0052 0.0042 0.0041 
    kos339.5  1 0.0069 0.0032 0.9079 0.0047 0.0049 0.0060 0.0044 0.0040 0.0040 0.0047 0.0052 0.0044 0.0069 0.0045 0.0045 0.0082 0.0050 0.0050 0.0055 
    kos339.6  1 0.0043 0.0060 0.9152 0.0049 0.0037 0.0050 0.0074 0.0037 0.0044 0.0037 0.0050 0.0035 0.0059 0.0048 0.0037 0.0050 0.0057 0.0036 0.0046 
    kos339.7  1 0.0046 0.0035 0.9147 0.0060 0.0037 0.0131 0.0061 0.0038 0.0031 0.0038 0.0037 0.0029 0.0057 0.0038 0.0044 0.0035 0.0048 0.0044 0.0044 
    kos339.8  1 0.0043 0.0050 0.9031 0.0046 0.0049 0.0078 0.0136 0.0028 0.0051 0.0059 0.0043 0.0047 0.0042 0.0045 0.0047 0.0056 0.0080 0.0035 0.0036 
    kos339.9  1 0.0114 0.0049 0.8750 0.0080 0.0037 0.0067 0.0064 0.0048 0.0042 0.0041 0.0065 0.0071 0.0072 0.0062 0.0083 0.0091 0.0057 0.0089 0.0118 
      H008.1  2 0.0183 0.0064 0.0081 0.0073 0.0114 0.0120 0.0084 0.0057 0.0104 0.0088 0.0135 0.0176 0.7808 0.0114 0.0120 0.0057 0.0079 0.0393 0.0151 
      H008.2  2 0.1384 0.0834 0.0207 0.0114 0.0321 0.0323 0.0134 0.0536 0.0455 0.0293 0.0099 0.2372 0.0893 0.0160 0.0482 0.0142 0.0331 0.0574 0.0345 
      H008.3  2 0.1695 0.0305 0.0089 0.0196 0.0128 0.2539 0.0117 0.0672 0.0678 0.0389 0.0149 0.0633 0.0546 0.0610 0.0321 0.0151 0.0290 0.0155 0.0339 
      H008.4  2 0.0158 0.0493 0.0094 0.0165 0.0097 0.0122 0.0406 0.0176 0.0146 0.0423 0.0073 0.0263 0.5957 0.0280 0.0150 0.0093 0.0126 0.0333 0.0444 
      H008.5  2 0.0254 0.0159 0.0109 0.0095 0.0082 0.0323 0.0083 0.0169 0.0159 0.0433 0.0098 0.0228 0.6963 0.0267 0.0093 0.0107 0.0160 0.0110 0.0105 
      H008.6  2 0.0916 0.0815 0.0083 0.0157 0.0087 0.0308 0.0278 0.0258 0.0099 0.0339 0.0058 0.1982 0.2485 0.0259 0.0215 0.0144 0.0278 0.0400 0.0840 
      H008.7  2 0.0572 0.1067 0.0130 0.0138 0.0196 0.0368 0.0209 0.0157 0.0570 0.0480 0.0159 0.0808 0.3325 0.0296 0.0173 0.0131 0.0096 0.0316 0.0811 
      H008.8  2 0.0148 0.0108 0.0106 0.0252 0.0122 0.0134 0.0084 0.0235 0.0234 0.0090 0.0072 0.0240 0.1133 0.0140 0.2149 0.0164 0.0099 0.4065 0.0426 
      H008.9  2 0.0419 0.2070 0.0082 0.0296 0.0154 0.0372 0.0079 0.0203 0.0126 0.0205 0.0088 0.1497 0.0225 0.0527 0.0287 0.0156 0.0211 0.0207 0.2798 
 H029.1_2002  2 0.0096 0.0206 0.0081 0.0080 0.0143 0.0040 0.0533 0.0074 0.0119 0.0858 0.0069 0.0061 0.6465 0.0136 0.0144 0.0227 0.0088 0.0397 0.0182 
 H029.1_2003  2 0.0117 0.0124 0.0054 0.0112 0.0849 0.0238 0.0155 0.0087 0.0052 0.6392 0.0051 0.0112 0.0223 0.0847 0.0116 0.0129 0.0102 0.0099 0.0142 
 H029.2_2002  2 0.0180 0.0333 0.0371 0.0422 0.0234 0.0675 0.0065 0.0092 0.0249 0.0598 0.0044 0.0116 0.5397 0.0701 0.0054 0.0220 0.0084 0.0073 0.0091 
 H029.2_2003  2 0.0307 0.0193 0.0185 0.0194 0.1280 0.1393 0.0052 0.0126 0.0071 0.4008 0.0047 0.0159 0.1001 0.0321 0.0055 0.0191 0.0116 0.0085 0.0218 
 H029.3_2002  2 0.0087 0.1747 0.0258 0.0391 0.0604 0.3059 0.0085 0.0122 0.0205 0.0578 0.0051 0.0059 0.1736 0.0366 0.0158 0.0150 0.0180 0.0088 0.0076 
 H029.3_2003  2 0.0095 0.0076 0.0066 0.0090 0.0299 0.0246 0.0056 0.0062 0.0074 0.3822 0.0048 0.0300 0.4176 0.0205 0.0075 0.0068 0.0133 0.0056 0.0054 
 H029.4_2002  2 0.0065 0.0191 0.0072 0.0159 0.0347 0.0069 0.0123 0.0044 0.0163 0.0623 0.0054 0.0069 0.7663 0.0094 0.0067 0.0035 0.0077 0.0044 0.0042 
 H029.4_2003  2 0.0140 0.0128 0.0067 0.0077 0.1993 0.0115 0.0095 0.0107 0.0095 0.5713 0.0033 0.0126 0.0483 0.0129 0.0208 0.0072 0.0111 0.0246 0.0062 
 H029.5_2002  2 0.0067 0.0060 0.0067 0.0081 0.0076 0.0046 0.0108 0.0041 0.0138 0.0748 0.0082 0.0099 0.7819 0.0204 0.0057 0.0085 0.0074 0.0076 0.0071 
 H029.5_2003  2 0.0279 0.0092 0.0046 0.0094 0.0845 0.0088 0.0080 0.0043 0.0043 0.5177 0.0048 0.0280 0.2301 0.0169 0.0124 0.0057 0.0061 0.0096 0.0076 
 H029.6_2002  2 0.0057 0.0549 0.0057 0.0328 0.0423 0.0125 0.0092 0.0071 0.0239 0.3259 0.0057 0.0038 0.4152 0.0162 0.0139 0.0063 0.0081 0.0049 0.0061 
 H029.6_2003  2 0.0465 0.0087 0.0558 0.0198 0.0773 0.0581 0.0062 0.0072 0.0079 0.0784 0.0084 0.0426 0.4033 0.0744 0.0188 0.0219 0.0246 0.0175 0.0226 
      H029.7  2 0.0095 0.0289 0.0317 0.0551 0.0339 0.0142 0.0043 0.0101 0.0218 0.0393 0.0047 0.0082 0.6894 0.0117 0.0039 0.0130 0.0035 0.0076 0.0090 
      H030.1  2 0.0354 0.0052 0.0167 0.0130 0.0104 0.0106 0.0066 0.0103 0.0141 0.1097 0.0575 0.0801 0.0411 0.0072 0.0123 0.0547 0.4841 0.0063 0.0248 
      H030.2  2 0.0097 0.0608 0.0064 0.0083 0.0070 0.0133 0.1630 0.0043 0.1647 0.0368 0.0493 0.0148 0.0503 0.0044 0.0114 0.0094 0.3590 0.0170 0.0102 
      H038.1  2 0.0045 0.0264 0.0066 0.0074 0.0067 0.0056 0.0064 0.0089 0.0040 0.0066 0.0033 0.0040 0.8640 0.0082 0.0070 0.0066 0.0051 0.0124 0.0064 
      H038.2  2 0.0068 0.0053 0.0118 0.0044 0.0041 0.0071 0.0118 0.0027 0.0064 0.0057 0.0140 0.0064 0.8760 0.0080 0.0053 0.0083 0.0073 0.0040 0.0047 
      H038.3  2 0.0050 0.0372 0.0131 0.0091 0.0064 0.0077 0.0230 0.0046 0.0073 0.0049 0.0129 0.0109 0.7590 0.0065 0.0108 0.0439 0.0165 0.0143 0.0068 
      H038.4  2 0.0047 0.0342 0.0063 0.0093 0.0063 0.0062 0.0132 0.0041 0.0064 0.0054 0.0172 0.0089 0.8247 0.0096 0.0068 0.0158 0.0057 0.0089 0.0065 
      H038.5  2 0.0082 0.0259 0.0134 0.0085 0.0257 0.0067 0.0067 0.0035 0.0101 0.0093 0.0069 0.0074 0.7816 0.0078 0.0361 0.0069 0.0178 0.0126 0.0050 
      H038.6  2 0.0101 0.0099 0.0078 0.0036 0.0114 0.0076 0.0087 0.0055 0.0035 0.0102 0.0032 0.0056 0.8683 0.0058 0.0080 0.0068 0.0098 0.0079 0.0064 
      H038.7  2 0.0058 0.0108 0.0051 0.0049 0.0108 0.0134 0.0155 0.0034 0.0030 0.0051 0.0046 0.0084 0.8313 0.0048 0.0081 0.0405 0.0083 0.0110 0.0053 
      H038.8  2 0.0055 0.0798 0.0101 0.0083 0.0049 0.0078 0.0159 0.0041 0.0103 0.0040 0.0154 0.0078 0.7662 0.0055 0.0096 0.0189 0.0081 0.0105 0.0072 
      H041.1  2 0.0139 0.0397 0.1122 0.0261 0.0227 0.0090 0.0122 0.0200 0.0951 0.3085 0.0273 0.0918 0.1437 0.0056 0.0065 0.0318 0.0074 0.0077 0.0188 
      H041.2  2 0.0061 0.0176 0.0101 0.0199 0.0065 0.0083 0.0272 0.0060 0.0063 0.6966 0.0112 0.0580 0.0584 0.0219 0.0047 0.0116 0.0079 0.0070 0.0147 
      H041.4  2 0.0065 0.0227 0.0166 0.0378 0.0178 0.0056 0.0111 0.0180 0.0108 0.4582 0.0092 0.0321 0.2243 0.0399 0.0081 0.0092 0.0103 0.0194 0.0427 
      H041.6  2 0.0068 0.0182 0.0175 0.0324 0.0084 0.0088 0.0188 0.0319 0.0203 0.4573 0.0155 0.0155 0.1686 0.0176 0.0111 0.0153 0.0094 0.0947 0.0321 
 H042.1_2002  2 0.0154 0.0145 0.0111 0.0190 0.0052 0.0053 0.0223 0.0133 0.0062 0.7101 0.0508 0.0053 0.0102 0.0082 0.0133 0.0092 0.0086 0.0403 0.0316 
 H042.1_2003  2 0.0587 0.0865 0.0075 0.0370 0.0098 0.0137 0.0672 0.0157 0.0118 0.0545 0.0412 0.2831 0.0569 0.0324 0.0289 0.0560 0.0347 0.0623 0.0420 
 H042.2_2002  2 0.0127 0.0312 0.0109 0.0135 0.1226 0.0074 0.1599 0.0101 0.0113 0.4173 0.0092 0.0075 0.1082 0.0407 0.0075 0.0063 0.0061 0.0076 0.0098 
 H042.2_2003  2 0.0159 0.0062 0.0165 0.0404 0.0073 0.0066 0.0414 0.0091 0.0041 0.5024 0.0219 0.0270 0.1207 0.0367 0.0082 0.0172 0.0111 0.0575 0.0498 
 H042.3_2002  2 0.0303 0.0221 0.0156 0.0301 0.0175 0.0060 0.1768 0.0120 0.0060 0.4919 0.0353 0.0170 0.0095 0.0242 0.0147 0.0073 0.0111 0.0580 0.0146 
 H042.3_2003  2 0.0463 0.0357 0.0147 0.0400 0.1138 0.0127 0.1213 0.0134 0.0323 0.2907 0.0379 0.0279 0.0329 0.0092 0.0147 0.0096 0.0118 0.1129 0.0222 
 H042.4_2002  2 0.0082 0.0144 0.0234 0.0121 0.0117 0.0039 0.0083 0.0050 0.0076 0.7736 0.0217 0.0073 0.0211 0.0233 0.0053 0.0085 0.0089 0.0120 0.0236 
 H042.4_2003  2 0.0088 0.0079 0.0182 0.0194 0.0167 0.0050 0.0101 0.0234 0.0246 0.6259 0.0233 0.0105 0.0800 0.0137 0.0053 0.0419 0.0069 0.0336 0.0245 
      H042.5  2 0.0074 0.0031 0.0063 0.0182 0.0089 0.0042 0.0049 0.0104 0.0053 0.8733 0.0093 0.0068 0.0056 0.0060 0.0053 0.0060 0.0049 0.0084 0.0059 
      H042.6  2 0.0121 0.0108 0.0074 0.0104 0.0236 0.0041 0.0150 0.0498 0.0078 0.7413 0.0120 0.0054 0.0205 0.0054 0.0117 0.0146 0.0068 0.0308 0.0104 
      H042.7  2 0.0104 0.0051 0.0147 0.0878 0.0084 0.0052 0.1570 0.0083 0.0057 0.4778 0.0782 0.0173 0.0206 0.0220 0.0185 0.0261 0.0066 0.0192 0.0110 
      H042.8  2 0.0149 0.0186 0.0047 0.0126 0.0115 0.0041 0.0619 0.0141 0.0038 0.7304 0.0090 0.0235 0.0098 0.0309 0.0085 0.0058 0.0043 0.0173 0.0143 
   H042_2002  2 0.0289 0.0295 0.0065 0.0183 0.0353 0.0073 0.2133 0.0818 0.0057 0.0454 0.0152 0.0302 0.0882 0.0300 0.0234 0.0311 0.0091 0.2546 0.0463 
   H042_2003  2 0.0287 0.0319 0.0080 0.0175 0.0249 0.0066 0.1946 0.0722 0.0049 0.0629 0.0137 0.0301 0.0841 0.0359 0.0255 0.0384 0.0105 0.2604 0.0491 
      H043.1  2 0.0096 0.0412 0.0487 0.0075 0.0898 0.0057 0.0092 0.0084 0.0108 0.0063 0.0060 0.0143 0.0183 0.0038 0.0212 0.0211 0.0106 0.6625 0.0050 
      H043.2  2 0.0055 0.0199 0.0047 0.0116 0.0074 0.0087 0.0041 0.0085 0.0030 0.0045 0.0033 0.0057 0.0165 0.0055 0.0160 0.0061 0.0036 0.8604 0.0050 
      H043.3  2 0.0136 0.0159 0.0314 0.0087 0.0146 0.0109 0.0363 0.0132 0.0035 0.0080 0.0059 0.0208 0.1486 0.0041 0.0317 0.0640 0.0088 0.5477 0.0122 
      H043.4  2 0.0093 0.0188 0.0370 0.0106 0.0190 0.0057 0.0158 0.0183 0.0042 0.0064 0.0053 0.0119 0.0251 0.0048 0.0079 0.0310 0.0059 0.7512 0.0119 
      H043.5  2 0.0066 0.0483 0.0065 0.0104 0.0102 0.0094 0.0067 0.0038 0.0044 0.0049 0.0043 0.0139 0.0286 0.0086 0.0297 0.0084 0.0062 0.7809 0.0081 
      H043.6  2 0.0047 0.0294 0.0182 0.0045 0.0112 0.0055 0.0084 0.0041 0.0036 0.0058 0.0042 0.0044 0.0576 0.0050 0.0116 0.0084 0.0077 0.7988 0.0068 
      H043.7  2 0.0056 0.0162 0.0089 0.0057 0.0065 0.0044 0.0113 0.0166 0.0031 0.0058 0.0044 0.0124 0.0085 0.0026 0.0052 0.0302 0.0086 0.8355 0.0084 
      H043.8  2 0.0059 0.0084 0.0340 0.0123 0.0539 0.0089 0.0104 0.0074 0.0071 0.0050 0.0068 0.0127 0.0170 0.0042 0.0370 0.0124 0.0206 0.7303 0.0059 
      H043.9  2 0.0081 0.0202 0.0413 0.0053 0.1569 0.0062 0.0136 0.0151 0.0092 0.0120 0.0046 0.0142 0.0648 0.0041 0.0162 0.0213 0.0102 0.5686 0.0079 
      H047.1  2 0.0175 0.0059 0.0100 0.0101 0.0052 0.0074 0.0741 0.0070 0.0041 0.0051 0.0058 0.1501 0.4649 0.0050 0.0086 0.0076 0.0074 0.1987 0.0057 
      H047.2  2 0.0229 0.0037 0.0156 0.0100 0.0117 0.0052 0.0101 0.0086 0.0232 0.0112 0.0122 0.6340 0.1406 0.0157 0.0055 0.0388 0.0081 0.0105 0.0124 
      H047.3  2 0.0178 0.0045 0.0129 0.0123 0.0131 0.0082 0.0237 0.0123 0.0284 0.0161 0.0145 0.6218 0.1350 0.0204 0.0053 0.0207 0.0077 0.0114 0.0138 
      H047.4  2 0.0124 0.0044 0.0155 0.0158 0.0114 0.0144 0.0648 0.0081 0.0078 0.0456 0.0140 0.3200 0.3188 0.0144 0.0077 0.0682 0.0112 0.0250 0.0205 
      H047.5  2 0.0212 0.0039 0.0103 0.0079 0.0203 0.0074 0.0641 0.0473 0.0058 0.0079 0.0134 0.5022 0.1992 0.0182 0.0054 0.0166 0.0088 0.0323 0.0075 
      H047.6  2 0.0060 0.0050 0.0074 0.0086 0.0061 0.0050 0.0533 0.0053 0.0096 0.0461 0.0094 0.7540 0.0333 0.0156 0.0037 0.0113 0.0048 0.0070 0.0085 
      H047.7  2 0.0106 0.0113 0.0093 0.0146 0.0051 0.0067 0.2521 0.0055 0.0101 0.0148 0.0097 0.1333 0.3814 0.0079 0.0073 0.0063 0.0056 0.1006 0.0077 
      H047.8  2 0.0196 0.0041 0.0067 0.0110 0.0086 0.0080 0.0837 0.0117 0.0087 0.0421 0.0079 0.6393 0.0805 0.0118 0.0065 0.0155 0.0053 0.0207 0.0084 
      H047.9  2 0.0456 0.0038 0.0295 0.0349 0.0092 0.0076 0.1022 0.0478 0.0069 0.0078 0.0387 0.1072 0.4664 0.0079 0.0062 0.0104 0.0080 0.0451 0.0148 
 H071.1_2002  2 0.0069 0.0050 0.0181 0.0050 0.0069 0.0042 0.0062 0.0068 0.0042 0.0052 0.0041 0.0040 0.8724 0.0056 0.0052 0.0053 0.0061 0.0211 0.0076 
 H071.1_2003  2 0.0127 0.0122 0.0413 0.0091 0.0098 0.0056 0.0077 0.1175 0.0041 0.0088 0.0045 0.0164 0.5762 0.0128 0.0055 0.0324 0.0578 0.0422 0.0236 
     H071.10  2 0.0036 0.0083 0.0118 0.0045 0.0071 0.0044 0.0064 0.0042 0.0091 0.0047 0.0063 0.0036 0.8623 0.0036 0.0270 0.0047 0.0193 0.0050 0.0040 
 H071.2_2002  2 0.0091 0.0070 0.0075 0.0076 0.0080 0.0092 0.0099 0.0132 0.0036 0.0057 0.0033 0.0068 0.8370 0.0121 0.0127 0.0065 0.0096 0.0216 0.0097 
 H071.2_2003  2 0.0048 0.0032 0.0064 0.0054 0.0046 0.0033 0.0036 0.0056 0.0034 0.0052 0.0033 0.0040 0.9168 0.0039 0.0044 0.0048 0.0047 0.0070 0.0053 
      H071.3  2 0.0069 0.0090 0.0046 0.0059 0.0087 0.0139 0.0112 0.0061 0.0097 0.0077 0.0082 0.0653 0.7671 0.0046 0.0170 0.0137 0.0304 0.0059 0.0040 
 H071.4_2002  2 0.0055 0.0154 0.0253 0.0080 0.0165 0.0049 0.0085 0.0081 0.0079 0.0066 0.0126 0.0046 0.7933 0.0053 0.0340 0.0095 0.0149 0.0125 0.0066 
 H071.4_2003  2 0.0045 0.0029 0.0042 0.0055 0.0053 0.0056 0.0059 0.0044 0.0040 0.0043 0.0058 0.0060 0.9065 0.0029 0.0104 0.0045 0.0078 0.0055 0.0038 
 H071.5_2002  2 0.0042 0.0042 0.0085 0.0035 0.0052 0.0028 0.0067 0.0070 0.0064 0.0041 0.0056 0.0035 0.9060 0.0028 0.0072 0.0035 0.0081 0.0070 0.0039 
 H071.5_2003  2 0.0108 0.0037 0.0064 0.0085 0.0196 0.0063 0.0120 0.0075 0.0035 0.0055 0.0083 0.0088 0.8239 0.0032 0.0144 0.0148 0.0231 0.0122 0.0074 
 H071.6_2002  2 0.0049 0.0050 0.0064 0.0051 0.0094 0.0090 0.0136 0.0078 0.0043 0.0044 0.0053 0.0033 0.8487 0.0049 0.0409 0.0056 0.0102 0.0068 0.0044 
