      H105.1  1 0.0190 0.0095 0.0089 0.0134 0.8363 0.0057 0.0105 0.0087 0.0073 0.0234 0.0154 0.0207 0.0094 0.0119 
      H105.2  1 0.0461 0.0107 0.0125 0.0131 0.6421 0.0382 0.0108 0.0253 0.0214 0.0086 0.0134 0.0148 0.0110 0.1321 
      H105.3  1 0.0108 0.0091 0.0197 0.0168 0.8508 0.0164 0.0069 0.0066 0.0095 0.0072 0.0145 0.0099 0.0070 0.0146 
      H105.4  1 0.0278 0.0270 0.0096 0.0302 0.6618 0.0358 0.0057 0.0355 0.0157 0.0090 0.0325 0.0689 0.0098 0.0307 
      H105.5  1 0.0445 0.0724 0.0332 0.1031 0.1471 0.0761 0.0108 0.0941 0.0880 0.0513 0.0971 0.1057 0.0126 0.0638 
      H105.6  1 0.0068 0.0206 0.0083 0.0212 0.8502 0.0188 0.0047 0.0093 0.0084 0.0044 0.0121 0.0141 0.0103 0.0108 
      H105.7  1 0.0060 0.0064 0.0059 0.0099 0.8735 0.0050 0.0044 0.0067 0.0088 0.0105 0.0114 0.0205 0.0202 0.0108 
      H105.8  1 0.0183 0.0073 0.0074 0.0054 0.8604 0.0101 0.0092 0.0123 0.0048 0.0059 0.0077 0.0087 0.0276 0.0147 
      H115.1  1 0.0479 0.5254 0.1064 0.0568 0.0264 0.0178 0.0107 0.0652 0.0142 0.0316 0.0193 0.0108 0.0446 0.0228 
      H115.2  1 0.0156 0.6652 0.0253 0.0202 0.0181 0.0206 0.0151 0.1433 0.0203 0.0214 0.0080 0.0072 0.0110 0.0088 
      H115.3  1 0.0092 0.7748 0.0117 0.0148 0.0181 0.0318 0.0071 0.0690 0.0129 0.0169 0.0087 0.0079 0.0052 0.0119 
      H115.4  1 0.0253 0.0262 0.3840 0.0203 0.0107 0.0077 0.0077 0.3997 0.0240 0.0390 0.0142 0.0094 0.0063 0.0254 
      H115.5  1 0.0215 0.5259 0.0309 0.0256 0.0356 0.0104 0.0607 0.0266 0.0314 0.0379 0.0377 0.0313 0.0346 0.0898 
      H115.6  1 0.0080 0.6517 0.0332 0.0218 0.0111 0.0580 0.0216 0.0518 0.0526 0.0207 0.0155 0.0106 0.0166 0.0266 
      H115.7  1 0.0185 0.2144 0.0648 0.0524 0.0147 0.0571 0.0064 0.2014 0.1662 0.0324 0.0292 0.0117 0.0083 0.1226 
      H115.8  1 0.0114 0.7010 0.0180 0.0114 0.0223 0.0219 0.0778 0.0248 0.0164 0.0175 0.0090 0.0101 0.0318 0.0266 
      H115.9  1 0.0095 0.8624 0.0206 0.0102 0.0054 0.0096 0.0057 0.0087 0.0063 0.0141 0.0079 0.0105 0.0220 0.0069 
      H145.1  1 0.0058 0.0098 0.0089 0.0151 0.0044 0.0340 0.0422 0.0061 0.0096 0.0074 0.0075 0.8390 0.0066 0.0035 
      H145.2  1 0.0086 0.0106 0.0085 0.0133 0.0084 0.0123 0.0507 0.0092 0.0082 0.0059 0.0055 0.8485 0.0058 0.0046 
      H145.3  1 0.0047 0.0060 0.0050 0.0069 0.0036 0.0189 0.0620 0.0086 0.0075 0.0067 0.0049 0.8324 0.0221 0.0105 
      H145.4  1 0.0059 0.0049 0.0082 0.0135 0.0067 0.0130 0.0185 0.0061 0.0096 0.0061 0.0052 0.8910 0.0068 0.0046 
      H145.5  1 0.0066 0.0065 0.0087 0.0169 0.0053 0.0353 0.2601 0.0055 0.0169 0.0061 0.0054 0.6058 0.0100 0.0108 
      H145.6  1 0.0079 0.0072 0.0074 0.0153 0.0050 0.0090 0.0339 0.0081 0.0144 0.0070 0.0047 0.8606 0.0086 0.0109 
      H145.7  1 0.0054 0.0064 0.0072 0.0155 0.0052 0.0092 0.0081 0.0083 0.0093 0.0142 0.0051 0.8863 0.0074 0.0126 
      H149.1  1 0.0050 0.0048 0.0047 0.9394 0.0046 0.0059 0.0050 0.0044 0.0044 0.0049 0.0041 0.0045 0.0051 0.0033 
      H149.2  1 0.0047 0.0043 0.0051 0.9291 0.0044 0.0067 0.0035 0.0043 0.0076 0.0068 0.0051 0.0094 0.0045 0.0043 
      H149.3  1 0.0097 0.0065 0.0061 0.8716 0.0083 0.0098 0.0045 0.0063 0.0173 0.0142 0.0136 0.0177 0.0066 0.0077 
      H149.4  1 0.0138 0.0070 0.0061 0.8947 0.0117 0.0075 0.0070 0.0082 0.0080 0.0114 0.0058 0.0069 0.0051 0.0067 
      H149.5  1 0.0158 0.0031 0.0072 0.7981 0.0142 0.0062 0.0045 0.0099 0.0131 0.0750 0.0126 0.0167 0.0070 0.0168 
      H149.6  1 0.0042 0.0037 0.0042 0.9277 0.0058 0.0046 0.0052 0.0040 0.0081 0.0082 0.0068 0.0061 0.0035 0.0080 
      H149.7  1 0.0382 0.0054 0.0103 0.7908 0.0275 0.0091 0.0112 0.0125 0.0155 0.0298 0.0121 0.0082 0.0127 0.0167 
      H150.1  1 0.0056 0.7741 0.0070 0.0041 0.0246 0.0148 0.0162 0.0936 0.0213 0.0083 0.0074 0.0071 0.0092 0.0067 
      H150.2  1 0.0086 0.6082 0.0609 0.0132 0.0229 0.0112 0.0293 0.1636 0.0250 0.0157 0.0169 0.0046 0.0081 0.0117 
      H150.3  1 0.0112 0.6388 0.0580 0.0116 0.0208 0.0181 0.0202 0.0604 0.0707 0.0107 0.0174 0.0134 0.0190 0.0297 
      H150.4  1 0.0064 0.8702 0.0122 0.0036 0.0083 0.0076 0.0156 0.0118 0.0155 0.0074 0.0092 0.0102 0.0093 0.0126 
      H150.5  1 0.0146 0.4968 0.0098 0.0142 0.0511 0.0281 0.0084 0.2482 0.0381 0.0328 0.0244 0.0099 0.0078 0.0160 
      H150.6  1 0.0102 0.0533 0.0173 0.0120 0.1021 0.0328 0.0114 0.6451 0.0266 0.0389 0.0101 0.0058 0.0046 0.0298 
      H150.7  1 0.0045 0.8757 0.0060 0.0039 0.0106 0.0233 0.0117 0.0175 0.0126 0.0048 0.0061 0.0080 0.0104 0.0050 
   H169607.1  1 0.0870 0.0272 0.3333 0.0095 0.0115 0.0755 0.0235 0.0871 0.0179 0.0278 0.1727 0.0590 0.0222 0.0459 
   H169607.2  1 0.0293 0.0279 0.0282 0.0138 0.0087 0.1062 0.0054 0.0812 0.0114 0.0156 0.0706 0.5426 0.0497 0.0093 
   H169607.3  1 0.0508 0.0239 0.0385 0.0105 0.0099 0.0395 0.0167 0.0590 0.0139 0.1162 0.1760 0.3349 0.0503 0.0598 
   H169607.4  1 0.0228 0.0144 0.0124 0.0075 0.0101 0.4445 0.0067 0.0137 0.0066 0.0062 0.0729 0.3646 0.0088 0.0088 
   H169607.5  1 0.0088 0.0277 0.0198 0.0292 0.0085 0.0347 0.0126 0.4596 0.0111 0.0607 0.0975 0.1776 0.0410 0.0114 
   H169607.6  1 0.0540 0.0139 0.0166 0.0111 0.0089 0.0506 0.0050 0.0609 0.0098 0.0132 0.0474 0.6631 0.0310 0.0144 
   H169607.7  1 0.1282 0.0218 0.0805 0.0122 0.0175 0.0164 0.0080 0.3282 0.0085 0.0101 0.0673 0.2446 0.0405 0.0161 
   H169607.8  1 0.0544 0.0214 0.0157 0.0082 0.0051 0.1600 0.0056 0.0128 0.0070 0.0107 0.1276 0.5385 0.0160 0.0169 
   H169633.1  1 0.0187 0.0275 0.0327 0.7460 0.0199 0.0105 0.0343 0.0080 0.0201 0.0160 0.0051 0.0167 0.0124 0.0322 
   H169633.2  1 0.0282 0.0062 0.0842 0.6691 0.0261 0.0074 0.0127 0.0100 0.0245 0.0066 0.0059 0.0064 0.0353 0.0774 
   H169633.3  1 0.0055 0.0076 0.0097 0.8808 0.0167 0.0063 0.0063 0.0064 0.0212 0.0082 0.0065 0.0060 0.0108 0.0080 
   H169633.4  1 0.0090 0.0100 0.0068 0.8453 0.0126 0.0149 0.0295 0.0073 0.0156 0.0158 0.0081 0.0071 0.0066 0.0114 
   H169633.5  1 0.0083 0.0130 0.0079 0.8448 0.0178 0.0176 0.0181 0.0056 0.0134 0.0203 0.0057 0.0100 0.0071 0.0104 
   H169688.1  1 0.0201 0.0074 0.0316 0.0391 0.0063 0.0195 0.0050 0.0602 0.0064 0.0094 0.0110 0.2328 0.0135 0.5376 
   H169688.2  1 0.0954 0.0287 0.0067 0.0229 0.0191 0.0083 0.0154 0.2476 0.0073 0.0123 0.0101 0.0375 0.0205 0.4682 
   H169688.3  1 0.0550 0.0238 0.0689 0.0209 0.0089 0.0081 0.0066 0.5015 0.0080 0.0155 0.0063 0.0435 0.0068 0.2261 
   H169688.4  1 0.0239 0.4432 0.0154 0.0147 0.0087 0.0118 0.0199 0.3549 0.0071 0.0160 0.0076 0.0208 0.0130 0.0430 
   H169688.5  1 0.0215 0.4243 0.0124 0.0124 0.0092 0.0123 0.0161 0.3746 0.0062 0.0187 0.0080 0.0163 0.0127 0.0554 
   H169688.6  1 0.1148 0.0653 0.0192 0.0367 0.0281 0.0068 0.0415 0.3155 0.0048 0.0109 0.0070 0.1046 0.0125 0.2324 
   H169688.7  1 0.0710 0.0320 0.0531 0.0119 0.0091 0.0141 0.0112 0.5702 0.0146 0.0145 0.0100 0.1016 0.0133 0.0733 
   H171901.1  1 0.0143 0.0773 0.0196 0.0151 0.0236 0.0124 0.0591 0.2249 0.2092 0.0171 0.0151 0.0580 0.0165 0.2378 
   H171901.2  1 0.0078 0.0354 0.0073 0.7940 0.0206 0.0307 0.0084 0.0192 0.0151 0.0093 0.0115 0.0236 0.0099 0.0073 
   H171901.3  1 0.0152 0.0272 0.0065 0.8002 0.0092 0.0347 0.0092 0.0248 0.0091 0.0167 0.0078 0.0056 0.0116 0.0224 
   H171901.4  1 0.0107 0.0191 0.0130 0.7749 0.0416 0.0244 0.0070 0.0394 0.0075 0.0086 0.0209 0.0115 0.0099 0.0114 
   H171901.5  1 0.0163 0.0141 0.0097 0.7182 0.0245 0.0838 0.0073 0.0384 0.0086 0.0157 0.0345 0.0103 0.0082 0.0103 
   H171901.6  1 0.0220 0.0262 0.0119 0.6175 0.0566 0.1301 0.0065 0.0309 0.0135 0.0109 0.0394 0.0138 0.0115 0.0093 
   H171901.7  1 0.0083 0.0168 0.0082 0.8001 0.0073 0.0259 0.0071 0.0563 0.0110 0.0167 0.0072 0.0089 0.0154 0.0107 
   H171902.1  1 0.0253 0.0129 0.0200 0.0098 0.0070 0.8039 0.0468 0.0126 0.0074 0.0045 0.0118 0.0160 0.0145 0.0076 
  H171902.10  1 0.0309 0.0065 0.0054 0.0079 0.0038 0.8951 0.0084 0.0079 0.0063 0.0039 0.0047 0.0091 0.0041 0.0059 
   H171902.2  1 0.1602 0.0260 0.0230 0.0150 0.0371 0.3747 0.0439 0.0136 0.0129 0.0080 0.0398 0.0168 0.1156 0.1137 
   H171902.3  1 0.2730 0.0483 0.0330 0.0658 0.0108 0.4091 0.0146 0.0342 0.0180 0.0067 0.0321 0.0222 0.0182 0.0140 
   H171902.4  1 0.0076 0.0136 0.0091 0.0532 0.0085 0.8357 0.0188 0.0041 0.0104 0.0045 0.0060 0.0111 0.0112 0.0062 
   H171902.6  1 0.0249 0.0059 0.0068 0.0118 0.0032 0.8980 0.0089 0.0053 0.0074 0.0042 0.0054 0.0085 0.0044 0.0052 
   H171902.7  1 0.0092 0.0055 0.0102 0.0200 0.0075 0.8600 0.0203 0.0119 0.0094 0.0050 0.0131 0.0180 0.0047 0.0050 
   H171902.8  1 0.0606 0.0140 0.0082 0.0197 0.0058 0.8061 0.0160 0.0132 0.0105 0.0072 0.0116 0.0110 0.0082 0.0078 
   H171902.9  1 0.0110 0.0445 0.0120 0.0087 0.0103 0.8145 0.0350 0.0096 0.0064 0.0048 0.0103 0.0141 0.0133 0.0056 
   H171903.1  1 0.0077 0.0207 0.0202 0.0202 0.0132 0.0101 0.0057 0.1723 0.0069 0.0153 0.0440 0.6382 0.0165 0.0090 
   H171903.2  1 0.0102 0.0328 0.0210 0.0168 0.0442 0.0215 0.0149 0.1668 0.0082 0.0661 0.0442 0.4759 0.0671 0.0102 
   H171903.3  1 0.0149 0.0217 0.0538 0.1219 0.0248 0.0462 0.0217 0.3260 0.0325 0.1280 0.0566 0.0954 0.0437 0.0127 
   H171903.4  1 0.0130 0.0249 0.0125 0.0199 0.0233 0.2537 0.0078 0.2014 0.0905 0.0250 0.0484 0.1692 0.0096 0.1007 
   H171903.5  1 0.0435 0.0352 0.0525 0.0649 0.0183 0.0113 0.0137 0.4318 0.0117 0.1737 0.0460 0.0513 0.0314 0.0148 
   H171903.6  1 0.0168 0.0239 0.0084 0.0524 0.0077 0.0238 0.0060 0.5766 0.0065 0.0647 0.0867 0.0983 0.0173 0.0110 
      H177.1  1 0.0253 0.0336 0.0068 0.6292 0.0056 0.1201 0.0088 0.0402 0.0184 0.0183 0.0192 0.0226 0.0076 0.0444 
      H177.2  1 0.1702 0.0308 0.0192 0.1105 0.0090 0.0840 0.0175 0.0624 0.0157 0.0457 0.2950 0.0564 0.0700 0.0136 
      H177.3  1 0.1343 0.0387 0.0084 0.4178 0.0057 0.1695 0.0177 0.0432 0.0297 0.0182 0.0605 0.0370 0.0137 0.0057 
      H177.4  1 0.0587 0.0061 0.0076 0.6588 0.0277 0.0557 0.0086 0.0136 0.0128 0.0366 0.0481 0.0273 0.0083 0.0300 
      H177.5  1 0.0284 0.0165 0.0051 0.0778 0.0469 0.1053 0.0081 0.0641 0.0161 0.3170 0.0834 0.0472 0.0226 0.1614 
      H177.6  1 0.0610 0.0502 0.0128 0.5650 0.0054 0.1359 0.0212 0.0236 0.0340 0.0152 0.0352 0.0196 0.0149 0.0060 
      H179.1  1 0.8491 0.0104 0.0208 0.0144 0.0122 0.0097 0.0052 0.0131 0.0076 0.0105 0.0209 0.0059 0.0086 0.0116 
      H179.2  1 0.6900 0.0104 0.0860 0.0217 0.0104 0.0098 0.0051 0.0483 0.0144 0.0229 0.0472 0.0065 0.0182 0.0090 
      H179.3  1 0.6406 0.0302 0.0447 0.0107 0.0148 0.0132 0.0051 0.0751 0.0088 0.0317 0.0151 0.0135 0.0573 0.0390 
      H179.4  1 0.4912 0.0068 0.0163 0.2568 0.0127 0.0324 0.0059 0.0406 0.0116 0.0148 0.0260 0.0198 0.0365 0.0287 
      H180.1  1 0.0170 0.0077 0.0166 0.0056 0.0098 0.0058 0.0146 0.8610 0.0077 0.0137 0.0058 0.0060 0.0062 0.0225 
      H180.2  1 0.0133 0.0214 0.0086 0.0135 0.0271 0.0171 0.0146 0.8039 0.0069 0.0052 0.0112 0.0069 0.0066 0.0437 
      H180.3  1 0.0060 0.1917 0.0591 0.0143 0.0169 0.0055 0.0331 0.5560 0.0110 0.0198 0.0101 0.0147 0.0534 0.0084 
      H180.4  1 0.0437 0.0197 0.0113 0.0265 0.1472 0.0127 0.0321 0.6064 0.0251 0.0150 0.0076 0.0074 0.0225 0.0225 
      H180.5  1 0.0300 0.0264 0.0095 0.0115 0.0242 0.0144 0.0382 0.7304 0.0152 0.0096 0.0285 0.0127 0.0215 0.0280 
      H180.6  1 0.0112 0.0196 0.0125 0.0173 0.0260 0.0079 0.0679 0.1144 0.0522 0.0091 0.0152 0.0422 0.5867 0.0178 
      H181.1  1 0.3070 0.0102 0.0089 0.1778 0.0120 0.0334 0.0159 0.0257 0.0159 0.2004 0.0219 0.0525 0.0080 0.1104 
      H181.2  1 0.6563 0.0136 0.0206 0.0572 0.0145 0.0358 0.0182 0.0162 0.0375 0.0235 0.0094 0.0377 0.0064 0.0529 
      H181.3  1 0.7425 0.0076 0.0068 0.0392 0.0080 0.0313 0.0129 0.0106 0.0170 0.0087 0.0135 0.0224 0.0086 0.0711 
      H181.4  1 0.0656 0.0753 0.0116 0.1816 0.0106 0.0291 0.0054 0.0569 0.0270 0.3452 0.0964 0.0446 0.0150 0.0356 
      H181.5  1 0.7873 0.0053 0.0128 0.0208 0.0097 0.0076 0.0161 0.0070 0.0200 0.0157 0.0154 0.0080 0.0133 0.0609 
      H181.6  1 0.6988 0.0193 0.0441 0.0312 0.0349 0.0280 0.0053 0.0375 0.0168 0.0147 0.0238 0.0169 0.0120 0.0167 
      H181.7  1 0.8096 0.0121 0.0117 0.0400 0.0111 0.0140 0.0077 0.0210 0.0075 0.0195 0.0080 0.0138 0.0112 0.0128 
 H194.1_2004  1 0.0054 0.0187 0.0137 0.1540 0.0120 0.0131 0.0088 0.0869 0.1001 0.0119 0.0101 0.5372 0.0175 0.0105 
 H194.2_2004  1 0.0067 0.0091 0.0094 0.1230 0.0064 0.0324 0.0306 0.0324 0.1192 0.0613 0.0121 0.4386 0.0086 0.1103 
 H194.3_2004  1 0.0091 0.0064 0.0056 0.7923 0.0075 0.0281 0.0067 0.0065 0.0362 0.0070 0.0069 0.0725 0.0098 0.0053 
 H194.4_2004  1 0.0079 0.0069 0.0096 0.3456 0.0074 0.0331 0.0193 0.0104 0.0204 0.0112 0.0081 0.4381 0.0148 0.0673 
 H194.5_2004  1 0.0096 0.0068 0.0114 0.7395 0.0162 0.0191 0.0050 0.0119 0.0334 0.0081 0.0120 0.1012 0.0171 0.0086 
 H194.6_2004  1 0.0087 0.0107 0.0072 0.7738 0.0053 0.0406 0.0074 0.0088 0.0308 0.0123 0.0092 0.0338 0.0098 0.0417 
 H194.7_2004  1 0.0059 0.0103 0.0068 0.0677 0.0119 0.0057 0.0075 0.0232 0.0766 0.0237 0.0142 0.6488 0.0786 0.0190 
 H194.8_2004  1 0.0091 0.0106 0.0086 0.6006 0.0102 0.0300 0.0123 0.0110 0.0554 0.0232 0.0179 0.1051 0.0152 0.0910 
      H194.9  1 0.0053 0.0170 0.0110 0.0817 0.0113 0.0133 0.0151 0.0181 0.1487 0.0142 0.0144 0.5116 0.1216 0.0166 
 H195.1_2003  1 0.0115 0.0106 0.0162 0.0758 0.6054 0.0185 0.0047 0.0417 0.0425 0.0092 0.0180 0.1047 0.0097 0.0315 
 H195.1_2004  1 0.0470 0.0113 0.0077 0.0603 0.0130 0.0452 0.0512 0.0120 0.0895 0.0154 0.0069 0.6136 0.0070 0.0197 
 H195.2_2003  1 0.0133 0.0282 0.0121 0.0174 0.0506 0.0212 0.0111 0.0178 0.0078 0.0053 0.0223 0.7605 0.0215 0.0108 
 H195.2_2004  1 0.0081 0.0066 0.0129 0.0149 0.0125 0.0057 0.0360 0.0100 0.0155 0.0076 0.0105 0.8325 0.0147 0.0125 
 H195.3_2003  1 0.0128 0.0683 0.0094 0.0138 0.3089 0.0129 0.0085 0.0712 0.0135 0.0083 0.0722 0.3646 0.0134 0.0222 
 H195.3_2004  1 0.0097 0.0050 0.0065 0.0839 0.0135 0.0122 0.0153 0.0060 0.0135 0.0076 0.0050 0.8070 0.0067 0.0082 
 H195.4_2003  1 0.0111 0.0129 0.0296 0.0831 0.1871 0.0169 0.0044 0.0151 0.0988 0.0083 0.0158 0.4956 0.0110 0.0104 
 H195.4_2004  1 0.0069 0.0043 0.0063 0.0084 0.0081 0.0072 0.0065 0.0046 0.0088 0.0084 0.0059 0.8954 0.0134 0.0159 
 H195.5_2003  1 0.0119 0.0163 0.0089 0.0314 0.6943 0.0223 0.0051 0.0365 0.0460 0.0067 0.0128 0.0600 0.0057 0.0421 
 H195.5_2004  1 0.0143 0.0073 0.0077 0.0279 0.0183 0.0124 0.0344 0.0063 0.0178 0.0079 0.0057 0.8154 0.0066 0.0180 
 H195.6_2003  1 0.0062 0.0212 0.0074 0.0091 0.0980 0.0124 0.0076 0.0162 0.0075 0.0054 0.0111 0.7824 0.0058 0.0098 
 H195.6_2004  1 0.0144 0.0034 0.0101 0.0154 0.0118 0.0092 0.0196 0.0077 0.0106 0.0039 0.0056 0.8760 0.0066 0.0058 
 H195.7_2003  1 0.0307 0.0076 0.0556 0.0532 0.1003 0.0171 0.0047 0.0640 0.0266 0.0201 0.0367 0.4621 0.0299 0.0914 
 H195.7_2004  1 0.0284 0.0116 0.0086 0.0120 0.0169 0.0122 0.2356 0.0137 0.0283 0.0109 0.0064 0.5933 0.0051 0.0170 
      H195.8  1 0.0117 0.0097 0.0050 0.0088 0.0137 0.0084 0.0136 0.0111 0.0310 0.0099 0.0046 0.8296 0.0113 0.0315 
      H195.9  1 0.0101 0.0056 0.0061 0.0200 0.0088 0.0103 0.0071 0.0094 0.0128 0.0069 0.0087 0.8798 0.0078 0.0066 
      H415.1  1 0.0092 0.0702 0.6014 0.0666 0.0154 0.0328 0.0829 0.0126 0.0250 0.0116 0.0072 0.0156 0.0314 0.0180 
      H415.2  1 0.0137 0.0213 0.0555 0.1219 0.0098 0.6779 0.0132 0.0331 0.0091 0.0132 0.0115 0.0084 0.0075 0.0040 
      H415.3  1 0.0282 0.0067 0.7849 0.0680 0.0088 0.0222 0.0085 0.0195 0.0085 0.0110 0.0179 0.0043 0.0070 0.0046 
      H415.4  1 0.0050 0.0371 0.8019 0.0416 0.0088 0.0152 0.0133 0.0069 0.0255 0.0083 0.0060 0.0061 0.0156 0.0088 
      H415.5  1 0.0174 0.0060 0.6910 0.1544 0.0111 0.0188 0.0122 0.0221 0.0261 0.0118 0.0107 0.0066 0.0060 0.0057 
      H415.6  1 0.0048 0.0396 0.8126 0.0333 0.0099 0.0117 0.0130 0.0102 0.0170 0.0092 0.0080 0.0055 0.0167 0.0086 
      H415.7  1 0.0476 0.0157 0.3565 0.1378 0.0107 0.2040 0.0187 0.0130 0.0138 0.0150 0.1395 0.0126 0.0092 0.0057 
      H506.1  1 0.8407 0.0042 0.0144 0.0554 0.0086 0.0062 0.0099 0.0059 0.0048 0.0067 0.0208 0.0039 0.0078 0.0108 
      H506.2  1 0.8781 0.0051 0.0081 0.0397 0.0059 0.0081 0.0057 0.0041 0.0048 0.0064 0.0161 0.0073 0.0059 0.0047 
      H506.3  1 0.8499 0.0047 0.0199 0.0180 0.0128 0.0053 0.0276 0.0050 0.0055 0.0085 0.0183 0.0045 0.0086 0.0113 
      H506.4  1 0.7962 0.0061 0.0270 0.0444 0.0118 0.0055 0.0177 0.0077 0.0049 0.0103 0.0342 0.0065 0.0151 0.0126 
      H506.5  1 0.8650 0.0043 0.0147 0.0412 0.0076 0.0062 0.0070 0.0051 0.0031 0.0049 0.0230 0.0072 0.0055 0.0053 
      H506.6  1 0.8784 0.0097 0.0099 0.0083 0.0055 0.0113 0.0125 0.0054 0.0057 0.0124 0.0130 0.0106 0.0074 0.0099 
      H506.7  1 0.8639 0.0044 0.0113 0.0514 0.0106 0.0061 0.0069 0.0045 0.0038 0.0047 0.0113 0.0055 0.0073 0.0083 
      H533.1  1 0.8750 0.0039 0.0095 0.0421 0.0061 0.0046 0.0102 0.0118 0.0044 0.0087 0.0069 0.0042 0.0056 0.0067 
      H533.2  1 0.8389 0.0041 0.0108 0.0788 0.0058 0.0059 0.0123 0.0069 0.0043 0.0074 0.0068 0.0042 0.0068 0.0070 
      H533.3  1 0.7765 0.0071 0.0159 0.0674 0.0061 0.0119 0.0109 0.0348 0.0046 0.0268 0.0141 0.0085 0.0088 0.0065 
      H533.4  1 0.5524 0.0102 0.0242 0.2236 0.0081 0.0198 0.0228 0.0560 0.0084 0.0178 0.0097 0.0159 0.0107 0.0206 
      H535.1  1 0.0231 0.0115 0.0136 0.7714 0.0059 0.0351 0.0051 0.0119 0.0305 0.0140 0.0304 0.0294 0.0096 0.0084 
      H535.2  1 0.0531 0.0055 0.0058 0.7014 0.0222 0.0096 0.0040 0.0101 0.0121 0.0263 0.0191 0.0361 0.0523 0.0425 
      H535.3  1 0.0549 0.0138 0.0050 0.6091 0.0662 0.0150 0.0071 0.0175 0.0101 0.0168 0.0224 0.0476 0.0480 0.0665 
      H535.4  1 0.0036 0.0042 0.0070 0.9189 0.0134 0.0055 0.0038 0.0065 0.0084 0.0050 0.0057 0.0057 0.0046 0.0076 
      H535.5  1 0.0076 0.0046 0.0111 0.8980 0.0081 0.0056 0.0037 0.0087 0.0072 0.0100 0.0097 0.0122 0.0051 0.0084 
      H535.6  1 0.0289 0.0143 0.0116 0.5196 0.0064 0.0434 0.0062 0.0182 0.0834 0.0310 0.0285 0.1284 0.0201 0.0599 
      H535.7  1 0.0095 0.0063 0.0065 0.8932 0.0169 0.0057 0.0077 0.0077 0.0062 0.0072 0.0067 0.0091 0.0080 0.0092 
      H535.8  1 0.0126 0.0088 0.0085 0.7940 0.0227 0.0068 0.0063 0.0111 0.0069 0.0114 0.0106 0.0192 0.0247 0.0562 
      H535.9  1 0.0160 0.0236 0.0074 0.7723 0.0381 0.0249 0.0097 0.0172 0.0189 0.0094 0.0232 0.0196 0.0101 0.0097 
      H539.1  1 0.0030 0.9421 0.0042 0.0029 0.0039 0.0077 0.0056 0.0043 0.0044 0.0037 0.0045 0.0062 0.0042 0.0033 
      H539.2  1 0.0153 0.1292 0.0198 0.0103 0.0085 0.0122 0.0177 0.7007 0.0074 0.0195 0.0087 0.0102 0.0144 0.0260 
      H539.3  1 0.0077 0.7330 0.0065 0.0096 0.0115 0.0167 0.0245 0.0321 0.0125 0.0100 0.0085 0.0701 0.0337 0.0235 
      H539.4  1 0.0079 0.8940 0.0079 0.0062 0.0092 0.0069 0.0111 0.0158 0.0055 0.0110 0.0073 0.0036 0.0074 0.0061 
      H539.5  1 0.0033 0.9289 0.0045 0.0044 0.0036 0.0060 0.0065 0.0054 0.0047 0.0046 0.0079 0.0066 0.0090 0.0045 
      H539.6  1 0.0037 0.9038 0.0057 0.0042 0.0046 0.0085 0.0060 0.0161 0.0086 0.0052 0.0077 0.0076 0.0123 0.0058 
      H539.7  1 0.0054 0.9278 0.0043 0.0047 0.0050 0.0083 0.0044 0.0106 0.0053 0.0048 0.0048 0.0048 0.0044 0.0054 
      H539.8  1 0.0122 0.7255 0.0083 0.0198 0.0403 0.0153 0.0376 0.0355 0.0198 0.0193 0.0108 0.0112 0.0125 0.0319 
      H539.9  1 0.0046 0.9285 0.0056 0.0034 0.0054 0.0062 0.0084 0.0054 0.0034 0.0067 0.0041 0.0058 0.0081 0.0045 
      H540.1  1 0.0108 0.7995 0.0054 0.0118 0.0050 0.0203 0.0108 0.0302 0.0066 0.0296 0.0399 0.0172 0.0075 0.0054 
      H540.2  1 0.0078 0.9046 0.0069 0.0070 0.0040 0.0104 0.0043 0.0104 0.0068 0.0106 0.0117 0.0064 0.0057 0.0036 
      H540.3  1 0.0166 0.5480 0.0148 0.0165 0.0092 0.0577 0.1717 0.0113 0.0527 0.0324 0.0369 0.0066 0.0050 0.0206 
      H540.4  1 0.0223 0.8169 0.0140 0.0088 0.0053 0.0108 0.0041 0.0407 0.0160 0.0219 0.0181 0.0077 0.0061 0.0074 
      H540.5  1 0.0114 0.8619 0.0070 0.0135 0.0046 0.0119 0.0177 0.0095 0.0100 0.0128 0.0161 0.0066 0.0073 0.0097 
      H540.6  1 0.0293 0.7590 0.0124 0.0161 0.0055 0.0193 0.0135 0.0169 0.0232 0.0329 0.0292 0.0141 0.0116 0.0172 
      H540.7  1 0.0076 0.8624 0.0089 0.0132 0.0066 0.0120 0.0046 0.0281 0.0086 0.0176 0.0108 0.0060 0.0088 0.0047 
      H540.8  1 0.0092 0.5745 0.0089 0.0592 0.0058 0.0426 0.0075 0.1808 0.0171 0.0474 0.0169 0.0190 0.0071 0.0040 
     H9558.1  1 0.0080 0.9010 0.0095 0.0051 0.0049 0.0131 0.0055 0.0123 0.0068 0.0043 0.0052 0.0126 0.0047 0.0071 
     H9558.2  1 0.0099 0.8902 0.0095 0.0054 0.0100 0.0086 0.0077 0.0080 0.0060 0.0064 0.0077 0.0106 0.0116 0.0085 
     H9558.3  1 0.0062 0.8800 0.0109 0.0057 0.0152 0.0076 0.0134 0.0083 0.0078 0.0073 0.0095 0.0103 0.0112 0.0068 
     H9558.4  1 0.0100 0.8920 0.0096 0.0061 0.0060 0.0087 0.0078 0.0239 0.0052 0.0060 0.0053 0.0073 0.0056 0.0067 
     H9558.5  1 0.0075 0.8767 0.0111 0.0072 0.0102 0.0053 0.0151 0.0168 0.0067 0.0214 0.0065 0.0035 0.0041 0.0081 
     H9558.6  1 0.0053 0.7670 0.0091 0.0068 0.0098 0.0257 0.0145 0.0066 0.0120 0.0571 0.0099 0.0079 0.0637 0.0046 
    kos339.1  1 0.0215 0.0131 0.0185 0.8303 0.0061 0.0166 0.0055 0.0105 0.0053 0.0160 0.0263 0.0051 0.0183 0.0070 
    kos339.2  1 0.0110 0.0073 0.0225 0.8678 0.0093 0.0063 0.0097 0.0046 0.0085 0.0127 0.0085 0.0071 0.0164 0.0082 
    kos339.3  1 0.0047 0.0060 0.0118 0.9281 0.0046 0.0037 0.0041 0.0066 0.0035 0.0062 0.0064 0.0043 0.0058 0.0042 
    kos339.4  1 0.0050 0.0061 0.0159 0.9128 0.0046 0.0039 0.0060 0.0068 0.0062 0.0075 0.0063 0.0059 0.0069 0.0060 
    kos339.5  1 0.0075 0.0083 0.0098 0.8924 0.0073 0.0081 0.0035 0.0082 0.0068 0.0091 0.0204 0.0046 0.0077 0.0062 
    kos339.6  1 0.0064 0.0052 0.0118 0.9100 0.0044 0.0054 0.0085 0.0048 0.0070 0.0090 0.0098 0.0059 0.0063 0.0055 
    kos339.7  1 0.0054 0.0047 0.0097 0.9329 0.0033 0.0043 0.0049 0.0049 0.0044 0.0057 0.0058 0.0041 0.0058 0.0040 
    kos339.8  1 0.0104 0.0047 0.0263 0.8816 0.0077 0.0058 0.0082 0.0086 0.0058 0.0102 0.0108 0.0046 0.0062 0.0092 
    kos339.9  1 0.0072 0.0165 0.0110 0.8820 0.0105 0.0078 0.0050 0.0101 0.0075 0.0065 0.0095 0.0083 0.0123 0.0058 
      H008.1  2 0.0125 0.0326 0.0099 0.0085 0.0218 0.0117 0.0069 0.0201 0.0101 0.0080 0.0065 0.0078 0.8342 0.0095 
      H008.2  2 0.0698 0.0757 0.0180 0.0257 0.2602 0.0625 0.1319 0.1185 0.0104 0.0206 0.0128 0.0330 0.1237 0.0373 
      H008.3  2 0.0607 0.0172 0.0230 0.0306 0.0882 0.0349 0.0536 0.3353 0.0219 0.0269 0.0183 0.0518 0.1058 0.1320 
      H008.4  2 0.0123 0.0228 0.0377 0.0140 0.0225 0.0228 0.0386 0.0133 0.0178 0.0134 0.0117 0.0103 0.7402 0.0227 
      H008.5  2 0.0115 0.0106 0.0126 0.0211 0.0200 0.0105 0.0132 0.0214 0.0117 0.0121 0.0136 0.0138 0.8102 0.0177 
      H008.6  2 0.0243 0.0375 0.0247 0.0191 0.1785 0.1045 0.1115 0.0534 0.0098 0.0232 0.0297 0.0258 0.3458 0.0122 
      H008.7  2 0.0322 0.0397 0.0220 0.0177 0.0892 0.0662 0.0966 0.0315 0.0365 0.0091 0.0159 0.0116 0.4492 0.0826 
      H008.8  2 0.0510 0.5584 0.0148 0.0121 0.0230 0.0259 0.0165 0.0237 0.0120 0.0088 0.0164 0.0278 0.1937 0.0159 
      H008.9  2 0.0218 0.0219 0.0114 0.0211 0.1854 0.2795 0.2451 0.0467 0.0246 0.0143 0.0218 0.0391 0.0475 0.0198 
 H029.1_2002  2 0.0120 0.0339 0.0176 0.0101 0.0070 0.0146 0.0203 0.0081 0.0116 0.0094 0.0335 0.0054 0.7942 0.0224 
 H029.1_2003  2 0.0745 0.0156 0.0150 0.0238 0.0144 0.0349 0.0235 0.0365 0.0152 0.0336 0.0273 0.0116 0.6454 0.0286 
 H029.2_2002  2 0.0215 0.0053 0.0067 0.0893 0.0072 0.0187 0.0240 0.0073 0.0082 0.0069 0.0224 0.0147 0.7412 0.0265 
 H029.2_2003  2 0.0618 0.0103 0.0085 0.1000 0.0086 0.0451 0.0304 0.0265 0.0063 0.0464 0.0363 0.0165 0.5921 0.0111 
 H029.3_2002  2 0.1087 0.0066 0.0110 0.0929 0.0067 0.0128 0.1270 0.0109 0.0085 0.0313 0.0195 0.0206 0.4959 0.0475 
 H029.3_2003  2 0.0230 0.0059 0.0062 0.0140 0.0219 0.0046 0.0064 0.0106 0.0112 0.0158 0.0138 0.0065 0.8454 0.0147 
 H029.4_2002  2 0.0086 0.0041 0.0068 0.0051 0.0070 0.0041 0.0123 0.0066 0.0072 0.0057 0.0036 0.0054 0.9117 0.0119 
 H029.4_2003  2 0.0308 0.0307 0.0177 0.0111 0.0215 0.0094 0.0314 0.0400 0.0091 0.0226 0.0110 0.0096 0.7251 0.0299 
 H029.5_2002  2 0.0079 0.0094 0.0076 0.0056 0.0146 0.0085 0.0051 0.0051 0.0154 0.0090 0.0140 0.0043 0.8765 0.0170 
 H029.5_2003  2 0.0162 0.0097 0.0074 0.0077 0.0107 0.0112 0.0082 0.0159 0.0075 0.0097 0.0061 0.0048 0.8767 0.0084 
 H029.6_2002  2 0.0210 0.0045 0.0056 0.0060 0.0040 0.0056 0.0237 0.0057 0.0122 0.0090 0.0075 0.0072 0.8542 0.0336 
 H029.6_2003  2 0.0724 0.0124 0.0065 0.0703 0.0158 0.0204 0.0065 0.0216 0.0190 0.0202 0.0499 0.0113 0.6605 0.0132 
      H029.7  2 0.0116 0.0053 0.0056 0.0312 0.0070 0.0103 0.0173 0.0056 0.0057 0.0050 0.0117 0.0173 0.8417 0.0246 
      H030.1  2 0.0164 0.0083 0.0068 0.0119 0.0664 0.0200 0.0049 0.0125 0.0157 0.7139 0.0769 0.0096 0.0203 0.0165 
      H030.2  2 0.0112 0.0148 0.2514 0.0070 0.0384 0.0118 0.0896 0.0220 0.0218 0.3017 0.0099 0.0065 0.0732 0.1407 
      H038.1  2 0.0070 0.0102 0.0079 0.0072 0.0044 0.0068 0.0248 0.0058 0.0047 0.0068 0.0073 0.0091 0.8935 0.0046 
      H038.2  2 0.0052 0.0053 0.0088 0.0130 0.0103 0.0070 0.0070 0.0067 0.0110 0.0103 0.0136 0.0034 0.8921 0.0063 
      H038.3  2 0.0072 0.0189 0.0219 0.0121 0.0139 0.0110 0.0418 0.0080 0.0139 0.0205 0.0448 0.0074 0.7723 0.0064 
      H038.4  2 0.0096 0.0136 0.0143 0.0110 0.0128 0.0098 0.0286 0.0062 0.0207 0.0067 0.0231 0.0066 0.8307 0.0064 
      H038.5  2 0.0136 0.0127 0.0048 0.0106 0.0078 0.0048 0.0340 0.0119 0.0096 0.0140 0.0092 0.0057 0.8500 0.0113 
      H038.6  2 0.0065 0.0094 0.0058 0.0073 0.0059 0.0058 0.0078 0.0118 0.0036 0.0091 0.0079 0.0045 0.9094 0.0051 
      H038.7  2 0.0078 0.0151 0.0125 0.0104 0.0119 0.0073 0.0098 0.0077 0.0045 0.0106 0.0433 0.0043 0.8514 0.0036 
      H038.8  2 0.0070 0.0149 0.0188 0.0121 0.0074 0.0100 0.0914 0.0085 0.0198 0.0186 0.0238 0.0048 0.7560 0.0069 
      H041.1  2 0.0133 0.0078 0.0279 0.0161 0.1379 0.0162 0.0328 0.0154 0.0322 0.0104 0.0385 0.0444 0.3728 0.2346 
      H041.2  2 0.0104 0.0107 0.0927 0.0174 0.2713 0.0200 0.0167 0.0059 0.0655 0.0145 0.0345 0.0097 0.3873 0.0436 
      H041.4  2 0.0154 0.0147 0.0167 0.0106 0.0303 0.0251 0.0179 0.0106 0.0291 0.0113 0.0158 0.0341 0.7414 0.0272 
      H041.6  2 0.0102 0.0661 0.0316 0.0131 0.0275 0.0393 0.0133 0.0066 0.0272 0.0190 0.0287 0.0407 0.6125 0.0642 
 H042.1_2002  2 0.0061 0.1023 0.1411 0.0189 0.0105 0.0549 0.0095 0.0253 0.0673 0.0257 0.0157 0.0246 0.0124 0.4859 
 H042.1_2003  2 0.0162 0.0796 0.0927 0.0152 0.3212 0.0942 0.0843 0.0347 0.0371 0.0361 0.0751 0.0179 0.0725 0.0233 
 H042.2_2002  2 0.0224 0.0078 0.4025 0.0192 0.0069 0.0060 0.0268 0.0158 0.0222 0.0111 0.0061 0.0159 0.3503 0.0870 
 H042.2_2003  2 0.0111 0.0935 0.0783 0.0486 0.0776 0.0521 0.0062 0.0189 0.1559 0.0181 0.0686 0.0176 0.3352 0.0183 
 H042.3_2002  2 0.0072 0.0207 0.6209 0.0093 0.0120 0.0088 0.0081 0.0323 0.0174 0.0533 0.0084 0.0231 0.0086 0.1699 
 H042.3_2003  2 0.0117 0.0552 0.5014 0.0092 0.0225 0.0102 0.0225 0.1431 0.0195 0.0259 0.0087 0.0214 0.0670 0.0817 
 H042.4_2002  2 0.0134 0.0348 0.0203 0.0617 0.0132 0.0589 0.0147 0.0151 0.1554 0.0593 0.0194 0.0100 0.0650 0.4586 
 H042.4_2003  2 0.0117 0.0957 0.0098 0.0162 0.0213 0.0652 0.0064 0.0196 0.0639 0.0211 0.1261 0.0600 0.1533 0.3299 
      H042.5  2 0.0085 0.0284 0.0104 0.0137 0.0264 0.0147 0.0039 0.0291 0.0203 0.0099 0.0204 0.0620 0.0100 0.7424 
      H042.6  2 0.0115 0.0841 0.0295 0.0116 0.0072 0.0206 0.0085 0.0375 0.0151 0.0424 0.0286 0.0996 0.0327 0.5711 
      H042.7  2 0.0096 0.0276 0.3455 0.0086 0.0220 0.0116 0.0049 0.0184 0.1107 0.0078 0.1250 0.0492 0.0539 0.2050 
      H042.8  2 0.0096 0.0231 0.1924 0.0118 0.0465 0.0170 0.0289 0.0253 0.0448 0.0079 0.0074 0.0281 0.0417 0.5153 
   H042_2002  2 0.0180 0.3487 0.2158 0.0097 0.0362 0.0483 0.0328 0.0573 0.0205 0.0163 0.0546 0.0557 0.0743 0.0116 
   H042_2003  2 0.0178 0.3331 0.1948 0.0097 0.0328 0.0635 0.0341 0.0500 0.0282 0.0138 0.0602 0.0741 0.0762 0.0117 
      H043.1  2 0.0125 0.8215 0.0111 0.0146 0.0245 0.0082 0.0266 0.0186 0.0037 0.0076 0.0134 0.0072 0.0211 0.0093 
      H043.2  2 0.0076 0.9006 0.0053 0.0066 0.0057 0.0075 0.0172 0.0066 0.0044 0.0038 0.0038 0.0109 0.0162 0.0039 
      H043.3  2 0.0171 0.6456 0.0438 0.0085 0.0161 0.0124 0.0128 0.0102 0.0050 0.0080 0.0746 0.0094 0.1306 0.0059 
      H043.4  2 0.0068 0.8495 0.0175 0.0137 0.0114 0.0125 0.0179 0.0074 0.0047 0.0068 0.0161 0.0127 0.0167 0.0064 
      H043.5  2 0.0136 0.8268 0.0143 0.0076 0.0140 0.0086 0.0499 0.0069 0.0051 0.0052 0.0074 0.0054 0.0303 0.0050 
      H043.6  2 0.0060 0.8570 0.0095 0.0099 0.0039 0.0091 0.0332 0.0049 0.0054 0.0071 0.0065 0.0046 0.0383 0.0046 
      H043.7  2 0.0047 0.8977 0.0107 0.0042 0.0114 0.0083 0.0108 0.0039 0.0044 0.0064 0.0164 0.0090 0.0089 0.0032 
      H043.8  2 0.0202 0.8554 0.0190 0.0119 0.0092 0.0057 0.0074 0.0074 0.0053 0.0170 0.0074 0.0074 0.0183 0.0084 
      H043.9  2 0.0171 0.8051 0.0182 0.0128 0.0202 0.0077 0.0131 0.0118 0.0038 0.0109 0.0182 0.0096 0.0399 0.0115 
      H047.1  2 0.0051 0.1861 0.0449 0.0165 0.2545 0.0055 0.0064 0.0233 0.0051 0.0062 0.0105 0.0113 0.4187 0.0058 
      H047.2  2 0.0181 0.0091 0.0077 0.0154 0.8173 0.0120 0.0043 0.0054 0.0109 0.0065 0.0195 0.0070 0.0566 0.0102 
      H047.3  2 0.0172 0.0166 0.0230 0.0097 0.7657 0.0100 0.0042 0.0091 0.0202 0.0083 0.0249 0.0123 0.0596 0.0193 
      H047.4  2 0.0118 0.0167 0.0288 0.0154 0.5192 0.0183 0.0036 0.0069 0.0201 0.0095 0.0832 0.0096 0.2474 0.0095 
      H047.5  2 0.0135 0.0363 0.0468 0.0147 0.6372 0.0079 0.0045 0.0133 0.0198 0.0096 0.0276 0.0316 0.1295 0.0076 
      H047.6  2 0.0054 0.0086 0.0145 0.0087 0.8708 0.0123 0.0045 0.0034 0.0143 0.0052 0.0107 0.0066 0.0246 0.0104 
      H047.7  2 0.0051 0.1101 0.1209 0.0124 0.2285 0.0041 0.0086 0.0188 0.0145 0.0058 0.0091 0.0100 0.4422 0.0099 
      H047.8  2 0.0108 0.0297 0.0393 0.0092 0.7631 0.0103 0.0043 0.0120 0.0117 0.0046 0.0171 0.0146 0.0607 0.0126 
      H047.9  2 0.0067 0.0605 0.0956 0.0325 0.2546 0.0124 0.0049 0.0181 0.0245 0.0100 0.0313 0.0607 0.3813 0.0069 
 H071.1_2002  2 0.0055 0.0239 0.0081 0.0150 0.0042 0.0096 0.0052 0.0079 0.0050 0.0109 0.0076 0.0067 0.8854 0.0048 
 H071.1_2003  2 0.0064 0.0458 0.0115 0.0376 0.0159 0.0203 0.0085 0.0140 0.0070 0.0479 0.0479 0.0854 0.6464 0.0054 
     H071.10  2 0.0081 0.0067 0.0109 0.0060 0.0038 0.0046 0.0072 0.0068 0.0052 0.0169 0.0051 0.0053 0.9040 0.0093 
 H071.2_2002  2 0.0085 0.0148 0.0084 0.0105 0.0061 0.0098 0.0070 0.0070 0.0060 0.0072 0.0061 0.0114 0.8924 0.0047 
 H071.2_2003  2 0.0045 0.0065 0.0051 0.0072 0.0048 0.0048 0.0029 0.0051 0.0040 0.0054 0.0059 0.0064 0.9330 0.0044 
      H071.3  2 0.0064 0.0064 0.0132 0.0054 0.0195 0.0050 0.0078 0.0081 0.0071 0.0186 0.0101 0.0065 0.8795 0.0065 
 H071.4_2002  2 0.0068 0.0164 0.0164 0.0077 0.0056 0.0090 0.0140 0.0085 0.0080 0.0131 0.0065 0.0070 0.8741 0.0067 
 H071.4_2003  2 0.0062 0.0054 0.0070 0.0051 0.0058 0.0045 0.0028 0.0085 0.0047 0.0083 0.0052 0.0068 0.9252 0.0046 
 H071.5_2002  2 0.0052 0.0069 0.0102 0.0061 0.0038 0.0051 0.0046 0.0049 0.0048 0.0075 0.0067 0.0046 0.9249 0.0049 
 H071.5_2003  2 0.0085 0.0119 0.0155 0.0068 0.0094 0.0102 0.0041 0.0139 0.0070 0.0213 0.0185 0.0116 0.8563 0.0051 
 H071.6_2002  2 0.0099 0.0061 0.0214 0.0057 0.0045 0.0050 0.0053 0.0072 0.0055 0.0077 0.0088 0.0082 0.8999 0.0048 
 H071.6_2003  2 0.0053 0.0117 0.0105 0.0055 0.0052 0.0063 0.0033 0.0086 0.0043 0.0229 0.0172 0.0043 0.8905 0.0043 
 H071.7_2002  2 0.0054 0.0101 0.0103 0.0042 0.0075 0.0060 0.0039 0.0057 0.0036 0.0044 0.0102 0.0052 0.9195 0.0038 
 H071.7_2003  2 0.0059 0.0139 0.0094 0.0088 0.0072 0.0091 0.0046 0.0098 0.0093 0.0330 0.0126 0.0109 0.8604 0.0051 
      H071.8  2 0.0076 0.0078 0.0059 0.0074 0.0084 0.0062 0.0063 0.0064 0.0060 0.0049 0.0050 0.0139 0.9096 0.0045 
      H071.9  2 0.0291 0.0206 0.0175 0.0086 0.0079 0.0088 0.0148 0.0095 0.0159 0.0275 0.0095 0.0122 0.8076 0.0105 
 H081.1_2002  2 0.0049 0.0097 0.0074 0.0063 0.0049 0.0072 0.0039 0.0045 0.0066 0.0065 0.0068 0.0093 0.9176 0.0044 
 H081.1_2003  2 0.0425 0.0343 0.0251 0.0340 0.0132 0.2286 0.2705 0.0153 0.0177 0.0788 0.1474 0.0138 0.0549 0.0238 
 H081.2_2002  2 0.0061 0.0115 0.0062 0.0058 0.0066 0.0073 0.0048 0.0054 0.0053 0.0050 0.0144 0.0429 0.8732 0.0055 
 H081.2_2003  2 0.0122 0.0316 0.0110 0.0078 0.0118 0.0211 0.0105 0.0445 0.0101 0.6879 0.0209 0.0677 0.0444 0.0186 
 H081.3_2002  2 0.0089 0.0094 0.0058 0.0089 0.0122 0.0095 0.0070 0.0054 0.0084 0.0118 0.0122 0.0399 0.8549 0.0058 
 H081.3_2003  2 0.0501 0.3476 0.0107 0.0274 0.0169 0.0259 0.0138 0.0290 0.0183 0.3823 0.0102 0.0290 0.0227 0.0162 
 H081.4_2002  2 0.0064 0.0072 0.0090 0.0109 0.0076 0.0050 0.0041 0.0079 0.0057 0.0108 0.0098 0.0069 0.9030 0.0056 
 H081.4_2003  2 0.0427 0.0436 0.0180 0.0556 0.0093 0.1087 0.0178 0.0237 0.0315 0.4489 0.1224 0.0232 0.0327 0.0219 
 H081.5_2002  2 0.0078 0.0105 0.0061 0.0082 0.0068 0.0078 0.0058 0.0065 0.0045 0.0214 0.0142 0.0069 0.8893 0.0042 
 H081.5_2003  2 0.0255 0.0589 0.0322 0.0327 0.0200 0.1108 0.0186 0.0117 0.0220 0.1423 0.4143 0.0452 0.0431 0.0227 
      H081.6  2 0.0057 0.0109 0.0129 0.0092 0.0045 0.0070 0.0042 0.0062 0.0056 0.0071 0.0125 0.0108 0.8996 0.0038 
      H081.7  2 0.0092 0.0087 0.0081 0.0077 0.0097 0.0095 0.0050 0.0065 0.0089 0.0096 0.0141 0.0520 0.8455 0.0056 
      H081.8  2 0.0193 0.0082 0.0158 0.0121 0.0118 0.0092 0.0119 0.0065 0.0117 0.0431 0.0162 0.0211 0.8014 0.0118 
      H083.1  2 0.0134 0.0059 0.0179 0.0180 0.0078 0.0055 0.0083 0.0075 0.0061 0.0076 0.0119 0.0056 0.8704 0.0141 
      H083.2  2 0.0160 0.0327 0.0119 0.0096 0.0311 0.0116 0.0085 0.0138 0.0083 0.0098 0.0116 0.0186 0.8011 0.0155 
      H083.4  2 0.0412 0.0101 0.0097 0.0045 0.0141 0.0078 0.0158 0.0126 0.0132 0.0073 0.0083 0.0176 0.8044 0.0334 
      H083.5  2 0.0088 0.0068 0.0062 0.0087 0.0111 0.0081 0.0244 0.0075 0.0095 0.0073 0.0119 0.0127 0.8473 0.0297 
      H083.6  2 0.0359 0.0056 0.0086 0.0181 0.0060 0.0055 0.0097 0.0113 0.0149 0.0122 0.0084 0.0140 0.8045 0.0453 
      H083.7  2 0.0189 0.0102 0.0097 0.0053 0.0117 0.0086 0.0146 0.0165 0.0198 0.0059 0.0072 0.0233 0.7849 0.0634 
      H083.8  2 0.0126 0.0216 0.0072 0.0155 0.0562 0.0119 0.0056 0.0091 0.0086 0.0054 0.0097 0.0192 0.8001 0.0173 
      H083.9  2 0.0112 0.0050 0.0060 0.0088 0.0093 0.0068 0.0076 0.0064 0.0087 0.0072 0.0103 0.0088 0.8576 0.0464 
      H084.1  2 0.0139 0.0091 0.0142 0.0077 0.0132 0.0168 0.0578 0.0092 0.0139 0.8087 0.0072 0.0064 0.0112 0.0106 
      H084.2  2 0.0184 0.0135 0.0068 0.0062 0.0061 0.0147 0.0540 0.0093 0.0058 0.8272 0.0079 0.0041 0.0127 0.0133 
      H084.3  2 0.0219 0.0094 0.0368 0.0382 0.0117 0.0148 0.2327 0.0129 0.1626 0.3946 0.0267 0.0072 0.0069 0.0237 
      H084.4  2 0.0140 0.0096 0.0235 0.0118 0.0336 0.0212 0.1755 0.0092 0.0464 0.5682 0.0565 0.0071 0.0131 0.0103 
      H084.5  2 0.0166 0.0077 0.1763 0.0139 0.0321 0.0140 0.0281 0.0062 0.0423 0.6181 0.0228 0.0087 0.0063 0.0068 
      H084.6  2 0.0125 0.0065 0.0370 0.0315 0.0290 0.0097 0.1433 0.0048 0.0971 0.5759 0.0116 0.0097 0.0059 0.0255 
      H084.7  2 0.0171 0.0069 0.0064 0.0059 0.0064 0.0090 0.0118 0.0079 0.0070 0.8942 0.0074 0.0049 0.0070 0.0084 
      H084.8  2 0.0127 0.0062 0.0258 0.0129 0.0392 0.0110 0.0517 0.0080 0.1016 0.6956 0.0129 0.0092 0.0050 0.0082 
 H085.1_2002  2 0.0103 0.0156 0.0138 0.0151 0.0056 0.0359 0.0211 0.0087 0.0101 0.0173 0.0112 0.6882 0.0943 0.0528 
 H085.1_2003  2 0.0685 0.0089 0.0087 0.0087 0.0237 0.0104 0.0153 0.0157 0.0274 0.0127 0.0448 0.0957 0.5807 0.0789 
 H085.2_2002  2 0.0164 0.0201 0.0165 0.0152 0.0067 0.1054 0.0482 0.0075 0.0159 0.0228 0.0111 0.6301 0.0228 0.0614 
 H085.2_2003  2 0.0160 0.0076 0.0118 0.0116 0.0365 0.0151 0.0116 0.0144 0.0092 0.0169 0.0391 0.0176 0.7507 0.0418 
 H085.3_2002  2 0.0056 0.0090 0.0064 0.0049 0.0083 0.0138 0.0059 0.0065 0.0111 0.0056 0.0337 0.8569 0.0100 0.0222 
 H085.3_2003  2 0.0091 0.0099 0.0096 0.0065 0.0137 0.0058 0.0054 0.0184 0.0079 0.0151 0.0924 0.0500 0.7485 0.0077 
 H085.4_2002  2 0.0134 0.0402 0.0188 0.0163 0.0053 0.0399 0.0340 0.0181 0.0165 0.0206 0.0131 0.5070 0.2182 0.0386 
 H085.4_2003  2 0.0075 0.0239 0.0515 0.0127 0.0110 0.0342 0.0070 0.0064 0.0193 0.0259 0.0468 0.0094 0.7329 0.0117 
 H085.5_2002  2 0.0060 0.0125 0.0065 0.0057 0.0056 0.0080 0.0045 0.0083 0.0083 0.0051 0.0284 0.8833 0.0104 0.0073 
 H085.5_2003  2 0.0133 0.0077 0.0078 0.0087 0.0121 0.0089 0.0069 0.0179 0.0063 0.0165 0.0143 0.0128 0.8429 0.0239 
 H085.6_2002  2 0.0123 0.0113 0.0069 0.0094 0.0099 0.0338 0.0095 0.0061 0.0070 0.0080 0.0212 0.8305 0.0175 0.0165 
 H085.6_2003  2 0.0074 0.0130 0.0131 0.0101 0.0228 0.0182 0.0071 0.0081 0.0245 0.0091 0.7799 0.0293 0.0506 0.0068 
 H085.7_2002  2 0.0104 0.0118 0.0072 0.0117 0.0356 0.0922 0.0137 0.0074 0.0075 0.0154 0.0574 0.6283 0.0610 0.0403 
 H085.7_2003  2 0.0144 0.0099 0.0157 0.0087 0.0167 0.0081 0.0085 0.0198 0.0154 0.0059 0.0408 0.0151 0.8079 0.0131 
 H085.8_2002  2 0.0088 0.0125 0.0109 0.0052 0.0095 0.0393 0.0111 0.0077 0.0193 0.0092 0.1484 0.6940 0.0160 0.0082 
 H085.8_2003  2 0.0269 0.0179 0.0346 0.0250 0.0401 0.0530 0.0168 0.0150 0.0364 0.0318 0.0802 0.0361 0.3009 0.2853 
      H085.9  2 0.0068 0.0149 0.0132 0.0095 0.0089 0.0292 0.0203 0.0077 0.0114 0.0176 0.0260 0.7303 0.0852 0.0192 
      H088.1  2 0.0410 0.0175 0.0101 0.0241 0.0137 0.0379 0.0068 0.0595 0.0874 0.0347 0.0125 0.0248 0.0167 0.6134 
      H088.2  2 0.0300 0.0174 0.0253 0.0342 0.0181 0.0547 0.0091 0.0135 0.0312 0.0320 0.0956 0.0584 0.0110 0.5696 
      H088.3  2 0.0281 0.0105 0.0159 0.0118 0.0389 0.0353 0.0070 0.0108 0.0145 0.0252 0.0729 0.0188 0.0081 0.7022 
      H088.4  2 0.0337 0.0343 0.0221 0.0185 0.0307 0.0153 0.0122 0.0491 0.0152 0.2244 0.1295 0.0051 0.0447 0.3652 
      H088.5  2 0.0136 0.0214 0.0143 0.0093 0.0135 0.0172 0.0057 0.0136 0.0250 0.0345 0.0108 0.0070 0.0110 0.8032 
      H088.6  2 0.0299 0.0117 0.0169 0.0249 0.0306 0.0143 0.0073 0.0293 0.0609 0.0761 0.0117 0.0089 0.0364 0.6411 
      H088.7  2 0.0236 0.0089 0.0240 0.0172 0.3842 0.0164 0.0112 0.0172 0.0331 0.0215 0.0397 0.0173 0.1574 0.2284 
      H088.8  2 0.0421 0.0114 0.0145 0.0294 0.1205 0.0198 0.0116 0.0654 0.0819 0.0537 0.0238 0.0114 0.3074 0.2071 
      H091.1  2 0.0202 0.0164 0.0287 0.0191 0.0107 0.0105 0.0055 0.0186 0.0240 0.0082 0.0299 0.0103 0.0190 0.7789 
      H091.2  2 0.0202 0.0126 0.0722 0.0184 0.0075 0.0091 0.0048 0.0139 0.0276 0.0052 0.0168 0.0121 0.0354 0.7441 
      H109.1  2 0.2183 0.0900 0.0429 0.0097 0.2271 0.0139 0.0650 0.0658 0.0245 0.0991 0.0158 0.0299 0.0226 0.0753 
      H109.2  2 0.0690 0.0779 0.0358 0.0122 0.0670 0.0113 0.0281 0.0314 0.0254 0.5010 0.0353 0.0163 0.0644 0.0249 
      H109.3  2 0.0290 0.0237 0.0242 0.0727 0.5916 0.0075 0.0193 0.0302 0.0186 0.0652 0.0538 0.0214 0.0326 0.0101 
      H109.4  2 0.0899 0.1069 0.0387 0.0152 0.1385 0.0127 0.0551 0.1818 0.0308 0.2042 0.0309 0.0219 0.0447 0.0286 
      H109.5  2 0.0169 0.0192 0.0332 0.1612 0.1972 0.0112 0.0049 0.0168 0.0288 0.1444 0.0568 0.0256 0.2695 0.0144 
      H109.6  2 0.1015 0.1440 0.0485 0.0345 0.1629 0.0238 0.0234 0.0345 0.0365 0.2363 0.0499 0.0316 0.0553 0.0173 
      H126.1  2 0.0464 0.2937 0.2861 0.0172 0.0157 0.0428 0.0085 0.1144 0.0243 0.0131 0.0331 0.0804 0.0118 0.0126 
      H126.2  2 0.0136 0.1312 0.0169 0.0136 0.0147 0.0141 0.0485 0.1858 0.0141 0.0140 0.0316 0.0299 0.4584 0.0136 
      H126.3  2 0.0331 0.0321 0.3271 0.0082 0.0079 0.0130 0.0130 0.0186 0.0116 0.0052 0.0066 0.0164 0.4877 0.0194 
      H126.4  2 0.0226 0.4941 0.0415 0.0256 0.0142 0.0153 0.0099 0.2492 0.0136 0.0149 0.0118 0.0273 0.0368 0.0231 
      H126.5  2 0.0129 0.2622 0.1442 0.0294 0.0064 0.0257 0.0063 0.1530 0.0086 0.0083 0.1330 0.0266 0.1730 0.0103 
      H126.6  2 0.0135 0.0267 0.0324 0.0325 0.0086 0.0174 0.0052 0.0058 0.0052 0.0042 0.0279 0.0348 0.7759 0.0099 
      H126.7  2 0.0106 0.0114 0.0125 0.0082 0.0059 0.0053 0.0034 0.0275 0.0052 0.0065 0.0133 0.0288 0.8539 0.0074 
      H130.1  2 0.0086 0.0259 0.0055 0.0061 0.0123 0.8312 0.0068 0.0279 0.0093 0.0177 0.0174 0.0110 0.0085 0.0117 
      H130.2  2 0.0467 0.0126 0.0077 0.0085 0.0399 0.1426 0.0081 0.0146 0.0167 0.6145 0.0174 0.0170 0.0270 0.0266 
      H130.3  2 0.0200 0.0072 0.0043 0.0068 0.0196 0.7228 0.0061 0.0294 0.0076 0.1220 0.0055 0.0057 0.0301 0.0128 
      H130.4  2 0.0402 0.0314 0.0059 0.0220 0.0116 0.7544 0.0191 0.0343 0.0110 0.0262 0.0097 0.0122 0.0078 0.0142 
      H130.5  2 0.0149 0.0263 0.0055 0.0098 0.0089 0.5020 0.0047 0.0152 0.0188 0.2616 0.0289 0.0222 0.0515 0.0298 
      H133.1  2 0.2778 0.0696 0.0155 0.0137 0.0821 0.0921 0.1128 0.0343 0.0122 0.1390 0.0550 0.0206 0.0553 0.0200 
      H133.2  2 0.0501 0.1865 0.0207 0.0844 0.1764 0.0541 0.0113 0.0162 0.0072 0.2453 0.0643 0.0499 0.0193 0.0145 
