      H105.1  1 0.0222 0.0086 0.0097 0.0334 0.0177 0.0140 0.0067 0.0096 0.8193 0.0338 0.0110 0.0095 0.0045 
      H105.2  1 0.0196 0.0146 0.1031 0.0793 0.0163 0.0104 0.0254 0.0100 0.6704 0.0116 0.0140 0.0116 0.0136 
      H105.3  1 0.0173 0.0142 0.0131 0.0090 0.0097 0.0094 0.0091 0.0070 0.8695 0.0058 0.0166 0.0111 0.0081 
      H105.4  1 0.0327 0.0089 0.0419 0.0387 0.0532 0.0104 0.0168 0.0051 0.6637 0.0080 0.0583 0.0333 0.0290 
      H105.5  1 0.0831 0.0314 0.0401 0.1307 0.0894 0.0121 0.1009 0.0113 0.1590 0.0567 0.1640 0.0989 0.0225 
      H105.6  1 0.0169 0.0088 0.0092 0.0072 0.0152 0.0085 0.0128 0.0045 0.8542 0.0043 0.0148 0.0297 0.0139 
      H105.7  1 0.0079 0.0046 0.0138 0.0064 0.0190 0.0171 0.0095 0.0046 0.8763 0.0152 0.0117 0.0070 0.0067 
      H105.8  1 0.0111 0.0096 0.0122 0.0231 0.0088 0.0266 0.0057 0.0075 0.8650 0.0069 0.0071 0.0074 0.0090 
      H115.1  1 0.0545 0.0537 0.0224 0.0154 0.0119 0.0502 0.0115 0.0073 0.0144 0.0302 0.0104 0.6706 0.0476 
      H115.2  1 0.0098 0.0181 0.0079 0.0112 0.0069 0.0081 0.0156 0.0129 0.0108 0.0114 0.0069 0.8429 0.0376 
      H115.3  1 0.0075 0.0084 0.0069 0.0115 0.0075 0.0060 0.0095 0.0051 0.0085 0.0153 0.0070 0.8901 0.0166 
      H115.4  1 0.0436 0.5822 0.0272 0.0766 0.0144 0.0073 0.0210 0.0077 0.0164 0.0544 0.0131 0.0867 0.0495 
      H115.5  1 0.0389 0.0246 0.0687 0.0310 0.0222 0.0270 0.0216 0.0527 0.0324 0.0297 0.0162 0.6238 0.0113 
      H115.6  1 0.0130 0.0282 0.0200 0.0168 0.0140 0.0126 0.0300 0.0123 0.0118 0.0215 0.0114 0.7838 0.0247 
      H115.7  1 0.0197 0.0450 0.0591 0.0185 0.0143 0.0056 0.1528 0.0078 0.0127 0.0389 0.0245 0.4938 0.1071 
      H115.8  1 0.0138 0.0167 0.0152 0.0242 0.0087 0.0379 0.0130 0.0603 0.0152 0.0204 0.0081 0.7575 0.0091 
      H115.9  1 0.0094 0.0153 0.0050 0.0062 0.0085 0.0202 0.0061 0.0054 0.0057 0.0162 0.0072 0.8862 0.0085 
      H145.1  1 0.0123 0.0128 0.0033 0.0077 0.8647 0.0057 0.0065 0.0432 0.0058 0.0082 0.0128 0.0088 0.0083 
      H145.2  1 0.0166 0.0100 0.0045 0.0072 0.8596 0.0064 0.0096 0.0367 0.0076 0.0080 0.0072 0.0144 0.0121 
      H145.3  1 0.0072 0.0060 0.0093 0.0064 0.8419 0.0192 0.0067 0.0700 0.0045 0.0067 0.0111 0.0070 0.0041 
      H145.4  1 0.0124 0.0084 0.0045 0.0051 0.8818 0.0073 0.0157 0.0290 0.0053 0.0077 0.0095 0.0061 0.0073 
      H145.5  1 0.0149 0.0082 0.0073 0.0086 0.6142 0.0097 0.0132 0.2891 0.0046 0.0052 0.0115 0.0059 0.0076 
      H145.6  1 0.0119 0.0076 0.0090 0.0062 0.8797 0.0085 0.0126 0.0303 0.0060 0.0076 0.0050 0.0080 0.0076 
      H145.7  1 0.0117 0.0060 0.0081 0.0066 0.9054 0.0076 0.0114 0.0080 0.0051 0.0125 0.0058 0.0059 0.0059 
      H149.1  1 0.9291 0.0053 0.0041 0.0061 0.0051 0.0063 0.0064 0.0074 0.0061 0.0060 0.0067 0.0063 0.0050 
      H149.2  1 0.9060 0.0057 0.0067 0.0051 0.0120 0.0054 0.0153 0.0043 0.0058 0.0122 0.0092 0.0060 0.0063 
      H149.3  1 0.8525 0.0077 0.0096 0.0070 0.0155 0.0108 0.0263 0.0070 0.0085 0.0214 0.0128 0.0106 0.0102 
      H149.4  1 0.8854 0.0059 0.0104 0.0090 0.0096 0.0083 0.0080 0.0057 0.0117 0.0107 0.0108 0.0105 0.0140 
      H149.5  1 0.8296 0.0068 0.0191 0.0083 0.0190 0.0066 0.0214 0.0049 0.0127 0.0479 0.0125 0.0040 0.0073 
      H149.6  1 0.9021 0.0063 0.0131 0.0062 0.0096 0.0043 0.0132 0.0061 0.0068 0.0140 0.0076 0.0042 0.0066 
      H149.7  1 0.7727 0.0138 0.0239 0.0147 0.0154 0.0125 0.0362 0.0098 0.0209 0.0307 0.0116 0.0070 0.0308 
      H150.1  1 0.0037 0.0061 0.0084 0.0099 0.0078 0.0101 0.0108 0.0149 0.0132 0.0067 0.0087 0.8791 0.0207 
      H150.2  1 0.0090 0.0386 0.0129 0.0161 0.0047 0.0080 0.0161 0.0262 0.0209 0.0133 0.0095 0.8069 0.0178 
      H150.3  1 0.0073 0.0493 0.0215 0.0222 0.0135 0.0184 0.0443 0.0165 0.0154 0.0106 0.0147 0.7397 0.0266 
      H150.4  1 0.0043 0.0148 0.0111 0.0077 0.0107 0.0120 0.0147 0.0150 0.0078 0.0074 0.0066 0.8804 0.0076 
      H150.5  1 0.0094 0.0095 0.0190 0.0285 0.0087 0.0085 0.0197 0.0082 0.0320 0.0229 0.0163 0.7656 0.0518 
      H150.6  1 0.0113 0.0191 0.0450 0.0996 0.0077 0.0046 0.0394 0.0158 0.1073 0.0611 0.0166 0.3006 0.2719 
      H150.7  1 0.0039 0.0081 0.0046 0.0060 0.0074 0.0079 0.0071 0.0101 0.0080 0.0040 0.0068 0.9206 0.0055 
   H169607.1  1 0.0115 0.3546 0.0534 0.1080 0.0652 0.0241 0.0203 0.0265 0.0088 0.0244 0.2186 0.0522 0.0325 
   H169607.2  1 0.0130 0.0285 0.0164 0.0270 0.4073 0.0424 0.0135 0.0051 0.0100 0.0170 0.0940 0.0427 0.2831 
   H169607.3  1 0.0243 0.0403 0.0987 0.0646 0.2801 0.0664 0.0227 0.0126 0.0112 0.1551 0.1576 0.0416 0.0247 
   H169607.4  1 0.0057 0.0118 0.0111 0.0564 0.4638 0.0081 0.0110 0.0085 0.0088 0.0081 0.2812 0.0260 0.0996 
   H169607.5  1 0.0227 0.0271 0.0131 0.0103 0.1572 0.0504 0.0170 0.0096 0.0084 0.1297 0.1543 0.0725 0.3280 
   H169607.6  1 0.0118 0.0191 0.0235 0.0741 0.5896 0.0263 0.0103 0.0048 0.0115 0.0150 0.0643 0.0168 0.1326 
   H169607.7  1 0.0124 0.1713 0.0256 0.1935 0.1704 0.0697 0.0095 0.0065 0.0203 0.0147 0.0342 0.0361 0.2358 
   H169607.8  1 0.0065 0.0121 0.0149 0.0657 0.5144 0.0141 0.0093 0.0058 0.0055 0.0077 0.2705 0.0203 0.0532 
   H169633.1  1 0.7316 0.0342 0.0365 0.0203 0.0190 0.0156 0.0279 0.0410 0.0193 0.0131 0.0073 0.0279 0.0064 
   H169633.2  1 0.7191 0.0695 0.0499 0.0287 0.0071 0.0390 0.0161 0.0108 0.0300 0.0072 0.0060 0.0059 0.0106 
   H169633.3  1 0.8437 0.0124 0.0077 0.0103 0.0087 0.0167 0.0355 0.0079 0.0208 0.0133 0.0064 0.0087 0.0079 
   H169633.4  1 0.8212 0.0125 0.0078 0.0077 0.0123 0.0079 0.0204 0.0307 0.0141 0.0297 0.0081 0.0211 0.0065 
   H169633.5  1 0.8196 0.0100 0.0081 0.0081 0.0153 0.0069 0.0222 0.0281 0.0138 0.0267 0.0105 0.0210 0.0098 
   H169688.1  1 0.0262 0.0331 0.6053 0.0393 0.2137 0.0108 0.0085 0.0054 0.0055 0.0085 0.0118 0.0089 0.0229 
   H169688.2  1 0.0138 0.0079 0.5547 0.2827 0.0201 0.0136 0.0088 0.0157 0.0178 0.0102 0.0096 0.0197 0.0256 
   H169688.3  1 0.0106 0.0894 0.2018 0.5467 0.0330 0.0058 0.0095 0.0064 0.0094 0.0229 0.0081 0.0223 0.0342 
   H169688.4  1 0.0127 0.0153 0.0769 0.3719 0.0206 0.0128 0.0078 0.0219 0.0116 0.0190 0.0104 0.3983 0.0211 
   H169688.5  1 0.0127 0.0204 0.0622 0.3725 0.0219 0.0164 0.0075 0.0189 0.0127 0.0219 0.0103 0.4054 0.0172 
   H169688.6  1 0.0574 0.0185 0.3310 0.2485 0.1027 0.0108 0.0046 0.0710 0.0276 0.0079 0.0082 0.0478 0.0640 
   H169688.7  1 0.0084 0.0578 0.0335 0.7603 0.0458 0.0098 0.0109 0.0086 0.0055 0.0089 0.0101 0.0173 0.0230 
   H171901.1  1 0.0138 0.0244 0.2585 0.0686 0.0544 0.0144 0.2873 0.0675 0.0298 0.0190 0.0182 0.1146 0.0296 
   H171901.2  1 0.6473 0.0106 0.0106 0.0559 0.0659 0.0165 0.0288 0.0122 0.0259 0.0129 0.0245 0.0637 0.0251 
   H171901.3  1 0.6948 0.0109 0.0589 0.0605 0.0106 0.0109 0.0115 0.0070 0.0069 0.0215 0.0119 0.0594 0.0352 
   H171901.4  1 0.6752 0.0197 0.0176 0.0722 0.0132 0.0151 0.0125 0.0066 0.0494 0.0110 0.0301 0.0372 0.0402 
   H171901.5  1 0.4459 0.0146 0.0120 0.0936 0.0151 0.0085 0.0169 0.0079 0.0226 0.0155 0.0508 0.0209 0.2757 
   H171901.6  1 0.3687 0.0147 0.0117 0.0491 0.0231 0.0117 0.0184 0.0060 0.0599 0.0108 0.0605 0.0366 0.3289 
   H171901.7  1 0.5596 0.0097 0.0135 0.0315 0.0103 0.0223 0.0197 0.0074 0.0127 0.0215 0.0094 0.0197 0.2627 
   H171902.1  1 0.0272 0.0348 0.0244 0.0320 0.0317 0.0230 0.0090 0.1851 0.0074 0.0084 0.2073 0.0386 0.3709 
  H171902.10  1 0.0305 0.0084 0.0184 0.0251 0.0347 0.0067 0.0106 0.0163 0.0040 0.0057 0.0329 0.0129 0.7939 
   H171902.2  1 0.0380 0.0208 0.2548 0.0497 0.0208 0.1054 0.0119 0.0900 0.0372 0.0120 0.1840 0.0313 0.1443 
   H171902.3  1 0.0671 0.0283 0.0176 0.1516 0.0248 0.0185 0.0187 0.0182 0.0124 0.0058 0.0499 0.0263 0.5607 
   H171902.4  1 0.1658 0.0158 0.0190 0.0085 0.0251 0.0221 0.0343 0.1028 0.0181 0.0101 0.3726 0.0441 0.1616 
   H171902.6  1 0.0358 0.0106 0.0091 0.0117 0.0190 0.0070 0.0221 0.0244 0.0048 0.0078 0.0194 0.0182 0.8101 
   H171902.7  1 0.0314 0.0117 0.0094 0.0218 0.0376 0.0091 0.0182 0.1040 0.0053 0.0076 0.1013 0.0235 0.6189 
   H171902.8  1 0.0231 0.0104 0.0134 0.0268 0.0257 0.0076 0.0210 0.0333 0.0047 0.0092 0.0216 0.0153 0.7879 
   H171902.9  1 0.0150 0.0123 0.0123 0.0106 0.0366 0.0226 0.0172 0.1029 0.0125 0.0095 0.3244 0.2258 0.1984 
   H171903.1  1 0.0142 0.0413 0.0102 0.0094 0.6557 0.0247 0.0105 0.0060 0.0191 0.0243 0.0332 0.0352 0.1162 
   H171903.2  1 0.0247 0.0234 0.0148 0.0412 0.4896 0.0661 0.0098 0.0152 0.0424 0.0688 0.0821 0.0517 0.0701 
   H171903.3  1 0.0931 0.0548 0.0175 0.0232 0.0983 0.0491 0.0606 0.0186 0.0250 0.2279 0.0904 0.0304 0.2111 
   H171903.4  1 0.0179 0.0153 0.2212 0.0341 0.1822 0.0097 0.1300 0.0105 0.0219 0.0383 0.1034 0.0947 0.1208 
   H171903.5  1 0.0861 0.0715 0.0177 0.2990 0.0526 0.0355 0.0154 0.0098 0.0342 0.2259 0.0390 0.0491 0.0642 
   H171903.6  1 0.0925 0.0165 0.0235 0.1308 0.1705 0.0225 0.0135 0.0065 0.0109 0.2073 0.1240 0.0517 0.1298 
      H177.1  1 0.4202 0.0077 0.0927 0.0234 0.0335 0.0088 0.0218 0.0131 0.0051 0.0178 0.0345 0.0354 0.2859 
      H177.2  1 0.1633 0.0197 0.0141 0.1167 0.0672 0.0592 0.0151 0.0224 0.0080 0.0534 0.3719 0.0238 0.0654 
      H177.3  1 0.4402 0.0097 0.0065 0.0479 0.0520 0.0108 0.0305 0.0181 0.0054 0.0178 0.0947 0.0450 0.2212 
      H177.4  1 0.7660 0.0075 0.0532 0.0108 0.0356 0.0085 0.0112 0.0065 0.0153 0.0254 0.0238 0.0076 0.0288 
      H177.5  1 0.0434 0.0070 0.3528 0.0470 0.0550 0.0248 0.0236 0.0089 0.0400 0.1501 0.0922 0.0241 0.1310 
      H177.6  1 0.5219 0.0107 0.0061 0.0449 0.0272 0.0145 0.0360 0.0218 0.0056 0.0135 0.0665 0.0668 0.1643 
      H179.1  1 0.1991 0.0862 0.1028 0.2911 0.0067 0.0262 0.0139 0.0080 0.0374 0.0321 0.0404 0.0425 0.1136 
      H179.2  1 0.3617 0.2171 0.0317 0.1055 0.0072 0.0265 0.0125 0.0078 0.0133 0.0477 0.0288 0.0201 0.1200 
      H179.3  1 0.0709 0.0589 0.2264 0.2154 0.0181 0.1158 0.0112 0.0105 0.0285 0.0929 0.0146 0.0641 0.0726 
      H179.4  1 0.7901 0.0186 0.0258 0.0328 0.0105 0.0242 0.0088 0.0055 0.0114 0.0148 0.0150 0.0081 0.0344 
      H180.1  1 0.0369 0.0871 0.0365 0.2622 0.0085 0.0084 0.0118 0.0272 0.0825 0.0755 0.0216 0.1048 0.2371 
      H180.2  1 0.0401 0.0110 0.0739 0.1651 0.0097 0.0087 0.0116 0.0190 0.2126 0.0296 0.0237 0.2398 0.1550 
      H180.3  1 0.0223 0.1665 0.0103 0.0277 0.0176 0.0329 0.0114 0.0147 0.0508 0.0842 0.0216 0.5067 0.0332 
      H180.4  1 0.0278 0.0091 0.0268 0.1201 0.0103 0.0228 0.0602 0.0205 0.3525 0.0307 0.0151 0.0183 0.2858 
      H180.5  1 0.0265 0.0168 0.0500 0.1162 0.0259 0.0576 0.0595 0.0752 0.0452 0.0230 0.0530 0.1121 0.3388 
      H180.6  1 0.0131 0.0171 0.0156 0.0247 0.0247 0.5888 0.0693 0.0725 0.0249 0.0149 0.0102 0.0701 0.0540 
      H181.1  1 0.5245 0.0086 0.0509 0.0569 0.0351 0.0094 0.0132 0.0136 0.0093 0.2286 0.0136 0.0158 0.0206 
      H181.2  1 0.5530 0.0164 0.0758 0.0472 0.0418 0.0095 0.0253 0.0217 0.0228 0.0492 0.0219 0.0128 0.1024 
      H181.3  1 0.5037 0.0058 0.1418 0.1241 0.0348 0.0139 0.0187 0.0195 0.0147 0.0218 0.0392 0.0103 0.0517 
      H181.4  1 0.2388 0.0120 0.0416 0.0266 0.0438 0.0143 0.0206 0.0041 0.0109 0.3744 0.0717 0.0676 0.0736 
      H181.5  1 0.6736 0.0156 0.0921 0.0902 0.0094 0.0129 0.0245 0.0101 0.0190 0.0169 0.0151 0.0082 0.0124 
      H181.6  1 0.5909 0.0517 0.0433 0.0713 0.0119 0.0149 0.0253 0.0070 0.0617 0.0240 0.0249 0.0325 0.0407 
      H181.7  1 0.6718 0.0114 0.0113 0.1765 0.0133 0.0290 0.0070 0.0076 0.0105 0.0238 0.0120 0.0151 0.0108 
 H194.1_2004  1 0.0174 0.0122 0.0092 0.0073 0.4505 0.0235 0.3197 0.0111 0.0143 0.0163 0.0110 0.0169 0.0906 
 H194.2_2004  1 0.0169 0.0079 0.1373 0.0066 0.4549 0.0092 0.1825 0.0290 0.0075 0.0334 0.0139 0.0106 0.0903 
 H194.3_2004  1 0.4388 0.0078 0.0086 0.0096 0.2520 0.0088 0.1931 0.0118 0.0113 0.0106 0.0135 0.0081 0.0260 
 H194.4_2004  1 0.0880 0.0091 0.0996 0.0083 0.6662 0.0084 0.0282 0.0225 0.0079 0.0144 0.0156 0.0079 0.0240 
 H194.5_2004  1 0.3121 0.0165 0.0149 0.0108 0.2553 0.0274 0.2242 0.0064 0.0197 0.0141 0.0292 0.0112 0.0583 
 H194.6_2004  1 0.6101 0.0109 0.1130 0.0076 0.0653 0.0189 0.0532 0.0108 0.0086 0.0137 0.0231 0.0231 0.0420 
 H194.7_2004  1 0.0139 0.0087 0.0134 0.0108 0.5353 0.0919 0.2535 0.0074 0.0119 0.0203 0.0124 0.0082 0.0125 
 H194.8_2004  1 0.2977 0.0133 0.1989 0.0108 0.1832 0.0237 0.1331 0.0177 0.0148 0.0250 0.0282 0.0211 0.0324 
      H194.9  1 0.0182 0.0129 0.0117 0.0094 0.4401 0.1170 0.2938 0.0142 0.0171 0.0137 0.0175 0.0172 0.0172 
 H195.1_2003  1 0.0332 0.0155 0.0265 0.0289 0.1012 0.0116 0.0508 0.0057 0.6405 0.0085 0.0218 0.0121 0.0436 
 H195.1_2004  1 0.0716 0.0075 0.0206 0.0329 0.6312 0.0087 0.0707 0.0668 0.0104 0.0171 0.0124 0.0101 0.0400 
 H195.2_2003  1 0.0127 0.0158 0.0175 0.0327 0.7110 0.0230 0.0090 0.0105 0.0765 0.0046 0.0425 0.0274 0.0168 
 H195.2_2004  1 0.0130 0.0115 0.0098 0.0214 0.8427 0.0145 0.0100 0.0316 0.0135 0.0067 0.0134 0.0058 0.0062 
 H195.3_2003  1 0.0099 0.0073 0.0234 0.0494 0.3246 0.0154 0.0171 0.0098 0.3972 0.0103 0.0456 0.0456 0.0445 
 H195.3_2004  1 0.0379 0.0080 0.0080 0.0075 0.8597 0.0070 0.0137 0.0108 0.0129 0.0090 0.0081 0.0054 0.0120 
 H195.4_2003  1 0.0396 0.0263 0.0084 0.0229 0.4575 0.0083 0.1434 0.0055 0.2200 0.0144 0.0238 0.0112 0.0187 
 H195.4_2004  1 0.0104 0.0072 0.0172 0.0066 0.8987 0.0122 0.0075 0.0075 0.0084 0.0088 0.0055 0.0042 0.0059 
 H195.5_2003  1 0.0210 0.0098 0.0420 0.0303 0.0493 0.0089 0.0499 0.0057 0.7098 0.0075 0.0161 0.0119 0.0378 
 H195.5_2004  1 0.0289 0.0074 0.0163 0.0096 0.8428 0.0064 0.0156 0.0236 0.0159 0.0083 0.0075 0.0064 0.0114 
 H195.6_2003  1 0.0074 0.0080 0.0101 0.0127 0.8035 0.0075 0.0093 0.0097 0.0806 0.0064 0.0231 0.0122 0.0096 
 H195.6_2004  1 0.0177 0.0081 0.0047 0.0074 0.8859 0.0085 0.0126 0.0195 0.0102 0.0040 0.0071 0.0036 0.0107 
 H195.7_2003  1 0.0340 0.0585 0.1250 0.1077 0.4455 0.0349 0.0374 0.0044 0.0739 0.0140 0.0240 0.0083 0.0324 
 H195.7_2004  1 0.0177 0.0074 0.0164 0.0227 0.6324 0.0081 0.0235 0.2009 0.0199 0.0160 0.0093 0.0117 0.0139 
      H195.8  1 0.0097 0.0070 0.0225 0.0087 0.8600 0.0082 0.0236 0.0116 0.0118 0.0124 0.0062 0.0085 0.0099 
      H195.9  1 0.0229 0.0081 0.0095 0.0087 0.8808 0.0098 0.0118 0.0077 0.0083 0.0059 0.0091 0.0060 0.0114 
      H415.1  1 0.0297 0.6152 0.0157 0.0135 0.0188 0.0356 0.0238 0.0878 0.0149 0.0113 0.0092 0.0980 0.0266 
      H415.2  1 0.1831 0.1183 0.0086 0.0241 0.0220 0.0115 0.0225 0.0317 0.0119 0.0288 0.0665 0.1296 0.3415 
      H415.3  1 0.0621 0.7955 0.0055 0.0227 0.0046 0.0056 0.0105 0.0096 0.0119 0.0129 0.0173 0.0080 0.0339 
      H415.4  1 0.0228 0.7935 0.0129 0.0075 0.0060 0.0220 0.0246 0.0171 0.0155 0.0109 0.0098 0.0494 0.0079 
      H415.5  1 0.1103 0.7257 0.0070 0.0160 0.0058 0.0069 0.0192 0.0130 0.0100 0.0127 0.0134 0.0056 0.0545 
      H415.6  1 0.0247 0.7914 0.0100 0.0059 0.0060 0.0271 0.0210 0.0167 0.0119 0.0113 0.0111 0.0482 0.0147 
      H415.7  1 0.1427 0.3667 0.0108 0.0369 0.0124 0.0084 0.0134 0.0231 0.0111 0.0163 0.2578 0.0195 0.0809 
      H506.1  1 0.8760 0.0182 0.0114 0.0105 0.0045 0.0094 0.0046 0.0108 0.0200 0.0098 0.0106 0.0050 0.0091 
      H506.2  1 0.8760 0.0187 0.0061 0.0216 0.0065 0.0084 0.0068 0.0065 0.0114 0.0090 0.0156 0.0052 0.0083 
      H506.3  1 0.6681 0.0258 0.0486 0.0385 0.0086 0.0169 0.0057 0.0664 0.0299 0.0294 0.0205 0.0079 0.0338 
      H506.4  1 0.8107 0.0293 0.0175 0.0151 0.0055 0.0180 0.0065 0.0201 0.0257 0.0174 0.0126 0.0089 0.0125 
      H506.5  1 0.8708 0.0206 0.0077 0.0187 0.0060 0.0085 0.0046 0.0096 0.0167 0.0075 0.0147 0.0063 0.0084 
      H506.6  1 0.2937 0.0209 0.0332 0.1951 0.0336 0.0190 0.0086 0.0716 0.0237 0.1385 0.0902 0.0350 0.0369 
      H506.7  1 0.8738 0.0166 0.0088 0.0142 0.0072 0.0105 0.0062 0.0088 0.0187 0.0067 0.0162 0.0045 0.0078 
      H533.1  1 0.8570 0.0123 0.0079 0.0507 0.0045 0.0076 0.0041 0.0130 0.0072 0.0109 0.0054 0.0046 0.0148 
      H533.2  1 0.8826 0.0098 0.0075 0.0310 0.0042 0.0064 0.0043 0.0181 0.0064 0.0089 0.0064 0.0046 0.0098 
      H533.3  1 0.8103 0.0154 0.0069 0.0309 0.0057 0.0125 0.0034 0.0091 0.0056 0.0407 0.0095 0.0113 0.0388 
      H533.4  1 0.8165 0.0218 0.0110 0.0299 0.0117 0.0074 0.0053 0.0133 0.0063 0.0159 0.0085 0.0105 0.0420 
      H535.1  1 0.8009 0.0146 0.0101 0.0068 0.0160 0.0084 0.0264 0.0055 0.0097 0.0118 0.0340 0.0179 0.0378 
      H535.2  1 0.8482 0.0052 0.0228 0.0072 0.0274 0.0297 0.0087 0.0033 0.0133 0.0098 0.0113 0.0049 0.0081 
      H535.3  1 0.7855 0.0041 0.0356 0.0114 0.0364 0.0288 0.0079 0.0053 0.0467 0.0074 0.0112 0.0106 0.0091 
      H535.4  1 0.9209 0.0078 0.0070 0.0044 0.0061 0.0047 0.0093 0.0042 0.0122 0.0057 0.0070 0.0041 0.0066 
      H535.5  1 0.9115 0.0101 0.0097 0.0035 0.0092 0.0050 0.0056 0.0037 0.0056 0.0076 0.0061 0.0048 0.0175 
      H535.6  1 0.5996 0.0129 0.0584 0.0084 0.0906 0.0198 0.0733 0.0053 0.0060 0.0163 0.0296 0.0264 0.0534 
      H535.7  1 0.9163 0.0084 0.0067 0.0045 0.0073 0.0065 0.0045 0.0058 0.0163 0.0056 0.0041 0.0057 0.0082 
      H535.8  1 0.8425 0.0087 0.0513 0.0055 0.0144 0.0113 0.0086 0.0064 0.0188 0.0072 0.0066 0.0090 0.0096 
      H535.9  1 0.8435 0.0059 0.0082 0.0071 0.0149 0.0097 0.0132 0.0102 0.0238 0.0089 0.0142 0.0308 0.0096 
      H539.1  1 0.0033 0.0049 0.0031 0.0046 0.0069 0.0059 0.0050 0.0057 0.0043 0.0039 0.0048 0.9428 0.0049 
      H539.2  1 0.0114 0.0404 0.0535 0.0315 0.0117 0.0226 0.0107 0.0194 0.0112 0.0365 0.0133 0.1899 0.5479 
      H539.3  1 0.0102 0.0067 0.0228 0.0071 0.0562 0.0383 0.0140 0.0247 0.0129 0.0107 0.0108 0.7583 0.0273 
      H539.4  1 0.0053 0.0060 0.0069 0.0134 0.0055 0.0085 0.0040 0.0146 0.0131 0.0124 0.0071 0.8920 0.0114 
      H539.5  1 0.0044 0.0046 0.0035 0.0047 0.0088 0.0096 0.0051 0.0069 0.0030 0.0050 0.0094 0.9285 0.0065 
      H539.6  1 0.0044 0.0086 0.0054 0.0050 0.0066 0.0122 0.0071 0.0067 0.0049 0.0059 0.0055 0.9194 0.0084 
      H539.7  1 0.0037 0.0047 0.0043 0.0054 0.0041 0.0054 0.0060 0.0049 0.0045 0.0047 0.0048 0.9412 0.0066 
      H539.8  1 0.0154 0.0104 0.0359 0.0145 0.0164 0.0126 0.0145 0.0557 0.0384 0.0189 0.0107 0.7339 0.0227 
      H539.9  1 0.0038 0.0062 0.0047 0.0053 0.0052 0.0106 0.0040 0.0127 0.0066 0.0065 0.0071 0.9205 0.0068 
      H540.1  1 0.0098 0.0067 0.0063 0.0110 0.0113 0.0078 0.0065 0.0114 0.0052 0.0190 0.0215 0.8605 0.0230 
      H540.2  1 0.0054 0.0060 0.0044 0.0051 0.0070 0.0048 0.0079 0.0044 0.0048 0.0120 0.0100 0.9189 0.0091 
      H540.3  1 0.0088 0.0111 0.0251 0.0224 0.0058 0.0062 0.0642 0.2381 0.0087 0.0378 0.0388 0.5109 0.0221 
      H540.4  1 0.0085 0.0105 0.0086 0.0097 0.0056 0.0048 0.0114 0.0044 0.0055 0.0153 0.0147 0.8861 0.0149 
      H540.5  1 0.0115 0.0068 0.0097 0.0155 0.0069 0.0087 0.0105 0.0214 0.0052 0.0143 0.0125 0.8641 0.0129 
      H540.6  1 0.0176 0.0125 0.0162 0.0159 0.0121 0.0147 0.0134 0.0209 0.0050 0.0386 0.0364 0.7766 0.0200 
      H540.7  1 0.0128 0.0107 0.0062 0.0100 0.0056 0.0086 0.0082 0.0047 0.0053 0.0131 0.0108 0.8909 0.0133 
      H540.8  1 0.0145 0.0083 0.0057 0.0088 0.0121 0.0078 0.0162 0.0060 0.0067 0.0372 0.0167 0.7534 0.1065 
     H9558.1  1 0.0055 0.0073 0.0073 0.0078 0.0111 0.0045 0.0069 0.0081 0.0059 0.0037 0.0060 0.9148 0.0111 
     H9558.2  1 0.0085 0.0099 0.0127 0.0114 0.0091 0.0143 0.0071 0.0086 0.0117 0.0058 0.0076 0.8854 0.0079 
     H9558.3  1 0.0062 0.0108 0.0065 0.0055 0.0112 0.0132 0.0072 0.0128 0.0129 0.0059 0.0123 0.8898 0.0057 
     H9558.4  1 0.0056 0.0112 0.0075 0.0106 0.0062 0.0049 0.0065 0.0085 0.0076 0.0062 0.0056 0.9002 0.0194 
     H9558.5  1 0.0058 0.0135 0.0096 0.0079 0.0038 0.0047 0.0067 0.0191 0.0111 0.0202 0.0097 0.8693 0.0186 
     H9558.6  1 0.0063 0.0084 0.0052 0.0052 0.0091 0.0683 0.0095 0.0096 0.0099 0.0544 0.0207 0.7838 0.0097 
    kos339.1  1 0.8494 0.0171 0.0096 0.0107 0.0074 0.0156 0.0056 0.0059 0.0079 0.0120 0.0260 0.0111 0.0217 
    kos339.2  1 0.8879 0.0157 0.0061 0.0097 0.0072 0.0123 0.0110 0.0109 0.0094 0.0112 0.0069 0.0064 0.0052 
    kos339.3  1 0.9235 0.0116 0.0040 0.0052 0.0058 0.0057 0.0047 0.0045 0.0046 0.0090 0.0060 0.0062 0.0092 
    kos339.4  1 0.9095 0.0209 0.0064 0.0062 0.0056 0.0067 0.0058 0.0055 0.0066 0.0068 0.0073 0.0058 0.0069 
    kos339.5  1 0.8836 0.0101 0.0074 0.0057 0.0069 0.0128 0.0071 0.0034 0.0082 0.0113 0.0205 0.0083 0.0147 
    kos339.6  1 0.9095 0.0096 0.0050 0.0053 0.0088 0.0079 0.0104 0.0084 0.0046 0.0127 0.0064 0.0054 0.0058 
    kos339.7  1 0.9274 0.0091 0.0047 0.0053 0.0054 0.0062 0.0052 0.0055 0.0047 0.0076 0.0058 0.0054 0.0076 
    kos339.8  1 0.9047 0.0203 0.0067 0.0082 0.0044 0.0067 0.0055 0.0079 0.0070 0.0099 0.0077 0.0039 0.0071 
    kos339.9  1 0.8496 0.0106 0.0056 0.0071 0.0141 0.0156 0.0100 0.0069 0.0093 0.0079 0.0137 0.0323 0.0175 
      H008.1  2 0.0083 0.0132 0.0126 0.0168 0.0082 0.8233 0.0101 0.0059 0.0200 0.0111 0.0103 0.0411 0.0192 
      H008.2  2 0.0175 0.0132 0.0258 0.0749 0.0313 0.1725 0.0125 0.0960 0.2824 0.0286 0.0157 0.1610 0.0687 
      H008.3  2 0.0834 0.0197 0.1616 0.0319 0.0647 0.1351 0.0257 0.0636 0.1090 0.0353 0.0251 0.0694 0.1756 
      H008.4  2 0.0093 0.0357 0.0202 0.0095 0.0110 0.7527 0.0177 0.0517 0.0187 0.0110 0.0186 0.0284 0.0153 
      H008.5  2 0.0140 0.0149 0.0221 0.0095 0.0112 0.8277 0.0080 0.0181 0.0210 0.0147 0.0087 0.0139 0.0163 
      H008.6  2 0.0102 0.0286 0.0126 0.0120 0.0310 0.3487 0.0169 0.1007 0.2463 0.0274 0.0223 0.0781 0.0652 
      H008.7  2 0.0148 0.0251 0.0821 0.0194 0.0114 0.4789 0.0402 0.1082 0.0922 0.0129 0.0229 0.0476 0.0444 
      H008.8  2 0.0148 0.0166 0.0115 0.0849 0.0195 0.1939 0.0112 0.0099 0.0157 0.0085 0.0198 0.5819 0.0119 
      H008.9  2 0.0359 0.0145 0.0281 0.0314 0.0502 0.0457 0.0319 0.3449 0.2386 0.0219 0.0291 0.0773 0.0505 
 H029.1_2002  2 0.0053 0.0198 0.0190 0.0138 0.0057 0.8129 0.0148 0.0211 0.0090 0.0088 0.0238 0.0349 0.0111 
 H029.1_2003  2 0.0247 0.0181 0.0354 0.0363 0.0165 0.6850 0.0162 0.0256 0.0176 0.0299 0.0224 0.0224 0.0499 
 H029.2_2002  2 0.1038 0.0076 0.0261 0.0071 0.0190 0.7501 0.0082 0.0222 0.0096 0.0064 0.0172 0.0053 0.0175 
 H029.2_2003  2 0.1273 0.0079 0.0258 0.0171 0.0206 0.6079 0.0072 0.0309 0.0100 0.0309 0.0323 0.0121 0.0701 
 H029.3_2002  2 0.1918 0.0120 0.1004 0.0199 0.0299 0.4279 0.0087 0.1456 0.0071 0.0203 0.0155 0.0072 0.0138 
 H029.3_2003  2 0.0124 0.0066 0.0186 0.0100 0.0050 0.8771 0.0095 0.0054 0.0119 0.0135 0.0089 0.0061 0.0150 
 H029.4_2002  2 0.0065 0.0114 0.0110 0.0086 0.0060 0.9092 0.0078 0.0120 0.0068 0.0068 0.0042 0.0051 0.0047 
 H029.4_2003  2 0.0125 0.0210 0.0658 0.0585 0.0088 0.6649 0.0124 0.0353 0.0226 0.0221 0.0126 0.0337 0.0297 
 H029.5_2002  2 0.0060 0.0081 0.0231 0.0079 0.0060 0.8765 0.0159 0.0057 0.0200 0.0064 0.0093 0.0081 0.0069 
 H029.5_2003  2 0.0088 0.0082 0.0096 0.0122 0.0057 0.8809 0.0083 0.0132 0.0141 0.0077 0.0076 0.0102 0.0134 
 H029.6_2002  2 0.0076 0.0088 0.0786 0.0115 0.0088 0.8162 0.0116 0.0275 0.0046 0.0067 0.0060 0.0049 0.0073 
 H029.6_2003  2 0.1211 0.0061 0.0153 0.0234 0.0122 0.6328 0.0247 0.0088 0.0198 0.0252 0.0357 0.0163 0.0584 
      H029.7  2 0.0314 0.0059 0.0213 0.0066 0.0209 0.8469 0.0055 0.0166 0.0068 0.0063 0.0118 0.0066 0.0135 
      H030.1  2 0.0113 0.0069 0.0329 0.0264 0.0121 0.0393 0.0215 0.0046 0.0803 0.6312 0.0877 0.0072 0.0385 
      H030.2  2 0.0080 0.2717 0.1068 0.0251 0.0079 0.1273 0.0227 0.0805 0.0564 0.2441 0.0215 0.0198 0.0083 
      H038.1  2 0.0070 0.0080 0.0056 0.0071 0.0087 0.8992 0.0058 0.0257 0.0051 0.0066 0.0069 0.0096 0.0047 
      H038.2  2 0.0169 0.0108 0.0064 0.0058 0.0040 0.8896 0.0149 0.0068 0.0070 0.0089 0.0132 0.0047 0.0109 
      H038.3  2 0.0171 0.0235 0.0073 0.0107 0.0068 0.7783 0.0141 0.0360 0.0110 0.0241 0.0438 0.0195 0.0078 
      H038.4  2 0.0123 0.0149 0.0060 0.0129 0.0081 0.8195 0.0231 0.0372 0.0120 0.0083 0.0288 0.0117 0.0053 
      H038.5  2 0.0120 0.0077 0.0095 0.0408 0.0057 0.8321 0.0111 0.0287 0.0069 0.0186 0.0072 0.0123 0.0073 
      H038.6  2 0.0064 0.0073 0.0056 0.0073 0.0040 0.9166 0.0042 0.0096 0.0057 0.0107 0.0061 0.0089 0.0076 
      H038.7  2 0.0090 0.0142 0.0039 0.0091 0.0044 0.8613 0.0054 0.0127 0.0131 0.0109 0.0344 0.0134 0.0082 
      H038.8  2 0.0190 0.0207 0.0071 0.0112 0.0073 0.7269 0.0161 0.1148 0.0094 0.0271 0.0231 0.0108 0.0067 
      H041.1  2 0.0154 0.0192 0.1630 0.0166 0.0452 0.4803 0.0319 0.0295 0.1334 0.0096 0.0329 0.0098 0.0132 
      H041.2  2 0.0179 0.0588 0.0632 0.0059 0.0089 0.3758 0.0681 0.0141 0.3227 0.0132 0.0314 0.0099 0.0101 
      H041.4  2 0.0115 0.0143 0.0595 0.0111 0.0348 0.6826 0.0344 0.0226 0.0516 0.0168 0.0185 0.0313 0.0110 
      H041.6  2 0.0118 0.0294 0.0803 0.0116 0.0420 0.6124 0.0353 0.0111 0.0367 0.0197 0.0278 0.0697 0.0121 
 H042.1_2002  2 0.0084 0.1529 0.5272 0.0132 0.0183 0.0080 0.0557 0.0140 0.0091 0.0140 0.0203 0.1194 0.0395 
 H042.1_2003  2 0.0105 0.0697 0.0221 0.0161 0.0222 0.0828 0.0260 0.0907 0.3245 0.0424 0.0740 0.1424 0.0767 
 H042.2_2002  2 0.0116 0.4257 0.1137 0.0102 0.0171 0.2989 0.0259 0.0315 0.0078 0.0096 0.0059 0.0102 0.0318 
 H042.2_2003  2 0.0181 0.0709 0.0376 0.0128 0.0210 0.3210 0.1757 0.0077 0.0766 0.0265 0.0539 0.1415 0.0367 
 H042.3_2002  2 0.0126 0.6124 0.1994 0.0103 0.0230 0.0076 0.0233 0.0159 0.0071 0.0186 0.0081 0.0272 0.0344 
 H042.3_2003  2 0.0112 0.6513 0.0697 0.0192 0.0228 0.0634 0.0174 0.0210 0.0144 0.0158 0.0087 0.0479 0.0373 
 H042.4_2002  2 0.0328 0.0170 0.6204 0.0131 0.0112 0.0381 0.1096 0.0172 0.0125 0.0310 0.0248 0.0484 0.0240 
 H042.4_2003  2 0.0153 0.0114 0.4855 0.0178 0.0428 0.1062 0.0580 0.0062 0.0266 0.0156 0.1453 0.0546 0.0148 
      H042.5  2 0.0077 0.0087 0.8214 0.0096 0.0399 0.0081 0.0165 0.0031 0.0207 0.0075 0.0156 0.0199 0.0214 
      H042.6  2 0.0082 0.0359 0.6968 0.0212 0.0614 0.0288 0.0153 0.0095 0.0088 0.0112 0.0271 0.0555 0.0204 
      H042.7  2 0.0095 0.3734 0.2593 0.0174 0.0351 0.0515 0.1256 0.0054 0.0191 0.0079 0.0630 0.0140 0.0188 
      H042.8  2 0.0059 0.1977 0.5233 0.0102 0.0476 0.0230 0.0432 0.0222 0.0524 0.0061 0.0078 0.0303 0.0302 
   H042_2002  2 0.0104 0.2095 0.0210 0.0303 0.0703 0.1163 0.0379 0.0403 0.0456 0.0143 0.0788 0.2920 0.0332 
   H042_2003  2 0.0080 0.2497 0.0196 0.0328 0.0663 0.1102 0.0361 0.0371 0.0453 0.0155 0.0564 0.2859 0.0370 
      H043.1  2 0.0156 0.0143 0.0137 0.3256 0.0131 0.0319 0.0043 0.1184 0.0428 0.0146 0.0295 0.3658 0.0102 
      H043.2  2 0.0116 0.0097 0.0065 0.0485 0.0772 0.0424 0.0052 0.0806 0.0105 0.0081 0.0188 0.6747 0.0064 
      H043.3  2 0.0118 0.0577 0.0066 0.0851 0.0183 0.3248 0.0058 0.0351 0.0211 0.0099 0.1050 0.3086 0.0101 
      H043.4  2 0.0170 0.0224 0.0075 0.0194 0.0472 0.0543 0.0055 0.0824 0.0193 0.0076 0.1051 0.6014 0.0110 
      H043.5  2 0.0124 0.0238 0.0071 0.0514 0.0067 0.1007 0.0065 0.1782 0.0219 0.0079 0.0129 0.5631 0.0073 
      H043.6  2 0.0108 0.0229 0.0075 0.0408 0.0098 0.1874 0.0080 0.1394 0.0072 0.0103 0.0253 0.5212 0.0094 
      H043.7  2 0.0060 0.0135 0.0037 0.0189 0.0224 0.0147 0.0045 0.0432 0.0268 0.0106 0.1219 0.7074 0.0062 
      H043.8  2 0.0171 0.0308 0.0074 0.4474 0.0191 0.0216 0.0073 0.0197 0.0215 0.0219 0.0209 0.3557 0.0096 
      H043.9  2 0.0135 0.0162 0.0155 0.4114 0.0168 0.0919 0.0053 0.0628 0.0207 0.0160 0.0443 0.2771 0.0085 
      H047.1  2 0.0096 0.0522 0.0063 0.0061 0.0083 0.3949 0.0062 0.0063 0.3244 0.0067 0.0084 0.1560 0.0145 
      H047.2  2 0.0087 0.0077 0.0117 0.0092 0.0082 0.0709 0.0131 0.0045 0.8124 0.0082 0.0229 0.0090 0.0135 
      H047.3  2 0.0080 0.0206 0.0223 0.0110 0.0142 0.0772 0.0208 0.0043 0.7532 0.0110 0.0258 0.0159 0.0156 
      H047.4  2 0.0113 0.0219 0.0179 0.0131 0.0104 0.3093 0.0212 0.0041 0.4768 0.0131 0.0703 0.0205 0.0102 
      H047.5  2 0.0141 0.0754 0.0106 0.0087 0.0254 0.1500 0.0165 0.0037 0.6076 0.0116 0.0209 0.0360 0.0196 
      H047.6  2 0.0049 0.0145 0.0097 0.0068 0.0075 0.0242 0.0158 0.0051 0.8792 0.0066 0.0111 0.0069 0.0077 
      H047.7  2 0.0167 0.1269 0.0099 0.0079 0.0091 0.4480 0.0083 0.0084 0.2479 0.0068 0.0082 0.0923 0.0098 
      H047.8  2 0.0113 0.0432 0.0160 0.0090 0.0130 0.0547 0.0114 0.0045 0.7760 0.0067 0.0145 0.0240 0.0157 
      H047.9  2 0.0179 0.1014 0.0081 0.0101 0.0607 0.3919 0.0262 0.0045 0.2629 0.0122 0.0237 0.0464 0.0339 
 H071.1_2002  2 0.0094 0.0101 0.0056 0.0076 0.0083 0.9017 0.0055 0.0050 0.0054 0.0098 0.0078 0.0179 0.0060 
 H071.1_2003  2 0.0160 0.0125 0.0077 0.0059 0.0507 0.7116 0.0095 0.0110 0.0150 0.0450 0.0433 0.0588 0.0130 
     H071.10  2 0.0081 0.0182 0.0067 0.0246 0.0062 0.8649 0.0068 0.0090 0.0045 0.0354 0.0049 0.0062 0.0046 
 H071.2_2002  2 0.0105 0.0118 0.0046 0.0138 0.0132 0.8823 0.0064 0.0091 0.0085 0.0062 0.0068 0.0181 0.0086 
 H071.2_2003  2 0.0062 0.0058 0.0047 0.0038 0.0067 0.9364 0.0035 0.0031 0.0044 0.0061 0.0066 0.0073 0.0053 
      H071.3  2 0.0095 0.0132 0.0073 0.0084 0.0084 0.8677 0.0070 0.0076 0.0292 0.0214 0.0084 0.0072 0.0046 
 H071.4_2002  2 0.0134 0.0173 0.0072 0.0334 0.0093 0.8360 0.0116 0.0188 0.0051 0.0207 0.0099 0.0099 0.0072 
 H071.4_2003  2 0.0071 0.0080 0.0048 0.0070 0.0070 0.9243 0.0052 0.0038 0.0079 0.0075 0.0058 0.0057 0.0060 
 H071.5_2002  2 0.0053 0.0092 0.0072 0.0088 0.0060 0.9239 0.0053 0.0050 0.0051 0.0084 0.0056 0.0064 0.0038 
 H071.5_2003  2 0.0063 0.0161 0.0039 0.0119 0.0106 0.8621 0.0109 0.0043 0.0119 0.0263 0.0139 0.0124 0.0094 
 H071.6_2002  2 0.0079 0.0208 0.0047 0.0170 0.0072 0.8958 0.0062 0.0058 0.0046 0.0095 0.0068 0.0070 0.0066 
 H071.6_2003  2 0.0050 0.0102 0.0056 0.0111 0.0058 0.8928 0.0052 0.0034 0.0059 0.0211 0.0187 0.0085 0.0065 
 H071.7_2002  2 0.0048 0.0079 0.0044 0.0070 0.0064 0.9289 0.0038 0.0045 0.0055 0.0051 0.0081 0.0092 0.0044 
 H071.7_2003  2 0.0101 0.0085 0.0046 0.0086 0.0150 0.8623 0.0080 0.0040 0.0074 0.0340 0.0131 0.0146 0.0096 
      H071.8  2 0.0086 0.0063 0.0051 0.0117 0.0145 0.9026 0.0058 0.0081 0.0084 0.0062 0.0084 0.0088 0.0056 
      H071.9  2 0.0123 0.0201 0.0103 0.1540 0.0122 0.6875 0.0186 0.0160 0.0177 0.0214 0.0105 0.0135 0.0061 
 H081.1_2002  2 0.0075 0.0069 0.0062 0.0045 0.0141 0.9149 0.0084 0.0042 0.0041 0.0059 0.0075 0.0099 0.0060 
 H081.1_2003  2 0.0513 0.0241 0.0492 0.0153 0.0166 0.0657 0.0236 0.3040 0.0123 0.1322 0.2142 0.0679 0.0237 
 H081.2_2002  2 0.0053 0.0061 0.0054 0.0047 0.0383 0.8868 0.0068 0.0048 0.0070 0.0052 0.0125 0.0122 0.0051 
 H081.2_2003  2 0.0077 0.0092 0.0268 0.0342 0.0486 0.0440 0.0084 0.0096 0.0084 0.7446 0.0161 0.0337 0.0086 
 H081.3_2002  2 0.0073 0.0068 0.0066 0.0113 0.0364 0.8619 0.0097 0.0063 0.0165 0.0111 0.0112 0.0088 0.0060 
 H081.3_2003  2 0.0199 0.0122 0.0172 0.1599 0.0223 0.0168 0.0164 0.0168 0.0132 0.5822 0.0163 0.0889 0.0178 
 H081.4_2002  2 0.0109 0.0086 0.0060 0.0063 0.0082 0.9059 0.0052 0.0040 0.0084 0.0096 0.0097 0.0091 0.0081 
 H081.4_2003  2 0.0547 0.0140 0.0447 0.0370 0.0264 0.0280 0.0253 0.0216 0.0086 0.4898 0.1070 0.1035 0.0393 
 H081.5_2002  2 0.0087 0.0070 0.0059 0.0069 0.0084 0.9050 0.0049 0.0046 0.0078 0.0114 0.0111 0.0111 0.0070 
 H081.5_2003  2 0.0403 0.0376 0.0415 0.0126 0.0415 0.0469 0.0285 0.0265 0.0190 0.1953 0.3695 0.1077 0.0332 
      H081.6  2 0.0084 0.0073 0.0048 0.0049 0.0116 0.9138 0.0051 0.0054 0.0055 0.0077 0.0084 0.0100 0.0073 
      H081.7  2 0.0077 0.0083 0.0068 0.0086 0.0781 0.8230 0.0095 0.0044 0.0100 0.0145 0.0128 0.0107 0.0056 
      H081.8  2 0.0161 0.0142 0.0131 0.0193 0.0188 0.8064 0.0169 0.0131 0.0077 0.0462 0.0091 0.0115 0.0074 
      H083.1  2 0.0270 0.0119 0.0241 0.0088 0.0062 0.8703 0.0052 0.0080 0.0075 0.0094 0.0082 0.0063 0.0070 
      H083.2  2 0.0185 0.0089 0.0228 0.0132 0.0174 0.8176 0.0081 0.0094 0.0321 0.0083 0.0162 0.0171 0.0103 
      H083.4  2 0.0071 0.0113 0.0292 0.0547 0.0208 0.8057 0.0091 0.0187 0.0123 0.0048 0.0089 0.0102 0.0071 
      H083.5  2 0.0116 0.0070 0.0388 0.0088 0.0122 0.8482 0.0113 0.0195 0.0130 0.0070 0.0089 0.0067 0.0072 
      H083.6  2 0.0640 0.0120 0.0344 0.0122 0.0151 0.7995 0.0142 0.0093 0.0057 0.0101 0.0077 0.0051 0.0106 
      H083.7  2 0.0081 0.0092 0.0558 0.0320 0.0263 0.7775 0.0230 0.0149 0.0161 0.0071 0.0077 0.0122 0.0099 
      H083.8  2 0.0160 0.0082 0.0180 0.0153 0.0133 0.8033 0.0124 0.0086 0.0632 0.0054 0.0146 0.0120 0.0099 
      H083.9  2 0.0142 0.0079 0.0558 0.0074 0.0109 0.8485 0.0095 0.0085 0.0090 0.0060 0.0080 0.0057 0.0085 
      H084.1  2 0.0063 0.0114 0.0159 0.0180 0.0086 0.0096 0.0153 0.0622 0.0175 0.8064 0.0072 0.0092 0.0123 
      H084.2  2 0.0072 0.0100 0.0204 0.0715 0.0047 0.0136 0.0056 0.0714 0.0054 0.7594 0.0105 0.0088 0.0115 
      H084.3  2 0.0267 0.0398 0.0239 0.0152 0.0083 0.0077 0.1336 0.2176 0.0152 0.4583 0.0332 0.0088 0.0119 
      H084.4  2 0.0129 0.0517 0.0307 0.0148 0.0067 0.0145 0.0381 0.2052 0.0458 0.5050 0.0480 0.0106 0.0160 
      H084.5  2 0.0131 0.1225 0.0086 0.0091 0.0075 0.0062 0.0542 0.0334 0.0305 0.6734 0.0240 0.0068 0.0107 
      H084.6  2 0.0199 0.0353 0.0139 0.0155 0.0097 0.0063 0.0823 0.0849 0.0445 0.6649 0.0120 0.0056 0.0050 
      H084.7  2 0.0073 0.0165 0.0137 0.0205 0.0059 0.0079 0.0072 0.0116 0.0060 0.8784 0.0075 0.0072 0.0103 
      H084.8  2 0.0097 0.0265 0.0128 0.0080 0.0085 0.0066 0.1039 0.0551 0.0450 0.6979 0.0138 0.0048 0.0075 
 H085.1_2002  2 0.0189 0.0142 0.0659 0.0157 0.6476 0.1448 0.0102 0.0245 0.0076 0.0148 0.0132 0.0139 0.0086 
 H085.1_2003  2 0.0159 0.0080 0.0813 0.0434 0.0718 0.6689 0.0147 0.0119 0.0225 0.0150 0.0263 0.0100 0.0104 
 H085.2_2002  2 0.0159 0.0235 0.0631 0.0278 0.7097 0.0253 0.0172 0.0441 0.0069 0.0236 0.0201 0.0156 0.0071 
 H085.2_2003  2 0.0147 0.0107 0.0364 0.0247 0.0201 0.7536 0.0100 0.0109 0.0436 0.0188 0.0293 0.0096 0.0177 
 H085.3_2002  2 0.0048 0.0070 0.0192 0.0112 0.8520 0.0143 0.0147 0.0051 0.0069 0.0066 0.0390 0.0137 0.0055 
 H085.3_2003  2 0.0053 0.0087 0.0086 0.0135 0.0323 0.8027 0.0085 0.0058 0.0130 0.0151 0.0656 0.0107 0.0101 
 H085.4_2002  2 0.0209 0.0240 0.0523 0.0211 0.5113 0.2042 0.0196 0.0398 0.0065 0.0242 0.0174 0.0484 0.0104 
 H085.4_2003  2 0.0099 0.0606 0.0199 0.0077 0.0140 0.7412 0.0254 0.0073 0.0144 0.0281 0.0346 0.0267 0.0101 
 H085.5_2002  2 0.0059 0.0055 0.0076 0.0080 0.8748 0.0179 0.0098 0.0048 0.0067 0.0058 0.0278 0.0178 0.0077 
 H085.5_2003  2 0.0105 0.0076 0.0279 0.0120 0.0117 0.8544 0.0063 0.0068 0.0148 0.0160 0.0143 0.0077 0.0099 
 H085.6_2002  2 0.0078 0.0079 0.0233 0.0181 0.8274 0.0215 0.0088 0.0153 0.0100 0.0089 0.0308 0.0134 0.0068 
 H085.6_2003  2 0.0071 0.0084 0.0075 0.0109 0.0316 0.0722 0.0276 0.0063 0.0285 0.0087 0.7506 0.0274 0.0134 
 H085.7_2002  2 0.0128 0.0090 0.0482 0.0138 0.6352 0.0588 0.0100 0.0132 0.0338 0.0214 0.1168 0.0151 0.0119 
 H085.7_2003  2 0.0092 0.0099 0.0099 0.0189 0.0125 0.8353 0.0151 0.0087 0.0150 0.0065 0.0341 0.0129 0.0119 
 H085.8_2002  2 0.0055 0.0104 0.0111 0.0135 0.7350 0.0157 0.0124 0.0114 0.0078 0.0120 0.1367 0.0203 0.0082 
 H085.8_2003  2 0.0190 0.0323 0.3083 0.0164 0.0421 0.3320 0.0426 0.0126 0.0373 0.0388 0.0723 0.0234 0.0228 
      H085.9  2 0.0076 0.0116 0.0258 0.0101 0.7294 0.1018 0.0113 0.0260 0.0101 0.0176 0.0246 0.0139 0.0102 
      H088.1  2 0.0135 0.0082 0.7338 0.0306 0.0276 0.0160 0.0577 0.0099 0.0128 0.0189 0.0134 0.0209 0.0367 
      H088.2  2 0.0316 0.0199 0.7424 0.0187 0.0222 0.0098 0.0336 0.0082 0.0179 0.0166 0.0459 0.0119 0.0212 
      H088.3  2 0.0117 0.0144 0.8163 0.0187 0.0175 0.0083 0.0108 0.0065 0.0179 0.0115 0.0406 0.0095 0.0164 
      H088.4  2 0.0114 0.0218 0.6294 0.0444 0.0049 0.0331 0.0103 0.0092 0.0163 0.1230 0.0301 0.0320 0.0340 
      H088.5  2 0.0066 0.0110 0.8709 0.0134 0.0065 0.0087 0.0134 0.0074 0.0098 0.0170 0.0091 0.0151 0.0112 
      H088.6  2 0.0155 0.0164 0.7905 0.0136 0.0069 0.0305 0.0320 0.0065 0.0206 0.0276 0.0109 0.0103 0.0189 
      H088.7  2 0.0140 0.0248 0.4278 0.0282 0.0148 0.1132 0.0278 0.0108 0.2679 0.0207 0.0232 0.0078 0.0190 
      H088.8  2 0.0247 0.0206 0.3796 0.0554 0.0083 0.1912 0.0569 0.0091 0.1282 0.0484 0.0120 0.0196 0.0461 
      H091.1  2 0.0283 0.0214 0.7779 0.0318 0.0138 0.0325 0.0149 0.0069 0.0079 0.0092 0.0268 0.0155 0.0131 
      H091.2  2 0.0209 0.0488 0.7220 0.0336 0.0164 0.0591 0.0241 0.0052 0.0121 0.0057 0.0222 0.0132 0.0168 
      H109.1  2 0.0095 0.0493 0.0237 0.5208 0.0240 0.0187 0.0266 0.0332 0.1467 0.0816 0.0109 0.0375 0.0175 
      H109.2  2 0.0272 0.0535 0.0316 0.0837 0.0149 0.0789 0.0306 0.0219 0.0497 0.4957 0.0352 0.0628 0.0142 
      H109.3  2 0.0371 0.0234 0.0116 0.1017 0.0267 0.0333 0.0237 0.0169 0.5532 0.0691 0.0585 0.0125 0.0325 
      H109.4  2 0.0144 0.0298 0.0203 0.4849 0.0271 0.0325 0.0244 0.0301 0.0775 0.1647 0.0175 0.0590 0.0180 
      H109.5  2 0.0569 0.0306 0.0170 0.0223 0.0234 0.3504 0.0446 0.0058 0.2385 0.1340 0.0436 0.0135 0.0193 
      H109.6  2 0.0521 0.0470 0.0169 0.1422 0.0245 0.0453 0.0371 0.0315 0.1406 0.3034 0.0399 0.1008 0.0188 
      H126.1  2 0.0125 0.3558 0.0164 0.0794 0.0828 0.0133 0.0306 0.0135 0.0130 0.0117 0.0583 0.2438 0.0691 
      H126.2  2 0.0108 0.0347 0.0132 0.0558 0.0418 0.5100 0.0161 0.0549 0.0208 0.0131 0.0295 0.1686 0.0307 
      H126.3  2 0.0056 0.3997 0.0196 0.0300 0.0245 0.4349 0.0119 0.0121 0.0071 0.0048 0.0067 0.0279 0.0151 
      H126.4  2 0.0344 0.0696 0.0264 0.0437 0.0389 0.0386 0.0144 0.0109 0.0150 0.0149 0.0097 0.6302 0.0533 
      H126.5  2 0.0277 0.1648 0.0097 0.0220 0.0196 0.1516 0.0070 0.0053 0.0088 0.0066 0.0810 0.4656 0.0301 
      H126.6  2 0.0400 0.0253 0.0139 0.0104 0.0254 0.7953 0.0056 0.0062 0.0100 0.0044 0.0285 0.0256 0.0096 
      H126.7  2 0.0099 0.0161 0.0107 0.0142 0.0172 0.8695 0.0062 0.0040 0.0073 0.0094 0.0116 0.0103 0.0136 
      H130.1  2 0.0147 0.0098 0.0515 0.2980 0.0411 0.0115 0.0354 0.0082 0.0294 0.0375 0.1503 0.2090 0.1036 
      H130.2  2 0.0162 0.0066 0.0246 0.0419 0.0201 0.0240 0.0222 0.0085 0.0490 0.7167 0.0285 0.0157 0.0259 
      H130.3  2 0.0066 0.0054 0.0239 0.0443 0.0082 0.0294 0.0140 0.0048 0.0186 0.1964 0.0558 0.0085 0.5841 
      H130.4  2 0.0510 0.0096 0.0418 0.2258 0.0359 0.0100 0.0313 0.0303 0.0170 0.0893 0.0309 0.1113 0.3158 
      H130.5  2 0.0192 0.0102 0.0846 0.0873 0.0386 0.0617 0.0478 0.0077 0.0145 0.4103 0.1424 0.0445 0.0311 
      H133.1  2 0.0217 0.0177 0.0447 0.0975 0.0324 0.0564 0.0155 0.1490 0.1224 0.1054 0.1290 0.0398 0.1686 
      H133.2  2 0.0348 0.0158 0.0206 0.1283 0.0450 0.0306 0.0127 0.0118 0.1824 0.2359 0.1184 0.1416 0.0220 
      H133.3  2 0.0651 0.0243 0.0470 0.1603 0.1726 0.1720 0.0269 0.1153 0.0406 0.0366 0.0856 0.0109 0.0429 
      H133.4  2 0.0413 0.0121 0.0132 0.2526 0.0197 0.0154 0.0099 0.0573 0.3917 0.0337 0.0403 0.0694 0.0433 
      H133.5  2 0.0331 0.0145 0.0253 0.5346 0.0732 0.0138 0.0065 0.0237 0.0186 0.0976 0.0366 0.0317 0.0909 
      H133.6  2 0.0156 0.0333 0.0508 0.3932 0.0359 0.0181 0.0128 0.0097 0.0257 0.1391 0.0709 0.1534 0.0414 
      H133.7  2 0.0310 0.0151 0.0152 0.0983 0.0610 0.0558 0.0781 0.1236 0.2958 0.0115 0.1507 0.0414 0.0223 
      H133.8  2 0.0358 0.0696 0.0531 0.1530 0.0914 0.0274 0.0105 0.0944 0.2143 0.0340 0.0277 0.0483 0.1405 
      H133.9  2 0.0166 0.0139 0.0526 0.1234 0.0256 0.0405 0.0143 0.1537 0.0796 0.0570 0.1149 0.0494 0.2584 
      H147.1  2 0.0138 0.0315 0.0427 0.0053 0.0552 0.4067 0.0401 0.0221 0.1102 0.1151 0.1098 0.0416 0.0057 
      H147.2  2 0.0086 0.0113 0.0088 0.0052 0.0131 0.8544 0.0085 0.0056 0.0106 0.0176 0.0327 0.0163 0.0073 
      H147.3  2 0.0098 0.0077 0.0064 0.0038 0.0417 0.8441 0.0087 0.0070 0.0111 0.0224 0.0194 0.0114 0.0064 
      H147.4  2 0.0096 0.0070 0.0077 0.0037 0.0249 0.8336 0.0081 0.0207 0.0206 0.0407 0.0132 0.0050 0.0051 
      H147.5  2 0.0123 0.0131 0.0598 0.0070 0.0265 0.5352 0.0139 0.0082 0.0330 0.2148 0.0368 0.0208 0.0187 
      H147.6  2 0.0154 0.0126 0.0689 0.0079 0.0298 0.3483 0.0122 0.0085 0.0767 0.3482 0.0301 0.0251 0.0163 
      H147.7  2 0.0155 0.0104 0.0108 0.0043 0.0137 0.7752 0.0131 0.0244 0.0347 0.0665 0.0162 0.0075 0.0076 
      H147.8  2 0.0151 0.0102 0.0554 0.0068 0.0096 0.6942 0.0055 0.0233 0.0707 0.0901 0.0077 0.0043 0.0070 
      H147.9  2 0.0056 0.0091 0.0051 0.0044 0.0173 0.8806 0.0067 0.0059 0.0077 0.0210 0.0200 0.0106 0.0062 
      H148.1  2 0.0271 0.0819 0.0555 0.0832 0.0151 0.0201 0.1766 0.0547 0.0244 0.1457 0.1024 0.1967 0.0166 
      H148.2  2 0.0202 0.0612 0.0255 0.0427 0.0275 0.0199 0.5813 0.0543 0.0203 0.0468 0.0256 0.0604 0.0143 
      H148.3  2 0.0062 0.0265 0.0074 0.0093 0.1269 0.0089 0.7336 0.0216 0.0142 0.0138 0.0109 0.0124 0.0083 
      H148.4  2 0.0234 0.0807 0.0148 0.0445 0.0339 0.0156 0.3452 0.0630 0.0217 0.0168 0.2523 0.0653 0.0229 
      H148.5  2 0.0166 0.0250 0.0156 0.0124 0.0181 0.0109 0.7580 0.0367 0.0233 0.0373 0.0118 0.0215 0.0128 
      H148.6  2 0.0150 0.0301 0.0357 0.0204 0.0195 0.0125 0.6887 0.0858 0.0135 0.0188 0.0269 0.0265 0.0066 
      H148.7  2 0.0229 0.0307 0.0203 0.0632 0.0094 0.0108 0.6417 0.0274 0.0606 0.0403 0.0237 0.0170 0.0321 
