      H105.1  1 0.0347 0.0121 0.0506 0.0143 0.0119 0.0173 0.0160 0.0087 0.0083 0.8261 
      H105.2  1 0.0244 0.0274 0.0124 0.1067 0.0140 0.0468 0.0136 0.0112 0.0183 0.7251 
      H105.3  1 0.0141 0.0119 0.0090 0.0076 0.0066 0.0064 0.0079 0.0072 0.0075 0.9218 
      H105.4  1 0.0367 0.2749 0.0103 0.0519 0.0225 0.0427 0.0108 0.0101 0.0214 0.5187 
      H105.5  1 0.3640 0.1350 0.1262 0.0445 0.1421 0.0236 0.0139 0.0094 0.0618 0.0795 
      H105.6  1 0.0160 0.0301 0.0055 0.0090 0.0194 0.0077 0.0093 0.0048 0.0084 0.8899 
      H105.7  1 0.0149 0.0224 0.0228 0.0213 0.0092 0.0065 0.0466 0.0072 0.0120 0.8370 
      H105.8  1 0.0076 0.0110 0.0063 0.0114 0.0094 0.0148 0.0184 0.0102 0.0052 0.9056 
      H115.1  1 0.0181 0.0101 0.0104 0.0101 0.8934 0.0109 0.0178 0.0090 0.0072 0.0129 
      H115.2  1 0.0092 0.0068 0.0087 0.0080 0.9157 0.0109 0.0076 0.0130 0.0094 0.0107 
      H115.3  1 0.0097 0.0147 0.0100 0.0079 0.9215 0.0096 0.0063 0.0067 0.0084 0.0053 
      H115.4  1 0.0745 0.0117 0.0560 0.0493 0.6996 0.0426 0.0114 0.0114 0.0260 0.0175 
      H115.5  1 0.0308 0.0254 0.0259 0.0620 0.7088 0.0129 0.0307 0.0595 0.0219 0.0221 
      H115.6  1 0.0167 0.0170 0.0270 0.0175 0.8573 0.0088 0.0133 0.0097 0.0223 0.0105 
      H115.7  1 0.0348 0.0208 0.0175 0.0429 0.7961 0.0159 0.0079 0.0057 0.0438 0.0145 
      H115.8  1 0.0145 0.0110 0.0178 0.0177 0.8120 0.0115 0.0274 0.0619 0.0115 0.0148 
      H115.9  1 0.0131 0.0207 0.0098 0.0077 0.8984 0.0065 0.0201 0.0077 0.0076 0.0086 
      H145.1  1 0.0575 0.0464 0.0127 0.0069 0.0167 0.0118 0.0115 0.0561 0.7748 0.0055 
      H145.2  1 0.0556 0.2370 0.0143 0.0079 0.0139 0.0177 0.0131 0.0646 0.5657 0.0100 
      H145.3  1 0.0188 0.0354 0.0188 0.0384 0.0219 0.0115 0.0935 0.1021 0.6545 0.0052 
      H145.4  1 0.0159 0.0190 0.0090 0.0064 0.0069 0.0106 0.0076 0.0228 0.8957 0.0061 
      H145.5  1 0.0398 0.0161 0.0105 0.0112 0.0088 0.0164 0.0101 0.3061 0.5752 0.0058 
      H145.6  1 0.0158 0.1506 0.0105 0.0351 0.0075 0.0179 0.0097 0.0483 0.6971 0.0074 
      H145.7  1 0.0116 0.0241 0.0149 0.0219 0.0094 0.0117 0.0144 0.0075 0.8795 0.0049 
      H149.1  1 0.9389 0.0065 0.0073 0.0066 0.0069 0.0057 0.0071 0.0085 0.0072 0.0052 
      H149.2  1 0.9209 0.0083 0.0148 0.0076 0.0066 0.0051 0.0063 0.0046 0.0191 0.0066 
      H149.3  1 0.8104 0.0114 0.0365 0.0175 0.0125 0.0153 0.0115 0.0080 0.0617 0.0151 
      H149.4  1 0.8686 0.0127 0.0179 0.0156 0.0063 0.0304 0.0108 0.0139 0.0109 0.0129 
      H149.5  1 0.7221 0.0106 0.1157 0.0298 0.0051 0.0270 0.0088 0.0055 0.0609 0.0144 
      H149.6  1 0.8922 0.0074 0.0222 0.0147 0.0043 0.0095 0.0048 0.0074 0.0274 0.0102 
      H149.7  1 0.5811 0.0165 0.0477 0.0464 0.0072 0.1510 0.0266 0.0146 0.0796 0.0293 
      H150.1  1 0.0043 0.0082 0.0059 0.0046 0.9408 0.0046 0.0083 0.0077 0.0078 0.0078 
      H150.2  1 0.0093 0.0056 0.0099 0.0096 0.9214 0.0099 0.0053 0.0124 0.0073 0.0093 
      H150.3  1 0.0056 0.0084 0.0098 0.0140 0.8888 0.0088 0.0112 0.0097 0.0259 0.0177 
      H150.4  1 0.0049 0.0136 0.0066 0.0091 0.9198 0.0049 0.0102 0.0134 0.0110 0.0066 
      H150.5  1 0.0088 0.0104 0.0150 0.0125 0.8944 0.0128 0.0065 0.0062 0.0178 0.0156 
      H150.6  1 0.0145 0.0081 0.0350 0.0347 0.8061 0.0280 0.0056 0.0112 0.0210 0.0359 
      H150.7  1 0.0043 0.0124 0.0052 0.0043 0.9354 0.0060 0.0094 0.0087 0.0082 0.0061 
   H169607.1  1 0.0479 0.0618 0.0322 0.0671 0.2470 0.3665 0.0373 0.0382 0.0835 0.0184 
   H169607.2  1 0.0191 0.2200 0.0229 0.0165 0.1551 0.3523 0.0918 0.0077 0.0995 0.0152 
   H169607.3  1 0.0319 0.1940 0.1927 0.1728 0.0988 0.1114 0.0669 0.0172 0.1012 0.0130 
   H169607.4  1 0.0344 0.6225 0.0184 0.0125 0.0524 0.1422 0.0125 0.0099 0.0825 0.0128 
   H169607.5  1 0.0463 0.2171 0.1245 0.0151 0.3272 0.0971 0.1064 0.0093 0.0480 0.0090 
   H169607.6  1 0.0246 0.3970 0.0259 0.0261 0.1185 0.2661 0.0595 0.0060 0.0575 0.0189 
   H169607.7  1 0.0150 0.0264 0.0169 0.0169 0.1131 0.6689 0.0673 0.0078 0.0299 0.0376 
   H169607.8  1 0.0168 0.8040 0.0127 0.0120 0.0153 0.0838 0.0183 0.0056 0.0250 0.0065 
   H169633.1  1 0.6086 0.0288 0.0203 0.0586 0.0389 0.0163 0.0182 0.0638 0.1108 0.0357 
   H169633.2  1 0.7196 0.0081 0.0091 0.0735 0.0113 0.0176 0.0369 0.0201 0.0506 0.0532 
   H169633.3  1 0.7825 0.0072 0.0175 0.0160 0.0095 0.0133 0.0349 0.0102 0.0709 0.0381 
   H169633.4  1 0.8100 0.0260 0.0227 0.0116 0.0173 0.0116 0.0085 0.0460 0.0273 0.0188 
   H169633.5  1 0.8002 0.0156 0.0286 0.0142 0.0206 0.0143 0.0115 0.0431 0.0324 0.0195 
   H169688.1  1 0.0211 0.0127 0.0070 0.7368 0.0169 0.1220 0.0110 0.0044 0.0625 0.0057 
   H169688.2  1 0.0159 0.0106 0.0152 0.5620 0.0472 0.2744 0.0207 0.0200 0.0140 0.0200 
   H169688.3  1 0.0209 0.0114 0.0132 0.1998 0.0820 0.5943 0.0093 0.0081 0.0431 0.0179 
   H169688.4  1 0.0072 0.0075 0.0124 0.0288 0.8654 0.0344 0.0101 0.0158 0.0087 0.0097 
   H169688.5  1 0.0093 0.0079 0.0108 0.0310 0.8777 0.0204 0.0088 0.0123 0.0105 0.0114 
   H169688.6  1 0.0147 0.0139 0.0081 0.2833 0.0513 0.5128 0.0118 0.0626 0.0224 0.0190 
   H169688.7  1 0.0139 0.0094 0.0136 0.0456 0.1275 0.6297 0.0108 0.0135 0.1258 0.0102 
   H171901.1  1 0.0177 0.0695 0.0266 0.3269 0.1155 0.0395 0.0162 0.0715 0.2982 0.0184 
   H171901.2  1 0.7598 0.0238 0.0203 0.0125 0.0684 0.0231 0.0153 0.0137 0.0434 0.0196 
   H171901.3  1 0.6832 0.0326 0.0249 0.0828 0.0625 0.0475 0.0149 0.0112 0.0286 0.0118 
   H171901.4  1 0.8457 0.0129 0.0078 0.0153 0.0347 0.0230 0.0123 0.0085 0.0115 0.0282 
   H171901.5  1 0.8389 0.0121 0.0125 0.0127 0.0192 0.0491 0.0095 0.0082 0.0233 0.0143 
   H171901.6  1 0.7647 0.0260 0.0129 0.0116 0.0518 0.0415 0.0118 0.0070 0.0444 0.0282 
   H171901.7  1 0.5566 0.0186 0.0266 0.0231 0.0382 0.2020 0.0399 0.0112 0.0673 0.0165 
   H171902.1  1 0.0382 0.0532 0.0072 0.0220 0.2456 0.3930 0.0202 0.1943 0.0155 0.0108 
  H171902.10  1 0.0606 0.0286 0.0097 0.0117 0.0220 0.7989 0.0076 0.0293 0.0241 0.0074 
   H171902.2  1 0.0330 0.0225 0.0200 0.2884 0.1486 0.2345 0.1091 0.0745 0.0198 0.0496 
   H171902.3  1 0.0771 0.0224 0.0102 0.0133 0.0572 0.7584 0.0206 0.0141 0.0176 0.0091 
   H171902.4  1 0.2469 0.1121 0.0172 0.0259 0.1826 0.1820 0.0351 0.1332 0.0478 0.0172 
   H171902.6  1 0.0737 0.0447 0.0103 0.0108 0.0317 0.7369 0.0098 0.0279 0.0473 0.0068 
   H171902.7  1 0.1749 0.0717 0.0231 0.0119 0.1137 0.3575 0.0111 0.1557 0.0728 0.0075 
   H171902.8  1 0.0798 0.0442 0.0162 0.0151 0.0465 0.6927 0.0086 0.0515 0.0373 0.0081 
   H171902.9  1 0.0270 0.0977 0.0078 0.0127 0.6151 0.1195 0.0243 0.0672 0.0168 0.0119 
   H171903.1  1 0.0389 0.2247 0.0602 0.0165 0.5087 0.0289 0.0403 0.0053 0.0322 0.0441 
   H171903.2  1 0.0603 0.3443 0.1688 0.0206 0.1857 0.0400 0.1119 0.0132 0.0162 0.0389 
   H171903.3  1 0.2144 0.0682 0.4388 0.0172 0.0984 0.0334 0.0516 0.0228 0.0307 0.0247 
   H171903.4  1 0.0252 0.1454 0.0603 0.1405 0.2625 0.0526 0.0134 0.0109 0.2727 0.0165 
   H171903.5  1 0.1995 0.0162 0.2701 0.0241 0.2952 0.1011 0.0446 0.0150 0.0165 0.0177 
   H171903.6  1 0.0578 0.0615 0.1954 0.0172 0.4303 0.1824 0.0242 0.0051 0.0161 0.0099 
      H177.1  1 0.5955 0.0524 0.0330 0.1585 0.0356 0.0572 0.0123 0.0151 0.0331 0.0073 
      H177.2  1 0.2244 0.1026 0.1469 0.0223 0.0305 0.2795 0.1163 0.0246 0.0416 0.0113 
      H177.3  1 0.4523 0.0971 0.0520 0.0098 0.0235 0.2675 0.0158 0.0244 0.0525 0.0050 
      H177.4  1 0.5922 0.0417 0.0754 0.1125 0.0089 0.0714 0.0164 0.0127 0.0533 0.0154 
      H177.5  1 0.0447 0.0557 0.2582 0.4660 0.0349 0.0358 0.0310 0.0134 0.0321 0.0284 
      H177.6  1 0.6866 0.0486 0.0337 0.0126 0.0307 0.1009 0.0161 0.0221 0.0419 0.0068 
      H179.1  1 0.0912 0.0306 0.0451 0.1661 0.0284 0.3458 0.0384 0.0073 0.0104 0.2366 
      H179.2  1 0.0853 0.0132 0.0794 0.0354 0.0490 0.6033 0.0513 0.0071 0.0111 0.0648 
      H179.3  1 0.0201 0.0782 0.0455 0.2075 0.0541 0.3709 0.1330 0.0074 0.0116 0.0717 
      H179.4  1 0.4872 0.0236 0.0206 0.0561 0.0088 0.2751 0.0728 0.0065 0.0195 0.0299 
      H180.1  1 0.0219 0.0060 0.0244 0.0338 0.8455 0.0140 0.0073 0.0215 0.0068 0.0186 
      H180.2  1 0.0122 0.0095 0.0108 0.0372 0.8678 0.0115 0.0070 0.0170 0.0059 0.0212 
      H180.3  1 0.0122 0.0064 0.0158 0.0068 0.9061 0.0084 0.0140 0.0123 0.0103 0.0077 
      H180.4  1 0.0300 0.0088 0.0698 0.0433 0.6403 0.0204 0.0194 0.0355 0.0144 0.1181 
      H180.5  1 0.0134 0.0090 0.0332 0.0307 0.8187 0.0154 0.0220 0.0222 0.0100 0.0253 
      H180.6  1 0.0192 0.0155 0.0204 0.0152 0.5093 0.0148 0.3020 0.0494 0.0345 0.0197 
      H181.1  1 0.3330 0.0410 0.3035 0.1767 0.0245 0.0557 0.0090 0.0317 0.0124 0.0124 
      H181.2  1 0.4221 0.0233 0.0667 0.2253 0.0244 0.1036 0.0129 0.0461 0.0484 0.0271 
      H181.3  1 0.1265 0.0379 0.0258 0.6262 0.0086 0.1027 0.0103 0.0291 0.0197 0.0131 
      H181.4  1 0.2405 0.0306 0.4432 0.0664 0.0704 0.0651 0.0185 0.0060 0.0465 0.0127 
      H181.5  1 0.0678 0.0123 0.0255 0.8017 0.0078 0.0313 0.0125 0.0106 0.0138 0.0168 
      H181.6  1 0.4201 0.0234 0.0498 0.1231 0.0625 0.1007 0.0254 0.0146 0.0215 0.1589 
      H181.7  1 0.1898 0.0229 0.0350 0.1912 0.0264 0.4377 0.0407 0.0196 0.0152 0.0215 
 H194.1_2004  1 0.0197 0.0260 0.0091 0.0097 0.0802 0.0117 0.0259 0.0116 0.7964 0.0097 
 H194.2_2004  1 0.0131 0.0433 0.0180 0.0668 0.0173 0.0066 0.0087 0.0152 0.8053 0.0057 
 H194.3_2004  1 0.1490 0.0160 0.0078 0.0082 0.0065 0.0173 0.0151 0.0154 0.7548 0.0099 
 H194.4_2004  1 0.0895 0.0498 0.0080 0.0733 0.0107 0.0084 0.0081 0.0268 0.7182 0.0071 
 H194.5_2004  1 0.1347 0.0161 0.0126 0.0139 0.0140 0.0196 0.0256 0.0067 0.7421 0.0148 
 H194.6_2004  1 0.5008 0.0262 0.0239 0.1228 0.0192 0.0276 0.0191 0.0115 0.2370 0.0118 
 H194.7_2004  1 0.0129 0.0420 0.0241 0.0265 0.0137 0.0091 0.1081 0.0072 0.7441 0.0122 
 H194.8_2004  1 0.1452 0.0178 0.0205 0.1389 0.0132 0.0177 0.0192 0.0112 0.6054 0.0107 
      H194.9  1 0.0103 0.0188 0.0119 0.0170 0.0185 0.0085 0.1063 0.0141 0.7845 0.0101 
 H195.1_2003  1 0.0454 0.0288 0.0085 0.0213 0.0124 0.0455 0.0087 0.0061 0.6276 0.1957 
 H195.1_2004  1 0.0160 0.0144 0.0125 0.0125 0.0074 0.0174 0.0069 0.0343 0.8720 0.0066 
 H195.2_2003  1 0.0303 0.0750 0.0116 0.0249 0.0960 0.0450 0.0454 0.0116 0.5532 0.1070 
 H195.2_2004  1 0.0105 0.0132 0.0079 0.0116 0.0096 0.0080 0.0146 0.0243 0.8903 0.0100 
 H195.3_2003  1 0.0163 0.1341 0.0181 0.0393 0.1519 0.0477 0.0209 0.0088 0.2518 0.3113 
 H195.3_2004  1 0.0414 0.0317 0.0094 0.0129 0.0068 0.0123 0.0052 0.0142 0.8472 0.0187 
 H195.4_2003  1 0.0186 0.0222 0.0055 0.0084 0.0054 0.0074 0.0064 0.0045 0.8823 0.0394 
 H195.4_2004  1 0.0097 0.0248 0.0112 0.0607 0.0060 0.0105 0.0209 0.0090 0.8397 0.0075 
 H195.5_2003  1 0.0357 0.0350 0.0105 0.0428 0.0192 0.0275 0.0081 0.0054 0.5314 0.2843 
 H195.5_2004  1 0.0167 0.0271 0.0095 0.0206 0.0051 0.0145 0.0076 0.0203 0.8619 0.0166 
 H195.6_2003  1 0.0154 0.0853 0.0121 0.0230 0.0804 0.0337 0.0111 0.0093 0.4821 0.2476 
 H195.6_2004  1 0.0183 0.0151 0.0044 0.0071 0.0043 0.0111 0.0075 0.0096 0.9053 0.0172 
 H195.7_2003  1 0.0183 0.0194 0.0100 0.0427 0.0084 0.0258 0.0197 0.0042 0.8229 0.0285 
 H195.7_2004  1 0.0111 0.0148 0.0177 0.0180 0.0125 0.0187 0.0072 0.1291 0.7609 0.0099 
      H195.8  1 0.0067 0.0183 0.0110 0.0367 0.0095 0.0127 0.0117 0.0116 0.8734 0.0084 
      H195.9  1 0.0189 0.0296 0.0134 0.0175 0.0092 0.0140 0.0153 0.0080 0.8654 0.0087 
      H415.1  1 0.3713 0.0109 0.0131 0.0208 0.2225 0.0163 0.0531 0.1030 0.0978 0.0911 
      H415.2  1 0.6916 0.0419 0.0188 0.0085 0.1306 0.0327 0.0145 0.0276 0.0204 0.0135 
      H415.3  1 0.8066 0.0068 0.0252 0.0087 0.0205 0.0241 0.0128 0.0077 0.0382 0.0494 
      H415.4  1 0.5926 0.0084 0.0214 0.0138 0.1896 0.0072 0.0370 0.0221 0.0732 0.0347 
      H415.5  1 0.8722 0.0057 0.0099 0.0095 0.0201 0.0125 0.0091 0.0098 0.0271 0.0240 
      H415.6  1 0.5206 0.0088 0.0210 0.0160 0.2044 0.0096 0.0375 0.0197 0.0963 0.0661 
      H415.7  1 0.7842 0.0195 0.0248 0.0073 0.0213 0.0569 0.0108 0.0181 0.0406 0.0164 
      H506.1  1 0.7520 0.0106 0.0107 0.0329 0.0058 0.0464 0.0164 0.0274 0.0064 0.0914 
      H506.2  1 0.8450 0.0169 0.0133 0.0114 0.0053 0.0542 0.0135 0.0102 0.0105 0.0198 
      H506.3  1 0.3609 0.0197 0.0360 0.0922 0.0117 0.1129 0.0472 0.2140 0.0093 0.0961 
      H506.4  1 0.5584 0.0252 0.0318 0.0621 0.0125 0.1121 0.0354 0.0624 0.0089 0.0911 
      H506.5  1 0.8078 0.0233 0.0112 0.0299 0.0066 0.0270 0.0193 0.0206 0.0060 0.0483 
      H506.6  1 0.0932 0.3803 0.0857 0.0440 0.0095 0.2163 0.0224 0.1099 0.0107 0.0279 
      H506.7  1 0.8091 0.0123 0.0088 0.0235 0.0058 0.0249 0.0202 0.0199 0.0084 0.0671 
      H533.1  1 0.3823 0.0113 0.0108 0.0156 0.0082 0.5135 0.0088 0.0292 0.0054 0.0151 
      H533.2  1 0.5818 0.0097 0.0082 0.0156 0.0075 0.3113 0.0109 0.0363 0.0061 0.0126 
      H533.3  1 0.3283 0.0237 0.0414 0.0176 0.0137 0.5248 0.0213 0.0118 0.0052 0.0122 
      H533.4  1 0.3592 0.0470 0.0155 0.0327 0.0134 0.4594 0.0135 0.0311 0.0116 0.0167 
      H535.1  1 0.8438 0.0152 0.0204 0.0149 0.0257 0.0275 0.0157 0.0062 0.0234 0.0074 
      H535.2  1 0.6202 0.0158 0.0296 0.0823 0.0068 0.0477 0.1507 0.0045 0.0292 0.0133 
      H535.3  1 0.4941 0.0534 0.0292 0.1632 0.0132 0.0496 0.1171 0.0092 0.0178 0.0531 
      H535.4  1 0.9206 0.0061 0.0092 0.0129 0.0075 0.0057 0.0074 0.0043 0.0127 0.0137 
      H535.5  1 0.9006 0.0074 0.0106 0.0220 0.0087 0.0168 0.0081 0.0038 0.0132 0.0089 
      H535.6  1 0.4938 0.0459 0.0397 0.1543 0.0350 0.0639 0.0428 0.0067 0.1094 0.0085 
      H535.7  1 0.8789 0.0145 0.0098 0.0162 0.0097 0.0190 0.0151 0.0087 0.0087 0.0194 
      H535.8  1 0.7186 0.0207 0.0075 0.1417 0.0106 0.0228 0.0284 0.0077 0.0180 0.0241 
      H535.9  1 0.8038 0.0520 0.0114 0.0138 0.0242 0.0225 0.0180 0.0133 0.0115 0.0294 
      H539.1  1 0.0047 0.0136 0.0047 0.0040 0.9418 0.0043 0.0090 0.0091 0.0046 0.0043 
      H539.2  1 0.0157 0.0138 0.0150 0.0370 0.8184 0.0495 0.0172 0.0128 0.0106 0.0100 
      H539.3  1 0.0085 0.0220 0.0080 0.0121 0.8796 0.0093 0.0219 0.0199 0.0122 0.0066 
      H539.4  1 0.0062 0.0072 0.0129 0.0061 0.9030 0.0106 0.0116 0.0284 0.0041 0.0099 
      H539.5  1 0.0051 0.0122 0.0052 0.0042 0.9392 0.0045 0.0116 0.0086 0.0060 0.0034 
      H539.6  1 0.0049 0.0084 0.0046 0.0055 0.9461 0.0045 0.0082 0.0055 0.0079 0.0045 
      H539.7  1 0.0043 0.0073 0.0052 0.0056 0.9498 0.0062 0.0054 0.0054 0.0058 0.0050 
      H539.8  1 0.0091 0.0109 0.0122 0.0222 0.8657 0.0081 0.0125 0.0320 0.0139 0.0133 
      H539.9  1 0.0043 0.0082 0.0055 0.0061 0.9337 0.0068 0.0100 0.0148 0.0042 0.0063 
      H540.1  1 0.0080 0.0162 0.0204 0.0073 0.9011 0.0144 0.0065 0.0121 0.0089 0.0052 
      H540.2  1 0.0069 0.0123 0.0086 0.0047 0.9344 0.0087 0.0076 0.0046 0.0080 0.0042 
      H540.3  1 0.0358 0.0498 0.0676 0.0521 0.2693 0.0417 0.0069 0.4074 0.0627 0.0066 
      H540.4  1 0.0073 0.0075 0.0134 0.0064 0.9265 0.0126 0.0047 0.0056 0.0100 0.0060 
      H540.5  1 0.0124 0.0147 0.0159 0.0106 0.8837 0.0121 0.0073 0.0298 0.0070 0.0064 
      H540.6  1 0.0128 0.0356 0.0283 0.0206 0.8387 0.0206 0.0124 0.0143 0.0109 0.0059 
      H540.7  1 0.0097 0.0103 0.0097 0.0059 0.9280 0.0092 0.0075 0.0051 0.0070 0.0077 
      H540.8  1 0.0125 0.0098 0.0119 0.0040 0.9228 0.0117 0.0063 0.0063 0.0094 0.0053 
     H9558.1  1 0.0059 0.0168 0.0050 0.0062 0.9259 0.0095 0.0056 0.0113 0.0056 0.0083 
     H9558.2  1 0.0090 0.0356 0.0088 0.0106 0.8736 0.0096 0.0160 0.0152 0.0074 0.0143 
     H9558.3  1 0.0088 0.0165 0.0081 0.0071 0.9069 0.0047 0.0141 0.0138 0.0068 0.0132 
     H9558.4  1 0.0069 0.0101 0.0067 0.0060 0.9293 0.0104 0.0050 0.0133 0.0057 0.0066 
     H9558.5  1 0.0067 0.0093 0.0082 0.0081 0.9113 0.0084 0.0038 0.0292 0.0045 0.0105 
     H9558.6  1 0.0134 0.0321 0.0513 0.0091 0.7798 0.0065 0.0777 0.0127 0.0092 0.0081 
    kos339.1  1 0.9159 0.0099 0.0138 0.0078 0.0068 0.0099 0.0148 0.0074 0.0066 0.0070 
    kos339.2  1 0.9032 0.0062 0.0092 0.0085 0.0081 0.0091 0.0218 0.0095 0.0133 0.0110 
    kos339.3  1 0.9381 0.0053 0.0099 0.0039 0.0087 0.0079 0.0095 0.0037 0.0061 0.0069 
    kos339.4  1 0.9280 0.0051 0.0094 0.0074 0.0095 0.0068 0.0083 0.0073 0.0088 0.0094 
    kos339.5  1 0.9237 0.0079 0.0094 0.0062 0.0069 0.0108 0.0148 0.0037 0.0079 0.0086 
    kos339.6  1 0.9170 0.0075 0.0136 0.0057 0.0067 0.0064 0.0081 0.0115 0.0157 0.0077 
    kos339.7  1 0.9466 0.0050 0.0065 0.0051 0.0059 0.0074 0.0079 0.0050 0.0062 0.0043 
    kos339.8  1 0.9354 0.0045 0.0085 0.0080 0.0062 0.0073 0.0073 0.0076 0.0075 0.0078 
    kos339.9  1 0.8835 0.0107 0.0093 0.0057 0.0238 0.0206 0.0173 0.0063 0.0138 0.0089 
      H008.1  2 0.0111 0.0131 0.0082 0.0117 0.0677 0.0197 0.8254 0.0065 0.0123 0.0242 
      H008.2  2 0.0340 0.0747 0.0228 0.0412 0.2190 0.1064 0.1755 0.1097 0.0128 0.2039 
      H008.3  2 0.0408 0.0774 0.0285 0.1636 0.2160 0.1069 0.1449 0.0538 0.0347 0.1336 
      H008.4  2 0.0196 0.0210 0.0090 0.0198 0.0353 0.0110 0.8014 0.0412 0.0221 0.0196 
      H008.5  2 0.0124 0.0104 0.0115 0.0195 0.0276 0.0121 0.8504 0.0187 0.0135 0.0240 
      H008.6  2 0.0382 0.0763 0.0138 0.0111 0.0550 0.0242 0.4739 0.1338 0.0148 0.1588 
      H008.7  2 0.0300 0.0377 0.0123 0.0890 0.0716 0.0367 0.5001 0.1039 0.0284 0.0904 
      H008.8  2 0.0265 0.0407 0.0109 0.0179 0.6037 0.0423 0.2173 0.0178 0.0107 0.0122 
      H008.9  2 0.0243 0.1588 0.0172 0.0238 0.0932 0.0443 0.0554 0.4757 0.0406 0.0667 
 H029.1_2002  2 0.0137 0.0201 0.0113 0.0347 0.0248 0.0104 0.8375 0.0251 0.0121 0.0101 
 H029.1_2003  2 0.0279 0.0236 0.0206 0.0264 0.0182 0.0374 0.7957 0.0243 0.0137 0.0122 
 H029.2_2002  2 0.0536 0.0072 0.0086 0.0678 0.0100 0.0129 0.7915 0.0203 0.0186 0.0095 
 H029.2_2003  2 0.0736 0.0182 0.0231 0.0337 0.0163 0.0296 0.7459 0.0323 0.0204 0.0069 
 H029.3_2002  2 0.0657 0.0136 0.0189 0.1252 0.0074 0.0336 0.6156 0.0929 0.0196 0.0074 
 H029.3_2003  2 0.0123 0.0052 0.0109 0.0170 0.0066 0.0117 0.9034 0.0073 0.0088 0.0168 
 H029.4_2002  2 0.0054 0.0048 0.0077 0.0179 0.0048 0.0068 0.9159 0.0155 0.0105 0.0107 
 H029.4_2003  2 0.0102 0.0126 0.0152 0.0816 0.0498 0.0297 0.7444 0.0248 0.0103 0.0213 
 H029.5_2002  2 0.0082 0.0063 0.0059 0.0182 0.0065 0.0059 0.9167 0.0064 0.0110 0.0149 
 H029.5_2003  2 0.0082 0.0076 0.0076 0.0118 0.0094 0.0165 0.9095 0.0123 0.0071 0.0101 
 H029.6_2002  2 0.0064 0.0063 0.0085 0.0957 0.0055 0.0106 0.8132 0.0333 0.0144 0.0063 
 H029.6_2003  2 0.0512 0.0184 0.0229 0.0222 0.0126 0.0446 0.7563 0.0104 0.0350 0.0263 
      H029.7  2 0.0171 0.0104 0.0055 0.0248 0.0077 0.0105 0.8800 0.0204 0.0156 0.0081 
      H030.1  2 0.0213 0.0171 0.7841 0.0594 0.0084 0.0169 0.0329 0.0057 0.0192 0.0349 
      H030.2  2 0.0247 0.0084 0.2411 0.1854 0.0547 0.0136 0.1895 0.1094 0.0353 0.1379 
      H038.1  2 0.0063 0.0092 0.0090 0.0071 0.0092 0.0066 0.9129 0.0285 0.0059 0.0054 
      H038.2  2 0.0162 0.0037 0.0141 0.0077 0.0058 0.0063 0.9226 0.0060 0.0072 0.0103 
      H038.3  2 0.0199 0.0083 0.0656 0.0084 0.0099 0.0107 0.8059 0.0432 0.0117 0.0164 
      H038.4  2 0.0117 0.0066 0.0147 0.0069 0.0097 0.0070 0.8797 0.0282 0.0204 0.0151 
      H038.5  2 0.0100 0.0057 0.0215 0.0121 0.0097 0.0168 0.8760 0.0297 0.0122 0.0064 
      H038.6  2 0.0102 0.0047 0.0094 0.0069 0.0126 0.0078 0.9294 0.0093 0.0048 0.0049 
      H038.7  2 0.0128 0.0065 0.0148 0.0053 0.0131 0.0075 0.9153 0.0105 0.0049 0.0092 
      H038.8  2 0.0162 0.0065 0.0675 0.0104 0.0103 0.0081 0.7440 0.1147 0.0146 0.0078 
      H041.1  2 0.0148 0.0264 0.0193 0.1502 0.0128 0.0140 0.4262 0.0240 0.0431 0.2693 
      H041.2  2 0.0362 0.0182 0.0139 0.0402 0.0097 0.0076 0.3693 0.0133 0.0464 0.4453 
      H041.4  2 0.0136 0.0252 0.0132 0.0302 0.0269 0.0129 0.7908 0.0267 0.0290 0.0314 
      H041.6  2 0.0195 0.0465 0.0231 0.0663 0.0518 0.0097 0.6803 0.0157 0.0417 0.0454 
 H042.1_2002  2 0.0259 0.0226 0.0158 0.4719 0.2006 0.0219 0.0121 0.0165 0.1998 0.0129 
 H042.1_2003  2 0.0595 0.0306 0.0412 0.0244 0.1697 0.0511 0.1097 0.1200 0.0608 0.3329 
 H042.2_2002  2 0.0250 0.0158 0.0181 0.1323 0.0358 0.0742 0.5436 0.0447 0.0849 0.0256 
 H042.2_2003  2 0.0524 0.0364 0.0225 0.0328 0.1282 0.0195 0.3557 0.0075 0.1697 0.1753 
 H042.3_2002  2 0.0257 0.0310 0.0310 0.2119 0.0703 0.0743 0.0230 0.0176 0.4946 0.0206 
 H042.3_2003  2 0.0190 0.0316 0.0274 0.0960 0.2099 0.1061 0.1822 0.0510 0.1947 0.0822 
 H042.4_2002  2 0.0376 0.0306 0.0736 0.6012 0.0488 0.0226 0.0503 0.0214 0.0938 0.0201 
 H042.4_2003  2 0.0201 0.0644 0.0454 0.5408 0.0558 0.0128 0.1445 0.0086 0.0846 0.0229 
      H042.5  2 0.0111 0.0191 0.0080 0.8537 0.0237 0.0111 0.0148 0.0035 0.0390 0.0161 
      H042.6  2 0.0111 0.0293 0.0173 0.7401 0.0982 0.0131 0.0342 0.0103 0.0365 0.0098 
      H042.7  2 0.0181 0.0202 0.0220 0.2340 0.0205 0.0165 0.0430 0.0061 0.5968 0.0229 
      H042.8  2 0.0159 0.0269 0.0106 0.5429 0.0543 0.0205 0.0453 0.0344 0.1231 0.1260 
   H042_2002  2 0.0171 0.0724 0.0108 0.0156 0.6164 0.0182 0.0938 0.0314 0.0397 0.0845 
   H042_2003  2 0.0167 0.0709 0.0139 0.0154 0.6158 0.0222 0.0947 0.0272 0.0482 0.0750 
      H043.1  2 0.0123 0.0097 0.0136 0.0126 0.8187 0.0186 0.0130 0.0671 0.0053 0.0292 
      H043.2  2 0.0160 0.2087 0.0125 0.0098 0.3526 0.0413 0.0938 0.2199 0.0216 0.0238 
      H043.3  2 0.0639 0.0608 0.0252 0.0059 0.1413 0.0341 0.5828 0.0418 0.0105 0.0337 
      H043.4  2 0.0164 0.0591 0.0177 0.0072 0.7349 0.0091 0.0480 0.0696 0.0078 0.0302 
      H043.5  2 0.0192 0.0312 0.0176 0.0082 0.1563 0.0423 0.2533 0.4206 0.0121 0.0394 
      H043.6  2 0.0339 0.0416 0.0205 0.0097 0.1577 0.0210 0.4201 0.2741 0.0120 0.0096 
      H043.7  2 0.0128 0.5068 0.0270 0.0052 0.1605 0.0110 0.0296 0.1623 0.0069 0.0780 
      H043.8  2 0.0563 0.1351 0.0998 0.0164 0.1513 0.3240 0.0785 0.0538 0.0228 0.0620 
      H043.9  2 0.0233 0.0291 0.0278 0.0207 0.6692 0.0199 0.1023 0.0468 0.0070 0.0540 
      H047.1  2 0.0177 0.0116 0.0069 0.0065 0.1915 0.0092 0.3235 0.0076 0.0091 0.4163 
      H047.2  2 0.0156 0.0099 0.0112 0.0138 0.0088 0.0126 0.0897 0.0062 0.0110 0.8212 
      H047.3  2 0.0060 0.0105 0.0084 0.0104 0.0067 0.0061 0.0257 0.0046 0.0093 0.9124 
      H047.4  2 0.0243 0.0231 0.0110 0.0110 0.0108 0.0116 0.2186 0.0051 0.0168 0.6677 
      H047.5  2 0.0101 0.0141 0.0073 0.0067 0.0127 0.0072 0.0455 0.0038 0.0073 0.8853 
      H047.6  2 0.0088 0.0138 0.0059 0.0084 0.0053 0.0068 0.0116 0.0047 0.0097 0.9251 
      H047.7  2 0.0117 0.0074 0.0063 0.0135 0.1198 0.0074 0.2375 0.0088 0.0133 0.5742 
      H047.8  2 0.0103 0.0130 0.0063 0.0080 0.0093 0.0082 0.0209 0.0036 0.0095 0.9108 
      H047.9  2 0.0240 0.0138 0.0091 0.0074 0.0458 0.0082 0.1675 0.0045 0.0278 0.6921 
 H071.1_2002  2 0.0160 0.0094 0.0085 0.0065 0.0182 0.0079 0.9141 0.0065 0.0057 0.0072 
 H071.1_2003  2 0.0228 0.0532 0.0402 0.0064 0.0492 0.0078 0.7799 0.0112 0.0175 0.0118 
     H071.10  2 0.0080 0.0063 0.0200 0.0083 0.0065 0.0078 0.9222 0.0091 0.0069 0.0049 
 H071.2_2002  2 0.0116 0.0189 0.0097 0.0055 0.0095 0.0088 0.9115 0.0091 0.0076 0.0078 
 H071.2_2003  2 0.0057 0.0068 0.0060 0.0051 0.0081 0.0052 0.9498 0.0035 0.0052 0.0046 
      H071.3  2 0.0075 0.0062 0.0270 0.0083 0.0087 0.0088 0.8851 0.0087 0.0054 0.0342 
 H071.4_2002  2 0.0129 0.0088 0.0243 0.0084 0.0073 0.0161 0.8813 0.0208 0.0120 0.0081 
 H071.4_2003  2 0.0050 0.0043 0.0080 0.0054 0.0078 0.0078 0.9443 0.0032 0.0053 0.0090 
 H071.5_2002  2 0.0074 0.0074 0.0095 0.0088 0.0083 0.0063 0.9362 0.0052 0.0049 0.0060 
 H071.5_2003  2 0.0084 0.0104 0.0189 0.0050 0.0109 0.0101 0.9114 0.0039 0.0089 0.0119 
 H071.6_2002  2 0.0083 0.0068 0.0082 0.0062 0.0082 0.0126 0.9310 0.0061 0.0066 0.0062 
 H071.6_2003  2 0.0074 0.0077 0.0185 0.0059 0.0077 0.0076 0.9288 0.0038 0.0057 0.0069 
 H071.7_2002  2 0.0066 0.0068 0.0054 0.0047 0.0092 0.0061 0.9454 0.0047 0.0042 0.0069 
 H071.7_2003  2 0.0104 0.0096 0.0306 0.0055 0.0144 0.0070 0.8999 0.0050 0.0098 0.0077 
      H071.8  2 0.0060 0.0129 0.0070 0.0056 0.0073 0.0079 0.9284 0.0080 0.0075 0.0093 
      H071.9  2 0.0091 0.0262 0.0307 0.0116 0.0112 0.0224 0.8348 0.0211 0.0134 0.0195 
 H081.1_2002  2 0.0062 0.0100 0.0069 0.0074 0.0105 0.0051 0.9354 0.0050 0.0079 0.0056 
 H081.1_2003  2 0.0696 0.0407 0.1947 0.0657 0.1393 0.0402 0.0955 0.3160 0.0217 0.0165 
 H081.2_2002  2 0.0062 0.0167 0.0064 0.0071 0.0158 0.0052 0.9222 0.0051 0.0069 0.0084 
 H081.2_2003  2 0.0076 0.0302 0.7749 0.0242 0.0760 0.0207 0.0339 0.0115 0.0109 0.0102 
 H081.3_2002  2 0.0091 0.0240 0.0164 0.0092 0.0091 0.0066 0.8914 0.0075 0.0152 0.0114 
 H081.3_2003  2 0.0230 0.0754 0.6269 0.0195 0.1500 0.0375 0.0180 0.0222 0.0127 0.0147 
 H081.4_2002  2 0.0116 0.0070 0.0119 0.0068 0.0093 0.0081 0.9260 0.0050 0.0071 0.0072 
 H081.4_2003  2 0.0245 0.0661 0.6879 0.0360 0.0950 0.0255 0.0204 0.0166 0.0194 0.0085 
 H081.5_2002  2 0.0101 0.0110 0.0128 0.0061 0.0092 0.0065 0.9242 0.0053 0.0074 0.0073 
 H081.5_2003  2 0.0425 0.2470 0.3722 0.0287 0.1156 0.0226 0.0760 0.0332 0.0269 0.0353 
      H081.6  2 0.0069 0.0100 0.0074 0.0058 0.0124 0.0084 0.9319 0.0048 0.0066 0.0058 
      H081.7  2 0.0081 0.0372 0.0167 0.0075 0.0093 0.0066 0.8916 0.0056 0.0101 0.0071 
      H081.8  2 0.0132 0.0220 0.0608 0.0150 0.0093 0.0134 0.8177 0.0206 0.0190 0.0088 
      H083.1  2 0.0181 0.0049 0.0090 0.0169 0.0066 0.0109 0.9085 0.0104 0.0052 0.0096 
      H083.2  2 0.0155 0.0146 0.0127 0.0341 0.0219 0.0107 0.8297 0.0102 0.0084 0.0422 
      H083.4  2 0.0063 0.0157 0.0087 0.0704 0.0137 0.0240 0.8141 0.0202 0.0114 0.0157 
      H083.5  2 0.0109 0.0082 0.0062 0.0366 0.0093 0.0086 0.8843 0.0196 0.0068 0.0094 
      H083.6  2 0.0133 0.0096 0.0110 0.0384 0.0061 0.0156 0.8735 0.0115 0.0149 0.0061 
      H083.7  2 0.0081 0.0131 0.0094 0.0836 0.0130 0.0311 0.7844 0.0160 0.0249 0.0164 
      H083.8  2 0.0181 0.0208 0.0106 0.0257 0.0168 0.0154 0.7921 0.0098 0.0088 0.0820 
      H083.9  2 0.0080 0.0060 0.0089 0.0371 0.0064 0.0070 0.8998 0.0083 0.0078 0.0108 
      H084.1  2 0.0062 0.0102 0.8400 0.0136 0.0109 0.0119 0.0113 0.0605 0.0123 0.0230 
      H084.2  2 0.0096 0.0062 0.8414 0.0229 0.0121 0.0178 0.0134 0.0643 0.0061 0.0060 
      H084.3  2 0.0289 0.0102 0.6344 0.0257 0.0105 0.0118 0.0092 0.1853 0.0606 0.0233 
      H084.4  2 0.0240 0.0100 0.6180 0.0223 0.0118 0.0094 0.0171 0.2081 0.0557 0.0237 
      H084.5  2 0.0166 0.0111 0.8238 0.0091 0.0078 0.0116 0.0066 0.0543 0.0170 0.0422 
      H084.6  2 0.0209 0.0066 0.7153 0.0175 0.0065 0.0106 0.0065 0.1326 0.0546 0.0290 
      H084.7  2 0.0061 0.0072 0.8948 0.0187 0.0103 0.0115 0.0139 0.0148 0.0117 0.0110 
      H084.8  2 0.0117 0.0080 0.7434 0.0110 0.0065 0.0093 0.0071 0.1223 0.0337 0.0470 
 H085.1_2002  2 0.0121 0.5926 0.0145 0.1022 0.0160 0.0071 0.2017 0.0267 0.0160 0.0110 
 H085.1_2003  2 0.0095 0.0436 0.0299 0.1394 0.0088 0.0176 0.6647 0.0246 0.0237 0.0381 
 H085.2_2002  2 0.0225 0.5726 0.0484 0.1310 0.0163 0.0157 0.0421 0.0721 0.0688 0.0105 
 H085.2_2003  2 0.0173 0.0313 0.0242 0.0717 0.0099 0.0249 0.7623 0.0143 0.0119 0.0323 
 H085.3_2002  2 0.0092 0.8239 0.0193 0.0454 0.0153 0.0054 0.0247 0.0067 0.0384 0.0117 
 H085.3_2003  2 0.0071 0.0312 0.0377 0.0124 0.0188 0.0141 0.8329 0.0060 0.0121 0.0277 
 H085.4_2002  2 0.0158 0.5274 0.0192 0.0487 0.0297 0.0140 0.2621 0.0408 0.0348 0.0075 
 H085.4_2003  2 0.0207 0.0205 0.0393 0.0206 0.0155 0.0062 0.8298 0.0058 0.0230 0.0186 
 H085.5_2002  2 0.0093 0.8505 0.0120 0.0101 0.0214 0.0064 0.0420 0.0051 0.0332 0.0100 
 H085.5_2003  2 0.0094 0.0099 0.0155 0.0367 0.0100 0.0160 0.8766 0.0074 0.0091 0.0093 
 H085.6_2002  2 0.0114 0.8283 0.0177 0.0449 0.0088 0.0102 0.0391 0.0110 0.0163 0.0122 
 H085.6_2003  2 0.0211 0.2864 0.1319 0.0196 0.0264 0.0190 0.2323 0.0083 0.0586 0.1963 
 H085.7_2002  2 0.0241 0.6911 0.0321 0.0734 0.0161 0.0160 0.0863 0.0154 0.0294 0.0163 
 H085.7_2003  2 0.0092 0.0199 0.0260 0.0142 0.0155 0.0163 0.8396 0.0105 0.0172 0.0317 
 H085.8_2002  2 0.0120 0.7321 0.0760 0.0132 0.0157 0.0175 0.0407 0.0144 0.0657 0.0126 
 H085.8_2003  2 0.0316 0.0672 0.0516 0.3753 0.0247 0.0209 0.2840 0.0199 0.0421 0.0827 
      H085.9  2 0.0117 0.5450 0.0230 0.0592 0.0476 0.0094 0.2116 0.0369 0.0417 0.0139 
      H088.1  2 0.0106 0.0189 0.0172 0.7726 0.0425 0.0377 0.0161 0.0095 0.0658 0.0091 
      H088.2  2 0.0265 0.0368 0.0195 0.8083 0.0154 0.0202 0.0100 0.0114 0.0400 0.0119 
      H088.3  2 0.0139 0.0289 0.0112 0.8759 0.0067 0.0145 0.0084 0.0066 0.0204 0.0135 
      H088.4  2 0.0282 0.0189 0.1346 0.6598 0.0257 0.0433 0.0536 0.0118 0.0100 0.0141 
      H088.5  2 0.0070 0.0115 0.0122 0.9042 0.0149 0.0136 0.0108 0.0067 0.0090 0.0102 
      H088.6  2 0.0150 0.0104 0.0408 0.7834 0.0145 0.0238 0.0282 0.0081 0.0447 0.0311 
      H088.7  2 0.0255 0.0195 0.0199 0.3316 0.0102 0.0176 0.1798 0.0110 0.0293 0.3556 
      H088.8  2 0.0239 0.0123 0.0517 0.3905 0.0284 0.0678 0.2769 0.0183 0.0335 0.0967 
      H091.1  2 0.0183 0.0161 0.0246 0.8383 0.0168 0.0180 0.0212 0.0070 0.0159 0.0239 
      H091.2  2 0.0264 0.0118 0.0110 0.7763 0.0213 0.0210 0.0428 0.0059 0.0392 0.0444 
      H109.1  2 0.0158 0.0516 0.1206 0.0569 0.0744 0.1522 0.0268 0.0831 0.0317 0.3869 
      H109.2  2 0.0176 0.0360 0.6114 0.0329 0.0432 0.0329 0.0792 0.0183 0.0470 0.0815 
      H109.3  2 0.0506 0.0149 0.1111 0.0158 0.0187 0.0859 0.0642 0.0235 0.0915 0.5239 
      H109.4  2 0.0207 0.0448 0.1926 0.0267 0.0741 0.3063 0.0591 0.0607 0.0878 0.1271 
      H109.5  2 0.0550 0.0212 0.0560 0.0187 0.0115 0.0186 0.5190 0.0054 0.1451 0.1496 
      H109.6  2 0.0615 0.0244 0.4014 0.0188 0.1174 0.0629 0.0481 0.0230 0.0472 0.1953 
      H126.1  2 0.0384 0.5602 0.0133 0.0135 0.1616 0.1168 0.0245 0.0124 0.0396 0.0197 
      H126.2  2 0.0130 0.1627 0.0156 0.0148 0.1025 0.0500 0.5559 0.0553 0.0131 0.0170 
      H126.3  2 0.0291 0.0955 0.0061 0.0184 0.0430 0.0577 0.6809 0.0218 0.0163 0.0310 
      H126.4  2 0.0256 0.2448 0.0193 0.0259 0.4514 0.1202 0.0612 0.0162 0.0171 0.0184 
      H126.5  2 0.0438 0.0395 0.0079 0.0082 0.8166 0.0166 0.0465 0.0050 0.0074 0.0084 
      H126.6  2 0.0520 0.0578 0.0053 0.0179 0.0217 0.0093 0.8095 0.0054 0.0059 0.0153 
      H126.7  2 0.0094 0.0185 0.0097 0.0081 0.0148 0.0164 0.9025 0.0037 0.0069 0.0100 
      H130.1  2 0.0277 0.4434 0.0679 0.0543 0.1617 0.1362 0.0156 0.0082 0.0648 0.0203 
      H130.2  2 0.0180 0.0605 0.7003 0.0518 0.0120 0.0609 0.0347 0.0127 0.0154 0.0338 
      H130.3  2 0.0109 0.0118 0.1325 0.0201 0.0128 0.7432 0.0390 0.0052 0.0074 0.0172 
      H130.4  2 0.0342 0.4384 0.0916 0.0361 0.0482 0.2587 0.0113 0.0331 0.0266 0.0218 
      H130.5  2 0.0158 0.2836 0.4857 0.0751 0.0163 0.0288 0.0502 0.0072 0.0277 0.0096 
      H133.1  2 0.0335 0.1475 0.1975 0.0584 0.0238 0.1299 0.0703 0.1619 0.0406 0.1365 
      H133.2  2 0.1248 0.2935 0.2057 0.0238 0.0860 0.0514 0.0399 0.0130 0.0188 0.1431 
      H133.3  2 0.0541 0.1097 0.1063 0.0556 0.0125 0.0649 0.2543 0.1337 0.1317 0.0772 
      H133.4  2 0.1289 0.0506 0.0762 0.0138 0.0492 0.0671 0.0223 0.0730 0.0148 0.5041 
      H133.5  2 0.0525 0.1708 0.1681 0.0338 0.0258 0.4638 0.0217 0.0293 0.0167 0.0175 
      H133.6  2 0.0401 0.1174 0.3851 0.0821 0.1396 0.1580 0.0286 0.0113 0.0165 0.0213 
      H133.7  2 0.0416 0.0598 0.0388 0.0148 0.0204 0.0122 0.0198 0.0746 0.0471 0.6708 
      H133.8  2 0.0330 0.3571 0.0381 0.0497 0.0207 0.1197 0.0396 0.1211 0.0422 0.1788 
      H133.9  2 0.0273 0.1321 0.1277 0.0795 0.0211 0.2238 0.0684 0.1776 0.0360 0.1064 
      H147.1  2 0.0125 0.0636 0.1222 0.0552 0.0171 0.0054 0.5634 0.0199 0.0478 0.0930 
      H147.2  2 0.0074 0.0204 0.0220 0.0076 0.0108 0.0064 0.9004 0.0055 0.0103 0.0093 
      H147.3  2 0.0081 0.0187 0.0189 0.0067 0.0104 0.0066 0.9039 0.0049 0.0126 0.0091 
      H147.4  2 0.0084 0.0101 0.0263 0.0106 0.0054 0.0041 0.8882 0.0194 0.0106 0.0168 
      H147.5  2 0.0156 0.0254 0.0938 0.0674 0.0205 0.0208 0.6909 0.0086 0.0248 0.0320 
      H147.6  2 0.0214 0.0206 0.1327 0.0612 0.0201 0.0214 0.5873 0.0094 0.0175 0.1085 
      H147.7  2 0.0134 0.0105 0.0333 0.0098 0.0074 0.0062 0.8575 0.0254 0.0138 0.0227 
      H147.8  2 0.0066 0.0068 0.0253 0.0453 0.0044 0.0099 0.8026 0.0244 0.0063 0.0684 
      H147.9  2 0.0062 0.0136 0.0130 0.0079 0.0117 0.0057 0.9170 0.0075 0.0083 0.0092 
      H148.1  2 0.0408 0.2727 0.1775 0.0817 0.0732 0.0919 0.0305 0.1104 0.0906 0.0307 
      H148.2  2 0.0308 0.3881 0.0777 0.0290 0.0275 0.0462 0.0278 0.1007 0.2307 0.0415 
      H148.3  2 0.0087 0.0109 0.0088 0.0079 0.0116 0.0064 0.0074 0.0217 0.9053 0.0111 
      H148.4  2 0.0841 0.3480 0.0354 0.0200 0.0251 0.0707 0.0268 0.0582 0.3075 0.0242 
      H148.5  2 0.0564 0.0340 0.0665 0.0541 0.0234 0.0448 0.0148 0.0815 0.5964 0.0281 
      H148.6  2 0.0286 0.0915 0.0341 0.0834 0.0305 0.0237 0.0188 0.1814 0.4859 0.0220 
      H148.7  2 0.0335 0.0746 0.0735 0.0358 0.0182 0.3148 0.0134 0.0823 0.2325 0.1215 
      H148.8  2 0.0178 0.1179 0.0154 0.0220 0.0206 0.0242 0.0125 0.0542 0.6991 0.0164 
      H148.9  2 0.0341 0.1692 0.0387 0.0208 0.1051 0.0603 0.0113 0.2492 0.1815 0.1298 
   H166022.1  2 0.0068 0.0145 0.0192 0.8919 0.0065 0.0048 0.0138 0.0101 0.0168 0.0156 
   H166022.2  2 0.0325 0.0222 0.2098 0.5672 0.0101 0.0139 0.0495 0.0153 0.0327 0.0469 
   H166022.3  2 0.0096 0.0070 0.0120 0.9201 0.0066 0.0158 0.0056 0.0045 0.0084 0.0104 
   H166022.4  2 0.0131 0.0057 0.0297 0.8858 0.0065 0.0296 0.0090 0.0050 0.0064 0.0093 
   H166022.5  2 0.0226 0.0070 0.0999 0.8046 0.0094 0.0153 0.0170 0.0054 0.0077 0.0111 
   H166022.6  2 0.0156 0.0223 0.0270 0.8573 0.0141 0.0096 0.0103 0.0182 0.0079 0.0177 
   H166022.7  2 0.0089 0.0133 0.0174 0.0057 0.0160 0.8591 0.0122 0.0468 0.0067 0.0139 
   H166022.8  2 0.1078 0.1308 0.1943 0.4767 0.0157 0.0115 0.0189 0.0098 0.0150 0.0195 
   H167397.1  2 0.1072 0.0166 0.0342 0.0439 0.0196 0.0117 0.1066 0.4931 0.1135 0.0535 
   H167397.2  2 0.2582 0.1354 0.0130 0.0386 0.0114 0.0133 0.0422 0.4142 0.0430 0.0307 
   H167397.3  2 0.2224 0.0102 0.0128 0.0343 0.0117 0.0079 0.0464 0.5633 0.0248 0.0663 
   H167397.4  2 0.0169 0.0246 0.0112 0.0194 0.0062 0.0175 0.0544 0.7001 0.0521 0.0977 
   H167397.5  2 0.0899 0.0366 0.0436 0.0323 0.0249 0.0224 0.0428 0.6374 0.0425 0.0277 
   H167397.6  2 0.0743 0.0218 0.0081 0.0388 0.0189 0.0136 0.0605 0.5970 0.0290 0.1381 
   H167496.1  2 0.1730 0.0085 0.0491 0.1656 0.0210 0.0512 0.0166 0.0088 0.4860 0.0203 
   H167496.2  2 0.0901 0.0491 0.2109 0.0182 0.0177 0.0484 0.1947 0.0164 0.2740 0.0806 
   H167496.3  2 0.0334 0.1353 0.0307 0.2320 0.1035 0.0331 0.0321 0.0095 0.3552 0.0351 
   H167496.4  2 0.0136 0.0097 0.0141 0.8884 0.0091 0.0114 0.0223 0.0070 0.0094 0.0149 
   H167496.6  2 0.0359 0.0213 0.1753 0.5673 0.0390 0.0344 0.0909 0.0077 0.0081 0.0200 
   H167496.7  2 0.2110 0.0467 0.1440 0.0607 0.0909 0.0742 0.0264 0.0073 0.1862 0.1527 
   H167496.8  2 0.0257 0.0149 0.2291 0.5172 0.0220 0.0182 0.0967 0.0080 0.0169 0.0512 
   H167513.1  2 0.0088 0.0119 0.0099 0.0110 0.0055 0.0086 0.0097 0.0083 0.0083 0.9181 
   H167513.2  2 0.0097 0.0223 0.0174 0.0099 0.0568 0.0088 0.0074 0.0379 0.0314 0.7984 
   H167513.3  2 0.0156 0.0063 0.0318 0.0126 0.0156 0.0283 0.0067 0.0079 0.0077 0.8674 
   H167513.4  2 0.0103 0.0180 0.0222 0.0454 0.0085 0.0092 0.0069 0.0090 0.0105 0.8601 
   H167513.5  2 0.0051 0.0160 0.0099 0.0137 0.0121 0.0054 0.0076 0.0309 0.0115 0.8877 
   H167513.6  2 0.0110 0.0133 0.0140 0.0176 0.0110 0.0066 0.0082 0.0086 0.0144 0.8954 
   H167513.7  2 0.0082 0.0146 0.0238 0.0328 0.0141 0.0137 0.0109 0.0356 0.0077 0.8386 
   H167513.8  2 0.0090 0.0075 0.0195 0.0067 0.0152 0.0112 0.0059 0.0299 0.0046 0.8906 
   H167547.1  2 0.0440 0.0369 0.0325 0.0598 0.0740 0.0253 0.0111 0.0386 0.6353 0.0423 
   H167547.2  2 0.0310 0.0133 0.0229 0.0946 0.0244 0.0090 0.0194 0.0189 0.6585 0.1081 
   H167547.3  2 0.0230 0.0140 0.0190 0.0873 0.0197 0.0119 0.0176 0.0205 0.6859 0.1012 
   H167547.4  2 0.0168 0.0646 0.0176 0.6035 0.0618 0.0349 0.0074 0.0378 0.1369 0.0186 
   H167547.5  2 0.0083 0.0134 0.0178 0.1302 0.0135 0.0086 0.0165 0.0088 0.7556 0.0274 
   H167547.6  2 0.0082 0.0215 0.0135 0.1140 0.0127 0.0116 0.0164 0.0070 0.7708 0.0244 
   H167547.7  2 0.1381 0.0515 0.0326 0.0224 0.1951 0.0472 0.0236 0.0200 0.3653 0.1041 
   H169750.1  2 0.0624 0.1800 0.1078 0.1432 0.0254 0.2119 0.0446 0.0179 0.1625 0.0444 
   H169750.2  2 0.0830 0.1261 0.1508 0.0158 0.0269 0.0498 0.1471 0.0380 0.0196 0.3429 
   H169750.3  2 0.0496 0.1072 0.3982 0.0578 0.0229 0.1034 0.0858 0.0055 0.0373 0.1324 
   H169750.4  2 0.3275 0.1871 0.0294 0.0156 0.0226 0.1335 0.0465 0.0628 0.0875 0.0875 
   H169750.5  2 0.0552 0.1639 0.0990 0.1174 0.0210 0.1948 0.1492 0.0169 0.0427 0.1398 
   H169750.6  2 0.0100 0.1160 0.1345 0.0326 0.0167 0.0854 0.5075 0.0099 0.0152 0.0722 
   H169750.7  2 0.2149 0.1455 0.0614 0.0190 0.0302 0.1102 0.0780 0.0206 0.0326 0.2875 
   H171929.1  2 0.0095 0.0323 0.0081 0.0163 0.0182 0.0048 0.0147 0.0755 0.0458 0.7747 
  H171929.10  2 0.0221 0.0504 0.0521 0.0618 0.0208 0.0084 0.0352 0.0355 0.1129 0.6006 
  H171929.11  2 0.0181 0.0183 0.0106 0.0109 0.0549 0.0099 0.0102 0.0569 0.0192 0.7911 
   H171929.2  2 0.0090 0.0190 0.0130 0.0197 0.0180 0.0103 0.0070 0.0065 0.0203 0.8772 
   H171929.3  2 0.0114 0.0147 0.0087 0.0154 0.0214 0.0095 0.0097 0.0181 0.0138 0.8773 
   H171929.4  2 0.0239 0.1505 0.0248 0.0849 0.0450 0.0284 0.0300 0.0076 0.1779 0.4270 
   H171929.5  2 0.0126 0.0091 0.0093 0.0088 0.0184 0.0130 0.0091 0.0113 0.0104 0.8979 
   H171929.6  2 0.0091 0.0092 0.0085 0.0066 0.0133 0.0081 0.0049 0.0130 0.0062 0.9210 
   H171929.7  2 0.0062 0.0551 0.0076 0.0103 0.0177 0.0131 0.0121 0.0071 0.0221 0.8488 
   H171929.8  2 0.0143 0.1684 0.0162 0.0240 0.0992 0.0081 0.0115 0.0098 0.1187 0.5299 
   H171929.9  2 0.0149 0.2803 0.0313 0.0406 0.0340 0.0115 0.0263 0.0059 0.0145 0.5408 
   H171930.1  2 0.0272 0.0118 0.5619 0.0177 0.0239 0.0819 0.0166 0.0406 0.0215 0.1970 
   H171930.2  2 0.0112 0.0170 0.8235 0.0277 0.0180 0.0314 0.0199 0.0096 0.0249 0.0168 
   H171930.3  2 0.0082 0.0078 0.8696 0.0159 0.0100 0.0272 0.0109 0.0227 0.0161 0.0116 
   H171930.4  2 0.0138 0.0074 0.7717 0.0332 0.0071 0.1028 0.0119 0.0120 0.0209 0.0191 
   H171930.5  2 0.0184 0.0373 0.6574 0.0261 0.0601 0.0647 0.0223 0.0284 0.0235 0.0617 
   H171930.6  2 0.0167 0.0058 0.8546 0.0123 0.0182 0.0226 0.0358 0.0072 0.0155 0.0114 
   H171930.7  2 0.0125 0.0109 0.8774 0.0066 0.0068 0.0156 0.0068 0.0312 0.0098 0.0225 
   H171930.8  2 0.0217 0.0074 0.8802 0.0078 0.0133 0.0099 0.0106 0.0119 0.0099 0.0273 
   H171933.1  2 0.0081 0.0079 0.0108 0.8722 0.0086 0.0104 0.0066 0.0315 0.0348 0.0091 
   H171933.2  2 0.0120 0.0193 0.0191 0.8257 0.0101 0.0071 0.0181 0.0426 0.0342 0.0118 
   H171933.3  2 0.0111 0.0156 0.0220 0.8305 0.0223 0.0087 0.0062 0.0150 0.0609 0.0077 
   H171933.4  2 0.0280 0.0132 0.1022 0.7683 0.0298 0.0078 0.0074 0.0051 0.0151 0.0232 
   H171933.5  2 0.0659 0.0295 0.1821 0.3288 0.2813 0.0238 0.0079 0.0112 0.0315 0.0380 
   H171933.6  2 0.0071 0.0082 0.0087 0.9236 0.0081 0.0104 0.0144 0.0052 0.0080 0.0064 
   H171933.7  2 0.0218 0.0331 0.0908 0.6483 0.0731 0.0203 0.0151 0.0231 0.0613 0.0133 
   H171933.8  2 0.0358 0.0301 0.1694 0.5573 0.0428 0.0121 0.0137 0.0551 0.0429 0.0408 
   H171933.9  2 0.0104 0.0083 0.0193 0.9011 0.0178 0.0132 0.0063 0.0046 0.0118 0.0073 
      H190.1  2 0.0240 0.0170 0.6722 0.0256 0.0119 0.1933 0.0192 0.0066 0.0118 0.0184 
      H190.2  2 0.0506 0.2008 0.2172 0.0176 0.0586 0.0250 0.1277 0.0112 0.2298 0.0617 
      H190.3  2 0.0474 0.2766 0.0702 0.0505 0.1185 0.0404 0.0631 0.0188 0.2826 0.0318 
      H190.4  2 0.0093 0.0258 0.5951 0.1672 0.0216 0.1232 0.0080 0.0093 0.0283 0.0121 
      H190.5  2 0.0598 0.1894 0.2600 0.0268 0.0478 0.0454 0.1709 0.0093 0.0820 0.1086 
      H190.6  2 0.0152 0.0408 0.5742 0.1483 0.0384 0.0988 0.0131 0.0093 0.0510 0.0109 
      H190.7  2 0.0562 0.5678 0.0688 0.0362 0.1365 0.0242 0.0158 0.0155 0.0431 0.0360 
      H190.8  2 0.0350 0.0799 0.7064 0.0115 0.0280 0.0305 0.0286 0.0066 0.0505 0.0229 
      H190.9  2 0.0591 0.2161 0.3346 0.0162 0.0471 0.0274 0.0233 0.0115 0.0444 0.2202 
      H400.1  2 0.0116 0.0098 0.0164 0.9109 0.0145 0.0081 0.0103 0.0065 0.0049 0.0070 
      H400.2  2 0.0074 0.0075 0.0115 0.9033 0.0094 0.0083 0.0196 0.0090 0.0073 0.0168 
      H400.3  2 0.0205 0.0194 0.0375 0.8305 0.0176 0.0212 0.0112 0.0121 0.0198 0.0103 
      H400.4  2 0.0129 0.0104 0.0398 0.8471 0.0096 0.0102 0.0242 0.0047 0.0130 0.0282 
      H400.5  2 0.0131 0.0071 0.0278 0.8821 0.0168 0.0103 0.0107 0.0082 0.0152 0.0086 
      H400.6  2 0.0082 0.0099 0.0115 0.9176 0.0155 0.0056 0.0108 0.0048 0.0065 0.0097 
      H400.7  2 0.0145 0.0103 0.0171 0.9034 0.0103 0.0066 0.0079 0.0053 0.0148 0.0098 
