      H105.1  1 0.1319 0.0375 0.0467 0.1358 0.0343 0.4747 0.1391 
      H105.2  1 0.1822 0.0378 0.1321 0.0163 0.0271 0.5076 0.0968 
      H105.3  1 0.0805 0.0216 0.0250 0.1051 0.0152 0.6390 0.1137 
      H105.4  1 0.5157 0.0629 0.0803 0.0194 0.0178 0.2601 0.0438 
      H105.5  1 0.4633 0.2478 0.0531 0.0183 0.0194 0.1503 0.0478 
      H105.6  1 0.2559 0.0312 0.0118 0.0516 0.0137 0.5716 0.0643 
      H105.7  1 0.0774 0.0231 0.0721 0.3343 0.0125 0.4464 0.0341 
      H105.8  1 0.1290 0.0281 0.0343 0.1777 0.0256 0.4840 0.1212 
      H115.1  1 0.0155 0.7912 0.0170 0.0319 0.0128 0.0824 0.0492 
      H115.2  1 0.0093 0.9251 0.0124 0.0101 0.0142 0.0136 0.0153 
      H115.3  1 0.0131 0.9458 0.0106 0.0062 0.0073 0.0075 0.0096 
      H115.4  1 0.0191 0.5950 0.0875 0.0108 0.0098 0.0437 0.2341 
      H115.5  1 0.0248 0.8338 0.0358 0.0256 0.0351 0.0277 0.0173 
      H115.6  1 0.0366 0.8618 0.0295 0.0133 0.0124 0.0279 0.0184 
      H115.7  1 0.0319 0.7253 0.0700 0.0097 0.0104 0.1145 0.0382 
      H115.8  1 0.0151 0.8712 0.0192 0.0367 0.0297 0.0133 0.0148 
      H115.9  1 0.0119 0.9221 0.0079 0.0305 0.0077 0.0102 0.0097 
      H145.1  1 0.5267 0.0157 0.0064 0.0114 0.4141 0.0124 0.0134 
      H145.2  1 0.4626 0.0619 0.0103 0.0098 0.3821 0.0411 0.0321 
      H145.3  1 0.4333 0.0150 0.0287 0.0510 0.4508 0.0101 0.0111 
      H145.4  1 0.5395 0.0105 0.0089 0.0094 0.4028 0.0157 0.0131 
      H145.5  1 0.3710 0.0088 0.0089 0.0130 0.5764 0.0127 0.0092 
      H145.6  1 0.4161 0.0409 0.0425 0.0140 0.4277 0.0358 0.0229 
      H145.7  1 0.5062 0.0164 0.0392 0.0206 0.3902 0.0117 0.0155 
      H149.1  1 0.3905 0.0160 0.0132 0.0119 0.0279 0.0163 0.5242 
      H149.2  1 0.5096 0.0104 0.0155 0.0077 0.0144 0.0155 0.4271 
      H149.3  1 0.4395 0.0173 0.0263 0.0117 0.0217 0.0330 0.4505 
      H149.4  1 0.1499 0.0122 0.0143 0.0112 0.0219 0.0352 0.7554 
      H149.5  1 0.2392 0.0078 0.0680 0.0118 0.0147 0.0483 0.6103 
      H149.6  1 0.3451 0.0074 0.0220 0.0086 0.0147 0.0577 0.5444 
      H149.7  1 0.0841 0.0114 0.0485 0.0330 0.0209 0.0784 0.7237 
      H150.1  1 0.0091 0.9543 0.0063 0.0087 0.0091 0.0069 0.0056 
      H150.2  1 0.0109 0.9075 0.0155 0.0067 0.0236 0.0192 0.0166 
      H150.3  1 0.0251 0.8373 0.0141 0.0163 0.0143 0.0829 0.0101 
      H150.4  1 0.0099 0.9334 0.0094 0.0157 0.0141 0.0124 0.0051 
      H150.5  1 0.0257 0.8950 0.0185 0.0088 0.0085 0.0170 0.0264 
      H150.6  1 0.0153 0.7414 0.0764 0.0057 0.0163 0.0348 0.1102 
      H150.7  1 0.0099 0.9498 0.0056 0.0106 0.0089 0.0092 0.0061 
   H169607.1  1 0.1285 0.3982 0.1173 0.0598 0.0762 0.0664 0.1537 
   H169607.2  1 0.5761 0.1210 0.0201 0.1101 0.0134 0.0212 0.1380 
   H169607.3  1 0.3178 0.1388 0.2980 0.1032 0.0450 0.0376 0.0597 
   H169607.4  1 0.8983 0.0285 0.0102 0.0099 0.0188 0.0100 0.0244 
   H169607.5  1 0.4264 0.3530 0.0220 0.0951 0.0134 0.0149 0.0752 
   H169607.6  1 0.6231 0.0903 0.0357 0.0584 0.0142 0.0175 0.1607 
   H169607.7  1 0.0553 0.2224 0.0229 0.0858 0.0142 0.0192 0.5802 
   H169607.8  1 0.8716 0.0272 0.0186 0.0350 0.0104 0.0108 0.0263 
   H169633.1  1 0.3031 0.0604 0.0704 0.0176 0.1827 0.2231 0.1426 
   H169633.2  1 0.0490 0.0166 0.0780 0.0904 0.0337 0.3902 0.3421 
   H169633.3  1 0.1637 0.0165 0.0241 0.1344 0.0217 0.2491 0.3906 
   H169633.4  1 0.4369 0.0292 0.0263 0.0136 0.2121 0.0271 0.2549 
   H169633.5  1 0.3882 0.0316 0.0262 0.0133 0.2599 0.0398 0.2409 
   H169688.1  1 0.1032 0.0585 0.6974 0.0239 0.0147 0.0147 0.0876 
   H169688.2  1 0.0204 0.0560 0.7863 0.0241 0.0294 0.0139 0.0700 
   H169688.3  1 0.1223 0.3782 0.3356 0.0110 0.0247 0.0369 0.0913 
   H169688.4  1 0.0094 0.9070 0.0348 0.0117 0.0161 0.0084 0.0126 
   H169688.5  1 0.0134 0.9113 0.0297 0.0103 0.0159 0.0086 0.0109 
   H169688.6  1 0.0340 0.1268 0.3687 0.0162 0.1183 0.0121 0.3239 
   H169688.7  1 0.2315 0.4411 0.1304 0.0208 0.0638 0.0305 0.0819 
   H171901.1  1 0.0558 0.3405 0.1198 0.0191 0.0798 0.3653 0.0196 
   H171901.2  1 0.5179 0.1014 0.0173 0.0317 0.0276 0.0429 0.2613 
   H171901.3  1 0.1871 0.0896 0.0955 0.0169 0.0113 0.0300 0.5698 
   H171901.4  1 0.1274 0.0617 0.0218 0.0256 0.0110 0.0398 0.7128 
   H171901.5  1 0.1461 0.0229 0.0144 0.0097 0.0113 0.0130 0.7827 
   H171901.6  1 0.3081 0.0421 0.0147 0.0169 0.0152 0.0321 0.5709 
   H171901.7  1 0.1549 0.0425 0.0245 0.0266 0.0141 0.0177 0.7196 
   H171902.1  1 0.2313 0.1763 0.0227 0.0280 0.1934 0.0146 0.3336 
  H171902.10  1 0.1603 0.0277 0.0105 0.0085 0.0226 0.0077 0.7626 
   H171902.2  1 0.1216 0.1001 0.2270 0.1497 0.0882 0.0286 0.2849 
   H171902.3  1 0.0859 0.0421 0.0135 0.0128 0.0189 0.0163 0.8105 
   H171902.4  1 0.4751 0.0306 0.0165 0.0224 0.1587 0.0154 0.2814 
   H171902.6  1 0.3002 0.0263 0.0099 0.0105 0.0312 0.0127 0.6091 
   H171902.7  1 0.3975 0.0388 0.0092 0.0074 0.1709 0.0143 0.3619 
   H171902.8  1 0.1834 0.0297 0.0135 0.0105 0.0426 0.0133 0.7070 
   H171902.9  1 0.3745 0.3634 0.0124 0.0227 0.1051 0.0241 0.0978 
   H171903.1  1 0.3633 0.4960 0.0180 0.0424 0.0075 0.0202 0.0526 
   H171903.2  1 0.3276 0.3652 0.0330 0.1656 0.0220 0.0257 0.0609 
   H171903.3  1 0.3082 0.2770 0.0425 0.1095 0.0300 0.0565 0.1764 
   H171903.4  1 0.4785 0.2852 0.1211 0.0148 0.0136 0.0433 0.0435 
   H171903.5  1 0.0811 0.5419 0.0572 0.0663 0.0412 0.0233 0.1889 
   H171903.6  1 0.1891 0.5873 0.0524 0.0173 0.0095 0.0097 0.1346 
      H177.1  1 0.4633 0.0254 0.0893 0.0125 0.0174 0.0123 0.3798 
      H177.2  1 0.3487 0.0459 0.0375 0.1405 0.1031 0.0206 0.3037 
      H177.3  1 0.4006 0.0262 0.0121 0.0160 0.0532 0.0126 0.4793 
      H177.4  1 0.4332 0.0081 0.0725 0.0123 0.0218 0.0117 0.4404 
      H177.5  1 0.1592 0.0329 0.6978 0.0301 0.0165 0.0165 0.0469 
      H177.6  1 0.3335 0.0252 0.0152 0.0160 0.0491 0.0134 0.5477 
      H179.1  1 0.0124 0.0235 0.0707 0.0342 0.0126 0.0610 0.7858 
      H179.2  1 0.0114 0.0482 0.0444 0.0626 0.0145 0.0349 0.7839 
      H179.3  1 0.0181 0.0859 0.4377 0.1655 0.0147 0.0247 0.2534 
      H179.4  1 0.0295 0.0105 0.0213 0.0324 0.0075 0.0122 0.8867 
      H180.1  1 0.0071 0.8546 0.0231 0.0087 0.0165 0.0187 0.0713 
      H180.2  1 0.0082 0.9081 0.0228 0.0074 0.0181 0.0125 0.0230 
      H180.3  1 0.0067 0.9413 0.0093 0.0114 0.0098 0.0113 0.0102 
      H180.4  1 0.0256 0.6389 0.0581 0.0228 0.0297 0.1410 0.0839 
      H180.5  1 0.0287 0.7408 0.0563 0.0325 0.0314 0.0154 0.0950 
      H180.6  1 0.0266 0.5692 0.0180 0.2939 0.0350 0.0213 0.0361 
      H181.1  1 0.1614 0.0221 0.3914 0.0146 0.0575 0.0125 0.3404 
      H181.2  1 0.1387 0.0159 0.1963 0.0196 0.0484 0.0275 0.5536 
      H181.3  1 0.1055 0.0086 0.4283 0.0166 0.0461 0.0200 0.3748 
      H181.4  1 0.2229 0.0782 0.4038 0.0257 0.0112 0.0280 0.2301 
      H181.5  1 0.0181 0.0133 0.5612 0.0330 0.0401 0.0443 0.2901 
      H181.6  1 0.0694 0.0611 0.1430 0.0347 0.0214 0.0575 0.6129 
      H181.7  1 0.0472 0.0306 0.2025 0.0589 0.0593 0.0102 0.5913 
 H194.1_2004  1 0.6237 0.1322 0.0123 0.0429 0.0228 0.1471 0.0190 
 H194.2_2004  1 0.6465 0.0443 0.1007 0.0084 0.0363 0.1430 0.0208 
 H194.3_2004  1 0.6345 0.0114 0.0124 0.0327 0.0545 0.1225 0.1320 
 H194.4_2004  1 0.7001 0.0160 0.0664 0.0133 0.1003 0.0638 0.0401 
 H194.5_2004  1 0.6470 0.0193 0.0124 0.0453 0.0201 0.1567 0.0991 
 H194.6_2004  1 0.5465 0.0217 0.1168 0.0419 0.0205 0.0527 0.1999 
 H194.7_2004  1 0.6053 0.0250 0.0304 0.1345 0.0247 0.1656 0.0145 
 H194.8_2004  1 0.5925 0.0187 0.1629 0.0301 0.0312 0.0943 0.0703 
      H194.9  1 0.5758 0.0357 0.0242 0.1673 0.0278 0.1561 0.0131 
 H195.1_2003  1 0.5395 0.0147 0.0265 0.0195 0.0071 0.3078 0.0850 
 H195.1_2004  1 0.4767 0.0134 0.0229 0.0101 0.4164 0.0231 0.0374 
 H195.2_2003  1 0.6831 0.1415 0.0206 0.0906 0.0155 0.0266 0.0220 
 H195.2_2004  1 0.5150 0.0119 0.0245 0.0355 0.3570 0.0326 0.0236 
 H195.3_2003  1 0.6915 0.1315 0.0311 0.0345 0.0144 0.0664 0.0305 
 H195.3_2004  1 0.6985 0.0085 0.0194 0.0091 0.1512 0.0555 0.0579 
 H195.4_2003  1 0.5807 0.0154 0.0118 0.0103 0.0094 0.3483 0.0242 
 H195.4_2004  1 0.4515 0.0117 0.1393 0.0575 0.3051 0.0159 0.0189 
 H195.5_2003  1 0.5228 0.0242 0.0241 0.0152 0.0104 0.3380 0.0653 
 H195.5_2004  1 0.5234 0.0098 0.0275 0.0108 0.3738 0.0297 0.0250 
 H195.6_2003  1 0.8332 0.0513 0.0256 0.0152 0.0183 0.0373 0.0192 
 H195.6_2004  1 0.6035 0.0087 0.0102 0.0145 0.2921 0.0509 0.0201 
 H195.7_2003  1 0.5104 0.0360 0.1463 0.0813 0.0218 0.1276 0.0765 
 H195.7_2004  1 0.3691 0.0153 0.0248 0.0089 0.5382 0.0175 0.0262 
      H195.8  1 0.4162 0.0170 0.1293 0.0246 0.3629 0.0247 0.0251 
      H195.9  1 0.6674 0.0178 0.0339 0.0576 0.1191 0.0356 0.0685 
      H415.1  1 0.0501 0.2456 0.0228 0.0619 0.1284 0.4250 0.0662 
      H415.2  1 0.1510 0.2523 0.0131 0.0199 0.0833 0.0628 0.4176 
      H415.3  1 0.0377 0.0258 0.0160 0.0257 0.0185 0.4936 0.3828 
      H415.4  1 0.0216 0.2083 0.0125 0.0384 0.0190 0.6601 0.0402 
      H415.5  1 0.0276 0.0258 0.0121 0.0155 0.0252 0.4868 0.4070 
      H415.6  1 0.0188 0.2178 0.0108 0.0409 0.0190 0.6363 0.0566 
      H415.7  1 0.2371 0.0455 0.0086 0.0219 0.0363 0.0746 0.5759 
      H506.1  1 0.0088 0.0083 0.0102 0.0147 0.0233 0.0243 0.9105 
      H506.2  1 0.0155 0.0066 0.0086 0.0116 0.0174 0.0125 0.9278 
      H506.3  1 0.0104 0.0125 0.0439 0.0255 0.1197 0.0275 0.7605 
      H506.4  1 0.0110 0.0135 0.0273 0.0244 0.0429 0.0208 0.8601 
      H506.5  1 0.0131 0.0083 0.0126 0.0124 0.0267 0.0132 0.9136 
      H506.6  1 0.0815 0.0246 0.0914 0.0300 0.1953 0.0188 0.5583 
      H506.7  1 0.0140 0.0074 0.0099 0.0192 0.0244 0.0178 0.9072 
      H533.1  1 0.0060 0.0088 0.0084 0.0101 0.0383 0.0079 0.9204 
      H533.2  1 0.0073 0.0067 0.0120 0.0082 0.0451 0.0081 0.9126 
      H533.3  1 0.0088 0.0131 0.0184 0.0142 0.0142 0.0072 0.9242 
      H533.4  1 0.0147 0.0185 0.0149 0.0125 0.0223 0.0080 0.9090 
      H535.1  1 0.0443 0.0220 0.0102 0.0200 0.0099 0.0223 0.8711 
      H535.2  1 0.0557 0.0066 0.0410 0.0738 0.0069 0.0141 0.8019 
      H535.3  1 0.0595 0.0187 0.0585 0.1100 0.0182 0.0222 0.7129 
      H535.4  1 0.0164 0.0079 0.0092 0.0088 0.0080 0.0222 0.9274 
      H535.5  1 0.0141 0.0068 0.0098 0.0083 0.0066 0.0111 0.9433 
      H535.6  1 0.0747 0.0315 0.0582 0.0391 0.0133 0.0277 0.7554 
      H535.7  1 0.0122 0.0088 0.0099 0.0134 0.0100 0.0079 0.9378 
      H535.8  1 0.0241 0.0104 0.0228 0.0239 0.0110 0.0123 0.8954 
      H535.9  1 0.0366 0.0225 0.0101 0.0155 0.0144 0.0121 0.8888 
      H539.1  1 0.0141 0.9517 0.0051 0.0084 0.0099 0.0060 0.0048 
      H539.2  1 0.0188 0.7504 0.0545 0.0318 0.0153 0.0175 0.1117 
      H539.3  1 0.0300 0.8962 0.0129 0.0264 0.0163 0.0092 0.0089 
      H539.4  1 0.0114 0.9287 0.0086 0.0090 0.0232 0.0083 0.0108 
      H539.5  1 0.0091 0.9393 0.0054 0.0232 0.0125 0.0056 0.0048 
      H539.6  1 0.0100 0.9349 0.0079 0.0275 0.0071 0.0068 0.0059 
      H539.7  1 0.0083 0.9516 0.0064 0.0094 0.0078 0.0088 0.0078 
      H539.8  1 0.0288 0.7817 0.0226 0.0189 0.0979 0.0287 0.0215 
      H539.9  1 0.0088 0.9499 0.0060 0.0139 0.0106 0.0052 0.0057 
      H540.1  1 0.0247 0.9092 0.0125 0.0102 0.0227 0.0083 0.0124 
      H540.2  1 0.0121 0.9485 0.0050 0.0087 0.0094 0.0093 0.0069 
      H540.3  1 0.0809 0.3016 0.0473 0.0107 0.4933 0.0431 0.0231 
      H540.4  1 0.0162 0.9354 0.0084 0.0079 0.0084 0.0127 0.0110 
      H540.5  1 0.0184 0.8596 0.0132 0.0148 0.0738 0.0109 0.0094 
      H540.6  1 0.0439 0.8462 0.0293 0.0206 0.0285 0.0170 0.0146 
      H540.7  1 0.0212 0.9268 0.0069 0.0147 0.0087 0.0111 0.0107 
      H540.8  1 0.0535 0.8891 0.0097 0.0075 0.0119 0.0089 0.0194 
     H9558.1  1 0.0216 0.9357 0.0069 0.0080 0.0104 0.0098 0.0076 
     H9558.2  1 0.0376 0.8979 0.0101 0.0190 0.0154 0.0102 0.0098 
     H9558.3  1 0.0154 0.9217 0.0077 0.0158 0.0194 0.0112 0.0087 
     H9558.4  1 0.0161 0.9425 0.0064 0.0062 0.0127 0.0065 0.0096 
     H9558.5  1 0.0083 0.9323 0.0076 0.0068 0.0220 0.0111 0.0119 
     H9558.6  1 0.0508 0.7315 0.0294 0.1400 0.0223 0.0182 0.0078 
    kos339.1  1 0.0259 0.0108 0.0147 0.0286 0.0107 0.0138 0.8955 
    kos339.2  1 0.2320 0.0162 0.0215 0.1311 0.0703 0.0519 0.4770 
    kos339.3  1 0.0683 0.0176 0.0102 0.0157 0.0086 0.0143 0.8653 
    kos339.4  1 0.1146 0.0139 0.0137 0.0217 0.0121 0.0377 0.7864 
    kos339.5  1 0.1277 0.0116 0.0137 0.0345 0.0049 0.0233 0.7844 
    kos339.6  1 0.3768 0.0117 0.0161 0.0146 0.0554 0.0252 0.5002 
    kos339.7  1 0.0226 0.0071 0.0085 0.0132 0.0094 0.0101 0.9291 
    kos339.8  1 0.0521 0.0068 0.0154 0.0129 0.0125 0.0187 0.8815 
    kos339.9  1 0.3903 0.0340 0.0089 0.0249 0.0142 0.0196 0.5081 
      H008.1  2 0.0114 0.0291 0.0120 0.9062 0.0078 0.0171 0.0163 
      H008.2  2 0.0683 0.1491 0.0425 0.2620 0.3144 0.0326 0.1312 
      H008.3  2 0.0563 0.2527 0.1295 0.1790 0.1290 0.0504 0.2031 
      H008.4  2 0.0319 0.0241 0.0116 0.8336 0.0577 0.0246 0.0165 
      H008.5  2 0.0125 0.0243 0.0202 0.8724 0.0209 0.0198 0.0300 
      H008.6  2 0.0561 0.0528 0.0140 0.5555 0.2369 0.0301 0.0546 
      H008.7  2 0.0407 0.0533 0.0430 0.6172 0.1292 0.0467 0.0699 
      H008.8  2 0.0457 0.6270 0.0156 0.1998 0.0692 0.0212 0.0215 
      H008.9  2 0.0683 0.0539 0.0213 0.0429 0.7590 0.0238 0.0308 
 H029.1_2002  2 0.0111 0.0256 0.0235 0.8934 0.0193 0.0184 0.0087 
 H029.1_2003  2 0.0221 0.0269 0.0418 0.7924 0.0397 0.0333 0.0439 
 H029.2_2002  2 0.0204 0.0098 0.0219 0.8687 0.0336 0.0109 0.0348 
 H029.2_2003  2 0.0323 0.0195 0.0561 0.7342 0.0662 0.0103 0.0814 
 H029.3_2002  2 0.0244 0.0104 0.0794 0.5640 0.2289 0.0117 0.0813 
 H029.3_2003  2 0.0073 0.0072 0.0275 0.9202 0.0092 0.0116 0.0170 
 H029.4_2002  2 0.0067 0.0072 0.0129 0.9319 0.0177 0.0160 0.0075 
 H029.4_2003  2 0.0119 0.0654 0.1006 0.7164 0.0372 0.0374 0.0312 
 H029.5_2002  2 0.0073 0.0081 0.0117 0.9457 0.0079 0.0130 0.0062 
 H029.5_2003  2 0.0078 0.0109 0.0096 0.9292 0.0181 0.0130 0.0114 
 H029.6_2002  2 0.0070 0.0075 0.0619 0.8652 0.0403 0.0095 0.0085 
 H029.6_2003  2 0.0318 0.0151 0.0233 0.7701 0.0208 0.0335 0.1054 
      H029.7  2 0.0159 0.0083 0.0144 0.9103 0.0275 0.0098 0.0138 
      H030.1  2 0.0308 0.0144 0.8319 0.0620 0.0081 0.0219 0.0310 
      H030.2  2 0.0138 0.0340 0.6354 0.1067 0.0885 0.1006 0.0210 
      H038.1  2 0.0084 0.0101 0.0093 0.9294 0.0268 0.0081 0.0078 
      H038.2  2 0.0070 0.0070 0.0087 0.9468 0.0076 0.0095 0.0135 
      H038.3  2 0.0145 0.0155 0.0112 0.8981 0.0325 0.0165 0.0117 
      H038.4  2 0.0143 0.0084 0.0082 0.9136 0.0283 0.0181 0.0092 
      H038.5  2 0.0093 0.0130 0.0213 0.9046 0.0276 0.0109 0.0133 
      H038.6  2 0.0054 0.0129 0.0079 0.9457 0.0106 0.0059 0.0117 
      H038.7  2 0.0062 0.0120 0.0080 0.9476 0.0089 0.0069 0.0103 
      H038.8  2 0.0113 0.0101 0.0136 0.8732 0.0679 0.0138 0.0101 
      H041.1  2 0.0310 0.0151 0.1384 0.5388 0.0277 0.2232 0.0258 
      H041.2  2 0.0191 0.0109 0.0246 0.3380 0.0198 0.5783 0.0093 
      H041.4  2 0.0265 0.0258 0.0337 0.8224 0.0364 0.0429 0.0123 
      H041.6  2 0.0358 0.0532 0.0443 0.7683 0.0216 0.0648 0.0119 
 H042.1_2002  2 0.0799 0.2033 0.5395 0.0166 0.0179 0.1060 0.0370 
 H042.1_2003  2 0.0926 0.1128 0.0257 0.1483 0.2261 0.3220 0.0725 
 H042.2_2002  2 0.0122 0.0560 0.1079 0.6453 0.0314 0.0868 0.0605 
 H042.2_2003  2 0.0703 0.0571 0.0202 0.3110 0.0083 0.5138 0.0194 
 H042.3_2002  2 0.0697 0.2475 0.3487 0.0320 0.0314 0.2098 0.0610 
 H042.3_2003  2 0.0283 0.4324 0.1184 0.1698 0.0506 0.1455 0.0551 
 H042.4_2002  2 0.0423 0.0321 0.6993 0.0591 0.0231 0.1214 0.0227 
 H042.4_2003  2 0.1393 0.0741 0.4693 0.2231 0.0101 0.0635 0.0206 
      H042.5  2 0.0349 0.0276 0.8502 0.0208 0.0066 0.0448 0.0151 
      H042.6  2 0.0447 0.1232 0.7487 0.0459 0.0105 0.0123 0.0148 
      H042.7  2 0.0585 0.0391 0.2506 0.0990 0.0092 0.5222 0.0214 
      H042.8  2 0.0232 0.0537 0.5493 0.0845 0.0341 0.2358 0.0196 
   H042_2002  2 0.0562 0.6514 0.0170 0.1711 0.0266 0.0629 0.0148 
   H042_2003  2 0.0541 0.6853 0.0118 0.1378 0.0257 0.0698 0.0155 
      H043.1  2 0.0127 0.8464 0.0179 0.0321 0.0646 0.0117 0.0146 
      H043.2  2 0.0964 0.6243 0.0113 0.0540 0.1841 0.0156 0.0142 
      H043.3  2 0.0312 0.2041 0.0087 0.6791 0.0320 0.0165 0.0285 
      H043.4  2 0.0600 0.7842 0.0098 0.0651 0.0583 0.0119 0.0108 
      H043.5  2 0.0271 0.3024 0.0141 0.1949 0.4245 0.0206 0.0163 
      H043.6  2 0.0289 0.3645 0.0104 0.3559 0.2064 0.0164 0.0175 
      H043.7  2 0.3071 0.5106 0.0108 0.0780 0.0621 0.0213 0.0101 
      H043.8  2 0.1574 0.4339 0.0399 0.1186 0.1495 0.0418 0.0589 
      H043.9  2 0.0240 0.7260 0.0247 0.1453 0.0491 0.0161 0.0149 
      H047.1  2 0.0156 0.2363 0.0080 0.6795 0.0081 0.0290 0.0234 
      H047.2  2 0.0523 0.0159 0.0392 0.7407 0.0121 0.0837 0.0561 
      H047.3  2 0.0481 0.0181 0.0308 0.5441 0.0085 0.3129 0.0374 
      H047.4  2 0.0430 0.0188 0.0167 0.7515 0.0076 0.1449 0.0174 
      H047.5  2 0.0316 0.0383 0.0119 0.6125 0.0054 0.2728 0.0274 
      H047.6  2 0.0453 0.0276 0.0239 0.3181 0.0198 0.5297 0.0357 
      H047.7  2 0.0145 0.1286 0.0126 0.6825 0.0128 0.1267 0.0224 
      H047.8  2 0.0444 0.0753 0.0191 0.3490 0.0163 0.4412 0.0547 
      H047.9  2 0.0456 0.0667 0.0133 0.7598 0.0056 0.0710 0.0380 
 H071.1_2002  2 0.0107 0.0203 0.0096 0.9345 0.0069 0.0085 0.0095 
 H071.1_2003  2 0.0580 0.0309 0.0166 0.8522 0.0130 0.0186 0.0107 
     H071.10  2 0.0063 0.0108 0.0302 0.9253 0.0105 0.0084 0.0086 
 H071.2_2002  2 0.0118 0.0141 0.0068 0.9377 0.0123 0.0068 0.0106 
 H071.2_2003  2 0.0064 0.0091 0.0052 0.9630 0.0047 0.0053 0.0062 
      H071.3  2 0.0082 0.0071 0.0114 0.9247 0.0126 0.0275 0.0087 
 H071.4_2002  2 0.0139 0.0154 0.0186 0.9114 0.0163 0.0112 0.0132 
 H071.4_2003  2 0.0069 0.0077 0.0074 0.9569 0.0053 0.0066 0.0092 
 H071.5_2002  2 0.0070 0.0098 0.0126 0.9519 0.0057 0.0064 0.0067 
 H071.5_2003  2 0.0104 0.0135 0.0080 0.9413 0.0060 0.0107 0.0102 
 H071.6_2002  2 0.0064 0.0101 0.0077 0.9497 0.0074 0.0080 0.0107 
 H071.6_2003  2 0.0097 0.0113 0.0100 0.9513 0.0045 0.0061 0.0071 
 H071.7_2002  2 0.0062 0.0101 0.0043 0.9609 0.0061 0.0066 0.0058 
 H071.7_2003  2 0.0126 0.0219 0.0131 0.9259 0.0060 0.0083 0.0123 
      H071.8  2 0.0089 0.0101 0.0066 0.9470 0.0107 0.0097 0.0070 
      H071.9  2 0.0213 0.0181 0.0310 0.8601 0.0335 0.0240 0.0121 
 H081.1_2002  2 0.0116 0.0111 0.0094 0.9491 0.0064 0.0063 0.0061 
 H081.1_2003  2 0.0545 0.0854 0.0888 0.1076 0.5874 0.0352 0.0411 
 H081.2_2002  2 0.0139 0.0129 0.0082 0.9459 0.0054 0.0071 0.0067 
 H081.2_2003  2 0.0250 0.1420 0.7208 0.0454 0.0374 0.0154 0.0139 
 H081.3_2002  2 0.0191 0.0095 0.0115 0.9300 0.0135 0.0092 0.0073 
 H081.3_2003  2 0.0840 0.5825 0.1655 0.0340 0.0739 0.0206 0.0394 
 H081.4_2002  2 0.0092 0.0119 0.0092 0.9450 0.0067 0.0092 0.0089 
 H081.4_2003  2 0.1848 0.2586 0.2925 0.0622 0.0857 0.0374 0.0787 
 H081.5_2002  2 0.0105 0.0111 0.0128 0.9416 0.0089 0.0068 0.0083 
 H081.5_2003  2 0.3706 0.1542 0.1091 0.1659 0.0765 0.0732 0.0504 
      H081.6  2 0.0112 0.0151 0.0076 0.9426 0.0062 0.0077 0.0096 
      H081.7  2 0.0216 0.0087 0.0134 0.9302 0.0086 0.0082 0.0093 
      H081.8  2 0.0181 0.0119 0.0402 0.8767 0.0214 0.0161 0.0156 
      H083.1  2 0.0065 0.0096 0.0167 0.9362 0.0114 0.0074 0.0122 
      H083.2  2 0.0137 0.0171 0.0272 0.9100 0.0108 0.0102 0.0110 
      H083.4  2 0.0088 0.0116 0.0238 0.9093 0.0259 0.0115 0.0092 
      H083.5  2 0.0098 0.0098 0.0224 0.9199 0.0161 0.0110 0.0111 
      H083.6  2 0.0120 0.0079 0.0313 0.8987 0.0179 0.0092 0.0231 
      H083.7  2 0.0127 0.0130 0.0354 0.8850 0.0207 0.0157 0.0176 
      H083.8  2 0.0121 0.0133 0.0156 0.9216 0.0078 0.0132 0.0165 
      H083.9  2 0.0087 0.0077 0.0260 0.9291 0.0098 0.0098 0.0088 
      H084.1  2 0.0164 0.0262 0.6929 0.0216 0.1730 0.0502 0.0197 
      H084.2  2 0.0153 0.0135 0.7609 0.0164 0.1540 0.0130 0.0270 
      H084.3  2 0.0296 0.0156 0.1198 0.0148 0.4439 0.3038 0.0724 
      H084.4  2 0.0321 0.0188 0.0735 0.0221 0.6099 0.2008 0.0428 
      H084.5  2 0.0201 0.0114 0.2048 0.0142 0.1880 0.5178 0.0438 
      H084.6  2 0.0394 0.0129 0.1178 0.0108 0.5396 0.2556 0.0238 
      H084.7  2 0.0149 0.0137 0.8561 0.0252 0.0447 0.0254 0.0199 
      H084.8  2 0.0119 0.0127 0.2285 0.0122 0.2842 0.4271 0.0233 
 H085.1_2002  2 0.1883 0.0426 0.1659 0.5328 0.0427 0.0117 0.0160 
 H085.1_2003  2 0.0433 0.0131 0.0887 0.7930 0.0226 0.0194 0.0200 
 H085.2_2002  2 0.3392 0.0395 0.3140 0.0730 0.1936 0.0215 0.0193 
 H085.2_2003  2 0.0228 0.0119 0.0855 0.8075 0.0174 0.0171 0.0379 
 H085.3_2002  2 0.8533 0.0212 0.0313 0.0546 0.0093 0.0222 0.0081 
 H085.3_2003  2 0.0263 0.0212 0.0122 0.9034 0.0073 0.0166 0.0131 
 H085.4_2002  2 0.1314 0.1217 0.1578 0.4361 0.1087 0.0219 0.0224 
 H085.4_2003  2 0.0242 0.0177 0.0185 0.8913 0.0106 0.0297 0.0082 
 H085.5_2002  2 0.7543 0.0564 0.0181 0.1401 0.0096 0.0127 0.0088 
 H085.5_2003  2 0.0126 0.0150 0.0924 0.8411 0.0113 0.0099 0.0176 
 H085.6_2002  2 0.6501 0.0349 0.1017 0.1507 0.0361 0.0133 0.0132 
 H085.6_2003  2 0.5029 0.0320 0.0159 0.2714 0.0113 0.1434 0.0230 
 H085.7_2002  2 0.6301 0.0329 0.1405 0.1403 0.0243 0.0143 0.0175 
 H085.7_2003  2 0.0161 0.0192 0.0162 0.8949 0.0113 0.0274 0.0149 
 H085.8_2002  2 0.7699 0.0678 0.0197 0.0771 0.0262 0.0307 0.0085 
 H085.8_2003  2 0.0695 0.0204 0.4023 0.3971 0.0208 0.0634 0.0265 
      H085.9  2 0.3762 0.0716 0.0677 0.3840 0.0638 0.0228 0.0137 
      H088.1  2 0.0440 0.0414 0.8041 0.0209 0.0205 0.0462 0.0230 
      H088.2  2 0.0564 0.0146 0.8216 0.0170 0.0132 0.0502 0.0269 
      H088.3  2 0.0203 0.0151 0.8880 0.0139 0.0117 0.0254 0.0256 
      H088.4  2 0.0130 0.0262 0.8145 0.0472 0.0176 0.0605 0.0210 
      H088.5  2 0.0110 0.0231 0.8806 0.0171 0.0086 0.0464 0.0131 
      H088.6  2 0.0175 0.0164 0.7956 0.0403 0.0108 0.0963 0.0230 
      H088.7  2 0.0278 0.0146 0.3275 0.4155 0.0219 0.1630 0.0297 
      H088.8  2 0.0256 0.0239 0.3683 0.3287 0.0410 0.1633 0.0493 
      H091.1  2 0.0215 0.0278 0.8290 0.0294 0.0077 0.0399 0.0447 
      H091.2  2 0.0232 0.0222 0.6919 0.1043 0.0076 0.1163 0.0346 
      H109.1  2 0.0486 0.1432 0.3311 0.0795 0.1591 0.1856 0.0528 
      H109.2  2 0.0490 0.0845 0.5126 0.1651 0.0338 0.1111 0.0439 
      H109.3  2 0.1013 0.0310 0.1072 0.1792 0.0373 0.3695 0.1745 
      H109.4  2 0.0452 0.2016 0.1867 0.0866 0.1675 0.2155 0.0969 
      H109.5  2 0.0587 0.0168 0.0348 0.5116 0.0082 0.3308 0.0390 
      H109.6  2 0.0963 0.1859 0.1884 0.1229 0.1101 0.1996 0.0968 
      H126.1  2 0.1590 0.6729 0.0189 0.0252 0.0214 0.0506 0.0519 
      H126.2  2 0.0366 0.2045 0.0176 0.6392 0.0598 0.0190 0.0232 
      H126.3  2 0.0218 0.0488 0.0132 0.8186 0.0358 0.0324 0.0294 
      H126.4  2 0.0205 0.8397 0.0198 0.0464 0.0220 0.0126 0.0389 
      H126.5  2 0.0318 0.7785 0.0092 0.1280 0.0079 0.0172 0.0274 
      H126.6  2 0.0221 0.0245 0.0095 0.8990 0.0072 0.0133 0.0244 
      H126.7  2 0.0090 0.0237 0.0109 0.9305 0.0053 0.0073 0.0132 
      H130.1  2 0.5149 0.2921 0.0832 0.0234 0.0158 0.0276 0.0430 
      H130.2  2 0.0575 0.0226 0.7348 0.0820 0.0284 0.0213 0.0534 
      H130.3  2 0.0997 0.0290 0.2240 0.0590 0.0076 0.0152 0.5655 
      H130.4  2 0.3107 0.1709 0.1668 0.0174 0.0922 0.0159 0.2261 
      H130.5  2 0.2244 0.0502 0.5785 0.0926 0.0114 0.0233 0.0195 
      H133.1  2 0.1437 0.0613 0.2307 0.1479 0.2030 0.0507 0.1627 
      H133.2  2 0.3907 0.2287 0.1233 0.0592 0.0424 0.0611 0.0947 
      H133.3  2 0.2750 0.0169 0.0893 0.2925 0.1480 0.0999 0.0784 
      H133.4  2 0.1891 0.1290 0.0454 0.0651 0.2183 0.1247 0.2283 
      H133.5  2 0.2443 0.0938 0.2127 0.0408 0.0837 0.0120 0.3127 
      H133.6  2 0.1572 0.3548 0.3616 0.0322 0.0276 0.0164 0.0501 
      H133.7  2 0.2083 0.0275 0.0177 0.0664 0.0874 0.5521 0.0405 
      H133.8  2 0.2704 0.0402 0.0790 0.0439 0.2551 0.1403 0.1712 
      H133.9  2 0.1160 0.0468 0.3068 0.0557 0.1571 0.0415 0.2761 
      H147.1  2 0.0679 0.0231 0.1197 0.5331 0.0321 0.2152 0.0089 
      H147.2  2 0.0150 0.0099 0.0099 0.9421 0.0078 0.0096 0.0057 
      H147.3  2 0.0203 0.0133 0.0133 0.9226 0.0100 0.0111 0.0093 
      H147.4  2 0.0107 0.0081 0.0190 0.8972 0.0430 0.0148 0.0071 
      H147.5  2 0.0206 0.0185 0.2865 0.6187 0.0095 0.0285 0.0177 
      H147.6  2 0.0292 0.0195 0.3318 0.5229 0.0152 0.0545 0.0270 
      H147.7  2 0.0139 0.0113 0.0225 0.8659 0.0325 0.0335 0.0204 
      H147.8  2 0.0080 0.0055 0.1676 0.7497 0.0280 0.0276 0.0136 
      H147.9  2 0.0131 0.0121 0.0115 0.9403 0.0070 0.0099 0.0061 
      H148.1  2 0.1793 0.1371 0.1400 0.0294 0.3000 0.1656 0.0486 
      H148.2  2 0.1351 0.0435 0.0531 0.0399 0.3005 0.3985 0.0294 
      H148.3  2 0.3907 0.0118 0.0163 0.0188 0.1133 0.4366 0.0125 
      H148.4  2 0.3112 0.0338 0.0180 0.0255 0.3036 0.2775 0.0304 
      H148.5  2 0.0730 0.0351 0.0480 0.0206 0.1859 0.6147 0.0228 
      H148.6  2 0.0942 0.0224 0.0542 0.0191 0.4786 0.3169 0.0146 
      H148.7  2 0.0756 0.0282 0.0381 0.0165 0.1229 0.6669 0.0518 
      H148.8  2 0.2325 0.0181 0.0220 0.0133 0.2106 0.4881 0.0153 
      H148.9  2 0.0805 0.1864 0.0384 0.0170 0.3426 0.2919 0.0432 
   H166022.1  2 0.0126 0.0066 0.9247 0.0163 0.0121 0.0196 0.0081 
   H166022.2  2 0.0560 0.0148 0.7588 0.0716 0.0282 0.0489 0.0217 
   H166022.3  2 0.0139 0.0089 0.9345 0.0063 0.0069 0.0128 0.0166 
   H166022.4  2 0.0113 0.0079 0.9324 0.0075 0.0080 0.0109 0.0219 
   H166022.5  2 0.0097 0.0078 0.9262 0.0134 0.0077 0.0104 0.0248 
   H166022.6  2 0.0173 0.0139 0.9149 0.0112 0.0177 0.0142 0.0108 
   H166022.7  2 0.0124 0.0253 0.0228 0.0125 0.6608 0.0075 0.2588 
   H166022.8  2 0.1433 0.0224 0.7258 0.0190 0.0146 0.0338 0.0411 
   H167397.1  2 0.0145 0.0231 0.0319 0.0636 0.5951 0.2607 0.0111 
   H167397.2  2 0.0489 0.0189 0.0313 0.0337 0.6693 0.1347 0.0632 
   H167397.3  2 0.0160 0.0159 0.0228 0.0484 0.7021 0.1721 0.0226 
   H167397.4  2 0.0177 0.0074 0.0168 0.0305 0.8453 0.0690 0.0133 
   H167397.5  2 0.0223 0.0352 0.0255 0.0283 0.8134 0.0529 0.0223 
   H167397.6  2 0.0148 0.0180 0.0230 0.0391 0.6127 0.2719 0.0205 
   H167496.1  2 0.1923 0.0442 0.3539 0.0342 0.0156 0.2109 0.1489 
   H167496.2  2 0.2108 0.0346 0.0400 0.4031 0.0294 0.2337 0.0484 
   H167496.3  2 0.5250 0.1183 0.1929 0.0605 0.0182 0.0513 0.0338 
   H167496.4  2 0.0103 0.0147 0.9119 0.0319 0.0073 0.0113 0.0128 
   H167496.6  2 0.0479 0.0371 0.7170 0.1268 0.0107 0.0224 0.0383 
   H167496.7  2 0.3166 0.1317 0.0808 0.0324 0.0082 0.3343 0.0960 
   H167496.8  2 0.0338 0.0178 0.6756 0.1938 0.0096 0.0457 0.0237 
   H167513.1  2 0.0953 0.0683 0.1249 0.0442 0.1082 0.4028 0.1562 
   H167513.2  2 0.1287 0.2605 0.0488 0.0294 0.1034 0.3991 0.0301 
   H167513.3  2 0.0220 0.1155 0.3003 0.0198 0.0270 0.0861 0.4293 
   H167513.4  2 0.0394 0.0242 0.5955 0.0180 0.0248 0.2306 0.0676 
   H167513.5  2 0.1554 0.1365 0.0667 0.0355 0.1964 0.3705 0.0390 
   H167513.6  2 0.1624 0.0860 0.2030 0.0473 0.0515 0.3945 0.0553 
   H167513.7  2 0.0395 0.0560 0.6740 0.0460 0.0784 0.0281 0.0779 
   H167513.8  2 0.0348 0.1761 0.1269 0.0385 0.2016 0.1245 0.2977 
   H167547.1  2 0.1492 0.0918 0.0245 0.0093 0.0288 0.6749 0.0214 
   H167547.2  2 0.0430 0.0159 0.0285 0.0098 0.0214 0.8710 0.0104 
   H167547.3  2 0.0359 0.0220 0.0257 0.0090 0.0197 0.8795 0.0083 
   H167547.4  2 0.1139 0.2169 0.3572 0.0090 0.0840 0.1921 0.0270 
   H167547.5  2 0.0186 0.0261 0.0350 0.0114 0.0153 0.8851 0.0085 
   H167547.6  2 0.0200 0.0249 0.0418 0.0129 0.0143 0.8781 0.0080 
   H167547.7  2 0.5496 0.1814 0.0295 0.0294 0.0328 0.0924 0.0848 
   H169750.1  2 0.3946 0.0459 0.2146 0.0465 0.0216 0.0513 0.2255 
   H169750.2  2 0.1173 0.0575 0.0425 0.2557 0.0699 0.2132 0.2440 
   H169750.3  2 0.2033 0.0364 0.2050 0.1207 0.0077 0.0659 0.3609 
   H169750.4  2 0.3516 0.0419 0.0289 0.0813 0.1375 0.1144 0.2444 
   H169750.5  2 0.2356 0.0359 0.2649 0.1384 0.0256 0.0446 0.2550 
   H169750.6  2 0.0561 0.0550 0.1068 0.6689 0.0165 0.0173 0.0792 
   H169750.7  2 0.2251 0.0402 0.0208 0.1186 0.0386 0.0771 0.4796 
   H171929.1  2 0.0887 0.0371 0.0193 0.0288 0.5025 0.3024 0.0214 
  H171929.10  2 0.1787 0.0398 0.1638 0.1430 0.1062 0.3489 0.0196 
  H171929.11  2 0.0700 0.2705 0.0330 0.0298 0.2554 0.3029 0.0383 
   H171929.2  2 0.1019 0.1759 0.0569 0.0147 0.0255 0.5517 0.0735 
   H171929.3  2 0.0311 0.0959 0.0399 0.0247 0.1007 0.6432 0.0645 
   H171929.4  2 0.6028 0.0725 0.1327 0.0476 0.0123 0.0782 0.0539 
   H171929.5  2 0.0233 0.1979 0.0561 0.0243 0.1036 0.5247 0.0701 
   H171929.6  2 0.0269 0.2921 0.0342 0.0155 0.1766 0.4076 0.0471 
   H171929.7  2 0.4722 0.1950 0.0360 0.0502 0.0378 0.1664 0.0423 
   H171929.8  2 0.5828 0.2076 0.0396 0.0235 0.0226 0.1114 0.0125 
   H171929.9  2 0.4995 0.1232 0.2006 0.0776 0.0127 0.0586 0.0278 
   H171930.1  2 0.0137 0.0512 0.0816 0.0318 0.0999 0.2077 0.5141 
   H171930.2  2 0.0339 0.0695 0.6033 0.0515 0.0247 0.1096 0.1074 
   H171930.3  2 0.0198 0.0267 0.0930 0.0277 0.3384 0.1569 0.3375 
   H171930.4  2 0.0122 0.0139 0.4862 0.0100 0.0399 0.1492 0.2886 
   H171930.5  2 0.0560 0.3099 0.2018 0.0666 0.0470 0.0729 0.2457 
   H171930.6  2 0.0194 0.0635 0.2704 0.1811 0.0191 0.1563 0.2901 
   H171930.7  2 0.0175 0.0238 0.0407 0.0276 0.5403 0.1290 0.2210 
   H171930.8  2 0.0226 0.0295 0.0655 0.0433 0.4581 0.2023 0.1786 
   H171933.1  2 0.0139 0.0150 0.8958 0.0067 0.0424 0.0151 0.0110 
   H171933.2  2 0.0266 0.0111 0.8430 0.0231 0.0421 0.0413 0.0127 
   H171933.3  2 0.0303 0.0275 0.8594 0.0084 0.0138 0.0459 0.0146 
   H171933.4  2 0.0466 0.0332 0.8413 0.0114 0.0090 0.0305 0.0282 
   H171933.5  2 0.1198 0.2100 0.4514 0.0085 0.0147 0.1314 0.0643 
   H171933.6  2 0.0102 0.0123 0.9247 0.0212 0.0072 0.0099 0.0145 
   H171933.7  2 0.0199 0.0596 0.8473 0.0150 0.0250 0.0166 0.0166 
   H171933.8  2 0.0705 0.0513 0.6999 0.0176 0.0470 0.0957 0.0181 
   H171933.9  2 0.0084 0.0141 0.9409 0.0091 0.0056 0.0085 0.0134 
      H190.1  2 0.1027 0.0441 0.2956 0.0420 0.0097 0.0888 0.4171 
      H190.2  2 0.0897 0.0348 0.0136 0.0695 0.0081 0.7672 0.0171 
      H190.3  2 0.1514 0.2199 0.0777 0.0371 0.0172 0.4573 0.0394 
      H190.4  2 0.0384 0.0268 0.8653 0.0097 0.0073 0.0160 0.0365 
      H190.5  2 0.1437 0.0486 0.0162 0.1195 0.0078 0.6336 0.0306 
      H190.6  2 0.0853 0.0548 0.7414 0.0137 0.0087 0.0439 0.0523 
      H190.7  2 0.5058 0.1759 0.0716 0.0221 0.0148 0.1551 0.0546 
      H190.8  2 0.3085 0.1137 0.0296 0.1178 0.0082 0.3205 0.1017 
      H190.9  2 0.3073 0.0466 0.0318 0.0250 0.0131 0.5310 0.0453 
      H400.1  2 0.0077 0.0145 0.9391 0.0108 0.0068 0.0085 0.0125 
      H400.2  2 0.0066 0.0092 0.9329 0.0237 0.0082 0.0119 0.0075 
      H400.3  2 0.0134 0.0404 0.8781 0.0089 0.0146 0.0159 0.0286 
      H400.4  2 0.0090 0.0106 0.9119 0.0269 0.0073 0.0216 0.0127 
      H400.5  2 0.0111 0.0198 0.9262 0.0124 0.0077 0.0092 0.0136 
      H400.6  2 0.0093 0.0143 0.9323 0.0177 0.0062 0.0109 0.0092 
      H400.7  2 0.0083 0.0108 0.9505 0.0058 0.0059 0.0083 0.0103 
 H428.1_2005  2 0.0162 0.0134 0.8849 0.0161 0.0250 0.0114 0.0329 
 H428.1_2006  2 0.0307 0.0077 0.8620 0.0387 0.0174 0.0189 0.0248 
 H428.2_2005  2 0.0095 0.0085 0.9352 0.0075 0.0109 0.0147 0.0138 
 H428.2_2006  2 0.0128 0.0114 0.8686 0.0716 0.0132 0.0128 0.0096 
 H428.3_2005  2 0.0114 0.0054 0.9320 0.0117 0.0079 0.0082 0.0233 
 H428.3_2006  2 0.0109 0.0252 0.8560 0.0563 0.0221 0.0142 0.0152 
 H428.4_2005  2 0.0133 0.0054 0.9307 0.0109 0.0088 0.0086 0.0222 
 H428.4_2006  2 0.0116 0.0084 0.9274 0.0176 0.0137 0.0061 0.0151 
 H428.5_2005  2 0.0086 0.0097 0.9026 0.0226 0.0426 0.0079 0.0060 
 H428.6_2005  2 0.0354 0.0094 0.8604 0.0187 0.0132 0.0089 0.0539 
 H428.6_2006  2 0.0121 0.0108 0.8792 0.0293 0.0268 0.0087 0.0332 
      H428.7  2 0.0063 0.0106 0.9535 0.0116 0.0057 0.0045 0.0078 
      H428.8  2 0.0068 0.0161 0.9185 0.0227 0.0151 0.0104 0.0104 
      H428.9  2 0.0076 0.0125 0.9277 0.0114 0.0248 0.0094 0.0068 
      H453.1  2 0.0145 0.0091 0.8751 0.0589 0.0095 0.0147 0.0183 
      H453.2  2 0.0207 0.0093 0.9221 0.0150 0.0071 0.0116 0.0142 
      H453.3  2 0.0436 0.0147 0.9049 0.0129 0.0055 0.0065 0.0120 
      H453.4  2 0.0178 0.0099 0.9297 0.0139 0.0057 0.0098 0.0132 
      H453.5  2 0.0123 0.0091 0.9174 0.0287 0.0076 0.0098 0.0152 
      H453.6  2 0.0065 0.0060 0.9433 0.0217 0.0071 0.0060 0.0093 
      H453.7  2 0.6025 0.0226 0.1212 0.2113 0.0089 0.0158 0.0177 
      H453.8  2 0.4843 0.0182 0.2304 0.2130 0.0096 0.0239 0.0205 
      H453.9  2 0.0621 0.0221 0.4447 0.4311 0.0093 0.0082 0.0225 
      H512.1  2 0.0148 0.0148 0.9146 0.0103 0.0060 0.0119 0.0278 
     H512.10  2 0.0972 0.0134 0.4194 0.0702 0.1420 0.0476 0.2102 
      H512.2  2 0.1570 0.0378 0.3639 0.0297 0.0280 0.1539 0.2299 
      H512.3  2 0.0318 0.0201 0.1217 0.0182 0.0522 0.0388 0.7173 
      H512.4  2 0.0866 0.0239 0.6089 0.1125 0.0431 0.0698 0.0552 
      H512.5  2 0.0420 0.0212 0.0333 0.0125 0.0275 0.0201 0.8433 
      H512.6  2 0.1198 0.0713 0.1643 0.0151 0.0180 0.0460 0.5655 
      H512.7  2 0.0127 0.0111 0.0703 0.0333 0.0134 0.0627 0.7966 
      H512.8  2 0.0650 0.0247 0.1493 0.0193 0.0164 0.4858 0.2395 
      H512.9  2 0.0388 0.0221 0.1913 0.0311 0.0155 0.0226 0.6787 
      H513.1  2 0.0089 0.0065 0.9439 0.0126 0.0117 0.0102 0.0062 
      H513.2  2 0.0094 0.0077 0.9407 0.0122 0.0122 0.0125 0.0053 
      H513.3  2 0.0069 0.0093 0.9514 0.0089 0.0066 0.0081 0.0087 
      H513.4  2 0.0168 0.0117 0.8857 0.0428 0.0079 0.0215 0.0136 
      H513.5  2 0.0072 0.0061 0.9430 0.0111 0.0098 0.0065 0.0164 
      H513.6  2 0.0212 0.0432 0.5218 0.0172 0.3613 0.0241 0.0113 
      H532.1  2 0.0231 0.0179 0.4873 0.2344 0.0280 0.0240 0.1853 
      H532.2  2 0.0601 0.0135 0.8271 0.0466 0.0146 0.0245 0.0135 
      H532.3  2 0.0591 0.0177 0.8136 0.0601 0.0087 0.0195 0.0213 
      H532.4  2 0.0705 0.0467 0.2587 0.5635 0.0164 0.0151 0.0291 
      H532.5  2 0.0217 0.0248 0.8001 0.0664 0.0234 0.0143 0.0493 
      H532.6  2 0.0348 0.0292 0.6985 0.1783 0.0133 0.0143 0.0315 
      H532.7  2 0.0112 0.0195 0.4703 0.4258 0.0201 0.0099 0.0431 
      H532.8  2 0.0321 0.0161 0.3662 0.4470 0.0321 0.0249 0.0817 
      H543.1  2 0.0086 0.0046 0.0170 0.0053 0.9489 0.0081 0.0075 
      H543.2  2 0.0128 0.0114 0.0796 0.0114 0.8468 0.0248 0.0133 
      H543.3  2 0.0090 0.0067 0.0129 0.0104 0.9392 0.0113 0.0105 
      H543.4  2 0.0129 0.0074 0.0094 0.0060 0.9461 0.0114 0.0068 
      H543.5  2 0.0066 0.0075 0.0071 0.0071 0.9544 0.0106 0.0067 
      H543.6  2 0.0187 0.0078 0.0186 0.0079 0.9284 0.0098 0.0089 
      H543.7  2 0.0050 0.0063 0.0059 0.0048 0.9672 0.0058 0.0050 
      H543.8  2 0.0120 0.0101 0.0233 0.0180 0.9175 0.0105 0.0085 
      H543.9  2 0.0089 0.0080 0.0146 0.0082 0.9391 0.0127 0.0085 
 H545.1_2005  2 0.0041 0.0069 0.0042 0.0045 0.9724 0.0038 0.0041 
 H545.1_2006  2 0.0052 0.0101 0.0069 0.0070 0.9542 0.0086 0.0079 
 H545.2_2005  2 0.0054 0.0241 0.0067 0.0076 0.9367 0.0079 0.0115 
 H545.2_2006  2 0.0045 0.0054 0.0071 0.0055 0.9669 0.0057 0.0049 
 H545.3_2005  2 0.0117 0.0156 0.0085 0.0062 0.9299 0.0134 0.0146 
 H545.3_2006  2 0.0053 0.0142 0.0067 0.0118 0.9490 0.0062 0.0068 
 H545.4_2005  2 0.0115 0.0140 0.0059 0.0081 0.9383 0.0135 0.0086 
 H545.4_2006  2 0.0067 0.0184 0.0070 0.0068 0.9415 0.0108 0.0087 
 H545.5_2005  2 0.0048 0.0127 0.0081 0.0126 0.9477 0.0051 0.0090 
 H545.5_2006  2 0.0084 0.0102 0.0074 0.0060 0.9519 0.0069 0.0092 
 H545.6_2005  2 0.0042 0.0059 0.0047 0.0049 0.9694 0.0048 0.0061 
 H545.6_2006  2 0.0060 0.0081 0.0066 0.0051 0.9608 0.0065 0.0068 
 H545.7_2005  2 0.0048 0.0077 0.0067 0.0059 0.9649 0.0039 0.0061 
 H545.7_2006  2 0.0057 0.0119 0.0079 0.0080 0.9496 0.0079 0.0090 
 H545.8_2005  2 0.0084 0.0207 0.0146 0.0116 0.9271 0.0085 0.0091 
 H545.8_2006  2 0.0051 0.0054 0.0065 0.0066 0.9652 0.0044 0.0068 
      H545.9  2 0.0074 0.0098 0.0062 0.0057 0.9538 0.0072 0.0100 
      H547.1  2 0.0344 0.0330 0.7491 0.0096 0.0142 0.1414 0.0183 
      H547.2  2 0.0201 0.0128 0.3418 0.0170 0.0120 0.5890 0.0074 
      H547.3  2 0.1163 0.1146 0.4834 0.0102 0.0191 0.1934 0.0631 
      H547.4  2 0.0352 0.0932 0.2726 0.0374 0.0107 0.5252 0.0257 
      H547.5  2 0.0152 0.0118 0.4060 0.0068 0.0072 0.5414 0.0116 
      H547.6  2 0.0171 0.0175 0.7909 0.0107 0.0250 0.1296 0.0092 
      H547.7  2 0.0526 0.1255 0.5655 0.0118 0.0383 0.1776 0.0288 
      H547.8  2 0.0393 0.0216 0.7298 0.0087 0.0167 0.1671 0.0167 
      H548.1  2 0.0064 0.0120 0.0052 0.0061 0.9539 0.0095 0.0069 
      H548.2  2 0.0093 0.0086 0.0073 0.0074 0.9491 0.0084 0.0098 
      H548.3  2 0.0080 0.0098 0.0072 0.0066 0.9575 0.0054 0.0056 
      H548.4  2 0.0142 0.0418 0.0105 0.0271 0.8733 0.0114 0.0216 
      H548.5  2 0.0071 0.0086 0.0053 0.0066 0.9594 0.0075 0.0055 
      H548.6  2 0.0066 0.0143 0.0053 0.0063 0.9528 0.0074 0.0073 
      H548.7  2 0.0060 0.0077 0.0077 0.0082 0.9577 0.0053 0.0074 
      H548.8  2 0.0076 0.0093 0.0063 0.0082 0.9559 0.0050 0.0076 
      H548.9  2 0.0109 0.0157 0.0108 0.0100 0.9283 0.0121 0.0121 
     H7389.1  2 0.0092 0.0133 0.9335 0.0111 0.0134 0.0117 0.0077 
     H7389.2  2 0.0072 0.0101 0.8978 0.0132 0.0461 0.0174 0.0081 
     H7389.3  2 0.0069 0.0110 0.9002 0.0111 0.0365 0.0241 0.0103 
     H7389.4  2 0.0111 0.0289 0.8418 0.0336 0.0672 0.0066 0.0109 
     H7389.5  2 0.0132 0.0307 0.8862 0.0214 0.0243 0.0070 0.0173 
     H7389.6  2 0.0075 0.0087 0.8061 0.0416 0.0116 0.0099 0.1147 
     H7389.7  2 0.0074 0.0144 0.8746 0.0264 0.0431 0.0164 0.0178 
     H7389.8  2 0.0167 0.0436 0.5359 0.0250 0.3450 0.0178 0.0161 
     H7389.9  2 0.0078 0.0130 0.8865 0.0287 0.0458 0.0067 0.0114 
      H747.1  2 0.1834 0.0386 0.1077 0.0215 0.0232 0.1390 0.4867 
      H747.2  2 0.0335 0.0876 0.0360 0.0125 0.0191 0.1597 0.6516 
      H747.3  2 0.0479 0.0222 0.0734 0.0145 0.0104 0.0497 0.7820 
      H747.4  2 0.0455 0.0833 0.0409 0.0283 0.0136 0.2303 0.5580 
      H747.5  2 0.0240 0.0335 0.0163 0.0111 0.0109 0.0691 0.8351 
      H747.6  2 0.0355 0.0340 0.1370 0.0175 0.0689 0.2572 0.4499 
      H747.7  2 0.0584 0.0476 0.0941 0.0129 0.0232 0.0605 0.7033 
     H7484.1  2 0.0712 0.0231 0.0665 0.7727 0.0125 0.0281 0.0259 
     H7484.2  2 0.1666 0.1580 0.0439 0.5158 0.0111 0.0856 0.0190 
     H7484.3  2 0.1338 0.0998 0.0289 0.6228 0.0201 0.0697 0.0249 
     H7484.4  2 0.0850 0.0663 0.0908 0.6617 0.0081 0.0581 0.0300 
     H7484.5  2 0.0219 0.1187 0.0594 0.7323 0.0173 0.0254 0.0249 
     H7484.6  2 0.4130 0.0663 0.0336 0.1008 0.0170 0.0794 0.2900 
     H7484.7  2 0.3718 0.0630 0.0252 0.4049 0.0082 0.0119 0.1149 
     H7484.8  2 0.1049 0.0296 0.2477 0.5259 0.0108 0.0268 0.0544 
     H7485.1  2 0.0116 0.0071 0.0095 0.0101 0.9431 0.0090 0.0097 
     H7485.2  2 0.0054 0.0077 0.0088 0.0066 0.9592 0.0061 0.0062 
     H7485.3  2 0.0057 0.0073 0.0064 0.0058 0.9586 0.0097 0.0066 
     H7485.4  2 0.0054 0.0097 0.0073 0.0080 0.9594 0.0041 0.0062 
     H7485.5  2 0.0112 0.0164 0.0073 0.0124 0.9369 0.0087 0.0071 
     H7485.6  2 0.0100 0.0101 0.0107 0.0150 0.9392 0.0076 0.0074 
     H7485.7  2 0.0083 0.0176 0.0066 0.0119 0.9354 0.0105 0.0097 
     H7496.1  2 0.0261 0.0231 0.7966 0.0669 0.0078 0.0399 0.0397 
    H7496.10  2 0.0154 0.0114 0.8964 0.0368 0.0069 0.0236 0.0095 
    H7496.11  2 0.0162 0.0155 0.0394 0.0738 0.7830 0.0366 0.0355 
     H7496.2  2 0.0229 0.0204 0.8516 0.0350 0.0071 0.0310 0.0320 
     H7496.3  2 0.0579 0.0607 0.1522 0.6495 0.0133 0.0420 0.0244 
     H7496.4  2 0.0136 0.0138 0.8916 0.0228 0.0106 0.0335 0.0141 
     H7496.5  2 0.0149 0.0391 0.7846 0.0386 0.0104 0.0571 0.0553 
     H7496.6  2 0.0228 0.0358 0.8166 0.0465 0.0042 0.0146 0.0595 
     H7496.7  2 0.0168 0.0118 0.9124 0.0249 0.0080 0.0143 0.0118 
     H7496.8  2 0.1716 0.0261 0.5434 0.1542 0.0225 0.0602 0.0220 
        UNK4  2 0.0517 0.1087 0.6951 0.0242 0.0519 0.0335 0.0350 
        UNK5  2 0.0258 0.0613 0.7127 0.0550 0.0541 0.0776 0.0135 
        UNK6  2 0.0188 0.0225 0.8515 0.0225 0.0328 0.0369 0.0149 
        UNK7  2 0.0141 0.0219 0.6863 0.0205 0.1775 0.0638 0.0159 
        UNK8  2 0.0233 0.0345 0.7845 0.0141 0.1220 0.0136 0.0081 
        UNK9  2 0.0129 0.0573 0.5326 0.1809 0.1696 0.0175 0.0292 
      H009.1  4 0.9017 0.0372 0.0082 0.0077 0.0086 0.0098 0.0269 
      H009.2  4 0.7995 0.0691 0.0215 0.0091 0.0101 0.0155 0.0752 
      H009.3  4 0.9122 0.0275 0.0071 0.0134 0.0080 0.0090 0.0228 
      H009.4  4 0.8523 0.0203 0.0103 0.0135 0.0108 0.0121 0.0807 
      H009.5  4 0.8556 0.0751 0.0089 0.0127 0.0201 0.0116 0.0160 
      H009.6  4 0.6351 0.2616 0.0117 0.0169 0.0082 0.0511 0.0153 
      H046.4  4 0.0812 0.4828 0.0671 0.2124 0.0314 0.0364 0.0888 
      H046.8  4 0.2283 0.2556 0.0332 0.0575 0.0523 0.2428 0.1303 
 H076.1_2002  4 0.0094 0.0116 0.0198 0.0077 0.0098 0.9303 0.0114 
 H076.1_2003  4 0.0077 0.0087 0.0065 0.0048 0.0088 0.9577 0.0058 
