      H105.1  1 0.0247 0.0085 0.0180 0.0118 0.0088 0.0072 0.0111 0.0120 0.8703 0.0080 0.0197 
      H105.2  1 0.0105 0.0239 0.0137 0.0791 0.0122 0.0102 0.0343 0.0137 0.7495 0.0300 0.0229 
      H105.3  1 0.0064 0.0122 0.0079 0.0091 0.0093 0.0059 0.0071 0.0081 0.9073 0.0117 0.0149 
      H105.4  1 0.0095 0.0156 0.0814 0.0592 0.0093 0.0072 0.0278 0.0170 0.6729 0.0743 0.0257 
      H105.5  1 0.0811 0.0902 0.0722 0.0475 0.0122 0.0105 0.0209 0.1243 0.1815 0.1482 0.2111 
      H105.6  1 0.0049 0.0098 0.0136 0.0059 0.0102 0.0051 0.0066 0.0179 0.8886 0.0206 0.0166 
      H105.7  1 0.0170 0.0154 0.0221 0.0143 0.0276 0.0052 0.0063 0.0091 0.8673 0.0077 0.0082 
      H105.8  1 0.0059 0.0057 0.0082 0.0101 0.0188 0.0081 0.0135 0.0071 0.9055 0.0073 0.0098 
      H115.1  1 0.0104 0.0143 0.0098 0.0121 0.0169 0.0086 0.0106 0.8728 0.0130 0.0086 0.0230 
      H115.2  1 0.0092 0.0113 0.0065 0.0070 0.0069 0.0106 0.0115 0.9067 0.0102 0.0104 0.0098 
      H115.3  1 0.0115 0.0081 0.0099 0.0104 0.0074 0.0067 0.0087 0.8968 0.0093 0.0212 0.0099 
      H115.4  1 0.0565 0.0265 0.0146 0.0259 0.0078 0.0107 0.0407 0.6793 0.0132 0.0074 0.1174 
      H115.5  1 0.0298 0.0253 0.0213 0.0342 0.0234 0.0565 0.0131 0.7212 0.0185 0.0174 0.0392 
      H115.6  1 0.0222 0.0360 0.0128 0.0312 0.0100 0.0119 0.0097 0.8124 0.0094 0.0261 0.0184 
      H115.7  1 0.0218 0.0879 0.0142 0.0458 0.0066 0.0059 0.0128 0.7473 0.0092 0.0199 0.0285 
      H115.8  1 0.0128 0.0132 0.0092 0.0134 0.0216 0.0417 0.0102 0.8407 0.0137 0.0115 0.0120 
      H115.9  1 0.0069 0.0075 0.0103 0.0056 0.0185 0.0058 0.0058 0.9119 0.0063 0.0084 0.0129 
      H145.1  1 0.0070 0.0129 0.8669 0.0046 0.0076 0.0345 0.0071 0.0099 0.0059 0.0281 0.0156 
      H145.2  1 0.0075 0.0177 0.8329 0.0044 0.0087 0.0484 0.0089 0.0075 0.0088 0.0310 0.0242 
      H145.3  1 0.0066 0.0088 0.8319 0.0127 0.0270 0.0708 0.0052 0.0088 0.0049 0.0165 0.0068 
      H145.4  1 0.0074 0.0156 0.9042 0.0041 0.0073 0.0212 0.0060 0.0060 0.0063 0.0108 0.0111 
      H145.5  1 0.0086 0.0221 0.5620 0.0106 0.0095 0.3154 0.0113 0.0052 0.0063 0.0343 0.0148 
      H145.6  1 0.0079 0.0094 0.8920 0.0101 0.0057 0.0293 0.0073 0.0063 0.0056 0.0159 0.0106 
      H145.7  1 0.0108 0.0119 0.9118 0.0100 0.0079 0.0081 0.0078 0.0062 0.0049 0.0102 0.0103 
      H149.1  1 0.0063 0.0068 0.0069 0.0058 0.0059 0.0076 0.0048 0.0060 0.0073 0.0084 0.9340 
      H149.2  1 0.0143 0.0105 0.0139 0.0062 0.0054 0.0054 0.0055 0.0058 0.0057 0.0087 0.9186 
      H149.3  1 0.0292 0.0260 0.0263 0.0160 0.0098 0.0047 0.0113 0.0118 0.0137 0.0148 0.8365 
      H149.4  1 0.0105 0.0101 0.0101 0.0121 0.0086 0.0104 0.0141 0.0069 0.0135 0.0099 0.8938 
      H149.5  1 0.1009 0.0173 0.0517 0.0263 0.0075 0.0046 0.0122 0.0044 0.0171 0.0131 0.7449 
      H149.6  1 0.0164 0.0159 0.0131 0.0147 0.0052 0.0053 0.0069 0.0041 0.0090 0.0086 0.9008 
      H149.7  1 0.0330 0.0467 0.0157 0.0372 0.0155 0.0116 0.0663 0.0073 0.0278 0.0149 0.7238 
      H150.1  1 0.0056 0.0082 0.0069 0.0067 0.0060 0.0100 0.0049 0.9305 0.0076 0.0099 0.0037 
      H150.2  1 0.0083 0.0090 0.0038 0.0083 0.0053 0.0150 0.0074 0.9176 0.0087 0.0077 0.0088 
      H150.3  1 0.0076 0.0234 0.0065 0.0148 0.0084 0.0112 0.0066 0.8955 0.0099 0.0102 0.0061 
      H150.4  1 0.0060 0.0113 0.0100 0.0084 0.0086 0.0096 0.0059 0.9208 0.0063 0.0091 0.0040 
      H150.5  1 0.0161 0.0175 0.0102 0.0122 0.0074 0.0054 0.0117 0.8861 0.0116 0.0139 0.0079 
      H150.6  1 0.0282 0.0176 0.0048 0.0503 0.0044 0.0114 0.0315 0.7818 0.0388 0.0201 0.0112 
      H150.7  1 0.0053 0.0089 0.0064 0.0050 0.0107 0.0091 0.0051 0.9224 0.0065 0.0164 0.0040 
   H169607.1  1 0.0315 0.0490 0.0849 0.0626 0.0338 0.0312 0.3186 0.1537 0.0133 0.1969 0.0244 
   H169607.2  1 0.0203 0.0288 0.5353 0.0111 0.0596 0.0054 0.1574 0.0771 0.0102 0.0860 0.0089 
   H169607.3  1 0.1189 0.0194 0.4004 0.0963 0.0480 0.0155 0.0486 0.0337 0.0117 0.1910 0.0165 
   H169607.4  1 0.0080 0.0081 0.2998 0.0089 0.0092 0.0080 0.0271 0.0123 0.0105 0.5996 0.0084 
   H169607.5  1 0.1560 0.0149 0.3076 0.0104 0.0727 0.0137 0.1076 0.1805 0.0093 0.0870 0.0404 
   H169607.6  1 0.0170 0.0100 0.6601 0.0151 0.0302 0.0058 0.1175 0.0289 0.0103 0.0956 0.0096 
   H169607.7  1 0.0179 0.0146 0.2045 0.0153 0.0559 0.0081 0.5158 0.1122 0.0275 0.0168 0.0115 
   H169607.8  1 0.0098 0.0142 0.4951 0.0152 0.0210 0.0057 0.0453 0.0174 0.0105 0.3555 0.0103 
   H169633.1  1 0.0145 0.0695 0.0230 0.0282 0.0142 0.0471 0.0100 0.0284 0.0344 0.0127 0.7179 
   H169633.2  1 0.0064 0.0171 0.0082 0.0336 0.0163 0.0154 0.0188 0.0106 0.0207 0.0057 0.8472 
   H169633.3  1 0.0143 0.0397 0.0120 0.0136 0.0219 0.0098 0.0112 0.0132 0.0283 0.0064 0.8298 
   H169633.4  1 0.0301 0.0192 0.0142 0.0120 0.0082 0.0363 0.0092 0.0123 0.0222 0.0302 0.8061 
   H169633.5  1 0.0228 0.0239 0.0164 0.0108 0.0101 0.0450 0.0074 0.0203 0.0226 0.0184 0.8023 
   H169688.1  1 0.0082 0.0090 0.3134 0.5106 0.0129 0.0048 0.0788 0.0186 0.0067 0.0120 0.0251 
   H169688.2  1 0.0113 0.0071 0.0272 0.4824 0.0165 0.0167 0.3454 0.0541 0.0192 0.0060 0.0141 
   H169688.3  1 0.0093 0.0101 0.0495 0.0869 0.0069 0.0077 0.7393 0.0599 0.0119 0.0088 0.0098 
   H169688.4  1 0.0108 0.0063 0.0154 0.0338 0.0070 0.0154 0.0790 0.8029 0.0074 0.0138 0.0082 
   H169688.5  1 0.0087 0.0058 0.0178 0.0348 0.0067 0.0174 0.0590 0.8213 0.0072 0.0119 0.0093 
   H169688.6  1 0.0110 0.0061 0.0766 0.1739 0.0126 0.0547 0.5418 0.0599 0.0280 0.0106 0.0248 
   H169688.7  1 0.0121 0.0132 0.0893 0.0283 0.0136 0.0141 0.7192 0.0738 0.0079 0.0150 0.0138 
   H171901.1  1 0.0213 0.2802 0.0704 0.2217 0.0171 0.0811 0.0434 0.0773 0.0273 0.1436 0.0164 
   H171901.2  1 0.0181 0.0281 0.0681 0.0112 0.0150 0.0153 0.0204 0.0799 0.0340 0.0627 0.6472 
   H171901.3  1 0.0203 0.0155 0.0124 0.0603 0.0126 0.0101 0.0344 0.0362 0.0113 0.1025 0.6846 
   H171901.4  1 0.0108 0.0141 0.0169 0.0170 0.0129 0.0081 0.0252 0.0420 0.0413 0.0352 0.7764 
   H171901.5  1 0.0133 0.0124 0.0135 0.0127 0.0092 0.0077 0.0494 0.0215 0.0268 0.1532 0.6802 
   H171901.6  1 0.0160 0.0183 0.0251 0.0140 0.0124 0.0072 0.0493 0.0587 0.0456 0.2573 0.4961 
   H171901.7  1 0.0241 0.0175 0.0198 0.0182 0.0358 0.0082 0.0980 0.0386 0.0172 0.0346 0.6880 
   H171902.1  1 0.0053 0.0080 0.0156 0.0139 0.0142 0.0552 0.0237 0.0318 0.0074 0.8087 0.0161 
  H171902.10  1 0.0069 0.0081 0.0209 0.0107 0.0055 0.0130 0.1302 0.0111 0.0063 0.7667 0.0205 
   H171902.2  1 0.0116 0.0180 0.0160 0.2188 0.1174 0.0797 0.1369 0.0394 0.0454 0.2997 0.0171 
   H171902.3  1 0.0076 0.0182 0.0194 0.0157 0.0141 0.0109 0.4686 0.0586 0.0129 0.3134 0.0607 
   H171902.4  1 0.0080 0.0117 0.0148 0.0097 0.0188 0.0452 0.0125 0.0187 0.0099 0.8105 0.0402 
   H171902.6  1 0.0071 0.0113 0.0168 0.0078 0.0062 0.0146 0.0704 0.0108 0.0049 0.8278 0.0225 
   H171902.7  1 0.0055 0.0086 0.0078 0.0047 0.0054 0.0344 0.0327 0.0109 0.0047 0.8625 0.0226 
   H171902.8  1 0.0104 0.0129 0.0238 0.0142 0.0081 0.0302 0.1986 0.0186 0.0075 0.6356 0.0401 
   H171902.9  1 0.0059 0.0128 0.0146 0.0068 0.0139 0.0483 0.0167 0.1015 0.0119 0.7597 0.0078 
   H171903.1  1 0.0288 0.0115 0.7029 0.0114 0.0238 0.0059 0.0147 0.1568 0.0138 0.0137 0.0167 
   H171903.2  1 0.1362 0.0080 0.5616 0.0146 0.0639 0.0133 0.0325 0.0836 0.0371 0.0292 0.0200 
   H171903.3  1 0.3824 0.0244 0.0985 0.0183 0.0435 0.0225 0.0474 0.0675 0.0218 0.0485 0.2253 
   H171903.4  1 0.0351 0.0551 0.1691 0.1171 0.0111 0.0111 0.0406 0.0887 0.0208 0.4367 0.0146 
   H171903.5  1 0.3314 0.0160 0.0412 0.0271 0.0360 0.0124 0.1037 0.1805 0.0284 0.0217 0.2015 
   H171903.6  1 0.1834 0.0078 0.1512 0.0221 0.0187 0.0052 0.2846 0.1854 0.0104 0.0742 0.0570 
      H177.1  1 0.0232 0.0154 0.0779 0.1395 0.0102 0.0149 0.0477 0.0390 0.0074 0.0999 0.5250 
      H177.2  1 0.1470 0.0208 0.0997 0.0254 0.0927 0.0244 0.1881 0.0237 0.0124 0.1158 0.2501 
      H177.3  1 0.0429 0.0209 0.0613 0.0073 0.0145 0.0184 0.1649 0.0242 0.0071 0.1555 0.4828 
      H177.4  1 0.0466 0.0107 0.1281 0.1024 0.0138 0.0105 0.0512 0.0093 0.0231 0.0590 0.5452 
      H177.5  1 0.2326 0.0153 0.0747 0.4376 0.0303 0.0104 0.0451 0.0319 0.0452 0.0472 0.0296 
      H177.6  1 0.0308 0.0262 0.0270 0.0072 0.0170 0.0202 0.0618 0.0226 0.0073 0.1366 0.6433 
      H179.1  1 0.0486 0.0327 0.0074 0.0999 0.0281 0.0081 0.2994 0.0218 0.1441 0.0621 0.2478 
      H179.2  1 0.0702 0.0251 0.0081 0.0215 0.0367 0.0081 0.4883 0.0545 0.0404 0.0214 0.2258 
      H179.3  1 0.0674 0.0191 0.0185 0.1294 0.1123 0.0098 0.4899 0.0644 0.0368 0.0279 0.0244 
      H179.4  1 0.0221 0.0143 0.0247 0.0314 0.0455 0.0077 0.1785 0.0083 0.0148 0.0158 0.6369 
      H180.1  1 0.0149 0.0082 0.0059 0.0263 0.0098 0.0201 0.0150 0.8340 0.0232 0.0102 0.0323 
      H180.2  1 0.0093 0.0070 0.0049 0.0329 0.0065 0.0143 0.0086 0.8679 0.0238 0.0117 0.0131 
      H180.3  1 0.0096 0.0086 0.0105 0.0062 0.0126 0.0120 0.0081 0.9056 0.0062 0.0067 0.0140 
      H180.4  1 0.0507 0.0231 0.0082 0.0536 0.0177 0.0246 0.0213 0.6509 0.1121 0.0136 0.0242 
      H180.5  1 0.0412 0.0127 0.0117 0.0372 0.0165 0.0249 0.0231 0.7850 0.0203 0.0093 0.0180 
      H180.6  1 0.0164 0.0264 0.0221 0.0174 0.2219 0.0577 0.0142 0.5638 0.0246 0.0139 0.0217 
      H181.1  1 0.2332 0.0116 0.0375 0.1592 0.0127 0.0261 0.0343 0.0196 0.0112 0.0429 0.4117 
      H181.2  1 0.0421 0.0178 0.0627 0.2232 0.0128 0.0267 0.0434 0.0239 0.0159 0.0325 0.4987 
      H181.3  1 0.0216 0.0099 0.0406 0.6501 0.0105 0.0256 0.0529 0.0085 0.0110 0.0448 0.1244 
      H181.4  1 0.4141 0.0405 0.0507 0.0639 0.0218 0.0055 0.0471 0.0991 0.0119 0.0453 0.2000 
      H181.5  1 0.0220 0.0185 0.0101 0.7200 0.0210 0.0100 0.0313 0.0081 0.0133 0.0117 0.1339 
      H181.6  1 0.0368 0.0392 0.0166 0.0864 0.0242 0.0080 0.0558 0.0622 0.0777 0.0303 0.5627 
      H181.7  1 0.0268 0.0090 0.0225 0.2042 0.0589 0.0127 0.2219 0.0239 0.0188 0.0156 0.3856 
 H194.1_2004  1 0.0212 0.0471 0.7425 0.0089 0.0165 0.0088 0.0130 0.0952 0.0111 0.0105 0.0252 
 H194.2_2004  1 0.0174 0.0493 0.7815 0.0752 0.0063 0.0120 0.0072 0.0215 0.0052 0.0120 0.0123 
 H194.3_2004  1 0.0100 0.0531 0.5314 0.0086 0.0136 0.0137 0.0219 0.0106 0.0166 0.0214 0.2990 
 H194.4_2004  1 0.0105 0.0153 0.8032 0.0551 0.0082 0.0195 0.0106 0.0099 0.0068 0.0165 0.0445 
 H194.5_2004  1 0.0157 0.0533 0.5347 0.0145 0.0250 0.0076 0.0209 0.0162 0.0257 0.0220 0.2643 
 H194.6_2004  1 0.0179 0.0318 0.2510 0.1362 0.0204 0.0128 0.0218 0.0148 0.0100 0.0425 0.4408 
 H194.7_2004  1 0.0172 0.0409 0.8365 0.0112 0.0412 0.0065 0.0090 0.0109 0.0102 0.0064 0.0097 
 H194.8_2004  1 0.0158 0.0794 0.4438 0.1971 0.0302 0.0156 0.0200 0.0156 0.0127 0.0311 0.1388 
      H194.9  1 0.0154 0.0468 0.7794 0.0162 0.0549 0.0132 0.0119 0.0203 0.0165 0.0112 0.0142 
 H195.1_2003  1 0.0113 0.0414 0.2697 0.0335 0.0108 0.0050 0.0334 0.0182 0.4747 0.0537 0.0483 
 H195.1_2004  1 0.0132 0.0732 0.6928 0.0215 0.0074 0.0555 0.0616 0.0086 0.0101 0.0214 0.0347 
 H195.2_2003  1 0.0053 0.0078 0.8581 0.0106 0.0175 0.0086 0.0205 0.0202 0.0228 0.0172 0.0114 
 H195.2_2004  1 0.0093 0.0137 0.8809 0.0099 0.0085 0.0292 0.0130 0.0066 0.0104 0.0052 0.0132 
 H195.3_2003  1 0.0155 0.0121 0.5821 0.0191 0.0142 0.0097 0.0415 0.0867 0.1755 0.0357 0.0078 
 H195.3_2004  1 0.0062 0.0154 0.8830 0.0094 0.0066 0.0152 0.0076 0.0060 0.0116 0.0109 0.0281 
 H195.4_2003  1 0.0129 0.0726 0.7031 0.0106 0.0094 0.0061 0.0144 0.0109 0.1006 0.0221 0.0372 
 H195.4_2004  1 0.0053 0.0085 0.9222 0.0143 0.0128 0.0055 0.0076 0.0041 0.0074 0.0059 0.0065 
 H195.5_2003  1 0.0112 0.0526 0.1793 0.0644 0.0084 0.0050 0.0286 0.0193 0.5592 0.0481 0.0240 
 H195.5_2004  1 0.0060 0.0147 0.8779 0.0147 0.0062 0.0213 0.0111 0.0063 0.0160 0.0111 0.0147 
 H195.6_2003  1 0.0074 0.0074 0.8816 0.0077 0.0074 0.0086 0.0087 0.0174 0.0376 0.0100 0.0062 
 H195.6_2004  1 0.0047 0.0131 0.9104 0.0065 0.0065 0.0144 0.0087 0.0038 0.0114 0.0066 0.0139 
 H195.7_2003  1 0.0133 0.0276 0.6628 0.0698 0.0280 0.0044 0.0878 0.0096 0.0490 0.0173 0.0303 
 H195.7_2004  1 0.0122 0.0313 0.6489 0.0146 0.0073 0.2076 0.0253 0.0130 0.0147 0.0125 0.0127 
      H195.8  1 0.0096 0.0320 0.8557 0.0314 0.0096 0.0123 0.0130 0.0104 0.0096 0.0093 0.0072 
      H195.9  1 0.0065 0.0098 0.9067 0.0092 0.0096 0.0066 0.0113 0.0062 0.0099 0.0095 0.0147 
      H415.1  1 0.0114 0.0567 0.0182 0.0124 0.0367 0.0672 0.0123 0.2039 0.0332 0.0101 0.5379 
      H415.2  1 0.0191 0.0132 0.0152 0.0068 0.0099 0.0234 0.0271 0.1023 0.0110 0.4821 0.2900 
      H415.3  1 0.0193 0.0230 0.0060 0.0070 0.0118 0.0067 0.0152 0.0187 0.0303 0.0127 0.8493 
      H415.4  1 0.0210 0.0765 0.0078 0.0120 0.0238 0.0203 0.0079 0.1596 0.0210 0.0111 0.6390 
      H415.5  1 0.0144 0.0217 0.0075 0.0056 0.0065 0.0073 0.0088 0.0126 0.0147 0.0082 0.8928 
      H415.6  1 0.0141 0.0997 0.0075 0.0116 0.0303 0.0176 0.0062 0.1750 0.0222 0.0139 0.6019 
      H415.7  1 0.0251 0.0255 0.0205 0.0077 0.0167 0.0200 0.0833 0.0209 0.0171 0.4261 0.3370 
      H506.1  1 0.0118 0.0077 0.0062 0.0164 0.0141 0.0112 0.0202 0.0058 0.0294 0.0069 0.8702 
      H506.2  1 0.0133 0.0099 0.0109 0.0088 0.0121 0.0067 0.0219 0.0048 0.0141 0.0195 0.8782 
      H506.3  1 0.0293 0.0107 0.0092 0.0591 0.0208 0.1161 0.1066 0.0096 0.0491 0.0140 0.5754 
      H506.4  1 0.0227 0.0104 0.0086 0.0299 0.0265 0.0309 0.0429 0.0094 0.0413 0.0163 0.7611 
      H506.5  1 0.0134 0.0081 0.0113 0.0136 0.0114 0.0137 0.0112 0.0064 0.0331 0.0181 0.8597 
      H506.6  1 0.1159 0.0102 0.0271 0.0590 0.0301 0.1133 0.2412 0.0104 0.0327 0.2270 0.1331 
      H506.7  1 0.0094 0.0094 0.0082 0.0200 0.0148 0.0110 0.0151 0.0059 0.0308 0.0115 0.8638 
      H533.1  1 0.0109 0.0062 0.0047 0.0083 0.0076 0.0196 0.1620 0.0064 0.0156 0.0088 0.7501 
      H533.2  1 0.0075 0.0054 0.0042 0.0095 0.0089 0.0251 0.0574 0.0055 0.0085 0.0075 0.8605 
      H533.3  1 0.0325 0.0061 0.0075 0.0107 0.0174 0.0153 0.1820 0.0095 0.0083 0.0157 0.6950 
      H533.4  1 0.0143 0.0099 0.0146 0.0179 0.0131 0.0196 0.1593 0.0088 0.0114 0.0180 0.7132 
      H535.1  1 0.0278 0.0229 0.0383 0.0212 0.0166 0.0074 0.0455 0.0315 0.0076 0.0434 0.7377 
      H535.2  1 0.0196 0.0094 0.0747 0.0823 0.0919 0.0047 0.0339 0.0066 0.0202 0.0084 0.6482 
      H535.3  1 0.0259 0.0078 0.0623 0.1506 0.0800 0.0084 0.0269 0.0161 0.0643 0.0392 0.5185 
      H535.4  1 0.0078 0.0092 0.0104 0.0121 0.0073 0.0042 0.0067 0.0068 0.0165 0.0060 0.9130 
      H535.5  1 0.0147 0.0075 0.0198 0.0149 0.0065 0.0043 0.0193 0.0080 0.0078 0.0060 0.8912 
      H535.6  1 0.0297 0.0736 0.1516 0.1469 0.0414 0.0065 0.0678 0.0351 0.0088 0.0488 0.3897 
      H535.7  1 0.0106 0.0070 0.0132 0.0180 0.0111 0.0085 0.0233 0.0110 0.0156 0.0077 0.8739 
      H535.8  1 0.0102 0.0071 0.0481 0.1209 0.0209 0.0080 0.0238 0.0103 0.0210 0.0100 0.7196 
      H535.9  1 0.0135 0.0144 0.0295 0.0161 0.0228 0.0132 0.0199 0.0371 0.0325 0.0661 0.7350 
      H539.1  1 0.0041 0.0057 0.0107 0.0037 0.0077 0.0094 0.0046 0.9317 0.0039 0.0150 0.0036 
      H539.2  1 0.0165 0.0078 0.0132 0.0326 0.0173 0.0142 0.0349 0.8253 0.0120 0.0113 0.0149 
      H539.3  1 0.0052 0.0078 0.0324 0.0161 0.0159 0.0180 0.0073 0.8694 0.0085 0.0114 0.0079 
      H539.4  1 0.0069 0.0042 0.0047 0.0057 0.0084 0.0185 0.0087 0.9221 0.0076 0.0072 0.0060 
      H539.5  1 0.0045 0.0073 0.0072 0.0043 0.0099 0.0094 0.0040 0.9383 0.0033 0.0075 0.0042 
      H539.6  1 0.0053 0.0073 0.0068 0.0043 0.0100 0.0047 0.0058 0.9405 0.0036 0.0078 0.0039 
      H539.7  1 0.0054 0.0097 0.0048 0.0050 0.0062 0.0065 0.0050 0.9396 0.0056 0.0078 0.0043 
      H539.8  1 0.0121 0.0120 0.0131 0.0162 0.0094 0.0291 0.0088 0.8581 0.0173 0.0128 0.0111 
      H539.9  1 0.0074 0.0042 0.0065 0.0055 0.0089 0.0140 0.0066 0.9292 0.0054 0.0086 0.0038 
      H540.1  1 0.0359 0.0094 0.0201 0.0071 0.0087 0.0146 0.0190 0.8502 0.0046 0.0211 0.0094 
      H540.2  1 0.0089 0.0096 0.0067 0.0048 0.0064 0.0050 0.0058 0.9316 0.0055 0.0098 0.0059 
      H540.3  1 0.0546 0.0832 0.0088 0.0434 0.0054 0.3790 0.0326 0.2234 0.0084 0.1482 0.0129 
      H540.4  1 0.0129 0.0121 0.0079 0.0083 0.0046 0.0053 0.0130 0.9110 0.0053 0.0111 0.0085 
      H540.5  1 0.0180 0.0100 0.0072 0.0099 0.0084 0.0412 0.0122 0.8579 0.0055 0.0186 0.0112 
      H540.6  1 0.0370 0.0198 0.0126 0.0255 0.0214 0.0157 0.0228 0.7976 0.0058 0.0299 0.0120 
      H540.7  1 0.0080 0.0090 0.0076 0.0069 0.0098 0.0056 0.0075 0.9206 0.0059 0.0106 0.0083 
      H540.8  1 0.0174 0.0086 0.0106 0.0043 0.0066 0.0079 0.0129 0.9006 0.0068 0.0125 0.0119 
     H9558.1  1 0.0053 0.0066 0.0128 0.0076 0.0051 0.0085 0.0097 0.9111 0.0080 0.0204 0.0049 
     H9558.2  1 0.0071 0.0100 0.0180 0.0114 0.0159 0.0154 0.0127 0.8604 0.0227 0.0200 0.0063 
     H9558.3  1 0.0073 0.0087 0.0096 0.0064 0.0126 0.0129 0.0056 0.9095 0.0123 0.0080 0.0072 
     H9558.4  1 0.0054 0.0044 0.0061 0.0053 0.0056 0.0139 0.0104 0.9242 0.0090 0.0102 0.0056 
     H9558.5  1 0.0079 0.0044 0.0037 0.0057 0.0047 0.0261 0.0072 0.9189 0.0092 0.0070 0.0051 
     H9558.6  1 0.0420 0.0123 0.0076 0.0125 0.0800 0.0141 0.0069 0.7650 0.0082 0.0439 0.0076 
    kos339.1  1 0.0120 0.0074 0.0068 0.0076 0.0217 0.0063 0.0101 0.0071 0.0070 0.0168 0.8970 
    kos339.2  1 0.0068 0.0125 0.0084 0.0072 0.0156 0.0091 0.0072 0.0061 0.0109 0.0057 0.9105 
    kos339.3  1 0.0070 0.0050 0.0069 0.0040 0.0059 0.0045 0.0057 0.0074 0.0059 0.0060 0.9418 
    kos339.4  1 0.0068 0.0068 0.0063 0.0062 0.0079 0.0062 0.0076 0.0091 0.0068 0.0047 0.9316 
    kos339.5  1 0.0113 0.0093 0.0075 0.0054 0.0137 0.0037 0.0079 0.0079 0.0077 0.0107 0.9150 
    kos339.6  1 0.0155 0.0104 0.0074 0.0049 0.0072 0.0093 0.0065 0.0067 0.0052 0.0072 0.9197 
    kos339.7  1 0.0060 0.0052 0.0068 0.0051 0.0066 0.0053 0.0069 0.0066 0.0045 0.0052 0.9418 
    kos339.8  1 0.0086 0.0057 0.0043 0.0061 0.0053 0.0062 0.0060 0.0051 0.0064 0.0048 0.9416 
    kos339.9  1 0.0095 0.0124 0.0154 0.0058 0.0152 0.0062 0.0099 0.0313 0.0093 0.0151 0.8700 
      H008.1  2 0.0088 0.0126 0.0075 0.0128 0.8336 0.0084 0.0137 0.0612 0.0221 0.0106 0.0085 
      H008.2  2 0.0258 0.0198 0.0220 0.0392 0.1229 0.1318 0.1026 0.1959 0.2800 0.0290 0.0310 
      H008.3  2 0.0347 0.0379 0.0575 0.1613 0.1172 0.0776 0.1671 0.1687 0.1116 0.0244 0.0421 
      H008.4  2 0.0084 0.0303 0.0123 0.0222 0.7870 0.0461 0.0090 0.0410 0.0111 0.0186 0.0141 
      H008.5  2 0.0119 0.0133 0.0161 0.0236 0.7929 0.0198 0.0214 0.0387 0.0321 0.0122 0.0179 
      H008.6  2 0.0299 0.0187 0.0226 0.0121 0.4077 0.1500 0.0350 0.0665 0.1866 0.0540 0.0168 
      H008.7  2 0.0137 0.0389 0.0181 0.0843 0.4727 0.0985 0.0400 0.0641 0.0916 0.0454 0.0325 
      H008.8  2 0.0106 0.0161 0.0275 0.0194 0.2132 0.0164 0.1008 0.5229 0.0159 0.0400 0.0172 
      H008.9  2 0.0178 0.0252 0.0401 0.0238 0.0566 0.3862 0.0360 0.0715 0.1215 0.1895 0.0319 
 H029.1_2002  2 0.0085 0.0162 0.0067 0.0243 0.8564 0.0196 0.0089 0.0235 0.0086 0.0202 0.0071 
 H029.1_2003  2 0.0213 0.0174 0.0175 0.0466 0.7258 0.0350 0.0285 0.0233 0.0158 0.0304 0.0384 
 H029.2_2002  2 0.0098 0.0110 0.0190 0.0403 0.7945 0.0205 0.0116 0.0088 0.0091 0.0112 0.0642 
 H029.2_2003  2 0.0431 0.0074 0.0225 0.0483 0.6761 0.0420 0.0231 0.0163 0.0100 0.0346 0.0766 
 H029.3_2002  2 0.0243 0.0108 0.0397 0.1554 0.4566 0.1422 0.0387 0.0124 0.0068 0.0130 0.1001 
 H029.3_2003  2 0.0120 0.0078 0.0068 0.0211 0.8862 0.0082 0.0170 0.0069 0.0134 0.0062 0.0143 
 H029.4_2002  2 0.0084 0.0117 0.0075 0.0157 0.9085 0.0184 0.0073 0.0051 0.0076 0.0038 0.0060 
 H029.4_2003  2 0.0160 0.0137 0.0122 0.0925 0.6917 0.0244 0.0522 0.0479 0.0219 0.0142 0.0134 
 H029.5_2002  2 0.0075 0.0153 0.0066 0.0259 0.8868 0.0062 0.0064 0.0079 0.0213 0.0083 0.0077 
 H029.5_2003  2 0.0072 0.0086 0.0059 0.0103 0.8960 0.0167 0.0146 0.0114 0.0109 0.0096 0.0088 
 H029.6_2002  2 0.0079 0.0128 0.0105 0.1458 0.7489 0.0335 0.0132 0.0058 0.0073 0.0058 0.0086 
 H029.6_2003  2 0.0238 0.0232 0.0169 0.0233 0.6933 0.0114 0.0573 0.0185 0.0320 0.0332 0.0670 
      H029.7  2 0.0064 0.0067 0.0189 0.0178 0.8705 0.0228 0.0065 0.0077 0.0069 0.0123 0.0233 
      H030.1  2 0.7564 0.0151 0.0127 0.0512 0.0301 0.0056 0.0235 0.0082 0.0646 0.0187 0.0139 
      H030.2  2 0.1929 0.0868 0.0098 0.2339 0.1662 0.0782 0.0160 0.0630 0.1123 0.0183 0.0226 
      H038.1  2 0.0074 0.0059 0.0121 0.0078 0.9028 0.0287 0.0061 0.0090 0.0046 0.0093 0.0063 
      H038.2  2 0.0108 0.0090 0.0043 0.0076 0.9190 0.0065 0.0075 0.0069 0.0085 0.0068 0.0130 
      H038.3  2 0.0667 0.0176 0.0078 0.0080 0.7904 0.0407 0.0077 0.0115 0.0173 0.0125 0.0197 
      H038.4  2 0.0156 0.0217 0.0069 0.0072 0.8605 0.0366 0.0076 0.0077 0.0136 0.0091 0.0135 
      H038.5  2 0.0254 0.0093 0.0071 0.0116 0.8575 0.0329 0.0211 0.0132 0.0070 0.0062 0.0087 
      H038.6  2 0.0098 0.0039 0.0047 0.0103 0.9130 0.0107 0.0085 0.0171 0.0066 0.0061 0.0094 
      H038.7  2 0.0185 0.0055 0.0045 0.0042 0.9056 0.0115 0.0087 0.0121 0.0111 0.0055 0.0127 
      H038.8  2 0.0293 0.0177 0.0064 0.0071 0.7795 0.1088 0.0085 0.0095 0.0096 0.0090 0.0145 
      H041.1  2 0.0182 0.0613 0.0527 0.1639 0.3262 0.0289 0.0156 0.0085 0.2976 0.0120 0.0150 
      H041.2  2 0.0122 0.1737 0.0122 0.0368 0.3188 0.0138 0.0078 0.0069 0.3625 0.0191 0.0362 
      H041.4  2 0.0133 0.0327 0.0394 0.0268 0.7548 0.0235 0.0103 0.0182 0.0370 0.0300 0.0141 
      H041.6  2 0.0149 0.0489 0.0405 0.0682 0.6710 0.0112 0.0094 0.0436 0.0341 0.0405 0.0177 
 H042.1_2002  2 0.0141 0.1547 0.0372 0.5075 0.0107 0.0101 0.0235 0.1789 0.0091 0.0402 0.0141 
 H042.1_2003  2 0.0368 0.0702 0.0182 0.0201 0.0931 0.0982 0.0449 0.1516 0.3375 0.0997 0.0298 
 H042.2_2002  2 0.0147 0.0960 0.0242 0.1573 0.4886 0.0373 0.0785 0.0371 0.0173 0.0077 0.0413 
 H042.2_2003  2 0.0140 0.3930 0.0193 0.0221 0.2543 0.0062 0.0115 0.1059 0.0859 0.0553 0.0326 
 H042.3_2002  2 0.0340 0.2327 0.1548 0.2659 0.0208 0.0302 0.0749 0.1192 0.0220 0.0203 0.0253 
 H042.3_2003  2 0.0299 0.1767 0.0369 0.1113 0.1513 0.0386 0.0774 0.2767 0.0599 0.0170 0.0244 
 H042.4_2002  2 0.0418 0.1480 0.0151 0.5808 0.0522 0.0196 0.0206 0.0306 0.0211 0.0438 0.0263 
 H042.4_2003  2 0.0253 0.0569 0.0653 0.5466 0.1156 0.0076 0.0121 0.0636 0.0240 0.0687 0.0144 
      H042.5  2 0.0097 0.0181 0.0536 0.8262 0.0120 0.0039 0.0124 0.0256 0.0167 0.0142 0.0078 
      H042.6  2 0.0122 0.0195 0.0728 0.7118 0.0269 0.0112 0.0184 0.0898 0.0083 0.0191 0.0099 
      H042.7  2 0.0149 0.4745 0.0558 0.2970 0.0527 0.0058 0.0186 0.0249 0.0221 0.0188 0.0151 
      H042.8  2 0.0073 0.1244 0.0569 0.5359 0.0360 0.0330 0.0285 0.0498 0.0970 0.0170 0.0143 
   H042_2002  2 0.0117 0.0733 0.0772 0.0142 0.1093 0.0333 0.0249 0.5121 0.0609 0.0676 0.0154 
   H042_2003  2 0.0108 0.0784 0.0722 0.0179 0.0912 0.0329 0.0156 0.5552 0.0598 0.0546 0.0113 
      H043.1  2 0.0117 0.0051 0.0100 0.0111 0.0169 0.0654 0.0172 0.8140 0.0263 0.0113 0.0110 
      H043.2  2 0.0086 0.0089 0.2430 0.0105 0.0967 0.1880 0.0286 0.3440 0.0187 0.0413 0.0118 
      H043.3  2 0.0291 0.0097 0.0166 0.0068 0.6663 0.0341 0.0151 0.1415 0.0289 0.0367 0.0152 
      H043.4  2 0.0094 0.0082 0.0441 0.0082 0.0560 0.0821 0.0113 0.6868 0.0269 0.0508 0.0161 
      H043.5  2 0.0197 0.0132 0.0158 0.0095 0.2715 0.3614 0.0450 0.1808 0.0393 0.0287 0.0152 
      H043.6  2 0.0160 0.0188 0.0119 0.0087 0.4520 0.2375 0.0189 0.1743 0.0071 0.0326 0.0222 
      H043.7  2 0.0367 0.0127 0.0829 0.0067 0.0827 0.1337 0.0145 0.3019 0.1362 0.1802 0.0116 
      H043.8  2 0.1265 0.0154 0.0457 0.0159 0.0787 0.0570 0.3165 0.1664 0.0708 0.0578 0.0492 
      H043.9  2 0.0295 0.0078 0.0144 0.0207 0.1557 0.0487 0.0280 0.6095 0.0424 0.0225 0.0208 
      H047.1  2 0.0079 0.0078 0.0110 0.0074 0.3645 0.0075 0.0103 0.2709 0.2844 0.0096 0.0186 
      H047.2  2 0.0146 0.0142 0.0115 0.0146 0.0873 0.0056 0.0106 0.0075 0.8062 0.0166 0.0113 
      H047.3  2 0.0094 0.0324 0.0142 0.0143 0.0657 0.0049 0.0131 0.0087 0.8156 0.0131 0.0087 
      H047.4  2 0.0110 0.0256 0.0154 0.0119 0.3113 0.0047 0.0122 0.0112 0.5627 0.0182 0.0160 
      H047.5  2 0.0098 0.0208 0.0190 0.0073 0.0836 0.0039 0.0073 0.0273 0.7937 0.0102 0.0170 
      H047.6  2 0.0058 0.0161 0.0078 0.0122 0.0175 0.0044 0.0063 0.0048 0.9064 0.0105 0.0082 
      H047.7  2 0.0074 0.0213 0.0102 0.0098 0.4048 0.0103 0.0074 0.1654 0.3346 0.0100 0.0188 
      H047.8  2 0.0067 0.0203 0.0128 0.0148 0.0365 0.0044 0.0106 0.0139 0.8564 0.0124 0.0111 
      H047.9  2 0.0125 0.0297 0.0801 0.0132 0.3171 0.0039 0.0087 0.0830 0.4097 0.0106 0.0316 
 H071.1_2002  2 0.0107 0.0070 0.0089 0.0074 0.9022 0.0060 0.0066 0.0262 0.0056 0.0068 0.0127 
 H071.1_2003  2 0.0558 0.0123 0.0608 0.0069 0.7431 0.0101 0.0073 0.0363 0.0168 0.0297 0.0209 
     H071.10  2 0.0207 0.0069 0.0054 0.0094 0.9150 0.0084 0.0102 0.0067 0.0046 0.0062 0.0065 
 H071.2_2002  2 0.0097 0.0094 0.0131 0.0055 0.9047 0.0094 0.0108 0.0107 0.0065 0.0107 0.0096 
 H071.2_2003  2 0.0048 0.0057 0.0058 0.0049 0.9446 0.0036 0.0051 0.0081 0.0056 0.0058 0.0059 
      H071.3  2 0.0214 0.0086 0.0072 0.0079 0.8852 0.0087 0.0089 0.0097 0.0295 0.0058 0.0071 
 H071.4_2002  2 0.0294 0.0104 0.0092 0.0084 0.8674 0.0132 0.0216 0.0104 0.0057 0.0088 0.0156 
 H071.4_2003  2 0.0081 0.0066 0.0059 0.0051 0.9376 0.0034 0.0075 0.0074 0.0074 0.0044 0.0065 
 H071.5_2002  2 0.0088 0.0058 0.0056 0.0074 0.9372 0.0055 0.0065 0.0073 0.0044 0.0054 0.0060 
 H071.5_2003  2 0.0246 0.0078 0.0116 0.0046 0.8921 0.0038 0.0150 0.0119 0.0132 0.0083 0.0071 
 H071.6_2002  2 0.0074 0.0065 0.0066 0.0045 0.9254 0.0058 0.0129 0.0094 0.0057 0.0062 0.0094 
 H071.6_2003  2 0.0265 0.0055 0.0059 0.0059 0.9133 0.0049 0.0085 0.0081 0.0060 0.0088 0.0067 
 H071.7_2002  2 0.0039 0.0055 0.0059 0.0047 0.9430 0.0045 0.0050 0.0075 0.0080 0.0061 0.0058 
 H071.7_2003  2 0.0258 0.0088 0.0112 0.0059 0.8899 0.0052 0.0103 0.0150 0.0079 0.0096 0.0105 
      H071.8  2 0.0072 0.0077 0.0114 0.0056 0.9175 0.0077 0.0100 0.0076 0.0087 0.0082 0.0084 
      H071.9  2 0.0352 0.0165 0.0200 0.0136 0.8032 0.0228 0.0285 0.0115 0.0186 0.0194 0.0106 
 H081.1_2002  2 0.0060 0.0079 0.0108 0.0073 0.9305 0.0053 0.0055 0.0110 0.0049 0.0058 0.0051 
 H081.1_2003  2 0.1345 0.0213 0.0167 0.0603 0.0764 0.3138 0.0300 0.0871 0.0162 0.1945 0.0492 
 H081.2_2002  2 0.0073 0.0085 0.0332 0.0058 0.8996 0.0046 0.0054 0.0145 0.0066 0.0088 0.0056 
 H081.2_2003  2 0.8030 0.0076 0.0287 0.0165 0.0286 0.0118 0.0171 0.0593 0.0082 0.0128 0.0065 
 H081.3_2002  2 0.0136 0.0073 0.0546 0.0067 0.8568 0.0069 0.0067 0.0066 0.0168 0.0143 0.0097 
 H081.3_2003  2 0.6202 0.0145 0.0309 0.0170 0.0198 0.0202 0.0546 0.1535 0.0123 0.0341 0.0230 
 H081.4_2002  2 0.0122 0.0074 0.0074 0.0078 0.9142 0.0043 0.0091 0.0105 0.0090 0.0070 0.0110 
 H081.4_2003  2 0.6876 0.0167 0.0193 0.0290 0.0198 0.0149 0.0307 0.0718 0.0072 0.0735 0.0296 
 H081.5_2002  2 0.0149 0.0052 0.0077 0.0069 0.9142 0.0051 0.0063 0.0118 0.0082 0.0088 0.0108 
 H081.5_2003  2 0.4133 0.0419 0.0561 0.0343 0.0837 0.0257 0.0214 0.1187 0.0280 0.1315 0.0455 
      H081.6  2 0.0070 0.0061 0.0141 0.0052 0.9174 0.0048 0.0080 0.0159 0.0056 0.0074 0.0085 
      H081.7  2 0.0136 0.0082 0.0817 0.0082 0.8341 0.0051 0.0093 0.0077 0.0097 0.0128 0.0097 
      H081.8  2 0.0702 0.0195 0.0186 0.0181 0.7904 0.0137 0.0173 0.0092 0.0114 0.0148 0.0167 
      H083.1  2 0.0098 0.0050 0.0067 0.0200 0.9021 0.0096 0.0092 0.0079 0.0080 0.0053 0.0163 
      H083.2  2 0.0079 0.0072 0.0139 0.0208 0.8467 0.0082 0.0159 0.0206 0.0351 0.0133 0.0105 
      H083.4  2 0.0064 0.0097 0.0233 0.0463 0.8401 0.0166 0.0165 0.0100 0.0155 0.0086 0.0069 
      H083.5  2 0.0071 0.0090 0.0126 0.0371 0.8697 0.0173 0.0072 0.0092 0.0115 0.0073 0.0120 
      H083.6  2 0.0121 0.0123 0.0171 0.0470 0.8450 0.0117 0.0191 0.0057 0.0073 0.0056 0.0172 
      H083.7  2 0.0058 0.0180 0.0197 0.0725 0.8026 0.0174 0.0221 0.0117 0.0144 0.0094 0.0065 
      H083.8  2 0.0083 0.0084 0.0152 0.0219 0.8402 0.0081 0.0096 0.0153 0.0510 0.0101 0.0119 
      H083.9  2 0.0064 0.0093 0.0086 0.0520 0.8706 0.0115 0.0076 0.0078 0.0104 0.0047 0.0110 
      H084.1  2 0.7505 0.0145 0.0088 0.0244 0.0119 0.1259 0.0111 0.0118 0.0230 0.0105 0.0076 
      H084.2  2 0.7538 0.0052 0.0053 0.0188 0.0140 0.1458 0.0165 0.0126 0.0066 0.0125 0.0089 
      H084.3  2 0.2997 0.2393 0.0075 0.0319 0.0083 0.3155 0.0154 0.0125 0.0205 0.0147 0.0348 
      H084.4  2 0.4903 0.0538 0.0084 0.0206 0.0137 0.2858 0.0223 0.0147 0.0411 0.0280 0.0214 
      H084.5  2 0.7886 0.0522 0.0092 0.0077 0.0070 0.0494 0.0107 0.0074 0.0390 0.0094 0.0194 
      H084.6  2 0.6122 0.1039 0.0095 0.0180 0.0080 0.1617 0.0105 0.0061 0.0342 0.0117 0.0242 
      H084.7  2 0.8841 0.0082 0.0077 0.0137 0.0126 0.0206 0.0167 0.0138 0.0094 0.0060 0.0073 
      H084.8  2 0.6977 0.0702 0.0100 0.0106 0.0081 0.1175 0.0108 0.0075 0.0428 0.0081 0.0166 
 H085.1_2002  2 0.0225 0.0084 0.6900 0.0543 0.1250 0.0366 0.0099 0.0161 0.0095 0.0125 0.0152 
 H085.1_2003  2 0.0528 0.0175 0.1011 0.1510 0.5760 0.0153 0.0193 0.0093 0.0404 0.0092 0.0082 
 H085.2_2002  2 0.0290 0.0229 0.6463 0.0950 0.0258 0.0549 0.0168 0.0103 0.0083 0.0798 0.0109 
 H085.2_2003  2 0.0168 0.0106 0.0165 0.0455 0.7857 0.0125 0.0244 0.0111 0.0449 0.0194 0.0125 
 H085.3_2002  2 0.0145 0.0122 0.8942 0.0138 0.0129 0.0054 0.0076 0.0079 0.0103 0.0159 0.0051 
 H085.3_2003  2 0.0507 0.0200 0.0416 0.0140 0.7773 0.0063 0.0162 0.0217 0.0322 0.0120 0.0081 
 H085.4_2002  2 0.0278 0.0237 0.5147 0.0544 0.1942 0.0537 0.0173 0.0401 0.0087 0.0412 0.0242 
 H085.4_2003  2 0.0281 0.0462 0.0115 0.0209 0.8087 0.0092 0.0075 0.0155 0.0173 0.0225 0.0126 
 H085.5_2002  2 0.0183 0.0116 0.8873 0.0098 0.0150 0.0062 0.0070 0.0141 0.0083 0.0167 0.0056 
 H085.5_2003  2 0.0190 0.0094 0.0184 0.0478 0.8372 0.0089 0.0181 0.0142 0.0109 0.0096 0.0067 
 H085.6_2002  2 0.0185 0.0072 0.8435 0.0239 0.0271 0.0154 0.0076 0.0093 0.0145 0.0252 0.0079 
 H085.6_2003  2 0.1393 0.1345 0.1191 0.0169 0.1764 0.0087 0.0178 0.0251 0.2228 0.1276 0.0117 
 H085.7_2002  2 0.0245 0.0110 0.7165 0.0575 0.0368 0.0134 0.0101 0.0083 0.0273 0.0817 0.0130 
 H085.7_2003  2 0.0294 0.0357 0.0161 0.0158 0.7973 0.0098 0.0181 0.0172 0.0401 0.0102 0.0103 
 H085.8_2002  2 0.0530 0.0243 0.7439 0.0099 0.0277 0.0109 0.0141 0.0155 0.0133 0.0805 0.0066 
 H085.8_2003  2 0.0538 0.0633 0.0348 0.4088 0.2424 0.0166 0.0160 0.0217 0.0775 0.0447 0.0205 
      H085.9  2 0.0194 0.0159 0.6991 0.0337 0.1243 0.0322 0.0083 0.0204 0.0102 0.0265 0.0101 
      H088.1  2 0.0277 0.0290 0.0575 0.7295 0.0166 0.0104 0.0509 0.0318 0.0116 0.0219 0.0131 
      H088.2  2 0.0228 0.0191 0.0389 0.7919 0.0157 0.0081 0.0209 0.0128 0.0190 0.0287 0.0221 
      H088.3  2 0.0163 0.0113 0.0218 0.8540 0.0099 0.0069 0.0180 0.0074 0.0170 0.0248 0.0127 
      H088.4  2 0.1520 0.0175 0.0062 0.6352 0.0360 0.0101 0.0403 0.0238 0.0207 0.0345 0.0236 
      H088.5  2 0.0161 0.0152 0.0101 0.8806 0.0095 0.0065 0.0125 0.0164 0.0088 0.0146 0.0096 
      H088.6  2 0.0179 0.0314 0.0097 0.8185 0.0281 0.0075 0.0245 0.0123 0.0210 0.0137 0.0154 
      H088.7  2 0.0198 0.0270 0.0198 0.3813 0.1443 0.0100 0.0186 0.0113 0.3259 0.0152 0.0269 
      H088.8  2 0.0599 0.0347 0.0122 0.4134 0.2322 0.0153 0.0710 0.0247 0.0855 0.0149 0.0360 
      H091.1  2 0.0194 0.0249 0.0179 0.8357 0.0198 0.0073 0.0176 0.0185 0.0130 0.0103 0.0157 
      H091.2  2 0.0124 0.0640 0.0161 0.7669 0.0365 0.0060 0.0297 0.0177 0.0207 0.0093 0.0207 
      H109.1  2 0.1576 0.0455 0.0366 0.0584 0.0348 0.0738 0.2002 0.0660 0.3001 0.0122 0.0147 
      H109.2  2 0.6228 0.0399 0.0191 0.0230 0.1062 0.0138 0.0361 0.0384 0.0599 0.0219 0.0190 
      H109.3  2 0.1198 0.0296 0.0316 0.0117 0.0517 0.0229 0.1319 0.0134 0.5228 0.0110 0.0534 
      H109.4  2 0.2398 0.0453 0.0271 0.0266 0.0516 0.0513 0.3444 0.0501 0.1260 0.0173 0.0205 
      H109.5  2 0.1137 0.0776 0.0561 0.0144 0.4496 0.0060 0.0292 0.0095 0.1808 0.0131 0.0500 
      H109.6  2 0.4434 0.0543 0.0351 0.0176 0.0505 0.0205 0.0837 0.0699 0.1344 0.0263 0.0642 
      H126.1  2 0.0125 0.1052 0.1693 0.0191 0.0164 0.0180 0.1525 0.3279 0.0208 0.1336 0.0247 
      H126.2  2 0.0155 0.0178 0.0490 0.0161 0.5352 0.0643 0.0575 0.1665 0.0161 0.0487 0.0134 
      H126.3  2 0.0052 0.0380 0.0310 0.0165 0.7021 0.0282 0.0643 0.0390 0.0219 0.0224 0.0314 
      H126.4  2 0.0139 0.0161 0.0517 0.0287 0.0531 0.0216 0.1300 0.5365 0.0184 0.1016 0.0284 
      H126.5  2 0.0075 0.0094 0.0120 0.0074 0.0723 0.0048 0.0152 0.8131 0.0066 0.0270 0.0246 
      H126.6  2 0.0055 0.0058 0.0305 0.0103 0.8195 0.0054 0.0071 0.0167 0.0134 0.0362 0.0497 
      H126.7  2 0.0095 0.0058 0.0219 0.0097 0.8863 0.0038 0.0174 0.0201 0.0080 0.0075 0.0101 
      H130.1  2 0.0183 0.0137 0.0134 0.0173 0.0099 0.0063 0.0200 0.0232 0.0127 0.8575 0.0077 
      H130.2  2 0.6254 0.0177 0.0178 0.0552 0.0434 0.0132 0.0739 0.0089 0.0446 0.0885 0.0112 
      H130.3  2 0.0884 0.0072 0.0077 0.0279 0.0405 0.0050 0.6490 0.0120 0.0194 0.1346 0.0082 
      H130.4  2 0.0492 0.0145 0.0254 0.0356 0.0102 0.0326 0.1336 0.0160 0.0180 0.6323 0.0326 
      H130.5  2 0.2813 0.0339 0.0374 0.1033 0.0775 0.0067 0.0261 0.0162 0.0139 0.3919 0.0119 
      H133.1  2 0.1390 0.0246 0.0555 0.0490 0.0829 0.1628 0.1390 0.0276 0.1657 0.1322 0.0217 
      H133.2  2 0.2858 0.0121 0.0615 0.0195 0.0337 0.0157 0.0434 0.0578 0.2548 0.1485 0.0672 
      H133.3  2 0.1025 0.0365 0.2466 0.0560 0.1452 0.1345 0.0594 0.0107 0.0946 0.0319 0.0821 
      H133.4  2 0.0409 0.0088 0.0181 0.0127 0.0168 0.0592 0.0521 0.0383 0.6522 0.0568 0.0442 
      H133.5  2 0.1032 0.0076 0.0799 0.0367 0.0144 0.0269 0.6058 0.0162 0.0231 0.0521 0.0341 
      H133.6  2 0.3059 0.0156 0.0693 0.1020 0.0251 0.0163 0.1685 0.1278 0.0260 0.1138 0.0295 
      H133.7  2 0.0304 0.0910 0.0639 0.0128 0.0359 0.0717 0.0133 0.0238 0.5908 0.0330 0.0331 
      H133.8  2 0.0427 0.0327 0.1497 0.0296 0.0415 0.0950 0.1440 0.0216 0.3473 0.0646 0.0314 
      H133.9  2 0.1112 0.0168 0.0468 0.0655 0.0481 0.1522 0.2213 0.0161 0.1226 0.1713 0.0281 
      H147.1  2 0.1517 0.1247 0.0503 0.0539 0.4752 0.0185 0.0060 0.0164 0.0764 0.0172 0.0097 
      H147.2  2 0.0255 0.0095 0.0099 0.0085 0.9008 0.0054 0.0047 0.0095 0.0080 0.0121 0.0061 
      H147.3  2 0.0267 0.0108 0.0448 0.0065 0.8598 0.0061 0.0054 0.0126 0.0104 0.0103 0.0066 
      H147.4  2 0.0442 0.0111 0.0220 0.0090 0.8525 0.0213 0.0060 0.0076 0.0131 0.0058 0.0074 
      H147.5  2 0.2269 0.0166 0.0323 0.0848 0.5271 0.0089 0.0203 0.0350 0.0255 0.0111 0.0114 
      H147.6  2 0.2613 0.0171 0.0296 0.0806 0.4507 0.0099 0.0255 0.0259 0.0721 0.0103 0.0171 
      H147.7  2 0.0560 0.0169 0.0169 0.0082 0.8216 0.0225 0.0053 0.0078 0.0263 0.0067 0.0119 
      H147.8  2 0.0545 0.0081 0.0104 0.0779 0.7004 0.0264 0.0081 0.0061 0.0920 0.0046 0.0114 
      H147.9  2 0.0248 0.0080 0.0203 0.0064 0.8914 0.0065 0.0055 0.0128 0.0096 0.0087 0.0061 
      H148.1  2 0.0639 0.1227 0.0130 0.0449 0.0231 0.0688 0.0296 0.0173 0.0219 0.5785 0.0163 
      H148.2  2 0.0338 0.5807 0.0249 0.0224 0.0252 0.0799 0.0279 0.0171 0.0235 0.1462 0.0185 
      H148.3  2 0.0134 0.6814 0.2015 0.0078 0.0091 0.0283 0.0093 0.0139 0.0102 0.0125 0.0125 
      H148.4  2 0.0208 0.3131 0.0276 0.0120 0.0236 0.0490 0.0250 0.0152 0.0163 0.4686 0.0288 
      H148.5  2 0.0316 0.7117 0.0195 0.0337 0.0109 0.0746 0.0241 0.0241 0.0213 0.0214 0.0271 
      H148.6  2 0.0245 0.5730 0.0208 0.0516 0.0188 0.1268 0.0177 0.0149 0.0115 0.1261 0.0144 
      H148.7  2 0.0303 0.6188 0.0089 0.0316 0.0114 0.0387 0.1132 0.0143 0.0649 0.0442 0.0237 
      H148.8  2 0.0113 0.8163 0.0141 0.0137 0.0075 0.0305 0.0128 0.0115 0.0116 0.0564 0.0143 
      H148.9  2 0.0281 0.2787 0.0619 0.0257 0.0095 0.2820 0.0473 0.0954 0.0991 0.0374 0.0349 
   H166022.1  2 0.0100 0.0139 0.0104 0.8981 0.0150 0.0101 0.0061 0.0060 0.0170 0.0066 0.0067 
   H166022.2  2 0.1662 0.0223 0.0231 0.6160 0.0552 0.0109 0.0161 0.0090 0.0434 0.0197 0.0180 
   H166022.3  2 0.0112 0.0074 0.0052 0.9224 0.0062 0.0041 0.0133 0.0056 0.0092 0.0074 0.0081 
   H166022.4  2 0.0194 0.0058 0.0062 0.8885 0.0087 0.0061 0.0224 0.0062 0.0111 0.0084 0.0173 
   H166022.5  2 0.1258 0.0094 0.0063 0.7740 0.0127 0.0059 0.0163 0.0076 0.0093 0.0119 0.0207 
   H166022.6  2 0.0292 0.0080 0.0083 0.8415 0.0093 0.0137 0.0106 0.0109 0.0303 0.0233 0.0150 
   H166022.7  2 0.0226 0.0062 0.0078 0.0055 0.0122 0.0362 0.8637 0.0129 0.0121 0.0136 0.0072 
   H166022.8  2 0.1687 0.0182 0.0313 0.4876 0.0203 0.0086 0.0127 0.0111 0.0359 0.1483 0.0574 
   H167397.1  2 0.0387 0.1321 0.0211 0.0313 0.1308 0.4320 0.0092 0.0268 0.0393 0.0237 0.1150 
   H167397.2  2 0.0112 0.0288 0.1004 0.0304 0.0406 0.3766 0.0147 0.0117 0.0366 0.0556 0.2933 
   H167397.3  2 0.0110 0.0349 0.0117 0.0166 0.0325 0.5314 0.0059 0.0064 0.0270 0.0073 0.3153 
   H167397.4  2 0.0132 0.0571 0.0589 0.0201 0.0408 0.6742 0.0167 0.0071 0.0801 0.0100 0.0219 
   H167397.5  2 0.0539 0.0389 0.0150 0.0319 0.0404 0.6086 0.0203 0.0347 0.0200 0.0530 0.0834 
   H167397.6  2 0.0066 0.1347 0.0114 0.0300 0.0364 0.5700 0.0107 0.0140 0.0642 0.0143 0.1077 
   H167496.1  2 0.0532 0.1848 0.0367 0.2903 0.0220 0.0118 0.1044 0.0273 0.0247 0.0537 0.1912 
   H167496.2  2 0.1930 0.1438 0.0402 0.0202 0.2360 0.0137 0.0474 0.0137 0.0876 0.1160 0.0883 
   H167496.3  2 0.0217 0.0750 0.4374 0.1879 0.0237 0.0102 0.0320 0.0598 0.0300 0.1012 0.0211 
   H167496.4  2 0.0277 0.0097 0.0114 0.8592 0.0265 0.0070 0.0145 0.0114 0.0142 0.0071 0.0113 
   H167496.6  2 0.3424 0.0099 0.0124 0.4231 0.0814 0.0085 0.0314 0.0280 0.0215 0.0186 0.0226 
   H167496.7  2 0.0565 0.1834 0.0165 0.0656 0.0236 0.0068 0.0395 0.0355 0.0899 0.4029 0.0798 
   H167496.8  2 0.3777 0.0173 0.0117 0.3780 0.1073 0.0076 0.0147 0.0159 0.0328 0.0156 0.0214 
   H167513.1  2 0.0069 0.0078 0.0063 0.0088 0.0072 0.0073 0.0122 0.0072 0.9166 0.0119 0.0079 
   H167513.2  2 0.0178 0.0439 0.0139 0.0126 0.0091 0.0370 0.0074 0.0476 0.7788 0.0217 0.0101 
   H167513.3  2 0.0198 0.0071 0.0078 0.0111 0.0066 0.0075 0.0233 0.0141 0.8831 0.0098 0.0098 
   H167513.4  2 0.0142 0.0162 0.0053 0.0514 0.0083 0.0113 0.0071 0.0079 0.8564 0.0140 0.0079 
   H167513.5  2 0.0095 0.0169 0.0125 0.0109 0.0066 0.0299 0.0053 0.0138 0.8781 0.0097 0.0067 
   H167513.6  2 0.0150 0.0138 0.0176 0.0145 0.0094 0.0100 0.0062 0.0070 0.8875 0.0094 0.0096 
   H167513.7  2 0.0198 0.0054 0.0097 0.0416 0.0115 0.0409 0.0133 0.0123 0.8300 0.0087 0.0068 
   H167513.8  2 0.0205 0.0046 0.0058 0.0052 0.0053 0.0227 0.0160 0.0139 0.8913 0.0071 0.0076 
   H167547.1  2 0.0148 0.7340 0.0071 0.0326 0.0079 0.0190 0.0164 0.0276 0.0269 0.1027 0.0111 
   H167547.2  2 0.0116 0.8501 0.0093 0.0344 0.0100 0.0134 0.0078 0.0113 0.0257 0.0179 0.0085 
   H167547.3  2 0.0082 0.8590 0.0087 0.0272 0.0085 0.0130 0.0072 0.0123 0.0324 0.0138 0.0098 
   H167547.4  2 0.0134 0.1147 0.0433 0.5915 0.0086 0.0310 0.0306 0.0410 0.0217 0.0910 0.0132 
   H167547.5  2 0.0121 0.8521 0.0158 0.0511 0.0087 0.0062 0.0099 0.0101 0.0136 0.0127 0.0079 
   H167547.6  2 0.0106 0.8526 0.0211 0.0476 0.0092 0.0073 0.0089 0.0129 0.0112 0.0113 0.0071 
   H167547.7  2 0.0290 0.1388 0.2211 0.0308 0.0204 0.0223 0.0389 0.1262 0.1668 0.0899 0.1159 
   H169750.1  2 0.0581 0.0163 0.0555 0.1429 0.0264 0.0121 0.1598 0.0151 0.0490 0.4380 0.0268 
   H169750.2  2 0.1445 0.0354 0.0263 0.0116 0.0779 0.0337 0.0244 0.0256 0.4997 0.0681 0.0530 
   H169750.3  2 0.3298 0.0274 0.0432 0.0352 0.0555 0.0052 0.1209 0.0179 0.2418 0.0880 0.0350 
   H169750.4  2 0.0187 0.0316 0.0567 0.0228 0.0356 0.0701 0.0835 0.0178 0.1031 0.4309 0.1291 
   H169750.5  2 0.0918 0.0150 0.0702 0.1447 0.1248 0.0153 0.2120 0.0167 0.1692 0.0963 0.0442 
   H169750.6  2 0.1358 0.0117 0.0510 0.0298 0.4381 0.0124 0.1092 0.0157 0.1392 0.0479 0.0091 
   H169750.7  2 0.0551 0.0250 0.0843 0.0173 0.0405 0.0301 0.1035 0.0194 0.3649 0.1184 0.1415 
   H171929.1  2 0.0056 0.0121 0.0730 0.0129 0.0110 0.0711 0.0066 0.0146 0.7763 0.0088 0.0079 
  H171929.10  2 0.0398 0.0596 0.0565 0.0371 0.0198 0.0289 0.0063 0.0160 0.7051 0.0148 0.0161 
  H171929.11  2 0.0079 0.0119 0.0275 0.0076 0.0077 0.0318 0.0075 0.0424 0.8323 0.0123 0.0111 
   H171929.2  2 0.0098 0.0167 0.0092 0.0123 0.0066 0.0064 0.0064 0.0131 0.8963 0.0133 0.0098 
   H171929.3  2 0.0083 0.0132 0.0104 0.0130 0.0095 0.0093 0.0070 0.0177 0.8959 0.0065 0.0092 
   H171929.4  2 0.0155 0.0791 0.0974 0.0672 0.0229 0.0057 0.0218 0.0329 0.5891 0.0556 0.0129 
   H171929.5  2 0.0084 0.0094 0.0071 0.0072 0.0074 0.0107 0.0075 0.0147 0.9061 0.0089 0.0125 
   H171929.6  2 0.0083 0.0070 0.0067 0.0064 0.0055 0.0098 0.0088 0.0148 0.9166 0.0087 0.0074 
   H171929.7  2 0.0058 0.0110 0.0473 0.0080 0.0123 0.0066 0.0076 0.0171 0.8630 0.0155 0.0059 
   H171929.8  2 0.0123 0.0216 0.1336 0.0184 0.0122 0.0122 0.0062 0.0702 0.6802 0.0244 0.0088 
