      H105.1  1 0.0454 0.0566 0.1140 0.0469 0.1312 0.0151 0.0140 0.5768 
      H105.2  1 0.0778 0.1401 0.0215 0.0347 0.5883 0.0505 0.0236 0.0635 
      H105.3  1 0.0302 0.0463 0.1050 0.0154 0.4402 0.0315 0.0158 0.3157 
      H105.4  1 0.0622 0.0733 0.0213 0.2540 0.3920 0.0997 0.0132 0.0843 
      H105.5  1 0.0418 0.0313 0.0206 0.0694 0.0784 0.1490 0.0130 0.5966 
      H105.6  1 0.0101 0.0284 0.0706 0.0591 0.5883 0.0838 0.0103 0.1494 
      H105.7  1 0.0539 0.0264 0.3657 0.1146 0.2115 0.0184 0.0071 0.2024 
      H105.8  1 0.0226 0.1371 0.2348 0.0277 0.4635 0.0427 0.0218 0.0498 
      H115.1  1 0.0293 0.0324 0.0742 0.0122 0.0854 0.6913 0.0145 0.0608 
      H115.2  1 0.0095 0.0258 0.0126 0.0102 0.0188 0.8944 0.0163 0.0125 
      H115.3  1 0.0115 0.0095 0.0073 0.0103 0.0069 0.9373 0.0063 0.0109 
      H115.4  1 0.1833 0.1660 0.0174 0.0323 0.0399 0.3427 0.0162 0.2021 
      H115.5  1 0.0707 0.0188 0.0391 0.0267 0.0371 0.7147 0.0630 0.0299 
      H115.6  1 0.0254 0.0147 0.0136 0.0142 0.0184 0.8694 0.0152 0.0292 
      H115.7  1 0.0828 0.0376 0.0112 0.0239 0.2385 0.5490 0.0094 0.0476 
      H115.8  1 0.0196 0.0143 0.0521 0.0118 0.0174 0.8055 0.0647 0.0146 
      H115.9  1 0.0083 0.0101 0.0276 0.0094 0.0088 0.9150 0.0075 0.0132 
      H145.1  1 0.0058 0.0098 0.0088 0.9029 0.0119 0.0122 0.0337 0.0149 
      H145.2  1 0.0075 0.0144 0.0104 0.8667 0.0105 0.0215 0.0526 0.0163 
      H145.3  1 0.0161 0.0080 0.0236 0.8271 0.0099 0.0180 0.0899 0.0074 
      H145.4  1 0.0060 0.0097 0.0066 0.9193 0.0142 0.0075 0.0235 0.0132 
      H145.5  1 0.0130 0.0111 0.0116 0.5682 0.0204 0.0095 0.3332 0.0330 
      H145.6  1 0.0102 0.0094 0.0082 0.9119 0.0134 0.0088 0.0298 0.0083 
      H145.7  1 0.0135 0.0087 0.0088 0.9286 0.0142 0.0095 0.0077 0.0090 
      H149.1  1 0.0069 0.0061 0.0086 0.0110 0.0083 0.0084 0.0113 0.9393 
      H149.2  1 0.0100 0.0075 0.0058 0.0139 0.0077 0.0085 0.0059 0.9407 
      H149.3  1 0.0290 0.0133 0.0139 0.0535 0.0236 0.0129 0.0088 0.8449 
      H149.4  1 0.0158 0.0298 0.0135 0.0138 0.0178 0.0089 0.0179 0.8826 
      H149.5  1 0.0502 0.0407 0.0134 0.1015 0.0252 0.0064 0.0087 0.7538 
      H149.6  1 0.0141 0.0080 0.0064 0.0142 0.0177 0.0051 0.0069 0.9275 
      H149.7  1 0.0464 0.1505 0.0242 0.0398 0.0439 0.0090 0.0167 0.6695 
      H150.1  1 0.0074 0.0120 0.0100 0.0100 0.0101 0.9330 0.0113 0.0062 
      H150.2  1 0.0122 0.0203 0.0107 0.0060 0.0245 0.8814 0.0287 0.0163 
      H150.3  1 0.0194 0.0271 0.0271 0.0289 0.2409 0.6128 0.0275 0.0164 
      H150.4  1 0.0127 0.0067 0.0208 0.0167 0.0175 0.8974 0.0213 0.0069 
      H150.5  1 0.0156 0.0343 0.0089 0.0115 0.0343 0.8703 0.0083 0.0169 
      H150.6  1 0.0843 0.1338 0.0067 0.0089 0.0337 0.6829 0.0163 0.0335 
      H150.7  1 0.0055 0.0068 0.0097 0.0088 0.0113 0.9397 0.0114 0.0068 
   H169607.1  1 0.0745 0.3514 0.0413 0.1964 0.0447 0.2040 0.0333 0.0543 
   H169607.2  1 0.0109 0.1175 0.0337 0.7800 0.0133 0.0248 0.0061 0.0136 
   H169607.3  1 0.1503 0.0906 0.0452 0.5868 0.0291 0.0553 0.0163 0.0264 
   H169607.4  1 0.0082 0.0522 0.0100 0.8476 0.0104 0.0451 0.0101 0.0164 
   H169607.5  1 0.0229 0.1579 0.0956 0.5091 0.0186 0.1045 0.0157 0.0758 
   H169607.6  1 0.0143 0.1020 0.0309 0.8072 0.0084 0.0170 0.0064 0.0138 
   H169607.7  1 0.0156 0.6516 0.0462 0.2210 0.0186 0.0182 0.0089 0.0199 
   H169607.8  1 0.0142 0.0518 0.0228 0.8587 0.0112 0.0199 0.0073 0.0140 
   H169633.1  1 0.0534 0.0192 0.0185 0.0449 0.0719 0.0462 0.0953 0.6505 
   H169633.2  1 0.0416 0.0278 0.0459 0.0148 0.0607 0.0110 0.0261 0.7721 
   H169633.3  1 0.0153 0.0192 0.0626 0.0186 0.0352 0.0087 0.0154 0.8250 
   H169633.4  1 0.0183 0.0153 0.0109 0.0181 0.0252 0.0352 0.0567 0.8203 
   H169633.5  1 0.0273 0.0147 0.0108 0.0207 0.0262 0.0335 0.0565 0.8102 
   H169688.1  1 0.1692 0.1832 0.0189 0.5748 0.0130 0.0150 0.0070 0.0189 
   H169688.2  1 0.3443 0.4864 0.0262 0.0713 0.0117 0.0207 0.0195 0.0199 
   H169688.3  1 0.0828 0.6829 0.0073 0.1480 0.0146 0.0396 0.0090 0.0158 
   H169688.4  1 0.0505 0.2013 0.0220 0.0326 0.0088 0.6386 0.0345 0.0116 
   H169688.5  1 0.0502 0.2274 0.0209 0.0295 0.0120 0.6190 0.0280 0.0129 
   H169688.6  1 0.0689 0.6774 0.0153 0.1506 0.0069 0.0193 0.0475 0.0141 
   H169688.7  1 0.0351 0.6733 0.0137 0.1928 0.0143 0.0383 0.0142 0.0182 
   H171901.1  1 0.0544 0.0493 0.0192 0.0975 0.4475 0.2249 0.0793 0.0279 
   H171901.2  1 0.0115 0.0219 0.0146 0.0448 0.0197 0.0534 0.0134 0.8207 
   H171901.3  1 0.0737 0.0607 0.0145 0.0210 0.0245 0.0820 0.0129 0.7107 
   H171901.4  1 0.0141 0.0348 0.0159 0.0152 0.0134 0.0410 0.0114 0.8541 
   H171901.5  1 0.0123 0.0588 0.0088 0.0134 0.0096 0.0284 0.0101 0.8587 
   H171901.6  1 0.0148 0.1087 0.0111 0.0390 0.0174 0.0426 0.0090 0.7574 
   H171901.7  1 0.0251 0.2601 0.0306 0.0524 0.0156 0.0354 0.0111 0.5698 
   H171902.1  1 0.0146 0.2122 0.0225 0.0498 0.0081 0.4728 0.1708 0.0492 
  H171902.10  1 0.0120 0.7293 0.0080 0.0606 0.0095 0.0541 0.0234 0.1031 
   H171902.2  1 0.1477 0.2784 0.1393 0.0268 0.0175 0.2597 0.0960 0.0346 
   H171902.3  1 0.0181 0.7699 0.0164 0.0321 0.0183 0.0512 0.0134 0.0806 
   H171902.4  1 0.0136 0.0861 0.0222 0.0554 0.0183 0.5694 0.0782 0.1569 
   H171902.6  1 0.0087 0.6655 0.0105 0.0692 0.0161 0.0818 0.0301 0.1181 
   H171902.7  1 0.0107 0.4108 0.0095 0.0837 0.0133 0.1355 0.1793 0.1572 
   H171902.8  1 0.0175 0.6991 0.0126 0.0436 0.0191 0.0639 0.0460 0.0982 
   H171902.9  1 0.0073 0.0317 0.0094 0.0165 0.0136 0.8774 0.0323 0.0118 
   H171903.1  1 0.0158 0.0322 0.0262 0.8314 0.0091 0.0480 0.0075 0.0298 
   H171903.2  1 0.0271 0.0758 0.1090 0.5736 0.0123 0.1105 0.0218 0.0700 
   H171903.3  1 0.0321 0.1239 0.0634 0.1069 0.0244 0.0943 0.0299 0.5252 
   H171903.4  1 0.0766 0.0739 0.0121 0.5669 0.0408 0.1787 0.0112 0.0398 
   H171903.5  1 0.0505 0.3856 0.0590 0.0687 0.0165 0.1214 0.0182 0.2802 
   H171903.6  1 0.0435 0.3993 0.0212 0.2090 0.0092 0.2331 0.0067 0.0780 
      H177.1  1 0.1027 0.0463 0.0124 0.2015 0.0090 0.0308 0.0167 0.5807 
      H177.2  1 0.0587 0.2171 0.1538 0.1420 0.0144 0.0497 0.0323 0.3320 
      H177.3  1 0.0175 0.1697 0.0180 0.1036 0.0151 0.0436 0.0273 0.6051 
      H177.4  1 0.1301 0.0704 0.0178 0.1546 0.0129 0.0112 0.0137 0.5892 
      H177.5  1 0.7306 0.0609 0.0288 0.0725 0.0137 0.0299 0.0098 0.0538 
      H177.6  1 0.0131 0.1018 0.0198 0.0536 0.0148 0.0436 0.0318 0.7214 
      H179.1  1 0.1537 0.5943 0.0475 0.0094 0.0362 0.0356 0.0082 0.1151 
      H179.2  1 0.0278 0.7792 0.0473 0.0108 0.0154 0.0372 0.0071 0.0752 
      H179.3  1 0.2200 0.5618 0.1196 0.0166 0.0156 0.0413 0.0087 0.0164 
      H179.4  1 0.0450 0.4471 0.0669 0.0360 0.0116 0.0115 0.0083 0.3735 
      H180.1  1 0.0501 0.0323 0.0108 0.0059 0.0135 0.8089 0.0286 0.0500 
      H180.2  1 0.0292 0.0135 0.0098 0.0059 0.0163 0.8803 0.0229 0.0221 
      H180.3  1 0.0123 0.0094 0.0212 0.0127 0.0123 0.8956 0.0145 0.0219 
      H180.4  1 0.0732 0.0897 0.0218 0.0156 0.1411 0.5114 0.0359 0.1112 
      H180.5  1 0.0992 0.1325 0.0397 0.0362 0.0237 0.5098 0.0460 0.1129 
      H180.6  1 0.0199 0.0433 0.4051 0.0545 0.0302 0.3225 0.0841 0.0405 
      H181.1  1 0.3756 0.0448 0.0109 0.0390 0.0092 0.0238 0.0272 0.4694 
      H181.2  1 0.1991 0.0788 0.0157 0.0628 0.0218 0.0146 0.0395 0.5676 
      H181.3  1 0.5761 0.0822 0.0183 0.0220 0.0192 0.0115 0.0303 0.2405 
      H181.4  1 0.3478 0.0736 0.0255 0.0652 0.0254 0.0662 0.0073 0.3889 
      H181.5  1 0.6758 0.0716 0.0439 0.0151 0.0217 0.0110 0.0222 0.1386 
      H181.6  1 0.1229 0.1233 0.0555 0.0261 0.0312 0.0714 0.0150 0.5545 
      H181.7  1 0.1560 0.5612 0.0564 0.0191 0.0077 0.0215 0.0199 0.1582 
 H194.1_2004  1 0.0077 0.0166 0.0139 0.8945 0.0138 0.0216 0.0104 0.0215 
 H194.2_2004  1 0.0220 0.0078 0.0079 0.9131 0.0105 0.0100 0.0110 0.0178 
 H194.3_2004  1 0.0087 0.0201 0.0160 0.7728 0.0159 0.0106 0.0165 0.1394 
 H194.4_2004  1 0.0199 0.0087 0.0083 0.8924 0.0111 0.0085 0.0185 0.0325 
 H194.5_2004  1 0.0127 0.0318 0.0326 0.7414 0.0168 0.0145 0.0075 0.1428 
 H194.6_2004  1 0.0694 0.0231 0.0239 0.5022 0.0151 0.0156 0.0111 0.3395 
 H194.7_2004  1 0.0111 0.0119 0.0265 0.9098 0.0144 0.0072 0.0082 0.0108 
 H194.8_2004  1 0.0530 0.0184 0.0205 0.7927 0.0209 0.0120 0.0117 0.0709 
      H194.9  1 0.0132 0.0117 0.0407 0.8810 0.0181 0.0107 0.0120 0.0126 
 H195.1_2003  1 0.0216 0.0437 0.0245 0.7534 0.0484 0.0128 0.0070 0.0885 
 H195.1_2004  1 0.0172 0.0347 0.0071 0.8059 0.0260 0.0118 0.0591 0.0381 
 H195.2_2003  1 0.0088 0.0241 0.0201 0.8874 0.0076 0.0253 0.0100 0.0167 
 H195.2_2004  1 0.0105 0.0098 0.0134 0.9157 0.0094 0.0080 0.0223 0.0108 
 H195.3_2003  1 0.0158 0.0269 0.0197 0.8597 0.0131 0.0404 0.0097 0.0148 
 H195.3_2004  1 0.0109 0.0090 0.0054 0.9032 0.0143 0.0078 0.0156 0.0338 
 H195.4_2003  1 0.0130 0.0117 0.0081 0.8843 0.0332 0.0104 0.0063 0.0330 
 H195.4_2004  1 0.0214 0.0077 0.0133 0.9255 0.0093 0.0055 0.0093 0.0078 
 H195.5_2003  1 0.0494 0.0655 0.0169 0.5968 0.1363 0.0340 0.0108 0.0904 
 H195.5_2004  1 0.0137 0.0117 0.0082 0.8931 0.0171 0.0078 0.0299 0.0185 
 H195.6_2003  1 0.0109 0.0092 0.0104 0.9237 0.0078 0.0201 0.0084 0.0096 
 H195.6_2004  1 0.0066 0.0107 0.0074 0.9240 0.0122 0.0048 0.0191 0.0151 
 H195.7_2003  1 0.0357 0.0474 0.0226 0.8441 0.0139 0.0079 0.0055 0.0229 
 H195.7_2004  1 0.0257 0.0294 0.0087 0.6885 0.0203 0.0109 0.1953 0.0212 
      H195.8  1 0.0319 0.0130 0.0118 0.8890 0.0210 0.0104 0.0131 0.0099 
      H195.9  1 0.0086 0.0133 0.0115 0.9309 0.0110 0.0055 0.0082 0.0111 
      H415.1  1 0.0183 0.0274 0.0920 0.0427 0.0746 0.1339 0.1139 0.4971 
      H415.2  1 0.0095 0.0464 0.0114 0.0187 0.0164 0.3596 0.0331 0.5049 
      H415.3  1 0.0090 0.0335 0.0154 0.0080 0.0385 0.0152 0.0099 0.8704 
      H415.4  1 0.0126 0.0114 0.0439 0.0111 0.0494 0.1371 0.0259 0.7086 
      H415.5  1 0.0065 0.0134 0.0085 0.0090 0.0175 0.0109 0.0096 0.9246 
      H415.6  1 0.0138 0.0088 0.0501 0.0131 0.0485 0.1313 0.0288 0.7056 
      H415.7  1 0.0108 0.1391 0.0152 0.0243 0.0145 0.0537 0.0201 0.7224 
      H506.1  1 0.0392 0.0511 0.0340 0.0083 0.0236 0.0123 0.0543 0.7772 
      H506.2  1 0.0186 0.0476 0.0187 0.0113 0.0117 0.0106 0.0116 0.8699 
      H506.3  1 0.1274 0.1439 0.0567 0.0140 0.0229 0.0188 0.2361 0.3801 
      H506.4  1 0.0756 0.2227 0.0519 0.0159 0.0179 0.0256 0.1204 0.4700 
      H506.5  1 0.0210 0.0231 0.0221 0.0080 0.0130 0.0142 0.0287 0.8698 
      H506.6  1 0.1913 0.3657 0.0368 0.0383 0.0148 0.0434 0.1744 0.1353 
      H506.7  1 0.0205 0.0347 0.0292 0.0104 0.0125 0.0094 0.0256 0.8577 
      H533.1  1 0.0220 0.5982 0.0119 0.0067 0.0103 0.0120 0.0427 0.2961 
      H533.2  1 0.0196 0.3206 0.0134 0.0065 0.0087 0.0105 0.0746 0.5462 
      H533.3  1 0.0326 0.6591 0.0271 0.0092 0.0114 0.0261 0.0144 0.2201 
      H533.4  1 0.0439 0.4842 0.0159 0.0277 0.0134 0.0302 0.0373 0.3474 
      H535.1  1 0.0132 0.0677 0.0220 0.0239 0.0120 0.0295 0.0066 0.8252 
      H535.2  1 0.0843 0.0653 0.1248 0.0474 0.0112 0.0057 0.0050 0.6563 
      H535.3  1 0.1132 0.0639 0.1231 0.0532 0.0145 0.0229 0.0093 0.5999 
      H535.4  1 0.0107 0.0088 0.0072 0.0101 0.0110 0.0054 0.0048 0.9421 
      H535.5  1 0.0176 0.0244 0.0086 0.0290 0.0099 0.0089 0.0062 0.8954 
      H535.6  1 0.1156 0.0828 0.0417 0.1621 0.0291 0.0390 0.0086 0.5212 
      H535.7  1 0.0144 0.0343 0.0196 0.0227 0.0076 0.0092 0.0105 0.8817 
      H535.8  1 0.0631 0.0465 0.0626 0.0730 0.0119 0.0104 0.0094 0.7231 
      H535.9  1 0.0121 0.0310 0.0259 0.0228 0.0149 0.0386 0.0129 0.8417 
      H539.1  1 0.0052 0.0049 0.0083 0.0079 0.0056 0.9535 0.0091 0.0055 
      H539.2  1 0.0788 0.3666 0.0470 0.0238 0.0220 0.3705 0.0300 0.0613 
      H539.3  1 0.0184 0.0137 0.0503 0.0670 0.0142 0.7961 0.0308 0.0095 
      H539.4  1 0.0092 0.0110 0.0115 0.0052 0.0065 0.9264 0.0225 0.0078 
      H539.5  1 0.0054 0.0066 0.0292 0.0094 0.0067 0.9225 0.0140 0.0061 
      H539.6  1 0.0052 0.0083 0.0218 0.0112 0.0084 0.9270 0.0113 0.0068 
      H539.7  1 0.0059 0.0096 0.0061 0.0082 0.0080 0.9495 0.0068 0.0058 
      H539.8  1 0.0220 0.0219 0.0181 0.0253 0.0278 0.7950 0.0793 0.0106 
      H539.9  1 0.0072 0.0070 0.0153 0.0065 0.0055 0.9383 0.0149 0.0053 
      H540.1  1 0.0127 0.0169 0.0126 0.0138 0.0081 0.9032 0.0204 0.0124 
      H540.2  1 0.0067 0.0074 0.0071 0.0101 0.0088 0.9465 0.0053 0.0081 
      H540.3  1 0.0445 0.0186 0.0085 0.0153 0.0545 0.5128 0.3166 0.0291 
      H540.4  1 0.0117 0.0340 0.0071 0.0108 0.0151 0.9037 0.0066 0.0110 
      H540.5  1 0.0194 0.0195 0.0177 0.0146 0.0097 0.8454 0.0510 0.0227 
      H540.6  1 0.0372 0.0357 0.0314 0.0183 0.0232 0.8098 0.0229 0.0215 
      H540.7  1 0.0093 0.0208 0.0228 0.0099 0.0134 0.8992 0.0069 0.0177 
      H540.8  1 0.0112 0.0503 0.0094 0.0314 0.0142 0.8351 0.0107 0.0376 
     H9558.1  1 0.0068 0.0129 0.0071 0.0214 0.0072 0.9280 0.0106 0.0061 
     H9558.2  1 0.0111 0.0194 0.0241 0.0176 0.0126 0.8950 0.0123 0.0079 
     H9558.3  1 0.0082 0.0075 0.0207 0.0157 0.0138 0.9101 0.0137 0.0103 
     H9558.4  1 0.0091 0.0312 0.0090 0.0110 0.0068 0.9111 0.0123 0.0097 
     H9558.5  1 0.0122 0.0284 0.0069 0.0070 0.0122 0.8845 0.0322 0.0167 
     H9558.6  1 0.0312 0.0070 0.0898 0.0150 0.0228 0.8108 0.0136 0.0097 
    kos339.1  1 0.0141 0.0164 0.0261 0.0088 0.0086 0.0132 0.0066 0.9062 
    kos339.2  1 0.0122 0.0098 0.0252 0.0120 0.0185 0.0080 0.0133 0.9011 
    kos339.3  1 0.0071 0.0099 0.0096 0.0094 0.0078 0.0092 0.0058 0.9412 
    kos339.4  1 0.0119 0.0134 0.0136 0.0106 0.0115 0.0092 0.0087 0.9210 
    kos339.5  1 0.0091 0.0102 0.0152 0.0080 0.0123 0.0084 0.0051 0.9318 
    kos339.6  1 0.0080 0.0086 0.0086 0.0189 0.0130 0.0060 0.0118 0.9251 
    kos339.7  1 0.0085 0.0110 0.0125 0.0104 0.0057 0.0091 0.0070 0.9357 
    kos339.8  1 0.0117 0.0109 0.0082 0.0068 0.0103 0.0061 0.0097 0.9362 
    kos339.9  1 0.0060 0.0113 0.0153 0.0238 0.0118 0.0164 0.0069 0.9084 
      H008.1  2 0.0091 0.0191 0.9000 0.0095 0.0142 0.0328 0.0070 0.0082 
      H008.2  2 0.0576 0.1850 0.2496 0.0374 0.0311 0.1314 0.2503 0.0576 
      H008.3  2 0.1430 0.2288 0.1573 0.0897 0.0624 0.1163 0.1606 0.0419 
      H008.4  2 0.0113 0.0111 0.8132 0.0241 0.0339 0.0226 0.0691 0.0147 
      H008.5  2 0.0212 0.0150 0.8583 0.0220 0.0241 0.0214 0.0221 0.0159 
      H008.6  2 0.0120 0.0577 0.5371 0.0353 0.0259 0.0540 0.2388 0.0393 
      H008.7  2 0.0358 0.0487 0.5824 0.0185 0.0575 0.0549 0.1604 0.0418 
      H008.8  2 0.0133 0.0465 0.2120 0.0322 0.0199 0.6419 0.0149 0.0192 
      H008.9  2 0.0219 0.0441 0.0520 0.0510 0.0354 0.0889 0.6844 0.0223 
 H029.1_2002  2 0.0267 0.0090 0.8902 0.0087 0.0157 0.0178 0.0196 0.0121 
 H029.1_2003  2 0.0470 0.0458 0.7725 0.0214 0.0205 0.0361 0.0274 0.0292 
 H029.2_2002  2 0.0195 0.0135 0.8374 0.0207 0.0072 0.0070 0.0352 0.0595 
 H029.2_2003  2 0.0453 0.0471 0.7592 0.0271 0.0085 0.0206 0.0359 0.0563 
 H029.3_2002  2 0.1192 0.0434 0.5762 0.0420 0.0104 0.0099 0.1467 0.0522 
 H029.3_2003  2 0.0230 0.0175 0.9128 0.0073 0.0145 0.0063 0.0089 0.0097 
 H029.4_2002  2 0.0157 0.0108 0.9252 0.0072 0.0119 0.0054 0.0177 0.0060 
 H029.4_2003  2 0.0458 0.0550 0.7721 0.0118 0.0244 0.0412 0.0356 0.0141 
 H029.5_2002  2 0.0113 0.0064 0.9337 0.0062 0.0159 0.0070 0.0109 0.0085 
 H029.5_2003  2 0.0113 0.0162 0.9191 0.0081 0.0120 0.0118 0.0125 0.0090 
 H029.6_2002  2 0.0958 0.0132 0.8013 0.0152 0.0115 0.0062 0.0506 0.0063 
 H029.6_2003  2 0.0268 0.0577 0.7879 0.0185 0.0287 0.0131 0.0120 0.0552 
      H029.7  2 0.0146 0.0086 0.8999 0.0169 0.0068 0.0089 0.0275 0.0167 
      H030.1  2 0.8304 0.0269 0.0436 0.0154 0.0201 0.0138 0.0058 0.0440 
      H030.2  2 0.6610 0.0183 0.0738 0.0111 0.0739 0.0350 0.1043 0.0227 
      H038.1  2 0.0089 0.0071 0.9052 0.0126 0.0085 0.0112 0.0390 0.0076 
      H038.2  2 0.0102 0.0088 0.9375 0.0048 0.0080 0.0068 0.0085 0.0154 
      H038.3  2 0.0108 0.0112 0.8905 0.0093 0.0151 0.0130 0.0343 0.0157 
      H038.4  2 0.0081 0.0086 0.9047 0.0080 0.0194 0.0076 0.0320 0.0117 
      H038.5  2 0.0190 0.0306 0.8818 0.0093 0.0119 0.0100 0.0270 0.0106 
      H038.6  2 0.0119 0.0126 0.9291 0.0062 0.0049 0.0109 0.0159 0.0085 
      H038.7  2 0.0048 0.0101 0.9459 0.0055 0.0057 0.0090 0.0092 0.0098 
      H038.8  2 0.0148 0.0106 0.8248 0.0105 0.0157 0.0105 0.0960 0.0170 
      H041.1  2 0.0869 0.0183 0.5980 0.0343 0.1920 0.0125 0.0412 0.0169 
      H041.2  2 0.0295 0.0096 0.4578 0.0165 0.4228 0.0110 0.0230 0.0296 
      H041.4  2 0.0319 0.0141 0.7820 0.0309 0.0597 0.0335 0.0289 0.0191 
      H041.6  2 0.0510 0.0106 0.7074 0.0502 0.0986 0.0455 0.0165 0.0203 
 H042.1_2002  2 0.4592 0.0448 0.0214 0.2234 0.0886 0.1068 0.0181 0.0377 
 H042.1_2003  2 0.0308 0.0881 0.1813 0.0351 0.2694 0.1674 0.1524 0.0755 
 H042.2_2002  2 0.0620 0.0660 0.6977 0.0318 0.0617 0.0122 0.0368 0.0317 
 H042.2_2003  2 0.0192 0.0162 0.2585 0.0406 0.5407 0.0539 0.0076 0.0633 
 H042.3_2002  2 0.2313 0.1436 0.0357 0.3077 0.1721 0.0543 0.0316 0.0236 
 H042.3_2003  2 0.0943 0.1302 0.2000 0.0809 0.2794 0.1307 0.0628 0.0218 
 H042.4_2002  2 0.6079 0.0322 0.0530 0.0368 0.1515 0.0484 0.0255 0.0447 
 H042.4_2003  2 0.4545 0.0146 0.2478 0.1322 0.0443 0.0698 0.0091 0.0276 
      H042.5  2 0.6847 0.0190 0.0171 0.2181 0.0223 0.0202 0.0051 0.0135 
      H042.6  2 0.6225 0.0203 0.0605 0.1914 0.0130 0.0632 0.0139 0.0152 
      H042.7  2 0.1830 0.0247 0.0920 0.2009 0.4463 0.0239 0.0070 0.0223 
      H042.8  2 0.4163 0.0298 0.0886 0.1479 0.2438 0.0215 0.0365 0.0157 
   H042_2002  2 0.0205 0.0472 0.3210 0.1322 0.0918 0.3176 0.0409 0.0286 
   H042_2003  2 0.0154 0.0324 0.3143 0.1589 0.0853 0.3353 0.0332 0.0253 
      H043.1  2 0.0156 0.0193 0.0270 0.0093 0.0101 0.8402 0.0586 0.0198 
      H043.2  2 0.0061 0.0200 0.0355 0.0472 0.0097 0.8192 0.0535 0.0088 
      H043.3  2 0.0094 0.0284 0.5438 0.0131 0.0144 0.3344 0.0337 0.0227 
      H043.4  2 0.0071 0.0114 0.0587 0.0198 0.0094 0.8436 0.0344 0.0155 
      H043.5  2 0.0097 0.0256 0.1726 0.0107 0.0191 0.5390 0.2066 0.0168 
      H043.6  2 0.0132 0.0169 0.2553 0.0117 0.0139 0.5254 0.1449 0.0186 
      H043.7  2 0.0083 0.0112 0.0405 0.0233 0.0148 0.8670 0.0255 0.0094 
      H043.8  2 0.0213 0.1288 0.0615 0.0237 0.0242 0.6894 0.0272 0.0239 
      H043.9  2 0.0294 0.0366 0.1788 0.0117 0.0122 0.6402 0.0465 0.0445 
      H047.1  2 0.0086 0.0193 0.7558 0.0179 0.0148 0.1244 0.0121 0.0472 
      H047.2  2 0.0447 0.0428 0.7201 0.0167 0.0294 0.0186 0.0100 0.1178 
      H047.3  2 0.0316 0.0467 0.6531 0.0273 0.1595 0.0151 0.0089 0.0577 
      H047.4  2 0.0212 0.0177 0.7821 0.0170 0.0808 0.0181 0.0055 0.0575 
      H047.5  2 0.0133 0.0178 0.7055 0.0392 0.1376 0.0259 0.0052 0.0555 
      H047.6  2 0.0288 0.0365 0.5067 0.0257 0.2049 0.0377 0.0283 0.1314 
      H047.7  2 0.0087 0.0202 0.7812 0.0187 0.0368 0.0745 0.0132 0.0467 
      H047.8  2 0.0161 0.0560 0.4720 0.0506 0.1782 0.0695 0.0170 0.1406 
      H047.9  2 0.0109 0.0213 0.7039 0.0999 0.0284 0.0339 0.0046 0.0971 
 H071.1_2002  2 0.0083 0.0073 0.9256 0.0095 0.0083 0.0204 0.0071 0.0135 
 H071.1_2003  2 0.0177 0.0092 0.7941 0.0575 0.0154 0.0694 0.0129 0.0238 
     H071.10  2 0.0221 0.0122 0.9255 0.0087 0.0067 0.0073 0.0099 0.0076 
 H071.2_2002  2 0.0067 0.0152 0.9195 0.0147 0.0096 0.0151 0.0088 0.0105 
 H071.2_2003  2 0.0087 0.0053 0.9499 0.0078 0.0053 0.0106 0.0046 0.0079 
      H071.3  2 0.0133 0.0118 0.9199 0.0105 0.0179 0.0069 0.0097 0.0099 
 H071.4_2002  2 0.0130 0.0212 0.8943 0.0126 0.0093 0.0107 0.0199 0.0190 
 H071.4_2003  2 0.0075 0.0087 0.9510 0.0073 0.0054 0.0075 0.0042 0.0084 
 H071.5_2002  2 0.0112 0.0075 0.9448 0.0070 0.0069 0.0097 0.0063 0.0066 
 H071.5_2003  2 0.0096 0.0129 0.9250 0.0118 0.0103 0.0150 0.0043 0.0111 
 H071.6_2002  2 0.0074 0.0144 0.9380 0.0099 0.0058 0.0079 0.0084 0.0084 
 H071.6_2003  2 0.0112 0.0089 0.9428 0.0072 0.0067 0.0106 0.0044 0.0082 
 H071.7_2002  2 0.0050 0.0056 0.9542 0.0074 0.0056 0.0096 0.0051 0.0074 
 H071.7_2003  2 0.0144 0.0127 0.9098 0.0117 0.0102 0.0214 0.0068 0.0130 
      H071.8  2 0.0076 0.0112 0.9292 0.0148 0.0089 0.0097 0.0101 0.0086 
      H071.9  2 0.0277 0.0359 0.8366 0.0172 0.0256 0.0203 0.0226 0.0141 
 H081.1_2002  2 0.0090 0.0060 0.9428 0.0128 0.0067 0.0103 0.0054 0.0070 
 H081.1_2003  2 0.1176 0.0299 0.1081 0.0227 0.0287 0.2034 0.4100 0.0795 
 H081.2_2002  2 0.0068 0.0054 0.9084 0.0371 0.0087 0.0180 0.0074 0.0081 
 H081.2_2003  2 0.7715 0.0307 0.0345 0.0475 0.0162 0.0693 0.0166 0.0136 
 H081.3_2002  2 0.0156 0.0087 0.8892 0.0439 0.0110 0.0124 0.0102 0.0090 
 H081.3_2003  2 0.1851 0.1109 0.0262 0.0503 0.0249 0.5298 0.0367 0.0361 
 H081.4_2002  2 0.0133 0.0100 0.9287 0.0141 0.0085 0.0098 0.0052 0.0105 
 H081.4_2003  2 0.3430 0.0575 0.0504 0.0448 0.0334 0.3512 0.0353 0.0844 
 H081.5_2002  2 0.0102 0.0072 0.9367 0.0109 0.0071 0.0140 0.0062 0.0079 
 H081.5_2003  2 0.1547 0.0393 0.1561 0.0933 0.0701 0.3300 0.0557 0.1007 
      H081.6  2 0.0079 0.0067 0.9368 0.0116 0.0063 0.0157 0.0058 0.0091 
      H081.7  2 0.0122 0.0083 0.8774 0.0679 0.0080 0.0120 0.0068 0.0075 
      H081.8  2 0.0475 0.0166 0.8297 0.0374 0.0171 0.0116 0.0247 0.0155 
      H083.1  2 0.0241 0.0106 0.9174 0.0075 0.0074 0.0074 0.0102 0.0153 
      H083.2  2 0.0198 0.0123 0.9078 0.0131 0.0082 0.0169 0.0092 0.0126 
      H083.4  2 0.0335 0.0134 0.8904 0.0159 0.0098 0.0092 0.0180 0.0097 
      H083.5  2 0.0265 0.0079 0.9018 0.0125 0.0116 0.0086 0.0187 0.0123 
      H083.6  2 0.0463 0.0285 0.8626 0.0199 0.0099 0.0065 0.0129 0.0134 
      H083.7  2 0.0333 0.0146 0.8707 0.0226 0.0186 0.0096 0.0194 0.0112 
      H083.8  2 0.0163 0.0128 0.9128 0.0131 0.0092 0.0116 0.0084 0.0158 
      H083.9  2 0.0302 0.0070 0.9143 0.0099 0.0115 0.0066 0.0116 0.0090 
      H084.1  2 0.7080 0.0396 0.0251 0.0125 0.0574 0.0195 0.1143 0.0237 
      H084.2  2 0.8001 0.0439 0.0231 0.0066 0.0087 0.0161 0.0791 0.0223 
      H084.3  2 0.1074 0.0221 0.0154 0.0084 0.3450 0.0186 0.3809 0.1023 
      H084.4  2 0.1336 0.0450 0.0205 0.0107 0.2709 0.0299 0.4127 0.0767 
      H084.5  2 0.2306 0.0191 0.0251 0.0103 0.3819 0.0171 0.1609 0.1550 
      H084.6  2 0.1928 0.0184 0.0156 0.0141 0.2789 0.0197 0.3548 0.1056 
      H084.7  2 0.8658 0.0343 0.0238 0.0091 0.0162 0.0133 0.0208 0.0167 
      H084.8  2 0.2469 0.0177 0.0112 0.0117 0.3600 0.0099 0.2745 0.0682 
 H085.1_2002  2 0.0827 0.0129 0.1869 0.6325 0.0108 0.0230 0.0351 0.0160 
 H085.1_2003  2 0.1278 0.0281 0.6869 0.0858 0.0276 0.0094 0.0220 0.0125 
 H085.2_2002  2 0.1937 0.0183 0.0324 0.6107 0.0182 0.0329 0.0773 0.0165 
 H085.2_2003  2 0.1222 0.0382 0.7382 0.0312 0.0204 0.0148 0.0206 0.0144 
 H085.3_2002  2 0.0170 0.0080 0.0193 0.9114 0.0123 0.0151 0.0069 0.0099 
 H085.3_2003  2 0.0201 0.0200 0.8671 0.0401 0.0209 0.0140 0.0068 0.0110 
 H085.4_2002  2 0.0877 0.0212 0.1829 0.5280 0.0169 0.0694 0.0773 0.0165 
 H085.4_2003  2 0.0313 0.0071 0.8568 0.0167 0.0327 0.0239 0.0082 0.0233 
 H085.5_2002  2 0.0107 0.0079 0.0290 0.9041 0.0120 0.0187 0.0072 0.0104 
 H085.5_2003  2 0.1211 0.0242 0.7861 0.0240 0.0113 0.0128 0.0098 0.0108 
 H085.6_2002  2 0.0272 0.0101 0.0343 0.8649 0.0098 0.0195 0.0177 0.0165 
 H085.6_2003  2 0.0208 0.0217 0.3992 0.1965 0.2695 0.0534 0.0090 0.0299 
 H085.7_2002  2 0.0617 0.0128 0.0514 0.8080 0.0154 0.0177 0.0156 0.0175 
 H085.7_2003  2 0.0128 0.0172 0.8714 0.0292 0.0276 0.0113 0.0138 0.0168 
 H085.8_2002  2 0.0165 0.0118 0.0268 0.8599 0.0217 0.0421 0.0103 0.0109 
 H085.8_2003  2 0.4128 0.0255 0.3415 0.0657 0.0785 0.0257 0.0216 0.0288 
      H085.9  2 0.0328 0.0113 0.1408 0.7079 0.0185 0.0283 0.0462 0.0143 
      H088.1  2 0.6116 0.0737 0.0186 0.2056 0.0254 0.0269 0.0155 0.0229 
      H088.2  2 0.7587 0.0235 0.0158 0.1213 0.0159 0.0198 0.0088 0.0362 
      H088.3  2 0.8355 0.0198 0.0112 0.0716 0.0170 0.0149 0.0082 0.0219 
      H088.4  2 0.8296 0.0415 0.0335 0.0064 0.0291 0.0283 0.0107 0.0207 
      H088.5  2 0.8963 0.0142 0.0157 0.0195 0.0169 0.0162 0.0093 0.0120 
      H088.6  2 0.8130 0.0360 0.0376 0.0261 0.0431 0.0122 0.0101 0.0220 
      H088.7  2 0.3906 0.0327 0.3739 0.0352 0.0842 0.0127 0.0198 0.0509 
      H088.8  2 0.2784 0.0777 0.3873 0.0188 0.1519 0.0208 0.0238 0.0413 
      H091.1  2 0.7937 0.0382 0.0377 0.0270 0.0533 0.0162 0.0082 0.0256 
      H091.2  2 0.6311 0.0447 0.1001 0.0424 0.1303 0.0127 0.0064 0.0323 
      H109.1  2 0.1574 0.5163 0.0508 0.0339 0.1100 0.0559 0.0533 0.0224 
      H109.2  2 0.4127 0.0801 0.2489 0.0354 0.0768 0.0963 0.0236 0.0262 
      H109.3  2 0.0849 0.3217 0.2090 0.0512 0.1161 0.0276 0.0192 0.1704 
      H109.4  2 0.0812 0.5609 0.0595 0.0335 0.1399 0.0719 0.0367 0.0165 
      H109.5  2 0.0471 0.0477 0.5673 0.0663 0.1858 0.0140 0.0051 0.0667 
      H109.6  2 0.1810 0.2226 0.1543 0.0528 0.0942 0.1805 0.0231 0.0915 
      H126.1  2 0.0168 0.1824 0.0330 0.2762 0.0676 0.3502 0.0208 0.0529 
      H126.2  2 0.0143 0.0594 0.6917 0.0674 0.0161 0.0766 0.0586 0.0159 
      H126.3  2 0.0101 0.0476 0.8137 0.0379 0.0228 0.0233 0.0211 0.0235 
      H126.4  2 0.0278 0.1796 0.1095 0.0419 0.0332 0.5526 0.0223 0.0332 
      H126.5  2 0.0103 0.0314 0.2802 0.0221 0.0132 0.5839 0.0069 0.0520 
      H126.6  2 0.0104 0.0098 0.8842 0.0266 0.0067 0.0238 0.0067 0.0317 
      H126.7  2 0.0112 0.0169 0.9222 0.0181 0.0058 0.0131 0.0047 0.0079 
      H130.1  2 0.0964 0.1283 0.0172 0.0439 0.0242 0.6465 0.0101 0.0335 
      H130.2  2 0.7379 0.0916 0.0369 0.0164 0.0257 0.0477 0.0144 0.0294 
      H130.3  2 0.1179 0.7059 0.0588 0.0119 0.0106 0.0626 0.0064 0.0259 
      H130.4  2 0.1542 0.2963 0.0142 0.0421 0.0205 0.3551 0.0475 0.0700 
      H130.5  2 0.6985 0.0315 0.0339 0.0485 0.0385 0.1149 0.0077 0.0266 
      H133.1  2 0.2324 0.1812 0.1677 0.0564 0.0534 0.0827 0.1626 0.0635 
      H133.2  2 0.1030 0.1044 0.0546 0.1058 0.0302 0.3821 0.0174 0.2025 
      H133.3  2 0.0708 0.0707 0.3000 0.2819 0.0421 0.0175 0.1196 0.0973 
      H133.4  2 0.0512 0.2259 0.0627 0.0319 0.0780 0.1838 0.0897 0.2768 
      H133.5  2 0.1251 0.6161 0.0196 0.0928 0.0105 0.0534 0.0362 0.0463 
      H133.6  2 0.2766 0.1939 0.0323 0.0809 0.0187 0.3265 0.0160 0.0550 
      H133.7  2 0.0196 0.0238 0.0648 0.0553 0.4998 0.0421 0.0942 0.2003 
      H133.8  2 0.0810 0.2836 0.0597 0.1208 0.1240 0.0810 0.1738 0.0761 
      H133.9  2 0.2822 0.2381 0.0915 0.0476 0.0457 0.0800 0.1492 0.0657 
      H147.1  2 0.0699 0.0069 0.4864 0.0430 0.3381 0.0184 0.0231 0.0142 
      H147.2  2 0.0154 0.0059 0.9238 0.0133 0.0104 0.0151 0.0073 0.0087 
      H147.3  2 0.0119 0.0061 0.8984 0.0461 0.0133 0.0098 0.0065 0.0080 
      H147.4  2 0.0241 0.0069 0.8765 0.0222 0.0220 0.0067 0.0328 0.0089 
      H147.5  2 0.3162 0.0198 0.5625 0.0295 0.0350 0.0145 0.0095 0.0130 
      H147.6  2 0.3294 0.0192 0.5238 0.0428 0.0443 0.0155 0.0089 0.0160 
      H147.7  2 0.0199 0.0075 0.8534 0.0181 0.0457 0.0092 0.0350 0.0112 
      H147.8  2 0.1939 0.0121 0.7024 0.0097 0.0360 0.0069 0.0283 0.0107 
      H147.9  2 0.0130 0.0059 0.9257 0.0199 0.0102 0.0120 0.0074 0.0060 
      H148.1  2 0.1761 0.0675 0.0366 0.0266 0.2433 0.3024 0.1100 0.0375 
      H148.2  2 0.0364 0.0432 0.0438 0.0428 0.6030 0.0661 0.1299 0.0347 
      H148.3  2 0.0152 0.0120 0.0130 0.6161 0.2433 0.0164 0.0628 0.0211 
      H148.4  2 0.0215 0.0504 0.0493 0.1223 0.5033 0.1076 0.0681 0.0775 
      H148.5  2 0.0496 0.0286 0.0223 0.0541 0.6926 0.0326 0.0620 0.0581 
      H148.6  2 0.0693 0.0201 0.0252 0.0444 0.5503 0.0430 0.2143 0.0332 
      H148.7  2 0.0209 0.0451 0.0113 0.0123 0.8468 0.0184 0.0271 0.0180 
      H148.8  2 0.0098 0.0116 0.0092 0.0313 0.8678 0.0280 0.0213 0.0210 
      H148.9  2 0.0248 0.0671 0.0179 0.1352 0.3328 0.1333 0.2378 0.0511 
   H166022.1  2 0.9052 0.0067 0.0134 0.0236 0.0246 0.0080 0.0115 0.0069 
   H166022.2  2 0.8092 0.0171 0.0448 0.0351 0.0313 0.0102 0.0143 0.0380 
   H166022.3  2 0.9316 0.0162 0.0084 0.0074 0.0101 0.0072 0.0068 0.0122 
   H166022.4  2 0.9182 0.0226 0.0090 0.0068 0.0146 0.0086 0.0073 0.0128 
   H166022.5  2 0.9339 0.0133 0.0111 0.0061 0.0088 0.0076 0.0067 0.0126 
   H166022.6  2 0.8984 0.0123 0.0112 0.0110 0.0164 0.0221 0.0168 0.0117 
   H166022.7  2 0.0091 0.8959 0.0120 0.0069 0.0073 0.0194 0.0397 0.0097 
   H166022.8  2 0.8001 0.0145 0.0138 0.0203 0.0255 0.0254 0.0095 0.0909 
   H167397.1  2 0.0432 0.0125 0.0893 0.0240 0.1961 0.0291 0.5455 0.0603 
   H167397.2  2 0.0453 0.0176 0.0333 0.0783 0.0924 0.0229 0.5840 0.1262 
   H167397.3  2 0.0249 0.0093 0.0557 0.0136 0.1224 0.0171 0.6359 0.1210 
   H167397.4  2 0.0196 0.0174 0.0303 0.0578 0.0588 0.0058 0.7927 0.0176 
   H167397.5  2 0.0442 0.0372 0.0392 0.0289 0.0535 0.0523 0.6998 0.0449 
   H167397.6  2 0.0210 0.0131 0.0595 0.0178 0.2388 0.0161 0.5836 0.0501 
   H167496.1  2 0.2758 0.1245 0.0247 0.0811 0.0572 0.0228 0.0100 0.4039 
   H167496.2  2 0.0347 0.0817 0.4879 0.0608 0.1223 0.0392 0.0193 0.1539 
   H167496.3  2 0.0962 0.0297 0.0349 0.7104 0.0307 0.0444 0.0123 0.0415 
   H167496.4  2 0.9001 0.0135 0.0288 0.0174 0.0098 0.0094 0.0088 0.0121 
   H167496.6  2 0.7424 0.0487 0.1099 0.0155 0.0221 0.0189 0.0092 0.0333 
   H167496.7  2 0.0740 0.0773 0.0285 0.0210 0.3086 0.1548 0.0083 0.3276 
   H167496.8  2 0.7092 0.0174 0.1733 0.0140 0.0350 0.0138 0.0078 0.0296 
   H167513.1  2 0.1189 0.2400 0.0587 0.0369 0.2090 0.0821 0.0968 0.1575 
   H167513.2  2 0.0433 0.0624 0.0412 0.0957 0.3041 0.2425 0.1191 0.0918 
   H167513.3  2 0.3193 0.3473 0.0206 0.0294 0.0545 0.0617 0.0260 0.1412 
   H167513.4  2 0.4756 0.0702 0.0209 0.0163 0.3217 0.0318 0.0260 0.0375 
   H167513.5  2 0.0832 0.0494 0.0635 0.0771 0.3078 0.1216 0.2447 0.0527 
   H167513.6  2 0.1752 0.0279 0.0463 0.2011 0.0929 0.0957 0.0542 0.3067 
   H167513.7  2 0.6560 0.0715 0.0442 0.0237 0.0211 0.0431 0.0943 0.0461 
   H167513.8  2 0.1073 0.3309 0.0309 0.0208 0.0291 0.1853 0.1057 0.1900 
   H167547.1  2 0.0192 0.0176 0.0065 0.0154 0.8108 0.0656 0.0194 0.0455 
   H167547.2  2 0.0175 0.0080 0.0077 0.0112 0.9185 0.0144 0.0093 0.0135 
   H167547.3  2 0.0136 0.0087 0.0064 0.0126 0.9237 0.0131 0.0103 0.0116 
   H167547.4  2 0.1793 0.0583 0.0091 0.1141 0.4398 0.1350 0.0432 0.0211 
   H167547.5  2 0.0154 0.0103 0.0110 0.0175 0.9170 0.0133 0.0079 0.0076 
   H167547.6  2 0.0206 0.0133 0.0106 0.0164 0.9064 0.0147 0.0088 0.0092 
   H167547.7  2 0.0302 0.0627 0.0211 0.3316 0.1113 0.1343 0.0267 0.2822 
   H169750.1  2 0.2168 0.4507 0.0320 0.0634 0.0191 0.0538 0.0182 0.1461 
   H169750.2  2 0.0473 0.1174 0.1775 0.0301 0.3445 0.0742 0.0493 0.1598 
   H169750.3  2 0.1237 0.4291 0.0755 0.0727 0.0454 0.0378 0.0058 0.2101 
   H169750.4  2 0.0286 0.1934 0.0735 0.1016 0.0561 0.0589 0.0824 0.4055 
   H169750.5  2 0.2536 0.3954 0.1053 0.0761 0.0307 0.0275 0.0183 0.0932 
   H169750.6  2 0.1295 0.1945 0.5284 0.0391 0.0373 0.0402 0.0146 0.0164 
   H169750.7  2 0.0231 0.3274 0.0740 0.1280 0.0539 0.0354 0.0285 0.3298 
   H171929.1  2 0.0134 0.0202 0.0301 0.3252 0.1207 0.0351 0.4254 0.0299 
  H171929.10  2 0.2019 0.0116 0.1228 0.2000 0.2707 0.0444 0.0793 0.0694 
  H171929.11  2 0.0332 0.0271 0.0242 0.1799 0.1264 0.1947 0.3372 0.0773 
   H171929.2  2 0.0363 0.0538 0.0205 0.0256 0.6025 0.1867 0.0227 0.0518 
   H171929.3  2 0.0368 0.0364 0.0294 0.0398 0.5581 0.0911 0.1467 0.0616 
   H171929.4  2 0.1872 0.0681 0.0399 0.3894 0.1476 0.0936 0.0117 0.0625 
   H171929.5  2 0.0563 0.0448 0.0242 0.0139 0.4331 0.2765 0.0543 0.0970 
   H171929.6  2 0.0317 0.0654 0.0232 0.0121 0.2324 0.4298 0.1176 0.0878 
   H171929.7  2 0.0312 0.0816 0.0490 0.4380 0.1357 0.1725 0.0512 0.0408 
   H171929.8  2 0.0476 0.0236 0.0238 0.5025 0.0426 0.2723 0.0277 0.0599 
   H171929.9  2 0.2990 0.0341 0.1157 0.1931 0.0451 0.2567 0.0087 0.0476 
   H171930.1  2 0.0961 0.5946 0.0456 0.0117 0.1054 0.0261 0.0531 0.0674 
   H171930.2  2 0.6201 0.1874 0.0291 0.0264 0.0837 0.0278 0.0116 0.0139 
   H171930.3  2 0.1763 0.5360 0.0228 0.0162 0.1242 0.0114 0.0494 0.0637 
   H171930.4  2 0.3483 0.4034 0.0206 0.0089 0.1685 0.0075 0.0186 0.0243 
   H171930.5  2 0.2236 0.4237 0.0725 0.0460 0.0674 0.0975 0.0340 0.0353 
   H171930.6  2 0.3365 0.2581 0.1403 0.0130 0.1473 0.0173 0.0144 0.0730 
   H171930.7  2 0.1973 0.3523 0.0397 0.0169 0.1223 0.0297 0.1095 0.1322 
   H171930.8  2 0.2525 0.2172 0.0433 0.0078 0.1388 0.0480 0.0503 0.2421 
   H171933.1  2 0.8830 0.0143 0.0077 0.0178 0.0250 0.0098 0.0340 0.0084 
   H171933.2  2 0.7029 0.0161 0.0218 0.1019 0.0520 0.0135 0.0719 0.0198 
   H171933.3  2 0.7180 0.0094 0.0076 0.1692 0.0435 0.0186 0.0193 0.0145 
   H171933.4  2 0.7582 0.0164 0.0097 0.0161 0.0282 0.0308 0.0080 0.1326 
   H171933.5  2 0.3708 0.0559 0.0081 0.0239 0.1159 0.2384 0.0128 0.1742 
   H171933.6  2 0.9156 0.0153 0.0184 0.0111 0.0148 0.0087 0.0062 0.0099 
   H171933.7  2 0.7275 0.0243 0.0130 0.0894 0.0493 0.0530 0.0250 0.0185 
   H171933.8  2 0.6942 0.0170 0.0139 0.0615 0.0595 0.0386 0.0542 0.0611 
   H171933.9  2 0.9307 0.0122 0.0074 0.0112 0.0113 0.0109 0.0061 0.0101 
      H190.1  2 0.1813 0.5222 0.0465 0.0106 0.0840 0.0361 0.0065 0.1129 
      H190.2  2 0.0136 0.0112 0.0573 0.0419 0.8190 0.0233 0.0060 0.0277 
      H190.3  2 0.0384 0.0291 0.0260 0.0575 0.6952 0.1197 0.0109 0.0231 
      H190.4  2 0.7978 0.0993 0.0111 0.0158 0.0161 0.0322 0.0078 0.0201 
      H190.5  2 0.0178 0.0247 0.0869 0.0323 0.7559 0.0323 0.0059 0.0441 
      H190.6  2 0.7641 0.0713 0.0157 0.0271 0.0468 0.0355 0.0087 0.0308 
      H190.7  2 0.0380 0.0224 0.0178 0.4899 0.1458 0.1520 0.0139 0.1201 
      H190.8  2 0.0313 0.1208 0.1044 0.1187 0.3881 0.0539 0.0062 0.1766 
      H190.9  2 0.0226 0.0310 0.0261 0.0599 0.6478 0.0741 0.0100 0.1285 
      H400.1  2 0.9346 0.0110 0.0092 0.0058 0.0069 0.0159 0.0071 0.0094 
      H400.2  2 0.9250 0.0080 0.0237 0.0073 0.0090 0.0098 0.0110 0.0061 
      H400.3  2 0.8778 0.0241 0.0116 0.0197 0.0133 0.0223 0.0141 0.0171 
      H400.4  2 0.8990 0.0144 0.0310 0.0096 0.0186 0.0091 0.0061 0.0122 
      H400.5  2 0.9260 0.0148 0.0107 0.0096 0.0086 0.0106 0.0085 0.0111 
      H400.6  2 0.9305 0.0083 0.0139 0.0119 0.0082 0.0120 0.0059 0.0093 
      H400.7  2 0.9417 0.0067 0.0055 0.0099 0.0095 0.0113 0.0064 0.0090 
 H428.1_2005  2 0.8631 0.0404 0.0152 0.0314 0.0138 0.0109 0.0115 0.0137 
 H428.1_2006  2 0.8074 0.0147 0.0383 0.0762 0.0134 0.0085 0.0123 0.0292 
 H428.2_2005  2 0.9143 0.0123 0.0066 0.0100 0.0227 0.0077 0.0138 0.0127 
 H428.2_2006  2 0.8464 0.0097 0.0619 0.0361 0.0093 0.0095 0.0127 0.0143 
 H428.3_2005  2 0.9252 0.0179 0.0134 0.0094 0.0079 0.0050 0.0056 0.0157 
 H428.3_2006  2 0.8469 0.0197 0.0492 0.0203 0.0126 0.0191 0.0176 0.0145 
 H428.4_2005  2 0.9130 0.0200 0.0087 0.0166 0.0111 0.0061 0.0085 0.0159 
 H428.4_2006  2 0.9115 0.0100 0.0186 0.0268 0.0073 0.0076 0.0094 0.0088 
 H428.5_2005  2 0.8643 0.0091 0.0191 0.0166 0.0103 0.0085 0.0649 0.0071 
 H428.6_2005  2 0.8936 0.0196 0.0130 0.0161 0.0103 0.0091 0.0061 0.0322 
 H428.6_2006  2 0.8352 0.0257 0.0278 0.0421 0.0080 0.0081 0.0387 0.0144 
      H428.7  2 0.9417 0.0116 0.0103 0.0118 0.0056 0.0082 0.0062 0.0045 
      H428.8  2 0.8969 0.0195 0.0219 0.0080 0.0101 0.0105 0.0262 0.0069 
      H428.9  2 0.9146 0.0097 0.0124 0.0085 0.0088 0.0093 0.0300 0.0067 
      H453.1  2 0.8717 0.0288 0.0390 0.0212 0.0112 0.0094 0.0072 0.0115 
      H453.2  2 0.8905 0.0304 0.0126 0.0272 0.0094 0.0129 0.0058 0.0113 
      H453.3  2 0.9181 0.0117 0.0109 0.0226 0.0080 0.0144 0.0045 0.0097 
      H453.4  2 0.9215 0.0191 0.0119 0.0126 0.0104 0.0102 0.0049 0.0094 
      H453.5  2 0.9192 0.0184 0.0214 0.0095 0.0081 0.0088 0.0054 0.0092 
      H453.6  2 0.9278 0.0153 0.0222 0.0111 0.0068 0.0046 0.0057 0.0066 
      H453.7  2 0.2829 0.0310 0.2962 0.2415 0.0396 0.0487 0.0052 0.0550 
      H453.8  2 0.6129 0.0319 0.1738 0.0582 0.0340 0.0472 0.0085 0.0335 
      H453.9  2 0.5540 0.0244 0.2995 0.0632 0.0073 0.0289 0.0059 0.0168 
      H512.1  2 0.8592 0.0640 0.0113 0.0172 0.0145 0.0178 0.0041 0.0119 
     H512.10  2 0.4461 0.1980 0.0587 0.0482 0.0586 0.0186 0.0816 0.0902 
      H512.2  2 0.3245 0.2711 0.0235 0.0374 0.2321 0.0459 0.0199 0.0456 
      H512.3  2 0.1084 0.6927 0.0177 0.0411 0.0376 0.0120 0.0248 0.0657 
      H512.4  2 0.6451 0.0452 0.0672 0.0295 0.0978 0.0360 0.0225 0.0568 
      H512.5  2 0.0288 0.7086 0.0180 0.0225 0.0128 0.0120 0.0173 0.1800 
      H512.6  2 0.1158 0.5122 0.0152 0.0524 0.0505 0.0436 0.0073 0.2030 
      H512.7  2 0.0397 0.8662 0.0164 0.0108 0.0235 0.0082 0.0125 0.0227 
      H512.8  2 0.1164 0.2160 0.0158 0.0179 0.5690 0.0189 0.0122 0.0337 
      H512.9  2 0.1489 0.6998 0.0214 0.0415 0.0161 0.0135 0.0167 0.0420 
      H513.1  2 0.9363 0.0055 0.0129 0.0073 0.0112 0.0069 0.0135 0.0064 
      H513.2  2 0.9268 0.0066 0.0121 0.0094 0.0156 0.0090 0.0147 0.0057 
      H513.3  2 0.9359 0.0135 0.0085 0.0076 0.0125 0.0092 0.0070 0.0059 
      H513.4  2 0.8884 0.0143 0.0374 0.0171 0.0176 0.0069 0.0064 0.0118 
      H513.5  2 0.9308 0.0151 0.0121 0.0094 0.0076 0.0067 0.0101 0.0082 
      H513.6  2 0.5557 0.0237 0.0189 0.0388 0.0338 0.0373 0.2796 0.0122 
      H532.1  2 0.6301 0.0736 0.1516 0.0128 0.0301 0.0154 0.0164 0.0700 
      H532.2  2 0.8266 0.0116 0.0424 0.0506 0.0263 0.0156 0.0139 0.0130 
      H532.3  2 0.8155 0.0231 0.0463 0.0410 0.0186 0.0215 0.0078 0.0263 
      H532.4  2 0.3551 0.0147 0.4499 0.0270 0.0118 0.0813 0.0158 0.0444 
      H532.5  2 0.7486 0.0901 0.0576 0.0338 0.0174 0.0174 0.0190 0.0162 
      H532.6  2 0.7280 0.0178 0.1310 0.0112 0.0136 0.0397 0.0160 0.0427 
      H532.7  2 0.6147 0.0275 0.2867 0.0099 0.0124 0.0124 0.0203 0.0160 
      H532.8  2 0.5216 0.0737 0.2813 0.0271 0.0262 0.0182 0.0217 0.0302 
      H543.1  2 0.0136 0.0059 0.0049 0.0074 0.0086 0.0060 0.9456 0.0080 
      H543.2  2 0.0421 0.0103 0.0111 0.0195 0.0345 0.0087 0.8588 0.0148 
      H543.3  2 0.0113 0.0064 0.0079 0.0132 0.0078 0.0069 0.9371 0.0093 
      H543.4  2 0.0079 0.0057 0.0063 0.0093 0.0125 0.0064 0.9405 0.0114 
      H543.5  2 0.0107 0.0059 0.0069 0.0084 0.0097 0.0083 0.9434 0.0069 
      H543.6  2 0.0245 0.0122 0.0112 0.0931 0.0113 0.0153 0.8185 0.0139 
      H543.7  2 0.0054 0.0039 0.0040 0.0060 0.0053 0.0056 0.9646 0.0051 
      H543.8  2 0.0229 0.0112 0.0181 0.0187 0.0095 0.0091 0.9029 0.0076 
      H543.9  2 0.0094 0.0097 0.0087 0.0160 0.0130 0.0073 0.9281 0.0078 
 H545.1_2005  2 0.0044 0.0051 0.0041 0.0039 0.0033 0.0060 0.9692 0.0039 
 H545.1_2006  2 0.0056 0.0062 0.0068 0.0059 0.0093 0.0071 0.9525 0.0067 
 H545.2_2005  2 0.0075 0.0160 0.0095 0.0084 0.0080 0.0119 0.9338 0.0050 
 H545.2_2006  2 0.0055 0.0061 0.0059 0.0051 0.0048 0.0051 0.9622 0.0052 
 H545.3_2005  2 0.0059 0.0136 0.0058 0.0092 0.0093 0.0090 0.9398 0.0074 
 H545.3_2006  2 0.0061 0.0069 0.0091 0.0043 0.0048 0.0089 0.9545 0.0053 
 H545.4_2005  2 0.0044 0.0074 0.0072 0.0098 0.0098 0.0150 0.9386 0.0078 
 H545.4_2006  2 0.0056 0.0096 0.0052 0.0072 0.0087 0.0117 0.9461 0.0059 
 H545.5_2005  2 0.0100 0.0094 0.0073 0.0054 0.0050 0.0086 0.9486 0.0057 
 H545.5_2006  2 0.0075 0.0099 0.0060 0.0085 0.0062 0.0095 0.9447 0.0077 
 H545.6_2005  2 0.0052 0.0048 0.0035 0.0037 0.0040 0.0056 0.9694 0.0039 
 H545.6_2006  2 0.0053 0.0081 0.0054 0.0051 0.0056 0.0070 0.9581 0.0053 
 H545.7_2005  2 0.0063 0.0080 0.0053 0.0048 0.0042 0.0063 0.9607 0.0044 
 H545.7_2006  2 0.0076 0.0080 0.0080 0.0070 0.0071 0.0103 0.9465 0.0056 
 H545.8_2005  2 0.0121 0.0107 0.0100 0.0096 0.0102 0.0150 0.9244 0.0081 
 H545.8_2006  2 0.0073 0.0050 0.0059 0.0050 0.0050 0.0061 0.9598 0.0060 
      H545.9  2 0.0066 0.0099 0.0049 0.0069 0.0077 0.0075 0.9502 0.0062 
      H547.1  2 0.3968 0.0266 0.0093 0.3506 0.1680 0.0213 0.0149 0.0126 
      H547.2  2 0.2499 0.0085 0.0175 0.0704 0.6201 0.0090 0.0109 0.0137 
      H547.3  2 0.4744 0.0415 0.0102 0.0603 0.1106 0.1435 0.0197 0.1399 
      H547.4  2 0.1534 0.0231 0.0635 0.0506 0.5413 0.0904 0.0128 0.0648 
      H547.5  2 0.2638 0.0099 0.0062 0.0625 0.6187 0.0132 0.0070 0.0187 
      H547.6  2 0.6443 0.0115 0.0127 0.0369 0.2272 0.0206 0.0333 0.0135 
      H547.7  2 0.4370 0.0335 0.0158 0.0431 0.2759 0.1406 0.0209 0.0331 
      H547.8  2 0.4613 0.0205 0.0076 0.3118 0.1391 0.0198 0.0227 0.0170 
      H548.1  2 0.0055 0.0091 0.0061 0.0063 0.0070 0.0084 0.9508 0.0066 
      H548.2  2 0.0072 0.0094 0.0076 0.0067 0.0076 0.0084 0.9433 0.0098 
      H548.3  2 0.0068 0.0077 0.0063 0.0091 0.0056 0.0108 0.9481 0.0055 
      H548.4  2 0.0103 0.0362 0.0358 0.0139 0.0177 0.0612 0.8035 0.0214 
      H548.5  2 0.0053 0.0061 0.0069 0.0058 0.0063 0.0083 0.9543 0.0069 
      H548.6  2 0.0055 0.0137 0.0072 0.0050 0.0079 0.0126 0.9358 0.0123 
      H548.7  2 0.0072 0.0074 0.0077 0.0086 0.0070 0.0068 0.9492 0.0061 
