      H105.1  1 0.0212 0.0066 0.0116 0.0110 0.0096 0.0095 0.0159 0.0587 0.0072 0.0073 0.0060 0.0380 0.0137 0.0088 0.0072 0.0224 0.0051 0.0044 0.6752 0.0080 0.0062 0.0269 0.0148 0.0049 
      H105.2  1 0.0061 0.0083 0.0244 0.0053 0.0145 0.0402 0.0114 0.0355 0.0224 0.0239 0.0106 0.0458 0.0153 0.0048 0.0114 0.2748 0.0109 0.0116 0.3435 0.0060 0.0378 0.0125 0.0149 0.0080 
      H105.3  1 0.0064 0.0096 0.0087 0.0102 0.0144 0.0077 0.0125 0.0121 0.0060 0.0049 0.0065 0.0143 0.0249 0.0049 0.0052 0.0085 0.0056 0.0171 0.7783 0.0042 0.0085 0.0106 0.0110 0.0078 
      H105.4  1 0.0063 0.0175 0.0122 0.0109 0.0188 0.0445 0.0154 0.1232 0.0100 0.0448 0.0066 0.0483 0.0087 0.0087 0.0081 0.1156 0.0128 0.0580 0.3711 0.0126 0.0103 0.0098 0.0100 0.0158 
      H105.5  1 0.0289 0.0423 0.0216 0.0163 0.0281 0.1517 0.0260 0.0889 0.0106 0.0227 0.0064 0.0705 0.0287 0.0124 0.0192 0.1726 0.0090 0.0356 0.0323 0.0090 0.0336 0.0099 0.0997 0.0239 
      H105.6  1 0.0036 0.0275 0.0040 0.0134 0.0141 0.0143 0.0076 0.0206 0.0045 0.0124 0.0044 0.0079 0.0082 0.0073 0.0071 0.0098 0.0055 0.0182 0.7670 0.0046 0.0079 0.0103 0.0059 0.0137 
      H105.7  1 0.0111 0.0053 0.0050 0.0053 0.0068 0.0060 0.0144 0.0567 0.0066 0.0134 0.0046 0.0071 0.0068 0.0087 0.0064 0.0387 0.0123 0.0101 0.7115 0.0081 0.0053 0.0319 0.0076 0.0103 
      H105.8  1 0.0051 0.0077 0.0085 0.0039 0.0118 0.0155 0.0055 0.0212 0.0173 0.0061 0.0067 0.0212 0.0121 0.0075 0.0117 0.0120 0.0051 0.0053 0.7548 0.0030 0.0088 0.0400 0.0039 0.0056 
      H115.1  1 0.0329 0.2024 0.0083 0.0394 0.0218 0.0318 0.0056 0.0119 0.0172 0.0360 0.0094 0.0137 0.0289 0.0101 0.4061 0.0103 0.0153 0.0175 0.0177 0.0045 0.0093 0.0195 0.0091 0.0213 
      H115.2  1 0.0168 0.2838 0.0063 0.0149 0.0068 0.2758 0.0076 0.0122 0.0315 0.0185 0.0177 0.0064 0.0244 0.0205 0.0967 0.0125 0.0074 0.0410 0.0156 0.0125 0.0164 0.0097 0.0281 0.0169 
      H115.3  1 0.0140 0.3557 0.0116 0.0195 0.0081 0.3552 0.0094 0.0110 0.0090 0.0158 0.0119 0.0054 0.0060 0.0102 0.0087 0.0089 0.0054 0.0541 0.0127 0.0094 0.0195 0.0118 0.0227 0.0039 
      H115.4  1 0.0285 0.0112 0.0220 0.0331 0.0114 0.6192 0.0099 0.0111 0.0146 0.0110 0.0068 0.0075 0.0514 0.0069 0.0343 0.0064 0.0062 0.0058 0.0063 0.0121 0.0059 0.0068 0.0668 0.0049 
      H115.5  1 0.0246 0.3190 0.1079 0.0489 0.0172 0.1120 0.0218 0.0160 0.0162 0.0208 0.0521 0.0129 0.0133 0.0070 0.0215 0.0184 0.0100 0.0226 0.0351 0.0216 0.0067 0.0392 0.0177 0.0175 
      H115.6  1 0.0150 0.3000 0.0200 0.0339 0.0038 0.1457 0.0151 0.0074 0.0070 0.0173 0.0168 0.0051 0.0140 0.0160 0.0130 0.0325 0.0219 0.0307 0.0090 0.0083 0.0993 0.0240 0.1386 0.0057 
      H115.7  1 0.0223 0.0474 0.0288 0.0214 0.0092 0.0880 0.0134 0.0159 0.0147 0.1625 0.0046 0.0078 0.0261 0.0113 0.1128 0.1269 0.0238 0.0730 0.0107 0.0116 0.0144 0.0046 0.1350 0.0138 
      H115.8  1 0.0145 0.3412 0.0260 0.0407 0.0048 0.1990 0.0061 0.0100 0.0124 0.0083 0.0874 0.0060 0.0134 0.0082 0.0309 0.0124 0.0099 0.0164 0.0172 0.0057 0.0193 0.0740 0.0304 0.0056 
      H115.9  1 0.0252 0.6855 0.0043 0.0109 0.0108 0.0167 0.0057 0.0286 0.0076 0.0102 0.0061 0.0079 0.0236 0.0080 0.0413 0.0070 0.0080 0.0152 0.0063 0.0050 0.0073 0.0421 0.0049 0.0117 
      H145.1  1 0.0057 0.0103 0.0033 0.0072 0.0065 0.0072 0.0081 0.0106 0.0048 0.0058 0.0223 0.0054 0.0070 0.0058 0.0106 0.0034 0.0038 0.0120 0.0053 0.8252 0.0138 0.0057 0.0044 0.0059 
      H145.2  1 0.0061 0.0181 0.0035 0.0099 0.0087 0.0090 0.0054 0.0167 0.0039 0.0591 0.0251 0.0136 0.0060 0.0079 0.0151 0.0194 0.0040 0.0225 0.0065 0.7059 0.0133 0.0076 0.0079 0.0048 
      H145.3  1 0.0054 0.0072 0.0108 0.0038 0.0076 0.0053 0.0047 0.0106 0.0038 0.0074 0.0511 0.0046 0.0044 0.0039 0.0297 0.0056 0.0067 0.0062 0.0027 0.7646 0.0316 0.0137 0.0052 0.0035 
      H145.4  1 0.0051 0.0032 0.0028 0.0060 0.0040 0.0044 0.0038 0.0071 0.0027 0.0045 0.0064 0.0037 0.0033 0.0041 0.0046 0.0059 0.0031 0.0077 0.0032 0.8927 0.0050 0.0064 0.0045 0.0058 
      H145.5  1 0.0033 0.0054 0.0067 0.0074 0.0045 0.0042 0.0040 0.0074 0.0034 0.0051 0.1337 0.0043 0.0034 0.0045 0.0118 0.0058 0.0041 0.0060 0.0036 0.7232 0.0278 0.0064 0.0064 0.0075 
      H145.6  1 0.0065 0.0128 0.0083 0.0056 0.0055 0.0048 0.0032 0.0077 0.0042 0.0596 0.0099 0.0056 0.0035 0.0051 0.0036 0.0193 0.0061 0.0161 0.0053 0.7850 0.0062 0.0060 0.0050 0.0050 
      H145.7  1 0.0061 0.0034 0.0107 0.0069 0.0054 0.0057 0.0034 0.0062 0.0030 0.0077 0.0039 0.0046 0.0028 0.0038 0.0068 0.0066 0.0035 0.0062 0.0035 0.8797 0.0060 0.0065 0.0039 0.0036 
      H149.1  1 0.0030 0.0032 0.0026 0.9213 0.0032 0.0027 0.0029 0.0037 0.0039 0.0039 0.0037 0.0034 0.0027 0.0035 0.0026 0.0031 0.0033 0.0044 0.0034 0.0040 0.0048 0.0037 0.0036 0.0037 
      H149.2  1 0.0110 0.0034 0.0036 0.8080 0.0063 0.0042 0.0087 0.0052 0.0036 0.0034 0.0031 0.0035 0.0051 0.0036 0.0039 0.0623 0.0035 0.0046 0.0042 0.0195 0.0064 0.0042 0.0141 0.0044 
      H149.3  1 0.0338 0.0061 0.0093 0.6530 0.0091 0.0048 0.0131 0.0079 0.0122 0.0114 0.0044 0.0093 0.0052 0.0073 0.0080 0.0395 0.0151 0.0148 0.0126 0.0704 0.0075 0.0102 0.0255 0.0096 
      H149.4  1 0.0076 0.0052 0.0035 0.8200 0.0041 0.0042 0.0058 0.0045 0.0048 0.0101 0.0086 0.0284 0.0033 0.0220 0.0045 0.0097 0.0074 0.0092 0.0116 0.0041 0.0059 0.0046 0.0041 0.0069 
      H149.5  1 0.0826 0.0031 0.0066 0.4978 0.0226 0.0043 0.0159 0.0111 0.0081 0.0201 0.0041 0.0328 0.0041 0.0084 0.0097 0.1364 0.0122 0.0065 0.0189 0.0520 0.0085 0.0099 0.0168 0.0074 
      H149.6  1 0.0159 0.0030 0.0035 0.7755 0.0064 0.0033 0.0074 0.0054 0.0046 0.0048 0.0031 0.0069 0.0057 0.0036 0.0039 0.0831 0.0056 0.0050 0.0070 0.0208 0.0050 0.0036 0.0114 0.0055 
      H149.7  1 0.0270 0.0050 0.0066 0.4935 0.0131 0.0057 0.0119 0.0089 0.0158 0.0466 0.0100 0.0531 0.0090 0.0227 0.0143 0.0391 0.0687 0.0240 0.0198 0.0163 0.0128 0.0205 0.0134 0.0421 
      H150.1  1 0.0052 0.4714 0.0069 0.0033 0.0038 0.3616 0.0066 0.0080 0.0040 0.0065 0.0115 0.0039 0.0050 0.0054 0.0110 0.0141 0.0038 0.0129 0.0111 0.0069 0.0077 0.0142 0.0078 0.0074 
      H150.2  1 0.0119 0.2287 0.0075 0.0205 0.0083 0.4308 0.0152 0.0043 0.0087 0.0197 0.0331 0.0049 0.0148 0.0069 0.0567 0.0258 0.0077 0.0102 0.0152 0.0058 0.0125 0.0061 0.0380 0.0070 
      H150.3  1 0.0080 0.3109 0.0124 0.0067 0.0046 0.0301 0.0090 0.0109 0.0067 0.0381 0.0157 0.0057 0.0185 0.0068 0.3308 0.0584 0.0180 0.0202 0.0141 0.0116 0.0118 0.0084 0.0286 0.0140 
      H150.4  1 0.0073 0.7680 0.0169 0.0037 0.0035 0.0187 0.0080 0.0113 0.0031 0.0080 0.0162 0.0058 0.0114 0.0065 0.0168 0.0153 0.0103 0.0080 0.0064 0.0117 0.0078 0.0103 0.0136 0.0115 
      H150.5  1 0.0169 0.1579 0.0100 0.0089 0.0068 0.4569 0.0223 0.0090 0.0150 0.0302 0.0072 0.0060 0.0069 0.0085 0.0303 0.0446 0.0113 0.0389 0.0254 0.0144 0.0113 0.0093 0.0436 0.0084 
      H150.6  1 0.0329 0.0232 0.0440 0.0068 0.0075 0.6501 0.0092 0.0038 0.0090 0.0179 0.0111 0.0066 0.0048 0.0107 0.0066 0.0334 0.0080 0.0099 0.0399 0.0110 0.0157 0.0035 0.0292 0.0052 
      H150.7  1 0.0048 0.7323 0.0074 0.0045 0.0042 0.0467 0.0049 0.0073 0.0058 0.0071 0.0138 0.0052 0.0059 0.0051 0.0416 0.0161 0.0034 0.0237 0.0110 0.0058 0.0156 0.0095 0.0139 0.0044 
   H169607.1  1 0.0217 0.0236 0.0212 0.0062 0.0255 0.0572 0.0824 0.0150 0.0422 0.0429 0.0182 0.0893 0.1165 0.0074 0.0639 0.0537 0.0174 0.0188 0.0105 0.1782 0.0590 0.0162 0.0054 0.0075 
   H169607.2  1 0.0107 0.0250 0.0081 0.0070 0.0832 0.0186 0.0668 0.1286 0.0207 0.0751 0.0039 0.0295 0.0225 0.0577 0.1358 0.0336 0.0098 0.0636 0.0079 0.0631 0.0776 0.0356 0.0095 0.0060 
   H169607.3  1 0.0730 0.0104 0.0171 0.0052 0.0471 0.0439 0.0575 0.0850 0.0316 0.0351 0.0100 0.0707 0.0150 0.0048 0.0257 0.1399 0.0279 0.0180 0.0075 0.1738 0.0398 0.0459 0.0065 0.0086 
   H169607.4  1 0.0077 0.0144 0.0058 0.0053 0.0223 0.0120 0.0988 0.1115 0.0170 0.0125 0.0073 0.0260 0.0132 0.0275 0.0095 0.0461 0.0106 0.0301 0.0094 0.1549 0.3386 0.0085 0.0047 0.0063 
   H169607.5  1 0.0555 0.0260 0.0063 0.0065 0.1273 0.0198 0.1028 0.0857 0.0127 0.2161 0.0091 0.0091 0.0104 0.0230 0.0688 0.0704 0.0082 0.0527 0.0059 0.0403 0.0115 0.0190 0.0082 0.0046 
   H169607.6  1 0.0083 0.0135 0.0086 0.0087 0.0790 0.0364 0.0714 0.3460 0.0300 0.0501 0.0046 0.0330 0.0273 0.0323 0.0324 0.0450 0.0089 0.0148 0.0080 0.0521 0.0513 0.0237 0.0089 0.0053 
   H169607.7  1 0.0077 0.0108 0.0094 0.0068 0.0276 0.1488 0.0449 0.0408 0.0304 0.1372 0.0052 0.0646 0.0190 0.0249 0.2534 0.0179 0.0083 0.0065 0.0114 0.0198 0.0299 0.0604 0.0107 0.0036 
   H169607.8  1 0.0109 0.0121 0.0073 0.0053 0.0236 0.0072 0.1152 0.3471 0.0434 0.0134 0.0043 0.0284 0.0149 0.0265 0.0130 0.0361 0.0081 0.0204 0.0061 0.0294 0.2009 0.0159 0.0040 0.0067 
   H169633.1  1 0.0085 0.0107 0.0168 0.7322 0.0129 0.0070 0.0060 0.0056 0.0339 0.0043 0.0146 0.0053 0.0077 0.0033 0.0110 0.0040 0.0184 0.0168 0.0151 0.0237 0.0054 0.0069 0.0203 0.0095 
   H169633.2  1 0.0049 0.0033 0.0122 0.6881 0.0193 0.0129 0.0037 0.0043 0.0286 0.0098 0.0107 0.0082 0.0372 0.0055 0.0091 0.0201 0.0516 0.0057 0.0139 0.0136 0.0040 0.0112 0.0145 0.0078 
   H169633.3  1 0.0081 0.0081 0.0086 0.7802 0.0104 0.0055 0.0064 0.0044 0.0093 0.0094 0.0070 0.0055 0.0077 0.0049 0.0106 0.0034 0.0086 0.0087 0.0163 0.0160 0.0047 0.0132 0.0254 0.0175 
   H169633.4  1 0.0130 0.0089 0.0111 0.7843 0.0084 0.0046 0.0070 0.0084 0.0069 0.0064 0.0160 0.0056 0.0059 0.0039 0.0136 0.0040 0.0045 0.0311 0.0155 0.0097 0.0069 0.0064 0.0119 0.0061 
   H169633.5  1 0.0141 0.0081 0.0096 0.7799 0.0067 0.0059 0.0061 0.0068 0.0064 0.0061 0.0129 0.0084 0.0081 0.0038 0.0119 0.0055 0.0046 0.0346 0.0177 0.0096 0.0060 0.0072 0.0120 0.0081 
   H169688.1  1 0.0051 0.0061 0.0378 0.0109 0.0183 0.0055 0.0068 0.0384 0.6446 0.0237 0.0031 0.0075 0.0061 0.0048 0.0127 0.0224 0.0319 0.0078 0.0040 0.0541 0.0178 0.0067 0.0039 0.0201 
   H169688.2  1 0.0039 0.0045 0.0097 0.0049 0.0058 0.0134 0.0051 0.0082 0.8171 0.0081 0.0073 0.0084 0.0040 0.0080 0.0066 0.0098 0.0314 0.0053 0.0065 0.0062 0.0047 0.0068 0.0048 0.0094 
   H169688.3  1 0.0045 0.0100 0.0094 0.0088 0.0043 0.0128 0.0049 0.0043 0.7513 0.0156 0.0052 0.0094 0.0078 0.0159 0.0268 0.0147 0.0238 0.0056 0.0084 0.0282 0.0060 0.0047 0.0065 0.0113 
   H169688.4  1 0.0078 0.1773 0.0120 0.0089 0.0053 0.1092 0.0047 0.0073 0.5203 0.0092 0.0144 0.0054 0.0058 0.0080 0.0144 0.0075 0.0228 0.0071 0.0100 0.0142 0.0076 0.0057 0.0050 0.0100 
   H169688.5  1 0.0087 0.1692 0.0091 0.0095 0.0066 0.1225 0.0052 0.0064 0.5151 0.0089 0.0142 0.0062 0.0057 0.0111 0.0138 0.0084 0.0255 0.0064 0.0091 0.0109 0.0075 0.0052 0.0047 0.0102 
   H169688.6  1 0.0062 0.0168 0.0105 0.0120 0.0328 0.0124 0.0060 0.0095 0.6993 0.0181 0.0356 0.0149 0.0039 0.0134 0.0164 0.0094 0.0192 0.0059 0.0163 0.0221 0.0053 0.0038 0.0032 0.0068 
   H169688.7  1 0.0079 0.0159 0.0163 0.0101 0.0045 0.0644 0.0057 0.0058 0.5471 0.0108 0.0117 0.0163 0.0104 0.0249 0.0502 0.0073 0.0190 0.0070 0.0065 0.1038 0.0152 0.0097 0.0142 0.0150 
   H171901.1  1 0.0088 0.0101 0.0072 0.0061 0.0058 0.0279 0.0046 0.0066 0.0122 0.0164 0.0236 0.0138 0.0065 0.0058 0.0187 0.7639 0.0061 0.0103 0.0047 0.0103 0.0050 0.0089 0.0086 0.0078 
   H171901.2  1 0.0050 0.0158 0.0039 0.7961 0.0049 0.0140 0.0079 0.0178 0.0113 0.0090 0.0048 0.0062 0.0045 0.0090 0.0092 0.0071 0.0055 0.0120 0.0069 0.0089 0.0124 0.0103 0.0129 0.0047 
   H171901.3  1 0.0155 0.0167 0.0205 0.6392 0.0141 0.0232 0.0049 0.0078 0.0449 0.0182 0.0060 0.0081 0.0047 0.0092 0.0106 0.0265 0.0484 0.0295 0.0058 0.0105 0.0147 0.0057 0.0077 0.0074 
   H171901.4  1 0.0049 0.0103 0.0071 0.7471 0.0056 0.0610 0.0108 0.0078 0.0131 0.0197 0.0048 0.0076 0.0056 0.0109 0.0075 0.0066 0.0077 0.0063 0.0150 0.0075 0.0129 0.0079 0.0082 0.0042 
   H171901.5  1 0.0095 0.0117 0.0043 0.6250 0.0070 0.0903 0.0196 0.0088 0.0243 0.0238 0.0054 0.0100 0.0079 0.0219 0.0077 0.0133 0.0139 0.0100 0.0136 0.0116 0.0384 0.0062 0.0110 0.0047 
   H171901.6  1 0.0076 0.0219 0.0037 0.4365 0.0100 0.0812 0.0380 0.0120 0.0316 0.0506 0.0055 0.0138 0.0131 0.0212 0.0117 0.0154 0.0275 0.0361 0.0236 0.0473 0.0507 0.0087 0.0171 0.0152 
   H171901.7  1 0.0117 0.0136 0.0073 0.5282 0.0311 0.0352 0.0055 0.0135 0.0833 0.0261 0.0058 0.0068 0.0054 0.0274 0.0397 0.0133 0.0360 0.0206 0.0102 0.0248 0.0105 0.0142 0.0159 0.0138 
   H171902.1  1 0.0033 0.0126 0.0041 0.0083 0.0118 0.0078 0.0092 0.0064 0.0097 0.0084 0.0260 0.0107 0.0184 0.0118 0.0157 0.0045 0.0076 0.0064 0.0045 0.0129 0.7771 0.0082 0.0047 0.0099 
  H171902.10  1 0.0032 0.0046 0.0039 0.0090 0.0043 0.0080 0.0037 0.0055 0.0057 0.0048 0.0075 0.0063 0.0040 0.0080 0.0042 0.0055 0.0039 0.0064 0.0034 0.0046 0.8796 0.0037 0.0063 0.0040 
   H171902.2  1 0.0058 0.0124 0.0361 0.0193 0.0395 0.0087 0.0159 0.0065 0.0285 0.0272 0.0273 0.0164 0.0179 0.0098 0.0386 0.0097 0.0403 0.0082 0.0218 0.0124 0.5337 0.0427 0.0064 0.0150 
   H171902.3  1 0.0052 0.0163 0.0071 0.0486 0.0112 0.0165 0.0156 0.0068 0.0196 0.0187 0.0076 0.0142 0.0137 0.0255 0.0196 0.0107 0.0104 0.0055 0.0068 0.0091 0.6831 0.0107 0.0089 0.0086 
   H171902.4  1 0.0046 0.0092 0.0046 0.0641 0.0060 0.0032 0.0030 0.0055 0.0056 0.0058 0.0087 0.0036 0.0052 0.0036 0.0068 0.0054 0.0050 0.0077 0.0062 0.0082 0.8029 0.0077 0.0094 0.0080 
   H171902.6  1 0.0031 0.0065 0.0041 0.0075 0.0049 0.0049 0.0042 0.0053 0.0052 0.0053 0.0070 0.0078 0.0043 0.0054 0.0040 0.0049 0.0041 0.0057 0.0030 0.0053 0.8802 0.0049 0.0070 0.0055 
   H171902.7  1 0.0046 0.0050 0.0030 0.0120 0.0057 0.0114 0.0126 0.0107 0.0046 0.0075 0.0099 0.0050 0.0065 0.0058 0.0070 0.0299 0.0041 0.0062 0.0056 0.0111 0.8127 0.0037 0.0109 0.0046 
   H171902.8  1 0.0049 0.0066 0.0052 0.0122 0.0060 0.0115 0.0073 0.0072 0.0061 0.0075 0.0085 0.0106 0.0050 0.0105 0.0080 0.0128 0.0084 0.0056 0.0040 0.0086 0.8239 0.0046 0.0092 0.0059 
   H171902.9  1 0.0037 0.0401 0.0038 0.0069 0.0084 0.0057 0.0062 0.0099 0.0046 0.0179 0.0192 0.0051 0.0075 0.0089 0.0128 0.0080 0.0051 0.0131 0.0070 0.0093 0.7716 0.0076 0.0064 0.0113 
   H171903.1  1 0.0085 0.0194 0.0038 0.0118 0.0316 0.0693 0.0249 0.5300 0.0080 0.0343 0.0039 0.0035 0.0217 0.0595 0.0698 0.0156 0.0068 0.0118 0.0105 0.0207 0.0065 0.0160 0.0058 0.0062 
   H171903.2  1 0.0305 0.0292 0.0061 0.0071 0.0608 0.0374 0.0223 0.5262 0.0123 0.0240 0.0103 0.0125 0.0178 0.0439 0.0286 0.0155 0.0100 0.0127 0.0179 0.0145 0.0111 0.0332 0.0076 0.0084 
   H171903.3  1 0.0914 0.0229 0.0057 0.0142 0.1191 0.0644 0.0620 0.1547 0.0266 0.0423 0.0135 0.0074 0.0489 0.0827 0.0393 0.0404 0.0192 0.0305 0.0133 0.0109 0.0255 0.0215 0.0262 0.0174 
   H171903.4  1 0.0109 0.0120 0.0144 0.0056 0.0178 0.0338 0.0176 0.0288 0.0234 0.0513 0.0056 0.0063 0.0062 0.0079 0.0113 0.5111 0.0421 0.0544 0.0101 0.0589 0.0351 0.0086 0.0139 0.0132 
   H171903.5  1 0.2051 0.0217 0.0067 0.0386 0.0350 0.1166 0.0265 0.0639 0.0642 0.0378 0.0106 0.0270 0.0526 0.0488 0.0979 0.0146 0.0230 0.0105 0.0176 0.0182 0.0077 0.0293 0.0119 0.0140 
   H171903.6  1 0.0292 0.0198 0.0082 0.0437 0.0359 0.1865 0.0578 0.0805 0.1710 0.1699 0.0041 0.0102 0.0063 0.0167 0.0310 0.0264 0.0103 0.0181 0.0076 0.0222 0.0177 0.0113 0.0066 0.0091 
      H177.1  1 0.0091 0.0193 0.0048 0.1978 0.0267 0.0196 0.0181 0.0250 0.0292 0.0350 0.0102 0.0132 0.0049 0.1098 0.0085 0.1152 0.1348 0.0241 0.0050 0.0134 0.1437 0.0063 0.0106 0.0158 
      H177.2  1 0.0262 0.0222 0.0234 0.1061 0.0335 0.0178 0.2156 0.0192 0.0235 0.0150 0.0120 0.1235 0.0072 0.0438 0.0199 0.0043 0.0212 0.0268 0.0061 0.0847 0.0675 0.0562 0.0134 0.0111 
      H177.3  1 0.0162 0.0276 0.0042 0.2677 0.0316 0.0209 0.0469 0.0155 0.0299 0.0861 0.0125 0.0568 0.0055 0.0723 0.0095 0.0080 0.0128 0.0944 0.0041 0.0447 0.0774 0.0132 0.0243 0.0179 
      H177.4  1 0.0097 0.0041 0.0040 0.1406 0.1195 0.0072 0.0362 0.0261 0.0299 0.0438 0.0125 0.0443 0.0076 0.0685 0.0082 0.0269 0.2149 0.0304 0.0140 0.0452 0.0722 0.0094 0.0111 0.0137 
      H177.5  1 0.0291 0.0095 0.0083 0.0224 0.0120 0.0345 0.0501 0.0229 0.0285 0.0222 0.0082 0.0073 0.0041 0.0660 0.0153 0.0345 0.4911 0.0122 0.0275 0.0098 0.0407 0.0138 0.0142 0.0158 
      H177.6  1 0.0122 0.0442 0.0038 0.4137 0.0183 0.0202 0.0182 0.0124 0.0225 0.0470 0.0163 0.0485 0.0063 0.0577 0.0077 0.0067 0.0129 0.0827 0.0044 0.0211 0.0751 0.0104 0.0232 0.0145 
      H179.1  1 0.0062 0.0085 0.0055 0.0098 0.0125 0.0160 0.0183 0.0049 0.0636 0.0204 0.0040 0.5841 0.0371 0.0186 0.0174 0.0082 0.0707 0.0269 0.0136 0.0042 0.0053 0.0072 0.0055 0.0315 
      H179.2  1 0.0198 0.0061 0.0063 0.0093 0.0940 0.0310 0.0417 0.0090 0.0452 0.0132 0.0059 0.3809 0.1228 0.0204 0.0607 0.0095 0.0273 0.0085 0.0097 0.0050 0.0159 0.0149 0.0143 0.0286 
      H179.3  1 0.0245 0.0142 0.0145 0.0066 0.0309 0.0171 0.0087 0.0168 0.2416 0.0238 0.0068 0.1653 0.0282 0.0265 0.1294 0.0115 0.1462 0.0196 0.0143 0.0052 0.0096 0.0168 0.0053 0.0166 
      H179.4  1 0.0092 0.0060 0.0126 0.0255 0.4253 0.0091 0.0203 0.0091 0.0277 0.0218 0.0046 0.2006 0.0159 0.0191 0.0451 0.0093 0.0296 0.0091 0.0122 0.0172 0.0178 0.0139 0.0100 0.0290 
      H180.1  1 0.0064 0.0058 0.0103 0.0040 0.0045 0.8730 0.0028 0.0046 0.0078 0.0043 0.0072 0.0083 0.0089 0.0065 0.0051 0.0068 0.0039 0.0034 0.0046 0.0026 0.0046 0.0039 0.0064 0.0043 
      H180.2  1 0.0036 0.0089 0.0107 0.0077 0.0060 0.8514 0.0063 0.0062 0.0093 0.0048 0.0075 0.0062 0.0052 0.0052 0.0069 0.0068 0.0046 0.0124 0.0068 0.0026 0.0037 0.0045 0.0046 0.0083 
      H180.3  1 0.0151 0.1239 0.0076 0.0058 0.0094 0.6074 0.0086 0.0110 0.0051 0.0123 0.0227 0.0046 0.0349 0.0102 0.0115 0.0060 0.0047 0.0055 0.0065 0.0071 0.0070 0.0420 0.0066 0.0243 
      H180.4  1 0.0089 0.0152 0.0208 0.0126 0.0120 0.6936 0.0060 0.0081 0.0136 0.0186 0.0221 0.0167 0.0063 0.0112 0.0129 0.0102 0.0093 0.0050 0.0455 0.0057 0.0082 0.0116 0.0161 0.0098 
      H180.5  1 0.0074 0.0074 0.0130 0.0090 0.0071 0.7907 0.0102 0.0073 0.0124 0.0063 0.0132 0.0080 0.0070 0.0085 0.0124 0.0067 0.0130 0.0065 0.0111 0.0039 0.0052 0.0131 0.0158 0.0048 
      H180.6  1 0.0078 0.0283 0.0247 0.0132 0.0144 0.2907 0.0104 0.0124 0.0049 0.0126 0.0457 0.0080 0.0090 0.0114 0.0528 0.0072 0.0051 0.0078 0.0127 0.0126 0.0065 0.3523 0.0388 0.0107 
      H181.1  1 0.1516 0.0072 0.1387 0.1528 0.0314 0.0299 0.0178 0.0648 0.0438 0.0065 0.0164 0.1762 0.0105 0.0130 0.0054 0.0163 0.0063 0.0127 0.0094 0.0150 0.0357 0.0072 0.0243 0.0070 
      H181.2  1 0.0189 0.0188 0.1084 0.0630 0.0131 0.0282 0.0168 0.0250 0.0545 0.0159 0.0210 0.2659 0.0115 0.0459 0.0063 0.0139 0.0161 0.0087 0.0147 0.0436 0.1031 0.0085 0.0674 0.0110 
      H181.3  1 0.0129 0.0086 0.2546 0.0692 0.0095 0.0107 0.0245 0.0216 0.0351 0.0303 0.0140 0.2841 0.0055 0.0356 0.0051 0.0221 0.0214 0.0122 0.0087 0.0184 0.0550 0.0096 0.0244 0.0067 
      H181.4  1 0.2500 0.0508 0.0650 0.0990 0.0300 0.0346 0.0596 0.0315 0.0145 0.0340 0.0044 0.0598 0.0081 0.0358 0.0105 0.0206 0.0154 0.0147 0.0098 0.0333 0.0512 0.0160 0.0298 0.0217 
      H181.5  1 0.0094 0.0049 0.0462 0.0147 0.0080 0.0047 0.0061 0.0122 0.0098 0.0086 0.0123 0.7271 0.0092 0.0050 0.0065 0.0180 0.0160 0.0143 0.0064 0.0058 0.0076 0.0075 0.0200 0.0196 
      H181.6  1 0.0140 0.0158 0.0058 0.0127 0.0219 0.0616 0.0090 0.0162 0.0128 0.0110 0.0056 0.6151 0.0430 0.0114 0.0140 0.0109 0.0138 0.0119 0.0313 0.0095 0.0105 0.0069 0.0277 0.0076 
      H181.7  1 0.0099 0.0070 0.0079 0.0122 0.0205 0.0114 0.0052 0.0068 0.0063 0.0190 0.0080 0.7945 0.0080 0.0039 0.0138 0.0072 0.0063 0.0078 0.0081 0.0100 0.0054 0.0102 0.0053 0.0051 
 H194.1_2004  1 0.0089 0.0095 0.0041 0.0183 0.0257 0.0485 0.0101 0.0896 0.0101 0.0186 0.0056 0.0032 0.0064 0.0932 0.0335 0.0104 0.0110 0.2080 0.0092 0.3052 0.0067 0.0101 0.0255 0.0285 
 H194.2_2004  1 0.0073 0.0067 0.0042 0.0174 0.0072 0.0281 0.0051 0.0253 0.0071 0.0082 0.0294 0.0045 0.0062 0.0310 0.0088 0.5029 0.0220 0.0308 0.0048 0.1808 0.0099 0.0061 0.0377 0.0085 
 H194.3_2004  1 0.0061 0.0065 0.0032 0.0765 0.0116 0.0062 0.0068 0.0169 0.0155 0.0147 0.0100 0.0145 0.0067 0.0262 0.0057 0.0068 0.0090 0.1487 0.0064 0.3855 0.0163 0.0071 0.0081 0.1852 
 H194.4_2004  1 0.0038 0.0052 0.0063 0.0531 0.0084 0.0053 0.0063 0.0371 0.0083 0.0075 0.0151 0.0058 0.0047 0.0075 0.0110 0.2651 0.0367 0.0248 0.0043 0.4365 0.0156 0.0069 0.0099 0.0149 
 H194.5_2004  1 0.0085 0.0068 0.0078 0.0614 0.0383 0.0075 0.0121 0.0171 0.0077 0.0673 0.0046 0.0092 0.0124 0.0154 0.0185 0.0154 0.0169 0.1856 0.0134 0.3361 0.0138 0.0142 0.0088 0.1011 
 H194.6_2004  1 0.0065 0.0072 0.0063 0.1341 0.0781 0.0059 0.0118 0.0160 0.0072 0.0236 0.0076 0.0060 0.0078 0.0215 0.0196 0.0828 0.1296 0.0244 0.0077 0.0468 0.0444 0.0153 0.0143 0.2754 
 H194.7_2004  1 0.0148 0.0071 0.0064 0.0119 0.0133 0.0146 0.0143 0.2244 0.0080 0.0092 0.0077 0.0043 0.0052 0.0090 0.0435 0.0704 0.0117 0.0846 0.0083 0.3153 0.0042 0.0577 0.0165 0.0375 
 H194.8_2004  1 0.0077 0.0078 0.0089 0.0803 0.0536 0.0063 0.0130 0.0128 0.0049 0.0347 0.0116 0.0099 0.0064 0.0115 0.0176 0.3518 0.0610 0.0211 0.0068 0.1840 0.0220 0.0143 0.0120 0.0400 
      H194.9  1 0.0095 0.0164 0.0091 0.0204 0.0130 0.0081 0.0091 0.0683 0.0084 0.0131 0.0087 0.0038 0.0067 0.0076 0.0666 0.0278 0.0176 0.1723 0.0097 0.3843 0.0109 0.0522 0.0134 0.0430 
 H195.1_2003  1 0.0054 0.0043 0.0055 0.0102 0.0159 0.0085 0.0133 0.0087 0.0062 0.0152 0.0037 0.0062 0.0073 0.0151 0.0098 0.0150 0.0195 0.0059 0.0738 0.7153 0.0120 0.0040 0.0119 0.0073 
 H195.1_2004  1 0.0062 0.0044 0.0144 0.0076 0.0045 0.0041 0.0039 0.0047 0.0078 0.0068 0.0059 0.0046 0.0026 0.0052 0.0035 0.0034 0.0042 0.0060 0.0056 0.8507 0.0097 0.0036 0.0270 0.0038 
 H195.2_2003  1 0.0036 0.0180 0.0063 0.0054 0.0194 0.0146 0.0164 0.0185 0.0194 0.0088 0.0045 0.0048 0.0097 0.0082 0.0082 0.0057 0.0148 0.0124 0.0187 0.7430 0.0169 0.0109 0.0052 0.0067 
 H195.2_2004  1 0.0026 0.0033 0.0055 0.0054 0.0046 0.0040 0.0053 0.0052 0.0038 0.0035 0.0067 0.0043 0.0027 0.0031 0.0038 0.0041 0.0040 0.0039 0.0039 0.9018 0.0042 0.0047 0.0053 0.0042 
 H195.3_2003  1 0.0060 0.0496 0.0058 0.0044 0.0122 0.0163 0.0375 0.0376 0.0255 0.0352 0.0061 0.0043 0.0064 0.0144 0.0094 0.0189 0.0374 0.0102 0.0693 0.5543 0.0094 0.0110 0.0058 0.0130 
 H195.3_2004  1 0.0035 0.0040 0.0054 0.0146 0.0041 0.0026 0.0040 0.0091 0.0060 0.0036 0.0046 0.0038 0.0031 0.0060 0.0031 0.0046 0.0038 0.0046 0.0055 0.8808 0.0080 0.0036 0.0072 0.0041 
 H195.4_2003  1 0.0051 0.0041 0.0040 0.0075 0.0068 0.0063 0.0070 0.0058 0.0042 0.0054 0.0027 0.0058 0.0055 0.0058 0.0048 0.0066 0.0069 0.0056 0.0120 0.8540 0.0078 0.0036 0.0170 0.0058 
 H195.4_2004  1 0.0036 0.0038 0.0155 0.0045 0.0073 0.0029 0.0037 0.0078 0.0060 0.0046 0.0038 0.0037 0.0032 0.0038 0.0039 0.0032 0.0082 0.0044 0.0040 0.8829 0.0048 0.0056 0.0047 0.0041 
 H195.5_2003  1 0.0055 0.0065 0.0169 0.0103 0.0193 0.0131 0.0072 0.0075 0.0076 0.0225 0.0042 0.0062 0.0060 0.0088 0.0084 0.0158 0.0173 0.0090 0.1801 0.5783 0.0126 0.0042 0.0236 0.0090 
 H195.5_2004  1 0.0042 0.0051 0.0131 0.0074 0.0070 0.0029 0.0031 0.0075 0.0061 0.0068 0.0055 0.0035 0.0029 0.0042 0.0038 0.0031 0.0035 0.0034 0.0071 0.8772 0.0064 0.0040 0.0077 0.0043 
 H195.6_2003  1 0.0040 0.0182 0.0063 0.0034 0.0055 0.0078 0.0102 0.0137 0.0090 0.0058 0.0039 0.0032 0.0052 0.0078 0.0039 0.0047 0.0056 0.0046 0.0258 0.8272 0.0094 0.0060 0.0045 0.0042 
 H195.6_2004  1 0.0027 0.0023 0.0043 0.0045 0.0046 0.0032 0.0045 0.0090 0.0034 0.0047 0.0055 0.0062 0.0032 0.0035 0.0038 0.0035 0.0039 0.0038 0.0055 0.8980 0.0044 0.0033 0.0052 0.0068 
 H195.7_2003  1 0.0054 0.0042 0.0060 0.0055 0.0164 0.0080 0.0121 0.0059 0.0203 0.0101 0.0029 0.0080 0.0056 0.0065 0.0079 0.0128 0.0727 0.0069 0.0112 0.7436 0.0073 0.0054 0.0080 0.0073 
 H195.7_2004  1 0.0050 0.0078 0.0136 0.0042 0.0045 0.0047 0.0035 0.0038 0.0080 0.0064 0.0121 0.0038 0.0027 0.0035 0.0036 0.0031 0.0040 0.0050 0.0059 0.8737 0.0061 0.0034 0.0088 0.0030 
      H195.8  1 0.0047 0.0048 0.0329 0.0038 0.0055 0.0034 0.0033 0.0063 0.0080 0.0094 0.0038 0.0036 0.0031 0.0034 0.0060 0.0032 0.0052 0.0057 0.0046 0.8550 0.0046 0.0047 0.0113 0.0038 
      H195.9  1 0.0039 0.0036 0.0056 0.0063 0.0063 0.0048 0.0045 0.0128 0.0048 0.0041 0.0033 0.0037 0.0028 0.0061 0.0042 0.0040 0.0055 0.0045 0.0047 0.8837 0.0058 0.0043 0.0048 0.0058 
      H415.1  1 0.0107 0.0988 0.0070 0.0845 0.0047 0.0210 0.0051 0.0070 0.0105 0.0120 0.0704 0.0070 0.4400 0.0165 0.0160 0.0209 0.0123 0.0169 0.0090 0.0397 0.0338 0.0278 0.0172 0.0113 
      H415.2  1 0.0159 0.0210 0.0039 0.0257 0.0072 0.0259 0.0126 0.0063 0.0693 0.0079 0.0165 0.0124 0.0940 0.1391 0.0112 0.0096 0.0109 0.1926 0.0113 0.0227 0.2067 0.0084 0.0065 0.0625 
      H415.3  1 0.0126 0.0067 0.0027 0.0790 0.0061 0.0279 0.0195 0.0028 0.0135 0.0094 0.0088 0.0218 0.6311 0.0381 0.0095 0.0112 0.0164 0.0078 0.0066 0.0153 0.0271 0.0039 0.0150 0.0071 
      H415.4  1 0.0082 0.0505 0.0086 0.0195 0.0050 0.0133 0.0070 0.0038 0.0039 0.0073 0.0148 0.0050 0.6748 0.0084 0.0061 0.0178 0.0076 0.0102 0.0059 0.0207 0.0286 0.0215 0.0382 0.0132 
      H415.5  1 0.0129 0.0049 0.0038 0.1209 0.0048 0.0387 0.0105 0.0034 0.0063 0.0074 0.0097 0.0143 0.5687 0.0550 0.0068 0.0134 0.0173 0.0083 0.0084 0.0215 0.0222 0.0046 0.0213 0.0148 
      H415.6  1 0.0109 0.0522 0.0091 0.0207 0.0044 0.0135 0.0055 0.0043 0.0038 0.0083 0.0150 0.0050 0.6655 0.0092 0.0061 0.0176 0.0087 0.0079 0.0074 0.0144 0.0356 0.0236 0.0371 0.0141 
      H415.7  1 0.0103 0.0126 0.0041 0.0510 0.0158 0.0197 0.0577 0.0042 0.0850 0.0086 0.0208 0.0161 0.3419 0.0297 0.0172 0.0078 0.0155 0.0262 0.0099 0.0477 0.1669 0.0055 0.0093 0.0162 
      H506.1  1 0.0043 0.0032 0.0067 0.0180 0.0115 0.0039 0.0106 0.0034 0.0066 0.0052 0.0047 0.8369 0.0236 0.0046 0.0055 0.0041 0.0046 0.0048 0.0081 0.0053 0.0034 0.0061 0.0026 0.0124 
      H506.2  1 0.0044 0.0037 0.0035 0.0161 0.0073 0.0032 0.0075 0.0044 0.0068 0.0040 0.0044 0.8813 0.0068 0.0040 0.0033 0.0030 0.0038 0.0050 0.0045 0.0065 0.0036 0.0039 0.0034 0.0054 
      H506.3  1 0.0107 0.0055 0.0251 0.0152 0.0128 0.0085 0.0216 0.0059 0.1432 0.0115 0.0575 0.5082 0.0290 0.0260 0.0066 0.0063 0.0123 0.0048 0.0175 0.0093 0.0098 0.0128 0.0060 0.0338 
      H506.4  1 0.0084 0.0060 0.0081 0.0183 0.0275 0.0097 0.0375 0.0108 0.0281 0.0170 0.0113 0.6675 0.0375 0.0097 0.0122 0.0089 0.0097 0.0082 0.0117 0.0062 0.0063 0.0105 0.0053 0.0236 
      H506.5  1 0.0035 0.0036 0.0042 0.0252 0.0100 0.0038 0.0155 0.0050 0.0114 0.0054 0.0061 0.8326 0.0146 0.0055 0.0055 0.0027 0.0060 0.0063 0.0077 0.0077 0.0050 0.0044 0.0021 0.0060 
      H506.6  1 0.0160 0.0145 0.0176 0.0067 0.0171 0.0050 0.0262 0.0129 0.3030 0.0081 0.0233 0.4214 0.0092 0.0237 0.0081 0.0064 0.0185 0.0141 0.0101 0.0105 0.0086 0.0053 0.0052 0.0085 
      H506.7  1 0.0038 0.0030 0.0048 0.0327 0.0130 0.0041 0.0122 0.0049 0.0105 0.0066 0.0060 0.8263 0.0113 0.0053 0.0051 0.0028 0.0049 0.0065 0.0061 0.0085 0.0053 0.0064 0.0033 0.0068 
      H533.1  1 0.0054 0.0027 0.0036 0.0111 0.0079 0.0038 0.0034 0.0032 0.0038 0.0049 0.0047 0.8985 0.0053 0.0040 0.0053 0.0030 0.0032 0.0044 0.0042 0.0037 0.0034 0.0030 0.0031 0.0045 
      H533.2  1 0.0046 0.0025 0.0046 0.0210 0.0099 0.0044 0.0038 0.0027 0.0043 0.0034 0.0084 0.8824 0.0058 0.0039 0.0044 0.0033 0.0032 0.0043 0.0040 0.0036 0.0037 0.0037 0.0035 0.0048 
      H533.3  1 0.0208 0.0047 0.0039 0.0222 0.0134 0.0063 0.0071 0.0053 0.0082 0.0187 0.0050 0.8162 0.0065 0.0102 0.0065 0.0034 0.0047 0.0101 0.0036 0.0040 0.0040 0.0064 0.0039 0.0049 
      H533.4  1 0.0124 0.0056 0.0184 0.0833 0.1042 0.0130 0.0088 0.0116 0.0175 0.0417 0.0191 0.4808 0.0177 0.0411 0.0290 0.0098 0.0073 0.0261 0.0090 0.0164 0.0111 0.0049 0.0051 0.0060 
      H535.1  1 0.0039 0.0052 0.0025 0.0065 0.8774 0.0050 0.0091 0.0066 0.0040 0.0089 0.0032 0.0042 0.0055 0.0058 0.0046 0.0031 0.0055 0.0064 0.0038 0.0035 0.0090 0.0031 0.0053 0.0079 
      H535.2  1 0.0053 0.0032 0.0053 0.0053 0.8921 0.0030 0.0059 0.0039 0.0047 0.0069 0.0029 0.0067 0.0035 0.0031 0.0041 0.0033 0.0046 0.0038 0.0054 0.0083 0.0054 0.0041 0.0049 0.0044 
      H535.3  1 0.0037 0.0029 0.0063 0.0039 0.9055 0.0035 0.0046 0.0043 0.0037 0.0053 0.0035 0.0057 0.0027 0.0030 0.0033 0.0037 0.0036 0.0039 0.0057 0.0051 0.0037 0.0036 0.0046 0.0043 
      H535.4  1 0.0044 0.0031 0.0041 0.0077 0.9119 0.0034 0.0035 0.0029 0.0030 0.0039 0.0029 0.0028 0.0051 0.0032 0.0047 0.0035 0.0022 0.0026 0.0047 0.0051 0.0038 0.0029 0.0047 0.0038 
      H535.5  1 0.0040 0.0031 0.0028 0.0073 0.9106 0.0028 0.0049 0.0038 0.0032 0.0049 0.0030 0.0030 0.0042 0.0051 0.0044 0.0028 0.0038 0.0035 0.0033 0.0043 0.0034 0.0035 0.0032 0.0051 
      H535.6  1 0.0062 0.0073 0.0040 0.0030 0.8431 0.0043 0.0100 0.0073 0.0050 0.0127 0.0033 0.0044 0.0047 0.0051 0.0041 0.0063 0.0123 0.0085 0.0042 0.0081 0.0106 0.0034 0.0074 0.0148 
      H535.7  1 0.0034 0.0028 0.0026 0.0051 0.9262 0.0022 0.0034 0.0036 0.0031 0.0029 0.0034 0.0031 0.0032 0.0035 0.0029 0.0026 0.0033 0.0029 0.0038 0.0037 0.0029 0.0031 0.0026 0.0037 
      H535.8  1 0.0037 0.0039 0.0031 0.0039 0.9101 0.0027 0.0048 0.0033 0.0030 0.0054 0.0026 0.0035 0.0043 0.0032 0.0040 0.0044 0.0052 0.0034 0.0036 0.0050 0.0037 0.0029 0.0034 0.0069 
      H535.9  1 0.0043 0.0060 0.0037 0.0046 0.8933 0.0050 0.0056 0.0060 0.0044 0.0062 0.0037 0.0047 0.0037 0.0036 0.0038 0.0030 0.0031 0.0054 0.0061 0.0048 0.0057 0.0034 0.0049 0.0050 
      H539.1  1 0.0035 0.9050 0.0027 0.0029 0.0028 0.0042 0.0032 0.0060 0.0035 0.0037 0.0052 0.0028 0.0049 0.0045 0.0041 0.0038 0.0029 0.0082 0.0039 0.0033 0.0060 0.0053 0.0038 0.0039 
      H539.2  1 0.0186 0.1549 0.0224 0.0047 0.0217 0.0686 0.0084 0.0197 0.0650 0.0146 0.0109 0.0051 0.0158 0.1034 0.3736 0.0148 0.0141 0.0063 0.0090 0.0070 0.0203 0.0058 0.0099 0.0056 
      H539.3  1 0.0060 0.6343 0.0074 0.0048 0.0192 0.0152 0.0064 0.0542 0.0108 0.0234 0.0170 0.0036 0.0042 0.0121 0.0206 0.0710 0.0139 0.0098 0.0093 0.0175 0.0105 0.0104 0.0046 0.0136 
      H539.4  1 0.0162 0.7843 0.0050 0.0054 0.0051 0.0270 0.0070 0.0045 0.0174 0.0132 0.0188 0.0065 0.0081 0.0120 0.0116 0.0052 0.0072 0.0043 0.0100 0.0044 0.0096 0.0075 0.0052 0.0047 
      H539.5  1 0.0046 0.8860 0.0038 0.0036 0.0052 0.0045 0.0067 0.0100 0.0028 0.0052 0.0057 0.0027 0.0034 0.0038 0.0079 0.0054 0.0032 0.0063 0.0028 0.0034 0.0046 0.0103 0.0036 0.0044 
      H539.6  1 0.0050 0.8111 0.0067 0.0038 0.0053 0.0192 0.0078 0.0085 0.0035 0.0166 0.0064 0.0038 0.0061 0.0045 0.0305 0.0095 0.0048 0.0045 0.0041 0.0065 0.0084 0.0127 0.0050 0.0057 
      H539.7  1 0.0053 0.8581 0.0039 0.0041 0.0044 0.0116 0.0044 0.0038 0.0076 0.0182 0.0043 0.0035 0.0046 0.0052 0.0082 0.0059 0.0069 0.0082 0.0048 0.0039 0.0066 0.0043 0.0064 0.0059 
      H539.8  1 0.0132 0.5583 0.0140 0.0066 0.0421 0.0404 0.0123 0.0110 0.0203 0.0258 0.0358 0.0043 0.0081 0.0080 0.0202 0.0509 0.0223 0.0170 0.0222 0.0107 0.0091 0.0049 0.0080 0.0346 
      H539.9  1 0.0059 0.8849 0.0042 0.0031 0.0037 0.0071 0.0042 0.0065 0.0060 0.0045 0.0075 0.0041 0.0042 0.0047 0.0051 0.0045 0.0046 0.0049 0.0051 0.0036 0.0055 0.0088 0.0033 0.0041 
      H540.1  1 0.0188 0.7288 0.0075 0.0063 0.0128 0.0104 0.0377 0.0156 0.0096 0.0207 0.0072 0.0123 0.0039 0.0208 0.0105 0.0075 0.0060 0.0161 0.0047 0.0116 0.0093 0.0096 0.0075 0.0048 
      H540.2  1 0.0148 0.8347 0.0025 0.0040 0.0042 0.0099 0.0133 0.0086 0.0047 0.0058 0.0039 0.0072 0.0057 0.0159 0.0085 0.0064 0.0058 0.0138 0.0030 0.0039 0.0055 0.0045 0.0052 0.0081 
      H540.3  1 0.0321 0.4162 0.0122 0.0124 0.0084 0.0076 0.0163 0.0057 0.0452 0.0122 0.1656 0.0070 0.0105 0.0092 0.0081 0.0314 0.0176 0.0414 0.0072 0.0081 0.0255 0.0049 0.0237 0.0718 
      H540.4  1 0.0218 0.6735 0.0081 0.0068 0.0094 0.0285 0.0214 0.0076 0.0199 0.0208 0.0044 0.0204 0.0066 0.0130 0.0299 0.0091 0.0118 0.0238 0.0064 0.0066 0.0065 0.0046 0.0293 0.0098 
      H540.5  1 0.0089 0.7917 0.0115 0.0096 0.0066 0.0048 0.0141 0.0074 0.0130 0.0052 0.0155 0.0091 0.0052 0.0166 0.0070 0.0073 0.0085 0.0132 0.0037 0.0048 0.0097 0.0070 0.0082 0.0113 
      H540.6  1 0.0197 0.6364 0.0259 0.0136 0.0119 0.0059 0.0345 0.0317 0.0150 0.0088 0.0093 0.0171 0.0069 0.0215 0.0168 0.0098 0.0130 0.0258 0.0039 0.0091 0.0181 0.0201 0.0124 0.0129 
      H540.7  1 0.0216 0.7724 0.0053 0.0135 0.0067 0.0189 0.0146 0.0048 0.0074 0.0093 0.0041 0.0105 0.0068 0.0216 0.0180 0.0038 0.0062 0.0145 0.0054 0.0044 0.0057 0.0079 0.0108 0.0056 
      H540.8  1 0.0411 0.4609 0.0030 0.0216 0.0088 0.0637 0.0166 0.0140 0.0104 0.0662 0.0059 0.0077 0.0075 0.0509 0.0799 0.0124 0.0095 0.0538 0.0052 0.0141 0.0152 0.0060 0.0114 0.0141 
     H9558.1  1 0.0036 0.8284 0.0044 0.0031 0.0113 0.0064 0.0034 0.0073 0.0069 0.0249 0.0063 0.0055 0.0055 0.0141 0.0140 0.0055 0.0060 0.0075 0.0046 0.0043 0.0085 0.0039 0.0040 0.0108 
     H9558.2  1 0.0054 0.7996 0.0057 0.0032 0.0173 0.0045 0.0059 0.0082 0.0058 0.0102 0.0079 0.0120 0.0074 0.0097 0.0183 0.0069 0.0156 0.0100 0.0091 0.0048 0.0093 0.0110 0.0039 0.0083 
     H9558.3  1 0.0076 0.7910 0.0061 0.0042 0.0106 0.0077 0.0096 0.0143 0.0044 0.0108 0.0089 0.0055 0.0126 0.0057 0.0099 0.0213 0.0044 0.0092 0.0181 0.0048 0.0067 0.0113 0.0041 0.0112 
     H9558.4  1 0.0052 0.8139 0.0037 0.0036 0.0130 0.0107 0.0060 0.0055 0.0075 0.0146 0.0056 0.0049 0.0061 0.0298 0.0240 0.0045 0.0085 0.0059 0.0055 0.0035 0.0051 0.0055 0.0031 0.0042 
     H9558.5  1 0.0215 0.7881 0.0052 0.0066 0.0099 0.0097 0.0072 0.0030 0.0139 0.0120 0.0118 0.0045 0.0091 0.0246 0.0111 0.0053 0.0148 0.0059 0.0108 0.0025 0.0053 0.0038 0.0046 0.0089 
     H9558.6  1 0.0465 0.7053 0.0042 0.0038 0.0083 0.0064 0.0059 0.0090 0.0052 0.0093 0.0086 0.0048 0.0077 0.0054 0.0069 0.0195 0.0060 0.0193 0.0104 0.0040 0.0246 0.0564 0.0065 0.0159 
    kos339.1  1 0.0057 0.0059 0.0043 0.8375 0.0085 0.0043 0.0143 0.0032 0.0082 0.0048 0.0044 0.0113 0.0104 0.0124 0.0085 0.0031 0.0062 0.0101 0.0043 0.0029 0.0052 0.0167 0.0033 0.0043 
    kos339.2  1 0.0062 0.0044 0.0065 0.8569 0.0086 0.0041 0.0060 0.0031 0.0047 0.0039 0.0062 0.0098 0.0087 0.0038 0.0122 0.0048 0.0046 0.0036 0.0061 0.0051 0.0039 0.0128 0.0072 0.0066 
    kos339.3  1 0.0052 0.0037 0.0028 0.9090 0.0053 0.0056 0.0036 0.0029 0.0041 0.0066 0.0028 0.0040 0.0051 0.0037 0.0046 0.0035 0.0032 0.0031 0.0028 0.0048 0.0037 0.0039 0.0030 0.0032 
    kos339.4  1 0.0043 0.0035 0.0045 0.9011 0.0051 0.0047 0.0038 0.0029 0.0037 0.0056 0.0040 0.0037 0.0068 0.0034 0.0056 0.0043 0.0041 0.0034 0.0039 0.0051 0.0038 0.0044 0.0040 0.0041 
    kos339.5  1 0.0046 0.0045 0.0041 0.8852 0.0040 0.0046 0.0126 0.0035 0.0043 0.0044 0.0030 0.0050 0.0056 0.0097 0.0046 0.0041 0.0045 0.0056 0.0039 0.0036 0.0045 0.0058 0.0037 0.0044 
    kos339.6  1 0.0067 0.0036 0.0037 0.9011 0.0035 0.0029 0.0050 0.0035 0.0039 0.0041 0.0050 0.0044 0.0059 0.0036 0.0048 0.0032 0.0031 0.0054 0.0032 0.0051 0.0038 0.0049 0.0047 0.0048 
    kos339.7  1 0.0044 0.0039 0.0031 0.8958 0.0144 0.0043 0.0040 0.0032 0.0035 0.0050 0.0032 0.0042 0.0061 0.0030 0.0077 0.0036 0.0030 0.0036 0.0035 0.0034 0.0042 0.0065 0.0032 0.0032 
    kos339.8  1 0.0067 0.0031 0.0055 0.8809 0.0058 0.0050 0.0058 0.0026 0.0047 0.0055 0.0043 0.0053 0.0130 0.0052 0.0057 0.0042 0.0055 0.0036 0.0060 0.0042 0.0040 0.0048 0.0042 0.0044 
    kos339.9  1 0.0049 0.0119 0.0042 0.8436 0.0053 0.0107 0.0092 0.0037 0.0033 0.0072 0.0051 0.0077 0.0060 0.0106 0.0093 0.0063 0.0032 0.0053 0.0053 0.0066 0.0106 0.0074 0.0068 0.0060 
      H008.1  2 0.0079 0.0235 0.0083 0.0064 0.0074 0.0135 0.0067 0.0060 0.0079 0.0231 0.0043 0.0077 0.0074 0.0103 0.2113 0.0054 0.0082 0.0157 0.0142 0.0058 0.0080 0.5748 0.0079 0.0085 
      H008.2  2 0.0190 0.0427 0.0370 0.0129 0.0173 0.0097 0.0146 0.0315 0.0109 0.0136 0.0434 0.0296 0.0077 0.1212 0.2731 0.0156 0.0138 0.0333 0.1709 0.0083 0.0152 0.0398 0.0057 0.0133 
      H008.3  2 0.0173 0.0114 0.0300 0.0071 0.0609 0.0199 0.0084 0.0399 0.0105 0.0910 0.0219 0.0257 0.0105 0.0225 0.4309 0.0360 0.0117 0.0225 0.0546 0.0088 0.0125 0.0165 0.0075 0.0220 
      H008.4  2 0.0111 0.0193 0.0129 0.0082 0.0221 0.0077 0.0118 0.0180 0.0093 0.0060 0.0376 0.0109 0.0246 0.0141 0.2484 0.0430 0.0220 0.0520 0.0281 0.0089 0.0129 0.3415 0.0081 0.0217 
      H008.5  2 0.0079 0.0102 0.0131 0.0091 0.0313 0.0151 0.0058 0.0183 0.0094 0.0144 0.0141 0.0069 0.0065 0.0126 0.1963 0.0642 0.0214 0.0124 0.0280 0.0085 0.0086 0.4618 0.0053 0.0187 
      H008.6  2 0.0170 0.0258 0.0073 0.0070 0.0239 0.0075 0.0109 0.0277 0.0070 0.0107 0.0620 0.0198 0.0183 0.0851 0.1649 0.0192 0.0157 0.1109 0.1969 0.0086 0.0182 0.1140 0.0041 0.0174 
      H008.7  2 0.0064 0.0215 0.0546 0.0110 0.0405 0.0095 0.0086 0.0131 0.0132 0.0209 0.0544 0.0133 0.0145 0.0360 0.1878 0.0437 0.0287 0.0737 0.0817 0.0070 0.0335 0.2019 0.0106 0.0138 
      H008.8  2 0.0071 0.1820 0.0153 0.0082 0.0204 0.0165 0.0086 0.0133 0.0101 0.0142 0.0065 0.0360 0.0067 0.0134 0.4688 0.0048 0.0072 0.0424 0.0097 0.0101 0.0166 0.0671 0.0060 0.0090 
      H008.9  2 0.0183 0.0118 0.0115 0.0075 0.0255 0.0162 0.0107 0.0205 0.0105 0.0182 0.1027 0.0568 0.0086 0.0358 0.0998 0.0371 0.0114 0.2798 0.1227 0.0200 0.0280 0.0139 0.0076 0.0249 
 H029.1_2002  2 0.0075 0.0241 0.0097 0.0037 0.0054 0.0059 0.0149 0.0055 0.0136 0.0071 0.0176 0.0138 0.0463 0.0098 0.0061 0.0868 0.0666 0.0164 0.0050 0.0047 0.0126 0.6037 0.0040 0.0092 
 H029.1_2003  2 0.0135 0.0084 0.0053 0.0055 0.0618 0.0070 0.0131 0.0075 0.0145 0.0318 0.0118 0.0261 0.0113 0.0137 0.0087 0.0249 0.5623 0.0279 0.0103 0.0087 0.0126 0.0188 0.0052 0.0892 
 H029.2_2002  2 0.0066 0.0082 0.0220 0.0328 0.1347 0.0072 0.0200 0.0083 0.0207 0.0122 0.0399 0.0088 0.0068 0.0165 0.0057 0.0073 0.1094 0.0064 0.0130 0.0255 0.0149 0.4340 0.0042 0.0347 
 H029.2_2003  2 0.0120 0.0054 0.0063 0.0182 0.1128 0.0079 0.0126 0.0105 0.0249 0.0183 0.0164 0.0181 0.0046 0.0352 0.0056 0.0065 0.5315 0.0056 0.0225 0.0108 0.0334 0.0516 0.0034 0.0261 
 H029.3_2002  2 0.0162 0.0090 0.0213 0.0307 0.2396 0.0082 0.0145 0.0127 0.0391 0.0106 0.1635 0.0613 0.0089 0.0086 0.0184 0.0073 0.1516 0.0067 0.0061 0.0232 0.0145 0.0812 0.0042 0.0426 
 H029.3_2003  2 0.0149 0.0064 0.0070 0.0078 0.0253 0.0067 0.0099 0.0055 0.0254 0.0153 0.0083 0.0154 0.0064 0.0171 0.0079 0.0143 0.4587 0.0063 0.0550 0.0064 0.0046 0.2457 0.0040 0.0258 
 H029.4_2002  2 0.0066 0.0046 0.0143 0.0068 0.0045 0.0088 0.0053 0.0034 0.0349 0.0090 0.0167 0.0112 0.0127 0.0055 0.0086 0.0127 0.1428 0.0052 0.0076 0.0193 0.0036 0.6433 0.0048 0.0076 
 H029.4_2003  2 0.0098 0.0259 0.0094 0.0064 0.0166 0.0153 0.0087 0.0073 0.1709 0.1472 0.0221 0.0155 0.0134 0.0083 0.0206 0.0601 0.3297 0.0096 0.0129 0.0058 0.0066 0.0579 0.0036 0.0162 
 H029.5_2002  2 0.0057 0.0068 0.0078 0.0039 0.0031 0.0054 0.0083 0.0035 0.0073 0.0064 0.0068 0.0068 0.0128 0.0057 0.0033 0.0376 0.0980 0.0081 0.0111 0.0051 0.0054 0.7186 0.0054 0.0170 
 H029.5_2003  2 0.0061 0.0063 0.0060 0.0045 0.0075 0.0132 0.0045 0.0039 0.0377 0.0303 0.0122 0.0141 0.0109 0.0296 0.0091 0.0160 0.5114 0.0086 0.0305 0.0059 0.0054 0.2073 0.0033 0.0159 
 H029.6_2002  2 0.0064 0.0040 0.0094 0.0057 0.0062 0.0065 0.0054 0.0049 0.0125 0.0051 0.0259 0.0232 0.0096 0.0042 0.0112 0.0089 0.7343 0.0063 0.0034 0.0113 0.0042 0.0745 0.0061 0.0107 
 H029.6_2003  2 0.0123 0.0111 0.0085 0.0343 0.0150 0.0100 0.0170 0.0078 0.0469 0.1807 0.0084 0.0365 0.0056 0.0185 0.0069 0.0144 0.0874 0.0132 0.0292 0.0130 0.0151 0.3506 0.0074 0.0503 
      H029.7  2 0.0041 0.0053 0.0138 0.0276 0.0130 0.0063 0.0122 0.0115 0.0348 0.0096 0.0307 0.0093 0.0044 0.0050 0.0068 0.0100 0.0756 0.0057 0.0071 0.0463 0.0131 0.6288 0.0033 0.0156 
      H030.1  2 0.3697 0.0046 0.0118 0.0115 0.0075 0.0378 0.1117 0.0100 0.0115 0.0104 0.0044 0.0131 0.0055 0.0455 0.0048 0.0339 0.1139 0.0147 0.0697 0.0133 0.0176 0.0412 0.0307 0.0050 
      H030.2  2 0.3320 0.0135 0.1537 0.0060 0.0127 0.0450 0.0095 0.0044 0.0054 0.0128 0.0421 0.0072 0.1638 0.0052 0.0244 0.0223 0.0148 0.0070 0.0199 0.0098 0.0097 0.0473 0.0281 0.0037 
      H038.1  2 0.0065 0.0089 0.0043 0.0047 0.0050 0.0037 0.0056 0.0073 0.0068 0.0072 0.0281 0.0075 0.0055 0.0052 0.0170 0.0050 0.0084 0.0085 0.0039 0.0064 0.0063 0.8283 0.0031 0.0070 
      H038.2  2 0.0050 0.0037 0.0056 0.0110 0.0077 0.0082 0.0094 0.0029 0.0048 0.0062 0.0059 0.0042 0.0101 0.0047 0.0056 0.0043 0.0087 0.0032 0.0066 0.0036 0.0121 0.8485 0.0133 0.0048 
      H038.3  2 0.0144 0.0154 0.0078 0.0083 0.0093 0.0076 0.0386 0.0038 0.0056 0.0040 0.0231 0.0062 0.0182 0.0056 0.0067 0.0052 0.0051 0.0068 0.0090 0.0098 0.0145 0.7577 0.0111 0.0061 
      H038.4  2 0.0044 0.0083 0.0059 0.0073 0.0060 0.0066 0.0158 0.0039 0.0048 0.0038 0.0211 0.0055 0.0137 0.0038 0.0064 0.0055 0.0047 0.0066 0.0086 0.0080 0.0089 0.8178 0.0148 0.0078 
      H038.5  2 0.0141 0.0114 0.0070 0.0163 0.0046 0.0172 0.0092 0.0034 0.0206 0.0107 0.0173 0.0104 0.0053 0.0073 0.0096 0.0058 0.0150 0.0063 0.0062 0.0085 0.0043 0.7727 0.0080 0.0088 
