      H105.1  1 0.1186 0.2661 0.6152 
      H105.2  1 0.5093 0.0562 0.4345 
      H105.3  1 0.0844 0.3255 0.5901 
      H105.4  1 0.2302 0.0730 0.6968 
      H105.5  1 0.0905 0.0721 0.8374 
      H105.6  1 0.1014 0.2756 0.6230 
      H105.7  1 0.2564 0.4776 0.2660 
      H105.8  1 0.0947 0.3885 0.5168 
      H115.1  1 0.1218 0.6382 0.2401 
      H115.2  1 0.1415 0.5083 0.3502 
      H115.3  1 0.0453 0.5391 0.4155 
      H115.4  1 0.2653 0.0684 0.6663 
      H115.5  1 0.0749 0.8786 0.0464 
      H115.6  1 0.1762 0.4053 0.4185 
      H115.7  1 0.5007 0.0509 0.4483 
      H115.8  1 0.0325 0.9292 0.0384 
      H115.9  1 0.0448 0.8799 0.0753 
      H145.1  1 0.0991 0.2807 0.6202 
      H145.2  1 0.1684 0.4393 0.3923 
      H145.3  1 0.5575 0.3625 0.0800 
      H145.4  1 0.4223 0.1834 0.3942 
      H145.5  1 0.2233 0.4634 0.3133 
      H145.6  1 0.6715 0.2201 0.1084 
      H145.7  1 0.8643 0.0487 0.0871 
      H149.1  1 0.0150 0.0256 0.9594 
      H149.2  1 0.0349 0.0155 0.9496 
      H149.3  1 0.0852 0.0488 0.8660 
      H149.4  1 0.0488 0.0251 0.9261 
      H149.5  1 0.1668 0.0125 0.8207 
      H149.6  1 0.0808 0.0130 0.9062 
      H149.7  1 0.3075 0.0375 0.6550 
      H150.1  1 0.0428 0.8733 0.0839 
      H150.2  1 0.0555 0.5697 0.3749 
      H150.3  1 0.1387 0.7119 0.1493 
      H150.4  1 0.0273 0.9518 0.0208 
      H150.5  1 0.3461 0.2367 0.4173 
      H150.6  1 0.2481 0.0713 0.6806 
      H150.7  1 0.0189 0.9436 0.0375 
   H169607.1  1 0.3360 0.2914 0.3726 
   H169607.2  1 0.0630 0.1345 0.8025 
   H169607.3  1 0.5789 0.1598 0.2613 
   H169607.4  1 0.0346 0.0458 0.9197 
   H169607.5  1 0.1015 0.1482 0.7504 
   H169607.6  1 0.0516 0.1020 0.8464 
   H169607.7  1 0.0623 0.1428 0.7950 
   H169607.8  1 0.0832 0.0897 0.8271 
   H169633.1  1 0.3373 0.2437 0.4190 
   H169633.2  1 0.3753 0.1372 0.4875 
   H169633.3  1 0.2745 0.1101 0.6154 
   H169633.4  1 0.0563 0.0963 0.8475 
   H169633.5  1 0.0628 0.1084 0.8288 
   H169688.1  1 0.9239 0.0324 0.0437 
   H169688.2  1 0.7409 0.1889 0.0702 
   H169688.3  1 0.9152 0.0327 0.0520 
   H169688.4  1 0.1185 0.8337 0.0479 
   H169688.5  1 0.1121 0.8255 0.0624 
   H169688.6  1 0.6531 0.2283 0.1186 
   H169688.7  1 0.7282 0.1529 0.1189 
   H171901.1  1 0.6446 0.2695 0.0858 
   H171901.2  1 0.0380 0.0792 0.8828 
   H171901.3  1 0.0837 0.0404 0.8760 
   H171901.4  1 0.0254 0.0283 0.9463 
   H171901.5  1 0.0217 0.0162 0.9621 
   H171901.6  1 0.0236 0.0201 0.9564 
   H171901.7  1 0.0380 0.0403 0.9217 
   H171902.1  1 0.0256 0.2099 0.7645 
  H171902.10  1 0.0143 0.0135 0.9723 
   H171902.2  1 0.2153 0.3208 0.4639 
   H171902.3  1 0.0222 0.0198 0.9580 
   H171902.4  1 0.0604 0.0839 0.8557 
   H171902.6  1 0.0148 0.0195 0.9657 
   H171902.7  1 0.0182 0.0464 0.9355 
   H171902.8  1 0.0160 0.0222 0.9618 
   H171902.9  1 0.0705 0.3107 0.6188 
   H171903.1  1 0.1269 0.1401 0.7329 
   H171903.2  1 0.0777 0.4154 0.5070 
   H171903.3  1 0.1295 0.1381 0.7324 
   H171903.4  1 0.6235 0.0477 0.3287 
   H171903.5  1 0.0726 0.2277 0.6996 
   H171903.6  1 0.0947 0.0638 0.8415 
      H177.1  1 0.1617 0.0326 0.8057 
      H177.2  1 0.0595 0.1363 0.8042 
      H177.3  1 0.0278 0.0330 0.9392 
      H177.4  1 0.1920 0.0251 0.7829 
      H177.5  1 0.8067 0.0455 0.1477 
      H177.6  1 0.0224 0.0521 0.9255 
      H179.1  1 0.1839 0.1394 0.6767 
      H179.2  1 0.1687 0.0919 0.7393 
      H179.3  1 0.3122 0.4455 0.2423 
      H179.4  1 0.0620 0.0335 0.9045 
      H180.1  1 0.1953 0.0315 0.7732 
      H180.2  1 0.2207 0.0848 0.6945 
      H180.3  1 0.1999 0.3048 0.4952 
      H180.4  1 0.4323 0.1029 0.4648 
      H180.5  1 0.1207 0.3673 0.5120 
      H180.6  1 0.0336 0.8904 0.0760 
      H181.1  1 0.0866 0.0520 0.8614 
      H181.2  1 0.1548 0.0490 0.7963 
      H181.3  1 0.1580 0.1292 0.7128 
      H181.4  1 0.2396 0.0659 0.6945 
      H181.5  1 0.3431 0.1647 0.4921 
      H181.6  1 0.1243 0.0718 0.8039 
      H181.7  1 0.0385 0.2306 0.7310 
 H194.1_2004  1 0.2816 0.4030 0.3155 
 H194.2_2004  1 0.7241 0.0592 0.2167 
 H194.3_2004  1 0.1488 0.1614 0.6898 
 H194.4_2004  1 0.4967 0.0682 0.4351 
 H194.5_2004  1 0.1809 0.1280 0.6912 
 H194.6_2004  1 0.5292 0.0532 0.4176 
 H194.7_2004  1 0.4336 0.5035 0.0629 
 H194.8_2004  1 0.7344 0.0473 0.2183 
      H194.9  1 0.2949 0.6241 0.0810 
 H195.1_2003  1 0.3161 0.0276 0.6563 
 H195.1_2004  1 0.5014 0.1166 0.3820 
 H195.2_2003  1 0.2040 0.4685 0.3275 
 H195.2_2004  1 0.8696 0.0673 0.0630 
 H195.3_2003  1 0.3505 0.2627 0.3868 
 H195.3_2004  1 0.3496 0.0391 0.6113 
 H195.4_2003  1 0.4348 0.0235 0.5416 
 H195.4_2004  1 0.9406 0.0380 0.0214 
 H195.5_2003  1 0.4694 0.0273 0.5033 
 H195.5_2004  1 0.8271 0.0473 0.1257 
 H195.6_2003  1 0.4807 0.1538 0.3655 
 H195.6_2004  1 0.6437 0.0396 0.3167 
 H195.7_2003  1 0.9013 0.0256 0.0731 
 H195.7_2004  1 0.4794 0.3536 0.1670 
      H195.8  1 0.8952 0.0657 0.0391 
      H195.9  1 0.5771 0.0996 0.3232 
      H415.1  1 0.0844 0.7237 0.1918 
      H415.2  1 0.0185 0.0473 0.9342 
      H415.3  1 0.0813 0.0786 0.8401 
      H415.4  1 0.1378 0.1256 0.7366 
      H415.5  1 0.0452 0.0342 0.9206 
      H415.6  1 0.1230 0.1314 0.7455 
      H415.7  1 0.0394 0.0672 0.8934 
      H506.1  1 0.0242 0.0502 0.9256 
      H506.2  1 0.0175 0.0182 0.9642 
      H506.3  1 0.0543 0.5274 0.4183 
      H506.4  1 0.0498 0.1813 0.7689 
      H506.5  1 0.0152 0.0513 0.9335 
      H506.6  1 0.0753 0.4802 0.4444 
      H506.7  1 0.0238 0.0504 0.9258 
      H533.1  1 0.0204 0.0262 0.9533 
      H533.2  1 0.0178 0.0379 0.9443 
      H533.3  1 0.0267 0.0586 0.9148 
      H533.4  1 0.0298 0.0390 0.9312 
      H535.1  1 0.0187 0.0292 0.9520 
      H535.2  1 0.0905 0.0512 0.8582 
      H535.3  1 0.1130 0.1996 0.6874 
      H535.4  1 0.0270 0.0126 0.9604 
      H535.5  1 0.0161 0.0138 0.9700 
      H535.6  1 0.1125 0.0499 0.8377 
      H535.7  1 0.0117 0.0341 0.9542 
      H535.8  1 0.0515 0.0686 0.8799 
      H535.9  1 0.0141 0.0399 0.9460 
      H539.1  1 0.0144 0.9678 0.0178 
      H539.2  1 0.0954 0.5480 0.3566 
      H539.3  1 0.0328 0.9397 0.0276 
      H539.4  1 0.0129 0.9631 0.0241 
      H539.5  1 0.0132 0.9720 0.0148 
      H539.6  1 0.0182 0.9472 0.0346 
      H539.7  1 0.0383 0.9078 0.0539 
      H539.8  1 0.0608 0.9011 0.0381 
      H539.9  1 0.0117 0.9759 0.0124 
      H540.1  1 0.0268 0.7924 0.1808 
      H540.2  1 0.0470 0.7527 0.2003 
      H540.3  1 0.1890 0.6604 0.1506 
      H540.4  1 0.1166 0.3878 0.4956 
      H540.5  1 0.0233 0.9136 0.0630 
      H540.6  1 0.0483 0.8336 0.1182 
      H540.7  1 0.0443 0.7263 0.2295 
      H540.8  1 0.0530 0.1368 0.8102 
     H9558.1  1 0.0339 0.8420 0.1241 
     H9558.2  1 0.0201 0.9533 0.0266 
     H9558.3  1 0.0118 0.9691 0.0191 
     H9558.4  1 0.0212 0.8145 0.1643 
     H9558.5  1 0.0299 0.8510 0.1191 
     H9558.6  1 0.0255 0.9394 0.0351 
    kos339.1  1 0.0222 0.0346 0.9432 
    kos339.2  1 0.0719 0.1035 0.8247 
    kos339.3  1 0.0165 0.0192 0.9643 
    kos339.4  1 0.0441 0.0259 0.9300 
    kos339.5  1 0.0227 0.0165 0.9608 
    kos339.6  1 0.0418 0.0264 0.9318 
    kos339.7  1 0.0145 0.0232 0.9624 
    kos339.8  1 0.0190 0.0206 0.9603 
    kos339.9  1 0.0180 0.0259 0.9561 
      H008.1  2 0.0160 0.9657 0.0183 
      H008.2  2 0.0197 0.8834 0.0969 
      H008.3  2 0.1948 0.5359 0.2693 
      H008.4  2 0.0196 0.9580 0.0223 
      H008.5  2 0.0270 0.9393 0.0337 
      H008.6  2 0.0253 0.9178 0.0569 
      H008.7  2 0.0241 0.9385 0.0373 
      H008.8  2 0.0182 0.9466 0.0352 
      H008.9  2 0.0612 0.7383 0.2005 
 H029.1_2002  2 0.0207 0.9657 0.0136 
 H029.1_2003  2 0.1186 0.8354 0.0459 
 H029.2_2002  2 0.0568 0.8416 0.1016 
 H029.2_2003  2 0.0741 0.7980 0.1279 
 H029.3_2002  2 0.1807 0.7075 0.1118 
 H029.3_2003  2 0.1337 0.8211 0.0451 
 H029.4_2002  2 0.0552 0.9325 0.0123 
 H029.4_2003  2 0.1113 0.8592 0.0295 
 H029.5_2002  2 0.0395 0.9481 0.0124 
 H029.5_2003  2 0.0296 0.9463 0.0241 
 H029.6_2002  2 0.1958 0.7863 0.0179 
 H029.6_2003  2 0.1102 0.6199 0.2698 
      H029.7  2 0.0291 0.9388 0.0321 
      H030.1  2 0.8610 0.0534 0.0856 
      H030.2  2 0.4196 0.5445 0.0359 
      H038.1  2 0.0211 0.9636 0.0153 
      H038.2  2 0.0217 0.9496 0.0287 
      H038.3  2 0.0250 0.9403 0.0346 
      H038.4  2 0.0226 0.9503 0.0271 
      H038.5  2 0.0375 0.9172 0.0453 
      H038.6  2 0.0135 0.9648 0.0218 
      H038.7  2 0.0130 0.9648 0.0222 
      H038.8  2 0.0503 0.9298 0.0199 
      H041.1  2 0.3688 0.6132 0.0180 
      H041.2  2 0.3899 0.5796 0.0304 
      H041.4  2 0.1517 0.8253 0.0231 
      H041.6  2 0.2170 0.7583 0.0247 
 H042.1_2002  2 0.9215 0.0346 0.0440 
 H042.1_2003  2 0.0668 0.8401 0.0931 
 H042.2_2002  2 0.3716 0.6001 0.0283 
 H042.2_2003  2 0.3519 0.5408 0.1072 
 H042.3_2002  2 0.9027 0.0533 0.0440 
 H042.3_2003  2 0.4352 0.5108 0.0541 
 H042.4_2002  2 0.8915 0.0744 0.0341 
 H042.4_2003  2 0.6633 0.2726 0.0640 
      H042.5  2 0.9637 0.0150 0.0214 
      H042.6  2 0.8788 0.0943 0.0269 
      H042.7  2 0.9276 0.0383 0.0341 
      H042.8  2 0.9381 0.0416 0.0202 
   H042_2002  2 0.0557 0.8770 0.0673 
   H042_2003  2 0.0596 0.8738 0.0667 
      H043.1  2 0.0142 0.9613 0.0245 
      H043.2  2 0.0189 0.9590 0.0220 
      H043.3  2 0.0158 0.9469 0.0373 
      H043.4  2 0.0166 0.9601 0.0233 
      H043.5  2 0.0116 0.9763 0.0120 
      H043.6  2 0.0140 0.9698 0.0162 
      H043.7  2 0.0208 0.9376 0.0416 
      H043.8  2 0.0446 0.8181 0.1373 
      H043.9  2 0.0149 0.9638 0.0213 
      H047.1  2 0.0140 0.9537 0.0323 
      H047.2  2 0.0391 0.7751 0.1858 
      H047.3  2 0.1071 0.7629 0.1301 
      H047.4  2 0.1734 0.6924 0.1341 
      H047.5  2 0.0940 0.7507 0.1554 
      H047.6  2 0.0831 0.8796 0.0373 
      H047.7  2 0.0295 0.9385 0.0320 
      H047.8  2 0.0663 0.8564 0.0773 
      H047.9  2 0.0473 0.6782 0.2745 
 H071.1_2002  2 0.0165 0.9563 0.0272 
 H071.1_2003  2 0.0583 0.9024 0.0393 
     H071.10  2 0.0558 0.9263 0.0179 
 H071.2_2002  2 0.0133 0.9663 0.0204 
 H071.2_2003  2 0.0125 0.9736 0.0139 
      H071.3  2 0.0395 0.9272 0.0332 
 H071.4_2002  2 0.0363 0.9151 0.0487 
 H071.4_2003  2 0.0170 0.9592 0.0238 
 H071.5_2002  2 0.0231 0.9635 0.0134 
 H071.5_2003  2 0.0253 0.9348 0.0400 
 H071.6_2002  2 0.0208 0.9609 0.0183 
 H071.6_2003  2 0.0310 0.9440 0.0249 
 H071.7_2002  2 0.0119 0.9751 0.0130 
 H071.7_2003  2 0.0292 0.9298 0.0409 
      H071.8  2 0.0141 0.9729 0.0130 
      H071.9  2 0.1098 0.8625 0.0277 
 H081.1_2002  2 0.0146 0.9721 0.0133 
 H081.1_2003  2 0.1395 0.7571 0.1034 
 H081.2_2002  2 0.0184 0.9654 0.0162 
 H081.2_2003  2 0.7463 0.2115 0.0421 
 H081.3_2002  2 0.0274 0.9428 0.0297 
 H081.3_2003  2 0.1882 0.6117 0.2000 
 H081.4_2002  2 0.0527 0.8987 0.0486 
 H081.4_2003  2 0.4524 0.2830 0.2646 
 H081.5_2002  2 0.0477 0.9351 0.0172 
 H081.5_2003  2 0.3072 0.5434 0.1494 
      H081.6  2 0.0167 0.9622 0.0211 
      H081.7  2 0.0412 0.9280 0.0308 
      H081.8  2 0.2122 0.7290 0.0587 
      H083.1  2 0.0512 0.9317 0.0171 
      H083.2  2 0.0300 0.9528 0.0173 
      H083.4  2 0.0314 0.9511 0.0174 
      H083.5  2 0.0356 0.9490 0.0153 
      H083.6  2 0.0849 0.8711 0.0440 
      H083.7  2 0.0424 0.9319 0.0257 
      H083.8  2 0.0246 0.9499 0.0255 
      H083.9  2 0.0403 0.9420 0.0177 
      H084.1  2 0.9207 0.0578 0.0215 
      H084.2  2 0.7634 0.1751 0.0615 
      H084.3  2 0.8581 0.0900 0.0520 
      H084.4  2 0.7161 0.2282 0.0557 
      H084.5  2 0.9185 0.0510 0.0305 
      H084.6  2 0.8755 0.0901 0.0345 
      H084.7  2 0.9231 0.0500 0.0269 
      H084.8  2 0.9576 0.0222 0.0202 
 H085.1_2002  2 0.1572 0.8060 0.0368 
 H085.1_2003  2 0.1350 0.8351 0.0299 
 H085.2_2002  2 0.6000 0.3446 0.0554 
 H085.2_2003  2 0.1265 0.7881 0.0854 
 H085.3_2002  2 0.4356 0.5146 0.0497 
 H085.3_2003  2 0.0515 0.9219 0.0266 
 H085.4_2002  2 0.1683 0.7936 0.0381 
 H085.4_2003  2 0.2077 0.7621 0.0302 
 H085.5_2002  2 0.1465 0.7964 0.0571 
 H085.5_2003  2 0.0810 0.8896 0.0294 
 H085.6_2002  2 0.2703 0.6636 0.0661 
 H085.6_2003  2 0.2588 0.5892 0.1520 
 H085.7_2002  2 0.4133 0.4635 0.1233 
 H085.7_2003  2 0.0293 0.9492 0.0215 
 H085.8_2002  2 0.3200 0.6027 0.0773 
 H085.8_2003  2 0.6445 0.2732 0.0822 
      H085.9  2 0.1527 0.8204 0.0269 
      H088.1  2 0.9346 0.0306 0.0348 
      H088.2  2 0.9286 0.0208 0.0506 
      H088.3  2 0.9541 0.0176 0.0283 
      H088.4  2 0.8954 0.0589 0.0456 
      H088.5  2 0.9638 0.0194 0.0168 
      H088.6  2 0.9497 0.0298 0.0205 
      H088.7  2 0.6859 0.2558 0.0583 
      H088.8  2 0.6623 0.2609 0.0768 
      H091.1  2 0.9030 0.0644 0.0326 
      H091.2  2 0.9168 0.0591 0.0241 
      H109.1  2 0.3504 0.6002 0.0494 
      H109.2  2 0.5809 0.3432 0.0759 
      H109.3  2 0.5592 0.3020 0.1388 
      H109.4  2 0.4753 0.4430 0.0817 
      H109.5  2 0.6862 0.2193 0.0945 
      H109.6  2 0.3679 0.3926 0.2395 
      H126.1  2 0.1140 0.5547 0.3313 
      H126.2  2 0.0241 0.9486 0.0272 
      H126.3  2 0.0262 0.9545 0.0193 
      H126.4  2 0.0311 0.8369 0.1320 
      H126.5  2 0.0217 0.7099 0.2684 
      H126.6  2 0.0186 0.9514 0.0300 
      H126.7  2 0.0711 0.8825 0.0465 
      H130.1  2 0.3314 0.1464 0.5222 
      H130.2  2 0.6558 0.2361 0.1081 
      H130.3  2 0.2124 0.1249 0.6627 
      H130.4  2 0.1530 0.1648 0.6822 
      H130.5  2 0.7747 0.1582 0.0671 
      H133.1  2 0.1364 0.7878 0.0758 
      H133.2  2 0.1694 0.5289 0.3017 
      H133.3  2 0.1737 0.7412 0.0851 
      H133.4  2 0.0472 0.7681 0.1846 
      H133.5  2 0.1172 0.5753 0.3075 
      H133.6  2 0.3760 0.4274 0.1966 
      H133.7  2 0.0811 0.8332 0.0857 
      H133.8  2 0.1263 0.7645 0.1092 
      H133.9  2 0.1781 0.6887 0.1332 
      H147.1  2 0.3419 0.6332 0.0250 
      H147.2  2 0.0267 0.9586 0.0147 
      H147.3  2 0.0298 0.9435 0.0267 
      H147.4  2 0.0294 0.9552 0.0154 
      H147.5  2 0.4827 0.4803 0.0370 
      H147.6  2 0.5685 0.3597 0.0719 
      H147.7  2 0.0510 0.9164 0.0326 
      H147.8  2 0.1361 0.8469 0.0171 
      H147.9  2 0.0267 0.9554 0.0179 
      H148.1  2 0.4368 0.3281 0.2351 
      H148.2  2 0.5014 0.3768 0.1219 
      H148.3  2 0.4748 0.4014 0.1238 
      H148.4  2 0.2874 0.3062 0.4064 
      H148.5  2 0.7010 0.1300 0.1690 
      H148.6  2 0.5766 0.2667 0.1567 
      H148.7  2 0.6948 0.1035 0.2017 
      H148.8  2 0.6359 0.1540 0.2101 
      H148.9  2 0.3547 0.3270 0.3184 
   H166022.1  2 0.9650 0.0235 0.0115 
   H166022.2  2 0.9015 0.0473 0.0512 
   H166022.3  2 0.9557 0.0115 0.0328 
   H166022.4  2 0.9580 0.0124 0.0296 
   H166022.5  2 0.9364 0.0199 0.0436 
   H166022.6  2 0.9429 0.0300 0.0271 
   H166022.7  2 0.0163 0.4850 0.4987 
   H166022.8  2 0.6980 0.0929 0.2091 
   H167397.1  2 0.0507 0.9317 0.0176 
   H167397.2  2 0.0458 0.7971 0.1571 
   H167397.3  2 0.0159 0.9623 0.0219 
   H167397.4  2 0.2283 0.6835 0.0882 
   H167397.5  2 0.0347 0.9367 0.0286 
   H167397.6  2 0.0433 0.9354 0.0213 
   H167496.1  2 0.7585 0.0372 0.2043 
   H167496.2  2 0.3864 0.2733 0.3403 
   H167496.3  2 0.6418 0.1425 0.2157 
   H167496.4  2 0.9588 0.0224 0.0189 
   H167496.6  2 0.8234 0.0764 0.1002 
   H167496.7  2 0.5031 0.0416 0.4552 
   H167496.8  2 0.8752 0.0759 0.0489 
   H167513.1  2 0.2371 0.4832 0.2797 
   H167513.2  2 0.3678 0.4244 0.2078 
   H167513.3  2 0.3341 0.1333 0.5326 
   H167513.4  2 0.7717 0.1174 0.1108 
   H167513.5  2 0.1662 0.7654 0.0683 
   H167513.6  2 0.2857 0.5591 0.1552 
   H167513.7  2 0.1728 0.6533 0.1739 
   H167513.8  2 0.0744 0.7060 0.2196 
   H167547.1  2 0.5601 0.0954 0.3446 
   H167547.2  2 0.8887 0.0634 0.0478 
   H167547.3  2 0.8900 0.0734 0.0366 
   H167547.4  2 0.8310 0.1219 0.0471 
   H167547.5  2 0.9641 0.0211 0.0148 
   H167547.6  2 0.9611 0.0247 0.0142 
   H167547.7  2 0.1986 0.2160 0.5854 
   H169750.1  2 0.2308 0.1164 0.6528 
   H169750.2  2 0.1288 0.5771 0.2940 
   H169750.3  2 0.2763 0.0755 0.6482 
   H169750.4  2 0.0517 0.4642 0.4841 
   H169750.5  2 0.3217 0.4203 0.2580 
   H169750.6  2 0.1979 0.7143 0.0878 
   H169750.7  2 0.0730 0.1708 0.7562 
   H171929.1  2 0.1163 0.8430 0.0407 
  H171929.10  2 0.4362 0.4915 0.0722 
  H171929.11  2 0.0728 0.8400 0.0872 
   H171929.2  2 0.3875 0.3571 0.2554 
   H171929.3  2 0.2385 0.6560 0.1055 
   H171929.4  2 0.4964 0.1860 0.3176 
   H171929.5  2 0.2397 0.4399 0.3204 
   H171929.6  2 0.0818 0.7005 0.2177 
   H171929.7  2 0.1673 0.6014 0.2314 
   H171929.8  2 0.1672 0.5902 0.2426 
   H171929.9  2 0.3837 0.3776 0.2386 
   H171930.1  2 0.2587 0.3033 0.4380 
   H171930.2  2 0.7712 0.1154 0.1135 
   H171930.3  2 0.4840 0.1798 0.3362 
   H171930.4  2 0.7990 0.0360 0.1651 
   H171930.5  2 0.2606 0.4938 0.2456 
   H171930.6  2 0.5671 0.1701 0.2627 
   H171930.7  2 0.2953 0.3036 0.4011 
   H171930.8  2 0.3289 0.2959 0.3751 
   H171933.1  2 0.9598 0.0214 0.0187 
   H171933.2  2 0.8797 0.0961 0.0242 
   H171933.3  2 0.9560 0.0193 0.0247 
   H171933.4  2 0.6570 0.0259 0.3171 
   H171933.5  2 0.4118 0.0393 0.5489 
   H171933.6  2 0.9246 0.0498 0.0256 
   H171933.7  2 0.8762 0.0912 0.0326 
   H171933.8  2 0.7248 0.1544 0.1208 
   H171933.9  2 0.9352 0.0195 0.0452 
      H190.1  2 0.5909 0.0336 0.3754 
      H190.2  2 0.5469 0.3212 0.1318 
      H190.3  2 0.6523 0.1809 0.1668 
      H190.4  2 0.7891 0.0282 0.1827 
      H190.5  2 0.4210 0.4168 0.1621 
      H190.6  2 0.7436 0.0345 0.2220 
      H190.7  2 0.5251 0.0726 0.4023 
      H190.8  2 0.3871 0.1908 0.4221 
      H190.9  2 0.5612 0.1736 0.2652 
      H400.1  2 0.9241 0.0430 0.0330 
      H400.2  2 0.9021 0.0824 0.0155 
      H400.3  2 0.9025 0.0512 0.0463 
      H400.4  2 0.9602 0.0210 0.0188 
      H400.5  2 0.9036 0.0599 0.0365 
      H400.6  2 0.9596 0.0242 0.0162 
      H400.7  2 0.9717 0.0132 0.0151 
 H428.1_2005  2 0.8054 0.1315 0.0630 
 H428.1_2006  2 0.8666 0.0931 0.0403 
 H428.2_2005  2 0.9221 0.0474 0.0305 
 H428.2_2006  2 0.8926 0.0887 0.0187 
 H428.3_2005  2 0.9172 0.0278 0.0551 
 H428.3_2006  2 0.6772 0.2928 0.0300 
 H428.4_2005  2 0.9537 0.0163 0.0300 
 H428.4_2006  2 0.9478 0.0356 0.0166 
 H428.5_2005  2 0.8941 0.0931 0.0128 
 H428.6_2005  2 0.7049 0.0809 0.2142 
 H428.6_2006  2 0.8660 0.0812 0.0528 
      H428.7  2 0.9590 0.0288 0.0121 
      H428.8  2 0.8968 0.0706 0.0326 
      H428.9  2 0.9254 0.0607 0.0138 
      H453.1  2 0.8879 0.0643 0.0478 
      H453.2  2 0.9529 0.0184 0.0287 
      H453.3  2 0.9644 0.0159 0.0197 
      H453.4  2 0.9643 0.0154 0.0203 
      H453.5  2 0.9553 0.0243 0.0204 
      H453.6  2 0.9641 0.0232 0.0127 
      H453.7  2 0.5442 0.2019 0.2539 
      H453.8  2 0.7529 0.1001 0.1470 
      H453.9  2 0.4780 0.4752 0.0468 
      H512.1  2 0.9490 0.0208 0.0302 
     H512.10  2 0.6719 0.1611 0.1670 
      H512.2  2 0.8047 0.0376 0.1577 
      H512.3  2 0.4233 0.0580 0.5187 
      H512.4  2 0.7383 0.1997 0.0620 
      H512.5  2 0.1441 0.0546 0.8013 
      H512.6  2 0.5239 0.0369 0.4391 
      H512.7  2 0.3039 0.0554 0.6407 
      H512.8  2 0.7826 0.0278 0.1896 
      H512.9  2 0.4130 0.0620 0.5250 
      H513.1  2 0.8417 0.1437 0.0147 
      H513.2  2 0.8393 0.1452 0.0155 
      H513.3  2 0.9262 0.0493 0.0245 
      H513.4  2 0.9349 0.0419 0.0232 
      H513.5  2 0.8820 0.0899 0.0280 
      H513.6  2 0.4929 0.4816 0.0255 
      H532.1  2 0.1020 0.7294 0.1685 
      H532.2  2 0.8938 0.0701 0.0361 
      H532.3  2 0.8439 0.0819 0.0743 
      H532.4  2 0.0861 0.8624 0.0515 
      H532.5  2 0.5101 0.3401 0.1499 
      H532.6  2 0.2991 0.6246 0.0762 
      H532.7  2 0.1159 0.8292 0.0549 
      H532.8  2 0.1196 0.7337 0.1466 
      H543.1  2 0.0291 0.9464 0.0245 
      H543.2  2 0.4920 0.4647 0.0433 
      H543.3  2 0.0368 0.9344 0.0289 
      H543.4  2 0.0222 0.9503 0.0275 
      H543.5  2 0.0197 0.9642 0.0160 
      H543.6  2 0.0372 0.9397 0.0232 
      H543.7  2 0.0139 0.9719 0.0142 
      H543.8  2 0.0496 0.9280 0.0223 
      H543.9  2 0.0548 0.9200 0.0252 
 H545.1_2005  2 0.0089 0.9790 0.0121 
 H545.1_2006  2 0.0135 0.9717 0.0148 
 H545.2_2005  2 0.0181 0.9445 0.0374 
 H545.2_2006  2 0.0190 0.9641 0.0169 
 H545.3_2005  2 0.0373 0.8428 0.1199 
 H545.3_2006  2 0.0073 0.9841 0.0087 
 H545.4_2005  2 0.0183 0.9373 0.0444 
 H545.4_2006  2 0.0118 0.9721 0.0161 
 H545.5_2005  2 0.0101 0.9773 0.0125 
 H545.5_2006  2 0.0487 0.8983 0.0531 
 H545.6_2005  2 0.0094 0.9777 0.0129 
 H545.6_2006  2 0.0208 0.9582 0.0210 
 H545.7_2005  2 0.0150 0.9697 0.0153 
 H545.7_2006  2 0.0129 0.9719 0.0151 
 H545.8_2005  2 0.0246 0.9570 0.0183 
 H545.8_2006  2 0.0134 0.9677 0.0189 
      H545.9  2 0.0230 0.9279 0.0491 
      H547.1  2 0.9543 0.0199 0.0258 
      H547.2  2 0.9472 0.0369 0.0159 
      H547.3  2 0.7978 0.0304 0.1718 
      H547.4  2 0.6497 0.2662 0.0841 
      H547.5  2 0.9762 0.0102 0.0136 
      H547.6  2 0.9664 0.0228 0.0108 
      H547.7  2 0.9032 0.0516 0.0452 
      H547.8  2 0.9568 0.0166 0.0265 
      H548.1  2 0.0157 0.9616 0.0227 
      H548.2  2 0.0216 0.9277 0.0506 
      H548.3  2 0.0227 0.9573 0.0200 
      H548.4  2 0.0188 0.9350 0.0462 
      H548.5  2 0.0108 0.9741 0.0150 
      H548.6  2 0.0103 0.9607 0.0289 
      H548.7  2 0.0222 0.9586 0.0192 
      H548.8  2 0.0139 0.9709 0.0152 
      H548.9  2 0.0207 0.9496 0.0297 
     H7389.1  2 0.9102 0.0479 0.0419 
     H7389.2  2 0.8503 0.1376 0.0121 
     H7389.3  2 0.9342 0.0515 0.0144 
     H7389.4  2 0.2677 0.7072 0.0251 
     H7389.5  2 0.5167 0.4088 0.0746 
     H7389.6  2 0.4229 0.1694 0.4076 
     H7389.7  2 0.8217 0.1308 0.0475 
     H7389.8  2 0.1458 0.8099 0.0443 
     H7389.9  2 0.4065 0.5533 0.0402 
      H747.1  2 0.2925 0.0422 0.6653 
      H747.2  2 0.0525 0.0519 0.8956 
      H747.3  2 0.0657 0.0202 0.9142 
      H747.4  2 0.2527 0.0798 0.6675 
      H747.5  2 0.0456 0.0182 0.9362 
      H747.6  2 0.3536 0.1958 0.4507 
      H747.7  2 0.0605 0.0406 0.8989 
     H7484.1  2 0.1997 0.7208 0.0794 
     H7484.2  2 0.2176 0.7243 0.0581 
     H7484.3  2 0.1271 0.7877 0.0852 
     H7484.4  2 0.3112 0.5409 0.1480 
     H7484.5  2 0.1888 0.7234 0.0879 
     H7484.6  2 0.1326 0.1163 0.7511 
     H7484.7  2 0.0522 0.3442 0.6036 
     H7484.8  2 0.5370 0.2945 0.1685 
     H7485.1  2 0.0239 0.9406 0.0355 
     H7485.2  2 0.0179 0.9660 0.0161 
     H7485.3  2 0.0097 0.9780 0.0123 
     H7485.4  2 0.0116 0.9761 0.0122 
     H7485.5  2 0.0126 0.9728 0.0146 
     H7485.6  2 0.0226 0.9474 0.0301 
     H7485.7  2 0.0123 0.9694 0.0184 
     H7496.1  2 0.7987 0.0800 0.1212 
    H7496.10  2 0.9603 0.0260 0.0136 
    H7496.11  2 0.0236 0.9571 0.0192 
     H7496.2  2 0.9165 0.0348 0.0487 
     H7496.3  2 0.3436 0.5381 0.1183 
     H7496.4  2 0.9566 0.0181 0.0252 
     H7496.5  2 0.8954 0.0410 0.0636 
     H7496.6  2 0.8829 0.0265 0.0907 
     H7496.7  2 0.9595 0.0226 0.0179 
     H7496.8  2 0.8251 0.0902 0.0847 
        UNK4  2 0.4298 0.4060 0.1642 
        UNK5  2 0.3824 0.5925 0.0251 
        UNK6  2 0.7115 0.2022 0.0863 
        UNK7  2 0.4263 0.5502 0.0235 
        UNK8  2 0.2126 0.7697 0.0177 
        UNK9  2 0.1849 0.7853 0.0298 
      H009.1  4 0.0310 0.0404 0.9286 
      H009.2  4 0.0186 0.0223 0.9591 
      H009.3  4 0.0324 0.0420 0.9256 
      H009.4  4 0.0222 0.0280 0.9498 
      H009.5  4 0.0297 0.0649 0.9054 
      H009.6  4 0.1138 0.1502 0.7359 
      H046.4  4 0.1254 0.5389 0.3357 
      H046.8  4 0.1957 0.1945 0.6098 
 H076.1_2002  4 0.9772 0.0131 0.0097 
 H076.1_2003  4 0.9731 0.0123 0.0146 
 H076.1_2004  4 0.9675 0.0182 0.0143 
 H076.2_2002  4 0.9762 0.0125 0.0113 
 H076.2_2003  4 0.9750 0.0127 0.0123 
 H076.2_2004  4 0.8170 0.0281 0.1550 
 H076.3_2002  4 0.2881 0.0191 0.6928 
 H076.3_2003  4 0.9569 0.0268 0.0162 
 H076.3_2004  4 0.9635 0.0193 0.0172 
 H076.4_2002  4 0.8508 0.0244 0.1247 
 H076.4_2003  4 0.9495 0.0177 0.0328 
 H076.4_2004  4 0.5691 0.0258 0.4051 
 H076.5_2002  4 0.9719 0.0133 0.0148 
 H076.5_2003  4 0.9354 0.0397 0.0249 
 H076.5_2004  4 0.9067 0.0339 0.0594 
 H076.6_2002  4 0.9460 0.0344 0.0196 
 H076.6_2003  4 0.9680 0.0188 0.0132 
 H076.6_2004  4 0.9452 0.0158 0.0391 
 H076.7_2002  4 0.2206 0.0648 0.7147 
 H076.7_2003  4 0.9002 0.0275 0.0722 
 H076.7_2004  4 0.8636 0.0266 0.1098 
      H477.1  4 0.7523 0.0345 0.2132 
      H477.2  4 0.2755 0.0545 0.6700 
      H477.3  4 0.3270 0.1515 0.5216 
      H477.4  4 0.4270 0.1943 0.3787 
      H477.5  4 0.2414 0.2051 0.5535 
      H477.6  4 0.1153 0.3174 0.5672 
      H477.7  4 0.5952 0.1740 0.2308 
 H479.1_2005  4 0.0664 0.3067 0.6268 
 H479.1_2006  4 0.1199 0.0735 0.8066 
     H479.10  4 0.1034 0.4913 0.4053 
 H479.2_2005  4 0.2254 0.6258 0.1488 
 H479.2_2006  4 0.0364 0.0677 0.8959 
 H479.3_2005  4 0.0942 0.0692 0.8366 
 H479.3_2006  4 0.1509 0.0314 0.8177 
 H479.4_2005  4 0.0638 0.0639 0.8723 
 H479.4_2006  4 0.1251 0.4128 0.4621 
 H479.5_2005  4 0.0699 0.6862 0.2439 
 H479.5_2006  4 0.0750 0.0890 0.8360 
 H479.6_2005  4 0.6845 0.1530 0.1625 
 H479.6_2006  4 0.1449 0.7705 0.0846 
 H479.7_2005  4 0.5687 0.1292 0.3021 
 H479.7_2006  4 0.2441 0.3268 0.4291 
 H479.8_2005  4 0.3945 0.2175 0.3880 
 H479.8_2006  4 0.0421 0.3969 0.5610 
      H479.9  4 0.0306 0.0164 0.9530 
      H516.1  4 0.1475 0.1541 0.6983 
      H516.2  4 0.0211 0.0475 0.9314 
      H516.3  4 0.0192 0.0395 0.9412 
      H516.4  4 0.0185 0.0394 0.9421 
      H516.5  4 0.0508 0.0584 0.8908 
      H516.6  4 0.0115 0.0398 0.9487 
      H516.7  4 0.0661 0.0670 0.8669 
      H516.8  4 0.0310 0.0568 0.9123 
      H516.9  4 0.0476 0.0945 0.8579 
      H646.1  4 0.1850 0.0203 0.7947 
      H646.2  4 0.2227 0.0114 0.7659 
      H646.3  4 0.0147 0.0146 0.9706 
      H646.4  4 0.6400 0.0127 0.3474 
      H646.5  4 0.0841 0.0230 0.8929 
      H658.1  4 0.0172 0.0312 0.9516 
     H658.10  4 0.0268 0.0138 0.9594 
      H658.2  4 0.0412 0.0603 0.8985 
      H658.3  4 0.0291 0.0337 0.9372 
      H658.4  4 0.0285 0.0356 0.9358 
      H658.5  4 0.0174 0.0194 0.9632 
      H658.6  4 0.0155 0.0130 0.9715 
      H658.7  4 0.0352 0.0206 0.9442 
      H658.8  4 0.0295 0.0232 0.9474 
      H658.9  4 0.0355 0.0578 0.9067 
      H682.1  4 0.4398 0.3084 0.2518 
      H682.6  4 0.2222 0.4246 0.3533 
      H720.1  4 0.8826 0.0308 0.0866 
      H720.2  4 0.5560 0.0196 0.4244 
      H720.3  4 0.7444 0.0615 0.1941 
      H720.4  4 0.1641 0.1016 0.7343 
      H720.5  4 0.6466 0.2548 0.0986 
      H720.6  4 0.6656 0.2256 0.1088 
      H720.7  4 0.5122 0.0421 0.4457 
      H720.8  4 0.9009 0.0489 0.0501 
      H720.9  4 0.1039 0.5413 0.3548 
      H724.1  4 0.9179 0.0422 0.0399 
      H724.2  4 0.9252 0.0468 0.0280 
      H724.3  4 0.3827 0.0901 0.5272 
      H724.4  4 0.8069 0.0478 0.1453 
      H724.5  4 0.4489 0.0704 0.4807 
      H724.6  4 0.8912 0.0705 0.0383 
      H725.1  4 0.1135 0.5137 0.3728 
      H725.2  4 0.0681 0.2928 0.6391 
      H725.3  4 0.0405 0.4232 0.5363 
      H725.4  4 0.0947 0.7905 0.1148 
      H725.5  4 0.5654 0.0492 0.3855 
      H725.6  4 0.0370 0.0868 0.8762 
      H725.7  4 0.0453 0.4727 0.4819 
      H725.8  4 0.0311 0.2138 0.7550 
      H726.1  4 0.0111 0.0129 0.9760 
      H726.2  4 0.0235 0.0145 0.9620 
      H726.3  4 0.0257 0.0217 0.9526 
      H726.4  4 0.0136 0.0286 0.9578 
      H726.5  4 0.0154 0.0170 0.9675 
        UNK1  4 0.1121 0.0345 0.8533 
        UNK2  4 0.0923 0.2578 0.6498 
        UNK3  4 0.0589 0.0300 0.9111 
      H016.1  5 0.0571 0.7617 0.1812 
      H016.2  5 0.0266 0.9448 0.0287 
      H016.3  5 0.1598 0.1348 0.7054 
      H016.4  5 0.0324 0.9457 0.0220 
 H017.1_2002  5 0.3970 0.0314 0.5715 
 H017.1_2003  5 0.1837 0.3258 0.4905 
 H017.2_2002  5 0.5553 0.1914 0.2534 
 H017.2_2003  5 0.0368 0.0627 0.9004 
 H017.3_2002  5 0.1587 0.4317 0.4095 
 H017.3_2003  5 0.5106 0.1824 0.3070 
 H017.4_2002  5 0.2102 0.7316 0.0582 
 H017.4_2003  5 0.0156 0.1385 0.8459 
 H017.5_2002  5 0.0327 0.8629 0.1044 
 H017.5_2003  5 0.0281 0.2025 0.7693 
 H017.6_2002  5 0.8769 0.0921 0.0310 
 H017.6_2003  5 0.0761 0.0364 0.8875 
 H017.7_2002  5 0.4302 0.5229 0.0469 
 H017.7_2003  5 0.0240 0.0591 0.9168 
      H017.8  5 0.3279 0.5274 0.1447 
      H017.9  5 0.5197 0.3395 0.1408 
      H032.1  5 0.0188 0.0159 0.9653 
      H032.2  5 0.0161 0.0232 0.9608 
      H032.3  5 0.0348 0.1344 0.8308 
      H032.4  5 0.0132 0.0948 0.8921 
      H032.5  5 0.0199 0.0148 0.9653 
      H032.6  5 0.0197 0.0161 0.9642 
      H032.7  5 0.0593 0.0455 0.8952 
 H034.1_2002  5 0.1662 0.1844 0.6495 
 H034.1_2003  5 0.3057 0.1693 0.5249 
 H034.2_2002  5 0.0434 0.6270 0.3295 
 H034.2_2003  5 0.4509 0.0666 0.4825 
 H034.3_2002  5 0.0754 0.4128 0.5119 
 H034.3_2003  5 0.3651 0.0935 0.5414 
 H034.4_2002  5 0.5217 0.3642 0.1141 
 H034.4_2003  5 0.0622 0.0675 0.8702 
 H034.5_2002  5 0.1103 0.1303 0.7594 
 H034.5_2003  5 0.1349 0.1497 0.7154 
 H034.6_2002  5 0.0830 0.6972 0.2198 
 H034.6_2003  5 0.0555 0.1050 0.8395 
 H034.7_2002  5 0.0841 0.1102 0.8056 
 H034.7_2003  5 0.0414 0.1350 0.8236 
 H034.8_2002  5 0.3928 0.3201 0.2871 
 H034.8_2003  5 0.0714 0.1732 0.7554 
      H034.9  5 0.1138 0.2545 0.6317 
      H048.1  5 0.0297 0.0634 0.9069 
      H048.2  5 0.3331 0.4628 0.2041 
      H048.3  5 0.8746 0.0356 0.0899 
      H048.4  5 0.5700 0.3459 0.0841 
      H048.5  5 0.0369 0.0730 0.8900 
      H048.6  5 0.6177 0.2700 0.1123 
      H048.7  5 0.0360 0.3768 0.5872 
      H048.8  5 0.2146 0.3076 0.4778 
      H060.1  5 0.0231 0.9440 0.0329 
     H060.10  5 0.0331 0.9019 0.0650 
      H060.2  5 0.0455 0.9009 0.0536 
      H060.3  5 0.0194 0.7470 0.2336 
      H060.4  5 0.0678 0.8510 0.0812 
      H060.5  5 0.0276 0.7853 0.1870 
      H060.6  5 0.0195 0.8646 0.1159 
      H060.7  5 0.1594 0.7804 0.0602 
      H060.8  5 0.0940 0.8166 0.0894 
      H060.9  5 0.0217 0.6772 0.3011 
 H070.1_2002  5 0.3904 0.4692 0.1404 
 H070.1_2003  5 0.0431 0.7813 0.1756 
 H070.1_2004  5 0.2893 0.3077 0.4030 
 H070.2_2002  5 0.4882 0.2933 0.2184 
 H070.2_2003  5 0.1740 0.3069 0.5191 
 H070.2_2004  5 0.1855 0.0885 0.7260 
 H070.3_2002  5 0.0397 0.8492 0.1112 
 H070.3_2003  5 0.0253 0.1997 0.7749 
 H070.3_2004  5 0.0630 0.3578 0.5792 
 H070.4_2002  5 0.2009 0.1018 0.6973 
 H070.4_2003  5 0.0590 0.5884 0.3526 
 H070.4_2004  5 0.1152 0.6224 0.2624 
 H070.5_2002  5 0.0151 0.9557 0.0292 
 H070.5_2003  5 0.0261 0.3925 0.5815 
 H070.5_2004  5 0.1886 0.2360 0.5754 
 H070.6_2002  5 0.0427 0.2785 0.6788 
 H070.6_2003  5 0.1360 0.0576 0.8065 
 H070.6_2004  5 0.1708 0.2251 0.6041 
      H077.1  5 0.0339 0.1979 0.7681 
      H077.2  5 0.0165 0.5340 0.4495 
      H077.3  5 0.1177 0.0823 0.8000 
      H077.4  5 0.0459 0.0668 0.8874 
      H077.5  5 0.0452 0.3254 0.6294 
      H077.6  5 0.0175 0.3773 0.6052 
      H097.1  5 0.4214 0.5174 0.0612 
      H097.2  5 0.9239 0.0368 0.0392 
      H097.3  5 0.6580 0.1082 0.2338 
      H097.4  5 0.8856 0.0681 0.0463 
      H097.5  5 0.7660 0.0723 0.1617 
      H097.6  5 0.9105 0.0559 0.0336 
      H097.7  5 0.7240 0.2243 0.0517 
      H124.1  5 0.0291 0.7354 0.2355 
      H124.2  5 0.0233 0.8482 0.1285 
      H124.3  5 0.0207 0.9498 0.0296 
      H124.4  5 0.0329 0.8355 0.1317 
      H124.5  5 0.0261 0.9124 0.0616 
      H132.1  5 0.1291 0.7219 0.1490 
      H132.2  5 0.3973 0.4066 0.1961 
      H132.3  5 0.0611 0.8567 0.0822 
      H132.4  5 0.1602 0.6045 0.2353 
      H132.5  5 0.2674 0.6065 0.1261 
      H132.6  5 0.2989 0.6222 0.0790 
      H132.7  5 0.1383 0.7683 0.0934 
      H155.1  5 0.0225 0.9485 0.0290 
      H155.2  5 0.0319 0.9108 0.0573 
      H155.3  5 0.0400 0.8893 0.0707 
      H155.4  5 0.0202 0.9665 0.0133 
      H155.5  5 0.0300 0.9082 0.0618 
      H155.6  5 0.0457 0.8970 0.0573 
      H155.7  5 0.0408 0.9165 0.0428 
      H155.8  5 0.0319 0.9470 0.0211 
      H155.9  5 0.0417 0.6841 0.2742 
      H169.1  5 0.0300 0.0389 0.9311 
      H169.2  5 0.0369 0.0517 0.9114 
      H169.3  5 0.0756 0.0163 0.9082 
      H169.4  5 0.0802 0.1824 0.7374 
      H169.5  5 0.0943 0.0652 0.8405 
      H169.6  5 0.0680 0.2617 0.6704 
      H457.1  5 0.7678 0.0468 0.1855 
      H457.2  5 0.8494 0.0477 0.1029 
      H457.3  5 0.8877 0.0219 0.0904 
      H457.4  5 0.8967 0.0204 0.0829 
      H457.5  5 0.0989 0.1620 0.7391 
      H457.6  5 0.5264 0.0864 0.3872 
      H457.7  5 0.3678 0.1318 0.5005 
      H457.8  5 0.2564 0.1392 0.6044 
      H462.1  5 0.1090 0.6956 0.1954 
      H462.2  5 0.1680 0.7467 0.0853 
      H462.3  5 0.0951 0.6590 0.2459 
      H462.4  5 0.1034 0.7127 0.1839 
      H462.5  5 0.2156 0.6740 0.1104 
      H462.6  5 0.0684 0.7171 0.2145 
      H462.7  5 0.2509 0.4218 0.3273 
      H462.8  5 0.0933 0.5489 0.3577 
      H462.9  5 0.1239 0.6211 0.2550 
      H481.1  5 0.0603 0.0407 0.8990 
      H481.2  5 0.1187 0.7440 0.1373 
      H481.3  5 0.0522 0.5698 0.3780 
      H481.4  5 0.0652 0.8207 0.1142 
      H481.5  5 0.0678 0.2928 0.6394 
      H481.6  5 0.2515 0.3041 0.4444 
      H481.7  5 0.2104 0.4752 0.3143 
      H481.8  5 0.4771 0.0893 0.4336 
      H509.1  5 0.1033 0.0783 0.8184 
      H509.2  5 0.2862 0.0547 0.6591 
      H509.3  5 0.1926 0.0354 0.7721 
      H509.4  5 0.6201 0.0575 0.3225 
      H509.5  5 0.1626 0.4531 0.3844 
      H509.6  5 0.2072 0.1752 0.6176 
      H509.7  5 0.1726 0.0520 0.7753 
      H567.1  5 0.2800 0.0513 0.6687 
      H567.2  5 0.2334 0.4757 0.2909 
      H567.3  5 0.3110 0.1892 0.4997 
      H567.4  5 0.9253 0.0238 0.0510 
      H567.5  5 0.2733 0.0426 0.6842 
      H567.6  5 0.3558 0.0415 0.6027 
      H567.7  5 0.3892 0.3492 0.2616 
      H567.8  5 0.4628 0.1403 0.3969 
      H608.1  5 0.3410 0.4230 0.2360 
      H608.2  5 0.2222 0.5081 0.2697 
      H608.3  5 0.0633 0.6264 0.3103 
      H608.4  5 0.0482 0.7806 0.1712 
      H608.5  5 0.0536 0.4903 0.4561 
      H608.6  5 0.0529 0.8171 0.1300 
      H608.7  5 0.2102 0.6483 0.1415 
      H608.8  5 0.1095 0.7267 0.1637 
      H615.1  5 0.0282 0.8678 0.1040 
      H615.2  5 0.0744 0.7892 0.1364 
      H615.3  5 0.1528 0.0603 0.7869 
      H615.4  5 0.1785 0.3593 0.4622 
      H615.5  5 0.1350 0.1881 0.6769 
      H615.6  5 0.0746 0.3127 0.6127 
      H635.1  5 0.2968 0.0873 0.6158 
      H635.2  5 0.5754 0.1443 0.2803 
      H635.3  5 0.5823 0.2384 0.1793 
      H635.4  5 0.3264 0.4633 0.2103 
      H635.5  5 0.5649 0.1513 0.2838 
      H635.6  5 0.4537 0.0742 0.4721 
      H635.7  5 0.4438 0.1489 0.4073 
      H635.8  5 0.2961 0.5760 0.1279 
      H635.9  5 0.3837 0.0416 0.5747 
      H728.1  5 0.0327 0.3119 0.6554 
      H728.2  5 0.1345 0.5353 0.3302 
      H728.3  5 0.0427 0.1327 0.8246 
      H728.4  5 0.0440 0.4510 0.5050 
      H728.5  5 0.0276 0.1165 0.8559 
      H728.6  5 0.0394 0.3923 0.5683 
      H728.7  5 0.2659 0.2888 0.4452 
 H7395.1_200  5 0.6121 0.1579 0.2300 
 H7395.1_200  5 0.0255 0.3242 0.6502 
     H7395.2  5 0.0393 0.4318 0.5289 
     H7395.3  5 0.0276 0.1846 0.7878 
     H7395.4  5 0.0225 0.2236 0.7539 
     H7395.5  5 0.0218 0.3923 0.5859 
     H7395.6  5 0.0149 0.2025 0.7826 
     H7395.7  5 0.0691 0.2201 0.7108 
     H7395.8  5 0.0968 0.4297 0.4734 
     H7395.9  5 0.0381 0.7433 0.2186 
      H742.1  5 0.0375 0.3272 0.6353 
      H742.2  5 0.2704 0.0946 0.6350 
      H742.3  5 0.0220 0.0616 0.9164 
      H958.1  5 0.1418 0.0173 0.8408 
      H958.2  5 0.1456 0.0197 0.8347 
      H958.3  5 0.2918 0.0214 0.6868 
      H958.4  5 0.0589 0.0148 0.9263 
      H958.5  5 0.3106 0.0257 0.6637 
      H958.6  5 0.1882 0.0225 0.7893 
      H958.7  5 0.2067 0.0227 0.7706 
      H452.1 10 0.9376 0.0184 0.0440 
     H452.10 10 0.9562 0.0223 0.0214 
      H452.2 10 0.8260 0.0442 0.1298 
      H452.3 10 0.9695 0.0112 0.0193 
      H452.4 10 0.9560 0.0273 0.0167 
      H452.5 10 0.9028 0.0412 0.0560 
      H452.6 10 0.3798 0.0979 0.5224 
      H452.7 10 0.9555 0.0177 0.0268 
      H452.8 10 0.8806 0.0406 0.0788 
      H452.9 10 0.8880 0.0754 0.0367 
      H473.1 10 0.0645 0.0302 0.9053 
      H473.2 10 0.4076 0.5027 0.0897 
      H473.3 10 0.1556 0.7988 0.0456 
      H473.4 10 0.2544 0.6519 0.0937 
      H473.5 10 0.2900 0.4046 0.3054 
      H473.6 10 0.3088 0.6020 0.0892 
      H473.7 10 0.3300 0.5220 0.1479 
      H473.8 10 0.1504 0.8011 0.0484 
      H487.1 10 0.9629 0.0127 0.0244 
      H487.2 10 0.8439 0.0334 0.1227 
      H487.3 10 0.8538 0.0268 0.1194 
      H487.4 10 0.4033 0.0347 0.5619 
      H487.5 10 0.9637 0.0129 0.0234 
      H703.1 10 0.2623 0.5363 0.2014 
     H703.10 10 0.1652 0.1754 0.6594 
      H703.2 10 0.1661 0.3196 0.5143 
      H703.3 10 0.1414 0.2789 0.5797 
      H703.4 10 0.7091 0.0464 0.2445 
      H703.5 10 0.7912 0.0383 0.1705 
      H703.6 10 0.1152 0.0579 0.8269 
      H703.7 10 0.5175 0.3201 0.1623 
      H703.8 10 0.1518 0.0227 0.8255 
      H703.9 10 0.0680 0.0358 0.8962 
      H705.1 10 0.9562 0.0123 0.0315 
      H705.2 10 0.9426 0.0196 0.0378 
      H705.3 10 0.9648 0.0132 0.0220 
      H705.4 10 0.9560 0.0120 0.0320 
      H705.5 10 0.9735 0.0132 0.0133 
      H705.6 10 0.7928 0.0600 0.1473 
      H705.7 10 0.9442 0.0108 0.0450 
     H7352.1 10 0.1225 0.6323 0.2452 
     H7352.2 10 0.2302 0.3738 0.3960 
     H7352.3 10 0.0376 0.0542 0.9083 
     H7352.4 10 0.0264 0.0549 0.9187 
     H7352.5 10 0.1455 0.5376 0.3169 
     H7352.6 10 0.1860 0.3807 0.4333 
     H7352.7 10 0.0687 0.4401 0.4912 
     H7354.1 10 0.0441 0.1077 0.8482 
     H7354.2 10 0.2172 0.0812 0.7016 
     H7354.3 10 0.2107 0.0393 0.7500 
     H7354.4 10 0.0405 0.1176 0.8419 
     H7354.5 10 0.1180 0.4237 0.4584 
     H7354.6 10 0.2088 0.0168 0.7744 
     H7354.7 10 0.0400 0.0403 0.9196 
     H7359.1 10 0.6115 0.2175 0.1710 
     H7359.2 10 0.5770 0.0357 0.3873 
     H7359.3 10 0.7384 0.0396 0.2220 
     H7359.4 10 0.0467 0.1149 0.8384 
     H7359.5 10 0.7717 0.0378 0.1905 
      H909.1 10 0.1436 0.0166 0.8397 
      H909.2 10 0.9324 0.0232 0.0444 
      H909.3 10 0.8031 0.0559 0.1410 
      H909.4 10 0.5504 0.0677 0.3819 
      H909.6 10 0.0950 0.0530 0.8521 
      H909.8 10 0.4396 0.0311 0.5293 
      H909.9 10 0.2618 0.1642 0.5739 
     H9555.1 10 0.9335 0.0123 0.0542 
     H9555.2 10 0.9627 0.0163 0.0209 
     H9555.3 10 0.9360 0.0210 0.0430 
     H9555.4 10 0.8797 0.0142 0.1062 
     H9555.5 10 0.9680 0.0101 0.0219 
     H9555.6 10 0.3633 0.1405 0.4962 
     H9555.7 10 0.5717 0.0314 0.3969 
     H9703.1 10 0.3111 0.0131 0.6758 
     H9703.2 10 0.5037 0.0226 0.4737 
     H9703.3 10 0.0870 0.0311 0.8819 
     H9703.4 10 0.1307 0.0199 0.8494 
     H9703.5 10 0.1619 0.3390 0.4991 
     H9707.1 10 0.0266 0.9403 0.0331 
     H9707.2 10 0.0654 0.8107 0.1239 
     H9707.3 10 0.0790 0.8582 0.0629 
     H9707.4 10 0.3275 0.2313 0.4412 
     H9707.5 10 0.1639 0.7133 0.1228 
     H9707.6 10 0.6182 0.2789 0.1028 
     H9707.7 10 0.4214 0.3257 0.2529 
     H9707.8 10 0.0760 0.8837 0.0402 
     HSAA4.1 10 0.8819 0.0159 0.1022 
     HSAA4.2 10 0.9663 0.0139 0.0199 
     HSAA4.3 10 0.9165 0.0212 0.0623 
     HSAA4.4 10 0.7522 0.0397 0.2081 
     HSAA4.5 10 0.3885 0.0406 0.5709 
     HSAA4.6 10 0.9471 0.0122 0.0407 
     HSAA4.7 10 0.8733 0.0110 0.1157 
   saaRTON.1 10 0.1507 0.0150 0.8344 
  saaRTON.10 10 0.3299 0.0263 0.6437 
   saaRTON.2 10 0.1571 0.0185 0.8245 
   saaRTON.3 10 0.1816 0.0254 0.7931 
   saaRTON.4 10 0.7975 0.0185 0.1841 
   saaRTON.5 10 0.5974 0.0187 0.3839 
   saaRTON.6 10 0.2685 0.0568 0.6747 
   saaRTON.7 10 0.9280 0.0292 0.0428 
   saaRTON.8 10 0.5156 0.0272 0.4572 
   saaRTON.9 10 0.1715 0.0144 0.8141 
      H005.1 11 0.0352 0.0368 0.9280 
      H005.2 11 0.0891 0.1357 0.7753 
      H005.3 11 0.0292 0.0349 0.9358 
      H005.4 11 0.0640 0.2671 0.6689 
      H005.5 11 0.0475 0.1040 0.8485 
      H005.6 11 0.0681 0.3116 0.6203 
      H005.7 11 0.0639 0.0541 0.8820 
      H005.8 11 0.0249 0.0637 0.9114 
      H005.9 11 0.0937 0.1491 0.7573 
      H031.1 11 0.1136 0.3907 0.4957 
      H031.2 11 0.1159 0.0330 0.8512 
      H031.3 11 0.2058 0.2648 0.5294 
      H031.4 11 0.1938 0.0416 0.7646 
      H031.5 11 0.3619 0.0698 0.5683 
      H031.6 11 0.1740 0.1072 0.7188 
      H031.7 11 0.8175 0.0616 0.1209 
      H031.8 11 0.0295 0.1538 0.8167 
      H136.1 11 0.2220 0.1282 0.6498 
      H136.2 11 0.8168 0.0542 0.1290 
      H136.3 11 0.1750 0.6128 0.2122 
      H136.4 11 0.1356 0.0530 0.8115 
      H153.1 11 0.0366 0.0820 0.8814 
      H153.2 11 0.0343 0.0993 0.8665 
      H153.3 11 0.0356 0.1088 0.8556 
      H153.4 11 0.1287 0.0469 0.8243 
      H167.1 11 0.0791 0.8770 0.0439 
      H167.2 11 0.0258 0.9540 0.0202 
      H167.3 11 0.0354 0.9445 0.0201 
      H167.4 11 0.1210 0.5308 0.3483 
      H167.5 11 0.0351 0.8998 0.0651 
      H167.6 11 0.0182 0.9399 0.0418 
      H167.7 11 0.2714 0.4884 0.2401 
