      H105.1  1 0.1157 0.0874 0.1183 0.0711 0.1865 0.0157 0.4054 
      H105.2  1 0.2332 0.0741 0.0166 0.0453 0.0416 0.0134 0.5758 
      H105.3  1 0.0400 0.0373 0.0566 0.0316 0.1042 0.0112 0.7193 
      H105.4  1 0.1143 0.0597 0.0436 0.2694 0.0799 0.0141 0.4190 
      H105.5  1 0.1743 0.0253 0.0172 0.2316 0.3857 0.0120 0.1538 
      H105.6  1 0.0163 0.0255 0.0374 0.1172 0.2004 0.0102 0.5929 
      H105.7  1 0.0495 0.0201 0.3637 0.0540 0.0924 0.0068 0.4136 
      H105.8  1 0.0761 0.0974 0.0967 0.0680 0.0321 0.0157 0.6139 
      H115.1  1 0.0568 0.0662 0.0445 0.4704 0.0644 0.0153 0.2824 
      H115.2  1 0.0555 0.0445 0.0138 0.7368 0.0819 0.0233 0.0442 
      H115.3  1 0.0607 0.0091 0.0071 0.8717 0.0289 0.0132 0.0092 
      H115.4  1 0.5721 0.1017 0.0129 0.1706 0.0457 0.0152 0.0820 
      H115.5  1 0.1794 0.0166 0.0304 0.6592 0.0230 0.0683 0.0231 
      H115.6  1 0.1075 0.0112 0.0290 0.7030 0.1004 0.0205 0.0284 
      H115.7  1 0.1671 0.0342 0.0195 0.2353 0.1235 0.0100 0.4103 
      H115.8  1 0.0691 0.0177 0.0465 0.7360 0.0221 0.0858 0.0228 
      H115.9  1 0.0134 0.0084 0.0143 0.9337 0.0099 0.0097 0.0106 
      H145.1  1 0.0096 0.0151 0.0093 0.0204 0.0387 0.8933 0.0137 
      H145.2  1 0.0103 0.0114 0.0081 0.0995 0.0183 0.8235 0.0289 
      H145.3  1 0.0132 0.0094 0.0126 0.0107 0.0079 0.9385 0.0076 
      H145.4  1 0.0118 0.0116 0.0088 0.0135 0.0285 0.9093 0.0166 
      H145.5  1 0.0064 0.0089 0.0053 0.0084 0.0113 0.9527 0.0070 
      H145.6  1 0.0354 0.0146 0.0087 0.0512 0.0117 0.8595 0.0188 
      H145.7  1 0.0639 0.0124 0.0121 0.0193 0.0252 0.8567 0.0104 
      H149.1  1 0.0071 0.0065 0.0077 0.0081 0.9531 0.0100 0.0075 
      H149.2  1 0.0093 0.0083 0.0066 0.0079 0.9536 0.0068 0.0075 
      H149.3  1 0.0285 0.0263 0.0105 0.0143 0.8719 0.0214 0.0271 
      H149.4  1 0.0204 0.0524 0.0144 0.0115 0.8543 0.0319 0.0152 
      H149.5  1 0.0861 0.1210 0.0195 0.0115 0.6980 0.0246 0.0394 
      H149.6  1 0.0121 0.0150 0.0083 0.0054 0.9223 0.0168 0.0201 
      H149.7  1 0.0477 0.2570 0.0598 0.0165 0.4843 0.0285 0.1062 
      H150.1  1 0.0459 0.0089 0.0076 0.8970 0.0081 0.0166 0.0160 
      H150.2  1 0.0440 0.0494 0.0143 0.6488 0.0817 0.0616 0.1002 
      H150.3  1 0.0161 0.0179 0.0334 0.5232 0.0417 0.0209 0.3467 
      H150.4  1 0.0106 0.0082 0.0146 0.9244 0.0086 0.0193 0.0144 
      H150.5  1 0.1187 0.0442 0.0166 0.6956 0.0646 0.0123 0.0481 
      H150.6  1 0.6534 0.0838 0.0074 0.1431 0.0483 0.0184 0.0456 
      H150.7  1 0.0070 0.0060 0.0091 0.9428 0.0095 0.0137 0.0118 
   H169607.1  1 0.0723 0.4044 0.0628 0.2542 0.0546 0.0792 0.0725 
   H169607.2  1 0.0121 0.1253 0.0592 0.7093 0.0693 0.0076 0.0172 
   H169607.3  1 0.3511 0.1406 0.0790 0.3255 0.0279 0.0420 0.0340 
   H169607.4  1 0.0150 0.0474 0.0147 0.6892 0.2093 0.0139 0.0105 
   H169607.5  1 0.0244 0.0935 0.0370 0.7468 0.0680 0.0178 0.0125 
   H169607.6  1 0.0269 0.2031 0.0432 0.6196 0.0900 0.0060 0.0112 
   H169607.7  1 0.0195 0.6709 0.0656 0.1690 0.0431 0.0118 0.0200 
   H169607.8  1 0.0271 0.0712 0.0281 0.7449 0.1104 0.0072 0.0112 
   H169633.1  1 0.0600 0.0470 0.0247 0.0488 0.5371 0.1751 0.1074 
   H169633.2  1 0.0314 0.1182 0.0719 0.0117 0.3588 0.0679 0.3401 
   H169633.3  1 0.0187 0.0342 0.0564 0.0083 0.7562 0.0216 0.1046 
   H169633.4  1 0.0351 0.0151 0.0079 0.0199 0.7803 0.1146 0.0271 
   H169633.5  1 0.0329 0.0221 0.0101 0.0247 0.7468 0.1429 0.0204 
   H169688.1  1 0.2599 0.5598 0.0592 0.0247 0.0550 0.0220 0.0196 
   H169688.2  1 0.3341 0.4353 0.1366 0.0307 0.0212 0.0265 0.0156 
   H169688.3  1 0.1187 0.7323 0.0195 0.0292 0.0290 0.0423 0.0291 
   H169688.4  1 0.0770 0.2050 0.0284 0.6152 0.0193 0.0434 0.0117 
   H169688.5  1 0.0553 0.1623 0.0228 0.6946 0.0167 0.0371 0.0113 
   H169688.6  1 0.0606 0.7687 0.0294 0.0356 0.0110 0.0864 0.0082 
   H169688.7  1 0.0883 0.6299 0.0318 0.0492 0.0673 0.1143 0.0192 
   H171901.1  1 0.2275 0.0340 0.0154 0.2162 0.0401 0.0826 0.3842 
   H171901.2  1 0.0121 0.0102 0.0107 0.0242 0.9173 0.0135 0.0119 
   H171901.3  1 0.0541 0.0292 0.0207 0.0502 0.8116 0.0109 0.0234 
   H171901.4  1 0.0172 0.0142 0.0112 0.0187 0.9109 0.0081 0.0197 
   H171901.5  1 0.0131 0.0230 0.0124 0.0118 0.9202 0.0091 0.0103 
   H171901.6  1 0.0095 0.0277 0.0114 0.0191 0.9136 0.0069 0.0118 
   H171901.7  1 0.0182 0.1576 0.0232 0.0195 0.7580 0.0126 0.0109 
   H171902.1  1 0.0229 0.2458 0.0202 0.0806 0.3006 0.3144 0.0154 
  H171902.10  1 0.0154 0.2224 0.0101 0.0178 0.6947 0.0325 0.0071 
   H171902.2  1 0.1368 0.2967 0.1946 0.0401 0.1981 0.1114 0.0222 
   H171902.3  1 0.0162 0.3498 0.0183 0.0391 0.5431 0.0158 0.0177 
   H171902.4  1 0.0152 0.0241 0.0162 0.0183 0.7677 0.1464 0.0121 
   H171902.6  1 0.0116 0.1831 0.0112 0.0254 0.7237 0.0338 0.0112 
   H171902.7  1 0.0086 0.0672 0.0109 0.0294 0.7414 0.1299 0.0125 
   H171902.8  1 0.0160 0.2257 0.0138 0.0334 0.6544 0.0413 0.0153 
   H171902.9  1 0.0238 0.0859 0.0299 0.2280 0.3893 0.2238 0.0192 
   H171903.1  1 0.0112 0.0166 0.0228 0.8392 0.0900 0.0067 0.0136 
   H171903.2  1 0.0272 0.0441 0.0616 0.7952 0.0394 0.0165 0.0159 
   H171903.3  1 0.0508 0.1111 0.0615 0.2122 0.4953 0.0263 0.0427 
   H171903.4  1 0.1469 0.0713 0.0324 0.5041 0.1796 0.0255 0.0402 
   H171903.5  1 0.0896 0.2777 0.0475 0.3705 0.1646 0.0230 0.0271 
   H171903.6  1 0.0706 0.3051 0.0244 0.4543 0.1251 0.0090 0.0115 
      H177.1  1 0.0223 0.0281 0.0393 0.0194 0.8671 0.0124 0.0115 
      H177.2  1 0.0604 0.2798 0.1225 0.0843 0.2646 0.1680 0.0203 
      H177.3  1 0.0149 0.1639 0.0244 0.0450 0.6274 0.1101 0.0142 
      H177.4  1 0.0304 0.1382 0.1211 0.0152 0.6608 0.0253 0.0089 
      H177.5  1 0.1711 0.0385 0.4719 0.0368 0.2559 0.0130 0.0128 
      H177.6  1 0.0161 0.0782 0.0175 0.0228 0.7928 0.0628 0.0099 
      H179.1  1 0.0167 0.8962 0.0274 0.0120 0.0165 0.0046 0.0266 
      H179.2  1 0.0123 0.9002 0.0348 0.0142 0.0140 0.0054 0.0191 
      H179.3  1 0.0372 0.8185 0.0584 0.0538 0.0105 0.0063 0.0152 
      H179.4  1 0.0118 0.9034 0.0198 0.0082 0.0402 0.0060 0.0107 
      H180.1  1 0.8570 0.0173 0.0060 0.0608 0.0297 0.0133 0.0159 
      H180.2  1 0.8517 0.0144 0.0072 0.0707 0.0288 0.0145 0.0127 
      H180.3  1 0.3549 0.0138 0.0358 0.4999 0.0133 0.0175 0.0648 
      H180.4  1 0.7059 0.0287 0.0187 0.0362 0.1293 0.0220 0.0591 
      H180.5  1 0.4586 0.0659 0.0521 0.1410 0.1981 0.0614 0.0228 
      H180.6  1 0.0793 0.0293 0.2519 0.4334 0.0634 0.1078 0.0348 
      H181.1  1 0.6114 0.0973 0.0094 0.0258 0.1856 0.0593 0.0111 
      H181.2  1 0.3643 0.1483 0.0214 0.0148 0.3297 0.1007 0.0209 
      H181.3  1 0.4719 0.1690 0.0506 0.0118 0.2297 0.0538 0.0131 
      H181.4  1 0.6436 0.0576 0.0242 0.0376 0.2034 0.0097 0.0239 
      H181.5  1 0.3890 0.4122 0.0761 0.0101 0.0402 0.0298 0.0424 
      H181.6  1 0.1639 0.5527 0.0301 0.0241 0.1605 0.0153 0.0534 
      H181.7  1 0.0485 0.8702 0.0178 0.0149 0.0208 0.0157 0.0121 
 H194.1_2004  1 0.0168 0.0127 0.0259 0.1750 0.7133 0.0324 0.0239 
 H194.2_2004  1 0.1102 0.0111 0.0398 0.0529 0.6897 0.0521 0.0441 
 H194.3_2004  1 0.0069 0.0114 0.0145 0.0090 0.9301 0.0165 0.0116 
 H194.4_2004  1 0.0239 0.0080 0.0496 0.0174 0.8086 0.0776 0.0148 
 H194.5_2004  1 0.0109 0.0130 0.0326 0.0121 0.9001 0.0109 0.0204 
 H194.6_2004  1 0.0135 0.0164 0.1740 0.0191 0.7289 0.0243 0.0237 
 H194.7_2004  1 0.0492 0.0172 0.1814 0.1557 0.4425 0.0487 0.1054 
 H194.8_2004  1 0.0642 0.0286 0.1367 0.0321 0.6777 0.0287 0.0321 
      H194.9  1 0.0199 0.0146 0.2149 0.0973 0.5501 0.0435 0.0597 
 H195.1_2003  1 0.0267 0.0537 0.0251 0.0525 0.7192 0.0076 0.1152 
 H195.1_2004  1 0.0308 0.0236 0.0105 0.0215 0.0441 0.8464 0.0230 
 H195.2_2003  1 0.0264 0.1061 0.1161 0.4777 0.2302 0.0257 0.0178 
 H195.2_2004  1 0.0233 0.0304 0.0371 0.0165 0.0556 0.8150 0.0220 
 H195.3_2003  1 0.0287 0.0511 0.0599 0.6929 0.1108 0.0159 0.0408 
 H195.3_2004  1 0.0277 0.0165 0.0093 0.0231 0.6065 0.2572 0.0596 
 H195.4_2003  1 0.0146 0.0288 0.0155 0.0514 0.6649 0.0128 0.2120 
 H195.4_2004  1 0.0519 0.0408 0.0835 0.0248 0.0265 0.7582 0.0143 
 H195.5_2003  1 0.0426 0.0816 0.0163 0.0694 0.6109 0.0114 0.1678 
 H195.5_2004  1 0.0329 0.0191 0.0089 0.0311 0.0265 0.8552 0.0264 
 H195.6_2003  1 0.0803 0.0379 0.0289 0.5406 0.2472 0.0306 0.0346 
 H195.6_2004  1 0.0152 0.0459 0.0218 0.0318 0.1133 0.6836 0.0884 
 H195.7_2003  1 0.0463 0.6088 0.1226 0.0311 0.1108 0.0288 0.0516 
 H195.7_2004  1 0.0129 0.0095 0.0073 0.0126 0.0090 0.9380 0.0106 
      H195.8  1 0.0425 0.0160 0.0237 0.0253 0.0116 0.8678 0.0131 
      H195.9  1 0.0496 0.0571 0.1389 0.0903 0.2380 0.3903 0.0359 
      H415.1  1 0.0191 0.0299 0.0894 0.0815 0.3540 0.1452 0.2810 
      H415.2  1 0.0089 0.0175 0.0163 0.0233 0.8905 0.0291 0.0144 
      H415.3  1 0.0093 0.0685 0.0254 0.0078 0.5863 0.0144 0.2883 
      H415.4  1 0.0201 0.0095 0.0471 0.0441 0.3731 0.0257 0.4804 
      H415.5  1 0.0088 0.0170 0.0204 0.0063 0.7468 0.0173 0.1834 
      H415.6  1 0.0145 0.0106 0.0427 0.0412 0.4095 0.0363 0.4452 
      H415.7  1 0.0087 0.1601 0.0248 0.0141 0.7473 0.0218 0.0232 
      H506.1  1 0.0127 0.8913 0.0131 0.0068 0.0223 0.0259 0.0280 
      H506.2  1 0.0089 0.8399 0.0090 0.0089 0.0970 0.0243 0.0120 
      H506.3  1 0.0289 0.7378 0.0284 0.0116 0.0166 0.1363 0.0403 
      H506.4  1 0.0181 0.8786 0.0210 0.0116 0.0100 0.0367 0.0240 
      H506.5  1 0.0102 0.8453 0.0129 0.0105 0.0675 0.0399 0.0136 
      H506.6  1 0.0306 0.8413 0.0222 0.0208 0.0126 0.0564 0.0161 
      H506.7  1 0.0139 0.8067 0.0150 0.0089 0.0856 0.0444 0.0255 
      H533.1  1 0.0133 0.9416 0.0061 0.0069 0.0114 0.0113 0.0094 
      H533.2  1 0.0122 0.9045 0.0080 0.0083 0.0187 0.0382 0.0101 
      H533.3  1 0.0172 0.9327 0.0081 0.0110 0.0143 0.0086 0.0082 
      H533.4  1 0.0170 0.8957 0.0084 0.0168 0.0256 0.0262 0.0102 
      H535.1  1 0.0092 0.4437 0.0332 0.0274 0.4592 0.0083 0.0192 
      H535.2  1 0.0410 0.7721 0.0664 0.0097 0.0864 0.0136 0.0109 
      H535.3  1 0.0562 0.8157 0.0304 0.0267 0.0367 0.0195 0.0148 
      H535.4  1 0.0123 0.7135 0.0074 0.0070 0.2209 0.0090 0.0300 
      H535.5  1 0.0110 0.8356 0.0109 0.0109 0.1104 0.0091 0.0122 
      H535.6  1 0.0248 0.8177 0.0490 0.0378 0.0408 0.0114 0.0184 
      H535.7  1 0.0088 0.9141 0.0125 0.0108 0.0330 0.0101 0.0107 
      H535.8  1 0.0176 0.8846 0.0262 0.0104 0.0383 0.0123 0.0106 
      H535.9  1 0.0087 0.8623 0.0092 0.0330 0.0630 0.0118 0.0120 
      H539.1  1 0.0052 0.0041 0.0076 0.9633 0.0068 0.0075 0.0055 
      H539.2  1 0.1669 0.2320 0.0280 0.4636 0.0602 0.0229 0.0263 
      H539.3  1 0.0113 0.0107 0.0175 0.9240 0.0104 0.0173 0.0089 
      H539.4  1 0.0135 0.0194 0.0150 0.9125 0.0097 0.0202 0.0096 
      H539.5  1 0.0054 0.0072 0.0126 0.9523 0.0074 0.0089 0.0063 
      H539.6  1 0.0070 0.0061 0.0130 0.9509 0.0082 0.0075 0.0071 
      H539.7  1 0.0085 0.0087 0.0097 0.9482 0.0101 0.0065 0.0084 
      H539.8  1 0.0350 0.0256 0.0191 0.8240 0.0217 0.0460 0.0288 
      H539.9  1 0.0085 0.0067 0.0131 0.9457 0.0054 0.0152 0.0054 
      H540.1  1 0.0111 0.0131 0.0120 0.9192 0.0162 0.0196 0.0088 
      H540.2  1 0.0071 0.0067 0.0110 0.9398 0.0206 0.0059 0.0088 
      H540.3  1 0.0608 0.0340 0.0187 0.4233 0.1202 0.2722 0.0709 
      H540.4  1 0.0149 0.0474 0.0106 0.8708 0.0308 0.0068 0.0187 
      H540.5  1 0.0153 0.0141 0.0131 0.8877 0.0298 0.0285 0.0114 
      H540.6  1 0.0263 0.0266 0.0255 0.8528 0.0345 0.0191 0.0151 
      H540.7  1 0.0152 0.0249 0.0146 0.8837 0.0423 0.0076 0.0116 
      H540.8  1 0.0128 0.0272 0.0134 0.4788 0.4422 0.0106 0.0151 
     H9558.1  1 0.0064 0.0090 0.0071 0.9540 0.0069 0.0089 0.0077 
     H9558.2  1 0.0067 0.0086 0.0112 0.9488 0.0086 0.0088 0.0072 
     H9558.3  1 0.0088 0.0067 0.0122 0.9339 0.0109 0.0143 0.0132 
     H9558.4  1 0.0062 0.0151 0.0075 0.9468 0.0099 0.0084 0.0061 
     H9558.5  1 0.0132 0.0308 0.0095 0.9053 0.0122 0.0157 0.0134 
     H9558.6  1 0.0384 0.0073 0.1072 0.7900 0.0255 0.0112 0.0204 
    kos339.1  1 0.0130 0.0344 0.0328 0.0109 0.8906 0.0086 0.0096 
    kos339.2  1 0.0192 0.0312 0.0450 0.0109 0.8262 0.0317 0.0358 
    kos339.3  1 0.0101 0.0152 0.0106 0.0104 0.9325 0.0087 0.0125 
    kos339.4  1 0.0116 0.0217 0.0137 0.0102 0.9104 0.0118 0.0206 
    kos339.5  1 0.0106 0.0171 0.0117 0.0076 0.9377 0.0045 0.0106 
    kos339.6  1 0.0107 0.0121 0.0126 0.0070 0.9262 0.0187 0.0127 
    kos339.7  1 0.0103 0.0364 0.0185 0.0085 0.9062 0.0109 0.0093 
    kos339.8  1 0.0097 0.0238 0.0108 0.0064 0.9245 0.0118 0.0129 
    kos339.9  1 0.0089 0.0135 0.0109 0.0142 0.9325 0.0087 0.0112 
      H008.1  2 0.0098 0.0241 0.8751 0.0494 0.0104 0.0083 0.0229 
      H008.2  2 0.0516 0.2215 0.1247 0.4161 0.0336 0.1150 0.0375 
      H008.3  2 0.1759 0.3289 0.1021 0.2151 0.0203 0.0970 0.0607 
      H008.4  2 0.0099 0.0198 0.7798 0.0505 0.0357 0.0494 0.0548 
      H008.5  2 0.0141 0.0164 0.9022 0.0140 0.0147 0.0195 0.0190 
      H008.6  2 0.0176 0.0854 0.3540 0.2242 0.0657 0.1885 0.0645 
      H008.7  2 0.0284 0.0610 0.5982 0.0876 0.0503 0.0879 0.0866 
      H008.8  2 0.0161 0.1044 0.0833 0.7214 0.0262 0.0220 0.0267 
      H008.9  2 0.0229 0.0658 0.0295 0.1951 0.0322 0.6119 0.0426 
 H029.1_2002  2 0.0122 0.0102 0.8969 0.0273 0.0138 0.0198 0.0199 
 H029.1_2003  2 0.0127 0.0327 0.8839 0.0182 0.0147 0.0224 0.0156 
 H029.2_2002  2 0.0128 0.0224 0.8423 0.0113 0.0540 0.0492 0.0079 
 H029.2_2003  2 0.0118 0.0483 0.8164 0.0146 0.0328 0.0685 0.0077 
 H029.3_2002  2 0.0465 0.1270 0.4038 0.0149 0.0310 0.3655 0.0113 
 H029.3_2003  2 0.0094 0.0160 0.9395 0.0075 0.0077 0.0086 0.0113 
 H029.4_2002  2 0.0138 0.0141 0.9239 0.0054 0.0059 0.0235 0.0133 
 H029.4_2003  2 0.0235 0.0330 0.8372 0.0328 0.0138 0.0223 0.0374 
 H029.5_2002  2 0.0064 0.0072 0.9522 0.0071 0.0073 0.0077 0.0121 
 H029.5_2003  2 0.0089 0.0182 0.9246 0.0104 0.0070 0.0175 0.0134 
 H029.6_2002  2 0.0120 0.0107 0.9199 0.0058 0.0056 0.0382 0.0078 
 H029.6_2003  2 0.0264 0.0947 0.7408 0.0151 0.0535 0.0217 0.0478 
      H029.7  2 0.0108 0.0103 0.8938 0.0101 0.0189 0.0479 0.0082 
      H030.1  2 0.6401 0.0181 0.2546 0.0118 0.0491 0.0055 0.0207 
      H030.2  2 0.8189 0.0131 0.0536 0.0155 0.0103 0.0354 0.0533 
      H038.1  2 0.0104 0.0104 0.8980 0.0217 0.0071 0.0445 0.0078 
      H038.2  2 0.0132 0.0086 0.9405 0.0063 0.0127 0.0074 0.0114 
      H038.3  2 0.0256 0.0157 0.8627 0.0148 0.0226 0.0407 0.0179 
      H038.4  2 0.0132 0.0109 0.8798 0.0096 0.0141 0.0461 0.0264 
      H038.5  2 0.0313 0.0369 0.8647 0.0108 0.0110 0.0348 0.0104 
      H038.6  2 0.0171 0.0102 0.9369 0.0127 0.0085 0.0088 0.0058 
      H038.7  2 0.0069 0.0157 0.9386 0.0126 0.0084 0.0093 0.0086 
      H038.8  2 0.0904 0.0137 0.7150 0.0113 0.0185 0.1321 0.0189 
      H041.1  2 0.0407 0.0113 0.8244 0.0095 0.0232 0.0444 0.0466 
      H041.2  2 0.0084 0.0100 0.6213 0.0086 0.0109 0.0185 0.3224 
      H041.4  2 0.0151 0.0118 0.8261 0.0275 0.0159 0.0537 0.0500 
      H041.6  2 0.0152 0.0124 0.8434 0.0357 0.0155 0.0176 0.0603 
 H042.1_2002  2 0.2473 0.0351 0.4433 0.0959 0.0848 0.0170 0.0767 
 H042.1_2003  2 0.0357 0.0413 0.2102 0.0762 0.0595 0.1512 0.4260 
 H042.2_2002  2 0.0114 0.0312 0.8344 0.0205 0.0143 0.0338 0.0543 
 H042.2_2003  2 0.0104 0.0132 0.3246 0.0352 0.0487 0.0099 0.5579 
 H042.3_2002  2 0.0909 0.1089 0.3922 0.0796 0.0509 0.0483 0.2292 
 H042.3_2003  2 0.1436 0.1150 0.2574 0.1252 0.0341 0.0998 0.2249 
 H042.4_2002  2 0.1724 0.0123 0.6732 0.0154 0.0450 0.0185 0.0632 
 H042.4_2003  2 0.1124 0.0116 0.7411 0.0435 0.0498 0.0076 0.0341 
      H042.5  2 0.1308 0.0189 0.7535 0.0273 0.0359 0.0079 0.0258 
      H042.6  2 0.0644 0.0139 0.8020 0.0827 0.0180 0.0082 0.0109 
      H042.7  2 0.0205 0.0180 0.5226 0.0236 0.0185 0.0107 0.3861 
      H042.8  2 0.0215 0.0180 0.7629 0.0290 0.0148 0.0313 0.1226 
   H042_2002  2 0.0133 0.0201 0.1151 0.7057 0.0211 0.0294 0.0952 
   H042_2003  2 0.0133 0.0202 0.1153 0.7193 0.0235 0.0298 0.0786 
      H043.1  2 0.0392 0.0218 0.0275 0.8084 0.0182 0.0714 0.0134 
      H043.2  2 0.0073 0.0179 0.0328 0.8263 0.0121 0.0952 0.0083 
      H043.3  2 0.0097 0.0376 0.4702 0.4022 0.0398 0.0267 0.0138 
      H043.4  2 0.0079 0.0081 0.0404 0.8647 0.0221 0.0474 0.0095 
      H043.5  2 0.0094 0.0412 0.1886 0.4690 0.0157 0.2497 0.0264 
      H043.6  2 0.0116 0.0190 0.3012 0.4466 0.0285 0.1809 0.0123 
      H043.7  2 0.0066 0.0071 0.0195 0.9248 0.0115 0.0179 0.0125 
      H043.8  2 0.0455 0.1643 0.0620 0.6125 0.0513 0.0374 0.0270 
      H043.9  2 0.0248 0.0246 0.1038 0.7817 0.0267 0.0251 0.0133 
      H047.1  2 0.0129 0.0338 0.3698 0.5058 0.0340 0.0092 0.0345 
      H047.2  2 0.0246 0.0242 0.7627 0.0168 0.1032 0.0088 0.0598 
      H047.3  2 0.0269 0.0360 0.4408 0.0325 0.0811 0.0073 0.3754 
      H047.4  2 0.0122 0.0208 0.8569 0.0167 0.0262 0.0053 0.0619 
      H047.5  2 0.0190 0.0248 0.3531 0.1089 0.0690 0.0053 0.4199 
      H047.6  2 0.0175 0.0298 0.2796 0.0908 0.0434 0.0179 0.5209 
      H047.7  2 0.0152 0.0245 0.5420 0.1595 0.0410 0.0171 0.2007 
      H047.8  2 0.0168 0.0524 0.2308 0.1567 0.0356 0.0148 0.4928 
      H047.9  2 0.0159 0.0230 0.4081 0.0771 0.3417 0.0058 0.1283 
 H071.1_2002  2 0.0091 0.0059 0.9220 0.0315 0.0151 0.0070 0.0094 
 H071.1_2003  2 0.0207 0.0095 0.8001 0.1136 0.0256 0.0163 0.0141 
     H071.10  2 0.1283 0.0184 0.8137 0.0115 0.0073 0.0137 0.0072 
 H071.2_2002  2 0.0090 0.0160 0.9206 0.0206 0.0122 0.0128 0.0088 
 H071.2_2003  2 0.0067 0.0059 0.9576 0.0098 0.0086 0.0042 0.0073 
      H071.3  2 0.0315 0.0337 0.8437 0.0115 0.0110 0.0222 0.0464 
 H071.4_2002  2 0.0230 0.0284 0.8890 0.0163 0.0141 0.0155 0.0135 
 H071.4_2003  2 0.0122 0.0200 0.9345 0.0115 0.0083 0.0060 0.0075 
 H071.5_2002  2 0.0108 0.0081 0.9527 0.0075 0.0077 0.0067 0.0065 
 H071.5_2003  2 0.0116 0.0273 0.9066 0.0207 0.0142 0.0080 0.0115 
 H071.6_2002  2 0.0111 0.0297 0.9208 0.0096 0.0087 0.0110 0.0091 
 H071.6_2003  2 0.0077 0.0094 0.9456 0.0133 0.0109 0.0051 0.0080 
 H071.7_2002  2 0.0048 0.0088 0.9508 0.0151 0.0058 0.0071 0.0075 
 H071.7_2003  2 0.0188 0.0169 0.8812 0.0336 0.0265 0.0093 0.0136 
      H071.8  2 0.0080 0.0142 0.9329 0.0148 0.0083 0.0101 0.0117 
      H071.9  2 0.0398 0.0385 0.8235 0.0251 0.0151 0.0214 0.0366 
 H081.1_2002  2 0.0064 0.0067 0.9498 0.0158 0.0069 0.0072 0.0071 
 H081.1_2003  2 0.0729 0.0515 0.3063 0.0690 0.0759 0.3787 0.0457 
 H081.2_2002  2 0.0070 0.0068 0.9145 0.0430 0.0121 0.0071 0.0095 
 H081.2_2003  2 0.8021 0.0227 0.0496 0.0805 0.0145 0.0187 0.0119 
 H081.3_2002  2 0.0110 0.0084 0.9363 0.0115 0.0097 0.0117 0.0114 
 H081.3_2003  2 0.2245 0.0656 0.0452 0.5462 0.0611 0.0416 0.0158 
 H081.4_2002  2 0.0093 0.0126 0.9347 0.0152 0.0103 0.0067 0.0112 
 H081.4_2003  2 0.1936 0.0976 0.2650 0.2430 0.1022 0.0458 0.0527 
 H081.5_2002  2 0.0098 0.0074 0.9476 0.0109 0.0089 0.0077 0.0077 
 H081.5_2003  2 0.0389 0.0244 0.5721 0.1758 0.0866 0.0413 0.0609 
      H081.6  2 0.0080 0.0097 0.9307 0.0245 0.0092 0.0085 0.0096 
      H081.7  2 0.0132 0.0097 0.9302 0.0198 0.0106 0.0078 0.0087 
      H081.8  2 0.0449 0.0279 0.8203 0.0202 0.0139 0.0543 0.0186 
      H083.1  2 0.0140 0.0146 0.9345 0.0087 0.0091 0.0102 0.0090 
      H083.2  2 0.0184 0.0166 0.8962 0.0311 0.0154 0.0097 0.0125 
      H083.4  2 0.0307 0.0285 0.8731 0.0169 0.0077 0.0319 0.0113 
      H083.5  2 0.0172 0.0097 0.9237 0.0095 0.0092 0.0193 0.0113 
      H083.6  2 0.0363 0.0585 0.8496 0.0122 0.0095 0.0171 0.0169 
      H083.7  2 0.0622 0.0522 0.7953 0.0228 0.0128 0.0389 0.0158 
      H083.8  2 0.0105 0.0174 0.9220 0.0170 0.0127 0.0091 0.0114 
      H083.9  2 0.0136 0.0081 0.9427 0.0107 0.0062 0.0085 0.0101 
      H084.1  2 0.7113 0.0512 0.0392 0.0201 0.0264 0.1011 0.0506 
      H084.2  2 0.7098 0.0670 0.0630 0.0143 0.0280 0.1048 0.0131 
      H084.3  2 0.1828 0.0443 0.0213 0.0160 0.0844 0.3768 0.2744 
      H084.4  2 0.0877 0.0864 0.0497 0.0143 0.0861 0.4701 0.2056 
      H084.5  2 0.3145 0.0591 0.0187 0.0130 0.0494 0.0748 0.4704 
      H084.6  2 0.3851 0.0211 0.0123 0.0162 0.0431 0.3425 0.1797 
      H084.7  2 0.7251 0.0955 0.0727 0.0166 0.0193 0.0380 0.0328 
      H084.8  2 0.4223 0.0320 0.0144 0.0094 0.0282 0.1726 0.3212 
 H085.1_2002  2 0.0465 0.0111 0.7054 0.1694 0.0152 0.0430 0.0094 
 H085.1_2003  2 0.0306 0.0160 0.9054 0.0096 0.0078 0.0184 0.0122 
 H085.2_2002  2 0.1601 0.0186 0.1687 0.0866 0.0222 0.5257 0.0183 
 H085.2_2003  2 0.0303 0.0160 0.9054 0.0104 0.0121 0.0138 0.0120 
 H085.3_2002  2 0.0525 0.0093 0.6492 0.1956 0.0595 0.0152 0.0186 
 H085.3_2003  2 0.0130 0.0102 0.9366 0.0147 0.0072 0.0072 0.0110 
 H085.4_2002  2 0.0680 0.0181 0.5283 0.2187 0.0219 0.1285 0.0164 
 H085.4_2003  2 0.0110 0.0062 0.9204 0.0113 0.0183 0.0082 0.0245 
 H085.5_2002  2 0.0140 0.0100 0.5936 0.3197 0.0318 0.0129 0.0180 
 H085.5_2003  2 0.0620 0.0117 0.8875 0.0117 0.0074 0.0101 0.0095 
 H085.6_2002  2 0.0421 0.0179 0.6779 0.1475 0.0618 0.0419 0.0108 
 H085.6_2003  2 0.0110 0.0095 0.8255 0.0373 0.0563 0.0095 0.0509 
 H085.7_2002  2 0.0993 0.0171 0.6310 0.1397 0.0631 0.0352 0.0146 
 H085.7_2003  2 0.0106 0.0120 0.9145 0.0132 0.0130 0.0117 0.0250 
 H085.8_2002  2 0.0366 0.0219 0.5766 0.1942 0.0406 0.0822 0.0479 
 H085.8_2003  2 0.1424 0.0156 0.7438 0.0192 0.0263 0.0136 0.0390 
      H085.9  2 0.0226 0.0077 0.7262 0.1526 0.0199 0.0542 0.0167 
      H088.1  2 0.1615 0.0584 0.6306 0.0364 0.0680 0.0162 0.0288 
      H088.2  2 0.0621 0.0320 0.7987 0.0260 0.0419 0.0126 0.0266 
      H088.3  2 0.0738 0.0228 0.8361 0.0226 0.0212 0.0087 0.0147 
      H088.4  2 0.0210 0.0196 0.9015 0.0102 0.0155 0.0071 0.0251 
      H088.5  2 0.0551 0.0157 0.8707 0.0151 0.0121 0.0075 0.0238 
      H088.6  2 0.0369 0.0285 0.8668 0.0128 0.0144 0.0072 0.0335 
      H088.7  2 0.0127 0.0194 0.8927 0.0082 0.0171 0.0090 0.0408 
      H088.8  2 0.0234 0.0263 0.8458 0.0095 0.0190 0.0107 0.0652 
      H091.1  2 0.1888 0.0275 0.7011 0.0186 0.0227 0.0103 0.0310 
      H091.2  2 0.0431 0.0301 0.8357 0.0185 0.0174 0.0076 0.0476 
      H109.1  2 0.3333 0.3430 0.0202 0.1106 0.0160 0.0386 0.1383 
      H109.2  2 0.5050 0.1631 0.1068 0.0853 0.0364 0.0202 0.0831 
      H109.3  2 0.0586 0.3710 0.1750 0.0259 0.2027 0.0330 0.1337 
      H109.4  2 0.1179 0.5691 0.0343 0.0984 0.0276 0.0476 0.1052 
      H109.5  2 0.0219 0.0551 0.6013 0.0126 0.1132 0.0082 0.1876 
      H109.6  2 0.2062 0.3520 0.0664 0.1221 0.0964 0.0409 0.1160 
      H126.1  2 0.0086 0.0584 0.0139 0.8455 0.0290 0.0113 0.0333 
      H126.2  2 0.0203 0.0955 0.2241 0.6032 0.0120 0.0317 0.0133 
      H126.3  2 0.0091 0.2026 0.4791 0.2069 0.0142 0.0345 0.0535 
      H126.4  2 0.0190 0.2039 0.0231 0.7021 0.0128 0.0212 0.0177 
      H126.5  2 0.0076 0.0541 0.0591 0.8001 0.0555 0.0062 0.0174 
      H126.6  2 0.0097 0.0368 0.7404 0.1705 0.0192 0.0088 0.0146 
      H126.7  2 0.0082 0.0160 0.9279 0.0267 0.0078 0.0058 0.0076 
      H130.1  2 0.0902 0.0654 0.0430 0.4518 0.3134 0.0147 0.0216 
      H130.2  2 0.6340 0.1019 0.1354 0.0447 0.0456 0.0172 0.0213 
      H130.3  2 0.2029 0.3062 0.0989 0.0237 0.3480 0.0089 0.0114 
      H130.4  2 0.1646 0.1471 0.0229 0.4396 0.1488 0.0565 0.0205 
      H130.5  2 0.4650 0.0360 0.2916 0.0962 0.0734 0.0112 0.0266 
      H133.1  2 0.0861 0.2681 0.2093 0.0823 0.1347 0.1801 0.0394 
      H133.2  2 0.0248 0.0859 0.0655 0.4602 0.3284 0.0100 0.0252 
      H133.3  2 0.0257 0.0630 0.5428 0.0216 0.1618 0.1530 0.0322 
      H133.4  2 0.0420 0.1804 0.0567 0.1309 0.4855 0.0487 0.0558 
      H133.5  2 0.0321 0.6938 0.0437 0.1093 0.0720 0.0396 0.0095 
      H133.6  2 0.0746 0.1302 0.1116 0.5375 0.1169 0.0146 0.0146 
      H133.7  2 0.0243 0.0152 0.1444 0.0297 0.4436 0.0828 0.2599 
      H133.8  2 0.0622 0.3084 0.0623 0.1879 0.0780 0.2086 0.0925 
      H133.9  2 0.1438 0.3306 0.1679 0.0592 0.0967 0.1694 0.0324 
      H147.1  2 0.1028 0.0092 0.4895 0.0428 0.0143 0.0415 0.2999 
      H147.2  2 0.0099 0.0064 0.9500 0.0130 0.0055 0.0075 0.0078 
      H147.3  2 0.0170 0.0130 0.8995 0.0330 0.0099 0.0125 0.0152 
      H147.4  2 0.0299 0.0114 0.8230 0.0104 0.0108 0.0925 0.0220 
      H147.5  2 0.0459 0.0149 0.8829 0.0222 0.0109 0.0085 0.0148 
      H147.6  2 0.0781 0.0351 0.8043 0.0264 0.0129 0.0137 0.0296 
      H147.7  2 0.0526 0.0229 0.7573 0.0172 0.0162 0.0775 0.0563 
      H147.8  2 0.0297 0.0153 0.9085 0.0067 0.0052 0.0181 0.0164 
      H147.9  2 0.0133 0.0073 0.9135 0.0360 0.0097 0.0092 0.0111 
      H148.1  2 0.1344 0.1368 0.0420 0.1668 0.0267 0.0938 0.3995 
      H148.2  2 0.0448 0.0593 0.0250 0.0986 0.0257 0.1150 0.6316 
      H148.3  2 0.0291 0.0118 0.0206 0.0241 0.2378 0.2060 0.4707 
      H148.4  2 0.0199 0.0337 0.0252 0.0709 0.0503 0.1058 0.6942 
      H148.5  2 0.0416 0.0213 0.0176 0.0235 0.0392 0.0999 0.7569 
      H148.6  2 0.0505 0.0165 0.0179 0.0315 0.0330 0.2509 0.5996 
      H148.7  2 0.0276 0.0630 0.0144 0.0209 0.0151 0.0490 0.8099 
      H148.8  2 0.0139 0.0117 0.0118 0.0309 0.0572 0.0708 0.8036 
      H148.9  2 0.0413 0.0583 0.0105 0.1119 0.0330 0.2863 0.4587 
   H166022.1  2 0.6899 0.0108 0.2219 0.0126 0.0120 0.0193 0.0336 
   H166022.2  2 0.2036 0.0252 0.6675 0.0112 0.0263 0.0280 0.0382 
   H166022.3  2 0.9058 0.0207 0.0235 0.0070 0.0130 0.0076 0.0225 
   H166022.4  2 0.6397 0.0384 0.2800 0.0076 0.0115 0.0082 0.0146 
   H166022.5  2 0.7467 0.0437 0.1540 0.0058 0.0256 0.0081 0.0160 
   H166022.6  2 0.7618 0.0179 0.1160 0.0205 0.0215 0.0184 0.0439 
   H166022.7  2 0.0080 0.9315 0.0077 0.0141 0.0082 0.0233 0.0071 
   H166022.8  2 0.7838 0.0249 0.0645 0.0382 0.0482 0.0116 0.0287 
   H167397.1  2 0.0151 0.0148 0.0810 0.0142 0.0176 0.6344 0.2228 
   H167397.2  2 0.0244 0.0327 0.0214 0.0258 0.0152 0.8195 0.0609 
   H167397.3  2 0.0107 0.0162 0.0420 0.0113 0.0285 0.7743 0.1169 
   H167397.4  2 0.0097 0.0128 0.0149 0.0089 0.0092 0.9128 0.0317 
   H167397.5  2 0.0295 0.0380 0.0400 0.0275 0.0178 0.7761 0.0711 
   H167397.6  2 0.0134 0.0142 0.0368 0.0161 0.0263 0.6731 0.2200 
   H167496.1  2 0.0577 0.0456 0.0838 0.0123 0.7252 0.0133 0.0621 
   H167496.2  2 0.0277 0.0798 0.4862 0.0306 0.1539 0.0212 0.2007 
   H167496.3  2 0.1836 0.0279 0.3680 0.1144 0.2344 0.0243 0.0474 
   H167496.4  2 0.0362 0.0136 0.9168 0.0060 0.0073 0.0067 0.0135 
   H167496.6  2 0.0329 0.0309 0.8875 0.0148 0.0120 0.0067 0.0151 
   H167496.7  2 0.0689 0.0417 0.0341 0.0171 0.6672 0.0087 0.1622 
   H167496.8  2 0.0178 0.0148 0.9197 0.0095 0.0139 0.0071 0.0173 
   H167513.1  2 0.1468 0.3164 0.0293 0.1265 0.0477 0.0382 0.2951 
   H167513.2  2 0.0549 0.0393 0.0517 0.2346 0.1670 0.0815 0.3710 
   H167513.3  2 0.5031 0.3593 0.0147 0.0296 0.0324 0.0215 0.0394 
   H167513.4  2 0.5514 0.0868 0.0232 0.0288 0.0242 0.0138 0.2719 
   H167513.5  2 0.0660 0.0613 0.0526 0.3580 0.0494 0.1191 0.2937 
   H167513.6  2 0.1908 0.0714 0.0444 0.2085 0.1425 0.0559 0.2863 
   H167513.7  2 0.7582 0.0630 0.0373 0.0562 0.0258 0.0359 0.0236 
   H167513.8  2 0.1663 0.5688 0.0242 0.0865 0.0328 0.0747 0.0467 
   H167547.1  2 0.0551 0.0102 0.0114 0.0269 0.1627 0.0278 0.7058 
   H167547.2  2 0.0428 0.0110 0.0121 0.0098 0.0293 0.0211 0.8739 
   H167547.3  2 0.0342 0.0071 0.0122 0.0092 0.0361 0.0212 0.8800 
   H167547.4  2 0.5194 0.0227 0.0089 0.0982 0.0497 0.1149 0.1861 
   H167547.5  2 0.0385 0.0108 0.0122 0.0150 0.0109 0.0146 0.8979 
   H167547.6  2 0.0352 0.0099 0.0149 0.0172 0.0106 0.0142 0.8981 
   H167547.7  2 0.0351 0.0278 0.0171 0.1260 0.6812 0.0320 0.0808 
   H169750.1  2 0.2024 0.3765 0.0600 0.0596 0.2620 0.0179 0.0216 
   H169750.2  2 0.0460 0.1230 0.3461 0.1166 0.0883 0.0631 0.2170 
   H169750.3  2 0.1896 0.2495 0.1067 0.0969 0.3204 0.0064 0.0305 
   H169750.4  2 0.0125 0.1436 0.1219 0.0473 0.5402 0.0682 0.0663 
   H169750.5  2 0.1796 0.4284 0.1675 0.0517 0.1182 0.0231 0.0316 
   H169750.6  2 0.0792 0.1506 0.6436 0.0703 0.0181 0.0170 0.0212 
   H169750.7  2 0.0327 0.3170 0.0976 0.1883 0.2525 0.0321 0.0796 
   H171929.1  2 0.0175 0.0202 0.0345 0.0886 0.0392 0.5573 0.2427 
  H171929.10  2 0.1532 0.0166 0.1974 0.0724 0.1687 0.0944 0.2973 
  H171929.11  2 0.0566 0.0338 0.0315 0.2594 0.0666 0.3358 0.2163 
   H171929.2  2 0.1194 0.0858 0.0189 0.2325 0.1056 0.0292 0.4086 
   H171929.3  2 0.1280 0.0514 0.0243 0.0912 0.0431 0.1185 0.5436 
   H171929.4  2 0.3219 0.0576 0.0767 0.2060 0.2408 0.0120 0.0849 
   H171929.5  2 0.1867 0.1185 0.0187 0.0634 0.0502 0.0364 0.5262 
   H171929.6  2 0.1325 0.1832 0.0110 0.1354 0.0328 0.0843 0.4208 
   H171929.7  2 0.0404 0.0619 0.0439 0.6100 0.0587 0.0387 0.1463 
   H171929.8  2 0.0466 0.0184 0.0394 0.6473 0.1536 0.0333 0.0613 
   H171929.9  2 0.1813 0.0350 0.0910 0.5450 0.0891 0.0101 0.0485 
   H171930.1  2 0.0190 0.8545 0.0225 0.0148 0.0168 0.0267 0.0457 
   H171930.2  2 0.2612 0.3074 0.2003 0.0710 0.0439 0.0192 0.0970 
   H171930.3  2 0.0211 0.8354 0.0208 0.0111 0.0234 0.0284 0.0598 
   H171930.4  2 0.1542 0.6649 0.0266 0.0068 0.0202 0.0178 0.1095 
   H171930.5  2 0.1185 0.4974 0.0971 0.1723 0.0331 0.0457 0.0359 
   H171930.6  2 0.1138 0.5080 0.2049 0.0158 0.0365 0.0160 0.1048 
   H171930.7  2 0.0286 0.7670 0.0180 0.0219 0.0316 0.0403 0.0927 
   H171930.8  2 0.0437 0.6212 0.0386 0.0281 0.1174 0.0214 0.1297 
   H171933.1  2 0.8694 0.0115 0.0136 0.0088 0.0080 0.0747 0.0141 
   H171933.2  2 0.7741 0.0214 0.0292 0.0323 0.0149 0.0691 0.0591 
   H171933.3  2 0.8970 0.0112 0.0111 0.0294 0.0157 0.0141 0.0216 
   H171933.4  2 0.9025 0.0074 0.0091 0.0172 0.0418 0.0056 0.0163 
   H171933.5  2 0.5981 0.0201 0.0091 0.0493 0.2612 0.0085 0.0537 
   H171933.6  2 0.5776 0.0334 0.3423 0.0099 0.0132 0.0091 0.0144 
   H171933.7  2 0.8982 0.0122 0.0099 0.0280 0.0113 0.0233 0.0170 
   H171933.8  2 0.8545 0.0123 0.0104 0.0353 0.0210 0.0340 0.0324 
   H171933.9  2 0.9513 0.0072 0.0084 0.0087 0.0089 0.0053 0.0101 
      H190.1  2 0.5885 0.1940 0.0367 0.0202 0.0830 0.0061 0.0716 
      H190.2  2 0.0125 0.0123 0.1559 0.0372 0.0585 0.0076 0.7160 
      H190.3  2 0.0664 0.0231 0.0747 0.2767 0.1258 0.0133 0.4199 
      H190.4  2 0.8728 0.0291 0.0112 0.0194 0.0476 0.0058 0.0140 
      H190.5  2 0.0145 0.0319 0.2716 0.0454 0.0285 0.0066 0.6014 
      H190.6  2 0.8286 0.0237 0.0340 0.0263 0.0618 0.0069 0.0187 
      H190.7  2 0.0570 0.0156 0.0444 0.4393 0.3567 0.0144 0.0726 
      H190.8  2 0.0276 0.0875 0.3512 0.1059 0.1479 0.0075 0.2722 
      H190.9  2 0.0382 0.0226 0.1066 0.0792 0.2856 0.0095 0.4582 
      H400.1  2 0.7317 0.0203 0.1894 0.0218 0.0118 0.0083 0.0168 
      H400.2  2 0.2753 0.0285 0.6338 0.0186 0.0090 0.0132 0.0217 
      H400.3  2 0.6025 0.0853 0.1854 0.0539 0.0319 0.0242 0.0168 
      H400.4  2 0.1004 0.0340 0.8004 0.0176 0.0189 0.0046 0.0242 
      H400.5  2 0.8706 0.0291 0.0387 0.0110 0.0226 0.0169 0.0111 
      H400.6  2 0.2007 0.0188 0.6840 0.0489 0.0222 0.0057 0.0198 
      H400.7  2 0.8517 0.0128 0.0840 0.0132 0.0140 0.0066 0.0176 
 H428.1_2005  2 0.9024 0.0324 0.0156 0.0127 0.0081 0.0144 0.0144 
 H428.1_2006  2 0.7957 0.0302 0.0739 0.0159 0.0329 0.0366 0.0149 
 H428.2_2005  2 0.9418 0.0112 0.0071 0.0064 0.0087 0.0106 0.0144 
 H428.2_2006  2 0.8371 0.0103 0.1023 0.0131 0.0091 0.0174 0.0107 
 H428.3_2005  2 0.9309 0.0211 0.0157 0.0077 0.0119 0.0069 0.0058 
 H428.3_2006  2 0.7911 0.0272 0.0928 0.0234 0.0122 0.0382 0.0151 
 H428.4_2005  2 0.9009 0.0422 0.0108 0.0059 0.0132 0.0174 0.0096 
 H428.4_2006  2 0.9169 0.0124 0.0231 0.0099 0.0110 0.0194 0.0073 
 H428.5_2005  2 0.9065 0.0075 0.0181 0.0099 0.0051 0.0450 0.0079 
 H428.6_2005  2 0.8948 0.0363 0.0152 0.0179 0.0144 0.0129 0.0085 
 H428.6_2006  2 0.8286 0.0418 0.0337 0.0104 0.0111 0.0677 0.0068 
      H428.7  2 0.9450 0.0159 0.0122 0.0109 0.0041 0.0063 0.0056 
      H428.8  2 0.9275 0.0133 0.0182 0.0104 0.0061 0.0157 0.0087 
      H428.9  2 0.9439 0.0084 0.0121 0.0089 0.0054 0.0135 0.0078 
      H453.1  2 0.0309 0.0294 0.9051 0.0099 0.0091 0.0072 0.0083 
      H453.2  2 0.1209 0.0398 0.7833 0.0162 0.0212 0.0090 0.0097 
      H453.3  2 0.1103 0.0142 0.8149 0.0190 0.0252 0.0070 0.0092 
      H453.4  2 0.0478 0.0244 0.8940 0.0113 0.0102 0.0056 0.0067 
      H453.5  2 0.0260 0.0162 0.9288 0.0089 0.0087 0.0060 0.0054 
      H453.6  2 0.0619 0.0179 0.8956 0.0057 0.0062 0.0071 0.0057 
      H453.7  2 0.0659 0.0161 0.7756 0.0649 0.0479 0.0064 0.0232 
      H453.8  2 0.0178 0.0110 0.8854 0.0208 0.0442 0.0074 0.0134 
      H453.9  2 0.0696 0.0217 0.8531 0.0245 0.0155 0.0084 0.0070 
      H512.1  2 0.8739 0.0553 0.0160 0.0134 0.0171 0.0056 0.0187 
     H512.10  2 0.4337 0.1796 0.0819 0.0157 0.0611 0.1712 0.0568 
      H512.2  2 0.3947 0.3285 0.0344 0.0335 0.0261 0.0327 0.1500 
      H512.3  2 0.0724 0.7829 0.0148 0.0082 0.0395 0.0549 0.0272 
      H512.4  2 0.5486 0.0467 0.2047 0.0241 0.0400 0.0546 0.0814 
      H512.5  2 0.0362 0.8335 0.0158 0.0081 0.0527 0.0339 0.0198 
      H512.6  2 0.1020 0.6917 0.0271 0.0228 0.0968 0.0147 0.0449 
      H512.7  2 0.0375 0.8499 0.0260 0.0085 0.0161 0.0134 0.0486 
      H512.8  2 0.0864 0.4023 0.0302 0.0222 0.0202 0.0133 0.4254 
      H512.9  2 0.0935 0.7550 0.0345 0.0182 0.0499 0.0239 0.0251 
      H513.1  2 0.9433 0.0071 0.0138 0.0070 0.0059 0.0116 0.0113 
      H513.2  2 0.9518 0.0055 0.0126 0.0063 0.0054 0.0086 0.0098 
      H513.3  2 0.9542 0.0072 0.0094 0.0091 0.0067 0.0064 0.0070 
      H513.4  2 0.8889 0.0197 0.0419 0.0109 0.0132 0.0057 0.0197 
      H513.5  2 0.9253 0.0247 0.0136 0.0096 0.0082 0.0097 0.0089 
      H513.6  2 0.7765 0.0218 0.0124 0.0168 0.0063 0.1523 0.0141 
      H532.1  2 0.2790 0.1983 0.3949 0.0218 0.0461 0.0210 0.0389 
      H532.2  2 0.7598 0.0128 0.1363 0.0147 0.0332 0.0194 0.0239 
      H532.3  2 0.5693 0.0147 0.2936 0.0183 0.0815 0.0069 0.0158 
      H532.4  2 0.0891 0.0151 0.7691 0.0426 0.0594 0.0138 0.0109 
      H532.5  2 0.6430 0.1005 0.1606 0.0221 0.0264 0.0277 0.0197 
      H532.6  2 0.3865 0.0207 0.4862 0.0242 0.0557 0.0153 0.0114 
      H532.7  2 0.2788 0.0360 0.6351 0.0124 0.0152 0.0132 0.0094 
      H532.8  2 0.1316 0.1354 0.6128 0.0236 0.0346 0.0266 0.0354 
      H543.1  2 0.0132 0.0054 0.0066 0.0053 0.0060 0.9574 0.0061 
      H543.2  2 0.0520 0.0134 0.0122 0.0140 0.0114 0.8703 0.0266 
      H543.3  2 0.0134 0.0087 0.0102 0.0080 0.0071 0.9422 0.0105 
      H543.4  2 0.0080 0.0042 0.0065 0.0072 0.0093 0.9561 0.0087 
      H543.5  2 0.0087 0.0056 0.0061 0.0058 0.0064 0.9582 0.0091 
      H543.6  2 0.0161 0.0093 0.0090 0.0139 0.0133 0.9315 0.0068 
      H543.7  2 0.0061 0.0043 0.0051 0.0065 0.0059 0.9655 0.0066 
      H543.8  2 0.0256 0.0129 0.0137 0.0115 0.0073 0.9197 0.0093 
      H543.9  2 0.0121 0.0111 0.0096 0.0110 0.0070 0.9343 0.0149 
 H545.1_2005  2 0.0040 0.0053 0.0050 0.0064 0.0040 0.9719 0.0034 
 H545.1_2006  2 0.0067 0.0075 0.0078 0.0072 0.0060 0.9548 0.0101 
 H545.2_2005  2 0.0085 0.0173 0.0073 0.0113 0.0055 0.9408 0.0092 
 H545.2_2006  2 0.0087 0.0091 0.0068 0.0052 0.0050 0.9590 0.0062 
 H545.3_2005  2 0.0089 0.0120 0.0071 0.0147 0.0079 0.9418 0.0076 
 H545.3_2006  2 0.0075 0.0095 0.0086 0.0122 0.0043 0.9532 0.0047 
 H545.4_2005  2 0.0057 0.0058 0.0071 0.0086 0.0119 0.9489 0.0120 
 H545.4_2006  2 0.0078 0.0073 0.0062 0.0117 0.0062 0.9524 0.0085 
 H545.5_2005  2 0.0115 0.0120 0.0097 0.0108 0.0057 0.9432 0.0071 
 H545.5_2006  2 0.0096 0.0089 0.0078 0.0072 0.0082 0.9530 0.0052 
 H545.6_2005  2 0.0060 0.0078 0.0052 0.0062 0.0042 0.9665 0.0041 
 H545.6_2006  2 0.0061 0.0083 0.0051 0.0072 0.0050 0.9621 0.0062 
 H545.7_2005  2 0.0069 0.0120 0.0058 0.0073 0.0039 0.9603 0.0039 
 H545.7_2006  2 0.0098 0.0120 0.0089 0.0101 0.0067 0.9452 0.0073 
 H545.8_2005  2 0.0166 0.0121 0.0081 0.0119 0.0071 0.9353 0.0089 
 H545.8_2006  2 0.0064 0.0070 0.0058 0.0049 0.0056 0.9657 0.0046 
      H545.9  2 0.0075 0.0082 0.0072 0.0086 0.0068 0.9562 0.0054 
      H547.1  2 0.7267 0.0170 0.0208 0.0385 0.0191 0.0137 0.1644 
      H547.2  2 0.1149 0.0093 0.1007 0.0200 0.0152 0.0099 0.7300 
      H547.3  2 0.4398 0.0277 0.0881 0.0910 0.1923 0.0158 0.1452 
      H547.4  2 0.1812 0.0216 0.0884 0.0792 0.0546 0.0142 0.5607 
      H547.5  2 0.2868 0.0092 0.0297 0.0151 0.0128 0.0080 0.6383 
      H547.6  2 0.4184 0.0091 0.2056 0.0208 0.0119 0.0597 0.2744 
      H547.7  2 0.4546 0.0299 0.0768 0.0649 0.0387 0.0224 0.3126 
      H547.8  2 0.6682 0.0119 0.0192 0.0402 0.0312 0.0198 0.2094 
      H548.1  2 0.0064 0.0081 0.0054 0.0088 0.0067 0.9580 0.0066 
      H548.2  2 0.0086 0.0119 0.0073 0.0107 0.0114 0.9425 0.0076 
      H548.3  2 0.0068 0.0083 0.0063 0.0094 0.0058 0.9569 0.0066 
      H548.4  2 0.0142 0.0706 0.0260 0.0544 0.0294 0.7778 0.0276 
      H548.5  2 0.0059 0.0077 0.0079 0.0097 0.0077 0.9533 0.0079 
      H548.6  2 0.0084 0.0161 0.0054 0.0127 0.0097 0.9404 0.0073 
      H548.7  2 0.0068 0.0092 0.0056 0.0083 0.0066 0.9567 0.0070 
      H548.8  2 0.0093 0.0098 0.0078 0.0093 0.0090 0.9472 0.0077 
      H548.9  2 0.0099 0.0150 0.0113 0.0129 0.0147 0.9237 0.0125 
     H7389.1  2 0.9394 0.0094 0.0136 0.0107 0.0065 0.0093 0.0111 
     H7389.2  2 0.9222 0.0071 0.0104 0.0065 0.0052 0.0378 0.0107 
     H7389.3  2 0.9335 0.0097 0.0110 0.0082 0.0067 0.0163 0.0146 
     H7389.4  2 0.8960 0.0135 0.0204 0.0217 0.0066 0.0358 0.0061 
     H7389.5  2 0.9181 0.0175 0.0180 0.0169 0.0082 0.0159 0.0054 
     H7389.6  2 0.6752 0.2496 0.0369 0.0063 0.0140 0.0082 0.0099 
     H7389.7  2 0.9029 0.0229 0.0256 0.0066 0.0084 0.0224 0.0112 
     H7389.8  2 0.8593 0.0223 0.0118 0.0205 0.0098 0.0680 0.0083 
     H7389.9  2 0.9146 0.0180 0.0210 0.0090 0.0070 0.0237 0.0066 
      H747.1  2 0.1069 0.5752 0.0253 0.0216 0.1476 0.0329 0.0905 
      H747.2  2 0.0526 0.8030 0.0070 0.0304 0.0592 0.0106 0.0371 
      H747.3  2 0.1401 0.4567 0.0195 0.0239 0.3122 0.0139 0.0338 
      H747.4  2 0.0307 0.7083 0.0277 0.0199 0.1167 0.0091 0.0876 
      H747.5  2 0.0313 0.8478 0.0086 0.0185 0.0515 0.0072 0.0350 
      H747.6  2 0.0695 0.7734 0.0141 0.0186 0.0123 0.0316 0.0805 
      H747.7  2 0.1904 0.6350 0.0111 0.0331 0.0709 0.0211 0.0384 
     H7484.1  2 0.0458 0.0944 0.5368 0.2562 0.0212 0.0107 0.0350 
     H7484.2  2 0.0210 0.0308 0.2277 0.6156 0.0224 0.0077 0.0746 
     H7484.3  2 0.0206 0.0793 0.3979 0.3780 0.0388 0.0157 0.0699 
     H7484.4  2 0.0388 0.0687 0.4838 0.3231 0.0224 0.0078 0.0553 
     H7484.5  2 0.0894 0.2448 0.4517 0.1350 0.0172 0.0122 0.0498 
     H7484.6  2 0.0267 0.6331 0.0431 0.0335 0.2042 0.0148 0.0446 
     H7484.7  2 0.0223 0.3530 0.1907 0.3598 0.0543 0.0083 0.0116 
     H7484.8  2 0.1526 0.4158 0.3133 0.0506 0.0315 0.0103 0.0259 
     H7485.1  2 0.0068 0.0074 0.0087 0.0060 0.0091 0.9524 0.0095 
     H7485.2  2 0.0123 0.0085 0.0066 0.0135 0.0061 0.9468 0.0063 
     H7485.3  2 0.0069 0.0090 0.0063 0.0082 0.0056 0.9543 0.0097 
     H7485.4  2 0.0152 0.0096 0.0070 0.0198 0.0081 0.9344 0.0059 
     H7485.5  2 0.0095 0.0101 0.0087 0.0182 0.0090 0.9357 0.0088 
     H7485.6  2 0.0089 0.0077 0.0105 0.0094 0.0063 0.9511 0.0062 
     H7485.7  2 0.0078 0.0086 0.0093 0.0136 0.0087 0.9368 0.0152 
     H7496.1  2 0.3674 0.0312 0.5143 0.0135 0.0380 0.0075 0.0281 
    H7496.10  2 0.0416 0.0087 0.9173 0.0072 0.0071 0.0061 0.0120 
    H7496.11  2 0.0214 0.0382 0.0842 0.0085 0.0417 0.7840 0.0220 
     H7496.2  2 0.0811 0.0370 0.8122 0.0185 0.0235 0.0058 0.0219 
     H7496.3  2 0.0211 0.0212 0.8713 0.0392 0.0125 0.0082 0.0264 
     H7496.4  2 0.0210 0.0106 0.9226 0.0073 0.0132 0.0069 0.0183 
     H7496.5  2 0.0497 0.0370 0.8229 0.0134 0.0292 0.0065 0.0413 
     H7496.6  2 0.1445 0.0463 0.7329 0.0269 0.0237 0.0064 0.0194 
     H7496.7  2 0.0495 0.0132 0.8960 0.0111 0.0099 0.0070 0.0133 
     H7496.8  2 0.0170 0.0148 0.9105 0.0164 0.0195 0.0086 0.0132 
        UNK4  2 0.8910 0.0210 0.0149 0.0238 0.0126 0.0157 0.0211 
        UNK5  2 0.7813 0.0203 0.0300 0.0393 0.0110 0.0276 0.0906 
        UNK6  2 0.8904 0.0211 0.0227 0.0173 0.0103 0.0135 0.0247 
        UNK7  2 0.7825 0.0125 0.0173 0.0171 0.0099 0.1099 0.0508 
        UNK8  2 0.9067 0.0075 0.0127 0.0146 0.0066 0.0367 0.0151 
        UNK9  2 0.7301 0.0428 0.0689 0.0224 0.0106 0.1064 0.0187 
      H009.1  4 0.0081 0.0072 0.0111 0.0423 0.9087 0.0136 0.0090 
      H009.2  4 0.0083 0.0160 0.0082 0.0265 0.9259 0.0058 0.0093 
      H009.3  4 0.0097 0.0090 0.0175 0.0894 0.8543 0.0090 0.0111 
      H009.4  4 0.0080 0.0126 0.0130 0.0133 0.9339 0.0103 0.0090 
      H009.5  4 0.0147 0.0154 0.0121 0.1742 0.7395 0.0342 0.0097 
      H009.6  4 0.0105 0.0087 0.0167 0.2669 0.6416 0.0104 0.0452 
      H046.4  4 0.0806 0.1019 0.3067 0.3789 0.0769 0.0183 0.0367 
      H046.8  4 0.0630 0.1487 0.0349 0.1475 0.1762 0.0530 0.3767 
 H076.1_2002  4 0.0092 0.0118 0.0126 0.0096 0.0102 0.0070 0.9397 
 H076.1_2003  4 0.0052 0.0058 0.0049 0.0063 0.0058 0.0068 0.9651 
