      H105.1  1 0.0079 0.0075 0.0479 0.0086 0.0122 0.0112 0.0102 0.0191 0.0108 0.0039 0.0053 0.0098 0.0188 0.0068 0.0067 0.0127 0.0663 0.0099 0.0050 0.0116 0.0140 0.0160 0.6673 0.0104 
      H105.2  1 0.0186 0.0064 0.0384 0.0083 0.0062 0.0060 0.0196 0.0081 0.0494 0.0166 0.0122 0.0291 0.0085 0.0238 0.0080 0.0308 0.0314 0.0948 0.0129 0.0201 0.0197 0.0163 0.4896 0.0253 
      H105.3  1 0.0042 0.0058 0.0069 0.0058 0.0062 0.0103 0.0064 0.0042 0.0058 0.0156 0.0070 0.0150 0.0093 0.0134 0.0040 0.0108 0.0131 0.0051 0.0071 0.0120 0.0162 0.0091 0.7936 0.0132 
      H105.4  1 0.0271 0.0088 0.0228 0.0108 0.0179 0.0136 0.0129 0.0077 0.0309 0.0913 0.0069 0.0254 0.0111 0.0203 0.0104 0.0117 0.0881 0.0202 0.0200 0.0098 0.0067 0.0072 0.4710 0.0476 
      H105.5  1 0.0241 0.0085 0.0479 0.0228 0.0082 0.0203 0.0126 0.0424 0.1796 0.0494 0.0073 0.0218 0.0438 0.0337 0.0094 0.0279 0.1446 0.0217 0.0424 0.0878 0.0410 0.0151 0.0501 0.0375 
      H105.6  1 0.0038 0.0075 0.0053 0.0172 0.0114 0.0152 0.0047 0.0038 0.0153 0.0235 0.0040 0.0125 0.0075 0.0152 0.0053 0.0040 0.0279 0.0063 0.0159 0.0055 0.0083 0.0097 0.7621 0.0080 
      H105.7  1 0.0269 0.0059 0.0055 0.0074 0.0230 0.0054 0.0047 0.0110 0.0049 0.0047 0.0043 0.0060 0.0156 0.0088 0.0078 0.0060 0.0758 0.0224 0.0125 0.0077 0.0072 0.0266 0.6923 0.0077 
      H105.8  1 0.0055 0.0078 0.0210 0.0071 0.0124 0.0049 0.0124 0.0048 0.0132 0.0080 0.0081 0.0234 0.0070 0.0073 0.0032 0.0094 0.0179 0.0075 0.0057 0.0037 0.0130 0.0352 0.7477 0.0140 
      H115.1  1 0.0090 0.0086 0.0095 0.6711 0.0500 0.0382 0.0149 0.0161 0.0126 0.0108 0.0066 0.0209 0.0075 0.0070 0.0048 0.0082 0.0073 0.0114 0.0143 0.0074 0.0199 0.0157 0.0100 0.0181 
      H115.2  1 0.0054 0.0072 0.0065 0.8061 0.0080 0.0162 0.0209 0.0097 0.0091 0.0077 0.0105 0.0083 0.0047 0.0074 0.0041 0.0055 0.0054 0.0088 0.0052 0.0130 0.0095 0.0068 0.0084 0.0056 
      H115.3  1 0.0072 0.0086 0.0051 0.4291 0.0121 0.0283 0.0107 0.0185 0.1349 0.1773 0.0076 0.0058 0.0144 0.0085 0.0076 0.0124 0.0095 0.0275 0.0034 0.0389 0.0051 0.0073 0.0134 0.0068 
      H115.4  1 0.0069 0.0114 0.0097 0.0334 0.0097 0.0325 0.0248 0.0891 0.3140 0.0091 0.0065 0.0564 0.0075 0.0051 0.0085 0.0244 0.0189 0.0203 0.0056 0.1737 0.0863 0.0065 0.0079 0.0318 
      H115.5  1 0.0158 0.0074 0.0132 0.2835 0.0169 0.0650 0.0269 0.0431 0.0394 0.0617 0.0799 0.0115 0.0306 0.0061 0.0160 0.1126 0.0233 0.0141 0.0178 0.0207 0.0164 0.0290 0.0298 0.0191 
      H115.6  1 0.0240 0.0180 0.0077 0.2744 0.0126 0.0319 0.0084 0.0247 0.0926 0.0342 0.0173 0.0039 0.0168 0.0139 0.0083 0.0272 0.0084 0.1476 0.0053 0.1604 0.0135 0.0231 0.0119 0.0139 
      H115.7  1 0.0364 0.0126 0.0052 0.2980 0.0186 0.0254 0.0136 0.0328 0.0318 0.0245 0.0052 0.0117 0.0154 0.0272 0.0094 0.0410 0.0101 0.1951 0.0152 0.1225 0.0164 0.0041 0.0089 0.0187 
      H115.8  1 0.0129 0.0087 0.0119 0.5247 0.0156 0.0308 0.0147 0.0279 0.0500 0.0142 0.0671 0.0053 0.0081 0.0096 0.0057 0.0378 0.0092 0.0192 0.0051 0.0367 0.0100 0.0415 0.0170 0.0165 
      H115.9  1 0.0068 0.0070 0.0060 0.7841 0.0165 0.0112 0.0078 0.0186 0.0073 0.0191 0.0051 0.0121 0.0053 0.0103 0.0037 0.0035 0.0166 0.0053 0.0061 0.0035 0.0132 0.0173 0.0047 0.0090 
      H145.1  1 0.0034 0.0071 0.0074 0.0102 0.0118 0.0082 0.0035 0.0049 0.0066 0.0157 0.0257 0.0050 0.0050 0.0095 0.8038 0.0032 0.0130 0.0150 0.0059 0.0057 0.0059 0.0060 0.0049 0.0125 
      H145.2  1 0.0089 0.0066 0.0167 0.0057 0.0061 0.0163 0.0036 0.0058 0.0116 0.1540 0.0239 0.0096 0.0048 0.0132 0.6437 0.0032 0.0133 0.0083 0.0050 0.0084 0.0054 0.0099 0.0053 0.0109 
      H145.3  1 0.0040 0.0043 0.0080 0.0049 0.0110 0.0044 0.0049 0.0053 0.0133 0.0070 0.0479 0.0051 0.0035 0.0051 0.7762 0.0107 0.0113 0.0218 0.0048 0.0043 0.0036 0.0239 0.0036 0.0111 
      H145.4  1 0.0031 0.0044 0.0037 0.0048 0.0114 0.0063 0.0030 0.0044 0.0039 0.0046 0.0052 0.0039 0.0040 0.0083 0.8862 0.0031 0.0054 0.0077 0.0047 0.0041 0.0031 0.0039 0.0054 0.0055 
      H145.5  1 0.0036 0.0059 0.0060 0.0045 0.0064 0.0061 0.0038 0.0040 0.0075 0.0067 0.1542 0.0038 0.0040 0.0110 0.7005 0.0060 0.0059 0.0202 0.0055 0.0080 0.0041 0.0079 0.0043 0.0102 
      H145.6  1 0.0154 0.0059 0.0069 0.0040 0.0036 0.0062 0.0041 0.0052 0.0059 0.0717 0.0130 0.0056 0.0039 0.0113 0.7875 0.0094 0.0068 0.0065 0.0044 0.0048 0.0031 0.0050 0.0053 0.0045 
      H145.7  1 0.0038 0.0044 0.0053 0.0034 0.0065 0.0065 0.0029 0.0076 0.0065 0.0062 0.0040 0.0045 0.0038 0.0064 0.8820 0.0098 0.0053 0.0062 0.0041 0.0045 0.0025 0.0055 0.0038 0.0046 
      H149.1  1 0.0035 0.0036 0.0030 0.0034 0.0031 0.9211 0.0041 0.0036 0.0030 0.0031 0.0036 0.0032 0.0030 0.0041 0.0039 0.0031 0.0036 0.0037 0.0034 0.0036 0.0033 0.0040 0.0026 0.0032 
      H149.2  1 0.0066 0.0044 0.0034 0.0042 0.0084 0.8171 0.0035 0.0119 0.0039 0.0055 0.0029 0.0052 0.0142 0.0055 0.0240 0.0033 0.0061 0.0254 0.0048 0.0207 0.0048 0.0034 0.0053 0.0054 
      H149.3  1 0.0155 0.0059 0.0053 0.0072 0.0316 0.6457 0.0061 0.0271 0.0045 0.0155 0.0048 0.0117 0.0114 0.0107 0.0622 0.0090 0.0082 0.0260 0.0125 0.0401 0.0066 0.0055 0.0120 0.0149 
      H149.4  1 0.0091 0.0268 0.0214 0.0041 0.0071 0.8140 0.0039 0.0094 0.0036 0.0090 0.0087 0.0096 0.0061 0.0056 0.0037 0.0040 0.0047 0.0142 0.0051 0.0039 0.0029 0.0049 0.0110 0.0072 
      H149.5  1 0.0215 0.0074 0.0137 0.0030 0.0156 0.4192 0.0048 0.0707 0.0032 0.0068 0.0042 0.0280 0.0255 0.0082 0.0904 0.0077 0.0130 0.1928 0.0074 0.0134 0.0047 0.0084 0.0148 0.0155 
      H149.6  1 0.0220 0.0037 0.0042 0.0029 0.0060 0.7892 0.0053 0.0153 0.0036 0.0053 0.0036 0.0055 0.0101 0.0049 0.0172 0.0044 0.0067 0.0454 0.0052 0.0154 0.0058 0.0031 0.0085 0.0066 
      H149.7  1 0.0686 0.0228 0.0261 0.0042 0.0101 0.4657 0.0108 0.0250 0.0067 0.0148 0.0087 0.0250 0.0144 0.0083 0.0267 0.0082 0.0081 0.1228 0.0393 0.0122 0.0116 0.0216 0.0248 0.0135 
      H150.1  1 0.0058 0.0053 0.0065 0.8049 0.0134 0.0037 0.0036 0.0062 0.0416 0.0159 0.0070 0.0035 0.0045 0.0043 0.0047 0.0061 0.0051 0.0119 0.0060 0.0057 0.0051 0.0066 0.0124 0.0101 
      H150.2  1 0.0080 0.0069 0.0060 0.6656 0.0113 0.0188 0.0081 0.0168 0.0641 0.0078 0.0180 0.0052 0.0156 0.0071 0.0050 0.0125 0.0038 0.0370 0.0060 0.0376 0.0113 0.0043 0.0133 0.0096 
      H150.3  1 0.0118 0.0054 0.0095 0.7709 0.0142 0.0061 0.0051 0.0068 0.0084 0.0061 0.0093 0.0035 0.0069 0.0070 0.0071 0.0109 0.0069 0.0467 0.0110 0.0175 0.0075 0.0071 0.0073 0.0070 
      H150.4  1 0.0069 0.0042 0.0061 0.8477 0.0083 0.0031 0.0036 0.0056 0.0082 0.0077 0.0131 0.0026 0.0049 0.0080 0.0054 0.0098 0.0080 0.0080 0.0062 0.0080 0.0058 0.0093 0.0047 0.0049 
      H150.5  1 0.0124 0.0118 0.0067 0.5618 0.0364 0.0105 0.0255 0.0218 0.0723 0.0190 0.0050 0.0066 0.0226 0.0099 0.0089 0.0139 0.0084 0.0376 0.0056 0.0575 0.0045 0.0050 0.0290 0.0074 
      H150.6  1 0.0098 0.0219 0.0050 0.1187 0.0122 0.0095 0.0105 0.0301 0.2510 0.0145 0.0099 0.0079 0.0105 0.0069 0.0069 0.0633 0.0039 0.1050 0.0057 0.1584 0.0076 0.0029 0.0921 0.0357 
      H150.7  1 0.0044 0.0042 0.0079 0.8475 0.0045 0.0036 0.0045 0.0041 0.0129 0.0226 0.0079 0.0034 0.0043 0.0063 0.0044 0.0039 0.0058 0.0126 0.0033 0.0093 0.0049 0.0047 0.0063 0.0067 
   H169607.1  1 0.0214 0.0067 0.0612 0.0273 0.0343 0.0066 0.0194 0.0129 0.0224 0.0281 0.0229 0.0196 0.0171 0.0095 0.0506 0.0127 0.0087 0.3794 0.0059 0.0063 0.0688 0.0085 0.0068 0.1429 
   H169607.2  1 0.0136 0.0210 0.0241 0.0312 0.0319 0.0057 0.0114 0.0109 0.0106 0.0093 0.0041 0.0169 0.0199 0.0236 0.0255 0.0096 0.0698 0.5697 0.0044 0.0058 0.0139 0.0197 0.0062 0.0411 
   H169607.3  1 0.0292 0.0051 0.0482 0.0097 0.0408 0.0060 0.0233 0.0555 0.0207 0.0388 0.0156 0.0295 0.0288 0.0082 0.0999 0.0171 0.0499 0.3463 0.0074 0.0077 0.0103 0.0309 0.0058 0.0652 
   H169607.4  1 0.0125 0.0171 0.0286 0.0112 0.0205 0.0044 0.0131 0.0059 0.0072 0.0230 0.0060 0.0056 0.0230 0.0543 0.0570 0.0056 0.0351 0.6050 0.0050 0.0050 0.0088 0.0054 0.0081 0.0324 
   H169607.5  1 0.0078 0.0272 0.0181 0.0688 0.2670 0.0095 0.0120 0.0322 0.0198 0.0292 0.0061 0.0178 0.0742 0.0188 0.0519 0.0064 0.0390 0.2523 0.0042 0.0063 0.0076 0.0115 0.0040 0.0082 
   H169607.6  1 0.0090 0.0097 0.0275 0.0096 0.0196 0.0053 0.0152 0.0068 0.0131 0.0062 0.0045 0.0240 0.0180 0.0098 0.0231 0.0107 0.1362 0.5869 0.0032 0.0041 0.0100 0.0201 0.0057 0.0217 
   H169607.7  1 0.0104 0.0125 0.0642 0.0182 0.0212 0.0118 0.0160 0.0071 0.1007 0.0132 0.0052 0.0403 0.0543 0.0049 0.0215 0.0113 0.0276 0.4315 0.0046 0.0105 0.0325 0.0450 0.0164 0.0193 
   H169607.8  1 0.0112 0.0166 0.0402 0.0095 0.0478 0.0043 0.0149 0.0088 0.0089 0.0158 0.0044 0.0097 0.0438 0.0556 0.0262 0.0063 0.1547 0.4064 0.0071 0.0041 0.0111 0.0139 0.0064 0.0722 
   H169633.1  1 0.0100 0.0036 0.0057 0.0092 0.0058 0.7284 0.0520 0.0083 0.0051 0.0103 0.0143 0.0054 0.0062 0.0165 0.0297 0.0145 0.0056 0.0055 0.0091 0.0164 0.0100 0.0081 0.0149 0.0050 
   H169633.2  1 0.0435 0.0053 0.0098 0.0038 0.0092 0.6869 0.0358 0.0041 0.0099 0.0047 0.0071 0.0144 0.0037 0.0045 0.0135 0.0129 0.0042 0.0048 0.0101 0.0158 0.0438 0.0302 0.0153 0.0066 
   H169633.3  1 0.0050 0.0058 0.0057 0.0120 0.0076 0.7689 0.0144 0.0085 0.0047 0.0054 0.0070 0.0100 0.0088 0.0129 0.0101 0.0091 0.0045 0.0059 0.0215 0.0239 0.0103 0.0150 0.0157 0.0073 
   H169633.4  1 0.0039 0.0042 0.0057 0.0128 0.0117 0.7679 0.0084 0.0154 0.0040 0.0147 0.0119 0.0071 0.0074 0.0257 0.0133 0.0150 0.0083 0.0056 0.0095 0.0111 0.0060 0.0062 0.0199 0.0043 
   H169633.5  1 0.0048 0.0044 0.0057 0.0124 0.0123 0.7546 0.0099 0.0180 0.0042 0.0130 0.0145 0.0095 0.0075 0.0314 0.0126 0.0110 0.0073 0.0080 0.0078 0.0120 0.0072 0.0071 0.0196 0.0054 
   H169688.1  1 0.0724 0.0059 0.0050 0.0123 0.0063 0.0123 0.4659 0.0051 0.0077 0.0048 0.0037 0.0254 0.0062 0.0152 0.0618 0.0337 0.0312 0.1484 0.0172 0.0040 0.0060 0.0087 0.0041 0.0364 
   H169688.2  1 0.0854 0.0090 0.0105 0.0081 0.0055 0.0052 0.7241 0.0053 0.0154 0.0033 0.0082 0.0094 0.0046 0.0051 0.0147 0.0134 0.0096 0.0114 0.0124 0.0055 0.0037 0.0106 0.0129 0.0068 
   H169688.3  1 0.0472 0.0136 0.0277 0.0199 0.0090 0.0092 0.6541 0.0085 0.0134 0.0039 0.0070 0.0051 0.0051 0.0073 0.0405 0.0103 0.0057 0.0316 0.0112 0.0057 0.0103 0.0046 0.0109 0.0382 
   H169688.4  1 0.0173 0.0072 0.0115 0.2221 0.0085 0.0072 0.5578 0.0058 0.0295 0.0072 0.0156 0.0058 0.0072 0.0060 0.0123 0.0137 0.0061 0.0097 0.0076 0.0043 0.0054 0.0065 0.0103 0.0154 
   H169688.5  1 0.0156 0.0071 0.0075 0.2022 0.0088 0.0087 0.5569 0.0072 0.0510 0.0100 0.0182 0.0063 0.0074 0.0056 0.0171 0.0117 0.0061 0.0097 0.0065 0.0040 0.0059 0.0070 0.0088 0.0107 
   H169688.6  1 0.0518 0.0149 0.0061 0.0235 0.0056 0.0115 0.5872 0.0064 0.0061 0.0062 0.0312 0.0864 0.0088 0.0061 0.0311 0.0131 0.0079 0.0263 0.0068 0.0030 0.0050 0.0055 0.0155 0.0340 
   H169688.7  1 0.0124 0.0175 0.0649 0.0260 0.0053 0.0109 0.5491 0.0083 0.0353 0.0072 0.0134 0.0042 0.0046 0.0094 0.0987 0.0125 0.0063 0.0148 0.0129 0.0176 0.0079 0.0119 0.0053 0.0437 
   H171901.1  1 0.2126 0.0099 0.0277 0.0225 0.0148 0.0086 0.0281 0.0120 0.1365 0.1058 0.0967 0.0065 0.0131 0.0128 0.0474 0.0195 0.0150 0.0983 0.0245 0.0366 0.0123 0.0104 0.0148 0.0139 
   H171901.2  1 0.0048 0.0083 0.0068 0.0126 0.0066 0.8018 0.0098 0.0051 0.0111 0.0088 0.0053 0.0042 0.0067 0.0206 0.0087 0.0039 0.0150 0.0101 0.0045 0.0150 0.0039 0.0087 0.0099 0.0078 
   H171901.3  1 0.0502 0.0143 0.0171 0.0136 0.0056 0.6380 0.0643 0.0169 0.0186 0.0223 0.0053 0.0109 0.0068 0.0174 0.0114 0.0171 0.0086 0.0196 0.0075 0.0098 0.0046 0.0082 0.0056 0.0066 
   H171901.4  1 0.0097 0.0093 0.0085 0.0110 0.0046 0.7525 0.0156 0.0057 0.0393 0.0094 0.0061 0.0064 0.0095 0.0107 0.0070 0.0058 0.0093 0.0220 0.0048 0.0084 0.0069 0.0118 0.0170 0.0087 
   H171901.5  1 0.0160 0.0234 0.0098 0.0093 0.0055 0.6327 0.0226 0.0071 0.0454 0.0169 0.0060 0.0081 0.0164 0.0123 0.0104 0.0046 0.0082 0.0790 0.0079 0.0116 0.0076 0.0072 0.0135 0.0185 
   H171901.6  1 0.0170 0.0237 0.0083 0.0251 0.0105 0.4072 0.0380 0.0100 0.0526 0.0301 0.0049 0.0188 0.0390 0.0270 0.0410 0.0037 0.0115 0.1356 0.0130 0.0145 0.0098 0.0074 0.0308 0.0204 
   H171901.7  1 0.0236 0.0386 0.0099 0.0270 0.0147 0.5418 0.0913 0.0140 0.0242 0.0100 0.0053 0.0245 0.0104 0.0177 0.0330 0.0077 0.0159 0.0196 0.0128 0.0125 0.0046 0.0209 0.0111 0.0091 
   H171902.1  1 0.0056 0.0126 0.0069 0.0106 0.0046 0.0084 0.0101 0.0043 0.0075 0.0076 0.0557 0.0127 0.0053 0.0093 0.0077 0.0058 0.0048 0.7455 0.0077 0.0041 0.0131 0.0092 0.0040 0.0369 
  H171902.10  1 0.0042 0.0131 0.0055 0.0069 0.0033 0.0231 0.0065 0.0026 0.0068 0.0057 0.0093 0.0124 0.0053 0.0119 0.0079 0.0053 0.0056 0.8324 0.0043 0.0065 0.0048 0.0039 0.0026 0.0100 
   H171902.2  1 0.0100 0.0062 0.0113 0.0089 0.0071 0.0118 0.0168 0.0052 0.0062 0.0063 0.0204 0.0113 0.0095 0.0065 0.0084 0.0200 0.0057 0.7457 0.0088 0.0051 0.0152 0.0250 0.0121 0.0166 
   H171902.3  1 0.0053 0.0110 0.0167 0.0105 0.0031 0.0312 0.0093 0.0031 0.0083 0.0064 0.0077 0.0117 0.0094 0.0055 0.0070 0.0050 0.0076 0.7994 0.0058 0.0062 0.0063 0.0068 0.0038 0.0128 
   H171902.4  1 0.0037 0.0038 0.0037 0.0091 0.0049 0.0883 0.0079 0.0036 0.0028 0.0040 0.0107 0.0043 0.0047 0.0239 0.0102 0.0046 0.0054 0.7706 0.0058 0.0056 0.0050 0.0077 0.0051 0.0047 
   H171902.6  1 0.0031 0.0132 0.0052 0.0064 0.0030 0.0217 0.0053 0.0032 0.0039 0.0066 0.0086 0.0110 0.0054 0.0108 0.0070 0.0036 0.0077 0.8413 0.0060 0.0064 0.0054 0.0042 0.0031 0.0083 
   H171902.7  1 0.0042 0.0051 0.0034 0.0052 0.0050 0.0172 0.0039 0.0032 0.0061 0.0059 0.0154 0.0045 0.0056 0.0075 0.0110 0.0034 0.0053 0.8611 0.0044 0.0061 0.0035 0.0039 0.0031 0.0057 
   H171902.8  1 0.0056 0.0134 0.0068 0.0073 0.0041 0.0171 0.0056 0.0042 0.0075 0.0063 0.0203 0.0124 0.0068 0.0083 0.0058 0.0047 0.0065 0.8206 0.0061 0.0061 0.0052 0.0045 0.0037 0.0110 
   H171902.9  1 0.0064 0.0090 0.0072 0.0450 0.0065 0.0059 0.0056 0.0029 0.0069 0.0090 0.0197 0.0048 0.0080 0.0091 0.0072 0.0040 0.0051 0.7949 0.0071 0.0042 0.0043 0.0064 0.0052 0.0156 
   H171903.1  1 0.0091 0.0605 0.0082 0.0618 0.0760 0.0149 0.0118 0.0148 0.0678 0.0112 0.0041 0.0172 0.0407 0.0111 0.0238 0.0045 0.4043 0.0776 0.0061 0.0091 0.0239 0.0117 0.0122 0.0176 
   H171903.2  1 0.0079 0.0441 0.0590 0.0261 0.0444 0.0068 0.0100 0.0286 0.0475 0.0186 0.0124 0.0157 0.0319 0.0090 0.0147 0.0057 0.5021 0.0078 0.0084 0.0066 0.0210 0.0363 0.0174 0.0179 
   H171903.3  1 0.0284 0.0812 0.0170 0.0348 0.0351 0.0177 0.0382 0.0686 0.1200 0.0198 0.0198 0.0371 0.0634 0.0339 0.0220 0.0073 0.1383 0.0437 0.0237 0.0303 0.0566 0.0272 0.0114 0.0246 
   H171903.4  1 0.1195 0.0171 0.0068 0.0169 0.0335 0.0055 0.0215 0.0099 0.0409 0.0426 0.0064 0.0082 0.0203 0.0186 0.0638 0.0162 0.0267 0.4706 0.0120 0.0123 0.0048 0.0056 0.0100 0.0103 
   H171903.5  1 0.0204 0.0465 0.1611 0.0441 0.0231 0.0345 0.0823 0.1360 0.0870 0.0112 0.0102 0.0162 0.0323 0.0064 0.0175 0.0081 0.0667 0.0413 0.0153 0.0106 0.0605 0.0315 0.0130 0.0245 
   H171903.6  1 0.0161 0.0223 0.0165 0.0243 0.0506 0.0460 0.2008 0.0497 0.1583 0.0247 0.0044 0.0174 0.0671 0.0071 0.0241 0.0089 0.0555 0.1238 0.0117 0.0067 0.0061 0.0124 0.0052 0.0404 
      H177.1  1 0.2741 0.1010 0.0087 0.0248 0.0118 0.2269 0.0326 0.0068 0.0194 0.0151 0.0097 0.0638 0.0234 0.0686 0.0144 0.0044 0.0245 0.0207 0.0128 0.0101 0.0054 0.0062 0.0051 0.0097 
      H177.2  1 0.0089 0.0490 0.0950 0.0102 0.0179 0.1109 0.0259 0.0298 0.0213 0.0323 0.0125 0.0485 0.1075 0.0406 0.0693 0.0191 0.0156 0.0117 0.0106 0.0188 0.0117 0.0434 0.0075 0.1821 
      H177.3  1 0.0082 0.0888 0.0366 0.0133 0.0070 0.2896 0.0200 0.0147 0.0205 0.1618 0.0153 0.0469 0.0602 0.0392 0.0411 0.0049 0.0149 0.0228 0.0229 0.0217 0.0063 0.0112 0.0063 0.0257 
      H177.4  1 0.1781 0.0308 0.0093 0.0066 0.0115 0.0860 0.0153 0.0128 0.0073 0.0124 0.0088 0.4193 0.0227 0.0151 0.0484 0.0035 0.0226 0.0096 0.0094 0.0101 0.0067 0.0069 0.0137 0.0330 
      H177.5  1 0.4601 0.1059 0.0071 0.0170 0.0249 0.0169 0.0465 0.0290 0.0242 0.0125 0.0077 0.0162 0.0692 0.0233 0.0156 0.0098 0.0264 0.0111 0.0126 0.0085 0.0039 0.0117 0.0235 0.0164 
      H177.6  1 0.0116 0.0763 0.0216 0.0122 0.0062 0.4741 0.0189 0.0103 0.0193 0.1453 0.0135 0.0185 0.0213 0.0412 0.0133 0.0036 0.0119 0.0122 0.0191 0.0145 0.0067 0.0131 0.0050 0.0103 
      H179.1  1 0.0388 0.0207 0.0238 0.0081 0.0151 0.0123 0.0741 0.0109 0.0091 0.0291 0.0050 0.5042 0.0542 0.0128 0.0064 0.0070 0.0042 0.0234 0.0478 0.0069 0.0392 0.0123 0.0208 0.0142 
      H179.2  1 0.0158 0.0081 0.0120 0.0108 0.0148 0.0072 0.0145 0.0100 0.0145 0.0098 0.0043 0.7126 0.0286 0.0077 0.0046 0.0043 0.0061 0.0249 0.0181 0.0090 0.0372 0.0073 0.0065 0.0114 
      H179.3  1 0.0635 0.0198 0.0404 0.0175 0.0349 0.0048 0.2107 0.0239 0.0176 0.0304 0.0057 0.3616 0.0308 0.0084 0.0063 0.0116 0.0133 0.0113 0.0153 0.0066 0.0294 0.0133 0.0123 0.0106 
      H179.4  1 0.0122 0.0110 0.0236 0.0051 0.0096 0.0114 0.0117 0.0079 0.0087 0.0075 0.0035 0.7778 0.0140 0.0087 0.0064 0.0081 0.0039 0.0078 0.0128 0.0087 0.0092 0.0138 0.0064 0.0102 
      H180.1  1 0.0048 0.0109 0.0059 0.0107 0.0047 0.0050 0.0175 0.0108 0.8307 0.0032 0.0086 0.0089 0.0042 0.0054 0.0026 0.0130 0.0051 0.0053 0.0050 0.0092 0.0142 0.0040 0.0059 0.0047 
      H180.2  1 0.0080 0.0076 0.0036 0.0199 0.0073 0.0085 0.0133 0.0044 0.7937 0.0105 0.0092 0.0107 0.0069 0.0068 0.0039 0.0230 0.0072 0.0047 0.0089 0.0046 0.0062 0.0044 0.0207 0.0060 
      H180.3  1 0.0045 0.0150 0.0058 0.2214 0.0254 0.0067 0.0050 0.0225 0.4913 0.0075 0.0174 0.0074 0.0057 0.0029 0.0058 0.0068 0.0123 0.0053 0.0255 0.0051 0.0424 0.0336 0.0073 0.0175 
      H180.4  1 0.0130 0.0158 0.0126 0.0231 0.0128 0.0205 0.0243 0.0133 0.6187 0.0056 0.0235 0.0173 0.0060 0.0066 0.0055 0.0241 0.0072 0.0130 0.0092 0.0195 0.0067 0.0147 0.0741 0.0129 
      H180.5  1 0.0125 0.0194 0.0059 0.0232 0.0224 0.0107 0.0139 0.0083 0.6873 0.0052 0.0211 0.0142 0.0127 0.0069 0.0064 0.0211 0.0105 0.0058 0.0047 0.0385 0.0079 0.0161 0.0124 0.0131 
      H180.6  1 0.0085 0.0121 0.0209 0.0384 0.0801 0.0208 0.0061 0.0094 0.2234 0.0139 0.0435 0.0088 0.0053 0.0038 0.0144 0.0310 0.0158 0.0093 0.0135 0.0431 0.0126 0.3170 0.0211 0.0273 
      H181.1  1 0.0063 0.0152 0.0095 0.0100 0.0061 0.1787 0.0441 0.1498 0.0167 0.0093 0.0136 0.1192 0.0117 0.0091 0.0116 0.2065 0.0705 0.0416 0.0083 0.0170 0.0074 0.0063 0.0081 0.0234 
      H181.2  1 0.0124 0.0280 0.0095 0.0131 0.0053 0.0641 0.0265 0.0254 0.0178 0.0060 0.0223 0.3030 0.0119 0.0173 0.0398 0.1384 0.0253 0.0896 0.0098 0.0690 0.0108 0.0088 0.0114 0.0346 
      H181.3  1 0.0120 0.0266 0.0130 0.0055 0.0053 0.0786 0.0388 0.0101 0.0274 0.0084 0.0190 0.1867 0.0170 0.0355 0.0127 0.2521 0.0173 0.0437 0.0057 0.0277 0.0044 0.0207 0.0088 0.1230 
      H181.4  1 0.0106 0.0318 0.0209 0.0650 0.0088 0.1155 0.0120 0.2435 0.0343 0.0132 0.0040 0.0339 0.0279 0.0203 0.0310 0.0554 0.0254 0.0292 0.0133 0.0302 0.0061 0.0128 0.0095 0.1454 
      H181.5  1 0.0239 0.0046 0.0317 0.0053 0.0077 0.0134 0.0140 0.0125 0.0090 0.0071 0.0142 0.5280 0.0138 0.0193 0.0084 0.0988 0.0091 0.0213 0.0370 0.0385 0.0177 0.0129 0.0114 0.0405 
      H181.6  1 0.0126 0.0110 0.0219 0.0266 0.0058 0.0122 0.0093 0.0211 0.0349 0.0133 0.0055 0.6234 0.0116 0.0128 0.0084 0.0123 0.0147 0.0171 0.0088 0.0308 0.0290 0.0069 0.0361 0.0138 
      H181.7  1 0.0045 0.0051 0.0816 0.0220 0.0081 0.0311 0.0267 0.0318 0.0136 0.0076 0.0076 0.6221 0.0074 0.0086 0.0111 0.0240 0.0101 0.0095 0.0041 0.0040 0.0052 0.0159 0.0090 0.0292 
 H194.1_2004  1 0.0100 0.0270 0.0067 0.0265 0.0188 0.0179 0.0102 0.0096 0.0338 0.0089 0.0070 0.0079 0.0131 0.0300 0.5615 0.0059 0.0285 0.1058 0.0141 0.0139 0.0084 0.0132 0.0086 0.0129 
 H194.2_2004  1 0.1377 0.0114 0.0035 0.0078 0.0100 0.0078 0.0069 0.0077 0.0142 0.0078 0.0120 0.0039 0.0088 0.0155 0.5730 0.0045 0.0330 0.0888 0.0071 0.0211 0.0041 0.0054 0.0040 0.0041 
 H194.3_2004  1 0.0113 0.0197 0.0063 0.0071 0.0093 0.0497 0.0102 0.0059 0.0052 0.0074 0.0102 0.0175 0.0061 0.0354 0.5422 0.0032 0.0099 0.0681 0.1403 0.0109 0.0060 0.0063 0.0055 0.0064 
 H194.4_2004  1 0.1137 0.0102 0.0050 0.0082 0.0068 0.0326 0.0063 0.0065 0.0049 0.0052 0.0124 0.0087 0.0069 0.0129 0.6329 0.0039 0.0547 0.0254 0.0135 0.0096 0.0049 0.0065 0.0044 0.0039 
 H194.5_2004  1 0.0143 0.0143 0.0107 0.0110 0.0077 0.0408 0.0081 0.0086 0.0093 0.0096 0.0047 0.0150 0.0138 0.0440 0.5118 0.0064 0.0068 0.1450 0.0672 0.0081 0.0102 0.0162 0.0093 0.0074 
 H194.6_2004  1 0.1874 0.0315 0.0099 0.0166 0.0081 0.1569 0.0131 0.0096 0.0076 0.0139 0.0057 0.0370 0.0094 0.0140 0.1330 0.0065 0.0202 0.0390 0.2263 0.0122 0.0076 0.0134 0.0070 0.0141 
 H194.7_2004  1 0.0107 0.0083 0.0063 0.0149 0.0259 0.0094 0.0081 0.0077 0.0078 0.0046 0.0062 0.0088 0.0342 0.0086 0.5720 0.0066 0.1112 0.0581 0.0123 0.0090 0.0048 0.0536 0.0060 0.0049 
 H194.8_2004  1 0.1860 0.0105 0.0091 0.0180 0.0070 0.0658 0.0060 0.0109 0.0096 0.0125 0.0096 0.0205 0.0147 0.0190 0.4214 0.0065 0.0250 0.0526 0.0352 0.0155 0.0063 0.0223 0.0068 0.0090 
      H194.9  1 0.0145 0.0087 0.0058 0.0216 0.0219 0.0113 0.0074 0.0062 0.0071 0.0078 0.0089 0.0075 0.0140 0.0164 0.6230 0.0091 0.0209 0.0771 0.0122 0.0088 0.0076 0.0674 0.0090 0.0057 
 H195.1_2003  1 0.0251 0.0136 0.0149 0.0049 0.0047 0.0092 0.0075 0.0059 0.0104 0.0052 0.0038 0.0096 0.0093 0.0071 0.7293 0.0077 0.0088 0.0183 0.0091 0.0142 0.0082 0.0050 0.0582 0.0099 
 H195.1_2004  1 0.0034 0.0060 0.0045 0.0046 0.0043 0.0117 0.0121 0.0067 0.0050 0.0067 0.0087 0.0046 0.0039 0.0055 0.8342 0.0168 0.0045 0.0063 0.0049 0.0265 0.0026 0.0033 0.0049 0.0083 
 H195.2_2003  1 0.0070 0.0083 0.0066 0.0149 0.0042 0.0047 0.0153 0.0040 0.0102 0.0109 0.0050 0.0055 0.0107 0.0123 0.7688 0.0051 0.0170 0.0145 0.0056 0.0051 0.0091 0.0179 0.0158 0.0216 
 H195.2_2004  1 0.0043 0.0026 0.0047 0.0035 0.0043 0.0067 0.0034 0.0034 0.0040 0.0030 0.0058 0.0042 0.0050 0.0044 0.8985 0.0065 0.0042 0.0035 0.0044 0.0059 0.0035 0.0044 0.0057 0.0041 
 H195.3_2003  1 0.0208 0.0210 0.0057 0.0448 0.0061 0.0042 0.0239 0.0052 0.0186 0.0120 0.0065 0.0056 0.0369 0.0096 0.5662 0.0068 0.0324 0.0510 0.0091 0.0057 0.0063 0.0110 0.0587 0.0317 
 H195.3_2004  1 0.0037 0.0048 0.0033 0.0035 0.0035 0.0109 0.0051 0.0039 0.0027 0.0037 0.0047 0.0041 0.0035 0.0060 0.8843 0.0054 0.0095 0.0063 0.0050 0.0077 0.0030 0.0034 0.0058 0.0063 
 H195.4_2003  1 0.0060 0.0049 0.0076 0.0035 0.0037 0.0057 0.0041 0.0052 0.0054 0.0066 0.0029 0.0050 0.0067 0.0052 0.8514 0.0044 0.0084 0.0105 0.0058 0.0190 0.0054 0.0036 0.0124 0.0065 
 H195.4_2004  1 0.0055 0.0037 0.0047 0.0032 0.0046 0.0040 0.0079 0.0046 0.0035 0.0048 0.0043 0.0045 0.0040 0.0039 0.8870 0.0108 0.0079 0.0043 0.0057 0.0047 0.0029 0.0044 0.0039 0.0050 
 H195.5_2003  1 0.0202 0.0156 0.0167 0.0081 0.0058 0.0096 0.0113 0.0062 0.0153 0.0103 0.0041 0.0100 0.0076 0.0138 0.5821 0.0212 0.0113 0.0257 0.0075 0.0276 0.0062 0.0048 0.1493 0.0098 
 H195.5_2004  1 0.0040 0.0053 0.0037 0.0047 0.0058 0.0069 0.0069 0.0046 0.0031 0.0060 0.0075 0.0074 0.0033 0.0060 0.8583 0.0159 0.0075 0.0054 0.0063 0.0064 0.0030 0.0040 0.0084 0.0098 
 H195.6_2003  1 0.0046 0.0080 0.0038 0.0109 0.0056 0.0037 0.0097 0.0035 0.0103 0.0075 0.0037 0.0035 0.0083 0.0060 0.8329 0.0049 0.0174 0.0089 0.0035 0.0049 0.0049 0.0049 0.0149 0.0137 
 H195.6_2004  1 0.0038 0.0039 0.0059 0.0025 0.0051 0.0050 0.0030 0.0028 0.0031 0.0035 0.0054 0.0047 0.0037 0.0040 0.8963 0.0045 0.0087 0.0046 0.0068 0.0042 0.0036 0.0033 0.0058 0.0057 
 H195.7_2003  1 0.0288 0.0057 0.0111 0.0035 0.0054 0.0071 0.0120 0.0052 0.0064 0.0061 0.0028 0.0071 0.0128 0.0063 0.8075 0.0066 0.0063 0.0141 0.0058 0.0067 0.0061 0.0072 0.0090 0.0106 
 H195.7_2004  1 0.0033 0.0036 0.0046 0.0065 0.0043 0.0045 0.0089 0.0056 0.0050 0.0050 0.0200 0.0041 0.0048 0.0057 0.8543 0.0142 0.0054 0.0044 0.0038 0.0115 0.0029 0.0041 0.0073 0.0061 
      H195.8  1 0.0045 0.0037 0.0039 0.0069 0.0052 0.0049 0.0083 0.0044 0.0037 0.0079 0.0046 0.0048 0.0035 0.0052 0.8384 0.0399 0.0067 0.0050 0.0044 0.0126 0.0028 0.0053 0.0058 0.0075 
      H195.9  1 0.0044 0.0060 0.0044 0.0030 0.0082 0.0075 0.0053 0.0049 0.0036 0.0038 0.0038 0.0047 0.0051 0.0063 0.8781 0.0052 0.0103 0.0054 0.0050 0.0060 0.0033 0.0050 0.0041 0.0067 
      H415.1  1 0.0307 0.0203 0.0103 0.1535 0.0191 0.1055 0.0103 0.0105 0.0171 0.0088 0.0676 0.0046 0.0081 0.0160 0.0438 0.0066 0.0059 0.0344 0.0119 0.0123 0.3617 0.0256 0.0103 0.0050 
      H415.2  1 0.0099 0.1216 0.0058 0.0346 0.0116 0.0330 0.0361 0.0142 0.0203 0.0211 0.0167 0.0102 0.0123 0.2944 0.0231 0.0033 0.0053 0.1139 0.0668 0.0052 0.0947 0.0058 0.0102 0.0298 
      H415.3  1 0.0127 0.0657 0.0140 0.0082 0.0042 0.0716 0.0094 0.0120 0.0261 0.0047 0.0084 0.0178 0.0232 0.0119 0.0117 0.0032 0.0028 0.0185 0.0068 0.0177 0.6259 0.0055 0.0070 0.0111 
      H415.4  1 0.0098 0.0062 0.0074 0.0616 0.0135 0.0169 0.0037 0.0125 0.0117 0.0073 0.0134 0.0044 0.0075 0.0144 0.0177 0.0091 0.0041 0.0283 0.0131 0.0409 0.6644 0.0201 0.0069 0.0051 
      H415.5  1 0.0142 0.0665 0.0107 0.0067 0.0040 0.0965 0.0063 0.0127 0.0369 0.0047 0.0119 0.0109 0.0133 0.0118 0.0148 0.0038 0.0030 0.0207 0.0122 0.0242 0.5925 0.0058 0.0078 0.0081 
      H415.6  1 0.0091 0.0073 0.0060 0.0609 0.0155 0.0226 0.0035 0.0110 0.0139 0.0088 0.0198 0.0038 0.0076 0.0123 0.0162 0.0082 0.0049 0.0269 0.0118 0.0329 0.6635 0.0218 0.0056 0.0062 
      H415.7  1 0.0102 0.0232 0.0087 0.0143 0.0054 0.0725 0.0812 0.0090 0.0240 0.0156 0.0176 0.0285 0.0408 0.0585 0.0373 0.0039 0.0041 0.0569 0.0209 0.0137 0.2891 0.0075 0.0069 0.1506 
      H506.1  1 0.0042 0.0055 0.0055 0.0026 0.0068 0.0075 0.0055 0.0036 0.0036 0.0042 0.0043 0.8820 0.0045 0.0040 0.0034 0.0049 0.0027 0.0035 0.0084 0.0030 0.0101 0.0046 0.0071 0.0085 
      H506.2  1 0.0049 0.0055 0.0086 0.0027 0.0050 0.0155 0.0050 0.0060 0.0038 0.0051 0.0079 0.8513 0.0093 0.0056 0.0099 0.0030 0.0032 0.0038 0.0080 0.0048 0.0073 0.0051 0.0053 0.0133 
      H506.3  1 0.0083 0.0215 0.0045 0.0047 0.0136 0.0119 0.0502 0.0092 0.0061 0.0051 0.0338 0.6637 0.0077 0.0060 0.0068 0.0231 0.0041 0.0070 0.0117 0.0050 0.0094 0.0061 0.0170 0.0635 
      H506.4  1 0.0041 0.0055 0.0040 0.0039 0.0088 0.0072 0.0091 0.0053 0.0045 0.0060 0.0066 0.8627 0.0084 0.0029 0.0039 0.0043 0.0045 0.0058 0.0072 0.0034 0.0125 0.0037 0.0070 0.0088 
      H506.5  1 0.0044 0.0038 0.0055 0.0028 0.0047 0.0080 0.0083 0.0038 0.0043 0.0048 0.0064 0.8752 0.0078 0.0051 0.0044 0.0040 0.0042 0.0040 0.0054 0.0031 0.0111 0.0036 0.0065 0.0088 
      H506.6  1 0.0120 0.0172 0.0277 0.0049 0.0079 0.0068 0.1907 0.0211 0.0090 0.0620 0.0374 0.4240 0.0196 0.0080 0.0155 0.0102 0.0138 0.0059 0.0086 0.0056 0.0115 0.0064 0.0115 0.0628 
      H506.7  1 0.0050 0.0045 0.0042 0.0023 0.0059 0.0104 0.0075 0.0036 0.0039 0.0041 0.0065 0.8707 0.0081 0.0053 0.0066 0.0050 0.0041 0.0037 0.0081 0.0036 0.0063 0.0039 0.0062 0.0105 
      H533.1  1 0.0040 0.0060 0.0378 0.0026 0.0052 0.0152 0.0046 0.0077 0.0059 0.0055 0.0100 0.8367 0.0046 0.0035 0.0052 0.0054 0.0030 0.0038 0.0054 0.0048 0.0062 0.0043 0.0059 0.0068 
      H533.2  1 0.0036 0.0049 0.0411 0.0030 0.0054 0.0375 0.0053 0.0072 0.0057 0.0064 0.0172 0.8008 0.0041 0.0034 0.0045 0.0062 0.0024 0.0035 0.0047 0.0042 0.0094 0.0060 0.0061 0.0074 
      H533.3  1 0.0032 0.0141 0.0166 0.0044 0.0103 0.0114 0.0093 0.0281 0.0060 0.0113 0.0055 0.8088 0.0089 0.0058 0.0049 0.0040 0.0067 0.0067 0.0045 0.0032 0.0092 0.0073 0.0044 0.0056 
      H533.4  1 0.0060 0.0201 0.0184 0.0044 0.0059 0.0295 0.0110 0.0172 0.0140 0.0236 0.0108 0.7553 0.0068 0.0075 0.0132 0.0058 0.0063 0.0079 0.0051 0.0046 0.0109 0.0047 0.0050 0.0060 
      H535.1  1 0.0063 0.0065 0.0061 0.0102 0.0042 0.0070 0.0046 0.0040 0.0063 0.0146 0.0046 0.8417 0.0095 0.0049 0.0058 0.0033 0.0078 0.0073 0.0125 0.0068 0.0068 0.0044 0.0056 0.0092 
      H535.2  1 0.0052 0.0032 0.0037 0.0032 0.0050 0.0054 0.0052 0.0059 0.0035 0.0038 0.0027 0.8896 0.0052 0.0045 0.0068 0.0057 0.0053 0.0044 0.0042 0.0057 0.0032 0.0054 0.0067 0.0066 
      H535.3  1 0.0043 0.0029 0.0037 0.0040 0.0051 0.0034 0.0043 0.0049 0.0035 0.0063 0.0032 0.8828 0.0043 0.0042 0.0060 0.0105 0.0057 0.0053 0.0054 0.0060 0.0028 0.0050 0.0096 0.0068 
      H535.4  1 0.0032 0.0038 0.0035 0.0040 0.0043 0.0076 0.0033 0.0044 0.0040 0.0028 0.0023 0.8982 0.0042 0.0042 0.0065 0.0044 0.0035 0.0039 0.0042 0.0068 0.0060 0.0030 0.0070 0.0049 
      H535.5  1 0.0044 0.0061 0.0035 0.0043 0.0038 0.0071 0.0043 0.0041 0.0044 0.0048 0.0033 0.9003 0.0042 0.0034 0.0045 0.0034 0.0037 0.0037 0.0057 0.0030 0.0060 0.0035 0.0038 0.0048 
      H535.6  1 0.0183 0.0063 0.0076 0.0179 0.0062 0.0039 0.0054 0.0066 0.0057 0.0236 0.0046 0.7553 0.0085 0.0056 0.0112 0.0063 0.0175 0.0314 0.0180 0.0119 0.0046 0.0044 0.0040 0.0153 
      H535.7  1 0.0039 0.0047 0.0036 0.0032 0.0041 0.0050 0.0029 0.0036 0.0032 0.0050 0.0040 0.9125 0.0035 0.0031 0.0032 0.0028 0.0034 0.0024 0.0063 0.0026 0.0045 0.0029 0.0053 0.0043 
      H535.8  1 0.0102 0.0045 0.0053 0.0049 0.0040 0.0053 0.0033 0.0043 0.0032 0.0055 0.0030 0.8796 0.0058 0.0049 0.0065 0.0056 0.0040 0.0055 0.0067 0.0043 0.0061 0.0041 0.0053 0.0080 
      H535.9  1 0.0036 0.0040 0.0035 0.0111 0.0046 0.0041 0.0040 0.0036 0.0057 0.0131 0.0046 0.8729 0.0049 0.0051 0.0049 0.0049 0.0087 0.0065 0.0049 0.0059 0.0036 0.0027 0.0074 0.0056 
      H539.1  1 0.0029 0.0035 0.0035 0.9051 0.0035 0.0030 0.0036 0.0032 0.0041 0.0146 0.0047 0.0027 0.0036 0.0046 0.0041 0.0025 0.0056 0.0044 0.0029 0.0029 0.0036 0.0044 0.0033 0.0037 
      H539.2  1 0.0146 0.0442 0.0111 0.6817 0.0196 0.0062 0.0387 0.0135 0.0221 0.0044 0.0108 0.0150 0.0058 0.0096 0.0065 0.0265 0.0124 0.0086 0.0058 0.0049 0.0094 0.0084 0.0092 0.0110 
      H539.3  1 0.0136 0.0090 0.0042 0.8028 0.0245 0.0038 0.0067 0.0045 0.0068 0.0048 0.0079 0.0103 0.0040 0.0088 0.0111 0.0079 0.0252 0.0082 0.0087 0.0042 0.0036 0.0069 0.0064 0.0060 
      H539.4  1 0.0054 0.0102 0.0113 0.8335 0.0051 0.0047 0.0194 0.0088 0.0081 0.0094 0.0131 0.0040 0.0067 0.0058 0.0032 0.0056 0.0050 0.0036 0.0040 0.0034 0.0057 0.0084 0.0072 0.0084 
      H539.5  1 0.0029 0.0037 0.0033 0.9127 0.0052 0.0031 0.0028 0.0028 0.0039 0.0048 0.0042 0.0028 0.0044 0.0037 0.0033 0.0034 0.0052 0.0042 0.0045 0.0036 0.0037 0.0050 0.0024 0.0043 
      H539.6  1 0.0041 0.0038 0.0042 0.8947 0.0063 0.0031 0.0027 0.0035 0.0065 0.0072 0.0040 0.0033 0.0048 0.0034 0.0045 0.0046 0.0055 0.0081 0.0038 0.0052 0.0041 0.0046 0.0032 0.0048 
      H539.7  1 0.0043 0.0039 0.0029 0.9061 0.0033 0.0037 0.0050 0.0041 0.0054 0.0062 0.0031 0.0030 0.0048 0.0044 0.0038 0.0032 0.0038 0.0058 0.0040 0.0046 0.0034 0.0035 0.0033 0.0043 
      H539.8  1 0.0194 0.0069 0.0044 0.7855 0.0237 0.0045 0.0094 0.0079 0.0053 0.0047 0.0126 0.0162 0.0070 0.0065 0.0067 0.0126 0.0081 0.0084 0.0174 0.0055 0.0046 0.0034 0.0133 0.0058 
      H539.9  1 0.0043 0.0073 0.0059 0.8825 0.0051 0.0032 0.0086 0.0059 0.0051 0.0063 0.0080 0.0028 0.0045 0.0041 0.0036 0.0038 0.0062 0.0039 0.0035 0.0026 0.0051 0.0062 0.0051 0.0065 
      H540.1  1 0.0048 0.0224 0.0108 0.7592 0.0123 0.0057 0.0072 0.0171 0.0078 0.0172 0.0070 0.0074 0.0163 0.0092 0.0113 0.0055 0.0099 0.0158 0.0052 0.0057 0.0049 0.0045 0.0039 0.0290 
      H540.2  1 0.0046 0.0091 0.0070 0.8640 0.0074 0.0054 0.0042 0.0096 0.0054 0.0073 0.0032 0.0042 0.0090 0.0121 0.0051 0.0025 0.0055 0.0073 0.0058 0.0042 0.0041 0.0029 0.0034 0.0068 
      H540.3  1 0.0163 0.0134 0.0069 0.3339 0.0075 0.0122 0.0451 0.0273 0.0091 0.0689 0.2303 0.0044 0.0149 0.0237 0.0115 0.0100 0.0062 0.0224 0.0708 0.0228 0.0114 0.0054 0.0062 0.0194 
      H540.4  1 0.0064 0.0075 0.0132 0.8354 0.0079 0.0040 0.0077 0.0093 0.0046 0.0081 0.0031 0.0085 0.0121 0.0056 0.0067 0.0039 0.0049 0.0113 0.0051 0.0100 0.0044 0.0030 0.0040 0.0133 
      H540.5  1 0.0087 0.0119 0.0111 0.8055 0.0046 0.0058 0.0081 0.0072 0.0054 0.0067 0.0161 0.0044 0.0093 0.0230 0.0041 0.0072 0.0077 0.0076 0.0095 0.0084 0.0048 0.0066 0.0038 0.0126 
      H540.6  1 0.0103 0.0162 0.0239 0.6885 0.0143 0.0087 0.0148 0.0163 0.0046 0.0117 0.0095 0.0084 0.0128 0.0190 0.0064 0.0192 0.0184 0.0138 0.0094 0.0105 0.0057 0.0089 0.0045 0.0444 
      H540.7  1 0.0046 0.0172 0.0066 0.8274 0.0080 0.0100 0.0058 0.0098 0.0057 0.0056 0.0042 0.0068 0.0121 0.0174 0.0062 0.0043 0.0051 0.0082 0.0054 0.0058 0.0066 0.0054 0.0050 0.0069 
      H540.8  1 0.0059 0.0192 0.0073 0.7977 0.0069 0.0122 0.0078 0.0155 0.0136 0.0091 0.0047 0.0073 0.0124 0.0072 0.0087 0.0030 0.0066 0.0221 0.0087 0.0051 0.0046 0.0043 0.0034 0.0067 
     H9558.1  1 0.0055 0.0079 0.0124 0.8268 0.0033 0.0031 0.0062 0.0028 0.0080 0.0402 0.0064 0.0091 0.0037 0.0037 0.0050 0.0040 0.0089 0.0100 0.0061 0.0038 0.0064 0.0057 0.0059 0.0052 
     H9558.2  1 0.0122 0.0076 0.0230 0.7501 0.0042 0.0035 0.0106 0.0054 0.0052 0.0389 0.0099 0.0161 0.0087 0.0081 0.0044 0.0077 0.0121 0.0094 0.0078 0.0036 0.0091 0.0217 0.0116 0.0091 
     H9558.3  1 0.0052 0.0051 0.0078 0.8220 0.0080 0.0032 0.0044 0.0073 0.0066 0.0076 0.0089 0.0085 0.0083 0.0096 0.0043 0.0056 0.0101 0.0070 0.0094 0.0047 0.0109 0.0098 0.0136 0.0123 
     H9558.4  1 0.0044 0.0122 0.0116 0.8472 0.0031 0.0029 0.0071 0.0036 0.0085 0.0212 0.0084 0.0103 0.0049 0.0048 0.0034 0.0043 0.0070 0.0046 0.0040 0.0026 0.0069 0.0058 0.0061 0.0051 
     H9558.5  1 0.0053 0.0103 0.0045 0.8564 0.0039 0.0039 0.0140 0.0094 0.0050 0.0059 0.0170 0.0049 0.0047 0.0048 0.0021 0.0056 0.0027 0.0031 0.0055 0.0034 0.0084 0.0033 0.0095 0.0062 
     H9558.6  1 0.0069 0.0062 0.0077 0.7287 0.0352 0.0040 0.0032 0.0353 0.0051 0.0216 0.0087 0.0051 0.0065 0.0079 0.0049 0.0031 0.0074 0.0095 0.0124 0.0053 0.0059 0.0290 0.0083 0.0322 
    kos339.1  1 0.0041 0.0115 0.0095 0.0046 0.0104 0.8337 0.0068 0.0066 0.0052 0.0054 0.0043 0.0121 0.0135 0.0101 0.0041 0.0039 0.0044 0.0054 0.0037 0.0033 0.0086 0.0137 0.0041 0.0107 
    kos339.2  1 0.0046 0.0035 0.0128 0.0045 0.0140 0.8601 0.0037 0.0065 0.0041 0.0036 0.0063 0.0066 0.0066 0.0054 0.0059 0.0048 0.0036 0.0042 0.0056 0.0065 0.0072 0.0071 0.0074 0.0052 
    kos339.3  1 0.0032 0.0044 0.0036 0.0036 0.0040 0.9087 0.0039 0.0051 0.0047 0.0031 0.0034 0.0055 0.0044 0.0035 0.0036 0.0028 0.0032 0.0052 0.0038 0.0029 0.0062 0.0036 0.0034 0.0041 
    kos339.4  1 0.0038 0.0037 0.0048 0.0048 0.0040 0.8957 0.0039 0.0058 0.0045 0.0037 0.0041 0.0048 0.0045 0.0036 0.0052 0.0044 0.0036 0.0059 0.0044 0.0041 0.0078 0.0054 0.0040 0.0036 
    kos339.5  1 0.0040 0.0112 0.0046 0.0047 0.0046 0.8736 0.0042 0.0042 0.0046 0.0043 0.0029 0.0063 0.0114 0.0066 0.0034 0.0038 0.0037 0.0049 0.0052 0.0047 0.0051 0.0076 0.0046 0.0095 
    kos339.6  1 0.0034 0.0041 0.0033 0.0031 0.0044 0.8978 0.0036 0.0059 0.0030 0.0039 0.0045 0.0043 0.0073 0.0066 0.0063 0.0039 0.0036 0.0040 0.0041 0.0042 0.0054 0.0041 0.0038 0.0055 
    kos339.7  1 0.0029 0.0036 0.0045 0.0034 0.0078 0.9040 0.0032 0.0055 0.0045 0.0040 0.0035 0.0073 0.0048 0.0033 0.0044 0.0029 0.0030 0.0047 0.0037 0.0029 0.0050 0.0043 0.0025 0.0044 
    kos339.8  1 0.0061 0.0048 0.0054 0.0036 0.0050 0.8741 0.0051 0.0071 0.0046 0.0037 0.0063 0.0067 0.0072 0.0045 0.0044 0.0060 0.0025 0.0043 0.0047 0.0039 0.0132 0.0048 0.0063 0.0059 
    kos339.9  1 0.0037 0.0118 0.0087 0.0101 0.0107 0.8479 0.0036 0.0039 0.0079 0.0045 0.0045 0.0057 0.0079 0.0075 0.0074 0.0036 0.0054 0.0068 0.0050 0.0057 0.0056 0.0069 0.0068 0.0084 
      H008.1  2 0.0064 0.0079 0.0074 0.0295 0.7583 0.0058 0.0099 0.0088 0.0079 0.0093 0.0045 0.0061 0.0052 0.0100 0.0051 0.0091 0.0057 0.0051 0.0075 0.0063 0.0053 0.0649 0.0082 0.0059 
      H008.2  2 0.0081 0.0300 0.0390 0.0439 0.6427 0.0126 0.0191 0.0218 0.0067 0.0148 0.0159 0.0107 0.0068 0.0213 0.0042 0.0222 0.0083 0.0049 0.0062 0.0040 0.0061 0.0066 0.0384 0.0055 
      H008.3  2 0.0132 0.0275 0.0200 0.0173 0.6045 0.0074 0.0121 0.0088 0.0181 0.0135 0.0089 0.0696 0.0073 0.0095 0.0107 0.0299 0.0207 0.0119 0.0215 0.0091 0.0064 0.0081 0.0277 0.0162 
      H008.4  2 0.0087 0.0055 0.0071 0.0129 0.8168 0.0072 0.0057 0.0064 0.0036 0.0050 0.0097 0.0050 0.0057 0.0273 0.0066 0.0086 0.0076 0.0074 0.0082 0.0052 0.0091 0.0095 0.0074 0.0039 
      H008.5  2 0.0061 0.0051 0.0038 0.0049 0.8943 0.0039 0.0036 0.0045 0.0046 0.0038 0.0041 0.0078 0.0042 0.0048 0.0038 0.0045 0.0054 0.0051 0.0054 0.0030 0.0037 0.0052 0.0046 0.0038 
      H008.6  2 0.0078 0.0182 0.0097 0.0171 0.8065 0.0042 0.0048 0.0070 0.0050 0.0127 0.0114 0.0086 0.0068 0.0159 0.0051 0.0033 0.0047 0.0063 0.0089 0.0030 0.0078 0.0062 0.0134 0.0055 
      H008.7  2 0.0165 0.0151 0.0098 0.0179 0.7000 0.0070 0.0129 0.0057 0.0067 0.0109 0.0187 0.0061 0.0066 0.0395 0.0067 0.0236 0.0071 0.0101 0.0152 0.0111 0.0089 0.0143 0.0235 0.0063 
      H008.8  2 0.0077 0.0099 0.3127 0.1640 0.2195 0.0055 0.0106 0.0098 0.0105 0.0419 0.0073 0.0087 0.0070 0.0452 0.0075 0.0199 0.0133 0.0090 0.0097 0.0073 0.0060 0.0411 0.0135 0.0125 
      H008.9  2 0.0118 0.0318 0.0439 0.0220 0.4521 0.0080 0.0129 0.0098 0.0113 0.0684 0.0581 0.0253 0.0074 0.0497 0.0140 0.0095 0.0141 0.0173 0.0312 0.0075 0.0084 0.0057 0.0717 0.0083 
 H029.1_2002  2 0.0904 0.0090 0.0183 0.0254 0.0770 0.0045 0.0138 0.0092 0.0083 0.0203 0.0229 0.0045 0.0140 0.0220 0.0065 0.0108 0.0063 0.0092 0.0110 0.0056 0.0375 0.5526 0.0061 0.0150 
 H029.1_2003  2 0.4446 0.0109 0.0158 0.0079 0.0432 0.0049 0.0270 0.0089 0.0080 0.0169 0.0106 0.0151 0.0062 0.0105 0.0081 0.0047 0.0077 0.0054 0.2461 0.0051 0.0087 0.0555 0.0063 0.0219 
 H029.2_2002  2 0.0595 0.0169 0.0056 0.0069 0.0194 0.0280 0.0204 0.0056 0.0074 0.0040 0.0327 0.0678 0.0131 0.0177 0.0280 0.0211 0.0086 0.0069 0.0793 0.0047 0.0057 0.5102 0.0101 0.0203 
 H029.2_2003  2 0.2732 0.0379 0.0068 0.0062 0.0691 0.0156 0.0644 0.0125 0.0123 0.0082 0.0325 0.1094 0.0158 0.0063 0.0190 0.0070 0.0122 0.0137 0.1306 0.0042 0.0043 0.1093 0.0098 0.0198 
 H029.3_2002  2 0.0490 0.0082 0.0180 0.0064 0.0073 0.0291 0.0628 0.0099 0.0101 0.0069 0.1497 0.2737 0.0095 0.0083 0.0301 0.0148 0.0123 0.0053 0.0364 0.0036 0.0083 0.2161 0.0053 0.0188 
 H029.3_2003  2 0.3924 0.0127 0.0104 0.0066 0.1071 0.0071 0.0270 0.0153 0.0068 0.0043 0.0070 0.0344 0.0105 0.0052 0.0105 0.0079 0.0061 0.0070 0.0261 0.0044 0.0065 0.2406 0.0270 0.0173 
 H029.4_2002  2 0.0726 0.0045 0.0066 0.0040 0.0163 0.0053 0.0266 0.0050 0.0081 0.0051 0.0254 0.0072 0.0054 0.0041 0.0139 0.0120 0.0034 0.0039 0.0077 0.0042 0.0151 0.7309 0.0076 0.0049 
 H029.4_2003  2 0.5073 0.0066 0.0329 0.0264 0.0197 0.0057 0.1123 0.0100 0.0202 0.0179 0.0175 0.0078 0.0111 0.0044 0.0061 0.0076 0.0083 0.0082 0.0238 0.0035 0.0107 0.1087 0.0133 0.0099 
 H029.5_2002  2 0.0839 0.0062 0.0054 0.0062 0.0729 0.0054 0.0084 0.0048 0.0062 0.0054 0.0074 0.0054 0.0135 0.0067 0.0063 0.0139 0.0031 0.0063 0.0210 0.0063 0.0148 0.6671 0.0146 0.0089 
 H029.5_2003  2 0.3433 0.0362 0.0123 0.0053 0.0727 0.0049 0.0265 0.0066 0.0129 0.0143 0.0097 0.0068 0.0058 0.0055 0.0073 0.0054 0.0042 0.0050 0.1200 0.0037 0.0065 0.2661 0.0110 0.0080 
 H029.6_2002  2 0.2275 0.0073 0.0148 0.0041 0.0095 0.0052 0.0295 0.0070 0.0061 0.0045 0.0421 0.0112 0.0050 0.0063 0.0193 0.0155 0.0064 0.0043 0.0176 0.0047 0.0075 0.5331 0.0041 0.0074 
 H029.6_2003  2 0.0933 0.0343 0.0148 0.0165 0.1779 0.0402 0.0419 0.0184 0.0234 0.0140 0.0074 0.0489 0.0652 0.0090 0.0194 0.0089 0.0084 0.0180 0.0672 0.0106 0.0061 0.1989 0.0284 0.0289 
      H029.7  2 0.0367 0.0066 0.0040 0.0065 0.0157 0.0240 0.0252 0.0036 0.0075 0.0044 0.0325 0.0167 0.0086 0.0093 0.0296 0.0217 0.0096 0.0066 0.0207 0.0038 0.0047 0.6865 0.0075 0.0081 
      H030.1  2 0.0828 0.0381 0.0094 0.0055 0.0365 0.0116 0.0089 0.3693 0.0221 0.0089 0.0055 0.0113 0.1097 0.0215 0.0122 0.0125 0.0084 0.0126 0.0069 0.0273 0.0061 0.0183 0.0832 0.0714 
      H030.2  2 0.0212 0.0043 0.0089 0.0169 0.0366 0.0067 0.0075 0.2968 0.0227 0.0101 0.0589 0.0115 0.0094 0.0130 0.0097 0.1542 0.0043 0.0149 0.0047 0.0357 0.1509 0.0511 0.0321 0.0180 
      H038.1  2 0.0050 0.0043 0.0069 0.0084 0.0082 0.0045 0.0061 0.0061 0.0046 0.0108 0.0110 0.0035 0.0057 0.0078 0.0056 0.0041 0.0075 0.0047 0.0058 0.0033 0.0048 0.8624 0.0043 0.0046 
      H038.2  2 0.0051 0.0049 0.0040 0.0034 0.0056 0.0090 0.0042 0.0056 0.0080 0.0028 0.0047 0.0057 0.0074 0.0045 0.0038 0.0049 0.0029 0.0059 0.0052 0.0108 0.0081 0.8729 0.0053 0.0052 
      H038.3  2 0.0044 0.0054 0.0055 0.0090 0.0076 0.0076 0.0053 0.0126 0.0065 0.0071 0.0216 0.0077 0.0340 0.0121 0.0067 0.0055 0.0041 0.0057 0.0046 0.0087 0.0143 0.7886 0.0086 0.0067 
      H038.4  2 0.0041 0.0034 0.0056 0.0073 0.0094 0.0056 0.0054 0.0049 0.0064 0.0053 0.0150 0.0054 0.0151 0.0141 0.0089 0.0061 0.0034 0.0051 0.0070 0.0114 0.0090 0.8253 0.0100 0.0070 
      H038.5  2 0.0081 0.0064 0.0090 0.0082 0.0061 0.0120 0.0174 0.0111 0.0098 0.0049 0.0134 0.0046 0.0104 0.0055 0.0055 0.0057 0.0028 0.0059 0.0073 0.0050 0.0040 0.8266 0.0054 0.0048 
