      H105.1  1 0.0126 0.0090 0.0158 0.0083 0.0064 0.0127 0.0223 0.8515 0.0249 0.0063 0.0168 0.0132 
      H105.2  1 0.0173 0.0328 0.0202 0.0238 0.0111 0.0126 0.0675 0.7045 0.0102 0.0255 0.0619 0.0126 
      H105.3  1 0.0115 0.0073 0.0115 0.0128 0.0061 0.0108 0.0184 0.8705 0.0069 0.0123 0.0205 0.0115 
      H105.4  1 0.0198 0.0234 0.1340 0.0197 0.0063 0.0273 0.0181 0.6575 0.0085 0.0482 0.0239 0.0132 
      H105.5  1 0.1561 0.0314 0.1350 0.1008 0.0096 0.1106 0.0904 0.1464 0.0924 0.0719 0.0406 0.0146 
      H105.6  1 0.0156 0.0063 0.0210 0.0151 0.0051 0.0117 0.0092 0.8755 0.0041 0.0207 0.0071 0.0086 
      H105.7  1 0.0065 0.0305 0.0143 0.0094 0.0055 0.0074 0.0070 0.8646 0.0135 0.0074 0.0068 0.0271 
      H105.8  1 0.0102 0.0083 0.0129 0.0062 0.0108 0.0045 0.0212 0.8655 0.0064 0.0082 0.0160 0.0299 
      H115.1  1 0.7915 0.0136 0.0143 0.0163 0.0107 0.0204 0.0381 0.0147 0.0158 0.0219 0.0185 0.0242 
      H115.2  1 0.8969 0.0067 0.0052 0.0118 0.0129 0.0077 0.0086 0.0089 0.0133 0.0110 0.0075 0.0095 
      H115.3  1 0.8983 0.0077 0.0136 0.0065 0.0067 0.0122 0.0048 0.0076 0.0173 0.0097 0.0096 0.0058 
      H115.4  1 0.7048 0.0121 0.0099 0.0210 0.0083 0.0233 0.0948 0.0109 0.0552 0.0173 0.0338 0.0087 
      H115.5  1 0.6871 0.0111 0.0217 0.0168 0.0422 0.0307 0.0165 0.0192 0.0256 0.0093 0.1017 0.0183 
      H115.6  1 0.8095 0.0222 0.0160 0.0279 0.0116 0.0153 0.0105 0.0093 0.0328 0.0203 0.0152 0.0096 
      H115.7  1 0.6092 0.0301 0.0167 0.1355 0.0069 0.0262 0.0197 0.0121 0.0260 0.0708 0.0393 0.0075 
      H115.8  1 0.8394 0.0113 0.0096 0.0104 0.0396 0.0090 0.0093 0.0120 0.0147 0.0089 0.0131 0.0228 
      H115.9  1 0.8782 0.0094 0.0230 0.0079 0.0085 0.0094 0.0105 0.0058 0.0104 0.0093 0.0066 0.0210 
      H145.1  1 0.0217 0.0073 0.0251 0.0163 0.0734 0.8047 0.0059 0.0093 0.0088 0.0117 0.0041 0.0118 
      H145.2  1 0.0144 0.0110 0.1901 0.0368 0.0667 0.6144 0.0080 0.0138 0.0112 0.0179 0.0048 0.0110 
      H145.3  1 0.0137 0.0085 0.0236 0.0098 0.1184 0.7133 0.0049 0.0051 0.0083 0.0072 0.0265 0.0608 
      H145.4  1 0.0097 0.0056 0.0175 0.0508 0.0270 0.8316 0.0059 0.0066 0.0143 0.0136 0.0072 0.0099 
      H145.5  1 0.0099 0.0066 0.0131 0.0180 0.3125 0.5902 0.0059 0.0055 0.0086 0.0088 0.0103 0.0106 
      H145.6  1 0.0084 0.0206 0.1690 0.0421 0.0650 0.6233 0.0075 0.0099 0.0157 0.0101 0.0203 0.0081 
      H145.7  1 0.0088 0.0067 0.0194 0.0175 0.0151 0.8647 0.0043 0.0049 0.0128 0.0078 0.0271 0.0109 
      H149.1  1 0.0063 0.0050 0.0046 0.0056 0.0061 0.9333 0.0068 0.0060 0.0063 0.0083 0.0055 0.0060 
      H149.2  1 0.0058 0.0064 0.0060 0.0067 0.0035 0.9303 0.0071 0.0062 0.0098 0.0081 0.0062 0.0039 
      H149.3  1 0.0079 0.0183 0.0076 0.0181 0.0059 0.8663 0.0125 0.0102 0.0162 0.0219 0.0097 0.0054 
      H149.4  1 0.0078 0.0201 0.0150 0.0102 0.0128 0.7132 0.0376 0.0231 0.0209 0.1135 0.0154 0.0106 
      H149.5  1 0.0053 0.0345 0.0098 0.0129 0.0066 0.7531 0.0238 0.0192 0.0647 0.0451 0.0158 0.0091 
      H149.6  1 0.0044 0.0153 0.0051 0.0121 0.0047 0.9042 0.0064 0.0095 0.0145 0.0121 0.0071 0.0046 
      H149.7  1 0.0065 0.1276 0.0132 0.0372 0.0141 0.3738 0.1470 0.0416 0.0436 0.1603 0.0165 0.0187 
      H150.1  1 0.9254 0.0060 0.0088 0.0084 0.0104 0.0040 0.0048 0.0086 0.0050 0.0061 0.0056 0.0069 
      H150.2  1 0.8979 0.0064 0.0046 0.0166 0.0142 0.0077 0.0072 0.0094 0.0135 0.0092 0.0072 0.0061 
      H150.3  1 0.8317 0.0138 0.0157 0.0494 0.0126 0.0068 0.0066 0.0171 0.0073 0.0117 0.0154 0.0119 
      H150.4  1 0.9084 0.0084 0.0113 0.0135 0.0102 0.0053 0.0047 0.0059 0.0064 0.0070 0.0088 0.0100 
      H150.5  1 0.8612 0.0121 0.0096 0.0174 0.0070 0.0108 0.0073 0.0169 0.0231 0.0184 0.0093 0.0068 
      H150.6  1 0.7477 0.0128 0.0043 0.0194 0.0123 0.0128 0.0106 0.0610 0.0305 0.0369 0.0457 0.0060 
      H150.7  1 0.9115 0.0057 0.0131 0.0121 0.0076 0.0063 0.0044 0.0060 0.0047 0.0090 0.0049 0.0146 
   H169607.1  1 0.3706 0.1272 0.0424 0.0476 0.0326 0.0547 0.1478 0.0105 0.0276 0.0818 0.0264 0.0307 
   H169607.2  1 0.0753 0.0268 0.3909 0.0298 0.0050 0.0434 0.0322 0.0128 0.0167 0.2592 0.0130 0.0950 
   H169607.3  1 0.1107 0.2660 0.1916 0.0456 0.0184 0.0626 0.0272 0.0137 0.1203 0.0351 0.0524 0.0564 
   H169607.4  1 0.0230 0.0234 0.4539 0.0148 0.0080 0.0262 0.0162 0.0155 0.0092 0.3893 0.0101 0.0104 
   H169607.5  1 0.1525 0.0147 0.2110 0.0180 0.0086 0.1921 0.0077 0.0099 0.1020 0.1964 0.0128 0.0742 
   H169607.6  1 0.0345 0.0272 0.5377 0.0178 0.0065 0.0290 0.0322 0.0153 0.0169 0.2249 0.0154 0.0426 
   H169607.7  1 0.2935 0.0210 0.1011 0.0244 0.0070 0.0386 0.1570 0.0250 0.0234 0.1792 0.0255 0.1043 
   H169607.8  1 0.0115 0.0256 0.7340 0.0078 0.0051 0.0156 0.0326 0.0061 0.0106 0.1162 0.0125 0.0228 
   H169633.1  1 0.0106 0.0082 0.0077 0.0134 0.0149 0.8705 0.0106 0.0167 0.0104 0.0049 0.0252 0.0070 
   H169633.2  1 0.0074 0.0249 0.0057 0.0280 0.0092 0.7015 0.1308 0.0358 0.0078 0.0091 0.0214 0.0184 
   H169633.3  1 0.0067 0.0065 0.0039 0.0170 0.0077 0.8725 0.0080 0.0237 0.0114 0.0115 0.0112 0.0199 
   H169633.4  1 0.0093 0.0047 0.0114 0.0131 0.0184 0.8838 0.0073 0.0124 0.0145 0.0069 0.0112 0.0070 
   H169633.5  1 0.0084 0.0047 0.0111 0.0122 0.0183 0.8816 0.0097 0.0139 0.0134 0.0083 0.0125 0.0059 
   H169688.1  1 0.0242 0.4953 0.0140 0.0084 0.0055 0.1943 0.0162 0.0050 0.0064 0.0299 0.1867 0.0140 
   H169688.2  1 0.0693 0.6404 0.0126 0.0063 0.0267 0.0151 0.0275 0.0238 0.0182 0.0254 0.1177 0.0170 
   H169688.3  1 0.2027 0.4444 0.0094 0.0083 0.0101 0.1893 0.0269 0.0103 0.0147 0.0353 0.0420 0.0067 
   H169688.4  1 0.8790 0.0280 0.0085 0.0055 0.0147 0.0081 0.0059 0.0075 0.0106 0.0083 0.0176 0.0064 
   H169688.5  1 0.8436 0.0401 0.0090 0.0066 0.0163 0.0188 0.0075 0.0088 0.0167 0.0073 0.0184 0.0069 
   H169688.6  1 0.0801 0.3595 0.0264 0.0052 0.1316 0.1646 0.0420 0.0325 0.0126 0.0487 0.0850 0.0117 
   H169688.7  1 0.3497 0.1537 0.0119 0.0128 0.0150 0.3192 0.0318 0.0122 0.0140 0.0256 0.0400 0.0141 
   H171901.1  1 0.0887 0.2318 0.0540 0.3957 0.0646 0.0240 0.0103 0.0263 0.0159 0.0412 0.0354 0.0122 
   H171901.2  1 0.0387 0.0090 0.0143 0.0186 0.0096 0.8277 0.0091 0.0217 0.0118 0.0147 0.0108 0.0140 
   H171901.3  1 0.0666 0.0597 0.0121 0.0167 0.0097 0.5977 0.0174 0.0128 0.0230 0.1377 0.0338 0.0128 
   H171901.4  1 0.0595 0.0227 0.0134 0.0123 0.0068 0.5821 0.0269 0.0535 0.0172 0.1612 0.0260 0.0186 
   H171901.5  1 0.0296 0.0253 0.0081 0.0111 0.0089 0.2656 0.0339 0.0173 0.0172 0.5648 0.0068 0.0113 
   H171901.6  1 0.0473 0.0450 0.0148 0.0191 0.0066 0.3033 0.0339 0.0507 0.0135 0.4462 0.0061 0.0135 
   H171901.7  1 0.0363 0.0238 0.0081 0.0104 0.0065 0.6053 0.0107 0.0130 0.0178 0.2330 0.0090 0.0261 
   H171902.1  1 0.0640 0.0136 0.0171 0.0093 0.1853 0.0192 0.0289 0.0065 0.0050 0.6091 0.0226 0.0196 
  H171902.10  1 0.0112 0.0109 0.0126 0.0078 0.0201 0.0206 0.0250 0.0038 0.0070 0.8585 0.0158 0.0067 
   H171902.2  1 0.0532 0.1004 0.0149 0.0148 0.0547 0.0242 0.0403 0.0325 0.0112 0.2158 0.3570 0.0811 
   H171902.3  1 0.0472 0.0146 0.0212 0.0126 0.0185 0.0260 0.0870 0.0104 0.0074 0.7134 0.0250 0.0166 
   H171902.4  1 0.0226 0.0155 0.0184 0.0242 0.0986 0.3574 0.0082 0.0144 0.0102 0.3804 0.0249 0.0250 
   H171902.6  1 0.0149 0.0074 0.0159 0.0170 0.0213 0.0144 0.0247 0.0042 0.0068 0.8563 0.0105 0.0067 
   H171902.7  1 0.0197 0.0095 0.0147 0.0146 0.1069 0.0275 0.0062 0.0063 0.0075 0.7732 0.0058 0.0080 
   H171902.8  1 0.0148 0.0084 0.0133 0.0134 0.0304 0.0200 0.0304 0.0049 0.0091 0.8290 0.0180 0.0083 
   H171902.9  1 0.2371 0.0173 0.0281 0.0232 0.1293 0.0266 0.0094 0.0135 0.0071 0.4760 0.0170 0.0154 
   H171903.1  1 0.2454 0.0425 0.4459 0.0180 0.0050 0.0548 0.0116 0.0265 0.0263 0.0829 0.0082 0.0329 
   H171903.2  1 0.1183 0.0336 0.5272 0.0111 0.0148 0.0294 0.0160 0.0511 0.0567 0.0412 0.0113 0.0893 
   H171903.3  1 0.1239 0.0370 0.0715 0.0354 0.0185 0.0859 0.0211 0.0216 0.3642 0.1689 0.0091 0.0430 
   H171903.4  1 0.0657 0.6241 0.0488 0.0514 0.0089 0.0404 0.0059 0.0131 0.0215 0.0971 0.0164 0.0067 
   H171903.5  1 0.4262 0.0460 0.0246 0.0124 0.0114 0.0554 0.0692 0.0219 0.2437 0.0347 0.0138 0.0408 
   H171903.6  1 0.3688 0.0773 0.0643 0.0117 0.0052 0.1241 0.0103 0.0082 0.1517 0.1459 0.0135 0.0190 
      H177.1  1 0.0186 0.2646 0.0182 0.0097 0.0128 0.4030 0.0177 0.0049 0.0142 0.2218 0.0072 0.0073 
      H177.2  1 0.0270 0.0176 0.0416 0.0120 0.0165 0.5957 0.1028 0.0079 0.0547 0.0419 0.0244 0.0578 
      H177.3  1 0.0245 0.0136 0.0417 0.0170 0.0158 0.5660 0.0372 0.0066 0.0329 0.2288 0.0058 0.0100 
      H177.4  1 0.0072 0.2534 0.0098 0.0076 0.0097 0.5229 0.0342 0.0152 0.0200 0.1029 0.0058 0.0112 
      H177.5  1 0.0193 0.7261 0.0188 0.0096 0.0071 0.0330 0.0095 0.0348 0.0493 0.0568 0.0125 0.0231 
      H177.6  1 0.0251 0.0137 0.0333 0.0180 0.0231 0.5790 0.0515 0.0056 0.0231 0.2128 0.0059 0.0089 
      H179.1  1 0.0083 0.0368 0.0091 0.0126 0.0052 0.0055 0.8398 0.0178 0.0116 0.0315 0.0110 0.0108 
      H179.2  1 0.0148 0.0211 0.0073 0.0095 0.0054 0.0066 0.8761 0.0082 0.0157 0.0144 0.0061 0.0148 
      H179.3  1 0.0346 0.2885 0.0515 0.0115 0.0075 0.0083 0.4162 0.0176 0.0346 0.0357 0.0324 0.0617 
      H179.4  1 0.0066 0.0523 0.0282 0.0113 0.0068 0.2030 0.4152 0.0244 0.0174 0.1337 0.0397 0.0614 
      H180.1  1 0.7531 0.0129 0.0072 0.0085 0.0181 0.0065 0.0837 0.0214 0.0241 0.0160 0.0420 0.0065 
      H180.2  1 0.7949 0.0152 0.0074 0.0113 0.0160 0.0066 0.0206 0.0406 0.0139 0.0226 0.0439 0.0070 
      H180.3  1 0.9090 0.0053 0.0074 0.0098 0.0091 0.0054 0.0109 0.0095 0.0106 0.0058 0.0060 0.0112 
      H180.4  1 0.6011 0.0191 0.0084 0.0171 0.0261 0.0108 0.0262 0.1341 0.0510 0.0393 0.0492 0.0176 
      H180.5  1 0.6585 0.0406 0.0118 0.0136 0.0281 0.0085 0.0283 0.0231 0.0657 0.0481 0.0511 0.0226 
      H180.6  1 0.4890 0.0118 0.0220 0.0249 0.0357 0.0166 0.0122 0.0208 0.0133 0.0163 0.0314 0.3060 
      H181.1  1 0.0166 0.0098 0.0186 0.0087 0.0205 0.2733 0.1537 0.0094 0.1649 0.0265 0.2903 0.0077 
      H181.2  1 0.0150 0.0234 0.0107 0.0193 0.0196 0.1603 0.4302 0.0164 0.0214 0.0690 0.2052 0.0095 
      H181.3  1 0.0088 0.0611 0.0152 0.0132 0.0180 0.1023 0.2477 0.0115 0.0201 0.0831 0.4054 0.0136 
      H181.4  1 0.0756 0.0310 0.0259 0.0291 0.0056 0.2165 0.0490 0.0151 0.3438 0.0716 0.1191 0.0177 
      H181.5  1 0.0049 0.0341 0.0091 0.0190 0.0130 0.0245 0.6530 0.0123 0.0146 0.0122 0.1925 0.0109 
      H181.6  1 0.0266 0.0142 0.0090 0.0146 0.0067 0.0179 0.8221 0.0276 0.0183 0.0199 0.0150 0.0081 
      H181.7  1 0.0200 0.0127 0.0148 0.0086 0.0088 0.0764 0.7274 0.0157 0.0200 0.0162 0.0505 0.0288 
 H194.1_2004  1 0.0940 0.0268 0.1189 0.2164 0.0156 0.3486 0.0061 0.0127 0.0221 0.0959 0.0086 0.0342 
 H194.2_2004  1 0.0245 0.2420 0.0972 0.2167 0.0513 0.1687 0.0064 0.0074 0.0447 0.1155 0.0142 0.0113 
 H194.3_2004  1 0.0080 0.0216 0.0137 0.0603 0.0098 0.8034 0.0123 0.0084 0.0078 0.0400 0.0051 0.0097 
 H194.4_2004  1 0.0084 0.1280 0.0212 0.0168 0.0197 0.7535 0.0049 0.0076 0.0066 0.0141 0.0076 0.0117 
 H194.5_2004  1 0.0112 0.0282 0.0190 0.0719 0.0059 0.7545 0.0127 0.0174 0.0107 0.0428 0.0071 0.0186 
 H194.6_2004  1 0.0143 0.1913 0.0136 0.0202 0.0081 0.6483 0.0119 0.0073 0.0082 0.0557 0.0065 0.0147 
 H194.7_2004  1 0.0204 0.0569 0.1167 0.2152 0.0121 0.3216 0.0057 0.0172 0.0243 0.0107 0.0227 0.1766 
 H194.8_2004  1 0.0119 0.2021 0.0176 0.0690 0.0114 0.6045 0.0073 0.0092 0.0133 0.0227 0.0112 0.0197 
      H194.9  1 0.0275 0.0503 0.0483 0.2070 0.0180 0.4662 0.0067 0.0141 0.0113 0.0140 0.0135 0.1231 
 H195.1_2003  1 0.0163 0.0385 0.0194 0.0281 0.0042 0.2734 0.0107 0.5402 0.0075 0.0391 0.0143 0.0084 
 H195.1_2004  1 0.0082 0.0063 0.0082 0.0164 0.0180 0.8810 0.0071 0.0066 0.0115 0.0076 0.0232 0.0060 
 H195.2_2003  1 0.0866 0.0972 0.1143 0.0104 0.0151 0.4292 0.0145 0.1386 0.0090 0.0304 0.0151 0.0396 
 H195.2_2004  1 0.0113 0.0087 0.0104 0.0093 0.0409 0.8518 0.0063 0.0201 0.0104 0.0051 0.0137 0.0121 
 H195.3_2003  1 0.0591 0.0453 0.1054 0.0210 0.0091 0.0395 0.0093 0.6150 0.0110 0.0581 0.0136 0.0134 
 H195.3_2004  1 0.0048 0.0065 0.0103 0.0096 0.0076 0.9120 0.0057 0.0147 0.0059 0.0072 0.0112 0.0046 
 H195.4_2003  1 0.0094 0.0130 0.0224 0.0275 0.0045 0.7508 0.0092 0.1277 0.0083 0.0160 0.0056 0.0055 
 H195.4_2004  1 0.0052 0.0152 0.0142 0.0096 0.0087 0.8565 0.0055 0.0054 0.0072 0.0044 0.0514 0.0168 
 H195.5_2003  1 0.0172 0.0259 0.0160 0.0347 0.0050 0.1242 0.0087 0.6879 0.0070 0.0486 0.0184 0.0064 
 H195.5_2004  1 0.0050 0.0055 0.0101 0.0064 0.0092 0.9129 0.0052 0.0109 0.0058 0.0068 0.0158 0.0063 
 H195.6_2003  1 0.0527 0.0220 0.0600 0.0108 0.0082 0.2535 0.0064 0.5088 0.0103 0.0294 0.0290 0.0089 
 H195.6_2004  1 0.0045 0.0081 0.0098 0.0148 0.0094 0.8990 0.0067 0.0211 0.0050 0.0067 0.0088 0.0062 
 H195.7_2003  1 0.0110 0.2509 0.0155 0.0167 0.0048 0.6095 0.0087 0.0290 0.0071 0.0194 0.0143 0.0132 
 H195.7_2004  1 0.0186 0.0066 0.0120 0.0225 0.1638 0.6863 0.0063 0.0128 0.0180 0.0103 0.0348 0.0080 
      H195.8  1 0.0101 0.0127 0.0173 0.0183 0.0118 0.7970 0.0050 0.0103 0.0110 0.0061 0.0884 0.0119 
      H195.9  1 0.0077 0.0111 0.0137 0.0080 0.0069 0.9012 0.0056 0.0096 0.0063 0.0079 0.0120 0.0099 
      H415.1  1 0.3674 0.0324 0.0075 0.0731 0.1272 0.1109 0.1605 0.0371 0.0139 0.0224 0.0068 0.0409 
      H415.2  1 0.0973 0.0246 0.0190 0.0189 0.0313 0.0663 0.1241 0.0121 0.0183 0.5738 0.0052 0.0091 
      H415.3  1 0.0360 0.0176 0.0070 0.0303 0.0078 0.0517 0.7481 0.0257 0.0204 0.0418 0.0047 0.0089 
      H415.4  1 0.3742 0.0232 0.0084 0.2251 0.0158 0.0590 0.1858 0.0323 0.0225 0.0235 0.0065 0.0237 
      H415.5  1 0.0401 0.0141 0.0053 0.0402 0.0111 0.0645 0.7073 0.0189 0.0208 0.0659 0.0049 0.0071 
      H415.6  1 0.3451 0.0203 0.0091 0.1859 0.0206 0.0383 0.2498 0.0418 0.0231 0.0299 0.0054 0.0307 
      H415.7  1 0.0315 0.0476 0.0138 0.0371 0.0217 0.3324 0.1928 0.0170 0.0320 0.2508 0.0049 0.0184 
      H506.1  1 0.0035 0.0051 0.0046 0.0046 0.0073 0.0119 0.9249 0.0086 0.0059 0.0077 0.0084 0.0076 
      H506.2  1 0.0034 0.0057 0.0066 0.0051 0.0043 0.0301 0.9109 0.0057 0.0063 0.0102 0.0044 0.0072 
      H506.3  1 0.0054 0.0222 0.0066 0.0059 0.0403 0.0081 0.8466 0.0145 0.0114 0.0104 0.0183 0.0104 
      H506.4  1 0.0053 0.0104 0.0118 0.0068 0.0112 0.0101 0.8901 0.0136 0.0099 0.0084 0.0103 0.0121 
      H506.5  1 0.0035 0.0067 0.0074 0.0047 0.0070 0.0156 0.9238 0.0073 0.0048 0.0077 0.0060 0.0055 
      H506.6  1 0.0084 0.0491 0.1028 0.0079 0.0514 0.0200 0.6372 0.0165 0.0446 0.0154 0.0332 0.0136 
      H506.7  1 0.0033 0.0066 0.0071 0.0056 0.0069 0.0181 0.9170 0.0095 0.0060 0.0060 0.0079 0.0059 
      H533.1  1 0.0043 0.0048 0.0044 0.0047 0.0084 0.0108 0.9227 0.0072 0.0085 0.0102 0.0074 0.0065 
      H533.2  1 0.0049 0.0051 0.0038 0.0045 0.0125 0.0093 0.9215 0.0058 0.0061 0.0141 0.0075 0.0048 
      H533.3  1 0.0099 0.0073 0.0173 0.0045 0.0097 0.0141 0.8371 0.0051 0.0359 0.0408 0.0058 0.0126 
      H533.4  1 0.0130 0.0157 0.0326 0.0141 0.0224 0.1445 0.5723 0.0090 0.0195 0.1141 0.0320 0.0110 
      H535.1  1 0.0195 0.0121 0.0169 0.0221 0.0068 0.7659 0.0213 0.0066 0.0216 0.0898 0.0061 0.0113 
      H535.2  1 0.0051 0.0100 0.0089 0.0063 0.0039 0.8700 0.0188 0.0128 0.0110 0.0092 0.0183 0.0254 
      H535.3  1 0.0126 0.0101 0.0178 0.0060 0.0063 0.8380 0.0173 0.0209 0.0106 0.0104 0.0314 0.0185 
      H535.4  1 0.0056 0.0042 0.0048 0.0067 0.0036 0.9305 0.0064 0.0110 0.0060 0.0074 0.0073 0.0065 
      H535.5  1 0.0062 0.0078 0.0062 0.0061 0.0045 0.9263 0.0070 0.0068 0.0064 0.0121 0.0047 0.0058 
      H535.6  1 0.0155 0.0677 0.0215 0.0420 0.0060 0.7628 0.0116 0.0064 0.0165 0.0252 0.0117 0.0131 
      H535.7  1 0.0071 0.0083 0.0104 0.0053 0.0060 0.9161 0.0069 0.0111 0.0061 0.0085 0.0055 0.0088 
      H535.8  1 0.0085 0.0184 0.0093 0.0062 0.0059 0.8899 0.0089 0.0145 0.0066 0.0090 0.0107 0.0123 
      H535.9  1 0.0114 0.0063 0.0197 0.0091 0.0096 0.8810 0.0118 0.0138 0.0083 0.0109 0.0077 0.0103 
      H539.1  1 0.9205 0.0055 0.0216 0.0054 0.0113 0.0058 0.0050 0.0045 0.0049 0.0051 0.0039 0.0065 
      H539.2  1 0.7614 0.0158 0.0194 0.0073 0.0175 0.0158 0.0147 0.0142 0.0141 0.0574 0.0446 0.0177 
      H539.3  1 0.7948 0.0263 0.0415 0.0120 0.0278 0.0112 0.0043 0.0104 0.0062 0.0210 0.0090 0.0354 
      H539.4  1 0.9071 0.0054 0.0105 0.0045 0.0215 0.0046 0.0078 0.0103 0.0084 0.0069 0.0061 0.0068 
      H539.5  1 0.9008 0.0052 0.0174 0.0073 0.0098 0.0048 0.0050 0.0038 0.0051 0.0059 0.0039 0.0311 
      H539.6  1 0.9283 0.0060 0.0081 0.0100 0.0070 0.0044 0.0034 0.0042 0.0043 0.0059 0.0054 0.0130 
      H539.7  1 0.9419 0.0073 0.0064 0.0055 0.0046 0.0048 0.0041 0.0047 0.0052 0.0062 0.0043 0.0050 
      H539.8  1 0.7876 0.0310 0.0153 0.0140 0.0508 0.0193 0.0055 0.0253 0.0109 0.0131 0.0145 0.0126 
      H539.9  1 0.9245 0.0058 0.0123 0.0040 0.0129 0.0040 0.0046 0.0059 0.0066 0.0051 0.0057 0.0086 
      H540.1  1 0.8573 0.0085 0.0195 0.0091 0.0176 0.0118 0.0060 0.0063 0.0212 0.0286 0.0060 0.0082 
      H540.2  1 0.9164 0.0074 0.0138 0.0103 0.0047 0.0054 0.0057 0.0057 0.0102 0.0090 0.0038 0.0075 
      H540.3  1 0.2395 0.0567 0.0314 0.0846 0.3771 0.0150 0.0177 0.0097 0.1021 0.0472 0.0134 0.0057 
      H540.4  1 0.9013 0.0102 0.0085 0.0106 0.0047 0.0074 0.0130 0.0048 0.0155 0.0130 0.0062 0.0048 
      H540.5  1 0.8627 0.0127 0.0143 0.0093 0.0331 0.0074 0.0091 0.0054 0.0166 0.0111 0.0082 0.0100 
      H540.6  1 0.7622 0.0211 0.0462 0.0217 0.0129 0.0158 0.0155 0.0048 0.0251 0.0253 0.0323 0.0172 
      H540.7  1 0.8972 0.0050 0.0085 0.0101 0.0057 0.0098 0.0089 0.0072 0.0148 0.0172 0.0061 0.0095 
      H540.8  1 0.8674 0.0103 0.0119 0.0115 0.0081 0.0123 0.0083 0.0067 0.0211 0.0330 0.0034 0.0060 
     H9558.1  1 0.9050 0.0081 0.0263 0.0079 0.0111 0.0061 0.0056 0.0062 0.0048 0.0089 0.0042 0.0059 
     H9558.2  1 0.8146 0.0142 0.0613 0.0080 0.0197 0.0080 0.0105 0.0172 0.0072 0.0099 0.0085 0.0209 
     H9558.3  1 0.8634 0.0084 0.0272 0.0130 0.0149 0.0078 0.0079 0.0156 0.0107 0.0060 0.0077 0.0174 
     H9558.4  1 0.9270 0.0066 0.0143 0.0048 0.0089 0.0048 0.0051 0.0057 0.0052 0.0082 0.0040 0.0052 
     H9558.5  1 0.8966 0.0076 0.0076 0.0072 0.0280 0.0052 0.0070 0.0141 0.0086 0.0081 0.0059 0.0041 
     H9558.6  1 0.7134 0.0167 0.0521 0.0230 0.0135 0.0100 0.0067 0.0124 0.0370 0.0111 0.0052 0.0989 
    kos339.1  1 0.0099 0.0252 0.0128 0.0096 0.0073 0.4662 0.1706 0.0100 0.0226 0.1952 0.0135 0.0571 
    kos339.2  1 0.0057 0.0072 0.0052 0.0108 0.0069 0.8837 0.0208 0.0135 0.0120 0.0057 0.0114 0.0170 
    kos339.3  1 0.0131 0.0065 0.0055 0.0059 0.0058 0.9085 0.0132 0.0057 0.0090 0.0112 0.0057 0.0098 
    kos339.4  1 0.0103 0.0085 0.0061 0.0081 0.0067 0.8966 0.0167 0.0099 0.0097 0.0098 0.0074 0.0102 
    kos339.5  1 0.0146 0.0151 0.0112 0.0118 0.0043 0.7608 0.0259 0.0098 0.0224 0.0822 0.0135 0.0285 
    kos339.6  1 0.0050 0.0055 0.0059 0.0092 0.0065 0.9112 0.0122 0.0066 0.0158 0.0073 0.0058 0.0090 
    kos339.7  1 0.0082 0.0052 0.0047 0.0045 0.0053 0.9183 0.0135 0.0040 0.0077 0.0148 0.0052 0.0086 
    kos339.8  1 0.0077 0.0118 0.0058 0.0109 0.0069 0.8307 0.0590 0.0104 0.0213 0.0133 0.0097 0.0125 
    kos339.9  1 0.0214 0.0086 0.0078 0.0101 0.0053 0.8782 0.0140 0.0085 0.0080 0.0150 0.0063 0.0168 
      H008.1  2 0.0627 0.0101 0.0099 0.0115 0.0061 0.0085 0.0121 0.0287 0.0075 0.0141 0.0136 0.8152 
      H008.2  2 0.1289 0.0228 0.0860 0.0168 0.0979 0.0276 0.0446 0.3184 0.0192 0.0600 0.0500 0.1277 
      H008.3  2 0.1209 0.0719 0.0736 0.0343 0.0715 0.0518 0.0631 0.1179 0.0294 0.1072 0.1366 0.1220 
      H008.4  2 0.0354 0.0260 0.0280 0.0327 0.0530 0.0187 0.0126 0.0289 0.0115 0.0173 0.0132 0.7228 
      H008.5  2 0.0201 0.0513 0.0182 0.0181 0.0146 0.0104 0.0080 0.0242 0.0140 0.0176 0.0134 0.7899 
      H008.6  2 0.0347 0.0419 0.0707 0.0236 0.1291 0.0270 0.0289 0.2026 0.0148 0.0876 0.0072 0.3320 
      H008.7  2 0.0536 0.0379 0.0299 0.0469 0.1088 0.0341 0.0371 0.1064 0.0126 0.0439 0.0723 0.4165 
      H008.8  2 0.6444 0.0078 0.0623 0.0165 0.0136 0.0373 0.0314 0.0142 0.0093 0.0165 0.0231 0.1234 
      H008.9  2 0.0594 0.0236 0.0906 0.0399 0.3395 0.0584 0.0340 0.1788 0.0164 0.1014 0.0148 0.0432 
 H029.1_2002  2 0.0215 0.0672 0.0207 0.0218 0.0294 0.0080 0.0224 0.0102 0.0083 0.0137 0.0120 0.7647 
 H029.1_2003  2 0.0195 0.6000 0.0202 0.0117 0.0239 0.0107 0.0389 0.0117 0.0152 0.0228 0.0090 0.2164 
 H029.2_2002  2 0.0081 0.0456 0.0114 0.0068 0.0289 0.0735 0.0209 0.0127 0.0094 0.0227 0.0330 0.7269 
 H029.2_2003  2 0.0088 0.4595 0.0196 0.0069 0.0340 0.0671 0.0167 0.0142 0.0220 0.0620 0.0084 0.2807 
 H029.3_2002  2 0.0084 0.0789 0.0243 0.0093 0.1432 0.1051 0.0419 0.0064 0.0213 0.0139 0.0592 0.4880 
 H029.3_2003  2 0.0087 0.1722 0.0064 0.0106 0.0073 0.0093 0.0110 0.0175 0.0126 0.0121 0.0090 0.7234 
 H029.4_2002  2 0.0057 0.0379 0.0058 0.0096 0.0167 0.0080 0.0083 0.0103 0.0065 0.0059 0.0205 0.8647 
 H029.4_2003  2 0.0483 0.5967 0.0201 0.0096 0.0218 0.0097 0.0262 0.0145 0.0158 0.0119 0.0132 0.2122 
 H029.5_2002  2 0.0075 0.0405 0.0053 0.0178 0.0073 0.0058 0.0090 0.0152 0.0071 0.0079 0.0096 0.8670 
 H029.5_2003  2 0.0125 0.3838 0.0068 0.0088 0.0121 0.0087 0.0138 0.0234 0.0075 0.0185 0.0060 0.4981 
 H029.6_2002  2 0.0062 0.2476 0.0080 0.0103 0.0511 0.0089 0.0179 0.0055 0.0078 0.0060 0.0418 0.5889 
 H029.6_2003  2 0.0159 0.0653 0.0138 0.0198 0.0118 0.0544 0.0248 0.0254 0.0209 0.0841 0.0181 0.6458 
      H029.7  2 0.0076 0.0303 0.0117 0.0073 0.0268 0.0312 0.0133 0.0088 0.0058 0.0177 0.0377 0.8016 
      H030.1  2 0.0081 0.1919 0.0116 0.0178 0.0046 0.0120 0.0119 0.0583 0.5962 0.0373 0.0202 0.0302 
      H030.2  2 0.0530 0.0302 0.0113 0.0287 0.1169 0.0163 0.0453 0.0409 0.3346 0.0123 0.2246 0.0859 
      H038.1  2 0.0063 0.0118 0.0142 0.0059 0.0316 0.0070 0.0071 0.0059 0.0061 0.0048 0.0048 0.8946 
      H038.2  2 0.0074 0.0079 0.0043 0.0081 0.0074 0.0082 0.0077 0.0076 0.0096 0.0079 0.0076 0.9164 
      H038.3  2 0.0115 0.0053 0.0089 0.0113 0.0436 0.0118 0.0131 0.0163 0.0627 0.0093 0.0071 0.7992 
      H038.4  2 0.0085 0.0057 0.0067 0.0174 0.0242 0.0113 0.0090 0.0121 0.0129 0.0060 0.0094 0.8768 
      H038.5  2 0.0123 0.0101 0.0054 0.0114 0.0290 0.0092 0.0127 0.0070 0.0286 0.0073 0.0116 0.8552 
      H038.6  2 0.0098 0.0109 0.0056 0.0043 0.0133 0.0044 0.0071 0.0063 0.0114 0.0089 0.0046 0.9133 
      H038.7  2 0.0102 0.0061 0.0046 0.0039 0.0113 0.0060 0.0117 0.0100 0.0158 0.0060 0.0039 0.9103 
      H038.8  2 0.0087 0.0048 0.0065 0.0109 0.0908 0.0110 0.0097 0.0069 0.0341 0.0064 0.0098 0.8004 
      H041.1  2 0.0083 0.3415 0.0186 0.0819 0.0418 0.0306 0.0163 0.1313 0.0187 0.0137 0.1005 0.1969 
      H041.2  2 0.0069 0.4945 0.0093 0.1284 0.0240 0.0145 0.0128 0.1800 0.0110 0.0102 0.0074 0.1011 
      H041.4  2 0.0196 0.4069 0.0241 0.0383 0.0289 0.0266 0.0156 0.0400 0.0115 0.0091 0.0153 0.3640 
      H041.6  2 0.0391 0.3705 0.0708 0.0586 0.0191 0.0294 0.0139 0.0298 0.0122 0.0122 0.0238 0.3205 
 H042.1_2002  2 0.0728 0.7633 0.0148 0.0411 0.0131 0.0176 0.0093 0.0072 0.0105 0.0251 0.0128 0.0122 
 H042.1_2003  2 0.1022 0.0418 0.0457 0.0744 0.1076 0.0234 0.0274 0.3357 0.0320 0.1259 0.0129 0.0710 
 H042.2_2002  2 0.0189 0.6360 0.0132 0.0358 0.0473 0.0122 0.0339 0.0134 0.0090 0.0262 0.0110 0.1433 
 H042.2_2003  2 0.0448 0.3258 0.0146 0.3649 0.0073 0.0120 0.0107 0.0399 0.0108 0.0294 0.0051 0.1347 
 H042.3_2002  2 0.0677 0.5618 0.0284 0.1585 0.0355 0.0442 0.0219 0.0133 0.0121 0.0344 0.0088 0.0133 
 H042.3_2003  2 0.2101 0.3043 0.0294 0.0971 0.0446 0.0205 0.0372 0.0461 0.0281 0.0559 0.0567 0.0701 
 H042.4_2002  2 0.0107 0.8643 0.0086 0.0319 0.0110 0.0139 0.0069 0.0065 0.0118 0.0089 0.0119 0.0136 
 H042.4_2003  2 0.0097 0.8406 0.0217 0.0213 0.0061 0.0103 0.0049 0.0097 0.0131 0.0149 0.0118 0.0359 
      H042.5  2 0.0095 0.9216 0.0076 0.0091 0.0032 0.0093 0.0053 0.0083 0.0056 0.0081 0.0065 0.0059 
      H042.6  2 0.0311 0.8490 0.0291 0.0095 0.0114 0.0057 0.0088 0.0058 0.0079 0.0111 0.0094 0.0211 
      H042.7  2 0.0170 0.5164 0.0168 0.3255 0.0081 0.0203 0.0238 0.0146 0.0079 0.0112 0.0089 0.0295 
      H042.8  2 0.0201 0.7873 0.0204 0.0449 0.0217 0.0100 0.0136 0.0322 0.0047 0.0225 0.0054 0.0172 
   H042_2002  2 0.3874 0.0720 0.2038 0.0558 0.0312 0.0094 0.0410 0.0477 0.0132 0.0416 0.0076 0.0892 
   H042_2003  2 0.3858 0.0896 0.2223 0.0635 0.0364 0.0095 0.0381 0.0456 0.0122 0.0269 0.0072 0.0629 
      H043.1  2 0.8025 0.0143 0.0145 0.0049 0.0623 0.0096 0.0102 0.0330 0.0106 0.0097 0.0123 0.0159 
      H043.2  2 0.4801 0.0071 0.2540 0.0078 0.1302 0.0253 0.0086 0.0170 0.0084 0.0119 0.0062 0.0434 
      H043.3  2 0.2250 0.0184 0.0775 0.0093 0.0261 0.0176 0.0269 0.0296 0.0176 0.0149 0.0052 0.5319 
      H043.4  2 0.5770 0.0128 0.1745 0.0075 0.0785 0.0182 0.0087 0.0340 0.0103 0.0128 0.0066 0.0591 
      H043.5  2 0.2910 0.0099 0.0426 0.0096 0.3230 0.0162 0.0211 0.0350 0.0154 0.0105 0.0073 0.2184 
      H043.6  2 0.2883 0.0163 0.0604 0.0213 0.2055 0.0172 0.0164 0.0071 0.0182 0.0130 0.0050 0.3313 
      H043.7  2 0.1446 0.0096 0.5777 0.0061 0.1143 0.0078 0.0120 0.0367 0.0222 0.0099 0.0045 0.0546 
      H043.8  2 0.2600 0.0110 0.1559 0.0079 0.0377 0.1075 0.0894 0.0513 0.1756 0.0141 0.0271 0.0625 
      H043.9  2 0.6156 0.0463 0.0407 0.0078 0.0358 0.0125 0.0279 0.0322 0.0198 0.0111 0.0161 0.1342 
      H047.1  2 0.1866 0.0079 0.0162 0.0089 0.0077 0.0091 0.0103 0.3544 0.0058 0.0104 0.0060 0.3766 
      H047.2  2 0.0061 0.0166 0.0153 0.0101 0.0046 0.0104 0.0103 0.7956 0.0092 0.0256 0.0132 0.0831 
      H047.3  2 0.0085 0.0210 0.0206 0.0225 0.0048 0.0133 0.0179 0.7814 0.0084 0.0160 0.0235 0.0621 
      H047.4  2 0.0100 0.0289 0.0241 0.0260 0.0039 0.0137 0.0386 0.5347 0.0156 0.0115 0.0102 0.2828 
      H047.5  2 0.0211 0.0103 0.0558 0.0239 0.0041 0.0090 0.0248 0.6671 0.0118 0.0148 0.0075 0.1497 
      H047.6  2 0.0052 0.0144 0.0094 0.0131 0.0049 0.0064 0.0105 0.8999 0.0063 0.0073 0.0087 0.0138 
      H047.7  2 0.1392 0.0136 0.0103 0.0157 0.0082 0.0107 0.0111 0.3014 0.0058 0.0061 0.0096 0.4683 
      H047.8  2 0.0138 0.0259 0.0225 0.0203 0.0046 0.0100 0.0148 0.8102 0.0057 0.0171 0.0082 0.0469 
      H047.9  2 0.0781 0.0206 0.0271 0.0422 0.0054 0.0297 0.0242 0.3023 0.0143 0.0199 0.0097 0.4265 
 H071.1_2002  2 0.0180 0.0076 0.0068 0.0061 0.0050 0.0095 0.0057 0.0056 0.0091 0.0083 0.0041 0.9141 
 H071.1_2003  2 0.0356 0.0167 0.0815 0.0110 0.0096 0.0257 0.0072 0.0131 0.0396 0.0132 0.0044 0.7423 
     H071.10  2 0.0080 0.0048 0.0063 0.0057 0.0070 0.0066 0.0088 0.0041 0.0210 0.0048 0.0153 0.9077 
 H071.2_2002  2 0.0138 0.0081 0.0164 0.0075 0.0084 0.0099 0.0138 0.0070 0.0098 0.0076 0.0039 0.8938 
 H071.2_2003  2 0.0066 0.0065 0.0061 0.0039 0.0041 0.0051 0.0044 0.0050 0.0052 0.0052 0.0042 0.9437 
      H071.3  2 0.0078 0.0049 0.0061 0.0084 0.0078 0.0062 0.0090 0.0297 0.0212 0.0044 0.0080 0.8865 
 H071.4_2002  2 0.0108 0.0094 0.0104 0.0106 0.0157 0.0141 0.0105 0.0061 0.0167 0.0062 0.0097 0.8797 
 H071.4_2003  2 0.0084 0.0060 0.0044 0.0047 0.0030 0.0056 0.0054 0.0065 0.0093 0.0052 0.0051 0.9364 
 H071.5_2002  2 0.0090 0.0054 0.0061 0.0048 0.0055 0.0050 0.0063 0.0040 0.0067 0.0049 0.0074 0.9350 
 H071.5_2003  2 0.0099 0.0067 0.0108 0.0062 0.0033 0.0098 0.0085 0.0084 0.0164 0.0080 0.0054 0.9068 
 H071.6_2002  2 0.0082 0.0067 0.0082 0.0057 0.0049 0.0074 0.0181 0.0047 0.0085 0.0057 0.0052 0.9167 
 H071.6_2003  2 0.0069 0.0058 0.0065 0.0065 0.0038 0.0050 0.0085 0.0047 0.0181 0.0072 0.0040 0.9230 
 H071.7_2002  2 0.0071 0.0042 0.0073 0.0037 0.0046 0.0042 0.0066 0.0056 0.0041 0.0045 0.0033 0.9447 
 H071.7_2003  2 0.0151 0.0056 0.0087 0.0075 0.0048 0.0096 0.0065 0.0061 0.0221 0.0082 0.0051 0.9008 
      H071.8  2 0.0081 0.0075 0.0187 0.0069 0.0072 0.0079 0.0104 0.0095 0.0057 0.0067 0.0048 0.9066 
      H071.9  2 0.0198 0.0266 0.0247 0.0118 0.0177 0.0113 0.0498 0.0135 0.0426 0.0075 0.0124 0.7623 
 H081.1_2002  2 0.0091 0.0077 0.0077 0.0073 0.0054 0.0069 0.0057 0.0042 0.0061 0.0067 0.0077 0.9256 
 H081.1_2003  2 0.0605 0.2256 0.0412 0.0264 0.3098 0.0386 0.0595 0.0162 0.0879 0.0518 0.0231 0.0595 
 H081.2_2002  2 0.0128 0.0077 0.0272 0.0067 0.0041 0.0095 0.0070 0.0066 0.0055 0.0065 0.0073 0.8991 
 H081.2_2003  2 0.0690 0.0380 0.0385 0.0099 0.0091 0.0151 0.0117 0.0118 0.7198 0.0094 0.0297 0.0378 
 H081.3_2002  2 0.0072 0.0086 0.0273 0.0083 0.0089 0.0123 0.0079 0.0123 0.0116 0.0064 0.0068 0.8824 
 H081.3_2003  2 0.1814 0.0391 0.0718 0.0134 0.0185 0.0377 0.0258 0.0138 0.5476 0.0187 0.0166 0.0156 
 H081.4_2002  2 0.0078 0.0096 0.0061 0.0077 0.0035 0.0103 0.0076 0.0082 0.0095 0.0067 0.0056 0.9173 
 H081.4_2003  2 0.0793 0.2966 0.0465 0.0194 0.0270 0.0303 0.0292 0.0081 0.4033 0.0281 0.0120 0.0203 
 H081.5_2002  2 0.0103 0.0088 0.0100 0.0054 0.0063 0.0081 0.0084 0.0099 0.0128 0.0066 0.0048 0.9087 
 H081.5_2003  2 0.0507 0.2746 0.1776 0.0432 0.0304 0.0526 0.0389 0.0254 0.1900 0.0314 0.0138 0.0714 
      H081.6  2 0.0129 0.0056 0.0084 0.0061 0.0058 0.0079 0.0053 0.0045 0.0068 0.0063 0.0052 0.9250 
      H081.7  2 0.0083 0.0114 0.0365 0.0085 0.0049 0.0144 0.0056 0.0077 0.0117 0.0055 0.0054 0.8801 
      H081.8  2 0.0143 0.0186 0.0167 0.0137 0.0149 0.0241 0.0155 0.0098 0.0402 0.0097 0.0163 0.8063 
      H083.1  2 0.0092 0.0140 0.0059 0.0055 0.0085 0.0095 0.0175 0.0073 0.0070 0.0062 0.0277 0.8817 
      H083.2  2 0.0129 0.0101 0.0187 0.0079 0.0098 0.0212 0.0194 0.0468 0.0093 0.0122 0.0299 0.8017 
      H083.4  2 0.0105 0.0086 0.0187 0.0084 0.0135 0.0184 0.0237 0.0120 0.0057 0.0069 0.1204 0.7531 
      H083.5  2 0.0098 0.0148 0.0099 0.0076 0.0168 0.0087 0.0117 0.0100 0.0065 0.0097 0.0876 0.8068 
      H083.6  2 0.0073 0.0107 0.0106 0.0111 0.0094 0.0283 0.0192 0.0061 0.0112 0.0086 0.1169 0.7606 
      H083.7  2 0.0106 0.0067 0.0151 0.0156 0.0117 0.0149 0.0125 0.0141 0.0062 0.0084 0.2862 0.5980 
      H083.8  2 0.0136 0.0119 0.0188 0.0080 0.0079 0.0248 0.0143 0.0631 0.0074 0.0139 0.0353 0.7810 
      H083.9  2 0.0052 0.0142 0.0057 0.0090 0.0091 0.0087 0.0097 0.0096 0.0071 0.0070 0.1031 0.8116 
      H084.1  2 0.0129 0.0299 0.0103 0.0177 0.0849 0.0074 0.0192 0.0221 0.7622 0.0116 0.0136 0.0081 
      H084.2  2 0.0158 0.0560 0.0071 0.0059 0.1106 0.0087 0.0148 0.0059 0.7414 0.0101 0.0081 0.0156 
      H084.3  2 0.0122 0.0207 0.0093 0.1437 0.2450 0.0187 0.0216 0.0175 0.4726 0.0139 0.0179 0.0069 
      H084.4  2 0.0091 0.0661 0.0066 0.0536 0.2487 0.0181 0.0197 0.0399 0.5058 0.0138 0.0082 0.0103 
      H084.5  2 0.0066 0.0091 0.0095 0.0447 0.0457 0.0091 0.0409 0.0328 0.7772 0.0085 0.0087 0.0071 
      H084.6  2 0.0075 0.0103 0.0128 0.0748 0.1071 0.0357 0.0345 0.0314 0.6410 0.0067 0.0324 0.0058 
      H084.7  2 0.0115 0.0416 0.0075 0.0080 0.0207 0.0116 0.0119 0.0081 0.8510 0.0086 0.0105 0.0090 
      H084.8  2 0.0065 0.0116 0.0095 0.0871 0.0784 0.0093 0.0179 0.0430 0.7052 0.0119 0.0129 0.0066 
 H085.1_2002  2 0.0123 0.2589 0.5153 0.0089 0.0211 0.0234 0.0093 0.0076 0.0096 0.0073 0.0174 0.1089 
 H085.1_2003  2 0.0105 0.2423 0.0318 0.0231 0.0142 0.0116 0.0184 0.0210 0.0355 0.0096 0.0789 0.5030 
 H085.2_2002  2 0.0160 0.2430 0.3455 0.0295 0.0744 0.1022 0.0127 0.0068 0.0351 0.0090 0.0939 0.0317 
 H085.2_2003  2 0.0084 0.0850 0.0233 0.0104 0.0122 0.0115 0.0141 0.0378 0.0144 0.0209 0.0363 0.7256 
 H085.3_2002  2 0.0099 0.3618 0.5035 0.0262 0.0069 0.0144 0.0061 0.0079 0.0172 0.0083 0.0212 0.0166 
 H085.3_2003  2 0.0173 0.0340 0.0270 0.0199 0.0054 0.0067 0.0093 0.0170 0.0359 0.0148 0.0078 0.8049 
 H085.4_2002  2 0.0379 0.0991 0.5158 0.0218 0.0451 0.0440 0.0158 0.0055 0.0229 0.0113 0.0327 0.1481 
 H085.4_2003  2 0.0098 0.0957 0.0172 0.0470 0.0073 0.0134 0.0096 0.0150 0.0273 0.0141 0.0086 0.7350 
 H085.5_2002  2 0.0107 0.2111 0.6607 0.0257 0.0064 0.0098 0.0054 0.0079 0.0124 0.0097 0.0059 0.0345 
 H085.5_2003  2 0.0117 0.0392 0.0112 0.0087 0.0079 0.0086 0.0083 0.0122 0.0166 0.0119 0.0400 0.8236 
 H085.6_2002  2 0.0086 0.3806 0.4955 0.0074 0.0132 0.0186 0.0088 0.0085 0.0140 0.0097 0.0116 0.0236 
 H085.6_2003  2 0.0213 0.2727 0.1514 0.1164 0.0067 0.0140 0.0103 0.1008 0.0655 0.0447 0.0063 0.1899 
 H085.7_2002  2 0.0129 0.3085 0.4297 0.0165 0.0122 0.0488 0.0071 0.0304 0.0166 0.0154 0.0467 0.0552 
 H085.7_2003  2 0.0174 0.0672 0.0139 0.0306 0.0098 0.0110 0.0144 0.0204 0.0308 0.0136 0.0147 0.7562 
 H085.8_2002  2 0.0344 0.1729 0.4911 0.0561 0.0155 0.0484 0.0101 0.0111 0.0773 0.0153 0.0144 0.0535 
 H085.8_2003  2 0.0146 0.4787 0.0459 0.0437 0.0131 0.0170 0.0182 0.0271 0.0269 0.0183 0.0702 0.2263 
      H085.9  2 0.0219 0.2004 0.5031 0.0195 0.0324 0.0308 0.0089 0.0110 0.0161 0.0083 0.0238 0.1239 
      H088.1  2 0.0233 0.8631 0.0109 0.0199 0.0097 0.0115 0.0078 0.0091 0.0078 0.0139 0.0137 0.0094 
      H088.2  2 0.0067 0.8884 0.0155 0.0138 0.0075 0.0148 0.0100 0.0092 0.0057 0.0114 0.0095 0.0075 
      H088.3  2 0.0062 0.9153 0.0095 0.0075 0.0061 0.0065 0.0105 0.0102 0.0067 0.0079 0.0079 0.0058 
      H088.4  2 0.0089 0.9213 0.0054 0.0049 0.0055 0.0049 0.0089 0.0068 0.0121 0.0100 0.0034 0.0079 
      H088.5  2 0.0074 0.9298 0.0077 0.0073 0.0057 0.0044 0.0056 0.0059 0.0074 0.0084 0.0052 0.0052 
      H088.6  2 0.0096 0.9014 0.0056 0.0120 0.0059 0.0079 0.0106 0.0112 0.0097 0.0093 0.0070 0.0099 
      H088.7  2 0.0055 0.8918 0.0074 0.0100 0.0061 0.0070 0.0111 0.0267 0.0065 0.0085 0.0067 0.0128 
      H088.8  2 0.0168 0.8234 0.0064 0.0109 0.0097 0.0079 0.0178 0.0428 0.0118 0.0145 0.0082 0.0297 
      H091.1  2 0.0108 0.8412 0.0080 0.0135 0.0065 0.0148 0.0132 0.0095 0.0135 0.0119 0.0314 0.0256 
      H091.2  2 0.0158 0.7716 0.0078 0.0328 0.0057 0.0270 0.0201 0.0193 0.0085 0.0093 0.0475 0.0346 
      H109.1  2 0.0514 0.0119 0.0343 0.0392 0.0476 0.0105 0.2284 0.2366 0.1254 0.0149 0.1742 0.0256 
      H109.2  2 0.0372 0.0252 0.0175 0.0216 0.0138 0.0173 0.0461 0.0510 0.6251 0.0107 0.0293 0.1053 
      H109.3  2 0.0184 0.0362 0.0128 0.0216 0.0166 0.0696 0.0210 0.6264 0.0986 0.0301 0.0098 0.0388 
      H109.4  2 0.1505 0.0342 0.0314 0.0463 0.0578 0.0201 0.0840 0.1446 0.3433 0.0232 0.0227 0.0420 
      H109.5  2 0.0120 0.2032 0.0169 0.0831 0.0062 0.0344 0.0154 0.1487 0.0738 0.0180 0.0072 0.3811 
      H109.6  2 0.0536 0.0173 0.0186 0.0308 0.0171 0.0449 0.1947 0.1107 0.4372 0.0188 0.0196 0.0368 
      H126.1  2 0.1222 0.0341 0.5489 0.0240 0.0086 0.0277 0.0822 0.0150 0.0125 0.0969 0.0108 0.0173 
      H126.2  2 0.1677 0.0130 0.3218 0.0107 0.0311 0.0397 0.0258 0.0190 0.0178 0.0237 0.0116 0.3181 
      H126.3  2 0.0204 0.0773 0.2386 0.0143 0.0101 0.0235 0.2538 0.0127 0.0048 0.0118 0.0180 0.3149 
      H126.4  2 0.4747 0.0242 0.2114 0.0163 0.0147 0.0712 0.0317 0.0156 0.0166 0.0594 0.0271 0.0372 
      H126.5  2 0.7121 0.0076 0.0471 0.0154 0.0055 0.0185 0.0257 0.0077 0.0093 0.0271 0.0090 0.1148 
      H126.6  2 0.0155 0.0242 0.2778 0.0061 0.0059 0.0245 0.0586 0.0113 0.0054 0.0120 0.0093 0.5492 
      H126.7  2 0.0208 0.0196 0.0137 0.0052 0.0037 0.0122 0.0154 0.0068 0.0109 0.0087 0.0065 0.8765 
      H130.1  2 0.1227 0.3129 0.1386 0.0305 0.0076 0.0230 0.0180 0.0251 0.0275 0.2643 0.0163 0.0135 
      H130.2  2 0.0091 0.0640 0.0359 0.0142 0.0103 0.0135 0.0251 0.0514 0.6482 0.0618 0.0364 0.0301 
      H130.3  2 0.0100 0.0416 0.0093 0.0081 0.0047 0.0085 0.0100 0.0140 0.1432 0.7224 0.0068 0.0213 
      H130.4  2 0.0339 0.0943 0.1726 0.0141 0.0375 0.0374 0.0318 0.0211 0.0862 0.4321 0.0287 0.0105 
      H130.5  2 0.0264 0.4120 0.1009 0.0223 0.0062 0.0342 0.0121 0.0132 0.2448 0.0455 0.0328 0.0496 
      H133.1  2 0.0264 0.1259 0.0790 0.0147 0.1593 0.0334 0.0568 0.1534 0.1061 0.1718 0.0223 0.0510 
      H133.2  2 0.0391 0.1467 0.2734 0.0121 0.0128 0.0684 0.0266 0.2185 0.1415 0.0326 0.0088 0.0195 
      H133.3  2 0.0110 0.5037 0.0551 0.0207 0.0991 0.0722 0.0495 0.0191 0.0544 0.0438 0.0106 0.0609 
      H133.4  2 0.0393 0.0264 0.0179 0.0110 0.0704 0.0535 0.0649 0.6032 0.0406 0.0508 0.0101 0.0119 
      H133.5  2 0.0273 0.3423 0.1345 0.0059 0.0377 0.1188 0.0778 0.0310 0.1254 0.0724 0.0145 0.0123 
      H133.6  2 0.0759 0.5141 0.0965 0.0132 0.0108 0.0370 0.0378 0.0135 0.1397 0.0348 0.0132 0.0137 
      H133.7  2 0.0218 0.0945 0.0466 0.1445 0.0931 0.0488 0.0423 0.3845 0.0462 0.0346 0.0135 0.0297 
      H133.8  2 0.0237 0.0698 0.2541 0.0369 0.1181 0.0603 0.0447 0.2206 0.0291 0.0922 0.0250 0.0256 
      H133.9  2 0.0227 0.1888 0.0618 0.0172 0.1610 0.0308 0.0673 0.1059 0.0866 0.1848 0.0354 0.0377 
      H147.1  2 0.0105 0.0437 0.0783 0.1312 0.0175 0.0207 0.0079 0.0652 0.0791 0.0075 0.0323 0.5061 
      H147.2  2 0.0099 0.0141 0.0203 0.0111 0.0055 0.0059 0.0054 0.0093 0.0122 0.0065 0.0057 0.8941 
      H147.3  2 0.0092 0.0071 0.0189 0.0089 0.0050 0.0129 0.0049 0.0081 0.0148 0.0079 0.0061 0.8963 
      H147.4  2 0.0055 0.0070 0.0135 0.0092 0.0236 0.0119 0.0058 0.0225 0.0213 0.0046 0.0096 0.8654 
      H147.5  2 0.0154 0.0868 0.0318 0.0202 0.0090 0.0121 0.0077 0.0365 0.0840 0.0214 0.0218 0.6531 
      H147.6  2 0.0267 0.0797 0.0204 0.0147 0.0084 0.0207 0.0111 0.0909 0.1464 0.0201 0.0237 0.5372 
      H147.7  2 0.0068 0.0094 0.0107 0.0174 0.0186 0.0181 0.0054 0.0247 0.0296 0.0087 0.0121 0.8385 
      H147.8  2 0.0050 0.0297 0.0083 0.0090 0.0248 0.0097 0.0079 0.0787 0.0472 0.0052 0.0287 0.7457 
      H147.9  2 0.0074 0.0055 0.0164 0.0091 0.0049 0.0060 0.0051 0.0083 0.0118 0.0069 0.0063 0.9124 
      H148.1  2 0.0423 0.0478 0.1301 0.2596 0.0845 0.0206 0.1495 0.0233 0.1699 0.0247 0.0255 0.0223 
      H148.2  2 0.0195 0.0136 0.0919 0.5692 0.0503 0.0234 0.1000 0.0166 0.0440 0.0239 0.0237 0.0238 
      H148.3  2 0.0131 0.0100 0.0089 0.7795 0.0270 0.1026 0.0105 0.0119 0.0113 0.0070 0.0105 0.0079 
      H148.4  2 0.0206 0.0244 0.1351 0.4357 0.0565 0.0671 0.1433 0.0175 0.0240 0.0420 0.0114 0.0225 
      H148.5  2 0.0190 0.0202 0.0147 0.6980 0.0416 0.0515 0.0456 0.0224 0.0357 0.0194 0.0216 0.0104 
      H148.6  2 0.0150 0.0237 0.0372 0.5868 0.1302 0.0476 0.0395 0.0141 0.0219 0.0188 0.0477 0.0174 
      H148.7  2 0.0192 0.0340 0.0292 0.5645 0.0312 0.0291 0.1219 0.0609 0.0283 0.0548 0.0167 0.0104 
      H148.8  2 0.0082 0.0205 0.0218 0.7776 0.0267 0.0732 0.0107 0.0085 0.0139 0.0235 0.0077 0.0076 
      H148.9  2 0.0858 0.0157 0.0839 0.2328 0.1950 0.0379 0.1634 0.0772 0.0285 0.0414 0.0274 0.0110 
   H166022.1  2 0.0064 0.8054 0.0125 0.0194 0.0120 0.0173 0.0062 0.0173 0.0241 0.0051 0.0613 0.0129 
   H166022.2  2 0.0104 0.4903 0.0204 0.0276 0.0148 0.0424 0.0189 0.0698 0.1385 0.0187 0.0606 0.0874 
   H166022.3  2 0.0072 0.7468 0.0053 0.0144 0.0079 0.0109 0.0184 0.0167 0.0183 0.0136 0.1347 0.0057 
   H166022.4  2 0.0058 0.9006 0.0048 0.0076 0.0054 0.0095 0.0147 0.0097 0.0117 0.0093 0.0143 0.0066 
   H166022.5  2 0.0049 0.8388 0.0064 0.0093 0.0058 0.0128 0.0161 0.0094 0.0521 0.0079 0.0256 0.0108 
   H166022.6  2 0.0129 0.7990 0.0085 0.0135 0.0219 0.0094 0.0077 0.0384 0.0208 0.0154 0.0421 0.0104 
   H166022.7  2 0.0172 0.0086 0.0123 0.0076 0.0174 0.0068 0.8545 0.0093 0.0319 0.0174 0.0068 0.0102 
   H166022.8  2 0.0118 0.3337 0.1196 0.0288 0.0087 0.0643 0.0187 0.0347 0.1812 0.0381 0.1299 0.0306 
   H167397.1  2 0.0185 0.0999 0.0184 0.1656 0.4750 0.0222 0.0498 0.0314 0.0367 0.0100 0.0106 0.0619 
   H167397.2  2 0.0070 0.0164 0.1162 0.0655 0.4253 0.1837 0.0599 0.0203 0.0122 0.0119 0.0492 0.0324 
   H167397.3  2 0.0116 0.0231 0.0090 0.0798 0.5642 0.0782 0.0873 0.0328 0.0173 0.0117 0.0176 0.0673 
   H167397.4  2 0.0063 0.0175 0.0247 0.0711 0.6300 0.0568 0.0196 0.0804 0.0113 0.0127 0.0251 0.0443 
   H167397.5  2 0.0269 0.0431 0.0313 0.0680 0.6037 0.0330 0.0644 0.0249 0.0421 0.0189 0.0165 0.0272 
   H167397.6  2 0.0155 0.0219 0.0141 0.1474 0.5812 0.0243 0.0641 0.0443 0.0055 0.0255 0.0160 0.0401 
   H167496.1  2 0.0200 0.6378 0.0061 0.0941 0.0092 0.0973 0.0227 0.0100 0.0225 0.0469 0.0214 0.0119 
   H167496.2  2 0.0205 0.1577 0.0357 0.1510 0.0152 0.0825 0.1748 0.0739 0.0828 0.0310 0.0094 0.1654 
   H167496.3  2 0.0435 0.6279 0.0513 0.0578 0.0080 0.0603 0.0112 0.0181 0.0141 0.0394 0.0460 0.0226 
   H167496.4  2 0.0057 0.9301 0.0061 0.0047 0.0050 0.0057 0.0075 0.0072 0.0062 0.0053 0.0062 0.0103 
   H167496.6  2 0.0105 0.8698 0.0084 0.0076 0.0077 0.0067 0.0162 0.0134 0.0185 0.0128 0.0072 0.0212 
   H167496.7  2 0.0769 0.1913 0.0137 0.2286 0.0077 0.0559 0.0314 0.0679 0.0852 0.1953 0.0265 0.0197 
   H167496.8  2 0.0079 0.8265 0.0078 0.0104 0.0055 0.0065 0.0216 0.0219 0.0437 0.0086 0.0103 0.0293 
   H167513.1  2 0.0050 0.0094 0.0080 0.0062 0.0058 0.0066 0.0088 0.9189 0.0082 0.0081 0.0089 0.0062 
   H167513.2  2 0.0223 0.0220 0.0114 0.0269 0.0294 0.0086 0.0080 0.8322 0.0120 0.0132 0.0063 0.0077 
   H167513.3  2 0.0151 0.0070 0.0062 0.0069 0.0066 0.0082 0.0136 0.8923 0.0101 0.0157 0.0112 0.0073 
