      H105.1  1 0.3977 0.3003 0.0348 0.1886 0.0786 
      H105.2  1 0.4025 0.2754 0.0949 0.0445 0.1827 
      H105.3  1 0.2732 0.3591 0.0400 0.2274 0.1003 
      H105.4  1 0.1989 0.1561 0.0438 0.0619 0.5393 
      H105.5  1 0.2605 0.1344 0.0289 0.0253 0.5509 
      H105.6  1 0.2000 0.1673 0.0265 0.1095 0.4968 
      H105.7  1 0.1891 0.0424 0.0168 0.6603 0.0914 
      H105.8  1 0.1351 0.4279 0.0544 0.2069 0.1757 
      H115.1  1 0.1212 0.2435 0.0666 0.0907 0.4780 
      H115.2  1 0.1334 0.0777 0.0557 0.0223 0.7109 
      H115.3  1 0.0193 0.0283 0.0208 0.0112 0.9204 
      H115.4  1 0.1893 0.6695 0.0411 0.0204 0.0797 
      H115.5  1 0.0534 0.0286 0.3830 0.0387 0.4963 
      H115.6  1 0.0717 0.0437 0.0324 0.0581 0.7941 
      H115.7  1 0.3271 0.1570 0.0358 0.0288 0.4513 
      H115.8  1 0.0339 0.0313 0.2742 0.1084 0.5522 
      H115.9  1 0.0234 0.0220 0.0132 0.0568 0.8846 
      H145.1  1 0.0481 0.0485 0.6804 0.0179 0.2051 
      H145.2  1 0.0642 0.0670 0.3898 0.0150 0.4639 
      H145.3  1 0.0205 0.0132 0.9267 0.0168 0.0227 
      H145.4  1 0.0886 0.0320 0.7855 0.0163 0.0776 
      H145.5  1 0.0176 0.0133 0.9417 0.0108 0.0167 
      H145.6  1 0.0698 0.0216 0.7427 0.0160 0.1499 
      H145.7  1 0.0449 0.0201 0.8689 0.0139 0.0522 
      H149.1  1 0.0195 0.8203 0.0920 0.0175 0.0507 
      H149.2  1 0.0653 0.7290 0.0756 0.0170 0.1131 
      H149.3  1 0.1125 0.5756 0.1882 0.0375 0.0861 
      H149.4  1 0.0366 0.8740 0.0451 0.0244 0.0199 
      H149.5  1 0.1406 0.7686 0.0321 0.0340 0.0247 
      H149.6  1 0.0781 0.7912 0.0784 0.0166 0.0357 
      H149.7  1 0.1024 0.7362 0.0447 0.0956 0.0212 
      H150.1  1 0.0393 0.0128 0.0274 0.0171 0.9035 
      H150.2  1 0.0833 0.0977 0.0902 0.0244 0.7044 
      H150.3  1 0.1104 0.0341 0.0457 0.0735 0.7362 
      H150.4  1 0.0202 0.0086 0.0297 0.0265 0.9150 
      H150.5  1 0.1814 0.0698 0.0315 0.0205 0.6967 
      H150.6  1 0.3518 0.3717 0.0508 0.0124 0.2132 
      H150.7  1 0.0147 0.0098 0.0147 0.0165 0.9442 
   H169607.1  1 0.0734 0.2313 0.2382 0.1241 0.3330 
   H169607.2  1 0.0250 0.1320 0.0118 0.0561 0.7752 
   H169607.3  1 0.1878 0.0859 0.1131 0.2162 0.3970 
   H169607.4  1 0.0158 0.0734 0.0155 0.0212 0.8741 
   H169607.5  1 0.0468 0.0768 0.0244 0.0520 0.8000 
   H169607.6  1 0.0248 0.1417 0.0155 0.0568 0.7612 
   H169607.7  1 0.0341 0.7039 0.0213 0.0899 0.1508 
   H169607.8  1 0.0127 0.0622 0.0155 0.0499 0.8598 
   H169633.1  1 0.0394 0.0656 0.8320 0.0217 0.0413 
   H169633.2  1 0.0754 0.6250 0.2203 0.0622 0.0172 
   H169633.3  1 0.1745 0.5721 0.1024 0.1271 0.0240 
   H169633.4  1 0.0443 0.1722 0.6884 0.0145 0.0806 
   H169633.5  1 0.0520 0.1675 0.6718 0.0137 0.0951 
   H169688.1  1 0.0238 0.0610 0.7366 0.1274 0.0513 
   H169688.2  1 0.0363 0.1397 0.5082 0.2778 0.0380 
   H169688.3  1 0.0766 0.1385 0.6939 0.0448 0.0462 
   H169688.4  1 0.0296 0.0598 0.5758 0.0464 0.2884 
   H169688.5  1 0.0257 0.0639 0.5715 0.0578 0.2811 
   H169688.6  1 0.0145 0.0895 0.8387 0.0348 0.0225 
   H169688.7  1 0.0335 0.1193 0.7789 0.0319 0.0364 
   H171901.1  1 0.5364 0.0408 0.1425 0.0371 0.2432 
   H171901.2  1 0.0665 0.3972 0.0908 0.0349 0.4106 
   H171901.3  1 0.0438 0.6583 0.0474 0.0424 0.2081 
   H171901.4  1 0.0285 0.8311 0.0234 0.0282 0.0888 
   H171901.5  1 0.0220 0.8770 0.0151 0.0172 0.0687 
   H171901.6  1 0.0296 0.7091 0.0148 0.0257 0.2208 
   H171901.7  1 0.0256 0.8763 0.0267 0.0266 0.0448 
   H171902.1  1 0.0225 0.2996 0.2411 0.0371 0.3998 
  H171902.10  1 0.0118 0.8634 0.0334 0.0117 0.0797 
   H171902.2  1 0.0352 0.2753 0.3126 0.2317 0.1452 
   H171902.3  1 0.0196 0.8818 0.0182 0.0224 0.0581 
   H171902.4  1 0.0324 0.2783 0.3109 0.0317 0.3467 
   H171902.6  1 0.0151 0.8167 0.0249 0.0145 0.1289 
   H171902.7  1 0.0232 0.5364 0.1061 0.0163 0.3179 
   H171902.8  1 0.0205 0.8562 0.0291 0.0146 0.0797 
   H171902.9  1 0.0314 0.0531 0.0908 0.0261 0.7985 
   H171903.1  1 0.0394 0.0639 0.0139 0.0572 0.8257 
   H171903.2  1 0.0591 0.1122 0.0220 0.1343 0.6724 
   H171903.3  1 0.2250 0.2633 0.0278 0.0725 0.4113 
   H171903.4  1 0.1523 0.0559 0.0552 0.0604 0.6762 
   H171903.5  1 0.1195 0.5390 0.0492 0.0582 0.2341 
   H171903.6  1 0.0755 0.3291 0.0258 0.0486 0.5210 
      H177.1  1 0.0465 0.5559 0.0512 0.1823 0.1642 
      H177.2  1 0.0378 0.5222 0.1800 0.1736 0.0864 
      H177.3  1 0.0249 0.8392 0.0286 0.0220 0.0854 
      H177.4  1 0.0407 0.6128 0.0414 0.2628 0.0422 
      H177.5  1 0.0403 0.0573 0.0245 0.8311 0.0467 
      H177.6  1 0.0314 0.8371 0.0396 0.0224 0.0696 
      H179.1  1 0.0301 0.8047 0.0180 0.1131 0.0341 
      H179.2  1 0.0389 0.8455 0.0129 0.0796 0.0231 
      H179.3  1 0.0346 0.3584 0.0337 0.4769 0.0964 
      H179.4  1 0.0176 0.9048 0.0161 0.0444 0.0171 
      H180.1  1 0.4460 0.4228 0.0319 0.0127 0.0867 
      H180.2  1 0.3327 0.2208 0.1082 0.0224 0.3159 
      H180.3  1 0.2868 0.0762 0.0270 0.0459 0.5641 
      H180.4  1 0.7679 0.1225 0.0431 0.0258 0.0407 
      H180.5  1 0.2177 0.2665 0.1623 0.1400 0.2136 
      H180.6  1 0.0652 0.0580 0.1917 0.3399 0.3453 
      H181.1  1 0.0559 0.4551 0.4055 0.0161 0.0674 
      H181.2  1 0.0728 0.6169 0.2363 0.0333 0.0407 
      H181.3  1 0.0514 0.5533 0.2458 0.1189 0.0305 
      H181.4  1 0.2530 0.4654 0.0526 0.0464 0.1827 
      H181.5  1 0.0748 0.4592 0.1403 0.3058 0.0199 
      H181.6  1 0.0910 0.7514 0.0259 0.0624 0.0693 
      H181.7  1 0.0221 0.8076 0.0739 0.0624 0.0341 
 H194.1_2004  1 0.1502 0.0405 0.0461 0.1115 0.6516 
 H194.2_2004  1 0.3960 0.0341 0.1104 0.0795 0.3800 
 H194.3_2004  1 0.0988 0.3955 0.1300 0.1207 0.2550 
 H194.4_2004  1 0.0709 0.0986 0.3797 0.1847 0.2661 
 H194.5_2004  1 0.1289 0.2574 0.0547 0.2015 0.3575 
 H194.6_2004  1 0.0882 0.1624 0.0503 0.5670 0.1321 
 H194.7_2004  1 0.1967 0.0191 0.1448 0.2921 0.3474 
 H194.8_2004  1 0.1661 0.1113 0.1026 0.4912 0.1287 
      H194.9  1 0.1086 0.0240 0.1545 0.4177 0.2951 
 H195.1_2003  1 0.1671 0.3318 0.0307 0.0691 0.4013 
 H195.1_2004  1 0.0392 0.0523 0.8669 0.0126 0.0290 
 H195.2_2003  1 0.0390 0.0548 0.0640 0.1772 0.6649 
 H195.2_2004  1 0.0199 0.0195 0.9206 0.0224 0.0176 
 H195.3_2003  1 0.0469 0.0387 0.0391 0.0541 0.8212 
 H195.3_2004  1 0.0585 0.0537 0.7784 0.0182 0.0912 
 H195.4_2003  1 0.4359 0.1275 0.0380 0.0306 0.3681 
 H195.4_2004  1 0.0125 0.0117 0.9301 0.0310 0.0147 
 H195.5_2003  1 0.2975 0.2009 0.0485 0.0415 0.4115 
 H195.5_2004  1 0.0210 0.0160 0.9295 0.0107 0.0229 
 H195.6_2003  1 0.1055 0.0307 0.0945 0.0288 0.7405 
 H195.6_2004  1 0.0225 0.0374 0.8845 0.0214 0.0342 
 H195.7_2003  1 0.1621 0.1957 0.2078 0.3645 0.0700 
 H195.7_2004  1 0.0168 0.0131 0.9392 0.0108 0.0202 
      H195.8  1 0.0179 0.0171 0.9168 0.0204 0.0278 
      H195.9  1 0.0483 0.1004 0.5993 0.1504 0.1016 
      H415.1  1 0.1303 0.3200 0.1951 0.1346 0.2199 
      H415.2  1 0.0524 0.5689 0.0326 0.0353 0.3107 
      H415.3  1 0.1281 0.8120 0.0127 0.0270 0.0201 
      H415.4  1 0.3951 0.3022 0.0303 0.1014 0.1710 
      H415.5  1 0.1910 0.7609 0.0159 0.0183 0.0139 
      H415.6  1 0.3385 0.3275 0.0335 0.0929 0.2077 
      H415.7  1 0.0865 0.7441 0.0289 0.0382 0.1023 
      H506.1  1 0.0133 0.9239 0.0349 0.0171 0.0109 
      H506.2  1 0.0119 0.9464 0.0151 0.0136 0.0129 
      H506.3  1 0.0324 0.6456 0.2590 0.0485 0.0144 
      H506.4  1 0.0246 0.8440 0.0732 0.0450 0.0132 
      H506.5  1 0.0140 0.9252 0.0305 0.0162 0.0141 
      H506.6  1 0.0300 0.6618 0.2101 0.0542 0.0439 
      H506.7  1 0.0128 0.9217 0.0336 0.0172 0.0147 
      H533.1  1 0.0136 0.9495 0.0189 0.0091 0.0089 
      H533.2  1 0.0083 0.9463 0.0256 0.0101 0.0098 
      H533.3  1 0.0093 0.9462 0.0154 0.0152 0.0139 
      H533.4  1 0.0134 0.8943 0.0557 0.0141 0.0225 
      H535.1  1 0.0276 0.8589 0.0101 0.0321 0.0713 
      H535.2  1 0.0244 0.7631 0.0477 0.1455 0.0192 
      H535.3  1 0.0351 0.6712 0.1160 0.1223 0.0554 
      H535.4  1 0.0279 0.9319 0.0187 0.0102 0.0113 
      H535.5  1 0.0106 0.9561 0.0097 0.0124 0.0112 
      H535.6  1 0.0605 0.6485 0.0249 0.1746 0.0915 
      H535.7  1 0.0105 0.9334 0.0166 0.0212 0.0183 
      H535.8  1 0.0124 0.8692 0.0380 0.0600 0.0205 
      H535.9  1 0.0181 0.8583 0.0281 0.0235 0.0721 
      H539.1  1 0.0070 0.0066 0.0100 0.0108 0.9656 
      H539.2  1 0.0603 0.3985 0.1401 0.0657 0.3354 
      H539.3  1 0.0120 0.0124 0.0423 0.0340 0.8992 
      H539.4  1 0.0183 0.0279 0.0837 0.0233 0.8468 
      H539.5  1 0.0071 0.0089 0.0143 0.0218 0.9480 
      H539.6  1 0.0100 0.0108 0.0130 0.0320 0.9342 
      H539.7  1 0.0142 0.0098 0.0141 0.0162 0.9456 
      H539.8  1 0.0416 0.0206 0.1550 0.0386 0.7443 
      H539.9  1 0.0119 0.0083 0.0325 0.0479 0.8994 
      H540.1  1 0.0152 0.0215 0.0268 0.0181 0.9184 
      H540.2  1 0.0160 0.0109 0.0080 0.0115 0.9535 
      H540.3  1 0.1175 0.0441 0.3613 0.0205 0.4566 
      H540.4  1 0.0471 0.0497 0.0211 0.0138 0.8683 
      H540.5  1 0.0184 0.0245 0.0655 0.0280 0.8636 
      H540.6  1 0.0282 0.0406 0.0648 0.0415 0.8249 
      H540.7  1 0.0249 0.0219 0.0125 0.0204 0.9202 
      H540.8  1 0.0472 0.0513 0.0126 0.0146 0.8744 
     H9558.1  1 0.0078 0.0145 0.0116 0.0132 0.9529 
     H9558.2  1 0.0095 0.0126 0.0153 0.0229 0.9397 
     H9558.3  1 0.0103 0.0104 0.0199 0.0185 0.9410 
     H9558.4  1 0.0120 0.0227 0.0121 0.0151 0.9382 
     H9558.5  1 0.0232 0.0649 0.0438 0.0138 0.8544 
     H9558.6  1 0.0510 0.0110 0.0149 0.1200 0.8031 
    kos339.1  1 0.0168 0.9098 0.0151 0.0364 0.0219 
    kos339.2  1 0.0475 0.6741 0.2029 0.0498 0.0258 
    kos339.3  1 0.0184 0.9301 0.0129 0.0155 0.0232 
    kos339.4  1 0.0260 0.8943 0.0297 0.0265 0.0235 
    kos339.5  1 0.0187 0.9102 0.0145 0.0374 0.0192 
    kos339.6  1 0.0468 0.6422 0.2651 0.0207 0.0252 
    kos339.7  1 0.0106 0.9454 0.0192 0.0122 0.0126 
    kos339.8  1 0.0154 0.9346 0.0265 0.0135 0.0101 
    kos339.9  1 0.0407 0.7904 0.0305 0.0267 0.1117 
      H008.1  2 0.0192 0.0226 0.0182 0.9090 0.0310 
      H008.2  2 0.0273 0.1895 0.3415 0.2065 0.2353 
      H008.3  2 0.0671 0.1631 0.4145 0.1707 0.1845 
      H008.4  2 0.0178 0.0211 0.0647 0.8446 0.0519 
      H008.5  2 0.0197 0.0261 0.0219 0.9117 0.0207 
      H008.6  2 0.0313 0.0970 0.1023 0.5336 0.2358 
      H008.7  2 0.0313 0.0682 0.1500 0.6936 0.0570 
      H008.8  2 0.0229 0.0843 0.0994 0.1585 0.6350 
      H008.9  2 0.0399 0.0595 0.4299 0.0521 0.4185 
 H029.1_2002  2 0.0155 0.0141 0.0203 0.9261 0.0240 
 H029.1_2003  2 0.0248 0.0330 0.0252 0.8889 0.0281 
 H029.2_2002  2 0.0110 0.0390 0.0469 0.8906 0.0126 
 H029.2_2003  2 0.0182 0.0688 0.0526 0.8342 0.0261 
 H029.3_2002  2 0.0159 0.0554 0.5227 0.3906 0.0154 
 H029.3_2003  2 0.0152 0.0221 0.0120 0.9436 0.0070 
 H029.4_2002  2 0.0141 0.0136 0.0327 0.9330 0.0066 
 H029.4_2003  2 0.0418 0.0353 0.0396 0.8519 0.0313 
 H029.5_2002  2 0.0116 0.0086 0.0116 0.9601 0.0081 
 H029.5_2003  2 0.0146 0.0151 0.0144 0.9449 0.0110 
 H029.6_2002  2 0.0137 0.0138 0.0839 0.8816 0.0071 
 H029.6_2003  2 0.0428 0.1023 0.0300 0.8033 0.0216 
      H029.7  2 0.0100 0.0186 0.0904 0.8653 0.0158 
      H030.1  2 0.4096 0.0563 0.0120 0.4977 0.0244 
      H030.2  2 0.4636 0.0372 0.2486 0.2308 0.0198 
      H038.1  2 0.0128 0.0128 0.0463 0.9093 0.0187 
      H038.2  2 0.0139 0.0125 0.0097 0.9545 0.0094 
      H038.3  2 0.0425 0.0238 0.0416 0.8669 0.0252 
      H038.4  2 0.0227 0.0146 0.0559 0.8901 0.0168 
      H038.5  2 0.0162 0.0334 0.0475 0.8913 0.0117 
      H038.6  2 0.0084 0.0167 0.0117 0.9517 0.0116 
      H038.7  2 0.0121 0.0136 0.0095 0.9481 0.0166 
      H038.8  2 0.0602 0.0225 0.1641 0.7354 0.0179 
      H041.1  2 0.0396 0.0225 0.1476 0.7757 0.0146 
      H041.2  2 0.0996 0.0143 0.0255 0.8483 0.0122 
      H041.4  2 0.0281 0.0166 0.0815 0.8413 0.0324 
      H041.6  2 0.0387 0.0165 0.0456 0.8385 0.0608 
 H042.1_2002  2 0.0935 0.0455 0.0296 0.7015 0.1299 
 H042.1_2003  2 0.1932 0.1212 0.1332 0.3973 0.1551 
 H042.2_2002  2 0.0284 0.0241 0.0376 0.8950 0.0150 
 H042.2_2003  2 0.1546 0.0269 0.0108 0.7246 0.0831 
 H042.3_2002  2 0.1787 0.0789 0.0658 0.5981 0.0786 
 H042.3_2003  2 0.1896 0.1002 0.3317 0.2830 0.0955 
 H042.4_2002  2 0.1193 0.0238 0.0566 0.7773 0.0229 
 H042.4_2003  2 0.0359 0.0137 0.0218 0.8785 0.0501 
      H042.5  2 0.0410 0.0160 0.0112 0.9037 0.0281 
      H042.6  2 0.0183 0.0143 0.0159 0.9051 0.0464 
      H042.7  2 0.3335 0.0293 0.0192 0.5905 0.0274 
      H042.8  2 0.0370 0.0168 0.0268 0.8912 0.0282 
   H042_2002  2 0.0429 0.0285 0.0283 0.2088 0.6915 
   H042_2003  2 0.0483 0.0203 0.0325 0.2051 0.6938 
      H043.1  2 0.0184 0.0438 0.5636 0.0463 0.3278 
      H043.2  2 0.0189 0.0280 0.2046 0.0834 0.6651 
      H043.3  2 0.0191 0.0518 0.0305 0.5766 0.3220 
      H043.4  2 0.0186 0.0176 0.0959 0.1424 0.7255 
      H043.5  2 0.0276 0.0319 0.3651 0.2620 0.3133 
      H043.6  2 0.0274 0.0306 0.1737 0.4928 0.2756 
      H043.7  2 0.0161 0.0140 0.0372 0.0375 0.8952 
      H043.8  2 0.0689 0.1915 0.2811 0.1114 0.3471 
      H043.9  2 0.0260 0.0524 0.2403 0.2057 0.4756 
      H047.1  2 0.0234 0.0553 0.0162 0.5386 0.3665 
      H047.2  2 0.0243 0.0359 0.0192 0.9003 0.0203 
      H047.3  2 0.0952 0.0609 0.0230 0.7784 0.0426 
      H047.4  2 0.0670 0.0288 0.0100 0.8703 0.0239 
      H047.5  2 0.1254 0.0675 0.0099 0.6586 0.1386 
      H047.6  2 0.1713 0.0762 0.0542 0.6108 0.0875 
      H047.7  2 0.0532 0.0438 0.0253 0.7254 0.1523 
      H047.8  2 0.1333 0.1685 0.0341 0.4968 0.1673 
      H047.9  2 0.0543 0.0678 0.0090 0.7728 0.0962 
 H071.1_2002  2 0.0101 0.0144 0.0104 0.9343 0.0308 
 H071.1_2003  2 0.0360 0.0196 0.0157 0.8255 0.1032 
     H071.10  2 0.0149 0.0276 0.0336 0.9125 0.0114 
 H071.2_2002  2 0.0138 0.0201 0.0118 0.9338 0.0205 
 H071.2_2003  2 0.0071 0.0092 0.0081 0.9641 0.0116 
      H071.3  2 0.0411 0.0266 0.0345 0.8832 0.0147 
 H071.4_2002  2 0.0293 0.0847 0.0395 0.8307 0.0159 
 H071.4_2003  2 0.0138 0.0224 0.0095 0.9400 0.0143 
 H071.5_2002  2 0.0109 0.0096 0.0117 0.9557 0.0121 
 H071.5_2003  2 0.0202 0.0233 0.0104 0.9206 0.0256 
 H071.6_2002  2 0.0191 0.0241 0.0153 0.9271 0.0145 
 H071.6_2003  2 0.0144 0.0129 0.0077 0.9482 0.0168 
 H071.7_2002  2 0.0066 0.0106 0.0079 0.9579 0.0171 
 H071.7_2003  2 0.0285 0.0261 0.0163 0.8822 0.0468 
      H071.8  2 0.0118 0.0144 0.0133 0.9412 0.0193 
      H071.9  2 0.0478 0.0254 0.0575 0.8381 0.0312 
 H081.1_2002  2 0.0080 0.0080 0.0103 0.9518 0.0218 
 H081.1_2003  2 0.0911 0.0707 0.3307 0.4037 0.1038 
 H081.2_2002  2 0.0108 0.0093 0.0120 0.9148 0.0532 
 H081.2_2003  2 0.4107 0.0426 0.2248 0.1382 0.1837 
 H081.3_2002  2 0.0149 0.0110 0.0185 0.9314 0.0243 
 H081.3_2003  2 0.1585 0.1037 0.1928 0.0720 0.4730 
 H081.4_2002  2 0.0146 0.0197 0.0104 0.9390 0.0163 
 H081.4_2003  2 0.1831 0.1151 0.0923 0.3644 0.2450 
 H081.5_2002  2 0.0122 0.0110 0.0097 0.9505 0.0167 
 H081.5_2003  2 0.1081 0.0480 0.0563 0.5153 0.2723 
      H081.6  2 0.0116 0.0144 0.0131 0.9344 0.0265 
      H081.7  2 0.0137 0.0099 0.0134 0.9442 0.0188 
      H081.8  2 0.0430 0.0253 0.1065 0.8051 0.0201 
      H083.1  2 0.0103 0.0224 0.0163 0.9406 0.0104 
      H083.2  2 0.0122 0.0180 0.0198 0.9254 0.0246 
      H083.4  2 0.0126 0.0193 0.1143 0.8358 0.0180 
      H083.5  2 0.0099 0.0132 0.0292 0.9339 0.0138 
      H083.6  2 0.0144 0.0303 0.0413 0.9034 0.0106 
      H083.7  2 0.0176 0.0376 0.1017 0.8241 0.0190 
      H083.8  2 0.0115 0.0207 0.0167 0.9313 0.0199 
      H083.9  2 0.0128 0.0121 0.0231 0.9430 0.0090 
      H084.1  2 0.8337 0.0217 0.0894 0.0361 0.0191 
      H084.2  2 0.5687 0.0847 0.1665 0.1557 0.0245 
      H084.3  2 0.7155 0.0326 0.2113 0.0212 0.0194 
      H084.4  2 0.5948 0.0465 0.2514 0.0830 0.0244 
      H084.5  2 0.9108 0.0297 0.0312 0.0142 0.0140 
      H084.6  2 0.6711 0.0245 0.2780 0.0137 0.0126 
      H084.7  2 0.8060 0.0444 0.0570 0.0733 0.0193 
      H084.8  2 0.9180 0.0145 0.0414 0.0139 0.0123 
 H085.1_2002  2 0.0139 0.0123 0.1201 0.7557 0.0980 
 H085.1_2003  2 0.0227 0.0125 0.0415 0.9084 0.0149 
 H085.2_2002  2 0.0277 0.0187 0.7791 0.1259 0.0485 
 H085.2_2003  2 0.0192 0.0192 0.0224 0.9244 0.0148 
 H085.3_2002  2 0.0274 0.0109 0.0501 0.7631 0.1485 
 H085.3_2003  2 0.0194 0.0117 0.0095 0.9374 0.0219 
 H085.4_2002  2 0.0204 0.0175 0.3651 0.4705 0.1266 
 H085.4_2003  2 0.0349 0.0111 0.0108 0.9213 0.0219 
 H085.5_2002  2 0.0299 0.0103 0.0229 0.7175 0.2193 
 H085.5_2003  2 0.0115 0.0157 0.0173 0.9432 0.0123 
 H085.6_2002  2 0.0212 0.0178 0.0842 0.7449 0.1320 
 H085.6_2003  2 0.0681 0.0178 0.0141 0.8420 0.0580 
 H085.7_2002  2 0.0306 0.0234 0.1190 0.6512 0.1758 
 H085.7_2003  2 0.0218 0.0139 0.0178 0.9347 0.0119 
 H085.8_2002  2 0.1025 0.0182 0.0995 0.5727 0.2070 
 H085.8_2003  2 0.0353 0.0222 0.0514 0.8602 0.0308 
      H085.9  2 0.0217 0.0126 0.1413 0.6393 0.1850 
      H088.1  2 0.0685 0.0318 0.0261 0.7851 0.0885 
      H088.2  2 0.0552 0.0269 0.0182 0.8521 0.0476 
      H088.3  2 0.0200 0.0183 0.0134 0.9245 0.0238 
      H088.4  2 0.0430 0.0232 0.0098 0.9042 0.0198 
      H088.5  2 0.0429 0.0179 0.0104 0.9086 0.0203 
      H088.6  2 0.0637 0.0255 0.0101 0.8848 0.0159 
      H088.7  2 0.0279 0.0232 0.0153 0.9208 0.0127 
      H088.8  2 0.0898 0.0387 0.0162 0.8368 0.0184 
      H091.1  2 0.0405 0.0253 0.0208 0.8963 0.0172 
      H091.2  2 0.0344 0.0271 0.0133 0.9114 0.0139 
      H109.1  2 0.3391 0.0994 0.3881 0.0411 0.1322 
      H109.2  2 0.4968 0.0680 0.0772 0.2095 0.1485 
      H109.3  2 0.3281 0.1920 0.0734 0.3537 0.0529 
      H109.4  2 0.4603 0.1038 0.1622 0.0743 0.1993 
      H109.5  2 0.1401 0.0352 0.0125 0.7842 0.0279 
      H109.6  2 0.4570 0.1541 0.1196 0.0683 0.2009 
      H126.1  2 0.0274 0.0613 0.0351 0.0243 0.8518 
      H126.2  2 0.0261 0.0543 0.1387 0.3842 0.3967 
      H126.3  2 0.0203 0.0939 0.1473 0.6405 0.0980 
      H126.4  2 0.0251 0.1160 0.1410 0.0507 0.6673 
      H126.5  2 0.0178 0.0735 0.0134 0.0852 0.8101 
      H126.6  2 0.0084 0.0390 0.0240 0.8936 0.0350 
      H126.7  2 0.0088 0.0189 0.0087 0.9292 0.0344 
      H130.1  2 0.0852 0.0464 0.0191 0.0546 0.7947 
      H130.2  2 0.3714 0.1169 0.0521 0.3793 0.0803 
      H130.3  2 0.1558 0.5918 0.0183 0.1696 0.0645 
      H130.4  2 0.0876 0.3157 0.0746 0.0452 0.4768 
      H130.5  2 0.1989 0.0260 0.0339 0.5803 0.1609 
      H133.1  2 0.1521 0.1583 0.3189 0.2419 0.1288 
      H133.2  2 0.0943 0.0938 0.0266 0.1293 0.6559 
      H133.3  2 0.0939 0.1040 0.2204 0.5361 0.0456 
      H133.4  2 0.1117 0.2911 0.2080 0.1012 0.2880 
      H133.5  2 0.0342 0.4702 0.1909 0.1073 0.1975 
      H133.6  2 0.1144 0.1281 0.0655 0.2238 0.4683 
      H133.7  2 0.2983 0.0900 0.1826 0.3249 0.1041 
      H133.8  2 0.1306 0.1570 0.4419 0.0833 0.1873 
      H133.9  2 0.1265 0.1867 0.3838 0.2008 0.1022 
      H147.1  2 0.2247 0.0110 0.0856 0.6175 0.0611 
      H147.2  2 0.0111 0.0090 0.0085 0.9540 0.0174 
      H147.3  2 0.0167 0.0123 0.0155 0.9228 0.0328 
      H147.4  2 0.0288 0.0130 0.0500 0.8939 0.0142 
      H147.5  2 0.0408 0.0135 0.0129 0.8991 0.0337 
      H147.6  2 0.0542 0.0182 0.0216 0.8801 0.0260 
      H147.7  2 0.0669 0.0150 0.0526 0.8472 0.0183 
      H147.8  2 0.0265 0.0128 0.0301 0.9233 0.0074 
      H147.9  2 0.0132 0.0090 0.0116 0.9346 0.0316 
      H148.1  2 0.3580 0.0850 0.1859 0.0741 0.2970 
      H148.2  2 0.3956 0.0594 0.2639 0.0457 0.2353 
      H148.3  2 0.5091 0.0225 0.2472 0.0756 0.1456 
      H148.4  2 0.3182 0.1053 0.1267 0.0603 0.3895 
      H148.5  2 0.6317 0.0571 0.2149 0.0359 0.0604 
      H148.6  2 0.2511 0.0363 0.5245 0.0543 0.1338 
      H148.7  2 0.6923 0.1446 0.0950 0.0213 0.0468 
      H148.8  2 0.5676 0.0362 0.1347 0.0384 0.2231 
      H148.9  2 0.2421 0.1104 0.3835 0.0266 0.2374 
   H166022.1  2 0.1147 0.0108 0.0974 0.7589 0.0182 
   H166022.2  2 0.1759 0.0271 0.0327 0.7448 0.0195 
   H166022.3  2 0.4124 0.0864 0.0753 0.3972 0.0286 
   H166022.4  2 0.0923 0.0565 0.0185 0.8194 0.0133 
   H166022.5  2 0.1932 0.0683 0.0256 0.6957 0.0172 
   H166022.6  2 0.2271 0.0364 0.0756 0.6070 0.0539 
   H166022.7  2 0.0281 0.8211 0.0835 0.0220 0.0452 
   H166022.8  2 0.2903 0.1016 0.0917 0.3597 0.1567 
   H167397.1  2 0.1386 0.0283 0.7061 0.1015 0.0254 
   H167397.2  2 0.0149 0.0218 0.9271 0.0177 0.0184 
   H167397.3  2 0.0235 0.0205 0.9069 0.0391 0.0101 
   H167397.4  2 0.0371 0.0155 0.9033 0.0302 0.0139 
   H167397.5  2 0.0369 0.0302 0.8613 0.0371 0.0343 
   H167397.6  2 0.0488 0.0331 0.8563 0.0429 0.0190 
   H167496.1  2 0.3460 0.2180 0.0659 0.3285 0.0415 
   H167496.2  2 0.2615 0.0814 0.0298 0.5393 0.0879 
   H167496.3  2 0.0829 0.0394 0.1333 0.5140 0.2304 
   H167496.4  2 0.0157 0.0137 0.0124 0.9494 0.0088 
   H167496.6  2 0.0183 0.0372 0.0093 0.9190 0.0161 
   H167496.7  2 0.5699 0.1672 0.0223 0.1119 0.1288 
   H167496.8  2 0.0273 0.0131 0.0116 0.9353 0.0126 
   H167513.1  2 0.3184 0.2221 0.1967 0.0584 0.2044 
   H167513.2  2 0.4273 0.0443 0.1020 0.0473 0.3791 
   H167513.3  2 0.3120 0.5449 0.0677 0.0238 0.0516 
   H167513.4  2 0.6788 0.1044 0.1004 0.0642 0.0521 
   H167513.5  2 0.2333 0.0352 0.2388 0.1020 0.3906 
   H167513.6  2 0.3847 0.0689 0.1508 0.0996 0.2960 
   H167513.7  2 0.1476 0.1432 0.5115 0.0848 0.1129 
   H167513.8  2 0.2217 0.3706 0.2131 0.0344 0.1602 
   H167547.1  2 0.7258 0.0439 0.0919 0.0152 0.1232 
   H167547.2  2 0.9065 0.0128 0.0392 0.0193 0.0222 
   H167547.3  2 0.8797 0.0179 0.0420 0.0272 0.0332 
   H167547.4  2 0.3271 0.0346 0.4776 0.0199 0.1408 
   H167547.5  2 0.9418 0.0108 0.0132 0.0174 0.0168 
   H167547.6  2 0.9296 0.0118 0.0200 0.0205 0.0181 
   H167547.7  2 0.2159 0.1255 0.1146 0.0533 0.4907 
   H169750.1  2 0.0861 0.4621 0.0921 0.1229 0.2367 
   H169750.2  2 0.2072 0.1774 0.0468 0.4340 0.1346 
   H169750.3  2 0.2183 0.4386 0.0197 0.2051 0.1183 
   H169750.4  2 0.0562 0.4004 0.0792 0.1854 0.2788 
   H169750.5  2 0.0606 0.3204 0.1315 0.3788 0.1088 
   H169750.6  2 0.0477 0.0571 0.0246 0.8087 0.0619 
   H169750.7  2 0.0919 0.5132 0.0447 0.1753 0.1749 
   H171929.1  2 0.1150 0.0296 0.5426 0.0456 0.2672 
  H171929.10  2 0.3063 0.0226 0.2019 0.3454 0.1237 
  H171929.11  2 0.2287 0.0650 0.3294 0.0625 0.3143 
   H171929.2  2 0.4487 0.0974 0.0888 0.0333 0.3317 
   H171929.3  2 0.4467 0.0755 0.3576 0.0353 0.0848 
   H171929.4  2 0.2174 0.0953 0.0515 0.1325 0.5033 
   H171929.5  2 0.5678 0.1618 0.1294 0.0325 0.1085 
   H171929.6  2 0.3693 0.1638 0.2254 0.0290 0.2125 
   H171929.7  2 0.0916 0.0481 0.0809 0.0474 0.7321 
   H171929.8  2 0.0755 0.0218 0.0453 0.0407 0.8167 
   H171929.9  2 0.0749 0.0369 0.0275 0.1776 0.6831 
   H171930.1  2 0.4039 0.4348 0.0371 0.0818 0.0423 
   H171930.2  2 0.5731 0.1109 0.0315 0.2118 0.0728 
   H171930.3  2 0.6907 0.2373 0.0237 0.0319 0.0164 
   H171930.4  2 0.6423 0.2841 0.0248 0.0368 0.0120 
   H171930.5  2 0.4012 0.2372 0.0573 0.1508 0.1535 
   H171930.6  2 0.4808 0.2429 0.0232 0.2323 0.0209 
   H171930.7  2 0.7511 0.1562 0.0404 0.0185 0.0338 
   H171930.8  2 0.7897 0.1237 0.0175 0.0344 0.0346 
   H171933.1  2 0.0189 0.0144 0.9421 0.0130 0.0116 
   H171933.2  2 0.0787 0.0244 0.7952 0.0627 0.0391 
   H171933.3  2 0.2135 0.0317 0.6289 0.0356 0.0903 
   H171933.4  2 0.6665 0.0717 0.0775 0.0361 0.1483 
   H171933.5  2 0.6056 0.1055 0.0400 0.0200 0.2289 
   H171933.6  2 0.0329 0.0263 0.1402 0.7818 0.0188 
   H171933.7  2 0.1235 0.0365 0.7124 0.0378 0.0897 
   H171933.8  2 0.3094 0.0275 0.5505 0.0276 0.0850 
   H171933.9  2 0.3342 0.1176 0.4322 0.0560 0.0601 
      H190.1  2 0.6622 0.2404 0.0193 0.0503 0.0279 
      H190.2  2 0.5029 0.0300 0.0137 0.3475 0.1059 
      H190.3  2 0.4049 0.0400 0.0332 0.1179 0.4040 
      H190.4  2 0.6668 0.1309 0.0817 0.0466 0.0741 
      H190.5  2 0.3243 0.0547 0.0161 0.5430 0.0621 
      H190.6  2 0.6877 0.1000 0.0438 0.0848 0.0837 
      H190.7  2 0.2332 0.0434 0.0213 0.0708 0.6313 
      H190.8  2 0.4216 0.1034 0.0120 0.3610 0.1020 
      H190.9  2 0.6604 0.0443 0.0186 0.1494 0.1273 
      H400.1  2 0.0430 0.0511 0.0646 0.8044 0.0369 
      H400.2  2 0.0238 0.0180 0.0350 0.9057 0.0174 
      H400.3  2 0.0642 0.1059 0.1154 0.6576 0.0569 
      H400.4  2 0.0456 0.0210 0.0100 0.9064 0.0169 
      H400.5  2 0.0925 0.1598 0.4369 0.2576 0.0533 
      H400.6  2 0.0239 0.0247 0.0190 0.9002 0.0323 
      H400.7  2 0.1204 0.0680 0.0739 0.6879 0.0498 
 H428.1_2005  2 0.0135 0.0228 0.9333 0.0199 0.0105 
 H428.1_2006  2 0.0160 0.0178 0.9103 0.0403 0.0156 
 H428.2_2005  2 0.0399 0.0208 0.9045 0.0173 0.0175 
 H428.2_2006  2 0.0200 0.0181 0.8189 0.1262 0.0168 
 H428.3_2005  2 0.0186 0.0561 0.8510 0.0619 0.0125 
 H428.3_2006  2 0.0221 0.0218 0.8497 0.0891 0.0174 
 H428.4_2005  2 0.0189 0.0202 0.9348 0.0161 0.0100 
 H428.4_2006  2 0.0074 0.0096 0.9618 0.0143 0.0069 
 H428.5_2005  2 0.0096 0.0077 0.9578 0.0152 0.0098 
 H428.6_2005  2 0.0096 0.0308 0.9206 0.0264 0.0127 
 H428.6_2006  2 0.0098 0.0120 0.9543 0.0164 0.0075 
      H428.7  2 0.0153 0.0130 0.9282 0.0281 0.0155 
      H428.8  2 0.0210 0.0150 0.9323 0.0196 0.0121 
      H428.9  2 0.0249 0.0095 0.9317 0.0194 0.0144 
      H453.1  2 0.0137 0.0154 0.0122 0.9461 0.0125 
      H453.2  2 0.0403 0.0281 0.0174 0.8917 0.0225 
      H453.3  2 0.0196 0.0131 0.0119 0.9333 0.0221 
      H453.4  2 0.0176 0.0152 0.0094 0.9442 0.0136 
      H453.5  2 0.0124 0.0123 0.0127 0.9552 0.0073 
      H453.6  2 0.0098 0.0097 0.0161 0.9564 0.0080 
      H453.7  2 0.0532 0.0170 0.0090 0.7890 0.1318 
      H453.8  2 0.0339 0.0147 0.0078 0.9107 0.0329 
      H453.9  2 0.0165 0.0118 0.0149 0.9363 0.0205 
      H512.1  2 0.5343 0.1581 0.1045 0.1622 0.0409 
     H512.10  2 0.2825 0.1260 0.3956 0.1705 0.0253 
      H512.2  2 0.4655 0.2272 0.2087 0.0513 0.0474 
      H512.3  2 0.0947 0.5318 0.3206 0.0347 0.0183 
      H512.4  2 0.5469 0.0506 0.0726 0.2977 0.0323 
      H512.5  2 0.0350 0.8324 0.0940 0.0226 0.0160 
      H512.6  2 0.3431 0.4840 0.0528 0.0612 0.0589 
      H512.7  2 0.0333 0.8502 0.0299 0.0723 0.0143 
      H512.8  2 0.7631 0.1508 0.0279 0.0344 0.0239 
      H512.9  2 0.0521 0.6258 0.2012 0.0714 0.0496 
      H513.1  2 0.0241 0.0140 0.8847 0.0535 0.0238 
      H513.2  2 0.0462 0.0142 0.8547 0.0532 0.0317 
      H513.3  2 0.0603 0.0632 0.7621 0.0683 0.0460 
      H513.4  2 0.1433 0.0641 0.3640 0.3940 0.0345 
      H513.5  2 0.0159 0.0196 0.9127 0.0393 0.0126 
      H513.6  2 0.0267 0.0132 0.9225 0.0176 0.0200 
      H532.1  2 0.0288 0.1973 0.0701 0.6828 0.0210 
      H532.2  2 0.2017 0.0216 0.0734 0.6694 0.0340 
      H532.3  2 0.1774 0.0344 0.0224 0.7303 0.0355 
      H532.4  2 0.0159 0.0196 0.0394 0.8843 0.0408 
      H532.5  2 0.0451 0.1237 0.3762 0.4147 0.0403 
      H532.6  2 0.0400 0.0347 0.0358 0.8579 0.0316 
      H532.7  2 0.0166 0.0245 0.0201 0.9269 0.0119 
      H532.8  2 0.0325 0.0564 0.0343 0.8510 0.0258 
      H543.1  2 0.0111 0.0083 0.9623 0.0088 0.0095 
      H543.2  2 0.0211 0.0124 0.9417 0.0135 0.0113 
      H543.3  2 0.0134 0.0096 0.9522 0.0124 0.0125 
      H543.4  2 0.0092 0.0117 0.9589 0.0096 0.0106 
      H543.5  2 0.0110 0.0085 0.9613 0.0095 0.0098 
      H543.6  2 0.0107 0.0100 0.9519 0.0129 0.0145 
      H543.7  2 0.0095 0.0087 0.9626 0.0089 0.0104 
      H543.8  2 0.0132 0.0131 0.9417 0.0196 0.0124 
      H543.9  2 0.0117 0.0121 0.9517 0.0120 0.0124 
 H545.1_2005  2 0.0059 0.0125 0.9598 0.0084 0.0134 
 H545.1_2006  2 0.0092 0.0107 0.9623 0.0097 0.0080 
 H545.2_2005  2 0.0109 0.0162 0.9461 0.0100 0.0168 
 H545.2_2006  2 0.0085 0.0120 0.9607 0.0094 0.0094 
 H545.3_2005  2 0.0175 0.0319 0.9098 0.0130 0.0277 
 H545.3_2006  2 0.0080 0.0093 0.9582 0.0138 0.0108 
 H545.4_2005  2 0.0126 0.0167 0.9296 0.0104 0.0307 
 H545.4_2006  2 0.0110 0.0119 0.9515 0.0092 0.0164 
 H545.5_2005  2 0.0074 0.0115 0.9609 0.0116 0.0087 
 H545.5_2006  2 0.0165 0.0218 0.9304 0.0120 0.0193 
 H545.6_2005  2 0.0077 0.0127 0.9591 0.0089 0.0116 
 H545.6_2006  2 0.0118 0.0109 0.9522 0.0122 0.0129 
 H545.7_2005  2 0.0068 0.0109 0.9624 0.0096 0.0103 
 H545.7_2006  2 0.0099 0.0115 0.9567 0.0110 0.0109 
 H545.8_2005  2 0.0138 0.0171 0.9427 0.0112 0.0152 
 H545.8_2006  2 0.0091 0.0162 0.9542 0.0090 0.0115 
      H545.9  2 0.0136 0.0180 0.9406 0.0097 0.0180 
      H547.1  2 0.6483 0.0286 0.0664 0.1602 0.0965 
      H547.2  2 0.7149 0.0144 0.0362 0.2006 0.0339 
      H547.3  2 0.5598 0.0591 0.0249 0.1964 0.1598 
      H547.4  2 0.5911 0.0532 0.0236 0.2362 0.0958 
      H547.5  2 0.8610 0.0127 0.0160 0.0869 0.0235 
      H547.6  2 0.4272 0.0136 0.1141 0.4071 0.0380 
      H547.7  2 0.5300 0.0398 0.0445 0.2990 0.0867 
      H547.8  2 0.6558 0.0241 0.1057 0.1285 0.0858 
      H548.1  2 0.0097 0.0148 0.9521 0.0083 0.0151 
      H548.2  2 0.0137 0.0145 0.9457 0.0089 0.0172 
      H548.3  2 0.0096 0.0121 0.9517 0.0094 0.0172 
      H548.4  2 0.0299 0.0695 0.7824 0.0337 0.0845 
      H548.5  2 0.0108 0.0106 0.9519 0.0115 0.0152 
      H548.6  2 0.0084 0.0195 0.9456 0.0083 0.0182 
      H548.7  2 0.0088 0.0120 0.9573 0.0095 0.0124 
      H548.8  2 0.0122 0.0112 0.9483 0.0140 0.0143 
      H548.9  2 0.0245 0.0232 0.9012 0.0235 0.0276 
     H7389.1  2 0.0475 0.0178 0.8984 0.0253 0.0110 
     H7389.2  2 0.0277 0.0104 0.9389 0.0124 0.0106 
     H7389.3  2 0.0390 0.0159 0.9203 0.0177 0.0072 
     H7389.4  2 0.0082 0.0144 0.9499 0.0167 0.0109 
     H7389.5  2 0.0205 0.0362 0.8951 0.0293 0.0188 
     H7389.6  2 0.0426 0.5935 0.2707 0.0830 0.0101 
     H7389.7  2 0.0369 0.0431 0.8826 0.0310 0.0063 
     H7389.8  2 0.0235 0.0181 0.9247 0.0155 0.0182 
     H7389.9  2 0.0146 0.0181 0.9342 0.0217 0.0114 
      H747.1  2 0.2600 0.5388 0.0971 0.0364 0.0677 
      H747.2  2 0.2135 0.6846 0.0226 0.0154 0.0639 
      H747.3  2 0.0929 0.8284 0.0186 0.0184 0.0417 
      H747.4  2 0.3141 0.5962 0.0152 0.0411 0.0334 
      H747.5  2 0.0938 0.8494 0.0119 0.0150 0.0299 
      H747.6  2 0.3826 0.3676 0.1741 0.0294 0.0463 
      H747.7  2 0.1464 0.7246 0.0517 0.0191 0.0582 
     H7484.1  2 0.0387 0.0402 0.0334 0.7232 0.1645 
     H7484.2  2 0.0813 0.0265 0.0158 0.3246 0.5519 
     H7484.3  2 0.0867 0.0425 0.0248 0.4145 0.4315 
     H7484.4  2 0.0347 0.0378 0.0146 0.6752 0.2378 
     H7484.5  2 0.0986 0.0464 0.0328 0.6595 0.1627 
     H7484.6  2 0.2411 0.4244 0.0400 0.0765 0.2180 
     H7484.7  2 0.0162 0.1079 0.0163 0.2543 0.6052 
     H7484.8  2 0.1019 0.1213 0.0725 0.6099 0.0944 
     H7485.1  2 0.0136 0.0154 0.9420 0.0147 0.0143 
     H7485.2  2 0.0084 0.0092 0.9597 0.0130 0.0097 
     H7485.3  2 0.0087 0.0071 0.9676 0.0081 0.0085 
     H7485.4  2 0.0075 0.0097 0.9545 0.0091 0.0191 
     H7485.5  2 0.0104 0.0093 0.9456 0.0118 0.0229 
     H7485.6  2 0.0119 0.0133 0.9467 0.0135 0.0146 
     H7485.7  2 0.0117 0.0145 0.9344 0.0134 0.0260 
     H7496.1  2 0.0673 0.0538 0.0277 0.8288 0.0224 
    H7496.10  2 0.0124 0.0104 0.0125 0.9542 0.0105 
    H7496.11  2 0.0161 0.0207 0.9221 0.0300 0.0110 
     H7496.2  2 0.0216 0.0289 0.0096 0.9218 0.0181 
     H7496.3  2 0.0257 0.0171 0.0139 0.9090 0.0342 
     H7496.4  2 0.0400 0.0154 0.0103 0.9209 0.0134 
     H7496.5  2 0.0633 0.0385 0.0095 0.8724 0.0163 
     H7496.6  2 0.0361 0.0601 0.0125 0.8729 0.0184 
     H7496.7  2 0.0175 0.0133 0.0118 0.9453 0.0121 
     H7496.8  2 0.0250 0.0161 0.0128 0.9243 0.0218 
        UNK4  2 0.3732 0.0996 0.3340 0.0893 0.1039 
        UNK5  2 0.0468 0.0190 0.8357 0.0562 0.0422 
        UNK6  2 0.5846 0.0437 0.2248 0.1039 0.0430 
        UNK7  2 0.0121 0.0101 0.9517 0.0143 0.0119 
        UNK8  2 0.0318 0.0116 0.9058 0.0266 0.0241 
        UNK9  2 0.0409 0.0321 0.7959 0.1092 0.0219 
      H009.1  4 0.0143 0.0265 0.0204 0.0121 0.9268 
      H009.2  4 0.0298 0.1048 0.0085 0.0132 0.8437 
      H009.3  4 0.0149 0.0301 0.0106 0.0147 0.9296 
      H009.4  4 0.0207 0.1419 0.0302 0.0231 0.7841 
      H009.5  4 0.0161 0.0316 0.0148 0.0156 0.9219 
      H009.6  4 0.0159 0.0125 0.0086 0.0176 0.9454 
      H046.4  4 0.0611 0.1113 0.0342 0.2972 0.4962 
      H046.8  4 0.3506 0.2566 0.1087 0.0397 0.2444 
 H076.1_2002  4 0.9486 0.0111 0.0134 0.0149 0.0120 
 H076.1_2003  4 0.9567 0.0108 0.0109 0.0098 0.0119 
 H076.1_2004  4 0.9454 0.0150 0.0137 0.0145 0.0114 
 H076.2_2002  4 0.9428 0.0144 0.0151 0.0146 0.0132 
 H076.2_2003  4 0.9519 0.0109 0.0132 0.0096 0.0144 
 H076.2_2004  4 0.8338 0.0871 0.0140 0.0375 0.0276 
 H076.3_2002  4 0.4899 0.3581 0.0184 0.0650 0.0686 
 H076.3_2003  4 0.9367 0.0116 0.0158 0.0148 0.0211 
 H076.3_2004  4 0.9292 0.0143 0.0221 0.0211 0.0132 
 H076.4_2002  4 0.7609 0.0817 0.0417 0.0403 0.0755 
 H076.4_2003  4 0.9324 0.0222 0.0099 0.0124 0.0230 
 H076.4_2004  4 0.4858 0.3446 0.0168 0.0797 0.0731 
 H076.5_2002  4 0.9228 0.0142 0.0137 0.0326 0.0167 
 H076.5_2003  4 0.9109 0.0145 0.0320 0.0189 0.0237 
 H076.5_2004  4 0.7354 0.0573 0.0866 0.0691 0.0516 
 H076.6_2002  4 0.9154 0.0155 0.0216 0.0219 0.0256 
 H076.6_2003  4 0.9467 0.0092 0.0094 0.0142 0.0204 
 H076.6_2004  4 0.8970 0.0424 0.0243 0.0168 0.0195 
 H076.7_2002  4 0.2443 0.2631 0.0236 0.1614 0.3076 
 H076.7_2003  4 0.8619 0.0529 0.0221 0.0426 0.0205 
 H076.7_2004  4 0.8176 0.1008 0.0188 0.0272 0.0355 
      H477.1  4 0.6397 0.2485 0.0679 0.0185 0.0254 
      H477.2  4 0.2667 0.6122 0.0500 0.0457 0.0253 
      H477.3  4 0.2526 0.4745 0.1716 0.0527 0.0486 
      H477.4  4 0.3557 0.4199 0.1533 0.0199 0.0512 
      H477.5  4 0.1449 0.5004 0.2529 0.0258 0.0759 
      H477.6  4 0.1175 0.6276 0.1511 0.0438 0.0600 
      H477.7  4 0.4485 0.2758 0.1834 0.0189 0.0733 
 H479.1_2005  4 0.0132 0.6497 0.0276 0.2805 0.0291 
 H479.1_2006  4 0.0841 0.6577 0.1161 0.0559 0.0861 
     H479.10  4 0.0667 0.5439 0.0339 0.2942 0.0613 
 H479.2_2005  4 0.0791 0.1693 0.2646 0.3341 0.1529 
 H479.2_2006  4 0.0105 0.8602 0.0474 0.0545 0.0275 
 H479.3_2005  4 0.0303 0.8594 0.0234 0.0727 0.0142 
 H479.3_2006  4 0.0377 0.8505 0.0174 0.0790 0.0154 
 H479.4_2005  4 0.0156 0.9170 0.0172 0.0314 0.0188 
 H479.4_2006  4 0.0172 0.4881 0.0141 0.4657 0.0150 
 H479.5_2005  4 0.1022 0.4764 0.0902 0.2844 0.0468 
 H479.5_2006  4 0.0132 0.8560 0.0219 0.0886 0.0204 
 H479.6_2005  4 0.0508 0.1603 0.7247 0.0459 0.0183 
 H479.6_2006  4 0.0175 0.1765 0.0646 0.7264 0.0151 
 H479.7_2005  4 0.0560 0.4944 0.2370 0.1815 0.0311 
 H479.7_2006  4 0.0212 0.6383 0.0694 0.2490 0.0222 
 H479.8_2005  4 0.0326 0.5746 0.1029 0.2723 0.0177 
 H479.8_2006  4 0.0514 0.8553 0.0245 0.0413 0.0275 
      H479.9  4 0.0260 0.9383 0.0111 0.0109 0.0136 
      H516.1  4 0.0938 0.1448 0.0203 0.0479 0.6933 
      H516.2  4 0.0191 0.8348 0.0115 0.0257 0.1090 
      H516.3  4 0.0399 0.2139 0.0074 0.0147 0.7241 
      H516.4  4 0.0495 0.6508 0.0163 0.0227 0.2608 
      H516.5  4 0.0814 0.4116 0.0276 0.0258 0.4537 
      H516.6  4 0.0101 0.9084 0.0115 0.0145 0.0555 
      H516.7  4 0.2893 0.5693 0.0101 0.0909 0.0403 
      H516.8  4 0.0321 0.2317 0.0145 0.0169 0.7048 
      H516.9  4 0.1213 0.6185 0.0102 0.0847 0.1654 
      H646.1  4 0.3255 0.5194 0.0119 0.0319 0.1113 
      H646.2  4 0.2502 0.6475 0.0135 0.0130 0.0757 
      H646.3  4 0.0416 0.6811 0.0131 0.0318 0.2324 
      H646.4  4 0.6337 0.2680 0.0133 0.0195 0.0655 
      H646.5  4 0.0647 0.6093 0.0085 0.0512 0.2663 
      H658.1  4 0.0220 0.8775 0.0389 0.0136 0.0479 
     H658.10  4 0.0149 0.9396 0.0154 0.0113 0.0187 
      H658.2  4 0.0869 0.7366 0.0313 0.0236 0.1216 
      H658.3  4 0.0260 0.9114 0.0245 0.0233 0.0149 
      H658.4  4 0.0136 0.9204 0.0099 0.0335 0.0226 
      H658.5  4 0.0113 0.9304 0.0068 0.0264 0.0250 
      H658.6  4 0.0202 0.9349 0.0100 0.0157 0.0193 
      H658.7  4 0.0403 0.8717 0.0180 0.0212 0.0487 
      H658.8  4 0.0478 0.8399 0.0354 0.0134 0.0634 
      H658.9  4 0.0813 0.7936 0.0146 0.0375 0.0730 
      H682.1  4 0.1884 0.1202 0.0471 0.5681 0.0762 
      H682.6  4 0.1167 0.1119 0.0351 0.2653 0.4709 
      H720.1  4 0.5770 0.2106 0.0170 0.1716 0.0238 
      H720.2  4 0.2275 0.6358 0.0163 0.0813 0.0392 
      H720.3  4 0.7922 0.0798 0.0141 0.0876 0.0263 
      H720.4  4 0.1831 0.5219 0.0245 0.1520 0.1186 
      H720.5  4 0.6074 0.0685 0.0572 0.1690 0.0978 
      H720.6  4 0.6217 0.0662 0.0516 0.1748 0.0857 
      H720.7  4 0.0783 0.7886 0.0570 0.0392 0.0369 
      H720.8  4 0.6347 0.0707 0.0224 0.2345 0.0378 
      H720.9  4 0.0320 0.0405 0.0106 0.7504 0.1664 
      H724.1  4 0.8477 0.0161 0.0269 0.0668 0.0425 
      H724.2  4 0.7363 0.0212 0.1000 0.0925 0.0500 
      H724.3  4 0.0514 0.5150 0.0330 0.3158 0.0848 
      H724.4  4 0.6180 0.1295 0.0988 0.1032 0.0506 
      H724.5  4 0.0447 0.2814 0.0281 0.5616 0.0842 
      H724.6  4 0.8151 0.0305 0.0388 0.0670 0.0486 
      H725.1  4 0.0386 0.0305 0.0094 0.7682 0.1534 
      H725.2  4 0.0253 0.3029 0.0459 0.1696 0.4563 
      H725.3  4 0.0281 0.3829 0.0696 0.1372 0.3822 
      H725.4  4 0.0543 0.0366 0.0401 0.7319 0.1370 
      H725.5  4 0.5084 0.3233 0.0284 0.1169 0.0231 
      H725.6  4 0.1173 0.6726 0.0336 0.0512 0.1252 
      H725.7  4 0.0468 0.1650 0.0186 0.3968 0.3727 
      H725.8  4 0.1003 0.6494 0.0441 0.0566 0.1496 
      H726.1  4 0.0224 0.8675 0.0134 0.0112 0.0855 
      H726.2  4 0.0397 0.9027 0.0122 0.0259 0.0196 
      H726.3  4 0.0617 0.7167 0.0330 0.0201 0.1684 
      H726.4  4 0.0135 0.9169 0.0109 0.0192 0.0395 
      H726.5  4 0.0135 0.9075 0.0102 0.0230 0.0459 
        UNK1  4 0.0360 0.7337 0.0416 0.0636 0.1251 
        UNK2  4 0.0509 0.1765 0.0401 0.4755 0.2570 
        UNK3  4 0.0393 0.6606 0.0726 0.1089 0.1186 
      H016.1  5 0.0480 0.3746 0.4130 0.1109 0.0535 
      H016.2  5 0.0286 0.1280 0.2643 0.5134 0.0658 
      H016.3  5 0.2990 0.4137 0.0664 0.0429 0.1780 
      H016.4  5 0.0292 0.0689 0.2476 0.6137 0.0406 
 H017.1_2002  5 0.1258 0.1391 0.0961 0.0171 0.6218 
 H017.1_2003  5 0.0932 0.6321 0.1392 0.0297 0.1058 
 H017.2_2002  5 0.3203 0.0454 0.0392 0.0854 0.5097 
 H017.2_2003  5 0.0255 0.8914 0.0113 0.0201 0.0517 
 H017.3_2002  5 0.0538 0.1049 0.5342 0.0224 0.2847 
 H017.3_2003  5 0.1783 0.0296 0.0339 0.0145 0.7437 
 H017.4_2002  5 0.0543 0.0201 0.0944 0.0505 0.7807 
 H017.4_2003  5 0.0241 0.6853 0.0233 0.0134 0.2540 
 H017.5_2002  5 0.0317 0.0334 0.1469 0.0147 0.7734 
 H017.5_2003  5 0.0181 0.3565 0.0304 0.0258 0.5693 
 H017.6_2002  5 0.2028 0.0166 0.4165 0.0381 0.3261 
 H017.6_2003  5 0.0632 0.5288 0.0117 0.0675 0.3287 
 H017.7_2002  5 0.0976 0.0218 0.3422 0.0708 0.4676 
 H017.7_2003  5 0.0149 0.8155 0.0214 0.0185 0.1296 
      H017.8  5 0.0316 0.0320 0.0733 0.0278 0.8354 
      H017.9  5 0.0159 0.0196 0.9148 0.0129 0.0368 
      H032.1  5 0.0157 0.9391 0.0112 0.0161 0.0179 
      H032.2  5 0.0098 0.9550 0.0127 0.0127 0.0097 
      H032.3  5 0.0168 0.9087 0.0154 0.0466 0.0125 
      H032.4  5 0.0162 0.8911 0.0158 0.0220 0.0549 
      H032.5  5 0.0138 0.9354 0.0090 0.0218 0.0200 
      H032.6  5 0.0170 0.9314 0.0093 0.0190 0.0233 
      H032.7  5 0.0378 0.8632 0.0100 0.0281 0.0609 
 H034.1_2002  5 0.0839 0.0515 0.0368 0.1053 0.7225 
 H034.1_2003  5 0.1008 0.0193 0.0110 0.0280 0.8409 
 H034.2_2002  5 0.0281 0.0667 0.1293 0.0719 0.7041 
 H034.2_2003  5 0.2761 0.0355 0.0130 0.0324 0.6430 
 H034.3_2002  5 0.0314 0.0495 0.5373 0.0470 0.3349 
 H034.3_2003  5 0.0781 0.0236 0.0140 0.0242 0.8602 
 H034.4_2002  5 0.3737 0.0216 0.0591 0.0633 0.4822 
 H034.4_2003  5 0.0358 0.0496 0.0083 0.0116 0.8948 
 H034.5_2002  5 0.0881 0.1374 0.2130 0.0244 0.5371 
 H034.5_2003  5 0.1065 0.1586 0.0469 0.0268 0.6611 
 H034.6_2002  5 0.0340 0.0305 0.3569 0.0336 0.5450 
 H034.6_2003  5 0.0264 0.0841 0.0318 0.0123 0.8454 
 H034.7_2002  5 0.0279 0.0407 0.0177 0.0336 0.8801 
 H034.7_2003  5 0.0250 0.1494 0.0442 0.0119 0.7695 
 H034.8_2002  5 0.0900 0.0223 0.0258 0.0397 0.8221 
 H034.8_2003  5 0.0447 0.0622 0.0813 0.0106 0.8013 
      H034.9  5 0.0515 0.1719 0.2559 0.2348 0.2859 
      H048.1  5 0.0288 0.9146 0.0125 0.0266 0.0174 
      H048.2  5 0.1556 0.1845 0.0381 0.5654 0.0564 
      H048.3  5 0.7214 0.1587 0.0340 0.0585 0.0273 
      H048.4  5 0.4305 0.1206 0.0314 0.3929 0.0246 
      H048.5  5 0.0257 0.9017 0.0120 0.0441 0.0165 
      H048.6  5 0.4487 0.1106 0.0272 0.3913 0.0221 
      H048.7  5 0.0475 0.7670 0.0254 0.1457 0.0145 
      H048.8  5 0.3496 0.3115 0.0401 0.2245 0.0742 
      H060.1  5 0.0129 0.0157 0.0553 0.0240 0.8921 
     H060.10  5 0.0097 0.0084 0.0109 0.0088 0.9622 
      H060.2  5 0.0230 0.0159 0.0142 0.0224 0.9245 
      H060.3  5 0.0094 0.0099 0.0078 0.0085 0.9644 
      H060.4  5 0.0203 0.0239 0.0650 0.0140 0.8768 
      H060.5  5 0.0215 0.0195 0.0237 0.0160 0.9194 
      H060.6  5 0.0153 0.0174 0.0203 0.0134 0.9335 
      H060.7  5 0.0565 0.0183 0.0241 0.0493 0.8518 
      H060.8  5 0.0548 0.0274 0.0353 0.0530 0.8295 
      H060.9  5 0.0135 0.0444 0.0428 0.0131 0.8862 
