      H105.1  1 0.0572 0.0266 0.2068 0.0650 0.1513 0.0142 0.0243 0.4546 
      H105.2  1 0.1572 0.0586 0.0670 0.3256 0.0228 0.0168 0.2209 0.1311 
      H105.3  1 0.0526 0.0315 0.1170 0.2915 0.1364 0.0135 0.0336 0.3238 
      H105.4  1 0.0881 0.3119 0.0550 0.2202 0.0233 0.0147 0.1213 0.1656 
      H105.5  1 0.0313 0.2014 0.2164 0.0425 0.0140 0.0108 0.0533 0.4304 
      H105.6  1 0.0315 0.1232 0.0205 0.3419 0.0726 0.0108 0.0113 0.3882 
      H105.7  1 0.0197 0.0555 0.1087 0.0880 0.4495 0.0099 0.0933 0.1754 
      H105.8  1 0.1815 0.0445 0.0379 0.2399 0.2622 0.0179 0.0447 0.1713 
      H115.1  1 0.0700 0.4227 0.0364 0.2054 0.1205 0.0126 0.0270 0.1053 
      H115.2  1 0.0382 0.6254 0.2298 0.0314 0.0122 0.0257 0.0111 0.0262 
      H115.3  1 0.0086 0.8792 0.0640 0.0101 0.0054 0.0107 0.0098 0.0121 
      H115.4  1 0.0629 0.0557 0.7672 0.0280 0.0146 0.0106 0.0299 0.0311 
      H115.5  1 0.0140 0.6663 0.0978 0.0387 0.0400 0.0670 0.0519 0.0244 
      H115.6  1 0.0123 0.6913 0.1476 0.0277 0.0220 0.0198 0.0408 0.0385 
      H115.7  1 0.0541 0.2635 0.0912 0.4463 0.0093 0.0106 0.0759 0.0491 
      H115.8  1 0.0158 0.6372 0.1028 0.0201 0.0836 0.1100 0.0146 0.0159 
      H115.9  1 0.0097 0.8787 0.0173 0.0114 0.0510 0.0075 0.0089 0.0155 
      H145.1  1 0.0109 0.0220 0.0113 0.0154 0.0089 0.8986 0.0086 0.0242 
      H145.2  1 0.0140 0.0756 0.0133 0.0144 0.0102 0.8249 0.0111 0.0365 
      H145.3  1 0.0080 0.0123 0.0068 0.0071 0.0109 0.9336 0.0105 0.0109 
      H145.4  1 0.0140 0.0142 0.0119 0.0275 0.0106 0.8835 0.0081 0.0301 
      H145.5  1 0.0075 0.0058 0.0052 0.0102 0.0051 0.9455 0.0066 0.0140 
      H145.6  1 0.0099 0.0471 0.0134 0.0183 0.0088 0.8708 0.0190 0.0127 
      H145.7  1 0.0136 0.0153 0.0141 0.0129 0.0124 0.8849 0.0247 0.0221 
      H149.1  1 0.0088 0.0070 0.0089 0.0069 0.0075 0.0112 0.0056 0.9441 
      H149.2  1 0.0062 0.0076 0.0128 0.0077 0.0052 0.0082 0.0080 0.9445 
      H149.3  1 0.0217 0.0145 0.0416 0.0284 0.0105 0.0170 0.0206 0.8459 
      H149.4  1 0.0754 0.0142 0.0224 0.0259 0.0126 0.0330 0.0150 0.8015 
      H149.5  1 0.0998 0.0094 0.0531 0.0241 0.0134 0.0217 0.0482 0.7304 
      H149.6  1 0.0092 0.0058 0.0151 0.0171 0.0064 0.0133 0.0145 0.9186 
      H149.7  1 0.3289 0.0128 0.0575 0.0727 0.0288 0.0273 0.0604 0.4117 
      H150.1  1 0.0116 0.8580 0.0570 0.0176 0.0159 0.0202 0.0115 0.0081 
      H150.2  1 0.0547 0.4988 0.2392 0.0880 0.0151 0.0445 0.0197 0.0399 
      H150.3  1 0.0377 0.3811 0.0235 0.4614 0.0352 0.0162 0.0264 0.0185 
      H150.4  1 0.0067 0.9076 0.0138 0.0184 0.0180 0.0193 0.0105 0.0057 
      H150.5  1 0.0395 0.4870 0.3483 0.0544 0.0127 0.0124 0.0232 0.0226 
      H150.6  1 0.0625 0.0553 0.7764 0.0289 0.0048 0.0177 0.0304 0.0239 
      H150.7  1 0.0081 0.9342 0.0089 0.0142 0.0094 0.0120 0.0063 0.0067 
   H169607.1  1 0.3979 0.1641 0.0336 0.0787 0.0418 0.0751 0.1289 0.0799 
   H169607.2  1 0.2117 0.6037 0.0147 0.0169 0.0624 0.0076 0.0216 0.0615 
   H169607.3  1 0.1388 0.2821 0.1582 0.0260 0.0643 0.0423 0.2531 0.0353 
   H169607.4  1 0.1187 0.6819 0.0117 0.0128 0.0132 0.0152 0.0167 0.1299 
   H169607.5  1 0.1482 0.6433 0.0355 0.0158 0.0740 0.0148 0.0133 0.0552 
   H169607.6  1 0.2370 0.6065 0.0199 0.0099 0.0415 0.0065 0.0316 0.0471 
   H169607.7  1 0.7328 0.0934 0.0383 0.0208 0.0667 0.0096 0.0195 0.0190 
   H169607.8  1 0.1253 0.6844 0.0069 0.0108 0.0447 0.0067 0.0317 0.0895 
   H169633.1  1 0.0280 0.0401 0.0376 0.0913 0.0253 0.1397 0.0481 0.5899 
   H169633.2  1 0.0534 0.0099 0.0253 0.0972 0.0574 0.0535 0.0808 0.6226 
   H169633.3  1 0.0276 0.0089 0.0443 0.0598 0.0771 0.0236 0.0134 0.7452 
   H169633.4  1 0.0108 0.0320 0.0398 0.0222 0.0128 0.1173 0.0108 0.7543 
   H169633.5  1 0.0103 0.0222 0.0331 0.0265 0.0114 0.0947 0.0130 0.7887 
   H169688.1  1 0.1033 0.0118 0.0058 0.0109 0.0117 0.0192 0.8162 0.0211 
   H169688.2  1 0.1973 0.0274 0.0229 0.0078 0.0236 0.0323 0.6744 0.0142 
   H169688.3  1 0.4883 0.0268 0.0187 0.0224 0.0100 0.0251 0.3821 0.0267 
   H169688.4  1 0.1002 0.6440 0.0637 0.0101 0.0204 0.0485 0.0947 0.0184 
   H169688.5  1 0.1054 0.6299 0.0595 0.0111 0.0172 0.0527 0.1074 0.0168 
   H169688.6  1 0.3760 0.0518 0.0195 0.0077 0.0216 0.1867 0.3183 0.0184 
   H169688.7  1 0.6192 0.0401 0.0268 0.0163 0.0192 0.0839 0.1691 0.0253 
   H171901.1  1 0.0677 0.1681 0.0674 0.2529 0.0161 0.1102 0.2894 0.0283 
   H171901.2  1 0.0194 0.0489 0.0249 0.0148 0.0129 0.0184 0.0115 0.8492 
   H171901.3  1 0.0620 0.0494 0.0415 0.0247 0.0187 0.0121 0.0842 0.7074 
   H171901.4  1 0.0166 0.0167 0.0211 0.0120 0.0175 0.0080 0.0186 0.8894 
   H171901.5  1 0.0248 0.0155 0.0196 0.0079 0.0099 0.0082 0.0105 0.9036 
   H171901.6  1 0.0335 0.0192 0.0187 0.0165 0.0104 0.0077 0.0135 0.8805 
   H171901.7  1 0.2457 0.0250 0.0392 0.0114 0.0346 0.0199 0.0360 0.5882 
   H171902.1  1 0.3202 0.1564 0.0159 0.0111 0.0284 0.2626 0.0370 0.1683 
  H171902.10  1 0.6985 0.0314 0.0157 0.0087 0.0079 0.0508 0.0171 0.1698 
   H171902.2  1 0.2343 0.0688 0.0428 0.0153 0.1234 0.0933 0.3226 0.0995 
   H171902.3  1 0.7069 0.0542 0.0180 0.0175 0.0163 0.0140 0.0249 0.1483 
   H171902.4  1 0.1246 0.1172 0.0225 0.0225 0.0193 0.3095 0.0218 0.3626 
   H171902.6  1 0.6011 0.0549 0.0131 0.0153 0.0085 0.0424 0.0110 0.2537 
   H171902.7  1 0.3030 0.1136 0.0247 0.0152 0.0072 0.2300 0.0135 0.2928 
   H171902.8  1 0.6050 0.0516 0.0268 0.0157 0.0093 0.0448 0.0194 0.2275 
   H171902.9  1 0.0758 0.5367 0.0138 0.0290 0.0233 0.1489 0.0181 0.1545 
   H171903.1  1 0.0282 0.8160 0.0379 0.0112 0.0323 0.0071 0.0176 0.0496 
   H171903.2  1 0.0637 0.6352 0.0748 0.0121 0.1082 0.0192 0.0249 0.0618 
   H171903.3  1 0.0739 0.1499 0.1899 0.0172 0.0710 0.0292 0.0245 0.4445 
   H171903.4  1 0.0717 0.4316 0.0680 0.0490 0.0128 0.0228 0.2968 0.0474 
   H171903.5  1 0.2993 0.1915 0.1848 0.0154 0.0685 0.0160 0.0270 0.1974 
   H171903.6  1 0.3507 0.4250 0.1112 0.0087 0.0172 0.0070 0.0247 0.0554 
      H177.1  1 0.0648 0.0329 0.0153 0.0114 0.0106 0.0297 0.2266 0.6087 
      H177.2  1 0.3054 0.0559 0.0808 0.0156 0.1445 0.1324 0.0353 0.2302 
      H177.3  1 0.3288 0.0679 0.0411 0.0145 0.0172 0.0928 0.0139 0.4237 
      H177.4  1 0.1194 0.0130 0.0375 0.0111 0.0170 0.0303 0.1853 0.5864 
      H177.5  1 0.0352 0.0333 0.0642 0.0119 0.0238 0.0121 0.7678 0.0517 
      H177.6  1 0.2151 0.0430 0.0338 0.0114 0.0229 0.0665 0.0138 0.5934 
      H179.1  1 0.7756 0.0228 0.0220 0.0382 0.0260 0.0046 0.0709 0.0399 
      H179.2  1 0.8397 0.0136 0.0422 0.0173 0.0398 0.0048 0.0170 0.0257 
      H179.3  1 0.6506 0.0555 0.0313 0.0226 0.0672 0.0070 0.1537 0.0121 
      H179.4  1 0.6168 0.0114 0.0154 0.0139 0.0449 0.0095 0.0301 0.2579 
      H180.1  1 0.0175 0.0220 0.8839 0.0107 0.0080 0.0177 0.0196 0.0207 
      H180.2  1 0.0182 0.1103 0.7483 0.0179 0.0103 0.0181 0.0520 0.0249 
      H180.3  1 0.0100 0.3337 0.4669 0.0200 0.1106 0.0225 0.0145 0.0217 
      H180.4  1 0.0174 0.0149 0.8630 0.0248 0.0222 0.0239 0.0214 0.0125 
      H180.5  1 0.0194 0.0288 0.8298 0.0114 0.0317 0.0376 0.0300 0.0113 
      H180.6  1 0.0240 0.0923 0.1483 0.0228 0.6025 0.0640 0.0202 0.0259 
      H181.1  1 0.0951 0.0351 0.2851 0.0092 0.0124 0.0530 0.1687 0.3414 
      H181.2  1 0.1757 0.0161 0.1128 0.0174 0.0186 0.1029 0.1669 0.3896 
      H181.3  1 0.0988 0.0120 0.0342 0.0123 0.0150 0.0587 0.6553 0.1136 
      H181.4  1 0.0877 0.0884 0.3627 0.0235 0.0275 0.0098 0.0956 0.3047 
      H181.5  1 0.0934 0.0078 0.0234 0.0192 0.0185 0.0197 0.7777 0.0405 
      H181.6  1 0.2216 0.0342 0.2460 0.0254 0.0441 0.0205 0.1342 0.2740 
      H181.7  1 0.6950 0.0206 0.0294 0.0140 0.0261 0.0241 0.1060 0.0848 
 H194.1_2004  1 0.0200 0.3042 0.0706 0.0753 0.0897 0.0432 0.0429 0.3541 
 H194.2_2004  1 0.0215 0.0828 0.1159 0.0396 0.0121 0.0912 0.3140 0.3230 
 H194.3_2004  1 0.0126 0.0141 0.0072 0.0258 0.0205 0.0150 0.0119 0.8928 
 H194.4_2004  1 0.0155 0.0354 0.0122 0.0175 0.0140 0.2178 0.2482 0.4394 
 H194.5_2004  1 0.0152 0.0172 0.0097 0.0213 0.0245 0.0103 0.0128 0.8889 
 H194.6_2004  1 0.0230 0.0270 0.0095 0.0190 0.0255 0.0215 0.1895 0.6851 
 H194.7_2004  1 0.0159 0.1588 0.0328 0.1715 0.2628 0.0365 0.1853 0.1364 
 H194.8_2004  1 0.0287 0.0311 0.0158 0.0418 0.0282 0.0467 0.3655 0.4422 
      H194.9  1 0.0146 0.1196 0.0230 0.1795 0.3234 0.0684 0.0835 0.1882 
 H195.1_2003  1 0.0312 0.0273 0.0191 0.0448 0.0123 0.0086 0.0266 0.8300 
 H195.1_2004  1 0.0380 0.0157 0.0313 0.0211 0.0079 0.8472 0.0176 0.0212 
 H195.2_2003  1 0.0818 0.4068 0.0534 0.0145 0.1162 0.0305 0.0779 0.2189 
 H195.2_2004  1 0.0260 0.0125 0.0156 0.0195 0.0382 0.7832 0.0425 0.0624 
 H195.3_2003  1 0.0586 0.6162 0.0266 0.0315 0.0482 0.0126 0.0544 0.1518 
 H195.3_2004  1 0.0193 0.0269 0.0168 0.0373 0.0096 0.1956 0.0185 0.6762 
 H195.4_2003  1 0.0196 0.0418 0.0326 0.0857 0.0141 0.0153 0.0153 0.7757 
 H195.4_2004  1 0.0303 0.0185 0.0153 0.0233 0.0721 0.6215 0.1898 0.0291 
 H195.5_2003  1 0.0452 0.0636 0.0414 0.1035 0.0129 0.0100 0.0633 0.6601 
 H195.5_2004  1 0.0100 0.0422 0.0112 0.0453 0.0084 0.8001 0.0273 0.0555 
 H195.6_2003  1 0.0313 0.4795 0.0900 0.0350 0.0308 0.0327 0.0639 0.2368 
 H195.6_2004  1 0.0315 0.0208 0.0100 0.0898 0.0214 0.5771 0.0210 0.2284 
 H195.7_2003  1 0.2959 0.0200 0.0283 0.0313 0.0486 0.0208 0.4539 0.1011 
 H195.7_2004  1 0.0091 0.0113 0.0130 0.0105 0.0067 0.9311 0.0101 0.0082 
      H195.8  1 0.0132 0.0289 0.0174 0.0170 0.0160 0.8502 0.0439 0.0134 
      H195.9  1 0.0999 0.0552 0.0311 0.0401 0.0821 0.3493 0.1094 0.2329 
      H415.1  1 0.0220 0.0680 0.0254 0.0853 0.0948 0.1232 0.0251 0.5561 
      H415.2  1 0.0447 0.0633 0.0214 0.0265 0.0137 0.0298 0.0101 0.7906 
      H415.3  1 0.0402 0.0091 0.0396 0.0705 0.0214 0.0101 0.0099 0.7991 
      H415.4  1 0.0083 0.0335 0.0311 0.0453 0.0470 0.0244 0.0158 0.7945 
      H415.5  1 0.0111 0.0083 0.0175 0.0206 0.0101 0.0111 0.0083 0.9130 
      H415.6  1 0.0082 0.0318 0.0283 0.0483 0.0468 0.0255 0.0142 0.7969 
      H415.7  1 0.1103 0.0168 0.0158 0.0227 0.0136 0.0222 0.0079 0.7906 
      H506.1  1 0.3809 0.0098 0.0169 0.0189 0.0218 0.0564 0.0312 0.4640 
      H506.2  1 0.3133 0.0129 0.0149 0.0111 0.0166 0.0274 0.0186 0.5852 
      H506.3  1 0.4142 0.0116 0.0351 0.0261 0.0486 0.2514 0.0909 0.1222 
      H506.4  1 0.5001 0.0166 0.0503 0.0139 0.0406 0.1338 0.0491 0.1955 
      H506.5  1 0.2005 0.0125 0.0146 0.0161 0.0249 0.0392 0.0370 0.6551 
      H506.6  1 0.4723 0.0537 0.0766 0.0145 0.0277 0.1915 0.1038 0.0598 
      H506.7  1 0.2040 0.0113 0.0146 0.0205 0.0273 0.0360 0.0338 0.6526 
      H533.1  1 0.8313 0.0076 0.0132 0.0102 0.0093 0.0227 0.0141 0.0916 
      H533.2  1 0.7245 0.0072 0.0168 0.0109 0.0099 0.0588 0.0179 0.1539 
      H533.3  1 0.8380 0.0146 0.0162 0.0107 0.0167 0.0128 0.0112 0.0798 
      H533.4  1 0.7442 0.0176 0.0173 0.0105 0.0103 0.0387 0.0218 0.1396 
      H535.1  1 0.0294 0.0159 0.0121 0.0127 0.0198 0.0074 0.0188 0.8838 
      H535.2  1 0.1175 0.0109 0.0226 0.0123 0.1463 0.0171 0.0894 0.5838 
      H535.3  1 0.0645 0.0277 0.0399 0.0156 0.1398 0.0308 0.1137 0.5680 
      H535.4  1 0.0099 0.0061 0.0094 0.0087 0.0079 0.0072 0.0099 0.9411 
      H535.5  1 0.0224 0.0073 0.0100 0.0096 0.0083 0.0076 0.0132 0.9214 
      H535.6  1 0.1103 0.0444 0.0238 0.0271 0.0448 0.0129 0.1688 0.5679 
      H535.7  1 0.0233 0.0129 0.0102 0.0063 0.0217 0.0095 0.0154 0.9007 
      H535.8  1 0.0265 0.0129 0.0120 0.0093 0.0503 0.0141 0.0887 0.7862 
      H535.9  1 0.0146 0.0317 0.0213 0.0094 0.0203 0.0141 0.0145 0.8740 
      H539.1  1 0.0044 0.9608 0.0040 0.0055 0.0093 0.0066 0.0042 0.0052 
      H539.2  1 0.3402 0.3103 0.0604 0.0312 0.0748 0.0196 0.0973 0.0661 
      H539.3  1 0.0131 0.8990 0.0092 0.0109 0.0221 0.0204 0.0176 0.0077 
      H539.4  1 0.0203 0.8771 0.0256 0.0079 0.0166 0.0294 0.0122 0.0110 
      H539.5  1 0.0073 0.9328 0.0045 0.0074 0.0260 0.0103 0.0058 0.0060 
      H539.6  1 0.0110 0.9263 0.0077 0.0084 0.0223 0.0094 0.0083 0.0068 
      H539.7  1 0.0097 0.9403 0.0083 0.0098 0.0106 0.0080 0.0060 0.0074 
      H539.8  1 0.0216 0.7564 0.0541 0.0434 0.0198 0.0636 0.0220 0.0192 
      H539.9  1 0.0084 0.9271 0.0093 0.0076 0.0202 0.0155 0.0066 0.0053 
      H540.1  1 0.0247 0.8937 0.0178 0.0070 0.0117 0.0214 0.0098 0.0139 
      H540.2  1 0.0081 0.9439 0.0092 0.0113 0.0076 0.0053 0.0063 0.0085 
      H540.3  1 0.0404 0.4306 0.0643 0.0670 0.0102 0.2556 0.0679 0.0640 
      H540.4  1 0.0521 0.8456 0.0429 0.0169 0.0077 0.0088 0.0099 0.0162 
      H540.5  1 0.0163 0.8960 0.0120 0.0107 0.0146 0.0233 0.0136 0.0135 
      H540.6  1 0.0400 0.8386 0.0204 0.0149 0.0222 0.0211 0.0209 0.0219 
      H540.7  1 0.0166 0.8970 0.0264 0.0106 0.0181 0.0057 0.0061 0.0195 
      H540.8  1 0.0455 0.7831 0.0454 0.0118 0.0095 0.0087 0.0084 0.0875 
     H9558.1  1 0.0088 0.9471 0.0057 0.0072 0.0071 0.0087 0.0071 0.0083 
     H9558.2  1 0.0101 0.9358 0.0067 0.0082 0.0132 0.0094 0.0089 0.0077 
     H9558.3  1 0.0052 0.9269 0.0099 0.0128 0.0137 0.0136 0.0070 0.0109 
     H9558.4  1 0.0199 0.9301 0.0102 0.0068 0.0081 0.0075 0.0073 0.0100 
     H9558.5  1 0.0282 0.8690 0.0312 0.0144 0.0067 0.0194 0.0179 0.0131 
     H9558.6  1 0.0075 0.8057 0.0326 0.0220 0.0862 0.0119 0.0148 0.0192 
    kos339.1  1 0.0166 0.0083 0.0107 0.0077 0.0234 0.0066 0.0113 0.9156 
    kos339.2  1 0.0120 0.0088 0.0115 0.0212 0.0372 0.0216 0.0101 0.8777 
    kos339.3  1 0.0083 0.0086 0.0071 0.0067 0.0089 0.0066 0.0054 0.9484 
    kos339.4  1 0.0112 0.0077 0.0114 0.0136 0.0147 0.0080 0.0093 0.9241 
    kos339.5  1 0.0117 0.0089 0.0100 0.0124 0.0154 0.0048 0.0089 0.9281 
    kos339.6  1 0.0083 0.0071 0.0130 0.0094 0.0079 0.0176 0.0081 0.9286 
    kos339.7  1 0.0113 0.0066 0.0074 0.0055 0.0112 0.0062 0.0068 0.9450 
    kos339.8  1 0.0110 0.0051 0.0117 0.0092 0.0101 0.0089 0.0090 0.9350 
    kos339.9  1 0.0142 0.0126 0.0097 0.0168 0.0146 0.0093 0.0073 0.9156 
      H008.1  2 0.0139 0.0235 0.0107 0.0131 0.9094 0.0085 0.0121 0.0088 
      H008.2  2 0.2356 0.2390 0.0285 0.0334 0.2165 0.1470 0.0456 0.0544 
      H008.3  2 0.3015 0.1254 0.0402 0.0633 0.1210 0.1428 0.1743 0.0315 
      H008.4  2 0.0143 0.0313 0.0091 0.0370 0.8202 0.0354 0.0235 0.0292 
      H008.5  2 0.0199 0.0184 0.0178 0.0264 0.8398 0.0279 0.0385 0.0114 
      H008.6  2 0.0639 0.1253 0.0163 0.0299 0.4986 0.1990 0.0158 0.0512 
      H008.7  2 0.0508 0.0507 0.0162 0.0749 0.6089 0.0782 0.0755 0.0448 
      H008.8  2 0.0890 0.4713 0.0166 0.0319 0.3116 0.0218 0.0178 0.0401 
      H008.9  2 0.0590 0.1754 0.0225 0.0444 0.0464 0.5793 0.0192 0.0537 
 H029.1_2002  2 0.0078 0.0193 0.0095 0.0195 0.8938 0.0130 0.0241 0.0129 
 H029.1_2003  2 0.0685 0.0302 0.0139 0.0230 0.7072 0.0260 0.0981 0.0332 
 H029.2_2002  2 0.0183 0.0099 0.0094 0.0081 0.7772 0.0491 0.0658 0.0622 
 H029.2_2003  2 0.0767 0.0206 0.0132 0.0076 0.6329 0.0985 0.0934 0.0572 
 H029.3_2002  2 0.0452 0.0095 0.0200 0.0085 0.3801 0.3210 0.1763 0.0395 
 H029.3_2003  2 0.0190 0.0064 0.0121 0.0137 0.9076 0.0098 0.0201 0.0114 
 H029.4_2002  2 0.0093 0.0062 0.0081 0.0143 0.9190 0.0183 0.0185 0.0062 
 H029.4_2003  2 0.0656 0.0376 0.0228 0.0368 0.6831 0.0274 0.1130 0.0138 
 H029.5_2002  2 0.0070 0.0068 0.0075 0.0171 0.9271 0.0068 0.0192 0.0084 
 H029.5_2003  2 0.0268 0.0094 0.0096 0.0117 0.8900 0.0131 0.0316 0.0078 
 H029.6_2002  2 0.0106 0.0074 0.0104 0.0114 0.5812 0.0535 0.3157 0.0099 
 H029.6_2003  2 0.1261 0.0136 0.0330 0.0387 0.6666 0.0268 0.0239 0.0713 
      H029.7  2 0.0112 0.0100 0.0077 0.0088 0.8362 0.0598 0.0415 0.0248 
      H030.1  2 0.0144 0.0099 0.7451 0.0228 0.0381 0.0061 0.1409 0.0226 
      H030.2  2 0.0109 0.0130 0.5833 0.1013 0.1278 0.0825 0.0662 0.0150 
      H038.1  2 0.0111 0.0101 0.0058 0.0075 0.8997 0.0445 0.0133 0.0080 
      H038.2  2 0.0057 0.0057 0.0136 0.0085 0.9361 0.0074 0.0092 0.0138 
      H038.3  2 0.0093 0.0120 0.0435 0.0163 0.8621 0.0295 0.0094 0.0179 
      H038.4  2 0.0082 0.0081 0.0169 0.0187 0.8968 0.0327 0.0072 0.0114 
      H038.5  2 0.0351 0.0106 0.0297 0.0115 0.8524 0.0343 0.0185 0.0078 
      H038.6  2 0.0106 0.0091 0.0102 0.0052 0.9354 0.0116 0.0088 0.0091 
      H038.7  2 0.0087 0.0080 0.0149 0.0066 0.9363 0.0095 0.0053 0.0107 
      H038.8  2 0.0088 0.0071 0.0367 0.0120 0.8239 0.0881 0.0095 0.0139 
      H041.1  2 0.0114 0.0167 0.0285 0.3672 0.2835 0.0588 0.2184 0.0156 
      H041.2  2 0.0120 0.0080 0.0108 0.5266 0.3475 0.0225 0.0427 0.0299 
      H041.4  2 0.0118 0.0413 0.0188 0.0814 0.6886 0.0696 0.0712 0.0174 
      H041.6  2 0.0121 0.0565 0.0202 0.0961 0.7224 0.0202 0.0532 0.0193 
 H042.1_2002  2 0.0337 0.1116 0.0232 0.1087 0.0166 0.0219 0.6466 0.0377 
 H042.1_2003  2 0.0601 0.0860 0.0682 0.2388 0.1873 0.1708 0.0388 0.1500 
 H042.2_2002  2 0.0759 0.0187 0.0137 0.0932 0.5484 0.0433 0.1887 0.0182 
 H042.2_2003  2 0.0224 0.0325 0.0145 0.6467 0.1901 0.0083 0.0195 0.0660 
 H042.3_2002  2 0.0879 0.0616 0.0434 0.3461 0.0304 0.0548 0.3573 0.0185 
 H042.3_2003  2 0.0887 0.0848 0.0715 0.3955 0.1387 0.0871 0.1148 0.0188 
 H042.4_2002  2 0.0253 0.0281 0.0238 0.1074 0.0506 0.0254 0.7088 0.0307 
 H042.4_2003  2 0.0128 0.0612 0.0230 0.0318 0.1097 0.0082 0.7241 0.0291 
      H042.5  2 0.0122 0.0185 0.0091 0.0133 0.0095 0.0060 0.9189 0.0124 
      H042.6  2 0.0136 0.0587 0.0109 0.0095 0.0246 0.0112 0.8610 0.0104 
      H042.7  2 0.0206 0.0368 0.0303 0.4460 0.0677 0.0136 0.3530 0.0320 
      H042.8  2 0.0270 0.0431 0.0126 0.2186 0.0639 0.0335 0.5885 0.0129 
   H042_2002  2 0.0260 0.6021 0.0196 0.0678 0.2079 0.0243 0.0238 0.0286 
   H042_2003  2 0.0189 0.5876 0.0217 0.0777 0.2162 0.0308 0.0175 0.0295 
      H043.1  2 0.0278 0.6262 0.1107 0.0109 0.0611 0.1057 0.0201 0.0374 
      H043.2  2 0.0189 0.7621 0.0069 0.0109 0.0698 0.1038 0.0112 0.0164 
      H043.3  2 0.0245 0.1843 0.0250 0.0129 0.6838 0.0296 0.0108 0.0290 
      H043.4  2 0.0091 0.7815 0.0178 0.0106 0.0932 0.0536 0.0097 0.0245 
      H043.5  2 0.0368 0.2452 0.0146 0.0253 0.3069 0.3402 0.0104 0.0205 
      H043.6  2 0.0157 0.3031 0.0128 0.0324 0.3996 0.2042 0.0146 0.0175 
      H043.7  2 0.0095 0.8948 0.0180 0.0143 0.0224 0.0253 0.0068 0.0090 
      H043.8  2 0.1510 0.4658 0.0963 0.0312 0.1076 0.0491 0.0151 0.0839 
      H043.9  2 0.0319 0.6497 0.0417 0.0164 0.1611 0.0410 0.0310 0.0272 
      H047.1  2 0.0096 0.1046 0.0230 0.0122 0.7800 0.0108 0.0067 0.0531 
      H047.2  2 0.0262 0.0207 0.0244 0.0224 0.7650 0.0097 0.0334 0.0982 
      H047.3  2 0.0321 0.0206 0.0259 0.1048 0.7173 0.0088 0.0367 0.0539 
      H047.4  2 0.0124 0.0182 0.0161 0.0456 0.8230 0.0061 0.0197 0.0589 
      H047.5  2 0.0177 0.0497 0.0328 0.1044 0.7464 0.0046 0.0106 0.0338 
      H047.6  2 0.0204 0.0583 0.0461 0.1210 0.5487 0.0280 0.0342 0.1435 
      H047.7  2 0.0080 0.0587 0.0209 0.0251 0.8056 0.0103 0.0113 0.0600 
      H047.8  2 0.0377 0.1221 0.0351 0.0891 0.5608 0.0158 0.0238 0.1157 
      H047.9  2 0.0109 0.0511 0.0210 0.0253 0.7614 0.0057 0.0100 0.1145 
 H071.1_2002  2 0.0067 0.0183 0.0077 0.0099 0.9313 0.0065 0.0094 0.0101 
 H071.1_2003  2 0.0102 0.1155 0.0323 0.0169 0.7688 0.0138 0.0119 0.0307 
     H071.10  2 0.0112 0.0076 0.0232 0.0070 0.9236 0.0103 0.0103 0.0069 
 H071.2_2002  2 0.0127 0.0197 0.0063 0.0089 0.9236 0.0102 0.0069 0.0116 
 H071.2_2003  2 0.0058 0.0096 0.0053 0.0058 0.9561 0.0045 0.0066 0.0062 
      H071.3  2 0.0121 0.0109 0.0295 0.0161 0.9024 0.0134 0.0076 0.0080 
 H071.4_2002  2 0.0125 0.0095 0.0200 0.0105 0.9075 0.0178 0.0114 0.0106 
 H071.4_2003  2 0.0085 0.0076 0.0101 0.0058 0.9505 0.0052 0.0054 0.0069 
 H071.5_2002  2 0.0058 0.0067 0.0114 0.0053 0.9481 0.0071 0.0091 0.0065 
 H071.5_2003  2 0.0160 0.0128 0.0190 0.0104 0.9202 0.0061 0.0067 0.0087 
 H071.6_2002  2 0.0144 0.0071 0.0092 0.0058 0.9432 0.0067 0.0059 0.0078 
 H071.6_2003  2 0.0080 0.0085 0.0173 0.0058 0.9418 0.0044 0.0051 0.0091 
 H071.7_2002  2 0.0062 0.0092 0.0061 0.0060 0.9560 0.0058 0.0050 0.0058 
 H071.7_2003  2 0.0116 0.0179 0.0277 0.0083 0.9078 0.0086 0.0076 0.0106 
      H071.8  2 0.0096 0.0127 0.0057 0.0098 0.9379 0.0092 0.0066 0.0085 
      H071.9  2 0.0273 0.0213 0.0353 0.0295 0.8413 0.0218 0.0155 0.0081 
 H081.1_2002  2 0.0061 0.0106 0.0072 0.0094 0.9427 0.0073 0.0106 0.0061 
 H081.1_2003  2 0.0503 0.0933 0.0496 0.0423 0.1198 0.4108 0.1507 0.0830 
 H081.2_2002  2 0.0064 0.0221 0.0061 0.0073 0.9385 0.0058 0.0065 0.0074 
 H081.2_2003  2 0.0246 0.1139 0.6972 0.0164 0.0650 0.0218 0.0525 0.0086 
 H081.3_2002  2 0.0074 0.0146 0.0122 0.0087 0.9240 0.0131 0.0111 0.0089 
 H081.3_2003  2 0.0785 0.4551 0.2931 0.0211 0.0316 0.0296 0.0573 0.0337 
 H081.4_2002  2 0.0080 0.0097 0.0101 0.0107 0.9356 0.0063 0.0090 0.0106 
 H081.4_2003  2 0.0869 0.2470 0.2526 0.0434 0.0448 0.0503 0.1941 0.0807 
 H081.5_2002  2 0.0077 0.0168 0.0130 0.0068 0.9286 0.0067 0.0127 0.0076 
 H081.5_2003  2 0.0401 0.2843 0.1005 0.0836 0.1648 0.0547 0.1506 0.1214 
      H081.6  2 0.0082 0.0156 0.0079 0.0072 0.9395 0.0063 0.0069 0.0083 
      H081.7  2 0.0069 0.0167 0.0116 0.0094 0.9282 0.0079 0.0105 0.0088 
      H081.8  2 0.0241 0.0127 0.0385 0.0172 0.8195 0.0477 0.0258 0.0145 
      H083.1  2 0.0126 0.0075 0.0088 0.0076 0.9198 0.0076 0.0251 0.0110 
      H083.2  2 0.0115 0.0188 0.0101 0.0071 0.9110 0.0099 0.0195 0.0120 
      H083.4  2 0.0113 0.0121 0.0110 0.0111 0.8931 0.0222 0.0324 0.0068 
      H083.5  2 0.0085 0.0091 0.0083 0.0065 0.8959 0.0207 0.0378 0.0131 
      H083.6  2 0.0188 0.0075 0.0141 0.0100 0.8644 0.0232 0.0494 0.0126 
      H083.7  2 0.0216 0.0100 0.0116 0.0131 0.8639 0.0250 0.0446 0.0102 
      H083.8  2 0.0101 0.0142 0.0116 0.0077 0.9196 0.0096 0.0151 0.0121 
      H083.9  2 0.0085 0.0069 0.0081 0.0106 0.8929 0.0123 0.0499 0.0109 
      H084.1  2 0.0179 0.0143 0.7788 0.0263 0.0224 0.0947 0.0342 0.0114 
      H084.2  2 0.0401 0.0117 0.7357 0.0080 0.0253 0.1082 0.0560 0.0149 
      H084.3  2 0.0277 0.0120 0.2398 0.2184 0.0157 0.3438 0.0629 0.0796 
      H084.4  2 0.0419 0.0144 0.2716 0.1391 0.0231 0.3933 0.0570 0.0597 
      H084.5  2 0.0197 0.0112 0.6917 0.1786 0.0128 0.0435 0.0152 0.0272 
      H084.6  2 0.0178 0.0134 0.4461 0.1281 0.0124 0.2944 0.0285 0.0592 
      H084.7  2 0.0335 0.0101 0.8447 0.0180 0.0208 0.0255 0.0361 0.0113 
      H084.8  2 0.0111 0.0103 0.6696 0.1044 0.0102 0.1518 0.0209 0.0217 
 H085.1_2002  2 0.0113 0.2153 0.0152 0.0123 0.2804 0.0554 0.3919 0.0183 
 H085.1_2003  2 0.0228 0.0173 0.0408 0.0382 0.4522 0.0268 0.3931 0.0088 
 H085.2_2002  2 0.0294 0.0915 0.0234 0.0305 0.0368 0.4395 0.3303 0.0186 
 H085.2_2003  2 0.0299 0.0147 0.0275 0.0151 0.6514 0.0230 0.2249 0.0135 
 H085.3_2002  2 0.0132 0.3576 0.0534 0.0575 0.1097 0.0194 0.3683 0.0208 
 H085.3_2003  2 0.0158 0.0179 0.0576 0.0402 0.8321 0.0077 0.0222 0.0066 
 H085.4_2002  2 0.0288 0.2576 0.0288 0.0272 0.2512 0.1986 0.1954 0.0124 
 H085.4_2003  2 0.0083 0.0188 0.0194 0.0402 0.8546 0.0095 0.0296 0.0196 
 H085.5_2002  2 0.0098 0.6881 0.0319 0.0559 0.1326 0.0134 0.0562 0.0121 
 H085.5_2003  2 0.0227 0.0140 0.0242 0.0111 0.8064 0.0131 0.1003 0.0083 
 H085.6_2002  2 0.0099 0.2485 0.0376 0.0218 0.0985 0.0405 0.5211 0.0221 
 H085.6_2003  2 0.0192 0.0979 0.0988 0.4320 0.2766 0.0124 0.0363 0.0268 
 H085.7_2002  2 0.0156 0.1870 0.0399 0.0242 0.1718 0.0697 0.4474 0.0444 
 H085.7_2003  2 0.0129 0.0140 0.0380 0.0675 0.8059 0.0129 0.0400 0.0088 
 H085.8_2002  2 0.0218 0.3761 0.1362 0.1315 0.1188 0.1150 0.0798 0.0208 
 H085.8_2003  2 0.0177 0.0245 0.0337 0.0606 0.1772 0.0229 0.6430 0.0203 
      H085.9  2 0.0103 0.3596 0.0198 0.0244 0.2557 0.1236 0.1821 0.0246 
      H088.1  2 0.0446 0.0217 0.0137 0.0126 0.0113 0.0142 0.8641 0.0179 
      H088.2  2 0.0206 0.0149 0.0093 0.0122 0.0140 0.0084 0.8875 0.0331 
      H088.3  2 0.0164 0.0134 0.0127 0.0105 0.0106 0.0070 0.9163 0.0130 
      H088.4  2 0.0354 0.0167 0.0261 0.0273 0.0316 0.0072 0.8397 0.0159 
      H088.5  2 0.0165 0.0130 0.0100 0.0154 0.0099 0.0054 0.9183 0.0115 
      H088.6  2 0.0240 0.0136 0.0163 0.0269 0.0206 0.0077 0.8698 0.0211 
      H088.7  2 0.0255 0.0131 0.0211 0.0478 0.1713 0.0117 0.6790 0.0305 
      H088.8  2 0.0452 0.0168 0.0432 0.0805 0.2431 0.0151 0.5228 0.0333 
      H091.1  2 0.0138 0.0105 0.0251 0.0366 0.0162 0.0075 0.8789 0.0116 
      H091.2  2 0.0194 0.0143 0.0125 0.0654 0.0457 0.0071 0.8213 0.0142 
      H109.1  2 0.1685 0.0926 0.4736 0.0895 0.0613 0.0406 0.0542 0.0197 
      H109.2  2 0.0325 0.0301 0.7506 0.0363 0.0959 0.0158 0.0205 0.0182 
      H109.3  2 0.1765 0.0198 0.3289 0.0862 0.1412 0.0268 0.0256 0.1952 
      H109.4  2 0.1939 0.0768 0.5363 0.0625 0.0413 0.0468 0.0281 0.0142 
      H109.5  2 0.0394 0.0191 0.0506 0.3026 0.4371 0.0079 0.0296 0.1137 
      H109.6  2 0.1007 0.0813 0.5721 0.0594 0.0617 0.0269 0.0151 0.0828 
      H126.1  2 0.0694 0.8021 0.0114 0.0370 0.0224 0.0125 0.0165 0.0285 
      H126.2  2 0.0243 0.1915 0.0246 0.0121 0.6789 0.0380 0.0156 0.0149 
      H126.3  2 0.0559 0.0459 0.0056 0.0295 0.8139 0.0180 0.0113 0.0199 
      H126.4  2 0.0774 0.7390 0.0227 0.0213 0.0769 0.0222 0.0172 0.0233 
      H126.5  2 0.0476 0.5191 0.0094 0.0173 0.3235 0.0075 0.0114 0.0642 
      H126.6  2 0.0124 0.0345 0.0056 0.0075 0.8906 0.0073 0.0142 0.0279 
      H126.7  2 0.0160 0.0169 0.0093 0.0055 0.9226 0.0055 0.0151 0.0091 
      H130.1  2 0.0848 0.5935 0.0882 0.0221 0.0125 0.0119 0.1166 0.0703 
      H130.2  2 0.0766 0.0311 0.6741 0.0163 0.0487 0.0165 0.1119 0.0247 
      H130.3  2 0.6368 0.0265 0.1691 0.0094 0.0461 0.0071 0.0632 0.0417 
      H130.4  2 0.2869 0.3136 0.1708 0.0174 0.0115 0.0511 0.0919 0.0568 
      H130.5  2 0.0353 0.1557 0.3847 0.0229 0.0785 0.0116 0.2735 0.0378 
      H133.1  2 0.2200 0.0748 0.1829 0.0566 0.1283 0.1585 0.0953 0.0836 
      H133.2  2 0.0842 0.4527 0.0892 0.0294 0.0326 0.0105 0.0344 0.2671 
      H133.3  2 0.0679 0.0380 0.1694 0.0656 0.2502 0.1722 0.1357 0.1010 
      H133.4  2 0.1991 0.1203 0.1510 0.0736 0.0432 0.0681 0.0277 0.3171 
      H133.5  2 0.7322 0.0679 0.0416 0.0086 0.0182 0.0343 0.0576 0.0396 
      H133.6  2 0.1877 0.4149 0.1212 0.0141 0.0212 0.0155 0.1845 0.0409 
      H133.7  2 0.0259 0.0420 0.1674 0.4733 0.0600 0.0811 0.0261 0.1242 
      H133.8  2 0.2631 0.1603 0.0845 0.1385 0.0527 0.2073 0.0497 0.0440 
      H133.9  2 0.3489 0.0722 0.1839 0.0378 0.0479 0.1695 0.0939 0.0459 
      H147.1  2 0.0075 0.0299 0.0347 0.3900 0.4177 0.0310 0.0706 0.0186 
      H147.2  2 0.0067 0.0180 0.0092 0.0133 0.9288 0.0077 0.0091 0.0071 
      H147.3  2 0.0086 0.0255 0.0130 0.0156 0.9057 0.0111 0.0099 0.0107 
      H147.4  2 0.0066 0.0095 0.0184 0.0151 0.8516 0.0772 0.0115 0.0099 
      H147.5  2 0.0227 0.0303 0.0591 0.0396 0.7400 0.0109 0.0796 0.0178 
      H147.6  2 0.0339 0.0340 0.0746 0.0591 0.6518 0.0170 0.0950 0.0348 
      H147.7  2 0.0083 0.0107 0.0299 0.0388 0.8188 0.0631 0.0113 0.0191 
      H147.8  2 0.0116 0.0062 0.0219 0.0399 0.7995 0.0266 0.0847 0.0095 
      H147.9  2 0.0072 0.0160 0.0107 0.0127 0.9306 0.0087 0.0062 0.0079 
      H148.1  2 0.1069 0.1420 0.1567 0.3650 0.0239 0.0919 0.0836 0.0301 
      H148.2  2 0.0421 0.0789 0.0337 0.6652 0.0250 0.1137 0.0197 0.0218 
      H148.3  2 0.0092 0.0265 0.0278 0.6947 0.0175 0.1315 0.0132 0.0796 
      H148.4  2 0.0814 0.0849 0.0232 0.5671 0.0299 0.1148 0.0202 0.0784 
      H148.5  2 0.0266 0.0288 0.0324 0.7127 0.0163 0.1154 0.0206 0.0472 
      H148.6  2 0.0151 0.0369 0.0347 0.5670 0.0172 0.2354 0.0688 0.0250 
      H148.7  2 0.0910 0.0201 0.0377 0.7777 0.0102 0.0354 0.0153 0.0125 
      H148.8  2 0.0112 0.0300 0.0083 0.8616 0.0088 0.0451 0.0117 0.0233 
      H148.9  2 0.0551 0.1649 0.0587 0.3372 0.0137 0.3143 0.0268 0.0293 
   H166022.1  2 0.0066 0.0081 0.0117 0.0216 0.0162 0.0148 0.9117 0.0093 
   H166022.2  2 0.0183 0.0165 0.0406 0.0262 0.0563 0.0199 0.7812 0.0411 
   H166022.3  2 0.0168 0.0062 0.0170 0.0109 0.0061 0.0065 0.9267 0.0099 
   H166022.4  2 0.0206 0.0055 0.0146 0.0089 0.0074 0.0062 0.9268 0.0100 
   H166022.5  2 0.0209 0.0067 0.0325 0.0135 0.0116 0.0079 0.8894 0.0175 
   H166022.6  2 0.0109 0.0142 0.0254 0.0203 0.0101 0.0114 0.8936 0.0141 
   H166022.7  2 0.9233 0.0145 0.0122 0.0094 0.0106 0.0157 0.0074 0.0070 
   H166022.8  2 0.0162 0.0310 0.0691 0.0363 0.0189 0.0124 0.7227 0.0934 
   H167397.1  2 0.0131 0.0202 0.0128 0.1179 0.0658 0.6863 0.0462 0.0377 
   H167397.2  2 0.0135 0.0201 0.0087 0.0321 0.0147 0.8352 0.0295 0.0462 
   H167397.3  2 0.0103 0.0120 0.0083 0.0542 0.0439 0.7747 0.0227 0.0739 
   H167397.4  2 0.0118 0.0071 0.0113 0.0400 0.0166 0.8920 0.0099 0.0113 
   H167397.5  2 0.0255 0.0215 0.0339 0.0464 0.0233 0.7948 0.0292 0.0253 
   H167397.6  2 0.0111 0.0157 0.0106 0.2092 0.0420 0.6415 0.0243 0.0455 
   H167496.1  2 0.0659 0.0130 0.1443 0.0567 0.0217 0.0137 0.4035 0.2811 
   H167496.2  2 0.0624 0.0367 0.2169 0.0959 0.3615 0.0253 0.0345 0.1669 
   H167496.3  2 0.0290 0.1053 0.0744 0.0679 0.0527 0.0235 0.5947 0.0525 
   H167496.4  2 0.0150 0.0083 0.0086 0.0083 0.0177 0.0070 0.9265 0.0085 
   H167496.6  2 0.0396 0.0204 0.0497 0.0193 0.0532 0.0068 0.7896 0.0215 
   H167496.7  2 0.0470 0.0348 0.2239 0.3068 0.0200 0.0097 0.1017 0.2561 
   H167496.8  2 0.0240 0.0174 0.0667 0.0243 0.1184 0.0083 0.7216 0.0192 
   H167513.1  2 0.0500 0.0642 0.5312 0.0811 0.0477 0.0356 0.0672 0.1230 
   H167513.2  2 0.0205 0.1613 0.4745 0.1814 0.0233 0.0547 0.0303 0.0539 
   H167513.3  2 0.0791 0.0161 0.8170 0.0144 0.0120 0.0138 0.0191 0.0284 
   H167513.4  2 0.0399 0.0197 0.3979 0.1326 0.0207 0.0128 0.3617 0.0146 
   H167513.5  2 0.0114 0.1646 0.4529 0.1066 0.0533 0.0892 0.0653 0.0567 
   H167513.6  2 0.0145 0.0703 0.3569 0.0238 0.0394 0.0356 0.0801 0.3795 
   H167513.7  2 0.0418 0.0354 0.6694 0.0175 0.0388 0.0434 0.1306 0.0231 
   H167513.8  2 0.0280 0.0283 0.8400 0.0092 0.0120 0.0412 0.0138 0.0275 
   H167547.1  2 0.0131 0.0328 0.0280 0.8007 0.0082 0.0249 0.0277 0.0646 
   H167547.2  2 0.0073 0.0091 0.0236 0.8930 0.0093 0.0168 0.0231 0.0178 
   H167547.3  2 0.0079 0.0115 0.0290 0.8794 0.0093 0.0191 0.0261 0.0177 
   H167547.4  2 0.0351 0.0842 0.0607 0.1580 0.0100 0.1215 0.5005 0.0300 
   H167547.5  2 0.0093 0.0181 0.0137 0.8925 0.0104 0.0139 0.0351 0.0071 
   H167547.6  2 0.0115 0.0131 0.0199 0.8855 0.0120 0.0131 0.0383 0.0066 
   H167547.7  2 0.0357 0.2068 0.1244 0.0835 0.0358 0.0389 0.0375 0.4375 
   H169750.1  2 0.3228 0.0566 0.3093 0.0141 0.0391 0.0288 0.1491 0.0803 
   H169750.2  2 0.1098 0.0928 0.1373 0.3438 0.1629 0.0587 0.0247 0.0701 
   H169750.3  2 0.2374 0.0720 0.4661 0.0233 0.0628 0.0067 0.0606 0.0711 
   H169750.4  2 0.1941 0.0683 0.0353 0.0525 0.0599 0.0743 0.0368 0.4788 
   H169750.5  2 0.3493 0.0698 0.2235 0.0277 0.1252 0.0262 0.1215 0.0569 
   H169750.6  2 0.1853 0.0890 0.1715 0.0321 0.4415 0.0149 0.0540 0.0117 
   H169750.7  2 0.3602 0.1017 0.1234 0.0519 0.1055 0.0274 0.0272 0.2027 
   H171929.1  2 0.0151 0.1018 0.0455 0.1221 0.0337 0.5974 0.0316 0.0529 
  H171929.10  2 0.0099 0.0500 0.2231 0.2072 0.1043 0.0963 0.2335 0.0757 
  H171929.11  2 0.0206 0.2464 0.1570 0.1014 0.0315 0.3065 0.0361 0.1006 
   H171929.2  2 0.0191 0.1312 0.5610 0.1825 0.0182 0.0173 0.0390 0.0316 
   H171929.3  2 0.0176 0.0611 0.3908 0.3344 0.0259 0.0991 0.0390 0.0322 
   H171929.4  2 0.0406 0.1863 0.2682 0.0619 0.0660 0.0109 0.2957 0.0705 
   H171929.5  2 0.0396 0.0455 0.5483 0.2043 0.0271 0.0325 0.0250 0.0777 
   H171929.6  2 0.0289 0.0559 0.6626 0.1070 0.0225 0.0661 0.0164 0.0407 
   H171929.7  2 0.0398 0.4966 0.2228 0.0741 0.0476 0.0398 0.0503 0.0290 
   H171929.8  2 0.0133 0.5269 0.2307 0.0312 0.0299 0.0288 0.0523 0.0869 
   H171929.9  2 0.0203 0.3413 0.3418 0.0209 0.0857 0.0067 0.1389 0.0444 
   H171930.1  2 0.1198 0.0163 0.7384 0.0410 0.0171 0.0294 0.0131 0.0248 
   H171930.2  2 0.1254 0.0459 0.6184 0.0804 0.0309 0.0158 0.0646 0.0186 
   H171930.3  2 0.1527 0.0127 0.7281 0.0355 0.0115 0.0252 0.0199 0.0143 
   H171930.4  2 0.1919 0.0072 0.6048 0.1144 0.0093 0.0169 0.0408 0.0146 
   H171930.5  2 0.0532 0.0622 0.7846 0.0183 0.0294 0.0179 0.0212 0.0131 
   H171930.6  2 0.0784 0.0129 0.7231 0.0623 0.0686 0.0118 0.0260 0.0168 
   H171930.7  2 0.0684 0.0178 0.8136 0.0316 0.0131 0.0249 0.0120 0.0187 
   H171930.8  2 0.0393 0.0133 0.7953 0.0490 0.0204 0.0146 0.0108 0.0573 
   H171933.1  2 0.0087 0.0082 0.0168 0.0211 0.0076 0.0447 0.8839 0.0090 
   H171933.2  2 0.0072 0.0141 0.0139 0.0197 0.0120 0.0479 0.8735 0.0117 
   H171933.3  2 0.0084 0.0301 0.0278 0.0246 0.0076 0.0157 0.8741 0.0117 
   H171933.4  2 0.0106 0.0189 0.3638 0.0128 0.0115 0.0072 0.5253 0.0498 
   H171933.5  2 0.0319 0.0779 0.4988 0.0279 0.0099 0.0092 0.2403 0.1042 
   H171933.6  2 0.0101 0.0068 0.0091 0.0087 0.0118 0.0061 0.9406 0.0067 
   H171933.7  2 0.0187 0.0682 0.1418 0.0517 0.0198 0.0486 0.6279 0.0234 
   H171933.8  2 0.0131 0.0537 0.3688 0.0422 0.0194 0.0532 0.3995 0.0502 
   H171933.9  2 0.0106 0.0111 0.1109 0.0106 0.0089 0.0069 0.8322 0.0089 
      H190.1  2 0.1906 0.0168 0.6553 0.0430 0.0256 0.0088 0.0248 0.0351 
      H190.2  2 0.0119 0.0289 0.0197 0.8792 0.0274 0.0076 0.0118 0.0135 
      H190.3  2 0.0231 0.1595 0.0302 0.7022 0.0180 0.0108 0.0296 0.0267 
      H190.4  2 0.0455 0.0196 0.7960 0.0186 0.0095 0.0085 0.0904 0.0118 
      H190.5  2 0.0235 0.0286 0.0238 0.8018 0.0694 0.0072 0.0211 0.0246 
      H190.6  2 0.0527 0.0334 0.7345 0.0345 0.0129 0.0112 0.1073 0.0135 
      H190.7  2 0.0242 0.6355 0.0498 0.1010 0.0169 0.0141 0.0532 0.1053 
      H190.8  2 0.0582 0.0959 0.2945 0.3689 0.0787 0.0073 0.0305 0.0660 
      H190.9  2 0.0225 0.0975 0.1979 0.5675 0.0230 0.0129 0.0219 0.0568 
      H400.1  2 0.0088 0.0138 0.0169 0.0094 0.0108 0.0082 0.9226 0.0095 
      H400.2  2 0.0085 0.0088 0.0122 0.0121 0.0208 0.0083 0.9234 0.0059 
      H400.3  2 0.0281 0.0212 0.0231 0.0170 0.0112 0.0154 0.8679 0.0160 
      H400.4  2 0.0181 0.0111 0.0189 0.0190 0.0313 0.0063 0.8847 0.0106 
      H400.5  2 0.0143 0.0102 0.0271 0.0116 0.0091 0.0099 0.9044 0.0134 
      H400.6  2 0.0060 0.0133 0.0107 0.0110 0.0129 0.0049 0.9325 0.0088 
      H400.7  2 0.0084 0.0130 0.0249 0.0111 0.0072 0.0077 0.9156 0.0120 
 H428.1_2005  2 0.0132 0.0073 0.0072 0.0086 0.0098 0.0074 0.9384 0.0080 
 H428.1_2006  2 0.0108 0.0064 0.0066 0.0087 0.0187 0.0135 0.9126 0.0227 
 H428.2_2005  2 0.0081 0.0060 0.0103 0.0113 0.0065 0.0109 0.9400 0.0068 
 H428.2_2006  2 0.0088 0.0069 0.0157 0.0085 0.0482 0.0145 0.8894 0.0079 
 H428.3_2005  2 0.0156 0.0053 0.0091 0.0071 0.0085 0.0088 0.9346 0.0110 
 H428.3_2006  2 0.0185 0.0106 0.0169 0.0108 0.0433 0.0437 0.8438 0.0123 
 H428.4_2005  2 0.0115 0.0046 0.0096 0.0078 0.0085 0.0106 0.9357 0.0116 
 H428.4_2006  2 0.0100 0.0067 0.0049 0.0058 0.0107 0.0138 0.9405 0.0076 
 H428.5_2005  2 0.0066 0.0078 0.0091 0.0072 0.0163 0.0312 0.9160 0.0058 
 H428.6_2005  2 0.0170 0.0083 0.0098 0.0075 0.0117 0.0097 0.9205 0.0155 
 H428.6_2006  2 0.0629 0.0117 0.0106 0.0079 0.0215 0.0443 0.8308 0.0103 
      H428.7  2 0.0086 0.0074 0.0054 0.0066 0.0097 0.0057 0.9530 0.0035 
      H428.8  2 0.0154 0.0090 0.0175 0.0105 0.0185 0.0213 0.9006 0.0072 
      H428.9  2 0.0071 0.0081 0.0099 0.0070 0.0098 0.0161 0.9357 0.0063 
      H453.1  2 0.0317 0.0095 0.0149 0.0093 0.0460 0.0060 0.8711 0.0114 
      H453.2  2 0.0213 0.0124 0.0215 0.0118 0.0122 0.0063 0.9024 0.0121 
      H453.3  2 0.0108 0.0125 0.0224 0.0086 0.0124 0.0060 0.9133 0.0140 
      H453.4  2 0.0149 0.0153 0.0178 0.0103 0.0106 0.0048 0.9159 0.0105 
      H453.5  2 0.0215 0.0087 0.0188 0.0090 0.0373 0.0069 0.8880 0.0097 
      H453.6  2 0.0126 0.0045 0.0120 0.0054 0.0362 0.0064 0.9160 0.0068 
      H453.7  2 0.0216 0.1775 0.2515 0.0353 0.2833 0.0085 0.1842 0.0381 
      H453.8  2 0.0322 0.0677 0.1848 0.0545 0.2183 0.0088 0.3929 0.0408 
      H453.9  2 0.0363 0.0501 0.1162 0.0102 0.4510 0.0090 0.3069 0.0202 
      H512.1  2 0.1361 0.0160 0.0575 0.0161 0.0210 0.0066 0.7346 0.0121 
     H512.10  2 0.3605 0.0144 0.1267 0.0536 0.0685 0.1421 0.1883 0.0458 
      H512.2  2 0.4105 0.0275 0.0641 0.2076 0.0303 0.0346 0.1918 0.0336 
      H512.3  2 0.7885 0.0099 0.0268 0.0260 0.0137 0.0645 0.0444 0.0263 
      H512.4  2 0.0751 0.0195 0.3799 0.0825 0.1358 0.0400 0.2141 0.0532 
      H512.5  2 0.8429 0.0081 0.0154 0.0167 0.0130 0.0335 0.0266 0.0437 
      H512.6  2 0.6366 0.0240 0.1009 0.0493 0.0158 0.0152 0.0692 0.0890 
      H512.7  2 0.9038 0.0064 0.0106 0.0155 0.0138 0.0103 0.0269 0.0127 
      H512.8  2 0.3190 0.0166 0.0735 0.4934 0.0180 0.0171 0.0449 0.0175 
      H512.9  2 0.8056 0.0155 0.0148 0.0136 0.0176 0.0124 0.0921 0.0284 
      H513.1  2 0.0060 0.0078 0.0094 0.0098 0.0142 0.0133 0.9342 0.0054 
      H513.2  2 0.0074 0.0092 0.0208 0.0157 0.0131 0.0148 0.9129 0.0061 
      H513.3  2 0.0087 0.0079 0.0152 0.0085 0.0093 0.0075 0.9364 0.0066 
      H513.4  2 0.0099 0.0083 0.0241 0.0187 0.0294 0.0069 0.8907 0.0120 
      H513.5  2 0.0347 0.0078 0.0184 0.0085 0.0128 0.0224 0.8853 0.0101 
      H513.6  2 0.0247 0.0349 0.2247 0.0307 0.0258 0.5192 0.1298 0.0103 
      H532.1  2 0.0474 0.0140 0.0124 0.0178 0.1029 0.0137 0.7625 0.0292 
      H532.2  2 0.0140 0.0145 0.0887 0.0187 0.0500 0.0191 0.7809 0.0143 
      H532.3  2 0.0199 0.0190 0.2513 0.0156 0.0676 0.0072 0.5812 0.0383 
      H532.4  2 0.0216 0.0506 0.0170 0.0123 0.4376 0.0149 0.4118 0.0342 
      H532.5  2 0.0304 0.0108 0.0094 0.0141 0.0309 0.0135 0.8789 0.0121 
      H532.6  2 0.0194 0.0211 0.0371 0.0137 0.1647 0.0094 0.6935 0.0411 
      H532.7  2 0.0265 0.0090 0.0142 0.0095 0.1776 0.0117 0.7419 0.0096 
      H532.8  2 0.0718 0.0176 0.0234 0.0196 0.1530 0.0209 0.6757 0.0181 
      H543.1  2 0.0058 0.0053 0.0068 0.0073 0.0050 0.9470 0.0163 0.0063 
      H543.2  2 0.0117 0.0100 0.0134 0.0297 0.0122 0.8573 0.0572 0.0084 
      H543.3  2 0.0063 0.0080 0.0069 0.0111 0.0116 0.9304 0.0165 0.0091 
      H543.4  2 0.0055 0.0074 0.0066 0.0088 0.0047 0.9526 0.0069 0.0074 
      H543.5  2 0.0062 0.0068 0.0067 0.0082 0.0052 0.9535 0.0070 0.0064 
      H543.6  2 0.0085 0.0168 0.0138 0.0058 0.0079 0.9114 0.0270 0.0088 
      H543.7  2 0.0043 0.0053 0.0051 0.0058 0.0043 0.9626 0.0058 0.0068 
      H543.8  2 0.0117 0.0108 0.0104 0.0125 0.0151 0.9028 0.0297 0.0070 
      H543.9  2 0.0112 0.0117 0.0056 0.0130 0.0078 0.9280 0.0150 0.0077 
 H545.1_2005  2 0.0054 0.0065 0.0043 0.0038 0.0047 0.9670 0.0044 0.0040 
 H545.1_2006  2 0.0068 0.0059 0.0056 0.0093 0.0082 0.9516 0.0057 0.0069 
 H545.2_2005  2 0.0146 0.0140 0.0083 0.0074 0.0078 0.9341 0.0087 0.0051 
 H545.2_2006  2 0.0066 0.0054 0.0057 0.0061 0.0072 0.9550 0.0077 0.0063 
 H545.3_2005  2 0.0092 0.0099 0.0098 0.0087 0.0055 0.9409 0.0090 0.0070 
 H545.3_2006  2 0.0088 0.0093 0.0060 0.0052 0.0096 0.9490 0.0077 0.0044 
 H545.4_2005  2 0.0060 0.0106 0.0056 0.0120 0.0098 0.9386 0.0062 0.0111 
 H545.4_2006  2 0.0067 0.0099 0.0062 0.0090 0.0063 0.9487 0.0075 0.0058 
 H545.5_2005  2 0.0132 0.0090 0.0081 0.0058 0.0116 0.9367 0.0108 0.0049 
 H545.5_2006  2 0.0097 0.0073 0.0079 0.0071 0.0063 0.9453 0.0088 0.0077 
 H545.6_2005  2 0.0064 0.0062 0.0050 0.0038 0.0043 0.9648 0.0054 0.0040 
 H545.6_2006  2 0.0071 0.0054 0.0075 0.0059 0.0054 0.9583 0.0056 0.0048 
 H545.7_2005  2 0.0106 0.0082 0.0075 0.0044 0.0068 0.9517 0.0074 0.0034 
 H545.7_2006  2 0.0119 0.0078 0.0069 0.0077 0.0098 0.9410 0.0090 0.0058 
 H545.8_2005  2 0.0106 0.0137 0.0076 0.0084 0.0105 0.9265 0.0140 0.0086 
 H545.8_2006  2 0.0080 0.0062 0.0051 0.0051 0.0057 0.9581 0.0064 0.0055 
      H545.9  2 0.0093 0.0092 0.0064 0.0058 0.0054 0.9485 0.0092 0.0063 
      H547.1  2 0.0129 0.0201 0.0123 0.0193 0.0067 0.0090 0.9045 0.0153 
      H547.2  2 0.0074 0.0131 0.0062 0.3619 0.0163 0.0096 0.5711 0.0145 
      H547.3  2 0.0241 0.0495 0.0858 0.0264 0.0087 0.0122 0.7056 0.0876 
      H547.4  2 0.0174 0.0576 0.0275 0.1656 0.0252 0.0093 0.6562 0.0411 
      H547.5  2 0.0072 0.0159 0.0118 0.3235 0.0050 0.0074 0.6152 0.0141 
      H547.6  2 0.0087 0.0175 0.0062 0.0464 0.0066 0.0247 0.8757 0.0142 
      H547.7  2 0.0313 0.0620 0.0220 0.0807 0.0106 0.0282 0.7262 0.0390 
      H547.8  2 0.0122 0.0207 0.0093 0.0197 0.0059 0.0126 0.9066 0.0131 
      H548.1  2 0.0096 0.0072 0.0063 0.0069 0.0049 0.9530 0.0062 0.0059 
      H548.2  2 0.0103 0.0091 0.0086 0.0077 0.0086 0.9360 0.0072 0.0123 
      H548.3  2 0.0077 0.0106 0.0055 0.0059 0.0070 0.9502 0.0079 0.0052 
      H548.4  2 0.0391 0.0364 0.0198 0.0168 0.0325 0.8134 0.0163 0.0256 
      H548.5  2 0.0060 0.0096 0.0085 0.0089 0.0100 0.9405 0.0057 0.0107 
      H548.6  2 0.0128 0.0093 0.0073 0.0057 0.0055 0.9421 0.0068 0.0106 
      H548.7  2 0.0089 0.0083 0.0063 0.0069 0.0058 0.9495 0.0075 0.0068 
