      H105.1  1 0.0162 0.0175 0.0122 0.0067 0.0114 0.0076 0.0097 0.7924 0.0290 0.0072 0.0083 0.0063 0.0153 0.0066 0.0496 0.0040 
      H105.2  1 0.0451 0.0516 0.0223 0.0355 0.0105 0.0117 0.0080 0.6437 0.0070 0.0231 0.0113 0.0124 0.0444 0.0214 0.0326 0.0195 
      H105.3  1 0.0113 0.0071 0.0279 0.0110 0.0066 0.0064 0.0103 0.8424 0.0050 0.0061 0.0100 0.0052 0.0143 0.0073 0.0144 0.0146 
      H105.4  1 0.0186 0.0399 0.0379 0.0251 0.0137 0.0064 0.0142 0.5542 0.0090 0.0220 0.0095 0.0133 0.0147 0.0120 0.1253 0.0844 
      H105.5  1 0.3483 0.0412 0.1165 0.0304 0.0512 0.0113 0.0189 0.0996 0.0345 0.0160 0.0099 0.0159 0.0444 0.0125 0.1216 0.0278 
      H105.6  1 0.0118 0.0050 0.0170 0.0207 0.0197 0.0046 0.0163 0.7994 0.0044 0.0063 0.0076 0.0093 0.0060 0.0056 0.0429 0.0234 
      H105.7  1 0.0110 0.0047 0.0063 0.0085 0.0064 0.0047 0.0061 0.8439 0.0083 0.0167 0.0181 0.0083 0.0064 0.0060 0.0386 0.0059 
      H105.8  1 0.0063 0.0177 0.0092 0.0066 0.0066 0.0092 0.0047 0.8437 0.0054 0.0063 0.0140 0.0046 0.0100 0.0158 0.0314 0.0086 
      H115.1  1 0.0060 0.0080 0.0132 0.0133 0.8232 0.0077 0.0193 0.0087 0.0159 0.0108 0.0218 0.0060 0.0092 0.0185 0.0072 0.0111 
      H115.2  1 0.0077 0.0060 0.0055 0.0070 0.8881 0.0064 0.0086 0.0089 0.0080 0.0059 0.0067 0.0063 0.0061 0.0129 0.0052 0.0105 
      H115.3  1 0.0211 0.0098 0.0078 0.0059 0.8084 0.0060 0.0196 0.0087 0.0132 0.0079 0.0061 0.0058 0.0144 0.0073 0.0127 0.0451 
      H115.4  1 0.0736 0.0415 0.0397 0.0095 0.4680 0.0121 0.0491 0.0147 0.0986 0.0102 0.0101 0.0136 0.0476 0.0866 0.0153 0.0098 
      H115.5  1 0.0218 0.0171 0.0273 0.0190 0.5372 0.0628 0.0236 0.0173 0.0344 0.0103 0.0338 0.0198 0.1171 0.0121 0.0191 0.0273 
      H115.6  1 0.1807 0.0105 0.0079 0.0160 0.5738 0.0129 0.0441 0.0118 0.0155 0.0212 0.0177 0.0165 0.0196 0.0081 0.0082 0.0355 
      H115.7  1 0.0778 0.0081 0.0108 0.0408 0.6630 0.0051 0.0311 0.0088 0.0239 0.0277 0.0052 0.0185 0.0349 0.0142 0.0102 0.0201 
      H115.8  1 0.0187 0.0114 0.0066 0.0105 0.7175 0.0697 0.0215 0.0114 0.0168 0.0080 0.0368 0.0060 0.0216 0.0136 0.0119 0.0182 
      H115.9  1 0.0041 0.0054 0.0120 0.0082 0.8509 0.0062 0.0113 0.0053 0.0098 0.0067 0.0299 0.0047 0.0057 0.0101 0.0153 0.0144 
      H145.1  1 0.0061 0.0076 0.0171 0.0088 0.0105 0.0352 0.0114 0.0053 0.0058 0.0047 0.0101 0.8424 0.0035 0.0048 0.0128 0.0138 
      H145.2  1 0.0085 0.0152 0.0207 0.0091 0.0090 0.0376 0.0140 0.0081 0.0067 0.0073 0.0093 0.7154 0.0037 0.0054 0.0162 0.1140 
      H145.3  1 0.0054 0.0076 0.0106 0.0058 0.0125 0.0687 0.0051 0.0040 0.0067 0.0054 0.0285 0.7955 0.0136 0.0040 0.0164 0.0100 
      H145.4  1 0.0041 0.0050 0.0050 0.0087 0.0048 0.0080 0.0074 0.0040 0.0053 0.0035 0.0067 0.9129 0.0041 0.0052 0.0086 0.0067 
      H145.5  1 0.0105 0.0070 0.0082 0.0079 0.0072 0.1867 0.0085 0.0032 0.0052 0.0048 0.0107 0.7128 0.0073 0.0048 0.0072 0.0080 
      H145.6  1 0.0061 0.0086 0.0065 0.0063 0.0044 0.0135 0.0058 0.0058 0.0075 0.0113 0.0050 0.8508 0.0106 0.0039 0.0096 0.0442 
      H145.7  1 0.0049 0.0074 0.0061 0.0069 0.0052 0.0054 0.0075 0.0035 0.0065 0.0050 0.0090 0.9013 0.0109 0.0033 0.0088 0.0083 
      H149.1  1 0.0044 0.0033 0.0048 0.0047 0.0052 0.0053 0.9328 0.0043 0.0046 0.0038 0.0047 0.0042 0.0040 0.0048 0.0045 0.0046 
      H149.2  1 0.0164 0.0037 0.0089 0.0086 0.0037 0.0036 0.8639 0.0064 0.0116 0.0058 0.0049 0.0424 0.0054 0.0042 0.0063 0.0044 
      H149.3  1 0.0169 0.0074 0.0117 0.0159 0.0070 0.0044 0.7496 0.0088 0.0234 0.0177 0.0090 0.0865 0.0102 0.0100 0.0103 0.0112 
      H149.4  1 0.0061 0.0097 0.0070 0.0056 0.0037 0.0088 0.8905 0.0121 0.0097 0.0087 0.0046 0.0111 0.0041 0.0058 0.0053 0.0071 
      H149.5  1 0.0228 0.0205 0.0255 0.0073 0.0032 0.0040 0.4244 0.0154 0.0820 0.0257 0.0115 0.3150 0.0130 0.0131 0.0104 0.0063 
      H149.6  1 0.0152 0.0059 0.0100 0.0096 0.0032 0.0038 0.8117 0.0073 0.0144 0.0134 0.0047 0.0786 0.0059 0.0049 0.0064 0.0050 
      H149.7  1 0.0142 0.0400 0.0208 0.0159 0.0062 0.0113 0.5635 0.0282 0.0295 0.0627 0.0168 0.1204 0.0126 0.0354 0.0071 0.0155 
      H150.1  1 0.0086 0.0077 0.0044 0.0087 0.9012 0.0079 0.0039 0.0067 0.0044 0.0048 0.0093 0.0045 0.0056 0.0037 0.0059 0.0127 
      H150.2  1 0.0131 0.0060 0.0096 0.0084 0.8737 0.0114 0.0105 0.0103 0.0114 0.0111 0.0053 0.0044 0.0080 0.0056 0.0034 0.0077 
      H150.3  1 0.0129 0.0120 0.0069 0.0501 0.8243 0.0110 0.0080 0.0097 0.0069 0.0094 0.0064 0.0095 0.0095 0.0058 0.0088 0.0088 
      H150.4  1 0.0091 0.0066 0.0040 0.0123 0.8958 0.0100 0.0035 0.0055 0.0066 0.0059 0.0083 0.0056 0.0080 0.0043 0.0078 0.0067 
      H150.5  1 0.0332 0.0125 0.0052 0.0097 0.8096 0.0058 0.0093 0.0152 0.0174 0.0138 0.0086 0.0141 0.0094 0.0095 0.0083 0.0185 
      H150.6  1 0.1963 0.0299 0.0075 0.0092 0.5228 0.0114 0.0166 0.0645 0.0347 0.0132 0.0047 0.0147 0.0505 0.0102 0.0047 0.0093 
      H150.7  1 0.0077 0.0072 0.0046 0.0090 0.9013 0.0069 0.0052 0.0063 0.0044 0.0049 0.0077 0.0062 0.0050 0.0043 0.0061 0.0132 
   H169607.1  1 0.0302 0.1388 0.1761 0.0209 0.0878 0.0276 0.0105 0.0095 0.0229 0.0415 0.0270 0.1978 0.0265 0.1039 0.0270 0.0519 
   H169607.2  1 0.0154 0.1566 0.0391 0.0174 0.0628 0.0043 0.0244 0.0076 0.0136 0.0168 0.0347 0.1794 0.0080 0.0300 0.3678 0.0221 
   H169607.3  1 0.0338 0.0487 0.0694 0.0133 0.0200 0.0147 0.0074 0.0076 0.0697 0.0730 0.0625 0.3754 0.0244 0.0399 0.0948 0.0453 
   H169607.4  1 0.0322 0.1061 0.0768 0.0097 0.0191 0.0077 0.0184 0.0093 0.0075 0.0137 0.0088 0.3172 0.0056 0.0251 0.2664 0.0765 
   H169607.5  1 0.0449 0.0927 0.0411 0.0098 0.1199 0.0100 0.0354 0.0066 0.0871 0.0122 0.0359 0.1907 0.0105 0.0175 0.2204 0.0654 
   H169607.6  1 0.0212 0.1045 0.0263 0.0102 0.0252 0.0047 0.0196 0.0091 0.0118 0.0108 0.0175 0.1184 0.0108 0.0367 0.5608 0.0124 
   H169607.7  1 0.0403 0.4078 0.0190 0.0096 0.0752 0.0074 0.0272 0.0248 0.0099 0.0117 0.0714 0.0515 0.0169 0.0810 0.1374 0.0089 
   H169607.8  1 0.0195 0.0791 0.0662 0.0096 0.0155 0.0053 0.0158 0.0048 0.0078 0.0126 0.0165 0.1041 0.0064 0.0443 0.5503 0.0421 
   H169633.1  1 0.0127 0.0066 0.0105 0.0265 0.0183 0.0373 0.6038 0.0238 0.0141 0.0119 0.0093 0.0780 0.0809 0.0395 0.0079 0.0187 
   H169633.2  1 0.0202 0.0125 0.0528 0.0352 0.0102 0.0140 0.4691 0.0393 0.0080 0.0362 0.0256 0.0248 0.0349 0.2063 0.0044 0.0066 
   H169633.3  1 0.0150 0.0070 0.0121 0.0255 0.0112 0.0096 0.7880 0.0321 0.0112 0.0068 0.0187 0.0159 0.0147 0.0208 0.0051 0.0065 
   H169633.4  1 0.0106 0.0063 0.0107 0.0174 0.0141 0.0260 0.7656 0.0211 0.0250 0.0043 0.0082 0.0141 0.0217 0.0119 0.0070 0.0359 
   H169633.5  1 0.0130 0.0064 0.0082 0.0172 0.0111 0.0285 0.7760 0.0158 0.0271 0.0042 0.0089 0.0142 0.0203 0.0090 0.0078 0.0323 
   H169688.1  1 0.0093 0.0095 0.0146 0.0073 0.0204 0.0054 0.0186 0.0053 0.0066 0.0675 0.0102 0.2373 0.1141 0.3961 0.0709 0.0069 
   H169688.2  1 0.0116 0.0378 0.0058 0.0068 0.0338 0.0140 0.0096 0.0198 0.0057 0.2314 0.0098 0.0663 0.0588 0.4683 0.0158 0.0048 
   H169688.3  1 0.0110 0.0844 0.0051 0.0082 0.0701 0.0074 0.0272 0.0074 0.0134 0.0524 0.0048 0.2134 0.0237 0.4519 0.0133 0.0063 
   H169688.4  1 0.0086 0.0166 0.0051 0.0078 0.6752 0.0123 0.0109 0.0083 0.0089 0.0267 0.0072 0.0337 0.0248 0.1356 0.0104 0.0080 
   H169688.5  1 0.0076 0.0149 0.0060 0.0065 0.7014 0.0123 0.0128 0.0079 0.0083 0.0271 0.0072 0.0297 0.0277 0.1119 0.0089 0.0099 
   H169688.6  1 0.0051 0.0352 0.0096 0.0037 0.0605 0.0566 0.0129 0.0349 0.0085 0.0409 0.0081 0.1596 0.0277 0.5150 0.0119 0.0096 
   H169688.7  1 0.0179 0.1548 0.0075 0.0076 0.0768 0.0192 0.0210 0.0073 0.0119 0.0192 0.0082 0.2850 0.0313 0.3109 0.0118 0.0097 
   H171901.1  1 0.1037 0.0594 0.0086 0.0730 0.0332 0.1102 0.0109 0.0386 0.0155 0.1926 0.0114 0.1784 0.0409 0.0174 0.0175 0.0887 
   H171901.2  1 0.0224 0.0094 0.0059 0.0064 0.0130 0.0066 0.8539 0.0104 0.0067 0.0051 0.0074 0.0095 0.0082 0.0097 0.0147 0.0107 
   H171901.3  1 0.0115 0.0196 0.0073 0.0081 0.0167 0.0105 0.7640 0.0073 0.0172 0.0256 0.0096 0.0140 0.0232 0.0183 0.0103 0.0366 
   H171901.4  1 0.0161 0.0140 0.0074 0.0059 0.0108 0.0079 0.8457 0.0157 0.0068 0.0088 0.0093 0.0091 0.0081 0.0113 0.0104 0.0127 
   H171901.5  1 0.0202 0.0190 0.0169 0.0076 0.0107 0.0062 0.8223 0.0179 0.0073 0.0138 0.0061 0.0101 0.0050 0.0125 0.0087 0.0159 
   H171901.6  1 0.0384 0.0174 0.0207 0.0097 0.0306 0.0063 0.6501 0.0273 0.0115 0.0204 0.0102 0.0771 0.0045 0.0260 0.0128 0.0369 
   H171901.7  1 0.0102 0.0182 0.0081 0.0105 0.0215 0.0066 0.7315 0.0097 0.0160 0.0149 0.0248 0.0556 0.0093 0.0285 0.0135 0.0209 
   H171902.1  1 0.0221 0.0485 0.0834 0.0092 0.0927 0.1815 0.1691 0.0095 0.0052 0.0138 0.0169 0.0476 0.0207 0.1291 0.0213 0.1292 
  H171902.10  1 0.0259 0.0564 0.0112 0.0053 0.0168 0.0155 0.7035 0.0051 0.0041 0.0072 0.0085 0.0107 0.0259 0.0438 0.0291 0.0309 
   H171902.2  1 0.0193 0.0335 0.0310 0.0115 0.0494 0.0827 0.1358 0.0228 0.0081 0.0428 0.0552 0.0257 0.1592 0.2832 0.0123 0.0275 
   H171902.3  1 0.0290 0.1238 0.0314 0.0089 0.0561 0.0197 0.5814 0.0072 0.0057 0.0119 0.0103 0.0121 0.0176 0.0453 0.0214 0.0182 
   H171902.4  1 0.0174 0.0069 0.0078 0.0109 0.0273 0.0605 0.7189 0.0058 0.0059 0.0097 0.0131 0.0362 0.0198 0.0158 0.0114 0.0325 
   H171902.6  1 0.0231 0.0551 0.0122 0.0100 0.0462 0.0267 0.6632 0.0043 0.0044 0.0059 0.0076 0.0154 0.0124 0.0313 0.0259 0.0563 
   H171902.7  1 0.0321 0.0402 0.0122 0.0104 0.0299 0.1098 0.6437 0.0076 0.0060 0.0118 0.0084 0.0483 0.0041 0.0079 0.0118 0.0157 
   H171902.8  1 0.0429 0.0897 0.0251 0.0109 0.0390 0.0391 0.5680 0.0059 0.0081 0.0120 0.0106 0.0190 0.0159 0.0379 0.0234 0.0525 
   H171902.9  1 0.0216 0.0259 0.0285 0.0334 0.3051 0.0807 0.1697 0.0118 0.0059 0.0160 0.0177 0.0377 0.0151 0.0267 0.0251 0.1792 
   H171903.1  1 0.0203 0.0245 0.0227 0.0073 0.0865 0.0055 0.0162 0.0212 0.0130 0.0097 0.0191 0.0291 0.0055 0.0137 0.6960 0.0098 
   H171903.2  1 0.0159 0.0495 0.0391 0.0078 0.0268 0.0105 0.0083 0.0250 0.0374 0.0118 0.0366 0.0101 0.0065 0.0126 0.6886 0.0135 
   H171903.3  1 0.1352 0.0653 0.1675 0.0158 0.0493 0.0174 0.0230 0.0245 0.1390 0.0277 0.0372 0.0393 0.0092 0.0334 0.1906 0.0254 
   H171903.4  1 0.0751 0.0232 0.0107 0.0158 0.0372 0.0072 0.0192 0.0140 0.0175 0.3397 0.0074 0.3071 0.0142 0.0150 0.0580 0.0387 
   H171903.5  1 0.0264 0.2430 0.1001 0.0088 0.1056 0.0116 0.0328 0.0183 0.2274 0.0378 0.0285 0.0299 0.0104 0.0420 0.0681 0.0094 
   H171903.6  1 0.0351 0.1781 0.0238 0.0066 0.1262 0.0041 0.1100 0.0113 0.0881 0.0398 0.0194 0.0685 0.0124 0.0649 0.1880 0.0236 
      H177.1  1 0.0210 0.0119 0.0241 0.0057 0.0267 0.0124 0.5068 0.0055 0.0089 0.2656 0.0062 0.0332 0.0056 0.0183 0.0285 0.0196 
      H177.2  1 0.0857 0.0883 0.1565 0.0094 0.0232 0.0139 0.2092 0.0109 0.0555 0.0208 0.0839 0.0691 0.0216 0.0624 0.0357 0.0541 
      H177.3  1 0.0479 0.0377 0.0255 0.0078 0.0140 0.0153 0.5350 0.0070 0.0253 0.0141 0.0167 0.0507 0.0053 0.0234 0.0223 0.1519 
      H177.4  1 0.0338 0.0164 0.1411 0.0063 0.0069 0.0106 0.2700 0.0273 0.0109 0.2943 0.0120 0.0707 0.0052 0.0532 0.0264 0.0149 
      H177.5  1 0.0330 0.0212 0.0117 0.0094 0.0207 0.0096 0.0483 0.0420 0.0409 0.6665 0.0201 0.0179 0.0087 0.0160 0.0192 0.0147 
      H177.6  1 0.0198 0.0226 0.0186 0.0068 0.0137 0.0176 0.7002 0.0048 0.0152 0.0091 0.0090 0.0199 0.0047 0.0152 0.0166 0.1062 
      H179.1  1 0.0115 0.0280 0.0175 0.0194 0.0098 0.0047 0.0235 0.0151 0.0131 0.0211 0.0088 0.0057 0.0076 0.7846 0.0049 0.0247 
      H179.2  1 0.0179 0.0808 0.0620 0.0177 0.0164 0.0047 0.0135 0.0148 0.0198 0.0199 0.0120 0.0059 0.0059 0.6912 0.0073 0.0102 
      H179.3  1 0.0085 0.0557 0.0082 0.0127 0.0281 0.0059 0.0053 0.0136 0.0274 0.0624 0.0174 0.0092 0.0129 0.7021 0.0098 0.0210 
      H179.4  1 0.0166 0.1111 0.2939 0.0116 0.0058 0.0053 0.0289 0.0144 0.0171 0.0178 0.0202 0.0329 0.0192 0.3840 0.0102 0.0111 
      H180.1  1 0.0668 0.0231 0.0240 0.0057 0.6794 0.0194 0.0102 0.0303 0.0273 0.0144 0.0074 0.0038 0.0354 0.0348 0.0100 0.0081 
      H180.2  1 0.0408 0.0139 0.0100 0.0072 0.7213 0.0139 0.0098 0.0626 0.0055 0.0213 0.0058 0.0051 0.0422 0.0153 0.0068 0.0185 
      H180.3  1 0.0077 0.0123 0.0291 0.0116 0.8221 0.0126 0.0084 0.0150 0.0187 0.0071 0.0142 0.0099 0.0066 0.0086 0.0105 0.0056 
      H180.4  1 0.2251 0.0246 0.0111 0.0137 0.3829 0.0377 0.0296 0.1162 0.0246 0.0173 0.0238 0.0100 0.0425 0.0244 0.0094 0.0072 
      H180.5  1 0.2568 0.0175 0.0099 0.0065 0.4725 0.0279 0.0228 0.0177 0.0125 0.0329 0.0239 0.0092 0.0291 0.0374 0.0134 0.0100 
      H180.6  1 0.0584 0.0180 0.0162 0.0141 0.3191 0.0528 0.0243 0.0335 0.0116 0.0094 0.3544 0.0235 0.0304 0.0118 0.0100 0.0125 
      H181.1  1 0.0375 0.0124 0.0629 0.0056 0.0137 0.0145 0.2302 0.0127 0.1496 0.0114 0.0073 0.0179 0.2749 0.0868 0.0497 0.0130 
      H181.2  1 0.1151 0.0108 0.0799 0.0111 0.0161 0.0216 0.1454 0.0117 0.0166 0.0167 0.0074 0.0364 0.1498 0.3193 0.0310 0.0111 
      H181.3  1 0.0648 0.0118 0.0204 0.0048 0.0063 0.0127 0.1466 0.0074 0.0086 0.0122 0.0087 0.0171 0.4189 0.2207 0.0208 0.0181 
      H181.4  1 0.0952 0.0263 0.1093 0.0145 0.0717 0.0044 0.1400 0.0120 0.2667 0.0184 0.0142 0.0534 0.1012 0.0241 0.0350 0.0136 
      H181.5  1 0.0441 0.0257 0.0581 0.0219 0.0104 0.0072 0.0404 0.0160 0.0220 0.0371 0.0102 0.0131 0.3747 0.2991 0.0084 0.0118 
      H181.6  1 0.0761 0.0318 0.2140 0.0111 0.0471 0.0097 0.0340 0.0603 0.0162 0.0288 0.0111 0.0169 0.0325 0.3712 0.0173 0.0219 
      H181.7  1 0.0096 0.1495 0.0809 0.0089 0.0259 0.0126 0.0999 0.0175 0.0379 0.0140 0.0276 0.0271 0.1968 0.2590 0.0192 0.0136 
 H194.1_2004  1 0.0126 0.0096 0.0060 0.0086 0.0293 0.0081 0.0220 0.0061 0.0126 0.0096 0.0131 0.8106 0.0055 0.0071 0.0275 0.0115 
 H194.2_2004  1 0.0164 0.0039 0.0038 0.0107 0.0072 0.0096 0.0072 0.0042 0.0069 0.0751 0.0052 0.8211 0.0042 0.0043 0.0143 0.0061 
 H194.3_2004  1 0.0100 0.0087 0.0119 0.0162 0.0081 0.0080 0.0644 0.0084 0.0077 0.0115 0.0076 0.8034 0.0034 0.0104 0.0106 0.0098 
 H194.4_2004  1 0.0097 0.0052 0.0075 0.0082 0.0069 0.0102 0.0346 0.0059 0.0044 0.0602 0.0081 0.7982 0.0059 0.0045 0.0224 0.0082 
 H194.5_2004  1 0.0107 0.0112 0.0219 0.0136 0.0080 0.0048 0.0291 0.0139 0.0089 0.0104 0.0120 0.8177 0.0076 0.0079 0.0094 0.0129 
 H194.6_2004  1 0.0171 0.0181 0.0751 0.0213 0.0112 0.0079 0.2143 0.0094 0.0094 0.2196 0.0148 0.3243 0.0070 0.0121 0.0254 0.0131 
 H194.7_2004  1 0.0088 0.0060 0.0069 0.0137 0.0102 0.0059 0.0076 0.0079 0.0132 0.0120 0.0472 0.7678 0.0087 0.0054 0.0728 0.0059 
 H194.8_2004  1 0.0198 0.0099 0.0246 0.0205 0.0114 0.0099 0.0464 0.0088 0.0098 0.1153 0.0166 0.6673 0.0079 0.0084 0.0143 0.0090 
      H194.9  1 0.0069 0.0062 0.0062 0.0127 0.0176 0.0064 0.0101 0.0112 0.0084 0.0136 0.0341 0.8273 0.0080 0.0054 0.0184 0.0075 
 H195.1_2003  1 0.0091 0.0173 0.0113 0.0087 0.0054 0.0046 0.0100 0.0363 0.0055 0.0122 0.0054 0.8463 0.0069 0.0067 0.0075 0.0071 
 H195.1_2004  1 0.0122 0.0060 0.0057 0.0082 0.0048 0.0129 0.0134 0.0078 0.0083 0.0045 0.0039 0.8682 0.0218 0.0093 0.0060 0.0071 
 H195.2_2003  1 0.0118 0.0081 0.0145 0.0039 0.0093 0.0063 0.0058 0.0175 0.0038 0.0087 0.0095 0.8646 0.0049 0.0067 0.0152 0.0094 
 H195.2_2004  1 0.0066 0.0044 0.0049 0.0038 0.0049 0.0083 0.0059 0.0078 0.0046 0.0047 0.0069 0.9142 0.0075 0.0046 0.0067 0.0042 
 H195.3_2003  1 0.0103 0.0111 0.0091 0.0074 0.0330 0.0076 0.0043 0.0392 0.0050 0.0141 0.0100 0.7970 0.0069 0.0085 0.0247 0.0118 
 H195.3_2004  1 0.0078 0.0038 0.0050 0.0064 0.0039 0.0051 0.0151 0.0051 0.0055 0.0041 0.0040 0.9054 0.0078 0.0061 0.0095 0.0055 
 H195.4_2003  1 0.0094 0.0064 0.0063 0.0060 0.0037 0.0028 0.0076 0.0118 0.0045 0.0047 0.0045 0.9070 0.0047 0.0050 0.0095 0.0060 
 H195.4_2004  1 0.0044 0.0041 0.0036 0.0042 0.0035 0.0048 0.0046 0.0049 0.0043 0.0070 0.0066 0.9056 0.0196 0.0076 0.0090 0.0062 
 H195.5_2003  1 0.0147 0.0146 0.0098 0.0097 0.0071 0.0046 0.0079 0.1130 0.0077 0.0102 0.0050 0.7545 0.0136 0.0087 0.0092 0.0094 
 H195.5_2004  1 0.0067 0.0050 0.0068 0.0084 0.0050 0.0080 0.0090 0.0073 0.0061 0.0043 0.0066 0.8882 0.0138 0.0080 0.0103 0.0065 
 H195.6_2003  1 0.0112 0.0061 0.0060 0.0051 0.0140 0.0054 0.0047 0.0356 0.0054 0.0061 0.0056 0.8464 0.0087 0.0066 0.0269 0.0062 
 H195.6_2004  1 0.0036 0.0050 0.0061 0.0057 0.0034 0.0062 0.0051 0.0058 0.0040 0.0043 0.0051 0.9199 0.0058 0.0053 0.0109 0.0037 
 H195.7_2003  1 0.0089 0.0074 0.0079 0.0059 0.0045 0.0034 0.0060 0.0113 0.0060 0.0154 0.0057 0.8895 0.0065 0.0092 0.0073 0.0052 
 H195.7_2004  1 0.0071 0.0066 0.0047 0.0076 0.0096 0.0256 0.0062 0.0081 0.0068 0.0039 0.0035 0.8711 0.0197 0.0084 0.0045 0.0067 
      H195.8  1 0.0093 0.0058 0.0043 0.0056 0.0055 0.0058 0.0045 0.0055 0.0072 0.0048 0.0074 0.8795 0.0315 0.0073 0.0097 0.0065 
      H195.9  1 0.0064 0.0059 0.0071 0.0050 0.0043 0.0051 0.0095 0.0064 0.0045 0.0065 0.0078 0.8959 0.0064 0.0071 0.0158 0.0063 
      H415.1  1 0.0258 0.0127 0.0400 0.0626 0.2570 0.0767 0.1753 0.0323 0.0135 0.0357 0.0603 0.1291 0.0081 0.0483 0.0076 0.0149 
      H415.2  1 0.0196 0.0093 0.2019 0.0232 0.1559 0.0299 0.1667 0.0127 0.0209 0.0122 0.0062 0.0230 0.0047 0.0440 0.0076 0.2621 
      H415.3  1 0.0756 0.0315 0.3619 0.0599 0.0249 0.0100 0.1206 0.0454 0.0287 0.0253 0.0136 0.0310 0.0043 0.1517 0.0044 0.0110 
      H415.4  1 0.0775 0.0102 0.2250 0.2199 0.2165 0.0168 0.0270 0.0329 0.0130 0.0210 0.0471 0.0541 0.0080 0.0123 0.0065 0.0121 
      H415.5  1 0.0894 0.0131 0.4314 0.0668 0.0327 0.0135 0.1312 0.0253 0.0231 0.0338 0.0098 0.0546 0.0059 0.0555 0.0047 0.0091 
      H415.6  1 0.0881 0.0091 0.2475 0.1874 0.2386 0.0198 0.0257 0.0279 0.0155 0.0209 0.0356 0.0494 0.0076 0.0101 0.0062 0.0106 
      H415.7  1 0.0396 0.0178 0.5293 0.0214 0.0201 0.0208 0.0921 0.0105 0.0125 0.0128 0.0120 0.0574 0.0037 0.0954 0.0064 0.0484 
      H506.1  1 0.0054 0.0170 0.4629 0.0063 0.0032 0.0124 0.0157 0.0174 0.0115 0.0066 0.0070 0.0051 0.0126 0.4061 0.0038 0.0070 
      H506.2  1 0.0076 0.0080 0.4778 0.0065 0.0032 0.0071 0.0167 0.0073 0.0055 0.0052 0.0061 0.0122 0.0064 0.4166 0.0057 0.0082 
      H506.3  1 0.0066 0.0155 0.1754 0.0095 0.0055 0.0649 0.0146 0.0162 0.0122 0.0223 0.0108 0.0063 0.0182 0.6095 0.0049 0.0076 
      H506.4  1 0.0063 0.0212 0.3499 0.0071 0.0083 0.0277 0.0157 0.0256 0.0203 0.0121 0.0088 0.0056 0.0129 0.4622 0.0092 0.0069 
      H506.5  1 0.0052 0.0067 0.4806 0.0043 0.0038 0.0101 0.0189 0.0087 0.0046 0.0066 0.0071 0.0052 0.0098 0.4129 0.0074 0.0081 
      H506.6  1 0.0062 0.0153 0.0677 0.0060 0.0064 0.0395 0.0085 0.0098 0.0235 0.0239 0.0081 0.0125 0.0165 0.6680 0.0133 0.0750 
      H506.7  1 0.0063 0.0057 0.4622 0.0065 0.0032 0.0118 0.0172 0.0108 0.0044 0.0055 0.0056 0.0072 0.0103 0.4320 0.0050 0.0064 
      H533.1  1 0.0069 0.2754 0.2041 0.0062 0.0048 0.0133 0.0742 0.0170 0.0101 0.0051 0.0063 0.0048 0.0170 0.3399 0.0041 0.0109 
      H533.2  1 0.0054 0.1399 0.2513 0.0063 0.0047 0.0294 0.1300 0.0143 0.0103 0.0057 0.0062 0.0059 0.0183 0.3580 0.0043 0.0100 
      H533.3  1 0.0059 0.2225 0.1668 0.0054 0.0056 0.0071 0.0824 0.0076 0.0517 0.0074 0.0101 0.0049 0.0117 0.3726 0.0070 0.0313 
      H533.4  1 0.0077 0.1929 0.1270 0.0072 0.0077 0.0228 0.1668 0.0106 0.0150 0.0078 0.0078 0.0194 0.0319 0.3198 0.0098 0.0459 
      H535.1  1 0.0089 0.0090 0.8770 0.0066 0.0122 0.0044 0.0092 0.0053 0.0079 0.0142 0.0064 0.0082 0.0036 0.0059 0.0125 0.0087 
      H535.2  1 0.0111 0.0096 0.8016 0.0059 0.0046 0.0031 0.0083 0.0149 0.0118 0.0173 0.0198 0.0264 0.0426 0.0086 0.0085 0.0058 
      H535.3  1 0.0080 0.0064 0.7853 0.0046 0.0054 0.0041 0.0060 0.0329 0.0106 0.0113 0.0166 0.0200 0.0632 0.0059 0.0088 0.0107 
      H535.4  1 0.0081 0.0047 0.8777 0.0054 0.0054 0.0036 0.0104 0.0180 0.0085 0.0039 0.0046 0.0196 0.0147 0.0060 0.0050 0.0043 
      H535.5  1 0.0038 0.0090 0.9061 0.0043 0.0052 0.0031 0.0107 0.0067 0.0056 0.0094 0.0045 0.0090 0.0046 0.0047 0.0087 0.0046 
      H535.6  1 0.0115 0.0176 0.7491 0.0121 0.0099 0.0044 0.0055 0.0054 0.0068 0.0800 0.0117 0.0347 0.0128 0.0062 0.0214 0.0110 
      H535.7  1 0.0032 0.0075 0.9140 0.0036 0.0051 0.0053 0.0056 0.0074 0.0059 0.0073 0.0063 0.0045 0.0048 0.0059 0.0074 0.0063 
      H535.8  1 0.0033 0.0086 0.8709 0.0048 0.0060 0.0044 0.0045 0.0088 0.0045 0.0302 0.0072 0.0149 0.0148 0.0052 0.0058 0.0060 
      H535.9  1 0.0099 0.0070 0.8657 0.0058 0.0139 0.0064 0.0071 0.0159 0.0054 0.0053 0.0066 0.0104 0.0071 0.0073 0.0102 0.0160 
      H539.1  1 0.0046 0.0036 0.0042 0.0041 0.9171 0.0097 0.0040 0.0038 0.0052 0.0037 0.0056 0.0045 0.0029 0.0035 0.0087 0.0147 
      H539.2  1 0.0108 0.0208 0.0179 0.0052 0.7954 0.0139 0.0084 0.0084 0.0129 0.0143 0.0119 0.0087 0.0261 0.0242 0.0128 0.0086 
      H539.3  1 0.0060 0.0058 0.0077 0.0085 0.8391 0.0129 0.0060 0.0069 0.0057 0.0146 0.0129 0.0162 0.0071 0.0065 0.0350 0.0088 
      H539.4  1 0.0047 0.0092 0.0055 0.0044 0.8935 0.0182 0.0053 0.0073 0.0085 0.0059 0.0059 0.0042 0.0046 0.0073 0.0070 0.0086 
      H539.5  1 0.0056 0.0044 0.0064 0.0045 0.9232 0.0060 0.0040 0.0030 0.0044 0.0034 0.0072 0.0045 0.0034 0.0039 0.0081 0.0080 
      H539.6  1 0.0060 0.0052 0.0052 0.0057 0.9162 0.0053 0.0037 0.0042 0.0048 0.0046 0.0100 0.0056 0.0043 0.0042 0.0075 0.0075 
      H539.7  1 0.0041 0.0042 0.0036 0.0053 0.9300 0.0046 0.0044 0.0035 0.0050 0.0057 0.0042 0.0055 0.0036 0.0049 0.0047 0.0067 
      H539.8  1 0.0050 0.0063 0.0105 0.0123 0.8449 0.0161 0.0068 0.0147 0.0095 0.0220 0.0054 0.0130 0.0099 0.0073 0.0086 0.0076 
      H539.9  1 0.0036 0.0059 0.0043 0.0036 0.9125 0.0097 0.0041 0.0056 0.0071 0.0047 0.0103 0.0033 0.0041 0.0049 0.0075 0.0089 
      H540.1  1 0.0097 0.0159 0.0112 0.0066 0.8261 0.0124 0.0136 0.0048 0.0236 0.0088 0.0094 0.0114 0.0065 0.0073 0.0144 0.0183 
      H540.2  1 0.0070 0.0065 0.0050 0.0080 0.9058 0.0041 0.0055 0.0035 0.0087 0.0057 0.0052 0.0065 0.0035 0.0047 0.0073 0.0132 
      H540.3  1 0.0431 0.0145 0.0221 0.0473 0.2877 0.3004 0.0231 0.0078 0.0422 0.0291 0.0056 0.0218 0.0135 0.0216 0.0069 0.1133 
      H540.4  1 0.0092 0.0098 0.0082 0.0092 0.8897 0.0041 0.0054 0.0046 0.0090 0.0080 0.0043 0.0076 0.0065 0.0096 0.0064 0.0083 
      H540.5  1 0.0110 0.0102 0.0079 0.0086 0.8498 0.0168 0.0150 0.0048 0.0127 0.0109 0.0089 0.0059 0.0071 0.0084 0.0090 0.0131 
      H540.6  1 0.0184 0.0198 0.0105 0.0092 0.7663 0.0106 0.0161 0.0049 0.0237 0.0143 0.0127 0.0115 0.0242 0.0127 0.0213 0.0237 
      H540.7  1 0.0110 0.0067 0.0066 0.0080 0.8797 0.0043 0.0120 0.0053 0.0096 0.0053 0.0095 0.0066 0.0063 0.0091 0.0058 0.0143 
      H540.8  1 0.0112 0.0120 0.0071 0.0077 0.8606 0.0068 0.0239 0.0043 0.0126 0.0052 0.0052 0.0104 0.0032 0.0064 0.0077 0.0158 
     H9558.1  1 0.0055 0.0109 0.0067 0.0069 0.8805 0.0113 0.0042 0.0084 0.0037 0.0058 0.0041 0.0053 0.0048 0.0061 0.0114 0.0243 
     H9558.2  1 0.0060 0.0134 0.0134 0.0088 0.8011 0.0143 0.0042 0.0236 0.0055 0.0101 0.0145 0.0080 0.0073 0.0116 0.0118 0.0464 
     H9558.3  1 0.0056 0.0064 0.0153 0.0080 0.8640 0.0106 0.0048 0.0163 0.0067 0.0063 0.0126 0.0057 0.0075 0.0054 0.0148 0.0102 
     H9558.4  1 0.0051 0.0134 0.0086 0.0037 0.8870 0.0088 0.0041 0.0082 0.0047 0.0055 0.0054 0.0056 0.0045 0.0081 0.0065 0.0208 
     H9558.5  1 0.0042 0.0068 0.0092 0.0056 0.8946 0.0190 0.0053 0.0099 0.0088 0.0053 0.0040 0.0030 0.0045 0.0080 0.0040 0.0078 
     H9558.6  1 0.0155 0.0070 0.0122 0.0233 0.6630 0.0122 0.0079 0.0088 0.0417 0.0113 0.0905 0.0076 0.0042 0.0056 0.0124 0.0766 
    kos339.1  1 0.0086 0.0108 0.0312 0.0054 0.0056 0.0061 0.8292 0.0059 0.0100 0.0087 0.0328 0.0057 0.0084 0.0154 0.0056 0.0105 
    kos339.2  1 0.0081 0.0081 0.0165 0.0137 0.0054 0.0086 0.8396 0.0080 0.0100 0.0047 0.0390 0.0077 0.0139 0.0083 0.0039 0.0045 
    kos339.3  1 0.0040 0.0051 0.0106 0.0046 0.0059 0.0045 0.9177 0.0049 0.0079 0.0045 0.0058 0.0060 0.0040 0.0060 0.0040 0.0046 
    kos339.4  1 0.0064 0.0057 0.0114 0.0064 0.0054 0.0060 0.9013 0.0052 0.0076 0.0059 0.0059 0.0126 0.0056 0.0066 0.0039 0.0042 
    kos339.5  1 0.0066 0.0055 0.0070 0.0068 0.0045 0.0029 0.9153 0.0051 0.0054 0.0062 0.0067 0.0048 0.0054 0.0079 0.0041 0.0057 
    kos339.6  1 0.0071 0.0050 0.0064 0.0083 0.0041 0.0069 0.9040 0.0053 0.0115 0.0049 0.0065 0.0073 0.0048 0.0086 0.0041 0.0052 
    kos339.7  1 0.0051 0.0078 0.0247 0.0044 0.0041 0.0060 0.8856 0.0038 0.0066 0.0046 0.0180 0.0071 0.0050 0.0084 0.0047 0.0040 
    kos339.8  1 0.0067 0.0070 0.0162 0.0065 0.0043 0.0073 0.8863 0.0066 0.0100 0.0062 0.0071 0.0062 0.0094 0.0120 0.0036 0.0046 
    kos339.9  1 0.0056 0.0070 0.0081 0.0085 0.0135 0.0047 0.9017 0.0057 0.0052 0.0046 0.0082 0.0051 0.0047 0.0051 0.0063 0.0062 
      H008.1  2 0.0085 0.0141 0.0076 0.0150 0.0910 0.0057 0.0114 0.0252 0.0092 0.0080 0.7451 0.0078 0.0112 0.0135 0.0088 0.0179 
      H008.2  2 0.0077 0.0931 0.0145 0.0116 0.2290 0.0607 0.0248 0.3304 0.0217 0.0200 0.0661 0.0111 0.0295 0.0117 0.0365 0.0316 
      H008.3  2 0.0106 0.0989 0.0307 0.0403 0.1576 0.0562 0.0134 0.2213 0.0282 0.0501 0.0638 0.0192 0.0724 0.0440 0.0634 0.0299 
      H008.4  2 0.0096 0.0127 0.0186 0.0329 0.0812 0.0540 0.0192 0.0381 0.0145 0.0286 0.6056 0.0198 0.0142 0.0166 0.0138 0.0207 
      H008.5  2 0.0087 0.0155 0.0142 0.0224 0.0353 0.0151 0.0144 0.0504 0.0140 0.0436 0.6960 0.0096 0.0145 0.0126 0.0233 0.0104 
      H008.6  2 0.0084 0.0373 0.0200 0.0239 0.0987 0.0897 0.0220 0.3222 0.0216 0.0256 0.1781 0.0197 0.0063 0.0141 0.0296 0.0827 
      H008.7  2 0.0198 0.0228 0.0336 0.0243 0.0706 0.1034 0.0252 0.1543 0.0095 0.0358 0.3271 0.0173 0.0714 0.0187 0.0124 0.0538 
      H008.8  2 0.0080 0.1253 0.0290 0.0165 0.4993 0.0097 0.0105 0.0165 0.0063 0.0089 0.1508 0.0146 0.0211 0.0151 0.0148 0.0536 
      H008.9  2 0.0111 0.0454 0.0219 0.0266 0.0651 0.1631 0.0095 0.2588 0.0197 0.0190 0.0192 0.0380 0.0150 0.0151 0.0322 0.2402 
 H029.1_2002  2 0.0141 0.0099 0.0176 0.0141 0.0328 0.0227 0.0092 0.0075 0.0086 0.0632 0.7088 0.0086 0.0129 0.0165 0.0071 0.0464 
 H029.1_2003  2 0.0062 0.0162 0.0379 0.0176 0.0102 0.0126 0.0065 0.0091 0.0145 0.6806 0.1113 0.0107 0.0072 0.0224 0.0079 0.0293 
 H029.2_2002  2 0.0107 0.0076 0.0616 0.0099 0.0107 0.0330 0.0688 0.0116 0.0070 0.0709 0.6016 0.0340 0.0313 0.0249 0.0090 0.0074 
 H029.2_2003  2 0.0084 0.0139 0.0451 0.0074 0.0103 0.0283 0.0894 0.0155 0.0222 0.5134 0.1614 0.0184 0.0090 0.0303 0.0169 0.0101 
 H029.3_2002  2 0.0113 0.0224 0.0943 0.0099 0.0076 0.1724 0.0511 0.0118 0.0240 0.0681 0.2919 0.0460 0.0642 0.0949 0.0217 0.0083 
 H029.3_2003  2 0.0058 0.0109 0.0085 0.0185 0.0071 0.0071 0.0145 0.0361 0.0158 0.3577 0.4701 0.0075 0.0075 0.0213 0.0062 0.0055 
 H029.4_2002  2 0.0071 0.0063 0.0045 0.0128 0.0045 0.0185 0.0067 0.0116 0.0082 0.0268 0.8234 0.0121 0.0178 0.0300 0.0049 0.0049 
 H029.4_2003  2 0.0066 0.0183 0.0102 0.0124 0.0273 0.0220 0.0091 0.0149 0.0145 0.5470 0.1283 0.0094 0.0118 0.1459 0.0099 0.0126 
 H029.5_2002  2 0.0112 0.0067 0.0069 0.0237 0.0068 0.0072 0.0066 0.0137 0.0080 0.0500 0.8155 0.0084 0.0125 0.0095 0.0042 0.0090 
 H029.5_2003  2 0.0042 0.0256 0.0074 0.0107 0.0071 0.0108 0.0093 0.0293 0.0066 0.4774 0.3592 0.0077 0.0052 0.0214 0.0061 0.0120 
 H029.6_2002  2 0.0075 0.0112 0.0064 0.0140 0.0059 0.0475 0.0068 0.0052 0.0077 0.2132 0.5769 0.0186 0.0294 0.0356 0.0071 0.0070 
 H029.6_2003  2 0.0214 0.0334 0.0222 0.0301 0.0144 0.0113 0.1362 0.0327 0.0215 0.0976 0.4485 0.0256 0.0137 0.0642 0.0088 0.0185 
      H029.7  2 0.0072 0.0048 0.0146 0.0068 0.0079 0.0342 0.0273 0.0072 0.0043 0.0235 0.7412 0.0540 0.0245 0.0208 0.0148 0.0069 
      H030.1  2 0.0873 0.0196 0.0114 0.0115 0.0086 0.0053 0.0196 0.0850 0.4215 0.2192 0.0378 0.0139 0.0124 0.0222 0.0104 0.0142 
      H030.2  2 0.0206 0.0161 0.0441 0.0220 0.0367 0.0873 0.0079 0.0417 0.3633 0.0260 0.0820 0.0118 0.2113 0.0130 0.0061 0.0103 
      H038.1  2 0.0046 0.0054 0.0055 0.0064 0.0059 0.0253 0.0059 0.0048 0.0062 0.0063 0.8858 0.0074 0.0060 0.0074 0.0084 0.0087 
      H038.2  2 0.0145 0.0051 0.0127 0.0091 0.0058 0.0060 0.0078 0.0074 0.0079 0.0066 0.8926 0.0044 0.0070 0.0059 0.0036 0.0036 
      H038.3  2 0.0187 0.0087 0.0165 0.0134 0.0086 0.0334 0.0068 0.0118 0.0197 0.0065 0.8171 0.0065 0.0091 0.0084 0.0054 0.0094 
      H038.4  2 0.0180 0.0084 0.0105 0.0178 0.0054 0.0248 0.0065 0.0103 0.0082 0.0050 0.8512 0.0087 0.0074 0.0091 0.0033 0.0054 
      H038.5  2 0.0092 0.0132 0.0047 0.0067 0.0119 0.0212 0.0121 0.0072 0.0224 0.0092 0.8406 0.0089 0.0110 0.0114 0.0043 0.0060 
      H038.6  2 0.0047 0.0099 0.0088 0.0044 0.0125 0.0097 0.0076 0.0061 0.0111 0.0089 0.8870 0.0046 0.0050 0.0084 0.0051 0.0062 
      H038.7  2 0.0090 0.0065 0.0278 0.0058 0.0098 0.0103 0.0044 0.0089 0.0139 0.0062 0.8714 0.0044 0.0031 0.0099 0.0037 0.0049 
      H038.8  2 0.0163 0.0090 0.0113 0.0138 0.0064 0.0676 0.0071 0.0082 0.0136 0.0045 0.8113 0.0066 0.0106 0.0053 0.0039 0.0044 
      H041.1  2 0.0374 0.0092 0.0051 0.1053 0.0096 0.0285 0.0269 0.1154 0.0109 0.1745 0.2445 0.0359 0.1127 0.0386 0.0261 0.0194 
      H041.2  2 0.0100 0.0061 0.0121 0.3914 0.0059 0.0188 0.0117 0.0811 0.0078 0.3412 0.0597 0.0176 0.0077 0.0095 0.0064 0.0130 
      H041.4  2 0.0137 0.0094 0.0103 0.0492 0.0317 0.0280 0.0162 0.0375 0.0088 0.3799 0.2779 0.0405 0.0178 0.0153 0.0204 0.0435 
      H041.6  2 0.0215 0.0122 0.0184 0.0603 0.0430 0.0170 0.0139 0.0245 0.0112 0.3668 0.2743 0.0272 0.0203 0.0099 0.0295 0.0501 
 H042.1_2002  2 0.0208 0.0196 0.0116 0.0228 0.1013 0.0123 0.0222 0.0070 0.0073 0.6752 0.0128 0.0345 0.0093 0.0066 0.0123 0.0245 
 H042.1_2003  2 0.0253 0.0440 0.0559 0.1060 0.1190 0.0911 0.0241 0.2594 0.0370 0.0536 0.0646 0.0411 0.0128 0.0101 0.0154 0.0407 
 H042.2_2002  2 0.0060 0.0135 0.0154 0.0424 0.0209 0.0535 0.0183 0.0128 0.0070 0.4745 0.1548 0.0153 0.0122 0.1318 0.0150 0.0067 
 H042.2_2003  2 0.0207 0.0108 0.0106 0.4703 0.0668 0.0085 0.0163 0.0190 0.0122 0.1870 0.0900 0.0433 0.0044 0.0086 0.0103 0.0213 
 H042.3_2002  2 0.0200 0.0289 0.0148 0.1277 0.0651 0.0292 0.0328 0.0147 0.0162 0.4634 0.0131 0.0728 0.0070 0.0475 0.0149 0.0317 
 H042.3_2003  2 0.0332 0.0292 0.0100 0.0722 0.1457 0.0298 0.0324 0.0314 0.0149 0.2348 0.0719 0.0460 0.0361 0.1528 0.0151 0.0443 
 H042.4_2002  2 0.0222 0.0074 0.0058 0.0397 0.0159 0.0158 0.0258 0.0084 0.0093 0.7650 0.0214 0.0223 0.0111 0.0081 0.0070 0.0151 
 H042.4_2003  2 0.0693 0.0055 0.0075 0.0142 0.0208 0.0071 0.0179 0.0104 0.0103 0.6691 0.0592 0.0314 0.0294 0.0085 0.0153 0.0241 
      H042.5  2 0.0104 0.0064 0.0049 0.0081 0.0114 0.0034 0.0084 0.0102 0.0033 0.8819 0.0068 0.0160 0.0050 0.0056 0.0115 0.0067 
      H042.6  2 0.0164 0.0104 0.0094 0.0059 0.0296 0.0119 0.0067 0.0058 0.0059 0.8052 0.0178 0.0127 0.0106 0.0107 0.0307 0.0102 
      H042.7  2 0.0317 0.0141 0.0446 0.1993 0.0165 0.0082 0.0100 0.0140 0.0063 0.4658 0.0284 0.1109 0.0078 0.0117 0.0095 0.0211 
      H042.8  2 0.0078 0.0103 0.0082 0.0623 0.0284 0.0221 0.0089 0.0269 0.0058 0.7209 0.0112 0.0239 0.0054 0.0182 0.0220 0.0177 
   H042_2002  2 0.0275 0.0201 0.0326 0.0605 0.3877 0.0318 0.0140 0.0499 0.0118 0.0653 0.0819 0.0221 0.0075 0.0363 0.0973 0.0536 
   H042_2003  2 0.0276 0.0308 0.0268 0.0566 0.3747 0.0357 0.0106 0.0499 0.0111 0.0659 0.0839 0.0264 0.0069 0.0470 0.1093 0.0368 
      H043.1  2 0.0127 0.0281 0.0106 0.0052 0.7197 0.0565 0.0306 0.0218 0.0157 0.0114 0.0250 0.0086 0.0126 0.0200 0.0126 0.0090 
      H043.2  2 0.0057 0.0592 0.0120 0.0174 0.3842 0.1634 0.0105 0.0169 0.0083 0.0075 0.0767 0.0633 0.0068 0.0101 0.1008 0.0572 
      H043.3  2 0.0150 0.0490 0.0574 0.0094 0.1609 0.0281 0.0168 0.0319 0.0126 0.0149 0.5163 0.0088 0.0042 0.0211 0.0249 0.0288 
      H043.4  2 0.0109 0.0121 0.0106 0.0069 0.5745 0.0804 0.0666 0.0220 0.0083 0.0118 0.0778 0.0108 0.0067 0.0108 0.0680 0.0219 
      H043.5  2 0.0091 0.0705 0.0157 0.0280 0.2178 0.2859 0.0138 0.0297 0.0122 0.0091 0.2065 0.0216 0.0057 0.0208 0.0101 0.0435 
      H043.6  2 0.0083 0.0326 0.0130 0.0144 0.1777 0.2154 0.0435 0.0054 0.0134 0.0095 0.3814 0.0094 0.0046 0.0131 0.0116 0.0467 
      H043.7  2 0.0210 0.0151 0.0130 0.0124 0.2545 0.1190 0.0129 0.0502 0.0277 0.0111 0.0863 0.0125 0.0046 0.0275 0.1561 0.1758 
      H043.8  2 0.0169 0.2435 0.0231 0.0235 0.1419 0.0306 0.0358 0.0291 0.0988 0.0073 0.0749 0.0402 0.0213 0.1181 0.0294 0.0654 
      H043.9  2 0.0145 0.0488 0.0210 0.0049 0.5353 0.0360 0.0202 0.0282 0.0323 0.0245 0.1046 0.0057 0.0161 0.0629 0.0300 0.0149 
      H047.1  2 0.0065 0.0084 0.0188 0.0067 0.2272 0.0058 0.0103 0.2610 0.0057 0.0055 0.4024 0.0108 0.0053 0.0077 0.0090 0.0087 
      H047.2  2 0.0245 0.0090 0.0161 0.0136 0.0063 0.0053 0.0135 0.7677 0.0077 0.0093 0.0677 0.0123 0.0156 0.0092 0.0066 0.0156 
      H047.3  2 0.0156 0.0085 0.0104 0.0237 0.0117 0.0052 0.0130 0.7501 0.0065 0.0167 0.0612 0.0124 0.0187 0.0214 0.0102 0.0146 
      H047.4  2 0.0289 0.0089 0.0586 0.0356 0.0136 0.0041 0.0137 0.4204 0.0096 0.0360 0.2863 0.0157 0.0082 0.0197 0.0111 0.0297 
      H047.5  2 0.0160 0.0080 0.0190 0.0203 0.0298 0.0039 0.0102 0.6288 0.0088 0.0104 0.1353 0.0077 0.0058 0.0479 0.0330 0.0151 
      H047.6  2 0.0094 0.0051 0.0124 0.0343 0.0055 0.0048 0.0078 0.8175 0.0040 0.0273 0.0253 0.0111 0.0092 0.0090 0.0062 0.0110 
      H047.7  2 0.0098 0.0072 0.0246 0.0142 0.1450 0.0059 0.0096 0.2397 0.0058 0.0142 0.4782 0.0122 0.0083 0.0107 0.0063 0.0084 
      H047.8  2 0.0108 0.0095 0.0234 0.0582 0.0171 0.0038 0.0117 0.7207 0.0051 0.0287 0.0502 0.0128 0.0073 0.0157 0.0113 0.0137 
      H047.9  2 0.0387 0.0113 0.0335 0.0158 0.0784 0.0041 0.0346 0.2850 0.0079 0.0089 0.3511 0.0494 0.0085 0.0174 0.0446 0.0108 
 H071.1_2002  2 0.0057 0.0058 0.0073 0.0078 0.0184 0.0044 0.0182 0.0047 0.0087 0.0066 0.8818 0.0047 0.0037 0.0053 0.0099 0.0071 
 H071.1_2003  2 0.0093 0.0075 0.0166 0.0134 0.0358 0.0122 0.0314 0.0121 0.0701 0.0103 0.6128 0.0115 0.0046 0.0064 0.1151 0.0310 
     H071.10  2 0.0061 0.0100 0.0054 0.0049 0.0048 0.0084 0.0070 0.0036 0.0140 0.0047 0.8973 0.0045 0.0098 0.0091 0.0059 0.0044 
 H071.2_2002  2 0.0063 0.0131 0.0104 0.0083 0.0100 0.0090 0.0062 0.0084 0.0076 0.0045 0.8625 0.0093 0.0035 0.0100 0.0149 0.0161 
 H071.2_2003  2 0.0044 0.0042 0.0049 0.0040 0.0060 0.0033 0.0063 0.0046 0.0048 0.0052 0.9278 0.0043 0.0036 0.0041 0.0072 0.0051 
      H071.3  2 0.0066 0.0114 0.0096 0.0076 0.0062 0.0085 0.0051 0.0300 0.0370 0.0063 0.8359 0.0061 0.0101 0.0093 0.0057 0.0046 
 H071.4_2002  2 0.0111 0.0239 0.0063 0.0061 0.0081 0.0197 0.0170 0.0064 0.0185 0.0061 0.8284 0.0072 0.0113 0.0135 0.0069 0.0094 
 H071.4_2003  2 0.0056 0.0088 0.0056 0.0045 0.0057 0.0032 0.0038 0.0068 0.0092 0.0044 0.9173 0.0066 0.0036 0.0062 0.0047 0.0042 
 H071.5_2002  2 0.0068 0.0061 0.0039 0.0039 0.0076 0.0045 0.0060 0.0038 0.0057 0.0049 0.9216 0.0045 0.0057 0.0056 0.0056 0.0038 
 H071.5_2003  2 0.0116 0.0133 0.0072 0.0058 0.0088 0.0039 0.0060 0.0100 0.0204 0.0040 0.8671 0.0091 0.0037 0.0126 0.0070 0.0096 
 H071.6_2002  2 0.0068 0.0179 0.0075 0.0049 0.0061 0.0064 0.0059 0.0044 0.0082 0.0050 0.8876 0.0070 0.0043 0.0156 0.0059 0.0065 
 H071.6_2003  2 0.0093 0.0068 0.0048 0.0042 0.0055 0.0030 0.0057 0.0044 0.0278 0.0055 0.8897 0.0050 0.0036 0.0092 0.0059 0.0095 
 H071.7_2002  2 0.0040 0.0053 0.0089 0.0043 0.0079 0.0036 0.0041 0.0067 0.0036 0.0048 0.9226 0.0050 0.0030 0.0048 0.0061 0.0054 
 H071.7_2003  2 0.0111 0.0111 0.0052 0.0055 0.0124 0.0046 0.0117 0.0064 0.0338 0.0048 0.8532 0.0083 0.0054 0.0111 0.0076 0.0076 
      H071.8  2 0.0061 0.0108 0.0072 0.0071 0.0072 0.0083 0.0056 0.0096 0.0065 0.0060 0.8830 0.0082 0.0043 0.0070 0.0102 0.0129 
      H071.9  2 0.0150 0.0391 0.0083 0.0158 0.0120 0.0174 0.0099 0.0188 0.0244 0.0163 0.6689 0.0127 0.0134 0.0869 0.0135 0.0278 
 H081.1_2002  2 0.0049 0.0056 0.0060 0.0074 0.0105 0.0049 0.0058 0.0042 0.0057 0.0050 0.8946 0.0084 0.0066 0.0064 0.0166 0.0073 
 H081.1_2003  2 0.0249 0.0168 0.0819 0.0316 0.0975 0.2746 0.0465 0.0136 0.0743 0.1411 0.0569 0.0169 0.0179 0.0353 0.0163 0.0538 
 H081.2_2002  2 0.0092 0.0047 0.0086 0.0060 0.0115 0.0049 0.0051 0.0073 0.0046 0.0052 0.8286 0.0107 0.0044 0.0055 0.0745 0.0093 
 H081.2_2003  2 0.0087 0.0228 0.0051 0.0106 0.0349 0.0079 0.0083 0.0086 0.7179 0.0152 0.0347 0.0156 0.0209 0.0127 0.0529 0.0232 
 H081.3_2002  2 0.0110 0.0054 0.0075 0.0071 0.0058 0.0068 0.0076 0.0134 0.0123 0.0076 0.8437 0.0197 0.0051 0.0067 0.0246 0.0158 
 H081.3_2003  2 0.0181 0.0520 0.0078 0.0145 0.0864 0.0153 0.0438 0.0142 0.5578 0.0177 0.0169 0.0159 0.0134 0.0296 0.0536 0.0431 
 H081.4_2002  2 0.0072 0.0075 0.0064 0.0067 0.0080 0.0040 0.0110 0.0072 0.0099 0.0081 0.8928 0.0070 0.0058 0.0061 0.0059 0.0064 
 H081.4_2003  2 0.0302 0.0266 0.0211 0.0243 0.0851 0.0188 0.0458 0.0088 0.3589 0.1818 0.0204 0.0139 0.0142 0.0283 0.0311 0.0907 
 H081.5_2002  2 0.0052 0.0068 0.0068 0.0067 0.0078 0.0036 0.0091 0.0085 0.0111 0.0090 0.8841 0.0083 0.0043 0.0069 0.0111 0.0107 
 H081.5_2003  2 0.0323 0.0143 0.0535 0.0435 0.0961 0.0324 0.0421 0.0235 0.1720 0.1383 0.0448 0.0187 0.0149 0.0299 0.1058 0.1378 
      H081.6  2 0.0053 0.0062 0.0113 0.0066 0.0151 0.0050 0.0092 0.0045 0.0064 0.0054 0.8839 0.0074 0.0043 0.0100 0.0122 0.0072 
      H081.7  2 0.0112 0.0065 0.0042 0.0083 0.0072 0.0047 0.0073 0.0110 0.0097 0.0066 0.7940 0.0198 0.0073 0.0070 0.0820 0.0131 
      H081.8  2 0.0077 0.0156 0.0082 0.0118 0.0082 0.0162 0.0155 0.0076 0.0528 0.0139 0.7603 0.0234 0.0191 0.0140 0.0118 0.0137 
      H083.1  2 0.0069 0.0123 0.0262 0.0066 0.0080 0.0090 0.0125 0.0105 0.0128 0.0221 0.8007 0.0055 0.0357 0.0190 0.0078 0.0045 
      H083.2  2 0.0169 0.0143 0.0251 0.0056 0.0164 0.0077 0.0083 0.0436 0.0082 0.0129 0.7535 0.0099 0.0270 0.0163 0.0189 0.0156 
      H083.4  2 0.0106 0.0341 0.0157 0.0058 0.0084 0.0132 0.0050 0.0121 0.0057 0.0088 0.7000 0.0122 0.1215 0.0161 0.0206 0.0102 
      H083.5  2 0.0075 0.0130 0.0264 0.0084 0.0093 0.0271 0.0078 0.0143 0.0072 0.0382 0.7274 0.0091 0.0819 0.0068 0.0090 0.0064 
      H083.6  2 0.0091 0.0351 0.0348 0.0123 0.0061 0.0101 0.0097 0.0061 0.0098 0.0143 0.6415 0.0152 0.1604 0.0188 0.0106 0.0060 
      H083.7  2 0.0199 0.0209 0.0102 0.0075 0.0083 0.0108 0.0047 0.0173 0.0060 0.0077 0.5554 0.0152 0.2822 0.0105 0.0142 0.0092 
      H083.8  2 0.0185 0.0099 0.0155 0.0054 0.0148 0.0072 0.0109 0.0961 0.0046 0.0081 0.7204 0.0103 0.0322 0.0187 0.0157 0.0117 
      H083.9  2 0.0080 0.0085 0.0154 0.0096 0.0073 0.0110 0.0075 0.0141 0.0050 0.0239 0.6968 0.0081 0.1631 0.0097 0.0078 0.0043 
      H084.1  2 0.0157 0.0087 0.0058 0.0245 0.0082 0.0789 0.0162 0.0177 0.7126 0.0181 0.0100 0.0061 0.0136 0.0412 0.0105 0.0120 
      H084.2  2 0.0096 0.0090 0.0051 0.0038 0.0078 0.1036 0.0074 0.0060 0.7241 0.0512 0.0079 0.0072 0.0065 0.0380 0.0049 0.0078 
      H084.3  2 0.0627 0.0074 0.0262 0.2292 0.0099 0.2366 0.0211 0.0201 0.2946 0.0249 0.0095 0.0077 0.0150 0.0205 0.0068 0.0077 
      H084.4  2 0.0539 0.0112 0.0427 0.1036 0.0074 0.2347 0.0062 0.0366 0.3563 0.0644 0.0105 0.0171 0.0064 0.0316 0.0046 0.0129 
      H084.5  2 0.0249 0.0075 0.0365 0.1602 0.0069 0.0363 0.0083 0.0352 0.5951 0.0108 0.0061 0.0081 0.0076 0.0376 0.0111 0.0079 
      H084.6  2 0.0290 0.0077 0.0119 0.1528 0.0054 0.0680 0.0130 0.0358 0.5904 0.0074 0.0064 0.0106 0.0382 0.0088 0.0071 0.0075 
      H084.7  2 0.0134 0.0080 0.0053 0.0071 0.0081 0.0119 0.0090 0.0070 0.8029 0.0295 0.0084 0.0145 0.0076 0.0546 0.0050 0.0075 
      H084.8  2 0.0303 0.0060 0.0130 0.1889 0.0065 0.0512 0.0120 0.0463 0.5749 0.0129 0.0053 0.0108 0.0117 0.0142 0.0091 0.0067 
 H085.1_2002  2 0.0062 0.0054 0.0060 0.0054 0.0071 0.0119 0.0125 0.0058 0.0115 0.0160 0.0181 0.0089 0.0130 0.0121 0.8486 0.0115 
 H085.1_2003  2 0.0252 0.0322 0.0069 0.0176 0.0092 0.0146 0.0093 0.0219 0.0150 0.1086 0.4367 0.0223 0.0811 0.0392 0.1516 0.0086 
 H085.2_2002  2 0.0211 0.0121 0.0108 0.0174 0.0086 0.0746 0.0201 0.0089 0.0198 0.0312 0.0227 0.1244 0.1082 0.0344 0.3069 0.1788 
 H085.2_2003  2 0.0125 0.0180 0.0088 0.0115 0.0085 0.0131 0.0156 0.0520 0.0174 0.0668 0.6783 0.0133 0.0320 0.0189 0.0215 0.0118 
 H085.3_2002  2 0.0215 0.0056 0.0047 0.0078 0.0081 0.0056 0.0053 0.0068 0.0054 0.0157 0.0079 0.0147 0.0129 0.0076 0.8560 0.0144 
 H085.3_2003  2 0.0295 0.0138 0.0052 0.0161 0.0139 0.0054 0.0086 0.0163 0.0176 0.0231 0.7457 0.0080 0.0076 0.0092 0.0724 0.0075 
 H085.4_2002  2 0.0119 0.0147 0.0090 0.0193 0.0303 0.0440 0.0274 0.0066 0.0229 0.0340 0.1167 0.0340 0.0237 0.0223 0.4931 0.0901 
 H085.4_2003  2 0.0269 0.0068 0.0099 0.0352 0.0150 0.0057 0.0259 0.0115 0.0221 0.0742 0.7010 0.0104 0.0081 0.0092 0.0108 0.0273 
 H085.5_2002  2 0.0068 0.0046 0.0040 0.0108 0.0095 0.0041 0.0054 0.0058 0.0051 0.0091 0.0067 0.0075 0.0041 0.0054 0.9008 0.0104 
 H085.5_2003  2 0.0102 0.0145 0.0055 0.0070 0.0082 0.0072 0.0107 0.0142 0.0173 0.0258 0.7969 0.0085 0.0304 0.0137 0.0224 0.0076 
