      H105.1  1 0.0116 0.0109 0.0046 0.0052 0.0066 0.0096 0.0104 0.0156 0.0074 0.0172 0.0587 0.0063 0.0045 0.0191 0.0090 0.0074 0.0164 0.0113 0.0062 0.0125 0.6108 0.0081 0.1304 
      H105.2  1 0.0297 0.0334 0.0158 0.0165 0.0277 0.0250 0.0064 0.0120 0.0401 0.0101 0.0372 0.0108 0.0220 0.0093 0.0312 0.0104 0.0126 0.0242 0.0068 0.0275 0.4743 0.0141 0.1030 
      H105.3  1 0.0100 0.0113 0.0082 0.0062 0.0064 0.0071 0.0115 0.0069 0.0062 0.0129 0.0141 0.0056 0.0124 0.0049 0.0089 0.0055 0.0094 0.0160 0.0040 0.0224 0.7907 0.0106 0.0088 
      H105.4  1 0.0145 0.0128 0.0135 0.0191 0.0598 0.0091 0.0117 0.0094 0.0234 0.0179 0.1385 0.0069 0.1041 0.0092 0.0093 0.0097 0.0143 0.0199 0.0112 0.0079 0.3826 0.0222 0.0730 
      H105.5  1 0.1074 0.0267 0.0393 0.0313 0.0134 0.0137 0.0133 0.0103 0.0333 0.0511 0.1238 0.0079 0.0399 0.0324 0.0351 0.0417 0.0890 0.0267 0.0123 0.0528 0.0472 0.0093 0.1420 
      H105.6  1 0.0062 0.0050 0.0130 0.0079 0.0083 0.0066 0.0142 0.0089 0.0061 0.0070 0.0285 0.0040 0.0250 0.0043 0.0108 0.0191 0.0105 0.0130 0.0046 0.0070 0.7778 0.0057 0.0062 
      H105.7  1 0.0084 0.0056 0.0094 0.0039 0.0120 0.0077 0.0062 0.0408 0.0322 0.0138 0.0886 0.0049 0.0057 0.0178 0.0059 0.0084 0.0142 0.0048 0.0114 0.0077 0.6553 0.0122 0.0231 
      H105.8  1 0.0041 0.0125 0.0053 0.0111 0.0091 0.0168 0.0036 0.0277 0.0073 0.0058 0.0265 0.0101 0.0075 0.0050 0.0117 0.0065 0.0086 0.0225 0.0038 0.0133 0.7148 0.0085 0.0580 
      H115.1  1 0.0057 0.0066 0.0143 0.0135 0.0098 0.0137 0.0189 0.0196 0.0108 0.0071 0.0068 0.0064 0.0085 0.0160 0.0077 0.7439 0.0206 0.0194 0.0052 0.0166 0.0101 0.0104 0.0083 
      H115.2  1 0.0088 0.0058 0.0060 0.0077 0.0102 0.0151 0.0128 0.0075 0.0050 0.0051 0.0047 0.0087 0.0067 0.0072 0.0057 0.8305 0.0114 0.0069 0.0044 0.0089 0.0092 0.0066 0.0051 
      H115.3  1 0.0603 0.0169 0.0034 0.0364 0.0206 0.0105 0.0275 0.0066 0.0069 0.0110 0.0073 0.0068 0.0808 0.0240 0.0198 0.5757 0.0380 0.0062 0.0066 0.0052 0.0091 0.0151 0.0053 
      H115.4  1 0.1520 0.0386 0.0050 0.2420 0.0191 0.0219 0.0392 0.0089 0.0069 0.0128 0.0116 0.0064 0.0086 0.0461 0.0070 0.0344 0.1841 0.0398 0.0084 0.0747 0.0100 0.0158 0.0066 
      H115.5  1 0.0248 0.1176 0.0148 0.0439 0.0101 0.0239 0.0673 0.0260 0.0124 0.0264 0.0130 0.0586 0.0378 0.0329 0.0063 0.3669 0.0197 0.0178 0.0169 0.0155 0.0290 0.0108 0.0078 
      H115.6  1 0.1750 0.0277 0.0058 0.0368 0.0165 0.0078 0.0351 0.0169 0.0267 0.0127 0.0075 0.0156 0.0372 0.0221 0.0938 0.3678 0.0397 0.0046 0.0090 0.0112 0.0076 0.0166 0.0064 
      H115.7  1 0.1392 0.0381 0.0108 0.0207 0.0705 0.0093 0.0248 0.0059 0.0407 0.0203 0.0083 0.0034 0.0331 0.0217 0.0139 0.4517 0.0265 0.0097 0.0111 0.0127 0.0096 0.0135 0.0044 
      H115.8  1 0.0380 0.0289 0.0052 0.0466 0.0078 0.0174 0.0294 0.0280 0.0127 0.0079 0.0091 0.0476 0.0184 0.0193 0.0184 0.5965 0.0170 0.0066 0.0058 0.0076 0.0118 0.0131 0.0071 
      H115.9  1 0.0048 0.0034 0.0077 0.0053 0.0067 0.0072 0.0093 0.0261 0.0050 0.0055 0.0130 0.0048 0.0176 0.0138 0.0056 0.8011 0.0170 0.0092 0.0037 0.0146 0.0061 0.0075 0.0053 
      H145.1  1 0.0064 0.0033 0.0053 0.0082 0.0054 0.0039 0.0093 0.0109 0.0041 0.0058 0.0135 0.0311 0.0127 0.0062 0.0194 0.0103 0.0075 0.0059 0.8055 0.0071 0.0043 0.0082 0.0057 
      H145.2  1 0.0083 0.0037 0.0066 0.0141 0.0167 0.0046 0.0176 0.0072 0.0134 0.0058 0.0170 0.0324 0.1246 0.0079 0.0226 0.0070 0.0171 0.0115 0.6305 0.0057 0.0091 0.0056 0.0109 
      H145.3  1 0.0065 0.0119 0.0043 0.0079 0.0061 0.0048 0.0048 0.0328 0.0056 0.0051 0.0110 0.0599 0.0049 0.0044 0.0245 0.0056 0.0109 0.0056 0.7633 0.0043 0.0033 0.0066 0.0060 
      H145.4  1 0.0036 0.0040 0.0053 0.0043 0.0051 0.0035 0.0082 0.0056 0.0038 0.0046 0.0059 0.0073 0.0052 0.0053 0.0069 0.0039 0.0039 0.0042 0.8902 0.0042 0.0054 0.0062 0.0034 
      H145.5  1 0.0085 0.0069 0.0075 0.0061 0.0049 0.0039 0.0070 0.0068 0.0045 0.0041 0.0069 0.1635 0.0059 0.0042 0.0318 0.0034 0.0077 0.0046 0.6888 0.0038 0.0049 0.0083 0.0061 
      H145.6  1 0.0047 0.0088 0.0055 0.0079 0.0200 0.0048 0.0064 0.0047 0.0284 0.0036 0.0067 0.0109 0.0545 0.0057 0.0066 0.0044 0.0088 0.0056 0.7802 0.0037 0.0055 0.0035 0.0091 
      H145.7  1 0.0050 0.0100 0.0035 0.0070 0.0065 0.0037 0.0061 0.0086 0.0044 0.0035 0.0067 0.0048 0.0073 0.0065 0.0079 0.0033 0.0052 0.0051 0.8789 0.0028 0.0032 0.0046 0.0053 
      H149.1  1 0.0039 0.0033 0.0046 0.0029 0.0034 0.0033 0.9221 0.0038 0.0031 0.0030 0.0036 0.0043 0.0033 0.0036 0.0055 0.0031 0.0031 0.0032 0.0043 0.0030 0.0032 0.0035 0.0028 
      H149.2  1 0.0192 0.0038 0.0050 0.0032 0.0039 0.0037 0.8426 0.0041 0.0082 0.0084 0.0072 0.0030 0.0063 0.0129 0.0064 0.0039 0.0035 0.0059 0.0279 0.0054 0.0048 0.0054 0.0052 
      H149.3  1 0.0496 0.0087 0.0121 0.0057 0.0092 0.0072 0.6611 0.0084 0.0161 0.0162 0.0087 0.0047 0.0122 0.0307 0.0089 0.0079 0.0053 0.0147 0.0624 0.0054 0.0131 0.0261 0.0056 
      H149.4  1 0.0046 0.0036 0.0047 0.0084 0.0164 0.0042 0.8405 0.0046 0.0090 0.0045 0.0049 0.0079 0.0097 0.0078 0.0051 0.0040 0.0039 0.0103 0.0046 0.0025 0.0112 0.0090 0.0184 
      H149.5  1 0.0226 0.0077 0.0070 0.0059 0.0369 0.0053 0.5281 0.0097 0.0308 0.0164 0.0131 0.0036 0.0072 0.0837 0.0050 0.0035 0.0041 0.0263 0.1006 0.0059 0.0164 0.0239 0.0366 
      H149.6  1 0.0161 0.0041 0.0055 0.0035 0.0060 0.0047 0.8196 0.0032 0.0210 0.0075 0.0058 0.0038 0.0061 0.0218 0.0051 0.0033 0.0031 0.0044 0.0278 0.0045 0.0068 0.0077 0.0083 
      H149.7  1 0.0148 0.0063 0.0357 0.0100 0.0731 0.0086 0.5180 0.0156 0.0706 0.0119 0.0091 0.0059 0.0140 0.0212 0.0114 0.0049 0.0067 0.0230 0.0353 0.0098 0.0201 0.0402 0.0339 
      H150.1  1 0.0141 0.0085 0.0065 0.0146 0.0089 0.0046 0.0033 0.0066 0.0067 0.0046 0.0049 0.0084 0.0137 0.0054 0.0053 0.8429 0.0075 0.0032 0.0051 0.0040 0.0085 0.0042 0.0086 
      H150.2  1 0.0367 0.0103 0.0053 0.0489 0.0126 0.0096 0.0156 0.0048 0.0163 0.0117 0.0033 0.0124 0.0084 0.0146 0.0080 0.7241 0.0173 0.0058 0.0040 0.0095 0.0098 0.0066 0.0043 
      H150.3  1 0.0137 0.0122 0.0089 0.0087 0.0069 0.0055 0.0049 0.0076 0.0183 0.0072 0.0068 0.0097 0.0068 0.0064 0.0095 0.8160 0.0073 0.0038 0.0101 0.0072 0.0091 0.0063 0.0071 
      H150.4  1 0.0103 0.0095 0.0068 0.0064 0.0035 0.0038 0.0033 0.0085 0.0078 0.0060 0.0078 0.0105 0.0065 0.0062 0.0050 0.8580 0.0077 0.0029 0.0065 0.0069 0.0047 0.0058 0.0057 
      H150.5  1 0.0563 0.0148 0.0050 0.0269 0.0437 0.0115 0.0154 0.0062 0.0093 0.0165 0.0078 0.0047 0.0113 0.0128 0.0125 0.6476 0.0185 0.0064 0.0114 0.0061 0.0288 0.0207 0.0059 
      H150.6  1 0.2216 0.0665 0.0060 0.0683 0.1355 0.0129 0.0096 0.0036 0.0126 0.0101 0.0038 0.0103 0.0112 0.0247 0.0178 0.2199 0.0470 0.0060 0.0069 0.0061 0.0783 0.0138 0.0074 
      H150.7  1 0.0078 0.0044 0.0043 0.0109 0.0040 0.0038 0.0037 0.0054 0.0049 0.0054 0.0051 0.0065 0.0163 0.0038 0.0065 0.8698 0.0086 0.0028 0.0050 0.0043 0.0071 0.0035 0.0060 
   H169607.1  1 0.0112 0.0266 0.0077 0.0474 0.0290 0.0313 0.0066 0.0151 0.0251 0.1153 0.0147 0.0184 0.0243 0.0210 0.0495 0.0670 0.0182 0.0247 0.1176 0.1367 0.0091 0.1269 0.0567 
   H169607.2  1 0.0086 0.0088 0.0059 0.0301 0.0919 0.0216 0.0085 0.0544 0.0191 0.0732 0.1860 0.0041 0.0232 0.0116 0.0775 0.0908 0.0540 0.0379 0.1024 0.0272 0.0096 0.0234 0.0301 
   H169607.3  1 0.0093 0.0182 0.0065 0.0211 0.0178 0.0217 0.0067 0.0346 0.0479 0.0518 0.0652 0.0095 0.0240 0.0734 0.0335 0.0203 0.0126 0.0399 0.2160 0.0137 0.0065 0.1013 0.1484 
   H169607.4  1 0.0066 0.0059 0.0077 0.0098 0.0138 0.0168 0.0043 0.0069 0.0115 0.0851 0.0992 0.0060 0.0267 0.0076 0.3092 0.0150 0.0221 0.0095 0.2222 0.0135 0.0088 0.0280 0.0639 
   H169607.5  1 0.0073 0.0074 0.0040 0.0330 0.2852 0.0101 0.0087 0.0281 0.0126 0.1145 0.1330 0.0084 0.0254 0.0383 0.0145 0.1038 0.0274 0.0245 0.0752 0.0114 0.0055 0.0104 0.0112 
   H169607.6  1 0.0079 0.0084 0.0054 0.0290 0.0350 0.0235 0.0084 0.0245 0.0121 0.0561 0.3908 0.0038 0.0120 0.0128 0.0493 0.0404 0.0168 0.0533 0.0992 0.0274 0.0068 0.0150 0.0621 
   H169607.7  1 0.0091 0.0146 0.0037 0.3020 0.0569 0.0393 0.0076 0.0706 0.0114 0.0780 0.0753 0.0058 0.0118 0.0111 0.0362 0.0317 0.0321 0.0444 0.0414 0.0309 0.0176 0.0187 0.0495 
   H169607.8  1 0.0051 0.0089 0.0078 0.0085 0.0108 0.0251 0.0056 0.0140 0.0110 0.0949 0.3892 0.0045 0.0195 0.0093 0.1571 0.0111 0.0239 0.0115 0.0514 0.0185 0.0050 0.0349 0.0724 
   H169633.1  1 0.0155 0.0202 0.0138 0.0044 0.0045 0.0677 0.6909 0.0060 0.0093 0.0056 0.0060 0.0211 0.0150 0.0077 0.0066 0.0134 0.0120 0.0085 0.0284 0.0111 0.0184 0.0072 0.0068 
   H169633.2  1 0.0198 0.0137 0.0105 0.0104 0.0121 0.0401 0.6754 0.0144 0.0528 0.0035 0.0042 0.0073 0.0050 0.0038 0.0066 0.0049 0.0136 0.0122 0.0156 0.0459 0.0135 0.0072 0.0077 
   H169633.3  1 0.0302 0.0098 0.0212 0.0058 0.0075 0.0148 0.7645 0.0158 0.0074 0.0069 0.0047 0.0064 0.0058 0.0121 0.0057 0.0112 0.0075 0.0112 0.0122 0.0073 0.0201 0.0071 0.0047 
   H169633.4  1 0.0123 0.0114 0.0059 0.0044 0.0075 0.0093 0.7761 0.0059 0.0050 0.0058 0.0073 0.0144 0.0190 0.0197 0.0089 0.0134 0.0055 0.0099 0.0161 0.0065 0.0234 0.0054 0.0068 
   H169633.5  1 0.0158 0.0123 0.0086 0.0042 0.0074 0.0076 0.7762 0.0077 0.0045 0.0070 0.0090 0.0125 0.0198 0.0164 0.0082 0.0141 0.0054 0.0076 0.0143 0.0062 0.0245 0.0049 0.0057 
   H169688.1  1 0.0049 0.0443 0.0228 0.0063 0.0171 0.5703 0.0140 0.0092 0.0744 0.0102 0.0430 0.0048 0.0049 0.0057 0.0238 0.0121 0.0082 0.0314 0.0596 0.0059 0.0046 0.0177 0.0047 
   H169688.2  1 0.0060 0.0118 0.0127 0.0144 0.0128 0.7933 0.0054 0.0075 0.0372 0.0045 0.0093 0.0050 0.0031 0.0049 0.0055 0.0049 0.0113 0.0069 0.0082 0.0043 0.0087 0.0109 0.0115 
   H169688.3  1 0.0063 0.0089 0.0107 0.0231 0.0224 0.7730 0.0085 0.0050 0.0233 0.0047 0.0061 0.0050 0.0047 0.0061 0.0077 0.0130 0.0121 0.0045 0.0164 0.0085 0.0094 0.0068 0.0136 
   H169688.4  1 0.0047 0.0149 0.0102 0.0417 0.0059 0.6156 0.0070 0.0075 0.0139 0.0053 0.0062 0.0178 0.0106 0.0081 0.0079 0.1522 0.0190 0.0066 0.0107 0.0065 0.0092 0.0120 0.0064 
   H169688.5  1 0.0053 0.0142 0.0089 0.0519 0.0082 0.6042 0.0094 0.0063 0.0132 0.0053 0.0062 0.0163 0.0110 0.0061 0.0073 0.1625 0.0161 0.0059 0.0110 0.0054 0.0089 0.0099 0.0065 
   H169688.6  1 0.0031 0.0127 0.0072 0.0203 0.0380 0.6347 0.0118 0.0050 0.0341 0.0052 0.0115 0.0275 0.0067 0.0057 0.0058 0.0172 0.0051 0.0856 0.0289 0.0038 0.0159 0.0076 0.0068 
   H169688.7  1 0.0190 0.0130 0.0112 0.0682 0.0133 0.6514 0.0099 0.0096 0.0093 0.0045 0.0056 0.0116 0.0066 0.0065 0.0134 0.0137 0.0285 0.0044 0.0498 0.0114 0.0076 0.0096 0.0218 
   H171901.1  1 0.0329 0.0134 0.0139 0.0541 0.0465 0.0264 0.0102 0.0089 0.4525 0.0080 0.0116 0.0753 0.0465 0.0088 0.0101 0.0221 0.0217 0.0070 0.0489 0.0112 0.0085 0.0072 0.0543 
   H171901.2  1 0.0139 0.0045 0.0052 0.0093 0.0070 0.0150 0.7966 0.0067 0.0047 0.0075 0.0144 0.0055 0.0100 0.0049 0.0195 0.0160 0.0104 0.0051 0.0084 0.0053 0.0113 0.0100 0.0088 
   H171901.3  1 0.0112 0.0169 0.0081 0.0300 0.0207 0.0778 0.6344 0.0070 0.0412 0.0056 0.0088 0.0050 0.0240 0.0157 0.0133 0.0136 0.0126 0.0097 0.0130 0.0059 0.0063 0.0087 0.0104 
   H171901.4  1 0.0095 0.0071 0.0045 0.0278 0.0115 0.0157 0.7606 0.0065 0.0109 0.0137 0.0072 0.0072 0.0097 0.0086 0.0138 0.0094 0.0219 0.0065 0.0077 0.0072 0.0145 0.0067 0.0119 
   H171901.5  1 0.0110 0.0041 0.0071 0.0272 0.0169 0.0213 0.6712 0.0067 0.0134 0.0226 0.0077 0.0061 0.0195 0.0096 0.0388 0.0095 0.0294 0.0074 0.0134 0.0092 0.0133 0.0152 0.0193 
   H171901.6  1 0.0158 0.0039 0.0155 0.0215 0.0302 0.0367 0.4936 0.0074 0.0279 0.0368 0.0128 0.0055 0.0328 0.0072 0.0503 0.0223 0.0396 0.0128 0.0488 0.0139 0.0345 0.0164 0.0138 
   H171901.7  1 0.0092 0.0085 0.0135 0.0482 0.0288 0.0847 0.5556 0.0197 0.0205 0.0063 0.0141 0.0053 0.0086 0.0136 0.0157 0.0223 0.0157 0.0232 0.0490 0.0049 0.0119 0.0124 0.0084 
   H171902.1  1 0.0051 0.0071 0.0114 0.0087 0.0078 0.0141 0.0082 0.0117 0.0046 0.0085 0.0060 0.0285 0.0075 0.0033 0.7177 0.0149 0.0221 0.0148 0.0172 0.0238 0.0054 0.0459 0.0057 
  H171902.10  1 0.0056 0.0056 0.0036 0.0062 0.0056 0.0060 0.0098 0.0035 0.0044 0.0061 0.0052 0.0070 0.0047 0.0027 0.8802 0.0077 0.0050 0.0052 0.0044 0.0043 0.0036 0.0082 0.0056 
   H171902.2  1 0.0088 0.0490 0.0152 0.0146 0.0159 0.0378 0.0197 0.0595 0.0323 0.0227 0.0094 0.0398 0.0063 0.0057 0.3775 0.0181 0.0233 0.0256 0.0150 0.0171 0.0205 0.1558 0.0103 
   H171902.3  1 0.0108 0.0102 0.0117 0.0183 0.0172 0.0286 0.0537 0.0082 0.0074 0.0182 0.0086 0.0083 0.0068 0.0048 0.6481 0.0364 0.0116 0.0162 0.0088 0.0147 0.0074 0.0243 0.0196 
   H171902.4  1 0.0080 0.0043 0.0077 0.0027 0.0056 0.0083 0.0556 0.0078 0.0047 0.0034 0.0069 0.0108 0.0046 0.0042 0.8168 0.0082 0.0062 0.0052 0.0068 0.0054 0.0069 0.0067 0.0031 
   H171902.6  1 0.0090 0.0051 0.0054 0.0036 0.0062 0.0052 0.0073 0.0041 0.0034 0.0043 0.0075 0.0067 0.0064 0.0032 0.8781 0.0063 0.0039 0.0070 0.0056 0.0055 0.0028 0.0073 0.0062 
   H171902.7  1 0.0148 0.0030 0.0049 0.0057 0.0086 0.0052 0.0142 0.0037 0.0104 0.0130 0.0098 0.0118 0.0059 0.0045 0.8219 0.0059 0.0073 0.0062 0.0159 0.0068 0.0050 0.0055 0.0100 
   H171902.8  1 0.0105 0.0074 0.0053 0.0092 0.0128 0.0071 0.0146 0.0057 0.0072 0.0091 0.0056 0.0096 0.0067 0.0045 0.8099 0.0127 0.0070 0.0089 0.0075 0.0063 0.0044 0.0150 0.0128 
   H171902.9  1 0.0056 0.0044 0.0100 0.0050 0.0072 0.0063 0.0070 0.0077 0.0074 0.0071 0.0082 0.0154 0.0081 0.0036 0.7563 0.0747 0.0157 0.0057 0.0089 0.0062 0.0084 0.0156 0.0055 
   H171903.1  1 0.0083 0.0053 0.0074 0.0870 0.0303 0.0119 0.0119 0.0142 0.0084 0.0367 0.5389 0.0049 0.0095 0.0092 0.0080 0.0580 0.0703 0.0144 0.0244 0.0177 0.0090 0.0103 0.0041 
   H171903.2  1 0.0055 0.0060 0.0068 0.0733 0.0155 0.0073 0.0079 0.0420 0.0100 0.0250 0.4927 0.0083 0.0172 0.0365 0.0089 0.0290 0.0626 0.0286 0.0101 0.0215 0.0193 0.0257 0.0403 
   H171903.3  1 0.0386 0.0067 0.0223 0.0634 0.0704 0.0197 0.0178 0.0309 0.0254 0.0521 0.1370 0.0190 0.0175 0.0992 0.0421 0.0443 0.0993 0.0534 0.0241 0.0712 0.0139 0.0123 0.0194 
   H171903.4  1 0.0284 0.0152 0.0094 0.0217 0.0353 0.0178 0.0074 0.0059 0.4097 0.0201 0.0307 0.0083 0.0342 0.0125 0.0622 0.0240 0.0109 0.0099 0.1384 0.0074 0.0089 0.0720 0.0098 
   H171903.5  1 0.0153 0.0108 0.0193 0.1035 0.0341 0.0470 0.0333 0.0211 0.0171 0.0327 0.0477 0.0096 0.0100 0.1645 0.0080 0.0459 0.0716 0.0235 0.0145 0.0602 0.0179 0.0169 0.1755 
   H171903.6  1 0.0080 0.0105 0.0140 0.0967 0.1280 0.1523 0.0522 0.0194 0.0176 0.0908 0.0940 0.0043 0.0182 0.0712 0.0158 0.0477 0.0311 0.0205 0.0355 0.0073 0.0067 0.0376 0.0209 
      H177.1  1 0.0108 0.0046 0.0189 0.0154 0.0640 0.0255 0.2164 0.0065 0.1959 0.0177 0.0167 0.0079 0.0157 0.0090 0.1651 0.0298 0.0337 0.0542 0.0181 0.0049 0.0043 0.0565 0.0081 
      H177.2  1 0.0225 0.0218 0.0140 0.0468 0.0402 0.0241 0.1204 0.0414 0.0065 0.1154 0.0217 0.0123 0.0232 0.0295 0.0774 0.0105 0.0626 0.0503 0.0521 0.0094 0.0074 0.1126 0.0780 
      H177.3  1 0.0267 0.0040 0.0193 0.0214 0.0861 0.0181 0.2816 0.0093 0.0073 0.0410 0.0196 0.0180 0.1112 0.0193 0.1001 0.0162 0.0327 0.0371 0.0389 0.0049 0.0048 0.0396 0.0429 
      H177.4  1 0.0094 0.0042 0.0093 0.0079 0.0202 0.0137 0.0923 0.0071 0.0976 0.0191 0.0180 0.0089 0.0094 0.0091 0.0677 0.0057 0.0085 0.3188 0.0368 0.0055 0.0167 0.2056 0.0086 
      H177.5  1 0.0112 0.0089 0.0134 0.0271 0.0464 0.0550 0.0176 0.0142 0.2209 0.0411 0.0199 0.0067 0.0112 0.0255 0.0298 0.0117 0.0214 0.0144 0.0121 0.0042 0.0222 0.3545 0.0105 
      H177.6  1 0.0139 0.0037 0.0228 0.0179 0.0407 0.0191 0.4414 0.0121 0.0102 0.0193 0.0107 0.0154 0.0812 0.0112 0.1221 0.0142 0.0370 0.0303 0.0142 0.0062 0.0060 0.0158 0.0348 
      H179.1  1 0.0075 0.0077 0.0592 0.0145 0.0225 0.1189 0.0143 0.0087 0.0231 0.0249 0.0046 0.0044 0.0337 0.0167 0.0068 0.0102 0.0130 0.3548 0.0062 0.0512 0.0194 0.1166 0.0611 
      H179.2  1 0.0101 0.0047 0.0156 0.0126 0.0094 0.0194 0.0073 0.0081 0.0129 0.0240 0.0060 0.0035 0.0090 0.0096 0.0062 0.0128 0.0146 0.6654 0.0058 0.0354 0.0081 0.0823 0.0170 
      H179.3  1 0.0062 0.0130 0.0180 0.0386 0.0172 0.2530 0.0069 0.0215 0.0531 0.0136 0.0116 0.0053 0.0251 0.0437 0.0067 0.0188 0.0453 0.2933 0.0061 0.0286 0.0096 0.0284 0.0364 
      H179.4  1 0.0079 0.0079 0.0194 0.0345 0.0134 0.0167 0.0138 0.0119 0.0181 0.0197 0.0056 0.0036 0.0096 0.0065 0.0079 0.0053 0.0076 0.7097 0.0150 0.0103 0.0057 0.0333 0.0164 
      H180.1  1 0.0245 0.0365 0.0050 0.3107 0.0062 0.0191 0.0074 0.0051 0.0067 0.0042 0.0057 0.0145 0.0043 0.0075 0.0101 0.0160 0.4556 0.0151 0.0031 0.0152 0.0137 0.0073 0.0066 
      H180.2  1 0.0103 0.0511 0.0096 0.2767 0.0135 0.0445 0.0090 0.0050 0.0144 0.0086 0.0072 0.0152 0.0158 0.0049 0.0052 0.0642 0.3779 0.0132 0.0039 0.0059 0.0323 0.0073 0.0045 
      H180.3  1 0.0057 0.0090 0.0217 0.2011 0.0062 0.0064 0.0054 0.0550 0.0056 0.0076 0.0131 0.0214 0.0069 0.0145 0.0062 0.1901 0.3548 0.0078 0.0062 0.0321 0.0119 0.0056 0.0056 
      H180.4  1 0.0498 0.0367 0.0107 0.2164 0.0113 0.0353 0.0271 0.0130 0.0147 0.0076 0.0076 0.0160 0.0058 0.0118 0.0066 0.0264 0.3324 0.0133 0.0052 0.0053 0.1192 0.0099 0.0178 
      H180.5  1 0.0578 0.0296 0.0056 0.2467 0.0085 0.0435 0.0099 0.0185 0.0130 0.0198 0.0077 0.0294 0.0066 0.0092 0.0065 0.0274 0.3943 0.0141 0.0052 0.0058 0.0192 0.0160 0.0057 
      H180.6  1 0.0581 0.0295 0.0113 0.0893 0.0127 0.0085 0.0173 0.4593 0.0066 0.0104 0.0096 0.0478 0.0121 0.0089 0.0072 0.0230 0.1081 0.0133 0.0148 0.0101 0.0227 0.0075 0.0117 
      H181.1  1 0.0212 0.2178 0.0087 0.0053 0.0101 0.0547 0.2038 0.0058 0.0071 0.0128 0.0673 0.0133 0.0072 0.1155 0.0266 0.0108 0.0145 0.0843 0.0140 0.0092 0.0066 0.0321 0.0510 
      H181.2  1 0.0724 0.1349 0.0100 0.0094 0.0163 0.0339 0.0741 0.0081 0.0136 0.0117 0.0206 0.0164 0.0057 0.0199 0.0670 0.0128 0.0442 0.2206 0.0382 0.0157 0.0138 0.1258 0.0148 
      H181.3  1 0.0307 0.2393 0.0069 0.0071 0.0264 0.0230 0.0968 0.0125 0.0125 0.0206 0.0215 0.0172 0.0099 0.0088 0.0520 0.0060 0.0471 0.1108 0.0160 0.0044 0.0083 0.1878 0.0344 
      H181.4  1 0.0361 0.0680 0.0178 0.0161 0.0323 0.0126 0.1455 0.0155 0.0128 0.0512 0.0288 0.0045 0.0121 0.2294 0.0269 0.0745 0.0282 0.0377 0.0260 0.0080 0.0093 0.0854 0.0213 
      H181.5  1 0.0364 0.1551 0.0449 0.0052 0.0104 0.0159 0.0168 0.0073 0.0172 0.0137 0.0100 0.0120 0.0060 0.0109 0.0127 0.0082 0.0241 0.3053 0.0108 0.0143 0.0099 0.1275 0.1253 
      H181.6  1 0.0431 0.0133 0.0113 0.0120 0.0104 0.0151 0.0212 0.0083 0.0113 0.0142 0.0189 0.0053 0.0093 0.0192 0.0125 0.0284 0.0596 0.4575 0.0092 0.0371 0.0470 0.0801 0.0558 
      H181.7  1 0.0062 0.0296 0.0056 0.0089 0.0229 0.0237 0.0415 0.0137 0.0057 0.0065 0.0111 0.0069 0.0081 0.0204 0.0066 0.0139 0.0292 0.4038 0.0140 0.0080 0.0095 0.0769 0.2272 
 H194.1_2004  1 0.0240 0.0047 0.0107 0.0228 0.0224 0.0082 0.0181 0.0119 0.0096 0.0085 0.0219 0.0055 0.0099 0.0087 0.0082 0.0317 0.0360 0.0085 0.7026 0.0076 0.0071 0.0069 0.0046 
 H194.2_2004  1 0.0202 0.0045 0.0074 0.0065 0.0099 0.0054 0.0102 0.0042 0.1467 0.0070 0.0219 0.0099 0.0077 0.0118 0.0089 0.0085 0.0208 0.0045 0.6611 0.0039 0.0039 0.0105 0.0046 
 H194.3_2004  1 0.0066 0.0039 0.0924 0.0047 0.0180 0.0100 0.0462 0.0068 0.0147 0.0057 0.0083 0.0065 0.0072 0.0073 0.0179 0.0090 0.0093 0.0132 0.6857 0.0056 0.0052 0.0084 0.0075 
 H194.4_2004  1 0.0067 0.0041 0.0083 0.0053 0.0068 0.0071 0.0233 0.0054 0.0851 0.0060 0.0194 0.0121 0.0051 0.0062 0.0179 0.0079 0.0067 0.0072 0.7282 0.0047 0.0040 0.0177 0.0051 
 H194.5_2004  1 0.0095 0.0053 0.0366 0.0085 0.0348 0.0061 0.0406 0.0150 0.0196 0.0138 0.0076 0.0045 0.0104 0.0101 0.0092 0.0115 0.0118 0.0177 0.6902 0.0086 0.0121 0.0064 0.0100 
 H194.6_2004  1 0.0120 0.0059 0.2058 0.0090 0.0306 0.0069 0.1446 0.0154 0.1877 0.0101 0.0164 0.0077 0.0117 0.0110 0.0490 0.0168 0.0074 0.0414 0.1488 0.0090 0.0080 0.0369 0.0080 
 H194.7_2004  1 0.0075 0.0101 0.0099 0.0130 0.0091 0.0053 0.0089 0.0491 0.0180 0.0134 0.0604 0.0053 0.0052 0.0123 0.0046 0.0128 0.0065 0.0076 0.7127 0.0036 0.0080 0.0121 0.0047 
 H194.8_2004  1 0.0145 0.0080 0.0237 0.0096 0.0306 0.0068 0.0577 0.0153 0.2070 0.0102 0.0113 0.0083 0.0102 0.0069 0.0203 0.0128 0.0062 0.0160 0.4783 0.0075 0.0056 0.0259 0.0072 
      H194.9  1 0.0084 0.0085 0.0164 0.0079 0.0110 0.0065 0.0087 0.0437 0.0191 0.0092 0.0186 0.0083 0.0071 0.0100 0.0067 0.0248 0.0069 0.0062 0.7392 0.0056 0.0083 0.0141 0.0048 
 H195.1_2003  1 0.0086 0.0070 0.0065 0.0112 0.0074 0.0075 0.0087 0.0042 0.0172 0.0083 0.0049 0.0037 0.0045 0.0045 0.0105 0.0040 0.0105 0.0062 0.8145 0.0050 0.0315 0.0064 0.0072 
 H195.1_2004  1 0.0274 0.0273 0.0050 0.0056 0.0084 0.0109 0.0136 0.0039 0.0037 0.0037 0.0058 0.0096 0.0111 0.0059 0.0139 0.0053 0.0064 0.0056 0.8033 0.0031 0.0058 0.0100 0.0046 
 H195.2_2003  1 0.0063 0.0049 0.0051 0.0081 0.0060 0.0141 0.0062 0.0091 0.0071 0.0103 0.0176 0.0053 0.0065 0.0032 0.0098 0.0111 0.0199 0.0092 0.8059 0.0070 0.0143 0.0086 0.0045 
 H195.2_2004  1 0.0064 0.0060 0.0041 0.0046 0.0033 0.0039 0.0062 0.0044 0.0037 0.0050 0.0040 0.0065 0.0030 0.0038 0.0047 0.0038 0.0047 0.0043 0.9000 0.0034 0.0061 0.0045 0.0037 
 H195.3_2003  1 0.0048 0.0056 0.0109 0.0142 0.0150 0.0254 0.0048 0.0087 0.0109 0.0225 0.0253 0.0062 0.0083 0.0056 0.0088 0.0328 0.0150 0.0064 0.6838 0.0052 0.0599 0.0145 0.0054 
 H195.3_2004  1 0.0076 0.0075 0.0043 0.0038 0.0040 0.0051 0.0151 0.0032 0.0041 0.0034 0.0093 0.0055 0.0041 0.0040 0.0075 0.0034 0.0042 0.0041 0.8814 0.0038 0.0047 0.0066 0.0033 
 H195.4_2003  1 0.0111 0.0035 0.0051 0.0054 0.0055 0.0049 0.0083 0.0036 0.0053 0.0046 0.0072 0.0025 0.0047 0.0044 0.0059 0.0035 0.0067 0.0055 0.8795 0.0052 0.0073 0.0044 0.0056 
 H195.4_2004  1 0.0044 0.0194 0.0060 0.0042 0.0040 0.0055 0.0042 0.0061 0.0049 0.0039 0.0088 0.0045 0.0039 0.0046 0.0043 0.0036 0.0054 0.0053 0.8806 0.0031 0.0041 0.0060 0.0033 
 H195.5_2003  1 0.0309 0.0191 0.0074 0.0107 0.0142 0.0089 0.0103 0.0059 0.0238 0.0071 0.0128 0.0039 0.0062 0.0067 0.0201 0.0075 0.0150 0.0114 0.6511 0.0066 0.1052 0.0074 0.0078 
 H195.5_2004  1 0.0082 0.0167 0.0050 0.0028 0.0065 0.0081 0.0075 0.0049 0.0039 0.0035 0.0088 0.0074 0.0054 0.0045 0.0077 0.0059 0.0056 0.0083 0.8571 0.0031 0.0098 0.0059 0.0034 
 H195.6_2003  1 0.0047 0.0057 0.0040 0.0076 0.0063 0.0091 0.0045 0.0048 0.0034 0.0087 0.0186 0.0045 0.0068 0.0033 0.0100 0.0107 0.0092 0.0046 0.8391 0.0033 0.0183 0.0097 0.0031 
 H195.6_2004  1 0.0049 0.0042 0.0070 0.0035 0.0045 0.0035 0.0051 0.0037 0.0038 0.0043 0.0081 0.0063 0.0028 0.0032 0.0045 0.0026 0.0043 0.0053 0.8983 0.0040 0.0055 0.0047 0.0058 
 H195.7_2003  1 0.0068 0.0061 0.0045 0.0068 0.0068 0.0083 0.0059 0.0053 0.0112 0.0070 0.0058 0.0029 0.0042 0.0054 0.0054 0.0037 0.0076 0.0066 0.8597 0.0053 0.0080 0.0092 0.0078 
 H195.7_2004  1 0.0092 0.0188 0.0048 0.0049 0.0066 0.0093 0.0042 0.0042 0.0032 0.0039 0.0044 0.0293 0.0059 0.0052 0.0073 0.0080 0.0056 0.0050 0.8391 0.0032 0.0066 0.0068 0.0044 
      H195.8  1 0.0096 0.0465 0.0055 0.0035 0.0084 0.0073 0.0041 0.0059 0.0048 0.0042 0.0069 0.0063 0.0089 0.0055 0.0054 0.0051 0.0053 0.0115 0.8241 0.0030 0.0064 0.0073 0.0045 
      H195.9  1 0.0067 0.0063 0.0062 0.0053 0.0059 0.0060 0.0080 0.0058 0.0037 0.0048 0.0154 0.0042 0.0048 0.0039 0.0081 0.0036 0.0061 0.0056 0.8636 0.0030 0.0052 0.0141 0.0036 
      H415.1  1 0.0127 0.0073 0.0134 0.0187 0.0108 0.0109 0.1277 0.0241 0.0394 0.0060 0.0060 0.0528 0.0091 0.0108 0.0387 0.1483 0.0239 0.0053 0.0360 0.3753 0.0100 0.0053 0.0076 
      H415.2  1 0.0073 0.0033 0.0847 0.0126 0.0294 0.0527 0.0236 0.0066 0.0084 0.0145 0.0064 0.0208 0.0218 0.0140 0.3123 0.0373 0.1146 0.0103 0.0217 0.1036 0.0121 0.0725 0.0096 
      H415.3  1 0.0189 0.0032 0.0063 0.0231 0.0202 0.0109 0.0944 0.0045 0.0123 0.0165 0.0027 0.0082 0.0051 0.0140 0.0170 0.0078 0.0577 0.0114 0.0139 0.6183 0.0062 0.0149 0.0125 
      H415.4  1 0.0457 0.0088 0.0149 0.0066 0.0076 0.0042 0.0235 0.0216 0.0132 0.0068 0.0040 0.0152 0.0070 0.0083 0.0289 0.0708 0.0149 0.0045 0.0166 0.6572 0.0079 0.0061 0.0056 
      H415.5  1 0.0286 0.0041 0.0150 0.0198 0.0158 0.0062 0.1235 0.0042 0.0086 0.0117 0.0035 0.0113 0.0065 0.0104 0.0267 0.0056 0.0827 0.0091 0.0172 0.5573 0.0068 0.0117 0.0136 
      H415.6  1 0.0501 0.0082 0.0180 0.0081 0.0069 0.0041 0.0263 0.0220 0.0157 0.0073 0.0041 0.0168 0.0087 0.0110 0.0329 0.0628 0.0304 0.0049 0.0201 0.6204 0.0098 0.0059 0.0054 
      H415.7  1 0.0094 0.0038 0.0214 0.0174 0.0102 0.0541 0.0623 0.0075 0.0079 0.0472 0.0046 0.0149 0.0141 0.0116 0.1550 0.0117 0.0228 0.0228 0.0385 0.3416 0.0090 0.1036 0.0087 
      H506.1  1 0.0036 0.0062 0.0124 0.0046 0.0049 0.0049 0.0110 0.0050 0.0036 0.0071 0.0028 0.0056 0.0039 0.0045 0.0031 0.0027 0.0041 0.6838 0.0046 0.0086 0.0068 0.1991 0.0070 
      H506.2  1 0.0041 0.0040 0.0085 0.0039 0.0038 0.0058 0.0176 0.0049 0.0038 0.0106 0.0044 0.0067 0.0049 0.0043 0.0050 0.0028 0.0050 0.6484 0.0079 0.0077 0.0059 0.2188 0.0113 
      H506.3  1 0.0049 0.0174 0.0168 0.0082 0.0090 0.0518 0.0102 0.0090 0.0074 0.0126 0.0048 0.0356 0.0052 0.0064 0.0068 0.0045 0.0069 0.4830 0.0069 0.0141 0.0130 0.2595 0.0060 
      H506.4  1 0.0032 0.0061 0.0078 0.0061 0.0075 0.0081 0.0078 0.0044 0.0065 0.0101 0.0050 0.0110 0.0060 0.0058 0.0047 0.0043 0.0041 0.6735 0.0037 0.0117 0.0102 0.1862 0.0062 
      H506.5  1 0.0031 0.0048 0.0043 0.0034 0.0043 0.0086 0.0077 0.0047 0.0043 0.0091 0.0042 0.0067 0.0060 0.0050 0.0054 0.0031 0.0056 0.6717 0.0044 0.0094 0.0074 0.2104 0.0066 
      H506.6  1 0.0056 0.0114 0.0072 0.0122 0.0062 0.1626 0.0062 0.0095 0.0089 0.0177 0.0142 0.0230 0.0392 0.0177 0.0135 0.0037 0.0178 0.3655 0.0109 0.0116 0.0101 0.2073 0.0181 
      H506.7  1 0.0038 0.0041 0.0063 0.0043 0.0046 0.0074 0.0168 0.0052 0.0056 0.0064 0.0037 0.0072 0.0048 0.0035 0.0051 0.0022 0.0060 0.6551 0.0058 0.0097 0.0062 0.2207 0.0056 
      H533.1  1 0.0043 0.0076 0.0060 0.0321 0.0064 0.0057 0.0328 0.0050 0.0033 0.0042 0.0029 0.0098 0.0051 0.0056 0.0039 0.0026 0.0047 0.6947 0.0038 0.0086 0.0049 0.0688 0.0772 
      H533.2  1 0.0055 0.0068 0.0048 0.0140 0.0060 0.0068 0.0596 0.0049 0.0035 0.0038 0.0029 0.0160 0.0066 0.0046 0.0043 0.0034 0.0068 0.6578 0.0049 0.0077 0.0061 0.0983 0.0649 
      H533.3  1 0.0035 0.0046 0.0052 0.0130 0.0198 0.0071 0.0130 0.0066 0.0042 0.0063 0.0070 0.0056 0.0127 0.0350 0.0041 0.0062 0.0091 0.7289 0.0043 0.0079 0.0046 0.0753 0.0160 
      H533.4  1 0.0050 0.0073 0.0052 0.0592 0.0278 0.0112 0.0557 0.0050 0.0052 0.0066 0.0074 0.0155 0.0197 0.0160 0.0076 0.0052 0.0103 0.6668 0.0133 0.0101 0.0049 0.0271 0.0080 
      H535.1  1 0.0063 0.0028 0.0113 0.0053 0.0094 0.0036 0.0080 0.0038 0.0067 0.0070 0.0096 0.0044 0.0087 0.0042 0.0118 0.0120 0.0086 0.8476 0.0057 0.0066 0.0043 0.0072 0.0051 
      H535.2  1 0.0063 0.0064 0.0044 0.0028 0.0053 0.0037 0.0038 0.0066 0.0045 0.0047 0.0067 0.0030 0.0032 0.0055 0.0044 0.0030 0.0046 0.8948 0.0067 0.0034 0.0065 0.0053 0.0044 
      H535.3  1 0.0054 0.0091 0.0041 0.0030 0.0043 0.0037 0.0041 0.0048 0.0052 0.0053 0.0071 0.0031 0.0067 0.0054 0.0037 0.0038 0.0042 0.8900 0.0057 0.0030 0.0089 0.0046 0.0048 
      H535.4  1 0.0065 0.0044 0.0040 0.0044 0.0050 0.0031 0.0096 0.0040 0.0031 0.0037 0.0030 0.0026 0.0035 0.0040 0.0040 0.0036 0.0039 0.9049 0.0053 0.0064 0.0052 0.0031 0.0026 
      H535.5  1 0.0031 0.0035 0.0053 0.0072 0.0071 0.0034 0.0068 0.0031 0.0042 0.0049 0.0041 0.0031 0.0032 0.0033 0.0045 0.0042 0.0036 0.9038 0.0049 0.0066 0.0037 0.0038 0.0027 
      H535.6  1 0.0123 0.0052 0.0194 0.0037 0.0208 0.0039 0.0040 0.0047 0.0195 0.0106 0.0158 0.0033 0.0106 0.0060 0.0126 0.0156 0.0084 0.7782 0.0197 0.0048 0.0042 0.0100 0.0066 
      H535.7  1 0.0028 0.0030 0.0048 0.0037 0.0040 0.0035 0.0051 0.0035 0.0035 0.0042 0.0039 0.0034 0.0036 0.0032 0.0035 0.0032 0.0029 0.9186 0.0036 0.0045 0.0045 0.0039 0.0030 
      H535.8  1 0.0033 0.0046 0.0060 0.0049 0.0064 0.0033 0.0046 0.0042 0.0080 0.0052 0.0041 0.0036 0.0068 0.0044 0.0044 0.0053 0.0038 0.8901 0.0057 0.0054 0.0061 0.0058 0.0041 
      H535.9  1 0.0062 0.0038 0.0060 0.0038 0.0059 0.0035 0.0052 0.0033 0.0040 0.0067 0.0092 0.0052 0.0083 0.0034 0.0067 0.0094 0.0047 0.8794 0.0051 0.0038 0.0068 0.0048 0.0048 
      H539.1  1 0.0034 0.0027 0.0034 0.0038 0.0044 0.0031 0.0029 0.0047 0.0033 0.0039 0.0076 0.0062 0.0117 0.0032 0.0084 0.9009 0.0047 0.0034 0.0044 0.0035 0.0034 0.0037 0.0035 
      H539.2  1 0.0063 0.0198 0.0052 0.0528 0.0310 0.0309 0.0056 0.0125 0.0125 0.0052 0.0129 0.0087 0.0062 0.0147 0.0092 0.6715 0.0388 0.0127 0.0062 0.0095 0.0081 0.0146 0.0054 
      H539.3  1 0.0043 0.0074 0.0092 0.0070 0.0089 0.0077 0.0043 0.0096 0.0127 0.0058 0.0289 0.0079 0.0051 0.0042 0.0080 0.8202 0.0079 0.0102 0.0098 0.0038 0.0053 0.0077 0.0040 
      H539.4  1 0.0041 0.0054 0.0040 0.0100 0.0081 0.0165 0.0037 0.0068 0.0046 0.0059 0.0047 0.0156 0.0096 0.0102 0.0066 0.8378 0.0097 0.0043 0.0039 0.0055 0.0075 0.0069 0.0088 
      H539.5  1 0.0030 0.0028 0.0040 0.0050 0.0034 0.0030 0.0035 0.0048 0.0030 0.0050 0.0058 0.0045 0.0055 0.0032 0.0041 0.9166 0.0033 0.0033 0.0031 0.0039 0.0026 0.0036 0.0031 
      H539.6  1 0.0046 0.0034 0.0037 0.0067 0.0062 0.0028 0.0032 0.0052 0.0051 0.0049 0.0059 0.0051 0.0069 0.0042 0.0041 0.9002 0.0049 0.0040 0.0045 0.0036 0.0033 0.0034 0.0040 
      H539.7  1 0.0032 0.0035 0.0038 0.0037 0.0064 0.0061 0.0029 0.0028 0.0049 0.0041 0.0032 0.0038 0.0055 0.0039 0.0035 0.9143 0.0044 0.0028 0.0036 0.0031 0.0033 0.0039 0.0033 
      H539.8  1 0.0054 0.0090 0.0193 0.0065 0.0094 0.0102 0.0051 0.0045 0.0174 0.0078 0.0081 0.0137 0.0044 0.0076 0.0057 0.7987 0.0101 0.0152 0.0095 0.0052 0.0163 0.0063 0.0045 
      H539.9  1 0.0025 0.0044 0.0039 0.0064 0.0042 0.0084 0.0036 0.0073 0.0045 0.0050 0.0071 0.0079 0.0050 0.0062 0.0048 0.8826 0.0085 0.0038 0.0031 0.0043 0.0054 0.0059 0.0050 
      H540.1  1 0.0055 0.0056 0.0050 0.0119 0.0140 0.0073 0.0068 0.0066 0.0036 0.0209 0.0100 0.0086 0.0103 0.0163 0.0092 0.7957 0.0072 0.0073 0.0090 0.0048 0.0044 0.0194 0.0107 
      H540.2  1 0.0044 0.0026 0.0058 0.0046 0.0059 0.0038 0.0039 0.0043 0.0047 0.0059 0.0060 0.0031 0.0096 0.0073 0.0070 0.8825 0.0090 0.0041 0.0042 0.0043 0.0031 0.0062 0.0078 
      H540.3  1 0.0203 0.0100 0.0660 0.0065 0.0178 0.0491 0.0100 0.0042 0.0209 0.0178 0.0059 0.2088 0.0625 0.0239 0.0373 0.3740 0.0060 0.0053 0.0103 0.0109 0.0060 0.0154 0.0110 
      H540.4  1 0.0099 0.0045 0.0081 0.0050 0.0087 0.0065 0.0049 0.0037 0.0063 0.0105 0.0054 0.0033 0.0067 0.0085 0.0055 0.8531 0.0069 0.0072 0.0055 0.0042 0.0045 0.0123 0.0088 
      H540.5  1 0.0052 0.0078 0.0103 0.0064 0.0061 0.0109 0.0080 0.0055 0.0065 0.0104 0.0066 0.0130 0.0076 0.0077 0.0125 0.8124 0.0093 0.0050 0.0056 0.0055 0.0037 0.0184 0.0156 
      H540.6  1 0.0109 0.0192 0.0084 0.0100 0.0093 0.0087 0.0079 0.0093 0.0066 0.0185 0.0122 0.0094 0.0106 0.0153 0.0148 0.7179 0.0091 0.0076 0.0064 0.0061 0.0045 0.0577 0.0196 
      H540.7  1 0.0067 0.0045 0.0064 0.0070 0.0087 0.0053 0.0114 0.0063 0.0038 0.0109 0.0052 0.0040 0.0092 0.0102 0.0066 0.8435 0.0134 0.0056 0.0056 0.0072 0.0054 0.0070 0.0060 
      H540.8  1 0.0065 0.0028 0.0083 0.0076 0.0234 0.0063 0.0109 0.0044 0.0047 0.0094 0.0062 0.0041 0.0095 0.0107 0.0068 0.8298 0.0134 0.0054 0.0068 0.0046 0.0049 0.0060 0.0076 
     H9558.1  1 0.0035 0.0046 0.0077 0.0096 0.0165 0.0064 0.0029 0.0046 0.0064 0.0043 0.0098 0.0121 0.0195 0.0029 0.0120 0.8262 0.0064 0.0111 0.0044 0.0065 0.0062 0.0061 0.0102 
     H9558.2  1 0.0033 0.0067 0.0084 0.0064 0.0093 0.0103 0.0036 0.0159 0.0130 0.0082 0.0131 0.0140 0.0411 0.0057 0.0105 0.7420 0.0136 0.0162 0.0075 0.0102 0.0156 0.0088 0.0168 
     H9558.3  1 0.0041 0.0051 0.0092 0.0045 0.0064 0.0059 0.0040 0.0123 0.0058 0.0092 0.0111 0.0103 0.0076 0.0068 0.0065 0.8223 0.0129 0.0093 0.0062 0.0115 0.0115 0.0075 0.0100 
     H9558.4  1 0.0031 0.0046 0.0051 0.0122 0.0122 0.0084 0.0031 0.0041 0.0047 0.0040 0.0069 0.0095 0.0185 0.0040 0.0061 0.8399 0.0108 0.0084 0.0035 0.0064 0.0066 0.0056 0.0121 
     H9558.5  1 0.0034 0.0050 0.0055 0.0052 0.0068 0.0152 0.0031 0.0035 0.0052 0.0052 0.0033 0.0228 0.0072 0.0118 0.0048 0.8444 0.0098 0.0064 0.0025 0.0080 0.0090 0.0080 0.0040 
     H9558.6  1 0.0053 0.0038 0.0115 0.0052 0.0067 0.0049 0.0039 0.0436 0.0067 0.0078 0.0066 0.0080 0.0163 0.0400 0.0185 0.7393 0.0087 0.0058 0.0051 0.0077 0.0108 0.0259 0.0081 
    kos339.1  1 0.0045 0.0046 0.0037 0.0076 0.0066 0.0068 0.8412 0.0117 0.0043 0.0140 0.0047 0.0050 0.0091 0.0069 0.0057 0.0042 0.0097 0.0087 0.0032 0.0112 0.0046 0.0134 0.0086 
    kos339.2  1 0.0059 0.0056 0.0066 0.0053 0.0033 0.0054 0.8615 0.0127 0.0053 0.0057 0.0040 0.0056 0.0037 0.0065 0.0052 0.0044 0.0058 0.0093 0.0063 0.0117 0.0069 0.0059 0.0075 
    kos339.3  1 0.0033 0.0033 0.0040 0.0052 0.0057 0.0035 0.9117 0.0038 0.0035 0.0044 0.0036 0.0033 0.0039 0.0044 0.0042 0.0044 0.0030 0.0056 0.0054 0.0051 0.0033 0.0027 0.0028 
    kos339.4  1 0.0043 0.0040 0.0047 0.0067 0.0053 0.0042 0.9002 0.0053 0.0042 0.0046 0.0034 0.0041 0.0030 0.0060 0.0038 0.0047 0.0046 0.0055 0.0046 0.0062 0.0039 0.0036 0.0032 
    kos339.5  1 0.0037 0.0042 0.0049 0.0060 0.0051 0.0040 0.8934 0.0052 0.0041 0.0105 0.0036 0.0025 0.0042 0.0053 0.0041 0.0044 0.0059 0.0057 0.0040 0.0052 0.0045 0.0063 0.0032 
    kos339.6  1 0.0061 0.0046 0.0047 0.0042 0.0037 0.0049 0.8938 0.0065 0.0040 0.0057 0.0036 0.0049 0.0038 0.0086 0.0042 0.0038 0.0036 0.0050 0.0062 0.0066 0.0040 0.0048 0.0027 
    kos339.7  1 0.0031 0.0031 0.0037 0.0058 0.0046 0.0043 0.9047 0.0061 0.0038 0.0039 0.0032 0.0033 0.0043 0.0045 0.0039 0.0036 0.0043 0.0084 0.0053 0.0065 0.0028 0.0035 0.0033 
    kos339.8  1 0.0041 0.0053 0.0048 0.0057 0.0046 0.0052 0.8765 0.0047 0.0052 0.0093 0.0030 0.0057 0.0037 0.0082 0.0050 0.0032 0.0046 0.0085 0.0046 0.0138 0.0055 0.0044 0.0045 
    kos339.9  1 0.0067 0.0045 0.0055 0.0128 0.0088 0.0037 0.8467 0.0098 0.0049 0.0092 0.0054 0.0042 0.0047 0.0039 0.0093 0.0140 0.0073 0.0053 0.0068 0.0055 0.0060 0.0085 0.0063 
      H008.1  2 0.0095 0.0117 0.0097 0.0088 0.0172 0.0128 0.0069 0.6732 0.0087 0.0062 0.0058 0.0054 0.0141 0.0080 0.0081 0.0584 0.0777 0.0108 0.0054 0.0059 0.0161 0.0099 0.0097 
      H008.2  2 0.0057 0.0437 0.0122 0.0092 0.0886 0.0241 0.0140 0.0647 0.0300 0.0133 0.0363 0.0427 0.0326 0.0308 0.0192 0.1045 0.0825 0.0246 0.0099 0.0104 0.2067 0.0122 0.0820 
      H008.3  2 0.0148 0.0592 0.0413 0.0310 0.1346 0.0117 0.0093 0.0419 0.0459 0.0179 0.0435 0.0259 0.0222 0.0177 0.0127 0.0487 0.0561 0.2176 0.0152 0.0106 0.0635 0.0341 0.0248 
      H008.4  2 0.0097 0.0132 0.0226 0.0064 0.0099 0.0077 0.0109 0.4305 0.0582 0.0116 0.0204 0.0327 0.0138 0.0114 0.0218 0.0681 0.1290 0.0135 0.0155 0.0267 0.0264 0.0127 0.0273 
      H008.5  2 0.0071 0.0123 0.0215 0.0153 0.0172 0.0075 0.0099 0.5548 0.0770 0.0102 0.0185 0.0144 0.0084 0.0126 0.0114 0.0203 0.0657 0.0403 0.0076 0.0072 0.0361 0.0177 0.0072 
      H008.6  2 0.0051 0.0061 0.0245 0.0092 0.0735 0.0081 0.0083 0.1748 0.0327 0.0196 0.0270 0.0660 0.0400 0.0258 0.0310 0.0610 0.0798 0.0308 0.0150 0.0169 0.1588 0.0217 0.0647 
      H008.7  2 0.0153 0.0559 0.0181 0.0069 0.0312 0.0186 0.0093 0.2087 0.0815 0.0164 0.0130 0.0598 0.0271 0.0089 0.0406 0.0431 0.1514 0.0357 0.0133 0.0169 0.0907 0.0129 0.0248 
      H008.8  2 0.0096 0.0167 0.0082 0.0092 0.0147 0.0101 0.0073 0.0740 0.0078 0.0126 0.0124 0.0080 0.0597 0.0119 0.0113 0.2029 0.1869 0.0141 0.0098 0.0080 0.0122 0.0082 0.2846 
      H008.9  2 0.0095 0.0158 0.0362 0.0094 0.0322 0.0098 0.0103 0.0181 0.0203 0.0100 0.0262 0.0982 0.1117 0.0180 0.0529 0.0457 0.0278 0.0269 0.0299 0.0098 0.1873 0.0166 0.1774 
 H029.1_2002  2 0.0057 0.0088 0.0097 0.0049 0.0076 0.0115 0.0051 0.6130 0.0987 0.0272 0.0055 0.0173 0.0217 0.0097 0.0147 0.0305 0.0156 0.0049 0.0053 0.0440 0.0057 0.0093 0.0237 
 H029.1_2003  2 0.0043 0.0063 0.1132 0.0069 0.0652 0.0245 0.0050 0.0288 0.4564 0.0130 0.0073 0.0113 0.0182 0.0119 0.0083 0.0077 0.0685 0.0522 0.0071 0.0132 0.0065 0.0184 0.0458 
 H029.2_2002  2 0.0046 0.0244 0.0620 0.0059 0.0135 0.0219 0.0430 0.4922 0.0388 0.0218 0.0109 0.0425 0.0043 0.0072 0.0173 0.0099 0.0239 0.0671 0.0434 0.0066 0.0116 0.0202 0.0071 
 H029.2_2003  2 0.0041 0.0060 0.0460 0.0060 0.1205 0.0564 0.0172 0.0745 0.2037 0.0146 0.0126 0.0349 0.0081 0.0154 0.0457 0.0081 0.0837 0.1545 0.0162 0.0043 0.0109 0.0402 0.0166 
 H029.3_2002  2 0.0037 0.0158 0.0433 0.0080 0.0082 0.0532 0.0241 0.1622 0.0353 0.0106 0.0108 0.1740 0.0058 0.0207 0.0089 0.0065 0.0233 0.2894 0.0278 0.0077 0.0054 0.0249 0.0306 
 H029.3_2003  2 0.0053 0.0056 0.0422 0.0081 0.0143 0.0303 0.0090 0.3880 0.3074 0.0092 0.0064 0.0067 0.0040 0.0166 0.0041 0.0059 0.0135 0.0294 0.0103 0.0065 0.0308 0.0322 0.0142 
 H029.4_2002  2 0.0056 0.0118 0.0090 0.0090 0.0069 0.0350 0.0050 0.7216 0.0893 0.0046 0.0045 0.0141 0.0051 0.0070 0.0034 0.0047 0.0082 0.0065 0.0136 0.0119 0.0068 0.0078 0.0083 
 H029.4_2003  2 0.0039 0.0055 0.0135 0.0124 0.0394 0.1469 0.0056 0.0362 0.5741 0.0071 0.0080 0.0119 0.0128 0.0132 0.0059 0.0205 0.0223 0.0093 0.0049 0.0085 0.0089 0.0080 0.0213 
 H029.5_2002  2 0.0077 0.0126 0.0229 0.0048 0.0057 0.0070 0.0056 0.7433 0.0873 0.0105 0.0036 0.0062 0.0053 0.0075 0.0056 0.0056 0.0057 0.0040 0.0089 0.0105 0.0117 0.0108 0.0069 
 H029.5_2003  2 0.0031 0.0046 0.0389 0.0102 0.1082 0.0560 0.0059 0.2250 0.3573 0.0058 0.0040 0.0077 0.0089 0.0068 0.0059 0.0056 0.0522 0.0229 0.0084 0.0112 0.0127 0.0080 0.0308 
 H029.6_2002  2 0.0062 0.0207 0.0201 0.0119 0.0053 0.0388 0.0068 0.3738 0.2994 0.0050 0.0081 0.0498 0.0047 0.0078 0.0057 0.0040 0.0124 0.0136 0.0232 0.0085 0.0048 0.0340 0.0353 
 H029.6_2003  2 0.0098 0.0083 0.0685 0.0121 0.1311 0.0416 0.0397 0.3054 0.1028 0.0247 0.0078 0.0130 0.0148 0.0232 0.0212 0.0169 0.0143 0.0353 0.0164 0.0057 0.0393 0.0319 0.0162 
      H029.7  2 0.0034 0.0132 0.0177 0.0052 0.0088 0.0314 0.0272 0.6727 0.0372 0.0115 0.0115 0.0323 0.0049 0.0046 0.0152 0.0060 0.0126 0.0136 0.0473 0.0050 0.0049 0.0099 0.0040 
      H030.1  2 0.0250 0.0099 0.0062 0.0170 0.0092 0.0074 0.0107 0.0127 0.0243 0.0632 0.0067 0.0044 0.0059 0.1984 0.0085 0.0056 0.0205 0.0066 0.0102 0.0088 0.0405 0.4877 0.0107 
      H030.2  2 0.0272 0.1757 0.0042 0.0230 0.0097 0.0072 0.0057 0.0385 0.0246 0.0135 0.0042 0.0580 0.0110 0.3611 0.0118 0.0208 0.0185 0.0144 0.0073 0.1225 0.0211 0.0145 0.0057 
      H038.1  2 0.0030 0.0042 0.0072 0.0043 0.0044 0.0082 0.0043 0.8465 0.0058 0.0052 0.0064 0.0167 0.0111 0.0057 0.0064 0.0070 0.0101 0.0048 0.0057 0.0061 0.0039 0.0120 0.0109 
      H038.2  2 0.0172 0.0064 0.0063 0.0068 0.0067 0.0049 0.0093 0.8428 0.0063 0.0125 0.0027 0.0048 0.0033 0.0079 0.0142 0.0040 0.0082 0.0071 0.0047 0.0095 0.0057 0.0048 0.0040 
      H038.3  2 0.0133 0.0071 0.0047 0.0096 0.0063 0.0103 0.0108 0.7221 0.0042 0.0461 0.0047 0.0353 0.0078 0.0171 0.0140 0.0104 0.0065 0.0102 0.0086 0.0217 0.0132 0.0098 0.0063 
      H038.4  2 0.0154 0.0063 0.0096 0.0068 0.0032 0.0075 0.0064 0.7902 0.0049 0.0247 0.0033 0.0235 0.0059 0.0072 0.0128 0.0069 0.0088 0.0076 0.0117 0.0122 0.0082 0.0087 0.0082 
      H038.5  2 0.0074 0.0114 0.0101 0.0161 0.0119 0.0318 0.0135 0.7566 0.0108 0.0077 0.0034 0.0247 0.0061 0.0140 0.0048 0.0083 0.0053 0.0059 0.0093 0.0049 0.0063 0.0063 0.0234 
      H038.6  2 0.0029 0.0042 0.0069 0.0108 0.0072 0.0146 0.0063 0.8373 0.0106 0.0102 0.0038 0.0114 0.0063 0.0080 0.0048 0.0104 0.0094 0.0072 0.0039 0.0071 0.0046 0.0055 0.0065 
      H038.7  2 0.0046 0.0030 0.0042 0.0067 0.0059 0.0115 0.0052 0.8012 0.0045 0.0464 0.0036 0.0083 0.0048 0.0073 0.0068 0.0115 0.0061 0.0134 0.0038 0.0195 0.0082 0.0085 0.0051 
      H038.8  2 0.0185 0.0085 0.0058 0.0129 0.0041 0.0056 0.0078 0.7488 0.0051 0.0186 0.0038 0.0729 0.0047 0.0073 0.0149 0.0059 0.0095 0.0064 0.0084 0.0114 0.0063 0.0064 0.0062 
      H041.1  2 0.0232 0.0944 0.0067 0.0097 0.0223 0.0716 0.0270 0.0898 0.3566 0.0397 0.0146 0.0257 0.0096 0.0073 0.0120 0.0099 0.0217 0.0062 0.0298 0.0138 0.0679 0.0357 0.0050 
      H041.2  2 0.0063 0.0046 0.0151 0.0055 0.0060 0.0050 0.0073 0.0261 0.7704 0.0087 0.0044 0.0103 0.0098 0.0066 0.0105 0.0054 0.0061 0.0063 0.0177 0.0165 0.0261 0.0212 0.0042 
      H041.4  2 0.0100 0.0097 0.0188 0.0045 0.0179 0.0129 0.0101 0.1121 0.5579 0.0115 0.0137 0.0192 0.0222 0.0096 0.0180 0.0185 0.0329 0.0056 0.0253 0.0110 0.0266 0.0134 0.0184 
      H041.6  2 0.0097 0.0158 0.0111 0.0062 0.0127 0.0073 0.0140 0.1124 0.5388 0.0136 0.0283 0.0145 0.0350 0.0089 0.0207 0.0380 0.0318 0.0090 0.0151 0.0137 0.0197 0.0122 0.0112 
 H042.1_2002  2 0.0377 0.0067 0.0085 0.0234 0.0125 0.0061 0.0088 0.0080 0.6664 0.0082 0.0069 0.0096 0.0139 0.0065 0.0220 0.0608 0.0212 0.0048 0.0130 0.0167 0.0057 0.0275 0.0048 
