      H105.1  1 0.0564 0.0517 0.0416 0.2625 0.3136 0.0939 0.0279 0.0386 0.1138 
      H105.2  1 0.0823 0.0842 0.2355 0.0473 0.0689 0.4013 0.0204 0.0434 0.0166 
      H105.3  1 0.0359 0.0217 0.0432 0.0775 0.2734 0.3795 0.0253 0.0348 0.1088 
      H105.4  1 0.0413 0.1280 0.1242 0.0288 0.0643 0.3039 0.0121 0.2748 0.0225 
      H105.5  1 0.0340 0.0546 0.0363 0.2137 0.2681 0.0678 0.0159 0.2960 0.0136 
      H105.6  1 0.0274 0.1098 0.0118 0.0139 0.0830 0.5367 0.0111 0.1308 0.0755 
      H105.7  1 0.0195 0.0425 0.0916 0.1250 0.1476 0.1431 0.0115 0.0694 0.3496 
      H105.8  1 0.1437 0.0401 0.0522 0.0205 0.1080 0.3379 0.0279 0.0604 0.2093 
      H115.1  1 0.0788 0.0394 0.0298 0.0488 0.0838 0.2586 0.0201 0.3086 0.1322 
      H115.2  1 0.0723 0.0470 0.0151 0.2924 0.0262 0.0589 0.0420 0.4277 0.0184 
      H115.3  1 0.0128 0.0274 0.0142 0.1065 0.0103 0.0111 0.0119 0.7972 0.0086 
      H115.4  1 0.1193 0.0256 0.0381 0.5750 0.0798 0.0365 0.0146 0.0999 0.0112 
      H115.5  1 0.0134 0.0275 0.0661 0.1033 0.0256 0.0371 0.0998 0.5747 0.0525 
      H115.6  1 0.0177 0.0745 0.0358 0.1711 0.0151 0.0412 0.0298 0.5823 0.0325 
      H115.7  1 0.0333 0.0819 0.0845 0.0863 0.0221 0.5036 0.0063 0.1729 0.0091 
      H115.8  1 0.0204 0.0218 0.0218 0.0837 0.0130 0.0257 0.1950 0.5025 0.1160 
      H115.9  1 0.0124 0.0097 0.0104 0.0194 0.0225 0.0103 0.0081 0.8497 0.0576 
      H145.1  1 0.0101 0.8593 0.0070 0.0131 0.0176 0.0179 0.0427 0.0187 0.0136 
      H145.2  1 0.0146 0.6442 0.0107 0.0141 0.0773 0.0207 0.0617 0.1429 0.0138 
      H145.3  1 0.0077 0.7958 0.0206 0.0121 0.0109 0.0112 0.0694 0.0139 0.0583 
      H145.4  1 0.0078 0.8996 0.0066 0.0093 0.0072 0.0263 0.0249 0.0089 0.0095 
      H145.5  1 0.0070 0.7210 0.0091 0.0105 0.0098 0.0147 0.2075 0.0083 0.0119 
      H145.6  1 0.0169 0.6829 0.0537 0.0192 0.0154 0.0306 0.0486 0.1212 0.0114 
      H145.7  1 0.0104 0.8937 0.0203 0.0112 0.0074 0.0141 0.0129 0.0110 0.0190 
      H149.1  1 0.0060 0.9484 0.0049 0.0063 0.0077 0.0065 0.0058 0.0075 0.0069 
      H149.2  1 0.0064 0.9521 0.0047 0.0070 0.0079 0.0058 0.0045 0.0065 0.0050 
      H149.3  1 0.0114 0.9144 0.0095 0.0145 0.0130 0.0139 0.0058 0.0089 0.0086 
      H149.4  1 0.0244 0.8808 0.0154 0.0119 0.0219 0.0166 0.0108 0.0087 0.0096 
      H149.5  1 0.0190 0.8892 0.0189 0.0234 0.0164 0.0114 0.0051 0.0067 0.0099 
      H149.6  1 0.0067 0.9459 0.0074 0.0078 0.0077 0.0090 0.0048 0.0053 0.0054 
      H149.7  1 0.0754 0.7316 0.0338 0.0464 0.0384 0.0298 0.0107 0.0100 0.0239 
      H150.1  1 0.0108 0.0113 0.0080 0.0561 0.0078 0.0261 0.0287 0.8339 0.0173 
      H150.2  1 0.0557 0.0653 0.0181 0.1715 0.0238 0.1460 0.1606 0.3433 0.0157 
      H150.3  1 0.0288 0.0305 0.0183 0.0156 0.0190 0.5090 0.0266 0.3211 0.0311 
      H150.4  1 0.0065 0.0071 0.0088 0.0103 0.0075 0.0203 0.0184 0.9071 0.0140 
      H150.5  1 0.0532 0.0442 0.0225 0.3992 0.0102 0.1053 0.0139 0.3373 0.0144 
      H150.6  1 0.0703 0.0340 0.0544 0.6501 0.0136 0.0704 0.0216 0.0795 0.0060 
      H150.7  1 0.0087 0.0169 0.0068 0.0064 0.0073 0.0240 0.0142 0.8913 0.0245 
   H169607.1  1 0.3013 0.1769 0.0837 0.0379 0.2510 0.0321 0.0330 0.0457 0.0383 
   H169607.2  1 0.1562 0.2546 0.0114 0.0160 0.0251 0.0206 0.0052 0.4508 0.0601 
   H169607.3  1 0.0738 0.1456 0.2356 0.1713 0.1304 0.0270 0.0198 0.1422 0.0542 
   H169607.4  1 0.0554 0.5857 0.0144 0.0105 0.0514 0.0104 0.0085 0.2503 0.0135 
   H169607.5  1 0.0810 0.2782 0.0144 0.0574 0.0440 0.0141 0.0080 0.4206 0.0822 
   H169607.6  1 0.1234 0.3088 0.0355 0.0215 0.0409 0.0093 0.0061 0.3989 0.0557 
   H169607.7  1 0.6239 0.0755 0.0193 0.0394 0.0202 0.0175 0.0077 0.1231 0.0735 
   H169607.8  1 0.0743 0.3713 0.0236 0.0136 0.0888 0.0106 0.0065 0.3709 0.0404 
   H169633.1  1 0.0080 0.8502 0.0131 0.0170 0.0151 0.0407 0.0294 0.0167 0.0098 
   H169633.2  1 0.0324 0.5543 0.1066 0.0153 0.0770 0.1126 0.0200 0.0081 0.0739 
   H169633.3  1 0.0177 0.7541 0.0141 0.0279 0.0490 0.0702 0.0143 0.0079 0.0447 
   H169633.4  1 0.0107 0.8722 0.0110 0.0208 0.0209 0.0156 0.0272 0.0146 0.0072 
   H169633.5  1 0.0084 0.8815 0.0122 0.0244 0.0157 0.0138 0.0249 0.0101 0.0089 
   H169688.1  1 0.1278 0.1593 0.6462 0.0055 0.0136 0.0087 0.0060 0.0173 0.0155 
   H169688.2  1 0.3807 0.0114 0.4977 0.0192 0.0128 0.0100 0.0276 0.0233 0.0172 
   H169688.3  1 0.7935 0.0520 0.0929 0.0112 0.0072 0.0145 0.0071 0.0131 0.0085 
   H169688.4  1 0.4251 0.0239 0.0607 0.0727 0.0102 0.0108 0.0457 0.3355 0.0155 
   H169688.5  1 0.4610 0.0240 0.0530 0.0797 0.0099 0.0099 0.0528 0.2897 0.0198 
   H169688.6  1 0.6792 0.0355 0.1262 0.0147 0.0121 0.0074 0.0666 0.0480 0.0104 
   H169688.7  1 0.8029 0.1018 0.0232 0.0163 0.0092 0.0083 0.0103 0.0147 0.0133 
   H171901.1  1 0.0409 0.0687 0.3642 0.0487 0.0250 0.1722 0.0752 0.1902 0.0149 
   H171901.2  1 0.0105 0.9119 0.0073 0.0138 0.0073 0.0089 0.0100 0.0170 0.0134 
   H171901.3  1 0.0238 0.8769 0.0296 0.0145 0.0093 0.0104 0.0090 0.0133 0.0132 
   H171901.4  1 0.0232 0.8553 0.0172 0.0233 0.0267 0.0117 0.0079 0.0155 0.0192 
   H171901.5  1 0.0321 0.8633 0.0127 0.0185 0.0376 0.0077 0.0088 0.0095 0.0099 
   H171901.6  1 0.0445 0.8549 0.0111 0.0150 0.0317 0.0088 0.0059 0.0182 0.0099 
   H171901.7  1 0.0639 0.8533 0.0126 0.0154 0.0102 0.0071 0.0060 0.0111 0.0203 
   H171902.1  1 0.1188 0.5394 0.0294 0.0106 0.0908 0.0079 0.1586 0.0232 0.0212 
  H171902.10  1 0.1542 0.7673 0.0149 0.0080 0.0102 0.0063 0.0163 0.0157 0.0072 
   H171902.2  1 0.1580 0.3395 0.2388 0.0269 0.0371 0.0153 0.0853 0.0145 0.0847 
   H171902.3  1 0.3242 0.5547 0.0149 0.0111 0.0264 0.0153 0.0152 0.0246 0.0136 
   H171902.4  1 0.0060 0.9237 0.0079 0.0072 0.0053 0.0075 0.0271 0.0076 0.0077 
   H171902.6  1 0.1061 0.8098 0.0079 0.0071 0.0140 0.0078 0.0195 0.0207 0.0072 
   H171902.7  1 0.0235 0.8685 0.0065 0.0102 0.0082 0.0060 0.0610 0.0107 0.0054 
   H171902.8  1 0.1362 0.7486 0.0134 0.0100 0.0283 0.0099 0.0240 0.0202 0.0095 
   H171902.9  1 0.0284 0.7520 0.0123 0.0113 0.0139 0.0288 0.0767 0.0587 0.0179 
   H171903.1  1 0.0333 0.0375 0.0166 0.0311 0.0343 0.0111 0.0063 0.7948 0.0349 
   H171903.2  1 0.0558 0.0256 0.0181 0.0657 0.1494 0.0095 0.0140 0.5465 0.1154 
   H171903.3  1 0.1004 0.0850 0.0254 0.3262 0.2103 0.0207 0.0255 0.1355 0.0710 
   H171903.4  1 0.0510 0.4524 0.1968 0.0542 0.0176 0.0305 0.0121 0.1733 0.0121 
   H171903.5  1 0.3210 0.0599 0.0292 0.2450 0.1348 0.0116 0.0143 0.1347 0.0494 
   H171903.6  1 0.2694 0.2545 0.0264 0.1895 0.0282 0.0086 0.0065 0.1956 0.0213 
      H177.1  1 0.0477 0.7450 0.0988 0.0136 0.0297 0.0083 0.0149 0.0328 0.0092 
      H177.2  1 0.1413 0.3807 0.0260 0.0477 0.2782 0.0110 0.0161 0.0318 0.0673 
      H177.3  1 0.1149 0.7030 0.0085 0.0276 0.0603 0.0122 0.0158 0.0445 0.0132 
      H177.4  1 0.0747 0.6178 0.0870 0.0275 0.1504 0.0097 0.0100 0.0115 0.0114 
      H177.5  1 0.0444 0.0845 0.6407 0.1025 0.0254 0.0147 0.0108 0.0426 0.0343 
      H177.6  1 0.0689 0.8050 0.0099 0.0270 0.0335 0.0082 0.0165 0.0200 0.0109 
      H179.1  1 0.5155 0.0129 0.0677 0.0301 0.2823 0.0397 0.0093 0.0192 0.0233 
      H179.2  1 0.6348 0.0091 0.0199 0.0442 0.2416 0.0115 0.0067 0.0140 0.0181 
      H179.3  1 0.6252 0.0121 0.1117 0.0334 0.0338 0.0115 0.0084 0.0582 0.1057 
      H179.4  1 0.2580 0.0337 0.0308 0.0134 0.6088 0.0085 0.0064 0.0097 0.0308 
      H180.1  1 0.0302 0.0081 0.0372 0.7807 0.0622 0.0118 0.0291 0.0302 0.0105 
      H180.2  1 0.0235 0.0184 0.1001 0.6773 0.0271 0.0241 0.0266 0.0928 0.0102 
      H180.3  1 0.0119 0.0073 0.0147 0.3450 0.1048 0.0268 0.0191 0.3829 0.0874 
      H180.4  1 0.0557 0.0180 0.0346 0.7486 0.0104 0.0467 0.0433 0.0167 0.0260 
      H180.5  1 0.0458 0.0153 0.0438 0.7142 0.0219 0.0134 0.0629 0.0447 0.0379 
      H180.6  1 0.0320 0.0428 0.0173 0.0760 0.0135 0.0235 0.0845 0.0713 0.6390 
      H181.1  1 0.0594 0.2643 0.1393 0.3614 0.0965 0.0074 0.0377 0.0233 0.0106 
      H181.2  1 0.0750 0.2003 0.2477 0.0719 0.3176 0.0185 0.0356 0.0210 0.0125 
      H181.3  1 0.0482 0.1482 0.6685 0.0256 0.0413 0.0124 0.0296 0.0118 0.0143 
      H181.4  1 0.0748 0.1580 0.0810 0.4691 0.1057 0.0156 0.0065 0.0712 0.0181 
      H181.5  1 0.0437 0.0267 0.8209 0.0214 0.0421 0.0140 0.0113 0.0085 0.0114 
      H181.6  1 0.1227 0.0542 0.1516 0.1372 0.4468 0.0290 0.0149 0.0249 0.0187 
      H181.7  1 0.5636 0.0688 0.1714 0.0362 0.0784 0.0111 0.0253 0.0179 0.0274 
 H194.1_2004  1 0.0163 0.8596 0.0115 0.0117 0.0062 0.0120 0.0110 0.0470 0.0246 
 H194.2_2004  1 0.0113 0.7895 0.0975 0.0163 0.0071 0.0180 0.0169 0.0333 0.0102 
 H194.3_2004  1 0.0126 0.9150 0.0098 0.0053 0.0157 0.0119 0.0068 0.0094 0.0136 
 H194.4_2004  1 0.0075 0.8949 0.0422 0.0058 0.0083 0.0086 0.0108 0.0125 0.0093 
 H194.5_2004  1 0.0120 0.8987 0.0112 0.0092 0.0217 0.0088 0.0070 0.0112 0.0202 
 H194.6_2004  1 0.0135 0.7877 0.0813 0.0076 0.0601 0.0121 0.0088 0.0168 0.0120 
 H194.7_2004  1 0.0128 0.7030 0.0485 0.0179 0.0084 0.0216 0.0159 0.0625 0.1094 
 H194.8_2004  1 0.0124 0.8047 0.0950 0.0088 0.0172 0.0141 0.0113 0.0176 0.0189 
      H194.9  1 0.0131 0.8032 0.0183 0.0076 0.0092 0.0185 0.0146 0.0300 0.0856 
 H195.1_2003  1 0.0226 0.8447 0.0202 0.0092 0.0456 0.0270 0.0057 0.0132 0.0119 
 H195.1_2004  1 0.0365 0.8388 0.0176 0.0150 0.0121 0.0238 0.0348 0.0129 0.0086 
 H195.2_2003  1 0.0531 0.5768 0.0277 0.0186 0.0472 0.0102 0.0145 0.2039 0.0480 
 H195.2_2004  1 0.0179 0.8324 0.0159 0.0204 0.0123 0.0117 0.0506 0.0155 0.0232 
 H195.3_2003  1 0.0458 0.2317 0.0535 0.0255 0.0419 0.0405 0.0109 0.5122 0.0379 
 H195.3_2004  1 0.0078 0.9273 0.0096 0.0093 0.0079 0.0123 0.0099 0.0087 0.0071 
 H195.4_2003  1 0.0096 0.9231 0.0080 0.0080 0.0107 0.0184 0.0035 0.0119 0.0068 
 H195.4_2004  1 0.0171 0.7998 0.0766 0.0128 0.0107 0.0104 0.0104 0.0120 0.0502 
 H195.5_2003  1 0.0409 0.7580 0.0326 0.0119 0.0395 0.0700 0.0078 0.0266 0.0128 
 H195.5_2004  1 0.0110 0.8981 0.0178 0.0100 0.0116 0.0194 0.0109 0.0132 0.0081 
 H195.6_2003  1 0.0256 0.6831 0.0175 0.0356 0.0208 0.0146 0.0144 0.1744 0.0139 
 H195.6_2004  1 0.0125 0.9002 0.0105 0.0059 0.0161 0.0211 0.0140 0.0080 0.0118 
 H195.7_2003  1 0.1492 0.6640 0.0851 0.0130 0.0300 0.0152 0.0046 0.0114 0.0275 
 H195.7_2004  1 0.0300 0.5854 0.0297 0.0466 0.0133 0.0200 0.2414 0.0215 0.0122 
      H195.8  1 0.0288 0.7234 0.0922 0.0203 0.0095 0.0386 0.0223 0.0318 0.0333 
      H195.9  1 0.0154 0.8908 0.0148 0.0090 0.0121 0.0075 0.0095 0.0203 0.0206 
      H415.1  1 0.0330 0.2465 0.0310 0.0301 0.1752 0.1220 0.1410 0.0882 0.1330 
      H415.2  1 0.0334 0.2426 0.0095 0.0363 0.5668 0.0240 0.0442 0.0301 0.0131 
      H415.3  1 0.0608 0.0643 0.0088 0.0398 0.7251 0.0633 0.0118 0.0096 0.0164 
      H415.4  1 0.0115 0.0694 0.0193 0.0642 0.5725 0.0856 0.0350 0.0700 0.0725 
      H415.5  1 0.0265 0.1005 0.0108 0.0459 0.7582 0.0274 0.0122 0.0079 0.0105 
      H415.6  1 0.0128 0.0698 0.0138 0.0609 0.5989 0.0806 0.0380 0.0648 0.0605 
      H415.7  1 0.1150 0.3244 0.0080 0.0326 0.4516 0.0224 0.0213 0.0102 0.0146 
      H506.1  1 0.0147 0.0059 0.0125 0.0061 0.9257 0.0090 0.0129 0.0043 0.0089 
      H506.2  1 0.0199 0.0133 0.0092 0.0098 0.9177 0.0078 0.0086 0.0053 0.0084 
      H506.3  1 0.0838 0.0103 0.0469 0.0215 0.6870 0.0137 0.1039 0.0078 0.0251 
      H506.4  1 0.0684 0.0096 0.0254 0.0200 0.8041 0.0099 0.0327 0.0106 0.0193 
      H506.5  1 0.0118 0.0090 0.0090 0.0058 0.9305 0.0067 0.0123 0.0059 0.0090 
      H506.6  1 0.2560 0.0143 0.0574 0.0719 0.4311 0.0109 0.0842 0.0485 0.0258 
      H506.7  1 0.0115 0.0124 0.0116 0.0060 0.9222 0.0079 0.0124 0.0056 0.0104 
      H533.1  1 0.4172 0.0231 0.0188 0.0156 0.4672 0.0087 0.0299 0.0081 0.0114 
      H533.2  1 0.2656 0.0173 0.0164 0.0140 0.6126 0.0074 0.0518 0.0060 0.0088 
      H533.3  1 0.3748 0.0150 0.0131 0.0390 0.5066 0.0074 0.0157 0.0131 0.0154 
      H533.4  1 0.4875 0.0607 0.0181 0.0269 0.3307 0.0134 0.0305 0.0197 0.0125 
      H535.1  1 0.0311 0.0192 0.0098 0.0111 0.8843 0.0094 0.0054 0.0193 0.0103 
      H535.2  1 0.0314 0.0428 0.0584 0.0246 0.7571 0.0080 0.0041 0.0087 0.0648 
      H535.3  1 0.0171 0.0177 0.0732 0.0218 0.7934 0.0084 0.0055 0.0174 0.0455 
      H535.4  1 0.0070 0.0219 0.0100 0.0104 0.9241 0.0091 0.0045 0.0061 0.0068 
      H535.5  1 0.0108 0.0139 0.0121 0.0067 0.9307 0.0068 0.0040 0.0071 0.0079 
      H535.6  1 0.0369 0.0247 0.0882 0.0156 0.7345 0.0166 0.0061 0.0548 0.0226 
      H535.7  1 0.0101 0.0065 0.0098 0.0059 0.9399 0.0051 0.0050 0.0078 0.0099 
      H535.8  1 0.0130 0.0122 0.0502 0.0069 0.8729 0.0066 0.0054 0.0112 0.0217 
      H535.9  1 0.0095 0.0129 0.0091 0.0103 0.9105 0.0064 0.0065 0.0242 0.0106 
      H539.1  1 0.0045 0.0056 0.0040 0.0039 0.0053 0.0046 0.0082 0.9577 0.0061 
      H539.2  1 0.4620 0.0171 0.0617 0.0424 0.0711 0.0204 0.0309 0.2483 0.0461 
      H539.3  1 0.0107 0.0166 0.0119 0.0091 0.0084 0.0106 0.0266 0.8821 0.0240 
      H539.4  1 0.0361 0.0082 0.0113 0.0366 0.0159 0.0093 0.1106 0.7531 0.0190 
      H539.5  1 0.0059 0.0058 0.0048 0.0055 0.0064 0.0064 0.0122 0.9350 0.0181 
      H539.6  1 0.0077 0.0096 0.0066 0.0080 0.0073 0.0081 0.0080 0.9258 0.0188 
      H539.7  1 0.0124 0.0108 0.0072 0.0115 0.0049 0.0102 0.0073 0.9252 0.0105 
      H539.8  1 0.0411 0.0326 0.0268 0.0417 0.0139 0.0580 0.1852 0.5811 0.0196 
      H539.9  1 0.0078 0.0050 0.0060 0.0098 0.0061 0.0063 0.0222 0.9224 0.0144 
      H540.1  1 0.0287 0.0185 0.0085 0.0176 0.0126 0.0075 0.0235 0.8732 0.0098 
      H540.2  1 0.0094 0.0115 0.0056 0.0098 0.0097 0.0094 0.0048 0.9338 0.0060 
      H540.3  1 0.0358 0.0659 0.0677 0.0555 0.0351 0.0760 0.4722 0.1848 0.0071 
      H540.4  1 0.0983 0.0233 0.0120 0.0417 0.0152 0.0236 0.0087 0.7691 0.0081 
      H540.5  1 0.0216 0.0155 0.0128 0.0145 0.0123 0.0090 0.0610 0.8395 0.0137 
      H540.6  1 0.0467 0.0262 0.0214 0.0214 0.0227 0.0107 0.0194 0.8086 0.0228 
      H540.7  1 0.0300 0.0191 0.0107 0.0239 0.0126 0.0112 0.0068 0.8679 0.0179 
      H540.8  1 0.0620 0.2382 0.0078 0.0525 0.0169 0.0170 0.0099 0.5857 0.0100 
     H9558.1  1 0.0081 0.0065 0.0074 0.0055 0.0049 0.0071 0.0087 0.9458 0.0059 
     H9558.2  1 0.0105 0.0073 0.0093 0.0063 0.0081 0.0096 0.0162 0.9228 0.0098 
     H9558.3  1 0.0063 0.0074 0.0065 0.0075 0.0103 0.0103 0.0228 0.9155 0.0134 
     H9558.4  1 0.0184 0.0053 0.0061 0.0087 0.0111 0.0072 0.0115 0.9240 0.0077 
     H9558.5  1 0.0549 0.0071 0.0159 0.0357 0.0200 0.0160 0.0920 0.7504 0.0081 
     H9558.6  1 0.0082 0.0145 0.0160 0.0312 0.0111 0.0148 0.0173 0.7997 0.0871 
    kos339.1  1 0.0655 0.5092 0.0261 0.0194 0.2760 0.0125 0.0086 0.0122 0.0704 
    kos339.2  1 0.0215 0.6862 0.0161 0.0159 0.0727 0.0340 0.0145 0.0056 0.1336 
    kos339.3  1 0.0161 0.8497 0.0104 0.0126 0.0682 0.0112 0.0074 0.0079 0.0164 
    kos339.4  1 0.0117 0.8774 0.0117 0.0153 0.0341 0.0122 0.0126 0.0077 0.0174 
    kos339.5  1 0.0181 0.8510 0.0114 0.0137 0.0448 0.0188 0.0053 0.0083 0.0286 
    kos339.6  1 0.0086 0.9053 0.0086 0.0157 0.0186 0.0143 0.0110 0.0069 0.0110 
    kos339.7  1 0.0192 0.6809 0.0089 0.0095 0.2253 0.0065 0.0076 0.0065 0.0356 
    kos339.8  1 0.0137 0.6217 0.0127 0.0174 0.2917 0.0130 0.0114 0.0064 0.0120 
    kos339.9  1 0.0118 0.9053 0.0072 0.0113 0.0123 0.0127 0.0063 0.0116 0.0215 
      H008.1  2 0.0188 0.0092 0.0099 0.0118 0.0143 0.0207 0.0087 0.0246 0.8820 
      H008.2  2 0.1572 0.0282 0.0389 0.0379 0.0870 0.0224 0.2402 0.1895 0.1988 
      H008.3  2 0.1862 0.0318 0.1498 0.0429 0.1469 0.0481 0.1257 0.1190 0.1497 
      H008.4  2 0.0116 0.0229 0.0164 0.0083 0.0278 0.0393 0.0560 0.0254 0.7923 
      H008.5  2 0.0203 0.0116 0.0187 0.0129 0.0195 0.0188 0.0199 0.0144 0.8638 
      H008.6  2 0.0356 0.0409 0.0138 0.0161 0.1498 0.0268 0.2196 0.0619 0.4356 
      H008.7  2 0.0404 0.0252 0.0785 0.0182 0.0765 0.0421 0.1406 0.0427 0.5360 
      H008.8  2 0.1676 0.0288 0.0166 0.0111 0.0470 0.0221 0.0267 0.4296 0.2506 
      H008.9  2 0.0463 0.1465 0.0204 0.0174 0.0482 0.0261 0.5836 0.0717 0.0398 
 H029.1_2002  2 0.0129 0.0127 0.0452 0.0074 0.0169 0.0184 0.0218 0.0265 0.8383 
 H029.1_2003  2 0.0549 0.0227 0.0839 0.0184 0.1133 0.0196 0.0407 0.0264 0.6201 
 H029.2_2002  2 0.0145 0.0432 0.0859 0.0104 0.0806 0.0066 0.0318 0.0094 0.7176 
 H029.2_2003  2 0.0487 0.0741 0.0750 0.0172 0.1206 0.0080 0.0434 0.0188 0.5942 
 H029.3_2002  2 0.0489 0.0583 0.1991 0.0142 0.0933 0.0079 0.1609 0.0132 0.4041 
 H029.3_2003  2 0.0214 0.0077 0.0258 0.0096 0.0187 0.0112 0.0102 0.0054 0.8901 
 H029.4_2002  2 0.0131 0.0064 0.0151 0.0073 0.0057 0.0182 0.0162 0.0054 0.9125 
 H029.4_2003  2 0.0655 0.0106 0.0774 0.0166 0.0156 0.0190 0.0370 0.0234 0.7349 
 H029.5_2002  2 0.0066 0.0085 0.0191 0.0086 0.0093 0.0207 0.0071 0.0066 0.9136 
 H029.5_2003  2 0.0283 0.0068 0.0106 0.0089 0.0144 0.0104 0.0125 0.0072 0.9010 
 H029.6_2002  2 0.0164 0.0101 0.2590 0.0092 0.0087 0.0084 0.0417 0.0067 0.6399 
 H029.6_2003  2 0.0728 0.0743 0.0295 0.0336 0.0412 0.0383 0.0107 0.0174 0.6822 
      H029.7  2 0.0102 0.0313 0.0353 0.0050 0.0238 0.0075 0.0206 0.0107 0.8555 
      H030.1  2 0.0210 0.0169 0.1212 0.7440 0.0180 0.0244 0.0057 0.0097 0.0391 
      H030.2  2 0.0132 0.0100 0.1478 0.4856 0.0396 0.0761 0.0970 0.0129 0.1177 
      H038.1  2 0.0083 0.0085 0.0086 0.0055 0.0073 0.0062 0.0322 0.0126 0.9107 
      H038.2  2 0.0068 0.0091 0.0084 0.0167 0.0136 0.0078 0.0065 0.0042 0.9271 
      H038.3  2 0.0095 0.0148 0.0072 0.0757 0.0247 0.0110 0.0364 0.0104 0.8103 
      H038.4  2 0.0076 0.0120 0.0068 0.0147 0.0148 0.0214 0.0273 0.0075 0.8879 
      H038.5  2 0.0114 0.0111 0.0139 0.0177 0.0083 0.0099 0.0358 0.0070 0.8848 
      H038.6  2 0.0107 0.0057 0.0070 0.0077 0.0111 0.0051 0.0133 0.0080 0.9313 
      H038.7  2 0.0117 0.0053 0.0055 0.0212 0.0236 0.0066 0.0107 0.0091 0.9064 
      H038.8  2 0.0080 0.0105 0.0085 0.0402 0.0165 0.0165 0.1118 0.0076 0.7803 
      H041.1  2 0.0113 0.0303 0.1172 0.0258 0.0080 0.2344 0.0359 0.0175 0.5196 
      H041.2  2 0.0109 0.0161 0.0491 0.0124 0.0387 0.5003 0.0137 0.0089 0.3500 
      H041.4  2 0.0110 0.0553 0.0630 0.0140 0.0224 0.0661 0.0367 0.0312 0.7003 
      H041.6  2 0.0106 0.0359 0.0521 0.0188 0.0186 0.1020 0.0190 0.0607 0.6824 
 H042.1_2002  2 0.0319 0.0961 0.5912 0.0272 0.0192 0.1008 0.0186 0.0993 0.0157 
 H042.1_2003  2 0.0376 0.0353 0.0229 0.0389 0.3871 0.2150 0.1099 0.0498 0.1035 
 H042.2_2002  2 0.0956 0.0201 0.1447 0.0133 0.0313 0.0909 0.0400 0.0195 0.5447 
 H042.2_2003  2 0.0140 0.0514 0.0229 0.0137 0.0326 0.6346 0.0066 0.0357 0.1884 
 H042.3_2002  2 0.1293 0.0805 0.3025 0.0298 0.0161 0.2977 0.0262 0.0834 0.0346 
 H042.3_2003  2 0.0829 0.0588 0.0705 0.0542 0.0127 0.4014 0.0512 0.0835 0.1847 
 H042.4_2002  2 0.0176 0.1802 0.5316 0.0308 0.0134 0.1470 0.0227 0.0175 0.0391 
 H042.4_2003  2 0.0108 0.1186 0.6001 0.0343 0.0119 0.0496 0.0078 0.0634 0.1036 
      H042.5  2 0.0088 0.0272 0.8965 0.0090 0.0084 0.0112 0.0042 0.0200 0.0147 
      H042.6  2 0.0177 0.0125 0.8032 0.0142 0.0131 0.0080 0.0092 0.0927 0.0293 
      H042.7  2 0.0203 0.0597 0.3389 0.0183 0.0393 0.4154 0.0073 0.0396 0.0613 
      H042.8  2 0.0225 0.0209 0.5425 0.0090 0.0231 0.2449 0.0410 0.0374 0.0588 
   H042_2002  2 0.0258 0.0296 0.0209 0.0189 0.0560 0.0760 0.0412 0.5734 0.1582 
   H042_2003  2 0.0311 0.0256 0.0237 0.0302 0.0499 0.0803 0.0437 0.5737 0.1419 
      H043.1  2 0.0699 0.0460 0.0242 0.1143 0.0181 0.0165 0.2381 0.4205 0.0523 
      H043.2  2 0.0277 0.0134 0.0104 0.0070 0.0102 0.0108 0.0966 0.7526 0.0713 
      H043.3  2 0.0282 0.0166 0.0094 0.0196 0.0320 0.0137 0.0422 0.1742 0.6641 
      H043.4  2 0.0132 0.0278 0.0104 0.0232 0.0165 0.0080 0.1035 0.6684 0.1290 
      H043.5  2 0.0486 0.0148 0.0087 0.0156 0.0116 0.0274 0.4020 0.1447 0.3265 
      H043.6  2 0.0252 0.0183 0.0085 0.0142 0.0132 0.0212 0.2931 0.1668 0.4395 
      H043.7  2 0.0119 0.0102 0.0060 0.0216 0.0136 0.0175 0.0453 0.8418 0.0321 
      H043.8  2 0.2862 0.0452 0.0174 0.0885 0.0243 0.0412 0.0431 0.3617 0.0922 
      H043.9  2 0.0608 0.0231 0.0287 0.0679 0.0158 0.0135 0.1000 0.4871 0.2031 
      H047.1  2 0.0101 0.0126 0.0073 0.0163 0.1252 0.0111 0.0097 0.1666 0.6411 
      H047.2  2 0.0387 0.0260 0.0381 0.0253 0.2993 0.0321 0.0093 0.0268 0.5044 
      H047.3  2 0.0540 0.0203 0.0279 0.0250 0.2976 0.1666 0.0071 0.0289 0.3727 
      H047.4  2 0.0117 0.0240 0.0148 0.0189 0.2116 0.0607 0.0059 0.0142 0.6383 
      H047.5  2 0.0320 0.0093 0.0126 0.0301 0.1937 0.1160 0.0049 0.0832 0.5183 
      H047.6  2 0.0254 0.0158 0.0305 0.0286 0.4596 0.1341 0.0183 0.0571 0.2306 
      H047.7  2 0.0143 0.0158 0.0124 0.0257 0.0990 0.0312 0.0119 0.0933 0.6963 
      H047.8  2 0.0289 0.0154 0.0176 0.0202 0.4847 0.1028 0.0101 0.1026 0.2177 
      H047.9  2 0.0151 0.0583 0.0100 0.0274 0.1759 0.0237 0.0052 0.0616 0.6228 
 H071.1_2002  2 0.0072 0.0101 0.0062 0.0075 0.0058 0.0079 0.0059 0.0132 0.9361 
 H071.1_2003  2 0.0070 0.0257 0.0084 0.0272 0.0190 0.0169 0.0145 0.1050 0.7763 
     H071.10  2 0.0105 0.0068 0.0090 0.0126 0.0048 0.0064 0.0099 0.0056 0.9345 
 H071.2_2002  2 0.0085 0.0107 0.0071 0.0064 0.0094 0.0089 0.0080 0.0153 0.9256 
 H071.2_2003  2 0.0051 0.0067 0.0047 0.0048 0.0060 0.0051 0.0038 0.0069 0.9570 
      H071.3  2 0.0117 0.0068 0.0073 0.0265 0.0124 0.0139 0.0111 0.0071 0.9031 
 H071.4_2002  2 0.0153 0.0127 0.0070 0.0230 0.0086 0.0093 0.0165 0.0095 0.8981 
 H071.4_2003  2 0.0098 0.0044 0.0050 0.0099 0.0073 0.0063 0.0037 0.0066 0.9469 
 H071.5_2002  2 0.0063 0.0052 0.0075 0.0080 0.0063 0.0052 0.0056 0.0072 0.9487 
 H071.5_2003  2 0.0119 0.0076 0.0052 0.0161 0.0091 0.0084 0.0047 0.0128 0.9242 
 H071.6_2002  2 0.0177 0.0056 0.0056 0.0094 0.0094 0.0055 0.0048 0.0087 0.9334 
 H071.6_2003  2 0.0096 0.0074 0.0059 0.0140 0.0058 0.0058 0.0045 0.0084 0.9387 
 H071.7_2002  2 0.0066 0.0054 0.0043 0.0048 0.0108 0.0064 0.0041 0.0087 0.9490 
 H071.7_2003  2 0.0102 0.0143 0.0060 0.0255 0.0083 0.0073 0.0061 0.0114 0.9110 
      H071.8  2 0.0088 0.0060 0.0069 0.0062 0.0078 0.0076 0.0084 0.0134 0.9349 
      H071.9  2 0.0291 0.0084 0.0141 0.0233 0.0115 0.0135 0.0177 0.0183 0.8641 
 H081.1_2002  2 0.0049 0.0084 0.0067 0.0071 0.0073 0.0074 0.0058 0.0113 0.9411 
 H081.1_2003  2 0.0297 0.0504 0.1158 0.0934 0.2182 0.0370 0.3432 0.0333 0.0789 
 H081.2_2002  2 0.0063 0.0082 0.0075 0.0065 0.0098 0.0069 0.0050 0.0236 0.9262 
 H081.2_2003  2 0.0310 0.0147 0.0417 0.7176 0.0084 0.0107 0.0172 0.1022 0.0565 
 H081.3_2002  2 0.0079 0.0156 0.0109 0.0124 0.0087 0.0088 0.0089 0.0130 0.9139 
 H081.3_2003  2 0.1060 0.0704 0.0449 0.4003 0.0128 0.0204 0.0271 0.2898 0.0282 
 H081.4_2002  2 0.0073 0.0073 0.0087 0.0092 0.0060 0.0081 0.0047 0.0080 0.9406 
 H081.4_2003  2 0.0423 0.1166 0.1280 0.4077 0.0929 0.0333 0.0344 0.1099 0.0349 
 H081.5_2002  2 0.0068 0.0103 0.0071 0.0101 0.0096 0.0069 0.0055 0.0079 0.9357 
 H081.5_2003  2 0.0331 0.1026 0.1003 0.1481 0.2001 0.0822 0.0503 0.1792 0.1041 
      H081.6  2 0.0073 0.0106 0.0061 0.0057 0.0079 0.0064 0.0057 0.0095 0.9408 
      H081.7  2 0.0055 0.0128 0.0090 0.0137 0.0088 0.0090 0.0052 0.0258 0.9103 
      H081.8  2 0.0147 0.0180 0.0153 0.0256 0.0103 0.0137 0.0166 0.0105 0.8752 
      H083.1  2 0.0144 0.0067 0.0211 0.0095 0.0210 0.0062 0.0101 0.0067 0.9044 
      H083.2  2 0.0101 0.0097 0.0282 0.0114 0.0117 0.0102 0.0110 0.0275 0.8801 
      H083.4  2 0.0199 0.0060 0.0497 0.0092 0.0115 0.0104 0.0221 0.0126 0.8586 
      H083.5  2 0.0088 0.0074 0.0471 0.0076 0.0261 0.0086 0.0290 0.0118 0.8536 
      H083.6  2 0.0161 0.0109 0.0456 0.0141 0.0232 0.0092 0.0133 0.0097 0.8580 
      H083.7  2 0.0205 0.0124 0.0470 0.0098 0.0142 0.0159 0.0177 0.0163 0.8463 
      H083.8  2 0.0127 0.0112 0.0174 0.0075 0.0166 0.0089 0.0078 0.0157 0.9022 
      H083.9  2 0.0099 0.0086 0.0539 0.0086 0.0154 0.0072 0.0129 0.0078 0.8758 
      H084.1  2 0.0236 0.0118 0.0212 0.7961 0.0084 0.0222 0.0963 0.0111 0.0092 
      H084.2  2 0.0416 0.0113 0.0434 0.7392 0.0109 0.0071 0.1194 0.0076 0.0194 
      H084.3  2 0.0156 0.0236 0.0369 0.3383 0.0632 0.1732 0.3328 0.0088 0.0076 
      H084.4  2 0.0262 0.0161 0.0468 0.3585 0.0849 0.1263 0.3157 0.0084 0.0171 
      H084.5  2 0.0151 0.0080 0.0133 0.6645 0.0710 0.1290 0.0792 0.0105 0.0094 
      H084.6  2 0.0131 0.0242 0.0202 0.5203 0.0201 0.1418 0.2450 0.0081 0.0072 
      H084.7  2 0.0328 0.0120 0.0232 0.8611 0.0089 0.0126 0.0262 0.0089 0.0142 
      H084.8  2 0.0102 0.0117 0.0121 0.6361 0.0214 0.1152 0.1807 0.0056 0.0071 
 H085.1_2002  2 0.0100 0.0349 0.2422 0.0126 0.0134 0.0107 0.0335 0.2240 0.4187 
 H085.1_2003  2 0.0220 0.0123 0.1587 0.0354 0.0080 0.0356 0.0200 0.0162 0.6919 
 H085.2_2002  2 0.0215 0.2683 0.2896 0.0519 0.0164 0.0261 0.1291 0.1117 0.0854 
 H085.2_2003  2 0.0186 0.0148 0.1079 0.0186 0.0142 0.0154 0.0120 0.0137 0.7848 
 H085.3_2002  2 0.0086 0.1114 0.1870 0.0461 0.0105 0.0578 0.0088 0.4374 0.1324 
 H085.3_2003  2 0.0128 0.0086 0.0111 0.0311 0.0073 0.0237 0.0065 0.0160 0.8829 
 H085.4_2002  2 0.0222 0.0514 0.0982 0.0311 0.0149 0.0168 0.0718 0.3061 0.3876 
 H085.4_2003  2 0.0078 0.0241 0.0223 0.0243 0.0113 0.0603 0.0067 0.0154 0.8280 
 H085.5_2002  2 0.0077 0.0516 0.0303 0.0247 0.0069 0.0434 0.0090 0.6073 0.2192 
 H085.5_2003  2 0.0138 0.0073 0.0570 0.0165 0.0087 0.0090 0.0086 0.0093 0.8698 
 H085.6_2002  2 0.0116 0.1241 0.3043 0.0485 0.0193 0.0206 0.0260 0.2745 0.1711 
 H085.6_2003  2 0.0181 0.0661 0.0185 0.0836 0.0195 0.3407 0.0086 0.0690 0.3759 
 H085.7_2002  2 0.0202 0.2124 0.2837 0.0548 0.0386 0.0232 0.0180 0.1369 0.2123 
 H085.7_2003  2 0.0106 0.0083 0.0154 0.0193 0.0061 0.0335 0.0099 0.0105 0.8863 
 H085.8_2002  2 0.0223 0.1698 0.0398 0.1609 0.0193 0.0990 0.0183 0.2777 0.1929 
 H085.8_2003  2 0.0192 0.0563 0.4890 0.0292 0.0187 0.0714 0.0171 0.0220 0.2770 
      H085.9  2 0.0093 0.0788 0.1067 0.0226 0.0119 0.0239 0.0447 0.3076 0.3946 
      H088.1  2 0.0325 0.0196 0.8608 0.0132 0.0137 0.0166 0.0104 0.0158 0.0174 
      H088.2  2 0.0215 0.0231 0.8587 0.0128 0.0377 0.0119 0.0086 0.0155 0.0101 
      H088.3  2 0.0185 0.0108 0.8966 0.0125 0.0214 0.0086 0.0073 0.0135 0.0108 
      H088.4  2 0.0405 0.0090 0.7940 0.0518 0.0286 0.0152 0.0095 0.0174 0.0341 
      H088.5  2 0.0150 0.0099 0.9152 0.0116 0.0095 0.0119 0.0064 0.0113 0.0093 
      H088.6  2 0.0272 0.0133 0.8681 0.0156 0.0208 0.0220 0.0070 0.0081 0.0178 
      H088.7  2 0.0168 0.0367 0.6487 0.0137 0.0462 0.0380 0.0149 0.0088 0.1762 
      H088.8  2 0.0512 0.0336 0.5025 0.0239 0.0301 0.0731 0.0187 0.0112 0.2557 
      H091.1  2 0.0110 0.0113 0.8434 0.0322 0.0075 0.0531 0.0073 0.0119 0.0224 
      H091.2  2 0.0222 0.0146 0.7647 0.0127 0.0107 0.1122 0.0058 0.0123 0.0449 
      H109.1  2 0.4498 0.0182 0.0343 0.2308 0.0198 0.0635 0.0396 0.1059 0.0381 
      H109.2  2 0.0461 0.0264 0.0196 0.7123 0.0210 0.0318 0.0147 0.0350 0.0932 
      H109.3  2 0.2879 0.1417 0.0227 0.3094 0.0313 0.0732 0.0158 0.0173 0.1008 
      H109.4  2 0.3537 0.0383 0.0225 0.3697 0.0100 0.0776 0.0351 0.0523 0.0408 
      H109.5  2 0.0502 0.1389 0.0215 0.0607 0.0271 0.2178 0.0053 0.0129 0.4655 
      H109.6  2 0.1183 0.0642 0.0137 0.5922 0.0404 0.0376 0.0174 0.0538 0.0623 
      H126.1  2 0.1133 0.0458 0.0120 0.0111 0.0339 0.0265 0.0085 0.7291 0.0196 
      H126.2  2 0.0524 0.0161 0.0124 0.0252 0.0324 0.0099 0.0365 0.2562 0.5589 
      H126.3  2 0.0721 0.0120 0.0107 0.0061 0.0651 0.0290 0.0262 0.0782 0.7007 
      H126.4  2 0.0697 0.0327 0.0200 0.0151 0.0625 0.0135 0.0131 0.7236 0.0498 
      H126.5  2 0.0465 0.0507 0.0116 0.0145 0.1891 0.0131 0.0087 0.4398 0.2260 
      H126.6  2 0.0093 0.0171 0.0128 0.0075 0.0823 0.0067 0.0052 0.0459 0.8131 
      H126.7  2 0.0120 0.0074 0.0072 0.0083 0.0139 0.0052 0.0040 0.0131 0.9290 
      H130.1  2 0.1459 0.2477 0.1461 0.1262 0.0255 0.0388 0.0093 0.2451 0.0155 
      H130.2  2 0.0886 0.0351 0.0939 0.6669 0.0150 0.0172 0.0103 0.0271 0.0459 
      H130.3  2 0.5949 0.0890 0.0371 0.1948 0.0181 0.0116 0.0052 0.0115 0.0378 
      H130.4  2 0.2931 0.2265 0.0860 0.1397 0.0247 0.0186 0.0469 0.1474 0.0171 
      H130.5  2 0.0294 0.0887 0.2496 0.4386 0.0176 0.0265 0.0081 0.0704 0.0709 
      H133.1  2 0.2994 0.0827 0.0667 0.1646 0.0308 0.0692 0.1462 0.0563 0.0840 
      H133.2  2 0.1325 0.1574 0.0232 0.1558 0.0247 0.0205 0.0147 0.4223 0.0488 
      H133.3  2 0.1117 0.1496 0.0644 0.1423 0.0180 0.0409 0.1333 0.0342 0.3056 
      H133.4  2 0.2624 0.1632 0.0312 0.1554 0.0378 0.0909 0.1076 0.0996 0.0519 
      H133.5  2 0.7707 0.0391 0.0346 0.0514 0.0193 0.0069 0.0221 0.0424 0.0134 
      H133.6  2 0.3208 0.0622 0.1523 0.1684 0.0191 0.0132 0.0137 0.2281 0.0221 
      H133.7  2 0.0228 0.1178 0.0171 0.0852 0.0175 0.5324 0.1025 0.0493 0.0555 
      H133.8  2 0.2943 0.0508 0.0562 0.0575 0.0297 0.1275 0.1570 0.1847 0.0422 
      H133.9  2 0.4890 0.0430 0.0827 0.1014 0.0214 0.0330 0.1351 0.0388 0.0556 
      H147.1  2 0.0067 0.0208 0.0431 0.0623 0.0513 0.3419 0.0235 0.0286 0.4218 
      H147.2  2 0.0056 0.0085 0.0102 0.0111 0.0144 0.0135 0.0058 0.0129 0.9180 
      H147.3  2 0.0056 0.0154 0.0065 0.0162 0.0135 0.0143 0.0058 0.0215 0.9012 
      H147.4  2 0.0049 0.0090 0.0113 0.0160 0.0141 0.0209 0.0258 0.0091 0.8889 
      H147.5  2 0.0201 0.0214 0.0975 0.0582 0.0245 0.0573 0.0095 0.0332 0.6783 
      H147.6  2 0.0198 0.0259 0.1169 0.1146 0.0396 0.0615 0.0095 0.0399 0.5724 
      H147.7  2 0.0064 0.0124 0.0093 0.0320 0.0154 0.0428 0.0309 0.0105 0.8402 
      H147.8  2 0.0072 0.0064 0.0997 0.0164 0.0131 0.0347 0.0321 0.0057 0.7846 
      H147.9  2 0.0059 0.0070 0.0092 0.0102 0.0098 0.0115 0.0065 0.0164 0.9235 
      H148.1  2 0.0653 0.0823 0.0820 0.1751 0.0958 0.2953 0.1113 0.0687 0.0242 
      H148.2  2 0.0343 0.0600 0.0329 0.0414 0.0530 0.5501 0.1003 0.0947 0.0332 
      H148.3  2 0.0144 0.4500 0.0129 0.0241 0.0196 0.4248 0.0251 0.0149 0.0142 
      H148.4  2 0.0456 0.2427 0.0198 0.0186 0.2155 0.3262 0.0542 0.0536 0.0236 
      H148.5  2 0.0304 0.0777 0.0265 0.0416 0.0597 0.6734 0.0532 0.0247 0.0127 
      H148.6  2 0.0133 0.2016 0.0586 0.0288 0.0406 0.4320 0.1686 0.0339 0.0224 
      H148.7  2 0.0725 0.0323 0.0237 0.0277 0.0320 0.7380 0.0437 0.0185 0.0115 
      H148.8  2 0.0094 0.3278 0.0133 0.0090 0.0093 0.5818 0.0193 0.0225 0.0077 
      H148.9  2 0.0711 0.0543 0.0251 0.0647 0.0424 0.3621 0.2647 0.1038 0.0118 
   H166022.1  2 0.0057 0.0099 0.9060 0.0107 0.0074 0.0285 0.0107 0.0078 0.0134 
   H166022.2  2 0.0162 0.0255 0.7383 0.0590 0.0625 0.0247 0.0131 0.0101 0.0505 
   H166022.3  2 0.0117 0.0080 0.9346 0.0121 0.0085 0.0086 0.0054 0.0050 0.0061 
   H166022.4  2 0.0170 0.0069 0.9215 0.0118 0.0179 0.0072 0.0060 0.0050 0.0068 
   H166022.5  2 0.0149 0.0102 0.8830 0.0398 0.0205 0.0083 0.0067 0.0048 0.0118 
   H166022.6  2 0.0098 0.0088 0.9022 0.0151 0.0128 0.0162 0.0164 0.0090 0.0097 
   H166022.7  2 0.9101 0.0058 0.0057 0.0096 0.0096 0.0065 0.0302 0.0098 0.0128 
   H166022.8  2 0.0097 0.0256 0.6748 0.0883 0.1293 0.0286 0.0082 0.0216 0.0138 
   H167397.1  2 0.0104 0.0231 0.0383 0.0224 0.0871 0.2377 0.4783 0.0211 0.0816 
   H167397.2  2 0.0165 0.0713 0.0377 0.0151 0.2123 0.0942 0.4917 0.0336 0.0275 
   H167397.3  2 0.0095 0.0375 0.0292 0.0129 0.1056 0.1458 0.5797 0.0135 0.0663 
   H167397.4  2 0.0183 0.0323 0.0225 0.0158 0.0189 0.0758 0.7447 0.0125 0.0591 
   H167397.5  2 0.0302 0.0301 0.0268 0.0395 0.0657 0.0934 0.6410 0.0379 0.0353 
   H167397.6  2 0.0100 0.0204 0.0218 0.0080 0.0299 0.3055 0.5460 0.0127 0.0456 
   H167496.1  2 0.0457 0.6695 0.1350 0.0569 0.0204 0.0391 0.0109 0.0095 0.0130 
   H167496.2  2 0.0659 0.1033 0.0271 0.1790 0.2955 0.0701 0.0171 0.0251 0.2170 
   H167496.3  2 0.0303 0.4187 0.2753 0.0581 0.0245 0.0574 0.0105 0.0794 0.0459 
   H167496.4  2 0.0113 0.0116 0.9097 0.0104 0.0111 0.0087 0.0071 0.0068 0.0233 
   H167496.6  2 0.0275 0.0115 0.7245 0.0604 0.0913 0.0111 0.0071 0.0191 0.0475 
   H167496.7  2 0.0513 0.3125 0.0684 0.2198 0.0659 0.2343 0.0064 0.0175 0.0238 
   H167496.8  2 0.0208 0.0191 0.6349 0.0698 0.1194 0.0259 0.0084 0.0138 0.0878 
   H167513.1  2 0.1228 0.0275 0.0788 0.3164 0.1889 0.1110 0.0779 0.0465 0.0301 
   H167513.2  2 0.0391 0.1063 0.0335 0.2871 0.0472 0.2490 0.1252 0.0864 0.0261 
   H167513.3  2 0.1546 0.0238 0.0426 0.6479 0.0556 0.0258 0.0130 0.0214 0.0153 
   H167513.4  2 0.0460 0.0117 0.3541 0.2653 0.0368 0.2231 0.0271 0.0224 0.0137 
   H167513.5  2 0.0334 0.0329 0.0761 0.2741 0.0546 0.1448 0.1799 0.1611 0.0432 
   H167513.6  2 0.0248 0.0547 0.0795 0.3978 0.2633 0.0507 0.0323 0.0698 0.0270 
   H167513.7  2 0.0710 0.0156 0.2244 0.4809 0.0271 0.0178 0.0842 0.0359 0.0432 
   H167513.8  2 0.0621 0.0086 0.0113 0.7298 0.1124 0.0081 0.0368 0.0188 0.0120 
   H167547.1  2 0.0146 0.1032 0.0235 0.0400 0.0250 0.7460 0.0195 0.0204 0.0078 
   H167547.2  2 0.0067 0.0188 0.0200 0.0152 0.0065 0.9075 0.0085 0.0088 0.0080 
   H167547.3  2 0.0078 0.0271 0.0231 0.0190 0.0083 0.8839 0.0116 0.0096 0.0096 
   H167547.4  2 0.0236 0.1239 0.5871 0.0336 0.0159 0.1046 0.0441 0.0590 0.0083 
   H167547.5  2 0.0108 0.0150 0.0558 0.0205 0.0098 0.8501 0.0094 0.0204 0.0082 
   H167547.6  2 0.0069 0.0140 0.0691 0.0159 0.0074 0.8465 0.0084 0.0207 0.0111 
   H167547.7  2 0.0169 0.8372 0.0138 0.0272 0.0119 0.0264 0.0112 0.0424 0.0131 
   H169750.1  2 0.1913 0.2795 0.1437 0.1984 0.0574 0.0211 0.0168 0.0540 0.0377 
   H169750.2  2 0.0538 0.0616 0.0198 0.1596 0.0679 0.3491 0.0467 0.0614 0.1801 
   H169750.3  2 0.2037 0.1079 0.0391 0.4408 0.0215 0.0318 0.0063 0.0728 0.0763 
   H169750.4  2 0.1340 0.1606 0.0181 0.0273 0.4474 0.0405 0.0689 0.0531 0.0502 
   H169750.5  2 0.2577 0.2152 0.0980 0.1387 0.0189 0.0336 0.0162 0.0536 0.1681 
   H169750.6  2 0.1182 0.0246 0.0328 0.1282 0.0144 0.0276 0.0119 0.0974 0.5447 
   H169750.7  2 0.1519 0.2428 0.0179 0.1247 0.1943 0.0648 0.0259 0.0784 0.0992 
   H171929.1  2 0.0164 0.0650 0.0290 0.0329 0.0471 0.1370 0.4700 0.1683 0.0342 
  H171929.10  2 0.0112 0.0699 0.1907 0.2060 0.0582 0.2069 0.0747 0.0618 0.1205 
  H171929.11  2 0.0256 0.0308 0.0320 0.1194 0.0358 0.1075 0.3459 0.2759 0.0271 
   H171929.2  2 0.0291 0.0355 0.0227 0.3242 0.0150 0.4091 0.0280 0.1213 0.0151 
   H171929.3  2 0.0231 0.0334 0.0404 0.1752 0.0149 0.4758 0.1522 0.0609 0.0240 
   H171929.4  2 0.0509 0.2796 0.2166 0.1181 0.0165 0.1123 0.0107 0.1517 0.0436 
   H171929.5  2 0.0648 0.0199 0.0342 0.3814 0.0423 0.3295 0.0692 0.0359 0.0227 
   H171929.6  2 0.0432 0.0113 0.0212 0.4374 0.0401 0.1883 0.1701 0.0738 0.0146 
   H171929.7  2 0.0575 0.0971 0.0430 0.0959 0.0248 0.1087 0.0330 0.4953 0.0447 
   H171929.8  2 0.0147 0.0930 0.0455 0.1031 0.0236 0.0471 0.0185 0.6315 0.0230 
   H171929.9  2 0.0305 0.0301 0.1668 0.2452 0.0341 0.0328 0.0087 0.3667 0.0852 
   H171930.1  2 0.1241 0.0086 0.0122 0.7278 0.0363 0.0333 0.0276 0.0153 0.0148 
   H171930.2  2 0.0868 0.0153 0.0608 0.6818 0.0100 0.0795 0.0101 0.0273 0.0284 
   H171930.3  2 0.0703 0.0125 0.0165 0.8078 0.0169 0.0327 0.0222 0.0109 0.0102 
   H171930.4  2 0.1175 0.0112 0.0279 0.6816 0.0169 0.1137 0.0140 0.0078 0.0094 
   H171930.5  2 0.0806 0.0134 0.0231 0.7654 0.0107 0.0209 0.0148 0.0465 0.0247 
   H171930.6  2 0.0852 0.0121 0.0216 0.7413 0.0238 0.0466 0.0076 0.0098 0.0519 
   H171930.7  2 0.0207 0.0106 0.0105 0.8564 0.0236 0.0190 0.0379 0.0128 0.0085 
   H171930.8  2 0.0138 0.0111 0.0139 0.8657 0.0341 0.0220 0.0192 0.0098 0.0105 
   H171933.1  2 0.0083 0.0248 0.8706 0.0152 0.0062 0.0170 0.0406 0.0086 0.0088 
   H171933.2  2 0.0087 0.0142 0.8542 0.0135 0.0121 0.0154 0.0534 0.0130 0.0156 
   H171933.3  2 0.0097 0.0179 0.8608 0.0257 0.0082 0.0257 0.0130 0.0315 0.0077 
   H171933.4  2 0.0089 0.0170 0.6916 0.2219 0.0133 0.0142 0.0069 0.0175 0.0087 
   H171933.5  2 0.0230 0.0576 0.3544 0.4008 0.0490 0.0332 0.0130 0.0621 0.0070 
   H171933.6  2 0.0104 0.0069 0.9295 0.0086 0.0068 0.0086 0.0050 0.0085 0.0157 
   H171933.7  2 0.0146 0.0231 0.6497 0.1106 0.0327 0.0689 0.0211 0.0641 0.0153 
   H171933.8  2 0.0119 0.0239 0.4750 0.2717 0.0851 0.0388 0.0533 0.0278 0.0124 
   H171933.9  2 0.0128 0.0059 0.8772 0.0608 0.0093 0.0128 0.0041 0.0107 0.0066 
      H190.1  2 0.1662 0.0300 0.0278 0.6901 0.0144 0.0365 0.0058 0.0113 0.0180 
      H190.2  2 0.0071 0.0121 0.0080 0.0200 0.0096 0.8755 0.0057 0.0312 0.0309 
      H190.3  2 0.0202 0.0470 0.0209 0.0261 0.0077 0.7845 0.0086 0.0691 0.0160 
      H190.4  2 0.0673 0.0752 0.1030 0.6876 0.0068 0.0216 0.0085 0.0194 0.0105 
      H190.5  2 0.0221 0.0122 0.0155 0.0308 0.0229 0.7877 0.0052 0.0473 0.0563 
      H190.6  2 0.0528 0.1675 0.0949 0.5796 0.0075 0.0492 0.0114 0.0224 0.0147 
      H190.7  2 0.0152 0.3692 0.0351 0.0513 0.0127 0.0813 0.0111 0.4074 0.0167 
      H190.8  2 0.0569 0.0228 0.0182 0.3022 0.0776 0.3701 0.0063 0.0966 0.0492 
      H190.9  2 0.0177 0.0416 0.0157 0.1485 0.0186 0.6503 0.0109 0.0844 0.0124 
      H400.1  2 0.0081 0.0063 0.9246 0.0159 0.0099 0.0081 0.0076 0.0092 0.0102 
      H400.2  2 0.0094 0.0054 0.9122 0.0176 0.0092 0.0091 0.0069 0.0100 0.0203 
      H400.3  2 0.0234 0.0193 0.8503 0.0246 0.0125 0.0153 0.0111 0.0268 0.0167 
      H400.4  2 0.0156 0.0069 0.8704 0.0237 0.0157 0.0196 0.0053 0.0139 0.0290 
      H400.5  2 0.0179 0.0187 0.8874 0.0272 0.0065 0.0111 0.0082 0.0108 0.0122 
      H400.6  2 0.0093 0.0048 0.9222 0.0101 0.0086 0.0096 0.0044 0.0187 0.0123 
      H400.7  2 0.0092 0.0122 0.9143 0.0169 0.0087 0.0119 0.0066 0.0128 0.0074 
 H428.1_2005  2 0.0130 0.0067 0.9324 0.0072 0.0088 0.0070 0.0067 0.0080 0.0102 
 H428.1_2006  2 0.0081 0.0208 0.9057 0.0054 0.0264 0.0081 0.0076 0.0064 0.0115 
 H428.2_2005  2 0.0062 0.0070 0.9388 0.0096 0.0091 0.0087 0.0092 0.0055 0.0060 
 H428.2_2006  2 0.0082 0.0096 0.8825 0.0177 0.0115 0.0063 0.0078 0.0075 0.0489 
 H428.3_2005  2 0.0089 0.0109 0.9426 0.0068 0.0082 0.0065 0.0041 0.0051 0.0069 
 H428.3_2006  2 0.0093 0.0090 0.8981 0.0107 0.0153 0.0099 0.0111 0.0068 0.0296 
 H428.4_2005  2 0.0118 0.0191 0.9294 0.0069 0.0086 0.0064 0.0071 0.0039 0.0068 
 H428.4_2006  2 0.0067 0.0084 0.9409 0.0047 0.0073 0.0063 0.0091 0.0073 0.0093 
 H428.5_2005  2 0.0068 0.0058 0.9172 0.0069 0.0054 0.0058 0.0295 0.0076 0.0150 
 H428.6_2005  2 0.0111 0.0206 0.9169 0.0078 0.0133 0.0061 0.0051 0.0080 0.0112 
 H428.6_2006  2 0.0329 0.0134 0.8572 0.0108 0.0171 0.0065 0.0317 0.0108 0.0195 
      H428.7  2 0.0110 0.0035 0.9438 0.0059 0.0052 0.0057 0.0045 0.0105 0.0099 
      H428.8  2 0.0142 0.0068 0.9016 0.0158 0.0074 0.0110 0.0168 0.0090 0.0173 
      H428.9  2 0.0064 0.0050 0.9334 0.0083 0.0060 0.0071 0.0163 0.0077 0.0098 
      H453.1  2 0.0258 0.0077 0.8582 0.0175 0.0258 0.0089 0.0059 0.0076 0.0425 
      H453.2  2 0.0293 0.0141 0.8747 0.0303 0.0100 0.0111 0.0060 0.0150 0.0094 
      H453.3  2 0.0134 0.0193 0.8863 0.0212 0.0104 0.0107 0.0045 0.0245 0.0098 
      H453.4  2 0.0210 0.0114 0.8947 0.0275 0.0107 0.0093 0.0046 0.0120 0.0089 
      H453.5  2 0.0247 0.0075 0.8779 0.0194 0.0098 0.0087 0.0069 0.0071 0.0381 
      H453.6  2 0.0167 0.0048 0.9078 0.0135 0.0066 0.0071 0.0043 0.0055 0.0337 
      H453.7  2 0.0149 0.1023 0.1444 0.2687 0.0762 0.0418 0.0047 0.1317 0.2153 
      H453.8  2 0.0220 0.1023 0.2861 0.2969 0.0515 0.0492 0.0066 0.0420 0.1434 
      H453.9  2 0.0570 0.0195 0.2645 0.1704 0.0390 0.0090 0.0058 0.0392 0.3955 
      H512.1  2 0.1528 0.0213 0.6428 0.1074 0.0178 0.0171 0.0042 0.0129 0.0237 
     H512.10  2 0.2728 0.0490 0.2065 0.1315 0.1404 0.0636 0.0658 0.0128 0.0577 
      H512.2  2 0.2425 0.0217 0.1869 0.0708 0.1908 0.2312 0.0183 0.0220 0.0157 
      H512.3  2 0.7345 0.0478 0.0409 0.0295 0.0802 0.0296 0.0184 0.0086 0.0104 
      H512.4  2 0.0421 0.0385 0.1792 0.3984 0.1504 0.0835 0.0191 0.0146 0.0742 
      H512.5  2 0.7223 0.0559 0.0238 0.0216 0.1296 0.0137 0.0144 0.0061 0.0127 
      H512.6  2 0.4158 0.1570 0.0531 0.1822 0.1275 0.0320 0.0063 0.0147 0.0115 
      H512.7  2 0.8562 0.0133 0.0455 0.0095 0.0259 0.0172 0.0100 0.0074 0.0150 
      H512.8  2 0.1654 0.0138 0.0601 0.0944 0.0947 0.5325 0.0091 0.0175 0.0126 
      H512.9  2 0.7464 0.0314 0.1106 0.0172 0.0373 0.0185 0.0121 0.0121 0.0145 
      H513.1  2 0.0051 0.0054 0.9378 0.0088 0.0075 0.0080 0.0112 0.0069 0.0093 
      H513.2  2 0.0064 0.0070 0.9175 0.0139 0.0085 0.0134 0.0113 0.0087 0.0135 
      H513.3  2 0.0058 0.0052 0.9446 0.0097 0.0059 0.0075 0.0053 0.0080 0.0080 
      H513.4  2 0.0122 0.0119 0.8836 0.0265 0.0117 0.0122 0.0048 0.0079 0.0293 
      H513.5  2 0.0221 0.0068 0.8981 0.0214 0.0149 0.0058 0.0123 0.0086 0.0100 
      H513.6  2 0.0175 0.0181 0.2783 0.2655 0.0148 0.0383 0.3223 0.0246 0.0206 
      H532.1  2 0.0167 0.0174 0.8399 0.0091 0.0185 0.0179 0.0121 0.0087 0.0597 
      H532.2  2 0.0103 0.0423 0.7341 0.1043 0.0109 0.0256 0.0120 0.0143 0.0463 
