      H105.1  1 0.0066 0.0139 0.0122 0.7935 0.0052 0.0097 0.0098 0.0129 0.0048 0.0079 0.0106 0.0348 0.0306 0.0192 0.0199 0.0084 
      H105.2  1 0.0101 0.0129 0.0572 0.6633 0.0121 0.0286 0.0220 0.0222 0.0398 0.0111 0.0140 0.0207 0.0103 0.0063 0.0494 0.0201 
      H105.3  1 0.0060 0.0193 0.0143 0.8352 0.0083 0.0054 0.0197 0.0066 0.0129 0.0086 0.0092 0.0119 0.0065 0.0103 0.0162 0.0096 
      H105.4  1 0.0070 0.0378 0.0258 0.6019 0.0358 0.0268 0.0082 0.0214 0.0359 0.0246 0.0091 0.0896 0.0083 0.0231 0.0294 0.0154 
      H105.5  1 0.0087 0.1063 0.0320 0.1247 0.0208 0.0427 0.0486 0.1532 0.0496 0.0730 0.0122 0.1056 0.0454 0.0620 0.0544 0.0608 
      H105.6  1 0.0048 0.0115 0.0080 0.8433 0.0113 0.0065 0.0084 0.0072 0.0158 0.0229 0.0085 0.0180 0.0043 0.0136 0.0069 0.0089 
      H105.7  1 0.0049 0.0111 0.0069 0.8346 0.0052 0.0275 0.0062 0.0065 0.0049 0.0056 0.0182 0.0385 0.0109 0.0057 0.0059 0.0074 
      H105.8  1 0.0089 0.0084 0.0106 0.8354 0.0070 0.0068 0.0118 0.0108 0.0093 0.0086 0.0269 0.0166 0.0056 0.0041 0.0240 0.0052 
      H115.1  1 0.0129 0.0186 0.0248 0.0241 0.0437 0.0206 0.0574 0.1770 0.0294 0.3616 0.0577 0.0310 0.0483 0.0281 0.0440 0.0207 
      H115.2  1 0.0208 0.0077 0.0086 0.0221 0.0286 0.0119 0.0167 0.4519 0.0280 0.3114 0.0145 0.0123 0.0192 0.0149 0.0111 0.0205 
      H115.3  1 0.0093 0.0117 0.0148 0.0101 0.0126 0.0056 0.0051 0.2730 0.0402 0.5413 0.0090 0.0091 0.0267 0.0128 0.0082 0.0104 
      H115.4  1 0.0074 0.0092 0.0220 0.0115 0.0068 0.0056 0.0240 0.8086 0.0059 0.0109 0.0075 0.0076 0.0270 0.0211 0.0128 0.0121 
      H115.5  1 0.0740 0.0330 0.1775 0.0490 0.0118 0.0153 0.0143 0.0983 0.0183 0.3569 0.0285 0.0173 0.0254 0.0464 0.0157 0.0182 
      H115.6  1 0.0171 0.0149 0.0237 0.0135 0.0154 0.0346 0.0221 0.1628 0.0775 0.5001 0.0144 0.0083 0.0342 0.0145 0.0088 0.0382 
      H115.7  1 0.0059 0.0237 0.0644 0.0132 0.0673 0.0730 0.0277 0.2355 0.0520 0.1166 0.0064 0.0170 0.0412 0.0272 0.0132 0.2155 
      H115.8  1 0.1070 0.0103 0.0302 0.0185 0.0123 0.0125 0.0170 0.2168 0.0230 0.4227 0.0609 0.0147 0.0222 0.0089 0.0119 0.0111 
      H115.9  1 0.0054 0.0057 0.0054 0.0067 0.0099 0.0074 0.0330 0.0302 0.0092 0.7758 0.0353 0.0303 0.0233 0.0066 0.0086 0.0073 
      H145.1  1 0.0755 0.0173 0.0049 0.0075 0.0088 0.0075 0.0123 0.0195 0.0596 0.0229 0.0193 0.0230 0.0094 0.6818 0.0051 0.0255 
      H145.2  1 0.0692 0.0104 0.0042 0.0150 0.0118 0.0289 0.0070 0.0190 0.0237 0.1269 0.0108 0.0251 0.0092 0.6070 0.0111 0.0206 
      H145.3  1 0.1354 0.0137 0.0251 0.0056 0.0059 0.0109 0.0054 0.0113 0.0307 0.0094 0.0716 0.0264 0.0078 0.6238 0.0046 0.0125 
      H145.4  1 0.0398 0.0103 0.0107 0.0094 0.0115 0.0124 0.0061 0.0142 0.0225 0.0085 0.0089 0.0307 0.0139 0.7274 0.0046 0.0689 
      H145.5  1 0.3325 0.0096 0.0091 0.0047 0.0061 0.0057 0.0051 0.0078 0.0415 0.0064 0.0130 0.0103 0.0062 0.5224 0.0034 0.0162 
      H145.6  1 0.0661 0.0056 0.0252 0.0118 0.0104 0.1064 0.0056 0.0180 0.0176 0.0506 0.0078 0.0248 0.0212 0.5890 0.0071 0.0329 
      H145.7  1 0.0181 0.0075 0.0544 0.0050 0.0083 0.0115 0.0039 0.0242 0.0161 0.0057 0.0082 0.0287 0.0118 0.7674 0.0048 0.0246 
      H149.1  1 0.0056 0.0050 0.0042 0.0044 0.0063 0.0055 0.0057 0.0046 0.0065 0.0053 0.0048 0.0037 0.0052 0.9219 0.0067 0.0045 
      H149.2  1 0.0040 0.0104 0.0043 0.0039 0.0048 0.0084 0.0061 0.0059 0.0090 0.0057 0.0037 0.0047 0.0100 0.9072 0.0054 0.0065 
      H149.3  1 0.0060 0.0129 0.0075 0.0064 0.0145 0.0167 0.0055 0.0119 0.0119 0.0082 0.0051 0.0063 0.0184 0.8356 0.0138 0.0192 
      H149.4  1 0.0125 0.0149 0.0086 0.0237 0.0869 0.0122 0.0072 0.0066 0.0196 0.0118 0.0079 0.0075 0.0152 0.7332 0.0247 0.0075 
      H149.5  1 0.0048 0.0133 0.0093 0.0162 0.0247 0.0470 0.0052 0.0077 0.0092 0.0041 0.0085 0.0073 0.0641 0.7501 0.0184 0.0102 
      H149.6  1 0.0039 0.0075 0.0057 0.0056 0.0084 0.0246 0.0069 0.0050 0.0076 0.0040 0.0042 0.0061 0.0108 0.8837 0.0055 0.0105 
      H149.7  1 0.0122 0.0222 0.0115 0.0330 0.1287 0.1507 0.0127 0.0082 0.0179 0.0058 0.0152 0.0087 0.0361 0.4118 0.0940 0.0314 
      H150.1  1 0.0138 0.0069 0.0092 0.0132 0.0070 0.0074 0.0051 0.2698 0.0121 0.6012 0.0159 0.0105 0.0081 0.0041 0.0047 0.0112 
      H150.2  1 0.0331 0.0174 0.0093 0.0186 0.0113 0.0199 0.0217 0.4406 0.0110 0.3473 0.0072 0.0054 0.0184 0.0100 0.0087 0.0202 
      H150.3  1 0.0225 0.0178 0.0208 0.0200 0.0123 0.0586 0.0358 0.1675 0.0250 0.4560 0.0199 0.0140 0.0156 0.0086 0.0103 0.0953 
      H150.4  1 0.0229 0.0082 0.0126 0.0102 0.0049 0.0135 0.0141 0.0234 0.0077 0.8209 0.0107 0.0121 0.0097 0.0042 0.0055 0.0191 
      H150.5  1 0.0075 0.0227 0.0116 0.0428 0.0281 0.0174 0.0066 0.5503 0.0316 0.1914 0.0083 0.0116 0.0186 0.0087 0.0087 0.0340 
      H150.6  1 0.0124 0.0124 0.0325 0.1050 0.0188 0.0140 0.0074 0.6339 0.0228 0.0437 0.0045 0.0047 0.0481 0.0097 0.0079 0.0221 
      H150.7  1 0.0189 0.0058 0.0099 0.0136 0.0059 0.0050 0.0076 0.0347 0.0287 0.8251 0.0101 0.0066 0.0045 0.0051 0.0056 0.0130 
   H169607.1  1 0.0287 0.2310 0.0348 0.0134 0.0222 0.0608 0.1221 0.1387 0.1023 0.0381 0.0287 0.0370 0.0218 0.0361 0.0582 0.0262 
   H169607.2  1 0.0041 0.0302 0.0070 0.0069 0.0402 0.0145 0.0169 0.0277 0.0452 0.0249 0.0215 0.7065 0.0117 0.0149 0.0159 0.0119 
   H169607.3  1 0.0173 0.1799 0.0304 0.0086 0.0126 0.1429 0.0198 0.0928 0.0594 0.0163 0.0519 0.1655 0.0917 0.0413 0.0484 0.0215 
   H169607.4  1 0.0067 0.0697 0.0067 0.0110 0.0163 0.0173 0.0135 0.0109 0.4627 0.0119 0.0084 0.3253 0.0071 0.0109 0.0110 0.0105 
   H169607.5  1 0.0093 0.1058 0.0056 0.0072 0.1416 0.0143 0.0155 0.0824 0.0366 0.0318 0.0377 0.3798 0.0465 0.0683 0.0073 0.0103 
   H169607.6  1 0.0039 0.0241 0.0089 0.0059 0.0160 0.0130 0.0154 0.0176 0.0202 0.0106 0.0121 0.8022 0.0083 0.0113 0.0228 0.0076 
   H169607.7  1 0.0061 0.0375 0.0127 0.0178 0.0303 0.0118 0.0154 0.4225 0.0171 0.0130 0.0542 0.2345 0.0113 0.0167 0.0866 0.0125 
   H169607.8  1 0.0053 0.0910 0.0076 0.0045 0.0124 0.0137 0.0105 0.0071 0.1123 0.0150 0.0098 0.6677 0.0067 0.0085 0.0190 0.0088 
   H169633.1  1 0.0159 0.0057 0.0215 0.0150 0.0050 0.0084 0.0096 0.0095 0.0177 0.0138 0.0064 0.0066 0.0142 0.8209 0.0112 0.0187 
   H169633.2  1 0.0069 0.0051 0.0147 0.0194 0.0071 0.0370 0.0510 0.0123 0.0070 0.0055 0.0205 0.0031 0.0047 0.7696 0.0180 0.0181 
   H169633.3  1 0.0059 0.0084 0.0098 0.0156 0.0077 0.0076 0.0087 0.0095 0.0075 0.0078 0.0179 0.0048 0.0115 0.8500 0.0090 0.0181 
   H169633.4  1 0.0202 0.0068 0.0207 0.0157 0.0078 0.0065 0.0064 0.0068 0.0232 0.0147 0.0071 0.0073 0.0134 0.8150 0.0130 0.0154 
   H169633.5  1 0.0185 0.0063 0.0140 0.0146 0.0070 0.0047 0.0071 0.0091 0.0155 0.0109 0.0069 0.0069 0.0202 0.8371 0.0101 0.0112 
   H169688.1  1 0.0048 0.0101 0.2630 0.0072 0.0213 0.1974 0.0116 0.1456 0.0252 0.0102 0.0145 0.0890 0.0083 0.1626 0.0175 0.0117 
   H169688.2  1 0.0209 0.0089 0.1300 0.0171 0.0370 0.3709 0.0072 0.2227 0.0104 0.0247 0.0183 0.0239 0.0107 0.0131 0.0764 0.0079 
   H169688.3  1 0.0075 0.0057 0.0269 0.0125 0.0280 0.0963 0.0068 0.6577 0.0109 0.0197 0.0043 0.0103 0.0170 0.0694 0.0193 0.0077 
   H169688.4  1 0.0129 0.0057 0.0163 0.0076 0.0098 0.0163 0.0061 0.7609 0.0085 0.1032 0.0051 0.0092 0.0098 0.0118 0.0112 0.0056 
   H169688.5  1 0.0141 0.0070 0.0177 0.0090 0.0141 0.0181 0.0067 0.7398 0.0071 0.1202 0.0045 0.0103 0.0093 0.0102 0.0063 0.0056 
   H169688.6  1 0.0649 0.0077 0.0837 0.0318 0.0631 0.1375 0.0063 0.2726 0.0087 0.0440 0.0078 0.0294 0.0116 0.1033 0.1222 0.0054 
   H169688.7  1 0.0104 0.0056 0.0260 0.0068 0.0164 0.0186 0.0053 0.7576 0.0172 0.0108 0.0076 0.0087 0.0092 0.0728 0.0175 0.0096 
   H171901.1  1 0.0606 0.0087 0.0193 0.0162 0.0090 0.5171 0.0104 0.1633 0.0239 0.0359 0.0071 0.0130 0.0183 0.0116 0.0177 0.0677 
   H171901.2  1 0.0127 0.0112 0.0118 0.0240 0.0143 0.0081 0.0083 0.0457 0.0829 0.0424 0.0138 0.0249 0.0097 0.6613 0.0135 0.0153 
   H171901.3  1 0.0095 0.0115 0.0274 0.0120 0.0351 0.0891 0.0132 0.0571 0.2015 0.0380 0.0130 0.0093 0.0264 0.4096 0.0359 0.0115 
   H171901.4  1 0.0091 0.0305 0.0192 0.0446 0.0518 0.0200 0.0301 0.1253 0.0771 0.0257 0.0207 0.0110 0.0130 0.4911 0.0202 0.0105 
   H171901.5  1 0.0076 0.0270 0.0065 0.0212 0.1905 0.0288 0.0191 0.0626 0.3091 0.0131 0.0118 0.0106 0.0170 0.2341 0.0328 0.0083 
   H171901.6  1 0.0075 0.0393 0.0060 0.0388 0.1346 0.0275 0.0203 0.0963 0.2521 0.0215 0.0126 0.0164 0.0122 0.2706 0.0295 0.0148 
   H171901.7  1 0.0072 0.0061 0.0089 0.0107 0.2363 0.0258 0.0067 0.0845 0.0420 0.0129 0.0252 0.0075 0.0169 0.4798 0.0173 0.0122 
   H171902.1  1 0.0329 0.0123 0.0074 0.0066 0.0172 0.0080 0.0334 0.0112 0.7961 0.0111 0.0132 0.0112 0.0037 0.0130 0.0160 0.0067 
  H171902.10  1 0.0085 0.0057 0.0071 0.0038 0.0246 0.0045 0.0061 0.0093 0.8809 0.0055 0.0044 0.0085 0.0042 0.0073 0.0151 0.0046 
   H171902.2  1 0.0429 0.0261 0.1419 0.0265 0.0514 0.0846 0.0314 0.0198 0.3627 0.0139 0.0612 0.0123 0.0082 0.0215 0.0860 0.0096 
   H171902.3  1 0.0113 0.0278 0.0125 0.0114 0.0835 0.0167 0.0295 0.0398 0.5473 0.0335 0.0127 0.0170 0.0083 0.0344 0.1037 0.0104 
   H171902.4  1 0.0135 0.0056 0.0069 0.0081 0.0069 0.0067 0.0067 0.0049 0.8655 0.0108 0.0080 0.0070 0.0042 0.0304 0.0064 0.0083 
   H171902.6  1 0.0093 0.0062 0.0046 0.0034 0.0097 0.0048 0.0058 0.0062 0.8942 0.0070 0.0037 0.0071 0.0040 0.0078 0.0167 0.0095 
   H171902.7  1 0.0110 0.0176 0.0032 0.0054 0.0114 0.0115 0.0069 0.0147 0.8567 0.0050 0.0049 0.0130 0.0055 0.0183 0.0068 0.0080 
   H171902.8  1 0.0175 0.0099 0.0103 0.0045 0.0656 0.0115 0.0093 0.0138 0.7602 0.0106 0.0072 0.0104 0.0068 0.0108 0.0404 0.0114 
   H171902.9  1 0.0265 0.0112 0.0062 0.0100 0.0120 0.0086 0.0072 0.0072 0.8184 0.0485 0.0081 0.0091 0.0041 0.0075 0.0067 0.0088 
   H171903.1  1 0.0045 0.0198 0.0048 0.0113 0.0300 0.0090 0.0149 0.0458 0.0079 0.0147 0.0133 0.7889 0.0136 0.0086 0.0051 0.0077 
   H171903.2  1 0.0111 0.0185 0.0053 0.0112 0.0136 0.0097 0.0129 0.0503 0.0110 0.0164 0.0320 0.7583 0.0220 0.0132 0.0087 0.0058 
   H171903.3  1 0.0141 0.0546 0.0084 0.0157 0.0882 0.0357 0.0700 0.1628 0.0516 0.0186 0.0281 0.2156 0.1601 0.0453 0.0150 0.0162 
   H171903.4  1 0.0085 0.0281 0.0141 0.0095 0.0211 0.5715 0.0063 0.0772 0.1243 0.0175 0.0077 0.0547 0.0155 0.0147 0.0076 0.0215 
   H171903.5  1 0.0111 0.0309 0.0086 0.0141 0.0273 0.0240 0.0523 0.5082 0.0109 0.0137 0.0153 0.0455 0.1594 0.0389 0.0307 0.0091 
   H171903.6  1 0.0050 0.0758 0.0085 0.0083 0.0705 0.0292 0.0062 0.4794 0.0224 0.0145 0.0177 0.1246 0.0534 0.0654 0.0113 0.0077 
      H177.1  1 0.0118 0.0165 0.0056 0.0047 0.3490 0.2210 0.0067 0.0143 0.1529 0.0189 0.0074 0.0273 0.0135 0.1066 0.0309 0.0131 
      H177.2  1 0.0201 0.2091 0.0135 0.0077 0.1017 0.0119 0.0138 0.0332 0.0706 0.0293 0.0600 0.0274 0.0376 0.2473 0.1008 0.0160 
      H177.3  1 0.0168 0.0530 0.0047 0.0059 0.2874 0.0086 0.0075 0.0270 0.1474 0.0346 0.0152 0.0138 0.0205 0.2602 0.0726 0.0249 
      H177.4  1 0.0096 0.0462 0.0052 0.0191 0.1368 0.1903 0.0082 0.0094 0.0514 0.0049 0.0101 0.0167 0.0257 0.3925 0.0657 0.0081 
      H177.5  1 0.0099 0.0455 0.0138 0.0488 0.0964 0.4940 0.0048 0.0201 0.0627 0.0164 0.0266 0.0338 0.0884 0.0133 0.0138 0.0118 
      H177.6  1 0.0219 0.0336 0.0046 0.0058 0.2920 0.0117 0.0076 0.0214 0.1481 0.0445 0.0120 0.0096 0.0232 0.2810 0.0563 0.0267 
      H179.1  1 0.0043 0.0191 0.0057 0.0131 0.0266 0.0178 0.0296 0.0079 0.0085 0.0086 0.0078 0.0056 0.0083 0.0059 0.8200 0.0111 
      H179.2  1 0.0042 0.0406 0.0063 0.0095 0.0319 0.0133 0.1029 0.0369 0.0110 0.0086 0.0150 0.0105 0.0186 0.0097 0.6654 0.0156 
      H179.3  1 0.0060 0.0132 0.0196 0.0177 0.0317 0.0661 0.0402 0.0405 0.0121 0.0248 0.0379 0.0393 0.0389 0.0076 0.5943 0.0101 
      H179.4  1 0.0058 0.0274 0.0193 0.0152 0.1090 0.0213 0.0283 0.0103 0.0213 0.0070 0.0202 0.0160 0.0142 0.1716 0.4941 0.0191 
      H180.1  1 0.0110 0.0058 0.0155 0.0085 0.0096 0.0053 0.0151 0.8623 0.0072 0.0067 0.0051 0.0055 0.0098 0.0048 0.0236 0.0043 
      H180.2  1 0.0099 0.0094 0.0459 0.0209 0.0210 0.0098 0.0084 0.8080 0.0113 0.0126 0.0050 0.0071 0.0053 0.0065 0.0138 0.0051 
      H180.3  1 0.0324 0.0103 0.0104 0.0139 0.0113 0.0050 0.0511 0.6360 0.0062 0.1286 0.0458 0.0102 0.0172 0.0062 0.0050 0.0104 
      H180.4  1 0.0199 0.0074 0.0321 0.0876 0.0345 0.0170 0.0084 0.6654 0.0121 0.0111 0.0134 0.0073 0.0161 0.0104 0.0471 0.0101 
      H180.5  1 0.0182 0.0121 0.0220 0.0096 0.0099 0.0109 0.0060 0.8325 0.0085 0.0088 0.0101 0.0087 0.0098 0.0074 0.0180 0.0075 
      H180.6  1 0.0481 0.0143 0.0274 0.0183 0.0199 0.0078 0.0087 0.2310 0.0083 0.0202 0.5065 0.0230 0.0119 0.0131 0.0092 0.0322 
      H181.1  1 0.0153 0.0155 0.1312 0.0094 0.0122 0.0084 0.0135 0.0132 0.0321 0.0060 0.0064 0.0312 0.2063 0.2223 0.2670 0.0102 
      H181.2  1 0.0152 0.0135 0.0899 0.0121 0.0481 0.0155 0.0183 0.0203 0.0450 0.0132 0.0060 0.0213 0.0279 0.1111 0.5236 0.0191 
      H181.3  1 0.0101 0.0240 0.1802 0.0086 0.0322 0.0097 0.0058 0.0091 0.0532 0.0078 0.0102 0.0207 0.0112 0.0343 0.5723 0.0105 
      H181.4  1 0.0040 0.0666 0.0674 0.0126 0.0780 0.0226 0.0106 0.0423 0.0309 0.0524 0.0129 0.0285 0.3038 0.1905 0.0575 0.0196 
      H181.5  1 0.0109 0.0152 0.0403 0.0086 0.0064 0.0140 0.0131 0.0064 0.0084 0.0052 0.0095 0.0080 0.0110 0.0108 0.8148 0.0175 
      H181.6  1 0.0064 0.0197 0.0117 0.0298 0.0225 0.0136 0.0423 0.0441 0.0276 0.0198 0.0075 0.0157 0.0175 0.0178 0.6894 0.0148 
      H181.7  1 0.0082 0.0078 0.0106 0.0110 0.0100 0.0072 0.0084 0.0138 0.0134 0.0101 0.0111 0.0123 0.0141 0.0258 0.8285 0.0077 
 H194.1_2004  1 0.0074 0.0095 0.0041 0.0110 0.0912 0.0200 0.0107 0.0600 0.0158 0.0107 0.0111 0.6405 0.0097 0.0359 0.0060 0.0565 
 H194.2_2004  1 0.0567 0.0070 0.0060 0.0051 0.0673 0.4479 0.0070 0.0256 0.0303 0.0068 0.0074 0.1944 0.0229 0.0361 0.0078 0.0713 
 H194.3_2004  1 0.0108 0.0089 0.0066 0.0089 0.1435 0.0284 0.0067 0.0080 0.0605 0.0080 0.0090 0.0553 0.0087 0.5325 0.0159 0.0883 
 H194.4_2004  1 0.0291 0.0102 0.0070 0.0065 0.0163 0.2712 0.0092 0.0108 0.0653 0.0075 0.0078 0.0731 0.0074 0.4540 0.0074 0.0170 
 H194.5_2004  1 0.0062 0.0237 0.0070 0.0393 0.1149 0.0548 0.0131 0.0107 0.0574 0.0140 0.0261 0.1478 0.0125 0.3890 0.0128 0.0707 
 H194.6_2004  1 0.0081 0.0112 0.0055 0.0077 0.0528 0.2713 0.0083 0.0091 0.0342 0.0095 0.0079 0.0159 0.0121 0.5134 0.0080 0.0250 
 H194.7_2004  1 0.0119 0.0127 0.0126 0.0102 0.0216 0.0440 0.0062 0.0164 0.0074 0.0082 0.1072 0.5692 0.0177 0.0651 0.0068 0.0829 
 H194.8_2004  1 0.0136 0.0177 0.0077 0.0079 0.0236 0.4221 0.0073 0.0118 0.0162 0.0104 0.0223 0.0335 0.0105 0.3486 0.0111 0.0359 
      H194.9  1 0.0196 0.0132 0.0114 0.0140 0.0248 0.0505 0.0078 0.0144 0.0126 0.0143 0.1372 0.3305 0.0114 0.1398 0.0072 0.1913 
 H195.1_2003  1 0.0041 0.0138 0.0119 0.3802 0.0300 0.0846 0.0111 0.0237 0.0262 0.0112 0.0076 0.0272 0.0078 0.3295 0.0090 0.0219 
 H195.1_2004  1 0.0174 0.0062 0.0219 0.0070 0.0108 0.0070 0.0032 0.0103 0.0171 0.0084 0.0056 0.0108 0.0130 0.8232 0.0155 0.0228 
 H195.2_2003  1 0.0139 0.0533 0.0153 0.1170 0.0150 0.0671 0.0127 0.0755 0.0339 0.0499 0.0285 0.2416 0.0049 0.2434 0.0184 0.0097 
 H195.2_2004  1 0.0470 0.0142 0.0171 0.0164 0.0051 0.0078 0.0040 0.0274 0.0074 0.0108 0.0153 0.0173 0.0045 0.7897 0.0062 0.0099 
 H195.3_2003  1 0.0094 0.0710 0.0153 0.4463 0.0511 0.0460 0.0081 0.0291 0.0221 0.0811 0.0155 0.1359 0.0066 0.0356 0.0090 0.0180 
 H195.3_2004  1 0.0071 0.0056 0.0082 0.0127 0.0092 0.0056 0.0045 0.0049 0.0113 0.0061 0.0043 0.0162 0.0058 0.8840 0.0053 0.0093 
 H195.4_2003  1 0.0032 0.0102 0.0046 0.1202 0.0065 0.0293 0.0119 0.0106 0.0154 0.0124 0.0054 0.0269 0.0097 0.6752 0.0093 0.0491 
 H195.4_2004  1 0.0093 0.0071 0.0625 0.0067 0.0058 0.0194 0.0040 0.0083 0.0095 0.0063 0.0134 0.0317 0.0090 0.7904 0.0066 0.0101 
 H195.5_2003  1 0.0051 0.0139 0.0165 0.5475 0.0255 0.0360 0.0078 0.0166 0.0249 0.0118 0.0070 0.0194 0.0093 0.2193 0.0094 0.0302 
 H195.5_2004  1 0.0101 0.0056 0.0145 0.0134 0.0072 0.0050 0.0040 0.0044 0.0066 0.0068 0.0057 0.0103 0.0072 0.8833 0.0067 0.0092 
 H195.6_2003  1 0.0115 0.0287 0.0225 0.4125 0.0091 0.0143 0.0057 0.0356 0.0378 0.0411 0.0077 0.1380 0.0068 0.2105 0.0053 0.0130 
 H195.6_2004  1 0.0097 0.0077 0.0070 0.0202 0.0067 0.0062 0.0048 0.0071 0.0068 0.0040 0.0069 0.0169 0.0037 0.8702 0.0085 0.0135 
 H195.7_2003  1 0.0034 0.0188 0.0093 0.0443 0.0120 0.1704 0.0091 0.0393 0.0087 0.0071 0.0129 0.0229 0.0091 0.6011 0.0180 0.0135 
 H195.7_2004  1 0.1457 0.0127 0.0350 0.0158 0.0066 0.0090 0.0044 0.0179 0.0118 0.0254 0.0077 0.0096 0.0118 0.6481 0.0194 0.0190 
      H195.8  1 0.0129 0.0074 0.0924 0.0080 0.0064 0.0113 0.0040 0.0154 0.0098 0.0109 0.0124 0.0301 0.0124 0.7348 0.0077 0.0241 
      H195.9  1 0.0067 0.0107 0.0132 0.0089 0.0082 0.0073 0.0036 0.0088 0.0141 0.0045 0.0091 0.0523 0.0057 0.8329 0.0057 0.0082 
      H415.1  1 0.0853 0.0075 0.0077 0.0151 0.0234 0.0163 0.5818 0.0248 0.0295 0.1022 0.0261 0.0080 0.0125 0.0276 0.0086 0.0237 
      H415.2  1 0.0164 0.0168 0.0035 0.0081 0.1067 0.0120 0.1268 0.0271 0.5796 0.0179 0.0073 0.0098 0.0223 0.0192 0.0158 0.0105 
      H415.3  1 0.0066 0.0142 0.0044 0.0079 0.0304 0.0120 0.7962 0.0289 0.0164 0.0060 0.0051 0.0035 0.0145 0.0257 0.0167 0.0115 
      H415.4  1 0.0184 0.0080 0.0086 0.0116 0.0070 0.0095 0.7736 0.0142 0.0189 0.0521 0.0236 0.0054 0.0112 0.0130 0.0057 0.0192 
      H415.5  1 0.0090 0.0110 0.0045 0.0062 0.0375 0.0118 0.7765 0.0285 0.0149 0.0054 0.0049 0.0036 0.0096 0.0413 0.0182 0.0170 
      H415.6  1 0.0218 0.0080 0.0069 0.0097 0.0076 0.0088 0.7782 0.0116 0.0211 0.0514 0.0214 0.0048 0.0102 0.0127 0.0056 0.0203 
      H415.7  1 0.0149 0.1089 0.0065 0.0089 0.0347 0.0142 0.4462 0.0267 0.1767 0.0172 0.0080 0.0073 0.0114 0.0829 0.0227 0.0127 
      H506.1  1 0.0058 0.0165 0.0081 0.0095 0.0083 0.0051 0.0152 0.0043 0.0037 0.0035 0.0062 0.0038 0.0052 0.0245 0.8746 0.0055 
      H506.2  1 0.0052 0.0126 0.0046 0.0055 0.0087 0.0040 0.0067 0.0035 0.0058 0.0043 0.0049 0.0050 0.0051 0.0223 0.8968 0.0050 
      H506.3  1 0.0260 0.0122 0.0141 0.0122 0.0162 0.0085 0.0168 0.0059 0.0061 0.0045 0.0086 0.0052 0.0095 0.0129 0.8348 0.0066 
      H506.4  1 0.0135 0.0283 0.0121 0.0115 0.0094 0.0107 0.0191 0.0086 0.0061 0.0059 0.0103 0.0079 0.0141 0.0130 0.8240 0.0056 
      H506.5  1 0.0078 0.0259 0.0069 0.0058 0.0081 0.0047 0.0137 0.0043 0.0057 0.0047 0.0046 0.0049 0.0039 0.0177 0.8782 0.0031 
      H506.6  1 0.0164 0.0188 0.0109 0.0073 0.0142 0.0112 0.0091 0.0080 0.0110 0.0103 0.0069 0.0153 0.0153 0.0091 0.8322 0.0041 
      H506.7  1 0.0059 0.0105 0.0060 0.0055 0.0074 0.0061 0.0145 0.0041 0.0052 0.0041 0.0058 0.0054 0.0048 0.0243 0.8868 0.0038 
      H533.1  1 0.0068 0.0040 0.0057 0.0052 0.0089 0.0032 0.0076 0.0060 0.0054 0.0038 0.0050 0.0030 0.0065 0.0124 0.9126 0.0039 
      H533.2  1 0.0112 0.0043 0.0057 0.0050 0.0106 0.0037 0.0088 0.0048 0.0050 0.0038 0.0054 0.0037 0.0064 0.0232 0.8943 0.0044 
      H533.3  1 0.0089 0.0100 0.0072 0.0048 0.0493 0.0054 0.0120 0.0060 0.0108 0.0063 0.0085 0.0065 0.0275 0.0158 0.8167 0.0044 
      H533.4  1 0.0142 0.0113 0.0172 0.0098 0.0857 0.0081 0.0183 0.0176 0.0158 0.0132 0.0092 0.0141 0.0160 0.0966 0.6457 0.0073 
      H535.1  1 0.0058 0.0472 0.0040 0.0065 0.0405 0.0161 0.0134 0.0114 0.0371 0.0115 0.0082 0.0136 0.0142 0.7327 0.0162 0.0215 
      H535.2  1 0.0034 0.0132 0.0124 0.0106 0.0085 0.0100 0.0055 0.0065 0.0072 0.0038 0.0173 0.0116 0.0078 0.8392 0.0364 0.0066 
      H535.3  1 0.0050 0.0158 0.0224 0.0230 0.0088 0.0107 0.0058 0.0056 0.0074 0.0106 0.0149 0.0101 0.0085 0.8261 0.0194 0.0059 
      H535.4  1 0.0032 0.0064 0.0064 0.0074 0.0060 0.0036 0.0100 0.0055 0.0048 0.0031 0.0050 0.0049 0.0043 0.9169 0.0048 0.0078 
      H535.5  1 0.0045 0.0068 0.0051 0.0058 0.0115 0.0066 0.0071 0.0065 0.0053 0.0032 0.0054 0.0066 0.0067 0.9079 0.0047 0.0063 
      H535.6  1 0.0055 0.0273 0.0060 0.0061 0.0165 0.0430 0.0067 0.0080 0.0214 0.0111 0.0077 0.0178 0.0152 0.7521 0.0093 0.0463 
      H535.7  1 0.0046 0.0058 0.0039 0.0103 0.0065 0.0061 0.0056 0.0058 0.0043 0.0054 0.0050 0.0054 0.0052 0.9166 0.0045 0.0048 
      H535.8  1 0.0055 0.0083 0.0083 0.0151 0.0073 0.0220 0.0079 0.0044 0.0046 0.0084 0.0102 0.0063 0.0070 0.8710 0.0067 0.0071 
      H535.9  1 0.0075 0.0118 0.0066 0.0132 0.0113 0.0048 0.0062 0.0052 0.0155 0.0136 0.0067 0.0087 0.0062 0.8591 0.0133 0.0104 
      H539.1  1 0.0067 0.0046 0.0026 0.0034 0.0037 0.0036 0.0041 0.0051 0.0056 0.9339 0.0046 0.0066 0.0041 0.0034 0.0032 0.0047 
      H539.2  1 0.0215 0.0119 0.0449 0.0124 0.1951 0.0175 0.0215 0.3669 0.0272 0.1407 0.0230 0.0420 0.0331 0.0102 0.0220 0.0101 
      H539.3  1 0.0337 0.0120 0.0155 0.0116 0.0214 0.0390 0.0057 0.0151 0.0152 0.6777 0.0268 0.0907 0.0056 0.0110 0.0076 0.0115 
      H539.4  1 0.0119 0.0062 0.0066 0.0096 0.0144 0.0066 0.0116 0.0254 0.0075 0.8557 0.0090 0.0051 0.0121 0.0045 0.0098 0.0039 
      H539.5  1 0.0057 0.0081 0.0043 0.0031 0.0054 0.0036 0.0036 0.0054 0.0060 0.9127 0.0146 0.0112 0.0045 0.0042 0.0030 0.0045 
      H539.6  1 0.0078 0.0096 0.0057 0.0049 0.0083 0.0057 0.0077 0.0167 0.0061 0.8827 0.0109 0.0087 0.0053 0.0059 0.0038 0.0102 
      H539.7  1 0.0044 0.0054 0.0040 0.0044 0.0085 0.0089 0.0042 0.0165 0.0056 0.9064 0.0048 0.0051 0.0058 0.0045 0.0045 0.0069 
      H539.8  1 0.0508 0.0114 0.0176 0.0508 0.0211 0.0599 0.0076 0.0290 0.0154 0.6417 0.0122 0.0137 0.0168 0.0185 0.0093 0.0240 
      H539.9  1 0.0101 0.0047 0.0050 0.0056 0.0052 0.0049 0.0063 0.0057 0.0045 0.9098 0.0121 0.0072 0.0068 0.0031 0.0055 0.0035 
      H540.1  1 0.0090 0.0408 0.0072 0.0057 0.0250 0.0060 0.0042 0.0160 0.0151 0.7870 0.0134 0.0141 0.0229 0.0146 0.0113 0.0077 
      H540.2  1 0.0040 0.0094 0.0032 0.0036 0.0092 0.0069 0.0072 0.0107 0.0112 0.8915 0.0050 0.0074 0.0118 0.0046 0.0072 0.0072 
      H540.3  1 0.2009 0.0250 0.0189 0.0090 0.0218 0.0375 0.0123 0.0106 0.0465 0.4766 0.0049 0.0079 0.0390 0.0138 0.0159 0.0594 
      H540.4  1 0.0063 0.0217 0.0075 0.0063 0.0240 0.0133 0.0095 0.0591 0.0122 0.7520 0.0060 0.0067 0.0245 0.0091 0.0227 0.0190 
      H540.5  1 0.0163 0.0154 0.0113 0.0053 0.0124 0.0103 0.0078 0.0115 0.0127 0.8365 0.0080 0.0101 0.0130 0.0085 0.0107 0.0102 
      H540.6  1 0.0138 0.0395 0.0319 0.0059 0.0219 0.0129 0.0090 0.0146 0.0253 0.6851 0.0215 0.0252 0.0373 0.0165 0.0201 0.0195 
      H540.7  1 0.0049 0.0120 0.0073 0.0075 0.0181 0.0063 0.0129 0.0222 0.0087 0.8426 0.0099 0.0078 0.0166 0.0073 0.0085 0.0075 
      H540.8  1 0.0119 0.0202 0.0039 0.0077 0.0505 0.0125 0.0092 0.1696 0.0462 0.5320 0.0080 0.0183 0.0638 0.0188 0.0094 0.0181 
     H9558.1  1 0.0058 0.0040 0.0042 0.0055 0.0104 0.0081 0.0056 0.0090 0.0075 0.9039 0.0044 0.0097 0.0046 0.0048 0.0057 0.0067 
     H9558.2  1 0.0068 0.0061 0.0063 0.0076 0.0078 0.0102 0.0074 0.0077 0.0057 0.8873 0.0098 0.0106 0.0054 0.0043 0.0111 0.0058 
     H9558.3  1 0.0118 0.0106 0.0068 0.0176 0.0050 0.0086 0.0160 0.0076 0.0066 0.8568 0.0114 0.0111 0.0083 0.0064 0.0061 0.0094 
     H9558.4  1 0.0079 0.0058 0.0046 0.0062 0.0172 0.0070 0.0066 0.0224 0.0056 0.8822 0.0061 0.0067 0.0065 0.0052 0.0050 0.0048 
     H9558.5  1 0.0148 0.0077 0.0061 0.0097 0.0145 0.0082 0.0135 0.0221 0.0062 0.8501 0.0045 0.0035 0.0198 0.0061 0.0078 0.0055 
     H9558.6  1 0.0159 0.0109 0.0048 0.0088 0.0075 0.0089 0.0097 0.0067 0.0418 0.7391 0.0673 0.0082 0.0472 0.0077 0.0042 0.0112 
    kos339.1  1 0.0080 0.0667 0.0087 0.0078 0.0814 0.0166 0.0687 0.0126 0.0572 0.0138 0.0408 0.0068 0.0216 0.5116 0.0691 0.0084 
    kos339.2  1 0.0068 0.0098 0.0067 0.0089 0.0047 0.0066 0.0184 0.0068 0.0057 0.0065 0.0170 0.0053 0.0103 0.8665 0.0097 0.0102 
    kos339.3  1 0.0037 0.0078 0.0046 0.0056 0.0101 0.0060 0.0099 0.0082 0.0042 0.0060 0.0049 0.0047 0.0077 0.9069 0.0058 0.0038 
    kos339.4  1 0.0054 0.0080 0.0064 0.0062 0.0067 0.0054 0.0198 0.0092 0.0051 0.0048 0.0075 0.0046 0.0064 0.8930 0.0050 0.0063 
    kos339.5  1 0.0032 0.1129 0.0086 0.0093 0.0507 0.0120 0.0159 0.0114 0.0214 0.0108 0.0228 0.0045 0.0170 0.6802 0.0122 0.0071 
    kos339.6  1 0.0066 0.0082 0.0052 0.0056 0.0080 0.0050 0.0140 0.0055 0.0067 0.0067 0.0061 0.0046 0.0133 0.8901 0.0071 0.0073 
    kos339.7  1 0.0041 0.0089 0.0040 0.0032 0.0067 0.0052 0.0119 0.0073 0.0041 0.0050 0.0084 0.0040 0.0059 0.9114 0.0060 0.0040 
    kos339.8  1 0.0061 0.0169 0.0078 0.0080 0.0139 0.0093 0.0521 0.0072 0.0058 0.0049 0.0090 0.0034 0.0134 0.8196 0.0167 0.0059 
    kos339.9  1 0.0049 0.0242 0.0053 0.0091 0.0197 0.0065 0.0074 0.0150 0.0140 0.0205 0.0149 0.0087 0.0061 0.8271 0.0081 0.0085 
      H008.1  2 0.0062 0.0082 0.0137 0.0174 0.0260 0.0089 0.0089 0.0284 0.0110 0.0271 0.7939 0.0090 0.0085 0.0070 0.0140 0.0119 
      H008.2  2 0.0902 0.0190 0.0577 0.2844 0.1159 0.0192 0.0126 0.0395 0.0317 0.0671 0.0807 0.0633 0.0289 0.0183 0.0578 0.0136 
      H008.3  2 0.0508 0.0255 0.1063 0.1184 0.1796 0.0501 0.0151 0.1045 0.0231 0.0127 0.0874 0.0684 0.0288 0.0233 0.0774 0.0285 
      H008.4  2 0.0539 0.0155 0.0132 0.0278 0.0152 0.0186 0.0364 0.0114 0.0318 0.0341 0.6439 0.0297 0.0094 0.0101 0.0121 0.0368 
      H008.5  2 0.0210 0.0139 0.0122 0.0266 0.0205 0.0395 0.0085 0.0251 0.0121 0.0097 0.7365 0.0279 0.0100 0.0113 0.0123 0.0129 
      H008.6  2 0.1163 0.0229 0.0094 0.1757 0.1326 0.0276 0.0197 0.0118 0.0653 0.0344 0.2576 0.0503 0.0257 0.0094 0.0227 0.0186 
      H008.7  2 0.1086 0.0128 0.0505 0.1070 0.0473 0.0464 0.0269 0.0171 0.0551 0.0330 0.3476 0.0272 0.0126 0.0135 0.0457 0.0489 
      H008.8  2 0.0139 0.0166 0.0252 0.0179 0.0176 0.0132 0.0115 0.0569 0.0263 0.4678 0.1756 0.0568 0.0101 0.0196 0.0517 0.0193 
      H008.9  2 0.3054 0.0182 0.0137 0.1608 0.0509 0.0212 0.0102 0.0172 0.2104 0.0209 0.0270 0.0535 0.0135 0.0195 0.0319 0.0256 
 H029.1_2002  2 0.0231 0.0266 0.0096 0.0071 0.0110 0.0802 0.0571 0.0068 0.0215 0.0367 0.6693 0.0063 0.0088 0.0051 0.0158 0.0150 
 H029.1_2003  2 0.0162 0.0163 0.0067 0.0112 0.0229 0.6775 0.0123 0.0111 0.0165 0.0126 0.1181 0.0097 0.0149 0.0104 0.0271 0.0165 
 H029.2_2002  2 0.0435 0.0321 0.0330 0.0130 0.0431 0.0519 0.0073 0.0070 0.0145 0.0074 0.5921 0.0142 0.0088 0.0913 0.0326 0.0080 
 H029.2_2003  2 0.0360 0.0253 0.0084 0.0159 0.1121 0.4295 0.0068 0.0086 0.0369 0.0070 0.1779 0.0163 0.0194 0.0546 0.0379 0.0071 
 H029.3_2002  2 0.1658 0.0281 0.0413 0.0080 0.0192 0.0466 0.0071 0.0100 0.0148 0.0082 0.2731 0.0224 0.0332 0.0929 0.2219 0.0073 
 H029.3_2003  2 0.0095 0.0135 0.0066 0.0460 0.0221 0.3102 0.0074 0.0096 0.0047 0.0047 0.4907 0.0071 0.0162 0.0150 0.0293 0.0075 
 H029.4_2002  2 0.0198 0.0048 0.0202 0.0045 0.0067 0.0408 0.0079 0.0115 0.0040 0.0058 0.8287 0.0054 0.0071 0.0090 0.0144 0.0096 
 H029.4_2003  2 0.0149 0.0086 0.0068 0.0101 0.0113 0.7845 0.0063 0.0192 0.0079 0.0196 0.0544 0.0092 0.0139 0.0067 0.0206 0.0058 
 H029.5_2002  2 0.0068 0.0159 0.0120 0.0136 0.0055 0.0677 0.0111 0.0063 0.0083 0.0099 0.8038 0.0046 0.0073 0.0050 0.0083 0.0139 
 H029.5_2003  2 0.0078 0.0060 0.0052 0.0201 0.0339 0.5277 0.0079 0.0113 0.0090 0.0079 0.3211 0.0048 0.0082 0.0059 0.0173 0.0058 
 H029.6_2002  2 0.0485 0.0064 0.0280 0.0048 0.0075 0.3205 0.0104 0.0098 0.0067 0.0046 0.4954 0.0070 0.0081 0.0076 0.0276 0.0073 
 H029.6_2003  2 0.0114 0.0471 0.0125 0.0327 0.1159 0.0831 0.0080 0.0181 0.0283 0.0177 0.4498 0.0074 0.0233 0.0501 0.0770 0.0175 
      H029.7  2 0.0316 0.0142 0.0268 0.0074 0.0125 0.0340 0.0066 0.0071 0.0160 0.0086 0.7397 0.0180 0.0047 0.0430 0.0240 0.0058 
      H030.1  2 0.0062 0.1291 0.0167 0.0648 0.0228 0.0638 0.0061 0.0130 0.0238 0.0062 0.0325 0.0116 0.5597 0.0116 0.0211 0.0109 
      H030.2  2 0.0582 0.0116 0.1729 0.0263 0.0061 0.0332 0.2297 0.0288 0.0133 0.0148 0.0830 0.0043 0.2780 0.0095 0.0108 0.0196 
      H038.1  2 0.0207 0.0065 0.0045 0.0046 0.0050 0.0057 0.0062 0.0046 0.0084 0.0138 0.8838 0.0099 0.0068 0.0063 0.0071 0.0060 
      H038.2  2 0.0064 0.0111 0.0064 0.0067 0.0056 0.0073 0.0138 0.0092 0.0081 0.0038 0.8836 0.0032 0.0097 0.0093 0.0061 0.0097 
      H038.3  2 0.0340 0.0394 0.0098 0.0158 0.0064 0.0052 0.0234 0.0125 0.0107 0.0243 0.7584 0.0047 0.0207 0.0159 0.0093 0.0095 
      H038.4  2 0.0314 0.0243 0.0083 0.0134 0.0040 0.0053 0.0144 0.0090 0.0090 0.0133 0.8140 0.0041 0.0071 0.0101 0.0087 0.0238 
      H038.5  2 0.0296 0.0077 0.0128 0.0092 0.0076 0.0115 0.0056 0.0207 0.0057 0.0162 0.8193 0.0042 0.0140 0.0068 0.0161 0.0130 
      H038.6  2 0.0104 0.0081 0.0047 0.0065 0.0103 0.0086 0.0085 0.0091 0.0058 0.0084 0.8896 0.0052 0.0093 0.0047 0.0070 0.0038 
      H038.7  2 0.0116 0.0464 0.0035 0.0114 0.0061 0.0067 0.0236 0.0086 0.0065 0.0144 0.8299 0.0037 0.0088 0.0061 0.0082 0.0047 
      H038.8  2 0.0858 0.0193 0.0131 0.0063 0.0053 0.0044 0.0151 0.0133 0.0122 0.0100 0.7587 0.0047 0.0173 0.0147 0.0057 0.0140 
      H041.1  2 0.0317 0.0379 0.0930 0.0858 0.0135 0.4108 0.0096 0.0110 0.0146 0.0101 0.1936 0.0189 0.0078 0.0226 0.0177 0.0214 
      H041.2  2 0.0139 0.0185 0.0054 0.0725 0.0074 0.7066 0.0233 0.0040 0.0099 0.0071 0.0697 0.0077 0.0074 0.0111 0.0067 0.0287 
      H041.4  2 0.0217 0.0160 0.0139 0.0287 0.0089 0.5976 0.0115 0.0088 0.0376 0.0179 0.1607 0.0193 0.0102 0.0163 0.0090 0.0220 
      H041.6  2 0.0171 0.0191 0.0142 0.0225 0.0073 0.5594 0.0259 0.0087 0.0289 0.0752 0.1297 0.0233 0.0110 0.0286 0.0102 0.0189 
 H042.1_2002  2 0.0128 0.0119 0.0093 0.0067 0.0115 0.7606 0.0203 0.0472 0.0214 0.0360 0.0083 0.0100 0.0062 0.0093 0.0054 0.0231 
 H042.1_2003  2 0.0811 0.0854 0.0120 0.2795 0.0534 0.0563 0.0503 0.0324 0.0827 0.0587 0.0739 0.0206 0.0299 0.0124 0.0181 0.0531 
 H042.2_2002  2 0.0400 0.0067 0.0102 0.0078 0.0234 0.5618 0.1553 0.0237 0.0087 0.0076 0.0862 0.0127 0.0102 0.0126 0.0101 0.0231 
 H042.2_2003  2 0.0060 0.0248 0.0042 0.0214 0.0194 0.6314 0.0179 0.0126 0.0244 0.0321 0.0873 0.0162 0.0077 0.0081 0.0071 0.0793 
 H042.3_2002  2 0.0262 0.0126 0.0062 0.0152 0.0221 0.5378 0.1064 0.0784 0.0087 0.0547 0.0116 0.0138 0.0103 0.0184 0.0098 0.0678 
 H042.3_2003  2 0.0314 0.0113 0.0341 0.0226 0.0276 0.3612 0.1245 0.1753 0.0159 0.0532 0.0393 0.0182 0.0174 0.0164 0.0115 0.0402 
 H042.4_2002  2 0.0121 0.0091 0.0081 0.0059 0.0095 0.8432 0.0076 0.0076 0.0185 0.0128 0.0152 0.0053 0.0092 0.0110 0.0042 0.0208 
 H042.4_2003  2 0.0072 0.0532 0.0327 0.0112 0.0119 0.6779 0.0082 0.0108 0.0382 0.0380 0.0496 0.0213 0.0080 0.0082 0.0053 0.0182 
      H042.5  2 0.0031 0.0075 0.0056 0.0076 0.0050 0.9008 0.0058 0.0097 0.0067 0.0086 0.0070 0.0110 0.0045 0.0053 0.0048 0.0069 
      H042.6  2 0.0128 0.0167 0.0123 0.0056 0.0083 0.7529 0.0132 0.0424 0.0131 0.0321 0.0172 0.0475 0.0064 0.0047 0.0073 0.0073 
      H042.7  2 0.0062 0.0442 0.0075 0.0203 0.0094 0.5488 0.1220 0.0339 0.0078 0.0226 0.0260 0.0122 0.0064 0.0133 0.0075 0.1118 
      H042.8  2 0.0184 0.0068 0.0052 0.0192 0.0200 0.7958 0.0355 0.0112 0.0091 0.0146 0.0095 0.0162 0.0047 0.0053 0.0059 0.0226 
   H042_2002  2 0.0322 0.0467 0.0068 0.0388 0.0222 0.0810 0.1806 0.0601 0.0615 0.2026 0.0726 0.1397 0.0119 0.0079 0.0120 0.0235 
   H042_2003  2 0.0330 0.0324 0.0063 0.0359 0.0204 0.0739 0.1689 0.0642 0.0587 0.2134 0.0672 0.1671 0.0101 0.0066 0.0182 0.0238 
      H043.1  2 0.0317 0.0164 0.0166 0.0259 0.0114 0.0076 0.0131 0.0521 0.0081 0.7394 0.0213 0.0094 0.0090 0.0151 0.0192 0.0037 
      H043.2  2 0.0173 0.0039 0.0038 0.0051 0.0054 0.0035 0.0044 0.0074 0.0067 0.8881 0.0167 0.0117 0.0037 0.0112 0.0062 0.0050 
      H043.3  2 0.0146 0.0597 0.0043 0.0203 0.0070 0.0105 0.0479 0.0227 0.0099 0.6124 0.1402 0.0107 0.0071 0.0081 0.0177 0.0069 
      H043.4  2 0.0256 0.0231 0.0052 0.0128 0.0084 0.0072 0.0151 0.0145 0.0178 0.7903 0.0263 0.0228 0.0058 0.0134 0.0073 0.0043 
      H043.5  2 0.0450 0.0075 0.0048 0.0117 0.0066 0.0047 0.0080 0.0095 0.0083 0.8257 0.0272 0.0053 0.0059 0.0113 0.0124 0.0061 
      H043.6  2 0.0371 0.0063 0.0037 0.0044 0.0062 0.0056 0.0109 0.0065 0.0084 0.8196 0.0578 0.0063 0.0088 0.0074 0.0061 0.0051 
      H043.7  2 0.0092 0.0149 0.0029 0.0097 0.0047 0.0047 0.0100 0.0051 0.0082 0.8862 0.0069 0.0136 0.0086 0.0051 0.0059 0.0043 
      H043.8  2 0.0102 0.0104 0.0082 0.0130 0.0094 0.0055 0.0138 0.0165 0.0064 0.8070 0.0224 0.0064 0.0221 0.0223 0.0213 0.0050 
      H043.9  2 0.0193 0.0305 0.0124 0.0136 0.0068 0.0119 0.0240 0.0290 0.0079 0.7130 0.0554 0.0184 0.0158 0.0087 0.0296 0.0037 
      H047.1  2 0.0076 0.0098 0.0054 0.2317 0.0129 0.0062 0.0906 0.0253 0.0054 0.1483 0.4235 0.0112 0.0052 0.0087 0.0041 0.0040 
      H047.2  2 0.0048 0.0314 0.0135 0.7183 0.0302 0.0129 0.0141 0.0057 0.0170 0.0100 0.0964 0.0075 0.0083 0.0102 0.0089 0.0108 
      H047.3  2 0.0044 0.0256 0.0285 0.6745 0.0364 0.0151 0.0262 0.0065 0.0122 0.0162 0.0858 0.0132 0.0087 0.0073 0.0174 0.0219 
      H047.4  2 0.0042 0.1049 0.0073 0.4009 0.0153 0.0448 0.0742 0.0084 0.0140 0.0236 0.2372 0.0099 0.0116 0.0126 0.0098 0.0214 
      H047.5  2 0.0041 0.0239 0.0076 0.6124 0.0215 0.0085 0.0752 0.0121 0.0089 0.0227 0.1183 0.0370 0.0087 0.0083 0.0106 0.0199 
      H047.6  2 0.0056 0.0157 0.0073 0.7851 0.0076 0.0377 0.0498 0.0032 0.0106 0.0079 0.0341 0.0077 0.0043 0.0059 0.0068 0.0109 
      H047.7  2 0.0093 0.0095 0.0082 0.1813 0.0073 0.0194 0.2010 0.0408 0.0045 0.0758 0.4003 0.0090 0.0053 0.0142 0.0051 0.0089 
      H047.8  2 0.0036 0.0158 0.0085 0.6998 0.0106 0.0334 0.0734 0.0100 0.0085 0.0210 0.0653 0.0131 0.0056 0.0086 0.0070 0.0159 
      H047.9  2 0.0047 0.0258 0.0064 0.2341 0.0183 0.0170 0.1277 0.0468 0.0108 0.0408 0.3414 0.0749 0.0085 0.0228 0.0070 0.0131 
 H071.1_2002  2 0.0052 0.0085 0.0049 0.0045 0.0063 0.0070 0.0081 0.0066 0.0070 0.0197 0.8822 0.0120 0.0089 0.0088 0.0051 0.0053 
 H071.1_2003  2 0.0109 0.0421 0.0048 0.0129 0.0125 0.0138 0.0126 0.0067 0.0233 0.0456 0.6560 0.0799 0.0401 0.0231 0.0058 0.0099 
     H071.10  2 0.0079 0.0058 0.0100 0.0033 0.0035 0.0053 0.0079 0.0115 0.0042 0.0059 0.8881 0.0065 0.0193 0.0060 0.0093 0.0053 
 H071.2_2002  2 0.0078 0.0068 0.0040 0.0071 0.0082 0.0051 0.0083 0.0089 0.0099 0.0204 0.8681 0.0171 0.0057 0.0075 0.0082 0.0068 
 H071.2_2003  2 0.0029 0.0056 0.0031 0.0038 0.0053 0.0051 0.0038 0.0040 0.0053 0.0080 0.9317 0.0049 0.0047 0.0041 0.0036 0.0041 
      H071.3  2 0.0084 0.0091 0.0081 0.0213 0.0050 0.0071 0.0078 0.0080 0.0040 0.0058 0.8681 0.0045 0.0214 0.0077 0.0076 0.0061 
 H071.4_2002  2 0.0155 0.0070 0.0067 0.0069 0.0053 0.0068 0.0106 0.0144 0.0084 0.0132 0.8373 0.0066 0.0233 0.0118 0.0146 0.0116 
 H071.4_2003  2 0.0030 0.0052 0.0037 0.0056 0.0049 0.0047 0.0052 0.0073 0.0034 0.0054 0.9249 0.0048 0.0071 0.0064 0.0050 0.0033 
 H071.5_2002  2 0.0040 0.0060 0.0068 0.0036 0.0035 0.0046 0.0081 0.0079 0.0042 0.0069 0.9186 0.0050 0.0067 0.0043 0.0054 0.0044 
 H071.5_2003  2 0.0037 0.0141 0.0043 0.0093 0.0093 0.0060 0.0128 0.0116 0.0071 0.0107 0.8639 0.0058 0.0177 0.0093 0.0076 0.0068 
 H071.6_2002  2 0.0052 0.0060 0.0047 0.0041 0.0051 0.0044 0.0123 0.0152 0.0055 0.0055 0.8914 0.0100 0.0074 0.0057 0.0129 0.0048 
 H071.6_2003  2 0.0039 0.0141 0.0053 0.0051 0.0065 0.0045 0.0112 0.0072 0.0058 0.0063 0.8918 0.0055 0.0180 0.0051 0.0051 0.0047 
 H071.7_2002  2 0.0041 0.0080 0.0032 0.0060 0.0033 0.0040 0.0094 0.0056 0.0052 0.0078 0.9195 0.0075 0.0040 0.0036 0.0050 0.0038 
 H071.7_2003  2 0.0047 0.0104 0.0045 0.0066 0.0070 0.0067 0.0097 0.0090 0.0071 0.0113 0.8641 0.0090 0.0294 0.0090 0.0055 0.0060 
      H071.8  2 0.0072 0.0065 0.0050 0.0082 0.0066 0.0060 0.0050 0.0061 0.0081 0.0112 0.8894 0.0108 0.0055 0.0069 0.0107 0.0067 
      H071.9  2 0.0134 0.0146 0.0110 0.0128 0.0075 0.0176 0.0181 0.0199 0.0141 0.0239 0.6946 0.0189 0.0269 0.0077 0.0811 0.0180 
 H081.1_2002  2 0.0041 0.0061 0.0063 0.0049 0.0053 0.0067 0.0070 0.0062 0.0073 0.0088 0.8945 0.0160 0.0061 0.0065 0.0047 0.0096 
 H081.1_2003  2 0.2401 0.1080 0.0197 0.0126 0.0321 0.0484 0.0279 0.0160 0.2400 0.0288 0.0497 0.0116 0.0891 0.0196 0.0364 0.0198 
 H081.2_2002  2 0.0047 0.0104 0.0055 0.0066 0.0060 0.0050 0.0055 0.0056 0.0110 0.0138 0.8179 0.0802 0.0052 0.0092 0.0057 0.0076 
 H081.2_2003  2 0.0095 0.0146 0.0242 0.0068 0.0089 0.0155 0.0068 0.0656 0.0185 0.0260 0.0382 0.0731 0.6618 0.0103 0.0131 0.0072 
 H081.3_2002  2 0.0065 0.0166 0.0059 0.0164 0.0056 0.0091 0.0064 0.0069 0.0121 0.0088 0.8357 0.0227 0.0100 0.0135 0.0123 0.0116 
 H081.3_2003  2 0.0160 0.0107 0.0137 0.0097 0.0184 0.0206 0.0120 0.0424 0.0417 0.1705 0.0136 0.0524 0.4822 0.0157 0.0659 0.0146 
 H081.4_2002  2 0.0039 0.0083 0.0050 0.0071 0.0068 0.0062 0.0095 0.0096 0.0056 0.0061 0.8964 0.0052 0.0100 0.0084 0.0049 0.0069 
 H081.4_2003  2 0.0175 0.0725 0.0172 0.0074 0.0439 0.0674 0.0095 0.0336 0.1272 0.0341 0.0173 0.0416 0.4287 0.0217 0.0361 0.0243 
 H081.5_2002  2 0.0047 0.0156 0.0047 0.0079 0.0070 0.0079 0.0095 0.0056 0.0092 0.0066 0.8805 0.0097 0.0121 0.0082 0.0064 0.0044 
 H081.5_2003  2 0.0218 0.4034 0.0163 0.0141 0.0251 0.0372 0.0277 0.0116 0.0963 0.0342 0.0453 0.0870 0.1035 0.0231 0.0281 0.0253 
      H081.6  2 0.0047 0.0120 0.0045 0.0051 0.0067 0.0046 0.0061 0.0050 0.0069 0.0104 0.8860 0.0194 0.0066 0.0096 0.0057 0.0066 
      H081.7  2 0.0044 0.0118 0.0048 0.0093 0.0051 0.0061 0.0054 0.0078 0.0086 0.0115 0.8325 0.0510 0.0117 0.0122 0.0080 0.0098 
      H081.8  2 0.0163 0.0181 0.0158 0.0081 0.0076 0.0118 0.0119 0.0118 0.0107 0.0070 0.7634 0.0141 0.0480 0.0168 0.0260 0.0127 
      H083.1  2 0.0097 0.0105 0.0171 0.0057 0.0106 0.0143 0.0179 0.0057 0.0059 0.0061 0.8326 0.0075 0.0091 0.0232 0.0192 0.0050 
      H083.2  2 0.0068 0.0132 0.0320 0.0397 0.0065 0.0131 0.0145 0.0090 0.0128 0.0283 0.7381 0.0203 0.0091 0.0250 0.0249 0.0067 
      H083.4  2 0.0140 0.0095 0.0766 0.0146 0.0057 0.0107 0.0087 0.0225 0.0066 0.0114 0.7158 0.0193 0.0079 0.0109 0.0582 0.0077 
      H083.5  2 0.0287 0.0125 0.0749 0.0129 0.0071 0.0264 0.0110 0.0067 0.0096 0.0069 0.7459 0.0127 0.0072 0.0139 0.0141 0.0095 
      H083.6  2 0.0113 0.0092 0.0786 0.0066 0.0121 0.0110 0.0072 0.0069 0.0061 0.0057 0.7156 0.0108 0.0097 0.0458 0.0449 0.0185 
      H083.7  2 0.0114 0.0078 0.2190 0.0147 0.0064 0.0095 0.0054 0.0171 0.0096 0.0097 0.6080 0.0143 0.0059 0.0180 0.0234 0.0199 
      H083.8  2 0.0066 0.0121 0.0344 0.0712 0.0140 0.0127 0.0115 0.0107 0.0113 0.0198 0.7207 0.0144 0.0051 0.0298 0.0181 0.0077 
      H083.9  2 0.0106 0.0086 0.1164 0.0082 0.0079 0.0164 0.0080 0.0066 0.0056 0.0051 0.7613 0.0070 0.0064 0.0131 0.0098 0.0090 
      H084.1  2 0.0683 0.0067 0.0117 0.0163 0.0105 0.0219 0.0131 0.0102 0.0161 0.0097 0.0097 0.0073 0.7601 0.0045 0.0140 0.0199 
      H084.2  2 0.0954 0.0098 0.0079 0.0063 0.0097 0.0207 0.0079 0.0120 0.0117 0.0108 0.0108 0.0043 0.7597 0.0070 0.0220 0.0042 
      H084.3  2 0.2066 0.0163 0.0176 0.0087 0.0143 0.0139 0.0471 0.0113 0.0205 0.0103 0.0071 0.0062 0.4484 0.0131 0.0140 0.1445 
      H084.4  2 0.2472 0.0610 0.0072 0.0402 0.0100 0.0461 0.0249 0.0111 0.0241 0.0095 0.0096 0.0043 0.4212 0.0121 0.0204 0.0511 
      H084.5  2 0.0254 0.0182 0.0059 0.0240 0.0078 0.0071 0.2086 0.0058 0.0089 0.0079 0.0051 0.0063 0.6133 0.0080 0.0153 0.0325 
      H084.6  2 0.0783 0.0089 0.0296 0.0266 0.0053 0.0081 0.0531 0.0054 0.0079 0.0059 0.0062 0.0065 0.6492 0.0280 0.0097 0.0715 
      H084.7  2 0.0165 0.0071 0.0068 0.0073 0.0080 0.0214 0.0072 0.0099 0.0072 0.0075 0.0063 0.0063 0.8532 0.0073 0.0212 0.0068 
      H084.8  2 0.0743 0.0105 0.0087 0.0443 0.0098 0.0088 0.0359 0.0061 0.0093 0.0044 0.0052 0.0078 0.6612 0.0086 0.0120 0.0930 
 H085.1_2002  2 0.0127 0.0079 0.0122 0.0051 0.0059 0.0120 0.0110 0.0068 0.0255 0.0112 0.0246 0.8290 0.0113 0.0089 0.0087 0.0070 
 H085.1_2003  2 0.0190 0.0389 0.0804 0.0248 0.0079 0.0924 0.0049 0.0234 0.0087 0.0075 0.4348 0.1509 0.0126 0.0117 0.0666 0.0154 
 H085.2_2002  2 0.0806 0.0210 0.1061 0.0063 0.0056 0.0320 0.0167 0.0226 0.1977 0.0220 0.0451 0.3089 0.0250 0.0692 0.0163 0.0248 
 H085.2_2003  2 0.0109 0.0341 0.0276 0.0607 0.0141 0.0444 0.0066 0.0130 0.0137 0.0072 0.6777 0.0243 0.0150 0.0143 0.0272 0.0091 
 H085.3_2002  2 0.0053 0.0244 0.0109 0.0053 0.0051 0.0209 0.0044 0.0103 0.0213 0.0078 0.0083 0.8510 0.0050 0.0057 0.0053 0.0092 
 H085.3_2003  2 0.0048 0.1013 0.0068 0.0160 0.0100 0.0134 0.0042 0.0275 0.0058 0.0068 0.7358 0.0327 0.0097 0.0062 0.0080 0.0111 
 H085.4_2002  2 0.0384 0.0138 0.0271 0.0059 0.0115 0.0414 0.0109 0.0298 0.0353 0.0464 0.1413 0.5027 0.0263 0.0276 0.0153 0.0264 
 H085.4_2003  2 0.0044 0.0363 0.0074 0.0093 0.0067 0.0662 0.0539 0.0087 0.0267 0.0197 0.6815 0.0110 0.0291 0.0079 0.0061 0.0254 
 H085.5_2002  2 0.0056 0.0131 0.0053 0.0053 0.0063 0.0099 0.0034 0.0079 0.0128 0.0110 0.0087 0.8893 0.0050 0.0042 0.0042 0.0083 
 H085.5_2003  2 0.0058 0.0116 0.0212 0.0127 0.0120 0.0128 0.0054 0.0158 0.0086 0.0065 0.8274 0.0165 0.0182 0.0074 0.0110 0.0072 
