      H105.1  1 0.2249 0.5826 0.1925 
      H105.2  1 0.2614 0.3533 0.3853 
      H105.3  1 0.2914 0.4592 0.2493 
      H105.4  1 0.1010 0.0875 0.8115 
      H105.5  1 0.3450 0.0663 0.5887 
      H105.6  1 0.1055 0.0653 0.8292 
      H105.7  1 0.0466 0.8327 0.1207 
      H105.8  1 0.3543 0.5434 0.1023 
      H115.1  1 0.6557 0.2154 0.1290 
      H115.2  1 0.9119 0.0331 0.0550 
      H115.3  1 0.9432 0.0201 0.0367 
      H115.4  1 0.7719 0.1447 0.0834 
      H115.5  1 0.8092 0.1525 0.0383 
      H115.6  1 0.7572 0.1111 0.1317 
      H115.7  1 0.2110 0.0981 0.6909 
      H115.8  1 0.9233 0.0579 0.0188 
      H115.9  1 0.7449 0.2156 0.0395 
      H145.1  1 0.1102 0.0175 0.8723 
      H145.2  1 0.1262 0.0173 0.8565 
      H145.3  1 0.1296 0.3402 0.5302 
      H145.4  1 0.0435 0.0146 0.9419 
      H145.5  1 0.2844 0.0410 0.6746 
      H145.6  1 0.0642 0.0330 0.9028 
      H145.7  1 0.0183 0.0669 0.9148 
      H149.1  1 0.0578 0.0183 0.9238 
      H149.2  1 0.0261 0.0152 0.9587 
      H149.3  1 0.0431 0.0264 0.9306 
      H149.4  1 0.0494 0.0430 0.9076 
      H149.5  1 0.0192 0.0450 0.9358 
      H149.6  1 0.0122 0.0140 0.9739 
      H149.7  1 0.0718 0.1814 0.7469 
      H150.1  1 0.9558 0.0172 0.0271 
      H150.2  1 0.9079 0.0222 0.0699 
      H150.3  1 0.5575 0.0671 0.3754 
      H150.4  1 0.9141 0.0512 0.0347 
      H150.5  1 0.6376 0.0702 0.2922 
      H150.6  1 0.8914 0.0257 0.0830 
      H150.7  1 0.9458 0.0162 0.0380 
   H169607.1  1 0.7269 0.1642 0.1089 
   H169607.2  1 0.5755 0.0976 0.3270 
   H169607.3  1 0.2895 0.5811 0.1295 
   H169607.4  1 0.6155 0.0297 0.3548 
   H169607.5  1 0.1652 0.0891 0.7458 
   H169607.6  1 0.6302 0.1595 0.2103 
   H169607.7  1 0.8483 0.0859 0.0658 
   H169607.8  1 0.4822 0.2099 0.3079 
   H169633.1  1 0.1771 0.0653 0.7576 
   H169633.2  1 0.1304 0.2003 0.6692 
   H169633.3  1 0.0457 0.1042 0.8501 
   H169633.4  1 0.1126 0.0234 0.8640 
   H169633.5  1 0.1366 0.0278 0.8356 
   H169688.1  1 0.0747 0.7456 0.1797 
   H169688.2  1 0.0971 0.8833 0.0196 
   H169688.3  1 0.3522 0.3658 0.2820 
   H169688.4  1 0.8815 0.0852 0.0332 
   H169688.5  1 0.8761 0.0893 0.0346 
   H169688.6  1 0.6638 0.2575 0.0787 
   H169688.7  1 0.5536 0.2320 0.2144 
   H171901.1  1 0.4752 0.0577 0.4671 
   H171901.2  1 0.1479 0.0428 0.8093 
   H171901.3  1 0.1474 0.0627 0.7899 
   H171901.4  1 0.2020 0.0392 0.7588 
   H171901.5  1 0.1845 0.0273 0.7881 
   H171901.6  1 0.1143 0.0237 0.8619 
   H171901.7  1 0.1473 0.0508 0.8019 
   H171902.1  1 0.9454 0.0239 0.0307 
  H171902.10  1 0.9001 0.0177 0.0822 
   H171902.2  1 0.5633 0.3938 0.0429 
   H171902.3  1 0.8735 0.0269 0.0996 
   H171902.4  1 0.4475 0.0496 0.5029 
   H171902.6  1 0.8543 0.0169 0.1288 
   H171902.7  1 0.8509 0.0106 0.1385 
   H171902.8  1 0.8542 0.0229 0.1230 
   H171902.9  1 0.8128 0.0357 0.1515 
   H171903.1  1 0.1827 0.0957 0.7215 
   H171903.2  1 0.4921 0.3133 0.1946 
   H171903.3  1 0.4144 0.1944 0.3912 
   H171903.4  1 0.1450 0.1378 0.7172 
   H171903.5  1 0.7186 0.1915 0.0900 
   H171903.6  1 0.3109 0.2693 0.4198 
      H177.1  1 0.0717 0.0851 0.8433 
      H177.2  1 0.3593 0.2065 0.4343 
      H177.3  1 0.2588 0.0227 0.7185 
      H177.4  1 0.0758 0.1697 0.7544 
      H177.5  1 0.0392 0.8145 0.1463 
      H177.6  1 0.2888 0.0200 0.6912 
      H179.1  1 0.5740 0.3943 0.0316 
      H179.2  1 0.6094 0.3619 0.0287 
      H179.3  1 0.3083 0.6753 0.0164 
      H179.4  1 0.2392 0.4179 0.3429 
      H180.1  1 0.9306 0.0371 0.0323 
      H180.2  1 0.8962 0.0334 0.0705 
      H180.3  1 0.9316 0.0406 0.0278 
      H180.4  1 0.5729 0.1267 0.3004 
      H180.5  1 0.7478 0.1517 0.1005 
      H180.6  1 0.7767 0.1485 0.0748 
      H181.1  1 0.5002 0.3190 0.1808 
      H181.2  1 0.4757 0.2665 0.2578 
      H181.3  1 0.0886 0.6648 0.2466 
      H181.4  1 0.1577 0.3312 0.5112 
      H181.5  1 0.0564 0.8881 0.0555 
      H181.6  1 0.6190 0.2450 0.1360 
      H181.7  1 0.3980 0.5083 0.0938 
 H194.1_2004  1 0.0292 0.0202 0.9507 
 H194.2_2004  1 0.0187 0.0379 0.9434 
 H194.3_2004  1 0.0167 0.0189 0.9644 
 H194.4_2004  1 0.0221 0.0401 0.9378 
 H194.5_2004  1 0.0167 0.0234 0.9599 
 H194.6_2004  1 0.0347 0.1280 0.8373 
 H194.7_2004  1 0.0189 0.1093 0.8717 
 H194.8_2004  1 0.0220 0.0904 0.8876 
      H194.9  1 0.0255 0.0662 0.9083 
 H195.1_2003  1 0.0343 0.0249 0.9409 
 H195.1_2004  1 0.0605 0.0417 0.8978 
 H195.2_2003  1 0.3407 0.0944 0.5649 
 H195.2_2004  1 0.0543 0.1226 0.8231 
 H195.3_2003  1 0.1713 0.0688 0.7600 
 H195.3_2004  1 0.0160 0.0176 0.9664 
 H195.4_2003  1 0.0168 0.0151 0.9681 
 H195.4_2004  1 0.0247 0.4382 0.5371 
 H195.5_2003  1 0.0323 0.0208 0.9468 
 H195.5_2004  1 0.0207 0.0253 0.9541 
 H195.6_2003  1 0.0980 0.0627 0.8393 
 H195.6_2004  1 0.0235 0.0173 0.9593 
 H195.7_2003  1 0.0427 0.1770 0.7803 
 H195.7_2004  1 0.2499 0.0612 0.6890 
      H195.8  1 0.0324 0.2562 0.7114 
      H195.9  1 0.0329 0.0907 0.8764 
      H415.1  1 0.8660 0.0310 0.1030 
      H415.2  1 0.8445 0.0188 0.1366 
      H415.3  1 0.6174 0.0263 0.3563 
      H415.4  1 0.7119 0.0348 0.2534 
      H415.5  1 0.6337 0.0184 0.3478 
      H415.6  1 0.7464 0.0298 0.2238 
      H415.7  1 0.5958 0.0316 0.3726 
      H506.1  1 0.8236 0.0589 0.1175 
      H506.2  1 0.6413 0.0486 0.3101 
      H506.3  1 0.8758 0.1033 0.0209 
      H506.4  1 0.8875 0.0764 0.0362 
      H506.5  1 0.8083 0.0436 0.1481 
      H506.6  1 0.8663 0.1068 0.0269 
      H506.7  1 0.7139 0.0620 0.2242 
      H533.1  1 0.9177 0.0495 0.0329 
      H533.2  1 0.9360 0.0304 0.0336 
      H533.3  1 0.8941 0.0714 0.0345 
      H533.4  1 0.8556 0.0478 0.0966 
      H535.1  1 0.1333 0.0428 0.8239 
      H535.2  1 0.0282 0.3811 0.5908 
      H535.3  1 0.0901 0.2715 0.6384 
      H535.4  1 0.0160 0.0122 0.9718 
      H535.5  1 0.0264 0.0170 0.9566 
      H535.6  1 0.0276 0.1095 0.8629 
      H535.7  1 0.0887 0.0426 0.8686 
      H535.8  1 0.0411 0.0772 0.8818 
      H535.9  1 0.0879 0.0243 0.8878 
      H539.1  1 0.9550 0.0205 0.0245 
      H539.2  1 0.7849 0.1552 0.0599 
      H539.3  1 0.8501 0.0816 0.0684 
      H539.4  1 0.9710 0.0175 0.0114 
      H539.5  1 0.9414 0.0303 0.0283 
      H539.6  1 0.9202 0.0428 0.0369 
      H539.7  1 0.9377 0.0210 0.0414 
      H539.8  1 0.8806 0.0348 0.0846 
      H539.9  1 0.9612 0.0286 0.0102 
      H540.1  1 0.9290 0.0245 0.0465 
      H540.2  1 0.8621 0.0239 0.1140 
      H540.3  1 0.8468 0.0379 0.1154 
      H540.4  1 0.8603 0.0278 0.1118 
      H540.5  1 0.9436 0.0336 0.0228 
      H540.6  1 0.8245 0.1108 0.0647 
      H540.7  1 0.8474 0.0495 0.1030 
      H540.8  1 0.5255 0.0199 0.4546 
     H9558.1  1 0.9538 0.0158 0.0304 
     H9558.2  1 0.9575 0.0233 0.0193 
     H9558.3  1 0.9344 0.0284 0.0372 
     H9558.4  1 0.9682 0.0127 0.0191 
     H9558.5  1 0.9734 0.0126 0.0140 
     H9558.6  1 0.6771 0.2039 0.1190 
    kos339.1  1 0.2385 0.1300 0.6315 
    kos339.2  1 0.0924 0.0774 0.8302 
    kos339.3  1 0.0427 0.0230 0.9343 
    kos339.4  1 0.0528 0.0332 0.9140 
    kos339.5  1 0.0232 0.0419 0.9349 
    kos339.6  1 0.0401 0.0213 0.9386 
    kos339.7  1 0.0919 0.0238 0.8843 
    kos339.8  1 0.0618 0.0303 0.9079 
    kos339.9  1 0.0568 0.0195 0.9237 
      H008.1  2 0.1601 0.8030 0.0368 
      H008.2  2 0.7983 0.1571 0.0447 
      H008.3  2 0.5366 0.3435 0.1199 
      H008.4  2 0.3624 0.5524 0.0852 
      H008.5  2 0.1359 0.8316 0.0325 
      H008.6  2 0.7590 0.1699 0.0711 
      H008.7  2 0.3863 0.5318 0.0819 
      H008.8  2 0.8284 0.1055 0.0662 
      H008.9  2 0.8000 0.0421 0.1579 
 H029.1_2002  2 0.0757 0.9056 0.0187 
 H029.1_2003  2 0.2128 0.7590 0.0282 
 H029.2_2002  2 0.1076 0.8521 0.0402 
 H029.2_2003  2 0.1733 0.7921 0.0346 
 H029.3_2002  2 0.1646 0.7994 0.0360 
 H029.3_2003  2 0.0203 0.9577 0.0220 
 H029.4_2002  2 0.0160 0.9707 0.0133 
 H029.4_2003  2 0.3945 0.5747 0.0308 
 H029.5_2002  2 0.0309 0.9543 0.0148 
 H029.5_2003  2 0.1293 0.8509 0.0198 
 H029.6_2002  2 0.0421 0.9439 0.0139 
 H029.6_2003  2 0.1184 0.7513 0.1303 
      H029.7  2 0.0491 0.9253 0.0256 
      H030.1  2 0.0167 0.9513 0.0320 
      H030.2  2 0.0905 0.8771 0.0324 
      H038.1  2 0.0978 0.8821 0.0201 
      H038.2  2 0.0219 0.9642 0.0139 
      H038.3  2 0.0978 0.8728 0.0295 
      H038.4  2 0.0928 0.8767 0.0305 
      H038.5  2 0.0672 0.9185 0.0143 
      H038.6  2 0.0739 0.9144 0.0116 
      H038.7  2 0.0517 0.9353 0.0130 
      H038.8  2 0.1344 0.8434 0.0221 
      H041.1  2 0.0273 0.9114 0.0614 
      H041.2  2 0.1020 0.7919 0.1061 
      H041.4  2 0.1042 0.7681 0.1277 
      H041.6  2 0.0924 0.7374 0.1702 
 H042.1_2002  2 0.0521 0.4492 0.4986 
 H042.1_2003  2 0.7641 0.1264 0.1095 
 H042.2_2002  2 0.0661 0.9132 0.0207 
 H042.2_2003  2 0.1580 0.2445 0.5975 
 H042.3_2002  2 0.0982 0.4879 0.4139 
 H042.3_2003  2 0.3143 0.4762 0.2095 
 H042.4_2002  2 0.0420 0.7769 0.1811 
 H042.4_2003  2 0.0342 0.7962 0.1696 
      H042.5  2 0.0186 0.8136 0.1678 
      H042.6  2 0.0377 0.9244 0.0379 
      H042.7  2 0.0339 0.2856 0.6805 
      H042.8  2 0.0279 0.9008 0.0713 
   H042_2002  2 0.7690 0.1241 0.1070 
   H042_2003  2 0.7867 0.0995 0.1139 
      H043.1  2 0.9552 0.0310 0.0138 
      H043.2  2 0.9366 0.0253 0.0381 
      H043.3  2 0.9160 0.0613 0.0227 
      H043.4  2 0.9360 0.0359 0.0281 
      H043.5  2 0.9636 0.0228 0.0135 
      H043.6  2 0.9325 0.0498 0.0178 
      H043.7  2 0.9067 0.0394 0.0539 
      H043.8  2 0.8444 0.0963 0.0593 
      H043.9  2 0.9042 0.0807 0.0151 
      H047.1  2 0.7945 0.1611 0.0445 
      H047.2  2 0.0367 0.9039 0.0594 
      H047.3  2 0.0252 0.9112 0.0636 
      H047.4  2 0.0768 0.6862 0.2370 
      H047.5  2 0.0744 0.7716 0.1540 
      H047.6  2 0.2499 0.5520 0.1981 
      H047.7  2 0.6193 0.2816 0.0992 
      H047.8  2 0.3859 0.3684 0.2457 
      H047.9  2 0.1583 0.4343 0.4074 
 H071.1_2002  2 0.0510 0.9262 0.0229 
 H071.1_2003  2 0.0718 0.8372 0.0910 
     H071.10  2 0.0294 0.9592 0.0114 
 H071.2_2002  2 0.0558 0.9209 0.0233 
 H071.2_2003  2 0.0190 0.9669 0.0141 
      H071.3  2 0.0513 0.9268 0.0219 
 H071.4_2002  2 0.1578 0.8235 0.0188 
 H071.4_2003  2 0.0398 0.9435 0.0168 
 H071.5_2002  2 0.0287 0.9616 0.0096 
 H071.5_2003  2 0.0985 0.8798 0.0217 
 H071.6_2002  2 0.0444 0.9396 0.0159 
 H071.6_2003  2 0.0254 0.9619 0.0127 
 H071.7_2002  2 0.0595 0.9252 0.0153 
 H071.7_2003  2 0.1060 0.8662 0.0278 
      H071.8  2 0.0588 0.9116 0.0297 
      H071.9  2 0.1587 0.8137 0.0276 
 H081.1_2002  2 0.0174 0.9657 0.0169 
 H081.1_2003  2 0.6298 0.3322 0.0380 
 H081.2_2002  2 0.0467 0.9255 0.0278 
 H081.2_2003  2 0.0561 0.9163 0.0276 
 H081.3_2002  2 0.0332 0.9412 0.0256 
 H081.3_2003  2 0.5814 0.3312 0.0875 
 H081.4_2002  2 0.0632 0.9121 0.0247 
 H081.4_2003  2 0.3019 0.5719 0.1262 
 H081.5_2002  2 0.0253 0.9583 0.0164 
 H081.5_2003  2 0.2708 0.5546 0.1746 
      H081.6  2 0.0304 0.9488 0.0209 
      H081.7  2 0.0190 0.9603 0.0206 
      H081.8  2 0.0552 0.9201 0.0248 
      H083.1  2 0.0274 0.9590 0.0136 
      H083.2  2 0.0334 0.9500 0.0166 
      H083.4  2 0.0385 0.9456 0.0158 
      H083.5  2 0.0338 0.9530 0.0132 
      H083.6  2 0.0180 0.9666 0.0153 
      H083.7  2 0.0389 0.9407 0.0204 
      H083.8  2 0.0375 0.9355 0.0270 
      H083.9  2 0.0174 0.9722 0.0104 
      H084.1  2 0.0514 0.9221 0.0265 
      H084.2  2 0.1103 0.8746 0.0150 
      H084.3  2 0.3329 0.4653 0.2018 
      H084.4  2 0.5148 0.3759 0.1093 
      H084.5  2 0.1073 0.7793 0.1134 
      H084.6  2 0.1828 0.5260 0.2911 
      H084.7  2 0.0379 0.9439 0.0183 
      H084.8  2 0.0537 0.8067 0.1396 
 H085.1_2002  2 0.0626 0.9082 0.0292 
 H085.1_2003  2 0.0346 0.9469 0.0185 
 H085.2_2002  2 0.1081 0.8261 0.0658 
 H085.2_2003  2 0.0324 0.9430 0.0246 
 H085.3_2002  2 0.0299 0.7092 0.2608 
 H085.3_2003  2 0.0169 0.9521 0.0310 
 H085.4_2002  2 0.1588 0.7939 0.0472 
 H085.4_2003  2 0.0267 0.9282 0.0451 
 H085.5_2002  2 0.0666 0.5490 0.3844 
 H085.5_2003  2 0.0147 0.9724 0.0129 
 H085.6_2002  2 0.0741 0.8601 0.0659 
 H085.6_2003  2 0.0699 0.4561 0.4740 
 H085.7_2002  2 0.0570 0.8274 0.1157 
 H085.7_2003  2 0.0852 0.8547 0.0600 
 H085.8_2002  2 0.1253 0.4795 0.3952 
 H085.8_2003  2 0.0426 0.9144 0.0430 
      H085.9  2 0.0770 0.7871 0.1359 
      H088.1  2 0.0590 0.7186 0.2223 
      H088.2  2 0.0299 0.7897 0.1804 
      H088.3  2 0.0257 0.9082 0.0661 
      H088.4  2 0.0442 0.9089 0.0469 
      H088.5  2 0.0224 0.9290 0.0487 
      H088.6  2 0.0343 0.8892 0.0765 
      H088.7  2 0.0303 0.9276 0.0421 
      H088.8  2 0.0751 0.8197 0.1052 
      H091.1  2 0.0233 0.9378 0.0389 
      H091.2  2 0.0237 0.9371 0.0392 
      H109.1  2 0.5909 0.3785 0.0305 
      H109.2  2 0.1971 0.7610 0.0419 
      H109.3  2 0.2181 0.4979 0.2840 
      H109.4  2 0.6635 0.2548 0.0817 
      H109.5  2 0.0289 0.6256 0.3455 
      H109.6  2 0.5479 0.3686 0.0835 
      H126.1  2 0.6613 0.0331 0.3056 
      H126.2  2 0.9144 0.0560 0.0296 
      H126.3  2 0.7070 0.2613 0.0317 
      H126.4  2 0.7533 0.0950 0.1517 
      H126.5  2 0.7883 0.0651 0.1466 
      H126.6  2 0.6719 0.2985 0.0296 
      H126.7  2 0.0661 0.9032 0.0307 
      H130.1  2 0.4141 0.1827 0.4032 
      H130.2  2 0.0572 0.9141 0.0287 
      H130.3  2 0.1923 0.7185 0.0892 
      H130.4  2 0.7001 0.1344 0.1654 
      H130.5  2 0.0307 0.9096 0.0596 
      H133.1  2 0.4887 0.4027 0.1086 
      H133.2  2 0.4753 0.3430 0.1817 
      H133.3  2 0.2371 0.5151 0.2478 
      H133.4  2 0.7479 0.1443 0.1078 
      H133.5  2 0.7108 0.2328 0.0565 
      H133.6  2 0.4514 0.4712 0.0774 
      H133.7  2 0.2938 0.1770 0.5292 
      H133.8  2 0.7580 0.1416 0.1004 
      H133.9  2 0.5034 0.4147 0.0819 
      H147.1  2 0.0357 0.8649 0.0994 
      H147.2  2 0.0164 0.9709 0.0126 
      H147.3  2 0.0273 0.9519 0.0208 
      H147.4  2 0.0226 0.9650 0.0124 
      H147.5  2 0.0139 0.9664 0.0197 
      H147.6  2 0.0196 0.9571 0.0233 
      H147.7  2 0.0275 0.9493 0.0232 
      H147.8  2 0.0146 0.9712 0.0143 
      H147.9  2 0.0244 0.9566 0.0191 
      H148.1  2 0.7340 0.1674 0.0986 
      H148.2  2 0.4820 0.2543 0.2637 
      H148.3  2 0.0389 0.0282 0.9329 
      H148.4  2 0.5334 0.0862 0.3804 
      H148.5  2 0.1648 0.1170 0.7181 
      H148.6  2 0.3968 0.1859 0.4174 
      H148.7  2 0.2710 0.1423 0.5866 
      H148.8  2 0.0598 0.0249 0.9153 
      H148.9  2 0.7730 0.0700 0.1570 
   H166022.1  2 0.0106 0.9632 0.0262 
   H166022.2  2 0.0196 0.9087 0.0717 
   H166022.3  2 0.0188 0.9392 0.0420 
   H166022.4  2 0.0139 0.9592 0.0269 
   H166022.5  2 0.0149 0.9585 0.0265 
   H166022.6  2 0.0235 0.9262 0.0503 
   H166022.7  2 0.9763 0.0143 0.0094 
   H166022.8  2 0.0335 0.8072 0.1592 
   H167397.1  2 0.8112 0.1021 0.0867 
   H167397.2  2 0.6028 0.0781 0.3191 
   H167397.3  2 0.9211 0.0342 0.0447 
   H167397.4  2 0.3582 0.2720 0.3697 
   H167397.5  2 0.9102 0.0522 0.0376 
   H167397.6  2 0.8097 0.0795 0.1108 
   H167496.1  2 0.0656 0.2410 0.6934 
   H167496.2  2 0.2341 0.3584 0.4075 
   H167496.3  2 0.0517 0.4780 0.4703 
   H167496.4  2 0.0146 0.9711 0.0143 
   H167496.6  2 0.0383 0.9307 0.0310 
   H167496.7  2 0.1045 0.2223 0.6732 
   H167496.8  2 0.0234 0.9520 0.0246 
   H167513.1  2 0.6471 0.2010 0.1518 
   H167513.2  2 0.5024 0.0897 0.4079 
   H167513.3  2 0.6480 0.2393 0.1127 
   H167513.4  2 0.1066 0.8074 0.0860 
   H167513.5  2 0.6507 0.1370 0.2123 
   H167513.6  2 0.4013 0.2262 0.3725 
   H167513.7  2 0.5141 0.4601 0.0258 
   H167513.8  2 0.9149 0.0611 0.0240 
   H167547.1  2 0.1216 0.0487 0.8297 
   H167547.2  2 0.1101 0.1019 0.7880 
   H167547.3  2 0.0993 0.1196 0.7811 
   H167547.4  2 0.1811 0.1296 0.6893 
   H167547.5  2 0.0261 0.0566 0.9173 
   H167547.6  2 0.0382 0.0662 0.8956 
   H167547.7  2 0.1696 0.0549 0.7755 
   H169750.1  2 0.2063 0.2759 0.5178 
   H169750.2  2 0.4849 0.3263 0.1888 
   H169750.3  2 0.1478 0.4700 0.3823 
   H169750.4  2 0.7112 0.0788 0.2100 
   H169750.5  2 0.1215 0.6781 0.2004 
   H169750.6  2 0.0977 0.8553 0.0470 
   H169750.7  2 0.5933 0.1564 0.2502 
   H171929.1  2 0.4639 0.0623 0.4738 
  H171929.10  2 0.1966 0.4918 0.3116 
  H171929.11  2 0.8159 0.0406 0.1435 
   H171929.2  2 0.2735 0.1049 0.6217 
   H171929.3  2 0.5109 0.1103 0.3788 
   H171929.4  2 0.0601 0.2011 0.7388 
   H171929.5  2 0.7815 0.1079 0.1106 
   H171929.6  2 0.9253 0.0276 0.0471 
   H171929.7  2 0.2914 0.0846 0.6240 
   H171929.8  2 0.2451 0.0512 0.7037 
   H171929.9  2 0.1176 0.6440 0.2384 
   H171930.1  2 0.7721 0.1084 0.1195 
   H171930.2  2 0.1792 0.6476 0.1732 
   H171930.3  2 0.8050 0.1071 0.0879 
   H171930.4  2 0.2927 0.5448 0.1625 
   H171930.5  2 0.6144 0.2240 0.1616 
   H171930.6  2 0.1509 0.7112 0.1379 
   H171930.7  2 0.8868 0.0714 0.0418 
   H171930.8  2 0.7951 0.1146 0.0903 
   H171933.1  2 0.0475 0.8682 0.0843 
   H171933.2  2 0.0663 0.8824 0.0512 
   H171933.3  2 0.0593 0.7261 0.2146 
   H171933.4  2 0.0654 0.6034 0.3312 
   H171933.5  2 0.3079 0.1825 0.5096 
   H171933.6  2 0.0174 0.9606 0.0220 
   H171933.7  2 0.0890 0.7960 0.1151 
   H171933.8  2 0.1824 0.6823 0.1354 
   H171933.9  2 0.0316 0.8949 0.0735 
      H190.1  2 0.0745 0.6591 0.2664 
      H190.2  2 0.0642 0.1801 0.7558 
      H190.3  2 0.1207 0.1880 0.6913 
      H190.4  2 0.0446 0.6070 0.3484 
      H190.5  2 0.1309 0.4548 0.4142 
      H190.6  2 0.0395 0.4891 0.4714 
      H190.7  2 0.0375 0.0791 0.8834 
      H190.8  2 0.1143 0.3161 0.5696 
      H190.9  2 0.0789 0.2177 0.7033 
      H400.1  2 0.0225 0.9610 0.0165 
      H400.2  2 0.0204 0.9687 0.0109 
      H400.3  2 0.0594 0.8952 0.0453 
      H400.4  2 0.0170 0.9664 0.0166 
      H400.5  2 0.0474 0.9220 0.0306 
      H400.6  2 0.0152 0.9721 0.0127 
      H400.7  2 0.0162 0.9429 0.0409 
 H428.1_2005  2 0.0473 0.9280 0.0247 
 H428.1_2006  2 0.0194 0.9461 0.0345 
 H428.2_2005  2 0.0468 0.9140 0.0392 
 H428.2_2006  2 0.0126 0.9773 0.0101 
 H428.3_2005  2 0.0122 0.9640 0.0238 
 H428.3_2006  2 0.0263 0.9565 0.0172 
 H428.4_2005  2 0.0171 0.9345 0.0484 
 H428.4_2006  2 0.0117 0.9700 0.0184 
 H428.5_2005  2 0.0142 0.9735 0.0122 
 H428.6_2005  2 0.0257 0.9314 0.0429 
 H428.6_2006  2 0.0230 0.9603 0.0167 
      H428.7  2 0.0100 0.9821 0.0078 
      H428.8  2 0.0176 0.9680 0.0144 
      H428.9  2 0.0249 0.9614 0.0136 
      H453.1  2 0.0157 0.9704 0.0139 
      H453.2  2 0.0166 0.9604 0.0230 
      H453.3  2 0.0116 0.9559 0.0325 
      H453.4  2 0.0141 0.9649 0.0210 
      H453.5  2 0.0098 0.9780 0.0122 
      H453.6  2 0.0104 0.9798 0.0098 
      H453.7  2 0.0329 0.8685 0.0986 
      H453.8  2 0.0334 0.8847 0.0819 
      H453.9  2 0.0125 0.9689 0.0187 
      H512.1  2 0.0152 0.9646 0.0202 
     H512.10  2 0.0908 0.8085 0.1007 
      H512.2  2 0.0764 0.7438 0.1798 
      H512.3  2 0.1906 0.4993 0.3102 
      H512.4  2 0.0425 0.9144 0.0430 
      H512.5  2 0.5466 0.1722 0.2812 
      H512.6  2 0.1799 0.3948 0.4253 
      H512.7  2 0.1728 0.7540 0.0732 
      H512.8  2 0.0964 0.4914 0.4122 
      H512.9  2 0.1195 0.8169 0.0636 
      H513.1  2 0.0211 0.9648 0.0141 
      H513.2  2 0.0143 0.9658 0.0200 
      H513.3  2 0.0159 0.9689 0.0152 
      H513.4  2 0.0139 0.9504 0.0357 
      H513.5  2 0.0176 0.9705 0.0120 
      H513.6  2 0.3866 0.5883 0.0252 
      H532.1  2 0.0419 0.9323 0.0258 
      H532.2  2 0.0231 0.9332 0.0436 
      H532.3  2 0.0196 0.9143 0.0661 
      H532.4  2 0.0385 0.9311 0.0303 
      H532.5  2 0.0292 0.9473 0.0234 
      H532.6  2 0.0373 0.9419 0.0208 
      H532.7  2 0.0180 0.9671 0.0148 
      H532.8  2 0.0332 0.9182 0.0486 
      H543.1  2 0.9431 0.0328 0.0241 
      H543.2  2 0.4103 0.4833 0.1064 
      H543.3  2 0.8584 0.0985 0.0432 
      H543.4  2 0.9140 0.0205 0.0655 
      H543.5  2 0.9577 0.0223 0.0200 
      H543.6  2 0.9067 0.0593 0.0341 
      H543.7  2 0.9643 0.0129 0.0228 
      H543.8  2 0.8791 0.0916 0.0293 
      H543.9  2 0.9123 0.0507 0.0371 
 H545.1_2005  2 0.9848 0.0079 0.0074 
 H545.1_2006  2 0.9689 0.0168 0.0144 
 H545.2_2005  2 0.9789 0.0113 0.0099 
 H545.2_2006  2 0.9617 0.0244 0.0139 
 H545.3_2005  2 0.9595 0.0158 0.0247 
 H545.3_2006  2 0.9814 0.0117 0.0069 
 H545.4_2005  2 0.9423 0.0160 0.0418 
 H545.4_2006  2 0.9773 0.0096 0.0131 
 H545.5_2005  2 0.9751 0.0163 0.0086 
 H545.5_2006  2 0.9490 0.0271 0.0239 
 H545.6_2005  2 0.9816 0.0117 0.0068 
 H545.6_2006  2 0.9726 0.0162 0.0112 
 H545.7_2005  2 0.9811 0.0113 0.0075 
 H545.7_2006  2 0.9773 0.0143 0.0084 
 H545.8_2005  2 0.9627 0.0217 0.0156 
 H545.8_2006  2 0.9732 0.0155 0.0112 
      H545.9  2 0.9668 0.0178 0.0153 
      H547.1  2 0.0397 0.4416 0.5186 
      H547.2  2 0.0363 0.5026 0.4612 
      H547.3  2 0.1214 0.2159 0.6627 
      H547.4  2 0.2076 0.3089 0.4835 
      H547.5  2 0.0171 0.1380 0.8449 
      H547.6  2 0.0291 0.7843 0.1866 
      H547.7  2 0.1004 0.4022 0.4973 
      H547.8  2 0.0339 0.3712 0.5949 
      H548.1  2 0.9762 0.0115 0.0123 
      H548.2  2 0.9567 0.0134 0.0299 
      H548.3  2 0.9663 0.0187 0.0150 
      H548.4  2 0.9655 0.0176 0.0169 
      H548.5  2 0.9719 0.0122 0.0158 
      H548.6  2 0.9809 0.0085 0.0106 
      H548.7  2 0.9629 0.0236 0.0135 
      H548.8  2 0.9744 0.0134 0.0122 
      H548.9  2 0.9523 0.0220 0.0257 
     H7389.1  2 0.0148 0.9521 0.0332 
     H7389.2  2 0.0258 0.9459 0.0283 
     H7389.3  2 0.0289 0.9307 0.0404 
     H7389.4  2 0.0534 0.9325 0.0141 
     H7389.5  2 0.0575 0.9238 0.0188 
     H7389.6  2 0.0396 0.9340 0.0264 
     H7389.7  2 0.0550 0.8981 0.0468 
     H7389.8  2 0.3988 0.5792 0.0220 
     H7389.9  2 0.0550 0.9308 0.0142 
      H747.1  2 0.1544 0.1664 0.6793 
      H747.2  2 0.8292 0.0315 0.1394 
      H747.3  2 0.6339 0.0926 0.2735 
      H747.4  2 0.3559 0.1550 0.4891 
      H747.5  2 0.8289 0.0403 0.1308 
      H747.6  2 0.6953 0.1274 0.1773 
      H747.7  2 0.7996 0.0511 0.1493 
     H7484.1  2 0.0716 0.8913 0.0371 
     H7484.2  2 0.2462 0.6554 0.0984 
     H7484.3  2 0.3325 0.4750 0.1925 
     H7484.4  2 0.1166 0.8435 0.0399 
     H7484.5  2 0.2148 0.7600 0.0252 
     H7484.6  2 0.5108 0.2082 0.2811 
     H7484.7  2 0.4044 0.5082 0.0874 
     H7484.8  2 0.0368 0.9382 0.0251 
     H7485.1  2 0.9102 0.0492 0.0406 
     H7485.2  2 0.9501 0.0377 0.0122 
     H7485.3  2 0.9791 0.0096 0.0113 
     H7485.4  2 0.9679 0.0225 0.0096 
     H7485.5  2 0.9633 0.0211 0.0156 
     H7485.6  2 0.8928 0.0770 0.0301 
     H7485.7  2 0.9667 0.0166 0.0166 
     H7496.1  2 0.0307 0.8993 0.0700 
    H7496.10  2 0.0123 0.9704 0.0173 
    H7496.11  2 0.8925 0.0761 0.0313 
     H7496.2  2 0.0224 0.9443 0.0333 
     H7496.3  2 0.0723 0.8657 0.0620 
     H7496.4  2 0.0169 0.9506 0.0324 
     H7496.5  2 0.0419 0.8909 0.0672 
     H7496.6  2 0.0234 0.9243 0.0524 
     H7496.7  2 0.0131 0.9682 0.0187 
     H7496.8  2 0.0362 0.9062 0.0577 
        UNK4  2 0.3430 0.5443 0.1127 
        UNK5  2 0.1177 0.8582 0.0241 
        UNK6  2 0.1314 0.8147 0.0539 
        UNK7  2 0.0993 0.8678 0.0329 
        UNK8  2 0.2986 0.6877 0.0136 
        UNK9  2 0.1550 0.8218 0.0231 
      H009.1  4 0.0564 0.0172 0.9264 
      H009.2  4 0.1249 0.0250 0.8501 
      H009.3  4 0.0711 0.0258 0.9031 
      H009.4  4 0.1728 0.0191 0.8082 
      H009.5  4 0.4120 0.0356 0.5524 
      H009.6  4 0.0813 0.0223 0.8964 
      H046.4  4 0.5242 0.3560 0.1197 
      H046.8  4 0.3917 0.0570 0.5513 
 H076.1_2002  4 0.0201 0.0200 0.9599 
 H076.1_2003  4 0.0110 0.0101 0.9789 
 H076.1_2004  4 0.0155 0.0120 0.9725 
 H076.2_2002  4 0.0119 0.0176 0.9705 
 H076.2_2003  4 0.0148 0.0121 0.9730 
 H076.2_2004  4 0.0282 0.0290 0.9428 
 H076.3_2002  4 0.0331 0.0357 0.9312 
 H076.3_2003  4 0.0521 0.0298 0.9182 
 H076.3_2004  4 0.0163 0.0203 0.9634 
 H076.4_2002  4 0.0377 0.0421 0.9202 
 H076.4_2003  4 0.0149 0.0142 0.9709 
 H076.4_2004  4 0.0420 0.0336 0.9244 
 H076.5_2002  4 0.0102 0.0363 0.9535 
 H076.5_2003  4 0.1141 0.0480 0.8379 
 H076.5_2004  4 0.0273 0.0355 0.9372 
 H076.6_2002  4 0.0181 0.0317 0.9502 
 H076.6_2003  4 0.0142 0.0132 0.9726 
 H076.6_2004  4 0.0154 0.0167 0.9679 
 H076.7_2002  4 0.1543 0.0813 0.7643 
 H076.7_2003  4 0.0871 0.0509 0.8620 
 H076.7_2004  4 0.0199 0.0192 0.9610 
      H477.1  4 0.3001 0.5455 0.1544 
      H477.2  4 0.4354 0.3526 0.2120 
      H477.3  4 0.7330 0.2421 0.0249 
      H477.4  4 0.8390 0.1318 0.0292 
      H477.5  4 0.8698 0.0446 0.0856 
      H477.6  4 0.8089 0.1381 0.0529 
      H477.7  4 0.9181 0.0631 0.0188 
 H479.1_2005  4 0.1471 0.8310 0.0219 
 H479.1_2006  4 0.2140 0.1063 0.6797 
     H479.10  4 0.5359 0.2924 0.1717 
 H479.2_2005  4 0.2263 0.6935 0.0803 
 H479.2_2006  4 0.4054 0.4397 0.1549 
 H479.3_2005  4 0.1069 0.8251 0.0680 
 H479.3_2006  4 0.0593 0.5701 0.3706 
 H479.4_2005  4 0.5070 0.3962 0.0968 
 H479.4_2006  4 0.1035 0.8748 0.0217 
 H479.5_2005  4 0.3231 0.5466 0.1303 
 H479.5_2006  4 0.4106 0.5041 0.0852 
 H479.6_2005  4 0.5657 0.2070 0.2273 
 H479.6_2006  4 0.0429 0.9428 0.0144 
 H479.7_2005  4 0.1608 0.8093 0.0299 
 H479.7_2006  4 0.4493 0.5049 0.0458 
 H479.8_2005  4 0.0533 0.9202 0.0265 
 H479.8_2006  4 0.9198 0.0186 0.0616 
      H479.9  4 0.0634 0.0443 0.8922 
      H516.1  4 0.1368 0.0393 0.8239 
      H516.2  4 0.9034 0.0275 0.0690 
      H516.3  4 0.9415 0.0166 0.0420 
      H516.4  4 0.7628 0.0288 0.2084 
      H516.5  4 0.4422 0.0224 0.5355 
      H516.6  4 0.9624 0.0173 0.0203 
      H516.7  4 0.4561 0.1746 0.3694 
      H516.8  4 0.3437 0.0246 0.6316 
      H516.9  4 0.5654 0.0895 0.3451 
      H646.1  4 0.0250 0.0402 0.9348 
      H646.2  4 0.0162 0.0154 0.9683 
      H646.3  4 0.0202 0.0168 0.9630 
      H646.4  4 0.0168 0.0373 0.9458 
      H646.5  4 0.0266 0.0335 0.9398 
      H658.1  4 0.5658 0.0163 0.4179 
     H658.10  4 0.0892 0.0233 0.8875 
      H658.2  4 0.2489 0.0400 0.7111 
      H658.3  4 0.3036 0.0744 0.6220 
      H658.4  4 0.2224 0.1353 0.6423 
      H658.5  4 0.3929 0.1364 0.4707 
      H658.6  4 0.1040 0.0283 0.8677 
      H658.7  4 0.0278 0.0192 0.9531 
      H658.8  4 0.0315 0.0096 0.9589 
      H658.9  4 0.2083 0.0518 0.7399 
      H682.1  4 0.1970 0.7330 0.0700 
      H682.6  4 0.2631 0.3584 0.3785 
      H720.1  4 0.0398 0.7700 0.1902 
      H720.2  4 0.0651 0.5829 0.3520 
      H720.3  4 0.0988 0.3510 0.5502 
      H720.4  4 0.4524 0.2864 0.2612 
      H720.5  4 0.2965 0.3957 0.3078 
      H720.6  4 0.3035 0.3648 0.3318 
      H720.7  4 0.1051 0.8417 0.0532 
      H720.8  4 0.0319 0.7528 0.2153 
      H720.9  4 0.2805 0.5826 0.1369 
      H724.1  4 0.0729 0.0719 0.8552 
      H724.2  4 0.0678 0.0568 0.8754 
      H724.3  4 0.1078 0.1492 0.7430 
      H724.4  4 0.0544 0.0309 0.9147 
      H724.5  4 0.0656 0.3482 0.5862 
      H724.6  4 0.0737 0.0354 0.8909 
      H725.1  4 0.2622 0.6278 0.1100 
      H725.2  4 0.5855 0.2601 0.1545 
      H725.3  4 0.8182 0.1068 0.0749 
      H725.4  4 0.3404 0.5914 0.0682 
      H725.5  4 0.1524 0.7595 0.0881 
      H725.6  4 0.5499 0.0483 0.4018 
      H725.7  4 0.6372 0.1569 0.2058 
      H725.8  4 0.8512 0.0316 0.1172 
      H726.1  4 0.0649 0.0096 0.9255 
      H726.2  4 0.0748 0.0294 0.8958 
      H726.3  4 0.0398 0.0119 0.9483 
      H726.4  4 0.5076 0.0206 0.4718 
      H726.5  4 0.1016 0.0235 0.8749 
        UNK1  4 0.4430 0.3355 0.2215 
        UNK2  4 0.3386 0.3824 0.2790 
        UNK3  4 0.1728 0.1758 0.6514 
      H016.1  5 0.8510 0.0763 0.0727 
      H016.2  5 0.8909 0.0836 0.0255 
      H016.3  5 0.5846 0.0338 0.3816 
      H016.4  5 0.8716 0.1074 0.0211 
 H017.1_2002  5 0.0447 0.0183 0.9369 
 H017.1_2003  5 0.9245 0.0467 0.0287 
 H017.2_2002  5 0.0662 0.0409 0.8929 
 H017.2_2003  5 0.9166 0.0369 0.0465 
 H017.3_2002  5 0.6858 0.0438 0.2704 
 H017.3_2003  5 0.3387 0.0602 0.6011 
 H017.4_2002  5 0.4574 0.1595 0.3831 
 H017.4_2003  5 0.9592 0.0149 0.0259 
 H017.5_2002  5 0.9406 0.0215 0.0378 
 H017.5_2003  5 0.8910 0.0239 0.0852 
 H017.6_2002  5 0.0600 0.0779 0.8622 
 H017.6_2003  5 0.3360 0.0602 0.6037 
 H017.7_2002  5 0.3583 0.1346 0.5071 
 H017.7_2003  5 0.9256 0.0334 0.0409 
      H017.8  5 0.5937 0.0488 0.3575 
      H017.9  5 0.2557 0.0739 0.6704 
      H032.1  5 0.9269 0.0294 0.0438 
      H032.2  5 0.9537 0.0206 0.0257 
      H032.3  5 0.8129 0.1138 0.0734 
      H032.4  5 0.9494 0.0192 0.0315 
      H032.5  5 0.4405 0.0432 0.5163 
      H032.6  5 0.3793 0.0248 0.5959 
      H032.7  5 0.9232 0.0320 0.0449 
 H034.1_2002  5 0.0374 0.0357 0.9269 
 H034.1_2003  5 0.1838 0.0925 0.7237 
 H034.2_2002  5 0.2057 0.0366 0.7577 
 H034.2_2003  5 0.0971 0.1665 0.7364 
 H034.3_2002  5 0.1179 0.0303 0.8518 
 H034.3_2003  5 0.1033 0.0720 0.8247 
 H034.4_2002  5 0.0851 0.1381 0.7768 
 H034.4_2003  5 0.4283 0.0227 0.5491 
 H034.5_2002  5 0.0376 0.0154 0.9470 
 H034.5_2003  5 0.3925 0.0538 0.5537 
 H034.6_2002  5 0.1269 0.0406 0.8325 
 H034.6_2003  5 0.6067 0.0190 0.3743 
 H034.7_2002  5 0.1082 0.0366 0.8552 
 H034.7_2003  5 0.6803 0.0247 0.2950 
 H034.8_2002  5 0.0503 0.0245 0.9252 
 H034.8_2003  5 0.3053 0.0125 0.6822 
      H034.9  5 0.0975 0.1097 0.7927 
      H048.1  5 0.6935 0.2372 0.0693 
      H048.2  5 0.1971 0.6648 0.1381 
      H048.3  5 0.1342 0.1731 0.6927 
      H048.4  5 0.1358 0.2755 0.5887 
      H048.5  5 0.4766 0.4466 0.0768 
      H048.6  5 0.0837 0.2918 0.6245 
      H048.7  5 0.6888 0.1931 0.1181 
      H048.8  5 0.4971 0.0811 0.4218 
      H060.1  5 0.9353 0.0221 0.0426 
     H060.10  5 0.8633 0.0152 0.1215 
      H060.2  5 0.7641 0.0571 0.1789 
      H060.3  5 0.7820 0.0227 0.1954 
      H060.4  5 0.9196 0.0321 0.0483 
      H060.5  5 0.9142 0.0274 0.0584 
      H060.6  5 0.9483 0.0186 0.0330 
      H060.7  5 0.4719 0.0890 0.4391 
      H060.8  5 0.7365 0.0777 0.1858 
      H060.9  5 0.9290 0.0187 0.0524 
 H070.1_2002  5 0.4466 0.3862 0.1672 
 H070.1_2003  5 0.7085 0.1170 0.1744 
 H070.1_2004  5 0.1998 0.0186 0.7816 
 H070.2_2002  5 0.3795 0.1511 0.4694 
 H070.2_2003  5 0.5462 0.1515 0.3023 
 H070.2_2004  5 0.1442 0.0148 0.8410 
 H070.3_2002  5 0.7995 0.0733 0.1271 
 H070.3_2003  5 0.7168 0.0257 0.2575 
 H070.3_2004  5 0.4791 0.0493 0.4716 
 H070.4_2002  5 0.0609 0.0377 0.9014 
 H070.4_2003  5 0.8259 0.0453 0.1288 
 H070.4_2004  5 0.3075 0.1691 0.5234 
 H070.5_2002  5 0.8186 0.1418 0.0396 
 H070.5_2003  5 0.7821 0.0242 0.1937 
 H070.5_2004  5 0.1584 0.0317 0.8099 
 H070.6_2002  5 0.7777 0.1216 0.1007 
 H070.6_2003  5 0.1246 0.0315 0.8439 
 H070.6_2004  5 0.1667 0.1174 0.7159 
      H077.1  5 0.6596 0.0206 0.3199 
      H077.2  5 0.8609 0.0422 0.0969 
      H077.3  5 0.1219 0.0234 0.8548 
      H077.4  5 0.6077 0.0250 0.3672 
      H077.5  5 0.6663 0.0266 0.3071 
      H077.6  5 0.9394 0.0148 0.0458 
      H097.1  5 0.1242 0.2049 0.6709 
      H097.2  5 0.0520 0.4618 0.4861 
      H097.3  5 0.0353 0.0415 0.9233 
      H097.4  5 0.0345 0.2449 0.7206 
      H097.5  5 0.0486 0.0615 0.8899 
      H097.6  5 0.0497 0.4511 0.4992 
      H097.7  5 0.0554 0.2375 0.7072 
      H124.1  5 0.5024 0.2550 0.2427 
      H124.2  5 0.9302 0.0445 0.0254 
      H124.3  5 0.7576 0.2105 0.0319 
      H124.4  5 0.7812 0.1334 0.0854 
      H124.5  5 0.9210 0.0417 0.0373 
      H132.1  5 0.4915 0.2159 0.2926 
      H132.2  5 0.4157 0.3004 0.2838 
      H132.3  5 0.8179 0.0644 0.1177 
      H132.4  5 0.4613 0.1737 0.3650 
      H132.5  5 0.6601 0.1335 0.2064 
      H132.6  5 0.5547 0.2741 0.1712 
      H132.7  5 0.2931 0.6723 0.0345 
      H155.1  5 0.4166 0.5456 0.0378 
      H155.2  5 0.1931 0.7314 0.0755 
      H155.3  5 0.0598 0.9236 0.0165 
      H155.4  5 0.1008 0.8724 0.0268 
      H155.5  5 0.3347 0.6060 0.0594 
      H155.6  5 0.2991 0.6578 0.0430 
      H155.7  5 0.5271 0.4010 0.0719 
      H155.8  5 0.1744 0.8020 0.0237 
      H155.9  5 0.2813 0.6672 0.0515 
      H169.1  5 0.5180 0.0341 0.4479 
      H169.2  5 0.1818 0.0196 0.7987 
      H169.3  5 0.0571 0.0250 0.9179 
      H169.4  5 0.6403 0.0298 0.3300 
      H169.5  5 0.2896 0.0496 0.6608 
      H169.6  5 0.6210 0.0691 0.3099 
      H457.1  5 0.0217 0.8643 0.1140 
      H457.2  5 0.0126 0.9662 0.0212 
      H457.3  5 0.0367 0.9267 0.0366 
      H457.4  5 0.0254 0.8693 0.1054 
      H457.5  5 0.5143 0.4015 0.0842 
      H457.6  5 0.0701 0.8687 0.0612 
      H457.7  5 0.1995 0.3770 0.4235 
      H457.8  5 0.3348 0.6407 0.0246 
      H462.1  5 0.8097 0.1365 0.0538 
      H462.2  5 0.5236 0.2885 0.1879 
      H462.3  5 0.6575 0.2850 0.0575 
      H462.4  5 0.4787 0.1182 0.4031 
      H462.5  5 0.4921 0.1336 0.3743 
      H462.6  5 0.7068 0.1488 0.1444 
      H462.7  5 0.4308 0.4843 0.0849 
      H462.8  5 0.5379 0.0438 0.4182 
      H462.9  5 0.7671 0.1806 0.0523 
      H481.1  5 0.0667 0.0205 0.9129 
      H481.2  5 0.6608 0.0324 0.3068 
      H481.3  5 0.8062 0.0224 0.1714 
      H481.4  5 0.6974 0.0234 0.2792 
      H481.5  5 0.5198 0.0433 0.4369 
      H481.6  5 0.2969 0.1422 0.5608 
      H481.7  5 0.3948 0.0767 0.5285 
      H481.8  5 0.0756 0.1653 0.7591 
      H509.1  5 0.7453 0.1433 0.1114 
      H509.2  5 0.2773 0.4677 0.2550 
      H509.3  5 0.2714 0.5352 0.1934 
      H509.4  5 0.0930 0.5998 0.3072 
      H509.5  5 0.1527 0.7676 0.0797 
      H509.6  5 0.4550 0.4011 0.1439 
      H509.7  5 0.0746 0.6636 0.2618 
      H567.1  5 0.5712 0.3520 0.0768 
      H567.2  5 0.2496 0.4023 0.3481 
      H567.3  5 0.3535 0.3007 0.3459 
      H567.4  5 0.0435 0.9001 0.0564 
      H567.5  5 0.4890 0.4081 0.1030 
      H567.6  5 0.6080 0.3223 0.0697 
      H567.7  5 0.3397 0.5593 0.1010 
      H567.8  5 0.6661 0.2375 0.0964 
      H608.1  5 0.3076 0.3179 0.3744 
      H608.2  5 0.5017 0.2652 0.2332 
      H608.3  5 0.6866 0.2262 0.0872 
      H608.4  5 0.7055 0.1372 0.1573 
      H608.5  5 0.5042 0.4527 0.0431 
      H608.6  5 0.8747 0.0487 0.0765 
      H608.7  5 0.2778 0.5605 0.1617 
      H608.8  5 0.7712 0.1801 0.0487 
      H615.1  5 0.9646 0.0157 0.0197 
      H615.2  5 0.9025 0.0724 0.0251 
      H615.3  5 0.1199 0.0442 0.8359 
      H615.4  5 0.4246 0.1647 0.4107 
      H615.5  5 0.4704 0.0357 0.4940 
      H615.6  5 0.2763 0.0279 0.6958 
      H635.1  5 0.1221 0.1181 0.7598 
      H635.2  5 0.2962 0.4881 0.2157 
      H635.3  5 0.1104 0.7196 0.1700 
      H635.4  5 0.1774 0.6643 0.1583 
      H635.5  5 0.1280 0.1609 0.7111 
      H635.6  5 0.0586 0.0436 0.8978 
      H635.7  5 0.2229 0.2538 0.5233 
      H635.8  5 0.0894 0.8479 0.0628 
      H635.9  5 0.1811 0.4083 0.4106 
      H728.1  5 0.9486 0.0248 0.0266 
      H728.2  5 0.9045 0.0487 0.0468 
      H728.3  5 0.9348 0.0484 0.0168 
      H728.4  5 0.9405 0.0332 0.0262 
      H728.5  5 0.9588 0.0230 0.0182 
      H728.6  5 0.9655 0.0175 0.0170 
      H728.7  5 0.3677 0.4162 0.2161 
 H7395.1_200  5 0.0748 0.1865 0.7387 
 H7395.1_200  5 0.9472 0.0350 0.0178 
     H7395.2  5 0.9615 0.0244 0.0141 
     H7395.3  5 0.8227 0.1507 0.0266 
     H7395.4  5 0.9405 0.0295 0.0299 
     H7395.5  5 0.9236 0.0606 0.0158 
     H7395.6  5 0.9447 0.0413 0.0140 
     H7395.7  5 0.7943 0.1488 0.0570 
     H7395.8  5 0.8643 0.0585 0.0772 
     H7395.9  5 0.9327 0.0346 0.0327 
      H742.1  5 0.3258 0.0948 0.5794 
      H742.2  5 0.0280 0.0864 0.8856 
      H742.3  5 0.3708 0.0320 0.5972 
      H958.1  5 0.0442 0.0207 0.9352 
      H958.2  5 0.0922 0.0659 0.8420 
      H958.3  5 0.1315 0.0890 0.7795 
      H958.4  5 0.0979 0.0167 0.8854 
      H958.5  5 0.0268 0.0411 0.9320 
      H958.6  5 0.1769 0.1173 0.7058 
      H958.7  5 0.1089 0.1201 0.7710 
      H452.1 10 0.0179 0.0162 0.9660 
     H452.10 10 0.0191 0.0186 0.9623 
      H452.2 10 0.1805 0.3238 0.4957 
      H452.3 10 0.0176 0.0203 0.9620 
      H452.4 10 0.0245 0.0273 0.9482 
      H452.5 10 0.0603 0.0636 0.8761 
      H452.6 10 0.1860 0.1565 0.6575 
      H452.7 10 0.0285 0.0445 0.9270 
      H452.8 10 0.0538 0.1409 0.8053 
      H452.9 10 0.0225 0.0197 0.9578 
      H473.1 10 0.3846 0.2843 0.3311 
      H473.2 10 0.2305 0.7483 0.0212 
      H473.3 10 0.2827 0.7017 0.0156 
      H473.4 10 0.2304 0.7411 0.0285 
      H473.5 10 0.3768 0.6051 0.0181 
      H473.6 10 0.0732 0.9109 0.0159 
      H473.7 10 0.1716 0.8060 0.0224 
      H473.8 10 0.3813 0.6023 0.0164 
      H487.1 10 0.0127 0.0129 0.9744 
      H487.2 10 0.0278 0.0152 0.9570 
      H487.3 10 0.0249 0.0102 0.9649 
      H487.4 10 0.0408 0.0246 0.9346 
      H487.5 10 0.0116 0.0124 0.9760 
      H703.1 10 0.4427 0.4499 0.1074 
     H703.10 10 0.2272 0.2652 0.5076 
      H703.2 10 0.2516 0.3564 0.3920 
      H703.3 10 0.4726 0.2305 0.2968 
      H703.4 10 0.0924 0.5247 0.3829 
      H703.5 10 0.0411 0.8659 0.0929 
      H703.6 10 0.2495 0.3187 0.4318 
      H703.7 10 0.1247 0.8179 0.0574 
      H703.8 10 0.0285 0.0517 0.9198 
      H703.9 10 0.1601 0.0910 0.7489 
      H705.1 10 0.0275 0.2394 0.7331 
      H705.2 10 0.0322 0.1565 0.8113 
      H705.3 10 0.0172 0.0150 0.9678 
      H705.4 10 0.0172 0.0268 0.9561 
      H705.5 10 0.0116 0.0289 0.9595 
      H705.6 10 0.0174 0.0466 0.9360 
      H705.7 10 0.0131 0.2153 0.7716 
     H7352.1 10 0.8664 0.0364 0.0972 
     H7352.2 10 0.1965 0.0139 0.7896 
     H7352.3 10 0.1272 0.0135 0.8593 
     H7352.4 10 0.1203 0.0126 0.8672 
     H7352.5 10 0.9005 0.0365 0.0630 
     H7352.6 10 0.7301 0.0435 0.2263 
     H7352.7 10 0.1865 0.0144 0.7992 
     H7354.1 10 0.8746 0.0756 0.0497 
     H7354.2 10 0.5578 0.1715 0.2707 
     H7354.3 10 0.3584 0.1629 0.4787 
     H7354.4 10 0.6241 0.0422 0.3337 
     H7354.5 10 0.8949 0.0458 0.0593 
     H7354.6 10 0.0642 0.0948 0.8410 
     H7354.7 10 0.3823 0.0257 0.5920 
     H7359.1 10 0.4679 0.3843 0.1478 
     H7359.2 10 0.5930 0.1958 0.2112 
     H7359.3 10 0.0750 0.1553 0.7697 
     H7359.4 10 0.7867 0.0689 0.1445 
     H7359.5 10 0.5296 0.1294 0.3410 
      H909.1 10 0.0400 0.0152 0.9447 
      H909.2 10 0.0197 0.0314 0.9489 
      H909.3 10 0.0196 0.0117 0.9686 
      H909.4 10 0.0342 0.0266 0.9392 
      H909.6 10 0.0970 0.0225 0.8805 
      H909.8 10 0.0224 0.0284 0.9492 
      H909.9 10 0.2220 0.0214 0.7566 
     H9555.1 10 0.0098 0.0110 0.9792 
     H9555.2 10 0.0177 0.0255 0.9568 
     H9555.3 10 0.0154 0.0218 0.9629 
     H9555.4 10 0.0123 0.0116 0.9761 
     H9555.5 10 0.0125 0.0223 0.9652 
     H9555.6 10 0.0915 0.1132 0.7953 
     H9555.7 10 0.0492 0.0837 0.8671 
     H9703.1 10 0.0394 0.0615 0.8991 
     H9703.2 10 0.0320 0.1631 0.8049 
     H9703.3 10 0.0617 0.1531 0.7852 
     H9703.4 10 0.0613 0.0836 0.8551 
     H9703.5 10 0.3068 0.4465 0.2467 
     H9707.1 10 0.8917 0.0720 0.0364 
     H9707.2 10 0.7852 0.0601 0.1547 
     H9707.3 10 0.5333 0.3716 0.0951 
     H9707.4 10 0.0575 0.0426 0.8999 
     H9707.5 10 0.7672 0.1426 0.0902 
     H9707.6 10 0.1572 0.6462 0.1966 
     H9707.7 10 0.4236 0.2206 0.3558 
     H9707.8 10 0.5317 0.3906 0.0778 
     HSAA4.1 10 0.0333 0.0661 0.9006 
     HSAA4.2 10 0.0135 0.0277 0.9588 
     HSAA4.3 10 0.0195 0.0195 0.9610 
     HSAA4.4 10 0.0485 0.0309 0.9206 
     HSAA4.5 10 0.0265 0.0161 0.9574 
     HSAA4.6 10 0.0124 0.0104 0.9772 
     HSAA4.7 10 0.0103 0.0110 0.9787 
   saaRTON.1 10 0.0595 0.0317 0.9088 
  saaRTON.10 10 0.0312 0.0292 0.9395 
   saaRTON.2 10 0.0542 0.0476 0.8982 
   saaRTON.3 10 0.0216 0.0285 0.9499 
   saaRTON.4 10 0.0203 0.0374 0.9423 
   saaRTON.5 10 0.0252 0.0306 0.9442 
   saaRTON.6 10 0.0810 0.0822 0.8367 
   saaRTON.7 10 0.0248 0.7402 0.2351 
   saaRTON.8 10 0.0292 0.0214 0.9493 
   saaRTON.9 10 0.0218 0.0201 0.9581 
      H005.1 11 0.2208 0.0442 0.7350 
      H005.2 11 0.2314 0.6185 0.1502 
      H005.3 11 0.2706 0.0444 0.6850 
      H005.4 11 0.5672 0.2665 0.1664 
      H005.5 11 0.3364 0.0921 0.5715 
      H005.6 11 0.6870 0.2726 0.0404 
      H005.7 11 0.2308 0.2298 0.5394 
      H005.8 11 0.5754 0.0694 0.3552 
      H005.9 11 0.2965 0.4436 0.2599 
      H031.1 11 0.7698 0.0984 0.1318 
      H031.2 11 0.0849 0.0302 0.8849 
      H031.3 11 0.3871 0.2778 0.3351 
      H031.4 11 0.2050 0.0905 0.7045 
      H031.5 11 0.2051 0.1676 0.6273 
      H031.6 11 0.5433 0.0468 0.4099 
      H031.7 11 0.2349 0.4389 0.3263 
      H031.8 11 0.5561 0.0372 0.4067 
      H136.1 11 0.9244 0.0502 0.0254 
      H136.2 11 0.1179 0.7886 0.0935 
      H136.3 11 0.3116 0.6423 0.0461 
      H136.4 11 0.8356 0.0564 0.1080 
      H153.1 11 0.8441 0.0628 0.0931 
      H153.2 11 0.8207 0.0444 0.1349 
      H153.3 11 0.9020 0.0446 0.0534 
      H153.4 11 0.3770 0.0333 0.5897 
      H167.1 11 0.1481 0.7746 0.0773 
      H167.2 11 0.7171 0.2112 0.0716 
      H167.3 11 0.6869 0.2507 0.0624 
      H167.4 11 0.1332 0.4091 0.4577 
      H167.5 11 0.6557 0.2064 0.1379 
      H167.6 11 0.9125 0.0637 0.0238 
      H167.7 11 0.2821 0.1187 0.5993 
