1:    0.012 0.015 0.010 0.008 0.014 0.013 0.796 0.014 0.013 0.035 0.011 0.018 0.016 0.010 0.008 0.006 1    
2:    0.019 0.055 0.016 0.075 0.016 0.069 0.049 0.038 0.016 0.503 0.011 0.034 0.012 0.007 0.032 0.048 1    
3:    0.059 0.112 0.016 0.075 0.009 0.030 0.050 0.065 0.017 0.375 0.068 0.028 0.030 0.012 0.028 0.027 1    
4:    0.033 0.016 0.016 0.028 0.009 0.014 0.595 0.011 0.048 0.065 0.009 0.025 0.049 0.015 0.012 0.057 1    
5:    0.043 0.027 0.014 0.027 0.008 0.009 0.686 0.013 0.016 0.073 0.013 0.012 0.017 0.009 0.013 0.020 1    
6:    0.024 0.048 0.018 0.046 0.008 0.017 0.093 0.006 0.023 0.536 0.011 0.047 0.036 0.006 0.014 0.067 1    
7:    0.068 0.050 0.016 0.026 0.016 0.027 0.232 0.052 0.036 0.300 0.011 0.037 0.041 0.018 0.008 0.062 1    
8:    0.011 0.019 0.015 0.062 0.015 0.418 0.098 0.029 0.014 0.036 0.024 0.197 0.021 0.013 0.015 0.012 1    
9:    0.019 0.030 0.011 0.034 0.008 0.029 0.021 0.012 0.013 0.451 0.011 0.172 0.046 0.013 0.014 0.115 1    
10:   0.086 0.009 0.029 0.005 0.013 0.019 0.684 0.010 0.029 0.009 0.015 0.036 0.016 0.010 0.010 0.021 1    
11:   0.640 0.043 0.013 0.009 0.015 0.012 0.110 0.005 0.013 0.010 0.029 0.027 0.037 0.006 0.016 0.015 1    
12:   0.053 0.059 0.022 0.022 0.021 0.007 0.618 0.044 0.015 0.025 0.035 0.006 0.021 0.005 0.006 0.041 1    
13:   0.367 0.125 0.030 0.020 0.063 0.007 0.202 0.007 0.011 0.017 0.074 0.010 0.015 0.005 0.015 0.033 1    
14:   0.055 0.030 0.022 0.020 0.089 0.019 0.386 0.059 0.023 0.010 0.072 0.008 0.028 0.006 0.018 0.155 1    
15:   0.297 0.014 0.009 0.005 0.033 0.008 0.545 0.006 0.007 0.024 0.008 0.004 0.018 0.005 0.010 0.008 1    
16:   0.049 0.005 0.006 0.005 0.026 0.007 0.820 0.013 0.011 0.007 0.004 0.005 0.014 0.006 0.007 0.015 1    
17:   0.542 0.012 0.008 0.011 0.164 0.030 0.112 0.006 0.013 0.009 0.016 0.013 0.028 0.005 0.013 0.019 1    
18:   0.071 0.008 0.011 0.004 0.009 0.006 0.798 0.013 0.007 0.012 0.007 0.009 0.022 0.010 0.006 0.006 1    
19:   0.460 0.038 0.007 0.005 0.015 0.013 0.372 0.004 0.008 0.022 0.011 0.010 0.015 0.004 0.007 0.010 1    
20:   0.252 0.006 0.007 0.007 0.037 0.012 0.561 0.016 0.010 0.005 0.007 0.006 0.011 0.007 0.006 0.050 1    
21:   0.102 0.082 0.046 0.008 0.062 0.013 0.478 0.013 0.010 0.013 0.041 0.019 0.071 0.016 0.018 0.009 1    
22:   0.039 0.018 0.013 0.017 0.021 0.005 0.778 0.018 0.010 0.008 0.016 0.007 0.011 0.005 0.005 0.030 1    
23:   0.092 0.031 0.149 0.011 0.025 0.014 0.039 0.020 0.007 0.056 0.068 0.012 0.010 0.028 0.435 0.005 1    
24:   0.034 0.007 0.010 0.005 0.011 0.012 0.076 0.123 0.317 0.032 0.026 0.008 0.007 0.032 0.252 0.048 1    
25:   0.007 0.005 0.006 0.009 0.008 0.006 0.885 0.004 0.007 0.005 0.013 0.008 0.006 0.003 0.006 0.022 1    
26:   0.005 0.007 0.011 0.003 0.005 0.005 0.899 0.007 0.008 0.006 0.006 0.003 0.005 0.014 0.008 0.005 1    
27:   0.004 0.007 0.041 0.005 0.010 0.010 0.806 0.008 0.024 0.011 0.008 0.008 0.009 0.011 0.011 0.028 1    
28:   0.005 0.005 0.024 0.004 0.007 0.008 0.850 0.008 0.012 0.008 0.007 0.006 0.009 0.019 0.005 0.024 1    
29:   0.006 0.006 0.011 0.004 0.022 0.020 0.843 0.009 0.007 0.008 0.004 0.005 0.008 0.009 0.016 0.022 1    
30:   0.008 0.008 0.009 0.004 0.011 0.009 0.890 0.004 0.007 0.006 0.008 0.005 0.005 0.003 0.011 0.011 1    
31:   0.005 0.007 0.040 0.004 0.011 0.007 0.864 0.003 0.012 0.007 0.010 0.005 0.005 0.004 0.008 0.010 1    
32:   0.004 0.005 0.017 0.004 0.007 0.008 0.827 0.011 0.013 0.007 0.007 0.004 0.006 0.017 0.009 0.055 1    
33:   0.328 0.011 0.063 0.017 0.094 0.006 0.161 0.095 0.009 0.086 0.011 0.021 0.051 0.017 0.009 0.021 1    
34:   0.703 0.007 0.015 0.008 0.006 0.005 0.026 0.007 0.020 0.058 0.007 0.009 0.092 0.009 0.006 0.021 1    
35:   0.446 0.008 0.017 0.030 0.014 0.007 0.244 0.011 0.010 0.055 0.012 0.027 0.077 0.014 0.009 0.019 1    
36:   0.546 0.007 0.024 0.036 0.009 0.008 0.134 0.013 0.022 0.028 0.019 0.039 0.074 0.016 0.011 0.014 1    
37:   0.779 0.015 0.013 0.018 0.005 0.014 0.010 0.007 0.021 0.007 0.008 0.030 0.011 0.043 0.008 0.012 1    
38:   0.073 0.061 0.043 0.020 0.009 0.024 0.058 0.013 0.061 0.267 0.079 0.055 0.084 0.027 0.033 0.094 1    
39:   0.540 0.016 0.006 0.012 0.060 0.008 0.081 0.008 0.167 0.007 0.011 0.006 0.023 0.011 0.006 0.039 1    
40:   0.604 0.016 0.036 0.012 0.006 0.008 0.078 0.004 0.024 0.033 0.009 0.023 0.111 0.019 0.010 0.006 1    
41:   0.489 0.017 0.012 0.016 0.013 0.014 0.010 0.005 0.304 0.012 0.009 0.018 0.034 0.023 0.009 0.015 1    
42:   0.331 0.026 0.016 0.020 0.052 0.015 0.030 0.026 0.344 0.015 0.009 0.033 0.016 0.028 0.016 0.025 1    
43:   0.845 0.008 0.012 0.007 0.011 0.006 0.014 0.005 0.007 0.006 0.008 0.010 0.014 0.023 0.010 0.013 1    
44:   0.677 0.009 0.064 0.019 0.018 0.004 0.065 0.018 0.008 0.013 0.029 0.022 0.013 0.028 0.006 0.007 1    
45:   0.906 0.008 0.009 0.010 0.005 0.006 0.006 0.005 0.006 0.008 0.006 0.006 0.006 0.008 0.004 0.002 1    
46:   0.768 0.010 0.012 0.059 0.020 0.011 0.018 0.007 0.018 0.008 0.023 0.012 0.005 0.010 0.006 0.013 1    
47:   0.519 0.008 0.034 0.011 0.011 0.011 0.022 0.007 0.226 0.009 0.011 0.018 0.049 0.052 0.006 0.004 1    
48:   0.787 0.014 0.006 0.020 0.007 0.009 0.010 0.004 0.058 0.011 0.005 0.010 0.030 0.010 0.005 0.014 1    
49:   0.128 0.030 0.069 0.111 0.030 0.024 0.076 0.006 0.189 0.041 0.129 0.047 0.054 0.015 0.010 0.042 1    
50:   0.123 0.027 0.045 0.100 0.031 0.019 0.098 0.005 0.246 0.041 0.108 0.046 0.044 0.012 0.010 0.044 1    
51:   0.006 0.008 0.025 0.016 0.694 0.052 0.019 0.011 0.009 0.016 0.031 0.008 0.004 0.006 0.007 0.088 1    
52:   0.006 0.011 0.014 0.288 0.029 0.122 0.065 0.004 0.008 0.007 0.030 0.037 0.043 0.006 0.007 0.320 1    
53:   0.011 0.012 0.168 0.034 0.083 0.079 0.409 0.004 0.047 0.016 0.045 0.029 0.011 0.006 0.009 0.038 1    
54:   0.006 0.012 0.076 0.187 0.251 0.011 0.097 0.006 0.021 0.022 0.114 0.028 0.009 0.007 0.009 0.146 1    
55:   0.008 0.012 0.030 0.021 0.083 0.114 0.204 0.006 0.022 0.023 0.031 0.033 0.032 0.005 0.011 0.365 1    
56:   0.011 0.011 0.028 0.018 0.075 0.036 0.400 0.004 0.023 0.005 0.026 0.061 0.017 0.006 0.009 0.271 1    
57:   0.005 0.006 0.141 0.162 0.109 0.023 0.069 0.003 0.027 0.010 0.110 0.132 0.016 0.004 0.010 0.172 1    
58:   0.005 0.008 0.020 0.044 0.346 0.325 0.029 0.010 0.022 0.011 0.037 0.049 0.020 0.010 0.039 0.025 1    
59:   0.006 0.007 0.010 0.021 0.793 0.016 0.028 0.006 0.014 0.006 0.039 0.011 0.005 0.004 0.007 0.026 1    
60:   0.005 0.015 0.010 0.008 0.004 0.007 0.362 0.005 0.024 0.513 0.009 0.016 0.006 0.005 0.005 0.006 1    
61:   0.008 0.014 0.024 0.006 0.011 0.004 0.046 0.016 0.007 0.806 0.016 0.010 0.012 0.010 0.006 0.004 1    
62:   0.016 0.016 0.017 0.013 0.010 0.005 0.053 0.021 0.018 0.760 0.021 0.010 0.022 0.010 0.006 0.004 1    
63:   0.031 0.008 0.047 0.008 0.011 0.006 0.153 0.007 0.030 0.600 0.029 0.018 0.027 0.013 0.008 0.004 1    
64:   0.011 0.014 0.020 0.037 0.015 0.004 0.124 0.005 0.044 0.649 0.021 0.009 0.020 0.015 0.009 0.004 1    
65:   0.021 0.007 0.010 0.006 0.006 0.004 0.021 0.006 0.013 0.858 0.009 0.010 0.014 0.007 0.005 0.004 1    
66:   0.010 0.009 0.009 0.009 0.003 0.005 0.394 0.010 0.050 0.458 0.005 0.010 0.009 0.007 0.005 0.008 1    
67:   0.020 0.012 0.011 0.012 0.006 0.007 0.042 0.009 0.022 0.803 0.017 0.011 0.012 0.008 0.004 0.004 1    
68:   0.015 0.027 0.035 0.045 0.007 0.009 0.235 0.006 0.068 0.477 0.017 0.011 0.012 0.023 0.009 0.003 1    
69:   0.005 0.006 0.008 0.009 0.006 0.005 0.910 0.003 0.008 0.004 0.006 0.007 0.006 0.005 0.007 0.005 1    
70:   0.009 0.012 0.050 0.066 0.016 0.007 0.666 0.004 0.011 0.012 0.031 0.036 0.020 0.006 0.044 0.011 1    
71:   0.004 0.003 0.004 0.006 0.010 0.019 0.882 0.008 0.012 0.003 0.005 0.004 0.004 0.006 0.021 0.008 1    
72:   0.006 0.007 0.007 0.009 0.009 0.020 0.868 0.003 0.008 0.009 0.009 0.014 0.011 0.005 0.008 0.007 1    
73:   0.004 0.005 0.005 0.007 0.004 0.004 0.936 0.004 0.004 0.005 0.005 0.005 0.004 0.003 0.005 0.004 1    
74:   0.008 0.005 0.008 0.005 0.008 0.011 0.854 0.010 0.013 0.012 0.007 0.005 0.008 0.009 0.026 0.011 1    
75:   0.006 0.004 0.008 0.009 0.024 0.023 0.842 0.007 0.010 0.005 0.005 0.008 0.006 0.014 0.018 0.011 1    
76:   0.005 0.005 0.005 0.005 0.005 0.013 0.917 0.004 0.006 0.006 0.005 0.004 0.003 0.005 0.008 0.003 1    
77:   0.004 0.004 0.005 0.006 0.008 0.007 0.920 0.005 0.007 0.004 0.005 0.005 0.004 0.005 0.007 0.005 1    
78:   0.004 0.008 0.018 0.008 0.016 0.016 0.843 0.004 0.011 0.007 0.012 0.012 0.006 0.011 0.020 0.004 1    
79:   0.004 0.005 0.006 0.007 0.009 0.034 0.874 0.004 0.015 0.004 0.009 0.005 0.004 0.005 0.008 0.006 1    
80:   0.006 0.005 0.016 0.006 0.010 0.008 0.879 0.004 0.011 0.005 0.006 0.010 0.003 0.006 0.022 0.003 1    
81:   0.003 0.004 0.005 0.006 0.004 0.007 0.923 0.004 0.006 0.006 0.008 0.006 0.005 0.004 0.004 0.004 1    
82:   0.006 0.007 0.012 0.008 0.015 0.008 0.861 0.004 0.010 0.005 0.011 0.007 0.004 0.009 0.029 0.004 1    
83:   0.005 0.006 0.005 0.008 0.007 0.010 0.896 0.004 0.006 0.009 0.007 0.012 0.008 0.004 0.005 0.007 1    
84:   0.012 0.007 0.010 0.021 0.238 0.144 0.444 0.011 0.015 0.009 0.012 0.016 0.018 0.012 0.018 0.013 1    
85:   0.006 0.005 0.006 0.015 0.004 0.004 0.898 0.007 0.008 0.005 0.009 0.009 0.006 0.007 0.006 0.004 1    
86:   0.041 0.017 0.072 0.018 0.020 0.009 0.037 0.016 0.027 0.018 0.426 0.045 0.021 0.015 0.039 0.181 1    
87:   0.009 0.005 0.010 0.070 0.006 0.004 0.834 0.005 0.007 0.008 0.011 0.011 0.006 0.006 0.004 0.004 1    
88:   0.017 0.007 0.014 0.069 0.017 0.045 0.033 0.022 0.007 0.011 0.012 0.018 0.008 0.010 0.702 0.009 1    
89:   0.009 0.005 0.015 0.030 0.009 0.010 0.825 0.005 0.005 0.026 0.008 0.018 0.008 0.008 0.013 0.006 1    
90:   0.015 0.015 0.015 0.052 0.181 0.064 0.013 0.010 0.011 0.012 0.019 0.034 0.012 0.016 0.517 0.015 1    
91:   0.006 0.007 0.013 0.006 0.006 0.008 0.899 0.006 0.006 0.008 0.007 0.005 0.005 0.006 0.009 0.004 1    
92:   0.046 0.027 0.168 0.045 0.051 0.018 0.021 0.017 0.011 0.010 0.086 0.072 0.019 0.024 0.365 0.019 1    
93:   0.009 0.005 0.011 0.008 0.005 0.006 0.884 0.005 0.008 0.009 0.009 0.010 0.006 0.005 0.015 0.005 1    
94:   0.045 0.019 0.309 0.080 0.028 0.009 0.052 0.015 0.022 0.021 0.155 0.083 0.032 0.024 0.076 0.031 1    
95:   0.006 0.005 0.008 0.010 0.005 0.005 0.899 0.005 0.009 0.005 0.011 0.007 0.007 0.008 0.006 0.005 1    
96:   0.006 0.005 0.014 0.074 0.008 0.008 0.808 0.005 0.005 0.009 0.008 0.013 0.006 0.014 0.012 0.005 1    
97:   0.009 0.006 0.018 0.009 0.012 0.028 0.774 0.020 0.013 0.008 0.009 0.015 0.014 0.015 0.037 0.012 1    
98:   0.015 0.008 0.008 0.008 0.012 0.009 0.846 0.024 0.011 0.011 0.014 0.004 0.007 0.005 0.007 0.010 1    
99:   0.007 0.008 0.009 0.012 0.043 0.007 0.765 0.024 0.009 0.041 0.031 0.010 0.006 0.015 0.004 0.007 1    
100:  0.009 0.005 0.005 0.020 0.016 0.046 0.699 0.103 0.009 0.017 0.020 0.009 0.005 0.017 0.007 0.013 1    
101:  0.022 0.008 0.008 0.013 0.006 0.012 0.749 0.084 0.007 0.015 0.021 0.006 0.016 0.008 0.006 0.019 1    
102:  0.020 0.010 0.007 0.012 0.007 0.022 0.740 0.100 0.008 0.007 0.012 0.005 0.017 0.012 0.008 0.013 1    
103:  0.009 0.007 0.005 0.018 0.008 0.024 0.579 0.242 0.008 0.016 0.014 0.009 0.009 0.040 0.005 0.009 1    
104:  0.008 0.007 0.010 0.013 0.023 0.006 0.740 0.028 0.006 0.085 0.031 0.011 0.008 0.012 0.005 0.007 1    
105:  0.024 0.009 0.006 0.010 0.006 0.009 0.757 0.104 0.007 0.014 0.010 0.004 0.016 0.007 0.005 0.011 1    
106:  0.017 0.014 0.007 0.010 0.125 0.006 0.012 0.008 0.010 0.013 0.016 0.006 0.032 0.010 0.646 0.069 1    
107:  0.011 0.009 0.009 0.004 0.341 0.009 0.010 0.005 0.012 0.005 0.018 0.007 0.006 0.005 0.488 0.059 1    
108:  0.033 0.015 0.032 0.007 0.033 0.008 0.010 0.013 0.055 0.013 0.080 0.007 0.044 0.127 0.240 0.285 1    
109:  0.062 0.010 0.064 0.005 0.056 0.007 0.009 0.006 0.036 0.019 0.088 0.007 0.147 0.018 0.245 0.217 1    
110:  0.007 0.009 0.030 0.012 0.017 0.007 0.007 0.006 0.137 0.035 0.025 0.007 0.116 0.022 0.522 0.043 1    
111:  0.009 0.007 0.013 0.007 0.014 0.007 0.006 0.034 0.050 0.029 0.015 0.006 0.067 0.050 0.609 0.075 1    
112:  0.030 0.010 0.013 0.006 0.122 0.009 0.008 0.006 0.011 0.007 0.010 0.007 0.014 0.010 0.722 0.015 1    
113:  0.010 0.010 0.011 0.009 0.012 0.006 0.006 0.008 0.023 0.023 0.011 0.006 0.244 0.022 0.537 0.063 1    
114:  0.011 0.005 0.007 0.860 0.016 0.007 0.020 0.007 0.010 0.006 0.006 0.008 0.004 0.005 0.011 0.015 1    
115:  0.043 0.010 0.089 0.143 0.059 0.035 0.436 0.088 0.005 0.011 0.009 0.009 0.020 0.015 0.008 0.020 1    
116:  0.024 0.006 0.018 0.402 0.052 0.018 0.022 0.103 0.023 0.007 0.046 0.138 0.014 0.037 0.016 0.074 1    
117:  0.039 0.018 0.029 0.017 0.025 0.019 0.687 0.039 0.010 0.040 0.017 0.013 0.010 0.006 0.018 0.010 1    
118:  0.029 0.004 0.037 0.809 0.014 0.006 0.008 0.019 0.004 0.006 0.016 0.019 0.010 0.009 0.005 0.005 1    
119:  0.012 0.012 0.175 0.019 0.010 0.017 0.669 0.008 0.006 0.011 0.012 0.008 0.016 0.009 0.012 0.004 1    
120:  0.021 0.007 0.014 0.615 0.022 0.019 0.082 0.019 0.027 0.008 0.012 0.064 0.016 0.017 0.017 0.040 1    
121:  0.064 0.007 0.043 0.015 0.008 0.005 0.667 0.011 0.036 0.013 0.028 0.027 0.018 0.024 0.023 0.009 1    
122:  0.006 0.005 0.021 0.890 0.006 0.004 0.008 0.005 0.004 0.006 0.006 0.014 0.008 0.008 0.004 0.005 1    
123:  0.016 0.010 0.012 0.023 0.010 0.010 0.795 0.048 0.009 0.012 0.010 0.006 0.005 0.008 0.017 0.007 1    
124:  0.013 0.004 0.010 0.809 0.070 0.007 0.009 0.010 0.006 0.007 0.013 0.016 0.008 0.005 0.005 0.008 1    
125:  0.012 0.012 0.800 0.016 0.007 0.007 0.031 0.004 0.007 0.015 0.013 0.016 0.031 0.014 0.007 0.007 1    
126:  0.069 0.007 0.042 0.548 0.015 0.010 0.042 0.066 0.011 0.025 0.068 0.051 0.008 0.010 0.014 0.012 1    
127:  0.020 0.013 0.061 0.025 0.030 0.018 0.729 0.012 0.008 0.017 0.009 0.011 0.016 0.014 0.007 0.010 1    
128:  0.020 0.007 0.226 0.313 0.014 0.041 0.030 0.024 0.013 0.009 0.098 0.108 0.049 0.021 0.011 0.015 1    
129:  0.227 0.015 0.095 0.047 0.062 0.013 0.243 0.103 0.028 0.025 0.020 0.023 0.023 0.034 0.025 0.015 1    
130:  0.026 0.007 0.020 0.772 0.009 0.009 0.034 0.014 0.013 0.007 0.012 0.012 0.008 0.011 0.013 0.033 1    
131:  0.809 0.016 0.008 0.016 0.011 0.026 0.009 0.012 0.006 0.009 0.011 0.016 0.024 0.011 0.009 0.007 1    
132:  0.836 0.008 0.010 0.020 0.015 0.008 0.007 0.009 0.010 0.014 0.016 0.012 0.013 0.010 0.006 0.007 1    
133:  0.871 0.007 0.011 0.010 0.010 0.009 0.005 0.007 0.008 0.012 0.014 0.009 0.011 0.005 0.007 0.005 1    
134:  0.883 0.008 0.010 0.004 0.012 0.010 0.008 0.003 0.005 0.005 0.008 0.011 0.006 0.004 0.018 0.006 1    
135:  0.917 0.006 0.006 0.006 0.006 0.006 0.004 0.004 0.004 0.006 0.005 0.007 0.008 0.004 0.007 0.004 1    
136:  0.884 0.007 0.006 0.006 0.007 0.013 0.008 0.005 0.004 0.011 0.006 0.005 0.021 0.006 0.008 0.005 1    
137:  0.849 0.006 0.015 0.010 0.014 0.006 0.017 0.007 0.009 0.022 0.009 0.006 0.009 0.006 0.007 0.008 1    
138:  0.827 0.014 0.011 0.007 0.009 0.020 0.032 0.006 0.004 0.012 0.007 0.010 0.014 0.007 0.011 0.008 1    
139:  0.817 0.008 0.021 0.015 0.014 0.020 0.028 0.016 0.013 0.009 0.005 0.006 0.007 0.008 0.007 0.007 1    
140:  0.746 0.009 0.014 0.015 0.017 0.021 0.030 0.056 0.016 0.021 0.007 0.008 0.011 0.021 0.004 0.004 1    
141:  0.010 0.014 0.013 0.033 0.335 0.103 0.013 0.073 0.037 0.193 0.009 0.008 0.038 0.017 0.072 0.034 1    
142:  0.011 0.007 0.048 0.008 0.279 0.025 0.049 0.012 0.033 0.031 0.010 0.022 0.021 0.016 0.410 0.017 1    
143:  0.024 0.016 0.061 0.005 0.501 0.037 0.021 0.009 0.015 0.133 0.018 0.005 0.074 0.015 0.054 0.011 1    
144:  0.024 0.011 0.034 0.007 0.362 0.286 0.019 0.010 0.014 0.018 0.008 0.014 0.041 0.015 0.120 0.016 1    
145:  0.098 0.013 0.083 0.006 0.229 0.009 0.142 0.005 0.021 0.029 0.009 0.010 0.257 0.007 0.078 0.004 1    
146:  0.015 0.013 0.028 0.011 0.132 0.122 0.048 0.012 0.039 0.108 0.025 0.025 0.038 0.046 0.314 0.023 1    
147:  0.021 0.066 0.042 0.179 0.122 0.048 0.008 0.009 0.270 0.011 0.028 0.151 0.015 0.012 0.007 0.010 1    
148:  0.014 0.045 0.064 0.309 0.019 0.148 0.098 0.016 0.058 0.087 0.022 0.057 0.007 0.009 0.020 0.027 1    
149:  0.105 0.009 0.006 0.196 0.052 0.031 0.061 0.027 0.462 0.008 0.005 0.013 0.008 0.004 0.004 0.008 1    
150:  0.035 0.059 0.017 0.032 0.043 0.122 0.064 0.034 0.069 0.022 0.016 0.423 0.017 0.014 0.017 0.016 1    
151:  0.010 0.062 0.099 0.055 0.016 0.091 0.189 0.008 0.168 0.010 0.059 0.194 0.007 0.014 0.009 0.008 1    
152:  0.012 0.009 0.010 0.498 0.018 0.007 0.214 0.008 0.160 0.023 0.012 0.010 0.005 0.004 0.005 0.006 1    
153:  0.020 0.010 0.011 0.030 0.011 0.021 0.824 0.006 0.012 0.007 0.018 0.009 0.003 0.008 0.006 0.003 1    
154:  0.040 0.027 0.031 0.014 0.076 0.052 0.008 0.013 0.007 0.015 0.041 0.626 0.013 0.011 0.018 0.007 1    
155:  0.023 0.026 0.035 0.021 0.067 0.052 0.027 0.045 0.006 0.043 0.063 0.105 0.015 0.033 0.428 0.011 1    
156:  0.023 0.408 0.010 0.006 0.117 0.015 0.023 0.006 0.005 0.017 0.240 0.027 0.005 0.013 0.080 0.005 1    
157:  0.022 0.099 0.016 0.039 0.082 0.059 0.009 0.022 0.008 0.021 0.028 0.482 0.008 0.027 0.048 0.031 1    
158:  0.047 0.009 0.033 0.032 0.126 0.026 0.057 0.024 0.007 0.011 0.145 0.287 0.016 0.032 0.142 0.007 1    
159:  0.008 0.010 0.011 0.009 0.850 0.005 0.015 0.006 0.006 0.013 0.008 0.018 0.010 0.006 0.009 0.016 1    
160:  0.017 0.010 0.035 0.026 0.722 0.011 0.008 0.004 0.011 0.021 0.015 0.038 0.028 0.006 0.040 0.007 1    
161:  0.019 0.010 0.018 0.016 0.837 0.004 0.011 0.007 0.004 0.008 0.006 0.009 0.013 0.009 0.008 0.021 1    
162:  0.010 0.014 0.023 0.016 0.771 0.012 0.016 0.006 0.007 0.031 0.019 0.017 0.019 0.007 0.013 0.018 1    
163:  0.008 0.006 0.006 0.014 0.903 0.006 0.005 0.005 0.007 0.005 0.007 0.007 0.005 0.003 0.009 0.006 1    
164:  0.035 0.008 0.030 0.030 0.749 0.013 0.009 0.008 0.009 0.010 0.024 0.031 0.013 0.009 0.017 0.006 1    
165:  0.018 0.009 0.070 0.024 0.664 0.005 0.018 0.007 0.010 0.043 0.007 0.022 0.040 0.020 0.006 0.039 1    
166:  0.006 0.013 0.007 0.040 0.844 0.006 0.007 0.006 0.021 0.011 0.005 0.008 0.007 0.004 0.005 0.011 1    
167:  0.010 0.023 0.011 0.008 0.838 0.004 0.012 0.007 0.005 0.012 0.014 0.019 0.010 0.005 0.008 0.015 1    
168:  0.050 0.004 0.108 0.059 0.007 0.004 0.304 0.029 0.034 0.040 0.036 0.022 0.118 0.020 0.147 0.018 1    
169:  0.011 0.004 0.053 0.011 0.004 0.005 0.803 0.005 0.010 0.007 0.025 0.012 0.012 0.007 0.023 0.006 1    
170:  0.004 0.005 0.020 0.016 0.006 0.003 0.835 0.006 0.007 0.007 0.024 0.011 0.010 0.009 0.033 0.004 1    
171:  0.009 0.005 0.012 0.008 0.004 0.003 0.827 0.010 0.009 0.010 0.010 0.005 0.011 0.006 0.047 0.025 1    
172:  0.076 0.013 0.041 0.023 0.005 0.007 0.473 0.028 0.010 0.009 0.036 0.010 0.036 0.013 0.214 0.008 1    
173:  0.077 0.012 0.047 0.014 0.009 0.007 0.390 0.016 0.012 0.012 0.028 0.007 0.014 0.006 0.341 0.007 1    
174:  0.008 0.006 0.010 0.009 0.005 0.004 0.730 0.017 0.011 0.021 0.016 0.008 0.029 0.011 0.095 0.024 1    
175:  0.067 0.005 0.010 0.012 0.005 0.007 0.630 0.021 0.014 0.012 0.009 0.004 0.017 0.006 0.148 0.031 1    
176:  0.006 0.005 0.039 0.014 0.005 0.005 0.838 0.009 0.007 0.007 0.012 0.009 0.012 0.006 0.020 0.005 1    
177:  0.019 0.007 0.070 0.009 0.031 0.037 0.009 0.021 0.064 0.017 0.049 0.354 0.113 0.090 0.063 0.047 1    
178:  0.010 0.007 0.019 0.019 0.055 0.019 0.020 0.019 0.069 0.015 0.023 0.152 0.277 0.219 0.028 0.050 1    
179:  0.009 0.007 0.013 0.009 0.005 0.009 0.010 0.007 0.026 0.011 0.013 0.012 0.218 0.625 0.010 0.017 1    
180:  0.015 0.007 0.048 0.012 0.015 0.033 0.014 0.012 0.084 0.013 0.102 0.229 0.238 0.133 0.013 0.034 1    
181:  0.021 0.009 0.008 0.007 0.005 0.024 0.006 0.009 0.015 0.009 0.021 0.014 0.153 0.649 0.027 0.023 1    
182:  0.012 0.005 0.020 0.012 0.011 0.011 0.012 0.023 0.025 0.013 0.009 0.053 0.176 0.528 0.011 0.078 1    
183:  0.034 0.023 0.015 0.006 0.023 0.092 0.008 0.011 0.032 0.018 0.047 0.032 0.240 0.357 0.035 0.026 1    
184:  0.016 0.007 0.010 0.007 0.006 0.007 0.006 0.004 0.008 0.005 0.007 0.048 0.214 0.630 0.009 0.017 1    
185:  0.009 0.014 0.014 0.054 0.028 0.033 0.010 0.023 0.154 0.080 0.017 0.079 0.095 0.228 0.025 0.137 1    
186:  0.843 0.004 0.005 0.009 0.006 0.004 0.008 0.035 0.009 0.008 0.015 0.007 0.014 0.007 0.018 0.009 1    
187:  0.475 0.013 0.040 0.012 0.009 0.014 0.055 0.062 0.012 0.028 0.087 0.011 0.026 0.014 0.129 0.013 1    
188:  0.684 0.009 0.008 0.005 0.019 0.017 0.004 0.147 0.005 0.012 0.026 0.012 0.007 0.023 0.014 0.005 1    
189:  0.845 0.011 0.011 0.005 0.011 0.015 0.007 0.015 0.006 0.005 0.035 0.004 0.004 0.006 0.014 0.006 1    
190:  0.758 0.008 0.021 0.005 0.013 0.010 0.011 0.019 0.008 0.007 0.034 0.007 0.007 0.008 0.078 0.005 1    
191:  0.715 0.006 0.016 0.009 0.019 0.013 0.007 0.044 0.007 0.041 0.028 0.030 0.015 0.009 0.022 0.020 1    
192:  0.006 0.008 0.008 0.006 0.011 0.885 0.007 0.005 0.006 0.011 0.005 0.009 0.009 0.004 0.010 0.009 1    
193:  0.173 0.011 0.039 0.023 0.032 0.008 0.015 0.045 0.013 0.015 0.374 0.080 0.015 0.008 0.142 0.007 1    
194:  0.192 0.006 0.027 0.006 0.006 0.010 0.053 0.007 0.027 0.009 0.014 0.020 0.047 0.024 0.042 0.509 1    
195:  0.013 0.009 0.032 0.053 0.025 0.007 0.042 0.056 0.021 0.011 0.035 0.085 0.023 0.015 0.024 0.549 1    
196:  0.090 0.011 0.014 0.007 0.013 0.005 0.061 0.012 0.049 0.014 0.011 0.039 0.024 0.018 0.019 0.611 1    
197:  0.017 0.009 0.009 0.037 0.016 0.010 0.034 0.023 0.019 0.040 0.011 0.010 0.085 0.013 0.018 0.650 1    
198:  0.028 0.009 0.085 0.007 0.015 0.025 0.024 0.015 0.016 0.008 0.021 0.038 0.035 0.019 0.044 0.610 1    
199:  0.039 0.017 0.015 0.013 0.018 0.011 0.045 0.012 0.134 0.017 0.007 0.022 0.040 0.012 0.007 0.592 1    
200:  0.455 0.016 0.070 0.005 0.145 0.027 0.017 0.024 0.026 0.018 0.030 0.009 0.069 0.065 0.016 0.007 1    
201:  0.040 0.015 0.294 0.014 0.067 0.070 0.081 0.008 0.060 0.054 0.088 0.021 0.053 0.098 0.023 0.013 1    
202:  0.255 0.023 0.129 0.131 0.025 0.020 0.029 0.069 0.011 0.033 0.086 0.033 0.020 0.118 0.009 0.010 1    
203:  0.890 0.005 0.014 0.010 0.008 0.004 0.015 0.007 0.007 0.007 0.007 0.005 0.005 0.004 0.007 0.005 1    
204:  0.271 0.012 0.587 0.007 0.009 0.009 0.015 0.005 0.012 0.007 0.026 0.007 0.008 0.004 0.013 0.008 1    
205:  0.047 0.018 0.287 0.010 0.043 0.020 0.014 0.050 0.079 0.038 0.061 0.070 0.028 0.216 0.014 0.007 1    
206:  0.267 0.008 0.558 0.006 0.010 0.007 0.023 0.011 0.022 0.015 0.015 0.009 0.016 0.006 0.020 0.008 1    
207:  0.007 0.005 0.007 0.005 0.011 0.008 0.006 0.010 0.007 0.891 0.011 0.006 0.006 0.004 0.007 0.007 1    
208:  0.011 0.006 0.018 0.006 0.006 0.007 0.004 0.006 0.008 0.856 0.007 0.010 0.017 0.014 0.006 0.017 1    
209:  0.009 0.010 0.006 0.005 0.011 0.007 0.007 0.013 0.008 0.862 0.012 0.005 0.004 0.009 0.026 0.006 1    
210:  0.013 0.007 0.015 0.008 0.048 0.006 0.009 0.051 0.010 0.751 0.015 0.013 0.016 0.014 0.017 0.008 1    
211:  0.008 0.004 0.012 0.006 0.007 0.005 0.005 0.006 0.007 0.891 0.006 0.008 0.012 0.006 0.004 0.013 1    
212:  0.021 0.006 0.009 0.008 0.008 0.006 0.008 0.015 0.010 0.839 0.016 0.008 0.007 0.011 0.021 0.009 1    
213:  0.005 0.006 0.008 0.007 0.027 0.007 0.009 0.020 0.009 0.843 0.007 0.006 0.004 0.005 0.009 0.027 1    
214:  0.004 0.006 0.008 0.004 0.013 0.007 0.006 0.006 0.006 0.878 0.009 0.005 0.004 0.004 0.022 0.016 1    
215:  0.047 0.020 0.028 0.008 0.013 0.013 0.010 0.019 0.009 0.021 0.017 0.049 0.030 0.678 0.008 0.030 1    
216:  0.213 0.011 0.016 0.009 0.004 0.007 0.018 0.018 0.034 0.023 0.007 0.017 0.029 0.565 0.008 0.020 1    
217:  0.197 0.013 0.024 0.009 0.005 0.006 0.019 0.019 0.041 0.027 0.009 0.017 0.017 0.571 0.009 0.018 1    
218:  0.317 0.035 0.012 0.013 0.017 0.039 0.008 0.156 0.008 0.020 0.015 0.147 0.009 0.155 0.009 0.040 1    
219:  0.565 0.010 0.007 0.007 0.006 0.010 0.008 0.010 0.018 0.010 0.008 0.015 0.082 0.221 0.015 0.009 1    
220:  0.530 0.009 0.009 0.007 0.005 0.010 0.006 0.012 0.022 0.012 0.007 0.016 0.106 0.220 0.020 0.010 1    
221:  0.021 0.030 0.033 0.125 0.035 0.089 0.017 0.024 0.019 0.151 0.018 0.047 0.038 0.314 0.022 0.016 1    
222:  0.124 0.021 0.085 0.016 0.493 0.049 0.011 0.030 0.021 0.016 0.014 0.055 0.006 0.033 0.013 0.012 1    
223:  0.040 0.048 0.246 0.016 0.066 0.018 0.089 0.005 0.029 0.142 0.041 0.064 0.065 0.013 0.073 0.044 1    
224:  0.040 0.025 0.118 0.016 0.545 0.058 0.016 0.007 0.006 0.077 0.008 0.013 0.009 0.020 0.038 0.005 1    
225:  0.076 0.094 0.058 0.021 0.166 0.015 0.018 0.005 0.046 0.050 0.202 0.087 0.031 0.015 0.013 0.103 1    
226:  0.029 0.005 0.009 0.008 0.854 0.005 0.014 0.021 0.005 0.008 0.006 0.010 0.005 0.006 0.008 0.005 1    
227:  0.066 0.029 0.116 0.018 0.294 0.038 0.228 0.014 0.007 0.036 0.023 0.046 0.016 0.008 0.048 0.011 1    
228:  0.039 0.061 0.191 0.066 0.098 0.070 0.036 0.009 0.047 0.214 0.044 0.023 0.016 0.032 0.025 0.029 1    
229:  0.008 0.006 0.005 0.024 0.005 0.005 0.006 0.006 0.005 0.851 0.006 0.012 0.016 0.008 0.004 0.032 1    
230:  0.027 0.007 0.015 0.030 0.011 0.005 0.010 0.012 0.011 0.774 0.006 0.012 0.018 0.025 0.013 0.023 1    
231:  0.008 0.008 0.005 0.014 0.008 0.004 0.007 0.003 0.007 0.878 0.007 0.006 0.015 0.006 0.005 0.019 1    
232:  0.009 0.007 0.008 0.007 0.038 0.005 0.005 0.010 0.005 0.840 0.005 0.012 0.015 0.021 0.007 0.005 1    
233:  0.010 0.006 0.007 0.007 0.011 0.006 0.007 0.007 0.005 0.887 0.004 0.006 0.011 0.010 0.007 0.010 1    
234:  0.018 0.011 0.012 0.027 0.012 0.011 0.012 0.010 0.005 0.821 0.008 0.015 0.006 0.020 0.008 0.005 1    
235:  0.005 0.007 0.006 0.006 0.029 0.009 0.005 0.005 0.007 0.876 0.005 0.008 0.008 0.007 0.006 0.010 1    
236:  0.005 0.006 0.004 0.005 0.020 0.007 0.004 0.005 0.006 0.889 0.006 0.009 0.008 0.008 0.007 0.011 1    
237:  0.005 0.005 0.005 0.020 0.006 0.005 0.005 0.005 0.004 0.901 0.006 0.008 0.006 0.010 0.004 0.004 1    
238:  0.009 0.010 0.009 0.041 0.007 0.004 0.006 0.007 0.004 0.843 0.007 0.014 0.007 0.022 0.006 0.005 1    
239:  0.012 0.005 0.010 0.039 0.015 0.006 0.008 0.010 0.005 0.844 0.007 0.015 0.005 0.007 0.009 0.004 1    
240:  0.023 0.034 0.041 0.003 0.010 0.038 0.007 0.004 0.006 0.151 0.006 0.021 0.118 0.005 0.512 0.020 1    
241:  0.058 0.018 0.028 0.011 0.011 0.036 0.015 0.008 0.010 0.015 0.012 0.016 0.023 0.015 0.717 0.007 1    
242:  0.011 0.022 0.014 0.006 0.009 0.031 0.007 0.007 0.009 0.009 0.005 0.008 0.185 0.009 0.655 0.015 1    
243:  0.025 0.017 0.016 0.003 0.008 0.048 0.005 0.008 0.021 0.006 0.007 0.004 0.015 0.008 0.801 0.008 1    
244:  0.020 0.030 0.027 0.011 0.018 0.081 0.025 0.009 0.011 0.084 0.011 0.051 0.019 0.014 0.566 0.024 1    
245:  0.009 0.012 0.019 0.004 0.013 0.010 0.011 0.005 0.011 0.007 0.007 0.004 0.012 0.006 0.865 0.006 1    
246:  0.006 0.011 0.027 0.008 0.007 0.023 0.007 0.007 0.010 0.017 0.005 0.007 0.144 0.006 0.698 0.016 1    
247:  0.010 0.007 0.020 0.004 0.007 0.010 0.007 0.005 0.007 0.024 0.008 0.008 0.203 0.005 0.666 0.009 1    
248:  0.039 0.008 0.008 0.016 0.035 0.009 0.010 0.691 0.021 0.010 0.006 0.017 0.021 0.025 0.016 0.069 1    
249:  0.131 0.006 0.026 0.069 0.047 0.008 0.019 0.439 0.042 0.018 0.017 0.012 0.045 0.016 0.031 0.076 1    
250:  0.124 0.012 0.028 0.074 0.012 0.012 0.010 0.438 0.032 0.010 0.007 0.014 0.030 0.133 0.047 0.016 1    
251:  0.045 0.035 0.055 0.028 0.009 0.014 0.011 0.524 0.009 0.092 0.043 0.011 0.009 0.042 0.066 0.005 1    
252:  0.039 0.127 0.087 0.014 0.035 0.018 0.010 0.130 0.016 0.101 0.054 0.046 0.018 0.235 0.057 0.014 1    
253:  0.217 0.012 0.028 0.012 0.034 0.011 0.016 0.596 0.016 0.005 0.014 0.008 0.008 0.008 0.010 0.006 1    
254:  0.014 0.018 0.011 0.052 0.007 0.013 0.016 0.474 0.131 0.013 0.056 0.014 0.010 0.035 0.119 0.018 1    
255:  0.014 0.008 0.020 0.057 0.015 0.011 0.022 0.437 0.053 0.068 0.063 0.013 0.026 0.034 0.112 0.046 1    
256:  0.010 0.036 0.025 0.009 0.007 0.012 0.008 0.776 0.008 0.011 0.026 0.006 0.006 0.022 0.034 0.004 1    
257:  0.022 0.042 0.067 0.008 0.031 0.033 0.016 0.022 0.015 0.013 0.031 0.026 0.011 0.208 0.451 0.005 1    
258:  0.013 0.010 0.283 0.026 0.011 0.007 0.025 0.006 0.034 0.005 0.013 0.023 0.512 0.016 0.009 0.005 1    
259:  0.079 0.020 0.076 0.024 0.028 0.019 0.028 0.018 0.013 0.016 0.016 0.203 0.366 0.039 0.042 0.013 1    
260:  0.033 0.038 0.012 0.013 0.060 0.017 0.006 0.030 0.004 0.008 0.013 0.028 0.008 0.445 0.278 0.007 1    
261:  0.021 0.015 0.337 0.023 0.028 0.009 0.050 0.011 0.038 0.009 0.087 0.014 0.322 0.010 0.022 0.006 1    
262:  0.062 0.018 0.023 0.014 0.028 0.015 0.011 0.013 0.004 0.007 0.007 0.034 0.012 0.555 0.188 0.010 1    
263:  0.278 0.016 0.087 0.326 0.016 0.007 0.013 0.007 0.009 0.012 0.027 0.058 0.044 0.069 0.024 0.009 1    
264:  0.014 0.026 0.558 0.045 0.022 0.013 0.025 0.010 0.027 0.012 0.054 0.016 0.096 0.022 0.056 0.004 1    
265:  0.045 0.026 0.352 0.108 0.048 0.007 0.010 0.009 0.020 0.011 0.061 0.039 0.129 0.081 0.039 0.015 1    
266:  0.658 0.010 0.011 0.014 0.129 0.009 0.010 0.038 0.038 0.007 0.011 0.022 0.004 0.005 0.024 0.010 1    
267:  0.623 0.006 0.006 0.009 0.084 0.012 0.024 0.103 0.031 0.022 0.008 0.009 0.007 0.008 0.030 0.019 1    
268:  0.190 0.014 0.012 0.007 0.613 0.011 0.010 0.030 0.020 0.006 0.007 0.011 0.007 0.010 0.041 0.010 1    
269:  0.760 0.010 0.011 0.016 0.034 0.013 0.017 0.014 0.016 0.027 0.007 0.008 0.010 0.007 0.045 0.004 1    
270:  0.146 0.020 0.008 0.008 0.491 0.008 0.012 0.181 0.015 0.011 0.005 0.010 0.007 0.034 0.037 0.008 1    
271:  0.721 0.009 0.006 0.080 0.043 0.006 0.008 0.024 0.035 0.007 0.006 0.020 0.006 0.005 0.019 0.004 1    
272:  0.573 0.010 0.010 0.010 0.061 0.009 0.006 0.108 0.023 0.037 0.011 0.041 0.008 0.050 0.037 0.007 1    
273:  0.004 0.004 0.003 0.005 0.005 0.004 0.005 0.938 0.004 0.006 0.004 0.004 0.004 0.004 0.003 0.003 1    
274:  0.006 0.006 0.006 0.008 0.005 0.004 0.010 0.906 0.010 0.008 0.008 0.004 0.009 0.004 0.003 0.005 1    
275:  0.006 0.003 0.003 0.004 0.005 0.006 0.004 0.927 0.004 0.006 0.005 0.008 0.004 0.007 0.004 0.004 1    
276:  0.007 0.005 0.007 0.007 0.008 0.007 0.027 0.877 0.006 0.010 0.012 0.004 0.006 0.005 0.008 0.005 1    
277:  0.006 0.004 0.005 0.004 0.003 0.004 0.004 0.937 0.005 0.004 0.004 0.004 0.004 0.005 0.004 0.003 1    
278:  0.007 0.006 0.006 0.006 0.007 0.009 0.017 0.882 0.010 0.010 0.018 0.004 0.004 0.005 0.006 0.004 1    
279:  0.005 0.004 0.004 0.004 0.004 0.004 0.003 0.934 0.003 0.006 0.004 0.004 0.006 0.007 0.004 0.004 1    
280:  0.005 0.004 0.003 0.005 0.004 0.003 0.005 0.941 0.004 0.004 0.004 0.003 0.005 0.004 0.003 0.004 1    
281:  0.004 0.004 0.003 0.005 0.004 0.005 0.007 0.934 0.003 0.005 0.004 0.003 0.004 0.005 0.004 0.005 1    
282:  0.004 0.004 0.005 0.006 0.005 0.003 0.006 0.931 0.004 0.005 0.004 0.006 0.004 0.005 0.004 0.003 1    
283:  0.006 0.011 0.004 0.008 0.006 0.008 0.008 0.890 0.005 0.010 0.005 0.005 0.005 0.005 0.010 0.015 1    
284:  0.005 0.003 0.003 0.004 0.003 0.006 0.004 0.939 0.003 0.004 0.006 0.004 0.004 0.004 0.003 0.003 1    
285:  0.004 0.005 0.004 0.004 0.003 0.007 0.005 0.934 0.003 0.006 0.005 0.004 0.003 0.004 0.005 0.005 1    
286:  0.005 0.003 0.003 0.004 0.003 0.008 0.004 0.933 0.004 0.004 0.004 0.004 0.004 0.005 0.005 0.005 1    
287:  0.603 0.020 0.039 0.013 0.077 0.013 0.068 0.020 0.007 0.012 0.060 0.008 0.010 0.004 0.037 0.008 1    
288:  0.591 0.012 0.060 0.015 0.180 0.007 0.009 0.012 0.005 0.007 0.027 0.013 0.007 0.006 0.043 0.005 1    
289:  0.648 0.010 0.078 0.017 0.135 0.007 0.008 0.014 0.005 0.007 0.014 0.021 0.008 0.011 0.015 0.003 1    
290:  0.641 0.010 0.052 0.007 0.198 0.006 0.006 0.007 0.005 0.009 0.014 0.010 0.008 0.005 0.021 0.003 1    
291:  0.567 0.021 0.012 0.007 0.169 0.006 0.059 0.007 0.006 0.004 0.056 0.005 0.005 0.004 0.064 0.006 1    
292:  0.643 0.009 0.011 0.007 0.053 0.007 0.113 0.031 0.005 0.005 0.039 0.004 0.006 0.005 0.057 0.005 1    
293:  0.015 0.007 0.645 0.060 0.020 0.016 0.062 0.015 0.007 0.018 0.039 0.036 0.009 0.018 0.029 0.004 1    
294:  0.064 0.006 0.759 0.008 0.036 0.006 0.016 0.005 0.006 0.010 0.024 0.014 0.012 0.019 0.010 0.006 1    
295:  0.030 0.008 0.076 0.048 0.146 0.008 0.266 0.011 0.009 0.009 0.307 0.020 0.006 0.004 0.048 0.005 1    
296:  0.023 0.022 0.009 0.015 0.074 0.009 0.017 0.035 0.007 0.005 0.662 0.007 0.008 0.013 0.090 0.005 1    
297:  0.005 0.012 0.005 0.004 0.022 0.006 0.023 0.010 0.008 0.005 0.825 0.008 0.012 0.008 0.022 0.025 1    
298:  0.006 0.009 0.012 0.005 0.009 0.008 0.006 0.017 0.007 0.007 0.863 0.008 0.015 0.010 0.008 0.010 1    
299:  0.012 0.046 0.022 0.005 0.051 0.027 0.013 0.016 0.020 0.006 0.700 0.005 0.016 0.010 0.031 0.020 1    
300:  0.007 0.007 0.010 0.004 0.012 0.009 0.029 0.020 0.007 0.009 0.772 0.011 0.024 0.015 0.053 0.011 1    
301:  0.014 0.138 0.019 0.004 0.075 0.085 0.013 0.024 0.021 0.013 0.523 0.009 0.018 0.014 0.010 0.021 1    
302:  0.017 0.023 0.023 0.005 0.047 0.028 0.008 0.012 0.015 0.007 0.724 0.009 0.011 0.032 0.034 0.004 1    
303:  0.092 0.240 0.023 0.010 0.042 0.059 0.025 0.018 0.051 0.008 0.380 0.006 0.011 0.008 0.011 0.016 1    
304:  0.010 0.008 0.021 0.005 0.008 0.013 0.007 0.014 0.016 0.007 0.811 0.007 0.023 0.019 0.025 0.006 1    
305:  0.022 0.072 0.010 0.021 0.208 0.013 0.012 0.017 0.014 0.005 0.552 0.005 0.014 0.008 0.013 0.014 1    
306:  0.007 0.004 0.006 0.006 0.005 0.005 0.010 0.912 0.009 0.005 0.011 0.004 0.005 0.004 0.006 0.005 1    
307:  0.012 0.005 0.008 0.012 0.009 0.007 0.021 0.834 0.006 0.024 0.007 0.012 0.015 0.007 0.016 0.005 1    
308:  0.008 0.005 0.006 0.006 0.006 0.006 0.009 0.903 0.005 0.007 0.013 0.006 0.004 0.005 0.007 0.004 1    
309:  0.038 0.008 0.021 0.011 0.009 0.013 0.034 0.737 0.013 0.036 0.013 0.007 0.015 0.013 0.027 0.004 1    
310:  0.007 0.009 0.005 0.005 0.006 0.009 0.009 0.890 0.007 0.013 0.010 0.005 0.003 0.003 0.013 0.006 1    
311:  0.009 0.008 0.012 0.011 0.010 0.025 0.016 0.594 0.007 0.085 0.014 0.009 0.013 0.009 0.069 0.109 1    
312:  0.020 0.018 0.015 0.014 0.127 0.026 0.383 0.117 0.022 0.008 0.154 0.029 0.014 0.023 0.015 0.017 1    
313:  0.141 0.010 0.030 0.024 0.016 0.020 0.141 0.173 0.007 0.012 0.144 0.044 0.042 0.103 0.079 0.015 1    
314:  0.393 0.021 0.035 0.015 0.019 0.007 0.085 0.025 0.005 0.016 0.194 0.020 0.018 0.057 0.083 0.006 1    
315:  0.050 0.012 0.021 0.024 0.064 0.010 0.513 0.019 0.008 0.006 0.145 0.081 0.009 0.016 0.011 0.011 1    
316:  0.057 0.024 0.014 0.018 0.033 0.090 0.067 0.489 0.006 0.009 0.037 0.032 0.074 0.015 0.012 0.023 1    
317:  0.051 0.019 0.029 0.007 0.113 0.017 0.355 0.035 0.013 0.005 0.234 0.061 0.008 0.009 0.035 0.011 1    
318:  0.055 0.027 0.012 0.008 0.017 0.012 0.622 0.026 0.005 0.008 0.136 0.008 0.012 0.021 0.013 0.018 1    
319:  0.048 0.014 0.016 0.018 0.027 0.039 0.375 0.047 0.009 0.015 0.237 0.017 0.059 0.044 0.017 0.018 1    
320:  0.022 0.006 0.005 0.008 0.007 0.004 0.004 0.013 0.005 0.006 0.004 0.006 0.005 0.007 0.008 0.890 1    
321:  0.024 0.007 0.005 0.022 0.033 0.008 0.007 0.057 0.007 0.011 0.005 0.008 0.027 0.030 0.010 0.739 1    
322:  0.013 0.008 0.004 0.016 0.009 0.005 0.011 0.010 0.004 0.008 0.007 0.006 0.014 0.005 0.007 0.871 1    
323:  0.006 0.006 0.005 0.006 0.006 0.003 0.005 0.006 0.005 0.004 0.005 0.007 0.007 0.017 0.007 0.904 1    
324:  0.005 0.005 0.004 0.005 0.007 0.007 0.005 0.009 0.006 0.004 0.004 0.006 0.011 0.010 0.008 0.902 1    
325:  0.028 0.007 0.007 0.093 0.021 0.009 0.004 0.008 0.004 0.028 0.009 0.012 0.006 0.020 0.007 0.738 1    
326:  0.004 0.004 0.004 0.005 0.004 0.003 0.003 0.004 0.005 0.003 0.004 0.006 0.007 0.005 0.005 0.934 1    
327:  0.013 0.007 0.005 0.022 0.013 0.031 0.027 0.042 0.006 0.013 0.009 0.007 0.021 0.009 0.009 0.768 1    
328:  0.013 0.007 0.003 0.037 0.015 0.007 0.007 0.010 0.006 0.008 0.006 0.006 0.018 0.007 0.006 0.847 1    
329:  0.003 0.004 0.003 0.003 0.003 0.003 0.003 0.003 0.003 0.003 0.004 0.003 0.003 0.003 0.003 0.953 1    
330:  0.004 0.005 0.004 0.005 0.005 0.005 0.006 0.008 0.006 0.005 0.006 0.004 0.006 0.006 0.005 0.921 1    
331:  0.006 0.011 0.004 0.006 0.005 0.024 0.006 0.006 0.008 0.007 0.005 0.008 0.006 0.007 0.005 0.885 1    
332:  0.003 0.004 0.003 0.003 0.004 0.004 0.004 0.008 0.004 0.005 0.004 0.004 0.004 0.004 0.006 0.935 1    
333:  0.010 0.013 0.005 0.006 0.004 0.008 0.004 0.005 0.009 0.012 0.005 0.011 0.008 0.008 0.006 0.885 1    
334:  0.005 0.004 0.004 0.005 0.005 0.010 0.007 0.005 0.005 0.003 0.004 0.004 0.004 0.004 0.003 0.928 1    
335:  0.005 0.011 0.006 0.007 0.006 0.006 0.005 0.005 0.008 0.007 0.007 0.008 0.014 0.007 0.004 0.895 1    
336:  0.007 0.006 0.005 0.005 0.004 0.008 0.004 0.004 0.006 0.008 0.004 0.006 0.005 0.004 0.004 0.921 1    
337:  0.005 0.005 0.005 0.005 0.010 0.016 0.009 0.012 0.004 0.003 0.006 0.004 0.005 0.005 0.004 0.900 1    
338:  0.006 0.011 0.005 0.005 0.004 0.009 0.005 0.008 0.005 0.007 0.005 0.006 0.008 0.006 0.006 0.905 1    
339:  0.004 0.004 0.004 0.003 0.003 0.006 0.004 0.004 0.003 0.004 0.003 0.003 0.003 0.003 0.003 0.947 1    
340:  0.004 0.005 0.005 0.005 0.004 0.004 0.005 0.004 0.005 0.006 0.004 0.006 0.004 0.004 0.004 0.931 1    
341:  0.004 0.004 0.004 0.004 0.004 0.009 0.004 0.007 0.003 0.004 0.004 0.005 0.005 0.003 0.004 0.932 1    
342:  0.006 0.005 0.005 0.006 0.010 0.009 0.006 0.007 0.010 0.005 0.006 0.005 0.005 0.004 0.006 0.905 1    
343:  0.006 0.010 0.005 0.005 0.005 0.022 0.007 0.024 0.006 0.006 0.008 0.008 0.007 0.010 0.006 0.866 1    
344:  0.003 0.005 0.004 0.004 0.005 0.004 0.004 0.006 0.005 0.005 0.006 0.004 0.005 0.005 0.005 0.931 1    
345:  0.005 0.008 0.004 0.005 0.004 0.007 0.004 0.007 0.005 0.006 0.005 0.007 0.006 0.006 0.004 0.918 1    
346:  0.884 0.007 0.008 0.017 0.005 0.011 0.005 0.012 0.005 0.008 0.005 0.006 0.006 0.009 0.004 0.007 1    
347:  0.758 0.005 0.011 0.010 0.006 0.007 0.007 0.011 0.106 0.005 0.006 0.006 0.031 0.017 0.006 0.008 1    
348:  0.755 0.026 0.067 0.008 0.006 0.014 0.006 0.007 0.006 0.017 0.021 0.018 0.015 0.014 0.009 0.011 1    
349:  0.872 0.013 0.019 0.007 0.004 0.006 0.011 0.006 0.008 0.011 0.008 0.007 0.007 0.007 0.008 0.006 1    
350:  0.720 0.005 0.007 0.009 0.003 0.007 0.004 0.040 0.028 0.017 0.007 0.007 0.056 0.076 0.007 0.006 1    
351:  0.898 0.006 0.007 0.006 0.005 0.008 0.003 0.007 0.005 0.004 0.004 0.009 0.006 0.009 0.006 0.016 1    
352:  0.791 0.018 0.017 0.009 0.005 0.014 0.006 0.010 0.011 0.010 0.024 0.023 0.012 0.015 0.015 0.019 1    
353:  0.891 0.006 0.007 0.012 0.004 0.007 0.005 0.012 0.005 0.007 0.004 0.008 0.006 0.011 0.005 0.010 1    
354:  0.005 0.007 0.004 0.004 0.010 0.006 0.004 0.006 0.006 0.009 0.006 0.007 0.005 0.006 0.004 0.910 1    
355:  0.004 0.009 0.005 0.006 0.006 0.010 0.007 0.009 0.007 0.010 0.006 0.008 0.008 0.009 0.008 0.889 1    
356:  0.005 0.005 0.004 0.007 0.011 0.007 0.005 0.005 0.006 0.004 0.005 0.016 0.006 0.004 0.005 0.904 1    
357:  0.007 0.015 0.014 0.007 0.129 0.024 0.020 0.009 0.027 0.019 0.007 0.054 0.019 0.015 0.022 0.612 1    
358:  0.004 0.006 0.009 0.004 0.004 0.007 0.007 0.005 0.006 0.008 0.003 0.006 0.010 0.006 0.009 0.906 1    
359:  0.004 0.011 0.005 0.004 0.009 0.012 0.004 0.009 0.006 0.011 0.007 0.008 0.004 0.009 0.004 0.892 1    
360:  0.005 0.005 0.004 0.005 0.012 0.010 0.006 0.006 0.007 0.005 0.005 0.009 0.005 0.007 0.004 0.905 1    
361:  0.005 0.008 0.010 0.006 0.007 0.009 0.012 0.004 0.005 0.011 0.004 0.007 0.008 0.005 0.018 0.880 1    
362:  0.013 0.011 0.009 0.013 0.026 0.007 0.011 0.005 0.010 0.012 0.010 0.018 0.012 0.008 0.023 0.813 1    
363:  0.007 0.005 0.008 0.007 0.015 0.007 0.008 0.880 0.006 0.006 0.012 0.009 0.008 0.007 0.008 0.007 1    
364:  0.006 0.004 0.006 0.004 0.008 0.005 0.006 0.902 0.004 0.006 0.008 0.006 0.009 0.006 0.007 0.014 1    
365:  0.004 0.004 0.004 0.004 0.006 0.004 0.005 0.937 0.003 0.003 0.003 0.003 0.005 0.006 0.004 0.005 1    
366:  0.007 0.006 0.006 0.011 0.014 0.016 0.010 0.869 0.007 0.004 0.009 0.006 0.003 0.004 0.007 0.022 1    
367:  0.008 0.007 0.011 0.007 0.019 0.031 0.007 0.845 0.005 0.007 0.009 0.012 0.005 0.004 0.014 0.009 1    
368:  0.006 0.007 0.007 0.004 0.023 0.037 0.020 0.843 0.007 0.009 0.006 0.004 0.004 0.008 0.012 0.004 1    
369:  0.004 0.005 0.003 0.004 0.005 0.016 0.016 0.901 0.004 0.004 0.006 0.003 0.006 0.011 0.003 0.010 1    
370:  0.006 0.009 0.011 0.008 0.016 0.027 0.010 0.821 0.007 0.007 0.016 0.010 0.008 0.005 0.019 0.020 1    
