1:    0.497 0.090 0.135 0.074 0.204 1    
2:    0.150 0.245 0.296 0.254 0.055 1    
3:    0.527 0.096 0.162 0.055 0.160 1    
4:    0.098 0.482 0.270 0.102 0.047 1    
5:    0.168 0.633 0.119 0.052 0.028 1    
6:    0.103 0.343 0.389 0.021 0.144 1    
7:    0.108 0.111 0.313 0.135 0.333 1    
8:    0.219 0.178 0.092 0.060 0.451 1    
9:    0.183 0.630 0.040 0.063 0.084 1    
10:   0.062 0.831 0.032 0.048 0.027 1    
11:   0.022 0.930 0.013 0.023 0.013 1    
12:   0.675 0.139 0.023 0.151 0.013 1    
13:   0.029 0.705 0.032 0.100 0.134 1    
14:   0.057 0.829 0.041 0.043 0.030 1    
15:   0.112 0.526 0.184 0.164 0.014 1    
16:   0.030 0.502 0.018 0.034 0.416 1    
17:   0.019 0.928 0.012 0.015 0.026 1    
18:   0.055 0.099 0.743 0.014 0.089 1    
19:   0.053 0.126 0.754 0.012 0.056 1    
20:   0.022 0.063 0.513 0.071 0.332 1    
21:   0.020 0.020 0.928 0.013 0.019 1    
22:   0.027 0.037 0.598 0.031 0.307 1    
23:   0.022 0.035 0.879 0.027 0.036 1    
24:   0.017 0.030 0.883 0.049 0.021 1    
25:   0.889 0.019 0.053 0.013 0.026 1    
26:   0.754 0.041 0.163 0.027 0.016 1    
27:   0.632 0.038 0.232 0.074 0.023 1    
28:   0.876 0.016 0.065 0.024 0.019 1    
29:   0.571 0.016 0.313 0.087 0.013 1    
30:   0.589 0.015 0.356 0.029 0.011 1    
31:   0.692 0.014 0.171 0.082 0.041 1    
32:   0.013 0.910 0.020 0.018 0.040 1    
33:   0.087 0.800 0.056 0.022 0.036 1    
34:   0.029 0.673 0.199 0.022 0.078 1    
35:   0.008 0.897 0.021 0.014 0.061 1    
36:   0.057 0.783 0.075 0.065 0.020 1    
37:   0.224 0.492 0.080 0.191 0.013 1    
38:   0.009 0.946 0.013 0.008 0.025 1    
39:   0.154 0.513 0.101 0.172 0.060 1    
40:   0.114 0.796 0.040 0.021 0.029 1    
41:   0.036 0.554 0.059 0.293 0.059 1    
42:   0.057 0.882 0.029 0.015 0.017 1    
43:   0.048 0.857 0.033 0.031 0.030 1    
44:   0.111 0.811 0.027 0.031 0.020 1    
45:   0.636 0.248 0.038 0.035 0.042 1    
46:   0.049 0.875 0.032 0.025 0.018 1    
47:   0.350 0.069 0.386 0.107 0.088 1    
48:   0.607 0.014 0.218 0.066 0.094 1    
49:   0.503 0.012 0.348 0.041 0.097 1    
50:   0.592 0.085 0.200 0.043 0.080 1    
51:   0.601 0.083 0.187 0.048 0.080 1    
52:   0.050 0.032 0.049 0.855 0.014 1    
53:   0.046 0.023 0.019 0.881 0.031 1    
54:   0.081 0.040 0.105 0.758 0.016 1    
55:   0.031 0.551 0.020 0.340 0.058 1    
56:   0.041 0.481 0.020 0.392 0.066 1    
57:   0.110 0.035 0.038 0.767 0.050 1    
58:   0.174 0.102 0.174 0.503 0.047 1    
59:   0.030 0.281 0.542 0.086 0.061 1    
60:   0.601 0.160 0.176 0.029 0.034 1    
61:   0.636 0.158 0.095 0.088 0.022 1    
62:   0.823 0.095 0.032 0.030 0.020 1    
63:   0.837 0.078 0.039 0.029 0.017 1    
64:   0.709 0.141 0.109 0.021 0.020 1    
65:   0.852 0.029 0.054 0.037 0.028 1    
66:   0.289 0.542 0.021 0.028 0.119 1    
67:   0.871 0.084 0.017 0.015 0.013 1    
68:   0.204 0.246 0.031 0.351 0.167 1    
69:   0.869 0.075 0.022 0.017 0.017 1    
70:   0.281 0.524 0.081 0.033 0.082 1    
71:   0.839 0.107 0.026 0.011 0.017 1    
72:   0.545 0.336 0.045 0.014 0.060 1    
73:   0.835 0.092 0.030 0.020 0.023 1    
74:   0.039 0.882 0.030 0.015 0.034 1    
75:   0.060 0.859 0.041 0.022 0.017 1    
76:   0.062 0.817 0.017 0.040 0.064 1    
77:   0.256 0.540 0.060 0.058 0.085 1    
78:   0.032 0.615 0.195 0.139 0.019 1    
79:   0.440 0.374 0.026 0.099 0.061 1    
80:   0.114 0.798 0.015 0.061 0.012 1    
81:   0.596 0.063 0.170 0.138 0.033 1    
82:   0.556 0.104 0.074 0.065 0.201 1    
83:   0.836 0.059 0.061 0.015 0.028 1    
84:   0.700 0.031 0.109 0.136 0.025 1    
85:   0.056 0.041 0.044 0.817 0.041 1    
86:   0.815 0.064 0.068 0.015 0.037 1    
87:   0.700 0.029 0.019 0.229 0.023 1    
88:   0.825 0.047 0.019 0.084 0.025 1    
89:   0.213 0.089 0.017 0.624 0.057 1    
90:   0.887 0.022 0.024 0.043 0.023 1    
91:   0.538 0.309 0.027 0.106 0.020 1    
92:   0.188 0.599 0.039 0.145 0.029 1    
93:   0.068 0.847 0.020 0.032 0.033 1    
94:   0.370 0.171 0.204 0.202 0.053 1    
95:   0.368 0.252 0.073 0.169 0.137 1    
96:   0.054 0.142 0.045 0.023 0.735 1    
97:   0.511 0.057 0.029 0.371 0.031 1    
98:   0.721 0.030 0.064 0.149 0.037 1    
99:   0.448 0.023 0.058 0.394 0.077 1    
100:  0.344 0.137 0.057 0.442 0.020 1    
101:  0.325 0.018 0.043 0.556 0.058 1    
102:  0.745 0.061 0.054 0.107 0.033 1    
103:  0.708 0.044 0.017 0.145 0.086 1    
104:  0.021 0.057 0.871 0.016 0.035 1    
105:  0.015 0.029 0.898 0.042 0.016 1    
106:  0.080 0.015 0.865 0.012 0.028 1    
107:  0.039 0.037 0.859 0.033 0.032 1    
108:  0.065 0.025 0.873 0.018 0.020 1    
109:  0.199 0.037 0.594 0.129 0.040 1    
110:  0.015 0.026 0.848 0.026 0.085 1    
111:  0.038 0.028 0.802 0.104 0.027 1    
112:  0.014 0.038 0.841 0.022 0.086 1    
113:  0.067 0.050 0.848 0.022 0.013 1    
114:  0.066 0.017 0.844 0.036 0.037 1    
115:  0.060 0.429 0.390 0.052 0.069 1    
116:  0.017 0.014 0.873 0.037 0.059 1    
117:  0.038 0.568 0.307 0.051 0.035 1    
118:  0.029 0.015 0.926 0.015 0.015 1    
119:  0.025 0.028 0.926 0.010 0.010 1    
120:  0.020 0.013 0.721 0.200 0.045 1    
121:  0.048 0.066 0.837 0.034 0.014 1    
122:  0.021 0.012 0.922 0.026 0.020 1    
123:  0.024 0.306 0.588 0.058 0.024 1    
124:  0.023 0.011 0.937 0.013 0.015 1    
125:  0.058 0.023 0.720 0.183 0.016 1    
126:  0.030 0.027 0.733 0.057 0.153 1    
127:  0.015 0.023 0.805 0.109 0.048 1    
128:  0.044 0.028 0.817 0.049 0.062 1    
129:  0.276 0.139 0.208 0.028 0.348 1    
130:  0.572 0.315 0.064 0.017 0.032 1    
131:  0.864 0.017 0.081 0.016 0.023 1    
132:  0.407 0.223 0.265 0.024 0.081 1    
133:  0.900 0.014 0.060 0.010 0.017 1    
134:  0.415 0.228 0.258 0.020 0.079 1    
135:  0.729 0.107 0.108 0.020 0.036 1    
136:  0.940 0.010 0.010 0.017 0.023 1    
137:  0.954 0.010 0.011 0.014 0.011 1    
138:  0.755 0.012 0.012 0.059 0.163 1    
139:  0.882 0.016 0.014 0.051 0.038 1    
140:  0.934 0.016 0.011 0.014 0.025 1    
141:  0.676 0.062 0.018 0.121 0.123 1    
142:  0.934 0.014 0.013 0.015 0.024 1    
143:  0.958 0.008 0.008 0.014 0.012 1    
144:  0.950 0.009 0.010 0.015 0.016 1    
145:  0.939 0.018 0.008 0.021 0.014 1    
146:  0.924 0.018 0.014 0.026 0.017 1    
147:  0.873 0.055 0.035 0.014 0.023 1    
148:  0.735 0.016 0.066 0.121 0.062 1    
149:  0.517 0.049 0.076 0.219 0.139 1    
150:  0.923 0.011 0.037 0.019 0.009 1    
151:  0.946 0.014 0.018 0.014 0.008 1    
152:  0.592 0.094 0.147 0.127 0.040 1    
153:  0.936 0.013 0.013 0.014 0.023 1    
154:  0.835 0.017 0.041 0.060 0.048 1    
155:  0.858 0.067 0.030 0.021 0.024 1    
156:  0.006 0.961 0.008 0.006 0.019 1    
157:  0.245 0.487 0.022 0.145 0.101 1    
158:  0.012 0.827 0.017 0.024 0.121 1    
159:  0.017 0.785 0.010 0.020 0.168 1    
160:  0.007 0.925 0.008 0.008 0.053 1    
161:  0.010 0.946 0.012 0.009 0.024 1    
162:  0.011 0.952 0.011 0.009 0.017 1    
163:  0.016 0.729 0.066 0.043 0.146 1    
164:  0.010 0.865 0.008 0.013 0.104 1    
165:  0.015 0.940 0.012 0.013 0.020 1    
166:  0.012 0.953 0.014 0.010 0.011 1    
167:  0.044 0.677 0.109 0.094 0.077 1    
168:  0.028 0.919 0.019 0.023 0.011 1    
169:  0.023 0.868 0.014 0.023 0.071 1    
170:  0.027 0.891 0.016 0.033 0.033 1    
171:  0.021 0.932 0.012 0.016 0.018 1    
172:  0.045 0.895 0.026 0.019 0.015 1    
173:  0.010 0.958 0.011 0.010 0.011 1    
174:  0.012 0.934 0.012 0.010 0.033 1    
175:  0.011 0.907 0.016 0.012 0.054 1    
176:  0.019 0.944 0.012 0.013 0.012 1    
177:  0.033 0.887 0.015 0.030 0.034 1    
178:  0.011 0.741 0.032 0.032 0.184 1    
179:  0.923 0.016 0.016 0.015 0.030 1    
180:  0.777 0.013 0.086 0.019 0.105 1    
181:  0.942 0.020 0.015 0.009 0.013 1    
182:  0.893 0.015 0.056 0.019 0.017 1    
183:  0.919 0.019 0.030 0.018 0.015 1    
184:  0.850 0.014 0.089 0.019 0.029 1    
185:  0.948 0.011 0.015 0.009 0.017 1    
186:  0.947 0.009 0.016 0.014 0.014 1    
187:  0.864 0.033 0.065 0.013 0.024 1    
188:  0.029 0.030 0.017 0.016 0.908 1    
189:  0.126 0.109 0.019 0.040 0.705 1    
190:  0.148 0.187 0.067 0.235 0.363 1    
191:  0.017 0.025 0.021 0.016 0.920 1    
192:  0.031 0.023 0.019 0.024 0.903 1    
193:  0.021 0.052 0.022 0.014 0.891 1    
194:  0.029 0.031 0.029 0.028 0.883 1    
195:  0.039 0.342 0.026 0.020 0.573 1    
196:  0.056 0.248 0.073 0.034 0.590 1    
197:  0.011 0.023 0.015 0.023 0.928 1    
198:  0.044 0.031 0.022 0.053 0.850 1    
199:  0.051 0.016 0.020 0.032 0.881 1    
200:  0.075 0.031 0.022 0.056 0.815 1    
201:  0.068 0.012 0.019 0.110 0.791 1    
202:  0.026 0.011 0.019 0.033 0.910 1    
203:  0.012 0.008 0.014 0.021 0.945 1    
204:  0.028 0.033 0.018 0.053 0.868 1    
205:  0.009 0.014 0.027 0.024 0.925 1    
206:  0.019 0.010 0.012 0.016 0.943 1    
207:  0.015 0.008 0.015 0.067 0.895 1    
208:  0.153 0.037 0.096 0.069 0.645 1    
209:  0.020 0.012 0.017 0.015 0.936 1    
210:  0.041 0.021 0.030 0.884 0.025 1    
211:  0.041 0.035 0.058 0.558 0.308 1    
212:  0.011 0.014 0.009 0.014 0.952 1    
213:  0.027 0.012 0.015 0.017 0.929 1    
214:  0.022 0.015 0.016 0.015 0.933 1    
215:  0.015 0.008 0.025 0.013 0.939 1    
216:  0.024 0.008 0.012 0.029 0.927 1    
217:  0.017 0.021 0.007 0.019 0.936 1    
218:  0.019 0.017 0.010 0.012 0.941 1    
219:  0.017 0.010 0.017 0.018 0.939 1    
220:  0.019 0.014 0.161 0.065 0.741 1    
221:  0.022 0.019 0.254 0.039 0.667 1    
222:  0.014 0.027 0.081 0.045 0.833 1    
223:  0.018 0.089 0.115 0.056 0.722 1    
224:  0.042 0.084 0.430 0.422 0.022 1    
225:  0.065 0.151 0.177 0.054 0.553 1    
226:  0.067 0.018 0.081 0.164 0.669 1    
227:  0.039 0.113 0.613 0.039 0.196 1    
228:  0.083 0.058 0.543 0.282 0.035 1    
229:  0.075 0.117 0.361 0.188 0.259 1    
230:  0.029 0.032 0.156 0.695 0.088 1    
231:  0.019 0.130 0.139 0.620 0.092 1    
232:  0.012 0.025 0.182 0.770 0.011 1    
233:  0.022 0.083 0.036 0.823 0.036 1    
234:  0.021 0.025 0.800 0.133 0.021 1    
235:  0.021 0.026 0.438 0.428 0.087 1    
236:  0.027 0.713 0.078 0.030 0.151 1    
237:  0.024 0.735 0.054 0.020 0.167 1    
238:  0.033 0.435 0.012 0.032 0.487 1    
239:  0.013 0.452 0.043 0.012 0.481 1    
240:  0.040 0.154 0.015 0.013 0.779 1    
241:  0.020 0.565 0.013 0.014 0.387 1    
242:  0.015 0.035 0.017 0.012 0.921 1    
243:  0.015 0.061 0.017 0.013 0.894 1    
244:  0.014 0.848 0.014 0.011 0.114 1    
245:  0.125 0.448 0.040 0.064 0.323 1    
246:  0.040 0.384 0.012 0.035 0.530 1    
247:  0.069 0.289 0.025 0.018 0.600 1    
248:  0.196 0.031 0.057 0.046 0.669 1    
249:  0.192 0.042 0.140 0.073 0.553 1    
250:  0.123 0.069 0.253 0.068 0.487 1    
251:  0.276 0.155 0.267 0.048 0.253 1    
252:  0.094 0.048 0.189 0.069 0.600 1    
253:  0.057 0.092 0.078 0.029 0.744 1    
254:  0.169 0.083 0.227 0.041 0.480 1    
255:  0.323 0.147 0.204 0.031 0.294 1    
256:  0.019 0.044 0.011 0.017 0.908 1    
257:  0.021 0.162 0.025 0.036 0.756 1    
258:  0.028 0.015 0.011 0.082 0.865 1    
259:  0.019 0.015 0.013 0.013 0.940 1    
260:  0.010 0.015 0.010 0.010 0.956 1    
261:  0.040 0.012 0.021 0.030 0.897 1    
262:  0.034 0.013 0.013 0.023 0.917 1    
263:  0.029 0.016 0.012 0.017 0.926 1    
264:  0.015 0.013 0.011 0.023 0.938 1    
265:  0.032 0.047 0.026 0.024 0.871 1    
266:  0.026 0.015 0.013 0.027 0.919 1    
267:  0.021 0.029 0.015 0.039 0.897 1    
268:  0.014 0.017 0.010 0.010 0.948 1    
269:  0.035 0.055 0.020 0.034 0.855 1    
270:  0.012 0.012 0.011 0.010 0.955 1    
271:  0.026 0.021 0.030 0.062 0.862 1    
272:  0.011 0.023 0.015 0.020 0.931 1    
273:  0.047 0.143 0.036 0.182 0.592 1    
274:  0.014 0.086 0.019 0.014 0.867 1    
275:  0.019 0.079 0.016 0.853 0.033 1    
276:  0.014 0.024 0.016 0.021 0.925 1    
277:  0.101 0.456 0.028 0.329 0.086 1    
278:  0.028 0.029 0.019 0.025 0.900 1    
279:  0.079 0.278 0.062 0.519 0.062 1    
280:  0.016 0.031 0.014 0.034 0.904 1    
281:  0.062 0.356 0.113 0.228 0.241 1    
282:  0.015 0.032 0.011 0.024 0.919 1    
283:  0.016 0.038 0.026 0.036 0.884 1    
284:  0.019 0.019 0.026 0.099 0.838 1    
285:  0.024 0.011 0.011 0.044 0.910 1    
286:  0.021 0.029 0.014 0.030 0.906 1    
287:  0.013 0.011 0.012 0.027 0.937 1    
288:  0.011 0.013 0.011 0.025 0.940 1    
289:  0.039 0.011 0.014 0.063 0.873 1    
290:  0.020 0.015 0.017 0.041 0.907 1    
291:  0.022 0.023 0.016 0.018 0.921 1    
292:  0.014 0.008 0.011 0.040 0.927 1    
293:  0.019 0.013 0.021 0.906 0.041 1    
294:  0.029 0.017 0.011 0.901 0.043 1    
295:  0.092 0.037 0.202 0.543 0.126 1    
296:  0.052 0.028 0.160 0.483 0.277 1    
297:  0.129 0.034 0.179 0.610 0.047 1    
298:  0.057 0.027 0.235 0.580 0.101 1    
299:  0.023 0.014 0.023 0.913 0.027 1    
300:  0.051 0.020 0.215 0.668 0.046 1    
301:  0.019 0.140 0.029 0.235 0.577 1    
302:  0.031 0.020 0.038 0.113 0.799 1    
303:  0.029 0.142 0.098 0.556 0.175 1    
304:  0.036 0.020 0.024 0.122 0.798 1    
305:  0.014 0.425 0.377 0.117 0.066 1    
306:  0.026 0.050 0.032 0.033 0.860 1    
307:  0.030 0.128 0.046 0.169 0.626 1    
308:  0.018 0.044 0.060 0.055 0.823 1    
309:  0.013 0.624 0.184 0.038 0.141 1    
310:  0.025 0.021 0.014 0.154 0.785 1    
311:  0.034 0.397 0.106 0.239 0.225 1    
312:  0.048 0.246 0.417 0.046 0.244 1    
313:  0.027 0.324 0.132 0.320 0.197 1    
314:  0.031 0.020 0.033 0.022 0.894 1    
315:  0.022 0.417 0.335 0.059 0.166 1    
316:  0.042 0.040 0.087 0.572 0.259 1    
317:  0.022 0.225 0.094 0.114 0.545 1    
318:  0.026 0.035 0.217 0.696 0.026 1    
319:  0.033 0.026 0.105 0.819 0.017 1    
320:  0.024 0.026 0.064 0.872 0.015 1    
321:  0.026 0.030 0.021 0.895 0.027 1    
322:  0.019 0.019 0.064 0.883 0.015 1    
323:  0.040 0.018 0.176 0.730 0.036 1    
324:  0.040 0.020 0.152 0.470 0.317 1    
325:  0.055 0.024 0.142 0.401 0.378 1    
326:  0.059 0.020 0.073 0.795 0.053 1    
327:  0.082 0.016 0.151 0.660 0.090 1    
328:  0.080 0.080 0.057 0.658 0.125 1    
329:  0.037 0.075 0.064 0.757 0.067 1    
330:  0.219 0.024 0.374 0.207 0.175 1    
331:  0.091 0.137 0.127 0.429 0.217 1    
332:  0.078 0.032 0.659 0.145 0.086 1    
333:  0.179 0.158 0.112 0.443 0.108 1    
334:  0.055 0.801 0.090 0.028 0.027 1    
335:  0.024 0.138 0.015 0.020 0.803 1    
336:  0.032 0.029 0.024 0.018 0.897 1    
337:  0.042 0.799 0.023 0.039 0.096 1    
338:  0.058 0.831 0.019 0.015 0.077 1    
339:  0.047 0.064 0.010 0.020 0.858 1    
340:  0.048 0.094 0.018 0.079 0.761 1    
341:  0.049 0.735 0.057 0.143 0.017 1    
342:  0.048 0.039 0.023 0.851 0.040 1    
343:  0.492 0.104 0.020 0.339 0.045 1    
344:  0.286 0.384 0.044 0.248 0.038 1    
345:  0.026 0.123 0.049 0.762 0.039 1    
346:  0.095 0.078 0.093 0.215 0.520 1    
347:  0.127 0.605 0.042 0.166 0.059 1    
348:  0.074 0.033 0.134 0.071 0.688 1    
349:  0.318 0.183 0.068 0.081 0.350 1    
350:  0.287 0.173 0.034 0.399 0.107 1    
351:  0.064 0.335 0.027 0.534 0.040 1    
352:  0.057 0.058 0.473 0.020 0.392 1    
353:  0.204 0.139 0.251 0.103 0.304 1    
354:  0.143 0.070 0.072 0.294 0.422 1    
355:  0.012 0.052 0.286 0.215 0.434 1    
356:  0.012 0.046 0.017 0.035 0.891 1    
357:  0.015 0.056 0.028 0.039 0.862 1    
358:  0.011 0.011 0.021 0.027 0.930 1    
359:  0.020 0.048 0.025 0.703 0.204 1    
360:  0.023 0.050 0.037 0.712 0.179 1    
361:  0.014 0.016 0.027 0.027 0.917 1    
362:  0.012 0.008 0.016 0.139 0.826 1    
363:  0.012 0.050 0.018 0.036 0.883 1    
364:  0.085 0.418 0.131 0.264 0.102 1    
365:  0.078 0.191 0.448 0.132 0.151 1    
366:  0.013 0.012 0.947 0.010 0.018 1    
367:  0.093 0.229 0.517 0.039 0.122 1    
368:  0.050 0.044 0.782 0.069 0.056 1    
369:  0.037 0.093 0.626 0.111 0.134 1    
370:  0.112 0.045 0.702 0.078 0.063 1    
371:  0.013 0.042 0.907 0.019 0.019 1    
372:  0.167 0.277 0.403 0.084 0.069 1    
373:  0.008 0.012 0.025 0.939 0.017 1    
374:  0.024 0.019 0.054 0.858 0.045 1    
375:  0.018 0.010 0.013 0.951 0.008 1    
376:  0.022 0.009 0.014 0.945 0.010 1    
377:  0.021 0.010 0.012 0.943 0.013 1    
378:  0.013 0.019 0.020 0.930 0.019 1    
379:  0.697 0.069 0.009 0.022 0.203 1    
380:  0.030 0.053 0.026 0.874 0.016 1    
381:  0.020 0.018 0.066 0.029 0.867 1    
382:  0.078 0.037 0.076 0.027 0.782 1    
383:  0.022 0.013 0.023 0.014 0.928 1    
384:  0.025 0.012 0.157 0.023 0.782 1    
385:  0.025 0.034 0.030 0.024 0.886 1    
386:  0.027 0.023 0.055 0.018 0.877 1    
387:  0.126 0.026 0.438 0.382 0.027 1    
388:  0.142 0.080 0.489 0.098 0.192 1    
389:  0.050 0.187 0.385 0.330 0.047 1    
390:  0.016 0.013 0.022 0.932 0.017 1    
391:  0.033 0.039 0.019 0.879 0.029 1    
392:  0.172 0.214 0.447 0.146 0.021 1    
393:  0.030 0.028 0.033 0.862 0.047 1    
394:  0.178 0.130 0.148 0.394 0.151 1    
395:  0.048 0.251 0.513 0.097 0.091 1    
396:  0.408 0.046 0.037 0.485 0.024 1    
397:  0.073 0.031 0.061 0.806 0.029 1    
398:  0.031 0.182 0.295 0.241 0.251 1    
399:  0.072 0.168 0.325 0.344 0.091 1    
400:  0.084 0.056 0.025 0.735 0.100 1    
401:  0.310 0.109 0.033 0.381 0.167 1    
402:  0.024 0.090 0.829 0.036 0.021 1    
403:  0.012 0.017 0.921 0.032 0.018 1    
404:  0.013 0.016 0.924 0.029 0.018 1    
405:  0.019 0.105 0.618 0.232 0.026 1    
406:  0.010 0.016 0.931 0.024 0.018 1    
407:  0.016 0.016 0.922 0.028 0.019 1    
408:  0.199 0.254 0.419 0.067 0.061 1    
409:  0.288 0.191 0.205 0.265 0.052 1    
410:  0.207 0.128 0.083 0.073 0.509 1    
411:  0.481 0.128 0.111 0.250 0.031 1    
412:  0.408 0.133 0.145 0.035 0.280 1    
413:  0.210 0.078 0.108 0.424 0.180 1    
414:  0.087 0.120 0.062 0.242 0.490 1    
415:  0.657 0.117 0.083 0.043 0.100 1    
416:  0.023 0.066 0.615 0.024 0.272 1    
417:  0.026 0.044 0.661 0.145 0.123 1    
418:  0.084 0.202 0.385 0.046 0.283 1    
419:  0.092 0.211 0.502 0.149 0.046 1    
420:  0.080 0.062 0.550 0.099 0.209 1    
421:  0.069 0.173 0.513 0.207 0.038 1    
422:  0.275 0.176 0.240 0.180 0.129 1    
423:  0.238 0.260 0.184 0.124 0.193 1    
424:  0.045 0.312 0.518 0.058 0.067 1    
425:  0.029 0.386 0.490 0.049 0.047 1    
426:  0.032 0.482 0.155 0.285 0.046 1    
427:  0.422 0.031 0.065 0.401 0.081 1    
428:  0.059 0.040 0.074 0.799 0.030 1    
429:  0.434 0.019 0.061 0.453 0.033 1    
430:  0.233 0.012 0.051 0.681 0.023 1    
431:  0.177 0.116 0.073 0.541 0.092 1    
432:  0.293 0.028 0.057 0.587 0.036 1    
433:  0.412 0.042 0.030 0.445 0.071 1    
434:  0.342 0.054 0.057 0.490 0.057 1    
435:  0.012 0.012 0.045 0.914 0.017 1    
436:  0.020 0.031 0.082 0.795 0.072 1    
437:  0.018 0.030 0.144 0.794 0.013 1    
438:  0.033 0.085 0.043 0.826 0.013 1    
439:  0.099 0.327 0.120 0.437 0.018 1    
440:  0.013 0.014 0.021 0.935 0.017 1    
441:  0.025 0.054 0.048 0.847 0.026 1    
442:  0.026 0.113 0.107 0.696 0.058 1    
443:  0.014 0.016 0.016 0.944 0.009 1    
444:  0.290 0.067 0.081 0.538 0.025 1    
445:  0.034 0.133 0.771 0.024 0.038 1    
446:  0.056 0.217 0.622 0.062 0.042 1    
447:  0.032 0.032 0.030 0.894 0.012 1    
448:  0.130 0.186 0.549 0.044 0.092 1    
449:  0.041 0.056 0.066 0.823 0.015 1    
450:  0.040 0.488 0.361 0.085 0.027 1    
451:  0.191 0.322 0.382 0.058 0.048 1    
452:  0.072 0.224 0.614 0.051 0.039 1    
453:  0.014 0.017 0.008 0.949 0.012 1    
454:  0.008 0.009 0.012 0.940 0.031 1    
455:  0.024 0.018 0.018 0.920 0.020 1    
456:  0.023 0.011 0.022 0.928 0.015 1    
457:  0.022 0.011 0.016 0.937 0.013 1    
458:  0.012 0.014 0.012 0.948 0.014 1    
459:  0.015 0.015 0.016 0.946 0.007 1    
460:  0.031 0.014 0.023 0.905 0.027 1    
461:  0.026 0.014 0.050 0.870 0.039 1    
462:  0.019 0.011 0.026 0.929 0.015 1    
463:  0.013 0.012 0.016 0.890 0.069 1    
464:  0.024 0.009 0.015 0.940 0.012 1    
465:  0.014 0.020 0.014 0.893 0.058 1    
466:  0.027 0.008 0.034 0.917 0.015 1    
467:  0.014 0.012 0.015 0.936 0.023 1    
468:  0.007 0.012 0.016 0.899 0.066 1    
469:  0.048 0.012 0.018 0.908 0.013 1    
470:  0.032 0.013 0.015 0.892 0.047 1    
471:  0.009 0.011 0.008 0.957 0.015 1    
472:  0.014 0.014 0.010 0.929 0.033 1    
473:  0.008 0.014 0.011 0.942 0.025 1    
474:  0.017 0.012 0.016 0.926 0.029 1    
475:  0.015 0.014 0.013 0.949 0.009 1    
476:  0.013 0.019 0.016 0.944 0.009 1    
477:  0.012 0.015 0.016 0.948 0.009 1    
478:  0.014 0.008 0.009 0.952 0.016 1    
479:  0.010 0.007 0.010 0.956 0.017 1    
480:  0.049 0.291 0.121 0.482 0.057 1    
481:  0.032 0.138 0.068 0.690 0.072 1    
482:  0.013 0.062 0.015 0.834 0.077 1    
483:  0.017 0.017 0.013 0.944 0.009 1    
484:  0.199 0.028 0.085 0.518 0.169 1    
485:  0.159 0.070 0.166 0.573 0.031 1    
486:  0.532 0.018 0.084 0.314 0.052 1    
487:  0.042 0.030 0.081 0.724 0.123 1    
488:  0.816 0.018 0.051 0.082 0.033 1    
489:  0.390 0.092 0.131 0.371 0.016 1    
490:  0.729 0.015 0.029 0.184 0.043 1    
491:  0.304 0.063 0.270 0.334 0.029 1    
492:  0.386 0.027 0.032 0.511 0.044 1    
493:  0.008 0.010 0.011 0.951 0.021 1    
494:  0.007 0.010 0.013 0.949 0.022 1    
495:  0.011 0.011 0.010 0.956 0.012 1    
496:  0.017 0.013 0.028 0.923 0.019 1    
497:  0.012 0.008 0.010 0.955 0.015 1    
498:  0.012 0.019 0.021 0.867 0.081 1    
499:  0.285 0.025 0.025 0.379 0.286 1    
500:  0.016 0.025 0.068 0.855 0.037 1    
501:  0.024 0.041 0.048 0.851 0.036 1    
502:  0.036 0.097 0.024 0.335 0.508 1    
503:  0.076 0.029 0.043 0.729 0.123 1    
504:  0.036 0.037 0.014 0.783 0.130 1    
505:  0.064 0.017 0.017 0.447 0.456 1    
506:  0.118 0.023 0.055 0.322 0.483 1    
507:  0.011 0.008 0.013 0.021 0.947 1    
508:  0.028 0.016 0.099 0.250 0.607 1    
509:  0.012 0.011 0.015 0.021 0.941 1    
510:  0.014 0.011 0.031 0.012 0.933 1    
511:  0.013 0.012 0.025 0.016 0.934 1    
512:  0.013 0.018 0.030 0.038 0.901 1    
513:  0.009 0.013 0.018 0.009 0.951 1    
514:  0.014 0.012 0.015 0.035 0.924 1    
515:  0.020 0.013 0.039 0.029 0.900 1    
516:  0.012 0.012 0.006 0.009 0.961 1    
517:  0.012 0.010 0.012 0.011 0.956 1    
518:  0.032 0.025 0.015 0.015 0.914 1    
519:  0.017 0.011 0.013 0.024 0.934 1    
520:  0.095 0.038 0.078 0.023 0.767 1    
521:  0.013 0.010 0.006 0.007 0.965 1    
522:  0.024 0.035 0.038 0.012 0.891 1    
523:  0.014 0.023 0.020 0.013 0.930 1    
524:  0.019 0.012 0.009 0.013 0.946 1    
525:  0.050 0.029 0.040 0.037 0.844 1    
526:  0.015 0.011 0.009 0.014 0.951 1    
527:  0.018 0.017 0.017 0.019 0.929 1    
528:  0.024 0.013 0.009 0.018 0.937 1    
529:  0.012 0.012 0.008 0.015 0.952 1    
530:  0.020 0.019 0.029 0.033 0.898 1    
531:  0.018 0.013 0.010 0.014 0.944 1    
532:  0.060 0.033 0.034 0.031 0.842 1    
533:  0.016 0.038 0.468 0.464 0.013 1    
534:  0.013 0.022 0.746 0.181 0.038 1    
535:  0.048 0.178 0.330 0.425 0.019 1    
536:  0.056 0.165 0.492 0.210 0.077 1    
537:  0.012 0.019 0.768 0.193 0.008 1    
538:  0.013 0.025 0.381 0.557 0.025 1    
539:  0.039 0.121 0.392 0.421 0.027 1    
540:  0.016 0.036 0.551 0.384 0.013 1    
541:  0.016 0.026 0.016 0.014 0.929 1    
542:  0.022 0.014 0.022 0.013 0.929 1    
543:  0.015 0.027 0.014 0.015 0.929 1    
544:  0.046 0.046 0.017 0.020 0.872 1    
545:  0.009 0.014 0.010 0.006 0.960 1    
546:  0.019 0.025 0.012 0.011 0.933 1    
547:  0.017 0.018 0.016 0.016 0.933 1    
548:  0.007 0.011 0.009 0.009 0.963 1    
549:  0.016 0.019 0.023 0.017 0.925 1    
550:  0.013 0.018 0.019 0.933 0.018 1    
551:  0.007 0.011 0.018 0.915 0.048 1    
552:  0.012 0.008 0.029 0.920 0.030 1    
553:  0.016 0.024 0.011 0.854 0.096 1    
554:  0.017 0.029 0.010 0.911 0.033 1    
555:  0.181 0.010 0.014 0.741 0.055 1    
556:  0.025 0.015 0.040 0.829 0.092 1    
557:  0.023 0.059 0.017 0.728 0.174 1    
558:  0.010 0.011 0.011 0.890 0.078 1    
559:  0.487 0.054 0.266 0.168 0.024 1    
560:  0.801 0.079 0.050 0.049 0.021 1    
561:  0.841 0.037 0.040 0.066 0.016 1    
562:  0.794 0.046 0.075 0.065 0.019 1    
563:  0.903 0.028 0.026 0.031 0.012 1    
564:  0.341 0.052 0.077 0.482 0.049 1    
565:  0.679 0.077 0.042 0.182 0.021 1    
566:  0.050 0.224 0.056 0.393 0.276 1    
567:  0.036 0.618 0.121 0.123 0.101 1    
568:  0.052 0.496 0.090 0.107 0.254 1    
569:  0.055 0.371 0.058 0.422 0.094 1    
570:  0.058 0.308 0.035 0.320 0.279 1    
571:  0.478 0.276 0.129 0.069 0.048 1    
572:  0.045 0.843 0.015 0.043 0.054 1    
573:  0.106 0.104 0.046 0.654 0.090 1    
574:  0.015 0.012 0.020 0.009 0.944 1    
575:  0.020 0.013 0.010 0.025 0.932 1    
576:  0.013 0.012 0.014 0.007 0.954 1    
577:  0.017 0.026 0.009 0.020 0.928 1    
578:  0.014 0.020 0.012 0.011 0.943 1    
579:  0.019 0.012 0.020 0.013 0.936 1    
580:  0.020 0.020 0.015 0.008 0.938 1    
581:  0.034 0.027 0.043 0.872 0.024 1    
582:  0.014 0.015 0.029 0.922 0.020 1    
583:  0.015 0.009 0.011 0.018 0.947 1    
584:  0.026 0.024 0.020 0.905 0.025 1    
585:  0.051 0.190 0.055 0.509 0.195 1    
586:  0.012 0.015 0.037 0.921 0.015 1    
587:  0.034 0.027 0.023 0.897 0.019 1    
588:  0.025 0.025 0.022 0.913 0.014 1    
589:  0.013 0.016 0.027 0.928 0.016 1    
590:  0.038 0.065 0.080 0.753 0.065 1    
591:  0.037 0.055 0.024 0.840 0.045 1    
592:  0.024 0.057 0.047 0.728 0.144 1    
593:  0.020 0.020 0.019 0.910 0.030 1    
594:  0.019 0.030 0.025 0.791 0.136 1    
595:  0.010 0.035 0.013 0.862 0.080 1    
596:  0.026 0.022 0.019 0.455 0.477 1    
597:  0.016 0.932 0.030 0.010 0.012 1    
598:  0.046 0.908 0.019 0.017 0.009 1    
599:  0.020 0.943 0.015 0.013 0.010 1    
600:  0.104 0.791 0.070 0.018 0.017 1    
601:  0.024 0.936 0.017 0.009 0.014 1    
602:  0.010 0.911 0.056 0.011 0.012 1    
603:  0.092 0.587 0.041 0.095 0.184 1    
604:  0.191 0.226 0.456 0.040 0.086 1    
605:  0.009 0.010 0.957 0.014 0.010 1    
606:  0.008 0.008 0.968 0.008 0.008 1    
607:  0.011 0.010 0.960 0.009 0.010 1    
608:  0.009 0.011 0.957 0.012 0.011 1    
609:  0.010 0.013 0.959 0.008 0.010 1    
610:  0.107 0.034 0.806 0.033 0.019 1    
611:  0.298 0.088 0.559 0.032 0.023 1    
612:  0.012 0.012 0.942 0.017 0.018 1    
613:  0.010 0.010 0.956 0.011 0.012 1    
614:  0.050 0.037 0.862 0.028 0.022 1    
615:  0.018 0.021 0.938 0.013 0.011 1    
616:  0.318 0.068 0.537 0.059 0.019 1    
617:  0.012 0.015 0.941 0.020 0.013 1    
618:  0.020 0.021 0.914 0.024 0.021 1    
619:  0.031 0.017 0.900 0.029 0.023 1    
620:  0.012 0.011 0.946 0.014 0.017 1    
621:  0.011 0.016 0.944 0.017 0.012 1    
622:  0.022 0.014 0.938 0.013 0.013 1    
623:  0.336 0.176 0.341 0.115 0.033 1    
624:  0.031 0.016 0.912 0.024 0.017 1    
625:  0.053 0.022 0.895 0.013 0.016 1    
626:  0.079 0.033 0.023 0.848 0.016 1    
627:  0.577 0.105 0.039 0.258 0.021 1    
628:  0.291 0.130 0.022 0.468 0.089 1    
629:  0.176 0.104 0.022 0.635 0.063 1    
630:  0.404 0.212 0.061 0.276 0.047 1    
631:  0.477 0.243 0.028 0.151 0.102 1    
632:  0.128 0.124 0.025 0.687 0.035 1    
633:  0.688 0.027 0.009 0.152 0.124 1    
634:  0.616 0.085 0.144 0.031 0.124 1    
635:  0.587 0.052 0.048 0.048 0.264 1    
636:  0.237 0.279 0.094 0.213 0.178 1    
637:  0.830 0.045 0.012 0.039 0.075 1    
638:  0.823 0.018 0.019 0.100 0.040 1    
639:  0.790 0.020 0.045 0.115 0.030 1    
640:  0.916 0.020 0.012 0.028 0.024 1    
641:  0.750 0.017 0.013 0.139 0.081 1    
642:  0.428 0.085 0.050 0.054 0.383 1    
643:  0.852 0.017 0.018 0.059 0.054 1    
644:  0.432 0.042 0.272 0.128 0.126 1    
645:  0.095 0.019 0.013 0.339 0.535 1    
646:  0.317 0.047 0.030 0.554 0.053 1    
647:  0.617 0.032 0.029 0.209 0.113 1    
648:  0.381 0.014 0.012 0.537 0.056 1    
649:  0.786 0.035 0.039 0.009 0.130 1    
650:  0.938 0.016 0.018 0.012 0.016 1    
651:  0.221 0.232 0.481 0.038 0.029 1    
652:  0.886 0.063 0.015 0.016 0.020 1    
653:  0.121 0.841 0.014 0.013 0.011 1    
654:  0.720 0.186 0.054 0.015 0.024 1    
655:  0.552 0.166 0.225 0.025 0.032 1    
656:  0.914 0.044 0.010 0.011 0.021 1    
657:  0.896 0.023 0.037 0.024 0.020 1    
658:  0.372 0.339 0.258 0.015 0.016 1    
659:  0.792 0.076 0.091 0.020 0.022 1    
660:  0.355 0.432 0.155 0.042 0.016 1    
661:  0.409 0.141 0.413 0.030 0.008 1    
662:  0.528 0.362 0.080 0.016 0.014 1    
663:  0.199 0.084 0.622 0.086 0.009 1    
664:  0.577 0.107 0.267 0.031 0.017 1    
665:  0.903 0.035 0.031 0.010 0.022 1    
666:  0.930 0.020 0.017 0.022 0.011 1    
667:  0.765 0.067 0.103 0.023 0.042 1    
668:  0.931 0.012 0.019 0.018 0.020 1    
669:  0.933 0.017 0.014 0.019 0.017 1    
670:  0.935 0.020 0.010 0.026 0.010 1    
671:  0.930 0.022 0.017 0.015 0.015 1    
672:  0.819 0.023 0.120 0.016 0.022 1    
673:  0.759 0.031 0.182 0.012 0.017 1    
674:  0.818 0.051 0.073 0.020 0.039 1    
675:  0.196 0.301 0.110 0.275 0.118 1    
676:  0.124 0.484 0.136 0.112 0.143 1    
677:  0.306 0.025 0.307 0.340 0.021 1    
678:  0.517 0.043 0.157 0.265 0.018 1    
679:  0.215 0.037 0.633 0.076 0.039 1    
680:  0.612 0.153 0.069 0.112 0.054 1    
681:  0.100 0.092 0.626 0.078 0.105 1    
682:  0.087 0.069 0.687 0.064 0.093 1    
683:  0.396 0.035 0.036 0.517 0.017 1    
684:  0.095 0.036 0.570 0.264 0.035 1    
685:  0.073 0.714 0.047 0.054 0.111 1    
686:  0.021 0.033 0.892 0.029 0.025 1    
687:  0.024 0.021 0.869 0.050 0.035 1    
688:  0.378 0.074 0.366 0.144 0.039 1    
689:  0.048 0.015 0.890 0.016 0.030 1    
690:  0.351 0.096 0.336 0.161 0.055 1    
691:  0.016 0.025 0.907 0.023 0.029 1    
692:  0.088 0.682 0.048 0.058 0.125 1    
693:  0.182 0.591 0.027 0.143 0.057 1    
694:  0.211 0.569 0.022 0.064 0.133 1    
695:  0.037 0.208 0.028 0.112 0.614 1    
696:  0.145 0.030 0.022 0.785 0.018 1    
697:  0.565 0.262 0.098 0.031 0.043 1    
698:  0.184 0.631 0.033 0.025 0.127 1    
699:  0.539 0.208 0.047 0.024 0.182 1    
700:  0.878 0.053 0.043 0.018 0.009 1    
701:  0.920 0.025 0.019 0.024 0.012 1    
702:  0.698 0.082 0.172 0.026 0.023 1    
703:  0.927 0.026 0.017 0.011 0.018 1    
704:  0.927 0.027 0.019 0.015 0.012 1    
705:  0.617 0.172 0.047 0.137 0.027 1    
706:  0.221 0.287 0.069 0.048 0.374 1    
707:  0.589 0.125 0.092 0.149 0.045 1    
708:  0.222 0.030 0.073 0.029 0.645 1    
709:  0.032 0.029 0.024 0.023 0.891 1    
710:  0.380 0.139 0.402 0.033 0.046 1    
711:  0.036 0.028 0.040 0.049 0.847 1    
712:  0.081 0.116 0.760 0.024 0.019 1    
713:  0.467 0.124 0.029 0.306 0.074 1    
714:  0.027 0.036 0.898 0.015 0.024 1    
715:  0.902 0.031 0.032 0.019 0.015 1    
716:  0.219 0.284 0.242 0.065 0.191 1    
717:  0.030 0.681 0.205 0.062 0.021 1    
718:  0.017 0.488 0.310 0.059 0.126 1    
719:  0.672 0.234 0.034 0.012 0.048 1    
720:  0.044 0.595 0.064 0.019 0.277 1    
721:  0.506 0.378 0.051 0.018 0.046 1    
722:  0.010 0.062 0.845 0.056 0.027 1    
723:  0.478 0.280 0.184 0.032 0.027 1    
724:  0.016 0.127 0.687 0.056 0.114 1    
725:  0.764 0.163 0.019 0.029 0.025 1    
726:  0.037 0.424 0.402 0.054 0.083 1    
727:  0.036 0.049 0.612 0.053 0.250 1    
728:  0.939 0.018 0.015 0.014 0.014 1    
729:  0.954 0.013 0.010 0.010 0.014 1    
730:  0.908 0.013 0.017 0.020 0.043 1    
731:  0.896 0.035 0.020 0.009 0.040 1    
732:  0.934 0.017 0.021 0.013 0.016 1    
733:  0.929 0.022 0.023 0.013 0.013 1    
734:  0.831 0.087 0.024 0.044 0.013 1    
735:  0.038 0.146 0.756 0.017 0.043 1    
736:  0.027 0.856 0.080 0.025 0.011 1    
737:  0.074 0.204 0.363 0.023 0.337 1    
738:  0.049 0.670 0.183 0.085 0.013 1    
739:  0.059 0.103 0.578 0.022 0.237 1    
740:  0.016 0.846 0.090 0.036 0.012 1    
741:  0.022 0.134 0.762 0.040 0.042 1    
742:  0.055 0.873 0.043 0.020 0.010 1    
743:  0.104 0.098 0.740 0.015 0.044 1    
744:  0.136 0.469 0.282 0.055 0.058 1    
745:  0.028 0.197 0.567 0.017 0.192 1    
746:  0.043 0.887 0.037 0.021 0.012 1    
747:  0.048 0.628 0.265 0.025 0.034 1    
748:  0.198 0.709 0.042 0.024 0.026 1    
749:  0.017 0.327 0.604 0.028 0.024 1    
750:  0.056 0.656 0.236 0.019 0.032 1    
751:  0.123 0.069 0.429 0.036 0.344 1    
752:  0.922 0.019 0.016 0.018 0.026 1    
753:  0.360 0.065 0.205 0.097 0.273 1    
754:  0.247 0.021 0.615 0.076 0.041 1    
755:  0.119 0.016 0.560 0.027 0.278 1    
756:  0.915 0.016 0.016 0.019 0.034 1    
757:  0.145 0.015 0.622 0.023 0.195 1    
758:  0.594 0.015 0.025 0.024 0.342 1    
759:  0.289 0.045 0.298 0.021 0.347 1    
760:  0.016 0.922 0.016 0.014 0.031 1    
761:  0.009 0.960 0.013 0.008 0.009 1    
762:  0.015 0.937 0.014 0.018 0.016 1    
763:  0.011 0.957 0.009 0.008 0.014 1    
764:  0.017 0.921 0.021 0.020 0.022 1    
765:  0.025 0.920 0.016 0.016 0.024 1    
766:  0.016 0.931 0.013 0.013 0.027 1    
767:  0.015 0.828 0.101 0.022 0.034 1    
768:  0.032 0.885 0.033 0.019 0.031 1    
769:  0.035 0.904 0.018 0.011 0.032 1    
770:  0.036 0.544 0.093 0.258 0.069 1    
771:  0.015 0.911 0.013 0.012 0.049 1    
772:  0.017 0.599 0.349 0.014 0.022 1    
773:  0.028 0.606 0.115 0.221 0.030 1    
774:  0.058 0.793 0.047 0.063 0.039 1    
775:  0.016 0.736 0.229 0.010 0.010 1    
776:  0.017 0.844 0.054 0.030 0.054 1    
777:  0.029 0.934 0.014 0.013 0.009 1    
778:  0.025 0.901 0.030 0.017 0.027 1    
779:  0.077 0.502 0.328 0.064 0.029 1    
780:  0.065 0.830 0.028 0.027 0.050 1    
781:  0.018 0.888 0.040 0.027 0.026 1    
782:  0.024 0.753 0.015 0.026 0.182 1    
783:  0.051 0.884 0.023 0.015 0.027 1    
784:  0.024 0.730 0.199 0.013 0.033 1    
785:  0.112 0.780 0.016 0.046 0.045 1    
786:  0.014 0.910 0.045 0.018 0.012 1    
787:  0.033 0.874 0.041 0.022 0.031 1    
788:  0.026 0.914 0.034 0.010 0.016 1    
789:  0.288 0.146 0.034 0.010 0.521 1    
790:  0.182 0.320 0.438 0.028 0.033 1    
791:  0.124 0.752 0.077 0.023 0.025 1    
792:  0.621 0.092 0.158 0.018 0.110 1    
793:  0.189 0.742 0.018 0.013 0.038 1    
794:  0.033 0.339 0.498 0.043 0.086 1    
795:  0.036 0.075 0.534 0.335 0.021 1    
796:  0.056 0.207 0.663 0.052 0.023 1    
797:  0.024 0.356 0.451 0.149 0.020 1    
798:  0.035 0.608 0.270 0.070 0.017 1    
799:  0.029 0.093 0.570 0.278 0.028 1    
800:  0.023 0.546 0.309 0.094 0.028 1    
801:  0.091 0.099 0.094 0.015 0.701 1    
802:  0.041 0.132 0.016 0.041 0.771 1    
803:  0.021 0.019 0.016 0.017 0.926 1    
804:  0.035 0.184 0.028 0.028 0.725 1    
805:  0.039 0.083 0.040 0.016 0.822 1    
806:  0.086 0.495 0.247 0.027 0.144 1    
807:  0.303 0.103 0.401 0.030 0.163 1    
808:  0.076 0.605 0.146 0.030 0.144 1    
809:  0.159 0.370 0.304 0.031 0.136 1    
810:  0.273 0.093 0.390 0.030 0.214 1    
811:  0.191 0.056 0.389 0.026 0.338 1    
812:  0.101 0.091 0.049 0.160 0.599 1    
813:  0.017 0.016 0.013 0.013 0.941 1    
814:  0.023 0.025 0.031 0.018 0.902 1    
815:  0.050 0.023 0.019 0.064 0.842 1    
816:  0.012 0.011 0.018 0.017 0.942 1    
817:  0.057 0.016 0.024 0.020 0.883 1    
818:  0.027 0.019 0.021 0.033 0.900 1    
819:  0.039 0.040 0.021 0.022 0.878 1    
820:  0.012 0.019 0.016 0.028 0.924 1    
821:  0.206 0.027 0.024 0.039 0.703 1    
822:  0.439 0.418 0.068 0.053 0.022 1    
823:  0.174 0.593 0.162 0.038 0.033 1    
824:  0.145 0.543 0.261 0.041 0.010 1    
825:  0.082 0.808 0.043 0.040 0.027 1    
826:  0.198 0.432 0.227 0.074 0.068 1    
827:  0.228 0.490 0.085 0.102 0.094 1    
828:  0.044 0.049 0.130 0.705 0.072 1    
829:  0.046 0.022 0.017 0.858 0.056 1    
830:  0.022 0.057 0.021 0.889 0.011 1    
831:  0.063 0.030 0.119 0.768 0.019 1    
832:  0.386 0.265 0.074 0.144 0.130 1    
833:  0.332 0.061 0.073 0.455 0.079 1    
834:  0.032 0.766 0.073 0.107 0.022 1    
835:  0.176 0.373 0.023 0.370 0.059 1    
836:  0.122 0.712 0.047 0.078 0.040 1    
837:  0.033 0.681 0.152 0.077 0.057 1    
838:  0.187 0.375 0.046 0.270 0.122 1    
839:  0.034 0.490 0.234 0.050 0.192 1    
840:  0.057 0.211 0.495 0.052 0.186 1    
841:  0.055 0.663 0.061 0.029 0.192 1    
842:  0.102 0.288 0.033 0.541 0.036 1    
843:  0.014 0.945 0.019 0.011 0.011 1    
844:  0.064 0.804 0.024 0.076 0.032 1    
845:  0.080 0.799 0.093 0.019 0.009 1    
846:  0.023 0.837 0.084 0.024 0.031 1    
847:  0.021 0.921 0.031 0.010 0.018 1    
848:  0.017 0.876 0.055 0.021 0.031 1    
849:  0.026 0.914 0.036 0.011 0.012 1    
850:  0.011 0.944 0.014 0.021 0.009 1    
851:  0.016 0.911 0.036 0.021 0.016 1    
852:  0.011 0.900 0.037 0.042 0.009 1    
853:  0.495 0.233 0.066 0.157 0.050 1    
854:  0.262 0.266 0.053 0.400 0.019 1    
855:  0.411 0.147 0.026 0.396 0.020 1    
856:  0.231 0.024 0.118 0.604 0.023 1    
857:  0.251 0.142 0.044 0.381 0.182 1    
858:  0.443 0.152 0.157 0.185 0.063 1    
859:  0.543 0.040 0.046 0.327 0.044 1    
860:  0.429 0.049 0.023 0.488 0.011 1    
861:  0.079 0.547 0.117 0.186 0.071 1    
862:  0.157 0.518 0.100 0.199 0.027 1    
863:  0.047 0.019 0.035 0.882 0.017 1    
864:  0.455 0.033 0.023 0.477 0.012 1    
865:  0.265 0.035 0.025 0.664 0.011 1    
866:  0.134 0.291 0.067 0.449 0.059 1    
867:  0.200 0.215 0.037 0.529 0.020 1    
868:  0.070 0.373 0.215 0.128 0.215 1    
869:  0.108 0.406 0.110 0.069 0.307 1    
870:  0.202 0.285 0.036 0.066 0.410 1    
871:  0.346 0.427 0.053 0.042 0.132 1    
872:  0.438 0.159 0.031 0.073 0.298 1    
873:  0.226 0.342 0.104 0.039 0.290 1    
874:  0.486 0.055 0.157 0.102 0.200 1    
875:  0.306 0.327 0.055 0.091 0.221 1    
876:  0.039 0.839 0.022 0.022 0.078 1    
877:  0.028 0.854 0.013 0.040 0.065 1    
878:  0.031 0.901 0.034 0.025 0.009 1    
879:  0.042 0.870 0.025 0.048 0.015 1    
880:  0.057 0.844 0.058 0.022 0.020 1    
881:  0.009 0.960 0.013 0.010 0.008 1    
882:  0.199 0.321 0.417 0.036 0.026 1    
883:  0.167 0.178 0.123 0.461 0.072 1    
884:  0.235 0.097 0.359 0.193 0.117 1    
885:  0.098 0.357 0.235 0.096 0.213 1    
886:  0.085 0.091 0.724 0.053 0.047 1    
887:  0.045 0.075 0.838 0.020 0.022 1    
888:  0.279 0.166 0.404 0.072 0.079 1    
889:  0.029 0.604 0.047 0.249 0.070 1    
890:  0.316 0.271 0.217 0.166 0.030 1    
891:  0.790 0.018 0.013 0.020 0.159 1    
892:  0.432 0.096 0.104 0.063 0.305 1    
893:  0.881 0.030 0.015 0.045 0.029 1    
894:  0.767 0.020 0.014 0.054 0.146 1    
895:  0.914 0.021 0.017 0.020 0.029 1    
896:  0.763 0.057 0.030 0.029 0.121 1    
897:  0.259 0.131 0.089 0.241 0.280 1    
898:  0.179 0.030 0.516 0.056 0.219 1    
899:  0.755 0.067 0.018 0.043 0.117 1    
900:  0.713 0.046 0.016 0.074 0.151 1    
901:  0.869 0.027 0.016 0.035 0.053 1    
902:  0.723 0.091 0.024 0.015 0.147 1    
903:  0.817 0.014 0.011 0.046 0.113 1    
904:  0.913 0.018 0.009 0.014 0.047 1    
905:  0.702 0.030 0.049 0.036 0.183 1    
906:  0.398 0.058 0.143 0.047 0.354 1    
907:  0.196 0.105 0.041 0.074 0.584 1    
908:  0.552 0.088 0.143 0.019 0.199 1    
909:  0.194 0.095 0.608 0.039 0.064 1    
910:  0.886 0.027 0.031 0.013 0.043 1    
911:  0.445 0.094 0.325 0.123 0.013 1    
912:  0.515 0.073 0.179 0.216 0.017 1    
913:  0.460 0.042 0.207 0.272 0.020 1    
914:  0.442 0.274 0.210 0.062 0.012 1    
915:  0.326 0.067 0.359 0.233 0.015 1    
916:  0.354 0.136 0.123 0.371 0.015 1    
917:  0.317 0.229 0.133 0.303 0.017 1    
918:  0.021 0.040 0.899 0.021 0.019 1    
919:  0.019 0.030 0.922 0.017 0.012 1    
920:  0.114 0.077 0.268 0.505 0.036 1    
921:  0.013 0.018 0.933 0.028 0.008 1    
922:  0.011 0.020 0.937 0.010 0.022 1    
923:  0.026 0.191 0.696 0.066 0.022 1    
924:  0.316 0.154 0.348 0.127 0.055 1    
925:  0.087 0.016 0.808 0.067 0.022 1    
926:  0.043 0.097 0.745 0.088 0.027 1    
927:  0.010 0.034 0.923 0.011 0.021 1    
928:  0.347 0.506 0.025 0.107 0.016 1    
929:  0.026 0.162 0.018 0.748 0.046 1    
930:  0.037 0.085 0.015 0.750 0.114 1    
931:  0.029 0.287 0.018 0.625 0.041 1    
932:  0.090 0.061 0.008 0.813 0.029 1    
933:  0.046 0.074 0.018 0.723 0.138 1    
934:  0.021 0.153 0.010 0.799 0.016 1    
935:  0.014 0.280 0.009 0.657 0.040 1    
936:  0.010 0.018 0.948 0.017 0.008 1    
937:  0.012 0.027 0.932 0.016 0.014 1    
938:  0.018 0.055 0.903 0.013 0.012 1    
939:  0.034 0.076 0.863 0.016 0.011 1    
940:  0.011 0.019 0.949 0.011 0.010 1    
941:  0.141 0.259 0.184 0.097 0.319 1    
942:  0.297 0.335 0.169 0.108 0.090 1    
943:  0.196 0.280 0.207 0.055 0.261 1    
944:  0.190 0.624 0.096 0.043 0.047 1    
945:  0.115 0.148 0.204 0.476 0.057 1    
946:  0.067 0.138 0.063 0.711 0.021 1    
947:  0.599 0.230 0.051 0.094 0.026 1    
948:  0.082 0.140 0.077 0.466 0.235 1    
949:  0.210 0.325 0.424 0.027 0.014 1    
950:  0.372 0.441 0.112 0.050 0.025 1    
951:  0.040 0.013 0.549 0.390 0.009 1    
952:  0.023 0.020 0.870 0.072 0.015 1    
