      H105.1  1 0.0028 0.0026 0.9517 0.0018 0.0030 0.0032 0.0024 0.0027 0.0021 0.0025 0.0026 0.0042 0.0029 0.0024 0.0032 0.0020 0.0023 0.0038 0.0018 
      H105.2  1 0.0077 0.0034 0.9195 0.0053 0.0031 0.0027 0.0053 0.0064 0.0037 0.0040 0.0019 0.0095 0.0065 0.0026 0.0030 0.0029 0.0066 0.0028 0.0032 
      H105.3  1 0.0027 0.0023 0.9504 0.0023 0.0026 0.0022 0.0028 0.0019 0.0019 0.0024 0.0033 0.0025 0.0028 0.0023 0.0032 0.0024 0.0034 0.0055 0.0032 
      H105.4  1 0.0042 0.0030 0.9377 0.0019 0.0022 0.0022 0.0067 0.0028 0.0032 0.0041 0.0029 0.0035 0.0058 0.0024 0.0032 0.0039 0.0046 0.0031 0.0026 
      H105.5  1 0.0038 0.0040 0.9081 0.0023 0.0056 0.0036 0.0052 0.0077 0.0042 0.0046 0.0034 0.0090 0.0123 0.0061 0.0043 0.0024 0.0068 0.0035 0.0031 
      H105.6  1 0.0041 0.0040 0.9032 0.0026 0.0044 0.0032 0.0095 0.0031 0.0068 0.0088 0.0047 0.0042 0.0048 0.0093 0.0030 0.0057 0.0044 0.0061 0.0082 
      H105.7  1 0.0059 0.0030 0.8783 0.0053 0.0095 0.0037 0.0063 0.0063 0.0109 0.0039 0.0029 0.0094 0.0083 0.0057 0.0060 0.0031 0.0045 0.0188 0.0081 
      H105.8  1 0.0067 0.0027 0.9475 0.0032 0.0025 0.0019 0.0032 0.0023 0.0022 0.0023 0.0019 0.0034 0.0029 0.0025 0.0027 0.0028 0.0034 0.0031 0.0026 
      H115.1  1 0.0082 0.0040 0.0045 0.0081 0.0088 0.0077 0.0119 0.0039 0.0053 0.0036 0.0035 0.0045 0.0109 0.0114 0.0032 0.0037 0.8544 0.0081 0.0342 
      H115.2  1 0.0033 0.0033 0.0035 0.0098 0.0109 0.0045 0.0047 0.0046 0.0086 0.0027 0.0031 0.0047 0.0068 0.0308 0.0041 0.0031 0.8808 0.0052 0.0055 
      H115.3  1 0.0031 0.0033 0.0050 0.0060 0.0059 0.0071 0.0031 0.0023 0.0030 0.0051 0.0033 0.0035 0.0056 0.0103 0.0031 0.0035 0.9180 0.0065 0.0023 
      H115.4  1 0.0313 0.0023 0.0032 0.0076 0.0100 0.0104 0.0031 0.0103 0.0031 0.0080 0.0059 0.0186 0.0111 0.0044 0.0051 0.0060 0.8514 0.0038 0.0046 
      H115.5  1 0.0068 0.0031 0.0128 0.0064 0.0236 0.0318 0.0053 0.0056 0.0066 0.0112 0.0122 0.0054 0.0085 0.0189 0.0075 0.0071 0.8060 0.0055 0.0157 
      H115.6  1 0.0037 0.0077 0.0043 0.0314 0.0197 0.0157 0.0038 0.0055 0.0093 0.0210 0.0039 0.0071 0.0081 0.0292 0.0046 0.0028 0.8086 0.0106 0.0029 
      H115.7  1 0.0049 0.0065 0.0054 0.0092 0.0115 0.0071 0.0086 0.0086 0.0095 0.0063 0.0058 0.0072 0.0227 0.0114 0.0042 0.0040 0.8163 0.0118 0.0391 
      H115.8  1 0.0036 0.0035 0.0064 0.0092 0.0074 0.0091 0.0032 0.0048 0.0045 0.0026 0.0042 0.0052 0.0052 0.0119 0.0055 0.0017 0.9027 0.0053 0.0040 
      H115.9  1 0.0080 0.0031 0.0045 0.0060 0.0087 0.0068 0.0183 0.0038 0.0044 0.0032 0.0033 0.0057 0.0124 0.0792 0.0062 0.0030 0.8010 0.0127 0.0099 
      H145.1  1 0.0037 0.0078 0.0027 0.0133 0.0116 0.0051 0.0062 0.0043 0.0179 0.0081 0.8664 0.0032 0.0149 0.0108 0.0036 0.0051 0.0059 0.0068 0.0027 
      H145.2  1 0.0054 0.0046 0.0029 0.0087 0.0085 0.0065 0.0036 0.0023 0.0085 0.0062 0.9039 0.0036 0.0063 0.0059 0.0043 0.0058 0.0061 0.0044 0.0024 
      H145.3  1 0.0024 0.0025 0.0024 0.0170 0.0036 0.0024 0.0032 0.0022 0.0039 0.0020 0.9381 0.0018 0.0030 0.0021 0.0029 0.0030 0.0032 0.0022 0.0023 
      H145.4  1 0.0034 0.0053 0.0032 0.0039 0.0061 0.0043 0.0072 0.0046 0.0148 0.0048 0.9049 0.0033 0.0073 0.0048 0.0029 0.0032 0.0037 0.0093 0.0031 
      H145.5  1 0.0026 0.0045 0.0028 0.0299 0.0034 0.0027 0.0030 0.0027 0.0044 0.0022 0.9198 0.0024 0.0034 0.0028 0.0040 0.0019 0.0026 0.0026 0.0022 
      H145.6  1 0.0033 0.0044 0.0024 0.0047 0.0075 0.0042 0.0027 0.0022 0.0073 0.0081 0.9244 0.0033 0.0043 0.0026 0.0029 0.0042 0.0027 0.0063 0.0026 
      H145.7  1 0.0027 0.0030 0.0025 0.0036 0.0036 0.0054 0.0033 0.0020 0.0053 0.0046 0.9418 0.0030 0.0028 0.0020 0.0034 0.0025 0.0025 0.0043 0.0019 
      H149.1  1 0.0030 0.0033 0.0030 0.0050 0.0039 0.9377 0.0041 0.0034 0.0056 0.0032 0.0037 0.0036 0.0024 0.0024 0.0036 0.0030 0.0032 0.0028 0.0029 
      H149.2  1 0.0033 0.0037 0.0037 0.0049 0.0059 0.9218 0.0051 0.0022 0.0075 0.0039 0.0072 0.0054 0.0062 0.0029 0.0030 0.0035 0.0030 0.0046 0.0022 
      H149.3  1 0.0205 0.0061 0.0100 0.0116 0.0222 0.6828 0.0119 0.0153 0.0208 0.0075 0.0354 0.0162 0.0378 0.0042 0.0095 0.0107 0.0297 0.0447 0.0029 
      H149.4  1 0.0135 0.0034 0.0068 0.0076 0.0050 0.9098 0.0045 0.0043 0.0030 0.0040 0.0029 0.0051 0.0027 0.0039 0.0071 0.0033 0.0030 0.0059 0.0042 
      H149.5  1 0.0122 0.0054 0.0192 0.0046 0.0353 0.7315 0.0074 0.0137 0.0107 0.0068 0.0174 0.0325 0.0240 0.0022 0.0069 0.0103 0.0043 0.0523 0.0033 
      H149.6  1 0.0032 0.0033 0.0050 0.0040 0.0040 0.9208 0.0058 0.0040 0.0057 0.0039 0.0081 0.0047 0.0045 0.0022 0.0024 0.0034 0.0035 0.0080 0.0037 
      H149.7  1 0.0325 0.0070 0.0151 0.0102 0.0369 0.6861 0.0157 0.0478 0.0351 0.0086 0.0038 0.0127 0.0165 0.0048 0.0150 0.0038 0.0107 0.0328 0.0050 
      H150.1  1 0.0022 0.0035 0.0067 0.0067 0.0140 0.0024 0.0078 0.0037 0.0047 0.0051 0.0044 0.0057 0.0071 0.2326 0.0050 0.0020 0.6762 0.0061 0.0040 
      H150.2  1 0.0030 0.0036 0.0039 0.0085 0.0084 0.0053 0.0037 0.0062 0.0054 0.0072 0.0021 0.0058 0.0052 0.0752 0.0039 0.0032 0.8373 0.0056 0.0063 
      H150.3  1 0.0044 0.0094 0.0057 0.0429 0.0151 0.0052 0.0071 0.0166 0.0067 0.0070 0.0065 0.0047 0.0115 0.5855 0.0046 0.0026 0.2270 0.0085 0.0290 
      H150.4  1 0.0032 0.0057 0.0050 0.0057 0.0054 0.0023 0.0045 0.0082 0.0040 0.0061 0.0078 0.0035 0.0067 0.8147 0.0043 0.0016 0.0983 0.0060 0.0071 
      H150.5  1 0.0031 0.0051 0.0049 0.0056 0.0092 0.0043 0.0059 0.0072 0.0058 0.0073 0.0038 0.0056 0.0084 0.0439 0.0032 0.0024 0.8602 0.0103 0.0038 
      H150.6  1 0.0039 0.0098 0.0067 0.0065 0.0187 0.0025 0.0068 0.0085 0.0034 0.0083 0.0092 0.0201 0.0056 0.0132 0.0039 0.0031 0.8622 0.0047 0.0028 
      H150.7  1 0.0032 0.0030 0.0144 0.0306 0.0071 0.0039 0.0031 0.0041 0.0039 0.0061 0.0049 0.0104 0.0077 0.5821 0.0065 0.0021 0.2964 0.0045 0.0058 
   H169607.1  1 0.0108 0.0062 0.0024 0.0125 0.0072 0.0049 0.0034 0.0049 0.0045 0.0085 0.0074 0.0041 0.8965 0.0082 0.0029 0.0031 0.0051 0.0036 0.0037 
   H169607.2  1 0.0022 0.0027 0.0040 0.0047 0.0030 0.0023 0.0033 0.0042 0.0040 0.0070 0.0033 0.0038 0.9302 0.0062 0.0059 0.0028 0.0033 0.0036 0.0036 
   H169607.3  1 0.0058 0.0036 0.0059 0.0089 0.0053 0.0041 0.0042 0.0043 0.0056 0.0058 0.0138 0.0071 0.9017 0.0049 0.0033 0.0034 0.0060 0.0040 0.0024 
   H169607.4  1 0.0019 0.0061 0.0031 0.0062 0.0035 0.0026 0.0028 0.0026 0.0027 0.0079 0.0044 0.0021 0.9356 0.0046 0.0035 0.0027 0.0023 0.0035 0.0020 
   H169607.5  1 0.0026 0.0030 0.0021 0.0030 0.0027 0.0026 0.0025 0.0031 0.0049 0.0026 0.0033 0.0028 0.9436 0.0055 0.0030 0.0039 0.0033 0.0029 0.0026 
   H169607.6  1 0.0032 0.0031 0.0051 0.0047 0.0028 0.0023 0.0022 0.0023 0.0032 0.0052 0.0028 0.0032 0.9399 0.0043 0.0036 0.0037 0.0031 0.0025 0.0026 
   H169607.7  1 0.0079 0.0034 0.0051 0.0041 0.0050 0.0031 0.0020 0.0066 0.0045 0.0054 0.0044 0.0045 0.9171 0.0046 0.0035 0.0030 0.0098 0.0032 0.0028 
   H169607.8  1 0.0024 0.0057 0.0030 0.0042 0.0039 0.0021 0.0026 0.0035 0.0038 0.0036 0.0031 0.0028 0.9340 0.0057 0.0058 0.0034 0.0028 0.0043 0.0033 
   H169633.1  1 0.0034 0.0055 0.0049 0.0047 0.0066 0.8561 0.0044 0.0269 0.0057 0.0112 0.0155 0.0073 0.0030 0.0071 0.0035 0.0053 0.0041 0.0071 0.0179 
   H169633.2  1 0.0074 0.0053 0.0117 0.0024 0.0502 0.7463 0.0096 0.0162 0.0043 0.0875 0.0163 0.0098 0.0024 0.0025 0.0040 0.0069 0.0075 0.0036 0.0062 
   H169633.3  1 0.0055 0.0052 0.0035 0.0049 0.0089 0.8551 0.0077 0.0053 0.0306 0.0076 0.0049 0.0062 0.0038 0.0071 0.0086 0.0077 0.0081 0.0073 0.0121 
   H169633.4  1 0.0032 0.0073 0.0045 0.0045 0.0063 0.8793 0.0043 0.0031 0.0202 0.0044 0.0065 0.0054 0.0066 0.0066 0.0046 0.0075 0.0064 0.0094 0.0098 
   H169633.5  1 0.0047 0.0107 0.0040 0.0046 0.0093 0.8669 0.0054 0.0029 0.0212 0.0041 0.0082 0.0068 0.0058 0.0094 0.0055 0.0060 0.0043 0.0077 0.0124 
   H169688.1  1 0.0059 0.0066 0.0041 0.0240 0.0077 0.0058 0.0049 0.8213 0.0158 0.0053 0.0064 0.0164 0.0101 0.0079 0.0099 0.0120 0.0036 0.0040 0.0282 
   H169688.2  1 0.0057 0.0046 0.0065 0.0025 0.0051 0.0028 0.0098 0.9177 0.0063 0.0056 0.0030 0.0065 0.0033 0.0023 0.0053 0.0031 0.0025 0.0035 0.0038 
   H169688.3  1 0.0029 0.0035 0.0029 0.0022 0.0038 0.0027 0.0052 0.9455 0.0031 0.0035 0.0024 0.0031 0.0026 0.0033 0.0022 0.0018 0.0024 0.0041 0.0028 
   H169688.4  1 0.0021 0.0022 0.0019 0.0029 0.0034 0.0023 0.0039 0.9501 0.0024 0.0021 0.0031 0.0030 0.0034 0.0040 0.0020 0.0020 0.0042 0.0027 0.0022 
   H169688.5  1 0.0025 0.0025 0.0020 0.0024 0.0032 0.0028 0.0040 0.9496 0.0026 0.0023 0.0024 0.0026 0.0036 0.0041 0.0018 0.0024 0.0040 0.0025 0.0025 
   H169688.6  1 0.0381 0.0030 0.0023 0.0032 0.0047 0.0080 0.0034 0.8972 0.0044 0.0026 0.0029 0.0064 0.0030 0.0031 0.0038 0.0044 0.0024 0.0027 0.0044 
   H169688.7  1 0.0039 0.0057 0.0046 0.0104 0.0072 0.0044 0.0092 0.8865 0.0061 0.0053 0.0140 0.0042 0.0034 0.0056 0.0107 0.0022 0.0106 0.0035 0.0025 
   H171901.1  1 0.0057 0.0066 0.0547 0.0068 0.3546 0.0098 0.0065 0.0157 0.1194 0.0129 0.0258 0.0450 0.1390 0.0226 0.0070 0.0023 0.1054 0.0267 0.0336 
   H171901.2  1 0.0028 0.0255 0.0824 0.0051 0.0234 0.7214 0.0041 0.0055 0.0153 0.0168 0.0062 0.0090 0.0215 0.0210 0.0119 0.0033 0.0143 0.0071 0.0034 
   H171901.3  1 0.0062 0.0160 0.0126 0.0068 0.0617 0.6294 0.0060 0.0199 0.0230 0.0314 0.0041 0.0139 0.0690 0.0226 0.0101 0.0070 0.0366 0.0097 0.0140 
   H171901.4  1 0.0062 0.0155 0.0659 0.0060 0.0244 0.7144 0.0061 0.0053 0.0090 0.0393 0.0045 0.0070 0.0293 0.0138 0.0087 0.0053 0.0276 0.0071 0.0048 
   H171901.5  1 0.0126 0.0356 0.0382 0.0156 0.0451 0.5275 0.0105 0.0061 0.0061 0.1403 0.0048 0.0243 0.0272 0.0160 0.0096 0.0061 0.0655 0.0062 0.0027 
   H171901.6  1 0.0121 0.0142 0.0137 0.0203 0.0781 0.3102 0.0131 0.0082 0.0445 0.2914 0.0072 0.0552 0.0224 0.0302 0.0135 0.0081 0.0478 0.0052 0.0046 
   H171901.7  1 0.0091 0.0060 0.0045 0.0058 0.0384 0.3196 0.0077 0.0407 0.3586 0.0348 0.0067 0.0771 0.0160 0.0112 0.0250 0.0114 0.0146 0.0058 0.0072 
   H171902.1  1 0.0042 0.0029 0.0019 0.9385 0.0044 0.0042 0.0027 0.0035 0.0036 0.0055 0.0031 0.0037 0.0038 0.0029 0.0035 0.0031 0.0037 0.0026 0.0021 
  H171902.10  1 0.0038 0.0036 0.0030 0.9411 0.0036 0.0038 0.0019 0.0035 0.0039 0.0023 0.0031 0.0043 0.0047 0.0029 0.0036 0.0018 0.0043 0.0026 0.0021 
   H171902.2  1 0.0060 0.0028 0.0028 0.9140 0.0075 0.0091 0.0028 0.0060 0.0039 0.0101 0.0032 0.0038 0.0048 0.0038 0.0043 0.0024 0.0045 0.0026 0.0055 
   H171902.3  1 0.0034 0.0032 0.0027 0.9202 0.0046 0.0130 0.0033 0.0046 0.0034 0.0088 0.0024 0.0041 0.0044 0.0046 0.0031 0.0032 0.0056 0.0028 0.0030 
   H171902.4  1 0.0026 0.0029 0.0025 0.9379 0.0043 0.0122 0.0032 0.0029 0.0034 0.0027 0.0037 0.0031 0.0026 0.0025 0.0029 0.0022 0.0035 0.0026 0.0024 
   H171902.6  1 0.0030 0.0031 0.0024 0.9467 0.0035 0.0043 0.0024 0.0021 0.0031 0.0028 0.0029 0.0044 0.0027 0.0035 0.0031 0.0024 0.0032 0.0023 0.0020 
   H171902.7  1 0.0038 0.0046 0.0075 0.8837 0.0056 0.0079 0.0036 0.0039 0.0150 0.0035 0.0046 0.0042 0.0322 0.0028 0.0045 0.0021 0.0058 0.0028 0.0017 
   H171902.8  1 0.0033 0.0035 0.0024 0.9322 0.0043 0.0054 0.0025 0.0029 0.0042 0.0055 0.0035 0.0049 0.0047 0.0057 0.0031 0.0022 0.0042 0.0026 0.0029 
   H171902.9  1 0.0026 0.0033 0.0027 0.9395 0.0037 0.0030 0.0030 0.0022 0.0031 0.0033 0.0036 0.0025 0.0053 0.0063 0.0032 0.0029 0.0042 0.0033 0.0025 
   H171903.1  1 0.0031 0.0040 0.0059 0.0033 0.0075 0.0034 0.0038 0.0068 0.0102 0.0038 0.0033 0.0048 0.8911 0.0138 0.0037 0.0050 0.0177 0.0047 0.0039 
   H171903.2  1 0.0055 0.0076 0.0417 0.0032 0.0201 0.0029 0.0108 0.0053 0.0199 0.0080 0.0061 0.0070 0.7916 0.0242 0.0074 0.0111 0.0152 0.0097 0.0026 
   H171903.3  1 0.0044 0.0234 0.0643 0.0046 0.0910 0.0058 0.0228 0.0136 0.1045 0.0121 0.0034 0.0087 0.5755 0.0150 0.0072 0.0203 0.0104 0.0080 0.0051 
   H171903.4  1 0.0035 0.0096 0.0067 0.0227 0.0202 0.0054 0.0046 0.0811 0.0354 0.0064 0.0044 0.0045 0.7482 0.0096 0.0038 0.0028 0.0205 0.0067 0.0039 
   H171903.5  1 0.0053 0.0040 0.0330 0.0070 0.1140 0.0143 0.0134 0.0767 0.0175 0.0119 0.0075 0.0212 0.6067 0.0287 0.0058 0.0062 0.0171 0.0048 0.0046 
   H171903.6  1 0.0038 0.0028 0.0033 0.0050 0.0049 0.0101 0.0047 0.1448 0.0111 0.0032 0.0024 0.0048 0.7617 0.0088 0.0037 0.0065 0.0115 0.0044 0.0023 
      H177.1  1 0.0276 0.0573 0.0037 0.0082 0.0489 0.0158 0.0070 0.0130 0.5150 0.0043 0.0052 0.0720 0.0118 0.0156 0.1499 0.0099 0.0227 0.0048 0.0070 
      H177.2  1 0.0373 0.0417 0.0043 0.0051 0.1370 0.0293 0.0141 0.0066 0.0437 0.0064 0.1521 0.1937 0.0716 0.0113 0.2043 0.0066 0.0218 0.0102 0.0031 
      H177.3  1 0.0276 0.0373 0.0041 0.0118 0.0712 0.0514 0.0083 0.0083 0.2657 0.0056 0.0529 0.1451 0.0825 0.0192 0.1519 0.0167 0.0270 0.0110 0.0026 
      H177.4  1 0.2574 0.0052 0.0077 0.0066 0.0123 0.0076 0.0039 0.0034 0.4677 0.0063 0.0074 0.0302 0.0089 0.0037 0.1312 0.0250 0.0043 0.0092 0.0018 
      H177.5  1 0.0459 0.0301 0.0060 0.0065 0.1342 0.0080 0.0164 0.0216 0.4498 0.0186 0.0131 0.0226 0.0110 0.0099 0.1605 0.0062 0.0229 0.0141 0.0026 
      H177.6  1 0.0352 0.0344 0.0042 0.0166 0.0807 0.1167 0.0069 0.0102 0.2825 0.0089 0.0239 0.1262 0.0356 0.0229 0.1578 0.0083 0.0201 0.0063 0.0026 
      H179.1  1 0.8188 0.0064 0.0077 0.0038 0.0073 0.0044 0.0449 0.0215 0.0128 0.0106 0.0025 0.0049 0.0045 0.0135 0.0064 0.0024 0.0079 0.0092 0.0106 
      H179.2  1 0.7890 0.0107 0.0070 0.0064 0.0228 0.0036 0.0479 0.0226 0.0080 0.0157 0.0023 0.0110 0.0059 0.0062 0.0041 0.0199 0.0096 0.0046 0.0025 
      H179.3  1 0.6787 0.0055 0.0039 0.0051 0.0189 0.0043 0.0143 0.1364 0.0218 0.0125 0.0029 0.0084 0.0209 0.0244 0.0052 0.0050 0.0158 0.0087 0.0074 
      H179.4  1 0.6451 0.0284 0.0060 0.0049 0.0287 0.0131 0.0167 0.0301 0.0394 0.0660 0.0045 0.0091 0.0153 0.0043 0.0096 0.0622 0.0056 0.0058 0.0050 
      H180.1  1 0.0185 0.0039 0.0046 0.0060 0.0059 0.0031 0.0045 0.0042 0.0028 0.0058 0.0024 0.0240 0.0036 0.0048 0.0040 0.0029 0.8894 0.0037 0.0058 
      H180.2  1 0.0055 0.0022 0.0036 0.0029 0.0056 0.0024 0.0058 0.0040 0.0037 0.0037 0.0027 0.0057 0.0029 0.0039 0.0039 0.0031 0.9283 0.0026 0.0076 
      H180.3  1 0.0048 0.0022 0.0033 0.0037 0.0077 0.0048 0.0055 0.0056 0.0038 0.0055 0.0068 0.0042 0.0052 0.0117 0.0054 0.0046 0.9079 0.0026 0.0045 
      H180.4  1 0.0085 0.0038 0.0054 0.0055 0.0045 0.0042 0.0040 0.0022 0.0037 0.0057 0.0027 0.0118 0.0041 0.0039 0.0052 0.0037 0.9104 0.0039 0.0066 
      H180.5  1 0.0074 0.0029 0.0022 0.0037 0.0052 0.0037 0.0026 0.0037 0.0049 0.0042 0.0037 0.0104 0.0031 0.0032 0.0055 0.0034 0.9232 0.0031 0.0038 
      H180.6  1 0.0064 0.0026 0.0051 0.0046 0.0063 0.0122 0.0047 0.0030 0.0074 0.0081 0.0181 0.0043 0.0052 0.0052 0.0132 0.0033 0.8830 0.0031 0.0041 
      H181.1  1 0.0043 0.0030 0.0094 0.0039 0.0065 0.0118 0.0032 0.0036 0.0043 0.0033 0.0038 0.9084 0.0095 0.0030 0.0060 0.0038 0.0061 0.0030 0.0033 
      H181.2  1 0.0068 0.0052 0.0030 0.0060 0.0041 0.0045 0.0053 0.0032 0.0050 0.0069 0.0073 0.9158 0.0033 0.0025 0.0075 0.0031 0.0040 0.0028 0.0038 
      H181.3  1 0.0033 0.0040 0.0047 0.0065 0.0049 0.0077 0.0022 0.0039 0.0036 0.0044 0.0040 0.9214 0.0039 0.0043 0.0061 0.0023 0.0047 0.0032 0.0049 
      H181.4  1 0.0044 0.0055 0.0075 0.0045 0.0326 0.0161 0.0057 0.0046 0.0051 0.0089 0.0067 0.8291 0.0078 0.0132 0.0225 0.0044 0.0107 0.0064 0.0043 
      H181.5  1 0.0126 0.0031 0.0067 0.0057 0.0056 0.0033 0.0076 0.0036 0.0042 0.0029 0.0025 0.9155 0.0027 0.0037 0.0046 0.0036 0.0032 0.0049 0.0040 
      H181.6  1 0.0383 0.0035 0.0048 0.0045 0.0074 0.0037 0.0070 0.0032 0.0062 0.0087 0.0036 0.8749 0.0044 0.0053 0.0038 0.0053 0.0086 0.0038 0.0030 
      H181.7  1 0.0174 0.0029 0.0098 0.0041 0.0047 0.0035 0.0041 0.0035 0.0042 0.0038 0.0029 0.9097 0.0060 0.0031 0.0042 0.0067 0.0029 0.0041 0.0024 
 H194.1_2004  1 0.0022 0.0026 0.0020 0.0040 0.0076 0.0055 0.0047 0.0046 0.9260 0.0059 0.0046 0.0025 0.0067 0.0048 0.0038 0.0030 0.0031 0.0037 0.0029 
 H194.2_2004  1 0.0019 0.0031 0.0029 0.0037 0.0055 0.0031 0.0027 0.0028 0.9326 0.0041 0.0058 0.0033 0.0101 0.0036 0.0041 0.0023 0.0029 0.0025 0.0029 
 H194.3_2004  1 0.0054 0.0086 0.0032 0.0043 0.0070 0.0207 0.0471 0.0050 0.8462 0.0116 0.0059 0.0074 0.0048 0.0033 0.0056 0.0042 0.0034 0.0040 0.0024 
 H194.4_2004  1 0.0038 0.0045 0.0036 0.0035 0.0041 0.0074 0.0035 0.0029 0.9202 0.0060 0.0127 0.0048 0.0038 0.0031 0.0049 0.0037 0.0025 0.0023 0.0027 
 H194.5_2004  1 0.0043 0.0102 0.0035 0.0051 0.0095 0.0111 0.0158 0.0046 0.8740 0.0139 0.0058 0.0052 0.0077 0.0041 0.0104 0.0047 0.0030 0.0043 0.0029 
 H194.6_2004  1 0.0061 0.0065 0.0031 0.0107 0.0084 0.0112 0.0289 0.0053 0.8559 0.0089 0.0057 0.0053 0.0072 0.0045 0.0115 0.0102 0.0041 0.0037 0.0029 
 H194.7_2004  1 0.0020 0.0022 0.0037 0.0024 0.0040 0.0034 0.0031 0.0045 0.9423 0.0030 0.0028 0.0030 0.0047 0.0032 0.0047 0.0021 0.0023 0.0031 0.0035 
 H194.8_2004  1 0.0027 0.0055 0.0048 0.0058 0.0063 0.0056 0.0056 0.0030 0.9062 0.0113 0.0054 0.0042 0.0064 0.0060 0.0060 0.0057 0.0022 0.0029 0.0044 
      H194.9  1 0.0023 0.0027 0.0027 0.0035 0.0047 0.0037 0.0028 0.0025 0.9325 0.0056 0.0048 0.0038 0.0042 0.0044 0.0055 0.0033 0.0033 0.0031 0.0047 
 H195.1_2003  1 0.0022 0.0038 0.0022 0.0029 0.0036 0.0028 0.0031 0.0023 0.0041 0.9471 0.0046 0.0022 0.0029 0.0022 0.0036 0.0026 0.0028 0.0020 0.0029 
 H195.1_2004  1 0.0021 0.0076 0.0020 0.0033 0.0045 0.0082 0.0026 0.0034 0.0038 0.0057 0.9280 0.0052 0.0027 0.0025 0.0037 0.0034 0.0047 0.0042 0.0024 
 H195.2_2003  1 0.0029 0.0095 0.0085 0.0103 0.0162 0.0043 0.0033 0.0754 0.0080 0.7680 0.0262 0.0072 0.0125 0.0097 0.0211 0.0052 0.0040 0.0045 0.0035 
 H195.2_2004  1 0.0034 0.0059 0.0028 0.0031 0.0049 0.0068 0.0031 0.0095 0.0050 0.0518 0.8753 0.0033 0.0025 0.0032 0.0062 0.0023 0.0046 0.0035 0.0028 
 H195.3_2003  1 0.0035 0.0102 0.0164 0.0041 0.0580 0.0023 0.0104 0.0343 0.0074 0.6920 0.0197 0.0128 0.0246 0.0556 0.0215 0.0046 0.0074 0.0078 0.0074 
 H195.3_2004  1 0.0032 0.0075 0.0036 0.0055 0.0053 0.0157 0.0028 0.0028 0.0078 0.0676 0.8476 0.0067 0.0035 0.0026 0.0038 0.0039 0.0031 0.0034 0.0035 
 H195.4_2003  1 0.0031 0.0033 0.0025 0.0028 0.0067 0.0068 0.0028 0.0023 0.0040 0.8916 0.0468 0.0029 0.0030 0.0023 0.0039 0.0057 0.0025 0.0049 0.0021 
 H195.4_2004  1 0.0036 0.0041 0.0019 0.0038 0.0045 0.0055 0.0032 0.0069 0.0059 0.0091 0.9247 0.0040 0.0035 0.0023 0.0037 0.0050 0.0026 0.0026 0.0032 
 H195.5_2003  1 0.0026 0.0126 0.0028 0.0031 0.0055 0.0056 0.0028 0.0019 0.0039 0.9153 0.0060 0.0029 0.0027 0.0038 0.0027 0.0048 0.0061 0.0060 0.0089 
 H195.5_2004  1 0.0032 0.0048 0.0026 0.0027 0.0036 0.0044 0.0028 0.0030 0.0041 0.0053 0.9357 0.0044 0.0025 0.0030 0.0031 0.0036 0.0033 0.0029 0.0051 
 H195.6_2003  1 0.0026 0.0059 0.0051 0.0096 0.0149 0.0037 0.0032 0.0158 0.0035 0.5862 0.2856 0.0058 0.0155 0.0158 0.0085 0.0042 0.0046 0.0069 0.0026 
 H195.6_2004  1 0.0037 0.0059 0.0049 0.0036 0.0045 0.0036 0.0056 0.0046 0.0056 0.0308 0.9007 0.0033 0.0038 0.0021 0.0043 0.0042 0.0024 0.0027 0.0036 
 H195.7_2003  1 0.0029 0.0040 0.0046 0.0027 0.0075 0.0038 0.0041 0.0421 0.0088 0.8159 0.0649 0.0068 0.0070 0.0026 0.0058 0.0058 0.0026 0.0050 0.0030 
 H195.7_2004  1 0.0021 0.0040 0.0020 0.0028 0.0035 0.0024 0.0023 0.0063 0.0025 0.0075 0.9356 0.0038 0.0030 0.0040 0.0034 0.0028 0.0060 0.0030 0.0031 
      H195.8  1 0.0020 0.0038 0.0022 0.0028 0.0025 0.0028 0.0021 0.0036 0.0037 0.0031 0.9446 0.0036 0.0032 0.0026 0.0029 0.0042 0.0040 0.0029 0.0034 
      H195.9  1 0.0032 0.0077 0.0025 0.0036 0.0047 0.0087 0.0038 0.0049 0.0081 0.0266 0.8948 0.0040 0.0052 0.0026 0.0053 0.0049 0.0041 0.0028 0.0021 
      H415.1  1 0.0053 0.0108 0.0054 0.0106 0.3107 0.0215 0.0085 0.0131 0.0241 0.4621 0.0094 0.0084 0.0048 0.0427 0.0069 0.0022 0.0412 0.0052 0.0072 
      H415.2  1 0.0213 0.0166 0.0069 0.2927 0.3785 0.0066 0.0682 0.0092 0.0231 0.0291 0.0050 0.0085 0.0176 0.0181 0.0313 0.0029 0.0126 0.0485 0.0032 
      H415.3  1 0.0573 0.0056 0.0041 0.0081 0.3397 0.0209 0.0065 0.0066 0.0068 0.4744 0.0035 0.0161 0.0031 0.0043 0.0148 0.0037 0.0069 0.0142 0.0032 
      H415.4  1 0.0024 0.0062 0.0048 0.0057 0.3367 0.0062 0.0091 0.0033 0.0061 0.5629 0.0057 0.0039 0.0036 0.0122 0.0034 0.0025 0.0189 0.0040 0.0023 
      H415.5  1 0.0058 0.0042 0.0034 0.0149 0.3391 0.0138 0.0177 0.0042 0.0051 0.5508 0.0039 0.0106 0.0026 0.0032 0.0049 0.0041 0.0061 0.0034 0.0021 
      H415.6  1 0.0028 0.0087 0.0046 0.0069 0.3172 0.0098 0.0218 0.0029 0.0060 0.5626 0.0037 0.0040 0.0033 0.0126 0.0035 0.0022 0.0216 0.0036 0.0025 
      H415.7  1 0.0495 0.0296 0.0053 0.1238 0.4270 0.0238 0.0096 0.0111 0.0344 0.1706 0.0090 0.0077 0.0256 0.0098 0.0151 0.0100 0.0052 0.0302 0.0026 
      H506.1  1 0.9468 0.0023 0.0027 0.0025 0.0022 0.0038 0.0062 0.0020 0.0024 0.0029 0.0027 0.0038 0.0021 0.0020 0.0036 0.0032 0.0026 0.0037 0.0025 
      H506.2  1 0.9370 0.0029 0.0033 0.0027 0.0031 0.0041 0.0041 0.0020 0.0031 0.0035 0.0081 0.0058 0.0034 0.0021 0.0044 0.0032 0.0024 0.0026 0.0023 
      H506.3  1 0.8847 0.0049 0.0039 0.0030 0.0076 0.0044 0.0122 0.0147 0.0038 0.0036 0.0061 0.0210 0.0048 0.0034 0.0069 0.0034 0.0048 0.0046 0.0023 
      H506.4  1 0.9215 0.0028 0.0026 0.0047 0.0054 0.0054 0.0031 0.0037 0.0037 0.0045 0.0029 0.0047 0.0048 0.0034 0.0041 0.0095 0.0057 0.0052 0.0024 
      H506.5  1 0.9357 0.0051 0.0030 0.0034 0.0042 0.0041 0.0036 0.0022 0.0030 0.0058 0.0037 0.0036 0.0035 0.0027 0.0041 0.0049 0.0025 0.0032 0.0019 
      H506.6  1 0.8284 0.0158 0.0030 0.0039 0.0109 0.0031 0.0045 0.0104 0.0057 0.0124 0.0272 0.0130 0.0156 0.0048 0.0199 0.0082 0.0047 0.0060 0.0026 
      H506.7  1 0.9438 0.0030 0.0027 0.0029 0.0033 0.0046 0.0038 0.0023 0.0027 0.0042 0.0044 0.0045 0.0030 0.0014 0.0029 0.0032 0.0025 0.0026 0.0022 
      H533.1  1 0.9237 0.0021 0.0084 0.0023 0.0042 0.0098 0.0042 0.0023 0.0025 0.0026 0.0030 0.0116 0.0032 0.0019 0.0029 0.0034 0.0061 0.0024 0.0033 
      H533.2  1 0.9139 0.0029 0.0090 0.0023 0.0044 0.0104 0.0050 0.0026 0.0024 0.0029 0.0033 0.0184 0.0028 0.0018 0.0033 0.0040 0.0055 0.0025 0.0027 
      H533.3  1 0.9369 0.0022 0.0034 0.0020 0.0044 0.0056 0.0051 0.0025 0.0032 0.0022 0.0032 0.0036 0.0081 0.0028 0.0043 0.0026 0.0030 0.0031 0.0020 
      H533.4  1 0.8615 0.0048 0.0043 0.0037 0.0096 0.0109 0.0022 0.0031 0.0144 0.0114 0.0183 0.0076 0.0170 0.0049 0.0058 0.0090 0.0046 0.0033 0.0037 
      H535.1  1 0.0036 0.0029 0.0024 0.0037 0.0033 0.0035 0.0028 0.0019 0.0030 0.0036 0.0024 0.0036 0.0035 0.0031 0.0026 0.9466 0.0026 0.0020 0.0029 
      H535.2  1 0.0031 0.0029 0.0032 0.0020 0.0026 0.0027 0.0034 0.0024 0.0031 0.0020 0.0038 0.0045 0.0029 0.0019 0.0039 0.9476 0.0021 0.0035 0.0025 
      H535.3  1 0.0036 0.0028 0.0026 0.0025 0.0029 0.0021 0.0037 0.0019 0.0026 0.0027 0.0028 0.0043 0.0028 0.0021 0.0029 0.9485 0.0028 0.0029 0.0034 
      H535.4  1 0.0034 0.0033 0.0022 0.0025 0.0030 0.0041 0.0031 0.0019 0.0029 0.0037 0.0029 0.0024 0.0028 0.0020 0.0023 0.9497 0.0026 0.0025 0.0026 
      H535.5  1 0.0025 0.0026 0.0025 0.0024 0.0028 0.0034 0.0027 0.0020 0.0030 0.0040 0.0024 0.0022 0.0027 0.0026 0.0024 0.9533 0.0024 0.0021 0.0020 
      H535.6  1 0.0027 0.0023 0.0026 0.0064 0.0051 0.0022 0.0044 0.0022 0.0043 0.0065 0.0031 0.0053 0.0057 0.0056 0.0037 0.9298 0.0030 0.0020 0.0031 
      H535.7  1 0.0035 0.0021 0.0025 0.0021 0.0025 0.0028 0.0024 0.0023 0.0023 0.0023 0.0021 0.0020 0.0026 0.0018 0.0020 0.9590 0.0019 0.0020 0.0018 
      H535.8  1 0.0022 0.0029 0.0036 0.0020 0.0029 0.0024 0.0034 0.0025 0.0031 0.0044 0.0023 0.0036 0.0035 0.0027 0.0030 0.9496 0.0021 0.0020 0.0019 
      H535.9  1 0.0030 0.0025 0.0021 0.0031 0.0027 0.0028 0.0029 0.0019 0.0031 0.0028 0.0022 0.0032 0.0037 0.0032 0.0029 0.9488 0.0035 0.0023 0.0032 
      H539.1  1 0.0020 0.0023 0.0024 0.0052 0.0030 0.0022 0.0020 0.0020 0.0029 0.0028 0.0026 0.0022 0.0048 0.9482 0.0028 0.0019 0.0059 0.0024 0.0027 
      H539.2  1 0.0043 0.0135 0.0028 0.0041 0.0319 0.0045 0.0058 0.0299 0.0141 0.0082 0.0062 0.0055 0.0629 0.6577 0.0078 0.0126 0.0955 0.0055 0.0273 
      H539.3  1 0.0035 0.0075 0.0037 0.0061 0.0059 0.0034 0.0051 0.0079 0.0221 0.0106 0.0048 0.0031 0.0192 0.8503 0.0049 0.0123 0.0165 0.0035 0.0096 
      H539.4  1 0.0030 0.0051 0.0038 0.0039 0.0063 0.0034 0.0050 0.0059 0.0032 0.0031 0.0034 0.0045 0.0049 0.8843 0.0039 0.0029 0.0462 0.0037 0.0034 
      H539.5  1 0.0022 0.0024 0.0024 0.0033 0.0031 0.0027 0.0026 0.0025 0.0043 0.0019 0.0027 0.0024 0.0040 0.9456 0.0043 0.0031 0.0052 0.0022 0.0032 
      H539.6  1 0.0027 0.0027 0.0027 0.0052 0.0042 0.0024 0.0023 0.0031 0.0034 0.0030 0.0040 0.0030 0.0062 0.9347 0.0039 0.0025 0.0085 0.0022 0.0035 
      H539.7  1 0.0025 0.0025 0.0020 0.0045 0.0047 0.0024 0.0031 0.0052 0.0040 0.0043 0.0026 0.0031 0.0044 0.9303 0.0027 0.0030 0.0109 0.0031 0.0047 
      H539.8  1 0.0052 0.0077 0.0039 0.0056 0.0075 0.0040 0.0069 0.0167 0.0143 0.0113 0.0037 0.0040 0.0103 0.7743 0.0059 0.0235 0.0684 0.0043 0.0225 
      H539.9  1 0.0034 0.0037 0.0048 0.0023 0.0041 0.0021 0.0045 0.0049 0.0027 0.0024 0.0027 0.0030 0.0049 0.9318 0.0024 0.0021 0.0117 0.0037 0.0029 
      H540.1  1 0.0040 0.0037 0.0034 0.0050 0.0061 0.0037 0.0040 0.0031 0.0058 0.0037 0.0088 0.0095 0.0656 0.8521 0.0062 0.0038 0.0048 0.0047 0.0020 
      H540.2  1 0.0034 0.0043 0.0028 0.0039 0.0065 0.0035 0.0047 0.0047 0.0038 0.0031 0.0040 0.0047 0.0079 0.9239 0.0058 0.0024 0.0035 0.0042 0.0030 
      H540.3  1 0.0040 0.0135 0.0043 0.0058 0.0320 0.0223 0.0086 0.0082 0.0268 0.0084 0.0159 0.0064 0.0094 0.7930 0.0061 0.0048 0.0130 0.0054 0.0120 
      H540.4  1 0.0042 0.0043 0.0029 0.0061 0.0121 0.0034 0.0045 0.0101 0.0038 0.0043 0.0047 0.0167 0.0150 0.8594 0.0041 0.0049 0.0203 0.0111 0.0080 
      H540.5  1 0.0030 0.0075 0.0040 0.0047 0.0058 0.0042 0.0064 0.0081 0.0059 0.0031 0.0027 0.0066 0.0045 0.9113 0.0074 0.0023 0.0032 0.0052 0.0042 
      H540.6  1 0.0058 0.0081 0.0050 0.0061 0.0106 0.0050 0.0055 0.0107 0.0053 0.0032 0.0072 0.0297 0.0349 0.8324 0.0076 0.0046 0.0037 0.0106 0.0042 
      H540.7  1 0.0073 0.0056 0.0021 0.0065 0.0192 0.0138 0.0046 0.0054 0.0097 0.0078 0.0043 0.0141 0.0072 0.8472 0.0176 0.0033 0.0089 0.0094 0.0061 
      H540.8  1 0.0038 0.0027 0.0026 0.0092 0.0081 0.0083 0.0040 0.0054 0.0379 0.0052 0.0040 0.0105 0.0393 0.8350 0.0058 0.0051 0.0064 0.0031 0.0036 
     H9558.1  1 0.0045 0.0026 0.0082 0.0081 0.0040 0.0019 0.0026 0.0049 0.0032 0.0057 0.0028 0.0049 0.0045 0.9246 0.0023 0.0066 0.0026 0.0020 0.0039 
     H9558.2  1 0.0101 0.0062 0.0158 0.0096 0.0102 0.0048 0.0060 0.0061 0.0109 0.0142 0.0026 0.0230 0.0048 0.8376 0.0120 0.0103 0.0034 0.0069 0.0055 
     H9558.3  1 0.0027 0.0078 0.0464 0.0035 0.0063 0.0025 0.0065 0.0045 0.0057 0.0045 0.0023 0.0069 0.0040 0.8563 0.0112 0.0060 0.0040 0.0090 0.0099 
     H9558.4  1 0.0043 0.0027 0.0046 0.0040 0.0040 0.0018 0.0025 0.0065 0.0040 0.0034 0.0021 0.0035 0.0049 0.9319 0.0031 0.0067 0.0027 0.0025 0.0048 
     H9558.5  1 0.0030 0.0045 0.0038 0.0023 0.0040 0.0029 0.0035 0.0079 0.0021 0.0025 0.0016 0.0035 0.0029 0.9269 0.0045 0.0071 0.0062 0.0044 0.0065 
     H9558.6  1 0.0040 0.0040 0.0196 0.0042 0.0161 0.0035 0.0055 0.0028 0.0070 0.0067 0.0024 0.0044 0.0035 0.8930 0.0039 0.0060 0.0038 0.0037 0.0060 
    kos339.1  1 0.0254 0.0040 0.0051 0.0075 0.0122 0.8466 0.0041 0.0030 0.0031 0.0035 0.0022 0.0089 0.0064 0.0054 0.0350 0.0053 0.0045 0.0149 0.0032 
    kos339.2  1 0.0100 0.0059 0.0045 0.0054 0.0056 0.9020 0.0049 0.0034 0.0040 0.0043 0.0095 0.0036 0.0028 0.0036 0.0114 0.0037 0.0040 0.0083 0.0029 
    kos339.3  1 0.0032 0.0024 0.0022 0.0032 0.0041 0.9392 0.0026 0.0025 0.0032 0.0053 0.0026 0.0035 0.0037 0.0031 0.0034 0.0065 0.0043 0.0023 0.0028 
    kos339.4  1 0.0037 0.0031 0.0023 0.0032 0.0042 0.9343 0.0027 0.0033 0.0041 0.0060 0.0028 0.0047 0.0036 0.0035 0.0036 0.0042 0.0044 0.0029 0.0033 
    kos339.5  1 0.0120 0.0026 0.0041 0.0057 0.0042 0.8846 0.0049 0.0032 0.0031 0.0031 0.0029 0.0074 0.0031 0.0041 0.0375 0.0028 0.0039 0.0078 0.0029 
    kos339.6  1 0.0055 0.0043 0.0033 0.0030 0.0045 0.9227 0.0030 0.0032 0.0050 0.0032 0.0052 0.0038 0.0034 0.0027 0.0127 0.0025 0.0022 0.0067 0.0029 
    kos339.7  1 0.0049 0.0023 0.0023 0.0034 0.0036 0.9363 0.0030 0.0029 0.0031 0.0042 0.0031 0.0048 0.0030 0.0021 0.0042 0.0088 0.0029 0.0021 0.0029 
    kos339.8  1 0.0182 0.0038 0.0033 0.0037 0.0060 0.9118 0.0035 0.0037 0.0028 0.0067 0.0033 0.0035 0.0039 0.0028 0.0059 0.0036 0.0037 0.0066 0.0029 
    kos339.9  1 0.0082 0.0102 0.0076 0.0299 0.0090 0.8099 0.0100 0.0044 0.0067 0.0073 0.0083 0.0144 0.0094 0.0172 0.0228 0.0043 0.0121 0.0058 0.0024 
      H409.1 12 0.0055 0.0026 0.0028 0.0031 0.0031 0.0052 0.9406 0.0030 0.0040 0.0032 0.0025 0.0050 0.0022 0.0021 0.0037 0.0025 0.0022 0.0039 0.0029 
     H409.10 12 0.0232 0.0069 0.0028 0.0038 0.0058 0.0040 0.8709 0.0167 0.0026 0.0061 0.0037 0.0123 0.0055 0.0059 0.0048 0.0029 0.0080 0.0071 0.0068 
      H409.2 12 0.0048 0.0106 0.0024 0.0060 0.0065 0.0065 0.9132 0.0042 0.0049 0.0064 0.0035 0.0036 0.0027 0.0056 0.0031 0.0076 0.0032 0.0026 0.0027 
      H409.3 12 0.0044 0.0042 0.0035 0.0028 0.0038 0.0033 0.9337 0.0034 0.0068 0.0033 0.0035 0.0030 0.0029 0.0038 0.0033 0.0038 0.0038 0.0033 0.0035 
      H409.4 12 0.0026 0.0050 0.0040 0.0022 0.0031 0.0034 0.9451 0.0029 0.0041 0.0029 0.0026 0.0035 0.0023 0.0026 0.0032 0.0032 0.0024 0.0028 0.0022 
      H409.5 12 0.0041 0.0034 0.0046 0.0042 0.0033 0.0022 0.9398 0.0024 0.0027 0.0034 0.0028 0.0029 0.0052 0.0032 0.0031 0.0043 0.0028 0.0029 0.0029 
      H409.6 12 0.0102 0.0058 0.0719 0.0041 0.0131 0.0034 0.7979 0.0046 0.0071 0.0032 0.0047 0.0117 0.0119 0.0061 0.0136 0.0068 0.0077 0.0086 0.0077 
      H409.7 12 0.0034 0.0065 0.0043 0.0030 0.0038 0.0061 0.9256 0.0040 0.0054 0.0040 0.0044 0.0049 0.0027 0.0030 0.0047 0.0024 0.0023 0.0053 0.0042 
      H409.8 12 0.0057 0.0033 0.0029 0.0034 0.0041 0.0032 0.9321 0.0027 0.0034 0.0034 0.0030 0.0040 0.0044 0.0027 0.0066 0.0024 0.0033 0.0052 0.0043 
      H409.9 12 0.1404 0.0055 0.0061 0.0037 0.0473 0.0030 0.3838 0.0052 0.0041 0.0067 0.0056 0.0136 0.0138 0.2492 0.0076 0.0129 0.0264 0.0323 0.0330 
      H413.1 12 0.0022 0.0026 0.0041 0.0022 0.0021 0.0032 0.0025 0.0033 0.0033 0.0026 0.0020 0.0050 0.0024 0.0027 0.0048 0.0027 0.0038 0.0040 0.9444 
      H413.2 12 0.0027 0.0023 0.0043 0.0022 0.0027 0.0034 0.0021 0.0024 0.0028 0.0030 0.0024 0.0029 0.0020 0.0025 0.0025 0.0034 0.0031 0.0023 0.9512 
      H413.3 12 0.0028 0.0028 0.0030 0.0027 0.0028 0.0021 0.0031 0.0036 0.0042 0.0020 0.0022 0.0035 0.0026 0.0036 0.0028 0.0020 0.0024 0.0040 0.9477 
      H413.4 12 0.0040 0.0064 0.0045 0.0032 0.0036 0.0068 0.0046 0.0022 0.0044 0.0037 0.0033 0.0052 0.0024 0.0040 0.0078 0.0018 0.0051 0.0073 0.9197 
      H413.5 12 0.0030 0.0024 0.0025 0.0081 0.0033 0.0021 0.0023 0.0035 0.0038 0.0019 0.0032 0.0027 0.0028 0.0167 0.0059 0.0016 0.0136 0.0027 0.9178 
      H413.6 12 0.0024 0.0071 0.0046 0.0025 0.0057 0.0040 0.0034 0.0123 0.0058 0.0077 0.0032 0.0046 0.0024 0.0122 0.0210 0.0025 0.0105 0.0071 0.8810 
      H413.7 12 0.0025 0.0029 0.0027 0.0021 0.0026 0.0028 0.0023 0.0028 0.0028 0.0036 0.0019 0.0024 0.0022 0.0027 0.0027 0.0025 0.0022 0.0025 0.9538 
      H563.1 12 0.0024 0.0060 0.0034 0.0023 0.0050 0.0029 0.0045 0.0040 0.0032 0.0018 0.0027 0.0029 0.0050 0.0096 0.0035 0.0020 0.0052 0.9226 0.0111 
      H563.2 12 0.0052 0.0052 0.0051 0.0061 0.0081 0.0075 0.0099 0.0052 0.0156 0.0040 0.0044 0.0060 0.0030 0.0066 0.0057 0.0036 0.0037 0.8854 0.0096 
      H563.3 12 0.0030 0.0064 0.0027 0.0029 0.0034 0.0022 0.0033 0.0026 0.0030 0.0025 0.0030 0.0027 0.0053 0.0082 0.0087 0.0023 0.0038 0.9302 0.0037 
      H563.4 12 0.0040 0.0062 0.0085 0.0038 0.0046 0.0042 0.0072 0.0059 0.0052 0.0020 0.0032 0.0037 0.0058 0.0052 0.0040 0.0035 0.0054 0.9045 0.0129 
      H563.5 12 0.0022 0.0079 0.0039 0.0020 0.0033 0.0028 0.0037 0.0044 0.0026 0.0023 0.0026 0.0033 0.0039 0.0047 0.0052 0.0016 0.0050 0.9337 0.0050 
      H563.6 12 0.0037 0.0087 0.0051 0.0041 0.0041 0.0089 0.0060 0.0032 0.0072 0.0044 0.0035 0.0044 0.0045 0.0050 0.0075 0.0027 0.0043 0.9040 0.0085 
      H563.7 12 0.0029 0.0101 0.0080 0.0031 0.0046 0.0144 0.0050 0.0028 0.0047 0.0042 0.0031 0.0050 0.0026 0.0030 0.0096 0.0020 0.0039 0.9037 0.0075 
      H563.8 12 0.0034 0.0125 0.0040 0.0028 0.0052 0.0038 0.0044 0.0051 0.0048 0.0023 0.0028 0.0040 0.0056 0.0163 0.0145 0.0016 0.0043 0.8970 0.0056 
      H563.9 12 0.0054 0.0038 0.0055 0.0056 0.0086 0.0079 0.0180 0.0055 0.0078 0.0043 0.0043 0.0071 0.0041 0.0053 0.0074 0.0018 0.0055 0.8858 0.0064 
     H7374.1 12 0.0024 0.9082 0.0123 0.0036 0.0055 0.0039 0.0058 0.0032 0.0073 0.0106 0.0039 0.0034 0.0057 0.0053 0.0049 0.0034 0.0033 0.0043 0.0029 
     H7374.2 12 0.0039 0.9083 0.0060 0.0028 0.0080 0.0020 0.0043 0.0068 0.0075 0.0053 0.0031 0.0034 0.0079 0.0067 0.0032 0.0035 0.0037 0.0067 0.0071 
     H7374.3 12 0.0040 0.8335 0.0065 0.0066 0.0133 0.0048 0.0077 0.0039 0.0160 0.0499 0.0068 0.0035 0.0092 0.0075 0.0056 0.0044 0.0042 0.0090 0.0036 
     H7374.4 12 0.0027 0.9264 0.0030 0.0041 0.0049 0.0050 0.0046 0.0066 0.0035 0.0025 0.0033 0.0042 0.0028 0.0055 0.0030 0.0061 0.0034 0.0046 0.0037 
     H7374.5 12 0.0026 0.9306 0.0043 0.0035 0.0037 0.0042 0.0024 0.0030 0.0027 0.0030 0.0025 0.0044 0.0043 0.0081 0.0066 0.0026 0.0034 0.0047 0.0033 
     H7374.6 12 0.0050 0.8639 0.0035 0.0083 0.0121 0.0094 0.0050 0.0041 0.0159 0.0157 0.0077 0.0066 0.0042 0.0080 0.0061 0.0072 0.0037 0.0081 0.0054 
     H7374.7 12 0.0023 0.9389 0.0038 0.0029 0.0035 0.0044 0.0037 0.0037 0.0041 0.0035 0.0039 0.0040 0.0022 0.0022 0.0039 0.0033 0.0023 0.0031 0.0042 
     H7374.8 12 0.0031 0.9263 0.0064 0.0031 0.0037 0.0063 0.0053 0.0023 0.0041 0.0073 0.0049 0.0045 0.0031 0.0023 0.0042 0.0026 0.0029 0.0054 0.0023 
     H7374.9 12 0.0024 0.9283 0.0046 0.0052 0.0040 0.0049 0.0025 0.0048 0.0033 0.0029 0.0037 0.0045 0.0027 0.0080 0.0055 0.0027 0.0036 0.0033 0.0031 
     H9563.1 12 0.0044 0.0034 0.0028 0.0042 0.0041 0.0036 0.0024 0.0032 0.0051 0.0054 0.0038 0.0033 0.0031 0.0046 0.0037 0.0025 0.0031 0.9320 0.0053 
     H9563.2 12 0.0034 0.0030 0.0032 0.0026 0.0043 0.0026 0.0021 0.0030 0.0036 0.0049 0.0034 0.0037 0.0054 0.0051 0.0036 0.0034 0.0061 0.9335 0.0031 
     H9563.3 12 0.0076 0.0047 0.0092 0.0028 0.0046 0.0037 0.0052 0.0044 0.0048 0.0053 0.0036 0.0033 0.0027 0.0023 0.0038 0.0049 0.0043 0.9200 0.0029 
     H9563.4 12 0.0058 0.0053 0.0066 0.0044 0.0111 0.0068 0.0132 0.0053 0.0131 0.0099 0.0066 0.0089 0.0103 0.0070 0.0104 0.0108 0.0126 0.8475 0.0044 
     H9563.5 12 0.0067 0.0031 0.0038 0.0043 0.0061 0.0056 0.0100 0.0044 0.0067 0.0040 0.0042 0.0047 0.0108 0.0053 0.0035 0.0042 0.0071 0.9014 0.0041 
     H9563.6 12 0.0064 0.0045 0.0198 0.0020 0.0044 0.0026 0.0040 0.0032 0.0039 0.0056 0.0041 0.0027 0.0043 0.0022 0.0103 0.0045 0.0041 0.9074 0.0038 
     H9563.7 12 0.0054 0.0056 0.0072 0.0021 0.0042 0.0020 0.0030 0.0028 0.0034 0.0040 0.0035 0.0027 0.0056 0.0029 0.0041 0.0086 0.0035 0.9268 0.0024 
     H9563.8 12 0.0124 0.0034 0.0074 0.0064 0.0191 0.0101 0.0079 0.0078 0.0090 0.0106 0.0055 0.0129 0.0068 0.0059 0.0035 0.0055 0.0377 0.8236 0.0046 
     H9563.9 12 0.0066 0.0044 0.0063 0.0033 0.0077 0.0039 0.0033 0.0045 0.0044 0.0073 0.0033 0.0048 0.0051 0.0034 0.0040 0.0024 0.0083 0.9133 0.0037 
     H9572.1 12 0.0115 0.0087 0.0056 0.0082 0.0531 0.0045 0.0081 0.0056 0.0084 0.0051 0.0033 0.0136 0.0079 0.0233 0.7496 0.0070 0.0180 0.0463 0.0124 
     H9572.2 12 0.0057 0.0196 0.0133 0.0196 0.0386 0.0057 0.0087 0.0040 0.0126 0.0090 0.0324 0.0057 0.0095 0.0051 0.7076 0.0026 0.0181 0.0752 0.0069 
     H9572.3 12 0.0052 0.0463 0.0173 0.0056 0.0903 0.0217 0.0185 0.0036 0.0077 0.0073 0.0032 0.0074 0.0378 0.0118 0.6921 0.0077 0.0038 0.0069 0.0058 
     H9572.4 12 0.0039 0.0059 0.0072 0.0048 0.0481 0.0064 0.0043 0.0022 0.0041 0.0039 0.0045 0.0133 0.0036 0.0043 0.8565 0.0060 0.0037 0.0143 0.0030 
     H9572.5 12 0.0093 0.0023 0.0072 0.0043 0.0651 0.0136 0.0022 0.0033 0.0124 0.0039 0.0039 0.0069 0.0111 0.0065 0.8324 0.0033 0.0054 0.0045 0.0022 
