      H105.1  1 0.0074 0.0070 0.0044 0.0053 0.0059 0.9330 0.0072 0.0051 0.0249 
      H105.2  1 0.0068 0.0105 0.0064 0.0035 0.0050 0.9516 0.0066 0.0034 0.0063 
      H105.3  1 0.0048 0.0104 0.0038 0.0050 0.0045 0.9409 0.0046 0.0039 0.0219 
      H105.4  1 0.0100 0.0106 0.0058 0.0072 0.0070 0.9301 0.0073 0.0038 0.0181 
      H105.5  1 0.0147 0.0101 0.0173 0.0066 0.0055 0.9130 0.0187 0.0070 0.0070 
      H105.6  1 0.0037 0.0068 0.0092 0.0068 0.0063 0.9504 0.0060 0.0049 0.0059 
      H105.7  1 0.0087 0.0106 0.0049 0.0048 0.0042 0.9002 0.0061 0.0041 0.0564 
      H105.8  1 0.0036 0.0080 0.0041 0.0028 0.0036 0.9627 0.0032 0.0032 0.0088 
      H115.1  1 0.0175 0.0411 0.7407 0.0048 0.0063 0.1237 0.0105 0.0290 0.0264 
      H115.2  1 0.0092 0.0068 0.9361 0.0038 0.0033 0.0101 0.0123 0.0112 0.0071 
      H115.3  1 0.0101 0.0073 0.8770 0.0060 0.0054 0.0322 0.0036 0.0359 0.0225 
      H115.4  1 0.0850 0.0320 0.5230 0.0155 0.0083 0.2284 0.0184 0.0784 0.0110 
      H115.5  1 0.0111 0.0104 0.5760 0.0271 0.0088 0.2163 0.0088 0.1357 0.0057 
      H115.6  1 0.0367 0.0054 0.8313 0.0078 0.0022 0.0117 0.0162 0.0616 0.0271 
      H115.7  1 0.0728 0.0137 0.6977 0.0077 0.0052 0.1316 0.0093 0.0251 0.0369 
      H115.8  1 0.0086 0.0074 0.9093 0.0053 0.0021 0.0167 0.0066 0.0316 0.0123 
      H115.9  1 0.0092 0.0283 0.8908 0.0042 0.0042 0.0157 0.0083 0.0201 0.0191 
      H145.1  1 0.0295 0.0043 0.0099 0.9177 0.0051 0.0034 0.0171 0.0066 0.0063 
      H145.2  1 0.0101 0.0055 0.0062 0.9524 0.0044 0.0034 0.0069 0.0055 0.0056 
      H145.3  1 0.0187 0.0033 0.0037 0.9575 0.0037 0.0035 0.0046 0.0024 0.0027 
      H145.4  1 0.0112 0.0046 0.0037 0.9505 0.0042 0.0028 0.0104 0.0048 0.0078 
      H145.5  1 0.0353 0.0041 0.0028 0.9394 0.0024 0.0034 0.0049 0.0040 0.0037 
      H145.6  1 0.0047 0.0035 0.0031 0.9663 0.0037 0.0030 0.0056 0.0049 0.0052 
      H145.7  1 0.0041 0.0030 0.0027 0.9706 0.0038 0.0029 0.0044 0.0047 0.0037 
      H149.1  1 0.0033 0.0042 0.0035 0.0033 0.0028 0.0028 0.0035 0.9734 0.0033 
      H149.2  1 0.0056 0.0045 0.0030 0.0063 0.0040 0.0035 0.0059 0.9597 0.0075 
      H149.3  1 0.0448 0.0274 0.0109 0.0301 0.0086 0.0083 0.0143 0.7771 0.0786 
      H149.4  1 0.0033 0.0083 0.0027 0.0032 0.0034 0.0066 0.0043 0.9618 0.0063 
      H149.5  1 0.0192 0.0246 0.0035 0.0184 0.0102 0.0116 0.0067 0.8367 0.0693 
      H149.6  1 0.0048 0.0037 0.0026 0.0066 0.0032 0.0042 0.0047 0.9596 0.0105 
      H149.7  1 0.0164 0.0671 0.0078 0.0061 0.0047 0.0253 0.0324 0.7896 0.0507 
      H150.1  1 0.0048 0.0038 0.9709 0.0048 0.0026 0.0044 0.0032 0.0025 0.0032 
      H150.2  1 0.0078 0.0042 0.9532 0.0037 0.0033 0.0084 0.0053 0.0075 0.0067 
      H150.3  1 0.0159 0.0040 0.9465 0.0044 0.0025 0.0090 0.0043 0.0062 0.0072 
      H150.4  1 0.0091 0.0032 0.9637 0.0055 0.0019 0.0053 0.0044 0.0027 0.0043 
      H150.5  1 0.0081 0.0034 0.9383 0.0044 0.0036 0.0094 0.0056 0.0099 0.0172 
      H150.6  1 0.0192 0.0090 0.8537 0.0094 0.0045 0.0752 0.0076 0.0082 0.0132 
      H150.7  1 0.0089 0.0033 0.9632 0.0042 0.0026 0.0057 0.0046 0.0032 0.0042 
   H169607.1  1 0.9408 0.0055 0.0110 0.0152 0.0030 0.0046 0.0103 0.0042 0.0053 
   H169607.2  1 0.9531 0.0040 0.0062 0.0060 0.0061 0.0075 0.0071 0.0038 0.0063 
   H169607.3  1 0.9396 0.0085 0.0064 0.0146 0.0048 0.0062 0.0076 0.0054 0.0069 
   H169607.4  1 0.9630 0.0027 0.0052 0.0081 0.0039 0.0030 0.0066 0.0027 0.0047 
   H169607.5  1 0.9537 0.0029 0.0118 0.0040 0.0056 0.0039 0.0091 0.0035 0.0054 
   H169607.6  1 0.9635 0.0042 0.0046 0.0059 0.0056 0.0045 0.0045 0.0030 0.0042 
   H169607.7  1 0.9413 0.0079 0.0066 0.0115 0.0054 0.0098 0.0073 0.0063 0.0038 
   H169607.8  1 0.9519 0.0045 0.0049 0.0065 0.0058 0.0064 0.0072 0.0034 0.0094 
   H169633.1  1 0.0032 0.0044 0.0081 0.0199 0.0062 0.0096 0.0077 0.9330 0.0079 
   H169633.2  1 0.0033 0.0131 0.0042 0.0230 0.0116 0.0257 0.0582 0.8562 0.0046 
   H169633.3  1 0.0044 0.0050 0.0079 0.0079 0.0111 0.0056 0.0160 0.9355 0.0065 
   H169633.4  1 0.0054 0.0052 0.0068 0.0064 0.0092 0.0093 0.0146 0.9352 0.0080 
   H169633.5  1 0.0061 0.0048 0.0086 0.0069 0.0073 0.0074 0.0096 0.9416 0.0076 
   H169688.1  1 0.4412 0.0171 0.0249 0.0503 0.0082 0.3576 0.0749 0.0172 0.0086 
   H169688.2  1 0.0193 0.0562 0.0972 0.1116 0.0051 0.5649 0.1261 0.0111 0.0084 
   H169688.3  1 0.0353 0.0264 0.2627 0.1800 0.0027 0.3674 0.0827 0.0319 0.0109 
   H169688.4  1 0.0256 0.0081 0.8198 0.0981 0.0034 0.0153 0.0130 0.0132 0.0034 
   H169688.5  1 0.0245 0.0082 0.8029 0.0946 0.0037 0.0334 0.0205 0.0089 0.0033 
   H169688.6  1 0.0113 0.2203 0.2528 0.0775 0.0238 0.3474 0.0260 0.0327 0.0081 
   H169688.7  1 0.0379 0.0297 0.3791 0.4412 0.0023 0.0603 0.0272 0.0156 0.0068 
   H171901.1  1 0.0789 0.0105 0.1545 0.0667 0.0036 0.5645 0.0702 0.0143 0.0368 
   H171901.2  1 0.0171 0.0041 0.0178 0.0076 0.0041 0.0170 0.0237 0.9009 0.0078 
   H171901.3  1 0.0385 0.0116 0.0444 0.0101 0.0111 0.0286 0.0404 0.8049 0.0103 
   H171901.4  1 0.0160 0.0069 0.0127 0.0078 0.0053 0.0234 0.0186 0.9036 0.0057 
   H171901.5  1 0.0310 0.0084 0.0222 0.0097 0.0051 0.0121 0.0470 0.8590 0.0056 
   H171901.6  1 0.0375 0.0178 0.0694 0.0311 0.0078 0.0188 0.0924 0.7171 0.0081 
   H171901.7  1 0.0233 0.0212 0.0418 0.0195 0.0154 0.0164 0.2300 0.6227 0.0098 
   H171902.1  1 0.9553 0.0078 0.0058 0.0068 0.0028 0.0027 0.0074 0.0071 0.0042 
  H171902.10  1 0.9526 0.0054 0.0043 0.0043 0.0029 0.0029 0.0111 0.0127 0.0039 
   H171902.2  1 0.9212 0.0126 0.0066 0.0096 0.0029 0.0080 0.0059 0.0292 0.0039 
   H171902.3  1 0.9146 0.0065 0.0095 0.0049 0.0053 0.0053 0.0060 0.0440 0.0038 
   H171902.4  1 0.8089 0.0056 0.0052 0.0055 0.0027 0.0040 0.0100 0.1524 0.0057 
   H171902.6  1 0.9467 0.0070 0.0064 0.0050 0.0036 0.0034 0.0080 0.0172 0.0028 
   H171902.7  1 0.9566 0.0050 0.0058 0.0063 0.0025 0.0028 0.0082 0.0097 0.0031 
   H171902.8  1 0.9400 0.0049 0.0067 0.0054 0.0039 0.0048 0.0129 0.0176 0.0039 
   H171902.9  1 0.9544 0.0033 0.0158 0.0045 0.0038 0.0043 0.0050 0.0049 0.0040 
   H171903.1  1 0.8360 0.0062 0.0690 0.0081 0.0085 0.0247 0.0328 0.0049 0.0098 
   H171903.2  1 0.5040 0.0158 0.1295 0.0128 0.0322 0.0470 0.2124 0.0053 0.0410 
   H171903.3  1 0.2337 0.0072 0.0289 0.0044 0.0175 0.0345 0.6557 0.0085 0.0096 
   H171903.4  1 0.9227 0.0047 0.0273 0.0053 0.0036 0.0093 0.0186 0.0039 0.0048 
   H171903.5  1 0.5059 0.0227 0.1890 0.0084 0.0106 0.0594 0.1299 0.0498 0.0244 
   H171903.6  1 0.8091 0.0118 0.0829 0.0060 0.0082 0.0105 0.0245 0.0423 0.0048 
      H177.1  1 0.0115 0.0158 0.0150 0.0034 0.0099 0.0078 0.9208 0.0121 0.0037 
      H177.2  1 0.0682 0.1003 0.0278 0.1385 0.0100 0.0069 0.5936 0.0390 0.0157 
      H177.3  1 0.1008 0.0308 0.0264 0.0342 0.0230 0.0081 0.7094 0.0548 0.0126 
      H177.4  1 0.0166 0.0837 0.0048 0.0088 0.0772 0.0041 0.7757 0.0136 0.0156 
      H177.5  1 0.0055 0.0233 0.0084 0.0063 0.0062 0.0096 0.9224 0.0070 0.0113 
      H177.6  1 0.0462 0.0225 0.0274 0.0150 0.0106 0.0087 0.7568 0.1075 0.0054 
      H179.1  1 0.0048 0.9648 0.0045 0.0036 0.0021 0.0058 0.0038 0.0041 0.0065 
      H179.2  1 0.0079 0.9560 0.0079 0.0031 0.0064 0.0047 0.0058 0.0039 0.0042 
      H179.3  1 0.0137 0.9275 0.0187 0.0055 0.0065 0.0078 0.0089 0.0034 0.0079 
      H179.4  1 0.0162 0.7947 0.0097 0.0197 0.0518 0.0090 0.0721 0.0185 0.0083 
      H180.1  1 0.0175 0.0306 0.1834 0.0045 0.0049 0.7272 0.0126 0.0127 0.0065 
      H180.2  1 0.0056 0.0189 0.1440 0.0063 0.0044 0.8017 0.0097 0.0056 0.0037 
      H180.3  1 0.0104 0.0297 0.5772 0.0163 0.0072 0.3287 0.0155 0.0106 0.0044 
      H180.4  1 0.0098 0.0210 0.1347 0.0050 0.0057 0.7913 0.0135 0.0143 0.0047 
      H180.5  1 0.0129 0.0272 0.2628 0.0104 0.0054 0.6277 0.0333 0.0125 0.0077 
      H180.6  1 0.0282 0.0217 0.4094 0.0867 0.0049 0.3745 0.0380 0.0316 0.0050 
      H181.1  1 0.0788 0.4375 0.0491 0.0130 0.0088 0.1750 0.0267 0.2034 0.0077 
      H181.2  1 0.0439 0.6460 0.0236 0.0533 0.0066 0.0995 0.0771 0.0385 0.0114 
      H181.3  1 0.0465 0.5316 0.0192 0.0225 0.0048 0.1508 0.0372 0.1747 0.0126 
      H181.4  1 0.0418 0.2293 0.3399 0.0292 0.0159 0.1281 0.0405 0.1543 0.0210 
      H181.5  1 0.0055 0.9300 0.0044 0.0044 0.0051 0.0268 0.0074 0.0107 0.0058 
      H181.6  1 0.0108 0.8539 0.0351 0.0068 0.0116 0.0470 0.0179 0.0096 0.0074 
      H181.7  1 0.0115 0.8862 0.0167 0.0077 0.0098 0.0240 0.0084 0.0304 0.0052 
 H194.1_2004  1 0.0098 0.0030 0.0073 0.0119 0.0043 0.0051 0.9471 0.0048 0.0068 
 H194.2_2004  1 0.0414 0.0033 0.0077 0.0210 0.0035 0.0112 0.9011 0.0059 0.0050 
 H194.3_2004  1 0.0092 0.0118 0.0056 0.0139 0.0055 0.0040 0.9206 0.0253 0.0041 
 H194.4_2004  1 0.0146 0.0031 0.0062 0.0214 0.0045 0.0088 0.9301 0.0082 0.0030 
 H194.5_2004  1 0.0089 0.0060 0.0050 0.0078 0.0065 0.0033 0.9392 0.0181 0.0052 
 H194.6_2004  1 0.0167 0.0109 0.0087 0.0073 0.0261 0.0045 0.9047 0.0174 0.0036 
 H194.7_2004  1 0.0076 0.0038 0.0063 0.0098 0.0036 0.0115 0.9454 0.0045 0.0074 
 H194.8_2004  1 0.0122 0.0046 0.0075 0.0179 0.0084 0.0078 0.9255 0.0108 0.0053 
      H194.9  1 0.0106 0.0031 0.0131 0.0198 0.0072 0.0069 0.9281 0.0055 0.0056 
 H195.1_2003  1 0.0113 0.0057 0.0057 0.8769 0.0052 0.0048 0.0599 0.0250 0.0054 
 H195.1_2004  1 0.0043 0.0030 0.0030 0.9658 0.0031 0.0033 0.0063 0.0069 0.0042 
 H195.2_2003  1 0.0185 0.0065 0.0176 0.8920 0.0077 0.0136 0.0237 0.0081 0.0123 
 H195.2_2004  1 0.0036 0.0025 0.0030 0.9722 0.0024 0.0036 0.0043 0.0049 0.0036 
 H195.3_2003  1 0.0306 0.0055 0.1342 0.7112 0.0080 0.0590 0.0305 0.0053 0.0156 
 H195.3_2004  1 0.0048 0.0035 0.0030 0.9639 0.0031 0.0029 0.0070 0.0083 0.0035 
 H195.4_2003  1 0.0043 0.0052 0.0036 0.9410 0.0044 0.0044 0.0178 0.0155 0.0037 
 H195.4_2004  1 0.0030 0.0033 0.0029 0.9712 0.0042 0.0029 0.0050 0.0043 0.0032 
 H195.5_2003  1 0.0060 0.0046 0.0091 0.8723 0.0066 0.0089 0.0653 0.0198 0.0074 
 H195.5_2004  1 0.0034 0.0040 0.0033 0.9643 0.0059 0.0045 0.0055 0.0053 0.0039 
 H195.6_2003  1 0.0118 0.0030 0.0131 0.9448 0.0044 0.0060 0.0048 0.0050 0.0072 
 H195.6_2004  1 0.0043 0.0047 0.0025 0.9694 0.0033 0.0040 0.0049 0.0036 0.0033 
 H195.7_2003  1 0.0127 0.0086 0.0051 0.8860 0.0082 0.0102 0.0399 0.0196 0.0098 
 H195.7_2004  1 0.0035 0.0027 0.0044 0.9721 0.0033 0.0030 0.0036 0.0037 0.0037 
      H195.8  1 0.0035 0.0022 0.0033 0.9726 0.0049 0.0031 0.0031 0.0033 0.0039 
      H195.9  1 0.0047 0.0037 0.0029 0.9620 0.0068 0.0035 0.0067 0.0063 0.0035 
      H415.1  1 0.0048 0.0069 0.0817 0.0116 0.0027 0.0086 0.8233 0.0555 0.0049 
      H415.2  1 0.0764 0.0650 0.0079 0.0051 0.0048 0.0050 0.8078 0.0094 0.0186 
      H415.3  1 0.0088 0.0344 0.0124 0.0062 0.0047 0.0113 0.8277 0.0809 0.0135 
      H415.4  1 0.0051 0.0062 0.0268 0.0079 0.0028 0.0061 0.9292 0.0116 0.0044 
      H415.5  1 0.0058 0.0091 0.0075 0.0075 0.0041 0.0069 0.9234 0.0313 0.0044 
      H415.6  1 0.0055 0.0060 0.0258 0.0089 0.0037 0.0043 0.9295 0.0115 0.0048 
      H415.7  1 0.0434 0.0160 0.0051 0.0072 0.0065 0.0041 0.8734 0.0330 0.0112 
      H506.1  1 0.0031 0.9704 0.0021 0.0035 0.0042 0.0037 0.0031 0.0052 0.0047 
      H506.2  1 0.0040 0.9541 0.0022 0.0170 0.0037 0.0037 0.0050 0.0053 0.0050 
      H506.3  1 0.0058 0.9605 0.0044 0.0049 0.0043 0.0041 0.0047 0.0040 0.0073 
      H506.4  1 0.0110 0.9411 0.0073 0.0034 0.0135 0.0040 0.0052 0.0077 0.0068 
      H506.5  1 0.0060 0.9519 0.0033 0.0070 0.0092 0.0035 0.0058 0.0071 0.0061 
      H506.6  1 0.0281 0.8542 0.0060 0.0458 0.0130 0.0050 0.0248 0.0070 0.0162 
      H506.7  1 0.0039 0.9663 0.0021 0.0054 0.0042 0.0041 0.0039 0.0052 0.0049 
      H533.1  1 0.0032 0.9690 0.0022 0.0033 0.0033 0.0046 0.0029 0.0085 0.0030 
      H533.2  1 0.0031 0.9644 0.0022 0.0050 0.0027 0.0043 0.0044 0.0111 0.0028 
      H533.3  1 0.0054 0.9617 0.0035 0.0040 0.0028 0.0040 0.0038 0.0103 0.0046 
      H533.4  1 0.0147 0.8849 0.0067 0.0407 0.0094 0.0070 0.0152 0.0179 0.0035 
      H535.1  1 0.0039 0.0035 0.0032 0.0029 0.9737 0.0026 0.0044 0.0031 0.0026 
      H535.2  1 0.0028 0.0032 0.0023 0.0034 0.9749 0.0029 0.0038 0.0031 0.0035 
      H535.3  1 0.0022 0.0034 0.0025 0.0033 0.9780 0.0030 0.0027 0.0022 0.0028 
      H535.4  1 0.0028 0.0034 0.0026 0.0039 0.9761 0.0027 0.0028 0.0035 0.0022 
      H535.5  1 0.0034 0.0035 0.0022 0.0040 0.9740 0.0024 0.0033 0.0049 0.0024 
      H535.6  1 0.0068 0.0039 0.0057 0.0039 0.9664 0.0036 0.0048 0.0028 0.0023 
      H535.7  1 0.0026 0.0028 0.0018 0.0021 0.9805 0.0024 0.0027 0.0031 0.0021 
      H535.8  1 0.0030 0.0032 0.0026 0.0027 0.9784 0.0024 0.0029 0.0024 0.0024 
      H535.9  1 0.0036 0.0027 0.0032 0.0029 0.9752 0.0033 0.0034 0.0028 0.0027 
      H539.1  1 0.0044 0.0025 0.9737 0.0032 0.0033 0.0037 0.0029 0.0032 0.0030 
      H539.2  1 0.0246 0.0052 0.9073 0.0065 0.0118 0.0146 0.0191 0.0043 0.0065 
      H539.3  1 0.0107 0.0035 0.9413 0.0075 0.0110 0.0079 0.0107 0.0035 0.0038 
      H539.4  1 0.0047 0.0026 0.9715 0.0031 0.0028 0.0030 0.0042 0.0034 0.0046 
      H539.5  1 0.0071 0.0025 0.9725 0.0026 0.0034 0.0037 0.0032 0.0026 0.0025 
      H539.6  1 0.0106 0.0035 0.9666 0.0039 0.0031 0.0035 0.0035 0.0024 0.0030 
      H539.7  1 0.0043 0.0024 0.9746 0.0026 0.0031 0.0034 0.0040 0.0025 0.0030 
      H539.8  1 0.0059 0.0037 0.9408 0.0069 0.0199 0.0076 0.0070 0.0034 0.0048 
      H539.9  1 0.0035 0.0029 0.9746 0.0032 0.0024 0.0040 0.0035 0.0026 0.0033 
      H540.1  1 0.0559 0.0055 0.9031 0.0074 0.0066 0.0037 0.0081 0.0059 0.0038 
      H540.2  1 0.0112 0.0072 0.9518 0.0042 0.0028 0.0045 0.0084 0.0045 0.0054 
      H540.3  1 0.0106 0.0064 0.8810 0.0118 0.0060 0.0094 0.0532 0.0162 0.0054 
      H540.4  1 0.0094 0.0055 0.9561 0.0037 0.0050 0.0047 0.0057 0.0036 0.0063 
      H540.5  1 0.0072 0.0042 0.9582 0.0028 0.0035 0.0047 0.0112 0.0045 0.0038 
      H540.6  1 0.0373 0.0084 0.9146 0.0051 0.0050 0.0052 0.0116 0.0058 0.0071 
      H540.7  1 0.0122 0.0088 0.9181 0.0049 0.0041 0.0052 0.0207 0.0177 0.0083 
      H540.8  1 0.0793 0.0058 0.8264 0.0049 0.0082 0.0045 0.0589 0.0084 0.0038 
     H9558.1  1 0.0110 0.0062 0.9401 0.0036 0.0209 0.0069 0.0060 0.0025 0.0027 
     H9558.2  1 0.0117 0.0161 0.8918 0.0052 0.0228 0.0221 0.0135 0.0044 0.0123 
     H9558.3  1 0.0067 0.0067 0.9064 0.0041 0.0063 0.0455 0.0102 0.0027 0.0112 
     H9558.4  1 0.0077 0.0053 0.9483 0.0024 0.0173 0.0066 0.0065 0.0032 0.0027 
     H9558.5  1 0.0030 0.0028 0.9652 0.0021 0.0110 0.0052 0.0037 0.0031 0.0039 
     H9558.6  1 0.0073 0.0053 0.9289 0.0045 0.0080 0.0200 0.0150 0.0038 0.0072 
    kos339.1  1 0.0075 0.0118 0.0037 0.0032 0.0055 0.0046 0.0054 0.9472 0.0112 
    kos339.2  1 0.0039 0.0074 0.0042 0.0065 0.0041 0.0043 0.0066 0.9545 0.0086 
    kos339.3  1 0.0043 0.0043 0.0031 0.0031 0.0051 0.0032 0.0036 0.9708 0.0024 
    kos339.4  1 0.0042 0.0034 0.0035 0.0039 0.0048 0.0032 0.0043 0.9699 0.0028 
    kos339.5  1 0.0047 0.0110 0.0043 0.0028 0.0033 0.0048 0.0046 0.9581 0.0065 
    kos339.6  1 0.0034 0.0066 0.0029 0.0062 0.0033 0.0035 0.0085 0.9597 0.0058 
    kos339.7  1 0.0039 0.0052 0.0036 0.0045 0.0117 0.0026 0.0042 0.9619 0.0025 
    kos339.8  1 0.0041 0.0079 0.0024 0.0045 0.0036 0.0035 0.0049 0.9641 0.0050 
    kos339.9  1 0.0161 0.0066 0.0180 0.0107 0.0036 0.0045 0.0142 0.9193 0.0071 
      H409.1 12 0.0030 0.9517 0.0033 0.0054 0.0028 0.0058 0.0075 0.0081 0.0123 
     H409.10 12 0.0048 0.9487 0.0082 0.0091 0.0049 0.0042 0.0061 0.0036 0.0103 
      H409.2 12 0.0044 0.9231 0.0059 0.0064 0.0085 0.0042 0.0332 0.0083 0.0061 
      H409.3 12 0.0045 0.9254 0.0113 0.0084 0.0037 0.0087 0.0245 0.0067 0.0068 
      H409.4 12 0.0052 0.9205 0.0109 0.0044 0.0045 0.0121 0.0299 0.0063 0.0062 
      H409.5 12 0.0101 0.9407 0.0060 0.0055 0.0071 0.0068 0.0145 0.0038 0.0053 
      H409.6 12 0.0114 0.7684 0.0131 0.0065 0.0143 0.1425 0.0277 0.0040 0.0121 
      H409.7 12 0.0051 0.8784 0.0056 0.0188 0.0034 0.0109 0.0326 0.0102 0.0349 
      H409.8 12 0.0056 0.9487 0.0044 0.0048 0.0034 0.0074 0.0050 0.0034 0.0174 
      H409.9 12 0.0090 0.6087 0.3068 0.0033 0.0066 0.0141 0.0167 0.0026 0.0322 
      H413.1 12 0.0032 0.0039 0.0053 0.0030 0.0052 0.9592 0.0044 0.0044 0.0113 
      H413.2 12 0.0044 0.0040 0.0042 0.0044 0.0075 0.9612 0.0042 0.0062 0.0040 
      H413.3 12 0.0044 0.0057 0.0070 0.0038 0.0022 0.9531 0.0041 0.0031 0.0166 
      H413.4 12 0.0041 0.0078 0.0040 0.0037 0.0033 0.9392 0.0049 0.0062 0.0269 
      H413.5 12 0.0067 0.0058 0.0300 0.0025 0.0024 0.9403 0.0037 0.0031 0.0056 
      H413.6 12 0.0033 0.0032 0.0206 0.0034 0.0043 0.9430 0.0084 0.0048 0.0090 
      H413.7 12 0.0042 0.0048 0.0077 0.0042 0.0043 0.9565 0.0063 0.0061 0.0059 
      H563.1 12 0.0036 0.0037 0.0081 0.0021 0.0020 0.0050 0.0036 0.0033 0.9686 
      H563.2 12 0.0072 0.0063 0.0057 0.0039 0.0034 0.0056 0.0091 0.0081 0.9508 
      H563.3 12 0.0036 0.0043 0.0046 0.0030 0.0024 0.0044 0.0036 0.0026 0.9715 
      H563.4 12 0.0061 0.0054 0.0045 0.0027 0.0030 0.0090 0.0061 0.0059 0.9573 
      H563.5 12 0.0031 0.0030 0.0053 0.0028 0.0017 0.0046 0.0041 0.0034 0.9721 
      H563.6 12 0.0038 0.0051 0.0051 0.0031 0.0032 0.0065 0.0049 0.0117 0.9566 
      H563.7 12 0.0028 0.0036 0.0038 0.0029 0.0024 0.0061 0.0046 0.0114 0.9624 
      H563.8 12 0.0044 0.0045 0.0104 0.0035 0.0021 0.0058 0.0075 0.0053 0.9564 
      H563.9 12 0.0050 0.0070 0.0065 0.0043 0.0022 0.0055 0.0073 0.0079 0.9545 
     H7374.1 12 0.0063 0.0055 0.0042 0.0096 0.0069 0.0191 0.9329 0.0066 0.0089 
     H7374.2 12 0.0090 0.0046 0.0069 0.0051 0.0046 0.0150 0.9402 0.0029 0.0118 
     H7374.3 12 0.0082 0.0064 0.0061 0.0193 0.0050 0.0110 0.9329 0.0032 0.0079 
     H7374.4 12 0.0067 0.0089 0.0103 0.0056 0.0131 0.0069 0.9248 0.0113 0.0124 
     H7374.5 12 0.0081 0.0048 0.0167 0.0065 0.0045 0.0146 0.9237 0.0087 0.0124 
     H7374.6 12 0.0051 0.0065 0.0065 0.0145 0.0127 0.0049 0.9283 0.0078 0.0136 
     H7374.7 12 0.0038 0.0070 0.0039 0.0076 0.0104 0.0109 0.9376 0.0107 0.0081 
     H7374.8 12 0.0047 0.0060 0.0032 0.0114 0.0059 0.0051 0.9412 0.0066 0.0158 
     H7374.9 12 0.0078 0.0045 0.0163 0.0105 0.0033 0.0081 0.9326 0.0071 0.0098 
     H9563.1 12 0.0036 0.0035 0.0050 0.0033 0.0029 0.0042 0.0043 0.0045 0.9687 
     H9563.2 12 0.0057 0.0025 0.0071 0.0038 0.0032 0.0040 0.0032 0.0036 0.9669 
     H9563.3 12 0.0045 0.0067 0.0030 0.0059 0.0042 0.0060 0.0046 0.0036 0.9614 
     H9563.4 12 0.0074 0.0085 0.0075 0.0068 0.0201 0.0061 0.0215 0.0069 0.9152 
     H9563.5 12 0.0079 0.0085 0.0058 0.0047 0.0063 0.0057 0.0066 0.0072 0.9472 
     H9563.6 12 0.0036 0.0061 0.0037 0.0053 0.0054 0.0090 0.0046 0.0029 0.9593 
     H9563.7 12 0.0037 0.0044 0.0028 0.0047 0.0082 0.0066 0.0034 0.0024 0.9639 
     H9563.8 12 0.0090 0.0124 0.0135 0.0071 0.0062 0.0086 0.0116 0.0121 0.9194 
     H9563.9 12 0.0050 0.0054 0.0057 0.0048 0.0026 0.0082 0.0063 0.0055 0.9565 
     H9572.1 12 0.0348 0.2051 0.1871 0.0265 0.0224 0.2436 0.0332 0.0096 0.2377 
     H9572.2 12 0.0654 0.0205 0.0230 0.1339 0.0045 0.2217 0.1614 0.0112 0.3584 
     H9572.3 12 0.2797 0.0378 0.0320 0.0077 0.0239 0.1498 0.2579 0.1280 0.0832 
     H9572.4 12 0.0672 0.0381 0.0185 0.0285 0.0530 0.3647 0.1439 0.1314 0.1547 
     H9572.5 12 0.0978 0.0370 0.0315 0.0392 0.0194 0.3842 0.0511 0.2580 0.0819 
