      H105.1  1 0.0075 0.0021 0.0026 0.0024 0.0034 0.0027 0.0022 0.0023 0.0048 0.0035 0.0028 0.0027 0.0024 0.0036 0.0023 0.0028 0.0026 0.0021 0.9382 0.0024 0.0026 0.0020 
      H105.2  1 0.0048 0.0060 0.0039 0.0028 0.0091 0.0024 0.0035 0.0057 0.0037 0.0032 0.0037 0.0041 0.0037 0.0043 0.0035 0.0064 0.0019 0.0045 0.9072 0.0029 0.0067 0.0060 
      H105.3  1 0.0024 0.0025 0.0029 0.0025 0.0028 0.0029 0.0021 0.0031 0.0048 0.0030 0.0033 0.0028 0.0021 0.0028 0.0021 0.0035 0.0030 0.0032 0.9418 0.0022 0.0016 0.0024 
      H105.4  1 0.0043 0.0043 0.0021 0.0045 0.0033 0.0026 0.0036 0.0052 0.0036 0.0029 0.0028 0.0030 0.0026 0.0047 0.0025 0.0037 0.0025 0.0057 0.9273 0.0038 0.0025 0.0024 
      H105.5  1 0.0410 0.0050 0.0030 0.0031 0.0080 0.0029 0.0054 0.0064 0.0046 0.0026 0.0037 0.0031 0.0048 0.0051 0.0082 0.0030 0.0040 0.0053 0.8687 0.0032 0.0060 0.0029 
      H105.6  1 0.0047 0.0056 0.0050 0.0053 0.0036 0.0034 0.0056 0.0044 0.0037 0.0029 0.0038 0.0089 0.0071 0.0042 0.0086 0.0037 0.0032 0.0092 0.8934 0.0069 0.0037 0.0032 
      H105.7  1 0.0096 0.0042 0.0054 0.0033 0.0076 0.0035 0.0052 0.0040 0.0205 0.0126 0.0024 0.0066 0.0130 0.0050 0.0063 0.0052 0.0029 0.0050 0.8637 0.0040 0.0055 0.0044 
      H105.8  1 0.0023 0.0028 0.0024 0.0021 0.0033 0.0024 0.0024 0.0031 0.0028 0.0028 0.0026 0.0035 0.0024 0.0024 0.0030 0.0057 0.0019 0.0035 0.9405 0.0021 0.0028 0.0032 
      H115.1  1 0.0209 0.0075 0.0058 0.0036 0.0045 0.0068 0.0069 0.7765 0.0096 0.0046 0.0042 0.0715 0.0046 0.0054 0.0112 0.0108 0.0037 0.0186 0.0063 0.0031 0.0049 0.0090 
      H115.2  1 0.0162 0.0106 0.0085 0.0029 0.0049 0.0051 0.0053 0.8606 0.0047 0.0032 0.0032 0.0093 0.0069 0.0061 0.0237 0.0030 0.0024 0.0042 0.0033 0.0034 0.0050 0.0076 
      H115.3  1 0.0116 0.0073 0.0069 0.0055 0.0034 0.0055 0.0054 0.8924 0.0068 0.0030 0.0038 0.0021 0.0032 0.0040 0.0123 0.0031 0.0040 0.0030 0.0047 0.0037 0.0026 0.0057 
      H115.4  1 0.0049 0.0067 0.0096 0.0043 0.0182 0.0141 0.0115 0.8270 0.0035 0.0039 0.0024 0.0058 0.0027 0.0103 0.0039 0.0374 0.0052 0.0026 0.0035 0.0044 0.0094 0.0087 
      H115.5  1 0.0162 0.0216 0.0140 0.0090 0.0066 0.0304 0.0058 0.7725 0.0057 0.0077 0.0034 0.0161 0.0063 0.0075 0.0242 0.0059 0.0113 0.0053 0.0132 0.0066 0.0052 0.0054 
      H115.6  1 0.0129 0.0147 0.0480 0.0022 0.0051 0.0156 0.0091 0.7630 0.0073 0.0061 0.0073 0.0032 0.0075 0.0063 0.0257 0.0032 0.0054 0.0049 0.0047 0.0050 0.0050 0.0379 
      H115.7  1 0.0358 0.0106 0.0114 0.0036 0.0072 0.0094 0.0079 0.7456 0.0104 0.0035 0.0068 0.0608 0.0075 0.0190 0.0108 0.0050 0.0075 0.0099 0.0046 0.0037 0.0069 0.0122 
      H115.8  1 0.0091 0.0110 0.0066 0.0016 0.0051 0.0078 0.0050 0.8797 0.0072 0.0054 0.0032 0.0047 0.0037 0.0032 0.0131 0.0037 0.0037 0.0030 0.0066 0.0025 0.0042 0.0099 
      H115.9  1 0.0263 0.0054 0.0059 0.0038 0.0063 0.0067 0.0083 0.7645 0.0119 0.0053 0.0038 0.0111 0.0050 0.0071 0.0808 0.0109 0.0037 0.0140 0.0063 0.0023 0.0044 0.0064 
      H145.1  1 0.0118 0.0042 0.0148 0.0036 0.0033 0.0044 0.0064 0.0049 0.0055 0.0036 0.0074 0.0021 0.0155 0.0109 0.0086 0.0033 0.8597 0.0046 0.0023 0.0055 0.0044 0.0133 
      H145.2  1 0.0101 0.0065 0.0080 0.0052 0.0039 0.0059 0.0057 0.0041 0.0040 0.0032 0.0055 0.0021 0.0055 0.0054 0.0041 0.0046 0.8918 0.0036 0.0034 0.0074 0.0023 0.0077 
      H145.3  1 0.0035 0.0019 0.0025 0.0020 0.0021 0.0021 0.0025 0.0029 0.0022 0.0034 0.0028 0.0023 0.0029 0.0036 0.0031 0.0023 0.9363 0.0026 0.0023 0.0019 0.0023 0.0127 
      H145.4  1 0.0054 0.0028 0.0061 0.0031 0.0037 0.0043 0.0030 0.0035 0.0079 0.0027 0.0049 0.0029 0.0253 0.0085 0.0036 0.0033 0.8887 0.0048 0.0025 0.0044 0.0043 0.0043 
      H145.5  1 0.0036 0.0018 0.0032 0.0020 0.0024 0.0027 0.0025 0.0029 0.0032 0.0033 0.0049 0.0024 0.0040 0.0042 0.0022 0.0028 0.9180 0.0031 0.0029 0.0023 0.0027 0.0230 
      H145.6  1 0.0058 0.0055 0.0060 0.0039 0.0045 0.0040 0.0045 0.0025 0.0049 0.0021 0.0035 0.0024 0.0076 0.0038 0.0033 0.0041 0.9140 0.0027 0.0022 0.0062 0.0019 0.0044 
      H145.7  1 0.0029 0.0039 0.0050 0.0030 0.0026 0.0062 0.0033 0.0035 0.0038 0.0031 0.0039 0.0019 0.0036 0.0032 0.0021 0.0028 0.9291 0.0029 0.0021 0.0049 0.0025 0.0033 
      H149.1  1 0.0032 0.0077 0.0048 0.0027 0.0029 0.9295 0.0044 0.0032 0.0027 0.0026 0.0033 0.0022 0.0039 0.0018 0.0027 0.0028 0.0035 0.0029 0.0032 0.0024 0.0027 0.0049 
      H149.2  1 0.0106 0.0092 0.0053 0.0044 0.0059 0.9005 0.0028 0.0030 0.0044 0.0028 0.0032 0.0023 0.0072 0.0059 0.0025 0.0030 0.0049 0.0060 0.0037 0.0038 0.0033 0.0053 
      H149.3  1 0.0657 0.0184 0.0061 0.0056 0.0104 0.6689 0.0409 0.0230 0.0302 0.0045 0.0038 0.0033 0.0080 0.0199 0.0041 0.0112 0.0298 0.0101 0.0071 0.0061 0.0098 0.0128 
      H149.4  1 0.0028 0.0057 0.0050 0.0028 0.0076 0.8864 0.0068 0.0032 0.0059 0.0109 0.0033 0.0033 0.0034 0.0026 0.0059 0.0146 0.0029 0.0040 0.0076 0.0034 0.0044 0.0077 
      H149.5  1 0.0142 0.0088 0.0041 0.0089 0.0408 0.7670 0.0046 0.0034 0.0325 0.0065 0.0038 0.0034 0.0095 0.0218 0.0026 0.0137 0.0112 0.0072 0.0209 0.0057 0.0057 0.0034 
      H149.6  1 0.0063 0.0079 0.0050 0.0033 0.0042 0.9070 0.0035 0.0027 0.0064 0.0034 0.0030 0.0027 0.0066 0.0046 0.0021 0.0033 0.0052 0.0053 0.0050 0.0041 0.0038 0.0044 
      H149.7  1 0.0214 0.0140 0.0083 0.0070 0.0152 0.6916 0.0121 0.0149 0.0221 0.0108 0.0087 0.0065 0.0220 0.0132 0.0033 0.0340 0.0045 0.0146 0.0125 0.0064 0.0484 0.0085 
      H150.1  1 0.0059 0.0046 0.0041 0.0025 0.0033 0.0029 0.0031 0.6980 0.0046 0.0057 0.0033 0.0036 0.0051 0.0068 0.2159 0.0023 0.0038 0.0066 0.0057 0.0043 0.0029 0.0052 
      H150.2  1 0.0030 0.0058 0.0064 0.0031 0.0039 0.0051 0.0035 0.8521 0.0056 0.0035 0.0042 0.0085 0.0065 0.0051 0.0454 0.0030 0.0023 0.0056 0.0046 0.0074 0.0075 0.0079 
      H150.3  1 0.0107 0.0077 0.0118 0.0026 0.0042 0.0059 0.0036 0.1665 0.0074 0.0052 0.0087 0.0264 0.0087 0.0139 0.6315 0.0033 0.0076 0.0085 0.0043 0.0050 0.0165 0.0400 
      H150.4  1 0.0070 0.0032 0.0083 0.0016 0.0038 0.0027 0.0023 0.0969 0.0064 0.0073 0.0051 0.0072 0.0047 0.0071 0.7981 0.0033 0.0085 0.0040 0.0044 0.0039 0.0055 0.0085 
      H150.5  1 0.0110 0.0109 0.0082 0.0027 0.0065 0.0033 0.0050 0.8358 0.0125 0.0033 0.0041 0.0038 0.0067 0.0076 0.0438 0.0035 0.0036 0.0064 0.0040 0.0060 0.0076 0.0038 
      H150.6  1 0.0073 0.0066 0.0051 0.0038 0.0125 0.0030 0.0065 0.8673 0.0045 0.0037 0.0108 0.0026 0.0030 0.0071 0.0048 0.0051 0.0090 0.0097 0.0061 0.0077 0.0079 0.0060 
      H150.7  1 0.0053 0.0151 0.0042 0.0018 0.0070 0.0035 0.0025 0.3034 0.0042 0.0043 0.0043 0.0054 0.0045 0.0090 0.5691 0.0025 0.0042 0.0033 0.0127 0.0045 0.0033 0.0260 
   H169607.1  1 0.0191 0.0100 0.0114 0.0030 0.0035 0.0061 0.0051 0.0068 0.0032 0.0028 0.0065 0.0038 0.0051 0.8566 0.0075 0.0089 0.0065 0.0036 0.0027 0.0071 0.0063 0.0143 
   H169607.2  1 0.0033 0.0029 0.0026 0.0028 0.0031 0.0026 0.0019 0.0023 0.0030 0.0041 0.0029 0.0024 0.0035 0.9383 0.0025 0.0024 0.0025 0.0030 0.0034 0.0052 0.0024 0.0031 
   H169607.3  1 0.1145 0.0086 0.0070 0.0052 0.0104 0.0048 0.0071 0.0094 0.0046 0.0027 0.0038 0.0028 0.0069 0.7490 0.0056 0.0088 0.0149 0.0059 0.0049 0.0052 0.0070 0.0109 
   H169607.4  1 0.0093 0.0040 0.0044 0.0026 0.0016 0.0023 0.0035 0.0026 0.0035 0.0037 0.0101 0.0026 0.0039 0.9099 0.0040 0.0023 0.0044 0.0026 0.0029 0.0093 0.0021 0.0084 
   H169607.5  1 0.0686 0.0050 0.0032 0.0035 0.0044 0.0030 0.0061 0.0048 0.0043 0.0028 0.0031 0.0036 0.0059 0.8504 0.0083 0.0030 0.0038 0.0025 0.0021 0.0029 0.0050 0.0036 
   H169607.6  1 0.0033 0.0025 0.0023 0.0035 0.0029 0.0018 0.0021 0.0023 0.0021 0.0040 0.0020 0.0023 0.0035 0.9431 0.0031 0.0027 0.0018 0.0018 0.0032 0.0045 0.0024 0.0028 
   H169607.7  1 0.0074 0.0028 0.0029 0.0027 0.0027 0.0031 0.0103 0.0139 0.0033 0.0031 0.0024 0.0026 0.0032 0.9020 0.0032 0.0104 0.0033 0.0017 0.0047 0.0030 0.0073 0.0040 
   H169607.8  1 0.0077 0.0037 0.0018 0.0034 0.0037 0.0024 0.0040 0.0034 0.0032 0.0057 0.0051 0.0021 0.0045 0.9177 0.0043 0.0032 0.0040 0.0041 0.0035 0.0047 0.0033 0.0044 
   H169633.1  1 0.0041 0.0101 0.0069 0.0046 0.0062 0.8477 0.0033 0.0050 0.0056 0.0044 0.0053 0.0185 0.0075 0.0029 0.0043 0.0032 0.0136 0.0040 0.0048 0.0070 0.0262 0.0048 
   H169633.2  1 0.0044 0.0142 0.0932 0.0066 0.0115 0.7534 0.0050 0.0049 0.0040 0.0036 0.0045 0.0052 0.0051 0.0019 0.0023 0.0070 0.0135 0.0082 0.0174 0.0112 0.0198 0.0030 
   H169633.3  1 0.0055 0.0150 0.0061 0.0085 0.0049 0.8519 0.0123 0.0064 0.0089 0.0068 0.0049 0.0099 0.0168 0.0036 0.0060 0.0040 0.0053 0.0068 0.0026 0.0046 0.0047 0.0044 
   H169633.4  1 0.0075 0.0077 0.0080 0.0074 0.0082 0.8594 0.0055 0.0073 0.0089 0.0042 0.0051 0.0138 0.0172 0.0047 0.0059 0.0043 0.0056 0.0048 0.0043 0.0034 0.0032 0.0037 
   H169633.5  1 0.0108 0.0062 0.0081 0.0063 0.0069 0.8612 0.0055 0.0073 0.0073 0.0040 0.0070 0.0116 0.0128 0.0043 0.0073 0.0054 0.0076 0.0048 0.0053 0.0033 0.0032 0.0037 
   H169688.1  1 0.0066 0.0066 0.0028 0.0100 0.0171 0.0056 0.0048 0.0033 0.0037 0.0106 0.0081 0.0246 0.0171 0.0206 0.0060 0.0072 0.0056 0.0049 0.0027 0.0066 0.8077 0.0178 
   H169688.2  1 0.0046 0.0035 0.0032 0.0031 0.0060 0.0031 0.0048 0.0035 0.0040 0.0033 0.0051 0.0038 0.0072 0.0027 0.0028 0.0066 0.0028 0.0099 0.0080 0.0089 0.9008 0.0024 
   H169688.3  1 0.0042 0.0032 0.0048 0.0020 0.0025 0.0029 0.0032 0.0028 0.0030 0.0019 0.0031 0.0028 0.0029 0.0027 0.0029 0.0031 0.0032 0.0054 0.0030 0.0035 0.9343 0.0024 
   H169688.4  1 0.0051 0.0032 0.0026 0.0019 0.0028 0.0022 0.0028 0.0040 0.0021 0.0018 0.0022 0.0026 0.0024 0.0025 0.0045 0.0027 0.0029 0.0044 0.0017 0.0020 0.9412 0.0024 
   H169688.5  1 0.0058 0.0032 0.0025 0.0025 0.0027 0.0024 0.0037 0.0049 0.0025 0.0019 0.0021 0.0025 0.0024 0.0022 0.0046 0.0024 0.0029 0.0041 0.0019 0.0021 0.9385 0.0023 
   H169688.6  1 0.0024 0.0026 0.0022 0.0047 0.0044 0.0072 0.0039 0.0029 0.0023 0.0039 0.0032 0.0048 0.0040 0.0032 0.0032 0.0622 0.0027 0.0027 0.0023 0.0026 0.8690 0.0034 
   H169688.7  1 0.0065 0.0041 0.0052 0.0020 0.0043 0.0031 0.0078 0.0103 0.0038 0.0126 0.0059 0.0033 0.0038 0.0022 0.0061 0.0045 0.0120 0.0116 0.0047 0.0064 0.8688 0.0110 
   H171901.1  1 0.3654 0.1142 0.0157 0.0024 0.0561 0.0056 0.0047 0.0838 0.0248 0.0039 0.0055 0.0315 0.1165 0.0227 0.0176 0.0086 0.0623 0.0051 0.0265 0.0076 0.0119 0.0076 
   H171901.2  1 0.0256 0.5246 0.0085 0.0032 0.0079 0.2388 0.0242 0.0085 0.0059 0.0123 0.0185 0.0033 0.0115 0.0098 0.0198 0.0027 0.0062 0.0049 0.0450 0.0062 0.0067 0.0060 
   H171901.3  1 0.0115 0.8741 0.0045 0.0061 0.0043 0.0202 0.0065 0.0065 0.0038 0.0028 0.0042 0.0106 0.0058 0.0040 0.0045 0.0041 0.0022 0.0041 0.0036 0.0077 0.0046 0.0042 
   H171901.4  1 0.0048 0.8552 0.0043 0.0037 0.0031 0.0564 0.0043 0.0054 0.0031 0.0042 0.0035 0.0056 0.0046 0.0040 0.0041 0.0052 0.0025 0.0029 0.0075 0.0068 0.0028 0.0060 
   H171901.5  1 0.0053 0.9037 0.0051 0.0030 0.0047 0.0084 0.0101 0.0045 0.0029 0.0025 0.0054 0.0021 0.0031 0.0043 0.0039 0.0038 0.0035 0.0049 0.0040 0.0078 0.0029 0.0044 
   H171901.6  1 0.0071 0.8488 0.0131 0.0052 0.0082 0.0086 0.0076 0.0076 0.0040 0.0031 0.0054 0.0023 0.0085 0.0041 0.0104 0.0062 0.0035 0.0076 0.0045 0.0226 0.0048 0.0069 
   H171901.7  1 0.0245 0.6586 0.0079 0.0098 0.0116 0.0411 0.0892 0.0076 0.0044 0.0044 0.0064 0.0041 0.0644 0.0048 0.0074 0.0060 0.0035 0.0069 0.0029 0.0160 0.0135 0.0049 
   H171902.1  1 0.0034 0.0053 0.0056 0.0030 0.0036 0.0037 0.0031 0.0026 0.0022 0.0044 0.0027 0.0024 0.0038 0.0048 0.0032 0.0035 0.0033 0.0026 0.0019 0.0073 0.0028 0.9249 
  H171902.10  1 0.0041 0.0040 0.0026 0.0022 0.0036 0.0034 0.0068 0.0056 0.0026 0.0034 0.0034 0.0018 0.0031 0.0045 0.0022 0.0042 0.0030 0.0022 0.0028 0.0022 0.0043 0.9281 
   H171902.2  1 0.0048 0.0146 0.0077 0.0024 0.0037 0.0089 0.0030 0.0049 0.0024 0.0064 0.0022 0.0040 0.0038 0.0048 0.0040 0.0053 0.0030 0.0028 0.0021 0.0126 0.0042 0.8926 
   H171902.3  1 0.0038 0.0246 0.0056 0.0024 0.0056 0.0118 0.0031 0.0034 0.0024 0.0045 0.0032 0.0028 0.0043 0.0045 0.0038 0.0027 0.0022 0.0030 0.0024 0.0068 0.0038 0.8934 
   H171902.4  1 0.0029 0.0034 0.0050 0.0021 0.0038 0.0151 0.0030 0.0029 0.0028 0.0029 0.0041 0.0024 0.0044 0.0021 0.0033 0.0028 0.0038 0.0029 0.0020 0.0026 0.0028 0.9229 
   H171902.6  1 0.0022 0.0037 0.0028 0.0023 0.0046 0.0035 0.0035 0.0034 0.0022 0.0034 0.0030 0.0018 0.0030 0.0034 0.0033 0.0027 0.0034 0.0024 0.0020 0.0023 0.0021 0.9390 
   H171902.7  1 0.0265 0.0039 0.0034 0.0023 0.0038 0.0054 0.0059 0.0068 0.0036 0.0037 0.0045 0.0016 0.0093 0.0206 0.0028 0.0032 0.0034 0.0031 0.0060 0.0021 0.0029 0.8752 
   H171902.8  1 0.0037 0.0065 0.0048 0.0024 0.0053 0.0048 0.0037 0.0042 0.0030 0.0034 0.0042 0.0028 0.0045 0.0043 0.0050 0.0032 0.0026 0.0023 0.0027 0.0029 0.0027 0.9209 
   H171902.9  1 0.0037 0.0028 0.0040 0.0031 0.0028 0.0025 0.0033 0.0047 0.0032 0.0028 0.0032 0.0028 0.0036 0.0047 0.0067 0.0023 0.0041 0.0032 0.0022 0.0033 0.0023 0.9288 
   H171903.1  1 0.3158 0.0064 0.0066 0.0045 0.0055 0.0031 0.0205 0.0379 0.0049 0.0048 0.0044 0.0037 0.0081 0.5127 0.0230 0.0033 0.0040 0.0043 0.0085 0.0051 0.0095 0.0036 
   H171903.2  1 0.7988 0.0089 0.0042 0.0077 0.0034 0.0033 0.0150 0.0090 0.0097 0.0053 0.0097 0.0022 0.0061 0.0396 0.0112 0.0028 0.0059 0.0036 0.0378 0.0085 0.0030 0.0044 
   H171903.3  1 0.8664 0.0048 0.0105 0.0123 0.0028 0.0029 0.0040 0.0033 0.0033 0.0043 0.0136 0.0025 0.0202 0.0085 0.0051 0.0025 0.0030 0.0065 0.0146 0.0020 0.0040 0.0032 
   H171903.4  1 0.6581 0.0078 0.0112 0.0036 0.0038 0.0031 0.0134 0.0273 0.0066 0.0028 0.0093 0.0031 0.0227 0.1130 0.0102 0.0029 0.0058 0.0041 0.0049 0.0097 0.0448 0.0320 
   H171903.5  1 0.8977 0.0071 0.0078 0.0030 0.0041 0.0062 0.0040 0.0047 0.0039 0.0029 0.0032 0.0026 0.0048 0.0051 0.0036 0.0037 0.0030 0.0065 0.0061 0.0044 0.0121 0.0036 
   H171903.6  1 0.8288 0.0056 0.0041 0.0044 0.0033 0.0060 0.0084 0.0066 0.0025 0.0026 0.0031 0.0018 0.0060 0.0428 0.0036 0.0035 0.0038 0.0043 0.0027 0.0031 0.0484 0.0048 
      H177.1  1 0.0052 0.0049 0.0039 0.0043 0.0045 0.0037 0.9050 0.0055 0.0030 0.0032 0.0058 0.0046 0.0064 0.0058 0.0071 0.0053 0.0029 0.0036 0.0031 0.0027 0.0067 0.0028 
      H177.2  1 0.0124 0.0107 0.0061 0.0035 0.0086 0.0096 0.7709 0.0164 0.0120 0.0187 0.0168 0.0022 0.0050 0.0128 0.0042 0.0224 0.0403 0.0097 0.0035 0.0040 0.0066 0.0034 
      H177.3  1 0.0064 0.0045 0.0043 0.0037 0.0036 0.0073 0.9118 0.0043 0.0044 0.0031 0.0048 0.0023 0.0037 0.0039 0.0034 0.0035 0.0089 0.0044 0.0021 0.0023 0.0030 0.0043 
      H177.4  1 0.0075 0.0043 0.0077 0.0126 0.0078 0.0052 0.8305 0.0028 0.0078 0.0065 0.0057 0.0020 0.0165 0.0047 0.0033 0.0406 0.0056 0.0043 0.0095 0.0060 0.0034 0.0055 
      H177.5  1 0.0074 0.0078 0.0083 0.0029 0.0026 0.0038 0.8319 0.0059 0.0105 0.0123 0.0101 0.0030 0.0270 0.0037 0.0066 0.0069 0.0076 0.0096 0.0052 0.0112 0.0122 0.0035 
      H177.6  1 0.0075 0.0058 0.0067 0.0034 0.0051 0.0111 0.9043 0.0031 0.0030 0.0047 0.0050 0.0021 0.0036 0.0027 0.0034 0.0044 0.0083 0.0039 0.0018 0.0029 0.0027 0.0046 
      H179.1  1 0.0062 0.0087 0.0067 0.0021 0.0065 0.0034 0.0093 0.0074 0.0075 0.0039 0.0047 0.0093 0.0161 0.0045 0.0114 0.8018 0.0023 0.0483 0.0054 0.0095 0.0205 0.0045 
      H179.2  1 0.0117 0.0082 0.0356 0.0172 0.0154 0.0056 0.0080 0.0106 0.0037 0.0036 0.0096 0.0033 0.0069 0.0051 0.0109 0.7542 0.0023 0.0474 0.0063 0.0063 0.0216 0.0062 
      H179.3  1 0.0250 0.0166 0.0097 0.0046 0.0062 0.0037 0.0164 0.0172 0.0089 0.0042 0.0058 0.0081 0.0208 0.0100 0.0188 0.6676 0.0032 0.0132 0.0031 0.0138 0.1191 0.0042 
      H179.4  1 0.0329 0.0395 0.0133 0.0623 0.0075 0.0084 0.0182 0.0058 0.0041 0.0080 0.0393 0.0059 0.0258 0.0071 0.0050 0.6179 0.0044 0.0122 0.0074 0.0536 0.0167 0.0046 
      H180.1  1 0.0052 0.0054 0.0088 0.0034 0.0268 0.0024 0.0099 0.8663 0.0030 0.0032 0.0036 0.0053 0.0019 0.0057 0.0039 0.0196 0.0024 0.0042 0.0041 0.0030 0.0043 0.0075 
      H180.2  1 0.0034 0.0064 0.0034 0.0039 0.0058 0.0022 0.0111 0.9120 0.0025 0.0041 0.0022 0.0073 0.0028 0.0025 0.0037 0.0044 0.0025 0.0075 0.0031 0.0032 0.0032 0.0027 
      H180.3  1 0.0065 0.0044 0.0090 0.0049 0.0031 0.0047 0.0046 0.8939 0.0025 0.0055 0.0017 0.0036 0.0042 0.0060 0.0101 0.0045 0.0052 0.0094 0.0040 0.0036 0.0053 0.0034 
      H180.4  1 0.0062 0.0149 0.0042 0.0033 0.0149 0.0035 0.0075 0.8842 0.0034 0.0041 0.0028 0.0063 0.0030 0.0036 0.0037 0.0078 0.0032 0.0050 0.0046 0.0061 0.0025 0.0054 
      H180.5  1 0.0032 0.0043 0.0039 0.0028 0.0104 0.0041 0.0194 0.8998 0.0030 0.0071 0.0025 0.0032 0.0038 0.0027 0.0033 0.0068 0.0036 0.0027 0.0021 0.0036 0.0033 0.0042 
      H180.6  1 0.0039 0.0086 0.0055 0.0041 0.0042 0.0129 0.0048 0.8549 0.0032 0.0230 0.0023 0.0038 0.0086 0.0057 0.0062 0.0067 0.0155 0.0051 0.0047 0.0063 0.0030 0.0069 
      H181.1  1 0.0186 0.0058 0.0030 0.0031 0.8928 0.0093 0.0062 0.0053 0.0027 0.0061 0.0028 0.0035 0.0051 0.0055 0.0023 0.0046 0.0039 0.0032 0.0056 0.0024 0.0028 0.0055 
      H181.2  1 0.0026 0.0053 0.0043 0.0034 0.8935 0.0066 0.0086 0.0043 0.0035 0.0072 0.0059 0.0032 0.0036 0.0040 0.0026 0.0083 0.0058 0.0045 0.0037 0.0105 0.0032 0.0054 
      H181.3  1 0.0031 0.0129 0.0030 0.0024 0.9021 0.0076 0.0055 0.0039 0.0049 0.0068 0.0030 0.0046 0.0034 0.0039 0.0044 0.0035 0.0039 0.0021 0.0038 0.0059 0.0040 0.0054 
      H181.4  1 0.0066 0.0191 0.0037 0.0037 0.8053 0.0135 0.0073 0.0159 0.0080 0.0301 0.0063 0.0042 0.0058 0.0057 0.0150 0.0039 0.0057 0.0083 0.0075 0.0132 0.0062 0.0047 
      H181.5  1 0.0034 0.0030 0.0042 0.0039 0.9140 0.0035 0.0035 0.0026 0.0043 0.0036 0.0030 0.0043 0.0043 0.0033 0.0033 0.0103 0.0024 0.0063 0.0055 0.0034 0.0036 0.0043 
      H181.6  1 0.0042 0.0079 0.0076 0.0053 0.8817 0.0040 0.0051 0.0080 0.0026 0.0032 0.0035 0.0038 0.0056 0.0038 0.0044 0.0207 0.0026 0.0045 0.0045 0.0103 0.0035 0.0031 
      H181.7  1 0.0059 0.0035 0.0032 0.0049 0.9074 0.0041 0.0041 0.0035 0.0039 0.0038 0.0034 0.0025 0.0039 0.0045 0.0032 0.0145 0.0036 0.0057 0.0042 0.0030 0.0044 0.0029 
 H194.1_2004  1 0.0077 0.0056 0.0082 0.0040 0.0027 0.0034 0.0044 0.0033 0.0038 0.0031 0.0035 0.0026 0.9150 0.0054 0.0036 0.0025 0.0035 0.0039 0.0016 0.0037 0.0039 0.0044 
 H194.2_2004  1 0.0056 0.0036 0.0036 0.0024 0.0031 0.0023 0.0033 0.0028 0.0025 0.0033 0.0027 0.0032 0.9285 0.0070 0.0034 0.0022 0.0052 0.0027 0.0029 0.0037 0.0026 0.0035 
 H194.3_2004  1 0.0067 0.0095 0.0103 0.0044 0.0076 0.0249 0.0133 0.0029 0.0036 0.0065 0.0083 0.0023 0.8152 0.0038 0.0032 0.0103 0.0061 0.0379 0.0034 0.0067 0.0065 0.0066 
 H194.4_2004  1 0.0057 0.0048 0.0050 0.0030 0.0038 0.0075 0.0072 0.0024 0.0022 0.0033 0.0053 0.0024 0.9080 0.0043 0.0033 0.0034 0.0105 0.0027 0.0024 0.0040 0.0030 0.0056 
 H194.5_2004  1 0.0062 0.0088 0.0114 0.0057 0.0054 0.0120 0.0049 0.0023 0.0030 0.0061 0.0080 0.0027 0.8600 0.0088 0.0031 0.0047 0.0040 0.0151 0.0039 0.0132 0.0056 0.0051 
 H194.6_2004  1 0.0103 0.0132 0.0127 0.0112 0.0051 0.0173 0.0458 0.0039 0.0032 0.0056 0.0058 0.0025 0.7743 0.0047 0.0065 0.0057 0.0069 0.0367 0.0034 0.0116 0.0048 0.0087 
 H194.7_2004  1 0.0057 0.0030 0.0025 0.0031 0.0027 0.0030 0.0048 0.0028 0.0029 0.0039 0.0024 0.0031 0.9326 0.0035 0.0032 0.0021 0.0037 0.0037 0.0027 0.0024 0.0040 0.0023 
 H194.8_2004  1 0.0044 0.0053 0.0047 0.0065 0.0049 0.0059 0.0064 0.0025 0.0023 0.0046 0.0038 0.0026 0.9114 0.0045 0.0044 0.0028 0.0039 0.0033 0.0034 0.0058 0.0029 0.0036 
      H194.9  1 0.0034 0.0036 0.0040 0.0028 0.0026 0.0036 0.0037 0.0032 0.0023 0.0046 0.0026 0.0047 0.9268 0.0039 0.0055 0.0023 0.0041 0.0031 0.0024 0.0053 0.0023 0.0032 
 H195.1_2003  1 0.0028 0.0060 0.0034 0.0019 0.0023 0.0025 0.0021 0.0021 0.0019 0.0025 0.0031 0.0021 0.0031 0.0030 0.0025 0.0023 0.0027 0.0025 0.0020 0.9442 0.0023 0.0029 
 H195.1_2004  1 0.0038 0.0050 0.0051 0.0028 0.0059 0.0085 0.0108 0.0034 0.0037 0.0032 0.0086 0.0026 0.0037 0.0029 0.0028 0.0025 0.9016 0.0028 0.0022 0.0102 0.0036 0.0045 
 H195.2_2003  1 0.0036 0.0042 0.0048 0.0050 0.0038 0.0035 0.0039 0.0037 0.0048 0.0087 0.0063 0.0025 0.0049 0.0089 0.0083 0.0031 0.0123 0.0023 0.0044 0.8407 0.0512 0.0093 
 H195.2_2004  1 0.0023 0.0055 0.0049 0.0031 0.0037 0.0063 0.0042 0.0045 0.0030 0.0075 0.0051 0.0029 0.0055 0.0032 0.0027 0.0031 0.7733 0.0030 0.0027 0.1381 0.0115 0.0038 
 H195.3_2003  1 0.0067 0.0101 0.0025 0.0034 0.0065 0.0023 0.0051 0.0055 0.0060 0.0118 0.0083 0.0066 0.0104 0.0166 0.0383 0.0025 0.0060 0.0069 0.0081 0.8054 0.0267 0.0041 
 H195.3_2004  1 0.0027 0.0123 0.0076 0.0030 0.0043 0.0175 0.0072 0.0028 0.0044 0.0037 0.0073 0.0032 0.0077 0.0044 0.0027 0.0031 0.6690 0.0033 0.0035 0.2209 0.0037 0.0058 
 H195.4_2003  1 0.0029 0.0044 0.0120 0.0032 0.0032 0.0158 0.0079 0.0029 0.0045 0.0026 0.0034 0.0020 0.0080 0.0037 0.0023 0.0042 0.0429 0.0029 0.0026 0.8636 0.0021 0.0027 
 H195.4_2004  1 0.0040 0.0062 0.0031 0.0057 0.0049 0.0048 0.0064 0.0028 0.0036 0.0066 0.0030 0.0035 0.0051 0.0046 0.0027 0.0036 0.8635 0.0035 0.0021 0.0413 0.0159 0.0032 
 H195.5_2003  1 0.0026 0.0065 0.0046 0.0044 0.0032 0.0045 0.0025 0.0043 0.0064 0.0023 0.0131 0.0092 0.0029 0.0023 0.0042 0.0024 0.0039 0.0029 0.0025 0.9098 0.0023 0.0031 
 H195.5_2004  1 0.0030 0.0038 0.0032 0.0051 0.0041 0.0041 0.0050 0.0032 0.0033 0.0025 0.0045 0.0101 0.0034 0.0025 0.0032 0.0026 0.8900 0.0035 0.0047 0.0315 0.0035 0.0032 
 H195.6_2003  1 0.0036 0.0043 0.0036 0.0038 0.0058 0.0032 0.0047 0.0037 0.0089 0.0050 0.0066 0.0028 0.0028 0.0140 0.0117 0.0029 0.0585 0.0027 0.0041 0.8254 0.0155 0.0066 
 H195.6_2004  1 0.0051 0.0041 0.0043 0.0036 0.0033 0.0049 0.0039 0.0024 0.0031 0.0036 0.0061 0.0041 0.0059 0.0059 0.0021 0.0040 0.7800 0.0043 0.0069 0.1346 0.0043 0.0034 
 H195.7_2003  1 0.0031 0.0043 0.0034 0.0030 0.0053 0.0045 0.0026 0.0025 0.0042 0.0047 0.0032 0.0021 0.0040 0.0063 0.0022 0.0029 0.0298 0.0039 0.0043 0.8493 0.0520 0.0025 
 H195.7_2004  1 0.0024 0.0029 0.0028 0.0022 0.0030 0.0027 0.0028 0.0059 0.0027 0.0048 0.0044 0.0026 0.0025 0.0027 0.0050 0.0021 0.9238 0.0020 0.0022 0.0105 0.0070 0.0030 
      H195.8  1 0.0028 0.0026 0.0026 0.0043 0.0041 0.0026 0.0046 0.0041 0.0030 0.0025 0.0038 0.0031 0.0036 0.0028 0.0027 0.0022 0.9332 0.0025 0.0019 0.0042 0.0040 0.0027 
      H195.9  1 0.0045 0.0103 0.0041 0.0079 0.0042 0.0074 0.0202 0.0036 0.0035 0.0070 0.0062 0.0022 0.0088 0.0053 0.0027 0.0034 0.8006 0.0052 0.0024 0.0818 0.0051 0.0036 
      H415.1  1 0.0074 0.0065 0.8833 0.0018 0.0042 0.0060 0.0061 0.0092 0.0041 0.0023 0.0065 0.0051 0.0068 0.0031 0.0129 0.0048 0.0044 0.0063 0.0038 0.0030 0.0082 0.0042 
      H415.2  1 0.0460 0.0127 0.6817 0.0033 0.0054 0.0036 0.0310 0.0084 0.0181 0.0077 0.0104 0.0037 0.0129 0.0104 0.0109 0.0104 0.0052 0.0201 0.0052 0.0035 0.0139 0.0754 
      H415.3  1 0.0042 0.0047 0.9034 0.0020 0.0064 0.0071 0.0047 0.0051 0.0069 0.0042 0.0032 0.0029 0.0028 0.0026 0.0038 0.0144 0.0029 0.0037 0.0025 0.0047 0.0042 0.0038 
      H415.4  1 0.0031 0.0040 0.9304 0.0024 0.0030 0.0045 0.0026 0.0034 0.0034 0.0027 0.0041 0.0017 0.0047 0.0025 0.0043 0.0024 0.0034 0.0041 0.0034 0.0045 0.0021 0.0034 
      H415.5  1 0.0032 0.0051 0.9304 0.0019 0.0032 0.0059 0.0026 0.0035 0.0030 0.0027 0.0029 0.0024 0.0040 0.0021 0.0024 0.0026 0.0027 0.0041 0.0027 0.0047 0.0034 0.0045 
      H415.6  1 0.0031 0.0051 0.9250 0.0020 0.0025 0.0047 0.0021 0.0053 0.0030 0.0026 0.0053 0.0019 0.0035 0.0031 0.0041 0.0026 0.0031 0.0058 0.0038 0.0050 0.0021 0.0042 
      H415.7  1 0.0303 0.0129 0.7946 0.0049 0.0045 0.0069 0.0113 0.0035 0.0109 0.0075 0.0106 0.0028 0.0056 0.0190 0.0071 0.0126 0.0043 0.0037 0.0034 0.0054 0.0071 0.0311 
      H506.1  1 0.0019 0.0030 0.0022 0.0035 0.0045 0.0036 0.0024 0.0021 0.0031 0.0050 0.0021 0.0029 0.0024 0.0022 0.0017 0.9395 0.0023 0.0050 0.0027 0.0027 0.0026 0.0026 
      H506.2  1 0.0022 0.0031 0.0034 0.0032 0.0044 0.0033 0.0096 0.0022 0.0028 0.0030 0.0031 0.0022 0.0028 0.0030 0.0019 0.9274 0.0077 0.0032 0.0035 0.0038 0.0018 0.0023 
      H506.3  1 0.0055 0.0056 0.0040 0.0043 0.0180 0.0035 0.0246 0.0060 0.0035 0.0052 0.0061 0.0021 0.0027 0.0031 0.0044 0.8576 0.0056 0.0114 0.0042 0.0047 0.0149 0.0029 
      H506.4  1 0.0078 0.0051 0.0054 0.0121 0.0062 0.0066 0.0091 0.0068 0.0036 0.0028 0.0034 0.0023 0.0040 0.0042 0.0048 0.8943 0.0029 0.0040 0.0025 0.0034 0.0032 0.0055 
      H506.5  1 0.0036 0.0053 0.0043 0.0056 0.0039 0.0052 0.0069 0.0027 0.0037 0.0023 0.0041 0.0021 0.0030 0.0045 0.0024 0.9188 0.0045 0.0031 0.0023 0.0055 0.0022 0.0038 
      H506.6  1 0.0165 0.0074 0.0069 0.0064 0.0090 0.0034 0.1462 0.0037 0.0060 0.0028 0.0111 0.0021 0.0055 0.0091 0.0041 0.7137 0.0135 0.0037 0.0031 0.0140 0.0088 0.0033 
      H506.7  1 0.0024 0.0037 0.0028 0.0034 0.0057 0.0037 0.0051 0.0021 0.0032 0.0036 0.0042 0.0022 0.0026 0.0037 0.0016 0.9264 0.0047 0.0046 0.0028 0.0060 0.0028 0.0028 
      H533.1  1 0.0031 0.0068 0.0030 0.0034 0.0085 0.0066 0.0025 0.0072 0.0027 0.0025 0.0026 0.0025 0.0019 0.0024 0.0020 0.9198 0.0026 0.0047 0.0093 0.0022 0.0016 0.0019 
      H533.2  1 0.0026 0.0125 0.0039 0.0038 0.0082 0.0098 0.0040 0.0059 0.0026 0.0024 0.0032 0.0024 0.0024 0.0026 0.0017 0.9091 0.0028 0.0051 0.0087 0.0021 0.0020 0.0024 
      H533.3  1 0.0074 0.0027 0.0022 0.0033 0.0034 0.0071 0.0034 0.0028 0.0027 0.0045 0.0023 0.0029 0.0035 0.0066 0.0026 0.9246 0.0039 0.0041 0.0035 0.0017 0.0026 0.0022 
      H533.4  1 0.0070 0.0059 0.0066 0.0077 0.0084 0.0097 0.0060 0.0049 0.0027 0.0062 0.0039 0.0029 0.0124 0.0179 0.0036 0.8453 0.0207 0.0025 0.0049 0.0138 0.0035 0.0034 
      H535.1  1 0.0033 0.0033 0.0032 0.9332 0.0035 0.0036 0.0052 0.0025 0.0026 0.0030 0.0029 0.0030 0.0031 0.0040 0.0035 0.0038 0.0021 0.0029 0.0025 0.0028 0.0017 0.0042 
      H535.2  1 0.0028 0.0025 0.0024 0.9359 0.0049 0.0034 0.0047 0.0024 0.0039 0.0027 0.0037 0.0024 0.0025 0.0024 0.0021 0.0037 0.0037 0.0032 0.0032 0.0028 0.0022 0.0026 
      H535.3  1 0.0025 0.0020 0.0021 0.9420 0.0044 0.0024 0.0031 0.0025 0.0026 0.0030 0.0029 0.0032 0.0023 0.0025 0.0022 0.0030 0.0033 0.0035 0.0032 0.0028 0.0023 0.0019 
      H535.4  1 0.0022 0.0031 0.0031 0.9428 0.0024 0.0037 0.0031 0.0023 0.0027 0.0024 0.0030 0.0025 0.0032 0.0024 0.0020 0.0031 0.0034 0.0032 0.0025 0.0030 0.0020 0.0019 
      H535.5  1 0.0038 0.0036 0.0026 0.9415 0.0026 0.0034 0.0029 0.0021 0.0022 0.0025 0.0022 0.0019 0.0033 0.0035 0.0025 0.0029 0.0024 0.0032 0.0028 0.0035 0.0020 0.0025 
      H535.6  1 0.0035 0.0037 0.0041 0.9159 0.0063 0.0019 0.0040 0.0034 0.0016 0.0035 0.0033 0.0036 0.0037 0.0074 0.0067 0.0030 0.0029 0.0039 0.0022 0.0068 0.0021 0.0064 
      H535.7  1 0.0027 0.0026 0.0020 0.9514 0.0023 0.0039 0.0027 0.0018 0.0017 0.0021 0.0023 0.0020 0.0022 0.0025 0.0021 0.0023 0.0018 0.0031 0.0021 0.0024 0.0024 0.0016 
      H535.8  1 0.0026 0.0033 0.0029 0.9351 0.0036 0.0024 0.0018 0.0020 0.0020 0.0034 0.0035 0.0018 0.0037 0.0066 0.0024 0.0030 0.0021 0.0042 0.0035 0.0054 0.0022 0.0023 
      H535.9  1 0.0024 0.0028 0.0025 0.9403 0.0032 0.0024 0.0039 0.0030 0.0025 0.0022 0.0025 0.0032 0.0025 0.0031 0.0028 0.0031 0.0031 0.0027 0.0021 0.0030 0.0021 0.0045 
      H539.1  1 0.0040 0.0030 0.0030 0.0023 0.0028 0.0020 0.0036 0.0072 0.0022 0.0036 0.0024 0.0029 0.0030 0.0031 0.9351 0.0021 0.0034 0.0020 0.0023 0.0027 0.0020 0.0054 
      H539.2  1 0.0658 0.0127 0.0040 0.0095 0.0057 0.0031 0.0393 0.1592 0.0064 0.0064 0.0286 0.0450 0.0138 0.0293 0.5155 0.0048 0.0041 0.0065 0.0034 0.0062 0.0254 0.0052 
      H539.3  1 0.0151 0.0080 0.0030 0.0113 0.0027 0.0029 0.0069 0.0127 0.0034 0.0050 0.0059 0.0097 0.0173 0.0173 0.8331 0.0036 0.0050 0.0038 0.0030 0.0178 0.0088 0.0038 
      H539.4  1 0.0184 0.0064 0.0051 0.0031 0.0038 0.0029 0.0068 0.0387 0.0036 0.0028 0.0046 0.0035 0.0027 0.0032 0.8637 0.0034 0.0026 0.0052 0.0029 0.0031 0.0098 0.0038 
      H539.5  1 0.0035 0.0023 0.0023 0.0043 0.0025 0.0024 0.0042 0.0074 0.0022 0.0042 0.0023 0.0026 0.0034 0.0049 0.9337 0.0026 0.0024 0.0025 0.0022 0.0016 0.0029 0.0036 
      H539.6  1 0.0047 0.0044 0.0026 0.0027 0.0030 0.0022 0.0030 0.0063 0.0027 0.0045 0.0027 0.0029 0.0035 0.0124 0.9189 0.0024 0.0032 0.0027 0.0030 0.0036 0.0028 0.0058 
      H539.7  1 0.0037 0.0061 0.0042 0.0029 0.0030 0.0025 0.0035 0.0068 0.0027 0.0018 0.0025 0.0041 0.0048 0.0039 0.9258 0.0028 0.0023 0.0023 0.0020 0.0029 0.0064 0.0032 
      H539.8  1 0.0127 0.0101 0.0034 0.0233 0.0030 0.0041 0.0056 0.0356 0.0050 0.0040 0.0086 0.0218 0.0081 0.0065 0.8005 0.0044 0.0039 0.0057 0.0027 0.0135 0.0126 0.0046 
      H539.9  1 0.0092 0.0055 0.0028 0.0023 0.0027 0.0019 0.0040 0.0103 0.0031 0.0027 0.0044 0.0025 0.0030 0.0030 0.9179 0.0033 0.0030 0.0045 0.0038 0.0025 0.0051 0.0025 
      H540.1  1 0.0228 0.0034 0.0038 0.0041 0.0113 0.0036 0.0078 0.0039 0.0047 0.0069 0.0037 0.0022 0.0063 0.0850 0.8013 0.0036 0.0071 0.0047 0.0027 0.0033 0.0035 0.0041 
      H540.2  1 0.0086 0.0024 0.0080 0.0020 0.0051 0.0049 0.0034 0.0035 0.0050 0.0080 0.0034 0.0040 0.0073 0.0108 0.8976 0.0033 0.0038 0.0046 0.0027 0.0021 0.0049 0.0047 
      H540.3  1 0.0213 0.0152 0.0239 0.0052 0.0071 0.0223 0.0124 0.0157 0.0072 0.0061 0.0273 0.0100 0.0297 0.0066 0.7361 0.0034 0.0145 0.0089 0.0055 0.0039 0.0120 0.0056 
      H540.4  1 0.0145 0.0044 0.0094 0.0050 0.0238 0.0037 0.0092 0.0228 0.0069 0.0042 0.0031 0.0044 0.0040 0.0115 0.8357 0.0053 0.0052 0.0050 0.0028 0.0033 0.0086 0.0073 
      H540.5  1 0.0107 0.0042 0.0060 0.0026 0.0072 0.0044 0.0061 0.0039 0.0050 0.0041 0.0064 0.0033 0.0060 0.0054 0.8936 0.0028 0.0033 0.0044 0.0033 0.0021 0.0106 0.0046 
      H540.6  1 0.0268 0.0042 0.0055 0.0039 0.0278 0.0049 0.0175 0.0049 0.0102 0.0094 0.0072 0.0049 0.0074 0.0241 0.7970 0.0055 0.0078 0.0058 0.0049 0.0029 0.0102 0.0073 
      H540.7  1 0.0091 0.0045 0.0145 0.0035 0.0134 0.0190 0.0091 0.0079 0.0085 0.0196 0.0052 0.0071 0.0145 0.0143 0.8143 0.0085 0.0041 0.0045 0.0024 0.0051 0.0061 0.0049 
      H540.8  1 0.1433 0.0057 0.0345 0.0054 0.0072 0.0060 0.0107 0.0071 0.0032 0.0068 0.0035 0.0039 0.0490 0.0142 0.6606 0.0031 0.0041 0.0047 0.0028 0.0038 0.0055 0.0152 
     H9558.1  1 0.0034 0.0034 0.0035 0.0056 0.0047 0.0022 0.0025 0.0028 0.0017 0.0020 0.0025 0.0035 0.0037 0.0051 0.9199 0.0053 0.0022 0.0028 0.0060 0.0040 0.0045 0.0085 
     H9558.2  1 0.0034 0.0046 0.0060 0.0076 0.0197 0.0042 0.0031 0.0029 0.0068 0.0111 0.0061 0.0061 0.0106 0.0081 0.8310 0.0086 0.0031 0.0066 0.0164 0.0189 0.0080 0.0072 
     H9558.3  1 0.0031 0.0026 0.0034 0.0047 0.0085 0.0023 0.0025 0.0034 0.0056 0.0124 0.0064 0.0076 0.0062 0.0048 0.8559 0.0023 0.0024 0.0066 0.0467 0.0049 0.0050 0.0028 
     H9558.4  1 0.0059 0.0022 0.0040 0.0070 0.0045 0.0019 0.0027 0.0023 0.0023 0.0026 0.0026 0.0045 0.0040 0.0036 0.9230 0.0040 0.0019 0.0020 0.0049 0.0025 0.0067 0.0047 
     H9558.5  1 0.0034 0.0038 0.0030 0.0064 0.0033 0.0027 0.0032 0.0057 0.0040 0.0034 0.0053 0.0054 0.0022 0.0023 0.9233 0.0031 0.0016 0.0035 0.0041 0.0019 0.0060 0.0026 
     H9558.6  1 0.0041 0.0054 0.0059 0.0058 0.0046 0.0024 0.0037 0.0030 0.0036 0.0051 0.0051 0.0042 0.0057 0.0026 0.8940 0.0032 0.0027 0.0065 0.0193 0.0045 0.0028 0.0057 
    kos339.1  1 0.0072 0.0170 0.0144 0.0049 0.0120 0.7888 0.0089 0.0058 0.0243 0.0329 0.0053 0.0037 0.0026 0.0113 0.0062 0.0263 0.0021 0.0063 0.0071 0.0029 0.0030 0.0069 
    kos339.2  1 0.0034 0.0039 0.0059 0.0037 0.0025 0.8968 0.0053 0.0048 0.0086 0.0057 0.0061 0.0030 0.0034 0.0035 0.0038 0.0095 0.0068 0.0043 0.0048 0.0051 0.0033 0.0058 
    kos339.3  1 0.0035 0.0116 0.0048 0.0052 0.0035 0.9160 0.0032 0.0046 0.0020 0.0034 0.0026 0.0029 0.0038 0.0050 0.0030 0.0039 0.0032 0.0029 0.0029 0.0059 0.0025 0.0034 
    kos339.4  1 0.0033 0.0366 0.0085 0.0050 0.0041 0.8844 0.0034 0.0038 0.0026 0.0032 0.0038 0.0036 0.0043 0.0045 0.0037 0.0037 0.0030 0.0027 0.0027 0.0056 0.0031 0.0044 
    kos339.5  1 0.0036 0.0088 0.0039 0.0028 0.0063 0.8585 0.0056 0.0033 0.0082 0.0517 0.0027 0.0034 0.0025 0.0042 0.0035 0.0092 0.0024 0.0044 0.0045 0.0028 0.0025 0.0055 
    kos339.6  1 0.0030 0.0035 0.0037 0.0026 0.0036 0.9195 0.0058 0.0027 0.0050 0.0091 0.0034 0.0026 0.0058 0.0036 0.0026 0.0058 0.0042 0.0025 0.0030 0.0020 0.0026 0.0036 
    kos339.7  1 0.0033 0.0106 0.0066 0.0079 0.0047 0.9113 0.0033 0.0043 0.0022 0.0028 0.0025 0.0023 0.0035 0.0044 0.0028 0.0059 0.0041 0.0035 0.0023 0.0050 0.0028 0.0037 
    kos339.8  1 0.0031 0.0084 0.0089 0.0030 0.0030 0.9000 0.0052 0.0032 0.0050 0.0052 0.0040 0.0030 0.0036 0.0036 0.0022 0.0163 0.0038 0.0038 0.0030 0.0049 0.0033 0.0035 
    kos339.9  1 0.0052 0.0297 0.0117 0.0046 0.0175 0.7370 0.0264 0.0147 0.0051 0.0242 0.0088 0.0021 0.0049 0.0132 0.0155 0.0076 0.0087 0.0092 0.0071 0.0076 0.0034 0.0360 
      H409.1 12 0.0024 0.0025 0.0036 0.0023 0.0051 0.0057 0.0027 0.0019 0.0039 0.0044 0.0032 0.0029 0.0033 0.0019 0.0017 0.0035 0.0025 0.9334 0.0031 0.0030 0.0040 0.0029 
     H409.10 12 0.0032 0.0026 0.0093 0.0028 0.0123 0.0046 0.0033 0.0086 0.0054 0.0045 0.0083 0.0074 0.0025 0.0062 0.0075 0.0276 0.0034 0.8535 0.0026 0.0048 0.0163 0.0034 
      H409.2 12 0.0045 0.0062 0.0133 0.0073 0.0036 0.0063 0.0036 0.0027 0.0035 0.0024 0.0084 0.0026 0.0038 0.0022 0.0039 0.0039 0.0035 0.9017 0.0029 0.0032 0.0057 0.0049 
      H409.3 12 0.0032 0.0037 0.0029 0.0040 0.0021 0.0025 0.0041 0.0024 0.0033 0.0032 0.0043 0.0037 0.0085 0.0030 0.0033 0.0051 0.0039 0.9249 0.0037 0.0028 0.0030 0.0025 
      H409.4 12 0.0027 0.0037 0.0027 0.0034 0.0035 0.0035 0.0029 0.0024 0.0029 0.0031 0.0044 0.0027 0.0050 0.0021 0.0026 0.0028 0.0025 0.9344 0.0046 0.0025 0.0031 0.0024 
      H409.5 12 0.0053 0.0036 0.0040 0.0048 0.0029 0.0023 0.0035 0.0039 0.0034 0.0035 0.0048 0.0027 0.0027 0.0042 0.0034 0.0038 0.0025 0.9247 0.0045 0.0029 0.0027 0.0042 
      H409.6 12 0.0218 0.0049 0.0050 0.0077 0.0085 0.0033 0.0052 0.0053 0.0070 0.0127 0.0057 0.0094 0.0067 0.0059 0.0073 0.0086 0.0062 0.8042 0.0529 0.0028 0.0049 0.0040 
      H409.7 12 0.0023 0.0029 0.0049 0.0024 0.0050 0.0072 0.0035 0.0026 0.0058 0.0055 0.0053 0.0039 0.0057 0.0023 0.0020 0.0043 0.0040 0.9129 0.0056 0.0045 0.0036 0.0038 
      H409.8 12 0.0038 0.0038 0.0040 0.0029 0.0036 0.0033 0.0030 0.0023 0.0059 0.0059 0.0024 0.0036 0.0034 0.0034 0.0027 0.0058 0.0025 0.9240 0.0038 0.0039 0.0022 0.0036 
      H409.9 12 0.0139 0.0043 0.0080 0.0101 0.0083 0.0036 0.0170 0.0332 0.0387 0.0042 0.0054 0.0159 0.0033 0.0112 0.2706 0.0908 0.0047 0.4381 0.0045 0.0051 0.0056 0.0035 
      H413.1 12 0.0025 0.0056 0.0023 0.0027 0.0052 0.0032 0.0026 0.0042 0.0045 0.0041 0.0032 0.9341 0.0030 0.0021 0.0019 0.0016 0.0024 0.0023 0.0044 0.0024 0.0034 0.0023 
      H413.2 12 0.0021 0.0040 0.0021 0.0028 0.0035 0.0030 0.0022 0.0034 0.0027 0.0030 0.0026 0.9419 0.0028 0.0022 0.0027 0.0030 0.0022 0.0019 0.0042 0.0031 0.0025 0.0023 
      H413.3 12 0.0021 0.0021 0.0024 0.0017 0.0028 0.0018 0.0018 0.0025 0.0061 0.0029 0.0031 0.9379 0.0052 0.0032 0.0032 0.0030 0.0020 0.0033 0.0043 0.0024 0.0037 0.0025 
      H413.4 12 0.0027 0.0026 0.0030 0.0018 0.0052 0.0068 0.0040 0.0040 0.0072 0.0110 0.0060 0.9078 0.0050 0.0030 0.0024 0.0050 0.0032 0.0052 0.0046 0.0037 0.0024 0.0032 
      H413.5 12 0.0030 0.0023 0.0025 0.0018 0.0028 0.0021 0.0020 0.0121 0.0027 0.0058 0.0028 0.9162 0.0023 0.0032 0.0129 0.0028 0.0036 0.0025 0.0029 0.0018 0.0028 0.0092 
      H413.6 12 0.0022 0.0037 0.0023 0.0031 0.0042 0.0051 0.0039 0.0098 0.0063 0.0256 0.0091 0.8548 0.0042 0.0024 0.0121 0.0020 0.0025 0.0042 0.0057 0.0174 0.0171 0.0023 
      H413.7 12 0.0021 0.0025 0.0024 0.0026 0.0025 0.0027 0.0020 0.0023 0.0022 0.0029 0.0026 0.9478 0.0024 0.0024 0.0031 0.0027 0.0022 0.0020 0.0024 0.0036 0.0026 0.0020 
      H563.1 12 0.0040 0.0033 0.0024 0.0021 0.0022 0.0033 0.0047 0.0039 0.9135 0.0042 0.0054 0.0108 0.0028 0.0039 0.0111 0.0025 0.0029 0.0039 0.0036 0.0023 0.0049 0.0021 
      H563.2 12 0.0034 0.0049 0.0079 0.0030 0.0076 0.0117 0.0053 0.0045 0.8698 0.0043 0.0084 0.0075 0.0181 0.0055 0.0045 0.0042 0.0036 0.0099 0.0050 0.0036 0.0030 0.0044 
      H563.3 12 0.0033 0.0024 0.0030 0.0020 0.0035 0.0025 0.0031 0.0031 0.9197 0.0095 0.0075 0.0031 0.0032 0.0076 0.0075 0.0029 0.0029 0.0030 0.0027 0.0025 0.0028 0.0022 
      H563.4 12 0.0075 0.0049 0.0032 0.0030 0.0038 0.0044 0.0039 0.0051 0.8893 0.0051 0.0078 0.0119 0.0047 0.0040 0.0057 0.0040 0.0042 0.0076 0.0097 0.0017 0.0053 0.0032 
      H563.5 12 0.0038 0.0039 0.0023 0.0017 0.0031 0.0033 0.0044 0.0041 0.9202 0.0054 0.0086 0.0047 0.0028 0.0041 0.0071 0.0020 0.0032 0.0034 0.0038 0.0021 0.0040 0.0020 
      H563.6 12 0.0040 0.0055 0.0040 0.0030 0.0043 0.0099 0.0039 0.0056 0.8875 0.0076 0.0102 0.0092 0.0064 0.0046 0.0046 0.0047 0.0033 0.0051 0.0046 0.0037 0.0031 0.0052 
      H563.7 12 0.0022 0.0039 0.0029 0.0020 0.0046 0.0120 0.0026 0.0038 0.8989 0.0086 0.0102 0.0084 0.0050 0.0032 0.0029 0.0034 0.0025 0.0072 0.0063 0.0034 0.0028 0.0033 
      H563.8 12 0.0079 0.0070 0.0028 0.0018 0.0037 0.0035 0.0071 0.0063 0.8871 0.0126 0.0085 0.0052 0.0037 0.0045 0.0164 0.0028 0.0028 0.0027 0.0042 0.0027 0.0046 0.0022 
      H563.9 12 0.0041 0.0068 0.0062 0.0019 0.0041 0.0111 0.0045 0.0046 0.8753 0.0075 0.0057 0.0076 0.0091 0.0041 0.0057 0.0042 0.0039 0.0157 0.0044 0.0034 0.0054 0.0046 
     H7374.1 12 0.0051 0.0058 0.0079 0.0052 0.0042 0.0035 0.0033 0.0031 0.0052 0.0038 0.8834 0.0037 0.0101 0.0061 0.0041 0.0030 0.0042 0.0076 0.0107 0.0138 0.0029 0.0033 
     H7374.2 12 0.0050 0.0033 0.0058 0.0042 0.0034 0.0019 0.0054 0.0032 0.0061 0.0035 0.8989 0.0078 0.0055 0.0065 0.0081 0.0037 0.0041 0.0047 0.0047 0.0049 0.0063 0.0030 
     H7374.3 12 0.0067 0.0068 0.0162 0.0038 0.0047 0.0044 0.0059 0.0057 0.0069 0.0068 0.7938 0.0046 0.0172 0.0078 0.0068 0.0057 0.0061 0.0075 0.0064 0.0670 0.0032 0.0059 
     H7374.4 12 0.0029 0.0034 0.0039 0.0049 0.0043 0.0061 0.0051 0.0035 0.0038 0.0034 0.9169 0.0050 0.0037 0.0029 0.0063 0.0027 0.0027 0.0040 0.0027 0.0026 0.0054 0.0037 
     H7374.5 12 0.0027 0.0055 0.0023 0.0026 0.0031 0.0039 0.0036 0.0033 0.0051 0.0058 0.9195 0.0030 0.0025 0.0054 0.0089 0.0026 0.0024 0.0031 0.0049 0.0030 0.0030 0.0039 
     H7374.6 12 0.0050 0.0060 0.0114 0.0075 0.0080 0.0078 0.0060 0.0043 0.0077 0.0043 0.8406 0.0045 0.0173 0.0064 0.0084 0.0055 0.0095 0.0043 0.0030 0.0203 0.0031 0.0092 
     H7374.7 12 0.0022 0.0036 0.0025 0.0036 0.0037 0.0047 0.0040 0.0023 0.0030 0.0048 0.9311 0.0040 0.0037 0.0022 0.0023 0.0025 0.0033 0.0044 0.0036 0.0024 0.0029 0.0029 
     H7374.8 12 0.0033 0.0054 0.0050 0.0028 0.0034 0.0066 0.0033 0.0023 0.0053 0.0058 0.9089 0.0028 0.0050 0.0038 0.0025 0.0032 0.0036 0.0075 0.0044 0.0100 0.0020 0.0030 
     H7374.9 12 0.0033 0.0061 0.0028 0.0022 0.0034 0.0042 0.0079 0.0048 0.0041 0.0049 0.9132 0.0032 0.0034 0.0036 0.0072 0.0029 0.0040 0.0029 0.0038 0.0031 0.0047 0.0044 
     H9563.1 12 0.0049 0.0062 0.0054 0.0028 0.0028 0.0041 0.0036 0.0038 0.9195 0.0034 0.0028 0.0046 0.0042 0.0030 0.0038 0.0037 0.0031 0.0025 0.0023 0.0052 0.0044 0.0040 
     H9563.2 12 0.0113 0.0043 0.0080 0.0031 0.0039 0.0028 0.0032 0.0076 0.9131 0.0031 0.0027 0.0053 0.0031 0.0036 0.0038 0.0031 0.0039 0.0017 0.0034 0.0030 0.0025 0.0036 
     H9563.3 12 0.0049 0.0029 0.0041 0.0048 0.0028 0.0035 0.0045 0.0036 0.9092 0.0046 0.0044 0.0024 0.0042 0.0034 0.0020 0.0076 0.0058 0.0049 0.0067 0.0067 0.0045 0.0025 
     H9563.4 12 0.0269 0.0066 0.0138 0.0137 0.0048 0.0062 0.0201 0.0127 0.8058 0.0062 0.0065 0.0046 0.0134 0.0070 0.0064 0.0046 0.0055 0.0111 0.0073 0.0073 0.0047 0.0047 
     H9563.5 12 0.0214 0.0063 0.0049 0.0052 0.0072 0.0073 0.0061 0.0097 0.8685 0.0029 0.0029 0.0039 0.0076 0.0067 0.0039 0.0083 0.0042 0.0066 0.0037 0.0030 0.0050 0.0048 
     H9563.6 12 0.0074 0.0029 0.0038 0.0049 0.0038 0.0028 0.0039 0.0061 0.8908 0.0082 0.0050 0.0047 0.0027 0.0037 0.0024 0.0072 0.0034 0.0035 0.0196 0.0069 0.0039 0.0024 
     H9563.7 12 0.0072 0.0024 0.0027 0.0083 0.0023 0.0020 0.0035 0.0036 0.9104 0.0041 0.0051 0.0031 0.0029 0.0048 0.0025 0.0063 0.0033 0.0034 0.0115 0.0055 0.0027 0.0023 
     H9563.8 12 0.0538 0.0090 0.0203 0.0048 0.0085 0.0098 0.0129 0.0445 0.7607 0.0024 0.0034 0.0031 0.0058 0.0037 0.0040 0.0102 0.0051 0.0100 0.0085 0.0053 0.0090 0.0051 
     H9563.9 12 0.0165 0.0049 0.0113 0.0023 0.0050 0.0036 0.0061 0.0092 0.8806 0.0043 0.0034 0.0055 0.0044 0.0035 0.0053 0.0076 0.0030 0.0033 0.0055 0.0065 0.0047 0.0035 
     H9572.1 12 0.0049 0.0033 0.0048 0.0047 0.0070 0.0046 0.0037 0.0111 0.0109 0.8546 0.0099 0.0086 0.0080 0.0114 0.0154 0.0068 0.0049 0.0043 0.0042 0.0057 0.0053 0.0057 
     H9572.2 12 0.0177 0.0053 0.0188 0.0025 0.0061 0.0056 0.0050 0.0136 0.0343 0.7801 0.0234 0.0067 0.0109 0.0081 0.0045 0.0036 0.0154 0.0066 0.0084 0.0080 0.0034 0.0122 
