      H105.1  1 0.0032 0.0022 0.0026 0.0021 0.0043 0.0033 0.0022 0.0031 0.0036 0.0023 0.0023 0.0029 0.0024 0.0040 0.0043 0.0033 0.0090 0.0027 0.9347 0.0033 0.0022 
      H105.2  1 0.0041 0.0032 0.0034 0.0057 0.0030 0.0042 0.0034 0.0052 0.0071 0.0052 0.0037 0.0030 0.0050 0.0034 0.0053 0.0088 0.0045 0.0022 0.9138 0.0020 0.0037 
      H105.3  1 0.0029 0.0023 0.0021 0.0018 0.0039 0.0028 0.0029 0.0027 0.0021 0.0031 0.0023 0.0032 0.0036 0.0042 0.0024 0.0032 0.0024 0.0019 0.9450 0.0031 0.0021 
      H105.4  1 0.0028 0.0034 0.0037 0.0022 0.0026 0.0026 0.0028 0.0065 0.0024 0.0064 0.0031 0.0044 0.0043 0.0044 0.0039 0.0040 0.0056 0.0028 0.9259 0.0030 0.0032 
      H105.5  1 0.0041 0.0027 0.0048 0.0027 0.0040 0.0058 0.0029 0.0061 0.0073 0.0060 0.0036 0.0043 0.0090 0.0042 0.0092 0.0038 0.0345 0.0033 0.8724 0.0038 0.0056 
      H105.6  1 0.0034 0.0057 0.0035 0.0033 0.0035 0.0044 0.0067 0.0049 0.0046 0.0092 0.0058 0.0079 0.0060 0.0056 0.0035 0.0036 0.0039 0.0030 0.8995 0.0037 0.0084 
      H105.7  1 0.0034 0.0038 0.0057 0.0042 0.0091 0.0061 0.0058 0.0097 0.0067 0.0059 0.0124 0.0040 0.0054 0.0160 0.0072 0.0049 0.0092 0.0025 0.8685 0.0035 0.0060 
      H105.8  1 0.0029 0.0024 0.0027 0.0032 0.0027 0.0027 0.0031 0.0028 0.0028 0.0039 0.0022 0.0022 0.0038 0.0030 0.0036 0.0056 0.0035 0.0025 0.9399 0.0022 0.0025 
      H115.1  1 0.0042 0.0034 0.0045 0.0072 0.0038 0.0075 0.0381 0.0074 0.0062 0.0129 0.0055 0.0034 0.8175 0.0089 0.0035 0.0093 0.0278 0.0081 0.0045 0.0038 0.0125 
      H115.2  1 0.0037 0.0026 0.0042 0.0089 0.0035 0.0079 0.0076 0.0050 0.0056 0.0046 0.0077 0.0040 0.8416 0.0048 0.0052 0.0032 0.0244 0.0047 0.0037 0.0030 0.0440 
      H115.3  1 0.0035 0.0034 0.0083 0.0067 0.0035 0.0073 0.0022 0.0048 0.0022 0.0028 0.0025 0.0042 0.9037 0.0064 0.0034 0.0022 0.0082 0.0059 0.0036 0.0036 0.0118 
      H115.4  1 0.0032 0.0061 0.0094 0.0071 0.0036 0.0090 0.0048 0.0111 0.0083 0.0027 0.0033 0.0058 0.8380 0.0041 0.0195 0.0337 0.0061 0.0111 0.0027 0.0063 0.0040 
      H115.5  1 0.0031 0.0084 0.0063 0.0058 0.0070 0.0168 0.0155 0.0070 0.0070 0.0069 0.0040 0.0081 0.7899 0.0043 0.0054 0.0059 0.0164 0.0388 0.0130 0.0102 0.0204 
      H115.6  1 0.0094 0.0030 0.0075 0.0483 0.0050 0.0295 0.0032 0.0050 0.0040 0.0043 0.0064 0.0127 0.7879 0.0097 0.0062 0.0032 0.0120 0.0196 0.0038 0.0043 0.0151 
      H115.7  1 0.0056 0.0031 0.0041 0.0128 0.0040 0.0099 0.0547 0.0189 0.0078 0.0119 0.0077 0.0044 0.7833 0.0115 0.0071 0.0048 0.0105 0.0102 0.0057 0.0059 0.0160 
      H115.8  1 0.0035 0.0018 0.0049 0.0082 0.0048 0.0075 0.0042 0.0026 0.0057 0.0035 0.0038 0.0037 0.8922 0.0060 0.0050 0.0037 0.0085 0.0087 0.0071 0.0037 0.0109 
      H115.9  1 0.0033 0.0038 0.0064 0.0058 0.0047 0.0114 0.0120 0.0087 0.0044 0.0173 0.0045 0.0034 0.7385 0.0068 0.0043 0.0118 0.0357 0.0097 0.0038 0.0035 0.1001 
      H145.1  1 0.0099 0.0042 0.0083 0.0144 0.0034 0.0135 0.0025 0.0142 0.0045 0.0045 0.0219 0.0054 0.0066 0.0056 0.0036 0.0035 0.0100 0.0047 0.0024 0.8473 0.0094 
      H145.2  1 0.0039 0.0055 0.0079 0.0066 0.0041 0.0087 0.0020 0.0048 0.0025 0.0029 0.0062 0.0080 0.0045 0.0042 0.0042 0.0047 0.0075 0.0061 0.0028 0.8978 0.0050 
      H145.3  1 0.0028 0.0030 0.0021 0.0140 0.0031 0.0022 0.0024 0.0038 0.0028 0.0027 0.0030 0.0020 0.0031 0.0023 0.0021 0.0024 0.0027 0.0023 0.0022 0.9367 0.0023 
      H145.4  1 0.0061 0.0025 0.0055 0.0046 0.0028 0.0070 0.0032 0.0073 0.0032 0.0068 0.0234 0.0043 0.0031 0.0076 0.0037 0.0030 0.0050 0.0037 0.0027 0.8905 0.0041 
      H145.5  1 0.0039 0.0023 0.0024 0.0223 0.0037 0.0028 0.0022 0.0038 0.0024 0.0031 0.0036 0.0026 0.0023 0.0025 0.0023 0.0027 0.0035 0.0034 0.0030 0.9227 0.0025 
      H145.6  1 0.0032 0.0044 0.0041 0.0043 0.0029 0.0058 0.0026 0.0042 0.0021 0.0025 0.0072 0.0073 0.0028 0.0043 0.0046 0.0037 0.0059 0.0044 0.0031 0.9172 0.0035 
      H145.7  1 0.0036 0.0027 0.0042 0.0026 0.0030 0.0041 0.0022 0.0030 0.0024 0.0030 0.0036 0.0047 0.0032 0.0035 0.0026 0.0030 0.0030 0.0061 0.0022 0.9352 0.0021 
      H149.1  1 0.0039 0.0026 0.0054 0.0038 0.0026 0.0053 0.0026 0.0026 0.0028 0.0036 0.0034 0.0032 0.0028 0.0028 0.0028 0.0028 0.0038 0.9340 0.0031 0.0034 0.0030 
      H149.2  1 0.0034 0.0035 0.0042 0.0067 0.0034 0.0073 0.0022 0.0063 0.0028 0.0053 0.0105 0.0036 0.0031 0.0043 0.0043 0.0029 0.0120 0.9009 0.0043 0.0066 0.0025 
      H149.3  1 0.0050 0.0077 0.0444 0.0127 0.0041 0.0248 0.0032 0.0204 0.0129 0.0107 0.0108 0.0087 0.0232 0.0342 0.0163 0.0117 0.0530 0.6447 0.0083 0.0386 0.0046 
      H149.4  1 0.0028 0.0039 0.0088 0.0072 0.0095 0.0064 0.0030 0.0026 0.0043 0.0040 0.0032 0.0034 0.0031 0.0060 0.0076 0.0164 0.0031 0.8905 0.0069 0.0033 0.0040 
      H149.5  1 0.0048 0.0084 0.0059 0.0037 0.0078 0.0132 0.0034 0.0292 0.0082 0.0058 0.0126 0.0056 0.0033 0.0528 0.0258 0.0131 0.0196 0.7456 0.0162 0.0127 0.0023 
      H149.6  1 0.0031 0.0032 0.0042 0.0034 0.0029 0.0058 0.0029 0.0040 0.0034 0.0044 0.0067 0.0042 0.0037 0.0082 0.0049 0.0028 0.0101 0.9088 0.0046 0.0062 0.0022 
      H149.7  1 0.0057 0.0051 0.0244 0.0094 0.0166 0.0172 0.0068 0.0112 0.0554 0.0119 0.0296 0.0087 0.0133 0.0385 0.0091 0.0336 0.0144 0.6662 0.0139 0.0054 0.0033 
      H150.1  1 0.0034 0.0019 0.0041 0.0074 0.0055 0.0045 0.0033 0.0067 0.0038 0.0054 0.0053 0.0058 0.6837 0.0055 0.0035 0.0027 0.0075 0.0027 0.0057 0.0041 0.2273 
      H150.2  1 0.0042 0.0029 0.0033 0.0068 0.0042 0.0075 0.0065 0.0048 0.0072 0.0040 0.0047 0.0060 0.8657 0.0052 0.0051 0.0034 0.0034 0.0051 0.0045 0.0025 0.0430 
      H150.3  1 0.0100 0.0027 0.0032 0.0587 0.0056 0.0074 0.0407 0.0080 0.0128 0.0081 0.0119 0.0068 0.2584 0.0081 0.0044 0.0039 0.0123 0.0054 0.0049 0.0071 0.5194 
      H150.4  1 0.0041 0.0017 0.0028 0.0089 0.0083 0.0052 0.0057 0.0064 0.0097 0.0049 0.0055 0.0044 0.1119 0.0050 0.0032 0.0028 0.0061 0.0027 0.0037 0.0065 0.7905 
      H150.5  1 0.0069 0.0024 0.0054 0.0054 0.0031 0.0100 0.0051 0.0076 0.0082 0.0052 0.0068 0.0068 0.8482 0.0093 0.0057 0.0026 0.0081 0.0039 0.0054 0.0041 0.0398 
      H150.6  1 0.0101 0.0033 0.0083 0.0041 0.0037 0.0062 0.0024 0.0066 0.0080 0.0082 0.0032 0.0076 0.8782 0.0034 0.0126 0.0038 0.0062 0.0034 0.0059 0.0077 0.0071 
      H150.7  1 0.0033 0.0020 0.0026 0.0195 0.0080 0.0065 0.0058 0.0061 0.0028 0.0035 0.0050 0.0045 0.2455 0.0051 0.0097 0.0035 0.0062 0.0042 0.0135 0.0036 0.6391 
   H169607.1  1 0.0074 0.0031 0.0048 0.0155 0.0030 0.0146 0.0035 0.8334 0.0067 0.0042 0.0075 0.0094 0.0082 0.0051 0.0034 0.0137 0.0250 0.0048 0.0027 0.0137 0.0104 
   H169607.2  1 0.0033 0.0029 0.0026 0.0036 0.0058 0.0027 0.0027 0.9353 0.0026 0.0028 0.0040 0.0047 0.0021 0.0035 0.0025 0.0025 0.0035 0.0023 0.0030 0.0028 0.0049 
   H169607.3  1 0.0040 0.0047 0.0053 0.0088 0.0028 0.0127 0.0034 0.7646 0.0063 0.0048 0.0054 0.0043 0.0083 0.0044 0.0103 0.0084 0.1147 0.0043 0.0041 0.0140 0.0046 
   H169607.4  1 0.0104 0.0029 0.0037 0.0097 0.0040 0.0049 0.0020 0.9145 0.0022 0.0027 0.0039 0.0065 0.0028 0.0030 0.0023 0.0021 0.0078 0.0024 0.0032 0.0044 0.0048 
   H169607.5  1 0.0030 0.0031 0.0061 0.0036 0.0031 0.0090 0.0033 0.8767 0.0050 0.0029 0.0042 0.0027 0.0051 0.0041 0.0036 0.0023 0.0470 0.0033 0.0020 0.0035 0.0065 
   H169607.6  1 0.0030 0.0029 0.0021 0.0032 0.0035 0.0026 0.0024 0.9413 0.0024 0.0020 0.0038 0.0046 0.0021 0.0027 0.0028 0.0028 0.0036 0.0020 0.0041 0.0023 0.0038 
   H169607.7  1 0.0026 0.0025 0.0138 0.0045 0.0032 0.0037 0.0020 0.8985 0.0085 0.0022 0.0035 0.0037 0.0128 0.0030 0.0032 0.0093 0.0063 0.0033 0.0051 0.0050 0.0034 
   H169607.8  1 0.0054 0.0040 0.0033 0.0037 0.0055 0.0028 0.0029 0.9221 0.0036 0.0043 0.0040 0.0028 0.0031 0.0030 0.0036 0.0031 0.0080 0.0030 0.0038 0.0036 0.0042 
   H169633.1  1 0.0048 0.0050 0.0035 0.0042 0.0039 0.0104 0.0145 0.0027 0.0286 0.0042 0.0088 0.0122 0.0047 0.0066 0.0048 0.0030 0.0047 0.8501 0.0038 0.0143 0.0049 
   H169633.2  1 0.0041 0.0067 0.0046 0.0029 0.0034 0.0550 0.0081 0.0022 0.0164 0.0077 0.0041 0.0654 0.0083 0.0044 0.0090 0.0083 0.0092 0.7520 0.0128 0.0131 0.0023 
   H169633.3  1 0.0063 0.0076 0.0150 0.0039 0.0072 0.0201 0.0082 0.0030 0.0065 0.0072 0.0307 0.0077 0.0053 0.0098 0.0063 0.0040 0.0062 0.8297 0.0034 0.0058 0.0061 
   H169633.4  1 0.0070 0.0065 0.0057 0.0042 0.0057 0.0096 0.0129 0.0058 0.0038 0.0055 0.0197 0.0035 0.0062 0.0076 0.0065 0.0040 0.0066 0.8613 0.0040 0.0077 0.0061 
   H169633.5  1 0.0083 0.0068 0.0072 0.0045 0.0046 0.0088 0.0105 0.0050 0.0030 0.0056 0.0159 0.0038 0.0082 0.0068 0.0075 0.0041 0.0057 0.8629 0.0047 0.0073 0.0087 
   H169688.1  1 0.0073 0.0097 0.0058 0.0178 0.0106 0.0040 0.0340 0.0166 0.8095 0.0048 0.0152 0.0056 0.0042 0.0034 0.0156 0.0092 0.0056 0.0055 0.0034 0.0060 0.0061 
   H169688.2  1 0.0042 0.0032 0.0041 0.0025 0.0041 0.0031 0.0051 0.0035 0.9054 0.0093 0.0083 0.0070 0.0021 0.0035 0.0061 0.0055 0.0049 0.0030 0.0094 0.0028 0.0026 
   H169688.3  1 0.0029 0.0020 0.0032 0.0030 0.0018 0.0045 0.0027 0.0024 0.9313 0.0061 0.0033 0.0045 0.0027 0.0036 0.0035 0.0040 0.0037 0.0028 0.0047 0.0036 0.0037 
   H169688.4  1 0.0020 0.0023 0.0035 0.0020 0.0019 0.0025 0.0022 0.0027 0.9436 0.0036 0.0026 0.0026 0.0046 0.0024 0.0023 0.0027 0.0043 0.0029 0.0018 0.0030 0.0045 
   H169688.5  1 0.0023 0.0025 0.0035 0.0034 0.0021 0.0027 0.0027 0.0028 0.9418 0.0038 0.0030 0.0021 0.0042 0.0027 0.0024 0.0027 0.0046 0.0022 0.0017 0.0027 0.0039 
   H169688.6  1 0.0037 0.0046 0.0028 0.0032 0.0037 0.0029 0.0068 0.0029 0.8841 0.0021 0.0041 0.0027 0.0027 0.0026 0.0049 0.0463 0.0033 0.0084 0.0026 0.0023 0.0032 
   H169688.7  1 0.0047 0.0020 0.0054 0.0121 0.0114 0.0049 0.0027 0.0027 0.8685 0.0112 0.0046 0.0061 0.0110 0.0045 0.0046 0.0035 0.0085 0.0044 0.0063 0.0151 0.0057 
   H171901.1  1 0.0065 0.0021 0.0054 0.0059 0.0034 0.0501 0.0314 0.0317 0.0086 0.0057 0.1736 0.0120 0.0791 0.0285 0.0503 0.0066 0.3941 0.0047 0.0313 0.0450 0.0238 
   H171901.2  1 0.0156 0.0032 0.0251 0.0075 0.0093 0.1551 0.0034 0.0131 0.0055 0.0050 0.0144 0.0131 0.0110 0.0057 0.0071 0.0029 0.0210 0.5494 0.1053 0.0068 0.0207 
   H171901.3  1 0.0089 0.0054 0.0171 0.0063 0.0034 0.3010 0.0120 0.0071 0.0130 0.0075 0.0142 0.0152 0.0235 0.0059 0.0060 0.0050 0.1116 0.4101 0.0092 0.0035 0.0141 
   H171901.4  1 0.0113 0.0046 0.0136 0.0040 0.0041 0.2679 0.0048 0.0153 0.0041 0.0045 0.0050 0.0277 0.0158 0.0049 0.0048 0.0047 0.0277 0.4969 0.0665 0.0035 0.0085 
   H171901.5  1 0.0173 0.0040 0.0615 0.0131 0.0047 0.3307 0.0025 0.0148 0.0049 0.0082 0.0061 0.0793 0.0517 0.0047 0.0198 0.0068 0.0287 0.3091 0.0151 0.0041 0.0130 
   H171901.6  1 0.0165 0.0058 0.0506 0.0215 0.0054 0.2943 0.0045 0.0153 0.0088 0.0122 0.0243 0.1527 0.0499 0.0061 0.0395 0.0134 0.0304 0.2126 0.0157 0.0042 0.0163 
   H171901.7  1 0.0041 0.0071 0.1805 0.0062 0.0041 0.2326 0.0069 0.0078 0.0221 0.0053 0.1576 0.0223 0.0139 0.0055 0.0357 0.0067 0.0745 0.1894 0.0039 0.0050 0.0089 
   H171902.1  1 0.0026 0.0022 0.0031 0.9329 0.0046 0.0059 0.0021 0.0039 0.0034 0.0029 0.0034 0.0045 0.0035 0.0025 0.0029 0.0040 0.0032 0.0033 0.0019 0.0037 0.0036 
  H171902.10  1 0.0031 0.0021 0.0065 0.9294 0.0026 0.0035 0.0020 0.0041 0.0051 0.0021 0.0031 0.0023 0.0061 0.0032 0.0039 0.0044 0.0035 0.0040 0.0030 0.0032 0.0029 
   H171902.2  1 0.0027 0.0023 0.0022 0.9062 0.0048 0.0080 0.0047 0.0053 0.0061 0.0034 0.0035 0.0115 0.0041 0.0026 0.0035 0.0069 0.0050 0.0085 0.0024 0.0030 0.0035 
   H171902.3  1 0.0027 0.0028 0.0030 0.9121 0.0040 0.0106 0.0022 0.0053 0.0037 0.0037 0.0045 0.0060 0.0045 0.0026 0.0041 0.0039 0.0031 0.0109 0.0023 0.0026 0.0052 
   H171902.4  1 0.0036 0.0019 0.0034 0.9283 0.0030 0.0049 0.0025 0.0024 0.0024 0.0027 0.0045 0.0029 0.0030 0.0032 0.0028 0.0026 0.0028 0.0146 0.0019 0.0037 0.0029 
   H171902.6  1 0.0030 0.0025 0.0038 0.9375 0.0035 0.0045 0.0017 0.0033 0.0024 0.0028 0.0038 0.0026 0.0029 0.0023 0.0044 0.0029 0.0023 0.0051 0.0024 0.0025 0.0038 
   H171902.7  1 0.0052 0.0024 0.0065 0.8571 0.0036 0.0060 0.0017 0.0290 0.0032 0.0031 0.0087 0.0029 0.0084 0.0030 0.0037 0.0032 0.0318 0.0071 0.0070 0.0041 0.0022 
   H171902.8  1 0.0030 0.0025 0.0033 0.9225 0.0031 0.0066 0.0028 0.0045 0.0026 0.0027 0.0057 0.0041 0.0045 0.0029 0.0047 0.0030 0.0036 0.0071 0.0024 0.0032 0.0051 
   H171902.9  1 0.0030 0.0024 0.0031 0.9360 0.0036 0.0036 0.0028 0.0038 0.0026 0.0027 0.0032 0.0027 0.0040 0.0032 0.0026 0.0026 0.0028 0.0024 0.0026 0.0043 0.0061 
   H171903.1  1 0.0042 0.0058 0.0188 0.0039 0.0044 0.0110 0.0039 0.5087 0.0079 0.0038 0.0098 0.0070 0.0344 0.0065 0.0037 0.0040 0.3218 0.0029 0.0092 0.0038 0.0244 
   H171903.2  1 0.0088 0.0079 0.0231 0.0036 0.0046 0.0421 0.0022 0.1139 0.0034 0.0044 0.0075 0.0117 0.0148 0.0066 0.0044 0.0041 0.6797 0.0028 0.0398 0.0050 0.0096 
   H171903.3  1 0.0125 0.0167 0.0056 0.0030 0.0046 0.0644 0.0033 0.0786 0.0060 0.0077 0.0253 0.0050 0.0048 0.0033 0.0037 0.0026 0.7192 0.0045 0.0169 0.0044 0.0078 
   H171903.4  1 0.0097 0.0042 0.0151 0.0305 0.0027 0.0253 0.0043 0.2122 0.0691 0.0043 0.0325 0.0092 0.0188 0.0066 0.0041 0.0039 0.5214 0.0033 0.0038 0.0069 0.0120 
   H171903.5  1 0.0034 0.0039 0.0068 0.0034 0.0031 0.0550 0.0027 0.0666 0.0201 0.0060 0.0049 0.0065 0.0059 0.0045 0.0073 0.0038 0.7669 0.0085 0.0080 0.0041 0.0084 
   H171903.6  1 0.0027 0.0044 0.0182 0.0059 0.0026 0.0250 0.0018 0.1349 0.1039 0.0038 0.0057 0.0030 0.0053 0.0029 0.0036 0.0032 0.6514 0.0078 0.0034 0.0044 0.0062 
      H177.1  1 0.0075 0.0035 0.9119 0.0035 0.0036 0.0035 0.0049 0.0042 0.0053 0.0035 0.0081 0.0031 0.0048 0.0035 0.0032 0.0045 0.0052 0.0044 0.0023 0.0033 0.0063 
      H177.2  1 0.0186 0.0025 0.7446 0.0033 0.0140 0.0089 0.0023 0.0170 0.0061 0.0092 0.0038 0.0050 0.0148 0.0121 0.0145 0.0245 0.0109 0.0103 0.0039 0.0687 0.0049 
      H177.3  1 0.0047 0.0045 0.8972 0.0052 0.0035 0.0062 0.0022 0.0046 0.0031 0.0032 0.0052 0.0026 0.0043 0.0044 0.0060 0.0049 0.0119 0.0064 0.0021 0.0145 0.0035 
      H177.4  1 0.0049 0.0163 0.8253 0.0036 0.0058 0.0085 0.0020 0.0045 0.0025 0.0052 0.0165 0.0075 0.0032 0.0077 0.0071 0.0512 0.0066 0.0054 0.0068 0.0066 0.0029 
      H177.5  1 0.0099 0.0036 0.8417 0.0031 0.0069 0.0088 0.0036 0.0034 0.0092 0.0086 0.0305 0.0101 0.0050 0.0087 0.0045 0.0086 0.0104 0.0034 0.0052 0.0085 0.0061 
      H177.6  1 0.0057 0.0036 0.9029 0.0044 0.0048 0.0081 0.0020 0.0038 0.0030 0.0036 0.0040 0.0027 0.0031 0.0031 0.0045 0.0053 0.0072 0.0125 0.0020 0.0099 0.0040 
      H179.1  1 0.0051 0.0023 0.0101 0.0044 0.0053 0.0106 0.0105 0.0048 0.0184 0.0332 0.0138 0.0103 0.0070 0.0093 0.0054 0.8197 0.0057 0.0039 0.0059 0.0023 0.0121 
      H179.2  1 0.0105 0.0185 0.0104 0.0074 0.0032 0.0264 0.0030 0.0079 0.0361 0.0443 0.0071 0.0122 0.0133 0.0058 0.0133 0.7512 0.0099 0.0042 0.0066 0.0029 0.0060 
      H179.3  1 0.0063 0.0048 0.0210 0.0043 0.0044 0.0107 0.0061 0.0080 0.1313 0.0128 0.0280 0.0110 0.0165 0.0080 0.0068 0.6705 0.0209 0.0035 0.0039 0.0023 0.0192 
      H179.4  1 0.0348 0.0530 0.0158 0.0064 0.0080 0.0248 0.0047 0.0096 0.0223 0.0111 0.0277 0.0605 0.0054 0.0037 0.0095 0.6336 0.0411 0.0130 0.0061 0.0046 0.0044 
      H180.1  1 0.0037 0.0031 0.0105 0.0070 0.0027 0.0058 0.0046 0.0044 0.0043 0.0046 0.0022 0.0043 0.8802 0.0032 0.0213 0.0202 0.0051 0.0022 0.0041 0.0024 0.0040 
      H180.2  1 0.0023 0.0029 0.0125 0.0024 0.0044 0.0037 0.0070 0.0025 0.0038 0.0058 0.0033 0.0040 0.9175 0.0024 0.0044 0.0043 0.0039 0.0027 0.0038 0.0034 0.0031 
      H180.3  1 0.0022 0.0049 0.0047 0.0038 0.0067 0.0077 0.0034 0.0061 0.0044 0.0092 0.0041 0.0052 0.8979 0.0028 0.0033 0.0046 0.0047 0.0045 0.0028 0.0057 0.0114 
      H180.4  1 0.0033 0.0025 0.0057 0.0044 0.0047 0.0049 0.0067 0.0032 0.0026 0.0047 0.0031 0.0050 0.9064 0.0037 0.0091 0.0079 0.0045 0.0050 0.0055 0.0029 0.0043 
      H180.5  1 0.0028 0.0033 0.0135 0.0034 0.0058 0.0041 0.0032 0.0025 0.0032 0.0025 0.0036 0.0048 0.9091 0.0027 0.0121 0.0081 0.0036 0.0032 0.0022 0.0038 0.0024 
      H180.6  1 0.0021 0.0042 0.0037 0.0045 0.0247 0.0070 0.0035 0.0047 0.0032 0.0048 0.0089 0.0062 0.8641 0.0032 0.0043 0.0082 0.0070 0.0100 0.0050 0.0147 0.0060 
      H181.1  1 0.0026 0.0037 0.0071 0.0051 0.0064 0.0049 0.0032 0.0063 0.0029 0.0037 0.0055 0.0024 0.0041 0.0027 0.8871 0.0042 0.0199 0.0137 0.0083 0.0038 0.0023 
      H181.2  1 0.0043 0.0030 0.0086 0.0050 0.0068 0.0043 0.0037 0.0035 0.0029 0.0037 0.0039 0.0071 0.0038 0.0031 0.9087 0.0049 0.0030 0.0059 0.0044 0.0059 0.0034 
      H181.3  1 0.0056 0.0026 0.0049 0.0064 0.0078 0.0069 0.0049 0.0042 0.0042 0.0023 0.0028 0.0034 0.0045 0.0043 0.9042 0.0033 0.0045 0.0092 0.0044 0.0046 0.0050 
      H181.4  1 0.0050 0.0048 0.0079 0.0047 0.0239 0.0069 0.0047 0.0062 0.0055 0.0054 0.0046 0.0102 0.0168 0.0066 0.8245 0.0050 0.0104 0.0134 0.0090 0.0046 0.0198 
      H181.5  1 0.0030 0.0039 0.0027 0.0038 0.0032 0.0040 0.0045 0.0040 0.0041 0.0041 0.0048 0.0030 0.0032 0.0046 0.9182 0.0107 0.0034 0.0038 0.0054 0.0023 0.0034 
      H181.6  1 0.0030 0.0057 0.0053 0.0057 0.0026 0.0083 0.0028 0.0046 0.0042 0.0079 0.0057 0.0096 0.0072 0.0034 0.8807 0.0215 0.0050 0.0039 0.0066 0.0030 0.0033 
      H181.7  1 0.0033 0.0045 0.0035 0.0032 0.0040 0.0042 0.0024 0.0042 0.0038 0.0049 0.0052 0.0037 0.0040 0.0029 0.9067 0.0167 0.0051 0.0039 0.0065 0.0038 0.0036 
 H194.1_2004  1 0.0028 0.0038 0.0039 0.0045 0.0025 0.0072 0.0021 0.0057 0.0038 0.0035 0.9227 0.0056 0.0036 0.0034 0.0029 0.0020 0.0067 0.0037 0.0022 0.0031 0.0043 
 H194.2_2004  1 0.0028 0.0022 0.0026 0.0033 0.0031 0.0041 0.0038 0.0107 0.0025 0.0025 0.9277 0.0036 0.0022 0.0028 0.0039 0.0022 0.0060 0.0030 0.0030 0.0043 0.0038 
 H194.3_2004  1 0.0070 0.0051 0.0163 0.0051 0.0059 0.0110 0.0024 0.0041 0.0054 0.0517 0.8193 0.0058 0.0033 0.0048 0.0059 0.0068 0.0067 0.0210 0.0030 0.0067 0.0027 
 H194.4_2004  1 0.0038 0.0031 0.0062 0.0049 0.0038 0.0064 0.0032 0.0036 0.0025 0.0027 0.9155 0.0057 0.0024 0.0019 0.0050 0.0033 0.0055 0.0062 0.0030 0.0081 0.0030 
 H194.5_2004  1 0.0063 0.0051 0.0052 0.0060 0.0086 0.0122 0.0026 0.0066 0.0046 0.0171 0.8670 0.0121 0.0028 0.0036 0.0043 0.0046 0.0063 0.0127 0.0038 0.0036 0.0051 
 H194.6_2004  1 0.0062 0.0161 0.0431 0.0095 0.0046 0.0165 0.0027 0.0060 0.0067 0.0226 0.7975 0.0119 0.0042 0.0030 0.0042 0.0054 0.0118 0.0145 0.0033 0.0052 0.0049 
 H194.7_2004  1 0.0023 0.0039 0.0040 0.0021 0.0034 0.0028 0.0028 0.0035 0.0039 0.0029 0.9361 0.0028 0.0028 0.0027 0.0027 0.0022 0.0068 0.0030 0.0024 0.0037 0.0030 
 H194.8_2004  1 0.0042 0.0051 0.0073 0.0049 0.0064 0.0049 0.0028 0.0056 0.0029 0.0037 0.9073 0.0096 0.0023 0.0025 0.0047 0.0034 0.0046 0.0053 0.0039 0.0038 0.0047 
      H194.9  1 0.0030 0.0027 0.0036 0.0032 0.0053 0.0041 0.0038 0.0039 0.0025 0.0029 0.9316 0.0058 0.0029 0.0025 0.0031 0.0022 0.0031 0.0037 0.0025 0.0033 0.0042 
 H195.1_2003  1 0.0029 0.0021 0.0025 0.0025 0.0028 0.0055 0.0028 0.0037 0.0023 0.0031 0.0040 0.9421 0.0025 0.0028 0.0026 0.0025 0.0027 0.0033 0.0025 0.0022 0.0026 
 H195.1_2004  1 0.0071 0.0036 0.0054 0.0037 0.0028 0.0039 0.0027 0.0026 0.0028 0.0032 0.0032 0.0058 0.0041 0.0046 0.0052 0.0029 0.0033 0.0059 0.0022 0.9222 0.0027 
 H195.2_2003  1 0.0089 0.0032 0.0041 0.0107 0.0125 0.0139 0.0031 0.0161 0.0584 0.0028 0.0069 0.8008 0.0026 0.0058 0.0048 0.0028 0.0050 0.0027 0.0057 0.0176 0.0116 
 H195.2_2004  1 0.0039 0.0034 0.0032 0.0031 0.0110 0.0050 0.0021 0.0034 0.0119 0.0037 0.0042 0.0712 0.0040 0.0031 0.0035 0.0031 0.0031 0.0058 0.0029 0.8456 0.0030 
 H195.3_2003  1 0.0078 0.0037 0.0063 0.0039 0.0120 0.0139 0.0057 0.0233 0.0324 0.0081 0.0116 0.7353 0.0054 0.0062 0.0105 0.0022 0.0100 0.0022 0.0118 0.0123 0.0753 
 H195.3_2004  1 0.0092 0.0045 0.0056 0.0077 0.0051 0.0092 0.0030 0.0038 0.0041 0.0034 0.0084 0.1264 0.0033 0.0041 0.0085 0.0033 0.0033 0.0145 0.0033 0.7674 0.0019 
 H195.4_2003  1 0.0037 0.0034 0.0041 0.0027 0.0035 0.0104 0.0018 0.0031 0.0024 0.0025 0.0061 0.8782 0.0026 0.0038 0.0031 0.0035 0.0032 0.0084 0.0028 0.0482 0.0025 
 H195.4_2004  1 0.0044 0.0046 0.0043 0.0030 0.0050 0.0033 0.0034 0.0035 0.0112 0.0034 0.0072 0.0227 0.0024 0.0026 0.0039 0.0036 0.0031 0.0043 0.0018 0.8994 0.0029 
 H195.5_2003  1 0.0128 0.0044 0.0026 0.0030 0.0027 0.0050 0.0076 0.0027 0.0022 0.0023 0.0041 0.9115 0.0084 0.0063 0.0028 0.0021 0.0030 0.0057 0.0023 0.0052 0.0031 
 H195.5_2004  1 0.0052 0.0041 0.0061 0.0028 0.0030 0.0028 0.0047 0.0026 0.0032 0.0029 0.0030 0.0117 0.0043 0.0022 0.0038 0.0033 0.0033 0.0039 0.0029 0.9214 0.0030 
 H195.6_2003  1 0.0057 0.0068 0.0052 0.0108 0.0085 0.0081 0.0032 0.0139 0.0154 0.0035 0.0039 0.7000 0.0035 0.0088 0.0075 0.0033 0.0055 0.0026 0.0044 0.1665 0.0130 
 H195.6_2004  1 0.0042 0.0045 0.0030 0.0038 0.0038 0.0040 0.0035 0.0069 0.0040 0.0050 0.0063 0.0547 0.0021 0.0030 0.0030 0.0044 0.0038 0.0035 0.0046 0.8697 0.0019 
 H195.7_2003  1 0.0059 0.0037 0.0044 0.0024 0.0057 0.0071 0.0032 0.0080 0.0510 0.0033 0.0078 0.8272 0.0025 0.0052 0.0079 0.0027 0.0042 0.0032 0.0040 0.0385 0.0021 
 H195.7_2004  1 0.0043 0.0026 0.0024 0.0027 0.0032 0.0030 0.0031 0.0029 0.0054 0.0024 0.0024 0.0063 0.0052 0.0024 0.0029 0.0026 0.0027 0.0023 0.0024 0.9330 0.0061 
      H195.8  1 0.0040 0.0041 0.0038 0.0026 0.0025 0.0024 0.0031 0.0029 0.0031 0.0022 0.0038 0.0035 0.0027 0.0027 0.0027 0.0023 0.0031 0.0023 0.0018 0.9416 0.0028 
      H195.9  1 0.0051 0.0081 0.0083 0.0050 0.0054 0.0059 0.0021 0.0048 0.0055 0.0053 0.0088 0.0502 0.0040 0.0026 0.0038 0.0034 0.0051 0.0083 0.0021 0.8533 0.0029 
      H415.1  1 0.0111 0.0020 0.0113 0.0078 0.0033 0.5277 0.0063 0.0039 0.0132 0.0094 0.0138 0.2845 0.0191 0.0050 0.0079 0.0065 0.0135 0.0155 0.0040 0.0072 0.0271 
      H415.2  1 0.0162 0.0025 0.0983 0.1382 0.0087 0.4509 0.0038 0.0131 0.0126 0.0341 0.0167 0.0253 0.0132 0.0291 0.0048 0.0170 0.0909 0.0041 0.0049 0.0046 0.0110 
      H415.3  1 0.0048 0.0032 0.0147 0.0039 0.0077 0.5313 0.0032 0.0032 0.0050 0.0064 0.0049 0.2803 0.0072 0.0100 0.0081 0.0564 0.0126 0.0254 0.0031 0.0034 0.0051 
      H415.4  1 0.0084 0.0023 0.0034 0.0063 0.0027 0.5419 0.0022 0.0033 0.0026 0.0074 0.0063 0.3623 0.0141 0.0034 0.0037 0.0028 0.0045 0.0071 0.0036 0.0040 0.0077 
      H415.5  1 0.0039 0.0030 0.0090 0.0157 0.0027 0.5421 0.0028 0.0024 0.0036 0.0081 0.0048 0.3443 0.0054 0.0029 0.0129 0.0078 0.0040 0.0144 0.0029 0.0040 0.0034 
      H415.6  1 0.0077 0.0025 0.0034 0.0062 0.0029 0.5469 0.0022 0.0035 0.0024 0.0085 0.0085 0.3576 0.0120 0.0038 0.0027 0.0022 0.0045 0.0080 0.0040 0.0037 0.0069 
      H415.7  1 0.0176 0.0069 0.0617 0.0728 0.0112 0.5490 0.0025 0.0229 0.0112 0.0043 0.0132 0.0738 0.0036 0.0159 0.0045 0.0212 0.0715 0.0171 0.0049 0.0080 0.0062 
      H506.1  1 0.0024 0.0035 0.0028 0.0024 0.0044 0.0024 0.0027 0.0024 0.0019 0.0049 0.0020 0.0027 0.0023 0.0034 0.0032 0.9431 0.0021 0.0037 0.0031 0.0030 0.0016 
      H506.2  1 0.0036 0.0035 0.0069 0.0027 0.0034 0.0028 0.0021 0.0030 0.0023 0.0036 0.0025 0.0051 0.0025 0.0027 0.0051 0.9273 0.0025 0.0043 0.0032 0.0091 0.0018 
      H506.3  1 0.0080 0.0036 0.0214 0.0045 0.0046 0.0046 0.0023 0.0043 0.0115 0.0133 0.0031 0.0055 0.0056 0.0060 0.0204 0.8575 0.0061 0.0039 0.0030 0.0063 0.0043 
      H506.4  1 0.0028 0.0111 0.0088 0.0052 0.0029 0.0053 0.0023 0.0059 0.0042 0.0040 0.0049 0.0046 0.0046 0.0043 0.0051 0.8990 0.0089 0.0062 0.0024 0.0029 0.0048 
      H506.5  1 0.0050 0.0068 0.0074 0.0039 0.0025 0.0055 0.0023 0.0033 0.0020 0.0033 0.0027 0.0075 0.0026 0.0037 0.0057 0.9153 0.0042 0.0055 0.0030 0.0052 0.0025 
      H506.6  1 0.0153 0.0063 0.1298 0.0033 0.0029 0.0082 0.0021 0.0135 0.0092 0.0032 0.0043 0.0127 0.0042 0.0059 0.0098 0.7176 0.0186 0.0033 0.0031 0.0209 0.0058 
      H506.7  1 0.0039 0.0032 0.0040 0.0022 0.0032 0.0033 0.0027 0.0037 0.0025 0.0044 0.0027 0.0050 0.0021 0.0037 0.0060 0.9313 0.0025 0.0039 0.0035 0.0045 0.0017 
      H533.1  1 0.0022 0.0036 0.0032 0.0019 0.0031 0.0049 0.0027 0.0020 0.0019 0.0059 0.0025 0.0021 0.0059 0.0025 0.0100 0.9166 0.0030 0.0101 0.0116 0.0024 0.0019 
      H533.2  1 0.0024 0.0030 0.0043 0.0023 0.0030 0.0049 0.0026 0.0021 0.0019 0.0044 0.0025 0.0023 0.0064 0.0023 0.0123 0.9151 0.0039 0.0071 0.0114 0.0038 0.0021 
      H533.3  1 0.0023 0.0026 0.0032 0.0020 0.0035 0.0039 0.0024 0.0057 0.0027 0.0048 0.0034 0.0021 0.0033 0.0029 0.0035 0.9281 0.0062 0.0081 0.0035 0.0035 0.0023 
      H533.4  1 0.0050 0.0092 0.0063 0.0041 0.0049 0.0070 0.0035 0.0193 0.0044 0.0032 0.0139 0.0135 0.0032 0.0025 0.0086 0.8487 0.0077 0.0098 0.0048 0.0165 0.0039 
      H535.1  1 0.0032 0.9372 0.0054 0.0034 0.0026 0.0033 0.0025 0.0044 0.0020 0.0030 0.0030 0.0037 0.0026 0.0022 0.0032 0.0036 0.0039 0.0029 0.0028 0.0023 0.0029 
      H535.2  1 0.0041 0.9391 0.0037 0.0024 0.0027 0.0027 0.0026 0.0022 0.0020 0.0033 0.0025 0.0026 0.0024 0.0032 0.0057 0.0034 0.0026 0.0031 0.0038 0.0035 0.0024 
      H535.3  1 0.0032 0.9427 0.0028 0.0021 0.0028 0.0022 0.0040 0.0032 0.0021 0.0040 0.0026 0.0025 0.0025 0.0034 0.0030 0.0033 0.0029 0.0025 0.0026 0.0039 0.0020 
      H535.4  1 0.0028 0.9448 0.0026 0.0021 0.0026 0.0034 0.0026 0.0031 0.0019 0.0028 0.0035 0.0038 0.0022 0.0027 0.0023 0.0029 0.0026 0.0042 0.0027 0.0026 0.0018 
      H535.5  1 0.0022 0.9429 0.0030 0.0022 0.0025 0.0029 0.0017 0.0042 0.0022 0.0034 0.0035 0.0040 0.0018 0.0023 0.0024 0.0036 0.0036 0.0037 0.0033 0.0024 0.0023 
      H535.6  1 0.0025 0.9180 0.0045 0.0082 0.0034 0.0043 0.0030 0.0069 0.0020 0.0038 0.0042 0.0079 0.0032 0.0023 0.0057 0.0026 0.0034 0.0024 0.0021 0.0026 0.0072 
      H535.7  1 0.0021 0.9530 0.0028 0.0018 0.0022 0.0026 0.0019 0.0027 0.0022 0.0027 0.0025 0.0030 0.0018 0.0020 0.0019 0.0029 0.0026 0.0030 0.0022 0.0019 0.0022 
      H535.8  1 0.0031 0.9393 0.0021 0.0022 0.0038 0.0034 0.0020 0.0045 0.0022 0.0038 0.0037 0.0052 0.0020 0.0025 0.0039 0.0025 0.0032 0.0031 0.0026 0.0023 0.0028 
      H535.9  1 0.0028 0.9433 0.0037 0.0027 0.0025 0.0028 0.0024 0.0040 0.0022 0.0027 0.0022 0.0030 0.0034 0.0023 0.0033 0.0026 0.0030 0.0028 0.0023 0.0029 0.0031 
      H539.1  1 0.0024 0.0025 0.0029 0.0051 0.0047 0.0032 0.0026 0.0033 0.0019 0.0017 0.0033 0.0023 0.0047 0.0024 0.0024 0.0018 0.0049 0.0023 0.0027 0.0025 0.9403 
      H539.2  1 0.0242 0.0081 0.0277 0.0052 0.0063 0.0191 0.0336 0.0344 0.0230 0.0048 0.0152 0.0054 0.1315 0.0047 0.0063 0.0042 0.0853 0.0044 0.0030 0.0040 0.5495 
      H539.3  1 0.0069 0.0100 0.0077 0.0054 0.0038 0.0053 0.0085 0.0156 0.0063 0.0045 0.0216 0.0157 0.0268 0.0032 0.0028 0.0035 0.0159 0.0028 0.0030 0.0048 0.8259 
      H539.4  1 0.0039 0.0034 0.0063 0.0043 0.0021 0.0073 0.0036 0.0036 0.0073 0.0052 0.0027 0.0031 0.0369 0.0049 0.0037 0.0034 0.0178 0.0033 0.0031 0.0038 0.8702 
      H539.5  1 0.0020 0.0036 0.0036 0.0036 0.0046 0.0026 0.0029 0.0038 0.0025 0.0032 0.0035 0.0022 0.0078 0.0021 0.0030 0.0025 0.0042 0.0025 0.0022 0.0027 0.9350 
      H539.6  1 0.0021 0.0025 0.0036 0.0085 0.0041 0.0026 0.0030 0.0096 0.0033 0.0023 0.0034 0.0026 0.0112 0.0028 0.0033 0.0025 0.0047 0.0020 0.0027 0.0037 0.9196 
      H539.7  1 0.0024 0.0024 0.0031 0.0044 0.0023 0.0041 0.0044 0.0036 0.0047 0.0029 0.0039 0.0036 0.0082 0.0026 0.0029 0.0026 0.0036 0.0029 0.0023 0.0022 0.9310 
      H539.8  1 0.0079 0.0200 0.0074 0.0041 0.0052 0.0062 0.0261 0.0069 0.0130 0.0065 0.0165 0.0118 0.0446 0.0052 0.0038 0.0057 0.0137 0.0040 0.0035 0.0029 0.7850 
      H539.9  1 0.0038 0.0025 0.0044 0.0024 0.0023 0.0033 0.0027 0.0037 0.0047 0.0040 0.0024 0.0028 0.0133 0.0037 0.0037 0.0030 0.0092 0.0021 0.0046 0.0028 0.9186 
      H540.1  1 0.0032 0.0053 0.0084 0.0042 0.0067 0.0043 0.0022 0.0598 0.0031 0.0037 0.0039 0.0029 0.0038 0.0048 0.0084 0.0039 0.0206 0.0032 0.0037 0.0083 0.8355 
      H540.2  1 0.0033 0.0022 0.0038 0.0039 0.0053 0.0037 0.0039 0.0099 0.0055 0.0040 0.0052 0.0030 0.0039 0.0038 0.0061 0.0034 0.0061 0.0031 0.0031 0.0037 0.9131 
      H540.3  1 0.0198 0.0054 0.0185 0.0043 0.0045 0.0236 0.0143 0.0084 0.0114 0.0059 0.0313 0.0059 0.0106 0.0054 0.0064 0.0051 0.0323 0.0158 0.0055 0.0116 0.7540 
      H540.4  1 0.0046 0.0052 0.0084 0.0053 0.0040 0.0084 0.0065 0.0142 0.0084 0.0034 0.0037 0.0036 0.0145 0.0094 0.0232 0.0054 0.0087 0.0035 0.0027 0.0054 0.8515 
      H540.5  1 0.0072 0.0025 0.0081 0.0043 0.0066 0.0057 0.0032 0.0048 0.0090 0.0082 0.0070 0.0022 0.0029 0.0045 0.0073 0.0022 0.0102 0.0042 0.0032 0.0033 0.8931 
      H540.6  1 0.0067 0.0046 0.0139 0.0073 0.0083 0.0071 0.0054 0.0234 0.0111 0.0062 0.0059 0.0029 0.0068 0.0096 0.0312 0.0058 0.0172 0.0043 0.0057 0.0068 0.8098 
      H540.7  1 0.0053 0.0034 0.0075 0.0053 0.0190 0.0097 0.0068 0.0098 0.0044 0.0058 0.0106 0.0067 0.0071 0.0080 0.0189 0.0104 0.0085 0.0127 0.0021 0.0050 0.8328 
      H540.8  1 0.0025 0.0044 0.0101 0.0116 0.0058 0.0123 0.0036 0.0129 0.0063 0.0053 0.0428 0.0046 0.0065 0.0035 0.0079 0.0034 0.0363 0.0079 0.0022 0.0058 0.8042 
     H9558.1  1 0.0022 0.0059 0.0029 0.0091 0.0021 0.0042 0.0032 0.0041 0.0046 0.0029 0.0049 0.0045 0.0032 0.0027 0.0050 0.0057 0.0036 0.0021 0.0070 0.0021 0.9184 
     H9558.2  1 0.0078 0.0089 0.0036 0.0083 0.0122 0.0064 0.0074 0.0058 0.0070 0.0048 0.0118 0.0190 0.0031 0.0063 0.0195 0.0103 0.0035 0.0040 0.0133 0.0024 0.8346 
     H9558.3  1 0.0058 0.0046 0.0026 0.0030 0.0134 0.0028 0.0068 0.0057 0.0038 0.0060 0.0082 0.0049 0.0036 0.0063 0.0063 0.0031 0.0044 0.0025 0.0453 0.0024 0.8587 
     H9558.4  1 0.0027 0.0078 0.0029 0.0039 0.0026 0.0034 0.0040 0.0041 0.0069 0.0025 0.0031 0.0028 0.0026 0.0024 0.0035 0.0049 0.0046 0.0019 0.0051 0.0019 0.9263 
     H9558.5  1 0.0048 0.0087 0.0034 0.0021 0.0035 0.0039 0.0084 0.0029 0.0077 0.0030 0.0022 0.0019 0.0052 0.0037 0.0031 0.0028 0.0041 0.0031 0.0037 0.0017 0.9201 
     H9558.6  1 0.0048 0.0049 0.0038 0.0059 0.0033 0.0048 0.0051 0.0032 0.0046 0.0056 0.0059 0.0048 0.0044 0.0046 0.0048 0.0037 0.0079 0.0031 0.0217 0.0024 0.8908 
    kos339.1  1 0.0048 0.0041 0.0065 0.0083 0.0420 0.0137 0.0028 0.0084 0.0029 0.0047 0.0026 0.0028 0.0042 0.0189 0.0079 0.0279 0.0072 0.8178 0.0058 0.0022 0.0043 
    kos339.2  1 0.0060 0.0043 0.0043 0.0048 0.0103 0.0066 0.0029 0.0031 0.0038 0.0038 0.0039 0.0040 0.0041 0.0058 0.0038 0.0090 0.0029 0.9001 0.0053 0.0078 0.0034 
    kos339.3  1 0.0025 0.0048 0.0042 0.0029 0.0031 0.0086 0.0027 0.0051 0.0026 0.0031 0.0034 0.0047 0.0040 0.0020 0.0031 0.0039 0.0036 0.9266 0.0027 0.0025 0.0039 
    kos339.4  1 0.0029 0.0047 0.0039 0.0034 0.0030 0.0077 0.0037 0.0043 0.0034 0.0028 0.0038 0.0050 0.0043 0.0022 0.0037 0.0043 0.0033 0.9243 0.0030 0.0031 0.0032 
    kos339.5  1 0.0028 0.0032 0.0064 0.0055 0.0483 0.0062 0.0028 0.0034 0.0028 0.0046 0.0029 0.0031 0.0032 0.0072 0.0068 0.0142 0.0027 0.8643 0.0037 0.0025 0.0034 
    kos339.6  1 0.0032 0.0025 0.0073 0.0032 0.0122 0.0042 0.0025 0.0029 0.0025 0.0030 0.0050 0.0024 0.0027 0.0047 0.0038 0.0064 0.0031 0.9171 0.0035 0.0048 0.0031 
    kos339.7  1 0.0024 0.0073 0.0028 0.0032 0.0035 0.0078 0.0028 0.0043 0.0020 0.0029 0.0031 0.0051 0.0037 0.0020 0.0042 0.0053 0.0025 0.9261 0.0024 0.0037 0.0029 
    kos339.8  1 0.0036 0.0034 0.0047 0.0037 0.0057 0.0098 0.0028 0.0035 0.0028 0.0037 0.0029 0.0040 0.0045 0.0055 0.0033 0.0164 0.0036 0.9073 0.0029 0.0035 0.0023 
    kos339.9  1 0.0090 0.0036 0.0143 0.0263 0.0243 0.0116 0.0024 0.0095 0.0037 0.0096 0.0059 0.0060 0.0131 0.0072 0.0121 0.0084 0.0072 0.7970 0.0066 0.0078 0.0144 
      H409.1 12 0.0026 0.0024 0.0029 0.0036 0.0041 0.0032 0.0031 0.0020 0.0034 0.9375 0.0035 0.0031 0.0017 0.0041 0.0047 0.0038 0.0026 0.0048 0.0026 0.0024 0.0021 
     H409.10 12 0.0071 0.0027 0.0043 0.0043 0.0047 0.0071 0.0085 0.0070 0.0135 0.8563 0.0028 0.0050 0.0085 0.0075 0.0104 0.0304 0.0040 0.0050 0.0024 0.0033 0.0052 
      H409.2 12 0.0093 0.0077 0.0049 0.0050 0.0028 0.0123 0.0024 0.0030 0.0033 0.9026 0.0048 0.0069 0.0021 0.0028 0.0034 0.0049 0.0048 0.0063 0.0032 0.0037 0.0041 
      H409.3 12 0.0041 0.0033 0.0040 0.0028 0.0039 0.0032 0.0035 0.0026 0.0037 0.9261 0.0054 0.0031 0.0036 0.0039 0.0028 0.0042 0.0039 0.0040 0.0045 0.0042 0.0031 
      H409.4 12 0.0041 0.0032 0.0032 0.0021 0.0027 0.0028 0.0024 0.0026 0.0023 0.9417 0.0045 0.0028 0.0027 0.0023 0.0032 0.0030 0.0027 0.0029 0.0037 0.0022 0.0030 
      H409.5 12 0.0040 0.0035 0.0031 0.0029 0.0046 0.0038 0.0026 0.0042 0.0026 0.9309 0.0028 0.0027 0.0039 0.0033 0.0030 0.0040 0.0050 0.0021 0.0047 0.0034 0.0029 
      H409.6 12 0.0050 0.0082 0.0050 0.0041 0.0121 0.0043 0.0110 0.0080 0.0050 0.8177 0.0082 0.0024 0.0058 0.0081 0.0081 0.0092 0.0181 0.0027 0.0457 0.0052 0.0061 
      H409.7 12 0.0064 0.0023 0.0032 0.0030 0.0059 0.0033 0.0031 0.0020 0.0042 0.9187 0.0057 0.0054 0.0025 0.0053 0.0046 0.0036 0.0030 0.0059 0.0056 0.0044 0.0020 
      H409.8 12 0.0025 0.0027 0.0036 0.0033 0.0046 0.0032 0.0032 0.0041 0.0024 0.9309 0.0038 0.0035 0.0030 0.0062 0.0031 0.0047 0.0042 0.0035 0.0025 0.0026 0.0025 
      H409.9 12 0.0051 0.0087 0.0235 0.0038 0.0059 0.0080 0.0239 0.0152 0.0052 0.4281 0.0034 0.0059 0.0227 0.0283 0.0152 0.1041 0.0172 0.0028 0.0049 0.0042 0.2639 
      H413.1 12 0.0027 0.0024 0.0021 0.0018 0.0042 0.0029 0.9403 0.0022 0.0027 0.0028 0.0024 0.0024 0.0043 0.0055 0.0047 0.0017 0.0023 0.0038 0.0048 0.0018 0.0024 
      H413.2 12 0.0023 0.0023 0.0017 0.0024 0.0030 0.0023 0.9482 0.0019 0.0025 0.0021 0.0027 0.0032 0.0028 0.0023 0.0033 0.0023 0.0020 0.0037 0.0048 0.0017 0.0025 
      H413.3 12 0.0032 0.0020 0.0022 0.0028 0.0027 0.0019 0.9404 0.0024 0.0034 0.0028 0.0040 0.0025 0.0026 0.0067 0.0038 0.0025 0.0023 0.0020 0.0031 0.0023 0.0045 
      H413.4 12 0.0053 0.0019 0.0039 0.0037 0.0088 0.0030 0.9138 0.0029 0.0023 0.0043 0.0043 0.0037 0.0044 0.0094 0.0051 0.0053 0.0024 0.0052 0.0033 0.0038 0.0032 
      H413.5 12 0.0032 0.0015 0.0021 0.0099 0.0068 0.0026 0.9150 0.0037 0.0041 0.0023 0.0030 0.0019 0.0119 0.0028 0.0030 0.0030 0.0029 0.0019 0.0028 0.0034 0.0122 
      H413.6 12 0.0090 0.0027 0.0040 0.0020 0.0245 0.0035 0.8673 0.0028 0.0126 0.0037 0.0054 0.0108 0.0093 0.0054 0.0044 0.0021 0.0029 0.0039 0.0058 0.0034 0.0145 
      H413.7 12 0.0026 0.0028 0.0020 0.0018 0.0027 0.0021 0.9480 0.0019 0.0027 0.0022 0.0031 0.0038 0.0020 0.0029 0.0027 0.0027 0.0020 0.0034 0.0030 0.0024 0.0031 
      H563.1 12 0.0057 0.0020 0.0036 0.0022 0.0038 0.0028 0.0117 0.0035 0.0053 0.0046 0.0028 0.0025 0.0044 0.9156 0.0031 0.0027 0.0038 0.0030 0.0038 0.0021 0.0110 
      H563.2 12 0.0089 0.0032 0.0052 0.0044 0.0042 0.0075 0.0065 0.0040 0.0044 0.0151 0.0156 0.0038 0.0037 0.8740 0.0071 0.0047 0.0047 0.0091 0.0056 0.0036 0.0047 
      H563.3 12 0.0041 0.0020 0.0029 0.0025 0.0074 0.0028 0.0038 0.0066 0.0027 0.0031 0.0038 0.0026 0.0029 0.9283 0.0036 0.0031 0.0035 0.0023 0.0032 0.0027 0.0061 
      H563.4 12 0.0063 0.0030 0.0045 0.0035 0.0039 0.0046 0.0125 0.0053 0.0060 0.0080 0.0049 0.0019 0.0057 0.8915 0.0041 0.0041 0.0071 0.0050 0.0096 0.0034 0.0052 
      H563.5 12 0.0078 0.0015 0.0046 0.0024 0.0055 0.0026 0.0054 0.0039 0.0045 0.0035 0.0027 0.0021 0.0043 0.9237 0.0035 0.0024 0.0037 0.0025 0.0032 0.0030 0.0075 
      H563.6 12 0.0080 0.0030 0.0039 0.0045 0.0094 0.0035 0.0082 0.0039 0.0027 0.0049 0.0064 0.0032 0.0046 0.8996 0.0052 0.0041 0.0050 0.0069 0.0061 0.0029 0.0042 
      H563.7 12 0.0085 0.0021 0.0028 0.0024 0.0120 0.0038 0.0078 0.0026 0.0027 0.0066 0.0040 0.0038 0.0037 0.9029 0.0057 0.0039 0.0030 0.0102 0.0057 0.0024 0.0032 
      H563.8 12 0.0109 0.0018 0.0076 0.0035 0.0078 0.0042 0.0060 0.0051 0.0057 0.0042 0.0028 0.0024 0.0041 0.8959 0.0037 0.0028 0.0083 0.0033 0.0040 0.0026 0.0134 
      H563.9 12 0.0042 0.0023 0.0037 0.0065 0.0073 0.0073 0.0073 0.0043 0.0066 0.0165 0.0062 0.0046 0.0054 0.8792 0.0066 0.0053 0.0051 0.0084 0.0051 0.0034 0.0047 
     H7374.1 12 0.8988 0.0036 0.0041 0.0031 0.0033 0.0087 0.0030 0.0074 0.0035 0.0055 0.0083 0.0123 0.0023 0.0030 0.0042 0.0024 0.0048 0.0030 0.0097 0.0050 0.0040 
     H7374.2 12 0.9037 0.0033 0.0053 0.0028 0.0032 0.0049 0.0068 0.0071 0.0056 0.0045 0.0061 0.0051 0.0027 0.0063 0.0038 0.0040 0.0055 0.0026 0.0055 0.0041 0.0071 
     H7374.3 12 0.8166 0.0058 0.0080 0.0076 0.0061 0.0071 0.0031 0.0071 0.0049 0.0077 0.0163 0.0542 0.0043 0.0081 0.0049 0.0044 0.0075 0.0043 0.0079 0.0075 0.0065 
     H7374.4 12 0.9215 0.0047 0.0046 0.0036 0.0034 0.0044 0.0048 0.0024 0.0061 0.0035 0.0047 0.0032 0.0034 0.0026 0.0040 0.0025 0.0030 0.0067 0.0028 0.0031 0.0051 
     H7374.5 12 0.9270 0.0026 0.0042 0.0037 0.0056 0.0029 0.0028 0.0042 0.0027 0.0033 0.0030 0.0026 0.0037 0.0046 0.0042 0.0025 0.0031 0.0038 0.0047 0.0027 0.0060 
     H7374.6 12 0.8553 0.0082 0.0069 0.0093 0.0068 0.0100 0.0035 0.0049 0.0039 0.0050 0.0154 0.0179 0.0042 0.0076 0.0058 0.0050 0.0050 0.0058 0.0032 0.0089 0.0074 
     H7374.7 12 0.9328 0.0036 0.0036 0.0028 0.0051 0.0033 0.0047 0.0020 0.0026 0.0037 0.0039 0.0024 0.0027 0.0033 0.0031 0.0025 0.0027 0.0046 0.0037 0.0043 0.0025 
     H7374.8 12 0.9186 0.0034 0.0040 0.0030 0.0061 0.0057 0.0023 0.0030 0.0022 0.0047 0.0044 0.0070 0.0026 0.0053 0.0042 0.0031 0.0040 0.0054 0.0054 0.0032 0.0027 
     H7374.9 12 0.9180 0.0025 0.0065 0.0057 0.0048 0.0037 0.0032 0.0043 0.0041 0.0028 0.0028 0.0036 0.0033 0.0042 0.0042 0.0026 0.0031 0.0042 0.0041 0.0045 0.0078 
     H9563.1 12 0.0034 0.0027 0.0040 0.0042 0.0034 0.0053 0.0050 0.0039 0.0039 0.0025 0.0040 0.0046 0.0036 0.9212 0.0033 0.0040 0.0068 0.0036 0.0027 0.0038 0.0041 
     H9563.2 12 0.0029 0.0026 0.0031 0.0035 0.0031 0.0063 0.0035 0.0045 0.0033 0.0020 0.0032 0.0037 0.0068 0.9222 0.0044 0.0023 0.0077 0.0028 0.0027 0.0032 0.0062 
     H9563.3 12 0.0035 0.0040 0.0052 0.0031 0.0045 0.0049 0.0024 0.0041 0.0045 0.0044 0.0045 0.0066 0.0039 0.9087 0.0041 0.0074 0.0050 0.0040 0.0090 0.0045 0.0020 
     H9563.4 12 0.0045 0.0149 0.0253 0.0051 0.0046 0.0127 0.0034 0.0053 0.0046 0.0108 0.0087 0.0100 0.0123 0.8089 0.0080 0.0075 0.0284 0.0062 0.0074 0.0061 0.0054 
     H9563.5 12 0.0029 0.0049 0.0058 0.0049 0.0034 0.0068 0.0036 0.0075 0.0054 0.0078 0.0066 0.0041 0.0083 0.8833 0.0066 0.0064 0.0131 0.0071 0.0037 0.0045 0.0034 
     H9563.6 12 0.0047 0.0045 0.0041 0.0021 0.0094 0.0031 0.0046 0.0039 0.0034 0.0032 0.0041 0.0067 0.0046 0.8999 0.0031 0.0072 0.0069 0.0021 0.0158 0.0040 0.0027 
     H9563.7 12 0.0063 0.0076 0.0032 0.0025 0.0034 0.0031 0.0031 0.0049 0.0035 0.0034 0.0031 0.0051 0.0033 0.9148 0.0024 0.0058 0.0061 0.0024 0.0095 0.0040 0.0026 
     H9563.8 12 0.0034 0.0041 0.0143 0.0064 0.0025 0.0377 0.0037 0.0028 0.0085 0.0074 0.0069 0.0098 0.0308 0.7647 0.0134 0.0116 0.0423 0.0110 0.0099 0.0052 0.0037 
     H9563.9 12 0.0040 0.0026 0.0051 0.0037 0.0031 0.0084 0.0040 0.0033 0.0052 0.0028 0.0049 0.0061 0.0106 0.8933 0.0043 0.0074 0.0118 0.0042 0.0077 0.0032 0.0044 
     H9572.1 12 0.0105 0.0039 0.0040 0.0045 0.8637 0.0036 0.0100 0.0100 0.0040 0.0050 0.0089 0.0059 0.0111 0.0080 0.0064 0.0066 0.0052 0.0037 0.0046 0.0049 0.0156 
     H9572.2 12 0.0178 0.0028 0.0076 0.0117 0.8041 0.0118 0.0067 0.0082 0.0036 0.0072 0.0159 0.0088 0.0142 0.0221 0.0048 0.0043 0.0192 0.0049 0.0096 0.0108 0.0040 
     H9572.3 12 0.0468 0.0078 0.0043 0.0047 0.7747 0.0090 0.0075 0.0402 0.0034 0.0133 0.0064 0.0075 0.0060 0.0085 0.0074 0.0043 0.0154 0.0129 0.0086 0.0040 0.0076 
     H9572.4 12 0.0055 0.0037 0.0043 0.0029 0.9332 0.0026 0.0025 0.0049 0.0017 0.0035 0.0031 0.0029 0.0020 0.0033 0.0046 0.0038 0.0022 0.0048 0.0024 0.0026 0.0035 
     H9572.5 12 0.0017 0.0035 0.0032 0.0037 0.9080 0.0023 0.0025 0.0136 0.0022 0.0022 0.0090 0.0031 0.0031 0.0030 0.0038 0.0043 0.0078 0.0101 0.0062 0.0035 0.0032 
