      H105.1  1 0.9700 0.0085 0.0074 0.0070 0.0071 
      H105.2  1 0.9121 0.0201 0.0070 0.0219 0.0388 
      H105.3  1 0.9777 0.0068 0.0048 0.0046 0.0061 
      H105.4  1 0.9613 0.0072 0.0110 0.0102 0.0103 
      H105.5  1 0.9049 0.0147 0.0123 0.0372 0.0309 
      H105.6  1 0.9385 0.0069 0.0221 0.0129 0.0196 
      H105.7  1 0.9713 0.0066 0.0051 0.0083 0.0087 
      H105.8  1 0.9567 0.0116 0.0036 0.0099 0.0183 
      H115.1  1 0.0217 0.0238 0.0057 0.5539 0.3949 
      H115.2  1 0.0082 0.0104 0.0047 0.9578 0.0190 
      H115.3  1 0.0138 0.0234 0.0047 0.9490 0.0090 
      H115.4  1 0.0091 0.1520 0.0085 0.8104 0.0200 
      H115.5  1 0.0141 0.0689 0.0181 0.8689 0.0301 
      H115.6  1 0.0137 0.0255 0.0050 0.9472 0.0086 
      H115.7  1 0.0228 0.0177 0.0100 0.7934 0.1561 
      H115.8  1 0.0120 0.0160 0.0049 0.9566 0.0105 
      H115.9  1 0.0132 0.0157 0.0046 0.9339 0.0327 
      H145.1  1 0.0051 0.0052 0.9675 0.0161 0.0060 
      H145.2  1 0.0091 0.0078 0.9670 0.0118 0.0043 
      H145.3  1 0.0042 0.0036 0.9787 0.0091 0.0045 
      H145.4  1 0.0069 0.0052 0.9765 0.0074 0.0040 
      H145.5  1 0.0049 0.0059 0.9665 0.0166 0.0061 
      H145.6  1 0.0089 0.0080 0.9744 0.0048 0.0039 
      H145.7  1 0.0061 0.0071 0.9773 0.0045 0.0050 
      H149.1  1 0.0050 0.9745 0.0072 0.0068 0.0065 
      H149.2  1 0.0126 0.9580 0.0173 0.0071 0.0051 
      H149.3  1 0.0282 0.9041 0.0398 0.0123 0.0155 
      H149.4  1 0.0194 0.9624 0.0057 0.0044 0.0082 
      H149.5  1 0.0587 0.9060 0.0188 0.0058 0.0107 
      H149.6  1 0.0232 0.9513 0.0143 0.0045 0.0067 
      H149.7  1 0.0264 0.9323 0.0104 0.0063 0.0247 
      H150.1  1 0.0054 0.0034 0.0042 0.9822 0.0047 
      H150.2  1 0.0074 0.0055 0.0050 0.9724 0.0097 
      H150.3  1 0.0062 0.0054 0.0048 0.9676 0.0160 
      H150.4  1 0.0055 0.0038 0.0035 0.9788 0.0084 
      H150.5  1 0.0126 0.0068 0.0052 0.9660 0.0094 
      H150.6  1 0.0150 0.0113 0.0060 0.9572 0.0105 
      H150.7  1 0.0065 0.0041 0.0045 0.9809 0.0040 
   H169607.1  1 0.0071 0.0137 0.0214 0.9475 0.0104 
   H169607.2  1 0.0152 0.0066 0.0665 0.9017 0.0099 
   H169607.3  1 0.0166 0.0157 0.0419 0.9162 0.0096 
   H169607.4  1 0.0078 0.0056 0.0685 0.9095 0.0087 
   H169607.5  1 0.0069 0.0062 0.0381 0.9441 0.0048 
   H169607.6  1 0.0110 0.0138 0.0387 0.9290 0.0074 
   H169607.7  1 0.0085 0.0199 0.0347 0.9286 0.0084 
   H169607.8  1 0.0193 0.0067 0.0627 0.8940 0.0173 
   H169633.1  1 0.0105 0.8976 0.0255 0.0090 0.0575 
   H169633.2  1 0.0082 0.9282 0.0143 0.0044 0.0450 
   H169633.3  1 0.0116 0.9339 0.0305 0.0088 0.0151 
   H169633.4  1 0.0128 0.9226 0.0366 0.0168 0.0113 
   H169633.5  1 0.0158 0.9274 0.0330 0.0126 0.0113 
   H169688.1  1 0.0043 0.0095 0.0122 0.0087 0.9653 
   H169688.2  1 0.0065 0.0069 0.0073 0.0094 0.9699 
   H169688.3  1 0.0045 0.0101 0.0055 0.0066 0.9734 
   H169688.4  1 0.0041 0.0091 0.0074 0.1099 0.8695 
   H169688.5  1 0.0034 0.0077 0.0076 0.0952 0.8860 
   H169688.6  1 0.0042 0.0415 0.0084 0.0128 0.9331 
   H169688.7  1 0.0053 0.0104 0.0140 0.0350 0.9353 
   H171901.1  1 0.1776 0.0374 0.0394 0.7064 0.0393 
   H171901.2  1 0.0359 0.8647 0.0144 0.0759 0.0091 
   H171901.3  1 0.0101 0.9073 0.0105 0.0469 0.0252 
   H171901.4  1 0.0128 0.9341 0.0066 0.0364 0.0101 
   H171901.5  1 0.0137 0.9172 0.0130 0.0476 0.0086 
   H171901.6  1 0.0126 0.8517 0.0304 0.0921 0.0132 
   H171901.7  1 0.0052 0.8630 0.0718 0.0339 0.0262 
   H171902.1  1 0.0037 0.0416 0.0235 0.9223 0.0089 
  H171902.10  1 0.0038 0.0926 0.0165 0.8774 0.0097 
   H171902.2  1 0.0059 0.0569 0.0122 0.8985 0.0265 
   H171902.3  1 0.0036 0.0877 0.0116 0.8868 0.0103 
   H171902.4  1 0.0060 0.1309 0.0407 0.8042 0.0182 
   H171902.6  1 0.0034 0.0943 0.0204 0.8736 0.0083 
   H171902.7  1 0.0050 0.0468 0.0301 0.9095 0.0086 
   H171902.8  1 0.0038 0.1206 0.0140 0.8505 0.0111 
   H171902.9  1 0.0043 0.0054 0.0075 0.9752 0.0077 
   H171903.1  1 0.0114 0.0078 0.0249 0.9464 0.0095 
   H171903.2  1 0.1484 0.0100 0.0621 0.7687 0.0109 
   H171903.3  1 0.0860 0.0534 0.0905 0.7183 0.0517 
   H171903.4  1 0.0080 0.0060 0.0172 0.9572 0.0115 
   H171903.5  1 0.0285 0.1039 0.0116 0.8387 0.0173 
   H171903.6  1 0.0059 0.0170 0.0096 0.9549 0.0126 
      H177.1  1 0.0083 0.2178 0.4451 0.2013 0.1274 
      H177.2  1 0.0170 0.4619 0.4153 0.0555 0.0502 
      H177.3  1 0.0117 0.5759 0.3032 0.0818 0.0275 
      H177.4  1 0.0283 0.4220 0.5279 0.0119 0.0099 
      H177.5  1 0.0612 0.1796 0.6551 0.0407 0.0634 
      H177.6  1 0.0124 0.6889 0.2073 0.0666 0.0247 
      H179.1  1 0.0211 0.8802 0.0055 0.0217 0.0714 
      H179.2  1 0.0053 0.8064 0.0072 0.0247 0.1563 
      H179.3  1 0.0158 0.6624 0.0115 0.0861 0.2242 
      H179.4  1 0.0134 0.8425 0.1005 0.0085 0.0350 
      H180.1  1 0.0108 0.0387 0.0042 0.7208 0.2255 
      H180.2  1 0.0063 0.0191 0.0130 0.6428 0.3188 
      H180.3  1 0.0046 0.0085 0.0094 0.8877 0.0897 
      H180.4  1 0.0130 0.0575 0.0080 0.6493 0.2721 
      H180.5  1 0.0074 0.0329 0.0196 0.6749 0.2652 
      H180.6  1 0.0075 0.0261 0.1070 0.8066 0.0529 
      H181.1  1 0.0145 0.8786 0.0153 0.0623 0.0294 
      H181.2  1 0.0119 0.8847 0.0314 0.0272 0.0448 
      H181.3  1 0.0112 0.9234 0.0182 0.0191 0.0281 
      H181.4  1 0.0292 0.6147 0.0619 0.2303 0.0639 
      H181.5  1 0.0179 0.9451 0.0067 0.0071 0.0232 
      H181.6  1 0.0205 0.9377 0.0066 0.0161 0.0191 
      H181.7  1 0.0256 0.9438 0.0086 0.0095 0.0124 
 H194.1_2004  1 0.0065 0.0067 0.9363 0.0355 0.0150 
 H194.2_2004  1 0.0109 0.0054 0.9137 0.0550 0.0151 
 H194.3_2004  1 0.0094 0.0374 0.9083 0.0106 0.0343 
 H194.4_2004  1 0.0053 0.0112 0.9550 0.0190 0.0095 
 H194.5_2004  1 0.0096 0.0137 0.9426 0.0132 0.0208 
 H194.6_2004  1 0.0069 0.0219 0.9283 0.0199 0.0230 
 H194.7_2004  1 0.0206 0.0076 0.9383 0.0206 0.0129 
 H194.8_2004  1 0.0074 0.0146 0.9502 0.0152 0.0126 
      H194.9  1 0.0054 0.0076 0.9557 0.0167 0.0145 
 H195.1_2003  1 0.0063 0.0248 0.9499 0.0071 0.0118 
 H195.1_2004  1 0.0052 0.0139 0.9697 0.0048 0.0064 
 H195.2_2003  1 0.0112 0.0079 0.9491 0.0222 0.0096 
 H195.2_2004  1 0.0040 0.0060 0.9773 0.0051 0.0076 
 H195.3_2003  1 0.0138 0.0066 0.8463 0.1001 0.0333 
 H195.3_2004  1 0.0049 0.0170 0.9683 0.0050 0.0049 
 H195.4_2003  1 0.0063 0.0133 0.9697 0.0057 0.0050 
 H195.4_2004  1 0.0037 0.0048 0.9775 0.0044 0.0096 
 H195.5_2003  1 0.0095 0.0203 0.9533 0.0081 0.0088 
 H195.5_2004  1 0.0038 0.0051 0.9812 0.0040 0.0059 
 H195.6_2003  1 0.0098 0.0051 0.9597 0.0175 0.0078 
 H195.6_2004  1 0.0052 0.0058 0.9796 0.0037 0.0057 
 H195.7_2003  1 0.0069 0.0162 0.9553 0.0063 0.0154 
 H195.7_2004  1 0.0061 0.0059 0.9710 0.0086 0.0084 
      H195.8  1 0.0042 0.0048 0.9782 0.0057 0.0072 
      H195.9  1 0.0042 0.0069 0.9779 0.0045 0.0065 
      H415.1  1 0.0100 0.6445 0.0172 0.3028 0.0255 
      H415.2  1 0.0395 0.3738 0.0276 0.4477 0.1114 
      H415.3  1 0.0125 0.9539 0.0104 0.0122 0.0110 
      H415.4  1 0.0166 0.6198 0.0391 0.2730 0.0514 
      H415.5  1 0.0068 0.9162 0.0169 0.0193 0.0408 
      H415.6  1 0.0141 0.6284 0.0255 0.2738 0.0581 
      H415.7  1 0.0226 0.6940 0.1862 0.0732 0.0239 
      H506.1  1 0.0109 0.9740 0.0042 0.0036 0.0074 
      H506.2  1 0.0073 0.9724 0.0095 0.0038 0.0070 
      H506.3  1 0.0147 0.9474 0.0078 0.0094 0.0207 
      H506.4  1 0.0081 0.9645 0.0065 0.0107 0.0102 
      H506.5  1 0.0085 0.9757 0.0048 0.0040 0.0071 
      H506.6  1 0.0170 0.9233 0.0276 0.0156 0.0165 
      H506.7  1 0.0088 0.9729 0.0064 0.0032 0.0087 
      H533.1  1 0.0044 0.9808 0.0035 0.0043 0.0070 
      H533.2  1 0.0057 0.9795 0.0047 0.0039 0.0062 
      H533.3  1 0.0100 0.9722 0.0044 0.0048 0.0086 
      H533.4  1 0.0089 0.9671 0.0106 0.0064 0.0071 
      H535.1  1 0.0052 0.0281 0.9432 0.0113 0.0122 
      H535.2  1 0.0057 0.0152 0.9650 0.0060 0.0080 
      H535.3  1 0.0090 0.0106 0.9554 0.0052 0.0197 
      H535.4  1 0.0063 0.0133 0.9659 0.0041 0.0105 
      H535.5  1 0.0050 0.0106 0.9738 0.0040 0.0066 
      H535.6  1 0.0039 0.0108 0.9628 0.0162 0.0063 
      H535.7  1 0.0046 0.0102 0.9707 0.0043 0.0102 
      H535.8  1 0.0054 0.0063 0.9786 0.0042 0.0055 
      H535.9  1 0.0045 0.0135 0.9570 0.0102 0.0148 
      H539.1  1 0.0039 0.0031 0.0035 0.9862 0.0033 
      H539.2  1 0.0068 0.0062 0.0084 0.9309 0.0477 
      H539.3  1 0.0045 0.0029 0.0079 0.9773 0.0073 
      H539.4  1 0.0053 0.0045 0.0045 0.9754 0.0103 
      H539.5  1 0.0031 0.0032 0.0036 0.9859 0.0043 
      H539.6  1 0.0033 0.0033 0.0045 0.9852 0.0036 
      H539.7  1 0.0044 0.0052 0.0047 0.9791 0.0066 
      H539.8  1 0.0057 0.0060 0.0088 0.9463 0.0332 
      H539.9  1 0.0044 0.0031 0.0036 0.9826 0.0063 
      H540.1  1 0.0051 0.0055 0.0086 0.9756 0.0053 
      H540.2  1 0.0069 0.0035 0.0035 0.9731 0.0130 
      H540.3  1 0.0084 0.0093 0.0215 0.9087 0.0521 
      H540.4  1 0.0067 0.0055 0.0038 0.9713 0.0127 
      H540.5  1 0.0055 0.0080 0.0050 0.9666 0.0149 
      H540.6  1 0.0066 0.0081 0.0064 0.9633 0.0157 
      H540.7  1 0.0081 0.0099 0.0058 0.9672 0.0091 
      H540.8  1 0.0035 0.0063 0.0068 0.9779 0.0055 
     H9558.1  1 0.0049 0.0044 0.0099 0.9746 0.0061 
     H9558.2  1 0.0138 0.0085 0.0165 0.9449 0.0163 
     H9558.3  1 0.0375 0.0052 0.0076 0.9369 0.0128 
     H9558.4  1 0.0059 0.0045 0.0105 0.9685 0.0106 
     H9558.5  1 0.0077 0.0051 0.0063 0.9470 0.0339 
     H9558.6  1 0.0219 0.0055 0.0090 0.9498 0.0138 
    kos339.1  1 0.0091 0.9746 0.0049 0.0069 0.0045 
    kos339.2  1 0.0102 0.9664 0.0129 0.0048 0.0057 
    kos339.3  1 0.0031 0.9783 0.0089 0.0053 0.0045 
    kos339.4  1 0.0030 0.9812 0.0059 0.0055 0.0044 
    kos339.5  1 0.0083 0.9739 0.0057 0.0069 0.0051 
    kos339.6  1 0.0047 0.9731 0.0132 0.0043 0.0047 
    kos339.7  1 0.0029 0.9796 0.0100 0.0037 0.0039 
    kos339.8  1 0.0043 0.9817 0.0054 0.0036 0.0050 
    kos339.9  1 0.0141 0.9420 0.0125 0.0245 0.0069 
      H409.1 12 0.0101 0.0239 0.0074 0.0034 0.9552 
     H409.10 12 0.0096 0.0137 0.0117 0.0084 0.9566 
      H409.2 12 0.0055 0.0257 0.0185 0.0072 0.9431 
      H409.3 12 0.0107 0.0128 0.0119 0.0053 0.9594 
      H409.4 12 0.0070 0.0088 0.0101 0.0052 0.9689 
      H409.5 12 0.0097 0.0111 0.0072 0.0116 0.9605 
      H409.6 12 0.0806 0.0193 0.0182 0.0090 0.8729 
      H409.7 12 0.0258 0.0240 0.0314 0.0040 0.9148 
      H409.8 12 0.0140 0.0147 0.0064 0.0058 0.9592 
      H409.9 12 0.0502 0.0418 0.0123 0.2861 0.6096 
      H413.1 12 0.0335 0.0068 0.0042 0.0081 0.9474 
      H413.2 12 0.0126 0.0118 0.0087 0.0090 0.9579 
      H413.3 12 0.0097 0.0042 0.0055 0.0066 0.9740 
      H413.4 12 0.0242 0.0104 0.0063 0.0117 0.9474 
      H413.5 12 0.0081 0.0062 0.0042 0.0708 0.9107 
      H413.6 12 0.0199 0.0059 0.0060 0.0182 0.9500 
      H413.7 12 0.0102 0.0059 0.0085 0.0081 0.9674 
      H563.1 12 0.9766 0.0047 0.0043 0.0065 0.0079 
      H563.2 12 0.9569 0.0096 0.0081 0.0092 0.0161 
      H563.3 12 0.9723 0.0050 0.0051 0.0093 0.0082 
      H563.4 12 0.9742 0.0050 0.0041 0.0058 0.0110 
      H563.5 12 0.9797 0.0041 0.0034 0.0069 0.0059 
      H563.6 12 0.9725 0.0086 0.0048 0.0064 0.0077 
      H563.7 12 0.9756 0.0064 0.0044 0.0048 0.0088 
      H563.8 12 0.9655 0.0077 0.0046 0.0122 0.0101 
      H563.9 12 0.9593 0.0135 0.0055 0.0066 0.0152 
     H7374.1 12 0.0805 0.0110 0.4545 0.0135 0.4404 
     H7374.2 12 0.0421 0.0085 0.3150 0.0262 0.6082 
     H7374.3 12 0.0390 0.0074 0.4923 0.0138 0.4476 
     H7374.4 12 0.0188 0.0136 0.3903 0.0159 0.5613 
     H7374.5 12 0.0380 0.0204 0.3642 0.0385 0.5389 
     H7374.6 12 0.0220 0.0141 0.6198 0.0130 0.3311 
     H7374.7 12 0.0070 0.0148 0.4323 0.0047 0.5412 
     H7374.8 12 0.1551 0.0128 0.4396 0.0095 0.3831 
     H7374.9 12 0.0171 0.0226 0.3881 0.0362 0.5361 
     H9563.1 12 0.9711 0.0106 0.0060 0.0068 0.0055 
     H9563.2 12 0.9676 0.0077 0.0062 0.0127 0.0058 
     H9563.3 12 0.9778 0.0058 0.0084 0.0035 0.0045 
     H9563.4 12 0.9376 0.0112 0.0215 0.0169 0.0129 
     H9563.5 12 0.9647 0.0100 0.0082 0.0091 0.0079 
     H9563.6 12 0.9801 0.0041 0.0065 0.0046 0.0048 
     H9563.7 12 0.9809 0.0031 0.0060 0.0047 0.0052 
     H9563.8 12 0.9193 0.0370 0.0120 0.0179 0.0138 
     H9563.9 12 0.9657 0.0114 0.0059 0.0111 0.0059 
     H9572.1 12 0.4603 0.0696 0.0983 0.2553 0.1164 
     H9572.2 12 0.5212 0.0292 0.2906 0.1146 0.0444 
     H9572.3 12 0.2044 0.3283 0.1486 0.2187 0.0999 
     H9572.4 12 0.3300 0.1502 0.4353 0.0636 0.0209 
     H9572.5 12 0.2105 0.2612 0.3281 0.1889 0.0114 
