      H105.1  1 0.9417 0.0032 0.0038 0.0030 0.0036 0.0043 0.0022 0.0023 0.0032 0.0033 0.0025 0.0028 0.0037 0.0027 0.0048 0.0019 0.0034 0.0021 0.0035 0.0023 
      H105.2  1 0.9201 0.0033 0.0024 0.0026 0.0043 0.0072 0.0035 0.0062 0.0050 0.0057 0.0034 0.0042 0.0057 0.0026 0.0037 0.0051 0.0019 0.0032 0.0056 0.0043 
      H105.3  1 0.9496 0.0027 0.0037 0.0026 0.0021 0.0022 0.0020 0.0024 0.0024 0.0035 0.0023 0.0019 0.0025 0.0026 0.0046 0.0018 0.0033 0.0033 0.0021 0.0023 
      H105.4  1 0.9311 0.0030 0.0033 0.0026 0.0059 0.0037 0.0033 0.0045 0.0062 0.0030 0.0053 0.0032 0.0037 0.0036 0.0041 0.0019 0.0026 0.0030 0.0026 0.0035 
      H105.5  1 0.8955 0.0050 0.0037 0.0040 0.0153 0.0097 0.0066 0.0076 0.0044 0.0039 0.0036 0.0066 0.0060 0.0034 0.0041 0.0022 0.0038 0.0033 0.0068 0.0044 
      H105.6  1 0.9010 0.0038 0.0039 0.0029 0.0043 0.0042 0.0059 0.0068 0.0097 0.0036 0.0081 0.0062 0.0049 0.0053 0.0043 0.0032 0.0045 0.0085 0.0036 0.0053 
      H105.7  1 0.8771 0.0037 0.0080 0.0028 0.0068 0.0087 0.0072 0.0047 0.0061 0.0053 0.0048 0.0054 0.0078 0.0030 0.0179 0.0039 0.0029 0.0083 0.0051 0.0104 
      H105.8  1 0.9449 0.0027 0.0027 0.0024 0.0029 0.0034 0.0027 0.0025 0.0027 0.0065 0.0020 0.0024 0.0030 0.0022 0.0036 0.0029 0.0020 0.0032 0.0029 0.0024 
      H115.1  1 0.0046 0.0041 0.0040 0.0090 0.0145 0.0037 0.0050 0.7961 0.0231 0.0074 0.0033 0.0179 0.0156 0.0031 0.0109 0.0094 0.0042 0.0542 0.0051 0.0049 
      H115.2  1 0.0042 0.0031 0.0035 0.0090 0.0098 0.0102 0.0048 0.8309 0.0042 0.0037 0.0039 0.0640 0.0079 0.0031 0.0061 0.0076 0.0035 0.0058 0.0082 0.0064 
      H115.3  1 0.0039 0.0027 0.0027 0.0067 0.0078 0.0039 0.0073 0.9083 0.0034 0.0029 0.0044 0.0096 0.0050 0.0049 0.0086 0.0049 0.0038 0.0030 0.0028 0.0035 
      H115.4  1 0.0037 0.0037 0.0040 0.0139 0.0095 0.0219 0.0090 0.8336 0.0041 0.0314 0.0076 0.0056 0.0095 0.0067 0.0048 0.0062 0.0062 0.0043 0.0097 0.0043 
      H115.5  1 0.0118 0.0033 0.0069 0.0329 0.0098 0.0058 0.0051 0.8035 0.0061 0.0051 0.0137 0.0160 0.0154 0.0092 0.0058 0.0066 0.0141 0.0161 0.0063 0.0067 
      H115.6  1 0.0035 0.0079 0.0044 0.0159 0.0077 0.0057 0.0084 0.8234 0.0047 0.0039 0.0201 0.0187 0.0124 0.0022 0.0098 0.0311 0.0044 0.0030 0.0053 0.0074 
      H115.7  1 0.0055 0.0060 0.0050 0.0063 0.0167 0.0067 0.0055 0.8220 0.0113 0.0054 0.0048 0.0119 0.0126 0.0042 0.0085 0.0114 0.0048 0.0351 0.0074 0.0090 
      H115.8  1 0.0052 0.0029 0.0067 0.0088 0.0044 0.0044 0.0048 0.9046 0.0030 0.0032 0.0030 0.0105 0.0059 0.0016 0.0046 0.0085 0.0037 0.0045 0.0043 0.0053 
      H115.9  1 0.0041 0.0035 0.0046 0.0062 0.0120 0.0054 0.0058 0.8379 0.0097 0.0085 0.0026 0.0507 0.0112 0.0031 0.0092 0.0060 0.0033 0.0085 0.0046 0.0032 
      H145.1  1 0.0025 0.0090 0.0041 0.0044 0.0127 0.0032 0.0067 0.0069 0.0053 0.0030 0.0076 0.0108 0.0127 0.0050 0.0065 0.0161 0.8579 0.0030 0.0049 0.0177 
      H145.2  1 0.0028 0.0058 0.0041 0.0050 0.0046 0.0031 0.0062 0.0058 0.0033 0.0053 0.0109 0.0053 0.0082 0.0051 0.0057 0.0093 0.8982 0.0022 0.0020 0.0071 
      H145.3  1 0.0025 0.0027 0.0033 0.0024 0.0041 0.0020 0.0024 0.0042 0.0034 0.0024 0.0017 0.0028 0.0038 0.0026 0.0030 0.0212 0.9277 0.0020 0.0023 0.0034 
      H145.4  1 0.0027 0.0053 0.0030 0.0032 0.0070 0.0032 0.0046 0.0032 0.0065 0.0027 0.0056 0.0046 0.0057 0.0027 0.0067 0.0045 0.9087 0.0026 0.0042 0.0134 
      H145.5  1 0.0027 0.0045 0.0037 0.0036 0.0041 0.0028 0.0029 0.0024 0.0028 0.0026 0.0030 0.0027 0.0046 0.0022 0.0025 0.0340 0.9094 0.0027 0.0027 0.0043 
      H145.6  1 0.0024 0.0039 0.0027 0.0039 0.0042 0.0030 0.0044 0.0024 0.0027 0.0043 0.0079 0.0034 0.0052 0.0037 0.0062 0.0049 0.9204 0.0026 0.0021 0.0096 
      H145.7  1 0.0023 0.0034 0.0032 0.0071 0.0029 0.0028 0.0035 0.0030 0.0035 0.0030 0.0038 0.0022 0.0039 0.0034 0.0033 0.0045 0.9355 0.0024 0.0023 0.0041 
      H149.1  1 0.0023 0.0036 0.0029 0.9376 0.0029 0.0032 0.0047 0.0031 0.0037 0.0031 0.0028 0.0026 0.0030 0.0029 0.0028 0.0047 0.0038 0.0024 0.0027 0.0051 
      H149.2  1 0.0033 0.0038 0.0032 0.9162 0.0064 0.0048 0.0040 0.0031 0.0057 0.0030 0.0039 0.0028 0.0053 0.0041 0.0056 0.0054 0.0068 0.0021 0.0024 0.0078 
      H149.3  1 0.0093 0.0044 0.0053 0.6330 0.0352 0.0183 0.0400 0.0292 0.0123 0.0111 0.0052 0.0037 0.0529 0.0081 0.0437 0.0165 0.0422 0.0028 0.0146 0.0123 
      H149.4  1 0.0065 0.0032 0.0090 0.8964 0.0026 0.0054 0.0070 0.0035 0.0047 0.0175 0.0032 0.0036 0.0071 0.0033 0.0054 0.0076 0.0029 0.0034 0.0049 0.0028 
      H149.5  1 0.0189 0.0043 0.0072 0.7351 0.0299 0.0243 0.0069 0.0036 0.0048 0.0133 0.0058 0.0026 0.0441 0.0073 0.0476 0.0044 0.0155 0.0036 0.0097 0.0112 
      H149.6  1 0.0050 0.0033 0.0033 0.9182 0.0052 0.0043 0.0043 0.0028 0.0042 0.0034 0.0036 0.0020 0.0050 0.0037 0.0085 0.0035 0.0073 0.0036 0.0033 0.0055 
      H149.7  1 0.0152 0.0053 0.0148 0.6602 0.0160 0.0108 0.0252 0.0109 0.0122 0.0316 0.0067 0.0039 0.0555 0.0050 0.0325 0.0116 0.0036 0.0061 0.0456 0.0274 
      H150.1  1 0.0058 0.0041 0.0057 0.0025 0.0048 0.0055 0.0036 0.7425 0.0049 0.0018 0.0044 0.1769 0.0089 0.0017 0.0054 0.0061 0.0040 0.0030 0.0032 0.0052 
      H150.2  1 0.0033 0.0051 0.0046 0.0044 0.0042 0.0050 0.0037 0.8541 0.0044 0.0030 0.0059 0.0534 0.0078 0.0032 0.0044 0.0131 0.0022 0.0050 0.0082 0.0050 
      H150.3  1 0.0054 0.0115 0.0057 0.0049 0.0100 0.0048 0.0034 0.4236 0.0089 0.0033 0.0072 0.3725 0.0245 0.0023 0.0082 0.0461 0.0059 0.0330 0.0124 0.0066 
      H150.4  1 0.0039 0.0046 0.0051 0.0029 0.0068 0.0051 0.0025 0.2680 0.0046 0.0030 0.0050 0.6364 0.0057 0.0020 0.0062 0.0108 0.0081 0.0067 0.0079 0.0046 
      H150.5  1 0.0041 0.0043 0.0030 0.0042 0.0070 0.0044 0.0063 0.8615 0.0044 0.0028 0.0064 0.0400 0.0093 0.0029 0.0114 0.0042 0.0051 0.0042 0.0078 0.0066 
      H150.6  1 0.0058 0.0119 0.0033 0.0042 0.0059 0.0189 0.0048 0.8826 0.0084 0.0035 0.0068 0.0047 0.0067 0.0038 0.0038 0.0039 0.0072 0.0024 0.0077 0.0036 
      H150.7  1 0.0135 0.0031 0.0045 0.0047 0.0049 0.0080 0.0030 0.4265 0.0037 0.0034 0.0056 0.4573 0.0092 0.0023 0.0049 0.0275 0.0044 0.0043 0.0029 0.0064 
   H169607.1  1 0.0028 0.0061 0.0028 0.0034 0.8884 0.0035 0.0051 0.0069 0.0034 0.0121 0.0058 0.0076 0.0076 0.0024 0.0038 0.0149 0.0091 0.0031 0.0063 0.0050 
   H169607.2  1 0.0044 0.0031 0.0065 0.0028 0.9293 0.0034 0.0028 0.0031 0.0032 0.0027 0.0057 0.0053 0.0038 0.0034 0.0044 0.0038 0.0030 0.0027 0.0025 0.0041 
   H169607.3  1 0.0039 0.0035 0.0027 0.0035 0.9051 0.0053 0.0050 0.0046 0.0039 0.0055 0.0054 0.0034 0.0073 0.0030 0.0045 0.0086 0.0096 0.0031 0.0045 0.0074 
   H169607.4  1 0.0037 0.0085 0.0040 0.0022 0.9287 0.0024 0.0033 0.0026 0.0021 0.0022 0.0074 0.0053 0.0038 0.0025 0.0034 0.0054 0.0043 0.0024 0.0023 0.0036 
   H169607.5  1 0.0024 0.0032 0.0031 0.0025 0.9372 0.0030 0.0041 0.0037 0.0024 0.0023 0.0024 0.0063 0.0033 0.0028 0.0038 0.0025 0.0034 0.0034 0.0028 0.0053 
   H169607.6  1 0.0044 0.0031 0.0057 0.0021 0.9350 0.0042 0.0022 0.0026 0.0022 0.0031 0.0054 0.0035 0.0042 0.0034 0.0029 0.0044 0.0026 0.0032 0.0023 0.0036 
   H169607.7  1 0.0052 0.0021 0.0040 0.0034 0.9076 0.0055 0.0047 0.0083 0.0023 0.0109 0.0057 0.0042 0.0083 0.0027 0.0036 0.0054 0.0044 0.0024 0.0056 0.0035 
   H169607.8  1 0.0036 0.0070 0.0063 0.0022 0.9275 0.0036 0.0036 0.0033 0.0037 0.0025 0.0027 0.0054 0.0041 0.0039 0.0035 0.0039 0.0036 0.0024 0.0034 0.0038 
   H169633.1  1 0.0036 0.0056 0.0047 0.8482 0.0032 0.0061 0.0041 0.0056 0.0041 0.0038 0.0107 0.0056 0.0095 0.0041 0.0072 0.0039 0.0166 0.0185 0.0257 0.0092 
   H169633.2  1 0.0134 0.0054 0.0037 0.7580 0.0023 0.0068 0.0058 0.0040 0.0083 0.0086 0.0725 0.0025 0.0289 0.0083 0.0038 0.0027 0.0138 0.0078 0.0203 0.0231 
   H169633.3  1 0.0031 0.0061 0.0069 0.8516 0.0036 0.0082 0.0129 0.0081 0.0080 0.0042 0.0070 0.0075 0.0093 0.0095 0.0067 0.0036 0.0046 0.0094 0.0048 0.0249 
   H169633.4  1 0.0033 0.0065 0.0052 0.8621 0.0056 0.0058 0.0083 0.0063 0.0062 0.0044 0.0039 0.0067 0.0094 0.0066 0.0099 0.0040 0.0079 0.0128 0.0030 0.0221 
   H169633.5  1 0.0039 0.0075 0.0052 0.8628 0.0069 0.0056 0.0082 0.0064 0.0036 0.0030 0.0041 0.0052 0.0097 0.0080 0.0101 0.0043 0.0080 0.0142 0.0038 0.0195 
   H169688.1  1 0.0035 0.0067 0.0107 0.0043 0.0112 0.0168 0.0053 0.0046 0.0039 0.0070 0.0050 0.0065 0.0112 0.0137 0.0032 0.0187 0.0070 0.0312 0.8183 0.0113 
   H169688.2  1 0.0098 0.0044 0.0045 0.0024 0.0032 0.0077 0.0060 0.0025 0.0079 0.0053 0.0059 0.0026 0.0050 0.0037 0.0036 0.0025 0.0034 0.0044 0.9097 0.0056 
   H169688.3  1 0.0041 0.0030 0.0022 0.0033 0.0029 0.0033 0.0028 0.0027 0.0049 0.0032 0.0040 0.0028 0.0041 0.0019 0.0030 0.0029 0.0031 0.0027 0.9396 0.0034 
   H169688.4  1 0.0016 0.0023 0.0017 0.0021 0.0036 0.0024 0.0027 0.0043 0.0033 0.0026 0.0024 0.0050 0.0034 0.0023 0.0026 0.0028 0.0027 0.0028 0.9467 0.0027 
   H169688.5  1 0.0018 0.0023 0.0019 0.0023 0.0039 0.0025 0.0040 0.0038 0.0041 0.0025 0.0023 0.0049 0.0035 0.0024 0.0024 0.0025 0.0032 0.0023 0.9449 0.0025 
   H169688.6  1 0.0028 0.0035 0.0038 0.0082 0.0025 0.0053 0.0042 0.0023 0.0027 0.0424 0.0029 0.0031 0.0052 0.0059 0.0023 0.0030 0.0026 0.0042 0.8890 0.0040 
   H169688.7  1 0.0055 0.0046 0.0115 0.0036 0.0027 0.0042 0.0054 0.0120 0.0090 0.0038 0.0057 0.0056 0.0090 0.0017 0.0036 0.0125 0.0167 0.0033 0.8754 0.0042 
   H171901.1  1 0.0354 0.0052 0.0037 0.0073 0.0971 0.0345 0.0069 0.0657 0.0053 0.0042 0.0096 0.0162 0.5271 0.0022 0.0209 0.0045 0.0178 0.0322 0.0094 0.0949 
   H171901.2  1 0.0899 0.0251 0.0073 0.6951 0.0222 0.0093 0.0415 0.0147 0.0053 0.0035 0.0116 0.0221 0.0101 0.0032 0.0057 0.0079 0.0048 0.0039 0.0048 0.0121 
   H171901.3  1 0.0119 0.0119 0.0037 0.6473 0.0370 0.0099 0.0288 0.0326 0.0072 0.0063 0.0276 0.0212 0.0609 0.0064 0.0077 0.0080 0.0044 0.0131 0.0202 0.0338 
   H171901.4  1 0.0729 0.0133 0.0049 0.7248 0.0267 0.0045 0.0170 0.0323 0.0058 0.0055 0.0286 0.0098 0.0117 0.0051 0.0042 0.0077 0.0049 0.0066 0.0057 0.0081 
   H171901.5  1 0.0238 0.0245 0.0045 0.5270 0.0386 0.0168 0.0628 0.0645 0.0091 0.0073 0.1112 0.0126 0.0480 0.0049 0.0056 0.0200 0.0045 0.0030 0.0043 0.0069 
   H171901.6  1 0.0143 0.0206 0.0053 0.3034 0.0170 0.0424 0.0730 0.0630 0.0157 0.0113 0.2424 0.0263 0.0657 0.0094 0.0062 0.0295 0.0072 0.0044 0.0099 0.0329 
   H171901.7  1 0.0040 0.0040 0.0058 0.2623 0.0149 0.0399 0.2867 0.0232 0.0056 0.0063 0.0491 0.0106 0.0704 0.0073 0.0057 0.0072 0.0054 0.0061 0.0220 0.1633 
   H171902.1  1 0.0016 0.0034 0.0044 0.0030 0.0062 0.0029 0.0031 0.0032 0.0035 0.0041 0.0058 0.0037 0.0032 0.0026 0.0021 0.9351 0.0035 0.0023 0.0032 0.0030 
  H171902.10  1 0.0026 0.0033 0.0031 0.0036 0.0046 0.0044 0.0084 0.0071 0.0021 0.0045 0.0024 0.0028 0.0030 0.0025 0.0028 0.9298 0.0034 0.0019 0.0050 0.0025 
   H171902.2  1 0.0029 0.0031 0.0042 0.0092 0.0034 0.0040 0.0024 0.0035 0.0033 0.0090 0.0113 0.0047 0.0058 0.0021 0.0035 0.9114 0.0033 0.0045 0.0046 0.0038 
   H171902.3  1 0.0023 0.0028 0.0052 0.0102 0.0048 0.0051 0.0026 0.0055 0.0040 0.0040 0.0085 0.0056 0.0049 0.0034 0.0026 0.9162 0.0025 0.0027 0.0033 0.0038 
   H171902.4  1 0.0021 0.0031 0.0039 0.0093 0.0022 0.0044 0.0037 0.0033 0.0029 0.0031 0.0029 0.0024 0.0044 0.0020 0.0029 0.9351 0.0035 0.0026 0.0023 0.0040 
   H171902.6  1 0.0020 0.0029 0.0036 0.0038 0.0031 0.0048 0.0035 0.0028 0.0030 0.0026 0.0026 0.0038 0.0029 0.0026 0.0026 0.9427 0.0028 0.0020 0.0018 0.0043 
   H171902.7  1 0.0064 0.0041 0.0046 0.0056 0.0317 0.0041 0.0076 0.0110 0.0040 0.0039 0.0028 0.0034 0.0099 0.0020 0.0035 0.8758 0.0035 0.0019 0.0048 0.0097 
   H171902.8  1 0.0025 0.0037 0.0038 0.0054 0.0040 0.0049 0.0035 0.0036 0.0026 0.0029 0.0045 0.0047 0.0050 0.0023 0.0026 0.9305 0.0034 0.0030 0.0026 0.0047 
   H171902.9  1 0.0026 0.0032 0.0032 0.0025 0.0050 0.0029 0.0029 0.0033 0.0028 0.0024 0.0030 0.0066 0.0033 0.0027 0.0030 0.9387 0.0032 0.0027 0.0028 0.0031 
   H171903.1  1 0.0065 0.0033 0.0053 0.0028 0.8733 0.0044 0.0109 0.0224 0.0030 0.0038 0.0048 0.0195 0.0083 0.0045 0.0038 0.0031 0.0027 0.0040 0.0069 0.0066 
   H171903.2  1 0.0657 0.0082 0.0047 0.0031 0.6992 0.0062 0.0875 0.0121 0.0096 0.0051 0.0071 0.0195 0.0263 0.0100 0.0081 0.0035 0.0050 0.0029 0.0046 0.0116 
   H171903.3  1 0.0458 0.0220 0.0059 0.0058 0.5408 0.0054 0.0265 0.0153 0.0257 0.0042 0.0120 0.0140 0.0815 0.0199 0.0061 0.0043 0.0044 0.0059 0.0168 0.1378 
   H171903.4  1 0.0069 0.0093 0.0027 0.0051 0.7255 0.0043 0.0223 0.0159 0.0053 0.0037 0.0059 0.0095 0.0246 0.0031 0.0062 0.0242 0.0064 0.0041 0.0838 0.0314 
   H171903.5  1 0.0249 0.0061 0.0041 0.0153 0.5692 0.0136 0.0327 0.0210 0.0155 0.0055 0.0106 0.0235 0.1258 0.0050 0.0091 0.0060 0.0046 0.0039 0.0849 0.0188 
   H171903.6  1 0.0040 0.0027 0.0026 0.0107 0.7161 0.0066 0.0320 0.0108 0.0042 0.0032 0.0029 0.0093 0.0073 0.0051 0.0035 0.0043 0.0033 0.0021 0.1641 0.0051 
      H177.1  1 0.0026 0.0061 0.0049 0.0043 0.0046 0.0037 0.9158 0.0046 0.0030 0.0041 0.0035 0.0060 0.0046 0.0037 0.0027 0.0038 0.0032 0.0043 0.0055 0.0089 
      H177.2  1 0.0029 0.0165 0.0286 0.0138 0.0160 0.0206 0.7266 0.0104 0.0066 0.0246 0.0048 0.0050 0.0324 0.0028 0.0080 0.0035 0.0622 0.0030 0.0064 0.0051 
      H177.3  1 0.0021 0.0041 0.0036 0.0052 0.0062 0.0041 0.9161 0.0039 0.0041 0.0044 0.0027 0.0027 0.0041 0.0043 0.0038 0.0046 0.0145 0.0020 0.0034 0.0042 
      H177.4  1 0.0082 0.0049 0.0072 0.0056 0.0042 0.0075 0.8470 0.0032 0.0047 0.0413 0.0062 0.0035 0.0046 0.0128 0.0081 0.0048 0.0074 0.0021 0.0039 0.0129 
      H177.5  1 0.0051 0.0100 0.0126 0.0035 0.0038 0.0045 0.8335 0.0070 0.0107 0.0096 0.0081 0.0064 0.0131 0.0036 0.0090 0.0032 0.0092 0.0030 0.0105 0.0334 
      H177.6  1 0.0021 0.0056 0.0040 0.0118 0.0045 0.0042 0.9142 0.0034 0.0032 0.0059 0.0049 0.0032 0.0049 0.0034 0.0035 0.0042 0.0064 0.0021 0.0035 0.0050 
      H179.1  1 0.0049 0.0038 0.0057 0.0049 0.0064 0.0043 0.0096 0.0066 0.0447 0.8170 0.0095 0.0109 0.0096 0.0022 0.0077 0.0041 0.0024 0.0080 0.0246 0.0133 
      H179.2  1 0.0060 0.0114 0.0037 0.0046 0.0073 0.0117 0.0141 0.0225 0.0427 0.7632 0.0172 0.0060 0.0171 0.0179 0.0046 0.0075 0.0026 0.0038 0.0214 0.0146 
      H179.3  1 0.0043 0.0070 0.0042 0.0035 0.0179 0.0089 0.0239 0.0179 0.0167 0.6861 0.0120 0.0192 0.0135 0.0053 0.0071 0.0058 0.0042 0.0106 0.1088 0.0231 
      H179.4  1 0.0053 0.0369 0.0095 0.0117 0.0186 0.0090 0.0210 0.0047 0.0126 0.6322 0.0865 0.0043 0.0247 0.0520 0.0060 0.0048 0.0053 0.0058 0.0157 0.0331 
      H180.1  1 0.0044 0.0040 0.0030 0.0030 0.0058 0.0350 0.0067 0.8704 0.0043 0.0174 0.0051 0.0041 0.0099 0.0029 0.0035 0.0077 0.0026 0.0048 0.0030 0.0025 
      H180.2  1 0.0034 0.0025 0.0044 0.0033 0.0027 0.0073 0.0094 0.9155 0.0056 0.0050 0.0039 0.0037 0.0065 0.0034 0.0024 0.0030 0.0029 0.0078 0.0042 0.0032 
      H180.3  1 0.0027 0.0026 0.0059 0.0048 0.0056 0.0027 0.0050 0.9018 0.0098 0.0052 0.0047 0.0111 0.0069 0.0036 0.0025 0.0033 0.0075 0.0032 0.0055 0.0056 
      H180.4  1 0.0060 0.0035 0.0044 0.0042 0.0035 0.0146 0.0088 0.8977 0.0048 0.0090 0.0061 0.0043 0.0059 0.0031 0.0032 0.0041 0.0034 0.0075 0.0026 0.0031 
      H180.5  1 0.0021 0.0025 0.0067 0.0037 0.0025 0.0135 0.0090 0.9116 0.0028 0.0112 0.0034 0.0032 0.0048 0.0031 0.0033 0.0038 0.0032 0.0030 0.0032 0.0035 
      H180.6  1 0.0045 0.0023 0.0192 0.0114 0.0050 0.0045 0.0044 0.8759 0.0059 0.0076 0.0060 0.0044 0.0107 0.0045 0.0032 0.0047 0.0112 0.0043 0.0028 0.0075 
      H181.1  1 0.0059 0.0028 0.0080 0.0089 0.0084 0.9052 0.0076 0.0042 0.0036 0.0037 0.0025 0.0027 0.0079 0.0039 0.0025 0.0053 0.0037 0.0036 0.0034 0.0059 
      H181.2  1 0.0034 0.0058 0.0065 0.0057 0.0029 0.9058 0.0106 0.0051 0.0040 0.0064 0.0077 0.0026 0.0056 0.0023 0.0032 0.0051 0.0071 0.0030 0.0027 0.0043 
      H181.3  1 0.0040 0.0037 0.0070 0.0079 0.0032 0.9162 0.0059 0.0039 0.0024 0.0030 0.0039 0.0039 0.0050 0.0027 0.0043 0.0073 0.0035 0.0043 0.0037 0.0042 
      H181.4  1 0.0098 0.0044 0.0256 0.0113 0.0071 0.8285 0.0073 0.0156 0.0058 0.0040 0.0077 0.0124 0.0263 0.0040 0.0058 0.0047 0.0051 0.0035 0.0064 0.0045 
      H181.5  1 0.0048 0.0040 0.0046 0.0040 0.0030 0.9148 0.0034 0.0032 0.0064 0.0120 0.0026 0.0033 0.0033 0.0035 0.0048 0.0043 0.0028 0.0051 0.0047 0.0055 
      H181.6  1 0.0074 0.0034 0.0029 0.0033 0.0044 0.8810 0.0063 0.0080 0.0059 0.0271 0.0093 0.0048 0.0063 0.0051 0.0034 0.0042 0.0029 0.0040 0.0038 0.0064 
      H181.7  1 0.0067 0.0031 0.0042 0.0034 0.0045 0.9033 0.0040 0.0043 0.0051 0.0200 0.0038 0.0034 0.0048 0.0060 0.0033 0.0031 0.0032 0.0039 0.0055 0.0044 
 H194.1_2004  1 0.0020 0.0028 0.0037 0.0041 0.0066 0.0022 0.0052 0.0036 0.0038 0.0021 0.0051 0.0042 0.0052 0.0032 0.0032 0.0046 0.0037 0.0025 0.0039 0.9284 
 H194.2_2004  1 0.0040 0.0033 0.0032 0.0032 0.0096 0.0031 0.0036 0.0030 0.0020 0.0021 0.0040 0.0042 0.0055 0.0024 0.0026 0.0045 0.0045 0.0031 0.0024 0.9298 
 H194.3_2004  1 0.0030 0.0089 0.0042 0.0241 0.0049 0.0053 0.0159 0.0034 0.0507 0.0095 0.0116 0.0031 0.0108 0.0053 0.0038 0.0052 0.0100 0.0027 0.0057 0.8118 
 H194.4_2004  1 0.0029 0.0054 0.0044 0.0069 0.0046 0.0057 0.0173 0.0028 0.0034 0.0035 0.0075 0.0043 0.0259 0.0034 0.0022 0.0052 0.0148 0.0032 0.0027 0.8737 
 H194.5_2004  1 0.0036 0.0077 0.0055 0.0096 0.0076 0.0060 0.0057 0.0029 0.0159 0.0042 0.0122 0.0039 0.0094 0.0058 0.0045 0.0063 0.0045 0.0023 0.0047 0.8777 
 H194.6_2004  1 0.0029 0.0083 0.0083 0.0189 0.0074 0.0042 0.0971 0.0043 0.0372 0.0068 0.0107 0.0051 0.0125 0.0151 0.0041 0.0129 0.0056 0.0031 0.0055 0.7299 
 H194.7_2004  1 0.0030 0.0028 0.0055 0.0033 0.0063 0.0028 0.0063 0.0033 0.0039 0.0021 0.0028 0.0029 0.0035 0.0037 0.0037 0.0022 0.0031 0.0027 0.0048 0.9312 
 H194.8_2004  1 0.0046 0.0050 0.0045 0.0057 0.0058 0.0047 0.0131 0.0027 0.0042 0.0032 0.0066 0.0053 0.0059 0.0059 0.0024 0.0061 0.0051 0.0039 0.0029 0.9024 
      H194.9  1 0.0022 0.0030 0.0057 0.0029 0.0058 0.0029 0.0037 0.0023 0.0032 0.0020 0.0058 0.0055 0.0044 0.0029 0.0024 0.0042 0.0046 0.0048 0.0027 0.9289 
 H195.1_2003  1 0.0031 0.0032 0.0028 0.0031 0.0035 0.0024 0.0023 0.0024 0.0028 0.0026 0.9463 0.0022 0.0029 0.0030 0.0024 0.0025 0.0030 0.0027 0.0024 0.0044 
 H195.1_2004  1 0.0024 0.0100 0.0035 0.0050 0.0023 0.0042 0.0080 0.0035 0.0025 0.0024 0.0069 0.0024 0.0041 0.0025 0.0041 0.0028 0.9234 0.0032 0.0033 0.0035 
 H195.2_2003  1 0.0072 0.0112 0.0302 0.0042 0.0143 0.0056 0.0038 0.0040 0.0032 0.0029 0.7205 0.0163 0.0287 0.0062 0.0047 0.0098 0.0382 0.0033 0.0805 0.0053 
 H195.2_2004  1 0.0028 0.0049 0.0108 0.0067 0.0031 0.0033 0.0037 0.0044 0.0036 0.0039 0.0518 0.0026 0.0064 0.0031 0.0030 0.0032 0.8616 0.0030 0.0117 0.0060 
 H195.3_2003  1 0.0159 0.0115 0.0159 0.0024 0.0379 0.0123 0.0055 0.0124 0.0087 0.0029 0.6522 0.0714 0.0614 0.0045 0.0081 0.0042 0.0212 0.0063 0.0328 0.0125 
 H195.3_2004  1 0.0033 0.0088 0.0042 0.0168 0.0041 0.0068 0.0082 0.0032 0.0035 0.0029 0.1129 0.0025 0.0127 0.0041 0.0029 0.0079 0.7808 0.0032 0.0038 0.0072 
 H195.4_2003  1 0.0026 0.0033 0.0028 0.0093 0.0031 0.0040 0.0042 0.0028 0.0028 0.0035 0.8830 0.0022 0.0052 0.0042 0.0057 0.0026 0.0501 0.0019 0.0021 0.0047 
 H195.4_2004  1 0.0019 0.0034 0.0044 0.0050 0.0042 0.0038 0.0056 0.0024 0.0030 0.0036 0.0174 0.0024 0.0052 0.0044 0.0026 0.0033 0.9105 0.0027 0.0080 0.0063 
 H195.5_2003  1 0.0027 0.0134 0.0027 0.0044 0.0026 0.0028 0.0031 0.0066 0.0027 0.0023 0.9106 0.0037 0.0054 0.0049 0.0056 0.0030 0.0054 0.0115 0.0023 0.0046 
 H195.5_2004  1 0.0029 0.0049 0.0025 0.0040 0.0027 0.0036 0.0054 0.0037 0.0033 0.0035 0.0109 0.0027 0.0049 0.0048 0.0029 0.0033 0.9225 0.0051 0.0031 0.0033 
 H195.6_2003  1 0.0068 0.0079 0.0094 0.0026 0.0185 0.0046 0.0046 0.0062 0.0037 0.0024 0.5339 0.0195 0.0220 0.0053 0.0072 0.0060 0.3165 0.0027 0.0150 0.0052 
 H195.6_2004  1 0.0044 0.0037 0.0039 0.0032 0.0049 0.0025 0.0042 0.0022 0.0047 0.0040 0.0469 0.0019 0.0073 0.0038 0.0027 0.0031 0.8830 0.0036 0.0041 0.0060 
 H195.7_2003  1 0.0050 0.0055 0.0067 0.0038 0.0080 0.0062 0.0049 0.0027 0.0043 0.0042 0.7887 0.0023 0.0116 0.0055 0.0055 0.0026 0.0586 0.0032 0.0656 0.0051 
 H195.7_2004  1 0.0019 0.0045 0.0037 0.0022 0.0030 0.0030 0.0031 0.0054 0.0023 0.0026 0.0067 0.0056 0.0035 0.0021 0.0023 0.0026 0.9342 0.0032 0.0061 0.0022 
      H195.8  1 0.0020 0.0037 0.0025 0.0029 0.0029 0.0031 0.0036 0.0034 0.0019 0.0023 0.0029 0.0033 0.0030 0.0035 0.0032 0.0031 0.9428 0.0034 0.0030 0.0035 
      H195.9  1 0.0026 0.0054 0.0054 0.0052 0.0045 0.0036 0.0143 0.0043 0.0040 0.0033 0.0312 0.0023 0.0041 0.0060 0.0041 0.0042 0.8801 0.0022 0.0050 0.0082 
      H415.1  1 0.0054 0.0109 0.0041 0.0209 0.0065 0.0089 0.0130 0.0406 0.0078 0.0085 0.4612 0.0355 0.0849 0.0019 0.0064 0.0083 0.0064 0.0061 0.0124 0.2506 
      H415.2  1 0.0060 0.0146 0.0114 0.0058 0.0216 0.0090 0.2146 0.0152 0.0667 0.0286 0.0302 0.0219 0.1704 0.0032 0.0307 0.2406 0.0082 0.0025 0.0142 0.0846 
      H415.3  1 0.0057 0.0087 0.0154 0.0513 0.0032 0.0187 0.0230 0.0169 0.0062 0.0873 0.4802 0.0049 0.0467 0.0042 0.0131 0.0095 0.0054 0.0035 0.0064 0.1898 
      H415.4  1 0.0065 0.0087 0.0034 0.0162 0.0036 0.0043 0.0037 0.0220 0.0175 0.0029 0.5822 0.0131 0.0354 0.0027 0.0035 0.0064 0.0057 0.0023 0.0024 0.2577 
      H415.5  1 0.0045 0.0057 0.0041 0.0341 0.0030 0.0200 0.0111 0.0113 0.0241 0.0082 0.5583 0.0047 0.0345 0.0041 0.0037 0.0155 0.0062 0.0027 0.0038 0.2405 
      H415.6  1 0.0053 0.0131 0.0035 0.0208 0.0043 0.0046 0.0045 0.0363 0.0241 0.0027 0.5752 0.0093 0.0129 0.0030 0.0047 0.0076 0.0045 0.0021 0.0029 0.2587 
      H415.7  1 0.0066 0.0293 0.0148 0.0326 0.0372 0.0067 0.1357 0.0044 0.0056 0.0458 0.1360 0.0101 0.1639 0.0086 0.0262 0.1336 0.0085 0.0030 0.0141 0.1775 
      H506.1  1 0.0025 0.0023 0.0032 0.0039 0.0024 0.0042 0.0026 0.0021 0.0041 0.9456 0.0027 0.0019 0.0025 0.0032 0.0036 0.0020 0.0029 0.0033 0.0024 0.0025 
      H506.2  1 0.0035 0.0038 0.0034 0.0042 0.0030 0.0048 0.0074 0.0021 0.0034 0.9327 0.0039 0.0018 0.0031 0.0036 0.0029 0.0025 0.0074 0.0021 0.0018 0.0027 
      H506.3  1 0.0046 0.0057 0.0038 0.0048 0.0073 0.0196 0.0198 0.0057 0.0102 0.8667 0.0042 0.0034 0.0095 0.0042 0.0051 0.0028 0.0068 0.0021 0.0112 0.0026 
      H506.4  1 0.0025 0.0039 0.0036 0.0049 0.0061 0.0064 0.0087 0.0048 0.0041 0.9055 0.0034 0.0048 0.0057 0.0105 0.0054 0.0055 0.0040 0.0021 0.0042 0.0039 
      H506.5  1 0.0027 0.0047 0.0025 0.0051 0.0049 0.0046 0.0053 0.0029 0.0036 0.9281 0.0059 0.0026 0.0034 0.0052 0.0035 0.0035 0.0042 0.0025 0.0023 0.0025 
      H506.6  1 0.0032 0.0142 0.0037 0.0042 0.0199 0.0111 0.0977 0.0047 0.0043 0.7558 0.0114 0.0051 0.0112 0.0076 0.0066 0.0033 0.0193 0.0024 0.0093 0.0052 
      H506.7  1 0.0031 0.0032 0.0033 0.0035 0.0031 0.0048 0.0043 0.0022 0.0049 0.9378 0.0044 0.0016 0.0033 0.0029 0.0035 0.0024 0.0050 0.0020 0.0025 0.0023 
      H533.1  1 0.0103 0.0028 0.0025 0.0096 0.0028 0.0100 0.0040 0.0050 0.0048 0.9214 0.0029 0.0018 0.0040 0.0040 0.0023 0.0022 0.0026 0.0026 0.0021 0.0023 
      H533.2  1 0.0122 0.0023 0.0027 0.0096 0.0025 0.0154 0.0038 0.0059 0.0049 0.9144 0.0025 0.0018 0.0040 0.0036 0.0023 0.0022 0.0030 0.0028 0.0020 0.0021 
      H533.3  1 0.0036 0.0022 0.0045 0.0056 0.0085 0.0040 0.0037 0.0035 0.0038 0.9319 0.0018 0.0026 0.0044 0.0027 0.0028 0.0022 0.0041 0.0022 0.0025 0.0034 
      H533.4  1 0.0044 0.0053 0.0064 0.0121 0.0131 0.0072 0.0071 0.0049 0.0031 0.8523 0.0116 0.0036 0.0100 0.0086 0.0034 0.0039 0.0220 0.0032 0.0035 0.0145 
      H535.1  1 0.0026 0.0031 0.0032 0.0034 0.0043 0.0035 0.0065 0.0027 0.0033 0.0030 0.0030 0.0033 0.0031 0.9382 0.0021 0.0046 0.0021 0.0028 0.0021 0.0031 
      H535.2  1 0.0036 0.0035 0.0031 0.0027 0.0032 0.0048 0.0047 0.0024 0.0035 0.0032 0.0028 0.0020 0.0029 0.9419 0.0026 0.0025 0.0035 0.0024 0.0020 0.0029 
      H535.3  1 0.0022 0.0025 0.0032 0.0020 0.0025 0.0044 0.0034 0.0028 0.0030 0.0029 0.0024 0.0020 0.0028 0.9483 0.0025 0.0022 0.0036 0.0028 0.0021 0.0021 
      H535.4  1 0.0026 0.0033 0.0023 0.0045 0.0030 0.0026 0.0021 0.0023 0.0031 0.0026 0.0032 0.0022 0.0034 0.9473 0.0030 0.0023 0.0025 0.0025 0.0021 0.0029 
      H535.5  1 0.0027 0.0022 0.0025 0.0033 0.0031 0.0026 0.0036 0.0025 0.0027 0.0031 0.0037 0.0023 0.0029 0.9486 0.0025 0.0023 0.0024 0.0020 0.0021 0.0029 
      H535.6  1 0.0024 0.0025 0.0033 0.0021 0.0064 0.0061 0.0046 0.0037 0.0048 0.0031 0.0057 0.0065 0.0043 0.9219 0.0024 0.0056 0.0040 0.0035 0.0021 0.0050 
      H535.7  1 0.0019 0.0021 0.0021 0.0034 0.0024 0.0020 0.0032 0.0019 0.0030 0.0029 0.0026 0.0018 0.0020 0.9561 0.0019 0.0020 0.0020 0.0021 0.0021 0.0026 
      H535.8  1 0.0029 0.0044 0.0040 0.0027 0.0041 0.0033 0.0023 0.0021 0.0042 0.0023 0.0052 0.0029 0.0033 0.9418 0.0023 0.0022 0.0026 0.0021 0.0023 0.0032 
      H535.9  1 0.0018 0.0026 0.0023 0.0026 0.0038 0.0037 0.0036 0.0032 0.0025 0.0034 0.0031 0.0030 0.0028 0.9462 0.0020 0.0035 0.0026 0.0029 0.0017 0.0026 
      H539.1  1 0.0029 0.0030 0.0041 0.0021 0.0036 0.0031 0.0025 0.0058 0.0021 0.0019 0.0026 0.9399 0.0038 0.0021 0.0029 0.0070 0.0028 0.0030 0.0022 0.0026 
      H539.2  1 0.0035 0.0274 0.0072 0.0038 0.0756 0.0061 0.0423 0.1859 0.0045 0.0053 0.0062 0.4994 0.0323 0.0109 0.0054 0.0053 0.0046 0.0262 0.0362 0.0118 
      H539.3  1 0.0031 0.0057 0.0040 0.0029 0.0249 0.0029 0.0090 0.0151 0.0041 0.0045 0.0115 0.8451 0.0065 0.0108 0.0037 0.0052 0.0054 0.0083 0.0099 0.0172 
      H539.4  1 0.0036 0.0052 0.0026 0.0034 0.0061 0.0042 0.0069 0.0715 0.0053 0.0037 0.0031 0.8472 0.0073 0.0030 0.0053 0.0041 0.0034 0.0031 0.0078 0.0032 
      H539.5  1 0.0027 0.0022 0.0044 0.0025 0.0046 0.0026 0.0037 0.0061 0.0030 0.0024 0.0022 0.9400 0.0036 0.0037 0.0021 0.0031 0.0027 0.0030 0.0025 0.0029 
      H539.6  1 0.0027 0.0025 0.0061 0.0021 0.0078 0.0026 0.0028 0.0098 0.0028 0.0024 0.0044 0.9255 0.0035 0.0026 0.0025 0.0063 0.0043 0.0028 0.0027 0.0039 
      H539.7  1 0.0024 0.0026 0.0019 0.0025 0.0036 0.0038 0.0039 0.0087 0.0025 0.0028 0.0034 0.9320 0.0032 0.0033 0.0031 0.0044 0.0022 0.0046 0.0050 0.0040 
      H539.8  1 0.0033 0.0079 0.0050 0.0046 0.0097 0.0041 0.0065 0.0676 0.0074 0.0039 0.0110 0.7640 0.0149 0.0281 0.0051 0.0042 0.0032 0.0210 0.0104 0.0180 
      H539.9  1 0.0056 0.0034 0.0025 0.0023 0.0049 0.0035 0.0045 0.0118 0.0050 0.0028 0.0025 0.9251 0.0041 0.0023 0.0033 0.0021 0.0038 0.0029 0.0049 0.0026 
      H540.1  1 0.0032 0.0038 0.0057 0.0032 0.0548 0.0106 0.0081 0.0045 0.0036 0.0038 0.0036 0.8547 0.0076 0.0046 0.0041 0.0045 0.0094 0.0022 0.0035 0.0045 
      H540.2  1 0.0027 0.0038 0.0054 0.0035 0.0071 0.0056 0.0045 0.0046 0.0043 0.0036 0.0029 0.9188 0.0047 0.0022 0.0036 0.0038 0.0031 0.0026 0.0058 0.0074 
      H540.3  1 0.0059 0.0331 0.0059 0.0256 0.0098 0.0078 0.0137 0.0180 0.0071 0.0052 0.0077 0.7464 0.0251 0.0063 0.0054 0.0048 0.0144 0.0125 0.0099 0.0354 
      H540.4  1 0.0033 0.0047 0.0046 0.0035 0.0101 0.0167 0.0092 0.0180 0.0043 0.0059 0.0036 0.8624 0.0075 0.0047 0.0085 0.0063 0.0044 0.0069 0.0108 0.0044 
      H540.5  1 0.0045 0.0080 0.0070 0.0059 0.0061 0.0064 0.0075 0.0032 0.0069 0.0026 0.0025 0.8981 0.0059 0.0026 0.0047 0.0043 0.0031 0.0046 0.0090 0.0070 
      H540.6  1 0.0063 0.0078 0.0098 0.0052 0.0255 0.0276 0.0142 0.0057 0.0076 0.0047 0.0031 0.8228 0.0093 0.0040 0.0106 0.0071 0.0081 0.0038 0.0095 0.0073 
      H540.7  1 0.0026 0.0053 0.0212 0.0169 0.0095 0.0142 0.0101 0.0075 0.0044 0.0079 0.0064 0.8390 0.0095 0.0023 0.0097 0.0060 0.0044 0.0065 0.0051 0.0113 
      H540.8  1 0.0028 0.0031 0.0052 0.0084 0.0267 0.0072 0.0127 0.0063 0.0047 0.0026 0.0070 0.8166 0.0070 0.0039 0.0041 0.0124 0.0033 0.0036 0.0059 0.0564 
     H9558.1  1 0.0072 0.0025 0.0022 0.0022 0.0051 0.0049 0.0027 0.0035 0.0030 0.0042 0.0044 0.9208 0.0042 0.0077 0.0020 0.0081 0.0028 0.0038 0.0041 0.0045 
     H9558.2  1 0.0139 0.0074 0.0139 0.0043 0.0055 0.0220 0.0030 0.0028 0.0062 0.0091 0.0152 0.8386 0.0111 0.0058 0.0072 0.0091 0.0027 0.0057 0.0055 0.0111 
     H9558.3  1 0.0446 0.0067 0.0117 0.0021 0.0047 0.0091 0.0027 0.0042 0.0057 0.0026 0.0045 0.8569 0.0055 0.0058 0.0070 0.0031 0.0021 0.0091 0.0039 0.0080 
     H9558.4  1 0.0041 0.0037 0.0030 0.0018 0.0032 0.0032 0.0030 0.0027 0.0024 0.0054 0.0032 0.9289 0.0051 0.0076 0.0024 0.0038 0.0018 0.0045 0.0060 0.0039 
     H9558.5  1 0.0035 0.0059 0.0031 0.0029 0.0031 0.0041 0.0040 0.0071 0.0035 0.0024 0.0022 0.9193 0.0040 0.0076 0.0043 0.0025 0.0017 0.0088 0.0071 0.0029 
     H9558.6  1 0.0184 0.0057 0.0040 0.0025 0.0044 0.0036 0.0063 0.0036 0.0052 0.0029 0.0066 0.8883 0.0190 0.0049 0.0044 0.0039 0.0029 0.0051 0.0023 0.0059 
    kos339.1  1 0.0064 0.0039 0.0289 0.8540 0.0058 0.0081 0.0095 0.0047 0.0040 0.0228 0.0034 0.0053 0.0056 0.0044 0.0123 0.0097 0.0025 0.0030 0.0029 0.0027 
    kos339.2  1 0.0050 0.0058 0.0098 0.9013 0.0030 0.0032 0.0056 0.0044 0.0035 0.0085 0.0039 0.0025 0.0057 0.0042 0.0104 0.0042 0.0069 0.0036 0.0047 0.0040 
    kos339.3  1 0.0029 0.0029 0.0029 0.9385 0.0042 0.0027 0.0033 0.0031 0.0030 0.0040 0.0047 0.0033 0.0026 0.0059 0.0021 0.0028 0.0025 0.0028 0.0028 0.0032 
    kos339.4  1 0.0024 0.0028 0.0035 0.9358 0.0029 0.0044 0.0029 0.0035 0.0022 0.0045 0.0044 0.0037 0.0032 0.0034 0.0025 0.0041 0.0029 0.0035 0.0035 0.0040 
    kos339.5  1 0.0046 0.0027 0.0631 0.8465 0.0033 0.0070 0.0055 0.0038 0.0045 0.0144 0.0027 0.0036 0.0099 0.0041 0.0057 0.0065 0.0027 0.0039 0.0024 0.0032 
    kos339.6  1 0.0028 0.0040 0.0153 0.9170 0.0032 0.0041 0.0058 0.0027 0.0023 0.0058 0.0023 0.0028 0.0037 0.0023 0.0069 0.0031 0.0052 0.0029 0.0030 0.0049 
    kos339.7  1 0.0017 0.0029 0.0025 0.9345 0.0031 0.0038 0.0030 0.0043 0.0029 0.0058 0.0040 0.0023 0.0036 0.0084 0.0022 0.0031 0.0034 0.0031 0.0026 0.0030 
    kos339.8  1 0.0028 0.0043 0.0068 0.9137 0.0029 0.0033 0.0054 0.0036 0.0031 0.0170 0.0055 0.0024 0.0041 0.0031 0.0054 0.0034 0.0037 0.0030 0.0030 0.0033 
    kos339.9  1 0.0060 0.0106 0.0245 0.7967 0.0074 0.0131 0.0231 0.0118 0.0086 0.0074 0.0064 0.0157 0.0129 0.0038 0.0073 0.0234 0.0085 0.0022 0.0048 0.0058 
      H409.1 12 0.0027 0.0037 0.0040 0.0048 0.0018 0.0054 0.0032 0.0021 0.9367 0.0048 0.0029 0.0017 0.0034 0.0020 0.0042 0.0030 0.0026 0.0035 0.0037 0.0037 
     H409.10 12 0.0019 0.0082 0.0054 0.0038 0.0051 0.0087 0.0047 0.0098 0.8521 0.0367 0.0074 0.0076 0.0067 0.0031 0.0070 0.0047 0.0036 0.0064 0.0134 0.0036 
      H409.2 12 0.0024 0.0085 0.0024 0.0058 0.0032 0.0032 0.0038 0.0026 0.9134 0.0037 0.0064 0.0041 0.0051 0.0085 0.0032 0.0060 0.0040 0.0026 0.0045 0.0064 
      H409.3 12 0.0046 0.0038 0.0034 0.0036 0.0028 0.0025 0.0038 0.0037 0.9328 0.0053 0.0027 0.0032 0.0038 0.0040 0.0028 0.0031 0.0031 0.0031 0.0029 0.0050 
      H409.4 12 0.0060 0.0055 0.0034 0.0035 0.0024 0.0031 0.0028 0.0026 0.9377 0.0030 0.0027 0.0029 0.0035 0.0031 0.0028 0.0022 0.0024 0.0028 0.0031 0.0045 
      H409.5 12 0.0038 0.0047 0.0056 0.0022 0.0043 0.0027 0.0037 0.0044 0.9299 0.0046 0.0038 0.0034 0.0038 0.0039 0.0032 0.0040 0.0026 0.0028 0.0026 0.0040 
      H409.6 12 0.0524 0.0059 0.0141 0.0036 0.0078 0.0078 0.0076 0.0064 0.8166 0.0088 0.0028 0.0065 0.0138 0.0056 0.0078 0.0044 0.0065 0.0096 0.0047 0.0073 
      H409.7 12 0.0055 0.0066 0.0056 0.0069 0.0021 0.0057 0.0038 0.0028 0.9142 0.0040 0.0043 0.0025 0.0045 0.0028 0.0067 0.0035 0.0046 0.0032 0.0038 0.0068 
      H409.8 12 0.0030 0.0030 0.0069 0.0032 0.0040 0.0040 0.0031 0.0030 0.9285 0.0053 0.0035 0.0030 0.0048 0.0025 0.0060 0.0036 0.0026 0.0042 0.0022 0.0038 
      H409.9 12 0.0056 0.0060 0.0037 0.0031 0.0167 0.0096 0.0206 0.0210 0.3982 0.1385 0.0068 0.2593 0.0322 0.0093 0.0335 0.0043 0.0044 0.0197 0.0047 0.0029 
      H413.1 12 0.0053 0.0036 0.0039 0.0041 0.0028 0.0057 0.0021 0.0058 0.0022 0.0019 0.0029 0.0021 0.0037 0.0026 0.0047 0.0022 0.0021 0.9366 0.0033 0.0022 
      H413.2 12 0.0049 0.0020 0.0027 0.0036 0.0020 0.0031 0.0021 0.0028 0.0021 0.0022 0.0031 0.0025 0.0030 0.0022 0.0026 0.0022 0.0022 0.9497 0.0022 0.0028 
      H413.3 12 0.0030 0.0028 0.0023 0.0018 0.0026 0.0028 0.0023 0.0025 0.0031 0.0025 0.0021 0.0048 0.0034 0.0017 0.0043 0.0021 0.0018 0.9448 0.0048 0.0047 
      H413.4 12 0.0048 0.0074 0.0066 0.0052 0.0026 0.0053 0.0045 0.0045 0.0045 0.0039 0.0047 0.0036 0.0045 0.0021 0.0089 0.0036 0.0028 0.9138 0.0023 0.0045 
      H413.5 12 0.0027 0.0027 0.0069 0.0022 0.0025 0.0036 0.0021 0.0120 0.0024 0.0029 0.0020 0.0136 0.0037 0.0022 0.0028 0.0094 0.0036 0.9162 0.0035 0.0032 
      H413.6 12 0.0059 0.0099 0.0213 0.0041 0.0028 0.0047 0.0034 0.0122 0.0040 0.0026 0.0087 0.0142 0.0068 0.0022 0.0060 0.0022 0.0028 0.8655 0.0161 0.0044 
      H413.7 12 0.0026 0.0029 0.0025 0.0029 0.0021 0.0024 0.0022 0.0028 0.0023 0.0021 0.0031 0.0037 0.0029 0.0028 0.0031 0.0026 0.0022 0.9491 0.0026 0.0030 
      H563.1 12 0.0035 0.0049 0.0045 0.0026 0.0041 0.0028 0.0061 0.0044 0.0040 0.0024 0.0024 0.0085 0.0033 0.0024 0.9183 0.0019 0.0026 0.0130 0.0049 0.0033 
      H563.2 12 0.0056 0.0067 0.0046 0.0067 0.0027 0.0062 0.0068 0.0064 0.0122 0.0055 0.0055 0.0057 0.0088 0.0035 0.8752 0.0048 0.0034 0.0105 0.0039 0.0154 
      H563.3 12 0.0030 0.0052 0.0090 0.0023 0.0056 0.0036 0.0036 0.0036 0.0037 0.0027 0.0030 0.0074 0.0034 0.0020 0.9252 0.0028 0.0029 0.0051 0.0028 0.0030 
      H563.4 12 0.0111 0.0064 0.0052 0.0053 0.0052 0.0039 0.0038 0.0053 0.0111 0.0037 0.0022 0.0041 0.0062 0.0026 0.8950 0.0042 0.0032 0.0107 0.0048 0.0060 
      H563.5 12 0.0044 0.0086 0.0053 0.0024 0.0038 0.0028 0.0039 0.0035 0.0034 0.0023 0.0024 0.0073 0.0038 0.0019 0.9275 0.0021 0.0025 0.0059 0.0041 0.0021 
      H563.6 12 0.0055 0.0123 0.0089 0.0117 0.0041 0.0051 0.0034 0.0041 0.0072 0.0039 0.0028 0.0047 0.0072 0.0026 0.8914 0.0041 0.0037 0.0077 0.0033 0.0063 
      H563.7 12 0.0066 0.0092 0.0101 0.0115 0.0026 0.0037 0.0027 0.0039 0.0079 0.0032 0.0039 0.0032 0.0052 0.0023 0.9014 0.0027 0.0024 0.0099 0.0024 0.0050 
      H563.8 12 0.0047 0.0096 0.0100 0.0036 0.0047 0.0040 0.0129 0.0053 0.0044 0.0039 0.0024 0.0148 0.0057 0.0017 0.8923 0.0033 0.0024 0.0064 0.0047 0.0032 
      H563.9 12 0.0046 0.0039 0.0084 0.0084 0.0043 0.0069 0.0043 0.0060 0.0138 0.0052 0.0038 0.0035 0.0090 0.0018 0.8848 0.0044 0.0044 0.0067 0.0047 0.0111 
     H7374.1 12 0.0096 0.9048 0.0042 0.0030 0.0049 0.0046 0.0037 0.0030 0.0072 0.0024 0.0132 0.0041 0.0064 0.0036 0.0046 0.0030 0.0036 0.0032 0.0023 0.0086 
     H7374.2 12 0.0050 0.9098 0.0025 0.0023 0.0077 0.0040 0.0071 0.0028 0.0052 0.0040 0.0036 0.0058 0.0049 0.0036 0.0068 0.0027 0.0032 0.0075 0.0048 0.0065 
     H7374.3 12 0.0069 0.8402 0.0046 0.0047 0.0069 0.0056 0.0078 0.0036 0.0067 0.0043 0.0445 0.0069 0.0102 0.0052 0.0078 0.0038 0.0074 0.0043 0.0033 0.0153 
     H7374.4 12 0.0025 0.9247 0.0027 0.0049 0.0030 0.0048 0.0047 0.0035 0.0045 0.0036 0.0027 0.0046 0.0044 0.0049 0.0033 0.0036 0.0028 0.0053 0.0051 0.0043 
     H7374.5 12 0.0051 0.9242 0.0066 0.0047 0.0041 0.0036 0.0039 0.0042 0.0034 0.0026 0.0028 0.0085 0.0041 0.0025 0.0040 0.0038 0.0027 0.0028 0.0037 0.0025 
     H7374.6 12 0.0037 0.8643 0.0063 0.0072 0.0057 0.0062 0.0073 0.0045 0.0038 0.0055 0.0173 0.0076 0.0063 0.0082 0.0073 0.0079 0.0075 0.0051 0.0039 0.0144 
     H7374.7 12 0.0038 0.9378 0.0040 0.0042 0.0018 0.0028 0.0036 0.0023 0.0044 0.0024 0.0028 0.0022 0.0041 0.0038 0.0033 0.0033 0.0036 0.0034 0.0032 0.0031 
     H7374.8 12 0.0043 0.9206 0.0059 0.0064 0.0030 0.0042 0.0040 0.0023 0.0046 0.0031 0.0068 0.0024 0.0039 0.0029 0.0065 0.0036 0.0052 0.0028 0.0022 0.0053 
     H7374.9 12 0.0050 0.9222 0.0051 0.0040 0.0031 0.0043 0.0063 0.0035 0.0027 0.0029 0.0032 0.0084 0.0043 0.0022 0.0043 0.0049 0.0044 0.0025 0.0038 0.0029 
     H9563.1 12 0.0030 0.0029 0.0043 0.0049 0.0042 0.0029 0.0032 0.0037 0.0027 0.0036 0.0055 0.0043 0.0050 0.0024 0.9289 0.0048 0.0025 0.0041 0.0030 0.0039 
     H9563.2 12 0.0029 0.0032 0.0033 0.0027 0.0071 0.0034 0.0034 0.0052 0.0020 0.0025 0.0035 0.0069 0.0038 0.0027 0.9306 0.0030 0.0031 0.0045 0.0027 0.0035 
     H9563.3 12 0.0090 0.0046 0.0039 0.0035 0.0037 0.0031 0.0045 0.0048 0.0051 0.0067 0.0067 0.0021 0.0046 0.0045 0.9142 0.0032 0.0039 0.0025 0.0050 0.0045 
     H9563.4 12 0.0064 0.0053 0.0063 0.0069 0.0102 0.0085 0.0232 0.0150 0.0074 0.0057 0.0104 0.0059 0.0122 0.0176 0.8254 0.0045 0.0071 0.0037 0.0058 0.0126 
     H9563.5 12 0.0036 0.0025 0.0037 0.0068 0.0121 0.0061 0.0062 0.0084 0.0099 0.0073 0.0045 0.0039 0.0073 0.0049 0.8873 0.0044 0.0057 0.0047 0.0054 0.0052 
     H9563.6 12 0.0154 0.0048 0.0121 0.0022 0.0046 0.0031 0.0030 0.0071 0.0049 0.0057 0.0061 0.0021 0.0045 0.0045 0.8996 0.0023 0.0050 0.0056 0.0038 0.0035 
     H9563.7 12 0.0103 0.0055 0.0042 0.0021 0.0059 0.0024 0.0031 0.0033 0.0035 0.0051 0.0043 0.0026 0.0040 0.0077 0.9205 0.0029 0.0039 0.0027 0.0029 0.0034 
     H9563.8 12 0.0060 0.0036 0.0029 0.0097 0.0063 0.0127 0.0161 0.0454 0.0082 0.0110 0.0107 0.0053 0.0192 0.0049 0.8097 0.0057 0.0044 0.0034 0.0079 0.0069 
     H9563.9 12 0.0068 0.0035 0.0042 0.0044 0.0064 0.0041 0.0057 0.0093 0.0028 0.0078 0.0069 0.0047 0.0067 0.0028 0.9032 0.0032 0.0037 0.0039 0.0040 0.0057 
     H9572.1 12 0.0036 0.0076 0.8632 0.0033 0.0096 0.0068 0.0050 0.0150 0.0034 0.0054 0.0047 0.0194 0.0095 0.0048 0.0106 0.0048 0.0038 0.0079 0.0047 0.0068 
     H9572.2 12 0.0088 0.0163 0.8005 0.0055 0.0118 0.0041 0.0066 0.0216 0.0083 0.0043 0.0121 0.0049 0.0171 0.0022 0.0245 0.0139 0.0145 0.0063 0.0035 0.0132 
     H9572.3 12 0.0145 0.0633 0.7577 0.0149 0.0314 0.0102 0.0054 0.0040 0.0163 0.0051 0.0059 0.0105 0.0172 0.0084 0.0089 0.0043 0.0030 0.0067 0.0033 0.0088 
     H9572.4 12 0.0026 0.0057 0.9351 0.0049 0.0033 0.0032 0.0078 0.0023 0.0028 0.0030 0.0029 0.0043 0.0029 0.0031 0.0026 0.0026 0.0027 0.0039 0.0017 0.0025 
     H9572.5 12 0.0040 0.0021 0.9227 0.0102 0.0115 0.0040 0.0025 0.0030 0.0024 0.0027 0.0034 0.0039 0.0046 0.0035 0.0021 0.0031 0.0032 0.0019 0.0028 0.0064 
