      H105.1  1 0.0074 0.0077 0.9573 0.0146 0.0129 
      H105.2  1 0.0057 0.0170 0.9470 0.0171 0.0132 
      H105.3  1 0.0048 0.0049 0.9786 0.0069 0.0048 
      H105.4  1 0.0116 0.0154 0.9517 0.0095 0.0118 
      H105.5  1 0.0110 0.0378 0.8717 0.0226 0.0569 
      H105.6  1 0.0149 0.0185 0.9494 0.0078 0.0093 
      H105.7  1 0.0043 0.0062 0.9711 0.0055 0.0130 
      H105.8  1 0.0033 0.0057 0.9758 0.0092 0.0059 
      H115.1  1 0.0043 0.8644 0.0955 0.0228 0.0130 
      H115.2  1 0.0042 0.9699 0.0068 0.0083 0.0108 
      H115.3  1 0.0050 0.9672 0.0093 0.0105 0.0080 
      H115.4  1 0.0143 0.7609 0.0112 0.1875 0.0260 
      H115.5  1 0.0219 0.8557 0.0192 0.0924 0.0109 
      H115.6  1 0.0079 0.9509 0.0098 0.0137 0.0178 
      H115.7  1 0.0068 0.8842 0.0684 0.0203 0.0203 
      H115.8  1 0.0053 0.9674 0.0093 0.0098 0.0082 
      H115.9  1 0.0042 0.9562 0.0166 0.0127 0.0104 
      H145.1  1 0.9372 0.0123 0.0051 0.0058 0.0395 
      H145.2  1 0.9706 0.0078 0.0050 0.0058 0.0108 
      H145.3  1 0.9650 0.0052 0.0050 0.0043 0.0205 
      H145.4  1 0.9653 0.0050 0.0064 0.0044 0.0189 
      H145.5  1 0.9641 0.0044 0.0054 0.0043 0.0218 
      H145.6  1 0.9788 0.0036 0.0052 0.0043 0.0082 
      H145.7  1 0.9804 0.0038 0.0045 0.0047 0.0065 
      H149.1  1 0.0095 0.0080 0.0078 0.9638 0.0109 
      H149.2  1 0.0160 0.0065 0.0104 0.9464 0.0207 
      H149.3  1 0.0388 0.0135 0.0397 0.8515 0.0565 
      H149.4  1 0.0065 0.0055 0.0160 0.9620 0.0100 
      H149.5  1 0.0163 0.0038 0.0220 0.9423 0.0156 
      H149.6  1 0.0115 0.0035 0.0160 0.9591 0.0098 
      H149.7  1 0.0073 0.0072 0.0218 0.9409 0.0229 
      H150.1  1 0.0055 0.9825 0.0045 0.0028 0.0047 
      H150.2  1 0.0040 0.9780 0.0047 0.0074 0.0058 
      H150.3  1 0.0064 0.9660 0.0127 0.0048 0.0101 
      H150.4  1 0.0061 0.9783 0.0061 0.0031 0.0064 
      H150.5  1 0.0058 0.9722 0.0083 0.0056 0.0081 
      H150.6  1 0.0084 0.9639 0.0108 0.0105 0.0064 
      H150.7  1 0.0049 0.9790 0.0056 0.0039 0.0066 
   H169607.1  1 0.0730 0.0607 0.0164 0.0111 0.8388 
   H169607.2  1 0.0121 0.0117 0.0087 0.0066 0.9609 
   H169607.3  1 0.0176 0.0112 0.0078 0.0086 0.9548 
   H169607.4  1 0.0284 0.0083 0.0062 0.0037 0.9533 
   H169607.5  1 0.0073 0.0102 0.0048 0.0051 0.9726 
   H169607.6  1 0.0089 0.0071 0.0063 0.0045 0.9731 
   H169607.7  1 0.0095 0.0200 0.0053 0.0096 0.9556 
   H169607.8  1 0.0087 0.0089 0.0129 0.0044 0.9651 
   H169633.1  1 0.0376 0.0157 0.0155 0.9240 0.0073 
   H169633.2  1 0.0208 0.0073 0.0088 0.9581 0.0051 
   H169633.3  1 0.0167 0.0074 0.0120 0.9521 0.0118 
   H169633.4  1 0.0203 0.0080 0.0200 0.9373 0.0144 
   H169633.5  1 0.0193 0.0153 0.0144 0.9328 0.0182 
   H169688.1  1 0.0520 0.0422 0.0870 0.0320 0.7868 
   H169688.2  1 0.1316 0.2641 0.3179 0.0587 0.2276 
   H169688.3  1 0.2005 0.4264 0.1479 0.0415 0.1837 
   H169688.4  1 0.0541 0.8884 0.0063 0.0091 0.0420 
   H169688.5  1 0.0573 0.8887 0.0054 0.0061 0.0424 
   H169688.6  1 0.0826 0.3501 0.0429 0.4478 0.0766 
   H169688.7  1 0.3937 0.3962 0.0227 0.0188 0.1687 
   H171901.1  1 0.0522 0.2567 0.2460 0.0332 0.4118 
   H171901.2  1 0.0233 0.0640 0.0369 0.5437 0.3321 
   H171901.3  1 0.0069 0.0506 0.0188 0.8315 0.0922 
   H171901.4  1 0.0090 0.0380 0.0289 0.8635 0.0607 
   H171901.5  1 0.0112 0.0526 0.0169 0.7319 0.1875 
   H171901.6  1 0.0274 0.0782 0.0174 0.6538 0.2232 
   H171901.7  1 0.0135 0.0269 0.0104 0.6646 0.2846 
   H171902.1  1 0.0132 0.0085 0.0040 0.0073 0.9670 
  H171902.10  1 0.0049 0.0073 0.0043 0.0074 0.9761 
   H171902.2  1 0.0106 0.0147 0.0074 0.0188 0.9486 
   H171902.3  1 0.0068 0.0244 0.0062 0.0253 0.9374 
   H171902.4  1 0.0087 0.0074 0.0066 0.0161 0.9612 
   H171902.6  1 0.0043 0.0084 0.0042 0.0111 0.9720 
   H171902.7  1 0.0069 0.0082 0.0046 0.0065 0.9738 
   H171902.8  1 0.0052 0.0131 0.0053 0.0129 0.9635 
   H171902.9  1 0.0096 0.0216 0.0077 0.0041 0.9570 
   H171903.1  1 0.0062 0.0440 0.0088 0.0070 0.9340 
   H171903.2  1 0.0099 0.0628 0.0299 0.0107 0.8867 
   H171903.3  1 0.0080 0.0211 0.0505 0.0210 0.8994 
   H171903.4  1 0.0076 0.0290 0.0069 0.0041 0.9525 
   H171903.5  1 0.0072 0.0950 0.0271 0.0255 0.8452 
   H171903.6  1 0.0047 0.0216 0.0051 0.0122 0.9564 
      H177.1  1 0.0068 0.0124 0.0081 0.0212 0.9514 
      H177.2  1 0.2654 0.0424 0.0220 0.2790 0.3912 
      H177.3  1 0.0296 0.0253 0.0090 0.0924 0.8437 
      H177.4  1 0.0139 0.0040 0.0103 0.2268 0.7450 
      H177.5  1 0.0315 0.0374 0.0353 0.0452 0.8506 
      H177.6  1 0.0317 0.0301 0.0094 0.2081 0.7208 
      H179.1  1 0.0046 0.0287 0.0418 0.8964 0.0284 
      H179.2  1 0.0047 0.0278 0.0099 0.9219 0.0357 
      H179.3  1 0.0047 0.1330 0.0187 0.7075 0.1361 
      H179.4  1 0.0122 0.0048 0.0110 0.9567 0.0152 
      H180.1  1 0.0063 0.9484 0.0121 0.0237 0.0095 
      H180.2  1 0.0079 0.9478 0.0168 0.0176 0.0099 
      H180.3  1 0.0095 0.9641 0.0054 0.0113 0.0096 
      H180.4  1 0.0084 0.9196 0.0142 0.0428 0.0151 
      H180.5  1 0.0109 0.9290 0.0084 0.0307 0.0210 
      H180.6  1 0.0519 0.8650 0.0068 0.0406 0.0357 
      H181.1  1 0.0103 0.0304 0.0153 0.9110 0.0330 
      H181.2  1 0.0229 0.0210 0.0194 0.8974 0.0393 
      H181.3  1 0.0193 0.0133 0.0243 0.9280 0.0150 
      H181.4  1 0.0249 0.2230 0.0962 0.6028 0.0531 
      H181.5  1 0.0047 0.0056 0.0168 0.9635 0.0094 
      H181.6  1 0.0051 0.0221 0.0255 0.9339 0.0135 
      H181.7  1 0.0075 0.0081 0.0111 0.9634 0.0099 
 H194.1_2004  1 0.0111 0.0097 0.0063 0.0047 0.9681 
 H194.2_2004  1 0.0125 0.0065 0.0067 0.0042 0.9700 
 H194.3_2004  1 0.0559 0.0067 0.0178 0.0229 0.8967 
 H194.4_2004  1 0.0647 0.0055 0.0063 0.0103 0.9132 
 H194.5_2004  1 0.0240 0.0044 0.0162 0.0176 0.9377 
 H194.6_2004  1 0.0154 0.0066 0.0095 0.0275 0.9410 
 H194.7_2004  1 0.0143 0.0076 0.0096 0.0064 0.9622 
 H194.8_2004  1 0.0337 0.0064 0.0126 0.0158 0.9315 
      H194.9  1 0.0223 0.0074 0.0073 0.0075 0.9555 
 H195.1_2003  1 0.9557 0.0059 0.0063 0.0184 0.0137 
 H195.1_2004  1 0.9818 0.0038 0.0038 0.0062 0.0045 
 H195.2_2003  1 0.9261 0.0136 0.0126 0.0111 0.0365 
 H195.2_2004  1 0.9836 0.0035 0.0040 0.0049 0.0040 
 H195.3_2003  1 0.7803 0.1039 0.0343 0.0071 0.0743 
 H195.3_2004  1 0.9790 0.0037 0.0040 0.0074 0.0059 
 H195.4_2003  1 0.9747 0.0041 0.0052 0.0094 0.0066 
 H195.4_2004  1 0.9840 0.0034 0.0032 0.0051 0.0043 
 H195.5_2003  1 0.9592 0.0078 0.0089 0.0129 0.0112 
 H195.5_2004  1 0.9800 0.0043 0.0050 0.0059 0.0049 
 H195.6_2003  1 0.9680 0.0143 0.0064 0.0045 0.0067 
 H195.6_2004  1 0.9819 0.0029 0.0043 0.0057 0.0052 
 H195.7_2003  1 0.9485 0.0055 0.0141 0.0172 0.0146 
 H195.7_2004  1 0.9832 0.0041 0.0048 0.0033 0.0046 
      H195.8  1 0.9832 0.0045 0.0045 0.0034 0.0044 
      H195.9  1 0.9765 0.0040 0.0035 0.0073 0.0086 
      H415.1  1 0.0855 0.4404 0.0111 0.4006 0.0624 
      H415.2  1 0.0072 0.0420 0.0638 0.0456 0.8415 
      H415.3  1 0.0117 0.0229 0.0125 0.9422 0.0108 
      H415.4  1 0.0564 0.4407 0.0239 0.4519 0.0271 
      H415.5  1 0.0206 0.0517 0.0217 0.8760 0.0300 
      H415.6  1 0.0790 0.4238 0.0247 0.4430 0.0295 
      H415.7  1 0.0303 0.0109 0.0178 0.3203 0.6206 
      H506.1  1 0.0045 0.0032 0.0115 0.9772 0.0037 
      H506.2  1 0.0096 0.0033 0.0097 0.9708 0.0065 
      H506.3  1 0.0082 0.0134 0.0296 0.9358 0.0130 
      H506.4  1 0.0039 0.0101 0.0086 0.9691 0.0083 
      H506.5  1 0.0060 0.0043 0.0097 0.9744 0.0056 
      H506.6  1 0.0298 0.0127 0.0302 0.8726 0.0547 
      H506.7  1 0.0084 0.0032 0.0110 0.9712 0.0061 
      H533.1  1 0.0039 0.0045 0.0069 0.9808 0.0040 
      H533.2  1 0.0043 0.0044 0.0067 0.9797 0.0049 
      H533.3  1 0.0033 0.0048 0.0102 0.9759 0.0058 
      H533.4  1 0.0078 0.0059 0.0051 0.9730 0.0082 
      H535.1  1 0.0096 0.0089 0.0069 0.9566 0.0181 
      H535.2  1 0.0266 0.0049 0.0204 0.9402 0.0079 
      H535.3  1 0.0473 0.0078 0.0320 0.9062 0.0067 
      H535.4  1 0.0141 0.0035 0.0107 0.9657 0.0060 
      H535.5  1 0.0073 0.0038 0.0051 0.9730 0.0108 
      H535.6  1 0.0523 0.0385 0.0105 0.8513 0.0474 
      H535.7  1 0.0058 0.0037 0.0048 0.9795 0.0063 
      H535.8  1 0.0142 0.0053 0.0074 0.9650 0.0081 
      H535.9  1 0.0135 0.0163 0.0107 0.9459 0.0136 
      H539.1  1 0.0046 0.9829 0.0037 0.0031 0.0057 
      H539.2  1 0.0084 0.9393 0.0090 0.0086 0.0346 
      H539.3  1 0.0101 0.9558 0.0065 0.0065 0.0211 
      H539.4  1 0.0032 0.9844 0.0045 0.0033 0.0047 
      H539.5  1 0.0029 0.9833 0.0031 0.0033 0.0074 
      H539.6  1 0.0044 0.9797 0.0041 0.0031 0.0087 
      H539.7  1 0.0031 0.9839 0.0031 0.0037 0.0062 
      H539.8  1 0.0086 0.9653 0.0096 0.0074 0.0091 
      H539.9  1 0.0028 0.9853 0.0048 0.0029 0.0042 
      H540.1  1 0.0090 0.9165 0.0052 0.0073 0.0620 
      H540.2  1 0.0052 0.9660 0.0054 0.0058 0.0175 
      H540.3  1 0.0110 0.9543 0.0088 0.0070 0.0188 
      H540.4  1 0.0054 0.9726 0.0053 0.0070 0.0097 
      H540.5  1 0.0043 0.9688 0.0079 0.0052 0.0137 
      H540.6  1 0.0082 0.9311 0.0101 0.0105 0.0401 
      H540.7  1 0.0065 0.9433 0.0081 0.0139 0.0281 
      H540.8  1 0.0049 0.5634 0.0054 0.0063 0.4200 
     H9558.1  1 0.0044 0.9739 0.0050 0.0059 0.0109 
     H9558.2  1 0.0065 0.9370 0.0196 0.0179 0.0190 
     H9558.3  1 0.0057 0.9406 0.0369 0.0066 0.0102 
     H9558.4  1 0.0033 0.9747 0.0059 0.0067 0.0094 
     H9558.5  1 0.0027 0.9838 0.0062 0.0038 0.0035 
     H9558.6  1 0.0067 0.9562 0.0176 0.0053 0.0142 
    kos339.1  1 0.0050 0.0045 0.0141 0.9640 0.0124 
    kos339.2  1 0.0148 0.0069 0.0111 0.9605 0.0068 
    kos339.3  1 0.0054 0.0062 0.0039 0.9776 0.0069 
    kos339.4  1 0.0054 0.0057 0.0041 0.9778 0.0070 
    kos339.5  1 0.0048 0.0071 0.0123 0.9667 0.0092 
    kos339.6  1 0.0135 0.0039 0.0084 0.9614 0.0128 
    kos339.7  1 0.0060 0.0038 0.0025 0.9814 0.0063 
    kos339.8  1 0.0053 0.0035 0.0042 0.9822 0.0048 
    kos339.9  1 0.0244 0.0324 0.0171 0.8401 0.0861 
      H409.1 12 0.0128 0.0052 0.9041 0.0693 0.0086 
     H409.10 12 0.0233 0.0282 0.8584 0.0764 0.0137 
      H409.2 12 0.0143 0.0103 0.8212 0.1385 0.0157 
      H409.3 12 0.0122 0.0069 0.9310 0.0363 0.0136 
      H409.4 12 0.0086 0.0072 0.9439 0.0273 0.0130 
      H409.5 12 0.0095 0.0126 0.9266 0.0294 0.0219 
      H409.6 12 0.0062 0.0078 0.9556 0.0195 0.0110 
      H409.7 12 0.0321 0.0045 0.9239 0.0303 0.0093 
      H409.8 12 0.0063 0.0075 0.9409 0.0361 0.0092 
      H409.9 12 0.0058 0.4192 0.5385 0.0272 0.0094 
      H413.1 12 0.0081 0.0197 0.9607 0.0054 0.0062 
      H413.2 12 0.0109 0.0148 0.9536 0.0123 0.0084 
      H413.3 12 0.0057 0.0143 0.9643 0.0082 0.0075 
      H413.4 12 0.0074 0.0153 0.9642 0.0087 0.0045 
      H413.5 12 0.0073 0.3514 0.6220 0.0100 0.0093 
      H413.6 12 0.0089 0.1374 0.8408 0.0055 0.0074 
      H413.7 12 0.0063 0.0134 0.9656 0.0088 0.0060 
      H563.1 12 0.0074 0.0102 0.9740 0.0040 0.0044 
      H563.2 12 0.0068 0.0079 0.9684 0.0076 0.0093 
      H563.3 12 0.0078 0.0093 0.9721 0.0038 0.0070 
      H563.4 12 0.0055 0.0044 0.9773 0.0059 0.0069 
      H563.5 12 0.0072 0.0067 0.9773 0.0043 0.0044 
      H563.6 12 0.0062 0.0066 0.9714 0.0084 0.0075 
      H563.7 12 0.0043 0.0045 0.9792 0.0072 0.0048 
      H563.8 12 0.0061 0.0180 0.9628 0.0060 0.0072 
      H563.9 12 0.0078 0.0064 0.9706 0.0062 0.0090 
     H7374.1 12 0.3911 0.0089 0.5652 0.0089 0.0259 
     H7374.2 12 0.3663 0.0167 0.5830 0.0062 0.0277 
     H7374.3 12 0.4926 0.0091 0.4642 0.0062 0.0279 
     H7374.4 12 0.3873 0.0300 0.5279 0.0307 0.0241 
     H7374.5 12 0.3972 0.0232 0.5403 0.0220 0.0173 
     H7374.6 12 0.5583 0.0113 0.3648 0.0229 0.0428 
     H7374.7 12 0.4440 0.0057 0.5105 0.0244 0.0154 
     H7374.8 12 0.4357 0.0044 0.5348 0.0119 0.0132 
     H7374.9 12 0.4418 0.0203 0.4929 0.0182 0.0268 
     H9563.1 12 0.0068 0.0106 0.9611 0.0106 0.0108 
     H9563.2 12 0.0075 0.0184 0.9568 0.0068 0.0105 
     H9563.3 12 0.0103 0.0039 0.9733 0.0064 0.0061 
     H9563.4 12 0.0127 0.0137 0.9250 0.0224 0.0262 
     H9563.5 12 0.0099 0.0089 0.9514 0.0162 0.0137 
     H9563.6 12 0.0066 0.0045 0.9777 0.0048 0.0065 
     H9563.7 12 0.0069 0.0053 0.9758 0.0053 0.0067 
     H9563.8 12 0.0124 0.0301 0.9087 0.0341 0.0147 
     H9563.9 12 0.0062 0.0172 0.9470 0.0169 0.0127 
     H9572.1 12 0.0265 0.1341 0.7147 0.0506 0.0742 
     H9572.2 12 0.0766 0.0269 0.4856 0.0206 0.3903 
     H9572.3 12 0.0151 0.0270 0.3970 0.1583 0.4025 
     H9572.4 12 0.0359 0.0373 0.4487 0.1885 0.2895 
     H9572.5 12 0.0437 0.0929 0.1922 0.3714 0.2998 
