      H105.1  1 0.0048 0.0058 0.0057 0.0046 0.0041 0.0147 0.0073 0.9405 0.0047 0.0078 
      H105.2  1 0.0075 0.0030 0.0081 0.0056 0.0113 0.0080 0.0093 0.9358 0.0039 0.0076 
      H105.3  1 0.0034 0.0060 0.0059 0.0033 0.0048 0.0152 0.0044 0.9496 0.0031 0.0043 
      H105.4  1 0.0055 0.0088 0.0081 0.0066 0.0154 0.0088 0.0088 0.9286 0.0037 0.0056 
      H105.5  1 0.0144 0.0056 0.0064 0.0133 0.0151 0.0075 0.0194 0.8889 0.0059 0.0234 
      H105.6  1 0.0082 0.0071 0.0050 0.0102 0.0085 0.0051 0.0044 0.9415 0.0040 0.0059 
      H105.7  1 0.0075 0.0035 0.0073 0.0053 0.0046 0.0228 0.0092 0.9303 0.0049 0.0045 
      H105.8  1 0.0038 0.0034 0.0082 0.0029 0.0065 0.0075 0.0045 0.9563 0.0036 0.0034 
      H115.1  1 0.0089 0.0040 0.0076 0.0189 0.9064 0.0076 0.0090 0.0202 0.0118 0.0056 
      H115.2  1 0.0074 0.0044 0.0048 0.0352 0.9150 0.0060 0.0107 0.0059 0.0052 0.0055 
      H115.3  1 0.0036 0.0042 0.0041 0.0111 0.9453 0.0076 0.0096 0.0040 0.0075 0.0031 
      H115.4  1 0.0041 0.0062 0.0238 0.0048 0.9124 0.0044 0.0164 0.0050 0.0150 0.0080 
      H115.5  1 0.0102 0.0159 0.0072 0.0223 0.8753 0.0058 0.0076 0.0128 0.0359 0.0071 
      H115.6  1 0.0092 0.0051 0.0042 0.0217 0.8919 0.0123 0.0160 0.0048 0.0248 0.0099 
      H115.7  1 0.0093 0.0070 0.0050 0.0131 0.8913 0.0147 0.0220 0.0199 0.0074 0.0102 
      H115.8  1 0.0044 0.0034 0.0026 0.0164 0.9374 0.0060 0.0073 0.0057 0.0112 0.0056 
      H115.9  1 0.0071 0.0038 0.0065 0.0639 0.8752 0.0130 0.0088 0.0104 0.0066 0.0047 
      H145.1  1 0.0141 0.8899 0.0049 0.0098 0.0073 0.0076 0.0471 0.0030 0.0087 0.0076 
      H145.2  1 0.0071 0.9471 0.0048 0.0057 0.0067 0.0069 0.0089 0.0037 0.0061 0.0030 
      H145.3  1 0.0050 0.9488 0.0035 0.0032 0.0045 0.0039 0.0215 0.0027 0.0032 0.0038 
      H145.4  1 0.0113 0.9440 0.0042 0.0044 0.0037 0.0078 0.0100 0.0031 0.0047 0.0067 
      H145.5  1 0.0044 0.9337 0.0034 0.0032 0.0039 0.0043 0.0319 0.0031 0.0050 0.0070 
      H145.6  1 0.0049 0.9611 0.0042 0.0028 0.0030 0.0067 0.0042 0.0043 0.0050 0.0039 
      H145.7  1 0.0055 0.9668 0.0026 0.0024 0.0039 0.0047 0.0043 0.0024 0.0045 0.0029 
      H149.1  1 0.0053 0.0044 0.0039 0.0040 0.0041 0.0034 0.0039 0.0030 0.9644 0.0036 
      H149.2  1 0.0090 0.0082 0.0037 0.0026 0.0035 0.0066 0.0057 0.0036 0.9526 0.0045 
      H149.3  1 0.0211 0.0249 0.0170 0.0049 0.0253 0.0790 0.0443 0.0060 0.7585 0.0190 
      H149.4  1 0.0052 0.0040 0.0075 0.0040 0.0039 0.0055 0.0036 0.0051 0.9576 0.0036 
      H149.5  1 0.0070 0.0194 0.0293 0.0029 0.0059 0.0589 0.0183 0.0125 0.8383 0.0075 
      H149.6  1 0.0055 0.0062 0.0039 0.0020 0.0032 0.0089 0.0040 0.0053 0.9573 0.0037 
      H149.7  1 0.0269 0.0047 0.0269 0.0039 0.0152 0.0371 0.0191 0.0167 0.8067 0.0428 
      H150.1  1 0.0070 0.0048 0.0026 0.1551 0.8046 0.0068 0.0049 0.0067 0.0029 0.0046 
      H150.2  1 0.0057 0.0040 0.0038 0.0536 0.9030 0.0052 0.0078 0.0057 0.0054 0.0058 
      H150.3  1 0.0134 0.0067 0.0032 0.6027 0.2996 0.0088 0.0275 0.0168 0.0058 0.0155 
      H150.4  1 0.0058 0.0058 0.0025 0.8110 0.1438 0.0076 0.0077 0.0052 0.0027 0.0079 
      H150.5  1 0.0098 0.0061 0.0040 0.0423 0.8983 0.0126 0.0078 0.0048 0.0055 0.0089 
      H150.6  1 0.0069 0.0119 0.0057 0.0088 0.9337 0.0045 0.0057 0.0047 0.0049 0.0133 
      H150.7  1 0.0043 0.0047 0.0034 0.5420 0.4006 0.0057 0.0168 0.0116 0.0061 0.0049 
   H169607.1  1 0.0056 0.0206 0.0077 0.0096 0.0091 0.0053 0.9173 0.0044 0.0051 0.0154 
   H169607.2  1 0.0051 0.0074 0.0060 0.0110 0.0052 0.0060 0.9441 0.0051 0.0030 0.0071 
   H169607.3  1 0.0078 0.0159 0.0073 0.0044 0.0098 0.0044 0.9339 0.0065 0.0037 0.0061 
   H169607.4  1 0.0050 0.0096 0.0029 0.0050 0.0026 0.0044 0.9575 0.0037 0.0035 0.0057 
   H169607.5  1 0.0057 0.0046 0.0051 0.0095 0.0040 0.0047 0.9547 0.0031 0.0044 0.0042 
   H169607.6  1 0.0047 0.0050 0.0052 0.0065 0.0032 0.0040 0.9594 0.0049 0.0029 0.0043 
   H169607.7  1 0.0050 0.0090 0.0095 0.0052 0.0123 0.0050 0.9370 0.0055 0.0046 0.0069 
   H169607.8  1 0.0066 0.0053 0.0055 0.0063 0.0049 0.0068 0.9437 0.0066 0.0035 0.0108 
   H169633.1  1 0.0062 0.0222 0.0061 0.0059 0.0062 0.0095 0.0041 0.0085 0.9066 0.0247 
   H169633.2  1 0.0620 0.0273 0.0133 0.0037 0.0074 0.0047 0.0027 0.0227 0.8348 0.0213 
   H169633.3  1 0.0169 0.0064 0.0063 0.0072 0.0073 0.0108 0.0044 0.0066 0.9269 0.0072 
   H169633.4  1 0.0152 0.0060 0.0062 0.0080 0.0067 0.0079 0.0050 0.0082 0.9301 0.0066 
   H169633.5  1 0.0117 0.0087 0.0053 0.0086 0.0071 0.0114 0.0077 0.0102 0.9227 0.0065 
   H169688.1  1 0.0082 0.0071 0.0176 0.0135 0.0079 0.0047 0.0504 0.0308 0.0055 0.8543 
   H169688.2  1 0.0124 0.0047 0.0110 0.0062 0.0089 0.0051 0.0057 0.0158 0.0050 0.9251 
   H169688.3  1 0.0068 0.0046 0.0036 0.0054 0.0042 0.0051 0.0047 0.0069 0.0077 0.9508 
   H169688.4  1 0.0077 0.0050 0.0066 0.0394 0.0264 0.0042 0.0080 0.0033 0.0050 0.8944 
   H169688.5  1 0.0057 0.0047 0.0060 0.0399 0.0265 0.0039 0.0066 0.0043 0.0064 0.8959 
   H169688.6  1 0.0047 0.0033 0.0518 0.0090 0.0050 0.0043 0.0061 0.0079 0.0077 0.9003 
   H169688.7  1 0.0063 0.0171 0.0033 0.0114 0.0215 0.0050 0.0114 0.0057 0.0060 0.9122 
   H171901.1  1 0.0733 0.0908 0.0084 0.0474 0.1984 0.0355 0.1246 0.3980 0.0089 0.0148 
   H171901.2  1 0.0122 0.0066 0.0034 0.0161 0.0165 0.0080 0.0235 0.0195 0.8730 0.0210 
   H171901.3  1 0.0247 0.0083 0.0098 0.0316 0.0398 0.0093 0.0355 0.0260 0.7877 0.0273 
   H171901.4  1 0.0086 0.0090 0.0058 0.0103 0.0315 0.0068 0.0185 0.0185 0.8819 0.0091 
   H171901.5  1 0.0184 0.0105 0.0083 0.0139 0.0675 0.0052 0.0400 0.0097 0.8088 0.0179 
   H171901.6  1 0.0438 0.0251 0.0206 0.0447 0.0697 0.0081 0.0321 0.0103 0.6923 0.0533 
   H171901.7  1 0.1565 0.0195 0.0328 0.0345 0.0344 0.0093 0.0216 0.0115 0.6392 0.0406 
   H171902.1  1 0.0063 0.0082 0.0072 0.0066 0.0051 0.0034 0.9497 0.0027 0.0056 0.0053 
  H171902.10  1 0.0043 0.0053 0.0067 0.0038 0.0072 0.0040 0.9459 0.0029 0.0134 0.0066 
   H171902.2  1 0.0062 0.0101 0.0080 0.0075 0.0098 0.0043 0.9112 0.0068 0.0301 0.0060 
   H171902.3  1 0.0064 0.0062 0.0066 0.0104 0.0113 0.0034 0.9095 0.0058 0.0349 0.0055 
   H171902.4  1 0.0106 0.0095 0.0045 0.0047 0.0077 0.0055 0.8177 0.0039 0.1295 0.0063 
   H171902.6  1 0.0068 0.0054 0.0063 0.0058 0.0080 0.0038 0.9405 0.0032 0.0148 0.0055 
   H171902.7  1 0.0064 0.0068 0.0043 0.0028 0.0101 0.0042 0.9446 0.0021 0.0106 0.0079 
   H171902.8  1 0.0068 0.0057 0.0066 0.0055 0.0094 0.0030 0.9350 0.0040 0.0161 0.0078 
   H171902.9  1 0.0043 0.0048 0.0036 0.0239 0.0082 0.0041 0.9385 0.0043 0.0043 0.0039 
   H171903.1  1 0.0128 0.0052 0.0067 0.0228 0.0517 0.0068 0.8648 0.0148 0.0044 0.0100 
   H171903.2  1 0.1115 0.0176 0.0256 0.0727 0.0641 0.0323 0.6168 0.0403 0.0042 0.0147 
   H171903.3  1 0.5737 0.0040 0.0084 0.0262 0.0148 0.0098 0.2944 0.0385 0.0055 0.0248 
   H171903.4  1 0.0122 0.0052 0.0039 0.0117 0.0185 0.0070 0.8944 0.0080 0.0043 0.0348 
   H171903.5  1 0.1737 0.0075 0.0169 0.0685 0.0585 0.0170 0.5485 0.0376 0.0437 0.0280 
   H171903.6  1 0.0133 0.0036 0.0105 0.0245 0.0327 0.0043 0.8448 0.0055 0.0275 0.0333 
      H177.1  1 0.3391 0.0071 0.0967 0.0247 0.0214 0.0048 0.0624 0.0089 0.0238 0.4110 
      H177.2  1 0.0879 0.2660 0.1064 0.0282 0.0605 0.0232 0.1551 0.0066 0.1236 0.1425 
      H177.3  1 0.0641 0.0519 0.1147 0.0223 0.0237 0.0101 0.3874 0.0062 0.1394 0.1802 
      H177.4  1 0.2330 0.0146 0.6639 0.0052 0.0077 0.0120 0.0240 0.0053 0.0155 0.0187 
      H177.5  1 0.7131 0.0146 0.0591 0.0055 0.0293 0.0170 0.0139 0.0093 0.0092 0.1290 
      H177.6  1 0.1154 0.0272 0.0822 0.0229 0.0291 0.0117 0.1900 0.0057 0.3169 0.1990 
      H179.1  1 0.0267 0.0044 0.8644 0.0131 0.0172 0.0229 0.0094 0.0134 0.0085 0.0200 
      H179.2  1 0.0094 0.0034 0.9367 0.0048 0.0124 0.0044 0.0107 0.0040 0.0040 0.0101 
      H179.3  1 0.0197 0.0048 0.8256 0.0288 0.0327 0.0133 0.0156 0.0075 0.0055 0.0465 
      H179.4  1 0.0220 0.0128 0.8760 0.0068 0.0076 0.0071 0.0082 0.0068 0.0245 0.0281 
      H180.1  1 0.0045 0.0036 0.0131 0.0040 0.9498 0.0039 0.0077 0.0049 0.0038 0.0048 
      H180.2  1 0.0044 0.0034 0.0045 0.0036 0.9649 0.0022 0.0039 0.0067 0.0030 0.0034 
      H180.3  1 0.0085 0.0055 0.0047 0.0110 0.9500 0.0031 0.0054 0.0041 0.0043 0.0035 
      H180.4  1 0.0045 0.0043 0.0068 0.0039 0.9559 0.0035 0.0040 0.0076 0.0057 0.0037 
      H180.5  1 0.0041 0.0041 0.0073 0.0031 0.9625 0.0034 0.0040 0.0035 0.0035 0.0046 
      H180.6  1 0.0082 0.0171 0.0074 0.0056 0.9319 0.0038 0.0045 0.0050 0.0135 0.0030 
      H181.1  1 0.0335 0.0178 0.3171 0.0164 0.0778 0.0080 0.1052 0.1293 0.2668 0.0281 
      H181.2  1 0.0517 0.0647 0.6355 0.0109 0.0725 0.0159 0.0305 0.0475 0.0375 0.0332 
      H181.3  1 0.0147 0.0221 0.4785 0.0145 0.0447 0.0129 0.0388 0.1051 0.2426 0.0260 
      H181.4  1 0.0339 0.0406 0.1208 0.2244 0.1424 0.0398 0.0548 0.0533 0.2238 0.0662 
      H181.5  1 0.0272 0.0044 0.8107 0.0051 0.0079 0.0160 0.0103 0.0726 0.0280 0.0178 
      H181.6  1 0.0163 0.0049 0.8549 0.0129 0.0549 0.0106 0.0068 0.0241 0.0082 0.0065 
      H181.7  1 0.0066 0.0049 0.8741 0.0113 0.0073 0.0074 0.0109 0.0345 0.0268 0.0161 
 H194.1_2004  1 0.9456 0.0090 0.0038 0.0091 0.0047 0.0050 0.0115 0.0028 0.0046 0.0041 
 H194.2_2004  1 0.9163 0.0141 0.0030 0.0086 0.0061 0.0052 0.0287 0.0081 0.0037 0.0062 
 H194.3_2004  1 0.9366 0.0116 0.0079 0.0037 0.0033 0.0035 0.0052 0.0038 0.0168 0.0076 
 H194.4_2004  1 0.8878 0.0429 0.0065 0.0082 0.0045 0.0028 0.0140 0.0072 0.0183 0.0077 
 H194.5_2004  1 0.9383 0.0089 0.0062 0.0049 0.0032 0.0052 0.0079 0.0037 0.0158 0.0058 
 H194.6_2004  1 0.9382 0.0080 0.0072 0.0079 0.0037 0.0036 0.0083 0.0035 0.0135 0.0060 
 H194.7_2004  1 0.9496 0.0073 0.0030 0.0046 0.0046 0.0067 0.0076 0.0060 0.0049 0.0056 
 H194.8_2004  1 0.9317 0.0121 0.0049 0.0130 0.0037 0.0040 0.0099 0.0062 0.0083 0.0063 
      H194.9  1 0.9204 0.0220 0.0049 0.0116 0.0048 0.0053 0.0096 0.0085 0.0061 0.0068 
 H195.1_2003  1 0.0243 0.8624 0.0066 0.0067 0.0061 0.0057 0.0066 0.0064 0.0286 0.0466 
 H195.1_2004  1 0.0039 0.9586 0.0043 0.0030 0.0036 0.0046 0.0036 0.0030 0.0086 0.0068 
 H195.2_2003  1 0.0165 0.8153 0.0073 0.0262 0.0080 0.0162 0.0197 0.0115 0.0115 0.0678 
 H195.2_2004  1 0.0042 0.9664 0.0028 0.0023 0.0038 0.0031 0.0027 0.0030 0.0063 0.0053 
 H195.3_2003  1 0.0362 0.5981 0.0051 0.1868 0.0100 0.0121 0.0158 0.0327 0.0055 0.0976 
 H195.3_2004  1 0.0039 0.9612 0.0040 0.0025 0.0040 0.0031 0.0038 0.0030 0.0087 0.0058 
 H195.4_2003  1 0.0097 0.9303 0.0038 0.0036 0.0037 0.0036 0.0044 0.0041 0.0094 0.0275 
 H195.4_2004  1 0.0032 0.9685 0.0039 0.0025 0.0030 0.0031 0.0036 0.0026 0.0046 0.0050 
 H195.5_2003  1 0.0187 0.8700 0.0042 0.0097 0.0092 0.0063 0.0059 0.0081 0.0206 0.0473 
 H195.5_2004  1 0.0039 0.9604 0.0044 0.0040 0.0050 0.0038 0.0044 0.0036 0.0050 0.0055 
 H195.6_2003  1 0.0045 0.9055 0.0038 0.0184 0.0056 0.0065 0.0136 0.0056 0.0049 0.0316 
 H195.6_2004  1 0.0049 0.9633 0.0044 0.0023 0.0025 0.0037 0.0044 0.0051 0.0036 0.0056 
 H195.7_2003  1 0.0300 0.8073 0.0081 0.0061 0.0046 0.0104 0.0126 0.0097 0.0112 0.0998 
 H195.7_2004  1 0.0033 0.9638 0.0030 0.0040 0.0050 0.0039 0.0035 0.0034 0.0035 0.0066 
      H195.8  1 0.0035 0.9674 0.0029 0.0032 0.0036 0.0036 0.0034 0.0033 0.0031 0.0060 
      H195.9  1 0.0069 0.9587 0.0038 0.0029 0.0044 0.0039 0.0050 0.0027 0.0062 0.0053 
      H415.1  1 0.7581 0.0170 0.0053 0.0587 0.0697 0.0064 0.0079 0.0071 0.0591 0.0107 
      H415.2  1 0.6356 0.0081 0.0216 0.0183 0.0104 0.0459 0.2120 0.0034 0.0138 0.0309 
      H415.3  1 0.7366 0.0078 0.0577 0.0083 0.0277 0.0237 0.0098 0.0076 0.1044 0.0163 
      H415.4  1 0.9135 0.0076 0.0047 0.0140 0.0266 0.0044 0.0051 0.0041 0.0136 0.0065 
      H415.5  1 0.9028 0.0109 0.0071 0.0043 0.0136 0.0039 0.0059 0.0045 0.0396 0.0074 
      H415.6  1 0.9046 0.0099 0.0049 0.0170 0.0306 0.0054 0.0050 0.0039 0.0120 0.0067 
      H415.7  1 0.3796 0.0284 0.1245 0.0127 0.0051 0.0225 0.2456 0.0056 0.1031 0.0730 
      H506.1  1 0.0045 0.0046 0.9650 0.0022 0.0025 0.0058 0.0029 0.0032 0.0053 0.0039 
      H506.2  1 0.0048 0.0100 0.9586 0.0021 0.0029 0.0038 0.0035 0.0039 0.0065 0.0041 
      H506.3  1 0.0094 0.0061 0.9345 0.0037 0.0104 0.0090 0.0065 0.0042 0.0059 0.0104 
      H506.4  1 0.0033 0.0031 0.9649 0.0038 0.0051 0.0047 0.0038 0.0030 0.0044 0.0039 
      H506.5  1 0.0035 0.0056 0.9647 0.0025 0.0027 0.0050 0.0035 0.0029 0.0059 0.0038 
      H506.6  1 0.0075 0.0220 0.9170 0.0047 0.0072 0.0096 0.0112 0.0039 0.0049 0.0120 
      H506.7  1 0.0057 0.0066 0.9601 0.0019 0.0031 0.0049 0.0035 0.0039 0.0061 0.0042 
      H533.1  1 0.0047 0.0040 0.9553 0.0023 0.0064 0.0032 0.0038 0.0063 0.0107 0.0032 
      H533.2  1 0.0054 0.0060 0.9469 0.0024 0.0053 0.0035 0.0038 0.0051 0.0182 0.0035 
      H533.3  1 0.0047 0.0040 0.9493 0.0039 0.0043 0.0055 0.0065 0.0045 0.0137 0.0036 
      H533.4  1 0.0061 0.0164 0.9344 0.0036 0.0055 0.0034 0.0085 0.0034 0.0146 0.0041 
      H535.1  1 0.0070 0.0043 0.9502 0.0107 0.0032 0.0024 0.0094 0.0046 0.0043 0.0038 
      H535.2  1 0.0051 0.0104 0.9493 0.0026 0.0037 0.0081 0.0039 0.0068 0.0050 0.0049 
      H535.3  1 0.0045 0.0174 0.9365 0.0040 0.0036 0.0081 0.0040 0.0112 0.0046 0.0062 
      H535.4  1 0.0054 0.0103 0.9446 0.0040 0.0034 0.0062 0.0034 0.0058 0.0111 0.0057 
      H535.5  1 0.0054 0.0037 0.9629 0.0038 0.0030 0.0028 0.0045 0.0028 0.0076 0.0035 
      H535.6  1 0.0076 0.0186 0.9034 0.0293 0.0059 0.0029 0.0177 0.0077 0.0031 0.0039 
      H535.7  1 0.0041 0.0030 0.9703 0.0034 0.0025 0.0027 0.0032 0.0024 0.0047 0.0037 
      H535.8  1 0.0054 0.0054 0.9600 0.0050 0.0031 0.0029 0.0044 0.0049 0.0043 0.0048 
      H535.9  1 0.0044 0.0067 0.9454 0.0123 0.0055 0.0036 0.0076 0.0051 0.0040 0.0053 
      H539.1  1 0.0032 0.0027 0.0022 0.9685 0.0069 0.0030 0.0049 0.0030 0.0028 0.0028 
      H539.2  1 0.0173 0.0067 0.0098 0.7483 0.1116 0.0083 0.0311 0.0101 0.0055 0.0513 
      H539.3  1 0.0098 0.0076 0.0059 0.9288 0.0114 0.0046 0.0126 0.0069 0.0035 0.0089 
      H539.4  1 0.0045 0.0034 0.0040 0.9193 0.0415 0.0049 0.0076 0.0044 0.0036 0.0067 
      H539.5  1 0.0035 0.0022 0.0030 0.9686 0.0072 0.0026 0.0049 0.0030 0.0021 0.0028 
      H539.6  1 0.0035 0.0041 0.0031 0.9554 0.0102 0.0027 0.0112 0.0036 0.0025 0.0038 
      H539.7  1 0.0046 0.0025 0.0033 0.9624 0.0074 0.0029 0.0055 0.0037 0.0037 0.0041 
      H539.8  1 0.0104 0.0056 0.0083 0.8932 0.0397 0.0065 0.0080 0.0079 0.0049 0.0154 
      H539.9  1 0.0048 0.0030 0.0027 0.9589 0.0104 0.0041 0.0037 0.0048 0.0025 0.0050 
      H540.1  1 0.0059 0.0076 0.0053 0.9212 0.0055 0.0064 0.0354 0.0031 0.0058 0.0040 
      H540.2  1 0.0077 0.0038 0.0036 0.9561 0.0041 0.0053 0.0080 0.0035 0.0038 0.0041 
      H540.3  1 0.0335 0.0154 0.0076 0.8046 0.0241 0.0064 0.0145 0.0127 0.0239 0.0573 
      H540.4  1 0.0050 0.0054 0.0057 0.9241 0.0191 0.0118 0.0144 0.0048 0.0043 0.0052 
      H540.5  1 0.0082 0.0031 0.0031 0.9514 0.0039 0.0047 0.0070 0.0032 0.0055 0.0099 
      H540.6  1 0.0077 0.0066 0.0062 0.9047 0.0064 0.0127 0.0313 0.0086 0.0051 0.0107 
      H540.7  1 0.0126 0.0062 0.0081 0.9094 0.0097 0.0089 0.0112 0.0050 0.0216 0.0074 
      H540.8  1 0.0172 0.0038 0.0049 0.9227 0.0072 0.0037 0.0239 0.0039 0.0078 0.0049 
     H9558.1  1 0.0034 0.0032 0.0062 0.9627 0.0030 0.0025 0.0059 0.0065 0.0025 0.0041 
     H9558.2  1 0.0095 0.0066 0.0245 0.9051 0.0042 0.0103 0.0072 0.0188 0.0062 0.0077 
     H9558.3  1 0.0092 0.0024 0.0050 0.9278 0.0046 0.0087 0.0046 0.0291 0.0026 0.0059 
     H9558.4  1 0.0039 0.0027 0.0062 0.9655 0.0032 0.0027 0.0042 0.0059 0.0024 0.0033 
     H9558.5  1 0.0033 0.0019 0.0038 0.9609 0.0075 0.0040 0.0033 0.0058 0.0035 0.0060 
     H9558.6  1 0.0092 0.0040 0.0043 0.9462 0.0048 0.0045 0.0050 0.0130 0.0036 0.0053 
    kos339.1  1 0.0060 0.0025 0.0142 0.0044 0.0053 0.0175 0.0082 0.0049 0.9326 0.0044 
    kos339.2  1 0.0052 0.0084 0.0083 0.0039 0.0045 0.0070 0.0036 0.0052 0.9484 0.0055 
    kos339.3  1 0.0041 0.0033 0.0055 0.0036 0.0045 0.0028 0.0047 0.0031 0.9658 0.0026 
    kos339.4  1 0.0046 0.0043 0.0048 0.0039 0.0041 0.0028 0.0042 0.0034 0.9642 0.0037 
    kos339.5  1 0.0040 0.0033 0.0091 0.0046 0.0041 0.0064 0.0049 0.0042 0.9565 0.0028 
    kos339.6  1 0.0064 0.0055 0.0053 0.0030 0.0037 0.0062 0.0035 0.0034 0.9580 0.0051 
    kos339.7  1 0.0039 0.0040 0.0107 0.0028 0.0046 0.0027 0.0045 0.0026 0.9613 0.0030 
    kos339.8  1 0.0049 0.0041 0.0117 0.0031 0.0042 0.0051 0.0041 0.0042 0.9551 0.0036 
    kos339.9  1 0.0115 0.0105 0.0081 0.0113 0.0139 0.0064 0.0147 0.0045 0.9097 0.0093 
      H409.1 12 0.9502 0.0045 0.0106 0.0025 0.0028 0.0084 0.0031 0.0045 0.0073 0.0061 
     H409.10 12 0.8504 0.0064 0.0362 0.0136 0.0203 0.0195 0.0095 0.0069 0.0061 0.0312 
      H409.2 12 0.9511 0.0039 0.0106 0.0035 0.0036 0.0032 0.0033 0.0036 0.0069 0.0104 
      H409.3 12 0.9348 0.0042 0.0165 0.0034 0.0053 0.0055 0.0038 0.0085 0.0099 0.0081 
      H409.4 12 0.9459 0.0034 0.0070 0.0045 0.0051 0.0044 0.0033 0.0081 0.0072 0.0112 
      H409.5 12 0.9445 0.0037 0.0108 0.0044 0.0075 0.0047 0.0074 0.0071 0.0037 0.0061 
      H409.6 12 0.4381 0.0042 0.1187 0.0073 0.0122 0.0228 0.0098 0.3611 0.0077 0.0182 
      H409.7 12 0.9240 0.0070 0.0087 0.0036 0.0036 0.0186 0.0028 0.0071 0.0105 0.0141 
      H409.8 12 0.9394 0.0032 0.0111 0.0038 0.0051 0.0161 0.0052 0.0080 0.0043 0.0038 
      H409.9 12 0.1507 0.0042 0.3741 0.2641 0.0435 0.0934 0.0108 0.0456 0.0036 0.0099 
      H413.1 12 0.0039 0.0035 0.0030 0.0048 0.0064 0.0116 0.0034 0.9519 0.0055 0.0059 
      H413.2 12 0.0034 0.0047 0.0041 0.0050 0.0041 0.0035 0.0035 0.9617 0.0059 0.0042 
      H413.3 12 0.0043 0.0026 0.0041 0.0087 0.0041 0.0095 0.0030 0.9545 0.0027 0.0065 
      H413.4 12 0.0035 0.0040 0.0046 0.0057 0.0103 0.0216 0.0037 0.9323 0.0078 0.0067 
      H413.5 12 0.0030 0.0033 0.0045 0.0458 0.0333 0.0063 0.0090 0.8840 0.0027 0.0082 
      H413.6 12 0.0046 0.0067 0.0028 0.0414 0.0222 0.0101 0.0037 0.8522 0.0058 0.0505 
      H413.7 12 0.0046 0.0047 0.0064 0.0108 0.0051 0.0081 0.0042 0.9381 0.0055 0.0124 
      H563.1 12 0.0040 0.0035 0.0031 0.0116 0.0057 0.9528 0.0034 0.0073 0.0035 0.0053 
      H563.2 12 0.0134 0.0039 0.0051 0.0080 0.0052 0.9337 0.0053 0.0070 0.0107 0.0078 
      H563.3 12 0.0035 0.0027 0.0035 0.0068 0.0034 0.9631 0.0045 0.0042 0.0030 0.0053 
      H563.4 12 0.0075 0.0026 0.0037 0.0051 0.0058 0.9388 0.0046 0.0188 0.0067 0.0064 
      H563.5 12 0.0031 0.0032 0.0025 0.0054 0.0043 0.9617 0.0037 0.0054 0.0037 0.0069 
      H563.6 12 0.0074 0.0034 0.0045 0.0040 0.0046 0.9448 0.0041 0.0131 0.0094 0.0048 
      H563.7 12 0.0048 0.0030 0.0029 0.0027 0.0049 0.9523 0.0030 0.0074 0.0136 0.0054 
      H563.8 12 0.0046 0.0033 0.0030 0.0129 0.0053 0.9444 0.0049 0.0081 0.0045 0.0090 
      H563.9 12 0.0141 0.0037 0.0040 0.0037 0.0053 0.9392 0.0048 0.0101 0.0093 0.0059 
     H7374.1 12 0.0508 0.0240 0.0070 0.0088 0.0054 0.0085 0.0145 0.0429 0.0126 0.8255 
     H7374.2 12 0.0067 0.0058 0.0047 0.0065 0.0037 0.0078 0.0071 0.0121 0.0029 0.9428 
     H7374.3 12 0.0433 0.0592 0.0084 0.0089 0.0072 0.0168 0.0133 0.0211 0.0052 0.8167 
     H7374.4 12 0.0063 0.0044 0.0061 0.0064 0.0046 0.0057 0.0056 0.0053 0.0105 0.9450 
     H7374.5 12 0.0045 0.0085 0.0039 0.0105 0.0054 0.0087 0.0085 0.0099 0.0084 0.9316 
     H7374.6 12 0.0197 0.0259 0.0130 0.0090 0.0057 0.0216 0.0094 0.0054 0.0140 0.8762 
     H7374.7 12 0.0063 0.0060 0.0057 0.0035 0.0034 0.0060 0.0041 0.0065 0.0125 0.9460 
     H7374.8 12 0.0150 0.0154 0.0066 0.0032 0.0031 0.0235 0.0077 0.0083 0.0138 0.9033 
     H7374.9 12 0.0036 0.0070 0.0035 0.0064 0.0047 0.0066 0.0061 0.0060 0.0095 0.9465 
     H9563.1 12 0.0043 0.0046 0.0033 0.0053 0.0047 0.9617 0.0043 0.0038 0.0041 0.0038 
     H9563.2 12 0.0036 0.0034 0.0033 0.0071 0.0070 0.9578 0.0063 0.0041 0.0034 0.0040 
     H9563.3 12 0.0051 0.0067 0.0066 0.0023 0.0040 0.9578 0.0036 0.0063 0.0035 0.0041 
     H9563.4 12 0.0247 0.0118 0.0110 0.0083 0.0146 0.8970 0.0100 0.0062 0.0079 0.0085 
     H9563.5 12 0.0075 0.0052 0.0073 0.0053 0.0115 0.9367 0.0097 0.0047 0.0073 0.0049 
     H9563.6 12 0.0035 0.0056 0.0074 0.0028 0.0055 0.9558 0.0031 0.0085 0.0028 0.0050 
     H9563.7 12 0.0037 0.0051 0.0063 0.0028 0.0038 0.9613 0.0041 0.0050 0.0024 0.0054 
     H9563.8 12 0.0197 0.0050 0.0116 0.0062 0.0437 0.8762 0.0090 0.0079 0.0122 0.0085 
     H9563.9 12 0.0057 0.0046 0.0066 0.0056 0.0123 0.9422 0.0053 0.0074 0.0052 0.0051 
     H9572.1 12 0.0399 0.0288 0.1395 0.1648 0.0937 0.3943 0.0365 0.0700 0.0159 0.0167 
     H9572.2 12 0.1310 0.1149 0.0132 0.0171 0.1369 0.4799 0.0544 0.0313 0.0115 0.0098 
     H9572.3 12 0.1170 0.0082 0.0346 0.0733 0.0089 0.0726 0.2619 0.1468 0.2016 0.0750 
     H9572.4 12 0.1201 0.0420 0.0797 0.0441 0.0243 0.2241 0.0613 0.1877 0.2004 0.0163 
     H9572.5 12 0.1049 0.0444 0.0844 0.0618 0.0821 0.1161 0.1061 0.0984 0.2936 0.0082 
