      H105.1  1 0.0108 0.9715 0.0102 0.0075 
      H105.2  1 0.0263 0.9431 0.0198 0.0108 
      H105.3  1 0.0062 0.9825 0.0069 0.0045 
      H105.4  1 0.0143 0.9516 0.0201 0.0139 
      H105.5  1 0.0294 0.9068 0.0447 0.0192 
      H105.6  1 0.0150 0.9537 0.0201 0.0112 
      H105.7  1 0.0068 0.9759 0.0074 0.0099 
      H105.8  1 0.0104 0.9752 0.0103 0.0041 
      H115.1  1 0.0294 0.0418 0.9194 0.0095 
      H115.2  1 0.0102 0.0075 0.9748 0.0076 
      H115.3  1 0.0121 0.0101 0.9713 0.0065 
      H115.4  1 0.1291 0.0093 0.8373 0.0243 
      H115.5  1 0.0653 0.0209 0.8933 0.0205 
      H115.6  1 0.0138 0.0115 0.9617 0.0131 
      H115.7  1 0.0228 0.0408 0.9190 0.0174 
      H115.8  1 0.0116 0.0076 0.9721 0.0086 
      H115.9  1 0.0157 0.0144 0.9630 0.0069 
      H145.1  1 0.0061 0.0051 0.0073 0.9815 
      H145.2  1 0.0111 0.0055 0.0070 0.9765 
      H145.3  1 0.0052 0.0052 0.0049 0.9847 
      H145.4  1 0.0071 0.0067 0.0047 0.9815 
      H145.5  1 0.0047 0.0070 0.0046 0.9838 
      H145.6  1 0.0095 0.0112 0.0051 0.9743 
      H145.7  1 0.0076 0.0073 0.0053 0.9797 
      H149.1  1 0.9740 0.0089 0.0084 0.0087 
      H149.2  1 0.9407 0.0092 0.0062 0.0440 
      H149.3  1 0.8627 0.0253 0.0097 0.1023 
      H149.4  1 0.9582 0.0250 0.0076 0.0092 
      H149.5  1 0.9151 0.0264 0.0039 0.0546 
      H149.6  1 0.9279 0.0188 0.0046 0.0488 
      H149.7  1 0.9384 0.0230 0.0092 0.0294 
      H150.1  1 0.0039 0.0052 0.9849 0.0060 
      H150.2  1 0.0075 0.0079 0.9793 0.0053 
      H150.3  1 0.0058 0.0132 0.9710 0.0100 
      H150.4  1 0.0045 0.0070 0.9816 0.0069 
      H150.5  1 0.0072 0.0099 0.9765 0.0064 
      H150.6  1 0.0130 0.0098 0.9672 0.0100 
      H150.7  1 0.0039 0.0063 0.9828 0.0071 
   H169607.1  1 0.0105 0.0158 0.1126 0.8610 
   H169607.2  1 0.0117 0.0269 0.0255 0.9360 
   H169607.3  1 0.0133 0.0147 0.0296 0.9424 
   H169607.4  1 0.0051 0.0163 0.0189 0.9598 
   H169607.5  1 0.0093 0.0115 0.1388 0.8404 
   H169607.6  1 0.0087 0.0114 0.0153 0.9646 
   H169607.7  1 0.0124 0.0121 0.0663 0.9092 
   H169607.8  1 0.0071 0.0388 0.0276 0.9265 
   H169633.1  1 0.9408 0.0153 0.0196 0.0243 
   H169633.2  1 0.9707 0.0081 0.0074 0.0138 
   H169633.3  1 0.9600 0.0106 0.0112 0.0183 
   H169633.4  1 0.9500 0.0191 0.0114 0.0194 
   H169633.5  1 0.9509 0.0171 0.0109 0.0211 
   H169688.1  1 0.0464 0.0889 0.0446 0.8200 
   H169688.2  1 0.0625 0.0856 0.1362 0.7157 
   H169688.3  1 0.0418 0.0590 0.2889 0.6103 
   H169688.4  1 0.0158 0.0077 0.8582 0.1183 
   H169688.5  1 0.0125 0.0069 0.8613 0.1194 
   H169688.6  1 0.3650 0.0260 0.2600 0.3491 
   H169688.7  1 0.0325 0.0113 0.1339 0.8223 
   H171901.1  1 0.0277 0.1805 0.4833 0.3085 
   H171901.2  1 0.7838 0.0544 0.0787 0.0831 
   H171901.3  1 0.9083 0.0197 0.0531 0.0189 
   H171901.4  1 0.9290 0.0205 0.0333 0.0172 
   H171901.5  1 0.8992 0.0141 0.0455 0.0411 
   H171901.6  1 0.8480 0.0119 0.0539 0.0862 
   H171901.7  1 0.8390 0.0089 0.0379 0.1141 
   H171902.1  1 0.0104 0.0048 0.0169 0.9679 
  H171902.10  1 0.0149 0.0057 0.0144 0.9650 
   H171902.2  1 0.0305 0.0088 0.0230 0.9377 
   H171902.3  1 0.0525 0.0081 0.0586 0.8808 
   H171902.4  1 0.0203 0.0086 0.0174 0.9537 
   H171902.6  1 0.0099 0.0071 0.0140 0.9691 
   H171902.7  1 0.0106 0.0049 0.0129 0.9716 
   H171902.8  1 0.0198 0.0068 0.0270 0.9464 
   H171902.9  1 0.0106 0.0081 0.0596 0.9217 
   H171903.1  1 0.0203 0.0266 0.4507 0.5024 
   H171903.2  1 0.0373 0.1011 0.4971 0.3644 
   H171903.3  1 0.2466 0.1529 0.3482 0.2524 
   H171903.4  1 0.0105 0.0140 0.1921 0.7834 
   H171903.5  1 0.2133 0.0340 0.5511 0.2016 
   H171903.6  1 0.0435 0.0062 0.3703 0.5800 
      H177.1  1 0.1607 0.0160 0.0922 0.7311 
      H177.2  1 0.1952 0.0170 0.0352 0.7526 
      H177.3  1 0.2581 0.0121 0.0501 0.6796 
      H177.4  1 0.4466 0.0159 0.0079 0.5296 
      H177.5  1 0.1375 0.0325 0.0533 0.7767 
      H177.6  1 0.4019 0.0137 0.0526 0.5319 
      H179.1  1 0.9598 0.0170 0.0134 0.0097 
      H179.2  1 0.9584 0.0069 0.0265 0.0082 
      H179.3  1 0.8583 0.0159 0.0950 0.0308 
      H179.4  1 0.9693 0.0106 0.0053 0.0148 
      H180.1  1 0.0443 0.0098 0.9374 0.0085 
      H180.2  1 0.0319 0.0101 0.9482 0.0098 
      H180.3  1 0.0237 0.0043 0.9612 0.0108 
      H180.4  1 0.0422 0.0192 0.9258 0.0128 
      H180.5  1 0.0257 0.0096 0.9348 0.0299 
      H180.6  1 0.0404 0.0070 0.8785 0.0741 
      H181.1  1 0.9227 0.0201 0.0333 0.0239 
      H181.2  1 0.9254 0.0235 0.0217 0.0294 
      H181.3  1 0.9342 0.0254 0.0183 0.0222 
      H181.4  1 0.7232 0.0437 0.1812 0.0520 
      H181.5  1 0.9706 0.0147 0.0066 0.0081 
      H181.6  1 0.9508 0.0155 0.0253 0.0083 
      H181.7  1 0.9657 0.0162 0.0089 0.0091 
 H194.1_2004  1 0.0080 0.0070 0.0229 0.9620 
 H194.2_2004  1 0.0062 0.0091 0.0166 0.9681 
 H194.3_2004  1 0.0633 0.0106 0.0072 0.9189 
 H194.4_2004  1 0.0080 0.0058 0.0075 0.9788 
 H194.5_2004  1 0.0583 0.0142 0.0075 0.9200 
 H194.6_2004  1 0.1098 0.0078 0.0178 0.8646 
 H194.7_2004  1 0.0068 0.0116 0.0115 0.9701 
 H194.8_2004  1 0.0128 0.0135 0.0092 0.9645 
      H194.9  1 0.0079 0.0083 0.0100 0.9738 
 H195.1_2003  1 0.0363 0.0095 0.0061 0.9481 
 H195.1_2004  1 0.0152 0.0130 0.0070 0.9648 
 H195.2_2003  1 0.0118 0.0087 0.0099 0.9695 
 H195.2_2004  1 0.0061 0.0055 0.0049 0.9835 
 H195.3_2003  1 0.0059 0.0123 0.0331 0.9487 
 H195.3_2004  1 0.0136 0.0071 0.0037 0.9756 
 H195.4_2003  1 0.0224 0.0088 0.0055 0.9633 
 H195.4_2004  1 0.0066 0.0046 0.0038 0.9850 
 H195.5_2003  1 0.0223 0.0349 0.0103 0.9325 
 H195.5_2004  1 0.0113 0.0086 0.0051 0.9750 
 H195.6_2003  1 0.0047 0.0067 0.0103 0.9784 
 H195.6_2004  1 0.0066 0.0085 0.0041 0.9808 
 H195.7_2003  1 0.0184 0.0112 0.0052 0.9652 
 H195.7_2004  1 0.0061 0.0095 0.0111 0.9732 
      H195.8  1 0.0081 0.0095 0.0057 0.9767 
      H195.9  1 0.0108 0.0050 0.0045 0.9797 
      H415.1  1 0.5528 0.0108 0.3538 0.0826 
      H415.2  1 0.4578 0.0592 0.1377 0.3453 
      H415.3  1 0.9588 0.0104 0.0200 0.0107 
      H415.4  1 0.7175 0.0138 0.2472 0.0215 
      H415.5  1 0.9630 0.0072 0.0164 0.0134 
      H415.6  1 0.7262 0.0133 0.2419 0.0185 
      H415.7  1 0.6448 0.0395 0.0247 0.2910 
      H506.1  1 0.9793 0.0111 0.0043 0.0053 
      H506.2  1 0.9808 0.0082 0.0040 0.0070 
      H506.3  1 0.9628 0.0149 0.0107 0.0115 
      H506.4  1 0.9729 0.0079 0.0122 0.0070 
      H506.5  1 0.9820 0.0080 0.0041 0.0059 
      H506.6  1 0.9065 0.0217 0.0173 0.0545 
      H506.7  1 0.9735 0.0138 0.0044 0.0082 
      H533.1  1 0.9862 0.0052 0.0049 0.0037 
      H533.2  1 0.9859 0.0055 0.0039 0.0047 
      H533.3  1 0.9817 0.0083 0.0055 0.0045 
      H533.4  1 0.9740 0.0073 0.0071 0.0116 
      H535.1  1 0.9613 0.0070 0.0143 0.0173 
      H535.2  1 0.9344 0.0347 0.0054 0.0255 
      H535.3  1 0.9195 0.0459 0.0083 0.0262 
      H535.4  1 0.9619 0.0172 0.0065 0.0144 
      H535.5  1 0.9778 0.0051 0.0054 0.0117 
      H535.6  1 0.8672 0.0123 0.0493 0.0712 
      H535.7  1 0.9838 0.0048 0.0049 0.0064 
      H535.8  1 0.9708 0.0114 0.0067 0.0111 
      H535.9  1 0.9431 0.0094 0.0263 0.0212 
      H539.1  1 0.0036 0.0049 0.9853 0.0062 
      H539.2  1 0.0087 0.0100 0.9686 0.0127 
      H539.3  1 0.0057 0.0065 0.9745 0.0133 
      H539.4  1 0.0043 0.0056 0.9859 0.0042 
      H539.5  1 0.0038 0.0043 0.9867 0.0053 
      H539.6  1 0.0038 0.0046 0.9835 0.0081 
      H539.7  1 0.0045 0.0049 0.9859 0.0048 
      H539.8  1 0.0075 0.0099 0.9720 0.0106 
      H539.9  1 0.0036 0.0047 0.9875 0.0041 
      H540.1  1 0.0079 0.0054 0.9657 0.0210 
      H540.2  1 0.0074 0.0063 0.9789 0.0073 
      H540.3  1 0.0164 0.0123 0.9555 0.0158 
      H540.4  1 0.0064 0.0057 0.9813 0.0066 
      H540.5  1 0.0069 0.0068 0.9781 0.0083 
      H540.6  1 0.0095 0.0083 0.9702 0.0119 
      H540.7  1 0.0141 0.0099 0.9648 0.0112 
      H540.8  1 0.0099 0.0050 0.9587 0.0264 
     H9558.1  1 0.0067 0.0055 0.9789 0.0089 
     H9558.2  1 0.0242 0.0293 0.9310 0.0155 
     H9558.3  1 0.0076 0.0522 0.9307 0.0095 
     H9558.4  1 0.0075 0.0076 0.9788 0.0061 
     H9558.5  1 0.0045 0.0076 0.9843 0.0037 
     H9558.6  1 0.0079 0.0215 0.9631 0.0076 
    kos339.1  1 0.9718 0.0124 0.0084 0.0074 
    kos339.2  1 0.9689 0.0136 0.0073 0.0103 
    kos339.3  1 0.9823 0.0042 0.0065 0.0069 
    kos339.4  1 0.9793 0.0049 0.0075 0.0082 
    kos339.5  1 0.9714 0.0103 0.0088 0.0095 
    kos339.6  1 0.9698 0.0075 0.0055 0.0172 
    kos339.7  1 0.9828 0.0043 0.0050 0.0079 
    kos339.8  1 0.9838 0.0048 0.0045 0.0070 
    kos339.9  1 0.8830 0.0158 0.0418 0.0594 
      H409.1 12 0.9287 0.0553 0.0074 0.0087 
     H409.10 12 0.9013 0.0568 0.0272 0.0147 
      H409.2 12 0.9710 0.0115 0.0093 0.0082 
      H409.3 12 0.9232 0.0318 0.0222 0.0227 
      H409.4 12 0.9224 0.0401 0.0213 0.0162 
      H409.5 12 0.9339 0.0292 0.0203 0.0166 
      H409.6 12 0.5976 0.3671 0.0207 0.0146 
      H409.7 12 0.7257 0.2366 0.0089 0.0288 
      H409.8 12 0.9022 0.0784 0.0085 0.0109 
      H409.9 12 0.3633 0.1413 0.4860 0.0094 
      H413.1 12 0.0064 0.9719 0.0152 0.0064 
      H413.2 12 0.0126 0.9611 0.0156 0.0107 
      H413.3 12 0.0072 0.9671 0.0156 0.0102 
      H413.4 12 0.0092 0.9668 0.0168 0.0072 
      H413.5 12 0.0080 0.6804 0.2989 0.0127 
      H413.6 12 0.0060 0.8657 0.1194 0.0088 
      H413.7 12 0.0068 0.9705 0.0142 0.0085 
      H563.1 12 0.0053 0.9788 0.0100 0.0058 
      H563.2 12 0.0138 0.9598 0.0120 0.0144 
      H563.3 12 0.0043 0.9787 0.0101 0.0069 
      H563.4 12 0.0069 0.9816 0.0056 0.0060 
      H563.5 12 0.0047 0.9818 0.0077 0.0058 
      H563.6 12 0.0080 0.9797 0.0068 0.0054 
      H563.7 12 0.0075 0.9831 0.0038 0.0057 
      H563.8 12 0.0061 0.9698 0.0161 0.0081 
      H563.9 12 0.0110 0.9618 0.0108 0.0163 
     H7374.1 12 0.0224 0.9283 0.0096 0.0397 
     H7374.2 12 0.0079 0.9596 0.0089 0.0237 
     H7374.3 12 0.0106 0.9012 0.0100 0.0783 
     H7374.4 12 0.0535 0.8831 0.0123 0.0511 
     H7374.5 12 0.0438 0.9092 0.0100 0.0369 
     H7374.6 12 0.0557 0.7157 0.0116 0.2171 
     H7374.7 12 0.0537 0.8760 0.0046 0.0657 
     H7374.8 12 0.0153 0.9434 0.0050 0.0363 
     H7374.9 12 0.0301 0.8588 0.0131 0.0980 
     H9563.1 12 0.0117 0.9681 0.0102 0.0100 
     H9563.2 12 0.0062 0.9684 0.0158 0.0096 
     H9563.3 12 0.0075 0.9784 0.0054 0.0087 
     H9563.4 12 0.0387 0.9096 0.0290 0.0226 
     H9563.5 12 0.0210 0.9469 0.0156 0.0165 
     H9563.6 12 0.0061 0.9830 0.0050 0.0060 
     H9563.7 12 0.0050 0.9826 0.0049 0.0074 
     H9563.8 12 0.0691 0.8573 0.0508 0.0228 
     H9563.9 12 0.0119 0.9677 0.0133 0.0070 
     H9572.1 12 0.0768 0.6390 0.2206 0.0637 
     H9572.2 12 0.0271 0.4849 0.0593 0.4287 
     H9572.3 12 0.4835 0.3579 0.0596 0.0990 
     H9572.4 12 0.2418 0.3756 0.0545 0.3281 
     H9572.5 12 0.4074 0.1424 0.1279 0.3222 
