      H105.1  1 0.0020 0.0021 0.0026 0.0024 0.0032 0.0029 0.0028 0.0027 0.0022 0.0041 0.0041 0.0039 0.0025 0.9521 0.0023 0.0025 0.0031 0.0025 
      H105.2  1 0.0033 0.0036 0.0036 0.0048 0.0030 0.0016 0.0035 0.0038 0.0053 0.0044 0.0026 0.0041 0.0059 0.9326 0.0037 0.0056 0.0059 0.0026 
      H105.3  1 0.0030 0.0024 0.0025 0.0036 0.0025 0.0027 0.0034 0.0021 0.0022 0.0025 0.0045 0.0026 0.0019 0.9543 0.0017 0.0027 0.0033 0.0022 
      H105.4  1 0.0031 0.0034 0.0031 0.0035 0.0024 0.0028 0.0030 0.0029 0.0023 0.0036 0.0040 0.0052 0.0023 0.9430 0.0026 0.0049 0.0037 0.0039 
      H105.5  1 0.0035 0.0056 0.0036 0.0085 0.0033 0.0046 0.0039 0.0051 0.0027 0.0059 0.0040 0.0114 0.0093 0.9108 0.0052 0.0067 0.0029 0.0028 
      H105.6  1 0.0087 0.0044 0.0066 0.0055 0.0039 0.0032 0.0038 0.0071 0.0034 0.0033 0.0054 0.0040 0.0043 0.9101 0.0071 0.0093 0.0038 0.0060 
      H105.7  1 0.0069 0.0056 0.0046 0.0050 0.0029 0.0027 0.0035 0.0058 0.0036 0.0120 0.0176 0.0073 0.0069 0.8927 0.0084 0.0068 0.0043 0.0037 
      H105.8  1 0.0027 0.0027 0.0022 0.0037 0.0025 0.0021 0.0026 0.0025 0.0024 0.0037 0.0028 0.0030 0.0027 0.9497 0.0021 0.0040 0.0060 0.0025 
      H115.1  1 0.0516 0.0060 0.0035 0.8070 0.0121 0.0048 0.0045 0.0223 0.0096 0.0041 0.0109 0.0199 0.0040 0.0046 0.0054 0.0147 0.0117 0.0032 
      H115.2  1 0.0062 0.0079 0.0043 0.8682 0.0047 0.0031 0.0028 0.0479 0.0104 0.0065 0.0054 0.0073 0.0056 0.0028 0.0071 0.0035 0.0033 0.0032 
      H115.3  1 0.0027 0.0064 0.0047 0.9205 0.0053 0.0040 0.0024 0.0101 0.0079 0.0043 0.0066 0.0068 0.0023 0.0039 0.0023 0.0034 0.0022 0.0042 
      H115.4  1 0.0053 0.0090 0.0088 0.8619 0.0106 0.0053 0.0023 0.0043 0.0101 0.0113 0.0040 0.0085 0.0112 0.0032 0.0036 0.0029 0.0327 0.0050 
      H115.5  1 0.0162 0.0135 0.0129 0.7992 0.0325 0.0121 0.0034 0.0294 0.0052 0.0098 0.0047 0.0092 0.0061 0.0187 0.0058 0.0081 0.0059 0.0073 
      H115.6  1 0.0037 0.0065 0.0141 0.8437 0.0159 0.0048 0.0071 0.0182 0.0361 0.0069 0.0076 0.0086 0.0040 0.0036 0.0083 0.0045 0.0039 0.0023 
      H115.7  1 0.0346 0.0066 0.0069 0.8230 0.0083 0.0063 0.0071 0.0137 0.0133 0.0066 0.0140 0.0155 0.0104 0.0062 0.0073 0.0100 0.0057 0.0045 
      H115.8  1 0.0034 0.0044 0.0030 0.9090 0.0105 0.0042 0.0032 0.0139 0.0069 0.0051 0.0068 0.0053 0.0054 0.0067 0.0039 0.0031 0.0032 0.0020 
      H115.9  1 0.0113 0.0067 0.0030 0.8295 0.0060 0.0034 0.0032 0.0594 0.0059 0.0049 0.0132 0.0161 0.0049 0.0044 0.0043 0.0119 0.0083 0.0038 
      H145.1  1 0.0028 0.0075 0.0076 0.0057 0.0056 0.8639 0.0090 0.0098 0.0164 0.0035 0.0082 0.0146 0.0033 0.0027 0.0264 0.0055 0.0035 0.0041 
      H145.2  1 0.0020 0.0066 0.0091 0.0049 0.0056 0.9147 0.0052 0.0040 0.0088 0.0037 0.0046 0.0050 0.0021 0.0031 0.0072 0.0039 0.0045 0.0049 
      H145.3  1 0.0020 0.0025 0.0021 0.0031 0.0022 0.9459 0.0029 0.0018 0.0128 0.0030 0.0022 0.0036 0.0019 0.0025 0.0031 0.0032 0.0026 0.0026 
      H145.4  1 0.0027 0.0047 0.0045 0.0029 0.0038 0.9045 0.0052 0.0044 0.0039 0.0032 0.0100 0.0077 0.0034 0.0024 0.0235 0.0065 0.0039 0.0026 
      H145.5  1 0.0026 0.0034 0.0026 0.0029 0.0033 0.9294 0.0052 0.0024 0.0211 0.0031 0.0028 0.0034 0.0025 0.0026 0.0050 0.0037 0.0019 0.0022 
      H145.6  1 0.0026 0.0044 0.0064 0.0027 0.0050 0.9307 0.0040 0.0030 0.0041 0.0032 0.0047 0.0043 0.0023 0.0026 0.0097 0.0027 0.0037 0.0039 
      H145.7  1 0.0024 0.0032 0.0036 0.0038 0.0063 0.9439 0.0029 0.0018 0.0034 0.0034 0.0035 0.0034 0.0026 0.0021 0.0045 0.0036 0.0026 0.0029 
      H149.1  1 0.0030 0.0048 0.0030 0.0028 0.9445 0.0038 0.0034 0.0024 0.0051 0.0026 0.0026 0.0024 0.0024 0.0025 0.0054 0.0036 0.0031 0.0025 
      H149.2  1 0.0019 0.0043 0.0037 0.0028 0.9267 0.0074 0.0044 0.0027 0.0057 0.0044 0.0049 0.0051 0.0027 0.0038 0.0081 0.0059 0.0025 0.0029 
      H149.3  1 0.0035 0.0412 0.0055 0.0235 0.6970 0.0344 0.0056 0.0038 0.0094 0.0086 0.0530 0.0416 0.0110 0.0079 0.0183 0.0098 0.0160 0.0100 
      H149.4  1 0.0032 0.0064 0.0041 0.0035 0.9203 0.0028 0.0029 0.0039 0.0065 0.0075 0.0044 0.0020 0.0041 0.0058 0.0026 0.0042 0.0126 0.0033 
      H149.5  1 0.0043 0.0143 0.0051 0.0040 0.7828 0.0159 0.0048 0.0025 0.0046 0.0293 0.0402 0.0267 0.0090 0.0182 0.0103 0.0068 0.0115 0.0097 
      H149.6  1 0.0027 0.0036 0.0041 0.0027 0.9299 0.0061 0.0032 0.0021 0.0042 0.0041 0.0061 0.0052 0.0034 0.0051 0.0066 0.0045 0.0031 0.0036 
      H149.7  1 0.0048 0.0282 0.0068 0.0154 0.6986 0.0042 0.0067 0.0037 0.0092 0.0176 0.0275 0.0179 0.0591 0.0147 0.0269 0.0193 0.0339 0.0055 
      H150.1  1 0.0033 0.0033 0.0043 0.6893 0.0024 0.0043 0.0029 0.2437 0.0049 0.0051 0.0059 0.0062 0.0033 0.0061 0.0047 0.0057 0.0025 0.0020 
      H150.2  1 0.0091 0.0037 0.0083 0.8765 0.0033 0.0028 0.0044 0.0394 0.0103 0.0060 0.0046 0.0043 0.0074 0.0040 0.0063 0.0032 0.0038 0.0027 
      H150.3  1 0.0411 0.0037 0.0061 0.2230 0.0060 0.0053 0.0106 0.5653 0.0776 0.0044 0.0082 0.0097 0.0128 0.0061 0.0059 0.0080 0.0045 0.0018 
      H150.4  1 0.0058 0.0031 0.0068 0.0615 0.0030 0.0072 0.0044 0.8538 0.0086 0.0045 0.0047 0.0071 0.0088 0.0049 0.0045 0.0063 0.0030 0.0019 
      H150.5  1 0.0045 0.0113 0.0102 0.8701 0.0047 0.0039 0.0053 0.0285 0.0040 0.0056 0.0136 0.0081 0.0086 0.0050 0.0058 0.0052 0.0032 0.0024 
      H150.6  1 0.0029 0.0056 0.0072 0.8997 0.0041 0.0078 0.0088 0.0102 0.0048 0.0080 0.0036 0.0065 0.0065 0.0052 0.0032 0.0086 0.0039 0.0032 
      H150.7  1 0.0049 0.0039 0.0059 0.1849 0.0042 0.0051 0.0043 0.7131 0.0176 0.0091 0.0046 0.0083 0.0034 0.0169 0.0049 0.0030 0.0037 0.0020 
   H169607.1  1 0.0037 0.0052 0.0121 0.0106 0.0043 0.0108 0.0071 0.0123 0.0165 0.0031 0.0038 0.8803 0.0054 0.0030 0.0054 0.0032 0.0107 0.0025 
   H169607.2  1 0.0023 0.0031 0.0048 0.0029 0.0027 0.0033 0.0030 0.0048 0.0043 0.0048 0.0031 0.9409 0.0031 0.0031 0.0045 0.0029 0.0027 0.0038 
   H169607.3  1 0.0033 0.0032 0.0060 0.0068 0.0033 0.0092 0.0029 0.0034 0.0089 0.0044 0.0035 0.9150 0.0045 0.0036 0.0064 0.0044 0.0079 0.0033 
   H169607.4  1 0.0027 0.0039 0.0060 0.0030 0.0024 0.0044 0.0061 0.0057 0.0072 0.0030 0.0032 0.9353 0.0023 0.0033 0.0041 0.0023 0.0024 0.0029 
   H169607.5  1 0.0036 0.0041 0.0025 0.0026 0.0029 0.0038 0.0029 0.0038 0.0036 0.0034 0.0036 0.9471 0.0028 0.0020 0.0037 0.0026 0.0021 0.0029 
   H169607.6  1 0.0030 0.0024 0.0050 0.0027 0.0021 0.0027 0.0030 0.0045 0.0046 0.0048 0.0023 0.9424 0.0028 0.0039 0.0041 0.0026 0.0038 0.0032 
   H169607.7  1 0.0027 0.0053 0.0059 0.0080 0.0032 0.0054 0.0027 0.0043 0.0036 0.0033 0.0029 0.9204 0.0073 0.0067 0.0039 0.0023 0.0089 0.0032 
   H169607.8  1 0.0030 0.0045 0.0028 0.0028 0.0024 0.0033 0.0068 0.0039 0.0049 0.0043 0.0035 0.9392 0.0030 0.0034 0.0031 0.0036 0.0024 0.0030 
   H169633.1  1 0.0177 0.0033 0.0123 0.0052 0.8530 0.0176 0.0064 0.0068 0.0040 0.0052 0.0089 0.0033 0.0304 0.0038 0.0099 0.0043 0.0035 0.0045 
   H169633.2  1 0.0080 0.0067 0.1421 0.0054 0.7551 0.0088 0.0036 0.0029 0.0027 0.0068 0.0041 0.0024 0.0158 0.0089 0.0061 0.0068 0.0061 0.0079 
   H169633.3  1 0.0090 0.0170 0.0086 0.0068 0.8499 0.0044 0.0065 0.0060 0.0051 0.0081 0.0074 0.0039 0.0062 0.0041 0.0330 0.0091 0.0049 0.0102 
   H169633.4  1 0.0105 0.0066 0.0049 0.0076 0.8743 0.0081 0.0076 0.0076 0.0045 0.0067 0.0115 0.0061 0.0033 0.0050 0.0189 0.0053 0.0039 0.0076 
   H169633.5  1 0.0120 0.0053 0.0050 0.0061 0.8742 0.0094 0.0073 0.0083 0.0041 0.0062 0.0114 0.0064 0.0035 0.0045 0.0210 0.0036 0.0043 0.0075 
   H169688.1  1 0.0344 0.0046 0.0031 0.0038 0.0053 0.0067 0.0068 0.0061 0.0181 0.0202 0.0035 0.0101 0.8374 0.0035 0.0113 0.0065 0.0075 0.0111 
   H169688.2  1 0.0062 0.0054 0.0048 0.0033 0.0026 0.0032 0.0056 0.0031 0.0026 0.0058 0.0029 0.0027 0.9196 0.0072 0.0068 0.0087 0.0054 0.0040 
   H169688.3  1 0.0028 0.0032 0.0043 0.0031 0.0027 0.0028 0.0027 0.0030 0.0025 0.0026 0.0039 0.0030 0.9467 0.0039 0.0035 0.0044 0.0031 0.0018 
   H169688.4  1 0.0019 0.0035 0.0021 0.0047 0.0027 0.0032 0.0024 0.0032 0.0028 0.0021 0.0028 0.0035 0.9508 0.0019 0.0028 0.0045 0.0027 0.0023 
   H169688.5  1 0.0022 0.0038 0.0022 0.0049 0.0026 0.0025 0.0023 0.0045 0.0026 0.0026 0.0028 0.0037 0.9502 0.0016 0.0025 0.0043 0.0025 0.0022 
   H169688.6  1 0.0047 0.0032 0.0032 0.0022 0.0065 0.0031 0.0034 0.0033 0.0029 0.0067 0.0023 0.0037 0.8984 0.0025 0.0039 0.0027 0.0410 0.0062 
   H169688.7  1 0.0028 0.0066 0.0080 0.0111 0.0038 0.0131 0.0057 0.0074 0.0135 0.0096 0.0038 0.0037 0.8849 0.0041 0.0061 0.0104 0.0039 0.0016 
   H171901.1  1 0.0386 0.0322 0.0136 0.1584 0.0094 0.0374 0.0056 0.0226 0.0067 0.0167 0.0749 0.1382 0.0165 0.0605 0.3479 0.0074 0.0114 0.0023 
   H171901.2  1 0.0033 0.0560 0.0132 0.0162 0.6695 0.0061 0.0206 0.0241 0.0063 0.0272 0.0056 0.0176 0.0055 0.1048 0.0114 0.0052 0.0030 0.0044 
   H171901.3  1 0.0135 0.0225 0.0237 0.0331 0.6719 0.0051 0.0132 0.0224 0.0052 0.0066 0.0092 0.0647 0.0233 0.0151 0.0467 0.0079 0.0074 0.0085 
   H171901.4  1 0.0069 0.0203 0.0325 0.0364 0.7192 0.0031 0.0133 0.0110 0.0072 0.0081 0.0061 0.0382 0.0058 0.0685 0.0065 0.0058 0.0059 0.0051 
   H171901.5  1 0.0032 0.0574 0.1372 0.0330 0.5661 0.0052 0.0272 0.0150 0.0087 0.0146 0.0063 0.0497 0.0071 0.0332 0.0089 0.0140 0.0079 0.0052 
   H171901.6  1 0.0054 0.0672 0.3015 0.0431 0.3539 0.0065 0.0165 0.0308 0.0141 0.0230 0.0046 0.0268 0.0097 0.0167 0.0404 0.0165 0.0133 0.0099 
   H171901.7  1 0.0049 0.1474 0.0421 0.0217 0.2841 0.0077 0.0055 0.0128 0.0068 0.0392 0.0067 0.0149 0.0340 0.0058 0.3409 0.0061 0.0112 0.0084 
   H171902.1  1 0.0026 0.0035 0.0078 0.0029 0.0035 0.0040 0.0029 0.0037 0.9385 0.0035 0.0025 0.0047 0.0039 0.0021 0.0030 0.0032 0.0051 0.0027 
  H171902.10  1 0.0020 0.0079 0.0023 0.0063 0.0040 0.0032 0.0036 0.0030 0.9383 0.0042 0.0024 0.0045 0.0043 0.0027 0.0032 0.0019 0.0034 0.0027 
   H171902.2  1 0.0037 0.0030 0.0103 0.0030 0.0096 0.0033 0.0023 0.0039 0.9239 0.0056 0.0027 0.0043 0.0046 0.0029 0.0037 0.0033 0.0074 0.0026 
   H171902.3  1 0.0031 0.0027 0.0065 0.0051 0.0124 0.0025 0.0027 0.0048 0.9255 0.0044 0.0029 0.0056 0.0044 0.0026 0.0047 0.0033 0.0036 0.0033 
   H171902.4  1 0.0026 0.0048 0.0030 0.0031 0.0132 0.0044 0.0041 0.0025 0.9363 0.0032 0.0031 0.0026 0.0027 0.0022 0.0039 0.0030 0.0031 0.0022 
   H171902.6  1 0.0018 0.0027 0.0027 0.0033 0.0045 0.0029 0.0035 0.0034 0.9504 0.0041 0.0024 0.0026 0.0022 0.0025 0.0034 0.0025 0.0028 0.0023 
   H171902.7  1 0.0018 0.0081 0.0029 0.0104 0.0064 0.0037 0.0054 0.0026 0.8767 0.0049 0.0041 0.0374 0.0044 0.0085 0.0130 0.0043 0.0029 0.0026 
   H171902.8  1 0.0030 0.0030 0.0046 0.0031 0.0068 0.0022 0.0050 0.0041 0.9378 0.0057 0.0028 0.0035 0.0027 0.0022 0.0049 0.0028 0.0033 0.0027 
   H171902.9  1 0.0025 0.0033 0.0037 0.0030 0.0029 0.0038 0.0047 0.0052 0.9447 0.0028 0.0028 0.0037 0.0026 0.0030 0.0034 0.0029 0.0026 0.0023 
   H171903.1  1 0.0035 0.0106 0.0044 0.0185 0.0033 0.0031 0.0035 0.0128 0.0031 0.0034 0.0047 0.9019 0.0065 0.0056 0.0051 0.0038 0.0027 0.0034 
   H171903.2  1 0.0024 0.0260 0.0096 0.0173 0.0032 0.0060 0.0083 0.0175 0.0033 0.0028 0.0095 0.8228 0.0058 0.0350 0.0089 0.0090 0.0045 0.0083 
   H171903.3  1 0.0054 0.0160 0.0201 0.0105 0.0069 0.0036 0.0319 0.0190 0.0052 0.0052 0.0057 0.6560 0.0157 0.0466 0.0943 0.0253 0.0058 0.0269 
   H171903.4  1 0.0049 0.0158 0.0064 0.0260 0.0052 0.0045 0.0114 0.0117 0.0269 0.0031 0.0057 0.7608 0.0778 0.0036 0.0235 0.0054 0.0039 0.0035 
   H171903.5  1 0.0048 0.0120 0.0151 0.0163 0.0220 0.0048 0.0060 0.0175 0.0046 0.0139 0.0078 0.7196 0.0865 0.0265 0.0160 0.0146 0.0051 0.0069 
   H171903.6  1 0.0023 0.0257 0.0032 0.0084 0.0117 0.0040 0.0031 0.0054 0.0049 0.0056 0.0036 0.7381 0.1587 0.0033 0.0085 0.0046 0.0028 0.0060 
      H177.1  1 0.0041 0.8560 0.0038 0.0069 0.0055 0.0037 0.0120 0.0079 0.0042 0.0059 0.0030 0.0057 0.0077 0.0022 0.0539 0.0032 0.0086 0.0055 
      H177.2  1 0.0027 0.7083 0.0059 0.0132 0.0155 0.0651 0.0187 0.0057 0.0038 0.0721 0.0100 0.0184 0.0062 0.0041 0.0062 0.0117 0.0288 0.0036 
      H177.3  1 0.0021 0.8715 0.0041 0.0097 0.0085 0.0181 0.0094 0.0067 0.0048 0.0059 0.0036 0.0092 0.0036 0.0026 0.0188 0.0035 0.0115 0.0063 
      H177.4  1 0.0021 0.7615 0.0076 0.0035 0.0054 0.0100 0.0045 0.0028 0.0051 0.0075 0.0059 0.0074 0.0035 0.0053 0.0672 0.0048 0.0782 0.0176 
      H177.5  1 0.0033 0.7734 0.0092 0.0124 0.0047 0.0106 0.0176 0.0061 0.0033 0.0115 0.0103 0.0040 0.0135 0.0063 0.0766 0.0131 0.0209 0.0031 
      H177.6  1 0.0024 0.8706 0.0037 0.0050 0.0192 0.0076 0.0082 0.0043 0.0048 0.0057 0.0036 0.0051 0.0037 0.0022 0.0331 0.0042 0.0134 0.0032 
      H179.1  1 0.0086 0.0103 0.0081 0.0063 0.0036 0.0028 0.0059 0.0111 0.0048 0.0058 0.0094 0.0056 0.0200 0.0057 0.0139 0.0517 0.8241 0.0024 
      H179.2  1 0.0029 0.0077 0.0223 0.0116 0.0053 0.0024 0.0114 0.0100 0.0070 0.0054 0.0039 0.0087 0.0160 0.0060 0.0084 0.0483 0.8056 0.0172 
      H179.3  1 0.0078 0.0168 0.0125 0.0166 0.0044 0.0025 0.0066 0.0264 0.0051 0.0091 0.0085 0.0164 0.1207 0.0037 0.0213 0.0133 0.7033 0.0048 
      H179.4  1 0.0046 0.0150 0.0843 0.0053 0.0120 0.0054 0.0354 0.0055 0.0047 0.0078 0.0065 0.0170 0.0243 0.0065 0.0375 0.0135 0.6597 0.0550 
      H180.1  1 0.0057 0.0067 0.0043 0.9067 0.0035 0.0023 0.0033 0.0042 0.0074 0.0099 0.0029 0.0043 0.0035 0.0042 0.0022 0.0041 0.0223 0.0026 
      H180.2  1 0.0058 0.0076 0.0039 0.9347 0.0024 0.0028 0.0023 0.0038 0.0024 0.0050 0.0022 0.0026 0.0037 0.0041 0.0027 0.0065 0.0039 0.0038 
      H180.3  1 0.0037 0.0041 0.0076 0.9147 0.0046 0.0048 0.0023 0.0128 0.0034 0.0042 0.0030 0.0066 0.0050 0.0031 0.0040 0.0087 0.0040 0.0035 
      H180.4  1 0.0075 0.0080 0.0039 0.9185 0.0046 0.0032 0.0034 0.0039 0.0050 0.0076 0.0036 0.0042 0.0024 0.0059 0.0031 0.0044 0.0082 0.0028 
      H180.5  1 0.0029 0.0132 0.0037 0.9217 0.0043 0.0040 0.0029 0.0028 0.0043 0.0102 0.0028 0.0032 0.0035 0.0022 0.0035 0.0024 0.0088 0.0035 
      H180.6  1 0.0034 0.0043 0.0085 0.8952 0.0109 0.0132 0.0022 0.0053 0.0057 0.0106 0.0034 0.0060 0.0033 0.0041 0.0077 0.0062 0.0062 0.0038 
      H181.1  1 0.0045 0.0280 0.0028 0.0084 0.0260 0.0044 0.0033 0.0053 0.0123 0.8290 0.0031 0.0110 0.0077 0.0137 0.0061 0.0053 0.0249 0.0040 
      H181.2  1 0.0060 0.0131 0.0150 0.0072 0.0063 0.0102 0.0061 0.0038 0.0111 0.8365 0.0035 0.0047 0.0046 0.0043 0.0048 0.0038 0.0559 0.0032 
      H181.3  1 0.0074 0.0192 0.0064 0.0038 0.0175 0.0076 0.0051 0.0044 0.0094 0.8489 0.0036 0.0042 0.0060 0.0069 0.0048 0.0025 0.0400 0.0022 
      H181.4  1 0.0039 0.0319 0.0090 0.0177 0.0180 0.0063 0.0044 0.0194 0.0047 0.8232 0.0056 0.0122 0.0129 0.0066 0.0072 0.0058 0.0064 0.0048 
      H181.5  1 0.0082 0.0135 0.0046 0.0039 0.0061 0.0034 0.0037 0.0044 0.0061 0.8105 0.0071 0.0040 0.0070 0.0095 0.0083 0.0091 0.0855 0.0054 
      H181.6  1 0.0049 0.0116 0.0307 0.0186 0.0047 0.0032 0.0042 0.0092 0.0063 0.6645 0.0046 0.0069 0.0034 0.0205 0.0108 0.0102 0.1785 0.0074 
      H181.7  1 0.0032 0.0078 0.0052 0.0065 0.0063 0.0044 0.0042 0.0062 0.0042 0.7957 0.0051 0.0075 0.0094 0.0244 0.0058 0.0075 0.0899 0.0068 
 H194.1_2004  1 0.0022 0.0045 0.0053 0.0036 0.0048 0.0037 0.0028 0.0055 0.0043 0.0029 0.0032 0.0060 0.0046 0.0024 0.9340 0.0039 0.0027 0.0036 
 H194.2_2004  1 0.0032 0.0033 0.0037 0.0028 0.0034 0.0040 0.0027 0.0035 0.0039 0.0032 0.0027 0.0067 0.0025 0.0033 0.9448 0.0023 0.0020 0.0021 
 H194.3_2004  1 0.0026 0.0117 0.0085 0.0035 0.0232 0.0100 0.0074 0.0027 0.0063 0.0047 0.0037 0.0049 0.0059 0.0032 0.8517 0.0375 0.0079 0.0045 
 H194.4_2004  1 0.0030 0.0098 0.0055 0.0023 0.0067 0.0098 0.0036 0.0031 0.0060 0.0043 0.0020 0.0035 0.0030 0.0029 0.9246 0.0029 0.0038 0.0031 
 H194.5_2004  1 0.0024 0.0047 0.0143 0.0032 0.0099 0.0044 0.0057 0.0039 0.0053 0.0049 0.0037 0.0099 0.0040 0.0041 0.8924 0.0173 0.0035 0.0064 
 H194.6_2004  1 0.0025 0.0465 0.0124 0.0034 0.0155 0.0056 0.0054 0.0052 0.0117 0.0071 0.0027 0.0076 0.0061 0.0037 0.8067 0.0390 0.0065 0.0125 
 H194.7_2004  1 0.0033 0.0052 0.0027 0.0031 0.0031 0.0041 0.0025 0.0028 0.0023 0.0025 0.0031 0.0055 0.0030 0.0038 0.9429 0.0041 0.0024 0.0034 
 H194.8_2004  1 0.0035 0.0039 0.0070 0.0026 0.0056 0.0062 0.0063 0.0041 0.0034 0.0046 0.0026 0.0042 0.0030 0.0038 0.9274 0.0037 0.0031 0.0051 
      H194.9  1 0.0042 0.0042 0.0066 0.0028 0.0036 0.0054 0.0030 0.0039 0.0040 0.0037 0.0027 0.0045 0.0025 0.0027 0.9388 0.0024 0.0023 0.0027 
 H195.1_2003  1 0.0030 0.0020 0.9499 0.0023 0.0036 0.0040 0.0038 0.0027 0.0031 0.0022 0.0024 0.0030 0.0021 0.0038 0.0040 0.0029 0.0022 0.0029 
 H195.1_2004  1 0.0031 0.0065 0.0065 0.0048 0.0059 0.9310 0.0071 0.0030 0.0040 0.0043 0.0039 0.0023 0.0034 0.0026 0.0036 0.0027 0.0022 0.0030 
 H195.2_2003  1 0.0031 0.0131 0.7625 0.0054 0.0035 0.0328 0.0098 0.0141 0.0120 0.0201 0.0057 0.0121 0.0791 0.0071 0.0066 0.0035 0.0035 0.0058 
 H195.2_2004  1 0.0025 0.0042 0.0253 0.0037 0.0062 0.9096 0.0055 0.0027 0.0033 0.0050 0.0031 0.0031 0.0078 0.0025 0.0048 0.0040 0.0032 0.0034 
 H195.3_2003  1 0.0100 0.0097 0.6658 0.0063 0.0030 0.0252 0.0110 0.0960 0.0045 0.0303 0.0079 0.0388 0.0369 0.0183 0.0129 0.0149 0.0028 0.0056 
 H195.3_2004  1 0.0037 0.0092 0.0616 0.0036 0.0164 0.8498 0.0069 0.0022 0.0048 0.0058 0.0038 0.0039 0.0037 0.0032 0.0091 0.0044 0.0035 0.0045 
 H195.4_2003  1 0.0028 0.0040 0.8960 0.0026 0.0063 0.0506 0.0027 0.0025 0.0027 0.0026 0.0049 0.0027 0.0020 0.0029 0.0031 0.0033 0.0026 0.0058 
 H195.4_2004  1 0.0034 0.0042 0.0077 0.0030 0.0061 0.9284 0.0031 0.0025 0.0028 0.0044 0.0021 0.0038 0.0082 0.0018 0.0073 0.0028 0.0033 0.0050 
 H195.5_2003  1 0.0089 0.0030 0.9185 0.0042 0.0044 0.0062 0.0144 0.0043 0.0029 0.0031 0.0050 0.0028 0.0024 0.0028 0.0050 0.0037 0.0026 0.0057 
 H195.5_2004  1 0.0036 0.0050 0.0059 0.0025 0.0047 0.9347 0.0052 0.0037 0.0040 0.0032 0.0039 0.0027 0.0032 0.0029 0.0034 0.0030 0.0028 0.0055 
 H195.6_2003  1 0.0033 0.0059 0.5308 0.0061 0.0028 0.3361 0.0074 0.0187 0.0097 0.0109 0.0098 0.0136 0.0179 0.0071 0.0068 0.0042 0.0034 0.0054 
 H195.6_2004  1 0.0039 0.0032 0.0243 0.0023 0.0044 0.9087 0.0065 0.0020 0.0033 0.0033 0.0034 0.0049 0.0041 0.0081 0.0055 0.0053 0.0037 0.0032 
 H195.7_2003  1 0.0036 0.0050 0.7975 0.0031 0.0040 0.0698 0.0044 0.0023 0.0031 0.0077 0.0044 0.0068 0.0585 0.0057 0.0081 0.0057 0.0043 0.0060 
 H195.7_2004  1 0.0036 0.0040 0.0040 0.0048 0.0028 0.9416 0.0046 0.0046 0.0024 0.0028 0.0033 0.0028 0.0059 0.0022 0.0029 0.0023 0.0028 0.0025 
      H195.8  1 0.0030 0.0038 0.0027 0.0031 0.0028 0.9489 0.0040 0.0040 0.0030 0.0028 0.0027 0.0030 0.0031 0.0020 0.0039 0.0019 0.0020 0.0032 
      H195.9  1 0.0022 0.0119 0.0104 0.0040 0.0090 0.9088 0.0063 0.0025 0.0041 0.0045 0.0030 0.0061 0.0049 0.0026 0.0073 0.0037 0.0027 0.0060 
      H415.1  1 0.0096 0.0161 0.7195 0.0455 0.0309 0.0074 0.0175 0.0640 0.0115 0.0074 0.0058 0.0075 0.0201 0.0037 0.0181 0.0070 0.0061 0.0022 
      H415.2  1 0.0030 0.2119 0.0417 0.0222 0.0104 0.0063 0.0201 0.0241 0.3822 0.0098 0.0551 0.0226 0.0111 0.0069 0.0281 0.1174 0.0230 0.0040 
      H415.3  1 0.0038 0.0293 0.7260 0.0123 0.0271 0.0051 0.0061 0.0061 0.0139 0.0274 0.0164 0.0041 0.0044 0.0046 0.0046 0.0063 0.0991 0.0033 
      H415.4  1 0.0030 0.0049 0.8749 0.0175 0.0094 0.0055 0.0098 0.0117 0.0079 0.0031 0.0047 0.0046 0.0036 0.0060 0.0095 0.0191 0.0021 0.0028 
      H415.5  1 0.0027 0.0213 0.8531 0.0081 0.0221 0.0058 0.0059 0.0036 0.0221 0.0096 0.0036 0.0030 0.0045 0.0034 0.0056 0.0133 0.0082 0.0039 
      H415.6  1 0.0025 0.0046 0.8758 0.0185 0.0089 0.0075 0.0089 0.0131 0.0103 0.0034 0.0041 0.0037 0.0031 0.0037 0.0087 0.0178 0.0028 0.0026 
      H415.7  1 0.0026 0.1245 0.3850 0.0064 0.0297 0.0105 0.0236 0.0085 0.1730 0.0107 0.0376 0.0444 0.0131 0.0070 0.0264 0.0096 0.0760 0.0113 
      H506.1  1 0.0029 0.0025 0.0027 0.0024 0.0040 0.0030 0.0025 0.0016 0.0026 0.0045 0.0031 0.0024 0.0024 0.0025 0.0026 0.0045 0.9506 0.0030 
      H506.2  1 0.0024 0.0082 0.0035 0.0028 0.0039 0.0075 0.0034 0.0018 0.0026 0.0054 0.0024 0.0030 0.0018 0.0029 0.0030 0.0039 0.9380 0.0035 
      H506.3  1 0.0028 0.0164 0.0041 0.0057 0.0044 0.0071 0.0064 0.0041 0.0038 0.0139 0.0048 0.0037 0.0107 0.0027 0.0030 0.0144 0.8887 0.0033 
      H506.4  1 0.0023 0.0086 0.0055 0.0056 0.0055 0.0030 0.0033 0.0047 0.0063 0.0059 0.0045 0.0048 0.0046 0.0021 0.0037 0.0034 0.9164 0.0098 
      H506.5  1 0.0022 0.0063 0.0063 0.0027 0.0038 0.0033 0.0048 0.0023 0.0044 0.0050 0.0030 0.0050 0.0021 0.0027 0.0025 0.0031 0.9347 0.0058 
      H506.6  1 0.0020 0.1015 0.0095 0.0046 0.0039 0.0227 0.0140 0.0049 0.0040 0.0056 0.0061 0.0139 0.0083 0.0031 0.0050 0.0033 0.7807 0.0068 
      H506.7  1 0.0028 0.0052 0.0043 0.0024 0.0048 0.0057 0.0032 0.0017 0.0027 0.0051 0.0032 0.0026 0.0020 0.0034 0.0027 0.0043 0.9407 0.0033 
      H533.1  1 0.0024 0.0029 0.0031 0.0057 0.0081 0.0026 0.0024 0.0021 0.0022 0.0061 0.0025 0.0027 0.0022 0.0091 0.0022 0.0051 0.9352 0.0033 
      H533.2  1 0.0027 0.0041 0.0027 0.0069 0.0081 0.0035 0.0026 0.0019 0.0029 0.0083 0.0025 0.0023 0.0021 0.0100 0.0030 0.0063 0.9273 0.0029 
      H533.3  1 0.0026 0.0032 0.0022 0.0035 0.0058 0.0047 0.0022 0.0026 0.0021 0.0049 0.0028 0.0056 0.0022 0.0042 0.0033 0.0048 0.9408 0.0025 
      H533.4  1 0.0039 0.0050 0.0141 0.0050 0.0104 0.0189 0.0051 0.0039 0.0045 0.0083 0.0031 0.0184 0.0035 0.0064 0.0143 0.0025 0.8642 0.0087 
      H535.1  1 0.0029 0.0043 0.0035 0.0026 0.0029 0.0024 0.0028 0.0038 0.0055 0.0033 0.0023 0.0037 0.0020 0.0023 0.0038 0.0035 0.0028 0.9456 
      H535.2  1 0.0025 0.0043 0.0027 0.0021 0.0028 0.0038 0.0038 0.0020 0.0026 0.0046 0.0039 0.0027 0.0023 0.0035 0.0030 0.0036 0.0026 0.9470 
      H535.3  1 0.0037 0.0039 0.0025 0.0021 0.0021 0.0031 0.0026 0.0021 0.0028 0.0036 0.0030 0.0026 0.0023 0.0034 0.0025 0.0039 0.0026 0.9511 
      H535.4  1 0.0023 0.0025 0.0031 0.0020 0.0044 0.0028 0.0034 0.0022 0.0021 0.0025 0.0022 0.0031 0.0023 0.0027 0.0023 0.0027 0.0030 0.9541 
      H535.5  1 0.0021 0.0027 0.0036 0.0022 0.0035 0.0023 0.0026 0.0026 0.0025 0.0024 0.0022 0.0032 0.0020 0.0032 0.0033 0.0034 0.0026 0.9537 
      H535.6  1 0.0029 0.0043 0.0042 0.0040 0.0024 0.0034 0.0032 0.0075 0.0074 0.0053 0.0022 0.0056 0.0025 0.0027 0.0054 0.0038 0.0032 0.9302 
      H535.7  1 0.0020 0.0024 0.0023 0.0019 0.0034 0.0021 0.0019 0.0019 0.0019 0.0022 0.0020 0.0026 0.0021 0.0020 0.0022 0.0029 0.0030 0.9613 
      H535.8  1 0.0024 0.0031 0.0037 0.0023 0.0023 0.0023 0.0032 0.0026 0.0025 0.0035 0.0028 0.0040 0.0022 0.0034 0.0035 0.0040 0.0025 0.9497 
      H535.9  1 0.0030 0.0041 0.0034 0.0029 0.0025 0.0022 0.0027 0.0032 0.0030 0.0029 0.0026 0.0036 0.0024 0.0020 0.0032 0.0028 0.0035 0.9501 
      H539.1  1 0.0031 0.0033 0.0024 0.0042 0.0020 0.0027 0.0026 0.9511 0.0049 0.0028 0.0024 0.0046 0.0023 0.0027 0.0029 0.0020 0.0019 0.0021 
      H539.2  1 0.0330 0.0262 0.0060 0.1633 0.0066 0.0056 0.0244 0.5675 0.0048 0.0074 0.0046 0.0749 0.0350 0.0029 0.0145 0.0060 0.0067 0.0106 
      H539.3  1 0.0098 0.0066 0.0103 0.0126 0.0031 0.0074 0.0053 0.8542 0.0050 0.0034 0.0037 0.0228 0.0124 0.0029 0.0208 0.0033 0.0038 0.0124 
      H539.4  1 0.0038 0.0051 0.0038 0.0378 0.0031 0.0028 0.0066 0.8909 0.0045 0.0041 0.0049 0.0054 0.0075 0.0042 0.0030 0.0048 0.0036 0.0041 
      H539.5  1 0.0031 0.0042 0.0017 0.0073 0.0023 0.0027 0.0026 0.9428 0.0044 0.0036 0.0024 0.0051 0.0027 0.0025 0.0037 0.0030 0.0024 0.0035 
      H539.6  1 0.0031 0.0028 0.0032 0.0083 0.0020 0.0041 0.0029 0.9367 0.0052 0.0030 0.0029 0.0072 0.0033 0.0028 0.0040 0.0028 0.0033 0.0024 
      H539.7  1 0.0049 0.0036 0.0036 0.0102 0.0023 0.0021 0.0021 0.9395 0.0043 0.0026 0.0028 0.0038 0.0044 0.0024 0.0038 0.0028 0.0021 0.0027 
      H539.8  1 0.0292 0.0074 0.0102 0.0586 0.0044 0.0034 0.0063 0.7911 0.0053 0.0040 0.0049 0.0118 0.0119 0.0045 0.0116 0.0072 0.0044 0.0239 
      H539.9  1 0.0025 0.0055 0.0030 0.0136 0.0024 0.0029 0.0041 0.9291 0.0020 0.0033 0.0048 0.0052 0.0053 0.0046 0.0023 0.0045 0.0029 0.0020 
      H540.1  1 0.0022 0.0047 0.0035 0.0037 0.0035 0.0091 0.0029 0.8675 0.0042 0.0103 0.0040 0.0610 0.0036 0.0043 0.0039 0.0037 0.0038 0.0041 
      H540.2  1 0.0044 0.0038 0.0028 0.0041 0.0029 0.0032 0.0044 0.9298 0.0035 0.0060 0.0038 0.0082 0.0045 0.0031 0.0055 0.0042 0.0036 0.0023 
      H540.3  1 0.0101 0.0229 0.0076 0.0169 0.0209 0.0137 0.0202 0.7796 0.0083 0.0085 0.0052 0.0113 0.0088 0.0059 0.0407 0.0082 0.0059 0.0052 
      H540.4  1 0.0057 0.0076 0.0036 0.0155 0.0038 0.0037 0.0041 0.8924 0.0062 0.0081 0.0090 0.0107 0.0078 0.0025 0.0043 0.0049 0.0053 0.0050 
      H540.5  1 0.0041 0.0072 0.0033 0.0031 0.0050 0.0029 0.0053 0.9149 0.0058 0.0053 0.0039 0.0068 0.0094 0.0035 0.0067 0.0069 0.0029 0.0029 
      H540.6  1 0.0047 0.0130 0.0032 0.0051 0.0053 0.0060 0.0058 0.8424 0.0071 0.0191 0.0096 0.0420 0.0091 0.0065 0.0068 0.0053 0.0045 0.0045 
      H540.7  1 0.0064 0.0095 0.0075 0.0088 0.0143 0.0048 0.0060 0.8722 0.0051 0.0181 0.0084 0.0077 0.0039 0.0024 0.0099 0.0050 0.0067 0.0031 
      H540.8  1 0.0032 0.0069 0.0055 0.0065 0.0078 0.0033 0.0030 0.8535 0.0118 0.0058 0.0036 0.0224 0.0062 0.0028 0.0459 0.0046 0.0033 0.0039 
     H9558.1  1 0.0039 0.0025 0.0039 0.0024 0.0020 0.0027 0.0035 0.9286 0.0077 0.0038 0.0023 0.0054 0.0052 0.0056 0.0051 0.0031 0.0048 0.0074 
     H9558.2  1 0.0083 0.0066 0.0139 0.0031 0.0051 0.0026 0.0087 0.8466 0.0087 0.0227 0.0055 0.0057 0.0079 0.0170 0.0109 0.0071 0.0111 0.0086 
     H9558.3  1 0.0107 0.0034 0.0056 0.0035 0.0023 0.0020 0.0068 0.8707 0.0024 0.0111 0.0084 0.0047 0.0047 0.0413 0.0080 0.0056 0.0027 0.0061 
     H9558.4  1 0.0047 0.0036 0.0030 0.0028 0.0022 0.0020 0.0028 0.9350 0.0042 0.0035 0.0026 0.0043 0.0056 0.0054 0.0039 0.0021 0.0052 0.0071 
     H9558.5  1 0.0062 0.0039 0.0025 0.0063 0.0034 0.0018 0.0048 0.9305 0.0026 0.0030 0.0054 0.0023 0.0058 0.0038 0.0020 0.0039 0.0031 0.0089 
     H9558.6  1 0.0046 0.0043 0.0054 0.0049 0.0028 0.0025 0.0049 0.9035 0.0067 0.0054 0.0035 0.0046 0.0028 0.0190 0.0081 0.0076 0.0029 0.0067 
    kos339.1  1 0.0025 0.0084 0.0035 0.0056 0.8833 0.0027 0.0032 0.0045 0.0056 0.0134 0.0136 0.0057 0.0028 0.0056 0.0028 0.0047 0.0282 0.0037 
    kos339.2  1 0.0037 0.0049 0.0037 0.0040 0.9138 0.0074 0.0078 0.0033 0.0035 0.0056 0.0107 0.0033 0.0040 0.0047 0.0037 0.0034 0.0087 0.0039 
    kos339.3  1 0.0034 0.0034 0.0044 0.0030 0.9432 0.0030 0.0028 0.0030 0.0028 0.0026 0.0022 0.0054 0.0028 0.0025 0.0035 0.0024 0.0049 0.0047 
    kos339.4  1 0.0029 0.0033 0.0075 0.0035 0.9391 0.0028 0.0031 0.0036 0.0035 0.0032 0.0029 0.0041 0.0032 0.0031 0.0036 0.0020 0.0036 0.0050 
    kos339.5  1 0.0032 0.0091 0.0030 0.0036 0.9097 0.0027 0.0024 0.0032 0.0051 0.0184 0.0059 0.0041 0.0028 0.0039 0.0028 0.0047 0.0126 0.0026 
    kos339.6  1 0.0022 0.0061 0.0029 0.0029 0.9315 0.0058 0.0044 0.0029 0.0036 0.0058 0.0056 0.0025 0.0033 0.0033 0.0046 0.0028 0.0074 0.0025 
    kos339.7  1 0.0028 0.0032 0.0059 0.0037 0.9380 0.0031 0.0027 0.0026 0.0032 0.0030 0.0018 0.0037 0.0028 0.0023 0.0038 0.0027 0.0047 0.0100 
    kos339.8  1 0.0031 0.0046 0.0050 0.0033 0.9225 0.0047 0.0042 0.0026 0.0036 0.0045 0.0050 0.0031 0.0035 0.0031 0.0036 0.0029 0.0179 0.0030 
    kos339.9  1 0.0024 0.0180 0.0072 0.0128 0.8365 0.0062 0.0081 0.0197 0.0194 0.0208 0.0056 0.0082 0.0044 0.0069 0.0057 0.0069 0.0077 0.0036 
      H409.1 12 0.0034 0.0034 0.0036 0.0022 0.0046 0.0029 0.0037 0.0022 0.0030 0.0052 0.0034 0.0020 0.0033 0.0031 0.0041 0.9435 0.0039 0.0023 
     H409.10 12 0.0084 0.0040 0.0068 0.0094 0.0052 0.0031 0.0061 0.0086 0.0039 0.0093 0.0063 0.0052 0.0160 0.0026 0.0027 0.8589 0.0406 0.0028 
      H409.2 12 0.0024 0.0065 0.0077 0.0024 0.0070 0.0037 0.0099 0.0039 0.0060 0.0033 0.0028 0.0028 0.0039 0.0030 0.0043 0.9168 0.0048 0.0087 
      H409.3 12 0.0033 0.0037 0.0025 0.0029 0.0032 0.0041 0.0033 0.0036 0.0033 0.0028 0.0031 0.0032 0.0040 0.0039 0.0048 0.9413 0.0036 0.0036 
      H409.4 12 0.0028 0.0030 0.0032 0.0021 0.0039 0.0022 0.0048 0.0032 0.0026 0.0032 0.0029 0.0028 0.0034 0.0034 0.0041 0.9470 0.0025 0.0029 
      H409.5 12 0.0030 0.0036 0.0031 0.0035 0.0023 0.0030 0.0048 0.0031 0.0045 0.0028 0.0034 0.0069 0.0026 0.0035 0.0033 0.9383 0.0043 0.0041 
      H409.6 12 0.0079 0.0075 0.0031 0.0064 0.0038 0.0051 0.0061 0.0059 0.0045 0.0152 0.0085 0.0117 0.0042 0.0582 0.0079 0.8263 0.0100 0.0074 
      H409.7 12 0.0034 0.0041 0.0049 0.0023 0.0061 0.0045 0.0069 0.0023 0.0029 0.0062 0.0061 0.0024 0.0047 0.0036 0.0071 0.9262 0.0036 0.0026 
      H409.8 12 0.0041 0.0044 0.0039 0.0039 0.0030 0.0028 0.0027 0.0031 0.0034 0.0052 0.0048 0.0046 0.0024 0.0028 0.0034 0.9372 0.0052 0.0032 
      H409.9 12 0.0144 0.0174 0.0045 0.0312 0.0030 0.0055 0.0059 0.2895 0.0039 0.0100 0.0261 0.0158 0.0050 0.0041 0.0036 0.4704 0.0784 0.0112 
      H413.1 12 0.9489 0.0020 0.0025 0.0047 0.0038 0.0017 0.0031 0.0022 0.0021 0.0041 0.0049 0.0018 0.0032 0.0046 0.0033 0.0026 0.0020 0.0027 
      H413.2 12 0.9540 0.0022 0.0027 0.0025 0.0044 0.0021 0.0022 0.0022 0.0027 0.0035 0.0027 0.0020 0.0024 0.0050 0.0027 0.0019 0.0022 0.0026 
      H413.3 12 0.9503 0.0025 0.0026 0.0023 0.0020 0.0019 0.0031 0.0033 0.0025 0.0030 0.0054 0.0032 0.0036 0.0038 0.0028 0.0034 0.0027 0.0016 
      H413.4 12 0.9296 0.0044 0.0036 0.0046 0.0058 0.0032 0.0055 0.0027 0.0036 0.0055 0.0074 0.0025 0.0021 0.0035 0.0044 0.0041 0.0051 0.0023 
      H413.5 12 0.9255 0.0030 0.0024 0.0106 0.0023 0.0034 0.0035 0.0109 0.0106 0.0056 0.0030 0.0035 0.0032 0.0024 0.0033 0.0022 0.0028 0.0018 
      H413.6 12 0.8969 0.0043 0.0071 0.0087 0.0038 0.0033 0.0068 0.0117 0.0020 0.0071 0.0068 0.0021 0.0194 0.0056 0.0051 0.0044 0.0025 0.0023 
      H413.7 12 0.9548 0.0023 0.0032 0.0026 0.0033 0.0018 0.0032 0.0026 0.0019 0.0028 0.0032 0.0023 0.0029 0.0031 0.0036 0.0021 0.0020 0.0025 
      H563.1 12 0.0130 0.0048 0.0021 0.0034 0.0032 0.0021 0.0053 0.0101 0.0022 0.0037 0.9244 0.0033 0.0050 0.0038 0.0032 0.0051 0.0031 0.0021 
      H563.2 12 0.0087 0.0048 0.0032 0.0056 0.0082 0.0031 0.0078 0.0065 0.0060 0.0064 0.8960 0.0042 0.0043 0.0045 0.0136 0.0095 0.0039 0.0037 
      H563.3 12 0.0036 0.0030 0.0025 0.0030 0.0022 0.0024 0.0079 0.0081 0.0031 0.0058 0.9329 0.0072 0.0027 0.0033 0.0031 0.0043 0.0030 0.0018 
      H563.4 12 0.0140 0.0043 0.0023 0.0050 0.0059 0.0032 0.0089 0.0040 0.0038 0.0043 0.9041 0.0054 0.0060 0.0071 0.0059 0.0091 0.0041 0.0028 
      H563.5 12 0.0046 0.0059 0.0024 0.0037 0.0025 0.0029 0.0099 0.0073 0.0020 0.0040 0.9337 0.0034 0.0033 0.0038 0.0024 0.0042 0.0023 0.0017 
      H563.6 12 0.0086 0.0048 0.0028 0.0040 0.0115 0.0034 0.0109 0.0048 0.0038 0.0061 0.9090 0.0032 0.0034 0.0058 0.0057 0.0061 0.0035 0.0028 
      H563.7 12 0.0101 0.0027 0.0042 0.0045 0.0116 0.0026 0.0106 0.0029 0.0033 0.0069 0.9123 0.0028 0.0026 0.0064 0.0048 0.0064 0.0032 0.0022 
      H563.8 12 0.0061 0.0069 0.0024 0.0043 0.0037 0.0026 0.0098 0.0146 0.0026 0.0053 0.9152 0.0051 0.0054 0.0033 0.0038 0.0040 0.0031 0.0020 
      H563.9 12 0.0068 0.0048 0.0056 0.0046 0.0088 0.0037 0.0056 0.0053 0.0051 0.0067 0.8926 0.0050 0.0062 0.0049 0.0094 0.0166 0.0059 0.0021 
     H7374.1 12 0.0035 0.0034 0.0109 0.0036 0.0038 0.0039 0.9117 0.0038 0.0031 0.0036 0.0026 0.0061 0.0027 0.0137 0.0105 0.0065 0.0028 0.0040 
     H7374.2 12 0.0078 0.0052 0.0044 0.0033 0.0022 0.0033 0.9205 0.0064 0.0027 0.0028 0.0061 0.0047 0.0060 0.0053 0.0069 0.0051 0.0040 0.0033 
     H7374.3 12 0.0037 0.0060 0.0369 0.0041 0.0043 0.0091 0.8609 0.0078 0.0056 0.0041 0.0062 0.0072 0.0040 0.0067 0.0171 0.0075 0.0046 0.0044 
     H7374.4 12 0.0047 0.0043 0.0035 0.0039 0.0063 0.0028 0.9280 0.0062 0.0035 0.0035 0.0046 0.0027 0.0067 0.0034 0.0041 0.0039 0.0034 0.0047 
     H7374.5 12 0.0040 0.0048 0.0034 0.0031 0.0047 0.0025 0.9328 0.0088 0.0045 0.0056 0.0039 0.0032 0.0031 0.0048 0.0025 0.0034 0.0026 0.0021 
     H7374.6 12 0.0046 0.0086 0.0160 0.0049 0.0077 0.0073 0.8776 0.0084 0.0083 0.0081 0.0071 0.0058 0.0031 0.0029 0.0116 0.0045 0.0041 0.0094 
     H7374.7 12 0.0045 0.0046 0.0029 0.0020 0.0045 0.0041 0.9398 0.0028 0.0037 0.0037 0.0029 0.0023 0.0038 0.0036 0.0043 0.0046 0.0025 0.0034 
     H7374.8 12 0.0028 0.0032 0.0078 0.0022 0.0060 0.0048 0.9323 0.0021 0.0030 0.0046 0.0062 0.0030 0.0024 0.0048 0.0054 0.0032 0.0035 0.0026 
     H7374.9 12 0.0029 0.0061 0.0039 0.0039 0.0035 0.0040 0.9321 0.0085 0.0050 0.0044 0.0040 0.0031 0.0041 0.0036 0.0031 0.0025 0.0032 0.0021 
     H9563.1 12 0.0037 0.0038 0.0042 0.0042 0.0044 0.0033 0.0030 0.0054 0.0038 0.0030 0.9384 0.0043 0.0026 0.0032 0.0041 0.0030 0.0031 0.0025 
     H9563.2 12 0.0043 0.0036 0.0052 0.0061 0.0029 0.0028 0.0025 0.0064 0.0040 0.0028 0.9363 0.0055 0.0029 0.0032 0.0032 0.0020 0.0031 0.0032 
     H9563.3 12 0.0028 0.0038 0.0052 0.0042 0.0034 0.0052 0.0042 0.0022 0.0031 0.0040 0.9268 0.0039 0.0046 0.0056 0.0043 0.0049 0.0076 0.0042 
     H9563.4 12 0.0046 0.0167 0.0126 0.0123 0.0065 0.0069 0.0047 0.0058 0.0043 0.0075 0.8501 0.0087 0.0050 0.0090 0.0091 0.0156 0.0059 0.0146 
     H9563.5 12 0.0042 0.0060 0.0041 0.0118 0.0052 0.0040 0.0036 0.0031 0.0043 0.0038 0.9068 0.0101 0.0050 0.0037 0.0057 0.0073 0.0068 0.0044 
     H9563.6 12 0.0039 0.0039 0.0056 0.0054 0.0022 0.0041 0.0046 0.0024 0.0023 0.0059 0.9171 0.0040 0.0035 0.0169 0.0035 0.0040 0.0058 0.0047 
     H9563.7 12 0.0033 0.0033 0.0043 0.0040 0.0022 0.0038 0.0045 0.0026 0.0025 0.0036 0.9300 0.0055 0.0035 0.0080 0.0034 0.0036 0.0050 0.0070 
     H9563.8 12 0.0035 0.0122 0.0164 0.0426 0.0104 0.0065 0.0029 0.0049 0.0049 0.0075 0.8338 0.0068 0.0100 0.0070 0.0065 0.0079 0.0106 0.0057 
     H9563.9 12 0.0037 0.0056 0.0089 0.0075 0.0042 0.0030 0.0031 0.0051 0.0043 0.0055 0.9154 0.0052 0.0047 0.0074 0.0034 0.0031 0.0068 0.0031 
     H9572.1 12 0.0122 0.0067 0.0065 0.0177 0.0043 0.0077 0.0153 0.0422 0.0117 0.7495 0.0570 0.0135 0.0049 0.0087 0.0172 0.0069 0.0114 0.0067 
     H9572.2 12 0.0089 0.0369 0.0114 0.0477 0.0072 0.0661 0.0279 0.0064 0.0502 0.3943 0.2569 0.0147 0.0038 0.0095 0.0348 0.0137 0.0062 0.0034 
     H9572.3 12 0.0082 0.0126 0.0143 0.0061 0.0511 0.0045 0.0936 0.0277 0.0095 0.5078 0.0167 0.1651 0.0034 0.0261 0.0083 0.0272 0.0067 0.0111 
     H9572.4 12 0.0069 0.0242 0.0038 0.0040 0.0195 0.0038 0.0077 0.0075 0.0059 0.8690 0.0070 0.0067 0.0024 0.0074 0.0104 0.0037 0.0042 0.0060 
     H9572.5 12 0.0033 0.0071 0.0039 0.0064 0.0224 0.0106 0.0024 0.0105 0.0065 0.8473 0.0092 0.0197 0.0038 0.0095 0.0236 0.0029 0.0073 0.0038 
