      H105.1  1 0.0034 0.0026 0.0021 0.0025 0.0022 0.0023 0.0028 0.0027 0.0045 0.0030 0.0026 0.0027 0.0025 0.9461 0.0038 0.0024 0.0033 0.0040 0.0022 0.0024 
      H105.2  1 0.0034 0.0022 0.0034 0.0034 0.0053 0.0036 0.0056 0.0036 0.0113 0.0062 0.0042 0.0040 0.0040 0.9175 0.0049 0.0046 0.0025 0.0031 0.0028 0.0044 
      H105.3  1 0.0027 0.0028 0.0022 0.0028 0.0020 0.0023 0.0019 0.0025 0.0024 0.0031 0.0034 0.0028 0.0025 0.9495 0.0023 0.0026 0.0035 0.0044 0.0022 0.0021 
      H105.4  1 0.0029 0.0031 0.0044 0.0024 0.0022 0.0027 0.0030 0.0032 0.0044 0.0036 0.0050 0.0028 0.0047 0.9289 0.0067 0.0066 0.0025 0.0033 0.0049 0.0026 
      H105.5  1 0.0038 0.0037 0.0057 0.0036 0.0024 0.0060 0.0085 0.0035 0.0085 0.0032 0.0076 0.0033 0.0044 0.9006 0.0126 0.0070 0.0039 0.0040 0.0028 0.0050 
      H105.6  1 0.0027 0.0040 0.0051 0.0043 0.0026 0.0068 0.0037 0.0051 0.0035 0.0039 0.0047 0.0090 0.0085 0.9006 0.0039 0.0100 0.0037 0.0051 0.0056 0.0072 
      H105.7  1 0.0030 0.0032 0.0049 0.0058 0.0029 0.0064 0.0057 0.0033 0.0088 0.0050 0.0052 0.0103 0.0032 0.8726 0.0086 0.0091 0.0067 0.0210 0.0036 0.0106 
      H105.8  1 0.0024 0.0022 0.0020 0.0024 0.0028 0.0028 0.0024 0.0027 0.0036 0.0065 0.0034 0.0031 0.0023 0.9444 0.0030 0.0037 0.0026 0.0034 0.0022 0.0020 
      H115.1  1 0.0111 0.0038 0.0071 0.0061 0.0052 0.0125 0.0064 0.0044 0.0037 0.0108 0.8214 0.0491 0.0046 0.0045 0.0088 0.0195 0.0039 0.0094 0.0029 0.0048 
      H115.2  1 0.0054 0.0035 0.0061 0.0095 0.0051 0.0509 0.0060 0.0041 0.0060 0.0041 0.8492 0.0069 0.0068 0.0033 0.0082 0.0042 0.0043 0.0052 0.0038 0.0075 
      H115.3  1 0.0071 0.0038 0.0085 0.0073 0.0059 0.0104 0.0029 0.0033 0.0031 0.0030 0.9088 0.0025 0.0039 0.0041 0.0056 0.0031 0.0039 0.0062 0.0037 0.0028 
      H115.4  1 0.0139 0.0058 0.0072 0.0138 0.0092 0.0036 0.0116 0.0024 0.0195 0.0381 0.8222 0.0050 0.0059 0.0041 0.0148 0.0030 0.0057 0.0039 0.0065 0.0040 
      H115.5  1 0.0371 0.0117 0.0052 0.0114 0.0057 0.0187 0.0065 0.0033 0.0046 0.0061 0.8087 0.0141 0.0104 0.0115 0.0101 0.0053 0.0077 0.0055 0.0108 0.0057 
      H115.6  1 0.0145 0.0053 0.0094 0.0303 0.0388 0.0196 0.0044 0.0072 0.0055 0.0037 0.8103 0.0025 0.0101 0.0045 0.0066 0.0041 0.0058 0.0079 0.0024 0.0068 
      H115.7  1 0.0068 0.0070 0.0047 0.0063 0.0102 0.0106 0.0095 0.0055 0.0064 0.0053 0.8275 0.0322 0.0049 0.0053 0.0171 0.0120 0.0030 0.0146 0.0036 0.0074 
      H115.8  1 0.0094 0.0038 0.0036 0.0057 0.0089 0.0113 0.0046 0.0033 0.0058 0.0029 0.9018 0.0043 0.0026 0.0051 0.0050 0.0032 0.0060 0.0077 0.0016 0.0033 
      H115.9  1 0.0057 0.0036 0.0063 0.0055 0.0050 0.0531 0.0040 0.0037 0.0077 0.0098 0.8236 0.0099 0.0030 0.0050 0.0144 0.0142 0.0053 0.0115 0.0033 0.0056 
      H145.1  1 0.0049 0.8568 0.0055 0.0124 0.0228 0.0075 0.0038 0.0082 0.0034 0.0029 0.0059 0.0027 0.0059 0.0023 0.0169 0.0059 0.0038 0.0060 0.0047 0.0177 
      H145.2  1 0.0047 0.9030 0.0060 0.0085 0.0109 0.0043 0.0024 0.0045 0.0035 0.0056 0.0043 0.0021 0.0063 0.0028 0.0054 0.0036 0.0043 0.0045 0.0062 0.0070 
      H145.3  1 0.0019 0.9369 0.0023 0.0024 0.0167 0.0022 0.0021 0.0034 0.0018 0.0022 0.0030 0.0024 0.0020 0.0021 0.0036 0.0027 0.0038 0.0025 0.0027 0.0034 
      H145.4  1 0.0045 0.9036 0.0042 0.0065 0.0053 0.0039 0.0038 0.0058 0.0026 0.0032 0.0033 0.0030 0.0051 0.0024 0.0062 0.0063 0.0030 0.0055 0.0034 0.0183 
      H145.5  1 0.0030 0.9159 0.0028 0.0025 0.0287 0.0030 0.0030 0.0042 0.0024 0.0026 0.0024 0.0023 0.0021 0.0034 0.0040 0.0029 0.0050 0.0027 0.0023 0.0048 
      H145.6  1 0.0051 0.9237 0.0036 0.0066 0.0053 0.0032 0.0020 0.0041 0.0046 0.0034 0.0021 0.0023 0.0053 0.0026 0.0048 0.0027 0.0026 0.0048 0.0038 0.0074 
      H145.7  1 0.0053 0.9396 0.0033 0.0035 0.0031 0.0020 0.0027 0.0038 0.0026 0.0029 0.0033 0.0021 0.0043 0.0021 0.0030 0.0030 0.0032 0.0036 0.0026 0.0039 
      H149.1  1 0.9349 0.0031 0.0048 0.0058 0.0047 0.0032 0.0027 0.0045 0.0039 0.0028 0.0030 0.0025 0.0026 0.0024 0.0025 0.0042 0.0023 0.0028 0.0027 0.0047 
      H149.2  1 0.9166 0.0069 0.0034 0.0045 0.0075 0.0026 0.0026 0.0035 0.0053 0.0030 0.0030 0.0024 0.0045 0.0040 0.0052 0.0059 0.0031 0.0052 0.0032 0.0078 
      H149.3  1 0.6885 0.0323 0.0504 0.0068 0.0102 0.0042 0.0122 0.0052 0.0102 0.0147 0.0212 0.0039 0.0070 0.0081 0.0437 0.0110 0.0043 0.0432 0.0077 0.0153 
      H149.4  1 0.8939 0.0024 0.0097 0.0047 0.0072 0.0038 0.0041 0.0032 0.0067 0.0176 0.0030 0.0028 0.0036 0.0066 0.0029 0.0054 0.0105 0.0058 0.0034 0.0027 
      H149.5  1 0.7594 0.0159 0.0067 0.0057 0.0039 0.0027 0.0079 0.0046 0.0260 0.0174 0.0040 0.0034 0.0057 0.0248 0.0246 0.0061 0.0079 0.0510 0.0097 0.0127 
      H149.6  1 0.9239 0.0059 0.0040 0.0050 0.0039 0.0021 0.0050 0.0028 0.0035 0.0033 0.0025 0.0029 0.0032 0.0045 0.0048 0.0050 0.0030 0.0049 0.0033 0.0064 
      H149.7  1 0.6774 0.0046 0.0236 0.0112 0.0096 0.0041 0.0618 0.0069 0.0124 0.0395 0.0133 0.0046 0.0094 0.0140 0.0155 0.0164 0.0169 0.0321 0.0063 0.0201 
      H150.1  1 0.0027 0.0046 0.0030 0.0048 0.0057 0.1508 0.0044 0.0032 0.0034 0.0022 0.7708 0.0039 0.0066 0.0055 0.0076 0.0046 0.0053 0.0049 0.0020 0.0041 
      H150.2  1 0.0057 0.0026 0.0029 0.0062 0.0120 0.0588 0.0079 0.0040 0.0051 0.0035 0.8549 0.0048 0.0064 0.0033 0.0031 0.0043 0.0045 0.0037 0.0025 0.0037 
      H150.3  1 0.0035 0.0059 0.0031 0.0120 0.0507 0.4436 0.0130 0.0100 0.0039 0.0031 0.3665 0.0337 0.0061 0.0042 0.0089 0.0066 0.0053 0.0089 0.0020 0.0089 
      H150.4  1 0.0028 0.0071 0.0023 0.0053 0.0112 0.6604 0.0066 0.0043 0.0050 0.0028 0.2457 0.0058 0.0040 0.0045 0.0072 0.0057 0.0071 0.0064 0.0017 0.0041 
      H150.5  1 0.0039 0.0030 0.0046 0.0069 0.0039 0.0254 0.0078 0.0054 0.0056 0.0027 0.8765 0.0043 0.0066 0.0046 0.0076 0.0058 0.0038 0.0119 0.0028 0.0068 
      H150.6  1 0.0030 0.0067 0.0057 0.0038 0.0052 0.0080 0.0072 0.0100 0.0199 0.0048 0.8807 0.0031 0.0091 0.0063 0.0057 0.0066 0.0037 0.0037 0.0034 0.0033 
      H150.7  1 0.0042 0.0039 0.0028 0.0066 0.0277 0.4552 0.0032 0.0035 0.0069 0.0027 0.4321 0.0052 0.0081 0.0102 0.0068 0.0034 0.0062 0.0043 0.0022 0.0048 
   H169607.1  1 0.0045 0.0076 0.0043 0.0079 0.0087 0.0053 0.0046 0.0060 0.0032 0.0083 0.0051 0.0039 0.0077 0.0026 0.9037 0.0032 0.0028 0.0042 0.0023 0.0040 
   H169607.2  1 0.0022 0.0031 0.0029 0.0026 0.0044 0.0067 0.0032 0.0033 0.0036 0.0027 0.0029 0.0030 0.0062 0.0043 0.9313 0.0024 0.0052 0.0038 0.0025 0.0036 
   H169607.3  1 0.0033 0.0089 0.0029 0.0073 0.0067 0.0040 0.0055 0.0034 0.0051 0.0064 0.0063 0.0032 0.0052 0.0041 0.9076 0.0042 0.0031 0.0038 0.0034 0.0057 
   H169607.4  1 0.0022 0.0048 0.0030 0.0027 0.0068 0.0057 0.0024 0.0083 0.0025 0.0020 0.0023 0.0024 0.0085 0.0034 0.9268 0.0031 0.0037 0.0039 0.0025 0.0030 
   H169607.5  1 0.0028 0.0028 0.0039 0.0022 0.0032 0.0044 0.0033 0.0027 0.0024 0.0026 0.0038 0.0028 0.0025 0.0019 0.9411 0.0025 0.0030 0.0036 0.0025 0.0061 
   H169607.6  1 0.0021 0.0026 0.0019 0.0028 0.0041 0.0029 0.0028 0.0023 0.0039 0.0028 0.0030 0.0029 0.0058 0.0051 0.9375 0.0024 0.0048 0.0027 0.0035 0.0042 
   H169607.7  1 0.0032 0.0049 0.0062 0.0039 0.0047 0.0043 0.0056 0.0029 0.0039 0.0067 0.0077 0.0026 0.0037 0.0043 0.9195 0.0028 0.0042 0.0029 0.0022 0.0037 
   H169607.8  1 0.0023 0.0033 0.0033 0.0026 0.0035 0.0047 0.0032 0.0054 0.0033 0.0022 0.0027 0.0035 0.0052 0.0039 0.9314 0.0027 0.0066 0.0035 0.0035 0.0034 
   H169633.1  1 0.8566 0.0133 0.0035 0.0146 0.0045 0.0068 0.0238 0.0046 0.0068 0.0036 0.0057 0.0161 0.0092 0.0035 0.0033 0.0039 0.0036 0.0067 0.0044 0.0054 
   H169633.2  1 0.7614 0.0125 0.0050 0.1137 0.0028 0.0024 0.0182 0.0049 0.0078 0.0076 0.0053 0.0064 0.0105 0.0100 0.0021 0.0098 0.0027 0.0041 0.0067 0.0058 
   H169633.3  1 0.8480 0.0056 0.0175 0.0079 0.0037 0.0075 0.0059 0.0053 0.0057 0.0051 0.0059 0.0093 0.0076 0.0027 0.0038 0.0101 0.0063 0.0091 0.0068 0.0262 
   H169633.4  1 0.8678 0.0074 0.0045 0.0069 0.0040 0.0090 0.0030 0.0066 0.0081 0.0037 0.0056 0.0113 0.0042 0.0039 0.0051 0.0072 0.0056 0.0102 0.0088 0.0172 
   H169633.5  1 0.8759 0.0086 0.0057 0.0072 0.0038 0.0091 0.0034 0.0072 0.0063 0.0035 0.0062 0.0107 0.0042 0.0037 0.0054 0.0049 0.0052 0.0086 0.0064 0.0137 
   H169688.1  1 0.0054 0.0076 0.0048 0.0041 0.0203 0.0064 0.8107 0.0073 0.0176 0.0113 0.0033 0.0397 0.0053 0.0032 0.0118 0.0045 0.0077 0.0032 0.0105 0.0151 
   H169688.2  1 0.0032 0.0032 0.0047 0.0024 0.0027 0.0038 0.9066 0.0052 0.0066 0.0060 0.0033 0.0039 0.0073 0.0077 0.0042 0.0112 0.0045 0.0031 0.0034 0.0071 
   H169688.3  1 0.0032 0.0029 0.0030 0.0041 0.0026 0.0032 0.9424 0.0029 0.0030 0.0027 0.0025 0.0025 0.0030 0.0032 0.0034 0.0045 0.0018 0.0040 0.0019 0.0029 
   H169688.4  1 0.0023 0.0029 0.0038 0.0026 0.0023 0.0033 0.9474 0.0026 0.0027 0.0026 0.0047 0.0028 0.0026 0.0019 0.0030 0.0038 0.0017 0.0025 0.0025 0.0021 
   H169688.5  1 0.0025 0.0031 0.0035 0.0030 0.0024 0.0047 0.9477 0.0022 0.0026 0.0021 0.0039 0.0023 0.0024 0.0017 0.0026 0.0043 0.0018 0.0024 0.0021 0.0024 
   H169688.6  1 0.0064 0.0025 0.0029 0.0021 0.0033 0.0031 0.8789 0.0038 0.0065 0.0568 0.0026 0.0045 0.0027 0.0028 0.0028 0.0027 0.0037 0.0023 0.0051 0.0045 
   H169688.7  1 0.0036 0.0106 0.0084 0.0080 0.0097 0.0056 0.8816 0.0051 0.0042 0.0034 0.0101 0.0029 0.0045 0.0040 0.0029 0.0106 0.0134 0.0049 0.0017 0.0049 
   H171901.1  1 0.0087 0.0505 0.0125 0.0141 0.0061 0.0323 0.0162 0.0059 0.0625 0.0089 0.1450 0.0366 0.0482 0.0464 0.1571 0.0060 0.0045 0.0686 0.0030 0.2669 
   H171901.2  1 0.6359 0.0058 0.0328 0.0075 0.0066 0.0221 0.0045 0.0139 0.0071 0.0020 0.0110 0.0032 0.0979 0.0942 0.0175 0.0066 0.0104 0.0050 0.0031 0.0128 
   H171901.3  1 0.5426 0.0040 0.0317 0.0099 0.0078 0.0133 0.0172 0.0116 0.0098 0.0051 0.0257 0.0097 0.2173 0.0121 0.0369 0.0059 0.0046 0.0069 0.0059 0.0220 
   H171901.4  1 0.5804 0.0046 0.0175 0.0090 0.0059 0.0108 0.0051 0.0119 0.0045 0.0041 0.0199 0.0046 0.2178 0.0529 0.0251 0.0056 0.0053 0.0053 0.0057 0.0041 
   H171901.5  1 0.4651 0.0041 0.0449 0.0270 0.0112 0.0151 0.0050 0.0236 0.0120 0.0062 0.0315 0.0025 0.2758 0.0166 0.0338 0.0069 0.0036 0.0057 0.0040 0.0054 
   H171901.6  1 0.2842 0.0068 0.0432 0.0547 0.0175 0.0232 0.0109 0.0159 0.0366 0.0121 0.0452 0.0036 0.3689 0.0125 0.0135 0.0114 0.0037 0.0041 0.0076 0.0244 
   H171901.7  1 0.2505 0.0055 0.1980 0.0250 0.0057 0.0132 0.0210 0.0063 0.0516 0.0055 0.0193 0.0063 0.1985 0.0044 0.0103 0.0074 0.0053 0.0043 0.0084 0.1534 
   H171902.1  1 0.0032 0.0033 0.0028 0.0049 0.9368 0.0040 0.0032 0.0026 0.0042 0.0047 0.0032 0.0019 0.0060 0.0020 0.0029 0.0027 0.0043 0.0020 0.0028 0.0025 
  H171902.10  1 0.0031 0.0030 0.0075 0.0033 0.9350 0.0028 0.0052 0.0039 0.0034 0.0034 0.0057 0.0019 0.0022 0.0030 0.0041 0.0019 0.0026 0.0030 0.0023 0.0025 
   H171902.2  1 0.0089 0.0031 0.0026 0.0061 0.9119 0.0039 0.0052 0.0028 0.0034 0.0074 0.0047 0.0041 0.0108 0.0026 0.0059 0.0030 0.0055 0.0029 0.0024 0.0027 
   H171902.3  1 0.0083 0.0026 0.0031 0.0065 0.9150 0.0040 0.0042 0.0032 0.0050 0.0034 0.0049 0.0030 0.0141 0.0027 0.0046 0.0034 0.0036 0.0026 0.0029 0.0028 
   H171902.4  1 0.0106 0.0047 0.0045 0.0045 0.9289 0.0025 0.0026 0.0035 0.0039 0.0029 0.0035 0.0027 0.0028 0.0022 0.0028 0.0028 0.0035 0.0034 0.0021 0.0055 
   H171902.6  1 0.0038 0.0024 0.0035 0.0035 0.9440 0.0033 0.0020 0.0027 0.0048 0.0026 0.0031 0.0024 0.0026 0.0026 0.0030 0.0024 0.0033 0.0025 0.0023 0.0032 
   H171902.7  1 0.0099 0.0031 0.0096 0.0042 0.8734 0.0031 0.0043 0.0044 0.0046 0.0032 0.0077 0.0017 0.0032 0.0060 0.0367 0.0025 0.0045 0.0039 0.0028 0.0114 
   H171902.8  1 0.0065 0.0025 0.0033 0.0057 0.9284 0.0043 0.0025 0.0033 0.0053 0.0033 0.0044 0.0029 0.0043 0.0029 0.0037 0.0032 0.0030 0.0029 0.0030 0.0048 
   H171902.9  1 0.0026 0.0042 0.0027 0.0049 0.9343 0.0068 0.0027 0.0035 0.0031 0.0026 0.0033 0.0027 0.0031 0.0029 0.0055 0.0027 0.0030 0.0027 0.0031 0.0036 
   H171903.1  1 0.0030 0.0037 0.0136 0.0060 0.0034 0.0166 0.0076 0.0032 0.0049 0.0034 0.0204 0.0030 0.0066 0.0076 0.8721 0.0031 0.0048 0.0059 0.0051 0.0060 
   H171903.2  1 0.0025 0.0070 0.0830 0.0084 0.0032 0.0175 0.0058 0.0096 0.0059 0.0048 0.0193 0.0027 0.0189 0.0489 0.7234 0.0077 0.0034 0.0103 0.0081 0.0097 
   H171903.3  1 0.0065 0.0045 0.0319 0.0746 0.0050 0.0125 0.0119 0.0231 0.0058 0.0047 0.0105 0.0047 0.0219 0.0395 0.5745 0.0246 0.0051 0.0066 0.0245 0.1075 
   H171903.4  1 0.0040 0.0046 0.0122 0.0112 0.0272 0.0097 0.1016 0.0115 0.0049 0.0033 0.0340 0.0036 0.0066 0.0053 0.7151 0.0049 0.0038 0.0067 0.0039 0.0261 
   H171903.5  1 0.0165 0.0048 0.0267 0.0430 0.0042 0.0322 0.1033 0.0053 0.0209 0.0059 0.0173 0.0038 0.0364 0.0284 0.6020 0.0123 0.0043 0.0078 0.0056 0.0194 
   H171903.6  1 0.0139 0.0041 0.0358 0.0046 0.0043 0.0080 0.1978 0.0026 0.0060 0.0052 0.0102 0.0019 0.0101 0.0030 0.6645 0.0051 0.0031 0.0042 0.0058 0.0098 
      H177.1  1 0.0043 0.0035 0.9127 0.0028 0.0041 0.0057 0.0063 0.0086 0.0036 0.0066 0.0038 0.0048 0.0027 0.0028 0.0042 0.0039 0.0040 0.0029 0.0050 0.0075 
      H177.2  1 0.0124 0.0474 0.7780 0.0058 0.0036 0.0087 0.0048 0.0179 0.0192 0.0188 0.0103 0.0029 0.0058 0.0037 0.0167 0.0093 0.0165 0.0097 0.0032 0.0056 
      H177.3  1 0.0050 0.0104 0.9216 0.0049 0.0039 0.0028 0.0026 0.0051 0.0045 0.0047 0.0036 0.0019 0.0034 0.0022 0.0064 0.0034 0.0032 0.0041 0.0032 0.0030 
      H177.4  1 0.0054 0.0064 0.8141 0.0085 0.0037 0.0028 0.0027 0.0049 0.0066 0.0598 0.0032 0.0024 0.0077 0.0080 0.0060 0.0050 0.0060 0.0090 0.0133 0.0244 
      H177.5  1 0.0035 0.0082 0.8468 0.0077 0.0039 0.0066 0.0112 0.0099 0.0041 0.0098 0.0062 0.0027 0.0102 0.0038 0.0037 0.0094 0.0127 0.0116 0.0030 0.0251 
      H177.6  1 0.0126 0.0084 0.9098 0.0076 0.0062 0.0032 0.0028 0.0052 0.0047 0.0052 0.0046 0.0023 0.0030 0.0021 0.0032 0.0040 0.0033 0.0037 0.0034 0.0045 
      H179.1  1 0.0035 0.0022 0.0116 0.0068 0.0043 0.0127 0.0274 0.0046 0.0047 0.8199 0.0076 0.0083 0.0122 0.0056 0.0042 0.0369 0.0049 0.0078 0.0023 0.0123 
      H179.2  1 0.0047 0.0025 0.0106 0.0345 0.0062 0.0087 0.0235 0.0084 0.0132 0.7752 0.0113 0.0031 0.0090 0.0060 0.0066 0.0409 0.0041 0.0043 0.0201 0.0073 
      H179.3  1 0.0042 0.0027 0.0211 0.0094 0.0042 0.0211 0.1178 0.0052 0.0102 0.6948 0.0140 0.0073 0.0167 0.0037 0.0121 0.0165 0.0039 0.0061 0.0050 0.0240 
      H179.4  1 0.0139 0.0056 0.0179 0.0193 0.0049 0.0065 0.0144 0.0461 0.0087 0.6567 0.0046 0.0056 0.0411 0.0051 0.0166 0.0163 0.0074 0.0053 0.0582 0.0459 
      H180.1  1 0.0026 0.0023 0.0111 0.0070 0.0079 0.0047 0.0049 0.0042 0.0314 0.0183 0.8694 0.0058 0.0044 0.0038 0.0061 0.0042 0.0036 0.0031 0.0028 0.0024 
      H180.2  1 0.0024 0.0034 0.0106 0.0041 0.0027 0.0035 0.0040 0.0025 0.0068 0.0046 0.9196 0.0092 0.0042 0.0031 0.0022 0.0040 0.0042 0.0024 0.0038 0.0027 
      H180.3  1 0.0040 0.0054 0.0051 0.0090 0.0028 0.0100 0.0062 0.0022 0.0032 0.0039 0.9081 0.0030 0.0039 0.0030 0.0060 0.0085 0.0055 0.0022 0.0044 0.0036 
      H180.4  1 0.0048 0.0031 0.0075 0.0042 0.0049 0.0035 0.0028 0.0032 0.0141 0.0093 0.8992 0.0064 0.0088 0.0045 0.0037 0.0051 0.0044 0.0033 0.0036 0.0036 
      H180.5  1 0.0043 0.0036 0.0187 0.0041 0.0045 0.0030 0.0035 0.0026 0.0115 0.0086 0.9049 0.0030 0.0044 0.0023 0.0026 0.0030 0.0059 0.0030 0.0031 0.0034 
      H180.6  1 0.0110 0.0124 0.0043 0.0070 0.0048 0.0048 0.0034 0.0021 0.0047 0.0067 0.8747 0.0033 0.0057 0.0042 0.0055 0.0054 0.0251 0.0032 0.0046 0.0072 
      H181.1  1 0.0106 0.0037 0.0068 0.0026 0.0055 0.0024 0.0042 0.0028 0.9099 0.0046 0.0045 0.0028 0.0035 0.0061 0.0083 0.0030 0.0058 0.0028 0.0040 0.0062 
      H181.2  1 0.0053 0.0059 0.0104 0.0045 0.0048 0.0033 0.0025 0.0051 0.9088 0.0070 0.0039 0.0031 0.0078 0.0034 0.0033 0.0035 0.0058 0.0045 0.0032 0.0041 
      H181.3  1 0.0101 0.0039 0.0059 0.0032 0.0059 0.0046 0.0034 0.0040 0.9145 0.0036 0.0035 0.0045 0.0070 0.0044 0.0038 0.0021 0.0059 0.0040 0.0023 0.0033 
      H181.4  1 0.0138 0.0052 0.0052 0.0040 0.0069 0.0146 0.0067 0.0048 0.8413 0.0038 0.0185 0.0040 0.0110 0.0077 0.0072 0.0052 0.0267 0.0051 0.0037 0.0044 
      H181.5  1 0.0036 0.0021 0.0032 0.0049 0.0042 0.0032 0.0034 0.0028 0.9189 0.0104 0.0027 0.0044 0.0034 0.0059 0.0034 0.0059 0.0044 0.0047 0.0040 0.0045 
      H181.6  1 0.0046 0.0030 0.0072 0.0071 0.0045 0.0045 0.0034 0.0038 0.8930 0.0165 0.0059 0.0031 0.0087 0.0053 0.0053 0.0061 0.0034 0.0035 0.0059 0.0053 
      H181.7  1 0.0041 0.0036 0.0039 0.0031 0.0035 0.0031 0.0046 0.0031 0.9173 0.0130 0.0027 0.0024 0.0035 0.0064 0.0035 0.0065 0.0029 0.0040 0.0049 0.0039 
 H194.1_2004  1 0.0045 0.0047 0.0037 0.0084 0.0049 0.0047 0.0037 0.0026 0.0023 0.0025 0.0026 0.0023 0.0041 0.0021 0.0055 0.0042 0.0035 0.0034 0.0030 0.9271 
 H194.2_2004  1 0.0032 0.0049 0.0022 0.0027 0.0029 0.0033 0.0024 0.0027 0.0030 0.0021 0.0025 0.0029 0.0034 0.0028 0.0104 0.0028 0.0036 0.0026 0.0023 0.9372 
 H194.3_2004  1 0.0232 0.0078 0.0142 0.0096 0.0068 0.0030 0.0055 0.0065 0.0061 0.0100 0.0033 0.0026 0.0083 0.0035 0.0040 0.0469 0.0050 0.0036 0.0038 0.8263 
 H194.4_2004  1 0.0062 0.0100 0.0079 0.0058 0.0048 0.0028 0.0023 0.0036 0.0053 0.0040 0.0025 0.0029 0.0048 0.0033 0.0026 0.0026 0.0027 0.0022 0.0032 0.9203 
 H194.5_2004  1 0.0108 0.0045 0.0045 0.0083 0.0057 0.0036 0.0038 0.0055 0.0051 0.0047 0.0022 0.0024 0.0105 0.0030 0.0092 0.0189 0.0050 0.0041 0.0057 0.8824 
 H194.6_2004  1 0.0138 0.0058 0.0496 0.0086 0.0133 0.0054 0.0048 0.0046 0.0060 0.0056 0.0055 0.0027 0.0107 0.0029 0.0069 0.0415 0.0080 0.0040 0.0136 0.7868 
 H194.7_2004  1 0.0034 0.0039 0.0058 0.0033 0.0022 0.0024 0.0038 0.0029 0.0025 0.0020 0.0029 0.0034 0.0027 0.0036 0.0045 0.0048 0.0033 0.0028 0.0027 0.9372 
 H194.8_2004  1 0.0057 0.0043 0.0054 0.0052 0.0049 0.0046 0.0026 0.0052 0.0038 0.0028 0.0019 0.0024 0.0071 0.0027 0.0045 0.0040 0.0041 0.0026 0.0046 0.9216 
      H194.9  1 0.0031 0.0052 0.0034 0.0039 0.0035 0.0039 0.0029 0.0030 0.0028 0.0019 0.0024 0.0041 0.0062 0.0021 0.0038 0.0025 0.0053 0.0023 0.0031 0.9348 
 H195.1_2003  1 0.0049 0.0590 0.0027 0.1243 0.0032 0.0026 0.0024 0.0047 0.0022 0.0023 0.0030 0.0021 0.7582 0.0026 0.0036 0.0037 0.0029 0.0027 0.0027 0.0101 
 H195.1_2004  1 0.0071 0.9225 0.0078 0.0038 0.0036 0.0027 0.0031 0.0086 0.0052 0.0024 0.0041 0.0029 0.0068 0.0021 0.0027 0.0024 0.0029 0.0035 0.0027 0.0031 
 H195.2_2003  1 0.0031 0.0674 0.0038 0.0968 0.0080 0.0110 0.0283 0.0074 0.0061 0.0029 0.0031 0.0030 0.7038 0.0057 0.0092 0.0025 0.0204 0.0047 0.0053 0.0078 
 H195.2_2004  1 0.0086 0.8333 0.0040 0.0059 0.0033 0.0028 0.0085 0.0060 0.0029 0.0033 0.0040 0.0028 0.0852 0.0021 0.0026 0.0031 0.0104 0.0026 0.0038 0.0048 
 H195.3_2003  1 0.0025 0.0272 0.0057 0.0757 0.0028 0.0577 0.0250 0.0087 0.0069 0.0022 0.0068 0.0079 0.6854 0.0153 0.0280 0.0092 0.0151 0.0053 0.0038 0.0087 
 H195.3_2004  1 0.0196 0.7725 0.0082 0.0117 0.0062 0.0019 0.0034 0.0070 0.0071 0.0035 0.0030 0.0035 0.1226 0.0032 0.0036 0.0037 0.0048 0.0033 0.0034 0.0081 
 H195.4_2003  1 0.0123 0.1042 0.0058 0.1228 0.0030 0.0030 0.0026 0.0038 0.0033 0.0037 0.0031 0.0020 0.7007 0.0028 0.0040 0.0032 0.0039 0.0043 0.0039 0.0074 
 H195.4_2004  1 0.0044 0.9002 0.0054 0.0039 0.0030 0.0025 0.0115 0.0030 0.0043 0.0036 0.0029 0.0033 0.0242 0.0018 0.0032 0.0029 0.0043 0.0026 0.0055 0.0074 
 H195.5_2003  1 0.0075 0.0614 0.0034 0.1297 0.0040 0.0042 0.0026 0.0143 0.0034 0.0028 0.0066 0.0060 0.7229 0.0032 0.0030 0.0028 0.0033 0.0067 0.0054 0.0068 
 H195.5_2004  1 0.0045 0.9164 0.0050 0.0035 0.0034 0.0028 0.0034 0.0048 0.0035 0.0041 0.0032 0.0068 0.0147 0.0043 0.0024 0.0029 0.0027 0.0034 0.0048 0.0032 
 H195.6_2003  1 0.0028 0.1853 0.0043 0.0301 0.0074 0.0127 0.0133 0.0059 0.0054 0.0032 0.0039 0.0023 0.6854 0.0034 0.0090 0.0030 0.0064 0.0081 0.0044 0.0036 
 H195.6_2004  1 0.0037 0.8492 0.0046 0.0047 0.0044 0.0017 0.0036 0.0047 0.0032 0.0054 0.0024 0.0043 0.0736 0.0074 0.0046 0.0042 0.0041 0.0032 0.0038 0.0072 
 H195.7_2003  1 0.0043 0.0811 0.0039 0.0883 0.0027 0.0032 0.0433 0.0044 0.0061 0.0026 0.0025 0.0027 0.7117 0.0051 0.0069 0.0041 0.0041 0.0062 0.0044 0.0122 
 H195.7_2004  1 0.0023 0.9345 0.0030 0.0021 0.0027 0.0059 0.0068 0.0040 0.0028 0.0019 0.0049 0.0033 0.0060 0.0020 0.0031 0.0024 0.0036 0.0030 0.0028 0.0028 
      H195.8  1 0.0023 0.9444 0.0036 0.0026 0.0027 0.0028 0.0038 0.0027 0.0028 0.0020 0.0030 0.0035 0.0036 0.0022 0.0025 0.0024 0.0026 0.0036 0.0039 0.0031 
      H195.9  1 0.0082 0.8574 0.0170 0.0063 0.0041 0.0026 0.0039 0.0066 0.0038 0.0035 0.0038 0.0022 0.0449 0.0027 0.0064 0.0046 0.0051 0.0036 0.0066 0.0067 
      H415.1  1 0.0087 0.0045 0.0078 0.8737 0.0056 0.0209 0.0094 0.0077 0.0039 0.0041 0.0106 0.0045 0.0048 0.0036 0.0042 0.0052 0.0030 0.0049 0.0018 0.0112 
      H415.2  1 0.0050 0.0055 0.0474 0.6813 0.0862 0.0197 0.0133 0.0133 0.0041 0.0107 0.0065 0.0035 0.0047 0.0046 0.0210 0.0195 0.0068 0.0279 0.0033 0.0159 
      H415.3  1 0.0104 0.0025 0.0054 0.8961 0.0039 0.0039 0.0054 0.0039 0.0081 0.0218 0.0064 0.0036 0.0046 0.0028 0.0026 0.0031 0.0054 0.0044 0.0023 0.0035 
      H415.4  1 0.0050 0.0041 0.0030 0.9304 0.0040 0.0053 0.0027 0.0058 0.0032 0.0027 0.0043 0.0018 0.0050 0.0036 0.0031 0.0043 0.0027 0.0034 0.0027 0.0030 
      H415.5  1 0.0067 0.0031 0.0036 0.9346 0.0050 0.0028 0.0028 0.0037 0.0049 0.0033 0.0033 0.0019 0.0044 0.0025 0.0022 0.0045 0.0026 0.0024 0.0026 0.0031 
      H415.6  1 0.0048 0.0040 0.0024 0.9276 0.0051 0.0050 0.0028 0.0046 0.0028 0.0028 0.0059 0.0022 0.0051 0.0041 0.0032 0.0045 0.0028 0.0034 0.0024 0.0047 
      H415.7  1 0.0079 0.0066 0.0281 0.7655 0.0481 0.0063 0.0083 0.0133 0.0040 0.0193 0.0038 0.0030 0.0121 0.0040 0.0195 0.0042 0.0087 0.0127 0.0068 0.0178 
      H506.1  1 0.0036 0.0031 0.0023 0.0023 0.0023 0.0018 0.0023 0.0020 0.0042 0.9463 0.0024 0.0026 0.0032 0.0027 0.0024 0.0048 0.0032 0.0034 0.0032 0.0020 
      H506.2  1 0.0034 0.0080 0.0074 0.0033 0.0026 0.0017 0.0021 0.0030 0.0044 0.9347 0.0020 0.0022 0.0028 0.0034 0.0027 0.0032 0.0043 0.0029 0.0031 0.0028 
      H506.3  1 0.0032 0.0067 0.0159 0.0043 0.0028 0.0049 0.0097 0.0061 0.0183 0.8729 0.0056 0.0028 0.0038 0.0040 0.0046 0.0169 0.0050 0.0055 0.0037 0.0032 
      H506.4  1 0.0047 0.0030 0.0078 0.0054 0.0061 0.0043 0.0035 0.0033 0.0062 0.9119 0.0041 0.0030 0.0043 0.0022 0.0045 0.0042 0.0027 0.0050 0.0100 0.0037 
      H506.5  1 0.0049 0.0047 0.0053 0.0053 0.0038 0.0021 0.0021 0.0038 0.0045 0.9273 0.0024 0.0021 0.0061 0.0032 0.0041 0.0030 0.0025 0.0034 0.0071 0.0026 
      H506.6  1 0.0036 0.0196 0.1310 0.0061 0.0034 0.0067 0.0081 0.0137 0.0096 0.7398 0.0038 0.0025 0.0115 0.0029 0.0143 0.0039 0.0032 0.0057 0.0061 0.0045 
      H506.7  1 0.0042 0.0036 0.0046 0.0029 0.0027 0.0018 0.0027 0.0029 0.0062 0.9373 0.0022 0.0023 0.0049 0.0034 0.0034 0.0029 0.0027 0.0030 0.0033 0.0028 
      H533.1  1 0.0078 0.0026 0.0031 0.0024 0.0022 0.0017 0.0023 0.0026 0.0077 0.9233 0.0070 0.0035 0.0027 0.0124 0.0024 0.0055 0.0030 0.0023 0.0033 0.0022 
      H533.2  1 0.0091 0.0036 0.0032 0.0039 0.0029 0.0016 0.0020 0.0028 0.0167 0.9106 0.0056 0.0031 0.0033 0.0105 0.0028 0.0056 0.0032 0.0027 0.0040 0.0027 
      H533.3  1 0.0079 0.0033 0.0030 0.0025 0.0021 0.0025 0.0021 0.0019 0.0053 0.9359 0.0030 0.0020 0.0022 0.0035 0.0060 0.0037 0.0043 0.0032 0.0028 0.0027 
      H533.4  1 0.0105 0.0158 0.0051 0.0067 0.0038 0.0046 0.0028 0.0041 0.0116 0.8634 0.0041 0.0041 0.0098 0.0055 0.0208 0.0026 0.0044 0.0024 0.0083 0.0096 
      H535.1  1 0.0030 0.0027 0.0041 0.0037 0.0043 0.0036 0.0020 0.0028 0.0031 0.0034 0.0025 0.0025 0.0038 0.0022 0.0032 0.0038 0.0024 0.0018 0.9428 0.0027 
      H535.2  1 0.0027 0.0036 0.0046 0.0026 0.0026 0.0025 0.0021 0.0031 0.0036 0.0029 0.0022 0.0023 0.0029 0.0028 0.0029 0.0037 0.0028 0.0031 0.9450 0.0020 
      H535.3  1 0.0018 0.0032 0.0025 0.0022 0.0021 0.0020 0.0019 0.0025 0.0038 0.0033 0.0024 0.0034 0.0026 0.0025 0.0027 0.0026 0.0030 0.0028 0.9501 0.0025 
      H535.4  1 0.0035 0.0028 0.0023 0.0031 0.0023 0.0025 0.0021 0.0029 0.0018 0.0025 0.0024 0.0019 0.0036 0.0028 0.0025 0.0028 0.0025 0.0026 0.9508 0.0025 
      H535.5  1 0.0036 0.0025 0.0035 0.0028 0.0025 0.0022 0.0024 0.0024 0.0023 0.0034 0.0020 0.0020 0.0032 0.0024 0.0038 0.0026 0.0024 0.0018 0.9493 0.0030 
      H535.6  1 0.0021 0.0030 0.0043 0.0040 0.0060 0.0056 0.0021 0.0028 0.0064 0.0032 0.0040 0.0030 0.0054 0.0029 0.0066 0.0037 0.0035 0.0022 0.9249 0.0043 
      H535.7  1 0.0031 0.0021 0.0024 0.0022 0.0018 0.0020 0.0023 0.0020 0.0017 0.0039 0.0019 0.0020 0.0028 0.0019 0.0024 0.0031 0.0022 0.0019 0.9561 0.0023 
      H535.8  1 0.0028 0.0022 0.0025 0.0027 0.0023 0.0028 0.0018 0.0036 0.0031 0.0023 0.0020 0.0019 0.0051 0.0027 0.0039 0.0034 0.0028 0.0024 0.9464 0.0034 
      H535.9  1 0.0029 0.0022 0.0040 0.0023 0.0030 0.0030 0.0019 0.0027 0.0034 0.0022 0.0027 0.0027 0.0034 0.0017 0.0034 0.0025 0.0027 0.0023 0.9480 0.0030 
      H539.1  1 0.0026 0.0030 0.0032 0.0029 0.0063 0.9413 0.0023 0.0024 0.0025 0.0017 0.0067 0.0033 0.0028 0.0029 0.0038 0.0019 0.0029 0.0025 0.0020 0.0031 
      H539.2  1 0.0050 0.0045 0.0535 0.0049 0.0056 0.5477 0.0331 0.0169 0.0057 0.0053 0.1732 0.0192 0.0098 0.0027 0.0744 0.0049 0.0064 0.0061 0.0083 0.0128 
      H539.3  1 0.0025 0.0063 0.0070 0.0037 0.0064 0.8323 0.0071 0.0069 0.0032 0.0031 0.0238 0.0102 0.0122 0.0038 0.0283 0.0051 0.0043 0.0032 0.0110 0.0196 
      H539.4  1 0.0032 0.0040 0.0062 0.0058 0.0054 0.8548 0.0080 0.0041 0.0039 0.0043 0.0668 0.0035 0.0035 0.0032 0.0053 0.0050 0.0030 0.0043 0.0028 0.0032 
      H539.5  1 0.0023 0.0026 0.0047 0.0019 0.0039 0.9369 0.0030 0.0023 0.0024 0.0025 0.0081 0.0036 0.0021 0.0022 0.0051 0.0028 0.0041 0.0024 0.0032 0.0040 
      H539.6  1 0.0018 0.0040 0.0039 0.0032 0.0070 0.9078 0.0029 0.0030 0.0023 0.0031 0.0234 0.0028 0.0036 0.0031 0.0113 0.0023 0.0050 0.0029 0.0028 0.0037 
      H539.7  1 0.0027 0.0026 0.0036 0.0034 0.0033 0.9319 0.0064 0.0025 0.0031 0.0022 0.0087 0.0041 0.0037 0.0022 0.0046 0.0025 0.0023 0.0027 0.0033 0.0041 
      H539.8  1 0.0045 0.0040 0.0070 0.0044 0.0044 0.7256 0.0120 0.0077 0.0039 0.0059 0.1118 0.0188 0.0157 0.0036 0.0134 0.0074 0.0043 0.0050 0.0225 0.0181 
      H539.9  1 0.0023 0.0028 0.0054 0.0033 0.0027 0.9254 0.0044 0.0037 0.0035 0.0031 0.0137 0.0024 0.0030 0.0040 0.0048 0.0044 0.0028 0.0038 0.0020 0.0026 
      H540.1  1 0.0033 0.0077 0.0070 0.0040 0.0052 0.8465 0.0036 0.0032 0.0094 0.0038 0.0039 0.0017 0.0034 0.0029 0.0691 0.0034 0.0078 0.0048 0.0045 0.0044 
      H540.2  1 0.0027 0.0030 0.0039 0.0052 0.0038 0.9245 0.0043 0.0036 0.0056 0.0030 0.0039 0.0032 0.0025 0.0023 0.0089 0.0040 0.0053 0.0035 0.0021 0.0048 
      H540.3  1 0.0209 0.0143 0.0135 0.0222 0.0055 0.7835 0.0095 0.0220 0.0064 0.0056 0.0140 0.0122 0.0042 0.0050 0.0100 0.0080 0.0059 0.0049 0.0046 0.0279 
      H540.4  1 0.0034 0.0058 0.0070 0.0090 0.0061 0.8670 0.0090 0.0032 0.0187 0.0057 0.0165 0.0063 0.0040 0.0031 0.0109 0.0042 0.0035 0.0086 0.0042 0.0039 
      H540.5  1 0.0047 0.0031 0.0064 0.0042 0.0044 0.9102 0.0096 0.0062 0.0063 0.0027 0.0031 0.0039 0.0021 0.0041 0.0050 0.0051 0.0052 0.0041 0.0023 0.0070 
      H540.6  1 0.0040 0.0075 0.0114 0.0057 0.0065 0.8370 0.0070 0.0067 0.0274 0.0045 0.0065 0.0054 0.0033 0.0059 0.0264 0.0058 0.0069 0.0111 0.0045 0.0065 
      H540.7  1 0.0132 0.0044 0.0085 0.0117 0.0051 0.8516 0.0043 0.0059 0.0133 0.0068 0.0073 0.0076 0.0053 0.0024 0.0097 0.0045 0.0177 0.0090 0.0031 0.0085 
      H540.8  1 0.0068 0.0039 0.0093 0.0182 0.0143 0.8222 0.0069 0.0028 0.0083 0.0029 0.0069 0.0035 0.0048 0.0026 0.0307 0.0044 0.0054 0.0036 0.0049 0.0376 
     H9558.1  1 0.0020 0.0029 0.0023 0.0040 0.0091 0.9256 0.0046 0.0021 0.0038 0.0049 0.0034 0.0033 0.0036 0.0064 0.0038 0.0030 0.0022 0.0021 0.0073 0.0034 
     H9558.2  1 0.0041 0.0023 0.0027 0.0077 0.0084 0.8471 0.0063 0.0064 0.0226 0.0091 0.0036 0.0082 0.0109 0.0131 0.0056 0.0051 0.0109 0.0066 0.0083 0.0111 
     H9558.3  1 0.0023 0.0024 0.0022 0.0044 0.0025 0.8683 0.0033 0.0065 0.0067 0.0025 0.0037 0.0107 0.0035 0.0380 0.0037 0.0063 0.0123 0.0082 0.0053 0.0070 
     H9558.4  1 0.0019 0.0018 0.0042 0.0038 0.0038 0.9333 0.0067 0.0035 0.0032 0.0038 0.0028 0.0040 0.0028 0.0039 0.0044 0.0024 0.0022 0.0025 0.0051 0.0039 
     H9558.5  1 0.0025 0.0017 0.0033 0.0030 0.0026 0.9323 0.0052 0.0033 0.0029 0.0028 0.0067 0.0052 0.0026 0.0031 0.0028 0.0031 0.0036 0.0042 0.0066 0.0025 
     H9558.6  1 0.0032 0.0031 0.0034 0.0071 0.0043 0.8858 0.0030 0.0054 0.0042 0.0033 0.0051 0.0053 0.0054 0.0277 0.0047 0.0078 0.0047 0.0036 0.0047 0.0082 
    kos339.1  1 0.8372 0.0027 0.0071 0.0100 0.0073 0.0047 0.0031 0.0032 0.0061 0.0296 0.0053 0.0034 0.0057 0.0053 0.0091 0.0045 0.0325 0.0154 0.0048 0.0029 
    kos339.2  1 0.9070 0.0073 0.0052 0.0069 0.0039 0.0034 0.0040 0.0053 0.0027 0.0087 0.0039 0.0032 0.0035 0.0045 0.0028 0.0041 0.0088 0.0082 0.0036 0.0029 
    kos339.3  1 0.9326 0.0029 0.0036 0.0043 0.0032 0.0028 0.0026 0.0022 0.0036 0.0046 0.0046 0.0029 0.0072 0.0018 0.0039 0.0031 0.0036 0.0020 0.0051 0.0036 
    kos339.4  1 0.9278 0.0033 0.0036 0.0065 0.0036 0.0033 0.0032 0.0033 0.0047 0.0040 0.0040 0.0034 0.0073 0.0026 0.0043 0.0025 0.0030 0.0020 0.0037 0.0041 
    kos339.5  1 0.8626 0.0024 0.0066 0.0048 0.0059 0.0040 0.0035 0.0033 0.0074 0.0103 0.0033 0.0033 0.0038 0.0037 0.0030 0.0048 0.0535 0.0074 0.0027 0.0036 
    kos339.6  1 0.9152 0.0041 0.0053 0.0041 0.0025 0.0028 0.0026 0.0045 0.0039 0.0058 0.0024 0.0025 0.0030 0.0029 0.0035 0.0025 0.0187 0.0066 0.0022 0.0049 
    kos339.7  1 0.9311 0.0039 0.0030 0.0060 0.0026 0.0025 0.0022 0.0025 0.0037 0.0049 0.0034 0.0022 0.0048 0.0024 0.0038 0.0025 0.0030 0.0021 0.0093 0.0040 
    kos339.8  1 0.9032 0.0042 0.0050 0.0105 0.0033 0.0026 0.0033 0.0039 0.0032 0.0202 0.0040 0.0026 0.0044 0.0029 0.0028 0.0042 0.0076 0.0060 0.0033 0.0028 
    kos339.9  1 0.7890 0.0092 0.0211 0.0093 0.0330 0.0156 0.0043 0.0083 0.0100 0.0074 0.0141 0.0024 0.0091 0.0073 0.0093 0.0078 0.0284 0.0054 0.0045 0.0044 
      H409.1 12 0.0049 0.0028 0.0028 0.0034 0.0024 0.0019 0.0038 0.0044 0.0051 0.0038 0.0019 0.0031 0.0035 0.0023 0.0020 0.9391 0.0044 0.0033 0.0020 0.0032 
     H409.10 12 0.0035 0.0032 0.0036 0.0104 0.0034 0.0064 0.0167 0.0045 0.0132 0.0216 0.0091 0.0061 0.0050 0.0028 0.0050 0.8701 0.0038 0.0064 0.0029 0.0024 
      H409.2 12 0.0066 0.0032 0.0049 0.0120 0.0042 0.0039 0.0033 0.0091 0.0045 0.0048 0.0024 0.0024 0.0039 0.0025 0.0032 0.9112 0.0026 0.0028 0.0079 0.0044 
      H409.3 12 0.0036 0.0037 0.0039 0.0026 0.0034 0.0034 0.0030 0.0048 0.0024 0.0058 0.0027 0.0034 0.0029 0.0038 0.0029 0.9312 0.0041 0.0033 0.0040 0.0047 
      H409.4 12 0.0030 0.0024 0.0033 0.0030 0.0025 0.0029 0.0031 0.0036 0.0023 0.0027 0.0021 0.0027 0.0023 0.0047 0.0019 0.9432 0.0031 0.0022 0.0036 0.0055 
      H409.5 12 0.0028 0.0034 0.0029 0.0044 0.0035 0.0040 0.0019 0.0045 0.0033 0.0038 0.0034 0.0025 0.0031 0.0034 0.0046 0.9337 0.0042 0.0031 0.0044 0.0033 
      H409.6 12 0.0029 0.0056 0.0061 0.0042 0.0036 0.0063 0.0044 0.0061 0.0089 0.0063 0.0076 0.0084 0.0027 0.0342 0.0088 0.8471 0.0105 0.0090 0.0106 0.0067 
      H409.7 12 0.0058 0.0037 0.0030 0.0048 0.0031 0.0026 0.0045 0.0110 0.0052 0.0035 0.0020 0.0029 0.0053 0.0044 0.0024 0.9155 0.0069 0.0052 0.0025 0.0059 
      H409.8 12 0.0035 0.0027 0.0037 0.0040 0.0037 0.0026 0.0026 0.0024 0.0030 0.0045 0.0028 0.0039 0.0036 0.0034 0.0038 0.9330 0.0061 0.0046 0.0025 0.0037 
      H409.9 12 0.0031 0.0063 0.0261 0.0126 0.0035 0.2592 0.0059 0.0067 0.0126 0.0774 0.0357 0.0131 0.0035 0.0050 0.0181 0.4619 0.0065 0.0290 0.0102 0.0035 
      H413.1 12 0.0038 0.0021 0.0023 0.0020 0.0025 0.0024 0.0033 0.0029 0.0043 0.0019 0.0036 0.9409 0.0027 0.0052 0.0025 0.0026 0.0033 0.0061 0.0028 0.0028 
      H413.2 12 0.0042 0.0024 0.0018 0.0021 0.0025 0.0021 0.0021 0.0021 0.0038 0.0020 0.0028 0.9501 0.0036 0.0042 0.0024 0.0020 0.0025 0.0020 0.0026 0.0027 
      H413.3 12 0.0019 0.0020 0.0021 0.0020 0.0029 0.0039 0.0033 0.0032 0.0035 0.0025 0.0024 0.9461 0.0023 0.0036 0.0029 0.0030 0.0026 0.0041 0.0020 0.0038 
      H413.4 12 0.0047 0.0037 0.0039 0.0023 0.0029 0.0028 0.0020 0.0056 0.0062 0.0037 0.0033 0.9212 0.0035 0.0027 0.0026 0.0050 0.0083 0.0093 0.0021 0.0041 
      H413.5 12 0.0022 0.0032 0.0023 0.0026 0.0108 0.0127 0.0031 0.0030 0.0036 0.0026 0.0146 0.9167 0.0019 0.0028 0.0025 0.0023 0.0064 0.0024 0.0017 0.0026 
      H413.6 12 0.0039 0.0038 0.0054 0.0043 0.0021 0.0139 0.0115 0.0083 0.0038 0.0019 0.0082 0.8746 0.0102 0.0056 0.0022 0.0048 0.0226 0.0064 0.0024 0.0044 
      H413.7 12 0.0030 0.0022 0.0024 0.0021 0.0019 0.0032 0.0027 0.0031 0.0025 0.0024 0.0022 0.9501 0.0034 0.0032 0.0021 0.0024 0.0030 0.0026 0.0029 0.0027 
      H563.1 12 0.0025 0.0026 0.0037 0.0023 0.0021 0.0104 0.0046 0.0054 0.0029 0.0027 0.0038 0.0103 0.0025 0.0037 0.0047 0.0051 0.0043 0.9219 0.0020 0.0026 
      H563.2 12 0.0081 0.0035 0.0043 0.0091 0.0063 0.0049 0.0062 0.0064 0.0073 0.0037 0.0039 0.0079 0.0035 0.0061 0.0040 0.0123 0.0048 0.8775 0.0035 0.0167 
      H563.3 12 0.0025 0.0025 0.0028 0.0026 0.0029 0.0068 0.0025 0.0068 0.0039 0.0031 0.0040 0.0036 0.0028 0.0033 0.0076 0.0031 0.0091 0.9250 0.0021 0.0030 
      H563.4 12 0.0051 0.0030 0.0046 0.0044 0.0036 0.0042 0.0050 0.0055 0.0042 0.0044 0.0041 0.0132 0.0022 0.0072 0.0047 0.0084 0.0048 0.9016 0.0032 0.0066 
      H563.5 12 0.0029 0.0022 0.0057 0.0024 0.0017 0.0066 0.0058 0.0063 0.0027 0.0021 0.0033 0.0066 0.0023 0.0036 0.0049 0.0033 0.0059 0.9280 0.0016 0.0024 
      H563.6 12 0.0095 0.0038 0.0033 0.0037 0.0041 0.0047 0.0023 0.0094 0.0049 0.0047 0.0039 0.0101 0.0030 0.0062 0.0037 0.0063 0.0055 0.9014 0.0026 0.0069 
      H563.7 12 0.0112 0.0027 0.0026 0.0033 0.0025 0.0027 0.0028 0.0109 0.0039 0.0030 0.0034 0.0101 0.0032 0.0060 0.0026 0.0057 0.0126 0.9037 0.0019 0.0051 
      H563.8 12 0.0033 0.0027 0.0086 0.0034 0.0028 0.0139 0.0040 0.0100 0.0043 0.0037 0.0045 0.0058 0.0045 0.0038 0.0059 0.0045 0.0071 0.9020 0.0019 0.0034 
      H563.9 12 0.0101 0.0038 0.0039 0.0065 0.0049 0.0034 0.0051 0.0051 0.0064 0.0051 0.0048 0.0063 0.0038 0.0049 0.0041 0.0198 0.0080 0.8843 0.0020 0.0079 
     H7374.1 12 0.0028 0.0035 0.0038 0.0078 0.0034 0.0038 0.0026 0.9040 0.0040 0.0026 0.0029 0.0037 0.0101 0.0132 0.0065 0.0052 0.0042 0.0045 0.0031 0.0081 
     H7374.2 12 0.0022 0.0039 0.0054 0.0070 0.0026 0.0079 0.0058 0.9049 0.0031 0.0036 0.0035 0.0076 0.0046 0.0062 0.0090 0.0041 0.0033 0.0054 0.0036 0.0060 
     H7374.3 12 0.0044 0.0088 0.0075 0.0159 0.0037 0.0053 0.0037 0.8311 0.0052 0.0045 0.0035 0.0034 0.0458 0.0065 0.0075 0.0063 0.0047 0.0078 0.0040 0.0204 
     H7374.4 12 0.0052 0.0032 0.0035 0.0043 0.0050 0.0048 0.0069 0.9240 0.0047 0.0024 0.0036 0.0042 0.0038 0.0025 0.0026 0.0042 0.0032 0.0041 0.0044 0.0034 
     H7374.5 12 0.0038 0.0031 0.0044 0.0033 0.0045 0.0076 0.0032 0.9304 0.0036 0.0025 0.0034 0.0031 0.0035 0.0041 0.0036 0.0028 0.0043 0.0041 0.0023 0.0026 
     H7374.6 12 0.0058 0.0091 0.0071 0.0145 0.0066 0.0070 0.0040 0.8597 0.0081 0.0044 0.0039 0.0038 0.0132 0.0045 0.0040 0.0052 0.0060 0.0067 0.0090 0.0174 
     H7374.7 12 0.0050 0.0031 0.0037 0.0031 0.0023 0.0022 0.0027 0.9397 0.0039 0.0022 0.0020 0.0046 0.0028 0.0032 0.0022 0.0038 0.0031 0.0032 0.0040 0.0034 
     H7374.8 12 0.0061 0.0036 0.0040 0.0049 0.0023 0.0027 0.0021 0.9162 0.0042 0.0033 0.0027 0.0030 0.0100 0.0053 0.0036 0.0055 0.0056 0.0063 0.0032 0.0053 
     H7374.9 12 0.0056 0.0045 0.0080 0.0033 0.0046 0.0079 0.0039 0.9183 0.0041 0.0025 0.0035 0.0033 0.0039 0.0046 0.0041 0.0026 0.0056 0.0047 0.0020 0.0030 
     H9563.1 12 0.0042 0.0032 0.0036 0.0045 0.0044 0.0041 0.0034 0.0030 0.0042 0.0037 0.0030 0.0043 0.0061 0.0025 0.0045 0.0025 0.0033 0.9284 0.0027 0.0044 
     H9563.2 12 0.0025 0.0039 0.0028 0.0059 0.0034 0.0058 0.0033 0.0028 0.0030 0.0024 0.0070 0.0044 0.0043 0.0034 0.0061 0.0022 0.0031 0.9264 0.0034 0.0039 
     H9563.3 12 0.0034 0.0041 0.0049 0.0059 0.0025 0.0019 0.0042 0.0043 0.0037 0.0063 0.0036 0.0028 0.0054 0.0072 0.0038 0.0055 0.0040 0.9174 0.0044 0.0047 
     H9563.4 12 0.0065 0.0065 0.0222 0.0092 0.0039 0.0062 0.0053 0.0073 0.0062 0.0055 0.0153 0.0048 0.0093 0.0062 0.0090 0.0122 0.0056 0.8330 0.0151 0.0109 
     H9563.5 12 0.0055 0.0041 0.0064 0.0053 0.0040 0.0046 0.0047 0.0032 0.0057 0.0061 0.0114 0.0043 0.0041 0.0034 0.0083 0.0076 0.0033 0.8971 0.0052 0.0057 
     H9563.6 12 0.0025 0.0046 0.0044 0.0045 0.0020 0.0023 0.0033 0.0040 0.0039 0.0057 0.0051 0.0054 0.0058 0.0165 0.0047 0.0038 0.0104 0.9034 0.0045 0.0032 
     H9563.7 12 0.0017 0.0043 0.0033 0.0030 0.0023 0.0025 0.0037 0.0051 0.0026 0.0048 0.0029 0.0024 0.0046 0.0104 0.0048 0.0032 0.0034 0.9237 0.0080 0.0033 
     H9563.8 12 0.0094 0.0060 0.0163 0.0300 0.0053 0.0035 0.0097 0.0035 0.0095 0.0113 0.0321 0.0033 0.0062 0.0092 0.0069 0.0087 0.0024 0.8155 0.0051 0.0063 
     H9563.9 12 0.0033 0.0035 0.0055 0.0104 0.0038 0.0052 0.0051 0.0038 0.0052 0.0079 0.0119 0.0047 0.0046 0.0089 0.0046 0.0032 0.0054 0.8965 0.0023 0.0043 
     H9572.1 12 0.0027 0.0038 0.0035 0.0058 0.0058 0.0129 0.0028 0.0074 0.0083 0.0061 0.0102 0.0071 0.0048 0.0043 0.0074 0.0049 0.8827 0.0081 0.0043 0.0070 
     H9572.2 12 0.0048 0.0107 0.0054 0.0117 0.0149 0.0042 0.0034 0.0150 0.0044 0.0044 0.0103 0.0065 0.0057 0.0092 0.0126 0.0069 0.8186 0.0390 0.0027 0.0095 
     H9572.3 12 0.0147 0.0031 0.0074 0.0141 0.0034 0.0087 0.0039 0.0393 0.0081 0.0056 0.0034 0.0064 0.0059 0.0155 0.0239 0.0163 0.7970 0.0067 0.0104 0.0061 
     H9572.4 12 0.0054 0.0022 0.0057 0.0020 0.0037 0.0034 0.0016 0.0048 0.0031 0.0037 0.0030 0.0026 0.0037 0.0028 0.0032 0.0030 0.9375 0.0028 0.0031 0.0027 
     H9572.5 12 0.0087 0.0031 0.0034 0.0018 0.0031 0.0028 0.0025 0.0024 0.0039 0.0030 0.0030 0.0020 0.0031 0.0043 0.0100 0.0022 0.9270 0.0027 0.0032 0.0078 
