      H105.1  1 0.0102 0.0097 0.0052 0.0093 0.9381 0.0276 
      H105.2  1 0.0081 0.0123 0.0049 0.0378 0.9184 0.0185 
      H105.3  1 0.0038 0.0042 0.0054 0.0057 0.9755 0.0054 
      H105.4  1 0.0054 0.0127 0.0157 0.0206 0.9230 0.0226 
      H105.5  1 0.0131 0.0306 0.0068 0.0213 0.5631 0.3650 
      H105.6  1 0.0067 0.0191 0.0196 0.0123 0.9233 0.0190 
      H105.7  1 0.0050 0.0060 0.0041 0.0073 0.9610 0.0168 
      H105.8  1 0.0052 0.0055 0.0038 0.0146 0.9640 0.0068 
      H115.1  1 0.0263 0.8742 0.0046 0.0291 0.0530 0.0128 
      H115.2  1 0.0111 0.9616 0.0039 0.0073 0.0089 0.0071 
      H115.3  1 0.0158 0.9561 0.0049 0.0047 0.0124 0.0061 
      H115.4  1 0.0968 0.8363 0.0164 0.0256 0.0094 0.0154 
      H115.5  1 0.0505 0.8662 0.0285 0.0156 0.0289 0.0102 
      H115.6  1 0.0604 0.9043 0.0092 0.0073 0.0108 0.0081 
      H115.7  1 0.0174 0.8906 0.0085 0.0149 0.0569 0.0118 
      H115.8  1 0.0274 0.9444 0.0053 0.0070 0.0104 0.0055 
      H115.9  1 0.0103 0.9428 0.0039 0.0167 0.0189 0.0074 
      H145.1  1 0.0103 0.0089 0.9588 0.0058 0.0041 0.0121 
      H145.2  1 0.0076 0.0055 0.9678 0.0062 0.0047 0.0082 
      H145.3  1 0.0080 0.0038 0.9753 0.0039 0.0033 0.0057 
      H145.4  1 0.0056 0.0047 0.9558 0.0050 0.0056 0.0233 
      H145.5  1 0.0118 0.0044 0.9697 0.0040 0.0044 0.0057 
      H145.6  1 0.0065 0.0036 0.9742 0.0037 0.0062 0.0058 
      H145.7  1 0.0046 0.0031 0.9792 0.0042 0.0035 0.0054 
      H149.1  1 0.9791 0.0032 0.0044 0.0049 0.0040 0.0045 
      H149.2  1 0.9694 0.0033 0.0067 0.0061 0.0065 0.0079 
      H149.3  1 0.8146 0.0133 0.0585 0.0341 0.0332 0.0462 
      H149.4  1 0.9608 0.0038 0.0048 0.0197 0.0071 0.0040 
      H149.5  1 0.8049 0.0036 0.0438 0.0634 0.0545 0.0297 
      H149.6  1 0.9649 0.0033 0.0087 0.0051 0.0111 0.0069 
      H149.7  1 0.8014 0.0094 0.0111 0.1270 0.0293 0.0218 
      H150.1  1 0.0035 0.9779 0.0048 0.0042 0.0051 0.0045 
      H150.2  1 0.0078 0.9736 0.0031 0.0046 0.0065 0.0043 
      H150.3  1 0.0073 0.9668 0.0054 0.0045 0.0102 0.0058 
      H150.4  1 0.0029 0.9773 0.0051 0.0044 0.0061 0.0043 
      H150.5  1 0.0062 0.9667 0.0055 0.0054 0.0099 0.0063 
      H150.6  1 0.0085 0.9607 0.0059 0.0075 0.0093 0.0081 
      H150.7  1 0.0048 0.9735 0.0058 0.0036 0.0074 0.0049 
   H169607.1  1 0.0207 0.2557 0.1026 0.0420 0.0103 0.5687 
   H169607.2  1 0.0117 0.0186 0.0091 0.0064 0.0134 0.9408 
   H169607.3  1 0.0136 0.0246 0.0368 0.0263 0.0194 0.8795 
   H169607.4  1 0.0081 0.0077 0.0272 0.0035 0.0064 0.9471 
   H169607.5  1 0.0060 0.0159 0.0085 0.0044 0.0083 0.9568 
   H169607.6  1 0.0102 0.0105 0.0093 0.0102 0.0107 0.9491 
   H169607.7  1 0.0188 0.0809 0.0184 0.0269 0.0104 0.8447 
   H169607.8  1 0.0055 0.0078 0.0087 0.0050 0.0085 0.9644 
   H169633.1  1 0.9418 0.0108 0.0277 0.0058 0.0093 0.0045 
   H169633.2  1 0.9406 0.0059 0.0251 0.0137 0.0083 0.0065 
   H169633.3  1 0.9559 0.0058 0.0089 0.0087 0.0095 0.0113 
   H169633.4  1 0.9516 0.0089 0.0083 0.0078 0.0113 0.0122 
   H169633.5  1 0.9538 0.0082 0.0071 0.0077 0.0095 0.0136 
   H169688.1  1 0.0621 0.1115 0.1250 0.0977 0.1018 0.5019 
   H169688.2  1 0.0263 0.2916 0.1831 0.1881 0.1288 0.1821 
   H169688.3  1 0.0452 0.5314 0.2521 0.0399 0.0686 0.0629 
   H169688.4  1 0.0144 0.8869 0.0704 0.0099 0.0041 0.0143 
   H169688.5  1 0.0104 0.8902 0.0707 0.0068 0.0037 0.0182 
   H169688.6  1 0.0215 0.4026 0.1335 0.2992 0.0312 0.1120 
   H169688.7  1 0.0326 0.4767 0.4460 0.0252 0.0079 0.0117 
   H171901.1  1 0.0500 0.3548 0.0526 0.0140 0.4128 0.1157 
   H171901.2  1 0.9286 0.0185 0.0073 0.0069 0.0140 0.0247 
   H171901.3  1 0.8410 0.0465 0.0134 0.0159 0.0292 0.0540 
   H171901.4  1 0.9426 0.0136 0.0072 0.0069 0.0142 0.0155 
   H171901.5  1 0.9206 0.0233 0.0099 0.0146 0.0098 0.0219 
   H171901.6  1 0.8741 0.0409 0.0156 0.0244 0.0084 0.0365 
   H171901.7  1 0.6761 0.0514 0.0298 0.0282 0.0137 0.2007 
   H171902.1  1 0.8981 0.0339 0.0305 0.0125 0.0062 0.0189 
  H171902.10  1 0.9528 0.0135 0.0061 0.0084 0.0049 0.0143 
   H171902.2  1 0.9263 0.0228 0.0216 0.0123 0.0073 0.0097 
   H171902.3  1 0.9528 0.0208 0.0064 0.0079 0.0044 0.0077 
   H171902.4  1 0.9690 0.0070 0.0080 0.0043 0.0042 0.0073 
   H171902.6  1 0.9589 0.0155 0.0051 0.0064 0.0050 0.0091 
   H171902.7  1 0.9291 0.0206 0.0087 0.0065 0.0056 0.0296 
   H171902.8  1 0.9380 0.0276 0.0075 0.0103 0.0054 0.0113 
   H171902.9  1 0.8275 0.0878 0.0428 0.0063 0.0107 0.0248 
   H171903.1  1 0.0072 0.0685 0.0073 0.0050 0.0122 0.8998 
   H171903.2  1 0.0044 0.0487 0.0078 0.0092 0.0329 0.8971 
   H171903.3  1 0.0099 0.0272 0.0036 0.0056 0.0232 0.9306 
   H171903.4  1 0.0108 0.1258 0.0136 0.0075 0.0127 0.8296 
   H171903.5  1 0.0505 0.1916 0.0082 0.0147 0.0340 0.7011 
   H171903.6  1 0.0330 0.1150 0.0066 0.0102 0.0044 0.8307 
      H177.1  1 0.0158 0.0162 0.0042 0.0169 0.0051 0.9418 
      H177.2  1 0.0406 0.0387 0.1103 0.0964 0.0077 0.7062 
      H177.3  1 0.0447 0.0188 0.0211 0.0238 0.0050 0.8867 
      H177.4  1 0.0283 0.0057 0.0094 0.1508 0.0108 0.7950 
      H177.5  1 0.0171 0.0143 0.0116 0.0589 0.0213 0.8769 
      H177.6  1 0.2042 0.0466 0.0182 0.0397 0.0066 0.6848 
      H179.1  1 0.0043 0.0063 0.0028 0.9767 0.0061 0.0037 
      H179.2  1 0.0057 0.0110 0.0033 0.9677 0.0045 0.0078 
      H179.3  1 0.0053 0.0182 0.0054 0.9511 0.0062 0.0138 
      H179.4  1 0.0218 0.0102 0.0369 0.8097 0.0095 0.1119 
      H180.1  1 0.0137 0.8858 0.0058 0.0776 0.0097 0.0074 
      H180.2  1 0.0082 0.9111 0.0072 0.0521 0.0114 0.0100 
      H180.3  1 0.0127 0.9474 0.0104 0.0190 0.0039 0.0065 
      H180.4  1 0.0209 0.8848 0.0081 0.0569 0.0174 0.0119 
      H180.5  1 0.0160 0.9023 0.0160 0.0383 0.0081 0.0193 
      H180.6  1 0.0331 0.8527 0.0664 0.0203 0.0059 0.0215 
      H181.1  1 0.3406 0.0446 0.0166 0.4606 0.0481 0.0895 
      H181.2  1 0.0899 0.0411 0.0541 0.7511 0.0227 0.0411 
      H181.3  1 0.2871 0.0226 0.0242 0.5828 0.0530 0.0304 
      H181.4  1 0.1540 0.3473 0.0375 0.2474 0.0408 0.1729 
      H181.5  1 0.0107 0.0062 0.0037 0.9624 0.0103 0.0067 
      H181.6  1 0.0166 0.0356 0.0070 0.9198 0.0131 0.0078 
      H181.7  1 0.0237 0.0151 0.0071 0.9287 0.0107 0.0146 
 H194.1_2004  1 0.0086 0.0160 0.0117 0.0041 0.0088 0.9509 
 H194.2_2004  1 0.0087 0.0106 0.0224 0.0037 0.0105 0.9441 
 H194.3_2004  1 0.0590 0.0056 0.0355 0.1046 0.0076 0.7878 
 H194.4_2004  1 0.0468 0.0070 0.0793 0.0064 0.0073 0.8532 
 H194.5_2004  1 0.0232 0.0064 0.0225 0.0143 0.0088 0.9248 
 H194.6_2004  1 0.0425 0.0074 0.0111 0.0169 0.0058 0.9163 
 H194.7_2004  1 0.0071 0.0072 0.0205 0.0049 0.0200 0.9403 
 H194.8_2004  1 0.0240 0.0063 0.0276 0.0060 0.0068 0.9293 
      H194.9  1 0.0206 0.0098 0.0436 0.0051 0.0090 0.9119 
 H195.1_2003  1 0.0215 0.0061 0.9498 0.0065 0.0050 0.0111 
 H195.1_2004  1 0.0076 0.0044 0.9749 0.0036 0.0039 0.0056 
 H195.2_2003  1 0.0127 0.0123 0.9298 0.0073 0.0162 0.0217 
 H195.2_2004  1 0.0046 0.0031 0.9805 0.0035 0.0038 0.0044 
 H195.3_2003  1 0.0089 0.1285 0.7518 0.0089 0.0378 0.0641 
 H195.3_2004  1 0.0124 0.0031 0.9717 0.0041 0.0039 0.0048 
 H195.4_2003  1 0.0103 0.0037 0.9700 0.0049 0.0051 0.0060 
 H195.4_2004  1 0.0039 0.0027 0.9819 0.0034 0.0029 0.0051 
 H195.5_2003  1 0.0185 0.0103 0.9381 0.0058 0.0116 0.0157 
 H195.5_2004  1 0.0050 0.0048 0.9769 0.0038 0.0041 0.0055 
 H195.6_2003  1 0.0055 0.0118 0.9656 0.0037 0.0056 0.0078 
 H195.6_2004  1 0.0038 0.0029 0.9806 0.0045 0.0037 0.0047 
 H195.7_2003  1 0.0159 0.0057 0.9409 0.0078 0.0107 0.0190 
 H195.7_2004  1 0.0041 0.0043 0.9805 0.0031 0.0038 0.0042 
      H195.8  1 0.0036 0.0042 0.9786 0.0036 0.0045 0.0055 
      H195.9  1 0.0061 0.0044 0.9740 0.0043 0.0035 0.0078 
      H415.1  1 0.7024 0.2396 0.0239 0.0137 0.0109 0.0095 
      H415.2  1 0.6520 0.0580 0.0105 0.1485 0.0156 0.1154 
      H415.3  1 0.8888 0.0183 0.0082 0.0564 0.0190 0.0094 
      H415.4  1 0.7950 0.1450 0.0131 0.0242 0.0094 0.0133 
      H415.5  1 0.9143 0.0121 0.0095 0.0412 0.0094 0.0134 
      H415.6  1 0.8053 0.1358 0.0134 0.0253 0.0079 0.0124 
      H415.7  1 0.8268 0.0095 0.0125 0.0225 0.0121 0.1166 
      H506.1  1 0.0044 0.0021 0.0043 0.9817 0.0040 0.0034 
      H506.2  1 0.0101 0.0027 0.0142 0.9647 0.0037 0.0047 
      H506.3  1 0.0076 0.0056 0.0047 0.9705 0.0060 0.0056 
      H506.4  1 0.0084 0.0078 0.0048 0.9643 0.0048 0.0099 
      H506.5  1 0.0083 0.0038 0.0072 0.9686 0.0051 0.0071 
      H506.6  1 0.0113 0.0088 0.0425 0.8842 0.0097 0.0435 
      H506.7  1 0.0052 0.0028 0.0068 0.9762 0.0042 0.0047 
      H533.1  1 0.0069 0.0035 0.0036 0.9779 0.0043 0.0038 
      H533.2  1 0.0082 0.0032 0.0054 0.9743 0.0041 0.0048 
      H533.3  1 0.0062 0.0042 0.0044 0.9757 0.0039 0.0056 
      H533.4  1 0.0151 0.0056 0.0383 0.9146 0.0045 0.0219 
      H535.1  1 0.0118 0.0051 0.0040 0.0103 0.0045 0.9643 
      H535.2  1 0.0079 0.0031 0.0149 0.0119 0.0087 0.9535 
      H535.3  1 0.0071 0.0051 0.0188 0.0111 0.0158 0.9421 
      H535.4  1 0.0109 0.0033 0.0129 0.0080 0.0110 0.9538 
      H535.5  1 0.0084 0.0032 0.0047 0.0070 0.0045 0.9722 
      H535.6  1 0.0041 0.0080 0.0079 0.0075 0.0041 0.9684 
      H535.7  1 0.0062 0.0037 0.0034 0.0102 0.0039 0.9727 
      H535.8  1 0.0045 0.0031 0.0061 0.0057 0.0051 0.9755 
      H535.9  1 0.0072 0.0064 0.0039 0.0107 0.0050 0.9667 
      H539.1  1 0.0039 0.9812 0.0038 0.0024 0.0039 0.0048 
      H539.2  1 0.0048 0.9349 0.0071 0.0069 0.0090 0.0372 
      H539.3  1 0.0050 0.9545 0.0105 0.0050 0.0058 0.0192 
      H539.4  1 0.0035 0.9794 0.0027 0.0033 0.0056 0.0055 
      H539.5  1 0.0033 0.9819 0.0027 0.0026 0.0037 0.0057 
      H539.6  1 0.0033 0.9806 0.0038 0.0031 0.0039 0.0052 
      H539.7  1 0.0047 0.9809 0.0034 0.0031 0.0032 0.0047 
      H539.8  1 0.0043 0.9610 0.0076 0.0050 0.0084 0.0136 
      H539.9  1 0.0034 0.9812 0.0029 0.0034 0.0047 0.0043 
      H540.1  1 0.0053 0.9383 0.0108 0.0056 0.0043 0.0357 
      H540.2  1 0.0076 0.9668 0.0039 0.0061 0.0067 0.0089 
      H540.3  1 0.0137 0.9445 0.0083 0.0063 0.0060 0.0212 
      H540.4  1 0.0055 0.9726 0.0042 0.0050 0.0063 0.0063 
      H540.5  1 0.0076 0.9641 0.0033 0.0063 0.0058 0.0129 
      H540.6  1 0.0078 0.9485 0.0051 0.0074 0.0093 0.0219 
      H540.7  1 0.0142 0.9434 0.0064 0.0073 0.0069 0.0218 
      H540.8  1 0.0283 0.8851 0.0058 0.0054 0.0043 0.0711 
     H9558.1  1 0.0047 0.9703 0.0039 0.0063 0.0063 0.0084 
     H9558.2  1 0.0089 0.9206 0.0061 0.0192 0.0243 0.0209 
     H9558.3  1 0.0044 0.9183 0.0042 0.0089 0.0465 0.0177 
     H9558.4  1 0.0046 0.9647 0.0028 0.0052 0.0053 0.0174 
     H9558.5  1 0.0034 0.9803 0.0023 0.0029 0.0055 0.0056 
     H9558.6  1 0.0062 0.9495 0.0048 0.0054 0.0126 0.0216 
    kos339.1  1 0.9607 0.0051 0.0034 0.0102 0.0098 0.0109 
    kos339.2  1 0.9626 0.0047 0.0071 0.0117 0.0074 0.0064 
    kos339.3  1 0.9767 0.0045 0.0035 0.0059 0.0033 0.0061 
    kos339.4  1 0.9781 0.0046 0.0045 0.0048 0.0036 0.0044 
    kos339.5  1 0.9694 0.0038 0.0036 0.0104 0.0079 0.0048 
    kos339.6  1 0.9663 0.0037 0.0073 0.0087 0.0066 0.0073 
    kos339.7  1 0.9741 0.0040 0.0045 0.0083 0.0026 0.0065 
    kos339.8  1 0.9694 0.0042 0.0036 0.0125 0.0052 0.0050 
    kos339.9  1 0.9621 0.0101 0.0061 0.0072 0.0053 0.0092 
      H409.1 12 0.0058 0.0036 0.0048 0.9666 0.0142 0.0049 
     H409.10 12 0.0064 0.0068 0.0095 0.9588 0.0112 0.0074 
      H409.2 12 0.0138 0.0069 0.0074 0.9547 0.0049 0.0123 
      H409.3 12 0.0079 0.0110 0.0098 0.9434 0.0133 0.0146 
      H409.4 12 0.0057 0.0113 0.0069 0.9533 0.0110 0.0118 
      H409.5 12 0.0079 0.0086 0.0064 0.9524 0.0083 0.0164 
      H409.6 12 0.0081 0.0115 0.0063 0.8167 0.0910 0.0665 
      H409.7 12 0.0119 0.0061 0.0154 0.9219 0.0311 0.0136 
      H409.8 12 0.0059 0.0049 0.0056 0.9618 0.0154 0.0063 
      H409.9 12 0.0040 0.3380 0.0044 0.6046 0.0389 0.0101 
      H413.1 12 0.0041 0.0110 0.0046 0.0028 0.9704 0.0070 
      H413.2 12 0.0051 0.0084 0.0064 0.0048 0.9688 0.0065 
      H413.3 12 0.0035 0.0125 0.0033 0.0083 0.9669 0.0055 
      H413.4 12 0.0064 0.0111 0.0046 0.0098 0.9604 0.0078 
      H413.5 12 0.0063 0.1907 0.0041 0.0073 0.7854 0.0062 
      H413.6 12 0.0044 0.1191 0.0067 0.0039 0.8523 0.0136 
      H413.7 12 0.0050 0.0096 0.0042 0.0047 0.9699 0.0065 
      H563.1 12 0.0035 0.0071 0.0050 0.0044 0.9744 0.0056 
      H563.2 12 0.0120 0.0083 0.0062 0.0102 0.9540 0.0093 
      H563.3 12 0.0041 0.0069 0.0067 0.0062 0.9677 0.0085 
      H563.4 12 0.0049 0.0054 0.0033 0.0049 0.9769 0.0046 
      H563.5 12 0.0044 0.0085 0.0045 0.0030 0.9758 0.0038 
      H563.6 12 0.0089 0.0059 0.0046 0.0076 0.9649 0.0079 
      H563.7 12 0.0089 0.0035 0.0032 0.0046 0.9756 0.0042 
      H563.8 12 0.0061 0.0104 0.0041 0.0048 0.9665 0.0081 
      H563.9 12 0.0125 0.0085 0.0046 0.0147 0.9519 0.0078 
     H7374.1 12 0.0128 0.0059 0.0273 0.0093 0.0713 0.8733 
     H7374.2 12 0.0047 0.0087 0.0091 0.0072 0.0330 0.9373 
     H7374.3 12 0.0080 0.0068 0.0479 0.0093 0.0306 0.8973 
     H7374.4 12 0.0179 0.0168 0.0097 0.0066 0.0144 0.9345 
     H7374.5 12 0.0149 0.0197 0.0086 0.0094 0.0196 0.9278 
     H7374.6 12 0.0171 0.0078 0.0529 0.0112 0.0175 0.8934 
     H7374.7 12 0.0149 0.0059 0.0203 0.0082 0.0193 0.9314 
     H7374.8 12 0.0163 0.0035 0.0238 0.0077 0.0471 0.9016 
     H7374.9 12 0.0195 0.0149 0.0159 0.0073 0.0179 0.9245 
     H9563.1 12 0.0078 0.0089 0.0072 0.0068 0.9630 0.0063 
     H9563.2 12 0.0047 0.0117 0.0057 0.0044 0.9660 0.0074 
     H9563.3 12 0.0056 0.0034 0.0100 0.0078 0.9674 0.0058 
     H9563.4 12 0.0143 0.0164 0.0190 0.0220 0.8900 0.0383 
     H9563.5 12 0.0090 0.0117 0.0093 0.0176 0.9422 0.0102 
     H9563.6 12 0.0042 0.0039 0.0073 0.0055 0.9737 0.0053 
     H9563.7 12 0.0032 0.0038 0.0068 0.0039 0.9745 0.0077 
     H9563.8 12 0.0384 0.0324 0.0105 0.0190 0.8856 0.0141 
     H9563.9 12 0.0082 0.0108 0.0067 0.0095 0.9571 0.0077 
     H9572.1 12 0.0343 0.2021 0.0337 0.2334 0.4529 0.0435 
     H9572.2 12 0.0515 0.0399 0.1644 0.0351 0.6232 0.0859 
     H9572.3 12 0.1115 0.0246 0.0085 0.0194 0.0861 0.7499 
     H9572.4 12 0.2233 0.0315 0.0204 0.0534 0.2626 0.4087 
     H9572.5 12 0.2959 0.0687 0.0613 0.0464 0.2334 0.2943 
