      H105.1  1 0.0027 0.0024 0.0026 0.9539 0.0023 0.0022 0.0038 0.0027 0.0045 0.0032 0.0041 0.0028 0.0020 0.0024 0.0028 0.0025 0.0030 
      H105.2  1 0.0051 0.0030 0.0057 0.9324 0.0037 0.0044 0.0051 0.0056 0.0030 0.0028 0.0041 0.0016 0.0044 0.0059 0.0068 0.0040 0.0027 
      H105.3  1 0.0035 0.0026 0.0021 0.9510 0.0024 0.0022 0.0028 0.0036 0.0060 0.0029 0.0036 0.0030 0.0024 0.0030 0.0033 0.0029 0.0028 
      H105.4  1 0.0025 0.0045 0.0027 0.9393 0.0032 0.0044 0.0054 0.0058 0.0041 0.0028 0.0030 0.0032 0.0022 0.0065 0.0037 0.0037 0.0028 
      H105.5  1 0.0030 0.0031 0.0084 0.9174 0.0061 0.0051 0.0087 0.0083 0.0046 0.0045 0.0052 0.0042 0.0021 0.0075 0.0034 0.0049 0.0035 
      H105.6  1 0.0061 0.0055 0.0035 0.9180 0.0066 0.0057 0.0045 0.0073 0.0059 0.0039 0.0033 0.0043 0.0032 0.0090 0.0039 0.0066 0.0026 
      H105.7  1 0.0058 0.0037 0.0049 0.8968 0.0065 0.0088 0.0067 0.0045 0.0200 0.0027 0.0122 0.0029 0.0046 0.0068 0.0055 0.0036 0.0041 
      H105.8  1 0.0032 0.0026 0.0029 0.9523 0.0029 0.0025 0.0024 0.0038 0.0033 0.0023 0.0029 0.0019 0.0026 0.0029 0.0069 0.0022 0.0023 
      H115.1  1 0.0388 0.0032 0.0056 0.0053 0.0097 0.0054 0.0115 0.8581 0.0064 0.0041 0.0034 0.0032 0.0063 0.0155 0.0097 0.0033 0.0103 
      H115.2  1 0.0062 0.0031 0.0057 0.0030 0.0637 0.0060 0.0085 0.8555 0.0058 0.0037 0.0057 0.0036 0.0095 0.0043 0.0049 0.0049 0.0058 
      H115.3  1 0.0026 0.0046 0.0027 0.0040 0.0108 0.0042 0.0066 0.9201 0.0061 0.0029 0.0042 0.0045 0.0054 0.0042 0.0030 0.0057 0.0084 
      H115.4  1 0.0063 0.0056 0.0111 0.0037 0.0035 0.0050 0.0134 0.8642 0.0040 0.0029 0.0112 0.0060 0.0090 0.0030 0.0282 0.0112 0.0119 
      H115.5  1 0.0157 0.0080 0.0058 0.0190 0.0249 0.0060 0.0121 0.8145 0.0052 0.0041 0.0098 0.0150 0.0050 0.0075 0.0064 0.0110 0.0300 
      H115.6  1 0.0029 0.0026 0.0049 0.0052 0.0217 0.0080 0.0079 0.8492 0.0095 0.0088 0.0045 0.0044 0.0298 0.0044 0.0038 0.0156 0.0168 
      H115.7  1 0.0487 0.0030 0.0083 0.0058 0.0099 0.0070 0.0250 0.8274 0.0120 0.0055 0.0044 0.0055 0.0090 0.0098 0.0047 0.0054 0.0085 
      H115.8  1 0.0041 0.0017 0.0055 0.0078 0.0107 0.0034 0.0057 0.9177 0.0052 0.0035 0.0049 0.0036 0.0079 0.0033 0.0036 0.0033 0.0081 
      H115.9  1 0.0127 0.0034 0.0055 0.0051 0.0958 0.0047 0.0174 0.7764 0.0148 0.0037 0.0061 0.0033 0.0073 0.0175 0.0153 0.0037 0.0074 
      H145.1  1 0.0041 0.0049 0.0038 0.0025 0.0116 0.0186 0.0147 0.0051 0.0061 0.0092 0.0030 0.8766 0.0155 0.0062 0.0036 0.0098 0.0047 
      H145.2  1 0.0018 0.0054 0.0024 0.0031 0.0048 0.0069 0.0065 0.0054 0.0037 0.0052 0.0045 0.9155 0.0101 0.0041 0.0059 0.0095 0.0054 
      H145.3  1 0.0024 0.0031 0.0029 0.0024 0.0026 0.0030 0.0037 0.0033 0.0026 0.0035 0.0027 0.9427 0.0155 0.0028 0.0022 0.0023 0.0024 
      H145.4  1 0.0028 0.0025 0.0042 0.0034 0.0050 0.0228 0.0097 0.0040 0.0132 0.0068 0.0040 0.8965 0.0042 0.0066 0.0042 0.0056 0.0045 
      H145.5  1 0.0022 0.0025 0.0027 0.0030 0.0022 0.0048 0.0038 0.0030 0.0021 0.0039 0.0031 0.9212 0.0329 0.0040 0.0029 0.0030 0.0029 
      H145.6  1 0.0024 0.0034 0.0023 0.0023 0.0037 0.0085 0.0047 0.0023 0.0067 0.0042 0.0031 0.9330 0.0049 0.0034 0.0038 0.0064 0.0048 
      H145.7  1 0.0023 0.0026 0.0025 0.0026 0.0020 0.0053 0.0029 0.0029 0.0040 0.0040 0.0030 0.9459 0.0038 0.0033 0.0028 0.0045 0.0056 
      H149.1  1 0.0029 0.0023 0.0027 0.0024 0.0028 0.0050 0.0027 0.0027 0.0034 0.0036 0.0040 0.0041 0.0058 0.0043 0.0033 0.0038 0.9443 
      H149.2  1 0.0022 0.0034 0.0028 0.0044 0.0026 0.0077 0.0066 0.0026 0.0052 0.0035 0.0041 0.0049 0.0061 0.0051 0.0026 0.0043 0.9319 
      H149.3  1 0.0036 0.0097 0.0147 0.0079 0.0046 0.0207 0.0459 0.0325 0.0471 0.0052 0.0102 0.0407 0.0159 0.0104 0.0172 0.0052 0.7085 
      H149.4  1 0.0032 0.0033 0.0040 0.0070 0.0036 0.0042 0.0027 0.0038 0.0055 0.0030 0.0068 0.0034 0.0064 0.0044 0.0201 0.0034 0.9151 
      H149.5  1 0.0038 0.0088 0.0154 0.0197 0.0028 0.0087 0.0287 0.0031 0.0485 0.0044 0.0248 0.0175 0.0038 0.0056 0.0173 0.0066 0.7806 
      H149.6  1 0.0030 0.0035 0.0036 0.0066 0.0020 0.0061 0.0058 0.0031 0.0070 0.0037 0.0045 0.0075 0.0054 0.0045 0.0032 0.0039 0.9265 
      H149.7  1 0.0057 0.0051 0.0567 0.0148 0.0040 0.0342 0.0171 0.0127 0.0397 0.0065 0.0155 0.0057 0.0114 0.0169 0.0407 0.0232 0.6901 
      H150.1  1 0.0045 0.0026 0.0047 0.0067 0.1761 0.0044 0.0076 0.7533 0.0045 0.0035 0.0054 0.0040 0.0066 0.0054 0.0025 0.0061 0.0021 
      H150.2  1 0.0078 0.0040 0.0060 0.0036 0.0589 0.0051 0.0040 0.8666 0.0047 0.0043 0.0040 0.0023 0.0106 0.0032 0.0031 0.0070 0.0047 
      H150.3  1 0.0429 0.0023 0.0167 0.0045 0.4594 0.0080 0.0081 0.3350 0.0099 0.0099 0.0047 0.0055 0.0637 0.0110 0.0038 0.0078 0.0069 
      H150.4  1 0.0080 0.0019 0.0081 0.0039 0.7810 0.0037 0.0079 0.1324 0.0079 0.0047 0.0055 0.0061 0.0120 0.0063 0.0031 0.0051 0.0026 
      H150.5  1 0.0053 0.0028 0.0076 0.0054 0.0351 0.0066 0.0087 0.8816 0.0097 0.0039 0.0058 0.0037 0.0048 0.0052 0.0031 0.0067 0.0040 
      H150.6  1 0.0026 0.0036 0.0096 0.0076 0.0100 0.0044 0.0057 0.8957 0.0050 0.0104 0.0095 0.0084 0.0049 0.0080 0.0045 0.0065 0.0038 
      H150.7  1 0.0037 0.0021 0.0029 0.0143 0.5875 0.0041 0.0060 0.3138 0.0052 0.0038 0.0088 0.0048 0.0260 0.0031 0.0035 0.0057 0.0047 
   H169607.1  1 0.0041 0.0033 0.0069 0.0031 0.0085 0.0040 0.9026 0.0058 0.0038 0.0074 0.0035 0.0088 0.0136 0.0034 0.0072 0.0094 0.0045 
   H169607.2  1 0.0032 0.0032 0.0032 0.0046 0.0040 0.0045 0.9391 0.0038 0.0041 0.0035 0.0059 0.0030 0.0037 0.0032 0.0028 0.0056 0.0026 
   H169607.3  1 0.0037 0.0034 0.0048 0.0034 0.0039 0.0061 0.9206 0.0047 0.0045 0.0040 0.0050 0.0084 0.0078 0.0050 0.0056 0.0054 0.0037 
   H169607.4  1 0.0025 0.0030 0.0028 0.0030 0.0050 0.0039 0.9364 0.0029 0.0038 0.0078 0.0034 0.0046 0.0088 0.0026 0.0022 0.0047 0.0026 
   H169607.5  1 0.0033 0.0036 0.0035 0.0025 0.0051 0.0044 0.9480 0.0036 0.0036 0.0029 0.0034 0.0038 0.0025 0.0028 0.0020 0.0023 0.0027 
   H169607.6  1 0.0035 0.0031 0.0024 0.0049 0.0053 0.0035 0.9420 0.0030 0.0031 0.0034 0.0049 0.0030 0.0056 0.0024 0.0031 0.0044 0.0024 
   H169607.7  1 0.0031 0.0022 0.0080 0.0056 0.0032 0.0045 0.9275 0.0071 0.0027 0.0029 0.0038 0.0054 0.0051 0.0023 0.0075 0.0060 0.0032 
   H169607.8  1 0.0031 0.0036 0.0038 0.0040 0.0046 0.0036 0.9373 0.0040 0.0033 0.0070 0.0053 0.0037 0.0047 0.0037 0.0027 0.0032 0.0025 
   H169633.1  1 0.0213 0.0052 0.0288 0.0039 0.0049 0.0069 0.0033 0.0052 0.0092 0.0058 0.0056 0.0174 0.0056 0.0045 0.0034 0.0121 0.8568 
   H169633.2  1 0.0077 0.0059 0.0118 0.0101 0.0025 0.0053 0.0022 0.0067 0.0038 0.0050 0.0056 0.0114 0.0029 0.0098 0.0062 0.1536 0.7492 
   H169633.3  1 0.0092 0.0098 0.0069 0.0038 0.0070 0.0299 0.0036 0.0056 0.0074 0.0049 0.0082 0.0064 0.0054 0.0082 0.0052 0.0077 0.8708 
   H169633.4  1 0.0123 0.0065 0.0032 0.0057 0.0100 0.0168 0.0074 0.0086 0.0137 0.0086 0.0041 0.0061 0.0043 0.0043 0.0035 0.0036 0.8812 
   H169633.5  1 0.0118 0.0086 0.0034 0.0050 0.0060 0.0191 0.0054 0.0074 0.0078 0.0095 0.0055 0.0079 0.0041 0.0047 0.0042 0.0047 0.8849 
   H169688.1  1 0.0296 0.0111 0.8468 0.0032 0.0064 0.0152 0.0120 0.0033 0.0035 0.0061 0.0133 0.0078 0.0172 0.0068 0.0081 0.0044 0.0052 
   H169688.2  1 0.0044 0.0038 0.9227 0.0078 0.0028 0.0078 0.0036 0.0028 0.0037 0.0041 0.0052 0.0032 0.0027 0.0094 0.0070 0.0056 0.0033 
   H169688.3  1 0.0021 0.0019 0.9466 0.0047 0.0027 0.0040 0.0035 0.0039 0.0032 0.0037 0.0025 0.0027 0.0029 0.0041 0.0037 0.0043 0.0034 
   H169688.4  1 0.0022 0.0024 0.9532 0.0020 0.0042 0.0028 0.0028 0.0044 0.0024 0.0024 0.0025 0.0027 0.0030 0.0045 0.0032 0.0026 0.0026 
   H169688.5  1 0.0033 0.0025 0.9532 0.0017 0.0041 0.0029 0.0036 0.0042 0.0028 0.0026 0.0024 0.0027 0.0025 0.0043 0.0024 0.0023 0.0025 
   H169688.6  1 0.0040 0.0067 0.9017 0.0024 0.0035 0.0036 0.0026 0.0028 0.0022 0.0028 0.0047 0.0031 0.0033 0.0026 0.0437 0.0026 0.0076 
   H169688.7  1 0.0029 0.0020 0.8924 0.0058 0.0060 0.0052 0.0029 0.0124 0.0042 0.0049 0.0094 0.0176 0.0104 0.0100 0.0038 0.0058 0.0042 
   H171901.1  1 0.0602 0.0027 0.0144 0.1190 0.0274 0.2035 0.2628 0.1329 0.0472 0.0067 0.0224 0.0492 0.0064 0.0067 0.0142 0.0163 0.0080 
   H171901.2  1 0.0036 0.0046 0.0078 0.1049 0.0179 0.0241 0.0198 0.0132 0.0051 0.0283 0.0099 0.0072 0.0085 0.0060 0.0040 0.0115 0.7237 
   H171901.3  1 0.0116 0.0063 0.0216 0.0138 0.0266 0.0472 0.0632 0.0418 0.0099 0.0160 0.0098 0.0052 0.0065 0.0100 0.0067 0.0347 0.6692 
   H171901.4  1 0.0060 0.0047 0.0044 0.0824 0.0133 0.0096 0.0305 0.0225 0.0052 0.0152 0.0084 0.0045 0.0076 0.0076 0.0041 0.0285 0.7456 
   H171901.5  1 0.0027 0.0061 0.0076 0.0364 0.0167 0.0114 0.0381 0.0516 0.0058 0.0260 0.0120 0.0069 0.0200 0.0103 0.0088 0.1188 0.6209 
   H171901.6  1 0.0045 0.0083 0.0127 0.0238 0.0326 0.0415 0.0220 0.0673 0.0064 0.0177 0.0218 0.0075 0.0308 0.0186 0.0215 0.2436 0.4191 
   H171901.7  1 0.0059 0.0059 0.0395 0.0053 0.0162 0.4714 0.0196 0.0288 0.0061 0.0063 0.0230 0.0074 0.0044 0.0063 0.0114 0.0185 0.3240 
   H171902.1  1 0.0023 0.0028 0.0035 0.0022 0.0039 0.0026 0.0028 0.0031 0.0025 0.0024 0.0035 0.0033 0.9479 0.0030 0.0043 0.0062 0.0037 
  H171902.10  1 0.0023 0.0022 0.0055 0.0027 0.0028 0.0042 0.0044 0.0056 0.0028 0.0031 0.0022 0.0027 0.9473 0.0021 0.0042 0.0028 0.0030 
   H171902.2  1 0.0056 0.0025 0.0056 0.0027 0.0033 0.0038 0.0045 0.0040 0.0026 0.0027 0.0046 0.0029 0.9284 0.0031 0.0051 0.0087 0.0098 
   H171902.3  1 0.0038 0.0033 0.0034 0.0031 0.0057 0.0037 0.0054 0.0051 0.0025 0.0034 0.0044 0.0026 0.9241 0.0032 0.0040 0.0079 0.0142 
   H171902.4  1 0.0026 0.0021 0.0022 0.0023 0.0025 0.0052 0.0024 0.0030 0.0032 0.0046 0.0029 0.0042 0.9416 0.0027 0.0030 0.0036 0.0119 
   H171902.6  1 0.0018 0.0025 0.0020 0.0024 0.0029 0.0041 0.0031 0.0030 0.0030 0.0033 0.0040 0.0030 0.9524 0.0029 0.0026 0.0032 0.0040 
   H171902.7  1 0.0018 0.0021 0.0031 0.0063 0.0026 0.0167 0.0513 0.0077 0.0031 0.0044 0.0060 0.0040 0.8737 0.0034 0.0034 0.0042 0.0062 
   H171902.8  1 0.0037 0.0026 0.0030 0.0023 0.0052 0.0045 0.0058 0.0047 0.0025 0.0038 0.0045 0.0030 0.9364 0.0032 0.0033 0.0045 0.0071 
   H171902.9  1 0.0027 0.0027 0.0027 0.0025 0.0054 0.0031 0.0039 0.0038 0.0031 0.0029 0.0031 0.0042 0.9474 0.0032 0.0022 0.0045 0.0027 
   H171903.1  1 0.0035 0.0047 0.0051 0.0045 0.0136 0.0075 0.9123 0.0153 0.0046 0.0034 0.0041 0.0036 0.0035 0.0031 0.0030 0.0046 0.0035 
   H171903.2  1 0.0025 0.0098 0.0056 0.0249 0.0217 0.0115 0.8509 0.0171 0.0083 0.0093 0.0048 0.0062 0.0035 0.0091 0.0053 0.0066 0.0029 
   H171903.3  1 0.0049 0.0231 0.0130 0.0667 0.0109 0.1002 0.6697 0.0105 0.0058 0.0197 0.0061 0.0038 0.0042 0.0312 0.0051 0.0192 0.0059 
   H171903.4  1 0.0052 0.0033 0.0584 0.0045 0.0084 0.0428 0.8028 0.0153 0.0057 0.0077 0.0033 0.0057 0.0165 0.0056 0.0039 0.0065 0.0046 
   H171903.5  1 0.0039 0.0062 0.0684 0.0287 0.0156 0.0147 0.7579 0.0133 0.0086 0.0048 0.0106 0.0049 0.0062 0.0142 0.0055 0.0126 0.0238 
   H171903.6  1 0.0020 0.0056 0.1274 0.0040 0.0075 0.0200 0.7863 0.0073 0.0029 0.0026 0.0039 0.0035 0.0064 0.0046 0.0030 0.0033 0.0098 
      H177.1  1 0.0076 0.0078 0.0133 0.0029 0.0168 0.6797 0.0222 0.0301 0.0052 0.0575 0.0840 0.0050 0.0072 0.0065 0.0387 0.0046 0.0108 
      H177.2  1 0.0031 0.0087 0.0055 0.0048 0.0167 0.0543 0.0884 0.0317 0.0109 0.0549 0.3835 0.1903 0.0060 0.0156 0.0735 0.0071 0.0451 
      H177.3  1 0.0036 0.0154 0.0075 0.0043 0.0146 0.3946 0.1331 0.0332 0.0121 0.0377 0.1513 0.0540 0.0148 0.0068 0.0400 0.0106 0.0665 
      H177.4  1 0.0017 0.0325 0.0026 0.0059 0.0028 0.5870 0.0142 0.0057 0.0092 0.0048 0.0306 0.0051 0.0054 0.0037 0.2757 0.0068 0.0063 
      H177.5  1 0.0034 0.0056 0.0214 0.0097 0.0076 0.6499 0.0101 0.0314 0.0154 0.0269 0.0861 0.0127 0.0066 0.0210 0.0643 0.0193 0.0084 
      H177.6  1 0.0035 0.0107 0.0127 0.0038 0.0162 0.4315 0.0756 0.0288 0.0060 0.0325 0.1206 0.0190 0.0149 0.0123 0.0408 0.0077 0.1635 
      H179.1  1 0.0089 0.0024 0.0218 0.0074 0.0100 0.0159 0.0045 0.0067 0.0084 0.0039 0.0053 0.0029 0.0044 0.0474 0.8410 0.0056 0.0036 
      H179.2  1 0.0034 0.0149 0.0145 0.0060 0.0064 0.0073 0.0068 0.0133 0.0045 0.0108 0.0068 0.0025 0.0091 0.0499 0.8172 0.0226 0.0039 
      H179.3  1 0.0087 0.0041 0.1131 0.0043 0.0203 0.0294 0.0207 0.0136 0.0070 0.0067 0.0064 0.0030 0.0055 0.0150 0.7296 0.0089 0.0037 
      H179.4  1 0.0054 0.0521 0.0129 0.0078 0.0050 0.0417 0.0184 0.0060 0.0061 0.0362 0.0110 0.0063 0.0047 0.0099 0.6776 0.0850 0.0139 
      H180.1  1 0.0050 0.0028 0.0040 0.0033 0.0051 0.0028 0.0068 0.9051 0.0037 0.0035 0.0099 0.0024 0.0088 0.0045 0.0233 0.0061 0.0028 
      H180.2  1 0.0094 0.0045 0.0032 0.0036 0.0038 0.0038 0.0032 0.9367 0.0025 0.0024 0.0049 0.0027 0.0025 0.0066 0.0039 0.0034 0.0030 
      H180.3  1 0.0041 0.0050 0.0045 0.0029 0.0121 0.0042 0.0064 0.9159 0.0023 0.0022 0.0063 0.0059 0.0043 0.0088 0.0038 0.0062 0.0051 
      H180.4  1 0.0057 0.0032 0.0022 0.0049 0.0037 0.0032 0.0038 0.9274 0.0042 0.0036 0.0066 0.0034 0.0057 0.0043 0.0082 0.0042 0.0058 
      H180.5  1 0.0032 0.0033 0.0047 0.0021 0.0035 0.0052 0.0031 0.9275 0.0032 0.0024 0.0127 0.0035 0.0045 0.0031 0.0100 0.0040 0.0041 
      H180.6  1 0.0040 0.0044 0.0034 0.0054 0.0055 0.0070 0.0051 0.8930 0.0029 0.0019 0.0139 0.0147 0.0054 0.0056 0.0090 0.0068 0.0121 
      H181.1  1 0.0044 0.0073 0.0168 0.0295 0.0058 0.0056 0.0187 0.0186 0.0041 0.0048 0.6847 0.0072 0.0150 0.0067 0.1041 0.0043 0.0625 
      H181.2  1 0.0089 0.0035 0.0048 0.0059 0.0041 0.0083 0.0053 0.0106 0.0030 0.0109 0.6950 0.0156 0.0137 0.0048 0.1690 0.0273 0.0094 
      H181.3  1 0.0165 0.0028 0.0078 0.0063 0.0046 0.0060 0.0060 0.0096 0.0055 0.0082 0.7102 0.0068 0.0248 0.0029 0.1371 0.0092 0.0360 
      H181.4  1 0.0049 0.0065 0.0188 0.0098 0.0414 0.0072 0.0139 0.0372 0.0056 0.0074 0.7477 0.0106 0.0076 0.0087 0.0323 0.0140 0.0264 
      H181.5  1 0.0142 0.0049 0.0101 0.0145 0.0048 0.0090 0.0039 0.0037 0.0079 0.0034 0.6439 0.0028 0.0063 0.0083 0.2491 0.0058 0.0076 
      H181.6  1 0.0066 0.0093 0.0041 0.0277 0.0111 0.0092 0.0081 0.0212 0.0072 0.0045 0.4584 0.0030 0.0059 0.0080 0.3758 0.0357 0.0042 
      H181.7  1 0.0035 0.0067 0.0095 0.0254 0.0071 0.0072 0.0083 0.0063 0.0053 0.0038 0.6430 0.0056 0.0041 0.0089 0.2428 0.0044 0.0081 
 H194.1_2004  1 0.0026 0.0035 0.0038 0.0019 0.0038 0.9391 0.0053 0.0028 0.0035 0.0026 0.0030 0.0043 0.0050 0.0043 0.0026 0.0066 0.0054 
 H194.2_2004  1 0.0049 0.0024 0.0028 0.0031 0.0043 0.9311 0.0163 0.0035 0.0029 0.0030 0.0035 0.0048 0.0039 0.0030 0.0025 0.0052 0.0029 
 H194.3_2004  1 0.0026 0.0031 0.0061 0.0033 0.0028 0.8720 0.0052 0.0038 0.0035 0.0067 0.0059 0.0071 0.0061 0.0382 0.0063 0.0120 0.0150 
 H194.4_2004  1 0.0034 0.0034 0.0034 0.0033 0.0048 0.9303 0.0043 0.0029 0.0027 0.0040 0.0041 0.0077 0.0063 0.0031 0.0038 0.0069 0.0056 
 H194.5_2004  1 0.0029 0.0049 0.0055 0.0035 0.0049 0.8630 0.0181 0.0027 0.0042 0.0084 0.0071 0.0053 0.0053 0.0245 0.0046 0.0218 0.0133 
 H194.6_2004  1 0.0031 0.0102 0.0040 0.0027 0.0047 0.8724 0.0077 0.0041 0.0033 0.0061 0.0067 0.0045 0.0127 0.0297 0.0050 0.0098 0.0132 
 H194.7_2004  1 0.0031 0.0023 0.0035 0.0028 0.0029 0.9486 0.0054 0.0028 0.0038 0.0026 0.0037 0.0035 0.0024 0.0038 0.0023 0.0032 0.0034 
 H194.8_2004  1 0.0035 0.0056 0.0035 0.0045 0.0059 0.9171 0.0049 0.0023 0.0025 0.0059 0.0060 0.0079 0.0049 0.0055 0.0032 0.0104 0.0064 
      H194.9  1 0.0054 0.0035 0.0035 0.0030 0.0041 0.9403 0.0039 0.0030 0.0028 0.0036 0.0045 0.0046 0.0043 0.0028 0.0023 0.0049 0.0035 
 H195.1_2003  1 0.0033 0.0029 0.0025 0.0029 0.0023 0.0039 0.0030 0.0026 0.0026 0.0029 0.0027 0.0033 0.0032 0.0030 0.0031 0.9517 0.0040 
 H195.1_2004  1 0.0032 0.0028 0.0039 0.0026 0.0031 0.0038 0.0030 0.0040 0.0031 0.0106 0.0061 0.9313 0.0036 0.0026 0.0028 0.0061 0.0074 
 H195.2_2003  1 0.0033 0.0046 0.0579 0.0085 0.0171 0.0090 0.0115 0.0043 0.0058 0.0126 0.0284 0.0402 0.0106 0.0031 0.0037 0.7755 0.0040 
 H195.2_2004  1 0.0029 0.0030 0.0096 0.0025 0.0025 0.0055 0.0032 0.0039 0.0029 0.0052 0.0047 0.9078 0.0036 0.0043 0.0038 0.0274 0.0071 
 H195.3_2003  1 0.0124 0.0060 0.0345 0.0204 0.0871 0.0091 0.0388 0.0089 0.0087 0.0137 0.0371 0.0189 0.0043 0.0110 0.0040 0.6820 0.0030 
 H195.3_2004  1 0.0043 0.0032 0.0036 0.0030 0.0024 0.0068 0.0038 0.0030 0.0037 0.0114 0.0067 0.8761 0.0071 0.0031 0.0039 0.0443 0.0135 
 H195.4_2003  1 0.0023 0.0044 0.0019 0.0031 0.0030 0.0060 0.0028 0.0024 0.0080 0.0036 0.0030 0.0418 0.0033 0.0031 0.0031 0.9016 0.0068 
 H195.4_2004  1 0.0037 0.0040 0.0081 0.0021 0.0026 0.0054 0.0042 0.0023 0.0032 0.0039 0.0035 0.9361 0.0038 0.0030 0.0036 0.0063 0.0042 
 H195.5_2003  1 0.0088 0.0054 0.0026 0.0027 0.0046 0.0041 0.0028 0.0045 0.0052 0.0154 0.0041 0.0081 0.0030 0.0032 0.0036 0.9173 0.0046 
 H195.5_2004  1 0.0038 0.0041 0.0033 0.0024 0.0028 0.0039 0.0025 0.0034 0.0034 0.0047 0.0032 0.9443 0.0034 0.0029 0.0031 0.0044 0.0045 
 H195.6_2003  1 0.0033 0.0064 0.0192 0.0059 0.0215 0.0056 0.0169 0.0059 0.0106 0.0091 0.0172 0.3290 0.0085 0.0044 0.0028 0.5295 0.0043 
 H195.6_2004  1 0.0033 0.0044 0.0042 0.0044 0.0024 0.0051 0.0059 0.0022 0.0024 0.0052 0.0032 0.9250 0.0030 0.0054 0.0042 0.0160 0.0039 
 H195.7_2003  1 0.0039 0.0063 0.0524 0.0053 0.0024 0.0062 0.0089 0.0028 0.0059 0.0069 0.0127 0.0597 0.0029 0.0052 0.0038 0.8107 0.0042 
 H195.7_2004  1 0.0033 0.0025 0.0059 0.0023 0.0043 0.0023 0.0034 0.0044 0.0032 0.0040 0.0035 0.9463 0.0033 0.0022 0.0025 0.0036 0.0030 
      H195.8  1 0.0036 0.0037 0.0034 0.0020 0.0028 0.0037 0.0031 0.0033 0.0029 0.0038 0.0029 0.9518 0.0031 0.0021 0.0023 0.0031 0.0023 
      H195.9  1 0.0022 0.0060 0.0049 0.0028 0.0024 0.0098 0.0054 0.0037 0.0034 0.0069 0.0051 0.9162 0.0033 0.0051 0.0030 0.0131 0.0069 
      H415.1  1 0.0086 0.0022 0.0154 0.0058 0.0527 0.0325 0.0057 0.0399 0.0083 0.0138 0.0063 0.0104 0.0098 0.0133 0.0081 0.7387 0.0285 
      H415.2  1 0.0035 0.0037 0.0147 0.0062 0.0246 0.1212 0.0271 0.0188 0.0759 0.0330 0.0160 0.0064 0.3996 0.1190 0.0425 0.0754 0.0123 
      H415.3  1 0.0037 0.0039 0.0074 0.0054 0.0061 0.0069 0.0038 0.0101 0.0140 0.0060 0.0189 0.0040 0.0130 0.0066 0.0986 0.7683 0.0234 
      H415.4  1 0.0024 0.0034 0.0030 0.0049 0.0106 0.0064 0.0047 0.0185 0.0035 0.0063 0.0036 0.0052 0.0083 0.0169 0.0031 0.8914 0.0080 
      H415.5  1 0.0029 0.0043 0.0041 0.0036 0.0036 0.0086 0.0027 0.0075 0.0035 0.0069 0.0091 0.0053 0.0298 0.0168 0.0090 0.8687 0.0137 
      H415.6  1 0.0032 0.0030 0.0036 0.0049 0.0098 0.0060 0.0035 0.0194 0.0067 0.0085 0.0035 0.0065 0.0082 0.0109 0.0027 0.8924 0.0072 
      H415.7  1 0.0028 0.0146 0.0120 0.0083 0.0124 0.0827 0.0421 0.0056 0.0388 0.0344 0.0132 0.0095 0.2181 0.0076 0.0877 0.3728 0.0374 
      H506.1  1 0.0030 0.0027 0.0025 0.0031 0.0020 0.0023 0.0027 0.0026 0.0036 0.0022 0.0041 0.0027 0.0023 0.0044 0.9533 0.0030 0.0036 
      H506.2  1 0.0022 0.0037 0.0025 0.0031 0.0018 0.0030 0.0025 0.0024 0.0030 0.0030 0.0034 0.0089 0.0027 0.0038 0.9454 0.0038 0.0048 
      H506.3  1 0.0024 0.0045 0.0082 0.0037 0.0032 0.0040 0.0051 0.0055 0.0056 0.0063 0.0092 0.0052 0.0035 0.0113 0.9129 0.0047 0.0049 
      H506.4  1 0.0028 0.0091 0.0043 0.0022 0.0042 0.0044 0.0063 0.0046 0.0042 0.0031 0.0034 0.0029 0.0045 0.0041 0.9305 0.0041 0.0054 
      H506.5  1 0.0027 0.0060 0.0019 0.0026 0.0025 0.0033 0.0048 0.0025 0.0042 0.0050 0.0036 0.0040 0.0040 0.0034 0.9394 0.0053 0.0047 
      H506.6  1 0.0027 0.0073 0.0090 0.0032 0.0060 0.0069 0.0206 0.0052 0.0081 0.0170 0.0065 0.0217 0.0045 0.0036 0.8630 0.0108 0.0039 
      H506.7  1 0.0023 0.0032 0.0025 0.0033 0.0019 0.0032 0.0029 0.0023 0.0027 0.0035 0.0041 0.0051 0.0031 0.0040 0.9477 0.0036 0.0046 
      H533.1  1 0.0032 0.0029 0.0020 0.0098 0.0018 0.0023 0.0029 0.0065 0.0025 0.0023 0.0053 0.0032 0.0018 0.0053 0.9367 0.0027 0.0086 
      H533.2  1 0.0023 0.0033 0.0023 0.0094 0.0018 0.0024 0.0025 0.0067 0.0022 0.0024 0.0056 0.0033 0.0028 0.0066 0.9326 0.0030 0.0109 
      H533.3  1 0.0027 0.0027 0.0028 0.0048 0.0029 0.0036 0.0066 0.0024 0.0027 0.0023 0.0049 0.0041 0.0022 0.0049 0.9419 0.0024 0.0059 
      H533.4  1 0.0036 0.0100 0.0035 0.0059 0.0044 0.0117 0.0179 0.0047 0.0029 0.0050 0.0059 0.0206 0.0034 0.0027 0.8782 0.0118 0.0078 
      H535.1  1 0.0023 0.9501 0.0022 0.0028 0.0030 0.0037 0.0033 0.0031 0.0020 0.0031 0.0030 0.0027 0.0042 0.0037 0.0031 0.0041 0.0036 
      H535.2  1 0.0025 0.9527 0.0020 0.0027 0.0019 0.0028 0.0037 0.0023 0.0045 0.0030 0.0034 0.0037 0.0023 0.0040 0.0035 0.0025 0.0023 
      H535.3  1 0.0043 0.9556 0.0018 0.0030 0.0019 0.0030 0.0026 0.0020 0.0033 0.0028 0.0033 0.0026 0.0023 0.0038 0.0028 0.0026 0.0020 
      H535.4  1 0.0029 0.9542 0.0021 0.0034 0.0024 0.0030 0.0023 0.0024 0.0022 0.0040 0.0028 0.0029 0.0026 0.0033 0.0026 0.0035 0.0034 
      H535.5  1 0.0020 0.9569 0.0021 0.0024 0.0024 0.0034 0.0032 0.0023 0.0021 0.0023 0.0026 0.0022 0.0029 0.0026 0.0030 0.0034 0.0041 
      H535.6  1 0.0035 0.9325 0.0020 0.0022 0.0060 0.0059 0.0064 0.0036 0.0020 0.0037 0.0037 0.0036 0.0098 0.0043 0.0030 0.0048 0.0029 
      H535.7  1 0.0018 0.9631 0.0018 0.0026 0.0017 0.0025 0.0029 0.0021 0.0018 0.0023 0.0020 0.0023 0.0019 0.0026 0.0032 0.0024 0.0028 
      H535.8  1 0.0023 0.9513 0.0022 0.0033 0.0031 0.0031 0.0035 0.0020 0.0026 0.0039 0.0036 0.0024 0.0024 0.0050 0.0023 0.0044 0.0025 
      H535.9  1 0.0034 0.9549 0.0020 0.0019 0.0031 0.0023 0.0036 0.0025 0.0023 0.0027 0.0032 0.0030 0.0035 0.0028 0.0034 0.0027 0.0027 
      H539.1  1 0.0033 0.0031 0.0021 0.0024 0.9501 0.0025 0.0039 0.0059 0.0024 0.0030 0.0032 0.0027 0.0063 0.0021 0.0018 0.0032 0.0019 
      H539.2  1 0.0308 0.0128 0.0357 0.0038 0.5911 0.0191 0.0945 0.1402 0.0075 0.0177 0.0103 0.0062 0.0054 0.0070 0.0062 0.0069 0.0048 
      H539.3  1 0.0125 0.0135 0.0090 0.0041 0.8361 0.0258 0.0220 0.0264 0.0038 0.0070 0.0039 0.0074 0.0064 0.0049 0.0036 0.0103 0.0032 
      H539.4  1 0.0033 0.0036 0.0057 0.0042 0.8852 0.0031 0.0067 0.0506 0.0043 0.0051 0.0041 0.0031 0.0043 0.0065 0.0033 0.0038 0.0031 
      H539.5  1 0.0028 0.0041 0.0036 0.0025 0.9437 0.0046 0.0055 0.0068 0.0025 0.0028 0.0037 0.0026 0.0041 0.0031 0.0027 0.0020 0.0026 
      H539.6  1 0.0024 0.0028 0.0029 0.0023 0.9297 0.0039 0.0093 0.0177 0.0025 0.0025 0.0033 0.0037 0.0064 0.0026 0.0022 0.0034 0.0022 
      H539.7  1 0.0048 0.0029 0.0052 0.0024 0.9406 0.0038 0.0048 0.0072 0.0034 0.0027 0.0026 0.0020 0.0042 0.0027 0.0029 0.0049 0.0030 
      H539.8  1 0.0228 0.0233 0.0132 0.0040 0.7729 0.0137 0.0111 0.0857 0.0046 0.0087 0.0050 0.0037 0.0046 0.0066 0.0050 0.0106 0.0045 
      H539.9  1 0.0028 0.0021 0.0053 0.0048 0.9357 0.0029 0.0065 0.0109 0.0036 0.0031 0.0034 0.0031 0.0025 0.0048 0.0033 0.0029 0.0025 
      H540.1  1 0.0020 0.0055 0.0041 0.0034 0.8690 0.0048 0.0611 0.0044 0.0053 0.0044 0.0084 0.0085 0.0046 0.0034 0.0044 0.0032 0.0035 
      H540.2  1 0.0030 0.0022 0.0041 0.0028 0.9315 0.0069 0.0088 0.0045 0.0043 0.0041 0.0053 0.0032 0.0037 0.0048 0.0038 0.0034 0.0034 
      H540.3  1 0.0130 0.0051 0.0073 0.0077 0.7970 0.0303 0.0105 0.0177 0.0076 0.0229 0.0054 0.0177 0.0079 0.0097 0.0051 0.0124 0.0228 
      H540.4  1 0.0069 0.0060 0.0102 0.0033 0.8878 0.0046 0.0113 0.0161 0.0105 0.0038 0.0106 0.0045 0.0056 0.0033 0.0070 0.0051 0.0035 
      H540.5  1 0.0046 0.0033 0.0095 0.0044 0.9189 0.0049 0.0060 0.0035 0.0045 0.0073 0.0066 0.0037 0.0055 0.0059 0.0030 0.0030 0.0053 
      H540.6  1 0.0048 0.0039 0.0109 0.0061 0.8515 0.0079 0.0326 0.0064 0.0139 0.0070 0.0194 0.0073 0.0074 0.0066 0.0066 0.0025 0.0052 
      H540.7  1 0.0077 0.0033 0.0047 0.0024 0.8797 0.0088 0.0070 0.0085 0.0064 0.0062 0.0146 0.0050 0.0073 0.0047 0.0092 0.0092 0.0152 
      H540.8  1 0.0032 0.0059 0.0063 0.0030 0.7849 0.0790 0.0529 0.0099 0.0034 0.0029 0.0058 0.0040 0.0156 0.0041 0.0040 0.0098 0.0052 
     H9558.1  1 0.0037 0.0075 0.0042 0.0075 0.9331 0.0044 0.0046 0.0030 0.0020 0.0027 0.0038 0.0019 0.0078 0.0027 0.0044 0.0046 0.0020 
     H9558.2  1 0.0093 0.0103 0.0057 0.0151 0.8617 0.0091 0.0047 0.0034 0.0078 0.0074 0.0204 0.0024 0.0070 0.0066 0.0107 0.0141 0.0044 
     H9558.3  1 0.0091 0.0054 0.0044 0.0479 0.8733 0.0062 0.0045 0.0037 0.0073 0.0060 0.0092 0.0025 0.0029 0.0069 0.0029 0.0054 0.0024 
     H9558.4  1 0.0044 0.0062 0.0059 0.0046 0.9407 0.0044 0.0037 0.0029 0.0030 0.0032 0.0038 0.0020 0.0034 0.0021 0.0042 0.0035 0.0021 
     H9558.5  1 0.0071 0.0091 0.0072 0.0033 0.9338 0.0023 0.0036 0.0049 0.0045 0.0054 0.0033 0.0017 0.0026 0.0030 0.0029 0.0026 0.0026 
     H9558.6  1 0.0042 0.0058 0.0030 0.0183 0.9169 0.0055 0.0041 0.0035 0.0055 0.0060 0.0039 0.0025 0.0048 0.0048 0.0035 0.0049 0.0025 
    kos339.1  1 0.0031 0.0046 0.0031 0.0062 0.0068 0.0033 0.0078 0.0047 0.0187 0.0046 0.0192 0.0026 0.0084 0.0042 0.0243 0.0038 0.8746 
    kos339.2  1 0.0035 0.0041 0.0044 0.0062 0.0034 0.0049 0.0031 0.0050 0.0081 0.0053 0.0057 0.0069 0.0042 0.0044 0.0096 0.0047 0.9166 
    kos339.3  1 0.0031 0.0055 0.0028 0.0024 0.0029 0.0038 0.0045 0.0040 0.0023 0.0021 0.0034 0.0028 0.0031 0.0029 0.0033 0.0054 0.9456 
    kos339.4  1 0.0034 0.0050 0.0031 0.0023 0.0038 0.0047 0.0040 0.0041 0.0023 0.0030 0.0039 0.0035 0.0048 0.0023 0.0043 0.0080 0.9375 
    kos339.5  1 0.0037 0.0032 0.0028 0.0029 0.0042 0.0033 0.0032 0.0035 0.0064 0.0031 0.0244 0.0031 0.0073 0.0049 0.0157 0.0031 0.9052 
    kos339.6  1 0.0027 0.0027 0.0031 0.0034 0.0024 0.0057 0.0031 0.0028 0.0070 0.0047 0.0084 0.0059 0.0032 0.0033 0.0063 0.0025 0.9329 
    kos339.7  1 0.0030 0.0120 0.0028 0.0025 0.0030 0.0030 0.0036 0.0037 0.0023 0.0026 0.0036 0.0024 0.0027 0.0023 0.0058 0.0046 0.9399 
    kos339.8  1 0.0036 0.0027 0.0036 0.0033 0.0022 0.0030 0.0034 0.0036 0.0051 0.0033 0.0046 0.0030 0.0041 0.0036 0.0174 0.0073 0.9264 
    kos339.9  1 0.0021 0.0033 0.0037 0.0063 0.0147 0.0073 0.0084 0.0153 0.0062 0.0097 0.0200 0.0087 0.0348 0.0075 0.0082 0.0067 0.8370 
      H409.1 12 0.0030 0.0023 0.0032 0.0030 0.0019 0.0037 0.0024 0.0020 0.0040 0.0037 0.0042 0.0031 0.0024 0.9485 0.0044 0.0030 0.0054 
     H409.10 12 0.0083 0.0031 0.0147 0.0026 0.0079 0.0029 0.0037 0.0102 0.0073 0.0084 0.0061 0.0032 0.0053 0.8744 0.0307 0.0077 0.0037 
      H409.2 12 0.0026 0.0060 0.0044 0.0026 0.0043 0.0064 0.0025 0.0024 0.0032 0.0096 0.0035 0.0034 0.0043 0.9243 0.0058 0.0087 0.0059 
      H409.3 12 0.0036 0.0036 0.0038 0.0037 0.0028 0.0056 0.0030 0.0034 0.0041 0.0053 0.0024 0.0028 0.0033 0.9400 0.0058 0.0029 0.0037 
      H409.4 12 0.0023 0.0035 0.0039 0.0040 0.0027 0.0041 0.0021 0.0022 0.0028 0.0049 0.0034 0.0023 0.0026 0.9503 0.0030 0.0024 0.0035 
      H409.5 12 0.0032 0.0042 0.0027 0.0040 0.0026 0.0033 0.0063 0.0032 0.0031 0.0035 0.0028 0.0036 0.0038 0.9438 0.0039 0.0035 0.0025 
      H409.6 12 0.0096 0.0079 0.0053 0.0567 0.0085 0.0090 0.0092 0.0094 0.0095 0.0071 0.0116 0.0053 0.0034 0.8351 0.0063 0.0030 0.0031 
      H409.7 12 0.0036 0.0025 0.0038 0.0052 0.0026 0.0062 0.0028 0.0026 0.0052 0.0065 0.0057 0.0046 0.0040 0.9282 0.0049 0.0054 0.0064 
      H409.8 12 0.0042 0.0028 0.0024 0.0034 0.0028 0.0031 0.0047 0.0032 0.0060 0.0024 0.0054 0.0025 0.0038 0.9427 0.0042 0.0029 0.0036 
      H409.9 12 0.0246 0.0115 0.0046 0.0055 0.2654 0.0051 0.0165 0.0362 0.0391 0.0058 0.0113 0.0058 0.0045 0.4217 0.1323 0.0071 0.0030 
      H413.1 12 0.9488 0.0029 0.0034 0.0064 0.0021 0.0026 0.0027 0.0037 0.0054 0.0025 0.0043 0.0018 0.0024 0.0026 0.0022 0.0026 0.0036 
      H413.2 12 0.9564 0.0030 0.0028 0.0043 0.0027 0.0030 0.0020 0.0024 0.0025 0.0022 0.0034 0.0021 0.0023 0.0020 0.0027 0.0028 0.0034 
      H413.3 12 0.9517 0.0020 0.0039 0.0033 0.0030 0.0032 0.0029 0.0024 0.0059 0.0038 0.0026 0.0022 0.0029 0.0026 0.0028 0.0024 0.0022 
      H413.4 12 0.9331 0.0021 0.0023 0.0038 0.0032 0.0056 0.0025 0.0030 0.0074 0.0054 0.0073 0.0035 0.0034 0.0042 0.0042 0.0030 0.0060 
      H413.5 12 0.9276 0.0020 0.0037 0.0026 0.0133 0.0027 0.0029 0.0141 0.0023 0.0033 0.0047 0.0034 0.0084 0.0022 0.0028 0.0019 0.0021 
      H413.6 12 0.8939 0.0019 0.0153 0.0057 0.0133 0.0039 0.0028 0.0099 0.0077 0.0076 0.0158 0.0037 0.0024 0.0034 0.0019 0.0056 0.0050 
      H413.7 12 0.9574 0.0023 0.0031 0.0030 0.0031 0.0030 0.0022 0.0026 0.0027 0.0033 0.0029 0.0016 0.0021 0.0023 0.0027 0.0027 0.0030 
      H563.1 12 0.0113 0.0020 0.0042 0.0035 0.0110 0.0028 0.0054 0.0038 0.9280 0.0061 0.0035 0.0030 0.0023 0.0044 0.0027 0.0028 0.0032 
      H563.2 12 0.0107 0.0035 0.0057 0.0065 0.0050 0.0115 0.0042 0.0060 0.8953 0.0056 0.0058 0.0038 0.0046 0.0129 0.0047 0.0048 0.0094 
      H563.3 12 0.0038 0.0017 0.0020 0.0031 0.0084 0.0028 0.0049 0.0033 0.9406 0.0070 0.0064 0.0022 0.0025 0.0035 0.0028 0.0028 0.0022 
      H563.4 12 0.0158 0.0029 0.0049 0.0080 0.0041 0.0042 0.0059 0.0064 0.9116 0.0071 0.0032 0.0032 0.0036 0.0078 0.0036 0.0020 0.0057 
      H563.5 12 0.0047 0.0016 0.0044 0.0038 0.0076 0.0026 0.0040 0.0036 0.9388 0.0086 0.0044 0.0028 0.0022 0.0031 0.0021 0.0026 0.0030 
      H563.6 12 0.0094 0.0031 0.0033 0.0056 0.0042 0.0059 0.0036 0.0035 0.9107 0.0095 0.0057 0.0029 0.0040 0.0076 0.0050 0.0040 0.0119 
      H563.7 12 0.0115 0.0022 0.0025 0.0061 0.0034 0.0043 0.0029 0.0043 0.9172 0.0105 0.0065 0.0023 0.0038 0.0062 0.0038 0.0040 0.0086 
      H563.8 12 0.0072 0.0020 0.0057 0.0039 0.0123 0.0050 0.0055 0.0054 0.9138 0.0111 0.0068 0.0026 0.0033 0.0050 0.0035 0.0029 0.0041 
      H563.9 12 0.0080 0.0023 0.0052 0.0046 0.0041 0.0062 0.0038 0.0040 0.9017 0.0049 0.0087 0.0036 0.0047 0.0193 0.0050 0.0043 0.0096 
     H7374.1 12 0.0027 0.0044 0.0033 0.0108 0.0046 0.0077 0.0050 0.0033 0.0046 0.9127 0.0039 0.0045 0.0042 0.0090 0.0025 0.0127 0.0042 
     H7374.2 12 0.0073 0.0046 0.0065 0.0064 0.0080 0.0066 0.0074 0.0025 0.0067 0.9170 0.0035 0.0039 0.0030 0.0053 0.0038 0.0051 0.0023 
     H7374.3 12 0.0037 0.0046 0.0043 0.0085 0.0071 0.0121 0.0099 0.0042 0.0114 0.8665 0.0059 0.0083 0.0057 0.0076 0.0058 0.0303 0.0041 
     H7374.4 12 0.0048 0.0050 0.0058 0.0035 0.0048 0.0048 0.0029 0.0031 0.0045 0.9317 0.0043 0.0040 0.0035 0.0043 0.0030 0.0032 0.0068 
     H7374.5 12 0.0036 0.0028 0.0035 0.0046 0.0054 0.0029 0.0040 0.0034 0.0045 0.9400 0.0052 0.0027 0.0034 0.0036 0.0029 0.0033 0.0043 
     H7374.6 12 0.0033 0.0105 0.0030 0.0035 0.0071 0.0170 0.0042 0.0046 0.0083 0.8785 0.0059 0.0091 0.0086 0.0045 0.0055 0.0191 0.0071 
     H7374.7 12 0.0039 0.0040 0.0038 0.0038 0.0026 0.0033 0.0030 0.0022 0.0036 0.9430 0.0044 0.0038 0.0043 0.0039 0.0026 0.0029 0.0052 
     H7374.8 12 0.0028 0.0029 0.0025 0.0066 0.0023 0.0038 0.0031 0.0025 0.0069 0.9296 0.0047 0.0043 0.0029 0.0063 0.0036 0.0090 0.0061 
     H7374.9 12 0.0032 0.0021 0.0050 0.0046 0.0075 0.0034 0.0038 0.0039 0.0039 0.9360 0.0050 0.0043 0.0045 0.0033 0.0028 0.0023 0.0043 
     H9563.1 12 0.0040 0.0020 0.0032 0.0030 0.0041 0.0042 0.0045 0.0036 0.9421 0.0035 0.0035 0.0027 0.0034 0.0027 0.0045 0.0049 0.0040 
     H9563.2 12 0.0057 0.0028 0.0033 0.0033 0.0064 0.0032 0.0059 0.0050 0.9385 0.0030 0.0038 0.0033 0.0032 0.0021 0.0031 0.0042 0.0031 
     H9563.3 12 0.0031 0.0050 0.0046 0.0073 0.0022 0.0035 0.0032 0.0036 0.9304 0.0039 0.0033 0.0040 0.0025 0.0056 0.0085 0.0057 0.0038 
     H9563.4 12 0.0054 0.0218 0.0044 0.0051 0.0069 0.0134 0.0118 0.0189 0.8557 0.0064 0.0041 0.0070 0.0049 0.0109 0.0072 0.0103 0.0056 
     H9563.5 12 0.0042 0.0047 0.0046 0.0038 0.0043 0.0084 0.0111 0.0087 0.9099 0.0026 0.0032 0.0042 0.0068 0.0077 0.0068 0.0040 0.0049 
     H9563.6 12 0.0039 0.0042 0.0041 0.0146 0.0031 0.0036 0.0038 0.0051 0.9210 0.0045 0.0064 0.0042 0.0021 0.0042 0.0069 0.0053 0.0029 
     H9563.7 12 0.0030 0.0066 0.0045 0.0091 0.0029 0.0031 0.0064 0.0032 0.9316 0.0045 0.0033 0.0041 0.0025 0.0035 0.0058 0.0038 0.0022 
     H9563.8 12 0.0042 0.0059 0.0106 0.0081 0.0050 0.0089 0.0100 0.0359 0.8412 0.0038 0.0052 0.0048 0.0056 0.0111 0.0118 0.0140 0.0139 
     H9563.9 12 0.0043 0.0027 0.0048 0.0076 0.0048 0.0056 0.0052 0.0097 0.9144 0.0046 0.0047 0.0036 0.0043 0.0027 0.0092 0.0072 0.0044 
     H9572.1 12 0.0109 0.0056 0.0052 0.0082 0.0306 0.0131 0.0112 0.0152 0.0560 0.0098 0.7833 0.0068 0.0126 0.0066 0.0124 0.0076 0.0048 
     H9572.2 12 0.0054 0.0031 0.0036 0.0101 0.0070 0.0351 0.0148 0.0359 0.1514 0.0334 0.5931 0.0502 0.0200 0.0134 0.0050 0.0128 0.0056 
     H9572.3 12 0.0079 0.0126 0.0043 0.0253 0.0232 0.0134 0.1127 0.0054 0.0154 0.0672 0.6049 0.0043 0.0105 0.0283 0.0057 0.0136 0.0454 
     H9572.4 12 0.0036 0.0052 0.0025 0.0032 0.0069 0.0063 0.0057 0.0033 0.0055 0.0090 0.9160 0.0039 0.0060 0.0044 0.0047 0.0036 0.0102 
     H9572.5 12 0.0029 0.0058 0.0033 0.0062 0.0097 0.0148 0.0160 0.0063 0.0050 0.0024 0.8793 0.0076 0.0041 0.0028 0.0067 0.0037 0.0231 
