      H105.1  1 0.0140 0.0050 0.0051 0.9290 0.0118 0.0108 0.0070 0.0067 0.0055 0.0050 
      H105.2  1 0.0143 0.0040 0.0127 0.8858 0.0159 0.0044 0.0069 0.0260 0.0227 0.0073 
      H105.3  1 0.0029 0.0051 0.0037 0.9571 0.0062 0.0035 0.0034 0.0057 0.0058 0.0066 
      H105.4  1 0.0087 0.0140 0.0082 0.8964 0.0130 0.0067 0.0079 0.0138 0.0196 0.0117 
      H105.5  1 0.1049 0.0080 0.0181 0.7136 0.0701 0.0090 0.0219 0.0142 0.0249 0.0153 
      H105.6  1 0.0057 0.0144 0.0089 0.8923 0.0180 0.0072 0.0120 0.0055 0.0168 0.0193 
      H105.7  1 0.0099 0.0038 0.0104 0.9466 0.0054 0.0046 0.0037 0.0057 0.0055 0.0043 
      H105.8  1 0.0040 0.0032 0.0040 0.9467 0.0075 0.0042 0.0045 0.0130 0.0069 0.0060 
      H115.1  1 0.0063 0.0032 0.0098 0.0144 0.0079 0.0073 0.0155 0.0072 0.9254 0.0030 
      H115.2  1 0.0095 0.0032 0.0068 0.0057 0.0042 0.0058 0.0401 0.0035 0.9177 0.0034 
      H115.3  1 0.0041 0.0042 0.0049 0.0052 0.0029 0.0064 0.0113 0.0034 0.9529 0.0047 
      H115.4  1 0.0056 0.0077 0.0123 0.0042 0.0032 0.0128 0.0051 0.0292 0.9131 0.0067 
      H115.5  1 0.0087 0.0117 0.0069 0.0107 0.0049 0.0350 0.0219 0.0065 0.8840 0.0097 
      H115.6  1 0.0086 0.0072 0.0131 0.0065 0.0101 0.0224 0.0198 0.0039 0.9056 0.0029 
      H115.7  1 0.0179 0.0057 0.0138 0.0241 0.0070 0.0077 0.0084 0.0059 0.9054 0.0040 
      H115.8  1 0.0049 0.0044 0.0069 0.0075 0.0045 0.0086 0.0118 0.0050 0.9446 0.0019 
      H115.9  1 0.0088 0.0034 0.0061 0.0144 0.0065 0.0070 0.0847 0.0063 0.8584 0.0045 
      H145.1  1 0.0084 0.9217 0.0295 0.0042 0.0091 0.0058 0.0070 0.0039 0.0052 0.0051 
      H145.2  1 0.0058 0.9499 0.0070 0.0040 0.0049 0.0056 0.0061 0.0041 0.0080 0.0047 
      H145.3  1 0.0040 0.9467 0.0252 0.0035 0.0042 0.0029 0.0028 0.0027 0.0044 0.0035 
      H145.4  1 0.0108 0.9493 0.0087 0.0046 0.0070 0.0048 0.0032 0.0037 0.0040 0.0038 
      H145.5  1 0.0037 0.9301 0.0417 0.0032 0.0047 0.0035 0.0035 0.0033 0.0038 0.0025 
      H145.6  1 0.0051 0.9637 0.0053 0.0058 0.0030 0.0046 0.0030 0.0032 0.0029 0.0033 
      H145.7  1 0.0044 0.9686 0.0043 0.0025 0.0035 0.0041 0.0022 0.0031 0.0038 0.0035 
      H149.1  1 0.0038 0.0047 0.0036 0.0028 0.0053 0.9685 0.0025 0.0030 0.0029 0.0029 
      H149.2  1 0.0055 0.0050 0.0059 0.0048 0.0062 0.9587 0.0031 0.0031 0.0045 0.0032 
      H149.3  1 0.0613 0.0416 0.0307 0.0260 0.0079 0.7585 0.0049 0.0256 0.0307 0.0128 
      H149.4  1 0.0040 0.0030 0.0047 0.0059 0.0040 0.9577 0.0033 0.0106 0.0034 0.0035 
      H149.5  1 0.0193 0.0206 0.0200 0.0352 0.0075 0.8499 0.0035 0.0242 0.0046 0.0152 
      H149.6  1 0.0057 0.0063 0.0044 0.0050 0.0044 0.9618 0.0024 0.0038 0.0033 0.0030 
      H149.7  1 0.0698 0.0067 0.0127 0.0216 0.0121 0.7754 0.0041 0.0770 0.0146 0.0059 
      H150.1  1 0.0045 0.0049 0.0058 0.0063 0.0054 0.0028 0.1828 0.0026 0.7828 0.0020 
      H150.2  1 0.0065 0.0033 0.0059 0.0044 0.0059 0.0059 0.0434 0.0043 0.9165 0.0038 
      H150.3  1 0.0115 0.0063 0.0198 0.0124 0.0133 0.0059 0.5112 0.0038 0.4133 0.0024 
      H150.4  1 0.0060 0.0083 0.0122 0.0089 0.0070 0.0038 0.6915 0.0033 0.2571 0.0019 
      H150.5  1 0.0106 0.0056 0.0072 0.0097 0.0060 0.0049 0.0510 0.0050 0.8968 0.0032 
      H150.6  1 0.0082 0.0082 0.0064 0.0042 0.0097 0.0051 0.0084 0.0062 0.9390 0.0046 
      H150.7  1 0.0049 0.0053 0.0201 0.0099 0.0040 0.0064 0.5189 0.0055 0.4229 0.0022 
   H169607.1  1 0.0201 0.0231 0.9062 0.0040 0.0056 0.0054 0.0140 0.0093 0.0090 0.0033 
   H169607.2  1 0.0129 0.0061 0.9394 0.0079 0.0042 0.0036 0.0082 0.0051 0.0048 0.0079 
   H169607.3  1 0.1187 0.0291 0.7767 0.0070 0.0092 0.0057 0.0080 0.0154 0.0235 0.0067 
   H169607.4  1 0.0064 0.0110 0.9527 0.0037 0.0065 0.0027 0.0055 0.0027 0.0033 0.0054 
   H169607.5  1 0.2009 0.0068 0.7447 0.0062 0.0031 0.0035 0.0191 0.0041 0.0058 0.0057 
   H169607.6  1 0.0075 0.0053 0.9518 0.0069 0.0040 0.0029 0.0056 0.0051 0.0035 0.0075 
   H169607.7  1 0.0283 0.0095 0.9008 0.0056 0.0036 0.0053 0.0046 0.0153 0.0216 0.0053 
   H169607.8  1 0.0246 0.0074 0.9192 0.0064 0.0119 0.0036 0.0057 0.0053 0.0063 0.0095 
   H169633.1  1 0.0149 0.0153 0.0033 0.0101 0.0058 0.9273 0.0067 0.0045 0.0073 0.0047 
   H169633.2  1 0.0129 0.0197 0.0028 0.0098 0.0691 0.8476 0.0032 0.0095 0.0147 0.0107 
   H169633.3  1 0.0134 0.0085 0.0046 0.0084 0.0083 0.9315 0.0059 0.0061 0.0061 0.0071 
   H169633.4  1 0.0097 0.0098 0.0061 0.0092 0.0086 0.9291 0.0073 0.0053 0.0058 0.0090 
   H169633.5  1 0.0111 0.0080 0.0043 0.0087 0.0115 0.9269 0.0096 0.0053 0.0078 0.0067 
   H169688.1  1 0.9226 0.0040 0.0256 0.0080 0.0065 0.0051 0.0069 0.0124 0.0043 0.0045 
   H169688.2  1 0.9462 0.0067 0.0046 0.0061 0.0068 0.0042 0.0050 0.0121 0.0060 0.0025 
   H169688.3  1 0.9510 0.0068 0.0036 0.0064 0.0080 0.0054 0.0062 0.0055 0.0054 0.0017 
   H169688.4  1 0.9307 0.0044 0.0043 0.0027 0.0063 0.0050 0.0279 0.0044 0.0114 0.0028 
   H169688.5  1 0.9324 0.0054 0.0042 0.0027 0.0048 0.0039 0.0261 0.0041 0.0136 0.0027 
   H169688.6  1 0.8866 0.0042 0.0036 0.0040 0.0038 0.0091 0.0110 0.0668 0.0061 0.0048 
   H169688.7  1 0.8995 0.0339 0.0096 0.0037 0.0078 0.0042 0.0120 0.0057 0.0219 0.0018 
   H171901.1  1 0.3975 0.0316 0.0269 0.2237 0.0115 0.0161 0.0381 0.0149 0.2370 0.0027 
   H171901.2  1 0.0185 0.0084 0.0207 0.0146 0.0146 0.8795 0.0204 0.0039 0.0159 0.0034 
   H171901.3  1 0.0745 0.0091 0.0168 0.0211 0.0187 0.7672 0.0331 0.0110 0.0389 0.0097 
   H171901.4  1 0.0104 0.0067 0.0099 0.0089 0.0144 0.8863 0.0165 0.0058 0.0358 0.0053 
   H171901.5  1 0.0187 0.0127 0.0296 0.0075 0.0241 0.8054 0.0168 0.0094 0.0705 0.0052 
   H171901.6  1 0.0581 0.0264 0.0291 0.0084 0.0371 0.7023 0.0400 0.0181 0.0713 0.0093 
   H171901.7  1 0.4510 0.0126 0.0086 0.0069 0.0088 0.4517 0.0139 0.0160 0.0188 0.0117 
   H171902.1  1 0.0041 0.0066 0.9548 0.0026 0.0056 0.0054 0.0061 0.0078 0.0037 0.0033 
  H171902.10  1 0.0071 0.0036 0.9512 0.0033 0.0058 0.0110 0.0032 0.0063 0.0047 0.0038 
   H171902.2  1 0.0053 0.0080 0.9261 0.0044 0.0041 0.0243 0.0053 0.0112 0.0088 0.0026 
   H171902.3  1 0.0040 0.0043 0.9224 0.0038 0.0049 0.0322 0.0075 0.0056 0.0113 0.0040 
   H171902.4  1 0.0078 0.0069 0.8545 0.0050 0.0076 0.0993 0.0047 0.0047 0.0066 0.0029 
   H171902.6  1 0.0042 0.0056 0.9516 0.0026 0.0051 0.0143 0.0040 0.0047 0.0043 0.0036 
   H171902.7  1 0.0075 0.0047 0.9496 0.0031 0.0074 0.0092 0.0029 0.0041 0.0090 0.0025 
   H171902.8  1 0.0065 0.0070 0.9373 0.0032 0.0047 0.0180 0.0066 0.0068 0.0063 0.0036 
   H171902.9  1 0.0044 0.0048 0.9522 0.0034 0.0045 0.0038 0.0124 0.0035 0.0079 0.0030 
   H171903.1  1 0.3711 0.0116 0.4136 0.0202 0.0085 0.0069 0.0506 0.0092 0.1006 0.0077 
   H171903.2  1 0.4972 0.0158 0.1596 0.0753 0.0324 0.0052 0.0803 0.0081 0.0970 0.0291 
   H171903.3  1 0.7603 0.0041 0.0636 0.0223 0.0559 0.0056 0.0414 0.0047 0.0194 0.0226 
   H171903.4  1 0.7324 0.0109 0.1999 0.0060 0.0055 0.0033 0.0086 0.0050 0.0241 0.0044 
   H171903.5  1 0.7808 0.0084 0.0592 0.0205 0.0180 0.0157 0.0295 0.0086 0.0534 0.0058 
   H171903.6  1 0.8898 0.0053 0.0626 0.0038 0.0036 0.0066 0.0055 0.0060 0.0101 0.0067 
      H177.1  1 0.8076 0.0063 0.0429 0.0066 0.0369 0.0262 0.0173 0.0325 0.0119 0.0117 
      H177.2  1 0.2244 0.2309 0.1211 0.0097 0.1317 0.0809 0.0354 0.1094 0.0454 0.0111 
      H177.3  1 0.4919 0.0504 0.1357 0.0097 0.0756 0.1061 0.0267 0.0507 0.0337 0.0195 
      H177.4  1 0.5601 0.0141 0.0142 0.0080 0.0109 0.0152 0.0043 0.3340 0.0047 0.0345 
      H177.5  1 0.8291 0.0112 0.0074 0.0121 0.0273 0.0174 0.0065 0.0657 0.0164 0.0070 
      H177.6  1 0.4028 0.0237 0.0778 0.0101 0.0809 0.2770 0.0331 0.0545 0.0271 0.0131 
      H179.1  1 0.0145 0.0040 0.0058 0.0105 0.0132 0.0072 0.0091 0.9220 0.0114 0.0023 
      H179.2  1 0.0122 0.0033 0.0051 0.0063 0.0217 0.0044 0.0053 0.9056 0.0134 0.0225 
      H179.3  1 0.0816 0.0037 0.0111 0.0065 0.0120 0.0053 0.0180 0.8358 0.0206 0.0053 
      H179.4  1 0.0790 0.0179 0.0078 0.0078 0.0429 0.0188 0.0067 0.7338 0.0072 0.0781 
      H180.1  1 0.0050 0.0024 0.0104 0.0045 0.0043 0.0036 0.0048 0.0224 0.9394 0.0033 
      H180.2  1 0.0041 0.0029 0.0032 0.0035 0.0034 0.0028 0.0045 0.0058 0.9659 0.0038 
      H180.3  1 0.0050 0.0063 0.0043 0.0036 0.0051 0.0043 0.0106 0.0051 0.9514 0.0043 
      H180.4  1 0.0050 0.0035 0.0048 0.0052 0.0034 0.0059 0.0048 0.0106 0.9533 0.0035 
      H180.5  1 0.0057 0.0045 0.0038 0.0035 0.0030 0.0043 0.0035 0.0106 0.9566 0.0046 
      H180.6  1 0.0070 0.0129 0.0067 0.0040 0.0047 0.0117 0.0056 0.0066 0.9364 0.0044 
      H181.1  1 0.0988 0.0114 0.0465 0.0305 0.0173 0.1660 0.0173 0.5335 0.0718 0.0070 
      H181.2  1 0.0188 0.0548 0.0378 0.0221 0.0290 0.0291 0.0101 0.7268 0.0652 0.0062 
      H181.3  1 0.0161 0.0281 0.0707 0.0620 0.0149 0.1279 0.0210 0.6171 0.0373 0.0048 
      H181.4  1 0.0745 0.0307 0.0315 0.0444 0.0378 0.2258 0.2533 0.1628 0.1212 0.0181 
      H181.5  1 0.0133 0.0038 0.0091 0.0212 0.0103 0.0143 0.0055 0.9119 0.0056 0.0050 
      H181.6  1 0.0059 0.0051 0.0091 0.0076 0.0167 0.0080 0.0142 0.8897 0.0369 0.0067 
      H181.7  1 0.0137 0.0062 0.0065 0.0099 0.0073 0.0147 0.0122 0.9134 0.0072 0.0088 
 H194.1_2004  1 0.9522 0.0104 0.0074 0.0038 0.0048 0.0040 0.0070 0.0026 0.0038 0.0038 
 H194.2_2004  1 0.9137 0.0210 0.0252 0.0057 0.0047 0.0049 0.0120 0.0032 0.0067 0.0029 
 H194.3_2004  1 0.8378 0.0272 0.0083 0.0035 0.0694 0.0306 0.0037 0.0116 0.0041 0.0039 
 H194.4_2004  1 0.8709 0.0727 0.0126 0.0039 0.0050 0.0123 0.0060 0.0080 0.0040 0.0046 
 H194.5_2004  1 0.8810 0.0178 0.0140 0.0064 0.0299 0.0237 0.0072 0.0087 0.0039 0.0073 
 H194.6_2004  1 0.8736 0.0133 0.0122 0.0036 0.0372 0.0182 0.0079 0.0081 0.0050 0.0209 
 H194.7_2004  1 0.9592 0.0086 0.0038 0.0062 0.0042 0.0034 0.0047 0.0032 0.0037 0.0030 
 H194.8_2004  1 0.8752 0.0316 0.0139 0.0068 0.0227 0.0170 0.0136 0.0063 0.0045 0.0084 
      H194.9  1 0.9061 0.0351 0.0143 0.0054 0.0054 0.0060 0.0140 0.0042 0.0049 0.0046 
 H195.1_2003  1 0.0112 0.9146 0.0087 0.0045 0.0182 0.0217 0.0075 0.0046 0.0046 0.0044 
 H195.1_2004  1 0.0048 0.9613 0.0047 0.0036 0.0053 0.0066 0.0027 0.0036 0.0041 0.0034 
 H195.2_2003  1 0.0387 0.8507 0.0232 0.0150 0.0141 0.0086 0.0249 0.0064 0.0068 0.0116 
 H195.2_2004  1 0.0038 0.9709 0.0027 0.0031 0.0039 0.0037 0.0029 0.0024 0.0037 0.0030 
 H195.3_2003  1 0.0598 0.6492 0.0226 0.0285 0.0149 0.0059 0.2023 0.0038 0.0077 0.0053 
 H195.3_2004  1 0.0046 0.9596 0.0046 0.0032 0.0053 0.0101 0.0031 0.0036 0.0031 0.0028 
 H195.4_2003  1 0.0056 0.9501 0.0054 0.0041 0.0083 0.0100 0.0046 0.0048 0.0036 0.0036 
 H195.4_2004  1 0.0051 0.9669 0.0040 0.0030 0.0035 0.0041 0.0027 0.0040 0.0026 0.0040 
 H195.5_2003  1 0.0110 0.8956 0.0073 0.0084 0.0228 0.0213 0.0096 0.0054 0.0118 0.0066 
 H195.5_2004  1 0.0049 0.9605 0.0040 0.0032 0.0050 0.0048 0.0035 0.0049 0.0043 0.0049 
 H195.6_2003  1 0.0048 0.9312 0.0149 0.0065 0.0052 0.0050 0.0180 0.0031 0.0075 0.0038 
 H195.6_2004  1 0.0053 0.9647 0.0046 0.0046 0.0057 0.0035 0.0021 0.0036 0.0026 0.0034 
 H195.7_2003  1 0.0739 0.8412 0.0124 0.0099 0.0244 0.0131 0.0052 0.0071 0.0047 0.0082 
 H195.7_2004  1 0.0040 0.9665 0.0040 0.0035 0.0036 0.0032 0.0041 0.0032 0.0048 0.0028 
      H195.8  1 0.0043 0.9691 0.0025 0.0040 0.0035 0.0031 0.0034 0.0027 0.0035 0.0038 
      H195.9  1 0.0054 0.9623 0.0032 0.0031 0.0046 0.0067 0.0030 0.0030 0.0046 0.0041 
      H415.1  1 0.0297 0.0177 0.0068 0.0061 0.5505 0.1490 0.0897 0.0101 0.1374 0.0030 
      H415.2  1 0.1931 0.0046 0.1177 0.0209 0.5161 0.0211 0.0298 0.0774 0.0140 0.0052 
      H415.3  1 0.0312 0.0102 0.0095 0.0204 0.4615 0.2490 0.0120 0.1107 0.0883 0.0073 
      H415.4  1 0.0102 0.0159 0.0066 0.0043 0.7188 0.0453 0.0348 0.0052 0.1537 0.0053 
      H415.5  1 0.0327 0.0215 0.0083 0.0065 0.6553 0.1366 0.0076 0.0121 0.1139 0.0056 
      H415.6  1 0.0138 0.0148 0.0076 0.0051 0.7003 0.0472 0.0355 0.0049 0.1672 0.0036 
      H415.7  1 0.3185 0.0261 0.1693 0.0162 0.1997 0.1273 0.0159 0.0911 0.0135 0.0224 
      H506.1  1 0.0023 0.0036 0.0026 0.0038 0.0035 0.0054 0.0019 0.9698 0.0031 0.0039 
      H506.2  1 0.0029 0.0061 0.0030 0.0031 0.0044 0.0048 0.0020 0.9671 0.0029 0.0036 
      H506.3  1 0.0052 0.0049 0.0052 0.0041 0.0064 0.0047 0.0034 0.9558 0.0066 0.0039 
      H506.4  1 0.0051 0.0032 0.0079 0.0041 0.0047 0.0047 0.0043 0.9482 0.0047 0.0133 
      H506.5  1 0.0038 0.0046 0.0053 0.0032 0.0044 0.0067 0.0030 0.9587 0.0027 0.0075 
      H506.6  1 0.0111 0.0205 0.0084 0.0060 0.0080 0.0037 0.0051 0.9236 0.0061 0.0073 
      H506.7  1 0.0030 0.0050 0.0031 0.0027 0.0061 0.0054 0.0020 0.9670 0.0024 0.0034 
      H533.1  1 0.0026 0.0032 0.0027 0.0038 0.0039 0.0049 0.0019 0.9688 0.0042 0.0041 
      H533.2  1 0.0030 0.0033 0.0026 0.0039 0.0051 0.0079 0.0024 0.9624 0.0048 0.0046 
      H533.3  1 0.0030 0.0034 0.0046 0.0036 0.0028 0.0079 0.0028 0.9651 0.0034 0.0034 
      H533.4  1 0.0106 0.0207 0.0066 0.0037 0.0035 0.0109 0.0037 0.9286 0.0039 0.0078 
      H535.1  1 0.0032 0.0030 0.0040 0.0023 0.0035 0.0030 0.0046 0.0033 0.0031 0.9701 
      H535.2  1 0.0032 0.0034 0.0033 0.0040 0.0038 0.0027 0.0024 0.0051 0.0025 0.9697 
      H535.3  1 0.0031 0.0033 0.0028 0.0033 0.0027 0.0025 0.0022 0.0032 0.0026 0.9744 
      H535.4  1 0.0031 0.0033 0.0023 0.0031 0.0031 0.0044 0.0026 0.0030 0.0021 0.9730 
      H535.5  1 0.0033 0.0029 0.0027 0.0025 0.0030 0.0046 0.0020 0.0028 0.0028 0.9736 
      H535.6  1 0.0035 0.0040 0.0078 0.0026 0.0033 0.0027 0.0071 0.0033 0.0044 0.9612 
      H535.7  1 0.0024 0.0025 0.0023 0.0020 0.0023 0.0029 0.0020 0.0030 0.0021 0.9783 
      H535.8  1 0.0027 0.0033 0.0033 0.0023 0.0041 0.0030 0.0028 0.0034 0.0019 0.9732 
      H535.9  1 0.0030 0.0032 0.0037 0.0024 0.0031 0.0025 0.0038 0.0039 0.0032 0.9712 
      H539.1  1 0.0028 0.0031 0.0057 0.0033 0.0024 0.0026 0.9686 0.0022 0.0066 0.0026 
      H539.2  1 0.0746 0.0065 0.0233 0.0083 0.0124 0.0058 0.7114 0.0062 0.1382 0.0133 
      H539.3  1 0.0193 0.0093 0.0108 0.0060 0.0056 0.0025 0.9049 0.0041 0.0270 0.0105 
      H539.4  1 0.0058 0.0036 0.0051 0.0046 0.0065 0.0033 0.9075 0.0034 0.0569 0.0034 
      H539.5  1 0.0042 0.0023 0.0060 0.0021 0.0032 0.0025 0.9675 0.0025 0.0061 0.0037 
      H539.6  1 0.0045 0.0044 0.0092 0.0036 0.0023 0.0024 0.9515 0.0036 0.0155 0.0029 
      H539.7  1 0.0054 0.0030 0.0043 0.0029 0.0032 0.0028 0.9651 0.0030 0.0072 0.0029 
      H539.8  1 0.0099 0.0066 0.0072 0.0066 0.0097 0.0042 0.8656 0.0041 0.0586 0.0275 
      H539.9  1 0.0044 0.0032 0.0029 0.0034 0.0053 0.0029 0.9601 0.0033 0.0125 0.0019 
      H540.1  1 0.0083 0.0086 0.0269 0.0043 0.0053 0.0041 0.9262 0.0050 0.0059 0.0054 
      H540.2  1 0.0070 0.0036 0.0071 0.0042 0.0050 0.0038 0.9589 0.0035 0.0043 0.0025 
      H540.3  1 0.0358 0.0131 0.0109 0.0083 0.0402 0.0212 0.8372 0.0070 0.0216 0.0048 
      H540.4  1 0.0085 0.0050 0.0105 0.0064 0.0064 0.0039 0.9271 0.0059 0.0192 0.0070 
      H540.5  1 0.0132 0.0036 0.0059 0.0054 0.0093 0.0050 0.9470 0.0037 0.0040 0.0030 
      H540.6  1 0.0211 0.0058 0.0233 0.0080 0.0075 0.0076 0.9068 0.0078 0.0065 0.0055 
      H540.7  1 0.0126 0.0065 0.0096 0.0055 0.0076 0.0162 0.9197 0.0106 0.0079 0.0037 
      H540.8  1 0.0379 0.0041 0.0166 0.0036 0.0055 0.0087 0.9081 0.0037 0.0061 0.0058 
     H9558.1  1 0.0042 0.0030 0.0076 0.0036 0.0028 0.0025 0.9604 0.0045 0.0035 0.0078 
     H9558.2  1 0.0077 0.0045 0.0089 0.0126 0.0085 0.0063 0.9233 0.0161 0.0040 0.0080 
     H9558.3  1 0.0056 0.0028 0.0042 0.0136 0.0098 0.0027 0.9464 0.0043 0.0045 0.0062 
     H9558.4  1 0.0056 0.0022 0.0043 0.0032 0.0032 0.0023 0.9656 0.0044 0.0034 0.0058 
     H9558.5  1 0.0046 0.0020 0.0030 0.0049 0.0036 0.0037 0.9630 0.0026 0.0053 0.0074 
     H9558.6  1 0.0046 0.0032 0.0046 0.0070 0.0085 0.0039 0.9556 0.0033 0.0038 0.0054 
    kos339.1  1 0.0047 0.0026 0.0079 0.0088 0.0045 0.9381 0.0055 0.0176 0.0052 0.0050 
    kos339.2  1 0.0039 0.0061 0.0051 0.0068 0.0059 0.9495 0.0041 0.0090 0.0051 0.0045 
    kos339.3  1 0.0034 0.0043 0.0044 0.0025 0.0035 0.9630 0.0038 0.0050 0.0046 0.0054 
    kos339.4  1 0.0050 0.0030 0.0053 0.0027 0.0034 0.9631 0.0038 0.0051 0.0041 0.0046 
    kos339.5  1 0.0040 0.0027 0.0058 0.0072 0.0037 0.9557 0.0033 0.0109 0.0039 0.0029 
    kos339.6  1 0.0045 0.0056 0.0043 0.0046 0.0046 0.9608 0.0034 0.0056 0.0034 0.0033 
    kos339.7  1 0.0038 0.0037 0.0032 0.0026 0.0036 0.9585 0.0033 0.0063 0.0042 0.0109 
    kos339.8  1 0.0045 0.0035 0.0042 0.0052 0.0051 0.9522 0.0029 0.0152 0.0038 0.0035 
    kos339.9  1 0.0057 0.0088 0.0189 0.0061 0.0093 0.9138 0.0128 0.0088 0.0123 0.0034 
      H409.1 12 0.0057 0.0037 0.0028 0.0052 0.9549 0.0073 0.0021 0.0117 0.0030 0.0034 
     H409.10 12 0.0050 0.0063 0.0080 0.0069 0.9135 0.0063 0.0064 0.0303 0.0119 0.0053 
      H409.2 12 0.0041 0.0040 0.0034 0.0027 0.9611 0.0058 0.0028 0.0073 0.0033 0.0054 
      H409.3 12 0.0083 0.0046 0.0030 0.0052 0.9454 0.0067 0.0042 0.0106 0.0060 0.0059 
      H409.4 12 0.0049 0.0032 0.0031 0.0052 0.9584 0.0060 0.0031 0.0047 0.0046 0.0067 
      H409.5 12 0.0058 0.0042 0.0076 0.0061 0.9397 0.0047 0.0055 0.0077 0.0085 0.0102 
      H409.6 12 0.0323 0.0081 0.0079 0.0899 0.7495 0.0051 0.0108 0.0602 0.0178 0.0182 
      H409.7 12 0.0061 0.0049 0.0035 0.0080 0.9541 0.0079 0.0028 0.0054 0.0037 0.0037 
      H409.8 12 0.0057 0.0051 0.0072 0.0138 0.9300 0.0062 0.0047 0.0133 0.0060 0.0081 
      H409.9 12 0.0109 0.0053 0.0091 0.0930 0.2647 0.0044 0.2331 0.3000 0.0641 0.0153 
      H413.1 12 0.0074 0.0040 0.0034 0.9501 0.0057 0.0036 0.0072 0.0026 0.0110 0.0051 
      H413.2 12 0.0049 0.0062 0.0052 0.9496 0.0042 0.0056 0.0068 0.0036 0.0073 0.0067 
      H413.3 12 0.0071 0.0033 0.0050 0.9480 0.0045 0.0030 0.0130 0.0072 0.0056 0.0032 
      H413.4 12 0.0036 0.0050 0.0056 0.9442 0.0068 0.0050 0.0099 0.0072 0.0091 0.0037 
      H413.5 12 0.0058 0.0039 0.0129 0.7691 0.0052 0.0035 0.1282 0.0088 0.0598 0.0029 
      H413.6 12 0.0119 0.0047 0.0033 0.8266 0.0086 0.0062 0.1073 0.0029 0.0245 0.0041 
      H413.7 12 0.0074 0.0052 0.0046 0.9412 0.0046 0.0053 0.0151 0.0043 0.0056 0.0067 
      H563.1 12 0.0044 0.0038 0.0039 0.9627 0.0045 0.0033 0.0080 0.0031 0.0043 0.0021 
      H563.2 12 0.0129 0.0055 0.0081 0.9173 0.0207 0.0100 0.0085 0.0059 0.0071 0.0041 
      H563.3 12 0.0051 0.0050 0.0068 0.9488 0.0079 0.0040 0.0107 0.0051 0.0044 0.0023 
      H563.4 12 0.0056 0.0036 0.0052 0.9601 0.0069 0.0038 0.0041 0.0038 0.0037 0.0033 
      H563.5 12 0.0038 0.0040 0.0035 0.9628 0.0057 0.0034 0.0065 0.0028 0.0053 0.0022 
      H563.6 12 0.0054 0.0044 0.0052 0.9456 0.0097 0.0094 0.0054 0.0052 0.0063 0.0034 
      H563.7 12 0.0031 0.0035 0.0037 0.9517 0.0149 0.0097 0.0032 0.0035 0.0043 0.0024 
      H563.8 12 0.0071 0.0040 0.0072 0.9366 0.0113 0.0065 0.0109 0.0049 0.0088 0.0027 
      H563.9 12 0.0094 0.0059 0.0075 0.9339 0.0113 0.0084 0.0062 0.0066 0.0086 0.0022 
     H7374.1 12 0.0054 0.0095 0.0067 0.0102 0.9442 0.0058 0.0044 0.0030 0.0048 0.0060 
     H7374.2 12 0.0104 0.0068 0.0082 0.0167 0.9306 0.0032 0.0094 0.0053 0.0035 0.0059 
     H7374.3 12 0.0098 0.0229 0.0090 0.0121 0.9160 0.0050 0.0086 0.0040 0.0055 0.0071 
     H7374.4 12 0.0079 0.0055 0.0057 0.0075 0.9365 0.0085 0.0088 0.0040 0.0045 0.0111 
     H7374.5 12 0.0048 0.0067 0.0135 0.0132 0.9111 0.0081 0.0258 0.0056 0.0071 0.0040 
     H7374.6 12 0.0109 0.0166 0.0081 0.0059 0.9123 0.0099 0.0115 0.0054 0.0044 0.0150 
     H7374.7 12 0.0050 0.0056 0.0039 0.0056 0.9553 0.0082 0.0027 0.0040 0.0032 0.0065 
     H7374.8 12 0.0047 0.0113 0.0072 0.0163 0.9364 0.0071 0.0029 0.0049 0.0032 0.0060 
     H7374.9 12 0.0063 0.0092 0.0135 0.0094 0.9139 0.0148 0.0182 0.0045 0.0068 0.0033 
     H9563.1 12 0.0073 0.0068 0.0062 0.9428 0.0057 0.0065 0.0086 0.0063 0.0057 0.0042 
     H9563.2 12 0.0078 0.0059 0.0073 0.9423 0.0037 0.0039 0.0105 0.0052 0.0081 0.0052 
     H9563.3 12 0.0054 0.0089 0.0047 0.9489 0.0061 0.0058 0.0024 0.0084 0.0055 0.0039 
     H9563.4 12 0.0285 0.0169 0.0096 0.8446 0.0212 0.0115 0.0115 0.0087 0.0257 0.0219 
     H9563.5 12 0.0099 0.0059 0.0086 0.9178 0.0097 0.0117 0.0068 0.0103 0.0129 0.0064 
     H9563.6 12 0.0039 0.0068 0.0039 0.9592 0.0047 0.0036 0.0022 0.0056 0.0060 0.0041 
     H9563.7 12 0.0048 0.0065 0.0059 0.9557 0.0046 0.0026 0.0035 0.0059 0.0036 0.0069 
     H9563.8 12 0.0197 0.0088 0.0108 0.8025 0.0161 0.0236 0.0084 0.0219 0.0801 0.0080 
     H9563.9 12 0.0095 0.0045 0.0048 0.9373 0.0059 0.0059 0.0069 0.0110 0.0100 0.0042 
     H9572.1 12 0.0145 0.0202 0.1014 0.4210 0.0229 0.0111 0.1412 0.1837 0.0660 0.0181 
     H9572.2 12 0.0318 0.1251 0.1258 0.5445 0.0401 0.0108 0.0163 0.0186 0.0826 0.0045 
     H9572.3 12 0.0168 0.0071 0.3660 0.1806 0.2029 0.1239 0.0609 0.0157 0.0055 0.0207 
     H9572.4 12 0.0378 0.0463 0.2342 0.3268 0.0300 0.1432 0.0439 0.0764 0.0213 0.0400 
     H9572.5 12 0.0527 0.0420 0.2346 0.1888 0.0061 0.2479 0.0616 0.0987 0.0508 0.0168 
