      H105.1  1 0.0061 0.0150 0.0091 0.9545 0.0086 0.0068 
      H105.2  1 0.0124 0.0151 0.0257 0.9242 0.0150 0.0076 
      H105.3  1 0.0043 0.0036 0.0047 0.9774 0.0036 0.0064 
      H105.4  1 0.0130 0.0088 0.0151 0.9266 0.0167 0.0197 
      H105.5  1 0.0315 0.0184 0.0814 0.7938 0.0550 0.0199 
      H105.6  1 0.0192 0.0082 0.0102 0.9257 0.0103 0.0265 
      H105.7  1 0.0057 0.0053 0.0066 0.9685 0.0098 0.0042 
      H105.8  1 0.0065 0.0047 0.0105 0.9689 0.0038 0.0055 
      H115.1  1 0.9088 0.0217 0.0242 0.0270 0.0135 0.0048 
      H115.2  1 0.9659 0.0084 0.0077 0.0061 0.0076 0.0043 
      H115.3  1 0.9617 0.0114 0.0049 0.0114 0.0053 0.0052 
      H115.4  1 0.7740 0.1499 0.0247 0.0085 0.0283 0.0146 
      H115.5  1 0.8365 0.0975 0.0176 0.0142 0.0108 0.0234 
      H115.6  1 0.9181 0.0356 0.0075 0.0085 0.0248 0.0055 
      H115.7  1 0.8677 0.0225 0.0220 0.0596 0.0216 0.0065 
      H115.8  1 0.9543 0.0177 0.0065 0.0095 0.0074 0.0046 
      H115.9  1 0.9440 0.0107 0.0201 0.0124 0.0085 0.0044 
      H145.1  1 0.0073 0.0081 0.0061 0.0053 0.5191 0.4541 
      H145.2  1 0.0071 0.0092 0.0059 0.0058 0.4490 0.5230 
      H145.3  1 0.0045 0.0041 0.0042 0.0053 0.4524 0.5296 
      H145.4  1 0.0044 0.0077 0.0080 0.0073 0.4738 0.4988 
      H145.5  1 0.0049 0.0066 0.0043 0.0055 0.5512 0.4275 
      H145.6  1 0.0038 0.0082 0.0051 0.0117 0.3798 0.5915 
      H145.7  1 0.0038 0.0107 0.0050 0.0087 0.3509 0.6209 
      H149.1  1 0.0037 0.9728 0.0070 0.0041 0.0059 0.0064 
      H149.2  1 0.0041 0.9624 0.0080 0.0068 0.0109 0.0078 
      H149.3  1 0.0156 0.8102 0.0408 0.0222 0.0747 0.0366 
      H149.4  1 0.0041 0.9577 0.0196 0.0094 0.0048 0.0044 
      H149.5  1 0.0033 0.8825 0.0407 0.0348 0.0228 0.0159 
      H149.6  1 0.0027 0.9568 0.0092 0.0132 0.0089 0.0091 
      H149.7  1 0.0067 0.7754 0.1702 0.0262 0.0143 0.0072 
      H150.1  1 0.9819 0.0025 0.0033 0.0040 0.0044 0.0038 
      H150.2  1 0.9723 0.0071 0.0055 0.0059 0.0055 0.0037 
      H150.3  1 0.9567 0.0076 0.0075 0.0121 0.0106 0.0054 
      H150.4  1 0.9752 0.0036 0.0044 0.0059 0.0070 0.0038 
      H150.5  1 0.9685 0.0064 0.0052 0.0071 0.0076 0.0051 
      H150.6  1 0.9623 0.0079 0.0061 0.0083 0.0077 0.0078 
      H150.7  1 0.9755 0.0044 0.0038 0.0051 0.0077 0.0035 
   H169607.1  1 0.0372 0.0059 0.0113 0.0069 0.9128 0.0258 
   H169607.2  1 0.0126 0.0049 0.0069 0.0088 0.9553 0.0116 
   H169607.3  1 0.0107 0.0068 0.0103 0.0063 0.9549 0.0108 
   H169607.4  1 0.0081 0.0034 0.0039 0.0049 0.9665 0.0133 
   H169607.5  1 0.0102 0.0035 0.0051 0.0060 0.9699 0.0053 
   H169607.6  1 0.0071 0.0046 0.0047 0.0064 0.9697 0.0075 
   H169607.7  1 0.0194 0.0073 0.0128 0.0124 0.9403 0.0077 
   H169607.8  1 0.0096 0.0035 0.0068 0.0117 0.9587 0.0097 
   H169633.1  1 0.0084 0.9328 0.0210 0.0117 0.0050 0.0211 
   H169633.2  1 0.0045 0.9306 0.0386 0.0068 0.0036 0.0159 
   H169633.3  1 0.0112 0.9488 0.0095 0.0083 0.0074 0.0149 
   H169633.4  1 0.0083 0.9422 0.0086 0.0107 0.0135 0.0168 
   H169633.5  1 0.0097 0.9431 0.0081 0.0104 0.0109 0.0179 
   H169688.1  1 0.0099 0.0102 0.8855 0.0155 0.0688 0.0101 
   H169688.2  1 0.0117 0.0055 0.9559 0.0102 0.0095 0.0072 
   H169688.3  1 0.0066 0.0085 0.9655 0.0085 0.0069 0.0041 
   H169688.4  1 0.1504 0.0059 0.8139 0.0043 0.0110 0.0145 
   H169688.5  1 0.1563 0.0064 0.8135 0.0032 0.0065 0.0141 
   H169688.6  1 0.0170 0.0236 0.9407 0.0062 0.0043 0.0082 
   H169688.7  1 0.0314 0.0105 0.9027 0.0068 0.0329 0.0157 
   H171901.1  1 0.2434 0.0325 0.0455 0.3132 0.3482 0.0172 
   H171901.2  1 0.0379 0.8505 0.0099 0.0135 0.0731 0.0150 
   H171901.3  1 0.0353 0.8607 0.0229 0.0172 0.0489 0.0150 
   H171901.4  1 0.0263 0.9281 0.0074 0.0120 0.0197 0.0065 
   H171901.5  1 0.0343 0.8848 0.0145 0.0096 0.0428 0.0140 
   H171901.6  1 0.0628 0.8146 0.0310 0.0123 0.0540 0.0254 
   H171901.7  1 0.0245 0.7193 0.0879 0.0090 0.1165 0.0428 
   H171902.1  1 0.0075 0.0085 0.0071 0.0030 0.9682 0.0057 
  H171902.10  1 0.0076 0.0087 0.0057 0.0034 0.9703 0.0042 
   H171902.2  1 0.0139 0.0330 0.0157 0.0058 0.9252 0.0065 
   H171902.3  1 0.0282 0.0440 0.0080 0.0051 0.9088 0.0060 
   H171902.4  1 0.0072 0.0469 0.0053 0.0053 0.9276 0.0077 
   H171902.6  1 0.0082 0.0108 0.0049 0.0028 0.9686 0.0047 
   H171902.7  1 0.0073 0.0085 0.0065 0.0037 0.9700 0.0040 
   H171902.8  1 0.0092 0.0178 0.0079 0.0039 0.9563 0.0050 
   H171902.9  1 0.0225 0.0061 0.0055 0.0050 0.9553 0.0056 
   H171903.1  1 0.0563 0.0066 0.0146 0.0133 0.9025 0.0066 
   H171903.2  1 0.0734 0.0066 0.0315 0.0409 0.8212 0.0264 
   H171903.3  1 0.0259 0.0137 0.1205 0.0445 0.7817 0.0137 
   H171903.4  1 0.0244 0.0047 0.0232 0.0060 0.9348 0.0069 
   H171903.5  1 0.1125 0.0769 0.0931 0.0288 0.6791 0.0097 
   H171903.6  1 0.0528 0.0176 0.0769 0.0042 0.8442 0.0043 
      H177.1  1 0.0275 0.0257 0.1757 0.0069 0.7153 0.0490 
      H177.2  1 0.0334 0.1534 0.0444 0.0102 0.2025 0.5562 
      H177.3  1 0.0359 0.1535 0.0343 0.0072 0.6374 0.1318 
      H177.4  1 0.0051 0.1239 0.1451 0.0110 0.6370 0.0778 
      H177.5  1 0.0294 0.0231 0.3261 0.0163 0.5331 0.0719 
      H177.6  1 0.0378 0.2207 0.0489 0.0064 0.5822 0.1040 
      H179.1  1 0.0067 0.2417 0.7318 0.0102 0.0061 0.0036 
      H179.2  1 0.0122 0.1704 0.7886 0.0053 0.0163 0.0072 
      H179.3  1 0.0171 0.1581 0.7839 0.0079 0.0278 0.0052 
      H179.4  1 0.0049 0.2319 0.6699 0.0082 0.0172 0.0679 
      H180.1  1 0.9338 0.0244 0.0192 0.0101 0.0068 0.0057 
      H180.2  1 0.9408 0.0117 0.0210 0.0112 0.0067 0.0087 
      H180.3  1 0.9348 0.0152 0.0258 0.0043 0.0111 0.0089 
      H180.4  1 0.9139 0.0386 0.0133 0.0145 0.0111 0.0085 
      H180.5  1 0.9246 0.0235 0.0192 0.0076 0.0142 0.0109 
      H180.6  1 0.8452 0.0525 0.0223 0.0045 0.0382 0.0374 
      H181.1  1 0.0273 0.5793 0.3034 0.0265 0.0431 0.0204 
      H181.2  1 0.0287 0.5054 0.3599 0.0241 0.0380 0.0439 
      H181.3  1 0.0232 0.5618 0.3288 0.0476 0.0190 0.0195 
      H181.4  1 0.2738 0.4131 0.1663 0.0313 0.0273 0.0882 
      H181.5  1 0.0048 0.5005 0.4659 0.0163 0.0076 0.0049 
      H181.6  1 0.0399 0.4991 0.4227 0.0173 0.0133 0.0076 
      H181.7  1 0.0078 0.5040 0.4588 0.0107 0.0109 0.0077 
 H194.1_2004  1 0.0107 0.0050 0.2474 0.0057 0.7215 0.0097 
 H194.2_2004  1 0.0077 0.0058 0.1977 0.0110 0.7657 0.0120 
 H194.3_2004  1 0.0051 0.0311 0.3192 0.0040 0.6193 0.0212 
 H194.4_2004  1 0.0036 0.0130 0.2014 0.0043 0.7495 0.0282 
 H194.5_2004  1 0.0048 0.0156 0.2588 0.0073 0.6940 0.0195 
 H194.6_2004  1 0.0080 0.0254 0.2374 0.0052 0.6635 0.0605 
 H194.7_2004  1 0.0055 0.0055 0.2526 0.0136 0.7100 0.0129 
 H194.8_2004  1 0.0075 0.0148 0.1962 0.0084 0.7044 0.0687 
      H194.9  1 0.0112 0.0071 0.2355 0.0058 0.7131 0.0274 
 H195.1_2003  1 0.0079 0.0365 0.0089 0.0073 0.0125 0.9270 
 H195.1_2004  1 0.0043 0.0110 0.0053 0.0049 0.0079 0.9666 
 H195.2_2003  1 0.0151 0.0076 0.0156 0.0091 0.0220 0.9306 
 H195.2_2004  1 0.0047 0.0077 0.0065 0.0032 0.0068 0.9711 
 H195.3_2003  1 0.0850 0.0072 0.0381 0.0253 0.0369 0.8075 
 H195.3_2004  1 0.0034 0.0134 0.0047 0.0039 0.0085 0.9662 
 H195.4_2003  1 0.0046 0.0187 0.0059 0.0056 0.0074 0.9578 
 H195.4_2004  1 0.0032 0.0066 0.0064 0.0041 0.0065 0.9732 
 H195.5_2003  1 0.0087 0.0319 0.0135 0.0097 0.0097 0.9265 
 H195.5_2004  1 0.0039 0.0058 0.0052 0.0038 0.0056 0.9757 
 H195.6_2003  1 0.0130 0.0046 0.0057 0.0060 0.0089 0.9618 
 H195.6_2004  1 0.0030 0.0053 0.0056 0.0050 0.0080 0.9731 
 H195.7_2003  1 0.0059 0.0158 0.0382 0.0081 0.0119 0.9201 
 H195.7_2004  1 0.0067 0.0043 0.0056 0.0036 0.0071 0.9727 
      H195.8  1 0.0050 0.0038 0.0038 0.0039 0.0076 0.9760 
      H195.9  1 0.0041 0.0070 0.0065 0.0037 0.0067 0.9719 
      H415.1  1 0.2141 0.5355 0.2136 0.0059 0.0209 0.0100 
      H415.2  1 0.0312 0.0386 0.3918 0.0143 0.5141 0.0100 
      H415.3  1 0.0139 0.7374 0.2060 0.0128 0.0127 0.0171 
      H415.4  1 0.1475 0.4947 0.3089 0.0069 0.0161 0.0258 
      H415.5  1 0.0152 0.6400 0.3108 0.0059 0.0162 0.0119 
      H415.6  1 0.1285 0.5021 0.3240 0.0084 0.0134 0.0236 
      H415.7  1 0.0122 0.1979 0.2086 0.0131 0.5058 0.0624 
      H506.1  1 0.0029 0.4904 0.4904 0.0077 0.0041 0.0045 
      H506.2  1 0.0031 0.4984 0.4765 0.0054 0.0061 0.0105 
      H506.3  1 0.0074 0.4547 0.5122 0.0106 0.0089 0.0062 
      H506.4  1 0.0095 0.4654 0.4975 0.0079 0.0132 0.0064 
      H506.5  1 0.0034 0.5001 0.4747 0.0061 0.0066 0.0091 
      H506.6  1 0.0105 0.4015 0.4754 0.0132 0.0577 0.0417 
      H506.7  1 0.0028 0.4946 0.4828 0.0076 0.0050 0.0073 
      H533.1  1 0.0043 0.5125 0.4718 0.0044 0.0031 0.0039 
      H533.2  1 0.0038 0.5228 0.4596 0.0045 0.0044 0.0049 
      H533.3  1 0.0036 0.4865 0.4921 0.0075 0.0067 0.0036 
      H533.4  1 0.0069 0.5033 0.4491 0.0051 0.0186 0.0171 
      H535.1  1 0.0123 0.0163 0.0115 0.0046 0.0150 0.9403 
      H535.2  1 0.0057 0.0140 0.0146 0.0050 0.0077 0.9530 
      H535.3  1 0.0071 0.0109 0.0188 0.0097 0.0061 0.9473 
      H535.4  1 0.0030 0.0145 0.0058 0.0053 0.0049 0.9665 
      H535.5  1 0.0046 0.0128 0.0075 0.0049 0.0071 0.9631 
      H535.6  1 0.0168 0.0074 0.0086 0.0044 0.0193 0.9436 
      H535.7  1 0.0045 0.0086 0.0082 0.0039 0.0040 0.9707 
      H535.8  1 0.0041 0.0043 0.0052 0.0044 0.0038 0.9781 
      H535.9  1 0.0109 0.0156 0.0128 0.0049 0.0121 0.9437 
      H539.1  1 0.9800 0.0031 0.0024 0.0041 0.0071 0.0032 
      H539.2  1 0.9433 0.0054 0.0118 0.0079 0.0193 0.0124 
      H539.3  1 0.9540 0.0033 0.0067 0.0062 0.0188 0.0109 
      H539.4  1 0.9814 0.0036 0.0033 0.0041 0.0036 0.0041 
      H539.5  1 0.9815 0.0027 0.0029 0.0032 0.0068 0.0028 
      H539.6  1 0.9761 0.0031 0.0035 0.0039 0.0094 0.0040 
      H539.7  1 0.9821 0.0030 0.0033 0.0036 0.0048 0.0031 
      H539.8  1 0.9624 0.0037 0.0085 0.0079 0.0078 0.0097 
      H539.9  1 0.9830 0.0028 0.0042 0.0037 0.0033 0.0029 
      H540.1  1 0.9087 0.0089 0.0086 0.0048 0.0597 0.0093 
      H540.2  1 0.9627 0.0059 0.0067 0.0050 0.0163 0.0033 
      H540.3  1 0.9369 0.0114 0.0129 0.0056 0.0135 0.0197 
      H540.4  1 0.9696 0.0046 0.0071 0.0059 0.0076 0.0052 
      H540.5  1 0.9621 0.0080 0.0085 0.0061 0.0103 0.0049 
      H540.6  1 0.9286 0.0072 0.0168 0.0082 0.0316 0.0075 
      H540.7  1 0.9386 0.0135 0.0118 0.0069 0.0220 0.0072 
      H540.8  1 0.7246 0.0152 0.0362 0.0042 0.2156 0.0042 
     H9558.1  1 0.9652 0.0039 0.0086 0.0050 0.0099 0.0074 
     H9558.2  1 0.9216 0.0096 0.0216 0.0173 0.0121 0.0177 
     H9558.3  1 0.9388 0.0055 0.0091 0.0307 0.0086 0.0072 
     H9558.4  1 0.9732 0.0034 0.0058 0.0057 0.0060 0.0058 
     H9558.5  1 0.9799 0.0030 0.0047 0.0050 0.0029 0.0045 
     H9558.6  1 0.9602 0.0053 0.0072 0.0130 0.0073 0.0070 
    kos339.1  1 0.0044 0.9675 0.0077 0.0070 0.0081 0.0053 
    kos339.2  1 0.0044 0.9695 0.0059 0.0063 0.0046 0.0094 
    kos339.3  1 0.0042 0.9786 0.0046 0.0026 0.0053 0.0047 
    kos339.4  1 0.0049 0.9740 0.0044 0.0036 0.0057 0.0074 
    kos339.5  1 0.0035 0.9706 0.0086 0.0066 0.0072 0.0035 
    kos339.6  1 0.0035 0.9716 0.0061 0.0048 0.0068 0.0072 
    kos339.7  1 0.0036 0.9775 0.0051 0.0027 0.0041 0.0069 
    kos339.8  1 0.0029 0.9785 0.0064 0.0039 0.0039 0.0044 
    kos339.9  1 0.0215 0.9356 0.0080 0.0061 0.0186 0.0101 
      H409.1 12 0.0022 0.0110 0.9706 0.0086 0.0034 0.0044 
     H409.10 12 0.0061 0.0063 0.9631 0.0101 0.0058 0.0085 
      H409.2 12 0.0045 0.0154 0.9597 0.0049 0.0080 0.0076 
      H409.3 12 0.0060 0.0109 0.9545 0.0104 0.0081 0.0100 
      H409.4 12 0.0066 0.0076 0.9621 0.0104 0.0059 0.0075 
      H409.5 12 0.0091 0.0053 0.9579 0.0068 0.0126 0.0082 
      H409.6 12 0.0109 0.0155 0.7841 0.1612 0.0146 0.0137 
      H409.7 12 0.0059 0.0102 0.9437 0.0252 0.0052 0.0098 
      H409.8 12 0.0045 0.0073 0.9563 0.0202 0.0070 0.0047 
      H409.9 12 0.3494 0.0173 0.5379 0.0723 0.0096 0.0135 
      H413.1 12 0.0100 0.0043 0.0044 0.9703 0.0055 0.0055 
      H413.2 12 0.0095 0.0057 0.0046 0.9677 0.0049 0.0076 
      H413.3 12 0.0120 0.0046 0.0104 0.9636 0.0054 0.0041 
      H413.4 12 0.0113 0.0063 0.0057 0.9663 0.0053 0.0052 
      H413.5 12 0.2001 0.0047 0.0067 0.7724 0.0093 0.0067 
      H413.6 12 0.0731 0.0055 0.0084 0.8952 0.0051 0.0128 
      H413.7 12 0.0087 0.0044 0.0072 0.9682 0.0046 0.0069 
      H563.1 12 0.0074 0.0036 0.0047 0.9748 0.0043 0.0052 
      H563.2 12 0.0097 0.0108 0.0121 0.9516 0.0095 0.0063 
      H563.3 12 0.0064 0.0037 0.0067 0.9723 0.0069 0.0039 
      H563.4 12 0.0041 0.0051 0.0046 0.9776 0.0048 0.0038 
      H563.5 12 0.0049 0.0037 0.0035 0.9797 0.0042 0.0041 
      H563.6 12 0.0051 0.0073 0.0059 0.9703 0.0070 0.0044 
      H563.7 12 0.0034 0.0086 0.0040 0.9764 0.0038 0.0039 
      H563.8 12 0.0118 0.0067 0.0051 0.9636 0.0082 0.0045 
      H563.9 12 0.0090 0.0111 0.0185 0.9478 0.0092 0.0045 
     H7374.1 12 0.0138 0.0108 0.0295 0.1383 0.0274 0.7802 
     H7374.2 12 0.0259 0.0055 0.0370 0.2265 0.0508 0.6542 
     H7374.3 12 0.0062 0.0049 0.0195 0.0657 0.0206 0.8830 
     H7374.4 12 0.0296 0.0143 0.0531 0.0383 0.0146 0.8500 
     H7374.5 12 0.0630 0.0232 0.0144 0.1028 0.0136 0.7830 
     H7374.6 12 0.0068 0.0053 0.0069 0.0110 0.0082 0.9618 
     H7374.7 12 0.0066 0.0069 0.0173 0.0337 0.0111 0.9245 
     H7374.8 12 0.0052 0.0102 0.0189 0.0884 0.0185 0.8588 
     H7374.9 12 0.0520 0.0099 0.0268 0.0434 0.0211 0.8468 
     H9563.1 12 0.0085 0.0074 0.0076 0.9608 0.0088 0.0069 
     H9563.2 12 0.0079 0.0075 0.0043 0.9660 0.0080 0.0063 
     H9563.3 12 0.0041 0.0056 0.0069 0.9698 0.0056 0.0081 
     H9563.4 12 0.0219 0.0210 0.0309 0.8759 0.0234 0.0268 
     H9563.5 12 0.0090 0.0116 0.0112 0.9451 0.0159 0.0072 
     H9563.6 12 0.0037 0.0040 0.0052 0.9769 0.0042 0.0059 
     H9563.7 12 0.0041 0.0033 0.0042 0.9739 0.0052 0.0092 
     H9563.8 12 0.0349 0.0421 0.0228 0.8740 0.0154 0.0107 
     H9563.9 12 0.0094 0.0091 0.0066 0.9579 0.0103 0.0067 
     H9572.1 12 0.1373 0.0265 0.1501 0.5220 0.1137 0.0504 
     H9572.2 12 0.0338 0.0162 0.0363 0.4488 0.4168 0.0481 
     H9572.3 12 0.0391 0.1750 0.0352 0.2634 0.4044 0.0829 
     H9572.4 12 0.0424 0.1603 0.0320 0.2947 0.2925 0.1781 
     H9572.5 12 0.1067 0.2746 0.0550 0.1657 0.3355 0.0624 
