      H105.1  1 0.0021 0.0024 0.0026 0.0028 0.0035 0.0025 0.0019 0.0030 0.0028 0.0047 0.0036 0.0027 0.0028 0.9323 0.0034 0.0023 0.0041 0.0020 0.0032 0.0032 0.0027 0.0024 0.0047 0.0022 
      H105.2  1 0.0029 0.0057 0.0033 0.0060 0.0034 0.0036 0.0054 0.0040 0.0018 0.0034 0.0093 0.0043 0.0049 0.8992 0.0025 0.0040 0.0064 0.0033 0.0066 0.0034 0.0054 0.0036 0.0034 0.0043 
      H105.3  1 0.0024 0.0026 0.0025 0.0033 0.0023 0.0026 0.0020 0.0020 0.0032 0.0025 0.0025 0.0019 0.0038 0.9372 0.0023 0.0027 0.0024 0.0024 0.0019 0.0030 0.0029 0.0024 0.0061 0.0030 
      H105.4  1 0.0031 0.0041 0.0021 0.0045 0.0027 0.0038 0.0022 0.0030 0.0032 0.0037 0.0036 0.0027 0.0031 0.9229 0.0022 0.0040 0.0052 0.0041 0.0023 0.0027 0.0064 0.0027 0.0033 0.0026 
      H105.5  1 0.0026 0.0055 0.0029 0.0053 0.0040 0.0040 0.0022 0.0051 0.0036 0.0313 0.0077 0.0038 0.0030 0.8695 0.0031 0.0039 0.0052 0.0058 0.0066 0.0038 0.0049 0.0085 0.0043 0.0032 
      H105.6  1 0.0047 0.0061 0.0040 0.0040 0.0029 0.0031 0.0037 0.0063 0.0035 0.0046 0.0036 0.0074 0.0036 0.8849 0.0038 0.0088 0.0040 0.0035 0.0038 0.0042 0.0072 0.0109 0.0050 0.0063 
      H105.7  1 0.0038 0.0039 0.0059 0.0048 0.0069 0.0055 0.0040 0.0063 0.0026 0.0076 0.0060 0.0113 0.0041 0.8558 0.0032 0.0034 0.0056 0.0066 0.0055 0.0037 0.0077 0.0065 0.0215 0.0077 
      H105.8  1 0.0025 0.0033 0.0022 0.0027 0.0030 0.0025 0.0030 0.0025 0.0019 0.0032 0.0036 0.0021 0.0070 0.9326 0.0024 0.0022 0.0029 0.0026 0.0024 0.0025 0.0039 0.0030 0.0035 0.0027 
      H115.1  1 0.0032 0.0116 0.0051 0.3750 0.0037 0.0149 0.0104 0.0094 0.0042 0.0572 0.0047 0.0060 0.0125 0.0053 0.0160 0.0028 0.0085 0.0044 0.0046 0.0047 0.0267 0.3261 0.0095 0.0735 
      H115.2  1 0.0032 0.0145 0.0117 0.5331 0.0042 0.0068 0.0103 0.0528 0.0040 0.0213 0.0073 0.0074 0.0038 0.0038 0.0050 0.0037 0.0058 0.0057 0.0060 0.0030 0.0047 0.2673 0.0059 0.0087 
      H115.3  1 0.0041 0.0104 0.0088 0.5545 0.0043 0.0129 0.0069 0.0154 0.0039 0.0179 0.0046 0.0028 0.0037 0.0043 0.0077 0.0034 0.0037 0.0084 0.0027 0.0034 0.0034 0.3012 0.0087 0.0029 
      H115.4  1 0.0055 0.0076 0.0112 0.8210 0.0039 0.0092 0.0068 0.0042 0.0059 0.0073 0.0169 0.0028 0.0214 0.0033 0.0150 0.0047 0.0099 0.0091 0.0103 0.0024 0.0029 0.0104 0.0037 0.0046 
      H115.5  1 0.0097 0.0375 0.0134 0.3368 0.0082 0.0197 0.0057 0.0167 0.0149 0.0132 0.0108 0.0056 0.0147 0.0230 0.0674 0.0063 0.0088 0.0114 0.0058 0.0035 0.0082 0.3358 0.0096 0.0135 
      H115.6  1 0.0020 0.0278 0.0649 0.2697 0.0068 0.0373 0.0929 0.0120 0.0035 0.0102 0.0078 0.0058 0.0040 0.0055 0.0134 0.0060 0.0059 0.0254 0.0109 0.0073 0.0040 0.3644 0.0089 0.0036 
      H115.7  1 0.0034 0.0087 0.0119 0.5620 0.0049 0.0273 0.0096 0.0131 0.0090 0.0235 0.0076 0.0086 0.0073 0.0058 0.0092 0.0049 0.0266 0.0071 0.0118 0.0071 0.0171 0.1386 0.0196 0.0554 
      H115.8  1 0.0020 0.0248 0.0080 0.3155 0.0059 0.0192 0.0134 0.0093 0.0036 0.0195 0.0083 0.0044 0.0059 0.0091 0.0133 0.0031 0.0046 0.0118 0.0050 0.0045 0.0054 0.4908 0.0093 0.0034 
      H115.9  1 0.0038 0.0096 0.0065 0.0878 0.0049 0.0210 0.0060 0.0146 0.0032 0.0445 0.0068 0.0043 0.0245 0.0049 0.0139 0.0031 0.0052 0.0083 0.0043 0.0040 0.0280 0.6679 0.0124 0.0105 
      H145.1  1 0.0042 0.0044 0.0143 0.0047 0.0033 0.0054 0.0145 0.0078 0.8459 0.0078 0.0037 0.0123 0.0035 0.0025 0.0069 0.0056 0.0104 0.0053 0.0045 0.0064 0.0054 0.0126 0.0058 0.0029 
      H145.2  1 0.0043 0.0051 0.0058 0.0039 0.0040 0.0051 0.0089 0.0029 0.8838 0.0081 0.0041 0.0050 0.0057 0.0031 0.0066 0.0074 0.0042 0.0066 0.0022 0.0048 0.0040 0.0079 0.0042 0.0023 
      H145.3  1 0.0020 0.0020 0.0022 0.0028 0.0033 0.0025 0.0146 0.0023 0.9283 0.0031 0.0022 0.0040 0.0020 0.0024 0.0026 0.0020 0.0034 0.0028 0.0022 0.0028 0.0029 0.0028 0.0025 0.0022 
      H145.4  1 0.0027 0.0030 0.0069 0.0027 0.0027 0.0051 0.0040 0.0039 0.8832 0.0045 0.0037 0.0184 0.0029 0.0030 0.0043 0.0050 0.0082 0.0045 0.0042 0.0040 0.0063 0.0054 0.0083 0.0029 
      H145.5  1 0.0020 0.0017 0.0031 0.0025 0.0037 0.0035 0.0237 0.0019 0.9133 0.0030 0.0024 0.0038 0.0021 0.0026 0.0035 0.0024 0.0037 0.0034 0.0026 0.0042 0.0028 0.0035 0.0027 0.0018 
      H145.6  1 0.0040 0.0049 0.0076 0.0023 0.0023 0.0056 0.0037 0.0034 0.9064 0.0047 0.0034 0.0075 0.0030 0.0027 0.0052 0.0061 0.0035 0.0042 0.0021 0.0034 0.0022 0.0027 0.0059 0.0030 
      H145.7  1 0.0028 0.0038 0.0043 0.0035 0.0037 0.0058 0.0034 0.0019 0.9200 0.0026 0.0026 0.0052 0.0035 0.0023 0.0055 0.0046 0.0026 0.0033 0.0026 0.0034 0.0033 0.0022 0.0047 0.0024 
      H149.1  1 0.0030 0.0118 0.0053 0.0029 0.0026 0.1751 0.0067 0.0034 0.0034 0.0045 0.0027 0.0056 0.0030 0.0031 0.7383 0.0026 0.0024 0.0048 0.0023 0.0037 0.0044 0.0029 0.0025 0.0029 
      H149.2  1 0.0022 0.0068 0.0045 0.0023 0.0021 0.7179 0.0061 0.0026 0.0042 0.0061 0.0049 0.0050 0.0023 0.0027 0.2017 0.0026 0.0032 0.0046 0.0028 0.0033 0.0045 0.0025 0.0029 0.0021 
      H149.3  1 0.0058 0.0103 0.0052 0.0084 0.0053 0.6667 0.0092 0.0039 0.0177 0.0196 0.0104 0.0108 0.0095 0.0059 0.1325 0.0049 0.0103 0.0242 0.0084 0.0041 0.0081 0.0047 0.0100 0.0042 
      H149.4  1 0.0038 0.0187 0.0068 0.0044 0.0154 0.4890 0.0149 0.0080 0.0033 0.0033 0.0073 0.0033 0.0191 0.0121 0.3479 0.0028 0.0022 0.0101 0.0029 0.0036 0.0037 0.0063 0.0070 0.0043 
      H149.5  1 0.0055 0.0041 0.0030 0.0031 0.0050 0.7332 0.0038 0.0024 0.0070 0.0071 0.0128 0.0050 0.0071 0.0070 0.1479 0.0040 0.0087 0.0037 0.0063 0.0026 0.0045 0.0022 0.0108 0.0030 
      H149.6  1 0.0027 0.0047 0.0039 0.0022 0.0024 0.7393 0.0026 0.0018 0.0043 0.0033 0.0034 0.0039 0.0033 0.0030 0.1931 0.0025 0.0036 0.0033 0.0030 0.0026 0.0033 0.0018 0.0028 0.0029 
      H149.7  1 0.0040 0.0105 0.0077 0.0058 0.0086 0.6749 0.0076 0.0034 0.0046 0.0084 0.0086 0.0182 0.0201 0.0052 0.1227 0.0073 0.0079 0.0212 0.0189 0.0060 0.0120 0.0034 0.0093 0.0035 
      H150.1  1 0.0019 0.0037 0.0033 0.0309 0.0033 0.0041 0.0031 0.0056 0.0035 0.0046 0.0043 0.0040 0.0021 0.0041 0.0019 0.0034 0.0037 0.0024 0.0030 0.0035 0.0033 0.8934 0.0040 0.0030 
      H150.2  1 0.0032 0.0106 0.0057 0.6309 0.0042 0.0046 0.0105 0.0262 0.0026 0.0034 0.0050 0.0070 0.0034 0.0049 0.0056 0.0060 0.0036 0.0037 0.0070 0.0047 0.0037 0.2310 0.0050 0.0075 
      H150.3  1 0.0024 0.0096 0.0088 0.0609 0.0037 0.0068 0.0300 0.0364 0.0052 0.0073 0.0039 0.0113 0.0025 0.0051 0.0073 0.0034 0.0061 0.0029 0.0104 0.0088 0.0077 0.7119 0.0116 0.0360 
      H150.4  1 0.0016 0.0031 0.0045 0.0054 0.0038 0.0033 0.0053 0.0125 0.0049 0.0037 0.0032 0.0045 0.0022 0.0039 0.0029 0.0025 0.0035 0.0023 0.0060 0.0039 0.0046 0.9022 0.0039 0.0063 
      H150.5  1 0.0031 0.0138 0.0089 0.5616 0.0032 0.0057 0.0061 0.0448 0.0042 0.0128 0.0072 0.0056 0.0029 0.0061 0.0040 0.0061 0.0114 0.0057 0.0096 0.0058 0.0051 0.2418 0.0183 0.0062 
      H150.6  1 0.0032 0.0094 0.0052 0.7260 0.0034 0.0090 0.0053 0.0060 0.0071 0.0063 0.0189 0.0053 0.0049 0.0058 0.0033 0.0080 0.0083 0.0056 0.0068 0.0089 0.0088 0.1261 0.0047 0.0034 
      H150.7  1 0.0018 0.0072 0.0039 0.0064 0.0031 0.0030 0.0064 0.0057 0.0027 0.0031 0.0048 0.0033 0.0023 0.0045 0.0034 0.0039 0.0043 0.0025 0.0026 0.0025 0.0027 0.9141 0.0029 0.0031 
   H169607.1  1 0.0026 0.0080 0.0162 0.0084 0.0023 0.0104 0.0151 0.0061 0.0108 0.0265 0.0044 0.0048 0.0086 0.0027 0.0034 0.0094 0.8233 0.0041 0.0067 0.0060 0.0043 0.0084 0.0037 0.0038 
   H169607.2  1 0.0034 0.0029 0.0026 0.0022 0.0052 0.0025 0.0029 0.0028 0.0025 0.0029 0.0023 0.0036 0.0021 0.0034 0.0023 0.0043 0.9310 0.0026 0.0023 0.0029 0.0029 0.0045 0.0029 0.0028 
   H169607.3  1 0.0035 0.0059 0.0073 0.0078 0.0035 0.0098 0.0066 0.0046 0.0151 0.1825 0.0101 0.0097 0.0074 0.0044 0.0037 0.0050 0.6756 0.0056 0.0063 0.0041 0.0055 0.0090 0.0042 0.0030 
   H169607.4  1 0.0029 0.0040 0.0041 0.0026 0.0037 0.0024 0.0077 0.0053 0.0040 0.0075 0.0020 0.0039 0.0023 0.0028 0.0025 0.0091 0.8990 0.0040 0.0027 0.0137 0.0026 0.0049 0.0041 0.0022 
   H169607.5  1 0.0035 0.0050 0.0032 0.0052 0.0033 0.0047 0.0036 0.0067 0.0058 0.0859 0.0035 0.0053 0.0040 0.0022 0.0032 0.0027 0.8153 0.0094 0.0059 0.0028 0.0028 0.0079 0.0047 0.0035 
   H169607.6  1 0.0029 0.0024 0.0021 0.0020 0.0044 0.0023 0.0035 0.0027 0.0025 0.0032 0.0034 0.0030 0.0022 0.0033 0.0019 0.0052 0.9360 0.0025 0.0024 0.0024 0.0018 0.0030 0.0027 0.0021 
   H169607.7  1 0.0024 0.0035 0.0029 0.0161 0.0024 0.0028 0.0042 0.0028 0.0060 0.0075 0.0043 0.0034 0.0097 0.0042 0.0032 0.0036 0.8873 0.0113 0.0068 0.0024 0.0020 0.0054 0.0037 0.0023 
   H169607.8  1 0.0047 0.0032 0.0022 0.0028 0.0043 0.0036 0.0030 0.0026 0.0038 0.0098 0.0025 0.0028 0.0033 0.0035 0.0026 0.0031 0.9108 0.0036 0.0037 0.0073 0.0054 0.0046 0.0037 0.0031 
   H169633.1  1 0.0042 0.0089 0.0075 0.0045 0.0030 0.0095 0.0045 0.0059 0.0115 0.0044 0.0066 0.0062 0.0036 0.0039 0.8508 0.0061 0.0027 0.0041 0.0227 0.0040 0.0044 0.0030 0.0048 0.0132 
   H169633.2  1 0.0047 0.0091 0.0994 0.0053 0.0037 0.0132 0.0029 0.0025 0.0138 0.0044 0.0116 0.0048 0.0064 0.0106 0.7522 0.0094 0.0020 0.0050 0.0156 0.0041 0.0092 0.0027 0.0029 0.0043 
   H169633.3  1 0.0090 0.0113 0.0067 0.0067 0.0071 0.0087 0.0056 0.0055 0.0048 0.0072 0.0042 0.0235 0.0043 0.0033 0.8336 0.0062 0.0029 0.0127 0.0058 0.0043 0.0063 0.0044 0.0082 0.0077 
   H169633.4  1 0.0047 0.0074 0.0074 0.0040 0.0044 0.0063 0.0046 0.0062 0.0064 0.0051 0.0049 0.0120 0.0040 0.0038 0.8710 0.0025 0.0044 0.0048 0.0028 0.0056 0.0067 0.0063 0.0072 0.0075 
   H169633.5  1 0.0051 0.0073 0.0069 0.0049 0.0040 0.0058 0.0042 0.0061 0.0069 0.0054 0.0063 0.0114 0.0031 0.0035 0.8730 0.0028 0.0053 0.0048 0.0031 0.0060 0.0052 0.0051 0.0058 0.0079 
   H169688.1  1 0.0104 0.0067 0.0027 0.0034 0.0091 0.0081 0.0160 0.0060 0.0065 0.0054 0.0148 0.0174 0.0081 0.0024 0.0035 0.0071 0.0132 0.0050 0.8021 0.0053 0.0060 0.0054 0.0030 0.0326 
   H169688.2  1 0.0031 0.0039 0.0033 0.0025 0.0048 0.0043 0.0026 0.0032 0.0029 0.0041 0.0076 0.0070 0.0050 0.0072 0.0026 0.0065 0.0032 0.0059 0.8968 0.0045 0.0088 0.0021 0.0033 0.0048 
   H169688.3  1 0.0020 0.0031 0.0042 0.0027 0.0023 0.0044 0.0030 0.0033 0.0033 0.0050 0.0031 0.0036 0.0037 0.0034 0.0036 0.0030 0.0029 0.0035 0.9203 0.0036 0.0072 0.0029 0.0033 0.0026 
   H169688.4  1 0.0023 0.0030 0.0027 0.0032 0.0020 0.0024 0.0021 0.0036 0.0035 0.0067 0.0030 0.0023 0.0026 0.0020 0.0025 0.0023 0.0028 0.0033 0.9314 0.0024 0.0037 0.0055 0.0027 0.0023 
   H169688.5  1 0.0022 0.0026 0.0026 0.0041 0.0019 0.0031 0.0025 0.0041 0.0028 0.0053 0.0028 0.0026 0.0024 0.0016 0.0023 0.0024 0.0022 0.0033 0.9320 0.0023 0.0033 0.0068 0.0027 0.0023 
   H169688.6  1 0.0045 0.0030 0.0020 0.0027 0.0033 0.0189 0.0026 0.0032 0.0027 0.0024 0.0055 0.0041 0.0430 0.0023 0.0043 0.0028 0.0033 0.0034 0.8713 0.0038 0.0022 0.0021 0.0024 0.0041 
   H169688.7  1 0.0020 0.0054 0.0057 0.0107 0.0118 0.0053 0.0102 0.0035 0.0181 0.0067 0.0042 0.0052 0.0040 0.0046 0.0030 0.0064 0.0023 0.0060 0.8512 0.0044 0.0089 0.0128 0.0048 0.0028 
   H171901.1  1 0.0023 0.1200 0.0138 0.0256 0.0040 0.0739 0.0063 0.0143 0.0542 0.2914 0.0579 0.1406 0.0079 0.0291 0.0041 0.0064 0.0231 0.0066 0.0078 0.0056 0.0050 0.0414 0.0240 0.0347 
   H171901.2  1 0.0031 0.4697 0.0043 0.0074 0.0120 0.0327 0.0089 0.0221 0.0074 0.0169 0.0088 0.0141 0.0027 0.0423 0.2615 0.0108 0.0130 0.0216 0.0062 0.0143 0.0051 0.0059 0.0063 0.0027 
   H171901.3  1 0.0059 0.8358 0.0045 0.0046 0.0029 0.0141 0.0038 0.0034 0.0030 0.0147 0.0052 0.0082 0.0045 0.0037 0.0350 0.0070 0.0045 0.0059 0.0036 0.0042 0.0039 0.0056 0.0037 0.0124 
   H171901.4  1 0.0049 0.8172 0.0037 0.0031 0.0039 0.0061 0.0042 0.0037 0.0026 0.0073 0.0035 0.0036 0.0038 0.0100 0.0813 0.0068 0.0066 0.0056 0.0028 0.0032 0.0036 0.0047 0.0024 0.0055 
   H171901.5  1 0.0030 0.8971 0.0057 0.0049 0.0026 0.0083 0.0045 0.0033 0.0029 0.0050 0.0039 0.0031 0.0035 0.0046 0.0066 0.0105 0.0044 0.0058 0.0026 0.0042 0.0044 0.0042 0.0030 0.0019 
   H171901.6  1 0.0048 0.8336 0.0133 0.0057 0.0032 0.0118 0.0077 0.0078 0.0050 0.0054 0.0072 0.0070 0.0045 0.0039 0.0084 0.0181 0.0066 0.0098 0.0056 0.0052 0.0077 0.0104 0.0046 0.0025 
   H171901.7  1 0.0083 0.6403 0.0064 0.0049 0.0056 0.0157 0.0044 0.0051 0.0054 0.0200 0.0106 0.0662 0.0079 0.0032 0.0366 0.0181 0.0050 0.0968 0.0100 0.0042 0.0078 0.0078 0.0045 0.0053 
   H171902.1  1 0.0026 0.0040 0.0063 0.0023 0.0051 0.0031 0.9168 0.0031 0.0033 0.0034 0.0040 0.0025 0.0041 0.0018 0.0029 0.0069 0.0059 0.0041 0.0034 0.0027 0.0033 0.0039 0.0025 0.0020 
  H171902.10  1 0.0021 0.0038 0.0036 0.0049 0.0026 0.0049 0.9197 0.0025 0.0028 0.0035 0.0039 0.0028 0.0044 0.0030 0.0037 0.0022 0.0041 0.0070 0.0054 0.0031 0.0021 0.0026 0.0028 0.0024 
   H171902.2  1 0.0024 0.0121 0.0075 0.0035 0.0041 0.0048 0.8817 0.0035 0.0034 0.0049 0.0042 0.0035 0.0060 0.0026 0.0077 0.0183 0.0044 0.0021 0.0043 0.0023 0.0026 0.0067 0.0031 0.0043 
   H171902.3  1 0.0033 0.0231 0.0052 0.0046 0.0032 0.0064 0.8832 0.0047 0.0023 0.0039 0.0048 0.0040 0.0030 0.0025 0.0084 0.0072 0.0059 0.0031 0.0038 0.0031 0.0030 0.0045 0.0034 0.0033 
   H171902.4  1 0.0022 0.0055 0.0051 0.0023 0.0035 0.0109 0.9118 0.0030 0.0043 0.0029 0.0028 0.0047 0.0023 0.0021 0.0115 0.0023 0.0022 0.0039 0.0028 0.0035 0.0024 0.0032 0.0023 0.0026 
   H171902.6  1 0.0024 0.0041 0.0037 0.0025 0.0030 0.0040 0.9294 0.0040 0.0028 0.0028 0.0051 0.0034 0.0030 0.0022 0.0038 0.0026 0.0032 0.0027 0.0023 0.0031 0.0022 0.0033 0.0023 0.0020 
   H171902.7  1 0.0018 0.0052 0.0059 0.0078 0.0043 0.0229 0.8415 0.0026 0.0039 0.0224 0.0037 0.0113 0.0041 0.0047 0.0042 0.0029 0.0264 0.0056 0.0027 0.0041 0.0024 0.0046 0.0031 0.0019 
   H171902.8  1 0.0030 0.0098 0.0057 0.0041 0.0035 0.0051 0.9032 0.0037 0.0030 0.0038 0.0077 0.0056 0.0030 0.0023 0.0047 0.0042 0.0042 0.0032 0.0031 0.0037 0.0030 0.0047 0.0031 0.0030 
   H171902.9  1 0.0033 0.0032 0.0035 0.0032 0.0027 0.0028 0.9204 0.0063 0.0036 0.0034 0.0026 0.0032 0.0023 0.0025 0.0026 0.0030 0.0047 0.0035 0.0023 0.0034 0.0033 0.0089 0.0026 0.0026 
   H171903.1  1 0.0069 0.0082 0.0057 0.0234 0.0045 0.0074 0.0033 0.0190 0.0041 0.3488 0.0049 0.0065 0.0037 0.0063 0.0035 0.0062 0.4687 0.0157 0.0063 0.0043 0.0037 0.0303 0.0043 0.0043 
   H171903.2  1 0.0072 0.0065 0.0033 0.0063 0.0044 0.0033 0.0040 0.0067 0.0068 0.8094 0.0041 0.0054 0.0040 0.0288 0.0022 0.0111 0.0295 0.0175 0.0029 0.0073 0.0040 0.0128 0.0110 0.0018 
   H171903.3  1 0.0161 0.0038 0.0164 0.0038 0.0028 0.0051 0.0026 0.0059 0.0033 0.8454 0.0032 0.0182 0.0025 0.0142 0.0045 0.0022 0.0090 0.0041 0.0036 0.0130 0.0096 0.0043 0.0039 0.0027 
   H171903.4  1 0.0035 0.0119 0.0086 0.0106 0.0032 0.0103 0.0213 0.0067 0.0063 0.6273 0.0040 0.0270 0.0032 0.0049 0.0029 0.0100 0.1350 0.0118 0.0552 0.0105 0.0046 0.0102 0.0074 0.0033 
   H171903.5  1 0.0035 0.0080 0.0083 0.0057 0.0023 0.0060 0.0038 0.0052 0.0038 0.8816 0.0050 0.0059 0.0031 0.0049 0.0068 0.0046 0.0057 0.0041 0.0110 0.0029 0.0079 0.0037 0.0034 0.0029 
   H171903.6  1 0.0038 0.0048 0.0041 0.0081 0.0029 0.0063 0.0049 0.0047 0.0044 0.7865 0.0036 0.0048 0.0031 0.0024 0.0061 0.0027 0.0535 0.0137 0.0644 0.0033 0.0041 0.0031 0.0030 0.0020 
      H177.1  1 0.0031 0.0049 0.0039 0.0040 0.0034 0.0036 0.0034 0.0059 0.0033 0.0057 0.0042 0.0098 0.0036 0.0026 0.0045 0.0025 0.0047 0.8945 0.0072 0.0079 0.0033 0.0052 0.0031 0.0057 
      H177.2  1 0.0021 0.0115 0.0051 0.0140 0.0126 0.0091 0.0037 0.0051 0.0643 0.0157 0.0096 0.0045 0.0215 0.0031 0.0106 0.0050 0.0116 0.7409 0.0055 0.0177 0.0086 0.0057 0.0101 0.0024 
      H177.3  1 0.0042 0.0046 0.0071 0.0041 0.0030 0.0041 0.0038 0.0039 0.0073 0.0090 0.0035 0.0047 0.0052 0.0023 0.0057 0.0025 0.0041 0.9010 0.0033 0.0044 0.0036 0.0031 0.0034 0.0021 
      H177.4  1 0.0155 0.0050 0.0070 0.0039 0.0074 0.0050 0.0049 0.0027 0.0071 0.0096 0.0069 0.0173 0.0450 0.0073 0.0066 0.0085 0.0053 0.8084 0.0027 0.0050 0.0055 0.0025 0.0092 0.0020 
      H177.5  1 0.0037 0.0090 0.0119 0.0105 0.0121 0.0059 0.0027 0.0079 0.0078 0.0072 0.0041 0.0397 0.0106 0.0062 0.0033 0.0098 0.0033 0.7880 0.0091 0.0133 0.0113 0.0062 0.0139 0.0024 
      H177.6  1 0.0029 0.0058 0.0059 0.0037 0.0029 0.0093 0.0046 0.0038 0.0066 0.0070 0.0049 0.0045 0.0048 0.0020 0.0117 0.0032 0.0036 0.8920 0.0032 0.0054 0.0039 0.0030 0.0031 0.0022 
      H179.1  1 0.0026 0.0125 0.0052 0.0074 0.0040 0.0057 0.0035 0.0127 0.0023 0.0055 0.0049 0.0091 0.8012 0.0050 0.0031 0.0063 0.0051 0.0083 0.0190 0.0038 0.0443 0.0090 0.0080 0.0114 
      H179.2  1 0.0172 0.0116 0.0317 0.0139 0.0048 0.0113 0.0060 0.0069 0.0024 0.0092 0.0143 0.0068 0.7365 0.0082 0.0033 0.0063 0.0050 0.0087 0.0181 0.0105 0.0500 0.0097 0.0040 0.0037 
      H179.3  1 0.0040 0.0107 0.0104 0.0093 0.0034 0.0086 0.0057 0.0134 0.0028 0.0229 0.0064 0.0202 0.6727 0.0039 0.0035 0.0149 0.0119 0.0152 0.1007 0.0059 0.0101 0.0267 0.0075 0.0094 
      H179.4  1 0.0557 0.0268 0.0114 0.0045 0.0072 0.0189 0.0057 0.0034 0.0042 0.0296 0.0102 0.0226 0.6235 0.0070 0.0084 0.0602 0.0086 0.0087 0.0115 0.0434 0.0143 0.0064 0.0040 0.0038 
      H180.1  1 0.0026 0.0054 0.0053 0.8989 0.0022 0.0029 0.0058 0.0042 0.0022 0.0041 0.0119 0.0023 0.0123 0.0034 0.0027 0.0028 0.0047 0.0045 0.0037 0.0033 0.0036 0.0037 0.0029 0.0045 
      H180.2  1 0.0029 0.0057 0.0031 0.9167 0.0036 0.0030 0.0029 0.0036 0.0027 0.0031 0.0037 0.0027 0.0040 0.0029 0.0027 0.0030 0.0027 0.0066 0.0032 0.0023 0.0057 0.0037 0.0025 0.0070 
      H180.3  1 0.0056 0.0059 0.0175 0.5744 0.0065 0.0051 0.0035 0.0149 0.0067 0.0077 0.0038 0.0041 0.0060 0.0031 0.0054 0.0033 0.0046 0.0046 0.0051 0.0022 0.0082 0.2951 0.0032 0.0038 
      H180.4  1 0.0034 0.0177 0.0044 0.8573 0.0042 0.0048 0.0066 0.0040 0.0035 0.0079 0.0103 0.0030 0.0070 0.0062 0.0051 0.0057 0.0055 0.0047 0.0029 0.0031 0.0049 0.0120 0.0038 0.0121 
      H180.5  1 0.0025 0.0039 0.0044 0.9064 0.0061 0.0035 0.0033 0.0027 0.0037 0.0039 0.0074 0.0038 0.0070 0.0018 0.0040 0.0032 0.0026 0.0103 0.0041 0.0024 0.0026 0.0054 0.0025 0.0024 
      H180.6  1 0.0040 0.0098 0.0079 0.5247 0.0322 0.0218 0.0063 0.0079 0.0204 0.0074 0.0047 0.0124 0.0125 0.0061 0.0173 0.0070 0.0058 0.0071 0.0032 0.0026 0.0054 0.2652 0.0042 0.0040 
      H181.1  1 0.0034 0.0045 0.0037 0.0062 0.0057 0.0159 0.0039 0.0029 0.0043 0.0163 0.8718 0.0043 0.0046 0.0081 0.0092 0.0023 0.0063 0.0068 0.0032 0.0031 0.0040 0.0033 0.0028 0.0033 
      H181.2  1 0.0024 0.0050 0.0037 0.0070 0.0070 0.0044 0.0053 0.0028 0.0068 0.0026 0.8852 0.0039 0.0082 0.0030 0.0045 0.0090 0.0046 0.0129 0.0037 0.0039 0.0034 0.0035 0.0029 0.0040 
      H181.3  1 0.0032 0.0186 0.0027 0.0039 0.0077 0.0073 0.0074 0.0047 0.0042 0.0030 0.8856 0.0036 0.0034 0.0050 0.0056 0.0043 0.0040 0.0043 0.0029 0.0035 0.0019 0.0034 0.0042 0.0057 
      H181.4  1 0.0052 0.0161 0.0045 0.0109 0.0299 0.0175 0.0046 0.0142 0.0049 0.0105 0.7811 0.0043 0.0054 0.0107 0.0164 0.0092 0.0066 0.0085 0.0050 0.0041 0.0053 0.0140 0.0062 0.0048 
      H181.5  1 0.0038 0.0029 0.0041 0.0033 0.0044 0.0049 0.0047 0.0048 0.0027 0.0035 0.8998 0.0056 0.0100 0.0059 0.0032 0.0029 0.0038 0.0046 0.0045 0.0026 0.0061 0.0030 0.0045 0.0043 
      H181.6  1 0.0047 0.0069 0.0074 0.0069 0.0036 0.0044 0.0050 0.0070 0.0027 0.0050 0.8641 0.0052 0.0225 0.0064 0.0039 0.0076 0.0057 0.0052 0.0032 0.0032 0.0059 0.0057 0.0044 0.0032 
      H181.7  1 0.0048 0.0039 0.0043 0.0030 0.0040 0.0034 0.0031 0.0034 0.0037 0.0046 0.8956 0.0045 0.0157 0.0062 0.0041 0.0036 0.0032 0.0045 0.0048 0.0030 0.0054 0.0046 0.0036 0.0030 
 H194.1_2004  1 0.0041 0.0052 0.0096 0.0038 0.0036 0.0040 0.0041 0.0059 0.0038 0.0053 0.0023 0.9000 0.0024 0.0022 0.0057 0.0045 0.0075 0.0045 0.0049 0.0027 0.0053 0.0036 0.0030 0.0021 
 H194.2_2004  1 0.0020 0.0032 0.0036 0.0037 0.0029 0.0029 0.0033 0.0035 0.0055 0.0032 0.0034 0.9198 0.0022 0.0030 0.0027 0.0031 0.0124 0.0033 0.0023 0.0030 0.0024 0.0031 0.0025 0.0031 
 H194.3_2004  1 0.0043 0.0131 0.0108 0.0027 0.0051 0.0267 0.0066 0.0029 0.0063 0.0094 0.0062 0.7824 0.0109 0.0037 0.0190 0.0069 0.0042 0.0137 0.0066 0.0068 0.0432 0.0029 0.0032 0.0022 
 H194.4_2004  1 0.0034 0.0056 0.0047 0.0025 0.0038 0.0084 0.0056 0.0038 0.0107 0.0043 0.0046 0.8954 0.0040 0.0034 0.0063 0.0045 0.0035 0.0078 0.0027 0.0043 0.0029 0.0027 0.0021 0.0029 
 H194.5_2004  1 0.0071 0.0085 0.0084 0.0025 0.0050 0.0120 0.0040 0.0048 0.0044 0.0079 0.0048 0.8487 0.0048 0.0041 0.0106 0.0111 0.0077 0.0048 0.0048 0.0074 0.0182 0.0029 0.0034 0.0023 
 H194.6_2004  1 0.0137 0.0168 0.0098 0.0039 0.0076 0.0213 0.0098 0.0062 0.0056 0.0185 0.0053 0.7429 0.0056 0.0041 0.0118 0.0093 0.0049 0.0496 0.0059 0.0061 0.0290 0.0053 0.0038 0.0029 
 H194.7_2004  1 0.0031 0.0032 0.0029 0.0030 0.0027 0.0032 0.0027 0.0026 0.0035 0.0064 0.0029 0.9273 0.0020 0.0024 0.0027 0.0027 0.0037 0.0042 0.0030 0.0026 0.0041 0.0032 0.0036 0.0025 
 H194.8_2004  1 0.0053 0.0051 0.0042 0.0025 0.0048 0.0055 0.0046 0.0053 0.0058 0.0051 0.0041 0.8966 0.0031 0.0038 0.0058 0.0083 0.0048 0.0056 0.0024 0.0040 0.0040 0.0030 0.0026 0.0037 
      H194.9  1 0.0029 0.0043 0.0040 0.0024 0.0049 0.0028 0.0039 0.0049 0.0034 0.0030 0.0033 0.9205 0.0019 0.0025 0.0038 0.0049 0.0041 0.0045 0.0024 0.0032 0.0030 0.0036 0.0022 0.0037 
 H195.1_2003  1 0.0020 0.0056 0.0037 0.0030 0.0022 0.0032 0.0027 0.0024 0.0022 0.0022 0.0021 0.0026 0.0025 0.0020 0.0029 0.9382 0.0029 0.0026 0.0024 0.0030 0.0027 0.0025 0.0023 0.0020 
 H195.1_2004  1 0.0027 0.0058 0.0048 0.0047 0.0033 0.0062 0.0039 0.0027 0.8987 0.0033 0.0059 0.0027 0.0024 0.0025 0.0076 0.0066 0.0026 0.0087 0.0030 0.0096 0.0029 0.0029 0.0036 0.0029 
 H195.2_2003  1 0.0040 0.0055 0.0048 0.0026 0.0091 0.0033 0.0099 0.0099 0.0103 0.0043 0.0036 0.0060 0.0028 0.0057 0.0033 0.8383 0.0094 0.0037 0.0405 0.0073 0.0021 0.0070 0.0038 0.0029 
 H195.2_2004  1 0.0031 0.0051 0.0067 0.0042 0.0095 0.0078 0.0033 0.0026 0.7813 0.0024 0.0039 0.0059 0.0034 0.0024 0.0079 0.1143 0.0036 0.0042 0.0105 0.0046 0.0037 0.0033 0.0033 0.0031 
 H195.3_2003  1 0.0036 0.0069 0.0034 0.0046 0.0078 0.0032 0.0035 0.0433 0.0052 0.0082 0.0065 0.0105 0.0022 0.0104 0.0023 0.7971 0.0108 0.0054 0.0165 0.0085 0.0081 0.0180 0.0074 0.0065 
 H195.3_2004  1 0.0038 0.0170 0.0072 0.0027 0.0042 0.0333 0.0068 0.0027 0.6587 0.0036 0.0049 0.0072 0.0030 0.0031 0.0124 0.1865 0.0050 0.0120 0.0036 0.0083 0.0044 0.0026 0.0037 0.0033 
 H195.4_2003  1 0.0034 0.0054 0.0165 0.0038 0.0024 0.0168 0.0027 0.0022 0.0492 0.0028 0.0029 0.0070 0.0038 0.0025 0.0102 0.8449 0.0032 0.0049 0.0022 0.0023 0.0030 0.0022 0.0040 0.0017 
 H195.4_2004  1 0.0060 0.0059 0.0038 0.0023 0.0052 0.0061 0.0031 0.0025 0.8632 0.0048 0.0038 0.0071 0.0041 0.0022 0.0055 0.0373 0.0035 0.0059 0.0111 0.0043 0.0033 0.0027 0.0026 0.0037 
 H195.5_2003  1 0.0042 0.0063 0.0038 0.0073 0.0023 0.0045 0.0029 0.0036 0.0041 0.0028 0.0027 0.0035 0.0031 0.0028 0.0081 0.8976 0.0025 0.0023 0.0024 0.0125 0.0034 0.0032 0.0066 0.0073 
 H195.5_2004  1 0.0048 0.0037 0.0026 0.0033 0.0031 0.0052 0.0031 0.0024 0.9002 0.0030 0.0034 0.0041 0.0031 0.0035 0.0051 0.0180 0.0025 0.0065 0.0031 0.0042 0.0029 0.0028 0.0034 0.0062 
 H195.6_2003  1 0.0049 0.0043 0.0035 0.0033 0.0046 0.0046 0.0088 0.0115 0.0661 0.0035 0.0049 0.0038 0.0027 0.0042 0.0022 0.8035 0.0158 0.0041 0.0150 0.0053 0.0026 0.0078 0.0103 0.0028 
 H195.6_2004  1 0.0041 0.0041 0.0035 0.0024 0.0033 0.0033 0.0037 0.0018 0.8035 0.0038 0.0033 0.0065 0.0040 0.0069 0.0033 0.1096 0.0057 0.0050 0.0035 0.0055 0.0048 0.0021 0.0028 0.0035 
 H195.7_2003  1 0.0028 0.0040 0.0040 0.0024 0.0046 0.0052 0.0025 0.0024 0.0302 0.0040 0.0053 0.0048 0.0026 0.0028 0.0038 0.8541 0.0056 0.0029 0.0391 0.0034 0.0035 0.0023 0.0049 0.0025 
 H195.7_2004  1 0.0024 0.0025 0.0026 0.0054 0.0037 0.0027 0.0028 0.0051 0.9160 0.0024 0.0026 0.0021 0.0026 0.0020 0.0024 0.0088 0.0029 0.0032 0.0068 0.0055 0.0025 0.0062 0.0031 0.0035 
      H195.8  1 0.0037 0.0022 0.0025 0.0030 0.0026 0.0028 0.0027 0.0027 0.9317 0.0031 0.0034 0.0029 0.0020 0.0020 0.0025 0.0044 0.0028 0.0034 0.0033 0.0041 0.0025 0.0035 0.0029 0.0034 
      H195.9  1 0.0073 0.0105 0.0041 0.0054 0.0049 0.0090 0.0034 0.0024 0.8032 0.0055 0.0044 0.0051 0.0037 0.0028 0.0084 0.0806 0.0046 0.0110 0.0061 0.0068 0.0036 0.0028 0.0025 0.0022 
      H415.1  1 0.0018 0.0065 0.8721 0.0050 0.0025 0.0060 0.0040 0.0106 0.0048 0.0056 0.0040 0.0060 0.0033 0.0040 0.0059 0.0047 0.0039 0.0056 0.0099 0.0050 0.0053 0.0141 0.0032 0.0061 
      H415.2  1 0.0029 0.0109 0.6876 0.0065 0.0081 0.0056 0.0611 0.0153 0.0053 0.0428 0.0052 0.0131 0.0098 0.0033 0.0041 0.0033 0.0101 0.0348 0.0107 0.0124 0.0162 0.0082 0.0187 0.0038 
      H415.3  1 0.0024 0.0043 0.8955 0.0052 0.0051 0.0048 0.0036 0.0041 0.0031 0.0036 0.0057 0.0028 0.0124 0.0031 0.0070 0.0044 0.0029 0.0050 0.0055 0.0035 0.0037 0.0035 0.0053 0.0035 
      H415.4  1 0.0023 0.0049 0.9128 0.0038 0.0027 0.0050 0.0039 0.0040 0.0026 0.0037 0.0037 0.0046 0.0028 0.0037 0.0043 0.0044 0.0033 0.0032 0.0024 0.0039 0.0068 0.0066 0.0026 0.0020 
      H415.5  1 0.0024 0.0056 0.9224 0.0043 0.0028 0.0041 0.0036 0.0022 0.0030 0.0035 0.0047 0.0039 0.0032 0.0026 0.0048 0.0038 0.0022 0.0034 0.0033 0.0031 0.0036 0.0024 0.0024 0.0025 
      H415.6  1 0.0020 0.0051 0.9194 0.0034 0.0027 0.0047 0.0035 0.0036 0.0031 0.0030 0.0025 0.0034 0.0025 0.0032 0.0047 0.0042 0.0030 0.0023 0.0022 0.0043 0.0060 0.0063 0.0032 0.0020 
      H415.7  1 0.0060 0.0127 0.7797 0.0032 0.0063 0.0053 0.0320 0.0089 0.0051 0.0261 0.0043 0.0072 0.0178 0.0036 0.0065 0.0063 0.0130 0.0165 0.0065 0.0113 0.0045 0.0039 0.0106 0.0028 
      H506.1  1 0.0035 0.0021 0.0023 0.0026 0.0045 0.0028 0.0022 0.0019 0.0027 0.0023 0.0032 0.0026 0.9347 0.0032 0.0039 0.0032 0.0026 0.0029 0.0025 0.0025 0.0041 0.0020 0.0028 0.0031 
      H506.2  1 0.0033 0.0024 0.0027 0.0025 0.0035 0.0037 0.0021 0.0018 0.0099 0.0023 0.0053 0.0024 0.9193 0.0030 0.0041 0.0038 0.0034 0.0097 0.0021 0.0028 0.0029 0.0016 0.0030 0.0025 
      H506.3  1 0.0036 0.0053 0.0042 0.0056 0.0053 0.0042 0.0033 0.0053 0.0059 0.0079 0.0209 0.0033 0.8488 0.0038 0.0034 0.0060 0.0037 0.0173 0.0126 0.0074 0.0127 0.0029 0.0043 0.0023 
      H506.4  1 0.0115 0.0038 0.0053 0.0059 0.0034 0.0056 0.0059 0.0038 0.0028 0.0090 0.0059 0.0033 0.8876 0.0022 0.0050 0.0034 0.0044 0.0086 0.0034 0.0034 0.0033 0.0041 0.0061 0.0024 
      H506.5  1 0.0071 0.0050 0.0057 0.0025 0.0027 0.0039 0.0034 0.0024 0.0046 0.0033 0.0057 0.0028 0.9066 0.0023 0.0062 0.0054 0.0040 0.0081 0.0024 0.0041 0.0034 0.0025 0.0033 0.0026 
      H506.6  1 0.0069 0.0077 0.0061 0.0046 0.0031 0.0047 0.0033 0.0043 0.0226 0.0176 0.0126 0.0049 0.7183 0.0036 0.0036 0.0143 0.0102 0.1158 0.0097 0.0120 0.0033 0.0034 0.0051 0.0023 
      H506.7  1 0.0042 0.0044 0.0030 0.0027 0.0038 0.0032 0.0029 0.0016 0.0044 0.0027 0.0065 0.0024 0.9182 0.0036 0.0036 0.0057 0.0026 0.0065 0.0022 0.0040 0.0041 0.0019 0.0039 0.0018 
      H533.1  1 0.0026 0.0059 0.0033 0.0076 0.0023 0.0041 0.0023 0.0019 0.0028 0.0032 0.0089 0.0024 0.9113 0.0075 0.0086 0.0023 0.0020 0.0036 0.0020 0.0023 0.0050 0.0031 0.0023 0.0029 
      H533.2  1 0.0033 0.0073 0.0042 0.0057 0.0027 0.0042 0.0021 0.0020 0.0042 0.0036 0.0122 0.0020 0.9008 0.0096 0.0080 0.0024 0.0023 0.0043 0.0022 0.0027 0.0064 0.0028 0.0023 0.0025 
      H533.3  1 0.0024 0.0031 0.0021 0.0025 0.0050 0.0033 0.0022 0.0028 0.0035 0.0073 0.0043 0.0033 0.9180 0.0039 0.0071 0.0017 0.0075 0.0036 0.0028 0.0021 0.0041 0.0021 0.0033 0.0019 
      H533.4  1 0.0092 0.0064 0.0061 0.0046 0.0055 0.0039 0.0034 0.0040 0.0180 0.0065 0.0091 0.0117 0.8318 0.0043 0.0174 0.0120 0.0199 0.0051 0.0039 0.0049 0.0024 0.0043 0.0025 0.0031 
      H535.1  1 0.9297 0.0029 0.0039 0.0022 0.0037 0.0024 0.0035 0.0036 0.0027 0.0031 0.0027 0.0028 0.0035 0.0023 0.0032 0.0033 0.0041 0.0056 0.0019 0.0025 0.0027 0.0032 0.0020 0.0027 
      H535.2  1 0.9309 0.0031 0.0026 0.0028 0.0029 0.0040 0.0021 0.0025 0.0037 0.0026 0.0052 0.0022 0.0033 0.0036 0.0031 0.0027 0.0024 0.0038 0.0021 0.0032 0.0031 0.0019 0.0035 0.0026 
      H535.3  1 0.9403 0.0020 0.0016 0.0026 0.0029 0.0026 0.0018 0.0023 0.0039 0.0027 0.0044 0.0021 0.0028 0.0024 0.0019 0.0022 0.0029 0.0029 0.0020 0.0024 0.0033 0.0020 0.0028 0.0031 
      H535.4  1 0.9350 0.0031 0.0029 0.0023 0.0027 0.0035 0.0023 0.0024 0.0037 0.0028 0.0023 0.0029 0.0028 0.0030 0.0048 0.0034 0.0031 0.0027 0.0022 0.0026 0.0026 0.0020 0.0027 0.0023 
      H535.5  1 0.9353 0.0042 0.0029 0.0020 0.0031 0.0031 0.0023 0.0022 0.0023 0.0032 0.0026 0.0038 0.0028 0.0023 0.0038 0.0034 0.0035 0.0031 0.0020 0.0026 0.0027 0.0021 0.0023 0.0020 
      H535.6  1 0.9080 0.0040 0.0036 0.0032 0.0029 0.0035 0.0065 0.0057 0.0039 0.0042 0.0052 0.0038 0.0032 0.0022 0.0021 0.0073 0.0074 0.0041 0.0020 0.0035 0.0035 0.0050 0.0024 0.0028 
      H535.7  1 0.9451 0.0019 0.0022 0.0019 0.0025 0.0026 0.0021 0.0021 0.0020 0.0030 0.0021 0.0027 0.0031 0.0021 0.0033 0.0027 0.0027 0.0023 0.0023 0.0022 0.0033 0.0018 0.0019 0.0021 
      H535.8  1 0.9312 0.0036 0.0027 0.0021 0.0033 0.0033 0.0023 0.0034 0.0025 0.0027 0.0030 0.0034 0.0022 0.0026 0.0022 0.0074 0.0041 0.0025 0.0020 0.0031 0.0037 0.0023 0.0026 0.0019 
      H535.9  1 0.9351 0.0032 0.0033 0.0031 0.0023 0.0021 0.0030 0.0034 0.0031 0.0031 0.0040 0.0031 0.0024 0.0019 0.0023 0.0031 0.0038 0.0034 0.0019 0.0023 0.0024 0.0025 0.0024 0.0027 
      H539.1  1 0.0026 0.0036 0.0036 0.0029 0.0031 0.0028 0.0068 0.1517 0.0022 0.0039 0.0026 0.0032 0.0020 0.0025 0.0022 0.0023 0.0034 0.0045 0.0023 0.0060 0.0018 0.7777 0.0030 0.0032 
      H539.2  1 0.0074 0.0140 0.0037 0.1941 0.0066 0.0154 0.0057 0.0833 0.0055 0.1143 0.0083 0.0129 0.0046 0.0025 0.0043 0.0065 0.0335 0.0338 0.0375 0.0382 0.0061 0.3044 0.0044 0.0530 
      H539.3  1 0.0093 0.0084 0.0043 0.0053 0.0033 0.0040 0.0052 0.1120 0.0052 0.0192 0.0031 0.0317 0.0029 0.0034 0.0037 0.0127 0.0138 0.0073 0.0096 0.0076 0.0036 0.7127 0.0025 0.0092 
      H539.4  1 0.0030 0.0099 0.0051 0.0399 0.0033 0.0083 0.0038 0.2731 0.0038 0.0302 0.0035 0.0032 0.0030 0.0026 0.0034 0.0035 0.0033 0.0091 0.0097 0.0116 0.0045 0.5539 0.0041 0.0042 
      H539.5  1 0.0043 0.0029 0.0018 0.0031 0.0059 0.0035 0.0028 0.1861 0.0023 0.0051 0.0023 0.0052 0.0019 0.0021 0.0029 0.0019 0.0085 0.0085 0.0028 0.0032 0.0027 0.7342 0.0025 0.0035 
      H539.6  1 0.0043 0.0037 0.0026 0.0026 0.0055 0.0031 0.0041 0.0615 0.0024 0.0051 0.0024 0.0059 0.0024 0.0023 0.0029 0.0029 0.0141 0.0052 0.0033 0.0027 0.0022 0.8537 0.0020 0.0030 
      H539.7  1 0.0034 0.0096 0.0052 0.0070 0.0020 0.0038 0.0047 0.4028 0.0029 0.0065 0.0040 0.0039 0.0022 0.0022 0.0024 0.0034 0.0035 0.0045 0.0071 0.0030 0.0031 0.5025 0.0033 0.0073 
      H539.8  1 0.0304 0.0101 0.0040 0.0708 0.0062 0.0080 0.0053 0.3036 0.0035 0.0154 0.0040 0.0184 0.0045 0.0046 0.0040 0.0151 0.0075 0.0050 0.0136 0.0099 0.0091 0.4189 0.0045 0.0237 
      H539.9  1 0.0025 0.0050 0.0033 0.0065 0.0027 0.0035 0.0021 0.2856 0.0038 0.0125 0.0039 0.0028 0.0033 0.0033 0.0024 0.0035 0.0032 0.0061 0.0074 0.0101 0.0049 0.6141 0.0043 0.0032 
      H540.1  1 0.0041 0.0026 0.0038 0.0035 0.0037 0.0029 0.0037 0.8698 0.0055 0.0094 0.0065 0.0040 0.0028 0.0033 0.0025 0.0034 0.0385 0.0046 0.0033 0.0029 0.0040 0.0087 0.0044 0.0022 
      H540.2  1 0.0019 0.0023 0.0044 0.0031 0.0043 0.0031 0.0039 0.9044 0.0029 0.0049 0.0045 0.0044 0.0032 0.0025 0.0031 0.0027 0.0087 0.0038 0.0035 0.0037 0.0033 0.0139 0.0044 0.0028 
      H540.3  1 0.0050 0.0099 0.0198 0.0146 0.0055 0.0315 0.0062 0.6946 0.0128 0.0138 0.0062 0.0244 0.0044 0.0045 0.0121 0.0044 0.0077 0.0125 0.0101 0.0221 0.0081 0.0504 0.0039 0.0154 
      H540.4  1 0.0037 0.0034 0.0069 0.0231 0.0032 0.0057 0.0055 0.8332 0.0038 0.0088 0.0129 0.0039 0.0038 0.0028 0.0030 0.0042 0.0109 0.0061 0.0087 0.0036 0.0039 0.0256 0.0066 0.0069 
      H540.5  1 0.0019 0.0044 0.0045 0.0025 0.0034 0.0045 0.0037 0.9000 0.0028 0.0060 0.0055 0.0079 0.0030 0.0035 0.0038 0.0021 0.0044 0.0045 0.0080 0.0038 0.0041 0.0074 0.0037 0.0046 
      H540.6  1 0.0031 0.0042 0.0048 0.0037 0.0066 0.0062 0.0054 0.8243 0.0067 0.0142 0.0147 0.0069 0.0036 0.0060 0.0050 0.0029 0.0277 0.0129 0.0076 0.0067 0.0055 0.0077 0.0074 0.0063 
      H540.7  1 0.0027 0.0044 0.0095 0.0081 0.0110 0.0052 0.0034 0.8450 0.0030 0.0058 0.0081 0.0075 0.0070 0.0025 0.0129 0.0045 0.0093 0.0057 0.0046 0.0051 0.0031 0.0173 0.0079 0.0065 
      H540.8  1 0.0039 0.0056 0.0098 0.0080 0.0046 0.0104 0.0113 0.7783 0.0035 0.0609 0.0064 0.0326 0.0032 0.0028 0.0063 0.0039 0.0092 0.0106 0.0047 0.0030 0.0038 0.0095 0.0042 0.0035 
     H9558.1  1 0.0035 0.0025 0.0038 0.0024 0.0021 0.0020 0.0076 0.9181 0.0023 0.0033 0.0032 0.0038 0.0039 0.0048 0.0016 0.0046 0.0051 0.0023 0.0029 0.0024 0.0028 0.0098 0.0020 0.0032 
     H9558.2  1 0.0046 0.0034 0.0054 0.0023 0.0105 0.0033 0.0058 0.8735 0.0025 0.0021 0.0106 0.0076 0.0047 0.0100 0.0034 0.0117 0.0051 0.0025 0.0048 0.0050 0.0037 0.0063 0.0050 0.0063 
     H9558.3  1 0.0032 0.0028 0.0036 0.0035 0.0128 0.0026 0.0028 0.8376 0.0023 0.0031 0.0076 0.0061 0.0027 0.0300 0.0022 0.0039 0.0050 0.0024 0.0039 0.0051 0.0042 0.0376 0.0068 0.0083 
     H9558.4  1 0.0045 0.0026 0.0031 0.0024 0.0026 0.0025 0.0029 0.9318 0.0021 0.0045 0.0032 0.0035 0.0029 0.0032 0.0020 0.0022 0.0036 0.0026 0.0037 0.0022 0.0021 0.0040 0.0023 0.0036 
     H9558.5  1 0.0058 0.0049 0.0035 0.0074 0.0027 0.0029 0.0021 0.9067 0.0018 0.0046 0.0031 0.0024 0.0026 0.0031 0.0025 0.0018 0.0028 0.0032 0.0097 0.0048 0.0028 0.0075 0.0045 0.0069 
     H9558.6  1 0.0036 0.0044 0.0044 0.0026 0.0045 0.0062 0.0048 0.8846 0.0024 0.0052 0.0037 0.0069 0.0025 0.0103 0.0033 0.0044 0.0035 0.0034 0.0030 0.0034 0.0042 0.0207 0.0034 0.0045 
    kos339.1  1 0.0080 0.0683 0.0110 0.0051 0.0384 0.0082 0.0099 0.0074 0.0028 0.0088 0.0103 0.0037 0.0267 0.0057 0.7262 0.0027 0.0056 0.0080 0.0030 0.0053 0.0056 0.0046 0.0223 0.0025 
    kos339.2  1 0.0058 0.0044 0.0080 0.0039 0.0062 0.0055 0.0052 0.0029 0.0057 0.0039 0.0034 0.0037 0.0079 0.0050 0.8898 0.0037 0.0025 0.0041 0.0041 0.0066 0.0036 0.0047 0.0065 0.0028 
    kos339.3  1 0.0046 0.0157 0.0037 0.0040 0.0026 0.0051 0.0036 0.0026 0.0030 0.0035 0.0037 0.0041 0.0044 0.0026 0.9095 0.0033 0.0048 0.0028 0.0028 0.0024 0.0032 0.0036 0.0020 0.0024 
    kos339.4  1 0.0042 0.0116 0.0061 0.0038 0.0038 0.0085 0.0043 0.0032 0.0027 0.0036 0.0050 0.0041 0.0037 0.0024 0.9013 0.0062 0.0049 0.0035 0.0033 0.0031 0.0028 0.0031 0.0020 0.0029 
    kos339.5  1 0.0023 0.0218 0.0043 0.0037 0.0502 0.0098 0.0057 0.0045 0.0026 0.0025 0.0074 0.0032 0.0097 0.0050 0.8293 0.0028 0.0042 0.0064 0.0029 0.0029 0.0047 0.0034 0.0072 0.0034 
    kos339.6  1 0.0023 0.0033 0.0051 0.0020 0.0060 0.0068 0.0031 0.0028 0.0053 0.0030 0.0035 0.0051 0.0046 0.0025 0.9168 0.0019 0.0034 0.0044 0.0029 0.0033 0.0029 0.0023 0.0045 0.0022 
    kos339.7  1 0.0093 0.0088 0.0069 0.0035 0.0026 0.0064 0.0031 0.0024 0.0031 0.0025 0.0044 0.0045 0.0045 0.0020 0.9093 0.0044 0.0039 0.0037 0.0028 0.0024 0.0025 0.0022 0.0020 0.0028 
    kos339.8  1 0.0036 0.0122 0.0069 0.0044 0.0041 0.0054 0.0044 0.0022 0.0042 0.0036 0.0027 0.0024 0.0115 0.0027 0.8962 0.0042 0.0026 0.0048 0.0037 0.0033 0.0035 0.0029 0.0057 0.0031 
    kos339.9  1 0.0046 0.0116 0.0080 0.0061 0.0298 0.0271 0.0358 0.0192 0.0085 0.0089 0.0140 0.0049 0.0082 0.0066 0.7153 0.0058 0.0090 0.0253 0.0036 0.0078 0.0087 0.0219 0.0069 0.0024 
      H409.1 12 0.0024 0.0025 0.0043 0.0021 0.0040 0.0051 0.0026 0.0021 0.0029 0.0026 0.0057 0.0036 0.0042 0.0031 0.0065 0.0033 0.0020 0.0034 0.0033 0.0028 0.9219 0.0021 0.0043 0.0031 
     H409.10 12 0.0030 0.0035 0.0112 0.0091 0.0048 0.0046 0.0042 0.0052 0.0036 0.0031 0.0119 0.0030 0.0245 0.0026 0.0058 0.0083 0.0074 0.0038 0.0176 0.0069 0.8283 0.0129 0.0070 0.0077 
      H409.2 12 0.0071 0.0044 0.0164 0.0028 0.0021 0.0058 0.0048 0.0048 0.0036 0.0046 0.0036 0.0036 0.0046 0.0021 0.0062 0.0040 0.0023 0.0052 0.0042 0.0089 0.8913 0.0023 0.0027 0.0023 
      H409.3 12 0.0030 0.0032 0.0026 0.0029 0.0029 0.0037 0.0029 0.0031 0.0040 0.0045 0.0023 0.0050 0.0049 0.0046 0.0041 0.0032 0.0029 0.0035 0.0036 0.0044 0.9184 0.0036 0.0031 0.0034 
      H409.4 12 0.0039 0.0029 0.0032 0.0025 0.0033 0.0034 0.0022 0.0030 0.0028 0.0026 0.0041 0.0051 0.0025 0.0044 0.0029 0.0020 0.0024 0.0031 0.0032 0.0043 0.9288 0.0023 0.0027 0.0025 
      H409.5 12 0.0037 0.0034 0.0043 0.0024 0.0035 0.0026 0.0044 0.0026 0.0029 0.0061 0.0024 0.0028 0.0044 0.0040 0.0023 0.0036 0.0049 0.0031 0.0027 0.0034 0.9194 0.0046 0.0034 0.0029 
      H409.6 12 0.0089 0.0050 0.0039 0.0043 0.0069 0.0046 0.0050 0.0040 0.0061 0.0144 0.0077 0.0087 0.0146 0.0616 0.0030 0.0026 0.0071 0.0063 0.0050 0.0062 0.7866 0.0104 0.0084 0.0088 
      H409.7 12 0.0027 0.0048 0.0035 0.0024 0.0063 0.0067 0.0027 0.0024 0.0054 0.0030 0.0055 0.0067 0.0039 0.0049 0.0064 0.0039 0.0027 0.0035 0.0044 0.0067 0.9004 0.0023 0.0055 0.0034 
      H409.8 12 0.0028 0.0034 0.0036 0.0025 0.0066 0.0036 0.0033 0.0028 0.0024 0.0057 0.0041 0.0035 0.0044 0.0030 0.0032 0.0040 0.0038 0.0032 0.0023 0.0029 0.9155 0.0031 0.0067 0.0036 
      H409.9 12 0.0111 0.0045 0.0119 0.0124 0.0053 0.0091 0.0036 0.1241 0.0062 0.0130 0.0120 0.0035 0.1135 0.0048 0.0027 0.0033 0.0125 0.0197 0.0041 0.0051 0.4149 0.1449 0.0366 0.0213 
      H413.1 12 0.0028 0.0057 0.0019 0.0041 0.0045 0.0026 0.0023 0.0024 0.0020 0.0024 0.0052 0.0028 0.0016 0.0064 0.0039 0.0022 0.0024 0.0022 0.0029 0.0029 0.0022 0.0027 0.0055 0.9264 
      H413.2 12 0.0024 0.0042 0.0020 0.0026 0.0025 0.0030 0.0019 0.0021 0.0020 0.0026 0.0032 0.0027 0.0029 0.0048 0.0046 0.0033 0.0020 0.0020 0.0019 0.0019 0.0022 0.0028 0.0024 0.9378 
      H413.3 12 0.0018 0.0020 0.0020 0.0022 0.0026 0.0024 0.0023 0.0037 0.0021 0.0023 0.0041 0.0041 0.0032 0.0034 0.0022 0.0025 0.0032 0.0021 0.0043 0.0029 0.0029 0.0033 0.0045 0.9339 
      H413.4 12 0.0019 0.0025 0.0027 0.0043 0.0089 0.0041 0.0027 0.0035 0.0044 0.0018 0.0046 0.0044 0.0057 0.0041 0.0049 0.0046 0.0026 0.0051 0.0022 0.0060 0.0033 0.0030 0.0085 0.9040 
      H413.5 12 0.0019 0.0024 0.0025 0.0101 0.0057 0.0027 0.0108 0.0052 0.0034 0.0030 0.0038 0.0033 0.0030 0.0029 0.0024 0.0018 0.0030 0.0020 0.0039 0.0028 0.0023 0.0217 0.0036 0.8961 
      H413.6 12 0.0024 0.0035 0.0031 0.0099 0.0252 0.0045 0.0019 0.0102 0.0037 0.0026 0.0033 0.0054 0.0022 0.0053 0.0047 0.0113 0.0021 0.0037 0.0135 0.0075 0.0045 0.0090 0.0061 0.8544 
      H413.7 12 0.0025 0.0025 0.0022 0.0020 0.0026 0.0027 0.0023 0.0039 0.0018 0.0021 0.0025 0.0026 0.0031 0.0029 0.0029 0.0030 0.0021 0.0021 0.0027 0.0027 0.0024 0.0026 0.0026 0.9411 
      H563.1 12 0.0019 0.0033 0.0020 0.0030 0.0037 0.0033 0.0022 0.0096 0.0033 0.0036 0.0034 0.0030 0.0027 0.0034 0.0028 0.0019 0.0035 0.0046 0.0051 0.0050 0.0039 0.0067 0.9063 0.0118 
      H563.2 12 0.0043 0.0048 0.0068 0.0046 0.0057 0.0112 0.0052 0.0078 0.0042 0.0035 0.0065 0.0194 0.0043 0.0047 0.0093 0.0031 0.0036 0.0047 0.0045 0.0088 0.0116 0.0046 0.8472 0.0095 
      H563.3 12 0.0023 0.0027 0.0027 0.0025 0.0099 0.0027 0.0030 0.0064 0.0022 0.0035 0.0036 0.0035 0.0031 0.0035 0.0025 0.0024 0.0073 0.0034 0.0024 0.0058 0.0037 0.0101 0.9075 0.0035 
      H563.4 12 0.0027 0.0041 0.0038 0.0045 0.0037 0.0055 0.0035 0.0043 0.0040 0.0071 0.0036 0.0074 0.0037 0.0095 0.0044 0.0017 0.0048 0.0050 0.0053 0.0046 0.0076 0.0040 0.8829 0.0122 
      H563.5 12 0.0017 0.0033 0.0026 0.0037 0.0062 0.0033 0.0023 0.0058 0.0027 0.0032 0.0030 0.0025 0.0020 0.0033 0.0027 0.0021 0.0042 0.0046 0.0044 0.0086 0.0029 0.0058 0.9137 0.0056 
      H563.6 12 0.0027 0.0055 0.0048 0.0041 0.0135 0.0058 0.0050 0.0063 0.0029 0.0034 0.0051 0.0074 0.0039 0.0063 0.0105 0.0027 0.0039 0.0034 0.0032 0.0127 0.0059 0.0056 0.8671 0.0083 
      H563.7 12 0.0019 0.0048 0.0037 0.0037 0.0103 0.0083 0.0035 0.0027 0.0026 0.0024 0.0051 0.0048 0.0036 0.0056 0.0080 0.0032 0.0034 0.0028 0.0027 0.0083 0.0056 0.0033 0.8910 0.0087 
      H563.8 12 0.0018 0.0061 0.0025 0.0033 0.0097 0.0051 0.0030 0.0119 0.0031 0.0068 0.0031 0.0039 0.0029 0.0041 0.0033 0.0025 0.0043 0.0093 0.0042 0.0105 0.0034 0.0112 0.8779 0.0058 
      H563.9 12 0.0020 0.0061 0.0073 0.0036 0.0075 0.0109 0.0059 0.0033 0.0044 0.0045 0.0092 0.0121 0.0056 0.0047 0.0085 0.0033 0.0046 0.0039 0.0042 0.0052 0.0107 0.0060 0.8601 0.0064 
     H7374.1 12 0.0044 0.0088 0.0066 0.0027 0.0039 0.0044 0.0033 0.0035 0.0038 0.0048 0.0038 0.0082 0.0022 0.0092 0.0041 0.0122 0.0067 0.0034 0.0031 0.8817 0.0072 0.0034 0.0049 0.0037 
     H7374.2 12 0.0029 0.0042 0.0058 0.0029 0.0036 0.0025 0.0032 0.0106 0.0034 0.0060 0.0032 0.0081 0.0040 0.0049 0.0023 0.0049 0.0067 0.0047 0.0062 0.8843 0.0048 0.0050 0.0067 0.0091 
     H7374.3 12 0.0039 0.0084 0.0107 0.0034 0.0051 0.0059 0.0061 0.0083 0.0062 0.0062 0.0045 0.0169 0.0047 0.0076 0.0039 0.0521 0.0087 0.0063 0.0042 0.8007 0.0074 0.0057 0.0092 0.0040 
