      H105.1  1 0.0146 0.0173 0.9680 
      H105.2  1 0.0079 0.0163 0.9758 
      H105.3  1 0.0084 0.0094 0.9822 
      H105.4  1 0.0138 0.0189 0.9673 
      H105.5  1 0.0275 0.1103 0.8622 
      H105.6  1 0.0236 0.0225 0.9540 
      H105.7  1 0.0111 0.0189 0.9700 
      H105.8  1 0.0058 0.0106 0.9836 
      H115.1  1 0.0150 0.8776 0.1074 
      H115.2  1 0.0094 0.9796 0.0111 
      H115.3  1 0.0122 0.9760 0.0117 
      H115.4  1 0.0270 0.9487 0.0243 
      H115.5  1 0.0504 0.9238 0.0257 
      H115.6  1 0.0169 0.9726 0.0106 
      H115.7  1 0.0152 0.9245 0.0603 
      H115.8  1 0.0099 0.9755 0.0146 
      H115.9  1 0.0117 0.9636 0.0247 
      H145.1  1 0.9321 0.0581 0.0098 
      H145.2  1 0.9694 0.0182 0.0124 
      H145.3  1 0.9592 0.0324 0.0084 
      H145.4  1 0.9719 0.0145 0.0136 
      H145.5  1 0.9532 0.0381 0.0086 
      H145.6  1 0.9773 0.0085 0.0141 
      H145.7  1 0.9860 0.0071 0.0069 
      H149.1  1 0.9790 0.0087 0.0122 
      H149.2  1 0.9702 0.0113 0.0185 
      H149.3  1 0.9199 0.0245 0.0556 
      H149.4  1 0.6782 0.0123 0.3095 
      H149.5  1 0.7660 0.0101 0.2238 
      H149.6  1 0.9327 0.0066 0.0607 
      H149.7  1 0.5643 0.0202 0.4155 
      H150.1  1 0.0051 0.9889 0.0060 
      H150.2  1 0.0071 0.9848 0.0082 
      H150.3  1 0.0074 0.9803 0.0123 
      H150.4  1 0.0051 0.9881 0.0068 
      H150.5  1 0.0063 0.9865 0.0072 
      H150.6  1 0.0149 0.9724 0.0127 
      H150.7  1 0.0065 0.9874 0.0061 
   H169607.1  1 0.0253 0.9502 0.0245 
   H169607.2  1 0.0437 0.9400 0.0163 
   H169607.3  1 0.0238 0.9467 0.0294 
   H169607.4  1 0.0284 0.9629 0.0087 
   H169607.5  1 0.0391 0.9537 0.0072 
   H169607.6  1 0.0277 0.9517 0.0206 
   H169607.7  1 0.0306 0.9530 0.0164 
   H169607.8  1 0.0214 0.9525 0.0261 
   H169633.1  1 0.9761 0.0104 0.0135 
   H169633.2  1 0.9729 0.0062 0.0209 
   H169633.3  1 0.9804 0.0085 0.0111 
   H169633.4  1 0.9758 0.0103 0.0140 
   H169633.5  1 0.9753 0.0080 0.0166 
   H169688.1  1 0.1548 0.4332 0.4119 
   H169688.2  1 0.1333 0.3173 0.5494 
   H169688.3  1 0.2161 0.4763 0.3076 
   H169688.4  1 0.0174 0.9754 0.0072 
   H169688.5  1 0.0186 0.9743 0.0071 
   H169688.6  1 0.1569 0.4238 0.4192 
   H169688.7  1 0.4580 0.4539 0.0880 
   H171901.1  1 0.0612 0.7875 0.1513 
   H171901.2  1 0.9002 0.0735 0.0263 
   H171901.3  1 0.8402 0.1142 0.0456 
   H171901.4  1 0.9000 0.0649 0.0352 
   H171901.5  1 0.8693 0.0923 0.0384 
   H171901.6  1 0.8806 0.0905 0.0288 
   H171901.7  1 0.9546 0.0331 0.0123 
   H171902.1  1 0.0303 0.9532 0.0165 
  H171902.10  1 0.0339 0.9461 0.0200 
   H171902.2  1 0.0292 0.9534 0.0173 
   H171902.3  1 0.0216 0.9644 0.0140 
   H171902.4  1 0.1732 0.8109 0.0158 
   H171902.6  1 0.0450 0.9403 0.0146 
   H171902.7  1 0.0526 0.9361 0.0113 
   H171902.8  1 0.0505 0.9285 0.0211 
   H171902.9  1 0.0095 0.9830 0.0075 
   H171903.1  1 0.0257 0.9619 0.0124 
   H171903.2  1 0.0412 0.9165 0.0423 
   H171903.3  1 0.1832 0.7389 0.0779 
   H171903.4  1 0.0151 0.9742 0.0108 
   H171903.5  1 0.0313 0.9463 0.0224 
   H171903.6  1 0.0219 0.9710 0.0072 
      H177.1  1 0.7718 0.1843 0.0439 
      H177.2  1 0.8635 0.0625 0.0740 
      H177.3  1 0.8642 0.1054 0.0303 
      H177.4  1 0.9458 0.0148 0.0394 
      H177.5  1 0.8820 0.0459 0.0722 
      H177.6  1 0.8816 0.0882 0.0302 
      H179.1  1 0.0063 0.0123 0.9814 
      H179.2  1 0.0167 0.0590 0.9244 
      H179.3  1 0.0145 0.0844 0.9012 
      H179.4  1 0.1400 0.0115 0.8484 
      H180.1  1 0.0087 0.9561 0.0352 
      H180.2  1 0.0194 0.9212 0.0594 
      H180.3  1 0.0114 0.9786 0.0101 
      H180.4  1 0.0165 0.9153 0.0683 
      H180.5  1 0.0387 0.9302 0.0311 
      H180.6  1 0.1110 0.8707 0.0183 
      H181.1  1 0.1904 0.1187 0.6909 
      H181.2  1 0.0834 0.0325 0.8841 
      H181.3  1 0.0620 0.0161 0.9219 
      H181.4  1 0.2904 0.2232 0.4864 
      H181.5  1 0.0090 0.0094 0.9816 
      H181.6  1 0.0249 0.0304 0.9447 
      H181.7  1 0.0302 0.0191 0.9507 
 H194.1_2004  1 0.9485 0.0423 0.0092 
 H194.2_2004  1 0.8979 0.0904 0.0117 
 H194.3_2004  1 0.9626 0.0117 0.0258 
 H194.4_2004  1 0.9778 0.0161 0.0061 
 H194.5_2004  1 0.9710 0.0132 0.0158 
 H194.6_2004  1 0.9700 0.0145 0.0155 
 H194.7_2004  1 0.9538 0.0278 0.0184 
 H194.8_2004  1 0.9691 0.0158 0.0151 
      H194.9  1 0.9666 0.0232 0.0102 
 H195.1_2003  1 0.9822 0.0085 0.0093 
 H195.1_2004  1 0.9840 0.0071 0.0089 
 H195.2_2003  1 0.9411 0.0445 0.0143 
 H195.2_2004  1 0.9843 0.0094 0.0063 
 H195.3_2003  1 0.7435 0.1970 0.0595 
 H195.3_2004  1 0.9851 0.0069 0.0080 
 H195.4_2003  1 0.9840 0.0068 0.0092 
 H195.4_2004  1 0.9849 0.0062 0.0089 
 H195.5_2003  1 0.9791 0.0087 0.0122 
 H195.5_2004  1 0.9839 0.0070 0.0091 
 H195.6_2003  1 0.9420 0.0441 0.0139 
 H195.6_2004  1 0.9816 0.0060 0.0124 
 H195.7_2003  1 0.9803 0.0079 0.0118 
 H195.7_2004  1 0.9675 0.0230 0.0096 
      H195.8  1 0.9835 0.0084 0.0081 
      H195.9  1 0.9851 0.0075 0.0074 
      H415.1  1 0.5779 0.3944 0.0277 
      H415.2  1 0.2315 0.4170 0.3515 
      H415.3  1 0.8072 0.0453 0.1475 
      H415.4  1 0.6639 0.2938 0.0422 
      H415.5  1 0.8765 0.0652 0.0583 
      H415.6  1 0.6680 0.2968 0.0352 
      H415.7  1 0.8965 0.0459 0.0576 
      H506.1  1 0.0082 0.0053 0.9866 
      H506.2  1 0.0365 0.0053 0.9583 
      H506.3  1 0.0143 0.0122 0.9736 
      H506.4  1 0.0150 0.0219 0.9631 
      H506.5  1 0.0265 0.0056 0.9679 
      H506.6  1 0.0565 0.0273 0.9162 
      H506.7  1 0.0217 0.0059 0.9724 
      H533.1  1 0.0224 0.0053 0.9724 
      H533.2  1 0.0288 0.0068 0.9645 
      H533.3  1 0.0196 0.0112 0.9692 
      H533.4  1 0.1665 0.0193 0.8142 
      H535.1  1 0.9724 0.0137 0.0139 
      H535.2  1 0.9690 0.0075 0.0235 
      H535.3  1 0.9593 0.0095 0.0312 
      H535.4  1 0.9858 0.0049 0.0093 
      H535.5  1 0.9862 0.0059 0.0078 
      H535.6  1 0.9696 0.0204 0.0100 
      H535.7  1 0.9823 0.0066 0.0111 
      H535.8  1 0.9824 0.0064 0.0112 
      H535.9  1 0.9709 0.0170 0.0121 
      H539.1  1 0.0043 0.9912 0.0046 
      H539.2  1 0.0081 0.9821 0.0099 
      H539.3  1 0.0094 0.9851 0.0056 
      H539.4  1 0.0052 0.9900 0.0049 
      H539.5  1 0.0049 0.9908 0.0043 
      H539.6  1 0.0058 0.9894 0.0047 
      H539.7  1 0.0058 0.9892 0.0051 
      H539.8  1 0.0079 0.9832 0.0089 
      H539.9  1 0.0044 0.9895 0.0061 
      H540.1  1 0.0086 0.9852 0.0061 
      H540.2  1 0.0052 0.9858 0.0090 
      H540.3  1 0.0203 0.9672 0.0125 
      H540.4  1 0.0078 0.9826 0.0096 
      H540.5  1 0.0074 0.9827 0.0099 
      H540.6  1 0.0081 0.9806 0.0114 
      H540.7  1 0.0114 0.9756 0.0130 
      H540.8  1 0.0160 0.9781 0.0059 
     H9558.1  1 0.0080 0.9844 0.0077 
     H9558.2  1 0.0139 0.9671 0.0190 
     H9558.3  1 0.0090 0.9696 0.0214 
     H9558.4  1 0.0079 0.9840 0.0080 
     H9558.5  1 0.0065 0.9857 0.0077 
     H9558.6  1 0.0121 0.9733 0.0146 
    kos339.1  1 0.8571 0.0181 0.1248 
    kos339.2  1 0.9670 0.0081 0.0249 
    kos339.3  1 0.9785 0.0116 0.0099 
    kos339.4  1 0.9757 0.0133 0.0110 
    kos339.5  1 0.8750 0.0153 0.1097 
    kos339.6  1 0.9749 0.0070 0.0182 
    kos339.7  1 0.9832 0.0069 0.0099 
    kos339.8  1 0.9675 0.0069 0.0256 
    kos339.9  1 0.9325 0.0404 0.0272 
      H409.1 12 0.0155 0.0053 0.9792 
     H409.10 12 0.0186 0.0187 0.9627 
      H409.2 12 0.0299 0.0110 0.9591 
      H409.3 12 0.0242 0.0103 0.9655 
      H409.4 12 0.0208 0.0123 0.9669 
      H409.5 12 0.0155 0.0179 0.9666 
      H409.6 12 0.0132 0.0102 0.9766 
      H409.7 12 0.0166 0.0078 0.9756 
      H409.8 12 0.0113 0.0074 0.9813 
      H409.9 12 0.0106 0.2570 0.7324 
      H413.1 12 0.0197 0.0231 0.9572 
      H413.2 12 0.0314 0.0216 0.9469 
      H413.3 12 0.0089 0.0166 0.9745 
      H413.4 12 0.0115 0.0135 0.9750 
      H413.5 12 0.0109 0.2834 0.7057 
      H413.6 12 0.0271 0.1542 0.8187 
      H413.7 12 0.0205 0.0236 0.9559 
      H563.1 12 0.0082 0.0174 0.9744 
      H563.2 12 0.0200 0.0122 0.9677 
      H563.3 12 0.0079 0.0136 0.9785 
      H563.4 12 0.0128 0.0085 0.9787 
      H563.5 12 0.0096 0.0120 0.9785 
      H563.6 12 0.0132 0.0095 0.9773 
      H563.7 12 0.0158 0.0070 0.9772 
      H563.8 12 0.0103 0.0306 0.9591 
      H563.9 12 0.0123 0.0089 0.9788 
     H7374.1 12 0.2982 0.0160 0.6858 
     H7374.2 12 0.1950 0.0524 0.7526 
     H7374.3 12 0.3455 0.0261 0.6283 
     H7374.4 12 0.4272 0.0309 0.5419 
     H7374.5 12 0.2160 0.0341 0.7500 
     H7374.6 12 0.6682 0.0206 0.3112 
     H7374.7 12 0.4071 0.0131 0.5798 
     H7374.8 12 0.3583 0.0104 0.6313 
     H7374.9 12 0.3333 0.0357 0.6310 
     H9563.1 12 0.0111 0.0110 0.9780 
     H9563.2 12 0.0110 0.0280 0.9610 
     H9563.3 12 0.0127 0.0048 0.9825 
     H9563.4 12 0.0261 0.0207 0.9532 
     H9563.5 12 0.0157 0.0114 0.9729 
     H9563.6 12 0.0080 0.0063 0.9856 
     H9563.7 12 0.0071 0.0086 0.9844 
     H9563.8 12 0.0236 0.0302 0.9462 
     H9563.9 12 0.0083 0.0236 0.9681 
     H9572.1 12 0.0304 0.1599 0.8097 
     H9572.2 12 0.2060 0.1119 0.6821 
     H9572.3 12 0.3069 0.1261 0.5671 
     H9572.4 12 0.4758 0.0503 0.4739 
     H9572.5 12 0.5623 0.1484 0.2893 
