      H105.1  1 0.0022 0.0032 0.0046 0.0031 0.9685 0.0027 0.0032 0.0027 0.0030 0.0024 0.0045 
      H105.2  1 0.0065 0.0029 0.0054 0.0046 0.9571 0.0036 0.0021 0.0029 0.0087 0.0030 0.0033 
      H105.3  1 0.0034 0.0027 0.0028 0.0025 0.9683 0.0027 0.0032 0.0022 0.0027 0.0027 0.0067 
      H105.4  1 0.0036 0.0029 0.0040 0.0021 0.9664 0.0032 0.0031 0.0032 0.0040 0.0034 0.0042 
      H105.5  1 0.0060 0.0047 0.0102 0.0027 0.9494 0.0049 0.0034 0.0058 0.0051 0.0031 0.0047 
      H105.6  1 0.0091 0.0042 0.0047 0.0044 0.9446 0.0057 0.0057 0.0070 0.0048 0.0043 0.0055 
      H105.7  1 0.0060 0.0033 0.0091 0.0055 0.9353 0.0050 0.0036 0.0063 0.0052 0.0029 0.0179 
      H105.8  1 0.0033 0.0027 0.0028 0.0026 0.9695 0.0026 0.0019 0.0027 0.0060 0.0024 0.0036 
      H115.1  1 0.9224 0.0080 0.0116 0.0069 0.0053 0.0046 0.0042 0.0137 0.0080 0.0029 0.0124 
      H115.2  1 0.7958 0.0090 0.0150 0.0145 0.0046 0.0075 0.0044 0.1305 0.0071 0.0032 0.0082 
      H115.3  1 0.8544 0.0074 0.0125 0.0195 0.0090 0.0061 0.0071 0.0622 0.0033 0.0036 0.0147 
      H115.4  1 0.8916 0.0239 0.0145 0.0210 0.0037 0.0058 0.0091 0.0056 0.0117 0.0081 0.0051 
      H115.5  1 0.8511 0.0280 0.0162 0.0103 0.0116 0.0051 0.0188 0.0368 0.0068 0.0095 0.0058 
      H115.6  1 0.4965 0.0229 0.0214 0.3400 0.0050 0.0126 0.0056 0.0698 0.0050 0.0028 0.0183 
      H115.7  1 0.8729 0.0070 0.0395 0.0170 0.0060 0.0086 0.0070 0.0176 0.0068 0.0030 0.0146 
      H115.8  1 0.8771 0.0140 0.0105 0.0131 0.0059 0.0048 0.0037 0.0559 0.0039 0.0019 0.0092 
      H115.9  1 0.6891 0.0088 0.0189 0.0076 0.0069 0.0051 0.0029 0.2020 0.0324 0.0051 0.0213 
      H145.1  1 0.0037 0.0052 0.0084 0.0163 0.0027 0.0123 0.9262 0.0098 0.0049 0.0051 0.0055 
      H145.2  1 0.0038 0.0045 0.0054 0.0065 0.0025 0.0061 0.9512 0.0047 0.0045 0.0055 0.0052 
      H145.3  1 0.0036 0.0029 0.0036 0.0108 0.0026 0.0045 0.9603 0.0030 0.0024 0.0031 0.0031 
      H145.4  1 0.0032 0.0043 0.0058 0.0056 0.0032 0.0159 0.9417 0.0042 0.0039 0.0037 0.0087 
      H145.5  1 0.0033 0.0042 0.0039 0.0252 0.0032 0.0090 0.9405 0.0029 0.0035 0.0021 0.0022 
      H145.6  1 0.0029 0.0044 0.0034 0.0048 0.0025 0.0043 0.9619 0.0033 0.0035 0.0028 0.0062 
      H145.7  1 0.0038 0.0067 0.0031 0.0035 0.0023 0.0065 0.9625 0.0022 0.0030 0.0030 0.0034 
      H149.1  1 0.0033 0.9666 0.0026 0.0053 0.0029 0.0042 0.0029 0.0028 0.0036 0.0029 0.0028 
      H149.2  1 0.0031 0.9550 0.0054 0.0062 0.0042 0.0041 0.0060 0.0029 0.0044 0.0039 0.0048 
      H149.3  1 0.0215 0.7784 0.0468 0.0105 0.0092 0.0137 0.0267 0.0045 0.0200 0.0100 0.0586 
      H149.4  1 0.0029 0.9533 0.0028 0.0053 0.0054 0.0048 0.0032 0.0033 0.0095 0.0034 0.0061 
      H149.5  1 0.0057 0.8359 0.0297 0.0045 0.0281 0.0076 0.0134 0.0025 0.0196 0.0116 0.0415 
      H149.6  1 0.0027 0.9572 0.0049 0.0043 0.0056 0.0034 0.0057 0.0020 0.0041 0.0030 0.0071 
      H149.7  1 0.0172 0.7732 0.0344 0.0125 0.0204 0.0206 0.0060 0.0038 0.0544 0.0070 0.0505 
      H150.1  1 0.2087 0.0037 0.0098 0.0090 0.0158 0.0049 0.0066 0.7283 0.0061 0.0023 0.0048 
      H150.2  1 0.7749 0.0062 0.0078 0.0419 0.0047 0.0060 0.0035 0.1408 0.0048 0.0035 0.0058 
      H150.3  1 0.2267 0.0062 0.0156 0.0236 0.0049 0.0074 0.0071 0.6907 0.0055 0.0027 0.0096 
      H150.4  1 0.0238 0.0029 0.0083 0.0063 0.0053 0.0047 0.0056 0.9349 0.0028 0.0017 0.0038 
      H150.5  1 0.7480 0.0079 0.0384 0.0098 0.0074 0.0085 0.0051 0.1401 0.0047 0.0032 0.0268 
      H150.6  1 0.8455 0.0049 0.0324 0.0181 0.0148 0.0099 0.0163 0.0352 0.0131 0.0043 0.0055 
      H150.7  1 0.0300 0.0059 0.0037 0.0137 0.0135 0.0035 0.0048 0.9148 0.0044 0.0020 0.0037 
   H169607.1  1 0.0108 0.0045 0.8953 0.0217 0.0033 0.0101 0.0194 0.0203 0.0058 0.0034 0.0056 
   H169607.2  1 0.0037 0.0030 0.9337 0.0059 0.0059 0.0075 0.0099 0.0152 0.0037 0.0060 0.0056 
   H169607.3  1 0.0065 0.0037 0.9357 0.0081 0.0058 0.0067 0.0102 0.0082 0.0061 0.0047 0.0043 
   H169607.4  1 0.0039 0.0029 0.9155 0.0145 0.0046 0.0178 0.0144 0.0139 0.0030 0.0045 0.0051 
   H169607.5  1 0.0037 0.0028 0.9547 0.0032 0.0023 0.0076 0.0044 0.0080 0.0031 0.0055 0.0047 
   H169607.6  1 0.0039 0.0030 0.9438 0.0054 0.0090 0.0077 0.0070 0.0083 0.0032 0.0044 0.0042 
   H169607.7  1 0.0062 0.0041 0.9361 0.0078 0.0085 0.0076 0.0118 0.0071 0.0038 0.0037 0.0034 
   H169607.8  1 0.0049 0.0035 0.9378 0.0044 0.0063 0.0128 0.0071 0.0101 0.0038 0.0041 0.0051 
   H169633.1  1 0.0086 0.9252 0.0064 0.0065 0.0036 0.0067 0.0172 0.0061 0.0046 0.0073 0.0079 
   H169633.2  1 0.0068 0.8523 0.0073 0.0564 0.0189 0.0079 0.0181 0.0029 0.0124 0.0127 0.0043 
   H169633.3  1 0.0081 0.9201 0.0046 0.0043 0.0039 0.0231 0.0058 0.0066 0.0068 0.0096 0.0070 
   H169633.4  1 0.0082 0.9248 0.0049 0.0064 0.0045 0.0131 0.0090 0.0078 0.0053 0.0067 0.0094 
   H169633.5  1 0.0109 0.9207 0.0060 0.0051 0.0045 0.0134 0.0092 0.0081 0.0039 0.0071 0.0110 
   H169688.1  1 0.0052 0.0108 0.9154 0.0099 0.0044 0.0149 0.0081 0.0061 0.0119 0.0089 0.0045 
   H169688.2  1 0.0069 0.0054 0.8885 0.0040 0.0284 0.0168 0.0111 0.0090 0.0200 0.0034 0.0064 
   H169688.3  1 0.0055 0.0050 0.9422 0.0048 0.0066 0.0055 0.0072 0.0073 0.0080 0.0022 0.0057 
   H169688.4  1 0.0071 0.0032 0.9470 0.0035 0.0024 0.0040 0.0039 0.0176 0.0047 0.0028 0.0038 
   H169688.5  1 0.0069 0.0041 0.9438 0.0042 0.0025 0.0044 0.0053 0.0188 0.0041 0.0029 0.0031 
   H169688.6  1 0.0064 0.0180 0.8750 0.0038 0.0041 0.0066 0.0042 0.0069 0.0633 0.0087 0.0030 
   H169688.7  1 0.0109 0.0063 0.8213 0.0200 0.0085 0.0158 0.0853 0.0106 0.0130 0.0026 0.0058 
   H171901.1  1 0.2582 0.0098 0.4550 0.0191 0.0954 0.0160 0.0531 0.0293 0.0219 0.0033 0.0390 
   H171901.2  1 0.0084 0.8481 0.0121 0.0069 0.0623 0.0229 0.0081 0.0158 0.0041 0.0043 0.0069 
   H171901.3  1 0.0330 0.7807 0.0804 0.0061 0.0139 0.0265 0.0082 0.0199 0.0107 0.0109 0.0099 
   H171901.4  1 0.0142 0.8576 0.0217 0.0075 0.0533 0.0120 0.0063 0.0116 0.0058 0.0051 0.0048 
   H171901.5  1 0.0124 0.8186 0.0265 0.0198 0.0353 0.0357 0.0093 0.0168 0.0147 0.0049 0.0060 
   H171901.6  1 0.0252 0.6886 0.0310 0.0642 0.0238 0.0497 0.0232 0.0565 0.0254 0.0069 0.0054 
   H171901.7  1 0.0330 0.6389 0.1077 0.0082 0.0053 0.1245 0.0172 0.0253 0.0183 0.0131 0.0085 
   H171902.1  1 0.0027 0.0030 0.0036 0.9679 0.0021 0.0028 0.0046 0.0046 0.0038 0.0024 0.0025 
  H171902.10  1 0.0045 0.0049 0.0058 0.9607 0.0033 0.0061 0.0027 0.0032 0.0027 0.0025 0.0037 
   H171902.2  1 0.0055 0.0058 0.0049 0.9555 0.0035 0.0036 0.0053 0.0055 0.0043 0.0026 0.0036 
   H171902.3  1 0.0062 0.0122 0.0047 0.9511 0.0029 0.0041 0.0036 0.0055 0.0036 0.0033 0.0029 
   H171902.4  1 0.0036 0.0139 0.0031 0.9563 0.0026 0.0044 0.0041 0.0028 0.0030 0.0028 0.0033 
   H171902.6  1 0.0040 0.0045 0.0031 0.9639 0.0031 0.0044 0.0027 0.0056 0.0033 0.0028 0.0025 
   H171902.7  1 0.0052 0.0111 0.0271 0.9172 0.0088 0.0117 0.0042 0.0036 0.0038 0.0029 0.0044 
   H171902.8  1 0.0047 0.0067 0.0047 0.9545 0.0032 0.0047 0.0044 0.0070 0.0040 0.0029 0.0030 
   H171902.9  1 0.0048 0.0029 0.0047 0.9507 0.0034 0.0037 0.0048 0.0157 0.0028 0.0035 0.0031 
   H171903.1  1 0.0080 0.0034 0.9375 0.0052 0.0081 0.0054 0.0068 0.0099 0.0031 0.0059 0.0067 
   H171903.2  1 0.0072 0.0038 0.8468 0.0052 0.0560 0.0239 0.0064 0.0176 0.0064 0.0169 0.0100 
   H171903.3  1 0.0074 0.0049 0.8135 0.0139 0.0391 0.0551 0.0044 0.0117 0.0060 0.0369 0.0072 
   H171903.4  1 0.0060 0.0038 0.9389 0.0115 0.0037 0.0087 0.0059 0.0090 0.0039 0.0038 0.0049 
   H171903.5  1 0.0073 0.0071 0.9293 0.0089 0.0104 0.0070 0.0041 0.0089 0.0057 0.0055 0.0057 
   H171903.6  1 0.0039 0.0070 0.9582 0.0043 0.0024 0.0042 0.0030 0.0046 0.0036 0.0057 0.0031 
      H177.1  1 0.0115 0.0083 0.0145 0.0046 0.0032 0.9190 0.0028 0.0080 0.0154 0.0090 0.0038 
      H177.2  1 0.0193 0.0345 0.0478 0.0098 0.0046 0.6696 0.0959 0.0124 0.0822 0.0067 0.0173 
      H177.3  1 0.0144 0.0371 0.0566 0.0133 0.0049 0.7587 0.0292 0.0103 0.0426 0.0255 0.0074 
      H177.4  1 0.0058 0.0122 0.0130 0.0107 0.0080 0.7398 0.0092 0.0039 0.1250 0.0569 0.0155 
      H177.5  1 0.0102 0.0054 0.0079 0.0069 0.0055 0.9123 0.0047 0.0049 0.0243 0.0057 0.0122 
      H177.6  1 0.0152 0.0670 0.0219 0.0182 0.0039 0.8034 0.0153 0.0101 0.0272 0.0098 0.0080 
      H179.1  1 0.0059 0.0039 0.0054 0.0047 0.0032 0.0037 0.0027 0.0032 0.9591 0.0022 0.0061 
      H179.2  1 0.0074 0.0040 0.0099 0.0068 0.0029 0.0049 0.0030 0.0060 0.9460 0.0061 0.0030 
      H179.3  1 0.0113 0.0041 0.0578 0.0051 0.0027 0.0089 0.0045 0.0114 0.8787 0.0069 0.0085 
      H179.4  1 0.0096 0.0179 0.0452 0.0081 0.0043 0.0464 0.0215 0.0056 0.7845 0.0497 0.0071 
      H180.1  1 0.9465 0.0039 0.0055 0.0102 0.0046 0.0035 0.0030 0.0044 0.0117 0.0035 0.0031 
      H180.2  1 0.9621 0.0025 0.0040 0.0039 0.0037 0.0053 0.0035 0.0040 0.0057 0.0032 0.0022 
      H180.3  1 0.9267 0.0061 0.0093 0.0098 0.0040 0.0048 0.0088 0.0166 0.0062 0.0042 0.0035 
      H180.4  1 0.9510 0.0054 0.0046 0.0047 0.0042 0.0055 0.0042 0.0040 0.0097 0.0033 0.0034 
      H180.5  1 0.9530 0.0048 0.0031 0.0047 0.0024 0.0095 0.0049 0.0041 0.0062 0.0043 0.0030 
      H180.6  1 0.9026 0.0142 0.0049 0.0084 0.0061 0.0083 0.0293 0.0101 0.0080 0.0040 0.0040 
      H181.1  1 0.0652 0.2677 0.0928 0.0275 0.0732 0.0192 0.0114 0.0206 0.4080 0.0072 0.0072 
      H181.2  1 0.0748 0.0289 0.0120 0.0883 0.0134 0.0552 0.0487 0.0107 0.6519 0.0059 0.0102 
      H181.3  1 0.0558 0.2292 0.0186 0.0339 0.0180 0.0519 0.0270 0.0134 0.5270 0.0059 0.0192 
      H181.4  1 0.0651 0.2591 0.1304 0.0175 0.0465 0.0629 0.0290 0.1971 0.1490 0.0103 0.0331 
      H181.5  1 0.0074 0.0099 0.0059 0.0091 0.0185 0.0057 0.0042 0.0042 0.9221 0.0062 0.0068 
      H181.6  1 0.0365 0.0085 0.0090 0.0244 0.0293 0.0112 0.0075 0.0210 0.8393 0.0072 0.0062 
      H181.7  1 0.0058 0.0207 0.0309 0.0054 0.0732 0.0084 0.0060 0.0151 0.8215 0.0076 0.0052 
 H194.1_2004  1 0.0073 0.0069 0.0205 0.0126 0.0028 0.9116 0.0136 0.0102 0.0041 0.0047 0.0058 
 H194.2_2004  1 0.0083 0.0051 0.0507 0.0065 0.0049 0.8837 0.0190 0.0110 0.0029 0.0029 0.0050 
 H194.3_2004  1 0.0046 0.0323 0.0119 0.0066 0.0048 0.8838 0.0220 0.0045 0.0204 0.0047 0.0043 
 H194.4_2004  1 0.0051 0.0133 0.0092 0.0136 0.0048 0.9065 0.0311 0.0062 0.0033 0.0044 0.0025 
 H194.5_2004  1 0.0031 0.0162 0.0177 0.0122 0.0068 0.9089 0.0118 0.0050 0.0063 0.0068 0.0052 
 H194.6_2004  1 0.0045 0.0244 0.0152 0.0196 0.0040 0.8715 0.0091 0.0091 0.0134 0.0251 0.0040 
 H194.7_2004  1 0.0053 0.0066 0.0200 0.0050 0.0045 0.9293 0.0070 0.0056 0.0030 0.0039 0.0097 
 H194.8_2004  1 0.0037 0.0120 0.0079 0.0102 0.0062 0.9149 0.0169 0.0128 0.0038 0.0073 0.0043 
      H194.9  1 0.0059 0.0081 0.0113 0.0140 0.0029 0.9171 0.0164 0.0134 0.0028 0.0045 0.0036 
 H195.1_2003  1 0.0051 0.0208 0.0076 0.0145 0.0044 0.0134 0.9111 0.0060 0.0060 0.0058 0.0053 
 H195.1_2004  1 0.0037 0.0053 0.0042 0.0049 0.0026 0.0062 0.9594 0.0029 0.0030 0.0032 0.0044 
 H195.2_2003  1 0.0045 0.0088 0.0441 0.0228 0.0191 0.0281 0.8203 0.0224 0.0055 0.0109 0.0135 
 H195.2_2004  1 0.0032 0.0049 0.0035 0.0027 0.0031 0.0045 0.9673 0.0023 0.0031 0.0026 0.0028 
 H195.3_2003  1 0.0106 0.0057 0.2759 0.0062 0.0358 0.0280 0.5099 0.1074 0.0062 0.0059 0.0084 
 H195.3_2004  1 0.0033 0.0104 0.0028 0.0050 0.0028 0.0079 0.9553 0.0025 0.0032 0.0028 0.0040 
 H195.4_2003  1 0.0031 0.0100 0.0045 0.0071 0.0048 0.0086 0.9453 0.0040 0.0049 0.0035 0.0044 
 H195.4_2004  1 0.0026 0.0038 0.0050 0.0028 0.0022 0.0042 0.9681 0.0023 0.0030 0.0032 0.0028 
 H195.5_2003  1 0.0084 0.0185 0.0079 0.0117 0.0048 0.0420 0.8808 0.0075 0.0057 0.0053 0.0072 
 H195.5_2004  1 0.0045 0.0042 0.0026 0.0025 0.0025 0.0054 0.9626 0.0030 0.0039 0.0055 0.0032 
 H195.6_2003  1 0.0042 0.0055 0.0099 0.0064 0.0067 0.0082 0.9266 0.0194 0.0026 0.0040 0.0065 
 H195.6_2004  1 0.0023 0.0033 0.0044 0.0031 0.0036 0.0040 0.9682 0.0020 0.0032 0.0034 0.0026 
 H195.7_2003  1 0.0051 0.0161 0.0306 0.0084 0.0104 0.0216 0.8703 0.0064 0.0052 0.0107 0.0151 
 H195.7_2004  1 0.0041 0.0031 0.0039 0.0027 0.0025 0.0031 0.9673 0.0040 0.0027 0.0033 0.0033 
      H195.8  1 0.0040 0.0031 0.0042 0.0036 0.0023 0.0035 0.9660 0.0033 0.0023 0.0047 0.0031 
      H195.9  1 0.0029 0.0057 0.0044 0.0035 0.0027 0.0077 0.9570 0.0031 0.0041 0.0051 0.0039 
      H415.1  1 0.0256 0.0206 0.0152 0.8347 0.0059 0.0145 0.0077 0.0546 0.0114 0.0024 0.0073 
      H415.2  1 0.0068 0.0056 0.0178 0.8590 0.0080 0.0262 0.0030 0.0191 0.0196 0.0029 0.0319 
      H415.3  1 0.0084 0.0254 0.0066 0.8823 0.0055 0.0078 0.0056 0.0064 0.0328 0.0037 0.0156 
      H415.4  1 0.0044 0.0064 0.0031 0.9467 0.0046 0.0052 0.0077 0.0099 0.0046 0.0030 0.0042 
      H415.5  1 0.0048 0.0085 0.0033 0.9533 0.0047 0.0043 0.0065 0.0027 0.0057 0.0032 0.0031 
      H415.6  1 0.0040 0.0072 0.0032 0.9467 0.0052 0.0063 0.0067 0.0079 0.0055 0.0033 0.0038 
      H415.7  1 0.0036 0.0134 0.0121 0.8720 0.0046 0.0416 0.0056 0.0059 0.0125 0.0053 0.0234 
      H506.1  1 0.0025 0.0039 0.0032 0.0027 0.0032 0.0026 0.0025 0.0019 0.9675 0.0050 0.0050 
      H506.2  1 0.0030 0.0055 0.0029 0.0038 0.0038 0.0034 0.0124 0.0021 0.9555 0.0039 0.0037 
      H506.3  1 0.0050 0.0042 0.0068 0.0041 0.0041 0.0040 0.0031 0.0032 0.9533 0.0041 0.0081 
      H506.4  1 0.0071 0.0066 0.0074 0.0075 0.0026 0.0054 0.0035 0.0058 0.9323 0.0131 0.0086 
      H506.5  1 0.0023 0.0077 0.0037 0.0063 0.0030 0.0056 0.0067 0.0029 0.9464 0.0095 0.0059 
      H506.6  1 0.0072 0.0069 0.0321 0.0080 0.0051 0.0290 0.0516 0.0048 0.8309 0.0107 0.0137 
      H506.7  1 0.0032 0.0039 0.0029 0.0032 0.0044 0.0040 0.0063 0.0017 0.9608 0.0049 0.0047 
      H533.1  1 0.0050 0.0062 0.0027 0.0028 0.0068 0.0029 0.0032 0.0021 0.9624 0.0035 0.0026 
      H533.2  1 0.0044 0.0115 0.0027 0.0033 0.0071 0.0035 0.0036 0.0018 0.9559 0.0033 0.0030 
      H533.3  1 0.0028 0.0101 0.0066 0.0031 0.0044 0.0040 0.0045 0.0032 0.9548 0.0029 0.0036 
      H533.4  1 0.0069 0.0200 0.0208 0.0055 0.0043 0.0111 0.0501 0.0045 0.8629 0.0101 0.0038 
      H535.1  1 0.0032 0.0034 0.0035 0.0039 0.0032 0.0033 0.0030 0.0038 0.0028 0.9680 0.0021 
      H535.2  1 0.0027 0.0034 0.0023 0.0023 0.0024 0.0041 0.0037 0.0020 0.0035 0.9696 0.0039 
      H535.3  1 0.0032 0.0023 0.0028 0.0021 0.0029 0.0026 0.0033 0.0021 0.0045 0.9713 0.0030 
      H535.4  1 0.0024 0.0034 0.0027 0.0022 0.0033 0.0028 0.0039 0.0019 0.0031 0.9716 0.0027 
      H535.5  1 0.0022 0.0031 0.0028 0.0027 0.0027 0.0029 0.0034 0.0023 0.0029 0.9727 0.0023 
      H535.6  1 0.0039 0.0026 0.0036 0.0056 0.0036 0.0035 0.0041 0.0085 0.0033 0.9590 0.0022 
      H535.7  1 0.0020 0.0036 0.0026 0.0021 0.0023 0.0019 0.0028 0.0019 0.0026 0.9765 0.0018 
      H535.8  1 0.0018 0.0027 0.0031 0.0027 0.0034 0.0031 0.0037 0.0028 0.0036 0.9711 0.0021 
      H535.9  1 0.0025 0.0029 0.0033 0.0034 0.0022 0.0033 0.0027 0.0031 0.0033 0.9709 0.0023 
      H539.1  1 0.0044 0.0022 0.0031 0.0041 0.0029 0.0030 0.0026 0.9712 0.0020 0.0024 0.0022 
      H539.2  1 0.2576 0.0059 0.1408 0.0048 0.0036 0.0483 0.0051 0.5113 0.0054 0.0107 0.0065 
      H539.3  1 0.0101 0.0037 0.0240 0.0038 0.0035 0.0109 0.0089 0.9153 0.0043 0.0121 0.0034 
      H539.4  1 0.0181 0.0039 0.0064 0.0039 0.0043 0.0050 0.0028 0.9442 0.0038 0.0034 0.0043 
      H539.5  1 0.0033 0.0026 0.0040 0.0034 0.0026 0.0034 0.0020 0.9698 0.0028 0.0036 0.0025 
      H539.6  1 0.0053 0.0023 0.0049 0.0052 0.0029 0.0035 0.0034 0.9654 0.0020 0.0023 0.0028 
      H539.7  1 0.0056 0.0033 0.0057 0.0044 0.0021 0.0034 0.0030 0.9621 0.0026 0.0030 0.0048 
      H539.8  1 0.1113 0.0045 0.0125 0.0045 0.0042 0.0102 0.0054 0.8145 0.0053 0.0230 0.0046 
      H539.9  1 0.0057 0.0028 0.0053 0.0029 0.0039 0.0048 0.0025 0.9623 0.0033 0.0026 0.0039 
      H540.1  1 0.0031 0.0044 0.0349 0.0039 0.0045 0.0059 0.0071 0.9209 0.0052 0.0049 0.0052 
      H540.2  1 0.0057 0.0039 0.0055 0.0045 0.0032 0.0042 0.0030 0.9601 0.0040 0.0021 0.0038 
      H540.3  1 0.0241 0.0276 0.0286 0.0164 0.0049 0.0598 0.0114 0.8094 0.0077 0.0042 0.0058 
      H540.4  1 0.0228 0.0046 0.0196 0.0082 0.0028 0.0044 0.0050 0.9114 0.0068 0.0049 0.0096 
      H540.5  1 0.0036 0.0063 0.0094 0.0067 0.0045 0.0070 0.0028 0.9494 0.0036 0.0028 0.0040 
      H540.6  1 0.0062 0.0048 0.0489 0.0073 0.0072 0.0093 0.0052 0.8876 0.0076 0.0043 0.0116 
      H540.7  1 0.0083 0.0157 0.0117 0.0083 0.0026 0.0170 0.0056 0.9070 0.0078 0.0035 0.0126 
      H540.8  1 0.0051 0.0094 0.0468 0.0174 0.0026 0.0071 0.0048 0.8941 0.0051 0.0044 0.0032 
     H9558.1  1 0.0031 0.0022 0.0053 0.0083 0.0074 0.0028 0.0028 0.9523 0.0046 0.0087 0.0025 
     H9558.2  1 0.0053 0.0064 0.0058 0.0123 0.0187 0.0085 0.0058 0.9017 0.0163 0.0096 0.0097 
     H9558.3  1 0.0063 0.0028 0.0053 0.0037 0.0418 0.0077 0.0028 0.9090 0.0059 0.0059 0.0088 
     H9558.4  1 0.0029 0.0021 0.0062 0.0059 0.0046 0.0039 0.0022 0.9575 0.0040 0.0082 0.0027 
     H9558.5  1 0.0062 0.0034 0.0055 0.0026 0.0037 0.0046 0.0018 0.9556 0.0033 0.0089 0.0044 
     H9558.6  1 0.0033 0.0032 0.0040 0.0056 0.0206 0.0089 0.0028 0.9378 0.0041 0.0053 0.0043 
    kos339.1  1 0.0039 0.9321 0.0051 0.0076 0.0053 0.0059 0.0026 0.0053 0.0134 0.0045 0.0143 
    kos339.2  1 0.0039 0.9478 0.0035 0.0053 0.0042 0.0075 0.0049 0.0040 0.0060 0.0041 0.0089 
    kos339.3  1 0.0039 0.9641 0.0041 0.0034 0.0023 0.0039 0.0035 0.0036 0.0041 0.0051 0.0020 
    kos339.4  1 0.0039 0.9611 0.0042 0.0049 0.0032 0.0041 0.0031 0.0046 0.0036 0.0046 0.0025 
    kos339.5  1 0.0036 0.9568 0.0032 0.0053 0.0034 0.0036 0.0024 0.0037 0.0085 0.0030 0.0066 
    kos339.6  1 0.0029 0.9596 0.0037 0.0046 0.0028 0.0053 0.0041 0.0025 0.0052 0.0029 0.0064 
    kos339.7  1 0.0029 0.9648 0.0032 0.0035 0.0027 0.0026 0.0034 0.0032 0.0045 0.0069 0.0022 
    kos339.8  1 0.0039 0.9588 0.0035 0.0043 0.0025 0.0033 0.0050 0.0025 0.0073 0.0040 0.0049 
    kos339.9  1 0.0060 0.9061 0.0061 0.0189 0.0055 0.0125 0.0076 0.0178 0.0090 0.0035 0.0069 
      H409.1 12 0.0041 0.0080 0.0040 0.0060 0.0043 0.0067 0.0049 0.0026 0.9430 0.0021 0.0143 
     H409.10 12 0.0048 0.0034 0.0043 0.0099 0.0031 0.0063 0.0083 0.0055 0.9402 0.0050 0.0091 
      H409.2 12 0.0042 0.0081 0.0067 0.0301 0.0042 0.0190 0.0061 0.0063 0.9011 0.0091 0.0051 
      H409.3 12 0.0076 0.0077 0.0087 0.0058 0.0174 0.0267 0.0087 0.0105 0.8950 0.0038 0.0082 
      H409.4 12 0.0058 0.0047 0.0082 0.0066 0.0272 0.0262 0.0050 0.0109 0.8928 0.0039 0.0087 
      H409.5 12 0.0070 0.0035 0.0082 0.0142 0.0082 0.0100 0.0061 0.0068 0.9233 0.0081 0.0047 
      H409.6 12 0.0168 0.0056 0.0092 0.0079 0.3192 0.0330 0.0063 0.0093 0.5698 0.0112 0.0116 
      H409.7 12 0.0043 0.0113 0.0066 0.0061 0.0235 0.0379 0.0098 0.0058 0.8536 0.0029 0.0381 
      H409.8 12 0.0064 0.0047 0.0061 0.0062 0.0048 0.0035 0.0049 0.0045 0.9405 0.0035 0.0147 
      H409.9 12 0.0397 0.0032 0.0067 0.0069 0.0047 0.0073 0.0036 0.2633 0.6291 0.0089 0.0267 
      H413.1 12 0.9157 0.0029 0.0059 0.0020 0.0136 0.0057 0.0035 0.0038 0.0039 0.0068 0.0361 
      H413.2 12 0.9435 0.0070 0.0053 0.0030 0.0148 0.0047 0.0048 0.0037 0.0033 0.0054 0.0045 
      H413.3 12 0.9112 0.0030 0.0076 0.0032 0.0121 0.0076 0.0049 0.0075 0.0089 0.0029 0.0309 
      H413.4 12 0.9037 0.0061 0.0033 0.0038 0.0065 0.0141 0.0058 0.0042 0.0173 0.0036 0.0317 
      H413.5 12 0.9514 0.0025 0.0036 0.0038 0.0030 0.0048 0.0028 0.0170 0.0040 0.0027 0.0043 
      H413.6 12 0.8223 0.0079 0.0100 0.0024 0.0339 0.0487 0.0058 0.0194 0.0054 0.0046 0.0396 
      H413.7 12 0.9386 0.0055 0.0055 0.0031 0.0074 0.0058 0.0049 0.0081 0.0039 0.0072 0.0102 
      H563.1 12 0.0070 0.0030 0.0053 0.0020 0.0039 0.0054 0.0028 0.0102 0.0028 0.0024 0.9552 
      H563.2 12 0.0090 0.0080 0.0045 0.0084 0.0074 0.0093 0.0034 0.0059 0.0063 0.0038 0.9341 
      H563.3 12 0.0037 0.0026 0.0041 0.0032 0.0038 0.0048 0.0032 0.0085 0.0029 0.0020 0.9614 
      H563.4 12 0.0089 0.0051 0.0074 0.0036 0.0099 0.0074 0.0027 0.0046 0.0043 0.0025 0.9435 
      H563.5 12 0.0049 0.0027 0.0046 0.0024 0.0038 0.0041 0.0025 0.0063 0.0033 0.0021 0.9632 
      H563.6 12 0.0072 0.0079 0.0035 0.0041 0.0055 0.0074 0.0026 0.0057 0.0043 0.0032 0.9486 
      H563.7 12 0.0052 0.0096 0.0032 0.0031 0.0059 0.0056 0.0036 0.0029 0.0041 0.0025 0.9544 
      H563.8 12 0.0048 0.0040 0.0060 0.0035 0.0036 0.0076 0.0031 0.0133 0.0039 0.0020 0.9481 
      H563.9 12 0.0062 0.0090 0.0042 0.0060 0.0054 0.0071 0.0038 0.0049 0.0066 0.0022 0.9448 
     H7374.1 12 0.0053 0.0049 0.0058 0.0054 0.0195 0.9280 0.0072 0.0045 0.0050 0.0071 0.0071 
     H7374.2 12 0.0051 0.0028 0.0089 0.0044 0.0073 0.9377 0.0049 0.0075 0.0062 0.0045 0.0106 
     H7374.3 12 0.0047 0.0042 0.0067 0.0066 0.0097 0.9254 0.0187 0.0062 0.0059 0.0042 0.0076 
     H7374.4 12 0.0055 0.0101 0.0057 0.0079 0.0050 0.9315 0.0049 0.0075 0.0062 0.0085 0.0072 
     H7374.5 12 0.0054 0.0080 0.0051 0.0061 0.0053 0.9339 0.0043 0.0145 0.0054 0.0040 0.0081 
     H7374.6 12 0.0034 0.0058 0.0042 0.0095 0.0043 0.9300 0.0144 0.0056 0.0050 0.0083 0.0095 
     H7374.7 12 0.0035 0.0074 0.0044 0.0046 0.0052 0.9488 0.0069 0.0031 0.0038 0.0076 0.0047 
     H7374.8 12 0.0034 0.0071 0.0069 0.0055 0.0082 0.9371 0.0091 0.0029 0.0046 0.0040 0.0111 
     H7374.9 12 0.0058 0.0063 0.0055 0.0056 0.0049 0.9407 0.0060 0.0113 0.0044 0.0035 0.0059 
     H9563.1 12 0.0045 0.0047 0.0045 0.0054 0.0032 0.0042 0.0030 0.0048 0.0032 0.0024 0.9600 
     H9563.2 12 0.0045 0.0037 0.0047 0.0043 0.0029 0.0027 0.0034 0.0061 0.0029 0.0029 0.9619 
     H9563.3 12 0.0038 0.0042 0.0047 0.0036 0.0073 0.0038 0.0059 0.0022 0.0066 0.0058 0.9524 
     H9563.4 12 0.0124 0.0088 0.0096 0.0060 0.0089 0.0128 0.0067 0.0069 0.0096 0.0157 0.9027 
     H9563.5 12 0.0088 0.0076 0.0082 0.0054 0.0054 0.0049 0.0043 0.0042 0.0088 0.0051 0.9373 
     H9563.6 12 0.0048 0.0027 0.0045 0.0033 0.0153 0.0061 0.0061 0.0026 0.0053 0.0047 0.9447 
     H9563.7 12 0.0033 0.0021 0.0052 0.0029 0.0087 0.0039 0.0053 0.0024 0.0042 0.0068 0.9551 
     H9563.8 12 0.0183 0.0123 0.0108 0.0083 0.0088 0.0061 0.0054 0.0049 0.0144 0.0071 0.9034 
     H9563.9 12 0.0099 0.0035 0.0053 0.0058 0.0074 0.0051 0.0038 0.0050 0.0046 0.0026 0.9471 
     H9572.1 12 0.0944 0.0115 0.0085 0.0247 0.0234 0.1408 0.0185 0.2138 0.1438 0.0200 0.3008 
     H9572.2 12 0.0557 0.0094 0.0058 0.1096 0.0305 0.4231 0.0858 0.0245 0.0138 0.0034 0.2384 
     H9572.3 12 0.0126 0.1061 0.0501 0.0303 0.0344 0.5940 0.0059 0.0647 0.0311 0.0171 0.0538 
     H9572.4 12 0.0209 0.0497 0.0056 0.0289 0.0601 0.6645 0.0165 0.0293 0.0254 0.0206 0.0785 
     H9572.5 12 0.0579 0.2072 0.0212 0.0143 0.0928 0.3736 0.0592 0.0760 0.0321 0.0142 0.0514 
