      H105.1  1 0.0062 0.0035 0.0041 0.0228 0.9209 0.0052 0.0055 0.0036 0.0029 0.0056 0.0036 0.0160 
      H105.2  1 0.0045 0.0065 0.0070 0.0137 0.9146 0.0085 0.0145 0.0035 0.0156 0.0025 0.0040 0.0050 
      H105.3  1 0.0031 0.0031 0.0024 0.0052 0.9422 0.0058 0.0059 0.0028 0.0032 0.0049 0.0031 0.0184 
      H105.4  1 0.0037 0.0075 0.0047 0.0253 0.8969 0.0070 0.0093 0.0085 0.0110 0.0076 0.0057 0.0129 
      H105.5  1 0.0057 0.0089 0.0125 0.1029 0.8110 0.0127 0.0085 0.0059 0.0078 0.0066 0.0099 0.0078 
      H105.6  1 0.0044 0.0040 0.0036 0.0059 0.9345 0.0103 0.0044 0.0066 0.0051 0.0089 0.0081 0.0042 
      H105.7  1 0.0038 0.0098 0.0051 0.0105 0.9084 0.0056 0.0114 0.0040 0.0043 0.0042 0.0050 0.0279 
      H105.8  1 0.0039 0.0030 0.0028 0.0051 0.9482 0.0052 0.0099 0.0035 0.0046 0.0028 0.0032 0.0078 
      H115.1  1 0.0113 0.0064 0.0109 0.0158 0.0441 0.0119 0.0135 0.0042 0.7915 0.0034 0.0679 0.0190 
      H115.2  1 0.0098 0.0090 0.0090 0.0117 0.0058 0.0048 0.0068 0.0032 0.7467 0.0033 0.1827 0.0072 
      H115.3  1 0.0061 0.0030 0.0030 0.0056 0.0052 0.0034 0.0032 0.0044 0.9395 0.0046 0.0156 0.0063 
      H115.4  1 0.0142 0.0044 0.0086 0.0140 0.0039 0.0037 0.0197 0.0066 0.9068 0.0079 0.0048 0.0054 
      H115.5  1 0.0523 0.0068 0.0067 0.0129 0.0377 0.0055 0.0067 0.0085 0.7818 0.0150 0.0587 0.0073 
      H115.6  1 0.0083 0.0079 0.0045 0.0074 0.0030 0.0053 0.0047 0.0023 0.9235 0.0043 0.0195 0.0093 
      H115.7  1 0.0104 0.0089 0.0104 0.0383 0.0340 0.0077 0.0053 0.0040 0.8463 0.0050 0.0163 0.0133 
      H115.8  1 0.0078 0.0039 0.0050 0.0066 0.0059 0.0037 0.0040 0.0019 0.9305 0.0034 0.0202 0.0071 
      H115.9  1 0.0191 0.0065 0.0075 0.0213 0.0169 0.0111 0.0213 0.0054 0.5627 0.0038 0.3064 0.0181 
      H145.1  1 0.0059 0.0137 0.0035 0.0145 0.0029 0.0073 0.0037 0.0043 0.0092 0.9210 0.0083 0.0056 
      H145.2  1 0.0051 0.0072 0.0028 0.0080 0.0031 0.0058 0.0047 0.0047 0.0054 0.9434 0.0051 0.0047 
      H145.3  1 0.0031 0.0049 0.0023 0.0047 0.0028 0.0037 0.0024 0.0033 0.0067 0.9606 0.0028 0.0027 
      H145.4  1 0.0040 0.0155 0.0032 0.0111 0.0031 0.0069 0.0036 0.0028 0.0037 0.9344 0.0037 0.0080 
      H145.5  1 0.0034 0.0067 0.0037 0.0057 0.0032 0.0046 0.0025 0.0022 0.0061 0.9552 0.0034 0.0034 
      H145.6  1 0.0042 0.0077 0.0028 0.0047 0.0028 0.0032 0.0042 0.0035 0.0026 0.9554 0.0028 0.0061 
      H145.7  1 0.0043 0.0044 0.0031 0.0038 0.0024 0.0036 0.0029 0.0030 0.0039 0.9630 0.0025 0.0032 
      H149.1  1 0.9614 0.0056 0.0032 0.0028 0.0031 0.0039 0.0034 0.0027 0.0042 0.0035 0.0029 0.0033 
      H149.2  1 0.9481 0.0094 0.0032 0.0068 0.0033 0.0050 0.0025 0.0030 0.0038 0.0061 0.0038 0.0049 
      H149.3  1 0.7563 0.0240 0.0172 0.0380 0.0068 0.0085 0.0201 0.0112 0.0331 0.0333 0.0049 0.0466 
      H149.4  1 0.9493 0.0035 0.0029 0.0023 0.0047 0.0038 0.0144 0.0033 0.0033 0.0032 0.0035 0.0058 
      H149.5  1 0.8320 0.0083 0.0098 0.0222 0.0110 0.0076 0.0262 0.0095 0.0043 0.0173 0.0030 0.0490 
      H149.6  1 0.9542 0.0038 0.0047 0.0040 0.0044 0.0041 0.0027 0.0038 0.0034 0.0056 0.0023 0.0072 
      H149.7  1 0.7430 0.0560 0.0541 0.0153 0.0149 0.0134 0.0444 0.0039 0.0120 0.0057 0.0048 0.0327 
      H150.1  1 0.0027 0.0043 0.0044 0.0072 0.0067 0.0041 0.0037 0.0023 0.4999 0.0044 0.4562 0.0041 
      H150.2  1 0.0074 0.0066 0.0120 0.0039 0.0063 0.0065 0.0054 0.0034 0.8272 0.0036 0.1093 0.0083 
      H150.3  1 0.0060 0.0094 0.0148 0.0096 0.0208 0.0105 0.0042 0.0023 0.2302 0.0070 0.6760 0.0092 
      H150.4  1 0.0028 0.0058 0.0076 0.0083 0.0063 0.0046 0.0037 0.0023 0.0448 0.0066 0.9026 0.0047 
      H150.5  1 0.0086 0.0060 0.0161 0.0140 0.0074 0.0088 0.0052 0.0035 0.7978 0.0058 0.1045 0.0223 
      H150.6  1 0.0055 0.0041 0.0106 0.0077 0.0052 0.0097 0.0107 0.0042 0.9061 0.0125 0.0185 0.0053 
      H150.7  1 0.0060 0.0046 0.0033 0.0071 0.0095 0.0043 0.0053 0.0024 0.2237 0.0057 0.7241 0.0040 
   H169607.1  1 0.0046 0.0051 0.0067 0.9299 0.0033 0.0049 0.0077 0.0026 0.0085 0.0122 0.0101 0.0045 
   H169607.2  1 0.0028 0.0035 0.0029 0.9587 0.0037 0.0033 0.0029 0.0040 0.0041 0.0046 0.0056 0.0038 
   H169607.3  1 0.0036 0.0062 0.0057 0.9451 0.0037 0.0035 0.0061 0.0036 0.0072 0.0079 0.0040 0.0034 
   H169607.4  1 0.0024 0.0035 0.0027 0.9598 0.0030 0.0043 0.0026 0.0032 0.0038 0.0053 0.0058 0.0036 
   H169607.5  1 0.0032 0.0047 0.0037 0.9611 0.0031 0.0028 0.0029 0.0032 0.0029 0.0033 0.0063 0.0027 
   H169607.6  1 0.0021 0.0032 0.0034 0.9619 0.0050 0.0025 0.0041 0.0030 0.0041 0.0038 0.0045 0.0026 
   H169607.7  1 0.0033 0.0042 0.0059 0.9516 0.0045 0.0027 0.0060 0.0029 0.0065 0.0055 0.0040 0.0030 
   H169607.8  1 0.0027 0.0029 0.0035 0.9588 0.0035 0.0051 0.0024 0.0037 0.0031 0.0048 0.0045 0.0050 
   H169633.1  1 0.9025 0.0057 0.0269 0.0035 0.0085 0.0060 0.0050 0.0052 0.0064 0.0183 0.0060 0.0060 
   H169633.2  1 0.8270 0.0277 0.0247 0.0030 0.0165 0.0487 0.0086 0.0104 0.0073 0.0184 0.0024 0.0052 
   H169633.3  1 0.9067 0.0209 0.0059 0.0039 0.0073 0.0077 0.0051 0.0102 0.0075 0.0094 0.0074 0.0081 
   H169633.4  1 0.9160 0.0141 0.0030 0.0073 0.0069 0.0089 0.0045 0.0074 0.0084 0.0060 0.0066 0.0107 
   H169633.5  1 0.9150 0.0164 0.0037 0.0056 0.0077 0.0103 0.0046 0.0072 0.0056 0.0078 0.0074 0.0088 
   H169688.1  1 0.0071 0.0120 0.8953 0.0122 0.0140 0.0070 0.0112 0.0109 0.0103 0.0097 0.0067 0.0035 
   H169688.2  1 0.0029 0.0062 0.9527 0.0031 0.0067 0.0051 0.0064 0.0033 0.0030 0.0043 0.0028 0.0037 
   H169688.3  1 0.0030 0.0034 0.9640 0.0029 0.0033 0.0051 0.0031 0.0018 0.0033 0.0033 0.0033 0.0035 
   H169688.4  1 0.0028 0.0028 0.9670 0.0039 0.0020 0.0032 0.0027 0.0024 0.0035 0.0027 0.0045 0.0026 
   H169688.5  1 0.0023 0.0027 0.9659 0.0048 0.0019 0.0037 0.0029 0.0020 0.0036 0.0026 0.0047 0.0030 
   H169688.6  1 0.0054 0.0032 0.9337 0.0034 0.0029 0.0031 0.0318 0.0063 0.0030 0.0024 0.0024 0.0023 
   H169688.7  1 0.0037 0.0068 0.9235 0.0039 0.0048 0.0081 0.0043 0.0023 0.0137 0.0168 0.0077 0.0044 
   H171901.1  1 0.0148 0.1007 0.0186 0.2813 0.3228 0.0055 0.0148 0.0031 0.1006 0.0514 0.0350 0.0515 
   H171901.2  1 0.8499 0.0197 0.0055 0.0285 0.0290 0.0106 0.0039 0.0040 0.0126 0.0073 0.0220 0.0070 
   H171901.3  1 0.7524 0.0484 0.0279 0.0676 0.0180 0.0127 0.0084 0.0086 0.0175 0.0104 0.0198 0.0084 
   H171901.4  1 0.8609 0.0110 0.0060 0.0388 0.0258 0.0115 0.0054 0.0051 0.0139 0.0072 0.0092 0.0052 
   H171901.5  1 0.7683 0.0254 0.0076 0.0443 0.0119 0.0291 0.0092 0.0060 0.0622 0.0130 0.0172 0.0058 
   H171901.6  1 0.6008 0.1011 0.0150 0.0273 0.0151 0.0436 0.0223 0.0081 0.0844 0.0277 0.0483 0.0063 
   H171901.7  1 0.3827 0.4564 0.0440 0.0253 0.0069 0.0059 0.0157 0.0098 0.0184 0.0149 0.0144 0.0055 
   H171902.1  1 0.0075 0.0070 0.0053 0.0081 0.0030 0.0054 0.0114 0.0038 0.9161 0.0174 0.0120 0.0030 
  H171902.10  1 0.0121 0.0064 0.0056 0.0057 0.0032 0.0065 0.0090 0.0035 0.9359 0.0052 0.0039 0.0031 
   H171902.2  1 0.0132 0.0073 0.0083 0.0093 0.0058 0.0047 0.0108 0.0034 0.9177 0.0088 0.0073 0.0034 
   H171902.3  1 0.0235 0.0071 0.0045 0.0076 0.0033 0.0067 0.0072 0.0057 0.9185 0.0059 0.0074 0.0026 
   H171902.4  1 0.0398 0.0122 0.0061 0.0057 0.0038 0.0075 0.0052 0.0027 0.8980 0.0107 0.0038 0.0045 
   H171902.6  1 0.0108 0.0115 0.0032 0.0052 0.0035 0.0057 0.0087 0.0042 0.9311 0.0061 0.0064 0.0037 
   H171902.7  1 0.0161 0.0239 0.0032 0.0452 0.0033 0.0094 0.0049 0.0031 0.8773 0.0064 0.0041 0.0032 
   H171902.8  1 0.0137 0.0114 0.0031 0.0069 0.0044 0.0057 0.0089 0.0048 0.9191 0.0084 0.0101 0.0035 
   H171902.9  1 0.0040 0.0063 0.0048 0.0144 0.0037 0.0079 0.0030 0.0043 0.9161 0.0108 0.0203 0.0046 
   H171903.1  1 0.0032 0.0067 0.0069 0.9407 0.0050 0.0036 0.0040 0.0037 0.0104 0.0034 0.0086 0.0040 
   H171903.2  1 0.0031 0.0179 0.0052 0.9027 0.0086 0.0101 0.0051 0.0091 0.0103 0.0078 0.0143 0.0060 
   H171903.3  1 0.0052 0.1992 0.0107 0.6507 0.0297 0.0385 0.0053 0.0283 0.0093 0.0033 0.0126 0.0074 
   H171903.4  1 0.0051 0.0215 0.0638 0.8491 0.0051 0.0071 0.0033 0.0034 0.0207 0.0046 0.0100 0.0063 
   H171903.5  1 0.0176 0.0207 0.0790 0.7840 0.0168 0.0122 0.0069 0.0067 0.0123 0.0050 0.0285 0.0103 
   H171903.6  1 0.0125 0.0116 0.1306 0.8109 0.0033 0.0031 0.0037 0.0054 0.0049 0.0034 0.0072 0.0033 
      H177.1  1 0.0132 0.8476 0.0156 0.0178 0.0046 0.0291 0.0243 0.0076 0.0166 0.0053 0.0132 0.0051 
      H177.2  1 0.0780 0.2656 0.0106 0.1134 0.0061 0.0960 0.1187 0.0106 0.0275 0.2128 0.0351 0.0256 
      H177.3  1 0.0443 0.7272 0.0059 0.0685 0.0041 0.0325 0.0306 0.0142 0.0244 0.0246 0.0106 0.0130 
      H177.4  1 0.0104 0.7583 0.0032 0.0105 0.0040 0.0067 0.1379 0.0418 0.0055 0.0096 0.0040 0.0081 
      H177.5  1 0.0057 0.8414 0.0293 0.0091 0.0042 0.0275 0.0354 0.0053 0.0108 0.0123 0.0089 0.0101 
      H177.6  1 0.0912 0.7598 0.0079 0.0264 0.0037 0.0264 0.0265 0.0077 0.0176 0.0138 0.0140 0.0050 
      H179.1  1 0.0044 0.0099 0.0370 0.0048 0.0084 0.0114 0.8962 0.0029 0.0062 0.0031 0.0074 0.0084 
      H179.2  1 0.0039 0.0101 0.0219 0.0081 0.0067 0.0317 0.8714 0.0235 0.0088 0.0032 0.0071 0.0037 
      H179.3  1 0.0052 0.0176 0.1783 0.0214 0.0070 0.0067 0.7199 0.0050 0.0102 0.0054 0.0148 0.0085 
      H179.4  1 0.0198 0.0497 0.0463 0.0195 0.0103 0.0375 0.6955 0.0833 0.0062 0.0210 0.0055 0.0053 
      H180.1  1 0.0036 0.0043 0.0045 0.0070 0.0049 0.0070 0.0097 0.0029 0.9428 0.0034 0.0056 0.0043 
      H180.2  1 0.0030 0.0065 0.0069 0.0039 0.0114 0.0048 0.0062 0.0041 0.9395 0.0044 0.0060 0.0033 
      H180.3  1 0.0044 0.0065 0.0075 0.0095 0.0045 0.0066 0.0064 0.0044 0.9177 0.0060 0.0230 0.0037 
      H180.4  1 0.0062 0.0050 0.0033 0.0057 0.0102 0.0068 0.0106 0.0037 0.9340 0.0045 0.0050 0.0050 
      H180.5  1 0.0040 0.0088 0.0056 0.0037 0.0037 0.0029 0.0126 0.0033 0.9430 0.0056 0.0039 0.0028 
      H180.6  1 0.0137 0.0129 0.0037 0.0062 0.0052 0.0036 0.0083 0.0040 0.9127 0.0181 0.0081 0.0037 
      H181.1  1 0.1786 0.0252 0.0289 0.0437 0.0730 0.0123 0.4936 0.0093 0.0977 0.0114 0.0176 0.0087 
      H181.2  1 0.0132 0.0309 0.0070 0.0082 0.0300 0.0247 0.6804 0.0050 0.1030 0.0715 0.0139 0.0122 
      H181.3  1 0.1119 0.0316 0.0104 0.0112 0.1037 0.0155 0.5757 0.0040 0.0798 0.0288 0.0135 0.0139 
      H181.4  1 0.2231 0.0286 0.0353 0.0478 0.0501 0.0329 0.1664 0.0135 0.1088 0.0308 0.2279 0.0346 
      H181.5  1 0.0113 0.0120 0.0130 0.0040 0.0379 0.0096 0.8824 0.0039 0.0068 0.0039 0.0048 0.0103 
      H181.6  1 0.0060 0.0129 0.0045 0.0106 0.0152 0.0079 0.8824 0.0062 0.0241 0.0059 0.0167 0.0076 
      H181.7  1 0.0161 0.0082 0.0172 0.0130 0.0218 0.0069 0.8822 0.0066 0.0046 0.0053 0.0126 0.0056 
 H194.1_2004  1 0.0048 0.9520 0.0048 0.0070 0.0027 0.0043 0.0025 0.0037 0.0036 0.0055 0.0051 0.0040 
 H194.2_2004  1 0.0038 0.9222 0.0032 0.0342 0.0053 0.0033 0.0035 0.0026 0.0047 0.0090 0.0050 0.0032 
 H194.3_2004  1 0.0119 0.9081 0.0072 0.0052 0.0032 0.0312 0.0068 0.0048 0.0029 0.0112 0.0040 0.0035 
 H194.4_2004  1 0.0060 0.9441 0.0037 0.0062 0.0044 0.0047 0.0037 0.0033 0.0040 0.0139 0.0040 0.0020 
 H194.5_2004  1 0.0124 0.9106 0.0040 0.0140 0.0042 0.0185 0.0047 0.0063 0.0033 0.0112 0.0054 0.0054 
 H194.6_2004  1 0.0120 0.9174 0.0061 0.0069 0.0037 0.0155 0.0041 0.0121 0.0045 0.0086 0.0055 0.0037 
 H194.7_2004  1 0.0034 0.9521 0.0049 0.0092 0.0044 0.0027 0.0027 0.0039 0.0027 0.0045 0.0039 0.0054 
 H194.8_2004  1 0.0098 0.9282 0.0039 0.0070 0.0073 0.0069 0.0044 0.0071 0.0030 0.0132 0.0053 0.0039 
      H194.9  1 0.0046 0.9473 0.0047 0.0063 0.0056 0.0032 0.0027 0.0030 0.0032 0.0080 0.0071 0.0042 
 H195.1_2003  1 0.0232 0.0392 0.0053 0.0102 0.0060 0.0117 0.0054 0.0060 0.0049 0.8759 0.0068 0.0055 
 H195.1_2004  1 0.0068 0.0037 0.0038 0.0027 0.0030 0.0056 0.0035 0.0033 0.0042 0.9558 0.0030 0.0046 
 H195.2_2003  1 0.0095 0.0182 0.0246 0.0239 0.0120 0.0124 0.0048 0.0078 0.0084 0.8417 0.0235 0.0132 
 H195.2_2004  1 0.0051 0.0040 0.0042 0.0026 0.0027 0.0036 0.0026 0.0027 0.0036 0.9638 0.0026 0.0026 
 H195.3_2003  1 0.0038 0.0180 0.0567 0.0867 0.0350 0.0146 0.0038 0.0055 0.0109 0.5885 0.1626 0.0139 
 H195.3_2004  1 0.0082 0.0053 0.0029 0.0033 0.0032 0.0052 0.0039 0.0031 0.0037 0.9547 0.0028 0.0038 
 H195.4_2003  1 0.0100 0.0080 0.0026 0.0046 0.0031 0.0065 0.0046 0.0040 0.0041 0.9442 0.0039 0.0044 
 H195.4_2004  1 0.0038 0.0050 0.0061 0.0034 0.0026 0.0035 0.0035 0.0030 0.0028 0.9611 0.0025 0.0026 
 H195.5_2003  1 0.0210 0.0218 0.0055 0.0112 0.0112 0.0203 0.0043 0.0070 0.0072 0.8738 0.0085 0.0082 
 H195.5_2004  1 0.0046 0.0037 0.0031 0.0037 0.0027 0.0042 0.0032 0.0056 0.0036 0.9586 0.0037 0.0035 
 H195.6_2003  1 0.0036 0.0060 0.0079 0.0133 0.0049 0.0050 0.0034 0.0035 0.0080 0.9201 0.0187 0.0056 
 H195.6_2004  1 0.0038 0.0050 0.0029 0.0037 0.0047 0.0037 0.0030 0.0032 0.0027 0.9618 0.0025 0.0030 
 H195.7_2003  1 0.0186 0.0344 0.0240 0.0196 0.0078 0.0200 0.0053 0.0093 0.0054 0.8329 0.0062 0.0166 
 H195.7_2004  1 0.0028 0.0032 0.0051 0.0034 0.0030 0.0034 0.0029 0.0031 0.0040 0.9624 0.0036 0.0031 
      H195.8  1 0.0031 0.0041 0.0033 0.0029 0.0029 0.0031 0.0024 0.0040 0.0032 0.9650 0.0029 0.0031 
      H195.9  1 0.0072 0.0059 0.0036 0.0045 0.0027 0.0055 0.0030 0.0054 0.0044 0.9511 0.0033 0.0034 
      H415.1  1 0.0682 0.3872 0.0116 0.0049 0.0058 0.3474 0.0067 0.0028 0.0893 0.0133 0.0585 0.0042 
      H415.2  1 0.0120 0.4890 0.0124 0.0158 0.0038 0.2658 0.0298 0.0035 0.0882 0.0065 0.0182 0.0551 
      H415.3  1 0.1519 0.3578 0.0079 0.0074 0.0086 0.2826 0.0826 0.0074 0.0574 0.0084 0.0090 0.0190 
      H415.4  1 0.0154 0.3990 0.0034 0.0042 0.0043 0.4361 0.0041 0.0031 0.0966 0.0113 0.0180 0.0046 
      H415.5  1 0.0562 0.4382 0.0054 0.0059 0.0042 0.3829 0.0090 0.0052 0.0696 0.0115 0.0070 0.0050 
      H415.6  1 0.0182 0.3845 0.0046 0.0055 0.0046 0.4402 0.0043 0.0041 0.0977 0.0130 0.0187 0.0045 
      H415.7  1 0.1072 0.5687 0.0108 0.0715 0.0041 0.1166 0.0446 0.0187 0.0147 0.0167 0.0115 0.0149 
      H506.1  1 0.0041 0.0032 0.0026 0.0026 0.0027 0.0045 0.9651 0.0034 0.0026 0.0038 0.0018 0.0036 
      H506.2  1 0.0059 0.0039 0.0021 0.0030 0.0030 0.0037 0.9606 0.0033 0.0026 0.0065 0.0019 0.0036 
      H506.3  1 0.0045 0.0044 0.0076 0.0045 0.0028 0.0062 0.9462 0.0039 0.0053 0.0050 0.0032 0.0063 
      H506.4  1 0.0039 0.0060 0.0054 0.0066 0.0028 0.0044 0.9405 0.0110 0.0068 0.0038 0.0039 0.0049 
      H506.5  1 0.0056 0.0039 0.0030 0.0044 0.0024 0.0048 0.9555 0.0061 0.0033 0.0042 0.0027 0.0042 
      H506.6  1 0.0035 0.0126 0.0064 0.0325 0.0033 0.0056 0.8811 0.0076 0.0062 0.0244 0.0051 0.0117 
      H506.7  1 0.0047 0.0035 0.0022 0.0028 0.0028 0.0043 0.9650 0.0029 0.0025 0.0043 0.0020 0.0031 
      H533.1  1 0.0051 0.0026 0.0026 0.0031 0.0036 0.0032 0.9656 0.0036 0.0033 0.0028 0.0022 0.0024 
      H533.2  1 0.0066 0.0028 0.0024 0.0030 0.0044 0.0040 0.9615 0.0035 0.0032 0.0035 0.0021 0.0031 
      H533.3  1 0.0069 0.0030 0.0029 0.0083 0.0037 0.0041 0.9558 0.0030 0.0026 0.0030 0.0026 0.0039 
      H533.4  1 0.0093 0.0126 0.0034 0.0152 0.0037 0.0032 0.9162 0.0078 0.0037 0.0184 0.0037 0.0029 
      H535.1  1 0.0029 0.0046 0.0022 0.0036 0.0025 0.0030 0.0040 0.9656 0.0034 0.0035 0.0028 0.0019 
      H535.2  1 0.0024 0.0037 0.0022 0.0031 0.0029 0.0035 0.0057 0.9645 0.0028 0.0037 0.0020 0.0035 
      H535.3  1 0.0022 0.0024 0.0025 0.0035 0.0040 0.0029 0.0034 0.9675 0.0026 0.0038 0.0024 0.0028 
      H535.4  1 0.0037 0.0034 0.0023 0.0025 0.0029 0.0030 0.0030 0.9685 0.0024 0.0041 0.0019 0.0024 
      H535.5  1 0.0032 0.0028 0.0027 0.0039 0.0021 0.0033 0.0026 0.9693 0.0026 0.0030 0.0025 0.0020 
      H535.6  1 0.0023 0.0039 0.0023 0.0081 0.0032 0.0031 0.0044 0.9533 0.0063 0.0039 0.0065 0.0028 
      H535.7  1 0.0031 0.0024 0.0024 0.0025 0.0025 0.0025 0.0023 0.9737 0.0021 0.0025 0.0019 0.0021 
      H535.8  1 0.0031 0.0030 0.0026 0.0031 0.0029 0.0037 0.0026 0.9681 0.0022 0.0026 0.0032 0.0028 
      H535.9  1 0.0032 0.0034 0.0019 0.0035 0.0026 0.0023 0.0034 0.9674 0.0031 0.0029 0.0042 0.0021 
      H539.1  1 0.0026 0.0040 0.0020 0.0040 0.0029 0.0021 0.0023 0.0026 0.0079 0.0025 0.9645 0.0026 
      H539.2  1 0.0048 0.0157 0.0363 0.0785 0.0097 0.0131 0.0063 0.0118 0.0501 0.0052 0.7604 0.0082 
      H539.3  1 0.0036 0.0102 0.0084 0.0252 0.0059 0.0053 0.0037 0.0095 0.0116 0.0084 0.9043 0.0039 
      H539.4  1 0.0042 0.0038 0.0066 0.0059 0.0038 0.0054 0.0037 0.0037 0.0153 0.0034 0.9397 0.0045 
      H539.5  1 0.0023 0.0038 0.0031 0.0043 0.0034 0.0029 0.0030 0.0036 0.0045 0.0028 0.9636 0.0028 
      H539.6  1 0.0022 0.0043 0.0027 0.0076 0.0029 0.0025 0.0021 0.0026 0.0073 0.0035 0.9596 0.0025 
      H539.7  1 0.0029 0.0038 0.0061 0.0049 0.0037 0.0028 0.0022 0.0032 0.0086 0.0032 0.9562 0.0024 
      H539.8  1 0.0046 0.0100 0.0149 0.0074 0.0092 0.0067 0.0048 0.0213 0.0159 0.0048 0.8953 0.0051 
      H539.9  1 0.0024 0.0027 0.0050 0.0053 0.0036 0.0055 0.0030 0.0025 0.0050 0.0024 0.9581 0.0044 
      H540.1  1 0.0036 0.0060 0.0039 0.0636 0.0026 0.0043 0.0049 0.0065 0.0056 0.0074 0.8866 0.0050 
      H540.2  1 0.0037 0.0076 0.0036 0.0079 0.0031 0.0044 0.0034 0.0022 0.0038 0.0034 0.9524 0.0044 
      H540.3  1 0.0241 0.0330 0.0123 0.0125 0.0129 0.0232 0.0062 0.0053 0.0177 0.0158 0.8312 0.0059 
      H540.4  1 0.0042 0.0049 0.0088 0.0159 0.0043 0.0048 0.0080 0.0050 0.0126 0.0043 0.9192 0.0079 
      H540.5  1 0.0051 0.0077 0.0086 0.0049 0.0047 0.0085 0.0031 0.0023 0.0040 0.0030 0.9434 0.0045 
      H540.6  1 0.0057 0.0073 0.0097 0.0269 0.0066 0.0069 0.0077 0.0054 0.0076 0.0061 0.9008 0.0092 
      H540.7  1 0.0170 0.0137 0.0044 0.0089 0.0032 0.0078 0.0112 0.0029 0.0065 0.0064 0.9090 0.0089 
      H540.8  1 0.0099 0.0474 0.0067 0.0304 0.0034 0.0040 0.0039 0.0049 0.0077 0.0037 0.8749 0.0031 
     H9558.1  1 0.0023 0.0046 0.0039 0.0049 0.0067 0.0038 0.0064 0.0098 0.0047 0.0023 0.9485 0.0020 
     H9558.2  1 0.0055 0.0094 0.0062 0.0057 0.0188 0.0075 0.0224 0.0125 0.0050 0.0042 0.8950 0.0077 
     H9558.3  1 0.0028 0.0054 0.0053 0.0055 0.0369 0.0098 0.0056 0.0077 0.0029 0.0026 0.9082 0.0073 
     H9558.4  1 0.0021 0.0047 0.0078 0.0041 0.0065 0.0032 0.0050 0.0084 0.0034 0.0023 0.9503 0.0022 
     H9558.5  1 0.0034 0.0031 0.0096 0.0037 0.0042 0.0054 0.0029 0.0070 0.0037 0.0019 0.9513 0.0039 
     H9558.6  1 0.0038 0.0079 0.0025 0.0041 0.0087 0.0056 0.0044 0.0058 0.0043 0.0041 0.9440 0.0049 
    kos339.1  1 0.9300 0.0044 0.0031 0.0061 0.0040 0.0053 0.0149 0.0050 0.0063 0.0028 0.0058 0.0123 
    kos339.2  1 0.9437 0.0051 0.0035 0.0038 0.0046 0.0046 0.0081 0.0036 0.0047 0.0066 0.0030 0.0088 
    kos339.3  1 0.9616 0.0036 0.0028 0.0052 0.0023 0.0029 0.0039 0.0056 0.0035 0.0034 0.0027 0.0025 
    kos339.4  1 0.9594 0.0047 0.0041 0.0040 0.0033 0.0031 0.0038 0.0036 0.0040 0.0037 0.0035 0.0028 
    kos339.5  1 0.9531 0.0039 0.0030 0.0034 0.0036 0.0040 0.0095 0.0032 0.0036 0.0026 0.0034 0.0066 
    kos339.6  1 0.9554 0.0069 0.0035 0.0039 0.0025 0.0039 0.0053 0.0027 0.0032 0.0044 0.0034 0.0048 
    kos339.7  1 0.9584 0.0047 0.0024 0.0033 0.0024 0.0035 0.0050 0.0078 0.0034 0.0039 0.0029 0.0024 
    kos339.8  1 0.9471 0.0041 0.0043 0.0027 0.0027 0.0047 0.0152 0.0036 0.0041 0.0042 0.0022 0.0051 
    kos339.9  1 0.9065 0.0100 0.0040 0.0064 0.0036 0.0109 0.0079 0.0037 0.0154 0.0087 0.0159 0.0070 
      H409.1 12 0.0088 0.0050 0.0046 0.0026 0.0047 0.9430 0.0119 0.0030 0.0032 0.0044 0.0024 0.0065 
     H409.10 12 0.0046 0.0060 0.0120 0.0061 0.0048 0.9009 0.0295 0.0039 0.0123 0.0054 0.0072 0.0073 
      H409.2 12 0.0042 0.0057 0.0041 0.0030 0.0033 0.9543 0.0079 0.0052 0.0042 0.0026 0.0029 0.0025 
      H409.3 12 0.0063 0.0076 0.0053 0.0046 0.0064 0.9345 0.0111 0.0066 0.0049 0.0046 0.0040 0.0041 
      H409.4 12 0.0051 0.0074 0.0065 0.0032 0.0053 0.9474 0.0051 0.0064 0.0035 0.0031 0.0033 0.0038 
      H409.5 12 0.0038 0.0065 0.0039 0.0105 0.0075 0.9308 0.0064 0.0071 0.0092 0.0048 0.0052 0.0043 
      H409.6 12 0.0052 0.0168 0.0112 0.0174 0.2659 0.5544 0.0775 0.0128 0.0123 0.0055 0.0076 0.0136 
      H409.7 12 0.0076 0.0087 0.0056 0.0027 0.0055 0.9377 0.0069 0.0027 0.0032 0.0054 0.0029 0.0111 
      H409.8 12 0.0062 0.0078 0.0042 0.0064 0.0073 0.9074 0.0275 0.0069 0.0065 0.0061 0.0041 0.0097 
      H409.9 12 0.0037 0.0074 0.0057 0.0149 0.0254 0.2587 0.3106 0.0174 0.0308 0.0057 0.2589 0.0608 
      H413.1 12 0.0046 0.0043 0.0046 0.0031 0.9485 0.0044 0.0026 0.0038 0.0043 0.0034 0.0044 0.0120 
      H413.2 12 0.0056 0.0040 0.0039 0.0040 0.9554 0.0030 0.0036 0.0058 0.0039 0.0041 0.0036 0.0033 
      H413.3 12 0.0026 0.0034 0.0069 0.0034 0.9479 0.0044 0.0049 0.0024 0.0039 0.0026 0.0064 0.0112 
      H413.4 12 0.0075 0.0049 0.0028 0.0028 0.9270 0.0120 0.0059 0.0026 0.0083 0.0043 0.0066 0.0152 
      H413.5 12 0.0024 0.0037 0.0073 0.0043 0.8705 0.0043 0.0056 0.0024 0.0266 0.0037 0.0644 0.0048 
      H413.6 12 0.0062 0.0056 0.0271 0.0033 0.8711 0.0079 0.0024 0.0038 0.0103 0.0052 0.0477 0.0094 
      H413.7 12 0.0052 0.0038 0.0058 0.0031 0.9442 0.0060 0.0054 0.0046 0.0036 0.0029 0.0089 0.0065 
      H563.1 12 0.0027 0.0034 0.0058 0.0039 0.0067 0.0056 0.0025 0.0020 0.0031 0.0028 0.0110 0.9504 
      H563.2 12 0.0088 0.0082 0.0049 0.0046 0.0083 0.0113 0.0044 0.0040 0.0068 0.0049 0.0047 0.9290 
      H563.3 12 0.0025 0.0027 0.0027 0.0073 0.0042 0.0047 0.0027 0.0022 0.0032 0.0024 0.0066 0.9588 
      H563.4 12 0.0060 0.0061 0.0062 0.0051 0.0130 0.0097 0.0042 0.0027 0.0056 0.0033 0.0048 0.9333 
      H563.5 12 0.0030 0.0038 0.0046 0.0038 0.0047 0.0050 0.0029 0.0018 0.0029 0.0028 0.0068 0.9579 
      H563.6 12 0.0095 0.0052 0.0035 0.0037 0.0102 0.0092 0.0041 0.0028 0.0041 0.0026 0.0044 0.9405 
      H563.7 12 0.0086 0.0036 0.0024 0.0024 0.0074 0.0077 0.0038 0.0024 0.0034 0.0031 0.0035 0.9518 
      H563.8 12 0.0039 0.0051 0.0049 0.0064 0.0045 0.0072 0.0027 0.0022 0.0045 0.0030 0.0131 0.9423 
      H563.9 12 0.0103 0.0079 0.0053 0.0043 0.0070 0.0085 0.0071 0.0022 0.0046 0.0043 0.0051 0.9333 
     H7374.1 12 0.0074 0.0100 0.0034 0.0083 0.0136 0.9223 0.0030 0.0067 0.0037 0.0102 0.0045 0.0070 
     H7374.2 12 0.0031 0.0090 0.0070 0.0164 0.0111 0.9197 0.0042 0.0055 0.0038 0.0055 0.0083 0.0066 
     H7374.3 12 0.0035 0.0207 0.0040 0.0151 0.0085 0.8847 0.0040 0.0091 0.0052 0.0248 0.0114 0.0089 
     H7374.4 12 0.0086 0.0071 0.0079 0.0047 0.0042 0.9291 0.0044 0.0102 0.0044 0.0053 0.0080 0.0062 
     H7374.5 12 0.0074 0.0051 0.0036 0.0074 0.0091 0.9197 0.0053 0.0035 0.0072 0.0057 0.0170 0.0091 
     H7374.6 12 0.0070 0.0257 0.0045 0.0071 0.0043 0.8796 0.0051 0.0168 0.0071 0.0223 0.0093 0.0111 
     H7374.7 12 0.0072 0.0090 0.0046 0.0028 0.0052 0.9439 0.0032 0.0067 0.0034 0.0066 0.0027 0.0048 
     H7374.8 12 0.0077 0.0075 0.0026 0.0055 0.0046 0.9364 0.0040 0.0051 0.0028 0.0105 0.0024 0.0108 
     H7374.9 12 0.0108 0.0060 0.0065 0.0076 0.0097 0.9132 0.0053 0.0036 0.0064 0.0065 0.0148 0.0097 
     H9563.1 12 0.0058 0.0052 0.0049 0.0038 0.0039 0.0038 0.0034 0.0027 0.0041 0.0035 0.0052 0.9537 
     H9563.2 12 0.0032 0.0031 0.0034 0.0054 0.0040 0.0030 0.0035 0.0036 0.0054 0.0035 0.0076 0.9542 
     H9563.3 12 0.0040 0.0053 0.0044 0.0045 0.0046 0.0052 0.0073 0.0047 0.0043 0.0054 0.0020 0.9485 
     H9563.4 12 0.0066 0.0152 0.0062 0.0120 0.0047 0.0159 0.0066 0.0216 0.0137 0.0069 0.0069 0.8839 
     H9563.5 12 0.0074 0.0080 0.0052 0.0105 0.0047 0.0062 0.0091 0.0046 0.0073 0.0042 0.0040 0.9288 
     H9563.6 12 0.0027 0.0039 0.0039 0.0045 0.0075 0.0047 0.0057 0.0038 0.0043 0.0046 0.0026 0.9518 
     H9563.7 12 0.0022 0.0034 0.0037 0.0051 0.0065 0.0037 0.0043 0.0067 0.0033 0.0053 0.0027 0.9532 
     H9563.8 12 0.0147 0.0148 0.0122 0.0088 0.0078 0.0062 0.0166 0.0052 0.0306 0.0060 0.0073 0.8698 
     H9563.9 12 0.0055 0.0055 0.0057 0.0054 0.0069 0.0041 0.0068 0.0035 0.0100 0.0037 0.0052 0.9378 
     H9572.1 12 0.0102 0.0605 0.0113 0.0067 0.0415 0.0195 0.1179 0.0242 0.1382 0.0214 0.1677 0.3809 
     H9572.2 12 0.0144 0.2073 0.0040 0.0109 0.0358 0.0281 0.0113 0.0042 0.1733 0.0939 0.0167 0.4002 
     H9572.3 12 0.1836 0.0963 0.0052 0.1578 0.1179 0.2149 0.0195 0.0278 0.0142 0.0105 0.0812 0.0710 
     H9572.4 12 0.1641 0.2904 0.0035 0.0107 0.1122 0.0252 0.0294 0.0389 0.0421 0.0307 0.0465 0.2063 
     H9572.5 12 0.3255 0.2205 0.0074 0.0297 0.0387 0.0043 0.0345 0.0154 0.1127 0.0405 0.0647 0.1061 
