      H105.1  1 0.0055 0.0048 0.0123 0.9669 0.0054 0.0052 
      H105.2  1 0.0072 0.0065 0.0079 0.9688 0.0043 0.0053 
      H105.3  1 0.0049 0.0052 0.0130 0.9687 0.0044 0.0038 
      H105.4  1 0.0043 0.0058 0.0070 0.9723 0.0054 0.0051 
      H105.5  1 0.0079 0.0163 0.0079 0.9496 0.0059 0.0124 
      H105.6  1 0.0045 0.0089 0.0052 0.9695 0.0073 0.0046 
      H105.7  1 0.0053 0.0051 0.0452 0.9312 0.0040 0.0091 
      H105.8  1 0.0059 0.0035 0.0079 0.9769 0.0030 0.0028 
      H115.1  1 0.0337 0.8687 0.0614 0.0225 0.0051 0.0087 
      H115.2  1 0.0077 0.9695 0.0070 0.0045 0.0044 0.0069 
      H115.3  1 0.0166 0.9530 0.0131 0.0076 0.0038 0.0059 
      H115.4  1 0.1932 0.7593 0.0117 0.0058 0.0162 0.0138 
      H115.5  1 0.0735 0.8605 0.0150 0.0224 0.0174 0.0112 
      H115.6  1 0.0174 0.9468 0.0105 0.0066 0.0046 0.0141 
      H115.7  1 0.0134 0.8459 0.1007 0.0170 0.0100 0.0130 
      H115.8  1 0.0156 0.9546 0.0095 0.0084 0.0036 0.0083 
      H115.9  1 0.0099 0.9398 0.0248 0.0115 0.0043 0.0097 
      H145.1  1 0.0054 0.0058 0.0048 0.0031 0.0100 0.9710 
      H145.2  1 0.0106 0.0053 0.0056 0.0052 0.0197 0.9537 
      H145.3  1 0.0035 0.0043 0.0079 0.0040 0.0255 0.9548 
      H145.4  1 0.0055 0.0043 0.0050 0.0051 0.0127 0.9674 
      H145.5  1 0.0052 0.0031 0.0050 0.0060 0.0114 0.9693 
      H145.6  1 0.0093 0.0033 0.0145 0.0035 0.0569 0.9126 
      H145.7  1 0.0109 0.0033 0.0128 0.0044 0.0727 0.8960 
      H149.1  1 0.9686 0.0050 0.0064 0.0063 0.0060 0.0076 
      H149.2  1 0.9487 0.0048 0.0066 0.0090 0.0095 0.0214 
      H149.3  1 0.8730 0.0095 0.0184 0.0148 0.0214 0.0629 
      H149.4  1 0.9631 0.0052 0.0123 0.0094 0.0054 0.0046 
      H149.5  1 0.9292 0.0037 0.0224 0.0124 0.0093 0.0231 
      H149.6  1 0.9570 0.0035 0.0110 0.0098 0.0071 0.0117 
      H149.7  1 0.9429 0.0056 0.0133 0.0133 0.0079 0.0171 
      H150.1  1 0.0031 0.9782 0.0044 0.0049 0.0031 0.0062 
      H150.2  1 0.0060 0.9745 0.0060 0.0031 0.0045 0.0059 
      H150.3  1 0.0060 0.9614 0.0125 0.0064 0.0040 0.0097 
      H150.4  1 0.0030 0.9761 0.0080 0.0041 0.0035 0.0053 
      H150.5  1 0.0064 0.9657 0.0100 0.0062 0.0043 0.0075 
      H150.6  1 0.0103 0.9569 0.0070 0.0096 0.0082 0.0081 
      H150.7  1 0.0040 0.9739 0.0053 0.0051 0.0038 0.0079 
   H169607.1  1 0.0091 0.0497 0.0100 0.0045 0.0234 0.9034 
   H169607.2  1 0.0052 0.0171 0.0136 0.0073 0.0147 0.9421 
   H169607.3  1 0.0072 0.0079 0.0072 0.0075 0.0093 0.9609 
   H169607.4  1 0.0035 0.0064 0.0054 0.0051 0.0208 0.9589 
   H169607.5  1 0.0048 0.0101 0.0085 0.0037 0.0062 0.9667 
   H169607.6  1 0.0072 0.0074 0.0062 0.0081 0.0072 0.9639 
   H169607.7  1 0.0133 0.0231 0.0073 0.0057 0.0071 0.9434 
   H169607.8  1 0.0045 0.0121 0.0122 0.0107 0.0133 0.9471 
   H169633.1  1 0.9203 0.0148 0.0155 0.0068 0.0372 0.0054 
   H169633.2  1 0.9500 0.0087 0.0051 0.0076 0.0256 0.0030 
   H169633.3  1 0.9147 0.0103 0.0193 0.0075 0.0367 0.0114 
   H169633.4  1 0.9295 0.0106 0.0186 0.0089 0.0105 0.0220 
   H169633.5  1 0.9280 0.0110 0.0189 0.0087 0.0123 0.0211 
   H169688.1  1 0.0426 0.0801 0.1067 0.0380 0.1665 0.5661 
   H169688.2  1 0.0657 0.3544 0.0547 0.2706 0.2071 0.0474 
   H169688.3  1 0.0539 0.5946 0.0307 0.1353 0.1594 0.0262 
   H169688.4  1 0.0108 0.9267 0.0049 0.0082 0.0352 0.0142 
   H169688.5  1 0.0089 0.9318 0.0039 0.0088 0.0323 0.0143 
   H169688.6  1 0.3414 0.4153 0.0254 0.0261 0.1811 0.0106 
   H169688.7  1 0.0266 0.5754 0.0100 0.0658 0.2457 0.0766 
   H171901.1  1 0.0397 0.2251 0.0867 0.0513 0.0053 0.5920 
   H171901.2  1 0.7997 0.0545 0.0118 0.0406 0.0257 0.0676 
   H171901.3  1 0.9029 0.0346 0.0146 0.0120 0.0130 0.0228 
   H171901.4  1 0.9127 0.0235 0.0078 0.0272 0.0126 0.0162 
   H171901.5  1 0.8964 0.0325 0.0070 0.0211 0.0126 0.0304 
   H171901.6  1 0.8205 0.0567 0.0082 0.0196 0.0367 0.0584 
   H171901.7  1 0.7755 0.0243 0.0078 0.0105 0.0295 0.1525 
   H171902.1  1 0.0108 0.0083 0.0040 0.0036 0.0067 0.9666 
  H171902.10  1 0.0098 0.0078 0.0045 0.0036 0.0034 0.9710 
   H171902.2  1 0.0492 0.0140 0.0065 0.0082 0.0053 0.9167 
   H171902.3  1 0.0521 0.0293 0.0058 0.0068 0.0064 0.8996 
   H171902.4  1 0.0279 0.0080 0.0078 0.0047 0.0070 0.9446 
   H171902.6  1 0.0150 0.0089 0.0053 0.0043 0.0045 0.9620 
   H171902.7  1 0.0074 0.0064 0.0038 0.0044 0.0040 0.9740 
   H171902.8  1 0.0203 0.0117 0.0052 0.0050 0.0065 0.9514 
   H171902.9  1 0.0063 0.0225 0.0057 0.0067 0.0058 0.9530 
   H171903.1  1 0.0063 0.0786 0.0130 0.0130 0.0068 0.8824 
   H171903.2  1 0.0085 0.0759 0.0148 0.1177 0.0384 0.7447 
   H171903.3  1 0.0161 0.0395 0.0119 0.0994 0.0141 0.8189 
   H171903.4  1 0.0047 0.0256 0.0069 0.0050 0.0050 0.9527 
   H171903.5  1 0.1218 0.2319 0.0123 0.0936 0.0115 0.5289 
   H171903.6  1 0.0190 0.0638 0.0030 0.0076 0.0044 0.9022 
      H177.1  1 0.0594 0.0276 0.0072 0.0073 0.0361 0.8624 
      H177.2  1 0.2154 0.0286 0.0104 0.0163 0.5310 0.1983 
      H177.3  1 0.1226 0.0254 0.0064 0.0074 0.0712 0.7669 
      H177.4  1 0.2020 0.0044 0.0085 0.0138 0.0284 0.7429 
      H177.5  1 0.0773 0.0463 0.0258 0.0803 0.1038 0.6665 
      H177.6  1 0.2736 0.0427 0.0077 0.0080 0.0593 0.6087 
      H179.1  1 0.9116 0.0161 0.0215 0.0332 0.0040 0.0135 
      H179.2  1 0.9279 0.0271 0.0044 0.0172 0.0086 0.0148 
      H179.3  1 0.8022 0.1067 0.0260 0.0121 0.0114 0.0416 
      H179.4  1 0.8146 0.0060 0.0077 0.0130 0.1397 0.0189 
      H180.1  1 0.0461 0.9198 0.0069 0.0104 0.0076 0.0092 
      H180.2  1 0.0174 0.9305 0.0086 0.0278 0.0089 0.0067 
      H180.3  1 0.0083 0.9557 0.0032 0.0169 0.0088 0.0070 
      H180.4  1 0.0559 0.8980 0.0125 0.0125 0.0108 0.0102 
      H180.5  1 0.0356 0.9208 0.0074 0.0056 0.0124 0.0182 
      H180.6  1 0.0423 0.8670 0.0055 0.0146 0.0228 0.0479 
      H181.1  1 0.8621 0.0268 0.0110 0.0629 0.0163 0.0209 
      H181.2  1 0.8723 0.0308 0.0123 0.0220 0.0434 0.0192 
      H181.3  1 0.9048 0.0178 0.0195 0.0161 0.0289 0.0129 
      H181.4  1 0.5728 0.2060 0.0267 0.0584 0.1040 0.0321 
      H181.5  1 0.9452 0.0067 0.0151 0.0193 0.0066 0.0071 
      H181.6  1 0.9165 0.0250 0.0078 0.0336 0.0086 0.0086 
      H181.7  1 0.9324 0.0083 0.0112 0.0274 0.0069 0.0137 
 H194.1_2004  1 0.0046 0.0104 0.0062 0.0044 0.0054 0.9690 
 H194.2_2004  1 0.0039 0.0072 0.0052 0.0068 0.0046 0.9724 
 H194.3_2004  1 0.0375 0.0050 0.0062 0.0338 0.0384 0.8790 
 H194.4_2004  1 0.0097 0.0054 0.0045 0.0061 0.0134 0.9609 
 H194.5_2004  1 0.0222 0.0044 0.0085 0.0256 0.0280 0.9112 
 H194.6_2004  1 0.0331 0.0070 0.0050 0.0175 0.0469 0.8905 
 H194.7_2004  1 0.0045 0.0071 0.0159 0.0100 0.0065 0.9561 
 H194.8_2004  1 0.0091 0.0072 0.0052 0.0143 0.0253 0.9389 
      H194.9  1 0.0070 0.0077 0.0106 0.0044 0.0150 0.9554 
 H195.1_2003  1 0.0156 0.0064 0.0058 0.0078 0.9556 0.0089 
 H195.1_2004  1 0.0096 0.0044 0.0038 0.0040 0.9653 0.0129 
 H195.2_2003  1 0.0089 0.0102 0.0054 0.0087 0.9538 0.0130 
 H195.2_2004  1 0.0065 0.0039 0.0051 0.0052 0.9739 0.0053 
 H195.3_2003  1 0.0049 0.0671 0.0142 0.0182 0.8803 0.0153 
 H195.3_2004  1 0.0125 0.0037 0.0057 0.0053 0.9595 0.0133 
 H195.4_2003  1 0.0119 0.0041 0.0042 0.0049 0.9662 0.0087 
 H195.4_2004  1 0.0064 0.0046 0.0049 0.0037 0.9723 0.0081 
 H195.5_2003  1 0.0218 0.0088 0.0079 0.0064 0.9485 0.0066 
 H195.5_2004  1 0.0052 0.0034 0.0041 0.0050 0.9673 0.0149 
 H195.6_2003  1 0.0039 0.0100 0.0048 0.0057 0.9678 0.0078 
 H195.6_2004  1 0.0066 0.0032 0.0047 0.0068 0.9619 0.0168 
 H195.7_2003  1 0.0112 0.0056 0.0051 0.0076 0.9636 0.0071 
 H195.7_2004  1 0.0056 0.0058 0.0058 0.0031 0.9694 0.0104 
      H195.8  1 0.0051 0.0041 0.0065 0.0037 0.9674 0.0133 
      H195.9  1 0.0061 0.0045 0.0038 0.0042 0.9728 0.0086 
      H415.1  1 0.5513 0.3565 0.0075 0.0260 0.0257 0.0331 
      H415.2  1 0.0848 0.0433 0.0182 0.0607 0.0080 0.7849 
      H415.3  1 0.9262 0.0173 0.0071 0.0263 0.0138 0.0093 
      H415.4  1 0.3910 0.3009 0.0059 0.2260 0.0535 0.0227 
      H415.5  1 0.8105 0.0341 0.0054 0.1042 0.0260 0.0197 
      H415.6  1 0.3833 0.3055 0.0067 0.2076 0.0676 0.0293 
      H415.7  1 0.2941 0.0103 0.0151 0.0150 0.0730 0.5926 
      H506.1  1 0.9693 0.0031 0.0088 0.0103 0.0054 0.0032 
      H506.2  1 0.9688 0.0029 0.0057 0.0091 0.0083 0.0051 
      H506.3  1 0.9429 0.0104 0.0103 0.0233 0.0067 0.0065 
      H506.4  1 0.9652 0.0085 0.0075 0.0070 0.0047 0.0071 
      H506.5  1 0.9754 0.0033 0.0054 0.0055 0.0059 0.0044 
      H506.6  1 0.8808 0.0125 0.0177 0.0109 0.0399 0.0382 
      H506.7  1 0.9682 0.0029 0.0063 0.0093 0.0085 0.0048 
      H533.1  1 0.9682 0.0039 0.0037 0.0165 0.0038 0.0039 
      H533.2  1 0.9701 0.0035 0.0033 0.0150 0.0043 0.0038 
      H533.3  1 0.9763 0.0037 0.0045 0.0085 0.0030 0.0040 
      H533.4  1 0.9654 0.0049 0.0060 0.0060 0.0082 0.0096 
      H535.1  1 0.0238 0.0151 0.0049 0.0108 0.9330 0.0124 
      H535.2  1 0.0159 0.0048 0.0060 0.0125 0.9498 0.0109 
      H535.3  1 0.0131 0.0061 0.0059 0.0180 0.9485 0.0085 
      H535.4  1 0.0099 0.0036 0.0042 0.0075 0.9683 0.0065 
      H535.5  1 0.0111 0.0041 0.0038 0.0064 0.9690 0.0056 
      H535.6  1 0.0075 0.0187 0.0036 0.0068 0.9498 0.0136 
      H535.7  1 0.0079 0.0039 0.0042 0.0078 0.9725 0.0037 
      H535.8  1 0.0043 0.0041 0.0039 0.0049 0.9795 0.0033 
      H535.9  1 0.0127 0.0122 0.0049 0.0074 0.9544 0.0082 
      H539.1  1 0.0028 0.9817 0.0041 0.0025 0.0036 0.0054 
      H539.2  1 0.0062 0.9465 0.0107 0.0040 0.0153 0.0173 
      H539.3  1 0.0042 0.9555 0.0056 0.0037 0.0111 0.0200 
      H539.4  1 0.0030 0.9801 0.0039 0.0050 0.0039 0.0041 
      H539.5  1 0.0029 0.9813 0.0034 0.0032 0.0032 0.0061 
      H539.6  1 0.0034 0.9791 0.0032 0.0028 0.0044 0.0071 
      H539.7  1 0.0032 0.9795 0.0038 0.0040 0.0038 0.0057 
      H539.8  1 0.0043 0.9622 0.0079 0.0039 0.0116 0.0100 
      H539.9  1 0.0030 0.9802 0.0040 0.0057 0.0033 0.0039 
      H540.1  1 0.0065 0.9319 0.0051 0.0050 0.0072 0.0443 
      H540.2  1 0.0066 0.9645 0.0056 0.0049 0.0039 0.0146 
      H540.3  1 0.0077 0.9442 0.0081 0.0071 0.0172 0.0156 
      H540.4  1 0.0046 0.9697 0.0092 0.0039 0.0059 0.0067 
      H540.5  1 0.0057 0.9693 0.0055 0.0051 0.0041 0.0103 
      H540.6  1 0.0070 0.9487 0.0078 0.0080 0.0070 0.0214 
      H540.7  1 0.0165 0.9364 0.0102 0.0042 0.0054 0.0273 
      H540.8  1 0.0095 0.7658 0.0049 0.0054 0.0050 0.2094 
     H9558.1  1 0.0046 0.9669 0.0036 0.0069 0.0072 0.0107 
     H9558.2  1 0.0077 0.9317 0.0123 0.0212 0.0159 0.0112 
     H9558.3  1 0.0043 0.9327 0.0248 0.0227 0.0078 0.0078 
     H9558.4  1 0.0043 0.9719 0.0045 0.0050 0.0081 0.0064 
     H9558.5  1 0.0035 0.9793 0.0052 0.0036 0.0056 0.0028 
     H9558.6  1 0.0039 0.9492 0.0091 0.0201 0.0103 0.0075 
    kos339.1  1 0.9674 0.0041 0.0110 0.0053 0.0054 0.0068 
    kos339.2  1 0.9636 0.0046 0.0050 0.0064 0.0136 0.0068 
    kos339.3  1 0.9774 0.0041 0.0030 0.0036 0.0047 0.0073 
    kos339.4  1 0.9773 0.0049 0.0030 0.0030 0.0062 0.0056 
    kos339.5  1 0.9723 0.0045 0.0084 0.0056 0.0040 0.0052 
    kos339.6  1 0.9668 0.0039 0.0056 0.0046 0.0054 0.0138 
    kos339.7  1 0.9771 0.0032 0.0032 0.0034 0.0069 0.0063 
    kos339.8  1 0.9815 0.0030 0.0038 0.0029 0.0042 0.0046 
    kos339.9  1 0.9276 0.0178 0.0092 0.0136 0.0112 0.0206 
      H409.1 12 0.0166 0.0029 0.0073 0.9609 0.0069 0.0052 
     H409.10 12 0.0520 0.0509 0.0336 0.8347 0.0139 0.0150 
      H409.2 12 0.0183 0.0073 0.0043 0.9476 0.0136 0.0090 
      H409.3 12 0.0071 0.0054 0.0054 0.9686 0.0060 0.0075 
      H409.4 12 0.0062 0.0035 0.0037 0.9767 0.0057 0.0040 
      H409.5 12 0.0045 0.0077 0.0041 0.9693 0.0060 0.0084 
      H409.6 12 0.0059 0.0087 0.0085 0.9608 0.0071 0.0089 
      H409.7 12 0.0109 0.0031 0.0115 0.9586 0.0098 0.0060 
      H409.8 12 0.0091 0.0040 0.0133 0.9620 0.0045 0.0071 
      H409.9 12 0.0354 0.4370 0.0761 0.4326 0.0087 0.0103 
      H413.1 12 0.0063 0.0127 0.9610 0.0104 0.0050 0.0047 
      H413.2 12 0.0094 0.0131 0.9415 0.0206 0.0099 0.0054 
      H413.3 12 0.0050 0.0079 0.9704 0.0064 0.0043 0.0058 
      H413.4 12 0.0070 0.0078 0.9712 0.0049 0.0048 0.0043 
      H413.5 12 0.0064 0.0961 0.8817 0.0050 0.0034 0.0073 
      H413.6 12 0.0037 0.0654 0.9106 0.0083 0.0078 0.0043 
      H413.7 12 0.0042 0.0078 0.9729 0.0043 0.0069 0.0038 
      H563.1 12 0.0035 0.0053 0.9784 0.0049 0.0042 0.0037 
      H563.2 12 0.0102 0.0088 0.9538 0.0106 0.0056 0.0110 
      H563.3 12 0.0036 0.0067 0.9751 0.0055 0.0041 0.0050 
      H563.4 12 0.0050 0.0057 0.9739 0.0066 0.0031 0.0057 
      H563.5 12 0.0031 0.0057 0.9796 0.0041 0.0035 0.0040 
      H563.6 12 0.0061 0.0059 0.9708 0.0068 0.0053 0.0051 
      H563.7 12 0.0068 0.0040 0.9754 0.0062 0.0039 0.0037 
      H563.8 12 0.0050 0.0085 0.9712 0.0052 0.0041 0.0061 
      H563.9 12 0.0075 0.0069 0.9605 0.0113 0.0047 0.0091 
     H7374.1 12 0.0105 0.0094 0.0310 0.0801 0.8507 0.0183 
     H7374.2 12 0.0054 0.0364 0.1026 0.0163 0.8021 0.0371 
     H7374.3 12 0.0051 0.0068 0.0279 0.0214 0.9236 0.0152 
     H7374.4 12 0.0094 0.0287 0.0316 0.0093 0.9098 0.0112 
     H7374.5 12 0.0160 0.0417 0.0665 0.0187 0.8334 0.0237 
     H7374.6 12 0.0068 0.0049 0.0111 0.0046 0.9598 0.0128 
     H7374.7 12 0.0064 0.0064 0.0157 0.0074 0.9551 0.0089 
     H7374.8 12 0.0078 0.0051 0.0373 0.0210 0.9148 0.0139 
     H7374.9 12 0.0110 0.0326 0.0287 0.0076 0.9050 0.0152 
     H9563.1 12 0.0070 0.0073 0.9700 0.0042 0.0053 0.0061 
     H9563.2 12 0.0051 0.0098 0.9700 0.0038 0.0049 0.0064 
     H9563.3 12 0.0084 0.0044 0.9575 0.0153 0.0078 0.0066 
     H9563.4 12 0.0218 0.0241 0.8705 0.0316 0.0294 0.0225 
     H9563.5 12 0.0152 0.0102 0.9418 0.0118 0.0065 0.0146 
     H9563.6 12 0.0045 0.0045 0.9657 0.0133 0.0070 0.0050 
     H9563.7 12 0.0043 0.0043 0.9650 0.0105 0.0100 0.0060 
     H9563.8 12 0.0679 0.0406 0.8307 0.0256 0.0121 0.0231 
     H9563.9 12 0.0104 0.0126 0.9511 0.0096 0.0072 0.0092 
     H9572.1 12 0.0478 0.0785 0.7254 0.0436 0.0428 0.0620 
     H9572.2 12 0.0154 0.0226 0.6477 0.0477 0.0409 0.2257 
     H9572.3 12 0.2255 0.0551 0.1837 0.1671 0.1336 0.2350 
     H9572.4 12 0.1666 0.0273 0.3882 0.0766 0.1891 0.1523 
     H9572.5 12 0.3156 0.0953 0.2046 0.0491 0.0379 0.2975 
