      H105.1  1 0.9589 0.0102 0.0087 0.0135 0.0088 
      H105.2  1 0.9596 0.0090 0.0099 0.0081 0.0134 
      H105.3  1 0.9689 0.0048 0.0078 0.0084 0.0101 
      H105.4  1 0.9285 0.0120 0.0176 0.0055 0.0364 
      H105.5  1 0.8836 0.0401 0.0408 0.0184 0.0170 
      H105.6  1 0.8903 0.0080 0.0352 0.0129 0.0536 
      H105.7  1 0.9589 0.0151 0.0105 0.0079 0.0076 
      H105.8  1 0.9746 0.0043 0.0100 0.0058 0.0053 
      H115.1  1 0.0318 0.0139 0.9248 0.0234 0.0061 
      H115.2  1 0.0071 0.0083 0.9708 0.0098 0.0039 
      H115.3  1 0.0092 0.0076 0.9611 0.0176 0.0046 
      H115.4  1 0.0279 0.0263 0.8332 0.0927 0.0198 
      H115.5  1 0.0210 0.0131 0.8487 0.0888 0.0284 
      H115.6  1 0.0117 0.0122 0.9206 0.0492 0.0063 
      H115.7  1 0.0388 0.0144 0.9158 0.0168 0.0143 
      H115.8  1 0.0145 0.0091 0.9425 0.0282 0.0056 
      H115.9  1 0.0138 0.0104 0.9598 0.0111 0.0050 
      H145.1  1 0.0049 0.9707 0.0057 0.0100 0.0087 
      H145.2  1 0.0081 0.9453 0.0057 0.0143 0.0266 
      H145.3  1 0.0060 0.9461 0.0044 0.0053 0.0382 
      H145.4  1 0.0053 0.9655 0.0041 0.0065 0.0186 
      H145.5  1 0.0054 0.9722 0.0033 0.0074 0.0118 
      H145.6  1 0.0120 0.9039 0.0044 0.0083 0.0715 
      H145.7  1 0.0075 0.8730 0.0036 0.0157 0.1002 
      H149.1  1 0.0048 0.0053 0.0037 0.9813 0.0049 
      H149.2  1 0.0071 0.0130 0.0036 0.9709 0.0054 
      H149.3  1 0.0923 0.1520 0.0169 0.7115 0.0274 
      H149.4  1 0.0252 0.0050 0.0053 0.9600 0.0046 
      H149.5  1 0.1542 0.0550 0.0042 0.7490 0.0377 
      H149.6  1 0.0099 0.0113 0.0034 0.9683 0.0070 
      H149.7  1 0.1875 0.0489 0.0119 0.7273 0.0244 
      H150.1  1 0.0042 0.0063 0.9822 0.0037 0.0036 
      H150.2  1 0.0052 0.0053 0.9763 0.0082 0.0049 
      H150.3  1 0.0070 0.0125 0.9678 0.0067 0.0060 
      H150.4  1 0.0053 0.0066 0.9810 0.0032 0.0039 
      H150.5  1 0.0076 0.0086 0.9685 0.0082 0.0072 
      H150.6  1 0.0102 0.0077 0.9609 0.0109 0.0105 
      H150.7  1 0.0043 0.0082 0.9793 0.0045 0.0037 
   H169607.1  1 0.0131 0.9146 0.0390 0.0079 0.0254 
   H169607.2  1 0.0125 0.9461 0.0207 0.0057 0.0151 
   H169607.3  1 0.0126 0.9687 0.0075 0.0049 0.0063 
   H169607.4  1 0.0055 0.9677 0.0099 0.0043 0.0126 
   H169607.5  1 0.0060 0.9700 0.0123 0.0038 0.0079 
   H169607.6  1 0.0108 0.9670 0.0091 0.0047 0.0084 
   H169607.7  1 0.0185 0.9333 0.0271 0.0071 0.0140 
   H169607.8  1 0.0135 0.9561 0.0117 0.0047 0.0140 
   H169633.1  1 0.0072 0.0052 0.0089 0.9585 0.0203 
   H169633.2  1 0.0077 0.0033 0.0046 0.9646 0.0198 
   H169633.3  1 0.0119 0.0074 0.0081 0.9555 0.0172 
   H169633.4  1 0.0094 0.0115 0.0086 0.9608 0.0097 
   H169633.5  1 0.0077 0.0120 0.0100 0.9603 0.0099 
   H169688.1  1 0.1369 0.2149 0.0522 0.0183 0.5776 
   H169688.2  1 0.2468 0.0320 0.1641 0.0136 0.5436 
   H169688.3  1 0.1102 0.0282 0.3230 0.0392 0.4994 
   H169688.4  1 0.0060 0.0255 0.7863 0.0162 0.1660 
   H169688.5  1 0.0061 0.0222 0.8065 0.0145 0.1507 
   H169688.6  1 0.2687 0.0095 0.1799 0.0198 0.5221 
   H169688.7  1 0.0255 0.0615 0.4033 0.0314 0.4784 
   H171901.1  1 0.1399 0.5439 0.2767 0.0314 0.0082 
   H171901.2  1 0.0095 0.0182 0.0215 0.9385 0.0124 
   H171901.3  1 0.0143 0.0482 0.0436 0.8677 0.0262 
   H171901.4  1 0.0117 0.0092 0.0189 0.9490 0.0112 
   H171901.5  1 0.0129 0.0211 0.0191 0.9276 0.0192 
   H171901.6  1 0.0216 0.0437 0.0619 0.8491 0.0237 
   H171901.7  1 0.0151 0.1418 0.0527 0.7260 0.0644 
   H171902.1  1 0.0060 0.9721 0.0095 0.0075 0.0048 
  H171902.10  1 0.0069 0.9675 0.0101 0.0098 0.0056 
   H171902.2  1 0.0145 0.9287 0.0178 0.0320 0.0070 
   H171902.3  1 0.0094 0.8689 0.0447 0.0695 0.0076 
   H171902.4  1 0.0079 0.8993 0.0089 0.0774 0.0064 
   H171902.6  1 0.0080 0.9647 0.0100 0.0118 0.0055 
   H171902.7  1 0.0054 0.9722 0.0069 0.0112 0.0043 
   H171902.8  1 0.0071 0.9488 0.0143 0.0239 0.0059 
   H171902.9  1 0.0058 0.9425 0.0364 0.0092 0.0061 
   H171903.1  1 0.0123 0.9099 0.0591 0.0102 0.0085 
   H171903.2  1 0.0442 0.8805 0.0514 0.0080 0.0159 
   H171903.3  1 0.0354 0.8666 0.0395 0.0384 0.0201 
   H171903.4  1 0.0062 0.9648 0.0155 0.0052 0.0083 
   H171903.5  1 0.0619 0.6921 0.1454 0.0908 0.0098 
   H171903.6  1 0.0094 0.9114 0.0484 0.0244 0.0064 
      H177.1  1 0.0107 0.9091 0.0320 0.0209 0.0273 
      H177.2  1 0.0756 0.3183 0.0283 0.0726 0.5052 
      H177.3  1 0.0142 0.8475 0.0234 0.0487 0.0661 
      H177.4  1 0.0611 0.8816 0.0051 0.0298 0.0224 
      H177.5  1 0.1060 0.7195 0.0572 0.0184 0.0990 
      H177.6  1 0.0179 0.7692 0.0306 0.1354 0.0469 
      H179.1  1 0.9641 0.0075 0.0101 0.0127 0.0057 
      H179.2  1 0.9176 0.0179 0.0268 0.0285 0.0092 
      H179.3  1 0.9138 0.0356 0.0307 0.0088 0.0111 
      H179.4  1 0.6519 0.0291 0.0068 0.1062 0.2061 
      H180.1  1 0.0414 0.0088 0.9290 0.0129 0.0079 
      H180.2  1 0.0279 0.0091 0.9393 0.0130 0.0107 
      H180.3  1 0.0106 0.0106 0.9526 0.0173 0.0090 
      H180.4  1 0.0430 0.0116 0.9095 0.0235 0.0123 
      H180.5  1 0.0197 0.0277 0.9229 0.0151 0.0146 
      H180.6  1 0.0132 0.0661 0.8573 0.0441 0.0194 
      H181.1  1 0.7450 0.0527 0.0371 0.1421 0.0231 
      H181.2  1 0.8216 0.0444 0.0244 0.0391 0.0706 
      H181.3  1 0.8361 0.0184 0.0111 0.0936 0.0408 
      H181.4  1 0.4808 0.0271 0.2480 0.1131 0.1310 
      H181.5  1 0.9632 0.0088 0.0066 0.0144 0.0070 
      H181.6  1 0.9215 0.0168 0.0228 0.0265 0.0125 
      H181.7  1 0.9381 0.0102 0.0131 0.0305 0.0081 
 H194.1_2004  1 0.0061 0.9676 0.0125 0.0073 0.0066 
 H194.2_2004  1 0.0058 0.9757 0.0078 0.0049 0.0058 
 H194.3_2004  1 0.0223 0.8677 0.0056 0.0756 0.0289 
 H194.4_2004  1 0.0055 0.9553 0.0063 0.0152 0.0177 
 H194.5_2004  1 0.0170 0.9273 0.0045 0.0241 0.0271 
 H194.6_2004  1 0.0113 0.9128 0.0079 0.0381 0.0299 
 H194.7_2004  1 0.0095 0.9687 0.0068 0.0065 0.0086 
 H194.8_2004  1 0.0083 0.9362 0.0068 0.0151 0.0336 
      H194.9  1 0.0060 0.9625 0.0083 0.0079 0.0154 
 H195.1_2003  1 0.0080 0.0167 0.0070 0.0374 0.9310 
 H195.1_2004  1 0.0066 0.0179 0.0051 0.0163 0.9540 
 H195.2_2003  1 0.0088 0.0151 0.0130 0.0118 0.9513 
 H195.2_2004  1 0.0045 0.0105 0.0052 0.0135 0.9663 
 H195.3_2003  1 0.0110 0.0155 0.0457 0.0070 0.9207 
 H195.3_2004  1 0.0076 0.0233 0.0038 0.0255 0.9398 
 H195.4_2003  1 0.0065 0.0177 0.0057 0.0338 0.9363 
 H195.4_2004  1 0.0056 0.0114 0.0054 0.0071 0.9706 
 H195.5_2003  1 0.0083 0.0096 0.0081 0.0329 0.9411 
 H195.5_2004  1 0.0059 0.0157 0.0048 0.0115 0.9621 
 H195.6_2003  1 0.0057 0.0113 0.0120 0.0059 0.9651 
 H195.6_2004  1 0.0114 0.0201 0.0033 0.0066 0.9586 
 H195.7_2003  1 0.0067 0.0077 0.0051 0.0177 0.9628 
 H195.7_2004  1 0.0062 0.0208 0.0068 0.0070 0.9592 
      H195.8  1 0.0052 0.0198 0.0065 0.0057 0.9629 
      H195.9  1 0.0051 0.0310 0.0040 0.0114 0.9485 
      H415.1  1 0.0129 0.0154 0.2107 0.7519 0.0092 
      H415.2  1 0.0853 0.7848 0.0315 0.0880 0.0104 
      H415.3  1 0.0470 0.0103 0.0163 0.9178 0.0086 
      H415.4  1 0.0178 0.0123 0.1480 0.8041 0.0179 
      H415.5  1 0.0263 0.0123 0.0203 0.9275 0.0137 
      H415.6  1 0.0211 0.0149 0.1453 0.8034 0.0153 
      H415.7  1 0.0393 0.5917 0.0137 0.3109 0.0444 
      H506.1  1 0.9698 0.0049 0.0033 0.0143 0.0076 
      H506.2  1 0.9085 0.0202 0.0032 0.0443 0.0237 
      H506.3  1 0.9642 0.0103 0.0072 0.0102 0.0081 
      H506.4  1 0.9428 0.0148 0.0121 0.0189 0.0114 
      H506.5  1 0.9191 0.0151 0.0045 0.0427 0.0186 
      H506.6  1 0.8140 0.1042 0.0104 0.0198 0.0517 
      H506.7  1 0.9518 0.0087 0.0032 0.0224 0.0139 
      H533.1  1 0.8204 0.0066 0.0044 0.1622 0.0063 
      H533.2  1 0.7810 0.0106 0.0050 0.1936 0.0099 
      H533.3  1 0.8630 0.0131 0.0054 0.1143 0.0042 
      H533.4  1 0.6938 0.0816 0.0072 0.2035 0.0140 
      H535.1  1 0.0130 0.0153 0.0145 0.0191 0.9382 
      H535.2  1 0.0144 0.0131 0.0053 0.0112 0.9560 
      H535.3  1 0.0184 0.0097 0.0077 0.0087 0.9555 
      H535.4  1 0.0068 0.0058 0.0040 0.0149 0.9685 
      H535.5  1 0.0058 0.0076 0.0048 0.0135 0.9683 
      H535.6  1 0.0082 0.0191 0.0168 0.0053 0.9505 
      H535.7  1 0.0064 0.0060 0.0050 0.0100 0.9727 
      H535.8  1 0.0046 0.0041 0.0042 0.0048 0.9823 
      H535.9  1 0.0087 0.0144 0.0132 0.0109 0.9528 
      H539.1  1 0.0031 0.0069 0.9825 0.0034 0.0041 
      H539.2  1 0.0066 0.0259 0.9435 0.0065 0.0175 
      H539.3  1 0.0048 0.0160 0.9610 0.0044 0.0138 
      H539.4  1 0.0044 0.0043 0.9821 0.0044 0.0049 
      H539.5  1 0.0030 0.0065 0.9839 0.0031 0.0035 
      H539.6  1 0.0037 0.0097 0.9791 0.0035 0.0039 
      H539.7  1 0.0041 0.0065 0.9820 0.0038 0.0037 
      H539.8  1 0.0056 0.0094 0.9631 0.0049 0.0170 
      H539.9  1 0.0035 0.0049 0.9845 0.0036 0.0035 
      H540.1  1 0.0077 0.0665 0.9081 0.0091 0.0085 
      H540.2  1 0.0075 0.0210 0.9584 0.0089 0.0043 
      H540.3  1 0.0067 0.0121 0.9375 0.0154 0.0283 
      H540.4  1 0.0068 0.0066 0.9740 0.0052 0.0074 
      H540.5  1 0.0076 0.0086 0.9712 0.0065 0.0062 
      H540.6  1 0.0114 0.0354 0.9351 0.0073 0.0108 
      H540.7  1 0.0090 0.0217 0.9341 0.0298 0.0053 
      H540.8  1 0.0059 0.2454 0.7248 0.0187 0.0053 
     H9558.1  1 0.0063 0.0115 0.9704 0.0043 0.0074 
     H9558.2  1 0.0264 0.0123 0.9363 0.0059 0.0190 
     H9558.3  1 0.0232 0.0079 0.9523 0.0050 0.0116 
     H9558.4  1 0.0059 0.0102 0.9710 0.0043 0.0086 
     H9558.5  1 0.0044 0.0033 0.9834 0.0037 0.0053 
     H9558.6  1 0.0118 0.0106 0.9612 0.0059 0.0106 
    kos339.1  1 0.0110 0.0069 0.0051 0.9731 0.0040 
    kos339.2  1 0.0096 0.0049 0.0037 0.9713 0.0105 
    kos339.3  1 0.0050 0.0035 0.0041 0.9827 0.0048 
    kos339.4  1 0.0041 0.0061 0.0044 0.9801 0.0053 
    kos339.5  1 0.0104 0.0057 0.0045 0.9753 0.0040 
    kos339.6  1 0.0071 0.0071 0.0039 0.9770 0.0049 
    kos339.7  1 0.0044 0.0052 0.0035 0.9810 0.0058 
    kos339.8  1 0.0063 0.0044 0.0036 0.9805 0.0052 
    kos339.9  1 0.0108 0.0135 0.0139 0.9529 0.0089 
      H409.1 12 0.9683 0.0059 0.0040 0.0150 0.0068 
     H409.10 12 0.9432 0.0081 0.0131 0.0107 0.0249 
      H409.2 12 0.9375 0.0085 0.0102 0.0231 0.0208 
      H409.3 12 0.9501 0.0133 0.0082 0.0121 0.0163 
      H409.4 12 0.9533 0.0070 0.0090 0.0161 0.0146 
      H409.5 12 0.9432 0.0145 0.0113 0.0113 0.0197 
      H409.6 12 0.9561 0.0119 0.0124 0.0067 0.0129 
      H409.7 12 0.9524 0.0078 0.0060 0.0133 0.0205 
      H409.8 12 0.9692 0.0096 0.0053 0.0092 0.0067 
      H409.9 12 0.6411 0.0075 0.3381 0.0052 0.0081 
      H413.1 12 0.5764 0.0079 0.0779 0.0151 0.3227 
      H413.2 12 0.3599 0.0064 0.0843 0.0545 0.4948 
      H413.3 12 0.7075 0.0102 0.0487 0.0049 0.2286 
      H413.4 12 0.7033 0.0071 0.0503 0.0064 0.2329 
      H413.5 12 0.1790 0.0098 0.6726 0.0065 0.1321 
      H413.6 12 0.2277 0.0059 0.3647 0.0208 0.3809 
      H413.7 12 0.3464 0.0083 0.0877 0.0282 0.5295 
      H563.1 12 0.9482 0.0108 0.0262 0.0054 0.0094 
      H563.2 12 0.9515 0.0188 0.0095 0.0111 0.0091 
      H563.3 12 0.9562 0.0115 0.0192 0.0047 0.0084 
      H563.4 12 0.9685 0.0127 0.0057 0.0069 0.0062 
      H563.5 12 0.9566 0.0082 0.0184 0.0081 0.0087 
      H563.6 12 0.9580 0.0086 0.0109 0.0159 0.0066 
      H563.7 12 0.9640 0.0062 0.0062 0.0156 0.0079 
      H563.8 12 0.9233 0.0170 0.0418 0.0102 0.0076 
      H563.9 12 0.9601 0.0121 0.0100 0.0133 0.0045 
     H7374.1 12 0.0284 0.0215 0.0110 0.0134 0.9256 
     H7374.2 12 0.0395 0.0426 0.0340 0.0059 0.8780 
     H7374.3 12 0.0229 0.0247 0.0098 0.0077 0.9349 
     H7374.4 12 0.0119 0.0128 0.0178 0.0173 0.9402 
     H7374.5 12 0.0219 0.0148 0.0411 0.0186 0.9037 
     H7374.6 12 0.0079 0.0169 0.0062 0.0097 0.9593 
     H7374.7 12 0.0095 0.0076 0.0062 0.0081 0.9685 
     H7374.8 12 0.0217 0.0181 0.0059 0.0172 0.9371 
     H7374.9 12 0.0104 0.0158 0.0282 0.0170 0.9286 
     H9563.1 12 0.9467 0.0110 0.0188 0.0138 0.0097 
     H9563.2 12 0.9382 0.0135 0.0297 0.0076 0.0111 
     H9563.3 12 0.9706 0.0083 0.0042 0.0062 0.0106 
     H9563.4 12 0.9162 0.0244 0.0210 0.0150 0.0234 
     H9563.5 12 0.9606 0.0173 0.0074 0.0077 0.0070 
     H9563.6 12 0.9729 0.0055 0.0053 0.0042 0.0121 
     H9563.7 12 0.9691 0.0073 0.0059 0.0049 0.0128 
     H9563.8 12 0.9044 0.0204 0.0284 0.0391 0.0076 
     H9563.9 12 0.9501 0.0101 0.0213 0.0103 0.0083 
     H9572.1 12 0.7241 0.0351 0.2115 0.0076 0.0216 
     H9572.2 12 0.3759 0.5426 0.0395 0.0147 0.0273 
     H9572.3 12 0.4318 0.2119 0.0541 0.1862 0.1160 
     H9572.4 12 0.5156 0.2175 0.0502 0.0556 0.1612 
     H9572.5 12 0.3767 0.3334 0.1043 0.1305 0.0551 
