      H105.1  1 0.0026 0.0028 0.0021 0.0027 0.0029 0.0024 0.9635 0.0023 0.0030 0.0024 0.0027 0.0054 0.0050 
      H105.2  1 0.0066 0.0033 0.0025 0.0039 0.0019 0.0076 0.9468 0.0034 0.0033 0.0053 0.0060 0.0037 0.0055 
      H105.3  1 0.0020 0.0027 0.0023 0.0032 0.0031 0.0029 0.9665 0.0021 0.0024 0.0023 0.0029 0.0051 0.0024 
      H105.4  1 0.0025 0.0028 0.0039 0.0026 0.0029 0.0041 0.9567 0.0027 0.0034 0.0024 0.0060 0.0042 0.0058 
      H105.5  1 0.0048 0.0032 0.0026 0.0030 0.0036 0.0038 0.9454 0.0042 0.0055 0.0027 0.0079 0.0042 0.0090 
      H105.6  1 0.0038 0.0034 0.0051 0.0073 0.0050 0.0062 0.9363 0.0052 0.0074 0.0037 0.0054 0.0059 0.0054 
      H105.7  1 0.0074 0.0033 0.0041 0.0042 0.0033 0.0069 0.9177 0.0086 0.0056 0.0045 0.0068 0.0195 0.0081 
      H105.8  1 0.0028 0.0020 0.0025 0.0032 0.0022 0.0053 0.9635 0.0022 0.0025 0.0034 0.0034 0.0038 0.0033 
      H115.1  1 0.0072 0.0104 0.0032 0.0154 0.0045 0.0122 0.0055 0.0045 0.0157 0.0078 0.8934 0.0120 0.0083 
      H115.2  1 0.0054 0.0056 0.0030 0.0048 0.0037 0.0043 0.0043 0.0089 0.0247 0.0086 0.9126 0.0050 0.0091 
      H115.3  1 0.0027 0.0080 0.0040 0.0026 0.0036 0.0030 0.0046 0.0042 0.0125 0.0054 0.9386 0.0053 0.0055 
      H115.4  1 0.0100 0.0111 0.0046 0.0039 0.0080 0.0175 0.0045 0.0049 0.0048 0.0081 0.9097 0.0045 0.0084 
      H115.5  1 0.0053 0.0263 0.0089 0.0074 0.0147 0.0062 0.0140 0.0079 0.0245 0.0065 0.8607 0.0057 0.0119 
      H115.6  1 0.0051 0.0178 0.0025 0.0063 0.0036 0.0035 0.0054 0.0112 0.0172 0.0475 0.8610 0.0116 0.0073 
      H115.7  1 0.0109 0.0083 0.0034 0.0296 0.0078 0.0068 0.0065 0.0095 0.0106 0.0086 0.8793 0.0083 0.0105 
      H115.8  1 0.0043 0.0081 0.0019 0.0034 0.0025 0.0037 0.0059 0.0048 0.0115 0.0078 0.9339 0.0076 0.0047 
      H115.9  1 0.0048 0.0061 0.0035 0.0056 0.0034 0.0075 0.0060 0.0047 0.0455 0.0052 0.8858 0.0089 0.0128 
      H145.1  1 0.0036 0.0049 0.0043 0.0049 0.9040 0.0045 0.0032 0.0138 0.0095 0.0204 0.0070 0.0057 0.0142 
      H145.2  1 0.0026 0.0051 0.0054 0.0031 0.9353 0.0054 0.0031 0.0080 0.0048 0.0093 0.0064 0.0043 0.0072 
      H145.3  1 0.0027 0.0028 0.0037 0.0036 0.9156 0.0030 0.0026 0.0037 0.0030 0.0471 0.0037 0.0033 0.0049 
      H145.4  1 0.0031 0.0041 0.0039 0.0042 0.9314 0.0039 0.0034 0.0125 0.0039 0.0056 0.0035 0.0098 0.0107 
      H145.5  1 0.0028 0.0038 0.0023 0.0041 0.8716 0.0029 0.0039 0.0052 0.0029 0.0892 0.0030 0.0039 0.0044 
      H145.6  1 0.0025 0.0050 0.0032 0.0037 0.9555 0.0028 0.0021 0.0063 0.0031 0.0040 0.0029 0.0051 0.0037 
      H145.7  1 0.0026 0.0067 0.0030 0.0032 0.9596 0.0030 0.0023 0.0037 0.0020 0.0030 0.0039 0.0033 0.0036 
      H149.1  1 0.0023 0.9550 0.0032 0.0038 0.0033 0.0033 0.0028 0.0063 0.0029 0.0069 0.0036 0.0037 0.0029 
      H149.2  1 0.0028 0.9457 0.0034 0.0035 0.0067 0.0036 0.0034 0.0080 0.0028 0.0054 0.0036 0.0047 0.0064 
      H149.3  1 0.0120 0.7404 0.0081 0.0063 0.0344 0.0263 0.0098 0.0205 0.0047 0.0159 0.0239 0.0564 0.0413 
      H149.4  1 0.0056 0.9446 0.0035 0.0033 0.0026 0.0093 0.0047 0.0048 0.0037 0.0070 0.0034 0.0049 0.0027 
      H149.5  1 0.0110 0.8182 0.0100 0.0042 0.0163 0.0220 0.0170 0.0098 0.0025 0.0035 0.0040 0.0489 0.0327 
      H149.6  1 0.0033 0.9458 0.0031 0.0039 0.0063 0.0044 0.0042 0.0061 0.0023 0.0043 0.0036 0.0075 0.0052 
      H149.7  1 0.0613 0.7320 0.0046 0.0080 0.0059 0.0607 0.0136 0.0443 0.0045 0.0083 0.0090 0.0319 0.0159 
      H150.1  1 0.0036 0.0027 0.0023 0.0041 0.0043 0.0033 0.0068 0.0044 0.1738 0.0057 0.7767 0.0051 0.0071 
      H150.2  1 0.0074 0.0050 0.0028 0.0056 0.0035 0.0035 0.0047 0.0061 0.0458 0.0102 0.8957 0.0059 0.0039 
      H150.3  1 0.0144 0.0056 0.0020 0.0330 0.0060 0.0057 0.0049 0.0124 0.5145 0.0421 0.3409 0.0089 0.0095 
      H150.4  1 0.0076 0.0029 0.0019 0.0058 0.0074 0.0036 0.0048 0.0054 0.7040 0.0108 0.2300 0.0088 0.0070 
      H150.5  1 0.0070 0.0043 0.0033 0.0058 0.0034 0.0034 0.0058 0.0075 0.0410 0.0043 0.8917 0.0131 0.0093 
      H150.6  1 0.0103 0.0039 0.0035 0.0063 0.0125 0.0065 0.0053 0.0038 0.0111 0.0059 0.9204 0.0051 0.0054 
      H150.7  1 0.0033 0.0042 0.0020 0.0054 0.0048 0.0041 0.0162 0.0045 0.5297 0.0229 0.3919 0.0040 0.0069 
   H169607.1  1 0.0062 0.0039 0.0025 0.0067 0.0111 0.0050 0.0029 0.0058 0.0074 0.0125 0.0065 0.0036 0.9259 
   H169607.2  1 0.0028 0.0026 0.0033 0.0039 0.0044 0.0028 0.0037 0.0037 0.0069 0.0043 0.0040 0.0035 0.9541 
   H169607.3  1 0.0046 0.0033 0.0033 0.0033 0.0077 0.0058 0.0046 0.0048 0.0039 0.0064 0.0069 0.0032 0.9421 
   H169607.4  1 0.0022 0.0024 0.0029 0.0041 0.0050 0.0027 0.0038 0.0035 0.0046 0.0089 0.0029 0.0047 0.9525 
   H169607.5  1 0.0027 0.0023 0.0034 0.0037 0.0033 0.0026 0.0022 0.0040 0.0055 0.0038 0.0033 0.0036 0.9595 
   H169607.6  1 0.0029 0.0022 0.0035 0.0038 0.0041 0.0028 0.0045 0.0033 0.0054 0.0059 0.0030 0.0038 0.9549 
   H169607.7  1 0.0066 0.0030 0.0033 0.0033 0.0064 0.0043 0.0043 0.0038 0.0046 0.0049 0.0075 0.0031 0.9450 
   H169607.8  1 0.0038 0.0022 0.0033 0.0051 0.0039 0.0032 0.0030 0.0035 0.0053 0.0038 0.0028 0.0040 0.9560 
   H169633.1  1 0.0347 0.8933 0.0058 0.0107 0.0168 0.0045 0.0049 0.0060 0.0055 0.0040 0.0055 0.0056 0.0027 
   H169633.2  1 0.0332 0.8151 0.0080 0.0074 0.0218 0.0101 0.0161 0.0680 0.0029 0.0028 0.0068 0.0053 0.0027 
   H169633.3  1 0.0067 0.8945 0.0105 0.0082 0.0062 0.0067 0.0035 0.0289 0.0078 0.0055 0.0067 0.0101 0.0047 
   H169633.4  1 0.0031 0.9124 0.0077 0.0123 0.0080 0.0053 0.0046 0.0117 0.0080 0.0059 0.0075 0.0061 0.0074 
   H169633.5  1 0.0034 0.9177 0.0068 0.0112 0.0069 0.0072 0.0040 0.0100 0.0078 0.0040 0.0063 0.0087 0.0061 
   H169688.1  1 0.8741 0.0049 0.0139 0.0294 0.0071 0.0074 0.0045 0.0057 0.0084 0.0215 0.0045 0.0032 0.0154 
   H169688.2  1 0.9471 0.0030 0.0033 0.0035 0.0047 0.0081 0.0061 0.0066 0.0031 0.0024 0.0034 0.0041 0.0047 
   H169688.3  1 0.9642 0.0032 0.0020 0.0024 0.0034 0.0034 0.0045 0.0034 0.0025 0.0024 0.0027 0.0031 0.0028 
   H169688.4  1 0.9641 0.0023 0.0021 0.0024 0.0031 0.0032 0.0022 0.0029 0.0034 0.0028 0.0055 0.0025 0.0034 
   H169688.5  1 0.9640 0.0025 0.0022 0.0022 0.0030 0.0036 0.0026 0.0028 0.0037 0.0025 0.0049 0.0028 0.0031 
   H169688.6  1 0.9392 0.0070 0.0075 0.0043 0.0028 0.0200 0.0026 0.0030 0.0027 0.0035 0.0022 0.0023 0.0029 
   H169688.7  1 0.9150 0.0047 0.0024 0.0058 0.0167 0.0051 0.0045 0.0063 0.0066 0.0120 0.0118 0.0054 0.0037 
   H171901.1  1 0.0230 0.0136 0.0028 0.0550 0.0498 0.0199 0.1052 0.1331 0.0313 0.0098 0.1839 0.0417 0.3308 
   H171901.2  1 0.0053 0.7878 0.0038 0.0082 0.0078 0.0035 0.0885 0.0206 0.0235 0.0080 0.0115 0.0077 0.0239 
   H171901.3  1 0.0327 0.7059 0.0087 0.0168 0.0095 0.0092 0.0118 0.0542 0.0307 0.0069 0.0404 0.0086 0.0646 
   H171901.4  1 0.0059 0.8097 0.0045 0.0097 0.0084 0.0068 0.0587 0.0099 0.0091 0.0053 0.0320 0.0043 0.0357 
   H171901.5  1 0.0066 0.7219 0.0060 0.0108 0.0107 0.0110 0.0346 0.0498 0.0134 0.0152 0.0728 0.0058 0.0414 
   H171901.6  1 0.0119 0.5301 0.0085 0.0094 0.0214 0.0276 0.0187 0.1988 0.0397 0.0266 0.0675 0.0074 0.0325 
   H171901.7  1 0.0478 0.3159 0.0089 0.0066 0.0113 0.0104 0.0063 0.5192 0.0137 0.0062 0.0256 0.0053 0.0229 
   H171902.1  1 0.0030 0.0045 0.0033 0.0025 0.0053 0.0040 0.0020 0.0042 0.0030 0.9585 0.0032 0.0024 0.0040 
  H171902.10  1 0.0056 0.0037 0.0021 0.0026 0.0029 0.0036 0.0033 0.0044 0.0029 0.9557 0.0061 0.0030 0.0041 
   H171902.2  1 0.0040 0.0098 0.0023 0.0037 0.0049 0.0046 0.0022 0.0058 0.0038 0.9477 0.0038 0.0025 0.0048 
   H171902.3  1 0.0040 0.0099 0.0035 0.0037 0.0038 0.0031 0.0029 0.0052 0.0059 0.9465 0.0049 0.0023 0.0044 
   H171902.4  1 0.0029 0.0120 0.0021 0.0033 0.0032 0.0028 0.0023 0.0053 0.0023 0.9547 0.0034 0.0028 0.0029 
   H171902.6  1 0.0021 0.0043 0.0023 0.0028 0.0030 0.0035 0.0025 0.0040 0.0047 0.9629 0.0028 0.0022 0.0029 
   H171902.7  1 0.0036 0.0048 0.0022 0.0034 0.0038 0.0033 0.0085 0.0134 0.0031 0.9021 0.0066 0.0034 0.0418 
   H171902.8  1 0.0027 0.0052 0.0031 0.0039 0.0036 0.0031 0.0028 0.0050 0.0052 0.9545 0.0043 0.0028 0.0037 
   H171902.9  1 0.0027 0.0026 0.0028 0.0032 0.0039 0.0025 0.0027 0.0036 0.0073 0.9575 0.0035 0.0029 0.0046 
   H171903.1  1 0.0060 0.0031 0.0045 0.0034 0.0035 0.0035 0.0073 0.0075 0.0093 0.0032 0.0146 0.0041 0.9301 
   H171903.2  1 0.0053 0.0034 0.0095 0.0044 0.0089 0.0083 0.0291 0.0110 0.0187 0.0034 0.0115 0.0081 0.8785 
   H171903.3  1 0.0124 0.0057 0.0185 0.0122 0.0041 0.0073 0.0577 0.1972 0.0075 0.0036 0.0082 0.0057 0.6599 
   H171903.4  1 0.0631 0.0045 0.0031 0.0081 0.0059 0.0046 0.0047 0.0230 0.0086 0.0230 0.0164 0.0060 0.8290 
   H171903.5  1 0.0687 0.0181 0.0068 0.0058 0.0061 0.0087 0.0278 0.0218 0.0300 0.0053 0.0105 0.0095 0.7811 
   H171903.6  1 0.1049 0.0083 0.0047 0.0026 0.0030 0.0045 0.0040 0.0100 0.0105 0.0050 0.0098 0.0030 0.8297 
      H177.1  1 0.0163 0.0139 0.0102 0.0316 0.0049 0.0159 0.0045 0.8296 0.0215 0.0056 0.0139 0.0061 0.0261 
      H177.2  1 0.0091 0.0727 0.0155 0.0194 0.2476 0.1315 0.0047 0.2463 0.0380 0.0096 0.0418 0.0241 0.1397 
      H177.3  1 0.0098 0.1090 0.0185 0.0102 0.0327 0.0260 0.0059 0.5888 0.0164 0.0094 0.0289 0.0126 0.1318 
      H177.4  1 0.0045 0.0116 0.0522 0.0034 0.0169 0.0581 0.0105 0.8028 0.0034 0.0057 0.0071 0.0084 0.0152 
      H177.5  1 0.0285 0.0060 0.0054 0.0079 0.0149 0.0302 0.0065 0.8599 0.0078 0.0036 0.0139 0.0076 0.0077 
      H177.6  1 0.0096 0.1553 0.0096 0.0124 0.0126 0.0247 0.0043 0.6712 0.0176 0.0089 0.0210 0.0056 0.0470 
      H179.1  1 0.0095 0.0037 0.0024 0.0048 0.0029 0.9447 0.0032 0.0054 0.0037 0.0040 0.0052 0.0058 0.0046 
      H179.2  1 0.0203 0.0040 0.0074 0.0040 0.0029 0.9222 0.0034 0.0066 0.0047 0.0064 0.0088 0.0034 0.0058 
      H179.3  1 0.1589 0.0056 0.0050 0.0046 0.0043 0.7471 0.0040 0.0145 0.0077 0.0052 0.0122 0.0101 0.0208 
      H179.4  1 0.0499 0.0216 0.0479 0.0246 0.0185 0.7407 0.0042 0.0384 0.0058 0.0062 0.0071 0.0083 0.0267 
      H180.1  1 0.0050 0.0034 0.0027 0.0048 0.0031 0.0187 0.0042 0.0044 0.0039 0.0086 0.9337 0.0033 0.0042 
      H180.2  1 0.0037 0.0020 0.0034 0.0037 0.0033 0.0064 0.0030 0.0058 0.0034 0.0032 0.9566 0.0024 0.0031 
      H180.3  1 0.0066 0.0035 0.0040 0.0027 0.0060 0.0056 0.0031 0.0059 0.0113 0.0037 0.9392 0.0029 0.0055 
      H180.4  1 0.0022 0.0063 0.0033 0.0059 0.0038 0.0092 0.0048 0.0040 0.0031 0.0043 0.9437 0.0045 0.0049 
      H180.5  1 0.0037 0.0046 0.0037 0.0027 0.0034 0.0056 0.0024 0.0044 0.0043 0.0040 0.9546 0.0034 0.0032 
      H180.6  1 0.0032 0.0120 0.0045 0.0029 0.0135 0.0077 0.0047 0.0076 0.0056 0.0050 0.9251 0.0031 0.0052 
      H181.1  1 0.0195 0.2377 0.0083 0.0184 0.0111 0.3942 0.0922 0.0330 0.0170 0.0324 0.0687 0.0073 0.0603 
      H181.2  1 0.0069 0.0214 0.0097 0.0692 0.0467 0.6044 0.0096 0.0797 0.0118 0.0543 0.0687 0.0092 0.0084 
      H181.3  1 0.0120 0.1590 0.0056 0.0952 0.0160 0.5214 0.0212 0.0214 0.0108 0.0805 0.0366 0.0127 0.0077 
      H181.4  1 0.0275 0.2145 0.0132 0.0385 0.0414 0.1658 0.0562 0.0212 0.1904 0.0173 0.1307 0.0350 0.0482 
      H181.5  1 0.0069 0.0098 0.0047 0.0071 0.0026 0.9197 0.0128 0.0090 0.0034 0.0067 0.0061 0.0070 0.0040 
      H181.6  1 0.0041 0.0083 0.0077 0.0079 0.0060 0.8199 0.0344 0.0167 0.0184 0.0084 0.0503 0.0070 0.0108 
      H181.7  1 0.0160 0.0205 0.0078 0.0057 0.0069 0.8339 0.0578 0.0075 0.0124 0.0045 0.0071 0.0057 0.0142 
 H194.1_2004  1 0.0037 0.0040 0.0039 0.0026 0.0057 0.0027 0.0021 0.9514 0.0067 0.0037 0.0036 0.0034 0.0065 
 H194.2_2004  1 0.0037 0.0031 0.0029 0.0068 0.0075 0.0028 0.0041 0.9068 0.0067 0.0058 0.0040 0.0037 0.0421 
 H194.3_2004  1 0.0059 0.0166 0.0048 0.0054 0.0110 0.0171 0.0034 0.9151 0.0042 0.0045 0.0030 0.0034 0.0055 
 H194.4_2004  1 0.0037 0.0066 0.0040 0.0053 0.0115 0.0041 0.0042 0.9346 0.0043 0.0075 0.0033 0.0026 0.0081 
 H194.5_2004  1 0.0055 0.0088 0.0065 0.0054 0.0080 0.0055 0.0044 0.9264 0.0045 0.0052 0.0029 0.0049 0.0119 
 H194.6_2004  1 0.0047 0.0133 0.0167 0.0056 0.0061 0.0061 0.0035 0.9145 0.0061 0.0077 0.0041 0.0034 0.0083 
 H194.7_2004  1 0.0045 0.0040 0.0037 0.0053 0.0055 0.0032 0.0046 0.9390 0.0051 0.0027 0.0031 0.0064 0.0129 
 H194.8_2004  1 0.0032 0.0066 0.0084 0.0067 0.0080 0.0037 0.0062 0.9280 0.0075 0.0061 0.0028 0.0036 0.0092 
      H194.9  1 0.0040 0.0040 0.0043 0.0075 0.0070 0.0033 0.0042 0.9367 0.0083 0.0050 0.0042 0.0036 0.0079 
 H195.1_2003  1 0.0045 0.0250 0.0060 0.0080 0.8869 0.0051 0.0034 0.0290 0.0041 0.0081 0.0040 0.0054 0.0104 
 H195.1_2004  1 0.0040 0.0065 0.0034 0.0060 0.9524 0.0030 0.0023 0.0048 0.0029 0.0040 0.0036 0.0042 0.0029 
 H195.2_2003  1 0.0212 0.0102 0.0087 0.0076 0.8238 0.0059 0.0150 0.0284 0.0292 0.0116 0.0052 0.0140 0.0193 
 H195.2_2004  1 0.0049 0.0052 0.0024 0.0037 0.9603 0.0027 0.0029 0.0037 0.0025 0.0031 0.0031 0.0023 0.0032 
 H195.3_2003  1 0.0440 0.0054 0.0049 0.0178 0.6205 0.0082 0.0274 0.0209 0.1528 0.0083 0.0129 0.0122 0.0648 
 H195.3_2004  1 0.0025 0.0091 0.0028 0.0037 0.9506 0.0034 0.0029 0.0069 0.0025 0.0073 0.0030 0.0028 0.0026 
 H195.4_2003  1 0.0031 0.0091 0.0038 0.0030 0.9439 0.0038 0.0039 0.0092 0.0040 0.0046 0.0030 0.0043 0.0044 
 H195.4_2004  1 0.0081 0.0037 0.0033 0.0028 0.9581 0.0028 0.0020 0.0043 0.0029 0.0034 0.0025 0.0028 0.0033 
 H195.5_2003  1 0.0043 0.0181 0.0057 0.0249 0.8684 0.0050 0.0039 0.0315 0.0071 0.0069 0.0073 0.0081 0.0087 
 H195.5_2004  1 0.0026 0.0042 0.0057 0.0059 0.9554 0.0039 0.0025 0.0040 0.0031 0.0031 0.0036 0.0032 0.0027 
 H195.6_2003  1 0.0077 0.0047 0.0037 0.0040 0.9140 0.0026 0.0067 0.0043 0.0187 0.0097 0.0063 0.0074 0.0101 
 H195.6_2004  1 0.0035 0.0037 0.0031 0.0036 0.9568 0.0036 0.0044 0.0051 0.0022 0.0033 0.0025 0.0040 0.0042 
 H195.7_2003  1 0.0277 0.0152 0.0089 0.0138 0.8435 0.0087 0.0080 0.0249 0.0049 0.0048 0.0040 0.0130 0.0227 
 H195.7_2004  1 0.0041 0.0028 0.0027 0.0036 0.9622 0.0025 0.0025 0.0030 0.0036 0.0027 0.0037 0.0030 0.0037 
      H195.8  1 0.0031 0.0031 0.0051 0.0049 0.9585 0.0028 0.0019 0.0037 0.0038 0.0029 0.0031 0.0039 0.0032 
      H195.9  1 0.0045 0.0042 0.0049 0.0031 0.9525 0.0031 0.0024 0.0061 0.0027 0.0042 0.0042 0.0029 0.0053 
      H415.1  1 0.0092 0.0258 0.0026 0.0093 0.0099 0.0075 0.0048 0.8462 0.0319 0.0080 0.0330 0.0063 0.0055 
      H415.2  1 0.0092 0.0059 0.0034 0.0069 0.0040 0.0396 0.0040 0.7406 0.0091 0.1153 0.0081 0.0289 0.0248 
      H415.3  1 0.0068 0.0307 0.0040 0.0076 0.0068 0.0336 0.0074 0.8575 0.0055 0.0064 0.0149 0.0107 0.0079 
      H415.4  1 0.0040 0.0072 0.0041 0.0058 0.0072 0.0057 0.0062 0.9088 0.0115 0.0048 0.0257 0.0043 0.0046 
      H415.5  1 0.0033 0.0107 0.0039 0.0050 0.0080 0.0087 0.0041 0.9297 0.0034 0.0071 0.0089 0.0035 0.0038 
      H415.6  1 0.0032 0.0092 0.0032 0.0046 0.0057 0.0061 0.0066 0.9166 0.0103 0.0051 0.0213 0.0042 0.0040 
      H415.7  1 0.0080 0.0190 0.0067 0.0081 0.0086 0.0199 0.0052 0.8153 0.0069 0.0458 0.0036 0.0118 0.0410 
      H506.1  1 0.0021 0.0057 0.0048 0.0034 0.0031 0.9611 0.0026 0.0028 0.0020 0.0030 0.0025 0.0044 0.0026 
      H506.2  1 0.0023 0.0062 0.0041 0.0029 0.0100 0.9487 0.0035 0.0055 0.0019 0.0033 0.0035 0.0044 0.0038 
      H506.3  1 0.0066 0.0034 0.0038 0.0033 0.0042 0.9430 0.0036 0.0050 0.0032 0.0039 0.0063 0.0072 0.0065 
      H506.4  1 0.0059 0.0067 0.0113 0.0028 0.0031 0.9258 0.0023 0.0063 0.0049 0.0073 0.0079 0.0079 0.0075 
      H506.5  1 0.0028 0.0076 0.0066 0.0041 0.0050 0.9439 0.0038 0.0046 0.0034 0.0039 0.0033 0.0046 0.0063 
      H506.6  1 0.0090 0.0067 0.0112 0.0080 0.0368 0.8054 0.0046 0.0247 0.0058 0.0064 0.0081 0.0177 0.0556 
      H506.7  1 0.0025 0.0059 0.0039 0.0036 0.0055 0.9544 0.0039 0.0036 0.0020 0.0036 0.0028 0.0047 0.0038 
      H533.1  1 0.0024 0.0076 0.0037 0.0028 0.0037 0.9574 0.0055 0.0031 0.0021 0.0026 0.0041 0.0024 0.0027 
      H533.2  1 0.0021 0.0121 0.0036 0.0026 0.0034 0.9519 0.0058 0.0030 0.0021 0.0030 0.0047 0.0028 0.0029 
      H533.3  1 0.0038 0.0106 0.0030 0.0028 0.0053 0.9438 0.0040 0.0043 0.0031 0.0023 0.0033 0.0035 0.0101 
      H533.4  1 0.0066 0.0201 0.0085 0.0039 0.0507 0.8448 0.0048 0.0172 0.0036 0.0034 0.0068 0.0050 0.0246 
      H535.1  1 0.0019 0.0027 0.9629 0.0029 0.0028 0.0035 0.0030 0.0034 0.0036 0.0043 0.0033 0.0023 0.0034 
      H535.2  1 0.0025 0.0031 0.9646 0.0028 0.0033 0.0038 0.0032 0.0029 0.0023 0.0022 0.0027 0.0035 0.0033 
      H535.3  1 0.0019 0.0024 0.9681 0.0032 0.0035 0.0036 0.0026 0.0029 0.0022 0.0021 0.0023 0.0028 0.0024 
      H535.4  1 0.0018 0.0041 0.9661 0.0029 0.0033 0.0030 0.0029 0.0027 0.0022 0.0020 0.0023 0.0035 0.0033 
      H535.5  1 0.0023 0.0043 0.9667 0.0024 0.0028 0.0028 0.0029 0.0032 0.0025 0.0022 0.0023 0.0023 0.0034 
      H535.6  1 0.0023 0.0021 0.9484 0.0032 0.0042 0.0038 0.0026 0.0041 0.0066 0.0085 0.0049 0.0025 0.0068 
      H535.7  1 0.0028 0.0032 0.9711 0.0022 0.0028 0.0028 0.0023 0.0026 0.0022 0.0020 0.0019 0.0021 0.0022 
      H535.8  1 0.0028 0.0034 0.9652 0.0027 0.0027 0.0037 0.0041 0.0027 0.0031 0.0023 0.0017 0.0025 0.0032 
      H535.9  1 0.0020 0.0025 0.9651 0.0033 0.0026 0.0033 0.0025 0.0037 0.0032 0.0036 0.0029 0.0020 0.0033 
      H539.1  1 0.0020 0.0021 0.0023 0.0027 0.0028 0.0020 0.0031 0.0030 0.9608 0.0068 0.0065 0.0025 0.0035 
      H539.2  1 0.0268 0.0049 0.0111 0.0459 0.0057 0.0063 0.0037 0.0097 0.6729 0.0070 0.1251 0.0075 0.0734 
      H539.3  1 0.0121 0.0034 0.0107 0.0063 0.0085 0.0034 0.0031 0.0112 0.8991 0.0055 0.0158 0.0041 0.0168 
      H539.4  1 0.0058 0.0034 0.0031 0.0043 0.0030 0.0038 0.0036 0.0037 0.9116 0.0039 0.0439 0.0054 0.0046 
      H539.5  1 0.0030 0.0027 0.0033 0.0026 0.0026 0.0028 0.0023 0.0034 0.9562 0.0036 0.0080 0.0024 0.0070 
      H539.6  1 0.0031 0.0022 0.0022 0.0026 0.0042 0.0029 0.0034 0.0038 0.9425 0.0067 0.0142 0.0029 0.0091 
      H539.7  1 0.0048 0.0032 0.0030 0.0037 0.0030 0.0026 0.0025 0.0043 0.9532 0.0037 0.0092 0.0028 0.0042 
      H539.8  1 0.0177 0.0039 0.0244 0.0133 0.0055 0.0058 0.0040 0.0074 0.8448 0.0042 0.0524 0.0068 0.0100 
      H539.9  1 0.0045 0.0029 0.0023 0.0037 0.0026 0.0034 0.0052 0.0027 0.9504 0.0024 0.0090 0.0038 0.0071 
      H540.1  1 0.0044 0.0039 0.0064 0.0030 0.0078 0.0049 0.0042 0.0043 0.8954 0.0048 0.0041 0.0052 0.0517 
      H540.2  1 0.0046 0.0051 0.0022 0.0040 0.0031 0.0037 0.0029 0.0059 0.9472 0.0044 0.0050 0.0042 0.0077 
      H540.3  1 0.0082 0.0256 0.0052 0.0208 0.0142 0.0067 0.0064 0.0356 0.8330 0.0065 0.0210 0.0062 0.0107 
      H540.4  1 0.0095 0.0036 0.0059 0.0048 0.0048 0.0066 0.0033 0.0058 0.9024 0.0060 0.0236 0.0079 0.0159 
      H540.5  1 0.0075 0.0059 0.0023 0.0074 0.0028 0.0033 0.0047 0.0089 0.9352 0.0058 0.0043 0.0056 0.0065 
      H540.6  1 0.0110 0.0048 0.0042 0.0082 0.0065 0.0078 0.0063 0.0063 0.8840 0.0079 0.0052 0.0144 0.0334 
      H540.7  1 0.0049 0.0202 0.0031 0.0086 0.0055 0.0100 0.0028 0.0145 0.9000 0.0060 0.0085 0.0092 0.0067 
      H540.8  1 0.0058 0.0110 0.0041 0.0035 0.0046 0.0037 0.0033 0.0766 0.8389 0.0102 0.0077 0.0031 0.0275 
     H9558.1  1 0.0046 0.0022 0.0104 0.0030 0.0028 0.0047 0.0069 0.0032 0.9440 0.0085 0.0034 0.0023 0.0041 
     H9558.2  1 0.0080 0.0057 0.0101 0.0085 0.0046 0.0191 0.0175 0.0073 0.8930 0.0090 0.0036 0.0092 0.0044 
     H9558.3  1 0.0051 0.0026 0.0052 0.0075 0.0027 0.0041 0.0413 0.0065 0.9062 0.0027 0.0042 0.0070 0.0050 
     H9558.4  1 0.0053 0.0018 0.0076 0.0039 0.0022 0.0038 0.0046 0.0046 0.9530 0.0042 0.0026 0.0022 0.0042 
     H9558.5  1 0.0067 0.0029 0.0095 0.0060 0.0017 0.0027 0.0033 0.0030 0.9491 0.0022 0.0051 0.0053 0.0026 
     H9558.6  1 0.0036 0.0027 0.0053 0.0054 0.0036 0.0040 0.0205 0.0072 0.9333 0.0035 0.0034 0.0043 0.0032 
    kos339.1  1 0.0031 0.9221 0.0061 0.0033 0.0027 0.0115 0.0055 0.0049 0.0046 0.0061 0.0056 0.0196 0.0050 
    kos339.2  1 0.0047 0.9395 0.0052 0.0043 0.0064 0.0063 0.0057 0.0050 0.0034 0.0046 0.0044 0.0076 0.0029 
    kos339.3  1 0.0032 0.9576 0.0051 0.0032 0.0031 0.0039 0.0022 0.0044 0.0029 0.0028 0.0035 0.0025 0.0056 
    kos339.4  1 0.0033 0.9563 0.0049 0.0031 0.0035 0.0032 0.0031 0.0037 0.0031 0.0039 0.0051 0.0025 0.0045 
    kos339.5  1 0.0033 0.9495 0.0028 0.0029 0.0023 0.0086 0.0039 0.0042 0.0036 0.0046 0.0035 0.0072 0.0038 
    kos339.6  1 0.0026 0.9555 0.0028 0.0036 0.0039 0.0050 0.0031 0.0053 0.0031 0.0036 0.0028 0.0052 0.0036 
    kos339.7  1 0.0032 0.9497 0.0145 0.0026 0.0034 0.0035 0.0024 0.0046 0.0025 0.0027 0.0042 0.0025 0.0041 
    kos339.8  1 0.0040 0.9502 0.0041 0.0038 0.0040 0.0082 0.0029 0.0044 0.0029 0.0036 0.0035 0.0048 0.0037 
    kos339.9  1 0.0036 0.8877 0.0039 0.0042 0.0076 0.0091 0.0056 0.0124 0.0115 0.0245 0.0143 0.0079 0.0078 
      H409.1 12 0.0095 0.0065 0.0026 0.0052 0.0053 0.9377 0.0043 0.0064 0.0031 0.0040 0.0027 0.0106 0.0024 
     H409.10 12 0.0069 0.0032 0.0045 0.0068 0.0087 0.9318 0.0044 0.0041 0.0045 0.0054 0.0062 0.0090 0.0044 
      H409.2 12 0.0066 0.0077 0.0063 0.0136 0.0061 0.9063 0.0046 0.0235 0.0052 0.0068 0.0037 0.0044 0.0052 
      H409.3 12 0.0064 0.0082 0.0039 0.0100 0.0067 0.8918 0.0170 0.0175 0.0120 0.0045 0.0064 0.0089 0.0067 
      H409.4 12 0.0118 0.0060 0.0038 0.0171 0.0059 0.8794 0.0219 0.0183 0.0131 0.0036 0.0055 0.0082 0.0054 
      H409.5 12 0.0045 0.0037 0.0074 0.0087 0.0049 0.9131 0.0078 0.0127 0.0060 0.0068 0.0067 0.0052 0.0125 
      H409.6 12 0.0047 0.0042 0.0128 0.0205 0.0062 0.5199 0.3701 0.0156 0.0069 0.0076 0.0100 0.0093 0.0123 
      H409.7 12 0.0136 0.0097 0.0031 0.0200 0.0139 0.8452 0.0215 0.0186 0.0053 0.0061 0.0047 0.0341 0.0042 
      H409.8 12 0.0040 0.0038 0.0042 0.0059 0.0054 0.9255 0.0046 0.0081 0.0039 0.0043 0.0056 0.0178 0.0068 
      H409.9 12 0.0047 0.0029 0.0099 0.0136 0.0035 0.6246 0.0042 0.0083 0.2808 0.0033 0.0165 0.0194 0.0082 
      H413.1 12 0.0056 0.0042 0.0033 0.9305 0.0024 0.0030 0.0138 0.0039 0.0053 0.0027 0.0104 0.0122 0.0027 
      H413.2 12 0.0046 0.0085 0.0043 0.9340 0.0033 0.0043 0.0141 0.0030 0.0038 0.0039 0.0092 0.0041 0.0030 
      H413.3 12 0.0098 0.0027 0.0021 0.9405 0.0026 0.0078 0.0048 0.0035 0.0054 0.0032 0.0040 0.0093 0.0045 
      H413.4 12 0.0024 0.0035 0.0031 0.9377 0.0032 0.0083 0.0042 0.0036 0.0043 0.0044 0.0086 0.0137 0.0030 
      H413.5 12 0.0075 0.0032 0.0027 0.8606 0.0026 0.0064 0.0033 0.0033 0.0399 0.0139 0.0488 0.0037 0.0041 
      H413.6 12 0.0313 0.0038 0.0025 0.8783 0.0032 0.0027 0.0121 0.0036 0.0281 0.0033 0.0221 0.0060 0.0030 
      H413.7 12 0.0067 0.0040 0.0032 0.9512 0.0032 0.0033 0.0056 0.0034 0.0045 0.0032 0.0036 0.0050 0.0030 
      H563.1 12 0.0045 0.0030 0.0022 0.0101 0.0026 0.0032 0.0048 0.0034 0.0082 0.0026 0.0036 0.9474 0.0044 
      H563.2 12 0.0050 0.0083 0.0036 0.0129 0.0043 0.0061 0.0063 0.0098 0.0059 0.0070 0.0048 0.9220 0.0041 
      H563.3 12 0.0026 0.0027 0.0017 0.0056 0.0032 0.0034 0.0030 0.0033 0.0070 0.0027 0.0031 0.9553 0.0061 
      H563.4 12 0.0060 0.0044 0.0029 0.0129 0.0027 0.0048 0.0104 0.0050 0.0037 0.0031 0.0061 0.9319 0.0061 
      H563.5 12 0.0044 0.0026 0.0019 0.0066 0.0027 0.0032 0.0036 0.0035 0.0071 0.0018 0.0036 0.9542 0.0048 
      H563.6 12 0.0035 0.0086 0.0033 0.0158 0.0029 0.0057 0.0079 0.0053 0.0049 0.0049 0.0039 0.9291 0.0042 
      H563.7 12 0.0033 0.0125 0.0021 0.0127 0.0030 0.0051 0.0070 0.0032 0.0032 0.0033 0.0042 0.9377 0.0027 
      H563.8 12 0.0053 0.0046 0.0023 0.0096 0.0028 0.0040 0.0053 0.0039 0.0107 0.0028 0.0050 0.9362 0.0074 
      H563.9 12 0.0061 0.0086 0.0023 0.0065 0.0045 0.0074 0.0055 0.0100 0.0036 0.0071 0.0062 0.9276 0.0047 
     H7374.1 12 0.0029 0.0069 0.0091 0.8097 0.0264 0.0076 0.0622 0.0279 0.0055 0.0058 0.0065 0.0110 0.0185 
     H7374.2 12 0.0054 0.0030 0.0051 0.9176 0.0078 0.0053 0.0109 0.0095 0.0068 0.0038 0.0037 0.0087 0.0123 
     H7374.3 12 0.0056 0.0052 0.0085 0.7654 0.0689 0.0092 0.0264 0.0584 0.0082 0.0104 0.0067 0.0152 0.0118 
     H7374.4 12 0.0085 0.0097 0.0075 0.9266 0.0050 0.0040 0.0027 0.0074 0.0079 0.0064 0.0039 0.0056 0.0047 
     H7374.5 12 0.0029 0.0062 0.0039 0.9281 0.0061 0.0034 0.0079 0.0045 0.0086 0.0112 0.0040 0.0071 0.0060 
     H7374.6 12 0.0048 0.0075 0.0131 0.8203 0.0528 0.0080 0.0041 0.0439 0.0114 0.0141 0.0045 0.0090 0.0064 
     H7374.7 12 0.0038 0.0072 0.0048 0.9404 0.0088 0.0050 0.0040 0.0071 0.0037 0.0047 0.0029 0.0049 0.0028 
     H7374.8 12 0.0031 0.0084 0.0061 0.8865 0.0153 0.0093 0.0141 0.0104 0.0031 0.0054 0.0032 0.0261 0.0091 
     H7374.9 12 0.0065 0.0079 0.0038 0.9108 0.0077 0.0038 0.0072 0.0066 0.0104 0.0180 0.0064 0.0065 0.0045 
     H9563.1 12 0.0035 0.0048 0.0021 0.0033 0.0042 0.0054 0.0026 0.0056 0.0051 0.0043 0.0036 0.9501 0.0054 
     H9563.2 12 0.0029 0.0029 0.0034 0.0051 0.0036 0.0030 0.0032 0.0042 0.0056 0.0046 0.0066 0.9488 0.0061 
     H9563.3 12 0.0041 0.0034 0.0054 0.0026 0.0068 0.0082 0.0078 0.0040 0.0022 0.0030 0.0037 0.9445 0.0043 
     H9563.4 12 0.0075 0.0068 0.0259 0.0058 0.0087 0.0081 0.0063 0.0169 0.0072 0.0063 0.0149 0.8755 0.0101 
     H9563.5 12 0.0060 0.0056 0.0054 0.0032 0.0051 0.0105 0.0043 0.0069 0.0052 0.0044 0.0102 0.9208 0.0124 
     H9563.6 12 0.0027 0.0031 0.0046 0.0051 0.0055 0.0050 0.0165 0.0026 0.0029 0.0022 0.0047 0.9402 0.0048 
     H9563.7 12 0.0032 0.0020 0.0077 0.0042 0.0037 0.0046 0.0095 0.0032 0.0027 0.0028 0.0029 0.9469 0.0067 
     H9563.8 12 0.0099 0.0136 0.0064 0.0052 0.0069 0.0133 0.0110 0.0177 0.0045 0.0064 0.0463 0.8478 0.0110 
     H9563.9 12 0.0037 0.0039 0.0029 0.0041 0.0042 0.0055 0.0101 0.0059 0.0053 0.0038 0.0095 0.9356 0.0056 
     H9572.1 12 0.0106 0.0119 0.0265 0.0445 0.0205 0.1212 0.0271 0.0334 0.1269 0.0636 0.1098 0.3938 0.0101 
     H9572.2 12 0.0031 0.0108 0.0040 0.0216 0.1050 0.0124 0.0388 0.1746 0.0113 0.0951 0.0973 0.4130 0.0131 
     H9572.3 12 0.0045 0.2335 0.0243 0.1937 0.0073 0.0388 0.0566 0.0867 0.0686 0.0307 0.0112 0.0740 0.1700 
     H9572.4 12 0.0034 0.1578 0.0470 0.0576 0.0389 0.0411 0.0872 0.2025 0.0529 0.0397 0.0274 0.2306 0.0138 
     H9572.5 12 0.0055 0.3427 0.0203 0.0066 0.0592 0.0255 0.1046 0.1085 0.0717 0.0335 0.1013 0.0917 0.0290 
