      H105.1  1 0.9496 0.0041 0.0056 0.0048 0.0053 0.0036 0.0051 0.0051 0.0043 0.0125 
      H105.2  1 0.9257 0.0103 0.0028 0.0104 0.0080 0.0052 0.0126 0.0037 0.0156 0.0059 
      H105.3  1 0.9540 0.0038 0.0048 0.0026 0.0066 0.0037 0.0043 0.0032 0.0056 0.0114 
      H105.4  1 0.9173 0.0127 0.0084 0.0104 0.0059 0.0083 0.0074 0.0044 0.0128 0.0125 
      H105.5  1 0.8811 0.0198 0.0069 0.0416 0.0109 0.0057 0.0086 0.0052 0.0099 0.0103 
      H105.6  1 0.9429 0.0098 0.0088 0.0042 0.0084 0.0062 0.0047 0.0040 0.0063 0.0047 
      H105.7  1 0.9244 0.0059 0.0038 0.0097 0.0051 0.0040 0.0066 0.0044 0.0092 0.0269 
      H105.8  1 0.9582 0.0044 0.0029 0.0034 0.0039 0.0038 0.0035 0.0033 0.0086 0.0080 
      H115.1  1 0.0219 0.8877 0.0048 0.0097 0.0067 0.0050 0.0066 0.0227 0.0203 0.0147 
      H115.2  1 0.0057 0.9483 0.0035 0.0079 0.0059 0.0028 0.0063 0.0075 0.0056 0.0065 
      H115.3  1 0.0060 0.9364 0.0053 0.0045 0.0051 0.0045 0.0053 0.0141 0.0048 0.0140 
      H115.4  1 0.0104 0.7437 0.0198 0.0144 0.0168 0.0116 0.0593 0.0737 0.0434 0.0070 
      H115.5  1 0.0412 0.7514 0.0331 0.0117 0.0072 0.0097 0.0102 0.1147 0.0130 0.0079 
      H115.6  1 0.0052 0.8868 0.0083 0.0112 0.0167 0.0019 0.0178 0.0366 0.0041 0.0115 
      H115.7  1 0.0412 0.8334 0.0072 0.0117 0.0067 0.0038 0.0403 0.0204 0.0126 0.0227 
      H115.8  1 0.0062 0.9288 0.0041 0.0087 0.0063 0.0019 0.0074 0.0212 0.0072 0.0083 
      H115.9  1 0.0082 0.9246 0.0042 0.0084 0.0046 0.0040 0.0046 0.0092 0.0170 0.0151 
      H145.1  1 0.0035 0.0089 0.9181 0.0127 0.0110 0.0046 0.0257 0.0052 0.0049 0.0055 
      H145.2  1 0.0026 0.0069 0.9531 0.0057 0.0056 0.0051 0.0058 0.0056 0.0043 0.0052 
      H145.3  1 0.0027 0.0032 0.9471 0.0034 0.0036 0.0030 0.0279 0.0026 0.0033 0.0032 
      H145.4  1 0.0033 0.0031 0.9473 0.0117 0.0051 0.0032 0.0104 0.0043 0.0043 0.0071 
      H145.5  1 0.0037 0.0037 0.9153 0.0053 0.0068 0.0023 0.0523 0.0039 0.0034 0.0034 
      H145.6  1 0.0031 0.0031 0.9600 0.0057 0.0055 0.0037 0.0042 0.0039 0.0043 0.0066 
      H145.7  1 0.0029 0.0026 0.9663 0.0061 0.0035 0.0030 0.0034 0.0053 0.0031 0.0039 
      H149.1  1 0.0028 0.0035 0.0035 0.0046 0.0047 0.0028 0.0034 0.9683 0.0034 0.0030 
      H149.2  1 0.0025 0.0029 0.0071 0.0064 0.0048 0.0040 0.0060 0.9567 0.0047 0.0049 
      H149.3  1 0.0062 0.0158 0.0401 0.0474 0.0054 0.0122 0.0230 0.7624 0.0228 0.0646 
      H149.4  1 0.0055 0.0033 0.0028 0.0042 0.0032 0.0039 0.0038 0.9545 0.0127 0.0061 
      H149.5  1 0.0106 0.0031 0.0135 0.0230 0.0079 0.0109 0.0161 0.8255 0.0300 0.0594 
      H149.6  1 0.0046 0.0026 0.0072 0.0053 0.0045 0.0032 0.0037 0.9586 0.0040 0.0062 
      H149.7  1 0.0156 0.0066 0.0073 0.0905 0.0133 0.0048 0.0156 0.7456 0.0670 0.0338 
      H150.1  1 0.0037 0.9689 0.0046 0.0039 0.0031 0.0020 0.0037 0.0027 0.0036 0.0039 
      H150.2  1 0.0038 0.9585 0.0030 0.0045 0.0046 0.0033 0.0086 0.0057 0.0033 0.0048 
      H150.3  1 0.0103 0.9266 0.0053 0.0099 0.0080 0.0022 0.0194 0.0055 0.0044 0.0086 
      H150.4  1 0.0051 0.9542 0.0052 0.0050 0.0053 0.0020 0.0120 0.0029 0.0031 0.0051 
      H150.5  1 0.0056 0.9455 0.0048 0.0083 0.0052 0.0032 0.0064 0.0056 0.0050 0.0104 
      H150.6  1 0.0057 0.9433 0.0051 0.0053 0.0058 0.0047 0.0079 0.0067 0.0080 0.0075 
      H150.7  1 0.0040 0.9587 0.0048 0.0036 0.0037 0.0026 0.0136 0.0032 0.0025 0.0034 
   H169607.1  1 0.0045 0.0258 0.0230 0.0257 0.0149 0.0034 0.8831 0.0058 0.0072 0.0067 
   H169607.2  1 0.0050 0.0063 0.0087 0.0069 0.0043 0.0072 0.9481 0.0038 0.0044 0.0054 
   H169607.3  1 0.0066 0.0173 0.0357 0.1217 0.0054 0.0081 0.7761 0.0058 0.0138 0.0092 
   H169607.4  1 0.0040 0.0055 0.0097 0.0075 0.0122 0.0039 0.9460 0.0029 0.0033 0.0048 
   H169607.5  1 0.0040 0.0219 0.0066 0.2073 0.0039 0.0066 0.7336 0.0046 0.0037 0.0079 
   H169607.6  1 0.0043 0.0051 0.0058 0.0048 0.0033 0.0065 0.9593 0.0034 0.0039 0.0036 
   H169607.7  1 0.0059 0.0103 0.0100 0.0244 0.0047 0.0050 0.9240 0.0053 0.0058 0.0047 
   H169607.8  1 0.0073 0.0062 0.0082 0.0165 0.0089 0.0097 0.9236 0.0050 0.0070 0.0075 
   H169633.1  1 0.0109 0.0072 0.0166 0.0116 0.0106 0.0048 0.0039 0.9232 0.0039 0.0072 
   H169633.2  1 0.0154 0.0033 0.0180 0.0142 0.0878 0.0088 0.0024 0.8318 0.0141 0.0043 
   H169633.3  1 0.0058 0.0064 0.0070 0.0117 0.0083 0.0082 0.0046 0.9286 0.0085 0.0109 
   H169633.4  1 0.0071 0.0088 0.0074 0.0106 0.0113 0.0070 0.0053 0.9251 0.0066 0.0107 
   H169633.5  1 0.0088 0.0079 0.0067 0.0087 0.0078 0.0081 0.0058 0.9319 0.0052 0.0091 
   H169688.1  1 0.0172 0.0081 0.0041 0.9043 0.0057 0.0046 0.0352 0.0061 0.0098 0.0050 
   H169688.2  1 0.0129 0.0055 0.0040 0.9459 0.0040 0.0023 0.0056 0.0040 0.0123 0.0035 
   H169688.3  1 0.0072 0.0060 0.0061 0.9536 0.0051 0.0021 0.0036 0.0043 0.0071 0.0049 
   H169688.4  1 0.0033 0.0267 0.0053 0.9404 0.0041 0.0028 0.0042 0.0040 0.0056 0.0035 
   H169688.5  1 0.0029 0.0441 0.0061 0.9222 0.0045 0.0029 0.0044 0.0045 0.0054 0.0030 
   H169688.6  1 0.0109 0.0085 0.0044 0.8881 0.0031 0.0044 0.0055 0.0087 0.0635 0.0031 
   H169688.7  1 0.0046 0.0172 0.0357 0.9043 0.0090 0.0022 0.0117 0.0040 0.0070 0.0042 
   H171901.1  1 0.3059 0.1755 0.0586 0.3387 0.0137 0.0033 0.0363 0.0166 0.0167 0.0346 
   H171901.2  1 0.0260 0.0244 0.0086 0.0180 0.0146 0.0044 0.0111 0.8813 0.0050 0.0067 
   H171901.3  1 0.0174 0.0382 0.0104 0.0759 0.0236 0.0102 0.0158 0.7852 0.0150 0.0084 
   H171901.4  1 0.0254 0.0178 0.0066 0.0093 0.0179 0.0045 0.0124 0.8921 0.0093 0.0048 
   H171901.5  1 0.0130 0.0286 0.0076 0.0146 0.0340 0.0059 0.0264 0.8507 0.0133 0.0059 
   H171901.6  1 0.0122 0.0739 0.0199 0.0408 0.0636 0.0075 0.0218 0.7261 0.0271 0.0070 
   H171901.7  1 0.0086 0.0163 0.0130 0.4301 0.0141 0.0085 0.0058 0.4859 0.0106 0.0073 
   H171902.1  1 0.0025 0.0045 0.0071 0.0049 0.0051 0.0031 0.9597 0.0056 0.0042 0.0031 
  H171902.10  1 0.0024 0.0049 0.0040 0.0071 0.0058 0.0025 0.9554 0.0101 0.0042 0.0036 
   H171902.2  1 0.0049 0.0079 0.0072 0.0047 0.0070 0.0028 0.9287 0.0252 0.0077 0.0039 
   H171902.3  1 0.0045 0.0089 0.0050 0.0048 0.0069 0.0040 0.9270 0.0317 0.0041 0.0030 
   H171902.4  1 0.0038 0.0056 0.0074 0.0075 0.0085 0.0026 0.8529 0.1032 0.0041 0.0044 
   H171902.6  1 0.0028 0.0047 0.0049 0.0062 0.0075 0.0037 0.9512 0.0107 0.0055 0.0028 
   H171902.7  1 0.0025 0.0052 0.0049 0.0080 0.0085 0.0028 0.9500 0.0091 0.0043 0.0047 
   H171902.8  1 0.0036 0.0086 0.0061 0.0058 0.0085 0.0037 0.9367 0.0178 0.0061 0.0030 
   H171902.9  1 0.0033 0.0097 0.0057 0.0041 0.0052 0.0032 0.9569 0.0044 0.0037 0.0037 
   H171903.1  1 0.0152 0.0838 0.0075 0.5347 0.0100 0.0112 0.3050 0.0061 0.0074 0.0191 
   H171903.2  1 0.0610 0.1256 0.0138 0.5610 0.0210 0.0356 0.0984 0.0056 0.0088 0.0692 
   H171903.3  1 0.0346 0.0246 0.0046 0.8057 0.0483 0.0214 0.0288 0.0086 0.0083 0.0151 
   H171903.4  1 0.0049 0.0214 0.0103 0.7468 0.0100 0.0054 0.1851 0.0041 0.0056 0.0064 
   H171903.5  1 0.0126 0.0328 0.0059 0.8610 0.0104 0.0053 0.0244 0.0140 0.0087 0.0249 
   H171903.6  1 0.0031 0.0081 0.0049 0.9426 0.0032 0.0049 0.0148 0.0088 0.0052 0.0044 
      H177.1  1 0.0048 0.0165 0.0046 0.8358 0.0701 0.0101 0.0175 0.0184 0.0177 0.0045 
      H177.2  1 0.0043 0.0511 0.2423 0.2820 0.1096 0.0154 0.1113 0.0628 0.1070 0.0142 
      H177.3  1 0.0045 0.0402 0.0411 0.5595 0.1143 0.0278 0.0707 0.0862 0.0462 0.0095 
      H177.4  1 0.0053 0.0032 0.0101 0.7081 0.0201 0.0529 0.0165 0.0225 0.1460 0.0153 
      H177.5  1 0.0061 0.0103 0.0119 0.8637 0.0317 0.0053 0.0073 0.0172 0.0295 0.0170 
      H177.6  1 0.0047 0.0489 0.0235 0.5003 0.1251 0.0125 0.0316 0.1939 0.0511 0.0083 
      H179.1  1 0.0048 0.0043 0.0025 0.0070 0.0031 0.0024 0.0044 0.0038 0.9614 0.0062 
      H179.2  1 0.0030 0.0069 0.0028 0.0081 0.0047 0.0074 0.0061 0.0035 0.9541 0.0035 
      H179.3  1 0.0045 0.0122 0.0058 0.0512 0.0052 0.0052 0.0095 0.0044 0.8958 0.0061 
      H179.4  1 0.0095 0.0054 0.0199 0.0618 0.0402 0.0542 0.0119 0.0164 0.7716 0.0091 
      H180.1  1 0.0101 0.8841 0.0055 0.0055 0.0160 0.0038 0.0114 0.0068 0.0501 0.0067 
      H180.2  1 0.0278 0.8923 0.0076 0.0107 0.0095 0.0065 0.0042 0.0064 0.0315 0.0033 
      H180.3  1 0.0039 0.9033 0.0154 0.0115 0.0118 0.0088 0.0079 0.0127 0.0211 0.0037 
      H180.4  1 0.0191 0.8860 0.0084 0.0069 0.0091 0.0053 0.0070 0.0187 0.0313 0.0083 
      H180.5  1 0.0076 0.8768 0.0147 0.0375 0.0064 0.0051 0.0094 0.0115 0.0245 0.0064 
      H180.6  1 0.0075 0.7892 0.0963 0.0208 0.0049 0.0057 0.0177 0.0348 0.0196 0.0036 
      H181.1  1 0.0919 0.0447 0.0126 0.1147 0.0148 0.0104 0.0473 0.2017 0.4537 0.0080 
      H181.2  1 0.0334 0.0408 0.0442 0.0317 0.0896 0.0081 0.0571 0.0286 0.6515 0.0151 
      H181.3  1 0.1065 0.0311 0.0267 0.0168 0.0175 0.0058 0.0659 0.1718 0.5405 0.0172 
      H181.4  1 0.0393 0.3881 0.0264 0.0795 0.0230 0.0193 0.0334 0.1478 0.2080 0.0352 
      H181.5  1 0.0149 0.0046 0.0038 0.0079 0.0059 0.0043 0.0058 0.0109 0.9363 0.0056 
      H181.6  1 0.0159 0.0447 0.0055 0.0088 0.0209 0.0069 0.0115 0.0111 0.8682 0.0064 
      H181.7  1 0.0217 0.0119 0.0064 0.0212 0.0070 0.0076 0.0111 0.0303 0.8763 0.0065 
 H194.1_2004  1 0.0027 0.0051 0.0091 0.9525 0.0074 0.0043 0.0074 0.0035 0.0032 0.0048 
 H194.2_2004  1 0.0051 0.0074 0.0222 0.9148 0.0064 0.0033 0.0282 0.0047 0.0035 0.0045 
 H194.3_2004  1 0.0044 0.0028 0.0195 0.8526 0.0317 0.0045 0.0066 0.0401 0.0334 0.0046 
 H194.4_2004  1 0.0049 0.0037 0.0810 0.8575 0.0103 0.0051 0.0117 0.0171 0.0052 0.0035 
 H194.5_2004  1 0.0055 0.0044 0.0142 0.8803 0.0340 0.0082 0.0155 0.0197 0.0109 0.0073 
 H194.6_2004  1 0.0041 0.0083 0.0164 0.8833 0.0117 0.0148 0.0132 0.0301 0.0124 0.0056 
 H194.7_2004  1 0.0047 0.0034 0.0080 0.9609 0.0040 0.0029 0.0047 0.0037 0.0033 0.0045 
 H194.8_2004  1 0.0081 0.0067 0.0321 0.8764 0.0238 0.0105 0.0135 0.0161 0.0076 0.0052 
      H194.9  1 0.0061 0.0063 0.0246 0.9218 0.0116 0.0034 0.0129 0.0061 0.0034 0.0037 
 H195.1_2003  1 0.0086 0.0047 0.7210 0.0254 0.1919 0.0058 0.0093 0.0204 0.0072 0.0057 
 H195.1_2004  1 0.0030 0.0029 0.9616 0.0039 0.0081 0.0030 0.0031 0.0078 0.0029 0.0038 
 H195.2_2003  1 0.0135 0.0102 0.7052 0.1215 0.0806 0.0101 0.0321 0.0068 0.0054 0.0147 
 H195.2_2004  1 0.0033 0.0029 0.9682 0.0047 0.0050 0.0030 0.0028 0.0049 0.0028 0.0024 
 H195.3_2003  1 0.0592 0.0994 0.5561 0.1436 0.0778 0.0076 0.0270 0.0054 0.0070 0.0168 
 H195.3_2004  1 0.0028 0.0027 0.9562 0.0051 0.0085 0.0036 0.0052 0.0092 0.0032 0.0035 
 H195.4_2003  1 0.0044 0.0041 0.8900 0.0054 0.0654 0.0044 0.0067 0.0097 0.0055 0.0044 
 H195.4_2004  1 0.0025 0.0027 0.9676 0.0054 0.0033 0.0047 0.0042 0.0035 0.0032 0.0030 
 H195.5_2003  1 0.0090 0.0065 0.7296 0.0184 0.1911 0.0052 0.0069 0.0171 0.0048 0.0113 
 H195.5_2004  1 0.0033 0.0028 0.9662 0.0036 0.0045 0.0058 0.0033 0.0036 0.0034 0.0035 
 H195.6_2003  1 0.0078 0.0133 0.9182 0.0070 0.0142 0.0039 0.0189 0.0055 0.0033 0.0078 
 H195.6_2004  1 0.0033 0.0024 0.9668 0.0041 0.0039 0.0032 0.0055 0.0036 0.0040 0.0033 
 H195.7_2003  1 0.0092 0.0044 0.7171 0.1110 0.1001 0.0098 0.0130 0.0151 0.0085 0.0120 
 H195.7_2004  1 0.0024 0.0037 0.9717 0.0030 0.0039 0.0024 0.0037 0.0035 0.0030 0.0028 
      H195.8  1 0.0032 0.0036 0.9686 0.0043 0.0039 0.0037 0.0031 0.0034 0.0026 0.0038 
      H195.9  1 0.0029 0.0026 0.9612 0.0060 0.0050 0.0047 0.0049 0.0059 0.0038 0.0029 
      H415.1  1 0.0042 0.0225 0.0071 0.0104 0.9184 0.0025 0.0053 0.0180 0.0074 0.0043 
      H415.2  1 0.0041 0.0251 0.0054 0.2257 0.5192 0.0045 0.0757 0.0130 0.0966 0.0306 
      H415.3  1 0.0052 0.0106 0.0082 0.0165 0.8148 0.0046 0.0081 0.0672 0.0501 0.0147 
      H415.4  1 0.0027 0.0099 0.0060 0.0044 0.9484 0.0032 0.0051 0.0118 0.0052 0.0035 
      H415.5  1 0.0042 0.0078 0.0074 0.0136 0.8923 0.0037 0.0072 0.0444 0.0156 0.0036 
      H415.6  1 0.0028 0.0146 0.0062 0.0050 0.9440 0.0039 0.0041 0.0105 0.0054 0.0035 
      H415.7  1 0.0038 0.0105 0.0161 0.2506 0.4839 0.0163 0.0814 0.0524 0.0602 0.0249 
      H506.1  1 0.0031 0.0021 0.0028 0.0028 0.0027 0.0044 0.0032 0.0049 0.9702 0.0038 
      H506.2  1 0.0039 0.0026 0.0123 0.0041 0.0052 0.0039 0.0044 0.0087 0.9503 0.0045 
      H506.3  1 0.0037 0.0036 0.0029 0.0055 0.0045 0.0037 0.0060 0.0048 0.9592 0.0062 
      H506.4  1 0.0032 0.0057 0.0037 0.0070 0.0052 0.0096 0.0070 0.0069 0.9454 0.0064 
      H506.5  1 0.0033 0.0034 0.0065 0.0034 0.0065 0.0108 0.0050 0.0082 0.9468 0.0060 
      H506.6  1 0.0032 0.0074 0.0288 0.0257 0.0199 0.0111 0.0174 0.0067 0.8664 0.0133 
      H506.7  1 0.0031 0.0025 0.0070 0.0030 0.0034 0.0052 0.0047 0.0050 0.9613 0.0048 
      H533.1  1 0.0038 0.0026 0.0039 0.0033 0.0042 0.0036 0.0025 0.0109 0.9627 0.0027 
      H533.2  1 0.0042 0.0026 0.0039 0.0027 0.0042 0.0038 0.0032 0.0093 0.9632 0.0030 
      H533.3  1 0.0036 0.0026 0.0040 0.0044 0.0028 0.0032 0.0043 0.0081 0.9625 0.0042 
      H533.4  1 0.0054 0.0050 0.0370 0.0170 0.0096 0.0092 0.0111 0.0186 0.8831 0.0040 
      H535.1  1 0.0029 0.0031 0.0029 0.0034 0.0031 0.9706 0.0040 0.0038 0.0041 0.0020 
      H535.2  1 0.0029 0.0026 0.0043 0.0029 0.0035 0.9706 0.0026 0.0031 0.0041 0.0035 
      H535.3  1 0.0035 0.0022 0.0037 0.0025 0.0027 0.9737 0.0031 0.0021 0.0035 0.0032 
      H535.4  1 0.0028 0.0023 0.0037 0.0031 0.0043 0.9719 0.0026 0.0038 0.0031 0.0024 
      H535.5  1 0.0029 0.0024 0.0030 0.0033 0.0030 0.9737 0.0031 0.0028 0.0031 0.0026 
      H535.6  1 0.0028 0.0068 0.0040 0.0037 0.0034 0.9619 0.0086 0.0022 0.0038 0.0027 
      H535.7  1 0.0022 0.0022 0.0024 0.0022 0.0025 0.9779 0.0021 0.0033 0.0029 0.0024 
      H535.8  1 0.0031 0.0026 0.0033 0.0033 0.0028 0.9725 0.0033 0.0028 0.0036 0.0027 
      H535.9  1 0.0026 0.0034 0.0031 0.0031 0.0027 0.9736 0.0038 0.0023 0.0031 0.0024 
      H539.1  1 0.0032 0.9669 0.0028 0.0044 0.0036 0.0035 0.0067 0.0032 0.0024 0.0033 
      H539.2  1 0.0068 0.8907 0.0054 0.0425 0.0132 0.0114 0.0147 0.0046 0.0051 0.0058 
      H539.3  1 0.0076 0.9252 0.0077 0.0197 0.0071 0.0115 0.0111 0.0032 0.0031 0.0038 
      H539.4  1 0.0039 0.9655 0.0029 0.0046 0.0054 0.0035 0.0034 0.0034 0.0034 0.0041 
      H539.5  1 0.0031 0.9663 0.0022 0.0056 0.0032 0.0036 0.0081 0.0023 0.0024 0.0031 
      H539.6  1 0.0031 0.9558 0.0045 0.0055 0.0032 0.0032 0.0157 0.0028 0.0032 0.0029 
      H539.7  1 0.0034 0.9681 0.0028 0.0039 0.0042 0.0029 0.0052 0.0033 0.0029 0.0033 
      H539.8  1 0.0086 0.9235 0.0048 0.0173 0.0070 0.0195 0.0067 0.0039 0.0044 0.0042 
      H539.9  1 0.0029 0.9709 0.0023 0.0052 0.0053 0.0021 0.0031 0.0020 0.0028 0.0033 
      H540.1  1 0.0026 0.8863 0.0088 0.0241 0.0062 0.0056 0.0506 0.0070 0.0046 0.0043 
      H540.2  1 0.0044 0.9402 0.0041 0.0171 0.0067 0.0022 0.0115 0.0045 0.0046 0.0048 
      H540.3  1 0.0082 0.8325 0.0096 0.0403 0.0684 0.0050 0.0106 0.0141 0.0060 0.0052 
      H540.4  1 0.0040 0.9474 0.0041 0.0074 0.0053 0.0050 0.0091 0.0041 0.0065 0.0071 
      H540.5  1 0.0037 0.9227 0.0031 0.0261 0.0184 0.0032 0.0070 0.0062 0.0049 0.0047 
      H540.6  1 0.0064 0.8883 0.0048 0.0291 0.0093 0.0049 0.0314 0.0071 0.0087 0.0099 
      H540.7  1 0.0039 0.9053 0.0050 0.0219 0.0073 0.0039 0.0144 0.0205 0.0079 0.0099 
      H540.8  1 0.0041 0.5877 0.0057 0.3415 0.0072 0.0085 0.0299 0.0074 0.0042 0.0038 
     H9558.1  1 0.0123 0.8802 0.0036 0.0069 0.0060 0.0682 0.0122 0.0024 0.0059 0.0024 
     H9558.2  1 0.0357 0.8236 0.0042 0.0137 0.0146 0.0671 0.0141 0.0036 0.0147 0.0088 
     H9558.3  1 0.0808 0.8515 0.0037 0.0108 0.0123 0.0078 0.0085 0.0031 0.0054 0.0160 
     H9558.4  1 0.0087 0.8922 0.0029 0.0116 0.0065 0.0612 0.0067 0.0029 0.0047 0.0026 
     H9558.5  1 0.0050 0.9325 0.0019 0.0058 0.0048 0.0362 0.0031 0.0026 0.0028 0.0054 
     H9558.6  1 0.0318 0.9122 0.0033 0.0082 0.0145 0.0076 0.0069 0.0038 0.0054 0.0062 
    kos339.1  1 0.0048 0.0054 0.0026 0.0044 0.0058 0.0049 0.0091 0.9401 0.0114 0.0114 
    kos339.2  1 0.0038 0.0040 0.0058 0.0040 0.0065 0.0033 0.0046 0.9533 0.0062 0.0085 
    kos339.3  1 0.0028 0.0031 0.0033 0.0040 0.0034 0.0052 0.0037 0.9674 0.0048 0.0024 
    kos339.4  1 0.0034 0.0044 0.0040 0.0039 0.0042 0.0045 0.0050 0.9639 0.0039 0.0028 
    kos339.5  1 0.0043 0.0038 0.0033 0.0041 0.0035 0.0030 0.0051 0.9564 0.0110 0.0056 
    kos339.6  1 0.0029 0.0030 0.0048 0.0039 0.0051 0.0025 0.0039 0.9641 0.0044 0.0055 
    kos339.7  1 0.0026 0.0035 0.0037 0.0038 0.0059 0.0107 0.0031 0.9584 0.0060 0.0024 
    kos339.8  1 0.0037 0.0032 0.0035 0.0038 0.0055 0.0039 0.0045 0.9554 0.0110 0.0054 
    kos339.9  1 0.0046 0.0162 0.0085 0.0080 0.0117 0.0036 0.0147 0.9175 0.0087 0.0064 
      H409.1 12 0.0046 0.0027 0.0069 0.0089 0.0112 0.0029 0.0027 0.0081 0.9403 0.0116 
     H409.10 12 0.0041 0.0067 0.0091 0.0044 0.0134 0.0052 0.0055 0.0041 0.9398 0.0078 
      H409.2 12 0.0052 0.0052 0.0052 0.0085 0.0835 0.0064 0.0043 0.0097 0.8674 0.0045 
      H409.3 12 0.0121 0.0096 0.0083 0.0160 0.0121 0.0041 0.0057 0.0088 0.9138 0.0095 
      H409.4 12 0.0146 0.0097 0.0063 0.0132 0.0218 0.0040 0.0050 0.0058 0.9127 0.0068 
      H409.5 12 0.0082 0.0067 0.0057 0.0097 0.0206 0.0082 0.0088 0.0034 0.9239 0.0048 
      H409.6 12 0.2758 0.0121 0.0051 0.0162 0.0119 0.0112 0.0094 0.0045 0.6404 0.0134 
      H409.7 12 0.0172 0.0057 0.0117 0.0196 0.0278 0.0027 0.0048 0.0109 0.8641 0.0357 
      H409.8 12 0.0073 0.0042 0.0045 0.0062 0.0045 0.0036 0.0067 0.0044 0.9423 0.0163 
      H409.9 12 0.0129 0.3178 0.0040 0.0066 0.0178 0.0098 0.0081 0.0035 0.5909 0.0286 
      H413.1 12 0.9553 0.0065 0.0034 0.0050 0.0052 0.0044 0.0033 0.0051 0.0028 0.0090 
      H413.2 12 0.9624 0.0057 0.0034 0.0036 0.0029 0.0050 0.0040 0.0053 0.0037 0.0038 
      H413.3 12 0.9565 0.0064 0.0029 0.0051 0.0033 0.0026 0.0040 0.0023 0.0062 0.0109 
      H413.4 12 0.9327 0.0065 0.0050 0.0024 0.0066 0.0028 0.0061 0.0076 0.0082 0.0221 
      H413.5 12 0.8659 0.0933 0.0037 0.0054 0.0042 0.0021 0.0129 0.0026 0.0047 0.0053 
      H413.6 12 0.8834 0.0624 0.0048 0.0133 0.0103 0.0033 0.0035 0.0060 0.0031 0.0100 
      H413.7 12 0.9513 0.0083 0.0037 0.0057 0.0075 0.0044 0.0043 0.0046 0.0045 0.0057 
      H563.1 12 0.0063 0.0063 0.0026 0.0038 0.0041 0.0023 0.0028 0.0025 0.0043 0.9649 
      H563.2 12 0.0063 0.0054 0.0034 0.0071 0.0114 0.0037 0.0073 0.0100 0.0076 0.9379 
      H563.3 12 0.0031 0.0052 0.0028 0.0032 0.0048 0.0025 0.0053 0.0026 0.0030 0.9674 
      H563.4 12 0.0190 0.0047 0.0029 0.0065 0.0047 0.0026 0.0040 0.0069 0.0059 0.9428 
      H563.5 12 0.0057 0.0075 0.0031 0.0038 0.0051 0.0019 0.0034 0.0025 0.0030 0.9640 
      H563.6 12 0.0088 0.0054 0.0034 0.0038 0.0071 0.0032 0.0042 0.0116 0.0047 0.9478 
      H563.7 12 0.0094 0.0029 0.0027 0.0032 0.0075 0.0022 0.0038 0.0101 0.0057 0.9525 
      H563.8 12 0.0059 0.0091 0.0029 0.0061 0.0052 0.0022 0.0041 0.0042 0.0041 0.9562 
      H563.9 12 0.0090 0.0056 0.0040 0.0058 0.0070 0.0020 0.0046 0.0110 0.0080 0.9430 
     H7374.1 12 0.0121 0.0036 0.0066 0.0055 0.9493 0.0053 0.0042 0.0053 0.0032 0.0047 
     H7374.2 12 0.0119 0.0045 0.0044 0.0103 0.9444 0.0045 0.0048 0.0027 0.0045 0.0080 
     H7374.3 12 0.0081 0.0042 0.0110 0.0067 0.9453 0.0036 0.0051 0.0033 0.0057 0.0072 
     H7374.4 12 0.0042 0.0058 0.0031 0.0047 0.9493 0.0080 0.0044 0.0090 0.0054 0.0061 
     H7374.5 12 0.0109 0.0104 0.0043 0.0037 0.9421 0.0033 0.0062 0.0061 0.0051 0.0081 
     H7374.6 12 0.0031 0.0053 0.0126 0.0061 0.9392 0.0106 0.0048 0.0057 0.0052 0.0074 
     H7374.7 12 0.0067 0.0029 0.0055 0.0066 0.9524 0.0067 0.0031 0.0064 0.0048 0.0049 
     H7374.8 12 0.0037 0.0029 0.0079 0.0044 0.9543 0.0042 0.0044 0.0057 0.0037 0.0088 
     H7374.9 12 0.0060 0.0077 0.0057 0.0050 0.9505 0.0032 0.0058 0.0064 0.0040 0.0058 
     H9563.1 12 0.0043 0.0051 0.0035 0.0052 0.0038 0.0032 0.0045 0.0035 0.0047 0.9622 
     H9563.2 12 0.0046 0.0056 0.0039 0.0051 0.0040 0.0033 0.0037 0.0037 0.0032 0.9629 
     H9563.3 12 0.0046 0.0024 0.0059 0.0047 0.0053 0.0045 0.0035 0.0041 0.0057 0.9594 
     H9563.4 12 0.0068 0.0121 0.0065 0.0149 0.0101 0.0187 0.0060 0.0107 0.0108 0.9035 
     H9563.5 12 0.0061 0.0085 0.0049 0.0117 0.0037 0.0053 0.0052 0.0086 0.0087 0.9371 
     H9563.6 12 0.0077 0.0033 0.0047 0.0047 0.0054 0.0048 0.0032 0.0027 0.0057 0.9577 
     H9563.7 12 0.0054 0.0030 0.0036 0.0039 0.0038 0.0075 0.0042 0.0021 0.0040 0.9624 
     H9563.8 12 0.0072 0.0161 0.0067 0.0224 0.0064 0.0066 0.0068 0.0164 0.0167 0.8949 
     H9563.9 12 0.0101 0.0089 0.0040 0.0073 0.0073 0.0033 0.0038 0.0048 0.0058 0.9446 
     H9572.1 12 0.0527 0.1755 0.0179 0.0184 0.0205 0.0262 0.1966 0.0114 0.1179 0.3629 
     H9572.2 12 0.0649 0.0370 0.1093 0.0324 0.0613 0.0051 0.2429 0.0094 0.0171 0.4205 
     H9572.3 12 0.0937 0.0204 0.0086 0.0123 0.1126 0.0271 0.5550 0.0919 0.0343 0.0440 
     H9572.4 12 0.1272 0.0262 0.0412 0.0326 0.0250 0.0354 0.3096 0.1254 0.0428 0.2347 
     H9572.5 12 0.0851 0.0711 0.0296 0.0613 0.0056 0.0157 0.3599 0.1660 0.0519 0.1538 
