      H105.1  1 0.9243 0.0047 0.0058 0.0155 0.0039 0.0028 0.0043 0.0089 0.0074 0.0063 0.0035 0.0031 0.0039 0.0056 
      H105.2  1 0.9087 0.0021 0.0078 0.0126 0.0083 0.0070 0.0037 0.0052 0.0103 0.0050 0.0039 0.0134 0.0085 0.0036 
      H105.3  1 0.9400 0.0053 0.0038 0.0049 0.0055 0.0027 0.0031 0.0114 0.0054 0.0054 0.0033 0.0038 0.0026 0.0028 
      H105.4  1 0.8831 0.0054 0.0098 0.0246 0.0074 0.0030 0.0055 0.0116 0.0099 0.0058 0.0071 0.0135 0.0099 0.0034 
      H105.5  1 0.8112 0.0045 0.0143 0.0800 0.0064 0.0037 0.0134 0.0058 0.0077 0.0175 0.0044 0.0143 0.0122 0.0045 
      H105.6  1 0.9242 0.0070 0.0056 0.0056 0.0075 0.0037 0.0062 0.0036 0.0044 0.0066 0.0064 0.0090 0.0058 0.0045 
      H105.7  1 0.9058 0.0033 0.0098 0.0132 0.0055 0.0042 0.0034 0.0234 0.0099 0.0033 0.0037 0.0055 0.0049 0.0042 
      H105.8  1 0.9419 0.0032 0.0027 0.0034 0.0033 0.0027 0.0032 0.0069 0.0109 0.0045 0.0037 0.0057 0.0048 0.0031 
      H115.1  1 0.0112 0.0040 0.0065 0.0073 0.0037 0.0071 0.0153 0.0099 0.0068 0.0060 0.0029 0.8998 0.0096 0.0098 
      H115.2  1 0.0046 0.0024 0.0080 0.0059 0.0052 0.0069 0.0475 0.0051 0.0046 0.0040 0.0026 0.8941 0.0045 0.0044 
      H115.3  1 0.0038 0.0033 0.0042 0.0062 0.0048 0.0066 0.0154 0.0069 0.0030 0.0038 0.0044 0.9277 0.0033 0.0068 
      H115.4  1 0.0051 0.0054 0.0060 0.0090 0.0085 0.0079 0.0048 0.0050 0.0347 0.0026 0.0058 0.8863 0.0056 0.0133 
      H115.5  1 0.0169 0.0104 0.0067 0.0100 0.0133 0.0068 0.0240 0.0043 0.0046 0.0035 0.0092 0.8512 0.0053 0.0337 
      H115.6  1 0.0047 0.0051 0.0068 0.0087 0.0173 0.0528 0.0177 0.0102 0.0042 0.0083 0.0031 0.8405 0.0045 0.0162 
      H115.7  1 0.0155 0.0073 0.0047 0.0208 0.0072 0.0120 0.0097 0.0129 0.0044 0.0074 0.0038 0.8675 0.0172 0.0097 
      H115.8  1 0.0053 0.0039 0.0042 0.0048 0.0033 0.0075 0.0151 0.0053 0.0037 0.0037 0.0017 0.9252 0.0040 0.0122 
      H115.9  1 0.0101 0.0039 0.0053 0.0098 0.0037 0.0059 0.0714 0.0109 0.0095 0.0026 0.0033 0.8443 0.0115 0.0078 
      H145.1  1 0.0034 0.8905 0.0147 0.0160 0.0085 0.0174 0.0104 0.0066 0.0035 0.0073 0.0041 0.0058 0.0059 0.0060 
      H145.2  1 0.0028 0.9269 0.0052 0.0079 0.0100 0.0098 0.0047 0.0042 0.0046 0.0058 0.0048 0.0042 0.0027 0.0063 
      H145.3  1 0.0023 0.9505 0.0026 0.0032 0.0025 0.0174 0.0027 0.0023 0.0020 0.0030 0.0028 0.0033 0.0023 0.0029 
      H145.4  1 0.0031 0.9310 0.0056 0.0098 0.0050 0.0046 0.0055 0.0095 0.0035 0.0055 0.0025 0.0039 0.0059 0.0045 
      H145.5  1 0.0024 0.9380 0.0038 0.0035 0.0024 0.0271 0.0029 0.0025 0.0021 0.0052 0.0021 0.0029 0.0024 0.0026 
      H145.6  1 0.0026 0.9458 0.0048 0.0050 0.0059 0.0054 0.0032 0.0059 0.0035 0.0038 0.0044 0.0027 0.0026 0.0044 
      H145.7  1 0.0026 0.9571 0.0039 0.0034 0.0040 0.0034 0.0021 0.0034 0.0029 0.0033 0.0027 0.0033 0.0032 0.0048 
      H149.1  1 0.0026 0.0037 0.0053 0.0027 0.0041 0.0043 0.0026 0.0027 0.0026 0.0039 0.0028 0.0034 0.0034 0.9559 
      H149.2  1 0.0032 0.0071 0.0062 0.0052 0.0036 0.0075 0.0030 0.0055 0.0029 0.0032 0.0033 0.0034 0.0047 0.9410 
      H149.3  1 0.0084 0.0317 0.0369 0.0355 0.0065 0.0167 0.0042 0.0636 0.0153 0.0052 0.0113 0.0227 0.0247 0.7173 
      H149.4  1 0.0052 0.0024 0.0047 0.0026 0.0032 0.0050 0.0035 0.0062 0.0121 0.0025 0.0029 0.0032 0.0037 0.9428 
      H149.5  1 0.0088 0.0150 0.0087 0.0287 0.0076 0.0044 0.0023 0.0538 0.0193 0.0049 0.0104 0.0041 0.0116 0.8203 
      H149.6  1 0.0034 0.0066 0.0056 0.0042 0.0038 0.0033 0.0020 0.0088 0.0032 0.0030 0.0032 0.0028 0.0054 0.9448 
      H149.7  1 0.0109 0.0063 0.0481 0.0175 0.0162 0.0096 0.0034 0.0406 0.0414 0.0093 0.0056 0.0103 0.0631 0.7177 
      H150.1  1 0.0052 0.0047 0.0038 0.0077 0.0059 0.0069 0.2519 0.0050 0.0021 0.0035 0.0024 0.6945 0.0043 0.0021 
      H150.2  1 0.0048 0.0024 0.0051 0.0051 0.0086 0.0067 0.0850 0.0048 0.0036 0.0044 0.0026 0.8538 0.0062 0.0069 
      H150.3  1 0.0121 0.0068 0.0052 0.0097 0.0069 0.0288 0.6150 0.0077 0.0033 0.0083 0.0025 0.2737 0.0145 0.0056 
      H150.4  1 0.0056 0.0065 0.0041 0.0061 0.0049 0.0063 0.7873 0.0049 0.0024 0.0062 0.0015 0.1543 0.0064 0.0035 
      H150.5  1 0.0054 0.0051 0.0048 0.0110 0.0078 0.0058 0.0473 0.0152 0.0038 0.0053 0.0028 0.8740 0.0064 0.0054 
      H150.6  1 0.0035 0.0080 0.0053 0.0049 0.0056 0.0056 0.0106 0.0038 0.0064 0.0138 0.0043 0.9173 0.0072 0.0037 
      H150.7  1 0.0105 0.0049 0.0054 0.0056 0.0049 0.0243 0.6159 0.0041 0.0040 0.0037 0.0022 0.3054 0.0038 0.0054 
   H169607.1  1 0.0039 0.0097 0.0048 0.8982 0.0124 0.0165 0.0127 0.0042 0.0098 0.0087 0.0027 0.0089 0.0039 0.0036 
   H169607.2  1 0.0050 0.0034 0.0044 0.9445 0.0056 0.0049 0.0067 0.0041 0.0026 0.0051 0.0034 0.0041 0.0034 0.0029 
   H169607.3  1 0.0037 0.0070 0.0045 0.9347 0.0055 0.0096 0.0040 0.0034 0.0078 0.0036 0.0031 0.0054 0.0045 0.0032 
   H169607.4  1 0.0026 0.0057 0.0047 0.9329 0.0056 0.0115 0.0080 0.0035 0.0027 0.0104 0.0038 0.0031 0.0032 0.0024 
   H169607.5  1 0.0032 0.0037 0.0043 0.9559 0.0023 0.0033 0.0058 0.0040 0.0025 0.0030 0.0030 0.0037 0.0025 0.0028 
   H169607.6  1 0.0047 0.0028 0.0038 0.9492 0.0045 0.0063 0.0061 0.0034 0.0034 0.0040 0.0035 0.0031 0.0025 0.0026 
   H169607.7  1 0.0043 0.0056 0.0056 0.9301 0.0040 0.0045 0.0059 0.0031 0.0138 0.0036 0.0029 0.0100 0.0037 0.0029 
   H169607.8  1 0.0036 0.0048 0.0051 0.9468 0.0033 0.0046 0.0052 0.0037 0.0024 0.0075 0.0035 0.0037 0.0033 0.0025 
   H169633.1  1 0.0073 0.0194 0.0058 0.0037 0.0189 0.0046 0.0060 0.0087 0.0035 0.0059 0.0050 0.0054 0.0184 0.8874 
   H169633.2  1 0.0111 0.0148 0.0046 0.0025 0.1592 0.0030 0.0028 0.0059 0.0097 0.0055 0.0056 0.0075 0.0185 0.7494 
   H169633.3  1 0.0059 0.0056 0.0232 0.0053 0.0075 0.0036 0.0083 0.0094 0.0062 0.0037 0.0093 0.0067 0.0082 0.8970 
   H169633.4  1 0.0077 0.0085 0.0115 0.0078 0.0060 0.0045 0.0072 0.0077 0.0056 0.0065 0.0070 0.0070 0.0037 0.9092 
   H169633.5  1 0.0076 0.0084 0.0145 0.0065 0.0045 0.0044 0.0080 0.0077 0.0048 0.0091 0.0078 0.0063 0.0033 0.9071 
   H169688.1  1 0.0117 0.0055 0.0159 0.0306 0.0061 0.0345 0.0102 0.0056 0.0130 0.0129 0.0084 0.0040 0.8370 0.0047 
   H169688.2  1 0.0101 0.0032 0.0065 0.0081 0.0065 0.0043 0.0047 0.0037 0.0076 0.0060 0.0031 0.0048 0.9285 0.0030 
   H169688.3  1 0.0043 0.0036 0.0029 0.0043 0.0045 0.0029 0.0048 0.0038 0.0028 0.0035 0.0018 0.0039 0.9532 0.0038 
   H169688.4  1 0.0025 0.0041 0.0044 0.0051 0.0034 0.0033 0.0139 0.0028 0.0037 0.0032 0.0028 0.0085 0.9389 0.0034 
   H169688.5  1 0.0033 0.0031 0.0033 0.0034 0.0039 0.0029 0.0143 0.0029 0.0029 0.0029 0.0024 0.0104 0.9411 0.0031 
   H169688.6  1 0.0074 0.0031 0.0059 0.0059 0.0036 0.0031 0.0077 0.0034 0.0845 0.0044 0.0054 0.0049 0.8531 0.0076 
   H169688.7  1 0.0039 0.0121 0.0062 0.0040 0.0055 0.0152 0.0074 0.0033 0.0034 0.0038 0.0018 0.0181 0.9120 0.0034 
   H171901.1  1 0.1793 0.0403 0.1014 0.3362 0.0279 0.0088 0.0264 0.0347 0.0128 0.0065 0.0028 0.2032 0.0114 0.0083 
   H171901.2  1 0.0281 0.0073 0.0507 0.0293 0.0179 0.0067 0.0226 0.0051 0.0030 0.0311 0.0043 0.0145 0.0048 0.7748 
   H171901.3  1 0.0169 0.0053 0.0267 0.0818 0.0317 0.0064 0.0260 0.0111 0.0097 0.0188 0.0072 0.0377 0.0169 0.7039 
   H171901.4  1 0.0300 0.0042 0.0112 0.0316 0.0472 0.0074 0.0102 0.0045 0.0073 0.0169 0.0039 0.0283 0.0071 0.7903 
   H171901.5  1 0.0083 0.0062 0.0185 0.0219 0.1722 0.0080 0.0152 0.0056 0.0141 0.0353 0.0053 0.0624 0.0090 0.6181 
   H171901.6  1 0.0141 0.0085 0.0628 0.0247 0.3252 0.0236 0.0284 0.0057 0.0227 0.0132 0.0093 0.0732 0.0202 0.3683 
   H171901.7  1 0.0068 0.0073 0.4328 0.0495 0.0445 0.0045 0.0196 0.0049 0.0169 0.0065 0.0117 0.0253 0.0157 0.3539 
   H171902.1  1 0.0027 0.0041 0.0039 0.0042 0.0073 0.9529 0.0035 0.0024 0.0040 0.0026 0.0028 0.0031 0.0028 0.0039 
  H171902.10  1 0.0019 0.0032 0.0045 0.0030 0.0025 0.9565 0.0024 0.0034 0.0045 0.0035 0.0026 0.0050 0.0028 0.0040 
   H171902.2  1 0.0030 0.0027 0.0031 0.0057 0.0105 0.9367 0.0037 0.0040 0.0065 0.0031 0.0021 0.0035 0.0035 0.0118 
   H171902.3  1 0.0033 0.0025 0.0037 0.0044 0.0099 0.9393 0.0042 0.0019 0.0038 0.0032 0.0034 0.0060 0.0040 0.0105 
   H171902.4  1 0.0023 0.0043 0.0039 0.0027 0.0031 0.9523 0.0028 0.0032 0.0027 0.0029 0.0020 0.0034 0.0025 0.0121 
   H171902.6  1 0.0023 0.0029 0.0037 0.0024 0.0028 0.9612 0.0033 0.0026 0.0032 0.0035 0.0024 0.0034 0.0027 0.0037 
   H171902.7  1 0.0044 0.0044 0.0122 0.0349 0.0028 0.9025 0.0029 0.0034 0.0032 0.0056 0.0024 0.0081 0.0049 0.0083 
   H171902.8  1 0.0026 0.0033 0.0038 0.0047 0.0043 0.9512 0.0059 0.0027 0.0028 0.0031 0.0031 0.0043 0.0024 0.0058 
   H171902.9  1 0.0028 0.0044 0.0028 0.0047 0.0033 0.9555 0.0063 0.0034 0.0026 0.0029 0.0026 0.0038 0.0024 0.0024 
   H171903.1  1 0.0037 0.0033 0.0081 0.9304 0.0063 0.0033 0.0071 0.0044 0.0033 0.0035 0.0042 0.0143 0.0046 0.0035 
   H171903.2  1 0.0073 0.0063 0.0083 0.9023 0.0072 0.0034 0.0145 0.0074 0.0057 0.0068 0.0078 0.0128 0.0075 0.0028 
   H171903.3  1 0.0242 0.0048 0.0354 0.7992 0.0177 0.0038 0.0163 0.0061 0.0041 0.0242 0.0295 0.0104 0.0198 0.0044 
   H171903.4  1 0.0037 0.0061 0.0237 0.8850 0.0063 0.0184 0.0081 0.0051 0.0036 0.0090 0.0029 0.0108 0.0136 0.0036 
   H171903.5  1 0.0084 0.0051 0.0128 0.8381 0.0113 0.0049 0.0172 0.0077 0.0063 0.0047 0.0050 0.0164 0.0480 0.0141 
   H171903.6  1 0.0023 0.0034 0.0144 0.8948 0.0030 0.0052 0.0065 0.0028 0.0052 0.0030 0.0049 0.0126 0.0332 0.0086 
      H177.1  1 0.0053 0.0039 0.8786 0.0095 0.0040 0.0047 0.0124 0.0049 0.0150 0.0209 0.0077 0.0137 0.0100 0.0094 
      H177.2  1 0.0043 0.2189 0.4080 0.0672 0.0065 0.0065 0.0233 0.0144 0.0700 0.0684 0.0082 0.0250 0.0192 0.0603 
      H177.3  1 0.0032 0.0475 0.7805 0.0411 0.0052 0.0076 0.0120 0.0089 0.0256 0.0129 0.0082 0.0153 0.0067 0.0253 
      H177.4  1 0.0040 0.0077 0.8038 0.0089 0.0071 0.0055 0.0037 0.0092 0.1036 0.0053 0.0253 0.0044 0.0044 0.0071 
      H177.5  1 0.0045 0.0087 0.8282 0.0100 0.0139 0.0052 0.0113 0.0134 0.0308 0.0199 0.0050 0.0159 0.0260 0.0073 
      H177.6  1 0.0030 0.0147 0.8166 0.0183 0.0069 0.0104 0.0098 0.0049 0.0227 0.0162 0.0057 0.0130 0.0060 0.0518 
      H179.1  1 0.0104 0.0023 0.0107 0.0063 0.0075 0.0044 0.0090 0.0081 0.8860 0.0052 0.0034 0.0098 0.0340 0.0030 
      H179.2  1 0.0052 0.0022 0.0053 0.0080 0.0159 0.0068 0.0049 0.0039 0.8635 0.0087 0.0183 0.0147 0.0379 0.0047 
      H179.3  1 0.0077 0.0036 0.0229 0.0257 0.0112 0.0043 0.0178 0.0082 0.8222 0.0066 0.0052 0.0154 0.0451 0.0042 
      H179.4  1 0.0080 0.0057 0.0325 0.0188 0.0758 0.0049 0.0049 0.0067 0.6967 0.0308 0.0571 0.0060 0.0332 0.0188 
      H180.1  1 0.0053 0.0025 0.0050 0.0051 0.0051 0.0066 0.0051 0.0037 0.0246 0.0030 0.0026 0.9237 0.0049 0.0028 
      H180.2  1 0.0036 0.0027 0.0054 0.0029 0.0035 0.0028 0.0028 0.0023 0.0044 0.0026 0.0030 0.9544 0.0063 0.0033 
      H180.3  1 0.0038 0.0057 0.0050 0.0061 0.0087 0.0046 0.0078 0.0026 0.0036 0.0022 0.0041 0.9312 0.0099 0.0047 
      H180.4  1 0.0053 0.0030 0.0050 0.0041 0.0044 0.0048 0.0040 0.0028 0.0089 0.0031 0.0033 0.9434 0.0032 0.0048 
      H180.5  1 0.0027 0.0035 0.0071 0.0030 0.0036 0.0048 0.0028 0.0028 0.0085 0.0028 0.0031 0.9471 0.0034 0.0048 
      H180.6  1 0.0047 0.0159 0.0077 0.0084 0.0088 0.0060 0.0074 0.0031 0.0068 0.0021 0.0042 0.9122 0.0036 0.0091 
      H181.1  1 0.0674 0.0158 0.2953 0.0395 0.0088 0.0245 0.0112 0.0061 0.3174 0.0063 0.0067 0.0433 0.0139 0.1438 
      H181.2  1 0.0139 0.0195 0.2711 0.0086 0.0767 0.0274 0.0083 0.0101 0.4766 0.0212 0.0052 0.0419 0.0062 0.0132 
      H181.3  1 0.0572 0.0119 0.2442 0.0082 0.0206 0.0543 0.0110 0.0090 0.4522 0.0107 0.0038 0.0277 0.0100 0.0793 
      H181.4  1 0.0379 0.0158 0.3090 0.0329 0.0165 0.0086 0.1503 0.0213 0.1024 0.0212 0.0106 0.0968 0.0359 0.1407 
      H181.5  1 0.0290 0.0035 0.1628 0.0057 0.0067 0.0083 0.0051 0.0087 0.7241 0.0063 0.0059 0.0049 0.0166 0.0125 
      H181.6  1 0.0177 0.0028 0.1147 0.0099 0.0415 0.0062 0.0138 0.0078 0.7164 0.0046 0.0092 0.0445 0.0053 0.0057 
      H181.7  1 0.0153 0.0037 0.1779 0.0114 0.0071 0.0042 0.0118 0.0062 0.7108 0.0043 0.0075 0.0059 0.0189 0.0151 
 H194.1_2004  1 0.0029 0.0059 0.5346 0.4073 0.0086 0.0055 0.0065 0.0044 0.0027 0.0036 0.0040 0.0048 0.0055 0.0036 
 H194.2_2004  1 0.0044 0.0107 0.5496 0.3895 0.0078 0.0058 0.0059 0.0032 0.0032 0.0057 0.0023 0.0034 0.0035 0.0050 
 H194.3_2004  1 0.0048 0.0344 0.5697 0.1616 0.0512 0.0073 0.0051 0.0040 0.0149 0.0214 0.0048 0.0029 0.0593 0.0587 
 H194.4_2004  1 0.0064 0.0378 0.8017 0.0864 0.0145 0.0110 0.0047 0.0029 0.0055 0.0079 0.0041 0.0036 0.0044 0.0092 
 H194.5_2004  1 0.0068 0.0092 0.5310 0.3064 0.0327 0.0074 0.0052 0.0065 0.0083 0.0263 0.0075 0.0034 0.0281 0.0211 
 H194.6_2004  1 0.0056 0.0069 0.8021 0.0489 0.0178 0.0131 0.0117 0.0051 0.0065 0.0110 0.0173 0.0039 0.0284 0.0218 
 H194.7_2004  1 0.0049 0.0071 0.5540 0.3955 0.0052 0.0028 0.0046 0.0049 0.0022 0.0034 0.0025 0.0033 0.0056 0.0040 
 H194.8_2004  1 0.0085 0.0144 0.7117 0.1608 0.0316 0.0082 0.0112 0.0047 0.0051 0.0163 0.0069 0.0032 0.0061 0.0113 
      H194.9  1 0.0056 0.0140 0.5596 0.3577 0.0186 0.0071 0.0055 0.0045 0.0037 0.0049 0.0033 0.0036 0.0038 0.0079 
 H195.1_2003  1 0.0030 0.0045 0.0035 0.0030 0.9604 0.0029 0.0025 0.0024 0.0023 0.0037 0.0032 0.0025 0.0022 0.0039 
 H195.1_2004  1 0.0027 0.9453 0.0049 0.0029 0.0061 0.0038 0.0027 0.0041 0.0033 0.0091 0.0030 0.0037 0.0038 0.0044 
 H195.2_2003  1 0.0077 0.0339 0.0127 0.0117 0.8412 0.0116 0.0168 0.0071 0.0046 0.0160 0.0049 0.0063 0.0216 0.0039 
 H195.2_2004  1 0.0028 0.9200 0.0059 0.0031 0.0300 0.0031 0.0028 0.0032 0.0029 0.0044 0.0030 0.0044 0.0061 0.0083 
 H195.3_2003  1 0.0284 0.0339 0.0138 0.0384 0.7109 0.0045 0.0997 0.0100 0.0045 0.0114 0.0045 0.0079 0.0288 0.0032 
 H195.3_2004  1 0.0032 0.8673 0.0101 0.0031 0.0670 0.0065 0.0025 0.0038 0.0045 0.0069 0.0050 0.0028 0.0040 0.0133 
 H195.4_2003  1 0.0032 0.0441 0.0055 0.0026 0.9096 0.0030 0.0028 0.0050 0.0030 0.0040 0.0053 0.0021 0.0030 0.0067 
 H195.4_2004  1 0.0025 0.9503 0.0057 0.0040 0.0066 0.0037 0.0025 0.0024 0.0035 0.0034 0.0043 0.0025 0.0043 0.0045 
 H195.5_2003  1 0.0058 0.0060 0.0046 0.0037 0.9309 0.0030 0.0035 0.0052 0.0022 0.0155 0.0044 0.0063 0.0027 0.0062 
 H195.5_2004  1 0.0041 0.9533 0.0043 0.0024 0.0039 0.0031 0.0031 0.0027 0.0033 0.0044 0.0037 0.0036 0.0031 0.0049 
 H195.6_2003  1 0.0066 0.3358 0.0075 0.0164 0.5600 0.0069 0.0228 0.0073 0.0038 0.0077 0.0064 0.0074 0.0082 0.0032 
 H195.6_2004  1 0.0047 0.9408 0.0042 0.0048 0.0128 0.0037 0.0023 0.0031 0.0032 0.0062 0.0041 0.0022 0.0045 0.0034 
 H195.7_2003  1 0.0046 0.0698 0.0061 0.0076 0.8493 0.0026 0.0030 0.0059 0.0043 0.0057 0.0070 0.0027 0.0274 0.0039 
 H195.7_2004  1 0.0023 0.9576 0.0030 0.0030 0.0042 0.0026 0.0038 0.0028 0.0023 0.0052 0.0028 0.0047 0.0035 0.0022 
      H195.8  1 0.0025 0.9620 0.0033 0.0034 0.0025 0.0028 0.0030 0.0027 0.0028 0.0034 0.0028 0.0033 0.0025 0.0030 
      H195.9  1 0.0029 0.9258 0.0117 0.0053 0.0138 0.0042 0.0026 0.0030 0.0034 0.0054 0.0062 0.0036 0.0049 0.0072 
      H415.1  1 0.0086 0.0110 0.0167 0.0099 0.7836 0.0108 0.0515 0.0093 0.0061 0.0182 0.0022 0.0314 0.0156 0.0252 
      H415.2  1 0.0073 0.0054 0.1023 0.0321 0.1004 0.4161 0.0356 0.1094 0.0299 0.0259 0.0028 0.0227 0.0927 0.0173 
      H415.3  1 0.0035 0.0043 0.0206 0.0046 0.7999 0.0068 0.0053 0.0164 0.0890 0.0076 0.0038 0.0110 0.0090 0.0184 
      H415.4  1 0.0042 0.0065 0.0059 0.0058 0.9202 0.0072 0.0071 0.0048 0.0026 0.0070 0.0034 0.0119 0.0064 0.0071 
      H415.5  1 0.0035 0.0053 0.0088 0.0039 0.9024 0.0213 0.0037 0.0039 0.0076 0.0065 0.0043 0.0061 0.0082 0.0145 
      H415.6  1 0.0041 0.0072 0.0061 0.0041 0.9169 0.0084 0.0092 0.0047 0.0027 0.0096 0.0026 0.0112 0.0055 0.0076 
      H415.7  1 0.0053 0.0093 0.0871 0.0386 0.4426 0.1607 0.0127 0.0345 0.0764 0.0343 0.0161 0.0068 0.0152 0.0602 
      H506.1  1 0.0034 0.0034 0.0035 0.0023 0.0029 0.0023 0.0018 0.0041 0.9608 0.0024 0.0033 0.0023 0.0039 0.0039 
      H506.2  1 0.0028 0.0097 0.0047 0.0024 0.0040 0.0025 0.0016 0.0026 0.9527 0.0037 0.0033 0.0028 0.0025 0.0048 
      H506.3  1 0.0031 0.0048 0.0089 0.0056 0.0043 0.0027 0.0028 0.0046 0.9331 0.0045 0.0035 0.0061 0.0118 0.0040 
      H506.4  1 0.0023 0.0031 0.0065 0.0056 0.0050 0.0065 0.0046 0.0044 0.9299 0.0034 0.0115 0.0073 0.0046 0.0054 
      H506.5  1 0.0032 0.0048 0.0034 0.0038 0.0067 0.0047 0.0026 0.0039 0.9470 0.0029 0.0066 0.0028 0.0031 0.0045 
      H506.6  1 0.0034 0.0218 0.0155 0.0200 0.0093 0.0044 0.0062 0.0077 0.8790 0.0128 0.0063 0.0050 0.0047 0.0040 
      H506.7  1 0.0032 0.0041 0.0037 0.0027 0.0040 0.0030 0.0018 0.0039 0.9557 0.0037 0.0030 0.0023 0.0038 0.0051 
      H533.1  1 0.0043 0.0038 0.0029 0.0023 0.0028 0.0020 0.0020 0.0023 0.9552 0.0027 0.0042 0.0043 0.0041 0.0071 
      H533.2  1 0.0045 0.0034 0.0039 0.0026 0.0026 0.0024 0.0020 0.0028 0.9547 0.0024 0.0035 0.0044 0.0035 0.0074 
      H533.3  1 0.0033 0.0037 0.0041 0.0078 0.0023 0.0023 0.0029 0.0032 0.9516 0.0021 0.0024 0.0028 0.0040 0.0075 
      H533.4  1 0.0036 0.0180 0.0071 0.0139 0.0115 0.0033 0.0038 0.0020 0.9044 0.0043 0.0090 0.0045 0.0036 0.0110 
      H535.1  1 0.0027 0.0026 0.0030 0.0034 0.0032 0.0047 0.0036 0.0021 0.0044 0.0029 0.9583 0.0028 0.0030 0.0034 
      H535.2  1 0.0028 0.0029 0.0033 0.0027 0.0025 0.0024 0.0020 0.0034 0.0034 0.0036 0.9632 0.0021 0.0027 0.0030 
      H535.3  1 0.0029 0.0029 0.0029 0.0024 0.0023 0.0025 0.0020 0.0028 0.0037 0.0025 0.9652 0.0024 0.0029 0.0025 
      H535.4  1 0.0027 0.0032 0.0032 0.0022 0.0036 0.0027 0.0024 0.0028 0.0029 0.0026 0.9625 0.0025 0.0026 0.0042 
      H535.5  1 0.0029 0.0023 0.0029 0.0032 0.0031 0.0020 0.0023 0.0021 0.0033 0.0023 0.9650 0.0018 0.0032 0.0036 
      H535.6  1 0.0029 0.0035 0.0038 0.0057 0.0042 0.0064 0.0045 0.0020 0.0035 0.0030 0.9520 0.0033 0.0030 0.0022 
      H535.7  1 0.0022 0.0024 0.0020 0.0027 0.0024 0.0017 0.0023 0.0020 0.0021 0.0026 0.9694 0.0018 0.0030 0.0033 
      H535.8  1 0.0026 0.0023 0.0028 0.0035 0.0041 0.0019 0.0029 0.0022 0.0026 0.0032 0.9640 0.0020 0.0029 0.0030 
      H535.9  1 0.0030 0.0024 0.0029 0.0036 0.0033 0.0042 0.0035 0.0021 0.0032 0.0023 0.9606 0.0034 0.0027 0.0028 
      H539.1  1 0.0031 0.0026 0.0036 0.0039 0.0025 0.0055 0.9551 0.0024 0.0018 0.0028 0.0027 0.0096 0.0021 0.0024 
      H539.2  1 0.0068 0.0043 0.0257 0.0727 0.0051 0.0050 0.6909 0.0051 0.0063 0.0142 0.0117 0.1382 0.0090 0.0050 
      H539.3  1 0.0047 0.0056 0.0125 0.0218 0.0074 0.0048 0.8953 0.0038 0.0039 0.0080 0.0100 0.0131 0.0057 0.0033 
      H539.4  1 0.0031 0.0023 0.0032 0.0065 0.0033 0.0036 0.8989 0.0043 0.0043 0.0051 0.0030 0.0518 0.0067 0.0038 
      H539.5  1 0.0028 0.0030 0.0041 0.0061 0.0022 0.0044 0.9518 0.0023 0.0026 0.0025 0.0030 0.0096 0.0032 0.0024 
      H539.6  1 0.0037 0.0034 0.0035 0.0100 0.0033 0.0060 0.9091 0.0026 0.0028 0.0032 0.0032 0.0441 0.0026 0.0025 
      H539.7  1 0.0031 0.0023 0.0035 0.0030 0.0042 0.0048 0.9532 0.0029 0.0027 0.0023 0.0026 0.0093 0.0031 0.0029 
      H539.8  1 0.0084 0.0041 0.0087 0.0090 0.0069 0.0045 0.8547 0.0039 0.0046 0.0077 0.0239 0.0514 0.0086 0.0037 
      H539.9  1 0.0029 0.0029 0.0034 0.0053 0.0031 0.0021 0.9421 0.0038 0.0033 0.0035 0.0025 0.0174 0.0056 0.0021 
      H540.1  1 0.0024 0.0073 0.0076 0.0455 0.0039 0.0042 0.8989 0.0069 0.0043 0.0036 0.0038 0.0040 0.0034 0.0041 
      H540.2  1 0.0028 0.0033 0.0051 0.0090 0.0031 0.0054 0.9442 0.0051 0.0033 0.0038 0.0021 0.0047 0.0045 0.0036 
      H540.3  1 0.0102 0.0160 0.0270 0.0177 0.0129 0.0076 0.8180 0.0060 0.0066 0.0213 0.0056 0.0227 0.0077 0.0207 
      H540.4  1 0.0046 0.0054 0.0062 0.0131 0.0055 0.0058 0.9044 0.0089 0.0067 0.0038 0.0040 0.0216 0.0064 0.0036 
      H540.5  1 0.0049 0.0037 0.0073 0.0057 0.0026 0.0050 0.9365 0.0034 0.0028 0.0078 0.0028 0.0033 0.0095 0.0048 
      H540.6  1 0.0063 0.0077 0.0164 0.0337 0.0033 0.0056 0.8793 0.0109 0.0054 0.0074 0.0047 0.0042 0.0093 0.0057 
      H540.7  1 0.0039 0.0037 0.0089 0.0158 0.0088 0.0073 0.8888 0.0094 0.0099 0.0066 0.0030 0.0094 0.0056 0.0189 
      H540.8  1 0.0031 0.0037 0.0142 0.0748 0.0052 0.0113 0.8535 0.0040 0.0043 0.0030 0.0047 0.0054 0.0073 0.0057 
     H9558.1  1 0.0054 0.0023 0.0035 0.0040 0.0048 0.0081 0.9456 0.0021 0.0048 0.0030 0.0077 0.0030 0.0037 0.0020 
     H9558.2  1 0.0171 0.0031 0.0082 0.0060 0.0182 0.0081 0.8835 0.0088 0.0170 0.0068 0.0082 0.0035 0.0068 0.0047 
     H9558.3  1 0.0316 0.0020 0.0055 0.0057 0.0051 0.0027 0.9089 0.0078 0.0045 0.0078 0.0061 0.0045 0.0049 0.0028 
     H9558.4  1 0.0049 0.0018 0.0036 0.0048 0.0032 0.0045 0.9512 0.0025 0.0047 0.0034 0.0065 0.0025 0.0040 0.0024 
     H9558.5  1 0.0042 0.0016 0.0027 0.0038 0.0024 0.0026 0.9509 0.0032 0.0025 0.0045 0.0071 0.0065 0.0050 0.0031 
     H9558.6  1 0.0144 0.0026 0.0059 0.0053 0.0073 0.0033 0.9293 0.0048 0.0041 0.0049 0.0055 0.0038 0.0052 0.0036 
    kos339.1  1 0.0052 0.0023 0.0076 0.0045 0.0043 0.0080 0.0039 0.0133 0.0185 0.0043 0.0043 0.0036 0.0040 0.9161 
    kos339.2  1 0.0037 0.0071 0.0066 0.0031 0.0047 0.0037 0.0029 0.0103 0.0073 0.0076 0.0039 0.0043 0.0044 0.9306 
    kos339.3  1 0.0022 0.0033 0.0037 0.0036 0.0048 0.0026 0.0036 0.0024 0.0039 0.0026 0.0057 0.0034 0.0029 0.9554 
    kos339.4  1 0.0028 0.0031 0.0039 0.0040 0.0072 0.0036 0.0036 0.0028 0.0041 0.0028 0.0051 0.0042 0.0031 0.9498 
    kos339.5  1 0.0028 0.0026 0.0092 0.0025 0.0029 0.0052 0.0040 0.0063 0.0088 0.0022 0.0025 0.0034 0.0037 0.9438 
    kos339.6  1 0.0030 0.0058 0.0061 0.0028 0.0033 0.0039 0.0029 0.0048 0.0067 0.0037 0.0024 0.0030 0.0031 0.9484 
    kos339.7  1 0.0024 0.0040 0.0035 0.0036 0.0042 0.0032 0.0029 0.0020 0.0057 0.0025 0.0111 0.0032 0.0032 0.9487 
    kos339.8  1 0.0031 0.0045 0.0037 0.0026 0.0067 0.0036 0.0024 0.0049 0.0171 0.0044 0.0032 0.0031 0.0038 0.9369 
    kos339.9  1 0.0037 0.0106 0.0256 0.0071 0.0092 0.0254 0.0149 0.0079 0.0074 0.0084 0.0035 0.0135 0.0055 0.8573 
      H409.1 12 0.0039 0.0033 0.0057 0.0022 0.0046 0.0038 0.0024 0.0054 0.0096 0.0039 0.0029 0.0023 0.9413 0.0088 
     H409.10 12 0.0037 0.0044 0.0042 0.0038 0.0100 0.0062 0.0036 0.0057 0.0112 0.0072 0.0062 0.0050 0.9254 0.0036 
      H409.2 12 0.0037 0.0030 0.0049 0.0043 0.0090 0.0062 0.0049 0.0040 0.0117 0.0141 0.0111 0.0031 0.9115 0.0085 
      H409.3 12 0.0076 0.0050 0.0073 0.0039 0.0044 0.0038 0.0045 0.0050 0.0102 0.0070 0.0079 0.0047 0.9216 0.0072 
      H409.4 12 0.0072 0.0033 0.0060 0.0036 0.0033 0.0027 0.0041 0.0045 0.0038 0.0073 0.0055 0.0033 0.9396 0.0059 
      H409.5 12 0.0087 0.0040 0.0055 0.0062 0.0070 0.0059 0.0044 0.0048 0.0070 0.0069 0.0097 0.0053 0.9214 0.0030 
      H409.6 12 0.2172 0.0049 0.0129 0.0123 0.0033 0.0054 0.0073 0.0088 0.0332 0.0190 0.0156 0.0098 0.6461 0.0043 
      H409.7 12 0.0069 0.0063 0.0085 0.0032 0.0058 0.0045 0.0027 0.0159 0.0079 0.0188 0.0041 0.0034 0.8990 0.0129 
      H409.8 12 0.0067 0.0033 0.0064 0.0058 0.0049 0.0047 0.0032 0.0120 0.0112 0.0038 0.0053 0.0050 0.9212 0.0063 
      H409.9 12 0.0272 0.0048 0.0123 0.0134 0.0093 0.0049 0.2665 0.0552 0.2230 0.0061 0.0178 0.0354 0.3202 0.0040 
      H413.1 12 0.9425 0.0035 0.0040 0.0040 0.0038 0.0026 0.0033 0.0098 0.0022 0.0040 0.0039 0.0086 0.0037 0.0041 
      H413.2 12 0.9498 0.0032 0.0035 0.0028 0.0041 0.0036 0.0038 0.0042 0.0033 0.0042 0.0043 0.0043 0.0033 0.0055 
      H413.3 12 0.9428 0.0028 0.0038 0.0034 0.0022 0.0031 0.0079 0.0125 0.0047 0.0032 0.0025 0.0040 0.0047 0.0026 
      H413.4 12 0.9120 0.0037 0.0053 0.0028 0.0030 0.0044 0.0055 0.0285 0.0053 0.0085 0.0024 0.0074 0.0033 0.0077 
      H413.5 12 0.8846 0.0030 0.0053 0.0037 0.0024 0.0080 0.0414 0.0049 0.0055 0.0049 0.0023 0.0274 0.0038 0.0028 
      H413.6 12 0.8787 0.0036 0.0060 0.0035 0.0077 0.0028 0.0361 0.0062 0.0025 0.0179 0.0030 0.0143 0.0119 0.0058 
      H413.7 12 0.9372 0.0031 0.0044 0.0040 0.0046 0.0024 0.0084 0.0050 0.0046 0.0066 0.0047 0.0054 0.0044 0.0055 
      H563.1 12 0.0085 0.0031 0.0040 0.0049 0.0024 0.0022 0.0089 0.9435 0.0027 0.0057 0.0023 0.0043 0.0044 0.0030 
      H563.2 12 0.0069 0.0036 0.0126 0.0060 0.0044 0.0082 0.0076 0.9114 0.0050 0.0071 0.0037 0.0055 0.0095 0.0086 
      H563.3 12 0.0029 0.0030 0.0029 0.0050 0.0025 0.0029 0.0060 0.9553 0.0030 0.0054 0.0019 0.0033 0.0033 0.0025 
      H563.4 12 0.0162 0.0043 0.0047 0.0072 0.0026 0.0041 0.0043 0.9255 0.0038 0.0071 0.0033 0.0052 0.0065 0.0053 
      H563.5 12 0.0057 0.0027 0.0037 0.0034 0.0026 0.0019 0.0059 0.9521 0.0023 0.0083 0.0017 0.0037 0.0034 0.0026 
      H563.6 12 0.0073 0.0030 0.0041 0.0040 0.0034 0.0047 0.0053 0.9316 0.0036 0.0139 0.0027 0.0050 0.0040 0.0074 
      H563.7 12 0.0101 0.0025 0.0054 0.0033 0.0037 0.0025 0.0034 0.9364 0.0036 0.0092 0.0027 0.0038 0.0039 0.0094 
      H563.8 12 0.0054 0.0029 0.0062 0.0056 0.0036 0.0028 0.0098 0.9320 0.0030 0.0133 0.0021 0.0051 0.0046 0.0036 
      H563.9 12 0.0064 0.0039 0.0069 0.0041 0.0041 0.0052 0.0046 0.9245 0.0064 0.0045 0.0021 0.0058 0.0124 0.0091 
     H7374.1 12 0.0061 0.0036 0.0053 0.0065 0.0124 0.0034 0.0040 0.0043 0.0027 0.9355 0.0044 0.0031 0.0050 0.0037 
     H7374.2 12 0.0082 0.0031 0.0051 0.0077 0.0052 0.0027 0.0060 0.0074 0.0047 0.9356 0.0033 0.0033 0.0055 0.0021 
     H7374.3 12 0.0068 0.0059 0.0125 0.0068 0.0335 0.0058 0.0086 0.0079 0.0068 0.8860 0.0043 0.0043 0.0066 0.0042 
     H7374.4 12 0.0032 0.0036 0.0051 0.0025 0.0030 0.0036 0.0050 0.0040 0.0035 0.9466 0.0053 0.0031 0.0058 0.0055 
     H7374.5 12 0.0041 0.0024 0.0047 0.0037 0.0026 0.0036 0.0072 0.0040 0.0028 0.9513 0.0025 0.0043 0.0030 0.0037 
     H7374.6 12 0.0046 0.0075 0.0109 0.0062 0.0130 0.0074 0.0083 0.0104 0.0048 0.9025 0.0076 0.0041 0.0049 0.0077 
     H7374.7 12 0.0040 0.0045 0.0043 0.0028 0.0028 0.0031 0.0023 0.0036 0.0024 0.9571 0.0041 0.0024 0.0028 0.0038 
     H7374.8 12 0.0042 0.0039 0.0048 0.0034 0.0072 0.0037 0.0026 0.0051 0.0041 0.9448 0.0032 0.0023 0.0039 0.0067 
     H7374.9 12 0.0033 0.0043 0.0046 0.0031 0.0032 0.0045 0.0069 0.0033 0.0029 0.9491 0.0024 0.0050 0.0033 0.0042 
     H9563.1 12 0.0039 0.0026 0.0052 0.0042 0.0052 0.0042 0.0058 0.9470 0.0047 0.0034 0.0022 0.0045 0.0033 0.0039 
     H9563.2 12 0.0045 0.0041 0.0028 0.0050 0.0042 0.0042 0.0068 0.9482 0.0035 0.0032 0.0036 0.0051 0.0021 0.0027 
     H9563.3 12 0.0045 0.0041 0.0045 0.0038 0.0054 0.0035 0.0022 0.9460 0.0057 0.0045 0.0041 0.0038 0.0052 0.0028 
     H9563.4 12 0.0052 0.0069 0.0112 0.0112 0.0109 0.0046 0.0053 0.8848 0.0069 0.0060 0.0156 0.0151 0.0089 0.0074 
     H9563.5 12 0.0039 0.0043 0.0066 0.0074 0.0049 0.0046 0.0041 0.9231 0.0070 0.0032 0.0050 0.0117 0.0069 0.0071 
     H9563.6 12 0.0104 0.0050 0.0042 0.0036 0.0057 0.0021 0.0027 0.9384 0.0060 0.0056 0.0037 0.0064 0.0034 0.0027 
     H9563.7 12 0.0049 0.0033 0.0029 0.0044 0.0034 0.0023 0.0025 0.9507 0.0050 0.0054 0.0065 0.0034 0.0030 0.0023 
     H9563.8 12 0.0073 0.0058 0.0094 0.0097 0.0150 0.0053 0.0068 0.8503 0.0141 0.0040 0.0055 0.0418 0.0151 0.0098 
     H9563.9 12 0.0048 0.0032 0.0046 0.0061 0.0080 0.0040 0.0045 0.9331 0.0082 0.0046 0.0027 0.0092 0.0036 0.0034 
     H9572.1 12 0.1225 0.0120 0.3546 0.0079 0.0057 0.0369 0.0904 0.1918 0.0636 0.0226 0.0111 0.0504 0.0190 0.0115 
     H9572.2 12 0.0676 0.0747 0.3680 0.0133 0.0109 0.0705 0.0090 0.2708 0.0111 0.0203 0.0036 0.0644 0.0087 0.0071 
     H9572.3 12 0.1043 0.0070 0.2590 0.1563 0.0270 0.0242 0.0566 0.0331 0.0112 0.1222 0.0178 0.0072 0.0222 0.1519 
     H9572.4 12 0.1395 0.0107 0.5782 0.0082 0.0053 0.0252 0.0196 0.0499 0.0156 0.0147 0.0211 0.0119 0.0043 0.0960 
     H9572.5 12 0.1141 0.0194 0.4903 0.0148 0.0055 0.0176 0.0416 0.0355 0.0194 0.0043 0.0089 0.0356 0.0045 0.1885 
