      H105.1  1 0.0055 0.0048 0.9450 0.0075 0.0046 0.0116 0.0070 0.0059 0.0081 
      H105.2  1 0.0093 0.0081 0.9402 0.0047 0.0038 0.0072 0.0089 0.0102 0.0075 
      H105.3  1 0.0035 0.0048 0.9486 0.0062 0.0040 0.0158 0.0076 0.0051 0.0045 
      H105.4  1 0.0074 0.0055 0.9332 0.0039 0.0083 0.0146 0.0087 0.0088 0.0096 
      H105.5  1 0.0339 0.0111 0.8852 0.0061 0.0057 0.0069 0.0221 0.0126 0.0165 
      H105.6  1 0.0085 0.0084 0.9119 0.0074 0.0086 0.0103 0.0247 0.0136 0.0067 
      H105.7  1 0.0159 0.0043 0.9001 0.0061 0.0037 0.0370 0.0144 0.0113 0.0073 
      H105.8  1 0.0045 0.0047 0.9557 0.0045 0.0030 0.0078 0.0102 0.0055 0.0042 
      H115.1  1 0.0262 0.0049 0.0169 0.0317 0.0048 0.0183 0.3424 0.5341 0.0207 
      H115.2  1 0.0089 0.0043 0.0071 0.0143 0.0046 0.0083 0.8958 0.0465 0.0102 
      H115.3  1 0.0055 0.0054 0.0119 0.0334 0.0048 0.0356 0.7440 0.1385 0.0209 
      H115.4  1 0.0096 0.0077 0.0340 0.0419 0.0258 0.0136 0.2233 0.5824 0.0618 
      H115.5  1 0.0162 0.0053 0.0319 0.1316 0.0180 0.0080 0.5192 0.2567 0.0131 
      H115.6  1 0.0115 0.0041 0.0073 0.0648 0.0080 0.0519 0.6963 0.0583 0.0978 
      H115.7  1 0.0215 0.0077 0.0088 0.0211 0.0092 0.0467 0.3518 0.4428 0.0904 
      H115.8  1 0.0089 0.0039 0.0168 0.0478 0.0059 0.0141 0.8019 0.0902 0.0106 
      H115.9  1 0.0212 0.0075 0.0236 0.0242 0.0048 0.0288 0.8130 0.0658 0.0111 
      H145.1  1 0.0093 0.0068 0.0047 0.0053 0.9096 0.0058 0.0086 0.0041 0.0458 
      H145.2  1 0.0061 0.0068 0.0053 0.0052 0.9529 0.0038 0.0065 0.0035 0.0099 
      H145.3  1 0.0050 0.0042 0.0029 0.0033 0.9440 0.0035 0.0040 0.0035 0.0296 
      H145.4  1 0.0105 0.0049 0.0037 0.0043 0.9460 0.0067 0.0045 0.0032 0.0162 
      H145.5  1 0.0066 0.0044 0.0035 0.0052 0.9213 0.0034 0.0043 0.0028 0.0486 
      H145.6  1 0.0057 0.0035 0.0032 0.0046 0.9647 0.0076 0.0034 0.0026 0.0046 
      H145.7  1 0.0052 0.0041 0.0030 0.0064 0.9673 0.0049 0.0024 0.0032 0.0037 
      H149.1  1 0.0052 0.0032 0.0040 0.9716 0.0036 0.0031 0.0029 0.0025 0.0040 
      H149.2  1 0.0083 0.0048 0.0037 0.9566 0.0066 0.0058 0.0033 0.0028 0.0081 
      H149.3  1 0.0236 0.0104 0.0158 0.7722 0.0358 0.0590 0.0111 0.0156 0.0565 
      H149.4  1 0.0041 0.0034 0.0193 0.9512 0.0031 0.0064 0.0036 0.0051 0.0037 
      H149.5  1 0.0090 0.0076 0.0608 0.8072 0.0237 0.0584 0.0030 0.0061 0.0240 
      H149.6  1 0.0050 0.0039 0.0054 0.9598 0.0068 0.0075 0.0027 0.0039 0.0049 
      H149.7  1 0.0317 0.0067 0.0797 0.7778 0.0067 0.0420 0.0057 0.0262 0.0235 
      H150.1  1 0.0044 0.0031 0.0032 0.0033 0.0041 0.0048 0.9646 0.0079 0.0047 
      H150.2  1 0.0048 0.0036 0.0057 0.0102 0.0037 0.0057 0.8374 0.1099 0.0191 
      H150.3  1 0.0111 0.0029 0.0041 0.0062 0.0059 0.0075 0.9230 0.0201 0.0192 
      H150.4  1 0.0050 0.0025 0.0030 0.0038 0.0049 0.0050 0.9632 0.0056 0.0070 
      H150.5  1 0.0076 0.0044 0.0056 0.0113 0.0059 0.0199 0.8661 0.0667 0.0126 
      H150.6  1 0.0054 0.0083 0.0148 0.0140 0.0117 0.0150 0.7172 0.1636 0.0501 
      H150.7  1 0.0039 0.0030 0.0041 0.0036 0.0056 0.0041 0.9619 0.0043 0.0095 
   H169607.1  1 0.0055 0.0043 0.0063 0.0053 0.0108 0.0046 0.0104 0.0076 0.9452 
   H169607.2  1 0.0043 0.0061 0.0048 0.0029 0.0078 0.0062 0.0063 0.0048 0.9568 
   H169607.3  1 0.0116 0.0039 0.0099 0.0047 0.0166 0.0068 0.0065 0.0046 0.9353 
   H169607.4  1 0.0047 0.0078 0.0033 0.0030 0.0074 0.0040 0.0045 0.0029 0.9626 
   H169607.5  1 0.0046 0.0066 0.0037 0.0038 0.0041 0.0042 0.0095 0.0048 0.9588 
   H169607.6  1 0.0055 0.0049 0.0069 0.0030 0.0051 0.0035 0.0038 0.0034 0.9639 
   H169607.7  1 0.0042 0.0041 0.0117 0.0050 0.0100 0.0040 0.0056 0.0105 0.9448 
   H169607.8  1 0.0039 0.0136 0.0054 0.0034 0.0067 0.0066 0.0063 0.0043 0.9497 
   H169633.1  1 0.0069 0.0064 0.0054 0.9062 0.0234 0.0078 0.0059 0.0345 0.0037 
   H169633.2  1 0.0770 0.0105 0.0177 0.8153 0.0283 0.0053 0.0032 0.0398 0.0028 
   H169633.3  1 0.0147 0.0129 0.0054 0.9295 0.0089 0.0091 0.0060 0.0079 0.0056 
   H169633.4  1 0.0115 0.0092 0.0051 0.9324 0.0068 0.0105 0.0104 0.0082 0.0059 
   H169633.5  1 0.0116 0.0107 0.0057 0.9332 0.0070 0.0082 0.0104 0.0073 0.0059 
   H169688.1  1 0.0090 0.0133 0.0106 0.0098 0.0078 0.0041 0.0051 0.9132 0.0272 
   H169688.2  1 0.0202 0.0080 0.0160 0.0059 0.0102 0.0070 0.0051 0.9236 0.0040 
   H169688.3  1 0.0163 0.0058 0.0067 0.0057 0.0120 0.0066 0.0078 0.9330 0.0061 
   H169688.4  1 0.0057 0.0049 0.0035 0.0065 0.0067 0.0037 0.0295 0.9337 0.0058 
   H169688.5  1 0.0069 0.0039 0.0031 0.0055 0.0070 0.0039 0.0207 0.9432 0.0058 
   H169688.6  1 0.0060 0.0085 0.0392 0.0107 0.0042 0.0033 0.0036 0.9197 0.0048 
   H169688.7  1 0.0228 0.0044 0.0087 0.0106 0.0741 0.0080 0.0189 0.8436 0.0090 
   H171901.1  1 0.2185 0.0044 0.0838 0.0238 0.0526 0.0825 0.1785 0.2086 0.1474 
   H171901.2  1 0.0102 0.0082 0.0083 0.9192 0.0078 0.0077 0.0187 0.0068 0.0130 
   H171901.3  1 0.0300 0.0160 0.0145 0.8332 0.0074 0.0085 0.0349 0.0268 0.0287 
   H171901.4  1 0.0090 0.0076 0.0097 0.9222 0.0093 0.0052 0.0140 0.0072 0.0157 
   H171901.5  1 0.0207 0.0106 0.0118 0.8771 0.0117 0.0049 0.0252 0.0083 0.0297 
   H171901.6  1 0.0513 0.0212 0.0238 0.7534 0.0215 0.0069 0.0795 0.0122 0.0302 
   H171901.7  1 0.2185 0.0194 0.0110 0.6298 0.0178 0.0078 0.0414 0.0329 0.0214 
   H171902.1  1 0.0038 0.0046 0.0057 0.0077 0.0090 0.0029 0.0057 0.0038 0.9569 
  H171902.10  1 0.0048 0.0062 0.0051 0.0136 0.0047 0.0034 0.0045 0.0046 0.9531 
   H171902.2  1 0.0089 0.0034 0.0124 0.0297 0.0103 0.0054 0.0065 0.0119 0.9114 
   H171902.3  1 0.0054 0.0070 0.0061 0.0370 0.0048 0.0026 0.0089 0.0076 0.9207 
   H171902.4  1 0.0120 0.0054 0.0054 0.1438 0.0079 0.0050 0.0049 0.0050 0.8106 
   H171902.6  1 0.0058 0.0055 0.0048 0.0128 0.0054 0.0032 0.0069 0.0044 0.9513 
   H171902.7  1 0.0067 0.0041 0.0041 0.0105 0.0058 0.0037 0.0052 0.0031 0.9567 
   H171902.8  1 0.0082 0.0081 0.0057 0.0190 0.0049 0.0033 0.0110 0.0051 0.9347 
   H171902.9  1 0.0050 0.0038 0.0034 0.0045 0.0060 0.0033 0.0148 0.0033 0.9559 
   H171903.1  1 0.0225 0.0095 0.0111 0.0051 0.0072 0.0090 0.0647 0.0193 0.8516 
   H171903.2  1 0.1758 0.0525 0.0443 0.0054 0.0170 0.0428 0.1148 0.0102 0.5372 
   H171903.3  1 0.7132 0.0222 0.0124 0.0069 0.0043 0.0116 0.0252 0.0090 0.1951 
   H171903.4  1 0.0148 0.0047 0.0048 0.0042 0.0061 0.0047 0.0206 0.0232 0.9170 
   H171903.5  1 0.2992 0.0091 0.0444 0.0565 0.0084 0.0316 0.0980 0.0430 0.4100 
   H171903.6  1 0.0418 0.0065 0.0114 0.0410 0.0049 0.0064 0.0417 0.0498 0.7966 
      H177.1  1 0.4241 0.3924 0.0230 0.0241 0.0054 0.0051 0.0289 0.0353 0.0618 
      H177.2  1 0.1832 0.1539 0.0917 0.0957 0.2355 0.0224 0.0485 0.0280 0.1411 
      H177.3  1 0.1779 0.3248 0.0301 0.1352 0.0359 0.0116 0.0299 0.0141 0.2405 
      H177.4  1 0.4970 0.2282 0.1614 0.0251 0.0158 0.0201 0.0054 0.0057 0.0414 
      H177.5  1 0.8215 0.0701 0.0247 0.0103 0.0146 0.0155 0.0089 0.0202 0.0141 
      H177.6  1 0.2495 0.1853 0.0219 0.3156 0.0254 0.0111 0.0506 0.0195 0.1211 
      H179.1  1 0.0121 0.0039 0.9331 0.0053 0.0029 0.0087 0.0074 0.0190 0.0077 
      H179.2  1 0.0169 0.0068 0.9089 0.0085 0.0048 0.0047 0.0100 0.0231 0.0163 
      H179.3  1 0.0179 0.0069 0.8269 0.0073 0.0069 0.0093 0.0205 0.0807 0.0236 
      H179.4  1 0.0355 0.0653 0.8079 0.0222 0.0257 0.0080 0.0079 0.0169 0.0107 
      H180.1  1 0.0120 0.0072 0.0296 0.0080 0.0049 0.0065 0.1814 0.7321 0.0183 
      H180.2  1 0.0156 0.0051 0.0189 0.0051 0.0070 0.0033 0.1636 0.7749 0.0066 
      H180.3  1 0.0238 0.0037 0.0075 0.0079 0.0115 0.0032 0.4180 0.5150 0.0094 
      H180.4  1 0.0080 0.0060 0.0548 0.0132 0.0064 0.0052 0.1675 0.7321 0.0068 
      H180.5  1 0.0073 0.0053 0.0349 0.0080 0.0098 0.0047 0.1672 0.7552 0.0076 
      H180.6  1 0.0513 0.0051 0.0762 0.0296 0.0681 0.0061 0.3635 0.3794 0.0206 
      H181.1  1 0.0169 0.0115 0.8158 0.0618 0.0124 0.0061 0.0125 0.0366 0.0264 
      H181.2  1 0.0200 0.0211 0.8436 0.0208 0.0278 0.0069 0.0134 0.0274 0.0190 
      H181.3  1 0.0142 0.0101 0.7948 0.0749 0.0169 0.0090 0.0167 0.0457 0.0176 
      H181.4  1 0.0271 0.0209 0.5607 0.0876 0.0290 0.0161 0.1621 0.0655 0.0309 
      H181.5  1 0.0100 0.0042 0.9501 0.0075 0.0041 0.0079 0.0041 0.0065 0.0055 
      H181.6  1 0.0129 0.0067 0.9435 0.0065 0.0046 0.0052 0.0093 0.0065 0.0048 
      H181.7  1 0.0056 0.0041 0.9597 0.0065 0.0050 0.0046 0.0050 0.0042 0.0052 
 H194.1_2004  1 0.9549 0.0059 0.0028 0.0041 0.0082 0.0047 0.0050 0.0048 0.0097 
 H194.2_2004  1 0.9225 0.0040 0.0038 0.0042 0.0137 0.0055 0.0073 0.0053 0.0337 
 H194.3_2004  1 0.9437 0.0064 0.0056 0.0138 0.0144 0.0040 0.0032 0.0033 0.0057 
 H194.4_2004  1 0.8971 0.0088 0.0055 0.0169 0.0429 0.0028 0.0084 0.0043 0.0132 
 H194.5_2004  1 0.9449 0.0091 0.0050 0.0100 0.0085 0.0046 0.0043 0.0037 0.0100 
 H194.6_2004  1 0.9325 0.0219 0.0049 0.0104 0.0078 0.0033 0.0053 0.0041 0.0097 
 H194.7_2004  1 0.9530 0.0046 0.0038 0.0042 0.0077 0.0072 0.0045 0.0055 0.0095 
 H194.8_2004  1 0.9241 0.0129 0.0044 0.0127 0.0175 0.0031 0.0071 0.0045 0.0138 
      H194.9  1 0.9300 0.0090 0.0031 0.0071 0.0175 0.0053 0.0109 0.0074 0.0098 
 H195.1_2003  1 0.0216 0.0072 0.0054 0.0163 0.9243 0.0044 0.0056 0.0060 0.0093 
 H195.1_2004  1 0.0042 0.0050 0.0036 0.0092 0.9629 0.0042 0.0032 0.0044 0.0032 
 H195.2_2003  1 0.0141 0.0116 0.0106 0.0093 0.8934 0.0119 0.0170 0.0079 0.0242 
 H195.2_2004  1 0.0037 0.0038 0.0033 0.0047 0.9721 0.0033 0.0025 0.0036 0.0030 
 H195.3_2003  1 0.0276 0.0120 0.0131 0.0072 0.6984 0.0130 0.1510 0.0394 0.0383 
 H195.3_2004  1 0.0053 0.0043 0.0035 0.0101 0.9632 0.0040 0.0025 0.0028 0.0044 
 H195.4_2003  1 0.0105 0.0052 0.0044 0.0132 0.9528 0.0039 0.0038 0.0024 0.0038 
 H195.4_2004  1 0.0041 0.0034 0.0029 0.0047 0.9715 0.0028 0.0026 0.0049 0.0030 
 H195.5_2003  1 0.0164 0.0101 0.0048 0.0237 0.9153 0.0073 0.0076 0.0077 0.0072 
 H195.5_2004  1 0.0052 0.0060 0.0030 0.0054 0.9650 0.0038 0.0035 0.0039 0.0040 
 H195.6_2003  1 0.0045 0.0048 0.0049 0.0048 0.9460 0.0056 0.0152 0.0039 0.0103 
 H195.6_2004  1 0.0049 0.0041 0.0041 0.0046 0.9687 0.0039 0.0023 0.0032 0.0042 
 H195.7_2003  1 0.0200 0.0132 0.0060 0.0176 0.9047 0.0127 0.0037 0.0081 0.0141 
 H195.7_2004  1 0.0029 0.0037 0.0029 0.0032 0.9714 0.0028 0.0042 0.0054 0.0035 
      H195.8  1 0.0037 0.0056 0.0032 0.0038 0.9687 0.0034 0.0034 0.0049 0.0033 
      H195.9  1 0.0062 0.0055 0.0028 0.0069 0.9639 0.0032 0.0035 0.0033 0.0047 
      H415.1  1 0.8305 0.0045 0.0096 0.0491 0.0127 0.0085 0.0643 0.0135 0.0073 
      H415.2  1 0.8411 0.0117 0.0141 0.0101 0.0097 0.0246 0.0094 0.0069 0.0722 
      H415.3  1 0.8032 0.0093 0.0493 0.0784 0.0101 0.0153 0.0133 0.0121 0.0089 
      H415.4  1 0.9363 0.0053 0.0047 0.0109 0.0100 0.0043 0.0191 0.0041 0.0052 
      H415.5  1 0.9306 0.0054 0.0070 0.0250 0.0100 0.0041 0.0066 0.0051 0.0062 
      H415.6  1 0.9378 0.0056 0.0046 0.0135 0.0080 0.0040 0.0173 0.0040 0.0052 
      H415.7  1 0.7379 0.0404 0.0236 0.0676 0.0118 0.0172 0.0077 0.0070 0.0870 
      H506.1  1 0.0033 0.0047 0.9676 0.0060 0.0039 0.0051 0.0024 0.0043 0.0027 
      H506.2  1 0.0053 0.0047 0.9574 0.0085 0.0100 0.0046 0.0023 0.0029 0.0043 
      H506.3  1 0.0066 0.0058 0.9478 0.0059 0.0062 0.0074 0.0047 0.0088 0.0068 
      H506.4  1 0.0098 0.0127 0.9218 0.0105 0.0053 0.0059 0.0094 0.0077 0.0170 
      H506.5  1 0.0073 0.0112 0.9377 0.0152 0.0071 0.0058 0.0040 0.0037 0.0080 
      H506.6  1 0.0163 0.0167 0.8637 0.0079 0.0461 0.0151 0.0103 0.0053 0.0187 
      H506.7  1 0.0053 0.0033 0.9612 0.0087 0.0066 0.0047 0.0023 0.0037 0.0043 
      H533.1  1 0.0044 0.0036 0.9659 0.0101 0.0044 0.0031 0.0028 0.0031 0.0026 
      H533.2  1 0.0045 0.0044 0.9606 0.0138 0.0048 0.0030 0.0024 0.0036 0.0031 
      H533.3  1 0.0038 0.0029 0.9640 0.0106 0.0034 0.0039 0.0029 0.0036 0.0050 
      H533.4  1 0.0061 0.0080 0.9265 0.0155 0.0217 0.0031 0.0050 0.0048 0.0093 
      H535.1  1 0.0062 0.9584 0.0061 0.0058 0.0039 0.0022 0.0068 0.0043 0.0064 
      H535.2  1 0.0051 0.9644 0.0059 0.0047 0.0060 0.0042 0.0031 0.0031 0.0035 
      H535.3  1 0.0044 0.9613 0.0053 0.0037 0.0088 0.0042 0.0033 0.0051 0.0040 
      H535.4  1 0.0052 0.9625 0.0040 0.0089 0.0061 0.0038 0.0028 0.0033 0.0035 
      H535.5  1 0.0067 0.9616 0.0051 0.0070 0.0059 0.0028 0.0030 0.0030 0.0050 
      H535.6  1 0.0073 0.9348 0.0046 0.0028 0.0103 0.0031 0.0122 0.0053 0.0197 
      H535.7  1 0.0045 0.9708 0.0035 0.0054 0.0038 0.0029 0.0028 0.0034 0.0030 
      H535.8  1 0.0037 0.9715 0.0036 0.0036 0.0046 0.0023 0.0028 0.0038 0.0040 
      H535.9  1 0.0054 0.9538 0.0059 0.0058 0.0045 0.0034 0.0073 0.0044 0.0096 
      H539.1  1 0.0026 0.0028 0.0023 0.0028 0.0026 0.0029 0.9759 0.0032 0.0050 
      H539.2  1 0.0114 0.0176 0.0045 0.0049 0.0044 0.0056 0.7890 0.1321 0.0305 
      H539.3  1 0.0067 0.0097 0.0032 0.0029 0.0093 0.0042 0.9411 0.0104 0.0125 
      H539.4  1 0.0041 0.0031 0.0031 0.0037 0.0032 0.0044 0.9654 0.0085 0.0045 
      H539.5  1 0.0038 0.0034 0.0026 0.0026 0.0024 0.0025 0.9720 0.0037 0.0069 
      H539.6  1 0.0033 0.0035 0.0033 0.0027 0.0036 0.0027 0.9670 0.0032 0.0107 
      H539.7  1 0.0036 0.0035 0.0029 0.0025 0.0022 0.0032 0.9718 0.0049 0.0054 
      H539.8  1 0.0086 0.0143 0.0038 0.0041 0.0047 0.0048 0.9274 0.0261 0.0063 
      H539.9  1 0.0036 0.0035 0.0031 0.0025 0.0027 0.0049 0.9721 0.0044 0.0033 
      H540.1  1 0.0075 0.0051 0.0047 0.0052 0.0074 0.0054 0.9375 0.0031 0.0241 
      H540.2  1 0.0089 0.0033 0.0044 0.0044 0.0033 0.0057 0.9565 0.0061 0.0075 
      H540.3  1 0.0296 0.0157 0.0063 0.0192 0.0155 0.0045 0.8746 0.0253 0.0092 
      H540.4  1 0.0045 0.0058 0.0059 0.0036 0.0038 0.0068 0.9462 0.0111 0.0123 
      H540.5  1 0.0112 0.0050 0.0055 0.0060 0.0027 0.0054 0.9525 0.0051 0.0067 
      H540.6  1 0.0097 0.0094 0.0081 0.0066 0.0053 0.0082 0.9141 0.0092 0.0294 
      H540.7  1 0.0137 0.0051 0.0075 0.0143 0.0055 0.0086 0.9252 0.0075 0.0127 
      H540.8  1 0.0575 0.0068 0.0046 0.0070 0.0042 0.0039 0.8587 0.0058 0.0515 
     H9558.1  1 0.0037 0.0077 0.0076 0.0027 0.0037 0.0029 0.9570 0.0052 0.0095 
     H9558.2  1 0.0082 0.0179 0.0338 0.0046 0.0052 0.0110 0.8990 0.0091 0.0112 
     H9558.3  1 0.0089 0.0120 0.0132 0.0027 0.0030 0.0147 0.9326 0.0079 0.0049 
     H9558.4  1 0.0048 0.0115 0.0060 0.0026 0.0029 0.0031 0.9546 0.0076 0.0070 
     H9558.5  1 0.0033 0.0108 0.0025 0.0027 0.0022 0.0047 0.9613 0.0096 0.0029 
     H9558.6  1 0.0098 0.0085 0.0086 0.0033 0.0035 0.0060 0.9488 0.0060 0.0054 
    kos339.1  1 0.0065 0.0056 0.0149 0.9434 0.0030 0.0100 0.0039 0.0042 0.0084 
    kos339.2  1 0.0052 0.0051 0.0104 0.9534 0.0070 0.0077 0.0040 0.0037 0.0036 
    kos339.3  1 0.0031 0.0039 0.0039 0.9718 0.0034 0.0023 0.0036 0.0043 0.0037 
    kos339.4  1 0.0052 0.0037 0.0041 0.9674 0.0044 0.0030 0.0037 0.0038 0.0049 
    kos339.5  1 0.0067 0.0035 0.0110 0.9570 0.0029 0.0068 0.0040 0.0038 0.0043 
    kos339.6  1 0.0048 0.0035 0.0058 0.9641 0.0046 0.0067 0.0030 0.0034 0.0040 
    kos339.7  1 0.0052 0.0076 0.0040 0.9661 0.0047 0.0022 0.0032 0.0034 0.0036 
    kos339.8  1 0.0043 0.0037 0.0059 0.9657 0.0040 0.0053 0.0030 0.0037 0.0045 
    kos339.9  1 0.0109 0.0057 0.0080 0.9219 0.0093 0.0065 0.0162 0.0048 0.0167 
      H409.1 12 0.9493 0.0054 0.0126 0.0070 0.0041 0.0110 0.0026 0.0055 0.0026 
     H409.10 12 0.8594 0.0128 0.0299 0.0064 0.0086 0.0215 0.0207 0.0323 0.0084 
      H409.2 12 0.9519 0.0092 0.0123 0.0063 0.0045 0.0033 0.0036 0.0056 0.0032 
      H409.3 12 0.9284 0.0104 0.0259 0.0094 0.0049 0.0066 0.0037 0.0073 0.0035 
      H409.4 12 0.9405 0.0149 0.0113 0.0092 0.0050 0.0054 0.0029 0.0081 0.0028 
      H409.5 12 0.9519 0.0096 0.0073 0.0048 0.0041 0.0054 0.0053 0.0049 0.0068 
      H409.6 12 0.2742 0.0263 0.6329 0.0068 0.0051 0.0147 0.0112 0.0200 0.0088 
      H409.7 12 0.9175 0.0113 0.0170 0.0116 0.0077 0.0200 0.0037 0.0081 0.0032 
      H409.8 12 0.9424 0.0049 0.0116 0.0058 0.0039 0.0168 0.0040 0.0061 0.0044 
      H409.9 12 0.1827 0.0198 0.2848 0.0045 0.0048 0.0843 0.3336 0.0744 0.0111 
      H413.1 12 0.0036 0.0064 0.0040 0.0047 0.0025 0.0119 0.0033 0.9605 0.0032 
      H413.2 12 0.0034 0.0046 0.0049 0.0087 0.0049 0.0038 0.0044 0.9622 0.0030 
      H413.3 12 0.0049 0.0031 0.0046 0.0026 0.0036 0.0141 0.0049 0.9581 0.0041 
      H413.4 12 0.0081 0.0099 0.0076 0.0072 0.0059 0.0404 0.0069 0.9095 0.0046 
      H413.5 12 0.0031 0.0043 0.0041 0.0029 0.0032 0.0050 0.0188 0.9535 0.0051 
      H413.6 12 0.0055 0.0111 0.0047 0.0050 0.0045 0.0113 0.0109 0.9439 0.0032 
      H413.7 12 0.0045 0.0072 0.0046 0.0055 0.0042 0.0049 0.0067 0.9591 0.0033 
      H563.1 12 0.0033 0.0038 0.0034 0.0031 0.0036 0.9651 0.0087 0.0054 0.0036 
      H563.2 12 0.0173 0.0042 0.0076 0.0082 0.0038 0.9399 0.0064 0.0066 0.0062 
      H563.3 12 0.0036 0.0031 0.0038 0.0029 0.0033 0.9693 0.0055 0.0034 0.0050 
      H563.4 12 0.0073 0.0045 0.0058 0.0052 0.0030 0.9525 0.0066 0.0104 0.0046 
      H563.5 12 0.0025 0.0035 0.0029 0.0029 0.0031 0.9706 0.0056 0.0051 0.0037 
      H563.6 12 0.0062 0.0052 0.0074 0.0087 0.0033 0.9541 0.0050 0.0056 0.0045 
      H563.7 12 0.0042 0.0040 0.0051 0.0103 0.0027 0.9620 0.0037 0.0051 0.0029 
      H563.8 12 0.0049 0.0043 0.0042 0.0049 0.0033 0.9573 0.0108 0.0054 0.0048 
      H563.9 12 0.0152 0.0036 0.0067 0.0092 0.0040 0.9448 0.0051 0.0054 0.0059 
     H7374.1 12 0.0554 0.8674 0.0059 0.0128 0.0130 0.0176 0.0083 0.0079 0.0116 
     H7374.2 12 0.0223 0.8764 0.0077 0.0044 0.0098 0.0284 0.0207 0.0171 0.0132 
     H7374.3 12 0.0521 0.7930 0.0098 0.0085 0.0741 0.0383 0.0074 0.0070 0.0097 
     H7374.4 12 0.0151 0.9143 0.0048 0.0109 0.0067 0.0103 0.0111 0.0184 0.0084 
     H7374.5 12 0.0095 0.8756 0.0076 0.0135 0.0112 0.0206 0.0390 0.0108 0.0123 
     H7374.6 12 0.0323 0.8566 0.0054 0.0121 0.0547 0.0179 0.0074 0.0060 0.0078 
     H7374.7 12 0.0146 0.9223 0.0050 0.0132 0.0150 0.0073 0.0048 0.0105 0.0072 
     H7374.8 12 0.0238 0.8544 0.0097 0.0233 0.0201 0.0480 0.0036 0.0054 0.0117 
     H7374.9 12 0.0082 0.8878 0.0096 0.0126 0.0157 0.0171 0.0274 0.0101 0.0114 
     H9563.1 12 0.0036 0.0034 0.0043 0.0040 0.0035 0.9668 0.0052 0.0042 0.0050 
     H9563.2 12 0.0043 0.0035 0.0046 0.0032 0.0039 0.9647 0.0063 0.0053 0.0041 
     H9563.3 12 0.0053 0.0050 0.0084 0.0035 0.0061 0.9610 0.0026 0.0048 0.0032 
     H9563.4 12 0.0202 0.0186 0.0079 0.0063 0.0072 0.9126 0.0110 0.0094 0.0068 
     H9563.5 12 0.0084 0.0056 0.0056 0.0055 0.0041 0.9516 0.0066 0.0063 0.0063 
     H9563.6 12 0.0038 0.0059 0.0082 0.0028 0.0047 0.9621 0.0035 0.0054 0.0036 
     H9563.7 12 0.0042 0.0079 0.0070 0.0025 0.0047 0.9630 0.0033 0.0032 0.0041 
     H9563.8 12 0.0186 0.0067 0.0106 0.0100 0.0050 0.9180 0.0108 0.0127 0.0076 
     H9563.9 12 0.0070 0.0043 0.0078 0.0049 0.0050 0.9512 0.0080 0.0074 0.0043 
     H9572.1 12 0.0258 0.0286 0.3321 0.0105 0.0338 0.2563 0.2216 0.0452 0.0461 
     H9572.2 12 0.1884 0.0095 0.0356 0.0105 0.1692 0.4292 0.0333 0.0423 0.0819 
     H9572.3 12 0.1059 0.1891 0.1289 0.1278 0.0113 0.0723 0.0447 0.0096 0.3105 
     H9572.4 12 0.0966 0.1454 0.2821 0.0754 0.0526 0.1691 0.0502 0.0284 0.1002 
     H9572.5 12 0.0806 0.0143 0.3517 0.1623 0.0904 0.0593 0.0997 0.0322 0.1095 
