      H105.1  1 0.0191 0.0226 0.9583 
      H105.2  1 0.0098 0.0200 0.9702 
      H105.3  1 0.0091 0.0095 0.9814 
      H105.4  1 0.0193 0.0194 0.9613 
      H105.5  1 0.0506 0.1087 0.8407 
      H105.6  1 0.0238 0.0224 0.9539 
      H105.7  1 0.0118 0.0207 0.9675 
      H105.8  1 0.0067 0.0102 0.9831 
      H115.1  1 0.0174 0.8334 0.1492 
      H115.2  1 0.0098 0.9771 0.0131 
      H115.3  1 0.0120 0.9727 0.0154 
      H115.4  1 0.0317 0.9369 0.0314 
      H115.5  1 0.0470 0.9223 0.0307 
      H115.6  1 0.0160 0.9709 0.0131 
      H115.7  1 0.0191 0.9290 0.0519 
      H115.8  1 0.0098 0.9768 0.0134 
      H115.9  1 0.0107 0.9588 0.0305 
      H145.1  1 0.9430 0.0470 0.0101 
      H145.2  1 0.9625 0.0269 0.0106 
      H145.3  1 0.9496 0.0410 0.0095 
      H145.4  1 0.9726 0.0141 0.0133 
      H145.5  1 0.9438 0.0460 0.0102 
      H145.6  1 0.9748 0.0101 0.0151 
      H145.7  1 0.9837 0.0075 0.0088 
      H149.1  1 0.9806 0.0078 0.0115 
      H149.2  1 0.9713 0.0088 0.0199 
      H149.3  1 0.9247 0.0195 0.0559 
      H149.4  1 0.6268 0.0109 0.3623 
      H149.5  1 0.7248 0.0100 0.2652 
      H149.6  1 0.9379 0.0069 0.0552 
      H149.7  1 0.5365 0.0164 0.4471 
      H150.1  1 0.0051 0.9878 0.0071 
      H150.2  1 0.0087 0.9809 0.0104 
      H150.3  1 0.0084 0.9781 0.0135 
      H150.4  1 0.0047 0.9877 0.0076 
      H150.5  1 0.0087 0.9791 0.0121 
      H150.6  1 0.0138 0.9710 0.0152 
      H150.7  1 0.0065 0.9874 0.0061 
   H169607.1  1 0.0256 0.9550 0.0194 
   H169607.2  1 0.0365 0.9446 0.0189 
   H169607.3  1 0.0267 0.9356 0.0377 
   H169607.4  1 0.0335 0.9552 0.0112 
   H169607.5  1 0.0543 0.9363 0.0094 
   H169607.6  1 0.0286 0.9513 0.0201 
   H169607.7  1 0.0323 0.9521 0.0156 
   H169607.8  1 0.0351 0.9344 0.0304 
   H169633.1  1 0.9664 0.0118 0.0218 
   H169633.2  1 0.9696 0.0078 0.0226 
   H169633.3  1 0.9722 0.0118 0.0160 
   H169633.4  1 0.9695 0.0131 0.0173 
   H169633.5  1 0.9753 0.0107 0.0140 
   H169688.1  1 0.1560 0.4032 0.4408 
   H169688.2  1 0.1713 0.3157 0.5129 
   H169688.3  1 0.2547 0.4844 0.2609 
   H169688.4  1 0.0218 0.9701 0.0081 
   H169688.5  1 0.0206 0.9688 0.0107 
   H169688.6  1 0.1610 0.4140 0.4250 
   H169688.7  1 0.4895 0.4444 0.0661 
   H171901.1  1 0.0753 0.7447 0.1800 
   H171901.2  1 0.8951 0.0717 0.0332 
   H171901.3  1 0.8397 0.1114 0.0488 
   H171901.4  1 0.8737 0.0765 0.0498 
   H171901.5  1 0.8701 0.0874 0.0425 
   H171901.6  1 0.8696 0.0922 0.0382 
   H171901.7  1 0.9604 0.0289 0.0106 
   H171902.1  1 0.0422 0.9405 0.0174 
  H171902.10  1 0.0485 0.9291 0.0224 
   H171902.2  1 0.0438 0.9250 0.0312 
   H171902.3  1 0.0394 0.9437 0.0168 
   H171902.4  1 0.1708 0.8071 0.0221 
   H171902.6  1 0.0532 0.9267 0.0201 
   H171902.7  1 0.0609 0.9230 0.0161 
   H171902.8  1 0.0644 0.9055 0.0301 
   H171902.9  1 0.0124 0.9780 0.0096 
   H171903.1  1 0.0293 0.9587 0.0120 
   H171903.2  1 0.0368 0.9155 0.0477 
   H171903.3  1 0.2002 0.7351 0.0648 
   H171903.4  1 0.0137 0.9756 0.0107 
   H171903.5  1 0.0295 0.9456 0.0249 
   H171903.6  1 0.0372 0.9544 0.0084 
      H177.1  1 0.7637 0.1832 0.0531 
      H177.2  1 0.8319 0.0691 0.0990 
      H177.3  1 0.8597 0.1012 0.0391 
      H177.4  1 0.9421 0.0158 0.0421 
      H177.5  1 0.8814 0.0546 0.0640 
      H177.6  1 0.8863 0.0788 0.0348 
      H179.1  1 0.0084 0.0125 0.9791 
      H179.2  1 0.0144 0.0531 0.9325 
      H179.3  1 0.0146 0.0775 0.9079 
      H179.4  1 0.1647 0.0135 0.8218 
      H180.1  1 0.0097 0.9319 0.0584 
      H180.2  1 0.0285 0.9047 0.0667 
      H180.3  1 0.0121 0.9767 0.0112 
      H180.4  1 0.0264 0.8483 0.1253 
      H180.5  1 0.0466 0.9020 0.0514 
      H180.6  1 0.1310 0.8520 0.0170 
      H181.1  1 0.1606 0.1437 0.6957 
      H181.2  1 0.0934 0.0364 0.8702 
      H181.3  1 0.0859 0.0198 0.8943 
      H181.4  1 0.2888 0.2492 0.4620 
      H181.5  1 0.0113 0.0096 0.9791 
      H181.6  1 0.0246 0.0371 0.9383 
      H181.7  1 0.0501 0.0212 0.9287 
 H194.1_2004  1 0.9311 0.0603 0.0086 
 H194.2_2004  1 0.8780 0.1043 0.0177 
 H194.3_2004  1 0.9703 0.0137 0.0160 
 H194.4_2004  1 0.9743 0.0173 0.0084 
 H194.5_2004  1 0.9627 0.0155 0.0219 
 H194.6_2004  1 0.9655 0.0223 0.0123 
 H194.7_2004  1 0.9551 0.0246 0.0203 
 H194.8_2004  1 0.9631 0.0219 0.0150 
      H194.9  1 0.9582 0.0311 0.0107 
 H195.1_2003  1 0.9787 0.0086 0.0127 
 H195.1_2004  1 0.9766 0.0108 0.0127 
 H195.2_2003  1 0.9459 0.0395 0.0145 
 H195.2_2004  1 0.9817 0.0111 0.0072 
 H195.3_2003  1 0.7189 0.2269 0.0542 
 H195.3_2004  1 0.9847 0.0076 0.0077 
 H195.4_2003  1 0.9813 0.0083 0.0104 
 H195.4_2004  1 0.9842 0.0078 0.0080 
 H195.5_2003  1 0.9723 0.0129 0.0148 
 H195.5_2004  1 0.9802 0.0076 0.0121 
 H195.6_2003  1 0.9262 0.0503 0.0234 
 H195.6_2004  1 0.9793 0.0070 0.0137 
 H195.7_2003  1 0.9771 0.0092 0.0137 
 H195.7_2004  1 0.9630 0.0258 0.0112 
      H195.8  1 0.9773 0.0098 0.0129 
      H195.9  1 0.9840 0.0080 0.0080 
      H415.1  1 0.6107 0.3704 0.0189 
      H415.2  1 0.2208 0.4336 0.3456 
      H415.3  1 0.8265 0.0434 0.1301 
      H415.4  1 0.6895 0.2823 0.0282 
      H415.5  1 0.8782 0.0583 0.0635 
      H415.6  1 0.6785 0.2879 0.0336 
      H415.7  1 0.8900 0.0462 0.0639 
      H506.1  1 0.0098 0.0053 0.9848 
      H506.2  1 0.0685 0.0051 0.9264 
      H506.3  1 0.0168 0.0134 0.9698 
      H506.4  1 0.0171 0.0239 0.9590 
      H506.5  1 0.0334 0.0080 0.9586 
      H506.6  1 0.0686 0.0246 0.9068 
      H506.7  1 0.0218 0.0049 0.9733 
      H533.1  1 0.0283 0.0069 0.9648 
      H533.2  1 0.0451 0.0075 0.9475 
      H533.3  1 0.0195 0.0115 0.9690 
      H533.4  1 0.1969 0.0142 0.7889 
      H535.1  1 0.9733 0.0135 0.0132 
      H535.2  1 0.9699 0.0073 0.0228 
      H535.3  1 0.9624 0.0089 0.0287 
      H535.4  1 0.9827 0.0052 0.0121 
      H535.5  1 0.9842 0.0062 0.0095 
      H535.6  1 0.9647 0.0225 0.0128 
      H535.7  1 0.9828 0.0072 0.0100 
      H535.8  1 0.9808 0.0072 0.0120 
      H535.9  1 0.9697 0.0184 0.0119 
      H539.1  1 0.0062 0.9891 0.0047 
      H539.2  1 0.0109 0.9793 0.0099 
      H539.3  1 0.0093 0.9835 0.0072 
      H539.4  1 0.0066 0.9878 0.0057 
      H539.5  1 0.0047 0.9899 0.0055 
      H539.6  1 0.0055 0.9889 0.0056 
      H539.7  1 0.0062 0.9883 0.0055 
      H539.8  1 0.0107 0.9783 0.0110 
      H539.9  1 0.0044 0.9883 0.0073 
      H540.1  1 0.0106 0.9823 0.0070 
      H540.2  1 0.0077 0.9844 0.0078 
      H540.3  1 0.0226 0.9618 0.0156 
      H540.4  1 0.0067 0.9855 0.0079 
      H540.5  1 0.0077 0.9829 0.0094 
      H540.6  1 0.0091 0.9803 0.0106 
      H540.7  1 0.0136 0.9732 0.0132 
      H540.8  1 0.0157 0.9778 0.0065 
     H9558.1  1 0.0088 0.9832 0.0079 
     H9558.2  1 0.0140 0.9681 0.0179 
     H9558.3  1 0.0101 0.9675 0.0224 
     H9558.4  1 0.0088 0.9843 0.0069 
     H9558.5  1 0.0061 0.9857 0.0083 
     H9558.6  1 0.0141 0.9700 0.0159 
    kos339.1  1 0.8248 0.0164 0.1588 
    kos339.2  1 0.9672 0.0089 0.0238 
    kos339.3  1 0.9780 0.0113 0.0107 
    kos339.4  1 0.9730 0.0135 0.0136 
    kos339.5  1 0.8633 0.0211 0.1156 
    kos339.6  1 0.9710 0.0075 0.0214 
    kos339.7  1 0.9807 0.0098 0.0095 
    kos339.8  1 0.9673 0.0074 0.0253 
    kos339.9  1 0.9199 0.0421 0.0379 
      H409.1 12 0.0156 0.0071 0.9773 
     H409.10 12 0.0140 0.0158 0.9703 
      H409.2 12 0.0290 0.0134 0.9576 
      H409.3 12 0.0225 0.0153 0.9622 
      H409.4 12 0.0270 0.0099 0.9631 
      H409.5 12 0.0213 0.0267 0.9520 
      H409.6 12 0.0118 0.0123 0.9759 
      H409.7 12 0.0285 0.0080 0.9635 
      H409.8 12 0.0139 0.0084 0.9777 
      H409.9 12 0.0102 0.2600 0.7298 
      H413.1 12 0.0184 0.0241 0.9575 
      H413.2 12 0.0385 0.0199 0.9416 
      H413.3 12 0.0099 0.0239 0.9662 
      H413.4 12 0.0110 0.0149 0.9742 
      H413.5 12 0.0103 0.2812 0.7084 
      H413.6 12 0.0234 0.1676 0.8090 
      H413.7 12 0.0200 0.0227 0.9573 
      H563.1 12 0.0103 0.0165 0.9732 
      H563.2 12 0.0172 0.0112 0.9716 
      H563.3 12 0.0088 0.0171 0.9741 
      H563.4 12 0.0095 0.0102 0.9803 
      H563.5 12 0.0094 0.0159 0.9747 
      H563.6 12 0.0130 0.0109 0.9761 
      H563.7 12 0.0129 0.0078 0.9794 
      H563.8 12 0.0119 0.0320 0.9561 
      H563.9 12 0.0140 0.0130 0.9730 
     H7374.1 12 0.3620 0.0186 0.6194 
     H7374.2 12 0.2444 0.0505 0.7052 
     H7374.3 12 0.4121 0.0287 0.5592 
     H7374.4 12 0.4374 0.0380 0.5246 
     H7374.5 12 0.2955 0.0320 0.6726 
     H7374.6 12 0.6168 0.0284 0.3549 
     H7374.7 12 0.4458 0.0102 0.5440 
     H7374.8 12 0.4065 0.0124 0.5810 
     H7374.9 12 0.3762 0.0348 0.5890 
     H9563.1 12 0.0129 0.0141 0.9730 
     H9563.2 12 0.0121 0.0272 0.9607 
     H9563.3 12 0.0190 0.0050 0.9759 
     H9563.4 12 0.0418 0.0241 0.9342 
     H9563.5 12 0.0164 0.0116 0.9720 
     H9563.6 12 0.0104 0.0072 0.9824 
     H9563.7 12 0.0113 0.0105 0.9783 
     H9563.8 12 0.0362 0.0343 0.9294 
     H9563.9 12 0.0101 0.0261 0.9638 
     H9572.1 12 0.0321 0.1861 0.7818 
     H9572.2 12 0.2453 0.1203 0.6344 
     H9572.3 12 0.3293 0.1488 0.5220 
     H9572.4 12 0.5202 0.0451 0.4347 
     H9572.5 12 0.6126 0.1275 0.2599 
