      H105.1  1 0.0030 0.0025 0.0030 0.0022 0.0028 0.0033 0.0026 0.0039 0.9420 0.0043 0.0035 0.0024 0.0022 0.0018 0.0032 0.0029 0.0022 0.0030 0.0025 0.0034 0.0032 
      H105.2  1 0.0068 0.0017 0.0025 0.0033 0.0034 0.0041 0.0026 0.0054 0.9172 0.0028 0.0084 0.0029 0.0056 0.0052 0.0058 0.0052 0.0029 0.0043 0.0032 0.0028 0.0038 
      H105.3  1 0.0030 0.0023 0.0028 0.0019 0.0031 0.0030 0.0025 0.0025 0.9450 0.0045 0.0029 0.0026 0.0029 0.0020 0.0019 0.0031 0.0030 0.0033 0.0022 0.0026 0.0029 
      H105.4  1 0.0030 0.0028 0.0029 0.0027 0.0021 0.0068 0.0051 0.0041 0.9304 0.0047 0.0036 0.0036 0.0052 0.0024 0.0025 0.0046 0.0024 0.0034 0.0026 0.0024 0.0026 
      H105.5  1 0.0041 0.0043 0.0041 0.0061 0.0028 0.0108 0.0031 0.0111 0.8881 0.0046 0.0112 0.0030 0.0061 0.0023 0.0082 0.0077 0.0039 0.0065 0.0045 0.0039 0.0036 
      H105.6  1 0.0034 0.0037 0.0033 0.0071 0.0055 0.0048 0.0082 0.0040 0.9018 0.0055 0.0037 0.0045 0.0088 0.0027 0.0035 0.0055 0.0062 0.0037 0.0076 0.0029 0.0039 
      H105.7  1 0.0061 0.0032 0.0077 0.0060 0.0056 0.0056 0.0040 0.0050 0.8748 0.0147 0.0084 0.0035 0.0064 0.0036 0.0070 0.0050 0.0075 0.0073 0.0117 0.0032 0.0036 
      H105.8  1 0.0061 0.0021 0.0023 0.0029 0.0023 0.0039 0.0022 0.0025 0.9426 0.0029 0.0040 0.0024 0.0026 0.0027 0.0026 0.0032 0.0026 0.0027 0.0021 0.0025 0.0027 
      H115.1  1 0.0089 0.0038 0.0035 0.0202 0.0056 0.0108 0.0032 0.0117 0.0052 0.0123 0.0045 0.0028 0.0338 0.0068 0.0061 0.7654 0.0654 0.0074 0.0043 0.0133 0.0051 
      H115.2  1 0.0030 0.0034 0.0039 0.0343 0.0090 0.0086 0.0034 0.0075 0.0032 0.0056 0.0047 0.0026 0.0039 0.0100 0.0055 0.8629 0.0055 0.0075 0.0067 0.0057 0.0031 
      H115.3  1 0.0030 0.0032 0.0029 0.0113 0.0079 0.0058 0.0036 0.0070 0.0036 0.0049 0.0044 0.0054 0.0031 0.0072 0.0021 0.9015 0.0023 0.0057 0.0033 0.0080 0.0039 
      H115.4  1 0.0281 0.0052 0.0047 0.0045 0.0142 0.0153 0.0047 0.0086 0.0043 0.0036 0.0187 0.0058 0.0030 0.0075 0.0092 0.8274 0.0057 0.0108 0.0034 0.0128 0.0027 
      H115.5  1 0.0055 0.0115 0.0070 0.0226 0.0138 0.0098 0.0080 0.0410 0.0155 0.0064 0.0058 0.0088 0.0057 0.0057 0.0057 0.7455 0.0157 0.0250 0.0050 0.0324 0.0035 
      H115.6  1 0.0037 0.0046 0.0086 0.0184 0.0341 0.0075 0.0066 0.0142 0.0046 0.0088 0.0069 0.0021 0.0036 0.0450 0.0046 0.7734 0.0034 0.0178 0.0053 0.0183 0.0086 
      H115.7  1 0.0060 0.0056 0.0034 0.0142 0.0076 0.0179 0.0057 0.0345 0.0043 0.0099 0.0085 0.0036 0.0135 0.0143 0.0101 0.7630 0.0317 0.0238 0.0079 0.0077 0.0068 
      H115.8  1 0.0033 0.0036 0.0051 0.0202 0.0074 0.0043 0.0021 0.0061 0.0074 0.0078 0.0047 0.0018 0.0029 0.0116 0.0042 0.8765 0.0044 0.0117 0.0032 0.0088 0.0028 
      H115.9  1 0.0072 0.0032 0.0062 0.0539 0.0047 0.0105 0.0027 0.0067 0.0045 0.0098 0.0062 0.0029 0.0140 0.0055 0.0051 0.8209 0.0108 0.0113 0.0049 0.0059 0.0031 
      H145.1  1 0.0034 0.8499 0.0046 0.0123 0.0162 0.0149 0.0067 0.0060 0.0027 0.0070 0.0037 0.0046 0.0050 0.0164 0.0047 0.0060 0.0030 0.0079 0.0132 0.0051 0.0068 
      H145.2  1 0.0041 0.8977 0.0038 0.0036 0.0075 0.0056 0.0072 0.0084 0.0038 0.0063 0.0039 0.0056 0.0036 0.0070 0.0022 0.0040 0.0018 0.0064 0.0068 0.0059 0.0046 
      H145.3  1 0.0029 0.9360 0.0035 0.0026 0.0023 0.0038 0.0019 0.0034 0.0024 0.0025 0.0021 0.0028 0.0029 0.0129 0.0021 0.0023 0.0022 0.0040 0.0028 0.0022 0.0024 
      H145.4  1 0.0026 0.8952 0.0027 0.0048 0.0069 0.0071 0.0035 0.0060 0.0026 0.0077 0.0039 0.0026 0.0060 0.0044 0.0042 0.0035 0.0030 0.0049 0.0190 0.0034 0.0060 
      H145.5  1 0.0026 0.9198 0.0035 0.0023 0.0028 0.0026 0.0027 0.0039 0.0034 0.0024 0.0022 0.0021 0.0032 0.0231 0.0033 0.0024 0.0023 0.0029 0.0050 0.0025 0.0048 
      H145.6  1 0.0042 0.9143 0.0024 0.0031 0.0067 0.0048 0.0074 0.0053 0.0022 0.0067 0.0036 0.0041 0.0025 0.0038 0.0025 0.0023 0.0020 0.0062 0.0076 0.0047 0.0035 
      H145.7  1 0.0023 0.9327 0.0042 0.0019 0.0033 0.0024 0.0043 0.0039 0.0026 0.0037 0.0035 0.0026 0.0029 0.0043 0.0024 0.0029 0.0020 0.0041 0.0045 0.0060 0.0032 
      H149.1  1 0.0026 0.0032 0.0026 0.0028 0.0046 0.0024 0.0024 0.0033 0.0027 0.0024 0.0029 0.0024 0.0041 0.0055 0.0026 0.0029 0.0023 0.0028 0.0052 0.9367 0.0036 
      H149.2  1 0.0023 0.0058 0.0031 0.0026 0.0038 0.0055 0.0026 0.0055 0.0041 0.0038 0.0058 0.0034 0.0051 0.0054 0.0030 0.0030 0.0022 0.0055 0.0074 0.9159 0.0042 
      H149.3  1 0.0125 0.0362 0.0042 0.0046 0.0085 0.0342 0.0077 0.0416 0.0101 0.0343 0.0096 0.0108 0.0108 0.0152 0.0135 0.0183 0.0047 0.0351 0.0179 0.6643 0.0060 
      H149.4  1 0.0201 0.0030 0.0098 0.0031 0.0039 0.0021 0.0029 0.0037 0.0062 0.0062 0.0060 0.0031 0.0049 0.0063 0.0068 0.0040 0.0036 0.0084 0.0033 0.8893 0.0032 
      H149.5  1 0.0181 0.0134 0.0087 0.0020 0.0048 0.0203 0.0065 0.0269 0.0161 0.0436 0.0267 0.0092 0.0080 0.0051 0.0131 0.0038 0.0032 0.0224 0.0080 0.7361 0.0042 
      H149.6  1 0.0034 0.0054 0.0022 0.0025 0.0042 0.0042 0.0031 0.0052 0.0059 0.0079 0.0042 0.0031 0.0051 0.0046 0.0035 0.0033 0.0025 0.0056 0.0057 0.9152 0.0032 
      H149.7  1 0.0306 0.0042 0.0144 0.0039 0.0109 0.0126 0.0078 0.0421 0.0147 0.0325 0.0154 0.0044 0.0147 0.0075 0.0536 0.0123 0.0053 0.0347 0.0302 0.6420 0.0063 
      H150.1  1 0.0024 0.0041 0.0050 0.2101 0.0048 0.0068 0.0062 0.0079 0.0043 0.0057 0.0032 0.0021 0.0063 0.0070 0.0045 0.6997 0.0037 0.0059 0.0050 0.0021 0.0032 
      H150.2  1 0.0036 0.0024 0.0044 0.0391 0.0074 0.0043 0.0069 0.0145 0.0044 0.0060 0.0050 0.0030 0.0037 0.0113 0.0070 0.8418 0.0077 0.0133 0.0051 0.0041 0.0050 
      H150.3  1 0.0040 0.0064 0.0051 0.5533 0.0090 0.0111 0.0057 0.0248 0.0052 0.0079 0.0051 0.0021 0.0078 0.0558 0.0131 0.2109 0.0399 0.0108 0.0084 0.0054 0.0082 
      H150.4  1 0.0028 0.0087 0.0068 0.7474 0.0057 0.0062 0.0042 0.0061 0.0039 0.0061 0.0030 0.0019 0.0046 0.0127 0.0091 0.1445 0.0062 0.0068 0.0047 0.0031 0.0052 
      H150.5  1 0.0033 0.0037 0.0032 0.0475 0.0080 0.0070 0.0056 0.0123 0.0046 0.0119 0.0053 0.0025 0.0051 0.0048 0.0063 0.8401 0.0044 0.0087 0.0069 0.0032 0.0055 
      H150.6  1 0.0037 0.0064 0.0039 0.0100 0.0043 0.0068 0.0072 0.0167 0.0063 0.0031 0.0164 0.0034 0.0083 0.0052 0.0062 0.8599 0.0026 0.0143 0.0032 0.0039 0.0080 
      H150.7  1 0.0028 0.0045 0.0055 0.6205 0.0041 0.0063 0.0044 0.0089 0.0120 0.0050 0.0081 0.0021 0.0035 0.0161 0.0035 0.2640 0.0051 0.0107 0.0054 0.0039 0.0037 
   H169607.1  1 0.0090 0.0101 0.0031 0.0120 0.0071 0.8611 0.0105 0.0120 0.0025 0.0034 0.0040 0.0027 0.0032 0.0199 0.0055 0.0074 0.0039 0.0089 0.0050 0.0032 0.0055 
   H169607.2  1 0.0023 0.0027 0.0071 0.0064 0.0027 0.9247 0.0071 0.0033 0.0036 0.0034 0.0031 0.0037 0.0028 0.0038 0.0029 0.0032 0.0033 0.0036 0.0040 0.0026 0.0037 
   H169607.3  1 0.0059 0.0093 0.0034 0.0039 0.0054 0.8900 0.0071 0.0062 0.0033 0.0040 0.0065 0.0031 0.0046 0.0084 0.0069 0.0062 0.0028 0.0088 0.0061 0.0038 0.0041 
   H169607.4  1 0.0020 0.0039 0.0029 0.0054 0.0033 0.9277 0.0089 0.0032 0.0025 0.0027 0.0020 0.0029 0.0030 0.0059 0.0025 0.0030 0.0023 0.0045 0.0033 0.0024 0.0058 
   H169607.5  1 0.0022 0.0031 0.0037 0.0053 0.0023 0.9386 0.0028 0.0042 0.0018 0.0034 0.0028 0.0025 0.0023 0.0029 0.0025 0.0032 0.0036 0.0037 0.0039 0.0023 0.0027 
   H169607.6  1 0.0037 0.0025 0.0041 0.0048 0.0019 0.9315 0.0064 0.0031 0.0042 0.0025 0.0050 0.0033 0.0024 0.0051 0.0023 0.0031 0.0029 0.0036 0.0031 0.0020 0.0025 
   H169607.7  1 0.0093 0.0050 0.0034 0.0040 0.0032 0.9110 0.0048 0.0065 0.0048 0.0032 0.0040 0.0026 0.0024 0.0055 0.0055 0.0078 0.0023 0.0052 0.0034 0.0035 0.0025 
   H169607.8  1 0.0028 0.0041 0.0063 0.0036 0.0024 0.9284 0.0036 0.0042 0.0034 0.0037 0.0032 0.0033 0.0026 0.0047 0.0029 0.0025 0.0029 0.0033 0.0035 0.0022 0.0063 
   H169633.1  1 0.0034 0.0125 0.0039 0.0067 0.0067 0.0030 0.0096 0.0093 0.0042 0.0076 0.0049 0.0052 0.0038 0.0035 0.0199 0.0042 0.0171 0.0094 0.0081 0.8529 0.0040 
   H169633.2  1 0.0088 0.0132 0.0034 0.0020 0.0844 0.0019 0.0086 0.0297 0.0125 0.0033 0.0059 0.0080 0.0092 0.0027 0.0152 0.0059 0.0057 0.0162 0.0040 0.7532 0.0062 
   H169633.3  1 0.0055 0.0043 0.0066 0.0074 0.0082 0.0032 0.0061 0.0132 0.0038 0.0082 0.0059 0.0073 0.0070 0.0044 0.0058 0.0077 0.0111 0.0142 0.0304 0.8332 0.0068 
   H169633.4  1 0.0045 0.0082 0.0046 0.0067 0.0062 0.0064 0.0038 0.0088 0.0036 0.0068 0.0056 0.0052 0.0060 0.0047 0.0032 0.0070 0.0107 0.0083 0.0220 0.8620 0.0058 
   H169633.5  1 0.0044 0.0096 0.0046 0.0077 0.0064 0.0067 0.0033 0.0072 0.0046 0.0096 0.0062 0.0066 0.0048 0.0045 0.0040 0.0049 0.0128 0.0092 0.0131 0.8626 0.0072 
   H169688.1  1 0.0087 0.0055 0.0099 0.0063 0.0027 0.0118 0.0075 0.0075 0.0035 0.0029 0.0113 0.0119 0.0047 0.0200 0.8198 0.0037 0.0303 0.0084 0.0115 0.0060 0.0061 
   H169688.2  1 0.0059 0.0027 0.0041 0.0027 0.0032 0.0046 0.0068 0.0045 0.0084 0.0041 0.0058 0.0031 0.0099 0.0029 0.9008 0.0026 0.0049 0.0063 0.0091 0.0029 0.0046 
   H169688.3  1 0.0033 0.0032 0.0020 0.0032 0.0036 0.0028 0.0037 0.0032 0.0038 0.0036 0.0034 0.0020 0.0056 0.0031 0.9356 0.0024 0.0027 0.0035 0.0033 0.0028 0.0031 
   H169688.4  1 0.0028 0.0027 0.0023 0.0037 0.0027 0.0033 0.0023 0.0035 0.0017 0.0025 0.0021 0.0022 0.0039 0.0025 0.9444 0.0046 0.0020 0.0033 0.0027 0.0028 0.0020 
   H169688.5  1 0.0030 0.0028 0.0018 0.0036 0.0028 0.0031 0.0027 0.0028 0.0017 0.0031 0.0026 0.0023 0.0036 0.0026 0.9439 0.0040 0.0021 0.0033 0.0029 0.0026 0.0026 
   H169688.6  1 0.0524 0.0027 0.0036 0.0027 0.0019 0.0025 0.0032 0.0043 0.0022 0.0021 0.0044 0.0049 0.0026 0.0029 0.8816 0.0021 0.0039 0.0043 0.0041 0.0077 0.0038 
   H169688.7  1 0.0044 0.0126 0.0108 0.0066 0.0061 0.0029 0.0069 0.0077 0.0050 0.0036 0.0037 0.0018 0.0084 0.0117 0.8743 0.0091 0.0029 0.0069 0.0053 0.0033 0.0059 
   H171901.1  1 0.0052 0.0204 0.0032 0.0160 0.0104 0.0742 0.0067 0.3125 0.0260 0.0156 0.0246 0.0021 0.0053 0.0053 0.0079 0.0507 0.0232 0.3146 0.0650 0.0052 0.0059 
   H171901.2  1 0.0033 0.0073 0.0127 0.0210 0.0076 0.0220 0.0138 0.0206 0.0997 0.0056 0.0074 0.0041 0.0052 0.0069 0.0053 0.0142 0.0041 0.0319 0.0177 0.6667 0.0231 
   H171901.3  1 0.0053 0.0040 0.0039 0.0173 0.0137 0.0517 0.0228 0.0489 0.0113 0.0088 0.0115 0.0067 0.0088 0.0037 0.0177 0.0378 0.0145 0.0397 0.0337 0.6257 0.0125 
   H171901.4  1 0.0041 0.0039 0.0054 0.0123 0.0120 0.0374 0.0438 0.0171 0.0738 0.0048 0.0052 0.0043 0.0060 0.0070 0.0056 0.0263 0.0052 0.0154 0.0041 0.6940 0.0123 
   H171901.5  1 0.0107 0.0049 0.0051 0.0139 0.0301 0.0278 0.1026 0.0689 0.0327 0.0036 0.0253 0.0048 0.0089 0.0125 0.0049 0.0559 0.0030 0.0477 0.0081 0.5011 0.0277 
   H171901.6  1 0.0118 0.0055 0.0057 0.0230 0.0702 0.0123 0.2147 0.0633 0.0161 0.0047 0.0663 0.0076 0.0202 0.0237 0.0114 0.0418 0.0035 0.0799 0.0279 0.2763 0.0143 
   H171901.7  1 0.0077 0.0058 0.0044 0.0114 0.0167 0.0130 0.0229 0.0600 0.0047 0.0055 0.0483 0.0075 0.0056 0.0061 0.0216 0.0236 0.0083 0.0980 0.3502 0.2734 0.0053 
   H171902.1  1 0.0045 0.0034 0.0047 0.0031 0.0063 0.0047 0.0076 0.0034 0.0021 0.0022 0.0028 0.0024 0.0032 0.9280 0.0032 0.0026 0.0022 0.0040 0.0035 0.0038 0.0025 
  H171902.10  1 0.0043 0.0028 0.0033 0.0032 0.0037 0.0042 0.0018 0.0029 0.0026 0.0032 0.0041 0.0019 0.0024 0.9338 0.0039 0.0047 0.0022 0.0039 0.0033 0.0046 0.0031 
   H171902.2  1 0.0057 0.0030 0.0045 0.0043 0.0050 0.0043 0.0142 0.0042 0.0027 0.0027 0.0046 0.0020 0.0033 0.9045 0.0055 0.0039 0.0049 0.0043 0.0036 0.0100 0.0028 
   H171902.3  1 0.0036 0.0030 0.0036 0.0044 0.0061 0.0042 0.0078 0.0040 0.0020 0.0027 0.0037 0.0033 0.0027 0.9142 0.0031 0.0045 0.0033 0.0034 0.0040 0.0137 0.0026 
   H171902.4  1 0.0031 0.0030 0.0033 0.0024 0.0045 0.0020 0.0023 0.0039 0.0023 0.0029 0.0035 0.0021 0.0029 0.9221 0.0027 0.0034 0.0026 0.0038 0.0043 0.0184 0.0045 
   H171902.6  1 0.0025 0.0028 0.0037 0.0043 0.0032 0.0037 0.0024 0.0025 0.0022 0.0025 0.0043 0.0022 0.0032 0.9398 0.0022 0.0030 0.0021 0.0035 0.0029 0.0035 0.0036 
   H171902.7  1 0.0038 0.0033 0.0036 0.0026 0.0058 0.0232 0.0026 0.0068 0.0080 0.0030 0.0041 0.0023 0.0040 0.8832 0.0036 0.0070 0.0019 0.0092 0.0105 0.0070 0.0045 
   H171902.8  1 0.0036 0.0026 0.0029 0.0053 0.0049 0.0042 0.0032 0.0033 0.0029 0.0025 0.0056 0.0026 0.0027 0.9252 0.0029 0.0034 0.0024 0.0051 0.0048 0.0063 0.0034 
   H171902.9  1 0.0023 0.0039 0.0037 0.0065 0.0038 0.0060 0.0037 0.0036 0.0028 0.0029 0.0030 0.0029 0.0029 0.9308 0.0027 0.0033 0.0028 0.0030 0.0032 0.0033 0.0029 
   H171903.1  1 0.0034 0.0029 0.0036 0.0160 0.0052 0.8814 0.0040 0.0063 0.0072 0.0038 0.0041 0.0031 0.0036 0.0038 0.0093 0.0171 0.0044 0.0072 0.0070 0.0030 0.0036 
   H171903.2  1 0.0055 0.0055 0.0038 0.0241 0.0092 0.7753 0.0087 0.0308 0.0315 0.0080 0.0059 0.0118 0.0085 0.0030 0.0063 0.0167 0.0028 0.0229 0.0076 0.0028 0.0091 
   H171903.3  1 0.0036 0.0040 0.0041 0.0104 0.1025 0.5551 0.0030 0.0585 0.0456 0.0057 0.0063 0.0193 0.0191 0.0037 0.0114 0.0104 0.0053 0.0533 0.0570 0.0048 0.0169 
   H171903.4  1 0.0034 0.0066 0.0036 0.0083 0.0095 0.6974 0.0053 0.0174 0.0059 0.0051 0.0049 0.0041 0.0036 0.0323 0.1033 0.0184 0.0051 0.0224 0.0310 0.0046 0.0078 
   H171903.5  1 0.0053 0.0041 0.0034 0.0225 0.0319 0.5644 0.0048 0.1119 0.0224 0.0067 0.0189 0.0060 0.0137 0.0043 0.0739 0.0107 0.0040 0.0534 0.0183 0.0153 0.0042 
   H171903.6  1 0.0034 0.0027 0.0024 0.0101 0.0039 0.7203 0.0029 0.0146 0.0033 0.0031 0.0056 0.0039 0.0050 0.0046 0.1650 0.0135 0.0021 0.0120 0.0083 0.0107 0.0027 
      H177.1  1 0.0324 0.0061 0.0115 0.0156 0.0069 0.0165 0.0049 0.1007 0.0033 0.0048 0.0251 0.0133 0.0059 0.0086 0.0195 0.0268 0.0059 0.2438 0.3632 0.0106 0.0745 
      H177.2  1 0.0468 0.1448 0.0686 0.0082 0.0085 0.0389 0.0047 0.1832 0.0033 0.0078 0.0773 0.0075 0.0136 0.0057 0.0050 0.0281 0.0031 0.2728 0.0142 0.0291 0.0287 
      H177.3  1 0.0275 0.0494 0.0087 0.0128 0.0175 0.0774 0.0037 0.1801 0.0041 0.0100 0.0346 0.0172 0.0065 0.0157 0.0100 0.0140 0.0029 0.3477 0.0746 0.0556 0.0300 
      H177.4  1 0.3156 0.0081 0.0070 0.0034 0.0077 0.0103 0.0062 0.0094 0.0087 0.0079 0.0119 0.0398 0.0034 0.0054 0.0035 0.0043 0.0020 0.1609 0.3698 0.0079 0.0068 
      H177.5  1 0.0605 0.0097 0.0247 0.0076 0.0130 0.0070 0.0152 0.1396 0.0063 0.0135 0.0137 0.0056 0.0119 0.0046 0.0242 0.0212 0.0033 0.2299 0.3582 0.0093 0.0209 
      H177.6  1 0.0391 0.0167 0.0112 0.0115 0.0139 0.0422 0.0057 0.1668 0.0032 0.0058 0.0315 0.0129 0.0090 0.0117 0.0103 0.0150 0.0035 0.3253 0.1206 0.1022 0.0419 
      H179.1  1 0.8132 0.0020 0.0048 0.0127 0.0075 0.0050 0.0106 0.0081 0.0047 0.0059 0.0044 0.0021 0.0502 0.0046 0.0163 0.0066 0.0092 0.0094 0.0148 0.0034 0.0044 
      H179.2  1 0.7668 0.0022 0.0034 0.0063 0.0366 0.0048 0.0065 0.0131 0.0052 0.0041 0.0114 0.0231 0.0526 0.0061 0.0126 0.0084 0.0029 0.0146 0.0066 0.0049 0.0078 
      H179.3  1 0.7078 0.0028 0.0039 0.0206 0.0072 0.0113 0.0175 0.0135 0.0037 0.0080 0.0079 0.0048 0.0162 0.0052 0.1044 0.0125 0.0085 0.0116 0.0225 0.0039 0.0061 
      H179.4  1 0.6565 0.0050 0.0071 0.0051 0.0143 0.0131 0.0414 0.0261 0.0066 0.0058 0.0083 0.0605 0.0116 0.0046 0.0181 0.0062 0.0052 0.0186 0.0329 0.0148 0.0382 
      H180.1  1 0.0175 0.0025 0.0031 0.0041 0.0080 0.0045 0.0035 0.0075 0.0038 0.0027 0.0229 0.0025 0.0044 0.0092 0.0036 0.8799 0.0046 0.0072 0.0021 0.0026 0.0039 
      H180.2  1 0.0039 0.0025 0.0032 0.0040 0.0044 0.0026 0.0032 0.0044 0.0037 0.0020 0.0051 0.0032 0.0052 0.0024 0.0027 0.9284 0.0058 0.0057 0.0033 0.0021 0.0023 
      H180.3  1 0.0062 0.0064 0.0060 0.0089 0.0097 0.0068 0.0042 0.0078 0.0032 0.0023 0.0034 0.0043 0.0061 0.0035 0.0050 0.8952 0.0036 0.0063 0.0041 0.0049 0.0022 
      H180.4  1 0.0077 0.0022 0.0042 0.0039 0.0028 0.0033 0.0051 0.0099 0.0041 0.0039 0.0121 0.0033 0.0048 0.0058 0.0028 0.9003 0.0056 0.0074 0.0030 0.0044 0.0036 
      H180.5  1 0.0097 0.0036 0.0057 0.0029 0.0038 0.0025 0.0041 0.0051 0.0024 0.0036 0.0104 0.0031 0.0030 0.0044 0.0038 0.9129 0.0026 0.0066 0.0035 0.0034 0.0031 
      H180.6  1 0.0067 0.0134 0.0208 0.0057 0.0041 0.0055 0.0073 0.0085 0.0049 0.0029 0.0051 0.0041 0.0035 0.0044 0.0027 0.8660 0.0038 0.0105 0.0074 0.0106 0.0020 
      H181.1  1 0.0041 0.0032 0.0063 0.0028 0.0039 0.0103 0.0022 0.0056 0.0074 0.0028 0.9006 0.0035 0.0033 0.0049 0.0042 0.0048 0.0028 0.0071 0.0042 0.0137 0.0023 
      H181.2  1 0.0063 0.0067 0.0073 0.0029 0.0035 0.0033 0.0086 0.0055 0.0033 0.0026 0.9074 0.0027 0.0042 0.0063 0.0037 0.0035 0.0036 0.0057 0.0027 0.0053 0.0047 
      H181.3  1 0.0044 0.0039 0.0071 0.0043 0.0029 0.0038 0.0053 0.0045 0.0056 0.0035 0.9024 0.0024 0.0022 0.0074 0.0044 0.0055 0.0061 0.0056 0.0039 0.0110 0.0038 
      H181.4  1 0.0041 0.0040 0.0362 0.0173 0.0044 0.0075 0.0157 0.0237 0.0075 0.0073 0.7703 0.0052 0.0059 0.0050 0.0066 0.0114 0.0040 0.0374 0.0039 0.0183 0.0042 
      H181.5  1 0.0095 0.0025 0.0039 0.0028 0.0043 0.0031 0.0035 0.0067 0.0051 0.0041 0.9107 0.0036 0.0062 0.0054 0.0047 0.0037 0.0039 0.0049 0.0052 0.0036 0.0025 
      H181.6  1 0.0184 0.0025 0.0035 0.0047 0.0080 0.0049 0.0078 0.0065 0.0056 0.0032 0.8876 0.0051 0.0046 0.0052 0.0029 0.0087 0.0029 0.0059 0.0053 0.0036 0.0032 
      H181.7  1 0.0125 0.0038 0.0035 0.0042 0.0047 0.0039 0.0034 0.0060 0.0053 0.0038 0.9074 0.0058 0.0058 0.0035 0.0040 0.0030 0.0032 0.0049 0.0038 0.0048 0.0027 
 H194.1_2004  1 0.0023 0.0038 0.0031 0.0052 0.0081 0.0063 0.0049 0.0055 0.0017 0.0037 0.0022 0.0033 0.0057 0.0040 0.0047 0.0041 0.0020 0.0039 0.9187 0.0042 0.0025 
 H194.2_2004  1 0.0022 0.0052 0.0030 0.0040 0.0032 0.0099 0.0040 0.0033 0.0029 0.0030 0.0043 0.0023 0.0028 0.0036 0.0030 0.0025 0.0041 0.0049 0.9258 0.0028 0.0032 
 H194.3_2004  1 0.0093 0.0087 0.0044 0.0030 0.0084 0.0036 0.0086 0.0118 0.0032 0.0033 0.0047 0.0034 0.0423 0.0064 0.0048 0.0035 0.0024 0.0088 0.8334 0.0192 0.0067 
 H194.4_2004  1 0.0035 0.0079 0.0037 0.0041 0.0044 0.0047 0.0058 0.0039 0.0031 0.0020 0.0047 0.0027 0.0029 0.0051 0.0023 0.0027 0.0033 0.0054 0.9170 0.0071 0.0033 
 H194.5_2004  1 0.0047 0.0057 0.0071 0.0029 0.0135 0.0091 0.0103 0.0060 0.0040 0.0040 0.0039 0.0055 0.0165 0.0049 0.0053 0.0029 0.0027 0.0097 0.8661 0.0089 0.0064 
 H194.6_2004  1 0.0056 0.0053 0.0054 0.0057 0.0092 0.0072 0.0095 0.0109 0.0026 0.0032 0.0060 0.0131 0.0277 0.0099 0.0044 0.0035 0.0028 0.0270 0.8214 0.0152 0.0046 
 H194.7_2004  1 0.0023 0.0041 0.0043 0.0028 0.0026 0.0048 0.0029 0.0036 0.0030 0.0031 0.0026 0.0033 0.0033 0.0018 0.0038 0.0026 0.0029 0.0033 0.9379 0.0026 0.0024 
 H194.8_2004  1 0.0035 0.0062 0.0044 0.0054 0.0054 0.0034 0.0079 0.0044 0.0030 0.0026 0.0052 0.0048 0.0043 0.0040 0.0030 0.0025 0.0039 0.0052 0.9096 0.0063 0.0050 
      H194.9  1 0.0021 0.0040 0.0055 0.0046 0.0039 0.0047 0.0074 0.0053 0.0017 0.0029 0.0035 0.0032 0.0026 0.0029 0.0028 0.0028 0.0042 0.0030 0.9267 0.0034 0.0030 
 H195.1_2003  1 0.0023 0.0023 0.0027 0.0021 0.0036 0.0026 0.9490 0.0023 0.0028 0.0022 0.0025 0.0025 0.0025 0.0023 0.0020 0.0023 0.0022 0.0027 0.0028 0.0037 0.0027 
 H195.1_2004  1 0.0020 0.9204 0.0030 0.0030 0.0036 0.0025 0.0062 0.0041 0.0025 0.0034 0.0049 0.0032 0.0023 0.0041 0.0039 0.0038 0.0031 0.0047 0.0034 0.0063 0.0097 
 H195.2_2003  1 0.0026 0.0073 0.0101 0.0076 0.0049 0.0062 0.8565 0.0061 0.0040 0.0029 0.0038 0.0042 0.0030 0.0114 0.0457 0.0033 0.0023 0.0049 0.0045 0.0037 0.0050 
 H195.2_2004  1 0.0039 0.8058 0.0075 0.0026 0.0043 0.0030 0.1133 0.0045 0.0028 0.0028 0.0028 0.0033 0.0032 0.0038 0.0081 0.0040 0.0028 0.0067 0.0058 0.0059 0.0032 
 H195.3_2003  1 0.0028 0.0055 0.0056 0.0347 0.0028 0.0125 0.8268 0.0080 0.0068 0.0055 0.0079 0.0035 0.0085 0.0033 0.0221 0.0087 0.0069 0.0097 0.0087 0.0026 0.0072 
 H195.3_2004  1 0.0035 0.7353 0.0043 0.0024 0.0072 0.0041 0.1639 0.0082 0.0032 0.0029 0.0069 0.0040 0.0032 0.0067 0.0038 0.0031 0.0030 0.0060 0.0052 0.0138 0.0093 
 H195.4_2003  1 0.0045 0.0403 0.0026 0.0025 0.0131 0.0025 0.8777 0.0042 0.0029 0.0036 0.0029 0.0042 0.0026 0.0027 0.0017 0.0028 0.0018 0.0041 0.0072 0.0135 0.0025 
 H195.4_2004  1 0.0034 0.8812 0.0050 0.0023 0.0040 0.0039 0.0375 0.0048 0.0020 0.0028 0.0049 0.0063 0.0039 0.0030 0.0102 0.0022 0.0032 0.0054 0.0050 0.0050 0.0039 
 H195.5_2003  1 0.0026 0.0041 0.0028 0.0040 0.0041 0.0022 0.9115 0.0057 0.0026 0.0051 0.0034 0.0050 0.0031 0.0026 0.0020 0.0070 0.0076 0.0053 0.0026 0.0048 0.0120 
 H195.5_2004  1 0.0030 0.9084 0.0023 0.0035 0.0034 0.0029 0.0212 0.0044 0.0033 0.0032 0.0032 0.0036 0.0029 0.0029 0.0027 0.0039 0.0075 0.0051 0.0032 0.0038 0.0057 
 H195.6_2003  1 0.0026 0.0632 0.0052 0.0098 0.0035 0.0074 0.8363 0.0042 0.0040 0.0080 0.0050 0.0046 0.0027 0.0063 0.0118 0.0042 0.0022 0.0068 0.0035 0.0028 0.0059 
 H195.6_2004  1 0.0045 0.8287 0.0041 0.0022 0.0037 0.0043 0.0903 0.0046 0.0048 0.0036 0.0024 0.0046 0.0044 0.0021 0.0048 0.0026 0.0044 0.0076 0.0073 0.0033 0.0055 
 H195.7_2003  1 0.0030 0.0265 0.0041 0.0022 0.0041 0.0043 0.8635 0.0052 0.0036 0.0049 0.0047 0.0036 0.0030 0.0024 0.0452 0.0027 0.0024 0.0045 0.0030 0.0035 0.0035 
 H195.7_2004  1 0.0024 0.9272 0.0037 0.0047 0.0021 0.0036 0.0077 0.0046 0.0021 0.0028 0.0028 0.0028 0.0022 0.0026 0.0065 0.0061 0.0031 0.0041 0.0027 0.0026 0.0037 
      H195.8  1 0.0021 0.9401 0.0024 0.0024 0.0024 0.0028 0.0039 0.0039 0.0019 0.0026 0.0031 0.0036 0.0023 0.0031 0.0034 0.0033 0.0037 0.0035 0.0030 0.0026 0.0040 
      H195.9  1 0.0028 0.8438 0.0062 0.0028 0.0039 0.0076 0.0542 0.0065 0.0018 0.0030 0.0037 0.0074 0.0046 0.0041 0.0054 0.0046 0.0025 0.0076 0.0127 0.0082 0.0067 
      H415.1  1 0.0043 0.0043 0.0029 0.0126 0.8955 0.0034 0.0036 0.0063 0.0032 0.0033 0.0044 0.0019 0.0049 0.0028 0.0074 0.0118 0.0063 0.0046 0.0061 0.0050 0.0052 
      H415.2  1 0.0130 0.0042 0.0080 0.0129 0.7313 0.0221 0.0034 0.0231 0.0037 0.0212 0.0040 0.0033 0.0126 0.0642 0.0121 0.0064 0.0034 0.0257 0.0124 0.0039 0.0093 
      H415.3  1 0.0151 0.0026 0.0049 0.0032 0.9055 0.0027 0.0041 0.0054 0.0029 0.0051 0.0058 0.0018 0.0040 0.0048 0.0044 0.0047 0.0032 0.0041 0.0031 0.0090 0.0036 
      H415.4  1 0.0027 0.0032 0.0031 0.0053 0.9305 0.0026 0.0056 0.0035 0.0039 0.0030 0.0028 0.0019 0.0057 0.0040 0.0025 0.0034 0.0022 0.0032 0.0027 0.0043 0.0040 
      H415.5  1 0.0033 0.0035 0.0023 0.0029 0.9362 0.0024 0.0036 0.0033 0.0021 0.0024 0.0036 0.0026 0.0034 0.0047 0.0026 0.0031 0.0025 0.0037 0.0029 0.0062 0.0028 
      H415.6  1 0.0019 0.0026 0.0024 0.0042 0.9345 0.0026 0.0046 0.0033 0.0035 0.0025 0.0029 0.0021 0.0040 0.0039 0.0023 0.0040 0.0020 0.0030 0.0044 0.0047 0.0045 
      H415.7  1 0.0135 0.0053 0.0104 0.0076 0.7994 0.0224 0.0049 0.0124 0.0028 0.0082 0.0048 0.0051 0.0040 0.0299 0.0100 0.0048 0.0023 0.0209 0.0098 0.0119 0.0096 
      H506.1  1 0.9417 0.0029 0.0040 0.0017 0.0021 0.0024 0.0031 0.0030 0.0031 0.0037 0.0044 0.0029 0.0043 0.0020 0.0021 0.0025 0.0024 0.0027 0.0029 0.0038 0.0022 
      H506.2  1 0.9347 0.0082 0.0032 0.0019 0.0028 0.0027 0.0036 0.0030 0.0031 0.0026 0.0046 0.0025 0.0031 0.0023 0.0019 0.0021 0.0022 0.0054 0.0030 0.0036 0.0037 
      H506.3  1 0.8824 0.0053 0.0048 0.0034 0.0039 0.0041 0.0046 0.0081 0.0038 0.0056 0.0145 0.0030 0.0131 0.0036 0.0086 0.0049 0.0024 0.0089 0.0038 0.0049 0.0063 
      H506.4  1 0.9082 0.0029 0.0033 0.0041 0.0065 0.0061 0.0042 0.0048 0.0022 0.0058 0.0053 0.0112 0.0034 0.0047 0.0035 0.0051 0.0024 0.0055 0.0039 0.0047 0.0025 
      H506.5  1 0.9278 0.0031 0.0027 0.0023 0.0046 0.0037 0.0047 0.0042 0.0027 0.0033 0.0047 0.0056 0.0031 0.0040 0.0019 0.0028 0.0027 0.0035 0.0033 0.0052 0.0041 
      H506.6  1 0.8302 0.0196 0.0037 0.0055 0.0080 0.0154 0.0134 0.0103 0.0031 0.0069 0.0097 0.0070 0.0033 0.0034 0.0087 0.0043 0.0019 0.0153 0.0065 0.0036 0.0203 
      H506.7  1 0.9379 0.0043 0.0028 0.0020 0.0030 0.0022 0.0053 0.0024 0.0033 0.0028 0.0042 0.0036 0.0039 0.0028 0.0021 0.0024 0.0021 0.0035 0.0021 0.0041 0.0033 
      H533.1  1 0.9235 0.0032 0.0026 0.0016 0.0035 0.0021 0.0022 0.0036 0.0101 0.0020 0.0071 0.0041 0.0044 0.0021 0.0024 0.0055 0.0028 0.0035 0.0020 0.0099 0.0019 
      H533.2  1 0.9167 0.0032 0.0029 0.0020 0.0036 0.0026 0.0023 0.0043 0.0089 0.0027 0.0123 0.0039 0.0052 0.0023 0.0021 0.0052 0.0029 0.0050 0.0022 0.0076 0.0022 
      H533.3  1 0.9330 0.0037 0.0035 0.0023 0.0025 0.0058 0.0018 0.0043 0.0033 0.0030 0.0054 0.0027 0.0037 0.0021 0.0029 0.0027 0.0024 0.0034 0.0036 0.0057 0.0022 
      H533.4  1 0.8592 0.0186 0.0052 0.0043 0.0059 0.0144 0.0130 0.0076 0.0043 0.0033 0.0080 0.0079 0.0026 0.0039 0.0039 0.0046 0.0034 0.0070 0.0103 0.0094 0.0032 
      H535.1  1 0.0036 0.0030 0.0034 0.0036 0.0046 0.0040 0.0035 0.0032 0.0021 0.0024 0.0034 0.9355 0.0034 0.0050 0.0019 0.0027 0.0026 0.0031 0.0031 0.0027 0.0031 
      H535.2  1 0.0034 0.0035 0.0031 0.0019 0.0022 0.0028 0.0032 0.0029 0.0035 0.0037 0.0046 0.9401 0.0030 0.0022 0.0020 0.0024 0.0027 0.0034 0.0032 0.0032 0.0032 
      H535.3  1 0.0024 0.0029 0.0030 0.0020 0.0019 0.0030 0.0027 0.0025 0.0026 0.0030 0.0034 0.9472 0.0040 0.0021 0.0022 0.0022 0.0031 0.0032 0.0020 0.0023 0.0023 
      H535.4  1 0.0030 0.0040 0.0025 0.0022 0.0028 0.0028 0.0035 0.0024 0.0026 0.0028 0.0021 0.9427 0.0034 0.0022 0.0020 0.0023 0.0026 0.0027 0.0035 0.0042 0.0038 
      H535.5  1 0.0035 0.0020 0.0022 0.0022 0.0032 0.0035 0.0042 0.0027 0.0025 0.0021 0.0030 0.9453 0.0030 0.0023 0.0022 0.0019 0.0020 0.0025 0.0029 0.0042 0.0027 
      H535.6  1 0.0028 0.0038 0.0030 0.0081 0.0032 0.0062 0.0081 0.0032 0.0023 0.0021 0.0061 0.9181 0.0034 0.0078 0.0022 0.0032 0.0033 0.0042 0.0037 0.0023 0.0030 
      H535.7  1 0.0025 0.0022 0.0021 0.0021 0.0026 0.0024 0.0026 0.0025 0.0021 0.0019 0.0023 0.9544 0.0028 0.0020 0.0022 0.0020 0.0017 0.0023 0.0021 0.0030 0.0022 
      H535.8  1 0.0030 0.0024 0.0033 0.0026 0.0025 0.0036 0.0060 0.0030 0.0034 0.0025 0.0032 0.9400 0.0036 0.0021 0.0022 0.0020 0.0020 0.0029 0.0033 0.0031 0.0033 
      H535.9  1 0.0033 0.0027 0.0026 0.0029 0.0023 0.0034 0.0029 0.0031 0.0022 0.0025 0.0040 0.9436 0.0021 0.0039 0.0023 0.0031 0.0027 0.0032 0.0021 0.0025 0.0027 
      H539.1  1 0.0020 0.0030 0.0034 0.9419 0.0035 0.0032 0.0023 0.0030 0.0029 0.0027 0.0022 0.0022 0.0020 0.0055 0.0021 0.0048 0.0030 0.0030 0.0029 0.0021 0.0023 
      H539.2  1 0.0042 0.0044 0.0088 0.5184 0.0048 0.0680 0.0071 0.0373 0.0040 0.0066 0.0053 0.0097 0.0052 0.0057 0.0235 0.1472 0.0421 0.0556 0.0176 0.0049 0.0195 
      H539.3  1 0.0041 0.0059 0.0036 0.8405 0.0038 0.0222 0.0165 0.0090 0.0029 0.0040 0.0030 0.0114 0.0038 0.0057 0.0105 0.0075 0.0080 0.0102 0.0185 0.0032 0.0056 
      H539.4  1 0.0035 0.0031 0.0029 0.8760 0.0050 0.0052 0.0028 0.0064 0.0031 0.0058 0.0036 0.0032 0.0046 0.0053 0.0076 0.0409 0.0038 0.0064 0.0032 0.0032 0.0045 
      H539.5  1 0.0022 0.0027 0.0044 0.9366 0.0024 0.0053 0.0020 0.0033 0.0028 0.0022 0.0026 0.0035 0.0032 0.0040 0.0024 0.0056 0.0031 0.0031 0.0042 0.0020 0.0025 
      H539.6  1 0.0029 0.0035 0.0044 0.9267 0.0029 0.0083 0.0040 0.0035 0.0023 0.0022 0.0027 0.0024 0.0024 0.0076 0.0030 0.0077 0.0028 0.0033 0.0033 0.0018 0.0025 
      H539.7  1 0.0029 0.0023 0.0025 0.9274 0.0054 0.0045 0.0040 0.0039 0.0021 0.0029 0.0033 0.0026 0.0022 0.0052 0.0057 0.0069 0.0036 0.0039 0.0033 0.0026 0.0030 
      H539.8  1 0.0050 0.0044 0.0043 0.7724 0.0041 0.0107 0.0155 0.0164 0.0033 0.0045 0.0039 0.0250 0.0086 0.0051 0.0154 0.0389 0.0267 0.0172 0.0082 0.0043 0.0063 
      H539.9  1 0.0025 0.0029 0.0033 0.9262 0.0030 0.0062 0.0019 0.0045 0.0043 0.0040 0.0035 0.0025 0.0034 0.0022 0.0049 0.0095 0.0026 0.0048 0.0022 0.0023 0.0034 
      H540.1  1 0.0037 0.0085 0.0073 0.8479 0.0055 0.0551 0.0037 0.0093 0.0034 0.0048 0.0082 0.0045 0.0041 0.0048 0.0042 0.0054 0.0018 0.0065 0.0040 0.0038 0.0033 
      H540.2  1 0.0032 0.0037 0.0052 0.9157 0.0060 0.0073 0.0023 0.0053 0.0029 0.0031 0.0059 0.0025 0.0045 0.0037 0.0044 0.0039 0.0040 0.0040 0.0059 0.0037 0.0030 
      H540.3  1 0.0048 0.0119 0.0043 0.7309 0.0280 0.0077 0.0038 0.0308 0.0047 0.0068 0.0073 0.0038 0.0082 0.0060 0.0103 0.0156 0.0078 0.0315 0.0291 0.0191 0.0274 
      H540.4  1 0.0063 0.0046 0.0036 0.8473 0.0099 0.0147 0.0035 0.0104 0.0029 0.0095 0.0163 0.0056 0.0051 0.0062 0.0092 0.0169 0.0063 0.0093 0.0049 0.0035 0.0039 
      H540.5  1 0.0024 0.0031 0.0053 0.8988 0.0072 0.0065 0.0023 0.0053 0.0037 0.0043 0.0063 0.0024 0.0053 0.0048 0.0078 0.0047 0.0041 0.0073 0.0074 0.0046 0.0064 
      H540.6  1 0.0038 0.0092 0.0098 0.8024 0.0046 0.0268 0.0027 0.0138 0.0050 0.0106 0.0247 0.0047 0.0069 0.0072 0.0107 0.0054 0.0051 0.0271 0.0066 0.0050 0.0078 
      H540.7  1 0.0066 0.0050 0.0219 0.8389 0.0127 0.0079 0.0063 0.0064 0.0026 0.0095 0.0089 0.0029 0.0050 0.0052 0.0053 0.0064 0.0071 0.0083 0.0126 0.0148 0.0055 
      H540.8  1 0.0032 0.0034 0.0077 0.8067 0.0211 0.0304 0.0034 0.0123 0.0030 0.0037 0.0089 0.0050 0.0057 0.0084 0.0057 0.0072 0.0036 0.0116 0.0382 0.0076 0.0030 
     H9558.1  1 0.0060 0.0022 0.0024 0.9195 0.0041 0.0034 0.0044 0.0049 0.0061 0.0021 0.0051 0.0064 0.0031 0.0078 0.0044 0.0026 0.0029 0.0043 0.0037 0.0021 0.0024 
     H9558.2  1 0.0093 0.0026 0.0124 0.8310 0.0078 0.0046 0.0131 0.0131 0.0119 0.0066 0.0195 0.0080 0.0061 0.0075 0.0058 0.0035 0.0072 0.0096 0.0107 0.0042 0.0055 
     H9558.3  1 0.0027 0.0023 0.0128 0.8541 0.0037 0.0042 0.0046 0.0055 0.0419 0.0060 0.0090 0.0058 0.0072 0.0022 0.0041 0.0039 0.0095 0.0055 0.0064 0.0023 0.0063 
     H9558.4  1 0.0042 0.0020 0.0026 0.9233 0.0038 0.0045 0.0031 0.0046 0.0042 0.0026 0.0039 0.0072 0.0025 0.0036 0.0081 0.0026 0.0040 0.0040 0.0043 0.0021 0.0026 
     H9558.5  1 0.0030 0.0017 0.0033 0.9211 0.0033 0.0028 0.0020 0.0044 0.0038 0.0043 0.0030 0.0080 0.0035 0.0024 0.0065 0.0057 0.0067 0.0043 0.0025 0.0027 0.0048 
     H9558.6  1 0.0029 0.0024 0.0054 0.8767 0.0068 0.0030 0.0042 0.0199 0.0161 0.0058 0.0045 0.0075 0.0050 0.0032 0.0032 0.0036 0.0036 0.0117 0.0071 0.0026 0.0047 
    kos339.1  1 0.0204 0.0031 0.0345 0.0042 0.0142 0.0076 0.0027 0.0111 0.0053 0.0130 0.0068 0.0053 0.0039 0.0104 0.0032 0.0057 0.0039 0.0154 0.0027 0.8220 0.0049 
    kos339.2  1 0.0089 0.0068 0.0119 0.0038 0.0077 0.0033 0.0043 0.0080 0.0039 0.0080 0.0039 0.0045 0.0038 0.0043 0.0044 0.0044 0.0032 0.0044 0.0039 0.8905 0.0061 
    kos339.3  1 0.0042 0.0031 0.0031 0.0031 0.0034 0.0055 0.0041 0.0035 0.0024 0.0019 0.0041 0.0065 0.0031 0.0032 0.0026 0.0035 0.0024 0.0035 0.0043 0.9304 0.0024 
    kos339.4  1 0.0039 0.0026 0.0037 0.0032 0.0078 0.0034 0.0051 0.0028 0.0025 0.0022 0.0044 0.0047 0.0029 0.0048 0.0031 0.0045 0.0037 0.0040 0.0040 0.9240 0.0028 
    kos339.5  1 0.0116 0.0023 0.0473 0.0049 0.0050 0.0029 0.0026 0.0050 0.0038 0.0058 0.0066 0.0030 0.0056 0.0064 0.0025 0.0035 0.0031 0.0044 0.0030 0.8687 0.0023 
    kos339.6  1 0.0054 0.0058 0.0149 0.0024 0.0044 0.0034 0.0021 0.0035 0.0034 0.0049 0.0040 0.0024 0.0031 0.0030 0.0029 0.0020 0.0026 0.0038 0.0054 0.9168 0.0036 
    kos339.7  1 0.0046 0.0032 0.0026 0.0025 0.0055 0.0037 0.0032 0.0030 0.0019 0.0022 0.0031 0.0089 0.0028 0.0031 0.0026 0.0036 0.0026 0.0041 0.0039 0.9305 0.0023 
    kos339.8  1 0.0218 0.0042 0.0055 0.0027 0.0092 0.0031 0.0038 0.0032 0.0031 0.0049 0.0030 0.0039 0.0033 0.0032 0.0036 0.0040 0.0031 0.0048 0.0028 0.9021 0.0046 
    kos339.9  1 0.0084 0.0095 0.0306 0.0147 0.0090 0.0069 0.0067 0.0119 0.0068 0.0048 0.0139 0.0040 0.0067 0.0350 0.0041 0.0122 0.0022 0.0216 0.0055 0.7772 0.0082 
      H409.1 12 0.0042 0.0030 0.0036 0.0020 0.0048 0.0020 0.0030 0.0031 0.0027 0.0042 0.0051 0.0023 0.9314 0.0021 0.0037 0.0017 0.0035 0.0035 0.0039 0.0067 0.0037 
     H409.10 12 0.0172 0.0040 0.0065 0.0065 0.0077 0.0044 0.0041 0.0054 0.0024 0.0063 0.0133 0.0028 0.8649 0.0036 0.0166 0.0075 0.0063 0.0065 0.0026 0.0039 0.0073 
      H409.2 12 0.0033 0.0035 0.0023 0.0032 0.0186 0.0028 0.0044 0.0036 0.0032 0.0032 0.0031 0.0071 0.9000 0.0055 0.0044 0.0027 0.0024 0.0046 0.0040 0.0064 0.0116 
      H409.3 12 0.0037 0.0032 0.0047 0.0032 0.0026 0.0034 0.0028 0.0038 0.0039 0.0033 0.0024 0.0040 0.9272 0.0032 0.0037 0.0029 0.0036 0.0027 0.0069 0.0043 0.0045 
      H409.4 12 0.0022 0.0027 0.0029 0.0031 0.0024 0.0026 0.0024 0.0036 0.0041 0.0029 0.0038 0.0031 0.9391 0.0025 0.0035 0.0024 0.0028 0.0033 0.0038 0.0033 0.0036 
      H409.5 12 0.0039 0.0025 0.0048 0.0035 0.0044 0.0049 0.0029 0.0040 0.0045 0.0031 0.0029 0.0040 0.9284 0.0040 0.0021 0.0037 0.0029 0.0034 0.0030 0.0028 0.0042 
      H409.6 12 0.0075 0.0046 0.0110 0.0060 0.0033 0.0104 0.0023 0.0157 0.0617 0.0068 0.0070 0.0065 0.8045 0.0043 0.0060 0.0075 0.0091 0.0107 0.0071 0.0024 0.0055 
      H409.7 12 0.0043 0.0046 0.0056 0.0024 0.0043 0.0021 0.0037 0.0058 0.0079 0.0054 0.0051 0.0025 0.9063 0.0031 0.0040 0.0025 0.0031 0.0037 0.0087 0.0059 0.0092 
      H409.8 12 0.0041 0.0024 0.0058 0.0027 0.0032 0.0038 0.0029 0.0041 0.0027 0.0067 0.0043 0.0033 0.9254 0.0039 0.0027 0.0033 0.0045 0.0044 0.0031 0.0036 0.0029 
      H409.9 12 0.0915 0.0052 0.0041 0.2431 0.0077 0.0251 0.0041 0.0370 0.0050 0.0335 0.0108 0.0098 0.4256 0.0039 0.0047 0.0222 0.0182 0.0371 0.0040 0.0031 0.0046 
      H413.1 12 0.0020 0.0018 0.0033 0.0025 0.0023 0.0025 0.0024 0.0037 0.0052 0.0049 0.0049 0.0026 0.0024 0.0018 0.0029 0.0040 0.9391 0.0027 0.0027 0.0034 0.0031 
      H413.2 12 0.0025 0.0020 0.0028 0.0022 0.0020 0.0022 0.0031 0.0030 0.0054 0.0023 0.0029 0.0028 0.0023 0.0022 0.0027 0.0034 0.9449 0.0030 0.0024 0.0037 0.0021 
      H413.3 12 0.0025 0.0021 0.0026 0.0027 0.0022 0.0025 0.0027 0.0032 0.0031 0.0050 0.0039 0.0020 0.0030 0.0031 0.0036 0.0024 0.9413 0.0027 0.0044 0.0022 0.0027 
      H413.4 12 0.0040 0.0037 0.0072 0.0032 0.0026 0.0020 0.0045 0.0051 0.0028 0.0071 0.0051 0.0021 0.0032 0.0032 0.0021 0.0042 0.9176 0.0045 0.0041 0.0056 0.0060 
      H413.5 12 0.0029 0.0026 0.0055 0.0123 0.0025 0.0030 0.0019 0.0036 0.0025 0.0028 0.0025 0.0019 0.0024 0.0092 0.0039 0.0129 0.9164 0.0038 0.0027 0.0020 0.0027 
      H413.6 12 0.0021 0.0026 0.0231 0.0173 0.0028 0.0024 0.0115 0.0070 0.0061 0.0060 0.0043 0.0024 0.0040 0.0023 0.0141 0.0079 0.8621 0.0066 0.0054 0.0035 0.0066 
      H413.7 12 0.0028 0.0019 0.0028 0.0026 0.0020 0.0022 0.0038 0.0028 0.0025 0.0040 0.0023 0.0027 0.0025 0.0022 0.0028 0.0021 0.9462 0.0024 0.0029 0.0032 0.0033 
      H563.1 12 0.0028 0.0026 0.0049 0.0091 0.0029 0.0036 0.0019 0.0043 0.0040 0.9180 0.0033 0.0019 0.0043 0.0022 0.0037 0.0045 0.0109 0.0038 0.0027 0.0031 0.0055 
      H563.2 12 0.0042 0.0037 0.0050 0.0052 0.0082 0.0041 0.0037 0.0093 0.0065 0.8588 0.0058 0.0039 0.0129 0.0064 0.0046 0.0060 0.0121 0.0103 0.0143 0.0100 0.0052 
      H563.3 12 0.0032 0.0029 0.0093 0.0069 0.0027 0.0061 0.0025 0.0048 0.0025 0.9223 0.0036 0.0020 0.0038 0.0035 0.0027 0.0032 0.0039 0.0030 0.0029 0.0022 0.0059 
      H563.4 12 0.0035 0.0030 0.0047 0.0045 0.0047 0.0061 0.0020 0.0070 0.0112 0.8889 0.0045 0.0026 0.0066 0.0028 0.0053 0.0044 0.0117 0.0057 0.0068 0.0063 0.0077 
      H563.5 12 0.0023 0.0023 0.0063 0.0070 0.0024 0.0037 0.0024 0.0038 0.0033 0.9279 0.0036 0.0015 0.0031 0.0020 0.0049 0.0042 0.0050 0.0031 0.0020 0.0023 0.0067 
      H563.6 12 0.0030 0.0038 0.0066 0.0046 0.0043 0.0037 0.0030 0.0068 0.0075 0.8926 0.0042 0.0030 0.0060 0.0035 0.0026 0.0048 0.0076 0.0062 0.0068 0.0115 0.0078 
      H563.7 12 0.0031 0.0028 0.0102 0.0029 0.0036 0.0023 0.0032 0.0055 0.0069 0.8942 0.0040 0.0026 0.0070 0.0030 0.0025 0.0034 0.0114 0.0056 0.0046 0.0113 0.0099 
      H563.8 12 0.0035 0.0029 0.0120 0.0125 0.0027 0.0062 0.0027 0.0046 0.0049 0.8926 0.0035 0.0017 0.0038 0.0030 0.0065 0.0057 0.0060 0.0073 0.0047 0.0030 0.0103 
      H563.9 12 0.0041 0.0043 0.0095 0.0041 0.0049 0.0046 0.0035 0.0073 0.0051 0.8685 0.0069 0.0021 0.0198 0.0057 0.0046 0.0040 0.0097 0.0105 0.0086 0.0080 0.0041 
     H7374.1 12 0.0027 0.0044 0.0037 0.0035 0.0070 0.0050 0.0153 0.0059 0.0133 0.0055 0.0039 0.0032 0.0069 0.0037 0.0023 0.0027 0.0039 0.0053 0.0063 0.0033 0.8922 
     H7374.2 12 0.0040 0.0034 0.0036 0.0066 0.0076 0.0084 0.0054 0.0058 0.0049 0.0084 0.0036 0.0035 0.0055 0.0032 0.0055 0.0036 0.0058 0.0040 0.0058 0.0022 0.8993 
     H7374.3 12 0.0040 0.0069 0.0067 0.0069 0.0119 0.0072 0.0730 0.0103 0.0044 0.0073 0.0050 0.0035 0.0076 0.0059 0.0029 0.0044 0.0041 0.0091 0.0176 0.0035 0.7977 
     H7374.4 12 0.0026 0.0031 0.0046 0.0048 0.0035 0.0028 0.0027 0.0056 0.0027 0.0030 0.0039 0.0059 0.0042 0.0039 0.0051 0.0029 0.0041 0.0053 0.0043 0.0048 0.9201 
     H7374.5 12 0.0023 0.0031 0.0050 0.0068 0.0026 0.0038 0.0029 0.0046 0.0057 0.0038 0.0039 0.0023 0.0028 0.0040 0.0026 0.0042 0.0038 0.0034 0.0022 0.0036 0.9266 
     H7374.6 12 0.0042 0.0100 0.0067 0.0067 0.0136 0.0048 0.0208 0.0089 0.0029 0.0082 0.0087 0.0094 0.0047 0.0083 0.0038 0.0046 0.0033 0.0105 0.0113 0.0071 0.8414 
     H7374.7 12 0.0021 0.0037 0.0049 0.0023 0.0031 0.0023 0.0030 0.0029 0.0038 0.0034 0.0041 0.0039 0.0043 0.0034 0.0038 0.0021 0.0036 0.0033 0.0040 0.0050 0.9311 
     H7374.8 12 0.0038 0.0031 0.0047 0.0020 0.0050 0.0031 0.0095 0.0051 0.0059 0.0069 0.0043 0.0030 0.0041 0.0038 0.0024 0.0027 0.0029 0.0040 0.0053 0.0053 0.9132 
     H7374.9 12 0.0026 0.0038 0.0062 0.0073 0.0032 0.0031 0.0030 0.0039 0.0041 0.0043 0.0030 0.0023 0.0023 0.0048 0.0045 0.0034 0.0031 0.0043 0.0028 0.0039 0.9242 
     H9563.1 12 0.0044 0.0033 0.0048 0.0049 0.0057 0.0038 0.0054 0.0041 0.0024 0.9199 0.0036 0.0030 0.0027 0.0036 0.0030 0.0041 0.0052 0.0045 0.0038 0.0047 0.0034 
     H9563.2 12 0.0030 0.0032 0.0024 0.0071 0.0067 0.0062 0.0031 0.0038 0.0036 0.9263 0.0035 0.0026 0.0021 0.0033 0.0028 0.0048 0.0041 0.0036 0.0033 0.0024 0.0023 
     H9563.3 12 0.0081 0.0040 0.0028 0.0021 0.0043 0.0033 0.0070 0.0052 0.0080 0.9136 0.0027 0.0038 0.0053 0.0031 0.0038 0.0035 0.0023 0.0048 0.0044 0.0035 0.0043 
     H9563.4 12 0.0073 0.0049 0.0050 0.0058 0.0117 0.0101 0.0080 0.0223 0.0072 0.8169 0.0059 0.0156 0.0077 0.0045 0.0049 0.0191 0.0037 0.0132 0.0135 0.0068 0.0059 
     H9563.5 12 0.0079 0.0035 0.0038 0.0043 0.0078 0.0091 0.0046 0.0082 0.0041 0.8840 0.0055 0.0047 0.0093 0.0042 0.0059 0.0086 0.0028 0.0060 0.0071 0.0062 0.0024 
     H9563.6 12 0.0062 0.0050 0.0079 0.0027 0.0028 0.0040 0.0066 0.0056 0.0133 0.9037 0.0035 0.0042 0.0041 0.0024 0.0032 0.0053 0.0034 0.0050 0.0039 0.0025 0.0047 
     H9563.7 12 0.0048 0.0041 0.0044 0.0025 0.0029 0.0052 0.0054 0.0033 0.0110 0.9165 0.0022 0.0078 0.0032 0.0020 0.0031 0.0036 0.0026 0.0049 0.0035 0.0024 0.0044 
     H9563.8 12 0.0184 0.0042 0.0028 0.0051 0.0230 0.0069 0.0046 0.0135 0.0077 0.7926 0.0100 0.0049 0.0074 0.0056 0.0084 0.0394 0.0032 0.0188 0.0084 0.0116 0.0034 
     H9563.9 12 0.0083 0.0030 0.0040 0.0051 0.0101 0.0055 0.0056 0.0063 0.0085 0.8922 0.0049 0.0026 0.0033 0.0037 0.0044 0.0093 0.0046 0.0058 0.0042 0.0039 0.0047 
     H9572.1 12 0.0057 0.0036 0.8635 0.0145 0.0047 0.0066 0.0055 0.0087 0.0037 0.0101 0.0071 0.0043 0.0047 0.0057 0.0038 0.0118 0.0083 0.0066 0.0090 0.0030 0.0091 
     H9572.2 12 0.0038 0.0125 0.8027 0.0045 0.0122 0.0130 0.0067 0.0104 0.0095 0.0279 0.0051 0.0023 0.0078 0.0152 0.0035 0.0150 0.0049 0.0047 0.0087 0.0055 0.0240 
     H9572.3 12 0.0044 0.0030 0.7805 0.0102 0.0147 0.0241 0.0041 0.0146 0.0146 0.0067 0.0081 0.0079 0.0127 0.0050 0.0048 0.0046 0.0066 0.0149 0.0033 0.0078 0.0473 
     H9572.4 12 0.0036 0.0023 0.9384 0.0027 0.0022 0.0029 0.0032 0.0028 0.0026 0.0027 0.0032 0.0042 0.0028 0.0030 0.0019 0.0021 0.0028 0.0038 0.0029 0.0052 0.0048 
     H9572.5 12 0.0030 0.0031 0.9245 0.0025 0.0024 0.0100 0.0029 0.0033 0.0042 0.0024 0.0032 0.0031 0.0022 0.0034 0.0022 0.0029 0.0025 0.0043 0.0068 0.0088 0.0023 
