      H105.1  1 0.0154 0.9761 0.0085 
      H105.2  1 0.0127 0.9664 0.0209 
      H105.3  1 0.0116 0.9790 0.0095 
      H105.4  1 0.0241 0.9588 0.0171 
      H105.5  1 0.0477 0.8938 0.0585 
      H105.6  1 0.0402 0.9291 0.0307 
      H105.7  1 0.0107 0.9720 0.0173 
      H105.8  1 0.0084 0.9797 0.0119 
      H115.1  1 0.0080 0.0741 0.9179 
      H115.2  1 0.0075 0.0115 0.9809 
      H115.3  1 0.0059 0.0201 0.9740 
      H115.4  1 0.0135 0.0484 0.9381 
      H115.5  1 0.0194 0.0577 0.9230 
      H115.6  1 0.0092 0.0189 0.9719 
      H115.7  1 0.0095 0.0413 0.9492 
      H115.8  1 0.0061 0.0184 0.9755 
      H115.9  1 0.0062 0.0204 0.9734 
      H145.1  1 0.9712 0.0072 0.0216 
      H145.2  1 0.9778 0.0126 0.0096 
      H145.3  1 0.9775 0.0064 0.0161 
      H145.4  1 0.9850 0.0087 0.0063 
      H145.5  1 0.9747 0.0081 0.0171 
      H145.6  1 0.9829 0.0112 0.0060 
      H145.7  1 0.9859 0.0087 0.0055 
      H149.1  1 0.0142 0.9779 0.0079 
      H149.2  1 0.0291 0.9614 0.0095 
      H149.3  1 0.0454 0.9382 0.0164 
      H149.4  1 0.0097 0.9832 0.0071 
      H149.5  1 0.0187 0.9743 0.0070 
      H149.6  1 0.0287 0.9653 0.0060 
      H149.7  1 0.0144 0.9724 0.0131 
      H150.1  1 0.0052 0.0062 0.9886 
      H150.2  1 0.0062 0.0090 0.9847 
      H150.3  1 0.0065 0.0076 0.9859 
      H150.4  1 0.0058 0.0055 0.9886 
      H150.5  1 0.0068 0.0104 0.9829 
      H150.6  1 0.0132 0.0152 0.9716 
      H150.7  1 0.0059 0.0058 0.9882 
   H169607.1  1 0.1611 0.0194 0.8195 
   H169607.2  1 0.3953 0.0203 0.5844 
   H169607.3  1 0.3045 0.0397 0.6558 
   H169607.4  1 0.4430 0.0084 0.5487 
   H169607.5  1 0.4402 0.0132 0.5466 
   H169607.6  1 0.3726 0.0241 0.6033 
   H169607.7  1 0.1653 0.0284 0.8063 
   H169607.8  1 0.4337 0.0177 0.5486 
   H169633.1  1 0.0291 0.9485 0.0224 
   H169633.2  1 0.0203 0.9678 0.0119 
   H169633.3  1 0.0608 0.9220 0.0172 
   H169633.4  1 0.0625 0.9185 0.0190 
   H169633.5  1 0.0675 0.9174 0.0152 
   H169688.1  1 0.1380 0.1026 0.7594 
   H169688.2  1 0.1459 0.2437 0.6104 
   H169688.3  1 0.0524 0.0924 0.8552 
   H169688.4  1 0.0101 0.0071 0.9828 
   H169688.5  1 0.0123 0.0084 0.9793 
   H169688.6  1 0.0765 0.2444 0.6791 
   H169688.7  1 0.2126 0.0483 0.7391 
   H171901.1  1 0.0772 0.2309 0.6919 
   H171901.2  1 0.0491 0.8738 0.0771 
   H171901.3  1 0.0272 0.8538 0.1190 
   H171901.4  1 0.0250 0.9260 0.0490 
   H171901.5  1 0.0594 0.8929 0.0476 
   H171901.6  1 0.1432 0.7324 0.1244 
   H171901.7  1 0.3638 0.5439 0.0922 
   H171902.1  1 0.0280 0.0191 0.9528 
  H171902.10  1 0.0241 0.0290 0.9469 
   H171902.2  1 0.0179 0.0321 0.9500 
   H171902.3  1 0.0142 0.0332 0.9526 
   H171902.4  1 0.0634 0.0576 0.8790 
   H171902.6  1 0.0212 0.0286 0.9503 
   H171902.7  1 0.0667 0.0276 0.9057 
   H171902.8  1 0.0271 0.0294 0.9435 
   H171902.9  1 0.0152 0.0068 0.9780 
   H171903.1  1 0.2159 0.0269 0.7572 
   H171903.2  1 0.3021 0.0952 0.6027 
   H171903.3  1 0.3266 0.2185 0.4549 
   H171903.4  1 0.0883 0.0069 0.9048 
   H171903.5  1 0.0337 0.2923 0.6740 
   H171903.6  1 0.0841 0.0249 0.8910 
      H177.1  1 0.7952 0.0564 0.1485 
      H177.2  1 0.8250 0.1374 0.0376 
      H177.3  1 0.8254 0.1070 0.0676 
      H177.4  1 0.8186 0.1684 0.0130 
      H177.5  1 0.8339 0.1153 0.0509 
      H177.6  1 0.7536 0.1902 0.0562 
      H179.1  1 0.0070 0.9792 0.0138 
      H179.2  1 0.0088 0.9103 0.0809 
      H179.3  1 0.0126 0.8523 0.1351 
      H179.4  1 0.1140 0.8761 0.0099 
      H180.1  1 0.0077 0.0359 0.9564 
      H180.2  1 0.0111 0.0396 0.9493 
      H180.3  1 0.0104 0.0123 0.9773 
      H180.4  1 0.0153 0.0739 0.9108 
      H180.5  1 0.0283 0.0257 0.9461 
      H180.6  1 0.0645 0.0281 0.9074 
      H181.1  1 0.0176 0.9504 0.0321 
      H181.2  1 0.0458 0.9235 0.0307 
      H181.3  1 0.0217 0.9619 0.0164 
      H181.4  1 0.0340 0.8338 0.1322 
      H181.5  1 0.0063 0.9856 0.0081 
      H181.6  1 0.0129 0.9647 0.0224 
      H181.7  1 0.0068 0.9827 0.0105 
 H194.1_2004  1 0.9532 0.0107 0.0361 
 H194.2_2004  1 0.9488 0.0103 0.0409 
 H194.3_2004  1 0.9421 0.0465 0.0114 
 H194.4_2004  1 0.9758 0.0096 0.0147 
 H194.5_2004  1 0.9630 0.0240 0.0130 
 H194.6_2004  1 0.9607 0.0230 0.0163 
 H194.7_2004  1 0.9666 0.0107 0.0227 
 H194.8_2004  1 0.9685 0.0117 0.0198 
      H194.9  1 0.9735 0.0104 0.0161 
 H195.1_2003  1 0.9654 0.0250 0.0096 
 H195.1_2004  1 0.9839 0.0090 0.0071 
 H195.2_2003  1 0.9603 0.0132 0.0265 
 H195.2_2004  1 0.9846 0.0075 0.0079 
 H195.3_2003  1 0.9021 0.0129 0.0850 
 H195.3_2004  1 0.9839 0.0110 0.0050 
 H195.4_2003  1 0.9808 0.0134 0.0058 
 H195.4_2004  1 0.9877 0.0067 0.0055 
 H195.5_2003  1 0.9730 0.0173 0.0096 
 H195.5_2004  1 0.9873 0.0072 0.0055 
 H195.6_2003  1 0.9661 0.0082 0.0257 
 H195.6_2004  1 0.9862 0.0087 0.0051 
 H195.7_2003  1 0.9764 0.0127 0.0109 
 H195.7_2004  1 0.9828 0.0069 0.0102 
      H195.8  1 0.9896 0.0049 0.0055 
      H195.9  1 0.9869 0.0076 0.0055 
      H415.1  1 0.0482 0.5937 0.3581 
      H415.2  1 0.0923 0.4533 0.4544 
      H415.3  1 0.0318 0.9511 0.0170 
      H415.4  1 0.0600 0.7387 0.2013 
      H415.5  1 0.0362 0.9416 0.0222 
      H415.6  1 0.0724 0.7199 0.2077 
      H415.7  1 0.5855 0.3473 0.0672 
      H506.1  1 0.0051 0.9911 0.0039 
      H506.2  1 0.0177 0.9768 0.0055 
      H506.3  1 0.0105 0.9767 0.0128 
      H506.4  1 0.0074 0.9782 0.0143 
      H506.5  1 0.0081 0.9860 0.0059 
      H506.6  1 0.0557 0.9190 0.0253 
      H506.7  1 0.0098 0.9852 0.0050 
      H533.1  1 0.0051 0.9884 0.0065 
      H533.2  1 0.0064 0.9876 0.0060 
      H533.3  1 0.0045 0.9894 0.0062 
      H533.4  1 0.0219 0.9681 0.0100 
      H535.1  1 0.9676 0.0163 0.0161 
      H535.2  1 0.9725 0.0206 0.0069 
      H535.3  1 0.9740 0.0192 0.0068 
      H535.4  1 0.9777 0.0168 0.0055 
      H535.5  1 0.9788 0.0152 0.0061 
      H535.6  1 0.9714 0.0088 0.0199 
      H535.7  1 0.9813 0.0130 0.0057 
      H535.8  1 0.9872 0.0069 0.0059 
      H535.9  1 0.9728 0.0146 0.0125 
      H539.1  1 0.0048 0.0045 0.9907 
      H539.2  1 0.0155 0.0074 0.9770 
      H539.3  1 0.0155 0.0050 0.9796 
      H539.4  1 0.0063 0.0058 0.9879 
      H539.5  1 0.0051 0.0042 0.9907 
      H539.6  1 0.0066 0.0045 0.9889 
      H539.7  1 0.0053 0.0053 0.9894 
      H539.8  1 0.0147 0.0059 0.9795 
      H539.9  1 0.0058 0.0051 0.9891 
      H540.1  1 0.0168 0.0086 0.9746 
      H540.2  1 0.0067 0.0097 0.9837 
      H540.3  1 0.0285 0.0077 0.9638 
      H540.4  1 0.0080 0.0076 0.9844 
      H540.5  1 0.0063 0.0076 0.9861 
      H540.6  1 0.0098 0.0147 0.9755 
      H540.7  1 0.0124 0.0127 0.9748 
      H540.8  1 0.0219 0.0096 0.9685 
     H9558.1  1 0.0100 0.0060 0.9840 
     H9558.2  1 0.0173 0.0108 0.9720 
     H9558.3  1 0.0108 0.0125 0.9767 
     H9558.4  1 0.0113 0.0057 0.9830 
     H9558.5  1 0.0059 0.0057 0.9883 
     H9558.6  1 0.0138 0.0116 0.9746 
    kos339.1  1 0.0184 0.9744 0.0072 
    kos339.2  1 0.0337 0.9590 0.0073 
    kos339.3  1 0.0397 0.9453 0.0150 
    kos339.4  1 0.0293 0.9548 0.0159 
    kos339.5  1 0.0102 0.9828 0.0070 
    kos339.6  1 0.0590 0.9331 0.0079 
    kos339.7  1 0.1562 0.8348 0.0090 
    kos339.8  1 0.0154 0.9781 0.0065 
    kos339.9  1 0.0225 0.9506 0.0269 
      H409.1 12 0.0068 0.9876 0.0056 
     H409.10 12 0.0232 0.9591 0.0177 
      H409.2 12 0.0171 0.9715 0.0114 
      H409.3 12 0.0200 0.9654 0.0146 
      H409.4 12 0.0241 0.9620 0.0139 
      H409.5 12 0.0269 0.9519 0.0212 
      H409.6 12 0.0369 0.9450 0.0181 
      H409.7 12 0.0289 0.9626 0.0085 
      H409.8 12 0.0093 0.9798 0.0109 
      H409.9 12 0.0154 0.6186 0.3660 
      H413.1 12 0.0311 0.5661 0.4028 
      H413.2 12 0.0469 0.5248 0.4284 
      H413.3 12 0.0286 0.5473 0.4241 
      H413.4 12 0.0406 0.6255 0.3339 
      H413.5 12 0.0196 0.1643 0.8161 
      H413.6 12 0.0527 0.3507 0.5966 
      H413.7 12 0.0643 0.5066 0.4291 
      H563.1 12 0.0232 0.9273 0.0495 
      H563.2 12 0.0284 0.9585 0.0131 
      H563.3 12 0.0325 0.9319 0.0357 
      H563.4 12 0.0135 0.9788 0.0077 
      H563.5 12 0.0181 0.9571 0.0247 
      H563.6 12 0.0125 0.9755 0.0120 
      H563.7 12 0.0129 0.9796 0.0075 
      H563.8 12 0.0119 0.9387 0.0494 
      H563.9 12 0.0099 0.9796 0.0105 
     H7374.1 12 0.9552 0.0311 0.0137 
     H7374.2 12 0.9343 0.0196 0.0461 
     H7374.3 12 0.9784 0.0096 0.0120 
     H7374.4 12 0.9367 0.0359 0.0274 
     H7374.5 12 0.8535 0.0877 0.0589 
     H7374.6 12 0.9763 0.0159 0.0078 
     H7374.7 12 0.9806 0.0117 0.0077 
     H7374.8 12 0.9489 0.0422 0.0089 
     H7374.9 12 0.9181 0.0299 0.0520 
     H9563.1 12 0.0098 0.9757 0.0145 
     H9563.2 12 0.0157 0.9612 0.0231 
     H9563.3 12 0.0170 0.9780 0.0049 
     H9563.4 12 0.0432 0.9347 0.0221 
     H9563.5 12 0.0122 0.9771 0.0107 
     H9563.6 12 0.0154 0.9767 0.0079 
     H9563.7 12 0.0217 0.9700 0.0083 
     H9563.8 12 0.0090 0.9747 0.0163 
     H9563.9 12 0.0091 0.9701 0.0207 
     H9572.1 12 0.0534 0.6338 0.3128 
     H9572.2 12 0.3354 0.5207 0.1439 
     H9572.3 12 0.1533 0.7933 0.0534 
     H9572.4 12 0.3964 0.5480 0.0556 
     H9572.5 12 0.2928 0.5468 0.1604 
