      H105.1  1 0.0266 0.0059 0.0068 0.0640 0.0039 0.0038 0.0124 0.0052 0.0045 0.0030 0.0179 0.0124 0.0050 0.0043 0.0064 0.0025 0.0154 0.0049 0.0053 0.0174 0.0076 0.0052 0.7596 
      H105.2  1 0.0155 0.0029 0.0067 0.0132 0.0057 0.0046 0.0243 0.0076 0.0077 0.0136 0.0155 0.0087 0.0055 0.0122 0.0051 0.0093 0.0187 0.0158 0.0092 0.0056 0.0024 0.0069 0.7832 
      H105.3  1 0.0047 0.0031 0.0065 0.0060 0.0031 0.0038 0.0037 0.0020 0.0028 0.0064 0.0059 0.0173 0.0067 0.0056 0.0041 0.0030 0.0061 0.0040 0.0095 0.0090 0.0053 0.0048 0.8765 
      H105.4  1 0.0156 0.0030 0.0059 0.0207 0.0059 0.0071 0.0095 0.0040 0.0051 0.0188 0.0163 0.0185 0.0302 0.0123 0.0117 0.0033 0.0439 0.0138 0.0096 0.0059 0.0052 0.0034 0.7301 
      H105.5  1 0.0407 0.0052 0.0164 0.2435 0.0089 0.0088 0.0233 0.0092 0.0093 0.0139 0.0765 0.0073 0.0114 0.0324 0.0071 0.0033 0.0207 0.0102 0.0056 0.0194 0.0036 0.0057 0.4172 
      H105.6  1 0.0079 0.0034 0.0062 0.0078 0.0089 0.0086 0.0053 0.0028 0.0053 0.0059 0.0069 0.0046 0.0192 0.0115 0.0050 0.0032 0.0075 0.0080 0.0053 0.0035 0.0066 0.0050 0.8516 
      H105.7  1 0.0106 0.0044 0.0041 0.0261 0.0041 0.0041 0.0125 0.0048 0.0104 0.0044 0.0118 0.0282 0.0047 0.0071 0.0074 0.0041 0.0162 0.0050 0.0071 0.0236 0.0045 0.0049 0.7900 
      H105.8  1 0.0049 0.0029 0.0050 0.0060 0.0041 0.0029 0.0057 0.0028 0.0026 0.0059 0.0054 0.0089 0.0036 0.0086 0.0037 0.0034 0.0036 0.0054 0.0132 0.0059 0.0025 0.0036 0.8892 
      H115.1  1 0.0072 0.0091 0.0039 0.0177 0.0127 0.0030 0.0039 0.0053 0.0042 0.8177 0.0202 0.0063 0.0033 0.0162 0.0044 0.0094 0.0081 0.0065 0.0098 0.0038 0.0043 0.0066 0.0162 
      H115.2  1 0.0146 0.0042 0.0038 0.0134 0.0466 0.0028 0.0076 0.0062 0.0059 0.8215 0.0086 0.0050 0.0030 0.0043 0.0049 0.0060 0.0071 0.0106 0.0033 0.0043 0.0032 0.0087 0.0044 
      H115.3  1 0.0059 0.0042 0.0037 0.0096 0.0135 0.0039 0.0035 0.0030 0.0027 0.8886 0.0058 0.0066 0.0036 0.0032 0.0066 0.0053 0.0042 0.0073 0.0028 0.0030 0.0041 0.0059 0.0030 
      H115.4  1 0.0094 0.0179 0.0025 0.0050 0.0045 0.0044 0.0170 0.0085 0.0026 0.8210 0.0081 0.0041 0.0038 0.0034 0.0084 0.0061 0.0147 0.0088 0.0286 0.0042 0.0046 0.0092 0.0032 
      H115.5  1 0.0156 0.0241 0.0026 0.0133 0.0242 0.0095 0.0051 0.0055 0.0061 0.7616 0.0123 0.0051 0.0073 0.0074 0.0067 0.0047 0.0061 0.0207 0.0047 0.0083 0.0132 0.0102 0.0256 
      H115.6  1 0.0171 0.0147 0.0085 0.0166 0.0193 0.0031 0.0072 0.0052 0.0085 0.7339 0.0198 0.0094 0.0058 0.0052 0.0088 0.0375 0.0059 0.0218 0.0040 0.0066 0.0042 0.0324 0.0046 
      H115.7  1 0.0225 0.0088 0.0057 0.0111 0.0130 0.0039 0.0090 0.0127 0.0062 0.7810 0.0144 0.0127 0.0046 0.0113 0.0053 0.0112 0.0205 0.0112 0.0048 0.0036 0.0056 0.0066 0.0142 
      H115.8  1 0.0094 0.0086 0.0045 0.0079 0.0191 0.0018 0.0069 0.0052 0.0043 0.8615 0.0075 0.0057 0.0024 0.0032 0.0034 0.0099 0.0038 0.0094 0.0030 0.0067 0.0041 0.0058 0.0059 
      H115.9  1 0.0103 0.0112 0.0032 0.0406 0.1424 0.0034 0.0085 0.0053 0.0046 0.6630 0.0152 0.0105 0.0024 0.0124 0.0076 0.0066 0.0064 0.0077 0.0132 0.0061 0.0030 0.0075 0.0085 
      H145.1  1 0.0068 0.0057 0.0093 0.0117 0.0095 0.0045 0.0028 0.0045 0.0123 0.0052 0.0077 0.0060 0.0061 0.0047 0.0069 0.0108 0.0114 0.0047 0.0029 0.0032 0.8423 0.0182 0.0030 
      H145.2  1 0.0105 0.0045 0.0054 0.0064 0.0041 0.0048 0.0036 0.0028 0.0069 0.0039 0.0093 0.0048 0.0069 0.0048 0.0051 0.0083 0.0043 0.0053 0.0056 0.0041 0.8780 0.0083 0.0022 
      H145.3  1 0.0035 0.0021 0.0025 0.0029 0.0025 0.0029 0.0022 0.0024 0.0034 0.0029 0.0035 0.0024 0.0020 0.0028 0.0023 0.0124 0.0042 0.0015 0.0024 0.0031 0.9313 0.0026 0.0022 
      H145.4  1 0.0057 0.0039 0.0051 0.0062 0.0050 0.0032 0.0032 0.0039 0.0185 0.0032 0.0070 0.0093 0.0051 0.0070 0.0046 0.0033 0.0078 0.0033 0.0026 0.0024 0.8808 0.0065 0.0023 
      H145.5  1 0.0040 0.0036 0.0042 0.0042 0.0025 0.0021 0.0027 0.0025 0.0037 0.0024 0.0033 0.0027 0.0025 0.0031 0.0028 0.0185 0.0041 0.0019 0.0027 0.0039 0.9166 0.0034 0.0026 
      H145.6  1 0.0087 0.0045 0.0042 0.0069 0.0032 0.0036 0.0045 0.0022 0.0080 0.0022 0.0046 0.0063 0.0075 0.0028 0.0038 0.0036 0.0040 0.0041 0.0039 0.0022 0.9007 0.0058 0.0025 
      H145.7  1 0.0050 0.0050 0.0034 0.0030 0.0018 0.0023 0.0031 0.0024 0.0046 0.0029 0.0044 0.0041 0.0043 0.0031 0.0035 0.0043 0.0028 0.0041 0.0026 0.0043 0.9223 0.0043 0.0024 
      H149.1  1 0.0033 0.9228 0.0037 0.0036 0.0027 0.0031 0.0037 0.0033 0.0048 0.0025 0.0043 0.0028 0.0025 0.0035 0.0045 0.0047 0.0024 0.0057 0.0031 0.0026 0.0033 0.0039 0.0029 
      H149.2  1 0.0070 0.8923 0.0032 0.0092 0.0022 0.0040 0.0046 0.0031 0.0092 0.0023 0.0061 0.0042 0.0032 0.0045 0.0038 0.0075 0.0057 0.0087 0.0026 0.0028 0.0069 0.0043 0.0027 
      H149.3  1 0.0363 0.6037 0.0062 0.0495 0.0033 0.0081 0.0135 0.0125 0.0108 0.0200 0.0516 0.0238 0.0073 0.0126 0.0450 0.0096 0.0146 0.0162 0.0138 0.0047 0.0268 0.0054 0.0045 
      H149.4  1 0.0065 0.8726 0.0030 0.0032 0.0047 0.0032 0.0054 0.0039 0.0027 0.0039 0.0080 0.0061 0.0028 0.0040 0.0066 0.0097 0.0021 0.0091 0.0158 0.0119 0.0035 0.0047 0.0063 
      H149.5  1 0.0138 0.7543 0.0048 0.0143 0.0022 0.0080 0.0262 0.0104 0.0095 0.0034 0.0139 0.0329 0.0066 0.0094 0.0054 0.0041 0.0270 0.0084 0.0131 0.0086 0.0125 0.0057 0.0055 
      H149.6  1 0.0058 0.9019 0.0038 0.0077 0.0025 0.0036 0.0040 0.0040 0.0061 0.0034 0.0052 0.0068 0.0026 0.0052 0.0035 0.0043 0.0041 0.0069 0.0029 0.0027 0.0051 0.0050 0.0029 
      H149.7  1 0.0391 0.6625 0.0058 0.0169 0.0038 0.0042 0.0104 0.0468 0.0168 0.0101 0.0276 0.0305 0.0074 0.0137 0.0172 0.0065 0.0126 0.0101 0.0304 0.0101 0.0037 0.0061 0.0077 
      H150.1  1 0.0134 0.0025 0.0028 0.0089 0.3667 0.0022 0.0042 0.0034 0.0051 0.5117 0.0152 0.0040 0.0063 0.0051 0.0027 0.0063 0.0063 0.0089 0.0025 0.0081 0.0047 0.0045 0.0048 
      H150.2  1 0.0091 0.0052 0.0035 0.0033 0.0601 0.0030 0.0044 0.0098 0.0052 0.8223 0.0070 0.0042 0.0080 0.0044 0.0028 0.0088 0.0057 0.0098 0.0039 0.0041 0.0019 0.0085 0.0051 
      H150.3  1 0.0142 0.0052 0.0119 0.0086 0.6054 0.0021 0.0049 0.0143 0.0123 0.1548 0.0200 0.0097 0.0052 0.0078 0.0039 0.0541 0.0097 0.0108 0.0044 0.0062 0.0063 0.0080 0.0202 
      H150.4  1 0.0069 0.0033 0.0055 0.0062 0.8481 0.0015 0.0035 0.0074 0.0052 0.0336 0.0071 0.0065 0.0041 0.0052 0.0022 0.0139 0.0051 0.0046 0.0026 0.0073 0.0069 0.0075 0.0058 
      H150.5  1 0.0111 0.0042 0.0058 0.0090 0.0379 0.0031 0.0049 0.0076 0.0067 0.8162 0.0125 0.0120 0.0053 0.0052 0.0055 0.0060 0.0088 0.0120 0.0031 0.0037 0.0032 0.0091 0.0071 
      H150.6  1 0.0133 0.0032 0.0107 0.0066 0.0094 0.0029 0.0159 0.0087 0.0030 0.8322 0.0178 0.0038 0.0110 0.0072 0.0060 0.0050 0.0073 0.0102 0.0037 0.0038 0.0078 0.0060 0.0044 
      H150.7  1 0.0094 0.0040 0.0040 0.0046 0.7276 0.0023 0.0096 0.0031 0.0036 0.1303 0.0059 0.0052 0.0053 0.0030 0.0031 0.0226 0.0066 0.0186 0.0036 0.0069 0.0068 0.0041 0.0096 
   H169607.1  1 0.0155 0.0042 0.0102 0.0111 0.0087 0.0033 0.0048 0.0062 0.0052 0.0083 0.0118 0.0036 0.0086 0.0037 0.0043 0.0218 0.8248 0.0055 0.0088 0.0026 0.0093 0.0147 0.0031 
   H169607.2  1 0.0026 0.0022 0.0036 0.0038 0.0034 0.0031 0.0025 0.0021 0.0032 0.0027 0.0032 0.0030 0.0055 0.0023 0.0022 0.0030 0.9341 0.0025 0.0021 0.0050 0.0030 0.0026 0.0025 
   H169607.3  1 0.0149 0.0048 0.0044 0.0948 0.0053 0.0048 0.0071 0.0071 0.0107 0.0081 0.0181 0.0037 0.0054 0.0057 0.0061 0.0096 0.7442 0.0104 0.0057 0.0037 0.0151 0.0072 0.0031 
   H169607.4  1 0.0044 0.0024 0.0063 0.0089 0.0054 0.0030 0.0021 0.0021 0.0039 0.0024 0.0051 0.0033 0.0077 0.0030 0.0029 0.0075 0.9085 0.0042 0.0023 0.0034 0.0044 0.0043 0.0027 
   H169607.5  1 0.0042 0.0028 0.0030 0.0658 0.0071 0.0028 0.0043 0.0042 0.0066 0.0050 0.0051 0.0047 0.0028 0.0025 0.0081 0.0030 0.8465 0.0050 0.0030 0.0032 0.0045 0.0031 0.0026 
   H169607.6  1 0.0027 0.0019 0.0024 0.0036 0.0031 0.0032 0.0029 0.0022 0.0036 0.0019 0.0033 0.0024 0.0046 0.0023 0.0022 0.0031 0.9386 0.0025 0.0022 0.0035 0.0021 0.0024 0.0033 
   H169607.7  1 0.0056 0.0027 0.0021 0.0072 0.0025 0.0029 0.0029 0.0087 0.0036 0.0115 0.0046 0.0030 0.0041 0.0018 0.0153 0.0056 0.8877 0.0037 0.0104 0.0037 0.0039 0.0031 0.0034 
   H169607.8  1 0.0046 0.0026 0.0057 0.0082 0.0037 0.0039 0.0032 0.0031 0.0032 0.0034 0.0042 0.0037 0.0032 0.0048 0.0042 0.0031 0.9139 0.0043 0.0030 0.0045 0.0035 0.0024 0.0038 
   H169633.1  1 0.0095 0.8352 0.0047 0.0041 0.0056 0.0045 0.0070 0.0224 0.0072 0.0071 0.0127 0.0056 0.0079 0.0048 0.0035 0.0044 0.0027 0.0159 0.0033 0.0034 0.0074 0.0106 0.0105 
   H169633.2  1 0.0271 0.7309 0.0054 0.0040 0.0027 0.0052 0.0080 0.0155 0.0040 0.0068 0.0203 0.0043 0.0081 0.0087 0.0043 0.0026 0.0022 0.0231 0.0079 0.0029 0.0103 0.0810 0.0145 
   H169633.3  1 0.0103 0.8292 0.0053 0.0056 0.0052 0.0066 0.0062 0.0054 0.0245 0.0064 0.0091 0.0069 0.0062 0.0100 0.0155 0.0052 0.0026 0.0116 0.0042 0.0062 0.0059 0.0072 0.0046 
   H169633.4  1 0.0101 0.8482 0.0064 0.0071 0.0070 0.0054 0.0084 0.0027 0.0142 0.0069 0.0105 0.0084 0.0029 0.0064 0.0046 0.0044 0.0038 0.0089 0.0041 0.0036 0.0096 0.0083 0.0079 
   H169633.5  1 0.0093 0.8519 0.0062 0.0074 0.0063 0.0055 0.0073 0.0028 0.0184 0.0065 0.0086 0.0093 0.0027 0.0048 0.0055 0.0043 0.0043 0.0078 0.0043 0.0048 0.0056 0.0057 0.0108 
   H169688.1  1 0.0080 0.0035 0.0057 0.0054 0.0051 0.0113 0.0145 0.8179 0.0153 0.0043 0.0096 0.0032 0.0056 0.0060 0.0050 0.0188 0.0178 0.0045 0.0068 0.0093 0.0076 0.0027 0.0122 
   H169688.2  1 0.0044 0.0028 0.0053 0.0057 0.0029 0.0031 0.0050 0.8880 0.0069 0.0029 0.0057 0.0034 0.0100 0.0133 0.0062 0.0033 0.0033 0.0033 0.0061 0.0047 0.0039 0.0030 0.0068 
   H169688.3  1 0.0037 0.0031 0.0029 0.0045 0.0034 0.0017 0.0029 0.9288 0.0027 0.0029 0.0036 0.0030 0.0029 0.0064 0.0032 0.0024 0.0024 0.0030 0.0035 0.0020 0.0029 0.0047 0.0034 
   H169688.4  1 0.0027 0.0022 0.0024 0.0080 0.0041 0.0024 0.0023 0.9320 0.0024 0.0044 0.0031 0.0022 0.0026 0.0037 0.0035 0.0026 0.0025 0.0035 0.0028 0.0018 0.0037 0.0030 0.0021 
   H169688.5  1 0.0030 0.0024 0.0025 0.0063 0.0047 0.0021 0.0026 0.9329 0.0026 0.0051 0.0028 0.0025 0.0023 0.0039 0.0034 0.0026 0.0021 0.0034 0.0030 0.0020 0.0028 0.0030 0.0018 
   H169688.6  1 0.0053 0.0065 0.0034 0.0028 0.0028 0.0053 0.0049 0.8794 0.0039 0.0024 0.0042 0.0020 0.0027 0.0024 0.0035 0.0024 0.0028 0.0033 0.0481 0.0040 0.0022 0.0020 0.0036 
   H169688.7  1 0.0124 0.0043 0.0057 0.0084 0.0061 0.0021 0.0045 0.8438 0.0048 0.0097 0.0075 0.0046 0.0074 0.0117 0.0078 0.0124 0.0029 0.0045 0.0048 0.0089 0.0158 0.0058 0.0041 
   H171901.1  1 0.3147 0.0043 0.0050 0.1412 0.0161 0.0023 0.0232 0.0105 0.0662 0.0409 0.1654 0.0129 0.0044 0.0052 0.0046 0.0053 0.0213 0.0719 0.0050 0.0048 0.0312 0.0136 0.0299 
   H171901.2  1 0.0159 0.2704 0.0132 0.0254 0.0191 0.0035 0.0084 0.0055 0.0168 0.0089 0.0188 0.0053 0.0105 0.0045 0.0316 0.0077 0.0092 0.4774 0.0026 0.0127 0.0098 0.0079 0.0149 
   H171901.3  1 0.0077 0.0386 0.0041 0.0119 0.0047 0.0057 0.0046 0.0058 0.0074 0.0081 0.0122 0.0044 0.0068 0.0035 0.0075 0.0058 0.0029 0.8372 0.0043 0.0029 0.0027 0.0045 0.0067 
   H171901.4  1 0.0041 0.0648 0.0037 0.0066 0.0042 0.0073 0.0032 0.0032 0.0037 0.0055 0.0043 0.0029 0.0058 0.0039 0.0061 0.0055 0.0055 0.8367 0.0037 0.0038 0.0026 0.0049 0.0081 
   H171901.5  1 0.0046 0.0106 0.0055 0.0046 0.0036 0.0034 0.0046 0.0028 0.0026 0.0046 0.0059 0.0027 0.0093 0.0047 0.0057 0.0047 0.0035 0.8974 0.0041 0.0029 0.0030 0.0064 0.0026 
   H171901.6  1 0.0091 0.0065 0.0058 0.0072 0.0101 0.0050 0.0080 0.0073 0.0116 0.0126 0.0066 0.0040 0.0192 0.0070 0.0111 0.0082 0.0044 0.8245 0.0050 0.0031 0.0041 0.0158 0.0041 
   H171901.7  1 0.0171 0.0502 0.0043 0.0171 0.0069 0.0076 0.0123 0.0129 0.0940 0.0062 0.0170 0.0039 0.0117 0.0054 0.0911 0.0046 0.0044 0.6071 0.0057 0.0045 0.0053 0.0064 0.0039 
   H171902.1  1 0.0036 0.0035 0.0030 0.0028 0.0035 0.0030 0.0034 0.0029 0.0031 0.0030 0.0028 0.0024 0.0075 0.0028 0.0027 0.9170 0.0052 0.0056 0.0053 0.0048 0.0036 0.0068 0.0020 
  H171902.10  1 0.0036 0.0035 0.0028 0.0034 0.0030 0.0019 0.0036 0.0045 0.0027 0.0066 0.0032 0.0026 0.0020 0.0020 0.0071 0.9256 0.0035 0.0035 0.0037 0.0032 0.0025 0.0036 0.0019 
   H171902.2  1 0.0051 0.0086 0.0025 0.0041 0.0033 0.0025 0.0034 0.0043 0.0038 0.0038 0.0059 0.0030 0.0119 0.0028 0.0028 0.8898 0.0052 0.0115 0.0090 0.0044 0.0029 0.0062 0.0031 
   H171902.3  1 0.0057 0.0089 0.0028 0.0037 0.0051 0.0039 0.0038 0.0043 0.0036 0.0038 0.0057 0.0026 0.0094 0.0035 0.0035 0.8830 0.0042 0.0229 0.0037 0.0044 0.0026 0.0061 0.0029 
   H171902.4  1 0.0040 0.0138 0.0037 0.0033 0.0024 0.0022 0.0026 0.0030 0.0051 0.0028 0.0041 0.0032 0.0028 0.0027 0.0034 0.9144 0.0024 0.0055 0.0030 0.0039 0.0038 0.0057 0.0024 
   H171902.6  1 0.0035 0.0041 0.0029 0.0024 0.0037 0.0023 0.0049 0.0025 0.0032 0.0035 0.0032 0.0021 0.0027 0.0027 0.0031 0.9309 0.0038 0.0034 0.0027 0.0034 0.0027 0.0041 0.0020 
   H171902.7  1 0.0085 0.0073 0.0054 0.0258 0.0036 0.0021 0.0042 0.0033 0.0123 0.0077 0.0063 0.0033 0.0025 0.0041 0.0061 0.8475 0.0244 0.0046 0.0035 0.0048 0.0047 0.0057 0.0024 
   H171902.8  1 0.0046 0.0044 0.0040 0.0031 0.0049 0.0023 0.0045 0.0035 0.0039 0.0031 0.0046 0.0024 0.0032 0.0024 0.0036 0.9137 0.0043 0.0086 0.0030 0.0039 0.0035 0.0055 0.0031 
   H171902.9  1 0.0041 0.0028 0.0043 0.0034 0.0087 0.0029 0.0029 0.0023 0.0040 0.0029 0.0031 0.0037 0.0033 0.0030 0.0030 0.9197 0.0051 0.0035 0.0029 0.0032 0.0041 0.0042 0.0030 
   H171903.1  1 0.0085 0.0040 0.0044 0.4448 0.0231 0.0055 0.0060 0.0064 0.0051 0.0322 0.0113 0.0044 0.0063 0.0028 0.0163 0.0034 0.3812 0.0083 0.0041 0.0050 0.0053 0.0056 0.0060 
   H171903.2  1 0.0072 0.0024 0.0061 0.8442 0.0080 0.0063 0.0034 0.0036 0.0063 0.0069 0.0075 0.0075 0.0099 0.0043 0.0108 0.0032 0.0287 0.0096 0.0042 0.0039 0.0056 0.0031 0.0071 
   H171903.3  1 0.0081 0.0035 0.0094 0.8687 0.0048 0.0148 0.0025 0.0040 0.0141 0.0036 0.0088 0.0033 0.0024 0.0065 0.0047 0.0027 0.0052 0.0049 0.0025 0.0035 0.0035 0.0117 0.0068 
   H171903.4  1 0.0278 0.0026 0.0119 0.6539 0.0110 0.0039 0.0032 0.0422 0.0193 0.0170 0.0323 0.0058 0.0094 0.0042 0.0097 0.0158 0.0966 0.0093 0.0032 0.0034 0.0051 0.0087 0.0036 
   H171903.5  1 0.0071 0.0056 0.0030 0.8921 0.0036 0.0036 0.0040 0.0097 0.0044 0.0039 0.0055 0.0036 0.0045 0.0052 0.0050 0.0032 0.0075 0.0091 0.0037 0.0027 0.0031 0.0068 0.0030 
   H171903.6  1 0.0043 0.0038 0.0027 0.8368 0.0034 0.0049 0.0023 0.0402 0.0045 0.0070 0.0103 0.0022 0.0032 0.0042 0.0090 0.0039 0.0370 0.0037 0.0039 0.0023 0.0039 0.0044 0.0023 
      H177.1  1 0.0038 0.0042 0.0101 0.0041 0.0076 0.0047 0.0047 0.0072 0.0091 0.0049 0.0052 0.0029 0.0025 0.0031 0.8962 0.0029 0.0045 0.0042 0.0051 0.0041 0.0032 0.0023 0.0036 
      H177.2  1 0.0204 0.0121 0.0169 0.0160 0.0047 0.0039 0.0270 0.0075 0.0049 0.0143 0.0206 0.0093 0.0058 0.0094 0.6757 0.0035 0.0134 0.0097 0.0286 0.0200 0.0677 0.0061 0.0025 
      H177.3  1 0.0052 0.0069 0.0051 0.0099 0.0037 0.0044 0.0038 0.0030 0.0045 0.0045 0.0034 0.0032 0.0026 0.0037 0.8958 0.0049 0.0039 0.0047 0.0044 0.0024 0.0122 0.0056 0.0022 
      H177.4  1 0.0085 0.0062 0.0066 0.0077 0.0028 0.0120 0.0065 0.0027 0.0203 0.0033 0.0102 0.0084 0.0052 0.0050 0.7989 0.0046 0.0058 0.0036 0.0569 0.0057 0.0063 0.0097 0.0032 
      H177.5  1 0.0187 0.0035 0.0130 0.0063 0.0061 0.0034 0.0042 0.0120 0.0317 0.0093 0.0125 0.0082 0.0114 0.0105 0.7893 0.0034 0.0029 0.0074 0.0085 0.0142 0.0100 0.0088 0.0047 
      H177.6  1 0.0063 0.0076 0.0073 0.0063 0.0032 0.0032 0.0051 0.0030 0.0049 0.0034 0.0075 0.0034 0.0032 0.0036 0.8885 0.0046 0.0037 0.0080 0.0056 0.0036 0.0092 0.0071 0.0019 
      H179.1  1 0.0113 0.0034 0.0048 0.0058 0.0118 0.0024 0.0049 0.0231 0.0105 0.0071 0.0100 0.0103 0.0109 0.0402 0.0086 0.0037 0.0050 0.0097 0.7938 0.0053 0.0022 0.0082 0.0072 
      H179.2  1 0.0159 0.0049 0.0105 0.0084 0.0086 0.0173 0.0103 0.0174 0.0095 0.0129 0.0149 0.0038 0.0071 0.0521 0.0070 0.0054 0.0043 0.0063 0.7420 0.0032 0.0027 0.0302 0.0053 
      H179.3  1 0.0196 0.0038 0.0061 0.0282 0.0251 0.0046 0.0076 0.0964 0.0239 0.0119 0.0133 0.0088 0.0148 0.0149 0.0169 0.0039 0.0090 0.0194 0.6544 0.0039 0.0023 0.0067 0.0046 
      H179.4  1 0.0227 0.0087 0.0418 0.0204 0.0036 0.0632 0.0081 0.0104 0.0264 0.0044 0.0130 0.0047 0.0453 0.0147 0.0126 0.0044 0.0080 0.0448 0.6108 0.0058 0.0055 0.0134 0.0072 
      H180.1  1 0.0061 0.0022 0.0035 0.0041 0.0035 0.0031 0.0180 0.0037 0.0020 0.8750 0.0051 0.0032 0.0031 0.0040 0.0105 0.0074 0.0051 0.0052 0.0178 0.0036 0.0026 0.0073 0.0041 
      H180.2  1 0.0049 0.0022 0.0026 0.0036 0.0034 0.0032 0.0052 0.0038 0.0031 0.9128 0.0049 0.0022 0.0035 0.0050 0.0078 0.0025 0.0026 0.0052 0.0046 0.0037 0.0034 0.0043 0.0055 
      H180.3  1 0.0049 0.0053 0.0018 0.0058 0.0114 0.0041 0.0031 0.0057 0.0035 0.8908 0.0057 0.0024 0.0036 0.0070 0.0039 0.0033 0.0059 0.0051 0.0046 0.0060 0.0060 0.0063 0.0037 
      H180.4  1 0.0068 0.0041 0.0036 0.0058 0.0041 0.0036 0.0110 0.0023 0.0027 0.8859 0.0070 0.0036 0.0061 0.0045 0.0053 0.0041 0.0036 0.0118 0.0085 0.0032 0.0026 0.0040 0.0058 
      H180.5  1 0.0068 0.0033 0.0028 0.0036 0.0026 0.0031 0.0112 0.0037 0.0032 0.8935 0.0054 0.0030 0.0037 0.0031 0.0132 0.0040 0.0028 0.0046 0.0089 0.0065 0.0045 0.0040 0.0023 
      H180.6  1 0.0099 0.0095 0.0025 0.0044 0.0075 0.0031 0.0042 0.0028 0.0074 0.8453 0.0096 0.0027 0.0061 0.0054 0.0040 0.0070 0.0053 0.0092 0.0092 0.0227 0.0136 0.0048 0.0037 
      H181.1  1 0.0092 0.0132 0.0031 0.0254 0.0026 0.0032 0.8691 0.0034 0.0045 0.0059 0.0101 0.0026 0.0024 0.0037 0.0039 0.0052 0.0070 0.0048 0.0043 0.0049 0.0037 0.0036 0.0042 
      H181.2  1 0.0037 0.0053 0.0046 0.0023 0.0028 0.0028 0.8936 0.0039 0.0040 0.0042 0.0049 0.0031 0.0087 0.0034 0.0092 0.0063 0.0037 0.0047 0.0077 0.0067 0.0056 0.0048 0.0040 
      H181.3  1 0.0051 0.0064 0.0041 0.0035 0.0052 0.0024 0.8865 0.0041 0.0036 0.0055 0.0061 0.0046 0.0054 0.0021 0.0051 0.0087 0.0047 0.0147 0.0037 0.0055 0.0032 0.0037 0.0059 
      H181.4  1 0.0265 0.0130 0.0059 0.0079 0.0109 0.0043 0.7710 0.0063 0.0050 0.0144 0.0197 0.0092 0.0129 0.0063 0.0093 0.0054 0.0071 0.0206 0.0049 0.0246 0.0044 0.0040 0.0063 
      H181.5  1 0.0045 0.0031 0.0028 0.0030 0.0031 0.0039 0.9092 0.0040 0.0059 0.0036 0.0048 0.0035 0.0027 0.0063 0.0029 0.0036 0.0028 0.0033 0.0113 0.0043 0.0023 0.0040 0.0051 
      H181.6  1 0.0077 0.0034 0.0032 0.0045 0.0056 0.0070 0.8736 0.0031 0.0046 0.0068 0.0042 0.0034 0.0077 0.0046 0.0062 0.0047 0.0050 0.0059 0.0209 0.0035 0.0030 0.0063 0.0051 
      H181.7  1 0.0070 0.0044 0.0025 0.0044 0.0046 0.0058 0.8970 0.0046 0.0034 0.0038 0.0045 0.0036 0.0041 0.0048 0.0044 0.0035 0.0036 0.0041 0.0142 0.0035 0.0036 0.0050 0.0035 
 H194.1_2004  1 0.0048 0.0040 0.0028 0.0072 0.0044 0.0032 0.0023 0.0061 0.9014 0.0039 0.0060 0.0035 0.0049 0.0040 0.0056 0.0044 0.0064 0.0053 0.0027 0.0031 0.0045 0.0074 0.0021 
 H194.2_2004  1 0.0050 0.0028 0.0028 0.0048 0.0036 0.0020 0.0033 0.0029 0.9208 0.0027 0.0047 0.0028 0.0030 0.0026 0.0028 0.0039 0.0090 0.0027 0.0018 0.0034 0.0055 0.0038 0.0034 
 H194.3_2004  1 0.0099 0.0237 0.0071 0.0092 0.0027 0.0035 0.0045 0.0042 0.7883 0.0035 0.0095 0.0036 0.0070 0.0454 0.0178 0.0062 0.0042 0.0140 0.0096 0.0035 0.0082 0.0123 0.0022 
 H194.4_2004  1 0.0033 0.0073 0.0042 0.0045 0.0028 0.0034 0.0048 0.0032 0.9030 0.0023 0.0049 0.0020 0.0046 0.0021 0.0076 0.0060 0.0033 0.0057 0.0038 0.0039 0.0092 0.0049 0.0030 
 H194.5_2004  1 0.0051 0.0132 0.0066 0.0086 0.0038 0.0061 0.0046 0.0048 0.8446 0.0023 0.0116 0.0042 0.0107 0.0150 0.0056 0.0053 0.0076 0.0093 0.0041 0.0080 0.0041 0.0113 0.0034 
 H194.6_2004  1 0.0136 0.0120 0.0077 0.0175 0.0055 0.0161 0.0055 0.0074 0.7336 0.0043 0.0114 0.0024 0.0099 0.0337 0.0556 0.0122 0.0046 0.0173 0.0046 0.0071 0.0054 0.0094 0.0032 
 H194.7_2004  1 0.0038 0.0027 0.0024 0.0082 0.0029 0.0029 0.0027 0.0032 0.9258 0.0032 0.0035 0.0028 0.0025 0.0036 0.0044 0.0022 0.0046 0.0030 0.0021 0.0036 0.0035 0.0030 0.0035 
 H194.8_2004  1 0.0050 0.0072 0.0061 0.0037 0.0059 0.0056 0.0044 0.0033 0.8946 0.0024 0.0058 0.0033 0.0087 0.0044 0.0055 0.0039 0.0040 0.0048 0.0023 0.0052 0.0037 0.0067 0.0037 
      H194.9  1 0.0045 0.0041 0.0030 0.0037 0.0050 0.0029 0.0032 0.0024 0.9212 0.0025 0.0041 0.0022 0.0048 0.0023 0.0044 0.0038 0.0043 0.0038 0.0021 0.0054 0.0042 0.0034 0.0027 
 H195.1_2003  1 0.0031 0.0033 0.0029 0.0026 0.0023 0.0022 0.0023 0.0021 0.0036 0.0027 0.0031 0.0023 0.9381 0.0025 0.0024 0.0028 0.0030 0.0049 0.0024 0.0026 0.0023 0.0038 0.0025 
 H195.1_2004  1 0.0051 0.0098 0.0085 0.0033 0.0032 0.0029 0.0056 0.0040 0.0032 0.0044 0.0041 0.0037 0.0067 0.0024 0.0091 0.0046 0.0027 0.0051 0.0032 0.0029 0.8997 0.0033 0.0025 
 H195.2_2003  1 0.0094 0.0029 0.0059 0.0035 0.0099 0.0047 0.0044 0.0446 0.0041 0.0040 0.0075 0.0046 0.8353 0.0024 0.0041 0.0069 0.0080 0.0056 0.0026 0.0120 0.0087 0.0046 0.0040 
 H195.2_2004  1 0.0055 0.0072 0.0047 0.0025 0.0026 0.0031 0.0033 0.0107 0.0051 0.0048 0.0040 0.0032 0.1096 0.0038 0.0034 0.0031 0.0034 0.0066 0.0034 0.0108 0.7911 0.0053 0.0027 
 H195.3_2003  1 0.0082 0.0018 0.0058 0.0057 0.0472 0.0034 0.0077 0.0232 0.0080 0.0057 0.0121 0.0065 0.7984 0.0097 0.0046 0.0030 0.0129 0.0065 0.0020 0.0109 0.0050 0.0029 0.0088 
 H195.3_2004  1 0.0054 0.0146 0.0071 0.0037 0.0030 0.0036 0.0083 0.0033 0.0081 0.0032 0.0056 0.0041 0.1643 0.0029 0.0078 0.0064 0.0036 0.0132 0.0038 0.0046 0.7133 0.0069 0.0035 
 H195.4_2003  1 0.0048 0.0143 0.0029 0.0025 0.0028 0.0034 0.0025 0.0020 0.0062 0.0032 0.0057 0.0040 0.8592 0.0028 0.0051 0.0032 0.0035 0.0061 0.0038 0.0024 0.0466 0.0105 0.0025 
 H195.4_2004  1 0.0048 0.0048 0.0039 0.0039 0.0028 0.0049 0.0028 0.0145 0.0070 0.0032 0.0051 0.0029 0.0433 0.0032 0.0061 0.0039 0.0043 0.0053 0.0040 0.0044 0.8582 0.0039 0.0027 
 H195.5_2003  1 0.0060 0.0058 0.0100 0.0033 0.0044 0.0048 0.0026 0.0024 0.0034 0.0060 0.0056 0.0064 0.9043 0.0025 0.0026 0.0025 0.0032 0.0038 0.0023 0.0026 0.0045 0.0044 0.0066 
 H195.5_2004  1 0.0049 0.0068 0.0054 0.0028 0.0033 0.0043 0.0042 0.0034 0.0032 0.0036 0.0046 0.0031 0.0275 0.0033 0.0051 0.0033 0.0024 0.0031 0.0032 0.0030 0.8900 0.0030 0.0066 
 H195.6_2003  1 0.0075 0.0024 0.0063 0.0048 0.0105 0.0052 0.0042 0.0205 0.0035 0.0042 0.0093 0.0071 0.8082 0.0027 0.0036 0.0085 0.0092 0.0043 0.0026 0.0070 0.0618 0.0035 0.0031 
 H195.6_2004  1 0.0043 0.0036 0.0062 0.0036 0.0023 0.0044 0.0032 0.0044 0.0085 0.0023 0.0043 0.0033 0.0995 0.0043 0.0045 0.0040 0.0050 0.0038 0.0032 0.0030 0.8113 0.0038 0.0073 
 H195.7_2003  1 0.0062 0.0038 0.0034 0.0032 0.0021 0.0032 0.0042 0.0466 0.0055 0.0024 0.0066 0.0039 0.8526 0.0034 0.0030 0.0025 0.0044 0.0043 0.0024 0.0039 0.0249 0.0042 0.0034 
 H195.7_2004  1 0.0047 0.0023 0.0044 0.0026 0.0060 0.0027 0.0035 0.0091 0.0022 0.0069 0.0047 0.0024 0.0103 0.0024 0.0028 0.0028 0.0032 0.0030 0.0022 0.0037 0.9136 0.0024 0.0020 
      H195.8  1 0.0031 0.0028 0.0042 0.0028 0.0030 0.0039 0.0037 0.0031 0.0033 0.0029 0.0036 0.0031 0.0036 0.0020 0.0037 0.0028 0.0033 0.0027 0.0022 0.0023 0.9324 0.0028 0.0029 
      H195.9  1 0.0089 0.0100 0.0064 0.0039 0.0026 0.0072 0.0043 0.0053 0.0081 0.0035 0.0080 0.0033 0.0747 0.0070 0.0152 0.0048 0.0076 0.0115 0.0031 0.0048 0.7928 0.0044 0.0025 
      H415.1  1 0.0061 0.0071 0.0053 0.0061 0.0123 0.0020 0.0061 0.0084 0.0076 0.0088 0.0079 0.0045 0.0044 0.0048 0.0049 0.0053 0.0032 0.0071 0.0045 0.0029 0.0035 0.8714 0.0059 
      H415.2  1 0.0180 0.0036 0.0120 0.0341 0.0107 0.0032 0.0041 0.0129 0.0177 0.0059 0.0256 0.0200 0.0034 0.0103 0.0225 0.0537 0.0121 0.0072 0.0081 0.0074 0.0050 0.6983 0.0041 
      H415.3  1 0.0052 0.0097 0.0037 0.0034 0.0041 0.0025 0.0048 0.0050 0.0026 0.0050 0.0048 0.0059 0.0044 0.0039 0.0044 0.0038 0.0030 0.0051 0.0147 0.0046 0.0031 0.8932 0.0033 
      H415.4  1 0.0040 0.0044 0.0052 0.0037 0.0039 0.0018 0.0033 0.0025 0.0059 0.0047 0.0048 0.0025 0.0059 0.0065 0.0026 0.0041 0.0033 0.0048 0.0022 0.0024 0.0039 0.9149 0.0025 
      H415.5  1 0.0033 0.0057 0.0026 0.0037 0.0020 0.0025 0.0035 0.0029 0.0034 0.0036 0.0036 0.0025 0.0042 0.0035 0.0031 0.0042 0.0023 0.0054 0.0032 0.0024 0.0029 0.9270 0.0027 
      H415.6  1 0.0044 0.0055 0.0052 0.0032 0.0053 0.0021 0.0037 0.0024 0.0037 0.0034 0.0047 0.0025 0.0060 0.0056 0.0030 0.0030 0.0021 0.0049 0.0023 0.0026 0.0029 0.9192 0.0023 
      H415.7  1 0.0211 0.0053 0.0112 0.0290 0.0050 0.0058 0.0040 0.0106 0.0079 0.0034 0.0275 0.0089 0.0059 0.0037 0.0161 0.0237 0.0151 0.0149 0.0121 0.0074 0.0049 0.7539 0.0026 
      H506.1  1 0.0028 0.0038 0.0023 0.0025 0.0022 0.0043 0.0032 0.0022 0.0024 0.0024 0.0031 0.0035 0.0030 0.0043 0.0029 0.0022 0.0027 0.0029 0.9342 0.0039 0.0029 0.0025 0.0037 
      H506.2  1 0.0032 0.0032 0.0027 0.0020 0.0018 0.0035 0.0058 0.0020 0.0027 0.0021 0.0035 0.0026 0.0044 0.0044 0.0066 0.0027 0.0037 0.0027 0.9236 0.0034 0.0076 0.0028 0.0031 
      H506.3  1 0.0089 0.0043 0.0061 0.0051 0.0040 0.0049 0.0223 0.0112 0.0036 0.0044 0.0095 0.0053 0.0053 0.0169 0.0166 0.0044 0.0040 0.0049 0.8415 0.0050 0.0055 0.0037 0.0027 
      H506.4  1 0.0065 0.0058 0.0033 0.0084 0.0047 0.0109 0.0063 0.0038 0.0036 0.0044 0.0048 0.0052 0.0044 0.0048 0.0083 0.0045 0.0054 0.0053 0.8864 0.0035 0.0026 0.0045 0.0029 
      H506.5  1 0.0041 0.0053 0.0044 0.0035 0.0022 0.0057 0.0061 0.0019 0.0024 0.0027 0.0052 0.0031 0.0065 0.0037 0.0069 0.0046 0.0048 0.0061 0.9064 0.0023 0.0037 0.0055 0.0028 
      H506.6  1 0.0171 0.0032 0.0145 0.0184 0.0052 0.0051 0.0105 0.0072 0.0049 0.0052 0.0125 0.0067 0.0151 0.0041 0.1017 0.0035 0.0081 0.0062 0.7203 0.0031 0.0181 0.0063 0.0030 
      H506.7  1 0.0030 0.0040 0.0034 0.0027 0.0018 0.0033 0.0054 0.0021 0.0023 0.0024 0.0024 0.0025 0.0068 0.0051 0.0047 0.0027 0.0030 0.0032 0.9273 0.0028 0.0037 0.0027 0.0028 
      H533.1  1 0.0034 0.0073 0.0020 0.0033 0.0018 0.0042 0.0142 0.0023 0.0020 0.0062 0.0045 0.0027 0.0021 0.0060 0.0031 0.0024 0.0023 0.0062 0.9103 0.0028 0.0027 0.0031 0.0051 
      H533.2  1 0.0037 0.0074 0.0031 0.0035 0.0017 0.0036 0.0172 0.0022 0.0025 0.0064 0.0040 0.0025 0.0024 0.0059 0.0041 0.0023 0.0019 0.0079 0.9004 0.0029 0.0034 0.0039 0.0071 
      H533.3  1 0.0047 0.0057 0.0022 0.0070 0.0030 0.0030 0.0036 0.0018 0.0031 0.0033 0.0034 0.0029 0.0021 0.0033 0.0035 0.0021 0.0060 0.0037 0.9215 0.0050 0.0040 0.0025 0.0026 
      H533.4  1 0.0083 0.0086 0.0044 0.0105 0.0037 0.0101 0.0079 0.0032 0.0113 0.0042 0.0092 0.0028 0.0128 0.0028 0.0061 0.0034 0.0208 0.0052 0.8365 0.0048 0.0123 0.0068 0.0042 
      H535.1  1 0.0033 0.0028 0.0027 0.0026 0.0035 0.9313 0.0036 0.0017 0.0036 0.0028 0.0034 0.0023 0.0028 0.0033 0.0042 0.0045 0.0032 0.0037 0.0038 0.0023 0.0023 0.0032 0.0028 
      H535.2  1 0.0032 0.0024 0.0031 0.0029 0.0021 0.9318 0.0055 0.0021 0.0027 0.0025 0.0038 0.0031 0.0026 0.0037 0.0044 0.0024 0.0032 0.0025 0.0045 0.0032 0.0030 0.0026 0.0029 
      H535.3  1 0.0026 0.0024 0.0030 0.0027 0.0023 0.9395 0.0047 0.0022 0.0025 0.0023 0.0031 0.0028 0.0027 0.0030 0.0027 0.0021 0.0029 0.0023 0.0028 0.0030 0.0027 0.0019 0.0037 
      H535.4  1 0.0024 0.0047 0.0031 0.0029 0.0021 0.9376 0.0025 0.0024 0.0037 0.0021 0.0029 0.0028 0.0037 0.0035 0.0021 0.0024 0.0023 0.0029 0.0030 0.0024 0.0030 0.0027 0.0028 
      H535.5  1 0.0033 0.0031 0.0029 0.0032 0.0022 0.9361 0.0021 0.0020 0.0034 0.0022 0.0032 0.0023 0.0042 0.0038 0.0031 0.0024 0.0036 0.0030 0.0039 0.0023 0.0024 0.0028 0.0025 
      H535.6  1 0.0043 0.0022 0.0029 0.0033 0.0089 0.9067 0.0055 0.0025 0.0043 0.0031 0.0053 0.0023 0.0063 0.0032 0.0047 0.0076 0.0066 0.0031 0.0029 0.0040 0.0039 0.0041 0.0025 
      H535.7  1 0.0031 0.0026 0.0018 0.0028 0.0023 0.9484 0.0023 0.0019 0.0019 0.0019 0.0024 0.0018 0.0025 0.0029 0.0025 0.0019 0.0025 0.0026 0.0028 0.0023 0.0023 0.0023 0.0021 
      H535.8  1 0.0031 0.0024 0.0030 0.0025 0.0025 0.9353 0.0034 0.0024 0.0032 0.0023 0.0031 0.0022 0.0051 0.0047 0.0022 0.0022 0.0039 0.0032 0.0021 0.0036 0.0025 0.0023 0.0026 
      H535.9  1 0.0033 0.0023 0.0025 0.0029 0.0031 0.9343 0.0038 0.0023 0.0028 0.0037 0.0031 0.0022 0.0031 0.0028 0.0039 0.0040 0.0036 0.0031 0.0034 0.0023 0.0026 0.0025 0.0025 
      H539.1  1 0.0032 0.0020 0.0025 0.0043 0.9362 0.0021 0.0027 0.0019 0.0029 0.0037 0.0032 0.0023 0.0029 0.0017 0.0031 0.0055 0.0035 0.0029 0.0018 0.0029 0.0025 0.0029 0.0034 
      H539.2  1 0.0293 0.0039 0.0157 0.0756 0.5291 0.0088 0.0053 0.0359 0.0101 0.1323 0.0225 0.0076 0.0054 0.0070 0.0199 0.0041 0.0455 0.0131 0.0041 0.0062 0.0053 0.0048 0.0086 
      H539.3  1 0.0085 0.0029 0.0066 0.0125 0.8316 0.0095 0.0038 0.0101 0.0147 0.0123 0.0091 0.0036 0.0169 0.0041 0.0062 0.0047 0.0130 0.0093 0.0028 0.0037 0.0050 0.0037 0.0055 
      H539.4  1 0.0089 0.0030 0.0042 0.0115 0.8585 0.0030 0.0041 0.0064 0.0027 0.0381 0.0071 0.0046 0.0031 0.0055 0.0052 0.0043 0.0034 0.0085 0.0029 0.0031 0.0035 0.0051 0.0034 
      H539.5  1 0.0030 0.0025 0.0023 0.0041 0.9305 0.0034 0.0027 0.0026 0.0035 0.0052 0.0035 0.0022 0.0020 0.0038 0.0036 0.0041 0.0054 0.0027 0.0025 0.0034 0.0024 0.0020 0.0026 
      H539.6  1 0.0031 0.0022 0.0030 0.0044 0.9153 0.0024 0.0037 0.0026 0.0043 0.0069 0.0037 0.0034 0.0035 0.0028 0.0031 0.0038 0.0116 0.0035 0.0024 0.0056 0.0031 0.0031 0.0026 
      H539.7  1 0.0044 0.0031 0.0026 0.0046 0.9107 0.0029 0.0034 0.0048 0.0042 0.0156 0.0033 0.0030 0.0036 0.0027 0.0036 0.0044 0.0031 0.0068 0.0021 0.0023 0.0020 0.0043 0.0022 
      H539.8  1 0.0109 0.0047 0.0073 0.0100 0.7443 0.0251 0.0042 0.0162 0.0128 0.0779 0.0177 0.0034 0.0117 0.0067 0.0064 0.0045 0.0053 0.0058 0.0053 0.0044 0.0032 0.0040 0.0084 
      H539.9  1 0.0049 0.0026 0.0038 0.0095 0.9133 0.0024 0.0034 0.0034 0.0025 0.0090 0.0032 0.0034 0.0027 0.0049 0.0043 0.0025 0.0038 0.0048 0.0032 0.0028 0.0026 0.0031 0.0040 
      H540.1  1 0.0078 0.0042 0.0041 0.0268 0.7858 0.0048 0.0098 0.0047 0.0053 0.0038 0.0061 0.0056 0.0032 0.0039 0.0065 0.0048 0.0833 0.0034 0.0041 0.0071 0.0080 0.0045 0.0024 
      H540.2  1 0.0044 0.0039 0.0036 0.0083 0.8906 0.0020 0.0068 0.0059 0.0061 0.0044 0.0054 0.0048 0.0025 0.0036 0.0042 0.0033 0.0122 0.0031 0.0037 0.0064 0.0044 0.0064 0.0037 
      H540.3  1 0.0397 0.0193 0.0180 0.0153 0.6792 0.0055 0.0091 0.0089 0.0274 0.0192 0.0514 0.0055 0.0056 0.0119 0.0099 0.0057 0.0076 0.0096 0.0048 0.0051 0.0127 0.0190 0.0095 
      H540.4  1 0.0138 0.0044 0.0042 0.0133 0.8076 0.0054 0.0267 0.0127 0.0052 0.0173 0.0148 0.0093 0.0041 0.0043 0.0088 0.0066 0.0110 0.0029 0.0058 0.0051 0.0054 0.0076 0.0038 
      H540.5  1 0.0073 0.0049 0.0072 0.0128 0.8773 0.0023 0.0071 0.0103 0.0065 0.0039 0.0047 0.0039 0.0023 0.0051 0.0075 0.0054 0.0041 0.0049 0.0025 0.0056 0.0033 0.0067 0.0043 
      H540.6  1 0.0120 0.0071 0.0083 0.0292 0.7686 0.0047 0.0214 0.0092 0.0059 0.0062 0.0187 0.0088 0.0023 0.0057 0.0205 0.0081 0.0275 0.0034 0.0039 0.0071 0.0080 0.0070 0.0064 
      H540.7  1 0.0114 0.0172 0.0042 0.0090 0.8094 0.0033 0.0152 0.0056 0.0137 0.0095 0.0108 0.0068 0.0046 0.0051 0.0066 0.0050 0.0115 0.0048 0.0067 0.0167 0.0042 0.0152 0.0034 
      H540.8  1 0.0135 0.0081 0.0027 0.1351 0.6102 0.0059 0.0092 0.0049 0.0686 0.0073 0.0127 0.0037 0.0049 0.0036 0.0159 0.0106 0.0212 0.0108 0.0036 0.0060 0.0037 0.0334 0.0044 
     H9558.1  1 0.0064 0.0021 0.0024 0.0035 0.9028 0.0088 0.0054 0.0046 0.0044 0.0025 0.0051 0.0023 0.0051 0.0028 0.0028 0.0103 0.0049 0.0032 0.0049 0.0024 0.0022 0.0055 0.0054 
     H9558.2  1 0.0122 0.0039 0.0060 0.0029 0.8137 0.0081 0.0227 0.0074 0.0094 0.0034 0.0122 0.0060 0.0203 0.0058 0.0022 0.0063 0.0070 0.0037 0.0094 0.0116 0.0024 0.0066 0.0166 
     H9558.3  1 0.0053 0.0028 0.0070 0.0038 0.8483 0.0059 0.0075 0.0041 0.0087 0.0034 0.0068 0.0098 0.0052 0.0067 0.0028 0.0029 0.0053 0.0026 0.0031 0.0141 0.0024 0.0048 0.0366 
     H9558.4  1 0.0067 0.0022 0.0029 0.0048 0.9127 0.0068 0.0045 0.0059 0.0048 0.0033 0.0040 0.0020 0.0030 0.0024 0.0032 0.0041 0.0044 0.0032 0.0052 0.0027 0.0019 0.0036 0.0059 
     H9558.5  1 0.0055 0.0027 0.0053 0.0049 0.9059 0.0085 0.0038 0.0081 0.0024 0.0082 0.0058 0.0045 0.0022 0.0029 0.0032 0.0025 0.0025 0.0043 0.0029 0.0034 0.0016 0.0030 0.0057 
     H9558.6  1 0.0137 0.0027 0.0070 0.0043 0.8649 0.0056 0.0056 0.0030 0.0092 0.0041 0.0194 0.0042 0.0032 0.0059 0.0033 0.0036 0.0047 0.0036 0.0035 0.0056 0.0035 0.0066 0.0126 
    kos339.1  1 0.0102 0.7746 0.0051 0.0095 0.0041 0.0047 0.0073 0.0029 0.0033 0.0057 0.0096 0.0229 0.0027 0.0051 0.0084 0.0078 0.0086 0.0262 0.0238 0.0363 0.0027 0.0133 0.0054 
    kos339.2  1 0.0053 0.8895 0.0057 0.0028 0.0032 0.0049 0.0031 0.0041 0.0034 0.0052 0.0044 0.0072 0.0044 0.0037 0.0038 0.0054 0.0029 0.0050 0.0092 0.0078 0.0077 0.0077 0.0033 
    kos339.3  1 0.0042 0.9079 0.0026 0.0034 0.0036 0.0051 0.0041 0.0030 0.0034 0.0047 0.0034 0.0023 0.0063 0.0028 0.0034 0.0028 0.0056 0.0122 0.0040 0.0037 0.0039 0.0053 0.0025 
    kos339.4  1 0.0047 0.8998 0.0031 0.0036 0.0036 0.0063 0.0037 0.0035 0.0036 0.0043 0.0038 0.0029 0.0060 0.0029 0.0038 0.0045 0.0056 0.0132 0.0042 0.0033 0.0032 0.0071 0.0033 
    kos339.5  1 0.0034 0.8574 0.0028 0.0027 0.0040 0.0026 0.0055 0.0025 0.0027 0.0041 0.0050 0.0076 0.0031 0.0051 0.0087 0.0056 0.0043 0.0076 0.0114 0.0440 0.0022 0.0039 0.0037 
    kos339.6  1 0.0037 0.9148 0.0037 0.0035 0.0023 0.0027 0.0037 0.0024 0.0051 0.0026 0.0038 0.0057 0.0024 0.0026 0.0060 0.0028 0.0033 0.0027 0.0060 0.0085 0.0042 0.0040 0.0033 
    kos339.7  1 0.0049 0.9036 0.0026 0.0031 0.0026 0.0100 0.0056 0.0030 0.0030 0.0041 0.0041 0.0020 0.0058 0.0023 0.0028 0.0032 0.0039 0.0129 0.0063 0.0029 0.0033 0.0058 0.0023 
    kos339.8  1 0.0050 0.8815 0.0040 0.0034 0.0026 0.0027 0.0029 0.0031 0.0029 0.0048 0.0048 0.0047 0.0046 0.0032 0.0043 0.0041 0.0030 0.0150 0.0216 0.0070 0.0037 0.0083 0.0027 
    kos339.9  1 0.0120 0.7369 0.0085 0.0074 0.0180 0.0043 0.0115 0.0029 0.0054 0.0124 0.0082 0.0065 0.0065 0.0085 0.0165 0.0394 0.0104 0.0333 0.0075 0.0180 0.0113 0.0106 0.0040 
      H409.1 12 0.0040 0.0061 0.0036 0.0022 0.0020 0.0022 0.0050 0.0045 0.0050 0.0021 0.0025 0.0048 0.0036 0.9236 0.0029 0.0025 0.0019 0.0034 0.0035 0.0043 0.0030 0.0037 0.0037 
     H409.10 12 0.0072 0.0048 0.0071 0.0033 0.0060 0.0034 0.0113 0.0139 0.0022 0.0097 0.0057 0.0089 0.0078 0.8426 0.0037 0.0039 0.0073 0.0033 0.0210 0.0054 0.0037 0.0118 0.0060 
      H409.2 12 0.0053 0.0049 0.0088 0.0049 0.0037 0.0067 0.0037 0.0038 0.0039 0.0029 0.0059 0.0027 0.0043 0.8957 0.0039 0.0046 0.0025 0.0058 0.0041 0.0025 0.0029 0.0139 0.0026 
      H409.3 12 0.0034 0.0038 0.0047 0.0041 0.0033 0.0034 0.0026 0.0025 0.0053 0.0032 0.0031 0.0032 0.0037 0.9225 0.0036 0.0029 0.0031 0.0041 0.0050 0.0032 0.0029 0.0028 0.0034 
      H409.4 12 0.0038 0.0028 0.0041 0.0023 0.0035 0.0032 0.0031 0.0033 0.0041 0.0024 0.0032 0.0030 0.0022 0.9336 0.0027 0.0022 0.0026 0.0026 0.0030 0.0036 0.0025 0.0027 0.0033 
      H409.5 12 0.0037 0.0022 0.0028 0.0051 0.0030 0.0037 0.0031 0.0023 0.0023 0.0039 0.0039 0.0029 0.0035 0.9249 0.0028 0.0036 0.0052 0.0032 0.0042 0.0040 0.0028 0.0036 0.0033 
      H409.6 12 0.0158 0.0030 0.0071 0.0173 0.0062 0.0082 0.0081 0.0058 0.0086 0.0065 0.0095 0.0106 0.0023 0.8227 0.0052 0.0045 0.0057 0.0044 0.0066 0.0105 0.0049 0.0033 0.0233 
      H409.7 12 0.0056 0.0048 0.0074 0.0025 0.0028 0.0026 0.0065 0.0047 0.0055 0.0026 0.0046 0.0049 0.0052 0.9031 0.0031 0.0040 0.0024 0.0043 0.0040 0.0049 0.0053 0.0048 0.0045 
      H409.8 12 0.0052 0.0029 0.0023 0.0045 0.0031 0.0031 0.0037 0.0030 0.0044 0.0035 0.0034 0.0043 0.0037 0.9162 0.0035 0.0035 0.0052 0.0036 0.0055 0.0052 0.0026 0.0036 0.0041 
      H409.9 12 0.0517 0.0033 0.0049 0.0097 0.2328 0.0089 0.0117 0.0045 0.0036 0.0231 0.0602 0.0363 0.0034 0.3593 0.0172 0.0038 0.0088 0.0054 0.1195 0.0042 0.0047 0.0104 0.0125 
      H413.1 12 0.0047 0.0037 0.0046 0.0028 0.0043 0.0027 0.0049 0.0048 0.0045 0.0050 0.0048 0.0076 0.0039 0.0030 0.0025 0.0031 0.0028 0.0049 0.0021 0.0042 0.0026 0.0025 0.9138 
      H413.2 12 0.0036 0.0048 0.0032 0.0027 0.0033 0.0043 0.0034 0.0039 0.0055 0.0026 0.0037 0.0027 0.0060 0.0025 0.0022 0.0031 0.0038 0.0044 0.0035 0.0039 0.0026 0.0026 0.9217 
      H413.3 12 0.0045 0.0024 0.0032 0.0028 0.0045 0.0019 0.0051 0.0075 0.0045 0.0041 0.0047 0.0104 0.0024 0.0037 0.0023 0.0024 0.0036 0.0026 0.0047 0.0029 0.0021 0.0024 0.9154 
      H413.4 12 0.0038 0.0073 0.0084 0.0022 0.0054 0.0025 0.0086 0.0024 0.0043 0.0066 0.0076 0.0188 0.0046 0.0043 0.0043 0.0041 0.0030 0.0045 0.0056 0.0104 0.0031 0.0034 0.8749 
      H413.5 12 0.0065 0.0027 0.0046 0.0028 0.0446 0.0022 0.0053 0.0072 0.0039 0.0303 0.0080 0.0051 0.0024 0.0020 0.0028 0.0082 0.0060 0.0026 0.0042 0.0087 0.0035 0.0022 0.8344 
      H413.6 12 0.0075 0.0046 0.0177 0.0041 0.0426 0.0031 0.0039 0.0177 0.0058 0.0189 0.0072 0.0060 0.0156 0.0032 0.0048 0.0024 0.0036 0.0044 0.0019 0.0213 0.0030 0.0034 0.7973 
      H413.7 12 0.0048 0.0047 0.0055 0.0029 0.0077 0.0042 0.0044 0.0062 0.0046 0.0032 0.0057 0.0053 0.0074 0.0033 0.0038 0.0026 0.0036 0.0029 0.0043 0.0057 0.0022 0.0026 0.9025 
      H563.1 12 0.0037 0.0027 0.0054 0.0038 0.0095 0.0019 0.0028 0.0043 0.0032 0.0032 0.0050 0.9133 0.0026 0.0047 0.0049 0.0019 0.0038 0.0032 0.0026 0.0041 0.0029 0.0025 0.0080 
      H563.2 12 0.0082 0.0099 0.0074 0.0044 0.0056 0.0036 0.0072 0.0041 0.0183 0.0048 0.0080 0.8537 0.0029 0.0152 0.0052 0.0050 0.0038 0.0051 0.0045 0.0043 0.0038 0.0069 0.0082 
      H563.3 12 0.0034 0.0022 0.0067 0.0040 0.0074 0.0021 0.0037 0.0027 0.0033 0.0032 0.0034 0.9128 0.0031 0.0033 0.0030 0.0029 0.0084 0.0028 0.0031 0.0099 0.0033 0.0020 0.0035 
      H563.4 12 0.0067 0.0046 0.0071 0.0082 0.0042 0.0030 0.0044 0.0048 0.0053 0.0050 0.0073 0.8740 0.0020 0.0082 0.0050 0.0040 0.0065 0.0033 0.0044 0.0049 0.0030 0.0044 0.0197 
      H563.5 12 0.0048 0.0028 0.0092 0.0045 0.0048 0.0019 0.0037 0.0040 0.0029 0.0037 0.0044 0.9157 0.0022 0.0032 0.0052 0.0025 0.0040 0.0046 0.0020 0.0050 0.0027 0.0027 0.0037 
      H563.6 12 0.0063 0.0090 0.0110 0.0040 0.0040 0.0029 0.0043 0.0028 0.0075 0.0038 0.0071 0.8791 0.0029 0.0071 0.0037 0.0045 0.0037 0.0051 0.0044 0.0101 0.0032 0.0046 0.0090 
      H563.7 12 0.0045 0.0122 0.0116 0.0023 0.0028 0.0023 0.0066 0.0025 0.0049 0.0032 0.0049 0.8893 0.0039 0.0056 0.0026 0.0029 0.0033 0.0048 0.0037 0.0104 0.0032 0.0040 0.0087 
      H563.8 12 0.0076 0.0031 0.0132 0.0066 0.0151 0.0019 0.0036 0.0063 0.0040 0.0048 0.0062 0.8744 0.0025 0.0042 0.0105 0.0030 0.0038 0.0060 0.0036 0.0079 0.0030 0.0033 0.0054 
      H563.9 12 0.0103 0.0078 0.0058 0.0044 0.0039 0.0019 0.0074 0.0055 0.0129 0.0049 0.0100 0.8499 0.0033 0.0226 0.0040 0.0050 0.0041 0.0054 0.0063 0.0102 0.0037 0.0061 0.0048 
     H7374.1 12 0.0056 0.0033 0.8841 0.0048 0.0043 0.0039 0.0049 0.0026 0.0087 0.0034 0.0054 0.0039 0.0173 0.0060 0.0027 0.0031 0.0067 0.0081 0.0027 0.0039 0.0040 0.0052 0.0055 
     H7374.2 12 0.0059 0.0019 0.8875 0.0052 0.0068 0.0039 0.0038 0.0079 0.0069 0.0031 0.0052 0.0080 0.0047 0.0047 0.0057 0.0029 0.0082 0.0037 0.0042 0.0029 0.0033 0.0063 0.0073 
     H7374.3 12 0.0100 0.0032 0.7936 0.0068 0.0069 0.0045 0.0037 0.0040 0.0199 0.0048 0.0098 0.0072 0.0559 0.0089 0.0080 0.0057 0.0085 0.0061 0.0037 0.0045 0.0077 0.0110 0.0056 
     H7374.4 12 0.0045 0.0063 0.9112 0.0041 0.0046 0.0062 0.0039 0.0046 0.0040 0.0039 0.0040 0.0033 0.0032 0.0035 0.0046 0.0039 0.0037 0.0034 0.0031 0.0032 0.0027 0.0039 0.0041 
     H7374.5 12 0.0032 0.0042 0.9158 0.0027 0.0069 0.0026 0.0057 0.0033 0.0026 0.0029 0.0037 0.0044 0.0025 0.0032 0.0039 0.0045 0.0034 0.0048 0.0022 0.0068 0.0029 0.0034 0.0044 
     H7374.6 12 0.0104 0.0072 0.8326 0.0046 0.0086 0.0088 0.0051 0.0034 0.0145 0.0045 0.0084 0.0074 0.0156 0.0041 0.0077 0.0057 0.0052 0.0052 0.0049 0.0051 0.0092 0.0180 0.0039 
     H7374.7 12 0.0037 0.0053 0.9267 0.0028 0.0023 0.0040 0.0027 0.0031 0.0041 0.0021 0.0038 0.0038 0.0029 0.0036 0.0030 0.0023 0.0021 0.0028 0.0026 0.0059 0.0036 0.0029 0.0039 
     H7374.8 12 0.0058 0.0056 0.9046 0.0044 0.0022 0.0034 0.0039 0.0027 0.0049 0.0026 0.0051 0.0060 0.0076 0.0052 0.0033 0.0032 0.0029 0.0040 0.0038 0.0050 0.0041 0.0053 0.0045 
     H7374.9 12 0.0044 0.0035 0.9080 0.0027 0.0083 0.0025 0.0031 0.0039 0.0033 0.0036 0.0038 0.0036 0.0029 0.0027 0.0092 0.0050 0.0043 0.0061 0.0027 0.0049 0.0037 0.0032 0.0048 
     H9563.1 12 0.0054 0.0043 0.0036 0.0059 0.0047 0.0029 0.0029 0.0034 0.0058 0.0032 0.0050 0.9080 0.0064 0.0025 0.0048 0.0033 0.0029 0.0045 0.0046 0.0038 0.0028 0.0052 0.0042 
     H9563.2 12 0.0041 0.0026 0.0028 0.0113 0.0057 0.0028 0.0036 0.0036 0.0030 0.0066 0.0040 0.9081 0.0033 0.0021 0.0038 0.0032 0.0042 0.0045 0.0035 0.0034 0.0036 0.0060 0.0040 
