      H105.1  1 0.0027 0.0029 0.0031 0.0028 0.0026 0.0028 0.0048 0.0031 0.0020 0.0029 0.9704 
      H105.2  1 0.0060 0.0043 0.0049 0.0029 0.0055 0.0052 0.0037 0.0025 0.0032 0.0057 0.9560 
      H105.3  1 0.0027 0.0029 0.0027 0.0022 0.0033 0.0025 0.0062 0.0030 0.0022 0.0032 0.9692 
      H105.4  1 0.0050 0.0035 0.0036 0.0035 0.0035 0.0033 0.0046 0.0038 0.0039 0.0037 0.9617 
      H105.5  1 0.0059 0.0044 0.0033 0.0056 0.0039 0.0048 0.0038 0.0041 0.0027 0.0047 0.9568 
      H105.6  1 0.0059 0.0033 0.0036 0.0078 0.0068 0.0059 0.0059 0.0061 0.0050 0.0095 0.9403 
      H105.7  1 0.0064 0.0062 0.0053 0.0088 0.0074 0.0075 0.0207 0.0039 0.0032 0.0072 0.9233 
      H105.8  1 0.0034 0.0030 0.0025 0.0031 0.0027 0.0032 0.0034 0.0023 0.0028 0.0032 0.9705 
      H115.1  1 0.8469 0.0083 0.0086 0.0274 0.0061 0.0607 0.0096 0.0034 0.0040 0.0192 0.0058 
      H115.2  1 0.8841 0.0069 0.0059 0.0678 0.0063 0.0088 0.0057 0.0034 0.0027 0.0049 0.0034 
      H115.3  1 0.9472 0.0071 0.0047 0.0119 0.0036 0.0032 0.0057 0.0039 0.0051 0.0034 0.0043 
      H115.4  1 0.8891 0.0142 0.0419 0.0052 0.0056 0.0150 0.0065 0.0062 0.0072 0.0037 0.0053 
      H115.5  1 0.8792 0.0077 0.0175 0.0268 0.0048 0.0136 0.0059 0.0115 0.0087 0.0064 0.0179 
      H115.6  1 0.9118 0.0176 0.0106 0.0197 0.0077 0.0035 0.0111 0.0058 0.0028 0.0054 0.0041 
      H115.7  1 0.8763 0.0224 0.0076 0.0143 0.0075 0.0291 0.0179 0.0052 0.0034 0.0116 0.0047 
      H115.8  1 0.9401 0.0054 0.0067 0.0165 0.0036 0.0049 0.0062 0.0037 0.0019 0.0041 0.0069 
      H115.9  1 0.8298 0.0080 0.0092 0.0986 0.0046 0.0106 0.0108 0.0032 0.0040 0.0141 0.0071 
      H145.1  1 0.0062 0.0406 0.0056 0.0101 0.0119 0.0031 0.0065 0.9039 0.0044 0.0051 0.0025 
      H145.2  1 0.0062 0.0083 0.0049 0.0042 0.0082 0.0020 0.0060 0.9483 0.0044 0.0043 0.0031 
      H145.3  1 0.0044 0.0231 0.0027 0.0028 0.0045 0.0029 0.0028 0.9471 0.0034 0.0036 0.0027 
      H145.4  1 0.0043 0.0113 0.0044 0.0032 0.0112 0.0030 0.0077 0.9426 0.0040 0.0056 0.0028 
      H145.5  1 0.0034 0.0370 0.0038 0.0039 0.0057 0.0028 0.0035 0.9308 0.0026 0.0032 0.0034 
      H145.6  1 0.0029 0.0048 0.0049 0.0033 0.0056 0.0030 0.0055 0.9602 0.0039 0.0029 0.0030 
      H145.7  1 0.0039 0.0051 0.0041 0.0023 0.0056 0.0026 0.0037 0.9630 0.0030 0.0040 0.0027 
      H149.1  1 0.0043 0.0051 0.9476 0.0046 0.0098 0.0039 0.0042 0.0048 0.0034 0.0085 0.0038 
      H149.2  1 0.0053 0.0152 0.9152 0.0043 0.0143 0.0038 0.0091 0.0131 0.0051 0.0089 0.0056 
      H149.3  1 0.0170 0.0232 0.8146 0.0055 0.0231 0.0086 0.0440 0.0372 0.0057 0.0143 0.0068 
      H149.4  1 0.0046 0.0042 0.9410 0.0041 0.0066 0.0047 0.0118 0.0050 0.0031 0.0035 0.0116 
      H149.5  1 0.0033 0.0120 0.8818 0.0026 0.0101 0.0066 0.0377 0.0192 0.0064 0.0075 0.0127 
      H149.6  1 0.0040 0.0076 0.9245 0.0021 0.0075 0.0057 0.0166 0.0132 0.0040 0.0071 0.0078 
      H149.7  1 0.0072 0.0114 0.8794 0.0041 0.0304 0.0112 0.0245 0.0057 0.0038 0.0123 0.0100 
      H150.1  1 0.7580 0.0061 0.0025 0.1998 0.0045 0.0047 0.0056 0.0048 0.0023 0.0056 0.0062 
      H150.2  1 0.8861 0.0061 0.0062 0.0628 0.0051 0.0128 0.0056 0.0035 0.0034 0.0052 0.0033 
      H150.3  1 0.2788 0.0365 0.0054 0.5979 0.0077 0.0391 0.0102 0.0063 0.0022 0.0101 0.0059 
      H150.4  1 0.1201 0.0097 0.0033 0.8265 0.0055 0.0091 0.0050 0.0069 0.0019 0.0067 0.0053 
      H150.5  1 0.8981 0.0080 0.0044 0.0425 0.0053 0.0094 0.0128 0.0051 0.0032 0.0048 0.0064 
      H150.6  1 0.9290 0.0079 0.0056 0.0095 0.0066 0.0059 0.0044 0.0099 0.0033 0.0088 0.0091 
      H150.7  1 0.2807 0.0164 0.0049 0.6596 0.0033 0.0049 0.0044 0.0046 0.0024 0.0050 0.0138 
   H169607.1  1 0.0064 0.9299 0.0066 0.0094 0.0113 0.0053 0.0047 0.0165 0.0032 0.0033 0.0033 
   H169607.2  1 0.0036 0.9454 0.0045 0.0087 0.0060 0.0048 0.0049 0.0070 0.0059 0.0034 0.0058 
   H169607.3  1 0.0106 0.9272 0.0077 0.0061 0.0075 0.0044 0.0063 0.0135 0.0041 0.0048 0.0078 
   H169607.4  1 0.0034 0.9511 0.0025 0.0071 0.0093 0.0028 0.0042 0.0080 0.0039 0.0029 0.0049 
   H169607.5  1 0.0038 0.9414 0.0036 0.0152 0.0118 0.0042 0.0047 0.0041 0.0056 0.0023 0.0033 
   H169607.6  1 0.0037 0.9547 0.0035 0.0054 0.0062 0.0034 0.0034 0.0052 0.0049 0.0025 0.0072 
   H169607.7  1 0.0152 0.9264 0.0100 0.0055 0.0106 0.0056 0.0034 0.0085 0.0049 0.0029 0.0069 
   H169607.8  1 0.0047 0.9345 0.0036 0.0092 0.0097 0.0046 0.0056 0.0081 0.0067 0.0054 0.0079 
   H169633.1  1 0.0086 0.0039 0.7711 0.0069 0.0122 0.1367 0.0096 0.0311 0.0059 0.0070 0.0069 
   H169633.2  1 0.0194 0.0024 0.7961 0.0033 0.0115 0.0741 0.0045 0.0282 0.0053 0.0473 0.0078 
   H169633.3  1 0.0103 0.0048 0.8728 0.0087 0.0463 0.0111 0.0120 0.0085 0.0126 0.0086 0.0042 
   H169633.4  1 0.0128 0.0086 0.8432 0.0108 0.0599 0.0085 0.0165 0.0158 0.0133 0.0054 0.0053 
   H169633.5  1 0.0108 0.0081 0.8599 0.0131 0.0461 0.0092 0.0155 0.0125 0.0082 0.0097 0.0068 
   H169688.1  1 0.0036 0.0188 0.0089 0.0034 0.0090 0.9303 0.0031 0.0061 0.0085 0.0055 0.0028 
   H169688.2  1 0.0034 0.0040 0.0068 0.0038 0.0108 0.9243 0.0047 0.0059 0.0051 0.0205 0.0106 
   H169688.3  1 0.0069 0.0053 0.0057 0.0055 0.0059 0.9286 0.0055 0.0095 0.0028 0.0184 0.0059 
   H169688.4  1 0.0242 0.0068 0.0055 0.0134 0.0055 0.9162 0.0036 0.0053 0.0035 0.0126 0.0034 
   H169688.5  1 0.0187 0.0062 0.0054 0.0114 0.0047 0.9256 0.0033 0.0069 0.0038 0.0116 0.0024 
   H169688.6  1 0.0035 0.0037 0.0393 0.0043 0.0045 0.9251 0.0026 0.0038 0.0069 0.0039 0.0024 
   H169688.7  1 0.0185 0.0137 0.0088 0.0117 0.0157 0.8231 0.0060 0.0611 0.0024 0.0314 0.0075 
   H171901.1  1 0.3553 0.1527 0.0249 0.0441 0.0579 0.0964 0.0521 0.0518 0.0033 0.0107 0.1509 
   H171901.2  1 0.0214 0.0327 0.6650 0.0438 0.0933 0.0075 0.0089 0.0151 0.0053 0.0057 0.1013 
   H171901.3  1 0.0607 0.0269 0.7760 0.0171 0.0430 0.0327 0.0068 0.0073 0.0090 0.0094 0.0112 
   H171901.4  1 0.0254 0.0305 0.8359 0.0200 0.0140 0.0068 0.0061 0.0081 0.0054 0.0065 0.0413 
   H171901.5  1 0.0775 0.0435 0.7656 0.0191 0.0325 0.0054 0.0071 0.0099 0.0052 0.0092 0.0251 
   H171901.6  1 0.0794 0.0334 0.6580 0.0476 0.0912 0.0099 0.0061 0.0281 0.0065 0.0240 0.0158 
   H171901.7  1 0.0229 0.0166 0.5958 0.0184 0.2837 0.0225 0.0059 0.0119 0.0113 0.0077 0.0033 
   H171902.1  1 0.0050 0.9531 0.0077 0.0062 0.0060 0.0030 0.0031 0.0062 0.0027 0.0044 0.0025 
  H171902.10  1 0.0074 0.9409 0.0168 0.0046 0.0090 0.0033 0.0031 0.0051 0.0040 0.0026 0.0033 
   H171902.2  1 0.0094 0.9124 0.0329 0.0073 0.0051 0.0075 0.0037 0.0091 0.0024 0.0065 0.0038 
   H171902.3  1 0.0133 0.9181 0.0270 0.0117 0.0059 0.0046 0.0029 0.0042 0.0049 0.0045 0.0029 
   H171902.4  1 0.0093 0.8893 0.0508 0.0044 0.0128 0.0054 0.0056 0.0094 0.0036 0.0070 0.0024 
   H171902.6  1 0.0048 0.9451 0.0140 0.0067 0.0082 0.0028 0.0034 0.0050 0.0033 0.0044 0.0023 
   H171902.7  1 0.0071 0.9506 0.0082 0.0032 0.0081 0.0022 0.0035 0.0065 0.0031 0.0043 0.0032 
   H171902.8  1 0.0064 0.9349 0.0189 0.0065 0.0099 0.0035 0.0033 0.0067 0.0030 0.0039 0.0030 
   H171902.9  1 0.0048 0.9492 0.0039 0.0138 0.0046 0.0038 0.0038 0.0056 0.0032 0.0046 0.0027 
   H171903.1  1 0.0716 0.7654 0.0077 0.0309 0.0557 0.0115 0.0083 0.0078 0.0094 0.0058 0.0258 
   H171903.2  1 0.0512 0.3440 0.0070 0.0382 0.1365 0.0042 0.0212 0.0127 0.0766 0.0138 0.2947 
   H171903.3  1 0.0269 0.2751 0.0101 0.0332 0.4691 0.0096 0.0117 0.0043 0.0275 0.0288 0.1036 
   H171903.4  1 0.0261 0.8526 0.0040 0.0098 0.0652 0.0149 0.0058 0.0062 0.0038 0.0053 0.0063 
   H171903.5  1 0.0644 0.4699 0.0538 0.0975 0.0750 0.0291 0.0165 0.0072 0.0096 0.0323 0.1447 
   H171903.6  1 0.0467 0.7766 0.0293 0.0251 0.0453 0.0341 0.0044 0.0049 0.0090 0.0098 0.0149 
      H177.1  1 0.0144 0.0105 0.0157 0.0081 0.9149 0.0088 0.0050 0.0032 0.0097 0.0059 0.0038 
      H177.2  1 0.0260 0.0540 0.1823 0.0135 0.5658 0.0060 0.0115 0.1075 0.0079 0.0197 0.0059 
      H177.3  1 0.0255 0.0718 0.1395 0.0123 0.6772 0.0047 0.0101 0.0272 0.0172 0.0084 0.0061 
      H177.4  1 0.0097 0.0152 0.0955 0.0034 0.7887 0.0029 0.0166 0.0078 0.0458 0.0048 0.0096 
      H177.5  1 0.0144 0.0049 0.0159 0.0049 0.9141 0.0060 0.0093 0.0051 0.0069 0.0118 0.0066 
      H177.6  1 0.0250 0.0322 0.1706 0.0164 0.7117 0.0061 0.0066 0.0129 0.0085 0.0072 0.0029 
      H179.1  1 0.0145 0.0083 0.8372 0.0088 0.0099 0.0478 0.0250 0.0036 0.0028 0.0333 0.0087 
      H179.2  1 0.0509 0.0226 0.7290 0.0095 0.0214 0.0356 0.0066 0.0033 0.0199 0.0906 0.0107 
      H179.3  1 0.0513 0.0429 0.5724 0.0242 0.0231 0.2364 0.0176 0.0061 0.0074 0.0114 0.0072 
      H179.4  1 0.0044 0.0097 0.7261 0.0042 0.0747 0.0132 0.0063 0.0235 0.1135 0.0127 0.0116 
      H180.1  1 0.9499 0.0071 0.0095 0.0044 0.0035 0.0066 0.0032 0.0030 0.0031 0.0047 0.0049 
      H180.2  1 0.9633 0.0030 0.0042 0.0032 0.0033 0.0054 0.0023 0.0030 0.0034 0.0056 0.0033 
      H180.3  1 0.9462 0.0048 0.0043 0.0108 0.0038 0.0055 0.0025 0.0053 0.0047 0.0084 0.0036 
      H180.4  1 0.9526 0.0063 0.0061 0.0043 0.0056 0.0049 0.0033 0.0035 0.0037 0.0043 0.0055 
      H180.5  1 0.9607 0.0034 0.0066 0.0034 0.0056 0.0044 0.0035 0.0033 0.0034 0.0032 0.0025 
      H180.6  1 0.9384 0.0073 0.0080 0.0062 0.0039 0.0038 0.0036 0.0141 0.0044 0.0049 0.0054 
      H181.1  1 0.0313 0.0325 0.8027 0.0135 0.0128 0.0286 0.0057 0.0125 0.0073 0.0111 0.0419 
      H181.2  1 0.0270 0.0175 0.8146 0.0173 0.0237 0.0248 0.0098 0.0328 0.0079 0.0119 0.0127 
      H181.3  1 0.0102 0.0219 0.8723 0.0133 0.0160 0.0198 0.0070 0.0151 0.0062 0.0056 0.0125 
      H181.4  1 0.0853 0.0271 0.5566 0.1611 0.0309 0.0209 0.0251 0.0182 0.0096 0.0277 0.0374 
      H181.5  1 0.0054 0.0064 0.9210 0.0045 0.0049 0.0100 0.0112 0.0030 0.0071 0.0111 0.0153 
      H181.6  1 0.0487 0.0093 0.8169 0.0140 0.0140 0.0100 0.0090 0.0057 0.0096 0.0310 0.0320 
      H181.7  1 0.0063 0.0094 0.8793 0.0074 0.0079 0.0078 0.0131 0.0052 0.0077 0.0129 0.0429 
 H194.1_2004  1 0.0083 0.0162 0.0044 0.0094 0.9260 0.0051 0.0047 0.0110 0.0048 0.0071 0.0029 
 H194.2_2004  1 0.0084 0.0481 0.0043 0.0108 0.8922 0.0059 0.0038 0.0162 0.0028 0.0039 0.0036 
 H194.3_2004  1 0.0045 0.0078 0.0195 0.0044 0.8710 0.0047 0.0037 0.0211 0.0049 0.0536 0.0048 
 H194.4_2004  1 0.0043 0.0128 0.0092 0.0049 0.9148 0.0059 0.0028 0.0331 0.0037 0.0036 0.0050 
 H194.5_2004  1 0.0032 0.0117 0.0110 0.0062 0.9194 0.0047 0.0035 0.0091 0.0062 0.0193 0.0055 
 H194.6_2004  1 0.0064 0.0151 0.0084 0.0081 0.8817 0.0075 0.0035 0.0095 0.0218 0.0347 0.0032 
 H194.7_2004  1 0.0039 0.0080 0.0044 0.0043 0.9443 0.0063 0.0065 0.0074 0.0043 0.0054 0.0053 
 H194.8_2004  1 0.0046 0.0114 0.0074 0.0141 0.9222 0.0058 0.0031 0.0143 0.0061 0.0057 0.0053 
      H194.9  1 0.0045 0.0095 0.0047 0.0153 0.9279 0.0081 0.0047 0.0129 0.0037 0.0053 0.0033 
 H195.1_2003  1 0.0072 0.0083 0.0166 0.0042 0.0143 0.0056 0.0054 0.9192 0.0051 0.0104 0.0037 
 H195.1_2004  1 0.0048 0.0040 0.0061 0.0027 0.0059 0.0034 0.0042 0.9604 0.0031 0.0025 0.0028 
 H195.2_2003  1 0.0068 0.0178 0.0089 0.0320 0.0290 0.0084 0.0120 0.8517 0.0093 0.0061 0.0180 
 H195.2_2004  1 0.0033 0.0034 0.0035 0.0022 0.0038 0.0045 0.0028 0.9673 0.0025 0.0035 0.0032 
 H195.3_2003  1 0.0137 0.0257 0.0049 0.2024 0.0245 0.0344 0.0094 0.6402 0.0055 0.0135 0.0259 
 H195.3_2004  1 0.0035 0.0044 0.0061 0.0029 0.0060 0.0031 0.0035 0.9606 0.0039 0.0032 0.0028 
 H195.4_2003  1 0.0033 0.0046 0.0093 0.0034 0.0060 0.0030 0.0043 0.9498 0.0038 0.0078 0.0046 
 H195.4_2004  1 0.0024 0.0036 0.0036 0.0029 0.0038 0.0062 0.0032 0.9653 0.0033 0.0037 0.0021 
 H195.5_2003  1 0.0102 0.0071 0.0124 0.0075 0.0229 0.0078 0.0101 0.9051 0.0068 0.0064 0.0037 
 H195.5_2004  1 0.0041 0.0030 0.0038 0.0033 0.0051 0.0042 0.0036 0.9614 0.0050 0.0036 0.0028 
 H195.6_2003  1 0.0067 0.0117 0.0035 0.0217 0.0054 0.0046 0.0059 0.9270 0.0039 0.0026 0.0069 
 H195.6_2004  1 0.0023 0.0043 0.0038 0.0024 0.0055 0.0029 0.0033 0.9651 0.0030 0.0039 0.0035 
 H195.7_2003  1 0.0049 0.0110 0.0144 0.0065 0.0199 0.0141 0.0112 0.8831 0.0076 0.0189 0.0085 
 H195.7_2004  1 0.0040 0.0036 0.0036 0.0037 0.0032 0.0051 0.0031 0.9657 0.0031 0.0024 0.0024 
      H195.8  1 0.0043 0.0033 0.0037 0.0034 0.0039 0.0051 0.0029 0.9642 0.0039 0.0026 0.0027 
      H195.9  1 0.0036 0.0047 0.0049 0.0026 0.0074 0.0029 0.0032 0.9578 0.0047 0.0050 0.0032 
      H415.1  1 0.2282 0.0081 0.2303 0.1052 0.1468 0.0084 0.0061 0.0368 0.0029 0.2215 0.0058 
      H415.2  1 0.0242 0.1297 0.0311 0.0145 0.6197 0.0062 0.0283 0.0049 0.0043 0.1321 0.0051 
      H415.3  1 0.0697 0.0066 0.5759 0.0096 0.1293 0.0058 0.0138 0.0100 0.0095 0.1557 0.0141 
      H415.4  1 0.3027 0.0078 0.0429 0.0296 0.1556 0.0034 0.0073 0.0233 0.0052 0.4123 0.0099 
      H415.5  1 0.1288 0.0081 0.3365 0.0080 0.1559 0.0051 0.0059 0.0171 0.0063 0.3205 0.0079 
      H415.6  1 0.2962 0.0063 0.0468 0.0290 0.1599 0.0031 0.0064 0.0203 0.0063 0.4197 0.0059 
      H415.7  1 0.0081 0.1095 0.1335 0.0083 0.6630 0.0053 0.0139 0.0131 0.0089 0.0322 0.0040 
      H506.1  1 0.0038 0.0041 0.9511 0.0022 0.0035 0.0038 0.0103 0.0040 0.0054 0.0081 0.0038 
      H506.2  1 0.0035 0.0051 0.9467 0.0021 0.0039 0.0027 0.0061 0.0126 0.0048 0.0071 0.0052 
      H506.3  1 0.0111 0.0092 0.9051 0.0046 0.0078 0.0071 0.0166 0.0078 0.0037 0.0202 0.0069 
      H506.4  1 0.0148 0.0095 0.9258 0.0043 0.0042 0.0062 0.0083 0.0036 0.0121 0.0079 0.0034 
      H506.5  1 0.0042 0.0057 0.9471 0.0028 0.0050 0.0031 0.0053 0.0085 0.0068 0.0064 0.0051 
      H506.6  1 0.0108 0.0382 0.8041 0.0059 0.0334 0.0068 0.0330 0.0422 0.0107 0.0080 0.0069 
      H506.7  1 0.0032 0.0039 0.9495 0.0022 0.0053 0.0033 0.0077 0.0073 0.0048 0.0078 0.0050 
      H533.1  1 0.0050 0.0031 0.9419 0.0024 0.0034 0.0029 0.0040 0.0037 0.0065 0.0157 0.0112 
      H533.2  1 0.0046 0.0030 0.9393 0.0024 0.0028 0.0026 0.0028 0.0029 0.0051 0.0221 0.0124 
      H533.3  1 0.0041 0.0046 0.9506 0.0032 0.0035 0.0040 0.0046 0.0027 0.0035 0.0104 0.0089 
      H533.4  1 0.0056 0.0094 0.9258 0.0034 0.0079 0.0083 0.0048 0.0099 0.0118 0.0038 0.0094 
      H535.1  1 0.0033 0.0052 0.0037 0.0042 0.0037 0.0028 0.0021 0.0031 0.9664 0.0031 0.0023 
      H535.2  1 0.0022 0.0024 0.0032 0.0023 0.0035 0.0024 0.0036 0.0035 0.9701 0.0036 0.0031 
      H535.3  1 0.0027 0.0027 0.0025 0.0022 0.0024 0.0024 0.0026 0.0028 0.9728 0.0039 0.0029 
      H535.4  1 0.0026 0.0025 0.0038 0.0023 0.0036 0.0030 0.0030 0.0036 0.9697 0.0029 0.0031 
      H535.5  1 0.0022 0.0029 0.0031 0.0021 0.0031 0.0020 0.0021 0.0031 0.9735 0.0031 0.0026 
      H535.6  1 0.0043 0.0070 0.0029 0.0062 0.0048 0.0032 0.0022 0.0041 0.9576 0.0046 0.0031 
      H535.7  1 0.0021 0.0024 0.0029 0.0021 0.0023 0.0020 0.0023 0.0022 0.9764 0.0033 0.0021 
      H535.8  1 0.0023 0.0035 0.0036 0.0028 0.0029 0.0023 0.0025 0.0030 0.9685 0.0052 0.0035 
      H535.9  1 0.0031 0.0033 0.0030 0.0040 0.0028 0.0023 0.0024 0.0035 0.9704 0.0032 0.0020 
      H539.1  1 0.0059 0.0041 0.0021 0.9671 0.0037 0.0025 0.0029 0.0029 0.0031 0.0022 0.0035 
      H539.2  1 0.0986 0.0284 0.0057 0.6601 0.0435 0.1303 0.0063 0.0065 0.0099 0.0061 0.0045 
      H539.3  1 0.0172 0.0159 0.0041 0.9022 0.0112 0.0139 0.0038 0.0096 0.0134 0.0050 0.0036 
      H539.4  1 0.0403 0.0053 0.0039 0.9173 0.0050 0.0066 0.0046 0.0036 0.0032 0.0060 0.0043 
      H539.5  1 0.0059 0.0044 0.0023 0.9668 0.0039 0.0033 0.0023 0.0025 0.0031 0.0029 0.0025 
      H539.6  1 0.0102 0.0140 0.0027 0.9496 0.0037 0.0029 0.0029 0.0042 0.0032 0.0030 0.0036 
      H539.7  1 0.0075 0.0044 0.0028 0.9628 0.0040 0.0054 0.0031 0.0021 0.0028 0.0028 0.0024 
      H539.8  1 0.0330 0.0078 0.0033 0.8594 0.0138 0.0339 0.0043 0.0065 0.0277 0.0065 0.0039 
      H539.9  1 0.0098 0.0037 0.0025 0.9567 0.0034 0.0047 0.0034 0.0029 0.0025 0.0055 0.0050 
      H540.1  1 0.0050 0.0363 0.0046 0.9209 0.0057 0.0030 0.0051 0.0069 0.0054 0.0039 0.0033 
      H540.2  1 0.0040 0.0066 0.0033 0.9605 0.0048 0.0041 0.0046 0.0028 0.0023 0.0041 0.0029 
      H540.3  1 0.0184 0.0106 0.0166 0.8305 0.0613 0.0170 0.0070 0.0138 0.0047 0.0140 0.0060 
      H540.4  1 0.0145 0.0107 0.0060 0.9263 0.0047 0.0143 0.0066 0.0039 0.0059 0.0038 0.0032 
      H540.5  1 0.0039 0.0058 0.0054 0.9507 0.0076 0.0064 0.0045 0.0033 0.0025 0.0064 0.0034 
      H540.6  1 0.0065 0.0306 0.0068 0.9014 0.0133 0.0074 0.0096 0.0054 0.0060 0.0068 0.0063 
      H540.7  1 0.0098 0.0085 0.0183 0.9116 0.0114 0.0077 0.0137 0.0058 0.0036 0.0069 0.0026 
      H540.8  1 0.0064 0.0225 0.0068 0.9280 0.0096 0.0046 0.0040 0.0048 0.0043 0.0056 0.0035 
     H9558.1  1 0.0034 0.0059 0.0034 0.9562 0.0030 0.0038 0.0020 0.0030 0.0079 0.0035 0.0078 
     H9558.2  1 0.0053 0.0081 0.0115 0.9095 0.0077 0.0106 0.0104 0.0046 0.0075 0.0091 0.0157 
     H9558.3  1 0.0058 0.0037 0.0036 0.9052 0.0073 0.0070 0.0077 0.0028 0.0064 0.0073 0.0433 
     H9558.4  1 0.0029 0.0031 0.0029 0.9610 0.0036 0.0060 0.0022 0.0023 0.0076 0.0028 0.0056 
     H9558.5  1 0.0056 0.0029 0.0032 0.9542 0.0035 0.0077 0.0044 0.0018 0.0091 0.0030 0.0044 
     H9558.6  1 0.0043 0.0040 0.0037 0.9337 0.0059 0.0051 0.0042 0.0037 0.0048 0.0087 0.0220 
    kos339.1  1 0.0050 0.0063 0.9460 0.0050 0.0060 0.0032 0.0110 0.0027 0.0054 0.0048 0.0046 
    kos339.2  1 0.0047 0.0041 0.9438 0.0043 0.0080 0.0038 0.0048 0.0110 0.0047 0.0058 0.0051 
    kos339.3  1 0.0050 0.0069 0.9548 0.0036 0.0043 0.0030 0.0025 0.0038 0.0093 0.0043 0.0025 
    kos339.4  1 0.0071 0.0068 0.9511 0.0039 0.0048 0.0044 0.0029 0.0052 0.0068 0.0043 0.0026 
    kos339.5  1 0.0040 0.0060 0.9572 0.0040 0.0053 0.0031 0.0063 0.0037 0.0024 0.0037 0.0044 
    kos339.6  1 0.0031 0.0058 0.9415 0.0037 0.0145 0.0039 0.0064 0.0099 0.0028 0.0044 0.0041 
    kos339.7  1 0.0039 0.0053 0.9519 0.0023 0.0047 0.0030 0.0025 0.0049 0.0161 0.0033 0.0022 
    kos339.8  1 0.0032 0.0037 0.9650 0.0026 0.0042 0.0036 0.0032 0.0037 0.0042 0.0042 0.0025 
    kos339.9  1 0.0179 0.0172 0.8707 0.0252 0.0174 0.0032 0.0119 0.0124 0.0040 0.0113 0.0089 
      H409.1 12 0.0020 0.0021 0.0075 0.0021 0.0048 0.0047 0.0039 0.0034 0.0029 0.9641 0.0024 
     H409.10 12 0.0100 0.0064 0.0086 0.0065 0.0047 0.0132 0.0070 0.0043 0.0029 0.9335 0.0028 
      H409.2 12 0.0030 0.0032 0.0048 0.0042 0.0069 0.0031 0.0024 0.0035 0.0074 0.9583 0.0032 
      H409.3 12 0.0034 0.0037 0.0049 0.0035 0.0057 0.0036 0.0036 0.0040 0.0044 0.9575 0.0057 
      H409.4 12 0.0029 0.0027 0.0048 0.0027 0.0054 0.0042 0.0035 0.0030 0.0038 0.9614 0.0055 
      H409.5 12 0.0043 0.0046 0.0033 0.0039 0.0037 0.0040 0.0037 0.0031 0.0039 0.9608 0.0048 
      H409.6 12 0.0095 0.0087 0.0074 0.0066 0.0156 0.0102 0.0127 0.0046 0.0071 0.7698 0.1477 
      H409.7 12 0.0032 0.0030 0.0062 0.0029 0.0105 0.0040 0.0075 0.0057 0.0036 0.9458 0.0077 
      H409.8 12 0.0035 0.0051 0.0036 0.0040 0.0036 0.0036 0.0085 0.0037 0.0031 0.9576 0.0038 
      H409.9 12 0.0250 0.0155 0.0121 0.2972 0.0086 0.0109 0.0334 0.0066 0.0148 0.5693 0.0067 
      H413.1 12 0.0121 0.0033 0.0057 0.0033 0.0040 0.9386 0.0130 0.0031 0.0043 0.0034 0.0092 
      H413.2 12 0.0057 0.0025 0.0063 0.0035 0.0034 0.9549 0.0043 0.0034 0.0046 0.0034 0.0079 
      H413.3 12 0.0032 0.0035 0.0028 0.0051 0.0038 0.9551 0.0113 0.0037 0.0023 0.0044 0.0046 
      H413.4 12 0.0117 0.0040 0.0100 0.0075 0.0106 0.8850 0.0480 0.0044 0.0033 0.0101 0.0055 
      H413.5 12 0.0165 0.0056 0.0031 0.0248 0.0046 0.9276 0.0056 0.0026 0.0024 0.0030 0.0043 
      H413.6 12 0.0078 0.0028 0.0042 0.0076 0.0072 0.9407 0.0089 0.0037 0.0042 0.0051 0.0077 
      H413.7 12 0.0041 0.0032 0.0051 0.0045 0.0052 0.9584 0.0047 0.0033 0.0045 0.0028 0.0043 
      H563.1 12 0.0039 0.0027 0.0029 0.0114 0.0043 0.0097 0.9527 0.0032 0.0018 0.0038 0.0035 
      H563.2 12 0.0063 0.0053 0.0086 0.0077 0.0107 0.0064 0.9277 0.0038 0.0034 0.0135 0.0066 
      H563.3 12 0.0036 0.0043 0.0033 0.0074 0.0044 0.0032 0.9618 0.0031 0.0021 0.0036 0.0033 
      H563.4 12 0.0056 0.0051 0.0047 0.0047 0.0077 0.0124 0.9383 0.0029 0.0031 0.0077 0.0079 
      H563.5 12 0.0038 0.0032 0.0029 0.0073 0.0053 0.0046 0.9608 0.0029 0.0020 0.0029 0.0044 
      H563.6 12 0.0048 0.0042 0.0081 0.0051 0.0086 0.0041 0.9500 0.0026 0.0027 0.0055 0.0043 
      H563.7 12 0.0039 0.0027 0.0070 0.0040 0.0069 0.0049 0.9535 0.0027 0.0022 0.0067 0.0054 
      H563.8 12 0.0066 0.0044 0.0031 0.0130 0.0075 0.0075 0.9447 0.0030 0.0022 0.0036 0.0045 
      H563.9 12 0.0067 0.0047 0.0091 0.0045 0.0065 0.0054 0.9383 0.0042 0.0023 0.0132 0.0053 
     H7374.1 12 0.0064 0.0058 0.0045 0.0046 0.9159 0.0042 0.0082 0.0102 0.0062 0.0149 0.0190 
     H7374.2 12 0.0039 0.0072 0.0031 0.0062 0.9362 0.0103 0.0110 0.0044 0.0032 0.0067 0.0077 
     H7374.3 12 0.0033 0.0069 0.0034 0.0062 0.9359 0.0049 0.0085 0.0140 0.0045 0.0061 0.0062 
     H7374.4 12 0.0060 0.0046 0.0067 0.0073 0.9285 0.0119 0.0100 0.0049 0.0097 0.0066 0.0039 
     H7374.5 12 0.0052 0.0066 0.0070 0.0171 0.9191 0.0074 0.0128 0.0059 0.0036 0.0054 0.0099 
     H7374.6 12 0.0037 0.0046 0.0048 0.0061 0.9419 0.0043 0.0082 0.0096 0.0086 0.0049 0.0035 
     H7374.7 12 0.0033 0.0034 0.0072 0.0033 0.9350 0.0138 0.0047 0.0075 0.0081 0.0090 0.0047 
     H7374.8 12 0.0029 0.0060 0.0057 0.0025 0.9243 0.0033 0.0158 0.0116 0.0057 0.0104 0.0118 
     H7374.9 12 0.0068 0.0073 0.0071 0.0131 0.9205 0.0132 0.0064 0.0135 0.0029 0.0038 0.0055 
     H9563.1 12 0.0040 0.0048 0.0042 0.0043 0.0061 0.0037 0.9616 0.0028 0.0033 0.0030 0.0022 
     H9563.2 12 0.0067 0.0041 0.0032 0.0061 0.0038 0.0046 0.9582 0.0035 0.0032 0.0026 0.0040 
     H9563.3 12 0.0043 0.0036 0.0048 0.0020 0.0049 0.0034 0.9540 0.0058 0.0045 0.0047 0.0078 
     H9563.4 12 0.0131 0.0066 0.0082 0.0072 0.0123 0.0055 0.9058 0.0091 0.0145 0.0121 0.0056 
     H9563.5 12 0.0098 0.0073 0.0078 0.0040 0.0053 0.0050 0.9360 0.0041 0.0054 0.0111 0.0043 
     H9563.6 12 0.0049 0.0033 0.0043 0.0027 0.0045 0.0048 0.9483 0.0047 0.0038 0.0046 0.0142 
     H9563.7 12 0.0034 0.0040 0.0033 0.0024 0.0032 0.0030 0.9546 0.0051 0.0086 0.0027 0.0098 
     H9563.8 12 0.0510 0.0083 0.0162 0.0047 0.0072 0.0055 0.8715 0.0056 0.0063 0.0149 0.0088 
     H9563.9 12 0.0131 0.0042 0.0065 0.0052 0.0054 0.0056 0.9381 0.0045 0.0041 0.0042 0.0091 
     H9572.1 12 0.0700 0.0340 0.0357 0.1721 0.0990 0.0261 0.4663 0.0306 0.0266 0.0237 0.0159 
     H9572.2 12 0.0935 0.0628 0.0151 0.0152 0.2731 0.0083 0.3753 0.1054 0.0044 0.0177 0.0292 
     H9572.3 12 0.0146 0.2168 0.0674 0.0552 0.4553 0.0072 0.0670 0.0065 0.0157 0.0560 0.0382 
     H9572.4 12 0.0276 0.0602 0.1188 0.0348 0.4573 0.0094 0.1618 0.0268 0.0333 0.0150 0.0549 
     H9572.5 12 0.0813 0.0734 0.3870 0.0803 0.1897 0.0112 0.0646 0.0446 0.0169 0.0050 0.0460 
