      H105.1  1 0.9508 0.0028 0.0037 0.0024 0.0022 0.0028 0.0039 0.0030 0.0032 0.0032 0.0024 0.0023 0.0043 0.0027 0.0026 0.0019 0.0036 0.0021 
      H105.2  1 0.9278 0.0041 0.0026 0.0031 0.0035 0.0040 0.0050 0.0021 0.0079 0.0029 0.0066 0.0063 0.0031 0.0038 0.0053 0.0043 0.0049 0.0028 
      H105.3  1 0.9530 0.0024 0.0025 0.0022 0.0033 0.0024 0.0028 0.0023 0.0025 0.0034 0.0034 0.0021 0.0054 0.0029 0.0026 0.0021 0.0025 0.0023 
      H105.4  1 0.9426 0.0035 0.0027 0.0031 0.0028 0.0038 0.0051 0.0034 0.0042 0.0031 0.0033 0.0022 0.0038 0.0024 0.0039 0.0032 0.0036 0.0033 
      H105.5  1 0.9110 0.0044 0.0033 0.0065 0.0029 0.0066 0.0099 0.0035 0.0092 0.0042 0.0035 0.0024 0.0040 0.0038 0.0095 0.0051 0.0070 0.0032 
      H105.6  1 0.9098 0.0069 0.0032 0.0071 0.0077 0.0068 0.0045 0.0044 0.0039 0.0038 0.0041 0.0031 0.0061 0.0056 0.0059 0.0051 0.0072 0.0049 
      H105.7  1 0.8859 0.0043 0.0034 0.0076 0.0071 0.0064 0.0071 0.0042 0.0087 0.0079 0.0049 0.0041 0.0202 0.0029 0.0052 0.0089 0.0078 0.0032 
      H105.8  1 0.9512 0.0022 0.0025 0.0022 0.0029 0.0035 0.0030 0.0022 0.0035 0.0028 0.0058 0.0025 0.0030 0.0025 0.0033 0.0022 0.0027 0.0021 
      H115.1  1 0.0044 0.0031 0.0093 0.0122 0.0644 0.0166 0.0209 0.0034 0.0043 0.0033 0.0081 0.0077 0.0064 0.0045 0.7989 0.0066 0.0221 0.0039 
      H115.2  1 0.0037 0.0045 0.0074 0.0662 0.0086 0.0059 0.0063 0.0037 0.0074 0.0040 0.0035 0.0087 0.0056 0.0040 0.8371 0.0087 0.0115 0.0031 
      H115.3  1 0.0046 0.0044 0.0061 0.0125 0.0026 0.0031 0.0068 0.0039 0.0049 0.0033 0.0029 0.0068 0.0069 0.0034 0.9142 0.0043 0.0041 0.0053 
      H115.4  1 0.0033 0.0090 0.0162 0.0037 0.0042 0.0054 0.0083 0.0068 0.0189 0.0040 0.0351 0.0080 0.0057 0.0031 0.8500 0.0041 0.0087 0.0056 
      H115.5  1 0.0134 0.0120 0.0369 0.0269 0.0161 0.0082 0.0126 0.0119 0.0046 0.0058 0.0051 0.0069 0.0064 0.0039 0.7925 0.0055 0.0203 0.0108 
      H115.6  1 0.0039 0.0194 0.0169 0.0196 0.0029 0.0053 0.0059 0.0042 0.0091 0.0065 0.0038 0.0342 0.0083 0.0088 0.8310 0.0089 0.0087 0.0026 
      H115.7  1 0.0069 0.0064 0.0085 0.0123 0.0402 0.0131 0.0212 0.0076 0.0100 0.0033 0.0059 0.0089 0.0122 0.0064 0.8008 0.0078 0.0249 0.0038 
      H115.8  1 0.0076 0.0039 0.0090 0.0169 0.0043 0.0054 0.0046 0.0041 0.0047 0.0050 0.0038 0.0095 0.0059 0.0032 0.8949 0.0033 0.0119 0.0020 
      H115.9  1 0.0060 0.0033 0.0082 0.0770 0.0088 0.0083 0.0116 0.0027 0.0061 0.0069 0.0076 0.0051 0.0082 0.0032 0.8171 0.0056 0.0108 0.0036 
      H145.1  1 0.0025 0.0088 0.0056 0.0126 0.0029 0.0061 0.0130 0.8631 0.0037 0.0036 0.0037 0.0182 0.0073 0.0098 0.0071 0.0175 0.0103 0.0042 
      H145.2  1 0.0031 0.0089 0.0049 0.0041 0.0024 0.0030 0.0062 0.9079 0.0042 0.0036 0.0045 0.0118 0.0057 0.0039 0.0048 0.0077 0.0063 0.0068 
      H145.3  1 0.0027 0.0019 0.0024 0.0025 0.0022 0.0028 0.0037 0.9309 0.0021 0.0035 0.0022 0.0235 0.0023 0.0032 0.0035 0.0037 0.0044 0.0024 
      H145.4  1 0.0031 0.0056 0.0035 0.0049 0.0028 0.0058 0.0068 0.9124 0.0031 0.0026 0.0032 0.0056 0.0063 0.0059 0.0037 0.0166 0.0054 0.0027 
      H145.5  1 0.0032 0.0025 0.0029 0.0026 0.0023 0.0028 0.0041 0.9052 0.0032 0.0036 0.0021 0.0460 0.0029 0.0042 0.0025 0.0041 0.0037 0.0020 
      H145.6  1 0.0027 0.0070 0.0054 0.0040 0.0030 0.0024 0.0057 0.9251 0.0037 0.0027 0.0037 0.0057 0.0054 0.0036 0.0025 0.0080 0.0054 0.0041 
      H145.7  1 0.0021 0.0033 0.0066 0.0019 0.0021 0.0028 0.0034 0.9461 0.0032 0.0032 0.0025 0.0037 0.0034 0.0031 0.0031 0.0038 0.0028 0.0029 
      H149.1  1 0.0027 0.0033 0.9413 0.0029 0.0025 0.0037 0.0033 0.0037 0.0036 0.0034 0.0034 0.0055 0.0028 0.0039 0.0033 0.0047 0.0037 0.0025 
      H149.2  1 0.0042 0.0042 0.9262 0.0032 0.0026 0.0046 0.0061 0.0060 0.0045 0.0030 0.0023 0.0056 0.0038 0.0037 0.0038 0.0074 0.0049 0.0040 
      H149.3  1 0.0086 0.0071 0.6872 0.0035 0.0034 0.0236 0.0377 0.0500 0.0141 0.0043 0.0164 0.0118 0.0378 0.0056 0.0234 0.0227 0.0340 0.0090 
      H149.4  1 0.0073 0.0032 0.9061 0.0041 0.0032 0.0046 0.0022 0.0039 0.0051 0.0116 0.0154 0.0067 0.0059 0.0033 0.0040 0.0037 0.0065 0.0032 
      H149.5  1 0.0198 0.0061 0.7656 0.0024 0.0034 0.0117 0.0235 0.0147 0.0334 0.0077 0.0151 0.0050 0.0492 0.0050 0.0037 0.0078 0.0168 0.0090 
      H149.6  1 0.0045 0.0037 0.9276 0.0022 0.0032 0.0045 0.0048 0.0076 0.0052 0.0028 0.0031 0.0057 0.0060 0.0025 0.0030 0.0042 0.0065 0.0028 
      H149.7  1 0.0145 0.0125 0.6826 0.0039 0.0061 0.0372 0.0173 0.0049 0.0115 0.0127 0.0412 0.0090 0.0354 0.0056 0.0132 0.0283 0.0587 0.0054 
      H150.1  1 0.0073 0.0041 0.0022 0.1926 0.0039 0.0055 0.0075 0.0051 0.0040 0.0062 0.0021 0.0068 0.0047 0.0035 0.7293 0.0054 0.0075 0.0021 
      H150.2  1 0.0039 0.0063 0.0041 0.0513 0.0069 0.0043 0.0038 0.0026 0.0043 0.0043 0.0039 0.0112 0.0052 0.0045 0.8641 0.0045 0.0116 0.0032 
      H150.3  1 0.0041 0.0097 0.0059 0.5826 0.0270 0.0126 0.0109 0.0056 0.0035 0.0055 0.0026 0.0440 0.0112 0.0069 0.2367 0.0066 0.0223 0.0022 
      H150.4  1 0.0037 0.0052 0.0031 0.7946 0.0071 0.0065 0.0077 0.0073 0.0038 0.0065 0.0030 0.0090 0.0075 0.0048 0.1188 0.0038 0.0060 0.0016 
      H150.5  1 0.0057 0.0072 0.0044 0.0309 0.0052 0.0066 0.0080 0.0039 0.0070 0.0033 0.0030 0.0045 0.0133 0.0045 0.8757 0.0087 0.0049 0.0030 
      H150.6  1 0.0067 0.0070 0.0030 0.0071 0.0027 0.0077 0.0051 0.0119 0.0179 0.0034 0.0044 0.0062 0.0043 0.0108 0.8777 0.0037 0.0175 0.0031 
      H150.7  1 0.0126 0.0053 0.0044 0.5809 0.0043 0.0033 0.0084 0.0046 0.0098 0.0061 0.0026 0.0196 0.0049 0.0035 0.3144 0.0045 0.0086 0.0022 
   H169607.1  1 0.0024 0.0096 0.0040 0.0100 0.0044 0.0039 0.8921 0.0101 0.0045 0.0039 0.0085 0.0121 0.0034 0.0064 0.0073 0.0061 0.0080 0.0032 
   H169607.2  1 0.0037 0.0037 0.0026 0.0054 0.0032 0.0030 0.9366 0.0035 0.0037 0.0059 0.0025 0.0045 0.0032 0.0044 0.0031 0.0041 0.0038 0.0030 
   H169607.3  1 0.0044 0.0042 0.0039 0.0050 0.0030 0.0033 0.9123 0.0104 0.0064 0.0029 0.0053 0.0095 0.0034 0.0027 0.0067 0.0050 0.0073 0.0042 
   H169607.4  1 0.0035 0.0048 0.0026 0.0067 0.0024 0.0028 0.9289 0.0047 0.0023 0.0040 0.0023 0.0083 0.0032 0.0104 0.0030 0.0030 0.0043 0.0029 
   H169607.5  1 0.0022 0.0024 0.0027 0.0042 0.0032 0.0026 0.9475 0.0032 0.0033 0.0027 0.0028 0.0030 0.0027 0.0035 0.0029 0.0049 0.0030 0.0031 
   H169607.6  1 0.0036 0.0044 0.0020 0.0031 0.0030 0.0023 0.9428 0.0027 0.0042 0.0040 0.0038 0.0062 0.0023 0.0029 0.0026 0.0039 0.0033 0.0031 
   H169607.7  1 0.0051 0.0045 0.0032 0.0032 0.0032 0.0034 0.9252 0.0067 0.0043 0.0038 0.0069 0.0044 0.0031 0.0029 0.0072 0.0040 0.0059 0.0029 
   H169607.8  1 0.0036 0.0034 0.0024 0.0051 0.0035 0.0040 0.9322 0.0033 0.0032 0.0084 0.0028 0.0042 0.0034 0.0073 0.0030 0.0030 0.0041 0.0033 
   H169633.1  1 0.0038 0.0156 0.8505 0.0063 0.0137 0.0167 0.0032 0.0203 0.0064 0.0038 0.0037 0.0056 0.0068 0.0055 0.0051 0.0061 0.0206 0.0063 
   H169633.2  1 0.0129 0.1480 0.7361 0.0025 0.0077 0.0159 0.0025 0.0112 0.0079 0.0030 0.0047 0.0022 0.0047 0.0039 0.0051 0.0052 0.0198 0.0068 
   H169633.3  1 0.0030 0.0055 0.8706 0.0067 0.0119 0.0072 0.0043 0.0061 0.0069 0.0057 0.0044 0.0045 0.0088 0.0061 0.0049 0.0295 0.0061 0.0078 
   H169633.4  1 0.0040 0.0039 0.8746 0.0082 0.0124 0.0037 0.0069 0.0073 0.0063 0.0040 0.0043 0.0054 0.0090 0.0067 0.0069 0.0161 0.0145 0.0056 
   H169633.5  1 0.0039 0.0040 0.8819 0.0061 0.0108 0.0037 0.0069 0.0076 0.0054 0.0055 0.0041 0.0048 0.0092 0.0066 0.0058 0.0175 0.0107 0.0053 
   H169688.1  1 0.0038 0.0078 0.0062 0.0081 0.1506 0.6146 0.0408 0.0078 0.0144 0.0063 0.0105 0.0341 0.0050 0.0124 0.0049 0.0147 0.0519 0.0059 
   H169688.2  1 0.0064 0.0069 0.0025 0.0042 0.0174 0.8724 0.0074 0.0029 0.0067 0.0036 0.0099 0.0044 0.0034 0.0058 0.0044 0.0103 0.0269 0.0045 
   H169688.3  1 0.0038 0.0038 0.0043 0.0042 0.0050 0.9366 0.0037 0.0031 0.0039 0.0020 0.0034 0.0035 0.0045 0.0042 0.0038 0.0035 0.0049 0.0015 
   H169688.4  1 0.0022 0.0030 0.0040 0.0153 0.0040 0.9244 0.0059 0.0027 0.0032 0.0023 0.0031 0.0036 0.0032 0.0029 0.0096 0.0034 0.0045 0.0028 
   H169688.5  1 0.0022 0.0027 0.0028 0.0146 0.0033 0.9260 0.0060 0.0033 0.0029 0.0023 0.0037 0.0029 0.0027 0.0030 0.0088 0.0040 0.0060 0.0026 
   H169688.6  1 0.0036 0.0038 0.0058 0.0071 0.0194 0.7855 0.0044 0.0032 0.0080 0.0040 0.1082 0.0043 0.0042 0.0040 0.0043 0.0076 0.0165 0.0060 
   H169688.7  1 0.0036 0.0061 0.0038 0.0087 0.0033 0.8897 0.0045 0.0118 0.0050 0.0068 0.0038 0.0155 0.0036 0.0038 0.0182 0.0039 0.0059 0.0019 
   H171901.1  1 0.0319 0.0109 0.0063 0.0176 0.0164 0.0096 0.0692 0.0174 0.0381 0.0029 0.0053 0.0068 0.0157 0.0056 0.0599 0.0736 0.6106 0.0022 
   H171901.2  1 0.0940 0.0111 0.7190 0.0221 0.0038 0.0058 0.0227 0.0071 0.0083 0.0092 0.0035 0.0072 0.0047 0.0301 0.0102 0.0204 0.0178 0.0029 
   H171901.3  1 0.0114 0.0276 0.6602 0.0235 0.0129 0.0112 0.0565 0.0048 0.0138 0.0052 0.0083 0.0057 0.0081 0.0156 0.0360 0.0369 0.0541 0.0081 
   H171901.4  1 0.0674 0.0405 0.7166 0.0137 0.0055 0.0067 0.0393 0.0044 0.0041 0.0052 0.0045 0.0074 0.0043 0.0155 0.0315 0.0060 0.0229 0.0045 
   H171901.5  1 0.0374 0.1575 0.5232 0.0131 0.0019 0.0111 0.0254 0.0054 0.0193 0.0064 0.0116 0.0206 0.0070 0.0319 0.0695 0.0176 0.0363 0.0048 
   H171901.6  1 0.0175 0.2957 0.2909 0.0317 0.0049 0.0210 0.0169 0.0056 0.0516 0.0055 0.0146 0.0395 0.0068 0.0182 0.0610 0.0388 0.0704 0.0094 
   H171901.7  1 0.0044 0.0217 0.2874 0.0074 0.0049 0.0102 0.0222 0.0069 0.0674 0.0039 0.0070 0.0057 0.0040 0.0044 0.0246 0.4872 0.0223 0.0082 
   H171902.1  1 0.0020 0.0059 0.0038 0.0032 0.0022 0.0036 0.0042 0.0033 0.0034 0.0055 0.0036 0.9427 0.0026 0.0024 0.0029 0.0034 0.0028 0.0024 
  H171902.10  1 0.0024 0.0027 0.0036 0.0024 0.0020 0.0030 0.0040 0.0031 0.0048 0.0041 0.0042 0.9416 0.0031 0.0028 0.0061 0.0036 0.0037 0.0025 
   H171902.2  1 0.0027 0.0101 0.0076 0.0035 0.0046 0.0042 0.0047 0.0029 0.0038 0.0060 0.0054 0.9215 0.0023 0.0037 0.0043 0.0048 0.0054 0.0025 
   H171902.3  1 0.0027 0.0084 0.0088 0.0042 0.0029 0.0038 0.0053 0.0028 0.0041 0.0032 0.0032 0.9266 0.0025 0.0026 0.0053 0.0048 0.0058 0.0031 
   H171902.4  1 0.0022 0.0034 0.0113 0.0031 0.0026 0.0027 0.0024 0.0041 0.0034 0.0028 0.0026 0.9395 0.0033 0.0036 0.0031 0.0048 0.0034 0.0019 
   H171902.6  1 0.0027 0.0023 0.0038 0.0028 0.0020 0.0028 0.0036 0.0031 0.0042 0.0034 0.0033 0.9479 0.0025 0.0029 0.0033 0.0026 0.0038 0.0028 
   H171902.7  1 0.0070 0.0036 0.0074 0.0033 0.0020 0.0047 0.0333 0.0044 0.0046 0.0044 0.0037 0.8845 0.0041 0.0049 0.0076 0.0106 0.0076 0.0024 
   H171902.8  1 0.0028 0.0058 0.0064 0.0041 0.0030 0.0030 0.0032 0.0032 0.0056 0.0033 0.0030 0.9332 0.0028 0.0043 0.0039 0.0042 0.0050 0.0031 
   H171902.9  1 0.0021 0.0033 0.0027 0.0072 0.0023 0.0030 0.0038 0.0048 0.0027 0.0035 0.0026 0.9433 0.0032 0.0029 0.0036 0.0033 0.0032 0.0026 
   H171903.1  1 0.0042 0.0039 0.0036 0.0082 0.0032 0.0040 0.9184 0.0028 0.0042 0.0038 0.0030 0.0037 0.0036 0.0030 0.0138 0.0074 0.0050 0.0042 
   H171903.2  1 0.0396 0.0090 0.0029 0.0187 0.0028 0.0079 0.8284 0.0058 0.0056 0.0037 0.0067 0.0035 0.0090 0.0082 0.0084 0.0135 0.0153 0.0109 
   H171903.3  1 0.0557 0.0172 0.0069 0.0101 0.0059 0.0246 0.6128 0.0039 0.0068 0.0058 0.0040 0.0060 0.0060 0.0238 0.0111 0.1006 0.0744 0.0245 
   H171903.4  1 0.0044 0.0081 0.0047 0.0111 0.0054 0.0171 0.8441 0.0050 0.0054 0.0031 0.0032 0.0200 0.0067 0.0074 0.0157 0.0224 0.0125 0.0038 
   H171903.5  1 0.0264 0.0152 0.0159 0.0173 0.0043 0.0425 0.6395 0.0050 0.0140 0.0042 0.0054 0.0050 0.0083 0.0049 0.0127 0.0234 0.1511 0.0049 
   H171903.6  1 0.0039 0.0025 0.0154 0.0102 0.0023 0.0426 0.8586 0.0027 0.0060 0.0023 0.0039 0.0048 0.0026 0.0029 0.0122 0.0120 0.0094 0.0057 
      H177.1  1 0.0055 0.0039 0.0169 0.0149 0.0096 0.0154 0.0364 0.0047 0.0347 0.0147 0.0442 0.0080 0.0068 0.0714 0.0252 0.6027 0.0759 0.0093 
      H177.2  1 0.0037 0.0066 0.0475 0.0239 0.0032 0.0197 0.0779 0.2391 0.1076 0.1050 0.0820 0.0078 0.0165 0.0426 0.0228 0.0238 0.1597 0.0106 
      H177.3  1 0.0040 0.0096 0.0840 0.0177 0.0033 0.0107 0.1329 0.0490 0.0530 0.0137 0.0472 0.0142 0.0112 0.0366 0.0205 0.3164 0.1575 0.0186 
      H177.4  1 0.0066 0.0078 0.0086 0.0035 0.0022 0.0039 0.0133 0.0076 0.0120 0.0055 0.3124 0.0035 0.0074 0.0047 0.0047 0.5527 0.0213 0.0222 
      H177.5  1 0.0072 0.0180 0.0079 0.0076 0.0022 0.0340 0.0061 0.0110 0.0144 0.0277 0.0757 0.0069 0.0152 0.0340 0.0248 0.5768 0.1237 0.0069 
      H177.6  1 0.0031 0.0099 0.1455 0.0187 0.0026 0.0117 0.0493 0.0172 0.0393 0.0110 0.0425 0.0140 0.0077 0.0494 0.0286 0.3476 0.1889 0.0129 
      H179.1  1 0.0064 0.0085 0.0046 0.0096 0.0094 0.0518 0.0052 0.0024 0.0050 0.0066 0.8353 0.0045 0.0080 0.0063 0.0077 0.0155 0.0110 0.0023 
      H179.2  1 0.0056 0.0234 0.0038 0.0075 0.0033 0.0554 0.0055 0.0026 0.0109 0.0047 0.8011 0.0074 0.0047 0.0096 0.0090 0.0086 0.0154 0.0214 
      H179.3  1 0.0046 0.0141 0.0045 0.0272 0.0067 0.0380 0.0232 0.0028 0.0069 0.0032 0.7867 0.0054 0.0092 0.0066 0.0128 0.0304 0.0133 0.0044 
      H179.4  1 0.0054 0.0726 0.0141 0.0054 0.0049 0.0233 0.0150 0.0052 0.0106 0.0068 0.6778 0.0052 0.0042 0.0342 0.0048 0.0274 0.0206 0.0622 
      H180.1  1 0.0047 0.0061 0.0027 0.0035 0.0045 0.0044 0.0057 0.0028 0.0214 0.0038 0.0172 0.0067 0.0032 0.0044 0.8960 0.0031 0.0066 0.0032 
      H180.2  1 0.0039 0.0035 0.0027 0.0050 0.0062 0.0057 0.0035 0.0025 0.0058 0.0036 0.0053 0.0028 0.0021 0.0026 0.9328 0.0038 0.0046 0.0036 
      H180.3  1 0.0031 0.0064 0.0048 0.0110 0.0046 0.0084 0.0059 0.0063 0.0032 0.0066 0.0044 0.0030 0.0030 0.0022 0.9142 0.0037 0.0059 0.0033 
      H180.4  1 0.0044 0.0056 0.0040 0.0038 0.0065 0.0033 0.0036 0.0036 0.0101 0.0048 0.0077 0.0046 0.0030 0.0031 0.9186 0.0033 0.0064 0.0036 
      H180.5  1 0.0025 0.0034 0.0039 0.0031 0.0029 0.0032 0.0033 0.0043 0.0088 0.0049 0.0084 0.0051 0.0032 0.0029 0.9281 0.0044 0.0047 0.0028 
      H180.6  1 0.0043 0.0079 0.0101 0.0056 0.0033 0.0045 0.0043 0.0192 0.0042 0.0206 0.0069 0.0063 0.0031 0.0023 0.8779 0.0060 0.0100 0.0036 
      H181.1  1 0.0075 0.0031 0.0123 0.0032 0.0038 0.0044 0.0075 0.0031 0.9121 0.0069 0.0047 0.0051 0.0026 0.0027 0.0046 0.0058 0.0064 0.0042 
      H181.2  1 0.0036 0.0069 0.0055 0.0031 0.0044 0.0026 0.0032 0.0069 0.9224 0.0057 0.0057 0.0060 0.0031 0.0050 0.0043 0.0051 0.0040 0.0026 
      H181.3  1 0.0051 0.0045 0.0091 0.0051 0.0046 0.0028 0.0037 0.0038 0.9197 0.0075 0.0038 0.0064 0.0041 0.0044 0.0041 0.0039 0.0044 0.0029 
      H181.4  1 0.0079 0.0075 0.0156 0.0135 0.0045 0.0066 0.0070 0.0072 0.8395 0.0267 0.0040 0.0049 0.0073 0.0039 0.0134 0.0044 0.0212 0.0050 
      H181.5  1 0.0061 0.0041 0.0034 0.0048 0.0042 0.0044 0.0033 0.0022 0.9239 0.0041 0.0096 0.0048 0.0045 0.0035 0.0027 0.0048 0.0045 0.0053 
      H181.6  1 0.0048 0.0100 0.0037 0.0040 0.0038 0.0050 0.0064 0.0031 0.8994 0.0036 0.0195 0.0053 0.0036 0.0031 0.0067 0.0058 0.0067 0.0054 
      H181.7  1 0.0084 0.0038 0.0039 0.0031 0.0034 0.0052 0.0046 0.0040 0.9165 0.0043 0.0132 0.0032 0.0037 0.0027 0.0045 0.0045 0.0060 0.0051 
 H194.1_2004  1 0.0024 0.0062 0.0037 0.0052 0.0025 0.0036 0.0073 0.0045 0.0022 0.0040 0.0024 0.0037 0.0028 0.0024 0.0035 0.9357 0.0046 0.0034 
 H194.2_2004  1 0.0028 0.0048 0.0036 0.0041 0.0060 0.0028 0.0119 0.0047 0.0037 0.0042 0.0029 0.0032 0.0025 0.0030 0.0036 0.9273 0.0067 0.0022 
 H194.3_2004  1 0.0037 0.0109 0.0151 0.0036 0.0031 0.0209 0.0049 0.0089 0.0048 0.0042 0.0065 0.0058 0.0034 0.0062 0.0034 0.8838 0.0067 0.0039 
 H194.4_2004  1 0.0033 0.0055 0.0075 0.0028 0.0033 0.0027 0.0050 0.0114 0.0042 0.0030 0.0031 0.0050 0.0027 0.0029 0.0025 0.9264 0.0057 0.0032 
 H194.5_2004  1 0.0040 0.0152 0.0136 0.0051 0.0025 0.0081 0.0079 0.0059 0.0054 0.0084 0.0041 0.0066 0.0039 0.0076 0.0026 0.8870 0.0069 0.0053 
 H194.6_2004  1 0.0031 0.0118 0.0150 0.0043 0.0027 0.0112 0.0070 0.0061 0.0063 0.0057 0.0047 0.0111 0.0030 0.0070 0.0037 0.8789 0.0097 0.0089 
 H194.7_2004  1 0.0029 0.0025 0.0025 0.0030 0.0035 0.0035 0.0061 0.0033 0.0028 0.0041 0.0020 0.0024 0.0047 0.0026 0.0023 0.9443 0.0045 0.0031 
 H194.8_2004  1 0.0039 0.0115 0.0061 0.0064 0.0035 0.0033 0.0054 0.0048 0.0066 0.0063 0.0029 0.0043 0.0035 0.0070 0.0024 0.9128 0.0053 0.0041 
      H194.9  1 0.0032 0.0075 0.0038 0.0061 0.0050 0.0027 0.0057 0.0064 0.0034 0.0065 0.0021 0.0043 0.0027 0.0031 0.0026 0.9276 0.0040 0.0033 
 H195.1_2003  1 0.0026 0.9266 0.0041 0.0027 0.0027 0.0033 0.0032 0.0195 0.0027 0.0030 0.0027 0.0032 0.0022 0.0035 0.0026 0.0035 0.0090 0.0029 
 H195.1_2004  1 0.0028 0.0056 0.0067 0.0027 0.0032 0.0029 0.0024 0.9307 0.0059 0.0030 0.0028 0.0045 0.0038 0.0080 0.0040 0.0039 0.0041 0.0030 
 H195.2_2003  1 0.0072 0.7310 0.0060 0.0184 0.0051 0.0286 0.0177 0.0618 0.0078 0.0394 0.0026 0.0128 0.0050 0.0191 0.0052 0.0063 0.0197 0.0064 
 H195.2_2004  1 0.0024 0.0277 0.0060 0.0032 0.0028 0.0049 0.0029 0.9071 0.0040 0.0084 0.0036 0.0031 0.0026 0.0047 0.0041 0.0046 0.0048 0.0032 
 H195.3_2003  1 0.0187 0.6374 0.0030 0.0941 0.0099 0.0361 0.0442 0.0453 0.0143 0.0242 0.0033 0.0034 0.0077 0.0106 0.0096 0.0133 0.0196 0.0055 
 H195.3_2004  1 0.0029 0.0623 0.0186 0.0026 0.0034 0.0033 0.0030 0.8432 0.0077 0.0061 0.0035 0.0052 0.0036 0.0102 0.0033 0.0103 0.0072 0.0036 
 H195.4_2003  1 0.0033 0.8677 0.0077 0.0021 0.0024 0.0029 0.0030 0.0718 0.0031 0.0031 0.0026 0.0030 0.0077 0.0031 0.0025 0.0035 0.0044 0.0062 
 H195.4_2004  1 0.0021 0.0071 0.0044 0.0024 0.0034 0.0049 0.0035 0.9348 0.0027 0.0044 0.0034 0.0033 0.0036 0.0038 0.0022 0.0053 0.0038 0.0049 
 H195.5_2003  1 0.0028 0.8884 0.0051 0.0045 0.0091 0.0033 0.0031 0.0211 0.0037 0.0028 0.0028 0.0027 0.0049 0.0145 0.0053 0.0043 0.0165 0.0053 
 H195.5_2004  1 0.0031 0.0062 0.0034 0.0028 0.0042 0.0032 0.0028 0.9399 0.0034 0.0029 0.0033 0.0034 0.0027 0.0040 0.0030 0.0045 0.0032 0.0040 
 H195.6_2003  1 0.0080 0.4739 0.0052 0.0179 0.0032 0.0093 0.0175 0.3795 0.0069 0.0134 0.0035 0.0077 0.0066 0.0116 0.0072 0.0059 0.0170 0.0058 
 H195.6_2004  1 0.0058 0.0180 0.0039 0.0019 0.0040 0.0046 0.0057 0.9170 0.0030 0.0050 0.0045 0.0033 0.0030 0.0047 0.0026 0.0057 0.0043 0.0030 
 H195.7_2003  1 0.0057 0.7920 0.0042 0.0020 0.0038 0.0351 0.0078 0.0784 0.0068 0.0071 0.0029 0.0028 0.0061 0.0068 0.0027 0.0049 0.0242 0.0066 
 H195.7_2004  1 0.0020 0.0032 0.0025 0.0037 0.0037 0.0034 0.0031 0.9453 0.0036 0.0039 0.0022 0.0030 0.0030 0.0039 0.0045 0.0028 0.0037 0.0026 
      H195.8  1 0.0020 0.0030 0.0027 0.0032 0.0035 0.0028 0.0032 0.9467 0.0037 0.0031 0.0020 0.0027 0.0031 0.0046 0.0026 0.0040 0.0038 0.0033 
      H195.9  1 0.0024 0.0128 0.0065 0.0021 0.0025 0.0047 0.0059 0.9115 0.0047 0.0057 0.0039 0.0043 0.0031 0.0068 0.0031 0.0088 0.0046 0.0066 
      H415.1  1 0.0043 0.7309 0.0206 0.0461 0.0070 0.0140 0.0072 0.0096 0.0113 0.0038 0.0081 0.0126 0.0063 0.0181 0.0379 0.0271 0.0332 0.0021 
      H415.2  1 0.0071 0.0682 0.0073 0.0313 0.0031 0.1074 0.0167 0.0057 0.0110 0.0165 0.0261 0.3838 0.0786 0.0192 0.0128 0.1004 0.1013 0.0036 
      H415.3  1 0.0044 0.7464 0.0307 0.0053 0.0033 0.0087 0.0041 0.0037 0.0196 0.0152 0.0938 0.0101 0.0148 0.0077 0.0060 0.0072 0.0157 0.0035 
      H415.4  1 0.0055 0.8975 0.0074 0.0115 0.0026 0.0057 0.0042 0.0052 0.0040 0.0036 0.0027 0.0076 0.0048 0.0051 0.0149 0.0074 0.0075 0.0028 
      H415.5  1 0.0027 0.8676 0.0152 0.0029 0.0031 0.0076 0.0028 0.0049 0.0185 0.0046 0.0080 0.0214 0.0033 0.0054 0.0110 0.0092 0.0076 0.0042 
      H415.6  1 0.0038 0.8881 0.0067 0.0112 0.0028 0.0062 0.0042 0.0072 0.0045 0.0026 0.0027 0.0104 0.0049 0.0077 0.0186 0.0076 0.0083 0.0026 
      H415.7  1 0.0071 0.2951 0.0467 0.0102 0.0030 0.0107 0.0359 0.0084 0.0088 0.0219 0.0744 0.1605 0.0245 0.0362 0.0052 0.1072 0.1324 0.0119 
      H506.1  1 0.0031 0.0023 0.0037 0.0018 0.0026 0.0032 0.0026 0.0031 0.0036 0.0042 0.9493 0.0024 0.0034 0.0022 0.0024 0.0030 0.0035 0.0035 
      H506.2  1 0.0029 0.0035 0.0044 0.0016 0.0023 0.0028 0.0027 0.0090 0.0058 0.0037 0.9409 0.0026 0.0026 0.0034 0.0020 0.0028 0.0037 0.0031 
      H506.3  1 0.0039 0.0032 0.0042 0.0034 0.0028 0.0120 0.0048 0.0048 0.0144 0.0051 0.9088 0.0043 0.0047 0.0053 0.0051 0.0030 0.0069 0.0032 
      H506.4  1 0.0026 0.0046 0.0052 0.0038 0.0025 0.0035 0.0061 0.0032 0.0050 0.0028 0.9247 0.0054 0.0038 0.0035 0.0037 0.0048 0.0053 0.0096 
      H506.5  1 0.0026 0.0053 0.0053 0.0024 0.0023 0.0020 0.0036 0.0034 0.0061 0.0030 0.9382 0.0034 0.0035 0.0040 0.0022 0.0034 0.0041 0.0051 
      H506.6  1 0.0028 0.0080 0.0033 0.0044 0.0019 0.0051 0.0244 0.0194 0.0105 0.0036 0.8613 0.0044 0.0052 0.0131 0.0053 0.0078 0.0127 0.0069 
      H506.7  1 0.0028 0.0039 0.0046 0.0017 0.0022 0.0029 0.0031 0.0046 0.0048 0.0030 0.9453 0.0023 0.0032 0.0034 0.0023 0.0028 0.0038 0.0034 
      H533.1  1 0.0113 0.0026 0.0090 0.0016 0.0025 0.0034 0.0027 0.0029 0.0112 0.0033 0.9279 0.0023 0.0024 0.0018 0.0053 0.0025 0.0039 0.0034 
      H533.2  1 0.0105 0.0030 0.0112 0.0021 0.0025 0.0040 0.0027 0.0027 0.0156 0.0024 0.9174 0.0024 0.0025 0.0029 0.0077 0.0025 0.0039 0.0040 
      H533.3  1 0.0034 0.0026 0.0073 0.0025 0.0018 0.0033 0.0067 0.0033 0.0046 0.0052 0.9388 0.0019 0.0029 0.0023 0.0028 0.0038 0.0040 0.0029 
      H533.4  1 0.0051 0.0117 0.0129 0.0044 0.0028 0.0031 0.0158 0.0193 0.0084 0.0051 0.8686 0.0047 0.0023 0.0038 0.0042 0.0114 0.0074 0.0089 
      H535.1  1 0.0026 0.0038 0.0027 0.0039 0.0029 0.0022 0.0033 0.0025 0.0036 0.0027 0.0038 0.0045 0.0021 0.0031 0.0025 0.0043 0.0031 0.9464 
      H535.2  1 0.0042 0.0021 0.0026 0.0018 0.0024 0.0029 0.0029 0.0037 0.0054 0.0033 0.0037 0.0024 0.0028 0.0041 0.0026 0.0035 0.0032 0.9463 
      H535.3  1 0.0030 0.0024 0.0021 0.0024 0.0040 0.0026 0.0025 0.0036 0.0033 0.0032 0.0026 0.0021 0.0035 0.0025 0.0023 0.0023 0.0024 0.9532 
      H535.4  1 0.0024 0.0032 0.0041 0.0022 0.0025 0.0022 0.0032 0.0040 0.0024 0.0031 0.0023 0.0025 0.0023 0.0030 0.0020 0.0029 0.0031 0.9526 
      H535.5  1 0.0022 0.0035 0.0033 0.0021 0.0020 0.0025 0.0041 0.0030 0.0027 0.0026 0.0029 0.0022 0.0024 0.0025 0.0021 0.0035 0.0027 0.9537 
      H535.6  1 0.0030 0.0037 0.0024 0.0064 0.0031 0.0026 0.0036 0.0028 0.0063 0.0036 0.0032 0.0077 0.0021 0.0029 0.0029 0.0037 0.0050 0.9350 
      H535.7  1 0.0021 0.0025 0.0027 0.0017 0.0018 0.0030 0.0024 0.0019 0.0019 0.0022 0.0032 0.0017 0.0020 0.0019 0.0023 0.0025 0.0021 0.9623 
      H535.8  1 0.0031 0.0050 0.0028 0.0029 0.0022 0.0034 0.0042 0.0024 0.0035 0.0033 0.0024 0.0020 0.0024 0.0031 0.0020 0.0030 0.0026 0.9496 
      H535.9  1 0.0020 0.0028 0.0023 0.0029 0.0030 0.0023 0.0036 0.0027 0.0039 0.0024 0.0023 0.0035 0.0023 0.0028 0.0034 0.0034 0.0031 0.9512 
      H539.1  1 0.0023 0.0028 0.0022 0.9479 0.0030 0.0023 0.0047 0.0023 0.0025 0.0031 0.0021 0.0063 0.0023 0.0024 0.0048 0.0030 0.0033 0.0027 
      H539.2  1 0.0032 0.0067 0.0053 0.6031 0.0285 0.0112 0.0948 0.0076 0.0073 0.0072 0.0050 0.0059 0.0063 0.0153 0.1173 0.0193 0.0459 0.0099 
      H539.3  1 0.0029 0.0081 0.0034 0.8615 0.0124 0.0081 0.0231 0.0062 0.0029 0.0035 0.0040 0.0041 0.0032 0.0066 0.0138 0.0168 0.0080 0.0113 
      H539.4  1 0.0041 0.0029 0.0032 0.8739 0.0033 0.0075 0.0067 0.0032 0.0032 0.0034 0.0030 0.0058 0.0061 0.0048 0.0527 0.0045 0.0081 0.0037 
      H539.5  1 0.0023 0.0022 0.0026 0.9437 0.0026 0.0031 0.0056 0.0026 0.0025 0.0045 0.0022 0.0035 0.0024 0.0026 0.0069 0.0039 0.0033 0.0036 
      H539.6  1 0.0026 0.0039 0.0019 0.9357 0.0030 0.0023 0.0091 0.0030 0.0029 0.0048 0.0030 0.0056 0.0029 0.0028 0.0070 0.0032 0.0040 0.0025 
      H539.7  1 0.0023 0.0047 0.0029 0.9377 0.0039 0.0037 0.0037 0.0025 0.0033 0.0018 0.0025 0.0042 0.0033 0.0027 0.0113 0.0030 0.0039 0.0025 
      H539.8  1 0.0047 0.0113 0.0050 0.8234 0.0205 0.0097 0.0073 0.0034 0.0038 0.0052 0.0063 0.0042 0.0036 0.0076 0.0324 0.0118 0.0161 0.0237 
      H539.9  1 0.0039 0.0029 0.0022 0.9370 0.0027 0.0046 0.0045 0.0024 0.0031 0.0022 0.0034 0.0021 0.0036 0.0038 0.0124 0.0035 0.0035 0.0024 
      H540.1  1 0.0030 0.0036 0.0037 0.8670 0.0022 0.0039 0.0494 0.0080 0.0110 0.0072 0.0032 0.0043 0.0051 0.0030 0.0045 0.0053 0.0101 0.0057 
      H540.2  1 0.0023 0.0031 0.0029 0.9292 0.0025 0.0041 0.0091 0.0035 0.0057 0.0054 0.0032 0.0044 0.0042 0.0038 0.0046 0.0044 0.0051 0.0024 
      H540.3  1 0.0057 0.0111 0.0260 0.7634 0.0137 0.0094 0.0089 0.0157 0.0067 0.0050 0.0048 0.0058 0.0063 0.0228 0.0129 0.0208 0.0543 0.0067 
      H540.4  1 0.0032 0.0043 0.0043 0.8581 0.0095 0.0069 0.0130 0.0047 0.0207 0.0040 0.0046 0.0059 0.0110 0.0041 0.0224 0.0041 0.0150 0.0043 
      H540.5  1 0.0040 0.0028 0.0046 0.9160 0.0041 0.0088 0.0057 0.0032 0.0059 0.0051 0.0024 0.0046 0.0045 0.0079 0.0041 0.0075 0.0061 0.0028 
      H540.6  1 0.0055 0.0034 0.0044 0.8320 0.0044 0.0096 0.0355 0.0086 0.0270 0.0100 0.0061 0.0064 0.0078 0.0074 0.0047 0.0073 0.0160 0.0039 
      H540.7  1 0.0024 0.0063 0.0167 0.8565 0.0062 0.0046 0.0089 0.0044 0.0110 0.0199 0.0080 0.0058 0.0100 0.0050 0.0076 0.0116 0.0120 0.0031 
      H540.8  1 0.0025 0.0050 0.0062 0.8118 0.0029 0.0056 0.0293 0.0035 0.0074 0.0068 0.0035 0.0105 0.0047 0.0024 0.0087 0.0756 0.0081 0.0053 
     H9558.1  1 0.0065 0.0045 0.0018 0.9321 0.0039 0.0029 0.0040 0.0025 0.0030 0.0024 0.0059 0.0059 0.0025 0.0026 0.0029 0.0040 0.0051 0.0076 
     H9558.2  1 0.0137 0.0113 0.0045 0.8523 0.0078 0.0072 0.0060 0.0028 0.0196 0.0120 0.0085 0.0083 0.0074 0.0086 0.0028 0.0089 0.0097 0.0084 
     H9558.3  1 0.0359 0.0044 0.0027 0.8744 0.0078 0.0064 0.0045 0.0025 0.0073 0.0121 0.0029 0.0025 0.0080 0.0069 0.0042 0.0054 0.0059 0.0061 
     H9558.4  1 0.0040 0.0035 0.0019 0.9384 0.0046 0.0026 0.0034 0.0022 0.0038 0.0034 0.0048 0.0035 0.0027 0.0029 0.0031 0.0043 0.0036 0.0071 
     H9558.5  1 0.0032 0.0025 0.0029 0.9331 0.0073 0.0047 0.0035 0.0019 0.0037 0.0033 0.0027 0.0027 0.0037 0.0046 0.0058 0.0026 0.0048 0.0070 
     H9558.6  1 0.0186 0.0046 0.0031 0.9001 0.0038 0.0046 0.0044 0.0028 0.0047 0.0045 0.0039 0.0047 0.0037 0.0075 0.0029 0.0068 0.0140 0.0053 
    kos339.1  1 0.0060 0.0038 0.8558 0.0045 0.0027 0.0049 0.0084 0.0026 0.0064 0.0371 0.0216 0.0083 0.0158 0.0043 0.0037 0.0024 0.0066 0.0050 
    kos339.2  1 0.0050 0.0050 0.9122 0.0036 0.0031 0.0040 0.0024 0.0087 0.0033 0.0087 0.0088 0.0041 0.0103 0.0060 0.0037 0.0035 0.0044 0.0032 
    kos339.3  1 0.0026 0.0047 0.9446 0.0032 0.0022 0.0027 0.0041 0.0033 0.0034 0.0033 0.0036 0.0026 0.0019 0.0023 0.0036 0.0033 0.0033 0.0054 
    kos339.4  1 0.0026 0.0065 0.9414 0.0036 0.0039 0.0024 0.0030 0.0027 0.0037 0.0028 0.0034 0.0038 0.0026 0.0026 0.0035 0.0032 0.0036 0.0045 
    kos339.5  1 0.0042 0.0035 0.8774 0.0032 0.0031 0.0040 0.0035 0.0025 0.0072 0.0513 0.0107 0.0048 0.0062 0.0029 0.0041 0.0042 0.0041 0.0031 
    kos339.6  1 0.0029 0.0033 0.9258 0.0025 0.0025 0.0029 0.0025 0.0058 0.0034 0.0145 0.0052 0.0035 0.0048 0.0040 0.0027 0.0073 0.0040 0.0025 
    kos339.7  1 0.0023 0.0062 0.9377 0.0027 0.0026 0.0036 0.0036 0.0028 0.0034 0.0026 0.0061 0.0032 0.0021 0.0023 0.0033 0.0039 0.0042 0.0076 
    kos339.8  1 0.0026 0.0068 0.9172 0.0028 0.0030 0.0048 0.0039 0.0037 0.0034 0.0064 0.0184 0.0040 0.0060 0.0037 0.0035 0.0035 0.0036 0.0028 
    kos339.9  1 0.0062 0.0071 0.8130 0.0163 0.0023 0.0072 0.0080 0.0083 0.0136 0.0308 0.0088 0.0371 0.0059 0.0082 0.0101 0.0052 0.0084 0.0036 
      H409.1 12 0.0033 0.0039 0.0083 0.0017 0.0032 0.9223 0.0018 0.0029 0.0094 0.0056 0.0080 0.0036 0.0056 0.0040 0.0023 0.0060 0.0053 0.0029 
     H409.10 12 0.0031 0.0112 0.0038 0.0039 0.0038 0.9033 0.0033 0.0044 0.0086 0.0048 0.0096 0.0061 0.0061 0.0065 0.0055 0.0032 0.0083 0.0045 
      H409.2 12 0.0041 0.0130 0.0071 0.0042 0.0021 0.8857 0.0030 0.0043 0.0041 0.0030 0.0095 0.0061 0.0036 0.0176 0.0029 0.0045 0.0095 0.0158 
      H409.3 12 0.0122 0.0035 0.0066 0.0037 0.0054 0.8895 0.0037 0.0063 0.0038 0.0071 0.0100 0.0044 0.0050 0.0077 0.0059 0.0104 0.0067 0.0079 
      H409.4 12 0.0138 0.0037 0.0069 0.0037 0.0042 0.9084 0.0034 0.0034 0.0059 0.0056 0.0039 0.0037 0.0042 0.0077 0.0039 0.0070 0.0057 0.0051 
      H409.5 12 0.0085 0.0078 0.0032 0.0054 0.0038 0.8846 0.0087 0.0038 0.0041 0.0097 0.0097 0.0080 0.0038 0.0083 0.0077 0.0035 0.0106 0.0087 
      H409.6 12 0.2847 0.0042 0.0045 0.0077 0.0141 0.4927 0.0074 0.0046 0.0085 0.0326 0.0236 0.0058 0.0109 0.0108 0.0072 0.0105 0.0579 0.0122 
      H409.7 12 0.0112 0.0069 0.0115 0.0034 0.0038 0.8631 0.0028 0.0074 0.0076 0.0143 0.0056 0.0048 0.0163 0.0166 0.0031 0.0111 0.0063 0.0042 
      H409.8 12 0.0050 0.0052 0.0050 0.0036 0.0050 0.8899 0.0068 0.0037 0.0074 0.0144 0.0116 0.0052 0.0140 0.0028 0.0043 0.0038 0.0081 0.0045 
      H409.9 12 0.0048 0.0059 0.0027 0.2353 0.0492 0.1976 0.0108 0.0049 0.0133 0.0042 0.2569 0.0048 0.0510 0.0045 0.0278 0.0059 0.1058 0.0146 
      H413.1 12 0.0051 0.0028 0.0036 0.0026 0.9457 0.0028 0.0023 0.0021 0.0052 0.0038 0.0018 0.0019 0.0045 0.0032 0.0040 0.0027 0.0029 0.0029 
      H413.2 12 0.0038 0.0026 0.0042 0.0020 0.9513 0.0026 0.0019 0.0022 0.0039 0.0031 0.0030 0.0028 0.0024 0.0021 0.0032 0.0028 0.0034 0.0027 
      H413.3 12 0.0030 0.0022 0.0022 0.0033 0.9520 0.0034 0.0025 0.0019 0.0036 0.0027 0.0024 0.0032 0.0046 0.0031 0.0025 0.0031 0.0025 0.0019 
      H413.4 12 0.0039 0.0032 0.0076 0.0033 0.9211 0.0031 0.0025 0.0040 0.0058 0.0096 0.0047 0.0030 0.0074 0.0063 0.0038 0.0036 0.0049 0.0023 
      H413.5 12 0.0028 0.0023 0.0019 0.0121 0.9206 0.0027 0.0030 0.0036 0.0029 0.0060 0.0027 0.0089 0.0028 0.0035 0.0146 0.0027 0.0048 0.0021 
      H413.6 12 0.0062 0.0067 0.0037 0.0128 0.8869 0.0087 0.0024 0.0035 0.0039 0.0236 0.0023 0.0020 0.0063 0.0078 0.0094 0.0052 0.0064 0.0022 
      H413.7 12 0.0024 0.0027 0.0033 0.0030 0.9558 0.0024 0.0022 0.0018 0.0027 0.0026 0.0032 0.0021 0.0027 0.0032 0.0022 0.0025 0.0029 0.0025 
      H563.1 12 0.0036 0.0025 0.0026 0.0100 0.0102 0.0052 0.0043 0.0022 0.0028 0.0038 0.0028 0.0024 0.9293 0.0058 0.0032 0.0032 0.0039 0.0022 
      H563.2 12 0.0050 0.0033 0.0079 0.0045 0.0073 0.0084 0.0038 0.0046 0.0082 0.0037 0.0043 0.0052 0.8903 0.0085 0.0056 0.0132 0.0131 0.0032 
      H563.3 12 0.0032 0.0027 0.0027 0.0089 0.0039 0.0036 0.0053 0.0026 0.0042 0.0092 0.0036 0.0022 0.9290 0.0062 0.0031 0.0032 0.0042 0.0022 
      H563.4 12 0.0101 0.0025 0.0063 0.0046 0.0125 0.0082 0.0047 0.0031 0.0039 0.0044 0.0041 0.0034 0.9067 0.0064 0.0052 0.0051 0.0063 0.0026 
      H563.5 12 0.0037 0.0025 0.0027 0.0063 0.0052 0.0038 0.0050 0.0036 0.0030 0.0049 0.0019 0.0021 0.9354 0.0074 0.0039 0.0023 0.0045 0.0019 
      H563.6 12 0.0064 0.0032 0.0100 0.0044 0.0066 0.0042 0.0041 0.0025 0.0044 0.0097 0.0041 0.0042 0.9060 0.0095 0.0051 0.0063 0.0065 0.0027 
      H563.7 12 0.0061 0.0044 0.0123 0.0027 0.0070 0.0053 0.0026 0.0033 0.0045 0.0139 0.0034 0.0032 0.9006 0.0129 0.0044 0.0035 0.0073 0.0024 
      H563.8 12 0.0038 0.0025 0.0040 0.0125 0.0060 0.0051 0.0052 0.0032 0.0035 0.0097 0.0033 0.0034 0.9094 0.0117 0.0045 0.0054 0.0052 0.0017 
      H563.9 12 0.0063 0.0038 0.0072 0.0046 0.0077 0.0071 0.0044 0.0038 0.0084 0.0053 0.0060 0.0050 0.9001 0.0044 0.0043 0.0090 0.0103 0.0023 
     H7374.1 12 0.0119 0.0159 0.0032 0.0044 0.0039 0.0048 0.0062 0.0044 0.0035 0.0033 0.0025 0.0031 0.0039 0.9102 0.0034 0.0063 0.0051 0.0039 
     H7374.2 12 0.0038 0.0057 0.0022 0.0071 0.0078 0.0061 0.0083 0.0034 0.0029 0.0028 0.0039 0.0029 0.0077 0.9168 0.0035 0.0067 0.0047 0.0036 
     H7374.3 12 0.0063 0.0378 0.0042 0.0080 0.0037 0.0053 0.0090 0.0105 0.0050 0.0056 0.0037 0.0065 0.0095 0.8481 0.0042 0.0185 0.0100 0.0039 
     H7374.4 12 0.0027 0.0037 0.0072 0.0045 0.0044 0.0046 0.0029 0.0027 0.0033 0.0038 0.0028 0.0039 0.0037 0.9339 0.0035 0.0039 0.0040 0.0045 
     H7374.5 12 0.0051 0.0037 0.0039 0.0064 0.0035 0.0039 0.0043 0.0030 0.0044 0.0055 0.0024 0.0030 0.0039 0.9367 0.0023 0.0030 0.0029 0.0020 
     H7374.6 12 0.0037 0.0173 0.0084 0.0090 0.0046 0.0039 0.0050 0.0070 0.0063 0.0056 0.0053 0.0082 0.0077 0.8686 0.0045 0.0156 0.0083 0.0111 
     H7374.7 12 0.0045 0.0029 0.0034 0.0027 0.0050 0.0043 0.0022 0.0036 0.0039 0.0046 0.0023 0.0034 0.0033 0.9415 0.0022 0.0033 0.0035 0.0034 
     H7374.8 12 0.0055 0.0065 0.0052 0.0023 0.0031 0.0038 0.0037 0.0040 0.0054 0.0053 0.0038 0.0032 0.0055 0.9286 0.0024 0.0041 0.0048 0.0028 
     H7374.9 12 0.0037 0.0029 0.0046 0.0082 0.0029 0.0030 0.0036 0.0030 0.0038 0.0052 0.0024 0.0048 0.0038 0.9336 0.0038 0.0032 0.0049 0.0025 
     H9563.1 12 0.0031 0.0048 0.0032 0.0051 0.0038 0.0031 0.0042 0.0027 0.0034 0.0038 0.0045 0.0039 0.9366 0.0035 0.0032 0.0039 0.0046 0.0026 
     H9563.2 12 0.0034 0.0044 0.0030 0.0054 0.0043 0.0022 0.0069 0.0030 0.0038 0.0028 0.0027 0.0031 0.9359 0.0031 0.0068 0.0030 0.0036 0.0025 
     H9563.3 12 0.0071 0.0062 0.0036 0.0019 0.0029 0.0035 0.0036 0.0044 0.0038 0.0045 0.0078 0.0027 0.9271 0.0052 0.0034 0.0044 0.0042 0.0038 
     H9563.4 12 0.0068 0.0124 0.0058 0.0056 0.0041 0.0099 0.0124 0.0072 0.0068 0.0058 0.0079 0.0058 0.8571 0.0056 0.0108 0.0130 0.0080 0.0151 
     H9563.5 12 0.0038 0.0049 0.0063 0.0043 0.0047 0.0078 0.0089 0.0049 0.0049 0.0030 0.0053 0.0040 0.9078 0.0031 0.0076 0.0067 0.0068 0.0052 
     H9563.6 12 0.0179 0.0082 0.0025 0.0022 0.0038 0.0034 0.0046 0.0034 0.0032 0.0079 0.0086 0.0023 0.9086 0.0047 0.0054 0.0033 0.0041 0.0059 
     H9563.7 12 0.0061 0.0036 0.0020 0.0032 0.0027 0.0026 0.0073 0.0030 0.0025 0.0039 0.0052 0.0020 0.9342 0.0035 0.0028 0.0030 0.0040 0.0085 
     H9563.8 12 0.0065 0.0164 0.0124 0.0052 0.0033 0.0121 0.0100 0.0057 0.0110 0.0025 0.0104 0.0064 0.8257 0.0039 0.0424 0.0069 0.0144 0.0048 
     H9563.9 12 0.0087 0.0064 0.0048 0.0050 0.0045 0.0051 0.0052 0.0027 0.0050 0.0043 0.0057 0.0043 0.9089 0.0046 0.0097 0.0057 0.0066 0.0029 
     H9572.1 12 0.0038 0.0054 0.0038 0.0161 0.0108 0.0045 0.0110 0.0057 0.0086 0.8739 0.0059 0.0054 0.0113 0.0089 0.0103 0.0070 0.0033 0.0043 
     H9572.2 12 0.0086 0.0090 0.0050 0.0065 0.0069 0.0058 0.0115 0.0170 0.0051 0.8205 0.0038 0.0140 0.0302 0.0179 0.0148 0.0092 0.0115 0.0027 
     H9572.3 12 0.0146 0.0081 0.0118 0.0094 0.0072 0.0108 0.0241 0.0036 0.0066 0.8119 0.0065 0.0044 0.0092 0.0313 0.0043 0.0050 0.0230 0.0080 
     H9572.4 12 0.0023 0.0029 0.0041 0.0030 0.0023 0.0025 0.0029 0.0032 0.0040 0.9483 0.0027 0.0033 0.0023 0.0045 0.0025 0.0036 0.0027 0.0028 
     H9572.5 12 0.0040 0.0025 0.0092 0.0037 0.0020 0.0025 0.0110 0.0036 0.0041 0.9290 0.0046 0.0037 0.0025 0.0019 0.0028 0.0052 0.0050 0.0027 
