      H105.1  1 0.0025 0.0039 0.0045 0.0023 0.0045 0.0026 0.0030 0.0033 0.0026 0.9609 0.0020 0.0029 0.0029 0.0020 
      H105.2  1 0.0035 0.0045 0.0028 0.0029 0.0057 0.0043 0.0020 0.0023 0.0053 0.9487 0.0049 0.0061 0.0034 0.0036 
      H105.3  1 0.0022 0.0032 0.0050 0.0024 0.0025 0.0032 0.0026 0.0028 0.0026 0.9627 0.0020 0.0038 0.0028 0.0022 
      H105.4  1 0.0030 0.0061 0.0033 0.0037 0.0033 0.0039 0.0035 0.0026 0.0024 0.9544 0.0026 0.0043 0.0029 0.0038 
      H105.5  1 0.0066 0.0119 0.0036 0.0029 0.0070 0.0062 0.0033 0.0036 0.0066 0.9341 0.0019 0.0048 0.0038 0.0037 
      H105.6  1 0.0093 0.0037 0.0058 0.0042 0.0035 0.0058 0.0059 0.0034 0.0039 0.9345 0.0032 0.0054 0.0057 0.0058 
      H105.7  1 0.0053 0.0074 0.0222 0.0037 0.0089 0.0064 0.0030 0.0039 0.0064 0.9104 0.0034 0.0069 0.0033 0.0089 
      H105.8  1 0.0024 0.0031 0.0031 0.0025 0.0036 0.0031 0.0021 0.0024 0.0029 0.9604 0.0032 0.0063 0.0025 0.0024 
      H115.1  1 0.0168 0.0108 0.0114 0.0035 0.0036 0.8961 0.0042 0.0096 0.0063 0.0047 0.0070 0.0173 0.0037 0.0050 
      H115.2  1 0.1338 0.0137 0.0094 0.0034 0.0093 0.7670 0.0045 0.0078 0.0123 0.0036 0.0152 0.0060 0.0046 0.0094 
      H115.3  1 0.0528 0.0129 0.0153 0.0051 0.0076 0.8411 0.0055 0.0106 0.0106 0.0060 0.0167 0.0039 0.0052 0.0067 
      H115.4  1 0.0056 0.0154 0.0080 0.0080 0.0147 0.8528 0.0108 0.0196 0.0355 0.0033 0.0073 0.0115 0.0030 0.0046 
      H115.5  1 0.0417 0.0212 0.0063 0.0081 0.0097 0.8136 0.0188 0.0336 0.0116 0.0110 0.0075 0.0080 0.0034 0.0053 
      H115.6  1 0.1097 0.0144 0.0290 0.0023 0.0159 0.5217 0.0055 0.0269 0.1209 0.0049 0.1226 0.0045 0.0125 0.0092 
      H115.7  1 0.0163 0.0267 0.0164 0.0032 0.0092 0.8560 0.0068 0.0081 0.0147 0.0049 0.0144 0.0078 0.0078 0.0076 
      H115.8  1 0.0732 0.0104 0.0151 0.0020 0.0067 0.8318 0.0032 0.0177 0.0088 0.0082 0.0102 0.0045 0.0035 0.0049 
      H115.9  1 0.2012 0.0198 0.0167 0.0036 0.0087 0.6761 0.0032 0.0087 0.0087 0.0074 0.0070 0.0286 0.0030 0.0074 
      H145.1  1 0.0074 0.0144 0.0062 0.0050 0.0033 0.0054 0.8797 0.0052 0.0063 0.0023 0.0332 0.0041 0.0100 0.0176 
      H145.2  1 0.0058 0.0058 0.0048 0.0058 0.0045 0.0044 0.9278 0.0059 0.0037 0.0027 0.0129 0.0045 0.0043 0.0071 
      H145.3  1 0.0034 0.0061 0.0026 0.0032 0.0031 0.0046 0.8865 0.0025 0.0029 0.0027 0.0723 0.0033 0.0030 0.0039 
      H145.4  1 0.0048 0.0077 0.0064 0.0032 0.0034 0.0034 0.9293 0.0038 0.0035 0.0033 0.0059 0.0040 0.0055 0.0160 
      H145.5  1 0.0034 0.0046 0.0040 0.0026 0.0040 0.0027 0.8258 0.0039 0.0037 0.0037 0.1259 0.0030 0.0069 0.0057 
      H145.6  1 0.0033 0.0036 0.0056 0.0031 0.0046 0.0027 0.9488 0.0047 0.0040 0.0030 0.0036 0.0033 0.0037 0.0060 
      H145.7  1 0.0023 0.0034 0.0043 0.0034 0.0031 0.0027 0.9539 0.0052 0.0033 0.0027 0.0036 0.0036 0.0038 0.0048 
      H149.1  1 0.0029 0.0026 0.0032 0.0020 0.0035 0.0028 0.0033 0.9542 0.0043 0.0030 0.0050 0.0034 0.0040 0.0058 
      H149.2  1 0.0031 0.0061 0.0054 0.0039 0.0047 0.0028 0.0050 0.9405 0.0037 0.0042 0.0072 0.0034 0.0049 0.0053 
      H149.3  1 0.0053 0.0517 0.0321 0.0095 0.0145 0.0152 0.0338 0.7344 0.0124 0.0091 0.0143 0.0215 0.0056 0.0407 
      H149.4  1 0.0028 0.0022 0.0060 0.0035 0.0080 0.0036 0.0032 0.9351 0.0053 0.0048 0.0071 0.0113 0.0032 0.0040 
      H149.5  1 0.0029 0.0246 0.0582 0.0083 0.0321 0.0045 0.0136 0.7912 0.0064 0.0195 0.0036 0.0145 0.0066 0.0141 
      H149.6  1 0.0021 0.0053 0.0061 0.0038 0.0051 0.0031 0.0061 0.9428 0.0049 0.0063 0.0030 0.0036 0.0029 0.0049 
      H149.7  1 0.0043 0.0188 0.0375 0.0058 0.0127 0.0128 0.0055 0.7019 0.0610 0.0150 0.0076 0.0488 0.0067 0.0616 
      H150.1  1 0.6492 0.0135 0.0054 0.0029 0.0091 0.2763 0.0061 0.0036 0.0044 0.0117 0.0065 0.0036 0.0044 0.0033 
      H150.2  1 0.1287 0.0054 0.0048 0.0035 0.0053 0.7894 0.0036 0.0073 0.0142 0.0048 0.0190 0.0043 0.0044 0.0052 
      H150.3  1 0.6882 0.0101 0.0090 0.0027 0.0048 0.1974 0.0067 0.0072 0.0130 0.0055 0.0342 0.0048 0.0100 0.0065 
      H150.4  1 0.9206 0.0056 0.0062 0.0017 0.0045 0.0183 0.0046 0.0028 0.0095 0.0050 0.0089 0.0035 0.0050 0.0038 
      H150.5  1 0.1040 0.0188 0.0229 0.0037 0.0083 0.7783 0.0057 0.0065 0.0113 0.0089 0.0091 0.0065 0.0072 0.0087 
      H150.6  1 0.0294 0.0155 0.0060 0.0033 0.0215 0.8380 0.0140 0.0053 0.0191 0.0120 0.0094 0.0096 0.0128 0.0041 
      H150.7  1 0.8651 0.0061 0.0047 0.0020 0.0106 0.0473 0.0043 0.0061 0.0035 0.0165 0.0229 0.0033 0.0036 0.0040 
   H169607.1  1 0.0071 0.9250 0.0040 0.0030 0.0038 0.0041 0.0099 0.0041 0.0068 0.0031 0.0101 0.0069 0.0070 0.0052 
   H169607.2  1 0.0059 0.9494 0.0037 0.0039 0.0042 0.0035 0.0034 0.0027 0.0035 0.0036 0.0051 0.0028 0.0039 0.0044 
   H169607.3  1 0.0051 0.9378 0.0036 0.0035 0.0041 0.0047 0.0071 0.0034 0.0059 0.0036 0.0079 0.0057 0.0038 0.0038 
   H169607.4  1 0.0052 0.9432 0.0038 0.0030 0.0030 0.0028 0.0082 0.0025 0.0025 0.0030 0.0084 0.0024 0.0088 0.0033 
   H169607.5  1 0.0059 0.9566 0.0038 0.0028 0.0027 0.0034 0.0033 0.0023 0.0031 0.0019 0.0031 0.0027 0.0027 0.0056 
   H169607.6  1 0.0043 0.9572 0.0025 0.0039 0.0045 0.0028 0.0034 0.0023 0.0020 0.0034 0.0045 0.0029 0.0031 0.0034 
   H169607.7  1 0.0043 0.9418 0.0032 0.0031 0.0049 0.0054 0.0048 0.0034 0.0046 0.0046 0.0056 0.0057 0.0030 0.0054 
   H169607.8  1 0.0048 0.9512 0.0041 0.0026 0.0048 0.0027 0.0038 0.0021 0.0025 0.0041 0.0051 0.0033 0.0053 0.0038 
   H169633.1  1 0.0065 0.0033 0.0074 0.0046 0.0049 0.0087 0.0248 0.8657 0.0493 0.0038 0.0044 0.0044 0.0054 0.0068 
   H169633.2  1 0.0023 0.0026 0.0052 0.0082 0.0054 0.0061 0.0147 0.7658 0.1561 0.0116 0.0026 0.0074 0.0066 0.0053 
   H169633.3  1 0.0079 0.0038 0.0096 0.0090 0.0083 0.0067 0.0072 0.8942 0.0062 0.0034 0.0046 0.0066 0.0064 0.0260 
   H169633.4  1 0.0086 0.0075 0.0089 0.0084 0.0064 0.0084 0.0059 0.9074 0.0044 0.0040 0.0038 0.0048 0.0095 0.0119 
   H169633.5  1 0.0083 0.0060 0.0109 0.0067 0.0072 0.0094 0.0063 0.9073 0.0039 0.0051 0.0043 0.0053 0.0061 0.0133 
   H169688.1  1 0.0095 0.0358 0.0054 0.0153 0.0294 0.0188 0.0100 0.0065 0.7844 0.0061 0.0294 0.0107 0.0126 0.0262 
   H169688.2  1 0.0042 0.0081 0.0054 0.0047 0.0095 0.0157 0.0091 0.0036 0.8770 0.0159 0.0035 0.0197 0.0100 0.0138 
   H169688.3  1 0.0037 0.0029 0.0031 0.0020 0.0026 0.0036 0.0033 0.0041 0.9588 0.0036 0.0028 0.0037 0.0036 0.0023 
   H169688.4  1 0.0152 0.0053 0.0032 0.0026 0.0036 0.0086 0.0036 0.0030 0.9402 0.0019 0.0024 0.0038 0.0028 0.0039 
   H169688.5  1 0.0124 0.0050 0.0025 0.0030 0.0036 0.0084 0.0036 0.0029 0.9422 0.0023 0.0028 0.0049 0.0029 0.0034 
   H169688.6  1 0.0053 0.0057 0.0039 0.0078 0.0110 0.0076 0.0041 0.0072 0.8583 0.0036 0.0042 0.0662 0.0071 0.0080 
   H169688.7  1 0.0079 0.0041 0.0045 0.0016 0.0090 0.0088 0.0154 0.0043 0.9138 0.0037 0.0108 0.0047 0.0052 0.0063 
   H171901.1  1 0.0388 0.2850 0.0322 0.0032 0.0326 0.2692 0.0374 0.0124 0.0482 0.0848 0.0073 0.0105 0.0063 0.1322 
   H171901.2  1 0.0229 0.0199 0.0053 0.0039 0.0100 0.0077 0.0075 0.7708 0.0074 0.0872 0.0058 0.0039 0.0240 0.0236 
   H171901.3  1 0.0316 0.0575 0.0099 0.0088 0.0120 0.0481 0.0089 0.7093 0.0266 0.0160 0.0038 0.0070 0.0162 0.0443 
   H171901.4  1 0.0118 0.0260 0.0046 0.0053 0.0080 0.0160 0.0070 0.8050 0.0084 0.0706 0.0067 0.0054 0.0152 0.0099 
   H171901.5  1 0.0169 0.0432 0.0058 0.0052 0.0092 0.0177 0.0099 0.7711 0.0115 0.0464 0.0105 0.0094 0.0323 0.0109 
   H171901.6  1 0.0388 0.0324 0.0080 0.0097 0.0182 0.0324 0.0241 0.5876 0.0496 0.0303 0.0285 0.0198 0.0257 0.0950 
   H171901.7  1 0.0150 0.0187 0.0039 0.0069 0.0317 0.0199 0.0134 0.3169 0.0239 0.0051 0.0063 0.0090 0.0047 0.5245 
   H171902.1  1 0.0037 0.0048 0.0025 0.0033 0.0034 0.0026 0.0044 0.0035 0.0040 0.0020 0.9560 0.0036 0.0028 0.0035 
  H171902.10  1 0.0027 0.0039 0.0026 0.0027 0.0033 0.0043 0.0028 0.0035 0.0044 0.0025 0.9577 0.0030 0.0028 0.0038 
   H171902.2  1 0.0042 0.0047 0.0030 0.0024 0.0066 0.0052 0.0049 0.0072 0.0049 0.0025 0.9429 0.0050 0.0029 0.0036 
   H171902.3  1 0.0056 0.0042 0.0024 0.0040 0.0053 0.0042 0.0039 0.0130 0.0040 0.0028 0.9386 0.0036 0.0036 0.0046 
   H171902.4  1 0.0028 0.0025 0.0027 0.0021 0.0039 0.0029 0.0033 0.0116 0.0032 0.0022 0.9523 0.0024 0.0039 0.0042 
   H171902.6  1 0.0045 0.0023 0.0025 0.0023 0.0045 0.0023 0.0028 0.0051 0.0025 0.0024 0.9600 0.0025 0.0033 0.0030 
   H171902.7  1 0.0030 0.0379 0.0037 0.0024 0.0051 0.0043 0.0040 0.0074 0.0041 0.0061 0.9013 0.0030 0.0058 0.0120 
   H171902.8  1 0.0053 0.0038 0.0027 0.0024 0.0048 0.0043 0.0032 0.0059 0.0036 0.0027 0.9491 0.0026 0.0037 0.0060 
   H171902.9  1 0.0065 0.0045 0.0038 0.0030 0.0031 0.0030 0.0030 0.0028 0.0030 0.0026 0.9553 0.0023 0.0038 0.0033 
   H171903.1  1 0.0166 0.9147 0.0031 0.0050 0.0043 0.0101 0.0036 0.0032 0.0071 0.0079 0.0033 0.0032 0.0039 0.0138 
   H171903.2  1 0.0230 0.8517 0.0085 0.0096 0.0045 0.0097 0.0066 0.0040 0.0098 0.0333 0.0039 0.0079 0.0091 0.0182 
   H171903.3  1 0.0093 0.6868 0.0079 0.0276 0.0059 0.0104 0.0031 0.0058 0.0906 0.0520 0.0061 0.0077 0.0203 0.0664 
   H171903.4  1 0.0098 0.8110 0.0051 0.0033 0.0031 0.0118 0.0059 0.0046 0.0635 0.0047 0.0220 0.0043 0.0114 0.0396 
   H171903.5  1 0.0216 0.7023 0.0071 0.0063 0.0137 0.0095 0.0047 0.0114 0.1638 0.0196 0.0056 0.0066 0.0037 0.0243 
   H171903.6  1 0.0104 0.8525 0.0035 0.0059 0.0047 0.0056 0.0028 0.0082 0.0778 0.0047 0.0054 0.0042 0.0026 0.0116 
      H177.1  1 0.0160 0.0132 0.0044 0.0104 0.0447 0.0255 0.0042 0.0137 0.0105 0.0031 0.0059 0.0186 0.0480 0.7819 
      H177.2  1 0.0086 0.0896 0.0130 0.0062 0.5037 0.0131 0.1101 0.0448 0.0108 0.0040 0.0043 0.0657 0.0484 0.0777 
      H177.3  1 0.0158 0.0868 0.0108 0.0203 0.1332 0.0162 0.0306 0.0549 0.0192 0.0043 0.0127 0.0176 0.0199 0.5578 
      H177.4  1 0.0028 0.0105 0.0121 0.0382 0.0498 0.0046 0.0127 0.0090 0.0067 0.0082 0.0059 0.0831 0.0055 0.7510 
      H177.5  1 0.0077 0.0057 0.0130 0.0053 0.0550 0.0110 0.0129 0.0096 0.0266 0.0078 0.0060 0.0631 0.0345 0.7416 
      H177.6  1 0.0081 0.0336 0.0070 0.0072 0.1253 0.0099 0.0155 0.0663 0.0185 0.0036 0.0165 0.0182 0.0321 0.6381 
      H179.1  1 0.0036 0.0040 0.0052 0.0025 0.0037 0.0045 0.0022 0.0028 0.0047 0.0031 0.0036 0.9519 0.0029 0.0052 
      H179.2  1 0.0059 0.0072 0.0035 0.0068 0.0043 0.0065 0.0023 0.0044 0.0109 0.0029 0.0074 0.9283 0.0034 0.0060 
      H179.3  1 0.0097 0.0244 0.0061 0.0057 0.0060 0.0093 0.0051 0.0039 0.0274 0.0031 0.0052 0.8749 0.0055 0.0137 
      H179.4  1 0.0059 0.0236 0.0060 0.0493 0.0156 0.0077 0.0145 0.0178 0.0281 0.0033 0.0065 0.7447 0.0215 0.0555 
      H180.1  1 0.0040 0.0052 0.0035 0.0033 0.0146 0.9198 0.0035 0.0041 0.0062 0.0063 0.0074 0.0146 0.0041 0.0034 
      H180.2  1 0.0033 0.0037 0.0025 0.0030 0.0068 0.9501 0.0035 0.0025 0.0050 0.0034 0.0029 0.0062 0.0027 0.0043 
      H180.3  1 0.0247 0.0115 0.0030 0.0046 0.0066 0.8953 0.0067 0.0060 0.0162 0.0038 0.0059 0.0079 0.0025 0.0052 
      H180.4  1 0.0043 0.0046 0.0043 0.0033 0.0100 0.9322 0.0039 0.0062 0.0039 0.0063 0.0047 0.0081 0.0039 0.0043 
      H180.5  1 0.0037 0.0030 0.0029 0.0051 0.0183 0.9292 0.0047 0.0051 0.0037 0.0023 0.0047 0.0073 0.0026 0.0073 
      H180.6  1 0.0115 0.0091 0.0036 0.0038 0.0138 0.8821 0.0192 0.0132 0.0057 0.0073 0.0068 0.0109 0.0027 0.0104 
      H181.1  1 0.0041 0.0078 0.0029 0.0036 0.9197 0.0064 0.0041 0.0137 0.0050 0.0083 0.0073 0.0088 0.0031 0.0052 
      H181.2  1 0.0042 0.0051 0.0032 0.0037 0.9234 0.0072 0.0095 0.0067 0.0064 0.0037 0.0080 0.0085 0.0050 0.0055 
      H181.3  1 0.0042 0.0040 0.0031 0.0025 0.9352 0.0056 0.0053 0.0109 0.0060 0.0040 0.0054 0.0035 0.0048 0.0054 
      H181.4  1 0.0195 0.0074 0.0050 0.0047 0.8980 0.0125 0.0059 0.0150 0.0073 0.0049 0.0042 0.0062 0.0041 0.0054 
      H181.5  1 0.0045 0.0042 0.0067 0.0044 0.9019 0.0046 0.0028 0.0058 0.0103 0.0078 0.0069 0.0296 0.0036 0.0067 
      H181.6  1 0.0081 0.0067 0.0059 0.0088 0.7632 0.0170 0.0044 0.0053 0.0102 0.0181 0.0065 0.1325 0.0050 0.0084 
      H181.7  1 0.0048 0.0068 0.0056 0.0053 0.8924 0.0047 0.0064 0.0071 0.0093 0.0137 0.0049 0.0286 0.0039 0.0066 
 H194.1_2004  1 0.0051 0.0066 0.0049 0.0042 0.0029 0.0040 0.0047 0.0047 0.0058 0.0022 0.0053 0.0031 0.0027 0.9438 
 H194.2_2004  1 0.0058 0.0208 0.0038 0.0023 0.0041 0.0050 0.0065 0.0030 0.0037 0.0040 0.0042 0.0025 0.0029 0.9315 
 H194.3_2004  1 0.0027 0.0064 0.0041 0.0035 0.0057 0.0025 0.0131 0.0162 0.0073 0.0033 0.0049 0.0125 0.0061 0.9116 
 H194.4_2004  1 0.0045 0.0056 0.0024 0.0024 0.0037 0.0029 0.0124 0.0089 0.0037 0.0038 0.0064 0.0029 0.0039 0.9366 
 H194.5_2004  1 0.0037 0.0123 0.0050 0.0052 0.0054 0.0028 0.0086 0.0130 0.0087 0.0050 0.0054 0.0053 0.0087 0.9109 
 H194.6_2004  1 0.0052 0.0065 0.0032 0.0095 0.0056 0.0039 0.0080 0.0125 0.0086 0.0035 0.0089 0.0076 0.0047 0.9121 
 H194.7_2004  1 0.0038 0.0066 0.0042 0.0029 0.0040 0.0029 0.0042 0.0025 0.0043 0.0037 0.0020 0.0022 0.0028 0.9537 
 H194.8_2004  1 0.0068 0.0085 0.0032 0.0058 0.0050 0.0038 0.0072 0.0056 0.0035 0.0053 0.0057 0.0032 0.0058 0.9306 
      H194.9  1 0.0048 0.0049 0.0036 0.0038 0.0061 0.0039 0.0057 0.0040 0.0041 0.0033 0.0048 0.0026 0.0035 0.9452 
 H195.1_2003  1 0.0057 0.0086 0.0060 0.0052 0.0050 0.0065 0.8656 0.0274 0.0172 0.0045 0.0065 0.0049 0.0109 0.0259 
 H195.1_2004  1 0.0027 0.0031 0.0039 0.0029 0.0056 0.0038 0.9457 0.0060 0.0053 0.0023 0.0042 0.0023 0.0079 0.0043 
 H195.2_2003  1 0.0248 0.0201 0.0109 0.0085 0.0270 0.0061 0.7838 0.0060 0.0435 0.0169 0.0099 0.0049 0.0193 0.0183 
 H195.2_2004  1 0.0025 0.0025 0.0024 0.0023 0.0032 0.0026 0.9580 0.0053 0.0042 0.0029 0.0032 0.0029 0.0036 0.0044 
 H195.3_2003  1 0.1703 0.0745 0.0077 0.0062 0.0185 0.0125 0.5872 0.0041 0.0380 0.0284 0.0050 0.0044 0.0193 0.0239 
 H195.3_2004  1 0.0024 0.0033 0.0032 0.0030 0.0048 0.0031 0.9389 0.0095 0.0041 0.0026 0.0084 0.0034 0.0079 0.0054 
 H195.4_2003  1 0.0046 0.0040 0.0045 0.0037 0.0052 0.0030 0.9318 0.0070 0.0060 0.0048 0.0059 0.0054 0.0045 0.0096 
 H195.4_2004  1 0.0027 0.0030 0.0024 0.0034 0.0042 0.0031 0.9559 0.0031 0.0055 0.0019 0.0027 0.0027 0.0029 0.0064 
 H195.5_2003  1 0.0087 0.0077 0.0092 0.0061 0.0047 0.0125 0.8553 0.0161 0.0135 0.0042 0.0082 0.0042 0.0298 0.0197 
 H195.5_2004  1 0.0032 0.0028 0.0036 0.0051 0.0039 0.0050 0.9482 0.0045 0.0032 0.0025 0.0035 0.0030 0.0072 0.0043 
 H195.6_2003  1 0.0218 0.0114 0.0064 0.0040 0.0067 0.0042 0.9067 0.0041 0.0059 0.0075 0.0083 0.0029 0.0051 0.0048 
 H195.6_2004  1 0.0022 0.0045 0.0027 0.0028 0.0033 0.0032 0.9509 0.0041 0.0034 0.0046 0.0037 0.0038 0.0045 0.0062 
 H195.7_2003  1 0.0054 0.0182 0.0111 0.0075 0.0116 0.0047 0.8012 0.0139 0.0532 0.0074 0.0051 0.0070 0.0173 0.0364 
 H195.7_2004  1 0.0031 0.0034 0.0036 0.0027 0.0033 0.0040 0.9587 0.0026 0.0041 0.0021 0.0025 0.0024 0.0045 0.0031 
      H195.8  1 0.0034 0.0035 0.0033 0.0044 0.0037 0.0037 0.9557 0.0032 0.0038 0.0023 0.0030 0.0026 0.0043 0.0032 
      H195.9  1 0.0026 0.0041 0.0033 0.0039 0.0039 0.0031 0.9489 0.0060 0.0036 0.0028 0.0038 0.0036 0.0047 0.0057 
      H415.1  1 0.0225 0.0038 0.0045 0.0022 0.0085 0.0096 0.0174 0.0209 0.8658 0.0049 0.0121 0.0052 0.0082 0.0143 
      H415.2  1 0.0203 0.0186 0.0474 0.0037 0.0122 0.0069 0.0045 0.0085 0.4610 0.0067 0.2174 0.1096 0.0179 0.0652 
      H415.3  1 0.0039 0.0031 0.0118 0.0054 0.0161 0.0060 0.0076 0.0532 0.8241 0.0050 0.0122 0.0354 0.0077 0.0086 
      H415.4  1 0.0205 0.0057 0.0060 0.0034 0.0033 0.0075 0.0099 0.0158 0.8740 0.0063 0.0087 0.0070 0.0205 0.0111 
      H415.5  1 0.0039 0.0037 0.0038 0.0046 0.0088 0.0046 0.0086 0.0339 0.8812 0.0036 0.0211 0.0073 0.0077 0.0074 
      H415.6  1 0.0172 0.0051 0.0057 0.0039 0.0063 0.0095 0.0112 0.0131 0.8804 0.0068 0.0105 0.0050 0.0149 0.0104 
      H415.7  1 0.0103 0.0242 0.0280 0.0119 0.0138 0.0048 0.0119 0.0432 0.5964 0.0063 0.0940 0.0308 0.0267 0.0976 
      H506.1  1 0.0018 0.0028 0.0054 0.0042 0.0063 0.0024 0.0026 0.0041 0.0029 0.0028 0.0022 0.9578 0.0021 0.0025 
      H506.2  1 0.0020 0.0045 0.0033 0.0047 0.0091 0.0027 0.0175 0.0058 0.0036 0.0036 0.0040 0.9299 0.0042 0.0052 
      H506.3  1 0.0038 0.0058 0.0079 0.0052 0.0141 0.0051 0.0038 0.0043 0.0053 0.0042 0.0044 0.9270 0.0040 0.0052 
      H506.4  1 0.0055 0.0088 0.0064 0.0167 0.0085 0.0064 0.0039 0.0056 0.0073 0.0026 0.0096 0.9104 0.0032 0.0051 
      H506.5  1 0.0024 0.0049 0.0055 0.0071 0.0074 0.0034 0.0090 0.0059 0.0045 0.0038 0.0056 0.9308 0.0050 0.0047 
      H506.6  1 0.0055 0.0670 0.0107 0.0082 0.0191 0.0058 0.0569 0.0064 0.0143 0.0041 0.0066 0.7617 0.0144 0.0194 
      H506.7  1 0.0022 0.0031 0.0037 0.0045 0.0114 0.0026 0.0070 0.0052 0.0028 0.0039 0.0033 0.9411 0.0050 0.0041 
      H533.1  1 0.0020 0.0029 0.0031 0.0031 0.0110 0.0074 0.0034 0.0173 0.0027 0.0101 0.0021 0.9292 0.0025 0.0031 
      H533.2  1 0.0022 0.0028 0.0025 0.0031 0.0184 0.0061 0.0044 0.0200 0.0036 0.0131 0.0028 0.9142 0.0030 0.0038 
      H533.3  1 0.0043 0.0087 0.0035 0.0031 0.0051 0.0028 0.0044 0.0109 0.0035 0.0046 0.0023 0.9405 0.0022 0.0044 
      H533.4  1 0.0045 0.0250 0.0028 0.0072 0.0158 0.0069 0.0538 0.0209 0.0090 0.0059 0.0044 0.8135 0.0046 0.0255 
      H535.1  1 0.0043 0.0037 0.0021 0.9572 0.0039 0.0026 0.0029 0.0028 0.0029 0.0023 0.0044 0.0038 0.0030 0.0042 
      H535.2  1 0.0025 0.0029 0.0039 0.9603 0.0034 0.0028 0.0032 0.0028 0.0024 0.0032 0.0025 0.0032 0.0038 0.0031 
      H535.3  1 0.0020 0.0024 0.0029 0.9640 0.0034 0.0032 0.0031 0.0020 0.0023 0.0035 0.0022 0.0036 0.0028 0.0026 
      H535.4  1 0.0024 0.0024 0.0024 0.9619 0.0023 0.0025 0.0040 0.0037 0.0030 0.0027 0.0025 0.0036 0.0035 0.0030 
      H535.5  1 0.0025 0.0042 0.0021 0.9648 0.0029 0.0024 0.0026 0.0029 0.0027 0.0028 0.0024 0.0024 0.0025 0.0029 
      H535.6  1 0.0076 0.0060 0.0024 0.9422 0.0045 0.0040 0.0049 0.0023 0.0027 0.0025 0.0106 0.0036 0.0028 0.0040 
      H535.7  1 0.0019 0.0023 0.0020 0.9707 0.0024 0.0020 0.0025 0.0030 0.0022 0.0021 0.0018 0.0030 0.0018 0.0023 
      H535.8  1 0.0029 0.0035 0.0023 0.9618 0.0039 0.0024 0.0024 0.0026 0.0027 0.0036 0.0024 0.0028 0.0036 0.0031 
      H535.9  1 0.0032 0.0039 0.0024 0.9620 0.0030 0.0039 0.0030 0.0023 0.0023 0.0024 0.0034 0.0029 0.0023 0.0030 
      H539.1  1 0.9599 0.0034 0.0026 0.0024 0.0030 0.0033 0.0029 0.0020 0.0027 0.0029 0.0069 0.0021 0.0026 0.0032 
      H539.2  1 0.6389 0.0610 0.0054 0.0110 0.0058 0.2044 0.0051 0.0054 0.0162 0.0040 0.0049 0.0073 0.0131 0.0175 
      H539.3  1 0.8984 0.0168 0.0031 0.0147 0.0028 0.0105 0.0075 0.0032 0.0052 0.0035 0.0040 0.0042 0.0066 0.0195 
      H539.4  1 0.9299 0.0064 0.0058 0.0034 0.0035 0.0166 0.0028 0.0038 0.0077 0.0037 0.0039 0.0036 0.0059 0.0030 
      H539.5  1 0.9588 0.0055 0.0022 0.0036 0.0030 0.0046 0.0021 0.0024 0.0021 0.0026 0.0038 0.0028 0.0026 0.0040 
      H539.6  1 0.9504 0.0059 0.0024 0.0027 0.0033 0.0070 0.0034 0.0023 0.0029 0.0033 0.0059 0.0032 0.0025 0.0048 
      H539.7  1 0.9553 0.0040 0.0034 0.0031 0.0027 0.0053 0.0026 0.0033 0.0042 0.0022 0.0045 0.0025 0.0029 0.0043 
      H539.8  1 0.8227 0.0072 0.0043 0.0280 0.0040 0.0864 0.0059 0.0038 0.0062 0.0044 0.0052 0.0048 0.0068 0.0103 
      H539.9  1 0.9557 0.0051 0.0043 0.0027 0.0031 0.0047 0.0026 0.0028 0.0032 0.0036 0.0023 0.0041 0.0029 0.0029 
      H540.1  1 0.8847 0.0497 0.0048 0.0064 0.0115 0.0031 0.0085 0.0042 0.0036 0.0041 0.0047 0.0045 0.0040 0.0063 
      H540.2  1 0.9444 0.0082 0.0029 0.0020 0.0047 0.0039 0.0031 0.0028 0.0055 0.0027 0.0049 0.0048 0.0042 0.0061 
      H540.3  1 0.8153 0.0110 0.0064 0.0051 0.0101 0.0193 0.0132 0.0258 0.0272 0.0056 0.0059 0.0062 0.0221 0.0267 
      H540.4  1 0.9021 0.0133 0.0104 0.0048 0.0133 0.0153 0.0051 0.0036 0.0082 0.0030 0.0067 0.0063 0.0033 0.0047 
      H540.5  1 0.9308 0.0064 0.0043 0.0028 0.0067 0.0043 0.0025 0.0038 0.0117 0.0040 0.0060 0.0041 0.0058 0.0067 
      H540.6  1 0.8637 0.0305 0.0099 0.0044 0.0281 0.0063 0.0066 0.0046 0.0103 0.0078 0.0062 0.0052 0.0078 0.0086 
      H540.7  1 0.8900 0.0077 0.0090 0.0032 0.0148 0.0059 0.0063 0.0174 0.0075 0.0024 0.0065 0.0104 0.0057 0.0131 
      H540.8  1 0.8745 0.0260 0.0034 0.0041 0.0078 0.0041 0.0037 0.0065 0.0100 0.0027 0.0111 0.0051 0.0030 0.0380 
     H9558.1  1 0.9394 0.0039 0.0024 0.0092 0.0037 0.0031 0.0030 0.0022 0.0049 0.0074 0.0103 0.0045 0.0026 0.0033 
     H9558.2  1 0.8667 0.0058 0.0062 0.0104 0.0257 0.0047 0.0049 0.0041 0.0101 0.0187 0.0094 0.0136 0.0088 0.0109 
     H9558.3  1 0.8764 0.0044 0.0071 0.0061 0.0132 0.0065 0.0031 0.0024 0.0040 0.0523 0.0029 0.0037 0.0095 0.0084 
     H9558.4  1 0.9432 0.0042 0.0024 0.0083 0.0029 0.0038 0.0021 0.0020 0.0092 0.0053 0.0052 0.0035 0.0029 0.0051 
     H9558.5  1 0.9461 0.0027 0.0039 0.0077 0.0037 0.0070 0.0019 0.0030 0.0065 0.0043 0.0026 0.0028 0.0052 0.0026 
     H9558.6  1 0.9141 0.0035 0.0044 0.0060 0.0049 0.0038 0.0030 0.0029 0.0063 0.0249 0.0051 0.0046 0.0075 0.0090 
    kos339.1  1 0.0035 0.0065 0.0139 0.0054 0.0114 0.0042 0.0023 0.9155 0.0045 0.0052 0.0071 0.0135 0.0038 0.0034 
    kos339.2  1 0.0031 0.0027 0.0073 0.0045 0.0058 0.0040 0.0062 0.9369 0.0047 0.0044 0.0031 0.0073 0.0058 0.0042 
    kos339.3  1 0.0030 0.0046 0.0024 0.0055 0.0037 0.0040 0.0035 0.9557 0.0040 0.0022 0.0026 0.0035 0.0021 0.0032 
    kos339.4  1 0.0034 0.0035 0.0026 0.0046 0.0047 0.0035 0.0036 0.9521 0.0038 0.0024 0.0040 0.0039 0.0033 0.0045 
    kos339.5  1 0.0034 0.0035 0.0073 0.0025 0.0144 0.0034 0.0023 0.9319 0.0030 0.0035 0.0072 0.0108 0.0034 0.0035 
    kos339.6  1 0.0025 0.0031 0.0050 0.0027 0.0077 0.0025 0.0051 0.9462 0.0037 0.0036 0.0031 0.0044 0.0038 0.0066 
    kos339.7  1 0.0023 0.0039 0.0027 0.0118 0.0037 0.0031 0.0033 0.9496 0.0038 0.0025 0.0036 0.0039 0.0024 0.0033 
    kos339.8  1 0.0025 0.0035 0.0044 0.0028 0.0052 0.0035 0.0037 0.9472 0.0043 0.0028 0.0038 0.0096 0.0037 0.0031 
    kos339.9  1 0.0128 0.0088 0.0056 0.0041 0.0146 0.0078 0.0085 0.8783 0.0074 0.0054 0.0232 0.0096 0.0075 0.0062 
      H409.1 12 0.0033 0.0025 0.0176 0.0025 0.0114 0.0045 0.0050 0.0076 0.0224 0.0066 0.0036 0.8969 0.0073 0.0087 
     H409.10 12 0.0050 0.0052 0.0060 0.0046 0.0048 0.0055 0.0061 0.0038 0.0098 0.0029 0.0056 0.9277 0.0095 0.0035 
      H409.2 12 0.0062 0.0031 0.0043 0.0061 0.0050 0.0037 0.0047 0.0092 0.0375 0.0042 0.0069 0.8748 0.0254 0.0089 
      H409.3 12 0.0099 0.0056 0.0075 0.0038 0.0042 0.0077 0.0057 0.0062 0.0058 0.0165 0.0048 0.8906 0.0105 0.0212 
      H409.4 12 0.0076 0.0048 0.0081 0.0050 0.0073 0.0042 0.0048 0.0072 0.0121 0.0252 0.0040 0.8597 0.0245 0.0255 
      H409.5 12 0.0059 0.0093 0.0051 0.0069 0.0050 0.0053 0.0052 0.0037 0.0058 0.0079 0.0064 0.9199 0.0091 0.0046 
      H409.6 12 0.0111 0.0179 0.0089 0.0175 0.0181 0.0130 0.0063 0.0041 0.0077 0.3656 0.0074 0.4902 0.0120 0.0200 
      H409.7 12 0.0042 0.0059 0.0390 0.0033 0.0152 0.0071 0.0120 0.0087 0.0149 0.0283 0.0063 0.7648 0.0513 0.0387 
      H409.8 12 0.0036 0.0068 0.0152 0.0045 0.0079 0.0040 0.0052 0.0043 0.0058 0.0058 0.0050 0.9223 0.0037 0.0060 
      H409.9 12 0.2657 0.0084 0.0215 0.0076 0.0068 0.0297 0.0041 0.0033 0.0079 0.0047 0.0042 0.6261 0.0051 0.0049 
      H413.1 12 0.0035 0.0039 0.0308 0.0066 0.0063 0.9031 0.0028 0.0038 0.0052 0.0120 0.0028 0.0034 0.0086 0.0073 
      H413.2 12 0.0033 0.0035 0.0037 0.0074 0.0042 0.9322 0.0050 0.0075 0.0039 0.0132 0.0034 0.0027 0.0044 0.0055 
      H413.3 12 0.0065 0.0050 0.0370 0.0026 0.0050 0.8893 0.0043 0.0032 0.0082 0.0160 0.0038 0.0084 0.0047 0.0059 
      H413.4 12 0.0065 0.0037 0.0302 0.0033 0.0129 0.8850 0.0055 0.0074 0.0035 0.0047 0.0039 0.0121 0.0157 0.0057 
      H413.5 12 0.0140 0.0047 0.0048 0.0020 0.0036 0.9398 0.0026 0.0027 0.0040 0.0038 0.0038 0.0035 0.0069 0.0040 
      H413.6 12 0.0123 0.0041 0.0235 0.0046 0.0130 0.8033 0.0054 0.0068 0.0093 0.0227 0.0027 0.0046 0.0721 0.0158 
      H413.7 12 0.0080 0.0040 0.0071 0.0067 0.0044 0.9215 0.0047 0.0049 0.0054 0.0105 0.0027 0.0035 0.0116 0.0050 
      H563.1 12 0.0125 0.0045 0.9410 0.0023 0.0038 0.0061 0.0028 0.0032 0.0031 0.0048 0.0022 0.0038 0.0067 0.0033 
      H563.2 12 0.0053 0.0038 0.9174 0.0029 0.0065 0.0079 0.0038 0.0077 0.0054 0.0050 0.0051 0.0087 0.0084 0.0121 
      H563.3 12 0.0060 0.0064 0.9503 0.0020 0.0052 0.0037 0.0028 0.0025 0.0028 0.0030 0.0028 0.0034 0.0068 0.0024 
      H563.4 12 0.0044 0.0076 0.9244 0.0026 0.0041 0.0099 0.0026 0.0052 0.0051 0.0113 0.0036 0.0055 0.0086 0.0051 
      H563.5 12 0.0068 0.0041 0.9504 0.0018 0.0038 0.0047 0.0025 0.0026 0.0035 0.0047 0.0020 0.0028 0.0074 0.0030 
      H563.6 12 0.0045 0.0044 0.9343 0.0028 0.0053 0.0053 0.0027 0.0089 0.0038 0.0054 0.0036 0.0049 0.0096 0.0045 
      H563.7 12 0.0026 0.0026 0.9373 0.0024 0.0072 0.0035 0.0030 0.0109 0.0031 0.0073 0.0029 0.0052 0.0086 0.0036 
      H563.8 12 0.0152 0.0066 0.9246 0.0020 0.0074 0.0055 0.0027 0.0038 0.0039 0.0041 0.0028 0.0040 0.0117 0.0058 
      H563.9 12 0.0050 0.0043 0.9276 0.0024 0.0073 0.0052 0.0040 0.0076 0.0069 0.0051 0.0050 0.0075 0.0046 0.0075 
     H7374.1 12 0.0043 0.0038 0.0037 0.0040 0.0041 0.0032 0.0052 0.0036 0.0047 0.0116 0.0034 0.0029 0.9375 0.0080 
     H7374.2 12 0.0083 0.0065 0.0106 0.0037 0.0035 0.0036 0.0049 0.0021 0.0057 0.0048 0.0026 0.0054 0.9338 0.0045 
     H7374.3 12 0.0064 0.0075 0.0078 0.0036 0.0045 0.0037 0.0220 0.0039 0.0056 0.0088 0.0051 0.0065 0.9004 0.0142 
     H7374.4 12 0.0049 0.0028 0.0040 0.0051 0.0039 0.0039 0.0031 0.0061 0.0055 0.0029 0.0034 0.0036 0.9457 0.0049 
     H7374.5 12 0.0071 0.0050 0.0045 0.0023 0.0053 0.0026 0.0026 0.0044 0.0026 0.0061 0.0038 0.0027 0.9480 0.0030 
     H7374.6 12 0.0091 0.0039 0.0081 0.0098 0.0072 0.0046 0.0115 0.0069 0.0068 0.0037 0.0075 0.0061 0.9026 0.0124 
     H7374.7 12 0.0027 0.0022 0.0038 0.0035 0.0053 0.0025 0.0037 0.0048 0.0032 0.0036 0.0029 0.0027 0.9559 0.0031 
     H7374.8 12 0.0022 0.0037 0.0056 0.0025 0.0045 0.0025 0.0067 0.0057 0.0031 0.0044 0.0028 0.0046 0.9474 0.0043 
     H7374.9 12 0.0077 0.0031 0.0043 0.0027 0.0048 0.0036 0.0036 0.0049 0.0034 0.0041 0.0048 0.0031 0.9461 0.0038 
     H9563.1 12 0.0057 0.0046 0.9464 0.0031 0.0032 0.0045 0.0036 0.0046 0.0054 0.0030 0.0036 0.0042 0.0032 0.0050 
     H9563.2 12 0.0064 0.0069 0.9483 0.0029 0.0039 0.0051 0.0038 0.0031 0.0041 0.0034 0.0036 0.0027 0.0030 0.0029 
     H9563.3 12 0.0022 0.0040 0.9397 0.0046 0.0035 0.0039 0.0064 0.0042 0.0052 0.0068 0.0032 0.0070 0.0050 0.0044 
     H9563.4 12 0.0095 0.0117 0.8677 0.0189 0.0098 0.0135 0.0071 0.0084 0.0098 0.0074 0.0045 0.0097 0.0046 0.0175 
     H9563.5 12 0.0050 0.0082 0.9225 0.0046 0.0041 0.0089 0.0046 0.0073 0.0054 0.0047 0.0048 0.0105 0.0028 0.0066 
     H9563.6 12 0.0024 0.0047 0.9372 0.0042 0.0033 0.0054 0.0048 0.0030 0.0035 0.0148 0.0025 0.0056 0.0043 0.0041 
     H9563.7 12 0.0023 0.0050 0.9448 0.0082 0.0027 0.0032 0.0051 0.0021 0.0032 0.0081 0.0026 0.0051 0.0041 0.0035 
     H9563.8 12 0.0051 0.0089 0.8627 0.0050 0.0074 0.0277 0.0060 0.0101 0.0258 0.0073 0.0062 0.0155 0.0031 0.0093 
     H9563.9 12 0.0060 0.0049 0.9274 0.0028 0.0046 0.0100 0.0035 0.0053 0.0078 0.0083 0.0047 0.0050 0.0049 0.0049 
     H9572.1 12 0.0411 0.0099 0.0806 0.0080 0.7399 0.0276 0.0122 0.0048 0.0061 0.0080 0.0143 0.0158 0.0148 0.0171 
     H9572.2 12 0.0089 0.0154 0.2211 0.0029 0.4938 0.0448 0.0679 0.0086 0.0064 0.0138 0.0421 0.0120 0.0313 0.0310 
     H9572.3 12 0.0259 0.1313 0.0181 0.0162 0.5835 0.0065 0.0057 0.0483 0.0078 0.0273 0.0086 0.0157 0.0904 0.0146 
     H9572.4 12 0.0088 0.0078 0.0094 0.0077 0.9078 0.0059 0.0046 0.0131 0.0026 0.0072 0.0058 0.0042 0.0062 0.0088 
     H9572.5 12 0.0069 0.0282 0.0057 0.0049 0.8677 0.0053 0.0088 0.0335 0.0032 0.0075 0.0053 0.0083 0.0027 0.0121 
