      H105.1  1 0.0080 0.0080 0.0044 0.0044 0.0079 0.9281 0.0048 0.0059 0.0286 
      H105.2  1 0.0087 0.0197 0.0031 0.0112 0.0050 0.9211 0.0128 0.0104 0.0080 
      H105.3  1 0.0043 0.0062 0.0051 0.0039 0.0039 0.9508 0.0024 0.0034 0.0200 
      H105.4  1 0.0093 0.0137 0.0106 0.0152 0.0054 0.9156 0.0056 0.0072 0.0173 
      H105.5  1 0.0393 0.0130 0.0058 0.0253 0.0077 0.8664 0.0206 0.0108 0.0111 
      H105.6  1 0.0060 0.0067 0.0072 0.0114 0.0042 0.9508 0.0040 0.0050 0.0048 
      H105.7  1 0.0195 0.0140 0.0045 0.0085 0.0051 0.8390 0.0071 0.0109 0.0914 
      H105.8  1 0.0039 0.0157 0.0033 0.0058 0.0045 0.9474 0.0042 0.0039 0.0113 
      H115.1  1 0.0102 0.0327 0.0047 0.8613 0.0262 0.0316 0.0081 0.0073 0.0179 
      H115.2  1 0.0087 0.0062 0.0032 0.9533 0.0073 0.0036 0.0054 0.0050 0.0073 
      H115.3  1 0.0057 0.0058 0.0050 0.9443 0.0111 0.0052 0.0036 0.0076 0.0117 
      H115.4  1 0.0298 0.0431 0.0240 0.7549 0.0658 0.0081 0.0215 0.0378 0.0150 
      H115.5  1 0.0120 0.0150 0.0331 0.7710 0.1276 0.0112 0.0112 0.0118 0.0071 
      H115.6  1 0.0144 0.0073 0.0051 0.8976 0.0331 0.0057 0.0085 0.0142 0.0141 
      H115.7  1 0.0129 0.0147 0.0079 0.8265 0.0159 0.0479 0.0132 0.0286 0.0326 
      H115.8  1 0.0079 0.0059 0.0038 0.9334 0.0173 0.0063 0.0070 0.0071 0.0113 
      H115.9  1 0.0102 0.0184 0.0038 0.9222 0.0121 0.0073 0.0056 0.0059 0.0144 
      H145.1  1 0.0188 0.0050 0.2460 0.0073 0.0144 0.0032 0.0044 0.6909 0.0099 
      H145.2  1 0.0348 0.0066 0.3674 0.0067 0.0099 0.0047 0.0029 0.5594 0.0076 
      H145.3  1 0.0075 0.0037 0.3346 0.0030 0.0036 0.0045 0.0030 0.6345 0.0055 
      H145.4  1 0.1084 0.0082 0.3019 0.0040 0.0066 0.0053 0.0051 0.5320 0.0286 
      H145.5  1 0.0171 0.0084 0.2288 0.0026 0.0088 0.0083 0.0046 0.7122 0.0092 
      H145.6  1 0.0387 0.0042 0.4767 0.0031 0.0084 0.0045 0.0029 0.4453 0.0162 
      H145.7  1 0.0226 0.0040 0.4611 0.0032 0.0120 0.0039 0.0031 0.4794 0.0105 
      H149.1  1 0.0062 0.0038 0.0037 0.0027 0.9706 0.0034 0.0033 0.0033 0.0031 
      H149.2  1 0.0080 0.0042 0.0055 0.0037 0.9600 0.0043 0.0030 0.0070 0.0044 
      H149.3  1 0.0350 0.0263 0.0244 0.0152 0.7490 0.0073 0.0197 0.0556 0.0675 
      H149.4  1 0.0044 0.0115 0.0038 0.0033 0.9574 0.0056 0.0051 0.0034 0.0055 
      H149.5  1 0.0115 0.0262 0.0212 0.0036 0.8283 0.0092 0.0143 0.0223 0.0633 
      H149.6  1 0.0055 0.0046 0.0054 0.0027 0.9607 0.0039 0.0037 0.0070 0.0064 
      H149.7  1 0.0445 0.0701 0.0071 0.0059 0.7377 0.0119 0.0739 0.0132 0.0357 
      H150.1  1 0.0041 0.0029 0.0037 0.9676 0.0027 0.0047 0.0032 0.0068 0.0044 
      H150.2  1 0.0050 0.0036 0.0038 0.9598 0.0060 0.0046 0.0054 0.0066 0.0053 
      H150.3  1 0.0069 0.0050 0.0042 0.9290 0.0052 0.0092 0.0103 0.0215 0.0087 
      H150.4  1 0.0044 0.0042 0.0036 0.9591 0.0037 0.0060 0.0073 0.0070 0.0047 
      H150.5  1 0.0063 0.0057 0.0045 0.9499 0.0068 0.0041 0.0055 0.0080 0.0093 
      H150.6  1 0.0060 0.0078 0.0070 0.9371 0.0098 0.0078 0.0057 0.0102 0.0085 
      H150.7  1 0.0041 0.0034 0.0037 0.9608 0.0031 0.0036 0.0032 0.0130 0.0052 
   H169607.1  1 0.0095 0.0073 0.0077 0.0143 0.0066 0.0067 0.0094 0.9326 0.0059 
   H169607.2  1 0.0106 0.0056 0.0110 0.0104 0.0040 0.0095 0.0060 0.9369 0.0061 
   H169607.3  1 0.0445 0.0091 0.0139 0.0099 0.0047 0.0056 0.0084 0.8933 0.0106 
   H169607.4  1 0.0097 0.0030 0.0075 0.0051 0.0035 0.0076 0.0032 0.9558 0.0047 
   H169607.5  1 0.1535 0.0048 0.0056 0.0149 0.0051 0.0044 0.0068 0.7980 0.0069 
   H169607.6  1 0.0053 0.0055 0.0081 0.0047 0.0039 0.0081 0.0034 0.9571 0.0039 
   H169607.7  1 0.0222 0.0085 0.0091 0.0136 0.0059 0.0049 0.0236 0.9056 0.0065 
   H169607.8  1 0.0095 0.0069 0.0067 0.0074 0.0042 0.0147 0.0058 0.9356 0.0091 
   H169633.1  1 0.0075 0.0039 0.0221 0.0056 0.9086 0.0089 0.0283 0.0047 0.0105 
   H169633.2  1 0.0494 0.0105 0.0375 0.0047 0.8533 0.0137 0.0215 0.0031 0.0064 
   H169633.3  1 0.0162 0.0085 0.0091 0.0086 0.9262 0.0089 0.0066 0.0042 0.0116 
   H169633.4  1 0.0112 0.0061 0.0066 0.0095 0.9322 0.0089 0.0040 0.0091 0.0126 
   H169633.5  1 0.0126 0.0068 0.0071 0.0086 0.9300 0.0119 0.0036 0.0071 0.0122 
   H169688.1  1 0.0089 0.0140 0.0134 0.0067 0.0058 0.0113 0.9077 0.0288 0.0035 
   H169688.2  1 0.0063 0.0063 0.0061 0.0038 0.0032 0.0065 0.9614 0.0023 0.0040 
   H169688.3  1 0.0039 0.0041 0.0029 0.0026 0.0034 0.0038 0.9736 0.0027 0.0031 
   H169688.4  1 0.0037 0.0034 0.0029 0.0048 0.0024 0.0018 0.9754 0.0028 0.0028 
   H169688.5  1 0.0034 0.0033 0.0032 0.0053 0.0033 0.0025 0.9737 0.0029 0.0025 
   H169688.6  1 0.0038 0.0235 0.0044 0.0035 0.0070 0.0041 0.9477 0.0033 0.0027 
   H169688.7  1 0.0056 0.0053 0.0075 0.0172 0.0044 0.0054 0.9358 0.0119 0.0070 
   H171901.1  1 0.6156 0.0225 0.0099 0.1167 0.0093 0.0996 0.0133 0.0762 0.0369 
   H171901.2  1 0.0399 0.0041 0.0079 0.0194 0.8745 0.0265 0.0064 0.0133 0.0079 
   H171901.3  1 0.1314 0.0101 0.0153 0.0293 0.7501 0.0180 0.0244 0.0112 0.0102 
   H171901.4  1 0.0160 0.0047 0.0093 0.0179 0.8991 0.0317 0.0072 0.0085 0.0055 
   H171901.5  1 0.0479 0.0136 0.0149 0.0426 0.8381 0.0177 0.0063 0.0126 0.0063 
   H171901.6  1 0.1074 0.0285 0.0231 0.0862 0.6961 0.0190 0.0131 0.0198 0.0066 
   H171901.7  1 0.6272 0.0118 0.0202 0.0168 0.2822 0.0065 0.0248 0.0070 0.0035 
   H171902.1  1 0.0067 0.0092 0.0049 0.0040 0.0073 0.0024 0.0041 0.9584 0.0030 
  H171902.10  1 0.0106 0.0066 0.0038 0.0064 0.0123 0.0037 0.0069 0.9461 0.0035 
   H171902.2  1 0.0074 0.0118 0.0055 0.0100 0.0432 0.0057 0.0062 0.9065 0.0039 
   H171902.3  1 0.0063 0.0070 0.0051 0.0144 0.0609 0.0054 0.0050 0.8924 0.0035 
   H171902.4  1 0.0120 0.0047 0.0039 0.0061 0.1318 0.0057 0.0052 0.8257 0.0048 
   H171902.6  1 0.0076 0.0065 0.0045 0.0044 0.0140 0.0031 0.0040 0.9519 0.0041 
   H171902.7  1 0.0091 0.0057 0.0040 0.0047 0.0111 0.0028 0.0040 0.9540 0.0046 
   H171902.8  1 0.0104 0.0056 0.0063 0.0080 0.0211 0.0048 0.0040 0.9362 0.0036 
   H171902.9  1 0.0058 0.0037 0.0040 0.0119 0.0053 0.0036 0.0040 0.9577 0.0040 
   H171903.1  1 0.5499 0.0072 0.0121 0.1217 0.0083 0.0146 0.0133 0.2585 0.0144 
   H171903.2  1 0.7970 0.0073 0.0204 0.0591 0.0046 0.0169 0.0042 0.0505 0.0400 
   H171903.3  1 0.9530 0.0044 0.0044 0.0089 0.0041 0.0065 0.0054 0.0078 0.0055 
   H171903.4  1 0.5232 0.0040 0.0070 0.0279 0.0038 0.0076 0.1106 0.3086 0.0073 
   H171903.5  1 0.8834 0.0122 0.0072 0.0273 0.0146 0.0074 0.0263 0.0121 0.0097 
   H171903.6  1 0.4723 0.0070 0.0086 0.0176 0.0188 0.0036 0.3043 0.1636 0.0042 
      H177.1  1 0.9009 0.0130 0.0066 0.0208 0.0138 0.0137 0.0156 0.0107 0.0049 
      H177.2  1 0.4258 0.1081 0.2219 0.0431 0.0611 0.0236 0.0132 0.0760 0.0273 
      H177.3  1 0.8603 0.0135 0.0347 0.0205 0.0223 0.0064 0.0062 0.0284 0.0078 
      H177.4  1 0.8989 0.0375 0.0255 0.0035 0.0091 0.0050 0.0037 0.0087 0.0082 
      H177.5  1 0.9008 0.0253 0.0163 0.0120 0.0060 0.0081 0.0194 0.0045 0.0076 
      H177.6  1 0.8787 0.0171 0.0160 0.0135 0.0365 0.0065 0.0086 0.0173 0.0058 
      H179.1  1 0.0051 0.9545 0.0030 0.0055 0.0038 0.0041 0.0126 0.0040 0.0073 
      H179.2  1 0.0080 0.9445 0.0048 0.0091 0.0049 0.0036 0.0165 0.0054 0.0032 
      H179.3  1 0.0158 0.8056 0.0049 0.0123 0.0045 0.0048 0.1376 0.0055 0.0091 
      H179.4  1 0.0539 0.7652 0.0776 0.0064 0.0116 0.0143 0.0550 0.0084 0.0076 
      H180.1  1 0.0373 0.0824 0.0048 0.8349 0.0098 0.0103 0.0046 0.0091 0.0069 
      H180.2  1 0.0571 0.0524 0.0117 0.8402 0.0075 0.0170 0.0060 0.0044 0.0038 
      H180.3  1 0.0403 0.0306 0.0153 0.8744 0.0101 0.0038 0.0110 0.0107 0.0037 
      H180.4  1 0.0511 0.0450 0.0083 0.8394 0.0151 0.0239 0.0033 0.0051 0.0088 
      H180.5  1 0.0720 0.0258 0.0179 0.8435 0.0121 0.0061 0.0083 0.0073 0.0070 
      H180.6  1 0.0497 0.0195 0.0651 0.7793 0.0374 0.0051 0.0070 0.0326 0.0044 
      H181.1  1 0.1195 0.4897 0.0169 0.0410 0.2048 0.0689 0.0208 0.0278 0.0106 
      H181.2  1 0.0847 0.6912 0.0604 0.0416 0.0316 0.0387 0.0054 0.0328 0.0137 
      H181.3  1 0.0213 0.5443 0.0211 0.0277 0.2106 0.1217 0.0123 0.0265 0.0144 
      H181.4  1 0.0407 0.2052 0.1032 0.3658 0.1551 0.0513 0.0229 0.0235 0.0324 
      H181.5  1 0.0070 0.9428 0.0043 0.0045 0.0112 0.0111 0.0079 0.0047 0.0066 
      H181.6  1 0.0363 0.8703 0.0101 0.0406 0.0110 0.0122 0.0040 0.0080 0.0076 
      H181.7  1 0.0108 0.8962 0.0074 0.0108 0.0263 0.0145 0.0201 0.0085 0.0055 
 H194.1_2004  1 0.9664 0.0031 0.0044 0.0040 0.0044 0.0033 0.0041 0.0069 0.0035 
 H194.2_2004  1 0.9361 0.0032 0.0066 0.0081 0.0032 0.0063 0.0041 0.0258 0.0066 
 H194.3_2004  1 0.9239 0.0141 0.0100 0.0033 0.0237 0.0055 0.0073 0.0058 0.0064 
 H194.4_2004  1 0.9461 0.0039 0.0128 0.0046 0.0095 0.0051 0.0041 0.0110 0.0028 
 H194.5_2004  1 0.9242 0.0117 0.0121 0.0040 0.0159 0.0081 0.0063 0.0109 0.0068 
 H194.6_2004  1 0.9312 0.0081 0.0140 0.0054 0.0163 0.0063 0.0067 0.0081 0.0039 
 H194.7_2004  1 0.9628 0.0027 0.0047 0.0037 0.0028 0.0054 0.0049 0.0059 0.0071 
 H194.8_2004  1 0.9242 0.0070 0.0160 0.0060 0.0114 0.0137 0.0042 0.0130 0.0044 
      H194.9  1 0.9501 0.0028 0.0096 0.0057 0.0043 0.0057 0.0045 0.0112 0.0061 
 H195.1_2003  1 0.0154 0.0066 0.9098 0.0065 0.0292 0.0141 0.0055 0.0076 0.0052 
 H195.1_2004  1 0.0082 0.0043 0.9432 0.0038 0.0145 0.0055 0.0067 0.0084 0.0055 
 H195.2_2003  1 0.0127 0.0045 0.8821 0.0133 0.0100 0.0138 0.0314 0.0230 0.0092 
 H195.2_2004  1 0.0053 0.0035 0.9512 0.0049 0.0086 0.0050 0.0095 0.0076 0.0045 
 H195.3_2003  1 0.0328 0.0087 0.7134 0.1017 0.0061 0.0560 0.0515 0.0162 0.0136 
 H195.3_2004  1 0.0092 0.0043 0.9202 0.0033 0.0312 0.0073 0.0034 0.0159 0.0052 
 H195.4_2003  1 0.0073 0.0046 0.9515 0.0047 0.0133 0.0054 0.0036 0.0053 0.0043 
 H195.4_2004  1 0.0053 0.0036 0.9588 0.0032 0.0052 0.0038 0.0111 0.0058 0.0032 
 H195.5_2003  1 0.0235 0.0053 0.8968 0.0073 0.0213 0.0244 0.0058 0.0062 0.0095 
 H195.5_2004  1 0.0053 0.0041 0.9565 0.0046 0.0063 0.0043 0.0040 0.0098 0.0051 
 H195.6_2003  1 0.0048 0.0042 0.9187 0.0146 0.0038 0.0104 0.0162 0.0197 0.0075 
 H195.6_2004  1 0.0104 0.0067 0.9411 0.0031 0.0056 0.0095 0.0049 0.0145 0.0042 
 H195.7_2003  1 0.0147 0.0058 0.9144 0.0057 0.0140 0.0074 0.0225 0.0075 0.0079 
 H195.7_2004  1 0.0035 0.0048 0.9556 0.0061 0.0047 0.0044 0.0072 0.0084 0.0053 
      H195.8  1 0.0056 0.0035 0.9626 0.0036 0.0037 0.0045 0.0041 0.0079 0.0045 
      H195.9  1 0.0061 0.0044 0.9577 0.0035 0.0054 0.0040 0.0052 0.0086 0.0052 
      H415.1  1 0.8576 0.0089 0.0047 0.0688 0.0318 0.0055 0.0094 0.0072 0.0060 
      H415.2  1 0.8977 0.0200 0.0050 0.0081 0.0059 0.0047 0.0126 0.0337 0.0123 
      H415.3  1 0.8291 0.0593 0.0095 0.0080 0.0607 0.0072 0.0064 0.0082 0.0117 
      H415.4  1 0.9260 0.0067 0.0096 0.0264 0.0122 0.0054 0.0038 0.0056 0.0043 
      H415.5  1 0.9289 0.0149 0.0074 0.0054 0.0228 0.0052 0.0046 0.0065 0.0043 
      H415.6  1 0.9230 0.0079 0.0064 0.0284 0.0122 0.0083 0.0032 0.0067 0.0039 
      H415.7  1 0.8571 0.0183 0.0116 0.0061 0.0170 0.0067 0.0112 0.0588 0.0132 
      H506.1  1 0.0037 0.9716 0.0034 0.0022 0.0044 0.0031 0.0029 0.0029 0.0058 
      H506.2  1 0.0049 0.9637 0.0081 0.0019 0.0061 0.0027 0.0024 0.0050 0.0050 
      H506.3  1 0.0056 0.9581 0.0034 0.0044 0.0045 0.0035 0.0087 0.0042 0.0076 
      H506.4  1 0.0067 0.9448 0.0073 0.0071 0.0073 0.0030 0.0058 0.0086 0.0094 
      H506.5  1 0.0060 0.9533 0.0067 0.0031 0.0092 0.0052 0.0031 0.0068 0.0066 
      H506.6  1 0.0549 0.8447 0.0372 0.0092 0.0069 0.0073 0.0093 0.0161 0.0143 
      H506.7  1 0.0038 0.9673 0.0070 0.0023 0.0061 0.0034 0.0025 0.0038 0.0037 
      H533.1  1 0.0036 0.9686 0.0046 0.0026 0.0078 0.0043 0.0024 0.0031 0.0029 
      H533.2  1 0.0039 0.9619 0.0038 0.0029 0.0148 0.0044 0.0022 0.0031 0.0031 
      H533.3  1 0.0058 0.9620 0.0024 0.0034 0.0075 0.0037 0.0038 0.0069 0.0044 
      H533.4  1 0.0309 0.8745 0.0261 0.0047 0.0211 0.0047 0.0065 0.0275 0.0039 
      H535.1  1 0.0201 0.0157 0.9236 0.0096 0.0095 0.0061 0.0034 0.0084 0.0035 
      H535.2  1 0.0093 0.0234 0.9328 0.0051 0.0074 0.0078 0.0046 0.0048 0.0049 
      H535.3  1 0.0048 0.0218 0.9423 0.0041 0.0052 0.0087 0.0047 0.0043 0.0042 
      H535.4  1 0.0047 0.0053 0.9626 0.0028 0.0083 0.0078 0.0024 0.0032 0.0028 
      H535.5  1 0.0072 0.0052 0.9602 0.0032 0.0095 0.0046 0.0032 0.0041 0.0027 
      H535.6  1 0.0085 0.0137 0.9424 0.0077 0.0038 0.0037 0.0035 0.0135 0.0032 
      H535.7  1 0.0044 0.0072 0.9657 0.0036 0.0065 0.0041 0.0033 0.0026 0.0026 
      H535.8  1 0.0045 0.0055 0.9671 0.0033 0.0043 0.0061 0.0029 0.0029 0.0033 
      H535.9  1 0.0075 0.0088 0.9479 0.0086 0.0076 0.0048 0.0040 0.0072 0.0036 
      H539.1  1 0.0042 0.0023 0.0036 0.9720 0.0023 0.0027 0.0027 0.0071 0.0033 
      H539.2  1 0.0176 0.0038 0.0097 0.9082 0.0052 0.0136 0.0225 0.0131 0.0064 
      H539.3  1 0.0118 0.0033 0.0105 0.9365 0.0032 0.0081 0.0105 0.0114 0.0048 
      H539.4  1 0.0053 0.0039 0.0030 0.9643 0.0039 0.0044 0.0061 0.0041 0.0051 
      H539.5  1 0.0048 0.0024 0.0031 0.9734 0.0028 0.0032 0.0029 0.0050 0.0026 
      H539.6  1 0.0052 0.0030 0.0033 0.9633 0.0029 0.0046 0.0032 0.0113 0.0032 
      H539.7  1 0.0052 0.0028 0.0038 0.9677 0.0033 0.0035 0.0060 0.0044 0.0034 
      H539.8  1 0.0103 0.0042 0.0088 0.9409 0.0040 0.0085 0.0117 0.0056 0.0060 
      H539.9  1 0.0044 0.0032 0.0025 0.9697 0.0023 0.0048 0.0062 0.0032 0.0037 
      H540.1  1 0.0202 0.0050 0.0086 0.8934 0.0077 0.0036 0.0071 0.0497 0.0047 
      H540.2  1 0.0210 0.0047 0.0030 0.9344 0.0070 0.0047 0.0088 0.0112 0.0051 
      H540.3  1 0.0345 0.0057 0.0122 0.8884 0.0136 0.0168 0.0102 0.0123 0.0062 
      H540.4  1 0.0055 0.0068 0.0049 0.9549 0.0038 0.0044 0.0075 0.0068 0.0055 
      H540.5  1 0.0268 0.0047 0.0047 0.9218 0.0064 0.0083 0.0158 0.0067 0.0048 
      H540.6  1 0.0132 0.0074 0.0074 0.9068 0.0064 0.0103 0.0148 0.0237 0.0101 
      H540.7  1 0.0239 0.0076 0.0047 0.9070 0.0209 0.0056 0.0053 0.0155 0.0095 
      H540.8  1 0.5691 0.0039 0.0059 0.3774 0.0086 0.0047 0.0091 0.0179 0.0035 
     H9558.1  1 0.0077 0.0066 0.0089 0.9459 0.0026 0.0073 0.0069 0.0109 0.0030 
     H9558.2  1 0.0108 0.0156 0.0110 0.8950 0.0032 0.0252 0.0122 0.0128 0.0142 
     H9558.3  1 0.0088 0.0059 0.0055 0.8938 0.0029 0.0532 0.0070 0.0065 0.0165 
     H9558.4  1 0.0081 0.0048 0.0064 0.9470 0.0026 0.0077 0.0132 0.0060 0.0040 
     H9558.5  1 0.0033 0.0028 0.0044 0.9628 0.0034 0.0066 0.0102 0.0029 0.0036 
     H9558.6  1 0.0178 0.0064 0.0043 0.9128 0.0046 0.0332 0.0049 0.0090 0.0070 
    kos339.1  1 0.0074 0.0118 0.0037 0.0053 0.9450 0.0049 0.0034 0.0063 0.0124 
    kos339.2  1 0.0054 0.0078 0.0067 0.0042 0.9541 0.0059 0.0046 0.0044 0.0070 
    kos339.3  1 0.0043 0.0045 0.0042 0.0033 0.9713 0.0025 0.0032 0.0042 0.0024 
    kos339.4  1 0.0039 0.0041 0.0037 0.0046 0.9689 0.0038 0.0034 0.0044 0.0032 
    kos339.5  1 0.0036 0.0116 0.0032 0.0033 0.9598 0.0041 0.0034 0.0041 0.0069 
    kos339.6  1 0.0065 0.0050 0.0039 0.0032 0.9639 0.0037 0.0031 0.0049 0.0058 
    kos339.7  1 0.0040 0.0048 0.0060 0.0033 0.9701 0.0023 0.0029 0.0036 0.0030 
    kos339.8  1 0.0034 0.0098 0.0043 0.0029 0.9630 0.0037 0.0039 0.0042 0.0047 
    kos339.9  1 0.0091 0.0105 0.0094 0.0160 0.9202 0.0072 0.0040 0.0163 0.0073 
      H409.1 12 0.0073 0.9391 0.0051 0.0031 0.0082 0.0076 0.0111 0.0033 0.0151 
     H409.10 12 0.0048 0.9443 0.0091 0.0047 0.0048 0.0079 0.0077 0.0078 0.0087 
      H409.2 12 0.0206 0.9265 0.0078 0.0049 0.0097 0.0089 0.0120 0.0052 0.0045 
      H409.3 12 0.0168 0.9176 0.0065 0.0090 0.0080 0.0181 0.0092 0.0054 0.0093 
      H409.4 12 0.0199 0.9148 0.0069 0.0084 0.0070 0.0162 0.0131 0.0061 0.0076 
      H409.5 12 0.0161 0.9312 0.0091 0.0066 0.0043 0.0107 0.0056 0.0097 0.0067 
      H409.6 12 0.0190 0.7314 0.0080 0.0109 0.0049 0.1974 0.0067 0.0077 0.0140 
      H409.7 12 0.0157 0.8585 0.0080 0.0066 0.0122 0.0323 0.0185 0.0057 0.0425 
      H409.8 12 0.0065 0.9462 0.0058 0.0051 0.0050 0.0058 0.0042 0.0066 0.0148 
      H409.9 12 0.0174 0.6113 0.0044 0.3075 0.0026 0.0172 0.0053 0.0062 0.0281 
      H413.1 12 0.0040 0.0030 0.0037 0.0071 0.0037 0.9524 0.0074 0.0037 0.0151 
      H413.2 12 0.0038 0.0038 0.0078 0.0096 0.0067 0.9544 0.0055 0.0038 0.0046 
      H413.3 12 0.0043 0.0108 0.0028 0.0122 0.0032 0.9216 0.0161 0.0059 0.0232 
      H413.4 12 0.0041 0.0099 0.0043 0.0095 0.0055 0.9343 0.0030 0.0045 0.0250 
      H413.5 12 0.0046 0.0084 0.0034 0.1672 0.0039 0.7824 0.0132 0.0104 0.0064 
      H413.6 12 0.0046 0.0030 0.0063 0.0709 0.0045 0.8713 0.0283 0.0031 0.0080 
      H413.7 12 0.0039 0.0051 0.0060 0.0106 0.0065 0.9490 0.0088 0.0031 0.0069 
      H563.1 12 0.0041 0.0042 0.0029 0.0081 0.0035 0.0106 0.0054 0.0039 0.9574 
      H563.2 12 0.0102 0.0086 0.0051 0.0068 0.0117 0.0108 0.0050 0.0049 0.9367 
      H563.3 12 0.0034 0.0045 0.0027 0.0070 0.0040 0.0049 0.0035 0.0046 0.9654 
      H563.4 12 0.0067 0.0090 0.0023 0.0057 0.0063 0.0156 0.0065 0.0038 0.9441 
      H563.5 12 0.0037 0.0030 0.0024 0.0074 0.0038 0.0091 0.0046 0.0031 0.9629 
      H563.6 12 0.0050 0.0047 0.0041 0.0053 0.0098 0.0104 0.0034 0.0046 0.9526 
      H563.7 12 0.0039 0.0047 0.0037 0.0038 0.0146 0.0111 0.0033 0.0036 0.9514 
      H563.8 12 0.0060 0.0041 0.0027 0.0097 0.0039 0.0067 0.0062 0.0035 0.9572 
      H563.9 12 0.0053 0.0092 0.0029 0.0058 0.0087 0.0057 0.0068 0.0069 0.9488 
     H7374.1 12 0.0199 0.0057 0.0251 0.0060 0.0086 0.9103 0.0030 0.0115 0.0098 
     H7374.2 12 0.0125 0.0048 0.0068 0.0074 0.0035 0.9408 0.0075 0.0085 0.0084 
     H7374.3 12 0.0525 0.0071 0.0452 0.0086 0.0085 0.8295 0.0076 0.0187 0.0224 
     H7374.4 12 0.0207 0.0080 0.0456 0.0114 0.0304 0.8300 0.0261 0.0074 0.0204 
     H7374.5 12 0.0071 0.0081 0.0130 0.0081 0.0179 0.9280 0.0047 0.0077 0.0054 
     H7374.6 12 0.0624 0.0099 0.2252 0.0105 0.0135 0.5910 0.0096 0.0328 0.0451 
     H7374.7 12 0.0093 0.0067 0.0242 0.0033 0.0131 0.9223 0.0082 0.0075 0.0054 
     H7374.8 12 0.0171 0.0063 0.0259 0.0046 0.0155 0.8864 0.0045 0.0112 0.0286 
     H7374.9 12 0.0115 0.0077 0.0183 0.0096 0.0161 0.9060 0.0109 0.0125 0.0074 
     H9563.1 12 0.0047 0.0031 0.0038 0.0047 0.0046 0.0042 0.0037 0.0047 0.9665 
     H9563.2 12 0.0056 0.0032 0.0039 0.0078 0.0031 0.0042 0.0045 0.0042 0.9635 
     H9563.3 12 0.0051 0.0057 0.0055 0.0031 0.0042 0.0045 0.0045 0.0038 0.9636 
     H9563.4 12 0.0277 0.0090 0.0147 0.0104 0.0071 0.0045 0.0060 0.0075 0.9132 
     H9563.5 12 0.0105 0.0099 0.0057 0.0070 0.0080 0.0041 0.0057 0.0065 0.9427 
     H9563.6 12 0.0050 0.0045 0.0049 0.0034 0.0024 0.0072 0.0037 0.0037 0.9653 
     H9563.7 12 0.0038 0.0053 0.0067 0.0032 0.0025 0.0045 0.0038 0.0042 0.9660 
     H9563.8 12 0.0281 0.0131 0.0064 0.0191 0.0088 0.0065 0.0132 0.0065 0.8982 
     H9563.9 12 0.0088 0.0045 0.0042 0.0076 0.0057 0.0079 0.0066 0.0044 0.9504 
     H9572.1 12 0.0173 0.1354 0.0356 0.2258 0.0113 0.1329 0.0105 0.0639 0.3674 
     H9572.2 12 0.1563 0.0231 0.0517 0.0571 0.0090 0.0607 0.0042 0.1932 0.4447 
     H9572.3 12 0.0643 0.0326 0.0235 0.0266 0.2059 0.3799 0.0050 0.2250 0.0373 
     H9572.4 12 0.0421 0.0493 0.1801 0.0520 0.1061 0.1646 0.0045 0.1458 0.2555 
     H9572.5 12 0.0361 0.0529 0.1020 0.1143 0.2493 0.0407 0.0081 0.2280 0.1686 
