      H105.1  1 0.0020 0.0021 0.0037 0.0024 0.0027 0.0085 0.0024 0.0035 0.0043 0.0026 0.0022 0.0024 0.0025 0.0019 0.0040 0.0029 0.0038 0.0022 0.0031 0.0022 0.9362 0.0023 
      H105.2  1 0.0032 0.0026 0.0051 0.0057 0.0044 0.0052 0.0042 0.0043 0.0030 0.0019 0.0032 0.0034 0.0034 0.0051 0.0032 0.0068 0.0072 0.0051 0.0033 0.0032 0.9122 0.0045 
      H105.3  1 0.0027 0.0030 0.0024 0.0031 0.0028 0.0026 0.0033 0.0032 0.0048 0.0025 0.0020 0.0019 0.0025 0.0019 0.0030 0.0029 0.0024 0.0018 0.0030 0.0026 0.9430 0.0024 
      H105.4  1 0.0031 0.0038 0.0056 0.0057 0.0050 0.0049 0.0023 0.0037 0.0037 0.0029 0.0027 0.0034 0.0026 0.0024 0.0033 0.0032 0.0037 0.0026 0.0030 0.0050 0.9244 0.0029 
      H105.5  1 0.0032 0.0028 0.0060 0.0090 0.0057 0.0320 0.0033 0.0060 0.0055 0.0037 0.0040 0.0061 0.0036 0.0025 0.0041 0.0034 0.0091 0.0065 0.0045 0.0038 0.8689 0.0065 
      H105.6  1 0.0090 0.0052 0.0039 0.0052 0.0085 0.0051 0.0046 0.0052 0.0048 0.0032 0.0051 0.0038 0.0033 0.0034 0.0033 0.0048 0.0035 0.0031 0.0030 0.0112 0.8917 0.0091 
      H105.7  1 0.0080 0.0032 0.0069 0.0061 0.0069 0.0092 0.0068 0.0091 0.0167 0.0029 0.0086 0.0050 0.0033 0.0038 0.0095 0.0053 0.0068 0.0066 0.0035 0.0044 0.8608 0.0064 
      H105.8  1 0.0028 0.0024 0.0034 0.0030 0.0036 0.0028 0.0020 0.0032 0.0035 0.0020 0.0019 0.0028 0.0018 0.0033 0.0027 0.0068 0.0034 0.0023 0.0026 0.0021 0.9396 0.0022 
      H115.1  1 0.0684 0.0031 0.0076 0.7319 0.0302 0.0367 0.0062 0.0131 0.0096 0.0051 0.0054 0.0046 0.0105 0.0086 0.0041 0.0094 0.0046 0.0062 0.0049 0.0028 0.0043 0.0227 
      H115.2  1 0.0080 0.0032 0.0061 0.8334 0.0043 0.0169 0.0067 0.0057 0.0066 0.0046 0.0089 0.0055 0.0064 0.0105 0.0036 0.0040 0.0062 0.0045 0.0039 0.0039 0.0031 0.0441 
      H115.3  1 0.0024 0.0041 0.0043 0.8911 0.0029 0.0109 0.0074 0.0061 0.0041 0.0037 0.0026 0.0079 0.0069 0.0059 0.0032 0.0026 0.0048 0.0028 0.0042 0.0031 0.0049 0.0141 
      H115.4  1 0.0062 0.0049 0.0132 0.8333 0.0033 0.0046 0.0093 0.0114 0.0038 0.0071 0.0036 0.0091 0.0143 0.0072 0.0045 0.0249 0.0144 0.0095 0.0029 0.0049 0.0034 0.0042 
      H115.5  1 0.0164 0.0075 0.0089 0.7809 0.0068 0.0125 0.0113 0.0104 0.0073 0.0124 0.0045 0.0083 0.0363 0.0054 0.0079 0.0047 0.0056 0.0066 0.0036 0.0073 0.0174 0.0182 
      H115.6  1 0.0026 0.0023 0.0060 0.7808 0.0045 0.0097 0.0454 0.0087 0.0113 0.0040 0.0076 0.0074 0.0169 0.0341 0.0075 0.0034 0.0086 0.0045 0.0068 0.0065 0.0036 0.0178 
      H115.7  1 0.0464 0.0029 0.0139 0.7437 0.0121 0.0145 0.0088 0.0491 0.0158 0.0063 0.0079 0.0048 0.0077 0.0097 0.0042 0.0045 0.0078 0.0114 0.0071 0.0042 0.0053 0.0118 
      H115.8  1 0.0050 0.0020 0.0037 0.8809 0.0026 0.0083 0.0073 0.0053 0.0065 0.0029 0.0034 0.0051 0.0079 0.0123 0.0054 0.0031 0.0048 0.0054 0.0040 0.0026 0.0061 0.0153 
      H115.9  1 0.0124 0.0039 0.0090 0.7180 0.0159 0.0442 0.0057 0.0114 0.0102 0.0035 0.0052 0.0064 0.0071 0.0049 0.0067 0.0127 0.0055 0.0050 0.0038 0.0023 0.0050 0.1010 
      H145.1  1 0.0028 0.0046 0.0127 0.0047 0.0063 0.0086 0.0223 0.0092 0.0055 0.8422 0.0154 0.0063 0.0052 0.0149 0.0036 0.0032 0.0032 0.0034 0.0108 0.0055 0.0027 0.0069 
      H145.2  1 0.0022 0.0064 0.0052 0.0053 0.0037 0.0081 0.0070 0.0060 0.0055 0.8895 0.0058 0.0058 0.0050 0.0093 0.0044 0.0050 0.0038 0.0020 0.0056 0.0074 0.0026 0.0046 
      H145.3  1 0.0019 0.0029 0.0044 0.0029 0.0031 0.0039 0.0022 0.0028 0.0025 0.9253 0.0031 0.0023 0.0024 0.0208 0.0036 0.0021 0.0020 0.0020 0.0025 0.0019 0.0023 0.0030 
      H145.4  1 0.0028 0.0024 0.0102 0.0035 0.0047 0.0039 0.0083 0.0056 0.0087 0.8827 0.0238 0.0046 0.0038 0.0047 0.0031 0.0027 0.0038 0.0037 0.0053 0.0048 0.0030 0.0039 
      H145.5  1 0.0025 0.0025 0.0045 0.0028 0.0028 0.0028 0.0033 0.0044 0.0029 0.9071 0.0039 0.0033 0.0027 0.0311 0.0039 0.0026 0.0025 0.0026 0.0045 0.0022 0.0024 0.0027 
      H145.6  1 0.0025 0.0042 0.0044 0.0023 0.0024 0.0057 0.0069 0.0051 0.0062 0.9122 0.0056 0.0037 0.0052 0.0052 0.0026 0.0032 0.0042 0.0022 0.0034 0.0074 0.0026 0.0029 
      H145.7  1 0.0021 0.0021 0.0027 0.0034 0.0034 0.0036 0.0044 0.0030 0.0033 0.9296 0.0039 0.0026 0.0070 0.0045 0.0033 0.0030 0.0029 0.0024 0.0038 0.0047 0.0023 0.0021 
      H149.1  1 0.0022 0.0028 0.0017 0.0027 0.0035 0.0032 0.0051 0.0046 0.0028 0.0032 0.0048 0.0048 0.9321 0.0044 0.0026 0.0026 0.0037 0.0025 0.0036 0.0026 0.0023 0.0023 
      H149.2  1 0.0022 0.0031 0.0052 0.0038 0.0048 0.0107 0.0050 0.0066 0.0055 0.0062 0.0082 0.0046 0.8979 0.0060 0.0043 0.0028 0.0057 0.0034 0.0041 0.0033 0.0041 0.0026 
      H149.3  1 0.0029 0.0088 0.0168 0.0201 0.0110 0.0473 0.0058 0.0428 0.0330 0.0329 0.0097 0.0445 0.6419 0.0148 0.0040 0.0182 0.0130 0.0108 0.0047 0.0060 0.0084 0.0027 
      H149.4  1 0.0035 0.0033 0.0026 0.0038 0.0044 0.0031 0.0053 0.0054 0.0055 0.0031 0.0030 0.0091 0.8779 0.0063 0.0109 0.0250 0.0066 0.0045 0.0026 0.0027 0.0075 0.0037 
      H149.5  1 0.0036 0.0077 0.0260 0.0040 0.0065 0.0140 0.0063 0.0295 0.0485 0.0153 0.0158 0.0164 0.7054 0.0035 0.0077 0.0162 0.0251 0.0119 0.0050 0.0078 0.0212 0.0024 
      H149.6  1 0.0025 0.0030 0.0044 0.0032 0.0044 0.0081 0.0062 0.0063 0.0097 0.0060 0.0063 0.0041 0.9009 0.0038 0.0027 0.0034 0.0048 0.0050 0.0034 0.0035 0.0064 0.0018 
      H149.7  1 0.0057 0.0042 0.0102 0.0110 0.0174 0.0123 0.0102 0.0692 0.0199 0.0052 0.0248 0.0230 0.6207 0.0078 0.0164 0.0378 0.0094 0.0609 0.0053 0.0068 0.0186 0.0034 
      H150.1  1 0.0033 0.0021 0.0057 0.6725 0.0063 0.0061 0.0050 0.0155 0.0054 0.0054 0.0042 0.0026 0.0023 0.0053 0.0070 0.0023 0.0040 0.0045 0.0044 0.0055 0.0069 0.2237 
      H150.2  1 0.0088 0.0031 0.0052 0.8304 0.0041 0.0040 0.0064 0.0062 0.0049 0.0024 0.0049 0.0043 0.0048 0.0130 0.0037 0.0044 0.0046 0.0076 0.0046 0.0068 0.0035 0.0625 
      H150.3  1 0.0401 0.0025 0.0066 0.2112 0.0088 0.0082 0.0105 0.0186 0.0077 0.0051 0.0078 0.0029 0.0074 0.0606 0.0059 0.0038 0.0049 0.0147 0.0106 0.0049 0.0048 0.5524 
      H150.4  1 0.0055 0.0018 0.0058 0.1395 0.0064 0.0059 0.0067 0.0080 0.0051 0.0061 0.0053 0.0024 0.0026 0.0138 0.0076 0.0032 0.0043 0.0090 0.0040 0.0049 0.0046 0.7476 
      H150.5  1 0.0045 0.0028 0.0074 0.8401 0.0079 0.0110 0.0083 0.0098 0.0125 0.0035 0.0072 0.0044 0.0045 0.0043 0.0035 0.0032 0.0065 0.0118 0.0045 0.0069 0.0045 0.0308 
      H150.6  1 0.0023 0.0037 0.0093 0.8516 0.0070 0.0049 0.0038 0.0217 0.0042 0.0089 0.0032 0.0050 0.0034 0.0054 0.0030 0.0041 0.0144 0.0059 0.0111 0.0116 0.0075 0.0079 
      H150.7  1 0.0057 0.0021 0.0078 0.2657 0.0033 0.0065 0.0065 0.0079 0.0051 0.0053 0.0047 0.0025 0.0035 0.0174 0.0063 0.0028 0.0078 0.0029 0.0033 0.0049 0.0132 0.6150 
   H169607.1  1 0.0038 0.0026 0.8373 0.0097 0.0031 0.0183 0.0160 0.0121 0.0043 0.0107 0.0045 0.0073 0.0064 0.0180 0.0030 0.0078 0.0042 0.0068 0.0070 0.0071 0.0027 0.0072 
   H169607.2  1 0.0022 0.0032 0.9340 0.0023 0.0027 0.0029 0.0026 0.0032 0.0036 0.0035 0.0037 0.0027 0.0021 0.0034 0.0044 0.0024 0.0021 0.0030 0.0029 0.0055 0.0031 0.0045 
   H169607.3  1 0.0037 0.0044 0.7052 0.0122 0.0066 0.1475 0.0082 0.0132 0.0053 0.0142 0.0087 0.0078 0.0044 0.0119 0.0028 0.0088 0.0095 0.0071 0.0035 0.0044 0.0043 0.0065 
   H169607.4  1 0.0023 0.0034 0.9114 0.0025 0.0027 0.0071 0.0037 0.0036 0.0037 0.0041 0.0044 0.0034 0.0026 0.0059 0.0038 0.0022 0.0022 0.0024 0.0114 0.0093 0.0026 0.0056 
   H169607.5  1 0.0044 0.0034 0.8236 0.0033 0.0027 0.0933 0.0036 0.0053 0.0040 0.0044 0.0059 0.0072 0.0030 0.0045 0.0037 0.0034 0.0043 0.0047 0.0033 0.0028 0.0026 0.0065 
   H169607.6  1 0.0023 0.0027 0.9425 0.0022 0.0020 0.0030 0.0019 0.0027 0.0023 0.0024 0.0032 0.0025 0.0020 0.0032 0.0028 0.0026 0.0028 0.0024 0.0026 0.0045 0.0040 0.0034 
   H169607.7  1 0.0024 0.0031 0.8871 0.0179 0.0022 0.0056 0.0039 0.0043 0.0030 0.0046 0.0036 0.0108 0.0027 0.0048 0.0038 0.0133 0.0034 0.0093 0.0025 0.0040 0.0051 0.0025 
   H169607.8  1 0.0024 0.0042 0.9143 0.0038 0.0058 0.0096 0.0027 0.0039 0.0035 0.0032 0.0042 0.0045 0.0025 0.0037 0.0059 0.0029 0.0030 0.0038 0.0044 0.0038 0.0043 0.0036 
   H169633.1  1 0.0169 0.0054 0.0028 0.0047 0.0054 0.0039 0.0105 0.0124 0.0080 0.0178 0.0055 0.0034 0.8342 0.0042 0.0040 0.0029 0.0058 0.0277 0.0044 0.0099 0.0040 0.0063 
   H169633.2  1 0.0070 0.0063 0.0018 0.0057 0.0086 0.0040 0.1045 0.0166 0.0045 0.0153 0.0033 0.0039 0.7430 0.0024 0.0035 0.0052 0.0098 0.0225 0.0054 0.0106 0.0136 0.0025 
   H169633.3  1 0.0137 0.0092 0.0033 0.0048 0.0073 0.0080 0.0075 0.0072 0.0082 0.0053 0.0240 0.0248 0.8287 0.0050 0.0077 0.0049 0.0052 0.0054 0.0052 0.0049 0.0030 0.0069 
   H169633.4  1 0.0110 0.0067 0.0062 0.0079 0.0054 0.0055 0.0072 0.0103 0.0090 0.0082 0.0149 0.0053 0.8519 0.0048 0.0047 0.0039 0.0067 0.0032 0.0109 0.0037 0.0041 0.0084 
   H169633.5  1 0.0108 0.0052 0.0056 0.0098 0.0053 0.0050 0.0068 0.0089 0.0101 0.0096 0.0147 0.0054 0.8544 0.0045 0.0044 0.0047 0.0084 0.0038 0.0099 0.0031 0.0033 0.0064 
   H169688.1  1 0.0246 0.0106 0.0170 0.0044 0.0046 0.0051 0.0026 0.0106 0.0034 0.0069 0.0169 0.0051 0.0050 0.0245 0.0117 0.0074 0.0162 0.8002 0.0071 0.0062 0.0030 0.0068 
   H169688.2  1 0.0046 0.0033 0.0034 0.0031 0.0118 0.0040 0.0031 0.0052 0.0041 0.0032 0.0066 0.0044 0.0035 0.0026 0.0042 0.0050 0.0043 0.8993 0.0045 0.0092 0.0078 0.0027 
   H169688.3  1 0.0020 0.0021 0.0023 0.0031 0.0057 0.0041 0.0062 0.0035 0.0035 0.0030 0.0034 0.0032 0.0028 0.0029 0.0020 0.0029 0.0026 0.9314 0.0031 0.0033 0.0041 0.0027 
   H169688.4  1 0.0023 0.0024 0.0026 0.0046 0.0040 0.0050 0.0027 0.0028 0.0026 0.0030 0.0028 0.0032 0.0027 0.0026 0.0019 0.0021 0.0023 0.9387 0.0025 0.0020 0.0022 0.0049 
   H169688.5  1 0.0025 0.0021 0.0027 0.0054 0.0042 0.0050 0.0025 0.0027 0.0025 0.0029 0.0029 0.0036 0.0031 0.0026 0.0016 0.0027 0.0025 0.9374 0.0021 0.0024 0.0019 0.0047 
   H169688.6  1 0.0047 0.0047 0.0027 0.0023 0.0024 0.0028 0.0019 0.0050 0.0019 0.0025 0.0053 0.0039 0.0067 0.0035 0.0042 0.0446 0.0049 0.8841 0.0031 0.0028 0.0024 0.0035 
   H169688.7  1 0.0035 0.0022 0.0028 0.0091 0.0093 0.0072 0.0054 0.0213 0.0036 0.0141 0.0036 0.0064 0.0041 0.0112 0.0103 0.0046 0.0045 0.8557 0.0051 0.0058 0.0049 0.0054 
   H171901.1  1 0.0268 0.0026 0.0145 0.0576 0.0051 0.3101 0.0120 0.3158 0.0188 0.0394 0.0750 0.0057 0.0060 0.0064 0.0029 0.0058 0.0312 0.0074 0.0047 0.0072 0.0311 0.0136 
   H171901.2  1 0.0036 0.0037 0.0167 0.0125 0.0041 0.0249 0.0079 0.0130 0.0065 0.0050 0.0113 0.0385 0.6603 0.0076 0.0090 0.0029 0.0081 0.0050 0.0211 0.0154 0.0992 0.0237 
   H171901.3  1 0.0107 0.0066 0.0149 0.0120 0.0065 0.1506 0.0105 0.0418 0.0066 0.0035 0.0194 0.0184 0.6168 0.0071 0.0031 0.0056 0.0099 0.0128 0.0093 0.0178 0.0075 0.0087 
   H171901.4  1 0.0053 0.0047 0.0185 0.0268 0.0050 0.0236 0.0099 0.0183 0.0061 0.0045 0.0051 0.0180 0.6918 0.0075 0.0059 0.0047 0.0074 0.0046 0.0145 0.0299 0.0759 0.0123 
   H171901.5  1 0.0026 0.0055 0.0190 0.0356 0.0114 0.0337 0.0389 0.0641 0.0055 0.0047 0.0068 0.0396 0.5085 0.0175 0.0046 0.0063 0.0181 0.0060 0.0293 0.0956 0.0306 0.0157 
   H171901.6  1 0.0041 0.0054 0.0121 0.0627 0.0131 0.0140 0.0530 0.0913 0.0051 0.0059 0.0273 0.0437 0.3604 0.0194 0.0039 0.0122 0.0395 0.0088 0.0199 0.1602 0.0125 0.0256 
   H171901.7  1 0.0072 0.0085 0.0073 0.0189 0.0054 0.1100 0.0170 0.0332 0.0052 0.0054 0.1606 0.1597 0.3129 0.0043 0.0047 0.0066 0.0410 0.0326 0.0058 0.0389 0.0050 0.0098 
   H171902.1  1 0.0021 0.0032 0.0054 0.0028 0.0031 0.0028 0.0061 0.0030 0.0031 0.0033 0.0030 0.0025 0.0037 0.9286 0.0033 0.0043 0.0031 0.0033 0.0026 0.0052 0.0019 0.0036 
  H171902.10  1 0.0021 0.0021 0.0043 0.0079 0.0024 0.0043 0.0037 0.0038 0.0028 0.0036 0.0032 0.0087 0.0038 0.9189 0.0034 0.0039 0.0038 0.0056 0.0037 0.0021 0.0033 0.0025 
   H171902.2  1 0.0052 0.0027 0.0047 0.0032 0.0029 0.0048 0.0063 0.0050 0.0021 0.0033 0.0051 0.0032 0.0115 0.8936 0.0042 0.0052 0.0053 0.0046 0.0021 0.0180 0.0024 0.0043 
   H171902.3  1 0.0025 0.0032 0.0070 0.0038 0.0032 0.0038 0.0063 0.0049 0.0025 0.0026 0.0036 0.0029 0.0106 0.9090 0.0046 0.0038 0.0038 0.0037 0.0034 0.0070 0.0023 0.0056 
   H171902.4  1 0.0029 0.0023 0.0029 0.0034 0.0034 0.0031 0.0049 0.0033 0.0029 0.0037 0.0045 0.0031 0.0114 0.9238 0.0037 0.0032 0.0039 0.0027 0.0038 0.0024 0.0021 0.0028 
   H171902.6  1 0.0024 0.0020 0.0036 0.0026 0.0024 0.0020 0.0041 0.0040 0.0026 0.0030 0.0033 0.0036 0.0041 0.9384 0.0026 0.0026 0.0034 0.0023 0.0032 0.0022 0.0025 0.0031 
   H171902.7  1 0.0019 0.0022 0.0254 0.0121 0.0036 0.0235 0.0048 0.0071 0.0036 0.0039 0.0104 0.0072 0.0062 0.8545 0.0038 0.0039 0.0045 0.0040 0.0049 0.0025 0.0070 0.0030 
   H171902.8  1 0.0026 0.0027 0.0040 0.0040 0.0028 0.0041 0.0061 0.0040 0.0021 0.0038 0.0054 0.0040 0.0062 0.9194 0.0031 0.0035 0.0045 0.0027 0.0039 0.0041 0.0025 0.0046 
   H171902.9  1 0.0027 0.0024 0.0064 0.0039 0.0032 0.0040 0.0039 0.0033 0.0037 0.0040 0.0040 0.0032 0.0030 0.9260 0.0034 0.0022 0.0023 0.0028 0.0026 0.0033 0.0026 0.0071 
   H171903.1  1 0.0034 0.0062 0.4412 0.0285 0.0035 0.3836 0.0056 0.0173 0.0044 0.0043 0.0066 0.0231 0.0043 0.0043 0.0069 0.0049 0.0039 0.0100 0.0053 0.0064 0.0091 0.0174 
   H171903.2  1 0.0027 0.0074 0.0345 0.0085 0.0046 0.8156 0.0037 0.0092 0.0095 0.0076 0.0049 0.0157 0.0028 0.0041 0.0048 0.0040 0.0033 0.0021 0.0083 0.0108 0.0256 0.0100 
   H171903.3  1 0.0024 0.0135 0.0088 0.0039 0.0075 0.8507 0.0215 0.0068 0.0029 0.0039 0.0156 0.0046 0.0039 0.0028 0.0037 0.0034 0.0038 0.0043 0.0145 0.0030 0.0144 0.0041 
   H171903.4  1 0.0032 0.0042 0.1445 0.0223 0.0043 0.6055 0.0087 0.0264 0.0051 0.0078 0.0276 0.0158 0.0043 0.0272 0.0029 0.0038 0.0048 0.0515 0.0094 0.0069 0.0043 0.0094 
   H171903.5  1 0.0024 0.0036 0.0043 0.0041 0.0064 0.8939 0.0084 0.0094 0.0033 0.0036 0.0037 0.0043 0.0083 0.0041 0.0033 0.0044 0.0043 0.0116 0.0026 0.0038 0.0054 0.0047 
   H171903.6  1 0.0022 0.0038 0.0478 0.0074 0.0036 0.7815 0.0038 0.0067 0.0022 0.0030 0.0048 0.0189 0.0073 0.0046 0.0026 0.0052 0.0036 0.0783 0.0032 0.0032 0.0026 0.0038 
      H177.1  1 0.0052 0.0039 0.0057 0.0056 0.0032 0.0040 0.0036 0.0050 0.0034 0.0037 0.0129 0.8955 0.0043 0.0036 0.0037 0.0061 0.0041 0.0059 0.0076 0.0029 0.0024 0.0076 
      H177.2  1 0.0025 0.0031 0.0110 0.0118 0.0090 0.0129 0.0079 0.0248 0.0110 0.0802 0.0046 0.7063 0.0101 0.0039 0.0163 0.0217 0.0238 0.0057 0.0190 0.0049 0.0034 0.0061 
      H177.3  1 0.0018 0.0045 0.0039 0.0040 0.0031 0.0089 0.0046 0.0038 0.0040 0.0131 0.0045 0.9055 0.0064 0.0047 0.0030 0.0036 0.0051 0.0025 0.0046 0.0024 0.0026 0.0034 
      H177.4  1 0.0022 0.0150 0.0051 0.0032 0.0062 0.0144 0.0098 0.0175 0.0099 0.0066 0.0275 0.7863 0.0046 0.0045 0.0069 0.0466 0.0076 0.0033 0.0047 0.0068 0.0080 0.0034 
      H177.5  1 0.0030 0.0033 0.0038 0.0069 0.0112 0.0071 0.0120 0.0135 0.0100 0.0108 0.0370 0.8022 0.0029 0.0036 0.0136 0.0084 0.0060 0.0101 0.0104 0.0109 0.0059 0.0072 
      H177.6  1 0.0024 0.0032 0.0024 0.0041 0.0049 0.0055 0.0081 0.0052 0.0032 0.0076 0.0041 0.9008 0.0120 0.0053 0.0041 0.0061 0.0048 0.0030 0.0045 0.0030 0.0022 0.0034 
      H179.1  1 0.0090 0.0024 0.0056 0.0049 0.0485 0.0061 0.0084 0.0072 0.0060 0.0019 0.0109 0.0083 0.0041 0.0041 0.0055 0.8130 0.0046 0.0192 0.0040 0.0105 0.0054 0.0104 
      H179.2  1 0.0032 0.0185 0.0057 0.0089 0.0466 0.0081 0.0343 0.0147 0.0043 0.0030 0.0069 0.0057 0.0048 0.0060 0.0031 0.7678 0.0102 0.0174 0.0101 0.0062 0.0059 0.0085 
      H179.3  1 0.0063 0.0043 0.0100 0.0122 0.0127 0.0233 0.0093 0.0150 0.0068 0.0031 0.0242 0.0158 0.0037 0.0048 0.0056 0.6798 0.0072 0.1071 0.0055 0.0175 0.0030 0.0226 
      H179.4  1 0.0044 0.0550 0.0078 0.0043 0.0112 0.0296 0.0145 0.0374 0.0061 0.0049 0.0274 0.0128 0.0145 0.0043 0.0073 0.6323 0.0066 0.0233 0.0335 0.0508 0.0067 0.0052 
      H180.1  1 0.0063 0.0030 0.0048 0.8718 0.0042 0.0040 0.0072 0.0064 0.0031 0.0026 0.0022 0.0097 0.0027 0.0066 0.0029 0.0195 0.0226 0.0036 0.0033 0.0034 0.0045 0.0054 
      H180.2  1 0.0076 0.0027 0.0023 0.9135 0.0053 0.0038 0.0037 0.0050 0.0022 0.0037 0.0035 0.0097 0.0031 0.0033 0.0036 0.0046 0.0055 0.0036 0.0026 0.0037 0.0036 0.0034 
      H180.3  1 0.0040 0.0034 0.0053 0.9020 0.0068 0.0044 0.0083 0.0077 0.0028 0.0049 0.0046 0.0042 0.0041 0.0027 0.0047 0.0046 0.0031 0.0046 0.0020 0.0038 0.0033 0.0085 
      H180.4  1 0.0068 0.0027 0.0036 0.8943 0.0051 0.0052 0.0037 0.0054 0.0038 0.0028 0.0037 0.0072 0.0057 0.0046 0.0050 0.0084 0.0112 0.0030 0.0032 0.0050 0.0054 0.0042 
      H180.5  1 0.0031 0.0032 0.0027 0.9028 0.0025 0.0037 0.0030 0.0052 0.0028 0.0038 0.0040 0.0110 0.0034 0.0034 0.0074 0.0100 0.0112 0.0040 0.0026 0.0049 0.0024 0.0027 
      H180.6  1 0.0034 0.0037 0.0043 0.8687 0.0038 0.0053 0.0047 0.0095 0.0028 0.0162 0.0070 0.0041 0.0101 0.0048 0.0190 0.0074 0.0037 0.0029 0.0022 0.0059 0.0046 0.0058 
      H181.1  1 0.0032 0.0032 0.0063 0.0050 0.0031 0.0180 0.0036 0.0057 0.0025 0.0039 0.0053 0.0050 0.0164 0.0049 0.0057 0.0052 0.8841 0.0037 0.0024 0.0022 0.0077 0.0029 
      H181.2  1 0.0041 0.0033 0.0033 0.0042 0.0038 0.0028 0.0047 0.0042 0.0031 0.0067 0.0042 0.0095 0.0056 0.0069 0.0067 0.0075 0.8960 0.0027 0.0052 0.0085 0.0039 0.0032 
      H181.3  1 0.0049 0.0022 0.0039 0.0033 0.0022 0.0030 0.0032 0.0062 0.0045 0.0037 0.0035 0.0049 0.0093 0.0087 0.0075 0.0035 0.9040 0.0036 0.0049 0.0035 0.0046 0.0048 
      H181.4  1 0.0040 0.0037 0.0060 0.0131 0.0070 0.0085 0.0040 0.0272 0.0057 0.0048 0.0056 0.0070 0.0228 0.0068 0.0323 0.0039 0.7861 0.0075 0.0055 0.0168 0.0063 0.0153 
      H181.5  1 0.0051 0.0037 0.0029 0.0030 0.0052 0.0029 0.0049 0.0048 0.0034 0.0025 0.0054 0.0036 0.0037 0.0036 0.0034 0.0119 0.9079 0.0041 0.0033 0.0034 0.0074 0.0039 
      H181.6  1 0.0034 0.0051 0.0048 0.0073 0.0054 0.0037 0.0087 0.0052 0.0033 0.0036 0.0068 0.0078 0.0042 0.0053 0.0034 0.0164 0.8811 0.0029 0.0036 0.0073 0.0053 0.0053 
      H181.7  1 0.0029 0.0053 0.0046 0.0039 0.0049 0.0044 0.0041 0.0052 0.0040 0.0039 0.0041 0.0040 0.0039 0.0036 0.0041 0.0114 0.9051 0.0045 0.0026 0.0037 0.0057 0.0043 
 H194.1_2004  1 0.0024 0.0035 0.0060 0.0043 0.0043 0.0081 0.0074 0.0041 0.0038 0.0030 0.9139 0.0045 0.0047 0.0046 0.0033 0.0024 0.0023 0.0050 0.0029 0.0036 0.0018 0.0042 
 H194.2_2004  1 0.0031 0.0022 0.0082 0.0025 0.0022 0.0048 0.0037 0.0039 0.0026 0.0047 0.9307 0.0027 0.0025 0.0032 0.0030 0.0024 0.0038 0.0026 0.0030 0.0027 0.0023 0.0031 
 H194.3_2004  1 0.0024 0.0044 0.0043 0.0036 0.0534 0.0075 0.0120 0.0102 0.0033 0.0067 0.8064 0.0128 0.0178 0.0059 0.0056 0.0094 0.0057 0.0066 0.0081 0.0068 0.0033 0.0037 
 H194.4_2004  1 0.0031 0.0031 0.0035 0.0030 0.0032 0.0047 0.0055 0.0035 0.0023 0.0084 0.9087 0.0084 0.0060 0.0053 0.0040 0.0036 0.0046 0.0026 0.0040 0.0055 0.0037 0.0036 
 H194.5_2004  1 0.0023 0.0057 0.0076 0.0032 0.0190 0.0067 0.0094 0.0051 0.0039 0.0036 0.8680 0.0052 0.0094 0.0054 0.0083 0.0052 0.0044 0.0051 0.0062 0.0096 0.0034 0.0032 
 H194.6_2004  1 0.0028 0.0109 0.0046 0.0050 0.0431 0.0180 0.0094 0.0070 0.0029 0.0047 0.7718 0.0459 0.0159 0.0079 0.0068 0.0063 0.0056 0.0064 0.0070 0.0105 0.0024 0.0049 
 H194.7_2004  1 0.0033 0.0028 0.0044 0.0032 0.0037 0.0079 0.0027 0.0036 0.0033 0.0043 0.9291 0.0046 0.0034 0.0022 0.0032 0.0022 0.0032 0.0027 0.0024 0.0026 0.0026 0.0026 
 H194.8_2004  1 0.0035 0.0042 0.0050 0.0023 0.0039 0.0043 0.0055 0.0051 0.0026 0.0062 0.9046 0.0064 0.0069 0.0041 0.0047 0.0032 0.0044 0.0034 0.0048 0.0071 0.0037 0.0040 
      H194.9  1 0.0043 0.0033 0.0041 0.0027 0.0025 0.0040 0.0035 0.0035 0.0026 0.0044 0.9225 0.0041 0.0036 0.0036 0.0049 0.0020 0.0035 0.0032 0.0034 0.0081 0.0025 0.0040 
 H195.1_2003  1 0.0020 0.0018 0.0028 0.0022 0.0028 0.0027 0.0043 0.0030 0.0024 0.0024 0.0045 0.0029 0.0025 0.0028 0.0024 0.0023 0.0019 0.0021 0.0029 0.9449 0.0026 0.0021 
 H195.1_2004  1 0.0027 0.0030 0.0021 0.0041 0.0028 0.0031 0.0046 0.0044 0.0043 0.9064 0.0028 0.0111 0.0065 0.0040 0.0030 0.0021 0.0068 0.0031 0.0097 0.0082 0.0020 0.0031 
 H195.2_2003  1 0.0024 0.0033 0.0076 0.0042 0.0030 0.0044 0.0051 0.0052 0.0033 0.0074 0.0054 0.0035 0.0032 0.0073 0.0103 0.0025 0.0046 0.0363 0.0093 0.8590 0.0047 0.0079 
 H195.2_2004  1 0.0024 0.0030 0.0031 0.0036 0.0041 0.0031 0.0050 0.0064 0.0027 0.7633 0.0063 0.0043 0.0055 0.0033 0.0081 0.0036 0.0033 0.0130 0.0056 0.1445 0.0029 0.0031 
 H195.3_2003  1 0.0067 0.0032 0.0115 0.0057 0.0079 0.0076 0.0030 0.0078 0.0047 0.0040 0.0105 0.0049 0.0026 0.0035 0.0105 0.0021 0.0070 0.0246 0.0059 0.8262 0.0093 0.0309 
 H195.3_2004  1 0.0033 0.0038 0.0027 0.0030 0.0030 0.0031 0.0068 0.0055 0.0032 0.6846 0.0062 0.0091 0.0183 0.0070 0.0050 0.0029 0.0054 0.0033 0.0116 0.2060 0.0035 0.0026 
 H195.4_2003  1 0.0024 0.0028 0.0031 0.0033 0.0025 0.0027 0.0140 0.0057 0.0041 0.0447 0.0074 0.0047 0.0120 0.0029 0.0030 0.0036 0.0033 0.0017 0.0031 0.8679 0.0027 0.0024 
 H195.4_2004  1 0.0040 0.0074 0.0047 0.0028 0.0031 0.0044 0.0032 0.0055 0.0028 0.8493 0.0063 0.0058 0.0043 0.0033 0.0050 0.0039 0.0036 0.0123 0.0047 0.0588 0.0021 0.0028 
 H195.5_2003  1 0.0071 0.0052 0.0025 0.0066 0.0025 0.0025 0.0037 0.0036 0.0058 0.0038 0.0033 0.0031 0.0055 0.0031 0.0029 0.0029 0.0028 0.0020 0.0126 0.9110 0.0028 0.0047 
 H195.5_2004  1 0.0080 0.0046 0.0025 0.0040 0.0033 0.0029 0.0028 0.0048 0.0029 0.8858 0.0036 0.0060 0.0039 0.0030 0.0024 0.0034 0.0040 0.0035 0.0051 0.0355 0.0048 0.0032 
 H195.6_2003  1 0.0025 0.0044 0.0134 0.0040 0.0025 0.0041 0.0035 0.0105 0.0075 0.0382 0.0030 0.0031 0.0027 0.0052 0.0049 0.0032 0.0047 0.0125 0.0079 0.8464 0.0039 0.0119 
 H195.6_2004  1 0.0040 0.0039 0.0071 0.0024 0.0049 0.0037 0.0033 0.0043 0.0035 0.7809 0.0080 0.0043 0.0046 0.0037 0.0040 0.0041 0.0034 0.0046 0.0059 0.1321 0.0047 0.0023 
 H195.7_2003  1 0.0024 0.0034 0.0056 0.0025 0.0036 0.0032 0.0040 0.0067 0.0038 0.0201 0.0045 0.0034 0.0034 0.0023 0.0036 0.0028 0.0053 0.0419 0.0028 0.8682 0.0042 0.0023 
 H195.7_2004  1 0.0037 0.0025 0.0028 0.0079 0.0029 0.0028 0.0022 0.0038 0.0032 0.9186 0.0034 0.0031 0.0026 0.0024 0.0031 0.0025 0.0032 0.0074 0.0043 0.0091 0.0022 0.0065 
      H195.8  1 0.0032 0.0043 0.0030 0.0036 0.0021 0.0032 0.0027 0.0040 0.0029 0.9339 0.0033 0.0036 0.0032 0.0027 0.0022 0.0023 0.0039 0.0032 0.0036 0.0040 0.0023 0.0028 
      H195.9  1 0.0023 0.0099 0.0058 0.0049 0.0061 0.0041 0.0038 0.0101 0.0030 0.7967 0.0117 0.0196 0.0099 0.0031 0.0049 0.0033 0.0042 0.0049 0.0072 0.0793 0.0024 0.0026 
      H415.1  1 0.0058 0.0019 0.0031 0.0104 0.0062 0.0052 0.8812 0.0053 0.0039 0.0037 0.0070 0.0056 0.0081 0.0042 0.0030 0.0037 0.0037 0.0097 0.0050 0.0040 0.0037 0.0156 
      H415.2  1 0.0033 0.0029 0.0127 0.0063 0.0086 0.0394 0.7242 0.0199 0.0171 0.0044 0.0153 0.0402 0.0043 0.0365 0.0057 0.0102 0.0048 0.0106 0.0107 0.0033 0.0045 0.0151 
      H415.3  1 0.0032 0.0023 0.0036 0.0044 0.0031 0.0037 0.9071 0.0041 0.0048 0.0030 0.0028 0.0050 0.0070 0.0043 0.0038 0.0139 0.0053 0.0053 0.0041 0.0034 0.0026 0.0033 
      H415.4  1 0.0023 0.0024 0.0026 0.0052 0.0059 0.0029 0.9235 0.0035 0.0028 0.0037 0.0050 0.0028 0.0054 0.0038 0.0023 0.0025 0.0028 0.0025 0.0048 0.0053 0.0039 0.0041 
      H415.5  1 0.0025 0.0023 0.0022 0.0033 0.0035 0.0035 0.9326 0.0032 0.0025 0.0035 0.0028 0.0038 0.0056 0.0052 0.0024 0.0035 0.0029 0.0028 0.0029 0.0040 0.0028 0.0022 
      H415.6  1 0.0019 0.0022 0.0029 0.0044 0.0046 0.0029 0.9267 0.0035 0.0024 0.0038 0.0043 0.0024 0.0041 0.0045 0.0027 0.0028 0.0030 0.0025 0.0044 0.0052 0.0032 0.0055 
      H415.7  1 0.0026 0.0048 0.0188 0.0042 0.0030 0.0241 0.7972 0.0116 0.0091 0.0053 0.0091 0.0188 0.0060 0.0264 0.0068 0.0132 0.0044 0.0071 0.0085 0.0097 0.0030 0.0064 
      H506.1  1 0.0027 0.0033 0.0028 0.0024 0.0049 0.0019 0.0022 0.0027 0.0036 0.0032 0.0021 0.0025 0.0037 0.0025 0.0047 0.9390 0.0040 0.0022 0.0020 0.0030 0.0028 0.0020 
      H506.2  1 0.0019 0.0030 0.0031 0.0024 0.0046 0.0024 0.0038 0.0034 0.0029 0.0090 0.0031 0.0077 0.0040 0.0023 0.0032 0.9230 0.0055 0.0024 0.0034 0.0038 0.0031 0.0020 
      H506.3  1 0.0024 0.0042 0.0037 0.0045 0.0098 0.0046 0.0046 0.0058 0.0043 0.0082 0.0035 0.0194 0.0040 0.0039 0.0051 0.8620 0.0194 0.0104 0.0074 0.0048 0.0040 0.0041 
      H506.4  1 0.0026 0.0123 0.0039 0.0052 0.0047 0.0089 0.0055 0.0047 0.0050 0.0028 0.0030 0.0082 0.0050 0.0054 0.0033 0.8957 0.0066 0.0036 0.0029 0.0042 0.0025 0.0039 
      H506.5  1 0.0025 0.0072 0.0054 0.0026 0.0041 0.0039 0.0062 0.0049 0.0037 0.0047 0.0025 0.0064 0.0044 0.0044 0.0027 0.9093 0.0063 0.0021 0.0044 0.0065 0.0030 0.0028 
      H506.6  1 0.0025 0.0074 0.0114 0.0040 0.0036 0.0188 0.0078 0.0137 0.0059 0.0186 0.0046 0.1102 0.0045 0.0037 0.0028 0.7313 0.0099 0.0083 0.0131 0.0104 0.0029 0.0046 
      H506.7  1 0.0022 0.0031 0.0027 0.0022 0.0043 0.0021 0.0030 0.0031 0.0035 0.0048 0.0025 0.0054 0.0042 0.0021 0.0036 0.9289 0.0060 0.0022 0.0040 0.0044 0.0042 0.0016 
      H533.1  1 0.0028 0.0028 0.0026 0.0057 0.0063 0.0034 0.0035 0.0046 0.0024 0.0036 0.0022 0.0027 0.0063 0.0022 0.0025 0.9178 0.0111 0.0022 0.0025 0.0020 0.0092 0.0017 
      H533.2  1 0.0025 0.0027 0.0028 0.0065 0.0066 0.0036 0.0034 0.0038 0.0027 0.0031 0.0025 0.0034 0.0110 0.0024 0.0020 0.9079 0.0139 0.0020 0.0028 0.0021 0.0103 0.0020 
      H533.3  1 0.0021 0.0026 0.0058 0.0030 0.0037 0.0086 0.0032 0.0048 0.0029 0.0043 0.0031 0.0034 0.0052 0.0019 0.0047 0.9244 0.0033 0.0027 0.0022 0.0019 0.0036 0.0028 
      H533.4  1 0.0033 0.0091 0.0189 0.0043 0.0027 0.0085 0.0065 0.0097 0.0028 0.0158 0.0141 0.0064 0.0079 0.0034 0.0051 0.8474 0.0072 0.0025 0.0045 0.0115 0.0044 0.0041 
      H535.1  1 0.0029 0.9329 0.0033 0.0030 0.0031 0.0043 0.0032 0.0026 0.0021 0.0028 0.0036 0.0054 0.0029 0.0035 0.0027 0.0025 0.0039 0.0022 0.0028 0.0035 0.0026 0.0040 
      H535.2  1 0.0023 0.9317 0.0033 0.0027 0.0041 0.0034 0.0024 0.0043 0.0033 0.0040 0.0031 0.0047 0.0026 0.0025 0.0030 0.0038 0.0052 0.0021 0.0039 0.0026 0.0029 0.0020 
      H535.3  1 0.0034 0.9401 0.0029 0.0025 0.0036 0.0025 0.0022 0.0031 0.0026 0.0038 0.0025 0.0028 0.0025 0.0024 0.0036 0.0032 0.0036 0.0020 0.0022 0.0030 0.0034 0.0019 
      H535.4  1 0.0026 0.9410 0.0027 0.0022 0.0031 0.0027 0.0027 0.0030 0.0032 0.0032 0.0026 0.0031 0.0039 0.0023 0.0025 0.0030 0.0022 0.0020 0.0027 0.0041 0.0031 0.0021 
      H535.5  1 0.0017 0.9426 0.0031 0.0020 0.0032 0.0036 0.0031 0.0026 0.0021 0.0023 0.0032 0.0033 0.0029 0.0026 0.0023 0.0025 0.0029 0.0021 0.0026 0.0042 0.0030 0.0022 
      H535.6  1 0.0031 0.9075 0.0093 0.0056 0.0043 0.0035 0.0035 0.0054 0.0024 0.0037 0.0043 0.0035 0.0026 0.0088 0.0034 0.0028 0.0048 0.0023 0.0031 0.0063 0.0022 0.0074 
      H535.7  1 0.0021 0.9525 0.0021 0.0022 0.0025 0.0028 0.0025 0.0025 0.0020 0.0021 0.0029 0.0022 0.0027 0.0018 0.0020 0.0026 0.0019 0.0022 0.0023 0.0023 0.0020 0.0019 
      H535.8  1 0.0024 0.9348 0.0050 0.0020 0.0041 0.0033 0.0030 0.0028 0.0025 0.0022 0.0038 0.0022 0.0028 0.0024 0.0038 0.0026 0.0032 0.0025 0.0030 0.0058 0.0028 0.0029 
      H535.9  1 0.0023 0.9400 0.0029 0.0033 0.0028 0.0029 0.0026 0.0038 0.0023 0.0022 0.0024 0.0044 0.0023 0.0034 0.0026 0.0033 0.0038 0.0021 0.0022 0.0031 0.0024 0.0028 
      H539.1  1 0.0030 0.0024 0.0033 0.0050 0.0022 0.0043 0.0037 0.0029 0.0024 0.0023 0.0032 0.0035 0.0019 0.0054 0.0029 0.0018 0.0029 0.0022 0.0024 0.0028 0.0025 0.9371 
      H539.2  1 0.0350 0.0107 0.0304 0.1227 0.0056 0.0965 0.0053 0.0324 0.0059 0.0048 0.0120 0.0233 0.0048 0.0054 0.0052 0.0044 0.0052 0.0235 0.0209 0.0062 0.0037 0.5363 
      H539.3  1 0.0072 0.0106 0.0202 0.0080 0.0035 0.0194 0.0046 0.0087 0.0033 0.0049 0.0185 0.0082 0.0030 0.0044 0.0039 0.0028 0.0032 0.0083 0.0078 0.0125 0.0027 0.8343 
      H539.4  1 0.0040 0.0031 0.0034 0.0501 0.0056 0.0187 0.0048 0.0084 0.0045 0.0033 0.0025 0.0062 0.0038 0.0043 0.0024 0.0038 0.0029 0.0064 0.0070 0.0031 0.0031 0.8487 
      H539.5  1 0.0027 0.0038 0.0047 0.0065 0.0033 0.0031 0.0021 0.0035 0.0023 0.0026 0.0045 0.0038 0.0021 0.0040 0.0052 0.0027 0.0030 0.0034 0.0024 0.0024 0.0025 0.9295 
      H539.6  1 0.0031 0.0024 0.0085 0.0133 0.0032 0.0039 0.0025 0.0031 0.0023 0.0038 0.0030 0.0038 0.0020 0.0061 0.0029 0.0025 0.0031 0.0030 0.0031 0.0035 0.0031 0.9179 
      H539.7  1 0.0048 0.0030 0.0032 0.0100 0.0033 0.0052 0.0037 0.0039 0.0033 0.0024 0.0043 0.0039 0.0029 0.0041 0.0020 0.0026 0.0029 0.0052 0.0020 0.0039 0.0026 0.9207 
      H539.8  1 0.0198 0.0222 0.0071 0.0769 0.0072 0.0165 0.0034 0.0102 0.0034 0.0029 0.0120 0.0077 0.0041 0.0052 0.0041 0.0046 0.0037 0.0165 0.0077 0.0137 0.0044 0.7465 
      H539.9  1 0.0026 0.0026 0.0036 0.0122 0.0044 0.0102 0.0031 0.0035 0.0031 0.0032 0.0027 0.0037 0.0026 0.0029 0.0028 0.0028 0.0028 0.0053 0.0037 0.0023 0.0042 0.9158 
      H540.1  1 0.0021 0.0048 0.0633 0.0047 0.0037 0.0186 0.0041 0.0133 0.0064 0.0100 0.0063 0.0075 0.0031 0.0050 0.0071 0.0041 0.0073 0.0043 0.0040 0.0032 0.0038 0.8133 
      H540.2  1 0.0027 0.0022 0.0094 0.0047 0.0036 0.0085 0.0048 0.0040 0.0044 0.0039 0.0082 0.0046 0.0038 0.0038 0.0055 0.0031 0.0048 0.0054 0.0035 0.0024 0.0027 0.9040 
      H540.3  1 0.0144 0.0042 0.0060 0.0132 0.0107 0.0144 0.0179 0.0378 0.0065 0.0144 0.0284 0.0140 0.0205 0.0059 0.0059 0.0050 0.0066 0.0079 0.0173 0.0038 0.0047 0.7404 
      H540.4  1 0.0081 0.0059 0.0113 0.0213 0.0050 0.0115 0.0067 0.0104 0.0098 0.0043 0.0038 0.0079 0.0037 0.0080 0.0039 0.0045 0.0218 0.0102 0.0041 0.0034 0.0031 0.8313 
      H540.5  1 0.0037 0.0026 0.0044 0.0038 0.0072 0.0118 0.0064 0.0052 0.0038 0.0032 0.0069 0.0070 0.0062 0.0055 0.0047 0.0029 0.0063 0.0091 0.0080 0.0020 0.0027 0.8868 
      H540.6  1 0.0041 0.0047 0.0298 0.0045 0.0071 0.0328 0.0054 0.0177 0.0095 0.0087 0.0058 0.0143 0.0067 0.0086 0.0082 0.0044 0.0217 0.0091 0.0075 0.0023 0.0050 0.7820 
      H540.7  1 0.0071 0.0032 0.0103 0.0082 0.0052 0.0075 0.0128 0.0093 0.0087 0.0050 0.0080 0.0090 0.0137 0.0053 0.0231 0.0095 0.0161 0.0046 0.0056 0.0063 0.0023 0.8194 
      H540.8  1 0.0038 0.0056 0.0145 0.0069 0.0051 0.1475 0.0166 0.0236 0.0036 0.0047 0.0496 0.0104 0.0061 0.0166 0.0071 0.0034 0.0083 0.0066 0.0038 0.0054 0.0026 0.6484 
     H9558.1  1 0.0032 0.0081 0.0055 0.0036 0.0030 0.0032 0.0039 0.0034 0.0022 0.0022 0.0044 0.0023 0.0021 0.0096 0.0019 0.0061 0.0038 0.0042 0.0023 0.0040 0.0069 0.9143 
     H9558.2  1 0.0058 0.0097 0.0081 0.0033 0.0062 0.0036 0.0084 0.0107 0.0071 0.0025 0.0105 0.0033 0.0045 0.0080 0.0127 0.0090 0.0209 0.0069 0.0054 0.0145 0.0126 0.8262 
     H9558.3  1 0.0070 0.0048 0.0056 0.0038 0.0060 0.0032 0.0052 0.0046 0.0080 0.0025 0.0071 0.0028 0.0026 0.0026 0.0151 0.0028 0.0086 0.0041 0.0076 0.0059 0.0352 0.8550 
     H9558.4  1 0.0048 0.0072 0.0039 0.0026 0.0026 0.0040 0.0043 0.0047 0.0022 0.0020 0.0041 0.0025 0.0019 0.0038 0.0028 0.0057 0.0047 0.0081 0.0027 0.0027 0.0040 0.9187 
     H9558.5  1 0.0076 0.0054 0.0027 0.0073 0.0035 0.0043 0.0032 0.0048 0.0044 0.0017 0.0024 0.0030 0.0030 0.0022 0.0030 0.0032 0.0040 0.0075 0.0053 0.0020 0.0040 0.9155 
     H9558.6  1 0.0032 0.0054 0.0042 0.0033 0.0070 0.0060 0.0058 0.0168 0.0054 0.0024 0.0087 0.0041 0.0041 0.0051 0.0071 0.0029 0.0039 0.0031 0.0064 0.0044 0.0174 0.8735 
    kos339.1  1 0.0030 0.0061 0.0072 0.0054 0.0053 0.0066 0.0145 0.0093 0.0177 0.0024 0.0029 0.0068 0.8161 0.0065 0.0305 0.0293 0.0096 0.0029 0.0043 0.0029 0.0059 0.0047 
    kos339.2  1 0.0030 0.0044 0.0037 0.0042 0.0043 0.0032 0.0065 0.0066 0.0085 0.0076 0.0035 0.0051 0.8896 0.0045 0.0069 0.0110 0.0037 0.0047 0.0059 0.0041 0.0053 0.0038 
    kos339.3  1 0.0030 0.0049 0.0050 0.0029 0.0030 0.0029 0.0044 0.0035 0.0020 0.0027 0.0032 0.0036 0.9315 0.0031 0.0029 0.0047 0.0033 0.0026 0.0022 0.0038 0.0022 0.0025 
    kos339.4  1 0.0038 0.0046 0.0043 0.0032 0.0029 0.0035 0.0062 0.0025 0.0022 0.0033 0.0038 0.0034 0.9262 0.0035 0.0030 0.0042 0.0036 0.0029 0.0026 0.0046 0.0024 0.0034 
    kos339.5  1 0.0033 0.0029 0.0031 0.0044 0.0041 0.0029 0.0044 0.0061 0.0077 0.0026 0.0033 0.0070 0.8526 0.0060 0.0537 0.0131 0.0071 0.0026 0.0030 0.0029 0.0035 0.0039 
    kos339.6  1 0.0026 0.0026 0.0028 0.0024 0.0039 0.0028 0.0047 0.0039 0.0055 0.0062 0.0056 0.0058 0.9099 0.0030 0.0119 0.0081 0.0031 0.0032 0.0035 0.0022 0.0031 0.0032 
    kos339.7  1 0.0023 0.0106 0.0041 0.0039 0.0029 0.0030 0.0046 0.0045 0.0024 0.0026 0.0035 0.0038 0.9245 0.0035 0.0023 0.0040 0.0037 0.0028 0.0031 0.0038 0.0021 0.0021 
    kos339.8  1 0.0028 0.0028 0.0031 0.0030 0.0035 0.0027 0.0088 0.0049 0.0065 0.0039 0.0026 0.0045 0.9010 0.0035 0.0056 0.0200 0.0037 0.0032 0.0039 0.0046 0.0031 0.0024 
    kos339.9  1 0.0026 0.0041 0.0080 0.0121 0.0103 0.0062 0.0117 0.0096 0.0041 0.0069 0.0057 0.0172 0.7896 0.0278 0.0254 0.0083 0.0120 0.0047 0.0080 0.0058 0.0057 0.0141 
      H409.1 12 0.0033 0.0025 0.0020 0.0022 0.9311 0.0024 0.0038 0.0033 0.0036 0.0036 0.0042 0.0036 0.0049 0.0028 0.0044 0.0038 0.0048 0.0033 0.0028 0.0027 0.0027 0.0022 
     H409.10 12 0.0082 0.0027 0.0062 0.0067 0.8457 0.0025 0.0059 0.0063 0.0059 0.0038 0.0026 0.0040 0.0048 0.0049 0.0048 0.0363 0.0129 0.0139 0.0072 0.0061 0.0026 0.0060 
      H409.2 12 0.0024 0.0078 0.0025 0.0030 0.8972 0.0046 0.0128 0.0055 0.0026 0.0032 0.0046 0.0047 0.0054 0.0048 0.0029 0.0047 0.0041 0.0044 0.0118 0.0041 0.0029 0.0040 
      H409.3 12 0.0033 0.0037 0.0029 0.0033 0.9239 0.0038 0.0028 0.0042 0.0028 0.0039 0.0057 0.0042 0.0033 0.0026 0.0045 0.0039 0.0027 0.0035 0.0048 0.0032 0.0038 0.0032 
      H409.4 12 0.0028 0.0034 0.0023 0.0028 0.9351 0.0024 0.0026 0.0033 0.0022 0.0029 0.0056 0.0024 0.0031 0.0023 0.0034 0.0028 0.0029 0.0036 0.0046 0.0029 0.0041 0.0026 
      H409.5 12 0.0023 0.0042 0.0043 0.0040 0.9269 0.0046 0.0045 0.0050 0.0029 0.0028 0.0032 0.0034 0.0024 0.0038 0.0039 0.0037 0.0031 0.0024 0.0036 0.0028 0.0030 0.0033 
      H409.6 12 0.0093 0.0065 0.0068 0.0083 0.8099 0.0205 0.0031 0.0149 0.0063 0.0054 0.0080 0.0045 0.0023 0.0046 0.0118 0.0079 0.0085 0.0048 0.0057 0.0021 0.0436 0.0052 
      H409.7 12 0.0025 0.0025 0.0023 0.0024 0.9150 0.0025 0.0039 0.0048 0.0047 0.0046 0.0059 0.0036 0.0068 0.0039 0.0044 0.0041 0.0063 0.0037 0.0054 0.0036 0.0050 0.0023 
      H409.8 12 0.0049 0.0022 0.0042 0.0037 0.9242 0.0043 0.0041 0.0037 0.0047 0.0028 0.0036 0.0029 0.0033 0.0033 0.0055 0.0058 0.0035 0.0028 0.0028 0.0030 0.0023 0.0024 
      H409.9 12 0.0181 0.0069 0.0133 0.0155 0.4351 0.0137 0.0103 0.0363 0.0249 0.0061 0.0036 0.0201 0.0027 0.0038 0.0036 0.0922 0.0144 0.0039 0.0072 0.0043 0.0042 0.2598 
      H413.1 12 0.9332 0.0027 0.0025 0.0046 0.0033 0.0026 0.0021 0.0030 0.0047 0.0020 0.0029 0.0027 0.0032 0.0022 0.0043 0.0018 0.0058 0.0028 0.0034 0.0036 0.0041 0.0025 
      H413.2 12 0.9410 0.0031 0.0021 0.0031 0.0023 0.0022 0.0021 0.0028 0.0025 0.0017 0.0034 0.0021 0.0034 0.0025 0.0031 0.0027 0.0035 0.0021 0.0024 0.0038 0.0056 0.0025 
      H413.3 12 0.9370 0.0020 0.0029 0.0028 0.0034 0.0026 0.0025 0.0033 0.0054 0.0019 0.0041 0.0020 0.0020 0.0029 0.0028 0.0025 0.0039 0.0036 0.0028 0.0024 0.0033 0.0039 
      H413.4 12 0.9081 0.0022 0.0028 0.0044 0.0057 0.0024 0.0026 0.0039 0.0107 0.0034 0.0051 0.0042 0.0042 0.0030 0.0069 0.0048 0.0047 0.0019 0.0072 0.0043 0.0043 0.0031 
      H413.5 12 0.9108 0.0016 0.0037 0.0150 0.0021 0.0030 0.0029 0.0048 0.0031 0.0030 0.0029 0.0026 0.0023 0.0105 0.0062 0.0028 0.0031 0.0032 0.0024 0.0020 0.0024 0.0095 
      H413.6 12 0.8541 0.0024 0.0023 0.0103 0.0046 0.0027 0.0027 0.0041 0.0073 0.0031 0.0035 0.0040 0.0051 0.0020 0.0292 0.0018 0.0039 0.0158 0.0071 0.0133 0.0055 0.0150 
      H413.7 12 0.9458 0.0024 0.0025 0.0024 0.0024 0.0023 0.0021 0.0025 0.0028 0.0016 0.0031 0.0020 0.0032 0.0024 0.0020 0.0028 0.0022 0.0032 0.0031 0.0038 0.0023 0.0028 
      H563.1 12 0.0133 0.0021 0.0036 0.0031 0.0050 0.0043 0.0025 0.0040 0.9129 0.0032 0.0027 0.0037 0.0028 0.0020 0.0041 0.0029 0.0031 0.0047 0.0054 0.0023 0.0034 0.0089 
      H563.2 12 0.0116 0.0034 0.0052 0.0066 0.0118 0.0054 0.0074 0.0092 0.8597 0.0046 0.0158 0.0054 0.0069 0.0046 0.0047 0.0063 0.0053 0.0054 0.0073 0.0032 0.0052 0.0050 
      H563.3 12 0.0044 0.0018 0.0092 0.0025 0.0030 0.0046 0.0028 0.0040 0.9129 0.0030 0.0035 0.0032 0.0028 0.0025 0.0111 0.0033 0.0033 0.0029 0.0060 0.0027 0.0032 0.0073 
      H563.4 12 0.0153 0.0030 0.0050 0.0049 0.0072 0.0081 0.0043 0.0078 0.8812 0.0043 0.0063 0.0032 0.0066 0.0038 0.0043 0.0032 0.0042 0.0058 0.0057 0.0019 0.0092 0.0047 
      H563.5 12 0.0046 0.0018 0.0034 0.0039 0.0036 0.0036 0.0022 0.0043 0.9195 0.0027 0.0028 0.0048 0.0031 0.0022 0.0058 0.0021 0.0040 0.0042 0.0079 0.0020 0.0034 0.0082 
      H563.6 12 0.0095 0.0029 0.0039 0.0047 0.0067 0.0043 0.0039 0.0059 0.8833 0.0031 0.0076 0.0039 0.0130 0.0040 0.0101 0.0036 0.0040 0.0031 0.0091 0.0030 0.0060 0.0042 
      H563.7 12 0.0089 0.0024 0.0031 0.0047 0.0059 0.0022 0.0040 0.0050 0.8909 0.0029 0.0056 0.0027 0.0136 0.0028 0.0102 0.0027 0.0042 0.0028 0.0120 0.0033 0.0072 0.0031 
      H563.8 12 0.0075 0.0017 0.0046 0.0047 0.0036 0.0086 0.0042 0.0056 0.8803 0.0025 0.0039 0.0117 0.0043 0.0035 0.0086 0.0030 0.0048 0.0054 0.0125 0.0025 0.0047 0.0116 
      H563.9 12 0.0065 0.0022 0.0038 0.0037 0.0179 0.0052 0.0068 0.0067 0.8711 0.0042 0.0099 0.0047 0.0104 0.0033 0.0068 0.0050 0.0071 0.0054 0.0052 0.0036 0.0050 0.0055 
     H7374.1 12 0.0028 0.0039 0.0066 0.0027 0.0066 0.0056 0.0058 0.0045 0.0033 0.0052 0.0073 0.0033 0.0039 0.0041 0.0035 0.0020 0.0046 0.0023 0.8920 0.0133 0.0131 0.0036 
     H7374.2 12 0.0075 0.0034 0.0080 0.0028 0.0056 0.0056 0.0058 0.0059 0.0063 0.0028 0.0058 0.0043 0.0021 0.0027 0.0032 0.0042 0.0035 0.0052 0.8984 0.0046 0.0053 0.0070 
     H7374.3 12 0.0037 0.0048 0.0079 0.0034 0.0072 0.0070 0.0148 0.0083 0.0099 0.0057 0.0193 0.0082 0.0031 0.0045 0.0051 0.0056 0.0046 0.0039 0.8037 0.0536 0.0089 0.0069 
     H7374.4 12 0.0048 0.0048 0.0026 0.0035 0.0032 0.0038 0.0041 0.0042 0.0041 0.0036 0.0046 0.0039 0.0060 0.0039 0.0039 0.0028 0.0044 0.0052 0.9166 0.0022 0.0026 0.0052 
     H7374.5 12 0.0036 0.0022 0.0048 0.0034 0.0033 0.0023 0.0029 0.0050 0.0050 0.0026 0.0026 0.0042 0.0042 0.0042 0.0051 0.0024 0.0033 0.0034 0.9235 0.0030 0.0040 0.0051 
     H7374.6 12 0.0040 0.0067 0.0046 0.0046 0.0048 0.0042 0.0224 0.0092 0.0069 0.0065 0.0140 0.0053 0.0057 0.0073 0.0055 0.0037 0.0059 0.0033 0.8480 0.0166 0.0037 0.0072 
     H7374.7 12 0.0038 0.0032 0.0022 0.0022 0.0040 0.0028 0.0028 0.0034 0.0030 0.0043 0.0043 0.0032 0.0050 0.0030 0.0046 0.0023 0.0038 0.0034 0.9304 0.0029 0.0035 0.0021 
     H7374.8 12 0.0025 0.0030 0.0031 0.0021 0.0054 0.0036 0.0051 0.0035 0.0058 0.0034 0.0043 0.0033 0.0051 0.0031 0.0053 0.0038 0.0044 0.0021 0.9174 0.0075 0.0044 0.0019 
     H7374.9 12 0.0031 0.0022 0.0040 0.0036 0.0034 0.0027 0.0029 0.0043 0.0035 0.0032 0.0027 0.0053 0.0046 0.0049 0.0040 0.0027 0.0044 0.0036 0.9220 0.0032 0.0033 0.0063 
     H9563.1 12 0.0044 0.0031 0.0030 0.0048 0.0030 0.0066 0.0047 0.0057 0.9130 0.0037 0.0057 0.0037 0.0035 0.0041 0.0043 0.0044 0.0028 0.0037 0.0032 0.0054 0.0033 0.0041 
     H9563.2 12 0.0044 0.0028 0.0045 0.0075 0.0023 0.0136 0.0064 0.0039 0.9142 0.0029 0.0031 0.0025 0.0025 0.0026 0.0028 0.0032 0.0038 0.0030 0.0027 0.0029 0.0028 0.0057 
     H9563.3 12 0.0028 0.0037 0.0040 0.0041 0.0056 0.0053 0.0056 0.0054 0.9038 0.0041 0.0044 0.0039 0.0039 0.0024 0.0036 0.0073 0.0038 0.0046 0.0040 0.0068 0.0086 0.0022 
     H9563.4 12 0.0033 0.0172 0.0034 0.0123 0.0114 0.0283 0.0138 0.0150 0.7923 0.0057 0.0096 0.0248 0.0052 0.0051 0.0065 0.0068 0.0067 0.0043 0.0053 0.0087 0.0079 0.0065 
     H9563.5 12 0.0040 0.0057 0.0054 0.0082 0.0067 0.0202 0.0059 0.0081 0.8705 0.0046 0.0065 0.0060 0.0063 0.0044 0.0032 0.0093 0.0054 0.0056 0.0029 0.0033 0.0040 0.0039 
     H9563.6 12 0.0047 0.0051 0.0036 0.0064 0.0033 0.0057 0.0035 0.0051 0.8875 0.0041 0.0043 0.0028 0.0023 0.0025 0.0097 0.0079 0.0030 0.0029 0.0056 0.0074 0.0201 0.0025 
     H9563.7 12 0.0027 0.0084 0.0056 0.0032 0.0029 0.0080 0.0031 0.0036 0.9091 0.0034 0.0032 0.0040 0.0023 0.0023 0.0039 0.0052 0.0025 0.0040 0.0052 0.0054 0.0095 0.0026 
     H9563.8 12 0.0046 0.0060 0.0027 0.0489 0.0076 0.0365 0.0282 0.0242 0.7395 0.0050 0.0059 0.0176 0.0087 0.0052 0.0032 0.0128 0.0109 0.0087 0.0037 0.0069 0.0082 0.0049 
     H9563.9 12 0.0039 0.0032 0.0034 0.0110 0.0036 0.0148 0.0091 0.0067 0.8816 0.0029 0.0044 0.0051 0.0032 0.0030 0.0046 0.0073 0.0042 0.0048 0.0037 0.0052 0.0104 0.0041 
     H9572.1 12 0.0087 0.0042 0.0116 0.0095 0.0065 0.0043 0.0046 0.0079 0.0120 0.0041 0.0073 0.0034 0.0042 0.0054 0.8556 0.0051 0.0073 0.0043 0.0082 0.0055 0.0045 0.0159 
     H9572.2 12 0.0042 0.0024 0.0098 0.0117 0.0081 0.0196 0.0140 0.0108 0.0289 0.0129 0.0128 0.0071 0.0046 0.0150 0.7888 0.0048 0.0045 0.0036 0.0178 0.0074 0.0075 0.0036 
