      H105.1  1 0.0025 0.0019 0.0028 0.0036 0.0026 0.0031 0.0032 0.0027 0.0046 0.0039 0.9672 0.0020 
      H105.2  1 0.0040 0.0032 0.0024 0.0076 0.0048 0.0044 0.0030 0.0030 0.0032 0.0056 0.9527 0.0062 
      H105.3  1 0.0022 0.0022 0.0029 0.0036 0.0024 0.0034 0.0030 0.0020 0.0042 0.0026 0.9681 0.0034 
      H105.4  1 0.0028 0.0030 0.0035 0.0040 0.0021 0.0051 0.0032 0.0035 0.0036 0.0050 0.9604 0.0036 
      H105.5  1 0.0041 0.0030 0.0032 0.0038 0.0032 0.0048 0.0045 0.0067 0.0038 0.0137 0.9424 0.0068 
      H105.6  1 0.0065 0.0045 0.0064 0.0043 0.0033 0.0079 0.0037 0.0076 0.0052 0.0036 0.9382 0.0087 
      H105.7  1 0.0073 0.0034 0.0037 0.0047 0.0050 0.0050 0.0041 0.0050 0.0154 0.0088 0.9319 0.0057 
      H105.8  1 0.0024 0.0029 0.0021 0.0057 0.0029 0.0033 0.0028 0.0027 0.0031 0.0029 0.9656 0.0038 
      H115.1  1 0.0043 0.0024 0.0029 0.0053 0.0082 0.0091 0.0093 0.0237 0.0116 0.0145 0.0063 0.9023 
      H115.2  1 0.0077 0.0039 0.0045 0.0061 0.0158 0.0051 0.0106 0.1176 0.0072 0.0097 0.0038 0.8081 
      H115.3  1 0.0054 0.0055 0.0060 0.0035 0.0256 0.0043 0.0079 0.0538 0.0164 0.0091 0.0067 0.8558 
      H115.4  1 0.0051 0.0070 0.0112 0.0301 0.0317 0.0031 0.0256 0.0078 0.0051 0.0146 0.0036 0.8551 
      H115.5  1 0.0066 0.0085 0.0190 0.0055 0.0140 0.0042 0.0317 0.0455 0.0073 0.0199 0.0120 0.8257 
      H115.6  1 0.0144 0.0025 0.0061 0.0062 0.3288 0.0080 0.0185 0.0649 0.0172 0.0183 0.0046 0.5106 
      H115.7  1 0.0060 0.0030 0.0072 0.0063 0.0132 0.0089 0.0081 0.0132 0.0156 0.0273 0.0048 0.8864 
      H115.8  1 0.0045 0.0023 0.0033 0.0052 0.0163 0.0042 0.0138 0.0576 0.0106 0.0070 0.0062 0.8692 
      H115.9  1 0.0067 0.0040 0.0039 0.0084 0.0075 0.0119 0.0088 0.1800 0.0200 0.0139 0.0062 0.7285 
      H145.1  1 0.0142 0.0050 0.9043 0.0036 0.0257 0.0085 0.0047 0.0092 0.0063 0.0114 0.0020 0.0052 
      H145.2  1 0.0086 0.0047 0.9372 0.0051 0.0109 0.0046 0.0056 0.0049 0.0054 0.0054 0.0038 0.0038 
      H145.3  1 0.0049 0.0040 0.9497 0.0032 0.0153 0.0041 0.0033 0.0025 0.0028 0.0034 0.0032 0.0036 
      H145.4  1 0.0142 0.0034 0.9377 0.0035 0.0075 0.0070 0.0045 0.0038 0.0066 0.0061 0.0029 0.0027 
      H145.5  1 0.0062 0.0020 0.9325 0.0032 0.0280 0.0048 0.0047 0.0031 0.0032 0.0050 0.0042 0.0033 
      H145.6  1 0.0070 0.0032 0.9582 0.0042 0.0039 0.0026 0.0037 0.0027 0.0055 0.0036 0.0027 0.0026 
      H145.7  1 0.0040 0.0029 0.9621 0.0029 0.0033 0.0036 0.0055 0.0023 0.0044 0.0030 0.0026 0.0033 
      H149.1  1 0.0050 0.0024 0.0038 0.0034 0.0052 0.0052 0.9600 0.0034 0.0027 0.0024 0.0027 0.0037 
      H149.2  1 0.0109 0.0034 0.0068 0.0027 0.0062 0.0045 0.9443 0.0027 0.0050 0.0056 0.0043 0.0036 
      H149.3  1 0.0306 0.0082 0.0261 0.0213 0.0085 0.0104 0.7524 0.0059 0.0607 0.0479 0.0096 0.0185 
      H149.4  1 0.0051 0.0028 0.0029 0.0106 0.0047 0.0039 0.9495 0.0032 0.0049 0.0034 0.0057 0.0031 
      H149.5  1 0.0121 0.0116 0.0157 0.0222 0.0038 0.0073 0.8182 0.0026 0.0552 0.0293 0.0184 0.0035 
      H149.6  1 0.0048 0.0028 0.0054 0.0031 0.0045 0.0044 0.9530 0.0021 0.0059 0.0052 0.0054 0.0034 
      H149.7  1 0.0472 0.0051 0.0054 0.0485 0.0120 0.0118 0.7654 0.0038 0.0426 0.0252 0.0190 0.0141 
      H150.1  1 0.0036 0.0023 0.0066 0.0037 0.0072 0.0053 0.0034 0.5605 0.0057 0.0088 0.0158 0.3772 
      H150.2  1 0.0051 0.0034 0.0045 0.0044 0.0248 0.0053 0.0057 0.0939 0.0050 0.0074 0.0046 0.8358 
      H150.3  1 0.0065 0.0023 0.0063 0.0038 0.0395 0.0125 0.0058 0.5476 0.0112 0.0133 0.0045 0.3466 
      H150.4  1 0.0049 0.0017 0.0080 0.0028 0.0100 0.0051 0.0030 0.8720 0.0039 0.0094 0.0045 0.0747 
      H150.5  1 0.0058 0.0038 0.0080 0.0044 0.0079 0.0072 0.0083 0.0981 0.0280 0.0180 0.0069 0.8034 
      H150.6  1 0.0066 0.0047 0.0158 0.0084 0.0077 0.0134 0.0056 0.0216 0.0065 0.0264 0.0153 0.8682 
      H150.7  1 0.0041 0.0024 0.0048 0.0046 0.0137 0.0033 0.0059 0.8309 0.0053 0.0045 0.0198 0.1007 
   H169607.1  1 0.0068 0.0037 0.0226 0.0100 0.0299 0.0062 0.0048 0.0182 0.0044 0.8802 0.0040 0.0091 
   H169607.2  1 0.0050 0.0068 0.0090 0.0034 0.0075 0.0046 0.0033 0.0146 0.0061 0.9301 0.0051 0.0045 
   H169607.3  1 0.0077 0.0048 0.0163 0.0068 0.0111 0.0044 0.0046 0.0070 0.0050 0.9176 0.0057 0.0091 
   H169607.4  1 0.0068 0.0044 0.0106 0.0022 0.0111 0.0114 0.0027 0.0133 0.0049 0.9222 0.0061 0.0042 
   H169607.5  1 0.0159 0.0050 0.0049 0.0027 0.0032 0.0031 0.0029 0.0104 0.0036 0.9425 0.0027 0.0029 
   H169607.6  1 0.0093 0.0063 0.0063 0.0043 0.0049 0.0039 0.0032 0.0080 0.0045 0.9378 0.0083 0.0032 
   H169607.7  1 0.0061 0.0041 0.0145 0.0063 0.0073 0.0023 0.0038 0.0076 0.0041 0.9321 0.0065 0.0053 
   H169607.8  1 0.0068 0.0051 0.0061 0.0034 0.0044 0.0104 0.0023 0.0085 0.0061 0.9361 0.0067 0.0041 
   H169633.1  1 0.0058 0.0047 0.0162 0.0040 0.0066 0.0064 0.9244 0.0056 0.0074 0.0073 0.0040 0.0075 
   H169633.2  1 0.0066 0.0088 0.0189 0.0089 0.0480 0.0107 0.8587 0.0031 0.0036 0.0069 0.0183 0.0074 
   H169633.3  1 0.0288 0.0090 0.0054 0.0055 0.0046 0.0096 0.9071 0.0062 0.0075 0.0051 0.0035 0.0077 
   H169633.4  1 0.0115 0.0064 0.0065 0.0046 0.0054 0.0070 0.9241 0.0086 0.0095 0.0050 0.0035 0.0077 
   H169633.5  1 0.0123 0.0055 0.0076 0.0043 0.0068 0.0060 0.9211 0.0082 0.0091 0.0043 0.0062 0.0085 
   H169688.1  1 0.0122 0.0090 0.0072 0.0112 0.0105 0.0068 0.0094 0.0044 0.0045 0.9133 0.0042 0.0073 
   H169688.2  1 0.0271 0.0032 0.0103 0.0093 0.0039 0.0196 0.0056 0.0072 0.0084 0.8654 0.0302 0.0098 
   H169688.3  1 0.0055 0.0024 0.0061 0.0047 0.0044 0.0061 0.0046 0.0064 0.0056 0.9401 0.0083 0.0059 
   H169688.4  1 0.0045 0.0028 0.0042 0.0036 0.0038 0.0047 0.0032 0.0167 0.0037 0.9422 0.0022 0.0085 
   H169688.5  1 0.0051 0.0024 0.0032 0.0034 0.0035 0.0049 0.0037 0.0157 0.0033 0.9451 0.0024 0.0073 
   H169688.6  1 0.0063 0.0066 0.0069 0.0866 0.0032 0.0046 0.0116 0.0095 0.0034 0.8520 0.0043 0.0050 
   H169688.7  1 0.0172 0.0023 0.0538 0.0072 0.0187 0.0169 0.0076 0.0141 0.0070 0.8351 0.0081 0.0121 
   H171901.1  1 0.1229 0.0035 0.0413 0.0186 0.0165 0.0065 0.0126 0.0347 0.0569 0.3291 0.0932 0.2642 
   H171901.2  1 0.0193 0.0038 0.0084 0.0040 0.0064 0.0094 0.8146 0.0173 0.0073 0.0219 0.0810 0.0066 
   H171901.3  1 0.0256 0.0090 0.0108 0.0089 0.0084 0.0105 0.7353 0.0225 0.0065 0.0925 0.0137 0.0563 
   H171901.4  1 0.0092 0.0039 0.0053 0.0054 0.0056 0.0101 0.8384 0.0125 0.0049 0.0305 0.0486 0.0254 
   H171901.5  1 0.0239 0.0058 0.0127 0.0096 0.0200 0.0282 0.7908 0.0146 0.0053 0.0333 0.0397 0.0162 
   H171901.6  1 0.0716 0.0067 0.0252 0.0182 0.0535 0.0244 0.6577 0.0565 0.0068 0.0321 0.0207 0.0267 
   H171901.7  1 0.5062 0.0113 0.0082 0.0195 0.0090 0.0073 0.3508 0.0121 0.0057 0.0449 0.0067 0.0181 
   H171902.1  1 0.0033 0.0028 0.0043 0.0051 0.9599 0.0030 0.0030 0.0059 0.0027 0.0039 0.0022 0.0038 
  H171902.10  1 0.0064 0.0026 0.0031 0.0057 0.9532 0.0035 0.0040 0.0029 0.0035 0.0058 0.0034 0.0061 
   H171902.2  1 0.0032 0.0023 0.0045 0.0054 0.9544 0.0030 0.0056 0.0043 0.0029 0.0051 0.0036 0.0056 
   H171902.3  1 0.0043 0.0033 0.0039 0.0038 0.9465 0.0036 0.0111 0.0059 0.0024 0.0038 0.0040 0.0074 
   H171902.4  1 0.0057 0.0029 0.0039 0.0033 0.9470 0.0043 0.0173 0.0035 0.0028 0.0032 0.0023 0.0039 
   H171902.6  1 0.0049 0.0033 0.0036 0.0038 0.9608 0.0026 0.0053 0.0042 0.0024 0.0031 0.0028 0.0033 
   H171902.7  1 0.0231 0.0029 0.0039 0.0032 0.9003 0.0052 0.0069 0.0038 0.0030 0.0295 0.0115 0.0067 
   H171902.8  1 0.0048 0.0029 0.0050 0.0050 0.9521 0.0036 0.0050 0.0072 0.0030 0.0040 0.0034 0.0041 
   H171902.9  1 0.0038 0.0033 0.0046 0.0030 0.9484 0.0039 0.0033 0.0126 0.0029 0.0055 0.0035 0.0052 
   H171903.1  1 0.0087 0.0061 0.0058 0.0029 0.0048 0.0037 0.0033 0.0139 0.0044 0.9300 0.0076 0.0089 
   H171903.2  1 0.0159 0.0217 0.0072 0.0056 0.0055 0.0097 0.0031 0.0167 0.0140 0.8325 0.0593 0.0089 
   H171903.3  1 0.0607 0.0296 0.0029 0.0051 0.0169 0.0259 0.0055 0.0112 0.0063 0.7635 0.0641 0.0082 
   H171903.4  1 0.0111 0.0037 0.0050 0.0032 0.0122 0.0043 0.0036 0.0077 0.0055 0.9341 0.0045 0.0052 
   H171903.5  1 0.0054 0.0042 0.0038 0.0048 0.0091 0.0055 0.0052 0.0111 0.0072 0.9264 0.0100 0.0073 
   H171903.6  1 0.0080 0.0061 0.0040 0.0039 0.0051 0.0033 0.0058 0.0047 0.0031 0.9496 0.0022 0.0041 
      H177.1  1 0.8684 0.0090 0.0052 0.0321 0.0070 0.0205 0.0085 0.0106 0.0069 0.0133 0.0035 0.0150 
      H177.2  1 0.3215 0.0096 0.1528 0.1527 0.0071 0.1304 0.0776 0.0177 0.0228 0.0746 0.0060 0.0273 
      H177.3  1 0.7205 0.0168 0.0314 0.0375 0.0144 0.0137 0.0581 0.0129 0.0135 0.0605 0.0047 0.0160 
      H177.4  1 0.7416 0.0356 0.0068 0.1660 0.0066 0.0042 0.0078 0.0029 0.0107 0.0065 0.0077 0.0036 
      H177.5  1 0.8174 0.0053 0.0189 0.0501 0.0096 0.0283 0.0089 0.0105 0.0127 0.0174 0.0069 0.0142 
      H177.6  1 0.7520 0.0084 0.0152 0.0242 0.0221 0.0198 0.1019 0.0119 0.0054 0.0179 0.0034 0.0177 
      H179.1  1 0.0097 0.0030 0.0030 0.9152 0.0059 0.0111 0.0043 0.0103 0.0087 0.0136 0.0063 0.0090 
      H179.2  1 0.0059 0.0247 0.0033 0.8896 0.0178 0.0180 0.0046 0.0052 0.0038 0.0118 0.0081 0.0072 
      H179.3  1 0.0270 0.0054 0.0046 0.8179 0.0054 0.0079 0.0044 0.0212 0.0062 0.0808 0.0038 0.0155 
      H179.4  1 0.0326 0.0797 0.0183 0.7397 0.0108 0.0483 0.0187 0.0057 0.0049 0.0287 0.0065 0.0061 
      H180.1  1 0.0039 0.0032 0.0031 0.0189 0.0113 0.0066 0.0032 0.0049 0.0032 0.0046 0.0045 0.9326 
      H180.2  1 0.0049 0.0030 0.0044 0.0038 0.0036 0.0042 0.0024 0.0047 0.0022 0.0033 0.0037 0.9598 
      H180.3  1 0.0053 0.0061 0.0075 0.0048 0.0179 0.0041 0.0063 0.0177 0.0031 0.0107 0.0043 0.9122 
      H180.4  1 0.0052 0.0037 0.0037 0.0110 0.0045 0.0059 0.0059 0.0041 0.0030 0.0036 0.0044 0.9449 
      H180.5  1 0.0110 0.0039 0.0057 0.0140 0.0063 0.0038 0.0053 0.0037 0.0031 0.0049 0.0024 0.9360 
      H180.6  1 0.0142 0.0038 0.0303 0.0046 0.0166 0.0048 0.0159 0.0112 0.0032 0.0077 0.0077 0.8798 
      H181.1  1 0.0281 0.0085 0.0135 0.4662 0.0222 0.0089 0.1675 0.0139 0.0071 0.1218 0.0821 0.0602 
      H181.2  1 0.0353 0.0048 0.0488 0.6906 0.0816 0.0191 0.0214 0.0143 0.0106 0.0117 0.0136 0.0483 
      H181.3  1 0.0305 0.0051 0.0192 0.6139 0.0581 0.0088 0.1256 0.0188 0.0130 0.0166 0.0217 0.0688 
      H181.4  1 0.0471 0.0139 0.0307 0.1968 0.0143 0.0345 0.1980 0.2002 0.0387 0.1185 0.0373 0.0698 
      H181.5  1 0.0123 0.0049 0.0038 0.8985 0.0095 0.0083 0.0107 0.0046 0.0117 0.0068 0.0225 0.0062 
      H181.6  1 0.0078 0.0072 0.0057 0.8749 0.0174 0.0067 0.0051 0.0172 0.0051 0.0068 0.0221 0.0240 
      H181.7  1 0.0053 0.0079 0.0047 0.8706 0.0047 0.0055 0.0158 0.0110 0.0050 0.0163 0.0490 0.0042 
 H194.1_2004  1 0.9467 0.0034 0.0063 0.0027 0.0065 0.0045 0.0052 0.0059 0.0045 0.0086 0.0022 0.0035 
 H194.2_2004  1 0.9448 0.0027 0.0075 0.0026 0.0055 0.0037 0.0033 0.0047 0.0036 0.0122 0.0045 0.0049 
 H194.3_2004  1 0.9105 0.0046 0.0095 0.0075 0.0067 0.0161 0.0238 0.0040 0.0041 0.0058 0.0037 0.0038 
 H194.4_2004  1 0.9423 0.0036 0.0131 0.0031 0.0070 0.0041 0.0063 0.0052 0.0025 0.0053 0.0041 0.0035 
 H194.5_2004  1 0.9164 0.0072 0.0100 0.0052 0.0063 0.0167 0.0111 0.0043 0.0042 0.0109 0.0047 0.0029 
 H194.6_2004  1 0.9070 0.0130 0.0063 0.0058 0.0104 0.0154 0.0159 0.0069 0.0041 0.0074 0.0038 0.0040 
 H194.7_2004  1 0.9602 0.0033 0.0037 0.0026 0.0026 0.0028 0.0030 0.0037 0.0041 0.0070 0.0044 0.0027 
 H194.8_2004  1 0.9346 0.0055 0.0079 0.0037 0.0060 0.0067 0.0068 0.0095 0.0030 0.0070 0.0057 0.0036 
      H194.9  1 0.9482 0.0041 0.0069 0.0028 0.0062 0.0037 0.0041 0.0070 0.0035 0.0064 0.0032 0.0039 
 H195.1_2003  1 0.0119 0.0042 0.9071 0.0052 0.0138 0.0080 0.0224 0.0052 0.0043 0.0086 0.0037 0.0055 
 H195.1_2004  1 0.0047 0.0025 0.9543 0.0035 0.0045 0.0052 0.0076 0.0035 0.0039 0.0036 0.0023 0.0042 
 H195.2_2003  1 0.0149 0.0079 0.8142 0.0074 0.0172 0.0138 0.0073 0.0288 0.0147 0.0516 0.0180 0.0044 
 H195.2_2004  1 0.0044 0.0024 0.9648 0.0029 0.0034 0.0032 0.0044 0.0026 0.0027 0.0026 0.0031 0.0036 
 H195.3_2003  1 0.0214 0.0063 0.5703 0.0038 0.0081 0.0137 0.0040 0.1540 0.0138 0.1648 0.0264 0.0134 
 H195.3_2004  1 0.0061 0.0031 0.9502 0.0037 0.0079 0.0048 0.0090 0.0030 0.0030 0.0036 0.0030 0.0028 
 H195.4_2003  1 0.0073 0.0040 0.9429 0.0042 0.0063 0.0047 0.0104 0.0044 0.0046 0.0040 0.0038 0.0032 
 H195.4_2004  1 0.0043 0.0040 0.9634 0.0034 0.0030 0.0032 0.0042 0.0029 0.0027 0.0045 0.0018 0.0025 
 H195.5_2003  1 0.0175 0.0059 0.8793 0.0056 0.0152 0.0143 0.0258 0.0080 0.0101 0.0058 0.0036 0.0088 
 H195.5_2004  1 0.0048 0.0053 0.9584 0.0043 0.0036 0.0042 0.0041 0.0028 0.0037 0.0032 0.0023 0.0032 
 H195.6_2003  1 0.0050 0.0037 0.9227 0.0035 0.0085 0.0039 0.0045 0.0178 0.0080 0.0118 0.0074 0.0032 
 H195.6_2004  1 0.0040 0.0032 0.9604 0.0039 0.0038 0.0046 0.0043 0.0018 0.0027 0.0048 0.0041 0.0024 
 H195.7_2003  1 0.0231 0.0085 0.8592 0.0066 0.0074 0.0142 0.0130 0.0045 0.0139 0.0385 0.0069 0.0043 
 H195.7_2004  1 0.0032 0.0029 0.9628 0.0037 0.0030 0.0039 0.0028 0.0038 0.0035 0.0038 0.0023 0.0042 
      H195.8  1 0.0037 0.0037 0.9646 0.0030 0.0027 0.0031 0.0031 0.0033 0.0041 0.0031 0.0021 0.0037 
      H195.9  1 0.0068 0.0041 0.9507 0.0035 0.0037 0.0071 0.0064 0.0031 0.0030 0.0055 0.0026 0.0035 
      H415.1  1 0.0110 0.0020 0.0072 0.0080 0.8288 0.0107 0.0208 0.0563 0.0066 0.0131 0.0067 0.0286 
      H415.2  1 0.0220 0.0030 0.0035 0.0123 0.8419 0.0192 0.0059 0.0188 0.0400 0.0179 0.0085 0.0069 
      H415.3  1 0.0050 0.0039 0.0053 0.0490 0.8719 0.0065 0.0211 0.0053 0.0136 0.0062 0.0050 0.0073 
      H415.4  1 0.0043 0.0037 0.0074 0.0038 0.9399 0.0085 0.0059 0.0110 0.0027 0.0031 0.0052 0.0044 
      H415.5  1 0.0044 0.0037 0.0064 0.0042 0.9483 0.0059 0.0107 0.0032 0.0028 0.0031 0.0041 0.0033 
      H415.6  1 0.0063 0.0034 0.0065 0.0031 0.9375 0.0098 0.0064 0.0113 0.0029 0.0039 0.0043 0.0045 
      H415.7  1 0.0129 0.0054 0.0059 0.0148 0.8878 0.0054 0.0166 0.0072 0.0218 0.0134 0.0047 0.0040 
      H506.1  1 0.0023 0.0037 0.0031 0.9649 0.0024 0.0035 0.0058 0.0017 0.0038 0.0030 0.0027 0.0031 
      H506.2  1 0.0041 0.0035 0.0092 0.9568 0.0028 0.0039 0.0055 0.0020 0.0034 0.0027 0.0036 0.0025 
      H506.3  1 0.0034 0.0036 0.0038 0.9495 0.0042 0.0061 0.0049 0.0037 0.0062 0.0067 0.0035 0.0045 
      H506.4  1 0.0050 0.0106 0.0028 0.9423 0.0063 0.0043 0.0066 0.0048 0.0047 0.0049 0.0027 0.0050 
      H506.5  1 0.0036 0.0059 0.0046 0.9527 0.0046 0.0047 0.0072 0.0026 0.0044 0.0044 0.0030 0.0023 
      H506.6  1 0.0096 0.0072 0.0205 0.9069 0.0065 0.0066 0.0038 0.0042 0.0089 0.0172 0.0039 0.0046 
      H506.7  1 0.0033 0.0031 0.0057 0.9616 0.0035 0.0044 0.0046 0.0019 0.0037 0.0023 0.0032 0.0026 
      H533.1  1 0.0030 0.0034 0.0034 0.9602 0.0027 0.0042 0.0058 0.0020 0.0034 0.0025 0.0056 0.0038 
      H533.2  1 0.0027 0.0027 0.0031 0.9596 0.0030 0.0040 0.0079 0.0018 0.0026 0.0030 0.0056 0.0039 
      H533.3  1 0.0038 0.0029 0.0029 0.9589 0.0022 0.0027 0.0081 0.0029 0.0027 0.0055 0.0046 0.0029 
      H533.4  1 0.0121 0.0061 0.0198 0.9148 0.0035 0.0036 0.0130 0.0034 0.0032 0.0101 0.0054 0.0050 
      H535.1  1 0.0036 0.9656 0.0027 0.0036 0.0043 0.0033 0.0036 0.0029 0.0022 0.0031 0.0024 0.0028 
      H535.2  1 0.0037 0.9637 0.0037 0.0055 0.0026 0.0036 0.0031 0.0020 0.0036 0.0028 0.0030 0.0027 
      H535.3  1 0.0031 0.9670 0.0038 0.0037 0.0021 0.0034 0.0023 0.0023 0.0033 0.0028 0.0031 0.0031 
      H535.4  1 0.0032 0.9671 0.0033 0.0027 0.0029 0.0034 0.0044 0.0020 0.0027 0.0030 0.0027 0.0027 
      H535.5  1 0.0031 0.9698 0.0028 0.0029 0.0029 0.0023 0.0037 0.0026 0.0022 0.0028 0.0029 0.0020 
      H535.6  1 0.0051 0.9544 0.0039 0.0043 0.0050 0.0034 0.0022 0.0078 0.0027 0.0042 0.0025 0.0044 
      H535.7  1 0.0027 0.9748 0.0025 0.0022 0.0023 0.0021 0.0028 0.0020 0.0019 0.0025 0.0027 0.0017 
      H535.8  1 0.0026 0.9692 0.0036 0.0028 0.0029 0.0036 0.0026 0.0027 0.0021 0.0028 0.0031 0.0021 
      H535.9  1 0.0035 0.9668 0.0031 0.0037 0.0033 0.0028 0.0024 0.0034 0.0022 0.0029 0.0022 0.0037 
      H539.1  1 0.0033 0.0026 0.0026 0.0022 0.0045 0.0018 0.0023 0.9690 0.0025 0.0029 0.0025 0.0038 
      H539.2  1 0.0200 0.0123 0.0051 0.0059 0.0060 0.0134 0.0050 0.5587 0.0061 0.1407 0.0031 0.2236 
      H539.3  1 0.0149 0.0105 0.0083 0.0042 0.0047 0.0073 0.0026 0.8781 0.0038 0.0260 0.0034 0.0362 
      H539.4  1 0.0039 0.0034 0.0037 0.0037 0.0046 0.0050 0.0041 0.9205 0.0056 0.0081 0.0044 0.0330 
      H539.5  1 0.0050 0.0034 0.0021 0.0027 0.0023 0.0022 0.0024 0.9662 0.0025 0.0041 0.0027 0.0044 
      H539.6  1 0.0027 0.0024 0.0031 0.0027 0.0040 0.0026 0.0024 0.9630 0.0027 0.0059 0.0028 0.0057 
      H539.7  1 0.0039 0.0029 0.0025 0.0027 0.0048 0.0026 0.0034 0.9587 0.0030 0.0063 0.0025 0.0068 
      H539.8  1 0.0095 0.0267 0.0051 0.0055 0.0040 0.0104 0.0036 0.7861 0.0044 0.0099 0.0045 0.1303 
      H539.9  1 0.0041 0.0022 0.0027 0.0036 0.0024 0.0045 0.0027 0.9546 0.0036 0.0061 0.0042 0.0093 
      H540.1  1 0.0050 0.0053 0.0064 0.0042 0.0044 0.0044 0.0047 0.9099 0.0058 0.0419 0.0044 0.0037 
      H540.2  1 0.0056 0.0022 0.0033 0.0036 0.0035 0.0046 0.0039 0.9538 0.0053 0.0072 0.0031 0.0038 
      H540.3  1 0.0271 0.0055 0.0161 0.0058 0.0179 0.0197 0.0272 0.8140 0.0109 0.0180 0.0071 0.0308 
      H540.4  1 0.0045 0.0047 0.0045 0.0087 0.0060 0.0035 0.0043 0.9195 0.0114 0.0148 0.0029 0.0151 
      H540.5  1 0.0067 0.0027 0.0024 0.0037 0.0060 0.0066 0.0052 0.9449 0.0045 0.0085 0.0043 0.0046 
      H540.6  1 0.0086 0.0046 0.0057 0.0082 0.0073 0.0082 0.0067 0.8776 0.0128 0.0469 0.0053 0.0080 
      H540.7  1 0.0178 0.0036 0.0051 0.0102 0.0081 0.0065 0.0193 0.9010 0.0096 0.0073 0.0024 0.0092 
      H540.8  1 0.0557 0.0052 0.0038 0.0043 0.0241 0.0039 0.0080 0.8348 0.0036 0.0467 0.0031 0.0070 
     H9558.1  1 0.0035 0.0072 0.0025 0.0044 0.0089 0.0030 0.0023 0.9500 0.0020 0.0053 0.0080 0.0030 
     H9558.2  1 0.0087 0.0087 0.0053 0.0164 0.0126 0.0092 0.0061 0.8932 0.0098 0.0090 0.0161 0.0049 
     H9558.3  1 0.0063 0.0073 0.0029 0.0039 0.0041 0.0085 0.0023 0.8930 0.0092 0.0044 0.0526 0.0054 
     H9558.4  1 0.0038 0.0075 0.0020 0.0045 0.0044 0.0028 0.0020 0.9518 0.0024 0.0092 0.0056 0.0041 
     H9558.5  1 0.0029 0.0079 0.0018 0.0034 0.0025 0.0044 0.0031 0.9544 0.0041 0.0037 0.0034 0.0082 
     H9558.6  1 0.0074 0.0050 0.0034 0.0041 0.0058 0.0074 0.0037 0.9292 0.0043 0.0030 0.0219 0.0048 
    kos339.1  1 0.0039 0.0048 0.0024 0.0184 0.0104 0.0047 0.9220 0.0053 0.0160 0.0048 0.0037 0.0036 
    kos339.2  1 0.0038 0.0043 0.0060 0.0094 0.0048 0.0059 0.9430 0.0038 0.0069 0.0040 0.0050 0.0032 
    kos339.3  1 0.0037 0.0059 0.0042 0.0044 0.0033 0.0028 0.9596 0.0031 0.0024 0.0042 0.0024 0.0040 
    kos339.4  1 0.0034 0.0051 0.0027 0.0038 0.0043 0.0034 0.9609 0.0036 0.0025 0.0039 0.0025 0.0039 
    kos339.5  1 0.0052 0.0027 0.0027 0.0104 0.0072 0.0040 0.9479 0.0033 0.0069 0.0027 0.0033 0.0037 
    kos339.6  1 0.0077 0.0024 0.0047 0.0071 0.0032 0.0045 0.9546 0.0028 0.0045 0.0030 0.0027 0.0028 
    kos339.7  1 0.0039 0.0118 0.0036 0.0061 0.0033 0.0028 0.9545 0.0030 0.0022 0.0035 0.0020 0.0032 
    kos339.8  1 0.0039 0.0038 0.0040 0.0123 0.0050 0.0039 0.9507 0.0025 0.0042 0.0030 0.0025 0.0042 
    kos339.9  1 0.0093 0.0044 0.0074 0.0075 0.0230 0.0109 0.8942 0.0167 0.0067 0.0056 0.0057 0.0086 
      H409.1 12 0.0041 0.0030 0.0036 0.0141 0.0051 0.9455 0.0061 0.0022 0.0063 0.0028 0.0035 0.0037 
     H409.10 12 0.0043 0.0044 0.0069 0.0298 0.0091 0.9052 0.0043 0.0080 0.0085 0.0063 0.0026 0.0105 
      H409.2 12 0.0030 0.0053 0.0024 0.0077 0.0067 0.9557 0.0048 0.0026 0.0026 0.0034 0.0030 0.0029 
      H409.3 12 0.0082 0.0057 0.0048 0.0101 0.0040 0.9382 0.0046 0.0043 0.0034 0.0048 0.0065 0.0055 
      H409.4 12 0.0054 0.0050 0.0029 0.0036 0.0036 0.9517 0.0047 0.0032 0.0033 0.0045 0.0079 0.0041 
      H409.5 12 0.0065 0.0090 0.0041 0.0092 0.0087 0.9326 0.0033 0.0050 0.0034 0.0071 0.0041 0.0071 
      H409.6 12 0.0127 0.0124 0.0067 0.0578 0.0063 0.5424 0.0039 0.0091 0.0096 0.0120 0.3006 0.0266 
      H409.7 12 0.0059 0.0028 0.0055 0.0063 0.0043 0.9445 0.0068 0.0024 0.0084 0.0034 0.0068 0.0031 
      H409.8 12 0.0070 0.0069 0.0038 0.0169 0.0056 0.9213 0.0062 0.0042 0.0097 0.0072 0.0040 0.0073 
      H409.9 12 0.0055 0.0156 0.0063 0.2919 0.0081 0.2137 0.0035 0.2301 0.0617 0.0133 0.0094 0.1407 
      H413.1 12 0.0071 0.0081 0.0041 0.0030 0.0025 0.0099 0.0037 0.0029 0.0336 0.0077 0.0146 0.9028 
      H413.2 12 0.0042 0.0069 0.0063 0.0039 0.0028 0.0032 0.0071 0.0028 0.0045 0.0039 0.0135 0.9410 
      H413.3 12 0.0075 0.0027 0.0037 0.0063 0.0037 0.0096 0.0025 0.0079 0.0370 0.0058 0.0122 0.9009 
      H413.4 12 0.0071 0.0031 0.0045 0.0078 0.0037 0.0328 0.0072 0.0051 0.0339 0.0032 0.0059 0.8855 
      H413.5 12 0.0044 0.0022 0.0028 0.0047 0.0033 0.0042 0.0024 0.0115 0.0039 0.0050 0.0036 0.9519 
      H413.6 12 0.0181 0.0050 0.0055 0.0032 0.0026 0.0411 0.0072 0.0175 0.0419 0.0077 0.0264 0.8238 
      H413.7 12 0.0067 0.0065 0.0066 0.0036 0.0029 0.0097 0.0044 0.0097 0.0091 0.0052 0.0114 0.9243 
      H563.1 12 0.0040 0.0022 0.0028 0.0024 0.0024 0.0057 0.0031 0.0106 0.9518 0.0051 0.0045 0.0054 
      H563.2 12 0.0110 0.0033 0.0040 0.0048 0.0084 0.0130 0.0097 0.0060 0.9218 0.0045 0.0056 0.0078 
      H563.3 12 0.0041 0.0020 0.0031 0.0031 0.0028 0.0046 0.0027 0.0075 0.9605 0.0037 0.0027 0.0032 
      H563.4 12 0.0069 0.0028 0.0035 0.0036 0.0037 0.0091 0.0043 0.0049 0.9357 0.0065 0.0100 0.0090 
      H563.5 12 0.0035 0.0017 0.0027 0.0025 0.0023 0.0060 0.0031 0.0059 0.9575 0.0051 0.0043 0.0054 
      H563.6 12 0.0040 0.0030 0.0038 0.0035 0.0043 0.0087 0.0090 0.0045 0.9435 0.0035 0.0058 0.0064 
      H563.7 12 0.0044 0.0020 0.0024 0.0041 0.0032 0.0060 0.0119 0.0030 0.9508 0.0023 0.0056 0.0044 
      H563.8 12 0.0047 0.0020 0.0024 0.0035 0.0027 0.0070 0.0039 0.0119 0.9420 0.0083 0.0048 0.0067 
      H563.9 12 0.0075 0.0025 0.0041 0.0072 0.0076 0.0082 0.0099 0.0053 0.9294 0.0056 0.0063 0.0064 
     H7374.1 12 0.0064 0.0079 0.0110 0.0037 0.0064 0.9217 0.0055 0.0052 0.0069 0.0067 0.0137 0.0050 
     H7374.2 12 0.0072 0.0047 0.0060 0.0054 0.0054 0.9366 0.0026 0.0069 0.0069 0.0094 0.0043 0.0045 
     H7374.3 12 0.0170 0.0117 0.0289 0.0055 0.0137 0.8776 0.0049 0.0090 0.0085 0.0098 0.0075 0.0057 
     H7374.4 12 0.0094 0.0080 0.0065 0.0048 0.0072 0.9258 0.0090 0.0071 0.0065 0.0080 0.0028 0.0049 
     H7374.5 12 0.0057 0.0037 0.0042 0.0035 0.0063 0.9314 0.0079 0.0134 0.0081 0.0035 0.0059 0.0063 
     H7374.6 12 0.0238 0.0154 0.0273 0.0054 0.0229 0.8559 0.0126 0.0130 0.0082 0.0074 0.0034 0.0046 
     H7374.7 12 0.0073 0.0056 0.0051 0.0032 0.0043 0.9502 0.0076 0.0030 0.0049 0.0032 0.0027 0.0031 
     H7374.8 12 0.0059 0.0034 0.0091 0.0048 0.0062 0.9386 0.0065 0.0028 0.0086 0.0042 0.0063 0.0036 
     H7374.9 12 0.0060 0.0038 0.0076 0.0051 0.0096 0.9121 0.0107 0.0150 0.0084 0.0083 0.0066 0.0069 
     H9563.1 12 0.0045 0.0028 0.0036 0.0047 0.0044 0.0029 0.0049 0.0057 0.9546 0.0049 0.0027 0.0044 
     H9563.2 12 0.0033 0.0036 0.0035 0.0038 0.0052 0.0025 0.0029 0.0068 0.9528 0.0065 0.0038 0.0052 
     H9563.3 12 0.0044 0.0056 0.0062 0.0057 0.0035 0.0050 0.0036 0.0020 0.9481 0.0041 0.0081 0.0037 
     H9563.4 12 0.0186 0.0146 0.0091 0.0071 0.0084 0.0105 0.0074 0.0064 0.8899 0.0100 0.0064 0.0117 
     H9563.5 12 0.0055 0.0052 0.0046 0.0086 0.0050 0.0051 0.0062 0.0046 0.9307 0.0101 0.0041 0.0101 
     H9563.6 12 0.0036 0.0047 0.0057 0.0057 0.0027 0.0047 0.0036 0.0023 0.9408 0.0046 0.0154 0.0062 
     H9563.7 12 0.0033 0.0094 0.0044 0.0043 0.0027 0.0038 0.0023 0.0031 0.9507 0.0043 0.0085 0.0032 
     H9563.8 12 0.0100 0.0050 0.0053 0.0159 0.0113 0.0070 0.0143 0.0064 0.8750 0.0115 0.0077 0.0306 
     H9563.9 12 0.0051 0.0033 0.0035 0.0064 0.0069 0.0039 0.0048 0.0057 0.9395 0.0064 0.0084 0.0060 
     H9572.1 12 0.0957 0.0197 0.0212 0.1774 0.0233 0.0380 0.0094 0.2147 0.2686 0.0131 0.0342 0.0848 
     H9572.2 12 0.2575 0.0034 0.1109 0.0150 0.0835 0.0299 0.0078 0.0216 0.3464 0.0055 0.0412 0.0773 
     H9572.3 12 0.1388 0.0237 0.0097 0.0166 0.0279 0.3145 0.1670 0.1060 0.0689 0.0714 0.0433 0.0122 
     H9572.4 12 0.4776 0.0266 0.0166 0.0248 0.0160 0.0417 0.0974 0.0338 0.1218 0.0066 0.1069 0.0302 
     H9572.5 12 0.3517 0.0145 0.0427 0.0400 0.0172 0.0044 0.2035 0.0577 0.0712 0.0206 0.1206 0.0560 
