      H105.1  1 0.0043 0.0026 0.0024 0.0024 0.9463 0.0019 0.0017 0.0023 0.0046 0.0028 0.0028 0.0033 0.0029 0.0021 0.0044 0.0024 0.0030 0.0021 0.0031 0.0027 
      H105.2  1 0.0032 0.0020 0.0029 0.0040 0.9180 0.0057 0.0036 0.0048 0.0063 0.0030 0.0093 0.0063 0.0057 0.0032 0.0035 0.0041 0.0026 0.0029 0.0031 0.0059 
      H105.3  1 0.0031 0.0027 0.0028 0.0018 0.9494 0.0022 0.0033 0.0034 0.0027 0.0020 0.0029 0.0017 0.0025 0.0021 0.0045 0.0027 0.0021 0.0026 0.0028 0.0030 
      H105.4  1 0.0031 0.0024 0.0042 0.0026 0.9365 0.0025 0.0027 0.0045 0.0048 0.0029 0.0032 0.0026 0.0051 0.0037 0.0037 0.0023 0.0028 0.0038 0.0030 0.0034 
      H105.5  1 0.0046 0.0039 0.0039 0.0041 0.9034 0.0026 0.0033 0.0076 0.0128 0.0062 0.0117 0.0067 0.0046 0.0046 0.0040 0.0029 0.0029 0.0025 0.0039 0.0036 
      H105.6  1 0.0031 0.0041 0.0089 0.0070 0.9023 0.0032 0.0075 0.0062 0.0048 0.0083 0.0034 0.0038 0.0067 0.0041 0.0050 0.0052 0.0026 0.0048 0.0052 0.0040 
      H105.7  1 0.0068 0.0034 0.0039 0.0109 0.8797 0.0037 0.0078 0.0065 0.0072 0.0061 0.0089 0.0065 0.0060 0.0053 0.0169 0.0060 0.0037 0.0030 0.0029 0.0049 
      H105.8  1 0.0036 0.0022 0.0021 0.0022 0.9464 0.0026 0.0025 0.0033 0.0033 0.0020 0.0038 0.0024 0.0035 0.0021 0.0030 0.0022 0.0022 0.0024 0.0024 0.0059 
      H115.1  1 0.0048 0.0034 0.0028 0.0058 0.0059 0.0068 0.0586 0.8037 0.0114 0.0140 0.0043 0.0065 0.0204 0.0079 0.0075 0.0054 0.0130 0.0041 0.0052 0.0084 
      H115.2  1 0.0043 0.0030 0.0039 0.0050 0.0035 0.0074 0.0094 0.8602 0.0058 0.0470 0.0084 0.0050 0.0039 0.0057 0.0049 0.0077 0.0046 0.0030 0.0040 0.0033 
      H115.3  1 0.0030 0.0039 0.0034 0.0028 0.0039 0.0075 0.0028 0.9060 0.0069 0.0102 0.0042 0.0030 0.0039 0.0070 0.0057 0.0085 0.0063 0.0038 0.0041 0.0031 
      H115.4  1 0.0045 0.0063 0.0047 0.0028 0.0038 0.0082 0.0055 0.8385 0.0101 0.0043 0.0239 0.0091 0.0036 0.0071 0.0045 0.0116 0.0126 0.0056 0.0030 0.0302 
      H115.5  1 0.0068 0.0108 0.0075 0.0050 0.0100 0.0063 0.0147 0.7991 0.0108 0.0260 0.0054 0.0064 0.0071 0.0074 0.0061 0.0126 0.0408 0.0082 0.0033 0.0057 
      H115.6  1 0.0057 0.0046 0.0063 0.0069 0.0036 0.0280 0.0036 0.7837 0.0068 0.0274 0.0056 0.0051 0.0046 0.0080 0.0114 0.0591 0.0153 0.0027 0.0086 0.0030 
      H115.7  1 0.0041 0.0075 0.0049 0.0080 0.0046 0.0108 0.0441 0.8084 0.0160 0.0109 0.0097 0.0069 0.0110 0.0051 0.0132 0.0109 0.0094 0.0029 0.0060 0.0053 
      H115.8  1 0.0065 0.0037 0.0029 0.0042 0.0060 0.0108 0.0049 0.8954 0.0047 0.0143 0.0046 0.0053 0.0026 0.0041 0.0061 0.0068 0.0084 0.0021 0.0032 0.0032 
      H115.9  1 0.0048 0.0037 0.0022 0.0041 0.0047 0.0057 0.0113 0.7758 0.0099 0.1000 0.0048 0.0050 0.0148 0.0070 0.0108 0.0079 0.0074 0.0032 0.0031 0.0136 
      H145.1  1 0.0031 0.8686 0.0065 0.0126 0.0021 0.0141 0.0026 0.0050 0.0122 0.0113 0.0033 0.0034 0.0048 0.0058 0.0071 0.0180 0.0045 0.0038 0.0081 0.0032 
      H145.2  1 0.0031 0.9089 0.0060 0.0074 0.0028 0.0081 0.0022 0.0045 0.0056 0.0043 0.0040 0.0020 0.0033 0.0061 0.0040 0.0079 0.0052 0.0047 0.0043 0.0055 
      H145.3  1 0.0036 0.9443 0.0019 0.0031 0.0022 0.0103 0.0023 0.0032 0.0028 0.0021 0.0020 0.0026 0.0024 0.0022 0.0024 0.0024 0.0020 0.0028 0.0029 0.0024 
      H145.4  1 0.0027 0.8950 0.0048 0.0213 0.0030 0.0048 0.0029 0.0033 0.0070 0.0047 0.0038 0.0036 0.0056 0.0060 0.0088 0.0072 0.0035 0.0026 0.0058 0.0035 
      H145.5  1 0.0040 0.9248 0.0021 0.0039 0.0032 0.0209 0.0024 0.0025 0.0039 0.0023 0.0028 0.0028 0.0030 0.0027 0.0029 0.0034 0.0029 0.0023 0.0043 0.0029 
      H145.6  1 0.0027 0.9251 0.0050 0.0066 0.0021 0.0043 0.0025 0.0028 0.0050 0.0041 0.0033 0.0022 0.0029 0.0033 0.0069 0.0064 0.0042 0.0034 0.0036 0.0037 
      H145.7  1 0.0032 0.9405 0.0035 0.0040 0.0022 0.0033 0.0021 0.0034 0.0026 0.0019 0.0029 0.0023 0.0029 0.0031 0.0037 0.0043 0.0052 0.0028 0.0031 0.0030 
      H149.1  1 0.0024 0.0034 0.0025 0.0044 0.0025 0.0050 0.0026 0.0026 0.0029 0.0026 0.0031 0.0030 0.0038 0.0053 0.0028 0.0043 0.9376 0.0026 0.0036 0.0031 
      H149.2  1 0.0042 0.0071 0.0040 0.0078 0.0037 0.0055 0.0024 0.0030 0.0073 0.0029 0.0062 0.0028 0.0058 0.0034 0.0056 0.0054 0.9132 0.0027 0.0043 0.0028 
      H149.3  1 0.0053 0.0356 0.0075 0.0103 0.0081 0.0178 0.0044 0.0222 0.0306 0.0046 0.0137 0.0134 0.0097 0.0558 0.0604 0.0100 0.6604 0.0111 0.0055 0.0138 
      H149.4  1 0.0093 0.0036 0.0023 0.0036 0.0071 0.0078 0.0033 0.0033 0.0029 0.0048 0.0061 0.0044 0.0052 0.0055 0.0055 0.0048 0.8901 0.0036 0.0028 0.0239 
      H149.5  1 0.0090 0.0165 0.0075 0.0113 0.0212 0.0042 0.0038 0.0044 0.0254 0.0026 0.0327 0.0085 0.0065 0.0080 0.0445 0.0043 0.7582 0.0085 0.0049 0.0180 
      H149.6  1 0.0027 0.0064 0.0028 0.0065 0.0056 0.0043 0.0028 0.0027 0.0062 0.0022 0.0044 0.0034 0.0042 0.0052 0.0100 0.0052 0.9157 0.0042 0.0027 0.0028 
      H149.7  1 0.0134 0.0041 0.0093 0.0261 0.0188 0.0120 0.0061 0.0095 0.0153 0.0039 0.0068 0.0571 0.0128 0.0231 0.0305 0.0120 0.6832 0.0055 0.0051 0.0454 
      H150.1  1 0.0048 0.0043 0.0053 0.0053 0.0054 0.0063 0.0031 0.7142 0.0042 0.2109 0.0035 0.0039 0.0054 0.0030 0.0057 0.0045 0.0022 0.0020 0.0037 0.0021 
      H150.2  1 0.0045 0.0024 0.0069 0.0059 0.0036 0.0117 0.0067 0.8429 0.0040 0.0623 0.0057 0.0058 0.0040 0.0060 0.0045 0.0079 0.0049 0.0038 0.0034 0.0034 
      H150.3  1 0.0058 0.0072 0.0056 0.0087 0.0045 0.0723 0.0441 0.2713 0.0102 0.5001 0.0044 0.0136 0.0075 0.0033 0.0079 0.0101 0.0042 0.0028 0.0121 0.0042 
      H150.4  1 0.0063 0.0086 0.0036 0.0054 0.0046 0.0103 0.0066 0.1868 0.0061 0.7163 0.0031 0.0085 0.0070 0.0031 0.0052 0.0054 0.0035 0.0022 0.0045 0.0030 
      H150.5  1 0.0027 0.0038 0.0056 0.0074 0.0047 0.0045 0.0050 0.8588 0.0105 0.0359 0.0071 0.0064 0.0040 0.0041 0.0139 0.0099 0.0047 0.0021 0.0064 0.0025 
      H150.6  1 0.0032 0.0081 0.0098 0.0027 0.0069 0.0062 0.0026 0.8807 0.0050 0.0114 0.0124 0.0065 0.0073 0.0062 0.0051 0.0042 0.0031 0.0037 0.0108 0.0040 
      H150.7  1 0.0066 0.0059 0.0052 0.0041 0.0122 0.0279 0.0063 0.2995 0.0056 0.5886 0.0075 0.0028 0.0034 0.0030 0.0044 0.0042 0.0046 0.0022 0.0027 0.0036 
   H169607.1  1 0.0028 0.0094 0.0076 0.0051 0.0028 0.0128 0.0030 0.0084 0.8828 0.0112 0.0034 0.0070 0.0035 0.0036 0.0038 0.0115 0.0034 0.0024 0.0070 0.0085 
   H169607.2  1 0.0070 0.0031 0.0082 0.0036 0.0037 0.0050 0.0032 0.0028 0.9278 0.0044 0.0036 0.0031 0.0027 0.0024 0.0048 0.0028 0.0028 0.0029 0.0034 0.0027 
   H169607.3  1 0.0026 0.0095 0.0048 0.0073 0.0038 0.0079 0.0024 0.0049 0.9080 0.0041 0.0072 0.0047 0.0037 0.0048 0.0035 0.0050 0.0032 0.0036 0.0029 0.0061 
   H169607.4  1 0.0038 0.0049 0.0097 0.0040 0.0027 0.0071 0.0025 0.0033 0.9259 0.0053 0.0022 0.0023 0.0024 0.0027 0.0028 0.0033 0.0023 0.0028 0.0075 0.0022 
   H169607.5  1 0.0040 0.0034 0.0027 0.0043 0.0021 0.0034 0.0035 0.0035 0.9371 0.0052 0.0027 0.0029 0.0025 0.0046 0.0036 0.0027 0.0027 0.0030 0.0038 0.0024 
   H169607.6  1 0.0056 0.0027 0.0059 0.0045 0.0039 0.0043 0.0024 0.0023 0.9376 0.0045 0.0036 0.0021 0.0024 0.0022 0.0026 0.0025 0.0022 0.0027 0.0027 0.0032 
   H169607.7  1 0.0045 0.0057 0.0042 0.0035 0.0039 0.0057 0.0024 0.0079 0.9152 0.0034 0.0035 0.0077 0.0021 0.0069 0.0034 0.0034 0.0029 0.0026 0.0031 0.0080 
   H169607.8  1 0.0064 0.0035 0.0042 0.0032 0.0034 0.0035 0.0029 0.0033 0.9305 0.0048 0.0030 0.0037 0.0032 0.0028 0.0037 0.0023 0.0020 0.0029 0.0081 0.0026 
   H169633.1  1 0.0044 0.0152 0.0086 0.0066 0.0036 0.0046 0.0178 0.0053 0.0026 0.0050 0.0046 0.0219 0.0042 0.0042 0.0072 0.0097 0.8605 0.0055 0.0051 0.0035 
   H169633.2  1 0.0041 0.0127 0.0109 0.0065 0.0121 0.0025 0.0062 0.0039 0.0017 0.0028 0.0065 0.0197 0.0104 0.0039 0.0037 0.0980 0.7746 0.0076 0.0053 0.0069 
   H169633.3  1 0.0068 0.0044 0.0071 0.0218 0.0033 0.0048 0.0084 0.0066 0.0030 0.0078 0.0052 0.0074 0.0067 0.0132 0.0099 0.0069 0.8568 0.0079 0.0065 0.0055 
   H169633.4  1 0.0041 0.0072 0.0033 0.0174 0.0034 0.0046 0.0109 0.0050 0.0052 0.0059 0.0043 0.0028 0.0057 0.0061 0.0083 0.0076 0.8775 0.0079 0.0085 0.0043 
   H169633.5  1 0.0058 0.0093 0.0033 0.0165 0.0042 0.0035 0.0127 0.0065 0.0052 0.0075 0.0061 0.0034 0.0047 0.0067 0.0078 0.0081 0.8731 0.0060 0.0059 0.0038 
   H169688.1  1 0.0119 0.0071 0.0068 0.0201 0.0037 0.0211 0.0239 0.0041 0.0139 0.0059 0.0145 0.8243 0.0054 0.0032 0.0031 0.0029 0.0047 0.0103 0.0062 0.0067 
   H169688.2  1 0.0040 0.0030 0.0076 0.0062 0.0078 0.0027 0.0048 0.0031 0.0036 0.0028 0.0052 0.9136 0.0069 0.0057 0.0031 0.0029 0.0029 0.0031 0.0044 0.0067 
   H169688.3  1 0.0020 0.0032 0.0036 0.0030 0.0036 0.0031 0.0025 0.0031 0.0021 0.0031 0.0026 0.9412 0.0047 0.0029 0.0035 0.0053 0.0031 0.0018 0.0026 0.0030 
   H169688.4  1 0.0022 0.0030 0.0020 0.0026 0.0021 0.0027 0.0021 0.0042 0.0033 0.0049 0.0024 0.9466 0.0038 0.0032 0.0027 0.0027 0.0027 0.0019 0.0022 0.0027 
   H169688.5  1 0.0018 0.0027 0.0023 0.0029 0.0017 0.0025 0.0020 0.0061 0.0037 0.0045 0.0027 0.9456 0.0037 0.0036 0.0022 0.0026 0.0025 0.0022 0.0023 0.0023 
   H169688.6  1 0.0036 0.0028 0.0034 0.0036 0.0026 0.0032 0.0043 0.0025 0.0029 0.0026 0.0060 0.8768 0.0032 0.0034 0.0023 0.0022 0.0075 0.0055 0.0038 0.0578 
   H169688.7  1 0.0097 0.0153 0.0056 0.0048 0.0044 0.0118 0.0026 0.0127 0.0033 0.0076 0.0041 0.8786 0.0092 0.0053 0.0040 0.0066 0.0034 0.0023 0.0042 0.0045 
   H171901.1  1 0.0038 0.0425 0.0068 0.2712 0.0759 0.0083 0.0467 0.1543 0.1603 0.0365 0.0665 0.0159 0.0073 0.0149 0.0452 0.0164 0.0072 0.0028 0.0046 0.0129 
   H171901.2  1 0.0093 0.0054 0.0105 0.0142 0.0972 0.0097 0.0039 0.0118 0.0262 0.0200 0.0080 0.0049 0.0056 0.0440 0.0061 0.0061 0.6895 0.0032 0.0221 0.0021 
   H171901.3  1 0.0036 0.0043 0.0251 0.0510 0.0126 0.0046 0.0104 0.0341 0.0607 0.0176 0.0099 0.0201 0.0084 0.0276 0.0098 0.0142 0.6622 0.0064 0.0125 0.0048 
   H171901.4  1 0.0038 0.0048 0.0381 0.0055 0.0820 0.0068 0.0043 0.0271 0.0328 0.0126 0.0058 0.0064 0.0070 0.0175 0.0052 0.0092 0.7107 0.0049 0.0102 0.0055 
   H171901.5  1 0.0047 0.0035 0.0990 0.0083 0.0419 0.0110 0.0028 0.0541 0.0235 0.0203 0.0238 0.0059 0.0122 0.0542 0.0047 0.0390 0.5481 0.0044 0.0303 0.0083 
   H171901.6  1 0.0062 0.0061 0.2412 0.0322 0.0179 0.0225 0.0043 0.0538 0.0202 0.0247 0.0507 0.0107 0.0134 0.0609 0.0056 0.0588 0.3289 0.0075 0.0192 0.0153 
   H171901.7  1 0.0039 0.0064 0.0444 0.2218 0.0044 0.0069 0.0084 0.0161 0.0190 0.0148 0.0479 0.0297 0.0071 0.1944 0.0040 0.0241 0.3270 0.0076 0.0057 0.0064 
   H171902.1  1 0.0044 0.0030 0.0059 0.0034 0.0019 0.9315 0.0023 0.0033 0.0046 0.0032 0.0033 0.0028 0.0031 0.0032 0.0028 0.0077 0.0039 0.0030 0.0024 0.0044 
  H171902.10  1 0.0032 0.0029 0.0021 0.0028 0.0027 0.9342 0.0021 0.0046 0.0035 0.0033 0.0037 0.0066 0.0022 0.0064 0.0035 0.0034 0.0035 0.0022 0.0033 0.0037 
   H171902.2  1 0.0055 0.0027 0.0121 0.0046 0.0029 0.9131 0.0034 0.0040 0.0043 0.0040 0.0052 0.0040 0.0026 0.0021 0.0027 0.0056 0.0104 0.0023 0.0026 0.0060 
   H171902.3  1 0.0055 0.0025 0.0099 0.0048 0.0024 0.9189 0.0032 0.0045 0.0043 0.0046 0.0045 0.0033 0.0028 0.0029 0.0022 0.0062 0.0087 0.0030 0.0024 0.0034 
   H171902.4  1 0.0028 0.0032 0.0027 0.0050 0.0024 0.9303 0.0024 0.0033 0.0033 0.0030 0.0038 0.0025 0.0030 0.0032 0.0030 0.0047 0.0135 0.0020 0.0029 0.0033 
   H171902.6  1 0.0031 0.0030 0.0021 0.0035 0.0023 0.9439 0.0020 0.0026 0.0036 0.0031 0.0053 0.0021 0.0024 0.0030 0.0024 0.0037 0.0035 0.0027 0.0030 0.0028 
   H171902.7  1 0.0039 0.0030 0.0022 0.0151 0.0066 0.8778 0.0017 0.0093 0.0314 0.0028 0.0048 0.0035 0.0040 0.0069 0.0041 0.0058 0.0060 0.0021 0.0057 0.0035 
   H171902.8  1 0.0030 0.0030 0.0035 0.0050 0.0023 0.9296 0.0032 0.0038 0.0044 0.0041 0.0053 0.0028 0.0029 0.0038 0.0026 0.0057 0.0064 0.0023 0.0036 0.0027 
   H171902.9  1 0.0042 0.0039 0.0032 0.0029 0.0031 0.9339 0.0025 0.0042 0.0048 0.0078 0.0022 0.0027 0.0023 0.0033 0.0028 0.0056 0.0030 0.0027 0.0027 0.0023 
   H171903.1  1 0.0050 0.0034 0.0047 0.0066 0.0073 0.0033 0.0049 0.0242 0.8724 0.0158 0.0041 0.0062 0.0032 0.0142 0.0045 0.0066 0.0030 0.0035 0.0041 0.0031 
   H171903.2  1 0.0038 0.0048 0.0063 0.0091 0.0396 0.0038 0.0027 0.0173 0.7772 0.0210 0.0066 0.0074 0.0102 0.0454 0.0074 0.0128 0.0032 0.0071 0.0087 0.0057 
   H171903.3  1 0.0074 0.0045 0.0027 0.1167 0.0506 0.0046 0.0038 0.0135 0.5559 0.0157 0.0078 0.0090 0.0220 0.0187 0.0115 0.1060 0.0072 0.0214 0.0162 0.0047 
   H171903.4  1 0.0028 0.0061 0.0040 0.0189 0.0052 0.0271 0.0050 0.0202 0.7335 0.0079 0.0041 0.0997 0.0048 0.0208 0.0090 0.0111 0.0049 0.0038 0.0079 0.0034 
   H171903.5  1 0.0033 0.0049 0.0056 0.0183 0.0390 0.0058 0.0046 0.0204 0.6399 0.0325 0.0228 0.0855 0.0153 0.0176 0.0075 0.0439 0.0168 0.0049 0.0048 0.0066 
   H171903.6  1 0.0029 0.0037 0.0031 0.0153 0.0029 0.0047 0.0019 0.0088 0.6985 0.0104 0.0058 0.1714 0.0044 0.0373 0.0031 0.0041 0.0091 0.0067 0.0024 0.0036 
      H177.1  1 0.0048 0.0029 0.0026 0.0123 0.0023 0.0035 0.0054 0.0042 0.0043 0.0059 0.0047 0.0065 0.0036 0.9093 0.0026 0.0028 0.0041 0.0036 0.0085 0.0062 
      H177.2  1 0.0212 0.0693 0.0039 0.0052 0.0038 0.0059 0.0024 0.0180 0.0210 0.0051 0.0137 0.0063 0.0084 0.7414 0.0082 0.0064 0.0110 0.0031 0.0191 0.0263 
      H177.3  1 0.0032 0.0114 0.0028 0.0049 0.0022 0.0038 0.0019 0.0037 0.0067 0.0031 0.0047 0.0034 0.0045 0.9161 0.0041 0.0055 0.0054 0.0037 0.0042 0.0047 
      H177.4  1 0.0057 0.0071 0.0072 0.0224 0.0078 0.0047 0.0022 0.0035 0.0067 0.0038 0.0064 0.0031 0.0040 0.8125 0.0075 0.0091 0.0068 0.0162 0.0050 0.0583 
      H177.5  1 0.0144 0.0068 0.0146 0.0374 0.0051 0.0032 0.0032 0.0083 0.0036 0.0069 0.0043 0.0105 0.0109 0.8193 0.0123 0.0104 0.0035 0.0033 0.0142 0.0077 
      H177.6  1 0.0044 0.0071 0.0027 0.0045 0.0019 0.0051 0.0021 0.0040 0.0041 0.0035 0.0045 0.0035 0.0041 0.9148 0.0034 0.0067 0.0106 0.0029 0.0049 0.0051 
      H179.1  1 0.0063 0.0020 0.0099 0.0171 0.0061 0.0046 0.0074 0.0094 0.0056 0.0100 0.0049 0.0230 0.0510 0.0076 0.0086 0.0081 0.0038 0.0027 0.0045 0.8074 
      H179.2  1 0.0032 0.0023 0.0068 0.0074 0.0058 0.0074 0.0036 0.0150 0.0079 0.0092 0.0077 0.0178 0.0537 0.0083 0.0039 0.0446 0.0050 0.0143 0.0098 0.7664 
      H179.3  1 0.0030 0.0028 0.0195 0.0289 0.0037 0.0056 0.0068 0.0142 0.0199 0.0173 0.0065 0.1229 0.0148 0.0205 0.0098 0.0071 0.0043 0.0039 0.0071 0.6813 
      H179.4  1 0.0106 0.0049 0.0591 0.0448 0.0072 0.0048 0.0049 0.0069 0.0113 0.0055 0.0101 0.0198 0.0148 0.0134 0.0058 0.0142 0.0139 0.0616 0.0426 0.6438 
      H180.1  1 0.0029 0.0021 0.0036 0.0021 0.0037 0.0076 0.0059 0.8835 0.0064 0.0043 0.0221 0.0042 0.0052 0.0096 0.0028 0.0055 0.0030 0.0032 0.0035 0.0190 
      H180.2  1 0.0032 0.0033 0.0033 0.0032 0.0037 0.0024 0.0063 0.9218 0.0034 0.0027 0.0060 0.0035 0.0057 0.0108 0.0028 0.0040 0.0027 0.0041 0.0025 0.0046 
      H180.3  1 0.0059 0.0064 0.0040 0.0047 0.0033 0.0030 0.0034 0.9034 0.0076 0.0093 0.0034 0.0056 0.0078 0.0047 0.0028 0.0092 0.0037 0.0046 0.0023 0.0051 
      H180.4  1 0.0042 0.0029 0.0060 0.0028 0.0039 0.0055 0.0069 0.9057 0.0040 0.0041 0.0135 0.0025 0.0040 0.0066 0.0036 0.0032 0.0057 0.0028 0.0035 0.0086 
      H180.5  1 0.0065 0.0031 0.0035 0.0039 0.0025 0.0043 0.0031 0.9069 0.0027 0.0029 0.0114 0.0050 0.0025 0.0181 0.0028 0.0034 0.0035 0.0033 0.0025 0.0083 
      H180.6  1 0.0203 0.0154 0.0059 0.0080 0.0039 0.0062 0.0036 0.8749 0.0066 0.0059 0.0033 0.0041 0.0054 0.0042 0.0032 0.0051 0.0105 0.0039 0.0019 0.0078 
      H181.1  1 0.0073 0.0027 0.0028 0.0058 0.0087 0.0054 0.0030 0.0055 0.0092 0.0023 0.9038 0.0035 0.0036 0.0063 0.0028 0.0028 0.0143 0.0029 0.0029 0.0045 
      H181.2  1 0.0064 0.0060 0.0061 0.0041 0.0039 0.0042 0.0034 0.0043 0.0022 0.0032 0.9141 0.0031 0.0040 0.0076 0.0031 0.0050 0.0055 0.0029 0.0047 0.0064 
      H181.3  1 0.0074 0.0030 0.0048 0.0036 0.0044 0.0050 0.0047 0.0055 0.0046 0.0047 0.9138 0.0035 0.0021 0.0058 0.0042 0.0029 0.0101 0.0024 0.0040 0.0034 
      H181.4  1 0.0223 0.0056 0.0165 0.0062 0.0096 0.0055 0.0053 0.0110 0.0071 0.0123 0.8364 0.0081 0.0042 0.0095 0.0068 0.0039 0.0164 0.0046 0.0049 0.0038 
      H181.5  1 0.0030 0.0026 0.0027 0.0063 0.0038 0.0029 0.0041 0.0036 0.0034 0.0038 0.9203 0.0045 0.0062 0.0037 0.0042 0.0036 0.0036 0.0040 0.0031 0.0108 
      H181.6  1 0.0030 0.0029 0.0121 0.0069 0.0065 0.0036 0.0028 0.0056 0.0039 0.0051 0.8867 0.0031 0.0065 0.0055 0.0031 0.0081 0.0047 0.0059 0.0030 0.0209 
      H181.7  1 0.0039 0.0036 0.0033 0.0043 0.0056 0.0033 0.0030 0.0035 0.0047 0.0043 0.9102 0.0061 0.0057 0.0031 0.0036 0.0042 0.0035 0.0055 0.0026 0.0159 
 H194.1_2004  1 0.0031 0.0036 0.0044 0.9226 0.0023 0.0043 0.0027 0.0042 0.0062 0.0047 0.0024 0.0042 0.0051 0.0047 0.0034 0.0084 0.0048 0.0034 0.0030 0.0024 
 H194.2_2004  1 0.0030 0.0037 0.0028 0.9410 0.0026 0.0030 0.0034 0.0025 0.0064 0.0037 0.0033 0.0028 0.0022 0.0031 0.0026 0.0037 0.0027 0.0024 0.0032 0.0020 
 H194.3_2004  1 0.0045 0.0104 0.0043 0.8127 0.0034 0.0060 0.0022 0.0036 0.0052 0.0028 0.0058 0.0055 0.0600 0.0176 0.0038 0.0092 0.0238 0.0042 0.0067 0.0084 
 H194.4_2004  1 0.0040 0.0101 0.0041 0.9199 0.0032 0.0058 0.0028 0.0022 0.0036 0.0032 0.0045 0.0023 0.0027 0.0076 0.0020 0.0055 0.0057 0.0036 0.0035 0.0038 
 H194.5_2004  1 0.0081 0.0039 0.0115 0.8788 0.0037 0.0050 0.0031 0.0027 0.0075 0.0031 0.0046 0.0044 0.0194 0.0037 0.0040 0.0108 0.0111 0.0054 0.0063 0.0030 
 H194.6_2004  1 0.0041 0.0075 0.0109 0.7859 0.0036 0.0110 0.0034 0.0039 0.0078 0.0068 0.0047 0.0065 0.0308 0.0575 0.0036 0.0107 0.0159 0.0131 0.0052 0.0073 
 H194.7_2004  1 0.0046 0.0030 0.0030 0.9385 0.0032 0.0022 0.0028 0.0029 0.0063 0.0034 0.0026 0.0036 0.0033 0.0042 0.0029 0.0029 0.0031 0.0031 0.0023 0.0022 
 H194.8_2004  1 0.0036 0.0054 0.0089 0.9097 0.0038 0.0043 0.0028 0.0024 0.0066 0.0045 0.0058 0.0027 0.0042 0.0071 0.0024 0.0057 0.0060 0.0054 0.0051 0.0035 
      H194.9  1 0.0046 0.0051 0.0056 0.9318 0.0026 0.0041 0.0041 0.0025 0.0041 0.0051 0.0042 0.0021 0.0026 0.0037 0.0025 0.0044 0.0030 0.0030 0.0027 0.0023 
 H195.1_2003  1 0.0032 0.0022 0.9510 0.0030 0.0021 0.0027 0.0023 0.0024 0.0025 0.0023 0.0024 0.0023 0.0024 0.0023 0.0020 0.0035 0.0032 0.0023 0.0034 0.0024 
 H195.1_2004  1 0.0035 0.9127 0.0089 0.0037 0.0024 0.0053 0.0030 0.0042 0.0026 0.0023 0.0061 0.0036 0.0026 0.0076 0.0046 0.0045 0.0082 0.0038 0.0081 0.0023 
 H195.2_2003  1 0.0094 0.0080 0.8791 0.0044 0.0051 0.0077 0.0026 0.0023 0.0083 0.0082 0.0039 0.0313 0.0028 0.0028 0.0041 0.0051 0.0032 0.0038 0.0056 0.0024 
 H195.2_2004  1 0.0108 0.7758 0.1426 0.0047 0.0029 0.0038 0.0027 0.0042 0.0033 0.0030 0.0031 0.0099 0.0040 0.0037 0.0030 0.0039 0.0073 0.0030 0.0051 0.0034 
 H195.3_2003  1 0.0078 0.0046 0.8429 0.0080 0.0067 0.0028 0.0067 0.0067 0.0129 0.0396 0.0068 0.0171 0.0064 0.0049 0.0066 0.0031 0.0023 0.0043 0.0077 0.0020 
 H195.3_2004  1 0.0053 0.7071 0.1855 0.0080 0.0032 0.0071 0.0039 0.0027 0.0035 0.0025 0.0067 0.0034 0.0035 0.0099 0.0031 0.0089 0.0191 0.0036 0.0103 0.0027 
 H195.4_2003  1 0.0026 0.0404 0.8805 0.0070 0.0025 0.0035 0.0018 0.0031 0.0032 0.0025 0.0029 0.0025 0.0029 0.0076 0.0043 0.0118 0.0104 0.0037 0.0028 0.0038 
 H195.4_2004  1 0.0052 0.8772 0.0410 0.0068 0.0019 0.0032 0.0040 0.0026 0.0042 0.0025 0.0037 0.0121 0.0038 0.0069 0.0026 0.0038 0.0048 0.0048 0.0041 0.0048 
 H195.5_2003  1 0.0027 0.0038 0.9126 0.0036 0.0022 0.0031 0.0081 0.0054 0.0032 0.0035 0.0029 0.0022 0.0031 0.0034 0.0072 0.0033 0.0052 0.0046 0.0173 0.0027 
 H195.5_2004  1 0.0023 0.9104 0.0238 0.0033 0.0036 0.0034 0.0072 0.0042 0.0019 0.0031 0.0039 0.0034 0.0033 0.0052 0.0027 0.0034 0.0034 0.0041 0.0042 0.0031 
 H195.6_2003  1 0.0042 0.0523 0.8569 0.0030 0.0031 0.0060 0.0022 0.0039 0.0087 0.0082 0.0043 0.0148 0.0026 0.0046 0.0075 0.0037 0.0030 0.0037 0.0051 0.0023 
 H195.6_2004  1 0.0048 0.8273 0.0955 0.0067 0.0075 0.0039 0.0046 0.0024 0.0059 0.0026 0.0029 0.0038 0.0045 0.0044 0.0026 0.0037 0.0034 0.0047 0.0055 0.0034 
 H195.7_2003  1 0.0036 0.0197 0.8916 0.0032 0.0032 0.0027 0.0021 0.0027 0.0042 0.0021 0.0059 0.0316 0.0035 0.0037 0.0036 0.0051 0.0029 0.0028 0.0031 0.0027 
 H195.7_2004  1 0.0044 0.9265 0.0104 0.0024 0.0023 0.0026 0.0037 0.0070 0.0027 0.0060 0.0032 0.0074 0.0022 0.0030 0.0026 0.0024 0.0022 0.0026 0.0044 0.0021 
      H195.8  1 0.0021 0.9405 0.0038 0.0033 0.0022 0.0025 0.0036 0.0030 0.0031 0.0029 0.0036 0.0030 0.0020 0.0039 0.0031 0.0031 0.0034 0.0039 0.0042 0.0028 
      H195.9  1 0.0053 0.8244 0.0767 0.0090 0.0024 0.0042 0.0025 0.0030 0.0040 0.0030 0.0039 0.0045 0.0044 0.0198 0.0030 0.0044 0.0069 0.0072 0.0079 0.0035 
      H415.1  1 0.0025 0.0042 0.0038 0.0071 0.0033 0.0043 0.0063 0.0085 0.0039 0.0121 0.0046 0.0084 0.0041 0.0066 0.0035 0.8969 0.0079 0.0019 0.0056 0.0045 
      H415.2  1 0.0071 0.0055 0.0039 0.0144 0.0043 0.0506 0.0034 0.0062 0.0214 0.0204 0.0044 0.0117 0.0203 0.0349 0.0180 0.7425 0.0053 0.0030 0.0124 0.0103 
      H415.3  1 0.0040 0.0026 0.0041 0.0034 0.0027 0.0029 0.0031 0.0038 0.0026 0.0037 0.0046 0.0048 0.0037 0.0051 0.0058 0.9171 0.0062 0.0023 0.0041 0.0135 
      H415.4  1 0.0023 0.0037 0.0055 0.0040 0.0037 0.0040 0.0019 0.0041 0.0036 0.0044 0.0033 0.0026 0.0053 0.0026 0.0026 0.9326 0.0049 0.0022 0.0042 0.0025 
      H415.5  1 0.0022 0.0034 0.0040 0.0034 0.0022 0.0034 0.0021 0.0033 0.0029 0.0031 0.0039 0.0028 0.0043 0.0032 0.0023 0.9391 0.0049 0.0022 0.0035 0.0037 
      H415.6  1 0.0026 0.0026 0.0055 0.0041 0.0033 0.0045 0.0019 0.0046 0.0030 0.0055 0.0025 0.0023 0.0073 0.0025 0.0027 0.9332 0.0036 0.0024 0.0039 0.0020 
      H415.7  1 0.0051 0.0052 0.0059 0.0065 0.0037 0.0255 0.0025 0.0041 0.0247 0.0059 0.0055 0.0098 0.0045 0.0151 0.0107 0.8129 0.0194 0.0060 0.0106 0.0163 
      H506.1  1 0.0045 0.0028 0.0034 0.0024 0.0028 0.0020 0.0024 0.0021 0.0025 0.0018 0.0039 0.0020 0.0051 0.0030 0.0034 0.0022 0.0032 0.0030 0.0023 0.9451 
      H506.2  1 0.0037 0.0060 0.0048 0.0023 0.0033 0.0027 0.0022 0.0023 0.0028 0.0018 0.0051 0.0021 0.0032 0.0071 0.0028 0.0033 0.0039 0.0038 0.0032 0.9337 
      H506.3  1 0.0040 0.0069 0.0045 0.0033 0.0035 0.0034 0.0021 0.0058 0.0051 0.0037 0.0220 0.0117 0.0130 0.0211 0.0046 0.0038 0.0049 0.0033 0.0061 0.8670 
      H506.4  1 0.0032 0.0030 0.0037 0.0034 0.0021 0.0062 0.0029 0.0062 0.0066 0.0059 0.0058 0.0039 0.0037 0.0081 0.0052 0.0066 0.0045 0.0105 0.0035 0.9049 
      H506.5  1 0.0026 0.0050 0.0068 0.0025 0.0025 0.0038 0.0025 0.0024 0.0039 0.0026 0.0047 0.0023 0.0036 0.0069 0.0035 0.0048 0.0049 0.0066 0.0042 0.9238 
      H506.6  1 0.0031 0.0161 0.0170 0.0044 0.0026 0.0038 0.0021 0.0039 0.0194 0.0055 0.0082 0.0085 0.0031 0.1173 0.0051 0.0068 0.0039 0.0068 0.0135 0.7487 
      H506.7  1 0.0036 0.0042 0.0059 0.0024 0.0032 0.0022 0.0024 0.0023 0.0034 0.0016 0.0054 0.0024 0.0037 0.0051 0.0037 0.0027 0.0037 0.0033 0.0038 0.9350 
      H533.1  1 0.0024 0.0032 0.0019 0.0024 0.0094 0.0020 0.0029 0.0071 0.0028 0.0019 0.0120 0.0020 0.0051 0.0046 0.0023 0.0033 0.0085 0.0029 0.0018 0.9214 
      H533.2  1 0.0025 0.0031 0.0022 0.0024 0.0115 0.0027 0.0028 0.0065 0.0027 0.0019 0.0128 0.0019 0.0056 0.0041 0.0026 0.0044 0.0108 0.0035 0.0023 0.9138 
      H533.3  1 0.0050 0.0038 0.0019 0.0033 0.0030 0.0021 0.0023 0.0032 0.0079 0.0023 0.0038 0.0027 0.0037 0.0033 0.0031 0.0029 0.0047 0.0029 0.0020 0.9358 
      H533.4  1 0.0055 0.0172 0.0113 0.0159 0.0055 0.0040 0.0031 0.0045 0.0179 0.0049 0.0064 0.0032 0.0024 0.0070 0.0031 0.0084 0.0092 0.0077 0.0047 0.8579 
      H535.1  1 0.0033 0.0026 0.0037 0.0040 0.0025 0.0041 0.0022 0.0028 0.0039 0.0026 0.0032 0.0020 0.0036 0.0047 0.0026 0.0034 0.0025 0.9396 0.0035 0.0033 
      H535.2  1 0.0029 0.0035 0.0025 0.0028 0.0023 0.0024 0.0031 0.0026 0.0030 0.0026 0.0053 0.0023 0.0036 0.0038 0.0031 0.0027 0.0022 0.9434 0.0032 0.0027 
      H535.3  1 0.0025 0.0033 0.0027 0.0023 0.0027 0.0025 0.0040 0.0026 0.0023 0.0020 0.0041 0.0020 0.0034 0.0031 0.0032 0.0022 0.0022 0.9480 0.0022 0.0029 
      H535.4  1 0.0025 0.0029 0.0032 0.0029 0.0027 0.0021 0.0031 0.0024 0.0026 0.0022 0.0022 0.0021 0.0036 0.0027 0.0027 0.0029 0.0051 0.9456 0.0038 0.0029 
      H535.5  1 0.0026 0.0027 0.0032 0.0031 0.0025 0.0022 0.0018 0.0020 0.0046 0.0025 0.0022 0.0022 0.0029 0.0030 0.0020 0.0028 0.0036 0.9489 0.0022 0.0029 
      H535.6  1 0.0034 0.0030 0.0074 0.0047 0.0030 0.0098 0.0033 0.0036 0.0066 0.0046 0.0069 0.0023 0.0042 0.0038 0.0026 0.0033 0.0022 0.9199 0.0028 0.0027 
      H535.7  1 0.0020 0.0017 0.0025 0.0025 0.0022 0.0017 0.0018 0.0020 0.0024 0.0019 0.0021 0.0022 0.0026 0.0026 0.0018 0.0018 0.0025 0.9586 0.0024 0.0026 
      H535.8  1 0.0037 0.0024 0.0050 0.0037 0.0033 0.0023 0.0020 0.0021 0.0038 0.0027 0.0028 0.0025 0.0040 0.0019 0.0026 0.0026 0.0025 0.9435 0.0040 0.0025 
      H535.9  1 0.0023 0.0026 0.0033 0.0028 0.0025 0.0031 0.0032 0.0028 0.0032 0.0029 0.0034 0.0022 0.0028 0.0034 0.0022 0.0024 0.0025 0.9475 0.0023 0.0027 
      H539.1  1 0.0035 0.0025 0.0023 0.0037 0.0029 0.0058 0.0029 0.0065 0.0045 0.9410 0.0022 0.0021 0.0019 0.0036 0.0024 0.0029 0.0019 0.0028 0.0025 0.0021 
      H539.2  1 0.0075 0.0042 0.0059 0.0121 0.0037 0.0054 0.0311 0.1226 0.0842 0.5946 0.0057 0.0296 0.0072 0.0381 0.0073 0.0049 0.0044 0.0090 0.0186 0.0038 
      H539.3  1 0.0037 0.0053 0.0102 0.0204 0.0035 0.0054 0.0091 0.0094 0.0259 0.8562 0.0027 0.0079 0.0038 0.0079 0.0036 0.0047 0.0026 0.0102 0.0041 0.0035 
      H539.4  1 0.0030 0.0031 0.0030 0.0028 0.0031 0.0039 0.0035 0.0496 0.0059 0.8736 0.0037 0.0073 0.0049 0.0059 0.0047 0.0050 0.0029 0.0032 0.0069 0.0038 
      H539.5  1 0.0043 0.0025 0.0018 0.0041 0.0024 0.0038 0.0033 0.0057 0.0057 0.9404 0.0025 0.0029 0.0027 0.0042 0.0020 0.0019 0.0024 0.0028 0.0022 0.0022 
      H539.6  1 0.0045 0.0031 0.0036 0.0041 0.0026 0.0065 0.0030 0.0205 0.0092 0.9144 0.0030 0.0028 0.0023 0.0036 0.0024 0.0032 0.0024 0.0024 0.0033 0.0030 
      H539.7  1 0.0018 0.0018 0.0047 0.0033 0.0024 0.0044 0.0048 0.0076 0.0044 0.9338 0.0032 0.0044 0.0023 0.0032 0.0033 0.0048 0.0028 0.0027 0.0023 0.0021 
      H539.8  1 0.0038 0.0029 0.0134 0.0114 0.0037 0.0047 0.0145 0.0537 0.0085 0.8016 0.0045 0.0118 0.0072 0.0061 0.0044 0.0036 0.0040 0.0278 0.0072 0.0052 
      H539.9  1 0.0023 0.0022 0.0022 0.0026 0.0058 0.0025 0.0027 0.0100 0.0056 0.9253 0.0037 0.0056 0.0052 0.0053 0.0035 0.0033 0.0028 0.0027 0.0034 0.0033 
      H540.1  1 0.0058 0.0079 0.0031 0.0051 0.0040 0.0043 0.0020 0.0039 0.0485 0.8641 0.0103 0.0032 0.0044 0.0068 0.0055 0.0038 0.0040 0.0048 0.0045 0.0040 
      H540.2  1 0.0051 0.0030 0.0024 0.0060 0.0029 0.0041 0.0031 0.0041 0.0077 0.9210 0.0059 0.0047 0.0040 0.0038 0.0049 0.0056 0.0028 0.0022 0.0035 0.0031 
      H540.3  1 0.0041 0.0128 0.0038 0.0345 0.0052 0.0076 0.0147 0.0156 0.0118 0.7667 0.0066 0.0102 0.0096 0.0133 0.0064 0.0249 0.0234 0.0046 0.0184 0.0059 
      H540.4  1 0.0031 0.0045 0.0035 0.0042 0.0032 0.0058 0.0067 0.0204 0.0093 0.8642 0.0184 0.0082 0.0049 0.0073 0.0103 0.0081 0.0032 0.0052 0.0038 0.0055 
      H540.5  1 0.0056 0.0032 0.0025 0.0049 0.0037 0.0044 0.0040 0.0038 0.0055 0.9079 0.0072 0.0077 0.0055 0.0075 0.0041 0.0061 0.0040 0.0026 0.0068 0.0030 
      H540.6  1 0.0078 0.0081 0.0025 0.0082 0.0053 0.0074 0.0051 0.0063 0.0311 0.8357 0.0200 0.0084 0.0074 0.0103 0.0095 0.0056 0.0039 0.0045 0.0071 0.0058 
      H540.7  1 0.0211 0.0047 0.0044 0.0099 0.0025 0.0048 0.0067 0.0081 0.0090 0.8480 0.0122 0.0049 0.0048 0.0066 0.0085 0.0123 0.0137 0.0031 0.0060 0.0087 
      H540.8  1 0.0064 0.0032 0.0036 0.0233 0.0023 0.0133 0.0038 0.0055 0.0245 0.8527 0.0069 0.0055 0.0041 0.0064 0.0035 0.0180 0.0070 0.0042 0.0025 0.0033 
     H9558.1  1 0.0022 0.0021 0.0043 0.0036 0.0077 0.0085 0.0034 0.0031 0.0046 0.9242 0.0041 0.0036 0.0027 0.0025 0.0020 0.0039 0.0025 0.0067 0.0028 0.0055 
     H9558.2  1 0.0111 0.0024 0.0144 0.0107 0.0211 0.0091 0.0055 0.0035 0.0051 0.8381 0.0227 0.0056 0.0060 0.0039 0.0070 0.0066 0.0037 0.0079 0.0057 0.0099 
     H9558.3  1 0.0148 0.0023 0.0054 0.0071 0.0383 0.0025 0.0115 0.0042 0.0044 0.8596 0.0080 0.0043 0.0072 0.0025 0.0059 0.0048 0.0022 0.0053 0.0070 0.0026 
     H9558.4  1 0.0026 0.0020 0.0033 0.0052 0.0041 0.0040 0.0046 0.0021 0.0041 0.9300 0.0035 0.0067 0.0022 0.0036 0.0024 0.0036 0.0020 0.0070 0.0029 0.0041 
     H9558.5  1 0.0030 0.0017 0.0021 0.0026 0.0036 0.0023 0.0071 0.0079 0.0026 0.9261 0.0031 0.0082 0.0030 0.0030 0.0037 0.0035 0.0028 0.0075 0.0036 0.0025 
     H9558.6  1 0.0044 0.0025 0.0073 0.0080 0.0181 0.0051 0.0042 0.0036 0.0030 0.8996 0.0047 0.0025 0.0066 0.0046 0.0042 0.0049 0.0044 0.0048 0.0047 0.0027 
    kos339.1  1 0.0319 0.0022 0.0025 0.0033 0.0057 0.0063 0.0027 0.0049 0.0079 0.0049 0.0078 0.0035 0.0047 0.0060 0.0119 0.0125 0.8508 0.0044 0.0036 0.0224 
    kos339.2  1 0.0085 0.0067 0.0045 0.0036 0.0038 0.0052 0.0031 0.0047 0.0031 0.0037 0.0034 0.0040 0.0043 0.0047 0.0088 0.0075 0.9007 0.0050 0.0055 0.0092 
    kos339.3  1 0.0028 0.0026 0.0044 0.0032 0.0023 0.0028 0.0033 0.0035 0.0035 0.0032 0.0040 0.0025 0.0026 0.0037 0.0019 0.0035 0.9378 0.0047 0.0025 0.0051 
    kos339.4  1 0.0030 0.0034 0.0049 0.0035 0.0024 0.0037 0.0025 0.0042 0.0040 0.0036 0.0041 0.0035 0.0026 0.0032 0.0027 0.0047 0.9333 0.0041 0.0028 0.0038 
    kos339.5  1 0.0481 0.0024 0.0030 0.0032 0.0042 0.0060 0.0031 0.0033 0.0038 0.0036 0.0062 0.0030 0.0046 0.0069 0.0059 0.0037 0.8703 0.0031 0.0024 0.0131 
    kos339.6  1 0.0127 0.0055 0.0023 0.0064 0.0030 0.0033 0.0024 0.0024 0.0032 0.0021 0.0038 0.0029 0.0027 0.0050 0.0060 0.0041 0.9198 0.0026 0.0036 0.0061 
    kos339.7  1 0.0026 0.0032 0.0037 0.0031 0.0021 0.0025 0.0025 0.0029 0.0037 0.0026 0.0039 0.0029 0.0027 0.0031 0.0024 0.0042 0.9369 0.0078 0.0031 0.0038 
    kos339.8  1 0.0045 0.0034 0.0041 0.0027 0.0038 0.0032 0.0032 0.0036 0.0030 0.0028 0.0037 0.0035 0.0036 0.0052 0.0049 0.0082 0.9094 0.0037 0.0047 0.0188 
    kos339.9  1 0.0208 0.0050 0.0070 0.0046 0.0066 0.0309 0.0025 0.0117 0.0088 0.0165 0.0125 0.0046 0.0078 0.0171 0.0063 0.0104 0.8069 0.0049 0.0079 0.0075 
      H409.1 12 0.0036 0.0028 0.0028 0.0034 0.0033 0.0029 0.0036 0.0020 0.0018 0.0018 0.0051 0.0035 0.9351 0.0034 0.0044 0.0043 0.0059 0.0019 0.0041 0.0044 
     H409.10 12 0.0054 0.0027 0.0060 0.0022 0.0026 0.0035 0.0071 0.0072 0.0046 0.0066 0.0097 0.0145 0.8732 0.0043 0.0064 0.0077 0.0047 0.0028 0.0068 0.0221 
      H409.2 12 0.0022 0.0030 0.0040 0.0047 0.0031 0.0049 0.0023 0.0030 0.0032 0.0036 0.0038 0.0033 0.9069 0.0063 0.0032 0.0129 0.0076 0.0071 0.0102 0.0045 
      H409.3 12 0.0034 0.0032 0.0034 0.0049 0.0036 0.0033 0.0026 0.0030 0.0034 0.0029 0.0026 0.0036 0.9329 0.0036 0.0032 0.0026 0.0043 0.0038 0.0043 0.0054 
      H409.4 12 0.0027 0.0026 0.0025 0.0052 0.0037 0.0021 0.0024 0.0021 0.0026 0.0031 0.0033 0.0032 0.9431 0.0029 0.0031 0.0026 0.0031 0.0025 0.0042 0.0030 
      H409.5 12 0.0031 0.0027 0.0035 0.0033 0.0046 0.0041 0.0034 0.0033 0.0053 0.0037 0.0026 0.0026 0.9344 0.0029 0.0029 0.0045 0.0025 0.0037 0.0037 0.0033 
      H409.6 12 0.0154 0.0062 0.0029 0.0065 0.0528 0.0033 0.0078 0.0068 0.0048 0.0054 0.0089 0.0055 0.8334 0.0053 0.0088 0.0039 0.0031 0.0071 0.0051 0.0070 
      H409.7 12 0.0044 0.0043 0.0050 0.0055 0.0048 0.0033 0.0034 0.0021 0.0025 0.0022 0.0049 0.0038 0.9236 0.0037 0.0049 0.0035 0.0052 0.0027 0.0072 0.0031 
      H409.8 12 0.0069 0.0028 0.0024 0.0032 0.0041 0.0032 0.0039 0.0031 0.0038 0.0028 0.0034 0.0027 0.9300 0.0034 0.0051 0.0041 0.0040 0.0027 0.0037 0.0049 
      H409.9 12 0.0040 0.0055 0.0033 0.0029 0.0059 0.0035 0.0198 0.0231 0.0163 0.2693 0.0137 0.0055 0.4229 0.0193 0.0433 0.0105 0.0024 0.0081 0.0056 0.1151 
      H413.1 12 0.0046 0.0018 0.0027 0.0024 0.0055 0.0019 0.9379 0.0056 0.0024 0.0026 0.0056 0.0029 0.0029 0.0022 0.0059 0.0024 0.0033 0.0023 0.0031 0.0021 
      H413.2 12 0.0029 0.0021 0.0031 0.0027 0.0058 0.0028 0.9476 0.0033 0.0021 0.0022 0.0035 0.0023 0.0021 0.0019 0.0026 0.0018 0.0041 0.0024 0.0021 0.0025 
      H413.3 12 0.0026 0.0019 0.0024 0.0045 0.0026 0.0026 0.9415 0.0023 0.0031 0.0044 0.0039 0.0053 0.0026 0.0021 0.0065 0.0020 0.0023 0.0019 0.0028 0.0030 
      H413.4 12 0.0077 0.0034 0.0033 0.0038 0.0037 0.0032 0.9182 0.0047 0.0025 0.0028 0.0056 0.0021 0.0039 0.0034 0.0107 0.0033 0.0052 0.0019 0.0061 0.0045 
      H413.5 12 0.0070 0.0036 0.0018 0.0032 0.0025 0.0088 0.9169 0.0163 0.0027 0.0123 0.0032 0.0028 0.0022 0.0023 0.0022 0.0025 0.0024 0.0020 0.0029 0.0027 
      H413.6 12 0.0253 0.0031 0.0110 0.0046 0.0050 0.0024 0.8710 0.0092 0.0027 0.0117 0.0039 0.0167 0.0035 0.0040 0.0068 0.0024 0.0039 0.0027 0.0079 0.0021 
      H413.7 12 0.0024 0.0019 0.0033 0.0029 0.0024 0.0018 0.9515 0.0022 0.0022 0.0030 0.0020 0.0027 0.0022 0.0023 0.0028 0.0025 0.0038 0.0026 0.0033 0.0021 
      H563.1 12 0.0042 0.0031 0.0023 0.0030 0.0035 0.0020 0.0108 0.0044 0.0048 0.0106 0.0035 0.0049 0.0041 0.0042 0.9194 0.0027 0.0025 0.0017 0.0055 0.0028 
      H563.2 12 0.0053 0.0043 0.0030 0.0128 0.0042 0.0048 0.0090 0.0051 0.0038 0.0052 0.0050 0.0038 0.0134 0.0042 0.8840 0.0067 0.0093 0.0039 0.0080 0.0044 
      H563.3 12 0.0109 0.0025 0.0027 0.0031 0.0033 0.0030 0.0047 0.0029 0.0062 0.0087 0.0043 0.0027 0.0036 0.0034 0.9213 0.0023 0.0027 0.0019 0.0070 0.0027 
      H563.4 12 0.0035 0.0037 0.0018 0.0047 0.0118 0.0037 0.0147 0.0072 0.0052 0.0044 0.0039 0.0048 0.0102 0.0040 0.8962 0.0039 0.0046 0.0026 0.0050 0.0042 
      H563.5 12 0.0051 0.0028 0.0021 0.0026 0.0043 0.0021 0.0053 0.0036 0.0045 0.0049 0.0031 0.0039 0.0039 0.0043 0.9292 0.0029 0.0025 0.0018 0.0086 0.0024 
      H563.6 12 0.0066 0.0030 0.0029 0.0070 0.0055 0.0044 0.0091 0.0046 0.0035 0.0038 0.0045 0.0030 0.0067 0.0031 0.9014 0.0048 0.0080 0.0025 0.0111 0.0043 
      H563.7 12 0.0126 0.0027 0.0030 0.0042 0.0051 0.0026 0.0087 0.0030 0.0024 0.0032 0.0055 0.0026 0.0054 0.0026 0.9062 0.0035 0.0099 0.0027 0.0105 0.0038 
      H563.8 12 0.0113 0.0036 0.0028 0.0043 0.0039 0.0026 0.0059 0.0048 0.0060 0.0107 0.0031 0.0053 0.0033 0.0114 0.8993 0.0032 0.0032 0.0022 0.0100 0.0030 
      H563.9 12 0.0090 0.0042 0.0037 0.0135 0.0051 0.0043 0.0074 0.0053 0.0033 0.0054 0.0086 0.0044 0.0253 0.0052 0.8668 0.0050 0.0107 0.0020 0.0057 0.0050 
     H7374.1 12 0.0039 0.0050 0.0162 0.0077 0.0097 0.0038 0.0035 0.0031 0.0064 0.0041 0.0044 0.0028 0.0077 0.0031 0.0042 0.0058 0.0056 0.0031 0.8975 0.0025 
     H7374.2 12 0.0031 0.0036 0.0037 0.0060 0.0052 0.0029 0.0081 0.0036 0.0074 0.0064 0.0033 0.0043 0.0045 0.0047 0.0059 0.0059 0.0024 0.0026 0.9114 0.0050 
     H7374.3 12 0.0049 0.0061 0.0603 0.0149 0.0066 0.0047 0.0044 0.0043 0.0092 0.0076 0.0040 0.0040 0.0063 0.0059 0.0084 0.0122 0.0036 0.0049 0.8229 0.0049 
     H7374.4 12 0.0036 0.0028 0.0031 0.0044 0.0034 0.0032 0.0041 0.0033 0.0026 0.0042 0.0041 0.0051 0.0045 0.0041 0.0036 0.0043 0.0065 0.0053 0.9249 0.0030 
     H7374.5 12 0.0049 0.0029 0.0031 0.0028 0.0046 0.0040 0.0030 0.0028 0.0044 0.0072 0.0040 0.0036 0.0031 0.0034 0.0043 0.0031 0.0047 0.0020 0.9297 0.0026 
     H7374.6 12 0.0055 0.0109 0.0136 0.0146 0.0029 0.0060 0.0039 0.0037 0.0049 0.0107 0.0082 0.0034 0.0043 0.0078 0.0075 0.0165 0.0056 0.0084 0.8566 0.0051 
     H7374.7 12 0.0042 0.0033 0.0023 0.0033 0.0033 0.0027 0.0034 0.0019 0.0023 0.0026 0.0033 0.0037 0.0043 0.0032 0.0039 0.0038 0.0041 0.0048 0.9378 0.0020 
     H7374.8 12 0.0045 0.0035 0.0090 0.0049 0.0055 0.0033 0.0026 0.0028 0.0034 0.0020 0.0037 0.0022 0.0044 0.0034 0.0049 0.0050 0.0045 0.0028 0.9240 0.0036 
     H7374.9 12 0.0047 0.0045 0.0033 0.0025 0.0043 0.0049 0.0029 0.0033 0.0032 0.0062 0.0042 0.0049 0.0028 0.0071 0.0050 0.0029 0.0047 0.0023 0.9239 0.0024 
     H9563.1 12 0.0038 0.0026 0.0053 0.0042 0.0023 0.0038 0.0038 0.0037 0.0041 0.0035 0.0034 0.0030 0.0026 0.0034 0.9312 0.0043 0.0042 0.0030 0.0031 0.0045 
     H9563.2 12 0.0028 0.0029 0.0034 0.0028 0.0037 0.0029 0.0049 0.0068 0.0042 0.0049 0.0037 0.0027 0.0016 0.0029 0.9323 0.0053 0.0026 0.0033 0.0031 0.0033 
     H9563.3 12 0.0034 0.0044 0.0065 0.0039 0.0078 0.0032 0.0028 0.0036 0.0035 0.0016 0.0029 0.0038 0.0046 0.0049 0.9184 0.0035 0.0031 0.0050 0.0062 0.0068 
     H9563.4 12 0.0047 0.0050 0.0095 0.0097 0.0076 0.0042 0.0044 0.0176 0.0128 0.0056 0.0055 0.0058 0.0124 0.0176 0.8274 0.0129 0.0061 0.0172 0.0067 0.0074 
     H9563.5 12 0.0028 0.0046 0.0035 0.0076 0.0039 0.0043 0.0044 0.0091 0.0110 0.0039 0.0060 0.0051 0.0065 0.0053 0.8963 0.0051 0.0057 0.0052 0.0029 0.0066 
     H9563.6 12 0.0126 0.0036 0.0058 0.0030 0.0186 0.0020 0.0038 0.0051 0.0049 0.0021 0.0033 0.0028 0.0038 0.0040 0.9023 0.0042 0.0023 0.0049 0.0055 0.0054 
     H9563.7 12 0.0037 0.0046 0.0050 0.0037 0.0090 0.0023 0.0030 0.0031 0.0061 0.0028 0.0026 0.0033 0.0029 0.0037 0.9220 0.0026 0.0020 0.0087 0.0050 0.0039 
     H9563.8 12 0.0032 0.0041 0.0064 0.0065 0.0061 0.0059 0.0037 0.0397 0.0066 0.0052 0.0118 0.0108 0.0079 0.0129 0.8033 0.0383 0.0095 0.0055 0.0038 0.0089 
     H9563.9 12 0.0043 0.0030 0.0049 0.0045 0.0096 0.0037 0.0039 0.0119 0.0044 0.0048 0.0042 0.0046 0.0027 0.0059 0.9014 0.0072 0.0038 0.0029 0.0039 0.0083 
     H9572.1 12 0.8687 0.0042 0.0058 0.0105 0.0040 0.0052 0.0082 0.0112 0.0087 0.0144 0.0073 0.0045 0.0046 0.0035 0.0122 0.0049 0.0031 0.0051 0.0081 0.0057 
     H9572.2 12 0.7997 0.0173 0.0062 0.0096 0.0082 0.0162 0.0071 0.0172 0.0153 0.0056 0.0043 0.0030 0.0081 0.0058 0.0305 0.0165 0.0055 0.0020 0.0181 0.0038 
     H9572.3 12 0.7700 0.0033 0.0042 0.0059 0.0159 0.0059 0.0068 0.0040 0.0287 0.0129 0.0074 0.0037 0.0208 0.0052 0.0089 0.0125 0.0222 0.0073 0.0494 0.0051 
     H9572.4 12 0.9374 0.0027 0.0029 0.0029 0.0023 0.0028 0.0029 0.0019 0.0043 0.0031 0.0032 0.0018 0.0034 0.0055 0.0034 0.0023 0.0055 0.0039 0.0045 0.0031 
     H9572.5 12 0.9253 0.0033 0.0029 0.0070 0.0047 0.0033 0.0024 0.0026 0.0149 0.0033 0.0038 0.0023 0.0020 0.0027 0.0025 0.0019 0.0064 0.0030 0.0021 0.0036 
