      H105.1  1 0.9504 0.0033 0.0029 0.0023 0.0022 0.0028 0.0033 0.0022 0.0033 0.0021 0.0026 0.0042 0.0025 0.0022 0.0026 0.0033 0.0025 0.0029 0.0023 
      H105.2  1 0.9244 0.0028 0.0019 0.0049 0.0061 0.0058 0.0033 0.0034 0.0047 0.0043 0.0053 0.0031 0.0035 0.0047 0.0057 0.0058 0.0029 0.0047 0.0026 
      H105.3  1 0.9491 0.0027 0.0028 0.0027 0.0023 0.0026 0.0028 0.0027 0.0033 0.0030 0.0029 0.0059 0.0022 0.0017 0.0034 0.0023 0.0024 0.0026 0.0026 
      H105.4  1 0.9332 0.0028 0.0029 0.0056 0.0022 0.0027 0.0030 0.0052 0.0042 0.0024 0.0039 0.0041 0.0028 0.0028 0.0066 0.0058 0.0033 0.0022 0.0045 
      H105.5  1 0.9052 0.0033 0.0043 0.0094 0.0021 0.0092 0.0045 0.0033 0.0061 0.0031 0.0040 0.0044 0.0045 0.0078 0.0046 0.0120 0.0054 0.0035 0.0032 
      H105.6  1 0.9034 0.0033 0.0044 0.0063 0.0038 0.0032 0.0037 0.0093 0.0059 0.0075 0.0044 0.0056 0.0056 0.0044 0.0089 0.0040 0.0071 0.0042 0.0050 
      H105.7  1 0.8820 0.0027 0.0029 0.0046 0.0039 0.0095 0.0035 0.0033 0.0091 0.0085 0.0052 0.0155 0.0115 0.0058 0.0079 0.0071 0.0064 0.0069 0.0037 
      H105.8  1 0.9469 0.0019 0.0021 0.0032 0.0026 0.0034 0.0023 0.0019 0.0038 0.0026 0.0081 0.0030 0.0024 0.0031 0.0031 0.0030 0.0024 0.0020 0.0024 
      H115.1  1 0.0045 0.0086 0.0036 0.8333 0.0099 0.0050 0.0050 0.0028 0.0160 0.0400 0.0062 0.0072 0.0051 0.0054 0.0164 0.0137 0.0105 0.0031 0.0037 
      H115.2  1 0.0030 0.0038 0.0035 0.8857 0.0067 0.0047 0.0026 0.0035 0.0060 0.0062 0.0048 0.0048 0.0066 0.0045 0.0038 0.0079 0.0300 0.0088 0.0031 
      H115.3  1 0.0057 0.0075 0.0049 0.8992 0.0074 0.0041 0.0035 0.0043 0.0066 0.0037 0.0030 0.0074 0.0033 0.0037 0.0028 0.0068 0.0124 0.0087 0.0051 
      H115.4  1 0.0033 0.0145 0.0056 0.8317 0.0079 0.0260 0.0023 0.0048 0.0098 0.0041 0.0339 0.0042 0.0057 0.0084 0.0031 0.0128 0.0031 0.0132 0.0055 
      H115.5  1 0.0110 0.0348 0.0146 0.7869 0.0073 0.0071 0.0032 0.0075 0.0271 0.0160 0.0079 0.0056 0.0060 0.0082 0.0050 0.0099 0.0208 0.0120 0.0090 
      H115.6  1 0.0052 0.0188 0.0042 0.7964 0.0326 0.0087 0.0085 0.0067 0.0088 0.0027 0.0043 0.0079 0.0081 0.0059 0.0049 0.0072 0.0197 0.0468 0.0026 
      H115.7  1 0.0060 0.0090 0.0051 0.7899 0.0142 0.0077 0.0059 0.0047 0.0166 0.0469 0.0047 0.0137 0.0067 0.0111 0.0108 0.0253 0.0103 0.0072 0.0040 
      H115.8  1 0.0066 0.0067 0.0040 0.9060 0.0083 0.0038 0.0035 0.0027 0.0053 0.0047 0.0035 0.0061 0.0041 0.0054 0.0036 0.0045 0.0122 0.0071 0.0019 
      H115.9  1 0.0045 0.0055 0.0034 0.8281 0.0066 0.0052 0.0032 0.0027 0.0073 0.0118 0.0058 0.0115 0.0060 0.0043 0.0130 0.0156 0.0559 0.0067 0.0030 
      H145.1  1 0.0027 0.0052 0.8557 0.0066 0.0176 0.0033 0.0077 0.0052 0.0082 0.0032 0.0038 0.0072 0.0169 0.0045 0.0054 0.0134 0.0127 0.0165 0.0041 
      H145.2  1 0.0033 0.0070 0.9033 0.0050 0.0099 0.0042 0.0055 0.0090 0.0065 0.0021 0.0047 0.0057 0.0055 0.0021 0.0045 0.0064 0.0043 0.0060 0.0052 
      H145.3  1 0.0024 0.0025 0.9413 0.0030 0.0134 0.0024 0.0032 0.0019 0.0025 0.0021 0.0026 0.0024 0.0032 0.0025 0.0038 0.0037 0.0023 0.0019 0.0029 
      H145.4  1 0.0027 0.0031 0.9035 0.0033 0.0044 0.0038 0.0048 0.0054 0.0062 0.0028 0.0034 0.0082 0.0186 0.0047 0.0061 0.0064 0.0042 0.0059 0.0026 
      H145.5  1 0.0032 0.0029 0.9254 0.0027 0.0242 0.0023 0.0046 0.0020 0.0036 0.0023 0.0029 0.0024 0.0037 0.0025 0.0028 0.0051 0.0022 0.0032 0.0019 
      H145.6  1 0.0028 0.0044 0.9230 0.0022 0.0039 0.0033 0.0032 0.0064 0.0050 0.0028 0.0038 0.0074 0.0057 0.0020 0.0030 0.0041 0.0037 0.0091 0.0042 
      H145.7  1 0.0025 0.0064 0.9386 0.0035 0.0035 0.0035 0.0034 0.0041 0.0034 0.0027 0.0031 0.0038 0.0039 0.0027 0.0033 0.0029 0.0021 0.0041 0.0027 
      H149.1  1 0.0027 0.9388 0.0031 0.0028 0.0045 0.0032 0.0041 0.0029 0.0036 0.0029 0.0031 0.0032 0.0044 0.0030 0.0034 0.0023 0.0023 0.0066 0.0031 
      H149.2  1 0.0041 0.9197 0.0058 0.0031 0.0051 0.0049 0.0037 0.0040 0.0076 0.0022 0.0028 0.0039 0.0052 0.0028 0.0062 0.0057 0.0033 0.0058 0.0039 
      H149.3  1 0.0084 0.6735 0.0376 0.0250 0.0099 0.0118 0.0055 0.0073 0.0425 0.0036 0.0141 0.0433 0.0317 0.0154 0.0135 0.0380 0.0045 0.0067 0.0078 
      H149.4  1 0.0061 0.9132 0.0030 0.0029 0.0077 0.0066 0.0028 0.0027 0.0048 0.0037 0.0165 0.0049 0.0041 0.0038 0.0039 0.0025 0.0035 0.0043 0.0028 
      H149.5  1 0.0181 0.7663 0.0164 0.0035 0.0046 0.0328 0.0040 0.0076 0.0249 0.0037 0.0130 0.0370 0.0071 0.0080 0.0088 0.0288 0.0021 0.0043 0.0089 
      H149.6  1 0.0052 0.9223 0.0065 0.0032 0.0038 0.0050 0.0033 0.0033 0.0052 0.0024 0.0031 0.0068 0.0067 0.0037 0.0045 0.0049 0.0021 0.0050 0.0033 
      H149.7  1 0.0146 0.6655 0.0058 0.0113 0.0087 0.0160 0.0085 0.0086 0.0577 0.0053 0.0281 0.0255 0.0392 0.0475 0.0127 0.0198 0.0040 0.0155 0.0056 
      H150.1  1 0.0056 0.0028 0.0050 0.6966 0.0071 0.0042 0.0041 0.0044 0.0096 0.0042 0.0022 0.0045 0.0037 0.0040 0.0059 0.0087 0.2196 0.0056 0.0022 
      H150.2  1 0.0043 0.0050 0.0023 0.8599 0.0109 0.0045 0.0047 0.0063 0.0064 0.0069 0.0040 0.0050 0.0051 0.0085 0.0042 0.0035 0.0499 0.0061 0.0027 
      H150.3  1 0.0061 0.0049 0.0056 0.1828 0.0634 0.0032 0.0056 0.0054 0.0227 0.0344 0.0032 0.0099 0.0083 0.0153 0.0100 0.0100 0.5940 0.0127 0.0023 
      H150.4  1 0.0047 0.0030 0.0091 0.0542 0.0136 0.0043 0.0055 0.0040 0.0078 0.0066 0.0029 0.0077 0.0044 0.0091 0.0046 0.0071 0.8431 0.0064 0.0019 
      H150.5  1 0.0054 0.0043 0.0042 0.8508 0.0057 0.0082 0.0049 0.0078 0.0098 0.0057 0.0029 0.0135 0.0061 0.0104 0.0049 0.0085 0.0368 0.0073 0.0028 
      H150.6  1 0.0069 0.0033 0.0077 0.8705 0.0075 0.0141 0.0111 0.0091 0.0182 0.0027 0.0038 0.0051 0.0030 0.0066 0.0094 0.0051 0.0066 0.0062 0.0031 
      H150.7  1 0.0143 0.0052 0.0052 0.2502 0.0174 0.0101 0.0035 0.0049 0.0087 0.0050 0.0034 0.0034 0.0050 0.0036 0.0030 0.0081 0.6397 0.0072 0.0022 
   H169607.1  1 0.0025 0.0044 0.0087 0.0060 0.0175 0.0031 0.0064 0.0080 0.0073 0.0036 0.0094 0.0033 0.0047 0.0063 0.0042 0.8827 0.0111 0.0084 0.0024 
   H169607.2  1 0.0038 0.0026 0.0027 0.0030 0.0047 0.0035 0.0037 0.0074 0.0045 0.0034 0.0030 0.0031 0.0039 0.0032 0.0029 0.9337 0.0048 0.0027 0.0033 
   H169607.3  1 0.0038 0.0032 0.0081 0.0051 0.0079 0.0052 0.0031 0.0041 0.0058 0.0025 0.0067 0.0029 0.0070 0.0046 0.0041 0.9122 0.0044 0.0063 0.0029 
   H169607.4  1 0.0026 0.0020 0.0051 0.0029 0.0060 0.0028 0.0077 0.0095 0.0034 0.0024 0.0025 0.0035 0.0034 0.0025 0.0028 0.9282 0.0052 0.0039 0.0037 
   H169607.5  1 0.0022 0.0027 0.0035 0.0028 0.0027 0.0027 0.0025 0.0024 0.0032 0.0035 0.0027 0.0032 0.0039 0.0031 0.0023 0.9457 0.0049 0.0030 0.0030 
   H169607.6  1 0.0046 0.0023 0.0028 0.0028 0.0050 0.0047 0.0030 0.0096 0.0036 0.0028 0.0036 0.0028 0.0042 0.0027 0.0024 0.9328 0.0052 0.0026 0.0026 
   H169607.7  1 0.0056 0.0029 0.0053 0.0071 0.0051 0.0041 0.0026 0.0059 0.0040 0.0028 0.0099 0.0031 0.0044 0.0059 0.0024 0.9175 0.0040 0.0042 0.0032 
   H169607.8  1 0.0039 0.0024 0.0034 0.0029 0.0032 0.0029 0.0076 0.0046 0.0040 0.0029 0.0025 0.0034 0.0033 0.0037 0.0035 0.9360 0.0048 0.0023 0.0029 
   H169633.1  1 0.0039 0.8481 0.0138 0.0049 0.0031 0.0054 0.0056 0.0116 0.0094 0.0198 0.0035 0.0078 0.0072 0.0289 0.0034 0.0026 0.0058 0.0110 0.0041 
   H169633.2  1 0.0126 0.7532 0.0175 0.0051 0.0025 0.0073 0.0053 0.0097 0.0281 0.0081 0.0087 0.0040 0.0050 0.0151 0.0092 0.0018 0.0028 0.0976 0.0062 
   H169633.3  1 0.0038 0.8535 0.0046 0.0061 0.0032 0.0059 0.0042 0.0065 0.0086 0.0107 0.0045 0.0103 0.0386 0.0058 0.0081 0.0041 0.0061 0.0072 0.0083 
   H169633.4  1 0.0036 0.8658 0.0114 0.0068 0.0040 0.0058 0.0070 0.0041 0.0133 0.0118 0.0045 0.0072 0.0192 0.0030 0.0052 0.0053 0.0066 0.0097 0.0056 
   H169633.5  1 0.0039 0.8654 0.0120 0.0076 0.0046 0.0049 0.0085 0.0032 0.0098 0.0131 0.0039 0.0083 0.0141 0.0033 0.0067 0.0050 0.0093 0.0098 0.0068 
   H169688.1  1 0.0032 0.0041 0.0066 0.0037 0.0227 0.0156 0.0055 0.0068 0.0093 0.0272 0.0106 0.0034 0.0197 0.8230 0.0046 0.0134 0.0071 0.0025 0.0112 
   H169688.2  1 0.0105 0.0036 0.0024 0.0027 0.0023 0.0056 0.0039 0.0098 0.0051 0.0038 0.0059 0.0037 0.0093 0.9099 0.0085 0.0034 0.0028 0.0032 0.0036 
   H169688.3  1 0.0050 0.0034 0.0029 0.0027 0.0029 0.0026 0.0032 0.0032 0.0030 0.0022 0.0029 0.0033 0.0031 0.9415 0.0044 0.0030 0.0033 0.0052 0.0020 
   H169688.4  1 0.0023 0.0025 0.0035 0.0049 0.0028 0.0025 0.0028 0.0027 0.0036 0.0024 0.0030 0.0026 0.0023 0.9472 0.0038 0.0030 0.0031 0.0024 0.0026 
   H169688.5  1 0.0021 0.0025 0.0033 0.0035 0.0024 0.0024 0.0022 0.0027 0.0037 0.0023 0.0028 0.0027 0.0027 0.9475 0.0044 0.0036 0.0040 0.0029 0.0023 
   H169688.6  1 0.0033 0.0070 0.0024 0.0022 0.0026 0.0055 0.0038 0.0034 0.0056 0.0045 0.0547 0.0029 0.0044 0.8811 0.0034 0.0030 0.0031 0.0021 0.0051 
   H169688.7  1 0.0052 0.0047 0.0133 0.0121 0.0133 0.0053 0.0050 0.0064 0.0088 0.0033 0.0041 0.0048 0.0059 0.8827 0.0076 0.0034 0.0057 0.0063 0.0020 
   H171901.1  1 0.0429 0.0069 0.0337 0.0544 0.0062 0.0345 0.0053 0.0066 0.4787 0.0313 0.0050 0.0214 0.0830 0.0113 0.0044 0.1188 0.0349 0.0183 0.0023 
   H171901.2  1 0.1086 0.6932 0.0061 0.0104 0.0076 0.0093 0.0270 0.0121 0.0324 0.0035 0.0024 0.0058 0.0222 0.0049 0.0052 0.0183 0.0221 0.0051 0.0037 
   H171901.3  1 0.0109 0.6225 0.0050 0.0414 0.0072 0.0105 0.0108 0.0199 0.0600 0.0167 0.0079 0.0081 0.0318 0.0248 0.0081 0.0637 0.0259 0.0177 0.0071 
   H171901.4  1 0.0739 0.7064 0.0039 0.0295 0.0087 0.0051 0.0185 0.0332 0.0205 0.0056 0.0052 0.0047 0.0061 0.0058 0.0071 0.0358 0.0135 0.0108 0.0057 
   H171901.5  1 0.0361 0.5316 0.0046 0.0554 0.0179 0.0275 0.0273 0.0906 0.0519 0.0030 0.0128 0.0041 0.0079 0.0051 0.0139 0.0357 0.0147 0.0545 0.0053 
   H171901.6  1 0.0122 0.2883 0.0063 0.0609 0.0252 0.0286 0.0179 0.2027 0.0814 0.0043 0.0173 0.0056 0.0917 0.0140 0.0120 0.0251 0.0290 0.0698 0.0079 
   H171901.7  1 0.0060 0.2454 0.0088 0.0260 0.0072 0.0342 0.0051 0.0242 0.0523 0.0055 0.0086 0.0045 0.4883 0.0318 0.0051 0.0152 0.0098 0.0119 0.0102 
   H171902.1  1 0.0021 0.0045 0.0040 0.0031 0.9365 0.0034 0.0027 0.0056 0.0038 0.0026 0.0040 0.0027 0.0035 0.0032 0.0031 0.0041 0.0034 0.0050 0.0026 
  H171902.10  1 0.0028 0.0042 0.0031 0.0061 0.9392 0.0043 0.0037 0.0018 0.0029 0.0022 0.0035 0.0029 0.0036 0.0050 0.0021 0.0037 0.0029 0.0035 0.0025 
   H171902.2  1 0.0028 0.0072 0.0024 0.0029 0.9127 0.0061 0.0029 0.0120 0.0071 0.0045 0.0049 0.0029 0.0047 0.0050 0.0045 0.0042 0.0037 0.0073 0.0021 
   H171902.3  1 0.0025 0.0111 0.0031 0.0041 0.9207 0.0045 0.0031 0.0079 0.0033 0.0025 0.0034 0.0025 0.0053 0.0039 0.0032 0.0046 0.0042 0.0076 0.0026 
   H171902.4  1 0.0023 0.0109 0.0034 0.0030 0.9350 0.0049 0.0037 0.0026 0.0030 0.0026 0.0031 0.0035 0.0043 0.0027 0.0029 0.0027 0.0029 0.0047 0.0020 
   H171902.6  1 0.0023 0.0041 0.0032 0.0030 0.9444 0.0037 0.0038 0.0025 0.0035 0.0022 0.0031 0.0027 0.0030 0.0024 0.0028 0.0028 0.0040 0.0041 0.0024 
   H171902.7  1 0.0077 0.0069 0.0053 0.0083 0.8792 0.0055 0.0037 0.0026 0.0075 0.0018 0.0031 0.0031 0.0107 0.0032 0.0030 0.0386 0.0026 0.0051 0.0021 
   H171902.8  1 0.0026 0.0071 0.0030 0.0033 0.9319 0.0046 0.0040 0.0039 0.0043 0.0029 0.0027 0.0022 0.0045 0.0029 0.0024 0.0026 0.0057 0.0069 0.0025 
   H171902.9  1 0.0023 0.0028 0.0041 0.0033 0.9419 0.0023 0.0031 0.0026 0.0043 0.0025 0.0026 0.0026 0.0040 0.0023 0.0029 0.0040 0.0064 0.0038 0.0023 
   H171903.1  1 0.0062 0.0033 0.0036 0.0161 0.0036 0.0040 0.0029 0.0050 0.0055 0.0036 0.0034 0.0038 0.0095 0.0055 0.0028 0.9013 0.0092 0.0059 0.0046 
   H171903.2  1 0.0294 0.0032 0.0069 0.0126 0.0027 0.0039 0.0074 0.0062 0.0099 0.0024 0.0054 0.0102 0.0096 0.0042 0.0093 0.8327 0.0205 0.0108 0.0127 
   H171903.3  1 0.0406 0.0059 0.0040 0.0105 0.0055 0.0045 0.0184 0.0029 0.0262 0.0042 0.0037 0.0077 0.0653 0.0115 0.0231 0.6316 0.0113 0.1036 0.0195 
   H171903.4  1 0.0032 0.0046 0.0058 0.0181 0.0189 0.0040 0.0075 0.0047 0.0111 0.0040 0.0041 0.0041 0.0196 0.0762 0.0051 0.7859 0.0094 0.0108 0.0029 
   H171903.5  1 0.0289 0.0182 0.0053 0.0167 0.0049 0.0103 0.0042 0.0052 0.0722 0.0047 0.0073 0.0066 0.0139 0.0827 0.0131 0.6446 0.0159 0.0399 0.0053 
   H171903.6  1 0.0035 0.0101 0.0039 0.0098 0.0043 0.0043 0.0026 0.0028 0.0138 0.0019 0.0037 0.0027 0.0144 0.1410 0.0041 0.7594 0.0083 0.0049 0.0045 
      H177.1  1 0.0033 0.0151 0.0043 0.0291 0.0075 0.0319 0.0840 0.0043 0.0602 0.0064 0.0425 0.0043 0.6287 0.0146 0.0050 0.0245 0.0167 0.0080 0.0095 
      H177.2  1 0.0028 0.0425 0.2168 0.0261 0.0059 0.1379 0.0535 0.0063 0.2160 0.0031 0.0756 0.0084 0.0476 0.0051 0.0172 0.1022 0.0157 0.0102 0.0071 
      H177.3  1 0.0030 0.0568 0.0588 0.0239 0.0154 0.0556 0.0457 0.0046 0.1560 0.0028 0.0455 0.0098 0.3028 0.0092 0.0089 0.1454 0.0186 0.0204 0.0169 
      H177.4  1 0.0077 0.0059 0.0073 0.0042 0.0051 0.0093 0.0050 0.0072 0.0150 0.0017 0.3132 0.0076 0.5394 0.0035 0.0039 0.0169 0.0038 0.0106 0.0328 
      H177.5  1 0.0113 0.0068 0.0106 0.0251 0.0058 0.0259 0.0292 0.0198 0.1200 0.0022 0.0595 0.0160 0.5857 0.0221 0.0207 0.0112 0.0068 0.0160 0.0054 
      H177.6  1 0.0043 0.1183 0.0233 0.0322 0.0169 0.0440 0.0451 0.0047 0.1723 0.0032 0.0571 0.0060 0.3539 0.0078 0.0097 0.0564 0.0147 0.0207 0.0096 
      H179.1  1 0.0059 0.0033 0.0024 0.0061 0.0050 0.0051 0.0059 0.0092 0.0125 0.0113 0.8172 0.0084 0.0143 0.0170 0.0470 0.0059 0.0103 0.0099 0.0032 
      H179.2  1 0.0078 0.0048 0.0026 0.0117 0.0069 0.0090 0.0105 0.0085 0.0129 0.0031 0.7714 0.0035 0.0092 0.0173 0.0423 0.0067 0.0081 0.0436 0.0199 
      H179.3  1 0.0042 0.0043 0.0023 0.0167 0.0046 0.0083 0.0066 0.0153 0.0131 0.0081 0.7088 0.0115 0.0272 0.0874 0.0143 0.0260 0.0287 0.0074 0.0050 
      H179.4  1 0.0058 0.0170 0.0058 0.0048 0.0042 0.0095 0.0367 0.0712 0.0249 0.0049 0.6421 0.0051 0.0302 0.0214 0.0132 0.0184 0.0048 0.0126 0.0672 
      H180.1  1 0.0049 0.0032 0.0024 0.8984 0.0062 0.0185 0.0028 0.0030 0.0055 0.0057 0.0174 0.0028 0.0027 0.0037 0.0048 0.0050 0.0043 0.0058 0.0028 
      H180.2  1 0.0035 0.0022 0.0030 0.9372 0.0025 0.0049 0.0023 0.0035 0.0048 0.0053 0.0050 0.0019 0.0035 0.0039 0.0039 0.0026 0.0031 0.0036 0.0032 
      H180.3  1 0.0029 0.0048 0.0049 0.9040 0.0035 0.0040 0.0019 0.0044 0.0088 0.0040 0.0040 0.0027 0.0043 0.0054 0.0082 0.0079 0.0085 0.0112 0.0045 
      H180.4  1 0.0054 0.0059 0.0031 0.9174 0.0043 0.0113 0.0032 0.0053 0.0062 0.0052 0.0064 0.0034 0.0028 0.0022 0.0041 0.0040 0.0045 0.0029 0.0026 
      H180.5  1 0.0023 0.0034 0.0031 0.9301 0.0039 0.0081 0.0032 0.0037 0.0053 0.0034 0.0084 0.0025 0.0045 0.0039 0.0028 0.0024 0.0027 0.0032 0.0030 
      H180.6  1 0.0050 0.0125 0.0160 0.8860 0.0057 0.0092 0.0021 0.0074 0.0087 0.0031 0.0061 0.0029 0.0048 0.0029 0.0061 0.0052 0.0058 0.0062 0.0043 
      H181.1  1 0.0071 0.0164 0.0039 0.0062 0.0056 0.8982 0.0026 0.0026 0.0100 0.0032 0.0085 0.0027 0.0048 0.0041 0.0033 0.0096 0.0030 0.0042 0.0040 
      H181.2  1 0.0033 0.0060 0.0073 0.0066 0.0070 0.8981 0.0044 0.0077 0.0059 0.0038 0.0204 0.0029 0.0039 0.0034 0.0041 0.0039 0.0028 0.0051 0.0032 
      H181.3  1 0.0053 0.0099 0.0042 0.0042 0.0062 0.9159 0.0037 0.0056 0.0061 0.0047 0.0052 0.0036 0.0044 0.0053 0.0027 0.0038 0.0033 0.0031 0.0027 
      H181.4  1 0.0082 0.0151 0.0052 0.0114 0.0058 0.8681 0.0035 0.0138 0.0140 0.0035 0.0057 0.0048 0.0044 0.0055 0.0053 0.0067 0.0125 0.0034 0.0033 
      H181.5  1 0.0063 0.0033 0.0030 0.0031 0.0059 0.8878 0.0031 0.0031 0.0101 0.0057 0.0246 0.0066 0.0055 0.0056 0.0071 0.0036 0.0038 0.0067 0.0050 
      H181.6  1 0.0082 0.0040 0.0032 0.0107 0.0052 0.8087 0.0039 0.0115 0.0209 0.0039 0.0660 0.0043 0.0058 0.0038 0.0080 0.0064 0.0073 0.0119 0.0062 
      H181.7  1 0.0086 0.0046 0.0040 0.0054 0.0036 0.8948 0.0026 0.0031 0.0059 0.0037 0.0215 0.0036 0.0051 0.0061 0.0072 0.0049 0.0042 0.0060 0.0050 
 H194.1_2004  1 0.0023 0.0041 0.0042 0.0047 0.0044 0.0025 0.0026 0.0049 0.0047 0.0023 0.0025 0.0044 0.9253 0.0042 0.0035 0.0073 0.0042 0.0080 0.0037 
 H194.2_2004  1 0.0038 0.0030 0.0049 0.0040 0.0052 0.0041 0.0030 0.0047 0.0077 0.0049 0.0020 0.0036 0.9198 0.0026 0.0032 0.0118 0.0060 0.0032 0.0026 
 H194.3_2004  1 0.0035 0.0199 0.0070 0.0032 0.0043 0.0050 0.0045 0.0062 0.0063 0.0024 0.0077 0.0030 0.8576 0.0054 0.0386 0.0056 0.0030 0.0121 0.0047 
 H194.4_2004  1 0.0044 0.0060 0.0085 0.0026 0.0047 0.0048 0.0043 0.0048 0.0043 0.0036 0.0028 0.0020 0.9231 0.0032 0.0030 0.0046 0.0036 0.0063 0.0035 
 H194.5_2004  1 0.0039 0.0099 0.0045 0.0027 0.0058 0.0067 0.0077 0.0156 0.0072 0.0026 0.0036 0.0050 0.8738 0.0048 0.0154 0.0111 0.0039 0.0108 0.0049 
 H194.6_2004  1 0.0035 0.0163 0.0049 0.0045 0.0085 0.0060 0.0064 0.0082 0.0087 0.0028 0.0058 0.0034 0.8574 0.0054 0.0270 0.0047 0.0051 0.0094 0.0120 
 H194.7_2004  1 0.0036 0.0033 0.0037 0.0028 0.0023 0.0028 0.0025 0.0025 0.0042 0.0030 0.0021 0.0029 0.9449 0.0027 0.0041 0.0049 0.0024 0.0027 0.0026 
 H194.8_2004  1 0.0041 0.0059 0.0042 0.0021 0.0057 0.0050 0.0058 0.0103 0.0057 0.0035 0.0034 0.0030 0.9133 0.0031 0.0038 0.0053 0.0053 0.0051 0.0053 
      H194.9  1 0.0023 0.0041 0.0055 0.0031 0.0039 0.0031 0.0031 0.0082 0.0038 0.0047 0.0023 0.0030 0.9292 0.0028 0.0032 0.0047 0.0051 0.0045 0.0035 
 H195.1_2003  1 0.0025 0.0030 0.0026 0.0022 0.0026 0.0025 0.0031 0.9532 0.0027 0.0023 0.0021 0.0024 0.0026 0.0018 0.0030 0.0024 0.0025 0.0042 0.0023 
 H195.1_2004  1 0.0024 0.0049 0.9230 0.0031 0.0037 0.0046 0.0092 0.0098 0.0040 0.0027 0.0026 0.0055 0.0038 0.0039 0.0028 0.0031 0.0030 0.0045 0.0037 
 H195.2_2003  1 0.0044 0.0034 0.0087 0.0032 0.0087 0.0050 0.0060 0.8721 0.0083 0.0028 0.0029 0.0030 0.0049 0.0402 0.0025 0.0091 0.0059 0.0045 0.0043 
 H195.2_2004  1 0.0021 0.0090 0.7964 0.0036 0.0035 0.0031 0.0044 0.1314 0.0045 0.0025 0.0037 0.0026 0.0049 0.0115 0.0036 0.0027 0.0029 0.0043 0.0031 
 H195.3_2003  1 0.0097 0.0024 0.0051 0.0064 0.0039 0.0073 0.0082 0.8388 0.0121 0.0058 0.0030 0.0053 0.0087 0.0208 0.0065 0.0166 0.0324 0.0038 0.0033 
 H195.3_2004  1 0.0030 0.0247 0.7255 0.0026 0.0062 0.0064 0.0093 0.1713 0.0053 0.0031 0.0038 0.0029 0.0131 0.0034 0.0033 0.0033 0.0025 0.0070 0.0034 
 H195.4_2003  1 0.0025 0.0135 0.0528 0.0031 0.0028 0.0030 0.0037 0.8679 0.0066 0.0021 0.0043 0.0047 0.0071 0.0026 0.0026 0.0029 0.0027 0.0114 0.0036 
 H195.4_2004  1 0.0018 0.0039 0.8723 0.0029 0.0028 0.0046 0.0037 0.0534 0.0048 0.0032 0.0035 0.0030 0.0073 0.0139 0.0029 0.0046 0.0023 0.0034 0.0056 
 H195.5_2003  1 0.0033 0.0050 0.0046 0.0050 0.0032 0.0026 0.0114 0.9202 0.0042 0.0075 0.0025 0.0067 0.0033 0.0023 0.0029 0.0025 0.0040 0.0040 0.0050 
 H195.5_2004  1 0.0039 0.0040 0.9055 0.0042 0.0037 0.0041 0.0045 0.0280 0.0054 0.0062 0.0040 0.0027 0.0037 0.0039 0.0034 0.0025 0.0030 0.0031 0.0043 
 H195.6_2003  1 0.0034 0.0029 0.0584 0.0035 0.0073 0.0043 0.0078 0.8453 0.0065 0.0021 0.0025 0.0093 0.0036 0.0164 0.0027 0.0081 0.0075 0.0031 0.0055 
 H195.6_2004  1 0.0042 0.0035 0.8150 0.0022 0.0043 0.0033 0.0059 0.1170 0.0050 0.0036 0.0045 0.0028 0.0060 0.0041 0.0050 0.0041 0.0022 0.0037 0.0037 
 H195.7_2003  1 0.0033 0.0034 0.0199 0.0026 0.0024 0.0045 0.0031 0.8829 0.0050 0.0030 0.0023 0.0044 0.0035 0.0418 0.0034 0.0040 0.0022 0.0053 0.0031 
 H195.7_2004  1 0.0022 0.0024 0.9316 0.0065 0.0026 0.0036 0.0046 0.0096 0.0036 0.0030 0.0020 0.0024 0.0025 0.0064 0.0025 0.0030 0.0067 0.0022 0.0026 
      H195.8  1 0.0020 0.0026 0.9461 0.0029 0.0029 0.0031 0.0041 0.0036 0.0034 0.0027 0.0023 0.0027 0.0038 0.0033 0.0021 0.0030 0.0029 0.0026 0.0038 
      H195.9  1 0.0029 0.0082 0.8406 0.0032 0.0036 0.0058 0.0065 0.0720 0.0055 0.0018 0.0036 0.0035 0.0101 0.0052 0.0053 0.0052 0.0030 0.0046 0.0095 
      H415.1  1 0.0036 0.0053 0.0036 0.0115 0.0043 0.0051 0.0057 0.0045 0.0057 0.0049 0.0052 0.0033 0.0073 0.0087 0.0058 0.0039 0.0100 0.8996 0.0019 
      H415.2  1 0.0034 0.0035 0.0057 0.0082 0.0765 0.0033 0.0114 0.0039 0.0199 0.0029 0.0119 0.0219 0.0175 0.0128 0.0255 0.0210 0.0168 0.7314 0.0028 
      H415.3  1 0.0026 0.0080 0.0034 0.0037 0.0033 0.0048 0.0034 0.0032 0.0044 0.0033 0.0154 0.0041 0.0032 0.0050 0.0032 0.0030 0.0038 0.9200 0.0022 
      H415.4  1 0.0037 0.0048 0.0041 0.0050 0.0037 0.0029 0.0041 0.0052 0.0034 0.0021 0.0024 0.0027 0.0041 0.0024 0.0057 0.0031 0.0045 0.9337 0.0024 
      H415.5  1 0.0025 0.0045 0.0030 0.0035 0.0037 0.0037 0.0031 0.0060 0.0033 0.0022 0.0025 0.0030 0.0045 0.0035 0.0038 0.0025 0.0021 0.9401 0.0026 
      H415.6  1 0.0035 0.0048 0.0035 0.0047 0.0044 0.0031 0.0047 0.0053 0.0044 0.0020 0.0026 0.0029 0.0036 0.0024 0.0062 0.0030 0.0048 0.9319 0.0021 
      H415.7  1 0.0032 0.0049 0.0040 0.0046 0.0313 0.0035 0.0079 0.0085 0.0087 0.0030 0.0126 0.0120 0.0073 0.0093 0.0041 0.0243 0.0092 0.8375 0.0041 
      H506.1  1 0.0033 0.0046 0.0026 0.0022 0.0025 0.0037 0.0022 0.0030 0.0030 0.0024 0.9473 0.0034 0.0027 0.0024 0.0049 0.0028 0.0015 0.0026 0.0030 
      H506.2  1 0.0031 0.0036 0.0063 0.0018 0.0027 0.0037 0.0033 0.0037 0.0035 0.0020 0.9446 0.0028 0.0037 0.0021 0.0031 0.0024 0.0019 0.0023 0.0033 
      H506.3  1 0.0035 0.0040 0.0048 0.0054 0.0035 0.0176 0.0056 0.0049 0.0082 0.0023 0.8933 0.0040 0.0043 0.0082 0.0151 0.0038 0.0038 0.0045 0.0034 
      H506.4  1 0.0019 0.0043 0.0030 0.0049 0.0067 0.0059 0.0023 0.0045 0.0045 0.0025 0.9223 0.0049 0.0034 0.0029 0.0044 0.0040 0.0041 0.0059 0.0076 
      H506.5  1 0.0023 0.0049 0.0034 0.0025 0.0038 0.0047 0.0039 0.0049 0.0038 0.0027 0.9335 0.0035 0.0029 0.0021 0.0034 0.0039 0.0024 0.0056 0.0058 
      H506.6  1 0.0034 0.0031 0.0207 0.0053 0.0033 0.0117 0.0152 0.0161 0.0094 0.0022 0.8465 0.0058 0.0067 0.0112 0.0037 0.0187 0.0053 0.0053 0.0065 
      H506.7  1 0.0032 0.0041 0.0043 0.0025 0.0031 0.0053 0.0032 0.0051 0.0027 0.0023 0.9404 0.0034 0.0031 0.0022 0.0045 0.0029 0.0017 0.0031 0.0032 
      H533.1  1 0.0103 0.0079 0.0031 0.0071 0.0024 0.0093 0.0024 0.0017 0.0043 0.0032 0.9255 0.0023 0.0024 0.0020 0.0047 0.0023 0.0021 0.0040 0.0031 
      H533.2  1 0.0111 0.0104 0.0037 0.0059 0.0028 0.0118 0.0026 0.0020 0.0041 0.0027 0.9162 0.0025 0.0026 0.0024 0.0071 0.0021 0.0020 0.0039 0.0040 
      H533.3  1 0.0031 0.0055 0.0035 0.0026 0.0019 0.0047 0.0024 0.0018 0.0035 0.0018 0.9403 0.0026 0.0035 0.0029 0.0056 0.0066 0.0023 0.0026 0.0028 
      H533.4  1 0.0049 0.0084 0.0159 0.0043 0.0042 0.0055 0.0032 0.0145 0.0090 0.0035 0.8670 0.0025 0.0125 0.0037 0.0027 0.0193 0.0043 0.0063 0.0086 
      H535.1  1 0.0024 0.0028 0.0024 0.0031 0.0041 0.0028 0.0024 0.0039 0.0031 0.0028 0.0034 0.0021 0.0032 0.0021 0.0028 0.0029 0.0032 0.0033 0.9472 
      H535.2  1 0.0036 0.0025 0.0035 0.0022 0.0020 0.0036 0.0036 0.0029 0.0029 0.0025 0.0029 0.0039 0.0029 0.0022 0.0042 0.0035 0.0020 0.0025 0.9466 
      H535.3  1 0.0032 0.0019 0.0033 0.0026 0.0021 0.0036 0.0026 0.0029 0.0032 0.0037 0.0038 0.0030 0.0025 0.0021 0.0039 0.0035 0.0023 0.0018 0.9480 
      H535.4  1 0.0025 0.0030 0.0031 0.0019 0.0020 0.0026 0.0040 0.0035 0.0027 0.0025 0.0028 0.0027 0.0032 0.0020 0.0031 0.0031 0.0018 0.0030 0.9506 
      H535.5  1 0.0026 0.0047 0.0022 0.0021 0.0027 0.0025 0.0026 0.0036 0.0027 0.0019 0.0034 0.0021 0.0037 0.0019 0.0033 0.0037 0.0022 0.0026 0.9496 
      H535.6  1 0.0028 0.0022 0.0031 0.0037 0.0072 0.0059 0.0034 0.0067 0.0043 0.0032 0.0030 0.0022 0.0041 0.0020 0.0035 0.0066 0.0070 0.0033 0.9256 
      H535.7  1 0.0023 0.0031 0.0022 0.0019 0.0020 0.0022 0.0023 0.0022 0.0022 0.0021 0.0033 0.0021 0.0027 0.0020 0.0029 0.0025 0.0016 0.0027 0.9577 
      H535.8  1 0.0040 0.0028 0.0024 0.0021 0.0023 0.0032 0.0042 0.0050 0.0027 0.0024 0.0022 0.0023 0.0033 0.0021 0.0051 0.0041 0.0024 0.0027 0.9447 
      H535.9  1 0.0022 0.0023 0.0030 0.0029 0.0036 0.0027 0.0023 0.0023 0.0030 0.0029 0.0031 0.0024 0.0036 0.0021 0.0019 0.0034 0.0032 0.0026 0.9504 
      H539.1  1 0.0029 0.0018 0.0029 0.0067 0.0076 0.0025 0.0030 0.0027 0.0025 0.0031 0.0018 0.0031 0.0031 0.0021 0.0017 0.0040 0.9432 0.0034 0.0021 
      H539.2  1 0.0025 0.0052 0.0048 0.0957 0.0055 0.0081 0.0253 0.0067 0.0190 0.0239 0.0054 0.0068 0.0158 0.0331 0.0066 0.0863 0.6347 0.0055 0.0090 
      H539.3  1 0.0030 0.0024 0.0051 0.0207 0.0058 0.0033 0.0070 0.0155 0.0089 0.0104 0.0037 0.0037 0.0174 0.0106 0.0042 0.0343 0.8305 0.0034 0.0101 
      H539.4  1 0.0037 0.0032 0.0036 0.0432 0.0033 0.0040 0.0067 0.0032 0.0069 0.0038 0.0040 0.0049 0.0038 0.0065 0.0056 0.0068 0.8790 0.0047 0.0032 
      H539.5  1 0.0026 0.0023 0.0024 0.0050 0.0036 0.0029 0.0031 0.0019 0.0029 0.0026 0.0024 0.0026 0.0035 0.0030 0.0035 0.0061 0.9439 0.0020 0.0037 
      H539.6  1 0.0023 0.0021 0.0029 0.0085 0.0057 0.0033 0.0031 0.0041 0.0030 0.0036 0.0023 0.0028 0.0030 0.0036 0.0022 0.0087 0.9333 0.0033 0.0022 
      H539.7  1 0.0024 0.0025 0.0023 0.0095 0.0039 0.0032 0.0028 0.0030 0.0033 0.0047 0.0026 0.0031 0.0043 0.0061 0.0035 0.0048 0.9316 0.0041 0.0025 
      H539.8  1 0.0042 0.0047 0.0036 0.0513 0.0040 0.0034 0.0086 0.0103 0.0122 0.0240 0.0043 0.0045 0.0126 0.0156 0.0082 0.0091 0.7902 0.0041 0.0249 
      H539.9  1 0.0049 0.0026 0.0031 0.0080 0.0021 0.0027 0.0041 0.0021 0.0037 0.0026 0.0039 0.0035 0.0029 0.0048 0.0047 0.0045 0.9342 0.0031 0.0023 
      H540.1  1 0.0040 0.0038 0.0086 0.0042 0.0038 0.0086 0.0037 0.0033 0.0068 0.0019 0.0050 0.0055 0.0046 0.0037 0.0038 0.0639 0.8560 0.0039 0.0050 
      H540.2  1 0.0029 0.0033 0.0034 0.0046 0.0032 0.0036 0.0032 0.0022 0.0051 0.0032 0.0032 0.0041 0.0043 0.0047 0.0048 0.0089 0.9263 0.0068 0.0022 
      H540.3  1 0.0047 0.0151 0.0163 0.0137 0.0060 0.0070 0.0159 0.0041 0.0216 0.0120 0.0059 0.0054 0.0294 0.0089 0.0069 0.0103 0.7851 0.0265 0.0053 
      H540.4  1 0.0029 0.0042 0.0054 0.0321 0.0072 0.0113 0.0044 0.0034 0.0113 0.0065 0.0065 0.0135 0.0054 0.0086 0.0040 0.0203 0.8385 0.0078 0.0068 
      H540.5  1 0.0036 0.0046 0.0032 0.0033 0.0051 0.0058 0.0058 0.0019 0.0064 0.0037 0.0028 0.0044 0.0071 0.0100 0.0062 0.0057 0.9120 0.0057 0.0027 
      H540.6  1 0.0066 0.0047 0.0079 0.0058 0.0071 0.0249 0.0082 0.0033 0.0086 0.0046 0.0051 0.0101 0.0065 0.0086 0.0068 0.0245 0.8471 0.0056 0.0038 
      H540.7  1 0.0022 0.0131 0.0042 0.0068 0.0050 0.0129 0.0054 0.0069 0.0090 0.0069 0.0065 0.0106 0.0125 0.0036 0.0047 0.0105 0.8610 0.0153 0.0030 
      H540.8  1 0.0025 0.0067 0.0037 0.0064 0.0098 0.0080 0.0032 0.0037 0.0082 0.0036 0.0039 0.0036 0.0480 0.0058 0.0058 0.0370 0.8199 0.0161 0.0043 
     H9558.1  1 0.0067 0.0020 0.0027 0.0024 0.0106 0.0043 0.0024 0.0040 0.0050 0.0029 0.0043 0.0024 0.0032 0.0040 0.0034 0.0041 0.9270 0.0032 0.0054 
     H9558.2  1 0.0176 0.0040 0.0031 0.0036 0.0082 0.0183 0.0058 0.0178 0.0111 0.0077 0.0104 0.0082 0.0079 0.0068 0.0064 0.0054 0.8404 0.0078 0.0096 
     H9558.3  1 0.0394 0.0025 0.0021 0.0041 0.0028 0.0091 0.0060 0.0050 0.0053 0.0098 0.0038 0.0094 0.0054 0.0038 0.0085 0.0046 0.8694 0.0037 0.0054 
     H9558.4  1 0.0035 0.0025 0.0017 0.0029 0.0043 0.0032 0.0028 0.0031 0.0047 0.0042 0.0036 0.0025 0.0042 0.0060 0.0026 0.0041 0.9343 0.0033 0.0065 
     H9558.5  1 0.0041 0.0026 0.0018 0.0061 0.0021 0.0029 0.0038 0.0019 0.0045 0.0055 0.0028 0.0038 0.0026 0.0066 0.0033 0.0028 0.9328 0.0033 0.0066 
     H9558.6  1 0.0167 0.0030 0.0028 0.0024 0.0037 0.0048 0.0063 0.0043 0.0214 0.0062 0.0025 0.0045 0.0069 0.0033 0.0048 0.0040 0.8921 0.0061 0.0042 
    kos339.1  1 0.0059 0.8706 0.0025 0.0047 0.0061 0.0074 0.0032 0.0024 0.0072 0.0028 0.0277 0.0180 0.0038 0.0033 0.0050 0.0069 0.0044 0.0135 0.0044 
    kos339.2  1 0.0046 0.9144 0.0077 0.0043 0.0039 0.0044 0.0054 0.0038 0.0060 0.0030 0.0092 0.0068 0.0036 0.0037 0.0035 0.0031 0.0033 0.0054 0.0039 
    kos339.3  1 0.0023 0.9402 0.0028 0.0034 0.0025 0.0032 0.0028 0.0045 0.0034 0.0033 0.0040 0.0021 0.0030 0.0027 0.0028 0.0050 0.0030 0.0045 0.0046 
    kos339.4  1 0.0027 0.9323 0.0025 0.0040 0.0039 0.0040 0.0026 0.0046 0.0049 0.0031 0.0037 0.0026 0.0038 0.0035 0.0031 0.0041 0.0040 0.0055 0.0049 
    kos339.5  1 0.0045 0.9176 0.0025 0.0037 0.0046 0.0100 0.0026 0.0027 0.0044 0.0033 0.0120 0.0071 0.0029 0.0029 0.0042 0.0033 0.0045 0.0048 0.0024 
    kos339.6  1 0.0030 0.9329 0.0055 0.0024 0.0031 0.0033 0.0034 0.0022 0.0041 0.0026 0.0074 0.0045 0.0057 0.0026 0.0031 0.0033 0.0025 0.0061 0.0024 
    kos339.7  1 0.0021 0.9355 0.0030 0.0031 0.0029 0.0035 0.0025 0.0040 0.0043 0.0024 0.0047 0.0020 0.0033 0.0028 0.0028 0.0040 0.0029 0.0045 0.0095 
    kos339.8  1 0.0035 0.9180 0.0044 0.0032 0.0038 0.0030 0.0038 0.0041 0.0034 0.0030 0.0166 0.0050 0.0029 0.0036 0.0034 0.0038 0.0026 0.0090 0.0028 
    kos339.9  1 0.0068 0.8262 0.0076 0.0142 0.0284 0.0105 0.0083 0.0063 0.0174 0.0029 0.0068 0.0056 0.0076 0.0044 0.0084 0.0084 0.0181 0.0095 0.0028 
      H409.1 12 0.0027 0.0047 0.0030 0.0019 0.0028 0.0053 0.0034 0.0031 0.0033 0.0028 0.0045 0.0036 0.0035 0.0036 0.9410 0.0021 0.0018 0.0046 0.0024 
     H409.10 12 0.0024 0.0035 0.0037 0.0098 0.0040 0.0083 0.0060 0.0063 0.0068 0.0076 0.0282 0.0059 0.0024 0.0137 0.8654 0.0043 0.0055 0.0137 0.0026 
      H409.2 12 0.0034 0.0044 0.0026 0.0022 0.0051 0.0039 0.0108 0.0037 0.0048 0.0029 0.0059 0.0038 0.0058 0.0039 0.9037 0.0026 0.0041 0.0189 0.0077 
      H409.3 12 0.0043 0.0031 0.0034 0.0035 0.0035 0.0028 0.0049 0.0029 0.0033 0.0032 0.0044 0.0035 0.0049 0.0038 0.9348 0.0027 0.0041 0.0029 0.0041 
      H409.4 12 0.0047 0.0032 0.0032 0.0021 0.0024 0.0040 0.0043 0.0028 0.0024 0.0030 0.0026 0.0026 0.0041 0.0039 0.9438 0.0024 0.0026 0.0033 0.0027 
      H409.5 12 0.0049 0.0022 0.0028 0.0036 0.0040 0.0031 0.0040 0.0033 0.0039 0.0028 0.0042 0.0037 0.0033 0.0022 0.9327 0.0054 0.0035 0.0053 0.0051 
      H409.6 12 0.0502 0.0031 0.0063 0.0092 0.0045 0.0097 0.0074 0.0032 0.0202 0.0081 0.0098 0.0088 0.0095 0.0052 0.8163 0.0119 0.0061 0.0030 0.0075 
      H409.7 12 0.0050 0.0055 0.0050 0.0026 0.0034 0.0057 0.0077 0.0045 0.0050 0.0033 0.0040 0.0061 0.0060 0.0043 0.9197 0.0021 0.0025 0.0043 0.0031 
      H409.8 12 0.0036 0.0035 0.0026 0.0030 0.0037 0.0034 0.0029 0.0029 0.0042 0.0039 0.0064 0.0057 0.0034 0.0030 0.9342 0.0040 0.0027 0.0040 0.0031 
      H409.9 12 0.0052 0.0026 0.0045 0.0219 0.0041 0.0118 0.0046 0.0039 0.0460 0.0264 0.1198 0.0363 0.0045 0.0049 0.4057 0.0122 0.2650 0.0095 0.0112 
      H413.1 12 0.0055 0.0034 0.0021 0.0046 0.0022 0.0048 0.0033 0.0026 0.0037 0.9419 0.0020 0.0049 0.0027 0.0031 0.0032 0.0020 0.0027 0.0026 0.0027 
      H413.2 12 0.0045 0.0045 0.0023 0.0030 0.0024 0.0032 0.0024 0.0035 0.0032 0.9486 0.0025 0.0027 0.0034 0.0023 0.0022 0.0023 0.0025 0.0020 0.0026 
      H413.3 12 0.0034 0.0020 0.0022 0.0023 0.0022 0.0032 0.0031 0.0023 0.0026 0.9488 0.0025 0.0051 0.0031 0.0036 0.0039 0.0026 0.0031 0.0025 0.0017 
      H413.4 12 0.0032 0.0051 0.0034 0.0042 0.0028 0.0056 0.0063 0.0040 0.0044 0.9256 0.0040 0.0101 0.0040 0.0023 0.0047 0.0026 0.0024 0.0033 0.0019 
      H413.5 12 0.0025 0.0022 0.0029 0.0124 0.0066 0.0040 0.0032 0.0020 0.0042 0.9229 0.0029 0.0026 0.0033 0.0032 0.0022 0.0036 0.0149 0.0022 0.0020 
      H413.6 12 0.0057 0.0039 0.0033 0.0084 0.0021 0.0063 0.0078 0.0142 0.0060 0.8923 0.0021 0.0067 0.0048 0.0115 0.0047 0.0023 0.0126 0.0026 0.0025 
      H413.7 12 0.0025 0.0024 0.0019 0.0023 0.0020 0.0023 0.0030 0.0034 0.0033 0.9540 0.0024 0.0025 0.0023 0.0026 0.0024 0.0024 0.0029 0.0025 0.0029 
      H563.1 12 0.0031 0.0028 0.0025 0.0048 0.0023 0.0042 0.0056 0.0023 0.0042 0.0118 0.0028 0.9219 0.0036 0.0051 0.0042 0.0051 0.0087 0.0031 0.0019 
      H563.2 12 0.0062 0.0097 0.0043 0.0042 0.0066 0.0062 0.0088 0.0029 0.0078 0.0085 0.0049 0.8794 0.0130 0.0048 0.0142 0.0035 0.0057 0.0062 0.0030 
      H563.3 12 0.0033 0.0028 0.0028 0.0028 0.0025 0.0031 0.0053 0.0030 0.0039 0.0032 0.0033 0.9355 0.0025 0.0028 0.0044 0.0055 0.0091 0.0022 0.0019 
      H563.4 12 0.0095 0.0058 0.0039 0.0060 0.0030 0.0036 0.0070 0.0019 0.0061 0.0155 0.0045 0.8944 0.0060 0.0067 0.0089 0.0058 0.0041 0.0046 0.0027 
      H563.5 12 0.0034 0.0028 0.0029 0.0036 0.0026 0.0030 0.0071 0.0022 0.0039 0.0056 0.0022 0.9335 0.0031 0.0039 0.0036 0.0048 0.0077 0.0021 0.0020 
      H563.6 12 0.0066 0.0080 0.0033 0.0048 0.0042 0.0066 0.0094 0.0036 0.0067 0.0097 0.0052 0.9036 0.0053 0.0026 0.0054 0.0032 0.0049 0.0041 0.0027 
      H563.7 12 0.0055 0.0142 0.0024 0.0037 0.0035 0.0052 0.0101 0.0034 0.0051 0.0084 0.0035 0.9103 0.0036 0.0025 0.0059 0.0027 0.0032 0.0046 0.0022 
      H563.8 12 0.0042 0.0038 0.0029 0.0048 0.0028 0.0041 0.0139 0.0023 0.0058 0.0055 0.0034 0.9064 0.0041 0.0050 0.0036 0.0067 0.0155 0.0031 0.0020 
      H563.9 12 0.0039 0.0101 0.0044 0.0054 0.0053 0.0071 0.0057 0.0045 0.0067 0.0094 0.0040 0.8837 0.0100 0.0052 0.0172 0.0041 0.0050 0.0062 0.0019 
     H7374.1 12 0.0157 0.0032 0.0046 0.0035 0.0035 0.0042 0.8997 0.0142 0.0049 0.0029 0.0025 0.0033 0.0070 0.0029 0.0052 0.0070 0.0048 0.0066 0.0042 
     H7374.2 12 0.0057 0.0025 0.0042 0.0037 0.0029 0.0033 0.9096 0.0047 0.0062 0.0061 0.0042 0.0063 0.0050 0.0066 0.0038 0.0067 0.0083 0.0073 0.0028 
     H7374.3 12 0.0081 0.0036 0.0073 0.0038 0.0075 0.0042 0.8037 0.0710 0.0061 0.0048 0.0048 0.0082 0.0195 0.0035 0.0062 0.0076 0.0069 0.0174 0.0056 
     H7374.4 12 0.0024 0.0057 0.0033 0.0040 0.0053 0.0042 0.9304 0.0022 0.0041 0.0041 0.0028 0.0033 0.0044 0.0050 0.0031 0.0021 0.0052 0.0038 0.0046 
     H7374.5 12 0.0045 0.0032 0.0026 0.0038 0.0034 0.0039 0.9353 0.0031 0.0033 0.0033 0.0031 0.0045 0.0026 0.0031 0.0036 0.0039 0.0063 0.0036 0.0029 
     H7374.6 12 0.0035 0.0070 0.0066 0.0041 0.0073 0.0074 0.8588 0.0184 0.0090 0.0038 0.0040 0.0080 0.0133 0.0039 0.0051 0.0052 0.0098 0.0168 0.0081 
     H7374.7 12 0.0033 0.0044 0.0036 0.0022 0.0024 0.0044 0.9440 0.0025 0.0029 0.0039 0.0019 0.0028 0.0040 0.0025 0.0042 0.0023 0.0022 0.0029 0.0035 
     H7374.8 12 0.0050 0.0056 0.0053 0.0024 0.0034 0.0049 0.9218 0.0094 0.0040 0.0030 0.0040 0.0061 0.0036 0.0022 0.0057 0.0032 0.0021 0.0056 0.0029 
     H7374.9 12 0.0036 0.0043 0.0033 0.0032 0.0048 0.0032 0.9354 0.0034 0.0037 0.0024 0.0026 0.0047 0.0031 0.0047 0.0025 0.0029 0.0066 0.0035 0.0022 
     H9563.1 12 0.0028 0.0049 0.0028 0.0050 0.0051 0.0038 0.0036 0.0059 0.0044 0.0036 0.0038 0.9248 0.0047 0.0037 0.0028 0.0044 0.0056 0.0058 0.0027 
     H9563.2 12 0.0034 0.0033 0.0032 0.0077 0.0038 0.0033 0.0024 0.0033 0.0047 0.0047 0.0038 0.9289 0.0035 0.0029 0.0024 0.0047 0.0052 0.0057 0.0032 
     H9563.3 12 0.0075 0.0039 0.0052 0.0035 0.0026 0.0029 0.0043 0.0068 0.0042 0.0025 0.0067 0.9204 0.0047 0.0042 0.0056 0.0035 0.0023 0.0042 0.0051 
     H9563.4 12 0.0067 0.0060 0.0069 0.0173 0.0036 0.0073 0.0063 0.0091 0.0199 0.0047 0.0071 0.8256 0.0165 0.0057 0.0101 0.0121 0.0059 0.0113 0.0180 
     H9563.5 12 0.0038 0.0066 0.0056 0.0102 0.0038 0.0045 0.0029 0.0034 0.0095 0.0043 0.0067 0.8981 0.0052 0.0042 0.0066 0.0081 0.0053 0.0065 0.0046 
     H9563.6 12 0.0113 0.0028 0.0038 0.0046 0.0025 0.0031 0.0050 0.0066 0.0037 0.0049 0.0054 0.9209 0.0034 0.0033 0.0034 0.0045 0.0021 0.0031 0.0056 
     H9563.7 12 0.0087 0.0021 0.0041 0.0036 0.0024 0.0021 0.0042 0.0059 0.0041 0.0025 0.0049 0.9246 0.0032 0.0032 0.0038 0.0074 0.0028 0.0029 0.0075 
     H9563.8 12 0.0076 0.0120 0.0050 0.0585 0.0050 0.0064 0.0035 0.0055 0.0147 0.0046 0.0164 0.7868 0.0087 0.0107 0.0090 0.0068 0.0056 0.0281 0.0050 
     H9563.9 12 0.0091 0.0038 0.0038 0.0109 0.0048 0.0051 0.0043 0.0058 0.0066 0.0036 0.0075 0.8998 0.0045 0.0043 0.0033 0.0049 0.0054 0.0096 0.0030 
     H9572.1 12 0.0167 0.0082 0.0086 0.0316 0.0289 0.2526 0.0150 0.0126 0.2493 0.0209 0.0233 0.2078 0.0188 0.0073 0.0119 0.0107 0.0601 0.0046 0.0111 
     H9572.2 12 0.0156 0.0067 0.0706 0.0557 0.0417 0.1346 0.0265 0.0128 0.2514 0.0094 0.0081 0.2692 0.0476 0.0037 0.0120 0.0083 0.0087 0.0133 0.0039 
     H9572.3 12 0.0288 0.0787 0.0055 0.0050 0.0134 0.1403 0.0709 0.0110 0.3267 0.0083 0.0090 0.0311 0.0146 0.0038 0.0513 0.1217 0.0512 0.0136 0.0151 
     H9572.4 12 0.0201 0.0399 0.0065 0.0077 0.0102 0.3318 0.0155 0.0079 0.3960 0.0078 0.0064 0.0477 0.0501 0.0024 0.0098 0.0074 0.0140 0.0036 0.0152 
     H9572.5 12 0.0210 0.0804 0.0108 0.0266 0.0073 0.2879 0.0029 0.0089 0.4003 0.0045 0.0153 0.0295 0.0470 0.0035 0.0039 0.0165 0.0193 0.0035 0.0110 
