      H105.1  1 0.0097 0.0062 0.0048 0.0126 0.0028 0.0118 0.0047 0.0044 0.0042 0.0061 0.0033 0.9264 0.0030 
      H105.2  1 0.0164 0.0094 0.0125 0.0229 0.0105 0.0047 0.0053 0.0039 0.0182 0.0063 0.0172 0.8555 0.0174 
      H105.3  1 0.0035 0.0046 0.0022 0.0050 0.0032 0.0039 0.0044 0.0040 0.0050 0.0027 0.0041 0.9517 0.0058 
      H105.4  1 0.0103 0.0063 0.0041 0.0080 0.0031 0.0038 0.0090 0.0078 0.0181 0.0069 0.0096 0.9073 0.0058 
      H105.5  1 0.0865 0.0274 0.0116 0.0697 0.0036 0.0094 0.0115 0.0049 0.0111 0.0126 0.0155 0.7300 0.0065 
      H105.6  1 0.0064 0.0106 0.0027 0.0067 0.0042 0.0063 0.0123 0.0089 0.0143 0.0110 0.0085 0.8948 0.0133 
      H105.7  1 0.0110 0.0047 0.0043 0.0107 0.0053 0.0043 0.0031 0.0031 0.0051 0.0053 0.0039 0.9292 0.0100 
      H105.8  1 0.0036 0.0035 0.0052 0.0058 0.0053 0.0043 0.0044 0.0025 0.0091 0.0057 0.0181 0.9210 0.0113 
      H115.1  1 0.0095 0.0046 0.0050 0.0045 0.0083 0.0098 0.0032 0.0028 0.8815 0.0119 0.0110 0.0110 0.0370 
      H115.2  1 0.0098 0.0059 0.0073 0.0066 0.0077 0.0037 0.0030 0.0045 0.9022 0.0358 0.0034 0.0043 0.0057 
      H115.3  1 0.0051 0.0052 0.0024 0.0046 0.0073 0.0065 0.0038 0.0039 0.9403 0.0095 0.0031 0.0058 0.0026 
      H115.4  1 0.0074 0.0058 0.0104 0.0087 0.0080 0.0131 0.0046 0.0072 0.9070 0.0049 0.0142 0.0044 0.0045 
      H115.5  1 0.0113 0.0057 0.0057 0.0081 0.0050 0.0356 0.0082 0.0141 0.8593 0.0174 0.0045 0.0079 0.0171 
      H115.6  1 0.0079 0.0194 0.0038 0.0108 0.0529 0.0227 0.0028 0.0044 0.8374 0.0211 0.0036 0.0099 0.0033 
      H115.7  1 0.0169 0.0105 0.0100 0.0047 0.0100 0.0102 0.0038 0.0060 0.8467 0.0160 0.0075 0.0123 0.0455 
      H115.8  1 0.0041 0.0059 0.0045 0.0049 0.0080 0.0078 0.0018 0.0035 0.9317 0.0122 0.0036 0.0076 0.0043 
      H115.9  1 0.0075 0.0050 0.0054 0.0046 0.0054 0.0081 0.0038 0.0036 0.8370 0.0793 0.0202 0.0094 0.0107 
      H145.1  1 0.0156 0.0146 0.0044 0.0039 0.0294 0.0050 0.0056 0.8932 0.0062 0.0093 0.0044 0.0055 0.0027 
      H145.2  1 0.0073 0.0045 0.0026 0.0052 0.0111 0.0040 0.0042 0.9375 0.0071 0.0045 0.0045 0.0053 0.0022 
      H145.3  1 0.0051 0.0033 0.0024 0.0033 0.0496 0.0031 0.0033 0.9138 0.0039 0.0034 0.0031 0.0029 0.0028 
      H145.4  1 0.0146 0.0066 0.0034 0.0038 0.0054 0.0037 0.0026 0.9396 0.0039 0.0038 0.0047 0.0056 0.0022 
      H145.5  1 0.0049 0.0047 0.0031 0.0041 0.0905 0.0030 0.0021 0.8724 0.0029 0.0026 0.0028 0.0038 0.0028 
      H145.6  1 0.0065 0.0041 0.0028 0.0035 0.0041 0.0040 0.0036 0.9536 0.0029 0.0029 0.0033 0.0052 0.0033 
      H145.7  1 0.0051 0.0037 0.0030 0.0031 0.0038 0.0049 0.0036 0.9587 0.0031 0.0023 0.0030 0.0034 0.0024 
      H149.1  1 0.0032 0.0033 0.0025 0.0035 0.0053 0.9609 0.0026 0.0032 0.0026 0.0034 0.0031 0.0032 0.0032 
      H149.2  1 0.0063 0.0042 0.0030 0.0041 0.0060 0.9478 0.0036 0.0066 0.0035 0.0030 0.0040 0.0057 0.0023 
      H149.3  1 0.0349 0.0092 0.0183 0.0278 0.0174 0.7337 0.0114 0.0303 0.0350 0.0038 0.0285 0.0458 0.0038 
      H149.4  1 0.0030 0.0042 0.0052 0.0065 0.0062 0.9422 0.0032 0.0032 0.0031 0.0036 0.0103 0.0057 0.0036 
      H149.5  1 0.0285 0.0052 0.0104 0.0207 0.0048 0.8148 0.0125 0.0172 0.0038 0.0030 0.0133 0.0616 0.0042 
      H149.6  1 0.0060 0.0036 0.0039 0.0038 0.0041 0.9531 0.0035 0.0050 0.0028 0.0020 0.0034 0.0062 0.0028 
      H149.7  1 0.0237 0.0105 0.0666 0.0248 0.0094 0.7558 0.0048 0.0054 0.0128 0.0037 0.0497 0.0275 0.0052 
      H150.1  1 0.0076 0.0035 0.0042 0.0045 0.0068 0.0025 0.0021 0.0050 0.7174 0.2308 0.0038 0.0074 0.0045 
      H150.2  1 0.0050 0.0063 0.0073 0.0052 0.0068 0.0049 0.0031 0.0034 0.8994 0.0438 0.0039 0.0040 0.0067 
      H150.3  1 0.0151 0.0116 0.0129 0.0058 0.0462 0.0059 0.0024 0.0064 0.3273 0.5176 0.0038 0.0097 0.0352 
      H150.4  1 0.0060 0.0074 0.0102 0.0041 0.0109 0.0026 0.0019 0.0070 0.1108 0.8237 0.0042 0.0052 0.0060 
      H150.5  1 0.0084 0.0074 0.0084 0.0049 0.0067 0.0046 0.0030 0.0047 0.9000 0.0332 0.0040 0.0107 0.0041 
      H150.6  1 0.0042 0.0138 0.0088 0.0077 0.0065 0.0032 0.0045 0.0104 0.9110 0.0149 0.0076 0.0047 0.0028 
      H150.7  1 0.0092 0.0045 0.0031 0.0079 0.0248 0.0050 0.0024 0.0046 0.4051 0.5155 0.0034 0.0093 0.0052 
   H169607.1  1 0.7906 0.0301 0.0145 0.0067 0.0332 0.0043 0.0045 0.0373 0.0168 0.0411 0.0107 0.0045 0.0057 
   H169607.2  1 0.9354 0.0038 0.0033 0.0074 0.0070 0.0033 0.0052 0.0057 0.0042 0.0100 0.0038 0.0062 0.0046 
   H169607.3  1 0.9200 0.0059 0.0075 0.0061 0.0129 0.0030 0.0040 0.0097 0.0078 0.0064 0.0081 0.0053 0.0032 
   H169607.4  1 0.9188 0.0127 0.0038 0.0042 0.0210 0.0033 0.0035 0.0110 0.0035 0.0081 0.0028 0.0049 0.0026 
   H169607.5  1 0.9530 0.0042 0.0037 0.0041 0.0034 0.0031 0.0031 0.0032 0.0041 0.0072 0.0030 0.0035 0.0046 
   H169607.6  1 0.9408 0.0028 0.0036 0.0081 0.0102 0.0030 0.0031 0.0052 0.0034 0.0096 0.0035 0.0036 0.0031 
   H169607.7  1 0.8980 0.0050 0.0141 0.0101 0.0079 0.0042 0.0064 0.0059 0.0251 0.0062 0.0083 0.0049 0.0038 
   H169607.8  1 0.9406 0.0062 0.0048 0.0051 0.0062 0.0027 0.0038 0.0063 0.0036 0.0064 0.0038 0.0061 0.0044 
   H169633.1  1 0.0042 0.0073 0.0210 0.0054 0.0051 0.8943 0.0052 0.0168 0.0049 0.0068 0.0038 0.0069 0.0181 
   H169633.2  1 0.0029 0.0858 0.0206 0.0092 0.0034 0.8136 0.0077 0.0230 0.0062 0.0026 0.0112 0.0078 0.0059 
   H169633.3  1 0.0054 0.0089 0.0046 0.0131 0.0049 0.9090 0.0076 0.0077 0.0067 0.0068 0.0065 0.0081 0.0106 
   H169633.4  1 0.0094 0.0080 0.0031 0.0040 0.0040 0.9153 0.0088 0.0064 0.0063 0.0070 0.0047 0.0099 0.0132 
   H169633.5  1 0.0062 0.0074 0.0026 0.0056 0.0041 0.9201 0.0079 0.0076 0.0061 0.0083 0.0042 0.0069 0.0130 
   H169688.1  1 0.0120 0.0054 0.8667 0.0156 0.0194 0.0048 0.0113 0.0063 0.0030 0.0071 0.0067 0.0035 0.0381 
   H169688.2  1 0.0047 0.0033 0.9528 0.0056 0.0027 0.0026 0.0035 0.0038 0.0028 0.0029 0.0066 0.0037 0.0048 
   H169688.3  1 0.0039 0.0038 0.9611 0.0029 0.0032 0.0035 0.0019 0.0032 0.0032 0.0031 0.0038 0.0039 0.0024 
   H169688.4  1 0.0034 0.0029 0.9645 0.0028 0.0029 0.0024 0.0023 0.0027 0.0039 0.0047 0.0028 0.0024 0.0023 
   H169688.5  1 0.0028 0.0028 0.9652 0.0027 0.0026 0.0022 0.0024 0.0025 0.0044 0.0045 0.0032 0.0022 0.0025 
   H169688.6  1 0.0037 0.0026 0.9322 0.0043 0.0029 0.0081 0.0040 0.0036 0.0026 0.0035 0.0254 0.0025 0.0046 
   H169688.7  1 0.0038 0.0051 0.9272 0.0085 0.0112 0.0040 0.0021 0.0111 0.0101 0.0048 0.0056 0.0038 0.0026 
   H171901.1  1 0.5888 0.0080 0.0175 0.0346 0.0056 0.0074 0.0027 0.0350 0.1152 0.0267 0.0098 0.1110 0.0377 
   H171901.2  1 0.0321 0.0157 0.0067 0.0158 0.0057 0.8457 0.0045 0.0087 0.0159 0.0188 0.0036 0.0231 0.0039 
   H171901.3  1 0.0768 0.0173 0.0258 0.0165 0.0056 0.7456 0.0081 0.0083 0.0437 0.0216 0.0078 0.0100 0.0128 
   H171901.4  1 0.0226 0.0144 0.0061 0.0070 0.0076 0.8611 0.0045 0.0080 0.0308 0.0145 0.0064 0.0113 0.0057 
   H171901.5  1 0.0367 0.0404 0.0067 0.0115 0.0115 0.7758 0.0046 0.0126 0.0600 0.0177 0.0101 0.0097 0.0027 
   H171901.6  1 0.0474 0.0702 0.0120 0.0350 0.0298 0.6344 0.0057 0.0269 0.0721 0.0394 0.0121 0.0108 0.0041 
   H171901.7  1 0.1604 0.0166 0.0788 0.1269 0.0051 0.5309 0.0118 0.0163 0.0167 0.0101 0.0120 0.0064 0.0080 
   H171902.1  1 0.0039 0.0028 0.0033 0.0032 0.9598 0.0040 0.0030 0.0053 0.0033 0.0036 0.0038 0.0020 0.0021 
  H171902.10  1 0.0037 0.0028 0.0051 0.0042 0.9607 0.0032 0.0022 0.0025 0.0049 0.0028 0.0026 0.0030 0.0022 
   H171902.2  1 0.0041 0.0045 0.0061 0.0053 0.9417 0.0098 0.0025 0.0054 0.0043 0.0042 0.0047 0.0029 0.0045 
   H171902.3  1 0.0039 0.0035 0.0036 0.0042 0.9460 0.0124 0.0030 0.0036 0.0057 0.0046 0.0040 0.0022 0.0031 
   H171902.4  1 0.0033 0.0039 0.0027 0.0036 0.9553 0.0120 0.0021 0.0030 0.0033 0.0027 0.0028 0.0023 0.0031 
   H171902.6  1 0.0038 0.0037 0.0023 0.0045 0.9620 0.0042 0.0021 0.0032 0.0032 0.0040 0.0026 0.0024 0.0021 
   H171902.7  1 0.0306 0.0050 0.0042 0.0082 0.9142 0.0102 0.0021 0.0036 0.0083 0.0026 0.0035 0.0057 0.0019 
   H171902.8  1 0.0043 0.0046 0.0025 0.0053 0.9529 0.0054 0.0034 0.0034 0.0036 0.0056 0.0028 0.0030 0.0031 
   H171902.9  1 0.0038 0.0032 0.0029 0.0029 0.9591 0.0023 0.0031 0.0042 0.0038 0.0062 0.0023 0.0034 0.0029 
   H171903.1  1 0.9220 0.0049 0.0062 0.0059 0.0039 0.0035 0.0038 0.0044 0.0196 0.0118 0.0038 0.0063 0.0040 
   H171903.2  1 0.9017 0.0064 0.0035 0.0078 0.0043 0.0026 0.0085 0.0067 0.0177 0.0158 0.0075 0.0150 0.0024 
   H171903.3  1 0.8561 0.0415 0.0058 0.0066 0.0035 0.0040 0.0301 0.0031 0.0077 0.0076 0.0112 0.0185 0.0041 
   H171903.4  1 0.8673 0.0083 0.0519 0.0047 0.0177 0.0040 0.0030 0.0053 0.0201 0.0050 0.0049 0.0045 0.0034 
   H171903.5  1 0.8358 0.0132 0.0379 0.0106 0.0042 0.0210 0.0054 0.0041 0.0174 0.0234 0.0092 0.0143 0.0035 
   H171903.6  1 0.7722 0.0034 0.1529 0.0066 0.0069 0.0150 0.0067 0.0035 0.0145 0.0067 0.0063 0.0032 0.0020 
      H177.1  1 0.2673 0.1202 0.0137 0.5146 0.0074 0.0175 0.0094 0.0041 0.0139 0.0096 0.0120 0.0045 0.0058 
      H177.2  1 0.0997 0.0917 0.0070 0.6021 0.0049 0.0299 0.0063 0.0856 0.0230 0.0113 0.0278 0.0083 0.0024 
      H177.3  1 0.2223 0.1128 0.0055 0.5141 0.0130 0.0447 0.0124 0.0212 0.0198 0.0121 0.0132 0.0062 0.0027 
      H177.4  1 0.2317 0.0790 0.0030 0.5313 0.0084 0.0130 0.0323 0.0096 0.0056 0.0044 0.0715 0.0083 0.0019 
      H177.5  1 0.2363 0.1224 0.0256 0.5119 0.0054 0.0075 0.0061 0.0133 0.0189 0.0097 0.0278 0.0116 0.0035 
      H177.6  1 0.1619 0.1225 0.0115 0.5161 0.0120 0.0968 0.0099 0.0143 0.0214 0.0098 0.0155 0.0052 0.0030 
      H179.1  1 0.0033 0.0036 0.0111 0.0047 0.0049 0.0041 0.0023 0.0024 0.0045 0.0038 0.9477 0.0048 0.0030 
      H179.2  1 0.0062 0.0057 0.0211 0.0051 0.0070 0.0044 0.0059 0.0037 0.0115 0.0038 0.9199 0.0032 0.0024 
      H179.3  1 0.0140 0.0056 0.1319 0.0096 0.0073 0.0055 0.0054 0.0048 0.0113 0.0096 0.7824 0.0057 0.0070 
      H179.4  1 0.0327 0.0209 0.0435 0.0177 0.0054 0.0202 0.0480 0.0153 0.0059 0.0067 0.7653 0.0071 0.0113 
      H180.1  1 0.0041 0.0059 0.0051 0.0101 0.0080 0.0028 0.0026 0.0028 0.9341 0.0048 0.0119 0.0034 0.0045 
      H180.2  1 0.0040 0.0035 0.0033 0.0059 0.0029 0.0026 0.0033 0.0029 0.9519 0.0034 0.0065 0.0028 0.0070 
      H180.3  1 0.0061 0.0046 0.0054 0.0038 0.0032 0.0042 0.0041 0.0054 0.9401 0.0112 0.0055 0.0023 0.0040 
      H180.4  1 0.0040 0.0033 0.0026 0.0078 0.0043 0.0066 0.0033 0.0042 0.9444 0.0041 0.0064 0.0036 0.0053 
      H180.5  1 0.0035 0.0032 0.0039 0.0111 0.0045 0.0039 0.0034 0.0038 0.9479 0.0033 0.0047 0.0028 0.0041 
      H180.6  1 0.0082 0.0034 0.0030 0.0074 0.0089 0.0124 0.0042 0.0121 0.9195 0.0067 0.0068 0.0038 0.0035 
      H181.1  1 0.0080 0.0053 0.0055 0.9116 0.0072 0.0206 0.0041 0.0041 0.0091 0.0049 0.0093 0.0057 0.0047 
      H181.2  1 0.0045 0.0079 0.0049 0.9245 0.0091 0.0055 0.0039 0.0072 0.0083 0.0034 0.0105 0.0043 0.0062 
      H181.3  1 0.0052 0.0039 0.0055 0.9284 0.0065 0.0136 0.0025 0.0054 0.0057 0.0039 0.0035 0.0059 0.0101 
      H181.4  1 0.0072 0.0053 0.0099 0.8711 0.0061 0.0237 0.0067 0.0069 0.0246 0.0188 0.0073 0.0069 0.0053 
      H181.5  1 0.0073 0.0058 0.0070 0.7623 0.0061 0.0083 0.0045 0.0040 0.0059 0.0040 0.1598 0.0133 0.0117 
      H181.6  1 0.0097 0.0147 0.0051 0.6217 0.0058 0.0079 0.0086 0.0051 0.0437 0.0084 0.2534 0.0074 0.0084 
      H181.7  1 0.0076 0.0050 0.0137 0.7971 0.0040 0.0136 0.0086 0.0064 0.0060 0.0072 0.1196 0.0070 0.0041 
 H194.1_2004  1 0.9393 0.0068 0.0077 0.0051 0.0053 0.0052 0.0029 0.0053 0.0045 0.0072 0.0030 0.0051 0.0027 
 H194.2_2004  1 0.9081 0.0166 0.0029 0.0271 0.0055 0.0054 0.0024 0.0101 0.0039 0.0054 0.0034 0.0027 0.0064 
 H194.3_2004  1 0.5051 0.0955 0.0100 0.0880 0.0110 0.0819 0.0050 0.0614 0.0053 0.0051 0.1210 0.0067 0.0040 
 H194.4_2004  1 0.4693 0.0603 0.0057 0.2971 0.0192 0.0216 0.0050 0.0955 0.0039 0.0062 0.0046 0.0040 0.0074 
 H194.5_2004  1 0.7494 0.0828 0.0085 0.0253 0.0065 0.0497 0.0083 0.0209 0.0031 0.0039 0.0277 0.0093 0.0045 
 H194.6_2004  1 0.4558 0.0923 0.0067 0.2821 0.0291 0.0369 0.0229 0.0179 0.0053 0.0104 0.0304 0.0057 0.0046 
 H194.7_2004  1 0.9237 0.0063 0.0089 0.0159 0.0023 0.0058 0.0030 0.0096 0.0032 0.0042 0.0038 0.0069 0.0065 
 H194.8_2004  1 0.5757 0.0928 0.0060 0.2191 0.0102 0.0188 0.0104 0.0303 0.0037 0.0121 0.0064 0.0071 0.0074 
      H194.9  1 0.8605 0.0118 0.0049 0.0366 0.0046 0.0116 0.0030 0.0331 0.0039 0.0081 0.0047 0.0059 0.0112 
 H195.1_2003  1 0.0123 0.0309 0.0047 0.0060 0.0082 0.0192 0.0053 0.8846 0.0056 0.0056 0.0062 0.0045 0.0071 
 H195.1_2004  1 0.0040 0.0101 0.0037 0.0046 0.0045 0.0082 0.0028 0.9457 0.0042 0.0028 0.0026 0.0033 0.0034 
 H195.2_2003  1 0.0217 0.0293 0.0278 0.0329 0.0128 0.0067 0.0091 0.8066 0.0054 0.0254 0.0040 0.0139 0.0043 
 H195.2_2004  1 0.0027 0.0043 0.0044 0.0044 0.0027 0.0046 0.0024 0.9587 0.0044 0.0025 0.0029 0.0032 0.0029 
 H195.3_2003  1 0.1029 0.0140 0.0302 0.0284 0.0064 0.0047 0.0059 0.6032 0.0090 0.1611 0.0054 0.0132 0.0157 
 H195.3_2004  1 0.0035 0.0094 0.0028 0.0046 0.0055 0.0084 0.0028 0.9474 0.0034 0.0023 0.0039 0.0034 0.0028 
 H195.4_2003  1 0.0054 0.0109 0.0030 0.0036 0.0051 0.0120 0.0036 0.9378 0.0033 0.0039 0.0045 0.0044 0.0025 
 H195.4_2004  1 0.0038 0.0032 0.0072 0.0045 0.0032 0.0039 0.0035 0.9573 0.0026 0.0026 0.0028 0.0026 0.0030 
 H195.5_2003  1 0.0063 0.0778 0.0044 0.0053 0.0054 0.0197 0.0067 0.8380 0.0064 0.0061 0.0042 0.0075 0.0122 
 H195.5_2004  1 0.0030 0.0039 0.0031 0.0034 0.0036 0.0034 0.0050 0.9582 0.0037 0.0030 0.0037 0.0027 0.0033 
 H195.6_2003  1 0.0086 0.0053 0.0111 0.0082 0.0093 0.0036 0.0035 0.9106 0.0051 0.0207 0.0036 0.0073 0.0031 
 H195.6_2004  1 0.0039 0.0040 0.0036 0.0031 0.0044 0.0026 0.0023 0.9609 0.0021 0.0024 0.0044 0.0034 0.0029 
 H195.7_2003  1 0.0253 0.0255 0.0245 0.0159 0.0045 0.0136 0.0096 0.8454 0.0052 0.0048 0.0060 0.0131 0.0067 
 H195.7_2004  1 0.0026 0.0048 0.0048 0.0026 0.0025 0.0025 0.0027 0.9599 0.0050 0.0035 0.0028 0.0030 0.0033 
      H195.8  1 0.0035 0.0042 0.0030 0.0043 0.0030 0.0028 0.0040 0.9586 0.0035 0.0030 0.0027 0.0028 0.0044 
      H195.9  1 0.0049 0.0047 0.0039 0.0059 0.0035 0.0053 0.0046 0.9510 0.0046 0.0025 0.0039 0.0032 0.0019 
      H415.1  1 0.0090 0.8849 0.0101 0.0054 0.0075 0.0153 0.0025 0.0105 0.0232 0.0178 0.0067 0.0037 0.0035 
      H415.2  1 0.0294 0.4814 0.0089 0.0399 0.2244 0.0083 0.0042 0.0043 0.0165 0.0309 0.1284 0.0201 0.0032 
      H415.3  1 0.0067 0.7795 0.0065 0.0341 0.0131 0.0719 0.0034 0.0061 0.0169 0.0065 0.0410 0.0099 0.0044 
      H415.4  1 0.0046 0.9321 0.0033 0.0038 0.0064 0.0102 0.0032 0.0065 0.0117 0.0087 0.0037 0.0032 0.0026 
      H415.5  1 0.0080 0.8588 0.0083 0.0132 0.0211 0.0425 0.0041 0.0063 0.0115 0.0061 0.0131 0.0036 0.0034 
      H415.6  1 0.0048 0.9240 0.0034 0.0044 0.0060 0.0137 0.0023 0.0067 0.0111 0.0102 0.0072 0.0038 0.0025 
      H415.7  1 0.0503 0.5414 0.0103 0.0344 0.1751 0.0736 0.0125 0.0133 0.0058 0.0114 0.0497 0.0192 0.0031 
      H506.1  1 0.0027 0.0028 0.0031 0.0061 0.0026 0.0051 0.0042 0.0026 0.0025 0.0020 0.9596 0.0035 0.0033 
      H506.2  1 0.0040 0.0053 0.0020 0.0119 0.0037 0.0073 0.0040 0.0139 0.0030 0.0020 0.9367 0.0037 0.0024 
      H506.3  1 0.0056 0.0048 0.0067 0.0250 0.0052 0.0047 0.0037 0.0046 0.0079 0.0039 0.9176 0.0071 0.0030 
      H506.4  1 0.0078 0.0038 0.0051 0.0138 0.0104 0.0042 0.0159 0.0044 0.0091 0.0051 0.9126 0.0047 0.0030 
      H506.5  1 0.0047 0.0056 0.0024 0.0093 0.0051 0.0072 0.0103 0.0082 0.0032 0.0029 0.9330 0.0057 0.0024 
      H506.6  1 0.0365 0.0261 0.0096 0.0724 0.0064 0.0061 0.0104 0.0579 0.0107 0.0059 0.7433 0.0115 0.0032 
      H506.7  1 0.0028 0.0043 0.0024 0.0089 0.0029 0.0066 0.0057 0.0081 0.0029 0.0016 0.9460 0.0052 0.0025 
      H533.1  1 0.0030 0.0029 0.0021 0.0063 0.0023 0.0161 0.0033 0.0038 0.0068 0.0019 0.9446 0.0040 0.0029 
      H533.2  1 0.0029 0.0043 0.0026 0.0073 0.0029 0.0148 0.0032 0.0043 0.0073 0.0017 0.9431 0.0032 0.0026 
      H533.3  1 0.0078 0.0024 0.0027 0.0065 0.0023 0.0135 0.0030 0.0044 0.0031 0.0031 0.9450 0.0033 0.0030 
      H533.4  1 0.0374 0.0105 0.0054 0.0167 0.0040 0.0208 0.0099 0.0524 0.0084 0.0047 0.8209 0.0041 0.0048 
      H535.1  1 0.0028 0.0032 0.0024 0.0039 0.0038 0.0027 0.9637 0.0029 0.0035 0.0030 0.0040 0.0019 0.0022 
      H535.2  1 0.0030 0.0035 0.0026 0.0045 0.0027 0.0027 0.9633 0.0034 0.0026 0.0023 0.0037 0.0030 0.0028 
      H535.3  1 0.0024 0.0020 0.0022 0.0035 0.0021 0.0024 0.9660 0.0036 0.0021 0.0026 0.0039 0.0032 0.0040 
      H535.4  1 0.0031 0.0038 0.0022 0.0023 0.0023 0.0045 0.9658 0.0032 0.0022 0.0022 0.0031 0.0030 0.0024 
      H535.5  1 0.0040 0.0029 0.0022 0.0025 0.0024 0.0035 0.9674 0.0028 0.0021 0.0022 0.0033 0.0024 0.0023 
      H535.6  1 0.0060 0.0026 0.0024 0.0062 0.0091 0.0023 0.9474 0.0043 0.0039 0.0067 0.0036 0.0024 0.0029 
      H535.7  1 0.0026 0.0022 0.0022 0.0022 0.0019 0.0031 0.9726 0.0026 0.0020 0.0017 0.0029 0.0021 0.0017 
      H535.8  1 0.0035 0.0033 0.0027 0.0033 0.0028 0.0027 0.9655 0.0029 0.0021 0.0027 0.0038 0.0024 0.0022 
      H535.9  1 0.0033 0.0024 0.0024 0.0033 0.0033 0.0026 0.9659 0.0024 0.0031 0.0029 0.0025 0.0025 0.0034 
      H539.1  1 0.0033 0.0028 0.0023 0.0036 0.0056 0.0021 0.0024 0.0024 0.0060 0.9616 0.0022 0.0028 0.0029 
      H539.2  1 0.0552 0.0168 0.0323 0.0157 0.0060 0.0062 0.0112 0.0059 0.0838 0.7213 0.0075 0.0060 0.0321 
      H539.3  1 0.0255 0.0054 0.0088 0.0049 0.0046 0.0031 0.0120 0.0100 0.0112 0.8979 0.0044 0.0027 0.0095 
      H539.4  1 0.0047 0.0063 0.0064 0.0047 0.0048 0.0036 0.0032 0.0034 0.0497 0.9000 0.0049 0.0042 0.0041 
      H539.5  1 0.0043 0.0028 0.0027 0.0036 0.0043 0.0025 0.0034 0.0026 0.0068 0.9586 0.0029 0.0022 0.0032 
      H539.6  1 0.0077 0.0030 0.0032 0.0047 0.0051 0.0023 0.0032 0.0049 0.0131 0.9443 0.0025 0.0027 0.0032 
      H539.7  1 0.0048 0.0033 0.0053 0.0030 0.0048 0.0033 0.0029 0.0030 0.0072 0.9515 0.0024 0.0028 0.0058 
      H539.8  1 0.0126 0.0054 0.0146 0.0053 0.0045 0.0046 0.0262 0.0069 0.0379 0.8492 0.0058 0.0044 0.0227 
      H539.9  1 0.0035 0.0036 0.0042 0.0039 0.0023 0.0030 0.0023 0.0031 0.0117 0.9516 0.0036 0.0042 0.0030 
      H540.1  1 0.0224 0.0042 0.0037 0.0104 0.0051 0.0039 0.0043 0.0074 0.0048 0.9230 0.0041 0.0048 0.0020 
      H540.2  1 0.0076 0.0041 0.0054 0.0061 0.0038 0.0033 0.0021 0.0031 0.0041 0.9487 0.0045 0.0037 0.0035 
      H540.3  1 0.0237 0.0544 0.0077 0.0103 0.0081 0.0211 0.0065 0.0134 0.0244 0.8035 0.0094 0.0047 0.0128 
      H540.4  1 0.0084 0.0047 0.0081 0.0090 0.0065 0.0025 0.0049 0.0047 0.0177 0.9170 0.0057 0.0054 0.0055 
      H540.5  1 0.0076 0.0073 0.0104 0.0084 0.0054 0.0049 0.0024 0.0028 0.0039 0.9339 0.0040 0.0051 0.0040 
      H540.6  1 0.0217 0.0070 0.0101 0.0271 0.0085 0.0045 0.0049 0.0054 0.0060 0.8810 0.0073 0.0104 0.0063 
      H540.7  1 0.0070 0.0092 0.0050 0.0170 0.0062 0.0176 0.0035 0.0067 0.0092 0.8954 0.0095 0.0057 0.0080 
      H540.8  1 0.0698 0.0053 0.0053 0.0082 0.0115 0.0092 0.0043 0.0044 0.0073 0.8634 0.0044 0.0032 0.0037 
     H9558.1  1 0.0045 0.0036 0.0037 0.0027 0.0079 0.0021 0.0058 0.0027 0.0029 0.9534 0.0046 0.0025 0.0037 
     H9558.2  1 0.0082 0.0130 0.0069 0.0129 0.0082 0.0052 0.0111 0.0049 0.0033 0.8959 0.0119 0.0108 0.0077 
     H9558.3  1 0.0064 0.0063 0.0047 0.0091 0.0025 0.0026 0.0059 0.0023 0.0036 0.9272 0.0042 0.0137 0.0114 
     H9558.4  1 0.0035 0.0032 0.0078 0.0031 0.0032 0.0020 0.0066 0.0020 0.0028 0.9552 0.0033 0.0031 0.0044 
     H9558.5  1 0.0029 0.0042 0.0097 0.0041 0.0025 0.0033 0.0084 0.0016 0.0057 0.9444 0.0028 0.0052 0.0052 
     H9558.6  1 0.0039 0.0090 0.0043 0.0060 0.0052 0.0034 0.0045 0.0034 0.0056 0.9386 0.0042 0.0064 0.0054 
    kos339.1  1 0.0053 0.0064 0.0030 0.0128 0.0070 0.9257 0.0044 0.0024 0.0035 0.0039 0.0151 0.0076 0.0029 
    kos339.2  1 0.0027 0.0083 0.0042 0.0052 0.0041 0.9406 0.0042 0.0052 0.0046 0.0036 0.0068 0.0073 0.0031 
    kos339.3  1 0.0046 0.0029 0.0033 0.0027 0.0029 0.9596 0.0051 0.0029 0.0043 0.0025 0.0042 0.0023 0.0027 
    kos339.4  1 0.0044 0.0040 0.0032 0.0045 0.0035 0.9550 0.0042 0.0032 0.0043 0.0038 0.0044 0.0024 0.0031 
    kos339.5  1 0.0031 0.0033 0.0029 0.0154 0.0042 0.9395 0.0032 0.0024 0.0040 0.0039 0.0104 0.0046 0.0030 
    kos339.6  1 0.0039 0.0053 0.0030 0.0131 0.0029 0.9472 0.0025 0.0046 0.0029 0.0030 0.0042 0.0048 0.0026 
    kos339.7  1 0.0036 0.0032 0.0028 0.0035 0.0030 0.9572 0.0071 0.0035 0.0041 0.0025 0.0043 0.0025 0.0029 
    kos339.8  1 0.0025 0.0048 0.0042 0.0035 0.0039 0.9511 0.0030 0.0035 0.0039 0.0027 0.0084 0.0047 0.0035 
    kos339.9  1 0.0059 0.0104 0.0036 0.0288 0.0246 0.8727 0.0039 0.0071 0.0123 0.0121 0.0090 0.0071 0.0025 
      H409.1 12 0.0043 0.0087 0.0130 0.0087 0.0038 0.0085 0.0027 0.0045 0.0029 0.0027 0.9197 0.0139 0.0067 
     H409.10 12 0.0039 0.0082 0.0063 0.0053 0.0053 0.0035 0.0047 0.0076 0.0049 0.0043 0.9374 0.0043 0.0043 
      H409.2 12 0.0054 0.0436 0.0127 0.0049 0.0081 0.0082 0.0054 0.0050 0.0044 0.0055 0.8886 0.0042 0.0039 
      H409.3 12 0.0064 0.0104 0.0064 0.0042 0.0034 0.0069 0.0026 0.0048 0.0058 0.0094 0.9273 0.0070 0.0054 
      H409.4 12 0.0102 0.0183 0.0114 0.0088 0.0040 0.0061 0.0045 0.0046 0.0057 0.0095 0.9013 0.0107 0.0050 
      H409.5 12 0.0078 0.0167 0.0042 0.0050 0.0060 0.0040 0.0056 0.0051 0.0060 0.0081 0.9229 0.0038 0.0046 
      H409.6 12 0.0272 0.0139 0.0082 0.0308 0.0060 0.0055 0.0132 0.0066 0.0091 0.0119 0.7889 0.0387 0.0401 
      H409.7 12 0.0110 0.0343 0.0158 0.0210 0.0042 0.0100 0.0029 0.0109 0.0040 0.0052 0.8133 0.0581 0.0094 
      H409.8 12 0.0057 0.0045 0.0044 0.0064 0.0047 0.0036 0.0050 0.0045 0.0039 0.0045 0.9329 0.0112 0.0086 
      H409.9 12 0.0056 0.0078 0.0042 0.0069 0.0037 0.0032 0.0083 0.0041 0.0135 0.2788 0.6377 0.0115 0.0147 
      H413.1 12 0.0030 0.0025 0.0038 0.0041 0.0019 0.0033 0.0029 0.0021 0.0044 0.0022 0.0020 0.0050 0.9627 
      H413.2 12 0.0024 0.0024 0.0024 0.0028 0.0028 0.0045 0.0024 0.0023 0.0031 0.0023 0.0023 0.0035 0.9667 
      H413.3 12 0.0024 0.0030 0.0040 0.0028 0.0028 0.0022 0.0019 0.0022 0.0023 0.0039 0.0026 0.0047 0.9653 
      H413.4 12 0.0025 0.0043 0.0024 0.0060 0.0031 0.0049 0.0021 0.0037 0.0038 0.0029 0.0052 0.0074 0.9517 
      H413.5 12 0.0027 0.0026 0.0038 0.0040 0.0085 0.0021 0.0020 0.0030 0.0156 0.0159 0.0028 0.0025 0.9344 
      H413.6 12 0.0032 0.0054 0.0184 0.0082 0.0024 0.0040 0.0023 0.0059 0.0114 0.0161 0.0029 0.0076 0.9122 
      H413.7 12 0.0027 0.0025 0.0028 0.0026 0.0020 0.0032 0.0029 0.0022 0.0023 0.0031 0.0023 0.0031 0.9681 
      H563.1 12 0.0039 0.0060 0.0051 0.0046 0.0023 0.0033 0.0023 0.0035 0.0061 0.0102 0.0033 0.9335 0.0159 
      H563.2 12 0.0077 0.0112 0.0063 0.0066 0.0056 0.0097 0.0038 0.0037 0.0067 0.0061 0.0088 0.9158 0.0078 
      H563.3 12 0.0088 0.0065 0.0039 0.0051 0.0023 0.0024 0.0022 0.0040 0.0036 0.0139 0.0054 0.9351 0.0066 
      H563.4 12 0.0053 0.0052 0.0044 0.0051 0.0039 0.0048 0.0028 0.0034 0.0043 0.0042 0.0052 0.9418 0.0096 
      H563.5 12 0.0035 0.0077 0.0041 0.0046 0.0025 0.0029 0.0018 0.0030 0.0065 0.0061 0.0025 0.9492 0.0056 
      H563.6 12 0.0048 0.0080 0.0035 0.0060 0.0038 0.0146 0.0032 0.0038 0.0058 0.0057 0.0056 0.9264 0.0088 
      H563.7 12 0.0032 0.0094 0.0024 0.0057 0.0036 0.0142 0.0023 0.0028 0.0044 0.0031 0.0056 0.9351 0.0082 
      H563.8 12 0.0059 0.0125 0.0063 0.0072 0.0037 0.0056 0.0021 0.0032 0.0091 0.0165 0.0048 0.9161 0.0069 
      H563.9 12 0.0056 0.0101 0.0068 0.0080 0.0062 0.0106 0.0022 0.0042 0.0067 0.0050 0.0105 0.9167 0.0075 
     H7374.1 12 0.0097 0.9401 0.0032 0.0050 0.0033 0.0047 0.0060 0.0058 0.0030 0.0037 0.0035 0.0071 0.0048 
     H7374.2 12 0.0098 0.9314 0.0073 0.0036 0.0037 0.0024 0.0037 0.0033 0.0032 0.0088 0.0049 0.0087 0.0092 
     H7374.3 12 0.0117 0.9238 0.0032 0.0052 0.0038 0.0033 0.0039 0.0131 0.0041 0.0064 0.0065 0.0097 0.0054 
     H7374.4 12 0.0035 0.9317 0.0101 0.0055 0.0038 0.0069 0.0069 0.0037 0.0036 0.0069 0.0064 0.0040 0.0069 
     H7374.5 12 0.0049 0.9340 0.0038 0.0082 0.0043 0.0062 0.0024 0.0045 0.0043 0.0119 0.0035 0.0070 0.0049 
     H7374.6 12 0.0047 0.9294 0.0044 0.0064 0.0069 0.0054 0.0090 0.0092 0.0035 0.0058 0.0049 0.0064 0.0038 
     H7374.7 12 0.0033 0.9382 0.0049 0.0078 0.0030 0.0060 0.0056 0.0055 0.0026 0.0033 0.0046 0.0044 0.0108 
     H7374.8 12 0.0052 0.9462 0.0025 0.0044 0.0031 0.0056 0.0037 0.0076 0.0036 0.0026 0.0037 0.0089 0.0027 
     H7374.9 12 0.0037 0.9349 0.0054 0.0080 0.0054 0.0062 0.0027 0.0046 0.0046 0.0113 0.0031 0.0054 0.0046 
     H9563.1 12 0.0066 0.0051 0.0042 0.0060 0.0065 0.0060 0.0033 0.0046 0.0068 0.0076 0.0051 0.9326 0.0054 
     H9563.2 12 0.0051 0.0052 0.0043 0.0044 0.0051 0.0033 0.0045 0.0042 0.0084 0.0113 0.0030 0.9336 0.0077 
     H9563.3 12 0.0041 0.0049 0.0043 0.0048 0.0036 0.0036 0.0052 0.0068 0.0045 0.0020 0.0057 0.9473 0.0031 
     H9563.4 12 0.0203 0.0105 0.0065 0.0131 0.0070 0.0068 0.0208 0.0116 0.0166 0.0084 0.0115 0.8619 0.0050 
     H9563.5 12 0.0104 0.0044 0.0056 0.0068 0.0077 0.0083 0.0042 0.0054 0.0083 0.0056 0.0104 0.9179 0.0052 
     H9563.6 12 0.0046 0.0042 0.0031 0.0059 0.0027 0.0029 0.0052 0.0061 0.0057 0.0022 0.0040 0.9488 0.0044 
     H9563.7 12 0.0052 0.0053 0.0025 0.0038 0.0024 0.0023 0.0112 0.0040 0.0034 0.0030 0.0035 0.9497 0.0037 
     H9563.8 12 0.0073 0.0079 0.0109 0.0080 0.0067 0.0194 0.0050 0.0051 0.0483 0.0068 0.0112 0.8594 0.0040 
     H9563.9 12 0.0053 0.0060 0.0051 0.0067 0.0053 0.0057 0.0037 0.0042 0.0153 0.0054 0.0064 0.9259 0.0049 
     H9572.1 12 0.0088 0.0105 0.0073 0.8057 0.0132 0.0051 0.0057 0.0099 0.0222 0.0444 0.0155 0.0397 0.0119 
     H9572.2 12 0.0288 0.0275 0.0037 0.6190 0.0435 0.0059 0.0030 0.0564 0.0408 0.0077 0.0069 0.1480 0.0088 
     H9572.3 12 0.0921 0.0888 0.0045 0.5463 0.0116 0.0811 0.0166 0.0077 0.0059 0.0527 0.0251 0.0562 0.0113 
     H9572.4 12 0.0063 0.0057 0.0027 0.9245 0.0063 0.0094 0.0054 0.0043 0.0051 0.0069 0.0050 0.0129 0.0056 
     H9572.5 12 0.0265 0.0031 0.0039 0.8633 0.0081 0.0303 0.0062 0.0128 0.0079 0.0133 0.0058 0.0153 0.0036 
