      H105.1  1 0.0094 0.0074 0.0107 0.0038 0.0240 0.0061 0.0046 0.9279 0.0063 
      H105.2  1 0.0180 0.0238 0.0049 0.0259 0.0170 0.0045 0.0078 0.8879 0.0101 
      H105.3  1 0.0061 0.0053 0.0048 0.0043 0.0032 0.0055 0.0055 0.9621 0.0032 
      H105.4  1 0.0170 0.0122 0.0067 0.0128 0.0166 0.0142 0.0152 0.8960 0.0093 
      H105.5  1 0.0492 0.0131 0.0108 0.0134 0.2309 0.0068 0.0218 0.6358 0.0182 
      H105.6  1 0.0153 0.0066 0.0082 0.0129 0.0088 0.0163 0.0191 0.9001 0.0128 
      H105.7  1 0.0051 0.0054 0.0048 0.0048 0.0134 0.0040 0.0040 0.9543 0.0040 
      H105.8  1 0.0075 0.0125 0.0033 0.0083 0.0040 0.0026 0.0051 0.9520 0.0047 
      H115.1  1 0.0148 0.0130 0.0175 0.7851 0.0160 0.0036 0.0050 0.0566 0.0884 
      H115.2  1 0.0052 0.0070 0.0146 0.7139 0.0120 0.0032 0.0033 0.0090 0.2317 
      H115.3  1 0.0031 0.0039 0.0058 0.9549 0.0050 0.0042 0.0044 0.0063 0.0123 
      H115.4  1 0.0031 0.0168 0.0107 0.9373 0.0070 0.0069 0.0072 0.0050 0.0061 
      H115.5  1 0.0064 0.0104 0.0226 0.8773 0.0091 0.0130 0.0087 0.0193 0.0332 
      H115.6  1 0.0045 0.0039 0.0092 0.9510 0.0049 0.0050 0.0021 0.0047 0.0147 
      H115.7  1 0.0075 0.0074 0.0089 0.8769 0.0198 0.0055 0.0045 0.0487 0.0209 
      H115.8  1 0.0037 0.0044 0.0058 0.9413 0.0056 0.0033 0.0020 0.0069 0.0270 
      H115.9  1 0.0191 0.0386 0.0202 0.3861 0.0150 0.0041 0.0084 0.0275 0.4810 
      H145.1  1 0.0083 0.0042 0.0053 0.0072 0.0097 0.9490 0.0050 0.0039 0.0075 
      H145.2  1 0.0044 0.0056 0.0048 0.0080 0.0057 0.9568 0.0052 0.0036 0.0057 
      H145.3  1 0.0037 0.0031 0.0029 0.0063 0.0040 0.9712 0.0033 0.0027 0.0029 
      H145.4  1 0.0071 0.0040 0.0047 0.0040 0.0104 0.9571 0.0033 0.0051 0.0042 
      H145.5  1 0.0052 0.0032 0.0036 0.0066 0.0058 0.9655 0.0027 0.0040 0.0035 
      H145.6  1 0.0032 0.0035 0.0045 0.0038 0.0054 0.9680 0.0036 0.0052 0.0028 
      H145.7  1 0.0032 0.0030 0.0062 0.0036 0.0041 0.9709 0.0038 0.0032 0.0021 
      H149.1  1 0.0048 0.0034 0.9701 0.0035 0.0044 0.0051 0.0030 0.0030 0.0028 
      H149.2  1 0.0057 0.0036 0.9633 0.0038 0.0054 0.0072 0.0039 0.0044 0.0027 
      H149.3  1 0.0104 0.0277 0.7861 0.0307 0.0596 0.0409 0.0144 0.0241 0.0062 
      H149.4  1 0.0040 0.0122 0.9605 0.0043 0.0033 0.0031 0.0030 0.0064 0.0031 
      H149.5  1 0.0057 0.0338 0.8423 0.0047 0.0330 0.0206 0.0143 0.0435 0.0022 
      H149.6  1 0.0043 0.0035 0.9611 0.0028 0.0068 0.0076 0.0042 0.0075 0.0022 
      H149.7  1 0.0143 0.0676 0.8091 0.0193 0.0477 0.0049 0.0046 0.0286 0.0039 
      H150.1  1 0.0057 0.0028 0.0037 0.5103 0.0061 0.0050 0.0023 0.0068 0.4571 
      H150.2  1 0.0048 0.0039 0.0065 0.8610 0.0064 0.0049 0.0042 0.0088 0.0995 
      H150.3  1 0.0104 0.0046 0.0059 0.2164 0.0135 0.0066 0.0025 0.0076 0.7326 
      H150.4  1 0.0056 0.0031 0.0028 0.0379 0.0062 0.0076 0.0020 0.0053 0.9297 
      H150.5  1 0.0080 0.0057 0.0059 0.8447 0.0156 0.0064 0.0029 0.0179 0.0930 
      H150.6  1 0.0149 0.0099 0.0049 0.9239 0.0109 0.0124 0.0044 0.0054 0.0132 
      H150.7  1 0.0035 0.0048 0.0074 0.2551 0.0050 0.0054 0.0021 0.0084 0.7082 
   H169607.1  1 0.0093 0.0141 0.0046 0.0447 0.8462 0.0248 0.0041 0.0074 0.0449 
   H169607.2  1 0.0057 0.0042 0.0035 0.0085 0.9281 0.0127 0.0055 0.0070 0.0247 
   H169607.3  1 0.0046 0.0120 0.0033 0.0110 0.9342 0.0155 0.0053 0.0049 0.0091 
   H169607.4  1 0.0136 0.0036 0.0034 0.0119 0.9204 0.0180 0.0043 0.0094 0.0154 
   H169607.5  1 0.0043 0.0034 0.0033 0.0040 0.9566 0.0075 0.0039 0.0044 0.0125 
   H169607.6  1 0.0038 0.0058 0.0035 0.0069 0.9514 0.0073 0.0053 0.0066 0.0094 
   H169607.7  1 0.0033 0.0117 0.0035 0.0331 0.9199 0.0107 0.0048 0.0058 0.0072 
   H169607.8  1 0.0115 0.0048 0.0042 0.0054 0.9400 0.0074 0.0037 0.0103 0.0128 
   H169633.1  1 0.0051 0.0038 0.9432 0.0055 0.0086 0.0136 0.0050 0.0089 0.0063 
   H169633.2  1 0.0199 0.0114 0.8897 0.0261 0.0070 0.0231 0.0105 0.0092 0.0031 
   H169633.3  1 0.0118 0.0050 0.9399 0.0068 0.0068 0.0068 0.0088 0.0077 0.0066 
   H169633.4  1 0.0102 0.0038 0.9379 0.0073 0.0070 0.0062 0.0090 0.0104 0.0082 
   H169633.5  1 0.0100 0.0063 0.9400 0.0065 0.0068 0.0062 0.0081 0.0076 0.0084 
   H169688.1  1 0.0062 0.0101 0.0085 0.0052 0.9464 0.0056 0.0056 0.0065 0.0059 
   H169688.2  1 0.0111 0.0104 0.0046 0.0052 0.9379 0.0083 0.0036 0.0104 0.0085 
   H169688.3  1 0.0101 0.0081 0.0065 0.0054 0.9413 0.0079 0.0018 0.0090 0.0099 
   H169688.4  1 0.0066 0.0054 0.0047 0.0106 0.9022 0.0094 0.0037 0.0031 0.0544 
   H169688.5  1 0.0052 0.0052 0.0071 0.0088 0.9087 0.0086 0.0037 0.0037 0.0490 
   H169688.6  1 0.0035 0.0920 0.0098 0.0061 0.8590 0.0043 0.0064 0.0055 0.0134 
   H169688.7  1 0.0134 0.0079 0.0097 0.0302 0.8447 0.0700 0.0024 0.0061 0.0157 
   H171901.1  1 0.0071 0.0233 0.0132 0.0996 0.5359 0.0311 0.0023 0.2432 0.0443 
   H171901.2  1 0.0118 0.0035 0.9114 0.0164 0.0159 0.0073 0.0032 0.0105 0.0200 
   H171901.3  1 0.0206 0.0100 0.8065 0.0434 0.0571 0.0124 0.0108 0.0162 0.0230 
   H171901.4  1 0.0151 0.0043 0.9201 0.0169 0.0121 0.0067 0.0036 0.0131 0.0081 
   H171901.5  1 0.0225 0.0081 0.8395 0.0638 0.0227 0.0138 0.0050 0.0073 0.0172 
   H171901.6  1 0.0397 0.0175 0.7018 0.1155 0.0483 0.0221 0.0092 0.0075 0.0383 
   H171901.7  1 0.0145 0.0194 0.6863 0.0226 0.1840 0.0234 0.0158 0.0087 0.0253 
   H171902.1  1 0.0076 0.0095 0.0071 0.9368 0.0080 0.0151 0.0049 0.0033 0.0078 
  H171902.10  1 0.0056 0.0075 0.0094 0.9574 0.0053 0.0043 0.0037 0.0029 0.0039 
   H171902.2  1 0.0060 0.0131 0.0137 0.9374 0.0075 0.0090 0.0027 0.0047 0.0060 
   H171902.3  1 0.0059 0.0085 0.0268 0.9278 0.0069 0.0046 0.0061 0.0043 0.0090 
   H171902.4  1 0.0130 0.0038 0.0341 0.9183 0.0075 0.0100 0.0036 0.0048 0.0049 
   H171902.6  1 0.0047 0.0088 0.0100 0.9517 0.0053 0.0059 0.0039 0.0036 0.0060 
   H171902.7  1 0.0079 0.0039 0.0233 0.9158 0.0311 0.0073 0.0029 0.0043 0.0034 
   H171902.8  1 0.0077 0.0082 0.0163 0.9350 0.0070 0.0072 0.0051 0.0036 0.0098 
   H171902.9  1 0.0059 0.0038 0.0047 0.9388 0.0073 0.0098 0.0039 0.0046 0.0211 
   H171903.1  1 0.0044 0.0036 0.0043 0.0132 0.9410 0.0053 0.0047 0.0079 0.0157 
   H171903.2  1 0.0132 0.0070 0.0046 0.0167 0.8908 0.0083 0.0089 0.0181 0.0324 
   H171903.3  1 0.0376 0.0050 0.0069 0.0099 0.8834 0.0034 0.0281 0.0155 0.0101 
   H171903.4  1 0.0069 0.0028 0.0033 0.0163 0.9465 0.0076 0.0036 0.0043 0.0088 
   H171903.5  1 0.0072 0.0059 0.0093 0.0124 0.9350 0.0041 0.0047 0.0087 0.0127 
   H171903.6  1 0.0037 0.0051 0.0061 0.0063 0.9613 0.0038 0.0058 0.0029 0.0049 
      H177.1  1 0.3497 0.0390 0.0487 0.0177 0.5058 0.0077 0.0131 0.0058 0.0125 
      H177.2  1 0.2912 0.1288 0.1211 0.0290 0.2108 0.1800 0.0117 0.0106 0.0168 
      H177.3  1 0.1953 0.0745 0.1875 0.0533 0.3764 0.0491 0.0266 0.0087 0.0286 
      H177.4  1 0.1330 0.3962 0.0368 0.0079 0.3342 0.0153 0.0611 0.0091 0.0064 
      H177.5  1 0.3140 0.0625 0.0214 0.0245 0.5291 0.0141 0.0082 0.0192 0.0070 
      H177.6  1 0.2375 0.0705 0.3517 0.0501 0.2174 0.0284 0.0124 0.0069 0.0252 
      H179.1  1 0.0151 0.9299 0.0069 0.0067 0.0138 0.0035 0.0030 0.0129 0.0083 
      H179.2  1 0.0221 0.9166 0.0042 0.0124 0.0086 0.0027 0.0233 0.0044 0.0057 
      H179.3  1 0.0136 0.8765 0.0046 0.0128 0.0518 0.0053 0.0045 0.0075 0.0234 
      H179.4  1 0.0383 0.7698 0.0265 0.0078 0.0296 0.0239 0.0908 0.0075 0.0058 
      H180.1  1 0.0046 0.0124 0.0045 0.9555 0.0053 0.0039 0.0032 0.0056 0.0049 
      H180.2  1 0.0071 0.0063 0.0038 0.9567 0.0052 0.0036 0.0036 0.0063 0.0073 
      H180.3  1 0.0054 0.0048 0.0053 0.9288 0.0074 0.0062 0.0055 0.0043 0.0322 
      H180.4  1 0.0065 0.0094 0.0077 0.9525 0.0057 0.0041 0.0029 0.0065 0.0046 
      H180.5  1 0.0041 0.0097 0.0048 0.9560 0.0052 0.0064 0.0046 0.0042 0.0050 
      H180.6  1 0.0038 0.0075 0.0109 0.9369 0.0102 0.0134 0.0067 0.0043 0.0064 
      H181.1  1 0.0075 0.5198 0.1817 0.0985 0.1109 0.0145 0.0076 0.0402 0.0193 
      H181.2  1 0.0263 0.7146 0.0316 0.0887 0.0179 0.0770 0.0063 0.0250 0.0125 
      H181.3  1 0.0154 0.6185 0.1342 0.0953 0.0271 0.0261 0.0047 0.0568 0.0221 
      H181.4  1 0.0581 0.2189 0.1948 0.1168 0.0584 0.0323 0.0191 0.0532 0.2485 
      H181.5  1 0.0113 0.9164 0.0151 0.0087 0.0120 0.0042 0.0036 0.0231 0.0055 
      H181.6  1 0.0091 0.9033 0.0061 0.0318 0.0097 0.0063 0.0092 0.0092 0.0153 
      H181.7  1 0.0049 0.9222 0.0170 0.0063 0.0141 0.0055 0.0063 0.0123 0.0115 
 H194.1_2004  1 0.0050 0.0029 0.0051 0.0058 0.9588 0.0076 0.0041 0.0037 0.0069 
 H194.2_2004  1 0.0094 0.0043 0.0064 0.0052 0.9396 0.0224 0.0027 0.0055 0.0045 
 H194.3_2004  1 0.4036 0.0244 0.0656 0.0056 0.4367 0.0448 0.0062 0.0068 0.0064 
 H194.4_2004  1 0.0629 0.0093 0.0375 0.0078 0.6841 0.1811 0.0043 0.0059 0.0069 
 H194.5_2004  1 0.1840 0.0086 0.0333 0.0043 0.7263 0.0200 0.0097 0.0068 0.0070 
 H194.6_2004  1 0.3203 0.0101 0.0482 0.0098 0.5471 0.0275 0.0222 0.0048 0.0100 
 H194.7_2004  1 0.0080 0.0024 0.0041 0.0037 0.9548 0.0129 0.0032 0.0072 0.0038 
 H194.8_2004  1 0.0878 0.0098 0.0307 0.0056 0.7910 0.0411 0.0149 0.0064 0.0127 
      H194.9  1 0.0127 0.0040 0.0121 0.0067 0.9031 0.0404 0.0040 0.0073 0.0098 
 H195.1_2003  1 0.0124 0.0048 0.0305 0.0071 0.0164 0.9118 0.0058 0.0049 0.0062 
 H195.1_2004  1 0.0054 0.0039 0.0063 0.0048 0.0039 0.9665 0.0030 0.0035 0.0027 
 H195.2_2003  1 0.0107 0.0088 0.0089 0.0072 0.1315 0.7856 0.0089 0.0170 0.0214 
 H195.2_2004  1 0.0041 0.0033 0.0046 0.0032 0.0036 0.9726 0.0024 0.0032 0.0029 
 H195.3_2003  1 0.0180 0.0048 0.0074 0.0074 0.1943 0.5810 0.0051 0.0193 0.1627 
 H195.3_2004  1 0.0053 0.0035 0.0166 0.0041 0.0035 0.9580 0.0032 0.0029 0.0029 
 H195.4_2003  1 0.0061 0.0036 0.0108 0.0055 0.0047 0.9564 0.0051 0.0040 0.0038 
 H195.4_2004  1 0.0025 0.0028 0.0038 0.0032 0.0056 0.9728 0.0041 0.0026 0.0027 
 H195.5_2003  1 0.0178 0.0042 0.0234 0.0098 0.0112 0.9092 0.0079 0.0089 0.0076 
 H195.5_2004  1 0.0047 0.0041 0.0048 0.0040 0.0031 0.9683 0.0047 0.0031 0.0031 
 H195.6_2003  1 0.0036 0.0037 0.0041 0.0076 0.0104 0.9439 0.0037 0.0059 0.0172 
 H195.6_2004  1 0.0047 0.0044 0.0030 0.0034 0.0048 0.9705 0.0034 0.0034 0.0023 
 H195.7_2003  1 0.0204 0.0066 0.0137 0.0052 0.0631 0.8606 0.0103 0.0139 0.0061 
 H195.7_2004  1 0.0038 0.0025 0.0039 0.0033 0.0034 0.9734 0.0029 0.0030 0.0038 
      H195.8  1 0.0029 0.0030 0.0036 0.0031 0.0044 0.9719 0.0042 0.0032 0.0036 
      H195.9  1 0.0041 0.0035 0.0060 0.0034 0.0056 0.9666 0.0050 0.0027 0.0032 
      H415.1  1 0.1628 0.0102 0.2787 0.3556 0.0118 0.0260 0.0033 0.0073 0.1442 
      H415.2  1 0.5157 0.0563 0.0504 0.2383 0.0645 0.0065 0.0053 0.0239 0.0392 
      H415.3  1 0.1782 0.0959 0.4007 0.2619 0.0112 0.0124 0.0101 0.0197 0.0099 
      H415.4  1 0.3302 0.0049 0.1709 0.4126 0.0089 0.0183 0.0068 0.0050 0.0424 
      H415.5  1 0.2957 0.0131 0.2952 0.3518 0.0072 0.0133 0.0095 0.0058 0.0084 
      H415.6  1 0.3326 0.0068 0.1800 0.4015 0.0089 0.0152 0.0082 0.0067 0.0400 
      H415.7  1 0.2052 0.0886 0.2970 0.1271 0.1858 0.0336 0.0233 0.0172 0.0222 
      H506.1  1 0.0040 0.9723 0.0044 0.0023 0.0023 0.0040 0.0042 0.0046 0.0019 
      H506.2  1 0.0042 0.9664 0.0061 0.0029 0.0036 0.0074 0.0034 0.0037 0.0022 
      H506.3  1 0.0084 0.9607 0.0052 0.0052 0.0054 0.0045 0.0032 0.0044 0.0031 
      H506.4  1 0.0040 0.9576 0.0050 0.0051 0.0059 0.0033 0.0098 0.0043 0.0050 
      H506.5  1 0.0061 0.9618 0.0068 0.0035 0.0033 0.0049 0.0073 0.0037 0.0026 
      H506.6  1 0.0071 0.9258 0.0050 0.0056 0.0201 0.0202 0.0062 0.0051 0.0049 
      H506.7  1 0.0054 0.9704 0.0037 0.0030 0.0031 0.0060 0.0037 0.0027 0.0020 
      H533.1  1 0.0040 0.9693 0.0072 0.0041 0.0027 0.0033 0.0038 0.0035 0.0020 
      H533.2  1 0.0036 0.9689 0.0076 0.0039 0.0023 0.0035 0.0044 0.0036 0.0021 
      H533.3  1 0.0039 0.9725 0.0048 0.0025 0.0041 0.0028 0.0031 0.0032 0.0031 
      H533.4  1 0.0039 0.9420 0.0096 0.0040 0.0103 0.0150 0.0076 0.0039 0.0036 
      H535.1  1 0.0029 0.0042 0.0032 0.0035 0.0031 0.0031 0.9745 0.0023 0.0031 
      H535.2  1 0.0036 0.0054 0.0036 0.0029 0.0031 0.0043 0.9706 0.0035 0.0028 
      H535.3  1 0.0036 0.0040 0.0024 0.0022 0.0026 0.0032 0.9763 0.0035 0.0022 
      H535.4  1 0.0033 0.0027 0.0041 0.0025 0.0027 0.0050 0.9742 0.0028 0.0026 
      H535.5  1 0.0030 0.0028 0.0040 0.0030 0.0034 0.0031 0.9760 0.0024 0.0024 
      H535.6  1 0.0043 0.0037 0.0029 0.0048 0.0042 0.0061 0.9642 0.0025 0.0073 
      H535.7  1 0.0030 0.0022 0.0034 0.0019 0.0026 0.0026 0.9800 0.0021 0.0020 
      H535.8  1 0.0038 0.0028 0.0026 0.0023 0.0033 0.0029 0.9766 0.0027 0.0029 
      H535.9  1 0.0029 0.0032 0.0031 0.0031 0.0034 0.0029 0.9761 0.0022 0.0032 
      H539.1  1 0.0026 0.0023 0.0025 0.0053 0.0039 0.0029 0.0023 0.0027 0.9756 
      H539.2  1 0.0149 0.0069 0.0051 0.0374 0.1027 0.0062 0.0120 0.0113 0.8034 
      H539.3  1 0.0059 0.0045 0.0036 0.0069 0.0168 0.0084 0.0087 0.0046 0.9406 
      H539.4  1 0.0050 0.0045 0.0037 0.0104 0.0063 0.0032 0.0026 0.0053 0.9589 
      H539.5  1 0.0030 0.0024 0.0026 0.0053 0.0045 0.0028 0.0035 0.0026 0.9733 
      H539.6  1 0.0027 0.0027 0.0029 0.0075 0.0048 0.0033 0.0027 0.0028 0.9706 
      H539.7  1 0.0027 0.0032 0.0034 0.0071 0.0040 0.0027 0.0029 0.0034 0.9704 
      H539.8  1 0.0078 0.0049 0.0053 0.0105 0.0119 0.0053 0.0211 0.0066 0.9266 
      H539.9  1 0.0038 0.0039 0.0023 0.0051 0.0043 0.0028 0.0028 0.0039 0.9711 
      H540.1  1 0.0043 0.0060 0.0048 0.0039 0.0210 0.0098 0.0061 0.0053 0.9388 
      H540.2  1 0.0048 0.0039 0.0031 0.0048 0.0085 0.0032 0.0026 0.0046 0.9644 
      H540.3  1 0.0218 0.0090 0.0341 0.0140 0.0223 0.0181 0.0061 0.0065 0.8681 
      H540.4  1 0.0057 0.0083 0.0041 0.0114 0.0088 0.0042 0.0047 0.0068 0.9460 
      H540.5  1 0.0064 0.0034 0.0059 0.0044 0.0095 0.0028 0.0031 0.0050 0.9593 
      H540.6  1 0.0100 0.0083 0.0070 0.0085 0.0278 0.0052 0.0054 0.0094 0.9183 
      H540.7  1 0.0101 0.0092 0.0167 0.0065 0.0110 0.0055 0.0042 0.0060 0.9308 
      H540.8  1 0.0053 0.0042 0.0090 0.0094 0.0573 0.0041 0.0048 0.0038 0.9021 
     H9558.1  1 0.0032 0.0055 0.0024 0.0051 0.0066 0.0030 0.0087 0.0039 0.9616 
     H9558.2  1 0.0127 0.0184 0.0064 0.0050 0.0084 0.0047 0.0132 0.0140 0.9173 
     H9558.3  1 0.0070 0.0039 0.0031 0.0035 0.0062 0.0029 0.0070 0.0187 0.9477 
     H9558.4  1 0.0033 0.0048 0.0021 0.0041 0.0056 0.0024 0.0073 0.0039 0.9666 
     H9558.5  1 0.0036 0.0031 0.0034 0.0040 0.0036 0.0021 0.0068 0.0042 0.9692 
     H9558.6  1 0.0079 0.0039 0.0035 0.0068 0.0045 0.0036 0.0053 0.0065 0.9581 
    kos339.1  1 0.0057 0.0148 0.9489 0.0054 0.0044 0.0024 0.0057 0.0083 0.0044 
    kos339.2  1 0.0056 0.0077 0.9567 0.0051 0.0040 0.0063 0.0056 0.0056 0.0034 
    kos339.3  1 0.0032 0.0047 0.9694 0.0034 0.0042 0.0031 0.0062 0.0025 0.0033 
    kos339.4  1 0.0032 0.0047 0.9680 0.0041 0.0046 0.0035 0.0051 0.0026 0.0040 
    kos339.5  1 0.0036 0.0091 0.9634 0.0041 0.0034 0.0024 0.0036 0.0062 0.0041 
    kos339.6  1 0.0038 0.0080 0.9641 0.0034 0.0036 0.0062 0.0029 0.0049 0.0031 
    kos339.7  1 0.0030 0.0057 0.9613 0.0041 0.0039 0.0032 0.0127 0.0032 0.0028 
    kos339.8  1 0.0040 0.0146 0.9575 0.0040 0.0035 0.0046 0.0036 0.0051 0.0032 
    kos339.9  1 0.0111 0.0077 0.9316 0.0144 0.0065 0.0074 0.0040 0.0056 0.0119 
      H409.1 12 0.9546 0.0132 0.0074 0.0029 0.0041 0.0047 0.0036 0.0072 0.0022 
     H409.10 12 0.9265 0.0258 0.0052 0.0098 0.0068 0.0067 0.0045 0.0066 0.0081 
      H409.2 12 0.9653 0.0076 0.0044 0.0033 0.0038 0.0034 0.0049 0.0034 0.0040 
      H409.3 12 0.9549 0.0097 0.0061 0.0045 0.0038 0.0045 0.0062 0.0055 0.0047 
      H409.4 12 0.9651 0.0053 0.0051 0.0029 0.0043 0.0026 0.0063 0.0042 0.0043 
      H409.5 12 0.9486 0.0061 0.0040 0.0065 0.0088 0.0046 0.0093 0.0067 0.0054 
      H409.6 12 0.7874 0.0712 0.0048 0.0130 0.0200 0.0062 0.0125 0.0759 0.0091 
      H409.7 12 0.9550 0.0054 0.0076 0.0034 0.0045 0.0053 0.0033 0.0127 0.0027 
      H409.8 12 0.9379 0.0174 0.0060 0.0064 0.0057 0.0045 0.0069 0.0112 0.0039 
      H409.9 12 0.1869 0.3630 0.0042 0.0227 0.0082 0.0055 0.0142 0.0952 0.3001 
      H413.1 12 0.0047 0.0031 0.0038 0.0091 0.0084 0.0043 0.0056 0.9548 0.0063 
      H413.2 12 0.0043 0.0036 0.0066 0.0049 0.0065 0.0057 0.0062 0.9537 0.0086 
      H413.3 12 0.0046 0.0061 0.0026 0.0052 0.0076 0.0031 0.0030 0.9548 0.0131 
      H413.4 12 0.0064 0.0060 0.0048 0.0096 0.0040 0.0049 0.0040 0.9508 0.0095 
      H413.5 12 0.0039 0.0065 0.0031 0.0373 0.0056 0.0042 0.0041 0.8335 0.1018 
      H413.6 12 0.0104 0.0029 0.0059 0.0108 0.0123 0.0056 0.0036 0.8485 0.0999 
      H413.7 12 0.0062 0.0034 0.0064 0.0045 0.0070 0.0046 0.0055 0.9472 0.0152 
      H563.1 12 0.0048 0.0030 0.0027 0.0044 0.0041 0.0044 0.0020 0.9675 0.0071 
      H563.2 12 0.0170 0.0061 0.0088 0.0081 0.0084 0.0044 0.0046 0.9337 0.0090 
      H563.3 12 0.0085 0.0038 0.0031 0.0041 0.0067 0.0045 0.0023 0.9541 0.0130 
      H563.4 12 0.0062 0.0047 0.0051 0.0052 0.0056 0.0037 0.0025 0.9634 0.0036 
      H563.5 12 0.0045 0.0024 0.0049 0.0038 0.0044 0.0036 0.0021 0.9688 0.0054 
      H563.6 12 0.0107 0.0043 0.0116 0.0061 0.0048 0.0034 0.0029 0.9493 0.0069 
      H563.7 12 0.0120 0.0043 0.0107 0.0040 0.0029 0.0033 0.0022 0.9579 0.0027 
      H563.8 12 0.0110 0.0051 0.0054 0.0062 0.0052 0.0047 0.0028 0.9441 0.0154 
      H563.9 12 0.0134 0.0094 0.0088 0.0061 0.0085 0.0069 0.0024 0.9369 0.0076 
     H7374.1 12 0.9409 0.0037 0.0070 0.0064 0.0084 0.0108 0.0072 0.0111 0.0046 
     H7374.2 12 0.9460 0.0048 0.0031 0.0039 0.0114 0.0052 0.0041 0.0120 0.0096 
     H7374.3 12 0.9140 0.0054 0.0044 0.0057 0.0113 0.0293 0.0082 0.0122 0.0093 
     H7374.4 12 0.9480 0.0040 0.0091 0.0045 0.0078 0.0052 0.0089 0.0070 0.0055 
     H7374.5 12 0.9348 0.0056 0.0093 0.0072 0.0055 0.0048 0.0037 0.0141 0.0150 
     H7374.6 12 0.9160 0.0056 0.0097 0.0075 0.0063 0.0227 0.0139 0.0069 0.0112 
     H7374.7 12 0.9579 0.0032 0.0080 0.0038 0.0045 0.0076 0.0065 0.0056 0.0029 
     H7374.8 12 0.9550 0.0037 0.0063 0.0030 0.0048 0.0095 0.0050 0.0093 0.0034 
     H7374.9 12 0.9307 0.0046 0.0140 0.0081 0.0072 0.0088 0.0033 0.0091 0.0142 
     H9563.1 12 0.0067 0.0066 0.0067 0.0068 0.0060 0.0051 0.0038 0.9514 0.0069 
     H9563.2 12 0.0034 0.0043 0.0043 0.0070 0.0065 0.0063 0.0054 0.9515 0.0112 
     H9563.3 12 0.0053 0.0078 0.0056 0.0047 0.0042 0.0095 0.0048 0.9556 0.0024 
     H9563.4 12 0.0266 0.0137 0.0136 0.0188 0.0239 0.0147 0.0239 0.8521 0.0127 
     H9563.5 12 0.0094 0.0125 0.0100 0.0130 0.0122 0.0076 0.0058 0.9239 0.0056 
     H9563.6 12 0.0046 0.0062 0.0036 0.0042 0.0044 0.0062 0.0042 0.9632 0.0034 
     H9563.7 12 0.0048 0.0055 0.0032 0.0037 0.0056 0.0060 0.0084 0.9592 0.0034 
     H9563.8 12 0.0115 0.0224 0.0295 0.0662 0.0165 0.0135 0.0073 0.8238 0.0093 
     H9563.9 12 0.0055 0.0129 0.0074 0.0148 0.0071 0.0054 0.0038 0.9339 0.0091 
     H9572.1 12 0.0429 0.1237 0.0161 0.0743 0.0137 0.0225 0.0239 0.5300 0.1527 
     H9572.2 12 0.0915 0.0189 0.0111 0.1378 0.0240 0.1222 0.0045 0.5784 0.0117 
     H9572.3 12 0.3785 0.0147 0.2057 0.0109 0.0891 0.0096 0.0178 0.1868 0.0869 
     H9572.4 12 0.1346 0.0338 0.1923 0.0521 0.0389 0.0331 0.0573 0.4220 0.0359 
     H9572.5 12 0.0100 0.0655 0.2947 0.0806 0.1239 0.0672 0.0282 0.2736 0.0563 
