      H105.1  1 0.0061 0.9478 0.0098 0.0060 0.0076 0.0126 0.0100 
      H105.2  1 0.0175 0.9112 0.0131 0.0062 0.0198 0.0189 0.0133 
      H105.3  1 0.0046 0.9692 0.0036 0.0062 0.0058 0.0057 0.0050 
      H105.4  1 0.0131 0.9256 0.0120 0.0210 0.0113 0.0088 0.0082 
      H105.5  1 0.0318 0.7823 0.0454 0.0144 0.0371 0.0721 0.0168 
      H105.6  1 0.0130 0.9186 0.0097 0.0274 0.0178 0.0062 0.0073 
      H105.7  1 0.0063 0.9610 0.0115 0.0040 0.0065 0.0056 0.0051 
      H105.8  1 0.0065 0.9611 0.0040 0.0047 0.0110 0.0056 0.0071 
      H115.1  1 0.8590 0.0529 0.0144 0.0046 0.0352 0.0097 0.0242 
      H115.2  1 0.9612 0.0069 0.0085 0.0035 0.0074 0.0055 0.0069 
      H115.3  1 0.9538 0.0120 0.0073 0.0039 0.0064 0.0037 0.0129 
      H115.4  1 0.6795 0.0075 0.0183 0.0157 0.0084 0.0115 0.2591 
      H115.5  1 0.7882 0.0142 0.0120 0.0252 0.0260 0.0059 0.1286 
      H115.6  1 0.9384 0.0084 0.0096 0.0046 0.0086 0.0088 0.0216 
      H115.7  1 0.8747 0.0461 0.0195 0.0065 0.0173 0.0130 0.0229 
      H115.8  1 0.9483 0.0103 0.0086 0.0028 0.0074 0.0067 0.0159 
      H115.9  1 0.9338 0.0167 0.0091 0.0045 0.0220 0.0043 0.0097 
      H145.1  1 0.0078 0.0049 0.4258 0.5419 0.0064 0.0079 0.0053 
      H145.2  1 0.0077 0.0070 0.2144 0.7517 0.0063 0.0047 0.0082 
      H145.3  1 0.0049 0.0056 0.2981 0.6803 0.0040 0.0038 0.0032 
      H145.4  1 0.0049 0.0077 0.3762 0.5896 0.0084 0.0081 0.0051 
      H145.5  1 0.0052 0.0062 0.4470 0.5252 0.0064 0.0058 0.0043 
      H145.6  1 0.0033 0.0097 0.1703 0.7989 0.0038 0.0049 0.0092 
      H145.7  1 0.0039 0.0044 0.1797 0.7959 0.0050 0.0049 0.0062 
      H149.1  1 0.0051 0.0042 0.0075 0.0053 0.0114 0.0075 0.9591 
      H149.2  1 0.0049 0.0084 0.0224 0.0115 0.0089 0.0059 0.9379 
      H149.3  1 0.0103 0.0176 0.0452 0.0240 0.0156 0.0149 0.8723 
      H149.4  1 0.0041 0.0126 0.0052 0.0040 0.0060 0.0062 0.9619 
      H149.5  1 0.0036 0.0302 0.0115 0.0140 0.0075 0.0061 0.9270 
      H149.6  1 0.0032 0.0169 0.0101 0.0131 0.0072 0.0067 0.9426 
      H149.7  1 0.0057 0.0193 0.0135 0.0067 0.0140 0.0189 0.9218 
      H150.1  1 0.9751 0.0059 0.0045 0.0036 0.0045 0.0032 0.0032 
      H150.2  1 0.9703 0.0046 0.0061 0.0036 0.0043 0.0054 0.0057 
      H150.3  1 0.9415 0.0102 0.0180 0.0050 0.0094 0.0114 0.0045 
      H150.4  1 0.9700 0.0069 0.0067 0.0038 0.0043 0.0057 0.0027 
      H150.5  1 0.9618 0.0089 0.0065 0.0049 0.0057 0.0060 0.0062 
      H150.6  1 0.9562 0.0066 0.0078 0.0069 0.0071 0.0079 0.0074 
      H150.7  1 0.9734 0.0059 0.0067 0.0030 0.0041 0.0030 0.0038 
   H169607.1  1 0.0200 0.0082 0.9071 0.0187 0.0056 0.0284 0.0120 
   H169607.2  1 0.0170 0.0108 0.9453 0.0082 0.0039 0.0103 0.0045 
   H169607.3  1 0.0079 0.0065 0.9572 0.0096 0.0074 0.0062 0.0051 
   H169607.4  1 0.0063 0.0055 0.9645 0.0086 0.0039 0.0081 0.0032 
   H169607.5  1 0.0122 0.0072 0.9611 0.0058 0.0027 0.0066 0.0043 
   H169607.6  1 0.0054 0.0072 0.9662 0.0065 0.0040 0.0051 0.0056 
   H169607.7  1 0.0165 0.0072 0.9415 0.0085 0.0037 0.0097 0.0128 
   H169607.8  1 0.0084 0.0099 0.9521 0.0079 0.0057 0.0104 0.0057 
   H169633.1  1 0.0102 0.0154 0.0052 0.0322 0.0074 0.0508 0.8787 
   H169633.2  1 0.0057 0.0096 0.0032 0.0293 0.0826 0.0324 0.8373 
   H169633.3  1 0.0091 0.0103 0.0117 0.0182 0.0102 0.0142 0.9262 
   H169633.4  1 0.0160 0.0163 0.0134 0.0199 0.0117 0.0113 0.9113 
   H169633.5  1 0.0123 0.0197 0.0202 0.0171 0.0075 0.0139 0.9093 
   H169688.1  1 0.0107 0.0076 0.0294 0.0087 0.0061 0.9285 0.0091 
   H169688.2  1 0.0085 0.0076 0.0056 0.0044 0.0101 0.9568 0.0070 
   H169688.3  1 0.0055 0.0049 0.0036 0.0043 0.0071 0.9681 0.0065 
   H169688.4  1 0.0553 0.0034 0.0057 0.0058 0.0084 0.9164 0.0049 
   H169688.5  1 0.0363 0.0036 0.0076 0.0057 0.0092 0.9313 0.0063 
   H169688.6  1 0.0058 0.0032 0.0056 0.0049 0.0028 0.9401 0.0375 
   H169688.7  1 0.0207 0.0045 0.0137 0.0102 0.0099 0.9353 0.0058 
   H171901.1  1 0.1877 0.3633 0.3723 0.0157 0.0144 0.0118 0.0348 
   H171901.2  1 0.0492 0.0266 0.1069 0.0124 0.0092 0.0277 0.7679 
   H171901.3  1 0.0483 0.0122 0.0509 0.0109 0.0104 0.0258 0.8416 
   H171901.4  1 0.0309 0.0113 0.0262 0.0067 0.0085 0.0112 0.9052 
   H171901.5  1 0.0371 0.0071 0.0307 0.0087 0.0133 0.0257 0.8774 
   H171901.6  1 0.0688 0.0099 0.0576 0.0205 0.0356 0.0308 0.7768 
   H171901.7  1 0.0330 0.0097 0.1622 0.0171 0.0116 0.0365 0.7300 
   H171902.1  1 0.0082 0.0037 0.9618 0.0080 0.0041 0.0057 0.0086 
  H171902.10  1 0.0070 0.0037 0.9609 0.0038 0.0043 0.0078 0.0124 
   H171902.2  1 0.0159 0.0055 0.9082 0.0080 0.0062 0.0059 0.0502 
   H171902.3  1 0.0226 0.0056 0.9052 0.0043 0.0064 0.0058 0.0500 
   H171902.4  1 0.0068 0.0052 0.9366 0.0046 0.0075 0.0087 0.0304 
   H171902.6  1 0.0098 0.0031 0.9592 0.0049 0.0046 0.0056 0.0129 
   H171902.7  1 0.0073 0.0032 0.9640 0.0048 0.0073 0.0064 0.0071 
   H171902.8  1 0.0128 0.0040 0.9445 0.0058 0.0067 0.0073 0.0189 
   H171902.9  1 0.0216 0.0062 0.9513 0.0062 0.0053 0.0044 0.0051 
   H171903.1  1 0.0478 0.0113 0.9123 0.0067 0.0071 0.0072 0.0075 
   H171903.2  1 0.0654 0.0288 0.8584 0.0152 0.0146 0.0105 0.0073 
   H171903.3  1 0.0175 0.0265 0.8514 0.0089 0.0529 0.0354 0.0074 
   H171903.4  1 0.0197 0.0068 0.9305 0.0054 0.0050 0.0284 0.0042 
   H171903.5  1 0.0823 0.0255 0.7791 0.0068 0.0216 0.0287 0.0561 
   H171903.6  1 0.0295 0.0045 0.9026 0.0056 0.0060 0.0250 0.0269 
      H177.1  1 0.0203 0.0046 0.8050 0.0076 0.0066 0.1263 0.0297 
      H177.2  1 0.0457 0.0112 0.3249 0.1763 0.0276 0.0815 0.3327 
      H177.3  1 0.0245 0.0057 0.7313 0.0355 0.0089 0.0442 0.1500 
      H177.4  1 0.0052 0.0091 0.7354 0.0318 0.0088 0.0188 0.1909 
      H177.5  1 0.0290 0.0150 0.7048 0.0240 0.0498 0.1272 0.0503 
      H177.6  1 0.0347 0.0051 0.5616 0.0205 0.0161 0.0604 0.3017 
      H179.1  1 0.0163 0.0302 0.0188 0.0044 0.0280 0.0244 0.8779 
      H179.2  1 0.0232 0.0084 0.0276 0.0093 0.0867 0.0635 0.7814 
      H179.3  1 0.0573 0.0252 0.0739 0.0089 0.0120 0.1556 0.6671 
      H179.4  1 0.0062 0.0150 0.0241 0.0728 0.0162 0.2598 0.6059 
      H180.1  1 0.9288 0.0088 0.0058 0.0048 0.0186 0.0085 0.0247 
      H180.2  1 0.9303 0.0105 0.0045 0.0092 0.0209 0.0073 0.0174 
      H180.3  1 0.8992 0.0029 0.0092 0.0177 0.0525 0.0050 0.0136 
      H180.4  1 0.8780 0.0201 0.0160 0.0086 0.0098 0.0063 0.0612 
      H180.5  1 0.9063 0.0062 0.0203 0.0175 0.0048 0.0085 0.0364 
      H180.6  1 0.7822 0.0058 0.0548 0.0794 0.0163 0.0049 0.0566 
      H181.1  1 0.0357 0.0192 0.0423 0.0131 0.0176 0.0073 0.8649 
      H181.2  1 0.0311 0.0169 0.0349 0.0307 0.0153 0.0125 0.8587 
      H181.3  1 0.0162 0.0169 0.0175 0.0168 0.0076 0.0135 0.9116 
      H181.4  1 0.2265 0.0360 0.0305 0.0558 0.0280 0.0317 0.5914 
      H181.5  1 0.0044 0.0129 0.0070 0.0041 0.0134 0.0061 0.9521 
      H181.6  1 0.0329 0.0183 0.0117 0.0063 0.0321 0.0069 0.8919 
      H181.7  1 0.0089 0.0160 0.0127 0.0091 0.0112 0.0095 0.9328 
 H194.1_2004  1 0.0088 0.0048 0.9618 0.0066 0.0077 0.0062 0.0041 
 H194.2_2004  1 0.0076 0.0082 0.9629 0.0062 0.0054 0.0060 0.0037 
 H194.3_2004  1 0.0044 0.0065 0.7419 0.0199 0.1066 0.0777 0.0430 
 H194.4_2004  1 0.0051 0.0050 0.9400 0.0219 0.0076 0.0106 0.0097 
 H194.5_2004  1 0.0048 0.0063 0.8651 0.0218 0.0527 0.0287 0.0206 
 H194.6_2004  1 0.0062 0.0052 0.8545 0.0329 0.0562 0.0278 0.0172 
 H194.7_2004  1 0.0048 0.0115 0.9542 0.0084 0.0080 0.0085 0.0045 
 H194.8_2004  1 0.0058 0.0084 0.9144 0.0242 0.0130 0.0186 0.0156 
      H194.9  1 0.0080 0.0072 0.9499 0.0123 0.0073 0.0093 0.0060 
 H195.1_2003  1 0.0073 0.0075 0.0153 0.9175 0.0133 0.0167 0.0225 
 H195.1_2004  1 0.0042 0.0041 0.0097 0.9541 0.0047 0.0124 0.0108 
 H195.2_2003  1 0.0169 0.0111 0.0195 0.8342 0.0070 0.0993 0.0118 
 H195.2_2004  1 0.0038 0.0049 0.0060 0.9621 0.0059 0.0119 0.0054 
 H195.3_2003  1 0.1240 0.0322 0.0556 0.6627 0.0194 0.0993 0.0068 
 H195.3_2004  1 0.0035 0.0049 0.0099 0.9483 0.0085 0.0083 0.0167 
 H195.4_2003  1 0.0040 0.0054 0.0061 0.9537 0.0118 0.0049 0.0141 
 H195.4_2004  1 0.0028 0.0030 0.0049 0.9725 0.0039 0.0075 0.0053 
 H195.5_2003  1 0.0110 0.0125 0.0152 0.9072 0.0147 0.0238 0.0155 
 H195.5_2004  1 0.0041 0.0042 0.0062 0.9703 0.0037 0.0063 0.0052 
 H195.6_2003  1 0.0135 0.0086 0.0129 0.9300 0.0043 0.0257 0.0050 
 H195.6_2004  1 0.0030 0.0050 0.0093 0.9606 0.0083 0.0099 0.0040 
 H195.7_2003  1 0.0060 0.0090 0.0129 0.8347 0.0124 0.1120 0.0129 
 H195.7_2004  1 0.0050 0.0035 0.0062 0.9696 0.0038 0.0070 0.0049 
      H195.8  1 0.0043 0.0040 0.0052 0.9748 0.0028 0.0048 0.0042 
      H195.9  1 0.0034 0.0031 0.0093 0.9662 0.0059 0.0068 0.0053 
      H415.1  1 0.1311 0.0068 0.0332 0.0163 0.6353 0.0260 0.1512 
      H415.2  1 0.0156 0.0120 0.6297 0.0055 0.2763 0.0215 0.0394 
      H415.3  1 0.0123 0.0149 0.0136 0.0138 0.4459 0.0156 0.4839 
      H415.4  1 0.0811 0.0062 0.0206 0.0139 0.8263 0.0108 0.0411 
      H415.5  1 0.0110 0.0048 0.0218 0.0174 0.7065 0.0121 0.2264 
      H415.6  1 0.0902 0.0045 0.0105 0.0101 0.8279 0.0075 0.0493 
      H415.7  1 0.0079 0.0128 0.6643 0.0322 0.0876 0.0536 0.1415 
      H506.1  1 0.0031 0.0090 0.0036 0.0045 0.0092 0.0040 0.9666 
      H506.2  1 0.0026 0.0073 0.0052 0.0087 0.0091 0.0038 0.9632 
      H506.3  1 0.0093 0.0105 0.0093 0.0074 0.0145 0.0114 0.9376 
      H506.4  1 0.0087 0.0068 0.0088 0.0062 0.0070 0.0045 0.9581 
      H506.5  1 0.0032 0.0064 0.0053 0.0076 0.0074 0.0042 0.9658 
      H506.6  1 0.0102 0.0165 0.0316 0.0410 0.0083 0.0354 0.8570 
      H506.7  1 0.0029 0.0065 0.0044 0.0081 0.0096 0.0046 0.9638 
      H533.1  1 0.0035 0.0048 0.0034 0.0044 0.0170 0.0034 0.9634 
      H533.2  1 0.0038 0.0041 0.0037 0.0048 0.0178 0.0039 0.9619 
      H533.3  1 0.0033 0.0051 0.0042 0.0033 0.0076 0.0036 0.9728 
      H533.4  1 0.0047 0.0084 0.0113 0.0116 0.0041 0.0090 0.9510 
      H535.1  1 0.0110 0.0055 0.0132 0.9253 0.0234 0.0048 0.0168 
      H535.2  1 0.0053 0.0057 0.0097 0.9426 0.0143 0.0063 0.0161 
      H535.3  1 0.0051 0.0095 0.0055 0.9461 0.0186 0.0055 0.0097 
      H535.4  1 0.0034 0.0046 0.0038 0.9698 0.0051 0.0056 0.0077 
      H535.5  1 0.0042 0.0050 0.0053 0.9667 0.0051 0.0035 0.0103 
      H535.6  1 0.0133 0.0038 0.0132 0.9462 0.0107 0.0040 0.0087 
      H535.7  1 0.0027 0.0037 0.0038 0.9729 0.0066 0.0037 0.0065 
      H535.8  1 0.0033 0.0049 0.0040 0.9713 0.0059 0.0068 0.0039 
      H535.9  1 0.0098 0.0049 0.0088 0.9509 0.0089 0.0055 0.0111 
      H539.1  1 0.9768 0.0039 0.0075 0.0031 0.0028 0.0030 0.0028 
      H539.2  1 0.9205 0.0077 0.0180 0.0092 0.0046 0.0338 0.0061 
      H539.3  1 0.9421 0.0049 0.0229 0.0100 0.0040 0.0130 0.0031 
      H539.4  1 0.9741 0.0033 0.0049 0.0029 0.0052 0.0060 0.0035 
      H539.5  1 0.9804 0.0024 0.0051 0.0029 0.0030 0.0035 0.0027 
      H539.6  1 0.9763 0.0029 0.0074 0.0038 0.0027 0.0036 0.0033 
      H539.7  1 0.9786 0.0033 0.0052 0.0030 0.0034 0.0036 0.0029 
      H539.8  1 0.9496 0.0061 0.0095 0.0117 0.0056 0.0133 0.0043 
      H539.9  1 0.9751 0.0053 0.0033 0.0027 0.0033 0.0076 0.0026 
      H540.1  1 0.9258 0.0040 0.0381 0.0121 0.0050 0.0060 0.0090 
      H540.2  1 0.9578 0.0040 0.0129 0.0044 0.0060 0.0083 0.0065 
      H540.3  1 0.8640 0.0084 0.0209 0.0118 0.0192 0.0658 0.0100 
      H540.4  1 0.9625 0.0055 0.0086 0.0040 0.0055 0.0076 0.0063 
      H540.5  1 0.9316 0.0062 0.0175 0.0032 0.0100 0.0259 0.0057 
      H540.6  1 0.9160 0.0100 0.0245 0.0068 0.0080 0.0210 0.0137 
      H540.7  1 0.9409 0.0063 0.0215 0.0042 0.0073 0.0072 0.0125 
      H540.8  1 0.6543 0.0050 0.3133 0.0052 0.0076 0.0065 0.0082 
     H9558.1  1 0.9613 0.0044 0.0099 0.0071 0.0051 0.0077 0.0045 
     H9558.2  1 0.9086 0.0202 0.0157 0.0129 0.0128 0.0206 0.0091 
     H9558.3  1 0.9206 0.0402 0.0059 0.0055 0.0126 0.0103 0.0049 
     H9558.4  1 0.9583 0.0056 0.0083 0.0050 0.0048 0.0129 0.0049 
     H9558.5  1 0.9649 0.0043 0.0032 0.0039 0.0031 0.0173 0.0033 
     H9558.6  1 0.9492 0.0068 0.0116 0.0072 0.0101 0.0098 0.0053 
    kos339.1  1 0.0052 0.0083 0.0071 0.0059 0.0053 0.0043 0.9638 
    kos339.2  1 0.0044 0.0068 0.0052 0.0109 0.0064 0.0086 0.9578 
    kos339.3  1 0.0044 0.0027 0.0058 0.0064 0.0040 0.0031 0.9737 
    kos339.4  1 0.0056 0.0036 0.0068 0.0053 0.0055 0.0037 0.9695 
    kos339.5  1 0.0039 0.0070 0.0079 0.0045 0.0049 0.0041 0.9677 
    kos339.6  1 0.0036 0.0055 0.0098 0.0059 0.0056 0.0063 0.9634 
    kos339.7  1 0.0042 0.0024 0.0051 0.0110 0.0046 0.0028 0.9700 
    kos339.8  1 0.0031 0.0036 0.0043 0.0057 0.0052 0.0038 0.9742 
    kos339.9  1 0.0177 0.0112 0.0337 0.0100 0.0129 0.0095 0.9051 
      H409.1 12 0.0027 0.0041 0.0037 0.0045 0.9741 0.0048 0.0062 
     H409.10 12 0.0114 0.0068 0.0046 0.0047 0.9510 0.0117 0.0099 
      H409.2 12 0.0035 0.0029 0.0036 0.0040 0.9757 0.0055 0.0049 
      H409.3 12 0.0038 0.0055 0.0057 0.0060 0.9663 0.0065 0.0064 
      H409.4 12 0.0034 0.0053 0.0037 0.0040 0.9715 0.0071 0.0049 
      H409.5 12 0.0064 0.0044 0.0061 0.0047 0.9697 0.0042 0.0046 
      H409.6 12 0.0116 0.0610 0.0136 0.0130 0.8788 0.0150 0.0071 
      H409.7 12 0.0028 0.0061 0.0042 0.0055 0.9660 0.0096 0.0058 
      H409.8 12 0.0040 0.0089 0.0061 0.0039 0.9669 0.0039 0.0062 
      H409.9 12 0.2871 0.0449 0.0175 0.0092 0.6150 0.0121 0.0141 
      H413.1 12 0.0116 0.9601 0.0043 0.0053 0.0042 0.0097 0.0050 
      H413.2 12 0.0104 0.9594 0.0052 0.0100 0.0038 0.0054 0.0059 
      H413.3 12 0.0102 0.9544 0.0057 0.0041 0.0037 0.0167 0.0052 
      H413.4 12 0.0090 0.9632 0.0051 0.0053 0.0043 0.0064 0.0066 
      H413.5 12 0.1889 0.7783 0.0071 0.0039 0.0037 0.0129 0.0052 
      H413.6 12 0.0722 0.8155 0.0046 0.0060 0.0046 0.0924 0.0046 
      H413.7 12 0.0094 0.9579 0.0049 0.0055 0.0026 0.0135 0.0062 
      H563.1 12 0.0057 0.9725 0.0040 0.0036 0.0044 0.0064 0.0034 
      H563.2 12 0.0096 0.9353 0.0118 0.0044 0.0192 0.0121 0.0077 
      H563.3 12 0.0079 0.9671 0.0056 0.0040 0.0053 0.0061 0.0040 
      H563.4 12 0.0047 0.9718 0.0052 0.0030 0.0059 0.0050 0.0044 
      H563.5 12 0.0067 0.9749 0.0033 0.0028 0.0033 0.0053 0.0037 
      H563.6 12 0.0064 0.9580 0.0064 0.0038 0.0069 0.0096 0.0088 
      H563.7 12 0.0043 0.9688 0.0036 0.0029 0.0067 0.0057 0.0080 
      H563.8 12 0.0124 0.9592 0.0076 0.0040 0.0043 0.0079 0.0046 
      H563.9 12 0.0100 0.9298 0.0125 0.0041 0.0237 0.0083 0.0117 
     H7374.1 12 0.0060 0.0397 0.0186 0.0270 0.0364 0.8632 0.0091 
     H7374.2 12 0.0059 0.0139 0.0096 0.0062 0.0074 0.9536 0.0035 
     H7374.3 12 0.0078 0.0270 0.0264 0.0365 0.0171 0.8785 0.0067 
     H7374.4 12 0.0068 0.0089 0.0053 0.0102 0.0068 0.9544 0.0076 
     H7374.5 12 0.0088 0.0099 0.0075 0.0064 0.0058 0.9544 0.0073 
     H7374.6 12 0.0083 0.0109 0.0118 0.0558 0.0094 0.8927 0.0112 
     H7374.7 12 0.0042 0.0082 0.0044 0.0115 0.0075 0.9543 0.0099 
     H7374.8 12 0.0044 0.0183 0.0106 0.0098 0.0135 0.9333 0.0100 
     H7374.9 12 0.0060 0.0084 0.0077 0.0057 0.0044 0.9624 0.0053 
     H9563.1 12 0.0063 0.9622 0.0073 0.0065 0.0056 0.0058 0.0064 
     H9563.2 12 0.0121 0.9582 0.0090 0.0064 0.0034 0.0043 0.0065 
     H9563.3 12 0.0032 0.9637 0.0055 0.0074 0.0070 0.0056 0.0077 
     H9563.4 12 0.0203 0.8591 0.0260 0.0228 0.0415 0.0143 0.0160 
     H9563.5 12 0.0080 0.9345 0.0160 0.0070 0.0173 0.0061 0.0112 
     H9563.6 12 0.0040 0.9715 0.0045 0.0072 0.0036 0.0043 0.0049 
     H9563.7 12 0.0038 0.9704 0.0048 0.0067 0.0039 0.0062 0.0043 
     H9563.8 12 0.0382 0.8540 0.0165 0.0110 0.0215 0.0137 0.0451 
     H9563.9 12 0.0124 0.9485 0.0093 0.0063 0.0064 0.0080 0.0091 
     H9572.1 12 0.1803 0.5321 0.0850 0.0463 0.0261 0.0465 0.0838 
     H9572.2 12 0.0229 0.3637 0.5126 0.0391 0.0250 0.0138 0.0230 
     H9572.3 12 0.0444 0.1984 0.4222 0.0194 0.0738 0.0627 0.1790 
     H9572.4 12 0.0551 0.2597 0.2750 0.1010 0.0121 0.0225 0.2748 
     H9572.5 12 0.1324 0.1307 0.2240 0.0787 0.0068 0.0097 0.4177 
