      H105.1  1 0.0029 0.0026 0.0033 0.0047 0.0030 0.0020 0.0024 0.0024 0.0025 0.0022 0.0021 0.0034 0.9520 0.0020 0.0027 0.0036 0.0040 0.0021 
      H105.2  1 0.0020 0.0041 0.0063 0.0049 0.0026 0.0030 0.0063 0.0056 0.0053 0.0043 0.0056 0.0027 0.9296 0.0035 0.0027 0.0035 0.0053 0.0027 
      H105.3  1 0.0030 0.0023 0.0029 0.0031 0.0034 0.0024 0.0026 0.0020 0.0028 0.0031 0.0022 0.0029 0.9545 0.0018 0.0019 0.0044 0.0027 0.0018 
      H105.4  1 0.0029 0.0032 0.0030 0.0052 0.0028 0.0046 0.0056 0.0026 0.0048 0.0025 0.0020 0.0023 0.9437 0.0030 0.0026 0.0030 0.0037 0.0024 
      H105.5  1 0.0041 0.0039 0.0036 0.0151 0.0035 0.0022 0.0067 0.0083 0.0058 0.0036 0.0022 0.0045 0.9110 0.0044 0.0030 0.0043 0.0070 0.0068 
      H105.6  1 0.0030 0.0052 0.0036 0.0053 0.0037 0.0054 0.0059 0.0035 0.0085 0.0077 0.0039 0.0043 0.9127 0.0077 0.0037 0.0056 0.0032 0.0072 
      H105.7  1 0.0030 0.0054 0.0061 0.0070 0.0025 0.0036 0.0054 0.0069 0.0074 0.0073 0.0043 0.0088 0.8898 0.0109 0.0032 0.0141 0.0088 0.0056 
      H105.8  1 0.0019 0.0021 0.0054 0.0029 0.0029 0.0022 0.0032 0.0025 0.0033 0.0030 0.0024 0.0031 0.9517 0.0023 0.0022 0.0028 0.0034 0.0026 
      H115.1  1 0.0035 0.0041 0.0080 0.0137 0.0046 0.0031 0.8269 0.0074 0.0233 0.0419 0.0070 0.0047 0.0037 0.0047 0.0091 0.0079 0.0041 0.0224 
      H115.2  1 0.0034 0.0046 0.0035 0.0085 0.0035 0.0027 0.8682 0.0055 0.0046 0.0080 0.0063 0.0038 0.0038 0.0066 0.0083 0.0052 0.0062 0.0472 
      H115.3  1 0.0040 0.0069 0.0032 0.0068 0.0033 0.0040 0.9132 0.0026 0.0024 0.0022 0.0060 0.0031 0.0048 0.0047 0.0063 0.0091 0.0043 0.0130 
      H115.4  1 0.0056 0.0110 0.0307 0.0112 0.0024 0.0058 0.8573 0.0080 0.0030 0.0063 0.0086 0.0056 0.0048 0.0033 0.0108 0.0043 0.0168 0.0045 
      H115.5  1 0.0134 0.0110 0.0043 0.0131 0.0035 0.0096 0.8159 0.0063 0.0058 0.0125 0.0070 0.0082 0.0122 0.0056 0.0360 0.0051 0.0074 0.0230 
      H115.6  1 0.0046 0.0192 0.0037 0.0073 0.0106 0.0024 0.8229 0.0049 0.0035 0.0028 0.0408 0.0070 0.0038 0.0085 0.0153 0.0104 0.0067 0.0255 
      H115.7  1 0.0057 0.0048 0.0038 0.0191 0.0061 0.0038 0.8538 0.0084 0.0087 0.0295 0.0094 0.0036 0.0053 0.0071 0.0073 0.0079 0.0073 0.0084 
      H115.8  1 0.0045 0.0037 0.0040 0.0052 0.0028 0.0020 0.9108 0.0046 0.0030 0.0043 0.0074 0.0063 0.0064 0.0040 0.0099 0.0060 0.0055 0.0095 
      H115.9  1 0.0037 0.0038 0.0105 0.0134 0.0034 0.0030 0.7998 0.0065 0.0130 0.0094 0.0059 0.0051 0.0052 0.0047 0.0061 0.0113 0.0059 0.0894 
      H145.1  1 0.8728 0.0075 0.0028 0.0142 0.0075 0.0044 0.0063 0.0042 0.0046 0.0030 0.0216 0.0041 0.0022 0.0170 0.0053 0.0065 0.0040 0.0120 
      H145.2  1 0.9131 0.0079 0.0045 0.0079 0.0047 0.0062 0.0063 0.0020 0.0043 0.0022 0.0082 0.0044 0.0028 0.0068 0.0054 0.0049 0.0035 0.0049 
      H145.3  1 0.9340 0.0023 0.0027 0.0042 0.0039 0.0027 0.0033 0.0020 0.0036 0.0020 0.0209 0.0034 0.0024 0.0035 0.0024 0.0021 0.0020 0.0027 
      H145.4  1 0.9122 0.0052 0.0025 0.0093 0.0078 0.0025 0.0046 0.0033 0.0055 0.0021 0.0052 0.0039 0.0027 0.0167 0.0033 0.0053 0.0034 0.0044 
      H145.5  1 0.9159 0.0026 0.0026 0.0030 0.0059 0.0020 0.0026 0.0026 0.0029 0.0024 0.0347 0.0040 0.0030 0.0045 0.0026 0.0030 0.0027 0.0029 
      H145.6  1 0.9335 0.0070 0.0040 0.0048 0.0043 0.0036 0.0027 0.0022 0.0025 0.0029 0.0042 0.0026 0.0026 0.0060 0.0041 0.0051 0.0048 0.0030 
      H145.7  1 0.9473 0.0035 0.0031 0.0029 0.0037 0.0029 0.0032 0.0025 0.0028 0.0023 0.0038 0.0033 0.0023 0.0042 0.0041 0.0033 0.0029 0.0021 
      H149.1  1 0.0042 0.0032 0.0027 0.0032 0.0038 0.0029 0.0030 0.0026 0.0040 0.0023 0.0039 0.0030 0.0031 0.0054 0.9444 0.0023 0.0034 0.0027 
      H149.2  1 0.0056 0.0039 0.0029 0.0062 0.0032 0.0029 0.0032 0.0031 0.0048 0.0023 0.0061 0.0028 0.0038 0.0070 0.9307 0.0041 0.0048 0.0026 
      H149.3  1 0.0413 0.0052 0.0186 0.0297 0.0042 0.0081 0.0288 0.0144 0.0116 0.0039 0.0131 0.0053 0.0092 0.0238 0.6933 0.0654 0.0187 0.0054 
      H149.4  1 0.0036 0.0039 0.0160 0.0023 0.0025 0.0029 0.0033 0.0043 0.0048 0.0040 0.0074 0.0107 0.0063 0.0054 0.9070 0.0042 0.0070 0.0043 
      H149.5  1 0.0157 0.0068 0.0152 0.0198 0.0063 0.0114 0.0038 0.0081 0.0082 0.0032 0.0039 0.0068 0.0165 0.0094 0.7802 0.0585 0.0240 0.0022 
      H149.6  1 0.0056 0.0045 0.0033 0.0046 0.0027 0.0029 0.0023 0.0038 0.0048 0.0028 0.0042 0.0028 0.0050 0.0051 0.9325 0.0069 0.0041 0.0022 
      H149.7  1 0.0045 0.0104 0.0352 0.0134 0.0065 0.0055 0.0099 0.0545 0.0165 0.0079 0.0075 0.0122 0.0126 0.0446 0.7160 0.0272 0.0129 0.0028 
      H150.1  1 0.0041 0.0066 0.0021 0.0063 0.0038 0.0020 0.7393 0.0040 0.0059 0.0032 0.0059 0.0068 0.0063 0.0053 0.0025 0.0061 0.0042 0.1858 
      H150.2  1 0.0024 0.0076 0.0029 0.0053 0.0042 0.0029 0.8614 0.0067 0.0044 0.0081 0.0090 0.0049 0.0037 0.0045 0.0047 0.0049 0.0039 0.0586 
      H150.3  1 0.0065 0.0078 0.0031 0.0123 0.0089 0.0021 0.2992 0.0154 0.0079 0.0271 0.0577 0.0050 0.0057 0.0082 0.0044 0.0095 0.0049 0.5141 
      H150.4  1 0.0092 0.0055 0.0025 0.0073 0.0049 0.0014 0.0951 0.0084 0.0045 0.0086 0.0067 0.0067 0.0034 0.0036 0.0030 0.0056 0.0034 0.8204 
      H150.5  1 0.0047 0.0071 0.0033 0.0075 0.0060 0.0024 0.8737 0.0093 0.0074 0.0043 0.0053 0.0029 0.0046 0.0076 0.0037 0.0104 0.0059 0.0337 
      H150.6  1 0.0082 0.0061 0.0046 0.0075 0.0089 0.0035 0.8916 0.0073 0.0077 0.0026 0.0048 0.0041 0.0051 0.0037 0.0032 0.0043 0.0178 0.0091 
      H150.7  1 0.0052 0.0046 0.0027 0.0072 0.0032 0.0020 0.2653 0.0030 0.0045 0.0051 0.0214 0.0057 0.0112 0.0054 0.0051 0.0054 0.0093 0.6336 
   H169607.1  1 0.0102 0.0139 0.0080 0.8975 0.0054 0.0029 0.0039 0.0078 0.0032 0.0063 0.0104 0.0024 0.0023 0.0042 0.0037 0.0038 0.0043 0.0098 
   H169607.2  1 0.0033 0.0038 0.0021 0.9361 0.0036 0.0038 0.0027 0.0034 0.0027 0.0029 0.0046 0.0070 0.0043 0.0046 0.0027 0.0031 0.0042 0.0052 
   H169607.3  1 0.0064 0.0050 0.0052 0.9229 0.0039 0.0030 0.0044 0.0051 0.0038 0.0025 0.0074 0.0029 0.0044 0.0059 0.0031 0.0030 0.0062 0.0049 
   H169607.4  1 0.0042 0.0044 0.0025 0.9289 0.0107 0.0031 0.0027 0.0023 0.0028 0.0023 0.0098 0.0039 0.0031 0.0037 0.0026 0.0036 0.0026 0.0066 
   H169607.5  1 0.0042 0.0028 0.0024 0.9417 0.0032 0.0037 0.0037 0.0028 0.0025 0.0038 0.0033 0.0037 0.0021 0.0059 0.0027 0.0035 0.0027 0.0049 
   H169607.6  1 0.0026 0.0027 0.0032 0.9425 0.0037 0.0030 0.0029 0.0024 0.0022 0.0037 0.0045 0.0048 0.0052 0.0036 0.0021 0.0029 0.0040 0.0039 
   H169607.7  1 0.0054 0.0054 0.0089 0.9205 0.0031 0.0024 0.0085 0.0072 0.0024 0.0029 0.0050 0.0040 0.0053 0.0039 0.0032 0.0033 0.0040 0.0045 
   H169607.8  1 0.0039 0.0027 0.0026 0.9341 0.0069 0.0033 0.0024 0.0036 0.0039 0.0033 0.0036 0.0063 0.0042 0.0034 0.0028 0.0044 0.0033 0.0052 
   H169633.1  1 0.0171 0.0129 0.0039 0.0034 0.0049 0.0060 0.0059 0.0270 0.0034 0.0138 0.0045 0.0035 0.0042 0.0072 0.8609 0.0091 0.0062 0.0061 
   H169633.2  1 0.0150 0.1546 0.0073 0.0023 0.0051 0.0057 0.0054 0.0109 0.0090 0.0076 0.0021 0.0037 0.0110 0.0042 0.7425 0.0041 0.0070 0.0025 
   H169633.3  1 0.0048 0.0078 0.0074 0.0044 0.0049 0.0087 0.0059 0.0057 0.0077 0.0146 0.0045 0.0067 0.0034 0.0302 0.8636 0.0084 0.0053 0.0059 
   H169633.4  1 0.0073 0.0064 0.0055 0.0059 0.0079 0.0066 0.0051 0.0031 0.0066 0.0145 0.0042 0.0048 0.0042 0.0181 0.8792 0.0068 0.0061 0.0077 
   H169633.5  1 0.0078 0.0050 0.0046 0.0065 0.0071 0.0052 0.0052 0.0030 0.0047 0.0124 0.0039 0.0046 0.0048 0.0166 0.8861 0.0079 0.0071 0.0077 
   H169688.1  1 0.0070 0.0046 0.0099 0.0096 0.0065 0.0132 0.0038 0.8271 0.0060 0.0347 0.0267 0.0068 0.0034 0.0097 0.0060 0.0032 0.0153 0.0067 
   H169688.2  1 0.0036 0.0045 0.0059 0.0032 0.0044 0.0040 0.0030 0.9203 0.0077 0.0043 0.0029 0.0053 0.0097 0.0078 0.0032 0.0030 0.0046 0.0027 
   H169688.3  1 0.0029 0.0042 0.0034 0.0028 0.0033 0.0020 0.0027 0.9495 0.0047 0.0023 0.0029 0.0021 0.0039 0.0027 0.0024 0.0028 0.0029 0.0024 
   H169688.4  1 0.0029 0.0027 0.0024 0.0028 0.0021 0.0023 0.0037 0.9538 0.0037 0.0028 0.0022 0.0020 0.0020 0.0025 0.0021 0.0028 0.0025 0.0046 
   H169688.5  1 0.0033 0.0022 0.0026 0.0035 0.0025 0.0025 0.0045 0.9516 0.0043 0.0026 0.0028 0.0020 0.0018 0.0028 0.0026 0.0023 0.0029 0.0032 
   H169688.6  1 0.0029 0.0022 0.0522 0.0031 0.0037 0.0051 0.0022 0.8891 0.0027 0.0049 0.0030 0.0036 0.0028 0.0040 0.0066 0.0022 0.0068 0.0031 
   H169688.7  1 0.0184 0.0060 0.0041 0.0038 0.0059 0.0019 0.0110 0.8867 0.0099 0.0032 0.0120 0.0099 0.0052 0.0059 0.0037 0.0040 0.0038 0.0045 
   H171901.1  1 0.0458 0.0245 0.0093 0.2746 0.0088 0.0026 0.1216 0.0168 0.0058 0.0644 0.0077 0.0040 0.0920 0.1306 0.0110 0.0393 0.0920 0.0493 
   H171901.2  1 0.0079 0.0108 0.0029 0.0278 0.0213 0.0041 0.0154 0.0051 0.0046 0.0031 0.0059 0.0089 0.1060 0.0156 0.7257 0.0067 0.0067 0.0212 
   H171901.3  1 0.0049 0.0328 0.0074 0.0767 0.0120 0.0086 0.0494 0.0168 0.0073 0.0116 0.0061 0.0045 0.0115 0.0240 0.6797 0.0099 0.0137 0.0232 
   H171901.4  1 0.0044 0.0268 0.0048 0.0471 0.0157 0.0052 0.0259 0.0046 0.0052 0.0048 0.0071 0.0043 0.0746 0.0070 0.7369 0.0051 0.0072 0.0134 
   H171901.5  1 0.0064 0.1711 0.0131 0.0385 0.0201 0.0052 0.0559 0.0071 0.0155 0.0030 0.0160 0.0063 0.0443 0.0129 0.5355 0.0057 0.0287 0.0147 
   H171901.6  1 0.0083 0.2584 0.0135 0.0251 0.0202 0.0096 0.0629 0.0119 0.0162 0.0054 0.0232 0.0057 0.0247 0.0483 0.3843 0.0067 0.0452 0.0305 
   H171901.7  1 0.0052 0.0304 0.0082 0.0143 0.0049 0.0073 0.0283 0.0308 0.0067 0.0062 0.0082 0.0045 0.0043 0.4606 0.2931 0.0043 0.0702 0.0124 
   H171902.1  1 0.0038 0.0042 0.0059 0.0052 0.0028 0.0027 0.0028 0.0028 0.0040 0.0021 0.9414 0.0047 0.0022 0.0029 0.0037 0.0018 0.0036 0.0034 
  H171902.10  1 0.0029 0.0030 0.0045 0.0055 0.0031 0.0023 0.0045 0.0039 0.0023 0.0020 0.9422 0.0034 0.0033 0.0043 0.0037 0.0028 0.0040 0.0026 
   H171902.2  1 0.0039 0.0104 0.0062 0.0042 0.0027 0.0021 0.0044 0.0047 0.0035 0.0053 0.9220 0.0050 0.0027 0.0031 0.0082 0.0033 0.0044 0.0040 
   H171902.3  1 0.0027 0.0069 0.0042 0.0060 0.0031 0.0032 0.0061 0.0031 0.0038 0.0035 0.9225 0.0050 0.0028 0.0039 0.0119 0.0028 0.0049 0.0036 
   H171902.4  1 0.0044 0.0038 0.0037 0.0026 0.0042 0.0019 0.0032 0.0029 0.0029 0.0027 0.9368 0.0031 0.0021 0.0046 0.0126 0.0026 0.0032 0.0027 
   H171902.6  1 0.0021 0.0030 0.0035 0.0028 0.0032 0.0022 0.0029 0.0020 0.0028 0.0021 0.9488 0.0031 0.0021 0.0035 0.0044 0.0024 0.0053 0.0038 
   H171902.7  1 0.0042 0.0044 0.0038 0.0352 0.0050 0.0021 0.0095 0.0035 0.0035 0.0017 0.8842 0.0052 0.0056 0.0144 0.0068 0.0030 0.0054 0.0024 
   H171902.8  1 0.0030 0.0051 0.0028 0.0038 0.0037 0.0026 0.0043 0.0027 0.0027 0.0030 0.9377 0.0039 0.0025 0.0046 0.0062 0.0025 0.0044 0.0045 
   H171902.9  1 0.0031 0.0033 0.0026 0.0046 0.0035 0.0038 0.0041 0.0024 0.0025 0.0029 0.9419 0.0030 0.0027 0.0029 0.0030 0.0031 0.0030 0.0076 
   H171903.1  1 0.0034 0.0033 0.0030 0.9092 0.0036 0.0037 0.0119 0.0070 0.0036 0.0038 0.0028 0.0040 0.0068 0.0077 0.0028 0.0049 0.0033 0.0150 
   H171903.2  1 0.0078 0.0089 0.0051 0.8476 0.0085 0.0096 0.0087 0.0066 0.0076 0.0027 0.0038 0.0035 0.0354 0.0130 0.0031 0.0071 0.0068 0.0143 
   H171903.3  1 0.0031 0.0368 0.0039 0.7264 0.0242 0.0190 0.0104 0.0133 0.0218 0.0046 0.0043 0.0045 0.0520 0.0412 0.0063 0.0068 0.0062 0.0154 
   H171903.4  1 0.0048 0.0080 0.0036 0.8203 0.0090 0.0040 0.0140 0.0598 0.0043 0.0042 0.0134 0.0023 0.0043 0.0279 0.0044 0.0042 0.0043 0.0072 
   H171903.5  1 0.0045 0.0212 0.0051 0.7403 0.0051 0.0063 0.0135 0.0755 0.0116 0.0042 0.0056 0.0038 0.0210 0.0131 0.0173 0.0073 0.0185 0.0263 
   H171903.6  1 0.0030 0.0032 0.0041 0.7769 0.0027 0.0054 0.0087 0.1440 0.0042 0.0020 0.0037 0.0036 0.0031 0.0069 0.0118 0.0029 0.0055 0.0083 
      H177.1  1 0.0038 0.0060 0.0421 0.0195 0.0678 0.0088 0.0200 0.0139 0.0066 0.0062 0.0082 0.0140 0.0031 0.6876 0.0190 0.0046 0.0544 0.0142 
      H177.2  1 0.2529 0.0090 0.0995 0.0676 0.0599 0.0105 0.0293 0.0072 0.0206 0.0030 0.0064 0.1216 0.0048 0.0734 0.0571 0.0100 0.1432 0.0239 
      H177.3  1 0.0479 0.0117 0.0498 0.0910 0.0449 0.0180 0.0300 0.0120 0.0070 0.0026 0.0181 0.0149 0.0041 0.4605 0.0608 0.0115 0.0996 0.0155 
      H177.4  1 0.0068 0.0063 0.2944 0.0086 0.0059 0.0218 0.0053 0.0037 0.0039 0.0022 0.0047 0.0074 0.0051 0.5889 0.0067 0.0096 0.0153 0.0037 
      H177.5  1 0.0123 0.0130 0.0913 0.0075 0.0330 0.0051 0.0235 0.0267 0.0254 0.0023 0.0074 0.0242 0.0068 0.6561 0.0092 0.0226 0.0255 0.0081 
      H177.6  1 0.0215 0.0127 0.0707 0.0432 0.0384 0.0091 0.0193 0.0079 0.0086 0.0046 0.0167 0.0217 0.0039 0.4933 0.1367 0.0079 0.0605 0.0234 
      H179.1  1 0.0025 0.0077 0.8322 0.0042 0.0048 0.0025 0.0058 0.0246 0.0461 0.0118 0.0048 0.0056 0.0063 0.0172 0.0040 0.0055 0.0045 0.0101 
      H179.2  1 0.0024 0.0252 0.8001 0.0066 0.0092 0.0160 0.0119 0.0143 0.0571 0.0032 0.0062 0.0039 0.0069 0.0099 0.0042 0.0045 0.0115 0.0069 
      H179.3  1 0.0032 0.0136 0.7241 0.0152 0.0058 0.0041 0.0137 0.1108 0.0202 0.0089 0.0047 0.0043 0.0038 0.0300 0.0044 0.0078 0.0065 0.0190 
      H179.4  1 0.0073 0.0683 0.6806 0.0163 0.0332 0.0498 0.0054 0.0268 0.0179 0.0063 0.0054 0.0076 0.0061 0.0374 0.0107 0.0054 0.0090 0.0066 
      H180.1  1 0.0026 0.0062 0.0178 0.0052 0.0041 0.0023 0.8988 0.0043 0.0043 0.0044 0.0057 0.0032 0.0040 0.0023 0.0029 0.0031 0.0242 0.0044 
      H180.2  1 0.0029 0.0033 0.0042 0.0026 0.0024 0.0033 0.9363 0.0040 0.0056 0.0076 0.0025 0.0043 0.0038 0.0035 0.0025 0.0024 0.0056 0.0031 
      H180.3  1 0.0066 0.0067 0.0043 0.0063 0.0022 0.0042 0.9188 0.0044 0.0097 0.0041 0.0032 0.0054 0.0022 0.0035 0.0046 0.0027 0.0031 0.0081 
      H180.4  1 0.0029 0.0036 0.0086 0.0051 0.0035 0.0033 0.9203 0.0026 0.0039 0.0054 0.0041 0.0040 0.0038 0.0041 0.0054 0.0030 0.0125 0.0038 
      H180.5  1 0.0034 0.0042 0.0089 0.0026 0.0026 0.0029 0.9268 0.0029 0.0024 0.0034 0.0040 0.0059 0.0022 0.0058 0.0041 0.0032 0.0116 0.0031 
      H180.6  1 0.0151 0.0069 0.0103 0.0048 0.0022 0.0048 0.8792 0.0037 0.0057 0.0034 0.0050 0.0231 0.0047 0.0072 0.0100 0.0028 0.0034 0.0078 
      H181.1  1 0.0037 0.0026 0.0051 0.0107 0.0027 0.0040 0.0052 0.0034 0.0037 0.0032 0.0054 0.0057 0.0064 0.0051 0.0151 0.0029 0.9125 0.0026 
      H181.2  1 0.0064 0.0055 0.0076 0.0030 0.0042 0.0027 0.0049 0.0033 0.0042 0.0032 0.0061 0.0058 0.0035 0.0044 0.0048 0.0028 0.9249 0.0028 
      H181.3  1 0.0034 0.0039 0.0032 0.0038 0.0035 0.0021 0.0046 0.0036 0.0022 0.0055 0.0072 0.0063 0.0046 0.0028 0.0112 0.0034 0.9248 0.0039 
      H181.4  1 0.0067 0.0064 0.0043 0.0065 0.0060 0.0038 0.0132 0.0071 0.0073 0.0042 0.0048 0.0256 0.0079 0.0053 0.0174 0.0070 0.8495 0.0171 
      H181.5  1 0.0027 0.0032 0.0115 0.0035 0.0033 0.0036 0.0032 0.0036 0.0062 0.0061 0.0047 0.0039 0.0047 0.0059 0.0039 0.0050 0.9209 0.0041 
      H181.6  1 0.0029 0.0096 0.0181 0.0049 0.0039 0.0044 0.0068 0.0045 0.0063 0.0029 0.0052 0.0040 0.0055 0.0044 0.0036 0.0039 0.9056 0.0037 
      H181.7  1 0.0031 0.0040 0.0164 0.0058 0.0028 0.0056 0.0045 0.0050 0.0054 0.0024 0.0032 0.0043 0.0071 0.0042 0.0050 0.0039 0.9132 0.0040 
 H194.1_2004  1 0.0047 0.0097 0.0024 0.0068 0.0035 0.0034 0.0042 0.0044 0.0045 0.0029 0.0043 0.0041 0.0021 0.9280 0.0043 0.0038 0.0021 0.0048 
 H194.2_2004  1 0.0067 0.0040 0.0018 0.0112 0.0031 0.0028 0.0042 0.0027 0.0031 0.0054 0.0038 0.0047 0.0041 0.9264 0.0035 0.0033 0.0049 0.0043 
 H194.3_2004  1 0.0099 0.0079 0.0054 0.0050 0.0071 0.0044 0.0025 0.0049 0.0354 0.0024 0.0069 0.0052 0.0039 0.8673 0.0192 0.0034 0.0053 0.0038 
 H194.4_2004  1 0.0097 0.0082 0.0028 0.0045 0.0040 0.0026 0.0027 0.0029 0.0026 0.0036 0.0051 0.0047 0.0034 0.9273 0.0045 0.0022 0.0058 0.0033 
 H194.5_2004  1 0.0060 0.0162 0.0044 0.0085 0.0071 0.0041 0.0024 0.0058 0.0191 0.0026 0.0048 0.0092 0.0046 0.8793 0.0127 0.0043 0.0045 0.0042 
 H194.6_2004  1 0.0059 0.0144 0.0068 0.0060 0.0068 0.0087 0.0042 0.0061 0.0217 0.0025 0.0104 0.0074 0.0036 0.8670 0.0139 0.0031 0.0061 0.0056 
 H194.7_2004  1 0.0042 0.0028 0.0019 0.0046 0.0029 0.0026 0.0027 0.0033 0.0038 0.0031 0.0024 0.0031 0.0033 0.9471 0.0028 0.0037 0.0029 0.0028 
 H194.8_2004  1 0.0060 0.0111 0.0035 0.0062 0.0057 0.0047 0.0027 0.0030 0.0056 0.0038 0.0067 0.0051 0.0048 0.9134 0.0058 0.0024 0.0044 0.0052 
      H194.9  1 0.0050 0.0047 0.0022 0.0046 0.0029 0.0034 0.0032 0.0030 0.0030 0.0044 0.0045 0.0051 0.0023 0.9354 0.0037 0.0030 0.0043 0.0054 
 H195.1_2003  1 0.1360 0.8005 0.0026 0.0049 0.0044 0.0036 0.0024 0.0024 0.0032 0.0038 0.0043 0.0041 0.0026 0.0087 0.0074 0.0027 0.0033 0.0029 
 H195.1_2004  1 0.9311 0.0041 0.0022 0.0028 0.0093 0.0033 0.0041 0.0035 0.0026 0.0029 0.0047 0.0025 0.0028 0.0048 0.0065 0.0049 0.0053 0.0024 
 H195.2_2003  1 0.1686 0.6053 0.0030 0.0158 0.0100 0.0075 0.0052 0.0693 0.0038 0.0044 0.0104 0.0429 0.0084 0.0096 0.0053 0.0081 0.0078 0.0144 
 H195.2_2004  1 0.9222 0.0127 0.0028 0.0029 0.0044 0.0028 0.0044 0.0073 0.0031 0.0034 0.0025 0.0100 0.0033 0.0047 0.0057 0.0027 0.0024 0.0028 
 H195.3_2003  1 0.1276 0.5208 0.0034 0.0580 0.0129 0.0073 0.0093 0.0388 0.0145 0.0077 0.0037 0.0204 0.0163 0.0200 0.0035 0.0099 0.0145 0.1114 
 H195.3_2004  1 0.8813 0.0366 0.0034 0.0038 0.0094 0.0034 0.0031 0.0035 0.0034 0.0034 0.0056 0.0054 0.0029 0.0102 0.0111 0.0037 0.0070 0.0026 
 H195.4_2003  1 0.2039 0.7337 0.0031 0.0038 0.0032 0.0054 0.0028 0.0023 0.0038 0.0026 0.0027 0.0037 0.0037 0.0053 0.0065 0.0072 0.0042 0.0022 
 H195.4_2004  1 0.9378 0.0068 0.0038 0.0030 0.0038 0.0038 0.0025 0.0073 0.0024 0.0029 0.0033 0.0032 0.0019 0.0051 0.0042 0.0028 0.0032 0.0023 
 H195.5_2003  1 0.1537 0.7545 0.0033 0.0039 0.0170 0.0057 0.0048 0.0026 0.0032 0.0108 0.0036 0.0035 0.0031 0.0055 0.0105 0.0071 0.0034 0.0039 
 H195.5_2004  1 0.9398 0.0040 0.0037 0.0030 0.0054 0.0041 0.0033 0.0025 0.0024 0.0036 0.0036 0.0028 0.0027 0.0037 0.0051 0.0027 0.0045 0.0032 
 H195.6_2003  1 0.4612 0.4042 0.0030 0.0156 0.0090 0.0041 0.0066 0.0175 0.0034 0.0025 0.0078 0.0128 0.0081 0.0054 0.0035 0.0074 0.0064 0.0215 
 H195.6_2004  1 0.9303 0.0115 0.0037 0.0044 0.0047 0.0043 0.0023 0.0034 0.0041 0.0027 0.0037 0.0038 0.0038 0.0058 0.0034 0.0027 0.0031 0.0022 
 H195.7_2003  1 0.2023 0.6441 0.0028 0.0139 0.0056 0.0072 0.0035 0.0520 0.0054 0.0037 0.0030 0.0074 0.0061 0.0120 0.0054 0.0090 0.0139 0.0027 
 H195.7_2004  1 0.9494 0.0035 0.0026 0.0030 0.0043 0.0024 0.0032 0.0042 0.0021 0.0028 0.0028 0.0031 0.0020 0.0030 0.0028 0.0025 0.0025 0.0038 
      H195.8  1 0.9487 0.0028 0.0027 0.0032 0.0028 0.0036 0.0028 0.0030 0.0021 0.0042 0.0029 0.0022 0.0022 0.0045 0.0026 0.0032 0.0033 0.0034 
      H195.9  1 0.9162 0.0114 0.0032 0.0053 0.0071 0.0058 0.0045 0.0044 0.0041 0.0021 0.0035 0.0052 0.0026 0.0089 0.0064 0.0026 0.0038 0.0029 
      H415.1  1 0.0062 0.7764 0.0055 0.0054 0.0126 0.0020 0.0390 0.0169 0.0065 0.0106 0.0086 0.0028 0.0045 0.0186 0.0244 0.0060 0.0082 0.0461 
      H415.2  1 0.0039 0.2233 0.0314 0.0221 0.0235 0.0036 0.0231 0.0110 0.0805 0.0035 0.3840 0.0125 0.0080 0.0461 0.0081 0.0863 0.0101 0.0191 
      H415.3  1 0.0040 0.7916 0.0818 0.0042 0.0057 0.0031 0.0097 0.0042 0.0055 0.0033 0.0068 0.0130 0.0037 0.0047 0.0257 0.0145 0.0131 0.0054 
      H415.4  1 0.0050 0.9044 0.0026 0.0036 0.0066 0.0028 0.0111 0.0038 0.0137 0.0028 0.0078 0.0025 0.0050 0.0076 0.0062 0.0041 0.0030 0.0074 
      H415.5  1 0.0039 0.8899 0.0079 0.0031 0.0044 0.0035 0.0056 0.0043 0.0151 0.0029 0.0151 0.0042 0.0034 0.0063 0.0114 0.0037 0.0121 0.0030 
      H415.6  1 0.0047 0.9027 0.0028 0.0029 0.0064 0.0034 0.0103 0.0024 0.0157 0.0026 0.0063 0.0032 0.0042 0.0099 0.0056 0.0040 0.0042 0.0085 
      H415.7  1 0.0080 0.4848 0.0636 0.0436 0.0234 0.0117 0.0051 0.0082 0.0075 0.0028 0.1834 0.0180 0.0074 0.0371 0.0431 0.0360 0.0070 0.0095 
      H506.1  1 0.0021 0.0023 0.9498 0.0024 0.0030 0.0035 0.0024 0.0020 0.0049 0.0026 0.0024 0.0035 0.0028 0.0023 0.0046 0.0036 0.0041 0.0016 
      H506.2  1 0.0072 0.0027 0.9454 0.0027 0.0030 0.0025 0.0018 0.0021 0.0036 0.0020 0.0025 0.0037 0.0034 0.0033 0.0044 0.0030 0.0052 0.0017 
      H506.3  1 0.0059 0.0039 0.9017 0.0052 0.0055 0.0041 0.0043 0.0082 0.0127 0.0027 0.0040 0.0056 0.0034 0.0041 0.0044 0.0048 0.0151 0.0044 
      H506.4  1 0.0029 0.0040 0.9285 0.0047 0.0027 0.0090 0.0043 0.0043 0.0037 0.0029 0.0048 0.0036 0.0024 0.0042 0.0050 0.0038 0.0054 0.0038 
      H506.5  1 0.0039 0.0053 0.9393 0.0034 0.0044 0.0055 0.0028 0.0021 0.0032 0.0021 0.0036 0.0021 0.0023 0.0036 0.0055 0.0031 0.0054 0.0024 
      H506.6  1 0.0220 0.0081 0.8639 0.0188 0.0113 0.0076 0.0040 0.0096 0.0036 0.0026 0.0041 0.0033 0.0033 0.0089 0.0038 0.0064 0.0126 0.0064 
      H506.7  1 0.0038 0.0034 0.9435 0.0029 0.0032 0.0027 0.0024 0.0026 0.0048 0.0023 0.0028 0.0035 0.0035 0.0028 0.0047 0.0036 0.0060 0.0015 
      H533.1  1 0.0026 0.0037 0.9315 0.0029 0.0018 0.0044 0.0060 0.0019 0.0048 0.0027 0.0027 0.0030 0.0111 0.0024 0.0060 0.0025 0.0080 0.0017 
      H533.2  1 0.0037 0.0034 0.9219 0.0024 0.0031 0.0045 0.0058 0.0018 0.0058 0.0032 0.0022 0.0028 0.0109 0.0025 0.0091 0.0025 0.0130 0.0017 
      H533.3  1 0.0040 0.0022 0.9379 0.0071 0.0022 0.0032 0.0026 0.0029 0.0036 0.0024 0.0021 0.0064 0.0032 0.0035 0.0061 0.0030 0.0053 0.0024 
      H533.4  1 0.0197 0.0115 0.8717 0.0190 0.0047 0.0086 0.0049 0.0035 0.0026 0.0033 0.0039 0.0064 0.0042 0.0107 0.0081 0.0030 0.0100 0.0041 
      H535.1  1 0.0027 0.0035 0.0033 0.0039 0.0024 0.9494 0.0023 0.0018 0.0031 0.0027 0.0041 0.0026 0.0024 0.0037 0.0030 0.0021 0.0038 0.0032 
      H535.2  1 0.0031 0.0026 0.0042 0.0024 0.0035 0.9488 0.0027 0.0021 0.0034 0.0021 0.0026 0.0030 0.0031 0.0035 0.0024 0.0038 0.0048 0.0019 
      H535.3  1 0.0031 0.0021 0.0027 0.0026 0.0024 0.9537 0.0026 0.0021 0.0034 0.0032 0.0024 0.0031 0.0027 0.0028 0.0027 0.0030 0.0032 0.0023 
      H535.4  1 0.0030 0.0030 0.0029 0.0030 0.0029 0.9540 0.0025 0.0021 0.0027 0.0026 0.0023 0.0024 0.0022 0.0037 0.0037 0.0028 0.0022 0.0019 
      H535.5  1 0.0026 0.0031 0.0030 0.0032 0.0026 0.9550 0.0023 0.0022 0.0024 0.0018 0.0023 0.0023 0.0028 0.0037 0.0035 0.0026 0.0026 0.0022 
      H535.6  1 0.0037 0.0054 0.0032 0.0055 0.0025 0.9273 0.0042 0.0022 0.0043 0.0035 0.0095 0.0032 0.0028 0.0050 0.0022 0.0022 0.0062 0.0073 
      H535.7  1 0.0019 0.0025 0.0029 0.0028 0.0022 0.9629 0.0018 0.0017 0.0028 0.0019 0.0018 0.0018 0.0023 0.0027 0.0027 0.0016 0.0019 0.0018 
      H535.8  1 0.0022 0.0044 0.0026 0.0032 0.0036 0.9508 0.0021 0.0024 0.0032 0.0022 0.0023 0.0045 0.0032 0.0027 0.0027 0.0020 0.0034 0.0024 
      H535.9  1 0.0024 0.0026 0.0034 0.0030 0.0029 0.9523 0.0027 0.0022 0.0026 0.0025 0.0034 0.0028 0.0020 0.0037 0.0030 0.0021 0.0033 0.0030 
      H539.1  1 0.0028 0.0029 0.0016 0.0042 0.0024 0.0025 0.0049 0.0021 0.0018 0.0027 0.0050 0.0033 0.0030 0.0029 0.0017 0.0028 0.0022 0.9512 
      H539.2  1 0.0055 0.0057 0.0063 0.0965 0.0268 0.0080 0.1258 0.0291 0.0066 0.0249 0.0055 0.0085 0.0030 0.0232 0.0056 0.0066 0.0080 0.6043 
      H539.3  1 0.0055 0.0096 0.0046 0.0177 0.0058 0.0107 0.0106 0.0095 0.0046 0.0081 0.0046 0.0046 0.0032 0.0133 0.0028 0.0038 0.0029 0.8782 
      H539.4  1 0.0038 0.0035 0.0037 0.0051 0.0059 0.0035 0.0518 0.0064 0.0060 0.0035 0.0045 0.0032 0.0035 0.0043 0.0030 0.0046 0.0036 0.8802 
      H539.5  1 0.0023 0.0021 0.0024 0.0057 0.0025 0.0027 0.0066 0.0029 0.0028 0.0030 0.0032 0.0050 0.0024 0.0043 0.0026 0.0025 0.0025 0.9444 
      H539.6  1 0.0034 0.0039 0.0031 0.0077 0.0023 0.0024 0.0081 0.0027 0.0029 0.0025 0.0060 0.0047 0.0031 0.0043 0.0022 0.0027 0.0028 0.9352 
      H539.7  1 0.0022 0.0039 0.0027 0.0048 0.0027 0.0024 0.0079 0.0057 0.0027 0.0049 0.0048 0.0023 0.0025 0.0039 0.0030 0.0029 0.0041 0.9367 
      H539.8  1 0.0037 0.0080 0.0053 0.0112 0.0080 0.0249 0.0646 0.0116 0.0081 0.0156 0.0048 0.0047 0.0044 0.0139 0.0051 0.0056 0.0033 0.7971 
      H539.9  1 0.0029 0.0026 0.0035 0.0056 0.0036 0.0020 0.0093 0.0049 0.0051 0.0026 0.0022 0.0024 0.0038 0.0026 0.0028 0.0045 0.0026 0.9369 
      H540.1  1 0.0081 0.0029 0.0038 0.0409 0.0040 0.0043 0.0042 0.0036 0.0036 0.0022 0.0038 0.0071 0.0042 0.0036 0.0035 0.0059 0.0101 0.8841 
      H540.2  1 0.0029 0.0043 0.0035 0.0064 0.0036 0.0022 0.0036 0.0033 0.0046 0.0041 0.0035 0.0050 0.0029 0.0056 0.0030 0.0038 0.0049 0.9327 
      H540.3  1 0.0129 0.0198 0.0059 0.0147 0.0322 0.0052 0.0203 0.0150 0.0095 0.0130 0.0061 0.0056 0.0076 0.0403 0.0233 0.0048 0.0065 0.7575 
      H540.4  1 0.0041 0.0047 0.0054 0.0083 0.0036 0.0056 0.0183 0.0089 0.0044 0.0072 0.0064 0.0034 0.0027 0.0041 0.0030 0.0087 0.0196 0.8819 
      H540.5  1 0.0029 0.0035 0.0027 0.0055 0.0057 0.0021 0.0035 0.0097 0.0052 0.0033 0.0055 0.0059 0.0030 0.0083 0.0047 0.0042 0.0050 0.9193 
      H540.6  1 0.0059 0.0034 0.0046 0.0227 0.0076 0.0039 0.0048 0.0085 0.0079 0.0059 0.0054 0.0108 0.0066 0.0066 0.0057 0.0098 0.0306 0.8491 
      H540.7  1 0.0039 0.0094 0.0082 0.0095 0.0042 0.0032 0.0070 0.0053 0.0051 0.0087 0.0067 0.0193 0.0025 0.0089 0.0133 0.0093 0.0115 0.8641 
      H540.8  1 0.0030 0.0080 0.0032 0.0336 0.0031 0.0048 0.0065 0.0046 0.0053 0.0042 0.0092 0.0060 0.0029 0.0379 0.0054 0.0032 0.0080 0.8509 
     H9558.1  1 0.0023 0.0042 0.0053 0.0036 0.0032 0.0066 0.0036 0.0046 0.0025 0.0035 0.0086 0.0021 0.0070 0.0034 0.0021 0.0023 0.0051 0.9299 
     H9558.2  1 0.0032 0.0113 0.0090 0.0047 0.0061 0.0094 0.0027 0.0056 0.0060 0.0085 0.0080 0.0145 0.0172 0.0089 0.0046 0.0062 0.0197 0.8544 
     H9558.3  1 0.0022 0.0033 0.0027 0.0043 0.0065 0.0046 0.0041 0.0036 0.0064 0.0097 0.0026 0.0140 0.0516 0.0049 0.0024 0.0060 0.0063 0.8645 
     H9558.4  1 0.0018 0.0032 0.0049 0.0042 0.0025 0.0067 0.0027 0.0066 0.0027 0.0037 0.0035 0.0026 0.0045 0.0054 0.0017 0.0024 0.0035 0.9373 
     H9558.5  1 0.0018 0.0030 0.0029 0.0031 0.0045 0.0080 0.0065 0.0068 0.0040 0.0062 0.0025 0.0031 0.0033 0.0023 0.0030 0.0041 0.0031 0.9319 
     H9558.6  1 0.0024 0.0070 0.0034 0.0044 0.0035 0.0051 0.0045 0.0037 0.0050 0.0039 0.0061 0.0055 0.0164 0.0079 0.0028 0.0035 0.0046 0.9102 
    kos339.1  1 0.0023 0.0074 0.0273 0.0069 0.0047 0.0062 0.0042 0.0029 0.0053 0.0029 0.0069 0.0449 0.0053 0.0027 0.8428 0.0158 0.0065 0.0049 
    kos339.2  1 0.0079 0.0040 0.0102 0.0028 0.0064 0.0033 0.0040 0.0044 0.0040 0.0034 0.0033 0.0122 0.0049 0.0036 0.9113 0.0069 0.0037 0.0036 
    kos339.3  1 0.0033 0.0045 0.0038 0.0040 0.0022 0.0039 0.0038 0.0028 0.0036 0.0030 0.0032 0.0034 0.0023 0.0033 0.9432 0.0021 0.0047 0.0029 
    kos339.4  1 0.0031 0.0043 0.0034 0.0042 0.0030 0.0041 0.0035 0.0031 0.0031 0.0036 0.0028 0.0037 0.0025 0.0036 0.9416 0.0023 0.0047 0.0034 
    kos339.5  1 0.0024 0.0046 0.0131 0.0029 0.0027 0.0027 0.0031 0.0025 0.0045 0.0027 0.0050 0.0590 0.0041 0.0035 0.8706 0.0062 0.0065 0.0040 
    kos339.6  1 0.0048 0.0029 0.0067 0.0034 0.0036 0.0023 0.0027 0.0026 0.0031 0.0026 0.0030 0.0124 0.0026 0.0058 0.9300 0.0050 0.0035 0.0031 
    kos339.7  1 0.0032 0.0050 0.0044 0.0032 0.0027 0.0074 0.0037 0.0027 0.0030 0.0027 0.0032 0.0027 0.0022 0.0032 0.9437 0.0017 0.0030 0.0023 
    kos339.8  1 0.0041 0.0060 0.0242 0.0031 0.0050 0.0029 0.0045 0.0038 0.0036 0.0025 0.0041 0.0050 0.0036 0.0033 0.9129 0.0052 0.0035 0.0027 
    kos339.9  1 0.0081 0.0074 0.0081 0.0112 0.0086 0.0049 0.0140 0.0039 0.0078 0.0019 0.0357 0.0307 0.0072 0.0084 0.7998 0.0071 0.0181 0.0171 
      H409.1 12 0.0028 0.0039 0.0044 0.0020 0.0031 0.0027 0.0018 0.0037 0.9423 0.0028 0.0026 0.0035 0.0027 0.0036 0.0066 0.0039 0.0060 0.0018 
     H409.10 12 0.0036 0.0091 0.0292 0.0050 0.0080 0.0030 0.0091 0.0173 0.8566 0.0085 0.0045 0.0057 0.0024 0.0033 0.0050 0.0067 0.0158 0.0071 
      H409.2 12 0.0038 0.0071 0.0039 0.0030 0.0079 0.0088 0.0028 0.0042 0.9208 0.0023 0.0058 0.0027 0.0033 0.0047 0.0057 0.0037 0.0047 0.0046 
      H409.3 12 0.0042 0.0032 0.0056 0.0033 0.0052 0.0029 0.0044 0.0034 0.9356 0.0031 0.0035 0.0034 0.0046 0.0047 0.0043 0.0031 0.0027 0.0029 
      H409.4 12 0.0030 0.0025 0.0026 0.0026 0.0051 0.0033 0.0022 0.0036 0.9473 0.0024 0.0023 0.0029 0.0047 0.0045 0.0034 0.0025 0.0028 0.0024 
      H409.5 12 0.0031 0.0033 0.0035 0.0040 0.0030 0.0034 0.0041 0.0023 0.9423 0.0034 0.0041 0.0040 0.0043 0.0041 0.0023 0.0031 0.0028 0.0030 
      H409.6 12 0.0073 0.0026 0.0090 0.0128 0.0082 0.0069 0.0086 0.0059 0.8260 0.0079 0.0035 0.0118 0.0572 0.0060 0.0029 0.0074 0.0092 0.0068 
      H409.7 12 0.0048 0.0041 0.0037 0.0026 0.0073 0.0021 0.0030 0.0039 0.9261 0.0028 0.0028 0.0059 0.0057 0.0058 0.0059 0.0049 0.0057 0.0028 
      H409.8 12 0.0031 0.0034 0.0057 0.0042 0.0022 0.0025 0.0033 0.0032 0.9363 0.0031 0.0031 0.0092 0.0031 0.0036 0.0028 0.0040 0.0043 0.0029 
      H409.9 12 0.0052 0.0090 0.0748 0.0158 0.0046 0.0107 0.0291 0.0047 0.4744 0.0139 0.0043 0.0052 0.0040 0.0035 0.0028 0.0388 0.0139 0.2851 
      H413.1 12 0.0019 0.0026 0.0018 0.0021 0.0031 0.0029 0.0039 0.0029 0.0024 0.9454 0.0019 0.0051 0.0056 0.0030 0.0032 0.0040 0.0060 0.0022 
      H413.2 12 0.0024 0.0027 0.0026 0.0025 0.0027 0.0026 0.0033 0.0024 0.0022 0.9541 0.0021 0.0029 0.0044 0.0025 0.0034 0.0022 0.0031 0.0019 
      H413.3 12 0.0022 0.0028 0.0027 0.0032 0.0028 0.0020 0.0024 0.0032 0.0033 0.9492 0.0028 0.0026 0.0034 0.0034 0.0018 0.0040 0.0044 0.0039 
      H413.4 12 0.0036 0.0028 0.0044 0.0025 0.0062 0.0020 0.0034 0.0022 0.0037 0.9282 0.0031 0.0065 0.0036 0.0039 0.0047 0.0103 0.0055 0.0034 
      H413.5 12 0.0032 0.0026 0.0028 0.0031 0.0030 0.0020 0.0138 0.0040 0.0023 0.9216 0.0102 0.0064 0.0030 0.0031 0.0023 0.0029 0.0031 0.0106 
      H413.6 12 0.0036 0.0041 0.0020 0.0027 0.0074 0.0022 0.0121 0.0133 0.0037 0.8806 0.0020 0.0305 0.0051 0.0049 0.0035 0.0065 0.0039 0.0116 
      H413.7 12 0.0021 0.0025 0.0026 0.0019 0.0029 0.0023 0.0023 0.0026 0.0027 0.9572 0.0024 0.0028 0.0028 0.0026 0.0031 0.0024 0.0022 0.0025 
      H563.1 12 0.0031 0.0021 0.0028 0.0040 0.0071 0.0022 0.0043 0.0047 0.0050 0.0109 0.0025 0.0040 0.0034 0.0037 0.0027 0.9239 0.0034 0.0102 
      H563.2 12 0.0046 0.0059 0.0040 0.0037 0.0067 0.0040 0.0057 0.0037 0.0115 0.0055 0.0062 0.0052 0.0053 0.0149 0.0059 0.8950 0.0056 0.0064 
      H563.3 12 0.0026 0.0026 0.0030 0.0052 0.0061 0.0022 0.0035 0.0026 0.0032 0.0034 0.0030 0.0134 0.0028 0.0029 0.0032 0.9272 0.0035 0.0096 
      H563.4 12 0.0031 0.0026 0.0037 0.0056 0.0070 0.0028 0.0061 0.0053 0.0069 0.0151 0.0029 0.0031 0.0093 0.0057 0.0064 0.9056 0.0035 0.0052 
      H563.5 12 0.0033 0.0027 0.0025 0.0039 0.0096 0.0016 0.0036 0.0042 0.0033 0.0053 0.0022 0.0062 0.0034 0.0027 0.0027 0.9331 0.0032 0.0066 
      H563.6 12 0.0031 0.0034 0.0050 0.0039 0.0090 0.0030 0.0041 0.0033 0.0045 0.0086 0.0039 0.0096 0.0065 0.0060 0.0090 0.9092 0.0031 0.0047 
      H563.7 12 0.0025 0.0038 0.0028 0.0020 0.0126 0.0022 0.0028 0.0026 0.0058 0.0073 0.0028 0.0129 0.0048 0.0047 0.0125 0.9118 0.0033 0.0027 
      H563.8 12 0.0027 0.0027 0.0027 0.0056 0.0090 0.0016 0.0062 0.0058 0.0047 0.0052 0.0033 0.0139 0.0043 0.0046 0.0044 0.9061 0.0031 0.0140 
      H563.9 12 0.0038 0.0051 0.0046 0.0042 0.0046 0.0021 0.0053 0.0046 0.0131 0.0062 0.0065 0.0074 0.0051 0.0085 0.0107 0.8969 0.0071 0.0040 
     H7374.1 12 0.0051 0.0122 0.0019 0.0058 0.9154 0.0047 0.0029 0.0027 0.0059 0.0031 0.0036 0.0031 0.0094 0.0066 0.0043 0.0036 0.0045 0.0052 
     H7374.2 12 0.0035 0.0059 0.0039 0.0087 0.9155 0.0036 0.0030 0.0064 0.0053 0.0069 0.0040 0.0036 0.0052 0.0058 0.0022 0.0063 0.0030 0.0075 
     H7374.3 12 0.0087 0.0308 0.0050 0.0089 0.8674 0.0048 0.0038 0.0036 0.0068 0.0040 0.0063 0.0058 0.0064 0.0165 0.0044 0.0067 0.0049 0.0054 
     H7374.4 12 0.0034 0.0045 0.0034 0.0027 0.9294 0.0050 0.0031 0.0058 0.0042 0.0050 0.0049 0.0041 0.0034 0.0034 0.0052 0.0035 0.0041 0.0049 
     H7374.5 12 0.0028 0.0031 0.0029 0.0039 0.9377 0.0021 0.0030 0.0025 0.0022 0.0036 0.0037 0.0061 0.0048 0.0025 0.0033 0.0045 0.0039 0.0073 
     H7374.6 12 0.0093 0.0104 0.0048 0.0032 0.8799 0.0106 0.0035 0.0042 0.0053 0.0038 0.0103 0.0062 0.0035 0.0132 0.0072 0.0090 0.0074 0.0081 
     H7374.7 12 0.0034 0.0033 0.0025 0.0020 0.9431 0.0041 0.0024 0.0031 0.0048 0.0046 0.0033 0.0041 0.0028 0.0036 0.0044 0.0022 0.0038 0.0024 
     H7374.8 12 0.0044 0.0061 0.0035 0.0042 0.9302 0.0030 0.0028 0.0025 0.0061 0.0025 0.0028 0.0046 0.0066 0.0033 0.0059 0.0057 0.0036 0.0022 
     H7374.9 12 0.0036 0.0032 0.0029 0.0028 0.9336 0.0023 0.0041 0.0045 0.0032 0.0030 0.0052 0.0046 0.0041 0.0031 0.0046 0.0045 0.0033 0.0077 
     H9563.1 12 0.0030 0.0037 0.0039 0.0030 0.0030 0.0025 0.0035 0.0034 0.0033 0.0036 0.0039 0.0034 0.0027 0.0038 0.0044 0.9421 0.0031 0.0039 
     H9563.2 12 0.0031 0.0039 0.0036 0.0065 0.0030 0.0026 0.0055 0.0029 0.0020 0.0043 0.0037 0.0036 0.0034 0.0026 0.0032 0.9375 0.0032 0.0053 
     H9563.3 12 0.0042 0.0052 0.0060 0.0037 0.0050 0.0051 0.0045 0.0044 0.0043 0.0032 0.0031 0.0041 0.0054 0.0047 0.0035 0.9282 0.0034 0.0022 
     H9563.4 12 0.0068 0.0112 0.0078 0.0110 0.0061 0.0154 0.0159 0.0043 0.0094 0.0040 0.0041 0.0049 0.0067 0.0181 0.0060 0.8542 0.0071 0.0072 
     H9563.5 12 0.0045 0.0052 0.0062 0.0085 0.0023 0.0052 0.0110 0.0056 0.0084 0.0033 0.0054 0.0033 0.0040 0.0071 0.0043 0.9036 0.0075 0.0047 
     H9563.6 12 0.0046 0.0051 0.0084 0.0050 0.0049 0.0047 0.0067 0.0031 0.0044 0.0037 0.0022 0.0110 0.0177 0.0036 0.0026 0.9060 0.0042 0.0021 
     H9563.7 12 0.0034 0.0036 0.0050 0.0069 0.0052 0.0073 0.0031 0.0035 0.0034 0.0033 0.0022 0.0036 0.0083 0.0028 0.0021 0.9313 0.0026 0.0023 
     H9563.8 12 0.0056 0.0130 0.0118 0.0088 0.0037 0.0051 0.0435 0.0113 0.0077 0.0046 0.0057 0.0027 0.0074 0.0088 0.0105 0.8320 0.0118 0.0060 
     H9563.9 12 0.0035 0.0069 0.0083 0.0047 0.0039 0.0032 0.0113 0.0047 0.0025 0.0049 0.0034 0.0055 0.0076 0.0049 0.0042 0.9113 0.0046 0.0047 
     H9572.1 12 0.0051 0.0044 0.0063 0.0071 0.0078 0.0045 0.0125 0.0045 0.0032 0.0131 0.0057 0.8753 0.0036 0.0072 0.0039 0.0100 0.0090 0.0167 
     H9572.2 12 0.0131 0.0128 0.0036 0.0104 0.0153 0.0027 0.0142 0.0032 0.0076 0.0066 0.0106 0.8274 0.0093 0.0084 0.0048 0.0385 0.0051 0.0064 
     H9572.3 12 0.0031 0.0094 0.0051 0.0266 0.0383 0.0090 0.0041 0.0040 0.0129 0.0066 0.0045 0.8228 0.0148 0.0060 0.0128 0.0039 0.0070 0.0091 
     H9572.4 12 0.0031 0.0026 0.0028 0.0030 0.0050 0.0035 0.0024 0.0020 0.0026 0.0029 0.0033 0.9469 0.0030 0.0033 0.0045 0.0028 0.0032 0.0029 
     H9572.5 12 0.0032 0.0025 0.0023 0.0093 0.0022 0.0028 0.0029 0.0023 0.0024 0.0023 0.0029 0.9376 0.0034 0.0058 0.0087 0.0021 0.0035 0.0039 
