      H105.1  1 0.0039 0.0042 0.0031 0.0042 0.0060 0.0029 0.0044 0.0176 0.0142 0.0160 0.0037 0.0049 0.0036 0.0053 0.0062 0.8999 
      H105.2  1 0.0085 0.0058 0.0065 0.0047 0.0026 0.0070 0.0069 0.0150 0.0073 0.0101 0.0043 0.0121 0.0146 0.0091 0.0055 0.8800 
      H105.3  1 0.0034 0.0034 0.0022 0.0027 0.0046 0.0030 0.0020 0.0054 0.0151 0.0051 0.0028 0.0031 0.0042 0.0072 0.0055 0.9303 
      H105.4  1 0.0028 0.0071 0.0093 0.0027 0.0070 0.0031 0.0042 0.0393 0.0101 0.0084 0.0055 0.0135 0.0168 0.0078 0.0049 0.8575 
      H105.5  1 0.0048 0.0093 0.0086 0.0065 0.0055 0.0033 0.0100 0.1163 0.0066 0.0225 0.0043 0.0082 0.0150 0.0049 0.0127 0.7615 
      H105.6  1 0.0057 0.0054 0.0063 0.0037 0.0097 0.0033 0.0032 0.0050 0.0036 0.0052 0.0051 0.0097 0.0118 0.0032 0.0066 0.9126 
      H105.7  1 0.0046 0.0035 0.0096 0.0041 0.0039 0.0043 0.0036 0.0168 0.0272 0.0180 0.0040 0.0062 0.0052 0.0077 0.0030 0.8782 
      H105.8  1 0.0029 0.0036 0.0030 0.0029 0.0024 0.0029 0.0029 0.0046 0.0074 0.0053 0.0039 0.0068 0.0043 0.0104 0.0046 0.9322 
      H115.1  1 0.0049 0.0161 0.0042 0.0083 0.0035 0.0070 0.0049 0.0085 0.0068 0.0035 0.0030 0.0134 0.8945 0.0072 0.0039 0.0103 
      H115.2  1 0.0067 0.0461 0.0079 0.0052 0.0037 0.0085 0.0046 0.0073 0.0059 0.0039 0.0027 0.0040 0.8824 0.0037 0.0033 0.0041 
      H115.3  1 0.0087 0.0121 0.0035 0.0058 0.0040 0.0057 0.0026 0.0071 0.0050 0.0044 0.0045 0.0029 0.9250 0.0031 0.0029 0.0029 
      H115.4  1 0.0092 0.0050 0.0040 0.0127 0.0095 0.0085 0.0108 0.0075 0.0043 0.0130 0.0057 0.0029 0.8638 0.0358 0.0030 0.0042 
      H115.5  1 0.0137 0.0258 0.0060 0.0442 0.0138 0.0051 0.0049 0.0110 0.0061 0.0071 0.0078 0.0066 0.8197 0.0078 0.0026 0.0177 
      H115.6  1 0.0361 0.0188 0.0081 0.0179 0.0049 0.0346 0.0048 0.0081 0.0081 0.0075 0.0027 0.0043 0.8291 0.0034 0.0083 0.0034 
      H115.7  1 0.0083 0.0120 0.0061 0.0089 0.0072 0.0112 0.0088 0.0212 0.0093 0.0040 0.0040 0.0131 0.8522 0.0037 0.0066 0.0233 
      H115.8  1 0.0056 0.0113 0.0035 0.0066 0.0033 0.0099 0.0033 0.0044 0.0053 0.0057 0.0017 0.0034 0.9240 0.0034 0.0034 0.0051 
      H115.9  1 0.0052 0.0559 0.0050 0.0073 0.0029 0.0046 0.0055 0.0150 0.0116 0.0056 0.0033 0.0135 0.8446 0.0096 0.0040 0.0065 
      H145.1  1 0.0126 0.0054 0.0152 0.0052 0.8629 0.0351 0.0043 0.0163 0.0056 0.0045 0.0041 0.0051 0.0070 0.0043 0.0099 0.0023 
      H145.2  1 0.0056 0.0040 0.0049 0.0062 0.9221 0.0118 0.0025 0.0080 0.0060 0.0046 0.0036 0.0036 0.0060 0.0047 0.0043 0.0021 
      H145.3  1 0.0024 0.0032 0.0040 0.0028 0.8985 0.0566 0.0024 0.0045 0.0031 0.0029 0.0039 0.0040 0.0034 0.0025 0.0028 0.0030 
      H145.4  1 0.0049 0.0032 0.0197 0.0044 0.9103 0.0080 0.0032 0.0107 0.0069 0.0039 0.0034 0.0063 0.0030 0.0038 0.0062 0.0023 
      H145.5  1 0.0037 0.0029 0.0066 0.0039 0.8433 0.1062 0.0027 0.0038 0.0038 0.0026 0.0021 0.0040 0.0027 0.0026 0.0064 0.0027 
      H145.6  1 0.0048 0.0027 0.0065 0.0045 0.9416 0.0036 0.0027 0.0049 0.0074 0.0034 0.0043 0.0026 0.0028 0.0034 0.0028 0.0021 
      H145.7  1 0.0033 0.0020 0.0062 0.0050 0.9477 0.0033 0.0024 0.0037 0.0043 0.0027 0.0032 0.0040 0.0036 0.0030 0.0034 0.0022 
      H149.1  1 0.0037 0.0027 0.0051 0.9497 0.0027 0.0059 0.0024 0.0023 0.0024 0.0028 0.0024 0.0048 0.0038 0.0030 0.0037 0.0026 
      H149.2  1 0.0041 0.0025 0.0093 0.9329 0.0063 0.0064 0.0026 0.0063 0.0041 0.0050 0.0032 0.0051 0.0035 0.0027 0.0035 0.0026 
      H149.3  1 0.0051 0.0043 0.0275 0.7346 0.0269 0.0134 0.0177 0.0290 0.0516 0.0112 0.0075 0.0094 0.0282 0.0202 0.0050 0.0084 
      H149.4  1 0.0047 0.0029 0.0039 0.9218 0.0030 0.0069 0.0040 0.0023 0.0051 0.0069 0.0033 0.0040 0.0036 0.0191 0.0028 0.0057 
      H149.5  1 0.0049 0.0022 0.0083 0.7916 0.0147 0.0048 0.0125 0.0321 0.0534 0.0224 0.0095 0.0076 0.0045 0.0182 0.0044 0.0089 
      H149.6  1 0.0064 0.0020 0.0032 0.9386 0.0045 0.0047 0.0043 0.0053 0.0075 0.0039 0.0029 0.0043 0.0028 0.0029 0.0026 0.0041 
      H149.7  1 0.0127 0.0036 0.0517 0.6952 0.0050 0.0090 0.0596 0.0164 0.0307 0.0160 0.0047 0.0162 0.0086 0.0547 0.0058 0.0100 
      H150.1  1 0.0044 0.1998 0.0043 0.0021 0.0045 0.0064 0.0041 0.0062 0.0054 0.0035 0.0018 0.0043 0.7439 0.0022 0.0029 0.0040 
      H150.2  1 0.0088 0.0410 0.0044 0.0051 0.0033 0.0087 0.0076 0.0037 0.0036 0.0034 0.0031 0.0036 0.8901 0.0037 0.0042 0.0055 
      H150.3  1 0.0118 0.4740 0.0078 0.0053 0.0065 0.0410 0.0149 0.0073 0.0065 0.0048 0.0020 0.0082 0.3863 0.0036 0.0078 0.0120 
      H150.4  1 0.0063 0.7525 0.0037 0.0031 0.0071 0.0096 0.0116 0.0063 0.0063 0.0054 0.0020 0.0052 0.1684 0.0028 0.0050 0.0049 
      H150.5  1 0.0080 0.0318 0.0060 0.0049 0.0049 0.0034 0.0088 0.0075 0.0116 0.0063 0.0028 0.0058 0.8860 0.0030 0.0046 0.0048 
      H150.6  1 0.0038 0.0054 0.0041 0.0038 0.0096 0.0055 0.0088 0.0062 0.0038 0.0093 0.0037 0.0081 0.9096 0.0041 0.0108 0.0035 
      H150.7  1 0.0058 0.6076 0.0049 0.0046 0.0052 0.0280 0.0033 0.0063 0.0044 0.0111 0.0023 0.0043 0.2933 0.0041 0.0029 0.0117 
   H169607.1  1 0.0097 0.0077 0.0046 0.0035 0.0104 0.0147 0.0064 0.9036 0.0038 0.0042 0.0030 0.0051 0.0049 0.0091 0.0056 0.0038 
   H169607.2  1 0.0031 0.0073 0.0050 0.0030 0.0048 0.0042 0.0027 0.9421 0.0042 0.0042 0.0029 0.0028 0.0035 0.0028 0.0040 0.0035 
   H169607.3  1 0.0071 0.0038 0.0064 0.0032 0.0086 0.0072 0.0033 0.9280 0.0035 0.0037 0.0033 0.0037 0.0055 0.0060 0.0034 0.0033 
   H169607.4  1 0.0041 0.0064 0.0034 0.0023 0.0063 0.0102 0.0022 0.9363 0.0038 0.0036 0.0032 0.0034 0.0023 0.0025 0.0071 0.0028 
   H169607.5  1 0.0025 0.0050 0.0055 0.0030 0.0031 0.0028 0.0027 0.9547 0.0025 0.0030 0.0025 0.0026 0.0030 0.0018 0.0030 0.0024 
   H169607.6  1 0.0023 0.0048 0.0030 0.0021 0.0038 0.0050 0.0023 0.9497 0.0025 0.0057 0.0041 0.0028 0.0027 0.0029 0.0030 0.0034 
   H169607.7  1 0.0037 0.0043 0.0046 0.0028 0.0047 0.0060 0.0042 0.9370 0.0032 0.0036 0.0026 0.0021 0.0075 0.0067 0.0032 0.0037 
   H169607.8  1 0.0026 0.0053 0.0042 0.0027 0.0041 0.0040 0.0036 0.9433 0.0034 0.0047 0.0030 0.0044 0.0023 0.0027 0.0065 0.0032 
   H169633.1  1 0.0094 0.0052 0.0057 0.8823 0.0180 0.0042 0.0249 0.0032 0.0084 0.0053 0.0035 0.0055 0.0051 0.0045 0.0047 0.0102 
   H169633.2  1 0.0997 0.0028 0.0044 0.7904 0.0144 0.0023 0.0240 0.0024 0.0047 0.0068 0.0082 0.0090 0.0048 0.0080 0.0055 0.0123 
   H169633.3  1 0.0078 0.0059 0.0274 0.8858 0.0054 0.0042 0.0068 0.0039 0.0097 0.0070 0.0076 0.0069 0.0064 0.0044 0.0058 0.0051 
   H169633.4  1 0.0082 0.0077 0.0129 0.9000 0.0048 0.0043 0.0028 0.0063 0.0085 0.0081 0.0064 0.0059 0.0054 0.0035 0.0068 0.0084 
   H169633.5  1 0.0063 0.0078 0.0163 0.8978 0.0065 0.0048 0.0031 0.0053 0.0100 0.0054 0.0068 0.0058 0.0054 0.0037 0.0081 0.0067 
   H169688.1  1 0.0022 0.0067 0.0197 0.0065 0.0071 0.0260 0.8540 0.0117 0.0033 0.0159 0.0125 0.0063 0.0037 0.0076 0.0076 0.0092 
   H169688.2  1 0.0036 0.0026 0.0077 0.0033 0.0035 0.0029 0.9338 0.0046 0.0038 0.0055 0.0034 0.0061 0.0027 0.0056 0.0046 0.0063 
   H169688.3  1 0.0041 0.0027 0.0026 0.0032 0.0030 0.0033 0.9526 0.0031 0.0036 0.0026 0.0017 0.0046 0.0031 0.0037 0.0028 0.0032 
   H169688.4  1 0.0026 0.0043 0.0027 0.0026 0.0032 0.0026 0.9560 0.0034 0.0021 0.0024 0.0019 0.0047 0.0045 0.0026 0.0025 0.0020 
   H169688.5  1 0.0033 0.0038 0.0032 0.0025 0.0024 0.0023 0.9575 0.0031 0.0026 0.0022 0.0021 0.0035 0.0045 0.0028 0.0022 0.0021 
   H169688.6  1 0.0019 0.0030 0.0041 0.0057 0.0026 0.0028 0.8863 0.0031 0.0019 0.0049 0.0044 0.0028 0.0019 0.0676 0.0036 0.0035 
   H169688.7  1 0.0059 0.0058 0.0052 0.0050 0.0139 0.0098 0.9044 0.0031 0.0044 0.0088 0.0019 0.0081 0.0104 0.0045 0.0052 0.0034 
   H171901.1  1 0.0181 0.0229 0.1250 0.0096 0.0698 0.0059 0.0132 0.2555 0.0441 0.0251 0.0026 0.0061 0.1333 0.0117 0.0052 0.2518 
   H171901.2  1 0.0059 0.0223 0.0229 0.8050 0.0098 0.0070 0.0045 0.0207 0.0055 0.0127 0.0032 0.0042 0.0160 0.0031 0.0296 0.0275 
   H171901.3  1 0.0165 0.0214 0.0461 0.7176 0.0071 0.0035 0.0220 0.0693 0.0085 0.0092 0.0083 0.0077 0.0216 0.0065 0.0165 0.0180 
   H171901.4  1 0.0071 0.0133 0.0075 0.8302 0.0078 0.0052 0.0056 0.0275 0.0052 0.0063 0.0042 0.0062 0.0283 0.0057 0.0124 0.0275 
   H171901.5  1 0.0301 0.0147 0.0083 0.7256 0.0100 0.0135 0.0045 0.0321 0.0049 0.0098 0.0052 0.0104 0.0788 0.0077 0.0354 0.0092 
   H171901.6  1 0.0858 0.0343 0.0536 0.5814 0.0246 0.0210 0.0152 0.0274 0.0076 0.0278 0.0066 0.0143 0.0550 0.0131 0.0235 0.0088 
   H171901.7  1 0.0111 0.0138 0.5062 0.3054 0.0106 0.0051 0.0281 0.0185 0.0048 0.0299 0.0082 0.0053 0.0275 0.0143 0.0059 0.0052 
   H171902.1  1 0.0066 0.0038 0.0028 0.0039 0.0048 0.9444 0.0036 0.0049 0.0025 0.0041 0.0030 0.0034 0.0034 0.0043 0.0025 0.0019 
  H171902.10  1 0.0031 0.0030 0.0033 0.0039 0.0024 0.9517 0.0041 0.0034 0.0033 0.0022 0.0019 0.0021 0.0049 0.0043 0.0035 0.0027 
   H171902.2  1 0.0074 0.0035 0.0030 0.0091 0.0043 0.9324 0.0051 0.0042 0.0040 0.0041 0.0024 0.0038 0.0044 0.0068 0.0022 0.0032 
   H171902.3  1 0.0072 0.0044 0.0031 0.0114 0.0031 0.9326 0.0040 0.0049 0.0024 0.0049 0.0032 0.0043 0.0050 0.0038 0.0029 0.0026 
   H171902.4  1 0.0043 0.0030 0.0040 0.0109 0.0031 0.9460 0.0025 0.0027 0.0029 0.0031 0.0019 0.0032 0.0030 0.0027 0.0041 0.0026 
   H171902.6  1 0.0034 0.0037 0.0027 0.0044 0.0027 0.9541 0.0024 0.0035 0.0022 0.0048 0.0024 0.0020 0.0033 0.0032 0.0026 0.0027 
   H171902.7  1 0.0047 0.0029 0.0116 0.0082 0.0033 0.8958 0.0030 0.0352 0.0040 0.0048 0.0022 0.0034 0.0071 0.0037 0.0063 0.0040 
   H171902.8  1 0.0033 0.0038 0.0055 0.0051 0.0028 0.9433 0.0028 0.0048 0.0025 0.0050 0.0021 0.0025 0.0047 0.0041 0.0043 0.0032 
   H171902.9  1 0.0033 0.0055 0.0032 0.0027 0.0033 0.9499 0.0024 0.0043 0.0033 0.0028 0.0028 0.0032 0.0040 0.0028 0.0031 0.0032 
   H171903.1  1 0.0041 0.0139 0.0076 0.0030 0.0039 0.0032 0.0057 0.9226 0.0047 0.0038 0.0039 0.0029 0.0102 0.0028 0.0030 0.0046 
   H171903.2  1 0.0098 0.0135 0.0077 0.0033 0.0060 0.0030 0.0052 0.8855 0.0124 0.0034 0.0099 0.0087 0.0107 0.0037 0.0090 0.0082 
   H171903.3  1 0.1024 0.0105 0.0545 0.0053 0.0042 0.0041 0.0102 0.7067 0.0060 0.0049 0.0233 0.0148 0.0097 0.0055 0.0214 0.0165 
   H171903.4  1 0.0114 0.0081 0.0246 0.0049 0.0043 0.0239 0.0598 0.8183 0.0066 0.0031 0.0036 0.0048 0.0109 0.0036 0.0081 0.0041 
   H171903.5  1 0.0370 0.0172 0.0120 0.0171 0.0050 0.0048 0.0651 0.7791 0.0051 0.0088 0.0050 0.0094 0.0122 0.0056 0.0049 0.0115 
   H171903.6  1 0.0042 0.0072 0.0110 0.0101 0.0024 0.0054 0.0933 0.8287 0.0031 0.0032 0.0051 0.0058 0.0107 0.0046 0.0025 0.0025 
      H177.1  1 0.0067 0.0175 0.6982 0.0164 0.0044 0.0085 0.0143 0.0233 0.0043 0.0348 0.0090 0.0058 0.0321 0.0378 0.0804 0.0066 
      H177.2  1 0.0123 0.0109 0.0904 0.0551 0.1506 0.0052 0.0089 0.0891 0.0150 0.4008 0.0077 0.0147 0.0253 0.0644 0.0466 0.0031 
      H177.3  1 0.0251 0.0148 0.4255 0.0787 0.0310 0.0126 0.0085 0.1590 0.0103 0.0692 0.0224 0.0086 0.0309 0.0562 0.0441 0.0033 
      H177.4  1 0.0075 0.0036 0.6265 0.0083 0.0082 0.0063 0.0030 0.0099 0.0104 0.0138 0.0239 0.0037 0.0048 0.2616 0.0053 0.0033 
      H177.5  1 0.0206 0.0072 0.6884 0.0094 0.0106 0.0066 0.0245 0.0099 0.0158 0.0545 0.0041 0.0224 0.0290 0.0674 0.0242 0.0057 
      H177.6  1 0.0186 0.0135 0.4734 0.1626 0.0184 0.0150 0.0112 0.0851 0.0081 0.0491 0.0109 0.0090 0.0307 0.0476 0.0425 0.0042 
      H179.1  1 0.0080 0.0130 0.0122 0.0048 0.0026 0.0046 0.0175 0.0053 0.0088 0.0060 0.0025 0.0547 0.0080 0.8399 0.0055 0.0067 
      H179.2  1 0.0360 0.0055 0.0067 0.0038 0.0028 0.0065 0.0162 0.0070 0.0048 0.0065 0.0164 0.0397 0.0106 0.8223 0.0093 0.0061 
      H179.3  1 0.0093 0.0183 0.0283 0.0039 0.0044 0.0036 0.1046 0.0229 0.0066 0.0056 0.0051 0.0145 0.0168 0.7436 0.0068 0.0055 
      H179.4  1 0.0155 0.0061 0.0374 0.0132 0.0103 0.0052 0.0216 0.0259 0.0066 0.0100 0.0572 0.0201 0.0064 0.7186 0.0388 0.0071 
      H180.1  1 0.0073 0.0039 0.0025 0.0033 0.0022 0.0077 0.0045 0.0055 0.0029 0.0126 0.0029 0.0047 0.9105 0.0201 0.0035 0.0058 
      H180.2  1 0.0041 0.0031 0.0035 0.0035 0.0029 0.0026 0.0032 0.0024 0.0022 0.0051 0.0032 0.0051 0.9448 0.0055 0.0026 0.0061 
      H180.3  1 0.0096 0.0101 0.0036 0.0039 0.0076 0.0030 0.0051 0.0081 0.0025 0.0049 0.0043 0.0065 0.9212 0.0042 0.0020 0.0035 
      H180.4  1 0.0043 0.0046 0.0032 0.0050 0.0037 0.0042 0.0026 0.0040 0.0037 0.0075 0.0031 0.0045 0.9334 0.0075 0.0032 0.0056 
      H180.5  1 0.0039 0.0034 0.0044 0.0038 0.0049 0.0037 0.0031 0.0026 0.0026 0.0111 0.0030 0.0024 0.9357 0.0101 0.0026 0.0027 
      H180.6  1 0.0063 0.0055 0.0080 0.0094 0.0159 0.0057 0.0030 0.0058 0.0025 0.0084 0.0039 0.0046 0.9046 0.0089 0.0022 0.0054 
      H181.1  1 0.0045 0.0032 0.0068 0.0138 0.0034 0.0090 0.0055 0.0077 0.0030 0.9137 0.0042 0.0047 0.0048 0.0080 0.0030 0.0047 
      H181.2  1 0.0063 0.0033 0.0049 0.0062 0.0088 0.0108 0.0031 0.0034 0.0034 0.9063 0.0036 0.0029 0.0059 0.0209 0.0056 0.0046 
      H181.3  1 0.0038 0.0041 0.0049 0.0131 0.0046 0.0058 0.0043 0.0035 0.0031 0.9243 0.0025 0.0023 0.0057 0.0072 0.0043 0.0064 
      H181.4  1 0.0049 0.0101 0.0042 0.0113 0.0064 0.0039 0.0079 0.0129 0.0047 0.8963 0.0044 0.0066 0.0143 0.0046 0.0042 0.0035 
      H181.5  1 0.0082 0.0041 0.0075 0.0057 0.0031 0.0047 0.0063 0.0042 0.0060 0.8682 0.0050 0.0091 0.0041 0.0518 0.0039 0.0081 
      H181.6  1 0.0243 0.0111 0.0111 0.0047 0.0052 0.0055 0.0049 0.0081 0.0047 0.6846 0.0075 0.0083 0.0174 0.1816 0.0049 0.0160 
      H181.7  1 0.0077 0.0046 0.0062 0.0078 0.0037 0.0044 0.0106 0.0069 0.0054 0.8522 0.0051 0.0082 0.0057 0.0603 0.0030 0.0082 
 H194.1_2004  1 0.0066 0.0051 0.9378 0.0043 0.0056 0.0046 0.0041 0.0074 0.0033 0.0031 0.0030 0.0039 0.0043 0.0019 0.0028 0.0021 
 H194.2_2004  1 0.0028 0.0050 0.9387 0.0033 0.0061 0.0034 0.0025 0.0118 0.0031 0.0045 0.0021 0.0029 0.0035 0.0017 0.0033 0.0053 
 H194.3_2004  1 0.0128 0.0034 0.8788 0.0183 0.0087 0.0042 0.0053 0.0054 0.0031 0.0035 0.0035 0.0328 0.0031 0.0084 0.0063 0.0024 
 H194.4_2004  1 0.0045 0.0032 0.9337 0.0080 0.0108 0.0064 0.0029 0.0050 0.0025 0.0049 0.0031 0.0028 0.0022 0.0034 0.0034 0.0031 
 H194.5_2004  1 0.0105 0.0041 0.8906 0.0127 0.0076 0.0043 0.0066 0.0093 0.0043 0.0065 0.0046 0.0233 0.0030 0.0034 0.0056 0.0035 
 H194.6_2004  1 0.0092 0.0043 0.8953 0.0138 0.0070 0.0084 0.0049 0.0054 0.0031 0.0048 0.0062 0.0202 0.0033 0.0053 0.0055 0.0033 
 H194.7_2004  1 0.0029 0.0028 0.9494 0.0031 0.0033 0.0025 0.0034 0.0068 0.0045 0.0035 0.0032 0.0035 0.0030 0.0020 0.0025 0.0036 
 H194.8_2004  1 0.0051 0.0047 0.9304 0.0062 0.0057 0.0049 0.0040 0.0056 0.0024 0.0047 0.0049 0.0049 0.0023 0.0034 0.0050 0.0060 
      H194.9  1 0.0056 0.0037 0.9444 0.0040 0.0060 0.0052 0.0030 0.0030 0.0027 0.0038 0.0026 0.0027 0.0029 0.0024 0.0030 0.0050 
 H195.1_2003  1 0.0538 0.0059 0.0184 0.0265 0.8223 0.0062 0.0059 0.0094 0.0050 0.0049 0.0062 0.0060 0.0045 0.0042 0.0165 0.0042 
 H195.1_2004  1 0.0038 0.0026 0.0046 0.0074 0.9396 0.0046 0.0043 0.0036 0.0039 0.0039 0.0028 0.0026 0.0038 0.0025 0.0074 0.0026 
 H195.2_2003  1 0.0147 0.0256 0.0143 0.0076 0.7832 0.0108 0.0267 0.0187 0.0138 0.0290 0.0101 0.0070 0.0043 0.0042 0.0180 0.0120 
 H195.2_2004  1 0.0038 0.0022 0.0040 0.0054 0.9511 0.0029 0.0048 0.0022 0.0032 0.0030 0.0024 0.0028 0.0031 0.0029 0.0031 0.0029 
 H195.3_2003  1 0.0078 0.1540 0.0369 0.0057 0.5950 0.0054 0.0417 0.0550 0.0101 0.0155 0.0065 0.0125 0.0090 0.0028 0.0130 0.0291 
 H195.3_2004  1 0.0067 0.0027 0.0061 0.0073 0.9371 0.0050 0.0028 0.0035 0.0030 0.0043 0.0031 0.0028 0.0028 0.0025 0.0071 0.0031 
 H195.4_2003  1 0.0214 0.0037 0.0103 0.0088 0.9064 0.0048 0.0027 0.0044 0.0033 0.0045 0.0035 0.0066 0.0039 0.0052 0.0070 0.0033 
 H195.4_2004  1 0.0032 0.0023 0.0046 0.0035 0.9501 0.0028 0.0071 0.0032 0.0023 0.0040 0.0036 0.0024 0.0022 0.0031 0.0032 0.0025 
 H195.5_2003  1 0.0456 0.0063 0.0182 0.0174 0.8070 0.0061 0.0042 0.0063 0.0097 0.0050 0.0067 0.0051 0.0074 0.0040 0.0433 0.0077 
 H195.5_2004  1 0.0033 0.0037 0.0037 0.0047 0.9459 0.0034 0.0026 0.0025 0.0030 0.0029 0.0070 0.0033 0.0035 0.0036 0.0044 0.0026 
 H195.6_2003  1 0.0044 0.0145 0.0043 0.0040 0.9013 0.0095 0.0095 0.0104 0.0053 0.0090 0.0032 0.0029 0.0067 0.0030 0.0059 0.0061 
 H195.6_2004  1 0.0033 0.0023 0.0062 0.0032 0.9453 0.0044 0.0035 0.0037 0.0028 0.0040 0.0030 0.0039 0.0023 0.0036 0.0048 0.0037 
 H195.7_2003  1 0.0210 0.0055 0.0414 0.0131 0.7993 0.0055 0.0235 0.0153 0.0144 0.0109 0.0108 0.0086 0.0041 0.0035 0.0179 0.0050 
 H195.7_2004  1 0.0026 0.0034 0.0023 0.0030 0.9530 0.0030 0.0037 0.0034 0.0029 0.0030 0.0024 0.0024 0.0043 0.0027 0.0051 0.0028 
      H195.8  1 0.0029 0.0023 0.0034 0.0031 0.9531 0.0024 0.0034 0.0029 0.0034 0.0037 0.0041 0.0024 0.0036 0.0024 0.0038 0.0030 
      H195.9  1 0.0033 0.0027 0.0052 0.0057 0.9412 0.0032 0.0036 0.0040 0.0033 0.0043 0.0053 0.0053 0.0037 0.0028 0.0042 0.0022 
      H415.1  1 0.9084 0.0166 0.0057 0.0062 0.0038 0.0031 0.0101 0.0038 0.0050 0.0038 0.0019 0.0064 0.0086 0.0040 0.0068 0.0057 
      H415.2  1 0.7410 0.0150 0.0286 0.0048 0.0044 0.0893 0.0113 0.0185 0.0249 0.0046 0.0032 0.0186 0.0080 0.0113 0.0115 0.0050 
      H415.3  1 0.9331 0.0032 0.0030 0.0061 0.0034 0.0046 0.0050 0.0028 0.0061 0.0051 0.0024 0.0036 0.0046 0.0113 0.0033 0.0025 
      H415.4  1 0.9462 0.0047 0.0043 0.0046 0.0035 0.0044 0.0025 0.0032 0.0032 0.0030 0.0024 0.0048 0.0041 0.0023 0.0041 0.0027 
      H415.5  1 0.9517 0.0024 0.0032 0.0045 0.0032 0.0042 0.0031 0.0029 0.0023 0.0037 0.0020 0.0052 0.0029 0.0032 0.0034 0.0022 
      H415.6  1 0.9450 0.0042 0.0032 0.0052 0.0039 0.0048 0.0023 0.0030 0.0029 0.0027 0.0025 0.0059 0.0050 0.0023 0.0049 0.0023 
      H415.7  1 0.8560 0.0073 0.0061 0.0071 0.0055 0.0274 0.0098 0.0271 0.0111 0.0055 0.0047 0.0040 0.0042 0.0127 0.0079 0.0036 
      H506.1  1 0.0020 0.0017 0.0025 0.0038 0.0033 0.0022 0.0022 0.0023 0.0036 0.0040 0.0039 0.0051 0.0024 0.9551 0.0027 0.0032 
      H506.2  1 0.0037 0.0020 0.0033 0.0040 0.0067 0.0025 0.0018 0.0029 0.0028 0.0036 0.0028 0.0031 0.0022 0.9535 0.0028 0.0023 
      H506.3  1 0.0035 0.0038 0.0037 0.0035 0.0068 0.0037 0.0072 0.0054 0.0053 0.0114 0.0038 0.0141 0.0056 0.9125 0.0063 0.0033 
      H506.4  1 0.0054 0.0044 0.0039 0.0046 0.0030 0.0048 0.0028 0.0061 0.0036 0.0053 0.0112 0.0037 0.0045 0.9313 0.0032 0.0023 
      H506.5  1 0.0048 0.0027 0.0031 0.0059 0.0051 0.0032 0.0024 0.0035 0.0033 0.0046 0.0062 0.0032 0.0023 0.9435 0.0036 0.0024 
      H506.6  1 0.0087 0.0057 0.0085 0.0039 0.0199 0.0035 0.0081 0.0203 0.0048 0.0080 0.0052 0.0041 0.0041 0.8750 0.0168 0.0033 
      H506.7  1 0.0033 0.0017 0.0026 0.0040 0.0045 0.0026 0.0023 0.0021 0.0031 0.0038 0.0028 0.0036 0.0020 0.9558 0.0030 0.0027 
      H533.1  1 0.0034 0.0021 0.0020 0.0079 0.0026 0.0017 0.0017 0.0025 0.0026 0.0058 0.0040 0.0062 0.0060 0.9433 0.0024 0.0059 
      H533.2  1 0.0045 0.0019 0.0024 0.0103 0.0037 0.0022 0.0023 0.0023 0.0026 0.0064 0.0031 0.0059 0.0051 0.9399 0.0024 0.0051 
      H533.3  1 0.0023 0.0027 0.0025 0.0064 0.0027 0.0018 0.0027 0.0053 0.0032 0.0045 0.0025 0.0047 0.0028 0.9509 0.0024 0.0026 
      H533.4  1 0.0082 0.0050 0.0129 0.0097 0.0181 0.0040 0.0033 0.0167 0.0030 0.0053 0.0084 0.0025 0.0039 0.8897 0.0052 0.0039 
      H535.1  1 0.0024 0.0029 0.0040 0.0029 0.0027 0.0051 0.0022 0.0036 0.0020 0.0032 0.9541 0.0036 0.0027 0.0035 0.0027 0.0024 
      H535.2  1 0.0029 0.0021 0.0034 0.0027 0.0031 0.0024 0.0022 0.0029 0.0032 0.0036 0.9552 0.0037 0.0021 0.0035 0.0038 0.0031 
      H535.3  1 0.0021 0.0023 0.0022 0.0022 0.0037 0.0023 0.0020 0.0030 0.0034 0.0032 0.9603 0.0033 0.0023 0.0024 0.0026 0.0027 
      H535.4  1 0.0031 0.0021 0.0030 0.0037 0.0031 0.0021 0.0020 0.0031 0.0022 0.0034 0.9592 0.0030 0.0022 0.0025 0.0030 0.0024 
      H535.5  1 0.0027 0.0025 0.0035 0.0036 0.0031 0.0023 0.0022 0.0034 0.0021 0.0024 0.9596 0.0036 0.0018 0.0027 0.0024 0.0019 
      H535.6  1 0.0037 0.0068 0.0038 0.0025 0.0046 0.0094 0.0024 0.0034 0.0022 0.0043 0.9393 0.0052 0.0034 0.0026 0.0033 0.0032 
      H535.7  1 0.0022 0.0022 0.0028 0.0031 0.0021 0.0020 0.0020 0.0023 0.0018 0.0020 0.9659 0.0027 0.0016 0.0028 0.0022 0.0022 
      H535.8  1 0.0027 0.0026 0.0029 0.0027 0.0024 0.0021 0.0020 0.0036 0.0021 0.0034 0.9596 0.0041 0.0021 0.0025 0.0035 0.0018 
      H535.9  1 0.0021 0.0036 0.0029 0.0030 0.0026 0.0035 0.0021 0.0029 0.0023 0.0025 0.9579 0.0027 0.0028 0.0034 0.0027 0.0031 
      H539.1  1 0.0038 0.9528 0.0030 0.0019 0.0021 0.0063 0.0023 0.0039 0.0032 0.0027 0.0019 0.0020 0.0064 0.0024 0.0022 0.0030 
      H539.2  1 0.0048 0.6388 0.0161 0.0053 0.0056 0.0059 0.0369 0.0982 0.0076 0.0073 0.0094 0.0070 0.1183 0.0069 0.0204 0.0115 
      H539.3  1 0.0034 0.8749 0.0192 0.0026 0.0080 0.0052 0.0092 0.0203 0.0044 0.0035 0.0119 0.0039 0.0164 0.0045 0.0069 0.0057 
      H539.4  1 0.0044 0.9005 0.0031 0.0035 0.0028 0.0042 0.0064 0.0071 0.0049 0.0034 0.0023 0.0055 0.0397 0.0034 0.0056 0.0032 
      H539.5  1 0.0024 0.9501 0.0038 0.0025 0.0020 0.0037 0.0032 0.0051 0.0022 0.0037 0.0039 0.0028 0.0076 0.0020 0.0024 0.0026 
      H539.6  1 0.0029 0.9359 0.0036 0.0017 0.0039 0.0051 0.0030 0.0100 0.0028 0.0033 0.0028 0.0028 0.0133 0.0031 0.0029 0.0027 
      H539.7  1 0.0042 0.9487 0.0035 0.0026 0.0023 0.0035 0.0053 0.0056 0.0029 0.0021 0.0032 0.0031 0.0052 0.0020 0.0022 0.0034 
      H539.8  1 0.0045 0.8513 0.0123 0.0048 0.0061 0.0032 0.0125 0.0114 0.0059 0.0039 0.0249 0.0055 0.0290 0.0043 0.0105 0.0099 
      H539.9  1 0.0036 0.9399 0.0028 0.0022 0.0026 0.0028 0.0046 0.0054 0.0037 0.0027 0.0024 0.0056 0.0111 0.0037 0.0040 0.0032 
      H540.1  1 0.0046 0.8752 0.0047 0.0041 0.0069 0.0043 0.0029 0.0588 0.0048 0.0109 0.0045 0.0041 0.0045 0.0038 0.0033 0.0028 
      H540.2  1 0.0052 0.9376 0.0053 0.0036 0.0029 0.0037 0.0052 0.0089 0.0040 0.0043 0.0021 0.0043 0.0039 0.0029 0.0034 0.0027 
      H540.3  1 0.0273 0.8101 0.0283 0.0240 0.0124 0.0069 0.0090 0.0116 0.0046 0.0078 0.0038 0.0094 0.0135 0.0052 0.0154 0.0108 
      H540.4  1 0.0061 0.8833 0.0052 0.0037 0.0048 0.0064 0.0103 0.0132 0.0068 0.0118 0.0050 0.0049 0.0251 0.0051 0.0040 0.0042 
      H540.5  1 0.0064 0.9215 0.0067 0.0062 0.0029 0.0042 0.0096 0.0056 0.0044 0.0065 0.0026 0.0064 0.0035 0.0030 0.0063 0.0042 
      H540.6  1 0.0058 0.8481 0.0071 0.0065 0.0046 0.0070 0.0123 0.0315 0.0106 0.0278 0.0049 0.0073 0.0063 0.0047 0.0088 0.0065 
      H540.7  1 0.0149 0.8653 0.0120 0.0149 0.0045 0.0071 0.0053 0.0102 0.0111 0.0235 0.0026 0.0041 0.0081 0.0073 0.0054 0.0037 
      H540.8  1 0.0182 0.8480 0.0311 0.0078 0.0043 0.0088 0.0045 0.0435 0.0030 0.0055 0.0041 0.0051 0.0064 0.0037 0.0029 0.0032 
     H9558.1  1 0.0041 0.9473 0.0031 0.0019 0.0026 0.0071 0.0034 0.0040 0.0022 0.0032 0.0049 0.0028 0.0024 0.0041 0.0027 0.0041 
     H9558.2  1 0.0085 0.8808 0.0081 0.0049 0.0046 0.0090 0.0057 0.0049 0.0081 0.0191 0.0091 0.0052 0.0036 0.0087 0.0069 0.0127 
     H9558.3  1 0.0038 0.9006 0.0054 0.0025 0.0027 0.0027 0.0051 0.0051 0.0067 0.0110 0.0066 0.0077 0.0045 0.0024 0.0075 0.0256 
     H9558.4  1 0.0039 0.9482 0.0038 0.0018 0.0020 0.0030 0.0054 0.0035 0.0021 0.0035 0.0059 0.0023 0.0030 0.0037 0.0027 0.0051 
     H9558.5  1 0.0036 0.9434 0.0028 0.0029 0.0018 0.0021 0.0071 0.0026 0.0040 0.0035 0.0055 0.0029 0.0055 0.0026 0.0039 0.0059 
     H9558.6  1 0.0050 0.9249 0.0080 0.0027 0.0028 0.0040 0.0032 0.0045 0.0043 0.0043 0.0051 0.0083 0.0035 0.0032 0.0056 0.0106 
    kos339.1  1 0.0096 0.0049 0.0026 0.8883 0.0025 0.0081 0.0030 0.0063 0.0156 0.0130 0.0059 0.0049 0.0044 0.0233 0.0036 0.0039 
    kos339.2  1 0.0062 0.0030 0.0038 0.9260 0.0061 0.0045 0.0044 0.0026 0.0080 0.0054 0.0035 0.0041 0.0040 0.0085 0.0057 0.0041 
    kos339.3  1 0.0048 0.0028 0.0036 0.9499 0.0034 0.0029 0.0023 0.0040 0.0021 0.0028 0.0044 0.0036 0.0032 0.0045 0.0024 0.0032 
    kos339.4  1 0.0048 0.0031 0.0034 0.9468 0.0032 0.0040 0.0034 0.0037 0.0020 0.0044 0.0052 0.0026 0.0038 0.0039 0.0031 0.0025 
    kos339.5  1 0.0050 0.0037 0.0040 0.9247 0.0027 0.0042 0.0022 0.0033 0.0073 0.0158 0.0029 0.0030 0.0035 0.0105 0.0027 0.0045 
    kos339.6  1 0.0055 0.0028 0.0045 0.9402 0.0044 0.0033 0.0028 0.0031 0.0044 0.0078 0.0021 0.0025 0.0022 0.0065 0.0045 0.0031 
    kos339.7  1 0.0045 0.0023 0.0033 0.9481 0.0030 0.0020 0.0035 0.0033 0.0020 0.0034 0.0096 0.0023 0.0035 0.0048 0.0024 0.0021 
    kos339.8  1 0.0089 0.0023 0.0039 0.9269 0.0037 0.0035 0.0035 0.0027 0.0051 0.0047 0.0028 0.0035 0.0032 0.0178 0.0040 0.0035 
    kos339.9  1 0.0098 0.0103 0.0076 0.8711 0.0060 0.0242 0.0034 0.0061 0.0065 0.0158 0.0037 0.0089 0.0085 0.0068 0.0079 0.0034 
      H409.1 12 0.0045 0.0019 0.0033 0.0043 0.0029 0.0027 0.0040 0.0019 0.0035 0.0059 0.0027 0.9510 0.0020 0.0031 0.0036 0.0028 
     H409.10 12 0.0116 0.0058 0.0032 0.0050 0.0039 0.0034 0.0141 0.0040 0.0076 0.0096 0.0029 0.8821 0.0082 0.0270 0.0077 0.0041 
      H409.2 12 0.0158 0.0041 0.0051 0.0066 0.0035 0.0046 0.0039 0.0034 0.0034 0.0034 0.0107 0.9177 0.0022 0.0047 0.0085 0.0024 
      H409.3 12 0.0030 0.0029 0.0071 0.0033 0.0029 0.0032 0.0036 0.0029 0.0036 0.0031 0.0037 0.9445 0.0034 0.0047 0.0043 0.0038 
      H409.4 12 0.0031 0.0027 0.0044 0.0031 0.0021 0.0021 0.0031 0.0024 0.0026 0.0029 0.0035 0.9532 0.0025 0.0031 0.0047 0.0044 
      H409.5 12 0.0044 0.0035 0.0032 0.0027 0.0032 0.0041 0.0027 0.0050 0.0033 0.0029 0.0034 0.9481 0.0036 0.0030 0.0039 0.0031 
      H409.6 12 0.0039 0.0073 0.0093 0.0034 0.0041 0.0042 0.0061 0.0114 0.0105 0.0115 0.0085 0.8694 0.0078 0.0070 0.0052 0.0304 
      H409.7 12 0.0044 0.0023 0.0052 0.0065 0.0040 0.0032 0.0045 0.0029 0.0052 0.0052 0.0028 0.9358 0.0025 0.0041 0.0066 0.0048 
      H409.8 12 0.0038 0.0029 0.0038 0.0041 0.0024 0.0038 0.0031 0.0043 0.0054 0.0047 0.0032 0.9423 0.0037 0.0053 0.0028 0.0044 
      H409.9 12 0.0112 0.2951 0.0049 0.0032 0.0047 0.0034 0.0052 0.0219 0.0288 0.0096 0.0134 0.4804 0.0286 0.0731 0.0060 0.0105 
      H413.1 12 0.0024 0.0037 0.0040 0.0044 0.0029 0.0031 0.0055 0.0032 0.0108 0.0047 0.0033 0.0032 0.0064 0.0019 0.0049 0.9358 
      H413.2 12 0.0022 0.0035 0.0054 0.0046 0.0039 0.0034 0.0038 0.0029 0.0038 0.0035 0.0044 0.0025 0.0043 0.0035 0.0034 0.9449 
      H413.3 12 0.0024 0.0043 0.0035 0.0020 0.0024 0.0030 0.0082 0.0035 0.0095 0.0045 0.0021 0.0054 0.0047 0.0039 0.0040 0.9364 
      H413.4 12 0.0038 0.0039 0.0034 0.0074 0.0036 0.0051 0.0024 0.0030 0.0239 0.0107 0.0024 0.0049 0.0072 0.0069 0.0062 0.9055 
      H413.5 12 0.0030 0.0394 0.0032 0.0033 0.0030 0.0107 0.0054 0.0030 0.0032 0.0071 0.0024 0.0027 0.0326 0.0042 0.0047 0.8721 
      H413.6 12 0.0037 0.0381 0.0069 0.0054 0.0053 0.0024 0.0211 0.0034 0.0093 0.0099 0.0033 0.0033 0.0214 0.0022 0.0133 0.8511 
      H413.7 12 0.0034 0.0070 0.0065 0.0053 0.0031 0.0029 0.0067 0.0032 0.0058 0.0041 0.0034 0.0035 0.0037 0.0041 0.0065 0.9308 
      H563.1 12 0.0026 0.0106 0.0034 0.0032 0.0030 0.0022 0.0047 0.0038 0.9376 0.0030 0.0022 0.0047 0.0036 0.0024 0.0050 0.0079 
      H563.2 12 0.0085 0.0066 0.0151 0.0090 0.0039 0.0058 0.0041 0.0038 0.8920 0.0053 0.0029 0.0138 0.0048 0.0057 0.0103 0.0084 
      H563.3 12 0.0025 0.0076 0.0029 0.0026 0.0024 0.0027 0.0029 0.0075 0.9421 0.0048 0.0019 0.0041 0.0032 0.0029 0.0061 0.0040 
      H563.4 12 0.0037 0.0051 0.0049 0.0054 0.0026 0.0037 0.0054 0.0049 0.9177 0.0039 0.0029 0.0089 0.0057 0.0046 0.0066 0.0139 
      H563.5 12 0.0027 0.0071 0.0026 0.0029 0.0024 0.0021 0.0039 0.0037 0.9453 0.0048 0.0019 0.0031 0.0038 0.0023 0.0060 0.0054 
      H563.6 12 0.0048 0.0047 0.0044 0.0119 0.0024 0.0041 0.0026 0.0038 0.9150 0.0065 0.0028 0.0060 0.0051 0.0041 0.0125 0.0093 
      H563.7 12 0.0043 0.0032 0.0043 0.0080 0.0032 0.0030 0.0026 0.0028 0.9261 0.0060 0.0022 0.0075 0.0041 0.0031 0.0103 0.0094 
      H563.8 12 0.0031 0.0181 0.0048 0.0036 0.0028 0.0031 0.0051 0.0057 0.9183 0.0049 0.0017 0.0046 0.0050 0.0033 0.0112 0.0047 
      H563.9 12 0.0059 0.0053 0.0078 0.0100 0.0029 0.0051 0.0054 0.0045 0.9062 0.0068 0.0022 0.0163 0.0049 0.0048 0.0054 0.0066 
     H7374.1 12 0.0062 0.0047 0.0060 0.0031 0.0057 0.0036 0.0030 0.0041 0.0045 0.0034 0.0035 0.0062 0.0031 0.0030 0.9341 0.0058 
     H7374.2 12 0.0076 0.0069 0.0073 0.0023 0.0040 0.0035 0.0058 0.0070 0.0067 0.0026 0.0030 0.0046 0.0029 0.0030 0.9264 0.0066 
     H7374.3 12 0.0167 0.0071 0.0166 0.0035 0.0140 0.0049 0.0032 0.0075 0.0093 0.0054 0.0036 0.0070 0.0044 0.0060 0.8849 0.0060 
     H7374.4 12 0.0042 0.0055 0.0044 0.0044 0.0031 0.0040 0.0058 0.0030 0.0038 0.0038 0.0046 0.0045 0.0038 0.0029 0.9387 0.0035 
     H7374.5 12 0.0027 0.0067 0.0030 0.0042 0.0030 0.0034 0.0028 0.0038 0.0038 0.0048 0.0027 0.0032 0.0036 0.0025 0.9457 0.0039 
     H7374.6 12 0.0148 0.0086 0.0112 0.0073 0.0160 0.0083 0.0035 0.0043 0.0085 0.0068 0.0090 0.0046 0.0046 0.0046 0.8845 0.0033 
     H7374.7 12 0.0029 0.0022 0.0031 0.0049 0.0034 0.0041 0.0033 0.0024 0.0025 0.0052 0.0039 0.0044 0.0020 0.0023 0.9497 0.0035 
     H7374.8 12 0.0039 0.0024 0.0049 0.0052 0.0055 0.0037 0.0024 0.0030 0.0049 0.0048 0.0026 0.0036 0.0024 0.0036 0.9438 0.0032 
     H7374.9 12 0.0032 0.0071 0.0031 0.0043 0.0032 0.0044 0.0041 0.0032 0.0036 0.0046 0.0023 0.0025 0.0033 0.0029 0.9444 0.0036 
     H9563.1 12 0.0040 0.0051 0.0049 0.0037 0.0034 0.0044 0.0039 0.0036 0.9447 0.0030 0.0026 0.0024 0.0044 0.0035 0.0025 0.0039 
     H9563.2 12 0.0058 0.0075 0.0035 0.0030 0.0033 0.0035 0.0029 0.0047 0.9398 0.0035 0.0040 0.0022 0.0059 0.0033 0.0030 0.0040 
     H9563.3 12 0.0038 0.0020 0.0050 0.0035 0.0052 0.0028 0.0033 0.0041 0.9379 0.0035 0.0047 0.0053 0.0048 0.0056 0.0041 0.0045 
     H9563.4 12 0.0114 0.0058 0.0148 0.0070 0.0068 0.0034 0.0064 0.0097 0.8595 0.0082 0.0161 0.0136 0.0173 0.0081 0.0064 0.0056 
     H9563.5 12 0.0061 0.0042 0.0081 0.0065 0.0048 0.0042 0.0040 0.0089 0.9125 0.0039 0.0055 0.0067 0.0082 0.0080 0.0032 0.0052 
     H9563.6 12 0.0030 0.0027 0.0043 0.0024 0.0042 0.0024 0.0035 0.0054 0.9342 0.0044 0.0043 0.0035 0.0054 0.0071 0.0050 0.0082 
     H9563.7 12 0.0028 0.0031 0.0037 0.0020 0.0048 0.0029 0.0034 0.0060 0.9424 0.0026 0.0052 0.0034 0.0030 0.0053 0.0048 0.0046 
     H9563.8 12 0.0238 0.0049 0.0069 0.0112 0.0058 0.0041 0.0106 0.0095 0.8460 0.0037 0.0054 0.0082 0.0390 0.0116 0.0036 0.0057 
     H9563.9 12 0.0099 0.0055 0.0043 0.0046 0.0035 0.0034 0.0060 0.0076 0.9119 0.0047 0.0038 0.0026 0.0107 0.0103 0.0040 0.0072 
     H9572.1 12 0.0046 0.0400 0.0135 0.0042 0.0134 0.0134 0.0074 0.0141 0.0704 0.7439 0.0063 0.0059 0.0157 0.0177 0.0135 0.0161 
     H9572.2 12 0.0138 0.0079 0.0186 0.0068 0.0571 0.0362 0.0035 0.0166 0.2170 0.5084 0.0035 0.0138 0.0402 0.0057 0.0353 0.0157 
     H9572.3 12 0.0153 0.0251 0.0145 0.0540 0.0056 0.0094 0.0036 0.0981 0.0201 0.5771 0.0154 0.0281 0.0046 0.0086 0.0810 0.0395 
     H9572.4 12 0.0032 0.0082 0.0142 0.0163 0.0052 0.0063 0.0021 0.0065 0.0088 0.8901 0.0067 0.0050 0.0032 0.0046 0.0117 0.0081 
     H9572.5 12 0.0035 0.0091 0.0167 0.0205 0.0100 0.0050 0.0039 0.0217 0.0067 0.8745 0.0044 0.0028 0.0047 0.0081 0.0023 0.0061 
