      H105.1  1 0.0125 0.0073 0.9336 0.0224 0.0096 0.0057 0.0090 
      H105.2  1 0.0073 0.0143 0.9109 0.0186 0.0113 0.0060 0.0316 
      H105.3  1 0.0039 0.0044 0.9696 0.0056 0.0053 0.0043 0.0068 
      H105.4  1 0.0070 0.0152 0.9157 0.0150 0.0203 0.0113 0.0154 
      H105.5  1 0.0159 0.0333 0.6452 0.1875 0.0865 0.0061 0.0255 
      H105.6  1 0.0080 0.0162 0.9203 0.0108 0.0210 0.0150 0.0087 
      H105.7  1 0.0048 0.0056 0.9593 0.0113 0.0076 0.0051 0.0063 
      H105.8  1 0.0037 0.0059 0.9595 0.0040 0.0065 0.0046 0.0157 
      H115.1  1 0.0216 0.8815 0.0462 0.0070 0.0058 0.0064 0.0315 
      H115.2  1 0.0104 0.9621 0.0068 0.0059 0.0053 0.0038 0.0057 
      H115.3  1 0.0165 0.9518 0.0109 0.0046 0.0061 0.0046 0.0055 
      H115.4  1 0.0633 0.8418 0.0118 0.0153 0.0152 0.0248 0.0278 
      H115.5  1 0.1019 0.8282 0.0147 0.0087 0.0146 0.0177 0.0142 
      H115.6  1 0.0398 0.9160 0.0081 0.0145 0.0026 0.0129 0.0060 
      H115.7  1 0.0191 0.8702 0.0654 0.0162 0.0073 0.0107 0.0111 
      H115.8  1 0.0173 0.9523 0.0100 0.0050 0.0024 0.0067 0.0063 
      H115.9  1 0.0116 0.9403 0.0126 0.0072 0.0053 0.0040 0.0190 
      H145.1  1 0.0076 0.0074 0.0044 0.0139 0.0072 0.9550 0.0045 
      H145.2  1 0.0076 0.0049 0.0046 0.0071 0.0073 0.9636 0.0050 
      H145.3  1 0.0029 0.0026 0.0034 0.0049 0.0044 0.9785 0.0033 
      H145.4  1 0.0059 0.0045 0.0046 0.0174 0.0046 0.9574 0.0055 
      H145.5  1 0.0038 0.0028 0.0034 0.0048 0.0027 0.9793 0.0032 
      H145.6  1 0.0051 0.0036 0.0056 0.0053 0.0053 0.9715 0.0036 
      H145.7  1 0.0075 0.0035 0.0041 0.0052 0.0044 0.9709 0.0044 
      H149.1  1 0.9789 0.0030 0.0026 0.0050 0.0027 0.0038 0.0039 
      H149.2  1 0.9697 0.0027 0.0047 0.0072 0.0045 0.0067 0.0045 
      H149.3  1 0.8024 0.0160 0.0215 0.0428 0.0216 0.0649 0.0309 
      H149.4  1 0.9649 0.0034 0.0077 0.0036 0.0033 0.0045 0.0127 
      H149.5  1 0.8570 0.0034 0.0445 0.0227 0.0165 0.0242 0.0317 
      H149.6  1 0.9673 0.0030 0.0073 0.0059 0.0050 0.0076 0.0038 
      H149.7  1 0.7919 0.0109 0.0302 0.0636 0.0066 0.0111 0.0858 
      H150.1  1 0.0027 0.9785 0.0045 0.0039 0.0030 0.0043 0.0031 
      H150.2  1 0.0055 0.9739 0.0049 0.0044 0.0038 0.0036 0.0039 
      H150.3  1 0.0057 0.9627 0.0070 0.0088 0.0029 0.0076 0.0052 
      H150.4  1 0.0033 0.9743 0.0053 0.0042 0.0027 0.0062 0.0041 
      H150.5  1 0.0052 0.9673 0.0079 0.0066 0.0032 0.0053 0.0045 
      H150.6  1 0.0082 0.9564 0.0073 0.0070 0.0058 0.0088 0.0065 
      H150.7  1 0.0034 0.9741 0.0047 0.0046 0.0024 0.0076 0.0032 
   H169607.1  1 0.0085 0.1384 0.0146 0.4669 0.1494 0.1953 0.0268 
   H169607.2  1 0.0052 0.0117 0.0074 0.5405 0.4094 0.0196 0.0062 
   H169607.3  1 0.0060 0.0239 0.0159 0.5235 0.2663 0.1451 0.0193 
   H169607.4  1 0.0044 0.0117 0.0077 0.5475 0.3706 0.0548 0.0035 
   H169607.5  1 0.0065 0.0238 0.0059 0.5657 0.3878 0.0063 0.0040 
   H169607.6  1 0.0033 0.0082 0.0078 0.5503 0.4095 0.0146 0.0063 
   H169607.7  1 0.0048 0.0502 0.0069 0.5414 0.3351 0.0435 0.0181 
   H169607.8  1 0.0039 0.0113 0.0083 0.5605 0.3999 0.0123 0.0037 
   H169633.1  1 0.9540 0.0064 0.0073 0.0081 0.0055 0.0137 0.0051 
   H169633.2  1 0.9205 0.0044 0.0090 0.0352 0.0088 0.0116 0.0104 
   H169633.3  1 0.9454 0.0093 0.0099 0.0130 0.0064 0.0078 0.0082 
   H169633.4  1 0.9523 0.0074 0.0083 0.0133 0.0064 0.0070 0.0053 
   H169633.5  1 0.9544 0.0070 0.0094 0.0106 0.0070 0.0064 0.0051 
   H169688.1  1 0.0084 0.0618 0.0563 0.6749 0.0532 0.1078 0.0376 
   H169688.2  1 0.0089 0.1545 0.0529 0.6159 0.0098 0.0658 0.0921 
   H169688.3  1 0.0198 0.2450 0.0290 0.6001 0.0046 0.0902 0.0113 
   H169688.4  1 0.0092 0.5563 0.0042 0.3834 0.0052 0.0335 0.0081 
   H169688.5  1 0.0087 0.5577 0.0036 0.3777 0.0071 0.0366 0.0085 
   H169688.6  1 0.0199 0.2078 0.0179 0.5174 0.0265 0.0489 0.1616 
   H169688.7  1 0.0166 0.2171 0.0068 0.5098 0.0032 0.2330 0.0137 
   H171901.1  1 0.0286 0.2550 0.4059 0.2077 0.0170 0.0692 0.0166 
   H171901.2  1 0.9235 0.0206 0.0126 0.0201 0.0070 0.0110 0.0051 
   H171901.3  1 0.8424 0.0396 0.0240 0.0542 0.0169 0.0127 0.0103 
   H171901.4  1 0.9379 0.0125 0.0125 0.0158 0.0068 0.0075 0.0069 
   H171901.5  1 0.8974 0.0284 0.0080 0.0297 0.0090 0.0133 0.0143 
   H171901.6  1 0.8047 0.0671 0.0103 0.0625 0.0093 0.0223 0.0238 
   H171901.7  1 0.6647 0.0517 0.0112 0.2008 0.0229 0.0297 0.0190 
   H171902.1  1 0.0080 0.0113 0.0035 0.0074 0.0063 0.9524 0.0111 
  H171902.10  1 0.0153 0.0305 0.0051 0.0212 0.0067 0.9092 0.0120 
   H171902.2  1 0.0304 0.0237 0.0074 0.0104 0.0047 0.9132 0.0101 
   H171902.3  1 0.0624 0.0678 0.0057 0.0160 0.0066 0.8291 0.0124 
   H171902.4  1 0.0586 0.0092 0.0060 0.0120 0.0038 0.9039 0.0065 
   H171902.6  1 0.0118 0.0119 0.0043 0.0110 0.0061 0.9458 0.0092 
   H171902.7  1 0.0326 0.0221 0.0079 0.1020 0.0142 0.8107 0.0105 
   H171902.8  1 0.0231 0.0306 0.0052 0.0145 0.0049 0.9085 0.0131 
   H171902.9  1 0.0068 0.0375 0.0060 0.0098 0.0063 0.9270 0.0066 
   H171903.1  1 0.0057 0.0805 0.0139 0.5542 0.3346 0.0053 0.0058 
   H171903.2  1 0.0052 0.0910 0.0369 0.5595 0.2914 0.0071 0.0089 
   H171903.3  1 0.0090 0.0336 0.0218 0.7371 0.1855 0.0044 0.0086 
   H171903.4  1 0.0058 0.0825 0.0098 0.7542 0.1173 0.0243 0.0062 
   H171903.5  1 0.0453 0.1644 0.0329 0.5535 0.1840 0.0067 0.0132 
   H171903.6  1 0.0233 0.1073 0.0039 0.6011 0.2513 0.0064 0.0067 
      H177.1  1 0.0202 0.0109 0.0036 0.9345 0.0116 0.0066 0.0125 
      H177.2  1 0.0785 0.0318 0.0091 0.6650 0.0250 0.1005 0.0901 
      H177.3  1 0.0872 0.0456 0.0054 0.7567 0.0343 0.0400 0.0308 
      H177.4  1 0.0304 0.0053 0.0073 0.7395 0.0519 0.0111 0.1545 
      H177.5  1 0.0127 0.0145 0.0092 0.9011 0.0082 0.0092 0.0451 
      H177.6  1 0.1904 0.0394 0.0055 0.6959 0.0172 0.0201 0.0315 
      H179.1  1 0.0036 0.0054 0.0063 0.0041 0.0024 0.0036 0.9746 
      H179.2  1 0.0048 0.0079 0.0034 0.0076 0.0084 0.0035 0.9644 
      H179.3  1 0.0049 0.0203 0.0061 0.0169 0.0074 0.0053 0.9391 
      H179.4  1 0.0244 0.0097 0.0091 0.0681 0.0588 0.0159 0.8140 
      H180.1  1 0.0075 0.8762 0.0132 0.0095 0.0050 0.0064 0.0822 
      H180.2  1 0.0079 0.8996 0.0118 0.0153 0.0070 0.0069 0.0515 
      H180.3  1 0.0118 0.9354 0.0033 0.0072 0.0070 0.0104 0.0249 
      H180.4  1 0.0195 0.8811 0.0169 0.0149 0.0063 0.0100 0.0513 
      H180.5  1 0.0115 0.8948 0.0083 0.0220 0.0061 0.0135 0.0439 
      H180.6  1 0.0332 0.8517 0.0090 0.0219 0.0062 0.0516 0.0263 
      H181.1  1 0.2630 0.0500 0.0404 0.0631 0.0189 0.0333 0.5312 
      H181.2  1 0.0638 0.0436 0.0181 0.0402 0.0089 0.0670 0.7584 
      H181.3  1 0.2231 0.0271 0.0549 0.0287 0.0068 0.0629 0.5965 
      H181.4  1 0.1954 0.3711 0.0385 0.0720 0.0296 0.0437 0.2497 
      H181.5  1 0.0110 0.0052 0.0148 0.0069 0.0044 0.0042 0.9535 
      H181.6  1 0.0124 0.0322 0.0100 0.0145 0.0110 0.0068 0.9131 
      H181.7  1 0.0306 0.0176 0.0105 0.0098 0.0101 0.0068 0.9147 
 H194.1_2004  1 0.0060 0.0073 0.0046 0.9640 0.0058 0.0084 0.0039 
 H194.2_2004  1 0.0047 0.0110 0.0085 0.9480 0.0104 0.0143 0.0030 
 H194.3_2004  1 0.0321 0.0040 0.0056 0.9125 0.0071 0.0140 0.0247 
 H194.4_2004  1 0.0162 0.0059 0.0051 0.8697 0.0079 0.0904 0.0048 
 H194.5_2004  1 0.0185 0.0049 0.0063 0.9398 0.0115 0.0098 0.0092 
 H194.6_2004  1 0.0225 0.0055 0.0058 0.9174 0.0223 0.0135 0.0131 
 H194.7_2004  1 0.0052 0.0051 0.0090 0.9595 0.0068 0.0098 0.0047 
 H194.8_2004  1 0.0143 0.0068 0.0058 0.9319 0.0087 0.0266 0.0059 
      H194.9  1 0.0063 0.0079 0.0067 0.9535 0.0062 0.0152 0.0042 
 H195.1_2003  1 0.0273 0.0061 0.0086 0.0971 0.0092 0.8445 0.0072 
 H195.1_2004  1 0.0088 0.0048 0.0050 0.0062 0.0037 0.9673 0.0043 
 H195.2_2003  1 0.0107 0.0084 0.0086 0.2836 0.0133 0.6674 0.0080 
 H195.2_2004  1 0.0050 0.0036 0.0031 0.0053 0.0036 0.9754 0.0041 
 H195.3_2003  1 0.0073 0.0674 0.0316 0.2625 0.0121 0.6109 0.0081 
 H195.3_2004  1 0.0115 0.0029 0.0036 0.0081 0.0041 0.9660 0.0038 
 H195.4_2003  1 0.0184 0.0033 0.0056 0.0279 0.0049 0.9348 0.0051 
 H195.4_2004  1 0.0052 0.0030 0.0033 0.0051 0.0045 0.9751 0.0038 
 H195.5_2003  1 0.0224 0.0075 0.0137 0.1198 0.0108 0.8197 0.0061 
 H195.5_2004  1 0.0055 0.0040 0.0046 0.0054 0.0067 0.9695 0.0043 
 H195.6_2003  1 0.0046 0.0071 0.0039 0.0174 0.0044 0.9592 0.0035 
 H195.6_2004  1 0.0046 0.0028 0.0046 0.0055 0.0042 0.9738 0.0045 
 H195.7_2003  1 0.0183 0.0047 0.0112 0.2576 0.0126 0.6868 0.0088 
 H195.7_2004  1 0.0042 0.0054 0.0038 0.0047 0.0041 0.9746 0.0033 
      H195.8  1 0.0042 0.0038 0.0050 0.0054 0.0047 0.9735 0.0034 
      H195.9  1 0.0059 0.0040 0.0034 0.0071 0.0076 0.9672 0.0048 
      H415.1  1 0.3966 0.1890 0.0076 0.3830 0.0036 0.0114 0.0088 
      H415.2  1 0.0625 0.0347 0.0105 0.6744 0.0055 0.0404 0.1720 
      H415.3  1 0.4718 0.0159 0.0142 0.4130 0.0068 0.0090 0.0692 
      H415.4  1 0.3684 0.1348 0.0076 0.4502 0.0076 0.0091 0.0223 
      H415.5  1 0.4635 0.0136 0.0062 0.4452 0.0085 0.0152 0.0478 
      H415.6  1 0.3681 0.1413 0.0060 0.4506 0.0054 0.0151 0.0136 
      H415.7  1 0.1781 0.0079 0.0077 0.7301 0.0170 0.0223 0.0369 
      H506.1  1 0.0047 0.0025 0.0046 0.0031 0.0042 0.0032 0.9777 
      H506.2  1 0.0079 0.0024 0.0039 0.0045 0.0043 0.0094 0.9675 
      H506.3  1 0.0058 0.0049 0.0051 0.0053 0.0044 0.0048 0.9698 
      H506.4  1 0.0076 0.0060 0.0045 0.0080 0.0132 0.0056 0.9551 
      H506.5  1 0.0089 0.0028 0.0048 0.0063 0.0091 0.0063 0.9619 
      H506.6  1 0.0077 0.0094 0.0079 0.0391 0.0127 0.0330 0.8902 
      H506.7  1 0.0051 0.0021 0.0045 0.0050 0.0036 0.0065 0.9731 
      H533.1  1 0.0089 0.0031 0.0041 0.0041 0.0032 0.0033 0.9733 
      H533.2  1 0.0131 0.0030 0.0036 0.0034 0.0036 0.0054 0.9678 
      H533.3  1 0.0078 0.0027 0.0044 0.0050 0.0047 0.0029 0.9724 
      H533.4  1 0.0277 0.0064 0.0047 0.0159 0.0162 0.0193 0.9097 
      H535.1  1 0.0044 0.0029 0.0030 0.0044 0.9774 0.0033 0.0046 
      H535.2  1 0.0038 0.0029 0.0038 0.0040 0.9750 0.0047 0.0058 
      H535.3  1 0.0030 0.0028 0.0036 0.0035 0.9771 0.0047 0.0054 
      H535.4  1 0.0074 0.0024 0.0032 0.0047 0.9744 0.0039 0.0040 
      H535.5  1 0.0047 0.0025 0.0029 0.0037 0.9783 0.0036 0.0043 
      H535.6  1 0.0030 0.0057 0.0034 0.0044 0.9733 0.0052 0.0050 
      H535.7  1 0.0037 0.0024 0.0027 0.0027 0.9815 0.0026 0.0044 
      H535.8  1 0.0037 0.0028 0.0029 0.0036 0.9789 0.0037 0.0044 
      H535.9  1 0.0033 0.0039 0.0034 0.0038 0.9775 0.0031 0.0051 
      H539.1  1 0.0031 0.9775 0.0041 0.0045 0.0036 0.0051 0.0022 
      H539.2  1 0.0051 0.9135 0.0089 0.0427 0.0172 0.0072 0.0055 
      H539.3  1 0.0033 0.9509 0.0056 0.0155 0.0122 0.0088 0.0038 
      H539.4  1 0.0037 0.9777 0.0040 0.0046 0.0036 0.0031 0.0033 
      H539.5  1 0.0025 0.9782 0.0033 0.0042 0.0056 0.0034 0.0028 
      H539.6  1 0.0030 0.9742 0.0037 0.0070 0.0048 0.0046 0.0027 
      H539.7  1 0.0030 0.9784 0.0028 0.0052 0.0034 0.0042 0.0030 
      H539.8  1 0.0040 0.9476 0.0066 0.0132 0.0180 0.0061 0.0044 
      H539.9  1 0.0027 0.9783 0.0038 0.0061 0.0025 0.0029 0.0036 
      H540.1  1 0.0058 0.9102 0.0045 0.0334 0.0299 0.0107 0.0056 
      H540.2  1 0.0069 0.9524 0.0043 0.0223 0.0038 0.0044 0.0059 
      H540.3  1 0.0126 0.8900 0.0065 0.0695 0.0076 0.0082 0.0057 
      H540.4  1 0.0046 0.9557 0.0073 0.0119 0.0072 0.0064 0.0069 
      H540.5  1 0.0087 0.9585 0.0066 0.0123 0.0054 0.0041 0.0044 
      H540.6  1 0.0069 0.9302 0.0083 0.0308 0.0099 0.0064 0.0076 
      H540.7  1 0.0174 0.9376 0.0057 0.0216 0.0059 0.0046 0.0072 
      H540.8  1 0.0137 0.8151 0.0039 0.1363 0.0181 0.0085 0.0044 
     H9558.1  1 0.0027 0.9331 0.0056 0.0053 0.0408 0.0065 0.0060 
     H9558.2  1 0.0048 0.8896 0.0207 0.0187 0.0428 0.0065 0.0169 
     H9558.3  1 0.0043 0.9180 0.0349 0.0167 0.0118 0.0044 0.0098 
     H9558.4  1 0.0033 0.9308 0.0041 0.0172 0.0355 0.0035 0.0056 
     H9558.5  1 0.0031 0.9643 0.0061 0.0045 0.0172 0.0020 0.0028 
     H9558.6  1 0.0048 0.9486 0.0110 0.0124 0.0106 0.0054 0.0073 
    kos339.1  1 0.9584 0.0041 0.0095 0.0057 0.0077 0.0036 0.0109 
    kos339.2  1 0.9619 0.0044 0.0073 0.0066 0.0045 0.0062 0.0090 
    kos339.3  1 0.9748 0.0041 0.0027 0.0036 0.0066 0.0038 0.0044 
    kos339.4  1 0.9749 0.0045 0.0026 0.0044 0.0050 0.0046 0.0038 
    kos339.5  1 0.9681 0.0050 0.0069 0.0040 0.0033 0.0033 0.0094 
    kos339.6  1 0.9703 0.0034 0.0057 0.0058 0.0038 0.0046 0.0064 
    kos339.7  1 0.9688 0.0034 0.0023 0.0041 0.0110 0.0042 0.0063 
    kos339.8  1 0.9696 0.0035 0.0045 0.0041 0.0044 0.0046 0.0093 
    kos339.9  1 0.9437 0.0118 0.0053 0.0084 0.0059 0.0127 0.0121 
      H409.1 12 0.0068 0.0032 0.0111 0.0071 0.0026 0.0047 0.9645 
     H409.10 12 0.0038 0.0063 0.0083 0.0067 0.0048 0.0076 0.9625 
      H409.2 12 0.0132 0.0067 0.0051 0.0167 0.0079 0.0068 0.9437 
      H409.3 12 0.0099 0.0113 0.0104 0.0150 0.0049 0.0060 0.9425 
      H409.4 12 0.0095 0.0112 0.0104 0.0196 0.0038 0.0044 0.9411 
      H409.5 12 0.0048 0.0082 0.0074 0.0121 0.0096 0.0083 0.9497 
      H409.6 12 0.0079 0.0127 0.1285 0.0245 0.0156 0.0083 0.8024 
      H409.7 12 0.0139 0.0050 0.0380 0.0136 0.0039 0.0139 0.9117 
      H409.8 12 0.0047 0.0043 0.0142 0.0049 0.0039 0.0044 0.9637 
      H409.9 12 0.0042 0.3325 0.0226 0.0144 0.0095 0.0043 0.6126 
      H413.1 12 0.0052 0.0076 0.9689 0.0053 0.0055 0.0039 0.0036 
      H413.2 12 0.0070 0.0103 0.9624 0.0043 0.0071 0.0053 0.0035 
      H413.3 12 0.0030 0.0118 0.9649 0.0065 0.0031 0.0036 0.0071 
      H413.4 12 0.0046 0.0088 0.9628 0.0047 0.0041 0.0051 0.0100 
      H413.5 12 0.0037 0.1889 0.7815 0.0058 0.0050 0.0074 0.0077 
      H413.6 12 0.0051 0.1012 0.8665 0.0132 0.0049 0.0056 0.0034 
      H413.7 12 0.0049 0.0109 0.9634 0.0053 0.0064 0.0048 0.0042 
      H563.1 12 0.0038 0.0074 0.9730 0.0053 0.0023 0.0044 0.0039 
      H563.2 12 0.0109 0.0079 0.9457 0.0111 0.0053 0.0072 0.0119 
      H563.3 12 0.0038 0.0070 0.9697 0.0067 0.0030 0.0048 0.0050 
      H563.4 12 0.0048 0.0039 0.9737 0.0047 0.0037 0.0050 0.0042 
      H563.5 12 0.0046 0.0050 0.9761 0.0044 0.0024 0.0042 0.0034 
      H563.6 12 0.0142 0.0061 0.9593 0.0082 0.0035 0.0043 0.0045 
      H563.7 12 0.0093 0.0047 0.9705 0.0055 0.0025 0.0031 0.0044 
      H563.8 12 0.0066 0.0117 0.9615 0.0087 0.0032 0.0039 0.0044 
      H563.9 12 0.0111 0.0090 0.9482 0.0091 0.0026 0.0061 0.0139 
     H7374.1 12 0.0123 0.0047 0.0475 0.9020 0.0134 0.0147 0.0053 
     H7374.2 12 0.0036 0.0064 0.0175 0.9552 0.0079 0.0043 0.0051 
     H7374.3 12 0.0054 0.0060 0.0205 0.9469 0.0064 0.0083 0.0064 
     H7374.4 12 0.0178 0.0094 0.0170 0.9200 0.0194 0.0067 0.0097 
     H7374.5 12 0.0152 0.0162 0.0242 0.9168 0.0078 0.0132 0.0065 
     H7374.6 12 0.0131 0.0074 0.0252 0.8989 0.0162 0.0270 0.0122 
     H7374.7 12 0.0196 0.0047 0.0254 0.9028 0.0192 0.0179 0.0105 
     H7374.8 12 0.0134 0.0052 0.0343 0.9133 0.0109 0.0164 0.0064 
     H7374.9 12 0.0146 0.0101 0.0124 0.9350 0.0064 0.0159 0.0056 
     H9563.1 12 0.0086 0.0070 0.9587 0.0060 0.0041 0.0068 0.0087 
     H9563.2 12 0.0045 0.0129 0.9608 0.0056 0.0044 0.0071 0.0046 
     H9563.3 12 0.0060 0.0040 0.9659 0.0057 0.0041 0.0082 0.0061 
     H9563.4 12 0.0165 0.0210 0.8716 0.0361 0.0220 0.0192 0.0135 
     H9563.5 12 0.0083 0.0098 0.9379 0.0100 0.0090 0.0075 0.0174 
     H9563.6 12 0.0030 0.0036 0.9728 0.0056 0.0052 0.0053 0.0045 
     H9563.7 12 0.0030 0.0037 0.9689 0.0049 0.0095 0.0053 0.0048 
     H9563.8 12 0.0290 0.0289 0.8759 0.0213 0.0085 0.0131 0.0233 
     H9563.9 12 0.0056 0.0112 0.9532 0.0107 0.0049 0.0079 0.0064 
     H9572.1 12 0.0094 0.2001 0.3938 0.0457 0.0204 0.0610 0.2696 
     H9572.2 12 0.0095 0.0211 0.5525 0.0653 0.0044 0.3258 0.0214 
     H9572.3 12 0.1896 0.0398 0.2273 0.3368 0.1626 0.0165 0.0275 
     H9572.4 12 0.1369 0.0724 0.3840 0.1652 0.0721 0.0869 0.0825 
     H9572.5 12 0.2804 0.1252 0.2126 0.1269 0.0598 0.1291 0.0660 
