      H105.1  1 0.0064 0.0204 0.0051 0.0136 0.0166 0.8644 0.0025 0.0040 0.0035 0.0183 0.0036 0.0043 0.0070 0.0061 0.0047 0.0195 
      H105.2  1 0.0039 0.0155 0.0024 0.0161 0.0056 0.8453 0.0119 0.0230 0.0052 0.0134 0.0077 0.0066 0.0125 0.0106 0.0093 0.0108 
      H105.3  1 0.0038 0.0071 0.0053 0.0063 0.0173 0.9188 0.0027 0.0040 0.0036 0.0064 0.0025 0.0029 0.0067 0.0021 0.0040 0.0066 
      H105.4  1 0.0040 0.0607 0.0077 0.0103 0.0140 0.7999 0.0034 0.0218 0.0099 0.0118 0.0061 0.0078 0.0107 0.0046 0.0137 0.0137 
      H105.5  1 0.0046 0.1272 0.0052 0.0534 0.0077 0.5825 0.0031 0.0199 0.0056 0.0480 0.0100 0.0095 0.0066 0.0145 0.0316 0.0707 
      H105.6  1 0.0039 0.0085 0.0120 0.0072 0.0043 0.8965 0.0043 0.0102 0.0085 0.0066 0.0054 0.0066 0.0058 0.0036 0.0085 0.0082 
      H105.7  1 0.0041 0.0200 0.0037 0.0069 0.0372 0.8651 0.0036 0.0054 0.0038 0.0064 0.0110 0.0039 0.0089 0.0049 0.0069 0.0082 
      H105.8  1 0.0033 0.0061 0.0033 0.0047 0.0084 0.9249 0.0028 0.0057 0.0038 0.0047 0.0030 0.0038 0.0100 0.0037 0.0063 0.0055 
      H115.1  1 0.0117 0.0103 0.0034 0.0124 0.0099 0.0150 0.0065 0.8552 0.0034 0.0063 0.0061 0.0199 0.0078 0.0056 0.0187 0.0078 
      H115.2  1 0.0054 0.0072 0.0032 0.0072 0.0059 0.0044 0.0072 0.8913 0.0026 0.0050 0.0078 0.0298 0.0038 0.0057 0.0055 0.0081 
      H115.3  1 0.0055 0.0055 0.0035 0.0055 0.0071 0.0034 0.0071 0.9239 0.0046 0.0040 0.0033 0.0118 0.0036 0.0031 0.0034 0.0049 
      H115.4  1 0.0094 0.0099 0.0070 0.0187 0.0033 0.0044 0.0068 0.8688 0.0057 0.0066 0.0040 0.0040 0.0282 0.0094 0.0038 0.0099 
      H115.5  1 0.0330 0.0109 0.0131 0.0122 0.0048 0.0205 0.0049 0.8255 0.0087 0.0058 0.0064 0.0211 0.0072 0.0066 0.0077 0.0117 
      H115.6  1 0.0141 0.0065 0.0059 0.0158 0.0087 0.0037 0.0334 0.8372 0.0026 0.0093 0.0073 0.0215 0.0042 0.0048 0.0047 0.0205 
      H115.7  1 0.0093 0.0191 0.0054 0.0318 0.0130 0.0138 0.0093 0.8310 0.0033 0.0091 0.0052 0.0145 0.0061 0.0093 0.0096 0.0102 
      H115.8  1 0.0109 0.0055 0.0040 0.0132 0.0073 0.0054 0.0094 0.8968 0.0019 0.0054 0.0041 0.0176 0.0039 0.0049 0.0038 0.0060 
      H115.9  1 0.0070 0.0111 0.0031 0.0079 0.0102 0.0102 0.0052 0.7997 0.0043 0.0071 0.0048 0.0894 0.0091 0.0051 0.0165 0.0092 
      H145.1  1 0.0066 0.0211 0.8734 0.0083 0.0055 0.0026 0.0215 0.0079 0.0046 0.0098 0.0122 0.0094 0.0035 0.0034 0.0042 0.0061 
      H145.2  1 0.0050 0.0077 0.9120 0.0075 0.0053 0.0024 0.0084 0.0065 0.0053 0.0069 0.0064 0.0047 0.0039 0.0025 0.0052 0.0104 
      H145.3  1 0.0032 0.0050 0.8954 0.0041 0.0028 0.0022 0.0525 0.0043 0.0036 0.0040 0.0057 0.0024 0.0024 0.0026 0.0038 0.0060 
      H145.4  1 0.0038 0.0091 0.9029 0.0055 0.0058 0.0024 0.0055 0.0033 0.0027 0.0060 0.0317 0.0035 0.0040 0.0031 0.0060 0.0046 
      H145.5  1 0.0051 0.0066 0.8527 0.0048 0.0036 0.0027 0.0905 0.0033 0.0025 0.0046 0.0057 0.0030 0.0029 0.0027 0.0029 0.0063 
      H145.6  1 0.0039 0.0052 0.9342 0.0071 0.0066 0.0027 0.0038 0.0032 0.0039 0.0063 0.0057 0.0031 0.0039 0.0029 0.0026 0.0050 
      H145.7  1 0.0052 0.0033 0.9469 0.0037 0.0040 0.0021 0.0035 0.0034 0.0033 0.0044 0.0049 0.0022 0.0024 0.0027 0.0040 0.0042 
      H149.1  1 0.9486 0.0025 0.0037 0.0037 0.0031 0.0030 0.0065 0.0027 0.0026 0.0038 0.0036 0.0030 0.0027 0.0025 0.0046 0.0034 
      H149.2  1 0.9183 0.0071 0.0076 0.0058 0.0048 0.0028 0.0061 0.0039 0.0033 0.0049 0.0064 0.0029 0.0036 0.0032 0.0069 0.0123 
      H149.3  1 0.6340 0.0446 0.0283 0.0387 0.0497 0.0063 0.0103 0.0219 0.0088 0.0203 0.0185 0.0058 0.0209 0.0130 0.0096 0.0694 
      H149.4  1 0.9103 0.0027 0.0033 0.0055 0.0059 0.0056 0.0059 0.0033 0.0028 0.0039 0.0035 0.0039 0.0274 0.0049 0.0049 0.0062 
      H149.5  1 0.7457 0.0328 0.0152 0.0282 0.0440 0.0091 0.0030 0.0045 0.0093 0.0163 0.0093 0.0026 0.0357 0.0091 0.0092 0.0260 
      H149.6  1 0.9296 0.0053 0.0064 0.0070 0.0058 0.0046 0.0047 0.0031 0.0036 0.0051 0.0042 0.0023 0.0032 0.0032 0.0052 0.0065 
      H149.7  1 0.6066 0.0201 0.0058 0.0618 0.0273 0.0079 0.0092 0.0127 0.0056 0.0384 0.0251 0.0042 0.0554 0.0528 0.0100 0.0573 
      H150.1  1 0.0026 0.0058 0.0049 0.0078 0.0045 0.0047 0.0054 0.6591 0.0024 0.0054 0.0033 0.2699 0.0032 0.0048 0.0053 0.0107 
      H150.2  1 0.0050 0.0045 0.0031 0.0068 0.0058 0.0052 0.0113 0.8629 0.0035 0.0050 0.0059 0.0578 0.0038 0.0084 0.0046 0.0065 
      H150.3  1 0.0053 0.0075 0.0065 0.0159 0.0111 0.0176 0.0549 0.1747 0.0026 0.0135 0.0094 0.6411 0.0040 0.0125 0.0102 0.0133 
      H150.4  1 0.0029 0.0064 0.0077 0.0071 0.0048 0.0051 0.0124 0.0230 0.0020 0.0069 0.0048 0.8958 0.0027 0.0073 0.0048 0.0063 
      H150.5  1 0.0042 0.0097 0.0048 0.0088 0.0090 0.0061 0.0057 0.8693 0.0034 0.0061 0.0065 0.0437 0.0027 0.0078 0.0053 0.0070 
      H150.6  1 0.0033 0.0069 0.0103 0.0108 0.0046 0.0042 0.0039 0.8911 0.0034 0.0094 0.0045 0.0083 0.0042 0.0093 0.0098 0.0161 
      H150.7  1 0.0064 0.0060 0.0050 0.0089 0.0049 0.0150 0.0239 0.2012 0.0022 0.0056 0.0041 0.6947 0.0044 0.0040 0.0029 0.0108 
   H169607.1  1 0.0037 0.9073 0.0104 0.0078 0.0035 0.0035 0.0141 0.0087 0.0025 0.0064 0.0035 0.0075 0.0050 0.0062 0.0036 0.0064 
   H169607.2  1 0.0024 0.9479 0.0044 0.0031 0.0036 0.0040 0.0036 0.0030 0.0035 0.0028 0.0041 0.0052 0.0028 0.0031 0.0033 0.0032 
   H169607.3  1 0.0037 0.9243 0.0065 0.0077 0.0039 0.0033 0.0078 0.0062 0.0034 0.0039 0.0046 0.0041 0.0053 0.0054 0.0039 0.0058 
   H169607.4  1 0.0026 0.9378 0.0064 0.0047 0.0033 0.0026 0.0084 0.0028 0.0022 0.0068 0.0034 0.0068 0.0022 0.0027 0.0028 0.0046 
   H169607.5  1 0.0023 0.9487 0.0041 0.0036 0.0030 0.0026 0.0030 0.0035 0.0029 0.0032 0.0050 0.0055 0.0027 0.0030 0.0027 0.0039 
   H169607.6  1 0.0027 0.9510 0.0036 0.0035 0.0030 0.0043 0.0043 0.0027 0.0027 0.0027 0.0036 0.0039 0.0036 0.0022 0.0023 0.0040 
   H169607.7  1 0.0031 0.9353 0.0053 0.0044 0.0026 0.0037 0.0044 0.0079 0.0027 0.0044 0.0030 0.0041 0.0065 0.0059 0.0021 0.0046 
   H169607.8  1 0.0024 0.9440 0.0038 0.0035 0.0032 0.0032 0.0050 0.0037 0.0032 0.0059 0.0031 0.0053 0.0030 0.0032 0.0036 0.0042 
   H169633.1  1 0.8596 0.0030 0.0177 0.0137 0.0081 0.0100 0.0044 0.0049 0.0061 0.0075 0.0065 0.0065 0.0039 0.0329 0.0043 0.0109 
   H169633.2  1 0.7659 0.0023 0.0169 0.0560 0.0049 0.0172 0.0029 0.0071 0.0076 0.0274 0.0046 0.0028 0.0090 0.0218 0.0132 0.0403 
   H169633.3  1 0.8640 0.0046 0.0090 0.0155 0.0089 0.0082 0.0049 0.0074 0.0093 0.0054 0.0251 0.0067 0.0061 0.0076 0.0091 0.0080 
   H169633.4  1 0.8842 0.0051 0.0082 0.0106 0.0102 0.0067 0.0046 0.0089 0.0072 0.0073 0.0167 0.0062 0.0047 0.0041 0.0058 0.0095 
   H169633.5  1 0.8777 0.0072 0.0082 0.0090 0.0101 0.0112 0.0046 0.0073 0.0085 0.0097 0.0135 0.0084 0.0051 0.0035 0.0069 0.0091 
   H169688.1  1 0.0047 0.0115 0.0066 0.0088 0.0037 0.0089 0.0228 0.0048 0.0112 0.0049 0.0219 0.0066 0.0116 0.8568 0.0051 0.0102 
   H169688.2  1 0.0028 0.0036 0.0038 0.0056 0.0032 0.0093 0.0025 0.0027 0.0030 0.0054 0.0073 0.0026 0.0072 0.9272 0.0097 0.0042 
   H169688.3  1 0.0031 0.0026 0.0036 0.0027 0.0034 0.0034 0.0031 0.0032 0.0021 0.0040 0.0039 0.0033 0.0038 0.9499 0.0051 0.0027 
   H169688.4  1 0.0032 0.0036 0.0029 0.0030 0.0029 0.0019 0.0026 0.0043 0.0023 0.0024 0.0025 0.0046 0.0025 0.9545 0.0041 0.0026 
   H169688.5  1 0.0028 0.0039 0.0025 0.0025 0.0021 0.0019 0.0023 0.0040 0.0023 0.0024 0.0028 0.0048 0.0029 0.9557 0.0038 0.0032 
   H169688.6  1 0.0067 0.0033 0.0024 0.0052 0.0025 0.0037 0.0033 0.0028 0.0058 0.0038 0.0051 0.0032 0.0547 0.8902 0.0026 0.0047 
   H169688.7  1 0.0048 0.0039 0.0136 0.0078 0.0032 0.0042 0.0127 0.0143 0.0020 0.0059 0.0069 0.0069 0.0046 0.8902 0.0090 0.0100 
   H171901.1  1 0.0071 0.0678 0.0147 0.3001 0.0161 0.0502 0.0060 0.0660 0.0025 0.0801 0.0531 0.0245 0.0068 0.0086 0.0061 0.2902 
   H171901.2  1 0.7838 0.0265 0.0096 0.0207 0.0065 0.0179 0.0070 0.0106 0.0033 0.0383 0.0204 0.0209 0.0030 0.0053 0.0060 0.0202 
   H171901.3  1 0.6645 0.0499 0.0067 0.0532 0.0093 0.0176 0.0066 0.0369 0.0080 0.0285 0.0237 0.0205 0.0063 0.0204 0.0067 0.0411 
   H171901.4  1 0.7804 0.0332 0.0089 0.0329 0.0048 0.0204 0.0067 0.0338 0.0041 0.0220 0.0066 0.0099 0.0054 0.0044 0.0068 0.0198 
   H171901.5  1 0.6372 0.0358 0.0087 0.0787 0.0052 0.0101 0.0109 0.0471 0.0053 0.0450 0.0098 0.0133 0.0082 0.0073 0.0123 0.0651 
   H171901.6  1 0.4194 0.0229 0.0148 0.1298 0.0064 0.0087 0.0166 0.0537 0.0081 0.0588 0.0346 0.0277 0.0181 0.0115 0.0144 0.1545 
   H171901.7  1 0.3557 0.0193 0.0098 0.0589 0.0045 0.0050 0.0061 0.0272 0.0089 0.0208 0.3440 0.0141 0.0128 0.0519 0.0064 0.0547 
   H171902.1  1 0.0032 0.0040 0.0054 0.0036 0.0028 0.0022 0.9472 0.0038 0.0029 0.0034 0.0038 0.0035 0.0042 0.0037 0.0034 0.0031 
  H171902.10  1 0.0035 0.0044 0.0022 0.0040 0.0030 0.0022 0.9463 0.0056 0.0024 0.0044 0.0046 0.0029 0.0038 0.0045 0.0024 0.0037 
   H171902.2  1 0.0101 0.0036 0.0055 0.0056 0.0026 0.0036 0.9300 0.0038 0.0025 0.0031 0.0036 0.0044 0.0061 0.0068 0.0039 0.0048 
   H171902.3  1 0.0105 0.0055 0.0030 0.0048 0.0026 0.0031 0.9355 0.0052 0.0033 0.0042 0.0033 0.0048 0.0032 0.0035 0.0031 0.0044 
   H171902.4  1 0.0119 0.0023 0.0040 0.0039 0.0028 0.0026 0.9421 0.0031 0.0021 0.0043 0.0043 0.0032 0.0032 0.0026 0.0038 0.0038 
   H171902.6  1 0.0043 0.0035 0.0027 0.0031 0.0022 0.0020 0.9544 0.0030 0.0024 0.0037 0.0039 0.0035 0.0031 0.0023 0.0023 0.0034 
   H171902.7  1 0.0066 0.0380 0.0032 0.0075 0.0033 0.0031 0.8848 0.0095 0.0024 0.0070 0.0095 0.0032 0.0038 0.0043 0.0038 0.0100 
   H171902.8  1 0.0069 0.0036 0.0024 0.0055 0.0029 0.0028 0.9399 0.0041 0.0026 0.0048 0.0049 0.0047 0.0034 0.0029 0.0034 0.0051 
   H171902.9  1 0.0032 0.0040 0.0058 0.0032 0.0032 0.0027 0.9433 0.0038 0.0034 0.0034 0.0038 0.0079 0.0026 0.0025 0.0032 0.0040 
   H171903.1  1 0.0038 0.9160 0.0025 0.0052 0.0048 0.0054 0.0031 0.0165 0.0040 0.0043 0.0060 0.0110 0.0029 0.0055 0.0032 0.0058 
   H171903.2  1 0.0030 0.8324 0.0059 0.0224 0.0101 0.0089 0.0040 0.0164 0.0091 0.0159 0.0132 0.0215 0.0054 0.0058 0.0112 0.0148 
   H171903.3  1 0.0069 0.5838 0.0043 0.0641 0.0088 0.0178 0.0050 0.0138 0.0275 0.0282 0.0664 0.0117 0.0055 0.0173 0.0225 0.1164 
   H171903.4  1 0.0048 0.7722 0.0066 0.0349 0.0046 0.0049 0.0237 0.0204 0.0047 0.0101 0.0200 0.0100 0.0036 0.0598 0.0052 0.0145 
   H171903.5  1 0.0186 0.6140 0.0055 0.0629 0.0079 0.0093 0.0057 0.0185 0.0055 0.0174 0.0184 0.0255 0.0063 0.0791 0.0162 0.0892 
   H171903.6  1 0.0110 0.7642 0.0029 0.0083 0.0041 0.0031 0.0060 0.0075 0.0058 0.0044 0.0108 0.0076 0.0033 0.1365 0.0052 0.0191 
      H177.1  1 0.0123 0.0179 0.0044 0.1404 0.0049 0.0054 0.0088 0.0369 0.0126 0.0768 0.4722 0.0135 0.0323 0.0157 0.0058 0.1401 
      H177.2  1 0.0332 0.0393 0.1082 0.2707 0.0066 0.0034 0.0052 0.0276 0.0084 0.1173 0.0265 0.0118 0.0517 0.0057 0.0128 0.2717 
      H177.3  1 0.0580 0.0785 0.0306 0.2153 0.0073 0.0030 0.0122 0.0172 0.0186 0.0705 0.2034 0.0177 0.0408 0.0085 0.0067 0.2118 
      H177.4  1 0.0088 0.0118 0.0095 0.0301 0.0076 0.0034 0.0050 0.0073 0.0347 0.0185 0.4812 0.0039 0.3433 0.0035 0.0051 0.0265 
      H177.5  1 0.0096 0.0092 0.0106 0.1311 0.0143 0.0042 0.0059 0.0231 0.0068 0.0629 0.4303 0.0066 0.0427 0.0259 0.0170 0.1998 
      H177.6  1 0.1428 0.0580 0.0137 0.2005 0.0070 0.0032 0.0193 0.0204 0.0075 0.0641 0.2182 0.0107 0.0374 0.0149 0.0057 0.1765 
      H179.1  1 0.0043 0.0068 0.0033 0.0080 0.0072 0.0084 0.0046 0.0073 0.0020 0.0053 0.0129 0.0097 0.8548 0.0230 0.0343 0.0081 
      H179.2  1 0.0039 0.0057 0.0026 0.0100 0.0043 0.0053 0.0062 0.0125 0.0146 0.0083 0.0072 0.0075 0.8521 0.0128 0.0352 0.0118 
      H179.3  1 0.0041 0.0136 0.0037 0.0107 0.0071 0.0047 0.0052 0.0158 0.0045 0.0090 0.0191 0.0153 0.7263 0.1352 0.0116 0.0139 
      H179.4  1 0.0144 0.0179 0.0076 0.0402 0.0080 0.0068 0.0052 0.0066 0.0601 0.0399 0.0399 0.0054 0.6807 0.0309 0.0157 0.0206 
      H180.1  1 0.0034 0.0068 0.0025 0.0091 0.0032 0.0061 0.0070 0.9087 0.0025 0.0042 0.0025 0.0040 0.0217 0.0053 0.0036 0.0093 
      H180.2  1 0.0026 0.0027 0.0025 0.0053 0.0022 0.0042 0.0034 0.9435 0.0025 0.0032 0.0039 0.0034 0.0046 0.0039 0.0057 0.0064 
      H180.3  1 0.0036 0.0067 0.0052 0.0067 0.0027 0.0036 0.0041 0.9156 0.0039 0.0038 0.0035 0.0134 0.0053 0.0055 0.0089 0.0076 
      H180.4  1 0.0040 0.0046 0.0037 0.0067 0.0033 0.0062 0.0048 0.9251 0.0029 0.0059 0.0036 0.0044 0.0091 0.0029 0.0047 0.0082 
      H180.5  1 0.0038 0.0032 0.0039 0.0040 0.0029 0.0030 0.0041 0.9406 0.0040 0.0044 0.0041 0.0027 0.0084 0.0028 0.0025 0.0054 
      H180.6  1 0.0113 0.0064 0.0140 0.0075 0.0033 0.0048 0.0069 0.8936 0.0049 0.0049 0.0095 0.0065 0.0086 0.0028 0.0057 0.0093 
      H181.1  1 0.0807 0.0192 0.0082 0.2619 0.0051 0.0255 0.0148 0.0199 0.0077 0.0741 0.0051 0.0052 0.0895 0.0147 0.0107 0.3576 
      H181.2  1 0.0126 0.0056 0.0387 0.2691 0.0073 0.0141 0.0251 0.0279 0.0055 0.0887 0.0113 0.0076 0.2972 0.0085 0.0082 0.1726 
      H181.3  1 0.0335 0.0042 0.0108 0.2683 0.0073 0.0332 0.0294 0.0144 0.0054 0.1011 0.0059 0.0067 0.1421 0.0096 0.0042 0.3238 
      H181.4  1 0.0521 0.0216 0.0105 0.3853 0.0152 0.0155 0.0078 0.0297 0.0079 0.0692 0.0086 0.0612 0.0269 0.0176 0.0158 0.2552 
      H181.5  1 0.0102 0.0040 0.0034 0.1449 0.0088 0.0361 0.0076 0.0064 0.0048 0.0241 0.0153 0.0035 0.5810 0.0138 0.0254 0.1108 
      H181.6  1 0.0070 0.0139 0.0050 0.0724 0.0085 0.0235 0.0066 0.0491 0.0071 0.0268 0.0150 0.0158 0.6894 0.0049 0.0088 0.0462 
      H181.7  1 0.0132 0.0123 0.0039 0.1904 0.0072 0.0186 0.0041 0.0056 0.0096 0.0268 0.0084 0.0101 0.4978 0.0203 0.0110 0.1609 
 H194.1_2004  1 0.0042 0.0059 0.0035 0.0063 0.0034 0.0024 0.0040 0.0056 0.0039 0.0041 0.9361 0.0039 0.0023 0.0049 0.0045 0.0050 
 H194.2_2004  1 0.0029 0.0135 0.0058 0.0045 0.0029 0.0035 0.0045 0.0043 0.0021 0.0039 0.9348 0.0042 0.0022 0.0028 0.0032 0.0048 
 H194.3_2004  1 0.0153 0.0058 0.0088 0.0056 0.0035 0.0034 0.0049 0.0040 0.0036 0.0067 0.8766 0.0030 0.0092 0.0049 0.0367 0.0080 
 H194.4_2004  1 0.0073 0.0048 0.0088 0.0046 0.0022 0.0044 0.0058 0.0030 0.0030 0.0050 0.9349 0.0033 0.0031 0.0025 0.0030 0.0042 
 H194.5_2004  1 0.0108 0.0084 0.0055 0.0082 0.0047 0.0036 0.0053 0.0030 0.0055 0.0070 0.8999 0.0042 0.0034 0.0050 0.0155 0.0097 
 H194.6_2004  1 0.0118 0.0059 0.0059 0.0105 0.0042 0.0032 0.0136 0.0042 0.0091 0.0060 0.8705 0.0044 0.0068 0.0051 0.0259 0.0129 
 H194.7_2004  1 0.0027 0.0042 0.0034 0.0036 0.0034 0.0033 0.0022 0.0026 0.0026 0.0036 0.9512 0.0030 0.0021 0.0039 0.0032 0.0050 
 H194.8_2004  1 0.0076 0.0044 0.0078 0.0076 0.0025 0.0045 0.0048 0.0031 0.0051 0.0053 0.9251 0.0060 0.0027 0.0034 0.0046 0.0055 
      H194.9  1 0.0038 0.0045 0.0052 0.0038 0.0030 0.0041 0.0041 0.0030 0.0031 0.0034 0.9454 0.0047 0.0024 0.0028 0.0026 0.0041 
 H195.1_2003  1 0.0194 0.0082 0.7068 0.0531 0.0057 0.0055 0.0067 0.0075 0.0048 0.0327 0.0264 0.0057 0.0037 0.0060 0.0066 0.1011 
 H195.1_2004  1 0.0054 0.0032 0.9428 0.0056 0.0038 0.0027 0.0038 0.0040 0.0026 0.0065 0.0035 0.0024 0.0029 0.0038 0.0028 0.0043 
 H195.2_2003  1 0.0108 0.0262 0.6307 0.0699 0.0104 0.0108 0.0126 0.0063 0.0111 0.0490 0.0332 0.0245 0.0044 0.0352 0.0065 0.0585 
 H195.2_2004  1 0.0052 0.0026 0.9461 0.0048 0.0028 0.0029 0.0028 0.0036 0.0030 0.0048 0.0038 0.0023 0.0025 0.0051 0.0030 0.0047 
 H195.3_2003  1 0.0060 0.0691 0.4447 0.1046 0.0071 0.0242 0.0051 0.0084 0.0072 0.0572 0.0349 0.1081 0.0037 0.0363 0.0144 0.0691 
 H195.3_2004  1 0.0101 0.0034 0.9315 0.0059 0.0035 0.0031 0.0053 0.0027 0.0033 0.0068 0.0059 0.0028 0.0033 0.0034 0.0035 0.0055 
 H195.4_2003  1 0.0111 0.0051 0.8888 0.0168 0.0040 0.0041 0.0059 0.0043 0.0041 0.0095 0.0100 0.0047 0.0047 0.0034 0.0082 0.0153 
 H195.4_2004  1 0.0041 0.0030 0.9460 0.0045 0.0029 0.0025 0.0032 0.0028 0.0033 0.0031 0.0056 0.0027 0.0033 0.0068 0.0026 0.0036 
 H195.5_2003  1 0.0184 0.0088 0.6722 0.0498 0.0077 0.0087 0.0053 0.0078 0.0069 0.0879 0.0367 0.0053 0.0036 0.0045 0.0057 0.0705 
 H195.5_2004  1 0.0040 0.0028 0.9426 0.0042 0.0036 0.0037 0.0038 0.0039 0.0058 0.0053 0.0033 0.0031 0.0032 0.0033 0.0036 0.0038 
 H195.6_2003  1 0.0039 0.0104 0.8805 0.0090 0.0065 0.0056 0.0077 0.0058 0.0043 0.0123 0.0051 0.0191 0.0027 0.0096 0.0037 0.0138 
 H195.6_2004  1 0.0031 0.0040 0.9473 0.0039 0.0029 0.0043 0.0030 0.0022 0.0032 0.0051 0.0044 0.0022 0.0033 0.0029 0.0046 0.0037 
 H195.7_2003  1 0.0151 0.0254 0.6826 0.0517 0.0130 0.0060 0.0041 0.0037 0.0075 0.0460 0.0454 0.0044 0.0041 0.0257 0.0134 0.0519 
 H195.7_2004  1 0.0028 0.0038 0.9504 0.0042 0.0032 0.0024 0.0028 0.0038 0.0027 0.0042 0.0026 0.0031 0.0029 0.0046 0.0026 0.0038 
      H195.8  1 0.0028 0.0037 0.9500 0.0041 0.0039 0.0037 0.0027 0.0030 0.0034 0.0043 0.0036 0.0033 0.0026 0.0033 0.0023 0.0032 
      H195.9  1 0.0072 0.0042 0.9363 0.0058 0.0030 0.0024 0.0029 0.0038 0.0045 0.0051 0.0053 0.0024 0.0033 0.0034 0.0046 0.0059 
      H415.1  1 0.0662 0.0061 0.0205 0.3275 0.0044 0.0059 0.0095 0.0547 0.0031 0.1045 0.0225 0.0555 0.0071 0.0070 0.0089 0.2964 
      H415.2  1 0.0103 0.0148 0.0062 0.1956 0.0515 0.0052 0.2828 0.0173 0.0030 0.0617 0.0521 0.0183 0.0178 0.0124 0.0690 0.1820 
      H415.3  1 0.0725 0.0042 0.0085 0.3362 0.0126 0.0058 0.0097 0.0150 0.0050 0.1378 0.0070 0.0053 0.0252 0.0062 0.0098 0.3392 
      H415.4  1 0.0214 0.0042 0.0096 0.3140 0.0044 0.0038 0.0094 0.0697 0.0051 0.1563 0.0123 0.0152 0.0044 0.0047 0.0515 0.3139 
      H415.5  1 0.0532 0.0036 0.0123 0.4011 0.0053 0.0044 0.0128 0.0307 0.0048 0.0944 0.0121 0.0055 0.0074 0.0062 0.0363 0.3099 
      H415.6  1 0.0204 0.0064 0.0135 0.3616 0.0038 0.0035 0.0078 0.0850 0.0047 0.1350 0.0127 0.0152 0.0029 0.0041 0.0454 0.2783 
      H415.7  1 0.0383 0.0226 0.0126 0.2378 0.0167 0.0039 0.1164 0.0053 0.0105 0.1123 0.0609 0.0126 0.0442 0.0093 0.0076 0.2889 
      H506.1  1 0.0036 0.0023 0.0033 0.0030 0.0037 0.0032 0.0027 0.0025 0.0033 0.0031 0.0026 0.0019 0.9555 0.0023 0.0047 0.0024 
      H506.2  1 0.0041 0.0027 0.0067 0.0035 0.0028 0.0023 0.0027 0.0026 0.0037 0.0035 0.0034 0.0021 0.9502 0.0019 0.0040 0.0037 
      H506.3  1 0.0047 0.0059 0.0071 0.0076 0.0047 0.0026 0.0032 0.0050 0.0031 0.0043 0.0040 0.0027 0.9199 0.0093 0.0099 0.0062 
      H506.4  1 0.0043 0.0052 0.0038 0.0047 0.0039 0.0022 0.0042 0.0068 0.0105 0.0036 0.0044 0.0044 0.9286 0.0041 0.0046 0.0047 
      H506.5  1 0.0057 0.0039 0.0045 0.0046 0.0039 0.0025 0.0039 0.0025 0.0067 0.0037 0.0031 0.0024 0.9418 0.0024 0.0042 0.0042 
      H506.6  1 0.0040 0.0211 0.0211 0.0137 0.0077 0.0034 0.0044 0.0042 0.0079 0.0133 0.0083 0.0059 0.8623 0.0085 0.0035 0.0108 
      H506.7  1 0.0044 0.0030 0.0050 0.0027 0.0035 0.0024 0.0030 0.0023 0.0033 0.0032 0.0029 0.0018 0.9530 0.0029 0.0037 0.0030 
      H533.1  1 0.0056 0.0030 0.0029 0.0032 0.0027 0.0042 0.0019 0.0040 0.0034 0.0026 0.0022 0.0017 0.9528 0.0021 0.0050 0.0029 
      H533.2  1 0.0054 0.0031 0.0029 0.0043 0.0030 0.0042 0.0027 0.0034 0.0037 0.0030 0.0024 0.0023 0.9479 0.0019 0.0061 0.0037 
      H533.3  1 0.0076 0.0089 0.0037 0.0045 0.0034 0.0031 0.0019 0.0034 0.0023 0.0034 0.0039 0.0032 0.9381 0.0026 0.0056 0.0044 
      H533.4  1 0.0118 0.0178 0.0172 0.0091 0.0031 0.0046 0.0041 0.0044 0.0075 0.0059 0.0150 0.0040 0.8799 0.0042 0.0022 0.0090 
      H535.1  1 0.0030 0.0038 0.0028 0.0035 0.0020 0.0021 0.0046 0.0034 0.9529 0.0033 0.0037 0.0029 0.0039 0.0018 0.0026 0.0037 
      H535.2  1 0.0036 0.0032 0.0036 0.0034 0.0033 0.0035 0.0027 0.0025 0.9534 0.0030 0.0031 0.0025 0.0034 0.0026 0.0035 0.0027 
      H535.3  1 0.0021 0.0028 0.0035 0.0028 0.0028 0.0038 0.0024 0.0023 0.9569 0.0026 0.0025 0.0021 0.0033 0.0023 0.0046 0.0033 
      H535.4  1 0.0037 0.0027 0.0034 0.0024 0.0024 0.0029 0.0022 0.0023 0.9575 0.0034 0.0031 0.0021 0.0026 0.0024 0.0038 0.0031 
      H535.5  1 0.0036 0.0031 0.0024 0.0030 0.0026 0.0023 0.0023 0.0025 0.9584 0.0027 0.0032 0.0025 0.0030 0.0022 0.0028 0.0033 
      H535.6  1 0.0025 0.0053 0.0043 0.0049 0.0026 0.0025 0.0061 0.0037 0.9412 0.0031 0.0036 0.0066 0.0031 0.0022 0.0041 0.0042 
      H535.7  1 0.0029 0.0025 0.0023 0.0023 0.0019 0.0021 0.0020 0.0018 0.9656 0.0023 0.0028 0.0016 0.0027 0.0020 0.0024 0.0026 
      H535.8  1 0.0023 0.0038 0.0028 0.0031 0.0026 0.0032 0.0025 0.0023 0.9546 0.0039 0.0038 0.0031 0.0025 0.0025 0.0034 0.0034 
      H535.9  1 0.0026 0.0038 0.0033 0.0028 0.0028 0.0031 0.0037 0.0026 0.9553 0.0024 0.0029 0.0028 0.0036 0.0023 0.0024 0.0035 
      H539.1  1 0.0024 0.0041 0.0030 0.0032 0.0028 0.0025 0.0062 0.0050 0.0028 0.0029 0.0027 0.9520 0.0025 0.0023 0.0020 0.0035 
      H539.2  1 0.0045 0.0635 0.0063 0.0264 0.0059 0.0084 0.0049 0.1256 0.0105 0.0211 0.0217 0.6299 0.0051 0.0258 0.0061 0.0344 
      H539.3  1 0.0034 0.0196 0.0085 0.0077 0.0039 0.0048 0.0051 0.0112 0.0136 0.0053 0.0146 0.8788 0.0035 0.0093 0.0039 0.0072 
      H539.4  1 0.0029 0.0050 0.0031 0.0068 0.0067 0.0038 0.0040 0.0484 0.0036 0.0060 0.0035 0.8832 0.0039 0.0073 0.0063 0.0056 
      H539.5  1 0.0019 0.0047 0.0027 0.0036 0.0022 0.0025 0.0037 0.0075 0.0039 0.0029 0.0043 0.9481 0.0024 0.0031 0.0036 0.0028 
      H539.6  1 0.0019 0.0069 0.0036 0.0032 0.0029 0.0031 0.0054 0.0088 0.0025 0.0028 0.0036 0.9442 0.0028 0.0030 0.0023 0.0029 
      H539.7  1 0.0035 0.0050 0.0026 0.0041 0.0028 0.0033 0.0044 0.0095 0.0035 0.0026 0.0046 0.9392 0.0028 0.0049 0.0023 0.0049 
      H539.8  1 0.0036 0.0108 0.0046 0.0074 0.0047 0.0070 0.0039 0.0650 0.0280 0.0071 0.0132 0.8095 0.0058 0.0138 0.0061 0.0096 
      H539.9  1 0.0023 0.0061 0.0024 0.0040 0.0042 0.0043 0.0022 0.0105 0.0024 0.0037 0.0026 0.9367 0.0032 0.0048 0.0058 0.0048 
      H540.1  1 0.0040 0.0650 0.0071 0.0064 0.0063 0.0028 0.0045 0.0037 0.0051 0.0060 0.0053 0.8646 0.0041 0.0048 0.0034 0.0070 
      H540.2  1 0.0040 0.0080 0.0026 0.0060 0.0033 0.0034 0.0037 0.0042 0.0026 0.0044 0.0065 0.9334 0.0046 0.0043 0.0045 0.0046 
      H540.3  1 0.0191 0.0089 0.0098 0.0346 0.0050 0.0090 0.0058 0.0121 0.0047 0.0240 0.0253 0.7572 0.0049 0.0090 0.0101 0.0606 
      H540.4  1 0.0040 0.0139 0.0043 0.0095 0.0076 0.0039 0.0052 0.0137 0.0048 0.0070 0.0043 0.8934 0.0056 0.0093 0.0049 0.0086 
      H540.5  1 0.0047 0.0057 0.0024 0.0068 0.0041 0.0044 0.0043 0.0031 0.0027 0.0074 0.0062 0.9227 0.0028 0.0087 0.0066 0.0075 
      H540.6  1 0.0056 0.0290 0.0062 0.0114 0.0089 0.0058 0.0082 0.0051 0.0050 0.0096 0.0065 0.8657 0.0065 0.0098 0.0066 0.0101 
      H540.7  1 0.0160 0.0105 0.0052 0.0099 0.0107 0.0047 0.0056 0.0087 0.0029 0.0088 0.0087 0.8818 0.0072 0.0038 0.0044 0.0111 
      H540.8  1 0.0065 0.0330 0.0032 0.0106 0.0037 0.0026 0.0122 0.0077 0.0043 0.0088 0.0367 0.8458 0.0044 0.0050 0.0050 0.0103 
     H9558.1  1 0.0024 0.0048 0.0031 0.0043 0.0020 0.0060 0.0108 0.0026 0.0068 0.0036 0.0044 0.9319 0.0058 0.0040 0.0032 0.0043 
     H9558.2  1 0.0045 0.0054 0.0036 0.0125 0.0089 0.0199 0.0086 0.0040 0.0078 0.0087 0.0107 0.8605 0.0161 0.0075 0.0070 0.0145 
     H9558.3  1 0.0029 0.0048 0.0020 0.0062 0.0077 0.0337 0.0032 0.0035 0.0070 0.0077 0.0061 0.8953 0.0034 0.0047 0.0055 0.0062 
     H9558.4  1 0.0023 0.0049 0.0021 0.0052 0.0027 0.0047 0.0046 0.0040 0.0074 0.0035 0.0038 0.9381 0.0040 0.0060 0.0022 0.0045 
     H9558.5  1 0.0029 0.0030 0.0019 0.0054 0.0038 0.0045 0.0021 0.0058 0.0102 0.0043 0.0026 0.9356 0.0025 0.0075 0.0033 0.0046 
     H9558.6  1 0.0029 0.0034 0.0037 0.0189 0.0044 0.0093 0.0047 0.0039 0.0074 0.0079 0.0091 0.8933 0.0030 0.0030 0.0068 0.0184 
    kos339.1  1 0.8896 0.0049 0.0024 0.0114 0.0131 0.0036 0.0081 0.0037 0.0047 0.0049 0.0031 0.0043 0.0231 0.0031 0.0060 0.0140 
    kos339.2  1 0.9159 0.0032 0.0074 0.0068 0.0067 0.0038 0.0054 0.0042 0.0037 0.0062 0.0041 0.0039 0.0085 0.0048 0.0051 0.0102 
    kos339.3  1 0.9484 0.0042 0.0029 0.0035 0.0021 0.0030 0.0030 0.0032 0.0044 0.0035 0.0041 0.0030 0.0048 0.0027 0.0035 0.0037 
    kos339.4  1 0.9442 0.0040 0.0030 0.0046 0.0026 0.0029 0.0043 0.0036 0.0047 0.0032 0.0040 0.0040 0.0040 0.0037 0.0027 0.0046 
    kos339.5  1 0.9286 0.0038 0.0030 0.0043 0.0088 0.0044 0.0056 0.0033 0.0019 0.0028 0.0043 0.0033 0.0113 0.0030 0.0065 0.0051 
    kos339.6  1 0.9409 0.0032 0.0049 0.0044 0.0061 0.0028 0.0026 0.0029 0.0025 0.0043 0.0055 0.0027 0.0070 0.0030 0.0029 0.0044 
    kos339.7  1 0.9433 0.0038 0.0032 0.0044 0.0020 0.0030 0.0034 0.0041 0.0084 0.0032 0.0038 0.0025 0.0041 0.0026 0.0037 0.0042 
    kos339.8  1 0.9335 0.0035 0.0031 0.0041 0.0060 0.0029 0.0035 0.0035 0.0037 0.0051 0.0034 0.0027 0.0129 0.0037 0.0029 0.0055 
    kos339.9  1 0.8498 0.0080 0.0092 0.0118 0.0059 0.0046 0.0257 0.0147 0.0035 0.0132 0.0065 0.0114 0.0085 0.0045 0.0112 0.0115 
      H409.1 12 0.0063 0.0021 0.0029 0.0044 0.0035 0.0032 0.0028 0.0020 0.0029 0.0038 0.0033 0.0020 0.0048 0.0038 0.9480 0.0043 
     H409.10 12 0.0040 0.0061 0.0046 0.0069 0.0082 0.0058 0.0037 0.0091 0.0030 0.0070 0.0023 0.0083 0.0243 0.0158 0.8828 0.0081 
      H409.2 12 0.0062 0.0031 0.0034 0.0050 0.0034 0.0038 0.0059 0.0025 0.0071 0.0094 0.0055 0.0042 0.0051 0.0032 0.9271 0.0051 
      H409.3 12 0.0039 0.0031 0.0033 0.0038 0.0029 0.0040 0.0035 0.0034 0.0035 0.0040 0.0059 0.0033 0.0048 0.0031 0.9438 0.0035 
      H409.4 12 0.0029 0.0025 0.0022 0.0031 0.0025 0.0043 0.0023 0.0024 0.0036 0.0039 0.0040 0.0026 0.0026 0.0035 0.9539 0.0037 
      H409.5 12 0.0027 0.0058 0.0036 0.0042 0.0033 0.0034 0.0038 0.0033 0.0038 0.0040 0.0038 0.0035 0.0042 0.0023 0.9446 0.0036 
      H409.6 12 0.0039 0.0097 0.0049 0.0127 0.0097 0.0308 0.0042 0.0083 0.0075 0.0083 0.0058 0.0084 0.0112 0.0054 0.8529 0.0162 
      H409.7 12 0.0057 0.0031 0.0051 0.0055 0.0053 0.0040 0.0039 0.0031 0.0027 0.0062 0.0057 0.0023 0.0051 0.0038 0.9331 0.0053 
      H409.8 12 0.0032 0.0045 0.0027 0.0044 0.0064 0.0033 0.0036 0.0029 0.0030 0.0034 0.0038 0.0027 0.0061 0.0026 0.9431 0.0044 
      H409.9 12 0.0031 0.0177 0.0045 0.0414 0.0277 0.0099 0.0043 0.0285 0.0141 0.0281 0.0031 0.2350 0.0736 0.0053 0.4389 0.0647 
      H413.1 12 0.0040 0.0025 0.0032 0.0041 0.0076 0.9395 0.0030 0.0062 0.0036 0.0044 0.0038 0.0039 0.0019 0.0043 0.0031 0.0048 
      H413.2 12 0.0049 0.0028 0.0046 0.0033 0.0037 0.9433 0.0037 0.0032 0.0052 0.0029 0.0045 0.0035 0.0037 0.0036 0.0028 0.0041 
      H413.3 12 0.0029 0.0040 0.0021 0.0060 0.0112 0.9309 0.0028 0.0039 0.0021 0.0036 0.0046 0.0043 0.0044 0.0078 0.0041 0.0052 
      H413.4 12 0.0070 0.0025 0.0036 0.0069 0.0203 0.9055 0.0046 0.0089 0.0025 0.0079 0.0035 0.0046 0.0055 0.0026 0.0064 0.0076 
      H413.5 12 0.0026 0.0038 0.0036 0.0070 0.0055 0.8545 0.0110 0.0345 0.0027 0.0049 0.0031 0.0456 0.0049 0.0065 0.0027 0.0071 
      H413.6 12 0.0053 0.0035 0.0052 0.0118 0.0065 0.8397 0.0027 0.0224 0.0030 0.0110 0.0070 0.0403 0.0021 0.0278 0.0031 0.0087 
      H413.7 12 0.0052 0.0035 0.0026 0.0047 0.0040 0.9295 0.0035 0.0037 0.0036 0.0052 0.0062 0.0091 0.0045 0.0058 0.0033 0.0056 
      H563.1 12 0.0034 0.0037 0.0025 0.0040 0.9343 0.0057 0.0021 0.0050 0.0022 0.0049 0.0032 0.0108 0.0027 0.0052 0.0051 0.0051 
      H563.2 12 0.0104 0.0042 0.0039 0.0101 0.8897 0.0088 0.0051 0.0051 0.0036 0.0065 0.0120 0.0067 0.0048 0.0045 0.0118 0.0127 
      H563.3 12 0.0028 0.0060 0.0028 0.0047 0.9410 0.0044 0.0024 0.0026 0.0021 0.0073 0.0032 0.0065 0.0033 0.0031 0.0034 0.0046 
      H563.4 12 0.0055 0.0043 0.0028 0.0044 0.9161 0.0148 0.0031 0.0060 0.0024 0.0062 0.0051 0.0047 0.0036 0.0060 0.0092 0.0059 
      H563.5 12 0.0031 0.0039 0.0023 0.0036 0.9388 0.0044 0.0021 0.0043 0.0020 0.0090 0.0023 0.0094 0.0023 0.0050 0.0034 0.0042 
      H563.6 12 0.0109 0.0034 0.0025 0.0064 0.9207 0.0080 0.0043 0.0040 0.0030 0.0081 0.0046 0.0044 0.0051 0.0027 0.0062 0.0057 
      H563.7 12 0.0105 0.0029 0.0031 0.0051 0.9255 0.0099 0.0032 0.0041 0.0021 0.0081 0.0041 0.0027 0.0037 0.0032 0.0076 0.0043 
      H563.8 12 0.0039 0.0064 0.0032 0.0046 0.9154 0.0075 0.0028 0.0066 0.0021 0.0086 0.0055 0.0156 0.0034 0.0042 0.0042 0.0060 
      H563.9 12 0.0070 0.0038 0.0041 0.0069 0.9053 0.0070 0.0046 0.0053 0.0026 0.0066 0.0071 0.0055 0.0063 0.0059 0.0148 0.0072 
     H7374.1 12 0.0057 0.0095 0.0079 0.0856 0.0048 0.0227 0.0039 0.0049 0.0065 0.7050 0.0092 0.0050 0.0033 0.0036 0.0160 0.1066 
     H7374.2 12 0.0026 0.0239 0.0065 0.1180 0.0071 0.0418 0.0053 0.0039 0.0059 0.6122 0.0077 0.0146 0.0046 0.0064 0.0057 0.1340 
     H7374.3 12 0.0044 0.0095 0.0258 0.1654 0.0081 0.0152 0.0058 0.0043 0.0059 0.5899 0.0213 0.0070 0.0041 0.0044 0.0081 0.1209 
     H7374.4 12 0.0082 0.0035 0.0053 0.1616 0.0050 0.0042 0.0056 0.0048 0.0081 0.6194 0.0056 0.0069 0.0042 0.0086 0.0073 0.1418 
     H7374.5 12 0.0101 0.0056 0.0056 0.0979 0.0055 0.0126 0.0050 0.0038 0.0045 0.7080 0.0037 0.0111 0.0033 0.0031 0.0062 0.1141 
     H7374.6 12 0.0066 0.0047 0.0142 0.1308 0.0114 0.0044 0.0102 0.0043 0.0104 0.6395 0.0164 0.0081 0.0054 0.0067 0.0051 0.1218 
     H7374.7 12 0.0091 0.0031 0.0073 0.1110 0.0054 0.0135 0.0067 0.0024 0.0067 0.7068 0.0061 0.0029 0.0035 0.0074 0.0095 0.0985 
     H7374.8 12 0.0047 0.0064 0.0067 0.1051 0.0108 0.0045 0.0047 0.0028 0.0049 0.6817 0.0062 0.0025 0.0041 0.0031 0.0073 0.1445 
     H7374.9 12 0.0053 0.0037 0.0080 0.1390 0.0046 0.0078 0.0058 0.0032 0.0034 0.6732 0.0045 0.0101 0.0037 0.0080 0.0041 0.1157 
     H9563.1 12 0.0046 0.0047 0.0034 0.0047 0.9396 0.0039 0.0037 0.0045 0.0027 0.0051 0.0043 0.0040 0.0044 0.0032 0.0029 0.0042 
     H9563.2 12 0.0033 0.0057 0.0029 0.0047 0.9404 0.0053 0.0043 0.0058 0.0028 0.0037 0.0032 0.0053 0.0034 0.0028 0.0022 0.0042 
     H9563.3 12 0.0038 0.0038 0.0062 0.0046 0.9312 0.0042 0.0036 0.0036 0.0048 0.0046 0.0040 0.0020 0.0082 0.0047 0.0049 0.0058 
     H9563.4 12 0.0079 0.0099 0.0072 0.0122 0.8617 0.0066 0.0057 0.0132 0.0166 0.0079 0.0130 0.0087 0.0069 0.0059 0.0078 0.0089 
     H9563.5 12 0.0060 0.0114 0.0045 0.0072 0.8994 0.0050 0.0051 0.0112 0.0053 0.0048 0.0073 0.0044 0.0085 0.0046 0.0095 0.0056 
     H9563.6 12 0.0026 0.0042 0.0049 0.0058 0.9333 0.0077 0.0030 0.0050 0.0039 0.0056 0.0039 0.0022 0.0048 0.0036 0.0045 0.0050 
     H9563.7 12 0.0023 0.0068 0.0053 0.0035 0.9381 0.0051 0.0020 0.0040 0.0081 0.0043 0.0025 0.0025 0.0045 0.0034 0.0026 0.0048 
     H9563.8 12 0.0090 0.0083 0.0048 0.0164 0.8258 0.0051 0.0090 0.0407 0.0055 0.0101 0.0093 0.0047 0.0163 0.0094 0.0095 0.0161 
     H9563.9 12 0.0051 0.0050 0.0042 0.0078 0.9166 0.0071 0.0037 0.0077 0.0029 0.0056 0.0038 0.0054 0.0091 0.0055 0.0035 0.0067 
     H9572.1 12 0.0061 0.0098 0.0200 0.1559 0.2399 0.0304 0.0289 0.0573 0.0140 0.0732 0.0206 0.1018 0.0573 0.0067 0.0211 0.1568 
     H9572.2 12 0.0079 0.0071 0.0771 0.1566 0.2550 0.0196 0.0532 0.0437 0.0032 0.0989 0.0447 0.0110 0.0078 0.0028 0.0144 0.1969 
     H9572.3 12 0.0820 0.1007 0.0063 0.2526 0.0261 0.0367 0.0140 0.0056 0.0125 0.1250 0.0114 0.0350 0.0089 0.0043 0.0346 0.2444 
     H9572.4 12 0.0626 0.0075 0.0090 0.2556 0.0724 0.0492 0.0194 0.0091 0.0152 0.1117 0.0447 0.0214 0.0142 0.0030 0.0195 0.2853 
     H9572.5 12 0.1094 0.0158 0.0136 0.2838 0.0419 0.0207 0.0155 0.0177 0.0100 0.0819 0.0380 0.0319 0.0174 0.0038 0.0056 0.2928 
