      H105.1  1 0.0020 0.0032 0.9421 0.0032 0.0025 0.0034 0.0025 0.0023 0.0030 0.0030 0.0033 0.0024 0.0022 0.0029 0.0044 0.0031 0.0026 0.0049 0.0040 0.0029 
      H105.2  1 0.0032 0.0042 0.9110 0.0048 0.0031 0.0020 0.0059 0.0054 0.0059 0.0023 0.0048 0.0048 0.0066 0.0045 0.0094 0.0063 0.0040 0.0054 0.0032 0.0034 
      H105.3  1 0.0029 0.0028 0.9477 0.0033 0.0024 0.0027 0.0025 0.0023 0.0034 0.0023 0.0028 0.0027 0.0024 0.0025 0.0026 0.0020 0.0023 0.0025 0.0054 0.0025 
      H105.4  1 0.0034 0.0027 0.9298 0.0047 0.0024 0.0038 0.0053 0.0027 0.0033 0.0025 0.0051 0.0064 0.0023 0.0033 0.0036 0.0029 0.0028 0.0058 0.0041 0.0031 
      H105.5  1 0.0023 0.0075 0.8899 0.0047 0.0055 0.0030 0.0085 0.0035 0.0043 0.0037 0.0099 0.0070 0.0026 0.0053 0.0091 0.0091 0.0044 0.0114 0.0040 0.0044 
      H105.6  1 0.0065 0.0059 0.8903 0.0076 0.0078 0.0052 0.0060 0.0073 0.0044 0.0037 0.0055 0.0105 0.0036 0.0061 0.0040 0.0036 0.0073 0.0049 0.0049 0.0049 
      H105.7  1 0.0030 0.0094 0.8632 0.0084 0.0052 0.0033 0.0058 0.0081 0.0042 0.0037 0.0082 0.0064 0.0038 0.0060 0.0111 0.0050 0.0107 0.0069 0.0232 0.0045 
      H105.8  1 0.0025 0.0030 0.9414 0.0032 0.0024 0.0020 0.0038 0.0030 0.0063 0.0021 0.0029 0.0042 0.0025 0.0027 0.0037 0.0029 0.0022 0.0029 0.0038 0.0024 
      H115.1  1 0.0034 0.0060 0.0048 0.0137 0.0155 0.0040 0.7524 0.0701 0.0094 0.0106 0.0124 0.0350 0.0080 0.0064 0.0052 0.0069 0.0051 0.0177 0.0082 0.0051 
      H115.2  1 0.0033 0.0119 0.0036 0.0139 0.0389 0.0043 0.8415 0.0081 0.0036 0.0038 0.0080 0.0040 0.0092 0.0107 0.0059 0.0067 0.0067 0.0060 0.0055 0.0044 
      H115.3  1 0.0047 0.0062 0.0040 0.0066 0.0122 0.0032 0.9058 0.0024 0.0026 0.0065 0.0062 0.0027 0.0042 0.0070 0.0045 0.0026 0.0031 0.0055 0.0068 0.0032 
      H115.4  1 0.0050 0.0139 0.0037 0.0088 0.0043 0.0062 0.8340 0.0039 0.0291 0.0106 0.0085 0.0025 0.0068 0.0141 0.0178 0.0090 0.0032 0.0117 0.0038 0.0030 
      H115.5  1 0.0081 0.0189 0.0121 0.0213 0.0250 0.0143 0.7661 0.0154 0.0060 0.0294 0.0157 0.0068 0.0053 0.0210 0.0075 0.0062 0.0056 0.0071 0.0047 0.0036 
      H115.6  1 0.0024 0.0137 0.0051 0.0119 0.0264 0.0041 0.7853 0.0032 0.0038 0.0125 0.0131 0.0042 0.0354 0.0311 0.0081 0.0067 0.0064 0.0070 0.0112 0.0084 
      H115.7  1 0.0037 0.0147 0.0062 0.0134 0.0123 0.0057 0.7566 0.0584 0.0049 0.0088 0.0128 0.0092 0.0101 0.0184 0.0063 0.0107 0.0084 0.0201 0.0124 0.0070 
      H115.8  1 0.0017 0.0083 0.0061 0.0069 0.0114 0.0034 0.8948 0.0041 0.0041 0.0079 0.0047 0.0030 0.0089 0.0067 0.0044 0.0064 0.0032 0.0050 0.0053 0.0035 
      H115.9  1 0.0038 0.0074 0.0046 0.0058 0.0925 0.0039 0.7640 0.0123 0.0129 0.0076 0.0091 0.0107 0.0074 0.0083 0.0050 0.0053 0.0050 0.0181 0.0132 0.0032 
      H145.1  1 0.0048 0.0071 0.0029 0.0113 0.0070 0.8385 0.0065 0.0024 0.0030 0.0054 0.0091 0.0056 0.0346 0.0081 0.0026 0.0039 0.0176 0.0161 0.0064 0.0073 
      H145.2  1 0.0046 0.0076 0.0030 0.0067 0.0056 0.8884 0.0060 0.0020 0.0065 0.0061 0.0117 0.0037 0.0126 0.0074 0.0042 0.0025 0.0053 0.0062 0.0050 0.0048 
      H145.3  1 0.0034 0.0043 0.0024 0.0050 0.0026 0.8925 0.0035 0.0028 0.0024 0.0028 0.0048 0.0041 0.0439 0.0044 0.0019 0.0023 0.0045 0.0063 0.0028 0.0029 
      H145.4  1 0.0029 0.0043 0.0024 0.0050 0.0035 0.8864 0.0032 0.0024 0.0030 0.0039 0.0058 0.0053 0.0052 0.0061 0.0025 0.0033 0.0272 0.0105 0.0086 0.0085 
      H145.5  1 0.0020 0.0054 0.0031 0.0048 0.0025 0.8511 0.0034 0.0025 0.0028 0.0031 0.0043 0.0035 0.0817 0.0039 0.0039 0.0031 0.0073 0.0046 0.0026 0.0041 
      H145.6  1 0.0039 0.0064 0.0024 0.0061 0.0034 0.9154 0.0026 0.0029 0.0031 0.0042 0.0068 0.0030 0.0040 0.0062 0.0038 0.0024 0.0059 0.0051 0.0087 0.0037 
      H145.7  1 0.0028 0.0035 0.0025 0.0040 0.0022 0.9348 0.0031 0.0020 0.0026 0.0056 0.0040 0.0038 0.0033 0.0035 0.0029 0.0023 0.0055 0.0034 0.0046 0.0036 
      H149.1  1 0.0028 0.0030 0.0025 0.0029 0.0026 0.0034 0.0029 0.0027 0.0024 0.9388 0.0034 0.0042 0.0035 0.0048 0.0032 0.0028 0.0047 0.0022 0.0029 0.0042 
      H149.2  1 0.0039 0.0073 0.0044 0.0087 0.0032 0.0062 0.0045 0.0020 0.0030 0.8972 0.0093 0.0047 0.0052 0.0073 0.0061 0.0028 0.0080 0.0075 0.0056 0.0032 
      H149.3  1 0.0083 0.0513 0.0074 0.0401 0.0048 0.0336 0.0254 0.0035 0.0148 0.5853 0.0456 0.0125 0.0080 0.0338 0.0117 0.0144 0.0129 0.0342 0.0467 0.0055 
      H149.4  1 0.0033 0.0081 0.0089 0.0075 0.0043 0.0030 0.0029 0.0043 0.0252 0.8790 0.0080 0.0051 0.0055 0.0067 0.0070 0.0063 0.0037 0.0021 0.0065 0.0028 
      H149.5  1 0.0095 0.0583 0.0174 0.0492 0.0026 0.0137 0.0038 0.0044 0.0245 0.6284 0.0250 0.0091 0.0030 0.0286 0.0231 0.0112 0.0082 0.0262 0.0489 0.0048 
      H149.6  1 0.0056 0.0087 0.0071 0.0074 0.0025 0.0079 0.0036 0.0043 0.0032 0.8850 0.0078 0.0046 0.0048 0.0116 0.0078 0.0050 0.0060 0.0049 0.0090 0.0031 
      H149.7  1 0.0043 0.0794 0.0125 0.1287 0.0027 0.0059 0.0106 0.0054 0.0336 0.4654 0.0792 0.0112 0.0070 0.0506 0.0099 0.0322 0.0167 0.0152 0.0240 0.0056 
      H150.1  1 0.0023 0.0113 0.0049 0.0190 0.3053 0.0064 0.5701 0.0029 0.0027 0.0025 0.0183 0.0058 0.0052 0.0118 0.0085 0.0049 0.0045 0.0051 0.0045 0.0038 
      H150.2  1 0.0036 0.0097 0.0050 0.0091 0.0521 0.0033 0.8430 0.0064 0.0033 0.0055 0.0074 0.0032 0.0095 0.0080 0.0037 0.0059 0.0072 0.0045 0.0050 0.0048 
      H150.3  1 0.0024 0.0182 0.0054 0.0246 0.5313 0.0058 0.2119 0.0354 0.0038 0.0065 0.0135 0.0075 0.0518 0.0180 0.0047 0.0173 0.0085 0.0135 0.0105 0.0093 
      H150.4  1 0.0018 0.0055 0.0046 0.0051 0.8774 0.0063 0.0251 0.0067 0.0027 0.0035 0.0068 0.0050 0.0094 0.0063 0.0038 0.0080 0.0043 0.0065 0.0064 0.0051 
      H150.5  1 0.0033 0.0099 0.0059 0.0081 0.0448 0.0040 0.8293 0.0050 0.0028 0.0038 0.0107 0.0059 0.0055 0.0153 0.0065 0.0082 0.0065 0.0082 0.0111 0.0053 
      H150.6  1 0.0031 0.0137 0.0077 0.0210 0.0081 0.0109 0.8428 0.0029 0.0048 0.0031 0.0088 0.0079 0.0076 0.0122 0.0127 0.0070 0.0030 0.0062 0.0044 0.0120 
      H150.7  1 0.0022 0.0078 0.0112 0.0092 0.7523 0.0047 0.1288 0.0069 0.0033 0.0053 0.0083 0.0034 0.0159 0.0086 0.0112 0.0034 0.0035 0.0065 0.0042 0.0032 
   H169607.1  1 0.0031 0.0083 0.0033 0.0084 0.0072 0.0102 0.0049 0.0038 0.0086 0.0038 0.0062 0.0032 0.0132 0.0141 0.0039 0.0058 0.0056 0.8761 0.0038 0.0067 
   H169607.2  1 0.0032 0.0046 0.0031 0.0037 0.0038 0.0040 0.0029 0.0033 0.0027 0.0025 0.0034 0.0027 0.0038 0.0035 0.0036 0.0030 0.0037 0.9361 0.0032 0.0032 
   H169607.3  1 0.0042 0.0079 0.0027 0.0074 0.0043 0.0087 0.0077 0.0029 0.0077 0.0033 0.0069 0.0047 0.0075 0.0066 0.0067 0.0064 0.0056 0.8914 0.0039 0.0035 
   H169607.4  1 0.0037 0.0032 0.0023 0.0039 0.0042 0.0050 0.0030 0.0024 0.0023 0.0023 0.0044 0.0025 0.0080 0.0043 0.0025 0.0026 0.0034 0.9288 0.0039 0.0073 
   H169607.5  1 0.0033 0.0036 0.0021 0.0029 0.0059 0.0036 0.0037 0.0032 0.0024 0.0031 0.0038 0.0023 0.0033 0.0032 0.0027 0.0033 0.0048 0.9364 0.0034 0.0028 
   H169607.6  1 0.0037 0.0033 0.0042 0.0028 0.0042 0.0030 0.0026 0.0037 0.0030 0.0020 0.0037 0.0026 0.0042 0.0028 0.0036 0.0024 0.0039 0.9384 0.0030 0.0028 
   H169607.7  1 0.0029 0.0043 0.0047 0.0046 0.0047 0.0050 0.0089 0.0025 0.0094 0.0025 0.0050 0.0021 0.0043 0.0045 0.0038 0.0053 0.0040 0.9147 0.0032 0.0033 
   H169607.8  1 0.0028 0.0036 0.0040 0.0039 0.0040 0.0034 0.0026 0.0026 0.0024 0.0025 0.0032 0.0033 0.0040 0.0031 0.0039 0.0033 0.0036 0.9341 0.0036 0.0061 
   H169633.1  1 0.0053 0.0122 0.0040 0.0088 0.0062 0.0205 0.0056 0.0157 0.0036 0.8292 0.0110 0.0045 0.0048 0.0137 0.0058 0.0250 0.0047 0.0031 0.0091 0.0072 
   H169633.2  1 0.0054 0.0373 0.0130 0.0582 0.0029 0.0152 0.0055 0.0066 0.0083 0.7119 0.0281 0.0095 0.0026 0.0542 0.0056 0.0205 0.0049 0.0019 0.0038 0.0045 
   H169633.3  1 0.0093 0.0179 0.0049 0.0142 0.0061 0.0051 0.0091 0.0085 0.0045 0.8177 0.0182 0.0102 0.0051 0.0113 0.0064 0.0064 0.0259 0.0036 0.0087 0.0069 
   H169633.4  1 0.0068 0.0107 0.0047 0.0106 0.0079 0.0075 0.0080 0.0146 0.0041 0.8511 0.0089 0.0060 0.0040 0.0078 0.0069 0.0033 0.0162 0.0055 0.0079 0.0075 
   H169633.5  1 0.0078 0.0084 0.0039 0.0147 0.0093 0.0068 0.0060 0.0143 0.0054 0.8424 0.0089 0.0060 0.0044 0.0119 0.0060 0.0027 0.0189 0.0058 0.0082 0.0082 
   H169688.1  1 0.0081 0.0085 0.0031 0.0090 0.0068 0.0059 0.0033 0.0321 0.0075 0.0047 0.0129 0.0046 0.0195 0.0054 0.0161 0.8111 0.0184 0.0142 0.0027 0.0061 
   H169688.2  1 0.0034 0.0067 0.0073 0.0051 0.0036 0.0038 0.0033 0.0044 0.0082 0.0028 0.0073 0.0084 0.0027 0.0041 0.0055 0.9037 0.0079 0.0029 0.0037 0.0051 
   H169688.3  1 0.0022 0.0041 0.0046 0.0031 0.0031 0.0029 0.0029 0.0029 0.0033 0.0032 0.0037 0.0056 0.0027 0.0038 0.0029 0.9368 0.0029 0.0024 0.0035 0.0033 
   H169688.4  1 0.0025 0.0033 0.0019 0.0028 0.0043 0.0023 0.0052 0.0024 0.0026 0.0026 0.0026 0.0037 0.0026 0.0029 0.0026 0.9450 0.0031 0.0029 0.0022 0.0024 
   H169688.5  1 0.0022 0.0032 0.0021 0.0038 0.0030 0.0031 0.0040 0.0023 0.0026 0.0024 0.0036 0.0036 0.0027 0.0025 0.0024 0.9452 0.0029 0.0029 0.0030 0.0027 
   H169688.6  1 0.0051 0.0052 0.0028 0.0057 0.0024 0.0030 0.0024 0.0041 0.0439 0.0052 0.0047 0.0028 0.0035 0.0041 0.0049 0.8857 0.0055 0.0032 0.0023 0.0036 
   H169688.7  1 0.0017 0.0111 0.0045 0.0103 0.0058 0.0149 0.0112 0.0035 0.0034 0.0041 0.0104 0.0080 0.0106 0.0069 0.0038 0.8734 0.0049 0.0033 0.0042 0.0039 
   H171901.1  1 0.0020 0.1237 0.0422 0.2354 0.0197 0.0194 0.0402 0.0202 0.0056 0.0053 0.1870 0.0060 0.0051 0.1497 0.0193 0.0073 0.0569 0.0365 0.0149 0.0035 
   H171901.2  1 0.0047 0.0198 0.0859 0.0238 0.0203 0.0094 0.0151 0.0043 0.0030 0.6567 0.0403 0.0058 0.0070 0.0216 0.0093 0.0065 0.0141 0.0223 0.0059 0.0240 
   H171901.3  1 0.0073 0.0708 0.0089 0.0757 0.0147 0.0056 0.0300 0.0110 0.0068 0.5255 0.0731 0.0085 0.0056 0.0554 0.0110 0.0181 0.0250 0.0278 0.0092 0.0099 
   H171901.4  1 0.0042 0.0244 0.0662 0.0284 0.0096 0.0049 0.0232 0.0051 0.0052 0.6756 0.0355 0.0045 0.0065 0.0310 0.0063 0.0064 0.0062 0.0352 0.0048 0.0170 
   H171901.5  1 0.0050 0.0831 0.0319 0.1117 0.0124 0.0100 0.0364 0.0025 0.0084 0.4023 0.0955 0.0075 0.0133 0.0890 0.0209 0.0062 0.0095 0.0233 0.0058 0.0253 
   H171901.6  1 0.0076 0.1499 0.0089 0.1144 0.0168 0.0142 0.0396 0.0032 0.0080 0.1970 0.1729 0.0138 0.0224 0.1495 0.0182 0.0071 0.0247 0.0106 0.0045 0.0166 
   H171901.7  1 0.0090 0.1009 0.0038 0.0948 0.0093 0.0102 0.0301 0.0054 0.0054 0.2154 0.0490 0.0053 0.0051 0.0981 0.0436 0.0281 0.2687 0.0098 0.0036 0.0044 
   H171902.1  1 0.0029 0.0044 0.0020 0.0038 0.0031 0.0035 0.0032 0.0023 0.0051 0.0049 0.0034 0.0034 0.9349 0.0053 0.0032 0.0026 0.0030 0.0035 0.0026 0.0029 
  H171902.10  1 0.0024 0.0038 0.0021 0.0038 0.0026 0.0028 0.0065 0.0020 0.0045 0.0037 0.0040 0.0021 0.9311 0.0038 0.0045 0.0067 0.0037 0.0036 0.0030 0.0034 
   H171902.2  1 0.0022 0.0056 0.0022 0.0052 0.0041 0.0053 0.0040 0.0047 0.0070 0.0092 0.0055 0.0036 0.9097 0.0070 0.0046 0.0057 0.0042 0.0046 0.0028 0.0028 
   H171902.3  1 0.0028 0.0052 0.0029 0.0052 0.0058 0.0035 0.0045 0.0026 0.0032 0.0129 0.0046 0.0032 0.9148 0.0054 0.0047 0.0041 0.0029 0.0061 0.0025 0.0032 
   H171902.4  1 0.0024 0.0033 0.0019 0.0040 0.0033 0.0028 0.0030 0.0025 0.0028 0.0142 0.0033 0.0030 0.9298 0.0042 0.0035 0.0028 0.0043 0.0023 0.0031 0.0035 
   H171902.6  1 0.0028 0.0031 0.0023 0.0036 0.0033 0.0029 0.0027 0.0018 0.0025 0.0034 0.0036 0.0027 0.9403 0.0037 0.0050 0.0021 0.0038 0.0040 0.0028 0.0034 
   H171902.7  1 0.0026 0.0103 0.0090 0.0076 0.0032 0.0042 0.0098 0.0016 0.0031 0.0056 0.0081 0.0033 0.8642 0.0064 0.0040 0.0038 0.0114 0.0337 0.0032 0.0047 
   H171902.8  1 0.0024 0.0043 0.0029 0.0044 0.0045 0.0030 0.0041 0.0025 0.0030 0.0056 0.0035 0.0026 0.9280 0.0054 0.0055 0.0028 0.0041 0.0046 0.0023 0.0044 
   H171902.9  1 0.0029 0.0036 0.0029 0.0032 0.0064 0.0036 0.0043 0.0026 0.0025 0.0032 0.0036 0.0026 0.9368 0.0036 0.0024 0.0024 0.0032 0.0039 0.0034 0.0027 
   H171903.1  1 0.0053 0.0097 0.0051 0.0123 0.0151 0.0048 0.0281 0.0052 0.0032 0.0034 0.0086 0.0038 0.0034 0.0052 0.0045 0.0087 0.0118 0.8525 0.0055 0.0039 
   H171903.2  1 0.0147 0.0244 0.0491 0.0173 0.0276 0.0063 0.0226 0.0031 0.0056 0.0030 0.0203 0.0086 0.0037 0.0248 0.0068 0.0061 0.0124 0.7243 0.0095 0.0097 
   H171903.3  1 0.0169 0.0694 0.0411 0.1193 0.0144 0.0043 0.0148 0.0053 0.0047 0.0073 0.0911 0.0128 0.0050 0.0735 0.0049 0.0100 0.0697 0.4074 0.0079 0.0202 
   H171903.4  1 0.0039 0.0390 0.0054 0.0269 0.0103 0.0077 0.0189 0.0041 0.0031 0.0038 0.0263 0.0045 0.0331 0.0284 0.0053 0.1180 0.0323 0.6148 0.0051 0.0092 
   H171903.5  1 0.0060 0.1058 0.0283 0.0904 0.0244 0.0043 0.0155 0.0039 0.0058 0.0158 0.0845 0.0138 0.0051 0.1018 0.0174 0.0649 0.0135 0.3858 0.0077 0.0054 
   H171903.6  1 0.0053 0.0080 0.0034 0.0106 0.0077 0.0037 0.0112 0.0022 0.0049 0.0119 0.0211 0.0046 0.0043 0.0091 0.0060 0.2470 0.0115 0.6215 0.0033 0.0029 
      H177.1  1 0.0130 0.0789 0.0041 0.0715 0.0169 0.0043 0.0305 0.0076 0.0318 0.0119 0.0775 0.0078 0.0077 0.0549 0.0379 0.0146 0.4338 0.0242 0.0053 0.0660 
      H177.2  1 0.0063 0.1200 0.0041 0.1583 0.0134 0.1198 0.0214 0.0029 0.0482 0.0308 0.1821 0.0127 0.0057 0.0927 0.0631 0.0062 0.0170 0.0479 0.0086 0.0387 
      H177.3  1 0.0169 0.1294 0.0040 0.1786 0.0134 0.0317 0.0169 0.0031 0.0211 0.0432 0.1921 0.0058 0.0110 0.1245 0.0444 0.0086 0.0785 0.0470 0.0077 0.0221 
      H177.4  1 0.0353 0.0288 0.0066 0.0275 0.0037 0.0105 0.0052 0.0021 0.3517 0.0080 0.0178 0.0042 0.0080 0.0099 0.0112 0.0037 0.4431 0.0078 0.0088 0.0059 
      H177.5  1 0.0051 0.0953 0.0111 0.1113 0.0080 0.0156 0.0302 0.0022 0.0550 0.0072 0.0727 0.0165 0.0049 0.0758 0.0169 0.0189 0.4076 0.0062 0.0171 0.0224 
      H177.6  1 0.0112 0.1771 0.0034 0.1124 0.0101 0.0195 0.0239 0.0033 0.0292 0.0851 0.1819 0.0090 0.0136 0.0990 0.0339 0.0126 0.1019 0.0308 0.0061 0.0361 
      H179.1  1 0.0022 0.0094 0.0057 0.0106 0.0097 0.0028 0.0064 0.0093 0.8077 0.0050 0.0129 0.0430 0.0044 0.0111 0.0050 0.0216 0.0123 0.0050 0.0121 0.0039 
      H179.2  1 0.0165 0.0139 0.0075 0.0150 0.0077 0.0028 0.0135 0.0034 0.7605 0.0043 0.0134 0.0539 0.0045 0.0223 0.0107 0.0221 0.0069 0.0069 0.0048 0.0094 
      H179.3  1 0.0038 0.0120 0.0042 0.0227 0.0190 0.0037 0.0083 0.0058 0.6817 0.0046 0.0182 0.0158 0.0039 0.0149 0.0062 0.1186 0.0231 0.0168 0.0092 0.0076 
      H179.4  1 0.0563 0.0505 0.0054 0.0224 0.0047 0.0112 0.0040 0.0052 0.6163 0.0110 0.0332 0.0170 0.0056 0.0334 0.0103 0.0202 0.0405 0.0117 0.0056 0.0354 
      H180.1  1 0.0028 0.0068 0.0045 0.0064 0.0051 0.0020 0.8787 0.0040 0.0195 0.0027 0.0057 0.0047 0.0103 0.0072 0.0215 0.0039 0.0025 0.0052 0.0034 0.0032 
      H180.2  1 0.0037 0.0036 0.0031 0.0047 0.0036 0.0032 0.9268 0.0064 0.0057 0.0028 0.0055 0.0042 0.0024 0.0040 0.0060 0.0036 0.0032 0.0024 0.0024 0.0026 
      H180.3  1 0.0045 0.0053 0.0036 0.0061 0.0157 0.0055 0.8982 0.0034 0.0038 0.0037 0.0074 0.0073 0.0042 0.0075 0.0039 0.0057 0.0037 0.0053 0.0028 0.0024 
      H180.4  1 0.0029 0.0082 0.0048 0.0065 0.0047 0.0042 0.9073 0.0068 0.0059 0.0040 0.0052 0.0042 0.0039 0.0049 0.0100 0.0023 0.0029 0.0043 0.0032 0.0039 
      H180.5  1 0.0035 0.0064 0.0022 0.0054 0.0034 0.0048 0.9175 0.0032 0.0069 0.0033 0.0051 0.0028 0.0045 0.0058 0.0089 0.0032 0.0042 0.0031 0.0031 0.0027 
      H180.6  1 0.0037 0.0152 0.0042 0.0069 0.0079 0.0162 0.8632 0.0043 0.0099 0.0112 0.0099 0.0050 0.0053 0.0087 0.0061 0.0042 0.0060 0.0068 0.0031 0.0023 
      H181.1  1 0.0034 0.0098 0.0064 0.0075 0.0029 0.0030 0.0045 0.0034 0.0045 0.0120 0.0119 0.0041 0.0057 0.0079 0.8913 0.0037 0.0054 0.0074 0.0023 0.0030 
      H181.2  1 0.0029 0.0059 0.0033 0.0057 0.0034 0.0057 0.0035 0.0048 0.0099 0.0051 0.0053 0.0036 0.0062 0.0056 0.9104 0.0037 0.0036 0.0027 0.0032 0.0055 
      H181.3  1 0.0025 0.0065 0.0042 0.0078 0.0044 0.0047 0.0043 0.0050 0.0043 0.0071 0.0045 0.0024 0.0052 0.0049 0.9125 0.0042 0.0031 0.0041 0.0042 0.0041 
      H181.4  1 0.0044 0.0177 0.0072 0.0262 0.0107 0.0064 0.0111 0.0051 0.0052 0.0144 0.0112 0.0054 0.0044 0.0103 0.8301 0.0060 0.0050 0.0078 0.0064 0.0050 
      H181.5  1 0.0042 0.0057 0.0049 0.0054 0.0039 0.0031 0.0030 0.0067 0.0227 0.0052 0.0050 0.0077 0.0041 0.0073 0.8924 0.0036 0.0037 0.0038 0.0047 0.0030 
      H181.6  1 0.0073 0.0158 0.0073 0.0121 0.0049 0.0037 0.0092 0.0030 0.0331 0.0043 0.0085 0.0062 0.0045 0.0054 0.8523 0.0044 0.0054 0.0054 0.0031 0.0039 
      H181.7  1 0.0054 0.0077 0.0077 0.0118 0.0037 0.0038 0.0037 0.0032 0.0205 0.0048 0.0076 0.0049 0.0035 0.0073 0.8847 0.0051 0.0039 0.0037 0.0048 0.0022 
 H194.1_2004  1 0.0026 0.0071 0.0018 0.0058 0.0048 0.0052 0.0037 0.0022 0.0025 0.0046 0.0048 0.0041 0.0046 0.0042 0.0024 0.0035 0.9248 0.0051 0.0036 0.0025 
 H194.2_2004  1 0.0020 0.0050 0.0029 0.0060 0.0036 0.0042 0.0031 0.0039 0.0023 0.0031 0.0049 0.0023 0.0038 0.0046 0.0039 0.0029 0.9249 0.0109 0.0028 0.0031 
 H194.3_2004  1 0.0038 0.0107 0.0031 0.0121 0.0028 0.0122 0.0032 0.0016 0.0090 0.0208 0.0096 0.0319 0.0050 0.0116 0.0057 0.0061 0.8347 0.0048 0.0030 0.0083 
 H194.4_2004  1 0.0037 0.0052 0.0031 0.0046 0.0030 0.0102 0.0025 0.0035 0.0030 0.0073 0.0064 0.0033 0.0051 0.0054 0.0049 0.0026 0.9160 0.0043 0.0021 0.0037 
 H194.5_2004  1 0.0041 0.0053 0.0042 0.0098 0.0041 0.0057 0.0029 0.0027 0.0049 0.0125 0.0075 0.0214 0.0044 0.0068 0.0074 0.0049 0.8685 0.0090 0.0053 0.0085 
 H194.6_2004  1 0.0130 0.0106 0.0032 0.0125 0.0048 0.0073 0.0051 0.0033 0.0047 0.0114 0.0147 0.0245 0.0097 0.0156 0.0041 0.0066 0.8334 0.0055 0.0031 0.0068 
 H194.7_2004  1 0.0029 0.0033 0.0036 0.0042 0.0031 0.0037 0.0024 0.0034 0.0021 0.0028 0.0045 0.0039 0.0029 0.0031 0.0028 0.0031 0.9365 0.0060 0.0033 0.0024 
 H194.8_2004  1 0.0044 0.0066 0.0040 0.0060 0.0045 0.0057 0.0024 0.0043 0.0028 0.0054 0.0058 0.0039 0.0038 0.0056 0.0051 0.0027 0.9135 0.0039 0.0029 0.0064 
      H194.9  1 0.0032 0.0040 0.0031 0.0054 0.0045 0.0038 0.0028 0.0047 0.0018 0.0038 0.0039 0.0019 0.0037 0.0044 0.0035 0.0025 0.9324 0.0047 0.0027 0.0031 
 H195.1_2003  1 0.0051 0.0760 0.0050 0.0802 0.0060 0.5502 0.0046 0.0064 0.0043 0.0213 0.0857 0.0070 0.0062 0.0557 0.0052 0.0053 0.0438 0.0096 0.0048 0.0176 
 H195.1_2004  1 0.0030 0.0045 0.0025 0.0043 0.0029 0.9216 0.0038 0.0028 0.0023 0.0069 0.0052 0.0027 0.0036 0.0042 0.0064 0.0045 0.0034 0.0026 0.0036 0.0092 
 H195.2_2003  1 0.0107 0.0782 0.0164 0.0822 0.0176 0.5196 0.0067 0.0039 0.0040 0.0094 0.0541 0.0049 0.0098 0.0431 0.0228 0.0333 0.0283 0.0228 0.0098 0.0222 
 H195.2_2004  1 0.0023 0.0042 0.0027 0.0034 0.0025 0.9377 0.0030 0.0024 0.0027 0.0044 0.0036 0.0028 0.0031 0.0042 0.0029 0.0052 0.0031 0.0029 0.0030 0.0037 
 H195.3_2003  1 0.0072 0.1027 0.0196 0.1047 0.0704 0.3093 0.0062 0.0116 0.0026 0.0039 0.1015 0.0121 0.0041 0.0937 0.0101 0.0289 0.0259 0.0664 0.0063 0.0128 
 H195.3_2004  1 0.0026 0.0056 0.0029 0.0040 0.0022 0.9194 0.0029 0.0031 0.0029 0.0088 0.0047 0.0028 0.0053 0.0057 0.0044 0.0030 0.0058 0.0036 0.0035 0.0070 
 H195.4_2003  1 0.0045 0.0166 0.0042 0.0230 0.0042 0.8356 0.0039 0.0032 0.0039 0.0150 0.0161 0.0084 0.0061 0.0155 0.0064 0.0029 0.0120 0.0046 0.0040 0.0098 
 H195.4_2004  1 0.0042 0.0041 0.0018 0.0043 0.0025 0.9354 0.0026 0.0030 0.0028 0.0037 0.0037 0.0029 0.0034 0.0032 0.0040 0.0059 0.0039 0.0031 0.0027 0.0027 
 H195.5_2003  1 0.0068 0.0817 0.0047 0.0681 0.0057 0.5380 0.0059 0.0103 0.0037 0.0191 0.1125 0.0065 0.0054 0.0474 0.0055 0.0045 0.0215 0.0097 0.0074 0.0354 
 H195.5_2004  1 0.0037 0.0042 0.0019 0.0034 0.0030 0.9288 0.0038 0.0050 0.0032 0.0047 0.0036 0.0032 0.0034 0.0044 0.0034 0.0033 0.0042 0.0027 0.0039 0.0061 
 H195.6_2003  1 0.0032 0.0135 0.0080 0.0118 0.0235 0.8418 0.0050 0.0028 0.0034 0.0040 0.0134 0.0031 0.0092 0.0129 0.0052 0.0097 0.0041 0.0132 0.0063 0.0060 
 H195.6_2004  1 0.0030 0.0038 0.0043 0.0043 0.0020 0.9302 0.0023 0.0025 0.0033 0.0038 0.0037 0.0039 0.0041 0.0045 0.0029 0.0034 0.0053 0.0048 0.0030 0.0051 
 H195.7_2003  1 0.0099 0.0638 0.0084 0.0807 0.0047 0.5249 0.0040 0.0062 0.0036 0.0118 0.0647 0.0103 0.0049 0.0647 0.0158 0.0346 0.0414 0.0148 0.0115 0.0196 
 H195.7_2004  1 0.0028 0.0037 0.0020 0.0031 0.0036 0.9391 0.0031 0.0031 0.0026 0.0028 0.0034 0.0021 0.0030 0.0029 0.0034 0.0050 0.0023 0.0025 0.0040 0.0055 
      H195.8  1 0.0037 0.0034 0.0020 0.0037 0.0032 0.9384 0.0029 0.0035 0.0028 0.0038 0.0034 0.0020 0.0028 0.0036 0.0037 0.0031 0.0033 0.0033 0.0035 0.0040 
      H195.9  1 0.0043 0.0041 0.0023 0.0040 0.0025 0.9257 0.0033 0.0020 0.0027 0.0056 0.0039 0.0054 0.0034 0.0032 0.0047 0.0038 0.0064 0.0051 0.0029 0.0049 
      H415.1  1 0.0019 0.1660 0.0039 0.1342 0.0378 0.0178 0.0380 0.0049 0.0047 0.0392 0.1246 0.0093 0.0058 0.3591 0.0098 0.0086 0.0156 0.0041 0.0043 0.0103 
      H415.2  1 0.0027 0.1185 0.0053 0.1410 0.0144 0.0047 0.0122 0.0031 0.0210 0.0064 0.1022 0.0368 0.1865 0.2366 0.0074 0.0110 0.0307 0.0148 0.0290 0.0158 
      H415.3  1 0.0046 0.1346 0.0055 0.1670 0.0054 0.0055 0.0080 0.0029 0.0274 0.0396 0.1842 0.0067 0.0062 0.3586 0.0116 0.0052 0.0049 0.0044 0.0085 0.0091 
      H415.4  1 0.0043 0.1334 0.0070 0.0951 0.0130 0.0091 0.0266 0.0025 0.0032 0.0169 0.1889 0.0261 0.0072 0.4320 0.0044 0.0035 0.0074 0.0030 0.0039 0.0127 
      H415.5  1 0.0054 0.1668 0.0038 0.1539 0.0039 0.0079 0.0074 0.0026 0.0049 0.0217 0.1577 0.0205 0.0086 0.3988 0.0105 0.0041 0.0080 0.0027 0.0043 0.0066 
      H415.6  1 0.0038 0.1220 0.0064 0.1505 0.0094 0.0058 0.0377 0.0021 0.0033 0.0124 0.1579 0.0261 0.0063 0.4201 0.0048 0.0037 0.0083 0.0038 0.0036 0.0122 
      H415.7  1 0.0112 0.1764 0.0036 0.0703 0.0083 0.0108 0.0050 0.0029 0.0375 0.0193 0.1358 0.0063 0.0764 0.3295 0.0050 0.0121 0.0338 0.0149 0.0174 0.0235 
      H506.1  1 0.0028 0.0031 0.0029 0.0026 0.0016 0.0034 0.0022 0.0023 0.9464 0.0048 0.0028 0.0043 0.0023 0.0024 0.0041 0.0019 0.0025 0.0019 0.0030 0.0026 
      H506.2  1 0.0037 0.0029 0.0030 0.0034 0.0017 0.0060 0.0023 0.0021 0.9416 0.0041 0.0029 0.0036 0.0024 0.0024 0.0044 0.0018 0.0024 0.0026 0.0028 0.0038 
      H506.3  1 0.0031 0.0082 0.0029 0.0075 0.0037 0.0066 0.0055 0.0025 0.8841 0.0044 0.0059 0.0117 0.0031 0.0061 0.0141 0.0101 0.0040 0.0047 0.0047 0.0072 
      H506.4  1 0.0120 0.0047 0.0020 0.0040 0.0044 0.0033 0.0051 0.0023 0.9130 0.0058 0.0046 0.0040 0.0045 0.0037 0.0061 0.0045 0.0034 0.0054 0.0038 0.0035 
      H506.5  1 0.0058 0.0031 0.0028 0.0050 0.0025 0.0046 0.0025 0.0020 0.9303 0.0043 0.0043 0.0035 0.0035 0.0035 0.0052 0.0022 0.0024 0.0041 0.0041 0.0044 
      H506.6  1 0.0068 0.0090 0.0035 0.0101 0.0068 0.0295 0.0057 0.0021 0.8254 0.0037 0.0135 0.0030 0.0031 0.0116 0.0125 0.0082 0.0051 0.0187 0.0072 0.0142 
      H506.7  1 0.0040 0.0034 0.0029 0.0036 0.0017 0.0047 0.0026 0.0022 0.9370 0.0043 0.0034 0.0042 0.0030 0.0024 0.0060 0.0019 0.0032 0.0030 0.0030 0.0035 
      H533.1  1 0.0041 0.0031 0.0097 0.0034 0.0017 0.0025 0.0058 0.0032 0.9186 0.0096 0.0045 0.0065 0.0024 0.0040 0.0089 0.0020 0.0024 0.0024 0.0026 0.0025 
      H533.2  1 0.0037 0.0045 0.0094 0.0057 0.0019 0.0032 0.0071 0.0026 0.9059 0.0133 0.0038 0.0065 0.0029 0.0044 0.0120 0.0026 0.0022 0.0027 0.0031 0.0026 
      H533.3  1 0.0029 0.0042 0.0036 0.0036 0.0029 0.0030 0.0038 0.0020 0.9293 0.0066 0.0046 0.0041 0.0016 0.0046 0.0042 0.0028 0.0030 0.0082 0.0026 0.0026 
      H533.4  1 0.0101 0.0094 0.0053 0.0068 0.0050 0.0199 0.0039 0.0028 0.8554 0.0085 0.0087 0.0023 0.0041 0.0097 0.0099 0.0033 0.0108 0.0177 0.0029 0.0035 
      H535.1  1 0.9392 0.0041 0.0025 0.0038 0.0037 0.0026 0.0030 0.0029 0.0037 0.0032 0.0031 0.0029 0.0046 0.0033 0.0044 0.0021 0.0028 0.0032 0.0022 0.0026 
      H535.2  1 0.9426 0.0036 0.0028 0.0029 0.0023 0.0036 0.0026 0.0025 0.0032 0.0028 0.0032 0.0033 0.0025 0.0034 0.0048 0.0018 0.0031 0.0026 0.0035 0.0029 
      H535.3  1 0.9494 0.0026 0.0026 0.0029 0.0021 0.0036 0.0025 0.0033 0.0024 0.0023 0.0028 0.0030 0.0022 0.0023 0.0039 0.0019 0.0021 0.0025 0.0027 0.0029 
      H535.4  1 0.9465 0.0024 0.0028 0.0029 0.0020 0.0037 0.0023 0.0026 0.0032 0.0034 0.0026 0.0029 0.0026 0.0026 0.0023 0.0022 0.0036 0.0033 0.0027 0.0031 
      H535.5  1 0.9481 0.0022 0.0025 0.0032 0.0025 0.0031 0.0023 0.0020 0.0029 0.0038 0.0026 0.0038 0.0017 0.0028 0.0023 0.0019 0.0035 0.0033 0.0025 0.0028 
      H535.6  1 0.9217 0.0043 0.0027 0.0036 0.0060 0.0043 0.0037 0.0042 0.0029 0.0022 0.0039 0.0040 0.0067 0.0059 0.0055 0.0022 0.0046 0.0063 0.0024 0.0029 
      H535.7  1 0.9572 0.0020 0.0022 0.0025 0.0017 0.0020 0.0020 0.0021 0.0023 0.0032 0.0019 0.0031 0.0016 0.0024 0.0020 0.0023 0.0023 0.0026 0.0021 0.0023 
      H535.8  1 0.9443 0.0036 0.0047 0.0034 0.0028 0.0029 0.0020 0.0023 0.0023 0.0024 0.0025 0.0038 0.0028 0.0029 0.0033 0.0022 0.0032 0.0033 0.0025 0.0029 
      H535.9  1 0.9466 0.0031 0.0024 0.0032 0.0028 0.0025 0.0031 0.0036 0.0032 0.0023 0.0025 0.0025 0.0031 0.0026 0.0028 0.0023 0.0026 0.0036 0.0025 0.0027 
      H539.1  1 0.0031 0.0031 0.0030 0.0026 0.9455 0.0023 0.0049 0.0025 0.0017 0.0020 0.0033 0.0019 0.0066 0.0024 0.0026 0.0021 0.0028 0.0031 0.0020 0.0023 
      H539.2  1 0.0089 0.0504 0.0034 0.0501 0.5060 0.0048 0.1176 0.0467 0.0070 0.0055 0.0323 0.0049 0.0052 0.0172 0.0075 0.0273 0.0181 0.0563 0.0074 0.0233 
      H539.3  1 0.0080 0.0076 0.0039 0.0097 0.8419 0.0092 0.0142 0.0107 0.0038 0.0029 0.0082 0.0040 0.0057 0.0050 0.0041 0.0121 0.0226 0.0152 0.0039 0.0074 
      H539.4  1 0.0032 0.0087 0.0033 0.0075 0.8407 0.0036 0.0710 0.0034 0.0031 0.0036 0.0082 0.0053 0.0046 0.0065 0.0037 0.0067 0.0035 0.0036 0.0039 0.0059 
      H539.5  1 0.0034 0.0031 0.0023 0.0033 0.9401 0.0023 0.0053 0.0028 0.0026 0.0023 0.0036 0.0030 0.0034 0.0033 0.0026 0.0034 0.0037 0.0051 0.0021 0.0026 
      H539.6  1 0.0021 0.0036 0.0024 0.0032 0.9334 0.0032 0.0079 0.0029 0.0029 0.0020 0.0032 0.0025 0.0063 0.0035 0.0028 0.0025 0.0032 0.0068 0.0027 0.0028 
      H539.7  1 0.0038 0.0046 0.0024 0.0046 0.9263 0.0021 0.0078 0.0051 0.0027 0.0027 0.0039 0.0026 0.0041 0.0044 0.0030 0.0058 0.0042 0.0036 0.0036 0.0027 
      H539.8  1 0.0298 0.0110 0.0042 0.0112 0.7339 0.0049 0.0785 0.0251 0.0044 0.0048 0.0134 0.0068 0.0047 0.0115 0.0042 0.0121 0.0185 0.0073 0.0045 0.0092 
      H539.9  1 0.0023 0.0046 0.0037 0.0046 0.9242 0.0030 0.0132 0.0024 0.0026 0.0019 0.0044 0.0055 0.0023 0.0046 0.0025 0.0042 0.0025 0.0050 0.0031 0.0033 
      H540.1  1 0.0050 0.0072 0.0033 0.0064 0.8350 0.0107 0.0056 0.0020 0.0040 0.0046 0.0064 0.0046 0.0044 0.0052 0.0103 0.0043 0.0044 0.0673 0.0057 0.0036 
      H540.2  1 0.0020 0.0047 0.0025 0.0046 0.9217 0.0032 0.0035 0.0033 0.0036 0.0041 0.0054 0.0040 0.0032 0.0058 0.0053 0.0035 0.0055 0.0080 0.0035 0.0027 
      H540.3  1 0.0057 0.0446 0.0059 0.0312 0.6943 0.0123 0.0167 0.0139 0.0051 0.0167 0.0412 0.0070 0.0078 0.0355 0.0055 0.0093 0.0174 0.0087 0.0058 0.0152 
      H540.4  1 0.0064 0.0105 0.0031 0.0102 0.8401 0.0048 0.0202 0.0070 0.0065 0.0041 0.0079 0.0042 0.0057 0.0074 0.0207 0.0083 0.0038 0.0155 0.0099 0.0040 
      H540.5  1 0.0025 0.0069 0.0039 0.0046 0.9005 0.0027 0.0037 0.0041 0.0033 0.0051 0.0052 0.0067 0.0056 0.0067 0.0063 0.0090 0.0060 0.0064 0.0042 0.0065 
      H540.6  1 0.0046 0.0113 0.0066 0.0120 0.8160 0.0069 0.0046 0.0048 0.0055 0.0063 0.0118 0.0064 0.0062 0.0104 0.0260 0.0081 0.0070 0.0262 0.0127 0.0065 
      H540.7  1 0.0037 0.0094 0.0027 0.0130 0.8452 0.0048 0.0082 0.0049 0.0093 0.0163 0.0112 0.0048 0.0064 0.0145 0.0122 0.0050 0.0076 0.0079 0.0072 0.0057 
      H540.8  1 0.0054 0.0141 0.0030 0.0110 0.8205 0.0042 0.0067 0.0036 0.0027 0.0064 0.0171 0.0060 0.0099 0.0145 0.0080 0.0056 0.0340 0.0217 0.0030 0.0026 
     H9558.1  1 0.0064 0.0038 0.0061 0.0049 0.9179 0.0023 0.0028 0.0037 0.0057 0.0019 0.0049 0.0030 0.0081 0.0044 0.0051 0.0051 0.0048 0.0045 0.0017 0.0028 
     H9558.2  1 0.0099 0.0128 0.0166 0.0098 0.8216 0.0039 0.0032 0.0068 0.0091 0.0042 0.0161 0.0059 0.0093 0.0101 0.0251 0.0061 0.0106 0.0055 0.0067 0.0067 
     H9558.3  1 0.0045 0.0049 0.0585 0.0075 0.8443 0.0024 0.0045 0.0102 0.0025 0.0025 0.0050 0.0075 0.0031 0.0051 0.0070 0.0047 0.0072 0.0042 0.0070 0.0075 
     H9558.4  1 0.0074 0.0048 0.0053 0.0043 0.9191 0.0018 0.0025 0.0046 0.0054 0.0021 0.0054 0.0029 0.0045 0.0047 0.0045 0.0069 0.0045 0.0041 0.0023 0.0029 
     H9558.5  1 0.0108 0.0048 0.0038 0.0051 0.9108 0.0018 0.0075 0.0086 0.0024 0.0030 0.0056 0.0040 0.0026 0.0034 0.0039 0.0068 0.0023 0.0027 0.0047 0.0056 
     H9558.6  1 0.0060 0.0144 0.0205 0.0193 0.8521 0.0027 0.0049 0.0054 0.0034 0.0030 0.0147 0.0052 0.0058 0.0151 0.0052 0.0034 0.0071 0.0035 0.0039 0.0045 
    kos339.1  1 0.0054 0.0074 0.0061 0.0064 0.0053 0.0026 0.0051 0.0030 0.0298 0.8499 0.0125 0.0052 0.0075 0.0120 0.0075 0.0025 0.0027 0.0083 0.0164 0.0045 
    kos339.2  1 0.0049 0.0048 0.0051 0.0045 0.0036 0.0074 0.0034 0.0027 0.0099 0.9089 0.0043 0.0045 0.0040 0.0046 0.0031 0.0033 0.0037 0.0025 0.0100 0.0049 
    kos339.3  1 0.0048 0.0046 0.0028 0.0036 0.0028 0.0032 0.0035 0.0031 0.0036 0.9332 0.0040 0.0028 0.0027 0.0041 0.0035 0.0031 0.0039 0.0063 0.0023 0.0021 
    kos339.4  1 0.0043 0.0037 0.0023 0.0035 0.0036 0.0030 0.0038 0.0029 0.0029 0.9350 0.0046 0.0026 0.0034 0.0038 0.0045 0.0030 0.0034 0.0044 0.0027 0.0025 
    kos339.5  1 0.0027 0.0066 0.0038 0.0054 0.0041 0.0028 0.0045 0.0034 0.0124 0.9038 0.0059 0.0045 0.0069 0.0061 0.0075 0.0032 0.0028 0.0043 0.0065 0.0029 
    kos339.6  1 0.0026 0.0036 0.0024 0.0035 0.0028 0.0043 0.0027 0.0025 0.0076 0.9291 0.0042 0.0028 0.0035 0.0039 0.0038 0.0028 0.0054 0.0033 0.0053 0.0042 
    kos339.7  1 0.0102 0.0038 0.0020 0.0045 0.0026 0.0031 0.0032 0.0033 0.0059 0.9285 0.0037 0.0031 0.0027 0.0042 0.0045 0.0027 0.0036 0.0037 0.0023 0.0024 
    kos339.8  1 0.0032 0.0053 0.0033 0.0047 0.0025 0.0040 0.0034 0.0032 0.0148 0.9167 0.0040 0.0038 0.0034 0.0053 0.0036 0.0032 0.0031 0.0029 0.0044 0.0052 
    kos339.9  1 0.0045 0.0142 0.0051 0.0125 0.0139 0.0081 0.0117 0.0026 0.0067 0.8129 0.0111 0.0075 0.0278 0.0148 0.0144 0.0040 0.0041 0.0072 0.0064 0.0105 
      H409.1 12 0.0025 0.0032 0.0028 0.0032 0.0019 0.0032 0.0023 0.0034 0.0040 0.0043 0.0029 0.9397 0.0029 0.0037 0.0054 0.0037 0.0033 0.0018 0.0030 0.0029 
     H409.10 12 0.0029 0.0079 0.0025 0.0082 0.0075 0.0043 0.0076 0.0101 0.0257 0.0042 0.0067 0.8435 0.0042 0.0072 0.0122 0.0218 0.0024 0.0057 0.0076 0.0077 
      H409.2 12 0.0082 0.0048 0.0032 0.0045 0.0031 0.0033 0.0025 0.0030 0.0040 0.0063 0.0046 0.9097 0.0057 0.0062 0.0040 0.0040 0.0048 0.0029 0.0030 0.0121 
      H409.3 12 0.0041 0.0038 0.0046 0.0037 0.0030 0.0038 0.0034 0.0029 0.0052 0.0030 0.0033 0.9301 0.0032 0.0040 0.0031 0.0033 0.0054 0.0031 0.0025 0.0046 
      H409.4 12 0.0041 0.0029 0.0050 0.0033 0.0029 0.0030 0.0027 0.0025 0.0028 0.0036 0.0025 0.9405 0.0024 0.0029 0.0031 0.0035 0.0038 0.0019 0.0023 0.0043 
      H409.5 12 0.0040 0.0047 0.0040 0.0035 0.0037 0.0030 0.0044 0.0028 0.0037 0.0020 0.0038 0.9309 0.0041 0.0040 0.0026 0.0025 0.0031 0.0060 0.0039 0.0036 
      H409.6 12 0.0085 0.0105 0.0642 0.0121 0.0083 0.0041 0.0064 0.0098 0.0080 0.0032 0.0131 0.7915 0.0040 0.0108 0.0059 0.0058 0.0073 0.0138 0.0066 0.0060 
      H409.7 12 0.0031 0.0044 0.0052 0.0048 0.0029 0.0047 0.0022 0.0035 0.0029 0.0059 0.0047 0.9140 0.0043 0.0053 0.0054 0.0050 0.0063 0.0018 0.0064 0.0073 
      H409.8 12 0.0027 0.0040 0.0032 0.0038 0.0028 0.0031 0.0037 0.0039 0.0049 0.0034 0.0051 0.9286 0.0045 0.0035 0.0037 0.0026 0.0040 0.0039 0.0058 0.0027 
      H409.9 12 0.0098 0.0358 0.0052 0.0420 0.2158 0.0067 0.0267 0.0230 0.1294 0.0030 0.0352 0.3493 0.0037 0.0373 0.0136 0.0051 0.0033 0.0197 0.0296 0.0059 
      H413.1 12 0.0026 0.0035 0.0039 0.0026 0.0026 0.0018 0.0044 0.9426 0.0019 0.0030 0.0033 0.0023 0.0025 0.0028 0.0039 0.0028 0.0029 0.0024 0.0046 0.0036 
      H413.2 12 0.0025 0.0034 0.0045 0.0026 0.0023 0.0022 0.0026 0.9478 0.0022 0.0044 0.0029 0.0022 0.0030 0.0022 0.0035 0.0021 0.0026 0.0021 0.0024 0.0025 
      H413.3 12 0.0019 0.0028 0.0039 0.0030 0.0035 0.0021 0.0023 0.9415 0.0030 0.0020 0.0026 0.0035 0.0027 0.0029 0.0043 0.0043 0.0041 0.0030 0.0039 0.0024 
      H413.4 12 0.0019 0.0035 0.0046 0.0041 0.0030 0.0029 0.0038 0.9219 0.0034 0.0055 0.0051 0.0044 0.0029 0.0042 0.0052 0.0022 0.0045 0.0024 0.0078 0.0066 
      H413.5 12 0.0020 0.0054 0.0029 0.0043 0.0148 0.0024 0.0118 0.9103 0.0029 0.0022 0.0048 0.0022 0.0104 0.0030 0.0034 0.0055 0.0028 0.0031 0.0027 0.0031 
      H413.6 12 0.0023 0.0090 0.0055 0.0066 0.0176 0.0044 0.0081 0.8714 0.0021 0.0045 0.0078 0.0038 0.0022 0.0061 0.0056 0.0173 0.0047 0.0022 0.0084 0.0104 
      H413.7 12 0.0024 0.0026 0.0023 0.0027 0.0029 0.0023 0.0026 0.9500 0.0028 0.0030 0.0022 0.0024 0.0020 0.0027 0.0028 0.0028 0.0030 0.0022 0.0030 0.0034 
      H563.1 12 0.0021 0.0041 0.0034 0.0045 0.0095 0.0027 0.0039 0.0128 0.0026 0.0022 0.0051 0.0043 0.0019 0.0041 0.0027 0.0043 0.0031 0.0039 0.9180 0.0046 
      H563.2 12 0.0038 0.0070 0.0054 0.0097 0.0071 0.0037 0.0054 0.0100 0.0043 0.0095 0.0090 0.0148 0.0061 0.0060 0.0062 0.0045 0.0150 0.0040 0.8603 0.0080 
      H563.3 12 0.0019 0.0035 0.0030 0.0038 0.0079 0.0032 0.0033 0.0037 0.0033 0.0023 0.0044 0.0030 0.0027 0.0030 0.0034 0.0026 0.0030 0.0073 0.9267 0.0077 
      H563.4 12 0.0025 0.0062 0.0105 0.0056 0.0050 0.0027 0.0045 0.0164 0.0035 0.0057 0.0060 0.0073 0.0038 0.0051 0.0037 0.0058 0.0069 0.0044 0.8871 0.0074 
      H563.5 12 0.0016 0.0039 0.0035 0.0036 0.0095 0.0024 0.0038 0.0055 0.0021 0.0031 0.0036 0.0028 0.0019 0.0035 0.0037 0.0051 0.0026 0.0030 0.9267 0.0081 
      H563.6 12 0.0034 0.0069 0.0049 0.0061 0.0048 0.0031 0.0040 0.0094 0.0038 0.0100 0.0063 0.0060 0.0040 0.0047 0.0048 0.0030 0.0060 0.0036 0.8964 0.0086 
      H563.7 12 0.0023 0.0047 0.0055 0.0066 0.0031 0.0030 0.0036 0.0097 0.0028 0.0105 0.0062 0.0068 0.0030 0.0056 0.0060 0.0029 0.0046 0.0026 0.8980 0.0124 
      H563.8 12 0.0020 0.0052 0.0044 0.0058 0.0149 0.0027 0.0046 0.0059 0.0031 0.0033 0.0059 0.0038 0.0031 0.0053 0.0026 0.0051 0.0039 0.0062 0.9023 0.0099 
      H563.9 12 0.0021 0.0075 0.0049 0.0085 0.0045 0.0035 0.0052 0.0071 0.0054 0.0106 0.0144 0.0146 0.0056 0.0109 0.0060 0.0048 0.0081 0.0043 0.8677 0.0045 
     H7374.1 12 0.0039 0.0066 0.0125 0.0044 0.0041 0.0064 0.0034 0.0032 0.0023 0.0035 0.0058 0.0087 0.0037 0.0053 0.0030 0.0027 0.0067 0.0059 0.0048 0.9031 
     H7374.2 12 0.0034 0.0057 0.0060 0.0045 0.0062 0.0037 0.0029 0.0059 0.0047 0.0021 0.0049 0.0045 0.0030 0.0060 0.0032 0.0051 0.0060 0.0066 0.0076 0.9080 
     H7374.3 12 0.0051 0.0094 0.0067 0.0106 0.0076 0.0131 0.0043 0.0038 0.0051 0.0040 0.0084 0.0073 0.0051 0.0092 0.0037 0.0039 0.0188 0.0090 0.0086 0.8564 
     H7374.4 12 0.0053 0.0049 0.0027 0.0040 0.0041 0.0035 0.0038 0.0063 0.0033 0.0058 0.0046 0.0042 0.0043 0.0037 0.0047 0.0055 0.0045 0.0033 0.0032 0.9182 
     H7374.5 12 0.0023 0.0040 0.0039 0.0038 0.0077 0.0026 0.0026 0.0030 0.0025 0.0042 0.0046 0.0031 0.0035 0.0040 0.0056 0.0030 0.0031 0.0045 0.0044 0.9276 
     H7374.6 12 0.0090 0.0120 0.0039 0.0096 0.0072 0.0091 0.0046 0.0037 0.0039 0.0077 0.0064 0.0048 0.0085 0.0106 0.0064 0.0043 0.0107 0.0042 0.0083 0.8651 
     H7374.7 12 0.0038 0.0032 0.0031 0.0043 0.0025 0.0030 0.0025 0.0044 0.0025 0.0054 0.0033 0.0052 0.0029 0.0037 0.0042 0.0027 0.0042 0.0027 0.0032 0.9332 
     H7374.8 12 0.0028 0.0052 0.0058 0.0050 0.0021 0.0049 0.0026 0.0026 0.0035 0.0059 0.0042 0.0041 0.0028 0.0044 0.0039 0.0025 0.0040 0.0026 0.0061 0.9250 
     H7374.9 12 0.0022 0.0039 0.0040 0.0041 0.0067 0.0037 0.0035 0.0029 0.0024 0.0031 0.0036 0.0023 0.0047 0.0041 0.0044 0.0039 0.0031 0.0036 0.0041 0.9296 
     H9563.1 12 0.0027 0.0045 0.0024 0.0046 0.0043 0.0033 0.0035 0.0042 0.0045 0.0037 0.0053 0.0027 0.0044 0.0043 0.0024 0.0031 0.0039 0.0040 0.9292 0.0032 
     H9563.2 12 0.0035 0.0043 0.0029 0.0040 0.0059 0.0035 0.0063 0.0037 0.0028 0.0030 0.0035 0.0022 0.0030 0.0050 0.0035 0.0027 0.0035 0.0047 0.9290 0.0030 
     H9563.3 12 0.0043 0.0044 0.0065 0.0055 0.0020 0.0048 0.0041 0.0026 0.0064 0.0032 0.0053 0.0043 0.0027 0.0053 0.0037 0.0046 0.0052 0.0034 0.9176 0.0041 
     H9563.4 12 0.0152 0.0223 0.0073 0.0147 0.0068 0.0074 0.0133 0.0049 0.0061 0.0053 0.0176 0.0112 0.0047 0.0135 0.0089 0.0048 0.0141 0.0080 0.8083 0.0056 
     H9563.5 12 0.0051 0.0093 0.0035 0.0083 0.0045 0.0040 0.0095 0.0032 0.0077 0.0064 0.0090 0.0100 0.0048 0.0086 0.0050 0.0055 0.0051 0.0084 0.8788 0.0032 
     H9563.6 12 0.0039 0.0058 0.0130 0.0051 0.0025 0.0052 0.0054 0.0036 0.0053 0.0027 0.0047 0.0038 0.0021 0.0035 0.0037 0.0035 0.0041 0.0051 0.9123 0.0047 
     H9563.7 12 0.0074 0.0039 0.0088 0.0040 0.0024 0.0038 0.0033 0.0033 0.0061 0.0021 0.0038 0.0030 0.0022 0.0039 0.0028 0.0027 0.0035 0.0054 0.9228 0.0048 
     H9563.8 12 0.0051 0.0198 0.0083 0.0203 0.0049 0.0054 0.0428 0.0036 0.0096 0.0097 0.0135 0.0075 0.0045 0.0218 0.0093 0.0124 0.0090 0.0053 0.7821 0.0049 
     H9563.9 12 0.0028 0.0064 0.0083 0.0051 0.0048 0.0039 0.0092 0.0036 0.0077 0.0048 0.0065 0.0030 0.0040 0.0081 0.0061 0.0057 0.0044 0.0057 0.8959 0.0043 
     H9572.1 12 0.0110 0.1177 0.0212 0.1142 0.0714 0.0097 0.0322 0.0246 0.0275 0.0060 0.0691 0.0107 0.0159 0.0517 0.1705 0.0053 0.0164 0.0094 0.2018 0.0138 
     H9572.2 12 0.0030 0.1002 0.0172 0.1308 0.0091 0.0344 0.0511 0.0071 0.0067 0.0075 0.1418 0.0144 0.0424 0.0809 0.0726 0.0030 0.0467 0.0069 0.2036 0.0206 
     H9572.3 12 0.0140 0.1470 0.0298 0.1221 0.0242 0.0049 0.0057 0.0109 0.0088 0.0549 0.1112 0.0366 0.0157 0.1197 0.0641 0.0029 0.0138 0.1275 0.0253 0.0609 
     H9572.4 12 0.0131 0.1847 0.0345 0.1188 0.0143 0.0080 0.0082 0.0070 0.0097 0.0299 0.1489 0.0118 0.0137 0.0899 0.1957 0.0026 0.0351 0.0098 0.0493 0.0151 
     H9572.5 12 0.0106 0.1369 0.0396 0.1806 0.0159 0.0143 0.0155 0.0033 0.0227 0.0572 0.1066 0.0051 0.0111 0.1271 0.1631 0.0030 0.0332 0.0178 0.0335 0.0031 
