      H105.1  1 0.9285 0.0032 0.0028 0.0023 0.0019 0.0027 0.0024 0.0027 0.0040 0.0046 0.0030 0.0044 0.0066 0.0022 0.0022 0.0035 0.0027 0.0027 0.0027 0.0025 0.0042 0.0037 0.0023 0.0020 
      H105.2  1 0.9019 0.0050 0.0040 0.0063 0.0027 0.0032 0.0036 0.0066 0.0027 0.0032 0.0036 0.0028 0.0051 0.0033 0.0036 0.0054 0.0019 0.0050 0.0073 0.0054 0.0075 0.0036 0.0029 0.0033 
      H105.3  1 0.9389 0.0023 0.0021 0.0020 0.0023 0.0029 0.0035 0.0033 0.0026 0.0040 0.0034 0.0031 0.0029 0.0019 0.0030 0.0022 0.0026 0.0017 0.0028 0.0026 0.0030 0.0019 0.0022 0.0027 
      H105.4  1 0.9198 0.0039 0.0036 0.0020 0.0040 0.0029 0.0029 0.0046 0.0027 0.0038 0.0027 0.0026 0.0049 0.0042 0.0026 0.0053 0.0031 0.0031 0.0027 0.0051 0.0034 0.0033 0.0030 0.0040 
      H105.5  1 0.8564 0.0071 0.0041 0.0028 0.0032 0.0031 0.0033 0.0078 0.0029 0.0039 0.0068 0.0033 0.0385 0.0055 0.0035 0.0073 0.0040 0.0064 0.0039 0.0047 0.0093 0.0037 0.0049 0.0034 
      H105.6  1 0.8816 0.0054 0.0064 0.0035 0.0047 0.0041 0.0068 0.0061 0.0033 0.0050 0.0052 0.0037 0.0041 0.0032 0.0042 0.0043 0.0034 0.0040 0.0054 0.0098 0.0041 0.0023 0.0090 0.0102 
      H105.7  1 0.8525 0.0079 0.0117 0.0037 0.0031 0.0028 0.0083 0.0050 0.0037 0.0162 0.0082 0.0086 0.0077 0.0054 0.0046 0.0056 0.0031 0.0063 0.0043 0.0071 0.0088 0.0040 0.0076 0.0038 
      H105.8  1 0.9327 0.0027 0.0019 0.0034 0.0023 0.0025 0.0031 0.0034 0.0023 0.0026 0.0023 0.0023 0.0029 0.0024 0.0024 0.0026 0.0021 0.0033 0.0076 0.0037 0.0039 0.0024 0.0029 0.0024 
      H115.1  1 0.0050 0.0239 0.0057 0.0065 0.0033 0.0041 0.0890 0.6516 0.0106 0.0112 0.0162 0.0039 0.0561 0.0052 0.0054 0.0086 0.0037 0.0065 0.0157 0.0283 0.0054 0.0092 0.0219 0.0029 
      H115.2  1 0.0028 0.0108 0.0071 0.0070 0.0028 0.0031 0.0089 0.8055 0.0033 0.0057 0.0108 0.0036 0.0214 0.0056 0.0077 0.0049 0.0034 0.0063 0.0065 0.0046 0.0057 0.0059 0.0527 0.0041 
      H115.3  1 0.0047 0.0059 0.0029 0.0056 0.0052 0.0031 0.0029 0.8814 0.0054 0.0068 0.0056 0.0033 0.0095 0.0064 0.0085 0.0038 0.0038 0.0027 0.0040 0.0028 0.0039 0.0065 0.0116 0.0038 
      H115.4  1 0.0043 0.0096 0.0032 0.0101 0.0054 0.0028 0.0061 0.7989 0.0157 0.0038 0.0100 0.0041 0.0061 0.0096 0.0113 0.0115 0.0053 0.0093 0.0298 0.0045 0.0176 0.0126 0.0040 0.0045 
      H115.5  1 0.0136 0.0141 0.0060 0.0057 0.0079 0.0028 0.0190 0.7124 0.0537 0.0055 0.0210 0.0086 0.0149 0.0053 0.0128 0.0071 0.0105 0.0075 0.0078 0.0055 0.0069 0.0109 0.0342 0.0064 
      H115.6  1 0.0052 0.0133 0.0077 0.0463 0.0025 0.0085 0.0031 0.7322 0.0153 0.0122 0.0076 0.0055 0.0108 0.0090 0.0427 0.0050 0.0033 0.0048 0.0052 0.0047 0.0058 0.0207 0.0224 0.0063 
      H115.7  1 0.0056 0.0214 0.0079 0.0099 0.0029 0.0075 0.0477 0.7390 0.0076 0.0119 0.0096 0.0032 0.0153 0.0056 0.0079 0.0156 0.0062 0.0081 0.0139 0.0136 0.0073 0.0122 0.0156 0.0043 
      H115.8  1 0.0081 0.0059 0.0039 0.0103 0.0016 0.0033 0.0056 0.8668 0.0065 0.0052 0.0064 0.0056 0.0088 0.0044 0.0068 0.0033 0.0038 0.0058 0.0036 0.0039 0.0058 0.0075 0.0144 0.0027 
      H115.9  1 0.0063 0.0116 0.0045 0.0043 0.0036 0.0033 0.0186 0.5971 0.0086 0.0083 0.0114 0.0059 0.0638 0.0086 0.0057 0.0078 0.0033 0.0051 0.0135 0.0218 0.0073 0.0071 0.1697 0.0027 
      H145.1  1 0.0025 0.0082 0.0149 0.0161 0.0047 0.0102 0.0029 0.0050 0.0059 0.0061 0.0067 0.0036 0.0078 0.0050 0.0168 0.0097 0.8372 0.0038 0.0041 0.0054 0.0040 0.0035 0.0106 0.0050 
      H145.2  1 0.0024 0.0102 0.0065 0.0081 0.0050 0.0037 0.0019 0.0052 0.0078 0.0058 0.0093 0.0037 0.0073 0.0054 0.0067 0.0053 0.8775 0.0018 0.0039 0.0038 0.0038 0.0046 0.0036 0.0067 
      H145.3  1 0.0022 0.0035 0.0031 0.0147 0.0027 0.0027 0.0020 0.0037 0.0020 0.0020 0.0029 0.0032 0.0034 0.0030 0.0026 0.0035 0.9279 0.0020 0.0020 0.0028 0.0017 0.0022 0.0023 0.0018 
      H145.4  1 0.0028 0.0059 0.0151 0.0041 0.0026 0.0063 0.0027 0.0031 0.0039 0.0074 0.0046 0.0031 0.0049 0.0033 0.0074 0.0057 0.8891 0.0039 0.0028 0.0061 0.0033 0.0038 0.0043 0.0040 
      H145.5  1 0.0029 0.0048 0.0041 0.0279 0.0021 0.0042 0.0019 0.0026 0.0032 0.0024 0.0034 0.0034 0.0032 0.0029 0.0037 0.0035 0.9066 0.0026 0.0029 0.0026 0.0021 0.0025 0.0021 0.0025 
      H145.6  1 0.0022 0.0047 0.0081 0.0036 0.0033 0.0028 0.0029 0.0026 0.0052 0.0079 0.0052 0.0028 0.0052 0.0055 0.0064 0.0033 0.9009 0.0019 0.0043 0.0026 0.0039 0.0036 0.0037 0.0072 
      H145.7  1 0.0021 0.0039 0.0045 0.0044 0.0027 0.0034 0.0021 0.0033 0.0060 0.0046 0.0038 0.0034 0.0037 0.0032 0.0048 0.0032 0.9165 0.0023 0.0026 0.0027 0.0033 0.0064 0.0020 0.0050 
      H149.1  1 0.0030 0.0030 0.0054 0.0045 0.0025 0.0048 0.0030 0.0034 0.8190 0.0024 0.0036 0.0029 0.0041 0.0054 0.0057 0.0022 0.0033 0.0027 0.0035 0.0049 0.0030 0.1023 0.0027 0.0028 
      H149.2  1 0.0034 0.0036 0.0041 0.0047 0.0022 0.0032 0.0021 0.0023 0.0260 0.0024 0.0052 0.0025 0.0044 0.0031 0.0032 0.0031 0.0049 0.0033 0.0034 0.0036 0.0056 0.8982 0.0030 0.0025 
      H149.3  1 0.0055 0.0171 0.0079 0.0074 0.0033 0.0046 0.0041 0.0076 0.0337 0.0103 0.0114 0.0041 0.0213 0.0142 0.0063 0.0070 0.0162 0.0071 0.0075 0.0073 0.0087 0.7802 0.0034 0.0039 
      H149.4  1 0.0107 0.0088 0.0035 0.0179 0.0036 0.0036 0.0056 0.0041 0.2655 0.0054 0.0084 0.0150 0.0034 0.0103 0.0064 0.0019 0.0033 0.0032 0.0139 0.0067 0.0097 0.5752 0.0104 0.0035 
      H149.5  1 0.0038 0.0042 0.0047 0.0028 0.0037 0.0027 0.0024 0.0025 0.0046 0.0051 0.0040 0.0034 0.0044 0.0039 0.0033 0.0055 0.0057 0.0031 0.0030 0.0039 0.0061 0.9121 0.0019 0.0031 
      H149.6  1 0.0022 0.0026 0.0030 0.0025 0.0021 0.0026 0.0024 0.0024 0.0083 0.0028 0.0029 0.0021 0.0030 0.0039 0.0049 0.0021 0.0040 0.0024 0.0035 0.0029 0.0031 0.9299 0.0018 0.0025 
      H149.7  1 0.0052 0.0104 0.0144 0.0052 0.0049 0.0050 0.0033 0.0053 0.0138 0.0061 0.0092 0.0081 0.0106 0.0167 0.0068 0.0060 0.0039 0.0104 0.0091 0.0066 0.0043 0.8260 0.0032 0.0057 
      H150.1  1 0.0045 0.0096 0.0047 0.0075 0.0020 0.0033 0.0040 0.6789 0.0026 0.0058 0.0078 0.0053 0.0049 0.0032 0.0042 0.0058 0.0050 0.0047 0.0024 0.0062 0.0037 0.0022 0.2156 0.0061 
      H150.2  1 0.0049 0.0070 0.0051 0.0102 0.0027 0.0036 0.0068 0.8331 0.0076 0.0052 0.0068 0.0043 0.0028 0.0033 0.0071 0.0038 0.0022 0.0078 0.0041 0.0037 0.0045 0.0043 0.0515 0.0072 
      H150.3  1 0.0057 0.0130 0.0107 0.0724 0.0022 0.0076 0.0321 0.2241 0.0061 0.0080 0.0225 0.0061 0.0074 0.0027 0.0107 0.0108 0.0065 0.0143 0.0046 0.0064 0.0042 0.0054 0.5113 0.0052 
      H150.4  1 0.0042 0.0055 0.0051 0.0095 0.0019 0.0056 0.0061 0.0826 0.0029 0.0061 0.0078 0.0073 0.0068 0.0030 0.0059 0.0048 0.0089 0.0075 0.0033 0.0050 0.0031 0.0028 0.8004 0.0040 
      H150.5  1 0.0041 0.0074 0.0087 0.0056 0.0027 0.0061 0.0048 0.8381 0.0037 0.0096 0.0063 0.0033 0.0093 0.0043 0.0074 0.0084 0.0036 0.0081 0.0039 0.0049 0.0055 0.0047 0.0334 0.0061 
      H150.6  1 0.0057 0.0191 0.0026 0.0051 0.0036 0.0115 0.0029 0.8510 0.0029 0.0046 0.0081 0.0033 0.0046 0.0051 0.0045 0.0064 0.0084 0.0073 0.0038 0.0073 0.0134 0.0050 0.0066 0.0073 
      H150.7  1 0.0111 0.0096 0.0042 0.0298 0.0017 0.0037 0.0066 0.2301 0.0040 0.0039 0.0109 0.0081 0.0046 0.0028 0.0040 0.0066 0.0053 0.0034 0.0046 0.0044 0.0081 0.0026 0.6246 0.0052 
   H169607.1  1 0.0029 0.0193 0.0069 0.0191 0.0036 0.0070 0.0038 0.0091 0.0055 0.0036 0.0096 0.0026 0.0317 0.0050 0.0140 0.7827 0.0081 0.0066 0.0229 0.0047 0.0035 0.0058 0.0099 0.0122 
   H169607.2  1 0.0029 0.0030 0.0037 0.0026 0.0025 0.0031 0.0022 0.0029 0.0024 0.0036 0.0026 0.0036 0.0031 0.0022 0.0023 0.9320 0.0030 0.0024 0.0027 0.0027 0.0026 0.0022 0.0045 0.0056 
   H169607.3  1 0.0040 0.0191 0.0087 0.0116 0.0042 0.0036 0.0030 0.0113 0.0036 0.0051 0.0259 0.0032 0.1426 0.0069 0.0068 0.6741 0.0157 0.0079 0.0093 0.0060 0.0089 0.0064 0.0063 0.0058 
   H169607.4  1 0.0027 0.0037 0.0039 0.0078 0.0026 0.0103 0.0021 0.0026 0.0025 0.0032 0.0045 0.0034 0.0092 0.0038 0.0036 0.9016 0.0045 0.0027 0.0021 0.0027 0.0019 0.0026 0.0063 0.0097 
   H169607.5  1 0.0022 0.0041 0.0059 0.0044 0.0033 0.0034 0.0039 0.0054 0.0037 0.0048 0.0063 0.0035 0.0797 0.0057 0.0031 0.8270 0.0050 0.0043 0.0038 0.0031 0.0037 0.0035 0.0072 0.0030 
   H169607.6  1 0.0026 0.0026 0.0028 0.0031 0.0024 0.0024 0.0022 0.0023 0.0019 0.0023 0.0025 0.0038 0.0042 0.0022 0.0017 0.9406 0.0026 0.0019 0.0027 0.0019 0.0027 0.0019 0.0029 0.0037 
   H169607.7  1 0.0058 0.0049 0.0043 0.0057 0.0026 0.0023 0.0024 0.0167 0.0027 0.0031 0.0052 0.0034 0.0076 0.0108 0.0037 0.8770 0.0049 0.0108 0.0109 0.0024 0.0024 0.0028 0.0030 0.0045 
   H169607.8  1 0.0034 0.0039 0.0037 0.0045 0.0039 0.0056 0.0028 0.0034 0.0028 0.0038 0.0036 0.0052 0.0076 0.0038 0.0021 0.9107 0.0039 0.0034 0.0027 0.0041 0.0031 0.0036 0.0045 0.0039 
   H169633.1  1 0.0045 0.0098 0.0060 0.0036 0.0037 0.0053 0.0094 0.0049 0.8464 0.0064 0.0093 0.0035 0.0045 0.0032 0.0080 0.0027 0.0122 0.0205 0.0048 0.0035 0.0070 0.0081 0.0045 0.0081 
   H169633.2  1 0.0126 0.0189 0.0055 0.0028 0.0058 0.0042 0.0053 0.0062 0.7158 0.0037 0.0254 0.0035 0.0041 0.0053 0.0933 0.0021 0.0137 0.0154 0.0097 0.0080 0.0076 0.0207 0.0023 0.0083 
   H169633.3  1 0.0031 0.0092 0.0204 0.0047 0.0089 0.0036 0.0068 0.0067 0.8187 0.0060 0.0083 0.0071 0.0058 0.0130 0.0082 0.0031 0.0056 0.0056 0.0071 0.0061 0.0043 0.0241 0.0061 0.0074 
   H169633.4  1 0.0033 0.0053 0.0109 0.0039 0.0058 0.0050 0.0091 0.0052 0.8658 0.0066 0.0095 0.0039 0.0048 0.0051 0.0082 0.0044 0.0090 0.0028 0.0058 0.0051 0.0069 0.0069 0.0045 0.0025 
   H169633.5  1 0.0041 0.0067 0.0087 0.0045 0.0049 0.0055 0.0087 0.0062 0.8630 0.0079 0.0073 0.0037 0.0052 0.0061 0.0084 0.0051 0.0102 0.0040 0.0038 0.0045 0.0069 0.0071 0.0044 0.0031 
   H169688.1  1 0.0030 0.0088 0.0163 0.0180 0.0082 0.0050 0.0372 0.0032 0.0053 0.0040 0.0099 0.0091 0.0060 0.0046 0.0025 0.0152 0.0063 0.7931 0.0067 0.0057 0.0123 0.0074 0.0059 0.0065 
   H169688.2  1 0.0086 0.0052 0.0076 0.0024 0.0033 0.0041 0.0040 0.0029 0.0032 0.0031 0.0039 0.0047 0.0037 0.0042 0.0028 0.0024 0.0030 0.8987 0.0045 0.0082 0.0060 0.0033 0.0034 0.0069 
   H169688.3  1 0.0040 0.0040 0.0025 0.0023 0.0017 0.0038 0.0027 0.0029 0.0029 0.0034 0.0030 0.0019 0.0036 0.0027 0.0048 0.0021 0.0026 0.9258 0.0033 0.0059 0.0027 0.0042 0.0035 0.0039 
   H169688.4  1 0.0021 0.0031 0.0023 0.0025 0.0022 0.0024 0.0025 0.0053 0.0022 0.0023 0.0033 0.0018 0.0060 0.0033 0.0026 0.0023 0.0026 0.9334 0.0023 0.0039 0.0023 0.0031 0.0040 0.0026 
   H169688.5  1 0.0016 0.0038 0.0026 0.0026 0.0022 0.0023 0.0019 0.0048 0.0023 0.0026 0.0030 0.0018 0.0066 0.0037 0.0032 0.0022 0.0028 0.9312 0.0030 0.0038 0.0028 0.0028 0.0037 0.0025 
   H169688.6  1 0.0023 0.0066 0.0052 0.0030 0.0050 0.0038 0.0037 0.0024 0.0032 0.0025 0.0034 0.0035 0.0032 0.0041 0.0018 0.0036 0.0027 0.8718 0.0322 0.0069 0.0058 0.0173 0.0030 0.0029 
   H169688.7  1 0.0049 0.0079 0.0049 0.0114 0.0017 0.0053 0.0032 0.0123 0.0035 0.0047 0.0092 0.0100 0.0074 0.0057 0.0058 0.0029 0.0138 0.8505 0.0056 0.0087 0.0039 0.0044 0.0061 0.0063 
   H171901.1  1 0.0310 0.1428 0.1190 0.0051 0.0025 0.0055 0.0275 0.0638 0.0062 0.0255 0.1895 0.0028 0.2014 0.0049 0.0142 0.0182 0.0522 0.0091 0.0136 0.0050 0.0305 0.0060 0.0161 0.0075 
   H171901.2  1 0.0758 0.0174 0.0091 0.0061 0.0041 0.0187 0.0038 0.0120 0.6061 0.0065 0.0143 0.0063 0.0152 0.0408 0.0069 0.0110 0.0058 0.0055 0.0480 0.0045 0.0076 0.0422 0.0217 0.0104 
   H171901.3  1 0.0114 0.0292 0.0156 0.0074 0.0068 0.0095 0.0105 0.0209 0.3952 0.0041 0.0494 0.0040 0.1209 0.0120 0.0071 0.0100 0.0030 0.0127 0.0688 0.0062 0.0069 0.1507 0.0148 0.0227 
   H171901.4  1 0.0406 0.0162 0.0051 0.0050 0.0045 0.0102 0.0043 0.0231 0.6213 0.0048 0.0155 0.0054 0.0212 0.0128 0.0080 0.0209 0.0040 0.0059 0.0767 0.0065 0.0054 0.0414 0.0092 0.0321 
   H171901.5  1 0.0323 0.0519 0.0060 0.0116 0.0048 0.0199 0.0027 0.0467 0.2963 0.0050 0.0461 0.0063 0.0184 0.0402 0.0374 0.0126 0.0047 0.0050 0.0838 0.0097 0.0251 0.1313 0.0138 0.0885 
   H171901.6  1 0.0143 0.0925 0.0167 0.0226 0.0062 0.0094 0.0037 0.0400 0.1823 0.0050 0.0639 0.0059 0.0180 0.0417 0.0404 0.0114 0.0047 0.0092 0.0764 0.0137 0.0399 0.1024 0.0265 0.1531 
   H171901.7  1 0.0042 0.0418 0.0999 0.0062 0.0091 0.0062 0.0056 0.0116 0.2250 0.0045 0.0883 0.0062 0.0957 0.1363 0.0184 0.0061 0.0042 0.0219 0.0500 0.0065 0.0343 0.0708 0.0086 0.0384 
   H171902.1  1 0.0019 0.0035 0.0029 0.9182 0.0023 0.0026 0.0022 0.0031 0.0042 0.0025 0.0047 0.0037 0.0028 0.0035 0.0069 0.0045 0.0035 0.0033 0.0041 0.0031 0.0032 0.0033 0.0029 0.0071 
  H171902.10  1 0.0027 0.0034 0.0030 0.9221 0.0023 0.0032 0.0021 0.0058 0.0030 0.0030 0.0039 0.0031 0.0036 0.0046 0.0045 0.0029 0.0025 0.0042 0.0038 0.0023 0.0044 0.0048 0.0027 0.0020 
   H171902.2  1 0.0027 0.0056 0.0036 0.8819 0.0022 0.0025 0.0047 0.0048 0.0108 0.0027 0.0055 0.0047 0.0040 0.0026 0.0053 0.0049 0.0033 0.0047 0.0063 0.0037 0.0041 0.0071 0.0041 0.0182 
   H171902.3  1 0.0024 0.0031 0.0049 0.8902 0.0032 0.0031 0.0030 0.0049 0.0111 0.0026 0.0046 0.0037 0.0050 0.0035 0.0075 0.0043 0.0025 0.0043 0.0062 0.0038 0.0049 0.0088 0.0046 0.0080 
   H171902.4  1 0.0024 0.0040 0.0044 0.9098 0.0023 0.0037 0.0027 0.0029 0.0112 0.0032 0.0032 0.0030 0.0027 0.0040 0.0051 0.0024 0.0034 0.0022 0.0031 0.0034 0.0045 0.0109 0.0028 0.0026 
   H171902.6  1 0.0022 0.0024 0.0036 0.9307 0.0022 0.0028 0.0023 0.0026 0.0041 0.0026 0.0032 0.0033 0.0026 0.0032 0.0033 0.0029 0.0026 0.0020 0.0023 0.0024 0.0057 0.0052 0.0033 0.0024 
   H171902.7  1 0.0049 0.0070 0.0076 0.8360 0.0022 0.0046 0.0019 0.0081 0.0039 0.0033 0.0074 0.0041 0.0226 0.0084 0.0051 0.0203 0.0040 0.0031 0.0036 0.0030 0.0033 0.0301 0.0029 0.0027 
   H171902.8  1 0.0020 0.0037 0.0038 0.9114 0.0025 0.0040 0.0032 0.0044 0.0034 0.0028 0.0046 0.0028 0.0036 0.0037 0.0045 0.0044 0.0031 0.0031 0.0045 0.0027 0.0061 0.0070 0.0045 0.0042 
   H171902.9  1 0.0025 0.0031 0.0031 0.9267 0.0024 0.0035 0.0022 0.0044 0.0022 0.0029 0.0029 0.0034 0.0034 0.0032 0.0036 0.0056 0.0040 0.0026 0.0021 0.0032 0.0024 0.0024 0.0058 0.0023 
   H171903.1  1 0.0095 0.0070 0.0071 0.0034 0.0056 0.0036 0.0038 0.0330 0.0048 0.0040 0.0113 0.0045 0.3868 0.0168 0.0052 0.4434 0.0042 0.0066 0.0044 0.0030 0.0037 0.0034 0.0195 0.0053 
   H171903.2  1 0.0336 0.0075 0.0043 0.0045 0.0058 0.0080 0.0022 0.0063 0.0027 0.0077 0.0096 0.0051 0.8160 0.0120 0.0036 0.0291 0.0063 0.0025 0.0032 0.0035 0.0039 0.0022 0.0098 0.0105 
   H171903.3  1 0.0107 0.0060 0.0098 0.0028 0.0139 0.0135 0.0036 0.0038 0.0033 0.0031 0.0077 0.0027 0.8554 0.0058 0.0183 0.0099 0.0031 0.0031 0.0033 0.0076 0.0025 0.0031 0.0042 0.0027 
   H171903.4  1 0.0052 0.0102 0.0190 0.0166 0.0048 0.0110 0.0029 0.0150 0.0035 0.0052 0.0197 0.0026 0.6851 0.0107 0.0162 0.0822 0.0066 0.0459 0.0045 0.0042 0.0046 0.0076 0.0076 0.0089 
   H171903.5  1 0.0049 0.0042 0.0037 0.0036 0.0034 0.0028 0.0023 0.0047 0.0071 0.0034 0.0067 0.0030 0.8851 0.0046 0.0074 0.0066 0.0041 0.0127 0.0048 0.0057 0.0044 0.0064 0.0043 0.0042 
   H171903.6  1 0.0029 0.0087 0.0043 0.0051 0.0036 0.0031 0.0021 0.0075 0.0067 0.0025 0.0054 0.0025 0.8351 0.0096 0.0038 0.0250 0.0036 0.0464 0.0033 0.0037 0.0026 0.0055 0.0040 0.0030 
      H177.1  1 0.0024 0.0050 0.0083 0.0037 0.0043 0.0089 0.0041 0.0039 0.0038 0.0023 0.0048 0.0033 0.0051 0.8995 0.0028 0.0057 0.0026 0.0053 0.0044 0.0034 0.0037 0.0033 0.0071 0.0024 
      H177.2  1 0.0036 0.0273 0.0051 0.0038 0.0034 0.0217 0.0023 0.0116 0.0147 0.0096 0.0306 0.0303 0.0179 0.6431 0.0074 0.0151 0.0767 0.0062 0.0183 0.0112 0.0210 0.0101 0.0054 0.0037 
      H177.3  1 0.0021 0.0045 0.0036 0.0040 0.0048 0.0051 0.0020 0.0033 0.0065 0.0032 0.0059 0.0037 0.0101 0.8903 0.0048 0.0053 0.0130 0.0028 0.0036 0.0041 0.0048 0.0066 0.0037 0.0021 
      H177.4  1 0.0061 0.0092 0.0165 0.0040 0.0119 0.0054 0.0021 0.0030 0.0051 0.0070 0.0098 0.0079 0.0086 0.8185 0.0098 0.0047 0.0068 0.0028 0.0332 0.0079 0.0052 0.0046 0.0030 0.0072 
      H177.5  1 0.0048 0.0114 0.0294 0.0041 0.0042 0.0115 0.0027 0.0085 0.0044 0.0089 0.0179 0.0162 0.0084 0.7910 0.0082 0.0034 0.0109 0.0114 0.0072 0.0109 0.0042 0.0029 0.0094 0.0082 
      H177.6  1 0.0019 0.0044 0.0041 0.0040 0.0036 0.0056 0.0025 0.0038 0.0062 0.0036 0.0051 0.0049 0.0065 0.8845 0.0069 0.0038 0.0120 0.0029 0.0054 0.0042 0.0045 0.0132 0.0029 0.0032 
      H179.1  1 0.0058 0.0067 0.0141 0.0034 0.0028 0.0047 0.0084 0.0074 0.0039 0.0060 0.0077 0.0044 0.0065 0.0075 0.0066 0.0032 0.0020 0.0190 0.6892 0.1642 0.0045 0.0046 0.0090 0.0084 
      H179.2  1 0.0045 0.0121 0.0055 0.0062 0.0147 0.0087 0.0030 0.0081 0.0036 0.0040 0.0139 0.0035 0.0066 0.0073 0.0315 0.0047 0.0026 0.0209 0.6682 0.1379 0.0097 0.0103 0.0070 0.0055 
      H179.3  1 0.0038 0.0175 0.0206 0.0045 0.0054 0.0044 0.0075 0.0137 0.0032 0.0066 0.0136 0.0038 0.0312 0.0171 0.0053 0.0103 0.0031 0.0803 0.5999 0.1016 0.0053 0.0067 0.0212 0.0133 
      H179.4  1 0.0061 0.0250 0.0205 0.0043 0.0486 0.0336 0.0051 0.0047 0.0082 0.0049 0.0299 0.0068 0.0318 0.0139 0.0138 0.0068 0.0041 0.0169 0.5256 0.1049 0.0122 0.0248 0.0042 0.0436 
      H180.1  1 0.0040 0.0072 0.0022 0.0076 0.0039 0.0035 0.0052 0.8692 0.0026 0.0039 0.0066 0.0031 0.0038 0.0077 0.0062 0.0054 0.0021 0.0043 0.0156 0.0058 0.0210 0.0026 0.0034 0.0030 
      H180.2  1 0.0038 0.0042 0.0030 0.0022 0.0026 0.0023 0.0066 0.9131 0.0024 0.0020 0.0053 0.0042 0.0031 0.0078 0.0039 0.0027 0.0025 0.0038 0.0040 0.0053 0.0053 0.0030 0.0030 0.0036 
      H180.3  1 0.0029 0.0051 0.0046 0.0032 0.0042 0.0022 0.0041 0.8823 0.0045 0.0021 0.0065 0.0048 0.0061 0.0039 0.0090 0.0051 0.0061 0.0052 0.0048 0.0082 0.0039 0.0047 0.0123 0.0041 
      H180.4  1 0.0052 0.0079 0.0029 0.0053 0.0032 0.0037 0.0069 0.8841 0.0054 0.0032 0.0070 0.0046 0.0056 0.0057 0.0038 0.0036 0.0034 0.0021 0.0085 0.0058 0.0090 0.0042 0.0035 0.0056 
      H180.5  1 0.0021 0.0042 0.0033 0.0042 0.0032 0.0032 0.0031 0.8968 0.0032 0.0028 0.0048 0.0058 0.0041 0.0142 0.0033 0.0025 0.0037 0.0038 0.0077 0.0035 0.0099 0.0048 0.0025 0.0036 
      H180.6  1 0.0055 0.0100 0.0090 0.0063 0.0035 0.0024 0.0038 0.8463 0.0113 0.0037 0.0070 0.0158 0.0048 0.0041 0.0048 0.0070 0.0161 0.0035 0.0088 0.0040 0.0042 0.0048 0.0065 0.0065 
      H181.1  1 0.0070 0.0065 0.0042 0.0050 0.0031 0.0025 0.0035 0.0057 0.0057 0.0029 0.0060 0.0055 0.0153 0.0055 0.0038 0.0051 0.0036 0.0032 0.0049 0.0033 0.8710 0.0216 0.0030 0.0023 
      H181.2  1 0.0036 0.0048 0.0037 0.0048 0.0027 0.0045 0.0035 0.0039 0.0054 0.0029 0.0066 0.0073 0.0030 0.0103 0.0044 0.0035 0.0062 0.0033 0.0060 0.0037 0.8889 0.0055 0.0035 0.0081 
      H181.3  1 0.0046 0.0058 0.0029 0.0069 0.0026 0.0046 0.0047 0.0040 0.0086 0.0041 0.0062 0.0072 0.0034 0.0047 0.0034 0.0037 0.0043 0.0041 0.0042 0.0019 0.8880 0.0073 0.0050 0.0075 
      H181.4  1 0.0094 0.0150 0.0047 0.0047 0.0036 0.0051 0.0042 0.0114 0.0110 0.0046 0.0230 0.0327 0.0092 0.0077 0.0043 0.0055 0.0052 0.0060 0.0042 0.0051 0.7730 0.0173 0.0193 0.0137 
      H181.5  1 0.0062 0.0039 0.0044 0.0037 0.0036 0.0033 0.0039 0.0033 0.0038 0.0038 0.0046 0.0038 0.0030 0.0037 0.0050 0.0031 0.0025 0.0033 0.0150 0.0051 0.9015 0.0041 0.0029 0.0026 
      H181.6  1 0.0066 0.0083 0.0056 0.0051 0.0057 0.0027 0.0032 0.0069 0.0034 0.0037 0.0059 0.0035 0.0039 0.0072 0.0088 0.0038 0.0032 0.0030 0.0303 0.0073 0.8512 0.0040 0.0056 0.0113 
      H181.7  1 0.0051 0.0050 0.0046 0.0032 0.0053 0.0030 0.0028 0.0042 0.0044 0.0025 0.0076 0.0031 0.0043 0.0033 0.0028 0.0039 0.0034 0.0040 0.0160 0.0071 0.8952 0.0032 0.0032 0.0028 
 H194.1_2004  1 0.0020 0.0065 0.8964 0.0045 0.0037 0.0025 0.0025 0.0037 0.0067 0.0026 0.0050 0.0033 0.0082 0.0047 0.0089 0.0069 0.0036 0.0048 0.0035 0.0052 0.0024 0.0036 0.0044 0.0045 
 H194.2_2004  1 0.0025 0.0039 0.9225 0.0036 0.0021 0.0028 0.0033 0.0026 0.0022 0.0024 0.0031 0.0029 0.0041 0.0031 0.0045 0.0061 0.0044 0.0027 0.0020 0.0027 0.0029 0.0060 0.0036 0.0040 
 H194.3_2004  1 0.0030 0.0105 0.7727 0.0058 0.0057 0.0067 0.0025 0.0030 0.0171 0.0042 0.0082 0.0049 0.0080 0.0183 0.0118 0.0041 0.0089 0.0047 0.0076 0.0420 0.0054 0.0352 0.0030 0.0068 
 H194.4_2004  1 0.0027 0.0052 0.8902 0.0042 0.0027 0.0048 0.0038 0.0024 0.0074 0.0023 0.0054 0.0040 0.0045 0.0094 0.0064 0.0029 0.0106 0.0027 0.0040 0.0027 0.0042 0.0097 0.0033 0.0044 
 H194.5_2004  1 0.0029 0.0092 0.8430 0.0038 0.0053 0.0066 0.0020 0.0024 0.0149 0.0041 0.0066 0.0061 0.0057 0.0060 0.0122 0.0081 0.0053 0.0059 0.0045 0.0143 0.0042 0.0115 0.0033 0.0122 
 H194.6_2004  1 0.0030 0.0133 0.6898 0.0086 0.0128 0.0093 0.0034 0.0044 0.0126 0.0026 0.0161 0.0073 0.0187 0.0739 0.0115 0.0062 0.0058 0.0069 0.0047 0.0329 0.0072 0.0311 0.0048 0.0131 
 H194.7_2004  1 0.0031 0.0043 0.9218 0.0020 0.0035 0.0021 0.0026 0.0030 0.0025 0.0027 0.0029 0.0038 0.0079 0.0045 0.0024 0.0044 0.0041 0.0036 0.0022 0.0041 0.0031 0.0037 0.0035 0.0022 
 H194.8_2004  1 0.0034 0.0055 0.8976 0.0054 0.0046 0.0052 0.0036 0.0024 0.0062 0.0025 0.0057 0.0042 0.0033 0.0041 0.0042 0.0043 0.0046 0.0027 0.0035 0.0032 0.0046 0.0069 0.0046 0.0078 
      H194.9  1 0.0023 0.0047 0.9164 0.0036 0.0032 0.0029 0.0041 0.0028 0.0035 0.0027 0.0040 0.0057 0.0035 0.0042 0.0045 0.0041 0.0044 0.0024 0.0023 0.0027 0.0030 0.0029 0.0041 0.0058 
 H195.1_2003  1 0.0025 0.0030 0.0026 0.0028 0.0022 0.0032 0.0022 0.0021 0.0033 0.0018 0.0029 0.0027 0.0021 0.0024 0.0032 0.0025 0.0026 0.0019 0.0020 0.0025 0.0025 0.0035 0.0024 0.9411 
 H195.1_2004  1 0.0026 0.0035 0.0033 0.0039 0.0026 0.0110 0.0026 0.0032 0.0066 0.0042 0.0044 0.0026 0.0029 0.0053 0.0047 0.0033 0.9017 0.0038 0.0024 0.0028 0.0058 0.0064 0.0027 0.0079 
 H195.2_2003  1 0.0063 0.0068 0.0057 0.0113 0.0045 0.0061 0.0024 0.0034 0.0028 0.0038 0.0081 0.0093 0.0054 0.0032 0.0053 0.0119 0.0065 0.0473 0.0024 0.0023 0.0041 0.0030 0.0114 0.8267 
 H195.2_2004  1 0.0024 0.0063 0.0084 0.0031 0.0029 0.0045 0.0026 0.0059 0.0094 0.0029 0.0060 0.0107 0.0031 0.0038 0.0042 0.0033 0.7671 0.0133 0.0034 0.0036 0.0034 0.0078 0.0038 0.1179 
 H195.3_2003  1 0.0078 0.0095 0.0092 0.0027 0.0044 0.0075 0.0066 0.0065 0.0021 0.0055 0.0090 0.0084 0.0059 0.0044 0.0028 0.0119 0.0048 0.0256 0.0028 0.0063 0.0080 0.0032 0.0565 0.7886 
 H195.3_2004  1 0.0039 0.0057 0.0057 0.0055 0.0043 0.0079 0.0038 0.0034 0.0128 0.0037 0.0060 0.0037 0.0029 0.0076 0.0075 0.0038 0.6769 0.0037 0.0048 0.0043 0.0049 0.0201 0.0031 0.1940 
 H195.4_2003  1 0.0024 0.0050 0.0069 0.0030 0.0040 0.0026 0.0021 0.0032 0.0091 0.0051 0.0039 0.0027 0.0022 0.0053 0.0151 0.0042 0.0391 0.0023 0.0036 0.0030 0.0028 0.0232 0.0026 0.8465 
 H195.4_2004  1 0.0019 0.0051 0.0062 0.0032 0.0061 0.0045 0.0035 0.0025 0.0066 0.0026 0.0060 0.0049 0.0043 0.0052 0.0034 0.0039 0.8592 0.0117 0.0047 0.0035 0.0042 0.0056 0.0027 0.0385 
 H195.5_2003  1 0.0025 0.0063 0.0033 0.0025 0.0048 0.0150 0.0082 0.0064 0.0054 0.0057 0.0044 0.0028 0.0027 0.0023 0.0033 0.0024 0.0046 0.0020 0.0023 0.0028 0.0025 0.0037 0.0034 0.9009 
 H195.5_2004  1 0.0034 0.0057 0.0032 0.0031 0.0038 0.0037 0.0071 0.0035 0.0040 0.0030 0.0054 0.0023 0.0026 0.0064 0.0027 0.0026 0.8829 0.0030 0.0036 0.0036 0.0032 0.0050 0.0030 0.0332 
 H195.6_2003  1 0.0031 0.0070 0.0039 0.0076 0.0046 0.0053 0.0026 0.0040 0.0022 0.0091 0.0081 0.0051 0.0042 0.0046 0.0037 0.0093 0.0676 0.0213 0.0028 0.0025 0.0059 0.0047 0.0168 0.7940 
 H195.6_2004  1 0.0063 0.0060 0.0086 0.0038 0.0038 0.0080 0.0040 0.0023 0.0073 0.0032 0.0060 0.0042 0.0035 0.0053 0.0044 0.0069 0.7740 0.0046 0.0036 0.0038 0.0040 0.0041 0.0020 0.1205 
 H195.7_2003  1 0.0040 0.0073 0.0044 0.0026 0.0030 0.0035 0.0028 0.0023 0.0027 0.0038 0.0086 0.0047 0.0039 0.0029 0.0037 0.0055 0.0232 0.0431 0.0026 0.0028 0.0047 0.0056 0.0023 0.8498 
 H195.7_2004  1 0.0022 0.0040 0.0023 0.0030 0.0021 0.0036 0.0034 0.0091 0.0027 0.0020 0.0038 0.0049 0.0026 0.0029 0.0027 0.0025 0.9124 0.0085 0.0025 0.0025 0.0033 0.0023 0.0077 0.0069 
      H195.8  1 0.0020 0.0036 0.0038 0.0029 0.0039 0.0039 0.0037 0.0036 0.0028 0.0030 0.0031 0.0022 0.0030 0.0049 0.0027 0.0026 0.9283 0.0032 0.0021 0.0021 0.0026 0.0026 0.0035 0.0040 
      H195.9  1 0.0022 0.0062 0.0120 0.0034 0.0086 0.0086 0.0025 0.0041 0.0077 0.0031 0.0065 0.0060 0.0050 0.0207 0.0045 0.0064 0.7886 0.0048 0.0052 0.0041 0.0045 0.0091 0.0025 0.0737 
      H415.1  1 0.0036 0.0053 0.0075 0.0036 0.0022 0.0073 0.0058 0.0089 0.0061 0.0031 0.0073 0.0022 0.0036 0.0054 0.8744 0.0033 0.0039 0.0103 0.0044 0.0044 0.0051 0.0045 0.0136 0.0042 
      H415.2  1 0.0040 0.0559 0.0124 0.0492 0.0032 0.0101 0.0030 0.0071 0.0051 0.0174 0.0287 0.0065 0.0378 0.0323 0.6441 0.0116 0.0031 0.0093 0.0156 0.0200 0.0052 0.0040 0.0119 0.0029 
      H415.3  1 0.0032 0.0048 0.0028 0.0042 0.0027 0.0030 0.0024 0.0045 0.0106 0.0065 0.0070 0.0051 0.0039 0.0055 0.8827 0.0028 0.0027 0.0046 0.0177 0.0047 0.0058 0.0042 0.0034 0.0053 
      H415.4  1 0.0035 0.0037 0.0044 0.0029 0.0019 0.0043 0.0018 0.0055 0.0040 0.0032 0.0037 0.0024 0.0028 0.0025 0.9219 0.0025 0.0030 0.0020 0.0027 0.0044 0.0024 0.0053 0.0038 0.0050 
      H415.5  1 0.0024 0.0032 0.0030 0.0044 0.0028 0.0032 0.0025 0.0038 0.0047 0.0030 0.0042 0.0028 0.0041 0.0035 0.9209 0.0022 0.0031 0.0040 0.0031 0.0033 0.0047 0.0056 0.0025 0.0032 
      H415.6  1 0.0036 0.0028 0.0057 0.0047 0.0020 0.0044 0.0018 0.0039 0.0033 0.0028 0.0044 0.0030 0.0031 0.0027 0.9202 0.0024 0.0029 0.0017 0.0027 0.0042 0.0024 0.0063 0.0041 0.0050 
      H415.7  1 0.0032 0.0209 0.0074 0.0286 0.0056 0.0119 0.0027 0.0046 0.0068 0.0104 0.0371 0.0079 0.0269 0.0080 0.7482 0.0124 0.0058 0.0079 0.0202 0.0041 0.0036 0.0057 0.0050 0.0052 
      H506.1  1 0.0031 0.0027 0.0023 0.0021 0.0032 0.0028 0.0030 0.0021 0.0043 0.0055 0.0028 0.0053 0.0023 0.0033 0.0021 0.0026 0.0022 0.0023 0.7605 0.1725 0.0053 0.0035 0.0016 0.0027 
      H506.2  1 0.0039 0.0034 0.0025 0.0022 0.0031 0.0032 0.0020 0.0024 0.0039 0.0024 0.0046 0.0041 0.0021 0.0099 0.0030 0.0032 0.0112 0.0022 0.7607 0.1544 0.0061 0.0037 0.0020 0.0038 
      H506.3  1 0.0034 0.0100 0.0023 0.0039 0.0041 0.0054 0.0027 0.0059 0.0040 0.0057 0.0090 0.0041 0.0062 0.0152 0.0044 0.0043 0.0064 0.0124 0.6915 0.1628 0.0235 0.0037 0.0039 0.0052 
      H506.4  1 0.0027 0.0044 0.0034 0.0044 0.0118 0.0024 0.0026 0.0057 0.0047 0.0048 0.0049 0.0031 0.0075 0.0086 0.0056 0.0039 0.0027 0.0037 0.7453 0.1460 0.0075 0.0052 0.0045 0.0044 
      H506.5  1 0.0038 0.0042 0.0029 0.0042 0.0068 0.0053 0.0021 0.0026 0.0052 0.0034 0.0054 0.0028 0.0037 0.0077 0.0040 0.0039 0.0042 0.0020 0.7490 0.1592 0.0056 0.0039 0.0026 0.0056 
      H506.6  1 0.0034 0.0167 0.0048 0.0048 0.0067 0.0107 0.0026 0.0047 0.0037 0.0072 0.0207 0.0027 0.0173 0.1353 0.0053 0.0123 0.0217 0.0086 0.5972 0.0827 0.0108 0.0032 0.0054 0.0114 
      H506.7  1 0.0039 0.0031 0.0022 0.0032 0.0030 0.0035 0.0023 0.0023 0.0045 0.0034 0.0026 0.0039 0.0027 0.0070 0.0028 0.0036 0.0059 0.0023 0.7579 0.1617 0.0062 0.0039 0.0020 0.0061 
      H533.1  1 0.0119 0.0044 0.0027 0.0017 0.0034 0.0029 0.0029 0.0070 0.0076 0.0024 0.0031 0.0028 0.0034 0.0036 0.0033 0.0025 0.0037 0.0022 0.7528 0.1567 0.0109 0.0045 0.0017 0.0020 
      H533.2  1 0.0100 0.0046 0.0023 0.0021 0.0031 0.0031 0.0026 0.0060 0.0118 0.0026 0.0036 0.0025 0.0026 0.0041 0.0044 0.0024 0.0038 0.0021 0.7448 0.1546 0.0162 0.0065 0.0017 0.0023 
      H533.3  1 0.0036 0.0043 0.0031 0.0023 0.0033 0.0018 0.0022 0.0025 0.0087 0.0026 0.0045 0.0068 0.0101 0.0032 0.0029 0.0057 0.0034 0.0024 0.7614 0.1520 0.0043 0.0035 0.0032 0.0022 
      H533.4  1 0.0040 0.0077 0.0140 0.0030 0.0092 0.0037 0.0031 0.0048 0.0187 0.0027 0.0087 0.0057 0.0089 0.0058 0.0075 0.0210 0.0224 0.0037 0.6971 0.1205 0.0105 0.0041 0.0034 0.0098 
      H535.1  1 0.0021 0.0032 0.0029 0.0040 0.9326 0.0023 0.0024 0.0023 0.0029 0.0016 0.0032 0.0028 0.0030 0.0053 0.0036 0.0039 0.0020 0.0019 0.0032 0.0029 0.0031 0.0027 0.0031 0.0029 
      H535.2  1 0.0031 0.0030 0.0029 0.0030 0.9286 0.0031 0.0025 0.0028 0.0027 0.0037 0.0030 0.0030 0.0029 0.0058 0.0022 0.0030 0.0032 0.0021 0.0034 0.0031 0.0045 0.0035 0.0021 0.0027 
      H535.3  1 0.0031 0.0029 0.0022 0.0020 0.9375 0.0030 0.0038 0.0024 0.0021 0.0027 0.0032 0.0032 0.0023 0.0028 0.0020 0.0026 0.0042 0.0022 0.0026 0.0030 0.0033 0.0023 0.0020 0.0027 
      H535.4  1 0.0026 0.0028 0.0026 0.0020 0.9373 0.0031 0.0025 0.0021 0.0041 0.0025 0.0032 0.0024 0.0027 0.0025 0.0030 0.0024 0.0028 0.0020 0.0025 0.0031 0.0025 0.0030 0.0021 0.0040 
      H535.5  1 0.0030 0.0028 0.0029 0.0022 0.9346 0.0027 0.0024 0.0022 0.0044 0.0021 0.0033 0.0025 0.0036 0.0028 0.0033 0.0028 0.0022 0.0023 0.0034 0.0028 0.0031 0.0029 0.0020 0.0037 
      H535.6  1 0.0024 0.0039 0.0044 0.0059 0.9107 0.0026 0.0032 0.0030 0.0019 0.0023 0.0052 0.0031 0.0034 0.0040 0.0037 0.0077 0.0029 0.0022 0.0029 0.0029 0.0056 0.0034 0.0065 0.0063 
      H535.7  1 0.0022 0.0025 0.0025 0.0018 0.9474 0.0020 0.0019 0.0019 0.0031 0.0023 0.0021 0.0022 0.0026 0.0027 0.0021 0.0022 0.0023 0.0021 0.0023 0.0027 0.0021 0.0023 0.0019 0.0027 
      H535.8  1 0.0033 0.0029 0.0037 0.0023 0.9315 0.0034 0.0020 0.0021 0.0021 0.0024 0.0027 0.0032 0.0022 0.0022 0.0027 0.0054 0.0022 0.0023 0.0024 0.0032 0.0036 0.0038 0.0027 0.0055 
      H535.9  1 0.0024 0.0029 0.0027 0.0032 0.9355 0.0026 0.0028 0.0030 0.0025 0.0021 0.0025 0.0030 0.0027 0.0037 0.0024 0.0036 0.0029 0.0019 0.0032 0.0025 0.0030 0.0023 0.0035 0.0030 
      H539.1  1 0.0028 0.0033 0.0035 0.0063 0.0022 0.0023 0.0029 0.0047 0.0021 0.0023 0.0027 0.0029 0.0040 0.0033 0.0031 0.0033 0.0026 0.0021 0.0020 0.0020 0.0023 0.0022 0.9328 0.0023 
      H539.2  1 0.0027 0.0415 0.0117 0.0060 0.0093 0.0246 0.0313 0.1332 0.0037 0.0048 0.0261 0.0067 0.1067 0.0166 0.0049 0.0301 0.0037 0.0257 0.0042 0.0052 0.0048 0.0041 0.4856 0.0067 
      H539.3  1 0.0029 0.0084 0.0164 0.0038 0.0103 0.0064 0.0108 0.0084 0.0026 0.0037 0.0074 0.0037 0.0131 0.0077 0.0042 0.0152 0.0054 0.0080 0.0041 0.0043 0.0033 0.0040 0.8300 0.0160 
      H539.4  1 0.0035 0.0080 0.0026 0.0034 0.0032 0.0049 0.0034 0.0497 0.0032 0.0043 0.0042 0.0026 0.0232 0.0055 0.0039 0.0036 0.0038 0.0065 0.0040 0.0042 0.0038 0.0036 0.8417 0.0029 
      H539.5  1 0.0025 0.0043 0.0038 0.0041 0.0040 0.0025 0.0023 0.0052 0.0023 0.0019 0.0037 0.0039 0.0036 0.0047 0.0022 0.0048 0.0025 0.0032 0.0025 0.0032 0.0030 0.0023 0.9256 0.0019 
      H539.6  1 0.0024 0.0034 0.0035 0.0059 0.0027 0.0026 0.0030 0.0143 0.0025 0.0031 0.0036 0.0042 0.0046 0.0033 0.0025 0.0086 0.0039 0.0027 0.0031 0.0023 0.0024 0.0021 0.9096 0.0038 
      H539.7  1 0.0025 0.0039 0.0041 0.0039 0.0023 0.0027 0.0046 0.0076 0.0028 0.0025 0.0032 0.0023 0.0055 0.0026 0.0044 0.0036 0.0022 0.0042 0.0029 0.0026 0.0025 0.0025 0.9210 0.0037 
      H539.8  1 0.0038 0.0109 0.0102 0.0038 0.0260 0.0085 0.0255 0.0596 0.0045 0.0044 0.0080 0.0043 0.0120 0.0063 0.0036 0.0066 0.0029 0.0125 0.0036 0.0078 0.0040 0.0037 0.7547 0.0128 
      H539.9  1 0.0036 0.0049 0.0025 0.0028 0.0023 0.0036 0.0029 0.0073 0.0021 0.0029 0.0047 0.0024 0.0117 0.0047 0.0028 0.0041 0.0032 0.0059 0.0028 0.0038 0.0030 0.0022 0.9114 0.0024 
      H540.1  1 0.0036 0.0072 0.0056 0.0047 0.0050 0.0041 0.0019 0.0032 0.0043 0.0045 0.0072 0.0058 0.0194 0.0066 0.0040 0.0818 0.0094 0.0031 0.0047 0.0042 0.0088 0.0027 0.7947 0.0036 
      H540.2  1 0.0029 0.0050 0.0059 0.0039 0.0021 0.0042 0.0031 0.0052 0.0032 0.0042 0.0048 0.0058 0.0094 0.0040 0.0072 0.0130 0.0040 0.0050 0.0039 0.0052 0.0047 0.0028 0.8878 0.0025 
      H540.3  1 0.0051 0.0631 0.0311 0.0069 0.0043 0.0221 0.0083 0.0109 0.0167 0.0057 0.0224 0.0051 0.0141 0.0109 0.0222 0.0071 0.0112 0.0075 0.0068 0.0082 0.0048 0.0126 0.6894 0.0036 
      H540.4  1 0.0025 0.0063 0.0034 0.0064 0.0045 0.0031 0.0067 0.0207 0.0028 0.0105 0.0178 0.0037 0.0144 0.0073 0.0071 0.0097 0.0049 0.0094 0.0056 0.0040 0.0182 0.0056 0.8210 0.0043 
      H540.5  1 0.0032 0.0075 0.0064 0.0066 0.0026 0.0073 0.0035 0.0024 0.0046 0.0038 0.0064 0.0061 0.0112 0.0065 0.0054 0.0065 0.0031 0.0096 0.0036 0.0067 0.0059 0.0042 0.8748 0.0022 
      H540.6  1 0.0060 0.0120 0.0069 0.0071 0.0035 0.0073 0.0063 0.0043 0.0046 0.0087 0.0125 0.0062 0.0293 0.0111 0.0056 0.0350 0.0076 0.0096 0.0070 0.0060 0.0286 0.0059 0.7666 0.0025 
      H540.7  1 0.0024 0.0105 0.0092 0.0060 0.0032 0.0040 0.0074 0.0077 0.0213 0.0073 0.0104 0.0174 0.0085 0.0067 0.0144 0.0132 0.0043 0.0040 0.0083 0.0052 0.0099 0.0044 0.8092 0.0048 
      H540.8  1 0.0027 0.0091 0.0371 0.0165 0.0052 0.0039 0.0037 0.0057 0.0063 0.0034 0.0072 0.0061 0.1286 0.0085 0.0220 0.0207 0.0038 0.0052 0.0031 0.0037 0.0064 0.0048 0.6821 0.0040 
     H9558.1  1 0.0067 0.0037 0.0044 0.0099 0.0076 0.0029 0.0037 0.0024 0.0024 0.0021 0.0048 0.0021 0.0036 0.0026 0.0029 0.0047 0.0025 0.0040 0.0042 0.0034 0.0043 0.0020 0.9089 0.0042 
     H9558.2  1 0.0138 0.0102 0.0108 0.0070 0.0076 0.0052 0.0076 0.0028 0.0045 0.0072 0.0080 0.0121 0.0029 0.0029 0.0070 0.0060 0.0022 0.0056 0.0094 0.0047 0.0225 0.0040 0.8234 0.0126 
     H9558.3  1 0.0427 0.0068 0.0057 0.0028 0.0059 0.0049 0.0070 0.0038 0.0029 0.0058 0.0066 0.0161 0.0037 0.0025 0.0034 0.0046 0.0025 0.0042 0.0031 0.0055 0.0065 0.0021 0.8462 0.0047 
     H9558.4  1 0.0048 0.0036 0.0037 0.0038 0.0066 0.0028 0.0047 0.0033 0.0020 0.0025 0.0041 0.0026 0.0042 0.0035 0.0036 0.0044 0.0016 0.0061 0.0050 0.0024 0.0036 0.0020 0.9161 0.0028 
     H9558.5  1 0.0028 0.0040 0.0019 0.0022 0.0077 0.0056 0.0069 0.0064 0.0027 0.0050 0.0049 0.0030 0.0044 0.0041 0.0030 0.0027 0.0018 0.0070 0.0034 0.0030 0.0029 0.0023 0.9106 0.0018 
     H9558.6  1 0.0189 0.0144 0.0087 0.0046 0.0041 0.0046 0.0036 0.0031 0.0043 0.0036 0.0147 0.0053 0.0042 0.0040 0.0048 0.0032 0.0032 0.0027 0.0034 0.0052 0.0041 0.0033 0.8682 0.0039 
    kos339.1  1 0.0059 0.0151 0.0029 0.0085 0.0040 0.0050 0.0024 0.0051 0.8131 0.0113 0.0088 0.0321 0.0058 0.0056 0.0082 0.0070 0.0026 0.0023 0.0223 0.0066 0.0085 0.0111 0.0039 0.0021 
    kos339.2  1 0.0035 0.0043 0.0042 0.0044 0.0035 0.0048 0.0029 0.0042 0.8936 0.0071 0.0044 0.0074 0.0028 0.0040 0.0062 0.0025 0.0075 0.0037 0.0071 0.0043 0.0031 0.0078 0.0030 0.0035 
    kos339.3  1 0.0020 0.0028 0.0028 0.0028 0.0041 0.0022 0.0026 0.0035 0.9280 0.0021 0.0036 0.0029 0.0032 0.0030 0.0031 0.0034 0.0027 0.0026 0.0051 0.0029 0.0036 0.0054 0.0026 0.0030 
    kos339.4  1 0.0025 0.0041 0.0036 0.0033 0.0040 0.0025 0.0023 0.0040 0.9150 0.0023 0.0034 0.0032 0.0032 0.0032 0.0082 0.0036 0.0029 0.0036 0.0043 0.0023 0.0044 0.0065 0.0032 0.0043 
    kos339.5  1 0.0040 0.0044 0.0030 0.0064 0.0033 0.0025 0.0031 0.0033 0.8511 0.0078 0.0051 0.0417 0.0033 0.0059 0.0044 0.0030 0.0028 0.0031 0.0122 0.0048 0.0080 0.0102 0.0040 0.0024 
    kos339.6  1 0.0028 0.0037 0.0060 0.0033 0.0023 0.0034 0.0024 0.0019 0.9104 0.0042 0.0050 0.0081 0.0027 0.0057 0.0048 0.0023 0.0049 0.0025 0.0045 0.0032 0.0031 0.0076 0.0029 0.0020 
    kos339.7  1 0.0021 0.0031 0.0030 0.0023 0.0057 0.0023 0.0022 0.0041 0.9205 0.0023 0.0031 0.0024 0.0029 0.0030 0.0048 0.0032 0.0029 0.0027 0.0050 0.0035 0.0040 0.0086 0.0027 0.0036 
    kos339.8  1 0.0027 0.0037 0.0031 0.0035 0.0031 0.0034 0.0024 0.0028 0.9044 0.0043 0.0048 0.0035 0.0029 0.0036 0.0064 0.0026 0.0039 0.0033 0.0143 0.0041 0.0029 0.0083 0.0023 0.0036 
    kos339.9  1 0.0060 0.0138 0.0052 0.0247 0.0049 0.0131 0.0021 0.0126 0.7221 0.0076 0.0132 0.0209 0.0068 0.0280 0.0081 0.0066 0.0069 0.0041 0.0094 0.0106 0.0109 0.0355 0.0218 0.0054 
      H409.1 12 0.0035 0.0036 0.0051 0.0032 0.0024 0.0040 0.0042 0.0025 0.0046 0.0045 0.0057 0.0040 0.0031 0.0034 0.0057 0.0020 0.0034 0.0046 0.0049 0.9082 0.0065 0.0062 0.0021 0.0027 
     H409.10 12 0.0028 0.0060 0.0022 0.0048 0.0040 0.0072 0.0076 0.0080 0.0044 0.0064 0.0097 0.0043 0.0034 0.0035 0.0073 0.0065 0.0032 0.0158 0.0203 0.8476 0.0090 0.0034 0.0071 0.0055 
      H409.2 12 0.0032 0.0062 0.0044 0.0057 0.0076 0.0120 0.0024 0.0027 0.0048 0.0031 0.0052 0.0024 0.0060 0.0045 0.0254 0.0026 0.0031 0.0042 0.0048 0.8711 0.0038 0.0064 0.0039 0.0045 
      H409.3 12 0.0054 0.0043 0.0074 0.0031 0.0033 0.0054 0.0035 0.0033 0.0039 0.0044 0.0044 0.0036 0.0041 0.0039 0.0032 0.0031 0.0037 0.0033 0.0049 0.9087 0.0025 0.0038 0.0040 0.0028 
      H409.4 12 0.0067 0.0045 0.0077 0.0022 0.0033 0.0060 0.0029 0.0030 0.0028 0.0031 0.0060 0.0039 0.0039 0.0039 0.0032 0.0021 0.0029 0.0047 0.0028 0.9101 0.0034 0.0042 0.0036 0.0030 
      H409.5 12 0.0047 0.0052 0.0040 0.0048 0.0053 0.0056 0.0029 0.0043 0.0022 0.0037 0.0046 0.0046 0.0070 0.0035 0.0058 0.0053 0.0030 0.0022 0.0045 0.9037 0.0028 0.0029 0.0029 0.0044 
      H409.6 12 0.0675 0.0221 0.0104 0.0057 0.0079 0.0067 0.0105 0.0088 0.0031 0.0130 0.0153 0.0145 0.0243 0.0064 0.0033 0.0061 0.0058 0.0039 0.0113 0.7305 0.0105 0.0037 0.0055 0.0032 
      H409.7 12 0.0082 0.0090 0.0163 0.0040 0.0027 0.0101 0.0043 0.0029 0.0066 0.0116 0.0055 0.0095 0.0030 0.0033 0.0043 0.0029 0.0055 0.0061 0.0046 0.8582 0.0062 0.0071 0.0032 0.0049 
      H409.8 12 0.0032 0.0055 0.0041 0.0031 0.0035 0.0030 0.0049 0.0029 0.0031 0.0086 0.0058 0.0067 0.0043 0.0040 0.0043 0.0051 0.0028 0.0032 0.0059 0.9033 0.0046 0.0031 0.0021 0.0029 
      H409.9 12 0.0042 0.0177 0.0032 0.0038 0.0104 0.0052 0.0111 0.0168 0.0034 0.0287 0.0422 0.0043 0.0143 0.0183 0.0074 0.0093 0.0043 0.0069 0.0665 0.4462 0.0140 0.0025 0.2559 0.0035 
      H413.1 12 0.0048 0.0039 0.0027 0.0021 0.0027 0.0036 0.9253 0.0043 0.0034 0.0064 0.0033 0.0044 0.0026 0.0025 0.0023 0.0025 0.0019 0.0025 0.0023 0.0024 0.0057 0.0034 0.0024 0.0027 
      H413.2 12 0.0044 0.0030 0.0023 0.0023 0.0027 0.0023 0.9378 0.0036 0.0052 0.0023 0.0027 0.0025 0.0022 0.0020 0.0021 0.0020 0.0021 0.0027 0.0022 0.0022 0.0037 0.0026 0.0019 0.0033 
      H413.3 12 0.0029 0.0031 0.0041 0.0029 0.0018 0.0029 0.9329 0.0024 0.0019 0.0065 0.0027 0.0027 0.0022 0.0021 0.0019 0.0030 0.0024 0.0038 0.0029 0.0030 0.0042 0.0020 0.0034 0.0023 
      H413.4 12 0.0040 0.0034 0.0043 0.0031 0.0022 0.0050 0.9039 0.0030 0.0067 0.0081 0.0042 0.0105 0.0025 0.0045 0.0031 0.0028 0.0034 0.0021 0.0043 0.0050 0.0038 0.0038 0.0029 0.0036 
      H413.5 12 0.0026 0.0039 0.0027 0.0098 0.0018 0.0030 0.9003 0.0159 0.0024 0.0027 0.0049 0.0067 0.0025 0.0022 0.0024 0.0023 0.0026 0.0034 0.0035 0.0019 0.0034 0.0021 0.0150 0.0018 
      H413.6 12 0.0052 0.0065 0.0055 0.0022 0.0026 0.0079 0.8500 0.0091 0.0044 0.0052 0.0048 0.0297 0.0022 0.0042 0.0029 0.0024 0.0028 0.0116 0.0023 0.0031 0.0043 0.0028 0.0153 0.0128 
      H413.7 12 0.0027 0.0026 0.0027 0.0023 0.0022 0.0030 0.9405 0.0023 0.0029 0.0026 0.0023 0.0030 0.0020 0.0021 0.0024 0.0022 0.0017 0.0029 0.0025 0.0028 0.0021 0.0025 0.0030 0.0047 
      H563.1 12 0.0043 0.0040 0.0027 0.0024 0.0018 0.0054 0.0099 0.0039 0.0025 0.9094 0.0035 0.0033 0.0036 0.0055 0.0022 0.0036 0.0031 0.0047 0.0031 0.0048 0.0031 0.0025 0.0087 0.0020 
      H563.2 12 0.0060 0.0060 0.0131 0.0061 0.0030 0.0064 0.0110 0.0056 0.0089 0.8554 0.0064 0.0042 0.0045 0.0047 0.0052 0.0040 0.0039 0.0049 0.0051 0.0101 0.0057 0.0097 0.0072 0.0030 
      H563.3 12 0.0027 0.0040 0.0035 0.0024 0.0019 0.0057 0.0040 0.0037 0.0023 0.9131 0.0040 0.0076 0.0035 0.0033 0.0022 0.0075 0.0028 0.0024 0.0033 0.0029 0.0034 0.0027 0.0082 0.0029 
      H563.4 12 0.0083 0.0046 0.0063 0.0037 0.0030 0.0070 0.0136 0.0056 0.0053 0.8775 0.0067 0.0047 0.0063 0.0039 0.0038 0.0049 0.0029 0.0061 0.0041 0.0073 0.0035 0.0042 0.0048 0.0018 
      H563.5 12 0.0040 0.0034 0.0024 0.0023 0.0016 0.0083 0.0064 0.0040 0.0029 0.9143 0.0038 0.0050 0.0033 0.0045 0.0022 0.0047 0.0025 0.0033 0.0028 0.0033 0.0028 0.0027 0.0070 0.0024 
      H563.6 12 0.0053 0.0054 0.0053 0.0035 0.0027 0.0094 0.0087 0.0036 0.0105 0.8762 0.0064 0.0099 0.0039 0.0032 0.0044 0.0040 0.0033 0.0026 0.0051 0.0057 0.0050 0.0075 0.0053 0.0028 
      H563.7 12 0.0071 0.0057 0.0053 0.0034 0.0024 0.0107 0.0095 0.0034 0.0126 0.8763 0.0052 0.0110 0.0023 0.0027 0.0040 0.0026 0.0025 0.0026 0.0036 0.0056 0.0047 0.0108 0.0026 0.0033 
      H563.8 12 0.0051 0.0044 0.0040 0.0030 0.0016 0.0162 0.0058 0.0041 0.0044 0.8750 0.0050 0.0120 0.0055 0.0093 0.0029 0.0043 0.0027 0.0048 0.0034 0.0034 0.0038 0.0037 0.0131 0.0025 
      H563.9 12 0.0058 0.0071 0.0106 0.0046 0.0020 0.0054 0.0060 0.0041 0.0085 0.8578 0.0094 0.0091 0.0042 0.0039 0.0066 0.0034 0.0033 0.0055 0.0043 0.0123 0.0083 0.0095 0.0046 0.0038 
     H7374.1 12 0.0144 0.0062 0.0098 0.0034 0.0050 0.8764 0.0033 0.0032 0.0035 0.0045 0.0072 0.0036 0.0050 0.0037 0.0054 0.0060 0.0041 0.0021 0.0032 0.0059 0.0035 0.0037 0.0042 0.0126 
     H7374.2 12 0.0054 0.0066 0.0096 0.0029 0.0033 0.8826 0.0053 0.0031 0.0021 0.0089 0.0068 0.0033 0.0048 0.0053 0.0068 0.0062 0.0035 0.0068 0.0045 0.0045 0.0032 0.0019 0.0075 0.0051 
     H7374.3 12 0.0097 0.0129 0.0184 0.0050 0.0040 0.7852 0.0035 0.0040 0.0039 0.0073 0.0119 0.0052 0.0065 0.0068 0.0136 0.0064 0.0047 0.0038 0.0046 0.0073 0.0035 0.0040 0.0082 0.0597 
