      H105.1  1 0.0025 0.0027 0.0043 0.0026 0.0022 0.0027 0.0023 0.0043 0.0027 0.0028 0.0023 0.0035 0.0034 0.0022 0.0026 0.0027 0.9465 0.0031 0.0045 
      H105.2  1 0.0059 0.0037 0.0038 0.0064 0.0034 0.0021 0.0032 0.0111 0.0056 0.0050 0.0048 0.0043 0.0031 0.0026 0.0030 0.0025 0.9220 0.0035 0.0039 
      H105.3  1 0.0020 0.0022 0.0029 0.0043 0.0032 0.0030 0.0022 0.0021 0.0030 0.0017 0.0028 0.0024 0.0028 0.0020 0.0019 0.0023 0.9521 0.0025 0.0044 
      H105.4  1 0.0019 0.0028 0.0057 0.0045 0.0029 0.0036 0.0035 0.0038 0.0062 0.0029 0.0054 0.0041 0.0035 0.0040 0.0029 0.0023 0.9329 0.0022 0.0050 
      H105.5  1 0.0024 0.0077 0.0131 0.0040 0.0027 0.0029 0.0060 0.0081 0.0067 0.0066 0.0050 0.0077 0.0041 0.0027 0.0042 0.0040 0.9028 0.0036 0.0057 
      H105.6  1 0.0030 0.0068 0.0056 0.0050 0.0091 0.0061 0.0030 0.0042 0.0068 0.0038 0.0105 0.0080 0.0041 0.0060 0.0053 0.0030 0.9006 0.0046 0.0046 
      H105.7  1 0.0039 0.0058 0.0073 0.0051 0.0076 0.0031 0.0057 0.0099 0.0058 0.0053 0.0067 0.0068 0.0028 0.0032 0.0094 0.0039 0.8854 0.0054 0.0170 
      H105.8  1 0.0029 0.0025 0.0025 0.0090 0.0030 0.0020 0.0025 0.0046 0.0029 0.0027 0.0035 0.0035 0.0022 0.0027 0.0022 0.0021 0.9440 0.0021 0.0033 
      H115.1  1 0.0109 0.0143 0.0139 0.0073 0.0495 0.0032 0.0056 0.0043 0.8069 0.0076 0.0194 0.0085 0.0047 0.0036 0.0066 0.0126 0.0043 0.0063 0.0105 
      H115.2  1 0.0087 0.0375 0.0071 0.0034 0.0071 0.0037 0.0049 0.0058 0.8680 0.0068 0.0034 0.0066 0.0034 0.0035 0.0064 0.0061 0.0036 0.0086 0.0053 
      H115.3  1 0.0062 0.0114 0.0065 0.0034 0.0023 0.0035 0.0062 0.0036 0.9117 0.0028 0.0028 0.0048 0.0030 0.0044 0.0032 0.0082 0.0035 0.0070 0.0055 
      H115.4  1 0.0083 0.0050 0.0118 0.0372 0.0055 0.0067 0.0081 0.0166 0.8253 0.0107 0.0036 0.0088 0.0025 0.0044 0.0037 0.0179 0.0045 0.0148 0.0045 
      H115.5  1 0.0069 0.0198 0.0098 0.0068 0.0165 0.0163 0.0054 0.0071 0.7770 0.0072 0.0072 0.0293 0.0032 0.0077 0.0069 0.0438 0.0124 0.0123 0.0043 
      H115.6  1 0.0295 0.0250 0.0053 0.0032 0.0033 0.0049 0.0056 0.0064 0.7920 0.0054 0.0042 0.0134 0.0119 0.0023 0.0077 0.0166 0.0040 0.0476 0.0115 
      H115.7  1 0.0107 0.0071 0.0239 0.0056 0.0427 0.0066 0.0040 0.0062 0.8184 0.0091 0.0110 0.0092 0.0056 0.0027 0.0065 0.0070 0.0039 0.0106 0.0091 
      H115.8  1 0.0091 0.0084 0.0046 0.0031 0.0036 0.0033 0.0043 0.0051 0.9082 0.0048 0.0029 0.0062 0.0037 0.0017 0.0043 0.0097 0.0050 0.0066 0.0054 
      H115.9  1 0.0043 0.0800 0.0140 0.0082 0.0102 0.0033 0.0085 0.0064 0.7935 0.0058 0.0136 0.0140 0.0028 0.0035 0.0047 0.0059 0.0057 0.0056 0.0098 
      H145.1  1 0.0286 0.0107 0.0168 0.0035 0.0023 0.8586 0.0054 0.0030 0.0060 0.0040 0.0048 0.0104 0.0077 0.0044 0.0127 0.0051 0.0028 0.0080 0.0052 
      H145.2  1 0.0140 0.0056 0.0051 0.0046 0.0021 0.8960 0.0074 0.0039 0.0066 0.0023 0.0038 0.0139 0.0044 0.0045 0.0069 0.0051 0.0025 0.0070 0.0044 
      H145.3  1 0.0561 0.0025 0.0052 0.0027 0.0022 0.8898 0.0027 0.0022 0.0039 0.0029 0.0038 0.0044 0.0033 0.0032 0.0047 0.0029 0.0025 0.0026 0.0026 
      H145.4  1 0.0048 0.0033 0.0092 0.0039 0.0024 0.9013 0.0065 0.0028 0.0033 0.0034 0.0058 0.0040 0.0063 0.0030 0.0230 0.0043 0.0024 0.0039 0.0064 
      H145.5  1 0.1031 0.0026 0.0060 0.0035 0.0024 0.8309 0.0035 0.0027 0.0034 0.0031 0.0035 0.0045 0.0052 0.0022 0.0082 0.0043 0.0031 0.0042 0.0034 
      H145.6  1 0.0041 0.0030 0.0040 0.0032 0.0029 0.9307 0.0035 0.0036 0.0026 0.0021 0.0024 0.0042 0.0040 0.0031 0.0072 0.0049 0.0023 0.0054 0.0066 
      H145.7  1 0.0028 0.0021 0.0044 0.0026 0.0020 0.9415 0.0035 0.0024 0.0032 0.0026 0.0034 0.0039 0.0035 0.0025 0.0057 0.0053 0.0018 0.0031 0.0037 
      H149.1  1 0.0041 0.0023 0.0026 0.0029 0.0026 0.0029 0.0050 0.0032 0.0027 0.0030 0.0047 0.0034 0.0034 0.0024 0.0051 0.9384 0.0027 0.0058 0.0026 
      H149.2  1 0.0057 0.0031 0.0057 0.0027 0.0019 0.0054 0.0047 0.0053 0.0032 0.0027 0.0048 0.0059 0.0033 0.0029 0.0095 0.9192 0.0039 0.0058 0.0045 
      H149.3  1 0.0094 0.0040 0.0390 0.0170 0.0038 0.0284 0.0451 0.0114 0.0209 0.0164 0.0102 0.0322 0.0054 0.0084 0.0134 0.6713 0.0091 0.0050 0.0497 
      H149.4  1 0.0071 0.0038 0.0022 0.0187 0.0049 0.0029 0.0076 0.0068 0.0036 0.0043 0.0046 0.0064 0.0028 0.0029 0.0034 0.8999 0.0066 0.0058 0.0057 
      H149.5  1 0.0036 0.0025 0.0252 0.0201 0.0034 0.0169 0.0078 0.0327 0.0039 0.0102 0.0070 0.0185 0.0040 0.0112 0.0161 0.7425 0.0170 0.0076 0.0497 
      H149.6  1 0.0035 0.0021 0.0052 0.0031 0.0030 0.0057 0.0046 0.0035 0.0028 0.0032 0.0046 0.0042 0.0025 0.0033 0.0062 0.9220 0.0056 0.0076 0.0072 
      H149.7  1 0.0095 0.0037 0.0124 0.0323 0.0051 0.0054 0.0220 0.0127 0.0115 0.0739 0.0132 0.0458 0.0062 0.0057 0.0198 0.6707 0.0153 0.0077 0.0269 
      H150.1  1 0.0055 0.1115 0.0058 0.0023 0.0037 0.0049 0.0030 0.0036 0.8147 0.0037 0.0052 0.0078 0.0034 0.0021 0.0041 0.0027 0.0061 0.0051 0.0049 
      H150.2  1 0.0137 0.0427 0.0036 0.0039 0.0061 0.0030 0.0034 0.0056 0.8675 0.0067 0.0034 0.0065 0.0036 0.0025 0.0056 0.0048 0.0037 0.0086 0.0052 
      H150.3  1 0.0595 0.4010 0.0098 0.0036 0.0335 0.0056 0.0035 0.0063 0.3919 0.0144 0.0084 0.0111 0.0067 0.0023 0.0086 0.0058 0.0061 0.0125 0.0094 
      H150.4  1 0.0067 0.6390 0.0068 0.0028 0.0070 0.0049 0.0023 0.0047 0.2770 0.0080 0.0040 0.0064 0.0045 0.0018 0.0049 0.0023 0.0058 0.0055 0.0055 
      H150.5  1 0.0054 0.0276 0.0102 0.0024 0.0043 0.0053 0.0040 0.0056 0.8612 0.0082 0.0059 0.0192 0.0048 0.0026 0.0066 0.0039 0.0054 0.0074 0.0100 
      H150.6  1 0.0053 0.0066 0.0061 0.0048 0.0028 0.0119 0.0052 0.0107 0.8836 0.0065 0.0062 0.0159 0.0100 0.0040 0.0028 0.0030 0.0056 0.0045 0.0045 
      H150.7  1 0.0284 0.5027 0.0081 0.0029 0.0047 0.0046 0.0032 0.0080 0.3853 0.0031 0.0032 0.0097 0.0037 0.0021 0.0043 0.0052 0.0116 0.0048 0.0044 
   H169607.1  1 0.0088 0.0065 0.8940 0.0097 0.0040 0.0138 0.0044 0.0036 0.0056 0.0053 0.0031 0.0085 0.0056 0.0031 0.0048 0.0033 0.0023 0.0110 0.0027 
   H169607.2  1 0.0039 0.0043 0.9379 0.0027 0.0032 0.0041 0.0035 0.0032 0.0035 0.0028 0.0029 0.0036 0.0038 0.0032 0.0041 0.0027 0.0034 0.0029 0.0045 
   H169607.3  1 0.0074 0.0045 0.9090 0.0079 0.0030 0.0090 0.0041 0.0065 0.0044 0.0049 0.0037 0.0057 0.0037 0.0031 0.0053 0.0038 0.0040 0.0058 0.0042 
   H169607.4  1 0.0080 0.0050 0.9334 0.0026 0.0022 0.0052 0.0032 0.0020 0.0022 0.0023 0.0022 0.0039 0.0090 0.0030 0.0036 0.0023 0.0028 0.0035 0.0036 
   H169607.5  1 0.0034 0.0048 0.9396 0.0030 0.0043 0.0030 0.0054 0.0028 0.0026 0.0028 0.0021 0.0040 0.0031 0.0029 0.0049 0.0030 0.0022 0.0030 0.0030 
   H169607.6  1 0.0040 0.0036 0.9463 0.0033 0.0029 0.0035 0.0022 0.0041 0.0025 0.0024 0.0022 0.0034 0.0026 0.0033 0.0034 0.0023 0.0034 0.0018 0.0029 
   H169607.7  1 0.0035 0.0033 0.9203 0.0072 0.0028 0.0063 0.0054 0.0047 0.0075 0.0071 0.0023 0.0052 0.0025 0.0026 0.0036 0.0034 0.0052 0.0032 0.0039 
   H169607.8  1 0.0045 0.0053 0.9369 0.0025 0.0032 0.0036 0.0039 0.0025 0.0028 0.0033 0.0044 0.0041 0.0048 0.0028 0.0036 0.0027 0.0030 0.0022 0.0037 
   H169633.1  1 0.0040 0.0053 0.0031 0.0033 0.0189 0.0168 0.0040 0.0057 0.0069 0.0299 0.0045 0.0155 0.0060 0.0046 0.0079 0.8427 0.0030 0.0114 0.0066 
   H169633.2  1 0.0030 0.0021 0.0023 0.0060 0.0101 0.0163 0.0042 0.0057 0.0047 0.0210 0.0083 0.0218 0.0056 0.0069 0.0042 0.7532 0.0101 0.1108 0.0037 
   H169633.3  1 0.0070 0.0075 0.0047 0.0051 0.0099 0.0043 0.0150 0.0062 0.0082 0.0064 0.0075 0.0118 0.0068 0.0082 0.0303 0.8413 0.0034 0.0088 0.0077 
   H169633.4  1 0.0044 0.0062 0.0058 0.0041 0.0148 0.0098 0.0065 0.0050 0.0076 0.0035 0.0060 0.0078 0.0083 0.0072 0.0176 0.8663 0.0039 0.0070 0.0083 
   H169633.5  1 0.0042 0.0079 0.0056 0.0050 0.0134 0.0071 0.0058 0.0068 0.0069 0.0034 0.0061 0.0096 0.0092 0.0062 0.0170 0.8626 0.0052 0.0085 0.0096 
   H169688.1  1 0.0197 0.0073 0.0101 0.0083 0.0252 0.0090 0.0057 0.0154 0.0048 0.8331 0.0044 0.0074 0.0057 0.0121 0.0163 0.0052 0.0038 0.0032 0.0033 
   H169688.2  1 0.0029 0.0027 0.0035 0.0049 0.0055 0.0043 0.0061 0.0051 0.0028 0.9168 0.0095 0.0045 0.0051 0.0032 0.0074 0.0035 0.0058 0.0029 0.0033 
   H169688.3  1 0.0031 0.0028 0.0025 0.0034 0.0024 0.0037 0.0028 0.0028 0.0026 0.9424 0.0048 0.0037 0.0042 0.0019 0.0030 0.0027 0.0038 0.0044 0.0030 
   H169688.4  1 0.0023 0.0033 0.0025 0.0030 0.0021 0.0026 0.0034 0.0029 0.0043 0.9488 0.0043 0.0030 0.0025 0.0023 0.0030 0.0024 0.0020 0.0031 0.0023 
   H169688.5  1 0.0022 0.0047 0.0032 0.0026 0.0023 0.0023 0.0029 0.0021 0.0037 0.9518 0.0034 0.0028 0.0025 0.0019 0.0025 0.0024 0.0018 0.0026 0.0022 
   H169688.6  1 0.0032 0.0035 0.0027 0.0376 0.0046 0.0032 0.0036 0.0056 0.0028 0.8983 0.0029 0.0047 0.0040 0.0060 0.0042 0.0064 0.0027 0.0022 0.0018 
   H169688.7  1 0.0102 0.0068 0.0036 0.0045 0.0030 0.0110 0.0056 0.0055 0.0114 0.8869 0.0092 0.0097 0.0068 0.0019 0.0053 0.0032 0.0040 0.0062 0.0053 
   H171901.1  1 0.0064 0.0265 0.0878 0.0052 0.0272 0.0222 0.0075 0.0195 0.0579 0.0110 0.0058 0.5415 0.0049 0.0026 0.0961 0.0058 0.0419 0.0137 0.0163 
   H171901.2  1 0.0062 0.0201 0.0167 0.0028 0.0028 0.0073 0.0472 0.0072 0.0131 0.0056 0.0048 0.0177 0.0168 0.0036 0.0124 0.6952 0.1085 0.0068 0.0053 
   H171901.3  1 0.0056 0.0167 0.0441 0.0057 0.0107 0.0061 0.0215 0.0099 0.0357 0.0254 0.0072 0.0705 0.0164 0.0068 0.0334 0.6450 0.0156 0.0150 0.0086 
   H171901.4  1 0.0089 0.0130 0.0378 0.0058 0.0048 0.0063 0.0153 0.0073 0.0244 0.0051 0.0068 0.0130 0.0161 0.0046 0.0053 0.7353 0.0764 0.0096 0.0043 
   H171901.5  1 0.0137 0.0165 0.0372 0.0107 0.0031 0.0084 0.0797 0.0150 0.0542 0.0069 0.0102 0.0405 0.0252 0.0047 0.0095 0.5838 0.0396 0.0365 0.0045 
   H171901.6  1 0.0271 0.0277 0.0217 0.0103 0.0037 0.0196 0.0731 0.0491 0.0604 0.0105 0.0150 0.1582 0.0161 0.0078 0.0285 0.3434 0.0182 0.1041 0.0057 
   H171901.7  1 0.0052 0.0114 0.0183 0.0088 0.0065 0.0103 0.2126 0.0406 0.0283 0.0317 0.0083 0.0585 0.0049 0.0096 0.2370 0.2761 0.0044 0.0231 0.0046 
   H171902.1  1 0.9388 0.0027 0.0057 0.0045 0.0021 0.0049 0.0023 0.0037 0.0032 0.0028 0.0029 0.0035 0.0028 0.0025 0.0030 0.0047 0.0019 0.0058 0.0021 
  H171902.10  1 0.9395 0.0023 0.0041 0.0041 0.0019 0.0024 0.0073 0.0040 0.0034 0.0040 0.0021 0.0031 0.0033 0.0018 0.0026 0.0043 0.0034 0.0035 0.0029 
   H171902.2  1 0.9168 0.0046 0.0047 0.0067 0.0059 0.0045 0.0029 0.0041 0.0052 0.0046 0.0030 0.0051 0.0029 0.0027 0.0037 0.0104 0.0024 0.0072 0.0026 
   H171902.3  1 0.9250 0.0042 0.0047 0.0036 0.0025 0.0033 0.0031 0.0053 0.0052 0.0042 0.0032 0.0048 0.0030 0.0032 0.0037 0.0110 0.0028 0.0054 0.0021 
   H171902.4  1 0.9315 0.0033 0.0027 0.0024 0.0030 0.0035 0.0042 0.0048 0.0027 0.0030 0.0026 0.0029 0.0033 0.0020 0.0040 0.0115 0.0027 0.0066 0.0032 
   H171902.6  1 0.9470 0.0036 0.0028 0.0032 0.0020 0.0024 0.0030 0.0040 0.0029 0.0020 0.0027 0.0030 0.0032 0.0023 0.0035 0.0028 0.0022 0.0051 0.0027 
   H171902.7  1 0.8766 0.0024 0.0371 0.0032 0.0016 0.0033 0.0064 0.0040 0.0078 0.0037 0.0033 0.0094 0.0048 0.0021 0.0096 0.0094 0.0072 0.0041 0.0038 
   H171902.8  1 0.9272 0.0051 0.0039 0.0035 0.0027 0.0035 0.0041 0.0046 0.0050 0.0025 0.0027 0.0044 0.0043 0.0028 0.0058 0.0057 0.0025 0.0073 0.0021 
   H171902.9  1 0.9396 0.0080 0.0046 0.0023 0.0025 0.0030 0.0029 0.0028 0.0032 0.0025 0.0031 0.0037 0.0032 0.0028 0.0032 0.0029 0.0031 0.0040 0.0027 
   H171903.1  1 0.0031 0.0162 0.8811 0.0030 0.0038 0.0032 0.0107 0.0035 0.0172 0.0090 0.0034 0.0064 0.0036 0.0042 0.0069 0.0034 0.0086 0.0063 0.0063 
   H171903.2  1 0.0036 0.0176 0.7568 0.0048 0.0027 0.0065 0.0433 0.0045 0.0197 0.0062 0.0108 0.0110 0.0071 0.0124 0.0128 0.0039 0.0526 0.0137 0.0099 
   H171903.3  1 0.0058 0.0165 0.5795 0.0038 0.0063 0.0030 0.0131 0.0062 0.0096 0.0108 0.0265 0.0421 0.0186 0.0241 0.0681 0.0071 0.0517 0.1000 0.0071 
   H171903.4  1 0.0261 0.0098 0.7042 0.0046 0.0047 0.0075 0.0213 0.0034 0.0194 0.0897 0.0047 0.0407 0.0076 0.0030 0.0261 0.0039 0.0050 0.0122 0.0059 
   H171903.5  1 0.0061 0.0223 0.5782 0.0057 0.0038 0.0043 0.0310 0.0175 0.0135 0.0774 0.0127 0.0876 0.0043 0.0058 0.0124 0.0202 0.0368 0.0501 0.0104 
   H171903.6  1 0.0048 0.0088 0.7050 0.0038 0.0020 0.0040 0.0384 0.0053 0.0105 0.1655 0.0053 0.0077 0.0036 0.0052 0.0069 0.0120 0.0032 0.0054 0.0029 
      H177.1  1 0.0035 0.0059 0.0053 0.0045 0.0053 0.0031 0.9104 0.0044 0.0050 0.0072 0.0034 0.0044 0.0095 0.0043 0.0107 0.0046 0.0024 0.0028 0.0032 
      H177.2  1 0.0038 0.0038 0.0130 0.0240 0.0028 0.0353 0.8088 0.0141 0.0133 0.0058 0.0116 0.0099 0.0161 0.0029 0.0049 0.0110 0.0033 0.0059 0.0096 
      H177.3  1 0.0037 0.0036 0.0061 0.0051 0.0022 0.0093 0.9206 0.0050 0.0037 0.0028 0.0045 0.0048 0.0035 0.0048 0.0039 0.0047 0.0020 0.0061 0.0035 
      H177.4  1 0.0040 0.0030 0.0060 0.0633 0.0022 0.0073 0.7981 0.0091 0.0037 0.0032 0.0049 0.0107 0.0052 0.0157 0.0337 0.0059 0.0085 0.0092 0.0062 
      H177.5  1 0.0033 0.0069 0.0041 0.0089 0.0027 0.0091 0.8551 0.0051 0.0054 0.0126 0.0095 0.0084 0.0090 0.0035 0.0294 0.0041 0.0059 0.0087 0.0087 
      H177.6  1 0.0038 0.0040 0.0045 0.0054 0.0024 0.0058 0.9179 0.0055 0.0041 0.0032 0.0034 0.0043 0.0053 0.0035 0.0049 0.0099 0.0023 0.0061 0.0037 
      H179.1  1 0.0047 0.0130 0.0064 0.8314 0.0100 0.0029 0.0101 0.0057 0.0067 0.0215 0.0401 0.0084 0.0046 0.0024 0.0096 0.0034 0.0059 0.0068 0.0065 
      H179.2  1 0.0068 0.0061 0.0069 0.7849 0.0032 0.0032 0.0106 0.0086 0.0127 0.0226 0.0403 0.0097 0.0088 0.0186 0.0062 0.0042 0.0057 0.0370 0.0039 
      H179.3  1 0.0048 0.0174 0.0147 0.6788 0.0070 0.0048 0.0268 0.0077 0.0161 0.1257 0.0151 0.0257 0.0075 0.0052 0.0202 0.0035 0.0044 0.0080 0.0064 
      H179.4  1 0.0044 0.0049 0.0132 0.6633 0.0050 0.0107 0.0131 0.0116 0.0067 0.0261 0.0114 0.0448 0.0439 0.0651 0.0320 0.0159 0.0064 0.0136 0.0077 
      H180.1  1 0.0073 0.0048 0.0043 0.0173 0.0057 0.0024 0.0091 0.0217 0.8855 0.0040 0.0047 0.0069 0.0042 0.0025 0.0022 0.0027 0.0038 0.0073 0.0035 
      H180.2  1 0.0025 0.0034 0.0025 0.0044 0.0086 0.0030 0.0103 0.0057 0.9215 0.0038 0.0053 0.0055 0.0026 0.0036 0.0028 0.0032 0.0041 0.0052 0.0023 
      H180.3  1 0.0039 0.0091 0.0052 0.0046 0.0036 0.0055 0.0052 0.0039 0.9099 0.0047 0.0075 0.0049 0.0021 0.0034 0.0040 0.0041 0.0030 0.0121 0.0033 
      H180.4  1 0.0037 0.0036 0.0039 0.0111 0.0061 0.0043 0.0065 0.0093 0.9131 0.0025 0.0040 0.0068 0.0032 0.0030 0.0027 0.0037 0.0051 0.0043 0.0030 
      H180.5  1 0.0034 0.0031 0.0033 0.0108 0.0041 0.0041 0.0182 0.0101 0.9093 0.0027 0.0032 0.0053 0.0029 0.0031 0.0035 0.0038 0.0022 0.0040 0.0028 
      H180.6  1 0.0075 0.0065 0.0051 0.0061 0.0040 0.0166 0.0073 0.0046 0.8762 0.0029 0.0045 0.0169 0.0021 0.0036 0.0097 0.0140 0.0043 0.0052 0.0031 
      H181.1  1 0.0063 0.0029 0.0094 0.0045 0.0030 0.0032 0.0054 0.8997 0.0055 0.0043 0.0046 0.0134 0.0025 0.0035 0.0049 0.0121 0.0084 0.0036 0.0028 
      H181.2  1 0.0068 0.0027 0.0037 0.0146 0.0039 0.0065 0.0101 0.9072 0.0046 0.0028 0.0031 0.0059 0.0041 0.0029 0.0040 0.0052 0.0033 0.0056 0.0032 
      H181.3  1 0.0070 0.0030 0.0030 0.0041 0.0051 0.0041 0.0078 0.9184 0.0042 0.0044 0.0022 0.0052 0.0047 0.0032 0.0036 0.0083 0.0035 0.0036 0.0045 
      H181.4  1 0.0037 0.0132 0.0095 0.0049 0.0028 0.0057 0.0072 0.8650 0.0131 0.0065 0.0053 0.0147 0.0052 0.0038 0.0050 0.0142 0.0083 0.0047 0.0074 
      H181.5  1 0.0055 0.0033 0.0040 0.0155 0.0043 0.0027 0.0042 0.9065 0.0028 0.0048 0.0062 0.0080 0.0035 0.0038 0.0062 0.0041 0.0052 0.0057 0.0038 
      H181.6  1 0.0041 0.0051 0.0061 0.0829 0.0041 0.0045 0.0066 0.8020 0.0148 0.0049 0.0069 0.0129 0.0037 0.0053 0.0058 0.0048 0.0122 0.0099 0.0032 
      H181.7  1 0.0031 0.0036 0.0066 0.0185 0.0029 0.0039 0.0051 0.8985 0.0037 0.0074 0.0057 0.0046 0.0030 0.0065 0.0040 0.0045 0.0083 0.0057 0.0043 
 H194.1_2004  1 0.0048 0.0047 0.0066 0.0022 0.0027 0.0036 0.0056 0.0026 0.0037 0.0039 0.0039 0.0056 0.0033 0.0035 0.9252 0.0042 0.0016 0.0085 0.0038 
 H194.2_2004  1 0.0043 0.0038 0.0058 0.0020 0.0027 0.0048 0.0031 0.0030 0.0026 0.0029 0.0026 0.0051 0.0035 0.0018 0.9399 0.0031 0.0032 0.0032 0.0027 
 H194.3_2004  1 0.0060 0.0029 0.0047 0.0082 0.0021 0.0075 0.0104 0.0064 0.0039 0.0062 0.0484 0.0158 0.0064 0.0042 0.8316 0.0196 0.0035 0.0086 0.0036 
 H194.4_2004  1 0.0037 0.0040 0.0040 0.0034 0.0030 0.0084 0.0079 0.0038 0.0023 0.0034 0.0032 0.0039 0.0033 0.0027 0.9255 0.0077 0.0025 0.0051 0.0022 
 H194.5_2004  1 0.0065 0.0032 0.0100 0.0035 0.0024 0.0062 0.0064 0.0052 0.0026 0.0043 0.0157 0.0072 0.0042 0.0048 0.8895 0.0128 0.0029 0.0083 0.0044 
 H194.6_2004  1 0.0120 0.0044 0.0069 0.0044 0.0026 0.0076 0.0607 0.0052 0.0038 0.0049 0.0329 0.0100 0.0063 0.0136 0.7923 0.0112 0.0029 0.0139 0.0045 
 H194.7_2004  1 0.0019 0.0032 0.0050 0.0023 0.0036 0.0031 0.0043 0.0031 0.0032 0.0030 0.0040 0.0039 0.0022 0.0029 0.9425 0.0027 0.0031 0.0025 0.0034 
 H194.8_2004  1 0.0037 0.0048 0.0046 0.0026 0.0031 0.0068 0.0055 0.0046 0.0025 0.0026 0.0033 0.0051 0.0044 0.0055 0.9242 0.0050 0.0035 0.0058 0.0026 
      H194.9  1 0.0027 0.0052 0.0039 0.0021 0.0039 0.0057 0.0053 0.0035 0.0023 0.0027 0.0025 0.0034 0.0027 0.0033 0.9387 0.0035 0.0022 0.0038 0.0028 
 H195.1_2003  1 0.0087 0.0070 0.0100 0.0052 0.0067 0.7298 0.0069 0.0043 0.0051 0.0064 0.0100 0.0163 0.0168 0.0062 0.0488 0.0227 0.0045 0.0802 0.0045 
 H195.1_2004  1 0.0046 0.0031 0.0028 0.0025 0.0030 0.9270 0.0065 0.0061 0.0040 0.0041 0.0023 0.0047 0.0076 0.0031 0.0031 0.0057 0.0023 0.0032 0.0042 
 H195.2_2003  1 0.0118 0.0225 0.0233 0.0047 0.0042 0.7119 0.0056 0.0197 0.0057 0.0181 0.0048 0.0408 0.0203 0.0081 0.0423 0.0091 0.0188 0.0180 0.0104 
 H195.2_2004  1 0.0034 0.0022 0.0024 0.0026 0.0026 0.9394 0.0040 0.0031 0.0034 0.0047 0.0029 0.0039 0.0040 0.0025 0.0043 0.0059 0.0027 0.0037 0.0023 
 H195.3_2003  1 0.0042 0.1281 0.0808 0.0028 0.0131 0.4411 0.0068 0.0112 0.0101 0.0341 0.0125 0.1322 0.0155 0.0051 0.0504 0.0034 0.0290 0.0113 0.0082 
 H195.3_2004  1 0.0055 0.0022 0.0031 0.0024 0.0027 0.9205 0.0076 0.0049 0.0026 0.0028 0.0032 0.0036 0.0057 0.0032 0.0066 0.0115 0.0030 0.0057 0.0031 
 H195.4_2003  1 0.0056 0.0036 0.0043 0.0040 0.0025 0.8809 0.0041 0.0042 0.0031 0.0026 0.0042 0.0058 0.0062 0.0042 0.0130 0.0134 0.0045 0.0290 0.0047 
 H195.4_2004  1 0.0028 0.0021 0.0024 0.0029 0.0021 0.9443 0.0041 0.0027 0.0025 0.0060 0.0026 0.0043 0.0028 0.0043 0.0039 0.0038 0.0019 0.0023 0.0023 
 H195.5_2003  1 0.0078 0.0057 0.0087 0.0044 0.0108 0.7112 0.0035 0.0049 0.0090 0.0047 0.0068 0.0278 0.0568 0.0072 0.0518 0.0184 0.0060 0.0446 0.0099 
 H195.5_2004  1 0.0031 0.0033 0.0031 0.0030 0.0036 0.9329 0.0075 0.0039 0.0033 0.0028 0.0038 0.0035 0.0043 0.0049 0.0033 0.0047 0.0020 0.0032 0.0039 
 H195.6_2003  1 0.0077 0.0169 0.0132 0.0033 0.0023 0.8678 0.0056 0.0059 0.0070 0.0096 0.0033 0.0219 0.0066 0.0027 0.0052 0.0044 0.0070 0.0045 0.0053 
 H195.6_2004  1 0.0032 0.0022 0.0039 0.0030 0.0032 0.9348 0.0048 0.0035 0.0022 0.0034 0.0036 0.0039 0.0045 0.0033 0.0061 0.0034 0.0041 0.0039 0.0032 
 H195.7_2003  1 0.0044 0.0048 0.0233 0.0039 0.0062 0.6948 0.0054 0.0131 0.0036 0.0281 0.0117 0.0357 0.0206 0.0087 0.0687 0.0170 0.0067 0.0287 0.0144 
 H195.7_2004  1 0.0028 0.0036 0.0029 0.0027 0.0036 0.9436 0.0037 0.0035 0.0037 0.0045 0.0024 0.0034 0.0036 0.0024 0.0025 0.0033 0.0019 0.0030 0.0029 
      H195.8  1 0.0029 0.0028 0.0031 0.0021 0.0046 0.9410 0.0049 0.0045 0.0032 0.0035 0.0022 0.0032 0.0038 0.0036 0.0037 0.0033 0.0019 0.0024 0.0034 
      H195.9  1 0.0043 0.0019 0.0041 0.0029 0.0018 0.9217 0.0102 0.0045 0.0040 0.0036 0.0050 0.0046 0.0055 0.0049 0.0062 0.0052 0.0025 0.0039 0.0030 
      H415.1  1 0.0041 0.0132 0.0047 0.0049 0.0075 0.0046 0.0054 0.0041 0.0108 0.0098 0.0050 0.0052 0.0061 0.0018 0.0071 0.0076 0.0045 0.8901 0.0036 
      H415.2  1 0.0597 0.0139 0.0290 0.0091 0.0039 0.0038 0.0411 0.0044 0.0068 0.0123 0.0119 0.0359 0.0091 0.0023 0.0136 0.0047 0.0043 0.7164 0.0179 
      H415.3  1 0.0043 0.0035 0.0036 0.0112 0.0034 0.0031 0.0056 0.0056 0.0056 0.0048 0.0033 0.0051 0.0036 0.0020 0.0027 0.0058 0.0027 0.9178 0.0064 
      H415.4  1 0.0041 0.0041 0.0029 0.0026 0.0016 0.0032 0.0031 0.0028 0.0042 0.0027 0.0044 0.0029 0.0045 0.0022 0.0058 0.0044 0.0029 0.9387 0.0029 
      H415.5  1 0.0043 0.0024 0.0020 0.0033 0.0019 0.0035 0.0034 0.0038 0.0028 0.0026 0.0032 0.0032 0.0033 0.0021 0.0028 0.0053 0.0028 0.9447 0.0024 
      H415.6  1 0.0040 0.0045 0.0028 0.0027 0.0023 0.0039 0.0024 0.0024 0.0043 0.0029 0.0045 0.0033 0.0052 0.0022 0.0038 0.0041 0.0026 0.9394 0.0027 
      H415.7  1 0.0359 0.0045 0.0247 0.0140 0.0029 0.0068 0.0140 0.0041 0.0036 0.0067 0.0029 0.0150 0.0094 0.0045 0.0071 0.0071 0.0032 0.8261 0.0076 
      H506.1  1 0.0022 0.0018 0.0024 0.9470 0.0031 0.0027 0.0029 0.0045 0.0024 0.0028 0.0050 0.0029 0.0021 0.0029 0.0021 0.0044 0.0028 0.0024 0.0035 
      H506.2  1 0.0025 0.0017 0.0028 0.9344 0.0023 0.0078 0.0108 0.0041 0.0025 0.0019 0.0035 0.0029 0.0040 0.0029 0.0028 0.0048 0.0034 0.0025 0.0025 
      H506.3  1 0.0032 0.0048 0.0041 0.8731 0.0022 0.0056 0.0182 0.0209 0.0059 0.0140 0.0118 0.0069 0.0057 0.0031 0.0034 0.0042 0.0036 0.0039 0.0053 
      H506.4  1 0.0046 0.0038 0.0054 0.9121 0.0023 0.0030 0.0081 0.0058 0.0057 0.0032 0.0036 0.0045 0.0029 0.0135 0.0042 0.0052 0.0022 0.0048 0.0050 
      H506.5  1 0.0039 0.0025 0.0040 0.9284 0.0020 0.0054 0.0068 0.0049 0.0025 0.0025 0.0033 0.0045 0.0043 0.0070 0.0023 0.0048 0.0027 0.0052 0.0031 
      H506.6  1 0.0039 0.0046 0.0134 0.7554 0.0023 0.0326 0.1060 0.0091 0.0047 0.0076 0.0040 0.0119 0.0111 0.0083 0.0055 0.0031 0.0031 0.0063 0.0071 
      H506.7  1 0.0021 0.0015 0.0026 0.9404 0.0023 0.0050 0.0060 0.0044 0.0022 0.0026 0.0042 0.0037 0.0033 0.0032 0.0029 0.0034 0.0039 0.0029 0.0033 
      H533.1  1 0.0023 0.0018 0.0030 0.9314 0.0023 0.0031 0.0033 0.0068 0.0052 0.0023 0.0042 0.0036 0.0025 0.0034 0.0023 0.0089 0.0087 0.0030 0.0020 
      H533.2  1 0.0026 0.0015 0.0026 0.9251 0.0024 0.0026 0.0037 0.0095 0.0061 0.0019 0.0052 0.0037 0.0024 0.0034 0.0022 0.0107 0.0080 0.0042 0.0023 
      H533.3  1 0.0021 0.0031 0.0071 0.9356 0.0024 0.0030 0.0030 0.0046 0.0026 0.0030 0.0039 0.0050 0.0021 0.0031 0.0036 0.0065 0.0029 0.0030 0.0032 
      H533.4  1 0.0030 0.0044 0.0195 0.8582 0.0036 0.0262 0.0061 0.0082 0.0049 0.0038 0.0026 0.0074 0.0040 0.0079 0.0118 0.0135 0.0052 0.0070 0.0027 
      H535.1  1 0.0044 0.0035 0.0034 0.0035 0.0025 0.0027 0.0045 0.0033 0.0034 0.0022 0.0026 0.0034 0.0031 0.9428 0.0035 0.0035 0.0026 0.0031 0.0020 
      H535.2  1 0.0028 0.0018 0.0030 0.0042 0.0024 0.0039 0.0046 0.0036 0.0029 0.0021 0.0033 0.0030 0.0035 0.9455 0.0028 0.0024 0.0029 0.0023 0.0028 
      H535.3  1 0.0026 0.0023 0.0027 0.0025 0.0039 0.0036 0.0031 0.0036 0.0025 0.0023 0.0036 0.0027 0.0025 0.9492 0.0023 0.0023 0.0033 0.0020 0.0031 
      H535.4  1 0.0020 0.0023 0.0033 0.0024 0.0026 0.0029 0.0024 0.0025 0.0023 0.0020 0.0030 0.0027 0.0031 0.9495 0.0042 0.0047 0.0028 0.0026 0.0028 
      H535.5  1 0.0025 0.0022 0.0033 0.0032 0.0018 0.0027 0.0029 0.0028 0.0023 0.0021 0.0030 0.0026 0.0022 0.9516 0.0037 0.0027 0.0030 0.0031 0.0024 
      H535.6  1 0.0073 0.0062 0.0047 0.0025 0.0025 0.0045 0.0037 0.0046 0.0038 0.0021 0.0040 0.0036 0.0026 0.9319 0.0046 0.0020 0.0023 0.0043 0.0028 
      H535.7  1 0.0019 0.0019 0.0021 0.0031 0.0018 0.0024 0.0026 0.0021 0.0017 0.0022 0.0027 0.0023 0.0020 0.9592 0.0023 0.0030 0.0024 0.0023 0.0020 
      H535.8  1 0.0024 0.0033 0.0033 0.0024 0.0022 0.0031 0.0023 0.0028 0.0020 0.0027 0.0046 0.0027 0.0035 0.9479 0.0034 0.0023 0.0035 0.0029 0.0025 
      H535.9  1 0.0028 0.0032 0.0036 0.0030 0.0030 0.0026 0.0035 0.0026 0.0027 0.0020 0.0026 0.0026 0.0026 0.9514 0.0026 0.0026 0.0021 0.0025 0.0023 
      H539.1  1 0.0078 0.9450 0.0034 0.0021 0.0031 0.0028 0.0023 0.0027 0.0059 0.0022 0.0021 0.0027 0.0024 0.0022 0.0029 0.0022 0.0026 0.0030 0.0024 
      H539.2  1 0.0055 0.5261 0.0749 0.0050 0.0267 0.0047 0.0276 0.0056 0.1830 0.0269 0.0048 0.0372 0.0267 0.0113 0.0135 0.0042 0.0034 0.0061 0.0069 
      H539.3  1 0.0052 0.8436 0.0297 0.0041 0.0092 0.0080 0.0066 0.0034 0.0090 0.0104 0.0035 0.0089 0.0058 0.0129 0.0270 0.0027 0.0031 0.0036 0.0033 
      H539.4  1 0.0045 0.8455 0.0059 0.0045 0.0031 0.0030 0.0073 0.0036 0.0749 0.0073 0.0050 0.0077 0.0059 0.0029 0.0026 0.0033 0.0037 0.0049 0.0044 
      H539.5  1 0.0036 0.9425 0.0054 0.0024 0.0030 0.0020 0.0036 0.0028 0.0057 0.0029 0.0034 0.0033 0.0024 0.0036 0.0037 0.0026 0.0023 0.0022 0.0025 
      H539.6  1 0.0078 0.9240 0.0066 0.0029 0.0028 0.0039 0.0048 0.0033 0.0158 0.0029 0.0025 0.0038 0.0025 0.0025 0.0040 0.0023 0.0025 0.0023 0.0028 
      H539.7  1 0.0048 0.9343 0.0046 0.0022 0.0046 0.0021 0.0035 0.0030 0.0070 0.0056 0.0027 0.0037 0.0027 0.0028 0.0038 0.0031 0.0023 0.0043 0.0029 
      H539.8  1 0.0048 0.7476 0.0088 0.0049 0.0283 0.0048 0.0063 0.0035 0.0962 0.0112 0.0059 0.0122 0.0073 0.0241 0.0159 0.0036 0.0046 0.0050 0.0051 
      H539.9  1 0.0024 0.9167 0.0055 0.0030 0.0027 0.0034 0.0040 0.0042 0.0199 0.0065 0.0062 0.0043 0.0034 0.0022 0.0025 0.0024 0.0041 0.0028 0.0038 
      H540.1  1 0.0047 0.8468 0.0649 0.0031 0.0021 0.0071 0.0068 0.0090 0.0051 0.0055 0.0041 0.0072 0.0033 0.0054 0.0051 0.0043 0.0039 0.0062 0.0054 
      H540.2  1 0.0031 0.9255 0.0065 0.0028 0.0032 0.0025 0.0043 0.0059 0.0051 0.0045 0.0031 0.0047 0.0036 0.0022 0.0071 0.0027 0.0027 0.0069 0.0037 
      H540.3  1 0.0060 0.7383 0.0071 0.0039 0.0179 0.0109 0.0165 0.0055 0.0093 0.0100 0.0100 0.0376 0.0252 0.0058 0.0379 0.0245 0.0055 0.0221 0.0062 
      H540.4  1 0.0054 0.8555 0.0126 0.0060 0.0067 0.0052 0.0084 0.0184 0.0230 0.0075 0.0055 0.0096 0.0032 0.0042 0.0035 0.0039 0.0034 0.0085 0.0095 
      H540.5  1 0.0061 0.8996 0.0048 0.0026 0.0033 0.0037 0.0073 0.0070 0.0041 0.0124 0.0068 0.0056 0.0073 0.0028 0.0066 0.0042 0.0037 0.0077 0.0041 
      H540.6  1 0.0081 0.8378 0.0236 0.0046 0.0037 0.0063 0.0137 0.0224 0.0049 0.0113 0.0056 0.0105 0.0066 0.0049 0.0068 0.0055 0.0050 0.0067 0.0120 
      H540.7  1 0.0068 0.8534 0.0085 0.0077 0.0062 0.0057 0.0080 0.0123 0.0060 0.0053 0.0050 0.0191 0.0066 0.0031 0.0108 0.0129 0.0030 0.0116 0.0080 
      H540.8  1 0.0105 0.8488 0.0284 0.0035 0.0037 0.0033 0.0094 0.0053 0.0050 0.0056 0.0051 0.0068 0.0027 0.0046 0.0243 0.0074 0.0024 0.0193 0.0039 
     H9558.1  1 0.0084 0.9304 0.0050 0.0038 0.0031 0.0028 0.0022 0.0040 0.0032 0.0041 0.0027 0.0034 0.0021 0.0074 0.0041 0.0017 0.0060 0.0036 0.0019 
     H9558.2  1 0.0089 0.8620 0.0042 0.0079 0.0068 0.0032 0.0036 0.0184 0.0035 0.0064 0.0060 0.0118 0.0057 0.0077 0.0111 0.0042 0.0158 0.0065 0.0064 
     H9558.3  1 0.0030 0.8687 0.0040 0.0025 0.0075 0.0024 0.0028 0.0077 0.0045 0.0044 0.0065 0.0058 0.0064 0.0057 0.0060 0.0025 0.0481 0.0044 0.0069 
     H9558.4  1 0.0026 0.9421 0.0027 0.0035 0.0049 0.0023 0.0026 0.0029 0.0025 0.0050 0.0023 0.0032 0.0031 0.0053 0.0038 0.0020 0.0036 0.0036 0.0022 
     H9558.5  1 0.0023 0.9255 0.0025 0.0026 0.0078 0.0019 0.0032 0.0039 0.0069 0.0066 0.0042 0.0042 0.0049 0.0077 0.0024 0.0032 0.0031 0.0033 0.0039 
     H9558.6  1 0.0054 0.8973 0.0073 0.0032 0.0045 0.0025 0.0035 0.0045 0.0036 0.0037 0.0048 0.0172 0.0054 0.0041 0.0068 0.0034 0.0126 0.0065 0.0038 
    kos339.1  1 0.0065 0.0046 0.0087 0.0238 0.0024 0.0024 0.0069 0.0076 0.0054 0.0030 0.0046 0.0087 0.0037 0.0048 0.0029 0.8685 0.0061 0.0135 0.0159 
    kos339.2  1 0.0047 0.0032 0.0031 0.0077 0.0030 0.0062 0.0052 0.0043 0.0038 0.0039 0.0039 0.0056 0.0072 0.0036 0.0037 0.9130 0.0042 0.0059 0.0078 
    kos339.3  1 0.0029 0.0027 0.0044 0.0036 0.0025 0.0031 0.0034 0.0027 0.0029 0.0040 0.0030 0.0039 0.0026 0.0055 0.0033 0.9413 0.0024 0.0039 0.0019 
    kos339.4  1 0.0032 0.0033 0.0038 0.0038 0.0026 0.0034 0.0041 0.0047 0.0051 0.0039 0.0030 0.0028 0.0028 0.0050 0.0037 0.9327 0.0024 0.0071 0.0024 
    kos339.5  1 0.0059 0.0038 0.0038 0.0170 0.0030 0.0030 0.0074 0.0103 0.0037 0.0027 0.0055 0.0052 0.0029 0.0028 0.0030 0.9056 0.0039 0.0045 0.0061 
    kos339.6  1 0.0033 0.0026 0.0029 0.0055 0.0031 0.0038 0.0048 0.0043 0.0025 0.0028 0.0027 0.0049 0.0038 0.0024 0.0062 0.9310 0.0031 0.0049 0.0052 
    kos339.7  1 0.0025 0.0027 0.0042 0.0050 0.0026 0.0036 0.0026 0.0039 0.0029 0.0029 0.0035 0.0038 0.0024 0.0117 0.0032 0.9331 0.0017 0.0054 0.0022 
    kos339.8  1 0.0037 0.0026 0.0030 0.0209 0.0029 0.0039 0.0053 0.0040 0.0040 0.0034 0.0039 0.0034 0.0048 0.0032 0.0029 0.9105 0.0028 0.0110 0.0039 
    kos339.9  1 0.0262 0.0132 0.0074 0.0078 0.0028 0.0086 0.0256 0.0107 0.0165 0.0035 0.0068 0.0094 0.0084 0.0043 0.0052 0.8218 0.0053 0.0098 0.0069 
      H409.1 12 0.0030 0.0020 0.0019 0.0041 0.0033 0.0031 0.0033 0.0049 0.0024 0.0037 0.9386 0.0032 0.0034 0.0025 0.0032 0.0062 0.0025 0.0043 0.0044 
     H409.10 12 0.0050 0.0087 0.0045 0.0292 0.0066 0.0048 0.0037 0.0096 0.0103 0.0194 0.8481 0.0068 0.0072 0.0033 0.0032 0.0053 0.0026 0.0148 0.0067 
      H409.2 12 0.0049 0.0040 0.0031 0.0049 0.0028 0.0040 0.0047 0.0025 0.0026 0.0042 0.9106 0.0044 0.0106 0.0068 0.0042 0.0051 0.0025 0.0145 0.0037 
      H409.3 12 0.0030 0.0028 0.0025 0.0051 0.0034 0.0036 0.0033 0.0026 0.0035 0.0024 0.9367 0.0036 0.0042 0.0035 0.0061 0.0031 0.0039 0.0029 0.0037 
      H409.4 12 0.0024 0.0029 0.0023 0.0029 0.0024 0.0025 0.0028 0.0038 0.0026 0.0032 0.9457 0.0031 0.0040 0.0029 0.0040 0.0030 0.0045 0.0026 0.0024 
      H409.5 12 0.0031 0.0042 0.0041 0.0033 0.0029 0.0026 0.0029 0.0023 0.0045 0.0027 0.9371 0.0041 0.0040 0.0038 0.0037 0.0026 0.0040 0.0046 0.0037 
      H409.6 12 0.0029 0.0051 0.0084 0.0084 0.0090 0.0046 0.0075 0.0131 0.0052 0.0061 0.8409 0.0095 0.0051 0.0069 0.0063 0.0033 0.0449 0.0035 0.0090 
      H409.7 12 0.0036 0.0028 0.0026 0.0035 0.0032 0.0048 0.0036 0.0044 0.0024 0.0043 0.9201 0.0042 0.0073 0.0026 0.0087 0.0074 0.0046 0.0048 0.0051 
      H409.8 12 0.0028 0.0028 0.0051 0.0044 0.0036 0.0027 0.0031 0.0037 0.0036 0.0023 0.9362 0.0038 0.0027 0.0027 0.0039 0.0039 0.0029 0.0034 0.0064 
      H409.9 12 0.0035 0.2581 0.0147 0.1023 0.0242 0.0047 0.0188 0.0101 0.0297 0.0053 0.4320 0.0303 0.0060 0.0112 0.0030 0.0032 0.0038 0.0088 0.0302 
      H413.1 12 0.0020 0.0023 0.0027 0.0020 0.9445 0.0021 0.0022 0.0044 0.0055 0.0028 0.0026 0.0030 0.0033 0.0026 0.0025 0.0033 0.0053 0.0023 0.0047 
      H413.2 12 0.0026 0.0024 0.0023 0.0027 0.9540 0.0020 0.0019 0.0030 0.0028 0.0026 0.0019 0.0023 0.0019 0.0020 0.0031 0.0037 0.0047 0.0022 0.0021 
      H413.3 12 0.0027 0.0034 0.0024 0.0027 0.9483 0.0022 0.0020 0.0031 0.0021 0.0034 0.0034 0.0029 0.0028 0.0018 0.0047 0.0022 0.0034 0.0023 0.0043 
      H413.4 12 0.0031 0.0034 0.0025 0.0041 0.9270 0.0038 0.0034 0.0073 0.0039 0.0025 0.0040 0.0037 0.0055 0.0019 0.0040 0.0053 0.0035 0.0022 0.0089 
      H413.5 12 0.0087 0.0152 0.0029 0.0029 0.9187 0.0025 0.0028 0.0039 0.0151 0.0035 0.0024 0.0046 0.0025 0.0015 0.0025 0.0020 0.0025 0.0024 0.0035 
      H413.6 12 0.0026 0.0151 0.0026 0.0023 0.8926 0.0061 0.0060 0.0045 0.0099 0.0119 0.0038 0.0055 0.0102 0.0023 0.0050 0.0036 0.0054 0.0025 0.0080 
      H413.7 12 0.0023 0.0032 0.0022 0.0028 0.9521 0.0022 0.0024 0.0022 0.0024 0.0032 0.0021 0.0026 0.0027 0.0028 0.0028 0.0040 0.0025 0.0024 0.0032 
      H563.1 12 0.0022 0.0091 0.0044 0.0034 0.0086 0.0027 0.0046 0.0029 0.0050 0.0043 0.0046 0.0051 0.0064 0.0020 0.0032 0.0027 0.0031 0.0026 0.9231 
      H563.2 12 0.0067 0.0047 0.0042 0.0039 0.0078 0.0030 0.0045 0.0074 0.0069 0.0045 0.0116 0.0078 0.0094 0.0036 0.0122 0.0078 0.0048 0.0066 0.8826 
      H563.3 12 0.0026 0.0077 0.0039 0.0032 0.0037 0.0024 0.0035 0.0037 0.0026 0.0026 0.0038 0.0054 0.0061 0.0020 0.0042 0.0026 0.0033 0.0023 0.9346 
      H563.4 12 0.0042 0.0042 0.0045 0.0029 0.0163 0.0027 0.0039 0.0043 0.0052 0.0052 0.0110 0.0066 0.0074 0.0026 0.0052 0.0049 0.0085 0.0041 0.8962 
      H563.5 12 0.0017 0.0067 0.0037 0.0020 0.0053 0.0026 0.0058 0.0032 0.0034 0.0040 0.0034 0.0039 0.0075 0.0019 0.0023 0.0026 0.0033 0.0024 0.9342 
      H563.6 12 0.0035 0.0045 0.0041 0.0048 0.0103 0.0027 0.0032 0.0055 0.0045 0.0032 0.0062 0.0062 0.0101 0.0031 0.0079 0.0128 0.0063 0.0037 0.8975 
      H563.7 12 0.0031 0.0031 0.0026 0.0024 0.0073 0.0026 0.0024 0.0056 0.0038 0.0024 0.0070 0.0043 0.0097 0.0024 0.0047 0.0139 0.0060 0.0032 0.9134 
      H563.8 12 0.0030 0.0093 0.0059 0.0029 0.0053 0.0024 0.0110 0.0043 0.0049 0.0050 0.0043 0.0065 0.0111 0.0018 0.0039 0.0041 0.0048 0.0031 0.9062 
      H563.9 12 0.0057 0.0035 0.0040 0.0049 0.0069 0.0039 0.0041 0.0063 0.0050 0.0056 0.0171 0.0066 0.0041 0.0018 0.0098 0.0076 0.0049 0.0065 0.8918 
     H7374.1 12 0.0033 0.0038 0.0049 0.0024 0.0033 0.0052 0.0043 0.0049 0.0032 0.0025 0.0043 0.0047 0.9177 0.0033 0.0079 0.0035 0.0109 0.0061 0.0037 
     H7374.2 12 0.0024 0.0062 0.0064 0.0039 0.0069 0.0036 0.0048 0.0032 0.0030 0.0061 0.0054 0.0065 0.9127 0.0037 0.0056 0.0022 0.0045 0.0064 0.0063 
     H7374.3 12 0.0066 0.0086 0.0088 0.0038 0.0040 0.0168 0.0066 0.0051 0.0044 0.0033 0.0079 0.0072 0.8553 0.0044 0.0195 0.0047 0.0067 0.0165 0.0098 
     H7374.4 12 0.0039 0.0052 0.0026 0.0029 0.0051 0.0030 0.0053 0.0046 0.0035 0.0054 0.0041 0.0043 0.9272 0.0047 0.0032 0.0041 0.0035 0.0046 0.0029 
     H7374.5 12 0.0040 0.0052 0.0037 0.0022 0.0032 0.0026 0.0041 0.0035 0.0033 0.0034 0.0035 0.0039 0.9367 0.0023 0.0025 0.0036 0.0043 0.0028 0.0050 
     H7374.6 12 0.0103 0.0081 0.0041 0.0049 0.0044 0.0104 0.0076 0.0052 0.0044 0.0035 0.0048 0.0079 0.8657 0.0080 0.0194 0.0082 0.0038 0.0143 0.0051 
     H7374.7 12 0.0027 0.0024 0.0022 0.0020 0.0045 0.0029 0.0035 0.0038 0.0023 0.0032 0.0035 0.0041 0.9424 0.0035 0.0033 0.0040 0.0033 0.0028 0.0036 
     H7374.8 12 0.0030 0.0024 0.0034 0.0025 0.0026 0.0060 0.0037 0.0053 0.0024 0.0024 0.0063 0.0037 0.9279 0.0022 0.0058 0.0040 0.0062 0.0048 0.0055 
     H7374.9 12 0.0046 0.0064 0.0038 0.0029 0.0031 0.0033 0.0083 0.0045 0.0035 0.0052 0.0024 0.0034 0.9281 0.0026 0.0024 0.0053 0.0041 0.0027 0.0035 
     H9563.1 12 0.0035 0.0042 0.0041 0.0036 0.0040 0.0031 0.0039 0.0044 0.0032 0.0029 0.0023 0.0045 0.0034 0.0031 0.0038 0.0043 0.0032 0.0050 0.9335 
     H9563.2 12 0.0037 0.0056 0.0051 0.0033 0.0040 0.0035 0.0032 0.0029 0.0065 0.0030 0.0019 0.0046 0.0025 0.0036 0.0029 0.0030 0.0030 0.0058 0.9317 
     H9563.3 12 0.0037 0.0018 0.0037 0.0083 0.0028 0.0052 0.0044 0.0037 0.0046 0.0039 0.0055 0.0050 0.0049 0.0052 0.0042 0.0027 0.0050 0.0045 0.9207 
     H9563.4 12 0.0045 0.0065 0.0090 0.0067 0.0036 0.0079 0.0135 0.0083 0.0142 0.0059 0.0108 0.0139 0.0059 0.0164 0.0103 0.0083 0.0066 0.0093 0.8387 
     H9563.5 12 0.0046 0.0046 0.0092 0.0089 0.0043 0.0042 0.0058 0.0050 0.0091 0.0045 0.0105 0.0097 0.0028 0.0047 0.0059 0.0053 0.0039 0.0052 0.8917 
     H9563.6 12 0.0023 0.0025 0.0043 0.0078 0.0033 0.0054 0.0038 0.0039 0.0057 0.0029 0.0035 0.0042 0.0061 0.0047 0.0030 0.0028 0.0123 0.0036 0.9179 
     H9563.7 12 0.0024 0.0026 0.0058 0.0044 0.0030 0.0045 0.0039 0.0027 0.0037 0.0032 0.0027 0.0041 0.0051 0.0071 0.0031 0.0022 0.0083 0.0030 0.9283 
     H9563.8 12 0.0049 0.0060 0.0070 0.0122 0.0037 0.0059 0.0114 0.0089 0.0353 0.0104 0.0073 0.0162 0.0035 0.0054 0.0061 0.0095 0.0076 0.0375 0.8013 
     H9563.9 12 0.0041 0.0045 0.0052 0.0070 0.0040 0.0045 0.0050 0.0049 0.0092 0.0039 0.0038 0.0052 0.0042 0.0030 0.0045 0.0042 0.0094 0.0125 0.9010 
     H9572.1 12 0.0270 0.0746 0.0070 0.0280 0.0162 0.0149 0.0326 0.2521 0.0581 0.0071 0.0141 0.1605 0.0106 0.0113 0.0186 0.0069 0.0224 0.0039 0.2339 
     H9572.2 12 0.0653 0.0083 0.0110 0.0084 0.0109 0.0372 0.0669 0.1008 0.0689 0.0032 0.0104 0.2115 0.0164 0.0035 0.0617 0.0076 0.0140 0.0110 0.2829 
     H9572.3 12 0.0144 0.0613 0.1383 0.0082 0.0104 0.0077 0.0359 0.1253 0.0073 0.0036 0.0472 0.2101 0.1192 0.0163 0.0133 0.1024 0.0359 0.0178 0.0257 
     H9572.4 12 0.0265 0.0244 0.0120 0.0112 0.0074 0.0137 0.1423 0.2767 0.0093 0.0027 0.0202 0.2351 0.0130 0.0178 0.0316 0.0418 0.0346 0.0040 0.0758 
     H9572.5 12 0.0147 0.0280 0.0233 0.0191 0.0055 0.0104 0.0470 0.2334 0.0200 0.0045 0.0050 0.3790 0.0038 0.0067 0.0364 0.0988 0.0217 0.0033 0.0394 
