      H105.1  1 0.0086 0.9660 0.0059 0.0062 0.0131 
      H105.2  1 0.0102 0.9460 0.0125 0.0116 0.0197 
      H105.3  1 0.0067 0.9810 0.0034 0.0035 0.0053 
      H105.4  1 0.0210 0.9414 0.0158 0.0129 0.0089 
      H105.5  1 0.0259 0.8653 0.0250 0.0338 0.0499 
      H105.6  1 0.0282 0.9352 0.0163 0.0090 0.0113 
      H105.7  1 0.0050 0.9711 0.0059 0.0124 0.0056 
      H105.8  1 0.0055 0.9723 0.0073 0.0043 0.0106 
      H115.1  1 0.0056 0.0580 0.8913 0.0125 0.0325 
      H115.2  1 0.0037 0.0076 0.9726 0.0072 0.0088 
      H115.3  1 0.0047 0.0137 0.9642 0.0062 0.0111 
      H115.4  1 0.0167 0.0098 0.8300 0.0179 0.1256 
      H115.5  1 0.0239 0.0227 0.8816 0.0154 0.0563 
      H115.6  1 0.0063 0.0116 0.9469 0.0152 0.0201 
      H115.7  1 0.0090 0.0778 0.8700 0.0181 0.0251 
      H115.8  1 0.0037 0.0137 0.9637 0.0061 0.0129 
      H115.9  1 0.0043 0.0178 0.9528 0.0108 0.0143 
      H145.1  1 0.0107 0.0041 0.0048 0.9757 0.0048 
      H145.2  1 0.0186 0.0072 0.0050 0.9592 0.0101 
      H145.3  1 0.0226 0.0065 0.0039 0.9624 0.0046 
      H145.4  1 0.0135 0.0069 0.0032 0.9693 0.0071 
      H145.5  1 0.0119 0.0052 0.0034 0.9736 0.0060 
      H145.6  1 0.0437 0.0116 0.0032 0.9316 0.0100 
      H145.7  1 0.0842 0.0089 0.0041 0.8937 0.0091 
      H149.1  1 0.0083 0.0057 0.0058 0.0067 0.9735 
      H149.2  1 0.0086 0.0112 0.0049 0.0325 0.9428 
      H149.3  1 0.0189 0.0203 0.0103 0.0588 0.8917 
      H149.4  1 0.0049 0.0141 0.0052 0.0065 0.9693 
      H149.5  1 0.0117 0.0350 0.0037 0.0198 0.9297 
      H149.6  1 0.0112 0.0154 0.0038 0.0161 0.9535 
      H149.7  1 0.0090 0.0158 0.0063 0.0140 0.9550 
      H150.1  1 0.0034 0.0056 0.9808 0.0068 0.0034 
      H150.2  1 0.0042 0.0058 0.9795 0.0043 0.0061 
      H150.3  1 0.0050 0.0093 0.9698 0.0106 0.0053 
      H150.4  1 0.0044 0.0063 0.9796 0.0059 0.0038 
      H150.5  1 0.0055 0.0134 0.9672 0.0064 0.0074 
      H150.6  1 0.0083 0.0103 0.9640 0.0072 0.0102 
      H150.7  1 0.0034 0.0061 0.9786 0.0080 0.0039 
   H169607.1  1 0.0380 0.0085 0.0594 0.8818 0.0123 
   H169607.2  1 0.0126 0.0124 0.0217 0.9460 0.0072 
   H169607.3  1 0.0085 0.0075 0.0070 0.9696 0.0074 
   H169607.4  1 0.0152 0.0052 0.0069 0.9695 0.0032 
   H169607.5  1 0.0058 0.0084 0.0112 0.9695 0.0052 
   H169607.6  1 0.0084 0.0079 0.0084 0.9693 0.0061 
   H169607.7  1 0.0069 0.0107 0.0208 0.9514 0.0102 
   H169607.8  1 0.0109 0.0138 0.0094 0.9614 0.0045 
   H169633.1  1 0.0472 0.0126 0.0228 0.0057 0.9116 
   H169633.2  1 0.0347 0.0072 0.0081 0.0035 0.9466 
   H169633.3  1 0.0400 0.0109 0.0169 0.0098 0.9224 
   H169633.4  1 0.0139 0.0188 0.0135 0.0224 0.9315 
   H169633.5  1 0.0129 0.0154 0.0142 0.0214 0.9361 
   H169688.1  1 0.1833 0.0992 0.0931 0.5587 0.0658 
   H169688.2  1 0.3117 0.1468 0.2831 0.0724 0.1860 
   H169688.3  1 0.2017 0.0624 0.5595 0.0228 0.1536 
   H169688.4  1 0.0522 0.0041 0.9201 0.0112 0.0124 
   H169688.5  1 0.0624 0.0043 0.9098 0.0119 0.0116 
   H169688.6  1 0.2357 0.0217 0.3665 0.0140 0.3621 
   H169688.7  1 0.3038 0.0173 0.5472 0.0691 0.0627 
   H171901.1  1 0.0084 0.2732 0.1834 0.4993 0.0357 
   H171901.2  1 0.0270 0.0281 0.0555 0.0850 0.8043 
   H171901.3  1 0.0132 0.0137 0.0385 0.0162 0.9183 
   H171901.4  1 0.0141 0.0152 0.0237 0.0145 0.9325 
   H171901.5  1 0.0169 0.0105 0.0258 0.0273 0.9194 
   H171901.6  1 0.0409 0.0071 0.0483 0.0471 0.8567 
   H171901.7  1 0.0434 0.0054 0.0306 0.1361 0.7844 
   H171902.1  1 0.0064 0.0034 0.0098 0.9729 0.0074 
  H171902.10  1 0.0038 0.0045 0.0080 0.9744 0.0093 
   H171902.2  1 0.0069 0.0088 0.0196 0.9356 0.0291 
   H171902.3  1 0.0076 0.0061 0.0376 0.9010 0.0476 
   H171902.4  1 0.0047 0.0071 0.0072 0.9646 0.0164 
   H171902.6  1 0.0045 0.0040 0.0098 0.9711 0.0107 
   H171902.7  1 0.0042 0.0033 0.0069 0.9789 0.0066 
   H171902.8  1 0.0061 0.0046 0.0137 0.9592 0.0164 
   H171902.9  1 0.0047 0.0063 0.0287 0.9553 0.0050 
   H171903.1  1 0.0052 0.0191 0.0545 0.9135 0.0077 
   H171903.2  1 0.0307 0.0424 0.0831 0.8348 0.0090 
   H171903.3  1 0.0176 0.0533 0.0369 0.8743 0.0179 
   H171903.4  1 0.0066 0.0063 0.0258 0.9548 0.0065 
   H171903.5  1 0.0107 0.0403 0.1286 0.6415 0.1790 
   H171903.6  1 0.0058 0.0047 0.0594 0.9080 0.0221 
      H177.1  1 0.0208 0.0075 0.0211 0.9254 0.0252 
      H177.2  1 0.5116 0.0103 0.0238 0.2552 0.1991 
      H177.3  1 0.0498 0.0063 0.0134 0.8629 0.0675 
      H177.4  1 0.0255 0.0108 0.0048 0.8413 0.1176 
      H177.5  1 0.1039 0.0219 0.0387 0.7240 0.1116 
      H177.6  1 0.0502 0.0060 0.0276 0.7338 0.1824 
      H179.1  1 0.0038 0.0165 0.0147 0.0087 0.9563 
      H179.2  1 0.0047 0.0061 0.0241 0.0090 0.9561 
      H179.3  1 0.0087 0.0204 0.0747 0.0416 0.8546 
      H179.4  1 0.1045 0.0087 0.0067 0.0220 0.8580 
      H180.1  1 0.0070 0.0120 0.9342 0.0094 0.0374 
      H180.2  1 0.0087 0.0088 0.9469 0.0071 0.0285 
      H180.3  1 0.0060 0.0037 0.9668 0.0085 0.0151 
      H180.4  1 0.0106 0.0178 0.9116 0.0127 0.0472 
      H180.5  1 0.0118 0.0075 0.9316 0.0246 0.0245 
      H180.6  1 0.0172 0.0063 0.8772 0.0595 0.0398 
      H181.1  1 0.0113 0.0134 0.0206 0.0182 0.9364 
      H181.2  1 0.0409 0.0118 0.0227 0.0173 0.9072 
      H181.3  1 0.0207 0.0224 0.0127 0.0113 0.9330 
      H181.4  1 0.0849 0.0370 0.1785 0.0238 0.6758 
      H181.5  1 0.0052 0.0196 0.0057 0.0077 0.9618 
      H181.6  1 0.0081 0.0100 0.0198 0.0070 0.9551 
      H181.7  1 0.0071 0.0147 0.0065 0.0119 0.9598 
 H194.1_2004  1 0.0052 0.0044 0.0099 0.9744 0.0061 
 H194.2_2004  1 0.0049 0.0058 0.0071 0.9772 0.0050 
 H194.3_2004  1 0.0300 0.0070 0.0062 0.8505 0.1063 
 H194.4_2004  1 0.0137 0.0050 0.0055 0.9673 0.0086 
 H194.5_2004  1 0.0185 0.0100 0.0055 0.9343 0.0317 
 H194.6_2004  1 0.0320 0.0064 0.0108 0.9251 0.0257 
 H194.7_2004  1 0.0066 0.0119 0.0062 0.9705 0.0048 
 H194.8_2004  1 0.0448 0.0076 0.0088 0.9242 0.0145 
      H194.9  1 0.0108 0.0075 0.0070 0.9674 0.0073 
 H195.1_2003  1 0.9538 0.0078 0.0054 0.0123 0.0208 
 H195.1_2004  1 0.9662 0.0059 0.0062 0.0131 0.0087 
 H195.2_2003  1 0.9634 0.0075 0.0119 0.0103 0.0069 
 H195.2_2004  1 0.9757 0.0057 0.0045 0.0088 0.0054 
 H195.3_2003  1 0.9108 0.0142 0.0537 0.0141 0.0072 
 H195.3_2004  1 0.9669 0.0051 0.0040 0.0135 0.0105 
 H195.4_2003  1 0.9695 0.0043 0.0041 0.0101 0.0119 
 H195.4_2004  1 0.9745 0.0041 0.0045 0.0115 0.0054 
 H195.5_2003  1 0.9601 0.0082 0.0066 0.0074 0.0176 
 H195.5_2004  1 0.9746 0.0053 0.0043 0.0100 0.0058 
 H195.6_2003  1 0.9689 0.0068 0.0098 0.0095 0.0050 
 H195.6_2004  1 0.9699 0.0053 0.0034 0.0143 0.0070 
 H195.7_2003  1 0.9685 0.0065 0.0061 0.0063 0.0127 
 H195.7_2004  1 0.9747 0.0047 0.0062 0.0098 0.0046 
      H195.8  1 0.9663 0.0051 0.0055 0.0175 0.0057 
      H195.9  1 0.9744 0.0035 0.0054 0.0106 0.0060 
      H415.1  1 0.0104 0.0075 0.2591 0.0204 0.7026 
      H415.2  1 0.0075 0.0147 0.0288 0.7208 0.2282 
      H415.3  1 0.0094 0.0072 0.0113 0.0103 0.9617 
      H415.4  1 0.0318 0.0077 0.1854 0.0146 0.7605 
      H415.5  1 0.0110 0.0055 0.0120 0.0090 0.9625 
      H415.6  1 0.0204 0.0090 0.1920 0.0156 0.7630 
      H415.7  1 0.0448 0.0183 0.0137 0.6362 0.2872 
      H506.1  1 0.0049 0.0098 0.0034 0.0045 0.9774 
      H506.2  1 0.0098 0.0070 0.0030 0.0063 0.9738 
      H506.3  1 0.0063 0.0108 0.0091 0.0082 0.9657 
      H506.4  1 0.0065 0.0100 0.0089 0.0098 0.9648 
      H506.5  1 0.0077 0.0093 0.0037 0.0066 0.9728 
      H506.6  1 0.0486 0.0174 0.0120 0.0626 0.8594 
      H506.7  1 0.0086 0.0111 0.0028 0.0052 0.9724 
      H533.1  1 0.0035 0.0057 0.0037 0.0041 0.9830 
      H533.2  1 0.0049 0.0051 0.0030 0.0049 0.9821 
      H533.3  1 0.0029 0.0079 0.0046 0.0041 0.9805 
      H533.4  1 0.0095 0.0082 0.0048 0.0144 0.9631 
      H535.1  1 0.9323 0.0062 0.0148 0.0217 0.0249 
      H535.2  1 0.9622 0.0064 0.0045 0.0097 0.0172 
      H535.3  1 0.9580 0.0085 0.0079 0.0084 0.0172 
      H535.4  1 0.9743 0.0064 0.0048 0.0053 0.0091 
      H535.5  1 0.9738 0.0045 0.0051 0.0071 0.0095 
      H535.6  1 0.9543 0.0041 0.0156 0.0163 0.0097 
      H535.7  1 0.9793 0.0045 0.0041 0.0040 0.0081 
      H535.8  1 0.9834 0.0045 0.0042 0.0037 0.0041 
      H535.9  1 0.9596 0.0049 0.0118 0.0097 0.0140 
      H539.1  1 0.0038 0.0043 0.9830 0.0062 0.0027 
      H539.2  1 0.0137 0.0071 0.9535 0.0197 0.0060 
      H539.3  1 0.0114 0.0058 0.9560 0.0229 0.0038 
      H539.4  1 0.0045 0.0046 0.9836 0.0040 0.0033 
      H539.5  1 0.0033 0.0036 0.9825 0.0073 0.0033 
      H539.6  1 0.0037 0.0039 0.9801 0.0091 0.0032 
      H539.7  1 0.0033 0.0046 0.9841 0.0046 0.0034 
      H539.8  1 0.0138 0.0086 0.9650 0.0085 0.0041 
      H539.9  1 0.0031 0.0042 0.9851 0.0043 0.0033 
      H540.1  1 0.0059 0.0042 0.9436 0.0382 0.0081 
      H540.2  1 0.0034 0.0053 0.9696 0.0153 0.0064 
      H540.3  1 0.0186 0.0077 0.9500 0.0136 0.0102 
      H540.4  1 0.0051 0.0066 0.9752 0.0074 0.0057 
      H540.5  1 0.0050 0.0051 0.9729 0.0093 0.0078 
      H540.6  1 0.0093 0.0104 0.9492 0.0228 0.0083 
      H540.7  1 0.0045 0.0067 0.9482 0.0213 0.0193 
      H540.8  1 0.0054 0.0045 0.7204 0.2612 0.0084 
     H9558.1  1 0.0074 0.0054 0.9723 0.0108 0.0041 
     H9558.2  1 0.0212 0.0243 0.9269 0.0144 0.0132 
     H9558.3  1 0.0092 0.0358 0.9418 0.0075 0.0057 
     H9558.4  1 0.0070 0.0056 0.9743 0.0078 0.0053 
     H9558.5  1 0.0058 0.0060 0.9820 0.0030 0.0032 
     H9558.6  1 0.0085 0.0135 0.9641 0.0080 0.0059 
    kos339.1  1 0.0050 0.0087 0.0072 0.0073 0.9718 
    kos339.2  1 0.0127 0.0083 0.0050 0.0073 0.9668 
    kos339.3  1 0.0061 0.0035 0.0054 0.0090 0.9760 
    kos339.4  1 0.0074 0.0035 0.0052 0.0074 0.9764 
    kos339.5  1 0.0036 0.0075 0.0066 0.0085 0.9737 
    kos339.6  1 0.0069 0.0062 0.0038 0.0162 0.9668 
    kos339.7  1 0.0090 0.0029 0.0031 0.0059 0.9790 
    kos339.8  1 0.0064 0.0043 0.0034 0.0056 0.9803 
    kos339.9  1 0.0122 0.0073 0.0268 0.0306 0.9232 
      H409.1 12 0.0062 0.0259 0.0043 0.0042 0.9594 
     H409.10 12 0.0274 0.0293 0.0136 0.0074 0.9223 
      H409.2 12 0.0158 0.0065 0.0064 0.0052 0.9661 
      H409.3 12 0.0141 0.0229 0.0143 0.0168 0.9319 
      H409.4 12 0.0205 0.0194 0.0189 0.0081 0.9331 
      H409.5 12 0.0265 0.0182 0.0165 0.0218 0.9170 
      H409.6 12 0.0343 0.4613 0.0137 0.0232 0.4675 
      H409.7 12 0.0307 0.0886 0.0059 0.0099 0.8649 
      H409.8 12 0.0080 0.0611 0.0089 0.0131 0.9091 
      H409.9 12 0.0124 0.1897 0.4404 0.0124 0.3450 
      H413.1 12 0.0066 0.9741 0.0109 0.0038 0.0046 
      H413.2 12 0.0089 0.9742 0.0075 0.0055 0.0039 
      H413.3 12 0.0048 0.9730 0.0119 0.0053 0.0050 
      H413.4 12 0.0072 0.9697 0.0120 0.0040 0.0070 
      H413.5 12 0.0044 0.8027 0.1766 0.0107 0.0056 
      H413.6 12 0.0121 0.8862 0.0931 0.0045 0.0041 
      H413.7 12 0.0099 0.9723 0.0092 0.0043 0.0043 
      H563.1 12 0.0044 0.9801 0.0065 0.0052 0.0038 
      H563.2 12 0.0060 0.9655 0.0093 0.0097 0.0096 
      H563.3 12 0.0043 0.9773 0.0069 0.0073 0.0041 
      H563.4 12 0.0035 0.9772 0.0051 0.0077 0.0065 
      H563.5 12 0.0042 0.9824 0.0061 0.0036 0.0037 
      H563.6 12 0.0051 0.9729 0.0073 0.0061 0.0087 
      H563.7 12 0.0047 0.9815 0.0037 0.0030 0.0071 
      H563.8 12 0.0047 0.9711 0.0116 0.0058 0.0068 
      H563.9 12 0.0046 0.9674 0.0073 0.0073 0.0134 
     H7374.1 12 0.9102 0.0505 0.0109 0.0182 0.0101 
     H7374.2 12 0.7746 0.1366 0.0314 0.0475 0.0100 
     H7374.3 12 0.9264 0.0339 0.0083 0.0251 0.0063 
     H7374.4 12 0.9270 0.0216 0.0221 0.0137 0.0156 
     H7374.5 12 0.8936 0.0412 0.0400 0.0150 0.0103 
     H7374.6 12 0.9710 0.0079 0.0059 0.0100 0.0052 
     H7374.7 12 0.9683 0.0116 0.0046 0.0076 0.0080 
     H7374.8 12 0.9344 0.0323 0.0059 0.0184 0.0091 
     H7374.9 12 0.9146 0.0199 0.0330 0.0214 0.0111 
     H9563.1 12 0.0057 0.9682 0.0092 0.0082 0.0087 
     H9563.2 12 0.0054 0.9663 0.0139 0.0087 0.0057 
     H9563.3 12 0.0088 0.9730 0.0046 0.0060 0.0075 
     H9563.4 12 0.0240 0.9087 0.0213 0.0204 0.0256 
     H9563.5 12 0.0079 0.9563 0.0090 0.0138 0.0131 
     H9563.6 12 0.0060 0.9810 0.0038 0.0051 0.0041 
     H9563.7 12 0.0101 0.9767 0.0037 0.0059 0.0037 
     H9563.8 12 0.0076 0.8686 0.0332 0.0184 0.0722 
     H9563.9 12 0.0065 0.9636 0.0109 0.0100 0.0090 
     H9572.1 12 0.0695 0.6184 0.1413 0.0814 0.0894 
     H9572.2 12 0.0341 0.5226 0.0393 0.3860 0.0181 
     H9572.3 12 0.0912 0.2986 0.0440 0.2494 0.3169 
     H9572.4 12 0.2553 0.3618 0.0286 0.2184 0.1359 
     H9572.5 12 0.0501 0.2370 0.0966 0.3385 0.2779 
