      H105.1  1 0.9747 0.0070 0.0086 0.0096 
      H105.2  1 0.9567 0.0103 0.0184 0.0145 
      H105.3  1 0.9859 0.0044 0.0056 0.0041 
      H105.4  1 0.9575 0.0156 0.0133 0.0136 
      H105.5  1 0.8944 0.0178 0.0380 0.0498 
      H105.6  1 0.9573 0.0139 0.0087 0.0202 
      H105.7  1 0.9763 0.0084 0.0073 0.0081 
      H105.8  1 0.9770 0.0048 0.0103 0.0080 
      H115.1  1 0.0329 0.0067 0.0332 0.9272 
      H115.2  1 0.0072 0.0078 0.0093 0.9757 
      H115.3  1 0.0109 0.0055 0.0093 0.9743 
      H115.4  1 0.0085 0.0228 0.1303 0.8384 
      H115.5  1 0.0152 0.0154 0.0651 0.9043 
      H115.6  1 0.0099 0.0149 0.0188 0.9565 
      H115.7  1 0.0443 0.0120 0.0168 0.9269 
      H115.8  1 0.0101 0.0072 0.0103 0.9724 
      H115.9  1 0.0118 0.0055 0.0163 0.9664 
      H145.1  1 0.0067 0.9763 0.0090 0.0081 
      H145.2  1 0.0072 0.9737 0.0130 0.0061 
      H145.3  1 0.0053 0.9848 0.0045 0.0054 
      H145.4  1 0.0070 0.9813 0.0070 0.0047 
      H145.5  1 0.0051 0.9860 0.0043 0.0046 
      H145.6  1 0.0094 0.9758 0.0100 0.0048 
      H145.7  1 0.0061 0.9810 0.0084 0.0046 
      H149.1  1 0.0079 0.0102 0.9753 0.0066 
      H149.2  1 0.0106 0.0284 0.9545 0.0065 
      H149.3  1 0.0202 0.0526 0.9138 0.0134 
      H149.4  1 0.0187 0.0065 0.9664 0.0084 
      H149.5  1 0.0168 0.0394 0.9388 0.0050 
      H149.6  1 0.0152 0.0282 0.9527 0.0039 
      H149.7  1 0.0206 0.0260 0.9457 0.0077 
      H150.1  1 0.0049 0.0061 0.0036 0.9854 
      H150.2  1 0.0084 0.0047 0.0060 0.9810 
      H150.3  1 0.0126 0.0102 0.0056 0.9716 
      H150.4  1 0.0077 0.0057 0.0039 0.9827 
      H150.5  1 0.0112 0.0061 0.0066 0.9761 
      H150.6  1 0.0133 0.0106 0.0087 0.9674 
      H150.7  1 0.0065 0.0071 0.0041 0.9824 
   H169607.1  1 0.0137 0.8270 0.0106 0.1487 
   H169607.2  1 0.0203 0.9368 0.0106 0.0324 
   H169607.3  1 0.0137 0.9101 0.0162 0.0601 
   H169607.4  1 0.0117 0.9671 0.0062 0.0151 
   H169607.5  1 0.0135 0.7736 0.0126 0.2003 
   H169607.6  1 0.0134 0.9590 0.0092 0.0184 
   H169607.7  1 0.0131 0.8548 0.0250 0.1072 
   H169607.8  1 0.0309 0.9344 0.0077 0.0270 
   H169633.1  1 0.0194 0.0230 0.9398 0.0178 
   H169633.2  1 0.0090 0.0103 0.9734 0.0073 
   H169633.3  1 0.0108 0.0156 0.9660 0.0076 
   H169633.4  1 0.0138 0.0162 0.9532 0.0168 
   H169633.5  1 0.0167 0.0208 0.9497 0.0129 
   H169688.1  1 0.0905 0.8162 0.0360 0.0572 
   H169688.2  1 0.1124 0.5924 0.0940 0.2012 
   H169688.3  1 0.0589 0.5202 0.0658 0.3552 
   H169688.4  1 0.0061 0.1002 0.0170 0.8767 
   H169688.5  1 0.0043 0.1106 0.0093 0.8757 
   H169688.6  1 0.0220 0.3524 0.3771 0.2486 
   H169688.7  1 0.0127 0.7301 0.0388 0.2184 
   H171901.1  1 0.1959 0.2395 0.0279 0.5367 
   H171901.2  1 0.0409 0.0840 0.7768 0.0984 
   H171901.3  1 0.0150 0.0157 0.9184 0.0510 
   H171901.4  1 0.0179 0.0232 0.9159 0.0429 
   H171901.5  1 0.0121 0.0451 0.8990 0.0437 
   H171901.6  1 0.0158 0.1146 0.7966 0.0730 
   H171901.7  1 0.0080 0.0689 0.8844 0.0387 
   H171902.1  1 0.0047 0.9717 0.0105 0.0130 
  H171902.10  1 0.0058 0.9668 0.0139 0.0135 
   H171902.2  1 0.0110 0.9188 0.0423 0.0280 
   H171902.3  1 0.0077 0.8932 0.0404 0.0587 
   H171902.4  1 0.0076 0.9511 0.0280 0.0132 
   H171902.6  1 0.0056 0.9703 0.0129 0.0112 
   H171902.7  1 0.0051 0.9747 0.0076 0.0126 
   H171902.8  1 0.0059 0.9561 0.0213 0.0168 
   H171902.9  1 0.0095 0.9092 0.0082 0.0731 
   H171903.1  1 0.0236 0.4171 0.0168 0.5425 
   H171903.2  1 0.0798 0.2816 0.0415 0.5972 
   H171903.3  1 0.1395 0.1982 0.2335 0.4288 
   H171903.4  1 0.0135 0.6174 0.0087 0.3605 
   H171903.5  1 0.0299 0.1376 0.1923 0.6402 
   H171903.6  1 0.0068 0.3849 0.0557 0.5526 
      H177.1  1 0.0158 0.6689 0.2266 0.0887 
      H177.2  1 0.0136 0.6953 0.2587 0.0325 
      H177.3  1 0.0108 0.6384 0.2984 0.0525 
      H177.4  1 0.0146 0.4626 0.5145 0.0082 
      H177.5  1 0.0359 0.7016 0.2044 0.0581 
      H177.6  1 0.0110 0.4483 0.4851 0.0556 
      H179.1  1 0.0211 0.0114 0.9528 0.0147 
      H179.2  1 0.0060 0.0082 0.9587 0.0271 
      H179.3  1 0.0211 0.0210 0.8712 0.0867 
      H179.4  1 0.0093 0.0150 0.9690 0.0067 
      H180.1  1 0.0108 0.0084 0.0364 0.9444 
      H180.2  1 0.0096 0.0106 0.0226 0.9572 
      H180.3  1 0.0046 0.0109 0.0163 0.9683 
      H180.4  1 0.0139 0.0113 0.0374 0.9374 
      H180.5  1 0.0111 0.0213 0.0213 0.9463 
      H180.6  1 0.0089 0.0677 0.0325 0.8909 
      H181.1  1 0.0164 0.0183 0.9322 0.0331 
      H181.2  1 0.0134 0.0347 0.9298 0.0221 
      H181.3  1 0.0237 0.0219 0.9390 0.0155 
      H181.4  1 0.0615 0.0472 0.7033 0.1880 
      H181.5  1 0.0187 0.0060 0.9681 0.0072 
      H181.6  1 0.0186 0.0081 0.9392 0.0341 
      H181.7  1 0.0191 0.0100 0.9602 0.0107 
 H194.1_2004  1 0.0062 0.9543 0.0082 0.0313 
 H194.2_2004  1 0.0100 0.9670 0.0055 0.0176 
 H194.3_2004  1 0.0073 0.9055 0.0801 0.0071 
 H194.4_2004  1 0.0054 0.9799 0.0072 0.0075 
 H194.5_2004  1 0.0100 0.9415 0.0404 0.0082 
 H194.6_2004  1 0.0078 0.8422 0.1355 0.0146 
 H194.7_2004  1 0.0120 0.9716 0.0066 0.0098 
 H194.8_2004  1 0.0110 0.9619 0.0163 0.0108 
      H194.9  1 0.0098 0.9704 0.0070 0.0127 
 H195.1_2003  1 0.0104 0.9574 0.0272 0.0050 
 H195.1_2004  1 0.0087 0.9772 0.0079 0.0062 
 H195.2_2003  1 0.0084 0.9711 0.0103 0.0102 
 H195.2_2004  1 0.0055 0.9834 0.0061 0.0050 
 H195.3_2003  1 0.0139 0.9515 0.0067 0.0280 
 H195.3_2004  1 0.0070 0.9755 0.0137 0.0038 
 H195.4_2003  1 0.0076 0.9635 0.0247 0.0042 
 H195.4_2004  1 0.0045 0.9846 0.0068 0.0041 
 H195.5_2003  1 0.0285 0.9359 0.0260 0.0096 
 H195.5_2004  1 0.0096 0.9768 0.0077 0.0059 
 H195.6_2003  1 0.0060 0.9778 0.0061 0.0101 
 H195.6_2004  1 0.0077 0.9832 0.0058 0.0033 
 H195.7_2003  1 0.0080 0.9700 0.0176 0.0044 
 H195.7_2004  1 0.0074 0.9794 0.0053 0.0079 
      H195.8  1 0.0078 0.9809 0.0054 0.0059 
      H195.9  1 0.0046 0.9849 0.0059 0.0046 
      H415.1  1 0.0116 0.0430 0.5904 0.3551 
      H415.2  1 0.0575 0.2507 0.5188 0.1730 
      H415.3  1 0.0108 0.0098 0.9613 0.0181 
      H415.4  1 0.0121 0.0313 0.7003 0.2563 
      H415.5  1 0.0081 0.0142 0.9633 0.0144 
      H415.6  1 0.0100 0.0189 0.7056 0.2656 
      H415.7  1 0.0261 0.2913 0.6589 0.0237 
      H506.1  1 0.0086 0.0052 0.9823 0.0039 
      H506.2  1 0.0083 0.0108 0.9773 0.0037 
      H506.3  1 0.0125 0.0117 0.9670 0.0087 
      H506.4  1 0.0101 0.0068 0.9734 0.0098 
      H506.5  1 0.0091 0.0074 0.9796 0.0039 
      H506.6  1 0.0207 0.0580 0.9057 0.0156 
      H506.7  1 0.0095 0.0076 0.9791 0.0039 
      H533.1  1 0.0050 0.0042 0.9858 0.0049 
      H533.2  1 0.0050 0.0047 0.9864 0.0039 
      H533.3  1 0.0084 0.0047 0.9811 0.0057 
      H533.4  1 0.0075 0.0105 0.9753 0.0068 
      H535.1  1 0.0064 0.0152 0.9657 0.0127 
      H535.2  1 0.0232 0.0255 0.9457 0.0056 
      H535.3  1 0.0336 0.0259 0.9326 0.0079 
      H535.4  1 0.0162 0.0135 0.9651 0.0052 
      H535.5  1 0.0052 0.0089 0.9810 0.0049 
      H535.6  1 0.0102 0.0803 0.8805 0.0290 
      H535.7  1 0.0052 0.0044 0.9841 0.0064 
      H535.8  1 0.0107 0.0095 0.9735 0.0063 
      H535.9  1 0.0089 0.0218 0.9461 0.0232 
      H539.1  1 0.0046 0.0058 0.0027 0.9868 
      H539.2  1 0.0079 0.0142 0.0082 0.9698 
      H539.3  1 0.0069 0.0188 0.0043 0.9699 
      H539.4  1 0.0052 0.0043 0.0038 0.9867 
      H539.5  1 0.0035 0.0053 0.0034 0.9879 
      H539.6  1 0.0042 0.0057 0.0034 0.9867 
      H539.7  1 0.0043 0.0059 0.0041 0.9858 
      H539.8  1 0.0093 0.0083 0.0061 0.9764 
      H539.9  1 0.0048 0.0049 0.0034 0.9868 
      H540.1  1 0.0060 0.0195 0.0083 0.9662 
      H540.2  1 0.0067 0.0068 0.0059 0.9806 
      H540.3  1 0.0092 0.0225 0.0108 0.9575 
      H540.4  1 0.0069 0.0076 0.0059 0.9796 
      H540.5  1 0.0070 0.0079 0.0065 0.9786 
      H540.6  1 0.0102 0.0118 0.0098 0.9681 
      H540.7  1 0.0062 0.0115 0.0134 0.9688 
      H540.8  1 0.0054 0.0349 0.0117 0.9480 
     H9558.1  1 0.0061 0.0073 0.0065 0.9801 
     H9558.2  1 0.0332 0.0135 0.0237 0.9296 
     H9558.3  1 0.0498 0.0103 0.0076 0.9323 
     H9558.4  1 0.0073 0.0057 0.0067 0.9803 
     H9558.5  1 0.0074 0.0038 0.0047 0.9841 
     H9558.6  1 0.0164 0.0076 0.0064 0.9696 
    kos339.1  1 0.0125 0.0063 0.9729 0.0082 
    kos339.2  1 0.0103 0.0087 0.9737 0.0074 
    kos339.3  1 0.0035 0.0074 0.9831 0.0060 
    kos339.4  1 0.0047 0.0118 0.9768 0.0067 
    kos339.5  1 0.0120 0.0089 0.9724 0.0067 
    kos339.6  1 0.0069 0.0177 0.9702 0.0052 
    kos339.7  1 0.0033 0.0073 0.9849 0.0045 
    kos339.8  1 0.0055 0.0065 0.9834 0.0046 
    kos339.9  1 0.0171 0.0391 0.8997 0.0441 
      H409.1 12 0.0375 0.0066 0.9509 0.0050 
     H409.10 12 0.0464 0.0140 0.9139 0.0257 
      H409.2 12 0.0087 0.0085 0.9723 0.0105 
      H409.3 12 0.0286 0.0201 0.9322 0.0191 
      H409.4 12 0.0250 0.0127 0.9400 0.0223 
      H409.5 12 0.0184 0.0197 0.9360 0.0258 
      H409.6 12 0.3434 0.0177 0.6171 0.0218 
      H409.7 12 0.1946 0.0331 0.7642 0.0080 
      H409.8 12 0.0691 0.0083 0.9137 0.0089 
      H409.9 12 0.1293 0.0073 0.4007 0.4627 
      H413.1 12 0.9722 0.0062 0.0067 0.0150 
      H413.2 12 0.9698 0.0092 0.0105 0.0104 
      H413.3 12 0.9723 0.0081 0.0066 0.0130 
      H413.4 12 0.9735 0.0075 0.0095 0.0095 
      H413.5 12 0.7637 0.0092 0.0083 0.2189 
      H413.6 12 0.8685 0.0100 0.0058 0.1157 
      H413.7 12 0.9732 0.0082 0.0069 0.0117 
      H563.1 12 0.9782 0.0070 0.0041 0.0107 
      H563.2 12 0.9652 0.0127 0.0126 0.0094 
      H563.3 12 0.9806 0.0064 0.0054 0.0076 
      H563.4 12 0.9832 0.0066 0.0053 0.0049 
      H563.5 12 0.9851 0.0046 0.0039 0.0063 
      H563.6 12 0.9781 0.0071 0.0077 0.0071 
      H563.7 12 0.9844 0.0043 0.0066 0.0048 
      H563.8 12 0.9702 0.0080 0.0070 0.0147 
      H563.9 12 0.9685 0.0109 0.0122 0.0084 
     H7374.1 12 0.6732 0.2950 0.0221 0.0097 
     H7374.2 12 0.6598 0.3220 0.0071 0.0110 
     H7374.3 12 0.5856 0.3915 0.0109 0.0119 
     H7374.4 12 0.5720 0.3600 0.0471 0.0208 
     H7374.5 12 0.5842 0.3706 0.0311 0.0141 
     H7374.6 12 0.5064 0.4443 0.0382 0.0112 
     H7374.7 12 0.5665 0.3782 0.0499 0.0054 
     H7374.8 12 0.6325 0.3444 0.0184 0.0047 
     H7374.9 12 0.5504 0.4153 0.0231 0.0113 
     H9563.1 12 0.9731 0.0076 0.0081 0.0112 
     H9563.2 12 0.9720 0.0079 0.0066 0.0135 
     H9563.3 12 0.9785 0.0080 0.0090 0.0045 
     H9563.4 12 0.9093 0.0219 0.0422 0.0265 
     H9563.5 12 0.9590 0.0133 0.0157 0.0120 
     H9563.6 12 0.9824 0.0058 0.0064 0.0053 
     H9563.7 12 0.9841 0.0063 0.0047 0.0048 
     H9563.8 12 0.8826 0.0179 0.0617 0.0378 
     H9563.9 12 0.9664 0.0070 0.0114 0.0152 
     H9572.1 12 0.6206 0.1219 0.0941 0.1633 
     H9572.2 12 0.5262 0.3981 0.0286 0.0471 
     H9572.3 12 0.3011 0.2006 0.4394 0.0590 
     H9572.4 12 0.3597 0.3717 0.2349 0.0336 
     H9572.5 12 0.1738 0.3357 0.3767 0.1138 
