      H105.1  1 0.9553 0.0056 0.0116 0.0094 0.0072 0.0110 
      H105.2  1 0.9356 0.0068 0.0133 0.0147 0.0125 0.0171 
      H105.3  1 0.9724 0.0047 0.0086 0.0044 0.0046 0.0054 
      H105.4  1 0.9291 0.0158 0.0191 0.0139 0.0129 0.0092 
      H105.5  1 0.8203 0.0140 0.0509 0.0442 0.0447 0.0259 
      H105.6  1 0.9239 0.0170 0.0261 0.0071 0.0159 0.0100 
      H105.7  1 0.9681 0.0056 0.0056 0.0101 0.0057 0.0050 
      H105.8  1 0.9645 0.0030 0.0100 0.0054 0.0077 0.0093 
      H115.1  1 0.0240 0.0054 0.0139 0.0166 0.9152 0.0249 
      H115.2  1 0.0079 0.0048 0.0053 0.0108 0.9616 0.0096 
      H115.3  1 0.0114 0.0045 0.0052 0.0093 0.9522 0.0174 
      H115.4  1 0.0118 0.0107 0.0056 0.0355 0.6829 0.2536 
      H115.5  1 0.0186 0.0187 0.0090 0.0143 0.8470 0.0925 
      H115.6  1 0.0078 0.0069 0.0050 0.0209 0.9304 0.0289 
      H115.7  1 0.0587 0.0092 0.0125 0.0463 0.8545 0.0190 
      H115.8  1 0.0094 0.0046 0.0043 0.0070 0.9590 0.0156 
      H115.9  1 0.0214 0.0047 0.0094 0.0097 0.9419 0.0128 
      H145.1  1 0.0040 0.9437 0.0080 0.0335 0.0061 0.0048 
      H145.2  1 0.0060 0.9645 0.0059 0.0112 0.0059 0.0064 
      H145.3  1 0.0041 0.9629 0.0040 0.0208 0.0043 0.0039 
      H145.4  1 0.0043 0.9682 0.0075 0.0102 0.0044 0.0054 
      H145.5  1 0.0050 0.9545 0.0040 0.0288 0.0035 0.0042 
      H145.6  1 0.0056 0.9746 0.0041 0.0067 0.0043 0.0048 
      H145.7  1 0.0044 0.9770 0.0044 0.0053 0.0039 0.0049 
      H149.1  1 0.0060 0.0093 0.0074 0.0056 0.0059 0.9658 
      H149.2  1 0.0095 0.0229 0.0112 0.0161 0.0054 0.9349 
      H149.3  1 0.0259 0.0555 0.0147 0.0193 0.0104 0.8742 
      H149.4  1 0.0140 0.0049 0.0047 0.0055 0.0050 0.9659 
      H149.5  1 0.0313 0.0317 0.0073 0.0164 0.0032 0.9101 
      H149.6  1 0.0154 0.0150 0.0074 0.0085 0.0037 0.9500 
      H149.7  1 0.0121 0.0108 0.0100 0.0109 0.0069 0.9493 
      H150.1  1 0.0045 0.0044 0.0043 0.0066 0.9778 0.0026 
      H150.2  1 0.0069 0.0031 0.0041 0.0080 0.9723 0.0058 
      H150.3  1 0.0157 0.0092 0.0050 0.0239 0.9405 0.0057 
      H150.4  1 0.0064 0.0058 0.0039 0.0088 0.9715 0.0036 
      H150.5  1 0.0083 0.0068 0.0049 0.0107 0.9635 0.0057 
      H150.6  1 0.0087 0.0071 0.0091 0.0104 0.9532 0.0115 
      H150.7  1 0.0070 0.0061 0.0035 0.0112 0.9692 0.0030 
   H169607.1  1 0.0047 0.0183 0.0044 0.9483 0.0163 0.0080 
   H169607.2  1 0.0058 0.0068 0.0073 0.9683 0.0073 0.0045 
   H169607.3  1 0.0048 0.0185 0.0064 0.9573 0.0069 0.0062 
   H169607.4  1 0.0039 0.0079 0.0065 0.9736 0.0051 0.0031 
   H169607.5  1 0.0044 0.0066 0.0047 0.9726 0.0078 0.0039 
   H169607.6  1 0.0055 0.0062 0.0056 0.9748 0.0041 0.0038 
   H169607.7  1 0.0057 0.0140 0.0049 0.9544 0.0095 0.0116 
   H169607.8  1 0.0074 0.0085 0.0116 0.9623 0.0062 0.0041 
   H169633.1  1 0.0147 0.0277 0.0116 0.0048 0.0166 0.9246 
   H169633.2  1 0.0093 0.0167 0.0077 0.0031 0.0076 0.9556 
   H169633.3  1 0.0111 0.0164 0.0188 0.0046 0.0123 0.9367 
   H169633.4  1 0.0162 0.0198 0.0153 0.0101 0.0123 0.9262 
   H169633.5  1 0.0170 0.0221 0.0180 0.0074 0.0153 0.9203 
   H169688.1  1 0.0681 0.1042 0.0273 0.7258 0.0356 0.0390 
   H169688.2  1 0.1386 0.3281 0.0587 0.0734 0.2717 0.1295 
   H169688.3  1 0.0485 0.2758 0.0159 0.0742 0.4455 0.1401 
   H169688.4  1 0.0043 0.0720 0.0109 0.0269 0.8761 0.0098 
   H169688.5  1 0.0043 0.0730 0.0107 0.0245 0.8769 0.0106 
   H169688.6  1 0.0227 0.1437 0.0269 0.0385 0.3883 0.3800 
   H169688.7  1 0.0140 0.5230 0.0106 0.0646 0.3407 0.0471 
   H171901.1  1 0.3152 0.1772 0.0063 0.1298 0.3393 0.0321 
   H171901.2  1 0.0250 0.0221 0.0178 0.0557 0.0613 0.8181 
   H171901.3  1 0.0125 0.0104 0.0151 0.0287 0.0339 0.8993 
   H171901.4  1 0.0127 0.0085 0.0123 0.0308 0.0210 0.9148 
   H171901.5  1 0.0088 0.0123 0.0159 0.0380 0.0325 0.8926 
   H171901.6  1 0.0094 0.0262 0.0201 0.0538 0.0652 0.8254 
   H171901.7  1 0.0086 0.0608 0.0215 0.0240 0.0384 0.8466 
   H171902.1  1 0.0035 0.0098 0.0046 0.9648 0.0071 0.0103 
  H171902.10  1 0.0037 0.0048 0.0051 0.9673 0.0061 0.0129 
   H171902.2  1 0.0071 0.0117 0.0055 0.9291 0.0082 0.0383 
   H171902.3  1 0.0048 0.0053 0.0056 0.9432 0.0130 0.0281 
   H171902.4  1 0.0060 0.0106 0.0081 0.9110 0.0070 0.0573 
   H171902.6  1 0.0040 0.0089 0.0067 0.9596 0.0081 0.0127 
   H171902.7  1 0.0037 0.0066 0.0062 0.9670 0.0076 0.0088 
   H171902.8  1 0.0041 0.0080 0.0064 0.9465 0.0094 0.0256 
   H171902.9  1 0.0047 0.0058 0.0048 0.9670 0.0127 0.0050 
   H171903.1  1 0.0090 0.0065 0.0074 0.9340 0.0370 0.0060 
   H171903.2  1 0.0390 0.0236 0.0508 0.7938 0.0827 0.0101 
   H171903.3  1 0.0368 0.0145 0.0923 0.7989 0.0383 0.0192 
   H171903.4  1 0.0054 0.0081 0.0055 0.9628 0.0139 0.0043 
   H171903.5  1 0.0223 0.0162 0.0165 0.7577 0.1350 0.0524 
   H171903.6  1 0.0036 0.0049 0.0091 0.9117 0.0496 0.0212 
      H177.1  1 0.0082 0.0651 0.6062 0.0891 0.0832 0.1482 
      H177.2  1 0.0101 0.2014 0.2285 0.0712 0.0387 0.4501 
      H177.3  1 0.0091 0.0603 0.2417 0.1797 0.0342 0.4750 
      H177.4  1 0.0107 0.1166 0.3546 0.0333 0.0080 0.4769 
      H177.5  1 0.0309 0.2701 0.4173 0.0159 0.0533 0.2125 
      H177.6  1 0.0083 0.0422 0.2040 0.0586 0.0437 0.6431 
      H179.1  1 0.0226 0.0055 0.0108 0.0113 0.0171 0.9327 
      H179.2  1 0.0059 0.0037 0.0236 0.0247 0.0335 0.9085 
      H179.3  1 0.0268 0.0088 0.0140 0.0538 0.0863 0.8103 
      H179.4  1 0.0121 0.0304 0.0937 0.0168 0.0061 0.8410 
      H180.1  1 0.0091 0.0048 0.0137 0.0120 0.9051 0.0552 
      H180.2  1 0.0151 0.0091 0.0149 0.0047 0.9310 0.0252 
      H180.3  1 0.0044 0.0095 0.0079 0.0086 0.9553 0.0143 
      H180.4  1 0.0197 0.0117 0.0110 0.0104 0.8816 0.0656 
      H180.5  1 0.0096 0.0252 0.0096 0.0100 0.8970 0.0487 
      H180.6  1 0.0088 0.1019 0.0075 0.0104 0.8282 0.0432 
      H181.1  1 0.0247 0.0199 0.0138 0.0476 0.0217 0.8721 
      H181.2  1 0.0168 0.0349 0.0153 0.0253 0.0243 0.8835 
      H181.3  1 0.0240 0.0230 0.0103 0.0163 0.0193 0.9071 
      H181.4  1 0.0390 0.0337 0.0588 0.0435 0.2413 0.5836 
      H181.5  1 0.0176 0.0051 0.0088 0.0073 0.0076 0.9536 
      H181.6  1 0.0132 0.0062 0.0124 0.0131 0.0248 0.9304 
      H181.7  1 0.0177 0.0079 0.0122 0.0078 0.0076 0.9469 
 H194.1_2004  1 0.0061 0.8878 0.0250 0.0302 0.0404 0.0104 
 H194.2_2004  1 0.0106 0.9265 0.0064 0.0392 0.0131 0.0042 
 H194.3_2004  1 0.0067 0.8521 0.0709 0.0164 0.0093 0.0445 
 H194.4_2004  1 0.0049 0.9541 0.0088 0.0145 0.0068 0.0110 
 H194.5_2004  1 0.0090 0.8026 0.1118 0.0385 0.0126 0.0255 
 H194.6_2004  1 0.0057 0.2829 0.6298 0.0373 0.0109 0.0335 
 H194.7_2004  1 0.0143 0.9262 0.0114 0.0264 0.0159 0.0058 
 H194.8_2004  1 0.0076 0.8821 0.0587 0.0277 0.0116 0.0123 
      H194.9  1 0.0068 0.9445 0.0120 0.0191 0.0124 0.0053 
 H195.1_2003  1 0.0050 0.9599 0.0083 0.0078 0.0055 0.0135 
 H195.1_2004  1 0.0058 0.9711 0.0050 0.0050 0.0040 0.0091 
 H195.2_2003  1 0.0074 0.9462 0.0085 0.0186 0.0122 0.0072 
 H195.2_2004  1 0.0035 0.9786 0.0047 0.0038 0.0036 0.0058 
 H195.3_2003  1 0.0133 0.9147 0.0087 0.0229 0.0345 0.0059 
 H195.3_2004  1 0.0043 0.9735 0.0056 0.0051 0.0027 0.0088 
 H195.4_2003  1 0.0048 0.9689 0.0061 0.0054 0.0052 0.0096 
 H195.4_2004  1 0.0037 0.9791 0.0053 0.0044 0.0030 0.0045 
 H195.5_2003  1 0.0070 0.9511 0.0112 0.0074 0.0086 0.0146 
 H195.5_2004  1 0.0050 0.9728 0.0085 0.0041 0.0044 0.0052 
 H195.6_2003  1 0.0051 0.9598 0.0055 0.0134 0.0120 0.0042 
 H195.6_2004  1 0.0049 0.9762 0.0047 0.0052 0.0032 0.0058 
 H195.7_2003  1 0.0075 0.9650 0.0074 0.0065 0.0046 0.0090 
 H195.7_2004  1 0.0044 0.9758 0.0053 0.0036 0.0067 0.0042 
      H195.8  1 0.0041 0.9767 0.0056 0.0047 0.0053 0.0037 
      H195.9  1 0.0036 0.9749 0.0054 0.0060 0.0032 0.0069 
      H415.1  1 0.0081 0.0455 0.0184 0.0120 0.3512 0.5648 
      H415.2  1 0.0295 0.0220 0.3172 0.3469 0.0739 0.2104 
      H415.3  1 0.0113 0.0081 0.0171 0.0077 0.0145 0.9412 
      H415.4  1 0.0091 0.0260 0.1338 0.0113 0.3070 0.5128 
      H415.5  1 0.0080 0.0205 0.0835 0.0147 0.0348 0.8385 
      H415.6  1 0.0079 0.0258 0.1196 0.0104 0.3307 0.5056 
      H415.7  1 0.0150 0.0331 0.0757 0.3119 0.0135 0.5508 
      H506.1  1 0.0099 0.0038 0.0060 0.0041 0.0035 0.9727 
      H506.2  1 0.0059 0.0076 0.0099 0.0057 0.0034 0.9674 
      H506.3  1 0.0095 0.0053 0.0133 0.0130 0.0080 0.9509 
      H506.4  1 0.0080 0.0035 0.0102 0.0113 0.0093 0.9576 
      H506.5  1 0.0065 0.0061 0.0064 0.0073 0.0034 0.9701 
      H506.6  1 0.0163 0.0203 0.0200 0.0489 0.0075 0.8870 
      H506.7  1 0.0095 0.0068 0.0087 0.0054 0.0032 0.9665 
      H533.1  1 0.0051 0.0035 0.0071 0.0039 0.0040 0.9765 
      H533.2  1 0.0060 0.0033 0.0089 0.0038 0.0035 0.9744 
      H533.3  1 0.0061 0.0032 0.0047 0.0058 0.0038 0.9764 
      H533.4  1 0.0072 0.0088 0.0086 0.0092 0.0046 0.9617 
      H535.1  1 0.0035 0.0061 0.9669 0.0118 0.0057 0.0060 
      H535.2  1 0.0059 0.0097 0.9695 0.0056 0.0035 0.0058 
      H535.3  1 0.0105 0.0111 0.9654 0.0047 0.0038 0.0045 
      H535.4  1 0.0050 0.0090 0.9717 0.0045 0.0035 0.0063 
      H535.5  1 0.0040 0.0061 0.9712 0.0079 0.0035 0.0073 
      H535.6  1 0.0055 0.0137 0.9464 0.0198 0.0095 0.0051 
      H535.7  1 0.0039 0.0042 0.9794 0.0037 0.0039 0.0049 
      H535.8  1 0.0041 0.0068 0.9760 0.0045 0.0042 0.0044 
      H535.9  1 0.0044 0.0072 0.9632 0.0108 0.0090 0.0055 
      H539.1  1 0.0036 0.0039 0.0044 0.0083 0.9769 0.0029 
      H539.2  1 0.0067 0.0070 0.0169 0.0320 0.9321 0.0054 
      H539.3  1 0.0051 0.0125 0.0099 0.0189 0.9498 0.0038 
      H539.4  1 0.0048 0.0043 0.0060 0.0051 0.9764 0.0034 
      H539.5  1 0.0039 0.0039 0.0041 0.0082 0.9772 0.0027 
      H539.6  1 0.0040 0.0057 0.0036 0.0155 0.9687 0.0025 
      H539.7  1 0.0039 0.0036 0.0029 0.0081 0.9781 0.0035 
      H539.8  1 0.0075 0.0082 0.0113 0.0090 0.9588 0.0052 
      H539.9  1 0.0047 0.0028 0.0036 0.0046 0.9814 0.0028 
      H540.1  1 0.0054 0.0113 0.0089 0.0814 0.8854 0.0076 
      H540.2  1 0.0051 0.0072 0.0049 0.0190 0.9572 0.0066 
      H540.3  1 0.0085 0.0129 0.0170 0.0135 0.9402 0.0079 
      H540.4  1 0.0060 0.0043 0.0053 0.0110 0.9675 0.0059 
      H540.5  1 0.0052 0.0033 0.0093 0.0144 0.9618 0.0060 
      H540.6  1 0.0084 0.0059 0.0115 0.0588 0.9062 0.0092 
      H540.7  1 0.0074 0.0082 0.0072 0.0231 0.9339 0.0201 
      H540.8  1 0.0055 0.0098 0.0077 0.2429 0.7245 0.0096 
     H9558.1  1 0.0040 0.0046 0.0095 0.0111 0.9642 0.0066 
     H9558.2  1 0.0198 0.0086 0.0239 0.0162 0.9194 0.0121 
     H9558.3  1 0.0414 0.0069 0.0162 0.0092 0.9209 0.0053 
     H9558.4  1 0.0057 0.0042 0.0117 0.0091 0.9643 0.0050 
     H9558.5  1 0.0053 0.0024 0.0083 0.0035 0.9772 0.0033 
     H9558.6  1 0.0108 0.0062 0.0164 0.0058 0.9555 0.0054 
    kos339.1  1 0.0092 0.0035 0.0089 0.0117 0.0047 0.9620 
    kos339.2  1 0.0086 0.0085 0.0121 0.0056 0.0049 0.9604 
    kos339.3  1 0.0032 0.0062 0.0061 0.0067 0.0047 0.9730 
    kos339.4  1 0.0034 0.0063 0.0050 0.0067 0.0042 0.9745 
    kos339.5  1 0.0073 0.0044 0.0057 0.0081 0.0040 0.9704 
    kos339.6  1 0.0054 0.0112 0.0064 0.0056 0.0040 0.9673 
    kos339.7  1 0.0027 0.0064 0.0076 0.0042 0.0038 0.9753 
    kos339.8  1 0.0039 0.0039 0.0050 0.0038 0.0027 0.9806 
    kos339.9  1 0.0104 0.0135 0.0132 0.0286 0.0211 0.9132 
      H409.1 12 0.0127 0.0078 0.9555 0.0042 0.0037 0.0161 
     H409.10 12 0.0180 0.0074 0.9107 0.0101 0.0230 0.0307 
      H409.2 12 0.0056 0.0051 0.9707 0.0037 0.0058 0.0091 
      H409.3 12 0.0076 0.0067 0.9656 0.0053 0.0066 0.0082 
      H409.4 12 0.0068 0.0056 0.9728 0.0036 0.0064 0.0048 
      H409.5 12 0.0050 0.0048 0.9647 0.0100 0.0078 0.0077 
      H409.6 12 0.0658 0.0103 0.8828 0.0142 0.0139 0.0129 
      H409.7 12 0.0184 0.0175 0.9433 0.0044 0.0041 0.0122 
      H409.8 12 0.0169 0.0049 0.9528 0.0079 0.0048 0.0127 
      H409.9 12 0.0575 0.0048 0.5530 0.0089 0.3571 0.0187 
      H413.1 12 0.9663 0.0056 0.0068 0.0055 0.0113 0.0045 
      H413.2 12 0.9663 0.0078 0.0060 0.0060 0.0083 0.0055 
      H413.3 12 0.9692 0.0040 0.0048 0.0082 0.0091 0.0046 
      H413.4 12 0.9644 0.0047 0.0072 0.0062 0.0095 0.0080 
      H413.5 12 0.8432 0.0045 0.0068 0.0106 0.1287 0.0063 
      H413.6 12 0.8762 0.0109 0.0095 0.0046 0.0940 0.0047 
      H413.7 12 0.9620 0.0053 0.0076 0.0055 0.0156 0.0041 
      H563.1 12 0.9736 0.0048 0.0052 0.0048 0.0073 0.0043 
      H563.2 12 0.9539 0.0068 0.0131 0.0077 0.0083 0.0102 
      H563.3 12 0.9683 0.0059 0.0050 0.0074 0.0090 0.0044 
      H563.4 12 0.9734 0.0035 0.0059 0.0064 0.0045 0.0064 
      H563.5 12 0.9741 0.0044 0.0061 0.0043 0.0065 0.0046 
      H563.6 12 0.9663 0.0047 0.0083 0.0051 0.0073 0.0084 
      H563.7 12 0.9751 0.0040 0.0057 0.0044 0.0043 0.0065 
      H563.8 12 0.9589 0.0044 0.0072 0.0095 0.0122 0.0078 
      H563.9 12 0.9598 0.0080 0.0061 0.0070 0.0074 0.0117 
     H7374.1 12 0.0258 0.0166 0.9316 0.0090 0.0081 0.0090 
     H7374.2 12 0.0363 0.0104 0.9207 0.0171 0.0103 0.0052 
     H7374.3 12 0.0234 0.0369 0.9097 0.0158 0.0081 0.0061 
     H7374.4 12 0.0080 0.0097 0.9546 0.0100 0.0092 0.0086 
     H7374.5 12 0.0208 0.0083 0.9206 0.0121 0.0243 0.0138 
     H7374.6 12 0.0056 0.0314 0.9384 0.0085 0.0066 0.0096 
     H7374.7 12 0.0094 0.0106 0.9624 0.0059 0.0044 0.0073 
     H7374.8 12 0.0335 0.0194 0.9183 0.0107 0.0041 0.0140 
     H7374.9 12 0.0215 0.0153 0.9135 0.0152 0.0252 0.0093 
     H9563.1 12 0.9608 0.0076 0.0057 0.0090 0.0085 0.0085 
     H9563.2 12 0.9614 0.0064 0.0058 0.0089 0.0109 0.0066 
     H9563.3 12 0.9682 0.0094 0.0071 0.0044 0.0044 0.0064 
     H9563.4 12 0.8776 0.0185 0.0414 0.0223 0.0198 0.0204 
     H9563.5 12 0.9398 0.0094 0.0107 0.0172 0.0109 0.0120 
     H9563.6 12 0.9759 0.0065 0.0051 0.0036 0.0042 0.0047 
     H9563.7 12 0.9703 0.0057 0.0080 0.0071 0.0047 0.0043 
     H9563.8 12 0.8740 0.0142 0.0107 0.0162 0.0342 0.0507 
     H9563.9 12 0.9538 0.0071 0.0052 0.0096 0.0131 0.0113 
     H9572.1 12 0.6439 0.0481 0.0540 0.0427 0.1344 0.0769 
     H9572.2 12 0.7116 0.1354 0.0239 0.0519 0.0416 0.0357 
     H9572.3 12 0.2183 0.0115 0.2736 0.3031 0.0289 0.1647 
     H9572.4 12 0.4101 0.0810 0.2071 0.0606 0.0329 0.2082 
     H9572.5 12 0.2720 0.1513 0.0205 0.0899 0.0936 0.3726 
