      H105.1  1 0.0044 0.0028 0.0050 0.0034 0.0029 0.0032 0.0027 0.0036 0.0025 0.0022 0.0031 0.0025 0.0021 0.0023 0.0040 0.0027 0.0021 0.0033 0.9320 0.0033 0.0026 0.0021 0.0019 0.0033 
      H105.2  1 0.0021 0.0064 0.0042 0.0020 0.0038 0.0056 0.0032 0.0046 0.0049 0.0034 0.0031 0.0035 0.0056 0.0040 0.0029 0.0033 0.0056 0.0080 0.9054 0.0053 0.0031 0.0021 0.0055 0.0024 
      H105.3  1 0.0034 0.0035 0.0026 0.0026 0.0022 0.0020 0.0024 0.0022 0.0029 0.0026 0.0027 0.0025 0.0027 0.0022 0.0037 0.0026 0.0028 0.0026 0.9411 0.0023 0.0021 0.0022 0.0021 0.0022 
      H105.4  1 0.0032 0.0030 0.0037 0.0028 0.0039 0.0026 0.0032 0.0037 0.0041 0.0034 0.0031 0.0021 0.0064 0.0029 0.0036 0.0058 0.0054 0.0036 0.9167 0.0040 0.0041 0.0037 0.0021 0.0029 
      H105.5  1 0.0031 0.0037 0.0321 0.0040 0.0039 0.0073 0.0053 0.0072 0.0079 0.0036 0.0032 0.0029 0.0051 0.0036 0.0040 0.0035 0.0054 0.0085 0.8657 0.0055 0.0063 0.0025 0.0025 0.0031 
      H105.6  1 0.0042 0.0039 0.0042 0.0028 0.0022 0.0036 0.0069 0.0046 0.0065 0.0088 0.0032 0.0046 0.0090 0.0059 0.0050 0.0108 0.0059 0.0043 0.8848 0.0039 0.0043 0.0044 0.0035 0.0029 
      H105.7  1 0.0083 0.0049 0.0076 0.0031 0.0050 0.0055 0.0050 0.0066 0.0052 0.0074 0.0033 0.0056 0.0073 0.0117 0.0150 0.0038 0.0043 0.0085 0.8611 0.0053 0.0053 0.0038 0.0029 0.0034 
      H105.8  1 0.0027 0.0069 0.0029 0.0021 0.0021 0.0022 0.0022 0.0027 0.0040 0.0030 0.0023 0.0019 0.0031 0.0021 0.0026 0.0018 0.0028 0.0034 0.9369 0.0030 0.0021 0.0024 0.0029 0.0020 
      H115.1  1 0.0035 0.0100 0.0711 0.0034 0.0057 0.0051 0.0213 0.0096 0.6903 0.0764 0.0048 0.0055 0.0171 0.0036 0.0139 0.0026 0.0094 0.0049 0.0038 0.0092 0.0048 0.0029 0.0081 0.0130 
      H115.2  1 0.0042 0.0036 0.0173 0.0037 0.0059 0.0061 0.0399 0.0057 0.8301 0.0068 0.0034 0.0104 0.0047 0.0072 0.0051 0.0033 0.0110 0.0052 0.0030 0.0066 0.0048 0.0025 0.0055 0.0038 
      H115.3  1 0.0025 0.0025 0.0108 0.0040 0.0059 0.0029 0.0108 0.0064 0.8777 0.0028 0.0031 0.0074 0.0033 0.0030 0.0072 0.0036 0.0078 0.0034 0.0045 0.0039 0.0084 0.0054 0.0074 0.0054 
      H115.4  1 0.0039 0.0295 0.0067 0.0064 0.0073 0.0087 0.0062 0.0062 0.8179 0.0046 0.0027 0.0121 0.0028 0.0033 0.0031 0.0042 0.0073 0.0150 0.0033 0.0121 0.0091 0.0057 0.0087 0.0130 
      H115.5  1 0.0061 0.0060 0.0155 0.0127 0.0130 0.0054 0.0226 0.0234 0.7344 0.0188 0.0034 0.0077 0.0058 0.0052 0.0059 0.0058 0.0282 0.0053 0.0162 0.0074 0.0062 0.0082 0.0051 0.0318 
      H115.6  1 0.0051 0.0036 0.0112 0.0039 0.0209 0.0049 0.0214 0.0103 0.7488 0.0032 0.0101 0.0467 0.0035 0.0078 0.0081 0.0050 0.0172 0.0058 0.0041 0.0061 0.0087 0.0021 0.0310 0.0103 
      H115.7  1 0.0028 0.0054 0.0196 0.0088 0.0144 0.0102 0.0155 0.0401 0.7069 0.0603 0.0064 0.0072 0.0120 0.0063 0.0125 0.0054 0.0099 0.0082 0.0045 0.0139 0.0054 0.0039 0.0153 0.0051 
      H115.8  1 0.0069 0.0030 0.0092 0.0028 0.0061 0.0054 0.0158 0.0059 0.8649 0.0042 0.0044 0.0063 0.0034 0.0042 0.0065 0.0022 0.0110 0.0045 0.0048 0.0039 0.0043 0.0018 0.0093 0.0091 
      H115.9  1 0.0052 0.0099 0.0473 0.0036 0.0091 0.0063 0.0900 0.0139 0.7092 0.0133 0.0034 0.0065 0.0143 0.0049 0.0133 0.0025 0.0068 0.0058 0.0054 0.0100 0.0069 0.0031 0.0045 0.0047 
      H145.1  1 0.0031 0.0035 0.0110 0.8410 0.0041 0.0036 0.0103 0.0079 0.0050 0.0023 0.0078 0.0117 0.0052 0.0162 0.0063 0.0052 0.0044 0.0032 0.0024 0.0141 0.0051 0.0043 0.0180 0.0040 
      H145.2  1 0.0040 0.0057 0.0063 0.8829 0.0050 0.0023 0.0046 0.0057 0.0050 0.0022 0.0058 0.0059 0.0036 0.0057 0.0036 0.0088 0.0042 0.0042 0.0026 0.0064 0.0066 0.0056 0.0074 0.0060 
      H145.3  1 0.0030 0.0021 0.0030 0.9230 0.0030 0.0020 0.0024 0.0035 0.0030 0.0019 0.0026 0.0025 0.0026 0.0037 0.0026 0.0021 0.0017 0.0023 0.0020 0.0034 0.0030 0.0021 0.0203 0.0023 
      H145.4  1 0.0026 0.0030 0.0047 0.8736 0.0032 0.0047 0.0038 0.0101 0.0037 0.0028 0.0046 0.0060 0.0055 0.0247 0.0078 0.0056 0.0030 0.0035 0.0033 0.0085 0.0041 0.0031 0.0041 0.0042 
      H145.5  1 0.0032 0.0027 0.0025 0.8968 0.0032 0.0032 0.0027 0.0041 0.0026 0.0021 0.0047 0.0031 0.0030 0.0039 0.0030 0.0026 0.0022 0.0026 0.0030 0.0051 0.0028 0.0020 0.0349 0.0039 
      H145.6  1 0.0023 0.0037 0.0054 0.9037 0.0032 0.0020 0.0031 0.0049 0.0025 0.0028 0.0037 0.0068 0.0022 0.0075 0.0051 0.0073 0.0046 0.0044 0.0023 0.0034 0.0044 0.0047 0.0045 0.0055 
      H145.7  1 0.0035 0.0027 0.0032 0.9179 0.0064 0.0021 0.0019 0.0049 0.0033 0.0022 0.0036 0.0046 0.0029 0.0045 0.0037 0.0041 0.0045 0.0026 0.0023 0.0030 0.0042 0.0027 0.0038 0.0055 
      H149.1  1 0.0027 0.0033 0.0041 0.0030 0.1986 0.0030 0.0028 0.0030 0.0037 0.0032 0.0032 0.0065 0.0045 0.0042 0.0026 0.0027 0.0196 0.0038 0.0026 0.0022 0.0055 0.0030 0.0080 0.7042 
      H149.2  1 0.0022 0.0030 0.0041 0.0038 0.9014 0.0026 0.0030 0.0034 0.0027 0.0023 0.0031 0.0039 0.0045 0.0046 0.0031 0.0023 0.0055 0.0036 0.0035 0.0029 0.0030 0.0019 0.0043 0.0250 
      H149.3  1 0.0047 0.0070 0.0181 0.0101 0.8229 0.0066 0.0032 0.0124 0.0094 0.0037 0.0054 0.0048 0.0065 0.0059 0.0103 0.0032 0.0059 0.0089 0.0048 0.0062 0.0141 0.0050 0.0061 0.0148 
      H149.4  1 0.0177 0.0150 0.0029 0.0033 0.5948 0.0040 0.0086 0.0102 0.0050 0.0048 0.0033 0.0043 0.0052 0.0031 0.0061 0.0029 0.0169 0.0088 0.0111 0.0025 0.0122 0.0038 0.0272 0.2260 
      H149.5  1 0.0038 0.0029 0.0039 0.0053 0.9159 0.0029 0.0018 0.0041 0.0029 0.0025 0.0034 0.0037 0.0030 0.0034 0.0050 0.0036 0.0043 0.0050 0.0040 0.0045 0.0035 0.0036 0.0024 0.0045 
      H149.6  1 0.0022 0.0029 0.0030 0.0039 0.9213 0.0024 0.0019 0.0032 0.0024 0.0025 0.0025 0.0036 0.0029 0.0030 0.0027 0.0019 0.0055 0.0026 0.0023 0.0023 0.0036 0.0025 0.0033 0.0155 
      H149.7  1 0.0082 0.0096 0.0076 0.0051 0.8383 0.0101 0.0035 0.0087 0.0061 0.0031 0.0038 0.0064 0.0066 0.0100 0.0075 0.0052 0.0092 0.0052 0.0052 0.0055 0.0136 0.0046 0.0059 0.0109 
      H150.1  1 0.0065 0.0026 0.0046 0.0048 0.0033 0.0048 0.2230 0.0053 0.6772 0.0032 0.0030 0.0038 0.0068 0.0049 0.0049 0.0042 0.0064 0.0043 0.0056 0.0066 0.0023 0.0024 0.0070 0.0024 
      H150.2  1 0.0046 0.0034 0.0039 0.0021 0.0032 0.0082 0.0550 0.0069 0.8280 0.0076 0.0040 0.0083 0.0036 0.0055 0.0044 0.0045 0.0095 0.0050 0.0044 0.0044 0.0039 0.0031 0.0104 0.0061 
      H150.3  1 0.0070 0.0041 0.0060 0.0049 0.0044 0.0140 0.5237 0.0248 0.2327 0.0281 0.0089 0.0125 0.0104 0.0105 0.0094 0.0050 0.0075 0.0041 0.0059 0.0110 0.0028 0.0025 0.0537 0.0062 
      H150.4  1 0.0063 0.0027 0.0077 0.0078 0.0024 0.0084 0.7465 0.0065 0.1368 0.0073 0.0046 0.0089 0.0047 0.0053 0.0053 0.0042 0.0036 0.0046 0.0047 0.0067 0.0025 0.0021 0.0077 0.0027 
      H150.5  1 0.0027 0.0032 0.0083 0.0037 0.0047 0.0063 0.0339 0.0233 0.8120 0.0046 0.0057 0.0108 0.0054 0.0064 0.0109 0.0074 0.0117 0.0046 0.0061 0.0098 0.0063 0.0027 0.0051 0.0044 
      H150.6  1 0.0037 0.0049 0.0050 0.0077 0.0043 0.0080 0.0056 0.0110 0.8499 0.0026 0.0101 0.0051 0.0076 0.0035 0.0045 0.0084 0.0077 0.0184 0.0054 0.0066 0.0072 0.0032 0.0061 0.0034 
      H150.7  1 0.0051 0.0033 0.0043 0.0057 0.0021 0.0030 0.5848 0.0077 0.2732 0.0037 0.0031 0.0040 0.0035 0.0047 0.0045 0.0040 0.0109 0.0099 0.0107 0.0116 0.0026 0.0022 0.0312 0.0042 
   H169607.1  1 0.0027 0.0089 0.0125 0.0069 0.0054 0.0074 0.0076 0.0223 0.0045 0.0037 0.0070 0.0112 0.0040 0.0052 0.0031 0.0087 0.0128 0.0038 0.0024 0.8295 0.0040 0.0030 0.0193 0.0041 
   H169607.2  1 0.0035 0.0022 0.0041 0.0028 0.0021 0.0023 0.0031 0.0033 0.0024 0.0026 0.0024 0.0026 0.0024 0.0031 0.0028 0.0052 0.0027 0.0026 0.0031 0.9334 0.0027 0.0028 0.0031 0.0026 
   H169607.3  1 0.0032 0.0071 0.1154 0.0115 0.0100 0.0070 0.0055 0.0125 0.0139 0.0037 0.0031 0.0079 0.0056 0.0071 0.0045 0.0056 0.0109 0.0103 0.0040 0.7218 0.0079 0.0041 0.0131 0.0042 
   H169607.4  1 0.0032 0.0025 0.0069 0.0046 0.0026 0.0026 0.0050 0.0040 0.0028 0.0022 0.0101 0.0034 0.0024 0.0048 0.0031 0.0093 0.0037 0.0022 0.0025 0.9076 0.0037 0.0033 0.0055 0.0020 
   H169607.5  1 0.0041 0.0032 0.1378 0.0041 0.0034 0.0038 0.0077 0.0047 0.0051 0.0059 0.0035 0.0033 0.0028 0.0066 0.0040 0.0030 0.0048 0.0046 0.0021 0.7680 0.0061 0.0036 0.0038 0.0039 
   H169607.6  1 0.0040 0.0023 0.0042 0.0023 0.0021 0.0021 0.0029 0.0027 0.0026 0.0024 0.0024 0.0016 0.0019 0.0043 0.0027 0.0043 0.0029 0.0029 0.0033 0.9358 0.0024 0.0027 0.0034 0.0019 
   H169607.7  1 0.0041 0.0107 0.0098 0.0051 0.0037 0.0094 0.0023 0.0066 0.0143 0.0025 0.0027 0.0031 0.0021 0.0038 0.0035 0.0041 0.0035 0.0030 0.0060 0.8782 0.0095 0.0024 0.0065 0.0034 
   H169607.8  1 0.0048 0.0022 0.0066 0.0041 0.0039 0.0036 0.0037 0.0040 0.0027 0.0023 0.0046 0.0023 0.0052 0.0039 0.0036 0.0030 0.0035 0.0029 0.0038 0.9161 0.0033 0.0040 0.0037 0.0022 
   H169633.1  1 0.0032 0.0029 0.0037 0.0081 0.0091 0.0201 0.0061 0.0109 0.0054 0.0089 0.0038 0.0074 0.0038 0.0067 0.0054 0.0064 0.0090 0.0060 0.0029 0.0027 0.0039 0.0049 0.0036 0.8550 
   H169633.2  1 0.0035 0.0070 0.0039 0.0105 0.0097 0.0161 0.0021 0.0145 0.0050 0.0049 0.0042 0.1109 0.0073 0.0052 0.0034 0.0083 0.0195 0.0064 0.0116 0.0018 0.0033 0.0058 0.0030 0.7322 
   H169633.3  1 0.0064 0.0049 0.0055 0.0036 0.0451 0.0053 0.0062 0.0198 0.0064 0.0059 0.0041 0.0079 0.0071 0.0137 0.0060 0.0058 0.0096 0.0047 0.0026 0.0026 0.0160 0.0060 0.0046 0.8001 
   H169633.4  1 0.0046 0.0037 0.0062 0.0069 0.0090 0.0029 0.0054 0.0089 0.0061 0.0084 0.0061 0.0064 0.0046 0.0102 0.0063 0.0027 0.0040 0.0055 0.0044 0.0048 0.0041 0.0053 0.0039 0.8694 
   H169633.5  1 0.0031 0.0039 0.0062 0.0072 0.0059 0.0028 0.0047 0.0141 0.0058 0.0078 0.0058 0.0039 0.0048 0.0126 0.0058 0.0020 0.0065 0.0066 0.0033 0.0045 0.0060 0.0051 0.0043 0.8673 
   H169688.1  1 0.0098 0.0095 0.0061 0.0061 0.0066 0.7929 0.0054 0.0099 0.0035 0.0215 0.0068 0.0026 0.0052 0.0180 0.0035 0.0065 0.0053 0.0133 0.0034 0.0174 0.0047 0.0132 0.0245 0.0042 
   H169688.2  1 0.0035 0.0057 0.0054 0.0030 0.0041 0.8910 0.0029 0.0044 0.0031 0.0047 0.0043 0.0023 0.0103 0.0071 0.0034 0.0099 0.0038 0.0047 0.0089 0.0032 0.0062 0.0026 0.0027 0.0030 
   H169688.3  1 0.0016 0.0027 0.0045 0.0027 0.0035 0.9267 0.0035 0.0037 0.0027 0.0026 0.0038 0.0046 0.0047 0.0035 0.0026 0.0031 0.0029 0.0030 0.0042 0.0028 0.0029 0.0022 0.0026 0.0030 
   H169688.4  1 0.0018 0.0027 0.0055 0.0027 0.0036 0.9347 0.0037 0.0028 0.0045 0.0023 0.0020 0.0027 0.0036 0.0025 0.0021 0.0023 0.0032 0.0029 0.0017 0.0020 0.0030 0.0023 0.0027 0.0027 
   H169688.5  1 0.0023 0.0031 0.0056 0.0027 0.0028 0.9326 0.0041 0.0034 0.0045 0.0022 0.0024 0.0023 0.0043 0.0021 0.0026 0.0027 0.0025 0.0028 0.0017 0.0025 0.0030 0.0028 0.0027 0.0023 
   H169688.6  1 0.0039 0.0468 0.0027 0.0020 0.0206 0.8592 0.0027 0.0051 0.0025 0.0059 0.0037 0.0020 0.0024 0.0043 0.0022 0.0029 0.0042 0.0059 0.0025 0.0037 0.0029 0.0059 0.0032 0.0026 
   H169688.7  1 0.0098 0.0042 0.0075 0.0139 0.0042 0.8573 0.0060 0.0101 0.0115 0.0027 0.0052 0.0048 0.0106 0.0052 0.0036 0.0054 0.0038 0.0044 0.0047 0.0024 0.0058 0.0022 0.0104 0.0042 
   H171901.1  1 0.0030 0.0063 0.1824 0.0418 0.0080 0.0082 0.0164 0.3016 0.0482 0.0184 0.0042 0.0084 0.0042 0.1199 0.0268 0.0068 0.1025 0.0339 0.0296 0.0116 0.0052 0.0022 0.0054 0.0049 
   H171901.2  1 0.0099 0.0025 0.0172 0.0080 0.0348 0.0062 0.0200 0.0128 0.0071 0.0028 0.0126 0.0067 0.0058 0.0082 0.0056 0.0082 0.4524 0.0074 0.0461 0.0099 0.0175 0.0032 0.0083 0.2870 
   H171901.3  1 0.0024 0.0037 0.0147 0.0027 0.0182 0.0051 0.0043 0.0111 0.0057 0.0104 0.0044 0.0048 0.0045 0.0057 0.0033 0.0073 0.8245 0.0046 0.0038 0.0038 0.0061 0.0055 0.0035 0.0401 
   H171901.4  1 0.0037 0.0032 0.0063 0.0022 0.0077 0.0026 0.0036 0.0098 0.0040 0.0067 0.0053 0.0042 0.0033 0.0035 0.0037 0.0069 0.8056 0.0034 0.0143 0.0049 0.0056 0.0041 0.0039 0.0813 
   H171901.5  1 0.0030 0.0045 0.0045 0.0034 0.0088 0.0032 0.0035 0.0040 0.0058 0.0018 0.0054 0.0062 0.0047 0.0024 0.0029 0.0086 0.8922 0.0049 0.0043 0.0029 0.0073 0.0034 0.0042 0.0080 
   H171901.6  1 0.0044 0.0056 0.0060 0.0042 0.0126 0.0048 0.0073 0.0072 0.0062 0.0031 0.0049 0.0118 0.0058 0.0074 0.0037 0.0151 0.8376 0.0068 0.0040 0.0051 0.0105 0.0038 0.0081 0.0140 
   H171901.7  1 0.0059 0.0039 0.0235 0.0053 0.0123 0.0145 0.0065 0.0105 0.0051 0.0040 0.0047 0.0073 0.0055 0.0555 0.0046 0.0121 0.6959 0.0088 0.0037 0.0043 0.0747 0.0082 0.0040 0.0191 
   H171902.1  1 0.0059 0.0049 0.0025 0.0037 0.0033 0.0037 0.0032 0.0044 0.0029 0.0024 0.0023 0.0077 0.0024 0.0026 0.0027 0.0072 0.0047 0.0042 0.0021 0.0057 0.0036 0.0027 0.9119 0.0034 
  H171902.10  1 0.0024 0.0049 0.0035 0.0025 0.0056 0.0056 0.0027 0.0042 0.0057 0.0017 0.0037 0.0031 0.0026 0.0028 0.0026 0.0020 0.0031 0.0039 0.0030 0.0027 0.0069 0.0021 0.9194 0.0033 
   H171902.2  1 0.0058 0.0059 0.0038 0.0034 0.0054 0.0043 0.0041 0.0041 0.0038 0.0056 0.0024 0.0073 0.0034 0.0033 0.0027 0.0148 0.0108 0.0044 0.0029 0.0065 0.0024 0.0025 0.8815 0.0089 
   H171902.3  1 0.0042 0.0033 0.0038 0.0023 0.0097 0.0040 0.0052 0.0041 0.0041 0.0034 0.0030 0.0043 0.0038 0.0050 0.0023 0.0064 0.0274 0.0047 0.0027 0.0052 0.0025 0.0029 0.8741 0.0117 
   H171902.4  1 0.0033 0.0028 0.0022 0.0035 0.0094 0.0026 0.0026 0.0045 0.0032 0.0023 0.0033 0.0049 0.0034 0.0042 0.0028 0.0026 0.0049 0.0034 0.0018 0.0022 0.0036 0.0021 0.9135 0.0111 
   H171902.6  1 0.0036 0.0025 0.0030 0.0028 0.0055 0.0023 0.0033 0.0034 0.0026 0.0022 0.0031 0.0031 0.0020 0.0026 0.0023 0.0024 0.0037 0.0039 0.0024 0.0030 0.0034 0.0026 0.9303 0.0040 
   H171902.7  1 0.0032 0.0029 0.0253 0.0044 0.0267 0.0037 0.0030 0.0066 0.0066 0.0019 0.0044 0.0065 0.0037 0.0096 0.0035 0.0024 0.0055 0.0036 0.0064 0.0184 0.0067 0.0022 0.8389 0.0039 
   H171902.8  1 0.0034 0.0032 0.0034 0.0029 0.0068 0.0027 0.0051 0.0037 0.0040 0.0030 0.0030 0.0048 0.0027 0.0039 0.0028 0.0030 0.0107 0.0056 0.0021 0.0040 0.0035 0.0027 0.9095 0.0036 
   H171902.9  1 0.0042 0.0025 0.0040 0.0035 0.0021 0.0028 0.0064 0.0031 0.0040 0.0025 0.0041 0.0044 0.0032 0.0022 0.0030 0.0030 0.0033 0.0026 0.0033 0.0047 0.0033 0.0030 0.9213 0.0035 
   H171903.1  1 0.0053 0.0037 0.4351 0.0039 0.0041 0.0087 0.0177 0.0084 0.0273 0.0035 0.0040 0.0050 0.0037 0.0076 0.0043 0.0065 0.0065 0.0051 0.0070 0.4052 0.0158 0.0047 0.0038 0.0032 
   H171903.2  1 0.0036 0.0044 0.8149 0.0067 0.0031 0.0030 0.0102 0.0063 0.0077 0.0018 0.0060 0.0042 0.0034 0.0050 0.0074 0.0083 0.0075 0.0041 0.0293 0.0313 0.0148 0.0096 0.0049 0.0025 
   H171903.3  1 0.0033 0.0026 0.8588 0.0029 0.0035 0.0037 0.0044 0.0057 0.0047 0.0030 0.0123 0.0160 0.0098 0.0073 0.0029 0.0026 0.0055 0.0026 0.0134 0.0063 0.0051 0.0168 0.0032 0.0035 
   H171903.4  1 0.0026 0.0032 0.5990 0.0089 0.0100 0.0594 0.0081 0.0175 0.0192 0.0027 0.0093 0.0073 0.0051 0.0218 0.0058 0.0095 0.0120 0.0047 0.0048 0.1423 0.0148 0.0034 0.0258 0.0029 
   H171903.5  1 0.0030 0.0042 0.8853 0.0034 0.0051 0.0133 0.0041 0.0062 0.0044 0.0022 0.0035 0.0075 0.0069 0.0044 0.0034 0.0041 0.0087 0.0049 0.0039 0.0051 0.0043 0.0033 0.0031 0.0056 
   H171903.6  1 0.0031 0.0036 0.8303 0.0043 0.0053 0.0614 0.0035 0.0068 0.0054 0.0021 0.0029 0.0036 0.0028 0.0039 0.0025 0.0029 0.0040 0.0032 0.0025 0.0197 0.0120 0.0030 0.0057 0.0053 
      H177.1  1 0.0039 0.0048 0.0051 0.0022 0.0045 0.0066 0.0052 0.0037 0.0038 0.0047 0.0068 0.0032 0.0040 0.0106 0.0034 0.0031 0.0053 0.0034 0.0022 0.0045 0.8974 0.0039 0.0038 0.0040 
      H177.2  1 0.0221 0.0252 0.0114 0.0524 0.0093 0.0065 0.0041 0.0146 0.0129 0.0030 0.0175 0.0050 0.0085 0.0038 0.0092 0.0044 0.0107 0.0167 0.0030 0.0136 0.7316 0.0038 0.0036 0.0071 
      H177.3  1 0.0041 0.0045 0.0076 0.0090 0.0084 0.0035 0.0038 0.0053 0.0049 0.0020 0.0049 0.0052 0.0030 0.0045 0.0039 0.0020 0.0040 0.0051 0.0023 0.0037 0.8950 0.0045 0.0041 0.0050 
      H177.4  1 0.0090 0.0543 0.0106 0.0078 0.0051 0.0028 0.0028 0.0061 0.0032 0.0021 0.0045 0.0094 0.0054 0.0207 0.0094 0.0079 0.0052 0.0062 0.0075 0.0039 0.7950 0.0115 0.0041 0.0053 
      H177.5  1 0.0128 0.0085 0.0057 0.0073 0.0022 0.0118 0.0069 0.0170 0.0050 0.0029 0.0129 0.0079 0.0093 0.0263 0.0120 0.0100 0.0051 0.0050 0.0057 0.0026 0.8132 0.0028 0.0028 0.0042 
      H177.6  1 0.0050 0.0054 0.0062 0.0062 0.0119 0.0029 0.0029 0.0047 0.0072 0.0021 0.0071 0.0066 0.0040 0.0056 0.0036 0.0028 0.0067 0.0046 0.0021 0.0033 0.8804 0.0037 0.0047 0.0103 
      H179.1  1 0.0056 0.7872 0.0049 0.0022 0.0054 0.0238 0.0118 0.0097 0.0071 0.0093 0.0050 0.0078 0.0462 0.0143 0.0087 0.0080 0.0102 0.0047 0.0046 0.0041 0.0096 0.0024 0.0040 0.0033 
      H179.2  1 0.0031 0.7250 0.0097 0.0018 0.0086 0.0143 0.0077 0.0184 0.0096 0.0032 0.0090 0.0499 0.0557 0.0075 0.0050 0.0062 0.0070 0.0134 0.0056 0.0057 0.0091 0.0127 0.0075 0.0043 
      H179.3  1 0.0050 0.6447 0.0252 0.0025 0.0059 0.1139 0.0164 0.0108 0.0160 0.0074 0.0059 0.0071 0.0125 0.0222 0.0083 0.0145 0.0258 0.0084 0.0041 0.0092 0.0207 0.0054 0.0056 0.0026 
      H179.4  1 0.0062 0.5835 0.0277 0.0035 0.0212 0.0162 0.0051 0.0271 0.0050 0.0049 0.0364 0.0099 0.0127 0.0209 0.0046 0.0556 0.0359 0.0077 0.0079 0.0094 0.0120 0.0745 0.0048 0.0073 
      H180.1  1 0.0028 0.0167 0.0030 0.0020 0.0026 0.0046 0.0040 0.0077 0.8689 0.0046 0.0038 0.0089 0.0031 0.0019 0.0037 0.0033 0.0056 0.0205 0.0042 0.0052 0.0092 0.0027 0.0083 0.0024 
      H180.2  1 0.0036 0.0048 0.0031 0.0024 0.0022 0.0047 0.0028 0.0043 0.9055 0.0075 0.0024 0.0042 0.0072 0.0032 0.0026 0.0038 0.0061 0.0046 0.0031 0.0023 0.0112 0.0035 0.0025 0.0027 
      H180.3  1 0.0065 0.0049 0.0057 0.0053 0.0039 0.0060 0.0101 0.0061 0.8826 0.0040 0.0020 0.0092 0.0080 0.0041 0.0024 0.0037 0.0058 0.0030 0.0032 0.0060 0.0046 0.0039 0.0034 0.0056 
      H180.4  1 0.0040 0.0078 0.0061 0.0027 0.0031 0.0027 0.0042 0.0052 0.8802 0.0081 0.0031 0.0036 0.0050 0.0033 0.0033 0.0056 0.0127 0.0135 0.0039 0.0034 0.0062 0.0026 0.0049 0.0048 
      H180.5  1 0.0056 0.0073 0.0034 0.0032 0.0039 0.0036 0.0032 0.0051 0.8959 0.0025 0.0025 0.0034 0.0024 0.0030 0.0032 0.0048 0.0042 0.0124 0.0023 0.0023 0.0151 0.0035 0.0034 0.0036 
      H180.6  1 0.0217 0.0070 0.0044 0.0136 0.0051 0.0035 0.0057 0.0080 0.8467 0.0039 0.0019 0.0053 0.0047 0.0099 0.0030 0.0065 0.0075 0.0038 0.0045 0.0068 0.0054 0.0035 0.0067 0.0109 
      H181.1  1 0.0047 0.0034 0.0212 0.0036 0.0232 0.0029 0.0032 0.0077 0.0045 0.0032 0.0031 0.0040 0.0034 0.0049 0.0023 0.0021 0.0046 0.8627 0.0069 0.0055 0.0069 0.0034 0.0048 0.0079 
      H181.2  1 0.0061 0.0068 0.0026 0.0061 0.0045 0.0028 0.0027 0.0051 0.0043 0.0037 0.0049 0.0035 0.0037 0.0039 0.0026 0.0085 0.0060 0.8921 0.0030 0.0027 0.0124 0.0029 0.0045 0.0047 
      H181.3  1 0.0049 0.0033 0.0030 0.0044 0.0085 0.0048 0.0049 0.0054 0.0047 0.0044 0.0046 0.0037 0.0021 0.0033 0.0047 0.0052 0.0148 0.8865 0.0043 0.0037 0.0047 0.0025 0.0063 0.0056 
      H181.4  1 0.0205 0.0046 0.0100 0.0049 0.0120 0.0058 0.0108 0.0135 0.0162 0.0041 0.0053 0.0041 0.0061 0.0049 0.0066 0.0127 0.0151 0.8047 0.0076 0.0065 0.0062 0.0043 0.0051 0.0085 
      H181.5  1 0.0040 0.0100 0.0032 0.0024 0.0044 0.0046 0.0038 0.0043 0.0029 0.0041 0.0034 0.0044 0.0046 0.0054 0.0039 0.0024 0.0038 0.9040 0.0059 0.0035 0.0032 0.0048 0.0039 0.0034 
      H181.6  1 0.0040 0.0228 0.0051 0.0032 0.0037 0.0033 0.0036 0.0068 0.0056 0.0035 0.0040 0.0072 0.0047 0.0062 0.0028 0.0099 0.0069 0.8665 0.0059 0.0047 0.0065 0.0045 0.0044 0.0041 
      H181.7  1 0.0040 0.0130 0.0048 0.0039 0.0038 0.0042 0.0040 0.0081 0.0037 0.0029 0.0022 0.0049 0.0045 0.0040 0.0031 0.0036 0.0044 0.8909 0.0067 0.0042 0.0047 0.0059 0.0029 0.0055 
 H194.1_2004  1 0.0037 0.0025 0.0072 0.0042 0.0034 0.0053 0.0047 0.0049 0.0037 0.0024 0.0022 0.0074 0.0055 0.9002 0.0032 0.0047 0.0049 0.0024 0.0023 0.0060 0.0053 0.0040 0.0049 0.0049 
 H194.2_2004  1 0.0028 0.0020 0.0045 0.0049 0.0038 0.0024 0.0038 0.0036 0.0027 0.0035 0.0033 0.0036 0.0024 0.9231 0.0023 0.0030 0.0033 0.0029 0.0028 0.0083 0.0026 0.0023 0.0036 0.0025 
 H194.3_2004  1 0.0062 0.0068 0.0080 0.0082 0.0290 0.0051 0.0031 0.0109 0.0030 0.0024 0.0072 0.0067 0.0536 0.7752 0.0046 0.0067 0.0085 0.0046 0.0039 0.0044 0.0135 0.0051 0.0048 0.0185 
 H194.4_2004  1 0.0041 0.0028 0.0050 0.0141 0.0120 0.0026 0.0033 0.0066 0.0027 0.0031 0.0035 0.0047 0.0027 0.8812 0.0021 0.0050 0.0048 0.0045 0.0036 0.0030 0.0130 0.0028 0.0074 0.0056 
 H194.5_2004  1 0.0058 0.0045 0.0060 0.0042 0.0100 0.0054 0.0035 0.0059 0.0031 0.0026 0.0066 0.0099 0.0199 0.8420 0.0040 0.0133 0.0097 0.0044 0.0046 0.0086 0.0049 0.0042 0.0049 0.0122 
 H194.6_2004  1 0.0053 0.0063 0.0199 0.0057 0.0253 0.0063 0.0058 0.0155 0.0038 0.0031 0.0073 0.0099 0.0270 0.7126 0.0032 0.0127 0.0187 0.0053 0.0036 0.0047 0.0612 0.0163 0.0078 0.0129 
 H194.7_2004  1 0.0031 0.0018 0.0076 0.0038 0.0039 0.0032 0.0025 0.0039 0.0029 0.0035 0.0027 0.0028 0.0035 0.9210 0.0037 0.0022 0.0029 0.0028 0.0030 0.0048 0.0051 0.0032 0.0024 0.0036 
 H194.8_2004  1 0.0034 0.0034 0.0047 0.0047 0.0065 0.0029 0.0052 0.0055 0.0022 0.0032 0.0062 0.0042 0.0033 0.8945 0.0019 0.0089 0.0054 0.0039 0.0035 0.0044 0.0060 0.0041 0.0047 0.0072 
      H194.9  1 0.0071 0.0019 0.0048 0.0043 0.0038 0.0026 0.0041 0.0028 0.0026 0.0042 0.0028 0.0040 0.0028 0.9149 0.0027 0.0059 0.0044 0.0030 0.0021 0.0046 0.0040 0.0030 0.0040 0.0036 
 H195.1_2003  1 0.0023 0.0022 0.0026 0.0021 0.0037 0.0022 0.0019 0.0024 0.0025 0.0024 0.0027 0.0036 0.0022 0.0033 0.0021 0.9399 0.0040 0.0030 0.0023 0.0022 0.0023 0.0020 0.0026 0.0033 
 H195.1_2004  1 0.0036 0.0025 0.0030 0.8937 0.0069 0.0039 0.0027 0.0040 0.0039 0.0032 0.0094 0.0047 0.0027 0.0037 0.0045 0.0083 0.0057 0.0066 0.0025 0.0026 0.0085 0.0030 0.0036 0.0067 
 H195.2_2003  1 0.0129 0.0023 0.0037 0.0088 0.0027 0.0440 0.0119 0.0061 0.0031 0.0025 0.0078 0.0042 0.0028 0.0050 0.0044 0.8262 0.0064 0.0048 0.0037 0.0173 0.0034 0.0035 0.0092 0.0035 
 H195.2_2004  1 0.0088 0.0028 0.0026 0.7289 0.0058 0.0090 0.0024 0.0065 0.0041 0.0030 0.0048 0.0048 0.0033 0.0046 0.0032 0.1732 0.0049 0.0029 0.0027 0.0033 0.0037 0.0036 0.0042 0.0070 
 H195.3_2003  1 0.0097 0.0021 0.0060 0.0056 0.0031 0.0260 0.0672 0.0096 0.0058 0.0068 0.0065 0.0030 0.0085 0.0072 0.0054 0.7693 0.0096 0.0067 0.0096 0.0163 0.0052 0.0041 0.0039 0.0028 
 H195.3_2004  1 0.0047 0.0030 0.0045 0.6021 0.0344 0.0029 0.0025 0.0076 0.0026 0.0028 0.0129 0.0048 0.0034 0.0080 0.0035 0.2396 0.0103 0.0060 0.0037 0.0052 0.0110 0.0051 0.0063 0.0131 
 H195.4_2003  1 0.0025 0.0040 0.0022 0.0384 0.0244 0.0017 0.0031 0.0047 0.0034 0.0021 0.0032 0.0102 0.0028 0.0058 0.0046 0.8533 0.0051 0.0034 0.0019 0.0033 0.0056 0.0046 0.0029 0.0071 
 H195.4_2004  1 0.0046 0.0045 0.0039 0.8312 0.0063 0.0214 0.0020 0.0069 0.0027 0.0031 0.0044 0.0042 0.0032 0.0082 0.0025 0.0537 0.0064 0.0047 0.0018 0.0040 0.0057 0.0068 0.0033 0.0047 
 H195.5_2003  1 0.0027 0.0023 0.0028 0.0046 0.0032 0.0022 0.0041 0.0053 0.0065 0.0096 0.0107 0.0031 0.0025 0.0040 0.0064 0.8976 0.0052 0.0028 0.0028 0.0027 0.0031 0.0060 0.0031 0.0068 
 H195.5_2004  1 0.0026 0.0033 0.0038 0.8661 0.0055 0.0041 0.0025 0.0045 0.0032 0.0065 0.0054 0.0026 0.0029 0.0042 0.0027 0.0477 0.0035 0.0036 0.0039 0.0021 0.0075 0.0040 0.0036 0.0043 
 H195.6_2003  1 0.0056 0.0024 0.0044 0.0654 0.0050 0.0211 0.0107 0.0098 0.0053 0.0024 0.0062 0.0035 0.0027 0.0026 0.0108 0.7946 0.0044 0.0051 0.0036 0.0138 0.0049 0.0046 0.0091 0.0020 
 H195.6_2004  1 0.0041 0.0049 0.0030 0.7456 0.0034 0.0043 0.0020 0.0061 0.0024 0.0046 0.0045 0.0034 0.0041 0.0098 0.0026 0.1618 0.0033 0.0028 0.0053 0.0054 0.0049 0.0044 0.0035 0.0037 
 H195.7_2003  1 0.0040 0.0028 0.0033 0.0210 0.0035 0.0458 0.0024 0.0066 0.0024 0.0024 0.0037 0.0039 0.0036 0.0049 0.0033 0.8553 0.0063 0.0057 0.0032 0.0043 0.0030 0.0036 0.0022 0.0029 
 H195.7_2004  1 0.0034 0.0022 0.0029 0.9123 0.0024 0.0067 0.0065 0.0051 0.0058 0.0033 0.0044 0.0024 0.0021 0.0026 0.0027 0.0126 0.0022 0.0037 0.0019 0.0033 0.0037 0.0026 0.0026 0.0025 
      H195.8  1 0.0028 0.0021 0.0031 0.9286 0.0029 0.0028 0.0038 0.0032 0.0033 0.0031 0.0045 0.0026 0.0021 0.0029 0.0028 0.0033 0.0024 0.0038 0.0022 0.0031 0.0047 0.0040 0.0030 0.0029 
      H195.9  1 0.0064 0.0034 0.0048 0.7635 0.0094 0.0063 0.0031 0.0069 0.0034 0.0023 0.0071 0.0043 0.0055 0.0084 0.0032 0.0993 0.0116 0.0051 0.0023 0.0066 0.0177 0.0072 0.0047 0.0075 
      H415.1  1 0.0024 0.0043 0.0052 0.0034 0.0049 0.0110 0.0169 0.0042 0.0112 0.0055 0.0056 0.8677 0.0052 0.0066 0.0035 0.0036 0.0102 0.0048 0.0039 0.0035 0.0044 0.0019 0.0033 0.0066 
      H415.2  1 0.0075 0.0148 0.0364 0.0045 0.0046 0.0124 0.0119 0.0237 0.0115 0.0034 0.0142 0.6727 0.0191 0.0183 0.0136 0.0033 0.0073 0.0051 0.0046 0.0122 0.0326 0.0035 0.0595 0.0032 
      H415.3  1 0.0045 0.0179 0.0034 0.0025 0.0047 0.0046 0.0043 0.0057 0.0043 0.0031 0.0031 0.8909 0.0036 0.0029 0.0051 0.0037 0.0062 0.0063 0.0025 0.0031 0.0060 0.0024 0.0034 0.0057 
      H415.4  1 0.0024 0.0022 0.0036 0.0036 0.0045 0.0023 0.0041 0.0038 0.0035 0.0018 0.0038 0.9190 0.0058 0.0062 0.0028 0.0040 0.0047 0.0031 0.0035 0.0028 0.0028 0.0024 0.0033 0.0039 
      H415.5  1 0.0025 0.0030 0.0031 0.0032 0.0054 0.0030 0.0024 0.0036 0.0030 0.0019 0.0029 0.9245 0.0040 0.0030 0.0024 0.0045 0.0047 0.0037 0.0026 0.0025 0.0029 0.0020 0.0038 0.0051 
      H415.6  1 0.0024 0.0025 0.0037 0.0029 0.0040 0.0024 0.0051 0.0034 0.0045 0.0017 0.0044 0.9141 0.0070 0.0056 0.0026 0.0050 0.0045 0.0035 0.0035 0.0030 0.0028 0.0026 0.0040 0.0048 
      H415.7  1 0.0070 0.0105 0.0313 0.0058 0.0051 0.0076 0.0059 0.0120 0.0039 0.0029 0.0070 0.7831 0.0041 0.0066 0.0109 0.0049 0.0108 0.0049 0.0035 0.0224 0.0105 0.0061 0.0276 0.0057 
      H506.1  1 0.0046 0.9326 0.0020 0.0029 0.0028 0.0024 0.0018 0.0033 0.0020 0.0028 0.0027 0.0022 0.0046 0.0025 0.0039 0.0031 0.0030 0.0041 0.0027 0.0027 0.0024 0.0030 0.0024 0.0036 
      H506.2  1 0.0040 0.9204 0.0023 0.0090 0.0038 0.0021 0.0017 0.0042 0.0020 0.0021 0.0027 0.0029 0.0039 0.0026 0.0024 0.0040 0.0032 0.0053 0.0037 0.0036 0.0058 0.0028 0.0023 0.0032 
      H506.3  1 0.0049 0.8401 0.0062 0.0079 0.0047 0.0111 0.0038 0.0064 0.0058 0.0020 0.0063 0.0042 0.0146 0.0029 0.0049 0.0045 0.0049 0.0236 0.0035 0.0049 0.0223 0.0033 0.0032 0.0036 
      H506.4  1 0.0032 0.8804 0.0084 0.0026 0.0052 0.0041 0.0049 0.0060 0.0060 0.0027 0.0031 0.0071 0.0037 0.0032 0.0046 0.0033 0.0048 0.0057 0.0019 0.0044 0.0083 0.0131 0.0057 0.0076 
      H506.5  1 0.0024 0.9021 0.0049 0.0051 0.0035 0.0021 0.0027 0.0039 0.0028 0.0025 0.0040 0.0045 0.0030 0.0024 0.0037 0.0077 0.0056 0.0065 0.0024 0.0045 0.0073 0.0072 0.0037 0.0056 
      H506.6  1 0.0033 0.7017 0.0178 0.0256 0.0042 0.0075 0.0050 0.0110 0.0049 0.0025 0.0197 0.0082 0.0036 0.0043 0.0070 0.0106 0.0060 0.0119 0.0032 0.0091 0.1192 0.0070 0.0037 0.0033 
      H506.7  1 0.0029 0.9253 0.0020 0.0038 0.0027 0.0019 0.0019 0.0032 0.0021 0.0021 0.0031 0.0025 0.0040 0.0026 0.0035 0.0052 0.0035 0.0046 0.0036 0.0029 0.0058 0.0034 0.0026 0.0045 
      H533.1  1 0.0032 0.9090 0.0039 0.0033 0.0033 0.0020 0.0017 0.0049 0.0052 0.0028 0.0023 0.0026 0.0058 0.0021 0.0025 0.0022 0.0062 0.0102 0.0088 0.0024 0.0035 0.0030 0.0025 0.0068 
      H533.2  1 0.0026 0.8979 0.0027 0.0029 0.0040 0.0019 0.0018 0.0037 0.0053 0.0022 0.0022 0.0037 0.0063 0.0023 0.0023 0.0021 0.0074 0.0162 0.0095 0.0020 0.0041 0.0031 0.0021 0.0118 
      H533.3  1 0.0050 0.9159 0.0080 0.0039 0.0027 0.0028 0.0024 0.0041 0.0031 0.0020 0.0019 0.0027 0.0036 0.0035 0.0031 0.0017 0.0027 0.0040 0.0044 0.0069 0.0026 0.0027 0.0020 0.0083 
      H533.4  1 0.0056 0.8337 0.0104 0.0139 0.0034 0.0035 0.0037 0.0080 0.0041 0.0025 0.0046 0.0065 0.0025 0.0115 0.0029 0.0115 0.0064 0.0057 0.0045 0.0192 0.0078 0.0090 0.0035 0.0156 
      H535.1  1 0.0024 0.0031 0.0026 0.0028 0.0025 0.0019 0.0035 0.0028 0.0026 0.0032 0.0026 0.0036 0.0034 0.0034 0.0020 0.0040 0.0042 0.0031 0.0020 0.0042 0.0036 0.9291 0.0045 0.0031 
      H535.2  1 0.0031 0.0032 0.0029 0.0036 0.0040 0.0022 0.0020 0.0026 0.0024 0.0025 0.0034 0.0028 0.0024 0.0024 0.0028 0.0024 0.0026 0.0046 0.0037 0.0025 0.0052 0.9319 0.0023 0.0024 
      H535.3  1 0.0028 0.0031 0.0022 0.0029 0.0028 0.0022 0.0016 0.0032 0.0024 0.0033 0.0026 0.0020 0.0039 0.0023 0.0025 0.0029 0.0019 0.0050 0.0030 0.0026 0.0026 0.9374 0.0026 0.0023 
      H535.4  1 0.0026 0.0027 0.0023 0.0037 0.0040 0.0021 0.0021 0.0030 0.0021 0.0025 0.0036 0.0032 0.0031 0.0022 0.0027 0.0038 0.0035 0.0023 0.0027 0.0025 0.0028 0.9344 0.0022 0.0040 
      H535.5  1 0.0023 0.0033 0.0033 0.0025 0.0031 0.0020 0.0022 0.0027 0.0026 0.0020 0.0033 0.0028 0.0030 0.0032 0.0022 0.0051 0.0042 0.0025 0.0025 0.0033 0.0026 0.9339 0.0021 0.0035 
      H535.6  1 0.0030 0.0024 0.0035 0.0031 0.0034 0.0021 0.0060 0.0034 0.0035 0.0031 0.0033 0.0038 0.0041 0.0044 0.0024 0.0066 0.0041 0.0043 0.0028 0.0069 0.0050 0.9087 0.0083 0.0019 
      H535.7  1 0.0021 0.0027 0.0027 0.0023 0.0026 0.0022 0.0016 0.0019 0.0017 0.0019 0.0024 0.0025 0.0028 0.0025 0.0019 0.0024 0.0026 0.0023 0.0021 0.0027 0.0024 0.9471 0.0019 0.0027 
      H535.8  1 0.0032 0.0025 0.0024 0.0021 0.0031 0.0024 0.0029 0.0037 0.0020 0.0021 0.0027 0.0023 0.0037 0.0027 0.0022 0.0060 0.0037 0.0027 0.0029 0.0043 0.0026 0.9334 0.0022 0.0022 
      H535.9  1 0.0025 0.0028 0.0030 0.0021 0.0021 0.0019 0.0029 0.0022 0.0034 0.0026 0.0029 0.0025 0.0025 0.0027 0.0024 0.0038 0.0029 0.0039 0.0018 0.0041 0.0036 0.9355 0.0035 0.0024 
      H539.1  1 0.0032 0.0015 0.0045 0.0029 0.0019 0.0018 0.9338 0.0036 0.0052 0.0028 0.0027 0.0032 0.0017 0.0026 0.0025 0.0028 0.0027 0.0021 0.0027 0.0035 0.0035 0.0023 0.0039 0.0023 
      H539.2  1 0.0048 0.0058 0.1231 0.0047 0.0033 0.0256 0.4570 0.0417 0.1294 0.0547 0.0267 0.0045 0.0063 0.0098 0.0049 0.0052 0.0116 0.0065 0.0027 0.0306 0.0213 0.0082 0.0070 0.0045 
      H539.3  1 0.0046 0.0033 0.0169 0.0045 0.0035 0.0098 0.8229 0.0114 0.0146 0.0075 0.0062 0.0033 0.0041 0.0162 0.0031 0.0145 0.0060 0.0030 0.0030 0.0132 0.0083 0.0110 0.0065 0.0026 
      H539.4  1 0.0031 0.0039 0.0187 0.0031 0.0035 0.0074 0.8254 0.0081 0.0619 0.0031 0.0059 0.0037 0.0043 0.0029 0.0040 0.0034 0.0087 0.0040 0.0043 0.0031 0.0062 0.0030 0.0045 0.0037 
      H539.5  1 0.0032 0.0025 0.0051 0.0021 0.0023 0.0030 0.9313 0.0040 0.0050 0.0032 0.0022 0.0021 0.0032 0.0033 0.0019 0.0020 0.0028 0.0024 0.0021 0.0043 0.0035 0.0036 0.0032 0.0018 
      H539.6  1 0.0053 0.0027 0.0051 0.0031 0.0021 0.0025 0.9120 0.0034 0.0125 0.0025 0.0031 0.0032 0.0025 0.0032 0.0024 0.0034 0.0032 0.0029 0.0026 0.0077 0.0034 0.0026 0.0068 0.0017 
      H539.7  1 0.0019 0.0024 0.0049 0.0021 0.0030 0.0052 0.9106 0.0049 0.0135 0.0043 0.0023 0.0039 0.0025 0.0028 0.0029 0.0036 0.0065 0.0032 0.0021 0.0036 0.0031 0.0027 0.0050 0.0029 
      H539.8  1 0.0037 0.0046 0.0132 0.0038 0.0034 0.0111 0.7891 0.0109 0.0319 0.0198 0.0071 0.0045 0.0066 0.0152 0.0041 0.0119 0.0104 0.0039 0.0043 0.0076 0.0049 0.0201 0.0040 0.0039 
      H539.9  1 0.0026 0.0031 0.0091 0.0040 0.0022 0.0050 0.9064 0.0047 0.0134 0.0028 0.0043 0.0022 0.0046 0.0023 0.0037 0.0023 0.0045 0.0028 0.0043 0.0041 0.0045 0.0023 0.0023 0.0025 
      H540.1  1 0.0074 0.0037 0.0314 0.0095 0.0029 0.0037 0.8007 0.0070 0.0051 0.0023 0.0040 0.0042 0.0041 0.0055 0.0049 0.0036 0.0038 0.0081 0.0042 0.0643 0.0063 0.0050 0.0040 0.0044 
      H540.2  1 0.0067 0.0035 0.0092 0.0037 0.0033 0.0050 0.8905 0.0046 0.0046 0.0042 0.0033 0.0071 0.0040 0.0079 0.0034 0.0021 0.0024 0.0061 0.0028 0.0104 0.0043 0.0021 0.0043 0.0044 
      H540.3  1 0.0065 0.0047 0.0125 0.0119 0.0191 0.0077 0.7265 0.0339 0.0107 0.0110 0.0175 0.0189 0.0101 0.0278 0.0056 0.0032 0.0132 0.0095 0.0064 0.0054 0.0098 0.0053 0.0054 0.0176 
      H540.4  1 0.0037 0.0047 0.0137 0.0040 0.0048 0.0118 0.7923 0.0222 0.0249 0.0105 0.0038 0.0069 0.0043 0.0034 0.0083 0.0038 0.0037 0.0305 0.0026 0.0146 0.0100 0.0060 0.0059 0.0036 
      H540.5  1 0.0061 0.0030 0.0163 0.0030 0.0038 0.0106 0.8693 0.0065 0.0033 0.0044 0.0054 0.0067 0.0057 0.0063 0.0043 0.0018 0.0049 0.0069 0.0042 0.0042 0.0108 0.0028 0.0049 0.0048 
      H540.6  1 0.0103 0.0050 0.0301 0.0070 0.0054 0.0086 0.7670 0.0223 0.0049 0.0045 0.0080 0.0061 0.0045 0.0049 0.0100 0.0027 0.0042 0.0238 0.0060 0.0329 0.0145 0.0048 0.0071 0.0053 
      H540.7  1 0.0227 0.0076 0.0093 0.0053 0.0060 0.0035 0.8089 0.0105 0.0067 0.0070 0.0051 0.0119 0.0050 0.0114 0.0078 0.0047 0.0039 0.0109 0.0020 0.0109 0.0059 0.0027 0.0056 0.0247 
      H540.8  1 0.0059 0.0032 0.1420 0.0045 0.0040 0.0054 0.6494 0.0146 0.0067 0.0042 0.0026 0.0262 0.0052 0.0528 0.0032 0.0045 0.0052 0.0089 0.0028 0.0126 0.0100 0.0049 0.0123 0.0089 
     H9558.1  1 0.0026 0.0058 0.0033 0.0029 0.0019 0.0043 0.9050 0.0038 0.0027 0.0029 0.0037 0.0045 0.0027 0.0036 0.0020 0.0041 0.0032 0.0044 0.0070 0.0052 0.0023 0.0092 0.0107 0.0019 
     H9558.2  1 0.0097 0.0087 0.0029 0.0022 0.0045 0.0054 0.8232 0.0110 0.0035 0.0061 0.0077 0.0060 0.0059 0.0108 0.0066 0.0136 0.0042 0.0242 0.0167 0.0074 0.0029 0.0079 0.0061 0.0030 
     H9558.3  1 0.0148 0.0025 0.0026 0.0023 0.0022 0.0041 0.8447 0.0053 0.0037 0.0104 0.0059 0.0045 0.0067 0.0084 0.0073 0.0043 0.0025 0.0075 0.0421 0.0046 0.0028 0.0050 0.0029 0.0029 
     H9558.4  1 0.0027 0.0040 0.0039 0.0017 0.0017 0.0071 0.9130 0.0034 0.0035 0.0040 0.0026 0.0042 0.0019 0.0037 0.0022 0.0031 0.0028 0.0037 0.0059 0.0054 0.0035 0.0085 0.0058 0.0017 
     H9558.5  1 0.0039 0.0028 0.0054 0.0020 0.0022 0.0076 0.9052 0.0051 0.0083 0.0067 0.0048 0.0030 0.0031 0.0024 0.0047 0.0019 0.0042 0.0035 0.0030 0.0025 0.0034 0.0093 0.0021 0.0031 
     H9558.6  1 0.0080 0.0031 0.0043 0.0032 0.0027 0.0031 0.8683 0.0182 0.0045 0.0042 0.0052 0.0057 0.0048 0.0058 0.0037 0.0046 0.0051 0.0039 0.0227 0.0033 0.0045 0.0045 0.0036 0.0032 
    kos339.1  1 0.0321 0.0262 0.0075 0.0023 0.0108 0.0025 0.0054 0.0102 0.0044 0.0027 0.0047 0.0187 0.0036 0.0024 0.0192 0.0023 0.0274 0.0092 0.0081 0.0065 0.0074 0.0043 0.0104 0.7717 
    kos339.2  1 0.0066 0.0062 0.0032 0.0061 0.0078 0.0032 0.0032 0.0070 0.0037 0.0026 0.0065 0.0055 0.0032 0.0029 0.0044 0.0045 0.0040 0.0027 0.0042 0.0029 0.0041 0.0039 0.0046 0.8970 
    kos339.3  1 0.0035 0.0049 0.0030 0.0025 0.0056 0.0026 0.0030 0.0031 0.0032 0.0026 0.0023 0.0044 0.0031 0.0028 0.0017 0.0045 0.0091 0.0030 0.0022 0.0041 0.0030 0.0049 0.0032 0.9177 
    kos339.4  1 0.0028 0.0037 0.0033 0.0023 0.0062 0.0033 0.0033 0.0044 0.0046 0.0030 0.0031 0.0058 0.0024 0.0041 0.0022 0.0051 0.0167 0.0038 0.0024 0.0035 0.0029 0.0032 0.0040 0.9041 
    kos339.5  1 0.0494 0.0094 0.0031 0.0023 0.0115 0.0032 0.0043 0.0045 0.0032 0.0030 0.0026 0.0043 0.0043 0.0026 0.0062 0.0031 0.0078 0.0070 0.0038 0.0037 0.0055 0.0029 0.0070 0.8452 
    kos339.6  1 0.0070 0.0055 0.0030 0.0037 0.0086 0.0028 0.0029 0.0032 0.0022 0.0025 0.0040 0.0041 0.0031 0.0051 0.0033 0.0024 0.0035 0.0036 0.0023 0.0029 0.0037 0.0025 0.0037 0.9143 
    kos339.7  1 0.0028 0.0077 0.0028 0.0035 0.0072 0.0026 0.0021 0.0040 0.0038 0.0025 0.0025 0.0060 0.0032 0.0033 0.0021 0.0038 0.0136 0.0035 0.0022 0.0034 0.0030 0.0083 0.0026 0.9036 
    kos339.8  1 0.0046 0.0183 0.0034 0.0034 0.0070 0.0035 0.0021 0.0035 0.0033 0.0028 0.0030 0.0061 0.0035 0.0024 0.0040 0.0044 0.0122 0.0034 0.0028 0.0025 0.0042 0.0032 0.0041 0.8922 
    kos339.9  1 0.0193 0.0076 0.0074 0.0087 0.0253 0.0032 0.0141 0.0137 0.0123 0.0022 0.0117 0.0087 0.0074 0.0049 0.0059 0.0080 0.0185 0.0138 0.0076 0.0076 0.0177 0.0037 0.0331 0.7376 
      H409.1 12 0.0030 0.0039 0.0022 0.0030 0.0050 0.0035 0.0021 0.0032 0.0022 0.0027 0.0032 0.0037 0.9258 0.0031 0.0034 0.0027 0.0037 0.0061 0.0026 0.0020 0.0030 0.0026 0.0025 0.0050 
     H409.10 12 0.0044 0.0265 0.0032 0.0029 0.0039 0.0166 0.0080 0.0053 0.0084 0.0074 0.0092 0.0108 0.8360 0.0027 0.0056 0.0074 0.0032 0.0127 0.0022 0.0075 0.0040 0.0032 0.0041 0.0048 
      H409.2 12 0.0023 0.0039 0.0056 0.0029 0.0050 0.0043 0.0035 0.0043 0.0027 0.0025 0.0091 0.0170 0.8886 0.0049 0.0033 0.0049 0.0062 0.0044 0.0023 0.0027 0.0054 0.0053 0.0040 0.0047 
      H409.3 12 0.0033 0.0033 0.0040 0.0031 0.0036 0.0034 0.0029 0.0041 0.0028 0.0030 0.0056 0.0028 0.9186 0.0064 0.0031 0.0028 0.0037 0.0027 0.0041 0.0027 0.0035 0.0038 0.0031 0.0038 
      H409.4 12 0.0032 0.0026 0.0031 0.0023 0.0036 0.0032 0.0028 0.0033 0.0025 0.0032 0.0045 0.0025 0.9296 0.0040 0.0029 0.0024 0.0032 0.0031 0.0044 0.0024 0.0028 0.0031 0.0022 0.0031 
      H409.5 12 0.0039 0.0041 0.0065 0.0026 0.0028 0.0023 0.0030 0.0036 0.0033 0.0025 0.0049 0.0038 0.9174 0.0031 0.0028 0.0036 0.0042 0.0025 0.0041 0.0050 0.0032 0.0043 0.0043 0.0024 
      H409.6 12 0.0108 0.0121 0.0194 0.0050 0.0033 0.0042 0.0054 0.0097 0.0072 0.0081 0.0053 0.0036 0.7961 0.0063 0.0085 0.0029 0.0048 0.0125 0.0494 0.0064 0.0052 0.0065 0.0040 0.0033 
      H409.7 12 0.0051 0.0034 0.0031 0.0050 0.0062 0.0035 0.0024 0.0046 0.0024 0.0040 0.0060 0.0052 0.8992 0.0049 0.0048 0.0049 0.0040 0.0066 0.0053 0.0025 0.0029 0.0025 0.0036 0.0078 
      H409.8 12 0.0066 0.0051 0.0040 0.0026 0.0029 0.0024 0.0025 0.0038 0.0032 0.0035 0.0018 0.0036 0.9175 0.0035 0.0053 0.0032 0.0034 0.0037 0.0030 0.0046 0.0036 0.0028 0.0037 0.0036 
      H409.9 12 0.0033 0.1260 0.0151 0.0057 0.0029 0.0040 0.2523 0.0379 0.0223 0.0172 0.0053 0.0109 0.3780 0.0029 0.0353 0.0034 0.0039 0.0122 0.0049 0.0126 0.0235 0.0132 0.0037 0.0033 
      H413.1 12 0.0040 0.0016 0.0022 0.0023 0.0032 0.0022 0.0024 0.0038 0.0041 0.9264 0.0033 0.0025 0.0024 0.0034 0.0044 0.0027 0.0041 0.0062 0.0067 0.0026 0.0025 0.0023 0.0022 0.0028 
      H413.2 12 0.0022 0.0026 0.0024 0.0019 0.0029 0.0022 0.0022 0.0023 0.0033 0.9364 0.0022 0.0016 0.0018 0.0025 0.0021 0.0038 0.0044 0.0041 0.0055 0.0019 0.0020 0.0025 0.0018 0.0052 
      H413.3 12 0.0027 0.0023 0.0027 0.0020 0.0019 0.0044 0.0027 0.0033 0.0026 0.9346 0.0028 0.0023 0.0034 0.0041 0.0059 0.0021 0.0019 0.0039 0.0031 0.0032 0.0023 0.0016 0.0022 0.0021 
      H413.4 12 0.0069 0.0051 0.0019 0.0035 0.0037 0.0021 0.0028 0.0042 0.0051 0.9025 0.0076 0.0028 0.0038 0.0042 0.0083 0.0051 0.0035 0.0050 0.0034 0.0030 0.0041 0.0017 0.0035 0.0062 
      H413.5 12 0.0060 0.0025 0.0028 0.0040 0.0020 0.0036 0.0142 0.0047 0.0128 0.9042 0.0028 0.0028 0.0022 0.0041 0.0033 0.0020 0.0020 0.0028 0.0026 0.0023 0.0020 0.0018 0.0101 0.0024 
      H413.6 12 0.0285 0.0023 0.0026 0.0031 0.0045 0.0166 0.0106 0.0079 0.0079 0.8496 0.0067 0.0028 0.0042 0.0041 0.0050 0.0144 0.0042 0.0042 0.0049 0.0028 0.0041 0.0026 0.0021 0.0043 
      H413.7 12 0.0028 0.0028 0.0021 0.0019 0.0024 0.0031 0.0034 0.0025 0.0027 0.9376 0.0032 0.0024 0.0031 0.0029 0.0033 0.0040 0.0019 0.0028 0.0030 0.0023 0.0026 0.0024 0.0023 0.0028 
      H563.1 12 0.0036 0.0029 0.0047 0.0032 0.0028 0.0042 0.0083 0.0028 0.0045 0.0105 0.0064 0.0029 0.0047 0.0029 0.9073 0.0020 0.0042 0.0027 0.0039 0.0039 0.0043 0.0023 0.0020 0.0030 
      H563.2 12 0.0048 0.0050 0.0040 0.0043 0.0109 0.0053 0.0052 0.0100 0.0057 0.0060 0.0086 0.0079 0.0121 0.0160 0.8481 0.0029 0.0047 0.0070 0.0056 0.0041 0.0056 0.0031 0.0054 0.0077 
      H563.3 12 0.0097 0.0030 0.0029 0.0026 0.0030 0.0027 0.0072 0.0035 0.0029 0.0035 0.0050 0.0030 0.0033 0.0031 0.9170 0.0024 0.0030 0.0024 0.0037 0.0074 0.0027 0.0018 0.0023 0.0022 
      H563.4 12 0.0041 0.0040 0.0094 0.0037 0.0053 0.0053 0.0041 0.0066 0.0056 0.0162 0.0072 0.0031 0.0062 0.0060 0.8725 0.0018 0.0058 0.0036 0.0096 0.0050 0.0043 0.0025 0.0033 0.0051 
      H563.5 12 0.0067 0.0022 0.0039 0.0025 0.0029 0.0033 0.0063 0.0036 0.0033 0.0054 0.0078 0.0023 0.0025 0.0024 0.9170 0.0017 0.0040 0.0029 0.0034 0.0047 0.0048 0.0016 0.0021 0.0027 
      H563.6 12 0.0125 0.0052 0.0036 0.0032 0.0077 0.0029 0.0041 0.0071 0.0042 0.0066 0.0076 0.0035 0.0071 0.0057 0.8701 0.0032 0.0059 0.0046 0.0079 0.0043 0.0040 0.0033 0.0042 0.0115 
      H563.7 12 0.0149 0.0032 0.0024 0.0025 0.0073 0.0024 0.0029 0.0047 0.0043 0.0087 0.0121 0.0031 0.0050 0.0048 0.8763 0.0027 0.0051 0.0046 0.0061 0.0029 0.0029 0.0028 0.0031 0.0153 
      H563.8 12 0.0096 0.0028 0.0069 0.0028 0.0039 0.0050 0.0122 0.0057 0.0046 0.0055 0.0116 0.0028 0.0038 0.0036 0.8830 0.0023 0.0060 0.0035 0.0035 0.0043 0.0088 0.0020 0.0027 0.0030 
      H563.9 12 0.0068 0.0040 0.0042 0.0046 0.0121 0.0045 0.0032 0.0086 0.0042 0.0090 0.0046 0.0070 0.0113 0.0128 0.8565 0.0042 0.0052 0.0079 0.0048 0.0037 0.0036 0.0019 0.0064 0.0090 
     H7374.1 12 0.0045 0.0024 0.0056 0.0035 0.0041 0.0024 0.0036 0.0057 0.0031 0.0039 0.8782 0.0057 0.0062 0.0089 0.0033 0.0145 0.0083 0.0049 0.0104 0.0063 0.0039 0.0041 0.0036 0.0030 
     H7374.2 12 0.0031 0.0048 0.0077 0.0034 0.0018 0.0065 0.0059 0.0061 0.0039 0.0067 0.8880 0.0075 0.0036 0.0075 0.0074 0.0046 0.0032 0.0035 0.0048 0.0061 0.0052 0.0032 0.0032 0.0024 
     H7374.3 12 0.0042 0.0046 0.0064 0.0071 0.0044 0.0035 0.0083 0.0083 0.0037 0.0035 0.7927 0.0146 0.0057 0.0183 0.0082 0.0620 0.0067 0.0034 0.0069 0.0073 0.0059 0.0039 0.0064 0.0038 
