      H105.1  1 0.0063 0.0140 0.0112 0.0142 0.0068 0.0082 0.9323 0.0070 
      H105.2  1 0.0047 0.0129 0.0191 0.0045 0.0171 0.0140 0.9044 0.0233 
      H105.3  1 0.0042 0.0036 0.0083 0.0042 0.0035 0.0042 0.9659 0.0061 
      H105.4  1 0.0194 0.0125 0.0168 0.0069 0.0151 0.0105 0.9063 0.0125 
      H105.5  1 0.0082 0.1421 0.1215 0.0133 0.0348 0.0162 0.6513 0.0126 
      H105.6  1 0.0149 0.0060 0.0225 0.0092 0.0240 0.0070 0.9058 0.0106 
      H105.7  1 0.0041 0.0155 0.0060 0.0060 0.0058 0.0097 0.9480 0.0050 
      H105.8  1 0.0030 0.0038 0.0078 0.0051 0.0071 0.0040 0.9562 0.0130 
      H115.1  1 0.0039 0.0081 0.0176 0.0166 0.8969 0.0088 0.0354 0.0127 
      H115.2  1 0.0029 0.0077 0.0062 0.0085 0.9568 0.0057 0.0078 0.0044 
      H115.3  1 0.0043 0.0056 0.0058 0.0152 0.9447 0.0075 0.0114 0.0055 
      H115.4  1 0.0153 0.0213 0.0090 0.0778 0.7698 0.0378 0.0107 0.0584 
      H115.5  1 0.0331 0.0107 0.0105 0.1153 0.7913 0.0104 0.0126 0.0161 
      H115.6  1 0.0075 0.0114 0.0095 0.0441 0.8939 0.0207 0.0081 0.0048 
      H115.7  1 0.0076 0.0154 0.0213 0.0191 0.8491 0.0250 0.0520 0.0106 
      H115.8  1 0.0060 0.0085 0.0067 0.0216 0.9352 0.0070 0.0102 0.0048 
      H115.9  1 0.0036 0.0060 0.0095 0.0117 0.9374 0.0069 0.0138 0.0111 
      H145.1  1 0.9291 0.0107 0.0083 0.0072 0.0089 0.0268 0.0043 0.0048 
      H145.2  1 0.9591 0.0051 0.0046 0.0060 0.0066 0.0085 0.0050 0.0051 
      H145.3  1 0.9512 0.0043 0.0041 0.0029 0.0033 0.0279 0.0035 0.0029 
      H145.4  1 0.9557 0.0111 0.0068 0.0049 0.0041 0.0090 0.0044 0.0040 
      H145.5  1 0.9226 0.0049 0.0066 0.0042 0.0033 0.0507 0.0052 0.0026 
      H145.6  1 0.9703 0.0051 0.0036 0.0049 0.0027 0.0041 0.0046 0.0047 
      H145.7  1 0.9707 0.0049 0.0050 0.0057 0.0029 0.0044 0.0037 0.0027 
      H149.1  1 0.0046 0.0048 0.0054 0.9718 0.0032 0.0035 0.0034 0.0033 
      H149.2  1 0.0063 0.0073 0.0054 0.9615 0.0033 0.0067 0.0058 0.0036 
      H149.3  1 0.0352 0.0892 0.0137 0.7714 0.0173 0.0273 0.0296 0.0162 
      H149.4  1 0.0042 0.0042 0.0041 0.9644 0.0041 0.0044 0.0055 0.0091 
      H149.5  1 0.0226 0.0255 0.0065 0.8578 0.0041 0.0181 0.0420 0.0234 
      H149.6  1 0.0065 0.0077 0.0037 0.9658 0.0027 0.0054 0.0052 0.0031 
      H149.7  1 0.0071 0.1172 0.0120 0.7683 0.0071 0.0130 0.0297 0.0456 
      H150.1  1 0.0041 0.0039 0.0044 0.0025 0.9720 0.0057 0.0042 0.0032 
      H150.2  1 0.0035 0.0040 0.0044 0.0056 0.9680 0.0051 0.0044 0.0050 
      H150.3  1 0.0066 0.0095 0.0103 0.0065 0.9369 0.0156 0.0113 0.0033 
      H150.4  1 0.0059 0.0063 0.0055 0.0031 0.9627 0.0074 0.0060 0.0032 
      H150.5  1 0.0044 0.0085 0.0047 0.0057 0.9562 0.0064 0.0093 0.0047 
      H150.6  1 0.0069 0.0054 0.0077 0.0059 0.9522 0.0088 0.0062 0.0069 
      H150.7  1 0.0044 0.0040 0.0034 0.0037 0.9645 0.0120 0.0051 0.0028 
   H169607.1  1 0.0220 0.0105 0.0087 0.0072 0.0168 0.9239 0.0051 0.0059 
   H169607.2  1 0.0058 0.0098 0.0046 0.0045 0.0087 0.9536 0.0062 0.0069 
   H169607.3  1 0.0320 0.1191 0.0074 0.0055 0.0186 0.7880 0.0091 0.0203 
   H169607.4  1 0.0074 0.0068 0.0051 0.0032 0.0048 0.9651 0.0040 0.0035 
   H169607.5  1 0.0103 0.1653 0.0037 0.0057 0.0162 0.7855 0.0072 0.0061 
   H169607.6  1 0.0056 0.0082 0.0033 0.0037 0.0055 0.9638 0.0044 0.0055 
   H169607.7  1 0.0124 0.0283 0.0035 0.0049 0.0138 0.9150 0.0053 0.0169 
   H169607.8  1 0.0085 0.0141 0.0122 0.0045 0.0083 0.9401 0.0055 0.0069 
   H169633.1  1 0.0220 0.0138 0.0069 0.9334 0.0067 0.0040 0.0085 0.0048 
   H169633.2  1 0.0224 0.0194 0.0836 0.8462 0.0047 0.0027 0.0097 0.0114 
   H169633.3  1 0.0091 0.0111 0.0101 0.9418 0.0076 0.0041 0.0085 0.0076 
   H169633.4  1 0.0075 0.0101 0.0104 0.9423 0.0091 0.0053 0.0086 0.0067 
   H169633.5  1 0.0068 0.0081 0.0088 0.9462 0.0081 0.0056 0.0096 0.0067 
   H169688.1  1 0.0061 0.9147 0.0054 0.0055 0.0064 0.0385 0.0098 0.0136 
   H169688.2  1 0.0064 0.9552 0.0075 0.0041 0.0059 0.0053 0.0063 0.0093 
   H169688.3  1 0.0073 0.9533 0.0103 0.0051 0.0074 0.0036 0.0084 0.0046 
   H169688.4  1 0.0061 0.9400 0.0064 0.0044 0.0329 0.0034 0.0028 0.0040 
   H169688.5  1 0.0045 0.9504 0.0051 0.0041 0.0249 0.0041 0.0031 0.0038 
   H169688.6  1 0.0046 0.8891 0.0034 0.0081 0.0076 0.0050 0.0056 0.0765 
   H169688.7  1 0.0306 0.9123 0.0128 0.0063 0.0201 0.0096 0.0052 0.0031 
   H171901.1  1 0.0416 0.4456 0.0124 0.0145 0.1854 0.0294 0.2596 0.0115 
   H171901.2  1 0.0099 0.0249 0.0094 0.9099 0.0199 0.0097 0.0127 0.0035 
   H171901.3  1 0.0077 0.0996 0.0146 0.7899 0.0422 0.0123 0.0163 0.0175 
   H171901.4  1 0.0075 0.0118 0.0125 0.9157 0.0166 0.0182 0.0120 0.0057 
   H171901.5  1 0.0088 0.0175 0.0322 0.8685 0.0322 0.0240 0.0084 0.0084 
   H171901.6  1 0.0193 0.0522 0.0502 0.7632 0.0714 0.0198 0.0080 0.0159 
   H171901.7  1 0.0175 0.4225 0.0104 0.4932 0.0230 0.0067 0.0088 0.0179 
   H171902.1  1 0.0068 0.0041 0.0060 0.0045 0.0057 0.9655 0.0025 0.0048 
  H171902.10  1 0.0042 0.0085 0.0050 0.0111 0.0050 0.9582 0.0031 0.0050 
   H171902.2  1 0.0076 0.0054 0.0054 0.0250 0.0078 0.9362 0.0057 0.0068 
   H171902.3  1 0.0046 0.0049 0.0049 0.0320 0.0110 0.9325 0.0044 0.0056 
   H171902.4  1 0.0080 0.0065 0.0105 0.0942 0.0056 0.8648 0.0047 0.0057 
   H171902.6  1 0.0052 0.0049 0.0068 0.0108 0.0058 0.9583 0.0032 0.0051 
   H171902.7  1 0.0077 0.0070 0.0069 0.0090 0.0064 0.9557 0.0030 0.0042 
   H171902.8  1 0.0056 0.0068 0.0063 0.0198 0.0070 0.9441 0.0033 0.0071 
   H171902.9  1 0.0052 0.0043 0.0042 0.0059 0.0084 0.9644 0.0040 0.0036 
   H171903.1  1 0.0138 0.5086 0.0087 0.0061 0.1343 0.3072 0.0141 0.0071 
   H171903.2  1 0.0209 0.5628 0.0282 0.0061 0.1650 0.1175 0.0763 0.0232 
   H171903.3  1 0.0034 0.8706 0.0457 0.0058 0.0147 0.0136 0.0318 0.0144 
   H171903.4  1 0.0103 0.8537 0.0068 0.0036 0.0138 0.1029 0.0044 0.0044 
   H171903.5  1 0.0066 0.8614 0.0147 0.0136 0.0449 0.0238 0.0248 0.0101 
   H171903.6  1 0.0048 0.9583 0.0047 0.0072 0.0061 0.0110 0.0034 0.0045 
      H177.1  1 0.0065 0.8334 0.0546 0.0291 0.0188 0.0281 0.0044 0.0251 
      H177.2  1 0.1997 0.2578 0.1140 0.0920 0.0550 0.1518 0.0117 0.1179 
      H177.3  1 0.0399 0.5240 0.0746 0.1179 0.0492 0.1084 0.0078 0.0783 
      H177.4  1 0.0094 0.4318 0.0085 0.0183 0.0065 0.0113 0.0065 0.5078 
      H177.5  1 0.0131 0.8542 0.0327 0.0207 0.0118 0.0100 0.0143 0.0432 
      H177.6  1 0.0225 0.4661 0.0810 0.2680 0.0507 0.0532 0.0060 0.0525 
      H179.1  1 0.0041 0.0382 0.0173 0.0089 0.0201 0.0076 0.0253 0.8784 
      H179.2  1 0.0038 0.0119 0.0098 0.0056 0.0111 0.0100 0.0054 0.9424 
      H179.3  1 0.0040 0.1132 0.0127 0.0058 0.0540 0.0095 0.0104 0.7903 
      H179.4  1 0.0161 0.0300 0.0138 0.0222 0.0067 0.0081 0.0085 0.8945 
      H180.1  1 0.0044 0.0054 0.0213 0.0057 0.9167 0.0087 0.0100 0.0278 
      H180.2  1 0.0073 0.0125 0.0103 0.0077 0.9244 0.0060 0.0156 0.0162 
      H180.3  1 0.0182 0.0133 0.0165 0.0121 0.9201 0.0079 0.0032 0.0088 
      H180.4  1 0.0071 0.0088 0.0085 0.0231 0.9011 0.0080 0.0150 0.0284 
      H180.5  1 0.0155 0.0328 0.0064 0.0112 0.8840 0.0090 0.0097 0.0315 
      H180.6  1 0.0785 0.0276 0.0079 0.0404 0.8008 0.0125 0.0077 0.0246 
      H181.1  1 0.0130 0.1663 0.0225 0.2452 0.0570 0.0454 0.0357 0.4149 
      H181.2  1 0.0548 0.0253 0.0599 0.0422 0.0290 0.0597 0.0397 0.6895 
      H181.3  1 0.0233 0.0251 0.0130 0.2477 0.0278 0.0671 0.0732 0.5228 
      H181.4  1 0.0383 0.0942 0.0516 0.1920 0.3919 0.0541 0.0401 0.1378 
      H181.5  1 0.0061 0.0221 0.0194 0.0273 0.0080 0.0101 0.0428 0.8641 
      H181.6  1 0.0042 0.0106 0.0156 0.0059 0.0380 0.0062 0.0149 0.9046 
      H181.7  1 0.0055 0.0268 0.0072 0.0195 0.0121 0.0058 0.0089 0.9142 
 H194.1_2004  1 0.0081 0.9605 0.0049 0.0044 0.0064 0.0073 0.0044 0.0040 
 H194.2_2004  1 0.0258 0.9125 0.0084 0.0067 0.0086 0.0288 0.0057 0.0036 
 H194.3_2004  1 0.0328 0.8495 0.0556 0.0371 0.0044 0.0059 0.0047 0.0101 
 H194.4_2004  1 0.0859 0.8609 0.0095 0.0176 0.0046 0.0095 0.0040 0.0080 
 H194.5_2004  1 0.0216 0.8835 0.0362 0.0208 0.0043 0.0159 0.0062 0.0115 
 H194.6_2004  1 0.0178 0.8949 0.0327 0.0196 0.0067 0.0118 0.0054 0.0112 
 H194.7_2004  1 0.0078 0.9671 0.0039 0.0044 0.0035 0.0041 0.0060 0.0032 
 H194.8_2004  1 0.0415 0.8804 0.0173 0.0212 0.0070 0.0165 0.0070 0.0091 
      H194.9  1 0.0375 0.9110 0.0079 0.0092 0.0084 0.0148 0.0072 0.0041 
 H195.1_2003  1 0.9194 0.0102 0.0165 0.0273 0.0044 0.0098 0.0059 0.0064 
 H195.1_2004  1 0.9706 0.0045 0.0055 0.0053 0.0033 0.0037 0.0033 0.0038 
 H195.2_2003  1 0.8562 0.0433 0.0165 0.0092 0.0135 0.0416 0.0125 0.0072 
 H195.2_2004  1 0.9736 0.0045 0.0045 0.0050 0.0029 0.0037 0.0031 0.0028 
 H195.3_2003  1 0.6829 0.0975 0.0292 0.0069 0.1066 0.0267 0.0453 0.0049 
 H195.3_2004  1 0.9616 0.0050 0.0061 0.0122 0.0029 0.0052 0.0033 0.0037 
 H195.4_2003  1 0.9551 0.0053 0.0111 0.0102 0.0040 0.0058 0.0042 0.0043 
 H195.4_2004  1 0.9742 0.0040 0.0034 0.0041 0.0034 0.0035 0.0033 0.0041 
 H195.5_2003  1 0.9115 0.0117 0.0223 0.0209 0.0069 0.0099 0.0118 0.0049 
 H195.5_2004  1 0.9720 0.0042 0.0045 0.0046 0.0041 0.0030 0.0034 0.0043 
 H195.6_2003  1 0.9502 0.0061 0.0049 0.0042 0.0150 0.0101 0.0064 0.0031 
 H195.6_2004  1 0.9703 0.0052 0.0060 0.0027 0.0025 0.0052 0.0040 0.0041 
 H195.7_2003  1 0.8661 0.0594 0.0173 0.0182 0.0057 0.0151 0.0106 0.0076 
 H195.7_2004  1 0.9761 0.0035 0.0037 0.0030 0.0042 0.0031 0.0035 0.0028 
      H195.8  1 0.9752 0.0043 0.0030 0.0031 0.0040 0.0038 0.0034 0.0032 
      H195.9  1 0.9687 0.0049 0.0048 0.0073 0.0034 0.0041 0.0029 0.0040 
      H415.1  1 0.0174 0.0265 0.7909 0.0689 0.0801 0.0068 0.0038 0.0056 
      H415.2  1 0.0062 0.2355 0.5510 0.0164 0.0256 0.0984 0.0208 0.0462 
      H415.3  1 0.0127 0.0309 0.6054 0.2228 0.0170 0.0167 0.0166 0.0779 
      H415.4  1 0.0108 0.0093 0.8949 0.0368 0.0339 0.0056 0.0040 0.0048 
      H415.5  1 0.0145 0.0178 0.8111 0.1193 0.0148 0.0083 0.0062 0.0080 
      H415.6  1 0.0151 0.0066 0.9031 0.0292 0.0315 0.0052 0.0051 0.0042 
      H415.7  1 0.0206 0.2999 0.2322 0.1096 0.0123 0.1673 0.0162 0.1419 
      H506.1  1 0.0036 0.0037 0.0046 0.0064 0.0021 0.0040 0.0054 0.9701 
      H506.2  1 0.0112 0.0038 0.0063 0.0090 0.0026 0.0039 0.0040 0.9592 
      H506.3  1 0.0063 0.0084 0.0122 0.0072 0.0052 0.0076 0.0047 0.9485 
      H506.4  1 0.0032 0.0044 0.0037 0.0053 0.0048 0.0051 0.0033 0.9702 
      H506.5  1 0.0051 0.0031 0.0059 0.0049 0.0027 0.0040 0.0034 0.9709 
      H506.6  1 0.0222 0.0130 0.0069 0.0057 0.0068 0.0094 0.0061 0.9298 
      H506.7  1 0.0073 0.0039 0.0053 0.0077 0.0022 0.0039 0.0052 0.9646 
      H533.1  1 0.0048 0.0037 0.0054 0.0125 0.0039 0.0032 0.0050 0.9615 
      H533.2  1 0.0052 0.0032 0.0057 0.0127 0.0035 0.0043 0.0039 0.9614 
      H533.3  1 0.0042 0.0060 0.0044 0.0110 0.0037 0.0053 0.0046 0.9608 
      H533.4  1 0.0143 0.0059 0.0040 0.0165 0.0043 0.0085 0.0035 0.9432 
      H535.1  1 0.0046 0.0077 0.0062 0.0042 0.0057 0.0069 0.0030 0.9617 
      H535.2  1 0.0098 0.0041 0.0053 0.0061 0.0041 0.0034 0.0080 0.9592 
      H535.3  1 0.0172 0.0034 0.0048 0.0035 0.0038 0.0044 0.0105 0.9524 
      H535.4  1 0.0104 0.0056 0.0065 0.0082 0.0042 0.0045 0.0053 0.9553 
      H535.5  1 0.0045 0.0064 0.0040 0.0071 0.0032 0.0052 0.0031 0.9664 
      H535.6  1 0.0114 0.0063 0.0060 0.0033 0.0152 0.0233 0.0044 0.9302 
      H535.7  1 0.0031 0.0046 0.0032 0.0042 0.0027 0.0028 0.0029 0.9766 
      H535.8  1 0.0057 0.0049 0.0053 0.0035 0.0034 0.0046 0.0037 0.9689 
      H535.9  1 0.0068 0.0060 0.0048 0.0048 0.0083 0.0068 0.0045 0.9579 
      H539.1  1 0.0034 0.0040 0.0032 0.0029 0.9736 0.0065 0.0038 0.0026 
      H539.2  1 0.0054 0.0342 0.0088 0.0041 0.9217 0.0139 0.0053 0.0066 
      H539.3  1 0.0075 0.0208 0.0071 0.0029 0.9377 0.0136 0.0046 0.0057 
      H539.4  1 0.0031 0.0054 0.0060 0.0029 0.9723 0.0036 0.0035 0.0031 
      H539.5  1 0.0025 0.0045 0.0037 0.0026 0.9730 0.0080 0.0030 0.0028 
      H539.6  1 0.0046 0.0062 0.0031 0.0023 0.9610 0.0163 0.0031 0.0032 
      H539.7  1 0.0028 0.0069 0.0034 0.0034 0.9736 0.0042 0.0029 0.0027 
      H539.8  1 0.0063 0.0154 0.0070 0.0036 0.9485 0.0051 0.0071 0.0068 
      H539.9  1 0.0027 0.0058 0.0044 0.0027 0.9739 0.0036 0.0040 0.0027 
      H540.1  1 0.0095 0.0261 0.0063 0.0079 0.8844 0.0555 0.0041 0.0063 
      H540.2  1 0.0052 0.0217 0.0089 0.0048 0.9373 0.0114 0.0059 0.0049 
      H540.3  1 0.0107 0.0352 0.0384 0.0146 0.8791 0.0082 0.0083 0.0055 
      H540.4  1 0.0048 0.0088 0.0044 0.0044 0.9564 0.0081 0.0076 0.0055 
      H540.5  1 0.0035 0.0399 0.0120 0.0075 0.9184 0.0100 0.0046 0.0041 
      H540.6  1 0.0054 0.0374 0.0106 0.0083 0.9026 0.0207 0.0070 0.0080 
      H540.7  1 0.0069 0.0279 0.0070 0.0164 0.9114 0.0162 0.0053 0.0089 
      H540.8  1 0.0066 0.3684 0.0062 0.0102 0.5611 0.0373 0.0042 0.0061 
     H9558.1  1 0.0042 0.0064 0.0054 0.0028 0.9524 0.0105 0.0042 0.0141 
     H9558.2  1 0.0049 0.0110 0.0136 0.0040 0.8986 0.0179 0.0144 0.0356 
     H9558.3  1 0.0045 0.0107 0.0169 0.0032 0.9133 0.0055 0.0387 0.0073 
     H9558.4  1 0.0031 0.0118 0.0047 0.0029 0.9548 0.0055 0.0054 0.0117 
     H9558.5  1 0.0020 0.0053 0.0046 0.0032 0.9717 0.0034 0.0049 0.0048 
     H9558.6  1 0.0053 0.0086 0.0145 0.0039 0.9424 0.0066 0.0138 0.0049 
    kos339.1  1 0.0026 0.0048 0.0066 0.9463 0.0045 0.0110 0.0073 0.0168 
    kos339.2  1 0.0071 0.0043 0.0049 0.9612 0.0046 0.0040 0.0069 0.0069 
    kos339.3  1 0.0034 0.0039 0.0041 0.9727 0.0033 0.0039 0.0026 0.0061 
    kos339.4  1 0.0035 0.0035 0.0037 0.9718 0.0045 0.0052 0.0025 0.0051 
    kos339.5  1 0.0026 0.0036 0.0035 0.9680 0.0032 0.0053 0.0066 0.0072 
    kos339.6  1 0.0043 0.0051 0.0041 0.9710 0.0028 0.0037 0.0038 0.0051 
    kos339.7  1 0.0045 0.0034 0.0033 0.9669 0.0038 0.0038 0.0023 0.0119 
    kos339.8  1 0.0049 0.0032 0.0042 0.9648 0.0034 0.0048 0.0044 0.0102 
    kos339.9  1 0.0105 0.0096 0.0112 0.9312 0.0109 0.0142 0.0047 0.0076 
      H409.1 12 0.0029 0.0055 0.9613 0.0094 0.0029 0.0030 0.0078 0.0074 
     H409.10 12 0.0073 0.0065 0.9404 0.0055 0.0099 0.0083 0.0085 0.0136 
      H409.2 12 0.0029 0.0051 0.9696 0.0064 0.0031 0.0032 0.0031 0.0067 
      H409.3 12 0.0044 0.0067 0.9504 0.0065 0.0055 0.0039 0.0078 0.0148 
      H409.4 12 0.0034 0.0072 0.9664 0.0064 0.0040 0.0026 0.0044 0.0056 
      H409.5 12 0.0054 0.0089 0.9486 0.0049 0.0078 0.0086 0.0058 0.0100 
      H409.6 12 0.0074 0.0232 0.7184 0.0069 0.0201 0.0105 0.1435 0.0702 
      H409.7 12 0.0056 0.0062 0.9566 0.0083 0.0034 0.0032 0.0123 0.0043 
      H409.8 12 0.0055 0.0070 0.9400 0.0059 0.0059 0.0087 0.0118 0.0152 
      H409.9 12 0.0067 0.0080 0.4125 0.0042 0.2653 0.0105 0.0727 0.2201 
      H413.1 12 0.0044 0.0085 0.0049 0.0049 0.0107 0.0037 0.9595 0.0034 
      H413.2 12 0.0082 0.0066 0.0044 0.0080 0.0080 0.0056 0.9536 0.0055 
      H413.3 12 0.0037 0.0072 0.0045 0.0031 0.0097 0.0040 0.9628 0.0049 
      H413.4 12 0.0040 0.0045 0.0060 0.0050 0.0111 0.0071 0.9544 0.0080 
      H413.5 12 0.0053 0.0059 0.0063 0.0035 0.2276 0.0145 0.7298 0.0072 
      H413.6 12 0.0073 0.0190 0.0075 0.0050 0.0999 0.0049 0.8535 0.0029 
      H413.7 12 0.0057 0.0065 0.0057 0.0051 0.0128 0.0047 0.9547 0.0047 
      H563.1 12 0.0034 0.0042 0.0050 0.0031 0.0086 0.0044 0.9679 0.0034 
      H563.2 12 0.0057 0.0114 0.0204 0.0110 0.0092 0.0077 0.9288 0.0058 
      H563.3 12 0.0053 0.0043 0.0064 0.0035 0.0078 0.0073 0.9616 0.0038 
      H563.4 12 0.0037 0.0049 0.0064 0.0064 0.0057 0.0046 0.9641 0.0042 
      H563.5 12 0.0040 0.0040 0.0055 0.0035 0.0062 0.0051 0.9691 0.0027 
      H563.6 12 0.0039 0.0048 0.0114 0.0066 0.0075 0.0060 0.9561 0.0037 
      H563.7 12 0.0038 0.0030 0.0100 0.0143 0.0034 0.0037 0.9580 0.0038 
      H563.8 12 0.0049 0.0079 0.0079 0.0069 0.0147 0.0069 0.9465 0.0042 
      H563.9 12 0.0067 0.0115 0.0127 0.0111 0.0082 0.0055 0.9388 0.0055 
     H7374.1 12 0.0126 0.0058 0.9475 0.0076 0.0046 0.0070 0.0103 0.0046 
     H7374.2 12 0.0051 0.0090 0.9516 0.0031 0.0061 0.0065 0.0125 0.0062 
     H7374.3 12 0.0262 0.0091 0.9197 0.0036 0.0065 0.0112 0.0158 0.0079 
     H7374.4 12 0.0056 0.0079 0.9525 0.0089 0.0066 0.0044 0.0070 0.0072 
     H7374.5 12 0.0068 0.0056 0.9350 0.0100 0.0124 0.0126 0.0117 0.0059 
     H7374.6 12 0.0250 0.0090 0.9233 0.0079 0.0077 0.0098 0.0073 0.0101 
     H7374.7 12 0.0064 0.0057 0.9621 0.0068 0.0031 0.0048 0.0062 0.0049 
     H7374.8 12 0.0102 0.0048 0.9539 0.0077 0.0032 0.0053 0.0112 0.0038 
     H7374.9 12 0.0106 0.0073 0.9178 0.0122 0.0185 0.0148 0.0143 0.0045 
     H9563.1 12 0.0056 0.0067 0.0063 0.0073 0.0100 0.0084 0.9482 0.0074 
     H9563.2 12 0.0059 0.0070 0.0044 0.0050 0.0128 0.0058 0.9520 0.0070 
     H9563.3 12 0.0095 0.0055 0.0052 0.0051 0.0034 0.0040 0.9565 0.0108 
     H9563.4 12 0.0114 0.0363 0.0381 0.0120 0.0226 0.0117 0.8509 0.0169 
     H9563.5 12 0.0084 0.0134 0.0091 0.0089 0.0088 0.0083 0.9284 0.0147 
     H9563.6 12 0.0071 0.0037 0.0057 0.0042 0.0032 0.0035 0.9657 0.0069 
     H9563.7 12 0.0066 0.0052 0.0038 0.0029 0.0046 0.0041 0.9652 0.0077 
     H9563.8 12 0.0104 0.0333 0.0147 0.0282 0.0297 0.0076 0.8557 0.0203 
     H9563.9 12 0.0054 0.0093 0.0062 0.0062 0.0096 0.0075 0.9475 0.0082 
     H9572.1 12 0.0186 0.0230 0.0279 0.0128 0.1561 0.2082 0.3989 0.1545 
     H9572.2 12 0.0956 0.0374 0.0594 0.0153 0.0351 0.2565 0.4886 0.0121 
     H9572.3 12 0.0070 0.0172 0.1676 0.1080 0.0178 0.5142 0.1425 0.0257 
     H9572.4 12 0.0315 0.0259 0.0299 0.1481 0.0350 0.3804 0.2579 0.0912 
     H9572.5 12 0.0403 0.0394 0.0055 0.1785 0.0593 0.4010 0.1769 0.0989 
