      H105.1  1 0.0176 0.0140 0.0115 0.0121 0.0054 0.0068 0.0053 0.0028 0.0052 0.0048 0.0047 0.8265 0.0167 0.0043 0.0035 0.0143 0.0203 0.0035 0.0065 0.0051 0.0044 0.0047 
      H105.2  1 0.0177 0.0049 0.0156 0.0150 0.0037 0.0072 0.0078 0.0094 0.0054 0.0054 0.0065 0.8134 0.0063 0.0087 0.0043 0.0138 0.0132 0.0119 0.0076 0.0027 0.0094 0.0104 
      H105.3  1 0.0055 0.0085 0.0062 0.0060 0.0035 0.0071 0.0019 0.0028 0.0046 0.0028 0.0038 0.8908 0.0157 0.0026 0.0029 0.0043 0.0050 0.0045 0.0070 0.0065 0.0039 0.0043 
      H105.4  1 0.0172 0.0064 0.0096 0.0165 0.0036 0.0063 0.0036 0.0036 0.0181 0.0048 0.0115 0.7738 0.0113 0.0048 0.0060 0.0150 0.0396 0.0194 0.0071 0.0046 0.0140 0.0033 
      H105.5  1 0.0628 0.0119 0.0588 0.0667 0.0044 0.0116 0.0136 0.0031 0.0075 0.0112 0.0198 0.5208 0.0098 0.0088 0.0049 0.0619 0.0673 0.0129 0.0056 0.0045 0.0253 0.0068 
      H105.6  1 0.0083 0.0045 0.0080 0.0080 0.0032 0.0078 0.0031 0.0034 0.0173 0.0092 0.0041 0.8590 0.0055 0.0055 0.0070 0.0086 0.0058 0.0065 0.0042 0.0064 0.0112 0.0036 
      H105.7  1 0.0073 0.0183 0.0090 0.0093 0.0037 0.0034 0.0039 0.0034 0.0041 0.0035 0.0086 0.8354 0.0246 0.0091 0.0040 0.0102 0.0166 0.0038 0.0065 0.0037 0.0068 0.0047 
      H105.8  1 0.0051 0.0045 0.0060 0.0060 0.0025 0.0036 0.0031 0.0027 0.0033 0.0039 0.0032 0.9028 0.0092 0.0027 0.0039 0.0059 0.0035 0.0043 0.0124 0.0030 0.0051 0.0036 
      H115.1  1 0.0131 0.0033 0.0126 0.0168 0.0100 0.0047 0.0067 0.0080 0.0024 0.0150 0.0037 0.0153 0.0090 0.0055 0.0032 0.0207 0.0102 0.8074 0.0074 0.0036 0.0161 0.0052 
      H115.2  1 0.0093 0.0040 0.0101 0.0094 0.0041 0.0040 0.0061 0.0108 0.0040 0.0254 0.0075 0.0050 0.0044 0.0080 0.0031 0.0093 0.0095 0.8463 0.0038 0.0037 0.0039 0.0083 
      H115.3  1 0.0051 0.0038 0.0040 0.0055 0.0072 0.0035 0.0026 0.0060 0.0044 0.0130 0.0061 0.0040 0.0081 0.0029 0.0051 0.0060 0.0065 0.8885 0.0028 0.0041 0.0031 0.0078 
      H115.4  1 0.0089 0.0061 0.0118 0.0091 0.0130 0.0031 0.0095 0.0095 0.0042 0.0042 0.0083 0.0050 0.0033 0.0035 0.0068 0.0082 0.0084 0.8294 0.0224 0.0055 0.0038 0.0160 
      H115.5  1 0.0179 0.0049 0.0130 0.0260 0.0365 0.0032 0.0065 0.0055 0.0075 0.0346 0.0072 0.0211 0.0070 0.0058 0.0097 0.0193 0.0094 0.7261 0.0065 0.0121 0.0059 0.0147 
      H115.6  1 0.0156 0.0063 0.0093 0.0104 0.0155 0.0087 0.0057 0.0400 0.0082 0.0223 0.0135 0.0041 0.0105 0.0089 0.0027 0.0155 0.0073 0.7396 0.0041 0.0040 0.0042 0.0435 
      H115.7  1 0.0231 0.0039 0.0264 0.0289 0.0076 0.0061 0.0085 0.0105 0.0042 0.0137 0.0048 0.0230 0.0140 0.0080 0.0026 0.0241 0.0186 0.7409 0.0054 0.0070 0.0099 0.0088 
      H115.8  1 0.0058 0.0059 0.0085 0.0057 0.0097 0.0041 0.0035 0.0088 0.0023 0.0116 0.0047 0.0065 0.0065 0.0039 0.0019 0.0077 0.0048 0.8810 0.0029 0.0043 0.0037 0.0061 
      H115.9  1 0.0117 0.0058 0.0117 0.0259 0.0071 0.0031 0.0038 0.0059 0.0030 0.0672 0.0060 0.0078 0.0078 0.0053 0.0031 0.0108 0.0102 0.7728 0.0076 0.0040 0.0151 0.0040 
      H145.1  1 0.0074 0.0045 0.0087 0.0094 0.0040 0.0085 0.0038 0.0155 0.0061 0.0094 0.0062 0.0025 0.0058 0.0248 0.0044 0.0072 0.0117 0.0045 0.0030 0.8297 0.0051 0.0179 
      H145.2  1 0.0101 0.0042 0.0049 0.0087 0.0058 0.0049 0.0018 0.0104 0.0070 0.0049 0.0063 0.0021 0.0055 0.0054 0.0057 0.0084 0.0056 0.0055 0.0047 0.8746 0.0031 0.0104 
      H145.3  1 0.0036 0.0034 0.0033 0.0030 0.0026 0.0034 0.0023 0.0144 0.0022 0.0024 0.0023 0.0023 0.0026 0.0029 0.0028 0.0031 0.0036 0.0032 0.0024 0.9290 0.0030 0.0021 
      H145.4  1 0.0055 0.0027 0.0044 0.0047 0.0038 0.0060 0.0040 0.0042 0.0058 0.0046 0.0045 0.0028 0.0079 0.0256 0.0027 0.0067 0.0070 0.0037 0.0034 0.8753 0.0062 0.0085 
      H145.5  1 0.0030 0.0034 0.0031 0.0034 0.0031 0.0043 0.0028 0.0221 0.0026 0.0026 0.0028 0.0024 0.0024 0.0042 0.0024 0.0034 0.0036 0.0032 0.0024 0.9168 0.0029 0.0031 
      H145.6  1 0.0061 0.0029 0.0053 0.0057 0.0054 0.0044 0.0023 0.0042 0.0070 0.0036 0.0040 0.0027 0.0059 0.0097 0.0038 0.0072 0.0043 0.0028 0.0034 0.9001 0.0023 0.0069 
      H145.7  1 0.0042 0.0030 0.0039 0.0042 0.0059 0.0039 0.0023 0.0035 0.0034 0.0021 0.0040 0.0026 0.0040 0.0036 0.0025 0.0037 0.0032 0.0028 0.0032 0.9264 0.0031 0.0044 
      H149.1  1 0.0036 0.0029 0.0039 0.0028 0.9287 0.0033 0.0027 0.0040 0.0027 0.0030 0.0058 0.0026 0.0031 0.0045 0.0024 0.0035 0.0022 0.0029 0.0026 0.0041 0.0048 0.0040 
      H149.2  1 0.0063 0.0036 0.0086 0.0073 0.8891 0.0040 0.0028 0.0054 0.0035 0.0035 0.0046 0.0029 0.0052 0.0076 0.0036 0.0098 0.0074 0.0034 0.0034 0.0073 0.0058 0.0049 
      H149.3  1 0.0349 0.0051 0.0483 0.0417 0.5669 0.0050 0.0133 0.0104 0.0072 0.0051 0.0386 0.0049 0.0292 0.0129 0.0084 0.0440 0.0279 0.0259 0.0112 0.0395 0.0132 0.0066 
      H149.4  1 0.0073 0.0117 0.0076 0.0065 0.8665 0.0029 0.0075 0.0068 0.0030 0.0037 0.0077 0.0085 0.0076 0.0041 0.0031 0.0077 0.0024 0.0034 0.0194 0.0030 0.0054 0.0041 
      H149.5  1 0.0375 0.0072 0.0321 0.0358 0.6499 0.0050 0.0117 0.0051 0.0052 0.0024 0.0089 0.0080 0.0533 0.0156 0.0086 0.0447 0.0224 0.0039 0.0137 0.0155 0.0068 0.0065 
      H149.6  1 0.0054 0.0031 0.0054 0.0071 0.8884 0.0032 0.0052 0.0040 0.0039 0.0023 0.0047 0.0036 0.0126 0.0066 0.0032 0.0104 0.0057 0.0031 0.0039 0.0078 0.0047 0.0060 
      H149.7  1 0.0602 0.0116 0.0520 0.0712 0.4927 0.0081 0.0473 0.0092 0.0095 0.0036 0.0278 0.0074 0.0249 0.0273 0.0045 0.0557 0.0128 0.0107 0.0273 0.0073 0.0133 0.0156 
      H150.1  1 0.0099 0.0059 0.0108 0.0143 0.0028 0.0037 0.0042 0.0068 0.0056 0.3203 0.0028 0.0053 0.0049 0.0061 0.0020 0.0106 0.0084 0.5560 0.0031 0.0054 0.0066 0.0044 
      H150.2  1 0.0059 0.0053 0.0102 0.0103 0.0076 0.0053 0.0056 0.0175 0.0083 0.0762 0.0036 0.0055 0.0065 0.0068 0.0027 0.0094 0.0040 0.7914 0.0042 0.0021 0.0041 0.0073 
      H150.3  1 0.0158 0.0052 0.0155 0.0208 0.0054 0.0083 0.0167 0.0412 0.0049 0.5659 0.0039 0.0116 0.0102 0.0101 0.0027 0.0125 0.0087 0.2152 0.0035 0.0046 0.0065 0.0109 
      H150.4  1 0.0059 0.0048 0.0085 0.0069 0.0030 0.0042 0.0082 0.0119 0.0048 0.7966 0.0025 0.0058 0.0054 0.0056 0.0019 0.0067 0.0057 0.0876 0.0034 0.0095 0.0048 0.0061 
      H150.5  1 0.0176 0.0030 0.0113 0.0114 0.0040 0.0043 0.0085 0.0065 0.0071 0.0620 0.0062 0.0053 0.0115 0.0051 0.0028 0.0112 0.0069 0.7950 0.0032 0.0043 0.0055 0.0073 
      H150.6  1 0.0294 0.0038 0.0137 0.0160 0.0043 0.0105 0.0083 0.0050 0.0091 0.0067 0.0067 0.0042 0.0045 0.0032 0.0035 0.0149 0.0060 0.8252 0.0041 0.0080 0.0070 0.0059 
      H150.7  1 0.0133 0.0075 0.0085 0.0104 0.0046 0.0031 0.0028 0.0283 0.0044 0.6796 0.0034 0.0088 0.0050 0.0044 0.0021 0.0079 0.0063 0.1814 0.0034 0.0060 0.0034 0.0052 
   H169607.1  1 0.0127 0.0030 0.0126 0.0091 0.0038 0.0061 0.0071 0.0122 0.0092 0.0097 0.0048 0.0029 0.0031 0.0052 0.0027 0.0075 0.8494 0.0062 0.0096 0.0103 0.0032 0.0096 
   H169607.2  1 0.0038 0.0078 0.0044 0.0035 0.0022 0.0034 0.0029 0.0044 0.0073 0.0046 0.0029 0.0028 0.0034 0.0045 0.0036 0.0045 0.9197 0.0031 0.0027 0.0029 0.0027 0.0028 
   H169607.3  1 0.0080 0.0022 0.0064 0.0087 0.0028 0.0041 0.0048 0.0075 0.0045 0.0048 0.0046 0.0027 0.0030 0.0056 0.0038 0.0064 0.8869 0.0075 0.0075 0.0074 0.0044 0.0066 
   H169607.4  1 0.0050 0.0036 0.0040 0.0035 0.0021 0.0097 0.0023 0.0086 0.0099 0.0047 0.0036 0.0025 0.0034 0.0037 0.0027 0.0053 0.9098 0.0023 0.0025 0.0050 0.0027 0.0032 
   H169607.5  1 0.0044 0.0032 0.0031 0.0042 0.0031 0.0033 0.0030 0.0030 0.0033 0.0042 0.0043 0.0032 0.0032 0.0063 0.0032 0.0039 0.9254 0.0034 0.0029 0.0037 0.0030 0.0027 
   H169607.6  1 0.0036 0.0038 0.0034 0.0036 0.0025 0.0021 0.0024 0.0050 0.0081 0.0035 0.0026 0.0031 0.0022 0.0032 0.0029 0.0037 0.9301 0.0028 0.0039 0.0025 0.0021 0.0026 
   H169607.7  1 0.0048 0.0036 0.0040 0.0045 0.0032 0.0032 0.0065 0.0036 0.0047 0.0034 0.0051 0.0048 0.0037 0.0039 0.0025 0.0084 0.9043 0.0073 0.0081 0.0043 0.0022 0.0040 
   H169607.8  1 0.0053 0.0058 0.0050 0.0043 0.0023 0.0062 0.0035 0.0046 0.0058 0.0046 0.0037 0.0037 0.0034 0.0039 0.0030 0.0051 0.9163 0.0031 0.0020 0.0032 0.0030 0.0022 
   H169633.1  1 0.0097 0.0029 0.0096 0.0101 0.8272 0.0052 0.0268 0.0053 0.0087 0.0047 0.0042 0.0090 0.0073 0.0070 0.0058 0.0131 0.0033 0.0067 0.0035 0.0156 0.0045 0.0099 
   H169633.2  1 0.0307 0.0035 0.0205 0.0184 0.7073 0.0043 0.0170 0.0027 0.0098 0.0022 0.0041 0.0100 0.0036 0.0058 0.0079 0.0231 0.0019 0.0049 0.0074 0.0144 0.0084 0.0920 
   H169633.3  1 0.0118 0.0067 0.0088 0.0077 0.8178 0.0045 0.0072 0.0041 0.0080 0.0094 0.0147 0.0061 0.0080 0.0295 0.0076 0.0103 0.0033 0.0076 0.0055 0.0058 0.0080 0.0079 
   H169633.4  1 0.0094 0.0049 0.0097 0.0104 0.8426 0.0076 0.0032 0.0035 0.0040 0.0073 0.0073 0.0083 0.0073 0.0180 0.0091 0.0103 0.0068 0.0072 0.0045 0.0068 0.0051 0.0066 
   H169633.5  1 0.0107 0.0056 0.0094 0.0096 0.8406 0.0070 0.0034 0.0042 0.0028 0.0093 0.0096 0.0105 0.0094 0.0141 0.0064 0.0076 0.0067 0.0067 0.0044 0.0087 0.0047 0.0085 
   H169688.1  1 0.0123 0.0070 0.0137 0.0099 0.0058 0.0079 0.8134 0.0239 0.0078 0.0059 0.0052 0.0088 0.0035 0.0144 0.0123 0.0080 0.0133 0.0046 0.0063 0.0064 0.0062 0.0034 
   H169688.2  1 0.0052 0.0043 0.0040 0.0059 0.0035 0.0041 0.8973 0.0023 0.0090 0.0026 0.0062 0.0053 0.0033 0.0085 0.0041 0.0061 0.0034 0.0029 0.0062 0.0033 0.0091 0.0033 
   H169688.3  1 0.0037 0.0024 0.0032 0.0030 0.0031 0.0042 0.9297 0.0030 0.0036 0.0034 0.0029 0.0040 0.0034 0.0031 0.0021 0.0025 0.0028 0.0029 0.0037 0.0029 0.0056 0.0047 
   H169688.4  1 0.0033 0.0019 0.0034 0.0026 0.0028 0.0025 0.9370 0.0029 0.0024 0.0043 0.0036 0.0021 0.0023 0.0025 0.0023 0.0028 0.0039 0.0049 0.0027 0.0034 0.0039 0.0025 
   H169688.5  1 0.0033 0.0020 0.0034 0.0027 0.0023 0.0028 0.9367 0.0024 0.0023 0.0050 0.0033 0.0020 0.0028 0.0023 0.0020 0.0041 0.0028 0.0049 0.0026 0.0030 0.0041 0.0031 
   H169688.6  1 0.0066 0.0040 0.0068 0.0063 0.0055 0.0033 0.8890 0.0033 0.0025 0.0028 0.0030 0.0036 0.0025 0.0042 0.0046 0.0074 0.0029 0.0022 0.0315 0.0031 0.0029 0.0023 
   H169688.7  1 0.0081 0.0107 0.0072 0.0058 0.0042 0.0052 0.8569 0.0096 0.0064 0.0052 0.0062 0.0035 0.0035 0.0062 0.0019 0.0072 0.0033 0.0128 0.0034 0.0167 0.0110 0.0052 
   H171901.1  1 0.2049 0.0027 0.1358 0.1417 0.0054 0.0046 0.0088 0.0056 0.0057 0.0127 0.0213 0.0345 0.0097 0.0669 0.0024 0.2343 0.0432 0.0259 0.0047 0.0130 0.0063 0.0099 
   H171901.2  1 0.0255 0.0099 0.0289 0.0225 0.6644 0.0242 0.0052 0.0093 0.0155 0.0216 0.0568 0.0162 0.0065 0.0121 0.0038 0.0153 0.0233 0.0152 0.0034 0.0065 0.0051 0.0088 
   H171901.3  1 0.0592 0.0038 0.0456 0.0424 0.5607 0.0123 0.0170 0.0053 0.0252 0.0175 0.0246 0.0108 0.0059 0.0214 0.0072 0.0512 0.0277 0.0335 0.0050 0.0035 0.0079 0.0121 
   H171901.4  1 0.0169 0.0073 0.0117 0.0225 0.6930 0.0160 0.0049 0.0055 0.0484 0.0121 0.0151 0.0209 0.0048 0.0053 0.0046 0.0172 0.0335 0.0317 0.0051 0.0051 0.0078 0.0105 
   H171901.5  1 0.0514 0.0063 0.0536 0.0599 0.3983 0.0206 0.0064 0.0132 0.1074 0.0104 0.0600 0.0065 0.0052 0.0118 0.0041 0.0444 0.0198 0.0486 0.0107 0.0051 0.0094 0.0469 
   H171901.6  1 0.0665 0.0046 0.1046 0.0438 0.2471 0.0101 0.0113 0.0149 0.1831 0.0249 0.0608 0.0073 0.0042 0.0226 0.0048 0.0776 0.0113 0.0316 0.0117 0.0056 0.0105 0.0410 
   H171901.7  1 0.0516 0.0055 0.0637 0.0567 0.2397 0.0045 0.0321 0.0067 0.0295 0.0111 0.1803 0.0048 0.0044 0.1996 0.0080 0.0377 0.0104 0.0169 0.0081 0.0050 0.0072 0.0164 
   H171902.1  1 0.0037 0.0043 0.0038 0.0035 0.0039 0.0023 0.0029 0.9220 0.0083 0.0040 0.0031 0.0025 0.0024 0.0035 0.0031 0.0037 0.0041 0.0029 0.0035 0.0036 0.0027 0.0064 
  H171902.10  1 0.0036 0.0029 0.0039 0.0033 0.0037 0.0028 0.0052 0.9296 0.0021 0.0031 0.0051 0.0021 0.0026 0.0032 0.0020 0.0035 0.0035 0.0053 0.0034 0.0031 0.0020 0.0040 
   H171902.2  1 0.0037 0.0055 0.0050 0.0059 0.0086 0.0027 0.0050 0.8972 0.0138 0.0037 0.0026 0.0037 0.0024 0.0038 0.0020 0.0049 0.0056 0.0035 0.0062 0.0034 0.0043 0.0064 
   H171902.3  1 0.0048 0.0060 0.0047 0.0047 0.0132 0.0028 0.0039 0.8999 0.0078 0.0044 0.0033 0.0028 0.0028 0.0038 0.0030 0.0050 0.0055 0.0038 0.0041 0.0031 0.0036 0.0069 
   H171902.4  1 0.0037 0.0029 0.0028 0.0031 0.0113 0.0037 0.0030 0.9243 0.0026 0.0026 0.0035 0.0023 0.0030 0.0042 0.0025 0.0045 0.0025 0.0031 0.0026 0.0031 0.0029 0.0057 
   H171902.6  1 0.0030 0.0038 0.0024 0.0030 0.0030 0.0031 0.0020 0.9396 0.0022 0.0037 0.0037 0.0025 0.0023 0.0034 0.0023 0.0030 0.0029 0.0023 0.0032 0.0028 0.0027 0.0030 
   H171902.7  1 0.0059 0.0046 0.0066 0.0074 0.0070 0.0045 0.0036 0.8616 0.0028 0.0039 0.0058 0.0029 0.0034 0.0110 0.0025 0.0107 0.0297 0.0082 0.0037 0.0050 0.0037 0.0055 
   H171902.8  1 0.0051 0.0029 0.0058 0.0040 0.0060 0.0042 0.0029 0.9198 0.0040 0.0036 0.0035 0.0029 0.0023 0.0043 0.0027 0.0040 0.0050 0.0035 0.0035 0.0030 0.0026 0.0046 
   H171902.9  1 0.0033 0.0032 0.0038 0.0028 0.0029 0.0033 0.0026 0.9281 0.0035 0.0074 0.0035 0.0032 0.0025 0.0039 0.0030 0.0031 0.0044 0.0028 0.0025 0.0037 0.0030 0.0035 
   H171903.1  1 0.0102 0.0040 0.0059 0.0085 0.0038 0.0031 0.0082 0.0036 0.0039 0.0169 0.0111 0.0043 0.0044 0.0062 0.0058 0.0083 0.8548 0.0207 0.0026 0.0028 0.0040 0.0066 
   H171903.2  1 0.0214 0.0052 0.0284 0.0252 0.0029 0.0058 0.0068 0.0037 0.0069 0.0203 0.0347 0.0086 0.0094 0.0117 0.0096 0.0137 0.7309 0.0126 0.0047 0.0085 0.0123 0.0168 
   H171903.3  1 0.0501 0.0050 0.0456 0.0636 0.0066 0.0205 0.0101 0.0043 0.0030 0.0122 0.0234 0.0248 0.0079 0.0862 0.0220 0.0629 0.4472 0.0122 0.0047 0.0037 0.0250 0.0587 
   H171903.4  1 0.0242 0.0025 0.0336 0.0242 0.0045 0.0086 0.0804 0.0288 0.0059 0.0088 0.0181 0.0044 0.0046 0.0381 0.0040 0.0187 0.6398 0.0216 0.0034 0.0067 0.0048 0.0142 
   H171903.5  1 0.0569 0.0043 0.0275 0.0621 0.0176 0.0051 0.0600 0.0051 0.0038 0.0199 0.0195 0.0090 0.0089 0.0118 0.0055 0.0966 0.4997 0.0172 0.0048 0.0052 0.0141 0.0454 
   H171903.6  1 0.0078 0.0023 0.0116 0.0158 0.0125 0.0029 0.1703 0.0051 0.0026 0.0089 0.0280 0.0025 0.0034 0.0070 0.0065 0.0088 0.6705 0.0137 0.0052 0.0041 0.0041 0.0066 
      H177.1  1 0.0112 0.0040 0.0056 0.0158 0.0055 0.0101 0.0061 0.0038 0.0028 0.0066 0.8499 0.0042 0.0035 0.0292 0.0046 0.0100 0.0053 0.0056 0.0065 0.0026 0.0037 0.0032 
      H177.2  1 0.0312 0.0242 0.0407 0.0202 0.0125 0.0187 0.0056 0.0046 0.0045 0.0047 0.6140 0.0034 0.0090 0.0043 0.0035 0.0495 0.0198 0.0165 0.0246 0.0695 0.0106 0.0080 
      H177.3  1 0.0125 0.0041 0.0171 0.0081 0.0085 0.0056 0.0034 0.0048 0.0024 0.0038 0.8549 0.0019 0.0040 0.0059 0.0054 0.0160 0.0083 0.0050 0.0058 0.0137 0.0031 0.0058 
      H177.4  1 0.0075 0.0066 0.0093 0.0079 0.0047 0.0045 0.0026 0.0049 0.0073 0.0028 0.7573 0.0037 0.0103 0.0439 0.0168 0.0084 0.0082 0.0029 0.0687 0.0070 0.0051 0.0095 
      H177.5  1 0.0224 0.0121 0.0194 0.0156 0.0036 0.0128 0.0106 0.0037 0.0117 0.0073 0.7468 0.0041 0.0139 0.0465 0.0043 0.0126 0.0041 0.0111 0.0114 0.0072 0.0096 0.0092 
      H177.6  1 0.0121 0.0037 0.0079 0.0125 0.0152 0.0073 0.0034 0.0058 0.0032 0.0033 0.8688 0.0021 0.0044 0.0064 0.0034 0.0054 0.0041 0.0047 0.0055 0.0084 0.0034 0.0091 
      H179.1  1 0.0064 0.0066 0.0075 0.0098 0.0037 0.0047 0.0187 0.0041 0.0108 0.0087 0.0095 0.0068 0.0076 0.0132 0.0023 0.0083 0.0069 0.0059 0.8058 0.0022 0.0446 0.0061 
      H179.2  1 0.0115 0.0033 0.0114 0.0174 0.0039 0.0103 0.0165 0.0075 0.0057 0.0053 0.0086 0.0059 0.0044 0.0055 0.0148 0.0140 0.0067 0.0111 0.7590 0.0026 0.0436 0.0309 
      H179.3  1 0.0166 0.0033 0.0199 0.0135 0.0036 0.0049 0.1124 0.0047 0.0165 0.0154 0.0238 0.0059 0.0085 0.0144 0.0054 0.0162 0.0174 0.0141 0.6636 0.0031 0.0094 0.0074 
      H179.4  1 0.0374 0.0090 0.0394 0.0435 0.0111 0.0355 0.0204 0.0043 0.0546 0.0049 0.0143 0.0070 0.0046 0.0253 0.0576 0.0446 0.0116 0.0055 0.5392 0.0045 0.0118 0.0139 
      H180.1  1 0.0068 0.0029 0.0090 0.0075 0.0025 0.0028 0.0040 0.0077 0.0029 0.0042 0.0078 0.0041 0.0034 0.0021 0.0030 0.0057 0.0050 0.8855 0.0193 0.0020 0.0045 0.0072 
      H180.2  1 0.0050 0.0045 0.0043 0.0047 0.0024 0.0025 0.0036 0.0026 0.0036 0.0040 0.0075 0.0049 0.0024 0.0030 0.0026 0.0053 0.0029 0.9173 0.0043 0.0028 0.0064 0.0036 
      H180.3  1 0.0058 0.0064 0.0063 0.0070 0.0050 0.0021 0.0045 0.0035 0.0042 0.0116 0.0052 0.0033 0.0030 0.0042 0.0040 0.0064 0.0063 0.8817 0.0036 0.0066 0.0097 0.0098 
      H180.4  1 0.0079 0.0047 0.0075 0.0074 0.0056 0.0034 0.0027 0.0055 0.0047 0.0031 0.0052 0.0062 0.0030 0.0040 0.0031 0.0081 0.0045 0.8936 0.0091 0.0032 0.0035 0.0039 
      H180.5  1 0.0064 0.0073 0.0081 0.0065 0.0037 0.0031 0.0032 0.0041 0.0049 0.0026 0.0137 0.0028 0.0034 0.0051 0.0036 0.0056 0.0027 0.8943 0.0086 0.0039 0.0025 0.0037 
      H180.6  1 0.0133 0.0266 0.0095 0.0098 0.0121 0.0023 0.0028 0.0064 0.0068 0.0060 0.0040 0.0051 0.0034 0.0055 0.0039 0.0143 0.0056 0.8226 0.0077 0.0213 0.0051 0.0059 
      H181.1  1 0.1240 0.0211 0.2738 0.1579 0.0395 0.0048 0.0131 0.0106 0.0033 0.0054 0.0466 0.0098 0.0049 0.0052 0.0048 0.1921 0.0131 0.0154 0.0347 0.0063 0.0062 0.0075 
      H181.2  1 0.1511 0.0314 0.2190 0.1245 0.0089 0.0092 0.0045 0.0204 0.0167 0.0060 0.0629 0.0118 0.0062 0.0058 0.0043 0.1279 0.0058 0.0164 0.1322 0.0163 0.0069 0.0117 
      H181.3  1 0.1878 0.0311 0.3173 0.1314 0.0261 0.0081 0.0068 0.0201 0.0087 0.0051 0.0337 0.0104 0.0067 0.0060 0.0041 0.1034 0.0042 0.0107 0.0597 0.0076 0.0038 0.0071 
      H181.4  1 0.1692 0.0898 0.2106 0.1428 0.0345 0.0084 0.0118 0.0066 0.0131 0.0319 0.0462 0.0077 0.0083 0.0058 0.0067 0.1260 0.0132 0.0320 0.0097 0.0094 0.0111 0.0053 
      H181.5  1 0.1068 0.0103 0.2586 0.0720 0.0071 0.0054 0.0101 0.0090 0.0043 0.0043 0.0157 0.0239 0.0051 0.0199 0.0068 0.0866 0.0039 0.0037 0.3250 0.0028 0.0081 0.0106 
      H181.6  1 0.0403 0.0100 0.1427 0.0764 0.0076 0.0042 0.0048 0.0055 0.0270 0.0089 0.0198 0.0142 0.0078 0.0096 0.0053 0.1002 0.0075 0.0335 0.4343 0.0027 0.0112 0.0265 
      H181.7  1 0.1170 0.0087 0.2220 0.1117 0.0095 0.0039 0.0114 0.0054 0.0061 0.0062 0.0075 0.0140 0.0060 0.0082 0.0075 0.1747 0.0093 0.0071 0.2451 0.0036 0.0094 0.0059 
 H194.1_2004  1 0.0045 0.0033 0.0039 0.0057 0.0046 0.0028 0.0043 0.0039 0.0051 0.0048 0.0045 0.0021 0.0034 0.9116 0.0036 0.0048 0.0047 0.0042 0.0023 0.0038 0.0045 0.0074 
 H194.2_2004  1 0.0043 0.0031 0.0044 0.0045 0.0031 0.0032 0.0020 0.0032 0.0033 0.0039 0.0027 0.0033 0.0027 0.9289 0.0020 0.0049 0.0058 0.0030 0.0019 0.0041 0.0026 0.0033 
 H194.3_2004  1 0.0082 0.0048 0.0132 0.0106 0.0225 0.0076 0.0055 0.0048 0.0059 0.0029 0.0106 0.0033 0.0036 0.8001 0.0048 0.0075 0.0048 0.0038 0.0109 0.0088 0.0468 0.0089 
 H194.4_2004  1 0.0057 0.0038 0.0058 0.0061 0.0068 0.0038 0.0031 0.0058 0.0048 0.0039 0.0076 0.0031 0.0022 0.9055 0.0031 0.0045 0.0040 0.0026 0.0029 0.0076 0.0025 0.0048 
 H194.5_2004  1 0.0084 0.0066 0.0047 0.0054 0.0127 0.0087 0.0049 0.0063 0.0130 0.0040 0.0057 0.0031 0.0042 0.8487 0.0061 0.0065 0.0089 0.0033 0.0042 0.0057 0.0196 0.0093 
 H194.6_2004  1 0.0142 0.0062 0.0148 0.0190 0.0136 0.0062 0.0063 0.0090 0.0120 0.0074 0.0764 0.0043 0.0034 0.7140 0.0150 0.0124 0.0057 0.0032 0.0058 0.0057 0.0322 0.0135 
 H194.7_2004  1 0.0039 0.0041 0.0042 0.0033 0.0030 0.0022 0.0048 0.0021 0.0026 0.0033 0.0056 0.0029 0.0033 0.9307 0.0025 0.0033 0.0034 0.0030 0.0022 0.0030 0.0037 0.0026 
 H194.8_2004  1 0.0053 0.0045 0.0043 0.0058 0.0062 0.0060 0.0028 0.0047 0.0107 0.0053 0.0075 0.0046 0.0026 0.8958 0.0056 0.0043 0.0048 0.0030 0.0026 0.0048 0.0047 0.0042 
      H194.9  1 0.0039 0.0050 0.0038 0.0036 0.0037 0.0027 0.0028 0.0037 0.0067 0.0060 0.0046 0.0036 0.0022 0.9188 0.0026 0.0041 0.0054 0.0024 0.0020 0.0047 0.0032 0.0045 
 H195.1_2003  1 0.0025 0.0022 0.0026 0.0023 0.0029 0.0026 0.0022 0.0024 0.9456 0.0022 0.0025 0.0026 0.0022 0.0034 0.0025 0.0027 0.0027 0.0027 0.0025 0.0023 0.0028 0.0035 
 H195.1_2004  1 0.0047 0.0033 0.0048 0.0052 0.0068 0.0106 0.0037 0.0038 0.0070 0.0028 0.0077 0.0027 0.0036 0.0028 0.0027 0.0037 0.0031 0.0036 0.0025 0.9078 0.0022 0.0049 
 H195.2_2003  1 0.0064 0.0099 0.0059 0.0112 0.0031 0.0073 0.0515 0.0085 0.8218 0.0087 0.0032 0.0048 0.0049 0.0060 0.0043 0.0078 0.0098 0.0034 0.0024 0.0108 0.0031 0.0052 
 H195.2_2004  1 0.0052 0.0070 0.0075 0.0053 0.0089 0.0046 0.0094 0.0032 0.0849 0.0034 0.0051 0.0027 0.0033 0.0066 0.0027 0.0059 0.0034 0.0052 0.0034 0.8157 0.0030 0.0036 
 H195.3_2003  1 0.0126 0.0079 0.0084 0.0078 0.0021 0.0061 0.0231 0.0034 0.8118 0.0416 0.0070 0.0069 0.0060 0.0079 0.0039 0.0086 0.0114 0.0060 0.0029 0.0042 0.0077 0.0028 
 H195.3_2004  1 0.0081 0.0046 0.0069 0.0058 0.0174 0.0071 0.0038 0.0064 0.1491 0.0025 0.0083 0.0036 0.0032 0.0073 0.0037 0.0057 0.0039 0.0034 0.0036 0.7322 0.0039 0.0095 
 H195.4_2003  1 0.0051 0.0025 0.0046 0.0054 0.0096 0.0031 0.0028 0.0029 0.8568 0.0023 0.0068 0.0024 0.0049 0.0081 0.0040 0.0050 0.0028 0.0027 0.0045 0.0500 0.0023 0.0116 
 H195.4_2004  1 0.0045 0.0045 0.0053 0.0051 0.0053 0.0035 0.0107 0.0034 0.0220 0.0026 0.0054 0.0027 0.0028 0.0060 0.0052 0.0057 0.0041 0.0025 0.0038 0.8880 0.0034 0.0034 
 H195.5_2003  1 0.0039 0.0029 0.0055 0.0046 0.0055 0.0147 0.0022 0.0030 0.9039 0.0048 0.0026 0.0053 0.0054 0.0035 0.0048 0.0053 0.0022 0.0065 0.0025 0.0045 0.0028 0.0038 
 H195.5_2004  1 0.0048 0.0027 0.0048 0.0047 0.0041 0.0052 0.0031 0.0029 0.0122 0.0032 0.0064 0.0076 0.0032 0.0038 0.0045 0.0049 0.0023 0.0034 0.0031 0.9070 0.0032 0.0031 
 H195.6_2003  1 0.0072 0.0033 0.0070 0.0075 0.0028 0.0081 0.0185 0.0088 0.7984 0.0110 0.0057 0.0028 0.0104 0.0035 0.0054 0.0057 0.0103 0.0039 0.0032 0.0707 0.0025 0.0034 
 H195.6_2004  1 0.0037 0.0039 0.0053 0.0045 0.0030 0.0051 0.0033 0.0033 0.0761 0.0021 0.0049 0.0048 0.0029 0.0060 0.0043 0.0047 0.0045 0.0023 0.0035 0.8444 0.0038 0.0037 
 H195.7_2003  1 0.0074 0.0040 0.0064 0.0067 0.0034 0.0033 0.0569 0.0029 0.8422 0.0026 0.0031 0.0036 0.0051 0.0045 0.0041 0.0060 0.0042 0.0027 0.0029 0.0207 0.0032 0.0041 
 H195.7_2004  1 0.0043 0.0036 0.0045 0.0044 0.0025 0.0050 0.0076 0.0028 0.0071 0.0059 0.0032 0.0028 0.0032 0.0024 0.0025 0.0045 0.0027 0.0068 0.0022 0.9172 0.0020 0.0028 
      H195.8  1 0.0031 0.0024 0.0032 0.0037 0.0027 0.0041 0.0034 0.0025 0.0040 0.0029 0.0047 0.0031 0.0028 0.0036 0.0041 0.0039 0.0030 0.0031 0.0027 0.9321 0.0023 0.0025 
      H195.9  1 0.0062 0.0053 0.0069 0.0057 0.0069 0.0094 0.0043 0.0057 0.0547 0.0028 0.0264 0.0022 0.0030 0.0095 0.0078 0.0053 0.0057 0.0035 0.0035 0.8156 0.0048 0.0051 
      H415.1  1 0.0081 0.0029 0.0054 0.0073 0.0069 0.0072 0.0079 0.0049 0.0042 0.0148 0.0041 0.0046 0.0043 0.0080 0.0017 0.0072 0.0035 0.0094 0.0050 0.0038 0.0060 0.8728 
      H415.2  1 0.0150 0.0082 0.0299 0.0332 0.0038 0.0114 0.0126 0.0766 0.0034 0.0110 0.0295 0.0032 0.0247 0.0188 0.0029 0.0427 0.0151 0.0094 0.0115 0.0046 0.0157 0.6168 
      H415.3  1 0.0046 0.0055 0.0044 0.0042 0.0074 0.0039 0.0041 0.0032 0.0045 0.0034 0.0049 0.0031 0.0065 0.0028 0.0023 0.0052 0.0024 0.0046 0.0169 0.0026 0.0033 0.9003 
      H415.4  1 0.0046 0.0025 0.0046 0.0044 0.0046 0.0048 0.0026 0.0040 0.0052 0.0043 0.0028 0.0029 0.0030 0.0047 0.0021 0.0048 0.0023 0.0060 0.0028 0.0030 0.0056 0.9183 
      H415.5  1 0.0038 0.0022 0.0032 0.0037 0.0062 0.0031 0.0028 0.0042 0.0036 0.0027 0.0035 0.0025 0.0028 0.0032 0.0027 0.0039 0.0028 0.0040 0.0031 0.0035 0.0041 0.9286 
      H415.6  1 0.0036 0.0023 0.0039 0.0046 0.0035 0.0039 0.0027 0.0037 0.0058 0.0043 0.0029 0.0021 0.0028 0.0043 0.0020 0.0036 0.0034 0.0044 0.0024 0.0037 0.0053 0.9246 
      H415.7  1 0.0223 0.0079 0.0161 0.0109 0.0087 0.0113 0.0108 0.0372 0.0056 0.0061 0.0130 0.0034 0.0103 0.0072 0.0042 0.0115 0.0239 0.0054 0.0162 0.0058 0.0038 0.7586 
      H506.1  1 0.0032 0.0035 0.0028 0.0029 0.0037 0.0026 0.0021 0.0022 0.0030 0.0017 0.0029 0.0026 0.0038 0.0022 0.0035 0.0029 0.0024 0.0020 0.9399 0.0034 0.0043 0.0022 
      H506.2  1 0.0039 0.0032 0.0031 0.0034 0.0038 0.0033 0.0022 0.0032 0.0041 0.0020 0.0083 0.0026 0.0030 0.0035 0.0028 0.0037 0.0025 0.0023 0.9244 0.0074 0.0042 0.0032 
      H506.3  1 0.0078 0.0048 0.0087 0.0099 0.0041 0.0056 0.0117 0.0040 0.0045 0.0035 0.0197 0.0030 0.0064 0.0032 0.0037 0.0092 0.0045 0.0073 0.8532 0.0065 0.0146 0.0041 
      H506.4  1 0.0064 0.0041 0.0061 0.0058 0.0054 0.0031 0.0031 0.0050 0.0037 0.0047 0.0101 0.0028 0.0045 0.0034 0.0106 0.0066 0.0058 0.0052 0.8909 0.0026 0.0045 0.0054 
      H506.5  1 0.0038 0.0029 0.0049 0.0039 0.0068 0.0049 0.0020 0.0040 0.0084 0.0027 0.0060 0.0027 0.0037 0.0035 0.0064 0.0040 0.0043 0.0026 0.9087 0.0041 0.0038 0.0058 
      H506.6  1 0.0139 0.0032 0.0106 0.0160 0.0033 0.0179 0.0064 0.0046 0.0122 0.0052 0.0983 0.0029 0.0087 0.0056 0.0065 0.0151 0.0205 0.0043 0.7115 0.0200 0.0035 0.0097 
      H506.7  1 0.0037 0.0037 0.0045 0.0042 0.0044 0.0031 0.0023 0.0027 0.0054 0.0018 0.0065 0.0029 0.0031 0.0026 0.0037 0.0044 0.0023 0.0022 0.9250 0.0049 0.0038 0.0029 
      H533.1  1 0.0039 0.0031 0.0053 0.0033 0.0062 0.0022 0.0022 0.0018 0.0022 0.0020 0.0037 0.0054 0.0024 0.0022 0.0038 0.0044 0.0028 0.0044 0.9270 0.0028 0.0055 0.0032 
      H533.2  1 0.0041 0.0027 0.0055 0.0038 0.0086 0.0025 0.0021 0.0027 0.0025 0.0019 0.0044 0.0051 0.0023 0.0027 0.0038 0.0039 0.0026 0.0040 0.9223 0.0035 0.0056 0.0035 
      H533.3  1 0.0041 0.0042 0.0049 0.0041 0.0081 0.0019 0.0031 0.0023 0.0021 0.0023 0.0027 0.0027 0.0027 0.0033 0.0033 0.0046 0.0073 0.0031 0.9217 0.0039 0.0048 0.0028 
      H533.4  1 0.0084 0.0049 0.0089 0.0117 0.0104 0.0032 0.0033 0.0035 0.0112 0.0040 0.0066 0.0052 0.0026 0.0129 0.0094 0.0083 0.0167 0.0042 0.8346 0.0201 0.0027 0.0075 
      H535.1  1 0.0029 0.0030 0.0044 0.0032 0.0028 0.0025 0.0022 0.0052 0.0038 0.0039 0.0051 0.0025 0.0022 0.0036 0.9290 0.0034 0.0042 0.0033 0.0032 0.0024 0.0034 0.0036 
      H535.2  1 0.0031 0.0028 0.0031 0.0032 0.0027 0.0030 0.0021 0.0023 0.0025 0.0021 0.0056 0.0032 0.0034 0.0029 0.9347 0.0036 0.0031 0.0020 0.0038 0.0041 0.0039 0.0025 
      H535.3  1 0.0029 0.0028 0.0030 0.0031 0.0021 0.0032 0.0022 0.0023 0.0025 0.0020 0.0035 0.0034 0.0028 0.0021 0.9408 0.0029 0.0029 0.0025 0.0030 0.0039 0.0039 0.0021 
      H535.4  1 0.0028 0.0025 0.0025 0.0026 0.0048 0.0031 0.0021 0.0021 0.0042 0.0021 0.0024 0.0026 0.0029 0.0030 0.9407 0.0023 0.0027 0.0023 0.0029 0.0036 0.0033 0.0026 
      H535.5  1 0.0030 0.0027 0.0031 0.0028 0.0036 0.0024 0.0019 0.0025 0.0042 0.0026 0.0029 0.0024 0.0023 0.0038 0.9394 0.0025 0.0035 0.0020 0.0032 0.0027 0.0031 0.0033 
      H535.6  1 0.0047 0.0033 0.0049 0.0042 0.0023 0.0029 0.0021 0.0069 0.0067 0.0079 0.0042 0.0027 0.0025 0.0039 0.9129 0.0040 0.0066 0.0042 0.0026 0.0034 0.0039 0.0030 
      H535.7  1 0.0024 0.0024 0.0023 0.0024 0.0031 0.0020 0.0020 0.0017 0.0027 0.0023 0.0026 0.0021 0.0017 0.0023 0.9509 0.0025 0.0024 0.0020 0.0023 0.0023 0.0033 0.0024 
      H535.8  1 0.0033 0.0034 0.0027 0.0033 0.0025 0.0039 0.0020 0.0024 0.0064 0.0027 0.0020 0.0020 0.0025 0.0037 0.9369 0.0027 0.0035 0.0022 0.0025 0.0026 0.0037 0.0031 
      H535.9  1 0.0032 0.0025 0.0031 0.0025 0.0024 0.0029 0.0020 0.0038 0.0031 0.0033 0.0041 0.0025 0.0020 0.0024 0.9380 0.0034 0.0038 0.0036 0.0030 0.0029 0.0028 0.0027 
      H539.1  1 0.0032 0.0035 0.0025 0.0032 0.0021 0.0023 0.0018 0.0061 0.0022 0.9385 0.0033 0.0024 0.0020 0.0029 0.0023 0.0035 0.0034 0.0057 0.0019 0.0023 0.0017 0.0033 
      H539.2  1 0.0835 0.0099 0.0329 0.0492 0.0041 0.0212 0.0250 0.0039 0.0057 0.3888 0.0309 0.0071 0.0053 0.0172 0.0082 0.0481 0.0677 0.1702 0.0057 0.0047 0.0068 0.0038 
      H539.3  1 0.0093 0.0044 0.0086 0.0088 0.0031 0.0061 0.0083 0.0046 0.0151 0.8274 0.0072 0.0055 0.0028 0.0243 0.0125 0.0111 0.0126 0.0110 0.0037 0.0060 0.0037 0.0037 
      H539.4  1 0.0065 0.0028 0.0057 0.0098 0.0037 0.0067 0.0061 0.0042 0.0031 0.8423 0.0076 0.0050 0.0057 0.0031 0.0032 0.0085 0.0051 0.0521 0.0037 0.0040 0.0055 0.0056 
      H539.5  1 0.0039 0.0047 0.0033 0.0033 0.0024 0.0023 0.0033 0.0043 0.0021 0.9301 0.0044 0.0025 0.0024 0.0034 0.0030 0.0036 0.0052 0.0058 0.0024 0.0025 0.0030 0.0021 
      H539.6  1 0.0034 0.0040 0.0039 0.0035 0.0024 0.0029 0.0032 0.0062 0.0041 0.9196 0.0034 0.0030 0.0029 0.0038 0.0025 0.0033 0.0072 0.0101 0.0025 0.0028 0.0025 0.0027 
      H539.7  1 0.0031 0.0024 0.0036 0.0046 0.0028 0.0029 0.0045 0.0041 0.0030 0.9239 0.0038 0.0035 0.0032 0.0036 0.0027 0.0052 0.0048 0.0064 0.0027 0.0023 0.0027 0.0042 
      H539.8  1 0.0140 0.0045 0.0125 0.0129 0.0044 0.0087 0.0098 0.0028 0.0115 0.7663 0.0054 0.0124 0.0055 0.0160 0.0269 0.0125 0.0079 0.0470 0.0031 0.0033 0.0090 0.0036 
      H539.9  1 0.0043 0.0023 0.0038 0.0039 0.0019 0.0040 0.0063 0.0024 0.0023 0.9188 0.0045 0.0041 0.0038 0.0027 0.0025 0.0041 0.0046 0.0103 0.0034 0.0032 0.0047 0.0022 
      H540.1  1 0.0155 0.0062 0.0079 0.0091 0.0034 0.0030 0.0038 0.0048 0.0046 0.7973 0.0081 0.0027 0.0060 0.0051 0.0045 0.0086 0.0835 0.0047 0.0040 0.0085 0.0043 0.0043 
      H540.2  1 0.0074 0.0052 0.0051 0.0067 0.0040 0.0037 0.0053 0.0036 0.0025 0.8966 0.0043 0.0031 0.0043 0.0069 0.0020 0.0069 0.0098 0.0044 0.0038 0.0033 0.0046 0.0066 
      H540.3  1 0.0384 0.0050 0.0384 0.0540 0.0137 0.0359 0.0089 0.0066 0.0035 0.6380 0.0141 0.0080 0.0058 0.0348 0.0054 0.0243 0.0074 0.0125 0.0050 0.0117 0.0053 0.0232 
      H540.4  1 0.0128 0.0042 0.0123 0.0096 0.0039 0.0044 0.0140 0.0065 0.0033 0.8113 0.0123 0.0045 0.0098 0.0036 0.0063 0.0141 0.0146 0.0259 0.0083 0.0052 0.0047 0.0084 
      H540.5  1 0.0061 0.0068 0.0101 0.0084 0.0048 0.0060 0.0122 0.0062 0.0020 0.8734 0.0095 0.0034 0.0042 0.0096 0.0030 0.0072 0.0056 0.0032 0.0025 0.0036 0.0069 0.0054 
      H540.6  1 0.0112 0.0116 0.0164 0.0191 0.0049 0.0098 0.0112 0.0059 0.0028 0.7756 0.0191 0.0060 0.0089 0.0055 0.0056 0.0178 0.0345 0.0064 0.0056 0.0102 0.0050 0.0070 
      H540.7  1 0.0104 0.0241 0.0142 0.0091 0.0133 0.0056 0.0062 0.0063 0.0055 0.8056 0.0115 0.0042 0.0066 0.0113 0.0030 0.0147 0.0101 0.0091 0.0076 0.0038 0.0054 0.0123 
      H540.8  1 0.0091 0.0060 0.0125 0.0085 0.0076 0.0030 0.0056 0.0120 0.0035 0.7514 0.0104 0.0029 0.0037 0.0589 0.0052 0.0098 0.0402 0.0058 0.0038 0.0040 0.0061 0.0298 
     H9558.1  1 0.0051 0.0023 0.0041 0.0050 0.0020 0.0027 0.0043 0.0070 0.0048 0.9150 0.0025 0.0044 0.0021 0.0040 0.0074 0.0041 0.0046 0.0031 0.0061 0.0022 0.0031 0.0040 
     H9558.2  1 0.0134 0.0108 0.0141 0.0145 0.0042 0.0070 0.0064 0.0070 0.0116 0.8288 0.0039 0.0101 0.0053 0.0091 0.0087 0.0094 0.0053 0.0031 0.0108 0.0026 0.0059 0.0082 
     H9558.3  1 0.0057 0.0162 0.0062 0.0078 0.0026 0.0066 0.0040 0.0025 0.0043 0.8538 0.0026 0.0374 0.0066 0.0067 0.0055 0.0061 0.0042 0.0054 0.0033 0.0023 0.0058 0.0042 
     H9558.4  1 0.0044 0.0026 0.0036 0.0058 0.0020 0.0031 0.0057 0.0035 0.0029 0.9216 0.0042 0.0046 0.0020 0.0044 0.0062 0.0038 0.0047 0.0027 0.0042 0.0020 0.0022 0.0038 
     H9558.5  1 0.0045 0.0031 0.0043 0.0040 0.0033 0.0045 0.0082 0.0025 0.0025 0.9091 0.0037 0.0060 0.0048 0.0023 0.0086 0.0046 0.0025 0.0091 0.0030 0.0016 0.0043 0.0036 
     H9558.6  1 0.0152 0.0063 0.0129 0.0102 0.0022 0.0042 0.0028 0.0040 0.0043 0.8712 0.0044 0.0092 0.0042 0.0051 0.0041 0.0125 0.0033 0.0041 0.0036 0.0027 0.0058 0.0078 
    kos339.1  1 0.0107 0.0331 0.0106 0.0090 0.8221 0.0054 0.0032 0.0070 0.0025 0.0047 0.0063 0.0042 0.0121 0.0034 0.0043 0.0069 0.0073 0.0041 0.0258 0.0025 0.0051 0.0096 
    kos339.2  1 0.0064 0.0089 0.0040 0.0065 0.8854 0.0070 0.0045 0.0046 0.0039 0.0029 0.0045 0.0031 0.0094 0.0033 0.0042 0.0057 0.0031 0.0054 0.0098 0.0059 0.0044 0.0072 
    kos339.3  1 0.0037 0.0032 0.0027 0.0035 0.9287 0.0023 0.0028 0.0030 0.0043 0.0039 0.0034 0.0023 0.0022 0.0040 0.0050 0.0031 0.0052 0.0046 0.0035 0.0026 0.0028 0.0033 
    kos339.4  1 0.0032 0.0032 0.0044 0.0043 0.9190 0.0028 0.0033 0.0039 0.0046 0.0033 0.0037 0.0031 0.0031 0.0040 0.0044 0.0041 0.0050 0.0043 0.0051 0.0031 0.0025 0.0057 
    kos339.5  1 0.0050 0.0529 0.0049 0.0051 0.8540 0.0031 0.0033 0.0066 0.0025 0.0031 0.0065 0.0042 0.0074 0.0039 0.0028 0.0042 0.0031 0.0035 0.0127 0.0029 0.0041 0.0041 
    kos339.6  1 0.0057 0.0141 0.0041 0.0037 0.9055 0.0040 0.0026 0.0030 0.0022 0.0029 0.0052 0.0033 0.0052 0.0055 0.0026 0.0049 0.0034 0.0022 0.0061 0.0049 0.0028 0.0059 
    kos339.7  1 0.0034 0.0023 0.0033 0.0033 0.9222 0.0025 0.0026 0.0031 0.0040 0.0031 0.0037 0.0020 0.0020 0.0027 0.0118 0.0047 0.0034 0.0037 0.0047 0.0039 0.0028 0.0049 
    kos339.8  1 0.0049 0.0061 0.0058 0.0039 0.8991 0.0045 0.0036 0.0038 0.0049 0.0023 0.0057 0.0023 0.0059 0.0028 0.0028 0.0051 0.0025 0.0038 0.0141 0.0031 0.0034 0.0096 
    kos339.9  1 0.0150 0.0276 0.0095 0.0128 0.7626 0.0109 0.0046 0.0376 0.0065 0.0132 0.0139 0.0038 0.0070 0.0063 0.0046 0.0131 0.0069 0.0100 0.0092 0.0071 0.0071 0.0105 
      H409.1 12 0.0035 0.0040 0.0039 0.0036 0.0051 0.0037 0.0034 0.0025 0.0026 0.0021 0.0033 0.0032 0.0038 0.0039 0.0025 0.0032 0.0024 0.0025 0.0046 0.0027 0.9295 0.0039 
     H409.10 12 0.0104 0.0047 0.0094 0.0086 0.0048 0.0090 0.0181 0.0037 0.0069 0.0053 0.0031 0.0044 0.0063 0.0025 0.0028 0.0065 0.0042 0.0084 0.0212 0.0031 0.8476 0.0093 
      H409.2 12 0.0058 0.0022 0.0043 0.0046 0.0054 0.0075 0.0032 0.0054 0.0037 0.0044 0.0046 0.0028 0.0030 0.0046 0.0098 0.0060 0.0026 0.0028 0.0042 0.0029 0.8975 0.0128 
      H409.3 12 0.0040 0.0043 0.0040 0.0039 0.0035 0.0041 0.0032 0.0032 0.0034 0.0038 0.0041 0.0033 0.0043 0.0043 0.0034 0.0036 0.0029 0.0027 0.0040 0.0043 0.9224 0.0031 
      H409.4 12 0.0035 0.0033 0.0040 0.0026 0.0038 0.0030 0.0027 0.0022 0.0030 0.0026 0.0038 0.0029 0.0023 0.0051 0.0033 0.0035 0.0020 0.0024 0.0026 0.0032 0.9351 0.0031 
      H409.5 12 0.0031 0.0039 0.0037 0.0037 0.0025 0.0043 0.0023 0.0042 0.0036 0.0032 0.0031 0.0041 0.0032 0.0026 0.0035 0.0042 0.0053 0.0038 0.0039 0.0030 0.9243 0.0046 
      H409.6 12 0.0149 0.0101 0.0094 0.0114 0.0043 0.0050 0.0047 0.0037 0.0025 0.0059 0.0068 0.0304 0.0079 0.0085 0.0075 0.0120 0.0106 0.0057 0.0064 0.0056 0.8223 0.0043 
      H409.7 12 0.0045 0.0045 0.0044 0.0060 0.0070 0.0080 0.0043 0.0034 0.0035 0.0026 0.0046 0.0040 0.0055 0.0069 0.0025 0.0038 0.0024 0.0031 0.0045 0.0039 0.9068 0.0037 
      H409.8 12 0.0045 0.0076 0.0047 0.0033 0.0034 0.0025 0.0026 0.0043 0.0041 0.0026 0.0033 0.0033 0.0055 0.0030 0.0026 0.0041 0.0043 0.0030 0.0051 0.0029 0.9194 0.0038 
      H409.9 12 0.0341 0.0052 0.0350 0.0377 0.0027 0.0052 0.0043 0.0041 0.0039 0.2111 0.0182 0.0143 0.0322 0.0042 0.0097 0.0292 0.0160 0.0193 0.0948 0.0062 0.4046 0.0082 
      H413.1 12 0.0036 0.0056 0.0045 0.0047 0.0043 0.0055 0.0046 0.0031 0.0036 0.0031 0.0033 0.9090 0.0140 0.0045 0.0040 0.0038 0.0027 0.0051 0.0022 0.0029 0.0029 0.0030 
      H413.2 12 0.0032 0.0034 0.0035 0.0050 0.0042 0.0033 0.0041 0.0034 0.0046 0.0040 0.0029 0.9239 0.0037 0.0057 0.0045 0.0039 0.0027 0.0034 0.0031 0.0032 0.0020 0.0023 
      H413.3 12 0.0052 0.0025 0.0057 0.0051 0.0026 0.0039 0.0090 0.0028 0.0028 0.0064 0.0021 0.9021 0.0132 0.0056 0.0022 0.0054 0.0034 0.0049 0.0044 0.0026 0.0050 0.0029 
      H413.4 12 0.0060 0.0074 0.0072 0.0059 0.0093 0.0085 0.0026 0.0056 0.0036 0.0041 0.0034 0.8750 0.0229 0.0028 0.0023 0.0069 0.0030 0.0078 0.0055 0.0036 0.0037 0.0030 
      H413.5 12 0.0089 0.0070 0.0075 0.0090 0.0032 0.0048 0.0050 0.0103 0.0024 0.0413 0.0029 0.8360 0.0047 0.0028 0.0024 0.0080 0.0038 0.0266 0.0045 0.0035 0.0024 0.0030 
      H413.6 12 0.0065 0.0216 0.0056 0.0090 0.0053 0.0174 0.0190 0.0024 0.0122 0.0256 0.0051 0.8105 0.0065 0.0054 0.0031 0.0077 0.0037 0.0211 0.0021 0.0026 0.0035 0.0039 
      H413.7 12 0.0052 0.0043 0.0044 0.0054 0.0051 0.0067 0.0046 0.0029 0.0061 0.0075 0.0031 0.9052 0.0045 0.0051 0.0034 0.0050 0.0034 0.0046 0.0048 0.0025 0.0031 0.0031 
      H563.1 12 0.0043 0.0036 0.0041 0.0045 0.0031 0.0064 0.0050 0.0022 0.0023 0.0122 0.0046 0.0087 0.9073 0.0029 0.0022 0.0054 0.0043 0.0040 0.0029 0.0032 0.0043 0.0025 
      H563.2 12 0.0095 0.0044 0.0103 0.0094 0.0114 0.0081 0.0044 0.0078 0.0030 0.0059 0.0051 0.0095 0.8495 0.0125 0.0034 0.0070 0.0033 0.0043 0.0050 0.0036 0.0149 0.0078 
      H563.3 12 0.0038 0.0092 0.0036 0.0046 0.0026 0.0085 0.0028 0.0023 0.0030 0.0067 0.0033 0.0032 0.9138 0.0039 0.0019 0.0042 0.0076 0.0032 0.0033 0.0030 0.0031 0.0025 
      H563.4 12 0.0081 0.0043 0.0053 0.0076 0.0042 0.0062 0.0053 0.0029 0.0019 0.0046 0.0035 0.0130 0.8823 0.0070 0.0029 0.0078 0.0053 0.0052 0.0038 0.0036 0.0110 0.0044 
      H563.5 12 0.0039 0.0065 0.0043 0.0047 0.0032 0.0092 0.0049 0.0021 0.0026 0.0072 0.0041 0.0050 0.9147 0.0024 0.0018 0.0040 0.0046 0.0039 0.0022 0.0026 0.0034 0.0026 
      H563.6 12 0.0057 0.0070 0.0060 0.0070 0.0106 0.0094 0.0032 0.0044 0.0025 0.0055 0.0038 0.0100 0.8805 0.0062 0.0029 0.0069 0.0032 0.0057 0.0055 0.0035 0.0060 0.0045 
      H563.7 12 0.0040 0.0103 0.0049 0.0061 0.0143 0.0091 0.0026 0.0034 0.0044 0.0029 0.0034 0.0086 0.8915 0.0047 0.0023 0.0047 0.0025 0.0036 0.0034 0.0026 0.0067 0.0042 
      H563.8 12 0.0060 0.0110 0.0059 0.0053 0.0038 0.0086 0.0050 0.0032 0.0031 0.0135 0.0077 0.0069 0.8865 0.0038 0.0018 0.0055 0.0055 0.0039 0.0035 0.0031 0.0034 0.0031 
      H563.9 12 0.0080 0.0108 0.0091 0.0077 0.0108 0.0072 0.0052 0.0058 0.0043 0.0040 0.0046 0.0054 0.8479 0.0108 0.0020 0.0106 0.0047 0.0045 0.0057 0.0044 0.0184 0.0082 
     H7374.1 12 0.0057 0.0038 0.0040 0.0050 0.0039 0.8898 0.0026 0.0033 0.0140 0.0043 0.0045 0.0051 0.0041 0.0091 0.0038 0.0066 0.0062 0.0028 0.0028 0.0041 0.0081 0.0063 
     H7374.2 12 0.0042 0.0034 0.0065 0.0055 0.0021 0.8874 0.0057 0.0033 0.0057 0.0093 0.0050 0.0076 0.0096 0.0062 0.0033 0.0049 0.0082 0.0030 0.0047 0.0037 0.0046 0.0062 
     H7374.3 12 0.0088 0.0052 0.0092 0.0099 0.0040 0.7942 0.0034 0.0060 0.0557 0.0060 0.0078 0.0057 0.0078 0.0194 0.0049 0.0091 0.0077 0.0040 0.0037 0.0112 0.0073 0.0090 
     H7374.4 12 0.0055 0.0035 0.0039 0.0043 0.0062 0.9141 0.0056 0.0035 0.0028 0.0054 0.0046 0.0041 0.0040 0.0046 0.0045 0.0036 0.0030 0.0030 0.0032 0.0031 0.0035 0.0039 
     H7374.5 12 0.0042 0.0053 0.0047 0.0041 0.0040 0.9194 0.0030 0.0033 0.0035 0.0073 0.0043 0.0039 0.0056 0.0028 0.0023 0.0041 0.0036 0.0032 0.0024 0.0029 0.0035 0.0024 
     H7374.6 12 0.0076 0.0054 0.0093 0.0085 0.0079 0.8267 0.0042 0.0096 0.0143 0.0072 0.0071 0.0044 0.0095 0.0150 0.0086 0.0118 0.0044 0.0043 0.0051 0.0084 0.0067 0.0140 
     H7374.7 12 0.0036 0.0042 0.0038 0.0040 0.0041 0.9298 0.0037 0.0031 0.0024 0.0025 0.0034 0.0035 0.0032 0.0036 0.0045 0.0029 0.0030 0.0023 0.0020 0.0040 0.0035 0.0029 
     H7374.8 12 0.0056 0.0059 0.0055 0.0055 0.0062 0.9050 0.0022 0.0034 0.0112 0.0023 0.0033 0.0046 0.0040 0.0053 0.0028 0.0045 0.0032 0.0026 0.0037 0.0038 0.0050 0.0045 
     H7374.9 12 0.0045 0.0056 0.0046 0.0049 0.0041 0.9115 0.0045 0.0047 0.0036 0.0078 0.0079 0.0033 0.0042 0.0028 0.0023 0.0037 0.0034 0.0041 0.0026 0.0033 0.0029 0.0037 
     H9563.1 12 0.0057 0.0039 0.0038 0.0038 0.0039 0.0041 0.0033 0.0034 0.0042 0.0050 0.0040 0.0037 0.9159 0.0051 0.0030 0.0047 0.0034 0.0042 0.0040 0.0030 0.0028 0.0053 
     H9563.2 12 0.0036 0.0026 0.0043 0.0037 0.0026 0.0030 0.0026 0.0034 0.0036 0.0058 0.0029 0.0048 0.9207 0.0035 0.0025 0.0045 0.0057 0.0055 0.0028 0.0034 0.0018 0.0066 
     H9563.3 12 0.0057 0.0038 0.0051 0.0042 0.0039 0.0042 0.0042 0.0031 0.0064 0.0020 0.0042 0.0054 0.9060 0.0037 0.0049 0.0037 0.0046 0.0044 0.0075 0.0041 0.0041 0.0049 
     H9563.4 12 0.0097 0.0054 0.0086 0.0120 0.0064 0.0056 0.0053 0.0036 0.0073 0.0068 0.0207 0.0061 0.8082 0.0112 0.0161 0.0104 0.0098 0.0108 0.0056 0.0055 0.0099 0.0149 
     H9563.5 12 0.0069 0.0030 0.0072 0.0070 0.0055 0.0033 0.0046 0.0045 0.0036 0.0043 0.0052 0.0037 0.8727 0.0075 0.0046 0.0101 0.0089 0.0112 0.0076 0.0046 0.0082 0.0059 
     H9563.6 12 0.0043 0.0121 0.0049 0.0044 0.0026 0.0056 0.0032 0.0021 0.0062 0.0029 0.0036 0.0097 0.8960 0.0035 0.0045 0.0038 0.0065 0.0065 0.0071 0.0036 0.0040 0.0028 
     H9563.7 12 0.0042 0.0046 0.0045 0.0042 0.0020 0.0043 0.0036 0.0026 0.0052 0.0023 0.0036 0.0041 0.9167 0.0027 0.0072 0.0040 0.0065 0.0036 0.0048 0.0037 0.0027 0.0029 
     H9563.8 12 0.0151 0.0030 0.0091 0.0112 0.0099 0.0036 0.0081 0.0052 0.0053 0.0047 0.0138 0.0058 0.7796 0.0054 0.0065 0.0098 0.0056 0.0438 0.0108 0.0052 0.0077 0.0306 
     H9563.9 12 0.0074 0.0043 0.0069 0.0055 0.0047 0.0044 0.0058 0.0039 0.0051 0.0052 0.0054 0.0076 0.8849 0.0040 0.0033 0.0057 0.0041 0.0090 0.0073 0.0029 0.0035 0.0090 
     H9572.1 12 0.0068 0.8467 0.0101 0.0090 0.0032 0.0089 0.0041 0.0056 0.0051 0.0193 0.0044 0.0057 0.0092 0.0096 0.0046 0.0071 0.0095 0.0119 0.0059 0.0048 0.0045 0.0040 
     H9572.2 12 0.0123 0.7665 0.0099 0.0203 0.0057 0.0211 0.0035 0.0143 0.0062 0.0079 0.0051 0.0076 0.0273 0.0110 0.0030 0.0133 0.0092 0.0118 0.0034 0.0151 0.0079 0.0176 
