      H105.1  1 0.0057 0.0058 0.9514 0.0077 0.0044 0.0032 0.0038 0.0052 0.0065 0.0064 
      H105.2  1 0.0086 0.0230 0.8851 0.0151 0.0039 0.0192 0.0067 0.0183 0.0114 0.0087 
      H105.3  1 0.0028 0.0032 0.9653 0.0040 0.0035 0.0053 0.0044 0.0030 0.0054 0.0031 
      H105.4  1 0.0091 0.0058 0.9157 0.0069 0.0110 0.0127 0.0107 0.0065 0.0129 0.0085 
      H105.5  1 0.0647 0.0162 0.8193 0.0116 0.0073 0.0166 0.0092 0.0102 0.0302 0.0148 
      H105.6  1 0.0103 0.0073 0.8918 0.0065 0.0137 0.0225 0.0150 0.0055 0.0162 0.0113 
      H105.7  1 0.0081 0.0073 0.9510 0.0053 0.0033 0.0055 0.0027 0.0057 0.0053 0.0058 
      H105.8  1 0.0039 0.0128 0.9372 0.0132 0.0028 0.0089 0.0052 0.0050 0.0056 0.0052 
      H115.1  1 0.0083 0.0287 0.0060 0.0097 0.0036 0.9071 0.0041 0.0079 0.0078 0.0167 
      H115.2  1 0.0118 0.0101 0.0049 0.0050 0.0035 0.8721 0.0030 0.0060 0.0040 0.0797 
      H115.3  1 0.0065 0.0034 0.0055 0.0040 0.0041 0.9506 0.0034 0.0055 0.0039 0.0131 
      H115.4  1 0.0052 0.0078 0.0043 0.0353 0.0091 0.9137 0.0054 0.0120 0.0030 0.0043 
      H115.5  1 0.0096 0.0141 0.0077 0.0199 0.0101 0.8884 0.0098 0.0077 0.0059 0.0269 
      H115.6  1 0.0139 0.0043 0.0055 0.0106 0.0065 0.9148 0.0027 0.0191 0.0054 0.0171 
      H115.7  1 0.0073 0.0353 0.0132 0.0096 0.0059 0.8818 0.0027 0.0245 0.0087 0.0110 
      H115.8  1 0.0067 0.0051 0.0065 0.0052 0.0028 0.9452 0.0022 0.0060 0.0034 0.0169 
      H115.9  1 0.0086 0.0085 0.0084 0.0064 0.0038 0.8499 0.0044 0.0072 0.0078 0.0949 
      H145.1  1 0.0127 0.0032 0.0050 0.0047 0.9150 0.0067 0.0044 0.0334 0.0087 0.0061 
      H145.2  1 0.0089 0.0023 0.0038 0.0046 0.9511 0.0061 0.0044 0.0098 0.0042 0.0049 
      H145.3  1 0.0045 0.0027 0.0030 0.0026 0.9390 0.0045 0.0040 0.0329 0.0044 0.0024 
      H145.4  1 0.0123 0.0033 0.0040 0.0039 0.9505 0.0028 0.0034 0.0086 0.0074 0.0038 
      H145.5  1 0.0044 0.0028 0.0047 0.0038 0.9132 0.0040 0.0025 0.0562 0.0052 0.0031 
      H145.6  1 0.0067 0.0031 0.0056 0.0046 0.9624 0.0023 0.0044 0.0051 0.0031 0.0027 
      H145.7  1 0.0050 0.0025 0.0038 0.0043 0.9675 0.0035 0.0035 0.0039 0.0035 0.0024 
      H149.1  1 0.0138 0.0043 0.0034 0.9433 0.0052 0.0051 0.0035 0.0062 0.0104 0.0048 
      H149.2  1 0.0223 0.0037 0.0088 0.9193 0.0150 0.0054 0.0041 0.0105 0.0069 0.0040 
      H149.3  1 0.0646 0.0097 0.0227 0.7970 0.0486 0.0196 0.0078 0.0145 0.0097 0.0058 
      H149.4  1 0.0042 0.0055 0.0104 0.9524 0.0043 0.0044 0.0034 0.0054 0.0047 0.0051 
      H149.5  1 0.0116 0.0057 0.0346 0.9007 0.0209 0.0031 0.0063 0.0089 0.0058 0.0023 
      H149.6  1 0.0110 0.0057 0.0169 0.9305 0.0139 0.0031 0.0039 0.0068 0.0055 0.0027 
      H149.7  1 0.0286 0.0142 0.0224 0.8924 0.0065 0.0092 0.0046 0.0085 0.0099 0.0038 
      H150.1  1 0.0041 0.0041 0.0062 0.0030 0.0058 0.6744 0.0023 0.0070 0.0058 0.2872 
      H150.2  1 0.0051 0.0098 0.0041 0.0039 0.0032 0.9017 0.0036 0.0057 0.0049 0.0580 
      H150.3  1 0.0070 0.0214 0.0084 0.0046 0.0054 0.2380 0.0023 0.0227 0.0120 0.6782 
      H150.4  1 0.0052 0.0075 0.0048 0.0031 0.0048 0.0900 0.0017 0.0075 0.0046 0.8706 
      H150.5  1 0.0094 0.0078 0.0085 0.0035 0.0041 0.9009 0.0034 0.0075 0.0069 0.0482 
      H150.6  1 0.0054 0.0051 0.0043 0.0059 0.0091 0.9379 0.0034 0.0061 0.0100 0.0128 
      H150.7  1 0.0049 0.0051 0.0107 0.0055 0.0056 0.2026 0.0022 0.0212 0.0039 0.7385 
   H169607.1  1 0.0081 0.0069 0.0042 0.0073 0.0179 0.0094 0.0032 0.9231 0.0053 0.0147 
   H169607.2  1 0.0112 0.0042 0.0062 0.0041 0.0058 0.0040 0.0058 0.9454 0.0047 0.0086 
   H169607.3  1 0.0657 0.0052 0.0079 0.0077 0.0198 0.0265 0.0077 0.8457 0.0075 0.0062 
   H169607.4  1 0.0083 0.0030 0.0044 0.0029 0.0095 0.0028 0.0043 0.9525 0.0055 0.0067 
   H169607.5  1 0.2175 0.0058 0.0062 0.0043 0.0089 0.0059 0.0057 0.7158 0.0037 0.0262 
   H169607.6  1 0.0082 0.0030 0.0041 0.0032 0.0056 0.0032 0.0058 0.9585 0.0035 0.0049 
   H169607.7  1 0.0131 0.0071 0.0047 0.0117 0.0088 0.0208 0.0043 0.9213 0.0033 0.0050 
   H169607.8  1 0.0141 0.0050 0.0060 0.0056 0.0061 0.0055 0.0105 0.9253 0.0138 0.0081 
   H169633.1  1 0.0103 0.1426 0.0107 0.7712 0.0307 0.0090 0.0053 0.0054 0.0081 0.0065 
   H169633.2  1 0.0391 0.0717 0.0062 0.8040 0.0268 0.0131 0.0070 0.0031 0.0259 0.0032 
   H169633.3  1 0.0413 0.0135 0.0104 0.8766 0.0110 0.0124 0.0110 0.0049 0.0094 0.0095 
   H169633.4  1 0.0276 0.0102 0.0114 0.8856 0.0191 0.0085 0.0100 0.0074 0.0111 0.0091 
   H169633.5  1 0.0338 0.0098 0.0162 0.8665 0.0185 0.0099 0.0117 0.0050 0.0161 0.0125 
   H169688.1  1 0.0078 0.9319 0.0035 0.0121 0.0069 0.0036 0.0087 0.0140 0.0073 0.0043 
   H169688.2  1 0.0089 0.9431 0.0057 0.0063 0.0060 0.0052 0.0051 0.0036 0.0118 0.0044 
   H169688.3  1 0.0092 0.9368 0.0054 0.0065 0.0088 0.0075 0.0029 0.0054 0.0131 0.0045 
   H169688.4  1 0.0076 0.9284 0.0034 0.0060 0.0061 0.0186 0.0039 0.0049 0.0082 0.0129 
   H169688.5  1 0.0078 0.9279 0.0031 0.0047 0.0063 0.0197 0.0037 0.0048 0.0070 0.0150 
   H169688.6  1 0.0041 0.9339 0.0027 0.0341 0.0034 0.0034 0.0069 0.0037 0.0036 0.0042 
   H169688.7  1 0.0152 0.8510 0.0084 0.0087 0.0552 0.0202 0.0026 0.0110 0.0204 0.0073 
   H171901.1  1 0.5282 0.0384 0.1208 0.0159 0.0355 0.1740 0.0025 0.0313 0.0074 0.0460 
   H171901.2  1 0.2999 0.0083 0.0320 0.5177 0.0122 0.0238 0.0041 0.0257 0.0198 0.0566 
   H171901.3  1 0.2509 0.0420 0.0082 0.5325 0.0075 0.0884 0.0101 0.0175 0.0172 0.0258 
   H171901.4  1 0.0909 0.0088 0.0115 0.7497 0.0077 0.0547 0.0073 0.0279 0.0155 0.0260 
   H171901.5  1 0.2380 0.0052 0.0124 0.5550 0.0157 0.0744 0.0056 0.0475 0.0216 0.0245 
   H171901.6  1 0.3548 0.0073 0.0121 0.4113 0.0255 0.0857 0.0076 0.0326 0.0224 0.0407 
   H171901.7  1 0.8532 0.0114 0.0036 0.0875 0.0073 0.0150 0.0062 0.0043 0.0056 0.0058 
   H171902.1  1 0.0046 0.0027 0.0029 0.0070 0.0053 0.0048 0.0030 0.9626 0.0031 0.0041 
  H171902.10  1 0.0081 0.0038 0.0028 0.0102 0.0049 0.0070 0.0028 0.9505 0.0049 0.0050 
   H171902.2  1 0.0049 0.0078 0.0036 0.0241 0.0073 0.0098 0.0025 0.9310 0.0036 0.0056 
   H171902.3  1 0.0073 0.0044 0.0034 0.0160 0.0047 0.0070 0.0044 0.9364 0.0048 0.0115 
   H171902.4  1 0.0148 0.0048 0.0053 0.0313 0.0085 0.0067 0.0028 0.9137 0.0076 0.0045 
   H171902.6  1 0.0069 0.0027 0.0025 0.0105 0.0045 0.0045 0.0042 0.9555 0.0040 0.0047 
   H171902.7  1 0.0063 0.0023 0.0040 0.0073 0.0051 0.0104 0.0030 0.9530 0.0056 0.0029 
   H171902.8  1 0.0081 0.0039 0.0022 0.0133 0.0046 0.0065 0.0027 0.9470 0.0054 0.0061 
   H171902.9  1 0.0045 0.0033 0.0040 0.0040 0.0050 0.0047 0.0033 0.9515 0.0043 0.0153 
   H171903.1  1 0.4773 0.0087 0.0170 0.0069 0.0068 0.0865 0.0074 0.3501 0.0057 0.0337 
   H171903.2  1 0.6707 0.0034 0.1364 0.0052 0.0088 0.0560 0.0291 0.0513 0.0121 0.0270 
   H171903.3  1 0.9146 0.0049 0.0164 0.0039 0.0034 0.0081 0.0133 0.0096 0.0152 0.0106 
   H171903.4  1 0.5969 0.0169 0.0101 0.0045 0.0088 0.0321 0.0039 0.3073 0.0086 0.0108 
   H171903.5  1 0.7853 0.0194 0.0332 0.0313 0.0050 0.0319 0.0058 0.0531 0.0087 0.0263 
   H171903.6  1 0.7470 0.0194 0.0056 0.0150 0.0057 0.0238 0.0065 0.1651 0.0044 0.0077 
      H177.1  1 0.8903 0.0163 0.0039 0.0180 0.0038 0.0136 0.0088 0.0091 0.0226 0.0137 
      H177.2  1 0.3810 0.0073 0.0102 0.2871 0.1218 0.0288 0.0051 0.0356 0.1052 0.0179 
      H177.3  1 0.8267 0.0049 0.0058 0.0771 0.0167 0.0110 0.0097 0.0230 0.0141 0.0110 
      H177.4  1 0.8794 0.0027 0.0103 0.0440 0.0079 0.0050 0.0359 0.0062 0.0056 0.0030 
      H177.5  1 0.8947 0.0081 0.0097 0.0160 0.0179 0.0098 0.0056 0.0035 0.0277 0.0070 
      H177.6  1 0.8421 0.0043 0.0051 0.0806 0.0105 0.0091 0.0068 0.0146 0.0181 0.0088 
      H179.1  1 0.0164 0.0498 0.0217 0.8447 0.0043 0.0188 0.0027 0.0127 0.0137 0.0152 
      H179.2  1 0.0256 0.0445 0.0092 0.7146 0.0042 0.0988 0.0315 0.0279 0.0330 0.0106 
      H179.3  1 0.0619 0.2587 0.0164 0.5242 0.0052 0.0596 0.0064 0.0257 0.0107 0.0313 
      H179.4  1 0.0364 0.0169 0.0111 0.7061 0.0220 0.0046 0.1399 0.0094 0.0473 0.0062 
      H180.1  1 0.0046 0.0055 0.0036 0.0087 0.0027 0.9540 0.0032 0.0095 0.0048 0.0033 
      H180.2  1 0.0055 0.0062 0.0028 0.0031 0.0036 0.9659 0.0028 0.0025 0.0040 0.0034 
      H180.3  1 0.0051 0.0047 0.0038 0.0034 0.0056 0.9557 0.0041 0.0043 0.0038 0.0096 
      H180.4  1 0.0050 0.0055 0.0043 0.0080 0.0040 0.9555 0.0037 0.0059 0.0044 0.0037 
      H180.5  1 0.0060 0.0037 0.0032 0.0072 0.0036 0.9624 0.0032 0.0038 0.0029 0.0040 
      H180.6  1 0.0068 0.0033 0.0049 0.0106 0.0128 0.9411 0.0044 0.0057 0.0034 0.0069 
      H181.1  1 0.0283 0.0193 0.0113 0.8456 0.0101 0.0383 0.0064 0.0172 0.0074 0.0160 
      H181.2  1 0.0145 0.0210 0.0108 0.8140 0.0334 0.0304 0.0085 0.0291 0.0212 0.0171 
      H181.3  1 0.0062 0.0176 0.0079 0.8934 0.0166 0.0150 0.0041 0.0201 0.0054 0.0137 
      H181.4  1 0.0282 0.0177 0.0256 0.5826 0.0190 0.0934 0.0131 0.0189 0.0296 0.1717 
      H181.5  1 0.0073 0.0099 0.0138 0.9289 0.0035 0.0064 0.0062 0.0090 0.0086 0.0065 
      H181.6  1 0.0254 0.0079 0.0187 0.8295 0.0054 0.0561 0.0119 0.0097 0.0154 0.0200 
      H181.7  1 0.0128 0.0074 0.0247 0.9081 0.0065 0.0080 0.0070 0.0104 0.0076 0.0074 
 H194.1_2004  1 0.9554 0.0042 0.0039 0.0033 0.0065 0.0043 0.0039 0.0072 0.0039 0.0074 
 H194.2_2004  1 0.9396 0.0064 0.0042 0.0038 0.0128 0.0055 0.0031 0.0114 0.0047 0.0086 
 H194.3_2004  1 0.9004 0.0044 0.0043 0.0138 0.0143 0.0025 0.0042 0.0058 0.0466 0.0037 
 H194.4_2004  1 0.9379 0.0053 0.0024 0.0063 0.0243 0.0035 0.0044 0.0068 0.0043 0.0047 
 H194.5_2004  1 0.9285 0.0040 0.0062 0.0124 0.0104 0.0029 0.0052 0.0095 0.0163 0.0047 
 H194.6_2004  1 0.9237 0.0041 0.0041 0.0067 0.0094 0.0044 0.0151 0.0086 0.0174 0.0065 
 H194.7_2004  1 0.9612 0.0055 0.0058 0.0037 0.0053 0.0027 0.0036 0.0036 0.0041 0.0047 
 H194.8_2004  1 0.9166 0.0063 0.0050 0.0085 0.0172 0.0036 0.0083 0.0136 0.0119 0.0091 
      H194.9  1 0.9393 0.0068 0.0050 0.0034 0.0141 0.0038 0.0041 0.0088 0.0059 0.0088 
 H195.1_2003  1 0.0254 0.0050 0.0052 0.0109 0.9200 0.0046 0.0048 0.0052 0.0129 0.0060 
 H195.1_2004  1 0.0051 0.0044 0.0039 0.0061 0.9603 0.0046 0.0041 0.0041 0.0044 0.0029 
 H195.2_2003  1 0.0158 0.0102 0.0165 0.0057 0.8617 0.0058 0.0082 0.0326 0.0152 0.0284 
 H195.2_2004  1 0.0036 0.0034 0.0026 0.0031 0.9721 0.0039 0.0027 0.0026 0.0037 0.0023 
 H195.3_2003  1 0.0215 0.0339 0.0191 0.0053 0.6496 0.0120 0.0068 0.0302 0.0230 0.1985 
 H195.3_2004  1 0.0059 0.0034 0.0026 0.0057 0.9628 0.0028 0.0034 0.0046 0.0062 0.0028 
 H195.4_2003  1 0.0074 0.0025 0.0047 0.0078 0.9550 0.0041 0.0040 0.0046 0.0060 0.0040 
 H195.4_2004  1 0.0046 0.0056 0.0023 0.0040 0.9680 0.0028 0.0044 0.0029 0.0028 0.0026 
 H195.5_2003  1 0.0184 0.0075 0.0070 0.0082 0.9198 0.0072 0.0065 0.0095 0.0097 0.0061 
 H195.5_2004  1 0.0044 0.0047 0.0033 0.0040 0.9619 0.0031 0.0064 0.0033 0.0051 0.0036 
 H195.6_2003  1 0.0046 0.0066 0.0061 0.0035 0.9337 0.0071 0.0044 0.0105 0.0040 0.0197 
 H195.6_2004  1 0.0045 0.0028 0.0029 0.0034 0.9711 0.0021 0.0029 0.0038 0.0041 0.0023 
 H195.7_2003  1 0.0132 0.0119 0.0112 0.0109 0.8983 0.0045 0.0078 0.0145 0.0227 0.0050 
 H195.7_2004  1 0.0030 0.0045 0.0028 0.0033 0.9676 0.0040 0.0031 0.0032 0.0041 0.0043 
      H195.8  1 0.0043 0.0048 0.0028 0.0029 0.9669 0.0037 0.0046 0.0036 0.0031 0.0032 
      H195.9  1 0.0053 0.0025 0.0028 0.0050 0.9647 0.0037 0.0042 0.0040 0.0053 0.0023 
      H415.1  1 0.5247 0.0075 0.0054 0.0266 0.0146 0.1081 0.0026 0.0093 0.2576 0.0435 
      H415.2  1 0.7493 0.0042 0.0123 0.0215 0.0054 0.0126 0.0035 0.0625 0.1218 0.0070 
      H415.3  1 0.4801 0.0053 0.0137 0.3183 0.0083 0.0263 0.0065 0.0073 0.1250 0.0092 
      H415.4  1 0.5279 0.0035 0.0047 0.0117 0.0104 0.0716 0.0036 0.0062 0.3322 0.0283 
      H415.5  1 0.5608 0.0038 0.0052 0.0747 0.0147 0.0389 0.0040 0.0060 0.2865 0.0054 
      H415.6  1 0.5335 0.0032 0.0056 0.0103 0.0102 0.0755 0.0028 0.0059 0.3305 0.0225 
      H415.7  1 0.7798 0.0052 0.0144 0.0746 0.0133 0.0039 0.0091 0.0623 0.0311 0.0063 
      H506.1  1 0.0034 0.0039 0.0070 0.9611 0.0042 0.0031 0.0050 0.0039 0.0059 0.0024 
      H506.2  1 0.0055 0.0026 0.0054 0.9563 0.0091 0.0033 0.0047 0.0042 0.0064 0.0024 
      H506.3  1 0.0088 0.0066 0.0105 0.9312 0.0054 0.0104 0.0037 0.0069 0.0124 0.0039 
      H506.4  1 0.0061 0.0053 0.0048 0.9341 0.0037 0.0206 0.0078 0.0086 0.0042 0.0049 
      H506.5  1 0.0048 0.0032 0.0057 0.9528 0.0059 0.0041 0.0055 0.0074 0.0071 0.0035 
      H506.6  1 0.0514 0.0096 0.0197 0.8080 0.0485 0.0114 0.0101 0.0222 0.0108 0.0084 
      H506.7  1 0.0046 0.0040 0.0088 0.9523 0.0077 0.0041 0.0042 0.0068 0.0054 0.0022 
      H533.1  1 0.0037 0.0030 0.0049 0.9640 0.0034 0.0046 0.0048 0.0028 0.0060 0.0027 
      H533.2  1 0.0041 0.0027 0.0053 0.9599 0.0033 0.0049 0.0054 0.0028 0.0088 0.0027 
      H533.3  1 0.0045 0.0044 0.0044 0.9636 0.0028 0.0039 0.0043 0.0031 0.0054 0.0036 
      H533.4  1 0.0120 0.0083 0.0079 0.9258 0.0143 0.0062 0.0118 0.0055 0.0052 0.0031 
      H535.1  1 0.0035 0.0025 0.0024 0.0037 0.0031 0.0029 0.9682 0.0048 0.0038 0.0050 
      H535.2  1 0.0037 0.0026 0.0032 0.0031 0.0036 0.0027 0.9721 0.0026 0.0041 0.0023 
      H535.3  1 0.0035 0.0027 0.0027 0.0028 0.0033 0.0024 0.9745 0.0027 0.0031 0.0023 
      H535.4  1 0.0034 0.0025 0.0029 0.0037 0.0038 0.0025 0.9721 0.0029 0.0036 0.0025 
      H535.5  1 0.0036 0.0024 0.0024 0.0029 0.0029 0.0024 0.9758 0.0025 0.0029 0.0023 
      H535.6  1 0.0052 0.0025 0.0021 0.0024 0.0049 0.0042 0.9624 0.0068 0.0030 0.0065 
      H535.7  1 0.0030 0.0022 0.0023 0.0028 0.0025 0.0019 0.9786 0.0021 0.0028 0.0018 
      H535.8  1 0.0028 0.0022 0.0023 0.0029 0.0029 0.0021 0.9747 0.0038 0.0032 0.0029 
      H535.9  1 0.0031 0.0037 0.0020 0.0038 0.0025 0.0026 0.9721 0.0036 0.0029 0.0036 
      H539.1  1 0.0037 0.0025 0.0025 0.0025 0.0028 0.0044 0.0027 0.0032 0.0024 0.9734 
      H539.2  1 0.0369 0.0664 0.0068 0.0041 0.0057 0.0704 0.0118 0.0170 0.0131 0.7677 
      H539.3  1 0.0103 0.0105 0.0037 0.0032 0.0100 0.0132 0.0119 0.0102 0.0059 0.9212 
      H539.4  1 0.0075 0.0054 0.0043 0.0035 0.0031 0.0307 0.0036 0.0045 0.0057 0.9316 
      H539.5  1 0.0030 0.0025 0.0029 0.0024 0.0020 0.0054 0.0036 0.0046 0.0024 0.9712 
      H539.6  1 0.0043 0.0032 0.0026 0.0026 0.0047 0.0115 0.0026 0.0081 0.0028 0.9577 
      H539.7  1 0.0063 0.0051 0.0028 0.0027 0.0024 0.0085 0.0029 0.0038 0.0031 0.9626 
      H539.8  1 0.0111 0.0252 0.0046 0.0038 0.0058 0.0494 0.0240 0.0074 0.0111 0.8575 
      H539.9  1 0.0045 0.0039 0.0041 0.0026 0.0030 0.0082 0.0025 0.0034 0.0040 0.9638 
      H540.1  1 0.0080 0.0031 0.0047 0.0054 0.0080 0.0059 0.0045 0.0234 0.0039 0.9331 
      H540.2  1 0.0060 0.0034 0.0035 0.0040 0.0032 0.0051 0.0021 0.0058 0.0039 0.9630 
      H540.3  1 0.0340 0.0186 0.0055 0.0188 0.0167 0.0174 0.0056 0.0095 0.0155 0.8584 
      H540.4  1 0.0063 0.0070 0.0060 0.0066 0.0048 0.0206 0.0060 0.0124 0.0053 0.9249 
      H540.5  1 0.0082 0.0060 0.0044 0.0044 0.0029 0.0042 0.0029 0.0054 0.0068 0.9549 
      H540.6  1 0.0144 0.0074 0.0109 0.0067 0.0058 0.0064 0.0052 0.0216 0.0085 0.9132 
      H540.7  1 0.0153 0.0053 0.0071 0.0156 0.0070 0.0095 0.0030 0.0092 0.0055 0.9225 
      H540.8  1 0.1667 0.0044 0.0039 0.0054 0.0038 0.0077 0.0044 0.0174 0.0033 0.7831 
     H9558.1  1 0.0043 0.0046 0.0034 0.0028 0.0033 0.0030 0.0084 0.0073 0.0032 0.9598 
     H9558.2  1 0.0061 0.0137 0.0111 0.0136 0.0046 0.0039 0.0089 0.0105 0.0072 0.9204 
     H9558.3  1 0.0067 0.0069 0.0164 0.0034 0.0025 0.0050 0.0063 0.0041 0.0084 0.9403 
     H9558.4  1 0.0049 0.0055 0.0040 0.0031 0.0021 0.0027 0.0056 0.0038 0.0030 0.9652 
     H9558.5  1 0.0031 0.0087 0.0038 0.0028 0.0019 0.0051 0.0077 0.0023 0.0037 0.9610 
     H9558.6  1 0.0062 0.0046 0.0101 0.0032 0.0029 0.0052 0.0044 0.0040 0.0074 0.9520 
    kos339.1  1 0.0062 0.0031 0.0079 0.9499 0.0033 0.0050 0.0059 0.0093 0.0050 0.0044 
    kos339.2  1 0.0079 0.0038 0.0069 0.9442 0.0101 0.0055 0.0062 0.0051 0.0056 0.0048 
    kos339.3  1 0.0061 0.0032 0.0024 0.9569 0.0049 0.0046 0.0091 0.0053 0.0033 0.0041 
    kos339.4  1 0.0109 0.0037 0.0028 0.9508 0.0060 0.0038 0.0071 0.0071 0.0037 0.0042 
    kos339.5  1 0.0055 0.0039 0.0059 0.9604 0.0032 0.0033 0.0029 0.0074 0.0044 0.0032 
    kos339.6  1 0.0102 0.0030 0.0050 0.9531 0.0080 0.0029 0.0028 0.0065 0.0048 0.0038 
    kos339.7  1 0.0057 0.0034 0.0024 0.9497 0.0047 0.0041 0.0187 0.0047 0.0035 0.0031 
    kos339.8  1 0.0071 0.0033 0.0028 0.9627 0.0048 0.0034 0.0044 0.0039 0.0050 0.0026 
    kos339.9  1 0.0181 0.0033 0.0116 0.8652 0.0124 0.0189 0.0035 0.0288 0.0132 0.0250 
      H409.1 12 0.0052 0.0046 0.0050 0.0082 0.0035 0.0032 0.0030 0.0033 0.9613 0.0028 
     H409.10 12 0.0053 0.0077 0.0057 0.0079 0.0067 0.0114 0.0040 0.0082 0.9366 0.0065 
      H409.2 12 0.0055 0.0035 0.0029 0.0049 0.0026 0.0026 0.0038 0.0028 0.9688 0.0027 
      H409.3 12 0.0088 0.0060 0.0047 0.0051 0.0037 0.0061 0.0061 0.0041 0.9516 0.0039 
      H409.4 12 0.0060 0.0047 0.0043 0.0045 0.0031 0.0035 0.0055 0.0032 0.9620 0.0034 
      H409.5 12 0.0082 0.0044 0.0042 0.0048 0.0041 0.0089 0.0085 0.0081 0.9428 0.0060 
      H409.6 12 0.0174 0.0188 0.0647 0.0084 0.0068 0.0111 0.0179 0.0097 0.8354 0.0097 
      H409.7 12 0.0053 0.0051 0.0092 0.0080 0.0044 0.0030 0.0034 0.0035 0.9555 0.0027 
      H409.8 12 0.0071 0.0065 0.0078 0.0089 0.0047 0.0059 0.0047 0.0065 0.9435 0.0044 
      H409.9 12 0.0128 0.0249 0.0530 0.0337 0.0054 0.1042 0.0191 0.0106 0.5348 0.2014 
      H413.1 12 0.0035 0.9374 0.0229 0.0042 0.0028 0.0136 0.0038 0.0028 0.0045 0.0045 
      H413.2 12 0.0030 0.9617 0.0055 0.0056 0.0037 0.0057 0.0050 0.0031 0.0033 0.0033 
      H413.3 12 0.0030 0.9603 0.0128 0.0027 0.0030 0.0037 0.0021 0.0038 0.0040 0.0047 
      H413.4 12 0.0056 0.8963 0.0371 0.0108 0.0052 0.0133 0.0027 0.0047 0.0178 0.0065 
      H413.5 12 0.0026 0.9234 0.0051 0.0027 0.0027 0.0221 0.0025 0.0075 0.0038 0.0276 
      H413.6 12 0.0041 0.9496 0.0101 0.0043 0.0030 0.0081 0.0037 0.0027 0.0068 0.0077 
      H413.7 12 0.0032 0.9657 0.0045 0.0037 0.0033 0.0034 0.0039 0.0030 0.0042 0.0051 
      H563.1 12 0.0044 0.0082 0.9467 0.0037 0.0048 0.0057 0.0019 0.0039 0.0071 0.0135 
      H563.2 12 0.0136 0.0096 0.9203 0.0095 0.0043 0.0079 0.0035 0.0059 0.0187 0.0068 
      H563.3 12 0.0041 0.0050 0.9537 0.0039 0.0032 0.0041 0.0024 0.0056 0.0075 0.0103 
      H563.4 12 0.0060 0.0075 0.9542 0.0044 0.0035 0.0066 0.0027 0.0037 0.0070 0.0044 
      H563.5 12 0.0031 0.0054 0.9603 0.0037 0.0031 0.0046 0.0019 0.0033 0.0073 0.0074 
      H563.6 12 0.0060 0.0063 0.9449 0.0104 0.0032 0.0049 0.0034 0.0045 0.0099 0.0065 
      H563.7 12 0.0044 0.0046 0.9522 0.0087 0.0029 0.0043 0.0024 0.0040 0.0129 0.0035 
      H563.8 12 0.0073 0.0070 0.9385 0.0046 0.0033 0.0067 0.0021 0.0057 0.0090 0.0159 
      H563.9 12 0.0075 0.0093 0.9366 0.0090 0.0058 0.0053 0.0023 0.0052 0.0144 0.0047 
     H7374.1 12 0.0150 0.0038 0.0088 0.0051 0.0105 0.0054 0.0078 0.0090 0.9304 0.0043 
     H7374.2 12 0.0099 0.0078 0.0075 0.0033 0.0057 0.0042 0.0040 0.0079 0.9410 0.0086 
     H7374.3 12 0.0212 0.0055 0.0119 0.0055 0.0352 0.0039 0.0093 0.0160 0.8827 0.0089 
     H7374.4 12 0.0069 0.0081 0.0048 0.0087 0.0058 0.0061 0.0082 0.0061 0.9360 0.0093 
     H7374.5 12 0.0046 0.0039 0.0111 0.0089 0.0054 0.0061 0.0034 0.0099 0.9297 0.0170 
     H7374.6 12 0.0223 0.0051 0.0070 0.0067 0.0257 0.0050 0.0166 0.0114 0.8850 0.0152 
     H7374.7 12 0.0047 0.0062 0.0037 0.0061 0.0056 0.0025 0.0063 0.0036 0.9583 0.0031 
     H7374.8 12 0.0074 0.0030 0.0130 0.0053 0.0106 0.0037 0.0056 0.0059 0.9430 0.0026 
     H7374.9 12 0.0069 0.0081 0.0073 0.0077 0.0090 0.0067 0.0035 0.0122 0.9213 0.0174 
     H9563.1 12 0.0077 0.0074 0.9435 0.0066 0.0056 0.0065 0.0033 0.0060 0.0042 0.0092 
     H9563.2 12 0.0062 0.0057 0.9416 0.0042 0.0047 0.0102 0.0046 0.0068 0.0035 0.0125 
     H9563.3 12 0.0045 0.0041 0.9595 0.0047 0.0069 0.0040 0.0046 0.0041 0.0053 0.0022 
     H9563.4 12 0.0350 0.0064 0.8735 0.0075 0.0114 0.0156 0.0211 0.0072 0.0142 0.0082 
     H9563.5 12 0.0115 0.0069 0.9250 0.0098 0.0045 0.0145 0.0063 0.0077 0.0081 0.0058 
     H9563.6 12 0.0038 0.0034 0.9627 0.0035 0.0058 0.0051 0.0057 0.0028 0.0048 0.0023 
     H9563.7 12 0.0040 0.0034 0.9598 0.0028 0.0051 0.0038 0.0083 0.0054 0.0042 0.0031 
     H9563.8 12 0.0275 0.0054 0.8546 0.0186 0.0062 0.0590 0.0062 0.0067 0.0077 0.0079 
     H9563.9 12 0.0076 0.0053 0.9412 0.0083 0.0043 0.0150 0.0031 0.0041 0.0041 0.0069 
     H9572.1 12 0.0181 0.0251 0.4087 0.1082 0.0263 0.0586 0.0248 0.0729 0.0368 0.2206 
     H9572.2 12 0.1815 0.0102 0.4085 0.0240 0.1353 0.1069 0.0045 0.0732 0.0391 0.0167 
     H9572.3 12 0.0571 0.0089 0.0997 0.1083 0.0070 0.0078 0.0133 0.3694 0.2659 0.0625 
     H9572.4 12 0.0701 0.0056 0.2282 0.3558 0.0481 0.0189 0.0327 0.1404 0.0388 0.0614 
     H9572.5 12 0.0590 0.0085 0.1209 0.4730 0.0552 0.0741 0.0131 0.1101 0.0048 0.0814 
