      H105.1  1 0.0043 0.0068 0.0071 0.0045 0.0039 0.0187 0.0074 0.0046 0.0051 0.9352 0.0025 
      H105.2  1 0.0037 0.0028 0.0056 0.0058 0.0040 0.0074 0.0104 0.0057 0.0108 0.9397 0.0041 
      H105.3  1 0.0041 0.0052 0.0042 0.0043 0.0031 0.0170 0.0048 0.0036 0.0066 0.9446 0.0025 
      H105.4  1 0.0059 0.0034 0.0070 0.0052 0.0046 0.0096 0.0060 0.0041 0.0050 0.9470 0.0022 
      H105.5  1 0.0038 0.0061 0.0150 0.0050 0.0060 0.0058 0.0188 0.0077 0.0062 0.9231 0.0026 
      H105.6  1 0.0062 0.0043 0.0059 0.0069 0.0084 0.0085 0.0111 0.0113 0.0048 0.9297 0.0030 
      H105.7  1 0.0046 0.0048 0.0145 0.0038 0.0051 0.0728 0.0072 0.0104 0.0072 0.8657 0.0039 
      H105.8  1 0.0032 0.0035 0.0035 0.0031 0.0033 0.0081 0.0051 0.0046 0.0091 0.9536 0.0029 
      H115.1  1 0.0059 0.0476 0.0272 0.0063 0.3148 0.0392 0.0386 0.2923 0.0252 0.1863 0.0166 
      H115.2  1 0.0046 0.0269 0.0112 0.0043 0.8207 0.0106 0.0072 0.0243 0.0096 0.0684 0.0123 
      H115.3  1 0.0056 0.0100 0.0068 0.0060 0.0490 0.0107 0.0061 0.0045 0.0031 0.8853 0.0131 
      H115.4  1 0.0097 0.0212 0.0149 0.0056 0.0157 0.0067 0.0058 0.0214 0.0444 0.8430 0.0116 
      H115.5  1 0.0175 0.0281 0.0096 0.0081 0.0484 0.0054 0.0077 0.0173 0.0054 0.8458 0.0066 
      H115.6  1 0.0069 0.0355 0.0117 0.0033 0.1112 0.0255 0.0179 0.0054 0.0061 0.6114 0.1652 
      H115.7  1 0.0152 0.0179 0.0618 0.0060 0.0827 0.0688 0.0280 0.3134 0.0099 0.3428 0.0535 
      H115.8  1 0.0052 0.0188 0.0075 0.0020 0.1439 0.0149 0.0097 0.0095 0.0059 0.7600 0.0226 
      H115.9  1 0.0043 0.0243 0.0211 0.0098 0.6826 0.0360 0.0164 0.0251 0.0351 0.1394 0.0059 
      H145.1  1 0.9027 0.0070 0.0215 0.0058 0.0098 0.0042 0.0080 0.0033 0.0036 0.0044 0.0298 
      H145.2  1 0.9433 0.0068 0.0075 0.0043 0.0049 0.0056 0.0056 0.0024 0.0055 0.0044 0.0099 
      H145.3  1 0.9208 0.0029 0.0066 0.0032 0.0035 0.0028 0.0043 0.0035 0.0032 0.0038 0.0455 
      H145.4  1 0.9428 0.0041 0.0161 0.0032 0.0040 0.0081 0.0051 0.0032 0.0041 0.0032 0.0062 
      H145.5  1 0.8789 0.0041 0.0065 0.0025 0.0029 0.0044 0.0046 0.0031 0.0034 0.0031 0.0864 
      H145.6  1 0.9591 0.0041 0.0057 0.0036 0.0036 0.0068 0.0038 0.0028 0.0036 0.0029 0.0040 
      H145.7  1 0.9647 0.0047 0.0051 0.0034 0.0022 0.0039 0.0043 0.0020 0.0028 0.0032 0.0037 
      H149.1  1 0.0040 0.9637 0.0040 0.0024 0.0028 0.0030 0.0051 0.0029 0.0041 0.0035 0.0045 
      H149.2  1 0.0062 0.9516 0.0068 0.0040 0.0027 0.0056 0.0052 0.0029 0.0034 0.0040 0.0076 
      H149.3  1 0.0368 0.7523 0.0571 0.0129 0.0050 0.0620 0.0073 0.0077 0.0183 0.0232 0.0173 
      H149.4  1 0.0032 0.9451 0.0033 0.0031 0.0039 0.0076 0.0030 0.0038 0.0160 0.0054 0.0055 
      H149.5  1 0.0148 0.8188 0.0243 0.0121 0.0031 0.0633 0.0075 0.0062 0.0278 0.0164 0.0057 
      H149.6  1 0.0072 0.9561 0.0048 0.0034 0.0023 0.0069 0.0041 0.0042 0.0034 0.0039 0.0037 
      H149.7  1 0.0071 0.7850 0.0309 0.0058 0.0060 0.0360 0.0114 0.0235 0.0619 0.0239 0.0085 
      H150.1  1 0.0054 0.0031 0.0044 0.0024 0.8294 0.0040 0.0058 0.0050 0.0043 0.1314 0.0049 
      H150.2  1 0.0038 0.0142 0.0067 0.0039 0.4795 0.0147 0.0067 0.0581 0.0070 0.3060 0.0994 
      H150.3  1 0.0049 0.0051 0.0076 0.0023 0.8823 0.0081 0.0081 0.0288 0.0038 0.0071 0.0418 
      H150.4  1 0.0064 0.0033 0.0044 0.0019 0.9491 0.0049 0.0063 0.0070 0.0034 0.0059 0.0074 
      H150.5  1 0.0063 0.0121 0.0183 0.0036 0.3159 0.0448 0.0130 0.0247 0.0076 0.5428 0.0110 
      H150.6  1 0.0100 0.0048 0.0054 0.0044 0.0366 0.0042 0.0094 0.0084 0.0068 0.8995 0.0105 
      H150.7  1 0.0038 0.0040 0.0041 0.0020 0.9322 0.0046 0.0033 0.0050 0.0039 0.0200 0.0171 
   H169607.1  1 0.0315 0.0054 0.8224 0.0038 0.0367 0.0080 0.0100 0.0118 0.0238 0.0098 0.0368 
   H169607.2  1 0.0057 0.0033 0.9345 0.0043 0.0147 0.0087 0.0042 0.0053 0.0045 0.0054 0.0094 
   H169607.3  1 0.0130 0.0038 0.9123 0.0046 0.0084 0.0050 0.0058 0.0061 0.0121 0.0111 0.0179 
   H169607.4  1 0.0134 0.0034 0.9233 0.0040 0.0125 0.0052 0.0075 0.0031 0.0025 0.0042 0.0210 
   H169607.5  1 0.0048 0.0030 0.9588 0.0034 0.0096 0.0040 0.0030 0.0035 0.0030 0.0032 0.0037 
   H169607.6  1 0.0059 0.0027 0.9398 0.0047 0.0079 0.0036 0.0028 0.0050 0.0064 0.0054 0.0158 
   H169607.7  1 0.0086 0.0039 0.8969 0.0037 0.0098 0.0059 0.0031 0.0072 0.0272 0.0199 0.0136 
   H169607.8  1 0.0060 0.0034 0.9446 0.0039 0.0086 0.0069 0.0069 0.0052 0.0036 0.0047 0.0061 
   H169633.1  1 0.0140 0.9003 0.0042 0.0043 0.0064 0.0061 0.0062 0.0451 0.0040 0.0043 0.0051 
   H169633.2  1 0.0176 0.8155 0.0036 0.0092 0.0029 0.0048 0.0843 0.0339 0.0105 0.0146 0.0030 
   H169633.3  1 0.0082 0.9297 0.0077 0.0078 0.0068 0.0087 0.0072 0.0079 0.0067 0.0054 0.0041 
   H169633.4  1 0.0063 0.9334 0.0093 0.0055 0.0085 0.0078 0.0098 0.0060 0.0043 0.0046 0.0045 
   H169633.5  1 0.0073 0.9300 0.0100 0.0078 0.0085 0.0077 0.0076 0.0069 0.0051 0.0047 0.0045 
   H169688.1  1 0.0067 0.0087 0.0110 0.0084 0.0043 0.0038 0.0086 0.9005 0.0142 0.0055 0.0284 
   H169688.2  1 0.0068 0.0041 0.0091 0.0043 0.0067 0.0040 0.0180 0.8959 0.0164 0.0313 0.0033 
   H169688.3  1 0.0143 0.0067 0.0051 0.0021 0.0119 0.0057 0.0121 0.8926 0.0068 0.0359 0.0066 
   H169688.4  1 0.0086 0.0055 0.0089 0.0033 0.0347 0.0051 0.0068 0.8881 0.0049 0.0274 0.0065 
   H169688.5  1 0.0075 0.0050 0.0095 0.0039 0.0367 0.0032 0.0066 0.8917 0.0052 0.0258 0.0048 
   H169688.6  1 0.0069 0.0104 0.0049 0.0080 0.0046 0.0023 0.0040 0.8759 0.0728 0.0059 0.0043 
   H169688.7  1 0.0783 0.0080 0.0118 0.0025 0.0226 0.0053 0.0173 0.7892 0.0103 0.0370 0.0179 
   H171901.1  1 0.0343 0.0150 0.3784 0.0031 0.0334 0.0379 0.0081 0.0429 0.0146 0.4224 0.0098 
   H171901.2  1 0.0100 0.8758 0.0312 0.0038 0.0241 0.0079 0.0115 0.0046 0.0034 0.0230 0.0048 
   H171901.3  1 0.0084 0.7713 0.0901 0.0099 0.0297 0.0110 0.0112 0.0262 0.0082 0.0289 0.0051 
   H171901.4  1 0.0085 0.8692 0.0221 0.0064 0.0117 0.0063 0.0098 0.0057 0.0055 0.0470 0.0077 
   H171901.5  1 0.0117 0.8083 0.0332 0.0045 0.0181 0.0073 0.0328 0.0044 0.0120 0.0561 0.0116 
   H171901.6  1 0.0279 0.7294 0.0552 0.0079 0.0480 0.0065 0.0478 0.0101 0.0115 0.0350 0.0208 
   H171901.7  1 0.0201 0.5750 0.2664 0.0122 0.0280 0.0067 0.0122 0.0348 0.0227 0.0151 0.0068 
   H171902.1  1 0.0049 0.0041 0.0041 0.0030 0.0036 0.0024 0.0033 0.0025 0.0040 0.0021 0.9660 
  H171902.10  1 0.0027 0.0039 0.0040 0.0024 0.0034 0.0025 0.0036 0.0026 0.0050 0.0050 0.9649 
   H171902.2  1 0.0051 0.0080 0.0036 0.0024 0.0048 0.0029 0.0041 0.0063 0.0046 0.0038 0.9544 
   H171902.3  1 0.0037 0.0130 0.0057 0.0034 0.0047 0.0026 0.0043 0.0036 0.0042 0.0048 0.9501 
   H171902.4  1 0.0037 0.0098 0.0030 0.0021 0.0028 0.0027 0.0039 0.0022 0.0030 0.0029 0.9640 
   H171902.6  1 0.0029 0.0039 0.0037 0.0027 0.0043 0.0029 0.0038 0.0021 0.0035 0.0032 0.9668 
   H171902.7  1 0.0033 0.0112 0.0391 0.0029 0.0032 0.0032 0.0046 0.0033 0.0032 0.0135 0.9124 
   H171902.8  1 0.0035 0.0062 0.0039 0.0031 0.0045 0.0026 0.0035 0.0032 0.0037 0.0035 0.9623 
   H171902.9  1 0.0033 0.0028 0.0044 0.0026 0.0079 0.0031 0.0034 0.0026 0.0027 0.0034 0.9638 
   H171903.1  1 0.0047 0.0033 0.9339 0.0039 0.0184 0.0079 0.0046 0.0043 0.0036 0.0120 0.0035 
   H171903.2  1 0.0065 0.0034 0.8978 0.0076 0.0154 0.0139 0.0103 0.0031 0.0043 0.0342 0.0035 
   H171903.3  1 0.0036 0.0049 0.8765 0.0202 0.0098 0.0066 0.0400 0.0051 0.0043 0.0254 0.0036 
   H171903.4  1 0.0067 0.0036 0.9241 0.0035 0.0086 0.0050 0.0061 0.0071 0.0045 0.0067 0.0241 
   H171903.5  1 0.0051 0.0195 0.8658 0.0039 0.0287 0.0089 0.0098 0.0108 0.0064 0.0357 0.0053 
   H171903.6  1 0.0043 0.0134 0.9292 0.0050 0.0077 0.0035 0.0041 0.0113 0.0041 0.0110 0.0063 
      H177.1  1 0.0075 0.0409 0.8012 0.0104 0.0100 0.0046 0.0450 0.0094 0.0361 0.0106 0.0243 
      H177.2  1 0.1977 0.0678 0.3655 0.0124 0.0268 0.0149 0.1193 0.0059 0.1440 0.0374 0.0084 
      H177.3  1 0.0277 0.1174 0.7001 0.0119 0.0102 0.0082 0.0436 0.0052 0.0370 0.0112 0.0275 
      H177.4  1 0.0091 0.0339 0.5615 0.0355 0.0030 0.0080 0.0096 0.0025 0.3189 0.0083 0.0097 
      H177.5  1 0.0194 0.0160 0.6786 0.0063 0.0101 0.0239 0.0784 0.0104 0.0691 0.0790 0.0089 
      H177.6  1 0.0153 0.2610 0.5338 0.0091 0.0165 0.0066 0.0614 0.0057 0.0526 0.0137 0.0243 
      H179.1  1 0.0040 0.0045 0.0109 0.0025 0.0100 0.0064 0.0139 0.0155 0.9201 0.0073 0.0048 
      H179.2  1 0.0029 0.0058 0.0089 0.0210 0.0060 0.0037 0.0245 0.0054 0.9029 0.0120 0.0069 
      H179.3  1 0.0042 0.0052 0.0408 0.0056 0.0209 0.0086 0.0112 0.0230 0.8659 0.0095 0.0051 
      H179.4  1 0.0156 0.0215 0.0357 0.0779 0.0073 0.0060 0.0346 0.0142 0.7694 0.0122 0.0058 
      H180.1  1 0.0025 0.0040 0.0038 0.0025 0.0079 0.0053 0.0072 0.0065 0.0152 0.9369 0.0082 
      H180.2  1 0.0029 0.0035 0.0042 0.0034 0.0060 0.0031 0.0061 0.0091 0.0054 0.9518 0.0044 
      H180.3  1 0.0087 0.0055 0.0109 0.0052 0.0393 0.0039 0.0086 0.0095 0.0083 0.8947 0.0054 
      H180.4  1 0.0040 0.0091 0.0055 0.0034 0.0073 0.0057 0.0057 0.0067 0.0114 0.9335 0.0077 
      H180.5  1 0.0062 0.0086 0.0070 0.0036 0.0096 0.0049 0.0036 0.0119 0.0177 0.9192 0.0077 
      H180.6  1 0.0258 0.0130 0.0138 0.0043 0.0119 0.0040 0.0044 0.0037 0.0080 0.9038 0.0074 
      H181.1  1 0.0154 0.1022 0.0339 0.0076 0.0110 0.0051 0.0162 0.0241 0.2852 0.4582 0.0411 
      H181.2  1 0.0756 0.0161 0.0153 0.0065 0.0137 0.0124 0.0482 0.0295 0.6345 0.1005 0.0477 
      H181.3  1 0.0306 0.1131 0.0165 0.0050 0.0145 0.0138 0.0140 0.0472 0.5520 0.0989 0.0943 
      H181.4  1 0.0305 0.1222 0.0244 0.0126 0.1203 0.0142 0.0332 0.0233 0.1050 0.5020 0.0124 
      H181.5  1 0.0053 0.0191 0.0085 0.0053 0.0043 0.0079 0.0163 0.0201 0.8926 0.0126 0.0081 
      H181.6  1 0.0054 0.0072 0.0120 0.0082 0.0228 0.0070 0.0113 0.0061 0.8714 0.0425 0.0060 
      H181.7  1 0.0063 0.0229 0.0127 0.0075 0.0121 0.0083 0.0057 0.0102 0.8770 0.0339 0.0035 
 H194.1_2004  1 0.0070 0.0044 0.9478 0.0036 0.0073 0.0072 0.0059 0.0045 0.0030 0.0045 0.0049 
 H194.2_2004  1 0.0106 0.0049 0.9499 0.0028 0.0048 0.0049 0.0042 0.0053 0.0033 0.0041 0.0052 
 H194.3_2004  1 0.0304 0.0507 0.6830 0.0048 0.0053 0.0051 0.1769 0.0045 0.0238 0.0042 0.0110 
 H194.4_2004  1 0.0805 0.0244 0.8447 0.0037 0.0057 0.0031 0.0088 0.0062 0.0075 0.0035 0.0119 
 H194.5_2004  1 0.0179 0.0220 0.8567 0.0093 0.0057 0.0058 0.0566 0.0050 0.0101 0.0046 0.0065 
 H194.6_2004  1 0.0166 0.0472 0.8399 0.0140 0.0062 0.0041 0.0404 0.0055 0.0077 0.0054 0.0130 
 H194.7_2004  1 0.0082 0.0042 0.9492 0.0026 0.0047 0.0095 0.0045 0.0070 0.0031 0.0042 0.0028 
 H194.8_2004  1 0.0261 0.0220 0.8977 0.0072 0.0061 0.0041 0.0134 0.0045 0.0071 0.0046 0.0073 
      H194.9  1 0.0186 0.0080 0.9319 0.0029 0.0075 0.0040 0.0059 0.0079 0.0040 0.0048 0.0043 
 H195.1_2003  1 0.9067 0.0238 0.0148 0.0061 0.0054 0.0055 0.0144 0.0054 0.0045 0.0048 0.0088 
 H195.1_2004  1 0.9623 0.0049 0.0041 0.0030 0.0030 0.0039 0.0049 0.0036 0.0032 0.0035 0.0036 
 H195.2_2003  1 0.8542 0.0095 0.0326 0.0091 0.0233 0.0149 0.0131 0.0136 0.0068 0.0102 0.0128 
 H195.2_2004  1 0.9665 0.0044 0.0030 0.0024 0.0025 0.0026 0.0052 0.0043 0.0024 0.0041 0.0027 
 H195.3_2003  1 0.6383 0.0047 0.0784 0.0056 0.1692 0.0138 0.0166 0.0311 0.0045 0.0334 0.0045 
 H195.3_2004  1 0.9519 0.0150 0.0039 0.0036 0.0027 0.0031 0.0052 0.0032 0.0026 0.0031 0.0057 
 H195.4_2003  1 0.9482 0.0107 0.0053 0.0039 0.0041 0.0043 0.0064 0.0029 0.0047 0.0041 0.0055 
 H195.4_2004  1 0.9675 0.0036 0.0039 0.0041 0.0024 0.0029 0.0025 0.0053 0.0028 0.0020 0.0030 
 H195.5_2003  1 0.8928 0.0226 0.0138 0.0055 0.0077 0.0082 0.0257 0.0073 0.0042 0.0058 0.0065 
 H195.5_2004  1 0.9606 0.0039 0.0043 0.0060 0.0035 0.0031 0.0042 0.0041 0.0038 0.0029 0.0038 
 H195.6_2003  1 0.9313 0.0047 0.0070 0.0041 0.0174 0.0065 0.0043 0.0057 0.0030 0.0073 0.0088 
 H195.6_2004  1 0.9632 0.0037 0.0051 0.0038 0.0022 0.0036 0.0040 0.0034 0.0041 0.0032 0.0037 
 H195.7_2003  1 0.8854 0.0143 0.0285 0.0087 0.0046 0.0132 0.0150 0.0113 0.0048 0.0085 0.0058 
 H195.7_2004  1 0.9663 0.0033 0.0028 0.0030 0.0039 0.0033 0.0039 0.0046 0.0025 0.0031 0.0032 
      H195.8  1 0.9634 0.0037 0.0041 0.0045 0.0034 0.0031 0.0032 0.0056 0.0025 0.0033 0.0032 
      H195.9  1 0.9592 0.0073 0.0054 0.0049 0.0025 0.0029 0.0061 0.0026 0.0031 0.0029 0.0030 
      H415.1  1 0.0192 0.0911 0.0148 0.0027 0.0591 0.0050 0.7616 0.0061 0.0075 0.0242 0.0086 
      H415.2  1 0.0051 0.0117 0.0850 0.0049 0.0359 0.0668 0.4281 0.0062 0.0461 0.0150 0.2953 
      H415.3  1 0.0097 0.2195 0.0109 0.0056 0.0134 0.0175 0.5649 0.0084 0.0956 0.0345 0.0200 
      H415.4  1 0.0093 0.0525 0.0067 0.0035 0.0257 0.0047 0.8573 0.0037 0.0045 0.0238 0.0083 
      H415.5  1 0.0103 0.1419 0.0111 0.0046 0.0085 0.0058 0.7557 0.0047 0.0110 0.0168 0.0295 
      H415.6  1 0.0152 0.0433 0.0087 0.0031 0.0201 0.0058 0.8477 0.0032 0.0044 0.0410 0.0076 
      H415.7  1 0.0215 0.1738 0.2414 0.0240 0.0138 0.0300 0.2251 0.0059 0.0967 0.0092 0.1585 
      H506.1  1 0.0035 0.0048 0.0028 0.0039 0.0022 0.0038 0.0039 0.0029 0.9671 0.0030 0.0021 
      H506.2  1 0.0077 0.0041 0.0037 0.0029 0.0018 0.0033 0.0038 0.0023 0.9654 0.0029 0.0023 
      H506.3  1 0.0055 0.0040 0.0064 0.0036 0.0036 0.0057 0.0074 0.0041 0.9516 0.0039 0.0042 
      H506.4  1 0.0036 0.0066 0.0061 0.0099 0.0039 0.0045 0.0038 0.0036 0.9472 0.0056 0.0051 
      H506.5  1 0.0059 0.0067 0.0042 0.0059 0.0025 0.0040 0.0045 0.0030 0.9557 0.0027 0.0049 
      H506.6  1 0.0242 0.0049 0.0164 0.0106 0.0066 0.0098 0.0059 0.0038 0.9081 0.0052 0.0045 
      H506.7  1 0.0058 0.0041 0.0025 0.0035 0.0019 0.0032 0.0041 0.0029 0.9656 0.0030 0.0033 
      H533.1  1 0.0029 0.0059 0.0027 0.0033 0.0022 0.0027 0.0052 0.0020 0.9669 0.0040 0.0024 
      H533.2  1 0.0033 0.0077 0.0025 0.0034 0.0025 0.0025 0.0044 0.0028 0.9634 0.0049 0.0026 
      H533.3  1 0.0034 0.0054 0.0056 0.0039 0.0033 0.0038 0.0038 0.0028 0.9620 0.0037 0.0023 
      H533.4  1 0.0182 0.0114 0.0133 0.0084 0.0040 0.0033 0.0042 0.0036 0.9267 0.0039 0.0032 
      H535.1  1 0.0025 0.0033 0.0040 0.9668 0.0046 0.0023 0.0030 0.0025 0.0033 0.0027 0.0050 
      H535.2  1 0.0045 0.0028 0.0035 0.9664 0.0024 0.0043 0.0035 0.0030 0.0046 0.0025 0.0024 
      H535.3  1 0.0034 0.0023 0.0032 0.9708 0.0024 0.0032 0.0028 0.0037 0.0033 0.0024 0.0026 
      H535.4  1 0.0040 0.0042 0.0032 0.9677 0.0023 0.0028 0.0046 0.0028 0.0033 0.0026 0.0024 
      H535.5  1 0.0030 0.0040 0.0036 0.9709 0.0025 0.0021 0.0033 0.0024 0.0037 0.0023 0.0023 
      H535.6  1 0.0054 0.0025 0.0045 0.9559 0.0075 0.0022 0.0033 0.0028 0.0028 0.0036 0.0095 
      H535.7  1 0.0023 0.0027 0.0027 0.9766 0.0020 0.0020 0.0029 0.0021 0.0029 0.0020 0.0018 
      H535.8  1 0.0034 0.0026 0.0031 0.9719 0.0027 0.0024 0.0034 0.0024 0.0030 0.0027 0.0024 
      H535.9  1 0.0037 0.0028 0.0036 0.9684 0.0031 0.0022 0.0026 0.0031 0.0036 0.0032 0.0037 
      H539.1  1 0.0024 0.0025 0.0037 0.0021 0.9694 0.0025 0.0027 0.0026 0.0021 0.0038 0.0062 
      H539.2  1 0.0054 0.0055 0.0434 0.0112 0.8390 0.0044 0.0108 0.0587 0.0044 0.0129 0.0044 
      H539.3  1 0.0075 0.0032 0.0173 0.0110 0.9260 0.0038 0.0060 0.0120 0.0035 0.0046 0.0052 
      H539.4  1 0.0027 0.0031 0.0053 0.0029 0.9560 0.0050 0.0049 0.0058 0.0031 0.0072 0.0040 
      H539.5  1 0.0023 0.0020 0.0052 0.0032 0.9703 0.0026 0.0024 0.0030 0.0022 0.0032 0.0036 
      H539.6  1 0.0040 0.0022 0.0072 0.0029 0.9638 0.0029 0.0023 0.0025 0.0027 0.0043 0.0052 
      H539.7  1 0.0024 0.0033 0.0038 0.0030 0.9678 0.0030 0.0025 0.0049 0.0021 0.0036 0.0036 
      H539.8  1 0.0047 0.0046 0.0123 0.0217 0.9143 0.0042 0.0066 0.0163 0.0041 0.0077 0.0035 
      H539.9  1 0.0026 0.0022 0.0033 0.0020 0.9702 0.0026 0.0037 0.0038 0.0025 0.0047 0.0023 
      H540.1  1 0.0081 0.0041 0.0398 0.0054 0.9159 0.0053 0.0032 0.0031 0.0053 0.0039 0.0059 
      H540.2  1 0.0034 0.0035 0.0077 0.0022 0.9577 0.0038 0.0045 0.0046 0.0039 0.0043 0.0045 
      H540.3  1 0.0168 0.0280 0.0267 0.0063 0.8235 0.0061 0.0426 0.0228 0.0076 0.0134 0.0063 
      H540.4  1 0.0056 0.0033 0.0081 0.0054 0.9401 0.0080 0.0040 0.0065 0.0071 0.0061 0.0059 
      H540.5  1 0.0023 0.0047 0.0070 0.0026 0.9552 0.0037 0.0063 0.0059 0.0030 0.0039 0.0053 
      H540.6  1 0.0067 0.0071 0.0348 0.0040 0.9071 0.0085 0.0052 0.0094 0.0067 0.0055 0.0050 
      H540.7  1 0.0055 0.0152 0.0129 0.0034 0.9200 0.0087 0.0066 0.0067 0.0113 0.0040 0.0057 
      H540.8  1 0.0045 0.0106 0.1162 0.0045 0.8316 0.0036 0.0055 0.0043 0.0040 0.0043 0.0108 
     H9558.1  1 0.0028 0.0019 0.0045 0.0203 0.9368 0.0025 0.0033 0.0051 0.0063 0.0040 0.0125 
     H9558.2  1 0.0045 0.0047 0.0085 0.0207 0.8954 0.0071 0.0096 0.0088 0.0189 0.0113 0.0106 
     H9558.3  1 0.0031 0.0025 0.0065 0.0078 0.9260 0.0116 0.0077 0.0105 0.0049 0.0164 0.0030 
     H9558.4  1 0.0021 0.0025 0.0055 0.0160 0.9466 0.0024 0.0031 0.0071 0.0059 0.0043 0.0047 
     H9558.5  1 0.0017 0.0030 0.0032 0.0116 0.9524 0.0045 0.0031 0.0108 0.0028 0.0043 0.0024 
     H9558.6  1 0.0031 0.0076 0.0043 0.0095 0.9384 0.0061 0.0090 0.0044 0.0037 0.0092 0.0048 
    kos339.1  1 0.0028 0.9311 0.0041 0.0061 0.0042 0.0153 0.0058 0.0032 0.0152 0.0054 0.0069 
    kos339.2  1 0.0049 0.9446 0.0047 0.0049 0.0048 0.0079 0.0069 0.0043 0.0072 0.0052 0.0045 
    kos339.3  1 0.0039 0.9651 0.0037 0.0051 0.0035 0.0022 0.0029 0.0031 0.0044 0.0031 0.0029 
    kos339.4  1 0.0034 0.9625 0.0031 0.0046 0.0039 0.0029 0.0038 0.0032 0.0047 0.0033 0.0048 
    kos339.5  1 0.0029 0.9554 0.0040 0.0029 0.0037 0.0063 0.0033 0.0033 0.0093 0.0038 0.0052 
    kos339.6  1 0.0046 0.9584 0.0042 0.0030 0.0036 0.0054 0.0042 0.0029 0.0067 0.0033 0.0037 
    kos339.7  1 0.0030 0.9602 0.0036 0.0108 0.0026 0.0022 0.0035 0.0033 0.0051 0.0028 0.0029 
    kos339.8  1 0.0048 0.9510 0.0032 0.0035 0.0029 0.0051 0.0042 0.0040 0.0124 0.0039 0.0049 
    kos339.9  1 0.0074 0.9053 0.0093 0.0040 0.0140 0.0074 0.0136 0.0027 0.0079 0.0104 0.0180 
      H409.1 12 0.0035 0.0075 0.0031 0.0033 0.0023 0.0068 0.9508 0.0062 0.0101 0.0038 0.0026 
     H409.10 12 0.0055 0.0041 0.0040 0.0042 0.0113 0.0077 0.9235 0.0114 0.0175 0.0047 0.0060 
      H409.2 12 0.0030 0.0045 0.0031 0.0059 0.0027 0.0028 0.9610 0.0035 0.0075 0.0031 0.0029 
      H409.3 12 0.0044 0.0064 0.0061 0.0078 0.0041 0.0042 0.9408 0.0076 0.0100 0.0055 0.0030 
      H409.4 12 0.0030 0.0064 0.0045 0.0061 0.0033 0.0044 0.9539 0.0048 0.0050 0.0057 0.0029 
      H409.5 12 0.0046 0.0040 0.0051 0.0075 0.0067 0.0052 0.9372 0.0048 0.0081 0.0089 0.0080 
      H409.6 12 0.0070 0.0073 0.0346 0.0227 0.0113 0.0175 0.6432 0.0161 0.0515 0.1843 0.0046 
      H409.7 12 0.0052 0.0072 0.0043 0.0033 0.0025 0.0127 0.9454 0.0054 0.0068 0.0040 0.0034 
      H409.8 12 0.0046 0.0058 0.0072 0.0047 0.0051 0.0150 0.9205 0.0083 0.0137 0.0080 0.0071 
      H409.9 12 0.0053 0.0033 0.0095 0.0176 0.2568 0.0728 0.2723 0.0349 0.2994 0.0227 0.0054 
      H413.1 12 0.0027 0.0055 0.0035 0.0038 0.0038 0.0126 0.0042 0.9438 0.0027 0.0145 0.0028 
      H413.2 12 0.0034 0.0085 0.0028 0.0053 0.0045 0.0042 0.0026 0.9536 0.0045 0.0078 0.0029 
      H413.3 12 0.0028 0.0027 0.0046 0.0024 0.0045 0.0142 0.0036 0.9552 0.0033 0.0035 0.0032 
      H413.4 12 0.0054 0.0096 0.0040 0.0035 0.0057 0.0433 0.0124 0.8918 0.0095 0.0089 0.0060 
      H413.5 12 0.0027 0.0024 0.0038 0.0021 0.0343 0.0040 0.0036 0.9248 0.0038 0.0094 0.0091 
      H413.6 12 0.0041 0.0046 0.0040 0.0027 0.0089 0.0080 0.0060 0.9443 0.0024 0.0126 0.0025 
      H413.7 12 0.0030 0.0050 0.0033 0.0037 0.0062 0.0051 0.0044 0.9589 0.0041 0.0036 0.0027 
      H563.1 12 0.0030 0.0028 0.0036 0.0023 0.0088 0.9531 0.0056 0.0103 0.0033 0.0049 0.0023 
      H563.2 12 0.0032 0.0087 0.0071 0.0039 0.0065 0.9286 0.0145 0.0077 0.0073 0.0060 0.0066 
      H563.3 12 0.0032 0.0029 0.0062 0.0019 0.0069 0.9617 0.0043 0.0030 0.0030 0.0040 0.0028 
      H563.4 12 0.0031 0.0055 0.0072 0.0025 0.0051 0.9444 0.0081 0.0090 0.0045 0.0063 0.0042 
      H563.5 12 0.0026 0.0031 0.0035 0.0018 0.0081 0.9631 0.0046 0.0049 0.0023 0.0040 0.0021 
      H563.6 12 0.0035 0.0093 0.0040 0.0029 0.0047 0.9471 0.0078 0.0061 0.0050 0.0038 0.0060 
      H563.7 12 0.0026 0.0113 0.0032 0.0023 0.0036 0.9486 0.0086 0.0064 0.0036 0.0060 0.0037 
      H563.8 12 0.0025 0.0047 0.0062 0.0021 0.0131 0.9477 0.0056 0.0067 0.0038 0.0047 0.0029 
      H563.9 12 0.0048 0.0092 0.0055 0.0023 0.0049 0.9383 0.0095 0.0076 0.0055 0.0068 0.0056 
     H7374.1 12 0.0086 0.0052 0.0120 0.0069 0.0041 0.0060 0.9377 0.0056 0.0041 0.0051 0.0048 
     H7374.2 12 0.0058 0.0026 0.0173 0.0058 0.0097 0.0089 0.9266 0.0100 0.0046 0.0048 0.0041 
     H7374.3 12 0.0256 0.0048 0.0172 0.0071 0.0076 0.0102 0.9037 0.0070 0.0048 0.0050 0.0070 
     H7374.4 12 0.0050 0.0078 0.0047 0.0106 0.0067 0.0076 0.9361 0.0084 0.0038 0.0047 0.0045 
     H7374.5 12 0.0054 0.0072 0.0070 0.0040 0.0111 0.0081 0.9315 0.0063 0.0049 0.0069 0.0076 
     H7374.6 12 0.0206 0.0077 0.0081 0.0152 0.0080 0.0096 0.9051 0.0046 0.0050 0.0046 0.0115 
     H7374.7 12 0.0088 0.0064 0.0040 0.0066 0.0028 0.0047 0.9462 0.0075 0.0035 0.0050 0.0045 
     H7374.8 12 0.0110 0.0070 0.0054 0.0051 0.0029 0.0079 0.9453 0.0034 0.0036 0.0043 0.0041 
     H7374.9 12 0.0070 0.0080 0.0065 0.0038 0.0144 0.0069 0.9229 0.0094 0.0042 0.0076 0.0094 
     H9563.1 12 0.0037 0.0053 0.0037 0.0027 0.0043 0.9600 0.0034 0.0038 0.0053 0.0039 0.0039 
     H9563.2 12 0.0036 0.0033 0.0043 0.0028 0.0069 0.9597 0.0027 0.0045 0.0036 0.0050 0.0037 
     H9563.3 12 0.0050 0.0040 0.0051 0.0048 0.0022 0.9521 0.0054 0.0035 0.0070 0.0069 0.0040 
     H9563.4 12 0.0074 0.0095 0.0182 0.0193 0.0077 0.8972 0.0124 0.0051 0.0042 0.0133 0.0058 
     H9563.5 12 0.0048 0.0068 0.0086 0.0048 0.0047 0.9372 0.0074 0.0047 0.0083 0.0067 0.0059 
     H9563.6 12 0.0037 0.0024 0.0040 0.0050 0.0030 0.9558 0.0042 0.0044 0.0053 0.0100 0.0021 
     H9563.7 12 0.0047 0.0024 0.0052 0.0075 0.0027 0.9557 0.0056 0.0030 0.0058 0.0050 0.0023 
     H9563.8 12 0.0071 0.0122 0.0102 0.0057 0.0070 0.8668 0.0113 0.0098 0.0163 0.0462 0.0074 
     H9563.9 12 0.0042 0.0040 0.0063 0.0034 0.0059 0.9433 0.0040 0.0049 0.0077 0.0120 0.0043 
     H9572.1 12 0.0298 0.0125 0.0183 0.0231 0.1702 0.3530 0.0206 0.0168 0.1125 0.1908 0.0526 
     H9572.2 12 0.0844 0.0077 0.0481 0.0045 0.0164 0.3610 0.0390 0.0082 0.0089 0.3168 0.1050 
     H9572.3 12 0.0073 0.1519 0.2751 0.0356 0.0887 0.0772 0.2310 0.0100 0.0134 0.0925 0.0172 
     H9572.4 12 0.0350 0.1122 0.0750 0.0583 0.0311 0.1481 0.0323 0.0095 0.0416 0.4290 0.0279 
     H9572.5 12 0.0200 0.2103 0.0650 0.0162 0.0182 0.0472 0.0050 0.0049 0.0435 0.5572 0.0125 
