      H105.1  1 0.0118 0.0152 0.0086 0.0177 0.0027 0.0046 0.0032 0.0042 0.0036 0.0032 0.0039 0.0048 0.0065 0.0043 0.0047 0.0061 0.8950 
      H105.2  1 0.0093 0.0079 0.0130 0.0202 0.0097 0.0090 0.0186 0.0021 0.0074 0.0056 0.0050 0.0112 0.0082 0.0085 0.0055 0.0037 0.8549 
      H105.3  1 0.0042 0.0141 0.0070 0.0052 0.0030 0.0047 0.0047 0.0046 0.0025 0.0037 0.0050 0.0049 0.0051 0.0018 0.0031 0.0037 0.9229 
      H105.4  1 0.0154 0.0092 0.0082 0.0359 0.0042 0.0042 0.0199 0.0061 0.0071 0.0089 0.0194 0.0121 0.0062 0.0036 0.0059 0.0031 0.8306 
      H105.5  1 0.0737 0.0072 0.0061 0.1279 0.0032 0.0054 0.0128 0.0050 0.0081 0.0064 0.0080 0.0199 0.0117 0.0104 0.0121 0.0041 0.6780 
      H105.6  1 0.0072 0.0050 0.0046 0.0072 0.0032 0.0049 0.0076 0.0051 0.0063 0.0082 0.0194 0.0101 0.0066 0.0028 0.0079 0.0040 0.8899 
      H105.7  1 0.0061 0.0256 0.0087 0.0149 0.0039 0.0062 0.0059 0.0034 0.0085 0.0041 0.0049 0.0075 0.0040 0.0052 0.0037 0.0043 0.8832 
      H105.8  1 0.0062 0.0082 0.0103 0.0039 0.0022 0.0031 0.0068 0.0030 0.0026 0.0042 0.0028 0.0077 0.0047 0.0026 0.0034 0.0031 0.9250 
      H115.1  1 0.0060 0.0072 0.0063 0.0124 0.0063 0.0052 0.8702 0.0032 0.0036 0.0029 0.0028 0.0186 0.0031 0.0048 0.0219 0.0121 0.0132 
      H115.2  1 0.0066 0.0062 0.0048 0.0078 0.0081 0.0093 0.8751 0.0035 0.0056 0.0025 0.0035 0.0055 0.0035 0.0052 0.0427 0.0059 0.0043 
      H115.3  1 0.0057 0.0064 0.0031 0.0078 0.0078 0.0085 0.9174 0.0033 0.0036 0.0033 0.0034 0.0031 0.0033 0.0025 0.0117 0.0062 0.0029 
      H115.4  1 0.0070 0.0050 0.0320 0.0112 0.0080 0.0117 0.8646 0.0055 0.0039 0.0054 0.0052 0.0032 0.0022 0.0116 0.0042 0.0144 0.0047 
      H115.5  1 0.0206 0.0067 0.0049 0.0082 0.0052 0.0122 0.8176 0.0150 0.0062 0.0104 0.0076 0.0080 0.0036 0.0054 0.0171 0.0295 0.0220 
      H115.6  1 0.0127 0.0096 0.0044 0.0077 0.0370 0.0650 0.7794 0.0056 0.0084 0.0029 0.0060 0.0048 0.0099 0.0058 0.0240 0.0129 0.0039 
      H115.7  1 0.0114 0.0130 0.0061 0.0182 0.0071 0.0112 0.8465 0.0062 0.0077 0.0033 0.0048 0.0110 0.0065 0.0096 0.0100 0.0080 0.0194 
      H115.8  1 0.0057 0.0061 0.0037 0.0058 0.0087 0.0056 0.9144 0.0035 0.0033 0.0020 0.0030 0.0034 0.0035 0.0059 0.0130 0.0072 0.0050 
      H115.9  1 0.0065 0.0092 0.0160 0.0182 0.0069 0.0089 0.7460 0.0036 0.0043 0.0037 0.0024 0.0195 0.0031 0.0038 0.1302 0.0092 0.0084 
      H145.1  1 0.0088 0.0097 0.0038 0.0156 0.0215 0.0189 0.0058 0.8521 0.0168 0.0048 0.0048 0.0060 0.0085 0.0044 0.0111 0.0046 0.0027 
      H145.2  1 0.0072 0.0051 0.0047 0.0074 0.0083 0.0072 0.0060 0.9129 0.0076 0.0062 0.0053 0.0037 0.0036 0.0022 0.0044 0.0059 0.0024 
      H145.3  1 0.0042 0.0027 0.0021 0.0029 0.0102 0.0023 0.0027 0.9487 0.0031 0.0029 0.0022 0.0027 0.0034 0.0024 0.0028 0.0024 0.0024 
      H145.4  1 0.0047 0.0085 0.0033 0.0062 0.0046 0.0087 0.0040 0.9084 0.0157 0.0029 0.0050 0.0061 0.0049 0.0044 0.0056 0.0044 0.0028 
      H145.5  1 0.0040 0.0030 0.0027 0.0043 0.0240 0.0030 0.0027 0.9306 0.0037 0.0019 0.0028 0.0026 0.0037 0.0029 0.0026 0.0029 0.0027 
      H145.6  1 0.0058 0.0063 0.0040 0.0044 0.0052 0.0072 0.0021 0.9284 0.0058 0.0036 0.0072 0.0022 0.0032 0.0024 0.0034 0.0056 0.0033 
      H145.7  1 0.0041 0.0038 0.0025 0.0033 0.0037 0.0038 0.0035 0.9455 0.0044 0.0029 0.0038 0.0034 0.0030 0.0024 0.0021 0.0051 0.0026 
      H149.1  1 0.0034 0.0032 0.0034 0.0023 0.0063 0.0058 0.0029 0.0033 0.0055 0.0029 0.0027 0.0041 0.0046 0.0029 0.0028 0.9414 0.0025 
      H149.2  1 0.0063 0.0052 0.0028 0.0063 0.0069 0.0042 0.0034 0.0086 0.0059 0.0036 0.0035 0.0049 0.0045 0.0031 0.0030 0.9247 0.0030 
      H149.3  1 0.0478 0.0578 0.0155 0.0350 0.0145 0.0136 0.0234 0.0364 0.0193 0.0082 0.0071 0.0118 0.0044 0.0178 0.0040 0.6774 0.0060 
      H149.4  1 0.0039 0.0058 0.0126 0.0021 0.0066 0.0041 0.0029 0.0037 0.0045 0.0038 0.0024 0.0043 0.0029 0.0038 0.0031 0.9278 0.0058 
      H149.5  1 0.0235 0.0604 0.0161 0.0322 0.0044 0.0068 0.0042 0.0161 0.0073 0.0105 0.0067 0.0078 0.0054 0.0066 0.0024 0.7801 0.0095 
      H149.6  1 0.0059 0.0062 0.0035 0.0039 0.0055 0.0065 0.0019 0.0098 0.0054 0.0032 0.0034 0.0041 0.0033 0.0047 0.0021 0.9260 0.0046 
      H149.7  1 0.0448 0.0379 0.0370 0.0165 0.0113 0.0123 0.0158 0.0047 0.0356 0.0054 0.0068 0.0125 0.0061 0.0442 0.0033 0.6942 0.0117 
      H150.1  1 0.0067 0.0076 0.0034 0.0074 0.0067 0.0037 0.7206 0.0048 0.0049 0.0021 0.0056 0.0049 0.0033 0.0039 0.2071 0.0028 0.0046 
      H150.2  1 0.0064 0.0057 0.0033 0.0035 0.0133 0.0073 0.8646 0.0024 0.0065 0.0031 0.0064 0.0047 0.0039 0.0083 0.0518 0.0048 0.0040 
      H150.3  1 0.0121 0.0125 0.0033 0.0103 0.0481 0.0106 0.3152 0.0076 0.0070 0.0024 0.0061 0.0104 0.0097 0.0143 0.5097 0.0057 0.0150 
      H150.4  1 0.0070 0.0071 0.0027 0.0061 0.0109 0.0069 0.1113 0.0081 0.0041 0.0018 0.0040 0.0043 0.0057 0.0105 0.7985 0.0031 0.0080 
      H150.5  1 0.0085 0.0145 0.0035 0.0092 0.0041 0.0086 0.8685 0.0041 0.0056 0.0027 0.0060 0.0060 0.0053 0.0087 0.0344 0.0039 0.0064 
      H150.6  1 0.0105 0.0047 0.0051 0.0044 0.0058 0.0053 0.8926 0.0078 0.0034 0.0037 0.0120 0.0077 0.0100 0.0082 0.0113 0.0032 0.0044 
      H150.7  1 0.0061 0.0056 0.0050 0.0061 0.0210 0.0043 0.2724 0.0045 0.0047 0.0018 0.0048 0.0042 0.0037 0.0030 0.6339 0.0063 0.0124 
   H169607.1  1 0.0180 0.0036 0.0072 0.8802 0.0148 0.0091 0.0088 0.0089 0.0048 0.0030 0.0081 0.0046 0.0066 0.0053 0.0091 0.0040 0.0038 
   H169607.2  1 0.0037 0.0045 0.0030 0.9373 0.0045 0.0029 0.0033 0.0027 0.0037 0.0027 0.0080 0.0027 0.0040 0.0035 0.0081 0.0029 0.0025 
   H169607.3  1 0.0104 0.0034 0.0067 0.9145 0.0089 0.0060 0.0047 0.0079 0.0064 0.0030 0.0052 0.0033 0.0037 0.0045 0.0045 0.0037 0.0030 
   H169607.4  1 0.0047 0.0032 0.0020 0.9323 0.0068 0.0034 0.0028 0.0048 0.0041 0.0033 0.0091 0.0029 0.0072 0.0026 0.0056 0.0023 0.0028 
   H169607.5  1 0.0034 0.0028 0.0031 0.9447 0.0029 0.0026 0.0036 0.0034 0.0056 0.0033 0.0027 0.0024 0.0035 0.0031 0.0075 0.0027 0.0026 
   H169607.6  1 0.0029 0.0027 0.0034 0.9422 0.0051 0.0027 0.0028 0.0023 0.0045 0.0035 0.0070 0.0026 0.0035 0.0029 0.0046 0.0023 0.0050 
   H169607.7  1 0.0044 0.0036 0.0088 0.9293 0.0052 0.0035 0.0081 0.0051 0.0041 0.0026 0.0048 0.0019 0.0027 0.0052 0.0043 0.0035 0.0030 
   H169607.8  1 0.0045 0.0026 0.0022 0.9424 0.0040 0.0022 0.0029 0.0036 0.0037 0.0033 0.0062 0.0032 0.0055 0.0029 0.0045 0.0022 0.0042 
   H169633.1  1 0.0101 0.0059 0.0046 0.0038 0.0046 0.0077 0.0055 0.0155 0.0077 0.0049 0.0089 0.0045 0.0056 0.0275 0.0075 0.8650 0.0106 
   H169633.2  1 0.0216 0.0040 0.0058 0.0025 0.0027 0.0995 0.0076 0.0172 0.0050 0.0072 0.0090 0.0094 0.0054 0.0223 0.0025 0.7660 0.0123 
   H169633.3  1 0.0084 0.0086 0.0058 0.0042 0.0037 0.0060 0.0063 0.0055 0.0273 0.0088 0.0072 0.0105 0.0055 0.0070 0.0064 0.8719 0.0068 
   H169633.4  1 0.0098 0.0112 0.0037 0.0065 0.0039 0.0085 0.0048 0.0082 0.0189 0.0063 0.0030 0.0050 0.0090 0.0036 0.0073 0.8824 0.0080 
   H169633.5  1 0.0101 0.0103 0.0039 0.0066 0.0050 0.0062 0.0040 0.0078 0.0156 0.0092 0.0027 0.0051 0.0071 0.0027 0.0083 0.8860 0.0091 
   H169688.1  1 0.0092 0.0035 0.0108 0.0130 0.0204 0.0042 0.0044 0.0059 0.0196 0.0155 0.0074 0.0054 0.0072 0.8510 0.0079 0.0044 0.0101 
   H169688.2  1 0.0047 0.0039 0.0076 0.0038 0.0024 0.0027 0.0029 0.0034 0.0101 0.0037 0.0092 0.0076 0.0045 0.9219 0.0028 0.0028 0.0062 
   H169688.3  1 0.0048 0.0037 0.0032 0.0024 0.0032 0.0054 0.0028 0.0027 0.0035 0.0018 0.0040 0.0057 0.0044 0.9425 0.0039 0.0026 0.0034 
   H169688.4  1 0.0033 0.0031 0.0032 0.0029 0.0026 0.0027 0.0040 0.0035 0.0030 0.0020 0.0026 0.0032 0.0027 0.9527 0.0040 0.0027 0.0019 
   H169688.5  1 0.0032 0.0024 0.0024 0.0038 0.0032 0.0037 0.0046 0.0033 0.0028 0.0026 0.0022 0.0036 0.0021 0.9512 0.0043 0.0024 0.0021 
   H169688.6  1 0.0066 0.0025 0.0506 0.0032 0.0032 0.0022 0.0022 0.0029 0.0039 0.0043 0.0031 0.0023 0.0040 0.8955 0.0027 0.0072 0.0037 
   H169688.7  1 0.0087 0.0054 0.0036 0.0031 0.0120 0.0054 0.0128 0.0162 0.0061 0.0020 0.0063 0.0104 0.0054 0.8886 0.0065 0.0041 0.0035 
   H171901.1  1 0.4499 0.0218 0.0096 0.1188 0.0061 0.0191 0.0684 0.0284 0.0910 0.0027 0.0060 0.0062 0.0043 0.0106 0.0168 0.0068 0.1335 
   H171901.2  1 0.0200 0.0057 0.0029 0.0258 0.0067 0.0067 0.0149 0.0060 0.0167 0.0038 0.0182 0.0056 0.0276 0.0064 0.0220 0.7899 0.0210 
   H171901.3  1 0.0300 0.0100 0.0059 0.0550 0.0046 0.0124 0.0368 0.0045 0.0345 0.0092 0.0260 0.0082 0.0172 0.0221 0.0246 0.6869 0.0122 
   H171901.4  1 0.0192 0.0055 0.0063 0.0276 0.0078 0.0083 0.0236 0.0047 0.0067 0.0053 0.0473 0.0068 0.0149 0.0057 0.0124 0.7750 0.0227 
   H171901.5  1 0.0385 0.0048 0.0096 0.0376 0.0137 0.0238 0.0457 0.0050 0.0078 0.0044 0.0771 0.0120 0.0306 0.0053 0.0186 0.6554 0.0100 
   H171901.6  1 0.0477 0.0058 0.0340 0.0184 0.0246 0.0553 0.0477 0.0069 0.0469 0.0081 0.2070 0.0140 0.0156 0.0090 0.0282 0.4228 0.0080 
   H171901.7  1 0.0388 0.0050 0.0128 0.0193 0.0051 0.0147 0.0300 0.0067 0.4123 0.0082 0.0168 0.0083 0.0057 0.0329 0.0151 0.3624 0.0060 
   H171902.1  1 0.0034 0.0025 0.0050 0.0051 0.9392 0.0070 0.0039 0.0036 0.0038 0.0024 0.0056 0.0033 0.0028 0.0030 0.0037 0.0036 0.0022 
  H171902.10  1 0.0041 0.0033 0.0043 0.0048 0.9430 0.0037 0.0052 0.0028 0.0042 0.0019 0.0023 0.0022 0.0034 0.0051 0.0024 0.0044 0.0029 
   H171902.2  1 0.0051 0.0030 0.0056 0.0055 0.9150 0.0086 0.0048 0.0028 0.0037 0.0031 0.0146 0.0032 0.0028 0.0050 0.0036 0.0100 0.0034 
   H171902.3  1 0.0050 0.0025 0.0044 0.0043 0.9278 0.0078 0.0048 0.0030 0.0039 0.0027 0.0066 0.0036 0.0034 0.0035 0.0053 0.0085 0.0030 
   H171902.4  1 0.0034 0.0033 0.0034 0.0025 0.9409 0.0043 0.0028 0.0040 0.0038 0.0020 0.0024 0.0028 0.0033 0.0032 0.0028 0.0126 0.0025 
   H171902.6  1 0.0028 0.0029 0.0026 0.0036 0.9538 0.0036 0.0028 0.0028 0.0028 0.0026 0.0025 0.0023 0.0031 0.0021 0.0030 0.0046 0.0022 
   H171902.7  1 0.0059 0.0038 0.0037 0.0375 0.8904 0.0055 0.0080 0.0046 0.0134 0.0024 0.0027 0.0038 0.0045 0.0035 0.0029 0.0047 0.0028 
   H171902.8  1 0.0039 0.0023 0.0033 0.0041 0.9417 0.0043 0.0038 0.0041 0.0044 0.0028 0.0050 0.0026 0.0039 0.0030 0.0035 0.0047 0.0027 
   H171902.9  1 0.0030 0.0045 0.0026 0.0044 0.9443 0.0034 0.0034 0.0040 0.0033 0.0028 0.0032 0.0029 0.0035 0.0027 0.0064 0.0029 0.0027 
   H171903.1  1 0.0041 0.0034 0.0034 0.9114 0.0033 0.0051 0.0153 0.0033 0.0066 0.0026 0.0042 0.0033 0.0032 0.0069 0.0154 0.0031 0.0055 
   H171903.2  1 0.0191 0.0088 0.0057 0.8478 0.0030 0.0159 0.0142 0.0059 0.0127 0.0087 0.0068 0.0081 0.0095 0.0065 0.0154 0.0031 0.0086 
   H171903.3  1 0.0387 0.0053 0.0049 0.6286 0.0046 0.1202 0.0077 0.0038 0.0755 0.0199 0.0033 0.0229 0.0164 0.0100 0.0134 0.0040 0.0210 
   H171903.4  1 0.0210 0.0045 0.0036 0.7585 0.0253 0.0182 0.0199 0.0075 0.0321 0.0032 0.0053 0.0058 0.0108 0.0652 0.0093 0.0044 0.0054 
   H171903.5  1 0.0716 0.0071 0.0053 0.7003 0.0055 0.0454 0.0160 0.0050 0.0138 0.0047 0.0049 0.0143 0.0037 0.0570 0.0181 0.0149 0.0122 
   H171903.6  1 0.0051 0.0044 0.0040 0.7976 0.0046 0.0056 0.0120 0.0036 0.0139 0.0064 0.0024 0.0067 0.0034 0.1081 0.0082 0.0111 0.0030 
      H177.1  1 0.0950 0.0063 0.0341 0.0213 0.0092 0.0510 0.0233 0.0067 0.6047 0.0091 0.0045 0.0066 0.0680 0.0197 0.0169 0.0166 0.0069 
      H177.2  1 0.2917 0.0164 0.0679 0.0640 0.0089 0.0540 0.0300 0.2481 0.0489 0.0104 0.0049 0.0124 0.0557 0.0074 0.0188 0.0574 0.0031 
      H177.3  1 0.3220 0.0068 0.0337 0.0626 0.0113 0.0708 0.0247 0.0505 0.2501 0.0239 0.0047 0.0079 0.0426 0.0094 0.0166 0.0579 0.0044 
      H177.4  1 0.0445 0.0088 0.2191 0.0124 0.0078 0.0220 0.0058 0.0083 0.5978 0.0368 0.0070 0.0052 0.0071 0.0033 0.0036 0.0068 0.0037 
      H177.5  1 0.1275 0.0136 0.0573 0.0071 0.0054 0.0484 0.0212 0.0121 0.5985 0.0054 0.0196 0.0120 0.0223 0.0289 0.0070 0.0097 0.0042 
      H177.6  1 0.2240 0.0076 0.0465 0.0422 0.0110 0.0707 0.0279 0.0231 0.3036 0.0109 0.0050 0.0083 0.0557 0.0124 0.0182 0.1303 0.0026 
      H179.1  1 0.0075 0.0082 0.8470 0.0070 0.0039 0.0091 0.0076 0.0023 0.0116 0.0024 0.0085 0.0389 0.0043 0.0235 0.0066 0.0041 0.0074 
      H179.2  1 0.0107 0.0032 0.8196 0.0077 0.0071 0.0254 0.0141 0.0023 0.0076 0.0178 0.0054 0.0387 0.0071 0.0197 0.0047 0.0038 0.0053 
      H179.3  1 0.0143 0.0079 0.7363 0.0169 0.0039 0.0079 0.0164 0.0029 0.0244 0.0039 0.0145 0.0102 0.0050 0.1118 0.0144 0.0041 0.0052 
      H179.4  1 0.0187 0.0056 0.6690 0.0176 0.0054 0.0147 0.0042 0.0057 0.0305 0.0591 0.0677 0.0147 0.0354 0.0247 0.0049 0.0148 0.0073 
      H180.1  1 0.0056 0.0032 0.0196 0.0049 0.0077 0.0078 0.9141 0.0024 0.0026 0.0026 0.0041 0.0042 0.0040 0.0049 0.0050 0.0028 0.0045 
      H180.2  1 0.0053 0.0022 0.0042 0.0027 0.0028 0.0048 0.9398 0.0031 0.0036 0.0036 0.0037 0.0067 0.0023 0.0038 0.0038 0.0025 0.0052 
      H180.3  1 0.0065 0.0028 0.0037 0.0061 0.0035 0.0113 0.9078 0.0052 0.0064 0.0042 0.0047 0.0081 0.0021 0.0051 0.0136 0.0048 0.0041 
      H180.4  1 0.0068 0.0037 0.0087 0.0042 0.0041 0.0041 0.9297 0.0028 0.0031 0.0028 0.0053 0.0045 0.0032 0.0026 0.0034 0.0044 0.0066 
      H180.5  1 0.0038 0.0026 0.0111 0.0035 0.0044 0.0037 0.9395 0.0032 0.0044 0.0029 0.0036 0.0028 0.0025 0.0028 0.0028 0.0036 0.0028 
      H180.6  1 0.0179 0.0040 0.0072 0.0063 0.0051 0.0044 0.8915 0.0147 0.0086 0.0042 0.0062 0.0046 0.0021 0.0032 0.0058 0.0084 0.0058 
      H181.1  1 0.5301 0.0050 0.1615 0.0191 0.0192 0.0417 0.0241 0.0140 0.0114 0.0053 0.0033 0.0075 0.0064 0.0157 0.0080 0.0818 0.0460 
      H181.2  1 0.2910 0.0093 0.4116 0.0068 0.0263 0.0493 0.0347 0.0277 0.0157 0.0053 0.0349 0.0078 0.0202 0.0087 0.0091 0.0147 0.0269 
      H181.3  1 0.4653 0.0090 0.2704 0.0066 0.0447 0.0199 0.0148 0.0103 0.0092 0.0045 0.0130 0.0044 0.0101 0.0104 0.0065 0.0586 0.0423 
      H181.4  1 0.6999 0.0136 0.0213 0.0115 0.0062 0.0302 0.0360 0.0099 0.0078 0.0091 0.0106 0.0177 0.0087 0.0131 0.0416 0.0514 0.0113 
      H181.5  1 0.1398 0.0102 0.7051 0.0039 0.0103 0.0147 0.0056 0.0040 0.0140 0.0043 0.0046 0.0144 0.0072 0.0118 0.0040 0.0130 0.0331 
      H181.6  1 0.0570 0.0073 0.7477 0.0102 0.0067 0.0293 0.0466 0.0038 0.0095 0.0079 0.0207 0.0061 0.0062 0.0050 0.0165 0.0059 0.0137 
      H181.7  1 0.1913 0.0064 0.6717 0.0121 0.0038 0.0088 0.0062 0.0048 0.0068 0.0058 0.0083 0.0068 0.0047 0.0159 0.0111 0.0129 0.0225 
 H194.1_2004  1 0.0063 0.0040 0.0029 0.0056 0.0049 0.0091 0.0037 0.0038 0.9268 0.0035 0.0055 0.0041 0.0030 0.0055 0.0048 0.0040 0.0025 
 H194.2_2004  1 0.0053 0.0031 0.0025 0.0099 0.0046 0.0037 0.0028 0.0061 0.9349 0.0027 0.0052 0.0027 0.0034 0.0022 0.0041 0.0035 0.0032 
 H194.3_2004  1 0.0063 0.0037 0.0073 0.0042 0.0067 0.0085 0.0028 0.0060 0.8746 0.0060 0.0092 0.0330 0.0068 0.0053 0.0025 0.0144 0.0027 
 H194.4_2004  1 0.0038 0.0017 0.0025 0.0051 0.0059 0.0062 0.0023 0.0114 0.9263 0.0035 0.0061 0.0033 0.0038 0.0030 0.0038 0.0074 0.0039 
 H194.5_2004  1 0.0059 0.0044 0.0040 0.0091 0.0051 0.0149 0.0023 0.0052 0.8724 0.0071 0.0138 0.0234 0.0062 0.0035 0.0041 0.0148 0.0037 
 H194.6_2004  1 0.0087 0.0035 0.0042 0.0065 0.0106 0.0081 0.0038 0.0047 0.8706 0.0114 0.0099 0.0225 0.0063 0.0050 0.0061 0.0148 0.0033 
 H194.7_2004  1 0.0037 0.0030 0.0020 0.0048 0.0026 0.0029 0.0028 0.0047 0.9483 0.0028 0.0027 0.0034 0.0030 0.0037 0.0029 0.0027 0.0042 
 H194.8_2004  1 0.0063 0.0029 0.0028 0.0046 0.0045 0.0070 0.0024 0.0055 0.9173 0.0052 0.0121 0.0055 0.0048 0.0031 0.0051 0.0063 0.0046 
      H194.9  1 0.0057 0.0032 0.0018 0.0043 0.0046 0.0044 0.0028 0.0039 0.9392 0.0033 0.0064 0.0028 0.0027 0.0030 0.0051 0.0033 0.0036 
 H195.1_2003  1 0.0030 0.0021 0.0024 0.0025 0.0027 0.0037 0.0022 0.0028 0.0034 0.0023 0.9564 0.0032 0.0034 0.0025 0.0022 0.0032 0.0018 
 H195.1_2004  1 0.0046 0.0040 0.0028 0.0029 0.0039 0.0040 0.0042 0.9341 0.0036 0.0027 0.0068 0.0023 0.0093 0.0035 0.0028 0.0059 0.0026 
 H195.2_2003  1 0.0058 0.0046 0.0037 0.0063 0.0066 0.0041 0.0029 0.0073 0.0056 0.0049 0.8927 0.0029 0.0063 0.0316 0.0080 0.0030 0.0037 
 H195.2_2004  1 0.0066 0.0034 0.0028 0.0039 0.0032 0.0047 0.0043 0.8140 0.0055 0.0033 0.1164 0.0027 0.0053 0.0110 0.0031 0.0068 0.0028 
 H195.3_2003  1 0.0111 0.0051 0.0028 0.0140 0.0035 0.0033 0.0037 0.0050 0.0065 0.0037 0.8609 0.0077 0.0083 0.0167 0.0367 0.0022 0.0088 
 H195.3_2004  1 0.0078 0.0028 0.0034 0.0037 0.0075 0.0091 0.0032 0.7345 0.0081 0.0044 0.1830 0.0040 0.0060 0.0030 0.0024 0.0137 0.0035 
 H195.4_2003  1 0.0047 0.0045 0.0040 0.0035 0.0030 0.0088 0.0033 0.0433 0.0072 0.0041 0.8875 0.0029 0.0037 0.0022 0.0028 0.0118 0.0026 
 H195.4_2004  1 0.0057 0.0026 0.0038 0.0038 0.0032 0.0046 0.0027 0.8970 0.0068 0.0058 0.0339 0.0035 0.0040 0.0119 0.0025 0.0054 0.0029 
 H195.5_2003  1 0.0041 0.0056 0.0025 0.0023 0.0027 0.0040 0.0073 0.0067 0.0035 0.0052 0.9206 0.0032 0.0127 0.0023 0.0041 0.0060 0.0072 
 H195.5_2004  1 0.0044 0.0033 0.0040 0.0027 0.0037 0.0034 0.0032 0.9138 0.0038 0.0052 0.0284 0.0027 0.0049 0.0026 0.0028 0.0042 0.0069 
 H195.6_2003  1 0.0065 0.0077 0.0036 0.0076 0.0059 0.0042 0.0041 0.0438 0.0042 0.0046 0.8712 0.0030 0.0076 0.0129 0.0080 0.0026 0.0024 
 H195.6_2004  1 0.0051 0.0038 0.0038 0.0054 0.0034 0.0040 0.0023 0.8304 0.0069 0.0048 0.1042 0.0042 0.0054 0.0054 0.0021 0.0036 0.0052 
 H195.7_2003  1 0.0080 0.0037 0.0028 0.0045 0.0024 0.0041 0.0021 0.0220 0.0039 0.0033 0.8910 0.0028 0.0039 0.0368 0.0026 0.0031 0.0031 
 H195.7_2004  1 0.0046 0.0025 0.0024 0.0031 0.0023 0.0026 0.0068 0.9392 0.0025 0.0025 0.0078 0.0023 0.0038 0.0066 0.0060 0.0023 0.0027 
      H195.8  1 0.0035 0.0027 0.0029 0.0036 0.0031 0.0024 0.0030 0.9515 0.0034 0.0030 0.0037 0.0024 0.0038 0.0032 0.0028 0.0027 0.0023 
      H195.9  1 0.0055 0.0034 0.0030 0.0062 0.0035 0.0041 0.0049 0.8477 0.0083 0.0089 0.0774 0.0043 0.0051 0.0048 0.0026 0.0077 0.0026 
      H415.1  1 0.0322 0.0052 0.0045 0.0030 0.0045 0.8736 0.0102 0.0046 0.0070 0.0018 0.0046 0.0062 0.0065 0.0097 0.0142 0.0064 0.0059 
      H415.2  1 0.0261 0.0237 0.0122 0.0213 0.0836 0.7255 0.0072 0.0040 0.0151 0.0036 0.0037 0.0185 0.0164 0.0133 0.0158 0.0043 0.0058 
      H415.3  1 0.0152 0.0061 0.0165 0.0029 0.0040 0.9024 0.0072 0.0037 0.0034 0.0026 0.0038 0.0037 0.0044 0.0053 0.0034 0.0125 0.0029 
      H415.4  1 0.0249 0.0037 0.0030 0.0028 0.0046 0.9121 0.0064 0.0035 0.0045 0.0025 0.0051 0.0067 0.0049 0.0029 0.0049 0.0051 0.0026 
      H415.5  1 0.0032 0.0027 0.0034 0.0028 0.0043 0.9414 0.0033 0.0032 0.0036 0.0028 0.0040 0.0049 0.0032 0.0029 0.0026 0.0091 0.0027 
      H415.6  1 0.0203 0.0028 0.0029 0.0027 0.0036 0.9226 0.0050 0.0043 0.0044 0.0032 0.0045 0.0052 0.0040 0.0026 0.0045 0.0044 0.0030 
      H415.7  1 0.0195 0.0127 0.0152 0.0248 0.0364 0.8087 0.0041 0.0061 0.0138 0.0057 0.0068 0.0041 0.0124 0.0101 0.0059 0.0098 0.0040 
      H506.1  1 0.0044 0.0041 0.9485 0.0027 0.0025 0.0024 0.0021 0.0024 0.0022 0.0041 0.0033 0.0068 0.0029 0.0021 0.0017 0.0051 0.0028 
      H506.2  1 0.0034 0.0031 0.9493 0.0030 0.0024 0.0025 0.0023 0.0070 0.0030 0.0028 0.0038 0.0033 0.0031 0.0021 0.0017 0.0041 0.0031 
      H506.3  1 0.0052 0.0057 0.9231 0.0053 0.0030 0.0041 0.0045 0.0042 0.0033 0.0031 0.0044 0.0115 0.0049 0.0087 0.0030 0.0034 0.0026 
      H506.4  1 0.0064 0.0053 0.9215 0.0067 0.0047 0.0056 0.0060 0.0029 0.0038 0.0107 0.0036 0.0043 0.0031 0.0041 0.0046 0.0047 0.0020 
      H506.5  1 0.0038 0.0040 0.9359 0.0042 0.0033 0.0052 0.0026 0.0044 0.0035 0.0075 0.0053 0.0037 0.0046 0.0023 0.0025 0.0052 0.0019 
      H506.6  1 0.0154 0.0077 0.8521 0.0189 0.0034 0.0100 0.0056 0.0217 0.0072 0.0063 0.0131 0.0033 0.0143 0.0094 0.0050 0.0036 0.0030 
      H506.7  1 0.0026 0.0032 0.9470 0.0036 0.0025 0.0032 0.0025 0.0049 0.0029 0.0027 0.0048 0.0055 0.0029 0.0023 0.0018 0.0048 0.0030 
      H533.1  1 0.0040 0.0029 0.9479 0.0023 0.0021 0.0040 0.0040 0.0027 0.0021 0.0045 0.0022 0.0061 0.0022 0.0022 0.0017 0.0053 0.0037 
      H533.2  1 0.0033 0.0025 0.9480 0.0028 0.0020 0.0044 0.0038 0.0035 0.0026 0.0041 0.0019 0.0060 0.0027 0.0018 0.0018 0.0056 0.0033 
      H533.3  1 0.0038 0.0031 0.9430 0.0071 0.0021 0.0026 0.0030 0.0039 0.0040 0.0034 0.0021 0.0052 0.0021 0.0027 0.0021 0.0063 0.0035 
      H533.4  1 0.0091 0.0032 0.8896 0.0131 0.0032 0.0057 0.0044 0.0146 0.0111 0.0077 0.0124 0.0027 0.0043 0.0039 0.0038 0.0073 0.0039 
      H535.1  1 0.0032 0.0022 0.0035 0.0032 0.0040 0.0032 0.0033 0.0026 0.0035 0.9512 0.0036 0.0034 0.0030 0.0020 0.0034 0.0028 0.0021 
      H535.2  1 0.0039 0.0034 0.0039 0.0030 0.0024 0.0021 0.0022 0.0036 0.0037 0.9518 0.0030 0.0032 0.0035 0.0020 0.0024 0.0025 0.0034 
      H535.3  1 0.0027 0.0025 0.0031 0.0029 0.0020 0.0023 0.0025 0.0030 0.0023 0.9578 0.0029 0.0035 0.0029 0.0021 0.0021 0.0019 0.0036 
      H535.4  1 0.0023 0.0027 0.0027 0.0025 0.0025 0.0029 0.0023 0.0034 0.0030 0.9553 0.0036 0.0033 0.0035 0.0020 0.0022 0.0035 0.0025 
      H535.5  1 0.0031 0.0020 0.0027 0.0035 0.0027 0.0027 0.0021 0.0021 0.0035 0.9545 0.0039 0.0028 0.0025 0.0023 0.0023 0.0046 0.0027 
      H535.6  1 0.0051 0.0029 0.0030 0.0062 0.0081 0.0041 0.0039 0.0027 0.0046 0.9280 0.0085 0.0044 0.0034 0.0020 0.0071 0.0023 0.0037 
      H535.7  1 0.0023 0.0019 0.0026 0.0023 0.0021 0.0027 0.0019 0.0024 0.0026 0.9615 0.0025 0.0030 0.0020 0.0027 0.0022 0.0032 0.0021 
      H535.8  1 0.0030 0.0024 0.0027 0.0039 0.0026 0.0025 0.0021 0.0021 0.0035 0.9516 0.0058 0.0034 0.0032 0.0028 0.0030 0.0025 0.0029 
      H535.9  1 0.0029 0.0023 0.0033 0.0036 0.0032 0.0029 0.0034 0.0028 0.0029 0.9544 0.0034 0.0025 0.0027 0.0021 0.0031 0.0023 0.0023 
      H539.1  1 0.0031 0.0020 0.0022 0.0029 0.0047 0.0030 0.0062 0.0028 0.0030 0.0022 0.0024 0.0018 0.0021 0.0023 0.9541 0.0022 0.0029 
      H539.2  1 0.0217 0.0075 0.0048 0.0637 0.0053 0.0055 0.1028 0.0049 0.0161 0.0120 0.0073 0.0078 0.0119 0.0313 0.6841 0.0047 0.0086 
      H539.3  1 0.0069 0.0031 0.0036 0.0236 0.0037 0.0040 0.0137 0.0052 0.0166 0.0115 0.0141 0.0055 0.0062 0.0086 0.8666 0.0029 0.0045 
      H539.4  1 0.0063 0.0045 0.0037 0.0071 0.0038 0.0047 0.0402 0.0029 0.0028 0.0034 0.0032 0.0059 0.0051 0.0072 0.8935 0.0031 0.0028 
      H539.5  1 0.0037 0.0026 0.0022 0.0055 0.0033 0.0022 0.0054 0.0027 0.0041 0.0033 0.0021 0.0024 0.0024 0.0029 0.9499 0.0026 0.0028 
      H539.6  1 0.0038 0.0028 0.0027 0.0110 0.0051 0.0026 0.0114 0.0035 0.0029 0.0028 0.0034 0.0025 0.0032 0.0031 0.9340 0.0025 0.0027 
      H539.7  1 0.0033 0.0034 0.0026 0.0040 0.0043 0.0047 0.0093 0.0023 0.0033 0.0026 0.0040 0.0033 0.0029 0.0055 0.9383 0.0033 0.0029 
      H539.8  1 0.0096 0.0044 0.0040 0.0090 0.0052 0.0040 0.0799 0.0031 0.0105 0.0243 0.0172 0.0070 0.0088 0.0184 0.7790 0.0039 0.0115 
      H539.9  1 0.0039 0.0040 0.0032 0.0057 0.0022 0.0036 0.0116 0.0032 0.0030 0.0021 0.0026 0.0039 0.0033 0.0042 0.9378 0.0023 0.0032 
      H540.1  1 0.0130 0.0064 0.0039 0.0667 0.0043 0.0051 0.0052 0.0070 0.0043 0.0065 0.0039 0.0042 0.0040 0.0045 0.8531 0.0050 0.0030 
      H540.2  1 0.0037 0.0043 0.0033 0.0071 0.0049 0.0060 0.0043 0.0029 0.0046 0.0020 0.0026 0.0051 0.0036 0.0051 0.9335 0.0037 0.0031 
      H540.3  1 0.0366 0.0049 0.0042 0.0113 0.0051 0.0296 0.0142 0.0137 0.0311 0.0048 0.0037 0.0093 0.0205 0.0091 0.7705 0.0218 0.0095 
      H540.4  1 0.0103 0.0109 0.0061 0.0108 0.0059 0.0090 0.0244 0.0042 0.0040 0.0047 0.0042 0.0052 0.0045 0.0099 0.8774 0.0040 0.0045 
      H540.5  1 0.0064 0.0049 0.0032 0.0050 0.0056 0.0059 0.0029 0.0031 0.0062 0.0022 0.0020 0.0064 0.0089 0.0109 0.9189 0.0040 0.0035 
      H540.6  1 0.0113 0.0089 0.0073 0.0359 0.0070 0.0067 0.0077 0.0079 0.0066 0.0039 0.0025 0.0078 0.0093 0.0071 0.8579 0.0065 0.0056 
      H540.7  1 0.0128 0.0096 0.0090 0.0080 0.0062 0.0138 0.0075 0.0052 0.0120 0.0031 0.0061 0.0056 0.0064 0.0043 0.8731 0.0134 0.0040 
      H540.8  1 0.0091 0.0035 0.0044 0.0311 0.0079 0.0209 0.0058 0.0041 0.0454 0.0052 0.0037 0.0050 0.0024 0.0053 0.8365 0.0072 0.0023 
     H9558.1  1 0.0036 0.0024 0.0051 0.0038 0.0090 0.0043 0.0031 0.0024 0.0040 0.0067 0.0052 0.0027 0.0029 0.0039 0.9326 0.0022 0.0063 
     H9558.2  1 0.0151 0.0076 0.0163 0.0051 0.0092 0.0074 0.0040 0.0023 0.0085 0.0078 0.0133 0.0060 0.0088 0.0071 0.8600 0.0043 0.0171 
     H9558.3  1 0.0067 0.0073 0.0033 0.0050 0.0028 0.0046 0.0036 0.0025 0.0075 0.0052 0.0050 0.0061 0.0097 0.0043 0.8970 0.0025 0.0270 
     H9558.4  1 0.0048 0.0028 0.0042 0.0044 0.0034 0.0037 0.0028 0.0019 0.0031 0.0078 0.0031 0.0020 0.0033 0.0068 0.9389 0.0019 0.0050 
     H9558.5  1 0.0041 0.0045 0.0027 0.0029 0.0024 0.0033 0.0067 0.0016 0.0027 0.0066 0.0019 0.0038 0.0054 0.0062 0.9378 0.0032 0.0043 
     H9558.6  1 0.0211 0.0054 0.0029 0.0047 0.0043 0.0059 0.0043 0.0025 0.0083 0.0050 0.0042 0.0082 0.0057 0.0029 0.9016 0.0036 0.0094 
    kos339.1  1 0.0066 0.0143 0.0211 0.0066 0.0063 0.0140 0.0042 0.0023 0.0034 0.0046 0.0024 0.0039 0.0046 0.0030 0.0047 0.8925 0.0053 
    kos339.2  1 0.0055 0.0076 0.0073 0.0028 0.0042 0.0069 0.0040 0.0069 0.0044 0.0036 0.0037 0.0037 0.0068 0.0036 0.0034 0.9214 0.0042 
    kos339.3  1 0.0042 0.0020 0.0044 0.0047 0.0031 0.0040 0.0029 0.0028 0.0039 0.0047 0.0042 0.0032 0.0024 0.0034 0.0039 0.9441 0.0022 
    kos339.4  1 0.0042 0.0024 0.0050 0.0035 0.0047 0.0079 0.0030 0.0034 0.0039 0.0044 0.0058 0.0023 0.0032 0.0033 0.0037 0.9366 0.0028 
    kos339.5  1 0.0052 0.0067 0.0106 0.0035 0.0058 0.0046 0.0035 0.0026 0.0033 0.0026 0.0031 0.0049 0.0030 0.0030 0.0030 0.9311 0.0037 
    kos339.6  1 0.0041 0.0056 0.0054 0.0035 0.0038 0.0045 0.0022 0.0066 0.0047 0.0023 0.0023 0.0033 0.0036 0.0029 0.0031 0.9385 0.0035 
    kos339.7  1 0.0036 0.0020 0.0041 0.0037 0.0034 0.0042 0.0029 0.0032 0.0028 0.0074 0.0053 0.0031 0.0027 0.0031 0.0024 0.9439 0.0023 
    kos339.8  1 0.0041 0.0050 0.0161 0.0032 0.0044 0.0092 0.0035 0.0046 0.0030 0.0027 0.0042 0.0037 0.0056 0.0034 0.0028 0.9215 0.0031 
    kos339.9  1 0.0084 0.0069 0.0090 0.0056 0.0299 0.0102 0.0143 0.0083 0.0074 0.0036 0.0061 0.0086 0.0098 0.0044 0.0126 0.8510 0.0039 
      H409.1 12 0.0029 0.0034 0.0047 0.0020 0.0030 0.0042 0.0020 0.0028 0.0036 0.0025 0.0026 0.9497 0.0032 0.0035 0.0019 0.0052 0.0029 
     H409.10 12 0.0061 0.0078 0.0285 0.0063 0.0037 0.0102 0.0090 0.0034 0.0027 0.0035 0.0065 0.8690 0.0060 0.0202 0.0090 0.0036 0.0048 
      H409.2 12 0.0045 0.0036 0.0041 0.0030 0.0056 0.0128 0.0030 0.0035 0.0055 0.0075 0.0039 0.9190 0.0082 0.0032 0.0046 0.0053 0.0026 
      H409.3 12 0.0040 0.0035 0.0056 0.0035 0.0035 0.0034 0.0027 0.0039 0.0047 0.0038 0.0028 0.9411 0.0037 0.0034 0.0037 0.0033 0.0033 
      H409.4 12 0.0038 0.0031 0.0033 0.0026 0.0024 0.0032 0.0023 0.0031 0.0048 0.0028 0.0025 0.9497 0.0038 0.0032 0.0036 0.0034 0.0024 
      H409.5 12 0.0037 0.0035 0.0038 0.0054 0.0038 0.0044 0.0027 0.0032 0.0036 0.0034 0.0034 0.9444 0.0029 0.0028 0.0031 0.0027 0.0033 
      H409.6 12 0.0134 0.0074 0.0077 0.0082 0.0040 0.0039 0.0079 0.0060 0.0076 0.0071 0.0037 0.8609 0.0048 0.0051 0.0066 0.0030 0.0427 
      H409.7 12 0.0049 0.0064 0.0037 0.0026 0.0039 0.0039 0.0025 0.0039 0.0066 0.0027 0.0043 0.9278 0.0081 0.0051 0.0028 0.0070 0.0038 
      H409.8 12 0.0034 0.0055 0.0052 0.0042 0.0033 0.0034 0.0027 0.0028 0.0031 0.0029 0.0038 0.9452 0.0025 0.0023 0.0032 0.0032 0.0033 
      H409.9 12 0.0327 0.0257 0.0450 0.0176 0.0040 0.0165 0.0235 0.0057 0.0047 0.0098 0.0039 0.5100 0.0064 0.0055 0.2779 0.0033 0.0079 
      H413.1 12 0.0062 0.0113 0.0022 0.0027 0.0025 0.0030 0.0068 0.0031 0.0039 0.0036 0.0041 0.0039 0.0048 0.0040 0.0036 0.0043 0.9301 
      H413.2 12 0.0038 0.0033 0.0033 0.0032 0.0035 0.0027 0.0040 0.0024 0.0048 0.0043 0.0064 0.0031 0.0029 0.0041 0.0032 0.0048 0.9400 
      H413.3 12 0.0036 0.0100 0.0048 0.0033 0.0032 0.0030 0.0044 0.0025 0.0046 0.0022 0.0025 0.0042 0.0035 0.0092 0.0069 0.0023 0.9297 
      H413.4 12 0.0080 0.0238 0.0054 0.0029 0.0034 0.0038 0.0063 0.0035 0.0037 0.0026 0.0040 0.0039 0.0087 0.0028 0.0044 0.0063 0.9067 
      H413.5 12 0.0072 0.0045 0.0047 0.0035 0.0122 0.0024 0.0267 0.0034 0.0040 0.0023 0.0019 0.0025 0.0045 0.0063 0.0490 0.0022 0.8627 
      H413.6 12 0.0082 0.0067 0.0021 0.0040 0.0025 0.0032 0.0174 0.0028 0.0068 0.0033 0.0172 0.0031 0.0147 0.0249 0.0405 0.0060 0.8367 
      H413.7 12 0.0045 0.0097 0.0046 0.0036 0.0029 0.0032 0.0046 0.0022 0.0048 0.0037 0.0062 0.0031 0.0078 0.0037 0.0103 0.0058 0.9189 
      H563.1 12 0.0057 0.9357 0.0027 0.0043 0.0023 0.0026 0.0035 0.0024 0.0037 0.0018 0.0021 0.0054 0.0056 0.0050 0.0079 0.0035 0.0059 
      H563.2 12 0.0092 0.8972 0.0040 0.0041 0.0047 0.0072 0.0051 0.0039 0.0103 0.0032 0.0030 0.0131 0.0074 0.0045 0.0057 0.0101 0.0072 
      H563.3 12 0.0046 0.9390 0.0030 0.0060 0.0028 0.0030 0.0036 0.0024 0.0028 0.0023 0.0028 0.0040 0.0066 0.0022 0.0082 0.0022 0.0043 
      H563.4 12 0.0052 0.9120 0.0034 0.0064 0.0042 0.0035 0.0045 0.0035 0.0061 0.0025 0.0021 0.0104 0.0063 0.0055 0.0042 0.0049 0.0152 
      H563.5 12 0.0041 0.9405 0.0024 0.0040 0.0022 0.0022 0.0052 0.0031 0.0025 0.0017 0.0020 0.0029 0.0081 0.0046 0.0066 0.0030 0.0049 
      H563.6 12 0.0087 0.9148 0.0043 0.0039 0.0036 0.0034 0.0044 0.0027 0.0066 0.0030 0.0029 0.0081 0.0092 0.0029 0.0046 0.0106 0.0062 
      H563.7 12 0.0045 0.9255 0.0035 0.0025 0.0035 0.0043 0.0031 0.0027 0.0043 0.0024 0.0031 0.0058 0.0083 0.0030 0.0033 0.0123 0.0077 
      H563.8 12 0.0052 0.9203 0.0030 0.0051 0.0028 0.0045 0.0057 0.0028 0.0039 0.0019 0.0024 0.0039 0.0108 0.0054 0.0138 0.0036 0.0049 
      H563.9 12 0.0070 0.9030 0.0057 0.0042 0.0059 0.0047 0.0048 0.0041 0.0064 0.0022 0.0034 0.0193 0.0046 0.0050 0.0045 0.0089 0.0065 
     H7374.1 12 0.0040 0.0051 0.0023 0.0054 0.0039 0.0060 0.0032 0.0044 0.0088 0.0036 0.0171 0.0068 0.9136 0.0029 0.0038 0.0037 0.0052 
     H7374.2 12 0.0047 0.0067 0.0054 0.0081 0.0025 0.0076 0.0039 0.0033 0.0068 0.0039 0.0057 0.0062 0.9094 0.0067 0.0083 0.0022 0.0087 
     H7374.3 12 0.0080 0.0082 0.0041 0.0070 0.0056 0.0170 0.0042 0.0068 0.0132 0.0049 0.0540 0.0075 0.8396 0.0033 0.0066 0.0047 0.0053 
     H7374.4 12 0.0038 0.0038 0.0036 0.0025 0.0034 0.0043 0.0033 0.0033 0.0037 0.0044 0.0022 0.0038 0.9369 0.0065 0.0045 0.0061 0.0040 
     H7374.5 12 0.0039 0.0040 0.0029 0.0037 0.0033 0.0035 0.0035 0.0035 0.0026 0.0025 0.0032 0.0032 0.9433 0.0030 0.0062 0.0038 0.0040 
     H7374.6 12 0.0078 0.0068 0.0058 0.0051 0.0081 0.0190 0.0037 0.0066 0.0109 0.0089 0.0157 0.0061 0.8734 0.0041 0.0082 0.0057 0.0042 
     H7374.7 12 0.0039 0.0030 0.0026 0.0024 0.0030 0.0029 0.0019 0.0047 0.0035 0.0032 0.0029 0.0040 0.9483 0.0034 0.0024 0.0040 0.0039 
     H7374.8 12 0.0052 0.0065 0.0035 0.0036 0.0035 0.0057 0.0025 0.0044 0.0039 0.0028 0.0110 0.0049 0.9270 0.0028 0.0026 0.0058 0.0044 
     H7374.9 12 0.0030 0.0047 0.0029 0.0027 0.0036 0.0031 0.0036 0.0037 0.0036 0.0024 0.0038 0.0031 0.9390 0.0045 0.0077 0.0045 0.0041 
     H9563.1 12 0.0058 0.9381 0.0045 0.0040 0.0037 0.0043 0.0041 0.0032 0.0043 0.0025 0.0045 0.0026 0.0034 0.0032 0.0040 0.0037 0.0039 
     H9563.2 12 0.0052 0.9332 0.0036 0.0061 0.0040 0.0063 0.0053 0.0031 0.0036 0.0033 0.0029 0.0023 0.0026 0.0033 0.0076 0.0029 0.0048 
     H9563.3 12 0.0036 0.9287 0.0071 0.0029 0.0030 0.0055 0.0048 0.0048 0.0042 0.0048 0.0048 0.0057 0.0045 0.0038 0.0025 0.0035 0.0056 
     H9563.4 12 0.0135 0.8448 0.0080 0.0092 0.0030 0.0167 0.0158 0.0070 0.0123 0.0181 0.0064 0.0141 0.0075 0.0064 0.0068 0.0051 0.0053 
     H9563.5 12 0.0077 0.9039 0.0083 0.0097 0.0048 0.0059 0.0086 0.0040 0.0067 0.0037 0.0038 0.0090 0.0030 0.0049 0.0053 0.0068 0.0039 
     H9563.6 12 0.0038 0.9283 0.0075 0.0041 0.0023 0.0040 0.0050 0.0038 0.0031 0.0038 0.0066 0.0046 0.0051 0.0039 0.0023 0.0024 0.0095 
     H9563.7 12 0.0049 0.9341 0.0047 0.0045 0.0024 0.0037 0.0039 0.0042 0.0032 0.0080 0.0050 0.0036 0.0046 0.0037 0.0025 0.0019 0.0051 
     H9563.8 12 0.0230 0.8033 0.0144 0.0074 0.0044 0.0343 0.0423 0.0051 0.0087 0.0060 0.0056 0.0096 0.0027 0.0089 0.0061 0.0117 0.0066 
     H9563.9 12 0.0088 0.9111 0.0088 0.0043 0.0040 0.0111 0.0104 0.0032 0.0045 0.0025 0.0050 0.0027 0.0041 0.0039 0.0053 0.0045 0.0060 
     H9572.1 12 0.3867 0.2118 0.0702 0.0068 0.0350 0.0191 0.0366 0.0093 0.0220 0.0173 0.0150 0.0139 0.0130 0.0071 0.0805 0.0056 0.0501 
     H9572.2 12 0.3183 0.2747 0.0093 0.0101 0.0655 0.0164 0.0595 0.0883 0.0607 0.0031 0.0130 0.0112 0.0228 0.0027 0.0124 0.0072 0.0248 
     H9572.3 12 0.4419 0.0375 0.0123 0.0983 0.0132 0.0354 0.0069 0.0051 0.0211 0.0131 0.0112 0.0335 0.0892 0.0041 0.0354 0.1033 0.0384 
     H9572.4 12 0.6640 0.0436 0.0176 0.0077 0.0215 0.0149 0.0075 0.0108 0.0573 0.0149 0.0079 0.0083 0.0169 0.0029 0.0158 0.0491 0.0393 
     H9572.5 12 0.7100 0.0359 0.0227 0.0123 0.0126 0.0131 0.0154 0.0091 0.0454 0.0097 0.0101 0.0052 0.0031 0.0034 0.0210 0.0585 0.0125 
