      H105.1  1 0.0100 0.0103 0.9626 0.0066 0.0054 0.0052 
      H105.2  1 0.0111 0.0170 0.9460 0.0140 0.0039 0.0080 
      H105.3  1 0.0043 0.0044 0.9761 0.0041 0.0058 0.0053 
      H105.4  1 0.0120 0.0090 0.9437 0.0125 0.0112 0.0115 
      H105.5  1 0.0289 0.0292 0.8952 0.0318 0.0068 0.0082 
      H105.6  1 0.0079 0.0107 0.9374 0.0169 0.0140 0.0132 
      H105.7  1 0.0109 0.0064 0.9689 0.0060 0.0040 0.0039 
      H105.8  1 0.0037 0.0099 0.9695 0.0074 0.0036 0.0059 
      H115.1  1 0.0129 0.0371 0.0419 0.8966 0.0052 0.0062 
      H115.2  1 0.0097 0.0088 0.0065 0.9670 0.0045 0.0034 
      H115.3  1 0.0057 0.0114 0.0095 0.9644 0.0040 0.0051 
      H115.4  1 0.0184 0.1466 0.0077 0.8071 0.0121 0.0081 
      H115.5  1 0.0090 0.0640 0.0190 0.8788 0.0166 0.0127 
      H115.6  1 0.0196 0.0192 0.0101 0.9407 0.0080 0.0025 
      H115.7  1 0.0228 0.0196 0.0565 0.8869 0.0093 0.0049 
      H115.8  1 0.0082 0.0118 0.0084 0.9653 0.0042 0.0021 
      H115.9  1 0.0088 0.0176 0.0146 0.9506 0.0042 0.0042 
      H145.1  1 0.0482 0.0049 0.0052 0.0102 0.9243 0.0071 
      H145.2  1 0.0110 0.0088 0.0054 0.0058 0.9644 0.0047 
      H145.3  1 0.0153 0.0039 0.0037 0.0043 0.9668 0.0059 
      H145.4  1 0.0193 0.0051 0.0066 0.0047 0.9594 0.0049 
      H145.5  1 0.0259 0.0054 0.0038 0.0040 0.9580 0.0029 
      H145.6  1 0.0067 0.0042 0.0059 0.0029 0.9767 0.0037 
      H145.7  1 0.0057 0.0044 0.0044 0.0030 0.9782 0.0044 
      H149.1  1 0.0088 0.9696 0.0056 0.0057 0.0068 0.0035 
      H149.2  1 0.0127 0.9535 0.0077 0.0058 0.0157 0.0046 
      H149.3  1 0.0285 0.9037 0.0185 0.0103 0.0310 0.0082 
      H149.4  1 0.0059 0.9680 0.0113 0.0057 0.0061 0.0030 
      H149.5  1 0.0215 0.9226 0.0251 0.0031 0.0198 0.0079 
      H149.6  1 0.0075 0.9561 0.0134 0.0030 0.0155 0.0045 
      H149.7  1 0.0160 0.9545 0.0125 0.0067 0.0064 0.0038 
      H150.1  1 0.0040 0.0026 0.0043 0.9826 0.0042 0.0024 
      H150.2  1 0.0058 0.0056 0.0056 0.9756 0.0034 0.0040 
      H150.3  1 0.0113 0.0047 0.0120 0.9629 0.0063 0.0028 
      H150.4  1 0.0048 0.0028 0.0061 0.9772 0.0068 0.0023 
      H150.5  1 0.0061 0.0054 0.0114 0.9679 0.0058 0.0035 
      H150.6  1 0.0065 0.0087 0.0087 0.9630 0.0089 0.0043 
      H150.7  1 0.0078 0.0039 0.0048 0.9747 0.0057 0.0032 
   H169607.1  1 0.8814 0.0135 0.0079 0.0549 0.0386 0.0037 
   H169607.2  1 0.9539 0.0057 0.0094 0.0165 0.0083 0.0061 
   H169607.3  1 0.9548 0.0072 0.0079 0.0101 0.0136 0.0064 
   H169607.4  1 0.9620 0.0036 0.0060 0.0058 0.0179 0.0047 
   H169607.5  1 0.9675 0.0044 0.0054 0.0099 0.0066 0.0062 
   H169607.6  1 0.9695 0.0042 0.0057 0.0073 0.0070 0.0064 
   H169607.7  1 0.9515 0.0089 0.0071 0.0184 0.0084 0.0057 
   H169607.8  1 0.9590 0.0045 0.0103 0.0090 0.0107 0.0065 
   H169633.1  1 0.0074 0.9098 0.0212 0.0165 0.0377 0.0073 
   H169633.2  1 0.0032 0.9582 0.0085 0.0059 0.0187 0.0056 
   H169633.3  1 0.0182 0.9322 0.0087 0.0136 0.0101 0.0173 
   H169633.4  1 0.0171 0.9172 0.0153 0.0126 0.0235 0.0144 
   H169633.5  1 0.0122 0.9312 0.0161 0.0148 0.0147 0.0109 
   H169688.1  1 0.7236 0.0658 0.0907 0.0387 0.0749 0.0062 
   H169688.2  1 0.1624 0.2169 0.1198 0.2915 0.2040 0.0055 
   H169688.3  1 0.0476 0.2405 0.0470 0.4419 0.2201 0.0029 
   H169688.4  1 0.0160 0.0135 0.0036 0.8846 0.0788 0.0035 
   H169688.5  1 0.0174 0.0131 0.0039 0.8810 0.0813 0.0033 
   H169688.6  1 0.0252 0.4096 0.0202 0.4133 0.1161 0.0156 
   H169688.7  1 0.0387 0.0690 0.0107 0.4289 0.4501 0.0025 
   H171901.1  1 0.2932 0.0244 0.3908 0.2419 0.0465 0.0032 
   H171901.2  1 0.2378 0.6499 0.0230 0.0650 0.0195 0.0047 
   H171901.3  1 0.0352 0.8954 0.0181 0.0323 0.0106 0.0084 
   H171901.4  1 0.0401 0.9032 0.0156 0.0277 0.0065 0.0069 
   H171901.5  1 0.0570 0.8846 0.0102 0.0304 0.0120 0.0059 
   H171901.6  1 0.1048 0.8038 0.0072 0.0590 0.0162 0.0090 
   H171901.7  1 0.2488 0.6830 0.0074 0.0272 0.0176 0.0160 
   H171902.1  1 0.9668 0.0071 0.0033 0.0105 0.0087 0.0036 
  H171902.10  1 0.9737 0.0072 0.0034 0.0078 0.0052 0.0026 
   H171902.2  1 0.9426 0.0251 0.0056 0.0151 0.0079 0.0037 
   H171902.3  1 0.9180 0.0345 0.0053 0.0305 0.0073 0.0044 
   H171902.4  1 0.9589 0.0176 0.0057 0.0061 0.0085 0.0031 
   H171902.6  1 0.9710 0.0106 0.0038 0.0059 0.0045 0.0042 
   H171902.7  1 0.9725 0.0062 0.0035 0.0060 0.0085 0.0032 
   H171902.8  1 0.9582 0.0111 0.0044 0.0149 0.0069 0.0045 
   H171902.9  1 0.9546 0.0067 0.0068 0.0201 0.0072 0.0047 
   H171903.1  1 0.9334 0.0058 0.0088 0.0392 0.0057 0.0071 
   H171903.2  1 0.8641 0.0085 0.0274 0.0678 0.0153 0.0171 
   H171903.3  1 0.8770 0.0200 0.0441 0.0247 0.0061 0.0280 
   H171903.4  1 0.9498 0.0041 0.0076 0.0247 0.0099 0.0039 
   H171903.5  1 0.7440 0.1099 0.0228 0.1092 0.0063 0.0077 
   H171903.6  1 0.9142 0.0165 0.0043 0.0532 0.0046 0.0073 
      H177.1  1 0.9316 0.0263 0.0080 0.0146 0.0083 0.0112 
      H177.2  1 0.3637 0.2963 0.0144 0.0555 0.2591 0.0110 
      H177.3  1 0.8367 0.0767 0.0060 0.0252 0.0452 0.0103 
      H177.4  1 0.8543 0.0776 0.0086 0.0041 0.0121 0.0433 
      H177.5  1 0.8588 0.0573 0.0189 0.0273 0.0319 0.0059 
      H177.6  1 0.7263 0.1913 0.0072 0.0263 0.0361 0.0128 
      H179.1  1 0.0157 0.9482 0.0140 0.0152 0.0036 0.0033 
      H179.2  1 0.0176 0.9340 0.0074 0.0267 0.0034 0.0110 
      H179.3  1 0.1006 0.7970 0.0149 0.0719 0.0076 0.0080 
      H179.4  1 0.0248 0.8514 0.0123 0.0048 0.0377 0.0689 
      H180.1  1 0.0096 0.0479 0.0091 0.9241 0.0045 0.0048 
      H180.2  1 0.0070 0.0276 0.0122 0.9381 0.0058 0.0093 
      H180.3  1 0.0092 0.0149 0.0032 0.9574 0.0083 0.0071 
      H180.4  1 0.0158 0.0315 0.0152 0.9227 0.0078 0.0070 
      H180.5  1 0.0183 0.0251 0.0084 0.9274 0.0147 0.0061 
      H180.6  1 0.0331 0.0292 0.0076 0.8685 0.0558 0.0059 
      H181.1  1 0.0306 0.9207 0.0155 0.0160 0.0089 0.0083 
      H181.2  1 0.0249 0.9148 0.0135 0.0150 0.0224 0.0094 
      H181.3  1 0.0158 0.9278 0.0191 0.0129 0.0176 0.0066 
      H181.4  1 0.0446 0.7053 0.0400 0.1654 0.0321 0.0125 
      H181.5  1 0.0078 0.9579 0.0168 0.0050 0.0037 0.0087 
      H181.6  1 0.0131 0.9403 0.0123 0.0187 0.0063 0.0093 
      H181.7  1 0.0098 0.9492 0.0156 0.0068 0.0067 0.0119 
 H194.1_2004  1 0.9638 0.0043 0.0057 0.0116 0.0104 0.0043 
 H194.2_2004  1 0.9663 0.0037 0.0068 0.0092 0.0111 0.0028 
 H194.3_2004  1 0.8218 0.0917 0.0109 0.0064 0.0638 0.0054 
 H194.4_2004  1 0.9196 0.0124 0.0055 0.0052 0.0532 0.0042 
 H194.5_2004  1 0.9207 0.0385 0.0107 0.0055 0.0157 0.0089 
 H194.6_2004  1 0.9279 0.0272 0.0055 0.0072 0.0162 0.0160 
 H194.7_2004  1 0.9586 0.0051 0.0117 0.0072 0.0141 0.0034 
 H194.8_2004  1 0.9377 0.0100 0.0086 0.0057 0.0276 0.0105 
      H194.9  1 0.9558 0.0079 0.0056 0.0065 0.0205 0.0036 
 H195.1_2003  1 0.0112 0.0155 0.0059 0.0060 0.9554 0.0060 
 H195.1_2004  1 0.0039 0.0054 0.0035 0.0035 0.9804 0.0033 
 H195.2_2003  1 0.0317 0.0088 0.0133 0.0123 0.9270 0.0069 
 H195.2_2004  1 0.0037 0.0043 0.0033 0.0029 0.9828 0.0030 
 H195.3_2003  1 0.0707 0.0074 0.0334 0.0815 0.7990 0.0078 
 H195.3_2004  1 0.0050 0.0058 0.0037 0.0031 0.9786 0.0039 
 H195.4_2003  1 0.0084 0.0085 0.0047 0.0034 0.9703 0.0047 
 H195.4_2004  1 0.0048 0.0036 0.0032 0.0033 0.9798 0.0052 
 H195.5_2003  1 0.0080 0.0154 0.0129 0.0068 0.9512 0.0058 
 H195.5_2004  1 0.0042 0.0043 0.0042 0.0049 0.9760 0.0064 
 H195.6_2003  1 0.0091 0.0038 0.0071 0.0104 0.9653 0.0043 
 H195.6_2004  1 0.0049 0.0047 0.0040 0.0027 0.9797 0.0039 
 H195.7_2003  1 0.0142 0.0184 0.0111 0.0059 0.9440 0.0063 
 H195.7_2004  1 0.0048 0.0034 0.0039 0.0050 0.9801 0.0028 
      H195.8  1 0.0045 0.0029 0.0044 0.0038 0.9792 0.0052 
      H195.9  1 0.0047 0.0053 0.0036 0.0043 0.9759 0.0062 
      H415.1  1 0.0292 0.6797 0.0076 0.2583 0.0223 0.0029 
      H415.2  1 0.7414 0.1962 0.0152 0.0347 0.0082 0.0042 
      H415.3  1 0.0104 0.9546 0.0067 0.0129 0.0085 0.0069 
      H415.4  1 0.0108 0.7718 0.0094 0.1849 0.0173 0.0058 
      H415.5  1 0.0079 0.9603 0.0056 0.0104 0.0103 0.0054 
      H415.6  1 0.0118 0.7649 0.0089 0.1933 0.0138 0.0073 
      H415.7  1 0.7050 0.2341 0.0148 0.0111 0.0197 0.0153 
      H506.1  1 0.0040 0.9727 0.0087 0.0036 0.0050 0.0059 
      H506.2  1 0.0053 0.9683 0.0070 0.0029 0.0100 0.0066 
      H506.3  1 0.0114 0.9579 0.0121 0.0080 0.0056 0.0050 
      H506.4  1 0.0106 0.9562 0.0065 0.0100 0.0040 0.0127 
      H506.5  1 0.0068 0.9649 0.0065 0.0034 0.0078 0.0106 
      H506.6  1 0.0827 0.8321 0.0170 0.0128 0.0438 0.0117 
      H506.7  1 0.0052 0.9660 0.0123 0.0037 0.0066 0.0062 
      H533.1  1 0.0043 0.9784 0.0050 0.0035 0.0033 0.0056 
      H533.2  1 0.0041 0.9796 0.0040 0.0034 0.0034 0.0055 
      H533.3  1 0.0038 0.9785 0.0063 0.0041 0.0031 0.0041 
      H533.4  1 0.0122 0.9533 0.0080 0.0059 0.0100 0.0105 
      H535.1  1 0.0044 0.0045 0.0030 0.0037 0.0029 0.9816 
      H535.2  1 0.0034 0.0046 0.0039 0.0029 0.0049 0.9803 
      H535.3  1 0.0028 0.0031 0.0031 0.0028 0.0036 0.9846 
      H535.4  1 0.0035 0.0038 0.0034 0.0025 0.0036 0.9833 
      H535.5  1 0.0037 0.0041 0.0029 0.0031 0.0038 0.9824 
      H535.6  1 0.0070 0.0032 0.0029 0.0055 0.0049 0.9765 
      H535.7  1 0.0029 0.0034 0.0026 0.0025 0.0025 0.9860 
      H535.8  1 0.0032 0.0030 0.0032 0.0023 0.0035 0.9848 
      H535.9  1 0.0038 0.0035 0.0029 0.0035 0.0028 0.9834 
      H539.1  1 0.0074 0.0029 0.0041 0.9784 0.0035 0.0036 
      H539.2  1 0.0226 0.0056 0.0069 0.9434 0.0085 0.0130 
      H539.3  1 0.0169 0.0033 0.0054 0.9496 0.0110 0.0140 
      H539.4  1 0.0038 0.0032 0.0052 0.9804 0.0042 0.0033 
      H539.5  1 0.0077 0.0024 0.0031 0.9792 0.0029 0.0047 
      H539.6  1 0.0087 0.0029 0.0037 0.9759 0.0038 0.0048 
      H539.7  1 0.0059 0.0034 0.0036 0.9811 0.0029 0.0031 
      H539.8  1 0.0075 0.0049 0.0062 0.9535 0.0073 0.0206 
      H539.9  1 0.0036 0.0032 0.0047 0.9826 0.0035 0.0024 
      H540.1  1 0.0481 0.0076 0.0052 0.9219 0.0102 0.0069 
      H540.2  1 0.0222 0.0056 0.0057 0.9599 0.0039 0.0028 
      H540.3  1 0.0141 0.0093 0.0090 0.9517 0.0093 0.0066 
      H540.4  1 0.0093 0.0068 0.0052 0.9691 0.0044 0.0051 
      H540.5  1 0.0142 0.0065 0.0060 0.9657 0.0039 0.0036 
      H540.6  1 0.0294 0.0085 0.0092 0.9411 0.0057 0.0060 
      H540.7  1 0.0322 0.0150 0.0070 0.9374 0.0047 0.0037 
      H540.8  1 0.3952 0.0096 0.0047 0.5781 0.0056 0.0069 
     H9558.1  1 0.0105 0.0054 0.0070 0.9430 0.0040 0.0301 
     H9558.2  1 0.0150 0.0106 0.0251 0.9134 0.0065 0.0294 
     H9558.3  1 0.0120 0.0061 0.0459 0.9229 0.0043 0.0088 
     H9558.4  1 0.0118 0.0040 0.0055 0.9532 0.0036 0.0218 
     H9558.5  1 0.0036 0.0036 0.0074 0.9705 0.0027 0.0122 
     H9558.6  1 0.0092 0.0055 0.0183 0.9538 0.0051 0.0082 
    kos339.1  1 0.0152 0.9572 0.0078 0.0063 0.0040 0.0096 
    kos339.2  1 0.0059 0.9620 0.0078 0.0061 0.0085 0.0098 
    kos339.3  1 0.0112 0.9640 0.0032 0.0049 0.0054 0.0113 
    kos339.4  1 0.0081 0.9673 0.0039 0.0056 0.0056 0.0095 
    kos339.5  1 0.0095 0.9677 0.0088 0.0058 0.0046 0.0035 
    kos339.6  1 0.0107 0.9676 0.0043 0.0044 0.0098 0.0033 
    kos339.7  1 0.0053 0.9568 0.0032 0.0034 0.0066 0.0247 
    kos339.8  1 0.0041 0.9774 0.0048 0.0038 0.0042 0.0057 
    kos339.9  1 0.0363 0.9130 0.0090 0.0271 0.0104 0.0042 
      H409.1 12 0.0048 0.9616 0.0222 0.0037 0.0050 0.0027 
     H409.10 12 0.0079 0.9149 0.0340 0.0121 0.0235 0.0076 
      H409.2 12 0.0066 0.9648 0.0065 0.0060 0.0091 0.0070 
      H409.3 12 0.0159 0.9281 0.0264 0.0136 0.0107 0.0053 
      H409.4 12 0.0096 0.9450 0.0183 0.0130 0.0085 0.0055 
      H409.5 12 0.0296 0.9009 0.0195 0.0193 0.0117 0.0190 
      H409.6 12 0.0289 0.4408 0.4646 0.0200 0.0074 0.0383 
      H409.7 12 0.0109 0.8589 0.1016 0.0063 0.0187 0.0035 
      H409.8 12 0.0145 0.9013 0.0628 0.0087 0.0062 0.0065 
      H409.9 12 0.0120 0.3433 0.1465 0.4742 0.0055 0.0185 
      H413.1 12 0.0044 0.0046 0.9673 0.0130 0.0048 0.0058 
      H413.2 12 0.0060 0.0076 0.9580 0.0112 0.0081 0.0092 
      H413.3 12 0.0088 0.0071 0.9633 0.0131 0.0041 0.0036 
      H413.4 12 0.0047 0.0075 0.9662 0.0113 0.0058 0.0044 
      H413.5 12 0.0108 0.0043 0.7482 0.2272 0.0048 0.0047 
      H413.6 12 0.0052 0.0046 0.8686 0.1102 0.0066 0.0049 
      H413.7 12 0.0060 0.0053 0.9653 0.0102 0.0068 0.0064 
      H563.1 12 0.0041 0.0044 0.9759 0.0086 0.0046 0.0024 
      H563.2 12 0.0118 0.0097 0.9598 0.0080 0.0064 0.0043 
      H563.3 12 0.0055 0.0032 0.9734 0.0089 0.0066 0.0023 
      H563.4 12 0.0056 0.0052 0.9776 0.0049 0.0036 0.0030 
      H563.5 12 0.0037 0.0039 0.9808 0.0048 0.0046 0.0022 
      H563.6 12 0.0064 0.0110 0.9677 0.0072 0.0046 0.0031 
      H563.7 12 0.0040 0.0094 0.9755 0.0035 0.0052 0.0023 
      H563.8 12 0.0083 0.0052 0.9648 0.0127 0.0063 0.0028 
      H563.9 12 0.0108 0.0158 0.9595 0.0067 0.0047 0.0026 
     H7374.1 12 0.0276 0.0133 0.5020 0.0085 0.4298 0.0188 
     H7374.2 12 0.0368 0.0060 0.5552 0.0138 0.3831 0.0050 
     H7374.3 12 0.0327 0.0069 0.4465 0.0077 0.4983 0.0079 
     H7374.4 12 0.0320 0.0417 0.4122 0.0293 0.4518 0.0330 
     H7374.5 12 0.0188 0.0408 0.4622 0.0222 0.4464 0.0096 
     H7374.6 12 0.0375 0.0181 0.3013 0.0083 0.5990 0.0358 
     H7374.7 12 0.0155 0.0231 0.4042 0.0064 0.5326 0.0182 
     H7374.8 12 0.0216 0.0091 0.4766 0.0028 0.4802 0.0096 
     H7374.9 12 0.0269 0.0285 0.4145 0.0200 0.5036 0.0066 
     H9563.1 12 0.0091 0.0072 0.9653 0.0076 0.0068 0.0040 
     H9563.2 12 0.0088 0.0053 0.9614 0.0118 0.0071 0.0055 
     H9563.3 12 0.0044 0.0099 0.9677 0.0041 0.0084 0.0054 
     H9563.4 12 0.0221 0.0197 0.8945 0.0180 0.0135 0.0321 
     H9563.5 12 0.0105 0.0211 0.9414 0.0113 0.0083 0.0075 
     H9563.6 12 0.0059 0.0042 0.9755 0.0037 0.0068 0.0039 
     H9563.7 12 0.0059 0.0045 0.9696 0.0041 0.0071 0.0087 
     H9563.8 12 0.0158 0.0918 0.8443 0.0296 0.0097 0.0087 
     H9563.9 12 0.0102 0.0134 0.9558 0.0101 0.0061 0.0044 
     H9572.1 12 0.2088 0.0574 0.5546 0.1292 0.0253 0.0247 
     H9572.2 12 0.6061 0.0256 0.2913 0.0287 0.0448 0.0034 
     H9572.3 12 0.4960 0.2109 0.2231 0.0286 0.0166 0.0248 
     H9572.4 12 0.4796 0.1384 0.2732 0.0269 0.0352 0.0467 
     H9572.5 12 0.5248 0.2255 0.1412 0.0654 0.0231 0.0200 
