      H105.1  1 0.0042 0.0029 0.0027 0.0035 0.0028 0.0035 0.0033 0.0031 0.9516 0.0023 0.0029 0.0033 0.0025 0.0026 0.0057 0.0030 
      H105.2  1 0.0049 0.0051 0.0064 0.0029 0.0028 0.0053 0.0041 0.0051 0.9374 0.0061 0.0031 0.0021 0.0030 0.0044 0.0035 0.0040 
      H105.3  1 0.0025 0.0026 0.0034 0.0024 0.0031 0.0032 0.0026 0.0018 0.9590 0.0021 0.0026 0.0025 0.0024 0.0026 0.0048 0.0026 
      H105.4  1 0.0039 0.0071 0.0037 0.0025 0.0035 0.0043 0.0042 0.0032 0.9442 0.0022 0.0031 0.0028 0.0037 0.0041 0.0035 0.0040 
      H105.5  1 0.0058 0.0054 0.0037 0.0041 0.0038 0.0092 0.0079 0.0078 0.9209 0.0030 0.0066 0.0040 0.0036 0.0063 0.0045 0.0034 
      H105.6  1 0.0033 0.0088 0.0040 0.0031 0.0056 0.0069 0.0056 0.0039 0.9185 0.0036 0.0066 0.0036 0.0048 0.0077 0.0057 0.0082 
      H105.7  1 0.0119 0.0065 0.0058 0.0038 0.0035 0.0092 0.0108 0.0053 0.8987 0.0040 0.0072 0.0032 0.0031 0.0070 0.0154 0.0046 
      H105.8  1 0.0040 0.0036 0.0060 0.0021 0.0030 0.0026 0.0026 0.0031 0.9533 0.0029 0.0029 0.0023 0.0024 0.0033 0.0036 0.0023 
      H115.1  1 0.0040 0.0207 0.0067 0.0082 0.0052 0.0070 0.0096 0.0061 0.0048 0.0092 0.0104 0.0045 0.0033 0.8895 0.0080 0.0030 
      H115.2  1 0.0095 0.0057 0.0050 0.0094 0.0047 0.0174 0.0118 0.0076 0.0044 0.0128 0.1940 0.0049 0.0033 0.6967 0.0069 0.0059 
      H115.3  1 0.0102 0.0036 0.0037 0.0115 0.0049 0.0166 0.0108 0.0032 0.0078 0.0153 0.0695 0.0065 0.0052 0.8094 0.0118 0.0100 
      H115.4  1 0.0189 0.0030 0.0278 0.0269 0.0025 0.0121 0.0092 0.0085 0.0040 0.0112 0.0055 0.0103 0.0085 0.8317 0.0050 0.0149 
      H115.5  1 0.0067 0.0058 0.0068 0.0288 0.0034 0.0186 0.0094 0.0060 0.0094 0.0053 0.0453 0.0180 0.0075 0.8081 0.0060 0.0147 
      H115.6  1 0.0098 0.0042 0.0069 0.0203 0.0093 0.0314 0.0111 0.0119 0.0053 0.2113 0.1225 0.0041 0.0026 0.4802 0.0287 0.0404 
      H115.7  1 0.0067 0.0091 0.0060 0.0062 0.0072 0.0221 0.0164 0.0060 0.0052 0.0116 0.0159 0.0069 0.0029 0.8602 0.0099 0.0077 
      H115.8  1 0.0072 0.0044 0.0055 0.0105 0.0035 0.0100 0.0054 0.0066 0.0066 0.0212 0.0504 0.0045 0.0017 0.8424 0.0160 0.0042 
      H115.9  1 0.0071 0.0272 0.0190 0.0119 0.0031 0.0111 0.0113 0.0058 0.0065 0.0084 0.2442 0.0048 0.0041 0.6131 0.0179 0.0047 
      H145.1  1 0.0034 0.0056 0.0039 0.0050 0.0104 0.0071 0.0198 0.0051 0.0028 0.0202 0.0145 0.8772 0.0048 0.0044 0.0070 0.0089 
      H145.2  1 0.0046 0.0040 0.0063 0.0068 0.0052 0.0069 0.0063 0.0022 0.0031 0.0088 0.0064 0.9185 0.0050 0.0031 0.0046 0.0083 
      H145.3  1 0.0023 0.0035 0.0024 0.0020 0.0032 0.0037 0.0031 0.0020 0.0023 0.0181 0.0027 0.9448 0.0028 0.0026 0.0023 0.0022 
      H145.4  1 0.0035 0.0063 0.0033 0.0031 0.0064 0.0046 0.0176 0.0045 0.0032 0.0046 0.0048 0.9200 0.0029 0.0034 0.0074 0.0046 
      H145.5  1 0.0029 0.0035 0.0031 0.0031 0.0033 0.0032 0.0041 0.0029 0.0035 0.0318 0.0026 0.9254 0.0023 0.0030 0.0027 0.0026 
      H145.6  1 0.0035 0.0022 0.0038 0.0047 0.0044 0.0054 0.0054 0.0020 0.0028 0.0058 0.0040 0.9354 0.0040 0.0028 0.0058 0.0079 
      H145.7  1 0.0027 0.0029 0.0029 0.0059 0.0035 0.0046 0.0031 0.0023 0.0025 0.0036 0.0021 0.9508 0.0024 0.0027 0.0038 0.0040 
      H149.1  1 0.0030 0.0044 0.0028 0.9515 0.0035 0.0038 0.0027 0.0028 0.0026 0.0045 0.0027 0.0034 0.0031 0.0021 0.0026 0.0042 
      H149.2  1 0.0044 0.0064 0.0031 0.9318 0.0036 0.0072 0.0071 0.0024 0.0036 0.0048 0.0024 0.0078 0.0039 0.0024 0.0051 0.0040 
      H149.3  1 0.0136 0.0110 0.0182 0.7000 0.0054 0.0491 0.0364 0.0148 0.0132 0.0117 0.0047 0.0358 0.0089 0.0203 0.0503 0.0065 
      H149.4  1 0.0069 0.0045 0.0153 0.9224 0.0030 0.0049 0.0027 0.0048 0.0065 0.0060 0.0037 0.0033 0.0032 0.0036 0.0063 0.0031 
      H149.5  1 0.0254 0.0065 0.0114 0.7598 0.0050 0.0312 0.0247 0.0125 0.0248 0.0044 0.0029 0.0150 0.0129 0.0034 0.0543 0.0058 
      H149.6  1 0.0041 0.0053 0.0031 0.9295 0.0030 0.0061 0.0053 0.0041 0.0055 0.0039 0.0021 0.0083 0.0036 0.0027 0.0086 0.0047 
      H149.7  1 0.0168 0.0142 0.0277 0.6838 0.0073 0.0551 0.0243 0.0606 0.0131 0.0115 0.0038 0.0043 0.0058 0.0128 0.0414 0.0174 
      H150.1  1 0.0087 0.0053 0.0030 0.0031 0.0033 0.0240 0.0065 0.0043 0.0113 0.0058 0.6069 0.0049 0.0026 0.2994 0.0041 0.0069 
      H150.2  1 0.0068 0.0035 0.0037 0.0060 0.0054 0.0087 0.0072 0.0106 0.0045 0.0288 0.1165 0.0039 0.0035 0.7731 0.0058 0.0121 
      H150.3  1 0.0053 0.0090 0.0040 0.0066 0.0075 0.0119 0.0084 0.0150 0.0056 0.0257 0.6472 0.0066 0.0020 0.2285 0.0088 0.0079 
      H150.4  1 0.0038 0.0054 0.0023 0.0030 0.0054 0.0060 0.0050 0.0071 0.0042 0.0084 0.8985 0.0066 0.0018 0.0323 0.0054 0.0050 
      H150.5  1 0.0123 0.0056 0.0043 0.0064 0.0060 0.0263 0.0130 0.0078 0.0078 0.0082 0.1436 0.0049 0.0035 0.7165 0.0220 0.0119 
      H150.6  1 0.0337 0.0069 0.0065 0.0047 0.0120 0.0945 0.0077 0.0094 0.0131 0.0126 0.0274 0.0110 0.0035 0.7371 0.0059 0.0140 
      H150.7  1 0.0088 0.0036 0.0032 0.0061 0.0034 0.0106 0.0052 0.0027 0.0146 0.0153 0.8615 0.0057 0.0023 0.0474 0.0038 0.0057 
   H169607.1  1 0.0065 0.0045 0.0179 0.0043 0.0149 0.0991 0.6972 0.0113 0.0048 0.0329 0.0300 0.0239 0.0034 0.0158 0.0064 0.0270 
   H169607.2  1 0.0057 0.0040 0.0040 0.0034 0.0041 0.0067 0.9165 0.0041 0.0056 0.0063 0.0137 0.0041 0.0043 0.0057 0.0046 0.0071 
   H169607.3  1 0.0085 0.0051 0.0108 0.0031 0.0046 0.0268 0.8659 0.0080 0.0059 0.0159 0.0056 0.0187 0.0044 0.0069 0.0042 0.0057 
   H169607.4  1 0.0038 0.0039 0.0027 0.0027 0.0203 0.0133 0.8877 0.0033 0.0050 0.0152 0.0127 0.0104 0.0036 0.0029 0.0047 0.0079 
   H169607.5  1 0.0033 0.0023 0.0035 0.0028 0.0037 0.0057 0.9426 0.0035 0.0026 0.0035 0.0071 0.0047 0.0041 0.0040 0.0044 0.0023 
   H169607.6  1 0.0085 0.0024 0.0057 0.0027 0.0032 0.0078 0.9195 0.0032 0.0093 0.0104 0.0076 0.0030 0.0033 0.0057 0.0033 0.0044 
   H169607.7  1 0.0092 0.0027 0.0221 0.0037 0.0046 0.0177 0.8669 0.0106 0.0094 0.0125 0.0093 0.0069 0.0033 0.0119 0.0040 0.0051 
   H169607.8  1 0.0049 0.0038 0.0032 0.0031 0.0110 0.0139 0.9077 0.0048 0.0058 0.0069 0.0094 0.0056 0.0037 0.0049 0.0074 0.0039 
   H169633.1  1 0.0052 0.0044 0.0041 0.8773 0.0069 0.0095 0.0041 0.0281 0.0044 0.0042 0.0068 0.0134 0.0050 0.0086 0.0074 0.0106 
   H169633.2  1 0.0054 0.0077 0.0062 0.7566 0.0053 0.0248 0.0024 0.0155 0.0099 0.0027 0.0027 0.0107 0.0066 0.0072 0.0043 0.1320 
   H169633.3  1 0.0078 0.0101 0.0047 0.8965 0.0056 0.0077 0.0068 0.0054 0.0042 0.0045 0.0048 0.0072 0.0085 0.0093 0.0087 0.0082 
   H169633.4  1 0.0051 0.0066 0.0054 0.9061 0.0083 0.0075 0.0072 0.0036 0.0045 0.0040 0.0076 0.0068 0.0071 0.0076 0.0087 0.0039 
   H169633.5  1 0.0055 0.0065 0.0051 0.8998 0.0080 0.0099 0.0073 0.0033 0.0046 0.0035 0.0083 0.0067 0.0077 0.0095 0.0099 0.0044 
   H169688.1  1 0.0161 0.0073 0.0089 0.0061 0.0070 0.0084 0.0164 0.8671 0.0038 0.0197 0.0065 0.0077 0.0112 0.0051 0.0034 0.0054 
   H169688.2  1 0.0050 0.0087 0.0061 0.0029 0.0042 0.0052 0.0048 0.9304 0.0071 0.0026 0.0033 0.0041 0.0032 0.0039 0.0040 0.0045 
   H169688.3  1 0.0028 0.0060 0.0036 0.0033 0.0037 0.0036 0.0031 0.9484 0.0044 0.0032 0.0028 0.0029 0.0020 0.0028 0.0033 0.0041 
   H169688.4  1 0.0029 0.0043 0.0032 0.0028 0.0023 0.0028 0.0031 0.9554 0.0019 0.0028 0.0051 0.0031 0.0022 0.0034 0.0023 0.0025 
   H169688.5  1 0.0033 0.0050 0.0028 0.0027 0.0026 0.0035 0.0032 0.9530 0.0018 0.0023 0.0051 0.0035 0.0024 0.0040 0.0024 0.0024 
   H169688.6  1 0.0045 0.0025 0.0478 0.0070 0.0034 0.0050 0.0030 0.9033 0.0023 0.0031 0.0027 0.0028 0.0052 0.0030 0.0023 0.0021 
   H169688.7  1 0.0067 0.0115 0.0057 0.0040 0.0055 0.0122 0.0047 0.8895 0.0055 0.0126 0.0066 0.0165 0.0021 0.0067 0.0041 0.0061 
   H171901.1  1 0.0307 0.0063 0.0064 0.0088 0.0052 0.5229 0.2057 0.0132 0.0344 0.0066 0.0321 0.0268 0.0025 0.0694 0.0155 0.0135 
   H171901.2  1 0.0131 0.0043 0.0028 0.7282 0.0231 0.0245 0.0291 0.0051 0.1056 0.0070 0.0187 0.0073 0.0035 0.0081 0.0067 0.0129 
   H171901.3  1 0.0103 0.0064 0.0060 0.6794 0.0121 0.0632 0.0794 0.0232 0.0109 0.0045 0.0205 0.0048 0.0087 0.0370 0.0073 0.0264 
   H171901.4  1 0.0078 0.0049 0.0070 0.7710 0.0157 0.0194 0.0183 0.0054 0.0718 0.0065 0.0115 0.0043 0.0040 0.0204 0.0059 0.0261 
   H171901.5  1 0.0178 0.0129 0.0107 0.6176 0.0304 0.0492 0.0207 0.0062 0.0404 0.0104 0.0164 0.0035 0.0047 0.0127 0.0052 0.1411 
   H171901.6  1 0.0296 0.0142 0.0129 0.4148 0.0142 0.1071 0.0259 0.0135 0.0203 0.0187 0.0367 0.0079 0.0057 0.0164 0.0049 0.2571 
   H171901.7  1 0.0541 0.0071 0.0108 0.4982 0.0078 0.1220 0.1315 0.0484 0.0045 0.0082 0.0240 0.0089 0.0142 0.0154 0.0054 0.0396 
   H171902.1  1 0.0041 0.0030 0.0045 0.0042 0.0023 0.0036 0.0030 0.0031 0.0021 0.9473 0.0044 0.0035 0.0029 0.0026 0.0023 0.0071 
  H171902.10  1 0.0039 0.0021 0.0032 0.0038 0.0042 0.0044 0.0043 0.0039 0.0027 0.9501 0.0026 0.0030 0.0024 0.0039 0.0029 0.0027 
   H171902.2  1 0.0066 0.0037 0.0063 0.0117 0.0030 0.0047 0.0043 0.0051 0.0024 0.9234 0.0039 0.0049 0.0026 0.0056 0.0024 0.0093 
   H171902.3  1 0.0061 0.0030 0.0043 0.0103 0.0024 0.0045 0.0044 0.0048 0.0028 0.9303 0.0063 0.0030 0.0031 0.0041 0.0026 0.0079 
   H171902.4  1 0.0036 0.0028 0.0029 0.0148 0.0036 0.0033 0.0029 0.0025 0.0018 0.9428 0.0030 0.0037 0.0024 0.0030 0.0037 0.0033 
   H171902.6  1 0.0038 0.0028 0.0031 0.0045 0.0031 0.0042 0.0026 0.0024 0.0023 0.9535 0.0040 0.0032 0.0024 0.0028 0.0025 0.0028 
   H171902.7  1 0.0050 0.0028 0.0037 0.0106 0.0043 0.0070 0.0272 0.0026 0.0102 0.9054 0.0031 0.0039 0.0023 0.0046 0.0036 0.0036 
   H171902.8  1 0.0048 0.0026 0.0036 0.0054 0.0049 0.0048 0.0055 0.0027 0.0029 0.9411 0.0041 0.0033 0.0025 0.0043 0.0028 0.0049 
   H171902.9  1 0.0036 0.0035 0.0027 0.0029 0.0032 0.0050 0.0045 0.0024 0.0030 0.9446 0.0068 0.0050 0.0025 0.0031 0.0032 0.0041 
   H171903.1  1 0.0061 0.0029 0.0035 0.0044 0.0038 0.0049 0.9096 0.0061 0.0095 0.0035 0.0158 0.0033 0.0041 0.0111 0.0061 0.0053 
   H171903.2  1 0.0078 0.0090 0.0058 0.0030 0.0075 0.0256 0.8147 0.0040 0.0382 0.0043 0.0272 0.0075 0.0100 0.0091 0.0175 0.0087 
   H171903.3  1 0.0052 0.0201 0.0045 0.0041 0.0173 0.0333 0.8101 0.0072 0.0352 0.0034 0.0084 0.0036 0.0188 0.0092 0.0052 0.0143 
   H171903.4  1 0.0033 0.0048 0.0044 0.0037 0.0087 0.0299 0.8309 0.0464 0.0046 0.0258 0.0073 0.0060 0.0037 0.0100 0.0047 0.0060 
   H171903.5  1 0.0155 0.0092 0.0062 0.0188 0.0050 0.1154 0.6959 0.0421 0.0290 0.0049 0.0176 0.0041 0.0045 0.0102 0.0116 0.0100 
   H171903.6  1 0.0053 0.0052 0.0045 0.0113 0.0033 0.0210 0.7814 0.1310 0.0030 0.0047 0.0072 0.0038 0.0059 0.0056 0.0037 0.0031 
      H177.1  1 0.0719 0.0107 0.0286 0.0387 0.0674 0.1710 0.5138 0.0145 0.0043 0.0213 0.0129 0.0051 0.0121 0.0169 0.0054 0.0056 
      H177.2  1 0.2826 0.0194 0.0520 0.0532 0.0492 0.2515 0.0604 0.0066 0.0035 0.0053 0.0137 0.1566 0.0078 0.0192 0.0113 0.0079 
      H177.3  1 0.0884 0.0077 0.0446 0.0629 0.0428 0.2859 0.3103 0.0081 0.0032 0.0224 0.0191 0.0588 0.0192 0.0110 0.0074 0.0082 
      H177.4  1 0.0278 0.0060 0.3767 0.0136 0.0099 0.0729 0.3941 0.0038 0.0057 0.0104 0.0044 0.0099 0.0468 0.0036 0.0071 0.0073 
      H177.5  1 0.0592 0.0238 0.0383 0.0123 0.0226 0.3835 0.3505 0.0250 0.0085 0.0064 0.0080 0.0101 0.0067 0.0108 0.0169 0.0173 
      H177.6  1 0.1105 0.0092 0.0447 0.1773 0.0513 0.2690 0.1923 0.0132 0.0051 0.0323 0.0188 0.0253 0.0106 0.0205 0.0086 0.0112 
      H179.1  1 0.0048 0.0457 0.8407 0.0047 0.0059 0.0092 0.0087 0.0289 0.0056 0.0039 0.0106 0.0022 0.0019 0.0099 0.0085 0.0089 
      H179.2  1 0.0103 0.0438 0.7922 0.0054 0.0112 0.0125 0.0080 0.0415 0.0080 0.0067 0.0055 0.0021 0.0154 0.0091 0.0044 0.0240 
      H179.3  1 0.0058 0.0179 0.7198 0.0042 0.0075 0.0238 0.0326 0.1217 0.0037 0.0041 0.0178 0.0030 0.0041 0.0176 0.0067 0.0095 
      H179.4  1 0.0089 0.0154 0.6663 0.0148 0.0395 0.0401 0.0255 0.0297 0.0062 0.0039 0.0054 0.0056 0.0642 0.0044 0.0060 0.0641 
      H180.1  1 0.0178 0.0055 0.0136 0.0040 0.0048 0.0073 0.0037 0.0039 0.0047 0.0073 0.0050 0.0029 0.0034 0.9043 0.0036 0.0081 
      H180.2  1 0.0093 0.0049 0.0043 0.0027 0.0021 0.0048 0.0034 0.0037 0.0035 0.0033 0.0037 0.0030 0.0034 0.9409 0.0022 0.0047 
      H180.3  1 0.0058 0.0075 0.0064 0.0065 0.0022 0.0177 0.0087 0.0070 0.0040 0.0045 0.0214 0.0084 0.0042 0.8797 0.0033 0.0126 
      H180.4  1 0.0112 0.0063 0.0120 0.0048 0.0036 0.0092 0.0050 0.0023 0.0053 0.0060 0.0038 0.0033 0.0039 0.9139 0.0032 0.0061 
      H180.5  1 0.0178 0.0037 0.0121 0.0051 0.0029 0.0075 0.0040 0.0065 0.0020 0.0054 0.0039 0.0052 0.0038 0.9120 0.0030 0.0051 
      H180.6  1 0.0100 0.0070 0.0120 0.0125 0.0027 0.0388 0.0138 0.0043 0.0069 0.0072 0.0097 0.0349 0.0036 0.8227 0.0039 0.0100 
      H181.1  1 0.9158 0.0040 0.0080 0.0144 0.0036 0.0080 0.0063 0.0038 0.0095 0.0051 0.0027 0.0047 0.0038 0.0049 0.0026 0.0026 
      H181.2  1 0.9219 0.0029 0.0103 0.0051 0.0063 0.0085 0.0038 0.0034 0.0042 0.0075 0.0031 0.0046 0.0032 0.0050 0.0034 0.0068 
      H181.3  1 0.9289 0.0022 0.0048 0.0102 0.0045 0.0052 0.0039 0.0052 0.0043 0.0056 0.0043 0.0036 0.0028 0.0056 0.0039 0.0051 
      H181.4  1 0.8846 0.0049 0.0047 0.0123 0.0050 0.0211 0.0057 0.0061 0.0064 0.0050 0.0127 0.0057 0.0041 0.0098 0.0046 0.0073 
      H181.5  1 0.8987 0.0082 0.0239 0.0043 0.0047 0.0098 0.0047 0.0077 0.0088 0.0051 0.0043 0.0033 0.0037 0.0040 0.0042 0.0046 
      H181.6  1 0.8094 0.0069 0.0795 0.0065 0.0044 0.0098 0.0071 0.0051 0.0095 0.0051 0.0064 0.0035 0.0061 0.0119 0.0047 0.0242 
      H181.7  1 0.8878 0.0069 0.0301 0.0056 0.0028 0.0118 0.0052 0.0073 0.0097 0.0037 0.0050 0.0044 0.0050 0.0045 0.0043 0.0059 
 H194.1_2004  1 0.0026 0.0047 0.0022 0.0044 0.0027 0.0081 0.9313 0.0068 0.0024 0.0041 0.0062 0.0043 0.0030 0.0049 0.0051 0.0070 
 H194.2_2004  1 0.0061 0.0032 0.0027 0.0038 0.0053 0.0323 0.9033 0.0036 0.0032 0.0051 0.0044 0.0094 0.0023 0.0037 0.0045 0.0070 
 H194.3_2004  1 0.0158 0.1278 0.0210 0.0717 0.0235 0.1229 0.5319 0.0109 0.0056 0.0096 0.0031 0.0230 0.0069 0.0044 0.0055 0.0165 
 H194.4_2004  1 0.0204 0.0049 0.0092 0.0175 0.0141 0.0893 0.6666 0.0047 0.0046 0.0188 0.0050 0.1119 0.0053 0.0041 0.0032 0.0204 
 H194.5_2004  1 0.0110 0.0573 0.0098 0.0259 0.0179 0.0421 0.7501 0.0075 0.0079 0.0078 0.0048 0.0079 0.0059 0.0033 0.0058 0.0350 
 H194.6_2004  1 0.0146 0.0668 0.0120 0.0356 0.0131 0.0789 0.6752 0.0087 0.0049 0.0193 0.0061 0.0106 0.0195 0.0049 0.0044 0.0253 
 H194.7_2004  1 0.0049 0.0058 0.0021 0.0043 0.0039 0.0058 0.9222 0.0086 0.0056 0.0026 0.0048 0.0100 0.0029 0.0038 0.0071 0.0056 
 H194.8_2004  1 0.0104 0.0130 0.0066 0.0225 0.0222 0.0719 0.7681 0.0041 0.0068 0.0092 0.0066 0.0225 0.0084 0.0037 0.0044 0.0196 
      H194.9  1 0.0075 0.0050 0.0030 0.0100 0.0063 0.0252 0.8715 0.0059 0.0034 0.0060 0.0074 0.0138 0.0035 0.0064 0.0039 0.0211 
 H195.1_2003  1 0.0027 0.0029 0.0031 0.0032 0.0033 0.0033 0.0039 0.0025 0.0033 0.0028 0.0022 0.0041 0.0033 0.0029 0.0028 0.9540 
 H195.1_2004  1 0.0057 0.0028 0.0030 0.0077 0.0087 0.0037 0.0031 0.0038 0.0022 0.0048 0.0033 0.9367 0.0025 0.0039 0.0035 0.0046 
 H195.2_2003  1 0.0172 0.0038 0.0034 0.0037 0.0130 0.0362 0.0329 0.0882 0.0115 0.0149 0.0184 0.0574 0.0067 0.0061 0.0063 0.6804 
 H195.2_2004  1 0.0042 0.0029 0.0031 0.0081 0.0072 0.0052 0.0029 0.0096 0.0031 0.0029 0.0035 0.9157 0.0029 0.0038 0.0032 0.0218 
 H195.3_2003  1 0.0222 0.0111 0.0035 0.0036 0.0118 0.1287 0.0495 0.0298 0.0265 0.0038 0.0940 0.0321 0.0059 0.0129 0.0085 0.5561 
 H195.3_2004  1 0.0060 0.0037 0.0036 0.0117 0.0087 0.0066 0.0054 0.0036 0.0030 0.0067 0.0030 0.8680 0.0037 0.0036 0.0039 0.0588 
 H195.4_2003  1 0.0038 0.0027 0.0029 0.0057 0.0040 0.0061 0.0036 0.0022 0.0027 0.0036 0.0022 0.0467 0.0071 0.0020 0.0068 0.8978 
 H195.4_2004  1 0.0042 0.0029 0.0026 0.0054 0.0038 0.0051 0.0048 0.0089 0.0020 0.0039 0.0020 0.9379 0.0038 0.0025 0.0030 0.0072 
 H195.5_2003  1 0.0029 0.0029 0.0034 0.0063 0.0192 0.0069 0.0035 0.0023 0.0028 0.0034 0.0056 0.0093 0.0062 0.0072 0.0073 0.9110 
 H195.5_2004  1 0.0034 0.0040 0.0030 0.0038 0.0057 0.0050 0.0035 0.0028 0.0024 0.0032 0.0030 0.9422 0.0048 0.0053 0.0029 0.0050 
 H195.6_2003  1 0.0083 0.0037 0.0034 0.0039 0.0068 0.0253 0.0103 0.0246 0.0067 0.0098 0.0238 0.4305 0.0050 0.0050 0.0090 0.4240 
 H195.6_2004  1 0.0031 0.0043 0.0044 0.0032 0.0043 0.0045 0.0047 0.0049 0.0057 0.0034 0.0019 0.9354 0.0035 0.0027 0.0026 0.0114 
 H195.7_2003  1 0.0095 0.0046 0.0029 0.0060 0.0047 0.0204 0.0204 0.0800 0.0088 0.0032 0.0025 0.0584 0.0084 0.0030 0.0082 0.7592 
 H195.7_2004  1 0.0028 0.0024 0.0024 0.0026 0.0042 0.0044 0.0029 0.0062 0.0021 0.0023 0.0049 0.9503 0.0026 0.0035 0.0030 0.0035 
      H195.8  1 0.0035 0.0024 0.0022 0.0025 0.0041 0.0034 0.0031 0.0037 0.0021 0.0031 0.0026 0.9528 0.0039 0.0039 0.0038 0.0031 
      H195.9  1 0.0048 0.0051 0.0031 0.0060 0.0066 0.0049 0.0048 0.0046 0.0026 0.0037 0.0023 0.9272 0.0059 0.0029 0.0032 0.0124 
      H415.1  1 0.0112 0.0066 0.0056 0.0280 0.0166 0.0112 0.0089 0.0163 0.0053 0.0164 0.0571 0.0071 0.0022 0.0295 0.0070 0.7710 
      H415.2  1 0.0144 0.0931 0.0301 0.0133 0.0238 0.1604 0.0607 0.0159 0.0078 0.3848 0.0226 0.0057 0.0031 0.0116 0.0655 0.0871 
      H415.3  1 0.0221 0.0068 0.0819 0.0274 0.0087 0.0124 0.0038 0.0068 0.0048 0.0096 0.0058 0.0042 0.0037 0.0068 0.0190 0.7761 
      H415.4  1 0.0033 0.0183 0.0028 0.0075 0.0080 0.0071 0.0052 0.0033 0.0058 0.0089 0.0127 0.0053 0.0027 0.0088 0.0051 0.8952 
      H415.5  1 0.0090 0.0159 0.0086 0.0208 0.0049 0.0084 0.0042 0.0040 0.0033 0.0168 0.0037 0.0052 0.0040 0.0054 0.0027 0.8831 
      H415.6  1 0.0038 0.0205 0.0024 0.0062 0.0052 0.0065 0.0058 0.0039 0.0051 0.0079 0.0092 0.0074 0.0028 0.0102 0.0044 0.8985 
      H415.7  1 0.0137 0.0080 0.0810 0.0619 0.0349 0.0878 0.0875 0.0149 0.0079 0.1799 0.0119 0.0095 0.0110 0.0052 0.0275 0.3571 
      H506.1  1 0.0045 0.0058 0.9531 0.0046 0.0024 0.0029 0.0023 0.0022 0.0028 0.0026 0.0019 0.0028 0.0036 0.0027 0.0034 0.0024 
      H506.2  1 0.0047 0.0033 0.9487 0.0035 0.0028 0.0034 0.0023 0.0022 0.0033 0.0032 0.0018 0.0087 0.0028 0.0026 0.0031 0.0035 
      H506.3  1 0.0189 0.0111 0.8969 0.0046 0.0056 0.0127 0.0041 0.0101 0.0041 0.0040 0.0036 0.0074 0.0038 0.0034 0.0063 0.0035 
      H506.4  1 0.0056 0.0040 0.9278 0.0043 0.0029 0.0055 0.0049 0.0049 0.0020 0.0053 0.0043 0.0029 0.0130 0.0047 0.0039 0.0039 
      H506.5  1 0.0053 0.0040 0.9429 0.0054 0.0029 0.0037 0.0036 0.0023 0.0030 0.0032 0.0020 0.0040 0.0064 0.0024 0.0037 0.0052 
      H506.6  1 0.0072 0.0033 0.8666 0.0038 0.0138 0.0149 0.0167 0.0097 0.0037 0.0034 0.0078 0.0242 0.0056 0.0034 0.0054 0.0106 
      H506.7  1 0.0050 0.0044 0.9479 0.0041 0.0044 0.0036 0.0029 0.0024 0.0033 0.0023 0.0019 0.0041 0.0035 0.0030 0.0031 0.0042 
      H533.1  1 0.0072 0.0070 0.9357 0.0077 0.0022 0.0036 0.0023 0.0022 0.0118 0.0023 0.0020 0.0028 0.0032 0.0044 0.0026 0.0030 
      H533.2  1 0.0068 0.0055 0.9370 0.0102 0.0026 0.0043 0.0022 0.0020 0.0099 0.0024 0.0020 0.0026 0.0034 0.0035 0.0027 0.0029 
      H533.3  1 0.0044 0.0039 0.9451 0.0081 0.0020 0.0046 0.0054 0.0029 0.0035 0.0022 0.0026 0.0039 0.0030 0.0027 0.0030 0.0026 
      H533.4  1 0.0070 0.0023 0.8808 0.0103 0.0042 0.0067 0.0212 0.0038 0.0056 0.0042 0.0044 0.0189 0.0098 0.0054 0.0028 0.0126 
      H535.1  1 0.0037 0.0037 0.0024 0.0031 0.0024 0.0028 0.0042 0.0023 0.0025 0.0038 0.0033 0.0023 0.9548 0.0030 0.0020 0.0038 
      H535.2  1 0.0049 0.0030 0.0034 0.0031 0.0036 0.0036 0.0025 0.0025 0.0035 0.0025 0.0020 0.0034 0.9531 0.0024 0.0038 0.0027 
      H535.3  1 0.0037 0.0040 0.0031 0.0021 0.0028 0.0033 0.0022 0.0021 0.0033 0.0021 0.0022 0.0031 0.9576 0.0027 0.0035 0.0023 
      H535.4  1 0.0024 0.0033 0.0027 0.0033 0.0033 0.0029 0.0030 0.0023 0.0027 0.0019 0.0025 0.0034 0.9579 0.0021 0.0030 0.0036 
      H535.5  1 0.0030 0.0036 0.0026 0.0036 0.0023 0.0028 0.0029 0.0024 0.0027 0.0022 0.0022 0.0020 0.9598 0.0020 0.0022 0.0038 
      H535.6  1 0.0057 0.0042 0.0030 0.0028 0.0030 0.0042 0.0047 0.0021 0.0027 0.0083 0.0059 0.0031 0.9394 0.0033 0.0022 0.0054 
      H535.7  1 0.0022 0.0030 0.0026 0.0034 0.0020 0.0023 0.0023 0.0025 0.0021 0.0022 0.0017 0.0025 0.9649 0.0018 0.0021 0.0023 
      H535.8  1 0.0031 0.0041 0.0020 0.0024 0.0036 0.0030 0.0028 0.0025 0.0031 0.0027 0.0031 0.0025 0.9578 0.0018 0.0022 0.0032 
      H535.9  1 0.0031 0.0025 0.0034 0.0024 0.0024 0.0031 0.0035 0.0023 0.0019 0.0033 0.0032 0.0024 0.9571 0.0039 0.0028 0.0027 
      H539.1  1 0.0024 0.0019 0.0019 0.0026 0.0028 0.0026 0.0039 0.0019 0.0032 0.0056 0.9565 0.0025 0.0027 0.0043 0.0022 0.0031 
      H539.2  1 0.0074 0.0066 0.0064 0.0047 0.0167 0.0267 0.0732 0.0255 0.0035 0.0045 0.5378 0.0045 0.0119 0.2588 0.0051 0.0066 
      H539.3  1 0.0034 0.0037 0.0047 0.0030 0.0079 0.0075 0.0290 0.0081 0.0031 0.0043 0.8754 0.0065 0.0090 0.0206 0.0035 0.0103 
      H539.4  1 0.0041 0.0049 0.0042 0.0033 0.0063 0.0076 0.0042 0.0068 0.0034 0.0037 0.9049 0.0035 0.0030 0.0321 0.0040 0.0041 
      H539.5  1 0.0027 0.0032 0.0026 0.0022 0.0022 0.0029 0.0058 0.0029 0.0019 0.0040 0.9548 0.0022 0.0033 0.0047 0.0024 0.0022 
      H539.6  1 0.0043 0.0026 0.0026 0.0022 0.0029 0.0035 0.0064 0.0035 0.0029 0.0058 0.9453 0.0037 0.0029 0.0052 0.0028 0.0035 
      H539.7  1 0.0028 0.0026 0.0027 0.0030 0.0026 0.0027 0.0053 0.0047 0.0023 0.0041 0.9498 0.0022 0.0029 0.0050 0.0036 0.0037 
      H539.8  1 0.0041 0.0061 0.0045 0.0042 0.0081 0.0131 0.0113 0.0131 0.0034 0.0047 0.8020 0.0047 0.0261 0.0811 0.0055 0.0079 
      H539.9  1 0.0025 0.0051 0.0030 0.0023 0.0038 0.0034 0.0056 0.0052 0.0035 0.0026 0.9455 0.0025 0.0026 0.0057 0.0038 0.0028 
      H540.1  1 0.0082 0.0041 0.0043 0.0038 0.0032 0.0058 0.0289 0.0041 0.0033 0.0048 0.9022 0.0101 0.0049 0.0035 0.0052 0.0034 
      H540.2  1 0.0054 0.0042 0.0034 0.0043 0.0037 0.0043 0.0087 0.0046 0.0028 0.0041 0.9383 0.0029 0.0020 0.0039 0.0038 0.0036 
      H540.3  1 0.0057 0.0087 0.0060 0.0262 0.0293 0.0392 0.0288 0.0104 0.0073 0.0083 0.7595 0.0175 0.0053 0.0269 0.0061 0.0151 
      H540.4  1 0.0129 0.0051 0.0060 0.0040 0.0043 0.0081 0.0105 0.0076 0.0028 0.0072 0.8943 0.0045 0.0055 0.0132 0.0097 0.0044 
      H540.5  1 0.0070 0.0059 0.0027 0.0053 0.0078 0.0057 0.0075 0.0091 0.0032 0.0043 0.9253 0.0028 0.0021 0.0037 0.0045 0.0031 
      H540.6  1 0.0214 0.0069 0.0057 0.0056 0.0057 0.0105 0.0183 0.0097 0.0056 0.0063 0.8753 0.0070 0.0038 0.0064 0.0086 0.0034 
      H540.7  1 0.0150 0.0048 0.0093 0.0252 0.0072 0.0105 0.0143 0.0043 0.0031 0.0070 0.8676 0.0041 0.0029 0.0076 0.0081 0.0090 
      H540.8  1 0.0065 0.0056 0.0034 0.0090 0.0029 0.0086 0.0505 0.0046 0.0027 0.0111 0.8716 0.0035 0.0042 0.0041 0.0044 0.0074 
     H9558.1  1 0.0042 0.0032 0.0057 0.0021 0.0030 0.0053 0.0048 0.0051 0.0080 0.0094 0.9287 0.0025 0.0081 0.0027 0.0023 0.0049 
     H9558.2  1 0.0200 0.0062 0.0102 0.0039 0.0098 0.0182 0.0092 0.0069 0.0171 0.0085 0.8467 0.0027 0.0103 0.0049 0.0063 0.0190 
     H9558.3  1 0.0117 0.0062 0.0029 0.0026 0.0082 0.0061 0.0066 0.0069 0.0441 0.0028 0.8737 0.0024 0.0056 0.0054 0.0098 0.0051 
     H9558.4  1 0.0045 0.0030 0.0047 0.0025 0.0034 0.0042 0.0045 0.0071 0.0057 0.0038 0.9367 0.0019 0.0082 0.0033 0.0025 0.0039 
     H9558.5  1 0.0047 0.0032 0.0026 0.0037 0.0061 0.0044 0.0033 0.0108 0.0043 0.0021 0.9274 0.0019 0.0093 0.0091 0.0044 0.0025 
     H9558.6  1 0.0043 0.0052 0.0035 0.0032 0.0070 0.0218 0.0051 0.0040 0.0234 0.0052 0.8942 0.0025 0.0070 0.0040 0.0041 0.0054 
    kos339.1  1 0.0131 0.0042 0.0207 0.8914 0.0031 0.0074 0.0063 0.0031 0.0054 0.0064 0.0050 0.0021 0.0059 0.0048 0.0171 0.0040 
    kos339.2  1 0.0053 0.0052 0.0114 0.9171 0.0059 0.0052 0.0033 0.0035 0.0057 0.0045 0.0030 0.0079 0.0040 0.0038 0.0082 0.0061 
    kos339.3  1 0.0040 0.0029 0.0035 0.9500 0.0026 0.0040 0.0034 0.0029 0.0028 0.0030 0.0033 0.0028 0.0048 0.0034 0.0020 0.0048 
    kos339.4  1 0.0044 0.0030 0.0040 0.9459 0.0030 0.0036 0.0033 0.0031 0.0026 0.0046 0.0032 0.0029 0.0038 0.0036 0.0026 0.0064 
    kos339.5  1 0.0129 0.0042 0.0137 0.9239 0.0026 0.0053 0.0025 0.0027 0.0043 0.0058 0.0037 0.0024 0.0027 0.0035 0.0064 0.0034 
    kos339.6  1 0.0063 0.0035 0.0070 0.9431 0.0040 0.0039 0.0032 0.0027 0.0030 0.0033 0.0028 0.0048 0.0022 0.0025 0.0047 0.0031 
    kos339.7  1 0.0039 0.0027 0.0059 0.9435 0.0030 0.0033 0.0034 0.0025 0.0022 0.0038 0.0027 0.0032 0.0097 0.0033 0.0023 0.0047 
    kos339.8  1 0.0046 0.0033 0.0193 0.9296 0.0036 0.0043 0.0027 0.0034 0.0024 0.0033 0.0025 0.0041 0.0031 0.0038 0.0047 0.0052 
    kos339.9  1 0.0177 0.0081 0.0083 0.8645 0.0078 0.0080 0.0076 0.0040 0.0049 0.0271 0.0130 0.0073 0.0037 0.0060 0.0057 0.0063 
      H409.1 12 0.0058 0.9515 0.0039 0.0045 0.0032 0.0028 0.0024 0.0031 0.0025 0.0029 0.0021 0.0026 0.0024 0.0022 0.0044 0.0037 
     H409.10 12 0.0083 0.8666 0.0372 0.0042 0.0067 0.0082 0.0032 0.0164 0.0030 0.0032 0.0088 0.0031 0.0027 0.0095 0.0075 0.0113 
      H409.2 12 0.0037 0.9208 0.0039 0.0058 0.0108 0.0058 0.0043 0.0047 0.0030 0.0063 0.0045 0.0036 0.0081 0.0025 0.0035 0.0087 
      H409.3 12 0.0030 0.9463 0.0052 0.0041 0.0034 0.0038 0.0039 0.0035 0.0051 0.0028 0.0030 0.0030 0.0043 0.0029 0.0029 0.0029 
      H409.4 12 0.0036 0.9511 0.0027 0.0033 0.0044 0.0035 0.0034 0.0035 0.0053 0.0021 0.0029 0.0030 0.0032 0.0025 0.0030 0.0026 
      H409.5 12 0.0031 0.9474 0.0050 0.0024 0.0042 0.0042 0.0039 0.0024 0.0037 0.0042 0.0029 0.0032 0.0035 0.0027 0.0034 0.0039 
      H409.6 12 0.0126 0.8367 0.0096 0.0033 0.0056 0.0129 0.0100 0.0063 0.0547 0.0040 0.0081 0.0052 0.0069 0.0109 0.0099 0.0032 
      H409.7 12 0.0041 0.9336 0.0042 0.0064 0.0059 0.0048 0.0042 0.0047 0.0057 0.0036 0.0026 0.0051 0.0026 0.0033 0.0057 0.0036 
      H409.8 12 0.0038 0.9474 0.0058 0.0032 0.0028 0.0039 0.0035 0.0029 0.0034 0.0034 0.0028 0.0026 0.0027 0.0028 0.0054 0.0036 
      H409.9 12 0.0112 0.4744 0.0587 0.0032 0.0058 0.0383 0.0121 0.0045 0.0050 0.0041 0.2567 0.0060 0.0137 0.0765 0.0240 0.0058 
      H413.1 12 0.0074 0.0090 0.0024 0.0040 0.0084 0.0072 0.0044 0.0145 0.0127 0.0026 0.0035 0.0031 0.0075 0.8706 0.0390 0.0037 
      H413.2 12 0.0034 0.0031 0.0028 0.0057 0.0034 0.0057 0.0042 0.0075 0.0206 0.0036 0.0035 0.0037 0.0067 0.9158 0.0042 0.0061 
      H413.3 12 0.0083 0.0125 0.0040 0.0024 0.0058 0.0086 0.0065 0.0158 0.0115 0.0031 0.0089 0.0037 0.0028 0.8591 0.0423 0.0047 
      H413.4 12 0.0111 0.0219 0.0085 0.0053 0.0179 0.0098 0.0037 0.0033 0.0050 0.0048 0.0050 0.0052 0.0034 0.8550 0.0363 0.0037 
      H413.5 12 0.0037 0.0030 0.0040 0.0023 0.0065 0.0040 0.0045 0.0044 0.0036 0.0042 0.0153 0.0022 0.0022 0.9338 0.0038 0.0022 
      H413.6 12 0.0104 0.0088 0.0025 0.0065 0.0614 0.0229 0.0090 0.0409 0.0286 0.0022 0.0251 0.0039 0.0060 0.7429 0.0238 0.0052 
      H413.7 12 0.0042 0.0036 0.0043 0.0054 0.0107 0.0103 0.0044 0.0101 0.0124 0.0024 0.0112 0.0033 0.0057 0.8945 0.0093 0.0081 
      H563.1 12 0.0037 0.0046 0.0024 0.0030 0.0073 0.0061 0.0037 0.0038 0.0044 0.0022 0.0086 0.0033 0.0022 0.0070 0.9356 0.0022 
      H563.2 12 0.0051 0.0112 0.0048 0.0081 0.0088 0.0084 0.0082 0.0060 0.0054 0.0059 0.0062 0.0034 0.0035 0.0072 0.9034 0.0044 
      H563.3 12 0.0060 0.0035 0.0031 0.0026 0.0064 0.0040 0.0051 0.0030 0.0040 0.0028 0.0086 0.0029 0.0017 0.0030 0.9405 0.0029 
      H563.4 12 0.0034 0.0088 0.0040 0.0051 0.0075 0.0069 0.0060 0.0053 0.0087 0.0034 0.0047 0.0031 0.0032 0.0086 0.9194 0.0021 
      H563.5 12 0.0045 0.0033 0.0024 0.0034 0.0075 0.0033 0.0032 0.0051 0.0032 0.0023 0.0078 0.0027 0.0018 0.0034 0.9440 0.0022 
      H563.6 12 0.0057 0.0071 0.0044 0.0102 0.0096 0.0073 0.0052 0.0029 0.0056 0.0052 0.0060 0.0028 0.0031 0.0060 0.9157 0.0032 
      H563.7 12 0.0060 0.0069 0.0034 0.0148 0.0128 0.0057 0.0035 0.0024 0.0058 0.0032 0.0033 0.0025 0.0022 0.0047 0.9186 0.0043 
      H563.8 12 0.0043 0.0039 0.0036 0.0039 0.0105 0.0059 0.0054 0.0050 0.0034 0.0030 0.0113 0.0028 0.0020 0.0046 0.9276 0.0028 
      H563.9 12 0.0067 0.0141 0.0055 0.0085 0.0049 0.0080 0.0067 0.0055 0.0035 0.0051 0.0047 0.0041 0.0023 0.0050 0.9094 0.0061 
     H7374.1 12 0.0042 0.0061 0.0022 0.0040 0.9245 0.0061 0.0067 0.0028 0.0099 0.0032 0.0046 0.0039 0.0044 0.0037 0.0036 0.0101 
     H7374.2 12 0.0036 0.0050 0.0042 0.0021 0.9258 0.0065 0.0057 0.0062 0.0057 0.0036 0.0065 0.0040 0.0039 0.0038 0.0094 0.0040 
     H7374.3 12 0.0048 0.0100 0.0060 0.0042 0.8726 0.0097 0.0100 0.0040 0.0071 0.0047 0.0065 0.0074 0.0046 0.0039 0.0087 0.0358 
     H7374.4 12 0.0049 0.0041 0.0029 0.0058 0.9374 0.0044 0.0037 0.0061 0.0033 0.0037 0.0041 0.0030 0.0052 0.0039 0.0033 0.0042 
     H7374.5 12 0.0052 0.0031 0.0027 0.0046 0.9415 0.0043 0.0043 0.0029 0.0046 0.0037 0.0059 0.0026 0.0028 0.0030 0.0053 0.0034 
     H7374.6 12 0.0071 0.0060 0.0056 0.0054 0.8964 0.0079 0.0070 0.0050 0.0036 0.0113 0.0065 0.0062 0.0066 0.0050 0.0071 0.0133 
     H7374.7 12 0.0045 0.0044 0.0022 0.0046 0.9490 0.0031 0.0030 0.0032 0.0041 0.0032 0.0024 0.0044 0.0035 0.0028 0.0028 0.0027 
     H7374.8 12 0.0044 0.0055 0.0033 0.0048 0.9357 0.0052 0.0041 0.0024 0.0058 0.0036 0.0025 0.0038 0.0030 0.0024 0.0062 0.0071 
     H7374.9 12 0.0053 0.0030 0.0035 0.0049 0.9383 0.0040 0.0032 0.0036 0.0040 0.0065 0.0079 0.0039 0.0023 0.0031 0.0036 0.0030 
     H9563.1 12 0.0032 0.0029 0.0046 0.0042 0.0026 0.0047 0.0036 0.0026 0.0030 0.0034 0.0044 0.0037 0.0030 0.0046 0.9443 0.0053 
     H9563.2 12 0.0032 0.0021 0.0036 0.0029 0.0027 0.0040 0.0039 0.0030 0.0032 0.0041 0.0059 0.0035 0.0036 0.0060 0.9445 0.0038 
     H9563.3 12 0.0031 0.0042 0.0081 0.0031 0.0036 0.0041 0.0038 0.0042 0.0055 0.0035 0.0019 0.0043 0.0045 0.0046 0.9342 0.0071 
     H9563.4 12 0.0063 0.0142 0.0059 0.0070 0.0067 0.0164 0.0126 0.0053 0.0097 0.0047 0.0075 0.0056 0.0192 0.0107 0.8550 0.0132 
     H9563.5 12 0.0041 0.0090 0.0074 0.0067 0.0030 0.0067 0.0072 0.0057 0.0050 0.0049 0.0048 0.0045 0.0048 0.0091 0.9129 0.0041 
     H9563.6 12 0.0042 0.0041 0.0068 0.0026 0.0052 0.0052 0.0041 0.0041 0.0201 0.0024 0.0027 0.0042 0.0045 0.0057 0.9182 0.0059 
     H9563.7 12 0.0030 0.0029 0.0051 0.0020 0.0048 0.0048 0.0046 0.0029 0.0100 0.0023 0.0023 0.0042 0.0060 0.0032 0.9377 0.0041 
     H9563.8 12 0.0108 0.0109 0.0178 0.0098 0.0040 0.0141 0.0091 0.0103 0.0107 0.0050 0.0046 0.0056 0.0048 0.0293 0.8392 0.0142 
     H9563.9 12 0.0050 0.0031 0.0067 0.0045 0.0040 0.0086 0.0052 0.0054 0.0098 0.0047 0.0059 0.0034 0.0031 0.0101 0.9101 0.0102 
     H9572.1 12 0.4905 0.0123 0.0232 0.0057 0.0133 0.1081 0.0140 0.0077 0.0091 0.0198 0.0758 0.0092 0.0105 0.0306 0.1649 0.0052 
     H9572.2 12 0.2527 0.0147 0.0066 0.0075 0.0148 0.1991 0.0213 0.0036 0.0177 0.0559 0.0085 0.0749 0.0033 0.0389 0.2667 0.0138 
     H9572.3 12 0.3606 0.0290 0.0068 0.0761 0.0766 0.2286 0.0823 0.0036 0.0245 0.0115 0.0376 0.0052 0.0140 0.0080 0.0248 0.0107 
     H9572.4 12 0.6638 0.0086 0.0076 0.0355 0.0105 0.1407 0.0130 0.0030 0.0100 0.0138 0.0110 0.0144 0.0132 0.0072 0.0426 0.0052 
     H9572.5 12 0.5937 0.0037 0.0163 0.0649 0.0028 0.1744 0.0414 0.0032 0.0120 0.0077 0.0179 0.0076 0.0077 0.0177 0.0232 0.0058 
