      H105.1  1 0.0031 0.0021 0.0030 0.0028 0.0025 0.0028 0.0024 0.0039 0.0023 0.0023 0.0026 0.0022 0.0027 0.9542 0.0032 0.0034 0.0046 
      H105.2  1 0.0038 0.0050 0.0018 0.0062 0.0050 0.0061 0.0052 0.0033 0.0036 0.0037 0.0028 0.0034 0.0061 0.9344 0.0025 0.0023 0.0048 
      H105.3  1 0.0023 0.0020 0.0027 0.0031 0.0018 0.0032 0.0026 0.0054 0.0022 0.0021 0.0023 0.0029 0.0032 0.9561 0.0026 0.0029 0.0026 
      H105.4  1 0.0029 0.0025 0.0028 0.0030 0.0038 0.0036 0.0051 0.0035 0.0035 0.0031 0.0033 0.0026 0.0045 0.9448 0.0030 0.0026 0.0055 
      H105.5  1 0.0032 0.0023 0.0038 0.0068 0.0067 0.0031 0.0052 0.0041 0.0049 0.0053 0.0028 0.0031 0.0080 0.9130 0.0034 0.0042 0.0201 
      H105.6  1 0.0053 0.0037 0.0046 0.0030 0.0055 0.0039 0.0103 0.0060 0.0064 0.0081 0.0053 0.0071 0.0089 0.9103 0.0029 0.0040 0.0046 
      H105.7  1 0.0066 0.0045 0.0030 0.0091 0.0054 0.0041 0.0061 0.0198 0.0085 0.0058 0.0038 0.0085 0.0055 0.8923 0.0038 0.0034 0.0099 
      H105.8  1 0.0024 0.0025 0.0022 0.0028 0.0027 0.0058 0.0034 0.0030 0.0020 0.0025 0.0026 0.0023 0.0029 0.9556 0.0019 0.0027 0.0026 
      H115.1  1 0.0040 0.0078 0.0033 0.0033 0.0050 0.0087 0.0178 0.0083 0.0049 0.0137 0.0032 0.0408 0.8472 0.0046 0.0126 0.0041 0.0106 
      H115.2  1 0.0083 0.0081 0.0042 0.0050 0.0055 0.0035 0.0044 0.0050 0.0068 0.0505 0.0030 0.0058 0.8682 0.0029 0.0051 0.0036 0.0102 
      H115.3  1 0.0052 0.0056 0.0042 0.0032 0.0035 0.0030 0.0026 0.0071 0.0035 0.0102 0.0041 0.0026 0.9243 0.0044 0.0061 0.0042 0.0062 
      H115.4  1 0.0102 0.0089 0.0065 0.0176 0.0081 0.0273 0.0037 0.0037 0.0036 0.0050 0.0052 0.0038 0.8725 0.0037 0.0090 0.0028 0.0085 
      H115.5  1 0.0161 0.0058 0.0110 0.0084 0.0054 0.0069 0.0078 0.0053 0.0046 0.0278 0.0088 0.0134 0.8159 0.0141 0.0335 0.0037 0.0114 
      H115.6  1 0.0327 0.0329 0.0051 0.0059 0.0052 0.0038 0.0040 0.0100 0.0073 0.0293 0.0026 0.0029 0.8165 0.0040 0.0194 0.0090 0.0095 
      H115.7  1 0.0062 0.0138 0.0056 0.0056 0.0067 0.0036 0.0100 0.0127 0.0083 0.0092 0.0038 0.0531 0.8127 0.0055 0.0087 0.0070 0.0276 
      H115.8  1 0.0049 0.0095 0.0037 0.0048 0.0043 0.0033 0.0036 0.0071 0.0041 0.0149 0.0017 0.0048 0.9088 0.0062 0.0093 0.0041 0.0051 
      H115.9  1 0.0053 0.0055 0.0038 0.0055 0.0041 0.0077 0.0127 0.0092 0.0053 0.0748 0.0032 0.0135 0.8253 0.0043 0.0074 0.0031 0.0094 
      H145.1  1 0.0094 0.0183 0.8821 0.0037 0.0042 0.0034 0.0057 0.0059 0.0159 0.0105 0.0048 0.0030 0.0042 0.0026 0.0043 0.0077 0.0141 
      H145.2  1 0.0068 0.0120 0.9139 0.0037 0.0038 0.0048 0.0042 0.0053 0.0083 0.0040 0.0059 0.0021 0.0049 0.0038 0.0053 0.0049 0.0064 
      H145.3  1 0.0021 0.0238 0.9345 0.0025 0.0024 0.0022 0.0031 0.0028 0.0041 0.0026 0.0029 0.0023 0.0031 0.0022 0.0024 0.0030 0.0039 
      H145.4  1 0.0065 0.0043 0.9109 0.0034 0.0042 0.0037 0.0058 0.0074 0.0192 0.0048 0.0028 0.0028 0.0027 0.0028 0.0043 0.0058 0.0088 
      H145.5  1 0.0027 0.0401 0.9146 0.0033 0.0031 0.0026 0.0034 0.0027 0.0042 0.0027 0.0020 0.0026 0.0026 0.0028 0.0025 0.0044 0.0037 
      H145.6  1 0.0088 0.0041 0.9330 0.0029 0.0028 0.0041 0.0023 0.0049 0.0081 0.0028 0.0038 0.0029 0.0028 0.0022 0.0050 0.0040 0.0053 
      H145.7  1 0.0040 0.0036 0.9495 0.0039 0.0027 0.0031 0.0026 0.0033 0.0041 0.0018 0.0026 0.0025 0.0031 0.0023 0.0044 0.0036 0.0029 
      H149.1  1 0.0040 0.0043 0.0037 0.0034 0.0034 0.0032 0.0048 0.0028 0.0046 0.0028 0.0031 0.0027 0.0031 0.0030 0.9450 0.0036 0.0025 
      H149.2  1 0.0031 0.0075 0.0047 0.0046 0.0031 0.0033 0.0055 0.0045 0.0084 0.0028 0.0037 0.0024 0.0032 0.0036 0.9295 0.0032 0.0070 
      H149.3  1 0.0055 0.0103 0.0326 0.0118 0.0124 0.0213 0.0106 0.0449 0.0170 0.0042 0.0100 0.0047 0.0291 0.0088 0.7266 0.0051 0.0451 
      H149.4  1 0.0046 0.0070 0.0031 0.0071 0.0042 0.0107 0.0045 0.0043 0.0032 0.0033 0.0029 0.0031 0.0033 0.0069 0.9265 0.0028 0.0024 
      H149.5  1 0.0047 0.0046 0.0161 0.0315 0.0099 0.0152 0.0081 0.0553 0.0113 0.0028 0.0088 0.0027 0.0056 0.0222 0.7689 0.0037 0.0288 
      H149.6  1 0.0050 0.0044 0.0053 0.0037 0.0039 0.0035 0.0035 0.0077 0.0055 0.0021 0.0036 0.0027 0.0032 0.0052 0.9323 0.0027 0.0057 
      H149.7  1 0.0162 0.0131 0.0043 0.0166 0.0509 0.0425 0.0152 0.0320 0.0192 0.0043 0.0051 0.0061 0.0145 0.0160 0.7132 0.0109 0.0197 
      H150.1  1 0.0047 0.0059 0.0047 0.0048 0.0039 0.0027 0.0078 0.0062 0.0053 0.2565 0.0020 0.0031 0.6717 0.0071 0.0025 0.0043 0.0069 
      H150.2  1 0.0087 0.0126 0.0021 0.0040 0.0074 0.0035 0.0037 0.0058 0.0066 0.0405 0.0032 0.0075 0.8744 0.0044 0.0077 0.0044 0.0033 
      H150.3  1 0.0065 0.0597 0.0062 0.0033 0.0130 0.0033 0.0071 0.0092 0.0087 0.6235 0.0024 0.0343 0.1900 0.0054 0.0066 0.0103 0.0105 
      H150.4  1 0.0052 0.0090 0.0050 0.0053 0.0064 0.0031 0.0056 0.0056 0.0044 0.8449 0.0015 0.0069 0.0774 0.0045 0.0031 0.0047 0.0074 
      H150.5  1 0.0087 0.0051 0.0038 0.0042 0.0067 0.0029 0.0060 0.0135 0.0084 0.0430 0.0027 0.0048 0.8677 0.0047 0.0041 0.0065 0.0073 
      H150.6  1 0.0050 0.0047 0.0080 0.0147 0.0079 0.0035 0.0101 0.0039 0.0029 0.0063 0.0033 0.0029 0.8995 0.0066 0.0040 0.0109 0.0060 
      H150.7  1 0.0052 0.0213 0.0046 0.0096 0.0039 0.0029 0.0033 0.0041 0.0046 0.6370 0.0019 0.0051 0.2702 0.0135 0.0042 0.0038 0.0048 
   H169607.1  1 0.0120 0.0121 0.0098 0.0044 0.0060 0.0081 0.0037 0.0032 0.0044 0.0064 0.0028 0.0041 0.0063 0.0025 0.0039 0.0067 0.9035 
   H169607.2  1 0.0038 0.0042 0.0041 0.0041 0.0045 0.0035 0.0026 0.0041 0.0051 0.0068 0.0032 0.0033 0.0034 0.0041 0.0023 0.0036 0.9373 
   H169607.3  1 0.0049 0.0089 0.0081 0.0039 0.0045 0.0058 0.0047 0.0035 0.0058 0.0040 0.0034 0.0033 0.0041 0.0036 0.0034 0.0036 0.9243 
   H169607.4  1 0.0055 0.0062 0.0052 0.0025 0.0038 0.0021 0.0026 0.0032 0.0032 0.0064 0.0028 0.0022 0.0029 0.0034 0.0022 0.0072 0.9386 
   H169607.5  1 0.0026 0.0032 0.0029 0.0027 0.0033 0.0019 0.0022 0.0028 0.0051 0.0053 0.0029 0.0035 0.0034 0.0021 0.0025 0.0032 0.9503 
   H169607.6  1 0.0032 0.0057 0.0021 0.0044 0.0044 0.0034 0.0019 0.0030 0.0047 0.0040 0.0033 0.0034 0.0025 0.0048 0.0019 0.0027 0.9444 
   H169607.7  1 0.0036 0.0040 0.0050 0.0059 0.0064 0.0087 0.0021 0.0033 0.0046 0.0034 0.0028 0.0037 0.0081 0.0060 0.0029 0.0029 0.9268 
   H169607.8  1 0.0026 0.0042 0.0035 0.0047 0.0043 0.0025 0.0034 0.0045 0.0039 0.0038 0.0035 0.0036 0.0028 0.0042 0.0023 0.0065 0.9397 
   H169633.1  1 0.0120 0.0045 0.0120 0.0043 0.0235 0.0038 0.0037 0.0109 0.0071 0.0061 0.0051 0.0182 0.0045 0.0042 0.8684 0.0088 0.0028 
   H169633.2  1 0.1221 0.0022 0.0149 0.0068 0.0176 0.0076 0.0113 0.0038 0.0051 0.0027 0.0085 0.0069 0.0079 0.0120 0.7610 0.0073 0.0022 
   H169633.3  1 0.0089 0.0050 0.0054 0.0068 0.0062 0.0060 0.0064 0.0077 0.0288 0.0078 0.0062 0.0094 0.0083 0.0031 0.8740 0.0060 0.0041 
   H169633.4  1 0.0068 0.0048 0.0090 0.0064 0.0032 0.0043 0.0051 0.0094 0.0165 0.0084 0.0075 0.0111 0.0067 0.0046 0.8840 0.0062 0.0061 
   H169633.5  1 0.0068 0.0045 0.0098 0.0049 0.0037 0.0039 0.0067 0.0102 0.0141 0.0083 0.0075 0.0132 0.0076 0.0052 0.8813 0.0061 0.0060 
   H169688.1  1 0.0038 0.0282 0.0058 0.0177 0.6891 0.0103 0.0050 0.0037 0.0160 0.0069 0.0081 0.0499 0.0035 0.0035 0.0052 0.1268 0.0165 
   H169688.2  1 0.0054 0.0034 0.0029 0.0038 0.7714 0.0073 0.0111 0.0030 0.0095 0.0033 0.0035 0.0108 0.0042 0.0060 0.0040 0.1449 0.0053 
   H169688.3  1 0.0058 0.0038 0.0026 0.0041 0.7809 0.0028 0.0065 0.0038 0.0043 0.0052 0.0020 0.0061 0.0041 0.0051 0.0047 0.1540 0.0042 
   H169688.4  1 0.0032 0.0027 0.0036 0.0037 0.7707 0.0041 0.0054 0.0028 0.0040 0.0253 0.0027 0.0031 0.0140 0.0022 0.0036 0.1387 0.0100 
   H169688.5  1 0.0037 0.0031 0.0046 0.0038 0.7696 0.0047 0.0065 0.0037 0.0041 0.0239 0.0028 0.0037 0.0150 0.0023 0.0034 0.1369 0.0081 
   H169688.6  1 0.0024 0.0035 0.0028 0.0061 0.7275 0.0645 0.0027 0.0032 0.0048 0.0068 0.0058 0.0142 0.0035 0.0038 0.0084 0.1363 0.0037 
   H169688.7  1 0.0062 0.0146 0.0155 0.0106 0.7386 0.0041 0.0107 0.0048 0.0070 0.0108 0.0020 0.0027 0.0149 0.0046 0.0049 0.1430 0.0052 
   H171901.1  1 0.0376 0.0094 0.0406 0.0377 0.0174 0.0108 0.0073 0.0490 0.1360 0.0332 0.0029 0.0562 0.1609 0.0978 0.0089 0.0071 0.2869 
   H171901.2  1 0.0114 0.0063 0.0057 0.0168 0.0092 0.0030 0.0047 0.0069 0.0194 0.0232 0.0037 0.0037 0.0136 0.0941 0.7298 0.0208 0.0277 
   H171901.3  1 0.0285 0.0075 0.0044 0.0113 0.0220 0.0078 0.0094 0.0090 0.0410 0.0207 0.0092 0.0145 0.0510 0.0128 0.6641 0.0202 0.0666 
   H171901.4  1 0.0185 0.0061 0.0045 0.0055 0.0152 0.0065 0.0078 0.0051 0.0051 0.0103 0.0035 0.0051 0.0214 0.0785 0.7581 0.0163 0.0326 
   H171901.5  1 0.0939 0.0235 0.0057 0.0178 0.0253 0.0126 0.0109 0.0067 0.0099 0.0132 0.0045 0.0024 0.0506 0.0395 0.6076 0.0305 0.0454 
   H171901.6  1 0.1848 0.0262 0.0071 0.0355 0.0728 0.0184 0.0202 0.0063 0.0376 0.0343 0.0060 0.0052 0.0716 0.0200 0.4177 0.0179 0.0185 
   H171901.7  1 0.0259 0.0064 0.0077 0.0262 0.0320 0.0094 0.0079 0.0052 0.4180 0.0152 0.0091 0.0085 0.0292 0.0065 0.3570 0.0078 0.0281 
   H171902.1  1 0.0060 0.9479 0.0041 0.0033 0.0030 0.0037 0.0029 0.0021 0.0034 0.0035 0.0027 0.0022 0.0030 0.0018 0.0037 0.0027 0.0039 
  H171902.10  1 0.0030 0.9422 0.0036 0.0029 0.0048 0.0054 0.0022 0.0031 0.0038 0.0020 0.0022 0.0020 0.0071 0.0026 0.0049 0.0034 0.0047 
   H171902.2  1 0.0097 0.9238 0.0031 0.0054 0.0079 0.0056 0.0038 0.0028 0.0036 0.0038 0.0023 0.0040 0.0048 0.0022 0.0094 0.0023 0.0055 
   H171902.3  1 0.0056 0.9265 0.0028 0.0053 0.0063 0.0035 0.0034 0.0026 0.0038 0.0054 0.0025 0.0036 0.0047 0.0029 0.0130 0.0029 0.0053 
   H171902.4  1 0.0039 0.9447 0.0046 0.0029 0.0026 0.0031 0.0028 0.0034 0.0043 0.0025 0.0021 0.0025 0.0032 0.0021 0.0096 0.0036 0.0023 
   H171902.6  1 0.0032 0.9528 0.0031 0.0048 0.0020 0.0027 0.0023 0.0032 0.0041 0.0029 0.0022 0.0021 0.0024 0.0022 0.0048 0.0025 0.0028 
   H171902.7  1 0.0050 0.8872 0.0045 0.0047 0.0031 0.0036 0.0029 0.0040 0.0125 0.0031 0.0022 0.0021 0.0081 0.0101 0.0066 0.0046 0.0360 
   H171902.8  1 0.0044 0.9398 0.0034 0.0044 0.0038 0.0039 0.0028 0.0024 0.0042 0.0059 0.0027 0.0031 0.0032 0.0026 0.0059 0.0037 0.0039 
   H171902.9  1 0.0037 0.9458 0.0037 0.0025 0.0023 0.0029 0.0030 0.0026 0.0034 0.0075 0.0028 0.0032 0.0034 0.0031 0.0026 0.0031 0.0047 
   H171903.1  1 0.0044 0.0039 0.0029 0.0033 0.0058 0.0035 0.0026 0.0045 0.0070 0.0121 0.0044 0.0033 0.0107 0.0047 0.0029 0.0031 0.9209 
   H171903.2  1 0.0083 0.0030 0.0051 0.0036 0.0059 0.0047 0.0087 0.0095 0.0195 0.0201 0.0105 0.0029 0.0132 0.0261 0.0025 0.0069 0.8493 
   H171903.3  1 0.0544 0.0045 0.0040 0.0051 0.0072 0.0051 0.0215 0.0049 0.0458 0.0123 0.0206 0.0048 0.0091 0.0450 0.0059 0.0311 0.7186 
   H171903.4  1 0.0069 0.0141 0.0057 0.0044 0.0424 0.0037 0.0058 0.0056 0.0246 0.0067 0.0034 0.0048 0.0135 0.0042 0.0044 0.0149 0.8348 
   H171903.5  1 0.0326 0.0054 0.0048 0.0097 0.0482 0.0054 0.0140 0.0057 0.0109 0.0211 0.0043 0.0040 0.0163 0.0263 0.0147 0.0060 0.7705 
   H171903.6  1 0.0030 0.0040 0.0031 0.0050 0.0642 0.0038 0.0048 0.0027 0.0115 0.0073 0.0053 0.0031 0.0068 0.0041 0.0114 0.0058 0.8541 
      H177.1  1 0.0061 0.0106 0.0046 0.0772 0.0128 0.0561 0.0059 0.0048 0.6221 0.0188 0.0115 0.0097 0.0259 0.0034 0.0137 0.0942 0.0225 
      H177.2  1 0.0111 0.0041 0.1740 0.4366 0.0049 0.0584 0.0111 0.0139 0.0506 0.0122 0.0081 0.0028 0.0335 0.0040 0.0434 0.0548 0.0766 
      H177.3  1 0.0138 0.0200 0.0609 0.1504 0.0087 0.0669 0.0072 0.0158 0.2817 0.0238 0.0162 0.0027 0.0267 0.0044 0.0918 0.0596 0.1495 
      H177.4  1 0.0062 0.0053 0.0063 0.0166 0.0053 0.3547 0.0042 0.0079 0.5207 0.0034 0.0276 0.0017 0.0043 0.0078 0.0101 0.0040 0.0139 
      H177.5  1 0.0179 0.0068 0.0117 0.0812 0.0307 0.0858 0.0200 0.0172 0.6184 0.0079 0.0062 0.0029 0.0233 0.0132 0.0077 0.0404 0.0087 
      H177.6  1 0.0125 0.0207 0.0253 0.1313 0.0141 0.0608 0.0077 0.0059 0.3258 0.0201 0.0122 0.0035 0.0362 0.0043 0.1735 0.0650 0.0812 
      H179.1  1 0.0061 0.0043 0.0028 0.0048 0.0182 0.8501 0.0391 0.0083 0.0149 0.0109 0.0023 0.0103 0.0075 0.0057 0.0036 0.0052 0.0059 
      H179.2  1 0.0284 0.0074 0.0023 0.0057 0.0105 0.8323 0.0412 0.0043 0.0066 0.0077 0.0154 0.0028 0.0087 0.0058 0.0043 0.0100 0.0065 
      H179.3  1 0.0086 0.0061 0.0027 0.0045 0.0606 0.7797 0.0132 0.0085 0.0256 0.0234 0.0049 0.0082 0.0173 0.0039 0.0038 0.0092 0.0197 
      H179.4  1 0.0419 0.0042 0.0036 0.0095 0.0267 0.7072 0.0123 0.0060 0.0295 0.0053 0.0606 0.0068 0.0056 0.0070 0.0150 0.0384 0.0203 
      H180.1  1 0.0058 0.0060 0.0024 0.0135 0.0048 0.0140 0.0045 0.0031 0.0027 0.0044 0.0026 0.0045 0.9145 0.0048 0.0025 0.0036 0.0063 
      H180.2  1 0.0036 0.0032 0.0030 0.0053 0.0029 0.0042 0.0053 0.0025 0.0032 0.0039 0.0034 0.0058 0.9419 0.0043 0.0026 0.0024 0.0027 
      H180.3  1 0.0074 0.0032 0.0052 0.0040 0.0057 0.0047 0.0076 0.0029 0.0043 0.0079 0.0042 0.0048 0.9204 0.0039 0.0050 0.0022 0.0066 
      H180.4  1 0.0045 0.0051 0.0032 0.0082 0.0034 0.0092 0.0050 0.0032 0.0036 0.0038 0.0033 0.0066 0.9244 0.0047 0.0042 0.0043 0.0034 
      H180.5  1 0.0033 0.0054 0.0038 0.0107 0.0037 0.0093 0.0029 0.0025 0.0048 0.0032 0.0029 0.0031 0.9333 0.0020 0.0036 0.0026 0.0030 
      H180.6  1 0.0066 0.0059 0.0120 0.0079 0.0049 0.0069 0.0043 0.0033 0.0077 0.0054 0.0038 0.0044 0.9004 0.0053 0.0134 0.0018 0.0061 
      H181.1  1 0.0040 0.0062 0.0056 0.8974 0.0059 0.0086 0.0047 0.0027 0.0041 0.0040 0.0037 0.0033 0.0089 0.0084 0.0211 0.0038 0.0074 
      H181.2  1 0.0097 0.0096 0.0053 0.8917 0.0059 0.0309 0.0035 0.0030 0.0034 0.0035 0.0042 0.0035 0.0062 0.0037 0.0067 0.0053 0.0041 
      H181.3  1 0.0038 0.0059 0.0053 0.9159 0.0047 0.0099 0.0030 0.0033 0.0049 0.0044 0.0028 0.0076 0.0054 0.0049 0.0097 0.0046 0.0037 
      H181.4  1 0.0056 0.0063 0.0060 0.8781 0.0086 0.0048 0.0055 0.0048 0.0054 0.0165 0.0045 0.0033 0.0165 0.0052 0.0126 0.0045 0.0119 
      H181.5  1 0.0076 0.0074 0.0033 0.8418 0.0064 0.0660 0.0069 0.0068 0.0062 0.0043 0.0042 0.0116 0.0036 0.0113 0.0055 0.0036 0.0033 
      H181.6  1 0.0312 0.0069 0.0031 0.5894 0.0066 0.2412 0.0108 0.0057 0.0104 0.0079 0.0073 0.0071 0.0274 0.0256 0.0069 0.0049 0.0075 
      H181.7  1 0.0053 0.0054 0.0053 0.8597 0.0079 0.0447 0.0075 0.0051 0.0067 0.0057 0.0067 0.0031 0.0068 0.0136 0.0044 0.0037 0.0084 
 H194.1_2004  1 0.0080 0.0042 0.0045 0.0030 0.0054 0.0023 0.0047 0.0039 0.9322 0.0049 0.0038 0.0023 0.0036 0.0021 0.0036 0.0029 0.0086 
 H194.2_2004  1 0.0042 0.0037 0.0066 0.0044 0.0031 0.0021 0.0025 0.0026 0.9332 0.0043 0.0022 0.0048 0.0029 0.0040 0.0030 0.0035 0.0129 
 H194.3_2004  1 0.0096 0.0054 0.0064 0.0057 0.0074 0.0074 0.0371 0.0038 0.8736 0.0029 0.0039 0.0023 0.0034 0.0029 0.0151 0.0064 0.0068 
 H194.4_2004  1 0.0063 0.0058 0.0085 0.0062 0.0033 0.0043 0.0026 0.0030 0.9271 0.0039 0.0034 0.0036 0.0025 0.0038 0.0068 0.0045 0.0044 
 H194.5_2004  1 0.0162 0.0049 0.0050 0.0060 0.0075 0.0044 0.0179 0.0054 0.8866 0.0036 0.0043 0.0026 0.0024 0.0045 0.0113 0.0073 0.0101 
 H194.6_2004  1 0.0076 0.0114 0.0040 0.0062 0.0069 0.0049 0.0197 0.0037 0.8797 0.0050 0.0116 0.0035 0.0037 0.0030 0.0175 0.0061 0.0055 
 H194.7_2004  1 0.0033 0.0024 0.0038 0.0032 0.0034 0.0021 0.0036 0.0033 0.9488 0.0029 0.0027 0.0039 0.0027 0.0027 0.0032 0.0026 0.0055 
 H194.8_2004  1 0.0080 0.0045 0.0049 0.0048 0.0049 0.0033 0.0042 0.0030 0.9236 0.0049 0.0052 0.0042 0.0027 0.0050 0.0066 0.0052 0.0051 
      H194.9  1 0.0055 0.0046 0.0057 0.0052 0.0050 0.0022 0.0031 0.0024 0.9347 0.0045 0.0030 0.0057 0.0031 0.0025 0.0033 0.0040 0.0056 
 H195.1_2003  1 0.5044 0.0028 0.0046 0.0040 0.4412 0.0029 0.0034 0.0024 0.0047 0.0026 0.0028 0.0029 0.0028 0.0034 0.0054 0.0061 0.0035 
 H195.1_2004  1 0.0050 0.0036 0.9331 0.0059 0.0046 0.0029 0.0025 0.0050 0.0034 0.0034 0.0025 0.0028 0.0038 0.0020 0.0079 0.0088 0.0030 
 H195.2_2003  1 0.3963 0.0106 0.0259 0.0120 0.4749 0.0034 0.0035 0.0075 0.0066 0.0107 0.0044 0.0037 0.0033 0.0084 0.0042 0.0123 0.0123 
 H195.2_2004  1 0.0145 0.0035 0.9073 0.0050 0.0266 0.0032 0.0034 0.0031 0.0045 0.0028 0.0028 0.0030 0.0052 0.0029 0.0054 0.0040 0.0027 
 H195.3_2003  1 0.3617 0.0044 0.0121 0.0203 0.4495 0.0035 0.0105 0.0071 0.0077 0.0496 0.0060 0.0069 0.0086 0.0129 0.0026 0.0095 0.0271 
 H195.3_2004  1 0.0400 0.0071 0.8519 0.0061 0.0348 0.0034 0.0027 0.0033 0.0090 0.0029 0.0034 0.0039 0.0025 0.0033 0.0134 0.0085 0.0038 
 H195.4_2003  1 0.4824 0.0042 0.1264 0.0049 0.3222 0.0040 0.0034 0.0052 0.0083 0.0027 0.0043 0.0023 0.0035 0.0035 0.0142 0.0055 0.0029 
 H195.4_2004  1 0.0052 0.0032 0.9312 0.0053 0.0118 0.0031 0.0031 0.0028 0.0053 0.0021 0.0056 0.0030 0.0027 0.0017 0.0045 0.0049 0.0043 
 H195.5_2003  1 0.4876 0.0047 0.0057 0.0029 0.4088 0.0034 0.0029 0.0062 0.0046 0.0045 0.0061 0.0108 0.0098 0.0035 0.0064 0.0284 0.0037 
 H195.5_2004  1 0.0042 0.0034 0.9389 0.0031 0.0072 0.0027 0.0034 0.0035 0.0033 0.0026 0.0040 0.0042 0.0038 0.0037 0.0049 0.0042 0.0030 
 H195.6_2003  1 0.2724 0.0086 0.2288 0.0078 0.4046 0.0028 0.0030 0.0096 0.0058 0.0132 0.0055 0.0024 0.0049 0.0057 0.0037 0.0077 0.0137 
 H195.6_2004  1 0.0103 0.0032 0.9129 0.0030 0.0246 0.0040 0.0037 0.0030 0.0070 0.0019 0.0033 0.0031 0.0028 0.0048 0.0032 0.0050 0.0043 
 H195.7_2003  1 0.4102 0.0037 0.0484 0.0077 0.4646 0.0037 0.0044 0.0081 0.0062 0.0023 0.0058 0.0033 0.0033 0.0053 0.0050 0.0074 0.0106 
 H195.7_2004  1 0.0030 0.0024 0.9457 0.0034 0.0073 0.0024 0.0022 0.0027 0.0026 0.0050 0.0028 0.0037 0.0045 0.0020 0.0028 0.0048 0.0026 
      H195.8  1 0.0025 0.0028 0.9514 0.0035 0.0039 0.0023 0.0023 0.0036 0.0027 0.0028 0.0041 0.0037 0.0032 0.0021 0.0025 0.0040 0.0027 
      H195.9  1 0.0101 0.0045 0.9091 0.0057 0.0134 0.0028 0.0054 0.0033 0.0095 0.0030 0.0059 0.0021 0.0039 0.0027 0.0069 0.0061 0.0057 
      H415.1  1 0.8175 0.0084 0.0053 0.0059 0.0124 0.0086 0.0079 0.0057 0.0165 0.0347 0.0018 0.0084 0.0298 0.0036 0.0186 0.0093 0.0057 
      H415.2  1 0.3948 0.3211 0.0052 0.0108 0.0090 0.0242 0.0692 0.0508 0.0258 0.0164 0.0036 0.0039 0.0131 0.0077 0.0084 0.0173 0.0189 
      H415.3  1 0.8338 0.0081 0.0030 0.0198 0.0056 0.0551 0.0048 0.0151 0.0037 0.0049 0.0028 0.0033 0.0079 0.0042 0.0175 0.0066 0.0037 
      H415.4  1 0.9102 0.0061 0.0044 0.0032 0.0039 0.0026 0.0117 0.0041 0.0053 0.0059 0.0027 0.0028 0.0137 0.0049 0.0090 0.0063 0.0034 
      H415.5  1 0.9057 0.0170 0.0048 0.0077 0.0034 0.0061 0.0092 0.0032 0.0042 0.0030 0.0034 0.0023 0.0054 0.0028 0.0146 0.0045 0.0027 
      H415.6  1 0.9078 0.0057 0.0037 0.0027 0.0036 0.0027 0.0092 0.0049 0.0065 0.0067 0.0025 0.0020 0.0201 0.0065 0.0063 0.0054 0.0036 
      H415.7  1 0.5833 0.1602 0.0080 0.0102 0.0122 0.0491 0.0071 0.0272 0.0218 0.0099 0.0098 0.0031 0.0057 0.0078 0.0328 0.0274 0.0243 
      H506.1  1 0.0026 0.0025 0.0027 0.0047 0.0024 0.9505 0.0054 0.0040 0.0022 0.0017 0.0034 0.0027 0.0023 0.0035 0.0044 0.0024 0.0026 
      H506.2  1 0.0028 0.0028 0.0089 0.0032 0.0022 0.9479 0.0032 0.0030 0.0035 0.0019 0.0032 0.0021 0.0021 0.0031 0.0042 0.0032 0.0028 
      H506.3  1 0.0042 0.0033 0.0049 0.0128 0.0081 0.9170 0.0093 0.0054 0.0036 0.0039 0.0030 0.0024 0.0056 0.0030 0.0039 0.0059 0.0038 
      H506.4  1 0.0047 0.0050 0.0026 0.0036 0.0042 0.9297 0.0045 0.0043 0.0041 0.0044 0.0085 0.0027 0.0047 0.0026 0.0050 0.0033 0.0063 
      H506.5  1 0.0046 0.0033 0.0036 0.0050 0.0033 0.9400 0.0032 0.0037 0.0027 0.0023 0.0063 0.0025 0.0025 0.0028 0.0061 0.0037 0.0046 
      H506.6  1 0.0071 0.0036 0.0149 0.0103 0.0107 0.8775 0.0042 0.0076 0.0073 0.0048 0.0058 0.0021 0.0049 0.0029 0.0035 0.0155 0.0174 
      H506.7  1 0.0029 0.0028 0.0041 0.0045 0.0029 0.9501 0.0045 0.0033 0.0032 0.0016 0.0033 0.0022 0.0019 0.0032 0.0033 0.0033 0.0031 
      H533.1  1 0.0028 0.0021 0.0029 0.0044 0.0024 0.9425 0.0069 0.0022 0.0023 0.0022 0.0027 0.0029 0.0054 0.0071 0.0063 0.0022 0.0027 
      H533.2  1 0.0034 0.0027 0.0039 0.0053 0.0019 0.9365 0.0056 0.0025 0.0024 0.0018 0.0034 0.0027 0.0052 0.0079 0.0097 0.0025 0.0026 
      H533.3  1 0.0025 0.0019 0.0040 0.0038 0.0022 0.9441 0.0038 0.0031 0.0037 0.0031 0.0028 0.0025 0.0030 0.0036 0.0072 0.0023 0.0064 
      H533.4  1 0.0104 0.0037 0.0159 0.0063 0.0062 0.8786 0.0021 0.0027 0.0117 0.0034 0.0101 0.0030 0.0055 0.0059 0.0110 0.0041 0.0194 
      H535.1  1 0.0037 0.0047 0.0025 0.0034 0.0023 0.0035 0.0037 0.0019 0.0034 0.0033 0.9499 0.0025 0.0026 0.0030 0.0032 0.0024 0.0040 
      H535.2  1 0.0024 0.0027 0.0033 0.0043 0.0023 0.0039 0.0028 0.0032 0.0027 0.0020 0.9538 0.0022 0.0029 0.0035 0.0024 0.0028 0.0029 
      H535.3  1 0.0021 0.0020 0.0031 0.0036 0.0020 0.0030 0.0039 0.0028 0.0020 0.0023 0.9554 0.0032 0.0028 0.0034 0.0026 0.0030 0.0028 
      H535.4  1 0.0027 0.0023 0.0026 0.0022 0.0023 0.0027 0.0028 0.0026 0.0039 0.0022 0.9568 0.0022 0.0024 0.0026 0.0039 0.0031 0.0028 
      H535.5  1 0.0036 0.0023 0.0025 0.0024 0.0027 0.0031 0.0030 0.0021 0.0037 0.0021 0.9557 0.0020 0.0022 0.0024 0.0043 0.0023 0.0036 
      H535.6  1 0.0061 0.0071 0.0033 0.0053 0.0035 0.0031 0.0040 0.0026 0.0040 0.0079 0.9335 0.0028 0.0034 0.0030 0.0022 0.0028 0.0055 
      H535.7  1 0.0022 0.0019 0.0018 0.0022 0.0025 0.0028 0.0025 0.0020 0.0021 0.0022 0.9632 0.0020 0.0019 0.0022 0.0035 0.0025 0.0025 
      H535.8  1 0.0040 0.0022 0.0021 0.0033 0.0037 0.0021 0.0037 0.0023 0.0035 0.0030 0.9543 0.0020 0.0018 0.0030 0.0027 0.0032 0.0031 
      H535.9  1 0.0029 0.0043 0.0029 0.0031 0.0019 0.0034 0.0032 0.0025 0.0031 0.0036 0.9517 0.0034 0.0029 0.0021 0.0022 0.0029 0.0038 
      H539.1  1 0.0034 0.0053 0.0023 0.0029 0.0019 0.0020 0.0020 0.0023 0.0032 0.9543 0.0024 0.0032 0.0041 0.0025 0.0022 0.0025 0.0036 
      H539.2  1 0.0059 0.0062 0.0043 0.0080 0.0190 0.0077 0.0059 0.0062 0.0164 0.6540 0.0088 0.0274 0.1024 0.0029 0.0046 0.0258 0.0947 
      H539.3  1 0.0069 0.0065 0.0048 0.0028 0.0132 0.0034 0.0040 0.0042 0.0182 0.8682 0.0106 0.0093 0.0125 0.0031 0.0029 0.0068 0.0223 
      H539.4  1 0.0035 0.0033 0.0028 0.0035 0.0065 0.0044 0.0046 0.0040 0.0033 0.8834 0.0028 0.0029 0.0555 0.0042 0.0034 0.0047 0.0071 
      H539.5  1 0.0022 0.0037 0.0024 0.0037 0.0025 0.0020 0.0024 0.0019 0.0036 0.9524 0.0036 0.0027 0.0054 0.0024 0.0023 0.0028 0.0038 
      H539.6  1 0.0032 0.0051 0.0039 0.0032 0.0043 0.0030 0.0025 0.0027 0.0040 0.9378 0.0024 0.0029 0.0101 0.0032 0.0024 0.0028 0.0066 
      H539.7  1 0.0047 0.0034 0.0024 0.0026 0.0053 0.0023 0.0031 0.0037 0.0034 0.9431 0.0030 0.0059 0.0064 0.0018 0.0026 0.0028 0.0036 
      H539.8  1 0.0069 0.0037 0.0035 0.0040 0.0162 0.0050 0.0069 0.0049 0.0127 0.7953 0.0264 0.0238 0.0648 0.0046 0.0043 0.0088 0.0082 
      H539.9  1 0.0034 0.0027 0.0031 0.0030 0.0048 0.0031 0.0036 0.0037 0.0027 0.9403 0.0022 0.0029 0.0082 0.0047 0.0024 0.0040 0.0053 
      H540.1  1 0.0040 0.0050 0.0084 0.0086 0.0036 0.0039 0.0041 0.0051 0.0053 0.8822 0.0042 0.0021 0.0051 0.0042 0.0037 0.0033 0.0470 
      H540.2  1 0.0041 0.0036 0.0033 0.0045 0.0035 0.0036 0.0035 0.0038 0.0054 0.9372 0.0024 0.0041 0.0038 0.0030 0.0034 0.0044 0.0064 
      H540.3  1 0.0171 0.0050 0.0144 0.0084 0.0064 0.0063 0.0069 0.0063 0.0318 0.8095 0.0042 0.0109 0.0132 0.0047 0.0230 0.0161 0.0155 
      H540.4  1 0.0043 0.0063 0.0043 0.0126 0.0078 0.0069 0.0051 0.0100 0.0037 0.8920 0.0048 0.0060 0.0146 0.0027 0.0030 0.0042 0.0116 
      H540.5  1 0.0046 0.0053 0.0037 0.0072 0.0068 0.0031 0.0070 0.0043 0.0055 0.9208 0.0021 0.0042 0.0034 0.0035 0.0040 0.0083 0.0062 
      H540.6  1 0.0042 0.0069 0.0072 0.0283 0.0051 0.0048 0.0056 0.0112 0.0062 0.8670 0.0045 0.0048 0.0050 0.0050 0.0052 0.0059 0.0231 
      H540.7  1 0.0114 0.0045 0.0051 0.0174 0.0045 0.0082 0.0049 0.0092 0.0079 0.8715 0.0028 0.0066 0.0074 0.0026 0.0214 0.0054 0.0092 
      H540.8  1 0.0109 0.0071 0.0028 0.0071 0.0047 0.0037 0.0055 0.0041 0.0229 0.8814 0.0043 0.0035 0.0052 0.0023 0.0085 0.0033 0.0228 
     H9558.1  1 0.0048 0.0062 0.0028 0.0041 0.0042 0.0050 0.0029 0.0020 0.0037 0.9329 0.0057 0.0037 0.0027 0.0087 0.0021 0.0030 0.0056 
     H9558.2  1 0.0109 0.0095 0.0036 0.0152 0.0139 0.0102 0.0071 0.0086 0.0104 0.8557 0.0094 0.0079 0.0030 0.0167 0.0049 0.0069 0.0060 
     H9558.3  1 0.0038 0.0027 0.0020 0.0111 0.0057 0.0027 0.0064 0.0088 0.0066 0.8694 0.0064 0.0103 0.0044 0.0479 0.0024 0.0049 0.0046 
     H9558.4  1 0.0035 0.0047 0.0022 0.0035 0.0054 0.0043 0.0024 0.0023 0.0046 0.9403 0.0059 0.0037 0.0026 0.0050 0.0021 0.0031 0.0044 
     H9558.5  1 0.0027 0.0023 0.0017 0.0037 0.0046 0.0025 0.0035 0.0053 0.0033 0.9364 0.0078 0.0057 0.0059 0.0034 0.0033 0.0055 0.0027 
     H9558.6  1 0.0051 0.0041 0.0028 0.0055 0.0039 0.0037 0.0093 0.0046 0.0062 0.9019 0.0045 0.0048 0.0049 0.0260 0.0025 0.0063 0.0040 
    kos339.1  1 0.0069 0.0060 0.0026 0.0139 0.0027 0.0229 0.0048 0.0162 0.0030 0.0047 0.0056 0.0031 0.0044 0.0049 0.8883 0.0031 0.0071 
    kos339.2  1 0.0057 0.0040 0.0085 0.0059 0.0044 0.0101 0.0049 0.0072 0.0029 0.0029 0.0040 0.0029 0.0054 0.0045 0.9169 0.0065 0.0032 
    kos339.3  1 0.0040 0.0033 0.0025 0.0034 0.0029 0.0044 0.0032 0.0022 0.0032 0.0037 0.0048 0.0025 0.0035 0.0024 0.9470 0.0029 0.0041 
    kos339.4  1 0.0055 0.0041 0.0034 0.0044 0.0042 0.0041 0.0027 0.0021 0.0036 0.0028 0.0043 0.0027 0.0039 0.0023 0.9432 0.0031 0.0035 
    kos339.5  1 0.0041 0.0061 0.0025 0.0172 0.0035 0.0148 0.0050 0.0089 0.0031 0.0039 0.0027 0.0027 0.0029 0.0043 0.9108 0.0028 0.0045 
    kos339.6  1 0.0032 0.0029 0.0048 0.0051 0.0029 0.0081 0.0022 0.0063 0.0057 0.0029 0.0028 0.0026 0.0028 0.0033 0.9357 0.0046 0.0040 
    kos339.7  1 0.0069 0.0036 0.0036 0.0033 0.0032 0.0057 0.0027 0.0024 0.0036 0.0029 0.0100 0.0029 0.0036 0.0024 0.9373 0.0027 0.0033 
    kos339.8  1 0.0071 0.0044 0.0042 0.0060 0.0035 0.0191 0.0037 0.0061 0.0032 0.0025 0.0034 0.0029 0.0040 0.0025 0.9196 0.0045 0.0033 
    kos339.9  1 0.0076 0.0310 0.0088 0.0152 0.0050 0.0070 0.0099 0.0057 0.0056 0.0186 0.0046 0.0025 0.0131 0.0049 0.8449 0.0077 0.0081 
      H409.1 12 0.0040 0.0037 0.0029 0.0041 0.0038 0.0052 0.9482 0.0034 0.0034 0.0022 0.0026 0.0023 0.0019 0.0023 0.0049 0.0033 0.0018 
     H409.10 12 0.0089 0.0048 0.0043 0.0102 0.0100 0.0364 0.8693 0.0055 0.0024 0.0073 0.0025 0.0098 0.0078 0.0026 0.0041 0.0082 0.0060 
      H409.2 12 0.0084 0.0049 0.0039 0.0028 0.0042 0.0054 0.9221 0.0029 0.0044 0.0046 0.0085 0.0024 0.0023 0.0025 0.0062 0.0110 0.0033 
      H409.3 12 0.0028 0.0037 0.0038 0.0028 0.0029 0.0040 0.9420 0.0029 0.0050 0.0035 0.0033 0.0039 0.0032 0.0043 0.0041 0.0053 0.0025 
      H409.4 12 0.0030 0.0019 0.0027 0.0034 0.0029 0.0025 0.9515 0.0021 0.0043 0.0028 0.0030 0.0030 0.0023 0.0036 0.0043 0.0044 0.0023 
      H409.5 12 0.0043 0.0038 0.0025 0.0030 0.0027 0.0038 0.9434 0.0035 0.0034 0.0031 0.0041 0.0028 0.0035 0.0051 0.0027 0.0037 0.0047 
      H409.6 12 0.0035 0.0045 0.0052 0.0114 0.0045 0.0080 0.8389 0.0077 0.0102 0.0079 0.0079 0.0094 0.0087 0.0525 0.0029 0.0051 0.0114 
      H409.7 12 0.0046 0.0032 0.0045 0.0047 0.0038 0.0039 0.9317 0.0049 0.0074 0.0026 0.0025 0.0033 0.0025 0.0047 0.0055 0.0079 0.0024 
      H409.8 12 0.0035 0.0034 0.0026 0.0044 0.0028 0.0061 0.9427 0.0052 0.0044 0.0028 0.0029 0.0039 0.0030 0.0030 0.0033 0.0026 0.0034 
      H409.9 12 0.0080 0.0035 0.0058 0.0105 0.0059 0.0950 0.4455 0.0318 0.0036 0.2966 0.0119 0.0220 0.0298 0.0066 0.0024 0.0048 0.0162 
      H413.1 12 0.0022 0.0022 0.0022 0.0045 0.0029 0.0021 0.0027 0.0045 0.0028 0.0026 0.0024 0.9509 0.0042 0.0052 0.0034 0.0028 0.0024 
      H413.2 12 0.0020 0.0028 0.0021 0.0034 0.0025 0.0025 0.0020 0.0028 0.0024 0.0024 0.0026 0.9560 0.0034 0.0053 0.0033 0.0025 0.0020 
      H413.3 12 0.0019 0.0023 0.0022 0.0033 0.0030 0.0024 0.0029 0.0050 0.0032 0.0024 0.0019 0.9555 0.0028 0.0033 0.0021 0.0029 0.0028 
      H413.4 12 0.0033 0.0031 0.0038 0.0069 0.0026 0.0047 0.0056 0.0057 0.0041 0.0036 0.0021 0.9319 0.0041 0.0042 0.0055 0.0061 0.0027 
      H413.5 12 0.0023 0.0095 0.0033 0.0046 0.0031 0.0027 0.0022 0.0034 0.0034 0.0126 0.0020 0.9256 0.0150 0.0025 0.0021 0.0030 0.0027 
      H413.6 12 0.0055 0.0019 0.0038 0.0068 0.0194 0.0022 0.0037 0.0063 0.0049 0.0112 0.0023 0.8977 0.0102 0.0069 0.0060 0.0082 0.0028 
      H413.7 12 0.0027 0.0021 0.0021 0.0022 0.0029 0.0023 0.0026 0.0033 0.0027 0.0036 0.0023 0.9589 0.0022 0.0024 0.0028 0.0026 0.0024 
      H563.1 12 0.0022 0.0021 0.0031 0.0028 0.0032 0.0032 0.0040 0.9326 0.0037 0.0098 0.0021 0.0100 0.0038 0.0037 0.0028 0.0064 0.0046 
      H563.2 12 0.0052 0.0056 0.0033 0.0057 0.0045 0.0049 0.0113 0.8890 0.0159 0.0051 0.0032 0.0090 0.0060 0.0066 0.0105 0.0098 0.0044 
      H563.3 12 0.0027 0.0027 0.0035 0.0059 0.0034 0.0031 0.0039 0.9394 0.0033 0.0057 0.0018 0.0041 0.0030 0.0032 0.0023 0.0066 0.0054 
      H563.4 12 0.0026 0.0031 0.0029 0.0042 0.0041 0.0029 0.0080 0.9113 0.0046 0.0049 0.0025 0.0148 0.0057 0.0095 0.0060 0.0074 0.0055 
      H563.5 12 0.0018 0.0017 0.0025 0.0046 0.0038 0.0022 0.0037 0.9417 0.0027 0.0057 0.0017 0.0064 0.0035 0.0038 0.0024 0.0073 0.0046 
      H563.6 12 0.0029 0.0041 0.0030 0.0061 0.0039 0.0039 0.0057 0.9187 0.0047 0.0049 0.0031 0.0078 0.0037 0.0063 0.0100 0.0077 0.0037 
      H563.7 12 0.0037 0.0031 0.0028 0.0065 0.0032 0.0033 0.0083 0.9155 0.0036 0.0032 0.0021 0.0095 0.0038 0.0059 0.0129 0.0103 0.0025 
      H563.8 12 0.0036 0.0030 0.0028 0.0070 0.0055 0.0037 0.0033 0.9143 0.0048 0.0111 0.0018 0.0065 0.0053 0.0038 0.0042 0.0127 0.0066 
      H563.9 12 0.0043 0.0049 0.0040 0.0075 0.0051 0.0046 0.0118 0.9051 0.0086 0.0040 0.0021 0.0076 0.0059 0.0059 0.0097 0.0053 0.0034 
     H7374.1 12 0.0091 0.0039 0.0049 0.0051 0.0190 0.0029 0.0075 0.0060 0.0092 0.0041 0.0041 0.0036 0.0030 0.0151 0.0041 0.8943 0.0040 
     H7374.2 12 0.0051 0.0030 0.0035 0.0035 0.0064 0.0030 0.0059 0.0082 0.0060 0.0076 0.0040 0.0059 0.0033 0.0060 0.0027 0.9191 0.0069 
     H7374.3 12 0.0222 0.0059 0.0094 0.0045 0.0320 0.0054 0.0091 0.0108 0.0156 0.0055 0.0052 0.0038 0.0042 0.0094 0.0042 0.8453 0.0075 
     H7374.4 12 0.0033 0.0036 0.0035 0.0049 0.0040 0.0031 0.0033 0.0049 0.0042 0.0053 0.0053 0.0048 0.0037 0.0034 0.0063 0.9330 0.0033 
     H7374.5 12 0.0031 0.0046 0.0026 0.0055 0.0041 0.0026 0.0029 0.0049 0.0024 0.0047 0.0028 0.0029 0.0031 0.0053 0.0050 0.9402 0.0032 
     H7374.6 12 0.0158 0.0093 0.0082 0.0089 0.0080 0.0052 0.0068 0.0087 0.0158 0.0082 0.0113 0.0043 0.0042 0.0031 0.0080 0.8699 0.0042 
     H7374.7 12 0.0032 0.0032 0.0039 0.0053 0.0039 0.0025 0.0045 0.0037 0.0045 0.0023 0.0049 0.0059 0.0025 0.0045 0.0056 0.9378 0.0019 
     H7374.8 12 0.0075 0.0038 0.0049 0.0043 0.0059 0.0033 0.0057 0.0092 0.0047 0.0021 0.0030 0.0023 0.0025 0.0045 0.0073 0.9246 0.0046 
     H7374.9 12 0.0032 0.0045 0.0047 0.0062 0.0042 0.0037 0.0027 0.0044 0.0034 0.0064 0.0030 0.0034 0.0041 0.0039 0.0049 0.9342 0.0031 
     H9563.1 12 0.0048 0.0044 0.0026 0.0027 0.0039 0.0041 0.0023 0.9391 0.0041 0.0042 0.0024 0.0051 0.0036 0.0030 0.0047 0.0045 0.0044 
     H9563.2 12 0.0050 0.0040 0.0032 0.0027 0.0029 0.0027 0.0020 0.9374 0.0039 0.0057 0.0029 0.0048 0.0079 0.0031 0.0028 0.0026 0.0065 
     H9563.3 12 0.0047 0.0026 0.0050 0.0034 0.0055 0.0075 0.0046 0.9283 0.0043 0.0023 0.0055 0.0027 0.0052 0.0081 0.0027 0.0046 0.0030 
     H9563.4 12 0.0115 0.0034 0.0071 0.0077 0.0067 0.0075 0.0115 0.8555 0.0137 0.0050 0.0180 0.0040 0.0156 0.0082 0.0063 0.0056 0.0125 
     H9563.5 12 0.0047 0.0047 0.0040 0.0047 0.0046 0.0067 0.0069 0.9092 0.0057 0.0041 0.0049 0.0036 0.0102 0.0037 0.0054 0.0034 0.0135 
     H9563.6 12 0.0033 0.0023 0.0048 0.0044 0.0045 0.0050 0.0046 0.9258 0.0034 0.0024 0.0042 0.0045 0.0052 0.0141 0.0023 0.0041 0.0050 
     H9563.7 12 0.0042 0.0022 0.0032 0.0033 0.0033 0.0048 0.0036 0.9357 0.0029 0.0027 0.0059 0.0034 0.0031 0.0080 0.0021 0.0048 0.0067 
     H9563.8 12 0.0237 0.0046 0.0051 0.0058 0.0053 0.0134 0.0112 0.8347 0.0090 0.0060 0.0048 0.0036 0.0412 0.0073 0.0134 0.0043 0.0066 
     H9563.9 12 0.0089 0.0040 0.0029 0.0046 0.0058 0.0093 0.0037 0.9109 0.0037 0.0056 0.0030 0.0040 0.0092 0.0083 0.0050 0.0042 0.0068 
     H9572.1 12 0.0060 0.0129 0.0099 0.7188 0.0067 0.0127 0.0059 0.0902 0.0144 0.0371 0.0077 0.0163 0.0256 0.0095 0.0040 0.0123 0.0103 
     H9572.2 12 0.0090 0.0515 0.0709 0.4968 0.0047 0.0051 0.0116 0.1992 0.0365 0.0070 0.0027 0.0068 0.0348 0.0154 0.0055 0.0261 0.0163 
     H9572.3 12 0.0178 0.0121 0.0053 0.5138 0.0056 0.0074 0.0545 0.0334 0.0164 0.0327 0.0167 0.0086 0.0071 0.0212 0.0480 0.0673 0.1320 
     H9572.4 12 0.0035 0.0093 0.0063 0.8464 0.0036 0.0039 0.0043 0.0369 0.0119 0.0108 0.0106 0.0052 0.0041 0.0075 0.0187 0.0089 0.0081 
     H9572.5 12 0.0036 0.0068 0.0091 0.7940 0.0048 0.0073 0.0033 0.0303 0.0245 0.0135 0.0067 0.0027 0.0141 0.0123 0.0455 0.0029 0.0186 
