      H105.1  1 0.0097 0.0056 0.0105 0.0060 0.0053 0.9418 0.0101 0.0059 0.0052 
      H105.2  1 0.0055 0.0263 0.0143 0.0240 0.0134 0.8896 0.0138 0.0082 0.0049 
      H105.3  1 0.0043 0.0055 0.0039 0.0049 0.0078 0.9625 0.0033 0.0031 0.0047 
      H105.4  1 0.0054 0.0170 0.0104 0.0261 0.0275 0.8791 0.0130 0.0070 0.0144 
      H105.5  1 0.0100 0.0187 0.0971 0.0257 0.0275 0.7508 0.0430 0.0198 0.0074 
      H105.6  1 0.0068 0.0060 0.0121 0.0184 0.0254 0.8987 0.0071 0.0086 0.0169 
      H105.7  1 0.0049 0.0049 0.0070 0.0050 0.0055 0.9546 0.0093 0.0053 0.0034 
      H105.8  1 0.0042 0.0120 0.0039 0.0084 0.0062 0.9533 0.0044 0.0046 0.0032 
      H115.1  1 0.0181 0.0111 0.0067 0.8714 0.0090 0.0258 0.0156 0.0378 0.0044 
      H115.2  1 0.0052 0.0054 0.0056 0.9104 0.0032 0.0067 0.0072 0.0532 0.0030 
      H115.3  1 0.0057 0.0030 0.0035 0.9613 0.0033 0.0044 0.0076 0.0079 0.0033 
      H115.4  1 0.0128 0.0317 0.0039 0.9183 0.0041 0.0060 0.0125 0.0042 0.0066 
      H115.5  1 0.0250 0.0055 0.0059 0.8973 0.0092 0.0144 0.0088 0.0218 0.0119 
      H115.6  1 0.0152 0.0042 0.0084 0.9231 0.0034 0.0055 0.0151 0.0186 0.0065 
      H115.7  1 0.0100 0.0055 0.0094 0.8976 0.0054 0.0289 0.0243 0.0131 0.0059 
      H115.8  1 0.0087 0.0036 0.0054 0.9375 0.0026 0.0060 0.0077 0.0250 0.0036 
      H115.9  1 0.0078 0.0152 0.0044 0.8028 0.0083 0.0127 0.0086 0.1360 0.0043 
      H145.1  1 0.0050 0.0043 0.0131 0.0078 0.0047 0.0040 0.0340 0.0073 0.9197 
      H145.2  1 0.0063 0.0055 0.0071 0.0075 0.0049 0.0040 0.0086 0.0044 0.9517 
      H145.3  1 0.0031 0.0024 0.0043 0.0041 0.0048 0.0028 0.0177 0.0038 0.9571 
      H145.4  1 0.0052 0.0043 0.0108 0.0044 0.0048 0.0040 0.0091 0.0041 0.9532 
      H145.5  1 0.0037 0.0031 0.0060 0.0033 0.0030 0.0032 0.0381 0.0031 0.9365 
      H145.6  1 0.0049 0.0044 0.0063 0.0032 0.0030 0.0048 0.0051 0.0036 0.9648 
      H145.7  1 0.0065 0.0027 0.0043 0.0038 0.0038 0.0034 0.0039 0.0026 0.9691 
      H149.1  1 0.9711 0.0030 0.0041 0.0034 0.0046 0.0031 0.0036 0.0031 0.0040 
      H149.2  1 0.9605 0.0034 0.0051 0.0038 0.0041 0.0047 0.0077 0.0030 0.0077 
      H149.3  1 0.7736 0.0198 0.0371 0.0294 0.0199 0.0282 0.0485 0.0065 0.0370 
      H149.4  1 0.9535 0.0167 0.0042 0.0039 0.0044 0.0058 0.0035 0.0041 0.0039 
      H149.5  1 0.8396 0.0357 0.0111 0.0049 0.0140 0.0465 0.0267 0.0032 0.0183 
      H149.6  1 0.9624 0.0035 0.0049 0.0028 0.0052 0.0067 0.0057 0.0024 0.0064 
      H149.7  1 0.7791 0.0754 0.0593 0.0114 0.0078 0.0342 0.0215 0.0049 0.0064 
      H150.1  1 0.0033 0.0036 0.0043 0.6862 0.0036 0.0058 0.0081 0.2801 0.0050 
      H150.2  1 0.0061 0.0047 0.0069 0.9094 0.0045 0.0057 0.0075 0.0528 0.0025 
      H150.3  1 0.0076 0.0038 0.0113 0.2968 0.0049 0.0188 0.0266 0.6231 0.0070 
      H150.4  1 0.0034 0.0030 0.0051 0.1292 0.0034 0.0058 0.0094 0.8365 0.0041 
      H150.5  1 0.0063 0.0042 0.0063 0.9106 0.0032 0.0080 0.0104 0.0462 0.0048 
      H150.6  1 0.0055 0.0086 0.0076 0.9385 0.0071 0.0044 0.0055 0.0114 0.0113 
      H150.7  1 0.0049 0.0052 0.0041 0.3428 0.0028 0.0080 0.0207 0.6069 0.0044 
   H169607.1  1 0.0039 0.0087 0.0079 0.0090 0.0040 0.0054 0.9300 0.0133 0.0178 
   H169607.2  1 0.0039 0.0053 0.0081 0.0040 0.0039 0.0062 0.9544 0.0079 0.0064 
   H169607.3  1 0.0057 0.0099 0.0075 0.0123 0.0066 0.0056 0.9260 0.0085 0.0180 
   H169607.4  1 0.0023 0.0030 0.0073 0.0031 0.0037 0.0037 0.9630 0.0057 0.0081 
   H169607.5  1 0.0037 0.0042 0.0112 0.0041 0.0036 0.0048 0.9539 0.0104 0.0042 
   H169607.6  1 0.0031 0.0038 0.0047 0.0036 0.0041 0.0040 0.9668 0.0052 0.0046 
   H169607.7  1 0.0051 0.0145 0.0085 0.0136 0.0034 0.0058 0.9322 0.0071 0.0097 
   H169607.8  1 0.0037 0.0043 0.0077 0.0046 0.0073 0.0046 0.9551 0.0061 0.0066 
   H169633.1  1 0.9305 0.0047 0.0131 0.0059 0.0052 0.0115 0.0034 0.0066 0.0192 
   H169633.2  1 0.8504 0.0131 0.0439 0.0353 0.0127 0.0084 0.0029 0.0042 0.0291 
   H169633.3  1 0.9345 0.0063 0.0143 0.0059 0.0132 0.0079 0.0039 0.0064 0.0077 
   H169633.4  1 0.9341 0.0052 0.0125 0.0058 0.0086 0.0122 0.0054 0.0089 0.0073 
   H169633.5  1 0.9404 0.0055 0.0092 0.0077 0.0088 0.0089 0.0054 0.0084 0.0057 
   H169688.1  1 0.0112 0.0309 0.6094 0.0055 0.0094 0.0233 0.1650 0.1260 0.0194 
   H169688.2  1 0.0111 0.0329 0.6578 0.0164 0.0139 0.0434 0.0182 0.1557 0.0506 
   H169688.3  1 0.0129 0.0083 0.6586 0.0194 0.0044 0.0170 0.0177 0.2098 0.0518 
   H169688.4  1 0.0102 0.0060 0.5313 0.0501 0.0055 0.0059 0.0221 0.3389 0.0301 
   H169688.5  1 0.0071 0.0081 0.5491 0.0608 0.0056 0.0032 0.0097 0.3245 0.0319 
   H169688.6  1 0.0112 0.1655 0.5579 0.0099 0.0073 0.0137 0.0136 0.1835 0.0374 
   H169688.7  1 0.0121 0.0122 0.6072 0.0386 0.0058 0.0110 0.0215 0.1598 0.1316 
   H171901.1  1 0.0161 0.0142 0.0932 0.3273 0.0052 0.3246 0.1190 0.0495 0.0508 
   H171901.2  1 0.8951 0.0030 0.0228 0.0126 0.0046 0.0135 0.0213 0.0197 0.0074 
   H171901.3  1 0.7922 0.0103 0.0524 0.0425 0.0138 0.0160 0.0279 0.0343 0.0107 
   H171901.4  1 0.8999 0.0058 0.0127 0.0252 0.0069 0.0103 0.0192 0.0112 0.0088 
   H171901.5  1 0.8297 0.0117 0.0267 0.0626 0.0092 0.0059 0.0270 0.0155 0.0118 
   H171901.6  1 0.6805 0.0193 0.0599 0.1005 0.0183 0.0093 0.0324 0.0568 0.0231 
   H171901.7  1 0.5694 0.0170 0.2939 0.0269 0.0214 0.0076 0.0151 0.0314 0.0173 
   H171902.1  1 0.0073 0.0097 0.0050 0.0057 0.0039 0.0031 0.9547 0.0043 0.0063 
  H171902.10  1 0.0160 0.0075 0.0101 0.0080 0.0035 0.0036 0.9427 0.0043 0.0042 
   H171902.2  1 0.0329 0.0155 0.0066 0.0124 0.0033 0.0052 0.9050 0.0079 0.0112 
   H171902.3  1 0.0480 0.0097 0.0054 0.0139 0.0041 0.0036 0.8993 0.0100 0.0060 
   H171902.4  1 0.1522 0.0064 0.0168 0.0072 0.0042 0.0056 0.7930 0.0054 0.0091 
   H171902.6  1 0.0144 0.0065 0.0088 0.0069 0.0051 0.0038 0.9445 0.0049 0.0053 
   H171902.7  1 0.0117 0.0050 0.0096 0.0074 0.0032 0.0042 0.9480 0.0031 0.0078 
   H171902.8  1 0.0189 0.0085 0.0091 0.0094 0.0030 0.0037 0.9343 0.0068 0.0064 
   H171902.9  1 0.0048 0.0037 0.0048 0.0086 0.0036 0.0042 0.9483 0.0172 0.0048 
   H171903.1  1 0.0052 0.0057 0.0521 0.0827 0.0092 0.0118 0.7939 0.0323 0.0071 
   H171903.2  1 0.0053 0.0075 0.2078 0.0809 0.0515 0.0568 0.5038 0.0715 0.0150 
   H171903.3  1 0.0100 0.0064 0.5882 0.0338 0.0179 0.0260 0.2793 0.0335 0.0050 
   H171903.4  1 0.0043 0.0039 0.1807 0.0314 0.0059 0.0052 0.7482 0.0140 0.0065 
   H171903.5  1 0.0514 0.0142 0.2625 0.0836 0.0181 0.0328 0.4378 0.0915 0.0082 
   H171903.6  1 0.0288 0.0095 0.2334 0.0464 0.0102 0.0052 0.6391 0.0209 0.0064 
      H177.1  1 0.0101 0.0155 0.9290 0.0115 0.0097 0.0042 0.0078 0.0083 0.0039 
      H177.2  1 0.0495 0.0786 0.6220 0.0385 0.0111 0.0070 0.0529 0.0191 0.1213 
      H177.3  1 0.0398 0.0382 0.7152 0.0300 0.0306 0.0061 0.1002 0.0100 0.0299 
      H177.4  1 0.0147 0.2291 0.6917 0.0056 0.0221 0.0073 0.0158 0.0050 0.0088 
      H177.5  1 0.0083 0.0257 0.9160 0.0110 0.0102 0.0079 0.0059 0.0076 0.0076 
      H177.6  1 0.0887 0.0310 0.7883 0.0232 0.0075 0.0041 0.0340 0.0095 0.0137 
      H179.1  1 0.0066 0.9314 0.0128 0.0088 0.0100 0.0104 0.0055 0.0102 0.0043 
      H179.2  1 0.0048 0.9157 0.0154 0.0129 0.0320 0.0037 0.0088 0.0041 0.0026 
      H179.3  1 0.0050 0.8938 0.0248 0.0213 0.0108 0.0070 0.0091 0.0241 0.0042 
      H179.4  1 0.0186 0.7545 0.0844 0.0053 0.0946 0.0098 0.0132 0.0055 0.0141 
      H180.1  1 0.0035 0.0249 0.0058 0.9406 0.0039 0.0041 0.0094 0.0047 0.0032 
      H180.2  1 0.0032 0.0062 0.0048 0.9678 0.0041 0.0037 0.0034 0.0033 0.0034 
      H180.3  1 0.0046 0.0046 0.0047 0.9471 0.0080 0.0032 0.0066 0.0157 0.0056 
      H180.4  1 0.0076 0.0092 0.0048 0.9545 0.0051 0.0057 0.0044 0.0041 0.0046 
      H180.5  1 0.0042 0.0104 0.0049 0.9599 0.0038 0.0029 0.0041 0.0041 0.0057 
      H180.6  1 0.0099 0.0048 0.0047 0.9406 0.0055 0.0051 0.0074 0.0060 0.0159 
      H181.1  1 0.1838 0.5670 0.0324 0.0633 0.0105 0.0357 0.0772 0.0173 0.0128 
      H181.2  1 0.0272 0.7300 0.0490 0.0446 0.0091 0.0234 0.0317 0.0155 0.0694 
      H181.3  1 0.1326 0.6245 0.0310 0.0314 0.0053 0.0685 0.0553 0.0188 0.0326 
      H181.4  1 0.2035 0.1912 0.0530 0.1107 0.0567 0.0597 0.0253 0.2573 0.0425 
      H181.5  1 0.0129 0.9323 0.0104 0.0054 0.0090 0.0153 0.0067 0.0045 0.0037 
      H181.6  1 0.0057 0.9063 0.0090 0.0339 0.0079 0.0089 0.0068 0.0154 0.0062 
      H181.7  1 0.0135 0.9266 0.0097 0.0051 0.0075 0.0117 0.0093 0.0114 0.0051 
 H194.1_2004  1 0.0054 0.0031 0.9402 0.0088 0.0042 0.0050 0.0144 0.0076 0.0113 
 H194.2_2004  1 0.0059 0.0036 0.8804 0.0089 0.0041 0.0080 0.0504 0.0109 0.0277 
 H194.3_2004  1 0.0290 0.0111 0.9052 0.0050 0.0186 0.0038 0.0076 0.0040 0.0157 
 H194.4_2004  1 0.0156 0.0046 0.8830 0.0063 0.0041 0.0049 0.0142 0.0093 0.0581 
 H194.5_2004  1 0.0245 0.0073 0.9103 0.0031 0.0162 0.0048 0.0125 0.0050 0.0163 
 H194.6_2004  1 0.0193 0.0058 0.8500 0.0060 0.0805 0.0039 0.0126 0.0106 0.0113 
 H194.7_2004  1 0.0060 0.0032 0.9436 0.0044 0.0044 0.0083 0.0102 0.0057 0.0142 
 H194.8_2004  1 0.0129 0.0054 0.9046 0.0047 0.0130 0.0074 0.0138 0.0147 0.0236 
      H194.9  1 0.0084 0.0034 0.9079 0.0065 0.0060 0.0059 0.0178 0.0164 0.0278 
 H195.1_2003  1 0.0238 0.0066 0.0161 0.0074 0.0085 0.0052 0.0083 0.0073 0.9169 
 H195.1_2004  1 0.0080 0.0034 0.0067 0.0036 0.0028 0.0040 0.0034 0.0027 0.9654 
 H195.2_2003  1 0.0107 0.0083 0.0715 0.0063 0.0091 0.0143 0.0252 0.0358 0.8188 
 H195.2_2004  1 0.0042 0.0031 0.0048 0.0035 0.0026 0.0030 0.0034 0.0027 0.9727 
 H195.3_2003  1 0.0076 0.0048 0.0392 0.0138 0.0217 0.0256 0.0288 0.2259 0.6327 
 H195.3_2004  1 0.0082 0.0032 0.0064 0.0041 0.0030 0.0032 0.0038 0.0036 0.9645 
 H195.4_2003  1 0.0101 0.0048 0.0072 0.0045 0.0051 0.0041 0.0045 0.0046 0.9550 
 H195.4_2004  1 0.0042 0.0030 0.0039 0.0031 0.0039 0.0026 0.0040 0.0031 0.9724 
 H195.5_2003  1 0.0230 0.0053 0.0271 0.0089 0.0081 0.0113 0.0082 0.0089 0.8992 
 H195.5_2004  1 0.0044 0.0039 0.0047 0.0038 0.0051 0.0039 0.0033 0.0042 0.9667 
 H195.6_2003  1 0.0045 0.0028 0.0058 0.0084 0.0035 0.0068 0.0118 0.0201 0.9364 
 H195.6_2004  1 0.0042 0.0042 0.0063 0.0029 0.0041 0.0041 0.0040 0.0023 0.9679 
 H195.7_2003  1 0.0139 0.0058 0.0496 0.0046 0.0134 0.0112 0.0149 0.0077 0.8787 
 H195.7_2004  1 0.0034 0.0025 0.0050 0.0043 0.0025 0.0035 0.0037 0.0042 0.9708 
      H195.8  1 0.0036 0.0027 0.0047 0.0043 0.0030 0.0038 0.0033 0.0037 0.9710 
      H195.9  1 0.0067 0.0034 0.0068 0.0040 0.0048 0.0027 0.0043 0.0031 0.9640 
      H415.1  1 0.1062 0.0080 0.4149 0.3868 0.0048 0.0053 0.0081 0.0437 0.0221 
      H415.2  1 0.0202 0.0437 0.6909 0.0682 0.0270 0.0162 0.1043 0.0228 0.0067 
      H415.3  1 0.1018 0.1268 0.4518 0.2679 0.0123 0.0180 0.0064 0.0059 0.0090 
      H415.4  1 0.0374 0.0060 0.4523 0.4379 0.0211 0.0072 0.0063 0.0175 0.0144 
      H415.5  1 0.1097 0.0202 0.4743 0.3372 0.0248 0.0054 0.0076 0.0060 0.0150 
      H415.6  1 0.0410 0.0078 0.4408 0.4423 0.0249 0.0057 0.0082 0.0175 0.0118 
      H415.7  1 0.0690 0.0699 0.6743 0.0091 0.0126 0.0113 0.1264 0.0118 0.0156 
      H506.1  1 0.0051 0.9715 0.0025 0.0024 0.0060 0.0039 0.0026 0.0022 0.0038 
      H506.2  1 0.0061 0.9655 0.0038 0.0030 0.0048 0.0034 0.0031 0.0021 0.0082 
      H506.3  1 0.0049 0.9591 0.0055 0.0046 0.0063 0.0053 0.0052 0.0035 0.0055 
      H506.4  1 0.0072 0.9565 0.0041 0.0061 0.0091 0.0030 0.0065 0.0040 0.0034 
      H506.5  1 0.0076 0.9601 0.0050 0.0031 0.0058 0.0039 0.0046 0.0030 0.0069 
      H506.6  1 0.0033 0.9287 0.0176 0.0056 0.0067 0.0049 0.0087 0.0051 0.0196 
      H506.7  1 0.0063 0.9669 0.0036 0.0029 0.0057 0.0030 0.0035 0.0022 0.0060 
      H533.1  1 0.0056 0.9705 0.0027 0.0050 0.0048 0.0032 0.0026 0.0020 0.0034 
      H533.2  1 0.0082 0.9670 0.0029 0.0037 0.0065 0.0037 0.0025 0.0021 0.0034 
      H533.3  1 0.0069 0.9672 0.0038 0.0039 0.0038 0.0036 0.0050 0.0027 0.0031 
      H533.4  1 0.0084 0.9455 0.0077 0.0053 0.0046 0.0033 0.0073 0.0037 0.0143 
      H535.1  1 0.0043 0.0035 0.0061 0.0042 0.9576 0.0027 0.0101 0.0071 0.0044 
      H535.2  1 0.0047 0.0052 0.0038 0.0035 0.9622 0.0058 0.0032 0.0027 0.0088 
      H535.3  1 0.0028 0.0038 0.0043 0.0031 0.9675 0.0048 0.0033 0.0029 0.0074 
      H535.4  1 0.0068 0.0031 0.0054 0.0031 0.9661 0.0035 0.0035 0.0032 0.0054 
      H535.5  1 0.0038 0.0037 0.0044 0.0030 0.9696 0.0024 0.0048 0.0037 0.0046 
      H535.6  1 0.0031 0.0041 0.0044 0.0051 0.9525 0.0034 0.0112 0.0076 0.0087 
      H535.7  1 0.0045 0.0031 0.0039 0.0022 0.9750 0.0023 0.0033 0.0028 0.0028 
      H535.8  1 0.0031 0.0035 0.0034 0.0025 0.9751 0.0025 0.0035 0.0028 0.0037 
      H535.9  1 0.0038 0.0048 0.0044 0.0043 0.9616 0.0034 0.0058 0.0058 0.0061 
      H539.1  1 0.0026 0.0021 0.0035 0.0040 0.0022 0.0030 0.0059 0.9742 0.0024 
      H539.2  1 0.0048 0.0066 0.0531 0.0748 0.0132 0.0101 0.0220 0.8089 0.0064 
      H539.3  1 0.0030 0.0038 0.0083 0.0292 0.0069 0.0042 0.0136 0.9236 0.0073 
      H539.4  1 0.0040 0.0035 0.0072 0.0401 0.0041 0.0042 0.0056 0.9275 0.0038 
      H539.5  1 0.0025 0.0026 0.0032 0.0080 0.0030 0.0026 0.0046 0.9711 0.0025 
      H539.6  1 0.0028 0.0025 0.0041 0.0114 0.0029 0.0030 0.0154 0.9537 0.0042 
      H539.7  1 0.0032 0.0026 0.0046 0.0156 0.0033 0.0029 0.0042 0.9612 0.0025 
      H539.8  1 0.0040 0.0051 0.0123 0.0471 0.0186 0.0063 0.0062 0.8942 0.0063 
      H539.9  1 0.0028 0.0035 0.0044 0.0095 0.0032 0.0039 0.0032 0.9667 0.0027 
      H540.1  1 0.0045 0.0054 0.0074 0.0063 0.0050 0.0051 0.0400 0.9186 0.0078 
      H540.2  1 0.0046 0.0044 0.0055 0.0055 0.0028 0.0042 0.0099 0.9594 0.0036 
      H540.3  1 0.0256 0.0067 0.0815 0.0269 0.0074 0.0094 0.0097 0.8168 0.0159 
      H540.4  1 0.0041 0.0082 0.0067 0.0161 0.0051 0.0081 0.0115 0.9354 0.0047 
      H540.5  1 0.0056 0.0039 0.0080 0.0042 0.0038 0.0043 0.0063 0.9611 0.0028 
      H540.6  1 0.0058 0.0090 0.0104 0.0057 0.0064 0.0096 0.0336 0.9136 0.0060 
      H540.7  1 0.0171 0.0121 0.0152 0.0108 0.0042 0.0079 0.0135 0.9134 0.0058 
      H540.8  1 0.0094 0.0042 0.0258 0.0077 0.0056 0.0043 0.0434 0.8950 0.0046 
     H9558.1  1 0.0024 0.0056 0.0027 0.0037 0.0050 0.0046 0.0072 0.9663 0.0026 
     H9558.2  1 0.0052 0.0180 0.0057 0.0046 0.0104 0.0151 0.0082 0.9281 0.0048 
     H9558.3  1 0.0022 0.0044 0.0058 0.0055 0.0084 0.0196 0.0038 0.9470 0.0033 
     H9558.4  1 0.0022 0.0043 0.0046 0.0028 0.0041 0.0032 0.0046 0.9717 0.0025 
     H9558.5  1 0.0033 0.0035 0.0043 0.0053 0.0045 0.0052 0.0032 0.9686 0.0022 
     H9558.6  1 0.0032 0.0039 0.0061 0.0040 0.0071 0.0107 0.0056 0.9564 0.0030 
    kos339.1  1 0.9475 0.0159 0.0048 0.0039 0.0055 0.0086 0.0063 0.0049 0.0026 
    kos339.2  1 0.9590 0.0062 0.0051 0.0039 0.0039 0.0069 0.0030 0.0037 0.0083 
    kos339.3  1 0.9713 0.0038 0.0032 0.0039 0.0038 0.0026 0.0049 0.0029 0.0035 
    kos339.4  1 0.9665 0.0050 0.0048 0.0050 0.0044 0.0024 0.0039 0.0040 0.0039 
    kos339.5  1 0.9567 0.0139 0.0035 0.0036 0.0036 0.0060 0.0058 0.0041 0.0027 
    kos339.6  1 0.9667 0.0052 0.0052 0.0038 0.0028 0.0055 0.0044 0.0024 0.0040 
    kos339.7  1 0.9688 0.0050 0.0030 0.0036 0.0062 0.0026 0.0036 0.0034 0.0037 
    kos339.8  1 0.9623 0.0105 0.0050 0.0043 0.0032 0.0054 0.0034 0.0026 0.0035 
    kos339.9  1 0.9220 0.0071 0.0123 0.0084 0.0083 0.0059 0.0161 0.0118 0.0081 
      H409.1 12 0.0148 0.0139 0.0122 0.0032 0.9279 0.0140 0.0036 0.0036 0.0068 
     H409.10 12 0.0086 0.1128 0.0208 0.0401 0.7420 0.0195 0.0126 0.0277 0.0160 
      H409.2 12 0.0063 0.0083 0.0127 0.0068 0.9451 0.0046 0.0045 0.0054 0.0062 
      H409.3 12 0.0056 0.0061 0.0115 0.0069 0.9405 0.0085 0.0055 0.0071 0.0083 
      H409.4 12 0.0037 0.0047 0.0154 0.0042 0.9469 0.0079 0.0045 0.0073 0.0054 
      H409.5 12 0.0050 0.0051 0.0095 0.0075 0.9451 0.0087 0.0092 0.0043 0.0055 
      H409.6 12 0.0058 0.0208 0.0303 0.0181 0.8247 0.0630 0.0122 0.0147 0.0106 
      H409.7 12 0.0189 0.0146 0.0866 0.0084 0.7922 0.0406 0.0062 0.0064 0.0260 
      H409.8 12 0.0090 0.0138 0.0062 0.0050 0.9330 0.0177 0.0069 0.0038 0.0046 
      H409.9 12 0.0037 0.1183 0.0117 0.0227 0.4453 0.0520 0.0093 0.3333 0.0036 
      H413.1 12 0.0045 0.0024 0.0065 0.0088 0.0048 0.9563 0.0038 0.0088 0.0040 
      H413.2 12 0.0069 0.0043 0.0058 0.0061 0.0055 0.9524 0.0040 0.0075 0.0075 
      H413.3 12 0.0032 0.0065 0.0070 0.0060 0.0034 0.9511 0.0061 0.0132 0.0035 
      H413.4 12 0.0043 0.0083 0.0052 0.0090 0.0038 0.9503 0.0051 0.0095 0.0044 
      H413.5 12 0.0039 0.0099 0.0058 0.0623 0.0038 0.7927 0.0141 0.1035 0.0041 
      H413.6 12 0.0056 0.0026 0.0155 0.0238 0.0055 0.8428 0.0039 0.0943 0.0059 
      H413.7 12 0.0051 0.0038 0.0062 0.0059 0.0056 0.9501 0.0045 0.0149 0.0039 
      H563.1 12 0.0027 0.0034 0.0048 0.0057 0.0032 0.9658 0.0044 0.0051 0.0049 
      H563.2 12 0.0095 0.0066 0.0209 0.0098 0.0097 0.9235 0.0066 0.0089 0.0046 
      H563.3 12 0.0035 0.0044 0.0049 0.0044 0.0028 0.9583 0.0069 0.0105 0.0043 
      H563.4 12 0.0047 0.0042 0.0034 0.0064 0.0041 0.9643 0.0059 0.0038 0.0033 
      H563.5 12 0.0042 0.0023 0.0042 0.0057 0.0029 0.9668 0.0038 0.0061 0.0040 
      H563.6 12 0.0094 0.0063 0.0072 0.0059 0.0039 0.9526 0.0058 0.0046 0.0043 
      H563.7 12 0.0118 0.0036 0.0062 0.0052 0.0037 0.9604 0.0031 0.0029 0.0032 
      H563.8 12 0.0073 0.0050 0.0082 0.0089 0.0030 0.9472 0.0068 0.0094 0.0041 
      H563.9 12 0.0120 0.0088 0.0126 0.0067 0.0037 0.9375 0.0071 0.0056 0.0059 
     H7374.1 12 0.0079 0.0044 0.8719 0.0065 0.0299 0.0493 0.0092 0.0052 0.0157 
     H7374.2 12 0.0031 0.0052 0.9412 0.0038 0.0067 0.0170 0.0073 0.0099 0.0059 
     H7374.3 12 0.0041 0.0033 0.8872 0.0048 0.0078 0.0386 0.0099 0.0077 0.0365 
     H7374.4 12 0.0162 0.0057 0.9312 0.0069 0.0146 0.0085 0.0051 0.0075 0.0043 
     H7374.5 12 0.0127 0.0048 0.8910 0.0067 0.0069 0.0337 0.0128 0.0193 0.0122 
     H7374.6 12 0.0080 0.0048 0.9256 0.0059 0.0152 0.0099 0.0078 0.0065 0.0163 
     H7374.7 12 0.0128 0.0050 0.9346 0.0041 0.0158 0.0110 0.0052 0.0036 0.0081 
     H7374.8 12 0.0111 0.0044 0.9291 0.0039 0.0074 0.0196 0.0058 0.0035 0.0152 
     H7374.9 12 0.0086 0.0046 0.9291 0.0063 0.0046 0.0109 0.0078 0.0171 0.0112 
     H9563.1 12 0.0091 0.0052 0.0088 0.0057 0.0037 0.9458 0.0073 0.0079 0.0066 
     H9563.2 12 0.0044 0.0061 0.0055 0.0087 0.0044 0.9459 0.0095 0.0096 0.0060 
     H9563.3 12 0.0058 0.0091 0.0066 0.0066 0.0057 0.9513 0.0044 0.0024 0.0081 
     H9563.4 12 0.0154 0.0135 0.0355 0.0274 0.0482 0.8239 0.0122 0.0098 0.0143 
     H9563.5 12 0.0075 0.0115 0.0105 0.0102 0.0105 0.9237 0.0125 0.0073 0.0063 
     H9563.6 12 0.0033 0.0072 0.0035 0.0055 0.0046 0.9629 0.0040 0.0028 0.0062 
     H9563.7 12 0.0035 0.0067 0.0048 0.0043 0.0062 0.9593 0.0058 0.0038 0.0057 
     H9563.8 12 0.0274 0.0230 0.0113 0.0895 0.0132 0.8068 0.0125 0.0069 0.0095 
     H9563.9 12 0.0061 0.0109 0.0091 0.0147 0.0040 0.9326 0.0093 0.0076 0.0056 
     H9572.1 12 0.0120 0.1481 0.0457 0.0889 0.0342 0.4698 0.0648 0.1072 0.0293 
     H9572.2 12 0.0093 0.0154 0.1631 0.0680 0.0111 0.5216 0.0985 0.0149 0.0982 
     H9572.3 12 0.1433 0.0235 0.2143 0.0117 0.0671 0.2020 0.2668 0.0640 0.0073 
     H9572.4 12 0.1704 0.0407 0.1630 0.0229 0.0702 0.3542 0.1054 0.0353 0.0379 
     H9572.5 12 0.2872 0.0918 0.0885 0.0673 0.0178 0.1771 0.1701 0.0536 0.0466 
