      H105.1  1 0.0111 0.9560 0.0070 0.0112 0.0087 0.0061 
      H105.2  1 0.0180 0.9336 0.0081 0.0122 0.0189 0.0092 
      H105.3  1 0.0065 0.9738 0.0038 0.0055 0.0053 0.0051 
      H105.4  1 0.0139 0.9379 0.0123 0.0091 0.0142 0.0126 
      H105.5  1 0.0738 0.8072 0.0163 0.0242 0.0657 0.0129 
      H105.6  1 0.0140 0.9344 0.0097 0.0087 0.0118 0.0214 
      H105.7  1 0.0059 0.9730 0.0054 0.0056 0.0059 0.0043 
      H105.8  1 0.0069 0.9694 0.0036 0.0081 0.0062 0.0057 
      H115.1  1 0.0176 0.0523 0.0070 0.0284 0.8890 0.0057 
      H115.2  1 0.0072 0.0077 0.0056 0.0073 0.9685 0.0037 
      H115.3  1 0.0053 0.0121 0.0055 0.0146 0.9570 0.0055 
      H115.4  1 0.0076 0.0078 0.0142 0.1706 0.7926 0.0071 
      H115.5  1 0.0111 0.0168 0.0149 0.0774 0.8686 0.0112 
      H115.6  1 0.0101 0.0107 0.0097 0.0211 0.9459 0.0026 
      H115.7  1 0.0133 0.0541 0.0111 0.0252 0.8908 0.0055 
      H115.8  1 0.0074 0.0127 0.0057 0.0155 0.9563 0.0025 
      H115.9  1 0.0094 0.0173 0.0040 0.0126 0.9515 0.0052 
      H145.1  1 0.0098 0.0040 0.9696 0.0055 0.0058 0.0053 
      H145.2  1 0.0082 0.0051 0.9668 0.0071 0.0060 0.0067 
      H145.3  1 0.0036 0.0041 0.9782 0.0039 0.0037 0.0065 
      H145.4  1 0.0120 0.0048 0.9699 0.0050 0.0043 0.0039 
      H145.5  1 0.0050 0.0046 0.9794 0.0043 0.0037 0.0030 
      H145.6  1 0.0057 0.0085 0.9710 0.0053 0.0043 0.0052 
      H145.7  1 0.0074 0.0056 0.9723 0.0058 0.0029 0.0060 
      H149.1  1 0.0127 0.0053 0.0086 0.9651 0.0048 0.0035 
      H149.2  1 0.0155 0.0112 0.0268 0.9347 0.0071 0.0047 
      H149.3  1 0.0261 0.0257 0.0640 0.8666 0.0103 0.0072 
      H149.4  1 0.0050 0.0114 0.0047 0.9700 0.0056 0.0033 
      H149.5  1 0.0083 0.0305 0.0263 0.9219 0.0043 0.0087 
      H149.6  1 0.0070 0.0115 0.0159 0.9580 0.0035 0.0041 
      H149.7  1 0.0151 0.0196 0.0121 0.9427 0.0058 0.0047 
      H150.1  1 0.0041 0.0041 0.0065 0.0034 0.9796 0.0022 
      H150.2  1 0.0056 0.0051 0.0047 0.0066 0.9745 0.0036 
      H150.3  1 0.0096 0.0115 0.0106 0.0048 0.9614 0.0022 
      H150.4  1 0.0060 0.0056 0.0053 0.0032 0.9780 0.0019 
      H150.5  1 0.0065 0.0113 0.0053 0.0067 0.9670 0.0033 
      H150.6  1 0.0055 0.0078 0.0065 0.0105 0.9641 0.0056 
      H150.7  1 0.0040 0.0048 0.0063 0.0035 0.9787 0.0026 
   H169607.1  1 0.0204 0.0124 0.7884 0.0123 0.1620 0.0044 
   H169607.2  1 0.0097 0.0230 0.8793 0.0092 0.0701 0.0087 
   H169607.3  1 0.0107 0.0150 0.9058 0.0140 0.0489 0.0057 
   H169607.4  1 0.0132 0.0100 0.9468 0.0040 0.0201 0.0058 
   H169607.5  1 0.0382 0.0134 0.5889 0.0123 0.3330 0.0143 
   H169607.6  1 0.0077 0.0152 0.9395 0.0080 0.0213 0.0082 
   H169607.7  1 0.0081 0.0126 0.7524 0.0593 0.1582 0.0093 
   H169607.8  1 0.0293 0.0258 0.8827 0.0062 0.0512 0.0048 
   H169633.1  1 0.0133 0.0141 0.0165 0.9321 0.0185 0.0055 
   H169633.2  1 0.0480 0.0078 0.0093 0.9193 0.0087 0.0069 
   H169633.3  1 0.0144 0.0127 0.0077 0.9437 0.0108 0.0107 
   H169633.4  1 0.0286 0.0137 0.0135 0.9203 0.0120 0.0119 
   H169633.5  1 0.0277 0.0169 0.0122 0.9193 0.0141 0.0098 
   H169688.1  1 0.1211 0.0989 0.5585 0.0789 0.1353 0.0074 
   H169688.2  1 0.1986 0.1052 0.2905 0.0776 0.3219 0.0062 
   H169688.3  1 0.1053 0.0502 0.2287 0.0724 0.5405 0.0030 
   H169688.4  1 0.0129 0.0040 0.0480 0.0087 0.9220 0.0045 
   H169688.5  1 0.0139 0.0037 0.0512 0.0097 0.9185 0.0031 
   H169688.6  1 0.0107 0.0193 0.1378 0.3597 0.4582 0.0144 
   H169688.7  1 0.0844 0.0111 0.4196 0.0265 0.4558 0.0026 
   H171901.1  1 0.0257 0.2482 0.1472 0.0291 0.5465 0.0034 
   H171901.2  1 0.0330 0.0265 0.0339 0.8448 0.0576 0.0043 
   H171901.3  1 0.0240 0.0136 0.0174 0.9001 0.0374 0.0074 
   H171901.4  1 0.0153 0.0121 0.0125 0.9325 0.0214 0.0061 
   H171901.5  1 0.0426 0.0078 0.0144 0.8951 0.0349 0.0052 
   H171901.6  1 0.0499 0.0114 0.0420 0.8349 0.0533 0.0084 
   H171901.7  1 0.0824 0.0081 0.0326 0.8187 0.0467 0.0114 
   H171902.1  1 0.0054 0.0041 0.9626 0.0139 0.0095 0.0045 
  H171902.10  1 0.0070 0.0052 0.9392 0.0215 0.0229 0.0042 
   H171902.2  1 0.0065 0.0078 0.9195 0.0411 0.0216 0.0035 
   H171902.3  1 0.0084 0.0082 0.8618 0.0727 0.0430 0.0059 
   H171902.4  1 0.0111 0.0058 0.9373 0.0307 0.0113 0.0039 
   H171902.6  1 0.0073 0.0050 0.9538 0.0166 0.0121 0.0052 
   H171902.7  1 0.0156 0.0043 0.9433 0.0134 0.0200 0.0034 
   H171902.8  1 0.0118 0.0049 0.9330 0.0269 0.0175 0.0059 
   H171902.9  1 0.0111 0.0072 0.9229 0.0093 0.0442 0.0054 
   H171903.1  1 0.0504 0.0239 0.2200 0.0169 0.6626 0.0262 
   H171903.2  1 0.1132 0.0957 0.0936 0.0110 0.6274 0.0591 
   H171903.3  1 0.4094 0.0656 0.0561 0.0307 0.3845 0.0537 
   H171903.4  1 0.0794 0.0095 0.3998 0.0061 0.4991 0.0061 
   H171903.5  1 0.0998 0.0325 0.0687 0.0828 0.7043 0.0119 
   H171903.6  1 0.0369 0.0050 0.1958 0.0496 0.7007 0.0121 
      H177.1  1 0.6952 0.0078 0.1181 0.0989 0.0630 0.0170 
      H177.2  1 0.3232 0.0100 0.3127 0.3154 0.0326 0.0061 
      H177.3  1 0.3605 0.0082 0.1847 0.3588 0.0651 0.0227 
      H177.4  1 0.4572 0.0120 0.1430 0.2894 0.0079 0.0906 
      H177.5  1 0.6699 0.0162 0.1804 0.0831 0.0420 0.0084 
      H177.6  1 0.4286 0.0052 0.0688 0.4486 0.0382 0.0105 
      H179.1  1 0.0166 0.0197 0.0067 0.9359 0.0177 0.0033 
      H179.2  1 0.0528 0.0110 0.0073 0.8629 0.0268 0.0392 
      H179.3  1 0.0181 0.0153 0.0205 0.8292 0.1105 0.0065 
      H179.4  1 0.0568 0.0090 0.0117 0.7841 0.0073 0.1312 
      H180.1  1 0.0153 0.0099 0.0078 0.0438 0.9184 0.0047 
      H180.2  1 0.0166 0.0127 0.0099 0.0303 0.9244 0.0060 
      H180.3  1 0.0135 0.0031 0.0083 0.0078 0.9604 0.0068 
      H180.4  1 0.0089 0.0149 0.0116 0.0652 0.8943 0.0051 
      H180.5  1 0.0142 0.0068 0.0228 0.0562 0.8941 0.0059 
      H180.6  1 0.0126 0.0059 0.0856 0.0412 0.8492 0.0054 
      H181.1  1 0.0109 0.0206 0.0236 0.8834 0.0542 0.0074 
      H181.2  1 0.0254 0.0242 0.0477 0.8619 0.0331 0.0077 
      H181.3  1 0.0083 0.0189 0.0285 0.9233 0.0137 0.0072 
      H181.4  1 0.0377 0.0479 0.0415 0.6414 0.2175 0.0140 
      H181.5  1 0.0084 0.0151 0.0066 0.9562 0.0051 0.0086 
      H181.6  1 0.0208 0.0182 0.0062 0.9135 0.0308 0.0105 
      H181.7  1 0.0070 0.0142 0.0073 0.9505 0.0073 0.0138 
 H194.1_2004  1 0.4077 0.0055 0.5564 0.0050 0.0184 0.0070 
 H194.2_2004  1 0.3569 0.0085 0.6158 0.0040 0.0116 0.0032 
 H194.3_2004  1 0.6535 0.0047 0.3136 0.0165 0.0058 0.0059 
 H194.4_2004  1 0.3604 0.0051 0.6149 0.0086 0.0064 0.0045 
 H194.5_2004  1 0.5327 0.0069 0.4248 0.0154 0.0078 0.0124 
 H194.6_2004  1 0.6566 0.0043 0.2683 0.0205 0.0106 0.0395 
 H194.7_2004  1 0.4068 0.0138 0.5569 0.0052 0.0129 0.0043 
 H194.8_2004  1 0.4453 0.0080 0.5136 0.0090 0.0106 0.0135 
      H194.9  1 0.3862 0.0064 0.5801 0.0076 0.0137 0.0061 
 H195.1_2003  1 0.0226 0.0071 0.9438 0.0153 0.0059 0.0053 
 H195.1_2004  1 0.0118 0.0063 0.9647 0.0076 0.0055 0.0040 
 H195.2_2003  1 0.0120 0.0065 0.9589 0.0080 0.0082 0.0064 
 H195.2_2004  1 0.0051 0.0040 0.9776 0.0062 0.0038 0.0034 
 H195.3_2003  1 0.0152 0.0148 0.9245 0.0061 0.0342 0.0052 
 H195.3_2004  1 0.0086 0.0040 0.9691 0.0112 0.0032 0.0038 
 H195.4_2003  1 0.0114 0.0046 0.9614 0.0135 0.0035 0.0055 
 H195.4_2004  1 0.0051 0.0035 0.9770 0.0050 0.0029 0.0065 
 H195.5_2003  1 0.0530 0.0145 0.9016 0.0138 0.0087 0.0084 
 H195.5_2004  1 0.0071 0.0077 0.9627 0.0066 0.0048 0.0111 
 H195.6_2003  1 0.0053 0.0047 0.9741 0.0042 0.0066 0.0052 
 H195.6_2004  1 0.0093 0.0048 0.9734 0.0056 0.0031 0.0039 
 H195.7_2003  1 0.0200 0.0088 0.9485 0.0104 0.0039 0.0085 
 H195.7_2004  1 0.0050 0.0051 0.9721 0.0053 0.0080 0.0045 
      H195.8  1 0.0051 0.0061 0.9723 0.0044 0.0048 0.0073 
      H195.9  1 0.0113 0.0044 0.9637 0.0103 0.0043 0.0062 
      H415.1  1 0.7517 0.0077 0.0169 0.1098 0.1111 0.0028 
      H415.2  1 0.8867 0.0211 0.0193 0.0505 0.0173 0.0051 
      H415.3  1 0.5101 0.0131 0.0091 0.4450 0.0166 0.0061 
      H415.4  1 0.8948 0.0050 0.0110 0.0301 0.0555 0.0036 
      H415.5  1 0.8360 0.0051 0.0158 0.1232 0.0159 0.0040 
      H415.6  1 0.8998 0.0053 0.0107 0.0303 0.0501 0.0039 
      H415.7  1 0.6176 0.0144 0.1043 0.2300 0.0177 0.0160 
      H506.1  1 0.0052 0.0074 0.0041 0.9743 0.0035 0.0055 
      H506.2  1 0.0071 0.0053 0.0062 0.9737 0.0025 0.0052 
      H506.3  1 0.0140 0.0105 0.0074 0.9545 0.0094 0.0043 
      H506.4  1 0.0049 0.0075 0.0051 0.9673 0.0066 0.0086 
      H506.5  1 0.0053 0.0068 0.0073 0.9701 0.0030 0.0075 
      H506.6  1 0.0225 0.0120 0.0398 0.9005 0.0138 0.0115 
      H506.7  1 0.0062 0.0072 0.0058 0.9733 0.0029 0.0046 
      H533.1  1 0.0069 0.0058 0.0035 0.9746 0.0038 0.0055 
      H533.2  1 0.0077 0.0037 0.0038 0.9756 0.0036 0.0057 
      H533.3  1 0.0068 0.0066 0.0036 0.9751 0.0039 0.0040 
      H533.4  1 0.0075 0.0063 0.0085 0.9599 0.0055 0.0122 
      H535.1  1 0.0040 0.0030 0.0033 0.0042 0.0040 0.9815 
      H535.2  1 0.0031 0.0036 0.0037 0.0044 0.0025 0.9826 
      H535.3  1 0.0032 0.0035 0.0028 0.0032 0.0025 0.9848 
      H535.4  1 0.0041 0.0026 0.0032 0.0033 0.0027 0.9841 
      H535.5  1 0.0035 0.0028 0.0032 0.0036 0.0024 0.9844 
      H535.6  1 0.0045 0.0029 0.0074 0.0033 0.0059 0.9761 
      H535.7  1 0.0030 0.0022 0.0026 0.0032 0.0023 0.9866 
      H535.8  1 0.0035 0.0027 0.0035 0.0034 0.0029 0.9840 
      H535.9  1 0.0032 0.0024 0.0032 0.0030 0.0044 0.9838 
      H539.1  1 0.0037 0.0036 0.0050 0.0028 0.9814 0.0035 
      H539.2  1 0.0101 0.0072 0.0081 0.0048 0.9607 0.0092 
      H539.3  1 0.0067 0.0050 0.0107 0.0038 0.9633 0.0105 
      H539.4  1 0.0046 0.0049 0.0030 0.0034 0.9810 0.0031 
      H539.5  1 0.0036 0.0034 0.0040 0.0031 0.9819 0.0040 
      H539.6  1 0.0041 0.0040 0.0065 0.0031 0.9786 0.0037 
      H539.7  1 0.0035 0.0040 0.0048 0.0035 0.9804 0.0039 
      H539.8  1 0.0071 0.0054 0.0075 0.0041 0.9594 0.0165 
      H539.9  1 0.0046 0.0046 0.0033 0.0027 0.9824 0.0024 
      H540.1  1 0.0065 0.0047 0.0097 0.0057 0.9673 0.0062 
      H540.2  1 0.0080 0.0064 0.0052 0.0061 0.9715 0.0027 
      H540.3  1 0.0515 0.0084 0.0134 0.0083 0.9113 0.0071 
      H540.4  1 0.0058 0.0043 0.0047 0.0061 0.9746 0.0045 
      H540.5  1 0.0126 0.0037 0.0048 0.0050 0.9706 0.0033 
      H540.6  1 0.0109 0.0087 0.0112 0.0079 0.9572 0.0041 
      H540.7  1 0.0106 0.0056 0.0078 0.0153 0.9567 0.0040 
      H540.8  1 0.0121 0.0037 0.0125 0.0061 0.9567 0.0088 
     H9558.1  1 0.0037 0.0062 0.0079 0.0055 0.9522 0.0245 
     H9558.2  1 0.0141 0.0241 0.0136 0.0116 0.9073 0.0292 
     H9558.3  1 0.0137 0.0395 0.0072 0.0045 0.9248 0.0103 
     H9558.4  1 0.0055 0.0077 0.0047 0.0042 0.9566 0.0214 
     H9558.5  1 0.0051 0.0046 0.0026 0.0034 0.9733 0.0110 
     H9558.6  1 0.0190 0.0154 0.0083 0.0052 0.9455 0.0066 
    kos339.1  1 0.0069 0.0084 0.0049 0.9674 0.0059 0.0065 
    kos339.2  1 0.0082 0.0065 0.0077 0.9647 0.0057 0.0072 
    kos339.3  1 0.0048 0.0029 0.0067 0.9703 0.0056 0.0097 
    kos339.4  1 0.0048 0.0035 0.0058 0.9721 0.0060 0.0077 
    kos339.5  1 0.0057 0.0068 0.0053 0.9749 0.0047 0.0025 
    kos339.6  1 0.0091 0.0061 0.0113 0.9655 0.0044 0.0036 
    kos339.7  1 0.0041 0.0028 0.0051 0.9657 0.0038 0.0185 
    kos339.8  1 0.0053 0.0041 0.0042 0.9786 0.0029 0.0049 
    kos339.9  1 0.0266 0.0114 0.0220 0.9127 0.0232 0.0041 
      H409.1 12 0.9664 0.0095 0.0037 0.0135 0.0028 0.0041 
     H409.10 12 0.9458 0.0120 0.0089 0.0123 0.0167 0.0043 
      H409.2 12 0.9728 0.0035 0.0038 0.0099 0.0036 0.0065 
      H409.3 12 0.9631 0.0082 0.0042 0.0103 0.0051 0.0092 
      H409.4 12 0.9666 0.0070 0.0039 0.0080 0.0051 0.0093 
      H409.5 12 0.9604 0.0055 0.0078 0.0072 0.0073 0.0117 
      H409.6 12 0.7321 0.1955 0.0078 0.0233 0.0105 0.0308 
      H409.7 12 0.9670 0.0124 0.0045 0.0083 0.0033 0.0046 
      H409.8 12 0.9458 0.0225 0.0067 0.0121 0.0056 0.0074 
      H409.9 12 0.4692 0.1347 0.0083 0.0401 0.3214 0.0263 
      H413.1 12 0.0048 0.9696 0.0040 0.0041 0.0107 0.0069 
      H413.2 12 0.0046 0.9680 0.0063 0.0066 0.0074 0.0071 
      H413.3 12 0.0059 0.9720 0.0048 0.0049 0.0093 0.0031 
      H413.4 12 0.0063 0.9669 0.0052 0.0083 0.0094 0.0039 
      H413.5 12 0.0057 0.8396 0.0064 0.0057 0.1383 0.0043 
      H413.6 12 0.0103 0.8960 0.0058 0.0045 0.0789 0.0046 
      H413.7 12 0.0053 0.9669 0.0037 0.0060 0.0108 0.0073 
      H563.1 12 0.0052 0.9764 0.0045 0.0043 0.0069 0.0027 
      H563.2 12 0.0269 0.9444 0.0080 0.0095 0.0074 0.0039 
      H563.3 12 0.0063 0.9756 0.0055 0.0045 0.0055 0.0026 
      H563.4 12 0.0067 0.9758 0.0062 0.0045 0.0042 0.0027 
      H563.5 12 0.0060 0.9778 0.0046 0.0036 0.0056 0.0024 
      H563.6 12 0.0072 0.9703 0.0056 0.0078 0.0061 0.0031 
      H563.7 12 0.0109 0.9721 0.0035 0.0070 0.0041 0.0026 
      H563.8 12 0.0090 0.9647 0.0057 0.0082 0.0098 0.0026 
      H563.9 12 0.0165 0.9562 0.0066 0.0107 0.0073 0.0026 
     H7374.1 12 0.9526 0.0150 0.0094 0.0056 0.0073 0.0101 
     H7374.2 12 0.9463 0.0227 0.0113 0.0037 0.0088 0.0072 
     H7374.3 12 0.9550 0.0124 0.0137 0.0045 0.0076 0.0067 
     H7374.4 12 0.9566 0.0102 0.0075 0.0068 0.0083 0.0107 
     H7374.5 12 0.9417 0.0224 0.0065 0.0084 0.0155 0.0055 
     H7374.6 12 0.9495 0.0092 0.0139 0.0058 0.0048 0.0167 
     H7374.7 12 0.9627 0.0098 0.0070 0.0065 0.0038 0.0102 
     H7374.8 12 0.9586 0.0160 0.0100 0.0056 0.0036 0.0061 
     H7374.9 12 0.9411 0.0154 0.0129 0.0101 0.0163 0.0041 
     H9563.1 12 0.0064 0.9641 0.0070 0.0103 0.0080 0.0042 
     H9563.2 12 0.0048 0.9605 0.0097 0.0062 0.0132 0.0057 
     H9563.3 12 0.0067 0.9697 0.0084 0.0062 0.0038 0.0054 
     H9563.4 12 0.0349 0.8918 0.0139 0.0149 0.0207 0.0239 
     H9563.5 12 0.0123 0.9475 0.0091 0.0145 0.0109 0.0058 
     H9563.6 12 0.0058 0.9750 0.0056 0.0052 0.0038 0.0045 
     H9563.7 12 0.0043 0.9722 0.0069 0.0036 0.0052 0.0078 
     H9563.8 12 0.0224 0.8822 0.0127 0.0461 0.0283 0.0082 
     H9563.9 12 0.0080 0.9611 0.0064 0.0092 0.0105 0.0047 
     H9572.1 12 0.0473 0.6204 0.1123 0.0739 0.1134 0.0328 
     H9572.2 12 0.0621 0.5336 0.3475 0.0257 0.0272 0.0038 
     H9572.3 12 0.3581 0.2739 0.0878 0.1881 0.0643 0.0277 
     H9572.4 12 0.0741 0.3560 0.2416 0.2487 0.0351 0.0445 
     H9572.5 12 0.0292 0.1698 0.2844 0.4016 0.0985 0.0165 
