      H105.1  1 0.0029 0.0028 0.0024 0.0025 0.9340 0.0029 0.0021 0.0028 0.0043 0.0026 0.0041 0.0047 0.0038 0.0038 0.0025 0.0025 0.0021 0.0035 0.0031 0.0027 0.0028 0.0025 0.0026 
      H105.2  1 0.0072 0.0030 0.0048 0.0040 0.9059 0.0025 0.0029 0.0057 0.0037 0.0018 0.0030 0.0032 0.0078 0.0052 0.0040 0.0035 0.0053 0.0069 0.0042 0.0036 0.0039 0.0045 0.0032 
      H105.3  1 0.0015 0.0027 0.0028 0.0028 0.9402 0.0031 0.0022 0.0030 0.0028 0.0028 0.0041 0.0034 0.0023 0.0029 0.0017 0.0025 0.0020 0.0030 0.0022 0.0033 0.0034 0.0028 0.0025 
      H105.4  1 0.0023 0.0048 0.0042 0.0023 0.9210 0.0029 0.0040 0.0040 0.0044 0.0025 0.0039 0.0030 0.0039 0.0060 0.0026 0.0030 0.0028 0.0030 0.0031 0.0027 0.0028 0.0060 0.0048 
      H105.5  1 0.0047 0.0039 0.0100 0.0036 0.8784 0.0032 0.0039 0.0072 0.0176 0.0039 0.0054 0.0037 0.0085 0.0082 0.0050 0.0066 0.0024 0.0036 0.0053 0.0041 0.0040 0.0044 0.0023 
      H105.6  1 0.0045 0.0093 0.0060 0.0046 0.8878 0.0034 0.0040 0.0053 0.0049 0.0045 0.0053 0.0038 0.0028 0.0039 0.0074 0.0069 0.0033 0.0036 0.0031 0.0036 0.0077 0.0100 0.0044 
      H105.7  1 0.0052 0.0043 0.0047 0.0078 0.8570 0.0030 0.0063 0.0065 0.0072 0.0035 0.0178 0.0099 0.0082 0.0087 0.0092 0.0040 0.0047 0.0051 0.0049 0.0043 0.0073 0.0072 0.0033 
      H105.8  1 0.0026 0.0022 0.0033 0.0024 0.9384 0.0023 0.0022 0.0030 0.0028 0.0020 0.0030 0.0028 0.0031 0.0025 0.0017 0.0030 0.0035 0.0071 0.0024 0.0022 0.0026 0.0029 0.0021 
      H115.1  1 0.0066 0.0026 0.7180 0.0069 0.0053 0.0122 0.0044 0.0079 0.0181 0.0027 0.0078 0.0040 0.0048 0.0189 0.0056 0.0190 0.0093 0.0103 0.0086 0.0058 0.0827 0.0351 0.0033 
      H115.2  1 0.0049 0.0038 0.8389 0.0073 0.0032 0.0043 0.0056 0.0068 0.0138 0.0045 0.0056 0.0047 0.0081 0.0053 0.0074 0.0450 0.0053 0.0032 0.0076 0.0030 0.0048 0.0036 0.0033 
      H115.3  1 0.0027 0.0032 0.8927 0.0089 0.0031 0.0046 0.0061 0.0055 0.0084 0.0033 0.0072 0.0032 0.0036 0.0070 0.0035 0.0094 0.0058 0.0023 0.0065 0.0032 0.0025 0.0028 0.0045 
      H115.4  1 0.0115 0.0040 0.8118 0.0116 0.0038 0.0109 0.0070 0.0177 0.0066 0.0052 0.0044 0.0038 0.0187 0.0089 0.0029 0.0037 0.0095 0.0302 0.0120 0.0027 0.0048 0.0028 0.0056 
      H115.5  1 0.0066 0.0079 0.7707 0.0115 0.0150 0.0335 0.0057 0.0123 0.0194 0.0108 0.0049 0.0066 0.0050 0.0088 0.0054 0.0200 0.0048 0.0054 0.0122 0.0029 0.0154 0.0062 0.0091 
      H115.6  1 0.0047 0.0055 0.7561 0.0351 0.0040 0.0133 0.0112 0.0163 0.0139 0.0050 0.0094 0.0052 0.0061 0.0092 0.0068 0.0208 0.0385 0.0042 0.0165 0.0083 0.0027 0.0048 0.0026 
      H115.7  1 0.0088 0.0053 0.7154 0.0126 0.0057 0.0068 0.0050 0.0175 0.0315 0.0062 0.0137 0.0042 0.0080 0.0224 0.0087 0.0094 0.0142 0.0042 0.0112 0.0063 0.0662 0.0137 0.0030 
      H115.8  1 0.0051 0.0027 0.8790 0.0072 0.0068 0.0080 0.0041 0.0066 0.0075 0.0037 0.0061 0.0058 0.0051 0.0042 0.0049 0.0105 0.0100 0.0030 0.0071 0.0030 0.0048 0.0033 0.0016 
      H115.9  1 0.0057 0.0025 0.8034 0.0065 0.0042 0.0058 0.0060 0.0089 0.0088 0.0041 0.0093 0.0059 0.0056 0.0118 0.0046 0.0529 0.0074 0.0094 0.0058 0.0036 0.0120 0.0124 0.0034 
      H145.1  1 0.0038 0.0061 0.0042 0.0126 0.0027 0.0053 0.0054 0.0079 0.0085 0.8459 0.0064 0.0031 0.0029 0.0110 0.0163 0.0115 0.0172 0.0031 0.0033 0.0106 0.0028 0.0058 0.0039 
      H145.2  1 0.0020 0.0082 0.0060 0.0069 0.0022 0.0052 0.0049 0.0094 0.0068 0.8855 0.0032 0.0047 0.0052 0.0060 0.0067 0.0046 0.0088 0.0047 0.0046 0.0034 0.0019 0.0036 0.0054 
      H145.3  1 0.0019 0.0023 0.0027 0.0026 0.0027 0.0023 0.0023 0.0026 0.0029 0.9214 0.0023 0.0042 0.0020 0.0033 0.0033 0.0021 0.0231 0.0024 0.0021 0.0034 0.0022 0.0032 0.0027 
      H145.4  1 0.0040 0.0049 0.0035 0.0057 0.0031 0.0040 0.0039 0.0044 0.0043 0.8873 0.0080 0.0022 0.0034 0.0084 0.0195 0.0036 0.0065 0.0025 0.0037 0.0055 0.0027 0.0066 0.0023 
      H145.5  1 0.0031 0.0019 0.0029 0.0029 0.0033 0.0037 0.0030 0.0033 0.0028 0.8958 0.0028 0.0038 0.0023 0.0047 0.0037 0.0026 0.0398 0.0026 0.0028 0.0043 0.0022 0.0035 0.0022 
      H145.6  1 0.0021 0.0065 0.0023 0.0073 0.0026 0.0058 0.0051 0.0057 0.0067 0.9070 0.0050 0.0025 0.0040 0.0037 0.0073 0.0026 0.0041 0.0035 0.0037 0.0033 0.0027 0.0023 0.0042 
      H145.7  1 0.0023 0.0044 0.0034 0.0038 0.0020 0.0067 0.0034 0.0043 0.0033 0.9243 0.0036 0.0030 0.0027 0.0029 0.0048 0.0021 0.0038 0.0026 0.0047 0.0042 0.0024 0.0024 0.0029 
      H149.1  1 0.0027 0.0031 0.0031 0.0058 0.0032 0.7500 0.0055 0.0041 0.0044 0.0046 0.0023 0.0032 0.0036 0.0026 0.0054 0.0021 0.0061 0.0029 0.1712 0.0040 0.0033 0.0041 0.0027 
      H149.2  1 0.0029 0.0027 0.0034 0.0048 0.0031 0.1899 0.0033 0.0057 0.0056 0.0040 0.0028 0.0028 0.0028 0.0036 0.0042 0.0028 0.0052 0.0028 0.7351 0.0038 0.0027 0.0034 0.0026 
      H149.3  1 0.0129 0.0046 0.0141 0.0057 0.0063 0.1446 0.0285 0.0400 0.0289 0.0171 0.0196 0.0041 0.0065 0.0182 0.0096 0.0035 0.0071 0.0080 0.5966 0.0050 0.0037 0.0102 0.0050 
      H149.4  1 0.0042 0.0039 0.0042 0.0064 0.0096 0.3839 0.0114 0.0106 0.0060 0.0044 0.0072 0.0164 0.0084 0.0025 0.0031 0.0095 0.0161 0.0173 0.4560 0.0032 0.0049 0.0063 0.0044 
      H149.5  1 0.0038 0.0034 0.0022 0.0041 0.0062 0.1410 0.0054 0.0066 0.0096 0.0088 0.0139 0.0048 0.0126 0.0112 0.0051 0.0020 0.0039 0.0072 0.7341 0.0031 0.0025 0.0030 0.0055 
      H149.6  1 0.0027 0.0027 0.0026 0.0051 0.0027 0.1734 0.0030 0.0037 0.0028 0.0043 0.0034 0.0026 0.0039 0.0028 0.0035 0.0019 0.0035 0.0033 0.7619 0.0026 0.0020 0.0035 0.0019 
      H149.7  1 0.0205 0.0058 0.0086 0.0072 0.0072 0.1341 0.0154 0.0193 0.0260 0.0048 0.0141 0.0105 0.0064 0.0076 0.0157 0.0032 0.0087 0.0170 0.6444 0.0046 0.0050 0.0092 0.0047 
      H150.1  1 0.0036 0.0056 0.6389 0.0055 0.0058 0.0022 0.0026 0.0083 0.0143 0.0051 0.0054 0.0064 0.0037 0.0053 0.0041 0.2551 0.0077 0.0026 0.0040 0.0024 0.0032 0.0059 0.0020 
      H150.2  1 0.0063 0.0062 0.8341 0.0084 0.0042 0.0050 0.0035 0.0089 0.0045 0.0027 0.0055 0.0042 0.0055 0.0038 0.0050 0.0528 0.0098 0.0030 0.0043 0.0053 0.0088 0.0046 0.0036 
      H150.3  1 0.0134 0.0059 0.2431 0.0096 0.0066 0.0068 0.0029 0.0158 0.0207 0.0065 0.0106 0.0055 0.0045 0.0102 0.0108 0.5001 0.0504 0.0038 0.0059 0.0110 0.0469 0.0067 0.0023 
      H150.4  1 0.0099 0.0037 0.0479 0.0063 0.0046 0.0030 0.0023 0.0064 0.0090 0.0086 0.0068 0.0056 0.0033 0.0056 0.0051 0.8341 0.0139 0.0029 0.0033 0.0048 0.0058 0.0054 0.0017 
      H150.5  1 0.0067 0.0073 0.8162 0.0068 0.0064 0.0038 0.0044 0.0164 0.0101 0.0045 0.0123 0.0039 0.0053 0.0086 0.0069 0.0473 0.0067 0.0030 0.0062 0.0047 0.0041 0.0056 0.0028 
      H150.6  1 0.0080 0.0087 0.8498 0.0049 0.0055 0.0033 0.0069 0.0195 0.0120 0.0063 0.0033 0.0030 0.0138 0.0053 0.0034 0.0112 0.0055 0.0039 0.0045 0.0072 0.0030 0.0075 0.0034 
      H150.7  1 0.0033 0.0042 0.2488 0.0042 0.0151 0.0050 0.0027 0.0096 0.0097 0.0055 0.0054 0.0045 0.0077 0.0069 0.0042 0.6158 0.0263 0.0030 0.0051 0.0036 0.0038 0.0034 0.0022 
   H169607.1  1 0.0066 0.0093 0.0077 0.0131 0.0027 0.0037 0.0084 0.0086 0.0192 0.0130 0.0043 0.0032 0.0045 0.8301 0.0065 0.0114 0.0152 0.0105 0.0042 0.0066 0.0044 0.0039 0.0029 
   H169607.2  1 0.0028 0.0072 0.0032 0.0022 0.0033 0.0021 0.0031 0.0043 0.0040 0.0034 0.0036 0.0042 0.0029 0.9265 0.0031 0.0043 0.0037 0.0024 0.0022 0.0031 0.0032 0.0025 0.0025 
   H169607.3  1 0.0063 0.0040 0.0086 0.0069 0.0034 0.0038 0.0048 0.0084 0.0623 0.0113 0.0049 0.0033 0.0062 0.8153 0.0083 0.0054 0.0090 0.0066 0.0062 0.0036 0.0029 0.0047 0.0036 
   H169607.4  1 0.0024 0.0096 0.0025 0.0037 0.0025 0.0021 0.0044 0.0028 0.0063 0.0045 0.0035 0.0041 0.0020 0.9115 0.0044 0.0045 0.0070 0.0020 0.0030 0.0093 0.0023 0.0026 0.0032 
   H169607.5  1 0.0037 0.0027 0.0030 0.0022 0.0024 0.0031 0.0051 0.0041 0.0281 0.0045 0.0040 0.0035 0.0027 0.8974 0.0053 0.0067 0.0034 0.0033 0.0026 0.0030 0.0039 0.0023 0.0028 
   H169607.6  1 0.0020 0.0059 0.0023 0.0021 0.0044 0.0021 0.0022 0.0033 0.0040 0.0026 0.0027 0.0038 0.0043 0.9314 0.0041 0.0037 0.0036 0.0032 0.0020 0.0026 0.0027 0.0020 0.0030 
   H169607.7  1 0.0067 0.0045 0.0127 0.0033 0.0063 0.0035 0.0078 0.0041 0.0053 0.0054 0.0031 0.0029 0.0025 0.8961 0.0044 0.0034 0.0047 0.0102 0.0029 0.0027 0.0023 0.0024 0.0029 
   H169607.8  1 0.0031 0.0045 0.0024 0.0025 0.0033 0.0020 0.0025 0.0045 0.0062 0.0035 0.0036 0.0044 0.0029 0.9224 0.0034 0.0040 0.0031 0.0024 0.0032 0.0063 0.0027 0.0040 0.0029 
   H169633.1  1 0.0343 0.0078 0.0051 0.0083 0.0037 0.8333 0.0039 0.0150 0.0051 0.0149 0.0056 0.0032 0.0063 0.0027 0.0066 0.0048 0.0049 0.0032 0.0056 0.0039 0.0144 0.0031 0.0043 
   H169633.2  1 0.0298 0.0104 0.0051 0.1209 0.0086 0.7144 0.0054 0.0132 0.0108 0.0124 0.0031 0.0032 0.0069 0.0021 0.0039 0.0026 0.0025 0.0071 0.0161 0.0050 0.0032 0.0079 0.0052 
   H169633.3  1 0.0050 0.0059 0.0048 0.0063 0.0027 0.8167 0.0136 0.0105 0.0077 0.0047 0.0084 0.0055 0.0061 0.0030 0.0268 0.0067 0.0031 0.0056 0.0240 0.0043 0.0115 0.0074 0.0096 
   H169633.4  1 0.0037 0.0027 0.0055 0.0058 0.0041 0.8642 0.0057 0.0083 0.0058 0.0059 0.0081 0.0041 0.0057 0.0049 0.0135 0.0065 0.0043 0.0046 0.0102 0.0061 0.0092 0.0050 0.0061 
   H169633.5  1 0.0026 0.0029 0.0046 0.0071 0.0040 0.8617 0.0059 0.0085 0.0054 0.0090 0.0090 0.0041 0.0043 0.0050 0.0125 0.0060 0.0043 0.0045 0.0114 0.0075 0.0089 0.0050 0.0058 
   H169688.1  1 0.7920 0.0062 0.0040 0.0030 0.0036 0.0047 0.0048 0.0112 0.0063 0.0053 0.0042 0.0115 0.0185 0.0123 0.0147 0.0067 0.0192 0.0094 0.0070 0.0079 0.0326 0.0056 0.0093 
   H169688.2  1 0.8880 0.0106 0.0033 0.0029 0.0076 0.0030 0.0052 0.0054 0.0047 0.0028 0.0029 0.0043 0.0069 0.0033 0.0100 0.0029 0.0024 0.0057 0.0046 0.0042 0.0051 0.0097 0.0045 
   H169688.3  1 0.9291 0.0033 0.0029 0.0049 0.0038 0.0027 0.0024 0.0036 0.0037 0.0028 0.0038 0.0017 0.0031 0.0028 0.0037 0.0033 0.0025 0.0034 0.0037 0.0036 0.0025 0.0046 0.0021 
   H169688.4  1 0.9375 0.0024 0.0051 0.0028 0.0020 0.0025 0.0035 0.0029 0.0035 0.0027 0.0023 0.0020 0.0027 0.0028 0.0025 0.0032 0.0025 0.0029 0.0033 0.0023 0.0028 0.0034 0.0025 
   H169688.5  1 0.9367 0.0023 0.0054 0.0025 0.0020 0.0025 0.0030 0.0037 0.0034 0.0025 0.0026 0.0018 0.0029 0.0032 0.0025 0.0042 0.0022 0.0022 0.0028 0.0022 0.0023 0.0042 0.0026 
   H169688.6  1 0.8625 0.0029 0.0025 0.0018 0.0027 0.0038 0.0035 0.0048 0.0039 0.0029 0.0023 0.0036 0.0037 0.0036 0.0038 0.0028 0.0028 0.0489 0.0211 0.0034 0.0051 0.0027 0.0050 
   H169688.7  1 0.8697 0.0070 0.0091 0.0046 0.0051 0.0034 0.0051 0.0046 0.0092 0.0129 0.0035 0.0098 0.0039 0.0040 0.0060 0.0054 0.0101 0.0034 0.0043 0.0049 0.0035 0.0088 0.0018 
   H171901.1  1 0.0106 0.0069 0.0595 0.0097 0.0255 0.0053 0.0050 0.2082 0.3442 0.0322 0.0202 0.0029 0.0276 0.0579 0.1032 0.0150 0.0073 0.0079 0.0180 0.0046 0.0204 0.0057 0.0024 
   H171901.2  1 0.0067 0.0095 0.0099 0.0047 0.0624 0.4746 0.0311 0.1070 0.0274 0.0062 0.0066 0.0069 0.0087 0.0177 0.0169 0.0172 0.0075 0.0028 0.1478 0.0159 0.0028 0.0057 0.0039 
   H171901.3  1 0.0138 0.0165 0.0146 0.0083 0.0065 0.2452 0.0174 0.2266 0.0553 0.0036 0.0055 0.0026 0.0085 0.0195 0.0161 0.0091 0.0048 0.0042 0.2909 0.0084 0.0120 0.0058 0.0048 
   H171901.4  1 0.0037 0.0256 0.0173 0.0059 0.0346 0.3584 0.0106 0.2072 0.0097 0.0030 0.0047 0.0045 0.0050 0.0134 0.0053 0.0088 0.0050 0.0036 0.2524 0.0061 0.0052 0.0053 0.0050 
   H171901.5  1 0.0038 0.0586 0.0241 0.0267 0.0233 0.1325 0.0217 0.2425 0.0341 0.0038 0.0049 0.0037 0.0114 0.0153 0.0047 0.0066 0.0098 0.0071 0.3383 0.0136 0.0024 0.0069 0.0039 
   H171901.6  1 0.0059 0.1239 0.0273 0.0263 0.0115 0.0859 0.0424 0.2223 0.0523 0.0042 0.0042 0.0038 0.0195 0.0098 0.0136 0.0171 0.0171 0.0087 0.2768 0.0094 0.0037 0.0101 0.0044 
   H171901.7  1 0.0168 0.0223 0.0101 0.0123 0.0045 0.1291 0.1384 0.1936 0.0421 0.0052 0.0033 0.0052 0.0321 0.0083 0.1528 0.0094 0.0048 0.0075 0.1801 0.0054 0.0049 0.0048 0.0070 
   H171902.1  1 0.0021 0.0062 0.0031 0.0058 0.0021 0.0032 0.0035 0.0042 0.0028 0.0030 0.0025 0.0036 0.0029 0.0043 0.0034 0.0033 0.9253 0.0042 0.0043 0.0025 0.0021 0.0030 0.0026 
  H171902.10  1 0.0050 0.0021 0.0065 0.0035 0.0031 0.0033 0.0070 0.0033 0.0041 0.0029 0.0032 0.0031 0.0040 0.0036 0.0031 0.0026 0.9219 0.0036 0.0055 0.0028 0.0017 0.0018 0.0022 
   H171902.2  1 0.0054 0.0158 0.0035 0.0091 0.0024 0.0083 0.0025 0.0072 0.0058 0.0029 0.0028 0.0060 0.0051 0.0053 0.0039 0.0043 0.8822 0.0068 0.0076 0.0032 0.0038 0.0035 0.0025 
   H171902.3  1 0.0036 0.0091 0.0042 0.0066 0.0030 0.0110 0.0028 0.0083 0.0038 0.0032 0.0024 0.0037 0.0049 0.0046 0.0049 0.0053 0.8892 0.0040 0.0122 0.0030 0.0032 0.0035 0.0035 
   H171902.4  1 0.0028 0.0024 0.0036 0.0053 0.0022 0.0104 0.0038 0.0042 0.0030 0.0038 0.0023 0.0029 0.0036 0.0025 0.0043 0.0026 0.9172 0.0027 0.0093 0.0034 0.0027 0.0029 0.0022 
   H171902.6  1 0.0024 0.0026 0.0027 0.0045 0.0024 0.0029 0.0031 0.0036 0.0032 0.0031 0.0024 0.0036 0.0048 0.0035 0.0033 0.0037 0.9302 0.0026 0.0045 0.0035 0.0020 0.0027 0.0024 
   H171902.7  1 0.0039 0.0020 0.0089 0.0044 0.0063 0.0037 0.0085 0.0074 0.0112 0.0038 0.0034 0.0042 0.0043 0.0255 0.0099 0.0028 0.8435 0.0029 0.0319 0.0045 0.0017 0.0033 0.0019 
   H171902.8  1 0.0028 0.0034 0.0043 0.0052 0.0021 0.0048 0.0033 0.0049 0.0036 0.0029 0.0022 0.0032 0.0038 0.0045 0.0050 0.0041 0.9149 0.0040 0.0072 0.0051 0.0032 0.0027 0.0027 
   H171902.9  1 0.0024 0.0036 0.0043 0.0041 0.0029 0.0028 0.0033 0.0043 0.0034 0.0050 0.0030 0.0034 0.0026 0.0059 0.0028 0.0068 0.9219 0.0025 0.0028 0.0036 0.0027 0.0034 0.0026 
   H171903.1  1 0.0080 0.0056 0.0279 0.0050 0.0078 0.0035 0.0120 0.0068 0.1331 0.0034 0.0048 0.0050 0.0048 0.7221 0.0069 0.0161 0.0027 0.0033 0.0038 0.0045 0.0031 0.0041 0.0059 
   H171903.2  1 0.0055 0.0078 0.0199 0.0066 0.0364 0.0029 0.0335 0.0153 0.2745 0.0064 0.0080 0.0061 0.0064 0.4987 0.0062 0.0195 0.0041 0.0049 0.0058 0.0088 0.0022 0.0083 0.0123 
   H171903.3  1 0.0080 0.0029 0.0087 0.0783 0.0338 0.0045 0.0127 0.0352 0.3400 0.0035 0.0048 0.0030 0.0048 0.3493 0.0396 0.0084 0.0033 0.0030 0.0060 0.0126 0.0046 0.0149 0.0181 
   H171903.4  1 0.0589 0.0047 0.0207 0.0150 0.0037 0.0034 0.0212 0.0243 0.2364 0.0074 0.0050 0.0028 0.0039 0.5125 0.0236 0.0068 0.0140 0.0033 0.0100 0.0083 0.0052 0.0041 0.0048 
   H171903.5  1 0.0580 0.0063 0.0106 0.0280 0.0147 0.0088 0.0106 0.0419 0.3558 0.0035 0.0043 0.0027 0.0117 0.3653 0.0054 0.0230 0.0056 0.0044 0.0164 0.0046 0.0038 0.0090 0.0055 
   H171903.6  1 0.1056 0.0032 0.0086 0.0049 0.0034 0.0085 0.0246 0.0064 0.2895 0.0038 0.0031 0.0023 0.0046 0.4805 0.0068 0.0085 0.0045 0.0049 0.0117 0.0032 0.0025 0.0041 0.0047 
      H177.1  1 0.0053 0.0029 0.0051 0.0038 0.0026 0.0046 0.9024 0.0053 0.0054 0.0028 0.0030 0.0033 0.0033 0.0049 0.0087 0.0053 0.0034 0.0053 0.0040 0.0062 0.0053 0.0032 0.0039 
      H177.2  1 0.0062 0.0047 0.0125 0.0078 0.0035 0.0127 0.7021 0.0348 0.0184 0.0616 0.0092 0.0140 0.0171 0.0133 0.0043 0.0043 0.0042 0.0287 0.0075 0.0194 0.0024 0.0079 0.0036 
      H177.3  1 0.0041 0.0026 0.0042 0.0056 0.0024 0.0052 0.8983 0.0083 0.0064 0.0084 0.0041 0.0034 0.0045 0.0051 0.0041 0.0038 0.0043 0.0044 0.0071 0.0047 0.0020 0.0037 0.0033 
      H177.4  1 0.0031 0.0068 0.0023 0.0110 0.0077 0.0057 0.8101 0.0081 0.0103 0.0059 0.0101 0.0068 0.0051 0.0053 0.0171 0.0040 0.0038 0.0487 0.0032 0.0056 0.0020 0.0040 0.0132 
      H177.5  1 0.0112 0.0079 0.0076 0.0111 0.0058 0.0049 0.8020 0.0139 0.0101 0.0100 0.0124 0.0117 0.0037 0.0042 0.0315 0.0059 0.0028 0.0073 0.0041 0.0130 0.0028 0.0124 0.0037 
      H177.6  1 0.0030 0.0031 0.0041 0.0061 0.0020 0.0106 0.8885 0.0104 0.0057 0.0064 0.0037 0.0044 0.0043 0.0034 0.0048 0.0033 0.0051 0.0060 0.0103 0.0051 0.0019 0.0039 0.0038 
      H179.1  1 0.0186 0.0088 0.0057 0.0066 0.0039 0.0035 0.0074 0.0101 0.0106 0.0023 0.0079 0.0048 0.0057 0.0039 0.0162 0.0124 0.0051 0.7936 0.0076 0.0049 0.0099 0.0484 0.0021 
      H179.2  1 0.0360 0.0060 0.0132 0.0329 0.0067 0.0030 0.0079 0.0111 0.0153 0.0023 0.0054 0.0030 0.0093 0.0057 0.0064 0.0072 0.0058 0.7258 0.0076 0.0107 0.0039 0.0550 0.0199 
      H179.3  1 0.1219 0.0157 0.0103 0.0078 0.0039 0.0030 0.0174 0.0260 0.0183 0.0032 0.0087 0.0041 0.0081 0.0150 0.0267 0.0206 0.0052 0.6453 0.0091 0.0051 0.0069 0.0119 0.0057 
      H179.4  1 0.0157 0.0667 0.0051 0.0137 0.0053 0.0082 0.0174 0.0360 0.0269 0.0039 0.0052 0.0100 0.0081 0.0089 0.0289 0.0051 0.0049 0.5888 0.0271 0.0322 0.0046 0.0140 0.0632 
      H180.1  1 0.0045 0.0033 0.8792 0.0054 0.0035 0.0025 0.0061 0.0057 0.0058 0.0024 0.0030 0.0036 0.0184 0.0056 0.0018 0.0041 0.0078 0.0188 0.0030 0.0037 0.0056 0.0038 0.0026 
      H180.2  1 0.0037 0.0028 0.9110 0.0041 0.0037 0.0027 0.0079 0.0064 0.0048 0.0032 0.0024 0.0042 0.0061 0.0022 0.0031 0.0035 0.0026 0.0053 0.0029 0.0021 0.0072 0.0052 0.0026 
      H180.3  1 0.0047 0.0037 0.8848 0.0080 0.0029 0.0044 0.0054 0.0058 0.0061 0.0060 0.0028 0.0091 0.0031 0.0060 0.0030 0.0131 0.0038 0.0039 0.0047 0.0020 0.0038 0.0079 0.0048 
      H180.4  1 0.0025 0.0057 0.8870 0.0034 0.0035 0.0041 0.0074 0.0098 0.0085 0.0031 0.0035 0.0041 0.0125 0.0032 0.0030 0.0036 0.0057 0.0085 0.0040 0.0037 0.0062 0.0041 0.0030 
      H180.5  1 0.0030 0.0042 0.8986 0.0040 0.0023 0.0033 0.0146 0.0069 0.0034 0.0032 0.0025 0.0068 0.0106 0.0027 0.0032 0.0030 0.0034 0.0082 0.0041 0.0024 0.0033 0.0030 0.0032 
      H180.6  1 0.0029 0.0067 0.8497 0.0054 0.0050 0.0143 0.0046 0.0070 0.0109 0.0158 0.0031 0.0154 0.0042 0.0048 0.0103 0.0064 0.0070 0.0068 0.0054 0.0022 0.0040 0.0036 0.0048 
      H181.1  1 0.0039 0.0022 0.0051 0.0039 0.0101 0.0101 0.0046 0.0069 0.0099 0.0035 0.0030 0.0058 0.8734 0.0089 0.0044 0.0028 0.0037 0.0045 0.0197 0.0031 0.0032 0.0034 0.0039 
      H181.2  1 0.0030 0.0100 0.0046 0.0056 0.0032 0.0055 0.0099 0.0055 0.0040 0.0059 0.0036 0.0056 0.8859 0.0033 0.0047 0.0033 0.0064 0.0083 0.0057 0.0058 0.0036 0.0038 0.0027 
      H181.3  1 0.0039 0.0048 0.0041 0.0042 0.0043 0.0083 0.0054 0.0099 0.0038 0.0043 0.0043 0.0079 0.8868 0.0038 0.0030 0.0051 0.0073 0.0037 0.0112 0.0042 0.0052 0.0024 0.0020 
      H181.4  1 0.0075 0.0093 0.0168 0.0040 0.0071 0.0167 0.0079 0.0149 0.0198 0.0048 0.0062 0.0303 0.7714 0.0069 0.0065 0.0184 0.0070 0.0046 0.0171 0.0056 0.0044 0.0086 0.0043 
      H181.5  1 0.0038 0.0031 0.0028 0.0041 0.0043 0.0041 0.0040 0.0050 0.0041 0.0023 0.0033 0.0050 0.9014 0.0029 0.0047 0.0033 0.0043 0.0155 0.0037 0.0039 0.0050 0.0058 0.0035 
      H181.6  1 0.0041 0.0103 0.0105 0.0089 0.0069 0.0044 0.0055 0.0092 0.0061 0.0024 0.0032 0.0042 0.8476 0.0046 0.0056 0.0072 0.0052 0.0309 0.0048 0.0042 0.0029 0.0064 0.0049 
      H181.7  1 0.0051 0.0039 0.0047 0.0038 0.0063 0.0041 0.0048 0.0050 0.0051 0.0038 0.0049 0.0040 0.8925 0.0049 0.0052 0.0036 0.0025 0.0156 0.0036 0.0031 0.0029 0.0055 0.0053 
 H194.1_2004  1 0.0050 0.0045 0.0031 0.0067 0.0022 0.0041 0.0056 0.0053 0.0049 0.0053 0.0033 0.0042 0.0023 0.0061 0.9097 0.0046 0.0049 0.0021 0.0037 0.0028 0.0026 0.0035 0.0035 
 H194.2_2004  1 0.0020 0.0030 0.0027 0.0029 0.0028 0.0027 0.0031 0.0037 0.0052 0.0051 0.0024 0.0029 0.0028 0.0068 0.9283 0.0041 0.0030 0.0019 0.0037 0.0028 0.0033 0.0026 0.0024 
 H194.3_2004  1 0.0054 0.0067 0.0042 0.0117 0.0036 0.0181 0.0141 0.0093 0.0075 0.0075 0.0037 0.0062 0.0061 0.0040 0.7966 0.0033 0.0061 0.0087 0.0280 0.0061 0.0021 0.0361 0.0047 
 H194.4_2004  1 0.0029 0.0055 0.0024 0.0051 0.0037 0.0053 0.0071 0.0033 0.0039 0.0124 0.0021 0.0031 0.0050 0.0031 0.9032 0.0032 0.0042 0.0037 0.0086 0.0039 0.0030 0.0027 0.0027 
 H194.5_2004  1 0.0051 0.0117 0.0023 0.0087 0.0035 0.0136 0.0051 0.0098 0.0067 0.0050 0.0042 0.0075 0.0043 0.0081 0.8574 0.0033 0.0049 0.0038 0.0067 0.0065 0.0025 0.0155 0.0039 
 H194.6_2004  1 0.0071 0.0095 0.0037 0.0105 0.0035 0.0133 0.0728 0.0126 0.0153 0.0046 0.0030 0.0067 0.0062 0.0068 0.7352 0.0049 0.0085 0.0061 0.0205 0.0046 0.0031 0.0294 0.0121 
 H194.7_2004  1 0.0033 0.0027 0.0024 0.0026 0.0028 0.0028 0.0052 0.0037 0.0042 0.0040 0.0030 0.0032 0.0023 0.0049 0.9287 0.0039 0.0020 0.0022 0.0047 0.0022 0.0032 0.0030 0.0030 
 H194.8_2004  1 0.0031 0.0080 0.0024 0.0049 0.0032 0.0069 0.0073 0.0049 0.0079 0.0043 0.0031 0.0039 0.0047 0.0052 0.8953 0.0049 0.0041 0.0026 0.0063 0.0051 0.0030 0.0038 0.0052 
      H194.9  1 0.0023 0.0049 0.0026 0.0038 0.0027 0.0040 0.0037 0.0043 0.0035 0.0034 0.0029 0.0043 0.0033 0.0043 0.9241 0.0037 0.0043 0.0022 0.0032 0.0032 0.0036 0.0024 0.0033 
 H195.1_2003  1 0.0022 0.9381 0.0029 0.0038 0.0025 0.0038 0.0025 0.0031 0.0029 0.0023 0.0026 0.0026 0.0023 0.0023 0.0030 0.0023 0.0027 0.0025 0.0047 0.0035 0.0021 0.0032 0.0023 
 H195.1_2004  1 0.0028 0.0055 0.0052 0.0037 0.0026 0.0063 0.0073 0.0048 0.0041 0.9030 0.0047 0.0026 0.0056 0.0025 0.0035 0.0032 0.0039 0.0027 0.0061 0.0114 0.0032 0.0025 0.0027 
 H195.2_2003  1 0.0584 0.8331 0.0030 0.0054 0.0051 0.0034 0.0036 0.0068 0.0047 0.0095 0.0042 0.0101 0.0048 0.0076 0.0050 0.0088 0.0060 0.0031 0.0031 0.0057 0.0025 0.0028 0.0033 
 H195.2_2004  1 0.0103 0.1296 0.0035 0.0051 0.0028 0.0080 0.0052 0.0054 0.0046 0.7745 0.0022 0.0085 0.0034 0.0034 0.0047 0.0026 0.0031 0.0036 0.0062 0.0041 0.0023 0.0034 0.0033 
 H195.3_2003  1 0.0268 0.8013 0.0068 0.0024 0.0099 0.0020 0.0059 0.0088 0.0098 0.0043 0.0068 0.0082 0.0059 0.0106 0.0079 0.0456 0.0032 0.0029 0.0038 0.0072 0.0056 0.0101 0.0042 
 H195.3_2004  1 0.0036 0.2018 0.0036 0.0077 0.0023 0.0142 0.0069 0.0084 0.0050 0.6737 0.0036 0.0043 0.0069 0.0034 0.0058 0.0025 0.0069 0.0029 0.0193 0.0068 0.0031 0.0036 0.0037 
 H195.4_2003  1 0.0021 0.8541 0.0032 0.0146 0.0027 0.0079 0.0072 0.0046 0.0045 0.0386 0.0047 0.0028 0.0036 0.0035 0.0077 0.0023 0.0032 0.0035 0.0180 0.0029 0.0019 0.0026 0.0039 
 H195.4_2004  1 0.0121 0.0348 0.0026 0.0036 0.0021 0.0056 0.0060 0.0057 0.0047 0.8625 0.0024 0.0061 0.0045 0.0035 0.0080 0.0025 0.0034 0.0042 0.0069 0.0047 0.0036 0.0040 0.0064 
 H195.5_2003  1 0.0023 0.9040 0.0062 0.0045 0.0028 0.0057 0.0028 0.0058 0.0048 0.0040 0.0054 0.0025 0.0026 0.0025 0.0034 0.0037 0.0026 0.0026 0.0039 0.0112 0.0090 0.0027 0.0050 
 H195.5_2004  1 0.0030 0.0293 0.0042 0.0033 0.0039 0.0050 0.0061 0.0037 0.0031 0.8898 0.0031 0.0025 0.0036 0.0026 0.0034 0.0025 0.0030 0.0029 0.0042 0.0045 0.0083 0.0037 0.0043 
 H195.6_2003  1 0.0150 0.8203 0.0043 0.0036 0.0040 0.0027 0.0043 0.0056 0.0071 0.0582 0.0067 0.0062 0.0047 0.0119 0.0036 0.0092 0.0078 0.0023 0.0049 0.0066 0.0027 0.0034 0.0048 
 H195.6_2004  1 0.0044 0.1060 0.0023 0.0042 0.0063 0.0034 0.0044 0.0047 0.0039 0.8026 0.0027 0.0043 0.0029 0.0067 0.0071 0.0022 0.0036 0.0047 0.0046 0.0068 0.0036 0.0048 0.0039 
 H195.7_2003  1 0.0597 0.8403 0.0018 0.0041 0.0034 0.0037 0.0032 0.0056 0.0058 0.0241 0.0046 0.0044 0.0047 0.0043 0.0047 0.0021 0.0028 0.0022 0.0054 0.0045 0.0024 0.0031 0.0032 
 H195.7_2004  1 0.0071 0.0108 0.0069 0.0025 0.0021 0.0027 0.0030 0.0036 0.0037 0.9147 0.0027 0.0040 0.0038 0.0031 0.0029 0.0061 0.0028 0.0023 0.0027 0.0036 0.0035 0.0025 0.0028 
      H195.8  1 0.0030 0.0038 0.0036 0.0026 0.0021 0.0025 0.0035 0.0031 0.0030 0.9344 0.0029 0.0028 0.0037 0.0031 0.0030 0.0028 0.0027 0.0022 0.0024 0.0042 0.0032 0.0023 0.0030 
      H195.9  1 0.0053 0.0736 0.0049 0.0063 0.0029 0.0096 0.0126 0.0070 0.0060 0.8033 0.0033 0.0050 0.0039 0.0054 0.0080 0.0028 0.0041 0.0046 0.0093 0.0084 0.0021 0.0054 0.0062 
      H415.1  1 0.0089 0.0044 0.0076 0.8740 0.0045 0.0071 0.0063 0.0085 0.0051 0.0038 0.0042 0.0035 0.0041 0.0041 0.0071 0.0126 0.0048 0.0044 0.0046 0.0060 0.0065 0.0061 0.0020 
      H415.2  1 0.0118 0.0031 0.0109 0.6664 0.0044 0.0045 0.0533 0.0194 0.0457 0.0045 0.0206 0.0072 0.0039 0.0155 0.0108 0.0110 0.0597 0.0101 0.0045 0.0125 0.0032 0.0138 0.0029 
      H415.3  1 0.0049 0.0043 0.0043 0.9006 0.0034 0.0080 0.0045 0.0035 0.0049 0.0026 0.0049 0.0060 0.0050 0.0031 0.0032 0.0041 0.0042 0.0126 0.0042 0.0034 0.0025 0.0034 0.0025 
      H415.4  1 0.0025 0.0050 0.0039 0.9204 0.0037 0.0039 0.0029 0.0032 0.0033 0.0037 0.0028 0.0026 0.0028 0.0033 0.0056 0.0048 0.0040 0.0022 0.0059 0.0041 0.0021 0.0049 0.0024 
      H415.5  1 0.0031 0.0045 0.0030 0.9243 0.0024 0.0067 0.0028 0.0041 0.0033 0.0027 0.0027 0.0030 0.0052 0.0024 0.0033 0.0023 0.0045 0.0030 0.0056 0.0030 0.0026 0.0034 0.0022 
      H415.6  1 0.0025 0.0057 0.0043 0.9190 0.0032 0.0047 0.0029 0.0038 0.0036 0.0032 0.0028 0.0025 0.0029 0.0031 0.0056 0.0040 0.0038 0.0028 0.0048 0.0037 0.0019 0.0069 0.0022 
      H415.7  1 0.0092 0.0075 0.0049 0.7927 0.0034 0.0044 0.0081 0.0155 0.0179 0.0044 0.0131 0.0073 0.0055 0.0179 0.0077 0.0052 0.0389 0.0109 0.0059 0.0085 0.0031 0.0039 0.0044 
      H506.1  1 0.0022 0.0034 0.0023 0.0024 0.0027 0.0039 0.0022 0.0029 0.0026 0.0027 0.0033 0.0045 0.0038 0.0023 0.0026 0.0017 0.0024 0.9357 0.0032 0.0024 0.0025 0.0044 0.0036 
      H506.2  1 0.0019 0.0041 0.0023 0.0029 0.0031 0.0039 0.0091 0.0033 0.0025 0.0084 0.0025 0.0030 0.0042 0.0029 0.0032 0.0016 0.0025 0.9232 0.0031 0.0028 0.0021 0.0038 0.0035 
      H506.3  1 0.0129 0.0045 0.0051 0.0033 0.0039 0.0037 0.0190 0.0082 0.0094 0.0070 0.0054 0.0043 0.0260 0.0046 0.0036 0.0037 0.0034 0.8433 0.0045 0.0063 0.0024 0.0121 0.0034 
      H506.4  1 0.0035 0.0045 0.0052 0.0057 0.0023 0.0059 0.0128 0.0058 0.0055 0.0039 0.0051 0.0035 0.0053 0.0050 0.0038 0.0038 0.0057 0.8869 0.0053 0.0035 0.0025 0.0032 0.0113 
      H506.5  1 0.0023 0.0071 0.0027 0.0040 0.0030 0.0060 0.0060 0.0046 0.0045 0.0042 0.0042 0.0029 0.0056 0.0042 0.0031 0.0028 0.0045 0.9049 0.0059 0.0050 0.0024 0.0030 0.0072 
      H506.6  1 0.0073 0.0104 0.0051 0.0075 0.0026 0.0037 0.1109 0.0123 0.0184 0.0249 0.0077 0.0039 0.0122 0.0134 0.0046 0.0047 0.0039 0.7173 0.0036 0.0124 0.0024 0.0034 0.0074 
      H506.7  1 0.0020 0.0058 0.0023 0.0027 0.0032 0.0037 0.0058 0.0032 0.0028 0.0050 0.0030 0.0035 0.0049 0.0034 0.0021 0.0018 0.0021 0.9257 0.0037 0.0032 0.0026 0.0043 0.0033 
      H533.1  1 0.0023 0.0024 0.0045 0.0032 0.0092 0.0089 0.0028 0.0048 0.0042 0.0032 0.0024 0.0027 0.0107 0.0028 0.0021 0.0020 0.0019 0.9080 0.0068 0.0026 0.0023 0.0058 0.0043 
      H533.2  1 0.0020 0.0018 0.0047 0.0036 0.0096 0.0091 0.0049 0.0057 0.0048 0.0033 0.0021 0.0027 0.0146 0.0025 0.0023 0.0018 0.0022 0.8995 0.0064 0.0026 0.0029 0.0071 0.0038 
      H533.3  1 0.0026 0.0019 0.0029 0.0029 0.0032 0.0067 0.0036 0.0036 0.0051 0.0040 0.0030 0.0042 0.0047 0.0077 0.0031 0.0029 0.0025 0.9198 0.0035 0.0022 0.0022 0.0045 0.0031 
      H533.4  1 0.0036 0.0120 0.0045 0.0059 0.0045 0.0109 0.0050 0.0100 0.0087 0.0155 0.0027 0.0056 0.0100 0.0163 0.0145 0.0044 0.0037 0.8401 0.0036 0.0046 0.0030 0.0027 0.0080 
      H535.1  1 0.0021 0.0035 0.0030 0.0035 0.0026 0.0026 0.0041 0.0032 0.0043 0.0021 0.0021 0.0028 0.0032 0.0043 0.0034 0.0036 0.0044 0.0026 0.0032 0.0028 0.0025 0.0035 0.9306 
      H535.2  1 0.0022 0.0027 0.0028 0.0027 0.0028 0.0022 0.0055 0.0032 0.0036 0.0038 0.0047 0.0031 0.0038 0.0031 0.0026 0.0023 0.0024 0.0032 0.0035 0.0028 0.0025 0.0034 0.9313 
      H535.3  1 0.0024 0.0022 0.0026 0.0018 0.0027 0.0019 0.0027 0.0036 0.0025 0.0037 0.0037 0.0029 0.0039 0.0027 0.0024 0.0022 0.0021 0.0034 0.0024 0.0026 0.0038 0.0032 0.9385 
      H535.4  1 0.0021 0.0045 0.0020 0.0029 0.0027 0.0032 0.0028 0.0030 0.0025 0.0040 0.0030 0.0019 0.0024 0.0030 0.0026 0.0025 0.0020 0.0027 0.0036 0.0033 0.0024 0.0040 0.9369 
      H535.5  1 0.0020 0.0030 0.0022 0.0029 0.0027 0.0047 0.0029 0.0033 0.0028 0.0025 0.0021 0.0022 0.0024 0.0034 0.0039 0.0022 0.0023 0.0029 0.0029 0.0028 0.0021 0.0030 0.9389 
      H535.6  1 0.0025 0.0094 0.0040 0.0036 0.0028 0.0020 0.0040 0.0049 0.0046 0.0024 0.0026 0.0032 0.0059 0.0053 0.0042 0.0069 0.0065 0.0031 0.0030 0.0028 0.0029 0.0034 0.9099 
      H535.7  1 0.0022 0.0030 0.0018 0.0022 0.0022 0.0030 0.0024 0.0025 0.0028 0.0023 0.0017 0.0017 0.0020 0.0026 0.0026 0.0019 0.0021 0.0029 0.0024 0.0020 0.0019 0.0028 0.9490 
      H535.8  1 0.0028 0.0063 0.0022 0.0025 0.0030 0.0022 0.0022 0.0029 0.0028 0.0020 0.0024 0.0038 0.0042 0.0030 0.0036 0.0027 0.0026 0.0024 0.0032 0.0033 0.0020 0.0041 0.9337 
      H535.9  1 0.0020 0.0032 0.0025 0.0023 0.0021 0.0027 0.0035 0.0025 0.0030 0.0030 0.0024 0.0025 0.0030 0.0044 0.0024 0.0036 0.0035 0.0039 0.0025 0.0021 0.0029 0.0025 0.9374 
      H539.1  1 0.0023 0.0023 0.0046 0.0029 0.0026 0.0022 0.0027 0.0029 0.0035 0.0025 0.0026 0.0030 0.0026 0.0033 0.0023 0.9383 0.0055 0.0022 0.0021 0.0026 0.0027 0.0020 0.0022 
      H539.2  1 0.0309 0.0060 0.1618 0.0061 0.0031 0.0038 0.0390 0.0406 0.0442 0.0052 0.0060 0.0076 0.0055 0.0579 0.0162 0.4732 0.0055 0.0045 0.0055 0.0210 0.0428 0.0049 0.0086 
      H539.3  1 0.0072 0.0160 0.0106 0.0036 0.0035 0.0028 0.0064 0.0061 0.0147 0.0062 0.0029 0.0035 0.0029 0.0159 0.0197 0.8334 0.0053 0.0043 0.0038 0.0061 0.0085 0.0046 0.0122 
      H539.4  1 0.0085 0.0027 0.0649 0.0050 0.0031 0.0029 0.0071 0.0072 0.0118 0.0031 0.0041 0.0028 0.0039 0.0049 0.0034 0.8314 0.0051 0.0038 0.0043 0.0083 0.0037 0.0048 0.0033 
      H539.5  1 0.0029 0.0021 0.0060 0.0019 0.0025 0.0025 0.0043 0.0034 0.0036 0.0019 0.0021 0.0035 0.0024 0.0037 0.0048 0.9314 0.0041 0.0023 0.0027 0.0023 0.0031 0.0029 0.0036 
      H539.6  1 0.0035 0.0036 0.0072 0.0033 0.0024 0.0021 0.0043 0.0034 0.0034 0.0037 0.0024 0.0051 0.0031 0.0112 0.0031 0.9152 0.0071 0.0028 0.0026 0.0025 0.0026 0.0029 0.0025 
      H539.7  1 0.0061 0.0033 0.0218 0.0048 0.0023 0.0027 0.0036 0.0040 0.0051 0.0025 0.0035 0.0022 0.0033 0.0031 0.0050 0.9017 0.0049 0.0025 0.0032 0.0032 0.0047 0.0032 0.0032 
      H539.8  1 0.0087 0.0130 0.0724 0.0034 0.0053 0.0036 0.0052 0.0108 0.0099 0.0034 0.0037 0.0054 0.0045 0.0114 0.0142 0.7494 0.0043 0.0049 0.0042 0.0094 0.0235 0.0065 0.0230 
      H539.9  1 0.0052 0.0027 0.0096 0.0037 0.0042 0.0023 0.0042 0.0044 0.0047 0.0029 0.0039 0.0026 0.0030 0.0034 0.0028 0.9188 0.0023 0.0032 0.0028 0.0033 0.0027 0.0046 0.0027 
      H540.1  1 0.0032 0.0038 0.0040 0.0037 0.0032 0.0040 0.0087 0.0058 0.0117 0.0104 0.0044 0.0081 0.0088 0.0684 0.0050 0.8220 0.0042 0.0039 0.0029 0.0030 0.0020 0.0033 0.0054 
      H540.2  1 0.0039 0.0030 0.0035 0.0063 0.0027 0.0044 0.0041 0.0041 0.0076 0.0037 0.0039 0.0049 0.0058 0.0094 0.0082 0.8992 0.0039 0.0037 0.0027 0.0036 0.0039 0.0057 0.0018 
      H540.3  1 0.0080 0.0046 0.0126 0.0158 0.0048 0.0148 0.0155 0.0667 0.0482 0.0117 0.0050 0.0059 0.0062 0.0090 0.0301 0.6654 0.0058 0.0048 0.0119 0.0277 0.0111 0.0097 0.0048 
      H540.4  1 0.0103 0.0040 0.0193 0.0067 0.0027 0.0033 0.0094 0.0088 0.0097 0.0051 0.0079 0.0032 0.0158 0.0106 0.0037 0.8457 0.0059 0.0051 0.0042 0.0033 0.0053 0.0042 0.0055 
      H540.5  1 0.0100 0.0022 0.0040 0.0064 0.0037 0.0059 0.0068 0.0055 0.0113 0.0031 0.0043 0.0058 0.0061 0.0050 0.0078 0.8819 0.0045 0.0026 0.0041 0.0069 0.0040 0.0055 0.0027 
      H540.6  1 0.0126 0.0031 0.0043 0.0061 0.0058 0.0058 0.0126 0.0097 0.0097 0.0068 0.0109 0.0104 0.0261 0.0329 0.0075 0.7969 0.0071 0.0052 0.0048 0.0053 0.0059 0.0065 0.0038 
      H540.7  1 0.0046 0.0045 0.0085 0.0146 0.0025 0.0277 0.0074 0.0086 0.0129 0.0048 0.0075 0.0252 0.0139 0.0149 0.0097 0.7952 0.0046 0.0065 0.0044 0.0064 0.0090 0.0041 0.0027 
      H540.8  1 0.0079 0.0046 0.0069 0.0287 0.0034 0.0084 0.0083 0.0132 0.0629 0.0051 0.0037 0.0066 0.0074 0.0386 0.0764 0.6818 0.0109 0.0029 0.0047 0.0029 0.0036 0.0062 0.0051 
     H9558.1  1 0.0042 0.0055 0.0031 0.0037 0.0046 0.0019 0.0030 0.0045 0.0040 0.0024 0.0022 0.0026 0.0041 0.0047 0.0048 0.9104 0.0096 0.0060 0.0023 0.0023 0.0032 0.0031 0.0077 
     H9558.2  1 0.0062 0.0160 0.0038 0.0061 0.0139 0.0037 0.0025 0.0110 0.0097 0.0026 0.0088 0.0117 0.0205 0.0040 0.0096 0.8213 0.0080 0.0098 0.0043 0.0054 0.0086 0.0049 0.0076 
     H9558.3  1 0.0036 0.0048 0.0039 0.0037 0.0499 0.0023 0.0027 0.0043 0.0048 0.0021 0.0064 0.0104 0.0088 0.0040 0.0061 0.8458 0.0035 0.0033 0.0023 0.0061 0.0095 0.0065 0.0052 
     H9558.4  1 0.0073 0.0028 0.0027 0.0032 0.0043 0.0018 0.0040 0.0031 0.0050 0.0021 0.0022 0.0026 0.0041 0.0042 0.0033 0.9206 0.0044 0.0043 0.0022 0.0032 0.0038 0.0023 0.0064 
     H9558.5  1 0.0089 0.0022 0.0053 0.0032 0.0038 0.0033 0.0035 0.0050 0.0062 0.0016 0.0039 0.0033 0.0037 0.0026 0.0022 0.9089 0.0022 0.0023 0.0026 0.0059 0.0074 0.0034 0.0085 
     H9558.6  1 0.0025 0.0041 0.0031 0.0080 0.0208 0.0030 0.0046 0.0124 0.0139 0.0027 0.0035 0.0068 0.0041 0.0039 0.0044 0.8710 0.0045 0.0025 0.0028 0.0055 0.0039 0.0062 0.0056 
    kos339.1  1 0.0029 0.0028 0.0049 0.0132 0.0065 0.8113 0.0069 0.0123 0.0076 0.0024 0.0180 0.0328 0.0093 0.0068 0.0022 0.0046 0.0084 0.0214 0.0096 0.0047 0.0021 0.0044 0.0049 
    kos339.2  1 0.0037 0.0042 0.0041 0.0061 0.0038 0.8964 0.0051 0.0057 0.0040 0.0074 0.0067 0.0058 0.0032 0.0030 0.0039 0.0037 0.0041 0.0072 0.0072 0.0047 0.0026 0.0041 0.0033 
    kos339.3  1 0.0032 0.0037 0.0036 0.0037 0.0023 0.9221 0.0026 0.0049 0.0036 0.0037 0.0018 0.0036 0.0036 0.0042 0.0024 0.0033 0.0033 0.0030 0.0079 0.0024 0.0031 0.0029 0.0052 
    kos339.4  1 0.0029 0.0052 0.0044 0.0062 0.0025 0.9141 0.0026 0.0063 0.0036 0.0025 0.0022 0.0026 0.0039 0.0034 0.0037 0.0038 0.0041 0.0043 0.0098 0.0029 0.0026 0.0028 0.0037 
    kos339.5  1 0.0027 0.0027 0.0029 0.0060 0.0032 0.8601 0.0053 0.0047 0.0044 0.0025 0.0073 0.0422 0.0064 0.0037 0.0026 0.0029 0.0071 0.0120 0.0082 0.0029 0.0029 0.0045 0.0026 
    kos339.6  1 0.0029 0.0020 0.0023 0.0042 0.0029 0.9180 0.0047 0.0029 0.0038 0.0053 0.0044 0.0071 0.0027 0.0030 0.0045 0.0031 0.0034 0.0049 0.0060 0.0042 0.0023 0.0030 0.0024 
    kos339.7  1 0.0024 0.0039 0.0035 0.0036 0.0019 0.9172 0.0032 0.0055 0.0031 0.0039 0.0022 0.0025 0.0049 0.0034 0.0030 0.0026 0.0037 0.0046 0.0096 0.0021 0.0026 0.0031 0.0076 
    kos339.8  1 0.0039 0.0037 0.0054 0.0093 0.0031 0.8899 0.0053 0.0049 0.0034 0.0036 0.0046 0.0042 0.0032 0.0030 0.0035 0.0023 0.0041 0.0178 0.0125 0.0033 0.0029 0.0031 0.0030 
    kos339.9  1 0.0035 0.0056 0.0126 0.0119 0.0064 0.7669 0.0163 0.0158 0.0073 0.0070 0.0076 0.0239 0.0108 0.0072 0.0046 0.0171 0.0269 0.0077 0.0171 0.0073 0.0024 0.0098 0.0042 
      H409.1 12 0.0038 0.0030 0.0018 0.0029 0.0033 0.0046 0.0030 0.0037 0.0024 0.0026 0.0041 0.0036 0.0062 0.0019 0.0041 0.0020 0.0031 0.0036 0.0052 0.0035 0.0038 0.9255 0.0026 
     H409.10 12 0.0134 0.0068 0.0067 0.0134 0.0025 0.0045 0.0033 0.0062 0.0065 0.0029 0.0064 0.0061 0.0129 0.0059 0.0023 0.0063 0.0045 0.0218 0.0035 0.0066 0.0086 0.8459 0.0029 
      H409.2 12 0.0047 0.0035 0.0022 0.0176 0.0032 0.0053 0.0048 0.0040 0.0040 0.0031 0.0029 0.0030 0.0037 0.0026 0.0047 0.0034 0.0048 0.0044 0.0041 0.0073 0.0028 0.8971 0.0069 
      H409.3 12 0.0029 0.0034 0.0036 0.0028 0.0035 0.0035 0.0043 0.0041 0.0047 0.0038 0.0029 0.0038 0.0030 0.0031 0.0064 0.0033 0.0032 0.0046 0.0032 0.0044 0.0037 0.9171 0.0047 
      H409.4 12 0.0029 0.0029 0.0022 0.0026 0.0044 0.0029 0.0035 0.0027 0.0033 0.0022 0.0029 0.0031 0.0033 0.0020 0.0042 0.0027 0.0023 0.0025 0.0035 0.0041 0.0030 0.9339 0.0029 
      H409.5 12 0.0028 0.0045 0.0042 0.0037 0.0034 0.0027 0.0029 0.0035 0.0041 0.0027 0.0031 0.0043 0.0026 0.0048 0.0030 0.0027 0.0034 0.0044 0.0029 0.0044 0.0024 0.9233 0.0040 
      H409.6 12 0.0061 0.0030 0.0078 0.0031 0.0666 0.0027 0.0059 0.0101 0.0126 0.0057 0.0064 0.0120 0.0086 0.0063 0.0094 0.0093 0.0043 0.0078 0.0054 0.0074 0.0076 0.7839 0.0080 
      H409.7 12 0.0056 0.0039 0.0028 0.0046 0.0056 0.0062 0.0041 0.0040 0.0040 0.0048 0.0069 0.0065 0.0050 0.0021 0.0061 0.0024 0.0030 0.0042 0.0069 0.0057 0.0030 0.9004 0.0022 
      H409.8 12 0.0026 0.0030 0.0028 0.0039 0.0034 0.0027 0.0029 0.0040 0.0045 0.0024 0.0073 0.0073 0.0035 0.0044 0.0030 0.0024 0.0042 0.0053 0.0037 0.0028 0.0035 0.9173 0.0032 
      H409.9 12 0.0050 0.0041 0.0156 0.0108 0.0061 0.0030 0.0208 0.0133 0.0179 0.0073 0.0288 0.0041 0.0154 0.0128 0.0036 0.2636 0.0035 0.0816 0.0034 0.0057 0.0211 0.4421 0.0104 
      H413.1 12 0.0028 0.0024 0.0045 0.0020 0.0056 0.0028 0.0025 0.0032 0.0027 0.0018 0.0041 0.0045 0.0052 0.0021 0.0030 0.0022 0.0023 0.0016 0.0044 0.0040 0.9310 0.0023 0.0028 
      H413.2 12 0.0026 0.0040 0.0029 0.0020 0.0038 0.0037 0.0020 0.0031 0.0030 0.0019 0.0026 0.0026 0.0036 0.0024 0.0028 0.0026 0.0024 0.0027 0.0029 0.0021 0.9399 0.0021 0.0022 
      H413.3 12 0.0042 0.0027 0.0025 0.0019 0.0026 0.0018 0.0018 0.0029 0.0027 0.0019 0.0051 0.0026 0.0040 0.0027 0.0047 0.0033 0.0028 0.0029 0.0022 0.0030 0.9372 0.0028 0.0020 
      H413.4 12 0.0020 0.0039 0.0048 0.0029 0.0038 0.0063 0.0045 0.0041 0.0048 0.0036 0.0069 0.0091 0.0060 0.0022 0.0048 0.0035 0.0030 0.0041 0.0041 0.0067 0.9021 0.0048 0.0019 
      H413.5 12 0.0036 0.0021 0.0098 0.0026 0.0027 0.0025 0.0024 0.0043 0.0035 0.0035 0.0034 0.0070 0.0031 0.0030 0.0039 0.0135 0.0097 0.0030 0.0018 0.0026 0.9079 0.0022 0.0018 
      H413.6 12 0.0137 0.0139 0.0104 0.0030 0.0053 0.0041 0.0040 0.0043 0.0038 0.0030 0.0066 0.0308 0.0039 0.0023 0.0059 0.0162 0.0019 0.0021 0.0033 0.0071 0.8488 0.0033 0.0024 
      H413.7 12 0.0022 0.0040 0.0021 0.0022 0.0021 0.0038 0.0022 0.0027 0.0021 0.0025 0.0029 0.0027 0.0025 0.0028 0.0025 0.0036 0.0025 0.0024 0.0029 0.0028 0.9418 0.0023 0.0026 
      H563.1 12 0.0043 0.0021 0.0033 0.0027 0.0036 0.0029 0.0039 0.0040 0.0034 0.0029 0.9105 0.0046 0.0032 0.0046 0.0030 0.0082 0.0021 0.0024 0.0032 0.0065 0.0122 0.0044 0.0019 
      H563.2 12 0.0045 0.0037 0.0048 0.0053 0.0042 0.0088 0.0049 0.0081 0.0075 0.0046 0.8531 0.0055 0.0041 0.0038 0.0196 0.0054 0.0062 0.0057 0.0096 0.0073 0.0091 0.0114 0.0030 
      H563.3 12 0.0024 0.0031 0.0035 0.0026 0.0034 0.0023 0.0027 0.0035 0.0044 0.0038 0.9111 0.0109 0.0042 0.0057 0.0032 0.0074 0.0024 0.0030 0.0032 0.0072 0.0046 0.0035 0.0021 
      H563.4 12 0.0072 0.0018 0.0056 0.0037 0.0079 0.0043 0.0049 0.0063 0.0068 0.0048 0.8734 0.0044 0.0042 0.0058 0.0070 0.0035 0.0048 0.0035 0.0064 0.0067 0.0172 0.0071 0.0028 
      H563.5 12 0.0055 0.0021 0.0041 0.0023 0.0033 0.0031 0.0045 0.0034 0.0040 0.0027 0.9184 0.0054 0.0036 0.0039 0.0029 0.0061 0.0022 0.0019 0.0032 0.0073 0.0051 0.0032 0.0017 
      H563.6 12 0.0025 0.0029 0.0043 0.0041 0.0045 0.0102 0.0035 0.0067 0.0046 0.0036 0.8734 0.0124 0.0051 0.0034 0.0069 0.0055 0.0050 0.0038 0.0076 0.0077 0.0120 0.0074 0.0029 
      H563.7 12 0.0023 0.0036 0.0039 0.0039 0.0064 0.0106 0.0025 0.0045 0.0049 0.0025 0.8848 0.0138 0.0054 0.0022 0.0037 0.0026 0.0034 0.0037 0.0064 0.0104 0.0099 0.0061 0.0027 
      H563.8 12 0.0056 0.0024 0.0048 0.0036 0.0035 0.0041 0.0103 0.0060 0.0067 0.0027 0.8859 0.0082 0.0033 0.0049 0.0041 0.0127 0.0023 0.0033 0.0034 0.0105 0.0063 0.0034 0.0020 
      H563.9 12 0.0049 0.0035 0.0049 0.0065 0.0046 0.0094 0.0047 0.0064 0.0064 0.0040 0.8587 0.0103 0.0074 0.0033 0.0096 0.0044 0.0064 0.0055 0.0091 0.0039 0.0087 0.0153 0.0019 
     H7374.1 12 0.0028 0.0174 0.0040 0.0062 0.0102 0.0037 0.0036 0.0063 0.0051 0.0054 0.0040 0.0046 0.0050 0.0064 0.0096 0.0043 0.0035 0.0026 0.0043 0.8776 0.0036 0.0062 0.0036 
     H7374.2 12 0.0059 0.0056 0.0030 0.0056 0.0051 0.0024 0.0044 0.0044 0.0045 0.0039 0.0069 0.0029 0.0039 0.0066 0.0063 0.0083 0.0032 0.0042 0.0025 0.8942 0.0081 0.0044 0.0038 
     H7374.3 12 0.0034 0.0534 0.0057 0.0142 0.0069 0.0038 0.0083 0.0074 0.0052 0.0094 0.0082 0.0053 0.0042 0.0082 0.0178 0.0057 0.0053 0.0043 0.0039 0.8034 0.0038 0.0065 0.0055 
     H7374.4 12 0.0049 0.0027 0.0031 0.0041 0.0036 0.0071 0.0053 0.0042 0.0038 0.0034 0.0040 0.0035 0.0048 0.0027 0.0039 0.0046 0.0036 0.0034 0.0043 0.9105 0.0049 0.0026 0.0052 
     H7374.5 12 0.0031 0.0032 0.0030 0.0034 0.0053 0.0040 0.0050 0.0036 0.0031 0.0031 0.0049 0.0062 0.0040 0.0047 0.0033 0.0074 0.0042 0.0026 0.0039 0.9143 0.0026 0.0029 0.0023 
     H7374.6 12 0.0040 0.0164 0.0035 0.0193 0.0034 0.0071 0.0085 0.0083 0.0064 0.0073 0.0058 0.0059 0.0074 0.0044 0.0130 0.0066 0.0067 0.0045 0.0041 0.8400 0.0061 0.0048 0.0064 
     H7374.7 12 0.0030 0.0024 0.0025 0.0025 0.0036 0.0058 0.0036 0.0033 0.0033 0.0030 0.0036 0.0041 0.0036 0.0020 0.0031 0.0022 0.0028 0.0022 0.0035 0.9269 0.0041 0.0049 0.0041 
     H7374.8 12 0.0025 0.0083 0.0025 0.0062 0.0068 0.0046 0.0032 0.0052 0.0045 0.0036 0.0070 0.0054 0.0044 0.0031 0.0053 0.0024 0.0029 0.0035 0.0055 0.9036 0.0024 0.0045 0.0026 
     H7374.9 12 0.0036 0.0036 0.0047 0.0032 0.0040 0.0038 0.0086 0.0044 0.0037 0.0037 0.0043 0.0055 0.0042 0.0032 0.0031 0.0075 0.0047 0.0029 0.0036 0.9099 0.0030 0.0026 0.0024 
     H9563.1 12 0.0034 0.0035 0.0031 0.0047 0.0028 0.0042 0.0048 0.0048 0.0045 0.0036 0.9157 0.0039 0.0030 0.0045 0.0039 0.0039 0.0037 0.0039 0.0041 0.0036 0.0051 0.0028 0.0024 
     H9563.2 12 0.0033 0.0034 0.0065 0.0056 0.0028 0.0032 0.0025 0.0047 0.0057 0.0033 0.9155 0.0029 0.0034 0.0046 0.0033 0.0066 0.0038 0.0029 0.0031 0.0028 0.0047 0.0022 0.0028 
