      H105.1  1 0.0039 0.0038 0.9337 0.0033 0.0051 0.0046 0.0057 0.0030 0.0123 0.0092 0.0064 0.0053 0.0038 
      H105.2  1 0.0064 0.0173 0.9131 0.0052 0.0033 0.0122 0.0057 0.0065 0.0058 0.0089 0.0081 0.0025 0.0050 
      H105.3  1 0.0038 0.0043 0.9446 0.0040 0.0032 0.0032 0.0066 0.0025 0.0100 0.0082 0.0030 0.0042 0.0025 
      H105.4  1 0.0035 0.0148 0.8984 0.0076 0.0044 0.0096 0.0067 0.0030 0.0131 0.0081 0.0200 0.0053 0.0054 
      H105.5  1 0.0074 0.0195 0.8337 0.0049 0.0047 0.0226 0.0103 0.0037 0.0088 0.0068 0.0580 0.0060 0.0137 
      H105.6  1 0.0044 0.0075 0.9308 0.0060 0.0041 0.0054 0.0068 0.0035 0.0044 0.0041 0.0059 0.0095 0.0077 
      H105.7  1 0.0057 0.0043 0.9130 0.0043 0.0046 0.0053 0.0036 0.0046 0.0273 0.0098 0.0102 0.0032 0.0041 
      H105.8  1 0.0032 0.0045 0.9461 0.0040 0.0025 0.0042 0.0039 0.0035 0.0080 0.0102 0.0034 0.0032 0.0033 
      H115.1  1 0.0053 0.9012 0.0115 0.0030 0.0118 0.0124 0.0045 0.0068 0.0099 0.0080 0.0065 0.0035 0.0155 
      H115.2  1 0.0124 0.8895 0.0059 0.0026 0.0053 0.0043 0.0033 0.0084 0.0038 0.0046 0.0087 0.0035 0.0477 
      H115.3  1 0.0089 0.9271 0.0041 0.0044 0.0063 0.0033 0.0043 0.0080 0.0086 0.0026 0.0055 0.0035 0.0132 
      H115.4  1 0.0110 0.8891 0.0043 0.0058 0.0148 0.0048 0.0028 0.0092 0.0045 0.0325 0.0085 0.0068 0.0059 
      H115.5  1 0.0102 0.8573 0.0157 0.0094 0.0333 0.0076 0.0034 0.0062 0.0050 0.0052 0.0097 0.0126 0.0244 
      H115.6  1 0.0443 0.8237 0.0040 0.0022 0.0128 0.0053 0.0092 0.0477 0.0123 0.0040 0.0093 0.0074 0.0179 
      H115.7  1 0.0077 0.8781 0.0172 0.0040 0.0102 0.0107 0.0075 0.0145 0.0105 0.0047 0.0173 0.0052 0.0123 
      H115.8  1 0.0063 0.9280 0.0047 0.0021 0.0079 0.0049 0.0032 0.0101 0.0068 0.0036 0.0050 0.0036 0.0139 
      H115.9  1 0.0063 0.8465 0.0102 0.0033 0.0068 0.0134 0.0036 0.0063 0.0100 0.0077 0.0079 0.0034 0.0748 
      H145.1  1 0.0104 0.0064 0.0028 0.0064 0.0055 0.0053 0.0102 0.0258 0.0048 0.0038 0.0227 0.8875 0.0085 
      H145.2  1 0.0058 0.0072 0.0025 0.0050 0.0046 0.0030 0.0037 0.0102 0.0063 0.0062 0.0092 0.9307 0.0057 
      H145.3  1 0.0031 0.0048 0.0028 0.0036 0.0030 0.0032 0.0041 0.0430 0.0038 0.0027 0.0054 0.9175 0.0031 
      H145.4  1 0.0055 0.0033 0.0025 0.0032 0.0060 0.0045 0.0052 0.0067 0.0078 0.0032 0.0182 0.9300 0.0039 
      H145.5  1 0.0040 0.0034 0.0032 0.0022 0.0036 0.0038 0.0058 0.0883 0.0040 0.0027 0.0065 0.8695 0.0030 
      H145.6  1 0.0048 0.0032 0.0029 0.0033 0.0042 0.0023 0.0034 0.0042 0.0066 0.0039 0.0060 0.9523 0.0027 
      H145.7  1 0.0038 0.0033 0.0024 0.0025 0.0048 0.0034 0.0036 0.0033 0.0037 0.0031 0.0047 0.9595 0.0019 
      H149.1  1 0.0049 0.0028 0.0031 0.0025 0.9567 0.0039 0.0046 0.0057 0.0027 0.0036 0.0031 0.0034 0.0028 
      H149.2  1 0.0043 0.0032 0.0028 0.0039 0.9501 0.0037 0.0034 0.0057 0.0056 0.0035 0.0049 0.0057 0.0033 
      H149.3  1 0.0093 0.0228 0.0066 0.0090 0.7573 0.0239 0.0046 0.0112 0.0429 0.0165 0.0557 0.0352 0.0051 
      H149.4  1 0.0047 0.0034 0.0065 0.0036 0.9395 0.0052 0.0030 0.0059 0.0064 0.0126 0.0030 0.0032 0.0030 
      H149.5  1 0.0044 0.0041 0.0113 0.0098 0.8273 0.0081 0.0054 0.0039 0.0581 0.0228 0.0186 0.0238 0.0023 
      H149.6  1 0.0059 0.0033 0.0048 0.0037 0.9493 0.0037 0.0032 0.0037 0.0064 0.0033 0.0037 0.0068 0.0022 
      H149.7  1 0.0121 0.0096 0.0111 0.0054 0.7361 0.0850 0.0060 0.0084 0.0440 0.0484 0.0227 0.0074 0.0038 
      H150.1  1 0.0058 0.7182 0.0047 0.0025 0.0024 0.0054 0.0034 0.0073 0.0054 0.0024 0.0053 0.0059 0.2312 
      H150.2  1 0.0084 0.8576 0.0049 0.0032 0.0049 0.0061 0.0046 0.0189 0.0058 0.0046 0.0050 0.0035 0.0724 
      H150.3  1 0.0125 0.2819 0.0088 0.0024 0.0063 0.0132 0.0083 0.0471 0.0096 0.0042 0.0073 0.0054 0.5929 
      H150.4  1 0.0068 0.1018 0.0055 0.0019 0.0032 0.0071 0.0084 0.0107 0.0047 0.0025 0.0048 0.0080 0.8345 
      H150.5  1 0.0106 0.8890 0.0060 0.0028 0.0042 0.0072 0.0057 0.0056 0.0160 0.0033 0.0094 0.0052 0.0350 
      H150.6  1 0.0037 0.9146 0.0046 0.0038 0.0042 0.0115 0.0140 0.0051 0.0039 0.0082 0.0046 0.0120 0.0098 
      H150.7  1 0.0060 0.3085 0.0118 0.0023 0.0052 0.0034 0.0034 0.0314 0.0049 0.0049 0.0053 0.0043 0.6086 
   H169607.1  1 0.0247 0.0208 0.0095 0.0042 0.0039 0.0106 0.0159 0.0504 0.0089 0.0244 0.7675 0.0324 0.0267 
   H169607.2  1 0.0038 0.0075 0.0081 0.0044 0.0037 0.0042 0.0047 0.0089 0.0060 0.0042 0.9220 0.0077 0.0149 
   H169607.3  1 0.0050 0.0102 0.0055 0.0042 0.0038 0.0067 0.0050 0.0193 0.0049 0.0117 0.9059 0.0116 0.0061 
   H169607.4  1 0.0047 0.0038 0.0037 0.0040 0.0031 0.0033 0.0213 0.0260 0.0046 0.0023 0.9018 0.0111 0.0103 
   H169607.5  1 0.0030 0.0043 0.0033 0.0043 0.0031 0.0029 0.0040 0.0038 0.0040 0.0028 0.9504 0.0043 0.0099 
   H169607.6  1 0.0032 0.0050 0.0067 0.0036 0.0026 0.0032 0.0040 0.0133 0.0043 0.0054 0.9377 0.0042 0.0068 
   H169607.7  1 0.0042 0.0193 0.0060 0.0036 0.0043 0.0046 0.0034 0.0123 0.0062 0.0274 0.8915 0.0079 0.0093 
   H169607.8  1 0.0026 0.0038 0.0060 0.0030 0.0033 0.0060 0.0125 0.0076 0.0074 0.0037 0.9325 0.0053 0.0064 
   H169633.1  1 0.0090 0.0047 0.0094 0.0057 0.9050 0.0188 0.0073 0.0043 0.0077 0.0031 0.0042 0.0144 0.0065 
   H169633.2  1 0.1050 0.0061 0.0153 0.0073 0.7931 0.0298 0.0062 0.0029 0.0046 0.0079 0.0036 0.0157 0.0025 
   H169633.3  1 0.0078 0.0067 0.0063 0.0078 0.9154 0.0074 0.0051 0.0041 0.0101 0.0064 0.0080 0.0068 0.0079 
   H169633.4  1 0.0082 0.0054 0.0080 0.0064 0.9128 0.0045 0.0089 0.0060 0.0082 0.0053 0.0121 0.0071 0.0070 
   H169633.5  1 0.0097 0.0075 0.0071 0.0072 0.9159 0.0047 0.0076 0.0042 0.0086 0.0052 0.0089 0.0059 0.0075 
   H169688.1  1 0.0049 0.0034 0.0200 0.0068 0.0050 0.8468 0.0087 0.0278 0.0044 0.0109 0.0490 0.0058 0.0065 
   H169688.2  1 0.0037 0.0042 0.0082 0.0034 0.0041 0.9396 0.0051 0.0037 0.0032 0.0094 0.0056 0.0043 0.0056 
   H169688.3  1 0.0063 0.0046 0.0048 0.0020 0.0032 0.9560 0.0030 0.0036 0.0042 0.0028 0.0037 0.0030 0.0029 
   H169688.4  1 0.0038 0.0078 0.0027 0.0028 0.0041 0.9487 0.0028 0.0036 0.0025 0.0031 0.0036 0.0030 0.0115 
   H169688.5  1 0.0040 0.0113 0.0030 0.0031 0.0035 0.9433 0.0030 0.0031 0.0028 0.0033 0.0040 0.0029 0.0127 
   H169688.6  1 0.0030 0.0046 0.0072 0.0065 0.0065 0.8674 0.0045 0.0042 0.0033 0.0760 0.0056 0.0047 0.0065 
   H169688.7  1 0.0057 0.0178 0.0032 0.0021 0.0035 0.9155 0.0043 0.0148 0.0038 0.0043 0.0045 0.0107 0.0099 
   H171901.1  1 0.0393 0.1436 0.2585 0.0031 0.0117 0.0140 0.0042 0.0092 0.0340 0.0133 0.3924 0.0502 0.0266 
   H171901.2  1 0.0085 0.0159 0.0217 0.0036 0.8277 0.0058 0.0263 0.0061 0.0063 0.0035 0.0427 0.0100 0.0221 
   H171901.3  1 0.0135 0.0314 0.0165 0.0085 0.7311 0.0154 0.0142 0.0061 0.0100 0.0075 0.1085 0.0094 0.0279 
   H171901.4  1 0.0152 0.0249 0.0245 0.0053 0.8445 0.0059 0.0175 0.0066 0.0054 0.0076 0.0218 0.0068 0.0140 
   H171901.5  1 0.0757 0.0556 0.0080 0.0057 0.7298 0.0076 0.0287 0.0117 0.0043 0.0116 0.0325 0.0133 0.0154 
   H171901.6  1 0.1420 0.0642 0.0098 0.0086 0.5565 0.0208 0.0315 0.0210 0.0064 0.0174 0.0761 0.0134 0.0323 
   H171901.7  1 0.0333 0.0255 0.0081 0.0113 0.5640 0.0238 0.0093 0.0065 0.0072 0.0178 0.2497 0.0184 0.0250 
   H171902.1  1 0.0063 0.0036 0.0023 0.0024 0.0044 0.0035 0.0026 0.9560 0.0028 0.0044 0.0036 0.0048 0.0033 
  H171902.10  1 0.0035 0.0053 0.0021 0.0027 0.0042 0.0030 0.0037 0.9567 0.0030 0.0049 0.0059 0.0023 0.0027 
   H171902.2  1 0.0082 0.0039 0.0025 0.0027 0.0113 0.0035 0.0024 0.9433 0.0028 0.0055 0.0042 0.0051 0.0045 
   H171902.3  1 0.0074 0.0049 0.0026 0.0033 0.0131 0.0042 0.0035 0.9434 0.0022 0.0042 0.0040 0.0037 0.0035 
   H171902.4  1 0.0054 0.0033 0.0025 0.0018 0.0101 0.0031 0.0040 0.9536 0.0036 0.0031 0.0029 0.0034 0.0034 
   H171902.6  1 0.0033 0.0029 0.0025 0.0024 0.0032 0.0024 0.0031 0.9639 0.0025 0.0032 0.0035 0.0028 0.0044 
   H171902.7  1 0.0045 0.0107 0.0042 0.0024 0.0093 0.0038 0.0051 0.9097 0.0035 0.0033 0.0373 0.0033 0.0028 
   H171902.8  1 0.0059 0.0036 0.0027 0.0022 0.0048 0.0030 0.0039 0.9540 0.0029 0.0035 0.0044 0.0033 0.0057 
   H171902.9  1 0.0044 0.0033 0.0027 0.0029 0.0025 0.0027 0.0029 0.9589 0.0033 0.0030 0.0029 0.0035 0.0068 
   H171903.1  1 0.0056 0.0211 0.0054 0.0038 0.0036 0.0045 0.0037 0.0031 0.0057 0.0035 0.9225 0.0045 0.0130 
   H171903.2  1 0.0088 0.0250 0.0079 0.0063 0.0031 0.0044 0.0075 0.0034 0.0185 0.0057 0.8864 0.0067 0.0163 
   H171903.3  1 0.0502 0.0121 0.0211 0.0171 0.0033 0.0131 0.0175 0.0030 0.0057 0.0041 0.8429 0.0029 0.0072 
   H171903.4  1 0.0123 0.0237 0.0033 0.0027 0.0031 0.0101 0.0069 0.0204 0.0062 0.0036 0.8930 0.0074 0.0074 
   H171903.5  1 0.0364 0.0133 0.0115 0.0044 0.0120 0.0240 0.0050 0.0053 0.0088 0.0052 0.8506 0.0047 0.0187 
   H171903.6  1 0.0044 0.0108 0.0029 0.0049 0.0091 0.0298 0.0029 0.0051 0.0025 0.0041 0.9138 0.0030 0.0068 
      H177.1  1 0.0136 0.0156 0.0044 0.0120 0.0415 0.0154 0.0593 0.0152 0.0056 0.0320 0.7667 0.0069 0.0118 
      H177.2  1 0.0114 0.0737 0.0046 0.0107 0.1041 0.0284 0.0896 0.0056 0.0141 0.1152 0.3017 0.2040 0.0369 
      H177.3  1 0.0277 0.0304 0.0036 0.0198 0.0980 0.0100 0.0430 0.0182 0.0098 0.0469 0.6536 0.0257 0.0132 
      H177.4  1 0.0183 0.0045 0.0029 0.0304 0.0146 0.0041 0.0093 0.0058 0.0087 0.3472 0.5418 0.0089 0.0034 
      H177.5  1 0.0345 0.0215 0.0073 0.0062 0.0153 0.0541 0.0378 0.0078 0.0283 0.0881 0.6686 0.0209 0.0095 
      H177.6  1 0.0354 0.0301 0.0042 0.0131 0.2288 0.0143 0.0503 0.0155 0.0101 0.0692 0.4709 0.0297 0.0285 
      H179.1  1 0.0091 0.0067 0.0102 0.0023 0.0042 0.0360 0.0048 0.0042 0.0084 0.8926 0.0085 0.0034 0.0096 
      H179.2  1 0.0233 0.0119 0.0060 0.0240 0.0052 0.0968 0.0077 0.0067 0.0029 0.8012 0.0074 0.0026 0.0045 
      H179.3  1 0.0079 0.0171 0.0055 0.0047 0.0040 0.0543 0.0060 0.0041 0.0049 0.8290 0.0389 0.0042 0.0192 
      H179.4  1 0.0143 0.0058 0.0101 0.0680 0.0200 0.0697 0.0487 0.0049 0.0075 0.7001 0.0304 0.0153 0.0052 
      H180.1  1 0.0079 0.9341 0.0054 0.0024 0.0033 0.0036 0.0038 0.0082 0.0032 0.0161 0.0041 0.0026 0.0053 
      H180.2  1 0.0033 0.9565 0.0061 0.0034 0.0025 0.0044 0.0025 0.0027 0.0029 0.0055 0.0036 0.0030 0.0036 
      H180.3  1 0.0099 0.9352 0.0039 0.0037 0.0043 0.0075 0.0022 0.0030 0.0030 0.0041 0.0061 0.0065 0.0106 
      H180.4  1 0.0041 0.9456 0.0057 0.0037 0.0048 0.0035 0.0031 0.0053 0.0032 0.0091 0.0041 0.0034 0.0043 
      H180.5  1 0.0034 0.9508 0.0027 0.0035 0.0041 0.0030 0.0026 0.0043 0.0039 0.0120 0.0038 0.0034 0.0025 
      H180.6  1 0.0066 0.9231 0.0056 0.0049 0.0107 0.0041 0.0023 0.0063 0.0037 0.0064 0.0070 0.0149 0.0044 
      H181.1  1 0.0134 0.0495 0.1165 0.0061 0.1483 0.0187 0.0061 0.0252 0.0066 0.5191 0.0596 0.0126 0.0182 
      H181.2  1 0.0356 0.0472 0.0333 0.0052 0.0213 0.0113 0.0160 0.0392 0.0117 0.6978 0.0138 0.0569 0.0107 
      H181.3  1 0.0120 0.0315 0.0866 0.0040 0.1190 0.0104 0.0160 0.0692 0.0082 0.5978 0.0118 0.0207 0.0128 
      H181.4  1 0.0138 0.1272 0.0371 0.0195 0.1990 0.1099 0.0237 0.0122 0.0468 0.1070 0.0337 0.0362 0.2340 
      H181.5  1 0.0117 0.0046 0.0283 0.0048 0.0111 0.0138 0.0077 0.0091 0.0065 0.8863 0.0071 0.0038 0.0051 
      H181.6  1 0.0315 0.0293 0.0140 0.0066 0.0048 0.0049 0.0053 0.0051 0.0060 0.8616 0.0113 0.0042 0.0156 
      H181.7  1 0.0058 0.0062 0.0182 0.0060 0.0190 0.0149 0.0052 0.0045 0.0077 0.8876 0.0085 0.0043 0.0119 
 H194.1_2004  1 0.0131 0.0044 0.0025 0.0032 0.0040 0.0052 0.0033 0.0047 0.0046 0.0027 0.9369 0.0071 0.0086 
 H194.2_2004  1 0.0085 0.0051 0.0043 0.0025 0.0038 0.0032 0.0038 0.0049 0.0043 0.0033 0.9401 0.0104 0.0059 
 H194.3_2004  1 0.0215 0.0043 0.0038 0.0048 0.0684 0.0879 0.0298 0.0102 0.0055 0.0190 0.6990 0.0398 0.0059 
 H194.4_2004  1 0.0129 0.0037 0.0052 0.0043 0.0233 0.0055 0.0121 0.0115 0.0025 0.0059 0.8394 0.0686 0.0051 
 H194.5_2004  1 0.0194 0.0027 0.0048 0.0074 0.0210 0.0271 0.0194 0.0070 0.0072 0.0082 0.8607 0.0107 0.0045 
 H194.6_2004  1 0.0119 0.0044 0.0050 0.0169 0.0321 0.0330 0.0156 0.0159 0.0056 0.0105 0.8287 0.0132 0.0072 
 H194.7_2004  1 0.0044 0.0032 0.0051 0.0028 0.0038 0.0077 0.0041 0.0031 0.0082 0.0028 0.9427 0.0064 0.0057 
 H194.8_2004  1 0.0107 0.0038 0.0053 0.0053 0.0130 0.0064 0.0125 0.0063 0.0044 0.0063 0.8994 0.0199 0.0067 
      H194.9  1 0.0104 0.0044 0.0069 0.0029 0.0079 0.0037 0.0047 0.0058 0.0053 0.0034 0.9238 0.0126 0.0081 
 H195.1_2003  1 0.0512 0.0046 0.0052 0.0056 0.0213 0.0070 0.0111 0.0060 0.0057 0.0038 0.0154 0.8571 0.0059 
 H195.1_2004  1 0.0041 0.0037 0.0029 0.0028 0.0067 0.0029 0.0092 0.0045 0.0045 0.0033 0.0043 0.9483 0.0028 
 H195.2_2003  1 0.0159 0.0063 0.0130 0.0075 0.0085 0.0169 0.0219 0.0146 0.0169 0.0058 0.0398 0.8050 0.0279 
 H195.2_2004  1 0.0035 0.0030 0.0027 0.0024 0.0050 0.0035 0.0041 0.0024 0.0028 0.0029 0.0033 0.9618 0.0026 
 H195.3_2003  1 0.0072 0.0099 0.0302 0.0077 0.0036 0.0353 0.0168 0.0059 0.0099 0.0041 0.0894 0.5904 0.1895 
 H195.3_2004  1 0.0064 0.0031 0.0027 0.0029 0.0085 0.0033 0.0082 0.0062 0.0027 0.0030 0.0046 0.9458 0.0026 
 H195.4_2003  1 0.0153 0.0034 0.0038 0.0042 0.0092 0.0047 0.0056 0.0044 0.0034 0.0038 0.0055 0.9329 0.0039 
 H195.4_2004  1 0.0036 0.0025 0.0028 0.0040 0.0032 0.0042 0.0026 0.0037 0.0031 0.0027 0.0046 0.9604 0.0026 
 H195.5_2003  1 0.0464 0.0069 0.0070 0.0064 0.0184 0.0058 0.0293 0.0073 0.0063 0.0047 0.0116 0.8413 0.0085 
 H195.5_2004  1 0.0032 0.0040 0.0029 0.0050 0.0042 0.0042 0.0048 0.0037 0.0040 0.0042 0.0035 0.9527 0.0033 
 H195.6_2003  1 0.0057 0.0054 0.0056 0.0041 0.0047 0.0056 0.0052 0.0087 0.0063 0.0033 0.0069 0.9199 0.0187 
 H195.6_2004  1 0.0032 0.0020 0.0038 0.0031 0.0034 0.0042 0.0043 0.0037 0.0028 0.0034 0.0044 0.9595 0.0023 
 H195.7_2003  1 0.0216 0.0049 0.0092 0.0094 0.0158 0.0286 0.0208 0.0055 0.0137 0.0050 0.0249 0.8343 0.0063 
 H195.7_2004  1 0.0026 0.0044 0.0028 0.0029 0.0030 0.0032 0.0045 0.0031 0.0033 0.0027 0.0033 0.9607 0.0035 
      H195.8  1 0.0027 0.0034 0.0034 0.0050 0.0024 0.0030 0.0033 0.0030 0.0040 0.0025 0.0040 0.9604 0.0028 
      H195.9  1 0.0036 0.0039 0.0019 0.0048 0.0077 0.0043 0.0058 0.0037 0.0029 0.0031 0.0051 0.9508 0.0024 
      H415.1  1 0.9295 0.0091 0.0048 0.0021 0.0066 0.0072 0.0053 0.0038 0.0035 0.0057 0.0058 0.0044 0.0122 
      H415.2  1 0.8279 0.0065 0.0044 0.0030 0.0044 0.0179 0.0138 0.0423 0.0196 0.0122 0.0281 0.0048 0.0151 
      H415.3  1 0.9421 0.0058 0.0031 0.0026 0.0067 0.0052 0.0029 0.0042 0.0055 0.0110 0.0032 0.0035 0.0043 
      H415.4  1 0.9524 0.0052 0.0032 0.0030 0.0049 0.0037 0.0053 0.0035 0.0033 0.0028 0.0042 0.0041 0.0045 
      H415.5  1 0.9583 0.0040 0.0026 0.0027 0.0059 0.0037 0.0032 0.0047 0.0031 0.0037 0.0023 0.0032 0.0025 
      H415.6  1 0.9541 0.0047 0.0027 0.0026 0.0045 0.0037 0.0050 0.0045 0.0032 0.0028 0.0032 0.0040 0.0049 
      H415.7  1 0.8917 0.0041 0.0035 0.0041 0.0055 0.0078 0.0071 0.0283 0.0093 0.0104 0.0153 0.0056 0.0074 
      H506.1  1 0.0028 0.0023 0.0029 0.0028 0.0044 0.0038 0.0025 0.0024 0.0038 0.9640 0.0027 0.0038 0.0017 
      H506.2  1 0.0034 0.0025 0.0025 0.0034 0.0043 0.0030 0.0032 0.0031 0.0029 0.9583 0.0037 0.0077 0.0020 
      H506.3  1 0.0037 0.0044 0.0026 0.0040 0.0044 0.0087 0.0052 0.0035 0.0052 0.9480 0.0038 0.0035 0.0028 
      H506.4  1 0.0047 0.0080 0.0024 0.0105 0.0056 0.0049 0.0034 0.0051 0.0047 0.9368 0.0072 0.0032 0.0035 
      H506.5  1 0.0053 0.0032 0.0026 0.0065 0.0063 0.0034 0.0045 0.0036 0.0035 0.9486 0.0039 0.0059 0.0027 
      H506.6  1 0.0084 0.0056 0.0024 0.0074 0.0045 0.0050 0.0085 0.0041 0.0087 0.9089 0.0168 0.0140 0.0056 
      H506.7  1 0.0028 0.0024 0.0031 0.0034 0.0033 0.0040 0.0030 0.0024 0.0036 0.9613 0.0031 0.0053 0.0021 
      H533.1  1 0.0038 0.0037 0.0035 0.0041 0.0044 0.0038 0.0025 0.0025 0.0027 0.9608 0.0027 0.0034 0.0021 
      H533.2  1 0.0047 0.0040 0.0040 0.0033 0.0056 0.0037 0.0030 0.0027 0.0020 0.9594 0.0027 0.0033 0.0017 
      H533.3  1 0.0032 0.0027 0.0030 0.0025 0.0079 0.0044 0.0022 0.0020 0.0025 0.9583 0.0049 0.0033 0.0030 
      H533.4  1 0.0055 0.0043 0.0042 0.0063 0.0093 0.0031 0.0048 0.0027 0.0027 0.9239 0.0129 0.0174 0.0029 
      H535.1  1 0.0047 0.0034 0.0027 0.9597 0.0028 0.0026 0.0028 0.0046 0.0021 0.0033 0.0044 0.0027 0.0043 
      H535.2  1 0.0031 0.0027 0.0029 0.9641 0.0028 0.0023 0.0035 0.0023 0.0036 0.0036 0.0034 0.0035 0.0022 
      H535.3  1 0.0020 0.0025 0.0033 0.9681 0.0024 0.0029 0.0023 0.0018 0.0025 0.0035 0.0030 0.0033 0.0024 
      H535.4  1 0.0027 0.0023 0.0023 0.9657 0.0043 0.0026 0.0033 0.0026 0.0026 0.0027 0.0032 0.0035 0.0023 
      H535.5  1 0.0025 0.0020 0.0025 0.9669 0.0036 0.0024 0.0026 0.0025 0.0026 0.0033 0.0037 0.0031 0.0024 
      H535.6  1 0.0035 0.0037 0.0032 0.9498 0.0030 0.0036 0.0027 0.0083 0.0022 0.0029 0.0049 0.0042 0.0080 
      H535.7  1 0.0027 0.0017 0.0022 0.9718 0.0027 0.0028 0.0022 0.0020 0.0021 0.0029 0.0024 0.0027 0.0018 
      H535.8  1 0.0028 0.0019 0.0024 0.9667 0.0025 0.0038 0.0041 0.0022 0.0025 0.0023 0.0030 0.0029 0.0030 
      H535.9  1 0.0028 0.0031 0.0024 0.9659 0.0028 0.0023 0.0032 0.0034 0.0025 0.0031 0.0029 0.0027 0.0029 
      H539.1  1 0.0029 0.0087 0.0028 0.0021 0.0026 0.0022 0.0029 0.0079 0.0026 0.0020 0.0034 0.0026 0.9573 
      H539.2  1 0.0068 0.0775 0.0079 0.0125 0.0050 0.0190 0.0154 0.0051 0.0063 0.0067 0.0484 0.0055 0.7839 
      H539.3  1 0.0044 0.0181 0.0081 0.0117 0.0034 0.0073 0.0080 0.0054 0.0035 0.0032 0.0273 0.0083 0.8912 
      H539.4  1 0.0053 0.0408 0.0033 0.0035 0.0028 0.0065 0.0047 0.0033 0.0050 0.0036 0.0042 0.0037 0.9133 
      H539.5  1 0.0024 0.0062 0.0031 0.0034 0.0027 0.0027 0.0022 0.0039 0.0021 0.0021 0.0052 0.0021 0.9618 
      H539.6  1 0.0038 0.0092 0.0031 0.0032 0.0027 0.0031 0.0028 0.0075 0.0027 0.0027 0.0050 0.0046 0.9497 
      H539.7  1 0.0049 0.0116 0.0026 0.0030 0.0026 0.0031 0.0027 0.0050 0.0029 0.0026 0.0047 0.0025 0.9519 
      H539.8  1 0.0045 0.0360 0.0083 0.0262 0.0032 0.0106 0.0080 0.0041 0.0043 0.0043 0.0079 0.0049 0.8777 
      H539.9  1 0.0030 0.0113 0.0034 0.0024 0.0024 0.0045 0.0046 0.0025 0.0033 0.0034 0.0042 0.0030 0.9519 
      H540.1  1 0.0047 0.0038 0.0033 0.0061 0.0040 0.0041 0.0037 0.0051 0.0052 0.0043 0.0210 0.0075 0.9272 
      H540.2  1 0.0061 0.0035 0.0036 0.0024 0.0037 0.0044 0.0041 0.0044 0.0035 0.0038 0.0062 0.0028 0.9514 
      H540.3  1 0.0367 0.0129 0.0104 0.0052 0.0203 0.0089 0.0149 0.0078 0.0071 0.0065 0.0245 0.0150 0.8298 
      H540.4  1 0.0084 0.0141 0.0038 0.0059 0.0028 0.0090 0.0049 0.0047 0.0083 0.0075 0.0103 0.0044 0.9160 
      H540.5  1 0.0079 0.0037 0.0034 0.0023 0.0044 0.0088 0.0070 0.0047 0.0044 0.0035 0.0060 0.0034 0.9406 
      H540.6  1 0.0057 0.0059 0.0079 0.0045 0.0073 0.0079 0.0068 0.0097 0.0116 0.0061 0.0179 0.0075 0.9012 
      H540.7  1 0.0158 0.0094 0.0047 0.0034 0.0161 0.0051 0.0056 0.0055 0.0092 0.0104 0.0094 0.0050 0.9006 
      H540.8  1 0.0143 0.0080 0.0030 0.0035 0.0059 0.0049 0.0027 0.0090 0.0035 0.0041 0.0872 0.0034 0.8507 
     H9558.1  1 0.0043 0.0034 0.0048 0.0072 0.0021 0.0040 0.0023 0.0082 0.0024 0.0043 0.0039 0.0031 0.9499 
     H9558.2  1 0.0097 0.0041 0.0159 0.0082 0.0051 0.0084 0.0072 0.0113 0.0096 0.0142 0.0086 0.0039 0.8937 
     H9558.3  1 0.0044 0.0043 0.0312 0.0060 0.0028 0.0057 0.0074 0.0033 0.0101 0.0048 0.0060 0.0025 0.9116 
     H9558.4  1 0.0033 0.0032 0.0057 0.0058 0.0022 0.0043 0.0030 0.0047 0.0025 0.0039 0.0049 0.0018 0.9548 
     H9558.5  1 0.0035 0.0061 0.0051 0.0069 0.0031 0.0047 0.0054 0.0021 0.0050 0.0027 0.0031 0.0019 0.9506 
     H9558.6  1 0.0085 0.0046 0.0113 0.0048 0.0034 0.0055 0.0086 0.0039 0.0039 0.0035 0.0053 0.0030 0.9338 
    kos339.1  1 0.0117 0.0050 0.0035 0.0059 0.9190 0.0035 0.0038 0.0053 0.0138 0.0160 0.0047 0.0026 0.0052 
    kos339.2  1 0.0064 0.0039 0.0050 0.0036 0.9377 0.0046 0.0045 0.0043 0.0095 0.0072 0.0040 0.0061 0.0033 
    kos339.3  1 0.0039 0.0051 0.0023 0.0053 0.9572 0.0030 0.0025 0.0032 0.0025 0.0041 0.0039 0.0035 0.0034 
    kos339.4  1 0.0069 0.0033 0.0032 0.0044 0.9544 0.0026 0.0032 0.0036 0.0026 0.0042 0.0039 0.0039 0.0038 
    kos339.5  1 0.0044 0.0035 0.0033 0.0026 0.9481 0.0038 0.0033 0.0044 0.0057 0.0114 0.0030 0.0030 0.0034 
    kos339.6  1 0.0049 0.0025 0.0028 0.0023 0.9552 0.0037 0.0039 0.0034 0.0054 0.0051 0.0043 0.0037 0.0029 
    kos339.7  1 0.0042 0.0038 0.0026 0.0089 0.9531 0.0037 0.0028 0.0033 0.0027 0.0050 0.0035 0.0038 0.0026 
    kos339.8  1 0.0085 0.0037 0.0029 0.0030 0.9401 0.0036 0.0052 0.0041 0.0054 0.0126 0.0038 0.0039 0.0030 
    kos339.9  1 0.0094 0.0114 0.0038 0.0046 0.8915 0.0066 0.0090 0.0180 0.0068 0.0071 0.0076 0.0090 0.0151 
      H409.1 12 0.0063 0.0022 0.0027 0.0033 0.0091 0.9420 0.0043 0.0034 0.0060 0.0118 0.0030 0.0036 0.0023 
     H409.10 12 0.0110 0.0057 0.0035 0.0056 0.0042 0.9322 0.0064 0.0048 0.0052 0.0097 0.0032 0.0050 0.0035 
      H409.2 12 0.0300 0.0029 0.0034 0.0159 0.0089 0.8902 0.0174 0.0069 0.0039 0.0094 0.0036 0.0037 0.0038 
      H409.3 12 0.0040 0.0040 0.0089 0.0079 0.0069 0.9286 0.0077 0.0040 0.0052 0.0079 0.0055 0.0046 0.0047 
      H409.4 12 0.0045 0.0039 0.0079 0.0059 0.0068 0.9387 0.0074 0.0031 0.0045 0.0056 0.0041 0.0038 0.0038 
      H409.5 12 0.0121 0.0082 0.0060 0.0114 0.0041 0.9129 0.0098 0.0062 0.0053 0.0083 0.0072 0.0044 0.0042 
      H409.6 12 0.0056 0.0079 0.1885 0.0195 0.0049 0.6933 0.0148 0.0048 0.0103 0.0274 0.0128 0.0043 0.0059 
      H409.7 12 0.0052 0.0036 0.0081 0.0037 0.0121 0.9041 0.0184 0.0044 0.0179 0.0071 0.0043 0.0072 0.0038 
      H409.8 12 0.0067 0.0059 0.0082 0.0053 0.0054 0.9165 0.0032 0.0050 0.0169 0.0130 0.0062 0.0037 0.0039 
      H409.9 12 0.0172 0.0415 0.0293 0.0176 0.0032 0.2732 0.0071 0.0047 0.0621 0.2388 0.0111 0.0048 0.2894 
      H413.1 12 0.0028 0.0058 0.9475 0.0044 0.0047 0.0034 0.0047 0.0032 0.0097 0.0022 0.0038 0.0034 0.0044 
      H413.2 12 0.0026 0.0047 0.9541 0.0046 0.0048 0.0032 0.0039 0.0037 0.0040 0.0040 0.0032 0.0038 0.0034 
      H413.3 12 0.0026 0.0058 0.9431 0.0021 0.0024 0.0076 0.0036 0.0029 0.0118 0.0043 0.0037 0.0024 0.0076 
      H413.4 12 0.0039 0.0100 0.9174 0.0028 0.0073 0.0038 0.0093 0.0042 0.0233 0.0061 0.0025 0.0032 0.0062 
      H413.5 12 0.0026 0.0296 0.8749 0.0026 0.0027 0.0049 0.0050 0.0093 0.0054 0.0055 0.0049 0.0028 0.0496 
      H413.6 12 0.0034 0.0181 0.8710 0.0034 0.0047 0.0090 0.0217 0.0026 0.0066 0.0027 0.0046 0.0061 0.0460 
      H413.7 12 0.0033 0.0043 0.9351 0.0051 0.0050 0.0047 0.0082 0.0029 0.0073 0.0041 0.0053 0.0041 0.0105 
      H563.1 12 0.0026 0.0042 0.0079 0.0022 0.0031 0.0049 0.0045 0.0024 0.9484 0.0031 0.0040 0.0027 0.0099 
      H563.2 12 0.0100 0.0065 0.0060 0.0035 0.0084 0.0074 0.0099 0.0068 0.9190 0.0057 0.0064 0.0035 0.0069 
      H563.3 12 0.0028 0.0036 0.0035 0.0018 0.0028 0.0032 0.0055 0.0031 0.9580 0.0031 0.0042 0.0033 0.0051 
      H563.4 12 0.0047 0.0072 0.0123 0.0029 0.0048 0.0092 0.0056 0.0032 0.9325 0.0049 0.0054 0.0026 0.0048 
      H563.5 12 0.0026 0.0038 0.0049 0.0020 0.0026 0.0045 0.0079 0.0019 0.9544 0.0026 0.0036 0.0027 0.0066 
      H563.6 12 0.0060 0.0037 0.0092 0.0033 0.0079 0.0052 0.0098 0.0046 0.9315 0.0051 0.0063 0.0027 0.0046 
      H563.7 12 0.0039 0.0042 0.0070 0.0028 0.0112 0.0041 0.0088 0.0029 0.9433 0.0025 0.0035 0.0025 0.0032 
      H563.8 12 0.0029 0.0051 0.0062 0.0021 0.0038 0.0053 0.0123 0.0030 0.9325 0.0029 0.0055 0.0028 0.0155 
      H563.9 12 0.0052 0.0045 0.0081 0.0022 0.0058 0.0120 0.0050 0.0054 0.9312 0.0065 0.0061 0.0039 0.0042 
     H7374.1 12 0.0066 0.0032 0.0069 0.0035 0.0045 0.0047 0.9434 0.0031 0.0035 0.0028 0.0083 0.0060 0.0036 
     H7374.2 12 0.0063 0.0032 0.0059 0.0030 0.0025 0.0056 0.9434 0.0035 0.0058 0.0046 0.0058 0.0038 0.0065 
     H7374.3 12 0.0116 0.0041 0.0064 0.0054 0.0043 0.0059 0.9087 0.0053 0.0073 0.0048 0.0144 0.0143 0.0074 
     H7374.4 12 0.0042 0.0040 0.0031 0.0048 0.0066 0.0059 0.9473 0.0043 0.0039 0.0033 0.0045 0.0027 0.0053 
     H7374.5 12 0.0031 0.0042 0.0049 0.0023 0.0039 0.0029 0.9552 0.0038 0.0042 0.0028 0.0027 0.0036 0.0063 
     H7374.6 12 0.0145 0.0041 0.0036 0.0088 0.0068 0.0044 0.9118 0.0080 0.0059 0.0058 0.0054 0.0130 0.0078 
     H7374.7 12 0.0031 0.0023 0.0035 0.0040 0.0044 0.0036 0.9612 0.0035 0.0030 0.0026 0.0028 0.0031 0.0030 
     H7374.8 12 0.0059 0.0025 0.0040 0.0031 0.0046 0.0037 0.9489 0.0036 0.0074 0.0044 0.0042 0.0052 0.0023 
     H7374.9 12 0.0031 0.0038 0.0040 0.0024 0.0047 0.0030 0.9524 0.0058 0.0035 0.0038 0.0035 0.0036 0.0064 
     H9563.1 12 0.0059 0.0041 0.0040 0.0022 0.0052 0.0030 0.0042 0.0048 0.9497 0.0039 0.0048 0.0034 0.0046 
     H9563.2 12 0.0074 0.0053 0.0031 0.0033 0.0033 0.0031 0.0037 0.0038 0.9492 0.0031 0.0046 0.0038 0.0063 
     H9563.3 12 0.0042 0.0039 0.0047 0.0036 0.0034 0.0040 0.0047 0.0023 0.9480 0.0064 0.0040 0.0082 0.0025 
     H9563.4 12 0.0126 0.0152 0.0075 0.0214 0.0064 0.0069 0.0061 0.0061 0.8802 0.0094 0.0162 0.0069 0.0051 
     H9563.5 12 0.0063 0.0106 0.0056 0.0058 0.0071 0.0088 0.0029 0.0043 0.9207 0.0094 0.0089 0.0051 0.0045 
     H9563.6 12 0.0035 0.0055 0.0082 0.0049 0.0029 0.0033 0.0049 0.0021 0.9486 0.0045 0.0040 0.0053 0.0023 
     H9563.7 12 0.0035 0.0035 0.0057 0.0082 0.0022 0.0031 0.0040 0.0025 0.9532 0.0044 0.0031 0.0041 0.0027 
     H9563.8 12 0.0347 0.0487 0.0051 0.0066 0.0089 0.0122 0.0035 0.0054 0.8360 0.0174 0.0103 0.0063 0.0049 
     H9563.9 12 0.0104 0.0118 0.0066 0.0037 0.0042 0.0054 0.0041 0.0039 0.9261 0.0081 0.0051 0.0049 0.0058 
     H9572.1 12 0.0045 0.0645 0.0529 0.0180 0.0080 0.0231 0.0358 0.0576 0.3925 0.1225 0.0137 0.0201 0.1868 
     H9572.2 12 0.0172 0.0818 0.0272 0.0038 0.0106 0.0126 0.0261 0.1106 0.5336 0.0099 0.0423 0.1141 0.0103 
     H9572.3 12 0.0175 0.0063 0.1384 0.0294 0.2124 0.0219 0.1564 0.0234 0.0639 0.0176 0.2269 0.0100 0.0761 
     H9572.4 12 0.0048 0.0240 0.1204 0.0794 0.1509 0.0152 0.0391 0.0567 0.3056 0.0304 0.0791 0.0573 0.0371 
     H9572.5 12 0.0044 0.0924 0.0888 0.0200 0.3373 0.0060 0.0082 0.0421 0.1126 0.0625 0.1164 0.0409 0.0685 
