      H105.1  1 0.0181 0.0201 0.9618 
      H105.2  1 0.0106 0.0170 0.9723 
      H105.3  1 0.0089 0.0089 0.9822 
      H105.4  1 0.0171 0.0242 0.9587 
      H105.5  1 0.0350 0.1272 0.8377 
      H105.6  1 0.0191 0.0260 0.9549 
      H105.7  1 0.0100 0.0229 0.9671 
      H105.8  1 0.0073 0.0101 0.9827 
      H115.1  1 0.0223 0.8504 0.1273 
      H115.2  1 0.0096 0.9783 0.0121 
      H115.3  1 0.0159 0.9698 0.0144 
      H115.4  1 0.0301 0.9471 0.0228 
      H115.5  1 0.0459 0.9286 0.0255 
      H115.6  1 0.0170 0.9689 0.0141 
      H115.7  1 0.0185 0.9395 0.0420 
      H115.8  1 0.0115 0.9744 0.0140 
      H115.9  1 0.0133 0.9611 0.0256 
      H145.1  1 0.9467 0.0453 0.0079 
      H145.2  1 0.9597 0.0258 0.0145 
      H145.3  1 0.9605 0.0304 0.0091 
      H145.4  1 0.9757 0.0127 0.0115 
      H145.5  1 0.9508 0.0395 0.0097 
      H145.6  1 0.9775 0.0083 0.0142 
      H145.7  1 0.9878 0.0066 0.0056 
      H149.1  1 0.9824 0.0071 0.0104 
      H149.2  1 0.9779 0.0091 0.0130 
      H149.3  1 0.9394 0.0241 0.0364 
      H149.4  1 0.6733 0.0100 0.3167 
      H149.5  1 0.7367 0.0077 0.2556 
      H149.6  1 0.9418 0.0088 0.0494 
      H149.7  1 0.5434 0.0178 0.4388 
      H150.1  1 0.0058 0.9883 0.0059 
      H150.2  1 0.0068 0.9850 0.0081 
      H150.3  1 0.0081 0.9809 0.0111 
      H150.4  1 0.0054 0.9861 0.0085 
      H150.5  1 0.0073 0.9791 0.0135 
      H150.6  1 0.0134 0.9723 0.0143 
      H150.7  1 0.0062 0.9863 0.0076 
   H169607.1  1 0.0416 0.9350 0.0234 
   H169607.2  1 0.0947 0.8863 0.0189 
   H169607.3  1 0.0770 0.8803 0.0428 
   H169607.4  1 0.0970 0.8948 0.0082 
   H169607.5  1 0.0618 0.9284 0.0097 
   H169607.6  1 0.0955 0.8863 0.0183 
   H169607.7  1 0.0790 0.9014 0.0195 
   H169607.8  1 0.0937 0.8618 0.0445 
   H169633.1  1 0.9592 0.0142 0.0267 
   H169633.2  1 0.9703 0.0074 0.0223 
   H169633.3  1 0.9718 0.0115 0.0167 
   H169633.4  1 0.9731 0.0104 0.0166 
   H169633.5  1 0.9724 0.0087 0.0189 
   H169688.1  1 0.1466 0.4158 0.4376 
   H169688.2  1 0.1053 0.3776 0.5171 
   H169688.3  1 0.1521 0.5675 0.2804 
   H169688.4  1 0.0155 0.9753 0.0093 
   H169688.5  1 0.0171 0.9721 0.0108 
   H169688.6  1 0.1294 0.4413 0.4293 
   H169688.7  1 0.4019 0.5115 0.0866 
   H171901.1  1 0.0694 0.8154 0.1152 
   H171901.2  1 0.8883 0.0859 0.0258 
   H171901.3  1 0.8340 0.1149 0.0511 
   H171901.4  1 0.8915 0.0702 0.0383 
   H171901.5  1 0.8493 0.0959 0.0548 
   H171901.6  1 0.8653 0.1045 0.0301 
   H171901.7  1 0.9498 0.0383 0.0119 
   H171902.1  1 0.2621 0.7212 0.0167 
  H171902.10  1 0.2659 0.7158 0.0183 
   H171902.2  1 0.2640 0.7133 0.0228 
   H171902.3  1 0.2386 0.7452 0.0162 
   H171902.4  1 0.4303 0.5565 0.0132 
   H171902.6  1 0.2732 0.7130 0.0137 
   H171902.7  1 0.2760 0.7134 0.0106 
   H171902.8  1 0.2652 0.7122 0.0226 
   H171902.9  1 0.2330 0.7579 0.0091 
   H171903.1  1 0.0305 0.9577 0.0117 
   H171903.2  1 0.0425 0.9253 0.0323 
   H171903.3  1 0.2032 0.7409 0.0559 
   H171903.4  1 0.0251 0.9650 0.0099 
   H171903.5  1 0.0314 0.9492 0.0193 
   H171903.6  1 0.0376 0.9545 0.0078 
      H177.1  1 0.7811 0.1803 0.0386 
      H177.2  1 0.8566 0.0657 0.0778 
      H177.3  1 0.8498 0.1138 0.0364 
      H177.4  1 0.9456 0.0143 0.0401 
      H177.5  1 0.8867 0.0529 0.0604 
      H177.6  1 0.8776 0.0870 0.0355 
      H179.1  1 0.0087 0.0131 0.9782 
      H179.2  1 0.0158 0.0674 0.9168 
      H179.3  1 0.0133 0.0876 0.8991 
      H179.4  1 0.1355 0.0134 0.8511 
      H180.1  1 0.0100 0.9425 0.0475 
      H180.2  1 0.0237 0.9183 0.0580 
      H180.3  1 0.0123 0.9771 0.0106 
      H180.4  1 0.0256 0.8860 0.0884 
      H180.5  1 0.0462 0.9259 0.0279 
      H180.6  1 0.1346 0.8502 0.0152 
      H181.1  1 0.1866 0.1351 0.6783 
      H181.2  1 0.0787 0.0308 0.8905 
      H181.3  1 0.0696 0.0170 0.9134 
      H181.4  1 0.2783 0.2615 0.4602 
      H181.5  1 0.0101 0.0089 0.9809 
      H181.6  1 0.0263 0.0336 0.9401 
      H181.7  1 0.0328 0.0229 0.9443 
 H194.1_2004  1 0.9172 0.0750 0.0078 
 H194.2_2004  1 0.9031 0.0848 0.0120 
 H194.3_2004  1 0.9632 0.0130 0.0237 
 H194.4_2004  1 0.9750 0.0179 0.0071 
 H194.5_2004  1 0.9646 0.0158 0.0197 
 H194.6_2004  1 0.9627 0.0226 0.0147 
 H194.7_2004  1 0.9546 0.0253 0.0201 
 H194.8_2004  1 0.9637 0.0215 0.0148 
      H194.9  1 0.9606 0.0306 0.0088 
 H195.1_2003  1 0.9778 0.0109 0.0113 
 H195.1_2004  1 0.9769 0.0105 0.0126 
 H195.2_2003  1 0.9391 0.0456 0.0153 
 H195.2_2004  1 0.9793 0.0105 0.0103 
 H195.3_2003  1 0.6695 0.2627 0.0678 
 H195.3_2004  1 0.9839 0.0067 0.0094 
 H195.4_2003  1 0.9816 0.0075 0.0110 
 H195.4_2004  1 0.9863 0.0064 0.0073 
 H195.5_2003  1 0.9736 0.0107 0.0156 
 H195.5_2004  1 0.9823 0.0081 0.0096 
 H195.6_2003  1 0.9314 0.0555 0.0131 
 H195.6_2004  1 0.9672 0.0065 0.0263 
 H195.7_2003  1 0.9763 0.0087 0.0151 
 H195.7_2004  1 0.9619 0.0270 0.0111 
      H195.8  1 0.9808 0.0099 0.0093 
      H195.9  1 0.9827 0.0084 0.0089 
      H415.1  1 0.6148 0.3619 0.0233 
      H415.2  1 0.2652 0.3463 0.3885 
      H415.3  1 0.8442 0.0402 0.1156 
      H415.4  1 0.6978 0.2742 0.0280 
      H415.5  1 0.8943 0.0553 0.0504 
      H415.6  1 0.6877 0.2811 0.0312 
      H415.7  1 0.8990 0.0511 0.0499 
      H506.1  1 0.0107 0.0058 0.9835 
      H506.2  1 0.0519 0.0062 0.9418 
      H506.3  1 0.0150 0.0127 0.9722 
      H506.4  1 0.0148 0.0180 0.9672 
      H506.5  1 0.0270 0.0067 0.9663 
      H506.6  1 0.0720 0.0294 0.8985 
      H506.7  1 0.0222 0.0050 0.9728 
      H533.1  1 0.0260 0.0066 0.9674 
      H533.2  1 0.0411 0.0075 0.9514 
      H533.3  1 0.0215 0.0123 0.9662 
      H533.4  1 0.1714 0.0177 0.8109 
      H535.1  1 0.9764 0.0121 0.0115 
      H535.2  1 0.9674 0.0063 0.0263 
      H535.3  1 0.9503 0.0102 0.0395 
      H535.4  1 0.9806 0.0054 0.0140 
      H535.5  1 0.9838 0.0064 0.0098 
      H535.6  1 0.9653 0.0236 0.0111 
      H535.7  1 0.9820 0.0069 0.0111 
      H535.8  1 0.9809 0.0063 0.0128 
      H535.9  1 0.9696 0.0171 0.0133 
      H539.1  1 0.0052 0.9905 0.0043 
      H539.2  1 0.0096 0.9808 0.0096 
      H539.3  1 0.0101 0.9827 0.0073 
      H539.4  1 0.0065 0.9865 0.0070 
      H539.5  1 0.0052 0.9904 0.0043 
      H539.6  1 0.0057 0.9895 0.0048 
      H539.7  1 0.0067 0.9877 0.0055 
      H539.8  1 0.0096 0.9820 0.0084 
      H539.9  1 0.0045 0.9892 0.0062 
      H540.1  1 0.0089 0.9836 0.0074 
      H540.2  1 0.0074 0.9798 0.0128 
      H540.3  1 0.0199 0.9680 0.0122 
      H540.4  1 0.0065 0.9835 0.0100 
      H540.5  1 0.0084 0.9821 0.0095 
      H540.6  1 0.0084 0.9799 0.0117 
      H540.7  1 0.0123 0.9713 0.0164 
      H540.8  1 0.0178 0.9747 0.0075 
     H9558.1  1 0.0101 0.9829 0.0070 
     H9558.2  1 0.0155 0.9633 0.0212 
     H9558.3  1 0.0083 0.9716 0.0200 
     H9558.4  1 0.0089 0.9838 0.0073 
     H9558.5  1 0.0072 0.9826 0.0102 
     H9558.6  1 0.0113 0.9676 0.0211 
    kos339.1  1 0.8329 0.0162 0.1509 
    kos339.2  1 0.9640 0.0076 0.0284 
    kos339.3  1 0.9731 0.0123 0.0145 
    kos339.4  1 0.9729 0.0139 0.0132 
    kos339.5  1 0.8915 0.0161 0.0924 
    kos339.6  1 0.9737 0.0076 0.0186 
    kos339.7  1 0.9788 0.0089 0.0123 
    kos339.8  1 0.9598 0.0067 0.0335 
    kos339.9  1 0.9263 0.0429 0.0308 
      H409.1 12 0.0117 0.0076 0.9807 
     H409.10 12 0.0176 0.0141 0.9683 
      H409.2 12 0.0261 0.0130 0.9609 
      H409.3 12 0.0168 0.0108 0.9724 
      H409.4 12 0.0234 0.0148 0.9618 
      H409.5 12 0.0257 0.0158 0.9585 
      H409.6 12 0.0135 0.0104 0.9761 
      H409.7 12 0.0223 0.0074 0.9704 
      H409.8 12 0.0108 0.0103 0.9789 
      H409.9 12 0.0091 0.2768 0.7141 
      H413.1 12 0.0176 0.0272 0.9552 
      H413.2 12 0.0492 0.0224 0.9284 
      H413.3 12 0.0088 0.0204 0.9708 
      H413.4 12 0.0131 0.0166 0.9703 
      H413.5 12 0.0093 0.3039 0.6868 
      H413.6 12 0.0214 0.2010 0.7776 
      H413.7 12 0.0365 0.0226 0.9409 
      H563.1 12 0.0096 0.0195 0.9708 
      H563.2 12 0.0215 0.0130 0.9655 
      H563.3 12 0.0071 0.0145 0.9784 
      H563.4 12 0.0109 0.0086 0.9805 
      H563.5 12 0.0126 0.0138 0.9735 
      H563.6 12 0.0142 0.0114 0.9744 
      H563.7 12 0.0124 0.0062 0.9814 
      H563.8 12 0.0078 0.0257 0.9664 
      H563.9 12 0.0164 0.0099 0.9737 
     H7374.1 12 0.3003 0.0177 0.6820 
     H7374.2 12 0.1503 0.0545 0.7952 
     H7374.3 12 0.3162 0.0299 0.6539 
     H7374.4 12 0.4123 0.0339 0.5538 
     H7374.5 12 0.2168 0.0270 0.7561 
     H7374.6 12 0.6131 0.0200 0.3669 
     H7374.7 12 0.3707 0.0099 0.6194 
     H7374.8 12 0.3530 0.0103 0.6368 
     H7374.9 12 0.2931 0.0334 0.6735 
     H9563.1 12 0.0136 0.0150 0.9714 
     H9563.2 12 0.0106 0.0278 0.9616 
     H9563.3 12 0.0133 0.0056 0.9811 
     H9563.4 12 0.0332 0.0296 0.9372 
     H9563.5 12 0.0152 0.0117 0.9732 
     H9563.6 12 0.0094 0.0084 0.9821 
     H9563.7 12 0.0093 0.0076 0.9831 
     H9563.8 12 0.0318 0.0360 0.9322 
     H9563.9 12 0.0104 0.0264 0.9632 
     H9572.1 12 0.0201 0.1839 0.7961 
     H9572.2 12 0.3308 0.0995 0.5697 
     H9572.3 12 0.3514 0.1280 0.5207 
     H9572.4 12 0.5444 0.0439 0.4117 
     H9572.5 12 0.6713 0.1173 0.2114 
