      H105.1  1 0.0079 0.0039 0.0060 0.9580 0.0102 0.0078 0.0062 
      H105.2  1 0.0051 0.0042 0.0189 0.9485 0.0071 0.0077 0.0084 
      H105.3  1 0.0050 0.0044 0.0068 0.9597 0.0038 0.0132 0.0071 
      H105.4  1 0.0050 0.0073 0.0132 0.9393 0.0116 0.0117 0.0121 
      H105.5  1 0.0073 0.0056 0.0285 0.8604 0.0649 0.0136 0.0198 
      H105.6  1 0.0113 0.0091 0.0269 0.9093 0.0075 0.0110 0.0249 
      H105.7  1 0.0060 0.0045 0.0179 0.9235 0.0177 0.0185 0.0119 
      H105.8  1 0.0038 0.0033 0.0069 0.9653 0.0037 0.0086 0.0084 
      H115.1  1 0.0215 0.0048 0.0741 0.0132 0.0105 0.0096 0.8664 
      H115.2  1 0.0072 0.0044 0.0060 0.0055 0.0085 0.0052 0.9631 
      H115.3  1 0.0138 0.0061 0.0054 0.0052 0.0059 0.0077 0.9559 
      H115.4  1 0.0840 0.0271 0.0066 0.0541 0.0190 0.0105 0.7985 
      H115.5  1 0.0958 0.0224 0.0110 0.0340 0.0150 0.0100 0.8119 
      H115.6  1 0.0379 0.0107 0.0064 0.0053 0.0122 0.0068 0.9208 
      H115.7  1 0.0171 0.0090 0.0546 0.0107 0.0291 0.0170 0.8624 
      H115.8  1 0.0158 0.0059 0.0059 0.0090 0.0056 0.0036 0.9541 
      H115.9  1 0.0105 0.0041 0.0126 0.0120 0.0083 0.0125 0.9401 
      H145.1  1 0.0080 0.9425 0.0054 0.0032 0.0278 0.0068 0.0062 
      H145.2  1 0.0074 0.9572 0.0036 0.0055 0.0112 0.0094 0.0056 
      H145.3  1 0.0035 0.9741 0.0043 0.0033 0.0069 0.0044 0.0035 
      H145.4  1 0.0070 0.9475 0.0044 0.0031 0.0261 0.0078 0.0041 
      H145.5  1 0.0044 0.9740 0.0044 0.0029 0.0078 0.0034 0.0031 
      H145.6  1 0.0052 0.9701 0.0036 0.0038 0.0079 0.0064 0.0029 
      H145.7  1 0.0046 0.9760 0.0031 0.0032 0.0062 0.0038 0.0032 
      H149.1  1 0.9783 0.0044 0.0036 0.0034 0.0038 0.0031 0.0034 
      H149.2  1 0.9669 0.0073 0.0036 0.0038 0.0094 0.0061 0.0030 
      H149.3  1 0.7414 0.0586 0.0166 0.0283 0.0816 0.0551 0.0185 
      H149.4  1 0.9470 0.0038 0.0052 0.0304 0.0042 0.0056 0.0036 
      H149.5  1 0.8006 0.0201 0.0090 0.0771 0.0297 0.0604 0.0031 
      H149.6  1 0.9646 0.0061 0.0040 0.0070 0.0068 0.0091 0.0023 
      H149.7  1 0.7358 0.0087 0.0536 0.1220 0.0388 0.0339 0.0072 
      H150.1  1 0.0027 0.0049 0.0045 0.0035 0.0039 0.0036 0.9769 
      H150.2  1 0.0054 0.0041 0.0054 0.0043 0.0046 0.0037 0.9725 
      H150.3  1 0.0061 0.0077 0.0189 0.0047 0.0062 0.0041 0.9522 
      H150.4  1 0.0029 0.0065 0.0059 0.0034 0.0056 0.0043 0.9715 
      H150.5  1 0.0056 0.0058 0.0048 0.0051 0.0095 0.0059 0.9632 
      H150.6  1 0.0075 0.0089 0.0074 0.0088 0.0079 0.0072 0.9524 
      H150.7  1 0.0036 0.0062 0.0038 0.0043 0.0051 0.0027 0.9742 
   H169607.1  1 0.0067 0.1321 0.0186 0.0190 0.7397 0.0062 0.0776 
   H169607.2  1 0.0034 0.0115 0.0049 0.0063 0.9523 0.0100 0.0116 
   H169607.3  1 0.0037 0.0324 0.0078 0.0184 0.9240 0.0048 0.0088 
   H169607.4  1 0.0040 0.0312 0.0044 0.0033 0.9443 0.0052 0.0077 
   H169607.5  1 0.0028 0.0048 0.0034 0.0028 0.9722 0.0055 0.0085 
   H169607.6  1 0.0036 0.0124 0.0049 0.0126 0.9522 0.0062 0.0080 
   H169607.7  1 0.0054 0.0137 0.0056 0.0271 0.9224 0.0050 0.0207 
   H169607.8  1 0.0031 0.0093 0.0096 0.0047 0.9556 0.0112 0.0067 
   H169633.1  1 0.9519 0.0113 0.0140 0.0041 0.0034 0.0074 0.0079 
   H169633.2  1 0.9590 0.0103 0.0118 0.0079 0.0027 0.0051 0.0033 
   H169633.3  1 0.9527 0.0058 0.0093 0.0059 0.0084 0.0109 0.0071 
   H169633.4  1 0.9511 0.0054 0.0085 0.0058 0.0104 0.0113 0.0076 
   H169633.5  1 0.9499 0.0055 0.0083 0.0063 0.0115 0.0123 0.0063 
   H169688.1  1 0.0047 0.0088 0.9526 0.0079 0.0151 0.0046 0.0063 
   H169688.2  1 0.0040 0.0075 0.9485 0.0150 0.0084 0.0033 0.0134 
   H169688.3  1 0.0086 0.0104 0.9382 0.0116 0.0083 0.0039 0.0189 
   H169688.4  1 0.0093 0.0224 0.7254 0.0046 0.0113 0.0038 0.2232 
   H169688.5  1 0.0087 0.0267 0.6822 0.0049 0.0149 0.0043 0.2583 
   H169688.6  1 0.0088 0.0051 0.8718 0.0640 0.0057 0.0075 0.0371 
   H169688.7  1 0.0141 0.1197 0.7378 0.0109 0.0227 0.0052 0.0896 
   H171901.1  1 0.0206 0.0436 0.0458 0.0981 0.5592 0.0288 0.2039 
   H171901.2  1 0.9054 0.0095 0.0073 0.0130 0.0367 0.0072 0.0209 
   H171901.3  1 0.8075 0.0103 0.0175 0.0163 0.0928 0.0182 0.0374 
   H171901.4  1 0.9396 0.0064 0.0073 0.0112 0.0150 0.0059 0.0147 
   H171901.5  1 0.9021 0.0086 0.0090 0.0129 0.0348 0.0066 0.0261 
   H171901.6  1 0.8356 0.0221 0.0123 0.0220 0.0481 0.0071 0.0528 
   H171901.7  1 0.5861 0.0228 0.0148 0.0165 0.3158 0.0135 0.0305 
   H171902.1  1 0.0054 0.8582 0.0045 0.0103 0.1051 0.0053 0.0112 
  H171902.10  1 0.0130 0.7763 0.0053 0.0219 0.1511 0.0062 0.0262 
   H171902.2  1 0.0315 0.8093 0.0092 0.0229 0.1016 0.0042 0.0214 
   H171902.3  1 0.0558 0.7488 0.0090 0.0151 0.1090 0.0036 0.0587 
   H171902.4  1 0.0724 0.8024 0.0063 0.0058 0.1012 0.0045 0.0073 
   H171902.6  1 0.0102 0.8361 0.0039 0.0114 0.1183 0.0052 0.0149 
   H171902.7  1 0.0215 0.6443 0.0066 0.0084 0.2998 0.0063 0.0131 
   H171902.8  1 0.0254 0.8026 0.0064 0.0127 0.1120 0.0048 0.0360 
   H171902.9  1 0.0088 0.8100 0.0065 0.0084 0.1117 0.0059 0.0488 
   H171903.1  1 0.0041 0.0057 0.0055 0.0077 0.9435 0.0081 0.0254 
   H171903.2  1 0.0045 0.0073 0.0064 0.0121 0.9170 0.0207 0.0321 
   H171903.3  1 0.0092 0.0040 0.0190 0.0118 0.9279 0.0158 0.0123 
   H171903.4  1 0.0051 0.0088 0.0087 0.0045 0.9576 0.0036 0.0117 
   H171903.5  1 0.0150 0.0052 0.0100 0.0118 0.9113 0.0078 0.0389 
   H171903.6  1 0.0097 0.0045 0.0063 0.0059 0.9590 0.0032 0.0115 
      H177.1  1 0.0140 0.0067 0.0173 0.0132 0.9294 0.0084 0.0110 
      H177.2  1 0.0546 0.1522 0.0381 0.0542 0.6357 0.0350 0.0303 
      H177.3  1 0.0457 0.0193 0.0118 0.0120 0.8900 0.0115 0.0097 
      H177.4  1 0.0189 0.0099 0.0048 0.1052 0.8284 0.0278 0.0049 
      H177.5  1 0.0106 0.0173 0.0374 0.0394 0.8494 0.0205 0.0254 
      H177.6  1 0.1417 0.0187 0.0141 0.0142 0.7808 0.0110 0.0195 
      H179.1  1 0.0059 0.0042 0.0108 0.9573 0.0071 0.0067 0.0081 
      H179.2  1 0.0063 0.0058 0.0142 0.9449 0.0111 0.0046 0.0130 
      H179.3  1 0.0053 0.0061 0.0291 0.8869 0.0404 0.0088 0.0234 
      H179.4  1 0.0284 0.0216 0.0514 0.8015 0.0558 0.0336 0.0077 
      H180.1  1 0.0105 0.0066 0.0116 0.0432 0.0073 0.0085 0.9122 
      H180.2  1 0.0081 0.0085 0.0141 0.0266 0.0087 0.0090 0.9250 
      H180.3  1 0.0175 0.0164 0.0091 0.0087 0.0118 0.0040 0.9325 
      H180.4  1 0.0160 0.0080 0.0178 0.0382 0.0172 0.0094 0.8933 
      H180.5  1 0.0069 0.0140 0.0084 0.0304 0.0294 0.0151 0.8959 
      H180.6  1 0.0381 0.0727 0.0064 0.0232 0.0333 0.0063 0.8199 
      H181.1  1 0.0467 0.0157 0.0171 0.8654 0.0298 0.0091 0.0162 
      H181.2  1 0.0274 0.0608 0.0291 0.8320 0.0171 0.0093 0.0243 
      H181.3  1 0.0822 0.0381 0.0299 0.8055 0.0147 0.0104 0.0192 
      H181.4  1 0.0820 0.0355 0.0425 0.4708 0.0446 0.0693 0.2553 
      H181.5  1 0.0089 0.0041 0.0072 0.9638 0.0063 0.0059 0.0038 
      H181.6  1 0.0084 0.0061 0.0053 0.9569 0.0068 0.0062 0.0103 
      H181.7  1 0.0060 0.0042 0.0050 0.9695 0.0062 0.0050 0.0040 
 H194.1_2004  1 0.0054 0.0086 0.0056 0.0028 0.9643 0.0069 0.0063 
 H194.2_2004  1 0.0044 0.0078 0.0048 0.0034 0.9699 0.0041 0.0056 
 H194.3_2004  1 0.0419 0.0318 0.0351 0.0138 0.8643 0.0086 0.0046 
 H194.4_2004  1 0.0161 0.0510 0.0058 0.0084 0.9096 0.0045 0.0046 
 H194.5_2004  1 0.0260 0.0120 0.0203 0.0110 0.9153 0.0118 0.0036 
 H194.6_2004  1 0.0300 0.0222 0.0136 0.0069 0.9130 0.0085 0.0057 
 H194.7_2004  1 0.0052 0.0076 0.0058 0.0038 0.9654 0.0078 0.0043 
 H194.8_2004  1 0.0134 0.0204 0.0101 0.0066 0.9366 0.0072 0.0057 
      H194.9  1 0.0077 0.0084 0.0076 0.0045 0.9608 0.0057 0.0054 
 H195.1_2003  1 0.0264 0.9315 0.0107 0.0055 0.0132 0.0072 0.0055 
 H195.1_2004  1 0.0068 0.9706 0.0057 0.0044 0.0053 0.0040 0.0033 
 H195.2_2003  1 0.0084 0.9176 0.0147 0.0103 0.0270 0.0144 0.0075 
 H195.2_2004  1 0.0060 0.9756 0.0046 0.0034 0.0040 0.0041 0.0024 
 H195.3_2003  1 0.0069 0.6904 0.1070 0.0134 0.0893 0.0252 0.0678 
 H195.3_2004  1 0.0088 0.9711 0.0050 0.0037 0.0054 0.0034 0.0026 
 H195.4_2003  1 0.0090 0.9661 0.0057 0.0059 0.0051 0.0050 0.0033 
 H195.4_2004  1 0.0037 0.9781 0.0055 0.0024 0.0042 0.0035 0.0027 
 H195.5_2003  1 0.0208 0.9264 0.0175 0.0069 0.0108 0.0088 0.0087 
 H195.5_2004  1 0.0047 0.9718 0.0057 0.0041 0.0050 0.0048 0.0039 
 H195.6_2003  1 0.0032 0.9723 0.0042 0.0037 0.0047 0.0047 0.0071 
 H195.6_2004  1 0.0046 0.9745 0.0037 0.0057 0.0058 0.0035 0.0022 
 H195.7_2003  1 0.0109 0.8594 0.0648 0.0116 0.0313 0.0176 0.0044 
 H195.7_2004  1 0.0034 0.9747 0.0050 0.0037 0.0035 0.0048 0.0050 
      H195.8  1 0.0033 0.9772 0.0038 0.0029 0.0044 0.0046 0.0037 
      H195.9  1 0.0071 0.9672 0.0044 0.0045 0.0088 0.0048 0.0032 
      H415.1  1 0.7543 0.0116 0.0117 0.0083 0.0109 0.0051 0.1982 
      H415.2  1 0.0911 0.0146 0.0683 0.0183 0.7487 0.0335 0.0254 
      H415.3  1 0.8787 0.0070 0.0122 0.0573 0.0122 0.0186 0.0141 
      H415.4  1 0.8027 0.0091 0.0252 0.0084 0.0133 0.0082 0.1331 
      H415.5  1 0.9129 0.0085 0.0225 0.0157 0.0168 0.0068 0.0169 
      H415.6  1 0.7926 0.0084 0.0333 0.0131 0.0127 0.0070 0.1330 
      H415.7  1 0.2836 0.0498 0.0218 0.0261 0.5468 0.0641 0.0076 
      H506.1  1 0.0065 0.0043 0.0036 0.9751 0.0037 0.0046 0.0022 
      H506.2  1 0.0097 0.0104 0.0037 0.9650 0.0042 0.0041 0.0029 
      H506.3  1 0.0049 0.0055 0.0080 0.9637 0.0066 0.0062 0.0053 
      H506.4  1 0.0088 0.0059 0.0058 0.9474 0.0123 0.0115 0.0083 
      H506.5  1 0.0123 0.0074 0.0045 0.9598 0.0051 0.0068 0.0041 
      H506.6  1 0.0068 0.0372 0.0057 0.8868 0.0417 0.0143 0.0075 
      H506.7  1 0.0074 0.0064 0.0045 0.9698 0.0034 0.0059 0.0026 
      H533.1  1 0.0073 0.0044 0.0036 0.9746 0.0036 0.0037 0.0028 
      H533.2  1 0.0124 0.0040 0.0030 0.9711 0.0035 0.0030 0.0030 
      H533.3  1 0.0090 0.0030 0.0033 0.9716 0.0046 0.0049 0.0036 
      H533.4  1 0.0124 0.0158 0.0043 0.9440 0.0164 0.0040 0.0031 
      H535.1  1 0.0124 0.0141 0.0141 0.0113 0.0367 0.9011 0.0103 
      H535.2  1 0.0082 0.0094 0.0060 0.0139 0.0111 0.9485 0.0030 
      H535.3  1 0.0054 0.0087 0.0142 0.0132 0.0078 0.9469 0.0038 
      H535.4  1 0.0211 0.0079 0.0090 0.0076 0.0125 0.9383 0.0035 
      H535.5  1 0.0176 0.0074 0.0046 0.0087 0.0221 0.9362 0.0035 
      H535.6  1 0.0045 0.0334 0.0111 0.0090 0.0373 0.8714 0.0333 
      H535.7  1 0.0123 0.0050 0.0077 0.0067 0.0064 0.9587 0.0032 
      H535.8  1 0.0078 0.0091 0.0099 0.0054 0.0089 0.9551 0.0038 
      H535.9  1 0.0072 0.0111 0.0074 0.0078 0.0191 0.9367 0.0108 
      H539.1  1 0.0030 0.0036 0.0030 0.0022 0.0058 0.0032 0.9791 
      H539.2  1 0.0051 0.0061 0.0222 0.0044 0.0415 0.0111 0.9096 
      H539.3  1 0.0037 0.0085 0.0084 0.0032 0.0254 0.0075 0.9433 
      H539.4  1 0.0041 0.0030 0.0042 0.0036 0.0043 0.0040 0.9769 
      H539.5  1 0.0030 0.0028 0.0035 0.0026 0.0058 0.0034 0.9788 
      H539.6  1 0.0027 0.0043 0.0028 0.0031 0.0085 0.0032 0.9753 
      H539.7  1 0.0032 0.0032 0.0033 0.0030 0.0056 0.0030 0.9788 
      H539.8  1 0.0039 0.0048 0.0125 0.0036 0.0132 0.0070 0.9550 
      H539.9  1 0.0026 0.0024 0.0039 0.0033 0.0040 0.0032 0.9806 
      H540.1  1 0.0059 0.0107 0.0044 0.0065 0.0686 0.0071 0.8968 
      H540.2  1 0.0050 0.0051 0.0068 0.0052 0.0268 0.0043 0.9467 
      H540.3  1 0.0131 0.0115 0.0309 0.0050 0.0310 0.0065 0.9021 
      H540.4  1 0.0048 0.0054 0.0055 0.0055 0.0093 0.0059 0.9635 
      H540.5  1 0.0074 0.0037 0.0123 0.0042 0.0153 0.0061 0.9510 
      H540.6  1 0.0087 0.0061 0.0102 0.0092 0.0400 0.0111 0.9147 
      H540.7  1 0.0157 0.0059 0.0082 0.0074 0.0381 0.0100 0.9146 
      H540.8  1 0.0099 0.0060 0.0046 0.0040 0.5005 0.0069 0.4681 
     H9558.1  1 0.0034 0.0061 0.0057 0.0089 0.0062 0.0076 0.9621 
     H9558.2  1 0.0043 0.0066 0.0153 0.0232 0.0111 0.0243 0.9153 
     H9558.3  1 0.0035 0.0049 0.0171 0.0138 0.0077 0.0208 0.9321 
     H9558.4  1 0.0029 0.0031 0.0058 0.0054 0.0090 0.0084 0.9653 
     H9558.5  1 0.0035 0.0019 0.0065 0.0029 0.0032 0.0079 0.9742 
     H9558.6  1 0.0044 0.0038 0.0078 0.0058 0.0119 0.0079 0.9584 
    kos339.1  1 0.9502 0.0037 0.0038 0.0129 0.0053 0.0195 0.0047 
    kos339.2  1 0.9624 0.0057 0.0048 0.0087 0.0038 0.0112 0.0034 
    kos339.3  1 0.9769 0.0032 0.0038 0.0046 0.0049 0.0030 0.0036 
    kos339.4  1 0.9757 0.0034 0.0038 0.0048 0.0046 0.0033 0.0045 
    kos339.5  1 0.9652 0.0035 0.0044 0.0103 0.0043 0.0081 0.0042 
    kos339.6  1 0.9724 0.0045 0.0039 0.0047 0.0055 0.0058 0.0032 
    kos339.7  1 0.9771 0.0036 0.0032 0.0045 0.0038 0.0048 0.0030 
    kos339.8  1 0.9742 0.0043 0.0032 0.0072 0.0034 0.0050 0.0027 
    kos339.9  1 0.9451 0.0099 0.0058 0.0105 0.0097 0.0072 0.0117 
      H409.1 12 0.0115 0.0053 0.9467 0.0197 0.0048 0.0091 0.0028 
     H409.10 12 0.0101 0.0061 0.9340 0.0217 0.0056 0.0127 0.0097 
      H409.2 12 0.0131 0.0049 0.9508 0.0139 0.0050 0.0072 0.0050 
      H409.3 12 0.0068 0.0044 0.9518 0.0177 0.0075 0.0064 0.0053 
      H409.4 12 0.0070 0.0037 0.9678 0.0075 0.0053 0.0047 0.0038 
      H409.5 12 0.0078 0.0068 0.9411 0.0165 0.0108 0.0102 0.0067 
      H409.6 12 0.0044 0.0060 0.4439 0.4736 0.0209 0.0395 0.0117 
      H409.7 12 0.0130 0.0111 0.9445 0.0105 0.0047 0.0125 0.0038 
      H409.8 12 0.0071 0.0057 0.9168 0.0276 0.0106 0.0265 0.0057 
      H409.9 12 0.0055 0.0044 0.2725 0.1827 0.0126 0.1485 0.3738 
      H413.1 12 0.0095 0.0035 0.9410 0.0086 0.0046 0.0163 0.0165 
      H413.2 12 0.0136 0.0067 0.9390 0.0177 0.0044 0.0063 0.0123 
      H413.3 12 0.0025 0.0050 0.9654 0.0088 0.0050 0.0070 0.0062 
      H413.4 12 0.0065 0.0057 0.9346 0.0127 0.0036 0.0255 0.0113 
      H413.5 12 0.0041 0.0053 0.7487 0.0086 0.0053 0.0074 0.2206 
      H413.6 12 0.0070 0.0029 0.9275 0.0053 0.0040 0.0095 0.0437 
      H413.7 12 0.0069 0.0054 0.9583 0.0071 0.0031 0.0074 0.0119 
      H563.1 12 0.0048 0.0043 0.0172 0.0060 0.0057 0.9408 0.0211 
      H563.2 12 0.0164 0.0059 0.0233 0.0069 0.0166 0.9228 0.0080 
      H563.3 12 0.0033 0.0046 0.0072 0.0062 0.0071 0.9599 0.0117 
      H563.4 12 0.0079 0.0046 0.0241 0.0070 0.0111 0.9362 0.0092 
      H563.5 12 0.0049 0.0035 0.0140 0.0040 0.0069 0.9520 0.0146 
      H563.6 12 0.0167 0.0047 0.0150 0.0091 0.0079 0.9391 0.0074 
      H563.7 12 0.0173 0.0043 0.0167 0.0066 0.0051 0.9449 0.0051 
      H563.8 12 0.0058 0.0038 0.0171 0.0072 0.0176 0.9232 0.0253 
      H563.9 12 0.0173 0.0094 0.0313 0.0114 0.0172 0.9071 0.0063 
     H7374.1 12 0.0170 0.0271 0.8015 0.0152 0.0477 0.0778 0.0137 
     H7374.2 12 0.0044 0.0092 0.9243 0.0084 0.0314 0.0161 0.0062 
     H7374.3 12 0.0074 0.0477 0.7847 0.0077 0.0927 0.0478 0.0120 
     H7374.4 12 0.0169 0.0100 0.8687 0.0043 0.0124 0.0808 0.0069 
     H7374.5 12 0.0264 0.0220 0.8863 0.0097 0.0156 0.0239 0.0162 
     H7374.6 12 0.0198 0.1414 0.5828 0.0090 0.0415 0.1951 0.0104 
     H7374.7 12 0.0188 0.0139 0.9398 0.0057 0.0058 0.0117 0.0043 
     H7374.8 12 0.0132 0.0407 0.6729 0.0092 0.0220 0.2375 0.0045 
     H7374.9 12 0.0258 0.0333 0.8929 0.0089 0.0145 0.0126 0.0121 
     H9563.1 12 0.0064 0.0052 0.0113 0.0075 0.0068 0.9569 0.0060 
     H9563.2 12 0.0044 0.0056 0.0053 0.0067 0.0068 0.9595 0.0116 
     H9563.3 12 0.0050 0.0064 0.0055 0.0082 0.0048 0.9671 0.0029 
     H9563.4 12 0.0089 0.0082 0.0080 0.0074 0.0098 0.9474 0.0102 
     H9563.5 12 0.0090 0.0074 0.0082 0.0073 0.0089 0.9523 0.0070 
     H9563.6 12 0.0035 0.0044 0.0044 0.0137 0.0042 0.9643 0.0054 
     H9563.7 12 0.0025 0.0038 0.0043 0.0070 0.0037 0.9756 0.0030 
     H9563.8 12 0.0303 0.0092 0.0115 0.0205 0.0210 0.8784 0.0291 
     H9563.9 12 0.0082 0.0046 0.0083 0.0201 0.0082 0.9388 0.0118 
     H9572.1 12 0.0057 0.0288 0.0140 0.0834 0.0123 0.7280 0.1279 
     H9572.2 12 0.0098 0.1864 0.0161 0.0287 0.1012 0.6313 0.0264 
     H9572.3 12 0.1002 0.0119 0.0677 0.0439 0.1746 0.5698 0.0318 
     H9572.4 12 0.0171 0.0486 0.0126 0.0449 0.0278 0.8252 0.0238 
     H9572.5 12 0.0552 0.0964 0.0080 0.0929 0.1337 0.5618 0.0520 
