      H105.1  1 0.0071 0.0094 0.9726 0.0109 
      H105.2  1 0.0086 0.0189 0.9545 0.0179 
      H105.3  1 0.0059 0.0051 0.9849 0.0041 
      H105.4  1 0.0222 0.0155 0.9478 0.0146 
      H105.5  1 0.0185 0.0585 0.8962 0.0268 
      H105.6  1 0.0227 0.0149 0.9535 0.0089 
      H105.7  1 0.0065 0.0084 0.9795 0.0056 
      H105.8  1 0.0045 0.0060 0.9803 0.0093 
      H115.1  1 0.0081 0.8578 0.0855 0.0485 
      H115.2  1 0.0056 0.9772 0.0096 0.0076 
      H115.3  1 0.0050 0.9607 0.0179 0.0163 
      H115.4  1 0.0094 0.9062 0.0115 0.0729 
      H115.5  1 0.0117 0.9050 0.0272 0.0561 
      H115.6  1 0.0080 0.9629 0.0091 0.0201 
      H115.7  1 0.0077 0.8961 0.0765 0.0198 
      H115.8  1 0.0050 0.9652 0.0137 0.0160 
      H115.9  1 0.0063 0.9505 0.0269 0.0164 
      H145.1  1 0.9673 0.0207 0.0049 0.0071 
      H145.2  1 0.9722 0.0116 0.0077 0.0085 
      H145.3  1 0.9828 0.0084 0.0051 0.0036 
      H145.4  1 0.9798 0.0057 0.0064 0.0081 
      H145.5  1 0.9764 0.0118 0.0058 0.0060 
      H145.6  1 0.9768 0.0058 0.0096 0.0078 
      H145.7  1 0.9830 0.0053 0.0058 0.0059 
      H149.1  1 0.0088 0.0067 0.0051 0.9794 
      H149.2  1 0.0204 0.0071 0.0102 0.9623 
      H149.3  1 0.0387 0.0127 0.0193 0.9293 
      H149.4  1 0.0067 0.0054 0.0150 0.9729 
      H149.5  1 0.0208 0.0055 0.0300 0.9438 
      H149.6  1 0.0181 0.0050 0.0175 0.9594 
      H149.7  1 0.0076 0.0084 0.0173 0.9667 
      H150.1  1 0.0047 0.9860 0.0056 0.0037 
      H150.2  1 0.0057 0.9799 0.0068 0.0075 
      H150.3  1 0.0059 0.9669 0.0201 0.0071 
      H150.4  1 0.0048 0.9838 0.0075 0.0039 
      H150.5  1 0.0052 0.9727 0.0132 0.0089 
      H150.6  1 0.0080 0.9688 0.0124 0.0108 
      H150.7  1 0.0060 0.9826 0.0068 0.0046 
   H169607.1  1 0.0311 0.9513 0.0060 0.0116 
   H169607.2  1 0.0666 0.9084 0.0148 0.0103 
   H169607.3  1 0.0730 0.8916 0.0170 0.0185 
   H169607.4  1 0.1327 0.8527 0.0095 0.0051 
   H169607.5  1 0.0807 0.9062 0.0068 0.0063 
   H169607.6  1 0.0666 0.9108 0.0129 0.0096 
   H169607.7  1 0.0358 0.9431 0.0073 0.0138 
   H169607.8  1 0.1003 0.8705 0.0222 0.0070 
   H169633.1  1 0.0229 0.0157 0.0163 0.9451 
   H169633.2  1 0.0143 0.0063 0.0086 0.9708 
   H169633.3  1 0.0460 0.0103 0.0137 0.9300 
   H169633.4  1 0.0384 0.0144 0.0170 0.9302 
   H169633.5  1 0.0333 0.0143 0.0150 0.9374 
   H169688.1  1 0.1157 0.6511 0.0439 0.1893 
   H169688.2  1 0.1310 0.5077 0.1112 0.2500 
   H169688.3  1 0.0418 0.6952 0.0307 0.2323 
   H169688.4  1 0.0111 0.9725 0.0035 0.0130 
   H169688.5  1 0.0092 0.9746 0.0035 0.0127 
   H169688.6  1 0.0498 0.5961 0.0186 0.3354 
   H169688.7  1 0.1517 0.6661 0.0158 0.1664 
   H171901.1  1 0.0474 0.6336 0.2836 0.0355 
   H171901.2  1 0.0285 0.0938 0.0237 0.8541 
   H171901.3  1 0.0157 0.0457 0.0166 0.9221 
   H171901.4  1 0.0093 0.0355 0.0145 0.9407 
   H171901.5  1 0.0153 0.0389 0.0094 0.9365 
   H171901.6  1 0.0400 0.0652 0.0111 0.8836 
   H171901.7  1 0.0764 0.0489 0.0091 0.8656 
   H171902.1  1 0.0221 0.9377 0.0032 0.0369 
  H171902.10  1 0.0180 0.9155 0.0049 0.0615 
   H171902.2  1 0.0133 0.9274 0.0072 0.0521 
   H171902.3  1 0.0114 0.9134 0.0046 0.0705 
   H171902.4  1 0.0512 0.8367 0.0062 0.1058 
   H171902.6  1 0.0170 0.9002 0.0041 0.0786 
   H171902.7  1 0.0333 0.9254 0.0038 0.0375 
   H171902.8  1 0.0186 0.8771 0.0045 0.0998 
   H171902.9  1 0.0089 0.9792 0.0048 0.0071 
   H171903.1  1 0.0260 0.9548 0.0087 0.0105 
   H171903.2  1 0.0728 0.8630 0.0530 0.0111 
   H171903.3  1 0.1295 0.7162 0.0866 0.0677 
   H171903.4  1 0.0172 0.9686 0.0083 0.0060 
   H171903.5  1 0.0136 0.9282 0.0113 0.0469 
   H171903.6  1 0.0084 0.9727 0.0038 0.0151 
      H177.1  1 0.6889 0.1702 0.0094 0.1315 
      H177.2  1 0.6490 0.0568 0.0171 0.2771 
      H177.3  1 0.6032 0.1008 0.0105 0.2855 
      H177.4  1 0.6884 0.0150 0.0155 0.2811 
      H177.5  1 0.7664 0.0457 0.0367 0.1512 
      H177.6  1 0.3994 0.0735 0.0077 0.5194 
      H179.1  1 0.0044 0.0112 0.0220 0.9625 
      H179.2  1 0.0056 0.0349 0.0061 0.9534 
      H179.3  1 0.0110 0.0975 0.0165 0.8750 
      H179.4  1 0.0773 0.0093 0.0124 0.9010 
      H180.1  1 0.0059 0.9389 0.0096 0.0456 
      H180.2  1 0.0104 0.9175 0.0130 0.0591 
      H180.3  1 0.0074 0.9744 0.0052 0.0130 
      H180.4  1 0.0089 0.9112 0.0171 0.0628 
      H180.5  1 0.0211 0.9347 0.0079 0.0363 
      H180.6  1 0.0467 0.9044 0.0092 0.0397 
      H181.1  1 0.0124 0.0445 0.0192 0.9239 
      H181.2  1 0.0261 0.0201 0.0136 0.9402 
      H181.3  1 0.0183 0.0167 0.0239 0.9412 
      H181.4  1 0.0452 0.2124 0.0388 0.7036 
      H181.5  1 0.0053 0.0064 0.0209 0.9674 
      H181.6  1 0.0076 0.0164 0.0143 0.9617 
      H181.7  1 0.0086 0.0110 0.0173 0.9631 
 H194.1_2004  1 0.9479 0.0353 0.0081 0.0087 
 H194.2_2004  1 0.9321 0.0484 0.0130 0.0065 
 H194.3_2004  1 0.8847 0.0090 0.0067 0.0996 
 H194.4_2004  1 0.9672 0.0157 0.0061 0.0110 
 H194.5_2004  1 0.9492 0.0129 0.0096 0.0282 
 H194.6_2004  1 0.9271 0.0189 0.0072 0.0468 
 H194.7_2004  1 0.9405 0.0249 0.0260 0.0087 
 H194.8_2004  1 0.9676 0.0107 0.0097 0.0119 
      H194.9  1 0.9704 0.0152 0.0088 0.0056 
 H195.1_2003  1 0.9636 0.0070 0.0066 0.0228 
 H195.1_2004  1 0.9821 0.0060 0.0047 0.0072 
 H195.2_2003  1 0.9630 0.0179 0.0093 0.0098 
 H195.2_2004  1 0.9836 0.0053 0.0046 0.0065 
 H195.3_2003  1 0.8758 0.0927 0.0225 0.0089 
 H195.3_2004  1 0.9778 0.0047 0.0057 0.0118 
 H195.4_2003  1 0.9766 0.0042 0.0048 0.0144 
 H195.4_2004  1 0.9839 0.0056 0.0046 0.0059 
 H195.5_2003  1 0.9604 0.0083 0.0098 0.0214 
 H195.5_2004  1 0.9854 0.0044 0.0048 0.0055 
 H195.6_2003  1 0.9661 0.0201 0.0084 0.0054 
 H195.6_2004  1 0.9817 0.0044 0.0061 0.0078 
 H195.7_2003  1 0.9680 0.0069 0.0070 0.0180 
 H195.7_2004  1 0.9793 0.0093 0.0062 0.0052 
      H195.8  1 0.9841 0.0053 0.0058 0.0048 
      H195.9  1 0.9846 0.0048 0.0034 0.0071 
      H415.1  1 0.0153 0.1845 0.0092 0.7909 
      H415.2  1 0.0523 0.3823 0.0251 0.5402 
      H415.3  1 0.0108 0.0118 0.0075 0.9698 
      H415.4  1 0.0234 0.1084 0.0108 0.8575 
      H415.5  1 0.0107 0.0128 0.0051 0.9714 
      H415.6  1 0.0268 0.1364 0.0071 0.8296 
      H415.7  1 0.2346 0.0705 0.0159 0.6789 
      H506.1  1 0.0050 0.0030 0.0120 0.9800 
      H506.2  1 0.0120 0.0050 0.0093 0.9738 
      H506.3  1 0.0067 0.0118 0.0123 0.9693 
      H506.4  1 0.0059 0.0110 0.0081 0.9749 
      H506.5  1 0.0083 0.0047 0.0103 0.9768 
      H506.6  1 0.0342 0.0282 0.0190 0.9186 
      H506.7  1 0.0074 0.0036 0.0087 0.9803 
      H533.1  1 0.0040 0.0044 0.0052 0.9865 
      H533.2  1 0.0054 0.0050 0.0054 0.9843 
      H533.3  1 0.0044 0.0042 0.0068 0.9847 
      H533.4  1 0.0138 0.0053 0.0082 0.9727 
      H535.1  1 0.9449 0.0131 0.0063 0.0357 
      H535.2  1 0.9738 0.0064 0.0075 0.0124 
      H535.3  1 0.9638 0.0054 0.0137 0.0170 
      H535.4  1 0.9771 0.0031 0.0089 0.0109 
      H535.5  1 0.9708 0.0062 0.0066 0.0164 
      H535.6  1 0.9720 0.0136 0.0055 0.0089 
      H535.7  1 0.9755 0.0042 0.0057 0.0146 
      H535.8  1 0.9848 0.0041 0.0048 0.0063 
      H535.9  1 0.9640 0.0105 0.0058 0.0196 
      H539.1  1 0.0040 0.9886 0.0042 0.0031 
      H539.2  1 0.0082 0.9798 0.0070 0.0050 
      H539.3  1 0.0096 0.9794 0.0064 0.0046 
      H539.4  1 0.0044 0.9857 0.0060 0.0038 
      H539.5  1 0.0040 0.9887 0.0043 0.0030 
      H539.6  1 0.0048 0.9887 0.0035 0.0029 
      H539.7  1 0.0039 0.9858 0.0066 0.0037 
      H539.8  1 0.0117 0.9759 0.0070 0.0054 
      H539.9  1 0.0035 0.9886 0.0048 0.0031 
      H540.1  1 0.0078 0.9829 0.0037 0.0055 
      H540.2  1 0.0050 0.9808 0.0072 0.0069 
      H540.3  1 0.0215 0.9611 0.0080 0.0094 
      H540.4  1 0.0060 0.9815 0.0063 0.0061 
      H540.5  1 0.0057 0.9811 0.0052 0.0080 
      H540.6  1 0.0061 0.9795 0.0063 0.0080 
      H540.7  1 0.0075 0.9696 0.0092 0.0137 
      H540.8  1 0.0077 0.9783 0.0050 0.0090 
     H9558.1  1 0.0090 0.9825 0.0047 0.0038 
     H9558.2  1 0.0157 0.9589 0.0171 0.0084 
     H9558.3  1 0.0082 0.9459 0.0400 0.0059 
     H9558.4  1 0.0069 0.9813 0.0070 0.0047 
     H9558.5  1 0.0052 0.9804 0.0103 0.0040 
     H9558.6  1 0.0106 0.9607 0.0220 0.0067 
    kos339.1  1 0.0075 0.0066 0.0108 0.9750 
    kos339.2  1 0.0125 0.0062 0.0078 0.9735 
    kos339.3  1 0.0092 0.0049 0.0039 0.9819 
    kos339.4  1 0.0086 0.0057 0.0045 0.9812 
    kos339.5  1 0.0057 0.0069 0.0085 0.9790 
    kos339.6  1 0.0128 0.0049 0.0050 0.9773 
    kos339.7  1 0.0112 0.0049 0.0030 0.9809 
    kos339.8  1 0.0072 0.0047 0.0037 0.9845 
    kos339.9  1 0.0136 0.0224 0.0098 0.9542 
      H409.1 12 0.0062 0.0038 0.0376 0.9523 
     H409.10 12 0.0170 0.0115 0.0472 0.9244 
      H409.2 12 0.0096 0.0067 0.0066 0.9770 
      H409.3 12 0.0227 0.0143 0.0216 0.9414 
      H409.4 12 0.0262 0.0115 0.0192 0.9431 
      H409.5 12 0.0205 0.0243 0.0245 0.9307 
      H409.6 12 0.0298 0.0143 0.6255 0.3304 
      H409.7 12 0.0435 0.0065 0.1099 0.8401 
      H409.8 12 0.0088 0.0095 0.1060 0.8757 
      H409.9 12 0.0154 0.3915 0.2492 0.3439 
      H413.1 12 0.0057 0.0090 0.9809 0.0044 
      H413.2 12 0.0118 0.0068 0.9756 0.0059 
      H413.3 12 0.0050 0.0119 0.9776 0.0055 
      H413.4 12 0.0061 0.0071 0.9785 0.0083 
      H413.5 12 0.0061 0.1150 0.8734 0.0055 
      H413.6 12 0.0102 0.0450 0.9394 0.0055 
      H413.7 12 0.0060 0.0083 0.9807 0.0051 
      H563.1 12 0.0061 0.0067 0.9818 0.0054 
      H563.2 12 0.0087 0.0097 0.9694 0.0121 
      H563.3 12 0.0041 0.0070 0.9844 0.0045 
      H563.4 12 0.0045 0.0065 0.9833 0.0057 
      H563.5 12 0.0049 0.0063 0.9838 0.0050 
      H563.6 12 0.0056 0.0069 0.9765 0.0111 
      H563.7 12 0.0053 0.0042 0.9818 0.0087 
      H563.8 12 0.0047 0.0131 0.9742 0.0080 
      H563.9 12 0.0064 0.0080 0.9701 0.0155 
     H7374.1 12 0.8545 0.0141 0.1168 0.0146 
     H7374.2 12 0.7131 0.0505 0.2281 0.0082 
     H7374.3 12 0.9254 0.0129 0.0550 0.0067 
     H7374.4 12 0.9213 0.0261 0.0341 0.0185 
     H7374.5 12 0.8054 0.0539 0.1116 0.0291 
     H7374.6 12 0.9760 0.0068 0.0102 0.0070 
     H7374.7 12 0.9696 0.0058 0.0151 0.0095 
     H7374.8 12 0.9091 0.0069 0.0734 0.0105 
     H7374.9 12 0.8933 0.0456 0.0450 0.0161 
     H9563.1 12 0.0089 0.0106 0.9695 0.0110 
     H9563.2 12 0.0068 0.0126 0.9743 0.0062 
     H9563.3 12 0.0089 0.0043 0.9771 0.0097 
     H9563.4 12 0.0341 0.0244 0.9179 0.0236 
     H9563.5 12 0.0122 0.0139 0.9601 0.0138 
     H9563.6 12 0.0078 0.0057 0.9808 0.0057 
     H9563.7 12 0.0071 0.0050 0.9836 0.0043 
     H9563.8 12 0.0143 0.0290 0.8828 0.0740 
     H9563.9 12 0.0068 0.0148 0.9663 0.0122 
     H9572.1 12 0.0883 0.1835 0.6580 0.0702 
     H9572.2 12 0.2412 0.0594 0.6681 0.0312 
     H9572.3 12 0.2173 0.1551 0.3118 0.3158 
     H9572.4 12 0.4907 0.0307 0.3714 0.1072 
     H9572.5 12 0.3789 0.1669 0.2271 0.2271 
