      H105.1  1 0.0041 0.0022 0.0023 0.0031 0.0031 0.0024 0.0023 0.9620 0.0026 0.0028 0.0026 0.0027 0.0027 0.0025 0.0025 
      H105.2  1 0.0041 0.0035 0.0036 0.0067 0.0030 0.0026 0.0045 0.9412 0.0022 0.0055 0.0034 0.0047 0.0048 0.0031 0.0072 
      H105.3  1 0.0051 0.0032 0.0021 0.0034 0.0032 0.0026 0.0029 0.9584 0.0029 0.0026 0.0031 0.0031 0.0032 0.0024 0.0019 
      H105.4  1 0.0048 0.0029 0.0030 0.0030 0.0028 0.0037 0.0046 0.9514 0.0029 0.0052 0.0032 0.0022 0.0047 0.0029 0.0026 
      H105.5  1 0.0050 0.0035 0.0046 0.0042 0.0034 0.0026 0.0079 0.9309 0.0043 0.0100 0.0051 0.0039 0.0052 0.0069 0.0024 
      H105.6  1 0.0061 0.0071 0.0051 0.0043 0.0035 0.0049 0.0066 0.9240 0.0062 0.0042 0.0041 0.0042 0.0086 0.0072 0.0038 
      H105.7  1 0.0191 0.0079 0.0096 0.0055 0.0032 0.0036 0.0063 0.9075 0.0027 0.0095 0.0031 0.0045 0.0072 0.0062 0.0041 
      H105.8  1 0.0033 0.0029 0.0021 0.0041 0.0022 0.0024 0.0037 0.9595 0.0019 0.0030 0.0026 0.0022 0.0039 0.0032 0.0029 
      H115.1  1 0.0109 0.0492 0.0057 0.0079 0.0107 0.0035 0.8405 0.0042 0.0042 0.0150 0.0045 0.0075 0.0172 0.0122 0.0068 
      H115.2  1 0.0057 0.0062 0.0063 0.0041 0.0043 0.0025 0.9125 0.0032 0.0033 0.0087 0.0032 0.0066 0.0040 0.0206 0.0089 
      H115.3  1 0.0075 0.0029 0.0036 0.0028 0.0052 0.0039 0.9292 0.0043 0.0042 0.0048 0.0037 0.0089 0.0030 0.0101 0.0060 
      H115.4  1 0.0038 0.0045 0.0038 0.0277 0.0130 0.0054 0.8877 0.0042 0.0076 0.0136 0.0030 0.0099 0.0032 0.0044 0.0080 
      H115.5  1 0.0051 0.0152 0.0068 0.0075 0.0323 0.0098 0.8234 0.0137 0.0137 0.0124 0.0040 0.0157 0.0078 0.0270 0.0055 
      H115.6  1 0.0102 0.0032 0.0079 0.0039 0.0199 0.0028 0.8279 0.0040 0.0050 0.0066 0.0076 0.0378 0.0045 0.0253 0.0333 
      H115.7  1 0.0141 0.0356 0.0076 0.0050 0.0086 0.0029 0.8486 0.0049 0.0054 0.0210 0.0063 0.0062 0.0123 0.0115 0.0101 
      H115.8  1 0.0066 0.0041 0.0038 0.0037 0.0094 0.0019 0.9276 0.0050 0.0035 0.0052 0.0038 0.0050 0.0032 0.0080 0.0093 
      H115.9  1 0.0106 0.0122 0.0052 0.0081 0.0059 0.0037 0.8181 0.0057 0.0047 0.0117 0.0037 0.0072 0.0164 0.0818 0.0051 
      H145.1  1 0.0062 0.0030 0.0137 0.0038 0.0047 0.0055 0.0055 0.0029 0.8891 0.0100 0.0068 0.0129 0.0048 0.0064 0.0248 
      H145.2  1 0.0047 0.0022 0.0104 0.0044 0.0060 0.0048 0.0063 0.0021 0.9259 0.0043 0.0040 0.0075 0.0045 0.0044 0.0084 
      H145.3  1 0.0029 0.0026 0.0040 0.0028 0.0026 0.0034 0.0039 0.0027 0.9201 0.0037 0.0031 0.0025 0.0037 0.0024 0.0398 
      H145.4  1 0.0080 0.0025 0.0142 0.0033 0.0030 0.0029 0.0032 0.0031 0.9257 0.0064 0.0063 0.0050 0.0058 0.0037 0.0066 
      H145.5  1 0.0049 0.0023 0.0044 0.0024 0.0033 0.0025 0.0033 0.0037 0.8716 0.0045 0.0054 0.0045 0.0034 0.0034 0.0802 
      H145.6  1 0.0054 0.0036 0.0080 0.0039 0.0043 0.0036 0.0024 0.0027 0.9432 0.0044 0.0037 0.0052 0.0026 0.0033 0.0038 
      H145.7  1 0.0041 0.0023 0.0048 0.0034 0.0052 0.0031 0.0037 0.0024 0.9527 0.0028 0.0032 0.0037 0.0033 0.0022 0.0031 
      H149.1  1 0.0027 0.0031 0.0061 0.0029 0.9497 0.0031 0.0030 0.0033 0.0032 0.0032 0.0037 0.0051 0.0043 0.0025 0.0043 
      H149.2  1 0.0047 0.0023 0.0054 0.0037 0.9371 0.0037 0.0028 0.0031 0.0057 0.0054 0.0043 0.0048 0.0067 0.0028 0.0076 
      H149.3  1 0.0564 0.0041 0.0314 0.0217 0.7151 0.0091 0.0268 0.0101 0.0359 0.0433 0.0061 0.0078 0.0125 0.0050 0.0147 
      H149.4  1 0.0045 0.0035 0.0037 0.0084 0.9429 0.0025 0.0028 0.0050 0.0033 0.0025 0.0035 0.0040 0.0039 0.0039 0.0057 
      H149.5  1 0.0412 0.0034 0.0101 0.0172 0.8304 0.0082 0.0040 0.0202 0.0177 0.0234 0.0039 0.0065 0.0077 0.0025 0.0036 
      H149.6  1 0.0053 0.0027 0.0041 0.0032 0.9445 0.0034 0.0033 0.0046 0.0068 0.0044 0.0027 0.0049 0.0042 0.0022 0.0038 
      H149.7  1 0.0338 0.0067 0.0408 0.0369 0.7536 0.0054 0.0167 0.0165 0.0050 0.0413 0.0061 0.0142 0.0099 0.0035 0.0094 
      H150.1  1 0.0053 0.0037 0.0041 0.0025 0.0024 0.0022 0.7614 0.0052 0.0042 0.0063 0.0036 0.0055 0.0057 0.1833 0.0049 
      H150.2  1 0.0055 0.0060 0.0042 0.0034 0.0049 0.0035 0.8794 0.0044 0.0031 0.0057 0.0036 0.0052 0.0041 0.0578 0.0092 
      H150.3  1 0.0059 0.0248 0.0052 0.0042 0.0062 0.0024 0.3261 0.0050 0.0071 0.0125 0.0099 0.0129 0.0087 0.5262 0.0429 
      H150.4  1 0.0060 0.0067 0.0032 0.0032 0.0032 0.0017 0.1064 0.0052 0.0083 0.0078 0.0072 0.0080 0.0057 0.8179 0.0096 
      H150.5  1 0.0118 0.0046 0.0059 0.0032 0.0041 0.0025 0.8946 0.0037 0.0049 0.0094 0.0065 0.0098 0.0051 0.0287 0.0052 
      H150.6  1 0.0043 0.0025 0.0038 0.0051 0.0039 0.0042 0.9139 0.0060 0.0082 0.0077 0.0133 0.0058 0.0080 0.0084 0.0051 
      H150.7  1 0.0046 0.0050 0.0039 0.0051 0.0044 0.0025 0.3432 0.0113 0.0062 0.0064 0.0034 0.0063 0.0034 0.5746 0.0198 
   H169607.1  1 0.0052 0.0038 0.0055 0.0089 0.0040 0.0035 0.0082 0.0036 0.0199 0.8673 0.0110 0.0182 0.0036 0.0227 0.0146 
   H169607.2  1 0.0055 0.0038 0.0051 0.0032 0.0035 0.0059 0.0049 0.0063 0.0066 0.9227 0.0055 0.0028 0.0035 0.0104 0.0102 
   H169607.3  1 0.0045 0.0035 0.0084 0.0073 0.0040 0.0044 0.0095 0.0043 0.0111 0.9097 0.0035 0.0086 0.0038 0.0071 0.0102 
   H169607.4  1 0.0057 0.0031 0.0062 0.0023 0.0032 0.0042 0.0039 0.0069 0.0146 0.8905 0.0185 0.0058 0.0035 0.0188 0.0128 
   H169607.5  1 0.0055 0.0042 0.0110 0.0029 0.0032 0.0042 0.0030 0.0026 0.0040 0.9357 0.0043 0.0030 0.0024 0.0112 0.0029 
   H169607.6  1 0.0039 0.0035 0.0048 0.0033 0.0027 0.0046 0.0034 0.0089 0.0057 0.9317 0.0051 0.0030 0.0028 0.0073 0.0092 
   H169607.7  1 0.0043 0.0029 0.0074 0.0061 0.0051 0.0037 0.0076 0.0084 0.0100 0.9205 0.0032 0.0048 0.0018 0.0058 0.0084 
   H169607.8  1 0.0047 0.0039 0.0061 0.0027 0.0029 0.0047 0.0039 0.0069 0.0048 0.9243 0.0130 0.0032 0.0041 0.0082 0.0065 
   H169633.1  1 0.0085 0.0233 0.0064 0.0046 0.8865 0.0047 0.0053 0.0041 0.0174 0.0083 0.0066 0.0107 0.0038 0.0052 0.0044 
   H169633.2  1 0.0042 0.0079 0.0050 0.0082 0.7949 0.0092 0.0069 0.0158 0.0158 0.0052 0.0050 0.1073 0.0095 0.0028 0.0025 
   H169633.3  1 0.0100 0.0082 0.0338 0.0054 0.8751 0.0088 0.0070 0.0036 0.0067 0.0045 0.0062 0.0094 0.0087 0.0076 0.0050 
   H169633.4  1 0.0100 0.0134 0.0154 0.0048 0.8921 0.0059 0.0063 0.0041 0.0072 0.0051 0.0077 0.0080 0.0056 0.0097 0.0046 
   H169633.5  1 0.0099 0.0122 0.0168 0.0045 0.8908 0.0064 0.0051 0.0055 0.0068 0.0052 0.0079 0.0090 0.0061 0.0088 0.0052 
   H169688.1  1 0.0039 0.0314 0.0113 0.0107 0.0095 0.0070 0.0034 0.0035 0.0055 0.8771 0.0091 0.0039 0.0059 0.0051 0.0124 
   H169688.2  1 0.0070 0.0126 0.0194 0.0102 0.0050 0.0029 0.0044 0.0213 0.0095 0.8490 0.0084 0.0045 0.0328 0.0098 0.0033 
   H169688.3  1 0.0055 0.0050 0.0051 0.0037 0.0048 0.0022 0.0047 0.0072 0.0065 0.9208 0.0048 0.0089 0.0117 0.0059 0.0033 
   H169688.4  1 0.0026 0.0034 0.0041 0.0032 0.0040 0.0025 0.0086 0.0023 0.0035 0.9230 0.0032 0.0040 0.0067 0.0258 0.0032 
   H169688.5  1 0.0027 0.0038 0.0037 0.0035 0.0032 0.0028 0.0109 0.0021 0.0058 0.9200 0.0035 0.0048 0.0071 0.0231 0.0030 
   H169688.6  1 0.0036 0.0140 0.0058 0.0893 0.0107 0.0084 0.0044 0.0043 0.0046 0.8319 0.0048 0.0025 0.0037 0.0083 0.0038 
   H169688.7  1 0.0069 0.0048 0.0142 0.0081 0.0088 0.0025 0.0201 0.0076 0.0944 0.7496 0.0111 0.0129 0.0290 0.0137 0.0163 
   H171901.1  1 0.0495 0.0443 0.1092 0.0192 0.0127 0.0028 0.1624 0.0642 0.0372 0.4212 0.0061 0.0249 0.0066 0.0322 0.0073 
   H171901.2  1 0.0066 0.0040 0.0206 0.0030 0.7705 0.0036 0.0106 0.0896 0.0066 0.0183 0.0266 0.0077 0.0054 0.0186 0.0082 
   H171901.3  1 0.0115 0.0165 0.0463 0.0089 0.6921 0.0095 0.0443 0.0105 0.0087 0.0770 0.0165 0.0164 0.0074 0.0291 0.0053 
   H171901.4  1 0.0059 0.0054 0.0091 0.0055 0.7940 0.0047 0.0259 0.0697 0.0064 0.0206 0.0151 0.0105 0.0062 0.0134 0.0077 
   H171901.5  1 0.0049 0.0033 0.0108 0.0108 0.6580 0.0057 0.0613 0.0442 0.0110 0.0381 0.0241 0.0862 0.0086 0.0166 0.0165 
   H171901.6  1 0.0054 0.0048 0.0560 0.0346 0.5020 0.0097 0.0732 0.0197 0.0132 0.0329 0.0218 0.1420 0.0180 0.0423 0.0245 
   H171901.7  1 0.0045 0.0058 0.6235 0.0122 0.2308 0.0080 0.0300 0.0059 0.0072 0.0264 0.0047 0.0186 0.0064 0.0101 0.0058 
   H171902.1  1 0.0024 0.0023 0.0030 0.0039 0.0038 0.0030 0.0035 0.0022 0.0050 0.0047 0.0029 0.0068 0.0034 0.0037 0.9495 
  H171902.10  1 0.0034 0.0022 0.0044 0.0048 0.0036 0.0022 0.0052 0.0030 0.0028 0.0044 0.0033 0.0034 0.0024 0.0022 0.9526 
   H171902.2  1 0.0036 0.0043 0.0036 0.0052 0.0110 0.0024 0.0051 0.0022 0.0046 0.0065 0.0023 0.0085 0.0031 0.0044 0.9332 
   H171902.3  1 0.0027 0.0037 0.0036 0.0037 0.0114 0.0029 0.0052 0.0031 0.0033 0.0061 0.0027 0.0063 0.0043 0.0039 0.9372 
   H171902.4  1 0.0027 0.0026 0.0043 0.0028 0.0070 0.0021 0.0039 0.0021 0.0034 0.0025 0.0043 0.0044 0.0033 0.0029 0.9517 
   H171902.6  1 0.0022 0.0020 0.0028 0.0031 0.0043 0.0028 0.0031 0.0022 0.0033 0.0028 0.0028 0.0034 0.0026 0.0039 0.9586 
   H171902.7  1 0.0044 0.0019 0.0134 0.0038 0.0086 0.0026 0.0086 0.0078 0.0027 0.0230 0.0048 0.0052 0.0028 0.0029 0.9075 
   H171902.8  1 0.0028 0.0032 0.0043 0.0038 0.0073 0.0021 0.0050 0.0028 0.0028 0.0042 0.0034 0.0058 0.0024 0.0056 0.9444 
   H171902.9  1 0.0032 0.0028 0.0026 0.0029 0.0028 0.0024 0.0036 0.0025 0.0036 0.0036 0.0028 0.0041 0.0030 0.0057 0.9543 
   H171903.1  1 0.0059 0.0031 0.0084 0.0031 0.0031 0.0064 0.0156 0.0103 0.0049 0.9061 0.0042 0.0064 0.0042 0.0145 0.0036 
   H171903.2  1 0.0162 0.0025 0.0327 0.0038 0.0035 0.0124 0.0220 0.0705 0.0074 0.7776 0.0081 0.0095 0.0074 0.0208 0.0055 
   H171903.3  1 0.0076 0.0031 0.0990 0.0037 0.0066 0.0285 0.0113 0.0518 0.0038 0.6740 0.0180 0.0602 0.0151 0.0141 0.0032 
   H171903.4  1 0.0061 0.0028 0.0127 0.0035 0.0042 0.0045 0.0094 0.0033 0.0058 0.9124 0.0062 0.0087 0.0032 0.0074 0.0098 
   H171903.5  1 0.0080 0.0030 0.0183 0.0048 0.0070 0.0054 0.0081 0.0173 0.0039 0.8762 0.0039 0.0218 0.0066 0.0118 0.0039 
   H171903.6  1 0.0036 0.0022 0.0073 0.0038 0.0057 0.0063 0.0083 0.0026 0.0031 0.9373 0.0026 0.0038 0.0038 0.0053 0.0043 
      H177.1  1 0.0047 0.0081 0.8332 0.0343 0.0080 0.0067 0.0191 0.0027 0.0034 0.0189 0.0329 0.0057 0.0066 0.0093 0.0064 
      H177.2  1 0.0237 0.0037 0.2037 0.1452 0.0949 0.0104 0.0577 0.0041 0.1956 0.1002 0.0873 0.0171 0.0234 0.0255 0.0077 
      H177.3  1 0.0120 0.0023 0.7144 0.0554 0.0299 0.0145 0.0176 0.0039 0.0360 0.0496 0.0245 0.0111 0.0064 0.0111 0.0111 
      H177.4  1 0.0083 0.0020 0.7138 0.1940 0.0083 0.0248 0.0046 0.0072 0.0082 0.0077 0.0045 0.0058 0.0040 0.0029 0.0040 
      H177.5  1 0.0127 0.0025 0.7879 0.0507 0.0074 0.0049 0.0229 0.0084 0.0120 0.0110 0.0261 0.0150 0.0244 0.0071 0.0070 
      H177.6  1 0.0056 0.0033 0.7727 0.0303 0.0580 0.0087 0.0148 0.0028 0.0118 0.0205 0.0264 0.0192 0.0056 0.0101 0.0102 
      H179.1  1 0.0086 0.0089 0.0116 0.8911 0.0048 0.0026 0.0092 0.0042 0.0036 0.0081 0.0049 0.0076 0.0240 0.0072 0.0036 
      H179.2  1 0.0043 0.0030 0.0063 0.8610 0.0043 0.0181 0.0084 0.0071 0.0023 0.0073 0.0098 0.0250 0.0321 0.0057 0.0054 
      H179.3  1 0.0069 0.0088 0.0226 0.8189 0.0040 0.0044 0.0167 0.0056 0.0046 0.0667 0.0066 0.0078 0.0117 0.0109 0.0039 
      H179.4  1 0.0066 0.0065 0.0422 0.7143 0.0135 0.0655 0.0063 0.0068 0.0121 0.0306 0.0408 0.0243 0.0205 0.0057 0.0044 
      H180.1  1 0.0027 0.0053 0.0030 0.0230 0.0034 0.0028 0.9201 0.0042 0.0023 0.0061 0.0037 0.0080 0.0036 0.0046 0.0072 
      H180.2  1 0.0023 0.0071 0.0039 0.0046 0.0034 0.0029 0.9456 0.0033 0.0037 0.0035 0.0028 0.0044 0.0059 0.0037 0.0031 
      H180.3  1 0.0026 0.0037 0.0044 0.0035 0.0049 0.0044 0.9211 0.0036 0.0058 0.0061 0.0020 0.0119 0.0099 0.0127 0.0033 
      H180.4  1 0.0036 0.0073 0.0045 0.0078 0.0057 0.0031 0.9351 0.0049 0.0039 0.0032 0.0028 0.0048 0.0043 0.0040 0.0050 
      H180.5  1 0.0030 0.0033 0.0056 0.0084 0.0039 0.0026 0.9482 0.0020 0.0034 0.0032 0.0027 0.0034 0.0027 0.0034 0.0043 
      H180.6  1 0.0034 0.0037 0.0092 0.0070 0.0098 0.0039 0.9089 0.0053 0.0196 0.0045 0.0024 0.0055 0.0056 0.0047 0.0065 
      H181.1  1 0.0064 0.0193 0.0223 0.3757 0.2293 0.0085 0.0721 0.0740 0.0128 0.1111 0.0081 0.0083 0.0112 0.0165 0.0244 
      H181.2  1 0.0108 0.0325 0.0209 0.6642 0.0209 0.0051 0.0577 0.0120 0.0442 0.0132 0.0179 0.0403 0.0069 0.0131 0.0403 
      H181.3  1 0.0146 0.0468 0.0220 0.5754 0.1196 0.0042 0.0202 0.0172 0.0207 0.0177 0.0190 0.0100 0.0046 0.0111 0.0969 
      H181.4  1 0.0301 0.0099 0.0300 0.1447 0.2189 0.0145 0.1311 0.0322 0.0303 0.0812 0.0205 0.0097 0.0323 0.2026 0.0118 
      H181.5  1 0.0068 0.0220 0.0161 0.8668 0.0105 0.0049 0.0044 0.0206 0.0041 0.0051 0.0066 0.0102 0.0116 0.0041 0.0065 
      H181.6  1 0.0075 0.0054 0.0093 0.8283 0.0057 0.0060 0.0325 0.0223 0.0041 0.0086 0.0068 0.0381 0.0056 0.0148 0.0049 
      H181.7  1 0.0074 0.0044 0.0074 0.8429 0.0187 0.0063 0.0063 0.0524 0.0043 0.0184 0.0052 0.0057 0.0059 0.0115 0.0032 
 H194.1_2004  1 0.0033 0.0027 0.9396 0.0023 0.0044 0.0034 0.0031 0.0021 0.0047 0.0070 0.0039 0.0095 0.0046 0.0044 0.0049 
 H194.2_2004  1 0.0038 0.0057 0.9323 0.0030 0.0034 0.0027 0.0037 0.0038 0.0095 0.0094 0.0033 0.0052 0.0032 0.0052 0.0060 
 H194.3_2004  1 0.0033 0.0024 0.8808 0.0080 0.0211 0.0036 0.0034 0.0046 0.0108 0.0056 0.0062 0.0099 0.0307 0.0033 0.0062 
 H194.4_2004  1 0.0026 0.0038 0.9324 0.0034 0.0068 0.0030 0.0030 0.0038 0.0135 0.0047 0.0040 0.0060 0.0031 0.0040 0.0057 
 H194.5_2004  1 0.0043 0.0030 0.8890 0.0049 0.0118 0.0053 0.0032 0.0055 0.0093 0.0103 0.0069 0.0146 0.0217 0.0041 0.0059 
 H194.6_2004  1 0.0028 0.0036 0.8776 0.0050 0.0139 0.0117 0.0032 0.0037 0.0062 0.0075 0.0053 0.0097 0.0329 0.0072 0.0098 
 H194.7_2004  1 0.0038 0.0040 0.9508 0.0023 0.0032 0.0028 0.0026 0.0038 0.0055 0.0049 0.0029 0.0034 0.0038 0.0038 0.0021 
 H194.8_2004  1 0.0033 0.0051 0.9188 0.0040 0.0084 0.0062 0.0033 0.0042 0.0094 0.0043 0.0098 0.0061 0.0052 0.0069 0.0049 
      H194.9  1 0.0040 0.0048 0.9410 0.0033 0.0045 0.0033 0.0030 0.0025 0.0053 0.0051 0.0034 0.0068 0.0027 0.0061 0.0043 
 H195.1_2003  1 0.0061 0.0062 0.0166 0.0042 0.0167 0.0054 0.0058 0.0040 0.7032 0.0097 0.0108 0.1915 0.0064 0.0069 0.0064 
 H195.1_2004  1 0.0040 0.0030 0.0050 0.0034 0.0061 0.0027 0.0046 0.0024 0.9409 0.0029 0.0098 0.0040 0.0028 0.0030 0.0055 
 H195.2_2003  1 0.0139 0.0041 0.0276 0.0061 0.0085 0.0088 0.0049 0.0171 0.6965 0.0698 0.0229 0.0767 0.0064 0.0235 0.0133 
 H195.2_2004  1 0.0028 0.0027 0.0038 0.0027 0.0054 0.0028 0.0041 0.0029 0.9492 0.0032 0.0047 0.0074 0.0033 0.0020 0.0031 
 H195.3_2003  1 0.0112 0.0120 0.0246 0.0034 0.0046 0.0056 0.0059 0.0418 0.4258 0.2524 0.0129 0.0571 0.0141 0.1221 0.0066 
 H195.3_2004  1 0.0033 0.0032 0.0053 0.0030 0.0115 0.0042 0.0030 0.0024 0.9316 0.0037 0.0067 0.0110 0.0029 0.0025 0.0057 
 H195.4_2003  1 0.0040 0.0026 0.0078 0.0043 0.0103 0.0047 0.0044 0.0041 0.8261 0.0041 0.0060 0.1070 0.0063 0.0028 0.0056 
 H195.4_2004  1 0.0032 0.0030 0.0036 0.0028 0.0033 0.0039 0.0021 0.0020 0.9545 0.0054 0.0034 0.0035 0.0028 0.0027 0.0037 
 H195.5_2003  1 0.0080 0.0093 0.0172 0.0045 0.0172 0.0064 0.0081 0.0044 0.7068 0.0092 0.0389 0.1506 0.0057 0.0078 0.0058 
 H195.5_2004  1 0.0038 0.0044 0.0046 0.0035 0.0044 0.0042 0.0034 0.0023 0.9480 0.0030 0.0061 0.0027 0.0037 0.0030 0.0030 
 H195.6_2003  1 0.0067 0.0033 0.0039 0.0026 0.0037 0.0035 0.0060 0.0068 0.8605 0.0146 0.0076 0.0504 0.0026 0.0197 0.0081 
 H195.6_2004  1 0.0027 0.0029 0.0042 0.0037 0.0034 0.0032 0.0020 0.0044 0.9494 0.0041 0.0057 0.0043 0.0036 0.0022 0.0040 
 H195.7_2003  1 0.0145 0.0065 0.0388 0.0056 0.0164 0.0074 0.0058 0.0068 0.7065 0.0581 0.0150 0.0939 0.0131 0.0060 0.0056 
 H195.7_2004  1 0.0036 0.0029 0.0025 0.0032 0.0025 0.0021 0.0044 0.0021 0.9574 0.0036 0.0047 0.0026 0.0021 0.0036 0.0027 
      H195.8  1 0.0033 0.0031 0.0046 0.0028 0.0026 0.0044 0.0035 0.0022 0.9537 0.0043 0.0053 0.0025 0.0024 0.0024 0.0031 
      H195.9  1 0.0030 0.0020 0.0059 0.0029 0.0066 0.0045 0.0035 0.0025 0.9437 0.0041 0.0049 0.0044 0.0056 0.0027 0.0038 
      H415.1  1 0.0047 0.0076 0.0051 0.0051 0.0089 0.0021 0.0088 0.0044 0.0047 0.0063 0.0060 0.9135 0.0064 0.0120 0.0045 
      H415.2  1 0.0282 0.0032 0.0301 0.0135 0.0049 0.0024 0.0074 0.0055 0.0049 0.0191 0.0154 0.7449 0.0246 0.0125 0.0835 
      H415.3  1 0.0079 0.0031 0.0045 0.0175 0.0068 0.0029 0.0054 0.0033 0.0031 0.0037 0.0036 0.9276 0.0039 0.0037 0.0031 
      H415.4  1 0.0035 0.0027 0.0034 0.0027 0.0047 0.0022 0.0064 0.0035 0.0043 0.0029 0.0040 0.9430 0.0065 0.0048 0.0054 
      H415.5  1 0.0029 0.0023 0.0045 0.0040 0.0076 0.0031 0.0037 0.0023 0.0034 0.0027 0.0038 0.9489 0.0037 0.0027 0.0045 
      H415.6  1 0.0031 0.0023 0.0044 0.0028 0.0044 0.0023 0.0046 0.0033 0.0042 0.0033 0.0046 0.9451 0.0059 0.0049 0.0048 
      H415.7  1 0.0108 0.0032 0.0205 0.0127 0.0109 0.0058 0.0038 0.0042 0.0053 0.0203 0.0166 0.8409 0.0034 0.0048 0.0371 
      H506.1  1 0.0039 0.0028 0.0024 0.9563 0.0044 0.0029 0.0020 0.0029 0.0032 0.0026 0.0024 0.0023 0.0079 0.0019 0.0023 
      H506.2  1 0.0031 0.0025 0.0039 0.9500 0.0049 0.0031 0.0023 0.0033 0.0074 0.0026 0.0043 0.0032 0.0050 0.0020 0.0024 
      H506.3  1 0.0063 0.0020 0.0038 0.9376 0.0049 0.0031 0.0049 0.0044 0.0039 0.0057 0.0043 0.0033 0.0089 0.0036 0.0034 
      H506.4  1 0.0049 0.0023 0.0044 0.9345 0.0056 0.0099 0.0045 0.0025 0.0035 0.0052 0.0030 0.0063 0.0042 0.0047 0.0047 
      H506.5  1 0.0033 0.0028 0.0031 0.9397 0.0074 0.0068 0.0028 0.0026 0.0049 0.0037 0.0041 0.0062 0.0060 0.0028 0.0038 
      H506.6  1 0.0083 0.0026 0.0098 0.8948 0.0044 0.0074 0.0045 0.0036 0.0161 0.0141 0.0138 0.0097 0.0030 0.0044 0.0036 
      H506.7  1 0.0035 0.0023 0.0034 0.9520 0.0048 0.0028 0.0022 0.0031 0.0054 0.0028 0.0033 0.0030 0.0066 0.0018 0.0029 
      H533.1  1 0.0027 0.0024 0.0028 0.9496 0.0055 0.0030 0.0041 0.0059 0.0032 0.0027 0.0025 0.0035 0.0080 0.0020 0.0022 
      H533.2  1 0.0026 0.0024 0.0022 0.9460 0.0072 0.0038 0.0050 0.0069 0.0035 0.0021 0.0033 0.0043 0.0059 0.0018 0.0030 
      H533.3  1 0.0032 0.0025 0.0036 0.9490 0.0069 0.0029 0.0036 0.0043 0.0034 0.0062 0.0021 0.0030 0.0049 0.0026 0.0019 
      H533.4  1 0.0025 0.0037 0.0107 0.9038 0.0124 0.0077 0.0038 0.0054 0.0228 0.0088 0.0037 0.0059 0.0030 0.0033 0.0027 
      H535.1  1 0.0019 0.0027 0.0042 0.0034 0.0030 0.9562 0.0032 0.0025 0.0027 0.0028 0.0028 0.0031 0.0031 0.0031 0.0053 
      H535.2  1 0.0031 0.0026 0.0034 0.0039 0.0029 0.9586 0.0025 0.0033 0.0033 0.0023 0.0037 0.0024 0.0034 0.0018 0.0026 
      H535.3  1 0.0030 0.0035 0.0024 0.0032 0.0023 0.9616 0.0024 0.0036 0.0037 0.0023 0.0025 0.0021 0.0034 0.0018 0.0021 
      H535.4  1 0.0028 0.0027 0.0035 0.0027 0.0045 0.9577 0.0025 0.0029 0.0030 0.0033 0.0040 0.0029 0.0029 0.0024 0.0021 
      H535.5  1 0.0023 0.0022 0.0041 0.0033 0.0044 0.9597 0.0022 0.0029 0.0027 0.0029 0.0025 0.0028 0.0033 0.0025 0.0021 
      H535.6  1 0.0027 0.0036 0.0038 0.0041 0.0024 0.9433 0.0038 0.0026 0.0047 0.0043 0.0033 0.0042 0.0040 0.0072 0.0061 
      H535.7  1 0.0018 0.0017 0.0027 0.0031 0.0024 0.9687 0.0019 0.0021 0.0020 0.0023 0.0022 0.0023 0.0026 0.0021 0.0021 
      H535.8  1 0.0020 0.0020 0.0032 0.0027 0.0028 0.9600 0.0022 0.0031 0.0031 0.0033 0.0033 0.0028 0.0042 0.0033 0.0021 
      H535.9  1 0.0023 0.0029 0.0034 0.0037 0.0025 0.9582 0.0032 0.0024 0.0029 0.0041 0.0025 0.0026 0.0029 0.0028 0.0035 
      H539.1  1 0.0026 0.0030 0.0032 0.0019 0.0021 0.0021 0.0054 0.0023 0.0031 0.0030 0.0027 0.0036 0.0021 0.9562 0.0066 
      H539.2  1 0.0065 0.0363 0.0166 0.0057 0.0039 0.0098 0.1200 0.0031 0.0062 0.1940 0.0160 0.0059 0.0070 0.5608 0.0082 
      H539.3  1 0.0042 0.0102 0.0153 0.0038 0.0035 0.0095 0.0121 0.0030 0.0104 0.0273 0.0051 0.0050 0.0051 0.8806 0.0048 
      H539.4  1 0.0049 0.0036 0.0041 0.0032 0.0033 0.0028 0.0552 0.0041 0.0038 0.0074 0.0058 0.0046 0.0067 0.8859 0.0045 
      H539.5  1 0.0023 0.0033 0.0042 0.0026 0.0022 0.0036 0.0066 0.0025 0.0020 0.0040 0.0032 0.0018 0.0037 0.9535 0.0042 
      H539.6  1 0.0030 0.0025 0.0042 0.0033 0.0021 0.0023 0.0174 0.0030 0.0030 0.0042 0.0023 0.0037 0.0026 0.9409 0.0057 
      H539.7  1 0.0035 0.0041 0.0031 0.0028 0.0027 0.0030 0.0102 0.0026 0.0022 0.0060 0.0033 0.0043 0.0031 0.9445 0.0046 
      H539.8  1 0.0049 0.0231 0.0139 0.0038 0.0044 0.0201 0.0608 0.0038 0.0046 0.0125 0.0108 0.0066 0.0084 0.8172 0.0052 
      H539.9  1 0.0039 0.0028 0.0034 0.0030 0.0024 0.0021 0.0197 0.0049 0.0031 0.0057 0.0038 0.0034 0.0054 0.9337 0.0025 
      H540.1  1 0.0060 0.0022 0.0057 0.0046 0.0046 0.0044 0.0047 0.0054 0.0063 0.0252 0.0040 0.0036 0.0036 0.9157 0.0039 
      H540.2  1 0.0029 0.0036 0.0062 0.0038 0.0042 0.0021 0.0055 0.0026 0.0034 0.0072 0.0028 0.0052 0.0040 0.9426 0.0040 
      H540.3  1 0.0056 0.0131 0.0232 0.0061 0.0209 0.0054 0.0140 0.0060 0.0105 0.0205 0.0206 0.0283 0.0088 0.8104 0.0065 
      H540.4  1 0.0087 0.0044 0.0046 0.0098 0.0037 0.0055 0.0188 0.0025 0.0038 0.0172 0.0043 0.0097 0.0040 0.8969 0.0061 
      H540.5  1 0.0039 0.0044 0.0052 0.0031 0.0044 0.0023 0.0032 0.0038 0.0033 0.0077 0.0073 0.0077 0.0055 0.9333 0.0049 
      H540.6  1 0.0099 0.0050 0.0061 0.0079 0.0058 0.0050 0.0054 0.0066 0.0058 0.0355 0.0084 0.0048 0.0069 0.8791 0.0079 
      H540.7  1 0.0116 0.0066 0.0088 0.0093 0.0164 0.0028 0.0085 0.0025 0.0056 0.0081 0.0058 0.0146 0.0041 0.8875 0.0075 
      H540.8  1 0.0040 0.0033 0.0349 0.0042 0.0067 0.0054 0.0058 0.0025 0.0037 0.0390 0.0028 0.0158 0.0054 0.8565 0.0098 
     H9558.1  1 0.0023 0.0031 0.0035 0.0053 0.0022 0.0058 0.0032 0.0050 0.0032 0.0046 0.0032 0.0042 0.0030 0.9430 0.0084 
     H9558.2  1 0.0079 0.0083 0.0078 0.0179 0.0049 0.0082 0.0036 0.0148 0.0047 0.0055 0.0071 0.0084 0.0063 0.8830 0.0118 
     H9558.3  1 0.0084 0.0130 0.0049 0.0034 0.0025 0.0050 0.0048 0.0311 0.0028 0.0045 0.0075 0.0050 0.0068 0.8972 0.0030 
     H9558.4  1 0.0023 0.0046 0.0047 0.0039 0.0021 0.0067 0.0030 0.0045 0.0021 0.0055 0.0028 0.0036 0.0020 0.9479 0.0042 
     H9558.5  1 0.0035 0.0067 0.0030 0.0034 0.0030 0.0088 0.0057 0.0043 0.0016 0.0045 0.0050 0.0036 0.0030 0.9412 0.0027 
     H9558.6  1 0.0046 0.0040 0.0049 0.0030 0.0027 0.0050 0.0041 0.0202 0.0028 0.0040 0.0045 0.0071 0.0065 0.9213 0.0054 
    kos339.1  1 0.0172 0.0030 0.0037 0.0196 0.9030 0.0044 0.0051 0.0051 0.0029 0.0057 0.0040 0.0106 0.0048 0.0039 0.0071 
    kos339.2  1 0.0074 0.0030 0.0038 0.0066 0.9294 0.0045 0.0043 0.0044 0.0074 0.0042 0.0060 0.0061 0.0037 0.0033 0.0060 
    kos339.3  1 0.0021 0.0025 0.0034 0.0039 0.9536 0.0049 0.0029 0.0025 0.0035 0.0041 0.0026 0.0051 0.0032 0.0030 0.0027 
    kos339.4  1 0.0026 0.0033 0.0036 0.0045 0.9508 0.0047 0.0028 0.0024 0.0031 0.0034 0.0032 0.0056 0.0026 0.0036 0.0038 
    kos339.5  1 0.0084 0.0034 0.0046 0.0106 0.9395 0.0023 0.0034 0.0029 0.0023 0.0031 0.0027 0.0041 0.0041 0.0037 0.0049 
    kos339.6  1 0.0067 0.0030 0.0069 0.0060 0.9425 0.0025 0.0032 0.0030 0.0045 0.0039 0.0044 0.0051 0.0029 0.0024 0.0031 
    kos339.7  1 0.0024 0.0023 0.0037 0.0044 0.9496 0.0076 0.0036 0.0020 0.0041 0.0031 0.0029 0.0049 0.0033 0.0032 0.0029 
    kos339.8  1 0.0050 0.0035 0.0031 0.0165 0.9329 0.0027 0.0049 0.0032 0.0034 0.0031 0.0043 0.0089 0.0031 0.0022 0.0032 
    kos339.9  1 0.0067 0.0026 0.0084 0.0053 0.8676 0.0052 0.0131 0.0062 0.0102 0.0061 0.0104 0.0098 0.0076 0.0135 0.0274 
      H409.1 12 0.0048 0.0023 0.0034 0.0052 0.0054 0.0023 0.0021 0.0025 0.0034 0.0027 0.0042 0.0037 0.9526 0.0020 0.0034 
     H409.10 12 0.0075 0.0072 0.0028 0.0312 0.0048 0.0028 0.0092 0.0027 0.0038 0.0109 0.0061 0.0111 0.8890 0.0075 0.0033 
      H409.2 12 0.0030 0.0024 0.0043 0.0043 0.0058 0.0071 0.0026 0.0031 0.0042 0.0037 0.0081 0.0173 0.9244 0.0044 0.0054 
      H409.3 12 0.0032 0.0035 0.0052 0.0041 0.0037 0.0035 0.0039 0.0041 0.0034 0.0038 0.0043 0.0026 0.9489 0.0030 0.0028 
      H409.4 12 0.0027 0.0029 0.0037 0.0027 0.0036 0.0033 0.0026 0.0038 0.0026 0.0033 0.0046 0.0030 0.9554 0.0035 0.0022 
      H409.5 12 0.0034 0.0033 0.0034 0.0035 0.0026 0.0049 0.0041 0.0036 0.0027 0.0038 0.0028 0.0037 0.9508 0.0036 0.0037 
      H409.6 12 0.0089 0.0096 0.0090 0.0094 0.0032 0.0075 0.0075 0.0446 0.0062 0.0110 0.0067 0.0033 0.8630 0.0065 0.0036 
      H409.7 12 0.0042 0.0030 0.0063 0.0048 0.0073 0.0031 0.0025 0.0044 0.0043 0.0026 0.0108 0.0046 0.9357 0.0028 0.0034 
      H409.8 12 0.0060 0.0032 0.0036 0.0061 0.0027 0.0035 0.0032 0.0028 0.0023 0.0033 0.0023 0.0034 0.9515 0.0029 0.0033 
      H409.9 12 0.0337 0.0194 0.0054 0.1008 0.0038 0.0115 0.0210 0.0050 0.0050 0.0133 0.0052 0.0082 0.4540 0.3105 0.0032 
      H413.1 12 0.0039 0.9603 0.0026 0.0024 0.0031 0.0024 0.0035 0.0050 0.0018 0.0028 0.0031 0.0022 0.0023 0.0023 0.0024 
      H413.2 12 0.0023 0.9613 0.0027 0.0031 0.0044 0.0031 0.0029 0.0045 0.0022 0.0024 0.0023 0.0022 0.0021 0.0024 0.0022 
      H413.3 12 0.0042 0.9603 0.0033 0.0029 0.0020 0.0021 0.0026 0.0034 0.0019 0.0032 0.0029 0.0018 0.0025 0.0042 0.0027 
      H413.4 12 0.0095 0.9405 0.0045 0.0050 0.0050 0.0022 0.0042 0.0036 0.0030 0.0026 0.0064 0.0027 0.0043 0.0028 0.0039 
      H413.5 12 0.0026 0.9326 0.0032 0.0028 0.0019 0.0021 0.0139 0.0026 0.0034 0.0031 0.0032 0.0023 0.0023 0.0126 0.0113 
      H413.6 12 0.0076 0.9184 0.0056 0.0023 0.0044 0.0022 0.0110 0.0064 0.0048 0.0057 0.0073 0.0026 0.0039 0.0158 0.0019 
      H413.7 12 0.0036 0.9622 0.0028 0.0026 0.0031 0.0029 0.0024 0.0024 0.0025 0.0028 0.0031 0.0022 0.0024 0.0028 0.0022 
      H563.1 12 0.9371 0.0106 0.0035 0.0031 0.0025 0.0025 0.0041 0.0039 0.0031 0.0035 0.0054 0.0023 0.0053 0.0113 0.0018 
      H563.2 12 0.9014 0.0071 0.0107 0.0055 0.0094 0.0039 0.0050 0.0062 0.0039 0.0035 0.0092 0.0074 0.0151 0.0053 0.0065 
      H563.3 12 0.9456 0.0048 0.0031 0.0032 0.0028 0.0022 0.0029 0.0028 0.0031 0.0054 0.0077 0.0030 0.0032 0.0072 0.0028 
      H563.4 12 0.9146 0.0163 0.0048 0.0043 0.0056 0.0029 0.0055 0.0092 0.0032 0.0061 0.0073 0.0036 0.0083 0.0050 0.0035 
      H563.5 12 0.9458 0.0064 0.0025 0.0024 0.0032 0.0017 0.0039 0.0044 0.0024 0.0034 0.0078 0.0029 0.0035 0.0075 0.0022 
      H563.6 12 0.9237 0.0118 0.0065 0.0047 0.0086 0.0026 0.0045 0.0048 0.0036 0.0035 0.0080 0.0043 0.0059 0.0035 0.0041 
      H563.7 12 0.9289 0.0098 0.0042 0.0034 0.0105 0.0023 0.0044 0.0066 0.0029 0.0027 0.0089 0.0039 0.0049 0.0034 0.0033 
      H563.8 12 0.9231 0.0055 0.0061 0.0032 0.0042 0.0019 0.0052 0.0049 0.0029 0.0057 0.0147 0.0035 0.0038 0.0124 0.0029 
      H563.9 12 0.9142 0.0065 0.0077 0.0050 0.0096 0.0021 0.0061 0.0051 0.0042 0.0054 0.0044 0.0057 0.0161 0.0036 0.0042 
     H7374.1 12 0.0029 0.0037 0.0066 0.0024 0.0041 0.0043 0.0033 0.0142 0.0057 0.0037 0.9273 0.0074 0.0061 0.0049 0.0035 
     H7374.2 12 0.0081 0.0062 0.0060 0.0040 0.0023 0.0030 0.0031 0.0052 0.0029 0.0068 0.9331 0.0061 0.0048 0.0059 0.0026 
     H7374.3 12 0.0064 0.0036 0.0163 0.0055 0.0046 0.0050 0.0044 0.0074 0.0158 0.0060 0.8864 0.0164 0.0078 0.0085 0.0060 
     H7374.4 12 0.0051 0.0051 0.0035 0.0034 0.0058 0.0047 0.0036 0.0030 0.0033 0.0042 0.9404 0.0047 0.0050 0.0046 0.0036 
     H7374.5 12 0.0042 0.0036 0.0030 0.0028 0.0035 0.0024 0.0029 0.0039 0.0029 0.0028 0.9523 0.0032 0.0031 0.0062 0.0032 
     H7374.6 12 0.0067 0.0030 0.0126 0.0058 0.0073 0.0092 0.0040 0.0033 0.0116 0.0052 0.8940 0.0189 0.0052 0.0064 0.0068 
     H7374.7 12 0.0028 0.0035 0.0045 0.0029 0.0046 0.0039 0.0021 0.0032 0.0035 0.0026 0.9534 0.0029 0.0044 0.0024 0.0035 
     H7374.8 12 0.0090 0.0029 0.0044 0.0030 0.0051 0.0030 0.0024 0.0049 0.0049 0.0038 0.9382 0.0061 0.0063 0.0022 0.0037 
     H7374.9 12 0.0037 0.0028 0.0038 0.0038 0.0047 0.0027 0.0033 0.0039 0.0039 0.0037 0.9482 0.0029 0.0029 0.0049 0.0047 
     H9563.1 12 0.9485 0.0032 0.0036 0.0038 0.0040 0.0025 0.0041 0.0025 0.0031 0.0041 0.0041 0.0059 0.0024 0.0045 0.0037 
     H9563.2 12 0.9432 0.0046 0.0035 0.0036 0.0032 0.0024 0.0066 0.0033 0.0034 0.0053 0.0026 0.0054 0.0025 0.0066 0.0038 
     H9563.3 12 0.9383 0.0027 0.0040 0.0069 0.0036 0.0039 0.0041 0.0057 0.0055 0.0039 0.0047 0.0058 0.0053 0.0021 0.0034 
     H9563.4 12 0.8638 0.0037 0.0154 0.0069 0.0065 0.0186 0.0160 0.0086 0.0088 0.0076 0.0072 0.0118 0.0126 0.0073 0.0050 
     H9563.5 12 0.9142 0.0051 0.0087 0.0065 0.0062 0.0057 0.0089 0.0037 0.0040 0.0095 0.0029 0.0061 0.0093 0.0043 0.0050 
     H9563.6 12 0.9343 0.0040 0.0038 0.0066 0.0027 0.0036 0.0049 0.0146 0.0047 0.0031 0.0053 0.0044 0.0032 0.0027 0.0021 
     H9563.7 12 0.9433 0.0033 0.0036 0.0035 0.0026 0.0059 0.0034 0.0088 0.0049 0.0041 0.0050 0.0039 0.0033 0.0024 0.0021 
     H9563.8 12 0.8265 0.0039 0.0114 0.0145 0.0131 0.0061 0.0333 0.0092 0.0063 0.0085 0.0028 0.0438 0.0104 0.0057 0.0044 
     H9563.9 12 0.9268 0.0038 0.0039 0.0079 0.0037 0.0028 0.0098 0.0069 0.0036 0.0049 0.0045 0.0084 0.0026 0.0055 0.0049 
     H9572.1 12 0.3476 0.0300 0.0837 0.1187 0.0101 0.0224 0.0721 0.0215 0.0148 0.0154 0.0231 0.0064 0.0194 0.1605 0.0544 
     H9572.2 12 0.4325 0.0093 0.1457 0.0094 0.0093 0.0038 0.0909 0.0214 0.1088 0.0061 0.0332 0.0200 0.0149 0.0143 0.0803 
     H9572.3 12 0.0514 0.0163 0.0909 0.0154 0.2248 0.0234 0.0088 0.0472 0.0081 0.0740 0.2002 0.0158 0.0833 0.1142 0.0261 
     H9572.4 12 0.1520 0.0162 0.3540 0.0268 0.1315 0.0308 0.0206 0.0872 0.0278 0.0055 0.0388 0.0035 0.0130 0.0441 0.0483 
     H9572.5 12 0.0666 0.0068 0.2327 0.0373 0.2773 0.0162 0.0836 0.1031 0.0525 0.0203 0.0074 0.0040 0.0059 0.0586 0.0275 
