      H105.1  1 0.0030 0.0022 0.0030 0.0022 0.0024 0.0021 0.0037 0.0042 0.0027 0.0027 0.0023 0.0025 0.0027 0.0043 0.0034 0.0024 0.0030 0.0035 0.0019 0.0024 0.9432 
      H105.2  1 0.0019 0.0028 0.0028 0.0038 0.0036 0.0028 0.0068 0.0041 0.0058 0.0057 0.0061 0.0033 0.0047 0.0052 0.0032 0.0044 0.0025 0.0021 0.0054 0.0052 0.9178 
      H105.3  1 0.0026 0.0033 0.0023 0.0021 0.0018 0.0019 0.0024 0.0060 0.0019 0.0024 0.0025 0.0023 0.0024 0.0027 0.0030 0.0031 0.0029 0.0034 0.0022 0.0033 0.9455 
      H105.4  1 0.0029 0.0031 0.0023 0.0025 0.0034 0.0039 0.0027 0.0040 0.0025 0.0038 0.0037 0.0037 0.0025 0.0045 0.0026 0.0067 0.0045 0.0023 0.0024 0.0046 0.9312 
      H105.5  1 0.0031 0.0030 0.0031 0.0049 0.0058 0.0029 0.0077 0.0031 0.0090 0.0075 0.0031 0.0048 0.0044 0.0137 0.0034 0.0070 0.0033 0.0034 0.0028 0.0082 0.8955 
      H105.6  1 0.0035 0.0072 0.0034 0.0039 0.0074 0.0053 0.0034 0.0043 0.0041 0.0048 0.0035 0.0049 0.0039 0.0042 0.0033 0.0083 0.0100 0.0034 0.0035 0.0049 0.9029 
      H105.7  1 0.0036 0.0071 0.0034 0.0113 0.0052 0.0032 0.0083 0.0176 0.0049 0.0047 0.0042 0.0059 0.0072 0.0074 0.0032 0.0061 0.0035 0.0077 0.0029 0.0042 0.8786 
      H105.8  1 0.0021 0.0023 0.0022 0.0022 0.0025 0.0025 0.0041 0.0027 0.0023 0.0034 0.0062 0.0019 0.0022 0.0030 0.0021 0.0032 0.0024 0.0028 0.0027 0.0029 0.9444 
      H115.1  1 0.0035 0.0380 0.0067 0.0042 0.0162 0.0037 0.0033 0.0087 0.0056 0.0079 0.0065 0.0046 0.0040 0.0117 0.0045 0.0205 0.0025 0.0056 0.0073 0.8312 0.0039 
      H115.2  1 0.0028 0.0066 0.0044 0.0066 0.0542 0.0036 0.0061 0.0048 0.0042 0.0092 0.0043 0.0046 0.0081 0.0076 0.0038 0.0037 0.0032 0.0033 0.0065 0.8489 0.0036 
      H115.3  1 0.0034 0.0023 0.0065 0.0026 0.0134 0.0039 0.0037 0.0063 0.0026 0.0061 0.0023 0.0070 0.0080 0.0076 0.0036 0.0025 0.0034 0.0031 0.0057 0.9017 0.0040 
      H115.4  1 0.0056 0.0047 0.0126 0.0035 0.0037 0.0052 0.0153 0.0027 0.0108 0.0115 0.0254 0.0088 0.0114 0.0088 0.0026 0.0027 0.0052 0.0039 0.0080 0.8439 0.0037 
      H115.5  1 0.0083 0.0138 0.0388 0.0069 0.0200 0.0101 0.0063 0.0063 0.0057 0.0157 0.0055 0.0054 0.0099 0.0106 0.0030 0.0060 0.0088 0.0062 0.0060 0.7948 0.0120 
      H115.6  1 0.0040 0.0030 0.0109 0.0060 0.0160 0.0025 0.0083 0.0065 0.0041 0.0127 0.0036 0.0069 0.0547 0.0073 0.0077 0.0039 0.0050 0.0072 0.0329 0.7933 0.0034 
      H115.7  1 0.0062 0.0296 0.0092 0.0070 0.0112 0.0035 0.0074 0.0131 0.0093 0.0110 0.0047 0.0031 0.0073 0.0135 0.0071 0.0074 0.0048 0.0040 0.0137 0.8208 0.0061 
      H115.8  1 0.0033 0.0044 0.0109 0.0033 0.0147 0.0019 0.0041 0.0066 0.0042 0.0063 0.0034 0.0038 0.0072 0.0044 0.0031 0.0041 0.0025 0.0058 0.0075 0.8927 0.0057 
      H115.9  1 0.0047 0.0120 0.0073 0.0047 0.1141 0.0038 0.0053 0.0128 0.0053 0.0068 0.0094 0.0063 0.0051 0.0150 0.0031 0.0131 0.0024 0.0052 0.0064 0.7535 0.0035 
      H145.1  1 0.8571 0.0028 0.0051 0.0169 0.0123 0.0040 0.0030 0.0064 0.0048 0.0094 0.0031 0.0047 0.0137 0.0116 0.0088 0.0054 0.0061 0.0032 0.0132 0.0059 0.0026 
      H145.2  1 0.8955 0.0024 0.0052 0.0072 0.0043 0.0048 0.0039 0.0045 0.0019 0.0070 0.0058 0.0077 0.0078 0.0070 0.0044 0.0035 0.0067 0.0041 0.0096 0.0036 0.0029 
      H145.3  1 0.9443 0.0020 0.0023 0.0034 0.0025 0.0026 0.0019 0.0020 0.0020 0.0030 0.0022 0.0027 0.0026 0.0036 0.0024 0.0030 0.0017 0.0024 0.0092 0.0022 0.0021 
      H145.4  1 0.9001 0.0033 0.0026 0.0177 0.0041 0.0027 0.0029 0.0065 0.0042 0.0062 0.0026 0.0044 0.0073 0.0068 0.0062 0.0049 0.0040 0.0029 0.0046 0.0032 0.0028 
      H145.5  1 0.9274 0.0021 0.0033 0.0038 0.0024 0.0019 0.0026 0.0025 0.0025 0.0031 0.0031 0.0025 0.0027 0.0038 0.0041 0.0025 0.0023 0.0039 0.0182 0.0024 0.0029 
      H145.6  1 0.9227 0.0027 0.0037 0.0065 0.0030 0.0035 0.0034 0.0057 0.0023 0.0068 0.0036 0.0036 0.0065 0.0040 0.0030 0.0031 0.0050 0.0022 0.0039 0.0023 0.0024 
      H145.7  1 0.9333 0.0022 0.0062 0.0038 0.0021 0.0028 0.0026 0.0036 0.0025 0.0040 0.0027 0.0036 0.0037 0.0030 0.0033 0.0033 0.0038 0.0039 0.0039 0.0034 0.0024 
      H149.1  1 0.0028 0.0020 0.9347 0.0057 0.0027 0.0023 0.0035 0.0026 0.0029 0.0049 0.0023 0.0040 0.0059 0.0024 0.0031 0.0035 0.0025 0.0026 0.0038 0.0029 0.0030 
      H149.2  1 0.0059 0.0025 0.9143 0.0078 0.0026 0.0035 0.0054 0.0043 0.0028 0.0065 0.0025 0.0033 0.0044 0.0057 0.0035 0.0057 0.0038 0.0034 0.0057 0.0029 0.0034 
      H149.3  1 0.0355 0.0038 0.6543 0.0141 0.0037 0.0075 0.0159 0.0249 0.0117 0.0494 0.0172 0.0554 0.0067 0.0303 0.0045 0.0101 0.0065 0.0053 0.0109 0.0251 0.0071 
      H149.4  1 0.0027 0.0037 0.8847 0.0039 0.0042 0.0034 0.0067 0.0073 0.0041 0.0066 0.0160 0.0086 0.0047 0.0028 0.0029 0.0049 0.0029 0.0087 0.0092 0.0038 0.0083 
      H149.5  1 0.0135 0.0032 0.7602 0.0078 0.0028 0.0081 0.0255 0.0393 0.0075 0.0280 0.0118 0.0051 0.0064 0.0263 0.0033 0.0091 0.0090 0.0078 0.0029 0.0042 0.0183 
      H149.6  1 0.0062 0.0032 0.9163 0.0051 0.0022 0.0034 0.0042 0.0067 0.0038 0.0067 0.0029 0.0033 0.0038 0.0044 0.0029 0.0054 0.0035 0.0031 0.0043 0.0028 0.0055 
      H149.7  1 0.0047 0.0044 0.6413 0.0227 0.0032 0.0045 0.0136 0.0291 0.0573 0.0292 0.0371 0.0266 0.0214 0.0179 0.0077 0.0180 0.0093 0.0149 0.0087 0.0136 0.0149 
      H150.1  1 0.0035 0.0032 0.0025 0.0042 0.2536 0.0022 0.0052 0.0040 0.0035 0.0099 0.0025 0.0038 0.0044 0.0067 0.0040 0.0051 0.0062 0.0062 0.0070 0.6533 0.0089 
      H150.2  1 0.0025 0.0072 0.0059 0.0061 0.0451 0.0033 0.0057 0.0037 0.0078 0.0096 0.0032 0.0032 0.0072 0.0052 0.0040 0.0036 0.0072 0.0041 0.0143 0.8473 0.0036 
      H150.3  1 0.0076 0.0395 0.0048 0.0089 0.5807 0.0023 0.0043 0.0079 0.0161 0.0144 0.0031 0.0037 0.0071 0.0140 0.0130 0.0092 0.0055 0.0050 0.0631 0.1857 0.0042 
      H150.4  1 0.0070 0.0061 0.0029 0.0049 0.8510 0.0018 0.0036 0.0041 0.0081 0.0063 0.0026 0.0024 0.0073 0.0067 0.0040 0.0043 0.0050 0.0076 0.0119 0.0474 0.0053 
      H150.5  1 0.0037 0.0048 0.0039 0.0062 0.0324 0.0022 0.0041 0.0088 0.0078 0.0074 0.0026 0.0049 0.0091 0.0074 0.0039 0.0057 0.0074 0.0037 0.0049 0.8645 0.0047 
      H150.6  1 0.0066 0.0022 0.0031 0.0035 0.0065 0.0029 0.0179 0.0038 0.0068 0.0150 0.0038 0.0045 0.0055 0.0065 0.0125 0.0075 0.0095 0.0038 0.0054 0.8660 0.0068 
      H150.7  1 0.0052 0.0051 0.0044 0.0033 0.7809 0.0025 0.0114 0.0035 0.0029 0.0125 0.0036 0.0034 0.0049 0.0062 0.0042 0.0035 0.0043 0.0066 0.0163 0.0969 0.0184 
   H169607.1  1 0.0072 0.0036 0.0038 0.0052 0.0058 0.0023 0.0029 0.0031 0.0062 0.0068 0.0087 0.0044 0.0082 0.8887 0.0066 0.0045 0.0091 0.0032 0.0117 0.0055 0.0024 
   H169607.2  1 0.0031 0.0032 0.0022 0.0036 0.0056 0.0030 0.0036 0.0028 0.0031 0.0045 0.0030 0.0029 0.0022 0.9257 0.0037 0.0028 0.0078 0.0059 0.0047 0.0033 0.0032 
   H169607.3  1 0.0111 0.0024 0.0038 0.0064 0.0042 0.0034 0.0069 0.0029 0.0052 0.0053 0.0051 0.0048 0.0056 0.9029 0.0038 0.0045 0.0041 0.0032 0.0057 0.0051 0.0036 
   H169607.4  1 0.0046 0.0024 0.0022 0.0036 0.0048 0.0031 0.0019 0.0028 0.0023 0.0030 0.0024 0.0032 0.0030 0.9319 0.0047 0.0026 0.0068 0.0034 0.0065 0.0023 0.0025 
   H169607.5  1 0.0032 0.0027 0.0024 0.0040 0.0043 0.0026 0.0028 0.0026 0.0031 0.0037 0.0024 0.0042 0.0025 0.9406 0.0027 0.0025 0.0025 0.0034 0.0030 0.0025 0.0023 
   H169607.6  1 0.0027 0.0028 0.0018 0.0050 0.0043 0.0031 0.0041 0.0021 0.0022 0.0033 0.0033 0.0028 0.0021 0.9334 0.0022 0.0023 0.0067 0.0054 0.0042 0.0023 0.0037 
   H169607.7  1 0.0043 0.0022 0.0034 0.0047 0.0036 0.0022 0.0051 0.0037 0.0078 0.0037 0.0090 0.0054 0.0036 0.9120 0.0032 0.0022 0.0042 0.0044 0.0044 0.0062 0.0045 
   H169607.8  1 0.0027 0.0032 0.0024 0.0038 0.0041 0.0032 0.0028 0.0046 0.0034 0.0035 0.0024 0.0027 0.0024 0.9285 0.0064 0.0036 0.0052 0.0045 0.0040 0.0031 0.0036 
   H169633.1  1 0.0141 0.0183 0.8452 0.0076 0.0057 0.0050 0.0062 0.0074 0.0209 0.0141 0.0036 0.0041 0.0091 0.0032 0.0044 0.0044 0.0091 0.0035 0.0041 0.0055 0.0045 
   H169633.2  1 0.0158 0.0055 0.7622 0.0064 0.0021 0.0063 0.0061 0.0036 0.0152 0.0190 0.0066 0.0043 0.1031 0.0021 0.0049 0.0062 0.0078 0.0033 0.0027 0.0054 0.0114 
   H169633.3  1 0.0060 0.0130 0.8275 0.0269 0.0072 0.0063 0.0058 0.0093 0.0047 0.0120 0.0039 0.0176 0.0076 0.0045 0.0068 0.0103 0.0079 0.0086 0.0053 0.0057 0.0031 
   H169633.4  1 0.0092 0.0113 0.8597 0.0182 0.0069 0.0069 0.0050 0.0084 0.0031 0.0087 0.0050 0.0080 0.0069 0.0065 0.0076 0.0053 0.0037 0.0058 0.0039 0.0060 0.0039 
   H169633.5  1 0.0083 0.0095 0.8599 0.0176 0.0069 0.0066 0.0060 0.0110 0.0035 0.0100 0.0035 0.0073 0.0070 0.0066 0.0071 0.0066 0.0034 0.0046 0.0039 0.0057 0.0049 
   H169688.1  1 0.0071 0.0252 0.0047 0.0167 0.0079 0.0129 0.0141 0.0031 0.8101 0.0079 0.0104 0.0048 0.0025 0.0113 0.0066 0.0059 0.0064 0.0112 0.0250 0.0036 0.0026 
   H169688.2  1 0.0035 0.0044 0.0028 0.0069 0.0025 0.0030 0.0054 0.0029 0.9043 0.0045 0.0060 0.0065 0.0029 0.0027 0.0046 0.0084 0.0097 0.0044 0.0026 0.0029 0.0091 
   H169688.3  1 0.0028 0.0026 0.0028 0.0027 0.0032 0.0019 0.0027 0.0030 0.9396 0.0041 0.0039 0.0027 0.0048 0.0022 0.0024 0.0048 0.0028 0.0021 0.0032 0.0027 0.0030 
   H169688.4  1 0.0028 0.0020 0.0023 0.0025 0.0035 0.0022 0.0024 0.0019 0.9458 0.0029 0.0026 0.0034 0.0030 0.0029 0.0025 0.0047 0.0025 0.0018 0.0024 0.0039 0.0018 
   H169688.5  1 0.0031 0.0023 0.0025 0.0025 0.0041 0.0021 0.0022 0.0023 0.9457 0.0029 0.0028 0.0034 0.0024 0.0031 0.0022 0.0044 0.0021 0.0018 0.0023 0.0040 0.0018 
   H169688.6  1 0.0027 0.0052 0.0051 0.0038 0.0027 0.0052 0.0046 0.0024 0.8774 0.0038 0.0579 0.0032 0.0020 0.0029 0.0033 0.0035 0.0027 0.0041 0.0027 0.0021 0.0026 
   H169688.7  1 0.0138 0.0029 0.0032 0.0045 0.0051 0.0019 0.0047 0.0041 0.8800 0.0054 0.0042 0.0055 0.0061 0.0029 0.0046 0.0070 0.0062 0.0121 0.0107 0.0103 0.0048 
   H171901.1  1 0.0270 0.0265 0.0068 0.1428 0.0222 0.0025 0.0392 0.0240 0.0071 0.4327 0.0051 0.0048 0.0116 0.1311 0.0053 0.0052 0.0068 0.0032 0.0079 0.0418 0.0461 
   H171901.2  1 0.0056 0.0030 0.5111 0.0123 0.0249 0.0034 0.0070 0.0059 0.0074 0.2174 0.0026 0.0319 0.0068 0.0160 0.0209 0.0043 0.0128 0.0116 0.0082 0.0101 0.0767 
   H171901.3  1 0.0033 0.0080 0.4345 0.0164 0.0114 0.0062 0.0070 0.0065 0.0165 0.3376 0.0049 0.0322 0.0107 0.0390 0.0095 0.0076 0.0136 0.0032 0.0075 0.0164 0.0081 
   H171901.4  1 0.0036 0.0049 0.4816 0.0059 0.0103 0.0046 0.0046 0.0056 0.0041 0.3007 0.0057 0.0285 0.0081 0.0242 0.0094 0.0056 0.0283 0.0051 0.0043 0.0116 0.0432 
   H171901.5  1 0.0052 0.0030 0.3389 0.0071 0.0107 0.0040 0.0157 0.0040 0.0057 0.3365 0.0037 0.0716 0.0200 0.0224 0.0150 0.0084 0.0649 0.0031 0.0118 0.0273 0.0211 
   H171901.6  1 0.0053 0.0037 0.1501 0.0143 0.0213 0.0059 0.0615 0.0050 0.0096 0.3352 0.0091 0.0811 0.0368 0.0138 0.0081 0.0123 0.1646 0.0040 0.0212 0.0266 0.0107 
   H171901.7  1 0.0055 0.0047 0.1888 0.1441 0.0056 0.0090 0.0239 0.0055 0.0145 0.2875 0.0066 0.2181 0.0110 0.0069 0.0041 0.0062 0.0248 0.0038 0.0065 0.0194 0.0035 
   H171902.1  1 0.0037 0.0022 0.0037 0.0033 0.0038 0.0032 0.0035 0.0026 0.0030 0.0045 0.0035 0.0029 0.0057 0.0039 0.0024 0.0030 0.0081 0.0036 0.9284 0.0031 0.0018 
  H171902.10  1 0.0021 0.0021 0.0035 0.0031 0.0029 0.0023 0.0035 0.0027 0.0051 0.0042 0.0039 0.0063 0.0037 0.0039 0.0034 0.0021 0.0020 0.0028 0.9322 0.0050 0.0030 
   H171902.2  1 0.0034 0.0051 0.0090 0.0037 0.0042 0.0025 0.0047 0.0024 0.0060 0.0053 0.0063 0.0023 0.0051 0.0052 0.0030 0.0033 0.0135 0.0045 0.9045 0.0035 0.0026 
   H171902.3  1 0.0028 0.0027 0.0091 0.0043 0.0054 0.0028 0.0048 0.0027 0.0032 0.0076 0.0039 0.0033 0.0053 0.0043 0.0027 0.0026 0.0091 0.0040 0.9121 0.0048 0.0027 
   H171902.4  1 0.0035 0.0033 0.0090 0.0044 0.0026 0.0022 0.0038 0.0027 0.0026 0.0039 0.0029 0.0036 0.0048 0.0024 0.0042 0.0026 0.0026 0.0031 0.9302 0.0032 0.0023 
   H171902.6  1 0.0028 0.0021 0.0031 0.0025 0.0033 0.0021 0.0044 0.0024 0.0021 0.0033 0.0032 0.0034 0.0044 0.0027 0.0029 0.0028 0.0023 0.0029 0.9427 0.0026 0.0022 
   H171902.7  1 0.0042 0.0016 0.0078 0.0105 0.0024 0.0023 0.0052 0.0028 0.0031 0.0055 0.0035 0.0063 0.0052 0.0399 0.0040 0.0037 0.0023 0.0052 0.8699 0.0074 0.0073 
   H171902.8  1 0.0026 0.0028 0.0065 0.0048 0.0053 0.0031 0.0063 0.0026 0.0024 0.0056 0.0031 0.0034 0.0056 0.0044 0.0041 0.0021 0.0042 0.0032 0.9226 0.0033 0.0019 
   H171902.9  1 0.0045 0.0028 0.0026 0.0038 0.0066 0.0031 0.0027 0.0036 0.0025 0.0029 0.0026 0.0032 0.0036 0.0044 0.0033 0.0033 0.0031 0.0029 0.9319 0.0038 0.0027 
   H171903.1  1 0.0035 0.0038 0.0033 0.0058 0.0130 0.0042 0.0032 0.0044 0.0059 0.0082 0.0031 0.0151 0.0063 0.8795 0.0031 0.0034 0.0036 0.0038 0.0030 0.0174 0.0064 
   H171903.2  1 0.0065 0.0027 0.0025 0.0072 0.0144 0.0083 0.0059 0.0100 0.0056 0.0120 0.0055 0.0445 0.0100 0.7754 0.0068 0.0132 0.0057 0.0042 0.0032 0.0168 0.0395 
   H171903.3  1 0.0039 0.0051 0.0050 0.0498 0.0110 0.0227 0.0056 0.0060 0.0160 0.0494 0.0040 0.0128 0.1152 0.6004 0.0126 0.0209 0.0034 0.0056 0.0042 0.0115 0.0352 
   H171903.4  1 0.0054 0.0046 0.0041 0.0226 0.0096 0.0036 0.0057 0.0044 0.0857 0.0258 0.0039 0.0199 0.0101 0.7240 0.0094 0.0032 0.0076 0.0032 0.0255 0.0170 0.0047 
   H171903.5  1 0.0050 0.0047 0.0151 0.0138 0.0274 0.0035 0.0149 0.0059 0.0736 0.0789 0.0054 0.0106 0.0498 0.6150 0.0051 0.0127 0.0044 0.0030 0.0048 0.0183 0.0280 
   H171903.6  1 0.0032 0.0022 0.0087 0.0093 0.0078 0.0055 0.0056 0.0026 0.1479 0.0105 0.0035 0.0283 0.0039 0.7270 0.0026 0.0046 0.0028 0.0027 0.0054 0.0121 0.0039 
      H177.1  1 0.0029 0.0048 0.0039 0.0078 0.0062 0.0037 0.0041 0.0025 0.0058 0.0040 0.0059 0.9094 0.0038 0.0040 0.0092 0.0033 0.0024 0.0042 0.0031 0.0063 0.0027 
      H177.2  1 0.0558 0.0026 0.0102 0.0053 0.0060 0.0032 0.0120 0.0095 0.0051 0.0167 0.0219 0.7633 0.0091 0.0125 0.0166 0.0083 0.0048 0.0167 0.0038 0.0129 0.0036 
      H177.3  1 0.0110 0.0018 0.0064 0.0049 0.0030 0.0037 0.0040 0.0032 0.0033 0.0046 0.0051 0.9169 0.0037 0.0048 0.0044 0.0034 0.0026 0.0031 0.0049 0.0029 0.0025 
      H177.4  1 0.0062 0.0019 0.0050 0.0189 0.0030 0.0148 0.0086 0.0081 0.0032 0.0052 0.0376 0.8307 0.0081 0.0078 0.0064 0.0048 0.0065 0.0080 0.0048 0.0037 0.0067 
      H177.5  1 0.0087 0.0026 0.0029 0.0273 0.0081 0.0032 0.0055 0.0083 0.0087 0.0117 0.0080 0.8310 0.0077 0.0040 0.0115 0.0091 0.0102 0.0154 0.0032 0.0080 0.0049 
      H177.6  1 0.0062 0.0023 0.0100 0.0053 0.0047 0.0035 0.0041 0.0036 0.0023 0.0050 0.0040 0.9134 0.0061 0.0036 0.0053 0.0048 0.0025 0.0034 0.0040 0.0037 0.0019 
      H179.1  1 0.0023 0.0097 0.0031 0.0134 0.0116 0.0021 0.0048 0.0069 0.0186 0.0082 0.8198 0.0080 0.0074 0.0059 0.0044 0.0423 0.0107 0.0043 0.0041 0.0063 0.0060 
      H179.2  1 0.0019 0.0036 0.0046 0.0073 0.0066 0.0195 0.0124 0.0046 0.0154 0.0097 0.7845 0.0079 0.0279 0.0071 0.0072 0.0487 0.0075 0.0039 0.0065 0.0067 0.0064 
      H179.3  1 0.0029 0.0072 0.0034 0.0196 0.0209 0.0056 0.0073 0.0090 0.1186 0.0175 0.6917 0.0151 0.0096 0.0136 0.0055 0.0110 0.0146 0.0048 0.0039 0.0146 0.0036 
      H179.4  1 0.0042 0.0044 0.0093 0.0348 0.0041 0.0543 0.0090 0.0057 0.0139 0.0414 0.6432 0.0162 0.0110 0.0146 0.0387 0.0135 0.0610 0.0047 0.0043 0.0059 0.0058 
      H180.1  1 0.0021 0.0045 0.0026 0.0020 0.0039 0.0023 0.0202 0.0033 0.0039 0.0042 0.0195 0.0075 0.0063 0.0055 0.0034 0.0033 0.0042 0.0030 0.0063 0.8884 0.0037 
      H180.2  1 0.0028 0.0061 0.0025 0.0029 0.0037 0.0030 0.0057 0.0022 0.0040 0.0048 0.0037 0.0081 0.0040 0.0024 0.0023 0.0048 0.0039 0.0040 0.0023 0.9241 0.0026 
      H180.3  1 0.0050 0.0043 0.0041 0.0035 0.0082 0.0034 0.0033 0.0029 0.0057 0.0046 0.0051 0.0049 0.0085 0.0063 0.0017 0.0062 0.0037 0.0066 0.0042 0.9048 0.0030 
      H180.4  1 0.0025 0.0060 0.0044 0.0027 0.0035 0.0040 0.0120 0.0034 0.0026 0.0096 0.0078 0.0072 0.0029 0.0038 0.0033 0.0045 0.0047 0.0042 0.0050 0.9011 0.0047 
      H180.5  1 0.0043 0.0029 0.0033 0.0033 0.0029 0.0034 0.0105 0.0027 0.0034 0.0035 0.0089 0.0151 0.0027 0.0026 0.0029 0.0026 0.0038 0.0056 0.0049 0.9085 0.0022 
      H180.6  1 0.0121 0.0035 0.0095 0.0066 0.0053 0.0034 0.0032 0.0026 0.0034 0.0107 0.0080 0.0054 0.0048 0.0062 0.0021 0.0042 0.0060 0.0274 0.0075 0.8631 0.0051 
      H181.1  1 0.0033 0.0029 0.0099 0.0055 0.0031 0.0038 0.9000 0.0025 0.0037 0.0074 0.0049 0.0070 0.0033 0.0093 0.0030 0.0033 0.0019 0.0059 0.0056 0.0066 0.0071 
      H181.2  1 0.0053 0.0030 0.0067 0.0032 0.0027 0.0027 0.9082 0.0033 0.0030 0.0043 0.0057 0.0088 0.0044 0.0031 0.0038 0.0037 0.0068 0.0067 0.0051 0.0057 0.0038 
      H181.3  1 0.0036 0.0041 0.0086 0.0031 0.0050 0.0020 0.9094 0.0038 0.0043 0.0056 0.0030 0.0064 0.0038 0.0032 0.0042 0.0025 0.0046 0.0057 0.0073 0.0047 0.0052 
      H181.4  1 0.0038 0.0046 0.0182 0.0052 0.0131 0.0048 0.8172 0.0060 0.0055 0.0266 0.0047 0.0075 0.0037 0.0083 0.0036 0.0073 0.0102 0.0247 0.0039 0.0134 0.0075 
      H181.5  1 0.0020 0.0042 0.0038 0.0045 0.0033 0.0041 0.9152 0.0035 0.0033 0.0046 0.0132 0.0039 0.0048 0.0031 0.0027 0.0054 0.0039 0.0032 0.0041 0.0027 0.0045 
      H181.6  1 0.0029 0.0033 0.0040 0.0048 0.0046 0.0060 0.8848 0.0044 0.0032 0.0063 0.0210 0.0061 0.0073 0.0043 0.0035 0.0069 0.0078 0.0046 0.0040 0.0056 0.0048 
      H181.7  1 0.0036 0.0035 0.0031 0.0039 0.0035 0.0050 0.9048 0.0043 0.0048 0.0049 0.0195 0.0044 0.0037 0.0039 0.0028 0.0045 0.0028 0.0040 0.0028 0.0039 0.0063 
 H194.1_2004  1 0.0030 0.0022 0.0043 0.9216 0.0033 0.0040 0.0027 0.0035 0.0041 0.0049 0.0027 0.0043 0.0076 0.0069 0.0024 0.0043 0.0049 0.0041 0.0038 0.0037 0.0016 
 H194.2_2004  1 0.0046 0.0039 0.0028 0.9367 0.0037 0.0019 0.0033 0.0021 0.0025 0.0030 0.0021 0.0026 0.0035 0.0067 0.0032 0.0025 0.0033 0.0028 0.0031 0.0027 0.0030 
 H194.3_2004  1 0.0074 0.0022 0.0158 0.8265 0.0033 0.0043 0.0045 0.0038 0.0062 0.0136 0.0089 0.0124 0.0128 0.0045 0.0070 0.0431 0.0063 0.0043 0.0060 0.0035 0.0035 
 H194.4_2004  1 0.0112 0.0030 0.0063 0.9146 0.0035 0.0030 0.0050 0.0021 0.0029 0.0042 0.0029 0.0067 0.0057 0.0043 0.0034 0.0025 0.0043 0.0035 0.0054 0.0023 0.0033 
 H194.5_2004  1 0.0036 0.0019 0.0123 0.8717 0.0036 0.0059 0.0046 0.0037 0.0039 0.0078 0.0046 0.0046 0.0106 0.0077 0.0052 0.0149 0.0143 0.0067 0.0052 0.0030 0.0044 
 H194.6_2004  1 0.0061 0.0025 0.0160 0.8097 0.0070 0.0137 0.0057 0.0032 0.0071 0.0090 0.0063 0.0314 0.0108 0.0081 0.0047 0.0249 0.0090 0.0052 0.0116 0.0044 0.0036 
 H194.7_2004  1 0.0040 0.0030 0.0033 0.9360 0.0030 0.0031 0.0032 0.0030 0.0031 0.0039 0.0025 0.0050 0.0027 0.0035 0.0024 0.0031 0.0032 0.0037 0.0018 0.0031 0.0032 
 H194.8_2004  1 0.0056 0.0032 0.0043 0.9142 0.0048 0.0033 0.0045 0.0027 0.0028 0.0052 0.0029 0.0070 0.0048 0.0059 0.0055 0.0031 0.0062 0.0046 0.0033 0.0022 0.0040 
      H194.9  1 0.0053 0.0043 0.0034 0.9252 0.0038 0.0036 0.0037 0.0031 0.0030 0.0044 0.0021 0.0042 0.0040 0.0038 0.0028 0.0021 0.0065 0.0062 0.0036 0.0028 0.0023 
 H195.1_2003  1 0.0023 0.0023 0.0030 0.0025 0.0026 0.0022 0.0024 0.0028 0.0020 0.0034 0.0020 0.0026 0.0043 0.0021 0.0027 0.0025 0.9489 0.0023 0.0025 0.0023 0.0023 
 H195.1_2004  1 0.9183 0.0030 0.0037 0.0031 0.0027 0.0030 0.0063 0.0035 0.0035 0.0057 0.0022 0.0079 0.0039 0.0026 0.0090 0.0026 0.0052 0.0033 0.0043 0.0040 0.0022 
 H195.2_2003  1 0.0107 0.0023 0.0032 0.0057 0.0079 0.0028 0.0040 0.0032 0.0377 0.0047 0.0027 0.0034 0.0050 0.0069 0.0054 0.0030 0.8685 0.0085 0.0072 0.0026 0.0048 
 H195.2_2004  1 0.8173 0.0027 0.0086 0.0057 0.0025 0.0029 0.0033 0.0032 0.0114 0.0070 0.0034 0.0032 0.0042 0.0031 0.0047 0.0034 0.0931 0.0110 0.0027 0.0042 0.0024 
 H195.3_2003  1 0.0062 0.0066 0.0021 0.0068 0.0316 0.0030 0.0048 0.0065 0.0166 0.0080 0.0020 0.0056 0.0033 0.0104 0.0101 0.0092 0.8421 0.0082 0.0030 0.0062 0.0078 
 H195.3_2004  1 0.7818 0.0038 0.0156 0.0069 0.0028 0.0039 0.0052 0.0032 0.0040 0.0085 0.0030 0.0069 0.0067 0.0042 0.0062 0.0036 0.1177 0.0028 0.0063 0.0036 0.0032 
 H195.4_2003  1 0.0387 0.0020 0.0097 0.0074 0.0025 0.0032 0.0034 0.0035 0.0021 0.0041 0.0043 0.0052 0.0131 0.0029 0.0028 0.0022 0.8813 0.0022 0.0032 0.0036 0.0027 
 H195.4_2004  1 0.8910 0.0031 0.0039 0.0077 0.0025 0.0052 0.0043 0.0028 0.0080 0.0051 0.0031 0.0055 0.0034 0.0040 0.0029 0.0029 0.0315 0.0055 0.0033 0.0025 0.0017 
 H195.5_2003  1 0.0043 0.0073 0.0065 0.0034 0.0033 0.0053 0.0025 0.0058 0.0020 0.0046 0.0027 0.0030 0.0039 0.0027 0.0145 0.0028 0.9121 0.0026 0.0025 0.0057 0.0024 
 H195.5_2004  1 0.9141 0.0056 0.0047 0.0038 0.0025 0.0037 0.0040 0.0033 0.0030 0.0054 0.0025 0.0062 0.0031 0.0024 0.0054 0.0029 0.0148 0.0025 0.0032 0.0031 0.0038 
 H195.6_2003  1 0.0449 0.0022 0.0025 0.0033 0.0109 0.0037 0.0043 0.0090 0.0129 0.0072 0.0029 0.0045 0.0032 0.0054 0.0060 0.0025 0.8551 0.0060 0.0067 0.0034 0.0033 
 H195.6_2004  1 0.8448 0.0030 0.0031 0.0060 0.0017 0.0043 0.0035 0.0033 0.0047 0.0056 0.0034 0.0032 0.0040 0.0060 0.0048 0.0040 0.0774 0.0044 0.0043 0.0026 0.0058 
 H195.7_2003  1 0.0265 0.0024 0.0033 0.0045 0.0020 0.0035 0.0034 0.0039 0.0480 0.0066 0.0030 0.0034 0.0035 0.0040 0.0037 0.0028 0.8620 0.0047 0.0027 0.0025 0.0036 
 H195.7_2004  1 0.9263 0.0036 0.0024 0.0025 0.0054 0.0027 0.0031 0.0021 0.0072 0.0032 0.0025 0.0028 0.0026 0.0031 0.0046 0.0024 0.0098 0.0039 0.0021 0.0056 0.0022 
      H195.8  1 0.9419 0.0031 0.0026 0.0038 0.0030 0.0033 0.0029 0.0024 0.0036 0.0026 0.0020 0.0041 0.0028 0.0028 0.0031 0.0020 0.0032 0.0027 0.0028 0.0028 0.0022 
      H195.9  1 0.8536 0.0021 0.0086 0.0091 0.0026 0.0063 0.0044 0.0029 0.0051 0.0071 0.0033 0.0140 0.0046 0.0050 0.0061 0.0054 0.0425 0.0069 0.0049 0.0034 0.0020 
      H415.1  1 0.0038 0.0058 0.0061 0.0064 0.0134 0.0020 0.0043 0.0045 0.0100 0.0072 0.0037 0.0063 0.8906 0.0052 0.0051 0.0049 0.0041 0.0024 0.0033 0.0075 0.0034 
      H415.2  1 0.0047 0.0034 0.0043 0.0084 0.0165 0.0027 0.0048 0.0167 0.0149 0.0125 0.0097 0.0380 0.7608 0.0190 0.0116 0.0108 0.0038 0.0066 0.0382 0.0084 0.0042 
      H415.3  1 0.0027 0.0028 0.0068 0.0034 0.0040 0.0026 0.0065 0.0063 0.0045 0.0051 0.0122 0.0060 0.9077 0.0029 0.0031 0.0030 0.0046 0.0045 0.0041 0.0049 0.0025 
      H415.4  1 0.0034 0.0020 0.0041 0.0043 0.0040 0.0024 0.0030 0.0023 0.0024 0.0036 0.0024 0.0029 0.9308 0.0031 0.0051 0.0051 0.0053 0.0024 0.0038 0.0041 0.0034 
      H415.5  1 0.0029 0.0026 0.0067 0.0030 0.0026 0.0021 0.0042 0.0027 0.0029 0.0050 0.0029 0.0032 0.9329 0.0025 0.0032 0.0033 0.0044 0.0026 0.0039 0.0037 0.0024 
      H415.6  1 0.0040 0.0020 0.0038 0.0042 0.0045 0.0019 0.0032 0.0029 0.0019 0.0039 0.0025 0.0019 0.9333 0.0031 0.0045 0.0050 0.0042 0.0029 0.0039 0.0036 0.0029 
      H415.7  1 0.0042 0.0027 0.0055 0.0073 0.0067 0.0036 0.0040 0.0125 0.0067 0.0098 0.0109 0.0138 0.8435 0.0168 0.0101 0.0046 0.0062 0.0066 0.0183 0.0036 0.0026 
      H506.1  1 0.0030 0.0022 0.0038 0.0026 0.0017 0.0031 0.0044 0.0032 0.0019 0.0029 0.9398 0.0030 0.0021 0.0024 0.0022 0.0053 0.0035 0.0046 0.0027 0.0024 0.0030 
      H506.2  1 0.0116 0.0021 0.0034 0.0020 0.0015 0.0029 0.0057 0.0028 0.0021 0.0035 0.9243 0.0084 0.0028 0.0034 0.0034 0.0031 0.0041 0.0036 0.0033 0.0024 0.0036 
      H506.3  1 0.0077 0.0027 0.0028 0.0030 0.0040 0.0040 0.0197 0.0046 0.0086 0.0080 0.8664 0.0198 0.0046 0.0047 0.0063 0.0117 0.0038 0.0052 0.0033 0.0060 0.0031 
      H506.4  1 0.0027 0.0020 0.0051 0.0041 0.0038 0.0112 0.0047 0.0047 0.0045 0.0051 0.9055 0.0098 0.0057 0.0062 0.0033 0.0032 0.0032 0.0034 0.0052 0.0046 0.0022 
      H506.5  1 0.0038 0.0026 0.0060 0.0026 0.0026 0.0079 0.0048 0.0047 0.0021 0.0038 0.9184 0.0060 0.0046 0.0043 0.0039 0.0039 0.0068 0.0027 0.0032 0.0023 0.0031 
      H506.6  1 0.0218 0.0022 0.0029 0.0041 0.0046 0.0066 0.0108 0.0073 0.0068 0.0101 0.7442 0.1117 0.0052 0.0142 0.0145 0.0038 0.0133 0.0030 0.0033 0.0059 0.0035 
      H506.7  1 0.0052 0.0019 0.0040 0.0022 0.0019 0.0033 0.0038 0.0033 0.0021 0.0032 0.9354 0.0045 0.0022 0.0030 0.0034 0.0040 0.0055 0.0034 0.0025 0.0022 0.0029 
      H533.1  1 0.0031 0.0026 0.0081 0.0022 0.0016 0.0035 0.0118 0.0023 0.0021 0.0040 0.9188 0.0033 0.0030 0.0024 0.0022 0.0054 0.0020 0.0024 0.0020 0.0061 0.0112 
      H533.2  1 0.0042 0.0027 0.0073 0.0024 0.0020 0.0037 0.0153 0.0026 0.0017 0.0035 0.9153 0.0038 0.0037 0.0024 0.0021 0.0042 0.0020 0.0026 0.0022 0.0057 0.0105 
      H533.3  1 0.0035 0.0030 0.0080 0.0034 0.0025 0.0031 0.0048 0.0023 0.0029 0.0034 0.9310 0.0035 0.0023 0.0056 0.0023 0.0033 0.0023 0.0052 0.0017 0.0026 0.0034 
      H533.4  1 0.0161 0.0029 0.0103 0.0137 0.0037 0.0088 0.0061 0.0023 0.0032 0.0081 0.8587 0.0063 0.0050 0.0168 0.0043 0.0026 0.0130 0.0050 0.0046 0.0036 0.0048 
      H535.1  1 0.0027 0.0021 0.0028 0.0033 0.0034 0.9397 0.0034 0.0023 0.0016 0.0028 0.0034 0.0050 0.0036 0.0035 0.0028 0.0038 0.0032 0.0024 0.0032 0.0031 0.0018 
      H535.2  1 0.0034 0.0024 0.0030 0.0031 0.0017 0.9419 0.0043 0.0029 0.0022 0.0026 0.0026 0.0043 0.0025 0.0026 0.0031 0.0036 0.0028 0.0030 0.0022 0.0025 0.0031 
      H535.3  1 0.0029 0.0035 0.0021 0.0021 0.0020 0.9490 0.0031 0.0030 0.0022 0.0025 0.0029 0.0026 0.0020 0.0024 0.0021 0.0031 0.0028 0.0031 0.0020 0.0020 0.0025 
      H535.4  1 0.0036 0.0023 0.0035 0.0028 0.0022 0.9449 0.0022 0.0027 0.0021 0.0031 0.0029 0.0026 0.0027 0.0028 0.0034 0.0030 0.0033 0.0025 0.0022 0.0022 0.0031 
      H535.5  1 0.0026 0.0019 0.0035 0.0033 0.0027 0.9462 0.0025 0.0021 0.0018 0.0029 0.0028 0.0031 0.0022 0.0040 0.0025 0.0029 0.0040 0.0024 0.0023 0.0022 0.0021 
      H535.6  1 0.0043 0.0028 0.0023 0.0041 0.0065 0.9155 0.0060 0.0023 0.0020 0.0045 0.0027 0.0046 0.0034 0.0053 0.0027 0.0038 0.0070 0.0038 0.0102 0.0034 0.0027 
      H535.7  1 0.0020 0.0017 0.0030 0.0024 0.0015 0.9554 0.0018 0.0018 0.0024 0.0030 0.0029 0.0023 0.0021 0.0025 0.0019 0.0029 0.0030 0.0017 0.0018 0.0019 0.0021 
      H535.8  1 0.0025 0.0021 0.0025 0.0039 0.0027 0.9404 0.0044 0.0026 0.0024 0.0028 0.0021 0.0019 0.0021 0.0039 0.0035 0.0038 0.0056 0.0030 0.0026 0.0018 0.0033 
      H535.9  1 0.0025 0.0025 0.0022 0.0031 0.0032 0.9435 0.0033 0.0025 0.0022 0.0033 0.0033 0.0037 0.0024 0.0032 0.0024 0.0022 0.0039 0.0025 0.0033 0.0028 0.0021 
      H539.1  1 0.0023 0.0038 0.0016 0.0030 0.9437 0.0023 0.0022 0.0021 0.0020 0.0028 0.0019 0.0025 0.0028 0.0033 0.0024 0.0020 0.0022 0.0027 0.0066 0.0046 0.0030 
      H539.2  1 0.0048 0.0269 0.0040 0.0135 0.5652 0.0079 0.0057 0.0051 0.0204 0.0235 0.0053 0.0380 0.0043 0.0737 0.0188 0.0054 0.0082 0.0071 0.0050 0.1544 0.0030 
      H539.3  1 0.0042 0.0072 0.0022 0.0163 0.8449 0.0109 0.0031 0.0039 0.0090 0.0079 0.0037 0.0055 0.0037 0.0218 0.0077 0.0045 0.0204 0.0040 0.0054 0.0102 0.0033 
      H539.4  1 0.0029 0.0036 0.0032 0.0026 0.8697 0.0030 0.0035 0.0043 0.0083 0.0068 0.0035 0.0063 0.0042 0.0060 0.0050 0.0050 0.0035 0.0025 0.0045 0.0481 0.0032 
      H539.5  1 0.0022 0.0033 0.0021 0.0031 0.9391 0.0031 0.0028 0.0021 0.0027 0.0025 0.0023 0.0046 0.0019 0.0038 0.0022 0.0035 0.0019 0.0042 0.0036 0.0063 0.0027 
      H539.6  1 0.0032 0.0022 0.0020 0.0036 0.9311 0.0026 0.0030 0.0023 0.0026 0.0036 0.0025 0.0024 0.0030 0.0088 0.0025 0.0024 0.0035 0.0037 0.0054 0.0067 0.0030 
      H539.7  1 0.0023 0.0043 0.0026 0.0036 0.9295 0.0025 0.0029 0.0030 0.0059 0.0053 0.0020 0.0028 0.0038 0.0037 0.0025 0.0025 0.0035 0.0022 0.0046 0.0082 0.0022 
      H539.8  1 0.0038 0.0270 0.0049 0.0155 0.7426 0.0235 0.0038 0.0045 0.0122 0.0112 0.0041 0.0057 0.0041 0.0084 0.0073 0.0073 0.0138 0.0039 0.0038 0.0895 0.0032 
      H539.9  1 0.0026 0.0027 0.0022 0.0029 0.9224 0.0023 0.0032 0.0031 0.0052 0.0044 0.0030 0.0051 0.0036 0.0040 0.0045 0.0058 0.0024 0.0024 0.0022 0.0114 0.0046 
      H540.1  1 0.0086 0.0021 0.0034 0.0043 0.8398 0.0044 0.0088 0.0052 0.0030 0.0044 0.0040 0.0079 0.0042 0.0679 0.0031 0.0040 0.0040 0.0082 0.0051 0.0039 0.0035 
      H540.2  1 0.0029 0.0039 0.0041 0.0083 0.9145 0.0020 0.0047 0.0031 0.0044 0.0036 0.0030 0.0036 0.0059 0.0096 0.0037 0.0042 0.0020 0.0055 0.0043 0.0040 0.0027 
      H540.3  1 0.0116 0.0108 0.0176 0.0333 0.7552 0.0067 0.0065 0.0054 0.0110 0.0273 0.0037 0.0098 0.0218 0.0082 0.0177 0.0091 0.0048 0.0052 0.0072 0.0203 0.0066 
      H540.4  1 0.0053 0.0047 0.0036 0.0032 0.8557 0.0039 0.0180 0.0116 0.0089 0.0090 0.0060 0.0054 0.0102 0.0100 0.0035 0.0041 0.0041 0.0038 0.0057 0.0204 0.0030 
      H540.5  1 0.0026 0.0042 0.0039 0.0061 0.9081 0.0025 0.0060 0.0041 0.0081 0.0046 0.0024 0.0055 0.0056 0.0057 0.0068 0.0056 0.0020 0.0052 0.0044 0.0030 0.0035 
      H540.6  1 0.0088 0.0053 0.0056 0.0057 0.8280 0.0043 0.0215 0.0105 0.0096 0.0112 0.0045 0.0149 0.0057 0.0222 0.0059 0.0085 0.0028 0.0081 0.0067 0.0055 0.0048 
      H540.7  1 0.0036 0.0052 0.0153 0.0133 0.8336 0.0031 0.0111 0.0086 0.0039 0.0081 0.0078 0.0079 0.0146 0.0089 0.0049 0.0053 0.0049 0.0245 0.0053 0.0075 0.0027 
      H540.8  1 0.0032 0.0029 0.0059 0.0414 0.8108 0.0047 0.0054 0.0037 0.0066 0.0149 0.0030 0.0083 0.0237 0.0311 0.0032 0.0056 0.0035 0.0056 0.0079 0.0060 0.0026 
     H9558.1  1 0.0027 0.0025 0.0022 0.0038 0.9198 0.0101 0.0038 0.0019 0.0051 0.0042 0.0046 0.0025 0.0036 0.0043 0.0028 0.0027 0.0036 0.0019 0.0076 0.0029 0.0073 
     H9558.2  1 0.0026 0.0057 0.0037 0.0107 0.8258 0.0100 0.0228 0.0074 0.0080 0.0086 0.0102 0.0032 0.0069 0.0052 0.0056 0.0057 0.0175 0.0117 0.0094 0.0035 0.0158 
     H9558.3  1 0.0025 0.0085 0.0023 0.0058 0.8549 0.0048 0.0088 0.0075 0.0041 0.0045 0.0024 0.0022 0.0041 0.0039 0.0060 0.0069 0.0064 0.0121 0.0027 0.0037 0.0457 
     H9558.4  1 0.0018 0.0042 0.0016 0.0044 0.9255 0.0077 0.0039 0.0025 0.0071 0.0044 0.0036 0.0034 0.0035 0.0037 0.0028 0.0023 0.0027 0.0026 0.0052 0.0029 0.0042 
     H9558.5  1 0.0017 0.0065 0.0023 0.0024 0.9203 0.0099 0.0041 0.0036 0.0072 0.0039 0.0027 0.0032 0.0032 0.0030 0.0050 0.0033 0.0021 0.0030 0.0027 0.0060 0.0040 
     H9558.6  1 0.0026 0.0047 0.0030 0.0080 0.8847 0.0061 0.0035 0.0044 0.0028 0.0101 0.0032 0.0059 0.0077 0.0032 0.0062 0.0071 0.0056 0.0040 0.0036 0.0043 0.0195 
    kos339.1  1 0.0022 0.0032 0.8241 0.0030 0.0065 0.0058 0.0071 0.0149 0.0026 0.0159 0.0294 0.0065 0.0135 0.0089 0.0049 0.0057 0.0024 0.0271 0.0053 0.0044 0.0065 
    kos339.2  1 0.0062 0.0029 0.8990 0.0032 0.0033 0.0043 0.0033 0.0095 0.0041 0.0042 0.0076 0.0055 0.0061 0.0031 0.0074 0.0038 0.0044 0.0082 0.0042 0.0048 0.0049 
    kos339.3  1 0.0025 0.0025 0.9348 0.0030 0.0028 0.0062 0.0029 0.0017 0.0024 0.0040 0.0038 0.0035 0.0040 0.0058 0.0027 0.0026 0.0044 0.0021 0.0033 0.0028 0.0021 
    kos339.4  1 0.0028 0.0031 0.9142 0.0041 0.0035 0.0047 0.0038 0.0027 0.0037 0.0105 0.0048 0.0036 0.0074 0.0045 0.0031 0.0026 0.0056 0.0045 0.0045 0.0038 0.0026 
    kos339.5  1 0.0024 0.0032 0.8688 0.0027 0.0035 0.0030 0.0067 0.0066 0.0033 0.0059 0.0132 0.0052 0.0044 0.0035 0.0025 0.0056 0.0028 0.0440 0.0065 0.0031 0.0032 
    kos339.6  1 0.0050 0.0027 0.9179 0.0053 0.0027 0.0027 0.0034 0.0052 0.0031 0.0032 0.0058 0.0062 0.0038 0.0031 0.0045 0.0031 0.0027 0.0107 0.0030 0.0026 0.0032 
    kos339.7  1 0.0031 0.0030 0.9263 0.0027 0.0026 0.0094 0.0044 0.0021 0.0022 0.0051 0.0054 0.0035 0.0054 0.0046 0.0021 0.0024 0.0038 0.0024 0.0037 0.0033 0.0024 
    kos339.8  1 0.0037 0.0028 0.9027 0.0026 0.0026 0.0035 0.0035 0.0044 0.0034 0.0061 0.0210 0.0051 0.0085 0.0035 0.0038 0.0035 0.0035 0.0061 0.0033 0.0038 0.0026 
    kos339.9  1 0.0080 0.0026 0.7582 0.0062 0.0146 0.0038 0.0162 0.0093 0.0036 0.0268 0.0082 0.0187 0.0109 0.0072 0.0099 0.0082 0.0065 0.0277 0.0337 0.0137 0.0061 
      H409.1 12 0.0025 0.0026 0.0052 0.0030 0.0019 0.0025 0.0048 0.0032 0.0035 0.0030 0.0034 0.0028 0.0036 0.0019 0.0027 0.9381 0.0032 0.0045 0.0024 0.0020 0.0032 
     H409.10 12 0.0034 0.0056 0.0039 0.0024 0.0061 0.0025 0.0090 0.0058 0.0152 0.0064 0.0265 0.0049 0.0097 0.0049 0.0076 0.8629 0.0060 0.0042 0.0043 0.0066 0.0021 
      H409.2 12 0.0026 0.0023 0.0060 0.0043 0.0038 0.0057 0.0035 0.0024 0.0039 0.0043 0.0039 0.0042 0.0147 0.0032 0.0080 0.9114 0.0037 0.0026 0.0044 0.0023 0.0028 
      H409.3 12 0.0030 0.0035 0.0039 0.0052 0.0029 0.0035 0.0030 0.0038 0.0032 0.0039 0.0053 0.0036 0.0026 0.0032 0.0036 0.9295 0.0028 0.0031 0.0032 0.0038 0.0034 
      H409.4 12 0.0030 0.0026 0.0032 0.0041 0.0029 0.0034 0.0034 0.0029 0.0036 0.0030 0.0030 0.0030 0.0036 0.0027 0.0039 0.9372 0.0027 0.0028 0.0026 0.0022 0.0042 
      H409.5 12 0.0024 0.0025 0.0025 0.0031 0.0030 0.0044 0.0034 0.0033 0.0024 0.0034 0.0029 0.0024 0.0038 0.0048 0.0035 0.9347 0.0031 0.0040 0.0032 0.0035 0.0036 
      H409.6 12 0.0064 0.0075 0.0029 0.0099 0.0056 0.0076 0.0096 0.0067 0.0062 0.0071 0.0083 0.0048 0.0029 0.0123 0.0056 0.8366 0.0023 0.0118 0.0046 0.0069 0.0341 
      H409.7 12 0.0040 0.0032 0.0061 0.0048 0.0023 0.0026 0.0053 0.0067 0.0042 0.0048 0.0040 0.0029 0.0035 0.0021 0.0064 0.9161 0.0054 0.0044 0.0027 0.0029 0.0055 
      H409.8 12 0.0028 0.0031 0.0028 0.0031 0.0028 0.0029 0.0034 0.0068 0.0024 0.0043 0.0057 0.0028 0.0032 0.0043 0.0024 0.9282 0.0033 0.0057 0.0037 0.0033 0.0029 
      H409.9 12 0.0055 0.0134 0.0029 0.0039 0.2769 0.0118 0.0111 0.0330 0.0050 0.0092 0.0858 0.0262 0.0068 0.0126 0.0044 0.4516 0.0035 0.0054 0.0042 0.0210 0.0057 
      H413.1 12 0.0015 0.9381 0.0033 0.0027 0.0023 0.0024 0.0061 0.0046 0.0028 0.0035 0.0018 0.0021 0.0020 0.0025 0.0033 0.0021 0.0025 0.0043 0.0024 0.0042 0.0055 
      H413.2 12 0.0020 0.9463 0.0032 0.0031 0.0023 0.0025 0.0031 0.0024 0.0027 0.0033 0.0026 0.0021 0.0021 0.0023 0.0021 0.0022 0.0028 0.0024 0.0026 0.0038 0.0041 
      H413.3 12 0.0021 0.9407 0.0022 0.0060 0.0035 0.0019 0.0041 0.0045 0.0037 0.0025 0.0026 0.0020 0.0021 0.0027 0.0033 0.0029 0.0024 0.0026 0.0026 0.0021 0.0036 
      H413.4 12 0.0041 0.9152 0.0058 0.0042 0.0027 0.0018 0.0061 0.0078 0.0018 0.0051 0.0038 0.0038 0.0029 0.0021 0.0051 0.0049 0.0038 0.0073 0.0029 0.0038 0.0049 
      H413.5 12 0.0041 0.9077 0.0021 0.0033 0.0156 0.0020 0.0035 0.0030 0.0041 0.0039 0.0026 0.0021 0.0026 0.0027 0.0033 0.0024 0.0017 0.0064 0.0115 0.0134 0.0020 
      H413.6 12 0.0028 0.8707 0.0040 0.0049 0.0110 0.0029 0.0038 0.0061 0.0129 0.0053 0.0020 0.0041 0.0028 0.0025 0.0068 0.0037 0.0121 0.0255 0.0018 0.0098 0.0045 
      H413.7 12 0.0021 0.9477 0.0032 0.0029 0.0033 0.0024 0.0024 0.0030 0.0028 0.0020 0.0026 0.0022 0.0021 0.0019 0.0028 0.0024 0.0039 0.0025 0.0022 0.0024 0.0030 
      H563.1 12 0.0028 0.0121 0.0025 0.0031 0.0095 0.0022 0.0022 0.9162 0.0043 0.0038 0.0032 0.0044 0.0025 0.0050 0.0064 0.0045 0.0021 0.0041 0.0022 0.0035 0.0034 
      H563.2 12 0.0029 0.0094 0.0116 0.0141 0.0047 0.0037 0.0055 0.8746 0.0046 0.0095 0.0038 0.0045 0.0062 0.0050 0.0058 0.0110 0.0033 0.0045 0.0056 0.0046 0.0053 
      H563.3 12 0.0024 0.0044 0.0025 0.0037 0.0067 0.0018 0.0030 0.9231 0.0025 0.0034 0.0034 0.0034 0.0026 0.0063 0.0060 0.0028 0.0027 0.0097 0.0029 0.0039 0.0029 
      H563.4 12 0.0033 0.0096 0.0057 0.0058 0.0041 0.0026 0.0039 0.8969 0.0050 0.0066 0.0047 0.0040 0.0037 0.0055 0.0059 0.0084 0.0019 0.0043 0.0033 0.0072 0.0077 
      H563.5 12 0.0030 0.0066 0.0027 0.0025 0.0091 0.0018 0.0031 0.9264 0.0030 0.0037 0.0020 0.0044 0.0021 0.0032 0.0079 0.0030 0.0020 0.0051 0.0020 0.0028 0.0038 
      H563.6 12 0.0029 0.0092 0.0100 0.0059 0.0033 0.0028 0.0050 0.8895 0.0033 0.0050 0.0043 0.0033 0.0049 0.0033 0.0138 0.0060 0.0034 0.0100 0.0039 0.0045 0.0057 
      H563.7 12 0.0028 0.0102 0.0094 0.0042 0.0029 0.0020 0.0048 0.9010 0.0024 0.0051 0.0041 0.0025 0.0033 0.0028 0.0100 0.0067 0.0026 0.0106 0.0028 0.0032 0.0066 
      H563.8 12 0.0026 0.0051 0.0030 0.0040 0.0144 0.0017 0.0035 0.8961 0.0049 0.0054 0.0027 0.0077 0.0036 0.0053 0.0132 0.0039 0.0022 0.0091 0.0025 0.0043 0.0049 
      H563.9 12 0.0041 0.0060 0.0085 0.0093 0.0044 0.0022 0.0064 0.8769 0.0051 0.0067 0.0052 0.0052 0.0073 0.0047 0.0036 0.0152 0.0033 0.0094 0.0060 0.0052 0.0052 
     H7374.1 12 0.0046 0.0029 0.0029 0.0065 0.0031 0.0040 0.0044 0.0032 0.0026 0.0038 0.0026 0.0037 0.0071 0.0060 0.9021 0.0061 0.0133 0.0027 0.0037 0.0038 0.0110 
     H7374.2 12 0.0030 0.0085 0.0020 0.0080 0.0090 0.0033 0.0032 0.0073 0.0065 0.0054 0.0043 0.0049 0.0056 0.0061 0.8991 0.0053 0.0048 0.0035 0.0025 0.0030 0.0048 
     H7374.3 12 0.0061 0.0033 0.0037 0.0149 0.0063 0.0040 0.0050 0.0087 0.0033 0.0105 0.0048 0.0080 0.0137 0.0080 0.8052 0.0080 0.0673 0.0052 0.0051 0.0035 0.0057 
     H7374.4 12 0.0034 0.0045 0.0060 0.0044 0.0052 0.0043 0.0049 0.0042 0.0057 0.0042 0.0032 0.0040 0.0030 0.0028 0.9220 0.0035 0.0023 0.0031 0.0041 0.0028 0.0025 
     H7374.5 12 0.0027 0.0025 0.0036 0.0028 0.0056 0.0021 0.0037 0.0044 0.0026 0.0033 0.0024 0.0046 0.0025 0.0035 0.9288 0.0032 0.0039 0.0054 0.0038 0.0042 0.0045 
     H7374.6 12 0.0068 0.0045 0.0060 0.0135 0.0070 0.0077 0.0093 0.0097 0.0039 0.0080 0.0064 0.0066 0.0148 0.0052 0.8435 0.0045 0.0201 0.0066 0.0091 0.0033 0.0036 
     H7374.7 12 0.0032 0.0040 0.0045 0.0042 0.0021 0.0038 0.0039 0.0036 0.0024 0.0035 0.0023 0.0036 0.0029 0.0024 0.9333 0.0041 0.0025 0.0056 0.0028 0.0020 0.0032 
     H7374.8 12 0.0042 0.0028 0.0056 0.0043 0.0025 0.0027 0.0045 0.0046 0.0025 0.0043 0.0039 0.0041 0.0054 0.0034 0.9169 0.0051 0.0091 0.0040 0.0028 0.0020 0.0052 
     H7374.9 12 0.0034 0.0032 0.0036 0.0022 0.0064 0.0023 0.0038 0.0039 0.0039 0.0050 0.0027 0.0070 0.0035 0.0033 0.9238 0.0026 0.0024 0.0058 0.0042 0.0031 0.0040 
     H9563.1 12 0.0026 0.0030 0.0033 0.0039 0.0037 0.0023 0.0033 0.9254 0.0031 0.0055 0.0038 0.0038 0.0041 0.0040 0.0040 0.0023 0.0052 0.0044 0.0040 0.0050 0.0032 
     H9563.2 12 0.0032 0.0038 0.0026 0.0026 0.0070 0.0030 0.0035 0.9239 0.0027 0.0045 0.0030 0.0027 0.0056 0.0076 0.0026 0.0018 0.0035 0.0019 0.0031 0.0076 0.0038 
     H9563.3 12 0.0042 0.0022 0.0036 0.0038 0.0020 0.0041 0.0033 0.9148 0.0048 0.0046 0.0065 0.0052 0.0047 0.0031 0.0038 0.0053 0.0059 0.0036 0.0033 0.0037 0.0077 
     H9563.4 12 0.0073 0.0046 0.0054 0.0111 0.0058 0.0174 0.0052 0.8125 0.0059 0.0125 0.0064 0.0187 0.0121 0.0101 0.0067 0.0138 0.0096 0.0063 0.0043 0.0177 0.0067 
     H9563.5 12 0.0055 0.0029 0.0070 0.0061 0.0039 0.0052 0.0053 0.8911 0.0037 0.0080 0.0066 0.0055 0.0043 0.0100 0.0028 0.0066 0.0037 0.0028 0.0057 0.0086 0.0048 
     H9563.6 12 0.0036 0.0035 0.0022 0.0040 0.0025 0.0040 0.0035 0.9016 0.0031 0.0046 0.0059 0.0038 0.0038 0.0040 0.0054 0.0042 0.0073 0.0074 0.0023 0.0054 0.0181 
     H9563.7 12 0.0030 0.0028 0.0022 0.0035 0.0030 0.0073 0.0030 0.9197 0.0028 0.0032 0.0043 0.0032 0.0030 0.0065 0.0058 0.0028 0.0049 0.0037 0.0020 0.0032 0.0101 
     H9563.8 12 0.0049 0.0040 0.0110 0.0082 0.0045 0.0048 0.0071 0.7930 0.0084 0.0175 0.0108 0.0160 0.0295 0.0054 0.0029 0.0087 0.0036 0.0026 0.0047 0.0437 0.0088 
     H9563.9 12 0.0033 0.0038 0.0049 0.0043 0.0048 0.0027 0.0039 0.8913 0.0055 0.0078 0.0078 0.0047 0.0082 0.0049 0.0046 0.0033 0.0049 0.0044 0.0039 0.0124 0.0086 
     H9572.1 12 0.0035 0.0099 0.0037 0.0072 0.0155 0.0039 0.0085 0.0100 0.0039 0.0056 0.0078 0.0034 0.0038 0.0086 0.0102 0.0052 0.0049 0.8654 0.0051 0.0100 0.0041 
     H9572.2 12 0.0162 0.0063 0.0041 0.0105 0.0063 0.0030 0.0043 0.0323 0.0038 0.0082 0.0033 0.0057 0.0126 0.0133 0.0222 0.0072 0.0072 0.7968 0.0128 0.0147 0.0091 
     H9572.3 12 0.0035 0.0058 0.0127 0.0066 0.0107 0.0075 0.0061 0.0063 0.0032 0.0106 0.0050 0.0051 0.0142 0.0313 0.0395 0.0138 0.0042 0.7890 0.0043 0.0040 0.0167 
     H9572.4 12 0.0029 0.0029 0.0045 0.0031 0.0040 0.0038 0.0031 0.0029 0.0017 0.0041 0.0027 0.0040 0.0024 0.0030 0.0048 0.0031 0.0035 0.9358 0.0033 0.0022 0.0025 
     H9572.5 12 0.0039 0.0021 0.0101 0.0070 0.0025 0.0030 0.0047 0.0027 0.0024 0.0038 0.0032 0.0029 0.0023 0.0109 0.0020 0.0022 0.0033 0.9197 0.0032 0.0026 0.0054 
