      H105.1  1 0.0046 0.0047 0.9176 0.0040 0.0054 0.0039 0.0112 0.0047 0.0056 0.0031 0.0137 0.0030 0.0141 0.0044 
      H105.2  1 0.0030 0.0072 0.8998 0.0132 0.0106 0.0046 0.0096 0.0045 0.0071 0.0051 0.0060 0.0083 0.0082 0.0128 
      H105.3  1 0.0054 0.0023 0.9291 0.0041 0.0074 0.0033 0.0039 0.0031 0.0062 0.0039 0.0183 0.0031 0.0059 0.0040 
      H105.4  1 0.0066 0.0036 0.8797 0.0174 0.0083 0.0057 0.0245 0.0038 0.0051 0.0068 0.0134 0.0030 0.0120 0.0101 
      H105.5  1 0.0056 0.0114 0.7862 0.0122 0.0072 0.0107 0.0882 0.0044 0.0128 0.0064 0.0081 0.0027 0.0279 0.0162 
      H105.6  1 0.0084 0.0033 0.9238 0.0071 0.0046 0.0064 0.0073 0.0031 0.0050 0.0057 0.0050 0.0038 0.0051 0.0115 
      H105.7  1 0.0050 0.0043 0.8855 0.0054 0.0088 0.0039 0.0136 0.0043 0.0031 0.0043 0.0306 0.0037 0.0209 0.0067 
      H105.8  1 0.0023 0.0031 0.9432 0.0052 0.0091 0.0032 0.0036 0.0031 0.0041 0.0035 0.0065 0.0028 0.0042 0.0060 
      H115.1  1 0.0032 0.0072 0.0177 0.8795 0.0079 0.0177 0.0099 0.0097 0.0041 0.0039 0.0078 0.0065 0.0051 0.0198 
      H115.2  1 0.0030 0.0077 0.0050 0.8907 0.0036 0.0445 0.0087 0.0069 0.0039 0.0031 0.0051 0.0090 0.0046 0.0042 
      H115.3  1 0.0037 0.0031 0.0036 0.9329 0.0037 0.0116 0.0052 0.0074 0.0036 0.0057 0.0063 0.0066 0.0033 0.0035 
      H115.4  1 0.0065 0.0114 0.0049 0.8800 0.0313 0.0044 0.0078 0.0204 0.0026 0.0072 0.0035 0.0097 0.0074 0.0030 
      H115.5  1 0.0137 0.0055 0.0211 0.8585 0.0059 0.0200 0.0094 0.0267 0.0028 0.0109 0.0061 0.0068 0.0067 0.0059 
      H115.6  1 0.0054 0.0059 0.0039 0.8683 0.0038 0.0190 0.0083 0.0181 0.0117 0.0027 0.0100 0.0316 0.0068 0.0044 
      H115.7  1 0.0066 0.0079 0.0108 0.8840 0.0044 0.0127 0.0161 0.0093 0.0066 0.0030 0.0130 0.0099 0.0048 0.0110 
      H115.8  1 0.0034 0.0042 0.0061 0.9288 0.0032 0.0142 0.0047 0.0076 0.0038 0.0018 0.0062 0.0070 0.0046 0.0044 
      H115.9  1 0.0033 0.0050 0.0083 0.7894 0.0141 0.1126 0.0086 0.0069 0.0037 0.0045 0.0099 0.0057 0.0059 0.0223 
      H145.1  1 0.9017 0.0046 0.0026 0.0064 0.0033 0.0077 0.0168 0.0065 0.0084 0.0056 0.0057 0.0183 0.0074 0.0051 
      H145.2  1 0.9402 0.0023 0.0027 0.0063 0.0046 0.0039 0.0061 0.0053 0.0034 0.0043 0.0051 0.0070 0.0050 0.0039 
      H145.3  1 0.9239 0.0024 0.0031 0.0039 0.0024 0.0028 0.0048 0.0031 0.0031 0.0036 0.0025 0.0363 0.0043 0.0039 
      H145.4  1 0.9313 0.0032 0.0025 0.0042 0.0032 0.0039 0.0116 0.0043 0.0056 0.0039 0.0071 0.0052 0.0076 0.0065 
      H145.5  1 0.8783 0.0036 0.0031 0.0032 0.0029 0.0024 0.0053 0.0040 0.0067 0.0024 0.0030 0.0771 0.0047 0.0033 
      H145.6  1 0.9512 0.0023 0.0036 0.0029 0.0029 0.0030 0.0067 0.0052 0.0037 0.0033 0.0055 0.0040 0.0034 0.0024 
      H145.7  1 0.9547 0.0028 0.0025 0.0034 0.0023 0.0022 0.0040 0.0053 0.0043 0.0033 0.0039 0.0031 0.0037 0.0046 
      H149.1  1 0.0032 0.0029 0.0031 0.0031 0.0033 0.0035 0.0034 0.9545 0.0039 0.0031 0.0034 0.0046 0.0043 0.0036 
      H149.2  1 0.0057 0.0034 0.0035 0.0028 0.0037 0.0028 0.0049 0.9460 0.0035 0.0036 0.0056 0.0048 0.0049 0.0047 
      H149.3  1 0.0347 0.0112 0.0067 0.0225 0.0215 0.0058 0.0457 0.7210 0.0048 0.0098 0.0590 0.0160 0.0284 0.0130 
      H149.4  1 0.0040 0.0062 0.0050 0.0034 0.0192 0.0030 0.0029 0.9282 0.0029 0.0036 0.0065 0.0051 0.0058 0.0044 
      H149.5  1 0.0166 0.0125 0.0126 0.0045 0.0219 0.0025 0.0212 0.8020 0.0044 0.0131 0.0554 0.0045 0.0174 0.0113 
      H149.6  1 0.0065 0.0039 0.0043 0.0025 0.0031 0.0019 0.0050 0.9467 0.0032 0.0036 0.0066 0.0038 0.0035 0.0051 
      H149.7  1 0.0053 0.0626 0.0111 0.0140 0.0417 0.0037 0.0240 0.7380 0.0089 0.0051 0.0324 0.0072 0.0313 0.0149 
      H150.1  1 0.0052 0.0037 0.0046 0.7642 0.0029 0.1883 0.0057 0.0024 0.0040 0.0020 0.0034 0.0054 0.0041 0.0043 
      H150.2  1 0.0032 0.0070 0.0049 0.8970 0.0036 0.0459 0.0035 0.0043 0.0046 0.0039 0.0050 0.0087 0.0048 0.0035 
      H150.3  1 0.0060 0.0141 0.0190 0.4635 0.0032 0.4169 0.0098 0.0059 0.0095 0.0023 0.0085 0.0277 0.0053 0.0082 
      H150.4  1 0.0059 0.0088 0.0077 0.2163 0.0027 0.7167 0.0064 0.0030 0.0057 0.0020 0.0055 0.0104 0.0035 0.0055 
      H150.5  1 0.0046 0.0070 0.0051 0.8946 0.0026 0.0342 0.0081 0.0046 0.0059 0.0024 0.0139 0.0057 0.0061 0.0054 
      H150.6  1 0.0090 0.0070 0.0046 0.9151 0.0043 0.0114 0.0053 0.0037 0.0107 0.0040 0.0041 0.0064 0.0074 0.0070 
      H150.7  1 0.0046 0.0026 0.0088 0.4230 0.0044 0.5005 0.0059 0.0051 0.0040 0.0019 0.0050 0.0235 0.0068 0.0039 
   H169607.1  1 0.0188 0.0142 0.0047 0.0136 0.0237 0.0146 0.8409 0.0049 0.0143 0.0029 0.0072 0.0276 0.0076 0.0051 
   H169607.2  1 0.0121 0.0038 0.0038 0.0043 0.0045 0.0181 0.9219 0.0022 0.0052 0.0037 0.0058 0.0057 0.0054 0.0033 
   H169607.3  1 0.0088 0.0056 0.0043 0.0066 0.0070 0.0053 0.9276 0.0030 0.0043 0.0036 0.0054 0.0094 0.0056 0.0034 
   H169607.4  1 0.0094 0.0028 0.0029 0.0034 0.0028 0.0084 0.9217 0.0030 0.0175 0.0037 0.0047 0.0124 0.0041 0.0032 
   H169607.5  1 0.0045 0.0036 0.0032 0.0041 0.0038 0.0082 0.9482 0.0030 0.0039 0.0030 0.0044 0.0029 0.0043 0.0028 
   H169607.6  1 0.0044 0.0034 0.0049 0.0036 0.0048 0.0070 0.9433 0.0025 0.0037 0.0037 0.0028 0.0076 0.0061 0.0023 
   H169607.7  1 0.0063 0.0127 0.0074 0.0151 0.0183 0.0056 0.9010 0.0043 0.0033 0.0037 0.0041 0.0079 0.0084 0.0022 
   H169607.8  1 0.0051 0.0043 0.0052 0.0042 0.0035 0.0063 0.9280 0.0023 0.0158 0.0030 0.0056 0.0060 0.0073 0.0034 
   H169633.1  1 0.0213 0.0288 0.0097 0.0057 0.0041 0.0068 0.0029 0.8878 0.0048 0.0051 0.0072 0.0060 0.0053 0.0045 
   H169633.2  1 0.0213 0.0263 0.0195 0.0059 0.0096 0.0030 0.0029 0.8541 0.0054 0.0060 0.0057 0.0227 0.0067 0.0109 
   H169633.3  1 0.0071 0.0046 0.0071 0.0071 0.0053 0.0076 0.0050 0.9016 0.0057 0.0106 0.0070 0.0060 0.0179 0.0075 
   H169633.4  1 0.0047 0.0031 0.0082 0.0059 0.0049 0.0076 0.0081 0.9120 0.0060 0.0079 0.0105 0.0050 0.0091 0.0070 
   H169633.5  1 0.0064 0.0031 0.0077 0.0061 0.0052 0.0087 0.0081 0.9104 0.0073 0.0084 0.0085 0.0055 0.0081 0.0065 
   H169688.1  1 0.0082 0.8755 0.0149 0.0042 0.0086 0.0086 0.0106 0.0046 0.0075 0.0158 0.0034 0.0212 0.0124 0.0045 
   H169688.2  1 0.0046 0.9392 0.0066 0.0032 0.0056 0.0028 0.0053 0.0032 0.0049 0.0040 0.0034 0.0025 0.0063 0.0085 
   H169688.3  1 0.0038 0.9571 0.0030 0.0030 0.0034 0.0030 0.0032 0.0037 0.0028 0.0020 0.0033 0.0040 0.0028 0.0048 
   H169688.4  1 0.0030 0.9635 0.0021 0.0040 0.0024 0.0031 0.0025 0.0022 0.0025 0.0023 0.0026 0.0026 0.0031 0.0039 
   H169688.5  1 0.0030 0.9603 0.0023 0.0058 0.0030 0.0040 0.0028 0.0033 0.0023 0.0022 0.0024 0.0029 0.0021 0.0036 
   H169688.6  1 0.0031 0.9098 0.0033 0.0027 0.0453 0.0036 0.0034 0.0057 0.0049 0.0057 0.0022 0.0029 0.0044 0.0029 
   H169688.7  1 0.0171 0.9083 0.0045 0.0116 0.0046 0.0071 0.0047 0.0046 0.0042 0.0020 0.0048 0.0110 0.0063 0.0092 
   H171901.1  1 0.0554 0.0158 0.2253 0.1213 0.0147 0.0249 0.4288 0.0150 0.0050 0.0025 0.0392 0.0089 0.0376 0.0056 
   H171901.2  1 0.0068 0.0049 0.0298 0.0108 0.0028 0.0197 0.0285 0.8291 0.0256 0.0032 0.0066 0.0072 0.0205 0.0045 
   H171901.3  1 0.0083 0.0243 0.0174 0.0260 0.0061 0.0211 0.0725 0.7580 0.0140 0.0100 0.0112 0.0059 0.0177 0.0075 
   H171901.4  1 0.0063 0.0057 0.0290 0.0251 0.0054 0.0102 0.0251 0.8473 0.0131 0.0044 0.0058 0.0073 0.0101 0.0055 
   H171901.5  1 0.0092 0.0062 0.0094 0.0580 0.0119 0.0155 0.0303 0.7926 0.0261 0.0045 0.0054 0.0097 0.0096 0.0116 
   H171901.6  1 0.0189 0.0129 0.0123 0.0630 0.0087 0.0334 0.0450 0.6751 0.0218 0.0110 0.0067 0.0516 0.0255 0.0142 
   H171901.7  1 0.0162 0.0466 0.0081 0.0216 0.0117 0.0146 0.1344 0.4891 0.0064 0.0101 0.0068 0.0065 0.2219 0.0060 
   H171902.1  1 0.0046 0.0030 0.0025 0.0044 0.0062 0.0039 0.0033 0.0031 0.0025 0.0029 0.0022 0.9544 0.0033 0.0035 
  H171902.10  1 0.0027 0.0057 0.0023 0.0065 0.0045 0.0028 0.0050 0.0037 0.0039 0.0025 0.0032 0.9507 0.0043 0.0020 
   H171902.2  1 0.0055 0.0052 0.0052 0.0043 0.0046 0.0034 0.0040 0.0073 0.0027 0.0027 0.0032 0.9452 0.0029 0.0039 
   H171902.3  1 0.0033 0.0030 0.0032 0.0060 0.0037 0.0042 0.0048 0.0119 0.0031 0.0030 0.0031 0.9426 0.0045 0.0037 
   H171902.4  1 0.0037 0.0028 0.0025 0.0037 0.0029 0.0032 0.0026 0.0088 0.0037 0.0017 0.0034 0.9529 0.0044 0.0038 
   H171902.6  1 0.0030 0.0023 0.0024 0.0030 0.0030 0.0038 0.0036 0.0061 0.0039 0.0022 0.0034 0.9565 0.0037 0.0032 
   H171902.7  1 0.0038 0.0046 0.0036 0.0097 0.0040 0.0035 0.0446 0.0084 0.0044 0.0026 0.0044 0.8914 0.0118 0.0033 
   H171902.8  1 0.0038 0.0031 0.0032 0.0047 0.0040 0.0057 0.0041 0.0059 0.0051 0.0025 0.0023 0.9484 0.0046 0.0028 
   H171902.9  1 0.0044 0.0032 0.0039 0.0043 0.0024 0.0079 0.0045 0.0028 0.0044 0.0031 0.0028 0.9491 0.0040 0.0031 
   H171903.1  1 0.0049 0.0040 0.0056 0.0198 0.0033 0.0105 0.9229 0.0032 0.0031 0.0041 0.0044 0.0035 0.0067 0.0039 
   H171903.2  1 0.0054 0.0048 0.0059 0.0176 0.0068 0.0182 0.8939 0.0032 0.0070 0.0081 0.0106 0.0039 0.0066 0.0081 
   H171903.3  1 0.0030 0.0085 0.0157 0.0089 0.0047 0.0102 0.8329 0.0044 0.0178 0.0268 0.0068 0.0087 0.0183 0.0332 
   H171903.4  1 0.0062 0.0502 0.0036 0.0192 0.0037 0.0096 0.8481 0.0042 0.0067 0.0030 0.0071 0.0274 0.0073 0.0037 
   H171903.5  1 0.0053 0.0421 0.0115 0.0138 0.0056 0.0199 0.8289 0.0175 0.0044 0.0037 0.0076 0.0094 0.0123 0.0180 
   H171903.6  1 0.0026 0.1405 0.0030 0.0100 0.0047 0.0051 0.7984 0.0089 0.0034 0.0054 0.0036 0.0046 0.0050 0.0048 
      H177.1  1 0.0053 0.0157 0.0043 0.0162 0.0231 0.0130 0.3329 0.0278 0.0405 0.0100 0.0036 0.0148 0.4873 0.0057 
      H177.2  1 0.1269 0.0077 0.0035 0.0369 0.0636 0.0139 0.1072 0.0502 0.0520 0.0076 0.0174 0.0073 0.4893 0.0165 
      H177.3  1 0.0321 0.0059 0.0035 0.0226 0.0452 0.0219 0.2760 0.0677 0.0336 0.0179 0.0103 0.0195 0.4374 0.0064 
      H177.4  1 0.0074 0.0040 0.0031 0.0056 0.2336 0.0037 0.2371 0.0092 0.0110 0.0380 0.0104 0.0104 0.4210 0.0056 
      H177.5  1 0.0132 0.0256 0.0049 0.0209 0.0485 0.0116 0.2960 0.0108 0.0243 0.0058 0.0154 0.0071 0.4974 0.0186 
      H177.6  1 0.0175 0.0128 0.0034 0.0251 0.0469 0.0213 0.1749 0.1707 0.0307 0.0109 0.0070 0.0182 0.4543 0.0064 
      H179.1  1 0.0030 0.0272 0.0071 0.0078 0.8573 0.0102 0.0084 0.0043 0.0044 0.0025 0.0094 0.0048 0.0068 0.0467 
      H179.2  1 0.0030 0.0174 0.0049 0.0101 0.8419 0.0065 0.0090 0.0044 0.0106 0.0164 0.0045 0.0098 0.0058 0.0557 
      H179.3  1 0.0034 0.1360 0.0062 0.0140 0.7331 0.0203 0.0315 0.0044 0.0065 0.0046 0.0095 0.0051 0.0113 0.0139 
      H179.4  1 0.0134 0.0354 0.0094 0.0046 0.7331 0.0053 0.0266 0.0166 0.0359 0.0645 0.0075 0.0067 0.0216 0.0194 
      H180.1  1 0.0026 0.0040 0.0047 0.9216 0.0202 0.0052 0.0041 0.0027 0.0034 0.0033 0.0030 0.0099 0.0103 0.0050 
      H180.2  1 0.0030 0.0036 0.0064 0.9507 0.0049 0.0033 0.0039 0.0025 0.0027 0.0033 0.0022 0.0030 0.0053 0.0052 
      H180.3  1 0.0054 0.0049 0.0035 0.9343 0.0038 0.0107 0.0067 0.0047 0.0023 0.0035 0.0031 0.0036 0.0040 0.0094 
      H180.4  1 0.0039 0.0024 0.0073 0.9346 0.0088 0.0047 0.0058 0.0052 0.0043 0.0031 0.0032 0.0054 0.0070 0.0042 
      H180.5  1 0.0049 0.0033 0.0026 0.9394 0.0089 0.0035 0.0035 0.0037 0.0030 0.0034 0.0032 0.0037 0.0135 0.0034 
      H180.6  1 0.0168 0.0026 0.0063 0.9149 0.0073 0.0053 0.0070 0.0101 0.0025 0.0041 0.0032 0.0070 0.0084 0.0046 
      H181.1  1 0.0075 0.0122 0.0340 0.0224 0.1774 0.0062 0.0270 0.0680 0.0053 0.0050 0.0046 0.0123 0.6116 0.0065 
      H181.2  1 0.0196 0.0042 0.0120 0.0156 0.2481 0.0069 0.0057 0.0070 0.0119 0.0041 0.0058 0.0309 0.6241 0.0041 
      H181.3  1 0.0109 0.0066 0.0371 0.0100 0.2009 0.0075 0.0058 0.0418 0.0062 0.0031 0.0056 0.0114 0.6494 0.0036 
      H181.4  1 0.0124 0.0132 0.0175 0.0616 0.0563 0.0746 0.0188 0.0651 0.0110 0.0085 0.0109 0.0101 0.6197 0.0204 
      H181.5  1 0.0043 0.0100 0.0143 0.0057 0.3757 0.0049 0.0065 0.0086 0.0060 0.0045 0.0073 0.0058 0.5324 0.0140 
      H181.6  1 0.0064 0.0037 0.0171 0.0340 0.4428 0.0156 0.0098 0.0083 0.0060 0.0075 0.0059 0.0087 0.4217 0.0124 
      H181.7  1 0.0041 0.0135 0.0147 0.0066 0.3727 0.0068 0.0127 0.0082 0.0044 0.0069 0.0063 0.0040 0.5311 0.0078 
 H194.1_2004  1 0.0060 0.0055 0.0027 0.0058 0.0032 0.0051 0.6684 0.0050 0.0031 0.0028 0.0061 0.0058 0.2755 0.0049 
 H194.2_2004  1 0.0103 0.0040 0.0058 0.0045 0.0030 0.0043 0.6695 0.0044 0.0067 0.0027 0.0030 0.0064 0.2721 0.0033 
 H194.3_2004  1 0.0295 0.0079 0.0044 0.0036 0.0108 0.0040 0.4195 0.0686 0.0193 0.0051 0.0061 0.0102 0.3030 0.1080 
 H194.4_2004  1 0.0470 0.0048 0.0072 0.0031 0.0084 0.0047 0.5067 0.0249 0.0094 0.0047 0.0030 0.0107 0.3602 0.0050 
 H194.5_2004  1 0.0140 0.0080 0.0056 0.0039 0.0072 0.0043 0.5490 0.0279 0.0181 0.0063 0.0052 0.0099 0.2843 0.0565 
 H194.6_2004  1 0.0175 0.0080 0.0050 0.0031 0.0081 0.0096 0.4895 0.0429 0.0137 0.0164 0.0038 0.0195 0.3015 0.0613 
 H194.7_2004  1 0.0092 0.0054 0.0048 0.0042 0.0024 0.0037 0.6664 0.0039 0.0042 0.0027 0.0082 0.0026 0.2774 0.0049 
 H194.8_2004  1 0.0246 0.0052 0.0064 0.0032 0.0053 0.0066 0.5799 0.0213 0.0136 0.0068 0.0048 0.0088 0.3038 0.0095 
      H194.9  1 0.0133 0.0044 0.0057 0.0041 0.0033 0.0064 0.6291 0.0085 0.0051 0.0039 0.0048 0.0051 0.3025 0.0037 
 H195.1_2003  1 0.8970 0.0044 0.0062 0.0057 0.0041 0.0062 0.0092 0.0227 0.0123 0.0050 0.0056 0.0075 0.0080 0.0061 
 H195.1_2004  1 0.9451 0.0033 0.0030 0.0047 0.0034 0.0033 0.0031 0.0068 0.0099 0.0031 0.0041 0.0040 0.0040 0.0024 
 H195.2_2003  1 0.8153 0.0158 0.0087 0.0066 0.0040 0.0262 0.0313 0.0084 0.0145 0.0064 0.0145 0.0114 0.0303 0.0065 
 H195.2_2004  1 0.9600 0.0039 0.0023 0.0031 0.0026 0.0023 0.0027 0.0042 0.0045 0.0025 0.0031 0.0031 0.0030 0.0027 
 H195.3_2003  1 0.6277 0.0387 0.0268 0.0162 0.0029 0.1341 0.0704 0.0063 0.0157 0.0078 0.0094 0.0056 0.0237 0.0145 
 H195.3_2004  1 0.9440 0.0032 0.0031 0.0028 0.0027 0.0027 0.0039 0.0096 0.0065 0.0033 0.0031 0.0049 0.0072 0.0030 
 H195.4_2003  1 0.9359 0.0025 0.0030 0.0042 0.0044 0.0034 0.0049 0.0120 0.0064 0.0034 0.0035 0.0049 0.0048 0.0066 
 H195.4_2004  1 0.9539 0.0072 0.0023 0.0028 0.0036 0.0026 0.0041 0.0036 0.0032 0.0040 0.0029 0.0037 0.0039 0.0023 
 H195.5_2003  1 0.8818 0.0038 0.0085 0.0074 0.0051 0.0061 0.0085 0.0208 0.0266 0.0045 0.0078 0.0085 0.0055 0.0051 
 H195.5_2004  1 0.9514 0.0032 0.0027 0.0040 0.0038 0.0027 0.0032 0.0038 0.0066 0.0041 0.0033 0.0040 0.0040 0.0032 
 H195.6_2003  1 0.9210 0.0057 0.0056 0.0070 0.0026 0.0137 0.0080 0.0041 0.0051 0.0038 0.0067 0.0067 0.0069 0.0031 
 H195.6_2004  1 0.9531 0.0038 0.0051 0.0024 0.0037 0.0023 0.0039 0.0026 0.0048 0.0031 0.0031 0.0038 0.0044 0.0038 
 H195.7_2003  1 0.8547 0.0196 0.0093 0.0034 0.0041 0.0050 0.0205 0.0165 0.0140 0.0084 0.0097 0.0069 0.0181 0.0100 
 H195.7_2004  1 0.9583 0.0055 0.0023 0.0043 0.0026 0.0031 0.0029 0.0026 0.0040 0.0025 0.0030 0.0029 0.0035 0.0025 
      H195.8  1 0.9559 0.0035 0.0030 0.0038 0.0023 0.0026 0.0041 0.0032 0.0051 0.0039 0.0036 0.0028 0.0035 0.0026 
      H195.9  1 0.9505 0.0036 0.0023 0.0036 0.0027 0.0027 0.0037 0.0061 0.0038 0.0044 0.0029 0.0032 0.0060 0.0045 
      H415.1  1 0.0120 0.0126 0.0085 0.1210 0.0081 0.1181 0.0090 0.3248 0.0100 0.0028 0.0067 0.3293 0.0076 0.0296 
      H415.2  1 0.0055 0.0099 0.0058 0.0227 0.0243 0.0211 0.0538 0.0109 0.0209 0.0035 0.0675 0.6292 0.0264 0.0986 
      H415.3  1 0.0082 0.0068 0.0138 0.0474 0.0763 0.0092 0.0058 0.3815 0.0147 0.0091 0.0160 0.3511 0.0165 0.0435 
      H415.4  1 0.0139 0.0037 0.0048 0.1230 0.0039 0.0387 0.0050 0.2214 0.0201 0.0055 0.0059 0.3722 0.0058 0.1763 
      H415.5  1 0.0120 0.0052 0.0059 0.0546 0.0073 0.0064 0.0058 0.3372 0.0073 0.0071 0.0037 0.3767 0.0110 0.1599 
      H415.6  1 0.0109 0.0033 0.0047 0.1099 0.0040 0.0454 0.0074 0.2195 0.0189 0.0049 0.0049 0.3737 0.0053 0.1872 
      H415.7  1 0.0221 0.0084 0.0049 0.0087 0.0743 0.0125 0.0746 0.1791 0.0508 0.0163 0.0264 0.4920 0.0187 0.0113 
      H506.1  1 0.0037 0.0025 0.0031 0.0023 0.9601 0.0022 0.0021 0.0042 0.0020 0.0037 0.0040 0.0020 0.0033 0.0048 
      H506.2  1 0.0055 0.0021 0.0030 0.0023 0.9575 0.0019 0.0029 0.0045 0.0031 0.0028 0.0026 0.0034 0.0043 0.0041 
      H506.3  1 0.0048 0.0086 0.0031 0.0071 0.9284 0.0031 0.0044 0.0044 0.0043 0.0036 0.0061 0.0028 0.0109 0.0084 
      H506.4  1 0.0031 0.0041 0.0026 0.0062 0.9329 0.0046 0.0087 0.0049 0.0029 0.0097 0.0054 0.0046 0.0062 0.0038 
      H506.5  1 0.0044 0.0021 0.0030 0.0023 0.9488 0.0024 0.0035 0.0062 0.0038 0.0060 0.0041 0.0054 0.0041 0.0038 
      H506.6  1 0.0228 0.0090 0.0032 0.0051 0.8832 0.0074 0.0162 0.0040 0.0140 0.0076 0.0082 0.0056 0.0102 0.0035 
      H506.7  1 0.0043 0.0022 0.0031 0.0024 0.9549 0.0019 0.0025 0.0040 0.0033 0.0037 0.0031 0.0026 0.0069 0.0051 
      H533.1  1 0.0032 0.0021 0.0047 0.0047 0.9559 0.0019 0.0025 0.0053 0.0022 0.0034 0.0026 0.0022 0.0045 0.0048 
      H533.2  1 0.0034 0.0022 0.0041 0.0046 0.9503 0.0021 0.0025 0.0083 0.0023 0.0033 0.0025 0.0029 0.0054 0.0063 
      H533.3  1 0.0028 0.0030 0.0029 0.0028 0.9556 0.0023 0.0053 0.0055 0.0021 0.0036 0.0028 0.0023 0.0040 0.0049 
      H533.4  1 0.0239 0.0028 0.0053 0.0045 0.9060 0.0037 0.0156 0.0089 0.0035 0.0097 0.0024 0.0038 0.0072 0.0027 
      H535.1  1 0.0029 0.0020 0.0021 0.0026 0.0035 0.0035 0.0035 0.0030 0.0035 0.9583 0.0021 0.0052 0.0038 0.0040 
      H535.2  1 0.0037 0.0023 0.0035 0.0023 0.0037 0.0020 0.0030 0.0028 0.0034 0.9609 0.0036 0.0022 0.0032 0.0034 
      H535.3  1 0.0032 0.0022 0.0033 0.0024 0.0029 0.0021 0.0028 0.0020 0.0026 0.9650 0.0028 0.0024 0.0029 0.0033 
      H535.4  1 0.0033 0.0021 0.0026 0.0022 0.0029 0.0023 0.0028 0.0035 0.0030 0.9654 0.0024 0.0025 0.0026 0.0025 
      H535.5  1 0.0026 0.0024 0.0025 0.0021 0.0029 0.0027 0.0038 0.0033 0.0025 0.9646 0.0023 0.0026 0.0027 0.0030 
      H535.6  1 0.0040 0.0022 0.0028 0.0040 0.0034 0.0068 0.0064 0.0025 0.0032 0.9466 0.0022 0.0075 0.0044 0.0040 
      H535.7  1 0.0022 0.0026 0.0025 0.0019 0.0026 0.0021 0.0026 0.0028 0.0022 0.9690 0.0020 0.0021 0.0023 0.0031 
      H535.8  1 0.0032 0.0025 0.0028 0.0021 0.0026 0.0025 0.0030 0.0028 0.0035 0.9629 0.0023 0.0026 0.0030 0.0041 
      H535.9  1 0.0036 0.0023 0.0021 0.0025 0.0031 0.0034 0.0031 0.0022 0.0032 0.9619 0.0025 0.0029 0.0043 0.0029 
      H539.1  1 0.0026 0.0020 0.0030 0.0060 0.0020 0.9615 0.0038 0.0026 0.0022 0.0026 0.0022 0.0046 0.0030 0.0021 
      H539.2  1 0.0054 0.0276 0.0068 0.0820 0.0078 0.7422 0.0582 0.0046 0.0210 0.0120 0.0084 0.0055 0.0130 0.0056 
      H539.3  1 0.0083 0.0093 0.0049 0.0180 0.0038 0.8919 0.0218 0.0034 0.0081 0.0107 0.0042 0.0050 0.0068 0.0039 
      H539.4  1 0.0031 0.0069 0.0036 0.0466 0.0039 0.9003 0.0052 0.0034 0.0053 0.0034 0.0048 0.0042 0.0047 0.0047 
      H539.5  1 0.0024 0.0038 0.0030 0.0072 0.0023 0.9567 0.0045 0.0022 0.0025 0.0034 0.0021 0.0032 0.0038 0.0028 
      H539.6  1 0.0038 0.0034 0.0027 0.0094 0.0032 0.9496 0.0050 0.0024 0.0032 0.0029 0.0024 0.0056 0.0039 0.0024 
      H539.7  1 0.0026 0.0042 0.0033 0.0142 0.0023 0.9468 0.0052 0.0034 0.0024 0.0027 0.0031 0.0042 0.0030 0.0027 
      H539.8  1 0.0048 0.0135 0.0076 0.0506 0.0079 0.8444 0.0092 0.0043 0.0107 0.0270 0.0040 0.0047 0.0055 0.0056 
      H539.9  1 0.0034 0.0050 0.0029 0.0108 0.0026 0.9482 0.0050 0.0026 0.0035 0.0023 0.0036 0.0025 0.0028 0.0049 
      H540.1  1 0.0081 0.0040 0.0024 0.0054 0.0046 0.9080 0.0348 0.0031 0.0036 0.0041 0.0051 0.0051 0.0074 0.0042 
      H540.2  1 0.0031 0.0041 0.0027 0.0038 0.0031 0.9491 0.0069 0.0037 0.0034 0.0021 0.0049 0.0041 0.0053 0.0038 
      H540.3  1 0.0119 0.0112 0.0079 0.0213 0.0071 0.8241 0.0267 0.0260 0.0172 0.0050 0.0063 0.0110 0.0150 0.0093 
      H540.4  1 0.0048 0.0079 0.0037 0.0147 0.0055 0.9125 0.0084 0.0039 0.0036 0.0060 0.0090 0.0078 0.0073 0.0049 
      H540.5  1 0.0031 0.0104 0.0037 0.0031 0.0026 0.9360 0.0064 0.0044 0.0066 0.0029 0.0044 0.0049 0.0059 0.0054 
      H540.6  1 0.0068 0.0102 0.0061 0.0052 0.0048 0.8901 0.0200 0.0055 0.0074 0.0051 0.0096 0.0048 0.0173 0.0071 
      H540.7  1 0.0058 0.0058 0.0043 0.0089 0.0104 0.8918 0.0081 0.0171 0.0071 0.0032 0.0098 0.0080 0.0142 0.0055 
      H540.8  1 0.0043 0.0057 0.0032 0.0058 0.0034 0.8859 0.0339 0.0103 0.0032 0.0050 0.0041 0.0154 0.0136 0.0060 
     H9558.1  1 0.0024 0.0040 0.0049 0.0027 0.0046 0.9464 0.0042 0.0022 0.0026 0.0076 0.0024 0.0093 0.0037 0.0030 
     H9558.2  1 0.0053 0.0081 0.0169 0.0035 0.0126 0.8819 0.0074 0.0053 0.0102 0.0091 0.0068 0.0109 0.0144 0.0076 
     H9558.3  1 0.0025 0.0040 0.0308 0.0038 0.0033 0.9064 0.0055 0.0024 0.0086 0.0056 0.0109 0.0027 0.0076 0.0059 
     H9558.4  1 0.0021 0.0074 0.0048 0.0026 0.0050 0.9481 0.0057 0.0021 0.0028 0.0064 0.0023 0.0044 0.0039 0.0023 
     H9558.5  1 0.0019 0.0073 0.0043 0.0055 0.0026 0.9466 0.0029 0.0030 0.0057 0.0073 0.0041 0.0026 0.0029 0.0032 
     H9558.6  1 0.0030 0.0043 0.0140 0.0034 0.0034 0.9286 0.0068 0.0030 0.0048 0.0052 0.0051 0.0076 0.0054 0.0056 
    kos339.1  1 0.0027 0.0031 0.0036 0.0039 0.0215 0.0050 0.0051 0.9079 0.0045 0.0043 0.0163 0.0080 0.0092 0.0049 
    kos339.2  1 0.0052 0.0039 0.0046 0.0050 0.0100 0.0034 0.0030 0.9311 0.0059 0.0048 0.0087 0.0047 0.0049 0.0048 
    kos339.3  1 0.0033 0.0028 0.0025 0.0037 0.0043 0.0028 0.0037 0.9563 0.0027 0.0057 0.0024 0.0029 0.0041 0.0028 
    kos339.4  1 0.0038 0.0034 0.0030 0.0042 0.0037 0.0031 0.0048 0.9542 0.0027 0.0047 0.0028 0.0044 0.0030 0.0024 
    kos339.5  1 0.0024 0.0029 0.0045 0.0031 0.0102 0.0032 0.0039 0.9342 0.0030 0.0029 0.0060 0.0052 0.0136 0.0048 
    kos339.6  1 0.0043 0.0032 0.0028 0.0025 0.0069 0.0033 0.0039 0.9474 0.0035 0.0030 0.0056 0.0037 0.0066 0.0031 
    kos339.7  1 0.0039 0.0028 0.0026 0.0030 0.0057 0.0025 0.0032 0.9538 0.0028 0.0090 0.0023 0.0029 0.0029 0.0027 
    kos339.8  1 0.0035 0.0029 0.0030 0.0038 0.0167 0.0025 0.0026 0.9408 0.0041 0.0034 0.0057 0.0032 0.0039 0.0039 
    kos339.9  1 0.0070 0.0040 0.0046 0.0070 0.0094 0.0127 0.0085 0.8784 0.0083 0.0036 0.0069 0.0203 0.0207 0.0086 
      H409.1 12 0.0033 0.0036 0.0031 0.0021 0.0039 0.0021 0.0023 0.0046 0.0040 0.0028 0.0032 0.0027 0.0048 0.9576 
     H409.10 12 0.0036 0.0171 0.0051 0.0117 0.0267 0.0078 0.0029 0.0047 0.0087 0.0026 0.0064 0.0036 0.0071 0.8919 
      H409.2 12 0.0037 0.0039 0.0026 0.0032 0.0046 0.0043 0.0030 0.0067 0.0094 0.0069 0.0027 0.0058 0.0040 0.9393 
      H409.3 12 0.0035 0.0036 0.0054 0.0031 0.0048 0.0033 0.0039 0.0044 0.0044 0.0040 0.0029 0.0029 0.0041 0.9497 
      H409.4 12 0.0027 0.0033 0.0033 0.0029 0.0029 0.0028 0.0033 0.0028 0.0040 0.0034 0.0025 0.0022 0.0037 0.9603 
      H409.5 12 0.0032 0.0027 0.0034 0.0034 0.0041 0.0030 0.0058 0.0026 0.0041 0.0049 0.0037 0.0043 0.0028 0.9522 
      H409.6 12 0.0034 0.0060 0.0268 0.0073 0.0078 0.0081 0.0156 0.0030 0.0076 0.0071 0.0110 0.0035 0.0134 0.8792 
      H409.7 12 0.0052 0.0044 0.0052 0.0026 0.0038 0.0026 0.0038 0.0069 0.0073 0.0030 0.0051 0.0035 0.0067 0.9400 
      H409.8 12 0.0027 0.0026 0.0045 0.0034 0.0056 0.0037 0.0045 0.0034 0.0030 0.0032 0.0056 0.0041 0.0049 0.9488 
      H409.9 12 0.0057 0.0067 0.0092 0.0262 0.0829 0.2979 0.0146 0.0032 0.0064 0.0111 0.0366 0.0052 0.0102 0.4841 
      H413.1 12 0.0028 0.0040 0.9444 0.0055 0.0020 0.0047 0.0031 0.0050 0.0057 0.0041 0.0083 0.0031 0.0046 0.0027 
      H413.2 12 0.0034 0.0038 0.9495 0.0033 0.0034 0.0042 0.0041 0.0053 0.0035 0.0048 0.0041 0.0032 0.0048 0.0026 
      H413.3 12 0.0024 0.0076 0.9400 0.0036 0.0042 0.0070 0.0047 0.0025 0.0036 0.0021 0.0117 0.0028 0.0034 0.0047 
      H413.4 12 0.0035 0.0030 0.9084 0.0106 0.0055 0.0051 0.0031 0.0081 0.0085 0.0031 0.0202 0.0058 0.0099 0.0050 
      H413.5 12 0.0024 0.0084 0.8732 0.0258 0.0045 0.0485 0.0050 0.0026 0.0046 0.0023 0.0055 0.0082 0.0067 0.0022 
      H413.6 12 0.0058 0.0171 0.8652 0.0206 0.0024 0.0373 0.0029 0.0053 0.0150 0.0037 0.0089 0.0029 0.0086 0.0044 
      H413.7 12 0.0042 0.0059 0.9351 0.0037 0.0062 0.0092 0.0043 0.0054 0.0061 0.0035 0.0064 0.0028 0.0041 0.0031 
      H563.1 12 0.0026 0.0055 0.0064 0.0040 0.0025 0.0065 0.0046 0.0032 0.0049 0.0019 0.9474 0.0021 0.0041 0.0042 
      H563.2 12 0.0035 0.0052 0.0107 0.0058 0.0051 0.0049 0.0057 0.0101 0.0066 0.0039 0.9169 0.0047 0.0055 0.0115 
      H563.3 12 0.0030 0.0027 0.0036 0.0034 0.0031 0.0076 0.0047 0.0024 0.0081 0.0018 0.9486 0.0023 0.0055 0.0033 
      H563.4 12 0.0033 0.0066 0.0122 0.0051 0.0034 0.0053 0.0058 0.0050 0.0058 0.0032 0.9262 0.0037 0.0043 0.0101 
      H563.5 12 0.0027 0.0047 0.0050 0.0044 0.0022 0.0067 0.0043 0.0027 0.0088 0.0016 0.9471 0.0019 0.0048 0.0033 
      H563.6 12 0.0035 0.0030 0.0106 0.0054 0.0043 0.0044 0.0040 0.0074 0.0094 0.0035 0.9276 0.0049 0.0073 0.0047 
      H563.7 12 0.0032 0.0028 0.0086 0.0043 0.0039 0.0034 0.0034 0.0077 0.0071 0.0025 0.9373 0.0031 0.0054 0.0073 
      H563.8 12 0.0028 0.0055 0.0064 0.0050 0.0035 0.0158 0.0051 0.0041 0.0117 0.0018 0.9257 0.0030 0.0054 0.0044 
      H563.9 12 0.0037 0.0048 0.0071 0.0066 0.0050 0.0051 0.0072 0.0071 0.0050 0.0019 0.9161 0.0047 0.0096 0.0159 
     H7374.1 12 0.0058 0.0026 0.0055 0.0029 0.0028 0.0046 0.0054 0.0049 0.9382 0.0049 0.0049 0.0033 0.0058 0.0085 
     H7374.2 12 0.0035 0.0055 0.0070 0.0036 0.0039 0.0087 0.0083 0.0022 0.9338 0.0033 0.0062 0.0033 0.0050 0.0058 
     H7374.3 12 0.0224 0.0032 0.0054 0.0046 0.0056 0.0072 0.0088 0.0045 0.8967 0.0056 0.0102 0.0083 0.0094 0.0080 
     H7374.4 12 0.0032 0.0055 0.0036 0.0044 0.0030 0.0050 0.0032 0.0048 0.9476 0.0040 0.0036 0.0032 0.0051 0.0038 
     H7374.5 12 0.0029 0.0036 0.0041 0.0029 0.0029 0.0061 0.0035 0.0038 0.9520 0.0022 0.0047 0.0033 0.0052 0.0029 
     H7374.6 12 0.0140 0.0039 0.0039 0.0036 0.0063 0.0087 0.0055 0.0081 0.9057 0.0079 0.0089 0.0111 0.0079 0.0045 
     H7374.7 12 0.0029 0.0034 0.0037 0.0021 0.0023 0.0029 0.0027 0.0036 0.9573 0.0038 0.0032 0.0032 0.0047 0.0041 
     H7374.8 12 0.0054 0.0023 0.0043 0.0030 0.0029 0.0025 0.0035 0.0048 0.9465 0.0032 0.0083 0.0044 0.0041 0.0047 
     H7374.9 12 0.0040 0.0043 0.0050 0.0037 0.0025 0.0081 0.0032 0.0045 0.9452 0.0021 0.0044 0.0053 0.0047 0.0030 
     H9563.1 12 0.0037 0.0034 0.0039 0.0036 0.0044 0.0040 0.0055 0.0036 0.0031 0.0025 0.9511 0.0048 0.0033 0.0031 
     H9563.2 12 0.0036 0.0030 0.0037 0.0056 0.0026 0.0054 0.0043 0.0027 0.0034 0.0028 0.9528 0.0044 0.0037 0.0021 
     H9563.3 12 0.0066 0.0039 0.0046 0.0042 0.0066 0.0022 0.0043 0.0034 0.0057 0.0050 0.9419 0.0032 0.0038 0.0047 
     H9563.4 12 0.0076 0.0048 0.0043 0.0122 0.0057 0.0065 0.0126 0.0068 0.0048 0.0176 0.8900 0.0046 0.0090 0.0134 
     H9563.5 12 0.0052 0.0060 0.0052 0.0108 0.0088 0.0055 0.0077 0.0058 0.0032 0.0059 0.9196 0.0041 0.0049 0.0074 
     H9563.6 12 0.0047 0.0035 0.0065 0.0052 0.0071 0.0029 0.0043 0.0026 0.0058 0.0046 0.9409 0.0026 0.0053 0.0039 
     H9563.7 12 0.0050 0.0034 0.0057 0.0034 0.0051 0.0024 0.0043 0.0018 0.0052 0.0063 0.9494 0.0021 0.0031 0.0028 
     H9563.8 12 0.0056 0.0107 0.0075 0.0372 0.0144 0.0057 0.0098 0.0130 0.0031 0.0056 0.8612 0.0071 0.0094 0.0096 
     H9563.9 12 0.0038 0.0059 0.0072 0.0105 0.0090 0.0040 0.0054 0.0032 0.0039 0.0027 0.9307 0.0046 0.0059 0.0034 
     H9572.1 12 0.0165 0.0063 0.0405 0.0398 0.0484 0.0874 0.0114 0.0067 0.0154 0.0097 0.1548 0.0153 0.5334 0.0144 
     H9572.2 12 0.0769 0.0032 0.0268 0.0499 0.0081 0.0074 0.0194 0.0072 0.0207 0.0030 0.2445 0.0437 0.4738 0.0154 
     H9572.3 12 0.0054 0.0043 0.0513 0.0051 0.0095 0.0450 0.0866 0.1044 0.0938 0.0165 0.0381 0.0116 0.4731 0.0554 
     H9572.4 12 0.0066 0.0028 0.0372 0.0064 0.0122 0.0138 0.0052 0.0318 0.0068 0.0147 0.0450 0.0073 0.8020 0.0084 
     H9572.5 12 0.0166 0.0044 0.0264 0.0175 0.0194 0.0208 0.0222 0.0621 0.0032 0.0107 0.0397 0.0073 0.7464 0.0032 
