      H105.1  1 0.0071 0.0061 0.0105 0.0126 0.0063 0.0042 0.0117 0.9415 
      H105.2  1 0.0199 0.0094 0.0092 0.0070 0.0181 0.0209 0.0108 0.9048 
      H105.3  1 0.0064 0.0035 0.0082 0.0044 0.0025 0.0053 0.0047 0.9650 
      H105.4  1 0.0165 0.0074 0.0268 0.0192 0.0061 0.0097 0.0101 0.9043 
      H105.5  1 0.0406 0.0196 0.0161 0.1547 0.0117 0.0143 0.0211 0.7218 
      H105.6  1 0.0172 0.0136 0.0396 0.0098 0.0051 0.0139 0.0059 0.8949 
      H105.7  1 0.0059 0.0044 0.0054 0.0157 0.0045 0.0048 0.0066 0.9528 
      H105.8  1 0.0093 0.0053 0.0046 0.0042 0.0064 0.0065 0.0077 0.9558 
      H115.1  1 0.0865 0.2221 0.0053 0.0132 0.0201 0.5530 0.0324 0.0675 
      H115.2  1 0.0067 0.2770 0.0049 0.0096 0.0090 0.6711 0.0111 0.0105 
      H115.3  1 0.0039 0.0099 0.0037 0.0055 0.0036 0.9611 0.0051 0.0073 
      H115.4  1 0.0034 0.0074 0.0087 0.0063 0.0124 0.9405 0.0160 0.0053 
      H115.5  1 0.0090 0.0437 0.0083 0.0112 0.0079 0.8683 0.0266 0.0251 
      H115.6  1 0.0034 0.0142 0.0037 0.0049 0.0048 0.9588 0.0067 0.0036 
      H115.7  1 0.0124 0.0313 0.0053 0.0132 0.0137 0.8540 0.0127 0.0573 
      H115.8  1 0.0049 0.0387 0.0032 0.0054 0.0066 0.9265 0.0072 0.0075 
      H115.9  1 0.0781 0.5377 0.0052 0.0117 0.0116 0.2923 0.0289 0.0344 
      H145.1  1 0.0037 0.0058 0.0096 0.9579 0.0034 0.0097 0.0069 0.0031 
      H145.2  1 0.0046 0.0040 0.0220 0.9401 0.0033 0.0093 0.0109 0.0058 
      H145.3  1 0.0034 0.0028 0.0214 0.9505 0.0026 0.0107 0.0036 0.0050 
      H145.4  1 0.0055 0.0028 0.0102 0.9660 0.0030 0.0038 0.0044 0.0043 
      H145.5  1 0.0052 0.0038 0.0148 0.9495 0.0036 0.0123 0.0068 0.0040 
      H145.6  1 0.0037 0.0034 0.0333 0.9342 0.0034 0.0050 0.0094 0.0076 
      H145.7  1 0.0045 0.0023 0.0840 0.8749 0.0032 0.0102 0.0125 0.0084 
      H149.1  1 0.0075 0.0038 0.0047 0.0068 0.0037 0.0077 0.9610 0.0048 
      H149.2  1 0.0078 0.0042 0.0060 0.0283 0.0051 0.0105 0.9300 0.0081 
      H149.3  1 0.0167 0.0063 0.0180 0.0897 0.0250 0.0243 0.7972 0.0228 
      H149.4  1 0.0042 0.0048 0.0044 0.0044 0.0060 0.0048 0.9611 0.0102 
      H149.5  1 0.0074 0.0027 0.0073 0.0274 0.0123 0.0050 0.9209 0.0170 
      H149.6  1 0.0064 0.0028 0.0073 0.0160 0.0076 0.0046 0.9426 0.0127 
      H149.7  1 0.0124 0.0045 0.0153 0.0190 0.0976 0.0148 0.8232 0.0132 
      H150.1  1 0.0069 0.5910 0.0035 0.0062 0.0050 0.3758 0.0047 0.0069 
      H150.2  1 0.0036 0.1181 0.0055 0.0047 0.0124 0.8411 0.0061 0.0085 
      H150.3  1 0.0075 0.8211 0.0049 0.0094 0.0166 0.1197 0.0048 0.0160 
      H150.4  1 0.0050 0.9320 0.0045 0.0066 0.0074 0.0353 0.0032 0.0061 
      H150.5  1 0.0063 0.0975 0.0066 0.0109 0.0105 0.8424 0.0085 0.0174 
      H150.6  1 0.0105 0.0256 0.0229 0.0046 0.0091 0.9085 0.0095 0.0093 
      H150.7  1 0.0041 0.7805 0.0040 0.0065 0.0045 0.1836 0.0055 0.0113 
   H169607.1  1 0.0055 0.0520 0.0418 0.7539 0.0430 0.0864 0.0088 0.0086 
   H169607.2  1 0.0050 0.0280 0.0062 0.9271 0.0082 0.0072 0.0057 0.0127 
   H169607.3  1 0.0067 0.0071 0.0059 0.9366 0.0130 0.0159 0.0070 0.0078 
   H169607.4  1 0.0045 0.0126 0.0111 0.9545 0.0028 0.0059 0.0029 0.0056 
   H169607.5  1 0.0030 0.0192 0.0052 0.9549 0.0046 0.0037 0.0047 0.0046 
   H169607.6  1 0.0041 0.0143 0.0079 0.9396 0.0104 0.0095 0.0058 0.0084 
   H169607.7  1 0.0025 0.0137 0.0098 0.8436 0.0458 0.0651 0.0112 0.0084 
   H169607.8  1 0.0056 0.0116 0.0135 0.9428 0.0061 0.0054 0.0044 0.0107 
   H169633.1  1 0.0068 0.0070 0.0349 0.0047 0.0317 0.0139 0.8830 0.0180 
   H169633.2  1 0.0073 0.0026 0.0396 0.0039 0.0182 0.0828 0.8377 0.0078 
   H169633.3  1 0.0082 0.0098 0.0238 0.0083 0.0075 0.0149 0.9184 0.0090 
   H169633.4  1 0.0064 0.0163 0.0140 0.0250 0.0041 0.0113 0.9046 0.0184 
   H169633.5  1 0.0084 0.0125 0.0159 0.0226 0.0035 0.0104 0.9108 0.0161 
   H169688.1  1 0.0073 0.0073 0.0121 0.0118 0.9439 0.0053 0.0055 0.0069 
   H169688.2  1 0.0093 0.0033 0.0050 0.0045 0.9670 0.0026 0.0032 0.0051 
   H169688.3  1 0.0058 0.0039 0.0035 0.0038 0.9724 0.0038 0.0036 0.0031 
   H169688.4  1 0.0042 0.0052 0.0027 0.0029 0.9758 0.0034 0.0032 0.0027 
   H169688.5  1 0.0037 0.0070 0.0031 0.0032 0.9738 0.0040 0.0029 0.0023 
   H169688.6  1 0.0027 0.0033 0.0043 0.0030 0.9771 0.0026 0.0042 0.0028 
   H169688.7  1 0.0128 0.0084 0.0056 0.0080 0.9404 0.0156 0.0046 0.0046 
   H171901.1  1 0.0061 0.0290 0.0044 0.6566 0.0125 0.1086 0.0298 0.1529 
   H171901.2  1 0.0099 0.0517 0.0164 0.0457 0.0081 0.0308 0.8157 0.0217 
   H171901.3  1 0.0102 0.0348 0.0214 0.0462 0.0370 0.1554 0.6788 0.0163 
   H171901.4  1 0.0087 0.0254 0.0127 0.0129 0.0081 0.0498 0.8657 0.0168 
   H171901.5  1 0.0128 0.0188 0.0240 0.0250 0.0084 0.3727 0.5305 0.0078 
   H171901.6  1 0.0174 0.0416 0.0318 0.0339 0.0245 0.4120 0.4293 0.0095 
   H171901.7  1 0.0079 0.0242 0.0463 0.2035 0.0991 0.0549 0.5560 0.0082 
   H171902.1  1 0.0046 0.0088 0.0054 0.0091 0.0061 0.9568 0.0061 0.0030 
  H171902.10  1 0.0031 0.0044 0.0059 0.0096 0.0066 0.9569 0.0103 0.0032 
   H171902.2  1 0.0050 0.0080 0.0061 0.0081 0.0100 0.9508 0.0081 0.0037 
   H171902.3  1 0.0051 0.0078 0.0066 0.0057 0.0079 0.9499 0.0137 0.0034 
   H171902.4  1 0.0059 0.0042 0.0055 0.0117 0.0057 0.9523 0.0111 0.0036 
   H171902.6  1 0.0041 0.0060 0.0049 0.0108 0.0055 0.9546 0.0108 0.0034 
   H171902.7  1 0.0053 0.0040 0.0065 0.1308 0.0039 0.8372 0.0087 0.0035 
   H171902.8  1 0.0040 0.0099 0.0070 0.0080 0.0048 0.9543 0.0086 0.0033 
   H171902.9  1 0.0049 0.0405 0.0056 0.0157 0.0054 0.9189 0.0036 0.0054 
   H171903.1  1 0.0038 0.0234 0.0061 0.9162 0.0119 0.0215 0.0060 0.0111 
   H171903.2  1 0.0065 0.0260 0.0085 0.9267 0.0047 0.0120 0.0046 0.0111 
   H171903.3  1 0.0199 0.0148 0.0098 0.8903 0.0125 0.0256 0.0060 0.0212 
   H171903.4  1 0.0045 0.0091 0.0058 0.8626 0.0556 0.0538 0.0037 0.0048 
   H171903.5  1 0.0106 0.0435 0.0060 0.8193 0.0462 0.0192 0.0338 0.0214 
   H171903.6  1 0.0055 0.0072 0.0038 0.8122 0.1421 0.0124 0.0138 0.0031 
      H177.1  1 0.0105 0.0228 0.0479 0.7597 0.0381 0.0295 0.0842 0.0073 
      H177.2  1 0.0243 0.0152 0.4539 0.2042 0.0137 0.0232 0.2565 0.0090 
      H177.3  1 0.0093 0.0208 0.1261 0.5910 0.0133 0.0448 0.1884 0.0062 
      H177.4  1 0.0061 0.0042 0.0384 0.6745 0.0157 0.0112 0.2412 0.0088 
      H177.5  1 0.0327 0.0123 0.1019 0.5821 0.1346 0.0435 0.0735 0.0194 
      H177.6  1 0.0093 0.0290 0.0995 0.4442 0.0196 0.0473 0.3444 0.0069 
      H179.1  1 0.0618 0.0059 0.0048 0.0051 0.6470 0.0079 0.2409 0.0267 
      H179.2  1 0.0918 0.0053 0.0093 0.0046 0.8237 0.0349 0.0257 0.0047 
      H179.3  1 0.0078 0.0052 0.0047 0.0061 0.9343 0.0063 0.0280 0.0075 
      H179.4  1 0.0289 0.0041 0.1204 0.0151 0.6843 0.0049 0.1325 0.0100 
      H180.1  1 0.0041 0.0055 0.0043 0.0038 0.0057 0.9649 0.0059 0.0058 
      H180.2  1 0.0069 0.0071 0.0053 0.0054 0.0075 0.9536 0.0060 0.0083 
      H180.3  1 0.0090 0.0319 0.0042 0.0068 0.0088 0.9308 0.0039 0.0046 
      H180.4  1 0.0061 0.0053 0.0056 0.0073 0.0045 0.9486 0.0127 0.0099 
      H180.5  1 0.0040 0.0050 0.0063 0.0049 0.0074 0.9589 0.0089 0.0046 
      H180.6  1 0.0084 0.0115 0.0080 0.0147 0.0042 0.9357 0.0116 0.0058 
      H181.1  1 0.0138 0.0193 0.0117 0.0161 0.0144 0.0425 0.8644 0.0178 
      H181.2  1 0.0110 0.0150 0.0456 0.0115 0.0109 0.0690 0.8221 0.0148 
      H181.3  1 0.0067 0.0153 0.0227 0.0070 0.0054 0.0269 0.9037 0.0122 
      H181.4  1 0.0225 0.1774 0.0553 0.0194 0.0205 0.0509 0.6182 0.0358 
      H181.5  1 0.0186 0.0065 0.0077 0.0082 0.0146 0.0081 0.9161 0.0203 
      H181.6  1 0.0233 0.0207 0.0131 0.0100 0.0128 0.1562 0.7422 0.0217 
      H181.7  1 0.0129 0.0090 0.0080 0.0158 0.0178 0.0109 0.9050 0.0207 
 H194.1_2004  1 0.0065 0.0114 0.0052 0.9524 0.0080 0.0082 0.0044 0.0040 
 H194.2_2004  1 0.0039 0.0061 0.0039 0.9703 0.0040 0.0043 0.0027 0.0047 
 H194.3_2004  1 0.1088 0.0048 0.0200 0.7975 0.0178 0.0049 0.0397 0.0065 
 H194.4_2004  1 0.0049 0.0053 0.0120 0.9541 0.0051 0.0048 0.0083 0.0055 
 H194.5_2004  1 0.0567 0.0044 0.0144 0.8861 0.0104 0.0053 0.0171 0.0057 
 H194.6_2004  1 0.0543 0.0126 0.0552 0.8246 0.0205 0.0073 0.0211 0.0045 
 H194.7_2004  1 0.0063 0.0059 0.0046 0.9637 0.0077 0.0029 0.0032 0.0057 
 H194.8_2004  1 0.0089 0.0065 0.0270 0.9317 0.0072 0.0057 0.0074 0.0057 
      H194.9  1 0.0051 0.0082 0.0108 0.9521 0.0068 0.0053 0.0062 0.0055 
 H195.1_2003  1 0.0087 0.0045 0.9400 0.0086 0.0090 0.0093 0.0144 0.0056 
 H195.1_2004  1 0.0037 0.0031 0.9565 0.0103 0.0048 0.0063 0.0115 0.0037 
 H195.2_2003  1 0.0046 0.0228 0.9176 0.0113 0.0203 0.0106 0.0051 0.0077 
 H195.2_2004  1 0.0050 0.0039 0.9573 0.0077 0.0072 0.0072 0.0071 0.0047 
 H195.3_2003  1 0.0074 0.1284 0.7943 0.0222 0.0182 0.0119 0.0049 0.0127 
 H195.3_2004  1 0.0046 0.0029 0.9502 0.0146 0.0029 0.0076 0.0109 0.0063 
 H195.4_2003  1 0.0071 0.0035 0.9564 0.0063 0.0044 0.0063 0.0112 0.0049 
 H195.4_2004  1 0.0035 0.0035 0.9541 0.0102 0.0128 0.0056 0.0060 0.0042 
 H195.5_2003  1 0.0068 0.0065 0.9453 0.0076 0.0051 0.0080 0.0140 0.0067 
 H195.5_2004  1 0.0050 0.0032 0.9633 0.0106 0.0034 0.0047 0.0048 0.0050 
 H195.6_2003  1 0.0035 0.0135 0.9492 0.0071 0.0081 0.0079 0.0050 0.0058 
 H195.6_2004  1 0.0066 0.0027 0.9588 0.0097 0.0045 0.0053 0.0073 0.0051 
 H195.7_2003  1 0.0062 0.0053 0.9350 0.0098 0.0240 0.0043 0.0103 0.0050 
 H195.7_2004  1 0.0034 0.0053 0.9559 0.0143 0.0062 0.0059 0.0043 0.0047 
      H195.8  1 0.0034 0.0041 0.9557 0.0194 0.0048 0.0035 0.0046 0.0046 
      H195.9  1 0.0065 0.0033 0.9617 0.0083 0.0040 0.0062 0.0058 0.0042 
      H415.1  1 0.0139 0.0232 0.0119 0.0295 0.0100 0.8705 0.0351 0.0061 
      H415.2  1 0.0544 0.0336 0.0100 0.1819 0.0227 0.6418 0.0350 0.0206 
      H415.3  1 0.0169 0.0057 0.0184 0.0135 0.0165 0.6465 0.2610 0.0215 
      H415.4  1 0.0597 0.0115 0.0200 0.0080 0.0058 0.8774 0.0107 0.0070 
      H415.5  1 0.0407 0.0058 0.0268 0.0148 0.0060 0.8616 0.0393 0.0050 
      H415.6  1 0.0548 0.0072 0.0246 0.0095 0.0052 0.8873 0.0060 0.0055 
      H415.7  1 0.0123 0.0098 0.1007 0.3102 0.0336 0.3139 0.2055 0.0139 
      H506.1  1 0.0128 0.0028 0.0044 0.0043 0.0100 0.0041 0.9522 0.0095 
      H506.2  1 0.0107 0.0031 0.0063 0.0072 0.0053 0.0043 0.9571 0.0059 
      H506.3  1 0.0317 0.0061 0.0110 0.0100 0.0455 0.0199 0.8627 0.0131 
      H506.4  1 0.0073 0.0066 0.0069 0.0079 0.0466 0.0187 0.8968 0.0094 
      H506.5  1 0.0079 0.0028 0.0075 0.0054 0.0058 0.0049 0.9590 0.0067 
      H506.6  1 0.0067 0.0076 0.0525 0.0842 0.0856 0.0106 0.7365 0.0164 
      H506.7  1 0.0121 0.0030 0.0080 0.0047 0.0065 0.0033 0.9554 0.0070 
      H533.1  1 0.0229 0.0026 0.0032 0.0046 0.0089 0.0045 0.9480 0.0052 
      H533.2  1 0.0229 0.0027 0.0045 0.0048 0.0076 0.0047 0.9491 0.0037 
      H533.3  1 0.0121 0.0037 0.0030 0.0054 0.0195 0.0036 0.9471 0.0056 
      H533.4  1 0.0041 0.0040 0.0113 0.0255 0.0437 0.0063 0.8955 0.0096 
      H535.1  1 0.0195 0.0134 0.9242 0.0083 0.0039 0.0105 0.0165 0.0036 
      H535.2  1 0.0139 0.0039 0.9431 0.0080 0.0046 0.0050 0.0170 0.0045 
      H535.3  1 0.0274 0.0039 0.9299 0.0049 0.0052 0.0055 0.0149 0.0082 
      H535.4  1 0.0088 0.0030 0.9614 0.0056 0.0029 0.0036 0.0088 0.0060 
      H535.5  1 0.0082 0.0042 0.9537 0.0098 0.0032 0.0035 0.0130 0.0044 
      H535.6  1 0.0097 0.0181 0.9355 0.0093 0.0052 0.0125 0.0058 0.0038 
      H535.7  1 0.0086 0.0034 0.9643 0.0043 0.0039 0.0034 0.0082 0.0040 
      H535.8  1 0.0052 0.0036 0.9736 0.0037 0.0035 0.0024 0.0040 0.0040 
      H535.9  1 0.0105 0.0095 0.9371 0.0090 0.0048 0.0085 0.0158 0.0048 
      H539.1  1 0.0025 0.9776 0.0026 0.0038 0.0023 0.0059 0.0025 0.0029 
      H539.2  1 0.0060 0.9091 0.0098 0.0163 0.0235 0.0224 0.0049 0.0080 
      H539.3  1 0.0042 0.9482 0.0094 0.0150 0.0092 0.0065 0.0029 0.0046 
      H539.4  1 0.0057 0.9612 0.0042 0.0043 0.0051 0.0118 0.0034 0.0042 
      H539.5  1 0.0030 0.9778 0.0026 0.0037 0.0037 0.0037 0.0021 0.0034 
      H539.6  1 0.0028 0.9733 0.0030 0.0059 0.0036 0.0057 0.0025 0.0031 
      H539.7  1 0.0033 0.9730 0.0032 0.0038 0.0051 0.0052 0.0031 0.0033 
      H539.8  1 0.0070 0.9365 0.0115 0.0096 0.0142 0.0091 0.0036 0.0085 
      H539.9  1 0.0038 0.9729 0.0027 0.0038 0.0039 0.0055 0.0032 0.0042 
      H540.1  1 0.0035 0.9502 0.0063 0.0205 0.0041 0.0051 0.0055 0.0048 
      H540.2  1 0.0051 0.9689 0.0028 0.0072 0.0048 0.0040 0.0035 0.0037 
      H540.3  1 0.0088 0.8845 0.0258 0.0288 0.0070 0.0171 0.0198 0.0082 
      H540.4  1 0.0050 0.9549 0.0050 0.0061 0.0079 0.0103 0.0054 0.0054 
      H540.5  1 0.0071 0.9607 0.0039 0.0047 0.0087 0.0046 0.0053 0.0050 
      H540.6  1 0.0060 0.9357 0.0095 0.0126 0.0069 0.0087 0.0089 0.0117 
      H540.7  1 0.0063 0.9420 0.0057 0.0077 0.0063 0.0081 0.0159 0.0078 
      H540.8  1 0.0042 0.9395 0.0038 0.0289 0.0043 0.0097 0.0067 0.0030 
     H9558.1  1 0.0035 0.9711 0.0040 0.0043 0.0062 0.0039 0.0030 0.0039 
     H9558.2  1 0.0079 0.9293 0.0106 0.0076 0.0144 0.0069 0.0108 0.0124 
     H9558.3  1 0.0079 0.9473 0.0051 0.0063 0.0043 0.0040 0.0046 0.0206 
     H9558.4  1 0.0027 0.9715 0.0033 0.0041 0.0078 0.0034 0.0034 0.0039 
     H9558.5  1 0.0027 0.9723 0.0040 0.0025 0.0064 0.0043 0.0030 0.0047 
     H9558.6  1 0.0074 0.9594 0.0052 0.0055 0.0045 0.0054 0.0033 0.0093 
    kos339.1  1 0.0052 0.0045 0.0046 0.0051 0.0037 0.0059 0.9643 0.0067 
    kos339.2  1 0.0058 0.0041 0.0111 0.0067 0.0050 0.0075 0.9531 0.0067 
    kos339.3  1 0.0036 0.0037 0.0050 0.0054 0.0037 0.0065 0.9686 0.0035 
    kos339.4  1 0.0036 0.0044 0.0060 0.0068 0.0046 0.0061 0.9654 0.0032 
    kos339.5  1 0.0055 0.0040 0.0035 0.0043 0.0031 0.0044 0.9695 0.0058 
    kos339.6  1 0.0044 0.0033 0.0042 0.0108 0.0036 0.0031 0.9657 0.0048 
    kos339.7  1 0.0043 0.0034 0.0085 0.0042 0.0032 0.0054 0.9683 0.0027 
    kos339.8  1 0.0033 0.0030 0.0058 0.0033 0.0047 0.0046 0.9722 0.0031 
    kos339.9  1 0.0094 0.0215 0.0126 0.0176 0.0035 0.0191 0.9078 0.0084 
      H409.1 12 0.9763 0.0024 0.0034 0.0025 0.0039 0.0024 0.0058 0.0034 
     H409.10 12 0.9296 0.0067 0.0043 0.0036 0.0328 0.0086 0.0060 0.0083 
      H409.2 12 0.9616 0.0044 0.0080 0.0048 0.0055 0.0050 0.0070 0.0036 
      H409.3 12 0.9702 0.0036 0.0048 0.0050 0.0039 0.0042 0.0041 0.0041 
      H409.4 12 0.9760 0.0035 0.0042 0.0039 0.0031 0.0025 0.0038 0.0030 
      H409.5 12 0.9733 0.0034 0.0040 0.0041 0.0038 0.0044 0.0034 0.0036 
      H409.6 12 0.9377 0.0073 0.0070 0.0132 0.0074 0.0068 0.0059 0.0148 
      H409.7 12 0.9651 0.0031 0.0062 0.0040 0.0052 0.0034 0.0073 0.0057 
      H409.8 12 0.9737 0.0030 0.0035 0.0039 0.0035 0.0036 0.0039 0.0048 
      H409.9 12 0.5679 0.3532 0.0107 0.0140 0.0066 0.0179 0.0098 0.0200 
      H413.1 12 0.0039 0.0080 0.0061 0.0051 0.0053 0.0068 0.0046 0.9602 
      H413.2 12 0.0050 0.0079 0.0058 0.0047 0.0071 0.0062 0.0052 0.9582 
      H413.3 12 0.0039 0.0166 0.0037 0.0046 0.0193 0.0055 0.0048 0.9415 
      H413.4 12 0.0043 0.0094 0.0059 0.0044 0.0050 0.0064 0.0060 0.9587 
      H413.5 12 0.0033 0.1420 0.0041 0.0064 0.0113 0.0265 0.0050 0.8014 
      H413.6 12 0.0043 0.0989 0.0085 0.0046 0.0223 0.0096 0.0040 0.8479 
      H413.7 12 0.0036 0.0127 0.0084 0.0052 0.0083 0.0038 0.0045 0.9535 
      H563.1 12 0.0034 0.0069 0.0044 0.0044 0.0043 0.0033 0.0031 0.9702 
      H563.2 12 0.0144 0.0073 0.0063 0.0098 0.0072 0.0099 0.0069 0.9383 
      H563.3 12 0.0063 0.0090 0.0040 0.0092 0.0043 0.0037 0.0037 0.9597 
      H563.4 12 0.0074 0.0040 0.0037 0.0084 0.0041 0.0045 0.0051 0.9629 
      H563.5 12 0.0043 0.0066 0.0035 0.0042 0.0035 0.0040 0.0037 0.9701 
      H563.6 12 0.0071 0.0068 0.0052 0.0058 0.0043 0.0047 0.0084 0.9577 
      H563.7 12 0.0059 0.0033 0.0045 0.0042 0.0030 0.0053 0.0080 0.9658 
      H563.8 12 0.0047 0.0092 0.0047 0.0069 0.0070 0.0055 0.0081 0.9540 
      H563.9 12 0.0313 0.0069 0.0031 0.0107 0.0091 0.0087 0.0078 0.9225 
     H7374.1 12 0.0465 0.0100 0.8429 0.0181 0.0052 0.0109 0.0067 0.0596 
     H7374.2 12 0.0109 0.0666 0.6671 0.0740 0.0186 0.0089 0.0050 0.1490 
     H7374.3 12 0.0176 0.0077 0.9198 0.0166 0.0054 0.0057 0.0046 0.0225 
     H7374.4 12 0.0136 0.0359 0.8644 0.0090 0.0314 0.0112 0.0090 0.0255 
     H7374.5 12 0.0098 0.0927 0.8114 0.0134 0.0077 0.0109 0.0103 0.0439 
     H7374.6 12 0.0058 0.0082 0.9521 0.0105 0.0051 0.0060 0.0054 0.0069 
     H7374.7 12 0.0106 0.0071 0.9410 0.0091 0.0069 0.0051 0.0063 0.0139 
     H7374.8 12 0.0139 0.0045 0.9113 0.0130 0.0043 0.0066 0.0078 0.0386 
     H7374.9 12 0.0091 0.0621 0.8498 0.0145 0.0147 0.0137 0.0111 0.0250 
     H9563.1 12 0.0042 0.0067 0.0055 0.0079 0.0054 0.0074 0.0069 0.9560 
     H9563.2 12 0.0026 0.0106 0.0070 0.0098 0.0047 0.0073 0.0049 0.9530 
     H9563.3 12 0.0057 0.0024 0.0064 0.0054 0.0061 0.0043 0.0073 0.9623 
     H9563.4 12 0.0178 0.0109 0.0303 0.0204 0.0106 0.0236 0.0134 0.8730 
     H9563.5 12 0.0159 0.0074 0.0080 0.0173 0.0077 0.0139 0.0096 0.9201 
     H9563.6 12 0.0047 0.0030 0.0059 0.0050 0.0038 0.0046 0.0047 0.9682 
     H9563.7 12 0.0038 0.0028 0.0076 0.0056 0.0037 0.0035 0.0029 0.9700 
     H9563.8 12 0.0132 0.0091 0.0082 0.0221 0.0142 0.1027 0.0247 0.8057 
     H9563.9 12 0.0039 0.0081 0.0074 0.0067 0.0073 0.0171 0.0105 0.9390 
     H9572.1 12 0.0265 0.1675 0.0399 0.0280 0.0220 0.0856 0.1192 0.5113 
     H9572.2 12 0.0177 0.0102 0.0469 0.1526 0.0085 0.1500 0.0305 0.5836 
     H9572.3 12 0.0724 0.1270 0.1389 0.0965 0.0070 0.0169 0.3286 0.2128 
     H9572.4 12 0.0182 0.0609 0.2217 0.0703 0.0057 0.0331 0.3421 0.2481 
     H9572.5 12 0.0052 0.1067 0.0236 0.1073 0.0081 0.0704 0.5708 0.1079 
