      H105.1  1 0.9483 0.0074 0.0061 0.0076 0.0097 0.0055 0.0055 0.0099 
      H105.2  1 0.9302 0.0094 0.0064 0.0110 0.0203 0.0040 0.0094 0.0093 
      H105.3  1 0.9709 0.0034 0.0051 0.0048 0.0037 0.0047 0.0034 0.0040 
      H105.4  1 0.9227 0.0120 0.0110 0.0122 0.0124 0.0155 0.0072 0.0070 
      H105.5  1 0.7521 0.0368 0.0101 0.1090 0.0521 0.0084 0.0189 0.0126 
      H105.6  1 0.9190 0.0076 0.0182 0.0116 0.0111 0.0132 0.0119 0.0075 
      H105.7  1 0.9619 0.0081 0.0038 0.0075 0.0047 0.0047 0.0043 0.0050 
      H105.8  1 0.9653 0.0039 0.0047 0.0052 0.0066 0.0031 0.0048 0.0064 
      H115.1  1 0.0506 0.0150 0.0048 0.0141 0.8517 0.0046 0.0426 0.0166 
      H115.2  1 0.0079 0.0158 0.0033 0.0068 0.8432 0.0043 0.1106 0.0081 
      H115.3  1 0.0078 0.0111 0.0053 0.0049 0.9400 0.0043 0.0188 0.0077 
      H115.4  1 0.0058 0.0115 0.0059 0.0039 0.9372 0.0081 0.0044 0.0233 
      H115.5  1 0.0234 0.0095 0.0079 0.0067 0.8592 0.0135 0.0481 0.0318 
      H115.6  1 0.0082 0.0354 0.0025 0.0136 0.8534 0.0074 0.0622 0.0174 
      H115.7  1 0.0521 0.0294 0.0051 0.0097 0.8705 0.0078 0.0163 0.0090 
      H115.8  1 0.0079 0.0087 0.0018 0.0053 0.9131 0.0040 0.0475 0.0119 
      H115.9  1 0.0295 0.0124 0.0043 0.0150 0.6660 0.0041 0.2476 0.0211 
      H145.1  1 0.0043 0.0287 0.0051 0.0117 0.0052 0.9306 0.0093 0.0050 
      H145.2  1 0.0044 0.0097 0.0050 0.0058 0.0047 0.9591 0.0065 0.0048 
      H145.3  1 0.0035 0.0204 0.0041 0.0039 0.0044 0.9581 0.0032 0.0023 
      H145.4  1 0.0031 0.0118 0.0040 0.0097 0.0042 0.9596 0.0036 0.0041 
      H145.5  1 0.0036 0.0304 0.0025 0.0076 0.0037 0.9450 0.0039 0.0032 
      H145.6  1 0.0044 0.0048 0.0043 0.0042 0.0031 0.9708 0.0037 0.0046 
      H145.7  1 0.0035 0.0045 0.0034 0.0049 0.0032 0.9744 0.0025 0.0035 
      H149.1  1 0.0063 0.0057 0.0031 0.0071 0.0046 0.0069 0.0052 0.9610 
      H149.2  1 0.0094 0.0104 0.0037 0.0148 0.0051 0.0142 0.0037 0.9387 
      H149.3  1 0.0201 0.0204 0.0051 0.0170 0.0204 0.0409 0.0065 0.8695 
      H149.4  1 0.0128 0.0048 0.0030 0.0043 0.0058 0.0048 0.0042 0.9603 
      H149.5  1 0.0265 0.0125 0.0064 0.0054 0.0068 0.0167 0.0030 0.9227 
      H149.6  1 0.0117 0.0059 0.0035 0.0127 0.0069 0.0160 0.0027 0.9405 
      H149.7  1 0.0131 0.0081 0.0045 0.0150 0.0112 0.0049 0.0043 0.9388 
      H150.1  1 0.0058 0.0092 0.0021 0.0050 0.4002 0.0062 0.5669 0.0047 
      H150.2  1 0.0062 0.0088 0.0040 0.0067 0.8729 0.0034 0.0935 0.0046 
      H150.3  1 0.0096 0.0198 0.0027 0.0108 0.1193 0.0072 0.8244 0.0064 
      H150.4  1 0.0049 0.0102 0.0017 0.0056 0.0454 0.0082 0.9207 0.0032 
      H150.5  1 0.0121 0.0121 0.0041 0.0072 0.8949 0.0053 0.0594 0.0050 
      H150.6  1 0.0058 0.0115 0.0044 0.0043 0.9468 0.0057 0.0164 0.0049 
      H150.7  1 0.0099 0.0175 0.0023 0.0036 0.0625 0.0045 0.8925 0.0072 
   H169607.1  1 0.0046 0.9451 0.0028 0.0084 0.0097 0.0145 0.0097 0.0052 
   H169607.2  1 0.0057 0.9597 0.0066 0.0050 0.0049 0.0063 0.0077 0.0041 
   H169607.3  1 0.0068 0.9385 0.0067 0.0071 0.0133 0.0131 0.0073 0.0071 
   H169607.4  1 0.0040 0.9639 0.0053 0.0059 0.0034 0.0090 0.0057 0.0027 
   H169607.5  1 0.0035 0.9542 0.0052 0.0057 0.0047 0.0062 0.0172 0.0033 
   H169607.6  1 0.0048 0.9661 0.0058 0.0046 0.0036 0.0047 0.0059 0.0046 
   H169607.7  1 0.0034 0.9488 0.0052 0.0047 0.0180 0.0080 0.0060 0.0059 
   H169607.8  1 0.0053 0.9577 0.0079 0.0076 0.0050 0.0062 0.0063 0.0039 
   H169633.1  1 0.0136 0.0045 0.0043 0.0101 0.0423 0.0334 0.0090 0.8829 
   H169633.2  1 0.0061 0.0029 0.0060 0.0401 0.0371 0.0246 0.0034 0.8799 
   H169633.3  1 0.0100 0.0047 0.0098 0.0211 0.0089 0.0101 0.0080 0.9273 
   H169633.4  1 0.0156 0.0079 0.0102 0.0308 0.0107 0.0116 0.0143 0.8990 
   H169633.5  1 0.0159 0.0088 0.0098 0.0291 0.0075 0.0158 0.0136 0.8994 
   H169688.1  1 0.0179 0.2739 0.0143 0.0479 0.5897 0.0228 0.0108 0.0228 
   H169688.2  1 0.0546 0.0098 0.0043 0.0973 0.7642 0.0320 0.0081 0.0297 
   H169688.3  1 0.0124 0.0059 0.0024 0.0110 0.9318 0.0186 0.0082 0.0096 
   H169688.4  1 0.0031 0.0042 0.0024 0.0048 0.9623 0.0054 0.0144 0.0035 
   H169688.5  1 0.0030 0.0041 0.0028 0.0046 0.9638 0.0059 0.0118 0.0039 
   H169688.6  1 0.0096 0.0078 0.0162 0.0114 0.8248 0.0144 0.0055 0.1103 
   H169688.7  1 0.0110 0.0063 0.0025 0.0299 0.8307 0.0963 0.0077 0.0157 
   H171901.1  1 0.3543 0.1505 0.0040 0.0412 0.3072 0.0483 0.0658 0.0287 
   H171901.2  1 0.0213 0.0448 0.0040 0.0305 0.0234 0.0161 0.0583 0.8014 
   H171901.3  1 0.0129 0.0254 0.0092 0.0318 0.0802 0.0073 0.0241 0.8091 
   H171901.4  1 0.0102 0.0245 0.0061 0.0137 0.0305 0.0055 0.0222 0.8873 
   H171901.5  1 0.0083 0.0516 0.0059 0.0235 0.0481 0.0112 0.0217 0.8297 
   H171901.6  1 0.0098 0.0465 0.0066 0.0582 0.0760 0.0233 0.0414 0.7383 
   H171901.7  1 0.0068 0.0191 0.0151 0.0783 0.0609 0.0129 0.0245 0.7825 
   H171902.1  1 0.0029 0.9612 0.0034 0.0051 0.0050 0.0086 0.0061 0.0077 
  H171902.10  1 0.0032 0.9582 0.0039 0.0053 0.0067 0.0038 0.0043 0.0145 
   H171902.2  1 0.0058 0.9351 0.0024 0.0057 0.0056 0.0076 0.0061 0.0317 
   H171902.3  1 0.0035 0.9376 0.0041 0.0063 0.0066 0.0052 0.0098 0.0270 
   H171902.4  1 0.0054 0.9122 0.0032 0.0105 0.0083 0.0093 0.0041 0.0469 
   H171902.6  1 0.0030 0.9535 0.0036 0.0071 0.0045 0.0047 0.0057 0.0179 
   H171902.7  1 0.0036 0.9653 0.0027 0.0069 0.0058 0.0058 0.0034 0.0064 
   H171902.8  1 0.0033 0.9465 0.0038 0.0071 0.0068 0.0059 0.0085 0.0182 
   H171902.9  1 0.0038 0.9539 0.0041 0.0041 0.0053 0.0047 0.0204 0.0038 
   H171903.1  1 0.0156 0.8182 0.0122 0.0213 0.0747 0.0058 0.0411 0.0111 
   H171903.2  1 0.0983 0.4670 0.0464 0.1726 0.1032 0.0184 0.0844 0.0098 
   H171903.3  1 0.0323 0.3271 0.0266 0.5248 0.0392 0.0054 0.0329 0.0117 
   H171903.4  1 0.0070 0.8464 0.0048 0.0123 0.1028 0.0073 0.0149 0.0045 
   H171903.5  1 0.0221 0.4494 0.0095 0.0789 0.2757 0.0066 0.0674 0.0904 
   H171903.6  1 0.0035 0.6869 0.0094 0.0141 0.2398 0.0057 0.0175 0.0230 
      H177.1  1 0.0060 0.0233 0.0140 0.8819 0.0228 0.0036 0.0128 0.0356 
      H177.2  1 0.0089 0.0365 0.0086 0.4309 0.0333 0.1364 0.0161 0.3294 
      H177.3  1 0.0093 0.1533 0.0250 0.3618 0.0285 0.0317 0.0229 0.3675 
      H177.4  1 0.0138 0.0352 0.0828 0.5786 0.0069 0.0153 0.0040 0.2633 
      H177.5  1 0.0093 0.0087 0.0065 0.9253 0.0183 0.0075 0.0047 0.0196 
      H177.6  1 0.0063 0.0606 0.0098 0.4497 0.0228 0.0142 0.0263 0.4102 
      H179.1  1 0.0199 0.0118 0.0028 0.0130 0.0264 0.0036 0.0123 0.9102 
      H179.2  1 0.0096 0.0309 0.0335 0.0461 0.2720 0.0035 0.0101 0.5943 
      H179.3  1 0.0188 0.0364 0.0059 0.0246 0.3445 0.0064 0.0269 0.5365 
      H179.4  1 0.0082 0.0091 0.1353 0.0755 0.0127 0.0177 0.0059 0.7357 
      H180.1  1 0.0044 0.0072 0.0032 0.0058 0.9606 0.0035 0.0046 0.0107 
      H180.2  1 0.0045 0.0032 0.0050 0.0059 0.9678 0.0044 0.0039 0.0052 
      H180.3  1 0.0040 0.0061 0.0052 0.0056 0.9457 0.0061 0.0231 0.0043 
      H180.4  1 0.0066 0.0092 0.0047 0.0055 0.9483 0.0045 0.0053 0.0159 
      H180.5  1 0.0042 0.0049 0.0046 0.0051 0.9632 0.0051 0.0033 0.0095 
      H180.6  1 0.0054 0.0116 0.0041 0.0056 0.9256 0.0224 0.0139 0.0115 
      H181.1  1 0.0152 0.0279 0.0078 0.0145 0.0827 0.0111 0.0146 0.8262 
      H181.2  1 0.0171 0.0285 0.0082 0.0228 0.0428 0.0349 0.0127 0.8329 
      H181.3  1 0.0097 0.0146 0.0047 0.0073 0.0120 0.0185 0.0155 0.9178 
      H181.4  1 0.0310 0.0224 0.0130 0.0341 0.1431 0.0244 0.1410 0.5910 
      H181.5  1 0.0179 0.0051 0.0068 0.0092 0.0115 0.0040 0.0060 0.9395 
      H181.6  1 0.0184 0.0113 0.0118 0.0178 0.0490 0.0056 0.0167 0.8695 
      H181.7  1 0.0171 0.0062 0.0074 0.0103 0.0089 0.0058 0.0066 0.9377 
 H194.1_2004  1 0.0052 0.0169 0.0065 0.9314 0.0092 0.0150 0.0117 0.0041 
 H194.2_2004  1 0.0095 0.0813 0.0038 0.8371 0.0130 0.0348 0.0148 0.0057 
 H194.3_2004  1 0.0041 0.0080 0.0042 0.9454 0.0041 0.0147 0.0040 0.0155 
 H194.4_2004  1 0.0053 0.0229 0.0046 0.8739 0.0052 0.0640 0.0099 0.0143 
 H194.5_2004  1 0.0038 0.0124 0.0078 0.9422 0.0041 0.0135 0.0059 0.0103 
 H194.6_2004  1 0.0055 0.0145 0.0244 0.9188 0.0043 0.0097 0.0094 0.0133 
 H194.7_2004  1 0.0109 0.0142 0.0038 0.9398 0.0057 0.0131 0.0067 0.0057 
 H194.8_2004  1 0.0063 0.0274 0.0109 0.9148 0.0046 0.0162 0.0110 0.0088 
      H194.9  1 0.0050 0.0181 0.0083 0.9029 0.0061 0.0325 0.0207 0.0064 
 H195.1_2003  1 0.0054 0.0119 0.0052 0.0221 0.0058 0.9287 0.0055 0.0153 
 H195.1_2004  1 0.0040 0.0048 0.0036 0.0050 0.0029 0.9712 0.0024 0.0062 
 H195.2_2003  1 0.0123 0.0232 0.0075 0.0129 0.0101 0.9009 0.0253 0.0078 
 H195.2_2004  1 0.0028 0.0025 0.0025 0.0040 0.0040 0.9776 0.0024 0.0043 
 H195.3_2003  1 0.0212 0.0310 0.0054 0.0235 0.0184 0.6720 0.2220 0.0064 
 H195.3_2004  1 0.0034 0.0042 0.0030 0.0062 0.0031 0.9700 0.0031 0.0070 
 H195.4_2003  1 0.0037 0.0051 0.0042 0.0094 0.0034 0.9621 0.0043 0.0080 
 H195.4_2004  1 0.0029 0.0032 0.0036 0.0040 0.0042 0.9753 0.0028 0.0039 
 H195.5_2003  1 0.0076 0.0073 0.0065 0.0196 0.0056 0.9319 0.0080 0.0134 
 H195.5_2004  1 0.0038 0.0033 0.0070 0.0043 0.0039 0.9697 0.0036 0.0043 
 H195.6_2003  1 0.0070 0.0103 0.0031 0.0045 0.0065 0.9475 0.0174 0.0038 
 H195.6_2004  1 0.0034 0.0051 0.0029 0.0056 0.0025 0.9735 0.0026 0.0043 
 H195.7_2003  1 0.0103 0.0101 0.0072 0.0235 0.0096 0.9204 0.0048 0.0141 
 H195.7_2004  1 0.0032 0.0033 0.0028 0.0032 0.0049 0.9758 0.0038 0.0030 
      H195.8  1 0.0034 0.0035 0.0044 0.0040 0.0040 0.9742 0.0036 0.0029 
      H195.9  1 0.0028 0.0045 0.0050 0.0062 0.0043 0.9690 0.0031 0.0050 
      H415.1  1 0.0059 0.0077 0.0027 0.7825 0.0545 0.0236 0.0628 0.0602 
      H415.2  1 0.0108 0.0698 0.0048 0.8631 0.0121 0.0053 0.0117 0.0224 
      H415.3  1 0.0119 0.0109 0.0078 0.5834 0.0178 0.0087 0.0110 0.3486 
      H415.4  1 0.0046 0.0049 0.0042 0.9197 0.0219 0.0079 0.0293 0.0074 
      H415.5  1 0.0045 0.0079 0.0033 0.9196 0.0148 0.0149 0.0059 0.0291 
      H415.6  1 0.0039 0.0065 0.0034 0.9183 0.0240 0.0113 0.0231 0.0095 
      H415.7  1 0.0089 0.0996 0.0079 0.7195 0.0088 0.0124 0.0089 0.1340 
      H506.1  1 0.0087 0.0037 0.0046 0.0042 0.0038 0.0031 0.0023 0.9695 
      H506.2  1 0.0044 0.0041 0.0045 0.0067 0.0041 0.0131 0.0025 0.9606 
      H506.3  1 0.0104 0.0113 0.0045 0.0098 0.0205 0.0055 0.0047 0.9333 
      H506.4  1 0.0069 0.0113 0.0087 0.0044 0.0129 0.0037 0.0043 0.9478 
      H506.5  1 0.0084 0.0058 0.0090 0.0058 0.0036 0.0053 0.0027 0.9594 
      H506.6  1 0.0151 0.0357 0.0100 0.0169 0.0186 0.0334 0.0072 0.8632 
      H506.7  1 0.0068 0.0043 0.0048 0.0072 0.0044 0.0086 0.0022 0.9616 
      H533.1  1 0.0041 0.0029 0.0052 0.0046 0.0045 0.0030 0.0030 0.9728 
      H533.2  1 0.0042 0.0034 0.0057 0.0045 0.0046 0.0037 0.0026 0.9714 
      H533.3  1 0.0065 0.0042 0.0046 0.0042 0.0047 0.0027 0.0026 0.9704 
      H533.4  1 0.0066 0.0077 0.0095 0.0076 0.0061 0.0111 0.0034 0.9480 
      H535.1  1 0.0025 0.0046 0.9770 0.0036 0.0030 0.0025 0.0035 0.0033 
      H535.2  1 0.0031 0.0028 0.9796 0.0034 0.0028 0.0032 0.0024 0.0027 
      H535.3  1 0.0036 0.0024 0.9794 0.0030 0.0028 0.0039 0.0023 0.0027 
      H535.4  1 0.0029 0.0023 0.9798 0.0032 0.0026 0.0035 0.0023 0.0034 
      H535.5  1 0.0022 0.0032 0.9810 0.0029 0.0022 0.0027 0.0024 0.0034 
      H535.6  1 0.0028 0.0072 0.9677 0.0043 0.0036 0.0044 0.0070 0.0030 
      H535.7  1 0.0026 0.0026 0.9822 0.0025 0.0023 0.0026 0.0022 0.0032 
      H535.8  1 0.0029 0.0033 0.9788 0.0037 0.0023 0.0028 0.0030 0.0033 
      H535.9  1 0.0023 0.0037 0.9785 0.0033 0.0030 0.0030 0.0033 0.0028 
      H539.1  1 0.0026 0.0040 0.0029 0.0026 0.0038 0.0027 0.9788 0.0026 
      H539.2  1 0.0085 0.0254 0.0135 0.0215 0.1811 0.0065 0.7381 0.0052 
      H539.3  1 0.0040 0.0168 0.0131 0.0081 0.0114 0.0096 0.9330 0.0040 
      H539.4  1 0.0044 0.0049 0.0033 0.0057 0.0324 0.0032 0.9425 0.0037 
      H539.5  1 0.0024 0.0051 0.0033 0.0034 0.0057 0.0021 0.9755 0.0025 
      H539.6  1 0.0029 0.0073 0.0029 0.0029 0.0065 0.0036 0.9715 0.0023 
      H539.7  1 0.0031 0.0055 0.0035 0.0038 0.0073 0.0028 0.9713 0.0027 
      H539.8  1 0.0101 0.0069 0.0239 0.0089 0.0695 0.0054 0.8705 0.0048 
      H539.9  1 0.0041 0.0034 0.0025 0.0038 0.0090 0.0027 0.9718 0.0026 
      H540.1  1 0.0038 0.0258 0.0059 0.0055 0.0054 0.0077 0.9396 0.0064 
      H540.2  1 0.0030 0.0052 0.0021 0.0047 0.0050 0.0030 0.9730 0.0039 
      H540.3  1 0.0070 0.0122 0.0059 0.0545 0.0232 0.0177 0.8626 0.0169 
      H540.4  1 0.0056 0.0107 0.0061 0.0061 0.0243 0.0042 0.9372 0.0057 
      H540.5  1 0.0043 0.0055 0.0032 0.0076 0.0059 0.0030 0.9653 0.0051 
      H540.6  1 0.0094 0.0352 0.0042 0.0085 0.0110 0.0064 0.9177 0.0077 
      H540.7  1 0.0066 0.0096 0.0029 0.0129 0.0103 0.0061 0.9356 0.0160 
      H540.8  1 0.0035 0.0302 0.0040 0.0098 0.0087 0.0039 0.9337 0.0061 
     H9558.1  1 0.0033 0.0067 0.0062 0.0043 0.0039 0.0026 0.9693 0.0036 
     H9558.2  1 0.0132 0.0092 0.0105 0.0094 0.0058 0.0051 0.9342 0.0125 
     H9558.3  1 0.0214 0.0042 0.0070 0.0067 0.0046 0.0031 0.9494 0.0035 
     H9558.4  1 0.0034 0.0044 0.0060 0.0031 0.0047 0.0027 0.9721 0.0037 
     H9558.5  1 0.0053 0.0028 0.0080 0.0039 0.0073 0.0019 0.9683 0.0027 
     H9558.6  1 0.0080 0.0052 0.0064 0.0067 0.0042 0.0034 0.9618 0.0043 
    kos339.1  1 0.0052 0.0085 0.0058 0.0057 0.0049 0.0030 0.0040 0.9629 
    kos339.2  1 0.0077 0.0046 0.0064 0.0086 0.0054 0.0094 0.0042 0.9538 
    kos339.3  1 0.0026 0.0066 0.0084 0.0029 0.0042 0.0044 0.0040 0.9668 
    kos339.4  1 0.0035 0.0059 0.0076 0.0046 0.0051 0.0056 0.0039 0.9638 
    kos339.5  1 0.0061 0.0086 0.0030 0.0037 0.0040 0.0029 0.0048 0.9668 
    kos339.6  1 0.0031 0.0050 0.0029 0.0127 0.0035 0.0073 0.0040 0.9616 
    kos339.7  1 0.0024 0.0045 0.0201 0.0033 0.0037 0.0048 0.0025 0.9588 
    kos339.8  1 0.0034 0.0035 0.0038 0.0037 0.0046 0.0039 0.0024 0.9748 
    kos339.9  1 0.0106 0.0184 0.0034 0.0145 0.0106 0.0123 0.0250 0.9051 
      H409.1 12 0.0116 0.0027 0.0035 0.9600 0.0043 0.0036 0.0024 0.0120 
     H409.10 12 0.0125 0.0082 0.0057 0.9151 0.0286 0.0074 0.0113 0.0113 
      H409.2 12 0.0045 0.0033 0.0065 0.9630 0.0056 0.0037 0.0033 0.0102 
      H409.3 12 0.0079 0.0033 0.0134 0.9496 0.0075 0.0046 0.0034 0.0104 
      H409.4 12 0.0054 0.0031 0.0069 0.9615 0.0060 0.0035 0.0036 0.0101 
      H409.5 12 0.0057 0.0086 0.0114 0.9495 0.0077 0.0050 0.0050 0.0070 
      H409.6 12 0.2084 0.0095 0.0282 0.7012 0.0124 0.0065 0.0086 0.0252 
      H409.7 12 0.0126 0.0032 0.0042 0.9575 0.0051 0.0058 0.0026 0.0090 
      H409.8 12 0.0202 0.0067 0.0059 0.9395 0.0066 0.0041 0.0037 0.0134 
      H409.9 12 0.1687 0.0131 0.0286 0.4200 0.0830 0.0046 0.2245 0.0575 
      H413.1 12 0.9561 0.0040 0.0073 0.0047 0.0111 0.0046 0.0091 0.0032 
      H413.2 12 0.9565 0.0047 0.0083 0.0044 0.0078 0.0067 0.0065 0.0050 
      H413.3 12 0.9638 0.0054 0.0028 0.0039 0.0061 0.0035 0.0110 0.0036 
      H413.4 12 0.9604 0.0040 0.0033 0.0038 0.0073 0.0050 0.0098 0.0064 
      H413.5 12 0.8047 0.0113 0.0032 0.0055 0.0425 0.0034 0.1232 0.0061 
      H413.6 12 0.8303 0.0041 0.0039 0.0110 0.0254 0.0044 0.1149 0.0061 
      H413.7 12 0.9559 0.0049 0.0054 0.0066 0.0052 0.0049 0.0125 0.0047 
      H563.1 12 0.9706 0.0031 0.0026 0.0045 0.0037 0.0039 0.0083 0.0032 
      H563.2 12 0.9335 0.0066 0.0040 0.0269 0.0079 0.0047 0.0075 0.0088 
      H563.3 12 0.9599 0.0055 0.0026 0.0062 0.0045 0.0047 0.0119 0.0048 
      H563.4 12 0.9692 0.0058 0.0025 0.0046 0.0060 0.0040 0.0036 0.0043 
      H563.5 12 0.9684 0.0049 0.0021 0.0056 0.0049 0.0044 0.0055 0.0043 
      H563.6 12 0.9616 0.0053 0.0028 0.0081 0.0048 0.0033 0.0062 0.0080 
      H563.7 12 0.9679 0.0032 0.0021 0.0087 0.0049 0.0037 0.0031 0.0064 
      H563.8 12 0.9500 0.0074 0.0022 0.0082 0.0081 0.0045 0.0136 0.0059 
      H563.9 12 0.9385 0.0060 0.0022 0.0238 0.0058 0.0046 0.0080 0.0112 
     H7374.1 12 0.0222 0.0061 0.0080 0.9312 0.0048 0.0153 0.0059 0.0065 
     H7374.2 12 0.0354 0.0104 0.0064 0.9173 0.0057 0.0082 0.0128 0.0039 
     H7374.3 12 0.0233 0.0127 0.0051 0.9230 0.0038 0.0222 0.0064 0.0036 
     H7374.4 12 0.0091 0.0045 0.0109 0.9441 0.0109 0.0050 0.0080 0.0075 
     H7374.5 12 0.0155 0.0139 0.0064 0.8971 0.0096 0.0096 0.0330 0.0149 
     H7374.6 12 0.0089 0.0060 0.0104 0.9391 0.0037 0.0156 0.0092 0.0071 
     H7374.7 12 0.0165 0.0056 0.0085 0.9405 0.0038 0.0141 0.0036 0.0074 
     H7374.8 12 0.0143 0.0066 0.0053 0.9479 0.0044 0.0138 0.0030 0.0047 
     H7374.9 12 0.0143 0.0122 0.0043 0.9199 0.0121 0.0110 0.0186 0.0075 
     H9563.1 12 0.9519 0.0061 0.0046 0.0070 0.0053 0.0051 0.0108 0.0092 
     H9563.2 12 0.9561 0.0078 0.0045 0.0045 0.0073 0.0069 0.0092 0.0037 
     H9563.3 12 0.9606 0.0042 0.0051 0.0058 0.0069 0.0092 0.0022 0.0061 
     H9563.4 12 0.8861 0.0099 0.0243 0.0251 0.0179 0.0130 0.0124 0.0114 
     H9563.5 12 0.9404 0.0094 0.0070 0.0105 0.0089 0.0077 0.0063 0.0099 
     H9563.6 12 0.9685 0.0043 0.0040 0.0049 0.0052 0.0062 0.0031 0.0037 
     H9563.7 12 0.9669 0.0062 0.0058 0.0040 0.0046 0.0053 0.0036 0.0035 
     H9563.8 12 0.8557 0.0110 0.0081 0.0162 0.0543 0.0112 0.0066 0.0370 
     H9563.9 12 0.9507 0.0080 0.0038 0.0067 0.0112 0.0056 0.0069 0.0071 
     H9572.1 12 0.4940 0.0355 0.0328 0.1018 0.0457 0.0185 0.1817 0.0900 
     H9572.2 12 0.4547 0.0621 0.0042 0.2886 0.0387 0.1011 0.0240 0.0266 
     H9572.3 12 0.1415 0.2409 0.0150 0.3831 0.0086 0.0072 0.0757 0.1279 
     H9572.4 12 0.2592 0.0491 0.0278 0.2833 0.0165 0.0308 0.0543 0.2788 
     H9572.5 12 0.1062 0.0696 0.0141 0.0408 0.0532 0.0589 0.1206 0.5366 
