      H105.1  1 0.0022 0.0041 0.0025 0.0023 0.0034 0.0042 0.0026 0.0026 0.0025 0.0023 0.0023 0.0024 0.0042 0.9509 0.0018 0.0025 0.0027 0.0045 
      H105.2  1 0.0057 0.0038 0.0062 0.0028 0.0026 0.0051 0.0037 0.0051 0.0033 0.0034 0.0018 0.0039 0.0076 0.9275 0.0026 0.0059 0.0059 0.0029 
      H105.3  1 0.0019 0.0034 0.0036 0.0024 0.0021 0.0022 0.0028 0.0031 0.0025 0.0022 0.0025 0.0028 0.0030 0.9533 0.0028 0.0031 0.0016 0.0047 
      H105.4  1 0.0021 0.0033 0.0037 0.0041 0.0023 0.0055 0.0024 0.0057 0.0034 0.0032 0.0029 0.0032 0.0036 0.9410 0.0038 0.0042 0.0028 0.0027 
      H105.5  1 0.0022 0.0063 0.0035 0.0034 0.0032 0.0129 0.0026 0.0065 0.0068 0.0045 0.0038 0.0039 0.0092 0.9098 0.0028 0.0073 0.0074 0.0038 
      H105.6  1 0.0032 0.0039 0.0037 0.0044 0.0024 0.0037 0.0041 0.0067 0.0080 0.0065 0.0044 0.0084 0.0036 0.9186 0.0043 0.0049 0.0040 0.0051 
      H105.7  1 0.0037 0.0066 0.0054 0.0031 0.0031 0.0072 0.0079 0.0063 0.0054 0.0091 0.0039 0.0081 0.0060 0.8930 0.0032 0.0049 0.0062 0.0168 
      H105.8  1 0.0027 0.0028 0.0053 0.0026 0.0020 0.0027 0.0019 0.0029 0.0026 0.0022 0.0019 0.0034 0.0033 0.9513 0.0031 0.0031 0.0032 0.0031 
      H115.1  1 0.0058 0.0039 0.0112 0.0041 0.0087 0.0156 0.0090 0.0188 0.0130 0.0041 0.0032 0.0613 0.0059 0.0055 0.0036 0.8107 0.0052 0.0105 
      H115.2  1 0.0081 0.0039 0.0040 0.0042 0.0067 0.0085 0.0046 0.0040 0.0576 0.0076 0.0038 0.0058 0.0058 0.0033 0.0027 0.8589 0.0051 0.0054 
      H115.3  1 0.0052 0.0039 0.0030 0.0033 0.0064 0.0052 0.0073 0.0034 0.0086 0.0040 0.0039 0.0026 0.0043 0.0039 0.0047 0.9213 0.0029 0.0062 
      H115.4  1 0.0079 0.0089 0.0233 0.0027 0.0109 0.0096 0.0140 0.0028 0.0039 0.0038 0.0066 0.0054 0.0246 0.0033 0.0066 0.8484 0.0125 0.0048 
      H115.5  1 0.0070 0.0056 0.0066 0.0034 0.0357 0.0122 0.0096 0.0067 0.0242 0.0059 0.0166 0.0150 0.0069 0.0160 0.0080 0.8095 0.0057 0.0056 
      H115.6  1 0.0440 0.0056 0.0036 0.0104 0.0179 0.0065 0.0309 0.0040 0.0200 0.0068 0.0050 0.0032 0.0053 0.0041 0.0027 0.8154 0.0052 0.0094 
      H115.7  1 0.0126 0.0042 0.0055 0.0068 0.0082 0.0317 0.0123 0.0099 0.0176 0.0074 0.0054 0.0577 0.0100 0.0058 0.0035 0.7730 0.0141 0.0143 
      H115.8  1 0.0070 0.0063 0.0034 0.0028 0.0090 0.0060 0.0069 0.0039 0.0129 0.0031 0.0034 0.0039 0.0070 0.0067 0.0016 0.9057 0.0042 0.0062 
      H115.9  1 0.0061 0.0050 0.0168 0.0033 0.0074 0.0194 0.0081 0.0185 0.1409 0.0052 0.0031 0.0135 0.0050 0.0055 0.0036 0.7179 0.0059 0.0148 
      H145.1  1 0.0232 0.0038 0.0035 0.0075 0.0057 0.0124 0.0115 0.0045 0.0074 0.0149 0.8746 0.0027 0.0054 0.0029 0.0055 0.0065 0.0038 0.0040 
      H145.2  1 0.0119 0.0057 0.0051 0.0047 0.0053 0.0071 0.0067 0.0037 0.0046 0.0075 0.9115 0.0021 0.0043 0.0032 0.0047 0.0054 0.0024 0.0042 
      H145.3  1 0.0573 0.0031 0.0026 0.0035 0.0033 0.0055 0.0022 0.0027 0.0026 0.0041 0.8913 0.0027 0.0030 0.0028 0.0039 0.0031 0.0032 0.0030 
      H145.4  1 0.0061 0.0028 0.0039 0.0054 0.0045 0.0089 0.0061 0.0070 0.0037 0.0190 0.9040 0.0025 0.0042 0.0029 0.0035 0.0033 0.0029 0.0091 
      H145.5  1 0.0900 0.0047 0.0034 0.0044 0.0027 0.0062 0.0045 0.0033 0.0026 0.0054 0.8493 0.0029 0.0054 0.0031 0.0022 0.0035 0.0030 0.0034 
      H145.6  1 0.0035 0.0027 0.0037 0.0038 0.0039 0.0041 0.0046 0.0028 0.0027 0.0060 0.9381 0.0033 0.0040 0.0026 0.0035 0.0025 0.0019 0.0061 
      H145.7  1 0.0033 0.0029 0.0028 0.0038 0.0053 0.0036 0.0044 0.0039 0.0022 0.0043 0.9428 0.0023 0.0033 0.0019 0.0028 0.0029 0.0027 0.0047 
      H149.1  1 0.0061 0.0036 0.0028 0.0033 0.9409 0.0025 0.0059 0.0034 0.0024 0.0061 0.0037 0.0024 0.0035 0.0024 0.0024 0.0028 0.0027 0.0031 
      H149.2  1 0.0050 0.0038 0.0023 0.0040 0.9292 0.0053 0.0051 0.0054 0.0028 0.0079 0.0062 0.0020 0.0044 0.0040 0.0031 0.0030 0.0027 0.0038 
      H149.3  1 0.0152 0.0061 0.0183 0.0046 0.6930 0.0459 0.0056 0.0127 0.0037 0.0183 0.0250 0.0035 0.0368 0.0088 0.0087 0.0276 0.0121 0.0543 
      H149.4  1 0.0072 0.0072 0.0219 0.0028 0.9045 0.0027 0.0044 0.0053 0.0042 0.0044 0.0031 0.0034 0.0058 0.0061 0.0035 0.0028 0.0042 0.0067 
      H149.5  1 0.0037 0.0158 0.0159 0.0037 0.7658 0.0312 0.0053 0.0083 0.0026 0.0070 0.0133 0.0038 0.0375 0.0206 0.0103 0.0038 0.0086 0.0427 
      H149.6  1 0.0032 0.0035 0.0026 0.0029 0.9326 0.0047 0.0048 0.0041 0.0020 0.0050 0.0040 0.0032 0.0047 0.0050 0.0035 0.0026 0.0036 0.0080 
      H149.7  1 0.0096 0.0152 0.0365 0.0074 0.6942 0.0142 0.0134 0.0182 0.0043 0.0336 0.0063 0.0057 0.0186 0.0140 0.0051 0.0095 0.0654 0.0287 
      H150.1  1 0.0063 0.0047 0.0022 0.0036 0.0024 0.0064 0.0045 0.0067 0.2448 0.0049 0.0042 0.0031 0.0049 0.0056 0.0023 0.6841 0.0032 0.0059 
      H150.2  1 0.0123 0.0053 0.0029 0.0046 0.0037 0.0033 0.0081 0.0040 0.0680 0.0052 0.0035 0.0077 0.0058 0.0041 0.0032 0.8474 0.0069 0.0039 
      H150.3  1 0.0627 0.0043 0.0039 0.0091 0.0057 0.0124 0.0087 0.0076 0.5646 0.0075 0.0068 0.0289 0.0073 0.0049 0.0023 0.2448 0.0105 0.0079 
      H150.4  1 0.0077 0.0067 0.0025 0.0045 0.0024 0.0073 0.0063 0.0043 0.7779 0.0047 0.0068 0.0054 0.0049 0.0039 0.0017 0.1390 0.0081 0.0060 
      H150.5  1 0.0042 0.0033 0.0032 0.0053 0.0054 0.0106 0.0087 0.0064 0.0491 0.0064 0.0047 0.0048 0.0077 0.0056 0.0023 0.8503 0.0096 0.0124 
      H150.6  1 0.0058 0.0059 0.0038 0.0084 0.0032 0.0057 0.0050 0.0082 0.0088 0.0028 0.0105 0.0029 0.0162 0.0069 0.0040 0.8906 0.0072 0.0040 
      H150.7  1 0.0224 0.0067 0.0031 0.0033 0.0048 0.0074 0.0050 0.0036 0.6299 0.0043 0.0057 0.0058 0.0092 0.0141 0.0019 0.2644 0.0038 0.0042 
   H169607.1  1 0.0117 0.0033 0.0080 0.0072 0.0032 0.9046 0.0086 0.0028 0.0080 0.0041 0.0088 0.0043 0.0031 0.0028 0.0029 0.0067 0.0057 0.0040 
   H169607.2  1 0.0038 0.0059 0.0026 0.0039 0.0027 0.9399 0.0023 0.0030 0.0051 0.0048 0.0037 0.0027 0.0030 0.0035 0.0029 0.0033 0.0032 0.0037 
   H169607.3  1 0.0078 0.0033 0.0044 0.0028 0.0027 0.9228 0.0068 0.0032 0.0032 0.0060 0.0068 0.0026 0.0056 0.0042 0.0037 0.0055 0.0050 0.0038 
   H169607.4  1 0.0068 0.0033 0.0020 0.0085 0.0024 0.9375 0.0033 0.0028 0.0058 0.0036 0.0048 0.0024 0.0028 0.0034 0.0027 0.0028 0.0025 0.0027 
   H169607.5  1 0.0035 0.0031 0.0026 0.0035 0.0027 0.9459 0.0026 0.0022 0.0056 0.0048 0.0030 0.0034 0.0027 0.0024 0.0030 0.0033 0.0027 0.0030 
   H169607.6  1 0.0069 0.0046 0.0034 0.0025 0.0020 0.9424 0.0022 0.0021 0.0043 0.0040 0.0033 0.0034 0.0042 0.0040 0.0030 0.0025 0.0021 0.0029 
   H169607.7  1 0.0044 0.0027 0.0109 0.0027 0.0028 0.9289 0.0034 0.0022 0.0036 0.0038 0.0050 0.0026 0.0044 0.0046 0.0032 0.0066 0.0054 0.0029 
   H169607.8  1 0.0039 0.0049 0.0026 0.0063 0.0026 0.9391 0.0021 0.0033 0.0040 0.0037 0.0034 0.0037 0.0041 0.0034 0.0033 0.0028 0.0035 0.0035 
   H169633.1  1 0.0037 0.0030 0.0034 0.0053 0.8666 0.0028 0.0110 0.0050 0.0066 0.0065 0.0194 0.0167 0.0063 0.0041 0.0054 0.0059 0.0231 0.0053 
   H169633.2  1 0.0027 0.0034 0.0069 0.0064 0.7865 0.0019 0.0908 0.0095 0.0028 0.0037 0.0132 0.0064 0.0123 0.0131 0.0071 0.0056 0.0238 0.0039 
   H169633.3  1 0.0048 0.0066 0.0050 0.0064 0.8698 0.0035 0.0091 0.0076 0.0074 0.0254 0.0071 0.0075 0.0077 0.0032 0.0069 0.0064 0.0047 0.0106 
   H169633.4  1 0.0041 0.0054 0.0030 0.0065 0.8816 0.0061 0.0067 0.0058 0.0088 0.0154 0.0059 0.0123 0.0079 0.0045 0.0073 0.0065 0.0028 0.0093 
   H169633.5  1 0.0040 0.0049 0.0040 0.0055 0.8768 0.0071 0.0073 0.0053 0.0074 0.0195 0.0069 0.0130 0.0079 0.0047 0.0084 0.0056 0.0029 0.0089 
   H169688.1  1 0.0161 0.0134 0.0083 0.0078 0.0047 0.0129 0.0032 0.0052 0.0064 0.0163 0.0084 0.0293 0.0140 0.0027 0.0096 0.0043 0.8343 0.0031 
   H169688.2  1 0.0029 0.0054 0.0047 0.0042 0.0028 0.0028 0.0026 0.0093 0.0022 0.0084 0.0042 0.0049 0.0062 0.0061 0.0037 0.0032 0.9235 0.0029 
   H169688.3  1 0.0027 0.0023 0.0031 0.0035 0.0032 0.0027 0.0049 0.0051 0.0028 0.0032 0.0032 0.0024 0.0033 0.0033 0.0022 0.0024 0.9472 0.0025 
   H169688.4  1 0.0022 0.0024 0.0027 0.0024 0.0028 0.0033 0.0030 0.0043 0.0038 0.0026 0.0026 0.0029 0.0028 0.0020 0.0020 0.0051 0.9507 0.0025 
   H169688.5  1 0.0025 0.0025 0.0027 0.0020 0.0023 0.0041 0.0030 0.0036 0.0045 0.0024 0.0026 0.0026 0.0035 0.0019 0.0021 0.0045 0.9510 0.0022 
   H169688.6  1 0.0031 0.0040 0.0563 0.0036 0.0061 0.0026 0.0022 0.0023 0.0030 0.0043 0.0024 0.0028 0.0046 0.0024 0.0056 0.0026 0.8899 0.0022 
   H169688.7  1 0.0116 0.0100 0.0049 0.0046 0.0033 0.0036 0.0055 0.0097 0.0049 0.0060 0.0145 0.0026 0.0112 0.0044 0.0020 0.0094 0.8885 0.0032 
   H171901.1  1 0.0074 0.0076 0.0058 0.0063 0.0061 0.1682 0.0260 0.0095 0.0308 0.1128 0.0290 0.0327 0.3667 0.0538 0.0025 0.0943 0.0127 0.0277 
   H171901.2  1 0.0071 0.0101 0.0023 0.0182 0.7257 0.0224 0.0079 0.0046 0.0160 0.0215 0.0079 0.0035 0.0160 0.1096 0.0029 0.0137 0.0048 0.0059 
   H171901.3  1 0.0058 0.0046 0.0080 0.0143 0.7037 0.0546 0.0084 0.0076 0.0207 0.0408 0.0056 0.0145 0.0287 0.0121 0.0071 0.0303 0.0237 0.0095 
   H171901.4  1 0.0052 0.0056 0.0056 0.0133 0.7624 0.0337 0.0085 0.0060 0.0108 0.0075 0.0057 0.0048 0.0114 0.0768 0.0042 0.0274 0.0056 0.0056 
   H171901.5  1 0.0104 0.0086 0.0101 0.0221 0.6717 0.0465 0.0347 0.0098 0.0170 0.0135 0.0101 0.0030 0.0279 0.0438 0.0038 0.0551 0.0059 0.0061 
   H171901.6  1 0.0231 0.0190 0.0155 0.0236 0.4834 0.0280 0.0962 0.0174 0.0326 0.0379 0.0146 0.0051 0.0785 0.0193 0.0105 0.0751 0.0137 0.0062 
   H171901.7  1 0.0051 0.0264 0.0097 0.0069 0.2916 0.0147 0.0181 0.0051 0.0083 0.4454 0.0083 0.0059 0.0737 0.0041 0.0077 0.0284 0.0356 0.0049 
   H171902.1  1 0.9452 0.0041 0.0042 0.0026 0.0041 0.0037 0.0054 0.0022 0.0037 0.0028 0.0043 0.0024 0.0034 0.0019 0.0024 0.0023 0.0026 0.0026 
  H171902.10  1 0.9418 0.0032 0.0036 0.0030 0.0037 0.0042 0.0041 0.0018 0.0026 0.0035 0.0029 0.0020 0.0047 0.0030 0.0025 0.0055 0.0049 0.0030 
   H171902.2  1 0.9251 0.0070 0.0060 0.0023 0.0103 0.0046 0.0071 0.0035 0.0036 0.0034 0.0043 0.0047 0.0036 0.0026 0.0023 0.0039 0.0032 0.0024 
   H171902.3  1 0.9233 0.0039 0.0042 0.0031 0.0131 0.0042 0.0069 0.0035 0.0055 0.0037 0.0032 0.0030 0.0050 0.0033 0.0032 0.0051 0.0031 0.0026 
   H171902.4  1 0.9341 0.0034 0.0032 0.0053 0.0152 0.0031 0.0038 0.0035 0.0024 0.0037 0.0034 0.0020 0.0039 0.0021 0.0020 0.0031 0.0027 0.0030 
   H171902.6  1 0.9501 0.0040 0.0029 0.0037 0.0042 0.0028 0.0033 0.0023 0.0026 0.0035 0.0028 0.0020 0.0036 0.0020 0.0025 0.0033 0.0019 0.0025 
   H171902.7  1 0.8874 0.0039 0.0038 0.0043 0.0070 0.0302 0.0062 0.0031 0.0025 0.0159 0.0034 0.0020 0.0061 0.0077 0.0023 0.0073 0.0033 0.0035 
   H171902.8  1 0.9358 0.0040 0.0033 0.0033 0.0063 0.0038 0.0052 0.0026 0.0052 0.0047 0.0034 0.0030 0.0053 0.0024 0.0026 0.0044 0.0025 0.0023 
   H171902.9  1 0.9415 0.0034 0.0026 0.0037 0.0024 0.0054 0.0047 0.0024 0.0060 0.0037 0.0045 0.0026 0.0030 0.0025 0.0024 0.0037 0.0029 0.0025 
   H171903.1  1 0.0031 0.0043 0.0031 0.0036 0.0031 0.9050 0.0043 0.0033 0.0139 0.0063 0.0038 0.0035 0.0072 0.0056 0.0042 0.0170 0.0047 0.0041 
   H171903.2  1 0.0027 0.0034 0.0055 0.0095 0.0023 0.8407 0.0123 0.0085 0.0195 0.0090 0.0054 0.0026 0.0108 0.0327 0.0112 0.0107 0.0044 0.0088 
   H171903.3  1 0.0034 0.0059 0.0049 0.0150 0.0060 0.6330 0.1202 0.0181 0.0100 0.0617 0.0031 0.0048 0.0237 0.0481 0.0160 0.0082 0.0117 0.0064 
   H171903.4  1 0.0237 0.0038 0.0032 0.0077 0.0037 0.7809 0.0101 0.0040 0.0092 0.0271 0.0062 0.0041 0.0114 0.0042 0.0027 0.0239 0.0699 0.0044 
   H171903.5  1 0.0042 0.0058 0.0064 0.0048 0.0219 0.6639 0.0441 0.0147 0.0199 0.0204 0.0041 0.0039 0.0791 0.0274 0.0050 0.0098 0.0559 0.0085 
   H171903.6  1 0.0056 0.0031 0.0043 0.0023 0.0086 0.7822 0.0045 0.0047 0.0069 0.0106 0.0033 0.0023 0.0076 0.0032 0.0058 0.0108 0.1313 0.0029 
      H177.1  1 0.0088 0.0290 0.0476 0.0653 0.0159 0.0191 0.0081 0.0061 0.0135 0.6442 0.0053 0.0075 0.0564 0.0042 0.0088 0.0365 0.0193 0.0045 
      H177.2  1 0.0057 0.2180 0.0760 0.0534 0.0430 0.0893 0.0104 0.0138 0.0136 0.0664 0.1644 0.0028 0.1785 0.0047 0.0088 0.0315 0.0072 0.0125 
      H177.3  1 0.0122 0.0376 0.0402 0.0368 0.0583 0.1016 0.0264 0.0078 0.0131 0.3378 0.0263 0.0035 0.2288 0.0046 0.0201 0.0242 0.0079 0.0127 
      H177.4  1 0.0052 0.0135 0.3031 0.0062 0.0095 0.0130 0.0108 0.0033 0.0039 0.5429 0.0079 0.0017 0.0232 0.0063 0.0325 0.0054 0.0033 0.0083 
      H177.5  1 0.0053 0.0500 0.0634 0.0292 0.0086 0.0057 0.0193 0.0188 0.0088 0.5901 0.0149 0.0028 0.0888 0.0131 0.0066 0.0375 0.0195 0.0176 
      H177.6  1 0.0139 0.0283 0.0452 0.0370 0.1462 0.0476 0.0255 0.0066 0.0180 0.3652 0.0170 0.0036 0.1821 0.0039 0.0080 0.0323 0.0138 0.0059 
      H179.1  1 0.0037 0.0057 0.8380 0.0045 0.0041 0.0062 0.0075 0.0332 0.0102 0.0191 0.0030 0.0108 0.0066 0.0041 0.0024 0.0070 0.0243 0.0094 
      H179.2  1 0.0066 0.0048 0.7875 0.0109 0.0052 0.0050 0.0403 0.0389 0.0056 0.0077 0.0026 0.0028 0.0117 0.0056 0.0160 0.0143 0.0297 0.0047 
      H179.3  1 0.0049 0.0057 0.7062 0.0050 0.0037 0.0124 0.0101 0.0127 0.0183 0.0340 0.0043 0.0056 0.0106 0.0035 0.0042 0.0154 0.1347 0.0088 
      H179.4  1 0.0047 0.0080 0.6871 0.0494 0.0166 0.0153 0.0142 0.0122 0.0048 0.0432 0.0114 0.0052 0.0226 0.0058 0.0619 0.0052 0.0280 0.0044 
      H180.1  1 0.0073 0.0057 0.0191 0.0038 0.0031 0.0049 0.0054 0.0043 0.0048 0.0026 0.0024 0.0050 0.0132 0.0045 0.0027 0.9037 0.0043 0.0031 
      H180.2  1 0.0026 0.0043 0.0049 0.0029 0.0027 0.0025 0.0044 0.0055 0.0037 0.0047 0.0031 0.0066 0.0070 0.0031 0.0038 0.9334 0.0028 0.0022 
      H180.3  1 0.0034 0.0078 0.0036 0.0020 0.0048 0.0071 0.0079 0.0087 0.0104 0.0043 0.0053 0.0038 0.0056 0.0036 0.0045 0.9086 0.0054 0.0029 
      H180.4  1 0.0038 0.0075 0.0060 0.0031 0.0038 0.0034 0.0035 0.0045 0.0041 0.0043 0.0031 0.0066 0.0087 0.0059 0.0032 0.9228 0.0024 0.0033 
      H180.5  1 0.0037 0.0074 0.0077 0.0025 0.0038 0.0032 0.0034 0.0025 0.0030 0.0053 0.0040 0.0029 0.0074 0.0028 0.0031 0.9311 0.0034 0.0028 
      H180.6  1 0.0067 0.0156 0.0078 0.0024 0.0110 0.0063 0.0056 0.0056 0.0061 0.0051 0.0138 0.0039 0.0057 0.0047 0.0035 0.8895 0.0034 0.0033 
      H181.1  1 0.0061 0.3445 0.0054 0.0022 0.0123 0.0077 0.0033 0.0035 0.0037 0.0053 0.0036 0.0038 0.5773 0.0059 0.0030 0.0059 0.0038 0.0028 
      H181.2  1 0.0074 0.3471 0.0173 0.0048 0.0048 0.0034 0.0052 0.0039 0.0028 0.0045 0.0076 0.0038 0.5684 0.0037 0.0036 0.0055 0.0031 0.0031 
      H181.3  1 0.0093 0.3468 0.0079 0.0052 0.0077 0.0039 0.0034 0.0024 0.0040 0.0035 0.0042 0.0061 0.5757 0.0040 0.0024 0.0053 0.0046 0.0037 
      H181.4  1 0.0041 0.3523 0.0045 0.0043 0.0148 0.0082 0.0038 0.0063 0.0113 0.0053 0.0072 0.0044 0.5355 0.0070 0.0057 0.0134 0.0058 0.0062 
      H181.5  1 0.0043 0.3048 0.0414 0.0034 0.0039 0.0035 0.0070 0.0074 0.0041 0.0039 0.0031 0.0115 0.5730 0.0086 0.0046 0.0045 0.0056 0.0056 
      H181.6  1 0.0057 0.2702 0.0857 0.0036 0.0050 0.0049 0.0107 0.0071 0.0074 0.0071 0.0041 0.0041 0.5426 0.0120 0.0053 0.0159 0.0045 0.0040 
      H181.7  1 0.0041 0.3239 0.0306 0.0032 0.0046 0.0057 0.0071 0.0067 0.0049 0.0044 0.0041 0.0033 0.5663 0.0096 0.0067 0.0042 0.0064 0.0040 
 H194.1_2004  1 0.0039 0.0034 0.0018 0.0030 0.0044 0.0072 0.0092 0.0033 0.0042 0.9326 0.0039 0.0027 0.0036 0.0021 0.0038 0.0037 0.0039 0.0034 
 H194.2_2004  1 0.0036 0.0054 0.0019 0.0026 0.0030 0.0152 0.0036 0.0026 0.0037 0.9288 0.0060 0.0045 0.0044 0.0037 0.0022 0.0031 0.0024 0.0031 
 H194.3_2004  1 0.0045 0.0059 0.0070 0.0068 0.0160 0.0051 0.0093 0.0326 0.0031 0.8694 0.0113 0.0024 0.0064 0.0034 0.0039 0.0033 0.0050 0.0046 
 H194.4_2004  1 0.0056 0.0044 0.0027 0.0038 0.0085 0.0050 0.0050 0.0030 0.0031 0.9278 0.0098 0.0033 0.0045 0.0034 0.0031 0.0022 0.0029 0.0021 
 H194.5_2004  1 0.0057 0.0080 0.0050 0.0073 0.0120 0.0085 0.0090 0.0201 0.0041 0.8814 0.0092 0.0030 0.0048 0.0056 0.0059 0.0030 0.0035 0.0040 
 H194.6_2004  1 0.0107 0.0061 0.0047 0.0038 0.0128 0.0069 0.0103 0.0262 0.0050 0.8701 0.0074 0.0033 0.0048 0.0032 0.0123 0.0035 0.0059 0.0031 
 H194.7_2004  1 0.0022 0.0042 0.0021 0.0024 0.0029 0.0062 0.0029 0.0029 0.0029 0.9459 0.0030 0.0033 0.0026 0.0031 0.0031 0.0029 0.0036 0.0038 
 H194.8_2004  1 0.0047 0.0055 0.0030 0.0050 0.0064 0.0075 0.0048 0.0036 0.0050 0.9171 0.0080 0.0050 0.0068 0.0045 0.0044 0.0027 0.0026 0.0032 
      H194.9  1 0.0040 0.0045 0.0026 0.0026 0.0039 0.0046 0.0039 0.0029 0.0046 0.9373 0.0066 0.0050 0.0031 0.0034 0.0032 0.0024 0.0029 0.0026 
 H195.1_2003  1 0.0066 0.0048 0.0053 0.0094 0.0237 0.0114 0.0602 0.0090 0.0053 0.0274 0.7996 0.0055 0.0064 0.0046 0.0052 0.0038 0.0061 0.0056 
 H195.1_2004  1 0.0041 0.0036 0.0029 0.0085 0.0055 0.0032 0.0037 0.0033 0.0026 0.0044 0.9346 0.0026 0.0051 0.0020 0.0024 0.0040 0.0035 0.0039 
 H195.2_2003  1 0.0112 0.0353 0.0041 0.0173 0.0077 0.0216 0.0134 0.0056 0.0231 0.0188 0.7610 0.0034 0.0160 0.0190 0.0062 0.0047 0.0218 0.0100 
 H195.2_2004  1 0.0025 0.0045 0.0031 0.0032 0.0047 0.0024 0.0029 0.0028 0.0023 0.0037 0.9452 0.0026 0.0025 0.0027 0.0028 0.0034 0.0060 0.0028 
 H195.3_2003  1 0.0050 0.0226 0.0028 0.0086 0.0048 0.0827 0.0093 0.0145 0.1452 0.0353 0.5296 0.0115 0.0319 0.0313 0.0058 0.0089 0.0399 0.0103 
 H195.3_2004  1 0.0041 0.0040 0.0026 0.0086 0.0102 0.0030 0.0055 0.0034 0.0027 0.0073 0.9266 0.0028 0.0042 0.0025 0.0033 0.0030 0.0030 0.0032 
 H195.4_2003  1 0.0044 0.0043 0.0037 0.0053 0.0124 0.0030 0.0176 0.0054 0.0040 0.0115 0.9007 0.0029 0.0056 0.0040 0.0036 0.0041 0.0030 0.0043 
 H195.4_2004  1 0.0033 0.0035 0.0033 0.0028 0.0035 0.0032 0.0028 0.0026 0.0026 0.0052 0.9428 0.0034 0.0036 0.0020 0.0038 0.0025 0.0062 0.0028 
 H195.5_2003  1 0.0057 0.0040 0.0044 0.0507 0.0173 0.0077 0.0347 0.0057 0.0075 0.0261 0.7774 0.0137 0.0172 0.0040 0.0053 0.0080 0.0041 0.0065 
 H195.5_2004  1 0.0031 0.0028 0.0030 0.0061 0.0046 0.0027 0.0026 0.0033 0.0030 0.0039 0.9397 0.0042 0.0040 0.0021 0.0051 0.0034 0.0032 0.0032 
 H195.6_2003  1 0.0085 0.0090 0.0025 0.0042 0.0046 0.0077 0.0045 0.0031 0.0207 0.0040 0.8931 0.0031 0.0064 0.0053 0.0033 0.0067 0.0063 0.0072 
 H195.6_2004  1 0.0038 0.0025 0.0038 0.0049 0.0026 0.0032 0.0040 0.0042 0.0023 0.0046 0.9438 0.0027 0.0031 0.0028 0.0033 0.0025 0.0029 0.0030 
 H195.7_2003  1 0.0047 0.0134 0.0038 0.0192 0.0152 0.0187 0.0186 0.0100 0.0062 0.0454 0.7726 0.0057 0.0159 0.0058 0.0082 0.0052 0.0203 0.0111 
 H195.7_2004  1 0.0030 0.0030 0.0026 0.0040 0.0031 0.0027 0.0028 0.0027 0.0037 0.0027 0.9477 0.0034 0.0032 0.0020 0.0029 0.0037 0.0041 0.0025 
      H195.8  1 0.0025 0.0027 0.0025 0.0047 0.0028 0.0030 0.0022 0.0021 0.0040 0.0038 0.9470 0.0040 0.0033 0.0023 0.0034 0.0035 0.0034 0.0027 
      H195.9  1 0.0037 0.0041 0.0027 0.0050 0.0061 0.0042 0.0038 0.0035 0.0022 0.0069 0.9339 0.0024 0.0043 0.0025 0.0046 0.0041 0.0032 0.0031 
      H415.1  1 0.0034 0.0032 0.0048 0.0062 0.0049 0.0039 0.9098 0.0064 0.0137 0.0058 0.0038 0.0049 0.0046 0.0036 0.0020 0.0094 0.0064 0.0032 
      H415.2  1 0.0582 0.0068 0.0077 0.0094 0.0042 0.0252 0.7844 0.0090 0.0134 0.0150 0.0042 0.0037 0.0158 0.0050 0.0023 0.0067 0.0125 0.0165 
      H415.3  1 0.0035 0.0053 0.0119 0.0042 0.0070 0.0033 0.9248 0.0029 0.0032 0.0029 0.0035 0.0027 0.0056 0.0033 0.0025 0.0051 0.0043 0.0042 
      H415.4  1 0.0037 0.0024 0.0026 0.0045 0.0043 0.0025 0.9454 0.0043 0.0039 0.0039 0.0030 0.0022 0.0032 0.0032 0.0023 0.0034 0.0026 0.0026 
      H415.5  1 0.0044 0.0028 0.0033 0.0036 0.0063 0.0021 0.9458 0.0033 0.0023 0.0029 0.0043 0.0025 0.0039 0.0022 0.0021 0.0036 0.0022 0.0025 
      H415.6  1 0.0039 0.0025 0.0020 0.0038 0.0042 0.0029 0.9423 0.0041 0.0050 0.0043 0.0034 0.0021 0.0035 0.0032 0.0020 0.0056 0.0023 0.0029 
      H415.7  1 0.0254 0.0048 0.0156 0.0101 0.0056 0.0206 0.8563 0.0041 0.0049 0.0073 0.0059 0.0023 0.0073 0.0032 0.0041 0.0043 0.0099 0.0083 
      H506.1  1 0.0026 0.0042 0.9524 0.0019 0.0035 0.0026 0.0023 0.0040 0.0016 0.0026 0.0028 0.0031 0.0030 0.0028 0.0033 0.0020 0.0024 0.0028 
      H506.2  1 0.0022 0.0033 0.9479 0.0027 0.0046 0.0031 0.0029 0.0035 0.0020 0.0026 0.0069 0.0022 0.0028 0.0031 0.0030 0.0025 0.0019 0.0028 
      H506.3  1 0.0031 0.0057 0.8979 0.0055 0.0031 0.0040 0.0045 0.0136 0.0046 0.0040 0.0071 0.0021 0.0142 0.0032 0.0035 0.0056 0.0129 0.0053 
      H506.4  1 0.0050 0.0035 0.9241 0.0028 0.0058 0.0073 0.0046 0.0042 0.0040 0.0047 0.0027 0.0025 0.0044 0.0019 0.0091 0.0051 0.0037 0.0043 
      H506.5  1 0.0029 0.0030 0.9435 0.0038 0.0041 0.0036 0.0038 0.0037 0.0025 0.0027 0.0045 0.0022 0.0036 0.0028 0.0047 0.0028 0.0019 0.0038 
      H506.6  1 0.0029 0.0042 0.8569 0.0165 0.0036 0.0177 0.0066 0.0039 0.0056 0.0068 0.0286 0.0026 0.0131 0.0035 0.0064 0.0055 0.0099 0.0057 
      H506.7  1 0.0031 0.0043 0.9468 0.0027 0.0045 0.0026 0.0027 0.0039 0.0017 0.0025 0.0052 0.0024 0.0040 0.0023 0.0034 0.0024 0.0023 0.0032 
      H533.1  1 0.0024 0.0028 0.9344 0.0020 0.0084 0.0022 0.0027 0.0061 0.0018 0.0022 0.0031 0.0024 0.0060 0.0101 0.0034 0.0056 0.0023 0.0022 
      H533.2  1 0.0021 0.0035 0.9262 0.0029 0.0094 0.0025 0.0039 0.0060 0.0020 0.0023 0.0026 0.0026 0.0093 0.0094 0.0038 0.0069 0.0018 0.0027 
      H533.3  1 0.0022 0.0047 0.9397 0.0021 0.0059 0.0077 0.0028 0.0050 0.0027 0.0033 0.0028 0.0023 0.0037 0.0034 0.0028 0.0033 0.0027 0.0029 
      H533.4  1 0.0033 0.0045 0.8754 0.0035 0.0110 0.0186 0.0062 0.0026 0.0036 0.0114 0.0229 0.0035 0.0100 0.0041 0.0085 0.0049 0.0032 0.0025 
      H535.1  1 0.0045 0.0026 0.0035 0.0025 0.0034 0.0033 0.0038 0.0032 0.0035 0.0038 0.0027 0.0025 0.0034 0.0020 0.9491 0.0024 0.0019 0.0019 
      H535.2  1 0.0025 0.0039 0.0033 0.0040 0.0024 0.0028 0.0024 0.0036 0.0021 0.0034 0.0028 0.0026 0.0048 0.0029 0.9487 0.0026 0.0020 0.0036 
      H535.3  1 0.0026 0.0032 0.0028 0.0025 0.0023 0.0026 0.0020 0.0038 0.0021 0.0025 0.0034 0.0032 0.0033 0.0031 0.9537 0.0022 0.0021 0.0027 
      H535.4  1 0.0022 0.0027 0.0033 0.0034 0.0031 0.0025 0.0030 0.0028 0.0021 0.0028 0.0034 0.0024 0.0024 0.0025 0.9534 0.0025 0.0023 0.0032 
      H535.5  1 0.0024 0.0027 0.0031 0.0027 0.0036 0.0030 0.0032 0.0029 0.0022 0.0028 0.0023 0.0020 0.0029 0.0031 0.9551 0.0021 0.0020 0.0022 
      H535.6  1 0.0081 0.0043 0.0033 0.0031 0.0022 0.0057 0.0033 0.0054 0.0068 0.0052 0.0043 0.0032 0.0053 0.0024 0.9296 0.0034 0.0019 0.0024 
      H535.7  1 0.0018 0.0019 0.0025 0.0019 0.0027 0.0022 0.0019 0.0028 0.0019 0.0027 0.0023 0.0022 0.0027 0.0024 0.9625 0.0019 0.0019 0.0018 
      H535.8  1 0.0028 0.0035 0.0025 0.0040 0.0027 0.0030 0.0025 0.0040 0.0034 0.0040 0.0027 0.0028 0.0027 0.0034 0.9492 0.0019 0.0026 0.0026 
      H535.9  1 0.0032 0.0027 0.0034 0.0024 0.0024 0.0041 0.0027 0.0026 0.0037 0.0027 0.0027 0.0028 0.0029 0.0022 0.9525 0.0024 0.0021 0.0026 
      H539.1  1 0.0059 0.0031 0.0021 0.0024 0.0022 0.0037 0.0030 0.0018 0.9492 0.0033 0.0026 0.0030 0.0030 0.0026 0.0021 0.0052 0.0024 0.0023 
      H539.2  1 0.0053 0.0084 0.0066 0.0135 0.0039 0.0520 0.0056 0.0079 0.7150 0.0192 0.0067 0.0246 0.0084 0.0031 0.0095 0.0800 0.0256 0.0047 
      H539.3  1 0.0047 0.0042 0.0037 0.0056 0.0030 0.0243 0.0034 0.0041 0.8699 0.0190 0.0094 0.0090 0.0037 0.0030 0.0091 0.0124 0.0080 0.0035 
      H539.4  1 0.0047 0.0031 0.0032 0.0046 0.0034 0.0071 0.0043 0.0053 0.8959 0.0033 0.0027 0.0036 0.0048 0.0040 0.0029 0.0348 0.0074 0.0049 
      H539.5  1 0.0032 0.0031 0.0025 0.0029 0.0023 0.0041 0.0024 0.0030 0.9484 0.0035 0.0020 0.0030 0.0032 0.0024 0.0029 0.0059 0.0032 0.0021 
      H539.6  1 0.0067 0.0037 0.0029 0.0024 0.0021 0.0075 0.0028 0.0024 0.9393 0.0047 0.0037 0.0021 0.0034 0.0028 0.0026 0.0061 0.0024 0.0023 
      H539.7  1 0.0045 0.0023 0.0027 0.0023 0.0030 0.0028 0.0052 0.0022 0.9401 0.0038 0.0023 0.0036 0.0036 0.0025 0.0023 0.0080 0.0054 0.0035 
      H539.8  1 0.0038 0.0034 0.0048 0.0082 0.0038 0.0089 0.0044 0.0068 0.8407 0.0139 0.0043 0.0167 0.0036 0.0032 0.0255 0.0317 0.0125 0.0038 
      H539.9  1 0.0024 0.0024 0.0028 0.0040 0.0023 0.0050 0.0033 0.0046 0.9338 0.0029 0.0035 0.0027 0.0037 0.0040 0.0026 0.0114 0.0051 0.0035 
      H540.1  1 0.0040 0.0065 0.0037 0.0032 0.0033 0.0677 0.0032 0.0041 0.8615 0.0051 0.0075 0.0020 0.0069 0.0037 0.0046 0.0044 0.0037 0.0049 
      H540.2  1 0.0036 0.0052 0.0036 0.0039 0.0032 0.0076 0.0056 0.0041 0.9278 0.0069 0.0026 0.0037 0.0047 0.0025 0.0020 0.0044 0.0047 0.0039 
      H540.3  1 0.0043 0.0062 0.0050 0.0315 0.0196 0.0096 0.0316 0.0085 0.7419 0.0290 0.0115 0.0114 0.0434 0.0049 0.0056 0.0200 0.0084 0.0074 
      H540.4  1 0.0071 0.0062 0.0047 0.0036 0.0039 0.0104 0.0107 0.0040 0.8715 0.0032 0.0040 0.0063 0.0168 0.0030 0.0050 0.0208 0.0098 0.0089 
      H540.5  1 0.0051 0.0056 0.0023 0.0063 0.0050 0.0059 0.0067 0.0059 0.9139 0.0056 0.0024 0.0048 0.0077 0.0035 0.0023 0.0036 0.0093 0.0042 
      H540.6  1 0.0079 0.0141 0.0052 0.0069 0.0056 0.0224 0.0050 0.0063 0.8467 0.0082 0.0058 0.0054 0.0218 0.0076 0.0048 0.0046 0.0097 0.0119 
      H540.7  1 0.0060 0.0213 0.0092 0.0042 0.0159 0.0095 0.0132 0.0045 0.8513 0.0123 0.0059 0.0093 0.0106 0.0025 0.0030 0.0085 0.0040 0.0088 
      H540.8  1 0.0121 0.0059 0.0030 0.0029 0.0062 0.0482 0.0252 0.0050 0.8052 0.0464 0.0040 0.0040 0.0093 0.0026 0.0037 0.0055 0.0071 0.0036 
     H9558.1  1 0.0068 0.0027 0.0042 0.0026 0.0020 0.0037 0.0039 0.0023 0.9339 0.0041 0.0033 0.0034 0.0048 0.0061 0.0071 0.0025 0.0040 0.0025 
     H9558.2  1 0.0075 0.0167 0.0105 0.0064 0.0054 0.0055 0.0072 0.0066 0.8582 0.0092 0.0030 0.0072 0.0166 0.0143 0.0068 0.0030 0.0076 0.0082 
     H9558.3  1 0.0024 0.0120 0.0024 0.0076 0.0020 0.0060 0.0044 0.0062 0.8696 0.0060 0.0026 0.0090 0.0065 0.0432 0.0056 0.0040 0.0045 0.0059 
     H9558.4  1 0.0047 0.0025 0.0042 0.0023 0.0025 0.0037 0.0030 0.0022 0.9389 0.0043 0.0018 0.0043 0.0039 0.0040 0.0062 0.0025 0.0064 0.0025 
     H9558.5  1 0.0021 0.0033 0.0021 0.0050 0.0029 0.0028 0.0030 0.0022 0.9324 0.0023 0.0018 0.0071 0.0042 0.0030 0.0071 0.0081 0.0062 0.0042 
     H9558.6  1 0.0039 0.0040 0.0025 0.0048 0.0028 0.0053 0.0065 0.0068 0.8988 0.0062 0.0031 0.0052 0.0083 0.0249 0.0055 0.0042 0.0033 0.0039 
    kos339.1  1 0.0062 0.0266 0.0257 0.0038 0.8568 0.0065 0.0163 0.0043 0.0053 0.0034 0.0023 0.0027 0.0092 0.0053 0.0055 0.0044 0.0029 0.0129 
    kos339.2  1 0.0040 0.0084 0.0101 0.0077 0.9109 0.0026 0.0062 0.0042 0.0034 0.0038 0.0052 0.0028 0.0040 0.0038 0.0043 0.0038 0.0034 0.0114 
    kos339.3  1 0.0028 0.0039 0.0045 0.0023 0.9436 0.0050 0.0040 0.0032 0.0028 0.0036 0.0031 0.0029 0.0031 0.0023 0.0056 0.0027 0.0024 0.0023 
    kos339.4  1 0.0038 0.0039 0.0045 0.0027 0.9383 0.0040 0.0058 0.0030 0.0034 0.0038 0.0038 0.0034 0.0037 0.0026 0.0045 0.0033 0.0031 0.0024 
    kos339.5  1 0.0065 0.0399 0.0146 0.0027 0.8878 0.0033 0.0039 0.0043 0.0039 0.0032 0.0026 0.0032 0.0052 0.0035 0.0026 0.0043 0.0028 0.0056 
    kos339.6  1 0.0032 0.0078 0.0071 0.0045 0.9301 0.0031 0.0053 0.0027 0.0034 0.0055 0.0042 0.0024 0.0041 0.0030 0.0023 0.0028 0.0032 0.0054 
    kos339.7  1 0.0032 0.0026 0.0051 0.0029 0.9388 0.0030 0.0054 0.0034 0.0022 0.0028 0.0037 0.0028 0.0035 0.0022 0.0096 0.0033 0.0031 0.0024 
    kos339.8  1 0.0031 0.0070 0.0196 0.0044 0.9166 0.0030 0.0087 0.0033 0.0027 0.0033 0.0037 0.0027 0.0042 0.0026 0.0036 0.0036 0.0032 0.0047 
    kos339.9  1 0.0345 0.0215 0.0084 0.0084 0.8263 0.0071 0.0078 0.0088 0.0109 0.0065 0.0088 0.0030 0.0164 0.0069 0.0041 0.0098 0.0053 0.0054 
      H409.1 12 0.0030 0.0041 0.0035 0.0030 0.0062 0.0019 0.0044 0.9441 0.0018 0.0034 0.0030 0.0026 0.0047 0.0026 0.0026 0.0024 0.0037 0.0032 
     H409.10 12 0.0046 0.0064 0.0256 0.0066 0.0057 0.0041 0.0124 0.8679 0.0067 0.0023 0.0036 0.0085 0.0066 0.0024 0.0033 0.0097 0.0147 0.0090 
      H409.2 12 0.0059 0.0033 0.0050 0.0119 0.0055 0.0037 0.0158 0.9111 0.0036 0.0045 0.0037 0.0023 0.0033 0.0025 0.0089 0.0024 0.0034 0.0032 
      H409.3 12 0.0029 0.0034 0.0039 0.0045 0.0035 0.0033 0.0035 0.9381 0.0031 0.0070 0.0036 0.0030 0.0027 0.0044 0.0034 0.0033 0.0034 0.0030 
      H409.4 12 0.0022 0.0032 0.0028 0.0036 0.0030 0.0022 0.0028 0.9510 0.0030 0.0041 0.0025 0.0028 0.0029 0.0034 0.0026 0.0024 0.0026 0.0028 
      H409.5 12 0.0033 0.0044 0.0035 0.0037 0.0027 0.0050 0.0045 0.9416 0.0036 0.0031 0.0032 0.0026 0.0025 0.0032 0.0038 0.0037 0.0026 0.0030 
      H409.6 12 0.0042 0.0123 0.0080 0.0065 0.0030 0.0099 0.0029 0.8347 0.0054 0.0070 0.0056 0.0076 0.0104 0.0513 0.0088 0.0081 0.0050 0.0091 
      H409.7 12 0.0034 0.0057 0.0034 0.0073 0.0069 0.0023 0.0046 0.9236 0.0025 0.0067 0.0051 0.0036 0.0050 0.0048 0.0029 0.0024 0.0045 0.0054 
      H409.8 12 0.0037 0.0075 0.0049 0.0029 0.0032 0.0046 0.0044 0.9329 0.0031 0.0031 0.0029 0.0041 0.0040 0.0030 0.0030 0.0036 0.0022 0.0068 
      H409.9 12 0.0048 0.0057 0.1266 0.0060 0.0028 0.0137 0.0072 0.4093 0.2900 0.0048 0.0051 0.0225 0.0323 0.0054 0.0111 0.0228 0.0042 0.0258 
      H413.1 12 0.0022 0.0034 0.0017 0.0029 0.0039 0.0023 0.0023 0.0026 0.0024 0.0027 0.0019 0.9488 0.0038 0.0044 0.0028 0.0038 0.0029 0.0052 
      H413.2 12 0.0024 0.0030 0.0030 0.0023 0.0042 0.0021 0.0024 0.0020 0.0022 0.0027 0.0020 0.9533 0.0028 0.0051 0.0026 0.0029 0.0024 0.0026 
      H413.3 12 0.0024 0.0023 0.0031 0.0026 0.0017 0.0033 0.0023 0.0028 0.0026 0.0040 0.0017 0.9531 0.0033 0.0034 0.0017 0.0022 0.0030 0.0045 
      H413.4 12 0.0030 0.0068 0.0037 0.0067 0.0051 0.0017 0.0031 0.0039 0.0028 0.0050 0.0032 0.9333 0.0049 0.0036 0.0018 0.0035 0.0022 0.0058 
      H413.5 12 0.0102 0.0055 0.0023 0.0027 0.0023 0.0023 0.0021 0.0019 0.0151 0.0028 0.0025 0.9234 0.0040 0.0026 0.0021 0.0125 0.0031 0.0024 
      H413.6 12 0.0023 0.0199 0.0022 0.0068 0.0033 0.0024 0.0029 0.0046 0.0103 0.0045 0.0036 0.8967 0.0050 0.0051 0.0026 0.0076 0.0146 0.0055 
      H413.7 12 0.0022 0.0032 0.0024 0.0034 0.0024 0.0025 0.0025 0.0023 0.0031 0.0027 0.0023 0.9562 0.0026 0.0023 0.0023 0.0022 0.0025 0.0028 
      H563.1 12 0.0020 0.0039 0.0027 0.0063 0.0024 0.0031 0.0027 0.0050 0.0105 0.0029 0.0024 0.0094 0.0030 0.0033 0.0020 0.0040 0.0041 0.9301 
      H563.2 12 0.0071 0.0044 0.0046 0.0097 0.0061 0.0039 0.0078 0.0098 0.0052 0.0104 0.0038 0.0093 0.0065 0.0047 0.0036 0.0056 0.0054 0.8922 
      H563.3 12 0.0020 0.0079 0.0032 0.0057 0.0026 0.0052 0.0027 0.0032 0.0074 0.0026 0.0029 0.0037 0.0042 0.0032 0.0018 0.0037 0.0026 0.9353 
      H563.4 12 0.0034 0.0037 0.0045 0.0047 0.0051 0.0054 0.0032 0.0070 0.0045 0.0054 0.0029 0.0144 0.0037 0.0103 0.0034 0.0055 0.0064 0.9065 
      H563.5 12 0.0020 0.0060 0.0021 0.0072 0.0027 0.0044 0.0027 0.0028 0.0077 0.0024 0.0027 0.0044 0.0032 0.0029 0.0017 0.0042 0.0045 0.9362 
      H563.6 12 0.0033 0.0089 0.0037 0.0094 0.0113 0.0034 0.0044 0.0047 0.0041 0.0051 0.0034 0.0054 0.0054 0.0052 0.0028 0.0049 0.0032 0.9112 
      H563.7 12 0.0026 0.0076 0.0032 0.0098 0.0104 0.0022 0.0046 0.0046 0.0025 0.0041 0.0031 0.0092 0.0043 0.0054 0.0021 0.0029 0.0021 0.9192 
      H563.8 12 0.0029 0.0073 0.0031 0.0118 0.0036 0.0049 0.0032 0.0041 0.0148 0.0044 0.0025 0.0059 0.0054 0.0042 0.0017 0.0037 0.0055 0.9109 
      H563.9 12 0.0049 0.0063 0.0045 0.0038 0.0076 0.0036 0.0075 0.0174 0.0043 0.0088 0.0041 0.0085 0.0060 0.0052 0.0022 0.0053 0.0046 0.8955 
     H7374.1 12 0.0034 0.0032 0.0029 0.9215 0.0036 0.0059 0.0066 0.0050 0.0038 0.0067 0.0059 0.0033 0.0038 0.0102 0.0035 0.0038 0.0030 0.0039 
     H7374.2 12 0.0031 0.0037 0.0035 0.9144 0.0021 0.0075 0.0061 0.0060 0.0081 0.0059 0.0041 0.0063 0.0055 0.0047 0.0034 0.0037 0.0058 0.0062 
     H7374.3 12 0.0052 0.0049 0.0048 0.8669 0.0040 0.0072 0.0169 0.0068 0.0072 0.0193 0.0170 0.0035 0.0081 0.0077 0.0044 0.0034 0.0036 0.0091 
     H7374.4 12 0.0036 0.0034 0.0024 0.9329 0.0057 0.0027 0.0040 0.0042 0.0054 0.0052 0.0029 0.0050 0.0033 0.0030 0.0044 0.0037 0.0052 0.0030 
     H7374.5 12 0.0039 0.0045 0.0027 0.9378 0.0045 0.0042 0.0032 0.0028 0.0062 0.0026 0.0034 0.0029 0.0034 0.0054 0.0024 0.0034 0.0022 0.0044 
     H7374.6 12 0.0065 0.0064 0.0049 0.8748 0.0082 0.0052 0.0195 0.0052 0.0075 0.0121 0.0105 0.0036 0.0069 0.0035 0.0080 0.0043 0.0042 0.0088 
     H7374.7 12 0.0027 0.0044 0.0026 0.9435 0.0040 0.0025 0.0027 0.0037 0.0024 0.0043 0.0035 0.0040 0.0045 0.0029 0.0040 0.0024 0.0029 0.0030 
     H7374.8 12 0.0032 0.0050 0.0038 0.9331 0.0053 0.0034 0.0049 0.0046 0.0025 0.0045 0.0052 0.0030 0.0034 0.0055 0.0028 0.0024 0.0027 0.0050 
     H7374.9 12 0.0044 0.0049 0.0028 0.9319 0.0042 0.0028 0.0029 0.0027 0.0083 0.0038 0.0031 0.0039 0.0041 0.0043 0.0024 0.0040 0.0049 0.0048 
     H9563.1 12 0.0037 0.0034 0.0037 0.0031 0.0042 0.0043 0.0053 0.0030 0.0049 0.0040 0.0036 0.0041 0.0032 0.0026 0.0025 0.0043 0.0033 0.9368 
     H9563.2 12 0.0029 0.0028 0.0025 0.0029 0.0022 0.0063 0.0052 0.0024 0.0071 0.0027 0.0031 0.0039 0.0035 0.0044 0.0031 0.0044 0.0035 0.9370 
     H9563.3 12 0.0027 0.0035 0.0073 0.0041 0.0038 0.0036 0.0046 0.0058 0.0023 0.0048 0.0052 0.0021 0.0036 0.0078 0.0049 0.0045 0.0041 0.9254 
     H9563.4 12 0.0042 0.0063 0.0067 0.0061 0.0063 0.0071 0.0118 0.0126 0.0065 0.0188 0.0092 0.0053 0.0072 0.0069 0.0178 0.0102 0.0050 0.8521 
     H9563.5 12 0.0052 0.0035 0.0083 0.0028 0.0055 0.0087 0.0048 0.0082 0.0044 0.0065 0.0046 0.0029 0.0055 0.0043 0.0048 0.0097 0.0039 0.9064 
     H9563.6 12 0.0022 0.0072 0.0067 0.0058 0.0028 0.0043 0.0037 0.0042 0.0027 0.0042 0.0052 0.0039 0.0032 0.0148 0.0046 0.0062 0.0031 0.9150 
     H9563.7 12 0.0022 0.0032 0.0040 0.0044 0.0020 0.0047 0.0030 0.0032 0.0027 0.0033 0.0037 0.0033 0.0023 0.0094 0.0076 0.0030 0.0027 0.9353 
     H9563.8 12 0.0040 0.0040 0.0113 0.0029 0.0089 0.0068 0.0252 0.0082 0.0057 0.0107 0.0052 0.0034 0.0122 0.0092 0.0045 0.0481 0.0095 0.8203 
     H9563.9 12 0.0035 0.0049 0.0096 0.0042 0.0044 0.0041 0.0092 0.0031 0.0050 0.0049 0.0038 0.0043 0.0071 0.0090 0.0032 0.0107 0.0054 0.9034 
     H9572.1 12 0.0067 0.8230 0.0080 0.0098 0.0040 0.0079 0.0045 0.0053 0.0259 0.0110 0.0063 0.0092 0.0072 0.0042 0.0059 0.0171 0.0042 0.0398 
     H9572.2 12 0.0183 0.6716 0.0050 0.0208 0.0051 0.0137 0.0148 0.0088 0.0077 0.0167 0.0362 0.0063 0.0332 0.0101 0.0026 0.0258 0.0037 0.0996 
     H9572.3 12 0.0078 0.6845 0.0058 0.0553 0.0312 0.0615 0.0126 0.0258 0.0155 0.0082 0.0047 0.0059 0.0350 0.0158 0.0112 0.0042 0.0035 0.0113 
     H9572.4 12 0.0036 0.9268 0.0035 0.0059 0.0065 0.0059 0.0020 0.0045 0.0051 0.0056 0.0036 0.0042 0.0057 0.0033 0.0045 0.0026 0.0021 0.0046 
     H9572.5 12 0.0044 0.8981 0.0059 0.0020 0.0120 0.0176 0.0024 0.0038 0.0060 0.0084 0.0063 0.0023 0.0100 0.0060 0.0037 0.0039 0.0026 0.0046 
