      H105.1  1 0.0042 0.0074 0.0045 0.0161 0.0040 0.0062 0.0061 0.0039 0.0033 0.0043 0.0056 0.9343 
      H105.2  1 0.0122 0.0142 0.0029 0.0058 0.0088 0.0040 0.0102 0.0049 0.0079 0.0050 0.0106 0.9136 
      H105.3  1 0.0046 0.0065 0.0048 0.0147 0.0021 0.0032 0.0049 0.0037 0.0029 0.0028 0.0039 0.9458 
      H105.4  1 0.0142 0.0109 0.0083 0.0098 0.0057 0.0044 0.0123 0.0072 0.0037 0.0047 0.0143 0.9044 
      H105.5  1 0.0158 0.0096 0.0057 0.0085 0.0180 0.0057 0.0126 0.0038 0.0033 0.0130 0.0410 0.8630 
      H105.6  1 0.0077 0.0042 0.0071 0.0053 0.0041 0.0048 0.0109 0.0066 0.0042 0.0070 0.0061 0.9319 
      H105.7  1 0.0063 0.0084 0.0042 0.0313 0.0057 0.0045 0.0056 0.0041 0.0043 0.0043 0.0086 0.9128 
      H105.8  1 0.0049 0.0099 0.0027 0.0046 0.0034 0.0026 0.0061 0.0034 0.0031 0.0042 0.0044 0.9504 
      H115.1  1 0.9087 0.0064 0.0035 0.0085 0.0059 0.0073 0.0128 0.0032 0.0086 0.0149 0.0090 0.0112 
      H115.2  1 0.8984 0.0045 0.0042 0.0062 0.0062 0.0052 0.0047 0.0026 0.0090 0.0442 0.0092 0.0054 
      H115.3  1 0.9434 0.0026 0.0037 0.0088 0.0030 0.0053 0.0033 0.0054 0.0061 0.0110 0.0037 0.0037 
      H115.4  1 0.9025 0.0292 0.0059 0.0056 0.0124 0.0109 0.0036 0.0048 0.0091 0.0060 0.0052 0.0048 
      H115.5  1 0.8665 0.0064 0.0140 0.0055 0.0050 0.0318 0.0073 0.0113 0.0054 0.0183 0.0067 0.0216 
      H115.6  1 0.8658 0.0034 0.0052 0.0128 0.0049 0.0154 0.0068 0.0025 0.0427 0.0273 0.0091 0.0040 
      H115.7  1 0.8940 0.0045 0.0056 0.0083 0.0124 0.0085 0.0117 0.0032 0.0107 0.0126 0.0148 0.0137 
      H115.8  1 0.9320 0.0043 0.0030 0.0071 0.0057 0.0073 0.0046 0.0018 0.0082 0.0154 0.0044 0.0063 
      H115.9  1 0.8082 0.0117 0.0036 0.0097 0.0049 0.0074 0.0184 0.0044 0.0060 0.1099 0.0063 0.0097 
      H145.1  1 0.0056 0.0040 0.8974 0.0078 0.0044 0.0078 0.0047 0.0055 0.0272 0.0070 0.0260 0.0025 
      H145.2  1 0.0074 0.0052 0.9397 0.0062 0.0026 0.0061 0.0038 0.0045 0.0093 0.0064 0.0061 0.0026 
      H145.3  1 0.0036 0.0029 0.9191 0.0035 0.0027 0.0031 0.0041 0.0051 0.0444 0.0030 0.0056 0.0030 
      H145.4  1 0.0043 0.0036 0.9379 0.0064 0.0039 0.0050 0.0065 0.0036 0.0085 0.0050 0.0128 0.0027 
      H145.5  1 0.0039 0.0028 0.8635 0.0047 0.0034 0.0057 0.0031 0.0025 0.0955 0.0036 0.0081 0.0032 
      H145.6  1 0.0030 0.0038 0.9610 0.0056 0.0023 0.0044 0.0026 0.0033 0.0038 0.0026 0.0048 0.0028 
      H145.7  1 0.0034 0.0029 0.9607 0.0045 0.0024 0.0054 0.0040 0.0035 0.0041 0.0020 0.0053 0.0019 
      H149.1  1 0.0030 0.0028 0.0032 0.0032 0.0030 0.9644 0.0036 0.0030 0.0051 0.0027 0.0035 0.0025 
      H149.2  1 0.0042 0.0034 0.0067 0.0048 0.0034 0.9487 0.0058 0.0038 0.0055 0.0028 0.0073 0.0034 
      H149.3  1 0.0396 0.0187 0.0337 0.0621 0.0163 0.7401 0.0108 0.0111 0.0173 0.0045 0.0365 0.0092 
      H149.4  1 0.0031 0.0171 0.0031 0.0084 0.0050 0.9365 0.0043 0.0036 0.0061 0.0032 0.0042 0.0054 
      H149.5  1 0.0047 0.0358 0.0193 0.0712 0.0169 0.7912 0.0102 0.0128 0.0049 0.0025 0.0178 0.0127 
      H149.6  1 0.0029 0.0037 0.0069 0.0078 0.0051 0.9486 0.0039 0.0042 0.0035 0.0023 0.0052 0.0059 
      H149.7  1 0.0134 0.0525 0.0067 0.0398 0.0919 0.7151 0.0157 0.0065 0.0124 0.0035 0.0288 0.0137 
      H150.1  1 0.7600 0.0031 0.0052 0.0055 0.0038 0.0025 0.0070 0.0021 0.0041 0.1952 0.0057 0.0058 
      H150.2  1 0.8936 0.0042 0.0038 0.0054 0.0068 0.0053 0.0047 0.0033 0.0114 0.0514 0.0049 0.0051 
      H150.3  1 0.2438 0.0036 0.0066 0.0093 0.0176 0.0060 0.0114 0.0023 0.0560 0.6171 0.0100 0.0163 
      H150.4  1 0.1396 0.0035 0.0064 0.0062 0.0083 0.0030 0.0068 0.0018 0.0117 0.8024 0.0053 0.0051 
      H150.5  1 0.9039 0.0033 0.0045 0.0132 0.0086 0.0050 0.0065 0.0033 0.0057 0.0332 0.0072 0.0057 
      H150.6  1 0.9292 0.0064 0.0096 0.0046 0.0079 0.0043 0.0088 0.0037 0.0044 0.0105 0.0062 0.0044 
      H150.7  1 0.3540 0.0058 0.0050 0.0063 0.0035 0.0053 0.0042 0.0020 0.0250 0.5716 0.0069 0.0103 
   H169607.1  1 0.0348 0.0314 0.0583 0.0084 0.0152 0.0084 0.0075 0.0047 0.0661 0.0525 0.7003 0.0124 
   H169607.2  1 0.0074 0.0056 0.0131 0.0057 0.0053 0.0045 0.0034 0.0080 0.0113 0.0265 0.9020 0.0071 
   H169607.3  1 0.0277 0.0209 0.0246 0.0077 0.0103 0.0044 0.0063 0.0058 0.0411 0.0130 0.8313 0.0071 
   H169607.4  1 0.0044 0.0026 0.0205 0.0052 0.0029 0.0034 0.0032 0.0040 0.0275 0.0116 0.9111 0.0036 
   H169607.5  1 0.0065 0.0043 0.0069 0.0060 0.0050 0.0029 0.0030 0.0047 0.0047 0.0127 0.9395 0.0039 
   H169607.6  1 0.0043 0.0107 0.0075 0.0038 0.0051 0.0033 0.0031 0.0062 0.0224 0.0208 0.9001 0.0128 
   H169607.7  1 0.0404 0.0393 0.0128 0.0080 0.0266 0.0044 0.0027 0.0037 0.0204 0.0099 0.8206 0.0112 
   H169607.8  1 0.0052 0.0040 0.0082 0.0053 0.0044 0.0031 0.0045 0.0039 0.0089 0.0067 0.9390 0.0068 
   H169633.1  1 0.0051 0.0043 0.0124 0.0075 0.0236 0.9152 0.0049 0.0050 0.0044 0.0051 0.0050 0.0076 
   H169633.2  1 0.0082 0.0078 0.0152 0.0052 0.0189 0.8824 0.0330 0.0074 0.0028 0.0023 0.0033 0.0136 
   H169633.3  1 0.0079 0.0054 0.0065 0.0059 0.0061 0.9247 0.0078 0.0083 0.0052 0.0079 0.0093 0.0050 
   H169633.4  1 0.0065 0.0047 0.0086 0.0075 0.0036 0.9195 0.0063 0.0097 0.0054 0.0071 0.0135 0.0074 
   H169633.5  1 0.0061 0.0045 0.0078 0.0075 0.0036 0.9248 0.0063 0.0084 0.0047 0.0075 0.0102 0.0086 
   H169688.1  1 0.0043 0.0136 0.0085 0.0032 0.8848 0.0051 0.0050 0.0142 0.0303 0.0080 0.0118 0.0115 
   H169688.2  1 0.0028 0.0068 0.0031 0.0041 0.9475 0.0031 0.0084 0.0038 0.0027 0.0032 0.0053 0.0091 
   H169688.3  1 0.0025 0.0036 0.0035 0.0033 0.9619 0.0037 0.0058 0.0023 0.0030 0.0036 0.0038 0.0030 
   H169688.4  1 0.0039 0.0023 0.0030 0.0025 0.9672 0.0025 0.0044 0.0021 0.0026 0.0044 0.0027 0.0024 
   H169688.5  1 0.0049 0.0022 0.0033 0.0025 0.9660 0.0030 0.0042 0.0025 0.0027 0.0039 0.0028 0.0020 
   H169688.6  1 0.0025 0.0327 0.0031 0.0027 0.9323 0.0052 0.0026 0.0052 0.0035 0.0028 0.0038 0.0035 
   H169688.7  1 0.0104 0.0040 0.0176 0.0053 0.9182 0.0052 0.0108 0.0020 0.0108 0.0065 0.0050 0.0042 
   H171901.1  1 0.2706 0.0184 0.0565 0.0405 0.0224 0.0165 0.0073 0.0028 0.0131 0.0340 0.2820 0.2358 
   H171901.2  1 0.0173 0.0041 0.0092 0.0092 0.0062 0.8540 0.0046 0.0041 0.0063 0.0224 0.0415 0.0213 
   H171901.3  1 0.0304 0.0101 0.0090 0.0070 0.0312 0.7789 0.0079 0.0087 0.0046 0.0237 0.0659 0.0226 
   H171901.4  1 0.0252 0.0054 0.0069 0.0047 0.0054 0.8864 0.0065 0.0059 0.0073 0.0108 0.0161 0.0194 
   H171901.5  1 0.0464 0.0080 0.0113 0.0060 0.0051 0.8325 0.0097 0.0042 0.0113 0.0145 0.0377 0.0133 
   H171901.6  1 0.0667 0.0286 0.0225 0.0063 0.0152 0.7117 0.0165 0.0082 0.0295 0.0302 0.0490 0.0155 
   H171901.7  1 0.0288 0.0159 0.0213 0.0076 0.1064 0.6228 0.0107 0.0179 0.0068 0.0155 0.1389 0.0072 
   H171902.1  1 0.0034 0.0031 0.0036 0.0028 0.0031 0.0044 0.0032 0.0026 0.9644 0.0036 0.0037 0.0021 
  H171902.10  1 0.0052 0.0037 0.0023 0.0034 0.0049 0.0039 0.0025 0.0026 0.9619 0.0027 0.0042 0.0027 
   H171902.2  1 0.0047 0.0046 0.0047 0.0031 0.0050 0.0089 0.0035 0.0025 0.9523 0.0031 0.0035 0.0041 
   H171902.3  1 0.0044 0.0038 0.0038 0.0027 0.0038 0.0131 0.0039 0.0031 0.9492 0.0056 0.0041 0.0027 
   H171902.4  1 0.0032 0.0030 0.0034 0.0031 0.0028 0.0135 0.0030 0.0020 0.9568 0.0030 0.0033 0.0026 
   H171902.6  1 0.0035 0.0036 0.0027 0.0025 0.0021 0.0039 0.0029 0.0029 0.9661 0.0044 0.0032 0.0022 
   H171902.7  1 0.0100 0.0037 0.0045 0.0041 0.0054 0.0090 0.0038 0.0022 0.9224 0.0030 0.0273 0.0046 
   H171902.8  1 0.0037 0.0039 0.0035 0.0026 0.0036 0.0068 0.0033 0.0030 0.9550 0.0064 0.0045 0.0038 
   H171902.9  1 0.0034 0.0026 0.0039 0.0030 0.0028 0.0027 0.0032 0.0027 0.9611 0.0082 0.0035 0.0028 
   H171903.1  1 0.0522 0.0072 0.0069 0.0087 0.0095 0.0071 0.0044 0.0045 0.0038 0.0366 0.8510 0.0081 
   H171903.2  1 0.0442 0.0064 0.0077 0.0199 0.0080 0.0045 0.0097 0.0113 0.0038 0.0221 0.8490 0.0134 
   H171903.3  1 0.0177 0.0049 0.0033 0.0081 0.0097 0.0061 0.0083 0.0070 0.0037 0.0172 0.9021 0.0119 
   H171903.4  1 0.0356 0.0036 0.0083 0.0098 0.1364 0.0039 0.0047 0.0038 0.0288 0.0131 0.7463 0.0056 
   H171903.5  1 0.0406 0.0086 0.0060 0.0174 0.1246 0.0471 0.0187 0.0094 0.0067 0.0630 0.6382 0.0200 
   H171903.6  1 0.0151 0.0057 0.0054 0.0050 0.3792 0.0164 0.0060 0.0143 0.0062 0.0128 0.5308 0.0030 
      H177.1  1 0.0115 0.0220 0.0045 0.0036 0.0129 0.0110 0.0059 0.0117 0.0093 0.0082 0.8956 0.0038 
      H177.2  1 0.0161 0.0685 0.0671 0.0084 0.0089 0.0390 0.0151 0.0058 0.0062 0.0151 0.7474 0.0023 
      H177.3  1 0.0174 0.0271 0.0149 0.0056 0.0090 0.0293 0.0064 0.0130 0.0162 0.0096 0.8487 0.0028 
      H177.4  1 0.0050 0.2756 0.0104 0.0110 0.0042 0.0117 0.0057 0.0415 0.0122 0.0044 0.6153 0.0031 
      H177.5  1 0.0191 0.0494 0.0070 0.0167 0.0164 0.0140 0.0210 0.0062 0.0085 0.0078 0.8278 0.0060 
      H177.6  1 0.0199 0.0510 0.0104 0.0043 0.0118 0.1103 0.0087 0.0102 0.0135 0.0138 0.7432 0.0030 
      H179.1  1 0.0090 0.8831 0.0037 0.0078 0.0230 0.0052 0.0367 0.0030 0.0047 0.0079 0.0076 0.0084 
      H179.2  1 0.0113 0.8390 0.0034 0.0029 0.0447 0.0076 0.0443 0.0194 0.0090 0.0054 0.0072 0.0058 
      H179.3  1 0.0172 0.7340 0.0049 0.0100 0.1731 0.0047 0.0144 0.0057 0.0059 0.0144 0.0116 0.0043 
      H179.4  1 0.0061 0.7170 0.0121 0.0052 0.0412 0.0222 0.0179 0.0665 0.0062 0.0053 0.0883 0.0119 
      H180.1  1 0.9335 0.0221 0.0024 0.0025 0.0048 0.0031 0.0053 0.0028 0.0089 0.0044 0.0049 0.0053 
      H180.2  1 0.9561 0.0057 0.0031 0.0023 0.0046 0.0031 0.0065 0.0035 0.0035 0.0032 0.0043 0.0041 
      H180.3  1 0.9474 0.0038 0.0049 0.0032 0.0054 0.0041 0.0078 0.0040 0.0033 0.0096 0.0032 0.0033 
      H180.4  1 0.9472 0.0087 0.0036 0.0036 0.0029 0.0050 0.0045 0.0034 0.0052 0.0049 0.0051 0.0059 
      H180.5  1 0.9542 0.0081 0.0043 0.0030 0.0051 0.0038 0.0026 0.0035 0.0044 0.0031 0.0045 0.0034 
      H180.6  1 0.9338 0.0060 0.0103 0.0034 0.0041 0.0107 0.0051 0.0038 0.0059 0.0072 0.0050 0.0047 
      H181.1  1 0.0424 0.5294 0.0124 0.0081 0.0278 0.1620 0.0121 0.0062 0.0388 0.0146 0.0511 0.0950 
      H181.2  1 0.0477 0.7052 0.0596 0.0109 0.0076 0.0254 0.0103 0.0067 0.0496 0.0140 0.0339 0.0292 
      H181.3  1 0.0215 0.6274 0.0222 0.0151 0.0123 0.0771 0.0050 0.0039 0.0995 0.0156 0.0208 0.0796 
      H181.4  1 0.1243 0.2126 0.0436 0.0423 0.0262 0.1591 0.0456 0.0190 0.0136 0.1822 0.0832 0.0483 
      H181.5  1 0.0044 0.8970 0.0038 0.0097 0.0165 0.0137 0.0094 0.0043 0.0119 0.0049 0.0060 0.0184 
      H181.6  1 0.0313 0.8846 0.0053 0.0071 0.0041 0.0076 0.0104 0.0075 0.0061 0.0144 0.0099 0.0117 
      H181.7  1 0.0053 0.8964 0.0045 0.0048 0.0193 0.0168 0.0077 0.0069 0.0041 0.0120 0.0064 0.0159 
 H194.1_2004  1 0.0067 0.0028 0.0088 0.0069 0.0091 0.0058 0.0054 0.0031 0.0070 0.0089 0.9320 0.0035 
 H194.2_2004  1 0.0046 0.0029 0.0162 0.0038 0.0041 0.0040 0.0036 0.0025 0.0051 0.0060 0.9412 0.0058 
 H194.3_2004  1 0.0044 0.0131 0.0213 0.0068 0.0109 0.0285 0.0799 0.0055 0.0080 0.0050 0.8115 0.0050 
 H194.4_2004  1 0.0038 0.0052 0.0485 0.0032 0.0060 0.0153 0.0045 0.0042 0.0110 0.0066 0.8862 0.0055 
 H194.5_2004  1 0.0037 0.0067 0.0097 0.0050 0.0079 0.0181 0.0282 0.0060 0.0061 0.0061 0.8983 0.0042 
 H194.6_2004  1 0.0045 0.0077 0.0096 0.0058 0.0110 0.0210 0.0434 0.0193 0.0160 0.0069 0.8503 0.0045 
 H194.7_2004  1 0.0054 0.0033 0.0113 0.0088 0.0086 0.0034 0.0050 0.0031 0.0030 0.0058 0.9363 0.0060 
 H194.8_2004  1 0.0029 0.0042 0.0154 0.0034 0.0052 0.0143 0.0072 0.0068 0.0095 0.0104 0.9127 0.0082 
      H194.9  1 0.0044 0.0029 0.0198 0.0047 0.0053 0.0083 0.0040 0.0032 0.0067 0.0075 0.9256 0.0076 
 H195.1_2003  1 0.0065 0.0049 0.8972 0.0058 0.0057 0.0255 0.0071 0.0054 0.0062 0.0068 0.0202 0.0088 
 H195.1_2004  1 0.0036 0.0036 0.9546 0.0043 0.0037 0.0080 0.0032 0.0029 0.0048 0.0028 0.0056 0.0029 
 H195.2_2003  1 0.0063 0.0059 0.8377 0.0142 0.0218 0.0109 0.0063 0.0081 0.0137 0.0244 0.0391 0.0118 
 H195.2_2004  1 0.0026 0.0027 0.9650 0.0033 0.0046 0.0051 0.0029 0.0025 0.0032 0.0026 0.0031 0.0026 
 H195.3_2003  1 0.0114 0.0035 0.6307 0.0091 0.0444 0.0054 0.0157 0.0067 0.0060 0.1675 0.0673 0.0322 
 H195.3_2004  1 0.0028 0.0028 0.9524 0.0038 0.0031 0.0095 0.0037 0.0028 0.0067 0.0025 0.0069 0.0029 
 H195.4_2003  1 0.0040 0.0042 0.9478 0.0041 0.0037 0.0075 0.0061 0.0041 0.0054 0.0039 0.0059 0.0034 
 H195.4_2004  1 0.0027 0.0036 0.9597 0.0030 0.0088 0.0032 0.0026 0.0034 0.0036 0.0025 0.0042 0.0026 
 H195.5_2003  1 0.0071 0.0055 0.8964 0.0072 0.0044 0.0221 0.0052 0.0050 0.0060 0.0086 0.0281 0.0044 
 H195.5_2004  1 0.0035 0.0034 0.9589 0.0029 0.0028 0.0037 0.0035 0.0053 0.0037 0.0036 0.0048 0.0041 
 H195.6_2003  1 0.0060 0.0031 0.9319 0.0065 0.0065 0.0047 0.0026 0.0039 0.0102 0.0143 0.0052 0.0051 
 H195.6_2004  1 0.0021 0.0034 0.9612 0.0035 0.0039 0.0032 0.0056 0.0031 0.0031 0.0023 0.0047 0.0037 
 H195.7_2003  1 0.0047 0.0050 0.8502 0.0161 0.0304 0.0167 0.0086 0.0087 0.0059 0.0059 0.0387 0.0090 
 H195.7_2004  1 0.0033 0.0033 0.9642 0.0025 0.0036 0.0029 0.0031 0.0028 0.0031 0.0040 0.0036 0.0034 
      H195.8  1 0.0029 0.0028 0.9632 0.0043 0.0036 0.0032 0.0025 0.0041 0.0031 0.0033 0.0039 0.0032 
      H195.9  1 0.0041 0.0030 0.9546 0.0024 0.0037 0.0058 0.0055 0.0051 0.0033 0.0029 0.0071 0.0025 
      H415.1  1 0.1580 0.0102 0.0219 0.0075 0.0120 0.4753 0.1110 0.0026 0.0132 0.1610 0.0184 0.0089 
      H415.2  1 0.0306 0.0367 0.0076 0.0894 0.0171 0.0274 0.1455 0.0032 0.5071 0.0299 0.0975 0.0081 
      H415.3  1 0.0575 0.1036 0.0098 0.0186 0.0092 0.5712 0.1463 0.0120 0.0186 0.0140 0.0285 0.0107 
      H415.4  1 0.1497 0.0053 0.0149 0.0053 0.0044 0.3512 0.3877 0.0058 0.0098 0.0441 0.0154 0.0064 
      H415.5  1 0.0761 0.0127 0.0182 0.0046 0.0043 0.5235 0.3015 0.0071 0.0227 0.0092 0.0109 0.0091 
      H415.6  1 0.1527 0.0048 0.0150 0.0045 0.0032 0.3556 0.3791 0.0039 0.0129 0.0505 0.0128 0.0050 
      H415.7  1 0.0076 0.0769 0.0150 0.0225 0.0110 0.2027 0.0206 0.0151 0.2608 0.0103 0.3520 0.0055 
      H506.1  1 0.0025 0.9649 0.0032 0.0037 0.0023 0.0045 0.0053 0.0040 0.0023 0.0018 0.0028 0.0028 
      H506.2  1 0.0029 0.9611 0.0081 0.0028 0.0020 0.0045 0.0045 0.0034 0.0025 0.0021 0.0033 0.0029 
      H506.3  1 0.0045 0.9453 0.0038 0.0049 0.0076 0.0048 0.0096 0.0035 0.0032 0.0036 0.0058 0.0034 
      H506.4  1 0.0052 0.9430 0.0036 0.0054 0.0050 0.0046 0.0049 0.0102 0.0069 0.0046 0.0041 0.0027 
      H506.5  1 0.0032 0.9512 0.0046 0.0046 0.0029 0.0062 0.0035 0.0082 0.0059 0.0032 0.0037 0.0030 
      H506.6  1 0.0061 0.9127 0.0180 0.0088 0.0066 0.0049 0.0032 0.0065 0.0045 0.0057 0.0197 0.0033 
      H506.7  1 0.0025 0.9608 0.0056 0.0042 0.0026 0.0054 0.0048 0.0028 0.0025 0.0018 0.0037 0.0033 
      H533.1  1 0.0050 0.9581 0.0033 0.0026 0.0030 0.0063 0.0070 0.0037 0.0024 0.0022 0.0029 0.0037 
      H533.2  1 0.0054 0.9526 0.0035 0.0026 0.0023 0.0083 0.0096 0.0037 0.0026 0.0018 0.0034 0.0040 
      H533.3  1 0.0030 0.9603 0.0033 0.0031 0.0025 0.0070 0.0049 0.0034 0.0023 0.0025 0.0048 0.0029 
      H533.4  1 0.0038 0.9347 0.0145 0.0027 0.0037 0.0105 0.0033 0.0075 0.0031 0.0035 0.0087 0.0043 
      H535.1  1 0.0035 0.0033 0.0028 0.0022 0.0026 0.0034 0.0040 0.9645 0.0044 0.0037 0.0034 0.0023 
      H535.2  1 0.0030 0.0037 0.0033 0.0042 0.0023 0.0026 0.0035 0.9665 0.0026 0.0025 0.0033 0.0027 
      H535.3  1 0.0022 0.0039 0.0033 0.0031 0.0020 0.0024 0.0030 0.9690 0.0022 0.0020 0.0029 0.0038 
      H535.4  1 0.0023 0.0031 0.0035 0.0025 0.0024 0.0041 0.0035 0.9681 0.0023 0.0024 0.0035 0.0025 
      H535.5  1 0.0023 0.0029 0.0028 0.0023 0.0026 0.0039 0.0035 0.9669 0.0031 0.0024 0.0044 0.0029 
      H535.6  1 0.0048 0.0041 0.0038 0.0022 0.0025 0.0030 0.0048 0.9513 0.0087 0.0073 0.0048 0.0027 
      H535.7  1 0.0020 0.0027 0.0022 0.0019 0.0022 0.0034 0.0027 0.9743 0.0018 0.0022 0.0022 0.0023 
      H535.8  1 0.0021 0.0025 0.0031 0.0022 0.0028 0.0028 0.0045 0.9676 0.0026 0.0029 0.0043 0.0026 
      H535.9  1 0.0027 0.0036 0.0032 0.0024 0.0023 0.0027 0.0026 0.9682 0.0036 0.0032 0.0031 0.0024 
      H539.1  1 0.0064 0.0020 0.0023 0.0031 0.0024 0.0020 0.0021 0.0027 0.0051 0.9660 0.0026 0.0033 
      H539.2  1 0.0860 0.0044 0.0079 0.0066 0.0296 0.0061 0.0058 0.0135 0.0061 0.7754 0.0480 0.0109 
      H539.3  1 0.0110 0.0033 0.0105 0.0035 0.0097 0.0036 0.0041 0.0126 0.0045 0.9196 0.0134 0.0044 
      H539.4  1 0.0380 0.0042 0.0033 0.0046 0.0080 0.0041 0.0064 0.0038 0.0044 0.9155 0.0043 0.0034 
      H539.5  1 0.0073 0.0024 0.0023 0.0024 0.0032 0.0023 0.0031 0.0034 0.0048 0.9622 0.0039 0.0026 
      H539.6  1 0.0083 0.0025 0.0043 0.0026 0.0034 0.0024 0.0027 0.0023 0.0062 0.9577 0.0049 0.0027 
      H539.7  1 0.0074 0.0021 0.0023 0.0036 0.0051 0.0032 0.0031 0.0030 0.0053 0.9582 0.0034 0.0033 
      H539.8  1 0.0604 0.0046 0.0058 0.0049 0.0117 0.0047 0.0065 0.0266 0.0040 0.8555 0.0075 0.0077 
      H539.9  1 0.0086 0.0035 0.0026 0.0041 0.0051 0.0024 0.0048 0.0026 0.0025 0.9562 0.0038 0.0038 
      H540.1  1 0.0053 0.0044 0.0086 0.0061 0.0030 0.0032 0.0035 0.0052 0.0052 0.9391 0.0133 0.0032 
      H540.2  1 0.0043 0.0046 0.0030 0.0043 0.0045 0.0031 0.0050 0.0017 0.0041 0.9583 0.0041 0.0031 
      H540.3  1 0.0206 0.0069 0.0153 0.0060 0.0080 0.0334 0.0078 0.0052 0.0062 0.8428 0.0390 0.0085 
      H540.4  1 0.0173 0.0062 0.0047 0.0075 0.0098 0.0040 0.0038 0.0047 0.0074 0.9240 0.0071 0.0032 
      H540.5  1 0.0035 0.0032 0.0032 0.0038 0.0090 0.0041 0.0065 0.0030 0.0064 0.9444 0.0083 0.0045 
      H540.6  1 0.0052 0.0078 0.0052 0.0088 0.0097 0.0064 0.0060 0.0043 0.0081 0.9161 0.0179 0.0045 
      H540.7  1 0.0082 0.0080 0.0063 0.0098 0.0048 0.0157 0.0057 0.0028 0.0063 0.9146 0.0133 0.0045 
      H540.8  1 0.0067 0.0038 0.0036 0.0036 0.0055 0.0104 0.0055 0.0071 0.0138 0.9255 0.0113 0.0033 
     H9558.1  1 0.0033 0.0055 0.0030 0.0026 0.0044 0.0023 0.0030 0.0058 0.0063 0.9538 0.0034 0.0065 
     H9558.2  1 0.0046 0.0191 0.0047 0.0085 0.0078 0.0058 0.0060 0.0109 0.0097 0.8977 0.0089 0.0163 
     H9558.3  1 0.0047 0.0048 0.0031 0.0086 0.0046 0.0025 0.0059 0.0068 0.0028 0.9160 0.0061 0.0341 
     H9558.4  1 0.0031 0.0046 0.0022 0.0025 0.0072 0.0022 0.0020 0.0075 0.0037 0.9563 0.0039 0.0048 
     H9558.5  1 0.0072 0.0024 0.0019 0.0041 0.0075 0.0026 0.0031 0.0078 0.0027 0.9509 0.0041 0.0057 
     H9558.6  1 0.0042 0.0046 0.0030 0.0042 0.0036 0.0033 0.0052 0.0060 0.0058 0.9380 0.0082 0.0138 
    kos339.1  1 0.0046 0.0111 0.0027 0.0146 0.0036 0.9307 0.0038 0.0045 0.0090 0.0057 0.0055 0.0042 
    kos339.2  1 0.0035 0.0057 0.0059 0.0082 0.0042 0.9478 0.0037 0.0035 0.0051 0.0026 0.0049 0.0050 
    kos339.3  1 0.0039 0.0048 0.0036 0.0025 0.0028 0.9625 0.0032 0.0050 0.0026 0.0030 0.0036 0.0025 
    kos339.4  1 0.0034 0.0045 0.0036 0.0023 0.0037 0.9606 0.0028 0.0047 0.0039 0.0033 0.0038 0.0034 
    kos339.5  1 0.0036 0.0117 0.0031 0.0078 0.0031 0.9436 0.0056 0.0026 0.0062 0.0044 0.0042 0.0040 
    kos339.6  1 0.0027 0.0078 0.0046 0.0062 0.0034 0.9557 0.0030 0.0028 0.0032 0.0031 0.0047 0.0029 
    kos339.7  1 0.0036 0.0055 0.0039 0.0024 0.0025 0.9558 0.0034 0.0112 0.0030 0.0030 0.0030 0.0027 
    kos339.8  1 0.0037 0.0118 0.0036 0.0038 0.0045 0.9525 0.0034 0.0035 0.0040 0.0027 0.0035 0.0029 
    kos339.9  1 0.0104 0.0089 0.0066 0.0059 0.0042 0.9014 0.0120 0.0037 0.0208 0.0139 0.0085 0.0036 
      H409.1 12 0.0023 0.0052 0.0024 0.0046 0.0040 0.0053 0.9626 0.0028 0.0030 0.0022 0.0028 0.0028 
     H409.10 12 0.0133 0.0236 0.0041 0.0080 0.0143 0.0071 0.9037 0.0027 0.0048 0.0082 0.0049 0.0053 
      H409.2 12 0.0035 0.0036 0.0038 0.0032 0.0039 0.0058 0.9528 0.0067 0.0051 0.0045 0.0043 0.0028 
      H409.3 12 0.0033 0.0045 0.0033 0.0039 0.0030 0.0031 0.9584 0.0045 0.0038 0.0040 0.0043 0.0038 
      H409.4 12 0.0027 0.0035 0.0024 0.0037 0.0040 0.0042 0.9619 0.0045 0.0027 0.0026 0.0044 0.0034 
      H409.5 12 0.0034 0.0042 0.0030 0.0042 0.0029 0.0026 0.9593 0.0042 0.0031 0.0040 0.0057 0.0036 
      H409.6 12 0.0082 0.0177 0.0043 0.0157 0.0054 0.0037 0.8409 0.0081 0.0042 0.0078 0.0191 0.0650 
      H409.7 12 0.0030 0.0057 0.0051 0.0063 0.0047 0.0052 0.9507 0.0030 0.0035 0.0029 0.0045 0.0054 
      H409.8 12 0.0041 0.0053 0.0030 0.0070 0.0034 0.0032 0.9541 0.0032 0.0046 0.0037 0.0041 0.0042 
      H409.9 12 0.0278 0.0759 0.0054 0.0296 0.0057 0.0037 0.5112 0.0131 0.0040 0.2916 0.0171 0.0147 
      H413.1 12 0.0046 0.0024 0.0037 0.0098 0.0048 0.0036 0.0032 0.0039 0.0029 0.0042 0.0037 0.9532 
      H413.2 12 0.0035 0.0036 0.0039 0.0038 0.0033 0.0052 0.0027 0.0046 0.0030 0.0040 0.0036 0.9586 
      H413.3 12 0.0045 0.0050 0.0025 0.0108 0.0085 0.0024 0.0039 0.0022 0.0032 0.0087 0.0049 0.9432 
      H413.4 12 0.0084 0.0078 0.0043 0.0205 0.0026 0.0083 0.0037 0.0035 0.0052 0.0052 0.0046 0.9258 
      H413.5 12 0.0311 0.0061 0.0032 0.0067 0.0060 0.0030 0.0028 0.0022 0.0107 0.0381 0.0035 0.8867 
      H413.6 12 0.0197 0.0027 0.0061 0.0107 0.0231 0.0054 0.0041 0.0030 0.0024 0.0406 0.0081 0.8740 
      H413.7 12 0.0044 0.0057 0.0037 0.0072 0.0078 0.0053 0.0033 0.0041 0.0029 0.0104 0.0059 0.9392 
      H563.1 12 0.0044 0.0033 0.0031 0.9512 0.0054 0.0031 0.0036 0.0020 0.0029 0.0081 0.0045 0.0084 
      H563.2 12 0.0058 0.0047 0.0033 0.9255 0.0052 0.0098 0.0124 0.0028 0.0059 0.0062 0.0087 0.0096 
      H563.3 12 0.0044 0.0025 0.0031 0.9594 0.0024 0.0028 0.0031 0.0020 0.0031 0.0066 0.0066 0.0038 
      H563.4 12 0.0054 0.0040 0.0032 0.9299 0.0057 0.0056 0.0103 0.0029 0.0037 0.0059 0.0066 0.0169 
      H563.5 12 0.0042 0.0026 0.0026 0.9570 0.0054 0.0029 0.0042 0.0019 0.0021 0.0071 0.0048 0.0052 
      H563.6 12 0.0057 0.0058 0.0034 0.9391 0.0038 0.0113 0.0058 0.0027 0.0043 0.0047 0.0055 0.0078 
      H563.7 12 0.0044 0.0033 0.0030 0.9463 0.0029 0.0111 0.0062 0.0024 0.0037 0.0029 0.0050 0.0089 
      H563.8 12 0.0046 0.0040 0.0024 0.9420 0.0060 0.0037 0.0038 0.0020 0.0035 0.0147 0.0076 0.0058 
      H563.9 12 0.0058 0.0066 0.0039 0.9263 0.0063 0.0097 0.0157 0.0022 0.0070 0.0041 0.0069 0.0054 
     H7374.1 12 0.0063 0.0035 0.0201 0.0067 0.0037 0.0079 0.0179 0.0116 0.0057 0.0043 0.8685 0.0438 
     H7374.2 12 0.0033 0.0047 0.0058 0.0085 0.0059 0.0024 0.0066 0.0040 0.0059 0.0071 0.9193 0.0266 
     H7374.3 12 0.0035 0.0047 0.0214 0.0075 0.0036 0.0045 0.0090 0.0046 0.0049 0.0064 0.9143 0.0157 
     H7374.4 12 0.0064 0.0071 0.0088 0.0162 0.0159 0.0198 0.0159 0.0212 0.0084 0.0120 0.8598 0.0084 
     H7374.5 12 0.0064 0.0062 0.0082 0.0089 0.0044 0.0102 0.0070 0.0055 0.0060 0.0089 0.9133 0.0151 
     H7374.6 12 0.0046 0.0082 0.0305 0.0199 0.0054 0.0107 0.0135 0.0219 0.0072 0.0108 0.8613 0.0060 
     H7374.7 12 0.0039 0.0060 0.0211 0.0092 0.0072 0.0177 0.0181 0.0153 0.0073 0.0038 0.8690 0.0213 
     H7374.8 12 0.0042 0.0050 0.0188 0.0337 0.0034 0.0090 0.0101 0.0080 0.0061 0.0029 0.8924 0.0064 
     H7374.9 12 0.0048 0.0055 0.0105 0.0068 0.0064 0.0109 0.0044 0.0039 0.0070 0.0088 0.9226 0.0084 
     H9563.1 12 0.0048 0.0040 0.0036 0.9554 0.0032 0.0059 0.0020 0.0029 0.0043 0.0055 0.0047 0.0037 
     H9563.2 12 0.0060 0.0034 0.0029 0.9578 0.0028 0.0032 0.0023 0.0038 0.0039 0.0057 0.0033 0.0048 
     H9563.3 12 0.0041 0.0069 0.0051 0.9484 0.0039 0.0038 0.0067 0.0052 0.0035 0.0026 0.0046 0.0051 
     H9563.4 12 0.0115 0.0078 0.0068 0.8892 0.0059 0.0077 0.0145 0.0247 0.0056 0.0082 0.0120 0.0061 
     H9563.5 12 0.0117 0.0074 0.0040 0.9262 0.0060 0.0076 0.0076 0.0062 0.0052 0.0052 0.0079 0.0050 
     H9563.6 12 0.0054 0.0050 0.0055 0.9521 0.0038 0.0029 0.0056 0.0045 0.0023 0.0026 0.0036 0.0068 
     H9563.7 12 0.0037 0.0046 0.0044 0.9528 0.0037 0.0019 0.0027 0.0100 0.0029 0.0031 0.0035 0.0064 
     H9563.8 12 0.0545 0.0139 0.0062 0.8529 0.0127 0.0131 0.0102 0.0070 0.0056 0.0064 0.0092 0.0084 
     H9563.9 12 0.0110 0.0061 0.0047 0.9438 0.0050 0.0044 0.0038 0.0035 0.0037 0.0043 0.0037 0.0061 
     H9572.1 12 0.0843 0.1765 0.0191 0.3514 0.0078 0.0071 0.0154 0.0199 0.0463 0.1797 0.0307 0.0618 
     H9572.2 12 0.0739 0.0179 0.1070 0.4775 0.0037 0.0143 0.0155 0.0044 0.1070 0.0109 0.1177 0.0503 
     H9572.3 12 0.0074 0.0149 0.0071 0.0549 0.0051 0.1111 0.0419 0.0152 0.0179 0.0685 0.5834 0.0726 
     H9572.4 12 0.0214 0.0490 0.0310 0.2617 0.0043 0.0848 0.0140 0.0714 0.0532 0.0296 0.2902 0.0893 
     H9572.5 12 0.0656 0.1080 0.0350 0.1165 0.0067 0.1873 0.0069 0.0250 0.0519 0.0813 0.2181 0.0975 
