      H105.1  1 0.0108 0.0077 0.9596 0.0120 0.0099 
      H105.2  1 0.0162 0.0317 0.9365 0.0064 0.0092 
      H105.3  1 0.0047 0.0061 0.9778 0.0071 0.0043 
      H105.4  1 0.0183 0.0164 0.9405 0.0188 0.0059 
      H105.5  1 0.1161 0.0392 0.7924 0.0339 0.0184 
      H105.6  1 0.0150 0.0111 0.9409 0.0253 0.0078 
      H105.7  1 0.0104 0.0069 0.9700 0.0069 0.0057 
      H105.8  1 0.0069 0.0177 0.9647 0.0047 0.0060 
      H115.1  1 0.8727 0.0371 0.0496 0.0055 0.0351 
      H115.2  1 0.9632 0.0076 0.0102 0.0060 0.0130 
      H115.3  1 0.9544 0.0059 0.0139 0.0051 0.0208 
      H115.4  1 0.8847 0.0238 0.0160 0.0099 0.0655 
      H115.5  1 0.9023 0.0126 0.0251 0.0140 0.0460 
      H115.6  1 0.8887 0.0070 0.0117 0.0072 0.0854 
      H115.7  1 0.8963 0.0108 0.0604 0.0051 0.0274 
      H115.8  1 0.9409 0.0075 0.0126 0.0047 0.0344 
      H115.9  1 0.9478 0.0217 0.0137 0.0051 0.0117 
      H145.1  1 0.0150 0.0050 0.0051 0.9650 0.0099 
      H145.2  1 0.0093 0.0063 0.0072 0.9598 0.0174 
      H145.3  1 0.0066 0.0037 0.0052 0.9690 0.0154 
      H145.4  1 0.0059 0.0055 0.0041 0.9778 0.0067 
      H145.5  1 0.0065 0.0043 0.0050 0.9248 0.0594 
      H145.6  1 0.0044 0.0043 0.0080 0.9752 0.0081 
      H145.7  1 0.0040 0.0041 0.0069 0.9759 0.0091 
      H149.1  1 0.0041 0.0045 0.0032 0.0052 0.9830 
      H149.2  1 0.0037 0.0054 0.0057 0.0087 0.9766 
      H149.3  1 0.0216 0.0312 0.0297 0.0582 0.8591 
      H149.4  1 0.0034 0.0321 0.0105 0.0051 0.9489 
      H149.5  1 0.0067 0.0862 0.0674 0.0537 0.7859 
      H149.6  1 0.0033 0.0070 0.0132 0.0067 0.9698 
      H149.7  1 0.0099 0.1881 0.0318 0.0167 0.7535 
      H150.1  1 0.9826 0.0039 0.0047 0.0044 0.0044 
      H150.2  1 0.9681 0.0045 0.0067 0.0054 0.0153 
      H150.3  1 0.9672 0.0057 0.0104 0.0070 0.0097 
      H150.4  1 0.9798 0.0038 0.0079 0.0044 0.0041 
      H150.5  1 0.9745 0.0052 0.0081 0.0053 0.0069 
      H150.6  1 0.9656 0.0061 0.0084 0.0082 0.0117 
      H150.7  1 0.9796 0.0044 0.0058 0.0038 0.0064 
   H169607.1  1 0.8739 0.0194 0.0100 0.0826 0.0141 
   H169607.2  1 0.8302 0.0108 0.0109 0.1408 0.0073 
   H169607.3  1 0.8919 0.0224 0.0100 0.0660 0.0098 
   H169607.4  1 0.7749 0.0037 0.0094 0.1986 0.0135 
   H169607.5  1 0.8804 0.0050 0.0113 0.0969 0.0065 
   H169607.6  1 0.8488 0.0117 0.0128 0.1149 0.0118 
   H169607.7  1 0.8819 0.0173 0.0090 0.0789 0.0129 
   H169607.8  1 0.8107 0.0078 0.0139 0.1580 0.0095 
   H169633.1  1 0.0082 0.0050 0.0109 0.0108 0.9651 
   H169633.2  1 0.0057 0.0129 0.0111 0.0135 0.9569 
   H169633.3  1 0.0088 0.0100 0.0127 0.0235 0.9451 
   H169633.4  1 0.0083 0.0077 0.0110 0.0154 0.9576 
   H169633.5  1 0.0088 0.0072 0.0108 0.0181 0.9551 
   H169688.1  1 0.4700 0.2555 0.0453 0.1312 0.0980 
   H169688.2  1 0.4649 0.3240 0.0767 0.1175 0.0169 
   H169688.3  1 0.6628 0.2354 0.0272 0.0400 0.0346 
   H169688.4  1 0.9271 0.0503 0.0039 0.0108 0.0080 
   H169688.5  1 0.9272 0.0495 0.0039 0.0103 0.0090 
   H169688.6  1 0.4891 0.3884 0.0185 0.0809 0.0231 
   H169688.7  1 0.5875 0.2010 0.0132 0.1493 0.0490 
   H171901.1  1 0.6801 0.0126 0.2371 0.0463 0.0239 
   H171901.2  1 0.0223 0.0054 0.0133 0.0178 0.9413 
   H171901.3  1 0.0773 0.0216 0.0262 0.0261 0.8488 
   H171901.4  1 0.0220 0.0082 0.0132 0.0107 0.9459 
   H171901.5  1 0.0260 0.0162 0.0090 0.0141 0.9346 
   H171901.6  1 0.0452 0.0255 0.0091 0.0320 0.8883 
   H171901.7  1 0.0721 0.0363 0.0132 0.1557 0.7227 
   H171902.1  1 0.0489 0.0095 0.0060 0.0140 0.9216 
  H171902.10  1 0.0272 0.0087 0.0057 0.0056 0.9529 
   H171902.2  1 0.0282 0.0140 0.0074 0.0103 0.9401 
   H171902.3  1 0.0337 0.0088 0.0062 0.0057 0.9456 
   H171902.4  1 0.0068 0.0036 0.0047 0.0078 0.9771 
   H171902.6  1 0.0207 0.0092 0.0056 0.0068 0.9578 
   H171902.7  1 0.0458 0.0071 0.0060 0.0087 0.9324 
   H171902.8  1 0.0363 0.0076 0.0040 0.0065 0.9457 
   H171902.9  1 0.1000 0.0060 0.0084 0.0171 0.8684 
   H171903.1  1 0.9451 0.0071 0.0063 0.0354 0.0061 
   H171903.2  1 0.9019 0.0111 0.0316 0.0509 0.0044 
   H171903.3  1 0.7634 0.0177 0.0587 0.1251 0.0351 
   H171903.4  1 0.9304 0.0106 0.0082 0.0427 0.0081 
   H171903.5  1 0.9385 0.0131 0.0148 0.0129 0.0206 
   H171903.6  1 0.9640 0.0077 0.0038 0.0135 0.0111 
      H177.1  1 0.1189 0.0796 0.0117 0.7467 0.0431 
      H177.2  1 0.0549 0.1063 0.0151 0.7826 0.0412 
      H177.3  1 0.0786 0.0443 0.0061 0.7763 0.0946 
      H177.4  1 0.0121 0.1888 0.0132 0.7533 0.0327 
      H177.5  1 0.0385 0.1234 0.0315 0.7821 0.0245 
      H177.6  1 0.0785 0.0604 0.0070 0.5898 0.2643 
      H179.1  1 0.0057 0.9796 0.0058 0.0042 0.0047 
      H179.2  1 0.0096 0.9747 0.0045 0.0045 0.0067 
      H179.3  1 0.0157 0.9656 0.0066 0.0070 0.0051 
      H179.4  1 0.0110 0.8935 0.0119 0.0631 0.0204 
      H180.1  1 0.9199 0.0480 0.0072 0.0059 0.0190 
      H180.2  1 0.9049 0.0592 0.0156 0.0092 0.0110 
      H180.3  1 0.9666 0.0118 0.0043 0.0058 0.0116 
      H180.4  1 0.9031 0.0475 0.0171 0.0084 0.0239 
      H180.5  1 0.9156 0.0337 0.0124 0.0189 0.0194 
      H180.6  1 0.8915 0.0206 0.0111 0.0511 0.0257 
      H181.1  1 0.1414 0.4774 0.0338 0.0318 0.3156 
      H181.2  1 0.0407 0.7743 0.0248 0.0472 0.1131 
      H181.3  1 0.0294 0.6093 0.0594 0.0247 0.2772 
      H181.4  1 0.3878 0.2838 0.0615 0.0809 0.1860 
      H181.5  1 0.0054 0.9662 0.0123 0.0063 0.0097 
      H181.6  1 0.0401 0.9166 0.0159 0.0095 0.0179 
      H181.7  1 0.0223 0.9280 0.0142 0.0104 0.0250 
 H194.1_2004  1 0.0373 0.0061 0.0058 0.9415 0.0094 
 H194.2_2004  1 0.0600 0.0042 0.0176 0.9078 0.0104 
 H194.3_2004  1 0.0087 0.0625 0.0062 0.8799 0.0426 
 H194.4_2004  1 0.0152 0.0042 0.0084 0.9500 0.0221 
 H194.5_2004  1 0.0104 0.0224 0.0071 0.9362 0.0239 
 H194.6_2004  1 0.0121 0.0237 0.0060 0.9198 0.0384 
 H194.7_2004  1 0.0283 0.0058 0.0289 0.9255 0.0116 
 H194.8_2004  1 0.0103 0.0078 0.0086 0.9571 0.0162 
      H194.9  1 0.0183 0.0050 0.0112 0.9469 0.0186 
 H195.1_2003  1 0.0084 0.0068 0.0069 0.9405 0.0374 
 H195.1_2004  1 0.0048 0.0043 0.0053 0.9772 0.0084 
 H195.2_2003  1 0.0192 0.0062 0.0090 0.9496 0.0159 
 H195.2_2004  1 0.0046 0.0039 0.0040 0.9805 0.0070 
 H195.3_2003  1 0.1216 0.0086 0.0161 0.8452 0.0085 
 H195.3_2004  1 0.0039 0.0055 0.0053 0.9660 0.0193 
 H195.4_2003  1 0.0039 0.0057 0.0062 0.9566 0.0275 
 H195.4_2004  1 0.0043 0.0063 0.0041 0.9796 0.0056 
 H195.5_2003  1 0.0074 0.0062 0.0099 0.9553 0.0210 
 H195.5_2004  1 0.0038 0.0056 0.0041 0.9821 0.0044 
 H195.6_2003  1 0.0196 0.0046 0.0078 0.9614 0.0067 
 H195.6_2004  1 0.0033 0.0068 0.0052 0.9789 0.0058 
 H195.7_2003  1 0.0076 0.0084 0.0085 0.9605 0.0149 
 H195.7_2004  1 0.0095 0.0044 0.0044 0.9767 0.0050 
      H195.8  1 0.0054 0.0034 0.0055 0.9812 0.0045 
      H195.9  1 0.0040 0.0063 0.0042 0.9775 0.0079 
      H415.1  1 0.1637 0.0126 0.0092 0.0121 0.8025 
      H415.2  1 0.1245 0.1713 0.0112 0.0309 0.6621 
      H415.3  1 0.0175 0.0636 0.0155 0.0109 0.8925 
      H415.4  1 0.0835 0.0219 0.0097 0.0160 0.8688 
      H415.5  1 0.0098 0.0279 0.0072 0.0137 0.9413 
      H415.6  1 0.0897 0.0263 0.0115 0.0171 0.8553 
      H415.7  1 0.0148 0.0214 0.0156 0.0482 0.9001 
      H506.1  1 0.0027 0.9846 0.0049 0.0032 0.0046 
      H506.2  1 0.0034 0.9773 0.0041 0.0086 0.0066 
      H506.3  1 0.0071 0.9766 0.0057 0.0053 0.0052 
      H506.4  1 0.0074 0.9720 0.0050 0.0062 0.0094 
      H506.5  1 0.0044 0.9741 0.0051 0.0074 0.0090 
      H506.6  1 0.0128 0.9202 0.0084 0.0468 0.0118 
      H506.7  1 0.0032 0.9792 0.0050 0.0066 0.0060 
      H533.1  1 0.0037 0.9805 0.0035 0.0037 0.0086 
      H533.2  1 0.0033 0.9763 0.0047 0.0041 0.0115 
      H533.3  1 0.0046 0.9792 0.0051 0.0043 0.0068 
      H533.4  1 0.0092 0.9359 0.0058 0.0257 0.0234 
      H535.1  1 0.0088 0.0201 0.0059 0.9406 0.0246 
      H535.2  1 0.0056 0.0199 0.0064 0.9602 0.0079 
      H535.3  1 0.0058 0.0242 0.0093 0.9523 0.0083 
      H535.4  1 0.0037 0.0125 0.0097 0.9635 0.0105 
      H535.5  1 0.0048 0.0121 0.0064 0.9647 0.0119 
      H535.6  1 0.0091 0.0110 0.0048 0.9667 0.0083 
      H535.7  1 0.0045 0.0093 0.0051 0.9713 0.0097 
      H535.8  1 0.0057 0.0061 0.0044 0.9791 0.0047 
      H535.9  1 0.0133 0.0163 0.0059 0.9538 0.0106 
      H539.1  1 0.9844 0.0025 0.0042 0.0046 0.0042 
      H539.2  1 0.9773 0.0043 0.0059 0.0086 0.0039 
      H539.3  1 0.9798 0.0035 0.0042 0.0091 0.0035 
      H539.4  1 0.9844 0.0029 0.0046 0.0038 0.0044 
      H539.5  1 0.9865 0.0027 0.0039 0.0034 0.0035 
      H539.6  1 0.9855 0.0036 0.0034 0.0046 0.0029 
      H539.7  1 0.9842 0.0032 0.0041 0.0038 0.0047 
      H539.8  1 0.9747 0.0046 0.0087 0.0073 0.0047 
      H539.9  1 0.9848 0.0038 0.0050 0.0034 0.0030 
      H540.1  1 0.9779 0.0057 0.0044 0.0073 0.0047 
      H540.2  1 0.9753 0.0087 0.0064 0.0042 0.0053 
      H540.3  1 0.9615 0.0053 0.0068 0.0161 0.0103 
      H540.4  1 0.9774 0.0065 0.0052 0.0057 0.0052 
      H540.5  1 0.9778 0.0053 0.0051 0.0055 0.0062 
      H540.6  1 0.9693 0.0096 0.0071 0.0061 0.0079 
      H540.7  1 0.9619 0.0092 0.0073 0.0086 0.0131 
      H540.8  1 0.9689 0.0063 0.0046 0.0060 0.0142 
     H9558.1  1 0.9765 0.0063 0.0056 0.0072 0.0044 
     H9558.2  1 0.9503 0.0127 0.0171 0.0121 0.0079 
     H9558.3  1 0.9591 0.0055 0.0247 0.0065 0.0041 
     H9558.4  1 0.9799 0.0043 0.0058 0.0062 0.0039 
     H9558.5  1 0.9805 0.0039 0.0070 0.0047 0.0039 
     H9558.6  1 0.9566 0.0061 0.0197 0.0107 0.0069 
    kos339.1  1 0.0042 0.0111 0.0114 0.0049 0.9684 
    kos339.2  1 0.0030 0.0081 0.0073 0.0102 0.9714 
    kos339.3  1 0.0049 0.0069 0.0032 0.0051 0.9800 
    kos339.4  1 0.0052 0.0055 0.0043 0.0053 0.9797 
    kos339.5  1 0.0048 0.0113 0.0063 0.0038 0.9738 
    kos339.6  1 0.0045 0.0085 0.0074 0.0082 0.9715 
    kos339.7  1 0.0041 0.0087 0.0033 0.0082 0.9757 
    kos339.8  1 0.0037 0.0130 0.0059 0.0055 0.9719 
    kos339.9  1 0.0093 0.0096 0.0059 0.0091 0.9661 
      H409.1 12 0.0034 0.9727 0.0116 0.0054 0.0068 
     H409.10 12 0.0073 0.9659 0.0097 0.0089 0.0082 
      H409.2 12 0.0061 0.9626 0.0071 0.0099 0.0142 
      H409.3 12 0.0097 0.9552 0.0128 0.0153 0.0070 
      H409.4 12 0.0114 0.9578 0.0105 0.0114 0.0089 
      H409.5 12 0.0098 0.9596 0.0106 0.0103 0.0097 
      H409.6 12 0.0134 0.8382 0.1192 0.0226 0.0066 
      H409.7 12 0.0065 0.9153 0.0478 0.0191 0.0113 
      H409.8 12 0.0056 0.9678 0.0162 0.0054 0.0051 
      H409.9 12 0.3029 0.6347 0.0464 0.0099 0.0062 
      H413.1 12 0.0084 0.0036 0.9790 0.0053 0.0037 
      H413.2 12 0.0089 0.0044 0.9736 0.0065 0.0066 
      H413.3 12 0.0109 0.0079 0.9719 0.0055 0.0037 
      H413.4 12 0.0085 0.0096 0.9706 0.0047 0.0066 
      H413.5 12 0.0893 0.0070 0.8903 0.0062 0.0071 
      H413.6 12 0.0691 0.0047 0.9103 0.0094 0.0065 
      H413.7 12 0.0089 0.0050 0.9748 0.0060 0.0053 
      H563.1 12 0.0065 0.0043 0.9806 0.0048 0.0038 
      H563.2 12 0.0092 0.0111 0.9589 0.0098 0.0110 
      H563.3 12 0.0069 0.0048 0.9792 0.0052 0.0039 
      H563.4 12 0.0050 0.0054 0.9792 0.0047 0.0057 
      H563.5 12 0.0064 0.0032 0.9817 0.0045 0.0042 
      H563.6 12 0.0070 0.0061 0.9717 0.0056 0.0095 
      H563.7 12 0.0033 0.0045 0.9804 0.0044 0.0074 
      H563.8 12 0.0086 0.0055 0.9730 0.0055 0.0074 
      H563.9 12 0.0071 0.0110 0.9655 0.0055 0.0109 
     H7374.1 12 0.0111 0.0094 0.1365 0.8260 0.0169 
     H7374.2 12 0.0385 0.0131 0.2255 0.7154 0.0074 
     H7374.3 12 0.0102 0.0069 0.0556 0.9225 0.0048 
     H7374.4 12 0.0272 0.0190 0.0415 0.8893 0.0231 
     H7374.5 12 0.0348 0.0124 0.1155 0.8176 0.0198 
     H7374.6 12 0.0056 0.0058 0.0102 0.9714 0.0071 
     H7374.7 12 0.0065 0.0077 0.0229 0.9498 0.0131 
     H7374.8 12 0.0091 0.0088 0.0872 0.8778 0.0171 
     H7374.9 12 0.0385 0.0103 0.0520 0.8822 0.0171 
     H9563.1 12 0.0081 0.0080 0.9676 0.0069 0.0095 
     H9563.2 12 0.0153 0.0059 0.9654 0.0068 0.0066 
     H9563.3 12 0.0043 0.0110 0.9710 0.0081 0.0056 
     H9563.4 12 0.0272 0.0169 0.9063 0.0320 0.0176 
     H9563.5 12 0.0123 0.0167 0.9517 0.0095 0.0097 
     H9563.6 12 0.0052 0.0063 0.9784 0.0062 0.0039 
     H9563.7 12 0.0047 0.0055 0.9765 0.0101 0.0032 
     H9563.8 12 0.0256 0.0258 0.8920 0.0119 0.0447 
     H9563.9 12 0.0149 0.0097 0.9587 0.0071 0.0096 
     H9572.1 12 0.1349 0.2019 0.5845 0.0502 0.0284 
     H9572.2 12 0.0368 0.0232 0.7112 0.1813 0.0475 
     H9572.3 12 0.1278 0.0424 0.3265 0.2108 0.2926 
     H9572.4 12 0.0199 0.0299 0.3766 0.4020 0.1715 
     H9572.5 12 0.1030 0.0638 0.2400 0.2724 0.3209 
