      H105.1  1 0.0046 0.0061 0.0097 0.0112 0.0153 0.0038 0.9243 0.0030 0.0042 0.0036 0.0041 0.0039 0.0063 
      H105.2  1 0.0416 0.0086 0.0101 0.0062 0.0169 0.0276 0.8285 0.0108 0.0224 0.0064 0.0043 0.0053 0.0113 
      H105.3  1 0.0039 0.0037 0.0058 0.0045 0.0032 0.0061 0.9521 0.0029 0.0048 0.0044 0.0039 0.0025 0.0022 
      H105.4  1 0.0130 0.0064 0.0070 0.0058 0.0199 0.0072 0.8944 0.0026 0.0130 0.0096 0.0112 0.0066 0.0033 
      H105.5  1 0.0215 0.0167 0.0298 0.0159 0.1501 0.0099 0.6910 0.0034 0.0155 0.0150 0.0070 0.0111 0.0132 
      H105.6  1 0.0065 0.0135 0.0123 0.0073 0.0085 0.0142 0.8708 0.0047 0.0181 0.0130 0.0189 0.0081 0.0041 
      H105.7  1 0.0048 0.0052 0.0058 0.0043 0.0125 0.0096 0.9281 0.0044 0.0056 0.0029 0.0029 0.0090 0.0049 
      H105.8  1 0.0292 0.0049 0.0048 0.0040 0.0048 0.0168 0.9021 0.0053 0.0119 0.0044 0.0031 0.0029 0.0059 
      H115.1  1 0.0171 0.0239 0.0041 0.0086 0.0335 0.0731 0.0132 0.0130 0.7940 0.0037 0.0029 0.0063 0.0067 
      H115.2  1 0.0054 0.0954 0.0029 0.0085 0.0138 0.0066 0.0058 0.0084 0.8298 0.0032 0.0042 0.0069 0.0091 
      H115.3  1 0.0033 0.0089 0.0033 0.0051 0.0072 0.0028 0.0077 0.0056 0.9426 0.0031 0.0035 0.0038 0.0030 
      H115.4  1 0.0152 0.0039 0.0035 0.0084 0.0095 0.0067 0.0048 0.0068 0.9173 0.0057 0.0051 0.0036 0.0095 
      H115.5  1 0.0067 0.0266 0.0036 0.0233 0.0062 0.0189 0.0081 0.0059 0.8714 0.0078 0.0115 0.0045 0.0054 
      H115.6  1 0.0036 0.0155 0.0090 0.0111 0.0051 0.0026 0.0065 0.0343 0.8932 0.0023 0.0044 0.0080 0.0046 
      H115.7  1 0.0060 0.0130 0.0073 0.0093 0.0385 0.0624 0.0099 0.0107 0.8144 0.0040 0.0078 0.0058 0.0110 
      H115.8  1 0.0038 0.0203 0.0032 0.0088 0.0050 0.0041 0.0077 0.0101 0.9231 0.0023 0.0030 0.0045 0.0043 
      H115.9  1 0.0223 0.1439 0.0038 0.0082 0.0298 0.0174 0.0134 0.0059 0.7345 0.0052 0.0028 0.0056 0.0070 
      H145.1  1 0.0046 0.0039 0.0042 0.0040 0.0110 0.0021 0.0038 0.0122 0.0052 0.0047 0.0083 0.9322 0.0038 
      H145.2  1 0.0053 0.0045 0.0054 0.0069 0.0083 0.0021 0.0041 0.0084 0.0076 0.0048 0.0313 0.9089 0.0023 
      H145.3  1 0.0027 0.0030 0.0038 0.0028 0.0063 0.0029 0.0031 0.0234 0.0035 0.0055 0.0193 0.9204 0.0033 
      H145.4  1 0.0035 0.0030 0.0068 0.0032 0.0073 0.0018 0.0051 0.0043 0.0040 0.0036 0.0106 0.9441 0.0027 
      H145.5  1 0.0030 0.0029 0.0054 0.0034 0.0047 0.0021 0.0046 0.0500 0.0037 0.0028 0.0122 0.9017 0.0034 
      H145.6  1 0.0038 0.0032 0.0049 0.0054 0.0071 0.0040 0.0048 0.0054 0.0039 0.0048 0.0758 0.8740 0.0029 
      H145.7  1 0.0029 0.0026 0.0043 0.0115 0.0047 0.0040 0.0070 0.0051 0.0060 0.0043 0.0495 0.8947 0.0035 
      H149.1  1 0.0036 0.0030 0.0033 0.9605 0.0026 0.0026 0.0031 0.0049 0.0027 0.0029 0.0028 0.0052 0.0028 
      H149.2  1 0.0044 0.0029 0.0045 0.9431 0.0053 0.0028 0.0051 0.0063 0.0039 0.0029 0.0046 0.0114 0.0029 
      H149.3  1 0.0196 0.0040 0.0062 0.7337 0.0339 0.0037 0.0331 0.0170 0.0240 0.0112 0.0297 0.0661 0.0178 
      H149.4  1 0.0105 0.0031 0.0039 0.9479 0.0020 0.0038 0.0054 0.0061 0.0033 0.0029 0.0025 0.0036 0.0049 
      H149.5  1 0.0236 0.0023 0.0057 0.8147 0.0275 0.0035 0.0506 0.0041 0.0044 0.0124 0.0190 0.0206 0.0117 
      H149.6  1 0.0042 0.0021 0.0027 0.9472 0.0047 0.0029 0.0066 0.0051 0.0032 0.0036 0.0057 0.0084 0.0037 
      H149.7  1 0.0588 0.0030 0.0140 0.7498 0.0165 0.0055 0.0263 0.0092 0.0146 0.0043 0.0081 0.0218 0.0681 
      H150.1  1 0.0037 0.3387 0.0038 0.0024 0.0060 0.0035 0.0059 0.0081 0.6108 0.0025 0.0043 0.0059 0.0045 
      H150.2  1 0.0039 0.0781 0.0035 0.0050 0.0041 0.0090 0.0036 0.0115 0.8607 0.0034 0.0039 0.0048 0.0085 
      H150.3  1 0.0046 0.6511 0.0076 0.0066 0.0092 0.0272 0.0094 0.0450 0.2087 0.0025 0.0052 0.0085 0.0145 
      H150.4  1 0.0042 0.8842 0.0049 0.0029 0.0075 0.0068 0.0049 0.0089 0.0542 0.0019 0.0055 0.0058 0.0082 
      H150.5  1 0.0047 0.0362 0.0053 0.0046 0.0101 0.0061 0.0143 0.0037 0.8951 0.0027 0.0039 0.0054 0.0079 
      H150.6  1 0.0094 0.0076 0.0141 0.0039 0.0071 0.0032 0.0056 0.0054 0.9116 0.0048 0.0166 0.0029 0.0077 
      H150.7  1 0.0055 0.7066 0.0035 0.0051 0.0050 0.0059 0.0082 0.0244 0.2198 0.0023 0.0045 0.0058 0.0033 
   H169607.1  1 0.0076 0.0074 0.0070 0.0033 0.9201 0.0037 0.0035 0.0127 0.0076 0.0029 0.0112 0.0079 0.0051 
   H169607.2  1 0.0027 0.0045 0.0036 0.0027 0.9530 0.0036 0.0039 0.0042 0.0044 0.0043 0.0052 0.0043 0.0037 
   H169607.3  1 0.0054 0.0040 0.0042 0.0027 0.9336 0.0033 0.0031 0.0094 0.0065 0.0031 0.0074 0.0121 0.0053 
   H169607.4  1 0.0024 0.0054 0.0073 0.0026 0.9527 0.0022 0.0026 0.0070 0.0032 0.0026 0.0056 0.0041 0.0021 
   H169607.5  1 0.0023 0.0065 0.0038 0.0033 0.9576 0.0033 0.0027 0.0035 0.0033 0.0030 0.0031 0.0040 0.0036 
   H169607.6  1 0.0031 0.0041 0.0024 0.0030 0.9601 0.0035 0.0032 0.0048 0.0025 0.0031 0.0041 0.0035 0.0025 
   H169607.7  1 0.0050 0.0041 0.0029 0.0032 0.9434 0.0032 0.0041 0.0045 0.0083 0.0032 0.0064 0.0045 0.0073 
   H169607.8  1 0.0025 0.0049 0.0054 0.0029 0.9561 0.0030 0.0042 0.0042 0.0025 0.0034 0.0038 0.0036 0.0034 
   H169633.1  1 0.0047 0.0055 0.0058 0.8877 0.0031 0.0196 0.0068 0.0049 0.0061 0.0053 0.0185 0.0052 0.0268 
   H169633.2  1 0.0114 0.0035 0.0112 0.8156 0.0024 0.0085 0.0086 0.0036 0.0655 0.0084 0.0313 0.0061 0.0240 
   H169633.3  1 0.0060 0.0078 0.0070 0.9151 0.0039 0.0096 0.0061 0.0042 0.0061 0.0078 0.0094 0.0109 0.0061 
   H169633.4  1 0.0049 0.0078 0.0076 0.9145 0.0055 0.0115 0.0073 0.0037 0.0060 0.0061 0.0037 0.0189 0.0026 
   H169633.5  1 0.0062 0.0078 0.0092 0.9058 0.0068 0.0119 0.0069 0.0052 0.0075 0.0061 0.0049 0.0180 0.0037 
   H169688.1  1 0.0077 0.0080 0.0071 0.0048 0.0122 0.0285 0.0033 0.0187 0.0048 0.0120 0.0093 0.0090 0.8746 
   H169688.2  1 0.0078 0.0027 0.0046 0.0034 0.0036 0.0048 0.0046 0.0026 0.0030 0.0044 0.0047 0.0058 0.9480 
   H169688.3  1 0.0034 0.0032 0.0036 0.0026 0.0027 0.0027 0.0030 0.0031 0.0029 0.0019 0.0031 0.0031 0.9648 
   H169688.4  1 0.0034 0.0037 0.0028 0.0027 0.0031 0.0028 0.0023 0.0026 0.0054 0.0020 0.0026 0.0028 0.9639 
   H169688.5  1 0.0034 0.0054 0.0034 0.0030 0.0037 0.0024 0.0023 0.0027 0.0034 0.0026 0.0027 0.0030 0.9619 
   H169688.6  1 0.0232 0.0030 0.0036 0.0077 0.0034 0.0040 0.0027 0.0036 0.0021 0.0046 0.0033 0.0033 0.9355 
   H169688.7  1 0.0052 0.0063 0.0041 0.0051 0.0041 0.0033 0.0041 0.0113 0.0104 0.0019 0.0098 0.0112 0.9232 
   H171901.1  1 0.0181 0.0318 0.0060 0.0095 0.2632 0.0460 0.0735 0.0080 0.2497 0.0029 0.0094 0.2687 0.0132 
   H171901.2  1 0.0050 0.0206 0.0340 0.8476 0.0268 0.0048 0.0113 0.0068 0.0116 0.0033 0.0106 0.0111 0.0063 
   H171901.3  1 0.0116 0.0208 0.0197 0.7394 0.0603 0.0207 0.0120 0.0075 0.0514 0.0081 0.0141 0.0121 0.0223 
   H171901.4  1 0.0058 0.0126 0.0168 0.8438 0.0478 0.0059 0.0117 0.0059 0.0228 0.0053 0.0096 0.0060 0.0061 
   H171901.5  1 0.0114 0.0142 0.0525 0.7679 0.0365 0.0033 0.0091 0.0131 0.0555 0.0046 0.0185 0.0068 0.0066 
   H171901.6  1 0.0249 0.0406 0.0337 0.6396 0.0316 0.0050 0.0104 0.0225 0.0926 0.0104 0.0430 0.0357 0.0100 
   H171901.7  1 0.0121 0.0253 0.0183 0.5667 0.0307 0.0103 0.0069 0.0056 0.0197 0.0128 0.0197 0.2116 0.0604 
   H171902.1  1 0.0034 0.0042 0.0030 0.0039 0.0040 0.0024 0.0023 0.9596 0.0041 0.0029 0.0043 0.0030 0.0030 
  H171902.10  1 0.0034 0.0024 0.0039 0.0033 0.0048 0.0021 0.0027 0.9585 0.0057 0.0023 0.0023 0.0032 0.0052 
   H171902.2  1 0.0042 0.0042 0.0034 0.0088 0.0051 0.0045 0.0029 0.9458 0.0043 0.0027 0.0061 0.0037 0.0043 
   H171902.3  1 0.0040 0.0052 0.0031 0.0115 0.0057 0.0025 0.0023 0.9457 0.0059 0.0028 0.0053 0.0029 0.0031 
   H171902.4  1 0.0040 0.0026 0.0032 0.0077 0.0023 0.0026 0.0029 0.9593 0.0030 0.0021 0.0033 0.0043 0.0028 
   H171902.6  1 0.0033 0.0033 0.0036 0.0044 0.0031 0.0024 0.0025 0.9631 0.0036 0.0026 0.0027 0.0036 0.0019 
   H171902.7  1 0.0030 0.0030 0.0055 0.0072 0.0408 0.0018 0.0049 0.9047 0.0077 0.0022 0.0034 0.0126 0.0033 
   H171902.8  1 0.0027 0.0045 0.0037 0.0048 0.0036 0.0028 0.0027 0.9577 0.0045 0.0028 0.0038 0.0036 0.0030 
   H171902.9  1 0.0027 0.0052 0.0036 0.0029 0.0054 0.0027 0.0033 0.9580 0.0042 0.0026 0.0027 0.0042 0.0026 
   H171903.1  1 0.0030 0.0095 0.0040 0.0030 0.9396 0.0033 0.0046 0.0031 0.0105 0.0049 0.0040 0.0052 0.0053 
   H171903.2  1 0.0060 0.0144 0.0093 0.0027 0.9096 0.0027 0.0100 0.0034 0.0122 0.0090 0.0063 0.0090 0.0053 
   H171903.3  1 0.0093 0.0131 0.0306 0.0063 0.7918 0.0065 0.0201 0.0056 0.0287 0.0369 0.0024 0.0354 0.0133 
   H171903.4  1 0.0043 0.0073 0.0082 0.0048 0.8413 0.0043 0.0055 0.0188 0.0133 0.0035 0.0061 0.0316 0.0511 
   H171903.5  1 0.0089 0.0200 0.0049 0.0119 0.8384 0.0043 0.0089 0.0075 0.0175 0.0054 0.0053 0.0096 0.0576 
   H171903.6  1 0.0048 0.0072 0.0032 0.0074 0.8561 0.0023 0.0036 0.0044 0.0093 0.0046 0.0026 0.0072 0.0873 
      H177.1  1 0.0226 0.0241 0.2898 0.0251 0.0327 0.0085 0.0034 0.0077 0.0300 0.0125 0.0037 0.5076 0.0322 
      H177.2  1 0.0992 0.0319 0.2701 0.0949 0.0763 0.0030 0.0079 0.0072 0.0519 0.0112 0.1606 0.1753 0.0104 
      H177.3  1 0.0242 0.0143 0.2148 0.0696 0.0845 0.0032 0.0052 0.0177 0.0293 0.0218 0.0230 0.4836 0.0087 
      H177.4  1 0.1233 0.0042 0.1610 0.0195 0.0123 0.0019 0.0190 0.0082 0.0076 0.0351 0.0126 0.5899 0.0054 
      H177.5  1 0.0887 0.0090 0.2395 0.0136 0.0066 0.0029 0.0161 0.0061 0.0224 0.0061 0.0176 0.5416 0.0299 
      H177.6  1 0.0304 0.0137 0.2124 0.1736 0.0458 0.0033 0.0068 0.0140 0.0340 0.0101 0.0105 0.4306 0.0147 
      H179.1  1 0.9450 0.0040 0.0030 0.0029 0.0054 0.0043 0.0064 0.0038 0.0054 0.0025 0.0032 0.0036 0.0103 
      H179.2  1 0.9285 0.0052 0.0039 0.0038 0.0082 0.0034 0.0036 0.0076 0.0100 0.0066 0.0032 0.0037 0.0123 
      H179.3  1 0.7795 0.0103 0.0055 0.0055 0.0159 0.0064 0.0070 0.0052 0.0089 0.0062 0.0062 0.0074 0.1360 
      H179.4  1 0.7431 0.0068 0.0260 0.0171 0.0222 0.0101 0.0066 0.0067 0.0085 0.0541 0.0382 0.0189 0.0418 
      H180.1  1 0.0167 0.0037 0.0039 0.0033 0.0051 0.0049 0.0035 0.0069 0.9387 0.0031 0.0030 0.0026 0.0046 
      H180.2  1 0.0068 0.0042 0.0026 0.0033 0.0035 0.0087 0.0032 0.0025 0.9498 0.0036 0.0044 0.0036 0.0037 
      H180.3  1 0.0060 0.0186 0.0027 0.0038 0.0086 0.0041 0.0033 0.0043 0.9286 0.0053 0.0053 0.0045 0.0050 
      H180.4  1 0.0067 0.0039 0.0040 0.0055 0.0039 0.0086 0.0049 0.0042 0.9426 0.0039 0.0042 0.0037 0.0038 
      H180.5  1 0.0059 0.0034 0.0030 0.0040 0.0029 0.0036 0.0027 0.0037 0.9551 0.0031 0.0040 0.0050 0.0035 
      H180.6  1 0.0053 0.0094 0.0024 0.0086 0.0064 0.0059 0.0055 0.0064 0.9221 0.0041 0.0101 0.0106 0.0032 
      H181.1  1 0.3782 0.0219 0.0124 0.2594 0.0819 0.0173 0.0311 0.0207 0.1104 0.0077 0.0175 0.0189 0.0226 
      H181.2  1 0.5764 0.0099 0.0621 0.0191 0.0080 0.0303 0.0133 0.0422 0.0946 0.0068 0.1206 0.0098 0.0071 
      H181.3  1 0.4854 0.0111 0.0497 0.1326 0.0054 0.0600 0.0212 0.0833 0.0337 0.0041 0.0950 0.0085 0.0100 
      H181.4  1 0.1229 0.2556 0.0409 0.2151 0.0294 0.0103 0.0467 0.0112 0.1229 0.0197 0.0909 0.0123 0.0222 
      H181.5  1 0.9216 0.0035 0.0050 0.0090 0.0043 0.0131 0.0075 0.0056 0.0052 0.0067 0.0047 0.0053 0.0085 
      H181.6  1 0.8136 0.0142 0.0082 0.0105 0.0160 0.0090 0.0141 0.0106 0.0780 0.0080 0.0070 0.0067 0.0040 
      H181.7  1 0.8630 0.0125 0.0053 0.0223 0.0228 0.0048 0.0144 0.0063 0.0092 0.0080 0.0072 0.0080 0.0163 
 H194.1_2004  1 0.0039 0.0059 0.0040 0.0059 0.0086 0.0027 0.0031 0.0057 0.0068 0.0057 0.0057 0.9324 0.0093 
 H194.2_2004  1 0.0029 0.0057 0.0036 0.0036 0.0194 0.0080 0.0042 0.0041 0.0035 0.0024 0.0048 0.9341 0.0037 
 H194.3_2004  1 0.0242 0.0045 0.0101 0.0152 0.0062 0.0026 0.0047 0.0081 0.0054 0.0052 0.0098 0.8943 0.0098 
 H194.4_2004  1 0.0034 0.0045 0.0051 0.0095 0.0064 0.0042 0.0030 0.0060 0.0027 0.0033 0.0105 0.9367 0.0046 
 H194.5_2004  1 0.0099 0.0061 0.0097 0.0149 0.0144 0.0040 0.0050 0.0074 0.0037 0.0094 0.0104 0.8976 0.0073 
 H194.6_2004  1 0.0137 0.0085 0.0542 0.0217 0.0143 0.0039 0.0039 0.0151 0.0049 0.0167 0.0112 0.8221 0.0099 
 H194.7_2004  1 0.0030 0.0042 0.0048 0.0053 0.0114 0.0063 0.0048 0.0024 0.0027 0.0039 0.0033 0.9410 0.0068 
 H194.8_2004  1 0.0049 0.0102 0.0079 0.0080 0.0104 0.0052 0.0042 0.0059 0.0036 0.0077 0.0108 0.9175 0.0037 
      H194.9  1 0.0028 0.0082 0.0045 0.0048 0.0082 0.0077 0.0035 0.0049 0.0042 0.0038 0.0069 0.9357 0.0049 
 H195.1_2003  1 0.0039 0.0047 0.0066 0.0100 0.0040 0.0032 0.0041 0.0049 0.0046 0.0039 0.9396 0.0068 0.0037 
 H195.1_2004  1 0.0026 0.0026 0.0064 0.0056 0.0029 0.0024 0.0033 0.0042 0.0032 0.0023 0.9551 0.0063 0.0031 
 H195.2_2003  1 0.0047 0.0205 0.0172 0.0067 0.0214 0.0037 0.0114 0.0154 0.0046 0.0060 0.8525 0.0125 0.0234 
 H195.2_2004  1 0.0034 0.0024 0.0043 0.0046 0.0029 0.0024 0.0039 0.0031 0.0035 0.0025 0.9561 0.0080 0.0029 
 H195.3_2003  1 0.0038 0.1190 0.0092 0.0044 0.0341 0.0099 0.0128 0.0058 0.0072 0.0039 0.7603 0.0088 0.0208 
 H195.3_2004  1 0.0030 0.0026 0.0084 0.0108 0.0033 0.0027 0.0034 0.0074 0.0036 0.0026 0.9416 0.0076 0.0029 
 H195.4_2003  1 0.0037 0.0030 0.0041 0.0051 0.0034 0.0022 0.0028 0.0035 0.0039 0.0030 0.9555 0.0072 0.0025 
 H195.4_2004  1 0.0026 0.0025 0.0027 0.0037 0.0041 0.0038 0.0025 0.0029 0.0029 0.0045 0.9551 0.0068 0.0059 
 H195.5_2003  1 0.0033 0.0060 0.0122 0.0114 0.0049 0.0048 0.0058 0.0038 0.0060 0.0039 0.9305 0.0047 0.0027 
 H195.5_2004  1 0.0046 0.0036 0.0065 0.0092 0.0055 0.0049 0.0042 0.0055 0.0080 0.0133 0.8984 0.0325 0.0037 
 H195.6_2003  1 0.0029 0.0101 0.0107 0.0030 0.0104 0.0029 0.0050 0.0168 0.0041 0.0030 0.9150 0.0050 0.0110 
 H195.6_2004  1 0.0046 0.0026 0.0064 0.0042 0.0052 0.0035 0.0038 0.0052 0.0025 0.0032 0.9403 0.0159 0.0027 
 H195.7_2003  1 0.0060 0.0045 0.0074 0.0071 0.0084 0.0035 0.0063 0.0035 0.0039 0.0059 0.9291 0.0069 0.0074 
 H195.7_2004  1 0.0033 0.0032 0.0052 0.0032 0.0033 0.0025 0.0026 0.0028 0.0031 0.0028 0.9578 0.0068 0.0034 
      H195.8  1 0.0026 0.0033 0.0042 0.0037 0.0041 0.0042 0.0029 0.0033 0.0032 0.0053 0.9490 0.0109 0.0032 
      H195.9  1 0.0048 0.0038 0.0050 0.0088 0.0050 0.0022 0.0047 0.0036 0.0074 0.0065 0.9272 0.0165 0.0046 
      H415.1  1 0.0147 0.0179 0.1709 0.0431 0.0053 0.0054 0.0063 0.0129 0.6275 0.0036 0.0208 0.0613 0.0102 
      H415.2  1 0.2245 0.0316 0.1670 0.0153 0.0277 0.0034 0.0355 0.3434 0.0455 0.0037 0.0039 0.0897 0.0088 
      H415.3  1 0.1506 0.0075 0.1792 0.1102 0.0060 0.0033 0.0194 0.0161 0.4458 0.0056 0.0133 0.0370 0.0059 
      H415.4  1 0.0117 0.0082 0.1948 0.0210 0.0053 0.0029 0.0083 0.0098 0.6834 0.0069 0.0133 0.0292 0.0051 
      H415.5  1 0.0377 0.0046 0.1817 0.0549 0.0049 0.0034 0.0053 0.0293 0.5880 0.0091 0.0307 0.0438 0.0066 
      H415.6  1 0.0150 0.0097 0.1818 0.0193 0.0058 0.0029 0.0089 0.0091 0.6943 0.0075 0.0123 0.0291 0.0043 
      H415.7  1 0.1034 0.0149 0.2054 0.1126 0.0485 0.0031 0.0252 0.2397 0.0200 0.0117 0.0130 0.1901 0.0124 
      H506.1  1 0.9634 0.0024 0.0031 0.0039 0.0028 0.0030 0.0053 0.0028 0.0025 0.0033 0.0030 0.0022 0.0024 
      H506.2  1 0.9473 0.0020 0.0061 0.0057 0.0036 0.0022 0.0033 0.0036 0.0035 0.0035 0.0094 0.0075 0.0022 
      H506.3  1 0.9465 0.0028 0.0036 0.0045 0.0067 0.0026 0.0051 0.0050 0.0052 0.0031 0.0044 0.0038 0.0069 
      H506.4  1 0.9310 0.0042 0.0050 0.0062 0.0068 0.0029 0.0048 0.0088 0.0096 0.0100 0.0031 0.0032 0.0043 
      H506.5  1 0.9402 0.0027 0.0059 0.0056 0.0041 0.0027 0.0044 0.0058 0.0037 0.0074 0.0090 0.0054 0.0031 
      H506.6  1 0.7910 0.0046 0.0187 0.0056 0.0570 0.0024 0.0115 0.0074 0.0097 0.0095 0.0555 0.0197 0.0073 
      H506.7  1 0.9532 0.0019 0.0044 0.0052 0.0030 0.0029 0.0042 0.0031 0.0025 0.0050 0.0093 0.0031 0.0023 
      H533.1  1 0.9577 0.0022 0.0023 0.0094 0.0029 0.0022 0.0038 0.0023 0.0052 0.0030 0.0030 0.0036 0.0025 
      H533.2  1 0.9524 0.0022 0.0036 0.0102 0.0026 0.0029 0.0032 0.0029 0.0051 0.0035 0.0038 0.0054 0.0021 
      H533.3  1 0.9447 0.0028 0.0024 0.0115 0.0105 0.0025 0.0039 0.0023 0.0036 0.0029 0.0020 0.0072 0.0037 
      H533.4  1 0.8356 0.0045 0.0092 0.0276 0.0297 0.0036 0.0035 0.0038 0.0064 0.0100 0.0119 0.0458 0.0084 
      H535.1  1 0.0035 0.0037 0.0033 0.0034 0.0037 0.0027 0.0025 0.0044 0.0036 0.9616 0.0028 0.0027 0.0021 
      H535.2  1 0.0043 0.0023 0.0035 0.0025 0.0032 0.0028 0.0039 0.0026 0.0023 0.9639 0.0032 0.0031 0.0024 
      H535.3  1 0.0032 0.0019 0.0023 0.0022 0.0025 0.0037 0.0031 0.0023 0.0024 0.9686 0.0031 0.0025 0.0021 
      H535.4  1 0.0028 0.0024 0.0029 0.0033 0.0036 0.0026 0.0026 0.0027 0.0025 0.9646 0.0041 0.0035 0.0024 
      H535.5  1 0.0030 0.0023 0.0031 0.0043 0.0034 0.0022 0.0022 0.0027 0.0024 0.9669 0.0031 0.0023 0.0021 
      H535.6  1 0.0045 0.0068 0.0029 0.0028 0.0073 0.0036 0.0021 0.0064 0.0034 0.9499 0.0044 0.0037 0.0020 
      H535.7  1 0.0024 0.0023 0.0023 0.0027 0.0023 0.0020 0.0021 0.0020 0.0017 0.9734 0.0022 0.0024 0.0023 
      H535.8  1 0.0034 0.0027 0.0034 0.0024 0.0044 0.0024 0.0021 0.0024 0.0022 0.9656 0.0042 0.0026 0.0023 
      H535.9  1 0.0032 0.0027 0.0025 0.0022 0.0036 0.0029 0.0023 0.0030 0.0032 0.9663 0.0027 0.0029 0.0025 
      H539.1  1 0.0019 0.9630 0.0025 0.0023 0.0041 0.0029 0.0024 0.0057 0.0047 0.0021 0.0026 0.0039 0.0020 
      H539.2  1 0.0054 0.7339 0.0171 0.0041 0.0876 0.0290 0.0044 0.0067 0.0487 0.0112 0.0071 0.0126 0.0322 
      H539.3  1 0.0036 0.9009 0.0077 0.0033 0.0179 0.0098 0.0040 0.0049 0.0084 0.0113 0.0087 0.0101 0.0093 
      H539.4  1 0.0035 0.9173 0.0055 0.0037 0.0057 0.0035 0.0048 0.0044 0.0363 0.0029 0.0026 0.0033 0.0063 
      H539.5  1 0.0023 0.9597 0.0025 0.0024 0.0050 0.0033 0.0024 0.0047 0.0054 0.0031 0.0019 0.0044 0.0029 
      H539.6  1 0.0025 0.9494 0.0031 0.0022 0.0075 0.0037 0.0031 0.0068 0.0090 0.0026 0.0036 0.0035 0.0030 
      H539.7  1 0.0030 0.9528 0.0037 0.0033 0.0044 0.0040 0.0029 0.0052 0.0066 0.0023 0.0027 0.0036 0.0055 
      H539.8  1 0.0057 0.8752 0.0070 0.0043 0.0071 0.0181 0.0057 0.0043 0.0242 0.0223 0.0054 0.0058 0.0148 
      H539.9  1 0.0033 0.9543 0.0030 0.0023 0.0053 0.0028 0.0039 0.0028 0.0093 0.0023 0.0027 0.0032 0.0049 
      H540.1  1 0.0054 0.8925 0.0037 0.0029 0.0551 0.0022 0.0046 0.0049 0.0051 0.0049 0.0075 0.0075 0.0037 
      H540.2  1 0.0039 0.9498 0.0036 0.0032 0.0074 0.0031 0.0036 0.0038 0.0048 0.0022 0.0025 0.0060 0.0060 
      H540.3  1 0.0080 0.8231 0.0360 0.0193 0.0121 0.0113 0.0070 0.0061 0.0286 0.0045 0.0140 0.0203 0.0098 
      H540.4  1 0.0063 0.9003 0.0050 0.0036 0.0118 0.0061 0.0075 0.0057 0.0315 0.0060 0.0049 0.0047 0.0067 
      H540.5  1 0.0040 0.9389 0.0101 0.0042 0.0054 0.0045 0.0041 0.0055 0.0035 0.0030 0.0025 0.0045 0.0097 
      H540.6  1 0.0084 0.8879 0.0074 0.0060 0.0341 0.0051 0.0099 0.0071 0.0066 0.0047 0.0075 0.0067 0.0086 
      H540.7  1 0.0081 0.9021 0.0075 0.0186 0.0112 0.0080 0.0068 0.0072 0.0078 0.0030 0.0042 0.0111 0.0043 
      H540.8  1 0.0038 0.8825 0.0045 0.0059 0.0382 0.0026 0.0031 0.0152 0.0061 0.0053 0.0033 0.0241 0.0053 
     H9558.1  1 0.0045 0.9506 0.0026 0.0020 0.0042 0.0038 0.0029 0.0077 0.0028 0.0079 0.0028 0.0036 0.0047 
     H9558.2  1 0.0152 0.9040 0.0069 0.0053 0.0062 0.0068 0.0115 0.0096 0.0050 0.0099 0.0057 0.0065 0.0074 
     H9558.3  1 0.0047 0.9323 0.0065 0.0024 0.0043 0.0104 0.0163 0.0029 0.0036 0.0056 0.0035 0.0042 0.0034 
     H9558.4  1 0.0036 0.9526 0.0028 0.0020 0.0035 0.0046 0.0031 0.0044 0.0029 0.0080 0.0018 0.0037 0.0071 
     H9558.5  1 0.0035 0.9501 0.0038 0.0034 0.0029 0.0066 0.0041 0.0026 0.0043 0.0067 0.0021 0.0021 0.0077 
     H9558.6  1 0.0039 0.9408 0.0059 0.0027 0.0049 0.0045 0.0078 0.0057 0.0049 0.0074 0.0028 0.0062 0.0026 
    kos339.1  1 0.0140 0.0041 0.0056 0.9298 0.0056 0.0033 0.0110 0.0067 0.0056 0.0049 0.0024 0.0038 0.0032 
    kos339.2  1 0.0067 0.0038 0.0062 0.9440 0.0026 0.0033 0.0069 0.0045 0.0046 0.0043 0.0048 0.0044 0.0040 
    kos339.3  1 0.0035 0.0036 0.0027 0.9598 0.0046 0.0026 0.0023 0.0030 0.0038 0.0048 0.0030 0.0038 0.0025 
    kos339.4  1 0.0035 0.0038 0.0036 0.9553 0.0040 0.0034 0.0026 0.0050 0.0038 0.0042 0.0038 0.0041 0.0030 
    kos339.5  1 0.0082 0.0037 0.0030 0.9532 0.0044 0.0032 0.0050 0.0045 0.0034 0.0024 0.0024 0.0031 0.0034 
    kos339.6  1 0.0047 0.0037 0.0034 0.9559 0.0037 0.0027 0.0047 0.0028 0.0028 0.0024 0.0037 0.0067 0.0029 
    kos339.7  1 0.0050 0.0027 0.0032 0.9563 0.0036 0.0026 0.0022 0.0028 0.0031 0.0090 0.0029 0.0039 0.0028 
    kos339.8  1 0.0074 0.0026 0.0036 0.9546 0.0032 0.0032 0.0038 0.0035 0.0039 0.0037 0.0041 0.0030 0.0033 
    kos339.9  1 0.0092 0.0104 0.0093 0.8996 0.0064 0.0021 0.0058 0.0221 0.0108 0.0040 0.0058 0.0104 0.0039 
      H409.1 12 0.9386 0.0032 0.0059 0.0065 0.0030 0.0055 0.0090 0.0033 0.0035 0.0026 0.0046 0.0067 0.0076 
     H409.10 12 0.9296 0.0050 0.0073 0.0038 0.0036 0.0042 0.0096 0.0060 0.0054 0.0051 0.0098 0.0047 0.0059 
      H409.2 12 0.9063 0.0048 0.0243 0.0084 0.0047 0.0038 0.0060 0.0068 0.0049 0.0071 0.0063 0.0073 0.0093 
      H409.3 12 0.9067 0.0094 0.0125 0.0080 0.0057 0.0067 0.0077 0.0049 0.0057 0.0057 0.0061 0.0150 0.0058 
      H409.4 12 0.9045 0.0108 0.0136 0.0073 0.0063 0.0066 0.0104 0.0033 0.0061 0.0047 0.0047 0.0114 0.0103 
      H409.5 12 0.9205 0.0054 0.0098 0.0039 0.0117 0.0044 0.0074 0.0064 0.0100 0.0064 0.0040 0.0065 0.0036 
      H409.6 12 0.8256 0.0114 0.0251 0.0061 0.0143 0.0236 0.0361 0.0067 0.0120 0.0108 0.0053 0.0148 0.0081 
      H409.7 12 0.8358 0.0042 0.0243 0.0124 0.0048 0.0078 0.0465 0.0042 0.0076 0.0026 0.0137 0.0252 0.0107 
      H409.8 12 0.9327 0.0038 0.0043 0.0037 0.0073 0.0089 0.0105 0.0051 0.0053 0.0031 0.0047 0.0052 0.0054 
      H409.9 12 0.6240 0.2859 0.0074 0.0032 0.0086 0.0129 0.0206 0.0033 0.0134 0.0086 0.0036 0.0040 0.0045 
      H413.1 12 0.0024 0.0026 0.0031 0.0032 0.0022 0.9646 0.0052 0.0019 0.0033 0.0027 0.0027 0.0024 0.0036 
      H413.2 12 0.0026 0.0026 0.0019 0.0039 0.0024 0.9691 0.0027 0.0022 0.0029 0.0024 0.0025 0.0026 0.0023 
      H413.3 12 0.0031 0.0046 0.0026 0.0018 0.0028 0.9649 0.0043 0.0029 0.0024 0.0015 0.0021 0.0026 0.0044 
      H413.4 12 0.0040 0.0030 0.0057 0.0061 0.0025 0.9518 0.0077 0.0037 0.0041 0.0022 0.0042 0.0027 0.0024 
      H413.5 12 0.0032 0.0165 0.0031 0.0027 0.0023 0.9375 0.0028 0.0086 0.0095 0.0019 0.0019 0.0049 0.0052 
      H413.6 12 0.0029 0.0144 0.0064 0.0048 0.0027 0.9236 0.0060 0.0026 0.0077 0.0028 0.0076 0.0032 0.0154 
      H413.7 12 0.0020 0.0030 0.0029 0.0028 0.0024 0.9693 0.0030 0.0022 0.0024 0.0022 0.0028 0.0024 0.0026 
      H563.1 12 0.0039 0.0118 0.0111 0.0032 0.0054 0.0133 0.9304 0.0025 0.0045 0.0022 0.0031 0.0042 0.0042 
      H563.2 12 0.0098 0.0075 0.0121 0.0070 0.0043 0.0074 0.9124 0.0093 0.0062 0.0038 0.0049 0.0097 0.0056 
      H563.3 12 0.0038 0.0147 0.0083 0.0033 0.0070 0.0071 0.9343 0.0039 0.0035 0.0023 0.0033 0.0046 0.0038 
      H563.4 12 0.0055 0.0042 0.0068 0.0052 0.0057 0.0103 0.9401 0.0032 0.0046 0.0026 0.0020 0.0050 0.0049 
      H563.5 12 0.0033 0.0081 0.0084 0.0034 0.0057 0.0050 0.9462 0.0024 0.0046 0.0019 0.0038 0.0031 0.0041 
      H563.6 12 0.0049 0.0053 0.0109 0.0121 0.0049 0.0085 0.9297 0.0043 0.0053 0.0036 0.0026 0.0045 0.0035 
      H563.7 12 0.0048 0.0029 0.0118 0.0080 0.0023 0.0103 0.9390 0.0036 0.0057 0.0020 0.0033 0.0033 0.0029 
      H563.8 12 0.0038 0.0178 0.0157 0.0050 0.0082 0.0077 0.9171 0.0044 0.0057 0.0021 0.0038 0.0043 0.0043 
      H563.9 12 0.0075 0.0052 0.0056 0.0109 0.0050 0.0077 0.9238 0.0059 0.0072 0.0021 0.0040 0.0079 0.0072 
     H7374.1 12 0.0046 0.0040 0.9408 0.0039 0.0058 0.0044 0.0061 0.0040 0.0039 0.0058 0.0077 0.0058 0.0031 
     H7374.2 12 0.0047 0.0082 0.9340 0.0027 0.0078 0.0077 0.0093 0.0028 0.0035 0.0039 0.0036 0.0063 0.0056 
     H7374.3 12 0.0067 0.0046 0.9162 0.0037 0.0089 0.0044 0.0070 0.0058 0.0048 0.0048 0.0222 0.0075 0.0034 
     H7374.4 12 0.0039 0.0045 0.9415 0.0082 0.0032 0.0061 0.0041 0.0043 0.0032 0.0061 0.0042 0.0039 0.0069 
     H7374.5 12 0.0029 0.0091 0.9488 0.0046 0.0037 0.0043 0.0059 0.0041 0.0039 0.0032 0.0041 0.0023 0.0031 
     H7374.6 12 0.0054 0.0059 0.9154 0.0086 0.0043 0.0034 0.0055 0.0076 0.0047 0.0079 0.0130 0.0146 0.0037 
     H7374.7 12 0.0034 0.0025 0.9577 0.0038 0.0021 0.0048 0.0045 0.0031 0.0026 0.0047 0.0034 0.0038 0.0034 
     H7374.8 12 0.0039 0.0023 0.9523 0.0041 0.0039 0.0030 0.0070 0.0035 0.0031 0.0037 0.0052 0.0055 0.0025 
     H7374.9 12 0.0028 0.0068 0.9492 0.0050 0.0033 0.0041 0.0048 0.0050 0.0043 0.0026 0.0044 0.0034 0.0045 
     H9563.1 12 0.0050 0.0081 0.0048 0.0054 0.0057 0.0069 0.9324 0.0066 0.0056 0.0032 0.0057 0.0058 0.0047 
     H9563.2 12 0.0032 0.0102 0.0045 0.0039 0.0075 0.0073 0.9323 0.0051 0.0073 0.0043 0.0051 0.0050 0.0044 
     H9563.3 12 0.0062 0.0023 0.0042 0.0041 0.0035 0.0034 0.9498 0.0034 0.0035 0.0053 0.0058 0.0043 0.0042 
     H9563.4 12 0.0096 0.0081 0.0150 0.0061 0.0133 0.0049 0.8664 0.0083 0.0173 0.0174 0.0110 0.0157 0.0067 
     H9563.5 12 0.0097 0.0050 0.0034 0.0077 0.0157 0.0061 0.9153 0.0068 0.0092 0.0047 0.0038 0.0082 0.0043 
     H9563.6 12 0.0047 0.0025 0.0044 0.0029 0.0057 0.0044 0.9498 0.0024 0.0044 0.0049 0.0067 0.0040 0.0032 
     H9563.7 12 0.0034 0.0029 0.0057 0.0026 0.0075 0.0030 0.9498 0.0027 0.0031 0.0071 0.0055 0.0041 0.0025 
     H9563.8 12 0.0114 0.0070 0.0056 0.0168 0.0086 0.0054 0.8472 0.0095 0.0555 0.0056 0.0057 0.0103 0.0113 
     H9563.9 12 0.0048 0.0063 0.0043 0.0067 0.0066 0.0052 0.9274 0.0056 0.0136 0.0033 0.0053 0.0059 0.0051 
     H9572.1 12 0.1965 0.2000 0.0738 0.0129 0.0088 0.0326 0.2979 0.0411 0.0521 0.0174 0.0160 0.0420 0.0089 
     H9572.2 12 0.0173 0.0146 0.1064 0.0066 0.0101 0.0100 0.4369 0.1030 0.0855 0.0043 0.0636 0.1374 0.0043 
     H9572.3 12 0.0459 0.0905 0.2360 0.2549 0.1587 0.0164 0.0913 0.0250 0.0119 0.0210 0.0089 0.0354 0.0041 
     H9572.4 12 0.0404 0.0406 0.1382 0.1916 0.0098 0.0142 0.2734 0.0557 0.0238 0.0345 0.0210 0.1532 0.0037 
     H9572.5 12 0.0372 0.0888 0.0520 0.3000 0.0241 0.0107 0.1967 0.0348 0.0410 0.0151 0.0208 0.1720 0.0067 
