      H105.1  1 0.0100 0.0081 0.0084 0.9735 
      H105.2  1 0.0159 0.0089 0.0233 0.9518 
      H105.3  1 0.0052 0.0035 0.0055 0.9859 
      H105.4  1 0.0179 0.0121 0.0121 0.9579 
      H105.5  1 0.0435 0.0203 0.0346 0.9016 
      H105.6  1 0.0179 0.0104 0.0118 0.9599 
      H105.7  1 0.0069 0.0089 0.0098 0.9744 
      H105.8  1 0.0103 0.0044 0.0098 0.9755 
      H115.1  1 0.9175 0.0077 0.0365 0.0383 
      H115.2  1 0.9783 0.0057 0.0085 0.0074 
      H115.3  1 0.9739 0.0056 0.0110 0.0094 
      H115.4  1 0.8376 0.0205 0.1316 0.0103 
      H115.5  1 0.9087 0.0198 0.0563 0.0152 
      H115.6  1 0.9551 0.0155 0.0167 0.0128 
      H115.7  1 0.9161 0.0156 0.0227 0.0456 
      H115.8  1 0.9746 0.0066 0.0096 0.0093 
      H115.9  1 0.9679 0.0049 0.0152 0.0120 
      H145.1  1 0.0076 0.9812 0.0066 0.0046 
      H145.2  1 0.0078 0.9752 0.0085 0.0086 
      H145.3  1 0.0044 0.9856 0.0046 0.0054 
      H145.4  1 0.0045 0.9838 0.0068 0.0050 
      H145.5  1 0.0033 0.9871 0.0039 0.0057 
      H145.6  1 0.0041 0.9775 0.0088 0.0096 
      H145.7  1 0.0044 0.9800 0.0077 0.0078 
      H149.1  1 0.0093 0.0090 0.9746 0.0071 
      H149.2  1 0.0067 0.0223 0.9619 0.0091 
      H149.3  1 0.0141 0.1129 0.8534 0.0196 
      H149.4  1 0.0076 0.0088 0.9641 0.0195 
      H149.5  1 0.0039 0.0504 0.9229 0.0228 
      H149.6  1 0.0039 0.0282 0.9535 0.0143 
      H149.7  1 0.0064 0.0260 0.9483 0.0193 
      H150.1  1 0.9840 0.0060 0.0037 0.0063 
      H150.2  1 0.9826 0.0066 0.0056 0.0052 
      H150.3  1 0.9738 0.0094 0.0049 0.0118 
      H150.4  1 0.9815 0.0074 0.0039 0.0072 
      H150.5  1 0.9780 0.0068 0.0065 0.0086 
      H150.6  1 0.9666 0.0099 0.0081 0.0155 
      H150.7  1 0.9851 0.0067 0.0035 0.0047 
   H169607.1  1 0.1203 0.8463 0.0143 0.0191 
   H169607.2  1 0.0480 0.9260 0.0092 0.0167 
   H169607.3  1 0.0303 0.9470 0.0093 0.0134 
   H169607.4  1 0.0139 0.9639 0.0052 0.0170 
   H169607.5  1 0.1762 0.7995 0.0101 0.0143 
   H169607.6  1 0.0197 0.9594 0.0074 0.0136 
   H169607.7  1 0.0862 0.8868 0.0176 0.0095 
   H169607.8  1 0.0327 0.9155 0.0076 0.0442 
   H169633.1  1 0.0177 0.0218 0.9447 0.0158 
   H169633.2  1 0.0083 0.0133 0.9699 0.0086 
   H169633.3  1 0.0115 0.0108 0.9664 0.0113 
   H169633.4  1 0.0146 0.0160 0.9559 0.0134 
   H169633.5  1 0.0121 0.0227 0.9479 0.0173 
   H169688.1  1 0.0405 0.8456 0.0261 0.0878 
   H169688.2  1 0.1486 0.6791 0.0646 0.1077 
   H169688.3  1 0.3251 0.5643 0.0492 0.0614 
   H169688.4  1 0.8419 0.1387 0.0128 0.0067 
   H169688.5  1 0.8546 0.1260 0.0139 0.0055 
   H169688.6  1 0.2544 0.3524 0.3698 0.0234 
   H169688.7  1 0.2176 0.7498 0.0200 0.0126 
   H171901.1  1 0.4819 0.2831 0.0303 0.2046 
   H171901.2  1 0.1029 0.1074 0.7285 0.0613 
   H171901.3  1 0.0566 0.0189 0.9075 0.0170 
   H171901.4  1 0.0363 0.0163 0.9228 0.0245 
   H171901.5  1 0.0401 0.0506 0.8951 0.0142 
   H171901.6  1 0.0535 0.0818 0.8506 0.0141 
   H171901.7  1 0.0314 0.0762 0.8809 0.0115 
   H171902.1  1 0.0133 0.9702 0.0114 0.0050 
  H171902.10  1 0.0153 0.9651 0.0125 0.0071 
   H171902.2  1 0.0228 0.9374 0.0320 0.0078 
   H171902.3  1 0.0604 0.8900 0.0419 0.0078 
   H171902.4  1 0.0104 0.9599 0.0208 0.0089 
   H171902.6  1 0.0128 0.9659 0.0165 0.0049 
   H171902.7  1 0.0133 0.9715 0.0093 0.0059 
   H171902.8  1 0.0278 0.9441 0.0225 0.0056 
   H171902.9  1 0.0665 0.9174 0.0072 0.0088 
   H171903.1  1 0.4959 0.4646 0.0236 0.0160 
   H171903.2  1 0.5219 0.3264 0.0419 0.1098 
   H171903.3  1 0.3531 0.2085 0.2575 0.1809 
   H171903.4  1 0.2185 0.7603 0.0083 0.0128 
   H171903.5  1 0.5659 0.1623 0.2433 0.0286 
   H171903.6  1 0.4362 0.5092 0.0486 0.0060 
      H177.1  1 0.0970 0.6632 0.2255 0.0143 
      H177.2  1 0.0375 0.6661 0.2776 0.0188 
      H177.3  1 0.0488 0.5423 0.3956 0.0133 
      H177.4  1 0.0081 0.5134 0.4657 0.0128 
      H177.5  1 0.0442 0.7439 0.1822 0.0297 
      H177.6  1 0.0589 0.4085 0.5210 0.0116 
      H179.1  1 0.0167 0.0121 0.9498 0.0214 
      H179.2  1 0.0253 0.0102 0.9571 0.0073 
      H179.3  1 0.1079 0.0280 0.8464 0.0177 
      H179.4  1 0.0058 0.0139 0.9711 0.0091 
      H180.1  1 0.9335 0.0092 0.0487 0.0085 
      H180.2  1 0.9579 0.0070 0.0250 0.0102 
      H180.3  1 0.9702 0.0096 0.0168 0.0034 
      H180.4  1 0.9326 0.0101 0.0437 0.0136 
      H180.5  1 0.9449 0.0222 0.0261 0.0068 
      H180.6  1 0.8966 0.0571 0.0405 0.0059 
      H181.1  1 0.0296 0.0236 0.9273 0.0195 
      H181.2  1 0.0203 0.0413 0.9174 0.0210 
      H181.3  1 0.0143 0.0212 0.9391 0.0254 
      H181.4  1 0.1852 0.0332 0.7395 0.0421 
      H181.5  1 0.0075 0.0066 0.9713 0.0146 
      H181.6  1 0.0303 0.0095 0.9439 0.0163 
      H181.7  1 0.0104 0.0095 0.9678 0.0123 
 H194.1_2004  1 0.0162 0.9703 0.0069 0.0065 
 H194.2_2004  1 0.0107 0.9764 0.0046 0.0082 
 H194.3_2004  1 0.0068 0.9109 0.0720 0.0104 
 H194.4_2004  1 0.0070 0.9792 0.0085 0.0054 
 H194.5_2004  1 0.0079 0.9467 0.0351 0.0103 
 H194.6_2004  1 0.0128 0.8506 0.1278 0.0089 
 H194.7_2004  1 0.0131 0.9669 0.0067 0.0133 
 H194.8_2004  1 0.0083 0.9624 0.0196 0.0097 
      H194.9  1 0.0099 0.9727 0.0086 0.0088 
 H195.1_2003  1 0.0056 0.9560 0.0297 0.0087 
 H195.1_2004  1 0.0066 0.9746 0.0105 0.0082 
 H195.2_2003  1 0.0084 0.9767 0.0075 0.0075 
 H195.2_2004  1 0.0044 0.9821 0.0084 0.0051 
 H195.3_2003  1 0.0287 0.9543 0.0064 0.0106 
 H195.3_2004  1 0.0041 0.9800 0.0085 0.0074 
 H195.4_2003  1 0.0043 0.9730 0.0165 0.0062 
 H195.4_2004  1 0.0045 0.9829 0.0066 0.0061 
 H195.5_2003  1 0.0096 0.9290 0.0306 0.0307 
 H195.5_2004  1 0.0050 0.9764 0.0079 0.0106 
 H195.6_2003  1 0.0102 0.9768 0.0062 0.0068 
 H195.6_2004  1 0.0034 0.9828 0.0059 0.0078 
 H195.7_2003  1 0.0050 0.9724 0.0110 0.0116 
 H195.7_2004  1 0.0086 0.9762 0.0066 0.0086 
      H195.8  1 0.0072 0.9787 0.0054 0.0087 
      H195.9  1 0.0046 0.9807 0.0104 0.0043 
      H415.1  1 0.3689 0.0891 0.5323 0.0096 
      H415.2  1 0.1640 0.3346 0.4563 0.0451 
      H415.3  1 0.0175 0.0099 0.9643 0.0083 
      H415.4  1 0.2631 0.0144 0.7093 0.0133 
      H415.5  1 0.0189 0.0117 0.9627 0.0067 
      H415.6  1 0.2303 0.0165 0.7399 0.0132 
      H415.7  1 0.0286 0.2347 0.7067 0.0300 
      H506.1  1 0.0039 0.0054 0.9792 0.0115 
      H506.2  1 0.0047 0.0106 0.9765 0.0082 
      H506.3  1 0.0091 0.0096 0.9662 0.0151 
      H506.4  1 0.0128 0.0069 0.9723 0.0080 
      H506.5  1 0.0050 0.0086 0.9775 0.0088 
      H506.6  1 0.0142 0.0578 0.9012 0.0268 
      H506.7  1 0.0034 0.0075 0.9780 0.0111 
      H533.1  1 0.0046 0.0043 0.9863 0.0048 
      H533.2  1 0.0042 0.0044 0.9854 0.0060 
      H533.3  1 0.0051 0.0040 0.9832 0.0077 
      H533.4  1 0.0060 0.0105 0.9770 0.0065 
      H535.1  1 0.0120 0.0125 0.9688 0.0067 
      H535.2  1 0.0048 0.0172 0.9547 0.0233 
      H535.3  1 0.0103 0.0206 0.9337 0.0354 
      H535.4  1 0.0043 0.0116 0.9685 0.0156 
      H535.5  1 0.0048 0.0121 0.9773 0.0058 
      H535.6  1 0.0341 0.0717 0.8826 0.0117 
      H535.7  1 0.0057 0.0053 0.9839 0.0051 
      H535.8  1 0.0059 0.0116 0.9720 0.0105 
      H535.9  1 0.0232 0.0166 0.9503 0.0100 
      H539.1  1 0.9882 0.0040 0.0033 0.0045 
      H539.2  1 0.9679 0.0142 0.0070 0.0109 
      H539.3  1 0.9702 0.0191 0.0049 0.0058 
      H539.4  1 0.9865 0.0040 0.0046 0.0049 
      H539.5  1 0.9868 0.0057 0.0033 0.0042 
      H539.6  1 0.9860 0.0069 0.0037 0.0034 
      H539.7  1 0.9869 0.0045 0.0036 0.0051 
      H539.8  1 0.9768 0.0082 0.0063 0.0087 
      H539.9  1 0.9873 0.0037 0.0038 0.0052 
      H540.1  1 0.9706 0.0184 0.0065 0.0045 
      H540.2  1 0.9802 0.0075 0.0049 0.0074 
      H540.3  1 0.9611 0.0138 0.0154 0.0097 
      H540.4  1 0.9812 0.0079 0.0065 0.0044 
      H540.5  1 0.9772 0.0071 0.0079 0.0078 
      H540.6  1 0.9707 0.0123 0.0088 0.0082 
      H540.7  1 0.9672 0.0093 0.0134 0.0100 
      H540.8  1 0.9657 0.0210 0.0084 0.0049 
     H9558.1  1 0.9792 0.0082 0.0067 0.0060 
     H9558.2  1 0.9245 0.0171 0.0216 0.0369 
     H9558.3  1 0.9291 0.0083 0.0082 0.0544 
     H9558.4  1 0.9822 0.0055 0.0058 0.0065 
     H9558.5  1 0.9846 0.0032 0.0043 0.0079 
     H9558.6  1 0.9613 0.0095 0.0081 0.0211 
    kos339.1  1 0.0090 0.0095 0.9694 0.0121 
    kos339.2  1 0.0070 0.0098 0.9704 0.0128 
    kos339.3  1 0.0057 0.0085 0.9814 0.0044 
    kos339.4  1 0.0062 0.0122 0.9770 0.0046 
    kos339.5  1 0.0070 0.0107 0.9722 0.0101 
    kos339.6  1 0.0049 0.0160 0.9716 0.0076 
    kos339.7  1 0.0042 0.0078 0.9840 0.0039 
    kos339.8  1 0.0039 0.0075 0.9841 0.0045 
    kos339.9  1 0.0394 0.0299 0.9115 0.0192 
      H409.1 12 0.0053 0.0063 0.9427 0.0457 
     H409.10 12 0.0206 0.0129 0.9171 0.0494 
      H409.2 12 0.0084 0.0075 0.9744 0.0098 
      H409.3 12 0.0230 0.0141 0.9359 0.0270 
      H409.4 12 0.0224 0.0132 0.9224 0.0420 
      H409.5 12 0.0207 0.0141 0.9395 0.0256 
      H409.6 12 0.0178 0.0163 0.6467 0.3192 
      H409.7 12 0.0071 0.0182 0.7622 0.2125 
      H409.8 12 0.0091 0.0101 0.9229 0.0579 
      H409.9 12 0.4784 0.0074 0.3707 0.1435 
      H413.1 12 0.0173 0.0068 0.0061 0.9698 
      H413.2 12 0.0163 0.0095 0.0123 0.9620 
      H413.3 12 0.0147 0.0101 0.0070 0.9682 
      H413.4 12 0.0160 0.0081 0.0092 0.9667 
      H413.5 12 0.2750 0.0097 0.0080 0.7074 
      H413.6 12 0.1360 0.0070 0.0050 0.8520 
      H413.7 12 0.0140 0.0079 0.0075 0.9707 
      H563.1 12 0.0074 0.0049 0.0049 0.9828 
      H563.2 12 0.0120 0.0102 0.0105 0.9673 
      H563.3 12 0.0104 0.0055 0.0044 0.9796 
      H563.4 12 0.0060 0.0050 0.0058 0.9831 
      H563.5 12 0.0086 0.0051 0.0043 0.9820 
      H563.6 12 0.0079 0.0056 0.0081 0.9784 
      H563.7 12 0.0049 0.0043 0.0070 0.9838 
      H563.8 12 0.0120 0.0073 0.0066 0.9741 
      H563.9 12 0.0092 0.0096 0.0157 0.9655 
     H7374.1 12 0.0075 0.0367 0.0225 0.9334 
     H7374.2 12 0.0089 0.0202 0.0063 0.9647 
     H7374.3 12 0.0097 0.0665 0.0106 0.9132 
     H7374.4 12 0.0135 0.0465 0.0482 0.8918 
     H7374.5 12 0.0087 0.0363 0.0371 0.9179 
     H7374.6 12 0.0112 0.2094 0.0464 0.7331 
     H7374.7 12 0.0047 0.0609 0.0459 0.8885 
     H7374.8 12 0.0046 0.0280 0.0127 0.9548 
     H7374.9 12 0.0088 0.0889 0.0279 0.8743 
     H9563.1 12 0.0078 0.0077 0.0097 0.9747 
     H9563.2 12 0.0160 0.0072 0.0057 0.9712 
     H9563.3 12 0.0042 0.0094 0.0109 0.9756 
     H9563.4 12 0.0296 0.0208 0.0377 0.9120 
     H9563.5 12 0.0128 0.0156 0.0187 0.9529 
     H9563.6 12 0.0045 0.0054 0.0061 0.9839 
     H9563.7 12 0.0043 0.0062 0.0051 0.9843 
     H9563.8 12 0.0453 0.0176 0.0787 0.8584 
     H9563.9 12 0.0172 0.0073 0.0116 0.9639 
     H9572.1 12 0.2095 0.0685 0.0719 0.6502 
     H9572.2 12 0.0515 0.4209 0.0228 0.5048 
     H9572.3 12 0.0549 0.1169 0.4491 0.3791 
     H9572.4 12 0.0493 0.3103 0.2606 0.3798 
     H9572.5 12 0.1390 0.3023 0.4282 0.1305 
