      H105.1  1 0.9510 0.0135 0.0089 0.0185 0.0082 
      H105.2  1 0.9263 0.0139 0.0440 0.0070 0.0089 
      H105.3  1 0.9644 0.0097 0.0108 0.0099 0.0052 
      H105.4  1 0.9396 0.0189 0.0200 0.0062 0.0153 
      H105.5  1 0.8457 0.0660 0.0528 0.0172 0.0184 
      H105.6  1 0.8709 0.0277 0.0730 0.0115 0.0169 
      H105.7  1 0.9529 0.0161 0.0128 0.0090 0.0092 
      H105.8  1 0.9689 0.0083 0.0118 0.0066 0.0044 
      H115.1  1 0.0318 0.9077 0.0169 0.0376 0.0060 
      H115.2  1 0.0072 0.9677 0.0042 0.0125 0.0083 
      H115.3  1 0.0109 0.9599 0.0055 0.0173 0.0063 
      H115.4  1 0.0287 0.8535 0.0123 0.0742 0.0312 
      H115.5  1 0.0211 0.8554 0.0120 0.0962 0.0154 
      H115.6  1 0.0113 0.9229 0.0060 0.0464 0.0135 
      H115.7  1 0.0184 0.9275 0.0198 0.0215 0.0128 
      H115.8  1 0.0100 0.9607 0.0033 0.0202 0.0059 
      H115.9  1 0.0246 0.9515 0.0072 0.0116 0.0050 
      H145.1  1 0.0056 0.0064 0.0048 0.0082 0.9749 
      H145.2  1 0.0069 0.0057 0.0043 0.0100 0.9730 
      H145.3  1 0.0047 0.0045 0.0050 0.0046 0.9812 
      H145.4  1 0.0058 0.0043 0.0053 0.0084 0.9763 
      H145.5  1 0.0049 0.0042 0.0044 0.0059 0.9807 
      H145.6  1 0.0073 0.0037 0.0066 0.0081 0.9744 
      H145.7  1 0.0052 0.0039 0.0070 0.0102 0.9737 
      H149.1  1 0.0043 0.0044 0.0047 0.9818 0.0049 
      H149.2  1 0.0089 0.0036 0.0059 0.9675 0.0140 
      H149.3  1 0.0856 0.0201 0.0123 0.7576 0.1244 
      H149.4  1 0.0360 0.0038 0.0090 0.9462 0.0050 
      H149.5  1 0.2031 0.0046 0.0127 0.7211 0.0585 
      H149.6  1 0.0160 0.0036 0.0044 0.9661 0.0099 
      H149.7  1 0.2341 0.0113 0.0220 0.7051 0.0276 
      H150.1  1 0.0046 0.9852 0.0029 0.0032 0.0042 
      H150.2  1 0.0064 0.9726 0.0064 0.0081 0.0066 
      H150.3  1 0.0065 0.9708 0.0058 0.0071 0.0098 
      H150.4  1 0.0052 0.9799 0.0043 0.0032 0.0073 
      H150.5  1 0.0064 0.9749 0.0055 0.0080 0.0052 
      H150.6  1 0.0127 0.9612 0.0062 0.0094 0.0105 
      H150.7  1 0.0041 0.9805 0.0037 0.0050 0.0067 
   H169607.1  1 0.0225 0.1004 0.0234 0.0091 0.8447 
   H169607.2  1 0.0202 0.0386 0.0188 0.0062 0.9162 
   H169607.3  1 0.0242 0.0230 0.0082 0.0056 0.9390 
   H169607.4  1 0.0074 0.0157 0.0093 0.0048 0.9629 
   H169607.5  1 0.0092 0.1368 0.0145 0.0079 0.8316 
   H169607.6  1 0.0129 0.0182 0.0080 0.0045 0.9564 
   H169607.7  1 0.0179 0.0710 0.0133 0.0062 0.8915 
   H169607.8  1 0.0210 0.0277 0.0208 0.0036 0.9268 
   H169633.1  1 0.0066 0.0094 0.0117 0.9639 0.0084 
   H169633.2  1 0.0083 0.0043 0.0105 0.9703 0.0066 
   H169633.3  1 0.0076 0.0075 0.0107 0.9664 0.0077 
   H169633.4  1 0.0065 0.0101 0.0132 0.9619 0.0084 
   H169633.5  1 0.0071 0.0097 0.0142 0.9597 0.0094 
   H169688.1  1 0.0327 0.0272 0.7239 0.0102 0.2061 
   H169688.2  1 0.1247 0.1165 0.4395 0.0145 0.3047 
   H169688.3  1 0.0729 0.2677 0.3226 0.0656 0.2712 
   H169688.4  1 0.0058 0.8560 0.0554 0.0152 0.0676 
   H169688.5  1 0.0054 0.8574 0.0604 0.0136 0.0632 
   H169688.6  1 0.1290 0.1742 0.5380 0.0171 0.1416 
   H169688.7  1 0.0212 0.2034 0.0437 0.0333 0.6984 
   H171901.1  1 0.1442 0.5060 0.0175 0.0366 0.2958 
   H171901.2  1 0.0092 0.0232 0.0101 0.9369 0.0206 
   H171901.3  1 0.0170 0.0459 0.0237 0.8795 0.0338 
   H171901.4  1 0.0114 0.0168 0.0107 0.9533 0.0079 
   H171901.5  1 0.0134 0.0186 0.0082 0.9429 0.0169 
   H171901.6  1 0.0156 0.0560 0.0150 0.8668 0.0466 
   H171901.7  1 0.0240 0.0460 0.0307 0.7869 0.1125 
   H171902.1  1 0.0090 0.0121 0.0056 0.0067 0.9666 
  H171902.10  1 0.0091 0.0137 0.0070 0.0133 0.9568 
   H171902.2  1 0.0141 0.0292 0.0114 0.0395 0.9059 
   H171902.3  1 0.0115 0.0514 0.0113 0.0736 0.8521 
   H171902.4  1 0.0073 0.0121 0.0095 0.1081 0.8630 
   H171902.6  1 0.0120 0.0123 0.0057 0.0133 0.9567 
   H171902.7  1 0.0068 0.0102 0.0039 0.0123 0.9667 
   H171902.8  1 0.0100 0.0239 0.0084 0.0201 0.9376 
   H171902.9  1 0.0094 0.0675 0.0100 0.0121 0.9010 
   H171903.1  1 0.0184 0.4109 0.0151 0.0094 0.5462 
   H171903.2  1 0.1080 0.4137 0.0415 0.0166 0.4203 
   H171903.3  1 0.1050 0.3395 0.1131 0.1921 0.2503 
   H171903.4  1 0.0104 0.1566 0.0163 0.0094 0.8073 
   H171903.5  1 0.1032 0.5311 0.0141 0.1868 0.1649 
   H171903.6  1 0.0117 0.3954 0.0147 0.0622 0.5160 
      H177.1  1 0.0178 0.0662 0.2712 0.0444 0.6004 
      H177.2  1 0.0576 0.0450 0.0193 0.0582 0.8199 
      H177.3  1 0.0290 0.0478 0.0537 0.1087 0.7608 
      H177.4  1 0.1280 0.0065 0.0791 0.0658 0.7207 
      H177.5  1 0.1033 0.0292 0.0664 0.0281 0.7730 
      H177.6  1 0.0265 0.0628 0.0435 0.2917 0.5754 
      H179.1  1 0.9746 0.0074 0.0044 0.0066 0.0070 
      H179.2  1 0.9514 0.0164 0.0095 0.0165 0.0062 
      H179.3  1 0.9171 0.0418 0.0122 0.0092 0.0197 
      H179.4  1 0.7674 0.0086 0.1280 0.0455 0.0505 
      H180.1  1 0.0370 0.9358 0.0097 0.0094 0.0082 
      H180.2  1 0.0230 0.9444 0.0099 0.0120 0.0107 
      H180.3  1 0.0078 0.9614 0.0041 0.0147 0.0120 
      H180.4  1 0.0342 0.9150 0.0137 0.0231 0.0139 
      H180.5  1 0.0175 0.9271 0.0104 0.0144 0.0306 
      H180.6  1 0.0111 0.8770 0.0064 0.0347 0.0708 
      H181.1  1 0.7271 0.0359 0.0338 0.1694 0.0339 
      H181.2  1 0.7199 0.0217 0.1059 0.0422 0.1103 
      H181.3  1 0.7788 0.0159 0.0719 0.0955 0.0380 
      H181.4  1 0.4597 0.2939 0.0642 0.1301 0.0521 
      H181.5  1 0.9610 0.0066 0.0130 0.0139 0.0055 
      H181.6  1 0.9259 0.0209 0.0137 0.0266 0.0129 
      H181.7  1 0.9438 0.0118 0.0091 0.0254 0.0099 
 H194.1_2004  1 0.0058 0.0261 0.0076 0.0079 0.9526 
 H194.2_2004  1 0.0066 0.0151 0.0075 0.0059 0.9650 
 H194.3_2004  1 0.0189 0.0069 0.0121 0.0948 0.8673 
 H194.4_2004  1 0.0043 0.0054 0.0085 0.0137 0.9682 
 H194.5_2004  1 0.0093 0.0061 0.0185 0.0376 0.9284 
 H194.6_2004  1 0.0103 0.0130 0.0804 0.0490 0.8473 
 H194.7_2004  1 0.0075 0.0113 0.0108 0.0060 0.9644 
 H194.8_2004  1 0.0102 0.0081 0.0307 0.0193 0.9317 
      H194.9  1 0.0055 0.0118 0.0121 0.0091 0.9615 
 H195.1_2003  1 0.0106 0.0069 0.0226 0.0325 0.9273 
 H195.1_2004  1 0.0089 0.0067 0.0107 0.0185 0.9552 
 H195.2_2003  1 0.0075 0.0086 0.0109 0.0090 0.9640 
 H195.2_2004  1 0.0052 0.0040 0.0066 0.0113 0.9728 
 H195.3_2003  1 0.0100 0.0365 0.0262 0.0079 0.9194 
 H195.3_2004  1 0.0063 0.0040 0.0068 0.0161 0.9669 
 H195.4_2003  1 0.0073 0.0046 0.0056 0.0294 0.9531 
 H195.4_2004  1 0.0056 0.0033 0.0073 0.0059 0.9780 
 H195.5_2003  1 0.0144 0.0097 0.0726 0.0379 0.8654 
 H195.5_2004  1 0.0053 0.0049 0.0227 0.0075 0.9596 
 H195.6_2003  1 0.0053 0.0088 0.0064 0.0053 0.9742 
 H195.6_2004  1 0.0061 0.0030 0.0074 0.0061 0.9774 
 H195.7_2003  1 0.0097 0.0046 0.0252 0.0154 0.9450 
 H195.7_2004  1 0.0051 0.0106 0.0112 0.0066 0.9665 
      H195.8  1 0.0054 0.0044 0.0127 0.0050 0.9726 
      H195.9  1 0.0049 0.0037 0.0066 0.0083 0.9764 
      H415.1  1 0.0108 0.1608 0.0058 0.8074 0.0152 
      H415.2  1 0.2816 0.1016 0.0337 0.3273 0.2559 
      H415.3  1 0.0346 0.0134 0.0088 0.9362 0.0071 
      H415.4  1 0.0150 0.0803 0.0099 0.8849 0.0099 
      H415.5  1 0.0158 0.0126 0.0087 0.9537 0.0092 
      H415.6  1 0.0163 0.0870 0.0093 0.8786 0.0088 
      H415.7  1 0.0491 0.0232 0.0509 0.6831 0.1936 
      H506.1  1 0.9765 0.0031 0.0055 0.0106 0.0043 
      H506.2  1 0.9441 0.0043 0.0084 0.0245 0.0187 
      H506.3  1 0.9704 0.0065 0.0050 0.0080 0.0101 
      H506.4  1 0.9600 0.0093 0.0097 0.0122 0.0088 
      H506.5  1 0.9515 0.0036 0.0077 0.0256 0.0116 
      H506.6  1 0.8482 0.0133 0.0135 0.0172 0.1079 
      H506.7  1 0.9633 0.0028 0.0076 0.0175 0.0088 
      H533.1  1 0.9389 0.0043 0.0053 0.0451 0.0064 
      H533.2  1 0.9052 0.0043 0.0047 0.0776 0.0082 
      H533.3  1 0.9487 0.0051 0.0056 0.0337 0.0068 
      H533.4  1 0.8086 0.0088 0.0169 0.1010 0.0648 
      H535.1  1 0.0052 0.0071 0.9693 0.0102 0.0081 
      H535.2  1 0.0126 0.0048 0.9640 0.0092 0.0094 
      H535.3  1 0.0130 0.0046 0.9682 0.0051 0.0091 
      H535.4  1 0.0060 0.0038 0.9680 0.0135 0.0087 
      H535.5  1 0.0053 0.0050 0.9622 0.0170 0.0106 
      H535.6  1 0.0072 0.0170 0.9470 0.0050 0.0238 
      H535.7  1 0.0054 0.0052 0.9735 0.0107 0.0052 
      H535.8  1 0.0050 0.0036 0.9800 0.0058 0.0056 
      H535.9  1 0.0066 0.0062 0.9696 0.0066 0.0109 
      H539.1  1 0.0031 0.9835 0.0040 0.0039 0.0054 
      H539.2  1 0.0072 0.9453 0.0297 0.0052 0.0125 
      H539.3  1 0.0043 0.9648 0.0110 0.0034 0.0165 
      H539.4  1 0.0047 0.9830 0.0046 0.0041 0.0037 
      H539.5  1 0.0030 0.9850 0.0048 0.0027 0.0045 
      H539.6  1 0.0033 0.9834 0.0038 0.0037 0.0059 
      H539.7  1 0.0038 0.9824 0.0048 0.0042 0.0048 
      H539.8  1 0.0043 0.9583 0.0250 0.0052 0.0072 
      H539.9  1 0.0046 0.9850 0.0039 0.0035 0.0030 
      H540.1  1 0.0062 0.9565 0.0064 0.0085 0.0223 
      H540.2  1 0.0091 0.9718 0.0051 0.0053 0.0087 
      H540.3  1 0.0068 0.9174 0.0453 0.0171 0.0133 
      H540.4  1 0.0081 0.9740 0.0063 0.0046 0.0069 
      H540.5  1 0.0055 0.9734 0.0072 0.0074 0.0066 
      H540.6  1 0.0092 0.9645 0.0073 0.0057 0.0132 
      H540.7  1 0.0101 0.9466 0.0069 0.0252 0.0112 
      H540.8  1 0.0045 0.9535 0.0075 0.0173 0.0171 
     H9558.1  1 0.0069 0.9674 0.0132 0.0042 0.0084 
     H9558.2  1 0.0302 0.8996 0.0468 0.0066 0.0169 
     H9558.3  1 0.0239 0.9393 0.0240 0.0045 0.0083 
     H9558.4  1 0.0063 0.9659 0.0180 0.0036 0.0062 
     H9558.5  1 0.0043 0.9725 0.0168 0.0038 0.0027 
     H9558.6  1 0.0147 0.9444 0.0266 0.0059 0.0084 
    kos339.1  1 0.0130 0.0046 0.0058 0.9716 0.0050 
    kos339.2  1 0.0072 0.0047 0.0092 0.9736 0.0054 
    kos339.3  1 0.0039 0.0038 0.0069 0.9813 0.0041 
    kos339.4  1 0.0045 0.0047 0.0052 0.9802 0.0054 
    kos339.5  1 0.0122 0.0053 0.0043 0.9733 0.0049 
    kos339.6  1 0.0061 0.0037 0.0050 0.9789 0.0062 
    kos339.7  1 0.0048 0.0036 0.0066 0.9807 0.0043 
    kos339.8  1 0.0063 0.0033 0.0058 0.9809 0.0039 
    kos339.9  1 0.0080 0.0167 0.0062 0.9571 0.0120 
      H409.1 12 0.9674 0.0046 0.0064 0.0152 0.0063 
     H409.10 12 0.9516 0.0124 0.0129 0.0095 0.0136 
      H409.2 12 0.9352 0.0066 0.0194 0.0274 0.0114 
      H409.3 12 0.9576 0.0085 0.0112 0.0136 0.0091 
      H409.4 12 0.9523 0.0103 0.0137 0.0149 0.0088 
      H409.5 12 0.9423 0.0152 0.0193 0.0105 0.0126 
      H409.6 12 0.9407 0.0101 0.0309 0.0081 0.0103 
      H409.7 12 0.9562 0.0055 0.0116 0.0129 0.0138 
      H409.8 12 0.9713 0.0082 0.0072 0.0064 0.0069 
      H409.9 12 0.6570 0.3147 0.0152 0.0061 0.0070 
      H413.1 12 0.0558 0.0300 0.8972 0.0120 0.0049 
      H413.2 12 0.0140 0.0191 0.9289 0.0310 0.0070 
      H413.3 12 0.1210 0.0176 0.8451 0.0045 0.0118 
      H413.4 12 0.1294 0.0176 0.8367 0.0096 0.0067 
      H413.5 12 0.0101 0.4254 0.5532 0.0057 0.0056 
      H413.6 12 0.0150 0.1505 0.8186 0.0095 0.0063 
      H413.7 12 0.0118 0.0223 0.9478 0.0110 0.0070 
      H563.1 12 0.9433 0.0245 0.0174 0.0063 0.0085 
      H563.2 12 0.9500 0.0100 0.0135 0.0154 0.0111 
      H563.3 12 0.9633 0.0156 0.0085 0.0044 0.0083 
      H563.4 12 0.9653 0.0081 0.0116 0.0077 0.0073 
      H563.5 12 0.9494 0.0208 0.0151 0.0073 0.0074 
      H563.6 12 0.9538 0.0098 0.0125 0.0147 0.0092 
      H563.7 12 0.9563 0.0050 0.0129 0.0202 0.0056 
      H563.8 12 0.9188 0.0537 0.0123 0.0079 0.0073 
      H563.9 12 0.9600 0.0070 0.0049 0.0162 0.0119 
     H7374.1 12 0.0299 0.0123 0.8838 0.0219 0.0522 
     H7374.2 12 0.0146 0.0140 0.9448 0.0065 0.0202 
     H7374.3 12 0.0538 0.0138 0.8058 0.0179 0.1087 
     H7374.4 12 0.0066 0.0111 0.9555 0.0149 0.0119 
     H7374.5 12 0.0151 0.0163 0.9227 0.0245 0.0214 
     H7374.6 12 0.0191 0.0091 0.8939 0.0289 0.0491 
     H7374.7 12 0.0066 0.0052 0.9612 0.0146 0.0125 
     H7374.8 12 0.0676 0.0056 0.8754 0.0259 0.0256 
     H7374.9 12 0.0100 0.0222 0.9162 0.0217 0.0298 
     H9563.1 12 0.9507 0.0164 0.0122 0.0118 0.0089 
     H9563.2 12 0.9311 0.0372 0.0112 0.0080 0.0125 
     H9563.3 12 0.9729 0.0037 0.0069 0.0061 0.0104 
     H9563.4 12 0.9290 0.0142 0.0183 0.0175 0.0210 
     H9563.5 12 0.9577 0.0087 0.0086 0.0096 0.0155 
     H9563.6 12 0.9715 0.0070 0.0106 0.0045 0.0064 
     H9563.7 12 0.9673 0.0055 0.0142 0.0039 0.0090 
     H9563.8 12 0.9169 0.0236 0.0084 0.0375 0.0137 
     H9563.9 12 0.9442 0.0277 0.0104 0.0097 0.0081 
     H9572.1 12 0.6978 0.2005 0.0286 0.0050 0.0681 
     H9572.2 12 0.4385 0.0508 0.0105 0.0190 0.4812 
     H9572.3 12 0.3632 0.0532 0.2526 0.2330 0.0981 
     H9572.4 12 0.5833 0.0624 0.0705 0.0369 0.2469 
     H9572.5 12 0.4401 0.0807 0.0128 0.0709 0.3955 
