      H105.1  1 0.9692 0.0111 0.0101 0.0096 
      H105.2  1 0.9510 0.0199 0.0208 0.0083 
      H105.3  1 0.9838 0.0054 0.0042 0.0065 
      H105.4  1 0.9512 0.0138 0.0138 0.0213 
      H105.5  1 0.8697 0.0355 0.0661 0.0287 
      H105.6  1 0.9431 0.0119 0.0159 0.0291 
      H105.7  1 0.9783 0.0069 0.0091 0.0056 
      H105.8  1 0.9773 0.0097 0.0077 0.0053 
      H115.1  1 0.0908 0.0488 0.8524 0.0081 
      H115.2  1 0.0101 0.0124 0.9718 0.0057 
      H115.3  1 0.0159 0.0203 0.9588 0.0050 
      H115.4  1 0.0152 0.0907 0.8816 0.0125 
      H115.5  1 0.0293 0.0760 0.8813 0.0134 
      H115.6  1 0.0095 0.0251 0.9589 0.0066 
      H115.7  1 0.1114 0.0248 0.8538 0.0100 
      H115.8  1 0.0124 0.0139 0.9696 0.0041 
      H115.9  1 0.0213 0.0245 0.9490 0.0051 
      H145.1  1 0.0054 0.0067 0.0181 0.9698 
      H145.2  1 0.0073 0.0087 0.0114 0.9725 
      H145.3  1 0.0050 0.0042 0.0103 0.9804 
      H145.4  1 0.0070 0.0050 0.0067 0.9813 
      H145.5  1 0.0062 0.0057 0.0119 0.9762 
      H145.6  1 0.0148 0.0097 0.0066 0.9689 
      H145.7  1 0.0052 0.0067 0.0052 0.9830 
      H149.1  1 0.0053 0.9804 0.0059 0.0084 
      H149.2  1 0.0106 0.9640 0.0089 0.0165 
      H149.3  1 0.0201 0.9165 0.0188 0.0447 
      H149.4  1 0.0203 0.9657 0.0069 0.0071 
      H149.5  1 0.0335 0.9375 0.0063 0.0227 
      H149.6  1 0.0187 0.9622 0.0057 0.0134 
      H149.7  1 0.0198 0.9616 0.0076 0.0110 
      H150.1  1 0.0057 0.0045 0.9853 0.0044 
      H150.2  1 0.0097 0.0090 0.9753 0.0060 
      H150.3  1 0.0172 0.0067 0.9696 0.0066 
      H150.4  1 0.0075 0.0040 0.9834 0.0051 
      H150.5  1 0.0131 0.0089 0.9726 0.0054 
      H150.6  1 0.0138 0.0120 0.9648 0.0094 
      H150.7  1 0.0091 0.0046 0.9819 0.0044 
   H169607.1  1 0.0066 0.0115 0.9421 0.0398 
   H169607.2  1 0.0174 0.0102 0.8911 0.0813 
   H169607.3  1 0.0143 0.0166 0.9083 0.0609 
   H169607.4  1 0.0096 0.0072 0.8582 0.1250 
   H169607.5  1 0.0096 0.0063 0.9212 0.0630 
   H169607.6  1 0.0141 0.0089 0.9047 0.0723 
   H169607.7  1 0.0108 0.0146 0.9361 0.0385 
   H169607.8  1 0.0201 0.0077 0.8641 0.1082 
   H169633.1  1 0.0211 0.9375 0.0155 0.0259 
   H169633.2  1 0.0103 0.9674 0.0078 0.0145 
   H169633.3  1 0.0179 0.9344 0.0125 0.0353 
   H169633.4  1 0.0193 0.9246 0.0159 0.0402 
   H169633.5  1 0.0193 0.9164 0.0132 0.0511 
   H169688.1  1 0.0602 0.0834 0.7173 0.1391 
   H169688.2  1 0.1102 0.1604 0.5665 0.1630 
   H169688.3  1 0.0354 0.1277 0.8007 0.0361 
   H169688.4  1 0.0045 0.0104 0.9768 0.0083 
   H169688.5  1 0.0046 0.0116 0.9750 0.0088 
   H169688.6  1 0.0209 0.2833 0.6387 0.0571 
   H169688.7  1 0.0197 0.1023 0.7091 0.1689 
   H171901.1  1 0.2560 0.0423 0.6526 0.0490 
   H171901.2  1 0.0274 0.8712 0.0765 0.0249 
   H171901.3  1 0.0170 0.9148 0.0553 0.0129 
   H171901.4  1 0.0175 0.9309 0.0405 0.0111 
   H171901.5  1 0.0108 0.9292 0.0401 0.0199 
   H171901.6  1 0.0093 0.8836 0.0790 0.0281 
   H171901.7  1 0.0076 0.8704 0.0372 0.0847 
   H171902.1  1 0.0041 0.0364 0.9351 0.0244 
  H171902.10  1 0.0059 0.0542 0.9177 0.0222 
   H171902.2  1 0.0080 0.0529 0.9282 0.0110 
   H171902.3  1 0.0048 0.0674 0.9142 0.0136 
   H171902.4  1 0.0115 0.0945 0.8508 0.0432 
   H171902.6  1 0.0041 0.0706 0.9034 0.0219 
   H171902.7  1 0.0052 0.0436 0.9114 0.0397 
   H171902.8  1 0.0044 0.0991 0.8724 0.0241 
   H171902.9  1 0.0056 0.0064 0.9800 0.0080 
   H171903.1  1 0.0121 0.0083 0.9471 0.0325 
   H171903.2  1 0.0484 0.0098 0.8473 0.0944 
   H171903.3  1 0.0589 0.0617 0.7372 0.1422 
   H171903.4  1 0.0077 0.0049 0.9594 0.0279 
   H171903.5  1 0.0182 0.0637 0.9038 0.0143 
   H171903.6  1 0.0044 0.0158 0.9678 0.0120 
      H177.1  1 0.0115 0.1566 0.1633 0.6687 
      H177.2  1 0.0169 0.2774 0.0472 0.6585 
      H177.3  1 0.0106 0.3098 0.0907 0.5889 
      H177.4  1 0.0166 0.3093 0.0140 0.6601 
      H177.5  1 0.0350 0.1740 0.0568 0.7341 
      H177.6  1 0.0104 0.4686 0.0714 0.4497 
      H179.1  1 0.0208 0.9558 0.0179 0.0056 
      H179.2  1 0.0085 0.9594 0.0250 0.0071 
      H179.3  1 0.0184 0.8258 0.1437 0.0121 
      H179.4  1 0.0134 0.8967 0.0092 0.0808 
      H180.1  1 0.0128 0.0430 0.9387 0.0055 
      H180.2  1 0.0250 0.0475 0.9154 0.0121 
      H180.3  1 0.0054 0.0133 0.9743 0.0070 
      H180.4  1 0.0281 0.0633 0.8953 0.0132 
      H180.5  1 0.0135 0.0306 0.9297 0.0262 
      H180.6  1 0.0105 0.0413 0.9015 0.0467 
      H181.1  1 0.0158 0.9219 0.0503 0.0120 
      H181.2  1 0.0149 0.9404 0.0202 0.0245 
      H181.3  1 0.0226 0.9400 0.0180 0.0194 
      H181.4  1 0.0408 0.7523 0.1685 0.0384 
      H181.5  1 0.0197 0.9663 0.0075 0.0064 
      H181.6  1 0.0149 0.9592 0.0178 0.0080 
      H181.7  1 0.0187 0.9620 0.0100 0.0093 
 H194.1_2004  1 0.0083 0.0126 0.0451 0.9340 
 H194.2_2004  1 0.0145 0.0060 0.0502 0.9293 
 H194.3_2004  1 0.0090 0.0665 0.0101 0.9144 
 H194.4_2004  1 0.0075 0.0102 0.0162 0.9661 
 H194.5_2004  1 0.0116 0.0344 0.0113 0.9427 
 H194.6_2004  1 0.0075 0.0533 0.0234 0.9157 
 H194.7_2004  1 0.0251 0.0078 0.0213 0.9458 
 H194.8_2004  1 0.0090 0.0141 0.0100 0.9668 
      H194.9  1 0.0108 0.0077 0.0183 0.9632 
 H195.1_2003  1 0.0078 0.0282 0.0081 0.9560 
 H195.1_2004  1 0.0053 0.0116 0.0057 0.9775 
 H195.2_2003  1 0.0090 0.0098 0.0264 0.9549 
 H195.2_2004  1 0.0040 0.0064 0.0062 0.9835 
 H195.3_2003  1 0.0237 0.0094 0.1009 0.8661 
 H195.3_2004  1 0.0053 0.0081 0.0045 0.9822 
 H195.4_2003  1 0.0055 0.0198 0.0047 0.9700 
 H195.4_2004  1 0.0042 0.0067 0.0057 0.9835 
 H195.5_2003  1 0.0117 0.0200 0.0070 0.9614 
 H195.5_2004  1 0.0052 0.0065 0.0046 0.9837 
 H195.6_2003  1 0.0099 0.0069 0.0285 0.9547 
 H195.6_2004  1 0.0067 0.0053 0.0045 0.9835 
 H195.7_2003  1 0.0086 0.0174 0.0088 0.9652 
 H195.7_2004  1 0.0065 0.0042 0.0088 0.9806 
      H195.8  1 0.0051 0.0060 0.0049 0.9840 
      H195.9  1 0.0044 0.0071 0.0059 0.9826 
      H415.1  1 0.0106 0.7848 0.1894 0.0152 
      H415.2  1 0.0200 0.5139 0.4263 0.0399 
      H415.3  1 0.0090 0.9730 0.0099 0.0081 
      H415.4  1 0.0097 0.8366 0.1269 0.0268 
      H415.5  1 0.0056 0.9736 0.0087 0.0121 
      H415.6  1 0.0100 0.8372 0.1295 0.0234 
      H415.7  1 0.0172 0.6104 0.1010 0.2714 
      H506.1  1 0.0106 0.9804 0.0038 0.0052 
      H506.2  1 0.0073 0.9796 0.0039 0.0092 
      H506.3  1 0.0127 0.9697 0.0106 0.0070 
      H506.4  1 0.0088 0.9744 0.0114 0.0053 
      H506.5  1 0.0099 0.9790 0.0044 0.0067 
      H506.6  1 0.0186 0.9124 0.0302 0.0388 
      H506.7  1 0.0086 0.9785 0.0044 0.0086 
      H533.1  1 0.0068 0.9851 0.0045 0.0037 
      H533.2  1 0.0045 0.9861 0.0046 0.0048 
      H533.3  1 0.0072 0.9839 0.0048 0.0041 
      H533.4  1 0.0094 0.9682 0.0068 0.0156 
      H535.1  1 0.0071 0.0289 0.0108 0.9531 
      H535.2  1 0.0067 0.0232 0.0063 0.9638 
      H535.3  1 0.0108 0.0173 0.0065 0.9653 
      H535.4  1 0.0071 0.0168 0.0038 0.9722 
      H535.5  1 0.0058 0.0172 0.0055 0.9715 
      H535.6  1 0.0052 0.0098 0.0148 0.9701 
      H535.7  1 0.0066 0.0191 0.0059 0.9685 
      H535.8  1 0.0056 0.0066 0.0049 0.9829 
      H535.9  1 0.0081 0.0183 0.0149 0.9588 
      H539.1  1 0.0054 0.0036 0.9859 0.0052 
      H539.2  1 0.0087 0.0056 0.9760 0.0097 
      H539.3  1 0.0076 0.0046 0.9786 0.0092 
      H539.4  1 0.0079 0.0052 0.9821 0.0049 
      H539.5  1 0.0041 0.0034 0.9871 0.0053 
      H539.6  1 0.0046 0.0033 0.9874 0.0048 
      H539.7  1 0.0056 0.0040 0.9853 0.0050 
      H539.8  1 0.0093 0.0047 0.9752 0.0108 
      H539.9  1 0.0056 0.0037 0.9861 0.0046 
      H540.1  1 0.0043 0.0052 0.9829 0.0076 
      H540.2  1 0.0072 0.0055 0.9817 0.0055 
      H540.3  1 0.0122 0.0110 0.9478 0.0290 
      H540.4  1 0.0064 0.0073 0.9789 0.0074 
      H540.5  1 0.0056 0.0069 0.9822 0.0053 
      H540.6  1 0.0072 0.0080 0.9763 0.0085 
      H540.7  1 0.0113 0.0167 0.9630 0.0091 
      H540.8  1 0.0049 0.0072 0.9775 0.0104 
     H9558.1  1 0.0061 0.0037 0.9820 0.0082 
     H9558.2  1 0.0186 0.0075 0.9578 0.0161 
     H9558.3  1 0.0444 0.0066 0.9411 0.0079 
     H9558.4  1 0.0068 0.0046 0.9811 0.0075 
     H9558.5  1 0.0094 0.0045 0.9803 0.0058 
     H9558.6  1 0.0259 0.0062 0.9591 0.0088 
    kos339.1  1 0.0105 0.9759 0.0071 0.0065 
    kos339.2  1 0.0081 0.9728 0.0059 0.0132 
    kos339.3  1 0.0036 0.9804 0.0070 0.0090 
    kos339.4  1 0.0050 0.9779 0.0078 0.0093 
    kos339.5  1 0.0099 0.9767 0.0065 0.0069 
    kos339.6  1 0.0055 0.9756 0.0047 0.0142 
    kos339.7  1 0.0033 0.9765 0.0049 0.0152 
    kos339.8  1 0.0053 0.9836 0.0037 0.0074 
    kos339.9  1 0.0119 0.9509 0.0243 0.0130 
      H409.1 12 0.0274 0.9613 0.0051 0.0063 
     H409.10 12 0.0362 0.9243 0.0168 0.0227 
      H409.2 12 0.0068 0.9754 0.0080 0.0098 
      H409.3 12 0.0230 0.9345 0.0138 0.0286 
      H409.4 12 0.0193 0.9525 0.0118 0.0164 
      H409.5 12 0.0206 0.9306 0.0185 0.0302 
      H409.6 12 0.4596 0.4826 0.0238 0.0340 
      H409.7 12 0.0996 0.8623 0.0054 0.0327 
      H409.8 12 0.0810 0.8982 0.0094 0.0113 
      H409.9 12 0.2118 0.4011 0.3721 0.0150 
      H413.1 12 0.9771 0.0047 0.0097 0.0084 
      H413.2 12 0.9761 0.0055 0.0108 0.0076 
      H413.3 12 0.9763 0.0055 0.0133 0.0050 
      H413.4 12 0.9746 0.0086 0.0101 0.0066 
      H413.5 12 0.8804 0.0076 0.1045 0.0075 
      H413.6 12 0.9332 0.0058 0.0520 0.0091 
      H413.7 12 0.9786 0.0062 0.0078 0.0075 
      H563.1 12 0.9835 0.0043 0.0073 0.0049 
      H563.2 12 0.9638 0.0145 0.0103 0.0114 
      H563.3 12 0.9808 0.0054 0.0079 0.0059 
      H563.4 12 0.9843 0.0062 0.0049 0.0047 
      H563.5 12 0.9841 0.0051 0.0069 0.0039 
      H563.6 12 0.9753 0.0112 0.0068 0.0066 
      H563.7 12 0.9825 0.0090 0.0039 0.0046 
      H563.8 12 0.9708 0.0084 0.0132 0.0076 
      H563.9 12 0.9643 0.0183 0.0084 0.0090 
     H7374.1 12 0.1400 0.0197 0.0142 0.8261 
     H7374.2 12 0.2515 0.0082 0.0376 0.7027 
     H7374.3 12 0.0738 0.0092 0.0118 0.9051 
     H7374.4 12 0.0362 0.0292 0.0316 0.9030 
     H7374.5 12 0.1250 0.0289 0.0522 0.7939 
     H7374.6 12 0.0133 0.0080 0.0076 0.9711 
     H7374.7 12 0.0232 0.0121 0.0059 0.9589 
     H7374.8 12 0.0990 0.0122 0.0063 0.8824 
     H7374.9 12 0.0587 0.0163 0.0426 0.8825 
     H9563.1 12 0.9677 0.0134 0.0101 0.0088 
     H9563.2 12 0.9680 0.0085 0.0146 0.0089 
     H9563.3 12 0.9800 0.0077 0.0052 0.0071 
     H9563.4 12 0.8996 0.0319 0.0288 0.0398 
     H9563.5 12 0.9553 0.0195 0.0164 0.0089 
     H9563.6 12 0.9834 0.0050 0.0049 0.0068 
     H9563.7 12 0.9804 0.0045 0.0070 0.0082 
     H9563.8 12 0.8255 0.1293 0.0303 0.0149 
     H9563.9 12 0.9625 0.0130 0.0167 0.0078 
     H9572.1 12 0.6484 0.0866 0.1782 0.0868 
     H9572.2 12 0.6801 0.0357 0.0598 0.2245 
     H9572.3 12 0.3207 0.3406 0.1318 0.2069 
     H9572.4 12 0.3687 0.1142 0.0341 0.4830 
     H9572.5 12 0.2858 0.2160 0.1621 0.3361 
