      H105.1  1 0.0027 0.0050 0.0024 0.0025 0.0026 0.0028 0.0024 0.0027 0.9650 0.0029 0.0033 0.0031 0.0026 
      H105.2  1 0.0042 0.0033 0.0026 0.0075 0.0040 0.0028 0.0060 0.0063 0.9433 0.0086 0.0037 0.0019 0.0058 
      H105.3  1 0.0023 0.0048 0.0027 0.0020 0.0026 0.0028 0.0026 0.0038 0.9644 0.0030 0.0030 0.0029 0.0031 
      H105.4  1 0.0029 0.0041 0.0036 0.0031 0.0031 0.0029 0.0033 0.0039 0.9563 0.0030 0.0028 0.0035 0.0075 
      H105.5  1 0.0065 0.0043 0.0029 0.0069 0.0090 0.0045 0.0036 0.0083 0.9362 0.0038 0.0041 0.0038 0.0062 
      H105.6  1 0.0097 0.0050 0.0048 0.0043 0.0041 0.0029 0.0040 0.0070 0.9350 0.0036 0.0050 0.0058 0.0088 
      H105.7  1 0.0051 0.0181 0.0032 0.0064 0.0110 0.0028 0.0050 0.0075 0.9147 0.0066 0.0042 0.0041 0.0113 
      H105.8  1 0.0025 0.0038 0.0024 0.0025 0.0023 0.0021 0.0031 0.0039 0.9635 0.0059 0.0026 0.0021 0.0033 
      H115.1  1 0.0111 0.0069 0.0033 0.0065 0.0051 0.0072 0.0102 0.9103 0.0046 0.0073 0.0057 0.0035 0.0183 
      H115.2  1 0.1128 0.0052 0.0027 0.0074 0.0096 0.0091 0.0084 0.8187 0.0045 0.0057 0.0071 0.0043 0.0046 
      H115.3  1 0.0651 0.0095 0.0055 0.0046 0.0080 0.0076 0.0093 0.8657 0.0057 0.0040 0.0063 0.0054 0.0034 
      H115.4  1 0.0055 0.0056 0.0063 0.0124 0.0074 0.0193 0.0189 0.8667 0.0029 0.0307 0.0090 0.0118 0.0036 
      H115.5  1 0.0300 0.0056 0.0086 0.0068 0.0099 0.0324 0.0082 0.8481 0.0107 0.0064 0.0073 0.0217 0.0043 
      H115.6  1 0.0939 0.0203 0.0032 0.0074 0.0278 0.0353 0.0533 0.6957 0.0053 0.0044 0.0428 0.0057 0.0049 
      H115.7  1 0.0132 0.0100 0.0043 0.0092 0.0068 0.0070 0.0214 0.8908 0.0039 0.0065 0.0113 0.0057 0.0100 
      H115.8  1 0.0359 0.0097 0.0019 0.0059 0.0059 0.0088 0.0088 0.8997 0.0066 0.0041 0.0052 0.0031 0.0045 
      H115.9  1 0.2051 0.0107 0.0040 0.0055 0.0116 0.0104 0.0099 0.6857 0.0077 0.0176 0.0057 0.0039 0.0223 
      H145.1  1 0.0106 0.0051 0.0056 0.0052 0.0118 0.0083 0.0276 0.0048 0.0030 0.0041 0.0112 0.8966 0.0061 
      H145.2  1 0.0040 0.0051 0.0043 0.0036 0.0085 0.0044 0.0065 0.0045 0.0033 0.0042 0.0054 0.9416 0.0047 
      H145.3  1 0.0029 0.0033 0.0037 0.0028 0.0044 0.0027 0.0193 0.0039 0.0030 0.0023 0.0028 0.9454 0.0036 
      H145.4  1 0.0036 0.0076 0.0028 0.0037 0.0096 0.0047 0.0092 0.0030 0.0027 0.0034 0.0055 0.9389 0.0054 
      H145.5  1 0.0036 0.0030 0.0023 0.0032 0.0050 0.0039 0.0291 0.0032 0.0035 0.0028 0.0064 0.9312 0.0030 
      H145.6  1 0.0028 0.0081 0.0037 0.0030 0.0069 0.0047 0.0038 0.0022 0.0027 0.0044 0.0047 0.9503 0.0028 
      H145.7  1 0.0019 0.0046 0.0030 0.0031 0.0038 0.0052 0.0038 0.0034 0.0023 0.0030 0.0045 0.9579 0.0035 
      H149.1  1 0.0024 0.0032 0.0025 0.0029 0.0055 0.9615 0.0037 0.0029 0.0028 0.0027 0.0034 0.0029 0.0035 
      H149.2  1 0.0028 0.0047 0.0039 0.0040 0.0050 0.9494 0.0057 0.0027 0.0040 0.0031 0.0047 0.0055 0.0045 
      H149.3  1 0.0046 0.0482 0.0114 0.0252 0.0547 0.7402 0.0274 0.0178 0.0099 0.0154 0.0050 0.0285 0.0117 
      H149.4  1 0.0029 0.0057 0.0035 0.0042 0.0051 0.9350 0.0038 0.0043 0.0067 0.0175 0.0038 0.0034 0.0041 
      H149.5  1 0.0026 0.0520 0.0077 0.0156 0.0208 0.8139 0.0138 0.0030 0.0234 0.0240 0.0036 0.0127 0.0068 
      H149.6  1 0.0022 0.0080 0.0037 0.0042 0.0048 0.9452 0.0044 0.0023 0.0050 0.0033 0.0038 0.0088 0.0044 
      H149.7  1 0.0039 0.0328 0.0042 0.0674 0.0573 0.6937 0.0160 0.0135 0.0149 0.0603 0.0146 0.0074 0.0140 
      H150.1  1 0.6414 0.0036 0.0030 0.0047 0.0046 0.0044 0.0091 0.2892 0.0157 0.0040 0.0047 0.0072 0.0083 
      H150.2  1 0.0917 0.0052 0.0034 0.0048 0.0066 0.0082 0.0094 0.8462 0.0047 0.0036 0.0070 0.0038 0.0054 
      H150.3  1 0.6710 0.0075 0.0024 0.0131 0.0062 0.0064 0.0373 0.2159 0.0061 0.0040 0.0146 0.0064 0.0091 
      H150.4  1 0.9336 0.0048 0.0019 0.0074 0.0036 0.0028 0.0095 0.0120 0.0045 0.0033 0.0059 0.0059 0.0047 
      H150.5  1 0.0845 0.0260 0.0030 0.0117 0.0090 0.0061 0.0122 0.8185 0.0067 0.0032 0.0077 0.0049 0.0064 
      H150.6  1 0.0195 0.0050 0.0045 0.0122 0.0074 0.0044 0.0191 0.8644 0.0121 0.0096 0.0156 0.0160 0.0102 
      H150.7  1 0.8796 0.0044 0.0024 0.0027 0.0045 0.0066 0.0164 0.0453 0.0186 0.0058 0.0050 0.0047 0.0040 
   H169607.1  1 0.0140 0.0064 0.0024 0.0064 0.0099 0.0047 0.8998 0.0094 0.0035 0.0095 0.0107 0.0205 0.0027 
   H169607.2  1 0.0096 0.0070 0.0089 0.0067 0.0109 0.0034 0.9251 0.0042 0.0049 0.0054 0.0056 0.0053 0.0031 
   H169607.3  1 0.0103 0.0094 0.0057 0.0385 0.0944 0.0054 0.7546 0.0090 0.0111 0.0163 0.0065 0.0321 0.0066 
   H169607.4  1 0.0067 0.0032 0.0034 0.0043 0.0062 0.0027 0.9404 0.0024 0.0039 0.0029 0.0082 0.0119 0.0034 
   H169607.5  1 0.0409 0.0095 0.0050 0.0675 0.4058 0.0043 0.4381 0.0054 0.0048 0.0049 0.0045 0.0062 0.0030 
   H169607.6  1 0.0054 0.0039 0.0074 0.0049 0.0148 0.0027 0.9319 0.0030 0.0086 0.0051 0.0040 0.0055 0.0028 
   H169607.7  1 0.0050 0.0046 0.0071 0.0281 0.0229 0.0045 0.8722 0.0143 0.0073 0.0141 0.0044 0.0129 0.0026 
   H169607.8  1 0.0090 0.0073 0.0091 0.0078 0.0146 0.0045 0.9054 0.0060 0.0085 0.0060 0.0065 0.0090 0.0063 
   H169633.1  1 0.0051 0.0092 0.0055 0.0236 0.0050 0.9031 0.0045 0.0088 0.0036 0.0035 0.0074 0.0159 0.0049 
   H169633.2  1 0.0026 0.0050 0.0097 0.0243 0.0048 0.8100 0.0024 0.0058 0.0135 0.0083 0.0842 0.0189 0.0104 
   H169633.3  1 0.0075 0.0089 0.0093 0.0069 0.0149 0.9092 0.0041 0.0075 0.0036 0.0058 0.0080 0.0067 0.0077 
   H169633.4  1 0.0077 0.0131 0.0080 0.0043 0.0113 0.9126 0.0045 0.0096 0.0040 0.0043 0.0083 0.0063 0.0059 
   H169633.5  1 0.0071 0.0121 0.0086 0.0040 0.0144 0.9098 0.0054 0.0083 0.0047 0.0044 0.0085 0.0064 0.0064 
   H169688.1  1 0.0081 0.0039 0.0165 0.8845 0.0119 0.0064 0.0245 0.0085 0.0034 0.0112 0.0048 0.0093 0.0070 
   H169688.2  1 0.0029 0.0042 0.0025 0.9448 0.0060 0.0027 0.0032 0.0032 0.0069 0.0080 0.0040 0.0030 0.0086 
   H169688.3  1 0.0034 0.0032 0.0018 0.9568 0.0041 0.0038 0.0028 0.0031 0.0042 0.0026 0.0053 0.0038 0.0050 
   H169688.4  1 0.0067 0.0025 0.0023 0.9593 0.0031 0.0033 0.0026 0.0039 0.0022 0.0034 0.0031 0.0036 0.0038 
   H169688.5  1 0.0064 0.0025 0.0023 0.9610 0.0031 0.0024 0.0027 0.0038 0.0020 0.0027 0.0031 0.0031 0.0049 
   H169688.6  1 0.0034 0.0027 0.0043 0.9142 0.0040 0.0072 0.0029 0.0029 0.0023 0.0468 0.0031 0.0034 0.0029 
   H169688.7  1 0.0084 0.0035 0.0018 0.9175 0.0049 0.0035 0.0090 0.0090 0.0045 0.0044 0.0078 0.0163 0.0095 
   H171901.1  1 0.0511 0.0520 0.0030 0.0941 0.4022 0.0091 0.0230 0.1947 0.0922 0.0251 0.0124 0.0347 0.0065 
   H171901.2  1 0.0161 0.0083 0.0045 0.0055 0.0476 0.7809 0.0107 0.0088 0.0825 0.0037 0.0187 0.0070 0.0058 
   H171901.3  1 0.0340 0.0096 0.0072 0.0352 0.0952 0.7157 0.0091 0.0379 0.0166 0.0074 0.0182 0.0077 0.0063 
   H171901.4  1 0.0141 0.0048 0.0053 0.0060 0.0168 0.8277 0.0101 0.0157 0.0653 0.0053 0.0156 0.0061 0.0071 
   H171901.5  1 0.0182 0.0039 0.0056 0.0087 0.0266 0.7514 0.0214 0.0138 0.0398 0.0101 0.0804 0.0103 0.0098 
   H171901.6  1 0.0435 0.0059 0.0083 0.0122 0.0792 0.6339 0.0327 0.0243 0.0233 0.0166 0.0804 0.0233 0.0164 
   H171901.7  1 0.0089 0.0043 0.0062 0.0826 0.4968 0.3363 0.0059 0.0185 0.0051 0.0116 0.0084 0.0093 0.0061 
   H171902.1  1 0.0057 0.0035 0.0027 0.0031 0.0051 0.0050 0.9486 0.0033 0.0018 0.0066 0.0059 0.0057 0.0029 
  H171902.10  1 0.0028 0.0038 0.0033 0.0050 0.0067 0.0107 0.9419 0.0041 0.0021 0.0066 0.0064 0.0044 0.0021 
   H171902.2  1 0.0060 0.0039 0.0031 0.0049 0.0053 0.0269 0.9152 0.0057 0.0031 0.0088 0.0056 0.0067 0.0049 
   H171902.3  1 0.0076 0.0025 0.0048 0.0045 0.0056 0.0226 0.9228 0.0077 0.0034 0.0049 0.0057 0.0042 0.0037 
   H171902.4  1 0.0048 0.0042 0.0029 0.0040 0.0097 0.1123 0.8296 0.0050 0.0027 0.0043 0.0110 0.0051 0.0042 
   H171902.6  1 0.0052 0.0030 0.0039 0.0030 0.0064 0.0096 0.9449 0.0036 0.0026 0.0054 0.0050 0.0043 0.0031 
   H171902.7  1 0.0032 0.0036 0.0026 0.0047 0.0068 0.0094 0.9418 0.0041 0.0026 0.0042 0.0075 0.0049 0.0045 
   H171902.8  1 0.0061 0.0031 0.0038 0.0037 0.0087 0.0185 0.9259 0.0050 0.0030 0.0058 0.0084 0.0043 0.0037 
   H171902.9  1 0.0109 0.0038 0.0030 0.0036 0.0039 0.0045 0.9480 0.0033 0.0034 0.0030 0.0044 0.0041 0.0043 
   H171903.1  1 0.0433 0.0147 0.0078 0.0922 0.4974 0.0051 0.2454 0.0339 0.0359 0.0048 0.0076 0.0072 0.0046 
   H171903.2  1 0.0501 0.0206 0.0351 0.0588 0.4916 0.0046 0.0638 0.0179 0.2099 0.0081 0.0154 0.0143 0.0098 
   H171903.3  1 0.0069 0.0072 0.0139 0.1626 0.6349 0.0054 0.0192 0.0090 0.0909 0.0046 0.0295 0.0037 0.0120 
   H171903.4  1 0.0089 0.0059 0.0045 0.2531 0.4376 0.0039 0.2318 0.0130 0.0065 0.0033 0.0126 0.0138 0.0049 
   H171903.5  1 0.0472 0.0168 0.0073 0.2166 0.4825 0.0275 0.0581 0.0189 0.0843 0.0078 0.0113 0.0064 0.0152 
   H171903.6  1 0.0055 0.0047 0.0083 0.4152 0.4804 0.0076 0.0493 0.0041 0.0032 0.0049 0.0038 0.0072 0.0058 
      H177.1  1 0.0109 0.0038 0.0054 0.0273 0.8664 0.0127 0.0113 0.0110 0.0027 0.0134 0.0233 0.0056 0.0061 
      H177.2  1 0.0209 0.0127 0.0074 0.0127 0.4992 0.0497 0.0388 0.0229 0.0049 0.0976 0.0852 0.1303 0.0177 
      H177.3  1 0.0069 0.0075 0.0119 0.0156 0.8346 0.0211 0.0272 0.0054 0.0034 0.0203 0.0191 0.0201 0.0069 
      H177.4  1 0.0040 0.0100 0.0270 0.0106 0.7749 0.0111 0.0071 0.0033 0.0066 0.1276 0.0070 0.0065 0.0043 
      H177.5  1 0.0064 0.0131 0.0045 0.0487 0.7904 0.0089 0.0055 0.0110 0.0079 0.0364 0.0362 0.0119 0.0191 
      H177.6  1 0.0105 0.0071 0.0068 0.0141 0.7972 0.0567 0.0126 0.0084 0.0031 0.0222 0.0377 0.0168 0.0067 
      H179.1  1 0.0086 0.0083 0.0024 0.0260 0.0102 0.0045 0.0042 0.0081 0.0075 0.8756 0.0070 0.0025 0.0351 
      H179.2  1 0.0066 0.0036 0.0188 0.0191 0.0056 0.0062 0.0046 0.0084 0.0074 0.8600 0.0176 0.0031 0.0390 
      H179.3  1 0.0148 0.0086 0.0038 0.1372 0.0225 0.0034 0.0072 0.0157 0.0040 0.7595 0.0080 0.0038 0.0117 
      H179.4  1 0.0056 0.0061 0.0672 0.0390 0.0418 0.0130 0.0076 0.0081 0.0082 0.7172 0.0596 0.0094 0.0173 
      H180.1  1 0.0043 0.0038 0.0026 0.0037 0.0051 0.0032 0.0077 0.9320 0.0045 0.0157 0.0074 0.0035 0.0066 
      H180.2  1 0.0030 0.0022 0.0032 0.0039 0.0052 0.0028 0.0032 0.9541 0.0042 0.0049 0.0046 0.0040 0.0046 
      H180.3  1 0.0135 0.0030 0.0040 0.0079 0.0079 0.0068 0.0061 0.9169 0.0044 0.0056 0.0058 0.0086 0.0093 
      H180.4  1 0.0036 0.0042 0.0042 0.0030 0.0052 0.0057 0.0047 0.9387 0.0065 0.0100 0.0050 0.0034 0.0058 
      H180.5  1 0.0035 0.0030 0.0050 0.0062 0.0122 0.0036 0.0041 0.9347 0.0030 0.0120 0.0036 0.0047 0.0044 
      H180.6  1 0.0126 0.0044 0.0044 0.0051 0.0199 0.0141 0.0094 0.8735 0.0081 0.0082 0.0041 0.0317 0.0045 
      H181.1  1 0.0127 0.0065 0.0090 0.0257 0.2234 0.1500 0.0315 0.0581 0.0690 0.3797 0.0118 0.0127 0.0098 
      H181.2  1 0.0107 0.0074 0.0062 0.0062 0.1952 0.0185 0.0217 0.0580 0.0059 0.5633 0.0582 0.0424 0.0064 
      H181.3  1 0.0179 0.0120 0.0036 0.0127 0.2068 0.1070 0.0589 0.0410 0.0124 0.4820 0.0236 0.0167 0.0053 
      H181.4  1 0.2033 0.0316 0.0189 0.0267 0.2222 0.1535 0.0267 0.0672 0.0309 0.1291 0.0334 0.0232 0.0333 
      H181.5  1 0.0054 0.0079 0.0038 0.0137 0.1457 0.0115 0.0094 0.0098 0.0170 0.7509 0.0085 0.0029 0.0135 
      H181.6  1 0.0136 0.0068 0.0062 0.0041 0.0897 0.0056 0.0085 0.0288 0.0299 0.7802 0.0132 0.0047 0.0086 
      H181.7  1 0.0110 0.0065 0.0056 0.0183 0.1381 0.0136 0.0068 0.0051 0.0605 0.7157 0.0046 0.0047 0.0094 
 H194.1_2004  1 0.0060 0.0045 0.0035 0.1927 0.7545 0.0045 0.0054 0.0040 0.0026 0.0033 0.0057 0.0084 0.0048 
 H194.2_2004  1 0.0069 0.0040 0.0024 0.1593 0.7691 0.0041 0.0154 0.0068 0.0032 0.0028 0.0066 0.0164 0.0029 
 H194.3_2004  1 0.0041 0.0045 0.0045 0.1369 0.7082 0.0192 0.0052 0.0040 0.0041 0.0106 0.0167 0.0129 0.0692 
 H194.4_2004  1 0.0050 0.0029 0.0034 0.1107 0.8104 0.0130 0.0055 0.0038 0.0037 0.0039 0.0081 0.0260 0.0036 
 H194.5_2004  1 0.0052 0.0050 0.0050 0.1429 0.7395 0.0123 0.0120 0.0034 0.0052 0.0069 0.0207 0.0106 0.0315 
 H194.6_2004  1 0.0051 0.0032 0.0134 0.0999 0.7779 0.0185 0.0109 0.0044 0.0038 0.0062 0.0115 0.0102 0.0350 
 H194.7_2004  1 0.0039 0.0051 0.0026 0.1857 0.7683 0.0030 0.0039 0.0031 0.0042 0.0026 0.0037 0.0089 0.0049 
 H194.8_2004  1 0.0130 0.0038 0.0071 0.1156 0.7767 0.0096 0.0093 0.0050 0.0066 0.0043 0.0172 0.0241 0.0076 
      H194.9  1 0.0096 0.0043 0.0055 0.1417 0.7805 0.0072 0.0069 0.0058 0.0036 0.0029 0.0066 0.0211 0.0043 
 H195.1_2003  1 0.0062 0.0047 0.0057 0.0060 0.0103 0.0126 0.0120 0.0050 0.0055 0.0039 0.2867 0.6357 0.0057 
 H195.1_2004  1 0.0027 0.0040 0.0028 0.0043 0.0036 0.0071 0.0036 0.0039 0.0027 0.0034 0.0065 0.9522 0.0032 
 H195.2_2003  1 0.0285 0.0124 0.0084 0.0372 0.0178 0.0111 0.0263 0.0057 0.0171 0.0054 0.1079 0.7170 0.0050 
 H195.2_2004  1 0.0026 0.0026 0.0023 0.0052 0.0037 0.0046 0.0035 0.0032 0.0028 0.0025 0.0048 0.9590 0.0031 
 H195.3_2003  1 0.1785 0.0100 0.0081 0.0603 0.0263 0.0061 0.0331 0.0181 0.0289 0.0044 0.0959 0.5142 0.0163 
 H195.3_2004  1 0.0026 0.0025 0.0032 0.0035 0.0074 0.0104 0.0042 0.0028 0.0027 0.0032 0.0074 0.9464 0.0037 
 H195.4_2003  1 0.0052 0.0043 0.0039 0.0031 0.0094 0.0129 0.0050 0.0029 0.0059 0.0039 0.0587 0.8789 0.0058 
 H195.4_2004  1 0.0024 0.0028 0.0037 0.0067 0.0059 0.0047 0.0027 0.0032 0.0021 0.0027 0.0039 0.9565 0.0027 
 H195.5_2003  1 0.0077 0.0068 0.0042 0.0047 0.0121 0.0153 0.0071 0.0073 0.0053 0.0054 0.3018 0.6173 0.0050 
 H195.5_2004  1 0.0028 0.0033 0.0045 0.0032 0.0039 0.0051 0.0028 0.0040 0.0026 0.0036 0.0058 0.9551 0.0031 
 H195.6_2003  1 0.0182 0.0066 0.0038 0.0095 0.0048 0.0044 0.0122 0.0083 0.0092 0.0034 0.0214 0.8949 0.0031 
 H195.6_2004  1 0.0018 0.0030 0.0034 0.0038 0.0047 0.0031 0.0038 0.0027 0.0043 0.0040 0.0053 0.9555 0.0046 
 H195.7_2003  1 0.0050 0.0109 0.0118 0.0534 0.0276 0.0146 0.0206 0.0039 0.0081 0.0055 0.1311 0.6981 0.0092 
 H195.7_2004  1 0.0048 0.0037 0.0029 0.0040 0.0027 0.0024 0.0035 0.0048 0.0021 0.0027 0.0048 0.9588 0.0029 
      H195.8  1 0.0026 0.0032 0.0044 0.0038 0.0039 0.0027 0.0031 0.0047 0.0019 0.0028 0.0037 0.9610 0.0023 
      H195.9  1 0.0029 0.0040 0.0045 0.0040 0.0068 0.0055 0.0055 0.0030 0.0024 0.0028 0.0051 0.9493 0.0045 
      H415.1  1 0.0169 0.0043 0.0023 0.0100 0.0094 0.0140 0.0046 0.0121 0.0042 0.0063 0.9053 0.0051 0.0054 
      H415.2  1 0.0238 0.0452 0.0048 0.0124 0.1525 0.0110 0.0983 0.0099 0.0052 0.0464 0.5336 0.0085 0.0483 
      H415.3  1 0.0060 0.0164 0.0039 0.0092 0.0179 0.0563 0.0088 0.0106 0.0061 0.0590 0.7925 0.0061 0.0074 
      H415.4  1 0.0082 0.0034 0.0032 0.0045 0.0046 0.0077 0.0041 0.0059 0.0033 0.0037 0.9338 0.0087 0.0089 
      H415.5  1 0.0049 0.0042 0.0043 0.0056 0.0100 0.0373 0.0078 0.0076 0.0032 0.0079 0.8869 0.0076 0.0127 
      H415.6  1 0.0079 0.0046 0.0023 0.0040 0.0041 0.0094 0.0048 0.0061 0.0037 0.0032 0.9330 0.0067 0.0102 
      H415.7  1 0.0141 0.0188 0.0107 0.0151 0.1600 0.0592 0.0792 0.0044 0.0046 0.0531 0.5625 0.0106 0.0077 
      H506.1  1 0.0017 0.0039 0.0038 0.0028 0.0030 0.0054 0.0029 0.0027 0.0029 0.9598 0.0028 0.0032 0.0052 
      H506.2  1 0.0019 0.0033 0.0036 0.0021 0.0043 0.0047 0.0029 0.0019 0.0032 0.9555 0.0039 0.0080 0.0046 
      H506.3  1 0.0037 0.0060 0.0032 0.0073 0.0060 0.0041 0.0049 0.0047 0.0041 0.9376 0.0037 0.0058 0.0090 
      H506.4  1 0.0041 0.0040 0.0095 0.0054 0.0072 0.0054 0.0051 0.0043 0.0025 0.9399 0.0045 0.0036 0.0044 
      H506.5  1 0.0031 0.0037 0.0071 0.0022 0.0034 0.0073 0.0041 0.0028 0.0026 0.9506 0.0053 0.0041 0.0039 
      H506.6  1 0.0057 0.0082 0.0070 0.0081 0.0188 0.0035 0.0062 0.0041 0.0036 0.8986 0.0127 0.0202 0.0033 
      H506.7  1 0.0017 0.0034 0.0029 0.0025 0.0048 0.0048 0.0032 0.0022 0.0031 0.9567 0.0034 0.0054 0.0058 
      H533.1  1 0.0019 0.0024 0.0038 0.0025 0.0029 0.0054 0.0022 0.0047 0.0069 0.9547 0.0030 0.0030 0.0067 
      H533.2  1 0.0021 0.0028 0.0038 0.0019 0.0038 0.0067 0.0025 0.0036 0.0070 0.9518 0.0033 0.0031 0.0075 
      H533.3  1 0.0028 0.0035 0.0031 0.0031 0.0048 0.0061 0.0033 0.0031 0.0047 0.9554 0.0023 0.0031 0.0049 
      H533.4  1 0.0031 0.0024 0.0073 0.0048 0.0107 0.0101 0.0068 0.0044 0.0048 0.9203 0.0063 0.0156 0.0033 
      H535.1  1 0.0036 0.0022 0.9633 0.0026 0.0031 0.0031 0.0032 0.0030 0.0024 0.0035 0.0033 0.0027 0.0039 
      H535.2  1 0.0021 0.0032 0.9631 0.0026 0.0031 0.0038 0.0022 0.0026 0.0033 0.0039 0.0034 0.0034 0.0034 
      H535.3  1 0.0023 0.0028 0.9667 0.0020 0.0025 0.0025 0.0022 0.0029 0.0038 0.0037 0.0025 0.0025 0.0037 
      H535.4  1 0.0019 0.0022 0.9664 0.0027 0.0030 0.0039 0.0025 0.0026 0.0028 0.0028 0.0035 0.0032 0.0027 
      H535.5  1 0.0027 0.0021 0.9662 0.0024 0.0031 0.0040 0.0032 0.0019 0.0024 0.0034 0.0031 0.0023 0.0033 
      H535.6  1 0.0079 0.0023 0.9514 0.0020 0.0042 0.0028 0.0073 0.0042 0.0027 0.0035 0.0032 0.0047 0.0038 
      H535.7  1 0.0018 0.0018 0.9719 0.0023 0.0028 0.0034 0.0022 0.0017 0.0021 0.0027 0.0027 0.0024 0.0023 
      H535.8  1 0.0031 0.0023 0.9664 0.0025 0.0026 0.0027 0.0031 0.0020 0.0030 0.0028 0.0031 0.0032 0.0032 
      H535.9  1 0.0036 0.0022 0.9634 0.0026 0.0044 0.0032 0.0032 0.0040 0.0021 0.0039 0.0028 0.0024 0.0024 
      H539.1  1 0.9666 0.0026 0.0031 0.0021 0.0028 0.0021 0.0043 0.0038 0.0029 0.0019 0.0030 0.0027 0.0021 
      H539.2  1 0.7714 0.0055 0.0119 0.0339 0.0285 0.0051 0.0111 0.1007 0.0040 0.0051 0.0116 0.0051 0.0061 
      H539.3  1 0.9134 0.0041 0.0121 0.0097 0.0107 0.0029 0.0082 0.0118 0.0036 0.0039 0.0065 0.0093 0.0038 
      H539.4  1 0.9309 0.0041 0.0033 0.0087 0.0045 0.0033 0.0037 0.0205 0.0039 0.0032 0.0047 0.0032 0.0061 
      H539.5  1 0.9585 0.0023 0.0032 0.0029 0.0043 0.0025 0.0052 0.0072 0.0026 0.0026 0.0027 0.0025 0.0035 
      H539.6  1 0.9589 0.0031 0.0028 0.0030 0.0034 0.0022 0.0044 0.0064 0.0033 0.0029 0.0031 0.0035 0.0030 
      H539.7  1 0.9535 0.0030 0.0029 0.0058 0.0058 0.0028 0.0051 0.0078 0.0025 0.0028 0.0031 0.0024 0.0025 
      H539.8  1 0.8386 0.0040 0.0244 0.0158 0.0087 0.0043 0.0058 0.0693 0.0044 0.0046 0.0076 0.0052 0.0074 
      H539.9  1 0.9538 0.0035 0.0024 0.0050 0.0033 0.0023 0.0033 0.0073 0.0055 0.0029 0.0041 0.0026 0.0039 
      H540.1  1 0.9193 0.0058 0.0052 0.0047 0.0099 0.0059 0.0194 0.0049 0.0049 0.0050 0.0038 0.0074 0.0038 
      H540.2  1 0.9529 0.0034 0.0021 0.0046 0.0050 0.0044 0.0059 0.0030 0.0029 0.0038 0.0044 0.0035 0.0040 
      H540.3  1 0.7941 0.0057 0.0046 0.0125 0.0260 0.0265 0.0103 0.0211 0.0060 0.0077 0.0638 0.0125 0.0093 
      H540.4  1 0.9134 0.0081 0.0052 0.0106 0.0055 0.0032 0.0116 0.0190 0.0030 0.0067 0.0051 0.0039 0.0047 
      H540.5  1 0.9376 0.0046 0.0032 0.0109 0.0084 0.0041 0.0050 0.0038 0.0034 0.0033 0.0071 0.0027 0.0058 
      H540.6  1 0.8918 0.0107 0.0047 0.0106 0.0183 0.0059 0.0214 0.0053 0.0066 0.0074 0.0054 0.0047 0.0073 
      H540.7  1 0.9021 0.0092 0.0034 0.0062 0.0170 0.0160 0.0062 0.0089 0.0023 0.0107 0.0093 0.0042 0.0045 
      H540.8  1 0.8218 0.0035 0.0056 0.0078 0.1105 0.0058 0.0191 0.0056 0.0028 0.0041 0.0051 0.0039 0.0043 
     H9558.1  1 0.9448 0.0026 0.0080 0.0064 0.0028 0.0025 0.0073 0.0033 0.0071 0.0060 0.0033 0.0027 0.0033 
     H9558.2  1 0.8845 0.0082 0.0084 0.0072 0.0076 0.0056 0.0127 0.0047 0.0208 0.0171 0.0119 0.0033 0.0080 
     H9558.3  1 0.8907 0.0066 0.0060 0.0054 0.0067 0.0025 0.0043 0.0074 0.0493 0.0039 0.0069 0.0026 0.0076 
     H9558.4  1 0.9481 0.0024 0.0082 0.0083 0.0042 0.0023 0.0040 0.0036 0.0052 0.0047 0.0044 0.0023 0.0021 
     H9558.5  1 0.9453 0.0040 0.0088 0.0078 0.0041 0.0031 0.0028 0.0075 0.0040 0.0025 0.0051 0.0017 0.0033 
     H9558.6  1 0.9234 0.0051 0.0053 0.0035 0.0071 0.0032 0.0053 0.0039 0.0220 0.0048 0.0077 0.0028 0.0060 
    kos339.1  1 0.0040 0.0139 0.0045 0.0029 0.0108 0.9184 0.0082 0.0042 0.0052 0.0144 0.0055 0.0025 0.0055 
    kos339.2  1 0.0036 0.0084 0.0046 0.0044 0.0050 0.9375 0.0039 0.0046 0.0049 0.0071 0.0053 0.0069 0.0039 
    kos339.3  1 0.0032 0.0026 0.0046 0.0032 0.0042 0.9583 0.0035 0.0044 0.0026 0.0042 0.0027 0.0037 0.0027 
    kos339.4  1 0.0031 0.0023 0.0049 0.0034 0.0041 0.9557 0.0044 0.0049 0.0027 0.0039 0.0050 0.0030 0.0028 
    kos339.5  1 0.0034 0.0061 0.0029 0.0026 0.0049 0.9500 0.0048 0.0032 0.0030 0.0092 0.0032 0.0027 0.0040 
    kos339.6  1 0.0030 0.0051 0.0027 0.0032 0.0050 0.9530 0.0025 0.0028 0.0031 0.0063 0.0049 0.0049 0.0036 
    kos339.7  1 0.0028 0.0021 0.0085 0.0030 0.0031 0.9565 0.0034 0.0040 0.0021 0.0046 0.0030 0.0038 0.0031 
    kos339.8  1 0.0028 0.0053 0.0032 0.0033 0.0036 0.9448 0.0036 0.0036 0.0030 0.0122 0.0060 0.0042 0.0042 
    kos339.9  1 0.0162 0.0060 0.0044 0.0041 0.0094 0.8996 0.0165 0.0060 0.0062 0.0058 0.0101 0.0077 0.0078 
      H409.1 12 0.0021 0.0036 0.0024 0.0039 0.0038 0.0052 0.0025 0.0023 0.0032 0.0053 0.0038 0.0030 0.9588 
     H409.10 12 0.0084 0.0067 0.0025 0.0196 0.0032 0.0056 0.0064 0.0107 0.0021 0.0272 0.0142 0.0045 0.8888 
      H409.2 12 0.0042 0.0036 0.0083 0.0045 0.0029 0.0084 0.0025 0.0025 0.0034 0.0049 0.0151 0.0039 0.9360 
      H409.3 12 0.0028 0.0033 0.0040 0.0036 0.0045 0.0038 0.0028 0.0029 0.0048 0.0040 0.0034 0.0038 0.9562 
      H409.4 12 0.0030 0.0032 0.0031 0.0034 0.0034 0.0039 0.0025 0.0025 0.0039 0.0033 0.0042 0.0026 0.9612 
      H409.5 12 0.0037 0.0031 0.0044 0.0030 0.0035 0.0023 0.0043 0.0033 0.0035 0.0041 0.0037 0.0029 0.9582 
      H409.6 12 0.0087 0.0096 0.0061 0.0099 0.0105 0.0038 0.0048 0.0078 0.0410 0.0095 0.0056 0.0059 0.8769 
      H409.7 12 0.0028 0.0057 0.0028 0.0038 0.0052 0.0075 0.0029 0.0023 0.0047 0.0047 0.0066 0.0052 0.9459 
      H409.8 12 0.0031 0.0062 0.0037 0.0031 0.0045 0.0036 0.0035 0.0036 0.0032 0.0047 0.0029 0.0027 0.9551 
      H409.9 12 0.3020 0.0196 0.0116 0.0055 0.0095 0.0033 0.0103 0.0498 0.0047 0.0852 0.0092 0.0062 0.4830 
      H413.1 12 0.0036 0.0375 0.0073 0.0142 0.0040 0.0034 0.0031 0.8958 0.0118 0.0028 0.0044 0.0031 0.0092 
      H413.2 12 0.0033 0.0044 0.0084 0.0071 0.0040 0.0077 0.0041 0.9300 0.0151 0.0030 0.0037 0.0064 0.0028 
      H413.3 12 0.0065 0.0359 0.0027 0.0125 0.0061 0.0024 0.0052 0.8926 0.0130 0.0040 0.0043 0.0041 0.0107 
      H413.4 12 0.0056 0.0407 0.0030 0.0040 0.0053 0.0069 0.0041 0.8870 0.0053 0.0069 0.0082 0.0049 0.0181 
      H413.5 12 0.0168 0.0043 0.0024 0.0043 0.0037 0.0029 0.0047 0.9421 0.0035 0.0045 0.0053 0.0022 0.0033 
      H413.6 12 0.0189 0.0363 0.0051 0.0294 0.0117 0.0062 0.0038 0.8263 0.0198 0.0037 0.0226 0.0051 0.0112 
      H413.7 12 0.0077 0.0100 0.0064 0.0081 0.0059 0.0043 0.0034 0.9226 0.0105 0.0040 0.0074 0.0058 0.0037 
      H563.1 12 0.0078 0.9494 0.0022 0.0054 0.0038 0.0029 0.0030 0.0064 0.0041 0.0028 0.0043 0.0024 0.0055 
      H563.2 12 0.0054 0.9233 0.0038 0.0057 0.0089 0.0083 0.0047 0.0059 0.0057 0.0064 0.0068 0.0039 0.0112 
      H563.3 12 0.0062 0.9556 0.0021 0.0030 0.0047 0.0027 0.0043 0.0037 0.0034 0.0030 0.0046 0.0030 0.0037 
      H563.4 12 0.0043 0.9277 0.0028 0.0068 0.0063 0.0060 0.0046 0.0095 0.0113 0.0033 0.0056 0.0027 0.0090 
      H563.5 12 0.0075 0.9538 0.0018 0.0047 0.0026 0.0032 0.0033 0.0045 0.0036 0.0025 0.0058 0.0024 0.0041 
      H563.6 12 0.0045 0.9403 0.0029 0.0037 0.0046 0.0087 0.0045 0.0062 0.0059 0.0046 0.0057 0.0030 0.0053 
      H563.7 12 0.0034 0.9395 0.0025 0.0030 0.0050 0.0141 0.0030 0.0059 0.0047 0.0037 0.0061 0.0037 0.0053 
      H563.8 12 0.0121 0.9367 0.0018 0.0056 0.0065 0.0036 0.0041 0.0068 0.0033 0.0033 0.0075 0.0033 0.0053 
      H563.9 12 0.0061 0.9147 0.0022 0.0048 0.0069 0.0080 0.0053 0.0079 0.0066 0.0044 0.0056 0.0044 0.0230 
     H7374.1 12 0.0035 0.0065 0.0051 0.0042 0.0072 0.0044 0.0047 0.0045 0.0163 0.0024 0.9235 0.0073 0.0104 
     H7374.2 12 0.0080 0.0089 0.0037 0.0072 0.0061 0.0023 0.0051 0.0051 0.0068 0.0048 0.9318 0.0037 0.0064 
     H7374.3 12 0.0058 0.0073 0.0043 0.0039 0.0092 0.0027 0.0052 0.0038 0.0073 0.0036 0.9307 0.0100 0.0062 
     H7374.4 12 0.0075 0.0064 0.0091 0.0104 0.0050 0.0085 0.0039 0.0044 0.0039 0.0046 0.9260 0.0036 0.0067 
     H7374.5 12 0.0135 0.0072 0.0035 0.0044 0.0056 0.0054 0.0069 0.0048 0.0075 0.0047 0.9279 0.0040 0.0046 
     H7374.6 12 0.0066 0.0065 0.0093 0.0034 0.0090 0.0060 0.0052 0.0036 0.0032 0.0055 0.9264 0.0105 0.0049 
     H7374.7 12 0.0031 0.0048 0.0065 0.0056 0.0059 0.0073 0.0035 0.0042 0.0057 0.0038 0.9371 0.0044 0.0081 
     H7374.8 12 0.0025 0.0088 0.0035 0.0028 0.0045 0.0055 0.0056 0.0030 0.0068 0.0035 0.9429 0.0061 0.0047 
     H7374.9 12 0.0151 0.0062 0.0027 0.0038 0.0053 0.0065 0.0043 0.0042 0.0056 0.0041 0.9309 0.0075 0.0039 
     H9563.1 12 0.0044 0.9547 0.0028 0.0038 0.0041 0.0041 0.0043 0.0042 0.0028 0.0055 0.0028 0.0033 0.0030 
     H9563.2 12 0.0065 0.9525 0.0035 0.0033 0.0046 0.0033 0.0042 0.0054 0.0041 0.0038 0.0032 0.0035 0.0021 
     H9563.3 12 0.0023 0.9483 0.0043 0.0037 0.0046 0.0036 0.0029 0.0034 0.0063 0.0054 0.0049 0.0051 0.0052 
     H9563.4 12 0.0070 0.8799 0.0180 0.0075 0.0179 0.0088 0.0039 0.0118 0.0070 0.0065 0.0087 0.0103 0.0127 
     H9563.5 12 0.0044 0.9235 0.0052 0.0072 0.0082 0.0055 0.0051 0.0081 0.0041 0.0091 0.0045 0.0048 0.0104 
     H9563.6 12 0.0022 0.9414 0.0039 0.0031 0.0040 0.0027 0.0033 0.0042 0.0168 0.0053 0.0054 0.0045 0.0034 
     H9563.7 12 0.0028 0.9477 0.0078 0.0031 0.0038 0.0019 0.0033 0.0029 0.0094 0.0056 0.0040 0.0045 0.0031 
     H9563.8 12 0.0061 0.8679 0.0054 0.0142 0.0139 0.0124 0.0051 0.0303 0.0080 0.0130 0.0092 0.0055 0.0091 
     H9563.9 12 0.0053 0.9351 0.0026 0.0064 0.0056 0.0038 0.0035 0.0100 0.0075 0.0084 0.0050 0.0030 0.0037 
     H9572.1 12 0.1326 0.3067 0.0200 0.0121 0.1785 0.0098 0.0977 0.0833 0.0116 0.0918 0.0132 0.0190 0.0237 
     H9572.2 12 0.0120 0.3536 0.0035 0.0037 0.2355 0.0073 0.1195 0.0847 0.0210 0.0131 0.0330 0.0889 0.0243 
     H9572.3 12 0.0486 0.0408 0.0219 0.0055 0.1754 0.1059 0.3538 0.0089 0.0595 0.0097 0.1001 0.0064 0.0635 
     H9572.4 12 0.0273 0.1651 0.0345 0.0031 0.3055 0.1062 0.1865 0.0280 0.0529 0.0345 0.0088 0.0254 0.0223 
     H9572.5 12 0.0529 0.0873 0.0096 0.0086 0.2819 0.2078 0.1429 0.0678 0.0477 0.0506 0.0043 0.0321 0.0066 
