      H105.1  1 0.9740 0.0081 0.0085 0.0094 
      H105.2  1 0.9557 0.0146 0.0193 0.0104 
      H105.3  1 0.9829 0.0057 0.0067 0.0047 
      H105.4  1 0.9540 0.0216 0.0107 0.0136 
      H105.5  1 0.8956 0.0472 0.0368 0.0205 
      H105.6  1 0.9594 0.0191 0.0128 0.0087 
      H105.7  1 0.9752 0.0091 0.0078 0.0079 
      H105.8  1 0.9729 0.0099 0.0126 0.0046 
      H115.1  1 0.0329 0.9276 0.0325 0.0070 
      H115.2  1 0.0070 0.9781 0.0082 0.0067 
      H115.3  1 0.0112 0.9710 0.0124 0.0054 
      H115.4  1 0.0088 0.8424 0.1247 0.0241 
      H115.5  1 0.0176 0.9049 0.0564 0.0211 
      H115.6  1 0.0129 0.9545 0.0165 0.0161 
      H115.7  1 0.0686 0.8892 0.0237 0.0185 
      H115.8  1 0.0097 0.9740 0.0100 0.0063 
      H115.9  1 0.0154 0.9611 0.0174 0.0060 
      H145.1  1 0.0048 0.0081 0.0080 0.9791 
      H145.2  1 0.0082 0.0080 0.0131 0.9707 
      H145.3  1 0.0052 0.0048 0.0050 0.9851 
      H145.4  1 0.0063 0.0045 0.0064 0.9828 
      H145.5  1 0.0049 0.0044 0.0058 0.9849 
      H145.6  1 0.0091 0.0046 0.0089 0.9774 
      H145.7  1 0.0071 0.0037 0.0091 0.9801 
      H149.1  1 0.0079 0.0062 0.9766 0.0093 
      H149.2  1 0.0100 0.0066 0.9570 0.0263 
      H149.3  1 0.0224 0.0145 0.8821 0.0810 
      H149.4  1 0.0223 0.0080 0.9609 0.0088 
      H149.5  1 0.0232 0.0051 0.8981 0.0736 
      H149.6  1 0.0160 0.0041 0.9493 0.0307 
      H149.7  1 0.0151 0.0061 0.9495 0.0293 
      H150.1  1 0.0051 0.9855 0.0039 0.0055 
      H150.2  1 0.0062 0.9815 0.0070 0.0053 
      H150.3  1 0.0134 0.9698 0.0058 0.0110 
      H150.4  1 0.0074 0.9815 0.0036 0.0074 
      H150.5  1 0.0113 0.9744 0.0067 0.0075 
      H150.6  1 0.0111 0.9710 0.0093 0.0087 
      H150.7  1 0.0064 0.9816 0.0047 0.0073 
   H169607.1  1 0.0182 0.1116 0.0148 0.8553 
   H169607.2  1 0.0226 0.0487 0.0092 0.9195 
   H169607.3  1 0.0125 0.0247 0.0132 0.9496 
   H169607.4  1 0.0157 0.0180 0.0054 0.9609 
   H169607.5  1 0.0131 0.0959 0.0094 0.8817 
   H169607.6  1 0.0157 0.0200 0.0078 0.9565 
   H169607.7  1 0.0112 0.0699 0.0138 0.9051 
   H169607.8  1 0.0463 0.0250 0.0063 0.9224 
   H169633.1  1 0.0226 0.0122 0.9340 0.0312 
   H169633.2  1 0.0093 0.0072 0.9704 0.0132 
   H169633.3  1 0.0114 0.0106 0.9622 0.0157 
   H169633.4  1 0.0159 0.0130 0.9537 0.0174 
   H169633.5  1 0.0164 0.0131 0.9535 0.0170 
   H169688.1  1 0.0638 0.0381 0.0295 0.8686 
   H169688.2  1 0.0647 0.0939 0.0785 0.7628 
   H169688.3  1 0.0591 0.1563 0.0652 0.7195 
   H169688.4  1 0.0067 0.7842 0.0155 0.1936 
   H169688.5  1 0.0057 0.7929 0.0122 0.1892 
   H169688.6  1 0.0225 0.1685 0.3602 0.4488 
   H169688.7  1 0.0112 0.1421 0.0227 0.8240 
   H171901.1  1 0.2151 0.4728 0.0282 0.2839 
   H171901.2  1 0.0561 0.1067 0.7284 0.1088 
   H171901.3  1 0.0144 0.0536 0.9162 0.0159 
   H171901.4  1 0.0239 0.0490 0.9067 0.0204 
   H171901.5  1 0.0155 0.0402 0.8974 0.0469 
   H171901.6  1 0.0144 0.0693 0.8254 0.0910 
   H171901.7  1 0.0072 0.0287 0.8654 0.0987 
   H171902.1  1 0.0046 0.0135 0.0154 0.9665 
  H171902.10  1 0.0049 0.0157 0.0128 0.9666 
   H171902.2  1 0.0083 0.0225 0.0315 0.9376 
   H171902.3  1 0.0070 0.0612 0.0476 0.8841 
   H171902.4  1 0.0083 0.0146 0.0258 0.9512 
   H171902.6  1 0.0069 0.0150 0.0139 0.9642 
   H171902.7  1 0.0048 0.0106 0.0079 0.9767 
   H171902.8  1 0.0069 0.0239 0.0219 0.9474 
   H171902.9  1 0.0088 0.0614 0.0097 0.9200 
   H171903.1  1 0.0199 0.4517 0.0205 0.5079 
   H171903.2  1 0.1119 0.4804 0.0386 0.3691 
   H171903.3  1 0.1698 0.3178 0.2871 0.2254 
   H171903.4  1 0.0145 0.1546 0.0084 0.8226 
   H171903.5  1 0.0460 0.5235 0.2277 0.2028 
   H171903.6  1 0.0059 0.3073 0.0490 0.6377 
      H177.1  1 0.0134 0.0764 0.1952 0.7151 
      H177.2  1 0.0124 0.0327 0.2060 0.7489 
      H177.3  1 0.0116 0.0575 0.3160 0.6149 
      H177.4  1 0.0122 0.0085 0.5111 0.4682 
      H177.5  1 0.0314 0.0428 0.1739 0.7519 
      H177.6  1 0.0147 0.0504 0.4543 0.4806 
      H179.1  1 0.0219 0.0145 0.9518 0.0118 
      H179.2  1 0.0056 0.0291 0.9545 0.0107 
      H179.3  1 0.0161 0.0928 0.8652 0.0259 
      H179.4  1 0.0109 0.0081 0.9590 0.0220 
      H180.1  1 0.0112 0.9433 0.0379 0.0076 
      H180.2  1 0.0094 0.9551 0.0232 0.0123 
      H180.3  1 0.0042 0.9656 0.0167 0.0135 
      H180.4  1 0.0170 0.9352 0.0352 0.0126 
      H180.5  1 0.0085 0.9408 0.0237 0.0271 
      H180.6  1 0.0054 0.8878 0.0367 0.0700 
      H181.1  1 0.0155 0.0326 0.9234 0.0285 
      H181.2  1 0.0178 0.0203 0.9194 0.0425 
      H181.3  1 0.0268 0.0160 0.9337 0.0236 
      H181.4  1 0.0620 0.2082 0.6845 0.0453 
      H181.5  1 0.0183 0.0080 0.9668 0.0069 
      H181.6  1 0.0145 0.0232 0.9536 0.0087 
      H181.7  1 0.0123 0.0079 0.9710 0.0088 
 H194.1_2004  1 0.0076 0.0152 0.0066 0.9706 
 H194.2_2004  1 0.0084 0.0114 0.0045 0.9757 
 H194.3_2004  1 0.0109 0.0068 0.0614 0.9209 
 H194.4_2004  1 0.0050 0.0056 0.0105 0.9789 
 H194.5_2004  1 0.0117 0.0058 0.0279 0.9546 
 H194.6_2004  1 0.0077 0.0126 0.1345 0.8452 
 H194.7_2004  1 0.0135 0.0107 0.0083 0.9674 
 H194.8_2004  1 0.0103 0.0085 0.0137 0.9675 
      H194.9  1 0.0072 0.0095 0.0054 0.9780 
 H195.1_2003  1 0.0105 0.0069 0.0405 0.9421 
 H195.1_2004  1 0.0081 0.0072 0.0160 0.9688 
 H195.2_2003  1 0.0081 0.0064 0.0112 0.9742 
 H195.2_2004  1 0.0063 0.0053 0.0086 0.9798 
 H195.3_2003  1 0.0118 0.0258 0.0053 0.9571 
 H195.3_2004  1 0.0070 0.0041 0.0099 0.9791 
 H195.4_2003  1 0.0081 0.0053 0.0197 0.9669 
 H195.4_2004  1 0.0049 0.0043 0.0055 0.9852 
 H195.5_2003  1 0.0463 0.0100 0.0309 0.9128 
 H195.5_2004  1 0.0122 0.0051 0.0094 0.9733 
 H195.6_2003  1 0.0071 0.0076 0.0060 0.9793 
 H195.6_2004  1 0.0089 0.0040 0.0064 0.9807 
 H195.7_2003  1 0.0106 0.0048 0.0221 0.9625 
 H195.7_2004  1 0.0107 0.0118 0.0052 0.9723 
      H195.8  1 0.0100 0.0060 0.0065 0.9776 
      H195.9  1 0.0046 0.0045 0.0098 0.9810 
      H415.1  1 0.0103 0.3647 0.5778 0.0471 
      H415.2  1 0.0554 0.1315 0.4857 0.3274 
      H415.3  1 0.0122 0.0143 0.9637 0.0099 
      H415.4  1 0.0127 0.2537 0.7216 0.0120 
      H415.5  1 0.0087 0.0199 0.9596 0.0118 
      H415.6  1 0.0123 0.2388 0.7330 0.0159 
      H415.7  1 0.0360 0.0186 0.6729 0.2725 
      H506.1  1 0.0108 0.0038 0.9806 0.0048 
      H506.2  1 0.0095 0.0035 0.9758 0.0112 
      H506.3  1 0.0125 0.0103 0.9668 0.0103 
      H506.4  1 0.0082 0.0118 0.9716 0.0084 
      H506.5  1 0.0088 0.0041 0.9808 0.0064 
      H506.6  1 0.0267 0.0173 0.9021 0.0540 
      H506.7  1 0.0104 0.0036 0.9776 0.0084 
      H533.1  1 0.0054 0.0044 0.9857 0.0045 
      H533.2  1 0.0049 0.0046 0.9847 0.0059 
      H533.3  1 0.0073 0.0062 0.9816 0.0049 
      H533.4  1 0.0060 0.0066 0.9734 0.0141 
      H535.1  1 0.0065 0.0107 0.9652 0.0175 
      H535.2  1 0.0328 0.0058 0.9375 0.0239 
      H535.3  1 0.0361 0.0094 0.9327 0.0218 
      H535.4  1 0.0140 0.0053 0.9692 0.0114 
      H535.5  1 0.0052 0.0059 0.9783 0.0107 
      H535.6  1 0.0124 0.0338 0.8856 0.0682 
      H535.7  1 0.0052 0.0047 0.9843 0.0058 
      H535.8  1 0.0113 0.0046 0.9747 0.0094 
      H535.9  1 0.0099 0.0191 0.9521 0.0189 
      H539.1  1 0.0046 0.9861 0.0038 0.0054 
      H539.2  1 0.0099 0.9655 0.0097 0.0148 
      H539.3  1 0.0084 0.9648 0.0063 0.0205 
      H539.4  1 0.0058 0.9857 0.0044 0.0041 
      H539.5  1 0.0046 0.9878 0.0028 0.0048 
      H539.6  1 0.0040 0.9855 0.0035 0.0071 
      H539.7  1 0.0053 0.9847 0.0037 0.0063 
      H539.8  1 0.0106 0.9736 0.0074 0.0084 
      H539.9  1 0.0056 0.9874 0.0036 0.0034 
      H540.1  1 0.0056 0.9632 0.0063 0.0249 
      H540.2  1 0.0060 0.9804 0.0053 0.0083 
      H540.3  1 0.0133 0.9552 0.0122 0.0193 
      H540.4  1 0.0056 0.9814 0.0064 0.0066 
      H540.5  1 0.0065 0.9803 0.0057 0.0076 
      H540.6  1 0.0129 0.9657 0.0099 0.0115 
      H540.7  1 0.0097 0.9679 0.0127 0.0097 
      H540.8  1 0.0049 0.9544 0.0115 0.0293 
     H9558.1  1 0.0066 0.9760 0.0076 0.0098 
     H9558.2  1 0.0287 0.9322 0.0241 0.0149 
     H9558.3  1 0.0555 0.9284 0.0076 0.0085 
     H9558.4  1 0.0070 0.9775 0.0065 0.0090 
     H9558.5  1 0.0074 0.9843 0.0045 0.0038 
     H9558.6  1 0.0144 0.9715 0.0066 0.0074 
    kos339.1  1 0.0143 0.0067 0.9705 0.0085 
    kos339.2  1 0.0120 0.0069 0.9719 0.0092 
    kos339.3  1 0.0037 0.0065 0.9797 0.0101 
    kos339.4  1 0.0052 0.0070 0.9796 0.0082 
    kos339.5  1 0.0086 0.0071 0.9723 0.0120 
    kos339.6  1 0.0083 0.0051 0.9684 0.0182 
    kos339.7  1 0.0035 0.0047 0.9847 0.0070 
    kos339.8  1 0.0055 0.0040 0.9849 0.0056 
    kos339.9  1 0.0169 0.0408 0.8970 0.0453 
      H409.1 12 0.0509 0.0060 0.9343 0.0088 
     H409.10 12 0.0646 0.0224 0.8941 0.0188 
      H409.2 12 0.0100 0.0075 0.9718 0.0106 
      H409.3 12 0.0352 0.0194 0.9266 0.0187 
      H409.4 12 0.0434 0.0230 0.9185 0.0151 
      H409.5 12 0.0222 0.0200 0.9393 0.0186 
      H409.6 12 0.3220 0.0201 0.6347 0.0232 
      H409.7 12 0.2326 0.0082 0.7271 0.0321 
      H409.8 12 0.0657 0.0095 0.9155 0.0094 
      H409.9 12 0.1366 0.4829 0.3717 0.0087 
      H413.1 12 0.9684 0.0184 0.0055 0.0077 
      H413.2 12 0.9624 0.0155 0.0124 0.0096 
      H413.3 12 0.9635 0.0204 0.0076 0.0085 
      H413.4 12 0.9711 0.0115 0.0111 0.0063 
      H413.5 12 0.7089 0.2705 0.0111 0.0095 
      H413.6 12 0.8533 0.1328 0.0059 0.0080 
      H413.7 12 0.9731 0.0127 0.0082 0.0059 
      H563.1 12 0.9824 0.0078 0.0043 0.0055 
      H563.2 12 0.9681 0.0100 0.0103 0.0115 
      H563.3 12 0.9780 0.0098 0.0055 0.0067 
      H563.4 12 0.9804 0.0070 0.0065 0.0062 
      H563.5 12 0.9846 0.0060 0.0045 0.0048 
      H563.6 12 0.9792 0.0066 0.0083 0.0059 
      H563.7 12 0.9835 0.0042 0.0082 0.0041 
      H563.8 12 0.9707 0.0141 0.0071 0.0081 
      H563.9 12 0.9636 0.0112 0.0137 0.0115 
     H7374.1 12 0.9250 0.0103 0.0221 0.0426 
     H7374.2 12 0.9565 0.0073 0.0073 0.0289 
     H7374.3 12 0.8974 0.0104 0.0112 0.0810 
     H7374.4 12 0.8615 0.0190 0.0501 0.0694 
     H7374.5 12 0.8982 0.0107 0.0473 0.0438 
     H7374.6 12 0.7145 0.0136 0.0536 0.2182 
     H7374.7 12 0.8659 0.0050 0.0394 0.0896 
     H7374.8 12 0.9482 0.0039 0.0195 0.0284 
     H7374.9 12 0.8446 0.0105 0.0341 0.1108 
     H9563.1 12 0.9738 0.0100 0.0086 0.0076 
     H9563.2 12 0.9737 0.0119 0.0058 0.0086 
     H9563.3 12 0.9727 0.0053 0.0124 0.0095 
     H9563.4 12 0.9199 0.0245 0.0341 0.0216 
     H9563.5 12 0.9470 0.0125 0.0243 0.0163 
     H9563.6 12 0.9843 0.0043 0.0055 0.0059 
     H9563.7 12 0.9845 0.0048 0.0045 0.0063 
     H9563.8 12 0.8705 0.0470 0.0605 0.0219 
     H9563.9 12 0.9670 0.0142 0.0115 0.0072 
     H9572.1 12 0.6497 0.2012 0.0829 0.0662 
     H9572.2 12 0.5232 0.0604 0.0255 0.3909 
     H9572.3 12 0.3815 0.0699 0.4478 0.1009 
     H9572.4 12 0.4163 0.0528 0.2204 0.3104 
     H9572.5 12 0.2067 0.1025 0.3231 0.3677 
