      H105.1  1 0.9636 0.0052 0.0074 0.0037 0.0102 0.0035 0.0064 
      H105.2  1 0.9004 0.0096 0.0306 0.0053 0.0245 0.0220 0.0076 
      H105.3  1 0.9745 0.0033 0.0046 0.0039 0.0049 0.0052 0.0037 
      H105.4  1 0.9399 0.0068 0.0116 0.0083 0.0194 0.0097 0.0044 
      H105.5  1 0.7968 0.0137 0.0649 0.0114 0.0937 0.0097 0.0098 
      H105.6  1 0.9277 0.0155 0.0173 0.0106 0.0121 0.0085 0.0084 
      H105.7  1 0.9616 0.0063 0.0057 0.0048 0.0125 0.0049 0.0041 
      H105.8  1 0.9468 0.0075 0.0109 0.0036 0.0083 0.0176 0.0053 
      H115.1  1 0.0147 0.0769 0.1028 0.0052 0.7696 0.0113 0.0196 
      H115.2  1 0.0067 0.2338 0.0091 0.0048 0.7242 0.0060 0.0154 
      H115.3  1 0.0078 0.0256 0.0037 0.0032 0.9421 0.0041 0.0134 
      H115.4  1 0.0043 0.0071 0.0054 0.0046 0.9340 0.0180 0.0266 
      H115.5  1 0.0113 0.0479 0.0127 0.0086 0.8834 0.0090 0.0272 
      H115.6  1 0.0121 0.0428 0.0053 0.0057 0.8775 0.0038 0.0528 
      H115.7  1 0.0124 0.0191 0.0437 0.0062 0.8999 0.0057 0.0129 
      H115.8  1 0.0096 0.0774 0.0053 0.0055 0.8674 0.0038 0.0310 
      H115.9  1 0.0186 0.2206 0.0154 0.0043 0.7085 0.0146 0.0181 
      H145.1  1 0.0043 0.0075 0.0055 0.9610 0.0102 0.0040 0.0074 
      H145.2  1 0.0050 0.0054 0.0033 0.9650 0.0079 0.0052 0.0082 
      H145.3  1 0.0033 0.0035 0.0043 0.9723 0.0060 0.0034 0.0070 
      H145.4  1 0.0045 0.0035 0.0054 0.9721 0.0050 0.0037 0.0057 
      H145.5  1 0.0035 0.0032 0.0052 0.9680 0.0058 0.0034 0.0110 
      H145.6  1 0.0052 0.0036 0.0036 0.9736 0.0043 0.0048 0.0050 
      H145.7  1 0.0040 0.0028 0.0042 0.9733 0.0044 0.0038 0.0075 
      H149.1  1 0.0037 0.0029 0.0041 0.0046 0.0035 0.0039 0.9773 
      H149.2  1 0.0090 0.0032 0.0052 0.0094 0.0064 0.0047 0.9621 
      H149.3  1 0.0503 0.0053 0.0167 0.0431 0.0449 0.0246 0.8150 
      H149.4  1 0.0071 0.0034 0.0071 0.0033 0.0037 0.0125 0.9629 
      H149.5  1 0.0939 0.0028 0.0146 0.0456 0.0121 0.0450 0.7858 
      H149.6  1 0.0128 0.0022 0.0056 0.0112 0.0070 0.0059 0.9553 
      H149.7  1 0.0329 0.0049 0.0451 0.0116 0.0143 0.0388 0.8524 
      H150.1  1 0.0080 0.7687 0.0051 0.0056 0.2038 0.0038 0.0050 
      H150.2  1 0.0138 0.4341 0.0136 0.0060 0.4879 0.0083 0.0361 
      H150.3  1 0.0087 0.9091 0.0257 0.0090 0.0311 0.0036 0.0127 
      H150.4  1 0.0055 0.9650 0.0073 0.0060 0.0093 0.0028 0.0041 
      H150.5  1 0.0200 0.1563 0.0131 0.0074 0.7911 0.0047 0.0074 
      H150.6  1 0.0051 0.0333 0.0112 0.0075 0.9300 0.0056 0.0073 
      H150.7  1 0.0090 0.9408 0.0044 0.0049 0.0298 0.0037 0.0075 
   H169607.1  1 0.0048 0.0204 0.0112 0.0215 0.9234 0.0085 0.0101 
   H169607.2  1 0.0102 0.0142 0.0069 0.0174 0.9388 0.0075 0.0049 
   H169607.3  1 0.0067 0.0072 0.0070 0.0185 0.9463 0.0083 0.0060 
   H169607.4  1 0.0075 0.0149 0.0116 0.0388 0.9164 0.0041 0.0066 
   H169607.5  1 0.0042 0.0156 0.0047 0.0109 0.9559 0.0044 0.0043 
   H169607.6  1 0.0063 0.0089 0.0038 0.0146 0.9538 0.0075 0.0050 
   H169607.7  1 0.0063 0.0068 0.0049 0.0109 0.9522 0.0119 0.0070 
   H169607.8  1 0.0103 0.0101 0.0177 0.0121 0.9405 0.0051 0.0041 
   H169633.1  1 0.0070 0.0058 0.0262 0.0162 0.0041 0.0053 0.9354 
   H169633.2  1 0.0078 0.0034 0.0340 0.0186 0.0059 0.0116 0.9186 
   H169633.3  1 0.0088 0.0058 0.0145 0.0172 0.0067 0.0097 0.9373 
   H169633.4  1 0.0075 0.0060 0.0075 0.0097 0.0095 0.0082 0.9516 
   H169633.5  1 0.0099 0.0075 0.0090 0.0097 0.0064 0.0075 0.9498 
   H169688.1  1 0.0044 0.0083 0.9550 0.0077 0.0071 0.0101 0.0074 
   H169688.2  1 0.0047 0.0061 0.9569 0.0061 0.0137 0.0081 0.0046 
   H169688.3  1 0.0051 0.0082 0.9618 0.0053 0.0077 0.0036 0.0083 
   H169688.4  1 0.0037 0.0760 0.8529 0.0069 0.0486 0.0057 0.0063 
   H169688.5  1 0.0036 0.0651 0.8681 0.0082 0.0401 0.0068 0.0081 
   H169688.6  1 0.0031 0.0115 0.8760 0.0060 0.0118 0.0841 0.0075 
   H169688.7  1 0.0070 0.0196 0.8834 0.0341 0.0357 0.0051 0.0150 
   H171901.1  1 0.0828 0.0282 0.0219 0.0842 0.7603 0.0070 0.0156 
   H171901.2  1 0.0193 0.0141 0.0079 0.0142 0.0156 0.0040 0.9248 
   H171901.3  1 0.0117 0.0236 0.0392 0.0157 0.1029 0.0166 0.7903 
   H171901.4  1 0.0115 0.0096 0.0072 0.0076 0.0358 0.0064 0.9219 
   H171901.5  1 0.0101 0.0120 0.0119 0.0115 0.0406 0.0070 0.9069 
   H171901.6  1 0.0085 0.0276 0.0114 0.0253 0.0376 0.0109 0.8787 
   H171901.7  1 0.0091 0.0235 0.0412 0.1306 0.0908 0.0427 0.6620 
   H171902.1  1 0.0042 0.0512 0.0082 0.0196 0.0321 0.0130 0.8716 
  H171902.10  1 0.0058 0.0087 0.0069 0.0042 0.0271 0.0068 0.9406 
   H171902.2  1 0.0038 0.0258 0.0121 0.0120 0.0190 0.0112 0.9162 
   H171902.3  1 0.0037 0.0371 0.0060 0.0055 0.0240 0.0091 0.9147 
   H171902.4  1 0.0038 0.0062 0.0071 0.0084 0.0061 0.0031 0.9652 
   H171902.6  1 0.0043 0.0289 0.0043 0.0053 0.0235 0.0061 0.9276 
   H171902.7  1 0.0050 0.0072 0.0067 0.0123 0.1261 0.0041 0.8387 
   H171902.8  1 0.0043 0.0453 0.0057 0.0090 0.0317 0.0095 0.8944 
   H171902.9  1 0.0063 0.1290 0.0153 0.0401 0.0437 0.0045 0.7611 
   H171903.1  1 0.0060 0.0096 0.0057 0.0090 0.9596 0.0056 0.0046 
   H171903.2  1 0.0261 0.0170 0.0063 0.0130 0.9245 0.0093 0.0038 
   H171903.3  1 0.0357 0.0166 0.0439 0.0145 0.8568 0.0193 0.0131 
   H171903.4  1 0.0061 0.0138 0.0154 0.0152 0.9361 0.0043 0.0092 
   H171903.5  1 0.0161 0.0177 0.0169 0.0089 0.9103 0.0062 0.0239 
   H171903.6  1 0.0041 0.0092 0.0071 0.0061 0.9557 0.0044 0.0134 
      H177.1  1 0.0080 0.0375 0.2661 0.1595 0.2338 0.2167 0.0783 
      H177.2  1 0.0147 0.0227 0.0541 0.2798 0.3770 0.1786 0.0731 
      H177.3  1 0.0113 0.0347 0.0475 0.1428 0.3061 0.1860 0.2716 
      H177.4  1 0.0082 0.0065 0.0067 0.1889 0.0145 0.7561 0.0190 
      H177.5  1 0.0304 0.0191 0.0783 0.4880 0.0926 0.2421 0.0495 
      H177.6  1 0.0117 0.0339 0.0555 0.0601 0.1852 0.0874 0.5662 
      H179.1  1 0.0204 0.0146 0.0317 0.0073 0.0138 0.9017 0.0104 
      H179.2  1 0.0049 0.0080 0.0142 0.0033 0.0138 0.9463 0.0095 
      H179.3  1 0.0103 0.0328 0.0345 0.0094 0.0296 0.8766 0.0067 
      H179.4  1 0.0081 0.0063 0.0240 0.0204 0.0164 0.9055 0.0193 
      H180.1  1 0.0036 0.0054 0.0056 0.0029 0.9672 0.0088 0.0064 
      H180.2  1 0.0038 0.0052 0.0107 0.0044 0.9659 0.0056 0.0043 
      H180.3  1 0.0037 0.0243 0.0084 0.0041 0.9485 0.0048 0.0062 
      H180.4  1 0.0069 0.0061 0.0071 0.0046 0.9569 0.0104 0.0080 
      H180.5  1 0.0049 0.0065 0.0067 0.0067 0.9559 0.0122 0.0070 
      H180.6  1 0.0065 0.0184 0.0048 0.0200 0.9275 0.0092 0.0136 
      H181.1  1 0.0280 0.0151 0.0537 0.0164 0.2404 0.3245 0.3219 
      H181.2  1 0.0239 0.0149 0.0397 0.0517 0.0592 0.6980 0.1126 
      H181.3  1 0.0268 0.0189 0.0480 0.0315 0.0304 0.5294 0.3150 
      H181.4  1 0.0765 0.1707 0.0963 0.0532 0.2177 0.1975 0.1880 
      H181.5  1 0.0263 0.0084 0.0383 0.0117 0.0069 0.8692 0.0392 
      H181.6  1 0.0268 0.0199 0.0120 0.0055 0.0222 0.9006 0.0131 
      H181.7  1 0.0263 0.0141 0.0140 0.0069 0.0093 0.9069 0.0224 
 H194.1_2004  1 0.0058 0.0245 0.0098 0.9151 0.0256 0.0067 0.0124 
 H194.2_2004  1 0.0052 0.0090 0.0081 0.9379 0.0301 0.0029 0.0067 
 H194.3_2004  1 0.0065 0.0066 0.0349 0.8890 0.0086 0.0135 0.0408 
 H194.4_2004  1 0.0034 0.0062 0.0051 0.9564 0.0118 0.0040 0.0130 
 H194.5_2004  1 0.0121 0.0111 0.0193 0.9030 0.0104 0.0115 0.0327 
 H194.6_2004  1 0.0067 0.0256 0.0574 0.7850 0.0196 0.0246 0.0811 
 H194.7_2004  1 0.0098 0.0106 0.0086 0.9363 0.0219 0.0042 0.0087 
 H194.8_2004  1 0.0064 0.0178 0.0141 0.9335 0.0084 0.0063 0.0136 
      H194.9  1 0.0049 0.0195 0.0076 0.9458 0.0088 0.0044 0.0090 
 H195.1_2003  1 0.0047 0.0042 0.0074 0.9625 0.0045 0.0043 0.0124 
 H195.1_2004  1 0.0042 0.0038 0.0063 0.9709 0.0053 0.0043 0.0053 
 H195.2_2003  1 0.0093 0.0228 0.0161 0.9215 0.0114 0.0074 0.0115 
 H195.2_2004  1 0.0044 0.0033 0.0048 0.9752 0.0035 0.0030 0.0058 
 H195.3_2003  1 0.0139 0.0889 0.0136 0.8610 0.0124 0.0041 0.0061 
 H195.3_2004  1 0.0034 0.0023 0.0042 0.9737 0.0031 0.0031 0.0101 
 H195.4_2003  1 0.0040 0.0033 0.0039 0.9712 0.0052 0.0040 0.0083 
 H195.4_2004  1 0.0030 0.0026 0.0051 0.9777 0.0036 0.0035 0.0045 
 H195.5_2003  1 0.0067 0.0047 0.0085 0.9519 0.0078 0.0056 0.0148 
 H195.5_2004  1 0.0035 0.0031 0.0068 0.9737 0.0037 0.0046 0.0047 
 H195.6_2003  1 0.0079 0.0205 0.0066 0.9465 0.0098 0.0036 0.0053 
 H195.6_2004  1 0.0042 0.0029 0.0042 0.9765 0.0036 0.0042 0.0046 
 H195.7_2003  1 0.0068 0.0042 0.0157 0.9558 0.0056 0.0045 0.0075 
 H195.7_2004  1 0.0046 0.0053 0.0058 0.9715 0.0047 0.0037 0.0044 
      H195.8  1 0.0039 0.0036 0.0056 0.9732 0.0060 0.0047 0.0029 
      H195.9  1 0.0047 0.0035 0.0047 0.9715 0.0042 0.0046 0.0068 
      H415.1  1 0.0092 0.1852 0.0147 0.0136 0.0369 0.0063 0.7342 
      H415.2  1 0.0266 0.0513 0.0683 0.0131 0.0377 0.0278 0.7751 
      H415.3  1 0.0244 0.0107 0.0099 0.0094 0.0129 0.0422 0.8905 
      H415.4  1 0.0109 0.0819 0.0257 0.0109 0.0522 0.0070 0.8114 
      H415.5  1 0.0118 0.0087 0.0199 0.0076 0.0156 0.0129 0.9235 
      H415.6  1 0.0131 0.0842 0.0225 0.0115 0.0455 0.0081 0.8151 
      H415.7  1 0.0119 0.0100 0.0099 0.0130 0.0120 0.0376 0.9055 
      H506.1  1 0.0054 0.0021 0.0037 0.0041 0.0030 0.9763 0.0053 
      H506.2  1 0.0043 0.0024 0.0036 0.0101 0.0037 0.9689 0.0069 
      H506.3  1 0.0061 0.0040 0.0091 0.0061 0.0097 0.9577 0.0073 
      H506.4  1 0.0035 0.0033 0.0046 0.0035 0.0059 0.9744 0.0049 
      H506.5  1 0.0043 0.0024 0.0040 0.0036 0.0033 0.9751 0.0072 
      H506.6  1 0.0077 0.0039 0.0063 0.0133 0.0182 0.9445 0.0061 
      H506.7  1 0.0044 0.0020 0.0045 0.0049 0.0038 0.9740 0.0064 
      H533.1  1 0.0051 0.0022 0.0039 0.0041 0.0056 0.9712 0.0080 
      H533.2  1 0.0048 0.0026 0.0047 0.0050 0.0067 0.9643 0.0119 
      H533.3  1 0.0066 0.0044 0.0050 0.0042 0.0086 0.9648 0.0064 
      H533.4  1 0.0040 0.0041 0.0040 0.0169 0.0087 0.9486 0.0136 
      H535.1  1 0.0030 0.0084 0.0048 0.0046 0.0059 0.9668 0.0064 
      H535.2  1 0.0079 0.0030 0.0060 0.0076 0.0040 0.9677 0.0038 
      H535.3  1 0.0068 0.0044 0.0073 0.0110 0.0042 0.9622 0.0041 
      H535.4  1 0.0057 0.0041 0.0055 0.0106 0.0050 0.9603 0.0089 
      H535.5  1 0.0028 0.0031 0.0029 0.0056 0.0040 0.9773 0.0043 
      H535.6  1 0.0028 0.0310 0.0071 0.0137 0.0104 0.9309 0.0042 
      H535.7  1 0.0024 0.0034 0.0035 0.0033 0.0031 0.9804 0.0038 
      H535.8  1 0.0035 0.0043 0.0042 0.0051 0.0039 0.9754 0.0036 
      H535.9  1 0.0033 0.0099 0.0063 0.0059 0.0069 0.9619 0.0059 
      H539.1  1 0.0027 0.9814 0.0026 0.0031 0.0049 0.0023 0.0029 
      H539.2  1 0.0057 0.5116 0.0277 0.0063 0.4330 0.0104 0.0052 
      H539.3  1 0.0040 0.9302 0.0079 0.0136 0.0341 0.0067 0.0035 
      H539.4  1 0.0043 0.9580 0.0090 0.0032 0.0175 0.0042 0.0039 
      H539.5  1 0.0030 0.9801 0.0030 0.0026 0.0060 0.0025 0.0028 
      H539.6  1 0.0032 0.9768 0.0026 0.0040 0.0073 0.0031 0.0031 
      H539.7  1 0.0027 0.9767 0.0041 0.0032 0.0066 0.0029 0.0038 
      H539.8  1 0.0048 0.9392 0.0156 0.0081 0.0173 0.0114 0.0036 
      H539.9  1 0.0050 0.9712 0.0047 0.0032 0.0095 0.0032 0.0032 
      H540.1  1 0.0062 0.9569 0.0037 0.0073 0.0138 0.0071 0.0050 
      H540.2  1 0.0036 0.9730 0.0047 0.0039 0.0075 0.0039 0.0035 
      H540.3  1 0.0084 0.8543 0.0325 0.0269 0.0253 0.0079 0.0446 
      H540.4  1 0.0079 0.9422 0.0068 0.0053 0.0247 0.0070 0.0061 
      H540.5  1 0.0053 0.9685 0.0077 0.0049 0.0052 0.0034 0.0050 
      H540.6  1 0.0098 0.9395 0.0091 0.0070 0.0201 0.0080 0.0065 
      H540.7  1 0.0073 0.9330 0.0071 0.0074 0.0146 0.0121 0.0187 
      H540.8  1 0.0040 0.9584 0.0044 0.0059 0.0128 0.0059 0.0087 
     H9558.1  1 0.0028 0.9741 0.0042 0.0035 0.0037 0.0076 0.0041 
     H9558.2  1 0.0181 0.9236 0.0121 0.0079 0.0046 0.0252 0.0085 
     H9558.3  1 0.0206 0.9482 0.0116 0.0056 0.0057 0.0050 0.0034 
     H9558.4  1 0.0030 0.9762 0.0043 0.0030 0.0047 0.0056 0.0032 
     H9558.5  1 0.0046 0.9729 0.0075 0.0023 0.0049 0.0047 0.0032 
     H9558.6  1 0.0069 0.9677 0.0064 0.0039 0.0040 0.0053 0.0059 
    kos339.1  1 0.0101 0.0044 0.0046 0.0028 0.0064 0.0183 0.9534 
    kos339.2  1 0.0078 0.0038 0.0068 0.0051 0.0036 0.0156 0.9573 
    kos339.3  1 0.0033 0.0040 0.0050 0.0048 0.0077 0.0095 0.9658 
    kos339.4  1 0.0032 0.0047 0.0054 0.0034 0.0055 0.0074 0.9704 
    kos339.5  1 0.0067 0.0038 0.0047 0.0046 0.0045 0.0095 0.9662 
    kos339.6  1 0.0065 0.0034 0.0051 0.0072 0.0043 0.0100 0.9634 
    kos339.7  1 0.0024 0.0028 0.0045 0.0047 0.0054 0.0244 0.9558 
    kos339.8  1 0.0055 0.0028 0.0045 0.0046 0.0042 0.0129 0.9655 
    kos339.9  1 0.0068 0.0096 0.0044 0.0054 0.0094 0.0084 0.9560 
      H409.1 12 0.0093 0.0033 0.9522 0.0055 0.0036 0.0153 0.0109 
     H409.10 12 0.0075 0.0054 0.9366 0.0067 0.0073 0.0268 0.0096 
      H409.2 12 0.0038 0.0044 0.9512 0.0056 0.0053 0.0164 0.0132 
      H409.3 12 0.0077 0.0045 0.9555 0.0080 0.0053 0.0145 0.0045 
      H409.4 12 0.0071 0.0040 0.9674 0.0050 0.0041 0.0065 0.0059 
      H409.5 12 0.0089 0.0064 0.9454 0.0047 0.0108 0.0166 0.0072 
      H409.6 12 0.0528 0.0079 0.8636 0.0064 0.0126 0.0500 0.0067 
      H409.7 12 0.0160 0.0038 0.9466 0.0128 0.0036 0.0067 0.0105 
      H409.8 12 0.0148 0.0035 0.9363 0.0056 0.0078 0.0228 0.0093 
      H409.9 12 0.0733 0.2499 0.3368 0.0047 0.0608 0.2693 0.0052 
      H413.1 12 0.0301 0.0086 0.9346 0.0038 0.0121 0.0044 0.0063 
      H413.2 12 0.0165 0.0076 0.9390 0.0072 0.0093 0.0084 0.0120 
      H413.3 12 0.0157 0.0076 0.9550 0.0059 0.0063 0.0060 0.0035 
      H413.4 12 0.0236 0.0083 0.9302 0.0046 0.0124 0.0130 0.0080 
      H413.5 12 0.0098 0.1197 0.8100 0.0038 0.0404 0.0100 0.0062 
      H413.6 12 0.0182 0.0317 0.9242 0.0042 0.0126 0.0031 0.0060 
      H413.7 12 0.0118 0.0079 0.9599 0.0049 0.0050 0.0056 0.0049 
      H563.1 12 0.9600 0.0128 0.0096 0.0037 0.0070 0.0035 0.0034 
      H563.2 12 0.9486 0.0077 0.0132 0.0068 0.0064 0.0057 0.0116 
      H563.3 12 0.9628 0.0105 0.0096 0.0043 0.0059 0.0032 0.0037 
      H563.4 12 0.9643 0.0056 0.0076 0.0042 0.0077 0.0041 0.0065 
      H563.5 12 0.9701 0.0077 0.0076 0.0029 0.0050 0.0029 0.0037 
      H563.6 12 0.9610 0.0052 0.0100 0.0047 0.0053 0.0061 0.0075 
      H563.7 12 0.9676 0.0036 0.0083 0.0035 0.0040 0.0045 0.0085 
      H563.8 12 0.9468 0.0202 0.0102 0.0047 0.0084 0.0036 0.0061 
      H563.9 12 0.9494 0.0061 0.0134 0.0070 0.0056 0.0063 0.0121 
     H7374.1 12 0.0563 0.0080 0.8192 0.0728 0.0183 0.0086 0.0167 
     H7374.2 12 0.0191 0.0113 0.9344 0.0147 0.0082 0.0069 0.0054 
     H7374.3 12 0.0504 0.0136 0.8066 0.0920 0.0172 0.0087 0.0113 
     H7374.4 12 0.0094 0.0074 0.9368 0.0079 0.0058 0.0087 0.0240 
     H7374.5 12 0.0223 0.0260 0.8829 0.0154 0.0085 0.0067 0.0383 
     H7374.6 12 0.0211 0.0194 0.7947 0.0998 0.0074 0.0249 0.0327 
     H7374.7 12 0.0050 0.0042 0.9486 0.0124 0.0029 0.0077 0.0191 
     H7374.8 12 0.1249 0.0053 0.7871 0.0471 0.0076 0.0089 0.0190 
     H7374.9 12 0.0115 0.0160 0.8911 0.0191 0.0095 0.0062 0.0466 
     H9563.1 12 0.9570 0.0087 0.0066 0.0059 0.0064 0.0060 0.0094 
     H9563.2 12 0.9571 0.0088 0.0064 0.0047 0.0124 0.0053 0.0054 
     H9563.3 12 0.9699 0.0023 0.0043 0.0065 0.0046 0.0078 0.0046 
     H9563.4 12 0.9109 0.0075 0.0130 0.0157 0.0256 0.0172 0.0101 
     H9563.5 12 0.9478 0.0054 0.0093 0.0066 0.0146 0.0074 0.0089 
     H9563.6 12 0.9691 0.0029 0.0053 0.0067 0.0055 0.0070 0.0035 
     H9563.7 12 0.9747 0.0031 0.0042 0.0049 0.0050 0.0054 0.0027 
     H9563.8 12 0.9022 0.0087 0.0106 0.0073 0.0288 0.0153 0.0270 
     H9563.9 12 0.9539 0.0063 0.0069 0.0042 0.0133 0.0065 0.0089 
     H9572.1 12 0.3016 0.2652 0.0479 0.0429 0.0462 0.2708 0.0254 
     H9572.2 12 0.5011 0.0217 0.0297 0.2637 0.0920 0.0132 0.0786 
     H9572.3 12 0.1725 0.0990 0.1719 0.0219 0.1412 0.0387 0.3548 
     H9572.4 12 0.3370 0.0372 0.0348 0.1392 0.0634 0.1284 0.2600 
     H9572.5 12 0.1759 0.0386 0.0113 0.1303 0.2027 0.1589 0.2823 
