      H105.1  1 0.0036 0.0029 0.0021 0.0025 0.0077 0.0035 0.0022 0.0041 0.0024 0.0028 0.0025 0.0025 0.9297 0.0030 0.0029 0.0027 0.0022 0.0034 0.0043 0.0032 0.0020 0.0045 0.0035 
      H105.2  1 0.0047 0.0066 0.0034 0.0042 0.0054 0.0024 0.0049 0.0024 0.0059 0.0029 0.0034 0.0039 0.9055 0.0032 0.0065 0.0067 0.0039 0.0047 0.0085 0.0039 0.0020 0.0031 0.0019 
      H105.3  1 0.0022 0.0026 0.0028 0.0027 0.0029 0.0027 0.0021 0.0062 0.0025 0.0024 0.0022 0.0022 0.9392 0.0030 0.0017 0.0032 0.0022 0.0027 0.0026 0.0028 0.0025 0.0034 0.0030 
      H105.4  1 0.0036 0.0029 0.0028 0.0058 0.0052 0.0023 0.0023 0.0031 0.0045 0.0050 0.0030 0.0035 0.9209 0.0033 0.0031 0.0043 0.0027 0.0062 0.0039 0.0019 0.0039 0.0026 0.0030 
      H105.5  1 0.0040 0.0029 0.0027 0.0064 0.0341 0.0032 0.0031 0.0037 0.0048 0.0040 0.0050 0.0055 0.8697 0.0043 0.0066 0.0092 0.0043 0.0053 0.0067 0.0032 0.0032 0.0038 0.0043 
      H105.6  1 0.0046 0.0037 0.0072 0.0096 0.0041 0.0023 0.0034 0.0054 0.0066 0.0082 0.0083 0.0037 0.8893 0.0038 0.0038 0.0056 0.0070 0.0041 0.0027 0.0043 0.0047 0.0036 0.0038 
      H105.7  1 0.0069 0.0051 0.0051 0.0072 0.0082 0.0027 0.0047 0.0192 0.0042 0.0045 0.0062 0.0047 0.8643 0.0026 0.0044 0.0056 0.0093 0.0061 0.0090 0.0050 0.0034 0.0085 0.0031 
      H105.8  1 0.0024 0.0055 0.0028 0.0033 0.0032 0.0020 0.0030 0.0026 0.0026 0.0022 0.0026 0.0023 0.9394 0.0023 0.0028 0.0027 0.0022 0.0028 0.0037 0.0027 0.0024 0.0027 0.0018 
      H115.1  1 0.0154 0.0102 0.0481 0.0146 0.0208 0.0104 0.0102 0.0092 0.0067 0.0031 0.0130 0.0054 0.0042 0.0038 0.0059 0.7841 0.0048 0.0084 0.0049 0.0066 0.0030 0.0031 0.0038 
      H115.2  1 0.0063 0.0031 0.0079 0.0047 0.0198 0.0049 0.0092 0.0057 0.0100 0.0038 0.0407 0.0055 0.0028 0.0036 0.0045 0.8265 0.0080 0.0064 0.0046 0.0126 0.0029 0.0036 0.0033 
      H115.3  1 0.0067 0.0027 0.0024 0.0024 0.0102 0.0066 0.0059 0.0077 0.0084 0.0035 0.0121 0.0096 0.0046 0.0031 0.0023 0.8793 0.0033 0.0040 0.0041 0.0102 0.0040 0.0033 0.0038 
      H115.4  1 0.0097 0.0319 0.0054 0.0028 0.0050 0.0192 0.0086 0.0038 0.0069 0.0046 0.0053 0.0054 0.0043 0.0029 0.0080 0.8146 0.0030 0.0096 0.0221 0.0115 0.0057 0.0037 0.0061 
      H115.5  1 0.0124 0.0069 0.0169 0.0054 0.0113 0.0377 0.0049 0.0059 0.0236 0.0075 0.0288 0.0082 0.0118 0.0030 0.0050 0.7545 0.0066 0.0091 0.0062 0.0087 0.0068 0.0077 0.0111 
      H115.6  1 0.0115 0.0035 0.0028 0.0039 0.0105 0.0130 0.0450 0.0109 0.0196 0.0045 0.0186 0.0081 0.0032 0.0090 0.0040 0.7528 0.0080 0.0051 0.0061 0.0479 0.0021 0.0049 0.0049 
      H115.7  1 0.0211 0.0046 0.0578 0.0074 0.0087 0.0076 0.0175 0.0120 0.0080 0.0045 0.0125 0.0057 0.0077 0.0059 0.0090 0.7426 0.0069 0.0278 0.0068 0.0136 0.0029 0.0036 0.0059 
      H115.8  1 0.0061 0.0029 0.0049 0.0036 0.0089 0.0082 0.0090 0.0067 0.0111 0.0025 0.0107 0.0039 0.0073 0.0041 0.0047 0.8742 0.0038 0.0037 0.0060 0.0065 0.0017 0.0064 0.0032 
      H115.9  1 0.0115 0.0150 0.0119 0.0196 0.0385 0.0062 0.0063 0.0099 0.0077 0.0031 0.1414 0.0069 0.0048 0.0034 0.0049 0.6676 0.0047 0.0102 0.0067 0.0054 0.0036 0.0069 0.0041 
      H145.1  1 0.0065 0.0034 0.0027 0.0054 0.0105 0.0046 0.0118 0.0046 0.0050 0.0056 0.0086 0.0052 0.0032 0.0069 0.0043 0.0067 0.0163 0.0106 0.0030 0.0154 0.0045 0.0036 0.8514 
      H145.2  1 0.0059 0.0045 0.0021 0.0042 0.0078 0.0071 0.0075 0.0042 0.0055 0.0073 0.0031 0.0069 0.0025 0.0045 0.0016 0.0041 0.0070 0.0056 0.0039 0.0071 0.0047 0.0057 0.8874 
      H145.3  1 0.0031 0.0020 0.0020 0.0027 0.0036 0.0018 0.0196 0.0026 0.0019 0.0026 0.0026 0.0025 0.0025 0.0024 0.0025 0.0031 0.0028 0.0039 0.0021 0.0032 0.0026 0.0033 0.9245 
      H145.4  1 0.0049 0.0033 0.0026 0.0058 0.0052 0.0039 0.0036 0.0091 0.0035 0.0038 0.0038 0.0040 0.0027 0.0057 0.0048 0.0041 0.0214 0.0085 0.0027 0.0073 0.0030 0.0028 0.8836 
      H145.5  1 0.0031 0.0028 0.0022 0.0030 0.0031 0.0028 0.0359 0.0026 0.0020 0.0025 0.0027 0.0031 0.0031 0.0045 0.0021 0.0022 0.0048 0.0036 0.0022 0.0033 0.0022 0.0035 0.9028 
      H145.6  1 0.0048 0.0047 0.0029 0.0027 0.0064 0.0047 0.0036 0.0064 0.0053 0.0089 0.0037 0.0043 0.0026 0.0033 0.0023 0.0025 0.0083 0.0039 0.0041 0.0067 0.0035 0.0027 0.9019 
      H145.7  1 0.0051 0.0028 0.0023 0.0033 0.0035 0.0055 0.0034 0.0041 0.0039 0.0041 0.0018 0.0041 0.0021 0.0041 0.0023 0.0034 0.0055 0.0029 0.0038 0.0041 0.0023 0.0045 0.9213 
      H149.1  1 0.0380 0.0032 0.0025 0.0046 0.0036 0.8847 0.0053 0.0025 0.0070 0.0028 0.0028 0.0069 0.0025 0.0042 0.0029 0.0030 0.0045 0.0022 0.0029 0.0049 0.0026 0.0028 0.0036 
      H149.2  1 0.4772 0.0027 0.0020 0.0038 0.0091 0.4366 0.0058 0.0035 0.0079 0.0025 0.0027 0.0040 0.0034 0.0040 0.0028 0.0034 0.0061 0.0040 0.0046 0.0047 0.0026 0.0025 0.0043 
      H149.3  1 0.4661 0.0101 0.0031 0.0083 0.0293 0.2897 0.0106 0.0209 0.0126 0.0054 0.0050 0.0320 0.0071 0.0043 0.0103 0.0133 0.0102 0.0127 0.0076 0.0088 0.0050 0.0049 0.0226 
      H149.4  1 0.3060 0.0138 0.0054 0.0057 0.0039 0.5499 0.0152 0.0065 0.0151 0.0030 0.0057 0.0072 0.0093 0.0038 0.0057 0.0040 0.0029 0.0025 0.0061 0.0057 0.0040 0.0157 0.0028 
      H149.5  1 0.5218 0.0104 0.0029 0.0044 0.0132 0.3256 0.0029 0.0226 0.0074 0.0042 0.0023 0.0045 0.0096 0.0033 0.0055 0.0026 0.0060 0.0106 0.0167 0.0041 0.0043 0.0065 0.0086 
      H149.6  1 0.5095 0.0034 0.0027 0.0038 0.0051 0.4141 0.0030 0.0040 0.0059 0.0030 0.0020 0.0039 0.0041 0.0031 0.0029 0.0025 0.0047 0.0033 0.0039 0.0051 0.0024 0.0027 0.0049 
      H149.7  1 0.4873 0.0215 0.0035 0.0107 0.0159 0.2932 0.0084 0.0148 0.0096 0.0081 0.0031 0.0146 0.0076 0.0063 0.0280 0.0084 0.0166 0.0065 0.0085 0.0091 0.0051 0.0091 0.0042 
      H150.1  1 0.0082 0.0023 0.0031 0.0065 0.0048 0.0022 0.0063 0.0053 0.0060 0.0049 0.1955 0.0025 0.0052 0.0036 0.0040 0.7080 0.0057 0.0070 0.0037 0.0051 0.0018 0.0046 0.0037 
      H150.2  1 0.0048 0.0029 0.0068 0.0045 0.0032 0.0057 0.0103 0.0049 0.0119 0.0062 0.0687 0.0047 0.0037 0.0038 0.0081 0.8157 0.0054 0.0051 0.0054 0.0072 0.0033 0.0050 0.0026 
      H150.3  1 0.0093 0.0034 0.0222 0.0086 0.0074 0.0064 0.0310 0.0119 0.0102 0.0053 0.5869 0.0037 0.0047 0.0105 0.0130 0.2157 0.0097 0.0088 0.0055 0.0102 0.0025 0.0056 0.0076 
      H150.4  1 0.0045 0.0028 0.0062 0.0056 0.0069 0.0026 0.0112 0.0068 0.0037 0.0031 0.7819 0.0027 0.0049 0.0048 0.0079 0.1008 0.0049 0.0078 0.0043 0.0090 0.0018 0.0057 0.0100 
      H150.5  1 0.0068 0.0030 0.0045 0.0061 0.0107 0.0031 0.0047 0.0145 0.0126 0.0065 0.0476 0.0040 0.0046 0.0057 0.0081 0.8138 0.0086 0.0067 0.0078 0.0099 0.0027 0.0037 0.0042 
      H150.6  1 0.0098 0.0041 0.0025 0.0078 0.0052 0.0031 0.0047 0.0040 0.0076 0.0075 0.0072 0.0064 0.0066 0.0118 0.0079 0.8622 0.0034 0.0055 0.0134 0.0052 0.0028 0.0030 0.0082 
      H150.7  1 0.0054 0.0029 0.0059 0.0036 0.0058 0.0036 0.0185 0.0036 0.0172 0.0035 0.6929 0.0026 0.0140 0.0040 0.0029 0.1713 0.0044 0.0067 0.0110 0.0049 0.0023 0.0079 0.0051 
   H169607.1  1 0.0099 0.0080 0.0043 0.0035 0.0329 0.0052 0.0164 0.0040 0.0104 0.0089 0.0087 0.0067 0.0029 0.0068 0.0076 0.0067 0.0061 0.8183 0.0039 0.0142 0.0032 0.0029 0.0085 
   H169607.2  1 0.0025 0.0026 0.0023 0.0021 0.0030 0.0021 0.0032 0.0031 0.0030 0.0039 0.0044 0.0022 0.0026 0.0026 0.0025 0.0026 0.0031 0.9379 0.0023 0.0025 0.0028 0.0039 0.0028 
   H169607.3  1 0.0088 0.0076 0.0031 0.0045 0.1454 0.0038 0.0098 0.0056 0.0095 0.0040 0.0066 0.0073 0.0034 0.0037 0.0068 0.0116 0.0071 0.7077 0.0123 0.0062 0.0044 0.0037 0.0170 
   H169607.4  1 0.0030 0.0022 0.0026 0.0031 0.0089 0.0026 0.0080 0.0033 0.0044 0.0092 0.0050 0.0041 0.0031 0.0130 0.0022 0.0024 0.0045 0.9026 0.0019 0.0036 0.0031 0.0035 0.0039 
   H169607.5  1 0.0048 0.0031 0.0040 0.0029 0.0787 0.0028 0.0032 0.0048 0.0054 0.0024 0.0066 0.0073 0.0023 0.0028 0.0049 0.0056 0.0056 0.8341 0.0038 0.0033 0.0033 0.0034 0.0048 
   H169607.6  1 0.0025 0.0025 0.0023 0.0021 0.0037 0.0020 0.0026 0.0023 0.0028 0.0049 0.0029 0.0023 0.0028 0.0028 0.0022 0.0021 0.0030 0.9411 0.0030 0.0021 0.0026 0.0031 0.0021 
   H169607.7  1 0.0036 0.0139 0.0023 0.0021 0.0090 0.0029 0.0050 0.0030 0.0029 0.0046 0.0035 0.0109 0.0044 0.0022 0.0113 0.0112 0.0039 0.8857 0.0029 0.0029 0.0025 0.0036 0.0057 
   H169607.8  1 0.0035 0.0030 0.0028 0.0046 0.0081 0.0023 0.0037 0.0038 0.0039 0.0041 0.0043 0.0038 0.0038 0.0063 0.0029 0.0034 0.0038 0.9147 0.0029 0.0023 0.0035 0.0047 0.0037 
   H169633.1  1 0.0070 0.0035 0.0173 0.0040 0.0037 0.8532 0.0040 0.0052 0.0086 0.0086 0.0053 0.0030 0.0037 0.0047 0.0190 0.0044 0.0059 0.0033 0.0078 0.0093 0.0048 0.0030 0.0109 
   H169633.2  1 0.0135 0.0066 0.0072 0.0082 0.0049 0.7481 0.0028 0.0032 0.0126 0.0133 0.0023 0.0059 0.0109 0.0046 0.0154 0.0057 0.0040 0.0019 0.0091 0.0958 0.0071 0.0032 0.0139 
   H169633.3  1 0.0190 0.0040 0.0056 0.0077 0.0051 0.8233 0.0042 0.0057 0.0168 0.0066 0.0081 0.0164 0.0036 0.0050 0.0043 0.0067 0.0248 0.0033 0.0057 0.0079 0.0052 0.0058 0.0049 
   H169633.4  1 0.0078 0.0043 0.0117 0.0057 0.0062 0.8669 0.0034 0.0075 0.0085 0.0024 0.0057 0.0065 0.0034 0.0048 0.0029 0.0059 0.0122 0.0054 0.0062 0.0061 0.0055 0.0059 0.0050 
   H169633.5  1 0.0105 0.0050 0.0069 0.0043 0.0062 0.8656 0.0048 0.0069 0.0077 0.0027 0.0064 0.0055 0.0043 0.0071 0.0034 0.0069 0.0136 0.0048 0.0048 0.0070 0.0052 0.0039 0.0067 
   H169688.1  1 0.0064 0.0078 0.0376 0.0045 0.0062 0.0042 0.0165 0.0036 0.0061 0.0069 0.0065 0.0057 0.0034 0.0071 0.7878 0.0034 0.0160 0.0241 0.0145 0.0033 0.0122 0.0100 0.0064 
   H169688.2  1 0.0042 0.0072 0.0052 0.0111 0.0037 0.0032 0.0026 0.0038 0.0037 0.0102 0.0028 0.0067 0.0094 0.0049 0.8874 0.0032 0.0104 0.0032 0.0045 0.0024 0.0032 0.0042 0.0026 
   H169688.3  1 0.0036 0.0038 0.0025 0.0050 0.0042 0.0032 0.0024 0.0034 0.0034 0.0037 0.0030 0.0029 0.0037 0.0030 0.9260 0.0035 0.0030 0.0023 0.0035 0.0064 0.0020 0.0021 0.0034 
   H169688.4  1 0.0029 0.0027 0.0023 0.0048 0.0058 0.0025 0.0027 0.0024 0.0029 0.0022 0.0046 0.0036 0.0020 0.0026 0.9334 0.0052 0.0024 0.0026 0.0024 0.0025 0.0023 0.0019 0.0033 
   H169688.5  1 0.0026 0.0026 0.0026 0.0046 0.0063 0.0024 0.0025 0.0028 0.0031 0.0023 0.0058 0.0035 0.0021 0.0024 0.9318 0.0049 0.0025 0.0025 0.0025 0.0026 0.0026 0.0019 0.0031 
   H169688.6  1 0.0153 0.0499 0.0049 0.0030 0.0031 0.0033 0.0027 0.0025 0.0047 0.0029 0.0028 0.0033 0.0024 0.0035 0.8680 0.0020 0.0036 0.0032 0.0056 0.0021 0.0052 0.0036 0.0025 
   H169688.7  1 0.0075 0.0036 0.0041 0.0090 0.0064 0.0042 0.0110 0.0043 0.0036 0.0074 0.0064 0.0048 0.0037 0.0056 0.8690 0.0096 0.0050 0.0027 0.0047 0.0042 0.0020 0.0109 0.0102 
   H171901.1  1 0.1204 0.0070 0.0257 0.0067 0.2864 0.0047 0.0046 0.0263 0.1026 0.0070 0.0131 0.0046 0.0284 0.0049 0.0052 0.0529 0.1874 0.0154 0.0344 0.0140 0.0026 0.0036 0.0422 
   H171901.2  1 0.0191 0.0028 0.0032 0.0046 0.0249 0.3604 0.0082 0.0053 0.3660 0.0070 0.0193 0.0374 0.0604 0.0140 0.0045 0.0068 0.0128 0.0104 0.0080 0.0054 0.0033 0.0093 0.0069 
   H171901.3  1 0.0109 0.0037 0.0146 0.0048 0.0180 0.0439 0.0048 0.0049 0.8285 0.0064 0.0051 0.0063 0.0041 0.0039 0.0051 0.0046 0.0070 0.0036 0.0045 0.0044 0.0053 0.0028 0.0028 
   H171901.4  1 0.0059 0.0034 0.0072 0.0045 0.0076 0.1109 0.0047 0.0037 0.7777 0.0074 0.0047 0.0039 0.0134 0.0039 0.0034 0.0082 0.0042 0.0065 0.0029 0.0048 0.0042 0.0044 0.0025 
   H171901.5  1 0.0052 0.0035 0.0018 0.0042 0.0058 0.0065 0.0046 0.0029 0.9076 0.0071 0.0034 0.0051 0.0044 0.0056 0.0031 0.0036 0.0030 0.0038 0.0046 0.0049 0.0027 0.0030 0.0037 
   H171901.6  1 0.0084 0.0059 0.0023 0.0067 0.0053 0.0072 0.0057 0.0039 0.8550 0.0168 0.0081 0.0092 0.0037 0.0062 0.0041 0.0091 0.0094 0.0040 0.0064 0.0099 0.0034 0.0043 0.0048 
   H171901.7  1 0.0116 0.0050 0.0038 0.0062 0.0170 0.0205 0.0039 0.0045 0.6910 0.0145 0.0047 0.0877 0.0031 0.0044 0.0116 0.0080 0.0590 0.0050 0.0120 0.0087 0.0080 0.0056 0.0043 
   H171902.1  1 0.0032 0.0028 0.0019 0.0032 0.0028 0.0038 0.9208 0.0021 0.0055 0.0065 0.0038 0.0035 0.0022 0.0029 0.0031 0.0028 0.0039 0.0042 0.0028 0.0068 0.0027 0.0044 0.0041 
  H171902.10  1 0.0045 0.0041 0.0021 0.0024 0.0048 0.0042 0.9190 0.0026 0.0040 0.0022 0.0025 0.0071 0.0028 0.0031 0.0049 0.0067 0.0025 0.0044 0.0039 0.0036 0.0022 0.0036 0.0028 
   H171902.2  1 0.0054 0.0076 0.0038 0.0034 0.0041 0.0071 0.8899 0.0030 0.0124 0.0121 0.0043 0.0025 0.0021 0.0025 0.0051 0.0048 0.0045 0.0039 0.0042 0.0073 0.0024 0.0049 0.0027 
   H171902.3  1 0.0067 0.0038 0.0032 0.0031 0.0034 0.0081 0.8811 0.0025 0.0254 0.0085 0.0044 0.0031 0.0027 0.0031 0.0032 0.0057 0.0038 0.0060 0.0050 0.0071 0.0034 0.0035 0.0030 
   H171902.4  1 0.0101 0.0027 0.0027 0.0023 0.0034 0.0098 0.9159 0.0033 0.0050 0.0027 0.0028 0.0032 0.0021 0.0035 0.0027 0.0032 0.0043 0.0026 0.0039 0.0041 0.0022 0.0029 0.0047 
   H171902.6  1 0.0045 0.0026 0.0024 0.0022 0.0025 0.0039 0.9296 0.0028 0.0040 0.0022 0.0039 0.0036 0.0026 0.0041 0.0020 0.0034 0.0035 0.0034 0.0052 0.0034 0.0022 0.0029 0.0030 
   H171902.7  1 0.0197 0.0040 0.0018 0.0034 0.0259 0.0041 0.8509 0.0035 0.0044 0.0018 0.0030 0.0075 0.0058 0.0047 0.0029 0.0070 0.0088 0.0241 0.0034 0.0043 0.0022 0.0028 0.0041 
   H171902.8  1 0.0043 0.0034 0.0026 0.0023 0.0032 0.0050 0.9134 0.0023 0.0115 0.0037 0.0047 0.0038 0.0020 0.0036 0.0031 0.0036 0.0039 0.0042 0.0045 0.0052 0.0024 0.0043 0.0029 
   H171902.9  1 0.0029 0.0026 0.0029 0.0030 0.0040 0.0027 0.9292 0.0030 0.0035 0.0027 0.0060 0.0025 0.0024 0.0034 0.0022 0.0033 0.0025 0.0049 0.0026 0.0037 0.0031 0.0031 0.0036 
   H171903.1  1 0.0085 0.0027 0.0045 0.0041 0.2896 0.0035 0.0042 0.0052 0.0081 0.0068 0.0280 0.0172 0.0070 0.0040 0.0099 0.0361 0.0110 0.5238 0.0046 0.0068 0.0051 0.0055 0.0037 
   H171903.2  1 0.0044 0.0038 0.0023 0.0040 0.7976 0.0022 0.0042 0.0064 0.0083 0.0080 0.0135 0.0193 0.0316 0.0091 0.0028 0.0095 0.0057 0.0404 0.0044 0.0039 0.0068 0.0051 0.0067 
   H171903.3  1 0.0040 0.0031 0.0031 0.0075 0.8600 0.0046 0.0038 0.0034 0.0049 0.0024 0.0041 0.0045 0.0149 0.0122 0.0043 0.0051 0.0107 0.0077 0.0024 0.0138 0.0157 0.0036 0.0044 
   H171903.4  1 0.0239 0.0035 0.0035 0.0041 0.6231 0.0032 0.0311 0.0050 0.0093 0.0067 0.0098 0.0125 0.0047 0.0088 0.0589 0.0150 0.0186 0.1273 0.0049 0.0117 0.0046 0.0026 0.0072 
   H171903.5  1 0.0060 0.0041 0.0029 0.0059 0.8833 0.0064 0.0041 0.0042 0.0108 0.0042 0.0049 0.0044 0.0052 0.0027 0.0116 0.0057 0.0040 0.0054 0.0042 0.0096 0.0039 0.0029 0.0036 
   H171903.6  1 0.0065 0.0036 0.0018 0.0045 0.7877 0.0070 0.0059 0.0027 0.0040 0.0030 0.0043 0.0145 0.0029 0.0032 0.0625 0.0107 0.0055 0.0520 0.0030 0.0043 0.0037 0.0027 0.0039 
      H177.1  1 0.0036 0.0048 0.0068 0.0039 0.0056 0.0039 0.0039 0.0033 0.0040 0.0031 0.0059 0.8987 0.0026 0.0067 0.0064 0.0053 0.0089 0.0039 0.0041 0.0034 0.0044 0.0039 0.0029 
      H177.2  1 0.0125 0.0211 0.0025 0.0106 0.0207 0.0105 0.0034 0.0125 0.0125 0.0058 0.0051 0.7287 0.0032 0.0167 0.0047 0.0099 0.0050 0.0118 0.0190 0.0062 0.0028 0.0184 0.0565 
      H177.3  1 0.0065 0.0058 0.0023 0.0041 0.0087 0.0058 0.0035 0.0042 0.0068 0.0026 0.0038 0.8930 0.0021 0.0043 0.0031 0.0042 0.0039 0.0037 0.0046 0.0072 0.0045 0.0037 0.0119 
      H177.4  1 0.0059 0.0380 0.0018 0.0043 0.0074 0.0052 0.0036 0.0103 0.0035 0.0065 0.0028 0.8294 0.0067 0.0049 0.0024 0.0031 0.0151 0.0042 0.0075 0.0077 0.0160 0.0072 0.0064 
      H177.5  1 0.0041 0.0088 0.0026 0.0087 0.0077 0.0037 0.0030 0.0111 0.0066 0.0131 0.0083 0.8328 0.0039 0.0099 0.0096 0.0066 0.0217 0.0031 0.0044 0.0086 0.0033 0.0118 0.0067 
      H177.6  1 0.0115 0.0047 0.0022 0.0040 0.0064 0.0102 0.0051 0.0033 0.0063 0.0024 0.0038 0.8916 0.0018 0.0044 0.0027 0.0052 0.0045 0.0036 0.0037 0.0082 0.0033 0.0034 0.0076 
      H179.1  1 0.0080 0.8058 0.0088 0.0314 0.0051 0.0038 0.0044 0.0088 0.0109 0.0074 0.0088 0.0110 0.0052 0.0051 0.0258 0.0090 0.0135 0.0048 0.0059 0.0062 0.0024 0.0056 0.0022 
      H179.2  1 0.0118 0.7458 0.0035 0.0389 0.0101 0.0036 0.0065 0.0043 0.0090 0.0063 0.0069 0.0105 0.0053 0.0087 0.0256 0.0160 0.0053 0.0062 0.0118 0.0432 0.0151 0.0035 0.0023 
      H179.3  1 0.0108 0.6920 0.0083 0.0118 0.0226 0.0034 0.0035 0.0069 0.0229 0.0115 0.0190 0.0190 0.0042 0.0061 0.0814 0.0154 0.0248 0.0106 0.0066 0.0090 0.0036 0.0044 0.0022 
      H179.4  1 0.0333 0.6063 0.0049 0.0139 0.0278 0.0082 0.0033 0.0051 0.0478 0.0532 0.0042 0.0115 0.0074 0.0380 0.0161 0.0048 0.0258 0.0096 0.0103 0.0105 0.0455 0.0069 0.0056 
      H180.1  1 0.0042 0.0194 0.0047 0.0052 0.0039 0.0028 0.0066 0.0031 0.0065 0.0038 0.0039 0.0089 0.0045 0.0040 0.0038 0.8677 0.0021 0.0058 0.0215 0.0085 0.0032 0.0032 0.0027 
      H180.2  1 0.0037 0.0045 0.0059 0.0060 0.0031 0.0028 0.0022 0.0025 0.0065 0.0030 0.0036 0.0095 0.0046 0.0023 0.0026 0.9124 0.0028 0.0022 0.0072 0.0036 0.0030 0.0040 0.0022 
      H180.3  1 0.0043 0.0048 0.0040 0.0095 0.0067 0.0044 0.0044 0.0021 0.0043 0.0042 0.0120 0.0043 0.0029 0.0023 0.0060 0.8829 0.0039 0.0057 0.0034 0.0104 0.0044 0.0063 0.0066 
      H180.4  1 0.0051 0.0058 0.0066 0.0054 0.0057 0.0050 0.0050 0.0038 0.0173 0.0057 0.0042 0.0056 0.0047 0.0036 0.0027 0.8805 0.0030 0.0038 0.0130 0.0030 0.0032 0.0042 0.0030 
      H180.5  1 0.0039 0.0067 0.0037 0.0025 0.0027 0.0040 0.0041 0.0027 0.0055 0.0041 0.0030 0.0131 0.0022 0.0025 0.0029 0.9051 0.0036 0.0028 0.0088 0.0034 0.0037 0.0057 0.0033 
      H180.6  1 0.0077 0.0072 0.0031 0.0047 0.0041 0.0118 0.0054 0.0029 0.0093 0.0060 0.0053 0.0054 0.0043 0.0024 0.0034 0.8457 0.0093 0.0074 0.0042 0.0053 0.0042 0.0246 0.0163 
      H181.1  1 0.0151 0.0054 0.0023 0.0038 0.0194 0.0095 0.0040 0.0026 0.0050 0.0026 0.0031 0.0048 0.0073 0.0028 0.0032 0.0049 0.0045 0.0065 0.8765 0.0036 0.0048 0.0043 0.0040 
      H181.2  1 0.0057 0.0056 0.0038 0.0037 0.0028 0.0056 0.0053 0.0029 0.0056 0.0083 0.0029 0.0104 0.0041 0.0039 0.0030 0.0040 0.0045 0.0036 0.8954 0.0029 0.0030 0.0068 0.0061 
      H181.3  1 0.0065 0.0030 0.0042 0.0024 0.0032 0.0059 0.0041 0.0050 0.0153 0.0052 0.0044 0.0050 0.0036 0.0047 0.0045 0.0049 0.0037 0.0050 0.8933 0.0032 0.0028 0.0064 0.0039 
      H181.4  1 0.0108 0.0032 0.0041 0.0066 0.0098 0.0136 0.0039 0.0075 0.0158 0.0102 0.0159 0.0077 0.0091 0.0049 0.0064 0.0118 0.0051 0.0057 0.8074 0.0041 0.0034 0.0291 0.0039 
      H181.5  1 0.0047 0.0137 0.0044 0.0050 0.0036 0.0038 0.0047 0.0046 0.0041 0.0031 0.0039 0.0031 0.0046 0.0025 0.0040 0.0027 0.0060 0.0030 0.9024 0.0051 0.0048 0.0031 0.0029 
      H181.6  1 0.0077 0.0304 0.0028 0.0068 0.0044 0.0039 0.0048 0.0028 0.0072 0.0090 0.0040 0.0064 0.0044 0.0037 0.0035 0.0081 0.0056 0.0049 0.8614 0.0059 0.0053 0.0034 0.0034 
      H181.7  1 0.0047 0.0168 0.0028 0.0040 0.0036 0.0046 0.0031 0.0043 0.0038 0.0027 0.0032 0.0039 0.0061 0.0031 0.0063 0.0047 0.0030 0.0038 0.8986 0.0038 0.0051 0.0034 0.0043 
 H194.1_2004  1 0.0035 0.0020 0.0020 0.0056 0.0068 0.0056 0.0034 0.0031 0.0055 0.0046 0.0059 0.0058 0.0018 0.0034 0.0057 0.0040 0.9040 0.0059 0.0026 0.0084 0.0029 0.0033 0.0041 
 H194.2_2004  1 0.0045 0.0020 0.0040 0.0027 0.0043 0.0026 0.0039 0.0028 0.0029 0.0032 0.0031 0.0026 0.0033 0.0027 0.0024 0.0024 0.9231 0.0097 0.0035 0.0051 0.0021 0.0025 0.0045 
 H194.3_2004  1 0.0229 0.0076 0.0021 0.0549 0.0092 0.0247 0.0056 0.0034 0.0104 0.0073 0.0036 0.0181 0.0032 0.0077 0.0057 0.0036 0.7672 0.0052 0.0072 0.0123 0.0047 0.0055 0.0078 
 H194.4_2004  1 0.0078 0.0035 0.0032 0.0028 0.0046 0.0063 0.0059 0.0021 0.0068 0.0048 0.0035 0.0083 0.0032 0.0030 0.0028 0.0020 0.8975 0.0043 0.0037 0.0050 0.0040 0.0035 0.0114 
 H194.5_2004  1 0.0102 0.0052 0.0024 0.0122 0.0063 0.0109 0.0048 0.0038 0.0071 0.0130 0.0038 0.0057 0.0044 0.0069 0.0057 0.0030 0.8537 0.0089 0.0040 0.0092 0.0059 0.0080 0.0048 
 H194.6_2004  1 0.0252 0.0056 0.0035 0.0278 0.0150 0.0174 0.0123 0.0039 0.0124 0.0109 0.0065 0.0833 0.0027 0.0061 0.0073 0.0044 0.7084 0.0060 0.0052 0.0145 0.0097 0.0071 0.0048 
 H194.7_2004  1 0.0038 0.0022 0.0028 0.0043 0.0063 0.0032 0.0029 0.0033 0.0030 0.0026 0.0029 0.0054 0.0029 0.0018 0.0035 0.0026 0.9272 0.0034 0.0029 0.0023 0.0031 0.0036 0.0039 
 H194.8_2004  1 0.0049 0.0028 0.0028 0.0041 0.0042 0.0055 0.0036 0.0028 0.0052 0.0086 0.0043 0.0069 0.0036 0.0042 0.0030 0.0024 0.9036 0.0050 0.0044 0.0048 0.0047 0.0038 0.0050 
      H194.9  1 0.0033 0.0020 0.0038 0.0024 0.0037 0.0034 0.0037 0.0027 0.0046 0.0051 0.0037 0.0041 0.0020 0.0028 0.0023 0.0026 0.9231 0.0041 0.0033 0.0038 0.0030 0.0062 0.0041 
 H195.1_2003  1 0.0035 0.0023 0.0022 0.0021 0.0022 0.0037 0.0028 0.0025 0.0040 0.9407 0.0025 0.0022 0.0029 0.0030 0.0021 0.0023 0.0034 0.0024 0.0022 0.0039 0.0021 0.0026 0.0023 
 H195.1_2004  1 0.0058 0.0023 0.0031 0.0027 0.0032 0.0071 0.0044 0.0043 0.0061 0.0108 0.0030 0.0099 0.0024 0.0065 0.0028 0.0039 0.0037 0.0029 0.0074 0.0042 0.0026 0.0029 0.8979 
 H195.2_2003  1 0.0046 0.0026 0.0023 0.0031 0.0033 0.0028 0.0088 0.0041 0.0050 0.8417 0.0107 0.0041 0.0050 0.0084 0.0353 0.0032 0.0048 0.0132 0.0051 0.0054 0.0045 0.0143 0.0079 
 H195.2_2004  1 0.0078 0.0030 0.0030 0.0028 0.0034 0.0057 0.0032 0.0031 0.0056 0.1671 0.0030 0.0054 0.0025 0.0047 0.0075 0.0039 0.0047 0.0039 0.0028 0.0035 0.0032 0.0090 0.7413 
 H195.3_2003  1 0.0071 0.0028 0.0067 0.0086 0.0093 0.0020 0.0030 0.0072 0.0096 0.7958 0.0423 0.0078 0.0087 0.0066 0.0248 0.0063 0.0079 0.0197 0.0054 0.0028 0.0037 0.0077 0.0043 
 H195.3_2004  1 0.0193 0.0038 0.0033 0.0037 0.0031 0.0138 0.0067 0.0037 0.0133 0.2242 0.0025 0.0107 0.0031 0.0081 0.0039 0.0027 0.0069 0.0041 0.0054 0.0073 0.0033 0.0037 0.6433 
 H195.4_2003  1 0.0182 0.0040 0.0017 0.0025 0.0027 0.0101 0.0027 0.0043 0.0051 0.8647 0.0033 0.0053 0.0024 0.0026 0.0017 0.0033 0.0080 0.0039 0.0024 0.0114 0.0035 0.0026 0.0334 
 H195.4_2004  1 0.0056 0.0032 0.0031 0.0033 0.0047 0.0053 0.0032 0.0031 0.0050 0.0779 0.0023 0.0054 0.0021 0.0037 0.0128 0.0021 0.0064 0.0044 0.0036 0.0038 0.0060 0.0040 0.8289 
 H195.5_2003  1 0.0045 0.0022 0.0078 0.0028 0.0025 0.0069 0.0026 0.0056 0.0048 0.9030 0.0049 0.0025 0.0022 0.0146 0.0018 0.0058 0.0034 0.0029 0.0030 0.0050 0.0046 0.0025 0.0039 
 H195.5_2004  1 0.0056 0.0031 0.0075 0.0029 0.0027 0.0035 0.0032 0.0025 0.0029 0.0460 0.0031 0.0068 0.0040 0.0060 0.0031 0.0033 0.0033 0.0026 0.0033 0.0035 0.0044 0.0031 0.8737 
 H195.6_2003  1 0.0056 0.0028 0.0022 0.0029 0.0058 0.0022 0.0081 0.0079 0.0046 0.8181 0.0136 0.0037 0.0034 0.0086 0.0174 0.0041 0.0039 0.0140 0.0059 0.0037 0.0055 0.0054 0.0508 
 H195.6_2004  1 0.0037 0.0044 0.0036 0.0044 0.0039 0.0036 0.0032 0.0027 0.0038 0.1568 0.0021 0.0039 0.0062 0.0054 0.0046 0.0022 0.0063 0.0050 0.0036 0.0042 0.0041 0.0030 0.7594 
 H195.7_2003  1 0.0060 0.0026 0.0025 0.0027 0.0034 0.0037 0.0026 0.0044 0.0059 0.8640 0.0022 0.0033 0.0040 0.0039 0.0389 0.0023 0.0043 0.0059 0.0046 0.0039 0.0035 0.0039 0.0213 
 H195.7_2004  1 0.0028 0.0022 0.0038 0.0027 0.0037 0.0024 0.0029 0.0031 0.0024 0.0095 0.0079 0.0035 0.0021 0.0044 0.0070 0.0055 0.0025 0.0033 0.0031 0.0022 0.0033 0.0046 0.9152 
      H195.8  1 0.0024 0.0020 0.0034 0.0024 0.0035 0.0026 0.0030 0.0028 0.0030 0.0041 0.0031 0.0036 0.0021 0.0038 0.0030 0.0033 0.0031 0.0026 0.0036 0.0020 0.0043 0.0026 0.9336 
      H195.9  1 0.0065 0.0031 0.0023 0.0054 0.0046 0.0100 0.0041 0.0034 0.0132 0.1049 0.0026 0.0273 0.0028 0.0075 0.0056 0.0048 0.0090 0.0089 0.0040 0.0052 0.0084 0.0072 0.7494 
      H415.1  1 0.0055 0.0041 0.0060 0.0052 0.0050 0.0061 0.0032 0.0033 0.0103 0.0047 0.0131 0.0045 0.0038 0.0064 0.0104 0.0087 0.0068 0.0032 0.0046 0.8759 0.0018 0.0031 0.0043 
      H415.2  1 0.0110 0.0075 0.0037 0.0141 0.0426 0.0043 0.0489 0.0159 0.0090 0.0029 0.0145 0.0241 0.0040 0.0093 0.0140 0.0055 0.0108 0.0102 0.0039 0.7286 0.0029 0.0071 0.0054 
      H415.3  1 0.0047 0.0095 0.0033 0.0033 0.0028 0.0072 0.0033 0.0051 0.0058 0.0050 0.0031 0.0042 0.0026 0.0040 0.0049 0.0055 0.0027 0.0033 0.0047 0.9060 0.0024 0.0038 0.0029 
      H415.4  1 0.0050 0.0026 0.0021 0.0072 0.0028 0.0045 0.0039 0.0030 0.0044 0.0047 0.0037 0.0032 0.0029 0.0039 0.0022 0.0041 0.0042 0.0029 0.0039 0.9209 0.0021 0.0029 0.0027 
      H415.5  1 0.0046 0.0029 0.0021 0.0027 0.0038 0.0063 0.0035 0.0022 0.0059 0.0038 0.0025 0.0030 0.0026 0.0037 0.0024 0.0032 0.0029 0.0021 0.0028 0.9292 0.0023 0.0023 0.0030 
      H415.6  1 0.0050 0.0024 0.0021 0.0064 0.0038 0.0042 0.0034 0.0023 0.0050 0.0049 0.0043 0.0024 0.0040 0.0046 0.0024 0.0049 0.0041 0.0026 0.0025 0.9203 0.0022 0.0025 0.0036 
      H415.7  1 0.0070 0.0090 0.0029 0.0043 0.0243 0.0080 0.0316 0.0107 0.0139 0.0053 0.0057 0.0122 0.0033 0.0072 0.0072 0.0040 0.0104 0.0164 0.0029 0.7961 0.0066 0.0060 0.0049 
      H506.1  1 0.0033 0.9347 0.0028 0.0045 0.0026 0.0037 0.0026 0.0039 0.0026 0.0031 0.0016 0.0031 0.0028 0.0025 0.0023 0.0026 0.0027 0.0024 0.0028 0.0020 0.0036 0.0053 0.0026 
      H506.2  1 0.0035 0.9216 0.0020 0.0035 0.0026 0.0036 0.0027 0.0025 0.0029 0.0034 0.0015 0.0098 0.0032 0.0035 0.0021 0.0021 0.0033 0.0032 0.0043 0.0031 0.0034 0.0034 0.0088 
      H506.3  1 0.0035 0.8587 0.0025 0.0126 0.0064 0.0044 0.0030 0.0049 0.0055 0.0057 0.0034 0.0167 0.0032 0.0070 0.0129 0.0055 0.0042 0.0041 0.0173 0.0041 0.0038 0.0042 0.0066 
      H506.4  1 0.0041 0.8900 0.0023 0.0034 0.0067 0.0049 0.0048 0.0037 0.0051 0.0040 0.0048 0.0113 0.0022 0.0030 0.0046 0.0068 0.0036 0.0041 0.0059 0.0061 0.0117 0.0037 0.0032 
      H506.5  1 0.0034 0.9100 0.0026 0.0034 0.0046 0.0050 0.0033 0.0036 0.0055 0.0068 0.0022 0.0078 0.0026 0.0041 0.0021 0.0022 0.0025 0.0051 0.0057 0.0058 0.0057 0.0022 0.0041 
      H506.6  1 0.0069 0.7446 0.0022 0.0035 0.0181 0.0029 0.0031 0.0081 0.0072 0.0132 0.0059 0.0886 0.0034 0.0095 0.0078 0.0045 0.0052 0.0145 0.0108 0.0084 0.0077 0.0032 0.0205 
      H506.7  1 0.0031 0.9272 0.0022 0.0036 0.0023 0.0042 0.0027 0.0028 0.0036 0.0051 0.0017 0.0056 0.0035 0.0029 0.0021 0.0022 0.0026 0.0038 0.0048 0.0031 0.0031 0.0030 0.0047 
      H533.1  1 0.0039 0.9121 0.0027 0.0067 0.0034 0.0078 0.0021 0.0022 0.0087 0.0022 0.0017 0.0031 0.0101 0.0025 0.0022 0.0049 0.0022 0.0025 0.0071 0.0031 0.0035 0.0029 0.0025 
      H533.2  1 0.0038 0.9038 0.0033 0.0055 0.0041 0.0079 0.0023 0.0022 0.0080 0.0021 0.0018 0.0042 0.0081 0.0026 0.0019 0.0060 0.0023 0.0022 0.0148 0.0033 0.0037 0.0028 0.0032 
      H533.3  1 0.0036 0.9202 0.0022 0.0044 0.0061 0.0090 0.0019 0.0033 0.0035 0.0018 0.0018 0.0034 0.0039 0.0021 0.0021 0.0033 0.0035 0.0048 0.0049 0.0032 0.0032 0.0039 0.0037 
      H533.4  1 0.0062 0.8461 0.0038 0.0025 0.0069 0.0116 0.0029 0.0025 0.0065 0.0085 0.0036 0.0048 0.0055 0.0038 0.0036 0.0048 0.0144 0.0220 0.0071 0.0044 0.0091 0.0051 0.0143 
      H535.1  1 0.0027 0.0034 0.0025 0.0031 0.0044 0.0031 0.0044 0.0020 0.0025 0.0040 0.0037 0.0046 0.0030 0.0029 0.0018 0.0027 0.0036 0.0045 0.0034 0.0034 0.9289 0.0028 0.0026 
      H535.2  1 0.0041 0.0027 0.0022 0.0031 0.0034 0.0029 0.0030 0.0029 0.0023 0.0030 0.0019 0.0053 0.0030 0.0035 0.0023 0.0029 0.0027 0.0027 0.0043 0.0025 0.9316 0.0034 0.0042 
      H535.3  1 0.0027 0.0026 0.0038 0.0030 0.0025 0.0020 0.0020 0.0027 0.0023 0.0028 0.0022 0.0028 0.0031 0.0031 0.0022 0.0024 0.0022 0.0026 0.0041 0.0021 0.9397 0.0030 0.0044 
      H535.4  1 0.0032 0.0025 0.0027 0.0031 0.0030 0.0037 0.0019 0.0027 0.0041 0.0041 0.0023 0.0030 0.0026 0.0031 0.0022 0.0024 0.0031 0.0031 0.0021 0.0034 0.9356 0.0028 0.0031 
      H535.5  1 0.0029 0.0029 0.0020 0.0027 0.0030 0.0032 0.0023 0.0023 0.0044 0.0046 0.0024 0.0030 0.0022 0.0024 0.0020 0.0024 0.0038 0.0032 0.0021 0.0029 0.9380 0.0024 0.0027 
      H535.6  1 0.0034 0.0028 0.0029 0.0045 0.0041 0.0020 0.0073 0.0024 0.0044 0.0052 0.0057 0.0045 0.0027 0.0027 0.0021 0.0034 0.0046 0.0071 0.0060 0.0039 0.9112 0.0032 0.0039 
      H535.7  1 0.0023 0.0031 0.0018 0.0028 0.0026 0.0033 0.0020 0.0019 0.0026 0.0025 0.0018 0.0023 0.0025 0.0021 0.0020 0.0019 0.0025 0.0024 0.0022 0.0022 0.9491 0.0020 0.0020 
      H535.8  1 0.0035 0.0023 0.0022 0.0042 0.0023 0.0023 0.0024 0.0024 0.0041 0.0049 0.0024 0.0020 0.0039 0.0035 0.0017 0.0020 0.0039 0.0050 0.0030 0.0026 0.9336 0.0032 0.0026 
      H535.9  1 0.0026 0.0031 0.0031 0.0027 0.0026 0.0029 0.0036 0.0022 0.0025 0.0028 0.0028 0.0038 0.0019 0.0031 0.0022 0.0032 0.0024 0.0034 0.0035 0.0023 0.9379 0.0027 0.0028 
      H539.1  1 0.0025 0.0021 0.0032 0.0018 0.0040 0.0021 0.0058 0.0022 0.0035 0.0022 0.9354 0.0028 0.0027 0.0023 0.0020 0.0056 0.0029 0.0028 0.0025 0.0036 0.0021 0.0035 0.0025 
      H539.2  1 0.0124 0.0064 0.0504 0.0053 0.0902 0.0035 0.0061 0.0072 0.0116 0.0070 0.4843 0.0428 0.0027 0.0240 0.0293 0.1440 0.0163 0.0287 0.0067 0.0038 0.0067 0.0056 0.0052 
      H539.3  1 0.0046 0.0032 0.0075 0.0035 0.0145 0.0028 0.0049 0.0034 0.0077 0.0144 0.8331 0.0082 0.0028 0.0064 0.0094 0.0127 0.0175 0.0196 0.0028 0.0039 0.0088 0.0035 0.0047 
      H539.4  1 0.0058 0.0028 0.0037 0.0049 0.0187 0.0034 0.0046 0.0041 0.0079 0.0026 0.8370 0.0070 0.0027 0.0051 0.0055 0.0617 0.0028 0.0035 0.0037 0.0043 0.0026 0.0024 0.0030 
      H539.5  1 0.0025 0.0019 0.0026 0.0031 0.0039 0.0020 0.0046 0.0023 0.0025 0.0020 0.9296 0.0042 0.0026 0.0023 0.0027 0.0073 0.0043 0.0048 0.0026 0.0020 0.0036 0.0041 0.0024 
      H539.6  1 0.0032 0.0028 0.0030 0.0023 0.0046 0.0018 0.0076 0.0030 0.0036 0.0036 0.9131 0.0031 0.0023 0.0026 0.0026 0.0096 0.0037 0.0101 0.0032 0.0033 0.0026 0.0049 0.0033 
      H539.7  1 0.0029 0.0024 0.0050 0.0025 0.0050 0.0026 0.0039 0.0027 0.0067 0.0033 0.9219 0.0030 0.0020 0.0026 0.0050 0.0070 0.0038 0.0027 0.0036 0.0047 0.0024 0.0021 0.0020 
      H539.8  1 0.0051 0.0051 0.0159 0.0059 0.0133 0.0033 0.0040 0.0042 0.0085 0.0128 0.7849 0.0055 0.0036 0.0074 0.0088 0.0457 0.0168 0.0067 0.0046 0.0053 0.0241 0.0047 0.0037 
      H539.9  1 0.0032 0.0028 0.0025 0.0045 0.0094 0.0023 0.0028 0.0041 0.0042 0.0026 0.9174 0.0045 0.0031 0.0037 0.0055 0.0083 0.0026 0.0032 0.0026 0.0036 0.0021 0.0023 0.0027 
      H540.1  1 0.0070 0.0040 0.0019 0.0046 0.0248 0.0034 0.0037 0.0054 0.0037 0.0038 0.7925 0.0069 0.0033 0.0037 0.0047 0.0040 0.0042 0.0902 0.0081 0.0041 0.0033 0.0059 0.0070 
      H540.2  1 0.0056 0.0034 0.0030 0.0053 0.0107 0.0036 0.0045 0.0039 0.0027 0.0028 0.8891 0.0042 0.0034 0.0036 0.0043 0.0055 0.0078 0.0102 0.0069 0.0065 0.0021 0.0076 0.0033 
      H540.3  1 0.0186 0.0057 0.0151 0.0067 0.0289 0.0193 0.0045 0.0065 0.0121 0.0040 0.7325 0.0136 0.0048 0.0163 0.0082 0.0138 0.0278 0.0084 0.0081 0.0217 0.0048 0.0046 0.0140 
      H540.4  1 0.0073 0.0054 0.0070 0.0046 0.0145 0.0038 0.0068 0.0091 0.0044 0.0035 0.8281 0.0098 0.0028 0.0038 0.0093 0.0226 0.0036 0.0135 0.0215 0.0051 0.0048 0.0044 0.0041 
      H540.5  1 0.0047 0.0025 0.0036 0.0039 0.0137 0.0051 0.0058 0.0043 0.0038 0.0020 0.8812 0.0084 0.0042 0.0069 0.0095 0.0037 0.0064 0.0043 0.0093 0.0055 0.0024 0.0059 0.0030 
      H540.6  1 0.0107 0.0060 0.0051 0.0065 0.0274 0.0060 0.0060 0.0114 0.0044 0.0027 0.7884 0.0160 0.0048 0.0064 0.0081 0.0052 0.0066 0.0241 0.0268 0.0052 0.0035 0.0101 0.0087 
      H540.7  1 0.0094 0.0084 0.0075 0.0054 0.0129 0.0177 0.0058 0.0091 0.0046 0.0046 0.8118 0.0090 0.0026 0.0058 0.0040 0.0057 0.0106 0.0116 0.0140 0.0121 0.0030 0.0191 0.0051 
      H540.8  1 0.0052 0.0038 0.0033 0.0049 0.1216 0.0082 0.0126 0.0041 0.0071 0.0045 0.6912 0.0109 0.0028 0.0029 0.0052 0.0064 0.0430 0.0130 0.0077 0.0278 0.0039 0.0057 0.0042 
     H9558.1  1 0.0028 0.0064 0.0032 0.0032 0.0037 0.0020 0.0060 0.0021 0.0029 0.0050 0.9144 0.0023 0.0069 0.0027 0.0049 0.0028 0.0039 0.0046 0.0042 0.0040 0.0077 0.0023 0.0021 
     H9558.2  1 0.0083 0.0092 0.0071 0.0058 0.0037 0.0044 0.0065 0.0072 0.0060 0.0191 0.8254 0.0030 0.0156 0.0064 0.0054 0.0033 0.0089 0.0068 0.0207 0.0056 0.0083 0.0107 0.0025 
     H9558.3  1 0.0039 0.0029 0.0087 0.0065 0.0032 0.0026 0.0030 0.0101 0.0028 0.0053 0.8477 0.0028 0.0395 0.0059 0.0046 0.0043 0.0075 0.0055 0.0087 0.0042 0.0057 0.0123 0.0023 
     H9558.4  1 0.0026 0.0045 0.0042 0.0027 0.0046 0.0023 0.0047 0.0023 0.0027 0.0028 0.9166 0.0041 0.0046 0.0032 0.0061 0.0032 0.0051 0.0035 0.0041 0.0045 0.0069 0.0025 0.0020 
     H9558.5  1 0.0033 0.0026 0.0075 0.0031 0.0051 0.0030 0.0024 0.0040 0.0037 0.0019 0.9152 0.0025 0.0044 0.0057 0.0084 0.0060 0.0021 0.0025 0.0031 0.0026 0.0065 0.0026 0.0016 
     H9558.6  1 0.0090 0.0031 0.0045 0.0072 0.0065 0.0026 0.0034 0.0032 0.0052 0.0050 0.8692 0.0050 0.0211 0.0071 0.0029 0.0031 0.0101 0.0030 0.0054 0.0070 0.0064 0.0068 0.0032 
    kos339.1  1 0.0108 0.0246 0.0043 0.0056 0.0089 0.7761 0.0061 0.0199 0.0215 0.0027 0.0056 0.0072 0.0072 0.0053 0.0028 0.0047 0.0025 0.0070 0.0098 0.0163 0.0048 0.0444 0.0022 
    kos339.2  1 0.0069 0.0101 0.0028 0.0037 0.0027 0.8999 0.0037 0.0048 0.0039 0.0030 0.0032 0.0038 0.0041 0.0055 0.0038 0.0034 0.0034 0.0024 0.0038 0.0083 0.0042 0.0070 0.0057 
    kos339.3  1 0.0053 0.0038 0.0030 0.0031 0.0025 0.9162 0.0028 0.0022 0.0119 0.0041 0.0029 0.0031 0.0020 0.0023 0.0026 0.0032 0.0030 0.0049 0.0043 0.0059 0.0054 0.0029 0.0024 
    kos339.4  1 0.0048 0.0034 0.0030 0.0025 0.0024 0.9037 0.0045 0.0028 0.0202 0.0050 0.0027 0.0030 0.0027 0.0025 0.0033 0.0047 0.0034 0.0046 0.0040 0.0058 0.0044 0.0038 0.0027 
    kos339.5  1 0.0080 0.0125 0.0034 0.0048 0.0034 0.8595 0.0056 0.0060 0.0056 0.0027 0.0044 0.0059 0.0039 0.0027 0.0022 0.0029 0.0035 0.0043 0.0082 0.0044 0.0031 0.0407 0.0026 
    kos339.6  1 0.0044 0.0047 0.0026 0.0034 0.0029 0.9190 0.0032 0.0054 0.0038 0.0023 0.0024 0.0052 0.0025 0.0026 0.0034 0.0025 0.0047 0.0030 0.0034 0.0046 0.0023 0.0073 0.0045 
    kos339.7  1 0.0057 0.0045 0.0024 0.0031 0.0035 0.9118 0.0036 0.0021 0.0086 0.0047 0.0023 0.0030 0.0019 0.0026 0.0023 0.0042 0.0027 0.0035 0.0041 0.0057 0.0113 0.0027 0.0036 
    kos339.8  1 0.0060 0.0163 0.0027 0.0035 0.0036 0.8932 0.0032 0.0042 0.0110 0.0048 0.0027 0.0042 0.0023 0.0036 0.0042 0.0045 0.0022 0.0031 0.0037 0.0103 0.0027 0.0042 0.0039 
    kos339.9  1 0.0281 0.0091 0.0021 0.0088 0.0067 0.7338 0.0343 0.0061 0.0206 0.0066 0.0181 0.0155 0.0069 0.0112 0.0040 0.0103 0.0052 0.0095 0.0137 0.0093 0.0032 0.0268 0.0100 
      H409.1 12 0.0042 0.0041 0.0034 0.9291 0.0023 0.0062 0.0027 0.0030 0.0035 0.0030 0.0018 0.0029 0.0024 0.0037 0.0029 0.0022 0.0035 0.0017 0.0045 0.0043 0.0020 0.0038 0.0026 
     H409.10 12 0.0055 0.0234 0.0083 0.8514 0.0028 0.0044 0.0026 0.0077 0.0029 0.0062 0.0058 0.0037 0.0023 0.0068 0.0164 0.0082 0.0025 0.0066 0.0126 0.0090 0.0029 0.0045 0.0033 
      H409.2 12 0.0044 0.0037 0.0025 0.8998 0.0044 0.0067 0.0066 0.0026 0.0043 0.0045 0.0042 0.0036 0.0027 0.0101 0.0047 0.0024 0.0040 0.0020 0.0026 0.0123 0.0065 0.0021 0.0031 
      H409.3 12 0.0048 0.0046 0.0032 0.9170 0.0035 0.0039 0.0030 0.0037 0.0029 0.0028 0.0038 0.0050 0.0040 0.0046 0.0038 0.0031 0.0060 0.0038 0.0022 0.0030 0.0040 0.0042 0.0032 
      H409.4 12 0.0037 0.0028 0.0029 0.9322 0.0027 0.0033 0.0020 0.0029 0.0029 0.0030 0.0023 0.0032 0.0036 0.0039 0.0030 0.0029 0.0047 0.0022 0.0042 0.0028 0.0033 0.0031 0.0025 
      H409.5 12 0.0032 0.0035 0.0032 0.9224 0.0048 0.0018 0.0038 0.0034 0.0037 0.0039 0.0034 0.0030 0.0039 0.0034 0.0026 0.0040 0.0028 0.0038 0.0027 0.0039 0.0042 0.0052 0.0032 
      H409.6 12 0.0071 0.0064 0.0091 0.8056 0.0204 0.0029 0.0035 0.0082 0.0049 0.0026 0.0064 0.0062 0.0431 0.0061 0.0046 0.0058 0.0122 0.0056 0.0073 0.0035 0.0073 0.0153 0.0058 
      H409.7 12 0.0053 0.0038 0.0034 0.9028 0.0026 0.0069 0.0041 0.0048 0.0040 0.0066 0.0025 0.0032 0.0054 0.0065 0.0050 0.0027 0.0061 0.0025 0.0058 0.0037 0.0027 0.0052 0.0044 
      H409.8 12 0.0031 0.0068 0.0035 0.9232 0.0042 0.0030 0.0033 0.0062 0.0036 0.0035 0.0030 0.0028 0.0023 0.0028 0.0021 0.0031 0.0028 0.0040 0.0034 0.0044 0.0023 0.0039 0.0027 
      H409.9 12 0.0072 0.0955 0.0162 0.4323 0.0098 0.0031 0.0039 0.0342 0.0040 0.0045 0.2885 0.0123 0.0045 0.0051 0.0070 0.0179 0.0030 0.0138 0.0097 0.0068 0.0113 0.0042 0.0055 
      H413.1 12 0.0030 0.0018 0.9290 0.0026 0.0021 0.0034 0.0021 0.0066 0.0039 0.0022 0.0023 0.0028 0.0045 0.0039 0.0031 0.0055 0.0027 0.0030 0.0049 0.0020 0.0028 0.0038 0.0021 
      H413.2 12 0.0023 0.0025 0.9406 0.0021 0.0020 0.0041 0.0026 0.0022 0.0037 0.0033 0.0025 0.0018 0.0036 0.0022 0.0024 0.0033 0.0029 0.0026 0.0040 0.0020 0.0023 0.0029 0.0022 
      H413.3 12 0.0027 0.0027 0.9371 0.0025 0.0022 0.0018 0.0027 0.0048 0.0023 0.0023 0.0033 0.0021 0.0035 0.0027 0.0036 0.0028 0.0046 0.0032 0.0041 0.0021 0.0018 0.0025 0.0024 
      H413.4 12 0.0046 0.0052 0.9045 0.0053 0.0019 0.0066 0.0037 0.0088 0.0029 0.0041 0.0030 0.0037 0.0040 0.0056 0.0022 0.0043 0.0045 0.0026 0.0048 0.0031 0.0023 0.0092 0.0032 
      H413.5 12 0.0035 0.0028 0.9059 0.0022 0.0027 0.0022 0.0103 0.0027 0.0027 0.0017 0.0143 0.0020 0.0024 0.0030 0.0043 0.0113 0.0036 0.0034 0.0033 0.0027 0.0017 0.0073 0.0040 
      H413.6 12 0.0061 0.0022 0.8542 0.0037 0.0025 0.0039 0.0019 0.0048 0.0042 0.0126 0.0137 0.0056 0.0061 0.0070 0.0124 0.0104 0.0048 0.0024 0.0044 0.0027 0.0025 0.0291 0.0029 
      H413.7 12 0.0027 0.0030 0.9405 0.0023 0.0026 0.0034 0.0023 0.0032 0.0032 0.0043 0.0027 0.0018 0.0025 0.0034 0.0025 0.0024 0.0033 0.0021 0.0026 0.0021 0.0024 0.0029 0.0017 
      H563.1 12 0.0028 0.0026 0.0118 0.0038 0.0046 0.0027 0.0021 0.9118 0.0040 0.0023 0.0075 0.0055 0.0035 0.0051 0.0054 0.0039 0.0024 0.0038 0.0027 0.0024 0.0022 0.0040 0.0031 
      H563.2 12 0.0078 0.0042 0.0099 0.0115 0.0055 0.0103 0.0080 0.8551 0.0044 0.0032 0.0053 0.0053 0.0070 0.0083 0.0048 0.0063 0.0152 0.0044 0.0059 0.0059 0.0030 0.0047 0.0039 
      H563.3 12 0.0038 0.0032 0.0028 0.0031 0.0033 0.0022 0.0024 0.9155 0.0025 0.0027 0.0091 0.0028 0.0030 0.0066 0.0030 0.0030 0.0031 0.0067 0.0041 0.0030 0.0021 0.0091 0.0028 
      H563.4 12 0.0051 0.0039 0.0146 0.0086 0.0093 0.0051 0.0046 0.8796 0.0052 0.0020 0.0045 0.0032 0.0084 0.0072 0.0054 0.0050 0.0052 0.0040 0.0039 0.0039 0.0028 0.0043 0.0043 
      H563.5 12 0.0030 0.0022 0.0043 0.0030 0.0034 0.0023 0.0023 0.9158 0.0044 0.0021 0.0079 0.0049 0.0037 0.0084 0.0044 0.0042 0.0025 0.0040 0.0032 0.0027 0.0016 0.0072 0.0027 
      H563.6 12 0.0070 0.0042 0.0088 0.0064 0.0043 0.0094 0.0056 0.8786 0.0057 0.0031 0.0048 0.0032 0.0054 0.0091 0.0034 0.0047 0.0063 0.0041 0.0051 0.0041 0.0028 0.0111 0.0029 
      H563.7 12 0.0077 0.0033 0.0111 0.0061 0.0024 0.0083 0.0030 0.8900 0.0051 0.0029 0.0038 0.0027 0.0064 0.0084 0.0022 0.0035 0.0061 0.0029 0.0057 0.0038 0.0022 0.0097 0.0027 
      H563.8 12 0.0046 0.0030 0.0047 0.0034 0.0064 0.0033 0.0025 0.8911 0.0077 0.0022 0.0114 0.0086 0.0040 0.0104 0.0048 0.0042 0.0041 0.0050 0.0041 0.0029 0.0020 0.0068 0.0028 
      H563.9 12 0.0113 0.0046 0.0068 0.0174 0.0041 0.0083 0.0049 0.8620 0.0062 0.0031 0.0036 0.0047 0.0072 0.0036 0.0061 0.0047 0.0089 0.0047 0.0078 0.0076 0.0020 0.0074 0.0032 
     H7374.1 12 0.0057 0.0024 0.0030 0.0080 0.0057 0.0032 0.0032 0.0047 0.0084 0.0165 0.0046 0.0029 0.0113 0.8775 0.0028 0.0036 0.0101 0.0055 0.0037 0.0058 0.0040 0.0036 0.0036 
     H7374.2 12 0.0036 0.0052 0.0082 0.0068 0.0061 0.0024 0.0026 0.0077 0.0036 0.0050 0.0068 0.0050 0.0058 0.8860 0.0059 0.0035 0.0061 0.0093 0.0036 0.0059 0.0035 0.0033 0.0040 
     H7374.3 12 0.0058 0.0043 0.0043 0.0091 0.0068 0.0035 0.0063 0.0068 0.0073 0.0610 0.0084 0.0083 0.0081 0.7970 0.0046 0.0035 0.0141 0.0065 0.0046 0.0133 0.0042 0.0050 0.0072 
     H7374.4 12 0.0049 0.0031 0.0043 0.0044 0.0031 0.0042 0.0034 0.0030 0.0035 0.0023 0.0046 0.0042 0.0029 0.9148 0.0069 0.0035 0.0033 0.0029 0.0051 0.0054 0.0040 0.0032 0.0029 
     H7374.5 12 0.0031 0.0026 0.0037 0.0037 0.0026 0.0045 0.0049 0.0042 0.0050 0.0027 0.0071 0.0037 0.0054 0.9148 0.0030 0.0033 0.0028 0.0048 0.0050 0.0029 0.0023 0.0048 0.0030 
     H7374.6 12 0.0072 0.0035 0.0041 0.0045 0.0036 0.0077 0.0073 0.0070 0.0076 0.0177 0.0088 0.0059 0.0033 0.8356 0.0040 0.0040 0.0152 0.0046 0.0065 0.0160 0.0109 0.0052 0.0099 
     H7374.7 12 0.0035 0.0025 0.0037 0.0046 0.0022 0.0048 0.0032 0.0032 0.0034 0.0023 0.0022 0.0030 0.0035 0.9286 0.0030 0.0021 0.0038 0.0020 0.0043 0.0026 0.0042 0.0038 0.0037 
     H7374.8 12 0.0051 0.0037 0.0024 0.0054 0.0048 0.0059 0.0035 0.0057 0.0057 0.0087 0.0025 0.0031 0.0059 0.9034 0.0026 0.0025 0.0055 0.0036 0.0038 0.0045 0.0029 0.0045 0.0042 
     H7374.9 12 0.0036 0.0025 0.0037 0.0031 0.0030 0.0038 0.0060 0.0042 0.0054 0.0029 0.0095 0.0090 0.0047 0.9059 0.0039 0.0038 0.0027 0.0038 0.0043 0.0038 0.0022 0.0045 0.0038 
     H9563.1 12 0.0047 0.0036 0.0039 0.0027 0.0059 0.0045 0.0033 0.9136 0.0064 0.0054 0.0039 0.0039 0.0028 0.0041 0.0028 0.0039 0.0042 0.0036 0.0036 0.0044 0.0029 0.0035 0.0024 
     H9563.2 12 0.0047 0.0037 0.0047 0.0021 0.0136 0.0028 0.0029 0.9069 0.0034 0.0031 0.0062 0.0031 0.0037 0.0024 0.0033 0.0079 0.0035 0.0036 0.0041 0.0049 0.0031 0.0029 0.0035 
