      H105.1  1 0.0058 0.0085 0.0029 0.0037 0.0179 0.0025 0.0038 0.9342 0.0029 0.0042 0.0034 0.0039 0.0035 0.0028 
      H105.2  1 0.0061 0.0061 0.0042 0.0056 0.0042 0.0042 0.0028 0.9428 0.0038 0.0043 0.0034 0.0032 0.0058 0.0036 
      H105.3  1 0.0054 0.0056 0.0059 0.0059 0.0192 0.0024 0.0046 0.9238 0.0044 0.0065 0.0032 0.0043 0.0046 0.0042 
      H105.4  1 0.0061 0.0099 0.0038 0.0059 0.0081 0.0032 0.0062 0.9216 0.0050 0.0058 0.0045 0.0040 0.0089 0.0071 
      H105.5  1 0.0095 0.0177 0.0055 0.0052 0.0058 0.0028 0.0035 0.9168 0.0053 0.0042 0.0056 0.0048 0.0083 0.0050 
      H105.6  1 0.0050 0.0059 0.0094 0.0062 0.0054 0.0042 0.0067 0.9182 0.0070 0.0051 0.0043 0.0054 0.0110 0.0063 
      H105.7  1 0.0041 0.0122 0.0059 0.0057 0.0293 0.0034 0.0042 0.9019 0.0058 0.0076 0.0072 0.0037 0.0054 0.0036 
      H105.8  1 0.0033 0.0035 0.0036 0.0049 0.0067 0.0033 0.0028 0.9480 0.0030 0.0066 0.0030 0.0030 0.0045 0.0036 
      H115.1  1 0.0043 0.0224 0.0683 0.7935 0.0130 0.0095 0.0035 0.0073 0.0228 0.0083 0.0052 0.0129 0.0259 0.0033 
      H115.2  1 0.0040 0.0099 0.0103 0.8653 0.0053 0.0087 0.0037 0.0039 0.0621 0.0049 0.0086 0.0051 0.0051 0.0033 
      H115.3  1 0.0037 0.0063 0.0023 0.9365 0.0075 0.0059 0.0032 0.0041 0.0093 0.0027 0.0034 0.0077 0.0034 0.0041 
      H115.4  1 0.0036 0.0112 0.0072 0.8946 0.0042 0.0090 0.0059 0.0070 0.0037 0.0282 0.0035 0.0124 0.0032 0.0064 
      H115.5  1 0.0031 0.0114 0.0140 0.8629 0.0064 0.0060 0.0116 0.0183 0.0175 0.0061 0.0053 0.0209 0.0066 0.0101 
      H115.6  1 0.0061 0.0052 0.0035 0.8845 0.0075 0.0357 0.0046 0.0039 0.0166 0.0037 0.0072 0.0128 0.0059 0.0026 
      H115.7  1 0.0053 0.0520 0.0712 0.7799 0.0139 0.0142 0.0059 0.0077 0.0147 0.0041 0.0080 0.0097 0.0098 0.0035 
      H115.8  1 0.0034 0.0047 0.0042 0.9173 0.0057 0.0108 0.0036 0.0066 0.0198 0.0047 0.0038 0.0092 0.0038 0.0023 
      H115.9  1 0.0029 0.0105 0.0177 0.7558 0.0109 0.0068 0.0033 0.0058 0.1380 0.0092 0.0048 0.0085 0.0217 0.0041 
      H145.1  1 0.0076 0.0152 0.0028 0.0080 0.0055 0.0251 0.8908 0.0035 0.0080 0.0044 0.0130 0.0065 0.0046 0.0049 
      H145.2  1 0.0033 0.0061 0.0024 0.0059 0.0041 0.0080 0.9369 0.0031 0.0045 0.0043 0.0068 0.0048 0.0044 0.0055 
      H145.3  1 0.0040 0.0052 0.0029 0.0039 0.0029 0.0343 0.9230 0.0032 0.0029 0.0023 0.0045 0.0030 0.0043 0.0035 
      H145.4  1 0.0062 0.0113 0.0026 0.0029 0.0077 0.0075 0.9195 0.0028 0.0032 0.0034 0.0182 0.0036 0.0067 0.0044 
      H145.5  1 0.0053 0.0045 0.0026 0.0032 0.0039 0.0707 0.8855 0.0029 0.0031 0.0030 0.0053 0.0043 0.0035 0.0020 
      H145.6  1 0.0044 0.0048 0.0029 0.0028 0.0058 0.0040 0.9502 0.0028 0.0033 0.0034 0.0058 0.0034 0.0026 0.0037 
      H145.7  1 0.0039 0.0039 0.0023 0.0042 0.0040 0.0033 0.9536 0.0022 0.0025 0.0024 0.0055 0.0048 0.0044 0.0029 
      H149.1  1 0.0041 0.0029 0.0031 0.0029 0.0030 0.0045 0.0039 0.0030 0.0027 0.0031 0.0047 0.9545 0.0055 0.0023 
      H149.2  1 0.0034 0.0079 0.0025 0.0038 0.0047 0.0048 0.0062 0.0035 0.0031 0.0032 0.0070 0.9403 0.0061 0.0036 
      H149.3  1 0.0056 0.0445 0.0035 0.0259 0.0652 0.0132 0.0303 0.0157 0.0045 0.0192 0.0249 0.7297 0.0089 0.0089 
      H149.4  1 0.0036 0.0023 0.0046 0.0031 0.0058 0.0065 0.0030 0.0055 0.0031 0.0101 0.0037 0.9418 0.0042 0.0027 
      H149.5  1 0.0050 0.0250 0.0039 0.0037 0.0566 0.0043 0.0154 0.0233 0.0026 0.0239 0.0166 0.8028 0.0077 0.0093 
      H149.6  1 0.0026 0.0047 0.0032 0.0027 0.0087 0.0036 0.0053 0.0061 0.0025 0.0031 0.0059 0.9444 0.0037 0.0037 
      H149.7  1 0.0085 0.0163 0.0060 0.0123 0.0379 0.0113 0.0074 0.0466 0.0042 0.0520 0.0405 0.7363 0.0158 0.0048 
      H150.1  1 0.0039 0.0080 0.0041 0.7023 0.0060 0.0079 0.0049 0.0065 0.2383 0.0033 0.0039 0.0031 0.0055 0.0022 
      H150.2  1 0.0051 0.0050 0.0090 0.8827 0.0049 0.0116 0.0035 0.0055 0.0518 0.0031 0.0051 0.0055 0.0037 0.0036 
      H150.3  1 0.0099 0.0120 0.0433 0.2921 0.0093 0.0577 0.0056 0.0108 0.5304 0.0038 0.0091 0.0059 0.0079 0.0023 
      H150.4  1 0.0061 0.0069 0.0073 0.1308 0.0054 0.0099 0.0064 0.0067 0.8038 0.0021 0.0041 0.0036 0.0049 0.0019 
      H150.5  1 0.0050 0.0080 0.0045 0.8942 0.0110 0.0046 0.0046 0.0085 0.0378 0.0033 0.0057 0.0040 0.0061 0.0027 
      H150.6  1 0.0107 0.0075 0.0027 0.9155 0.0044 0.0055 0.0075 0.0127 0.0066 0.0067 0.0034 0.0051 0.0078 0.0038 
      H150.7  1 0.0038 0.0074 0.0059 0.2477 0.0045 0.0301 0.0047 0.0096 0.6643 0.0046 0.0048 0.0055 0.0044 0.0027 
   H169607.1  1 0.0056 0.9178 0.0041 0.0082 0.0033 0.0121 0.0132 0.0039 0.0099 0.0074 0.0039 0.0045 0.0033 0.0027 
   H169607.2  1 0.0043 0.9502 0.0032 0.0036 0.0035 0.0045 0.0045 0.0043 0.0044 0.0034 0.0040 0.0035 0.0030 0.0038 
   H169607.3  1 0.0037 0.9376 0.0037 0.0061 0.0029 0.0085 0.0065 0.0053 0.0040 0.0063 0.0052 0.0036 0.0033 0.0033 
   H169607.4  1 0.0087 0.9442 0.0028 0.0030 0.0031 0.0067 0.0079 0.0027 0.0061 0.0028 0.0030 0.0023 0.0031 0.0036 
   H169607.5  1 0.0026 0.9577 0.0031 0.0029 0.0027 0.0033 0.0039 0.0030 0.0052 0.0028 0.0048 0.0026 0.0024 0.0030 
   H169607.6  1 0.0030 0.9532 0.0031 0.0027 0.0030 0.0045 0.0041 0.0032 0.0051 0.0043 0.0052 0.0025 0.0025 0.0036 
   H169607.7  1 0.0035 0.9346 0.0026 0.0087 0.0029 0.0064 0.0063 0.0078 0.0047 0.0080 0.0057 0.0038 0.0024 0.0028 
   H169607.8  1 0.0058 0.9477 0.0037 0.0032 0.0043 0.0053 0.0042 0.0037 0.0062 0.0028 0.0031 0.0028 0.0042 0.0030 
   H169633.1  1 0.0053 0.0031 0.0199 0.0068 0.0063 0.0043 0.0219 0.0201 0.0053 0.0036 0.0057 0.8879 0.0044 0.0054 
   H169633.2  1 0.0060 0.0030 0.0056 0.0353 0.0039 0.0027 0.0199 0.0455 0.0026 0.0104 0.0058 0.8232 0.0270 0.0091 
   H169633.3  1 0.0055 0.0043 0.0121 0.0075 0.0098 0.0046 0.0054 0.0043 0.0068 0.0046 0.0249 0.8921 0.0078 0.0102 
   H169633.4  1 0.0068 0.0063 0.0121 0.0071 0.0078 0.0054 0.0076 0.0045 0.0084 0.0060 0.0152 0.9011 0.0050 0.0067 
   H169633.5  1 0.0099 0.0065 0.0132 0.0054 0.0108 0.0051 0.0090 0.0045 0.0068 0.0049 0.0161 0.8958 0.0056 0.0063 
   H169688.1  1 0.0189 0.0663 0.1226 0.0068 0.0034 0.0714 0.0154 0.5983 0.0104 0.0237 0.0312 0.0085 0.0073 0.0158 
   H169688.2  1 0.0059 0.0053 0.0065 0.0058 0.0029 0.0041 0.0066 0.9213 0.0062 0.0076 0.0134 0.0037 0.0062 0.0046 
   H169688.3  1 0.0050 0.0052 0.0041 0.0062 0.0047 0.0050 0.0053 0.9321 0.0061 0.0045 0.0038 0.0066 0.0095 0.0021 
   H169688.4  1 0.0047 0.0114 0.0055 0.0293 0.0043 0.0070 0.0081 0.8512 0.0468 0.0058 0.0048 0.0056 0.0117 0.0038 
   H169688.5  1 0.0035 0.0113 0.0059 0.0301 0.0035 0.0070 0.0059 0.8617 0.0400 0.0061 0.0058 0.0053 0.0098 0.0042 
   H169688.6  1 0.0071 0.0057 0.0176 0.0063 0.0026 0.0044 0.0077 0.7804 0.0116 0.1175 0.0097 0.0143 0.0039 0.0112 
   H169688.7  1 0.0061 0.0102 0.0037 0.0259 0.0054 0.0232 0.0211 0.8614 0.0097 0.0055 0.0062 0.0075 0.0119 0.0020 
   H171901.1  1 0.0055 0.2995 0.0539 0.1381 0.0526 0.0080 0.0414 0.2243 0.0314 0.0200 0.1051 0.0102 0.0074 0.0028 
   H171901.2  1 0.0206 0.0276 0.0046 0.0137 0.0060 0.0070 0.0098 0.0457 0.0241 0.0036 0.0232 0.8051 0.0051 0.0039 
   H171901.3  1 0.0195 0.0764 0.0118 0.0241 0.0096 0.0050 0.0075 0.0229 0.0247 0.0061 0.0432 0.7350 0.0061 0.0081 
   H171901.4  1 0.0213 0.0341 0.0039 0.0232 0.0047 0.0060 0.0060 0.0333 0.0097 0.0052 0.0082 0.8348 0.0056 0.0040 
   H171901.5  1 0.0333 0.0308 0.0030 0.0735 0.0054 0.0138 0.0151 0.0230 0.0138 0.0137 0.0207 0.7348 0.0152 0.0040 
   H171901.6  1 0.0170 0.0257 0.0038 0.0802 0.0065 0.0336 0.0202 0.0357 0.0317 0.0178 0.1008 0.6027 0.0156 0.0087 
   H171901.7  1 0.0057 0.0246 0.0072 0.0274 0.0051 0.0065 0.0109 0.0119 0.0117 0.0157 0.4986 0.3588 0.0063 0.0096 
   H171902.1  1 0.0024 0.0040 0.0021 0.0033 0.0023 0.9580 0.0045 0.0028 0.0033 0.0038 0.0032 0.0041 0.0033 0.0029 
  H171902.10  1 0.0032 0.0041 0.0019 0.0061 0.0033 0.9567 0.0030 0.0031 0.0028 0.0033 0.0041 0.0039 0.0024 0.0021 
   H171902.2  1 0.0024 0.0040 0.0052 0.0046 0.0029 0.9455 0.0042 0.0045 0.0039 0.0051 0.0035 0.0082 0.0033 0.0026 
   H171902.3  1 0.0032 0.0051 0.0037 0.0062 0.0021 0.9386 0.0041 0.0034 0.0054 0.0035 0.0036 0.0139 0.0034 0.0039 
   H171902.4  1 0.0036 0.0025 0.0027 0.0032 0.0038 0.9498 0.0030 0.0023 0.0034 0.0026 0.0040 0.0129 0.0039 0.0023 
   H171902.6  1 0.0028 0.0029 0.0023 0.0036 0.0023 0.9602 0.0025 0.0027 0.0036 0.0035 0.0035 0.0045 0.0028 0.0028 
   H171902.7  1 0.0047 0.0386 0.0019 0.0085 0.0039 0.9000 0.0038 0.0079 0.0033 0.0028 0.0086 0.0095 0.0040 0.0024 
   H171902.8  1 0.0049 0.0040 0.0031 0.0040 0.0026 0.9501 0.0035 0.0034 0.0053 0.0032 0.0043 0.0059 0.0030 0.0028 
   H171902.9  1 0.0031 0.0045 0.0026 0.0033 0.0032 0.9554 0.0039 0.0032 0.0064 0.0025 0.0028 0.0027 0.0032 0.0030 
   H171903.1  1 0.0041 0.9429 0.0034 0.0069 0.0039 0.0031 0.0032 0.0045 0.0096 0.0029 0.0061 0.0031 0.0031 0.0032 
   H171903.2  1 0.0092 0.9007 0.0025 0.0091 0.0053 0.0031 0.0056 0.0124 0.0131 0.0053 0.0120 0.0033 0.0094 0.0090 
   H171903.3  1 0.0216 0.7893 0.0049 0.0138 0.0047 0.0054 0.0033 0.0500 0.0090 0.0044 0.0262 0.0065 0.0324 0.0286 
   H171903.4  1 0.0069 0.8769 0.0045 0.0181 0.0051 0.0243 0.0050 0.0131 0.0076 0.0032 0.0216 0.0041 0.0056 0.0040 
   H171903.5  1 0.0043 0.8184 0.0051 0.0160 0.0091 0.0061 0.0052 0.0606 0.0185 0.0067 0.0116 0.0177 0.0142 0.0066 
   H171903.6  1 0.0026 0.9219 0.0023 0.0086 0.0031 0.0048 0.0030 0.0122 0.0090 0.0034 0.0071 0.0109 0.0062 0.0048 
      H177.1  1 0.0766 0.0219 0.0079 0.0383 0.0056 0.0071 0.0035 0.0079 0.0163 0.0522 0.7367 0.0117 0.0059 0.0086 
      H177.2  1 0.0850 0.1237 0.0031 0.0651 0.0165 0.0057 0.1990 0.0072 0.0247 0.1706 0.1843 0.0789 0.0255 0.0107 
      H177.3  1 0.0393 0.1574 0.0034 0.0329 0.0099 0.0160 0.0336 0.0081 0.0151 0.0574 0.4524 0.1461 0.0090 0.0191 
      H177.4  1 0.0048 0.0113 0.0018 0.0064 0.0101 0.0053 0.0080 0.0056 0.0038 0.2411 0.6613 0.0056 0.0038 0.0312 
      H177.5  1 0.0290 0.0092 0.0030 0.0270 0.0117 0.0063 0.0153 0.0258 0.0098 0.0955 0.7319 0.0109 0.0196 0.0050 
      H177.6  1 0.0516 0.0628 0.0036 0.0323 0.0060 0.0146 0.0141 0.0081 0.0152 0.0449 0.5477 0.1820 0.0073 0.0096 
      H179.1  1 0.0056 0.0059 0.0075 0.0098 0.0082 0.0052 0.0027 0.0142 0.0074 0.8800 0.0083 0.0048 0.0384 0.0020 
      H179.2  1 0.0094 0.0053 0.0030 0.0133 0.0036 0.0051 0.0032 0.0088 0.0067 0.8816 0.0062 0.0040 0.0337 0.0162 
      H179.3  1 0.0076 0.0285 0.0100 0.0142 0.0065 0.0044 0.0044 0.0122 0.0171 0.8526 0.0186 0.0046 0.0141 0.0052 
      H179.4  1 0.0526 0.0212 0.0067 0.0062 0.0064 0.0056 0.0111 0.0215 0.0060 0.7337 0.0468 0.0159 0.0141 0.0523 
      H180.1  1 0.0033 0.0047 0.0060 0.9272 0.0044 0.0069 0.0028 0.0047 0.0037 0.0238 0.0026 0.0029 0.0043 0.0027 
      H180.2  1 0.0027 0.0030 0.0086 0.9475 0.0026 0.0033 0.0028 0.0045 0.0038 0.0054 0.0046 0.0029 0.0052 0.0031 
      H180.3  1 0.0023 0.0080 0.0044 0.9342 0.0028 0.0043 0.0043 0.0047 0.0120 0.0039 0.0037 0.0044 0.0070 0.0041 
      H180.4  1 0.0032 0.0050 0.0085 0.9352 0.0030 0.0045 0.0042 0.0051 0.0045 0.0080 0.0042 0.0065 0.0045 0.0037 
      H180.5  1 0.0028 0.0033 0.0030 0.9459 0.0030 0.0053 0.0045 0.0030 0.0032 0.0080 0.0075 0.0047 0.0027 0.0031 
      H180.6  1 0.0025 0.0054 0.0040 0.9238 0.0043 0.0065 0.0106 0.0043 0.0080 0.0056 0.0070 0.0100 0.0045 0.0036 
      H181.1  1 0.0065 0.0563 0.0151 0.0581 0.0079 0.0587 0.0117 0.1824 0.0110 0.3772 0.0289 0.1669 0.0106 0.0085 
      H181.2  1 0.0263 0.0086 0.0314 0.0592 0.0104 0.0376 0.0686 0.0155 0.0126 0.6686 0.0249 0.0230 0.0079 0.0054 
      H181.3  1 0.0199 0.0108 0.0632 0.0302 0.0135 0.0652 0.0245 0.0507 0.0160 0.5741 0.0178 0.1043 0.0054 0.0045 
      H181.4  1 0.0332 0.0358 0.0117 0.1145 0.0304 0.0117 0.0299 0.1309 0.2043 0.1391 0.0264 0.1858 0.0264 0.0199 
      H181.5  1 0.0073 0.0037 0.0231 0.0051 0.0091 0.0112 0.0039 0.0220 0.0044 0.8592 0.0129 0.0176 0.0159 0.0047 
      H181.6  1 0.0050 0.0081 0.0058 0.0384 0.0084 0.0076 0.0036 0.0157 0.0131 0.8642 0.0091 0.0050 0.0085 0.0077 
      H181.7  1 0.0044 0.0140 0.0039 0.0053 0.0065 0.0035 0.0052 0.0530 0.0102 0.8578 0.0071 0.0153 0.0074 0.0063 
 H194.1_2004  1 0.0033 0.0080 0.0028 0.0041 0.0039 0.0050 0.0048 0.0032 0.0049 0.0027 0.9451 0.0038 0.0046 0.0039 
 H194.2_2004  1 0.0044 0.0126 0.0049 0.0033 0.0032 0.0052 0.0066 0.0038 0.0048 0.0025 0.9395 0.0037 0.0032 0.0021 
 H194.3_2004  1 0.0087 0.0044 0.0025 0.0033 0.0040 0.0052 0.0082 0.0043 0.0037 0.0084 0.8803 0.0206 0.0413 0.0050 
 H194.4_2004  1 0.0048 0.0058 0.0036 0.0031 0.0024 0.0056 0.0115 0.0049 0.0037 0.0032 0.9383 0.0069 0.0030 0.0033 
 H194.5_2004  1 0.0108 0.0088 0.0031 0.0040 0.0057 0.0067 0.0080 0.0051 0.0048 0.0047 0.8955 0.0127 0.0245 0.0056 
 H194.6_2004  1 0.0072 0.0059 0.0038 0.0044 0.0039 0.0109 0.0074 0.0042 0.0050 0.0054 0.8880 0.0116 0.0311 0.0111 
 H194.7_2004  1 0.0026 0.0058 0.0035 0.0026 0.0033 0.0031 0.0034 0.0032 0.0036 0.0026 0.9571 0.0029 0.0032 0.0030 
 H194.8_2004  1 0.0052 0.0071 0.0041 0.0041 0.0036 0.0078 0.0072 0.0040 0.0063 0.0034 0.9272 0.0075 0.0060 0.0065 
      H194.9  1 0.0039 0.0063 0.0065 0.0030 0.0037 0.0049 0.0064 0.0028 0.0061 0.0027 0.9424 0.0042 0.0035 0.0037 
 H195.1_2003  1 0.0146 0.0083 0.0058 0.0086 0.0043 0.0069 0.8611 0.0060 0.0059 0.0045 0.0269 0.0341 0.0074 0.0054 
 H195.1_2004  1 0.0098 0.0026 0.0028 0.0031 0.0044 0.0038 0.9481 0.0028 0.0029 0.0035 0.0038 0.0064 0.0029 0.0031 
 H195.2_2003  1 0.0179 0.0189 0.0045 0.0046 0.0143 0.0131 0.8124 0.0389 0.0284 0.0055 0.0198 0.0085 0.0049 0.0084 
 H195.2_2004  1 0.0044 0.0028 0.0025 0.0039 0.0025 0.0029 0.9565 0.0038 0.0023 0.0032 0.0040 0.0045 0.0039 0.0030 
 H195.3_2003  1 0.0187 0.0549 0.0093 0.0089 0.0117 0.0079 0.5778 0.0892 0.1504 0.0031 0.0431 0.0052 0.0140 0.0057 
 H195.3_2004  1 0.0062 0.0029 0.0027 0.0032 0.0033 0.0058 0.9458 0.0030 0.0020 0.0037 0.0057 0.0090 0.0032 0.0035 
 H195.4_2003  1 0.0070 0.0049 0.0028 0.0046 0.0046 0.0046 0.9274 0.0040 0.0041 0.0048 0.0087 0.0119 0.0067 0.0039 
 H195.4_2004  1 0.0029 0.0034 0.0030 0.0027 0.0028 0.0034 0.9590 0.0028 0.0022 0.0027 0.0046 0.0038 0.0026 0.0041 
 H195.5_2003  1 0.0326 0.0069 0.0091 0.0114 0.0092 0.0095 0.8363 0.0074 0.0070 0.0038 0.0327 0.0212 0.0056 0.0072 
 H195.5_2004  1 0.0063 0.0033 0.0042 0.0035 0.0028 0.0039 0.9497 0.0026 0.0033 0.0035 0.0042 0.0045 0.0033 0.0049 
 H195.6_2003  1 0.0065 0.0074 0.0027 0.0049 0.0062 0.0093 0.9121 0.0150 0.0170 0.0034 0.0047 0.0043 0.0031 0.0032 
 H195.6_2004  1 0.0056 0.0043 0.0034 0.0024 0.0026 0.0033 0.9516 0.0044 0.0021 0.0031 0.0058 0.0043 0.0039 0.0033 
 H195.7_2003  1 0.0167 0.0166 0.0061 0.0051 0.0159 0.0050 0.8324 0.0162 0.0049 0.0056 0.0321 0.0193 0.0154 0.0088 
 H195.7_2004  1 0.0042 0.0034 0.0034 0.0037 0.0026 0.0034 0.9578 0.0030 0.0036 0.0030 0.0036 0.0030 0.0025 0.0029 
      H195.8  1 0.0045 0.0035 0.0039 0.0031 0.0031 0.0031 0.9569 0.0027 0.0043 0.0030 0.0032 0.0030 0.0020 0.0036 
      H195.9  1 0.0038 0.0053 0.0021 0.0038 0.0029 0.0043 0.9454 0.0033 0.0031 0.0033 0.0078 0.0058 0.0042 0.0048 
      H415.1  1 0.0179 0.0057 0.0044 0.3623 0.0062 0.0148 0.0374 0.0108 0.0970 0.0067 0.0695 0.2866 0.0776 0.0031 
      H415.2  1 0.0240 0.0173 0.0037 0.0340 0.0683 0.5428 0.0052 0.0116 0.0273 0.0327 0.0623 0.0209 0.1465 0.0033 
      H415.3  1 0.0205 0.0060 0.0037 0.2094 0.0171 0.0202 0.0119 0.0257 0.0094 0.1120 0.0147 0.4407 0.0994 0.0094 
      H415.4  1 0.0276 0.0051 0.0028 0.4115 0.0045 0.0090 0.0120 0.0093 0.0322 0.0046 0.0140 0.1921 0.2682 0.0072 
      H415.5  1 0.0180 0.0048 0.0042 0.2477 0.0049 0.0250 0.0157 0.0097 0.0076 0.0155 0.0147 0.3998 0.2237 0.0089 
      H415.6  1 0.0188 0.0053 0.0037 0.3881 0.0050 0.0098 0.0162 0.0102 0.0480 0.0046 0.0171 0.1998 0.2662 0.0073 
      H415.7  1 0.0691 0.0583 0.0030 0.0195 0.0213 0.3275 0.0207 0.0228 0.0118 0.0892 0.1565 0.1505 0.0302 0.0196 
      H506.1  1 0.0024 0.0022 0.0027 0.0023 0.0043 0.0032 0.0037 0.0030 0.0019 0.9555 0.0029 0.0046 0.0073 0.0040 
      H506.2  1 0.0036 0.0029 0.0024 0.0020 0.0035 0.0035 0.0078 0.0028 0.0020 0.9534 0.0033 0.0058 0.0036 0.0034 
      H506.3  1 0.0038 0.0055 0.0025 0.0051 0.0045 0.0037 0.0046 0.0066 0.0032 0.9419 0.0042 0.0044 0.0065 0.0035 
      H506.4  1 0.0033 0.0067 0.0026 0.0059 0.0049 0.0057 0.0036 0.0028 0.0041 0.9339 0.0051 0.0052 0.0050 0.0111 
      H506.5  1 0.0040 0.0034 0.0024 0.0029 0.0036 0.0038 0.0048 0.0029 0.0029 0.9500 0.0036 0.0060 0.0041 0.0056 
      H506.6  1 0.0096 0.0221 0.0023 0.0042 0.0087 0.0041 0.0199 0.0051 0.0052 0.8948 0.0093 0.0045 0.0039 0.0062 
      H506.7  1 0.0035 0.0030 0.0026 0.0021 0.0031 0.0033 0.0065 0.0030 0.0019 0.9545 0.0029 0.0058 0.0049 0.0031 
      H533.1  1 0.0027 0.0030 0.0023 0.0039 0.0025 0.0024 0.0034 0.0043 0.0018 0.9529 0.0026 0.0073 0.0068 0.0041 
      H533.2  1 0.0026 0.0029 0.0028 0.0041 0.0025 0.0027 0.0040 0.0046 0.0021 0.9510 0.0027 0.0073 0.0074 0.0033 
      H533.3  1 0.0024 0.0075 0.0026 0.0032 0.0035 0.0023 0.0035 0.0034 0.0030 0.9510 0.0035 0.0059 0.0048 0.0035 
      H533.4  1 0.0035 0.0123 0.0040 0.0043 0.0036 0.0028 0.0177 0.0036 0.0035 0.9198 0.0073 0.0078 0.0029 0.0068 
      H535.1  1 0.0028 0.0041 0.0024 0.0034 0.0023 0.0052 0.0031 0.0024 0.0037 0.0042 0.0035 0.0028 0.0036 0.9567 
      H535.2  1 0.0034 0.0033 0.0022 0.0023 0.0036 0.0026 0.0042 0.0032 0.0022 0.0043 0.0036 0.0029 0.0029 0.9593 
      H535.3  1 0.0025 0.0029 0.0037 0.0025 0.0024 0.0025 0.0033 0.0024 0.0025 0.0027 0.0029 0.0021 0.0026 0.9650 
      H535.4  1 0.0028 0.0028 0.0024 0.0024 0.0028 0.0027 0.0040 0.0026 0.0023 0.0027 0.0030 0.0039 0.0027 0.9629 
      H535.5  1 0.0027 0.0034 0.0021 0.0024 0.0024 0.0026 0.0024 0.0029 0.0025 0.0030 0.0039 0.0041 0.0031 0.9623 
      H535.6  1 0.0035 0.0062 0.0032 0.0041 0.0025 0.0074 0.0047 0.0025 0.0048 0.0037 0.0043 0.0022 0.0046 0.9464 
      H535.7  1 0.0021 0.0026 0.0018 0.0022 0.0019 0.0021 0.0022 0.0024 0.0023 0.0034 0.0030 0.0030 0.0035 0.9676 
      H535.8  1 0.0043 0.0032 0.0022 0.0022 0.0023 0.0024 0.0029 0.0027 0.0034 0.0028 0.0040 0.0027 0.0038 0.9611 
      H535.9  1 0.0021 0.0036 0.0031 0.0029 0.0024 0.0041 0.0023 0.0021 0.0034 0.0034 0.0030 0.0023 0.0029 0.9625 
      H539.1  1 0.0029 0.0049 0.0031 0.0050 0.0026 0.0069 0.0026 0.0024 0.9578 0.0021 0.0031 0.0022 0.0018 0.0026 
      H539.2  1 0.0197 0.0714 0.0328 0.1094 0.0068 0.0062 0.0045 0.0084 0.6915 0.0060 0.0212 0.0054 0.0055 0.0114 
      H539.3  1 0.0071 0.0240 0.0100 0.0064 0.0036 0.0050 0.0091 0.0044 0.8903 0.0037 0.0189 0.0031 0.0041 0.0102 
      H539.4  1 0.0048 0.0046 0.0034 0.0416 0.0042 0.0044 0.0033 0.0059 0.9070 0.0038 0.0034 0.0046 0.0054 0.0036 
      H539.5  1 0.0020 0.0044 0.0034 0.0066 0.0025 0.0032 0.0027 0.0035 0.9552 0.0027 0.0049 0.0028 0.0029 0.0032 
      H539.6  1 0.0032 0.0067 0.0036 0.0105 0.0027 0.0062 0.0033 0.0035 0.9465 0.0027 0.0041 0.0019 0.0027 0.0024 
      H539.7  1 0.0033 0.0037 0.0046 0.0086 0.0030 0.0043 0.0025 0.0033 0.9516 0.0026 0.0034 0.0033 0.0031 0.0025 
      H539.8  1 0.0093 0.0107 0.0207 0.0452 0.0064 0.0053 0.0048 0.0086 0.8424 0.0052 0.0133 0.0036 0.0063 0.0183 
      H539.9  1 0.0033 0.0052 0.0027 0.0125 0.0040 0.0026 0.0030 0.0049 0.9457 0.0037 0.0036 0.0023 0.0039 0.0025 
      H540.1  1 0.0043 0.0516 0.0021 0.0053 0.0050 0.0056 0.0070 0.0042 0.8945 0.0036 0.0043 0.0037 0.0037 0.0051 
      H540.2  1 0.0034 0.0071 0.0043 0.0040 0.0034 0.0038 0.0036 0.0033 0.9492 0.0033 0.0056 0.0031 0.0039 0.0021 
      H540.3  1 0.0218 0.0133 0.0143 0.0180 0.0056 0.0082 0.0174 0.0117 0.8091 0.0076 0.0304 0.0248 0.0112 0.0065 
      H540.4  1 0.0042 0.0140 0.0053 0.0207 0.0093 0.0081 0.0041 0.0042 0.9066 0.0056 0.0039 0.0041 0.0048 0.0051 
      H540.5  1 0.0055 0.0069 0.0039 0.0036 0.0045 0.0051 0.0025 0.0062 0.9354 0.0037 0.0082 0.0054 0.0068 0.0023 
      H540.6  1 0.0083 0.0301 0.0057 0.0054 0.0114 0.0074 0.0060 0.0084 0.8861 0.0083 0.0067 0.0047 0.0072 0.0043 
      H540.7  1 0.0059 0.0087 0.0077 0.0086 0.0111 0.0055 0.0071 0.0031 0.8945 0.0111 0.0134 0.0149 0.0053 0.0032 
      H540.8  1 0.0027 0.0322 0.0036 0.0081 0.0047 0.0157 0.0037 0.0044 0.8773 0.0042 0.0273 0.0068 0.0043 0.0047 
     H9558.1  1 0.0025 0.0049 0.0034 0.0032 0.0027 0.0101 0.0028 0.0071 0.9415 0.0051 0.0033 0.0022 0.0028 0.0086 
     H9558.2  1 0.0062 0.0064 0.0080 0.0044 0.0082 0.0092 0.0052 0.0119 0.8911 0.0185 0.0095 0.0052 0.0071 0.0089 
     H9558.3  1 0.0079 0.0042 0.0085 0.0036 0.0096 0.0024 0.0025 0.0187 0.9155 0.0037 0.0065 0.0029 0.0083 0.0057 
     H9558.4  1 0.0036 0.0050 0.0041 0.0031 0.0026 0.0041 0.0020 0.0057 0.9496 0.0042 0.0047 0.0020 0.0028 0.0067 
     H9558.5  1 0.0051 0.0029 0.0056 0.0064 0.0049 0.0026 0.0018 0.0057 0.9470 0.0026 0.0027 0.0025 0.0035 0.0068 
     H9558.6  1 0.0066 0.0040 0.0041 0.0043 0.0045 0.0046 0.0028 0.0092 0.9323 0.0043 0.0099 0.0032 0.0052 0.0049 
    kos339.1  1 0.0040 0.0068 0.0029 0.0041 0.0148 0.0065 0.0025 0.0037 0.0049 0.0145 0.0035 0.9223 0.0042 0.0054 
    kos339.2  1 0.0057 0.0031 0.0040 0.0052 0.0100 0.0045 0.0058 0.0043 0.0031 0.0079 0.0051 0.9325 0.0031 0.0056 
    kos339.3  1 0.0024 0.0038 0.0036 0.0042 0.0023 0.0028 0.0041 0.0026 0.0028 0.0043 0.0039 0.9551 0.0032 0.0049 
    kos339.4  1 0.0037 0.0037 0.0031 0.0037 0.0030 0.0038 0.0037 0.0035 0.0038 0.0044 0.0042 0.9517 0.0028 0.0049 
    kos339.5  1 0.0025 0.0032 0.0031 0.0035 0.0057 0.0042 0.0027 0.0045 0.0031 0.0112 0.0044 0.9453 0.0037 0.0029 
    kos339.6  1 0.0049 0.0034 0.0027 0.0027 0.0056 0.0039 0.0039 0.0030 0.0033 0.0059 0.0077 0.9470 0.0032 0.0029 
    kos339.7  1 0.0027 0.0035 0.0030 0.0040 0.0021 0.0033 0.0033 0.0027 0.0026 0.0056 0.0039 0.9501 0.0028 0.0105 
    kos339.8  1 0.0034 0.0030 0.0034 0.0039 0.0059 0.0031 0.0046 0.0030 0.0024 0.0174 0.0053 0.9369 0.0043 0.0034 
    kos339.9  1 0.0116 0.0074 0.0026 0.0104 0.0063 0.0237 0.0070 0.0050 0.0164 0.0073 0.0096 0.8814 0.0080 0.0033 
      H409.1 12 0.0036 0.0021 0.0034 0.0023 0.0041 0.0032 0.0034 0.0035 0.0020 0.0045 0.0035 0.0054 0.9565 0.0026 
     H409.10 12 0.0079 0.0056 0.0075 0.0129 0.0054 0.0040 0.0036 0.0051 0.0095 0.0342 0.0029 0.0053 0.8937 0.0026 
      H409.2 12 0.0084 0.0031 0.0025 0.0029 0.0030 0.0055 0.0041 0.0034 0.0038 0.0055 0.0045 0.0053 0.9411 0.0069 
      H409.3 12 0.0043 0.0040 0.0035 0.0033 0.0031 0.0040 0.0037 0.0034 0.0044 0.0039 0.0055 0.0035 0.9499 0.0035 
      H409.4 12 0.0050 0.0025 0.0034 0.0027 0.0031 0.0027 0.0025 0.0041 0.0027 0.0032 0.0040 0.0029 0.9576 0.0035 
      H409.5 12 0.0035 0.0055 0.0027 0.0034 0.0038 0.0045 0.0036 0.0033 0.0034 0.0046 0.0036 0.0030 0.9509 0.0042 
      H409.6 12 0.0058 0.0163 0.0084 0.0105 0.0106 0.0039 0.0052 0.0209 0.0084 0.0087 0.0079 0.0046 0.8804 0.0085 
      H409.7 12 0.0078 0.0026 0.0037 0.0029 0.0043 0.0030 0.0050 0.0053 0.0026 0.0050 0.0067 0.0059 0.9425 0.0028 
      H409.8 12 0.0029 0.0042 0.0053 0.0041 0.0071 0.0044 0.0031 0.0035 0.0036 0.0047 0.0040 0.0033 0.9471 0.0027 
      H409.9 12 0.0047 0.0249 0.0233 0.0409 0.0362 0.0041 0.0049 0.0065 0.2753 0.1179 0.0055 0.0037 0.4435 0.0087 
      H413.1 12 0.0035 0.0024 0.9623 0.0036 0.0042 0.0021 0.0020 0.0040 0.0021 0.0022 0.0029 0.0037 0.0027 0.0022 
      H413.2 12 0.0023 0.0028 0.9640 0.0029 0.0025 0.0032 0.0024 0.0034 0.0022 0.0029 0.0028 0.0039 0.0022 0.0027 
      H413.3 12 0.0026 0.0028 0.9622 0.0027 0.0050 0.0024 0.0026 0.0030 0.0038 0.0030 0.0034 0.0018 0.0026 0.0019 
      H413.4 12 0.0058 0.0027 0.9439 0.0037 0.0091 0.0033 0.0046 0.0032 0.0028 0.0046 0.0053 0.0051 0.0037 0.0021 
      H413.5 12 0.0032 0.0028 0.9358 0.0108 0.0034 0.0104 0.0025 0.0032 0.0146 0.0031 0.0036 0.0024 0.0022 0.0020 
      H413.6 12 0.0080 0.0024 0.9114 0.0080 0.0084 0.0020 0.0057 0.0157 0.0167 0.0024 0.0074 0.0053 0.0041 0.0026 
      H413.7 12 0.0032 0.0025 0.9645 0.0023 0.0033 0.0022 0.0026 0.0028 0.0030 0.0034 0.0027 0.0028 0.0025 0.0024 
      H563.1 12 0.0064 0.0042 0.0125 0.0044 0.9359 0.0024 0.0028 0.0047 0.0100 0.0033 0.0038 0.0027 0.0046 0.0021 
      H563.2 12 0.0077 0.0049 0.0066 0.0059 0.9130 0.0050 0.0028 0.0041 0.0064 0.0053 0.0104 0.0066 0.0172 0.0040 
      H563.3 12 0.0057 0.0053 0.0040 0.0033 0.9513 0.0024 0.0028 0.0027 0.0080 0.0035 0.0030 0.0026 0.0036 0.0018 
      H563.4 12 0.0063 0.0062 0.0133 0.0061 0.9207 0.0040 0.0031 0.0070 0.0057 0.0036 0.0053 0.0064 0.0097 0.0028 
      H563.5 12 0.0076 0.0051 0.0049 0.0040 0.9490 0.0023 0.0026 0.0044 0.0064 0.0027 0.0026 0.0030 0.0037 0.0018 
      H563.6 12 0.0060 0.0036 0.0097 0.0050 0.9308 0.0049 0.0029 0.0044 0.0048 0.0042 0.0060 0.0101 0.0048 0.0028 
      H563.7 12 0.0085 0.0026 0.0106 0.0033 0.9335 0.0027 0.0030 0.0050 0.0033 0.0037 0.0038 0.0116 0.0063 0.0020 
      H563.8 12 0.0100 0.0068 0.0066 0.0044 0.9277 0.0033 0.0032 0.0059 0.0145 0.0035 0.0044 0.0034 0.0041 0.0021 
      H563.9 12 0.0043 0.0036 0.0062 0.0048 0.9207 0.0047 0.0042 0.0052 0.0054 0.0050 0.0086 0.0083 0.0167 0.0023 
     H7374.1 12 0.9403 0.0062 0.0038 0.0041 0.0040 0.0036 0.0056 0.0050 0.0037 0.0031 0.0047 0.0045 0.0067 0.0045 
     H7374.2 12 0.9345 0.0056 0.0076 0.0032 0.0069 0.0031 0.0040 0.0057 0.0075 0.0047 0.0064 0.0025 0.0051 0.0033 
     H7374.3 12 0.8987 0.0094 0.0041 0.0059 0.0066 0.0049 0.0221 0.0055 0.0068 0.0043 0.0134 0.0048 0.0089 0.0047 
     H7374.4 12 0.9425 0.0034 0.0049 0.0034 0.0046 0.0045 0.0037 0.0049 0.0046 0.0033 0.0042 0.0060 0.0044 0.0054 
     H7374.5 12 0.9516 0.0038 0.0034 0.0031 0.0041 0.0038 0.0029 0.0047 0.0065 0.0035 0.0035 0.0038 0.0030 0.0022 
     H7374.6 12 0.9078 0.0052 0.0039 0.0044 0.0069 0.0097 0.0098 0.0043 0.0059 0.0071 0.0131 0.0081 0.0053 0.0084 
     H7374.7 12 0.9552 0.0025 0.0045 0.0022 0.0036 0.0024 0.0040 0.0030 0.0021 0.0027 0.0038 0.0049 0.0052 0.0040 
     H7374.8 12 0.9511 0.0030 0.0031 0.0026 0.0036 0.0034 0.0045 0.0039 0.0025 0.0033 0.0042 0.0062 0.0056 0.0030 
     H7374.9 12 0.9488 0.0032 0.0035 0.0044 0.0045 0.0054 0.0040 0.0046 0.0053 0.0026 0.0038 0.0044 0.0031 0.0024 
     H9563.1 12 0.0043 0.0044 0.0049 0.0043 0.9469 0.0043 0.0039 0.0038 0.0038 0.0050 0.0038 0.0046 0.0037 0.0024 
     H9563.2 12 0.0032 0.0048 0.0061 0.0058 0.9483 0.0036 0.0035 0.0036 0.0062 0.0033 0.0036 0.0026 0.0021 0.0032 
     H9563.3 12 0.0049 0.0041 0.0029 0.0029 0.9410 0.0032 0.0060 0.0071 0.0023 0.0069 0.0043 0.0036 0.0056 0.0052 
     H9563.4 12 0.0054 0.0126 0.0042 0.0157 0.8707 0.0058 0.0078 0.0045 0.0067 0.0084 0.0144 0.0088 0.0140 0.0211 
     H9563.5 12 0.0040 0.0114 0.0042 0.0116 0.9155 0.0055 0.0032 0.0048 0.0044 0.0085 0.0071 0.0059 0.0094 0.0045 
     H9563.6 12 0.0047 0.0039 0.0036 0.0045 0.9416 0.0023 0.0053 0.0087 0.0028 0.0060 0.0038 0.0030 0.0055 0.0042 
     H9563.7 12 0.0051 0.0058 0.0032 0.0030 0.9471 0.0024 0.0045 0.0055 0.0026 0.0055 0.0032 0.0025 0.0035 0.0062 
     H9563.8 12 0.0044 0.0112 0.0039 0.0457 0.8465 0.0071 0.0046 0.0111 0.0053 0.0178 0.0074 0.0148 0.0139 0.0063 
     H9563.9 12 0.0039 0.0067 0.0046 0.0115 0.9327 0.0040 0.0039 0.0072 0.0053 0.0061 0.0040 0.0037 0.0033 0.0032 
     H9572.1 12 0.0224 0.0102 0.0312 0.0433 0.2893 0.0429 0.0180 0.0213 0.1949 0.1864 0.1010 0.0082 0.0141 0.0166 
     H9572.2 12 0.0159 0.0097 0.0111 0.0950 0.4392 0.0843 0.0930 0.0158 0.0111 0.0114 0.1857 0.0070 0.0157 0.0051 
     H9572.3 12 0.1977 0.1883 0.0227 0.0116 0.0620 0.0259 0.0090 0.0174 0.0775 0.0198 0.1077 0.1512 0.0892 0.0199 
     H9572.4 12 0.0507 0.0135 0.0273 0.0252 0.1951 0.0500 0.0244 0.0196 0.0436 0.0466 0.3501 0.1110 0.0137 0.0294 
     H9572.5 12 0.0051 0.0231 0.0093 0.0561 0.0986 0.0420 0.0268 0.0344 0.0814 0.0684 0.3285 0.2012 0.0056 0.0195 
