      H105.1  1 0.0112 0.0043 0.0115 0.0032 0.0068 0.9402 0.0068 0.0061 0.0066 0.0033 
      H105.2  1 0.0107 0.0089 0.0134 0.0042 0.0080 0.9272 0.0038 0.0057 0.0141 0.0041 
      H105.3  1 0.0036 0.0080 0.0210 0.0040 0.0055 0.9356 0.0056 0.0059 0.0062 0.0046 
      H105.4  1 0.0108 0.0124 0.0267 0.0050 0.0092 0.9041 0.0042 0.0104 0.0138 0.0035 
      H105.5  1 0.0933 0.0185 0.0154 0.0100 0.0164 0.7873 0.0090 0.0097 0.0366 0.0039 
      H105.6  1 0.0113 0.0122 0.0154 0.0065 0.0202 0.8971 0.0056 0.0159 0.0111 0.0048 
      H105.7  1 0.0243 0.0083 0.0883 0.0031 0.0124 0.8376 0.0057 0.0054 0.0106 0.0042 
      H105.8  1 0.0041 0.0067 0.0104 0.0038 0.0082 0.9491 0.0043 0.0042 0.0062 0.0030 
      H115.1  1 0.0130 0.8967 0.0223 0.0042 0.0210 0.0089 0.0077 0.0037 0.0174 0.0053 
      H115.2  1 0.0081 0.8926 0.0066 0.0033 0.0636 0.0037 0.0067 0.0040 0.0048 0.0067 
      H115.3  1 0.0062 0.9505 0.0044 0.0046 0.0105 0.0031 0.0053 0.0042 0.0043 0.0068 
      H115.4  1 0.0092 0.9308 0.0036 0.0063 0.0061 0.0161 0.0129 0.0048 0.0032 0.0069 
      H115.5  1 0.0075 0.8999 0.0091 0.0093 0.0181 0.0057 0.0243 0.0091 0.0072 0.0099 
      H115.6  1 0.0078 0.9107 0.0092 0.0031 0.0240 0.0049 0.0123 0.0068 0.0060 0.0151 
      H115.7  1 0.0177 0.8964 0.0288 0.0036 0.0133 0.0056 0.0090 0.0060 0.0099 0.0097 
      H115.8  1 0.0046 0.9488 0.0065 0.0018 0.0103 0.0054 0.0082 0.0032 0.0038 0.0073 
      H115.9  1 0.0141 0.7860 0.0187 0.0044 0.1263 0.0111 0.0128 0.0033 0.0169 0.0064 
      H145.1  1 0.0094 0.0047 0.0051 0.0048 0.0043 0.0035 0.0043 0.0064 0.0049 0.9525 
      H145.2  1 0.0064 0.0053 0.0038 0.0084 0.0037 0.0080 0.0064 0.0166 0.0044 0.9370 
      H145.3  1 0.0058 0.0034 0.0031 0.0060 0.0025 0.0035 0.0031 0.0061 0.0040 0.9626 
      H145.4  1 0.0203 0.0036 0.0098 0.0037 0.0036 0.0052 0.0091 0.0293 0.0107 0.9047 
      H145.5  1 0.0074 0.0029 0.0053 0.0025 0.0024 0.0054 0.0036 0.0197 0.0069 0.9438 
      H145.6  1 0.0085 0.0043 0.0043 0.0067 0.0031 0.0069 0.0047 0.0264 0.0034 0.9315 
      H145.7  1 0.0048 0.0048 0.0042 0.0043 0.0024 0.0039 0.0048 0.0096 0.0045 0.9569 
      H149.1  1 0.0032 0.0031 0.0031 0.0034 0.0030 0.0043 0.9656 0.0043 0.0053 0.0047 
      H149.2  1 0.0075 0.0032 0.0041 0.0036 0.0030 0.0041 0.9547 0.0055 0.0060 0.0082 
      H149.3  1 0.0584 0.0391 0.0367 0.0098 0.0060 0.0257 0.7369 0.0166 0.0127 0.0580 
      H149.4  1 0.0045 0.0031 0.0060 0.0039 0.0036 0.0372 0.9297 0.0033 0.0035 0.0052 
      H149.5  1 0.0246 0.0048 0.0239 0.0103 0.0026 0.0887 0.8073 0.0167 0.0098 0.0113 
      H149.6  1 0.0059 0.0025 0.0043 0.0032 0.0022 0.0048 0.9609 0.0038 0.0039 0.0085 
      H149.7  1 0.0412 0.0151 0.0348 0.0048 0.0046 0.1101 0.7515 0.0073 0.0189 0.0119 
      H150.1  1 0.0054 0.7370 0.0040 0.0020 0.2263 0.0038 0.0027 0.0051 0.0059 0.0078 
      H150.2  1 0.0049 0.9083 0.0051 0.0035 0.0528 0.0047 0.0061 0.0037 0.0044 0.0065 
      H150.3  1 0.0154 0.3249 0.0190 0.0025 0.5888 0.0054 0.0065 0.0098 0.0087 0.0191 
      H150.4  1 0.0066 0.1596 0.0057 0.0018 0.8008 0.0039 0.0034 0.0045 0.0063 0.0075 
      H150.5  1 0.0077 0.9147 0.0109 0.0029 0.0395 0.0042 0.0039 0.0053 0.0060 0.0049 
      H150.6  1 0.0065 0.9312 0.0043 0.0041 0.0118 0.0082 0.0045 0.0157 0.0091 0.0047 
      H150.7  1 0.0053 0.3590 0.0082 0.0021 0.5917 0.0067 0.0058 0.0035 0.0055 0.0122 
   H169607.1  1 0.6900 0.0196 0.0121 0.0044 0.0478 0.0144 0.0058 0.0806 0.0052 0.1201 
   H169607.2  1 0.9013 0.0075 0.0082 0.0076 0.0283 0.0052 0.0038 0.0179 0.0046 0.0156 
   H169607.3  1 0.8810 0.0079 0.0046 0.0065 0.0083 0.0134 0.0040 0.0114 0.0058 0.0571 
   H169607.4  1 0.8559 0.0048 0.0066 0.0055 0.0179 0.0039 0.0039 0.0507 0.0043 0.0463 
   H169607.5  1 0.9541 0.0043 0.0052 0.0057 0.0112 0.0038 0.0038 0.0042 0.0031 0.0047 
   H169607.6  1 0.9304 0.0037 0.0051 0.0067 0.0160 0.0120 0.0031 0.0082 0.0033 0.0114 
   H169607.7  1 0.9144 0.0142 0.0046 0.0048 0.0097 0.0224 0.0041 0.0087 0.0030 0.0141 
   H169607.8  1 0.9426 0.0039 0.0086 0.0039 0.0106 0.0056 0.0037 0.0077 0.0047 0.0088 
   H169633.1  1 0.0073 0.0061 0.0085 0.0053 0.0078 0.0038 0.9336 0.0190 0.0049 0.0036 
   H169633.2  1 0.0058 0.0204 0.0045 0.0076 0.0028 0.0122 0.8808 0.0195 0.0395 0.0067 
   H169633.3  1 0.0063 0.0056 0.0069 0.0100 0.0065 0.0042 0.9388 0.0080 0.0079 0.0057 
   H169633.4  1 0.0072 0.0063 0.0116 0.0079 0.0069 0.0046 0.9362 0.0047 0.0067 0.0078 
   H169633.5  1 0.0078 0.0079 0.0103 0.0084 0.0075 0.0050 0.9303 0.0061 0.0066 0.0101 
   H169688.1  1 0.8913 0.0038 0.0191 0.0047 0.0060 0.0197 0.0067 0.0367 0.0042 0.0079 
   H169688.2  1 0.8753 0.0082 0.0095 0.0035 0.0145 0.0321 0.0041 0.0348 0.0149 0.0030 
   H169688.3  1 0.8664 0.0112 0.0093 0.0021 0.0171 0.0218 0.0092 0.0496 0.0094 0.0039 
   H169688.4  1 0.8310 0.0328 0.0038 0.0035 0.0879 0.0048 0.0075 0.0173 0.0060 0.0053 
   H169688.5  1 0.8168 0.0333 0.0033 0.0035 0.0954 0.0040 0.0052 0.0244 0.0080 0.0061 
   H169688.6  1 0.7814 0.0057 0.0054 0.0053 0.0357 0.1074 0.0105 0.0409 0.0044 0.0032 
   H169688.7  1 0.7763 0.0519 0.0049 0.0023 0.0253 0.0072 0.0064 0.0888 0.0196 0.0174 
   H171901.1  1 0.5586 0.2102 0.0720 0.0031 0.0216 0.0440 0.0109 0.0074 0.0074 0.0648 
   H171901.2  1 0.0234 0.0173 0.0099 0.0037 0.0226 0.0073 0.8877 0.0171 0.0057 0.0053 
   H171901.3  1 0.1029 0.0348 0.0202 0.0110 0.0206 0.0127 0.7595 0.0235 0.0092 0.0057 
   H171901.4  1 0.0212 0.0295 0.0072 0.0049 0.0102 0.0094 0.8877 0.0182 0.0060 0.0056 
   H171901.5  1 0.0287 0.0567 0.0063 0.0059 0.0156 0.0187 0.8214 0.0290 0.0085 0.0093 
   H171901.6  1 0.0386 0.0900 0.0067 0.0082 0.0421 0.0300 0.7026 0.0504 0.0175 0.0140 
   H171901.7  1 0.2835 0.0230 0.0080 0.0141 0.0281 0.0138 0.5966 0.0197 0.0067 0.0064 
   H171902.1  1 0.0042 0.0057 0.0031 0.0032 0.0056 0.0060 0.0064 0.0044 0.0054 0.9560 
  H171902.10  1 0.0070 0.0120 0.0031 0.0029 0.0034 0.0062 0.0056 0.0027 0.0033 0.9538 
   H171902.2  1 0.0091 0.0090 0.0051 0.0026 0.0070 0.0104 0.0183 0.0072 0.0067 0.9245 
   H171902.3  1 0.0073 0.0196 0.0047 0.0039 0.0133 0.0093 0.0394 0.0060 0.0067 0.8898 
   H171902.4  1 0.0035 0.0049 0.0035 0.0027 0.0039 0.0035 0.0253 0.0038 0.0037 0.9452 
   H171902.6  1 0.0039 0.0043 0.0039 0.0030 0.0062 0.0044 0.0052 0.0032 0.0050 0.9609 
   H171902.7  1 0.0345 0.0157 0.0035 0.0026 0.0029 0.0067 0.0081 0.0040 0.0055 0.9164 
   H171902.8  1 0.0057 0.0075 0.0042 0.0034 0.0096 0.0043 0.0132 0.0051 0.0040 0.9431 
   H171902.9  1 0.0039 0.0051 0.0040 0.0035 0.0165 0.0034 0.0042 0.0032 0.0040 0.9523 
   H171903.1  1 0.9258 0.0233 0.0060 0.0052 0.0179 0.0054 0.0046 0.0041 0.0035 0.0043 
   H171903.2  1 0.8933 0.0307 0.0074 0.0086 0.0256 0.0102 0.0036 0.0074 0.0074 0.0057 
   H171903.3  1 0.8827 0.0122 0.0059 0.0257 0.0130 0.0129 0.0051 0.0075 0.0293 0.0059 
   H171903.4  1 0.9371 0.0164 0.0044 0.0037 0.0076 0.0040 0.0038 0.0080 0.0040 0.0111 
   H171903.5  1 0.9183 0.0225 0.0070 0.0033 0.0127 0.0070 0.0068 0.0051 0.0112 0.0061 
   H171903.6  1 0.9549 0.0072 0.0028 0.0044 0.0051 0.0034 0.0081 0.0031 0.0053 0.0056 
      H177.1  1 0.8282 0.0159 0.0061 0.0153 0.0101 0.0224 0.0573 0.0207 0.0080 0.0159 
      H177.2  1 0.3195 0.0344 0.0082 0.0173 0.0141 0.0378 0.1652 0.3439 0.0318 0.0278 
      H177.3  1 0.5754 0.0230 0.0089 0.0273 0.0127 0.0261 0.1462 0.0889 0.0127 0.0790 
      H177.4  1 0.5482 0.0049 0.0075 0.0928 0.0045 0.2623 0.0441 0.0129 0.0066 0.0163 
      H177.5  1 0.8112 0.0231 0.0219 0.0086 0.0059 0.0470 0.0279 0.0218 0.0248 0.0078 
      H177.6  1 0.4326 0.0388 0.0069 0.0099 0.0249 0.0191 0.3638 0.0428 0.0108 0.0504 
      H179.1  1 0.0082 0.0090 0.0093 0.0024 0.0077 0.9216 0.0054 0.0046 0.0269 0.0049 
      H179.2  1 0.0125 0.0246 0.0036 0.0086 0.0081 0.9014 0.0072 0.0041 0.0246 0.0055 
      H179.3  1 0.1365 0.0169 0.0131 0.0090 0.0123 0.7831 0.0059 0.0087 0.0102 0.0043 
      H179.4  1 0.0687 0.0088 0.0096 0.0866 0.0054 0.7094 0.0223 0.0699 0.0140 0.0054 
      H180.1  1 0.0041 0.9489 0.0038 0.0030 0.0047 0.0187 0.0035 0.0035 0.0052 0.0045 
      H180.2  1 0.0040 0.9648 0.0037 0.0037 0.0031 0.0056 0.0031 0.0036 0.0055 0.0030 
      H180.3  1 0.0053 0.9488 0.0039 0.0057 0.0108 0.0039 0.0040 0.0038 0.0087 0.0052 
      H180.4  1 0.0052 0.9541 0.0049 0.0035 0.0040 0.0091 0.0057 0.0044 0.0045 0.0046 
      H180.5  1 0.0043 0.9653 0.0034 0.0029 0.0039 0.0058 0.0045 0.0039 0.0027 0.0033 
      H180.6  1 0.0064 0.9364 0.0038 0.0044 0.0070 0.0063 0.0101 0.0074 0.0043 0.0139 
      H181.1  1 0.0284 0.0257 0.0092 0.0068 0.0089 0.8168 0.0647 0.0142 0.0098 0.0155 
      H181.2  1 0.0152 0.0342 0.0115 0.0059 0.0061 0.8214 0.0215 0.0548 0.0078 0.0215 
      H181.3  1 0.0177 0.0235 0.0233 0.0043 0.0097 0.7649 0.0751 0.0516 0.0064 0.0235 
      H181.4  1 0.0691 0.0833 0.0278 0.0122 0.1559 0.4192 0.1356 0.0635 0.0211 0.0122 
      H181.5  1 0.0075 0.0042 0.0070 0.0045 0.0050 0.9450 0.0089 0.0049 0.0070 0.0062 
      H181.6  1 0.0065 0.0156 0.0050 0.0071 0.0074 0.9354 0.0066 0.0047 0.0064 0.0052 
      H181.7  1 0.0056 0.0048 0.0038 0.0076 0.0063 0.9521 0.0074 0.0034 0.0041 0.0048 
 H194.1_2004  1 0.9537 0.0061 0.0047 0.0030 0.0063 0.0027 0.0040 0.0049 0.0059 0.0086 
 H194.2_2004  1 0.9319 0.0059 0.0054 0.0024 0.0075 0.0043 0.0064 0.0074 0.0035 0.0253 
 H194.3_2004  1 0.7143 0.0038 0.0055 0.0060 0.0041 0.0173 0.0796 0.0441 0.1105 0.0148 
 H194.4_2004  1 0.8065 0.0053 0.0033 0.0052 0.0054 0.0063 0.0319 0.0809 0.0066 0.0486 
 H194.5_2004  1 0.8565 0.0035 0.0052 0.0083 0.0063 0.0121 0.0349 0.0209 0.0417 0.0105 
 H194.6_2004  1 0.7921 0.0040 0.0050 0.0274 0.0084 0.0070 0.0418 0.0279 0.0709 0.0155 
 H194.7_2004  1 0.9550 0.0036 0.0070 0.0034 0.0047 0.0038 0.0045 0.0054 0.0053 0.0073 
 H194.8_2004  1 0.8528 0.0037 0.0049 0.0103 0.0079 0.0082 0.0270 0.0472 0.0155 0.0224 
      H194.9  1 0.9033 0.0056 0.0071 0.0047 0.0107 0.0032 0.0113 0.0339 0.0051 0.0151 
 H195.1_2003  1 0.0067 0.0045 0.0041 0.0037 0.0050 0.0044 0.0183 0.9444 0.0048 0.0041 
 H195.1_2004  1 0.0055 0.0037 0.0047 0.0027 0.0032 0.0038 0.0071 0.9557 0.0028 0.0108 
 H195.2_2003  1 0.0127 0.0045 0.0067 0.0060 0.0148 0.0055 0.0059 0.9326 0.0036 0.0078 
 H195.2_2004  1 0.0045 0.0037 0.0032 0.0031 0.0029 0.0031 0.0054 0.9619 0.0040 0.0083 
 H195.3_2003  1 0.0278 0.0084 0.0093 0.0039 0.0631 0.0043 0.0040 0.8693 0.0059 0.0039 
 H195.3_2004  1 0.0036 0.0031 0.0033 0.0030 0.0027 0.0035 0.0107 0.9540 0.0034 0.0127 
 H195.4_2003  1 0.0036 0.0036 0.0034 0.0035 0.0033 0.0036 0.0075 0.9624 0.0052 0.0039 
 H195.4_2004  1 0.0069 0.0033 0.0070 0.0069 0.0030 0.0027 0.0036 0.9502 0.0039 0.0124 
 H195.5_2003  1 0.0057 0.0053 0.0050 0.0049 0.0049 0.0040 0.0090 0.9531 0.0043 0.0038 
 H195.5_2004  1 0.0075 0.0053 0.0071 0.0154 0.0046 0.0051 0.0073 0.9096 0.0063 0.0318 
 H195.6_2003  1 0.0059 0.0044 0.0050 0.0039 0.0128 0.0043 0.0036 0.9509 0.0030 0.0063 
 H195.6_2004  1 0.0058 0.0037 0.0030 0.0040 0.0027 0.0054 0.0045 0.9593 0.0059 0.0057 
 H195.7_2003  1 0.0080 0.0034 0.0048 0.0050 0.0031 0.0036 0.0082 0.9549 0.0059 0.0033 
 H195.7_2004  1 0.0055 0.0047 0.0046 0.0030 0.0052 0.0039 0.0035 0.9558 0.0034 0.0104 
      H195.8  1 0.0063 0.0041 0.0054 0.0063 0.0036 0.0029 0.0033 0.9408 0.0033 0.0242 
      H195.9  1 0.0077 0.0080 0.0040 0.0089 0.0033 0.0041 0.0095 0.9371 0.0095 0.0080 
      H415.1  1 0.0215 0.2905 0.0091 0.0029 0.1173 0.0100 0.2722 0.0191 0.1968 0.0605 
      H415.2  1 0.2332 0.0541 0.0392 0.0034 0.0282 0.0316 0.0434 0.0127 0.2133 0.3409 
      H415.3  1 0.0103 0.1709 0.0103 0.0079 0.0113 0.1372 0.4229 0.0238 0.1824 0.0230 
      H415.4  1 0.0108 0.3289 0.0050 0.0055 0.0382 0.0066 0.1712 0.0250 0.3624 0.0464 
      H415.5  1 0.0104 0.2240 0.0067 0.0079 0.0067 0.0214 0.3402 0.0333 0.3039 0.0455 
      H415.6  1 0.0100 0.3274 0.0051 0.0078 0.0353 0.0078 0.1910 0.0308 0.3415 0.0432 
      H415.7  1 0.1655 0.0135 0.0229 0.0269 0.0140 0.0838 0.1649 0.0731 0.0555 0.3798 
      H506.1  1 0.0025 0.0026 0.0033 0.0050 0.0022 0.9607 0.0066 0.0039 0.0101 0.0030 
      H506.2  1 0.0031 0.0033 0.0038 0.0041 0.0019 0.9582 0.0075 0.0066 0.0053 0.0061 
      H506.3  1 0.0093 0.0069 0.0050 0.0047 0.0034 0.9391 0.0078 0.0062 0.0140 0.0036 
      H506.4  1 0.0080 0.0099 0.0047 0.0213 0.0058 0.9194 0.0099 0.0055 0.0074 0.0079 
      H506.5  1 0.0050 0.0042 0.0053 0.0116 0.0029 0.9348 0.0148 0.0074 0.0072 0.0070 
      H506.6  1 0.0397 0.0077 0.0077 0.0107 0.0060 0.8622 0.0063 0.0439 0.0049 0.0109 
      H506.7  1 0.0035 0.0026 0.0038 0.0040 0.0022 0.9625 0.0072 0.0051 0.0055 0.0036 
      H533.1  1 0.0028 0.0048 0.0035 0.0045 0.0025 0.9561 0.0099 0.0024 0.0092 0.0042 
      H533.2  1 0.0030 0.0063 0.0026 0.0047 0.0025 0.9520 0.0136 0.0025 0.0081 0.0047 
      H533.3  1 0.0066 0.0034 0.0041 0.0041 0.0031 0.9564 0.0086 0.0023 0.0063 0.0052 
      H533.4  1 0.0154 0.0050 0.0047 0.0092 0.0036 0.9271 0.0144 0.0060 0.0038 0.0107 
      H535.1  1 0.0034 0.0028 0.0022 0.9721 0.0040 0.0033 0.0027 0.0029 0.0031 0.0036 
      H535.2  1 0.0029 0.0030 0.0041 0.9707 0.0027 0.0035 0.0035 0.0029 0.0036 0.0030 
      H535.3  1 0.0026 0.0027 0.0034 0.9740 0.0023 0.0029 0.0026 0.0031 0.0036 0.0028 
      H535.4  1 0.0033 0.0023 0.0029 0.9724 0.0024 0.0023 0.0043 0.0032 0.0039 0.0030 
      H535.5  1 0.0036 0.0019 0.0021 0.9728 0.0023 0.0034 0.0037 0.0037 0.0037 0.0027 
      H535.6  1 0.0055 0.0043 0.0030 0.9628 0.0060 0.0030 0.0026 0.0039 0.0045 0.0044 
      H535.7  1 0.0021 0.0020 0.0018 0.9781 0.0022 0.0027 0.0031 0.0025 0.0033 0.0020 
      H535.8  1 0.0041 0.0022 0.0026 0.9719 0.0026 0.0033 0.0027 0.0035 0.0042 0.0029 
      H535.9  1 0.0029 0.0028 0.0024 0.9733 0.0039 0.0033 0.0025 0.0036 0.0026 0.0027 
      H539.1  1 0.0037 0.0068 0.0031 0.0024 0.9699 0.0023 0.0026 0.0026 0.0021 0.0044 
      H539.2  1 0.1542 0.1144 0.0180 0.0128 0.6669 0.0043 0.0046 0.0121 0.0071 0.0056 
      H539.3  1 0.0245 0.0117 0.0048 0.0155 0.9154 0.0040 0.0034 0.0108 0.0041 0.0060 
      H539.4  1 0.0067 0.0405 0.0047 0.0032 0.9240 0.0037 0.0037 0.0043 0.0058 0.0036 
      H539.5  1 0.0038 0.0058 0.0033 0.0035 0.9704 0.0023 0.0023 0.0021 0.0027 0.0037 
      H539.6  1 0.0055 0.0105 0.0030 0.0027 0.9628 0.0027 0.0025 0.0031 0.0030 0.0043 
      H539.7  1 0.0046 0.0070 0.0043 0.0028 0.9661 0.0027 0.0029 0.0028 0.0034 0.0034 
      H539.8  1 0.0180 0.0411 0.0059 0.0298 0.8774 0.0044 0.0052 0.0084 0.0064 0.0034 
      H539.9  1 0.0053 0.0134 0.0033 0.0025 0.9603 0.0037 0.0022 0.0026 0.0041 0.0027 
      H540.1  1 0.0133 0.0039 0.0039 0.0057 0.9480 0.0054 0.0043 0.0043 0.0037 0.0075 
      H540.2  1 0.0086 0.0059 0.0039 0.0027 0.9590 0.0033 0.0036 0.0026 0.0040 0.0065 
      H540.3  1 0.0269 0.0154 0.0070 0.0050 0.8626 0.0060 0.0262 0.0227 0.0120 0.0163 
      H540.4  1 0.0123 0.0175 0.0086 0.0053 0.9303 0.0051 0.0033 0.0052 0.0066 0.0057 
      H540.5  1 0.0095 0.0032 0.0063 0.0025 0.9561 0.0039 0.0043 0.0042 0.0057 0.0041 
      H540.6  1 0.0285 0.0050 0.0078 0.0044 0.9172 0.0074 0.0061 0.0089 0.0083 0.0064 
      H540.7  1 0.0105 0.0097 0.0113 0.0037 0.9153 0.0083 0.0191 0.0069 0.0062 0.0089 
      H540.8  1 0.0724 0.0077 0.0031 0.0055 0.8792 0.0039 0.0060 0.0027 0.0053 0.0143 
     H9558.1  1 0.0047 0.0027 0.0029 0.0078 0.9635 0.0045 0.0021 0.0033 0.0028 0.0056 
     H9558.2  1 0.0079 0.0046 0.0097 0.0091 0.9180 0.0220 0.0057 0.0076 0.0092 0.0062 
     H9558.3  1 0.0058 0.0049 0.0115 0.0074 0.9430 0.0091 0.0028 0.0040 0.0082 0.0034 
     H9558.4  1 0.0052 0.0030 0.0027 0.0065 0.9674 0.0046 0.0021 0.0025 0.0026 0.0035 
     H9558.5  1 0.0031 0.0054 0.0055 0.0067 0.9656 0.0036 0.0030 0.0025 0.0025 0.0022 
     H9558.6  1 0.0058 0.0048 0.0032 0.0071 0.9576 0.0045 0.0029 0.0031 0.0064 0.0045 
    kos339.1  1 0.0043 0.0053 0.0094 0.0051 0.0047 0.0133 0.9459 0.0029 0.0042 0.0049 
    kos339.2  1 0.0043 0.0048 0.0078 0.0048 0.0034 0.0073 0.9507 0.0056 0.0053 0.0060 
    kos339.3  1 0.0037 0.0035 0.0024 0.0058 0.0028 0.0046 0.9668 0.0027 0.0035 0.0041 
    kos339.4  1 0.0046 0.0047 0.0026 0.0055 0.0036 0.0037 0.9644 0.0041 0.0033 0.0034 
    kos339.5  1 0.0035 0.0032 0.0054 0.0026 0.0032 0.0125 0.9569 0.0029 0.0054 0.0043 
    kos339.6  1 0.0047 0.0028 0.0047 0.0027 0.0033 0.0065 0.9626 0.0041 0.0040 0.0046 
    kos339.7  1 0.0037 0.0039 0.0028 0.0131 0.0028 0.0046 0.9580 0.0033 0.0038 0.0040 
    kos339.8  1 0.0037 0.0041 0.0054 0.0043 0.0026 0.0054 0.9617 0.0037 0.0046 0.0044 
    kos339.9  1 0.0062 0.0101 0.0054 0.0041 0.0111 0.0102 0.9225 0.0055 0.0091 0.0158 
      H409.1 12 0.0029 0.0023 0.0035 0.0029 0.0025 0.0040 0.0067 0.0042 0.9680 0.0029 
     H409.10 12 0.0052 0.0112 0.0081 0.0028 0.0067 0.0148 0.0048 0.0058 0.9371 0.0034 
      H409.2 12 0.0043 0.0034 0.0031 0.0074 0.0040 0.0030 0.0067 0.0048 0.9595 0.0038 
      H409.3 12 0.0047 0.0039 0.0035 0.0041 0.0038 0.0042 0.0056 0.0040 0.9626 0.0037 
      H409.4 12 0.0031 0.0020 0.0031 0.0037 0.0036 0.0042 0.0037 0.0033 0.9708 0.0024 
      H409.5 12 0.0046 0.0039 0.0031 0.0038 0.0041 0.0051 0.0028 0.0032 0.9656 0.0038 
      H409.6 12 0.0128 0.0075 0.0269 0.0096 0.0070 0.0754 0.0041 0.0051 0.8454 0.0061 
      H409.7 12 0.0038 0.0031 0.0064 0.0027 0.0033 0.0058 0.0062 0.0082 0.9559 0.0047 
      H409.8 12 0.0046 0.0033 0.0069 0.0042 0.0036 0.0062 0.0041 0.0033 0.9593 0.0046 
      H409.9 12 0.0138 0.0400 0.0418 0.0172 0.2909 0.0362 0.0043 0.0084 0.5429 0.0046 
      H413.1 12 0.0054 0.0127 0.9467 0.0038 0.0069 0.0062 0.0072 0.0043 0.0041 0.0027 
      H413.2 12 0.0047 0.0148 0.9287 0.0059 0.0084 0.0110 0.0136 0.0062 0.0029 0.0039 
      H413.3 12 0.0077 0.0050 0.9485 0.0025 0.0120 0.0086 0.0030 0.0051 0.0035 0.0042 
      H413.4 12 0.0032 0.0066 0.9587 0.0032 0.0060 0.0069 0.0037 0.0042 0.0037 0.0037 
      H413.5 12 0.0040 0.0436 0.8578 0.0026 0.0645 0.0087 0.0039 0.0033 0.0029 0.0086 
      H413.6 12 0.0069 0.0207 0.8735 0.0032 0.0721 0.0033 0.0057 0.0078 0.0042 0.0025 
      H413.7 12 0.0039 0.0050 0.9539 0.0035 0.0087 0.0063 0.0059 0.0062 0.0033 0.0034 
      H563.1 12 0.0030 0.0041 0.9660 0.0021 0.0068 0.0035 0.0030 0.0037 0.0036 0.0042 
      H563.2 12 0.0091 0.0077 0.9319 0.0039 0.0071 0.0048 0.0091 0.0048 0.0125 0.0090 
      H563.3 12 0.0041 0.0038 0.9596 0.0025 0.0074 0.0046 0.0032 0.0047 0.0048 0.0053 
      H563.4 12 0.0051 0.0042 0.9613 0.0026 0.0030 0.0048 0.0043 0.0036 0.0065 0.0046 
      H563.5 12 0.0040 0.0035 0.9675 0.0021 0.0045 0.0029 0.0034 0.0052 0.0036 0.0032 
      H563.6 12 0.0052 0.0051 0.9502 0.0029 0.0056 0.0050 0.0087 0.0051 0.0065 0.0057 
      H563.7 12 0.0035 0.0040 0.9615 0.0023 0.0033 0.0041 0.0081 0.0045 0.0058 0.0030 
      H563.8 12 0.0053 0.0053 0.9565 0.0019 0.0093 0.0047 0.0044 0.0043 0.0038 0.0044 
      H563.9 12 0.0079 0.0063 0.9343 0.0017 0.0047 0.0070 0.0078 0.0045 0.0193 0.0064 
     H7374.1 12 0.0119 0.0047 0.0115 0.0051 0.0071 0.0043 0.0070 0.9164 0.0285 0.0034 
     H7374.2 12 0.0297 0.0050 0.0578 0.0046 0.0301 0.0070 0.0031 0.8462 0.0123 0.0042 
     H7374.3 12 0.0080 0.0041 0.0110 0.0042 0.0060 0.0045 0.0040 0.9426 0.0101 0.0053 
     H7374.4 12 0.0121 0.0078 0.0215 0.0130 0.0256 0.0083 0.0167 0.8762 0.0136 0.0053 
     H7374.5 12 0.0075 0.0056 0.0154 0.0045 0.0344 0.0064 0.0082 0.9039 0.0066 0.0076 
     H7374.6 12 0.0064 0.0047 0.0098 0.0212 0.0079 0.0054 0.0071 0.9238 0.0065 0.0072 
     H7374.7 12 0.0052 0.0033 0.0112 0.0142 0.0057 0.0063 0.0093 0.9240 0.0150 0.0057 
     H7374.8 12 0.0075 0.0041 0.0100 0.0049 0.0042 0.0046 0.0060 0.9424 0.0102 0.0059 
     H7374.9 12 0.0083 0.0056 0.0091 0.0027 0.0284 0.0064 0.0079 0.9204 0.0056 0.0056 
     H9563.1 12 0.0050 0.0052 0.9534 0.0032 0.0075 0.0063 0.0048 0.0055 0.0036 0.0056 
     H9563.2 12 0.0054 0.0069 0.9541 0.0042 0.0082 0.0043 0.0039 0.0043 0.0025 0.0062 
     H9563.3 12 0.0072 0.0061 0.9386 0.0056 0.0027 0.0122 0.0053 0.0066 0.0089 0.0066 
     H9563.4 12 0.0227 0.0299 0.8378 0.0258 0.0096 0.0160 0.0096 0.0123 0.0252 0.0112 
     H9563.5 12 0.0147 0.0147 0.8995 0.0075 0.0042 0.0107 0.0104 0.0044 0.0195 0.0145 
     H9563.6 12 0.0049 0.0073 0.9500 0.0051 0.0025 0.0118 0.0030 0.0066 0.0051 0.0036 
     H9563.7 12 0.0057 0.0048 0.9525 0.0093 0.0037 0.0081 0.0024 0.0056 0.0037 0.0043 
     H9563.8 12 0.0228 0.1024 0.7416 0.0094 0.0078 0.0313 0.0275 0.0073 0.0259 0.0240 
     H9563.9 12 0.0085 0.0125 0.9210 0.0047 0.0056 0.0183 0.0072 0.0104 0.0068 0.0050 
     H9572.1 12 0.0169 0.0392 0.5872 0.0198 0.1066 0.1433 0.0106 0.0169 0.0218 0.0378 
     H9572.2 12 0.0154 0.0472 0.7221 0.0040 0.0112 0.0183 0.0083 0.0469 0.0136 0.1130 
     H9572.3 12 0.1041 0.0062 0.1772 0.0477 0.1672 0.0598 0.2596 0.0652 0.0919 0.0210 
     H9572.4 12 0.0238 0.0247 0.4473 0.0648 0.0436 0.0853 0.1681 0.0777 0.0183 0.0463 
     H9572.5 12 0.1244 0.0596 0.1942 0.0199 0.0593 0.2000 0.2552 0.0148 0.0067 0.0659 
