      H105.1  1 0.0147 0.9406 0.0149 0.0298 
      H105.2  1 0.0142 0.9522 0.0065 0.0271 
      H105.3  1 0.0088 0.9541 0.0071 0.0301 
      H105.4  1 0.0139 0.9514 0.0088 0.0259 
      H105.5  1 0.1058 0.8096 0.0229 0.0616 
      H105.6  1 0.0092 0.9714 0.0091 0.0103 
      H105.7  1 0.0184 0.9275 0.0107 0.0434 
      H105.8  1 0.0098 0.9503 0.0055 0.0344 
      H115.1  1 0.8973 0.0264 0.0157 0.0606 
      H115.2  1 0.9745 0.0071 0.0087 0.0097 
      H115.3  1 0.9706 0.0100 0.0105 0.0089 
      H115.4  1 0.9367 0.0109 0.0279 0.0244 
      H115.5  1 0.9067 0.0337 0.0451 0.0145 
      H115.6  1 0.9644 0.0053 0.0192 0.0111 
      H115.7  1 0.9326 0.0240 0.0195 0.0239 
      H115.8  1 0.9726 0.0065 0.0123 0.0086 
      H115.9  1 0.9508 0.0070 0.0116 0.0305 
      H145.1  1 0.0530 0.0084 0.9315 0.0071 
      H145.2  1 0.0173 0.0060 0.9663 0.0104 
      H145.3  1 0.0268 0.0102 0.9579 0.0051 
      H145.4  1 0.0099 0.0059 0.9737 0.0104 
      H145.5  1 0.0360 0.0070 0.9495 0.0074 
      H145.6  1 0.0057 0.0071 0.9743 0.0128 
      H145.7  1 0.0057 0.0056 0.9823 0.0064 
      H149.1  1 0.0059 0.0068 0.9799 0.0074 
      H149.2  1 0.0077 0.0063 0.9776 0.0084 
      H149.3  1 0.0177 0.0091 0.9347 0.0385 
      H149.4  1 0.0104 0.0328 0.7335 0.2233 
      H149.5  1 0.0065 0.0177 0.7576 0.2181 
      H149.6  1 0.0057 0.0158 0.9538 0.0247 
      H149.7  1 0.0121 0.0217 0.4489 0.5173 
      H150.1  1 0.9858 0.0051 0.0048 0.0043 
      H150.2  1 0.9757 0.0103 0.0056 0.0084 
      H150.3  1 0.9761 0.0087 0.0080 0.0072 
      H150.4  1 0.9845 0.0054 0.0045 0.0056 
      H150.5  1 0.9765 0.0068 0.0081 0.0086 
      H150.6  1 0.9687 0.0120 0.0095 0.0099 
      H150.7  1 0.9840 0.0052 0.0057 0.0050 
   H169607.1  1 0.9483 0.0130 0.0246 0.0141 
   H169607.2  1 0.9199 0.0382 0.0219 0.0200 
   H169607.3  1 0.9295 0.0205 0.0260 0.0239 
   H169607.4  1 0.9511 0.0219 0.0201 0.0069 
   H169607.5  1 0.9534 0.0130 0.0260 0.0076 
   H169607.6  1 0.9169 0.0482 0.0224 0.0124 
   H169607.7  1 0.9398 0.0211 0.0274 0.0117 
   H169607.8  1 0.8945 0.0757 0.0170 0.0129 
   H169633.1  1 0.0094 0.0226 0.9564 0.0117 
   H169633.2  1 0.0052 0.0234 0.9599 0.0115 
   H169633.3  1 0.0132 0.0146 0.9596 0.0126 
   H169633.4  1 0.0097 0.0168 0.9611 0.0123 
   H169633.5  1 0.0093 0.0200 0.9585 0.0122 
   H169688.1  1 0.0710 0.8626 0.0496 0.0168 
   H169688.2  1 0.0913 0.7460 0.0907 0.0720 
   H169688.3  1 0.1915 0.3584 0.3979 0.0522 
   H169688.4  1 0.9288 0.0324 0.0308 0.0080 
   H169688.5  1 0.9199 0.0428 0.0304 0.0069 
   H169688.6  1 0.1399 0.6763 0.0593 0.1245 
   H169688.7  1 0.1867 0.0639 0.7346 0.0149 
   H171901.1  1 0.7457 0.0370 0.1524 0.0650 
   H171901.2  1 0.0484 0.0257 0.9164 0.0095 
   H171901.3  1 0.0640 0.0362 0.8823 0.0175 
   H171901.4  1 0.0483 0.0681 0.8668 0.0168 
   H171901.5  1 0.0626 0.0277 0.8856 0.0241 
   H171901.6  1 0.0562 0.0280 0.9009 0.0149 
   H171901.7  1 0.0232 0.0101 0.9578 0.0089 
   H171902.1  1 0.9141 0.0083 0.0611 0.0165 
  H171902.10  1 0.9110 0.0124 0.0621 0.0145 
   H171902.2  1 0.8966 0.0137 0.0649 0.0248 
   H171902.3  1 0.9292 0.0131 0.0472 0.0105 
   H171902.4  1 0.6637 0.0112 0.3127 0.0124 
   H171902.6  1 0.9124 0.0092 0.0641 0.0143 
   H171902.7  1 0.9104 0.0091 0.0670 0.0135 
   H171902.8  1 0.8972 0.0150 0.0696 0.0182 
   H171902.9  1 0.9691 0.0070 0.0185 0.0055 
   H171903.1  1 0.9449 0.0221 0.0248 0.0082 
   H171903.2  1 0.8490 0.0943 0.0295 0.0272 
   H171903.3  1 0.6766 0.2297 0.0700 0.0236 
   H171903.4  1 0.9612 0.0113 0.0209 0.0065 
   H171903.5  1 0.9079 0.0284 0.0410 0.0227 
   H171903.6  1 0.9428 0.0073 0.0420 0.0079 
      H177.1  1 0.1533 0.2698 0.5433 0.0335 
      H177.2  1 0.0644 0.0288 0.8020 0.1048 
      H177.3  1 0.1249 0.0371 0.7864 0.0517 
      H177.4  1 0.0128 0.0364 0.8621 0.0887 
      H177.5  1 0.0406 0.0423 0.8542 0.0629 
      H177.6  1 0.0907 0.0249 0.8421 0.0423 
      H179.1  1 0.0091 0.0056 0.0061 0.9792 
      H179.2  1 0.0176 0.0092 0.0078 0.9655 
      H179.3  1 0.0316 0.0096 0.0076 0.9512 
      H179.4  1 0.0100 0.0607 0.0600 0.8693 
      H180.1  1 0.9329 0.0087 0.0103 0.0481 
      H180.2  1 0.9147 0.0295 0.0228 0.0330 
      H180.3  1 0.9731 0.0054 0.0097 0.0119 
      H180.4  1 0.9188 0.0222 0.0270 0.0320 
      H180.5  1 0.9131 0.0151 0.0390 0.0327 
      H180.6  1 0.8307 0.0111 0.1434 0.0147 
      H181.1  1 0.1630 0.2258 0.3237 0.2875 
      H181.2  1 0.0460 0.2038 0.1374 0.6128 
      H181.3  1 0.0185 0.2377 0.1362 0.6076 
      H181.4  1 0.2455 0.1940 0.2809 0.2796 
      H181.5  1 0.0094 0.1413 0.0123 0.8369 
      H181.6  1 0.0489 0.0921 0.0308 0.8282 
      H181.7  1 0.0349 0.1607 0.0649 0.7396 
 H194.1_2004  1 0.0510 0.0090 0.9315 0.0085 
 H194.2_2004  1 0.0683 0.0210 0.9022 0.0085 
 H194.3_2004  1 0.0087 0.0105 0.9605 0.0203 
 H194.4_2004  1 0.0104 0.0103 0.9745 0.0048 
 H194.5_2004  1 0.0121 0.0226 0.9492 0.0161 
 H194.6_2004  1 0.0178 0.0286 0.9423 0.0112 
 H194.7_2004  1 0.0147 0.0223 0.9505 0.0125 
 H194.8_2004  1 0.0147 0.0384 0.9363 0.0107 
      H194.9  1 0.0231 0.0209 0.9482 0.0079 
 H195.1_2003  1 0.0103 0.0550 0.9278 0.0070 
 H195.1_2004  1 0.0071 0.0085 0.9736 0.0107 
 H195.2_2003  1 0.0329 0.2245 0.7318 0.0108 
 H195.2_2004  1 0.0077 0.0098 0.9761 0.0064 
 H195.3_2003  1 0.1316 0.5403 0.3170 0.0111 
 H195.3_2004  1 0.0053 0.0080 0.9807 0.0061 
 H195.4_2003  1 0.0055 0.0235 0.9648 0.0062 
 H195.4_2004  1 0.0055 0.0099 0.9789 0.0057 
 H195.5_2003  1 0.0095 0.0846 0.8991 0.0068 
 H195.5_2004  1 0.0054 0.0221 0.9659 0.0066 
 H195.6_2003  1 0.0464 0.1827 0.7644 0.0064 
 H195.6_2004  1 0.0063 0.0245 0.9611 0.0082 
 H195.7_2003  1 0.0078 0.0746 0.9084 0.0091 
 H195.7_2004  1 0.0215 0.0155 0.9565 0.0065 
      H195.8  1 0.0078 0.0126 0.9727 0.0069 
      H195.9  1 0.0062 0.0060 0.9808 0.0069 
      H415.1  1 0.2440 0.0106 0.7285 0.0169 
      H415.2  1 0.4014 0.0178 0.1948 0.3861 
      H415.3  1 0.0303 0.0262 0.7860 0.1574 
      H415.4  1 0.1919 0.0221 0.7552 0.0308 
      H415.5  1 0.0358 0.0253 0.8663 0.0727 
      H415.6  1 0.1778 0.0236 0.7543 0.0443 
      H415.7  1 0.0634 0.0452 0.7645 0.1268 
      H506.1  1 0.0032 0.0053 0.0065 0.9850 
      H506.2  1 0.0047 0.0084 0.0309 0.9560 
      H506.3  1 0.0086 0.0064 0.0089 0.9761 
      H506.4  1 0.0088 0.0058 0.0081 0.9774 
      H506.5  1 0.0052 0.0116 0.0157 0.9675 
      H506.6  1 0.0161 0.0121 0.0393 0.9324 
      H506.7  1 0.0043 0.0102 0.0129 0.9726 
      H533.1  1 0.0047 0.0063 0.0123 0.9766 
      H533.2  1 0.0061 0.0076 0.0230 0.9633 
      H533.3  1 0.0062 0.0057 0.0104 0.9777 
      H533.4  1 0.0139 0.0188 0.1279 0.8394 
      H535.1  1 0.0169 0.9627 0.0118 0.0085 
      H535.2  1 0.0063 0.9386 0.0328 0.0222 
      H535.3  1 0.0059 0.9679 0.0112 0.0149 
      H535.4  1 0.0043 0.9651 0.0225 0.0081 
      H535.5  1 0.0070 0.9682 0.0171 0.0077 
      H535.6  1 0.0285 0.9546 0.0099 0.0069 
      H535.7  1 0.0051 0.9792 0.0097 0.0060 
      H535.8  1 0.0054 0.9810 0.0089 0.0047 
      H535.9  1 0.0133 0.9691 0.0093 0.0084 
      H539.1  1 0.9862 0.0059 0.0044 0.0035 
      H539.2  1 0.9690 0.0159 0.0081 0.0070 
      H539.3  1 0.9793 0.0102 0.0060 0.0045 
      H539.4  1 0.9835 0.0066 0.0044 0.0056 
      H539.5  1 0.9877 0.0048 0.0040 0.0035 
      H539.6  1 0.9875 0.0046 0.0042 0.0037 
      H539.7  1 0.9850 0.0055 0.0053 0.0042 
      H539.8  1 0.9691 0.0193 0.0059 0.0058 
      H539.9  1 0.9855 0.0051 0.0040 0.0054 
      H540.1  1 0.9815 0.0059 0.0066 0.0060 
      H540.2  1 0.9800 0.0057 0.0060 0.0083 
      H540.3  1 0.9274 0.0461 0.0186 0.0079 
      H540.4  1 0.9764 0.0084 0.0060 0.0093 
      H540.5  1 0.9762 0.0103 0.0074 0.0061 
      H540.6  1 0.9780 0.0078 0.0059 0.0083 
      H540.7  1 0.9626 0.0102 0.0130 0.0142 
      H540.8  1 0.9703 0.0074 0.0168 0.0054 
     H9558.1  1 0.8421 0.1475 0.0057 0.0047 
     H9558.2  1 0.7387 0.2422 0.0078 0.0113 
     H9558.3  1 0.8771 0.1083 0.0062 0.0084 
     H9558.4  1 0.7503 0.2401 0.0045 0.0051 
     H9558.5  1 0.7118 0.2785 0.0042 0.0056 
     H9558.6  1 0.8741 0.1059 0.0109 0.0090 
    kos339.1  1 0.0158 0.0323 0.6820 0.2699 
    kos339.2  1 0.0055 0.0206 0.9556 0.0183 
    kos339.3  1 0.0101 0.0126 0.9675 0.0098 
    kos339.4  1 0.0091 0.0133 0.9685 0.0092 
    kos339.5  1 0.0110 0.0161 0.8916 0.0813 
    kos339.6  1 0.0048 0.0084 0.9690 0.0179 
    kos339.7  1 0.0063 0.0222 0.9601 0.0114 
    kos339.8  1 0.0051 0.0107 0.9485 0.0356 
    kos339.9  1 0.0340 0.0113 0.9346 0.0201 
      H409.1 12 0.0043 0.0079 0.0143 0.9736 
     H409.10 12 0.0118 0.0145 0.0150 0.9587 
      H409.2 12 0.0074 0.0201 0.0131 0.9595 
      H409.3 12 0.0091 0.0200 0.0134 0.9575 
      H409.4 12 0.0104 0.0333 0.0135 0.9429 
      H409.5 12 0.0162 0.0268 0.0144 0.9425 
      H409.6 12 0.0127 0.2113 0.0112 0.7648 
      H409.7 12 0.0059 0.0181 0.0274 0.9487 
      H409.8 12 0.0096 0.0078 0.0088 0.9739 
      H409.9 12 0.2630 0.0199 0.0055 0.7116 
      H413.1 12 0.0097 0.9670 0.0068 0.0166 
      H413.2 12 0.0108 0.9735 0.0096 0.0062 
      H413.3 12 0.0135 0.9043 0.0053 0.0769 
      H413.4 12 0.0118 0.8645 0.0100 0.1137 
      H413.5 12 0.2012 0.7730 0.0063 0.0195 
      H413.6 12 0.0353 0.9499 0.0086 0.0063 
      H413.7 12 0.0084 0.9759 0.0074 0.0083 
      H563.1 12 0.0174 0.0190 0.0075 0.9561 
      H563.2 12 0.0095 0.0109 0.0210 0.9586 
      H563.3 12 0.0181 0.0123 0.0054 0.9642 
      H563.4 12 0.0114 0.0146 0.0086 0.9654 
      H563.5 12 0.0176 0.0153 0.0084 0.9588 
      H563.6 12 0.0093 0.0134 0.0131 0.9641 
      H563.7 12 0.0060 0.0164 0.0143 0.9633 
      H563.8 12 0.0340 0.0162 0.0087 0.9411 
      H563.9 12 0.0083 0.0061 0.0125 0.9731 
     H7374.1 12 0.0125 0.9321 0.0357 0.0197 
     H7374.2 12 0.0162 0.9510 0.0160 0.0167 
     H7374.3 12 0.0162 0.9068 0.0506 0.0265 
     H7374.4 12 0.0162 0.9400 0.0249 0.0188 
     H7374.5 12 0.0139 0.9400 0.0284 0.0177 
     H7374.6 12 0.0156 0.8019 0.1462 0.0363 
     H7374.7 12 0.0070 0.9363 0.0449 0.0118 
     H7374.8 12 0.0092 0.8886 0.0473 0.0549 
     H7374.9 12 0.0159 0.9349 0.0361 0.0131 
     H9563.1 12 0.0108 0.0092 0.0095 0.9705 
     H9563.2 12 0.0255 0.0126 0.0100 0.9518 
     H9563.3 12 0.0043 0.0102 0.0089 0.9766 
     H9563.4 12 0.0182 0.0284 0.0217 0.9317 
     H9563.5 12 0.0091 0.0070 0.0109 0.9729 
     H9563.6 12 0.0065 0.0176 0.0063 0.9696 
     H9563.7 12 0.0073 0.0234 0.0059 0.9633 
     H9563.8 12 0.0206 0.0086 0.0177 0.9531 
     H9563.9 12 0.0216 0.0174 0.0083 0.9527 
     H9572.1 12 0.2145 0.2081 0.0170 0.5604 
     H9572.2 12 0.1302 0.0969 0.4318 0.3410 
     H9572.3 12 0.1197 0.5879 0.1261 0.1663 
     H9572.4 12 0.0407 0.4968 0.2338 0.2287 
     H9572.5 12 0.1565 0.2131 0.4257 0.2047 
