1:    0.007 0.874 0.063 0.011 0.008 0.007 0.005 0.011 0.006 0.009 1    
2:    0.007 0.869 0.024 0.013 0.031 0.015 0.022 0.004 0.004 0.010 1    
3:    0.004 0.957 0.006 0.005 0.006 0.006 0.005 0.004 0.006 0.003 1    
4:    0.008 0.863 0.046 0.008 0.013 0.023 0.013 0.007 0.015 0.005 1    
5:    0.014 0.397 0.345 0.033 0.019 0.150 0.012 0.011 0.006 0.013 1    
6:    0.015 0.894 0.014 0.011 0.010 0.016 0.016 0.009 0.012 0.003 1    
7:    0.005 0.923 0.032 0.010 0.005 0.006 0.005 0.006 0.004 0.005 1    
8:    0.005 0.944 0.005 0.005 0.012 0.011 0.007 0.005 0.003 0.004 1    
9:    0.185 0.065 0.022 0.007 0.012 0.061 0.600 0.032 0.004 0.013 1    
10:   0.344 0.008 0.010 0.006 0.006 0.007 0.596 0.011 0.004 0.008 1    
11:   0.012 0.007 0.008 0.003 0.004 0.004 0.951 0.006 0.004 0.003 1    
12:   0.005 0.005 0.008 0.004 0.013 0.003 0.935 0.013 0.006 0.007 1    
13:   0.050 0.017 0.010 0.004 0.010 0.008 0.849 0.031 0.014 0.008 1    
14:   0.016 0.005 0.007 0.007 0.003 0.004 0.940 0.008 0.005 0.004 1    
15:   0.030 0.051 0.032 0.008 0.007 0.013 0.832 0.008 0.006 0.014 1    
16:   0.054 0.008 0.007 0.004 0.004 0.004 0.900 0.009 0.004 0.007 1    
17:   0.468 0.028 0.021 0.007 0.013 0.056 0.376 0.020 0.003 0.009 1    
18:   0.007 0.004 0.013 0.013 0.004 0.006 0.010 0.005 0.933 0.004 1    
19:   0.005 0.004 0.007 0.005 0.004 0.003 0.008 0.005 0.956 0.003 1    
20:   0.003 0.003 0.005 0.004 0.003 0.004 0.009 0.003 0.963 0.003 1    
21:   0.004 0.004 0.009 0.011 0.005 0.005 0.004 0.004 0.951 0.004 1    
22:   0.003 0.004 0.007 0.008 0.003 0.004 0.009 0.005 0.955 0.003 1    
23:   0.003 0.004 0.006 0.005 0.004 0.003 0.004 0.005 0.964 0.003 1    
24:   0.002 0.003 0.004 0.005 0.003 0.004 0.004 0.006 0.966 0.002 1    
25:   0.003 0.003 0.003 0.005 0.003 0.006 0.004 0.968 0.003 0.003 1    
26:   0.003 0.003 0.007 0.005 0.004 0.006 0.004 0.958 0.007 0.003 1    
27:   0.004 0.030 0.056 0.015 0.020 0.012 0.034 0.768 0.042 0.019 1    
28:   0.003 0.007 0.003 0.004 0.011 0.005 0.005 0.954 0.004 0.005 1    
29:   0.003 0.041 0.031 0.007 0.027 0.011 0.006 0.843 0.019 0.012 1    
30:   0.002 0.006 0.005 0.004 0.003 0.004 0.003 0.963 0.006 0.004 1    
31:   0.005 0.022 0.019 0.023 0.026 0.012 0.016 0.776 0.006 0.095 1    
32:   0.625 0.005 0.010 0.005 0.003 0.006 0.332 0.004 0.006 0.005 1    
33:   0.153 0.010 0.005 0.006 0.005 0.006 0.788 0.010 0.004 0.013 1    
34:   0.766 0.023 0.010 0.008 0.003 0.009 0.146 0.006 0.008 0.021 1    
35:   0.903 0.007 0.008 0.004 0.002 0.004 0.053 0.003 0.006 0.008 1    
36:   0.169 0.022 0.015 0.008 0.005 0.008 0.742 0.011 0.006 0.015 1    
37:   0.025 0.007 0.009 0.009 0.007 0.011 0.906 0.005 0.010 0.011 1    
38:   0.792 0.007 0.006 0.004 0.004 0.004 0.170 0.005 0.005 0.004 1    
39:   0.007 0.004 0.934 0.005 0.006 0.004 0.014 0.004 0.015 0.007 1    
40:   0.007 0.005 0.960 0.005 0.003 0.003 0.005 0.003 0.006 0.003 1    
41:   0.006 0.004 0.955 0.004 0.005 0.004 0.008 0.003 0.007 0.004 1    
42:   0.006 0.004 0.962 0.005 0.003 0.003 0.005 0.003 0.007 0.003 1    
43:   0.005 0.003 0.969 0.004 0.003 0.003 0.003 0.003 0.003 0.004 1    
44:   0.005 0.003 0.968 0.004 0.004 0.003 0.003 0.002 0.005 0.003 1    
45:   0.006 0.003 0.952 0.004 0.007 0.003 0.007 0.004 0.007 0.008 1    
46:   0.005 0.005 0.962 0.006 0.003 0.004 0.003 0.003 0.005 0.003 1    
47:   0.007 0.010 0.003 0.008 0.004 0.005 0.005 0.911 0.018 0.028 1    
48:   0.003 0.009 0.003 0.028 0.013 0.013 0.019 0.857 0.026 0.030 1    
49:   0.007 0.006 0.004 0.017 0.008 0.009 0.010 0.926 0.007 0.007 1    
50:   0.007 0.012 0.007 0.013 0.006 0.007 0.004 0.933 0.008 0.003 1    
51:   0.008 0.010 0.006 0.015 0.006 0.007 0.007 0.932 0.007 0.003 1    
52:   0.009 0.006 0.012 0.010 0.018 0.007 0.008 0.006 0.008 0.914 1    
53:   0.004 0.005 0.003 0.006 0.004 0.010 0.003 0.003 0.005 0.957 1    
54:   0.003 0.003 0.003 0.004 0.002 0.005 0.003 0.003 0.004 0.969 1    
55:   0.005 0.002 0.004 0.003 0.003 0.004 0.004 0.003 0.003 0.969 1    
56:   0.004 0.002 0.004 0.002 0.003 0.003 0.003 0.003 0.003 0.971 1    
57:   0.003 0.003 0.003 0.004 0.031 0.003 0.003 0.006 0.003 0.942 1    
58:   0.007 0.005 0.003 0.008 0.003 0.011 0.015 0.005 0.017 0.926 1    
59:   0.047 0.336 0.377 0.040 0.014 0.008 0.091 0.018 0.050 0.017 1    
60:   0.025 0.016 0.027 0.034 0.004 0.006 0.015 0.856 0.010 0.007 1    
61:   0.032 0.011 0.085 0.022 0.009 0.010 0.026 0.770 0.011 0.023 1    
62:   0.012 0.010 0.046 0.017 0.006 0.007 0.039 0.850 0.007 0.006 1    
63:   0.017 0.009 0.045 0.023 0.007 0.012 0.152 0.715 0.012 0.008 1    
64:   0.053 0.008 0.037 0.045 0.010 0.017 0.135 0.654 0.026 0.016 1    
65:   0.030 0.010 0.042 0.127 0.024 0.009 0.022 0.635 0.018 0.083 1    
66:   0.009 0.003 0.009 0.009 0.008 0.004 0.930 0.007 0.017 0.005 1    
67:   0.004 0.004 0.005 0.006 0.006 0.003 0.953 0.008 0.006 0.006 1    
68:   0.009 0.004 0.010 0.007 0.007 0.004 0.923 0.014 0.011 0.010 1    
69:   0.011 0.003 0.009 0.006 0.007 0.005 0.927 0.021 0.005 0.005 1    
70:   0.006 0.004 0.005 0.015 0.005 0.006 0.912 0.031 0.011 0.006 1    
71:   0.007 0.004 0.007 0.009 0.006 0.004 0.943 0.011 0.005 0.004 1    
72:   0.004 0.004 0.047 0.025 0.004 0.005 0.886 0.014 0.008 0.003 1    
73:   0.010 0.003 0.010 0.010 0.007 0.003 0.932 0.014 0.007 0.004 1    
74:   0.038 0.004 0.015 0.009 0.003 0.005 0.906 0.004 0.011 0.004 1    
75:   0.009 0.004 0.957 0.005 0.004 0.003 0.007 0.003 0.003 0.005 1    
76:   0.014 0.008 0.928 0.015 0.007 0.007 0.007 0.003 0.006 0.005 1    
77:   0.012 0.013 0.796 0.105 0.013 0.029 0.012 0.006 0.004 0.011 1    
78:   0.008 0.004 0.864 0.019 0.004 0.006 0.025 0.004 0.006 0.059 1    
79:   0.018 0.008 0.875 0.008 0.006 0.010 0.009 0.014 0.005 0.046 1    
80:   0.007 0.003 0.867 0.005 0.006 0.004 0.007 0.008 0.003 0.089 1    
81:   0.009 0.004 0.012 0.899 0.018 0.006 0.017 0.012 0.003 0.019 1    
82:   0.015 0.008 0.062 0.588 0.079 0.026 0.028 0.059 0.126 0.009 1    
83:   0.011 0.006 0.098 0.665 0.055 0.008 0.051 0.067 0.027 0.012 1    
84:   0.005 0.007 0.020 0.513 0.418 0.005 0.009 0.009 0.010 0.004 1    
85:   0.007 0.009 0.008 0.900 0.020 0.012 0.013 0.007 0.007 0.016 1    
86:   0.011 0.005 0.049 0.704 0.031 0.007 0.049 0.126 0.009 0.010 1    
87:   0.010 0.022 0.006 0.013 0.786 0.057 0.011 0.007 0.003 0.084 1    
88:   0.009 0.004 0.007 0.008 0.849 0.024 0.021 0.004 0.003 0.071 1    
89:   0.018 0.009 0.021 0.010 0.594 0.015 0.009 0.007 0.006 0.311 1    
90:   0.007 0.008 0.015 0.012 0.877 0.011 0.008 0.020 0.013 0.029 1    
91:   0.006 0.006 0.008 0.005 0.008 0.005 0.950 0.003 0.003 0.005 1    
92:   0.006 0.007 0.004 0.006 0.006 0.007 0.946 0.004 0.005 0.008 1    
93:   0.035 0.005 0.011 0.005 0.005 0.012 0.906 0.006 0.005 0.010 1    
94:   0.007 0.008 0.006 0.007 0.006 0.006 0.943 0.007 0.005 0.004 1    
95:   0.005 0.004 0.003 0.006 0.009 0.003 0.955 0.005 0.006 0.005 1    
96:   0.010 0.006 0.007 0.006 0.008 0.006 0.917 0.012 0.022 0.004 1    
97:   0.025 0.022 0.112 0.027 0.272 0.016 0.209 0.269 0.010 0.037 1    
98:   0.008 0.023 0.012 0.070 0.504 0.015 0.263 0.032 0.057 0.013 1    
99:   0.014 0.053 0.010 0.048 0.460 0.008 0.179 0.191 0.023 0.014 1    
100:  0.241 0.044 0.076 0.041 0.105 0.069 0.137 0.228 0.027 0.032 1    
101:  0.005 0.039 0.005 0.020 0.845 0.021 0.015 0.023 0.005 0.020 1    
102:  0.022 0.018 0.009 0.010 0.813 0.014 0.091 0.011 0.006 0.005 1    
103:  0.011 0.011 0.012 0.008 0.872 0.011 0.008 0.027 0.005 0.034 1    
104:  0.010 0.004 0.027 0.917 0.005 0.007 0.007 0.006 0.008 0.009 1    
105:  0.010 0.008 0.110 0.830 0.003 0.004 0.006 0.006 0.018 0.005 1    
106:  0.004 0.004 0.008 0.835 0.008 0.071 0.005 0.039 0.017 0.009 1    
107:  0.009 0.004 0.019 0.904 0.004 0.004 0.007 0.018 0.025 0.005 1    
108:  0.006 0.005 0.019 0.904 0.007 0.017 0.004 0.015 0.014 0.009 1    
109:  0.011 0.004 0.016 0.854 0.014 0.051 0.009 0.024 0.011 0.006 1    
110:  0.008 0.008 0.023 0.927 0.003 0.005 0.005 0.007 0.006 0.008 1    
111:  0.012 0.005 0.015 0.918 0.007 0.007 0.006 0.009 0.018 0.005 1    
112:  0.014 0.006 0.019 0.914 0.005 0.003 0.007 0.007 0.018 0.006 1    
113:  0.009 0.005 0.011 0.014 0.005 0.008 0.006 0.025 0.910 0.007 1    
114:  0.003 0.004 0.003 0.005 0.003 0.003 0.004 0.006 0.964 0.005 1    
115:  0.027 0.014 0.024 0.020 0.006 0.005 0.007 0.011 0.864 0.022 1    
116:  0.003 0.003 0.003 0.004 0.003 0.004 0.004 0.006 0.965 0.006 1    
117:  0.174 0.022 0.069 0.027 0.005 0.019 0.008 0.006 0.627 0.044 1    
118:  0.003 0.003 0.004 0.007 0.004 0.003 0.004 0.015 0.954 0.004 1    
119:  0.004 0.004 0.005 0.009 0.005 0.005 0.004 0.011 0.949 0.003 1    
120:  0.003 0.003 0.003 0.004 0.004 0.004 0.003 0.004 0.966 0.007 1    
121:  0.007 0.008 0.009 0.035 0.005 0.006 0.009 0.023 0.894 0.004 1    
122:  0.004 0.004 0.004 0.006 0.004 0.003 0.004 0.005 0.963 0.004 1    
123:  0.016 0.005 0.010 0.007 0.004 0.003 0.008 0.005 0.933 0.010 1    
124:  0.002 0.004 0.005 0.004 0.004 0.005 0.003 0.004 0.966 0.004 1    
125:  0.007 0.011 0.019 0.026 0.008 0.011 0.005 0.017 0.868 0.029 1    
126:  0.004 0.003 0.004 0.004 0.003 0.003 0.004 0.003 0.967 0.006 1    
127:  0.004 0.003 0.003 0.004 0.003 0.003 0.004 0.004 0.968 0.004 1    
128:  0.003 0.003 0.004 0.007 0.003 0.006 0.004 0.006 0.960 0.004 1    
129:  0.076 0.005 0.006 0.291 0.005 0.012 0.464 0.107 0.018 0.016 1    
130:  0.014 0.014 0.017 0.529 0.017 0.035 0.340 0.018 0.006 0.009 1    
131:  0.009 0.017 0.007 0.330 0.073 0.015 0.398 0.134 0.010 0.008 1    
132:  0.017 0.005 0.006 0.338 0.007 0.060 0.496 0.053 0.014 0.005 1    
133:  0.006 0.006 0.004 0.338 0.009 0.034 0.479 0.100 0.016 0.007 1    
134:  0.021 0.005 0.004 0.332 0.008 0.048 0.510 0.053 0.016 0.004 1    
135:  0.012 0.009 0.035 0.601 0.074 0.007 0.134 0.096 0.018 0.014 1    
136:  0.002 0.005 0.003 0.004 0.962 0.008 0.003 0.007 0.003 0.004 1    
137:  0.002 0.004 0.003 0.006 0.952 0.007 0.003 0.008 0.011 0.002 1    
138:  0.004 0.006 0.007 0.007 0.918 0.022 0.009 0.006 0.008 0.014 1    
139:  0.003 0.004 0.006 0.003 0.958 0.005 0.007 0.005 0.003 0.006 1    
140:  0.002 0.004 0.003 0.004 0.966 0.004 0.004 0.006 0.004 0.003 1    
141:  0.006 0.006 0.020 0.010 0.908 0.004 0.009 0.006 0.022 0.010 1    
142:  0.002 0.005 0.003 0.004 0.960 0.008 0.003 0.006 0.006 0.003 1    
143:  0.002 0.004 0.003 0.003 0.954 0.010 0.005 0.011 0.005 0.003 1    
144:  0.003 0.005 0.004 0.004 0.951 0.009 0.007 0.010 0.005 0.002 1    
145:  0.003 0.005 0.010 0.004 0.946 0.008 0.004 0.009 0.005 0.006 1    
146:  0.003 0.004 0.014 0.005 0.931 0.003 0.004 0.018 0.014 0.005 1    
147:  0.008 0.003 0.007 0.007 0.952 0.005 0.006 0.004 0.005 0.002 1    
148:  0.003 0.009 0.005 0.008 0.949 0.004 0.003 0.004 0.013 0.003 1    
149:  0.004 0.012 0.004 0.004 0.948 0.005 0.003 0.004 0.013 0.003 1    
150:  0.004 0.006 0.004 0.010 0.942 0.005 0.004 0.013 0.010 0.003 1    
151:  0.004 0.003 0.008 0.007 0.959 0.004 0.003 0.007 0.004 0.002 1    
152:  0.022 0.003 0.014 0.005 0.922 0.006 0.009 0.003 0.013 0.002 1    
153:  0.003 0.002 0.004 0.004 0.970 0.004 0.002 0.005 0.002 0.003 1    
154:  0.004 0.004 0.006 0.006 0.961 0.004 0.003 0.004 0.006 0.003 1    
155:  0.009 0.005 0.007 0.008 0.952 0.003 0.005 0.003 0.005 0.003 1    
156:  0.972 0.003 0.004 0.003 0.003 0.002 0.006 0.002 0.003 0.002 1    
157:  0.851 0.009 0.059 0.017 0.009 0.006 0.019 0.006 0.006 0.018 1    
158:  0.928 0.004 0.016 0.012 0.007 0.004 0.010 0.003 0.008 0.007 1    
159:  0.952 0.004 0.005 0.005 0.004 0.005 0.012 0.004 0.002 0.007 1    
160:  0.973 0.002 0.004 0.004 0.002 0.003 0.004 0.003 0.002 0.003 1    
161:  0.967 0.003 0.007 0.004 0.003 0.002 0.006 0.002 0.003 0.003 1    
162:  0.965 0.004 0.005 0.004 0.003 0.003 0.006 0.004 0.003 0.005 1    
163:  0.925 0.007 0.009 0.008 0.010 0.007 0.008 0.003 0.006 0.016 1    
164:  0.964 0.005 0.005 0.004 0.002 0.004 0.005 0.003 0.003 0.005 1    
165:  0.900 0.004 0.061 0.005 0.005 0.005 0.004 0.005 0.008 0.003 1    
166:  0.957 0.003 0.010 0.005 0.004 0.004 0.004 0.004 0.003 0.005 1    
167:  0.816 0.009 0.014 0.070 0.005 0.010 0.021 0.027 0.018 0.009 1    
168:  0.935 0.007 0.014 0.004 0.006 0.004 0.011 0.004 0.005 0.009 1    
169:  0.947 0.005 0.005 0.013 0.003 0.007 0.004 0.005 0.003 0.008 1    
170:  0.902 0.010 0.036 0.010 0.006 0.008 0.006 0.006 0.006 0.009 1    
171:  0.914 0.008 0.010 0.013 0.010 0.007 0.008 0.020 0.006 0.004 1    
172:  0.896 0.003 0.053 0.014 0.004 0.005 0.009 0.006 0.005 0.006 1    
173:  0.961 0.003 0.005 0.004 0.008 0.003 0.005 0.003 0.003 0.006 1    
174:  0.923 0.009 0.005 0.010 0.022 0.006 0.006 0.006 0.005 0.008 1    
175:  0.943 0.015 0.006 0.008 0.006 0.008 0.004 0.003 0.003 0.004 1    
176:  0.960 0.004 0.005 0.005 0.007 0.003 0.004 0.003 0.002 0.008 1    
177:  0.966 0.004 0.003 0.003 0.004 0.004 0.004 0.003 0.002 0.007 1    
178:  0.947 0.007 0.006 0.009 0.006 0.009 0.004 0.004 0.005 0.003 1    
179:  0.004 0.009 0.006 0.005 0.012 0.004 0.007 0.946 0.002 0.003 1    
180:  0.004 0.007 0.003 0.006 0.007 0.005 0.005 0.952 0.007 0.005 1    
181:  0.003 0.003 0.006 0.003 0.005 0.003 0.005 0.965 0.004 0.003 1    
182:  0.004 0.003 0.004 0.003 0.004 0.003 0.006 0.966 0.004 0.003 1    
183:  0.003 0.005 0.004 0.004 0.007 0.006 0.005 0.960 0.003 0.004 1    
184:  0.003 0.005 0.004 0.007 0.004 0.003 0.003 0.962 0.005 0.004 1    
185:  0.003 0.002 0.003 0.004 0.008 0.003 0.005 0.965 0.004 0.003 1    
186:  0.003 0.004 0.004 0.006 0.009 0.004 0.004 0.958 0.004 0.004 1    
187:  0.014 0.004 0.009 0.016 0.008 0.010 0.017 0.910 0.008 0.004 1    
188:  0.002 0.004 0.002 0.004 0.004 0.968 0.003 0.006 0.003 0.004 1    
189:  0.012 0.006 0.006 0.006 0.014 0.919 0.009 0.006 0.004 0.018 1    
190:  0.004 0.003 0.005 0.008 0.008 0.951 0.004 0.007 0.005 0.005 1    
191:  0.004 0.004 0.003 0.006 0.005 0.962 0.004 0.004 0.004 0.004 1    
192:  0.004 0.003 0.003 0.005 0.003 0.969 0.002 0.005 0.003 0.003 1    
193:  0.004 0.004 0.006 0.003 0.004 0.965 0.005 0.003 0.003 0.003 1    
194:  0.007 0.016 0.011 0.007 0.007 0.932 0.006 0.004 0.004 0.006 1    
195:  0.003 0.005 0.003 0.005 0.003 0.959 0.003 0.009 0.006 0.003 1    
196:  0.003 0.005 0.004 0.003 0.004 0.967 0.004 0.003 0.004 0.003 1    
197:  0.339 0.027 0.017 0.006 0.040 0.543 0.013 0.003 0.006 0.005 1    
198:  0.007 0.952 0.004 0.006 0.004 0.004 0.005 0.005 0.004 0.009 1    
199:  0.006 0.956 0.004 0.003 0.005 0.003 0.006 0.006 0.006 0.005 1    
200:  0.012 0.935 0.007 0.005 0.005 0.005 0.004 0.003 0.003 0.021 1    
201:  0.008 0.948 0.004 0.007 0.006 0.006 0.008 0.005 0.004 0.004 1    
202:  0.125 0.798 0.007 0.006 0.006 0.003 0.034 0.004 0.004 0.013 1    
203:  0.084 0.833 0.005 0.011 0.003 0.004 0.010 0.006 0.006 0.039 1    
204:  0.012 0.948 0.005 0.005 0.006 0.004 0.004 0.004 0.005 0.008 1    
205:  0.008 0.962 0.005 0.004 0.002 0.005 0.003 0.003 0.004 0.005 1    
206:  0.006 0.914 0.006 0.027 0.006 0.014 0.008 0.008 0.005 0.006 1    
207:  0.011 0.950 0.008 0.007 0.004 0.006 0.004 0.003 0.004 0.004 1    
208:  0.004 0.956 0.007 0.005 0.005 0.007 0.004 0.005 0.003 0.004 1    
209:  0.007 0.961 0.005 0.005 0.003 0.004 0.004 0.005 0.003 0.003 1    
210:  0.006 0.943 0.006 0.013 0.004 0.007 0.005 0.010 0.004 0.003 1    
211:  0.003 0.952 0.003 0.008 0.003 0.008 0.004 0.013 0.004 0.002 1    
212:  0.014 0.936 0.010 0.007 0.003 0.007 0.006 0.007 0.005 0.006 1    
213:  0.006 0.903 0.006 0.009 0.004 0.040 0.008 0.010 0.007 0.006 1    
214:  0.004 0.016 0.007 0.929 0.004 0.016 0.006 0.006 0.010 0.003 1    
215:  0.011 0.020 0.013 0.928 0.004 0.006 0.004 0.003 0.005 0.006 1    
216:  0.005 0.009 0.008 0.944 0.004 0.007 0.004 0.003 0.013 0.004 1    
217:  0.009 0.008 0.005 0.929 0.006 0.008 0.007 0.013 0.005 0.009 1    
218:  0.016 0.013 0.008 0.931 0.004 0.006 0.005 0.008 0.005 0.004 1    
219:  0.004 0.009 0.004 0.939 0.007 0.007 0.005 0.008 0.014 0.004 1    
220:  0.003 0.007 0.003 0.947 0.005 0.009 0.004 0.012 0.005 0.005 1    
221:  0.004 0.011 0.007 0.943 0.005 0.008 0.004 0.007 0.008 0.003 1    
222:  0.015 0.007 0.005 0.935 0.004 0.004 0.007 0.007 0.009 0.008 1    
223:  0.008 0.943 0.006 0.008 0.006 0.004 0.007 0.007 0.007 0.005 1    
224:  0.011 0.940 0.012 0.004 0.007 0.003 0.010 0.004 0.006 0.004 1    
225:  0.003 0.948 0.005 0.006 0.008 0.006 0.006 0.006 0.007 0.005 1    
226:  0.014 0.857 0.017 0.022 0.020 0.016 0.019 0.011 0.018 0.007 1    
227:  0.006 0.906 0.017 0.008 0.014 0.017 0.010 0.010 0.008 0.005 1    
228:  0.002 0.962 0.005 0.004 0.006 0.004 0.005 0.003 0.005 0.003 1    
229:  0.004 0.956 0.010 0.005 0.006 0.003 0.004 0.003 0.006 0.004 1    
230:  0.008 0.821 0.011 0.010 0.020 0.009 0.079 0.022 0.009 0.011 1    
231:  0.007 0.936 0.009 0.007 0.009 0.004 0.013 0.006 0.005 0.005 1    
232:  0.196 0.347 0.008 0.115 0.183 0.024 0.086 0.015 0.016 0.010 1    
233:  0.015 0.408 0.011 0.306 0.008 0.017 0.143 0.009 0.078 0.004 1    
234:  0.077 0.126 0.138 0.368 0.024 0.081 0.014 0.160 0.008 0.004 1    
235:  0.057 0.219 0.009 0.434 0.051 0.024 0.031 0.149 0.020 0.004 1    
236:  0.064 0.139 0.027 0.195 0.092 0.006 0.129 0.295 0.046 0.007 1    
                                   
                                   
1:    0.006 0.006 0.951 0.008 0.004 0.003 0.004 0.005 0.006 0.006 1    
2:    0.009 0.023 0.885 0.015 0.004 0.019 0.007 0.018 0.011 0.009 1    
3:    0.003 0.003 0.965 0.004 0.004 0.005 0.004 0.003 0.005 0.003 1    
4:    0.009 0.006 0.916 0.007 0.011 0.013 0.011 0.007 0.013 0.009 1    
5:    0.065 0.016 0.819 0.012 0.007 0.017 0.009 0.010 0.030 0.015 1    
6:    0.010 0.007 0.892 0.006 0.014 0.022 0.015 0.006 0.016 0.011 1    
7:    0.008 0.007 0.951 0.005 0.003 0.006 0.003 0.006 0.005 0.006 1    
8:    0.004 0.013 0.937 0.013 0.003 0.009 0.005 0.005 0.006 0.005 1    
9:    0.008 0.029 0.006 0.010 0.004 0.907 0.004 0.008 0.008 0.017 1    
10:   0.012 0.010 0.005 0.005 0.003 0.872 0.003 0.006 0.004 0.080 1    
11:   0.006 0.003 0.006 0.004 0.004 0.951 0.003 0.005 0.004 0.013 1    
12:   0.005 0.008 0.004 0.035 0.009 0.914 0.005 0.012 0.003 0.004 1    
13:   0.010 0.014 0.008 0.020 0.010 0.888 0.010 0.008 0.006 0.027 1    
14:   0.014 0.004 0.006 0.011 0.007 0.915 0.003 0.019 0.005 0.017 1    
15:   0.007 0.035 0.013 0.010 0.006 0.882 0.003 0.024 0.009 0.011 1    
16:   0.007 0.005 0.007 0.005 0.003 0.945 0.002 0.006 0.003 0.017 1    
17:   0.009 0.009 0.008 0.006 0.004 0.850 0.004 0.007 0.008 0.095 1    
18:   0.013 0.003 0.005 0.005 0.915 0.007 0.004 0.033 0.009 0.006 1    
19:   0.009 0.002 0.004 0.005 0.951 0.006 0.004 0.010 0.004 0.005 1    
20:   0.004 0.003 0.003 0.003 0.939 0.004 0.004 0.033 0.004 0.002 1    
21:   0.012 0.003 0.004 0.004 0.951 0.003 0.003 0.009 0.007 0.004 1    
22:   0.004 0.003 0.005 0.004 0.913 0.004 0.002 0.056 0.005 0.003 1    
23:   0.007 0.003 0.006 0.005 0.962 0.002 0.004 0.005 0.003 0.003 1    
24:   0.005 0.003 0.004 0.004 0.967 0.004 0.003 0.004 0.004 0.002 1    
25:   0.014 0.004 0.003 0.943 0.005 0.005 0.003 0.006 0.010 0.005 1    
26:   0.022 0.004 0.009 0.919 0.015 0.005 0.004 0.011 0.007 0.004 1    
27:   0.065 0.010 0.023 0.797 0.049 0.020 0.008 0.014 0.010 0.006 1    
28:   0.004 0.005 0.010 0.952 0.004 0.004 0.003 0.005 0.005 0.005 1    
29:   0.012 0.006 0.035 0.901 0.021 0.003 0.006 0.009 0.006 0.002 1    
30:   0.011 0.006 0.017 0.931 0.014 0.003 0.004 0.007 0.006 0.003 1    
31:   0.029 0.014 0.022 0.892 0.007 0.009 0.005 0.009 0.010 0.004 1    
32:   0.004 0.004 0.006 0.003 0.006 0.674 0.002 0.007 0.006 0.287 1    
33:   0.005 0.010 0.004 0.004 0.003 0.902 0.004 0.006 0.005 0.058 1    
34:   0.007 0.021 0.008 0.005 0.005 0.238 0.002 0.023 0.012 0.678 1    
35:   0.005 0.008 0.005 0.003 0.005 0.090 0.002 0.008 0.005 0.871 1    
36:   0.009 0.008 0.008 0.003 0.004 0.901 0.003 0.007 0.007 0.048 1    
37:   0.005 0.005 0.004 0.006 0.009 0.938 0.003 0.006 0.010 0.013 1    
38:   0.005 0.005 0.011 0.005 0.006 0.203 0.002 0.021 0.004 0.738 1    
39:   0.008 0.007 0.004 0.007 0.018 0.009 0.003 0.923 0.005 0.015 1    
40:   0.011 0.004 0.006 0.004 0.006 0.004 0.006 0.945 0.005 0.009 1    
41:   0.066 0.005 0.008 0.008 0.020 0.027 0.008 0.846 0.008 0.006 1    
42:   0.008 0.003 0.004 0.003 0.009 0.003 0.004 0.953 0.006 0.007 1    
43:   0.217 0.006 0.006 0.004 0.009 0.006 0.006 0.716 0.004 0.026 1    
44:   0.008 0.003 0.004 0.003 0.006 0.003 0.006 0.959 0.004 0.005 1    
45:   0.013 0.007 0.005 0.012 0.009 0.021 0.004 0.921 0.003 0.005 1    
46:   0.014 0.005 0.006 0.006 0.006 0.006 0.011 0.925 0.014 0.008 1    
47:   0.010 0.143 0.011 0.771 0.031 0.009 0.005 0.005 0.008 0.007 1    
48:   0.039 0.072 0.006 0.804 0.027 0.013 0.007 0.003 0.026 0.003 1    
49:   0.041 0.014 0.010 0.877 0.011 0.012 0.011 0.005 0.009 0.009 1    
50:   0.028 0.010 0.011 0.886 0.019 0.009 0.010 0.007 0.011 0.009 1    
51:   0.034 0.010 0.016 0.866 0.018 0.010 0.012 0.005 0.016 0.013 1    
52:   0.008 0.932 0.003 0.012 0.007 0.004 0.009 0.014 0.007 0.004 1    
53:   0.009 0.943 0.006 0.006 0.006 0.005 0.005 0.004 0.012 0.004 1    
54:   0.009 0.937 0.005 0.006 0.009 0.007 0.003 0.005 0.013 0.005 1    
55:   0.008 0.928 0.003 0.006 0.006 0.019 0.004 0.005 0.008 0.013 1    
56:   0.008 0.928 0.003 0.005 0.006 0.020 0.004 0.005 0.007 0.015 1    
57:   0.004 0.934 0.003 0.034 0.003 0.003 0.007 0.004 0.004 0.004 1    
58:   0.015 0.851 0.008 0.009 0.055 0.020 0.003 0.011 0.020 0.007 1    
59:   0.528 0.038 0.121 0.016 0.035 0.174 0.002 0.031 0.007 0.046 1    
60:   0.300 0.008 0.032 0.518 0.012 0.024 0.004 0.026 0.020 0.057 1    
61:   0.251 0.042 0.008 0.532 0.008 0.088 0.010 0.017 0.017 0.026 1    
62:   0.091 0.009 0.011 0.750 0.008 0.055 0.007 0.028 0.016 0.026 1    
63:   0.238 0.005 0.012 0.555 0.016 0.074 0.006 0.047 0.022 0.025 1    
64:   0.355 0.007 0.012 0.411 0.025 0.086 0.008 0.033 0.022 0.041 1    
65:   0.853 0.011 0.004 0.087 0.007 0.015 0.006 0.004 0.006 0.006 1    
66:   0.005 0.003 0.003 0.007 0.005 0.005 0.003 0.963 0.003 0.004 1    
67:   0.008 0.004 0.003 0.010 0.005 0.007 0.003 0.951 0.005 0.005 1    
68:   0.005 0.008 0.004 0.024 0.007 0.010 0.002 0.931 0.004 0.006 1    
69:   0.007 0.004 0.003 0.016 0.005 0.007 0.004 0.936 0.005 0.012 1    
70:   0.015 0.005 0.005 0.031 0.008 0.007 0.003 0.914 0.008 0.005 1    
71:   0.007 0.003 0.003 0.010 0.004 0.005 0.004 0.956 0.004 0.005 1    
72:   0.006 0.002 0.004 0.007 0.005 0.010 0.003 0.953 0.006 0.003 1    
73:   0.008 0.004 0.002 0.013 0.005 0.006 0.003 0.947 0.005 0.006 1    
74:   0.005 0.003 0.004 0.004 0.005 0.005 0.003 0.952 0.004 0.015 1    
75:   0.477 0.009 0.017 0.007 0.007 0.086 0.007 0.350 0.006 0.034 1    
76:   0.671 0.003 0.136 0.005 0.009 0.056 0.029 0.051 0.012 0.027 1    
77:   0.915 0.005 0.016 0.004 0.003 0.008 0.013 0.010 0.015 0.011 1    
78:   0.597 0.017 0.010 0.005 0.009 0.032 0.004 0.307 0.009 0.011 1    
79:   0.785 0.019 0.033 0.031 0.005 0.032 0.006 0.053 0.009 0.026 1    
80:   0.747 0.019 0.006 0.015 0.006 0.024 0.006 0.165 0.004 0.008 1    
81:   0.890 0.016 0.004 0.018 0.004 0.014 0.009 0.009 0.023 0.014 1    
82:   0.381 0.007 0.010 0.287 0.122 0.029 0.005 0.036 0.105 0.018 1    
83:   0.827 0.005 0.006 0.077 0.017 0.011 0.010 0.023 0.014 0.011 1    
84:   0.879 0.003 0.010 0.044 0.008 0.005 0.036 0.006 0.006 0.003 1    
85:   0.895 0.008 0.010 0.016 0.018 0.010 0.006 0.003 0.028 0.007 1    
86:   0.842 0.004 0.005 0.081 0.010 0.009 0.007 0.015 0.018 0.009 1    
87:   0.016 0.050 0.022 0.845 0.004 0.019 0.003 0.013 0.014 0.015 1    
88:   0.026 0.045 0.009 0.715 0.004 0.099 0.032 0.028 0.033 0.011 1    
89:   0.062 0.259 0.016 0.524 0.005 0.060 0.006 0.026 0.011 0.031 1    
90:   0.036 0.017 0.011 0.706 0.022 0.005 0.140 0.009 0.047 0.006 1    
91:   0.005 0.005 0.004 0.009 0.003 0.954 0.003 0.010 0.005 0.003 1    
92:   0.005 0.006 0.003 0.003 0.004 0.966 0.003 0.003 0.004 0.003 1    
93:   0.005 0.005 0.004 0.003 0.006 0.956 0.004 0.004 0.004 0.010 1    
94:   0.005 0.006 0.004 0.008 0.004 0.956 0.004 0.006 0.004 0.004 1    
95:   0.006 0.004 0.003 0.007 0.004 0.962 0.003 0.004 0.003 0.004 1    
96:   0.007 0.003 0.005 0.011 0.013 0.941 0.004 0.006 0.003 0.007 1    
97:   0.028 0.019 0.011 0.846 0.010 0.038 0.006 0.017 0.007 0.016 1    
98:   0.014 0.021 0.011 0.814 0.033 0.030 0.009 0.029 0.021 0.017 1    
99:   0.006 0.018 0.008 0.893 0.017 0.015 0.004 0.020 0.005 0.014 1    
100:  0.028 0.018 0.026 0.583 0.019 0.093 0.013 0.019 0.030 0.172 1    
101:  0.007 0.010 0.014 0.929 0.003 0.006 0.006 0.009 0.009 0.006 1    
102:  0.025 0.008 0.019 0.829 0.005 0.056 0.012 0.010 0.015 0.020 1    
103:  0.013 0.007 0.025 0.908 0.007 0.008 0.007 0.010 0.008 0.007 1    
104:  0.955 0.004 0.004 0.003 0.007 0.004 0.004 0.007 0.004 0.007 1    
105:  0.940 0.006 0.004 0.004 0.013 0.005 0.003 0.011 0.005 0.009 1    
106:  0.900 0.004 0.004 0.014 0.014 0.003 0.004 0.006 0.047 0.004 1    
107:  0.938 0.005 0.002 0.006 0.024 0.004 0.004 0.007 0.004 0.005 1    
108:  0.929 0.004 0.006 0.012 0.010 0.003 0.005 0.010 0.016 0.005 1    
109:  0.924 0.004 0.004 0.007 0.009 0.004 0.015 0.009 0.017 0.006 1    
110:  0.961 0.005 0.006 0.004 0.005 0.003 0.004 0.004 0.004 0.005 1    
111:  0.917 0.006 0.005 0.009 0.017 0.004 0.008 0.014 0.012 0.009 1    
112:  0.939 0.007 0.005 0.003 0.014 0.004 0.004 0.009 0.006 0.009 1    
113:  0.025 0.005 0.005 0.011 0.920 0.005 0.005 0.005 0.013 0.006 1    
114:  0.005 0.004 0.004 0.006 0.960 0.005 0.004 0.004 0.004 0.003 1    
115:  0.016 0.010 0.017 0.006 0.862 0.006 0.008 0.033 0.015 0.028 1    
116:  0.004 0.003 0.003 0.003 0.972 0.004 0.003 0.003 0.004 0.002 1    
117:  0.022 0.034 0.019 0.005 0.650 0.012 0.007 0.030 0.023 0.199 1    
118:  0.006 0.003 0.003 0.006 0.963 0.003 0.003 0.005 0.006 0.003 1    
119:  0.007 0.003 0.005 0.008 0.955 0.004 0.004 0.005 0.006 0.004 1    
120:  0.005 0.006 0.002 0.004 0.968 0.003 0.004 0.003 0.003 0.003 1    
121:  0.018 0.008 0.007 0.008 0.920 0.007 0.006 0.010 0.010 0.006 1    
122:  0.004 0.005 0.003 0.004 0.962 0.003 0.006 0.003 0.005 0.004 1    
123:  0.005 0.007 0.006 0.003 0.934 0.007 0.004 0.010 0.004 0.020 1    
124:  0.005 0.003 0.003 0.003 0.971 0.002 0.003 0.004 0.004 0.002 1    
125:  0.013 0.012 0.011 0.011 0.898 0.005 0.008 0.015 0.023 0.005 1    
126:  0.003 0.005 0.003 0.003 0.968 0.004 0.003 0.003 0.004 0.004 1    
127:  0.004 0.005 0.003 0.003 0.967 0.004 0.005 0.004 0.003 0.003 1    
128:  0.005 0.003 0.003 0.005 0.965 0.004 0.004 0.004 0.005 0.002 1    
129:  0.525 0.007 0.005 0.027 0.015 0.108 0.003 0.009 0.258 0.043 1    
130:  0.749 0.004 0.012 0.022 0.005 0.013 0.004 0.063 0.122 0.007 1    
131:  0.480 0.005 0.014 0.318 0.008 0.026 0.006 0.007 0.125 0.009 1    
132:  0.528 0.004 0.005 0.012 0.010 0.072 0.004 0.006 0.332 0.028 1    
133:  0.561 0.004 0.005 0.075 0.015 0.039 0.004 0.006 0.286 0.005 1    
134:  0.534 0.003 0.006 0.010 0.010 0.076 0.003 0.006 0.331 0.022 1    
135:  0.780 0.005 0.014 0.075 0.013 0.004 0.009 0.062 0.031 0.006 1    
136:  0.003 0.004 0.007 0.961 0.004 0.003 0.005 0.004 0.006 0.002 1    
137:  0.005 0.003 0.005 0.956 0.009 0.003 0.005 0.004 0.006 0.002 1    
138:  0.009 0.007 0.011 0.931 0.005 0.010 0.004 0.007 0.012 0.004 1    
139:  0.006 0.005 0.005 0.934 0.004 0.021 0.008 0.009 0.004 0.005 1    
140:  0.005 0.003 0.006 0.953 0.006 0.004 0.005 0.007 0.007 0.004 1    
141:  0.051 0.010 0.020 0.808 0.048 0.011 0.010 0.022 0.011 0.008 1    
142:  0.005 0.004 0.009 0.952 0.008 0.004 0.004 0.007 0.005 0.002 1    
143:  0.004 0.003 0.005 0.964 0.003 0.005 0.005 0.003 0.006 0.003 1    
144:  0.004 0.003 0.005 0.960 0.003 0.005 0.005 0.003 0.009 0.003 1    
145:  0.004 0.004 0.004 0.964 0.003 0.004 0.004 0.003 0.005 0.004 1    
146:  0.012 0.008 0.008 0.926 0.014 0.006 0.012 0.005 0.005 0.003 1    
147:  0.003 0.003 0.002 0.004 0.003 0.003 0.968 0.005 0.004 0.005 1    
148:  0.004 0.003 0.003 0.003 0.004 0.003 0.972 0.003 0.004 0.002 1    
149:  0.003 0.003 0.003 0.003 0.003 0.002 0.975 0.003 0.003 0.002 1    
150:  0.003 0.003 0.003 0.004 0.004 0.003 0.972 0.003 0.004 0.002 1    
151:  0.004 0.002 0.002 0.003 0.003 0.002 0.976 0.002 0.003 0.002 1    
152:  0.005 0.003 0.002 0.002 0.005 0.004 0.962 0.007 0.003 0.007 1    
153:  0.003 0.002 0.002 0.003 0.003 0.002 0.979 0.002 0.003 0.002 1    
154:  0.003 0.002 0.002 0.003 0.003 0.002 0.975 0.004 0.003 0.003 1    
155:  0.003 0.004 0.002 0.004 0.003 0.003 0.972 0.004 0.003 0.004 1    
156:  0.004 0.003 0.002 0.002 0.003 0.004 0.003 0.003 0.002 0.973 1    
157:  0.037 0.066 0.007 0.004 0.006 0.070 0.012 0.017 0.013 0.768 1    
158:  0.010 0.011 0.004 0.003 0.010 0.013 0.012 0.010 0.006 0.921 1    
159:  0.007 0.005 0.004 0.004 0.003 0.031 0.004 0.004 0.006 0.932 1    
160:  0.003 0.003 0.003 0.002 0.002 0.005 0.004 0.005 0.002 0.971 1    
161:  0.004 0.003 0.003 0.003 0.005 0.011 0.003 0.008 0.003 0.958 1    
162:  0.006 0.005 0.003 0.003 0.002 0.008 0.003 0.004 0.003 0.963 1    
163:  0.011 0.025 0.005 0.004 0.006 0.049 0.024 0.007 0.011 0.858 1    
164:  0.005 0.004 0.004 0.003 0.003 0.008 0.002 0.003 0.004 0.964 1    
165:  0.008 0.003 0.005 0.005 0.008 0.006 0.004 0.023 0.004 0.933 1    
166:  0.006 0.003 0.003 0.004 0.003 0.005 0.002 0.006 0.004 0.963 1    
167:  0.034 0.019 0.006 0.019 0.017 0.017 0.006 0.010 0.015 0.858 1    
168:  0.006 0.007 0.006 0.007 0.005 0.021 0.006 0.012 0.005 0.925 1    
169:  0.008 0.006 0.004 0.004 0.003 0.004 0.003 0.005 0.007 0.955 1    
170:  0.014 0.007 0.011 0.007 0.006 0.006 0.005 0.022 0.009 0.913 1    
171:  0.015 0.005 0.007 0.016 0.007 0.010 0.003 0.009 0.005 0.922 1    
172:  0.167 0.004 0.004 0.005 0.004 0.008 0.004 0.017 0.003 0.783 1    
173:  0.004 0.005 0.003 0.003 0.003 0.003 0.008 0.007 0.003 0.960 1    
174:  0.006 0.014 0.011 0.014 0.005 0.004 0.009 0.011 0.007 0.920 1    
175:  0.007 0.007 0.016 0.003 0.003 0.005 0.006 0.004 0.008 0.940 1    
176:  0.005 0.005 0.004 0.003 0.002 0.003 0.006 0.004 0.003 0.965 1    
177:  0.003 0.009 0.004 0.003 0.002 0.005 0.008 0.002 0.004 0.961 1    
178:  0.006 0.005 0.010 0.003 0.003 0.005 0.004 0.004 0.007 0.952 1    
179:  0.006 0.003 0.008 0.950 0.003 0.005 0.006 0.009 0.005 0.004 1    
180:  0.008 0.004 0.007 0.944 0.010 0.005 0.006 0.005 0.006 0.005 1    
181:  0.006 0.003 0.002 0.957 0.005 0.005 0.009 0.005 0.003 0.004 1    
182:  0.011 0.004 0.003 0.951 0.006 0.004 0.007 0.007 0.004 0.004 1    
183:  0.005 0.004 0.006 0.960 0.003 0.003 0.003 0.007 0.004 0.003 1    
184:  0.010 0.003 0.005 0.953 0.008 0.003 0.003 0.006 0.005 0.004 1    
185:  0.006 0.003 0.002 0.950 0.005 0.004 0.019 0.005 0.004 0.003 1    
186:  0.007 0.003 0.003 0.963 0.005 0.003 0.004 0.004 0.005 0.003 1    
187:  0.018 0.003 0.012 0.865 0.012 0.019 0.004 0.029 0.013 0.025 1    
188:  0.005 0.005 0.005 0.008 0.004 0.003 0.003 0.003 0.961 0.003 1    
189:  0.005 0.008 0.006 0.008 0.007 0.011 0.004 0.008 0.937 0.006 1    
190:  0.005 0.004 0.003 0.005 0.003 0.003 0.004 0.003 0.969 0.003 1    
191:  0.009 0.006 0.005 0.005 0.004 0.006 0.006 0.004 0.952 0.004 1    
192:  0.006 0.005 0.004 0.004 0.003 0.003 0.006 0.003 0.962 0.003 1    
193:  0.008 0.004 0.004 0.005 0.004 0.009 0.009 0.008 0.943 0.006 1    
194:  0.017 0.019 0.065 0.008 0.007 0.011 0.018 0.010 0.835 0.010 1    
195:  0.005 0.005 0.009 0.008 0.004 0.003 0.003 0.003 0.955 0.003 1    
196:  0.007 0.006 0.008 0.009 0.005 0.006 0.005 0.006 0.944 0.004 1    
197:  0.013 0.025 0.053 0.034 0.005 0.104 0.019 0.011 0.535 0.201 1    
198:  0.004 0.937 0.023 0.004 0.003 0.014 0.004 0.003 0.004 0.004 1    
199:  0.003 0.962 0.006 0.006 0.004 0.006 0.005 0.003 0.003 0.003 1    
200:  0.003 0.960 0.013 0.003 0.003 0.004 0.002 0.004 0.004 0.005 1    
201:  0.006 0.896 0.037 0.011 0.005 0.013 0.003 0.005 0.018 0.006 1    
202:  0.003 0.923 0.005 0.003 0.003 0.022 0.002 0.007 0.004 0.028 1    
203:  0.004 0.950 0.010 0.004 0.003 0.008 0.004 0.003 0.007 0.008 1    
204:  0.003 0.966 0.004 0.004 0.003 0.003 0.004 0.003 0.004 0.005 1    
205:  0.004 0.008 0.947 0.004 0.005 0.006 0.002 0.004 0.007 0.014 1    
206:  0.014 0.010 0.920 0.009 0.004 0.008 0.004 0.006 0.019 0.007 1    
207:  0.004 0.005 0.954 0.004 0.003 0.004 0.002 0.006 0.007 0.010 1    
208:  0.006 0.007 0.954 0.004 0.004 0.007 0.003 0.004 0.007 0.004 1    
209:  0.003 0.005 0.960 0.004 0.003 0.005 0.002 0.003 0.007 0.007 1    
210:  0.006 0.006 0.945 0.010 0.003 0.005 0.003 0.005 0.010 0.006 1    
211:  0.004 0.005 0.952 0.009 0.003 0.004 0.002 0.004 0.013 0.004 1    
212:  0.007 0.007 0.938 0.005 0.003 0.007 0.002 0.006 0.009 0.016 1    
213:  0.008 0.009 0.937 0.009 0.006 0.005 0.002 0.005 0.014 0.005 1    
214:  0.015 0.004 0.009 0.005 0.010 0.005 0.008 0.009 0.930 0.004 1    
215:  0.010 0.008 0.008 0.003 0.006 0.004 0.004 0.008 0.941 0.009 1    
216:  0.021 0.006 0.012 0.005 0.035 0.004 0.009 0.016 0.883 0.009 1    
217:  0.007 0.008 0.005 0.009 0.006 0.006 0.008 0.006 0.936 0.009 1    
218:  0.005 0.004 0.011 0.009 0.005 0.006 0.003 0.010 0.930 0.017 1    
219:  0.022 0.005 0.007 0.007 0.026 0.005 0.017 0.011 0.885 0.015 1    
220:  0.005 0.006 0.004 0.006 0.006 0.002 0.006 0.004 0.958 0.003 1    
221:  0.007 0.003 0.013 0.005 0.011 0.004 0.006 0.006 0.943 0.003 1    
222:  0.007 0.008 0.007 0.008 0.009 0.007 0.003 0.012 0.921 0.017 1    
223:  0.008 0.007 0.944 0.007 0.006 0.006 0.003 0.006 0.004 0.009 1    
224:  0.006 0.006 0.942 0.004 0.005 0.010 0.005 0.007 0.004 0.012 1    
225:  0.005 0.004 0.959 0.005 0.007 0.004 0.005 0.004 0.005 0.002 1    
226:  0.035 0.006 0.873 0.007 0.011 0.016 0.021 0.007 0.014 0.008 1    
227:  0.012 0.007 0.925 0.010 0.005 0.014 0.006 0.008 0.008 0.006 1    
228:  0.004 0.003 0.963 0.004 0.006 0.005 0.006 0.003 0.005 0.002 1    
229:  0.004 0.003 0.960 0.003 0.005 0.004 0.008 0.005 0.004 0.003 1    
230:  0.028 0.005 0.855 0.019 0.006 0.059 0.006 0.007 0.008 0.008 1    
231:  0.008 0.005 0.941 0.008 0.004 0.015 0.003 0.004 0.004 0.007 1    
232:  0.018 0.025 0.409 0.108 0.026 0.059 0.025 0.073 0.037 0.221 1    
233:  0.182 0.010 0.409 0.024 0.135 0.107 0.004 0.073 0.039 0.017 1    
234:  0.057 0.009 0.100 0.108 0.007 0.008 0.013 0.369 0.266 0.062 1    
235:  0.070 0.006 0.228 0.356 0.048 0.019 0.033 0.140 0.039 0.061 1    
236:  0.059 0.009 0.121 0.473 0.055 0.074 0.013 0.110 0.005 0.081 1    
                                   
                                   
1:    0.006 0.006 0.006 0.006 0.007 0.004 0.947 0.010 0.004 0.004 1    
2:    0.015 0.012 0.008 0.020 0.008 0.005 0.879 0.004 0.023 0.025 1    
3:    0.003 0.006 0.003 0.004 0.003 0.005 0.960 0.005 0.006 0.005 1    
4:    0.006 0.012 0.008 0.006 0.007 0.009 0.917 0.005 0.022 0.008 1    
5:    0.009 0.024 0.015 0.014 0.068 0.006 0.824 0.011 0.018 0.010 1    
6:    0.006 0.021 0.010 0.009 0.008 0.010 0.904 0.006 0.021 0.006 1    
7:    0.008 0.006 0.005 0.007 0.011 0.003 0.944 0.005 0.007 0.005 1    
8:    0.005 0.005 0.006 0.011 0.003 0.003 0.933 0.005 0.011 0.018 1    
9:    0.009 0.007 0.015 0.034 0.007 0.004 0.008 0.010 0.897 0.009 1    
10:   0.008 0.005 0.056 0.009 0.011 0.004 0.005 0.006 0.894 0.004 1    
11:   0.006 0.004 0.011 0.002 0.006 0.003 0.005 0.006 0.952 0.003 1    
12:   0.017 0.004 0.005 0.011 0.005 0.006 0.003 0.012 0.908 0.029 1    
13:   0.010 0.005 0.019 0.016 0.010 0.014 0.007 0.028 0.884 0.005 1    
14:   0.016 0.006 0.025 0.004 0.017 0.005 0.008 0.021 0.894 0.004 1    
15:   0.018 0.009 0.011 0.036 0.007 0.006 0.008 0.006 0.895 0.005 1    
16:   0.005 0.003 0.011 0.004 0.005 0.003 0.010 0.009 0.945 0.003 1    
17:   0.008 0.006 0.064 0.011 0.008 0.004 0.009 0.007 0.876 0.007 1    
18:   0.036 0.006 0.008 0.003 0.012 0.913 0.004 0.007 0.006 0.004 1    
19:   0.010 0.005 0.004 0.002 0.009 0.947 0.004 0.007 0.006 0.005 1    
20:   0.035 0.005 0.003 0.003 0.005 0.936 0.003 0.003 0.004 0.002 1    
21:   0.012 0.006 0.004 0.003 0.013 0.946 0.005 0.005 0.004 0.003 1    
22:   0.058 0.004 0.003 0.003 0.006 0.910 0.003 0.005 0.003 0.004 1    
23:   0.005 0.003 0.003 0.003 0.006 0.963 0.004 0.006 0.003 0.003 1    
24:   0.004 0.003 0.002 0.003 0.005 0.969 0.003 0.005 0.003 0.002 1    
25:   0.004 0.005 0.003 0.003 0.006 0.003 0.003 0.968 0.003 0.003 1    
26:   0.004 0.005 0.003 0.003 0.007 0.006 0.004 0.961 0.004 0.003 1    
27:   0.035 0.009 0.006 0.006 0.043 0.027 0.042 0.760 0.038 0.033 1    
28:   0.004 0.004 0.003 0.004 0.004 0.003 0.006 0.961 0.003 0.009 1    
29:   0.016 0.011 0.003 0.007 0.011 0.017 0.050 0.860 0.004 0.021 1    
30:   0.004 0.003 0.002 0.005 0.005 0.005 0.005 0.963 0.004 0.004 1    
31:   0.020 0.011 0.004 0.025 0.033 0.007 0.033 0.785 0.014 0.069 1    
32:   0.006 0.004 0.189 0.004 0.005 0.005 0.005 0.002 0.776 0.003 1    
33:   0.006 0.004 0.066 0.009 0.005 0.003 0.007 0.006 0.891 0.004 1    
34:   0.041 0.006 0.591 0.031 0.009 0.008 0.008 0.007 0.295 0.004 1    
35:   0.010 0.003 0.830 0.009 0.004 0.006 0.007 0.003 0.124 0.003 1    
36:   0.007 0.004 0.030 0.008 0.008 0.005 0.012 0.006 0.915 0.004 1    
37:   0.006 0.011 0.010 0.007 0.005 0.011 0.004 0.004 0.933 0.009 1    
38:   0.017 0.003 0.654 0.005 0.005 0.004 0.010 0.005 0.290 0.005 1    
39:   0.939 0.004 0.008 0.006 0.006 0.013 0.004 0.005 0.008 0.007 1    
40:   0.952 0.005 0.008 0.004 0.007 0.007 0.006 0.003 0.005 0.004 1    
41:   0.881 0.006 0.008 0.005 0.028 0.029 0.007 0.005 0.019 0.011 1    
42:   0.955 0.006 0.008 0.003 0.005 0.009 0.005 0.003 0.003 0.003 1    
43:   0.924 0.006 0.018 0.006 0.023 0.005 0.006 0.004 0.005 0.004 1    
44:   0.963 0.004 0.006 0.003 0.004 0.006 0.005 0.003 0.004 0.004 1    
45:   0.926 0.003 0.005 0.006 0.009 0.010 0.005 0.006 0.018 0.011 1    
46:   0.939 0.013 0.008 0.005 0.007 0.007 0.008 0.004 0.004 0.005 1    
47:   0.004 0.006 0.007 0.060 0.007 0.014 0.006 0.886 0.005 0.005 1    
48:   0.002 0.014 0.003 0.038 0.072 0.025 0.010 0.819 0.006 0.010 1    
49:   0.004 0.010 0.007 0.009 0.017 0.008 0.007 0.926 0.007 0.005 1    
50:   0.005 0.008 0.007 0.006 0.017 0.006 0.008 0.932 0.007 0.004 1    
51:   0.005 0.010 0.006 0.007 0.013 0.007 0.008 0.929 0.009 0.005 1    
52:   0.011 0.012 0.005 0.935 0.007 0.006 0.003 0.008 0.003 0.010 1    
53:   0.004 0.010 0.004 0.934 0.014 0.008 0.006 0.004 0.005 0.010 1    
54:   0.005 0.008 0.005 0.934 0.011 0.011 0.006 0.006 0.005 0.010 1    
55:   0.006 0.006 0.016 0.922 0.007 0.008 0.004 0.004 0.021 0.005 1    
56:   0.005 0.006 0.017 0.925 0.007 0.006 0.004 0.005 0.018 0.007 1    
57:   0.004 0.006 0.004 0.903 0.004 0.003 0.003 0.010 0.003 0.062 1    
58:   0.014 0.009 0.011 0.830 0.022 0.062 0.010 0.008 0.022 0.012 1    
59:   0.048 0.005 0.026 0.030 0.465 0.033 0.133 0.008 0.239 0.013 1    
60:   0.015 0.009 0.025 0.005 0.033 0.009 0.015 0.870 0.015 0.004 1    
61:   0.020 0.018 0.032 0.031 0.102 0.010 0.010 0.732 0.034 0.011 1    
62:   0.021 0.014 0.014 0.006 0.016 0.010 0.011 0.873 0.030 0.005 1    
63:   0.025 0.018 0.022 0.005 0.060 0.012 0.011 0.778 0.062 0.008 1    
64:   0.027 0.020 0.040 0.008 0.124 0.019 0.010 0.637 0.095 0.019 1    
65:   0.007 0.009 0.014 0.014 0.659 0.011 0.005 0.247 0.023 0.011 1    
66:   0.955 0.004 0.006 0.004 0.006 0.006 0.003 0.005 0.005 0.008 1    
67:   0.949 0.004 0.004 0.003 0.008 0.005 0.003 0.012 0.007 0.005 1    
68:   0.928 0.004 0.006 0.006 0.006 0.005 0.004 0.023 0.006 0.013 1    
69:   0.919 0.005 0.009 0.006 0.008 0.005 0.003 0.025 0.013 0.006 1    
70:   0.850 0.007 0.005 0.005 0.014 0.009 0.004 0.094 0.006 0.006 1    
71:   0.949 0.004 0.005 0.004 0.009 0.004 0.003 0.011 0.004 0.006 1    
72:   0.944 0.005 0.003 0.003 0.010 0.006 0.003 0.008 0.013 0.005 1    
73:   0.938 0.004 0.007 0.004 0.011 0.006 0.003 0.015 0.007 0.007 1    
74:   0.953 0.004 0.013 0.004 0.005 0.005 0.004 0.004 0.005 0.003 1    
75:   0.561 0.007 0.043 0.012 0.253 0.006 0.020 0.005 0.086 0.007 1    
76:   0.104 0.029 0.039 0.003 0.598 0.015 0.143 0.006 0.055 0.009 1    
77:   0.013 0.011 0.007 0.005 0.934 0.003 0.010 0.004 0.009 0.004 1    
78:   0.612 0.008 0.010 0.030 0.278 0.008 0.007 0.004 0.040 0.003 1    
79:   0.089 0.007 0.039 0.012 0.752 0.008 0.039 0.022 0.024 0.010 1    
80:   0.401 0.008 0.022 0.033 0.448 0.005 0.005 0.026 0.041 0.011 1    
81:   0.013 0.025 0.018 0.016 0.859 0.005 0.006 0.011 0.018 0.028 1    
