1:    0.033 0.016 0.035 0.032 0.048 0.047 0.030 0.119 0.065 0.032 0.544 1    
2:    0.030 0.055 0.054 0.047 0.179 0.027 0.047 0.133 0.188 0.119 0.122 1    
3:    0.023 0.032 0.065 0.038 0.122 0.044 0.184 0.241 0.110 0.095 0.046 1    
4:    0.019 0.018 0.039 0.029 0.028 0.046 0.715 0.019 0.026 0.021 0.040 1    
5:    0.026 0.025 0.027 0.073 0.069 0.052 0.015 0.549 0.078 0.047 0.039 1    
6:    0.073 0.123 0.157 0.065 0.159 0.050 0.028 0.121 0.170 0.026 0.029 1    
7:    0.030 0.044 0.055 0.017 0.083 0.113 0.130 0.276 0.091 0.028 0.133 1    
8:    0.014 0.011 0.117 0.151 0.218 0.057 0.055 0.032 0.284 0.032 0.029 1    
9:    0.025 0.059 0.075 0.486 0.076 0.025 0.030 0.026 0.072 0.034 0.091 1    
10:   0.045 0.044 0.123 0.051 0.149 0.035 0.027 0.217 0.183 0.034 0.092 1    
11:   0.400 0.027 0.020 0.026 0.034 0.026 0.362 0.019 0.035 0.026 0.025 1    
12:   0.127 0.017 0.022 0.105 0.221 0.186 0.011 0.099 0.156 0.041 0.016 1    
13:   0.015 0.010 0.033 0.161 0.064 0.018 0.145 0.017 0.071 0.139 0.326 1    
14:   0.035 0.094 0.250 0.019 0.061 0.013 0.015 0.371 0.101 0.031 0.011 1    
15:   0.029 0.014 0.058 0.025 0.055 0.406 0.026 0.021 0.053 0.088 0.225 1    
16:   0.018 0.019 0.031 0.015 0.043 0.019 0.007 0.044 0.043 0.042 0.719 1    
17:   0.024 0.010 0.035 0.174 0.234 0.028 0.015 0.082 0.222 0.068 0.109 1    
18:   0.024 0.020 0.044 0.135 0.110 0.040 0.285 0.013 0.129 0.058 0.141 1    
19:   0.023 0.029 0.046 0.380 0.113 0.031 0.047 0.064 0.108 0.059 0.100 1    
20:   0.014 0.031 0.036 0.015 0.035 0.015 0.027 0.019 0.019 0.025 0.765 1    
21:   0.033 0.054 0.138 0.098 0.095 0.010 0.113 0.040 0.108 0.127 0.184 1    
22:   0.006 0.007 0.007 0.008 0.006 0.926 0.007 0.009 0.008 0.007 0.009 1    
23:   0.019 0.015 0.349 0.012 0.032 0.018 0.190 0.230 0.040 0.018 0.076 1    
24:   0.032 0.018 0.027 0.019 0.033 0.009 0.042 0.024 0.024 0.028 0.743 1    
25:   0.037 0.017 0.101 0.029 0.248 0.055 0.073 0.050 0.249 0.075 0.065 1    
26:   0.019 0.014 0.395 0.028 0.183 0.050 0.027 0.040 0.161 0.017 0.065 1    
27:   0.026 0.011 0.093 0.011 0.028 0.008 0.688 0.073 0.029 0.009 0.025 1    
28:   0.011 0.022 0.326 0.031 0.117 0.069 0.024 0.201 0.100 0.085 0.014 1    
29:   0.021 0.040 0.529 0.012 0.070 0.059 0.013 0.161 0.068 0.012 0.015 1    
30:   0.019 0.010 0.029 0.049 0.108 0.017 0.486 0.024 0.130 0.014 0.113 1    
31:   0.075 0.014 0.107 0.071 0.237 0.017 0.035 0.077 0.248 0.021 0.099 1    
32:   0.034 0.009 0.083 0.021 0.262 0.026 0.020 0.110 0.287 0.033 0.116 1    
33:   0.039 0.010 0.031 0.010 0.061 0.006 0.580 0.028 0.065 0.119 0.049 1    
34:   0.024 0.017 0.071 0.043 0.080 0.046 0.148 0.086 0.123 0.022 0.339 1    
35:   0.010 0.010 0.019 0.387 0.020 0.016 0.430 0.012 0.019 0.023 0.055 1    
36:   0.023 0.015 0.035 0.089 0.128 0.009 0.151 0.043 0.100 0.167 0.240 1    
37:   0.045 0.038 0.028 0.043 0.076 0.114 0.052 0.019 0.053 0.019 0.511 1    
38:   0.014 0.024 0.220 0.036 0.059 0.078 0.272 0.053 0.067 0.020 0.156 1    
39:   0.039 0.019 0.133 0.026 0.109 0.329 0.072 0.087 0.121 0.017 0.048 1    
40:   0.022 0.103 0.080 0.016 0.084 0.097 0.045 0.214 0.095 0.031 0.213 1    
41:   0.043 0.068 0.039 0.185 0.061 0.142 0.031 0.016 0.077 0.256 0.081 1    
42:   0.114 0.032 0.128 0.081 0.173 0.011 0.032 0.110 0.218 0.024 0.078 1    
43:   0.008 0.008 0.010 0.008 0.012 0.008 0.907 0.010 0.011 0.008 0.009 1    
44:   0.016 0.012 0.049 0.049 0.360 0.025 0.012 0.092 0.278 0.055 0.051 1    
45:   0.039 0.022 0.014 0.112 0.039 0.629 0.028 0.016 0.030 0.027 0.044 1    
46:   0.057 0.034 0.043 0.033 0.061 0.011 0.597 0.073 0.047 0.013 0.030 1    
47:   0.036 0.041 0.032 0.066 0.072 0.020 0.527 0.019 0.053 0.094 0.043 1    
48:   0.020 0.022 0.085 0.027 0.067 0.028 0.608 0.028 0.062 0.043 0.010 1    
49:   0.026 0.025 0.021 0.017 0.022 0.773 0.010 0.015 0.016 0.026 0.051 1    
50:   0.014 0.015 0.018 0.019 0.025 0.829 0.013 0.019 0.021 0.011 0.015 1    
51:   0.025 0.024 0.193 0.026 0.129 0.037 0.020 0.052 0.088 0.050 0.355 1    
52:   0.051 0.020 0.020 0.020 0.147 0.022 0.172 0.022 0.119 0.081 0.325 1    
53:   0.008 0.144 0.011 0.022 0.031 0.066 0.638 0.014 0.028 0.021 0.017 1    
54:   0.622 0.031 0.021 0.036 0.055 0.020 0.034 0.055 0.053 0.018 0.054 1    
55:   0.016 0.025 0.046 0.025 0.237 0.059 0.061 0.145 0.293 0.036 0.056 1    
56:   0.016 0.027 0.014 0.015 0.013 0.010 0.801 0.012 0.016 0.007 0.069 1    
57:   0.014 0.012 0.014 0.014 0.016 0.839 0.028 0.022 0.014 0.016 0.011 1    
58:   0.098 0.052 0.081 0.029 0.144 0.020 0.088 0.179 0.158 0.023 0.128 1    
59:   0.006 0.014 0.022 0.026 0.014 0.020 0.828 0.018 0.016 0.015 0.019 1    
60:   0.102 0.043 0.029 0.071 0.043 0.057 0.011 0.098 0.045 0.037 0.464 1    
61:   0.016 0.020 0.084 0.018 0.126 0.161 0.023 0.052 0.134 0.028 0.339 1    
62:   0.019 0.015 0.016 0.016 0.019 0.781 0.062 0.024 0.017 0.016 0.015 1    
63:   0.010 0.008 0.016 0.014 0.012 0.009 0.886 0.009 0.011 0.011 0.013 1    
64:   0.018 0.010 0.012 0.016 0.017 0.810 0.046 0.014 0.020 0.016 0.020 1    
65:   0.022 0.017 0.185 0.039 0.254 0.109 0.019 0.042 0.217 0.074 0.022 1    
66:   0.017 0.012 0.015 0.026 0.026 0.027 0.425 0.016 0.037 0.028 0.372 1    
67:   0.173 0.043 0.025 0.129 0.134 0.196 0.031 0.057 0.094 0.104 0.014 1    
68:   0.015 0.009 0.011 0.015 0.016 0.017 0.611 0.013 0.020 0.010 0.263 1    
69:   0.037 0.019 0.128 0.222 0.206 0.034 0.009 0.047 0.204 0.028 0.066 1    
70:   0.031 0.014 0.040 0.021 0.023 0.790 0.009 0.021 0.021 0.011 0.019 1    
71:   0.024 0.124 0.108 0.092 0.127 0.058 0.077 0.196 0.122 0.035 0.036 1    
72:   0.036 0.023 0.047 0.047 0.114 0.053 0.412 0.096 0.124 0.029 0.017 1    
73:   0.455 0.057 0.045 0.019 0.060 0.014 0.012 0.013 0.098 0.040 0.189 1    
74:   0.009 0.008 0.015 0.503 0.021 0.009 0.345 0.024 0.023 0.008 0.034 1    
75:   0.032 0.067 0.029 0.339 0.068 0.029 0.036 0.021 0.094 0.024 0.259 1    
76:   0.051 0.036 0.108 0.039 0.102 0.015 0.047 0.017 0.081 0.465 0.041 1    
77:   0.016 0.013 0.053 0.022 0.145 0.084 0.011 0.481 0.117 0.032 0.024 1    
78:   0.018 0.030 0.092 0.034 0.133 0.081 0.108 0.072 0.124 0.022 0.286 1    
79:   0.023 0.037 0.027 0.013 0.029 0.713 0.038 0.040 0.025 0.032 0.023 1    
80:   0.010 0.051 0.759 0.010 0.050 0.008 0.008 0.013 0.048 0.020 0.021 1    
81:   0.022 0.011 0.043 0.217 0.088 0.041 0.054 0.019 0.080 0.039 0.386 1    
82:   0.009 0.014 0.096 0.019 0.112 0.451 0.029 0.053 0.123 0.018 0.077 1    
83:   0.038 0.022 0.010 0.036 0.026 0.686 0.035 0.018 0.026 0.016 0.089 1    
84:   0.011 0.018 0.026 0.043 0.088 0.022 0.027 0.015 0.082 0.044 0.626 1    
85:   0.013 0.016 0.016 0.035 0.033 0.629 0.036 0.060 0.039 0.013 0.108 1    
86:   0.037 0.027 0.088 0.191 0.115 0.064 0.163 0.105 0.107 0.034 0.068 1    
87:   0.006 0.013 0.009 0.015 0.013 0.007 0.880 0.009 0.015 0.014 0.020 1    
88:   0.038 0.039 0.085 0.101 0.106 0.232 0.035 0.153 0.118 0.035 0.057 1    
89:   0.005 0.007 0.005 0.006 0.007 0.007 0.939 0.005 0.007 0.005 0.006 1    
90:   0.033 0.203 0.070 0.028 0.181 0.011 0.038 0.192 0.104 0.039 0.102 1    
91:   0.032 0.077 0.191 0.175 0.110 0.060 0.112 0.027 0.091 0.028 0.097 1    
92:   0.014 0.018 0.020 0.607 0.056 0.014 0.111 0.024 0.082 0.017 0.038 1    
93:   0.018 0.025 0.021 0.461 0.068 0.026 0.061 0.160 0.081 0.055 0.024 1    
94:   0.018 0.007 0.016 0.011 0.019 0.021 0.052 0.022 0.018 0.009 0.806 1    
95:   0.029 0.360 0.041 0.059 0.072 0.035 0.018 0.172 0.065 0.028 0.120 1    
96:   0.010 0.023 0.018 0.640 0.021 0.012 0.195 0.017 0.026 0.013 0.025 1    
97:   0.014 0.008 0.008 0.008 0.009 0.915 0.007 0.009 0.008 0.008 0.008 1    
98:   0.011 0.018 0.017 0.023 0.031 0.009 0.174 0.011 0.028 0.062 0.616 1    
99:   0.013 0.031 0.070 0.020 0.046 0.667 0.029 0.022 0.047 0.027 0.027 1    
100:  0.011 0.008 0.006 0.007 0.009 0.912 0.008 0.009 0.008 0.008 0.015 1    
101:  0.016 0.008 0.388 0.012 0.074 0.012 0.098 0.247 0.062 0.011 0.070 1    
102:  0.007 0.011 0.185 0.021 0.069 0.551 0.015 0.029 0.051 0.029 0.031 1    
103:  0.123 0.009 0.028 0.083 0.098 0.030 0.056 0.092 0.091 0.091 0.299 1    
104:  0.017 0.085 0.396 0.021 0.185 0.036 0.011 0.027 0.181 0.017 0.024 1    
105:  0.019 0.792 0.012 0.014 0.018 0.011 0.027 0.060 0.020 0.013 0.014 1    
106:  0.170 0.069 0.040 0.089 0.177 0.011 0.090 0.018 0.153 0.134 0.049 1    
107:  0.055 0.127 0.150 0.037 0.091 0.012 0.140 0.046 0.082 0.241 0.020 1    
108:  0.202 0.309 0.054 0.049 0.071 0.026 0.011 0.048 0.062 0.148 0.020 1    
109:  0.006 0.009 0.012 0.008 0.014 0.015 0.011 0.892 0.012 0.009 0.012 1    
110:  0.031 0.037 0.176 0.013 0.075 0.008 0.008 0.015 0.062 0.531 0.045 1    
111:  0.079 0.043 0.036 0.051 0.310 0.016 0.016 0.087 0.286 0.049 0.025 1    
112:  0.051 0.254 0.043 0.070 0.190 0.042 0.015 0.149 0.140 0.037 0.009 1    
113:  0.031 0.035 0.035 0.614 0.060 0.051 0.035 0.017 0.054 0.045 0.023 1    
114:  0.720 0.060 0.032 0.016 0.039 0.032 0.014 0.021 0.025 0.032 0.009 1    
115:  0.060 0.092 0.053 0.018 0.058 0.116 0.046 0.114 0.062 0.134 0.248 1    
116:  0.102 0.073 0.320 0.031 0.115 0.025 0.009 0.047 0.147 0.107 0.024 1    
117:  0.078 0.117 0.047 0.029 0.113 0.057 0.088 0.252 0.117 0.044 0.058 1    
118:  0.733 0.015 0.022 0.013 0.032 0.016 0.051 0.017 0.034 0.043 0.024 1    
119:  0.628 0.066 0.036 0.031 0.048 0.057 0.013 0.026 0.034 0.036 0.024 1    
120:  0.020 0.069 0.030 0.018 0.034 0.013 0.020 0.714 0.041 0.027 0.014 1    
121:  0.328 0.015 0.092 0.019 0.095 0.048 0.052 0.037 0.090 0.056 0.169 1    
122:  0.311 0.024 0.051 0.054 0.125 0.010 0.027 0.062 0.096 0.204 0.036 1    
123:  0.032 0.019 0.034 0.376 0.091 0.076 0.192 0.021 0.095 0.030 0.036 1    
124:  0.420 0.054 0.066 0.018 0.049 0.116 0.042 0.028 0.071 0.123 0.013 1    
125:  0.049 0.014 0.054 0.014 0.047 0.020 0.024 0.013 0.032 0.032 0.702 1    
126:  0.046 0.011 0.028 0.041 0.077 0.010 0.062 0.021 0.082 0.181 0.441 1    
127:  0.078 0.101 0.084 0.123 0.064 0.053 0.282 0.055 0.069 0.074 0.017 1    
128:  0.133 0.076 0.054 0.164 0.078 0.199 0.058 0.045 0.095 0.086 0.011 1    
129:  0.023 0.117 0.218 0.020 0.115 0.012 0.016 0.240 0.102 0.053 0.084 1    
130:  0.040 0.029 0.077 0.038 0.170 0.008 0.396 0.025 0.153 0.047 0.017 1    
131:  0.040 0.038 0.067 0.053 0.089 0.037 0.009 0.054 0.086 0.043 0.483 1    
132:  0.844 0.054 0.011 0.008 0.015 0.017 0.007 0.013 0.009 0.013 0.009 1    
133:  0.094 0.063 0.129 0.011 0.047 0.006 0.007 0.033 0.072 0.494 0.044 1    
134:  0.089 0.244 0.034 0.051 0.069 0.138 0.133 0.087 0.077 0.043 0.036 1    
135:  0.009 0.007 0.010 0.010 0.010 0.011 0.005 0.910 0.012 0.009 0.008 1    
136:  0.067 0.025 0.073 0.281 0.050 0.028 0.152 0.027 0.066 0.056 0.174 1    
137:  0.064 0.046 0.294 0.016 0.087 0.016 0.013 0.189 0.070 0.187 0.018 1    
138:  0.014 0.016 0.011 0.661 0.020 0.041 0.010 0.009 0.025 0.186 0.008 1    
139:  0.014 0.025 0.054 0.016 0.341 0.011 0.013 0.049 0.330 0.093 0.054 1    
140:  0.187 0.090 0.117 0.016 0.090 0.035 0.011 0.184 0.106 0.116 0.048 1    
141:  0.038 0.763 0.016 0.011 0.043 0.011 0.013 0.030 0.042 0.022 0.010 1    
142:  0.840 0.011 0.013 0.012 0.017 0.018 0.012 0.018 0.015 0.016 0.026 1    
143:  0.034 0.402 0.082 0.016 0.082 0.009 0.009 0.021 0.084 0.250 0.011 1    
144:  0.041 0.023 0.057 0.063 0.103 0.029 0.026 0.020 0.092 0.515 0.032 1    
145:  0.021 0.013 0.065 0.224 0.158 0.045 0.157 0.034 0.141 0.077 0.064 1    
146:  0.035 0.030 0.082 0.024 0.090 0.010 0.055 0.087 0.126 0.152 0.309 1    
147:  0.015 0.011 0.021 0.012 0.020 0.006 0.058 0.015 0.026 0.024 0.792 1    
148:  0.048 0.047 0.120 0.104 0.235 0.025 0.021 0.023 0.243 0.078 0.056 1    
149:  0.019 0.127 0.095 0.235 0.111 0.012 0.028 0.028 0.148 0.164 0.033 1    
150:  0.041 0.039 0.073 0.053 0.126 0.026 0.049 0.360 0.138 0.052 0.043 1    
151:  0.041 0.272 0.150 0.011 0.043 0.025 0.009 0.036 0.046 0.276 0.091 1    
152:  0.058 0.048 0.053 0.066 0.150 0.023 0.267 0.027 0.137 0.122 0.049 1    
153:  0.023 0.014 0.281 0.029 0.133 0.013 0.022 0.047 0.158 0.055 0.225 1    
154:  0.018 0.047 0.138 0.204 0.090 0.318 0.024 0.040 0.075 0.032 0.014 1    
155:  0.061 0.049 0.103 0.035 0.175 0.019 0.024 0.041 0.184 0.033 0.276 1    
156:  0.014 0.021 0.238 0.021 0.089 0.009 0.014 0.069 0.124 0.368 0.033 1    
157:  0.033 0.043 0.121 0.054 0.091 0.042 0.024 0.058 0.094 0.110 0.330 1    
158:  0.029 0.022 0.090 0.047 0.115 0.057 0.045 0.032 0.099 0.030 0.434 1    
159:  0.028 0.021 0.119 0.017 0.313 0.007 0.026 0.030 0.347 0.051 0.042 1    
160:  0.025 0.033 0.120 0.038 0.182 0.020 0.033 0.029 0.230 0.247 0.043 1    
161:  0.013 0.015 0.473 0.043 0.085 0.020 0.057 0.054 0.113 0.085 0.043 1    
162:  0.238 0.027 0.021 0.042 0.160 0.065 0.021 0.048 0.169 0.091 0.119 1    
163:  0.032 0.047 0.130 0.054 0.069 0.352 0.111 0.033 0.095 0.040 0.038 1    
164:  0.034 0.490 0.019 0.007 0.018 0.010 0.007 0.011 0.017 0.349 0.038 1    
165:  0.034 0.009 0.023 0.019 0.037 0.018 0.067 0.014 0.043 0.023 0.712 1    
166:  0.021 0.216 0.040 0.126 0.140 0.024 0.138 0.047 0.124 0.052 0.071 1    
167:  0.017 0.131 0.062 0.078 0.257 0.022 0.053 0.096 0.182 0.086 0.015 1    
168:  0.033 0.166 0.038 0.037 0.294 0.014 0.011 0.043 0.217 0.113 0.034 1    
169:  0.010 0.014 0.440 0.011 0.146 0.011 0.010 0.025 0.125 0.039 0.169 1    
170:  0.022 0.133 0.113 0.405 0.089 0.029 0.030 0.030 0.060 0.064 0.025 1    
171:  0.090 0.166 0.075 0.032 0.104 0.102 0.009 0.049 0.100 0.240 0.033 1    
172:  0.028 0.011 0.024 0.028 0.031 0.030 0.046 0.015 0.034 0.020 0.731 1    
173:  0.045 0.028 0.374 0.025 0.147 0.007 0.044 0.157 0.100 0.024 0.050 1    
174:  0.138 0.057 0.051 0.016 0.080 0.024 0.020 0.019 0.057 0.053 0.486 1    
175:  0.009 0.016 0.660 0.010 0.045 0.006 0.026 0.148 0.057 0.011 0.012 1    
176:  0.017 0.027 0.036 0.775 0.028 0.016 0.020 0.013 0.036 0.015 0.017 1    
177:  0.085 0.012 0.026 0.016 0.028 0.010 0.011 0.031 0.035 0.328 0.417 1    
178:  0.044 0.349 0.088 0.053 0.125 0.032 0.075 0.049 0.110 0.047 0.028 1    
179:  0.051 0.065 0.048 0.238 0.055 0.243 0.020 0.093 0.061 0.074 0.053 1    
180:  0.039 0.010 0.013 0.834 0.027 0.009 0.008 0.018 0.016 0.014 0.012 1    
181:  0.095 0.090 0.046 0.059 0.061 0.053 0.016 0.035 0.069 0.465 0.012 1    
182:  0.037 0.015 0.062 0.211 0.205 0.015 0.032 0.052 0.196 0.092 0.084 1    
183:  0.008 0.012 0.009 0.009 0.009 0.014 0.007 0.903 0.012 0.009 0.007 1    
184:  0.130 0.017 0.055 0.133 0.108 0.021 0.021 0.073 0.109 0.266 0.066 1    
185:  0.040 0.044 0.061 0.058 0.286 0.009 0.012 0.022 0.280 0.130 0.057 1    
186:  0.017 0.060 0.076 0.045 0.211 0.014 0.013 0.260 0.191 0.071 0.044 1    
187:  0.033 0.017 0.131 0.031 0.102 0.121 0.245 0.144 0.096 0.056 0.024 1    
188:  0.037 0.778 0.012 0.014 0.019 0.012 0.007 0.010 0.023 0.077 0.011 1    
189:  0.018 0.041 0.029 0.049 0.071 0.027 0.045 0.606 0.055 0.038 0.021 1    
190:  0.020 0.150 0.184 0.021 0.114 0.019 0.010 0.059 0.088 0.240 0.095 1    
191:  0.024 0.014 0.105 0.061 0.177 0.022 0.031 0.044 0.184 0.072 0.263 1    
192:  0.341 0.038 0.079 0.045 0.104 0.016 0.030 0.049 0.194 0.062 0.040 1    
193:  0.008 0.012 0.013 0.015 0.010 0.011 0.009 0.884 0.013 0.009 0.015 1    
194:  0.017 0.013 0.306 0.083 0.088 0.114 0.023 0.147 0.103 0.027 0.079 1    
195:  0.084 0.797 0.012 0.010 0.010 0.020 0.011 0.010 0.014 0.020 0.013 1    
196:  0.035 0.108 0.022 0.114 0.043 0.512 0.022 0.023 0.046 0.047 0.027 1    
197:  0.024 0.674 0.026 0.010 0.055 0.010 0.027 0.043 0.051 0.057 0.026 1    
198:  0.022 0.060 0.101 0.122 0.226 0.014 0.013 0.034 0.194 0.080 0.135 1    
199:  0.040 0.421 0.091 0.014 0.060 0.007 0.063 0.040 0.069 0.171 0.025 1    
200:  0.033 0.046 0.137 0.245 0.087 0.022 0.024 0.060 0.125 0.111 0.110 1    
201:  0.207 0.071 0.161 0.126 0.146 0.039 0.013 0.024 0.150 0.037 0.025 1    
202:  0.174 0.044 0.250 0.021 0.133 0.045 0.024 0.054 0.177 0.048 0.029 1    
203:  0.104 0.018 0.154 0.078 0.126 0.042 0.040 0.019 0.138 0.138 0.143 1    
204:  0.009 0.892 0.010 0.018 0.010 0.010 0.015 0.008 0.010 0.011 0.007 1    
205:  0.013 0.036 0.342 0.018 0.211 0.011 0.020 0.029 0.260 0.048 0.012 1    
206:  0.016 0.027 0.138 0.387 0.061 0.050 0.036 0.025 0.044 0.021 0.196 1    
207:  0.101 0.019 0.068 0.174 0.141 0.139 0.018 0.017 0.122 0.038 0.164 1    
208:  0.043 0.418 0.048 0.026 0.123 0.027 0.021 0.059 0.115 0.086 0.035 1    
209:  0.031 0.124 0.153 0.057 0.111 0.032 0.031 0.091 0.146 0.135 0.087 1    
210:  0.033 0.012 0.025 0.099 0.034 0.672 0.011 0.016 0.043 0.012 0.043 1    
211:  0.020 0.011 0.020 0.632 0.044 0.028 0.013 0.013 0.043 0.146 0.030 1    
212:  0.050 0.027 0.042 0.635 0.046 0.021 0.017 0.026 0.059 0.042 0.035 1    
213:  0.012 0.053 0.192 0.042 0.169 0.053 0.079 0.058 0.153 0.126 0.064 1    
214:  0.041 0.057 0.039 0.022 0.045 0.040 0.026 0.662 0.038 0.015 0.014 1    
215:  0.035 0.015 0.011 0.753 0.017 0.011 0.070 0.011 0.039 0.021 0.018 1    
216:  0.007 0.050 0.010 0.008 0.455 0.009 0.008 0.021 0.412 0.010 0.009 1    
217:  0.022 0.072 0.377 0.052 0.070 0.077 0.062 0.110 0.065 0.040 0.052 1    
218:  0.015 0.019 0.116 0.646 0.049 0.017 0.019 0.034 0.030 0.041 0.013 1    
219:  0.274 0.030 0.097 0.143 0.153 0.019 0.020 0.025 0.138 0.045 0.054 1    
220:  0.211 0.140 0.113 0.030 0.104 0.017 0.009 0.081 0.122 0.099 0.074 1    
221:  0.010 0.018 0.533 0.030 0.091 0.047 0.013 0.041 0.109 0.030 0.076 1    
222:  0.052 0.252 0.117 0.137 0.101 0.039 0.022 0.056 0.092 0.061 0.072 1    
223:  0.370 0.031 0.040 0.138 0.072 0.019 0.037 0.028 0.074 0.167 0.024 1    
224:  0.031 0.011 0.265 0.078 0.166 0.138 0.051 0.015 0.127 0.017 0.101 1    
225:  0.037 0.033 0.032 0.454 0.119 0.026 0.019 0.013 0.107 0.100 0.061 1    
226:  0.015 0.101 0.254 0.047 0.128 0.010 0.041 0.136 0.176 0.078 0.013 1    
227:  0.862 0.015 0.010 0.016 0.016 0.011 0.016 0.010 0.013 0.012 0.021 1    
228:  0.007 0.010 0.011 0.013 0.461 0.007 0.007 0.016 0.426 0.023 0.019 1    
229:  0.070 0.027 0.032 0.231 0.115 0.061 0.121 0.031 0.086 0.119 0.106 1    
230:  0.258 0.055 0.184 0.015 0.199 0.025 0.013 0.018 0.182 0.026 0.024 1    
231:  0.024 0.025 0.013 0.783 0.031 0.006 0.012 0.020 0.053 0.020 0.011 1    
232:  0.025 0.015 0.017 0.157 0.078 0.020 0.460 0.027 0.100 0.079 0.021 1    
233:  0.019 0.014 0.026 0.559 0.044 0.070 0.019 0.020 0.044 0.173 0.013 1    
234:  0.015 0.221 0.097 0.100 0.094 0.007 0.012 0.013 0.077 0.303 0.061 1    
235:  0.077 0.044 0.044 0.018 0.361 0.010 0.012 0.017 0.332 0.061 0.024 1    
236:  0.019 0.030 0.048 0.078 0.106 0.009 0.019 0.116 0.114 0.437 0.023 1    
237:  0.013 0.674 0.024 0.020 0.037 0.023 0.019 0.124 0.036 0.013 0.018 1    
238:  0.014 0.216 0.062 0.376 0.041 0.017 0.079 0.050 0.067 0.064 0.014 1    
239:  0.023 0.045 0.059 0.024 0.136 0.026 0.054 0.142 0.138 0.311 0.043 1    
240:  0.010 0.042 0.026 0.026 0.028 0.012 0.015 0.013 0.023 0.774 0.030 1    
241:  0.147 0.042 0.481 0.019 0.066 0.007 0.043 0.029 0.062 0.090 0.014 1    
242:  0.046 0.106 0.049 0.011 0.197 0.005 0.015 0.119 0.250 0.038 0.164 1    
243:  0.012 0.824 0.014 0.023 0.017 0.013 0.025 0.017 0.014 0.027 0.014 1    
244:  0.030 0.046 0.024 0.020 0.037 0.021 0.020 0.010 0.030 0.732 0.030 1    
245:  0.052 0.053 0.056 0.021 0.044 0.011 0.030 0.013 0.032 0.673 0.016 1    
246:  0.019 0.008 0.110 0.381 0.117 0.008 0.009 0.042 0.128 0.116 0.061 1    
247:  0.008 0.015 0.064 0.012 0.049 0.020 0.015 0.063 0.056 0.681 0.016 1    
248:  0.250 0.192 0.077 0.022 0.072 0.018 0.013 0.028 0.070 0.221 0.038 1    
249:  0.013 0.018 0.025 0.411 0.082 0.043 0.016 0.055 0.067 0.211 0.060 1    
250:  0.057 0.137 0.037 0.046 0.066 0.080 0.280 0.054 0.060 0.050 0.133 1    
251:  0.060 0.022 0.053 0.167 0.189 0.042 0.020 0.060 0.242 0.083 0.063 1    
252:  0.033 0.048 0.169 0.027 0.218 0.015 0.019 0.050 0.187 0.107 0.127 1    
253:  0.042 0.076 0.035 0.577 0.058 0.038 0.040 0.032 0.065 0.023 0.014 1    
254:  0.048 0.040 0.090 0.191 0.184 0.036 0.025 0.046 0.230 0.079 0.031 1    
255:  0.011 0.783 0.022 0.019 0.024 0.008 0.020 0.017 0.029 0.020 0.046 1    
256:  0.031 0.037 0.084 0.141 0.188 0.020 0.030 0.184 0.189 0.041 0.055 1    
257:  0.132 0.052 0.179 0.016 0.136 0.022 0.026 0.065 0.130 0.113 0.130 1    
258:  0.013 0.370 0.043 0.048 0.056 0.245 0.026 0.065 0.064 0.059 0.010 1    
259:  0.060 0.074 0.062 0.111 0.212 0.053 0.014 0.015 0.213 0.135 0.051 1    
260:  0.044 0.026 0.125 0.093 0.142 0.024 0.031 0.066 0.161 0.023 0.265 1    
261:  0.057 0.264 0.221 0.037 0.066 0.036 0.025 0.048 0.072 0.129 0.045 1    
262:  0.022 0.009 0.458 0.179 0.087 0.050 0.055 0.023 0.056 0.047 0.014 1    
263:  0.016 0.018 0.058 0.021 0.046 0.012 0.034 0.614 0.046 0.123 0.014 1    
264:  0.062 0.027 0.056 0.029 0.076 0.023 0.028 0.260 0.078 0.321 0.040 1    
265:  0.047 0.066 0.246 0.185 0.109 0.017 0.018 0.057 0.092 0.067 0.096 1    
266:  0.011 0.744 0.023 0.036 0.043 0.011 0.021 0.020 0.035 0.041 0.014 1    
267:  0.014 0.027 0.144 0.150 0.085 0.081 0.289 0.049 0.097 0.025 0.038 1    
268:  0.018 0.042 0.196 0.193 0.170 0.025 0.018 0.021 0.215 0.081 0.021 1    
269:  0.037 0.268 0.074 0.020 0.085 0.304 0.011 0.020 0.101 0.057 0.022 1    
270:  0.013 0.016 0.035 0.013 0.016 0.017 0.012 0.010 0.027 0.830 0.011 1    
271:  0.015 0.856 0.010 0.020 0.009 0.013 0.012 0.031 0.011 0.011 0.012 1    
272:  0.033 0.023 0.157 0.270 0.059 0.019 0.014 0.026 0.077 0.309 0.013 1    
273:  0.036 0.070 0.343 0.013 0.125 0.042 0.011 0.032 0.108 0.138 0.080 1    
274:  0.020 0.670 0.030 0.029 0.060 0.019 0.045 0.018 0.047 0.034 0.028 1    
275:  0.037 0.011 0.091 0.037 0.255 0.015 0.040 0.025 0.311 0.129 0.050 1    
276:  0.628 0.037 0.019 0.014 0.037 0.128 0.041 0.035 0.034 0.014 0.013 1    
277:  0.015 0.020 0.297 0.331 0.095 0.031 0.054 0.022 0.065 0.052 0.018 1    
278:  0.127 0.080 0.085 0.051 0.241 0.028 0.015 0.028 0.245 0.036 0.064 1    
279:  0.049 0.038 0.298 0.051 0.136 0.039 0.031 0.108 0.193 0.030 0.028 1    
280:  0.235 0.036 0.116 0.054 0.155 0.015 0.038 0.026 0.161 0.081 0.083 1    
281:  0.012 0.058 0.432 0.014 0.063 0.016 0.016 0.282 0.072 0.018 0.017 1    
282:  0.024 0.032 0.214 0.042 0.115 0.031 0.013 0.292 0.119 0.065 0.053 1    
283:  0.851 0.016 0.013 0.008 0.019 0.009 0.011 0.018 0.018 0.014 0.023 1    
284:  0.363 0.111 0.045 0.019 0.112 0.082 0.013 0.018 0.125 0.092 0.019 1    
285:  0.026 0.040 0.015 0.080 0.038 0.040 0.018 0.021 0.038 0.666 0.019 1    
286:  0.441 0.018 0.077 0.012 0.196 0.018 0.014 0.034 0.136 0.021 0.032 1    
287:  0.012 0.019 0.092 0.062 0.119 0.077 0.051 0.044 0.118 0.382 0.024 1    
288:  0.077 0.349 0.034 0.138 0.062 0.094 0.038 0.018 0.092 0.080 0.018 1    
289:  0.479 0.065 0.029 0.039 0.066 0.140 0.012 0.015 0.078 0.022 0.054 1    
290:  0.014 0.148 0.407 0.011 0.080 0.015 0.020 0.154 0.079 0.044 0.028 1    
291:  0.607 0.038 0.061 0.021 0.041 0.052 0.011 0.030 0.039 0.046 0.053 1    
292:  0.014 0.114 0.061 0.029 0.096 0.032 0.009 0.420 0.107 0.079 0.040 1    
293:  0.132 0.160 0.079 0.060 0.124 0.131 0.122 0.020 0.119 0.035 0.019 1    
294:  0.013 0.013 0.012 0.011 0.019 0.022 0.011 0.008 0.014 0.011 0.865 1    
295:  0.812 0.011 0.018 0.017 0.025 0.033 0.013 0.011 0.023 0.017 0.019 1    
296:  0.076 0.160 0.061 0.019 0.122 0.023 0.016 0.018 0.111 0.220 0.173 1    
297:  0.439 0.077 0.062 0.016 0.036 0.026 0.007 0.014 0.059 0.154 0.109 1    
298:  0.061 0.026 0.338 0.231 0.085 0.015 0.091 0.025 0.063 0.041 0.023 1    
299:  0.408 0.251 0.034 0.030 0.053 0.014 0.009 0.014 0.036 0.087 0.063 1    
300:  0.044 0.168 0.074 0.017 0.124 0.015 0.019 0.167 0.126 0.148 0.097 1    
301:  0.507 0.023 0.136 0.051 0.073 0.035 0.017 0.025 0.074 0.040 0.020 1    
302:  0.017 0.102 0.026 0.056 0.047 0.009 0.010 0.026 0.042 0.610 0.053 1    
303:  0.092 0.013 0.152 0.050 0.100 0.023 0.156 0.225 0.120 0.038 0.030 1    
304:  0.773 0.012 0.012 0.011 0.018 0.009 0.047 0.012 0.020 0.011 0.074 1    
305:  0.283 0.020 0.059 0.049 0.096 0.047 0.074 0.117 0.094 0.064 0.095 1    
306:  0.024 0.736 0.021 0.031 0.036 0.010 0.014 0.012 0.045 0.029 0.042 1    
307:  0.724 0.069 0.017 0.027 0.040 0.008 0.008 0.008 0.033 0.046 0.020 1    
308:  0.011 0.017 0.030 0.015 0.031 0.014 0.008 0.801 0.030 0.015 0.028 1    
309:  0.860 0.010 0.008 0.012 0.032 0.008 0.010 0.013 0.017 0.012 0.019 1    
310:  0.458 0.071 0.037 0.059 0.088 0.020 0.036 0.025 0.103 0.061 0.040 1    
311:  0.023 0.067 0.067 0.075 0.293 0.009 0.024 0.057 0.313 0.044 0.027 1    
312:  0.036 0.034 0.028 0.027 0.346 0.023 0.021 0.018 0.338 0.091 0.038 1    
313:  0.075 0.026 0.078 0.031 0.190 0.093 0.127 0.090 0.151 0.031 0.109 1    
314:  0.447 0.060 0.041 0.038 0.115 0.023 0.014 0.017 0.086 0.139 0.020 1    
315:  0.246 0.024 0.069 0.093 0.140 0.052 0.044 0.029 0.142 0.113 0.049 1    
316:  0.022 0.076 0.131 0.153 0.180 0.021 0.033 0.070 0.141 0.125 0.049 1    
317:  0.770 0.012 0.024 0.013 0.039 0.019 0.017 0.013 0.047 0.018 0.027 1    
318:  0.136 0.378 0.046 0.026 0.051 0.244 0.008 0.046 0.035 0.020 0.011 1    
319:  0.014 0.037 0.538 0.014 0.163 0.009 0.014 0.042 0.081 0.044 0.044 1    
320:  0.042 0.044 0.169 0.023 0.262 0.007 0.025 0.044 0.285 0.048 0.051 1    
321:  0.017 0.016 0.092 0.046 0.096 0.052 0.444 0.073 0.117 0.026 0.022 1    
322:  0.082 0.022 0.044 0.060 0.305 0.044 0.020 0.096 0.215 0.046 0.067 1    
323:  0.425 0.179 0.036 0.023 0.057 0.013 0.016 0.132 0.077 0.028 0.014 1    
324:  0.777 0.035 0.016 0.028 0.028 0.008 0.013 0.011 0.032 0.028 0.026 1    
325:  0.014 0.244 0.091 0.037 0.071 0.094 0.014 0.306 0.080 0.030 0.018 1    
326:  0.097 0.028 0.031 0.395 0.048 0.184 0.011 0.043 0.040 0.095 0.028 1    
327:  0.065 0.044 0.031 0.277 0.069 0.288 0.014 0.033 0.079 0.083 0.017 1    
328:  0.026 0.334 0.021 0.021 0.029 0.009 0.017 0.437 0.059 0.028 0.019 1    
329:  0.175 0.647 0.011 0.029 0.021 0.012 0.011 0.047 0.021 0.012 0.014 1    
330:  0.030 0.022 0.084 0.438 0.070 0.043 0.124 0.020 0.075 0.059 0.036 1    
331:  0.721 0.012 0.016 0.071 0.044 0.011 0.024 0.009 0.024 0.034 0.033 1    
332:  0.030 0.048 0.047 0.061 0.085 0.038 0.049 0.037 0.080 0.502 0.024 1    
333:  0.090 0.030 0.108 0.207 0.137 0.144 0.021 0.036 0.119 0.025 0.083 1    
334:  0.894 0.008 0.010 0.021 0.009 0.009 0.006 0.010 0.011 0.010 0.012 1    
335:  0.009 0.025 0.471 0.072 0.086 0.106 0.013 0.038 0.085 0.086 0.011 1    
336:  0.159 0.098 0.106 0.049 0.137 0.012 0.058 0.054 0.144 0.077 0.104 1    
337:  0.007 0.013 0.013 0.631 0.030 0.035 0.040 0.056 0.025 0.142 0.008 1    
338:  0.025 0.012 0.064 0.290 0.073 0.133 0.093 0.028 0.052 0.027 0.203 1    
339:  0.073 0.012 0.059 0.041 0.161 0.011 0.041 0.025 0.195 0.365 0.017 1    
340:  0.045 0.019 0.109 0.271 0.128 0.015 0.017 0.046 0.171 0.029 0.149 1    
341:  0.809 0.037 0.011 0.018 0.017 0.023 0.014 0.017 0.018 0.015 0.022 1    
342:  0.160 0.566 0.024 0.037 0.034 0.030 0.008 0.060 0.035 0.018 0.028 1    
343:  0.036 0.007 0.028 0.019 0.237 0.039 0.034 0.060 0.269 0.261 0.011 1    
344:  0.097 0.095 0.067 0.116 0.185 0.016 0.024 0.053 0.247 0.053 0.048 1    
345:  0.099 0.040 0.087 0.011 0.122 0.063 0.038 0.328 0.094 0.046 0.074 1    
346:  0.012 0.053 0.059 0.409 0.182 0.012 0.048 0.030 0.129 0.034 0.031 1    
347:  0.023 0.012 0.074 0.516 0.068 0.055 0.020 0.035 0.075 0.031 0.090 1    
348:  0.027 0.084 0.124 0.095 0.153 0.017 0.017 0.102 0.154 0.046 0.181 1    
349:  0.190 0.015 0.105 0.127 0.133 0.011 0.030 0.114 0.190 0.029 0.056 1    
350:  0.064 0.478 0.017 0.061 0.110 0.019 0.029 0.051 0.090 0.040 0.041 1    
351:  0.141 0.027 0.049 0.021 0.246 0.010 0.025 0.027 0.273 0.125 0.056 1    
352:  0.025 0.018 0.054 0.078 0.045 0.041 0.015 0.016 0.061 0.603 0.044 1    
                                      
                                      
1:    0.023 0.052 0.071 0.024 0.064 0.040 0.098 0.493 0.059 0.034 0.041 1    
2:    0.070 0.041 0.193 0.046 0.062 0.064 0.109 0.119 0.173 0.067 0.055 1    
3:    0.049 0.060 0.076 0.040 0.143 0.170 0.150 0.080 0.094 0.067 0.071 1    
4:    0.019 0.056 0.034 0.027 0.055 0.668 0.023 0.033 0.027 0.023 0.036 1    
5:    0.031 0.058 0.050 0.032 0.063 0.022 0.500 0.041 0.063 0.110 0.030 1    
6:    0.148 0.062 0.080 0.062 0.104 0.030 0.195 0.027 0.130 0.046 0.116 1    
7:    0.042 0.125 0.065 0.046 0.036 0.148 0.195 0.171 0.072 0.034 0.065 1    
8:    0.014 0.067 0.146 0.023 0.280 0.082 0.033 0.033 0.137 0.109 0.077 1    
9:    0.075 0.046 0.090 0.041 0.245 0.039 0.046 0.090 0.086 0.146 0.096 1    
10:   0.047 0.032 0.102 0.038 0.045 0.031 0.402 0.061 0.118 0.074 0.050 1    
11:   0.029 0.027 0.028 0.406 0.039 0.311 0.024 0.035 0.037 0.043 0.021 1    
12:   0.027 0.243 0.124 0.108 0.078 0.016 0.107 0.033 0.162 0.070 0.032 1    
13:   0.012 0.020 0.051 0.016 0.072 0.182 0.031 0.362 0.058 0.170 0.028 1    
14:   0.131 0.021 0.082 0.038 0.048 0.023 0.278 0.017 0.114 0.027 0.220 1    
15:   0.024 0.352 0.113 0.027 0.040 0.024 0.020 0.213 0.058 0.025 0.104 1    
16:   0.031 0.028 0.074 0.025 0.032 0.011 0.047 0.636 0.044 0.021 0.050 1    
17:   0.013 0.029 0.169 0.038 0.105 0.019 0.102 0.135 0.161 0.202 0.027 1    
18:   0.027 0.046 0.082 0.029 0.064 0.254 0.026 0.199 0.111 0.115 0.047 1    
19:   0.041 0.044 0.092 0.032 0.214 0.077 0.070 0.113 0.103 0.176 0.037 1    
20:   0.031 0.019 0.092 0.018 0.053 0.039 0.026 0.607 0.035 0.029 0.052 1    
21:   0.067 0.013 0.139 0.044 0.133 0.128 0.046 0.141 0.071 0.069 0.151 1    
22:   0.010 0.887 0.010 0.010 0.012 0.012 0.014 0.013 0.011 0.013 0.009 1    
23:   0.016 0.024 0.048 0.032 0.022 0.167 0.392 0.070 0.052 0.032 0.145 1    
24:   0.027 0.016 0.060 0.045 0.041 0.048 0.043 0.617 0.052 0.029 0.021 1    
25:   0.030 0.036 0.135 0.054 0.091 0.098 0.130 0.047 0.194 0.103 0.080 1    
26:   0.019 0.096 0.102 0.022 0.074 0.039 0.034 0.043 0.127 0.028 0.417 1    
27:   0.013 0.011 0.034 0.039 0.041 0.572 0.122 0.041 0.046 0.021 0.059 1    
28:   0.025 0.103 0.128 0.014 0.029 0.043 0.298 0.021 0.124 0.068 0.147 1    
29:   0.029 0.061 0.095 0.029 0.061 0.014 0.211 0.018 0.089 0.019 0.374 1    
30:   0.017 0.023 0.084 0.035 0.061 0.418 0.048 0.139 0.110 0.043 0.022 1    
31:   0.018 0.025 0.149 0.077 0.210 0.043 0.054 0.092 0.204 0.043 0.087 1    
32:   0.013 0.018 0.153 0.053 0.036 0.028 0.270 0.074 0.232 0.101 0.022 1    
33:   0.017 0.008 0.084 0.103 0.055 0.430 0.044 0.106 0.094 0.030 0.029 1    
34:   0.023 0.047 0.075 0.035 0.052 0.123 0.109 0.328 0.096 0.050 0.062 1    
35:   0.012 0.018 0.029 0.014 0.127 0.494 0.017 0.070 0.023 0.174 0.022 1    
36:   0.023 0.017 0.116 0.029 0.076 0.109 0.047 0.369 0.101 0.085 0.028 1    
37:   0.033 0.130 0.056 0.057 0.040 0.036 0.036 0.471 0.069 0.041 0.031 1    
38:   0.020 0.095 0.064 0.018 0.063 0.284 0.084 0.117 0.071 0.040 0.145 1    
39:   0.024 0.342 0.076 0.033 0.058 0.092 0.129 0.041 0.086 0.031 0.087 1    
40:   0.094 0.125 0.078 0.031 0.042 0.054 0.107 0.217 0.093 0.029 0.129 1    
41:   0.061 0.111 0.091 0.038 0.077 0.041 0.019 0.121 0.068 0.330 0.043 1    
42:   0.038 0.015 0.160 0.140 0.068 0.031 0.141 0.064 0.180 0.051 0.111 1    
43:   0.015 0.014 0.015 0.017 0.016 0.848 0.015 0.014 0.015 0.013 0.018 1    
44:   0.015 0.033 0.152 0.019 0.035 0.019 0.220 0.039 0.288 0.156 0.025 1    
45:   0.027 0.506 0.039 0.066 0.078 0.037 0.021 0.061 0.041 0.103 0.022 1    
46:   0.056 0.014 0.061 0.095 0.096 0.389 0.106 0.030 0.078 0.042 0.032 1    
47:   0.055 0.026 0.071 0.037 0.055 0.476 0.021 0.058 0.063 0.093 0.046 1    
48:   0.028 0.035 0.057 0.027 0.040 0.542 0.047 0.020 0.075 0.052 0.077 1    
49:   0.026 0.695 0.031 0.032 0.026 0.013 0.015 0.069 0.028 0.033 0.032 1    
50:   0.024 0.765 0.025 0.029 0.026 0.019 0.020 0.024 0.027 0.021 0.020 1    
51:   0.024 0.042 0.146 0.024 0.056 0.024 0.042 0.303 0.089 0.025 0.223 1    
52:   0.026 0.022 0.112 0.064 0.026 0.164 0.028 0.359 0.135 0.037 0.027 1    
53:   0.106 0.094 0.035 0.014 0.022 0.605 0.021 0.021 0.039 0.027 0.016 1    
54:   0.047 0.026 0.054 0.532 0.034 0.037 0.057 0.102 0.050 0.034 0.027 1    
55:   0.041 0.047 0.124 0.023 0.041 0.069 0.302 0.050 0.220 0.057 0.025 1    
56:   0.034 0.015 0.020 0.027 0.022 0.745 0.017 0.065 0.024 0.016 0.016 1    
57:   0.019 0.772 0.019 0.018 0.026 0.047 0.028 0.012 0.023 0.023 0.014 1    
58:   0.072 0.031 0.082 0.138 0.083 0.079 0.140 0.161 0.104 0.038 0.073 1    
59:   0.019 0.025 0.019 0.009 0.029 0.782 0.020 0.025 0.019 0.024 0.027 1    
60:   0.041 0.074 0.060 0.127 0.068 0.013 0.102 0.359 0.056 0.061 0.039 1    
61:   0.027 0.218 0.087 0.021 0.067 0.027 0.082 0.214 0.136 0.033 0.087 1    
62:   0.018 0.710 0.020 0.035 0.021 0.076 0.033 0.017 0.019 0.032 0.020 1    
63:   0.013 0.011 0.015 0.015 0.021 0.842 0.013 0.015 0.015 0.017 0.021 1    
64:   0.018 0.744 0.018 0.026 0.019 0.063 0.020 0.028 0.023 0.024 0.017 1    
65:   0.023 0.171 0.151 0.029 0.085 0.027 0.052 0.046 0.174 0.069 0.175 1    
66:   0.015 0.026 0.027 0.021 0.023 0.392 0.015 0.401 0.023 0.038 0.019 1    
67:   0.044 0.222 0.090 0.183 0.057 0.038 0.068 0.022 0.081 0.162 0.033 1    
68:   0.016 0.027 0.021 0.019 0.019 0.517 0.020 0.305 0.026 0.011 0.017 1    
69:   0.043 0.043 0.145 0.074 0.070 0.010 0.079 0.112 0.203 0.076 0.146 1    
70:   0.021 0.742 0.020 0.041 0.016 0.013 0.039 0.028 0.025 0.026 0.029 1    
71:   0.136 0.080 0.088 0.029 0.132 0.086 0.120 0.030 0.092 0.054 0.153 1    
72:   0.031 0.059 0.100 0.048 0.059 0.284 0.154 0.026 0.139 0.041 0.058 1    
73:   0.044 0.031 0.096 0.341 0.069 0.014 0.022 0.259 0.049 0.022 0.053 1    
74:   0.015 0.019 0.036 0.014 0.231 0.422 0.046 0.035 0.027 0.135 0.020 1    
75:   0.088 0.041 0.086 0.048 0.180 0.066 0.032 0.233 0.081 0.105 0.042 1    
76:   0.055 0.024 0.181 0.056 0.145 0.069 0.021 0.074 0.100 0.132 0.144 1    
77:   0.017 0.100 0.088 0.020 0.042 0.014 0.441 0.039 0.130 0.045 0.063 1    
78:   0.046 0.049 0.148 0.025 0.046 0.111 0.182 0.164 0.114 0.068 0.048 1    
79:   0.049 0.650 0.042 0.035 0.036 0.045 0.028 0.020 0.032 0.021 0.042 1    
80:   0.040 0.015 0.034 0.011 0.031 0.016 0.024 0.025 0.028 0.018 0.758 1    
81:   0.015 0.031 0.044 0.028 0.248 0.051 0.029 0.287 0.053 0.185 0.029 1    
82:   0.022 0.416 0.089 0.012 0.027 0.032 0.168 0.035 0.091 0.058 0.049 1    
83:   0.031 0.566 0.025 0.058 0.046 0.044 0.023 0.097 0.039 0.056 0.014 1    
84:   0.025 0.033 0.136 0.016 0.043 0.047 0.024 0.512 0.060 0.043 0.060 1    
85:   0.023 0.594 0.034 0.018 0.036 0.063 0.049 0.105 0.033 0.030 0.014 1    
86:   0.039 0.071 0.083 0.045 0.226 0.128 0.105 0.028 0.114 0.092 0.069 1    
87:   0.019 0.011 0.018 0.010 0.017 0.820 0.015 0.021 0.023 0.030 0.016 1    
88:   0.057 0.292 0.064 0.031 0.150 0.050 0.104 0.045 0.070 0.061 0.075 1    
89:   0.010 0.011 0.009 0.009 0.009 0.905 0.009 0.011 0.009 0.010 0.008 1    
90:   0.152 0.017 0.147 0.040 0.059 0.051 0.175 0.097 0.139 0.029 0.093 1    
91:   0.094 0.076 0.089 0.033 0.073 0.131 0.028 0.073 0.099 0.088 0.216 1    
92:   0.028 0.026 0.067 0.022 0.226 0.201 0.040 0.053 0.095 0.226 0.018 1    
93:   0.033 0.037 0.082 0.033 0.180 0.091 0.173 0.034 0.079 0.235 0.024 1    
94:   0.011 0.031 0.038 0.027 0.019 0.047 0.025 0.747 0.026 0.012 0.017 1    
95:   0.312 0.048 0.072 0.029 0.084 0.022 0.143 0.110 0.069 0.051 0.061 1    
96:   0.022 0.020 0.036 0.016 0.280 0.296 0.024 0.023 0.036 0.217 0.029 1    
97:   0.014 0.869 0.012 0.019 0.013 0.009 0.014 0.013 0.011 0.014 0.012 1    
98:   0.021 0.010 0.049 0.015 0.030 0.151 0.016 0.621 0.034 0.032 0.020 1    
99:   0.047 0.614 0.045 0.019 0.040 0.040 0.026 0.024 0.030 0.023 0.093 1    
100:  0.010 0.870 0.012 0.017 0.010 0.014 0.012 0.022 0.011 0.012 0.011 1    
101:  0.011 0.015 0.064 0.025 0.019 0.082 0.486 0.063 0.072 0.017 0.146 1    
102:  0.016 0.512 0.058 0.010 0.030 0.024 0.044 0.028 0.057 0.041 0.181 1    
103:  0.016 0.033 0.062 0.119 0.098 0.057 0.096 0.316 0.097 0.079 0.026 1    
104:  0.099 0.054 0.084 0.019 0.170 0.017 0.039 0.020 0.103 0.045 0.351 1    
105:  0.737 0.015 0.021 0.038 0.023 0.026 0.054 0.017 0.024 0.023 0.022 1    
106:  0.088 0.018 0.131 0.200 0.101 0.103 0.025 0.086 0.140 0.071 0.037 1    
107:  0.136 0.021 0.117 0.056 0.062 0.146 0.056 0.030 0.121 0.066 0.191 1    
108:  0.260 0.044 0.099 0.172 0.063 0.014 0.047 0.023 0.086 0.051 0.142 1    
109:  0.012 0.019 0.017 0.011 0.016 0.017 0.842 0.019 0.020 0.013 0.015 1    
110:  0.032 0.011 0.331 0.039 0.052 0.012 0.017 0.104 0.067 0.027 0.308 1    
111:  0.043 0.021 0.190 0.101 0.088 0.021 0.109 0.034 0.290 0.054 0.049 1    
112:  0.251 0.063 0.092 0.082 0.049 0.018 0.127 0.014 0.172 0.091 0.041 1    
113:  0.042 0.038 0.050 0.043 0.227 0.049 0.022 0.024 0.052 0.435 0.017 1    
114:  0.110 0.055 0.036 0.566 0.084 0.021 0.018 0.015 0.044 0.024 0.028 1    
115:  0.080 0.138 0.134 0.064 0.052 0.039 0.066 0.208 0.045 0.030 0.143 1    
116:  0.067 0.041 0.095 0.086 0.089 0.012 0.032 0.023 0.103 0.032 0.420 1    
117:  0.124 0.077 0.101 0.080 0.050 0.095 0.136 0.078 0.124 0.044 0.090 1    
118:  0.020 0.029 0.052 0.612 0.044 0.066 0.028 0.039 0.049 0.025 0.034 1    
119:  0.111 0.066 0.050 0.506 0.080 0.017 0.021 0.029 0.047 0.041 0.032 1    
120:  0.141 0.022 0.038 0.022 0.034 0.024 0.587 0.016 0.055 0.023 0.037 1    
121:  0.021 0.076 0.097 0.270 0.053 0.070 0.066 0.153 0.082 0.026 0.086 1    
122:  0.039 0.011 0.128 0.329 0.068 0.034 0.071 0.035 0.095 0.140 0.051 1    
123:  0.021 0.130 0.069 0.046 0.111 0.208 0.024 0.045 0.122 0.176 0.048 1    
124:  0.092 0.139 0.077 0.266 0.130 0.061 0.025 0.020 0.075 0.054 0.061 1    
125:  0.023 0.030 0.036 0.055 0.065 0.034 0.028 0.607 0.046 0.027 0.048 1    
126:  0.021 0.018 0.091 0.062 0.063 0.063 0.031 0.448 0.088 0.052 0.062 1    
127:  0.111 0.080 0.069 0.063 0.090 0.286 0.043 0.020 0.072 0.094 0.072 1    
128:  0.115 0.154 0.060 0.136 0.088 0.059 0.027 0.014 0.068 0.210 0.068 1    
129:  0.090 0.018 0.116 0.026 0.069 0.022 0.173 0.054 0.088 0.036 0.307 1    
130:  0.043 0.011 0.090 0.064 0.128 0.396 0.023 0.024 0.133 0.039 0.050 1    
131:  0.047 0.041 0.085 0.044 0.141 0.013 0.076 0.338 0.100 0.061 0.053 1    
132:  0.047 0.020 0.023 0.811 0.013 0.009 0.018 0.012 0.017 0.013 0.017 1    
133:  0.037 0.009 0.309 0.120 0.039 0.008 0.029 0.107 0.083 0.032 0.226 1    
134:  0.226 0.126 0.061 0.087 0.044 0.127 0.091 0.029 0.098 0.082 0.029 1    
135:  0.012 0.021 0.019 0.017 0.018 0.008 0.844 0.011 0.023 0.012 0.015 1    
136:  0.033 0.037 0.062 0.090 0.152 0.186 0.030 0.131 0.066 0.120 0.092 1    
137:  0.061 0.019 0.126 0.055 0.199 0.018 0.102 0.016 0.084 0.049 0.271 1    
138:  0.015 0.028 0.018 0.020 0.125 0.013 0.013 0.012 0.025 0.718 0.013 1    
139:  0.058 0.018 0.186 0.026 0.170 0.020 0.046 0.063 0.312 0.051 0.052 1    
140:  0.103 0.049 0.097 0.147 0.166 0.014 0.103 0.050 0.109 0.046 0.116 1    
141:  0.630 0.016 0.060 0.052 0.044 0.017 0.031 0.011 0.059 0.020 0.060 1    
142:  0.022 0.028 0.034 0.743 0.028 0.016 0.026 0.042 0.023 0.017 0.023 1    
143:  0.357 0.011 0.167 0.039 0.034 0.011 0.032 0.023 0.103 0.045 0.177 1    
144:  0.045 0.036 0.140 0.038 0.062 0.029 0.029 0.047 0.109 0.399 0.066 1    
145:  0.017 0.040 0.099 0.029 0.130 0.150 0.045 0.084 0.126 0.220 0.060 1    
146:  0.045 0.016 0.101 0.038 0.059 0.068 0.139 0.237 0.148 0.089 0.059 1    
147:  0.012 0.010 0.023 0.019 0.016 0.043 0.032 0.782 0.031 0.013 0.019 1    
148:  0.048 0.034 0.223 0.042 0.121 0.029 0.036 0.061 0.213 0.074 0.118 1    
149:  0.133 0.021 0.186 0.032 0.142 0.040 0.036 0.060 0.096 0.121 0.134 1    
150:  0.042 0.035 0.093 0.051 0.062 0.065 0.371 0.043 0.132 0.049 0.057 1    
151:  0.186 0.029 0.232 0.033 0.023 0.014 0.035 0.075 0.035 0.024 0.313 1    
152:  0.047 0.028 0.100 0.075 0.098 0.260 0.039 0.071 0.097 0.110 0.076 1    
153:  0.021 0.018 0.146 0.032 0.068 0.029 0.122 0.129 0.147 0.036 0.251 1    
154:  0.052 0.321 0.077 0.019 0.114 0.037 0.057 0.020 0.097 0.077 0.129 1    
155:  0.044 0.023 0.101 0.079 0.109 0.030 0.076 0.287 0.133 0.036 0.082 1    
156:  0.034 0.013 0.192 0.017 0.037 0.023 0.129 0.027 0.114 0.133 0.282 1    
157:  0.047 0.048 0.125 0.038 0.067 0.039 0.067 0.322 0.082 0.060 0.106 1    
158:  0.023 0.075 0.077 0.033 0.097 0.067 0.036 0.380 0.098 0.052 0.063 1    
159:  0.031 0.012 0.188 0.036 0.161 0.032 0.054 0.058 0.292 0.032 0.106 1    
