1:    0.133 0.095 0.057 0.620 0.095 1    
2:    0.307 0.052 0.107 0.115 0.418 1    
3:    0.380 0.233 0.139 0.092 0.155 1    
4:    0.764 0.041 0.058 0.057 0.080 1    
5:    0.143 0.437 0.195 0.153 0.072 1    
6:    0.299 0.061 0.153 0.168 0.319 1    
7:    0.201 0.057 0.461 0.080 0.202 1    
8:    0.710 0.093 0.037 0.035 0.126 1    
9:    0.162 0.140 0.330 0.192 0.176 1    
10:   0.471 0.186 0.085 0.168 0.090 1    
11:   0.688 0.057 0.086 0.105 0.063 1    
12:   0.246 0.211 0.427 0.039 0.078 1    
13:   0.101 0.330 0.048 0.344 0.176 1    
14:   0.122 0.057 0.652 0.032 0.137 1    
15:   0.118 0.070 0.419 0.253 0.140 1    
16:   0.033 0.024 0.053 0.824 0.065 1    
17:   0.129 0.481 0.096 0.149 0.146 1    
18:   0.232 0.088 0.101 0.471 0.108 1    
19:   0.522 0.071 0.083 0.234 0.090 1    
20:   0.036 0.070 0.072 0.647 0.175 1    
21:   0.159 0.089 0.137 0.353 0.261 1    
22:   0.066 0.036 0.819 0.041 0.039 1    
23:   0.122 0.033 0.049 0.064 0.733 1    
24:   0.078 0.142 0.032 0.650 0.097 1    
25:   0.295 0.343 0.106 0.093 0.164 1    
26:   0.089 0.039 0.748 0.071 0.053 1    
27:   0.654 0.022 0.021 0.049 0.254 1    
28:   0.036 0.126 0.762 0.025 0.051 1    
29:   0.056 0.038 0.600 0.038 0.268 1    
30:   0.784 0.027 0.052 0.065 0.071 1    
31:   0.473 0.068 0.052 0.305 0.102 1    
32:   0.084 0.545 0.067 0.057 0.247 1    
33:   0.232 0.036 0.038 0.089 0.606 1    
34:   0.139 0.045 0.295 0.287 0.233 1    
35:   0.313 0.209 0.054 0.314 0.111 1    
36:   0.090 0.230 0.040 0.176 0.464 1    
37:   0.118 0.047 0.072 0.675 0.087 1    
38:   0.215 0.058 0.062 0.435 0.230 1    
39:   0.595 0.037 0.111 0.131 0.126 1    
40:   0.088 0.073 0.359 0.163 0.316 1    
41:   0.082 0.357 0.191 0.281 0.088 1    
42:   0.409 0.085 0.110 0.159 0.237 1    
43:   0.860 0.029 0.030 0.027 0.053 1    
44:   0.062 0.599 0.144 0.054 0.141 1    
45:   0.188 0.057 0.585 0.099 0.071 1    
46:   0.885 0.029 0.026 0.036 0.025 1    
47:   0.353 0.092 0.293 0.153 0.108 1    
48:   0.317 0.085 0.176 0.084 0.339 1    
49:   0.030 0.039 0.695 0.195 0.041 1    
50:   0.103 0.151 0.547 0.115 0.084 1    
51:   0.075 0.046 0.063 0.211 0.605 1    
52:   0.102 0.051 0.052 0.725 0.070 1    
53:   0.499 0.058 0.100 0.278 0.065 1    
54:   0.155 0.072 0.130 0.591 0.052 1    
55:   0.335 0.480 0.048 0.066 0.071 1    
56:   0.546 0.034 0.129 0.260 0.032 1    
57:   0.138 0.360 0.359 0.061 0.082 1    
58:   0.441 0.046 0.125 0.164 0.224 1    
59:   0.567 0.066 0.177 0.134 0.054 1    
60:   0.069 0.075 0.123 0.603 0.130 1    
61:   0.181 0.049 0.078 0.596 0.095 1    
62:   0.087 0.054 0.765 0.056 0.037 1    
63:   0.828 0.040 0.031 0.036 0.066 1    
64:   0.317 0.315 0.146 0.144 0.078 1    
65:   0.091 0.084 0.604 0.129 0.092 1    
66:   0.183 0.048 0.072 0.627 0.070 1    
67:   0.234 0.138 0.214 0.118 0.296 1    
68:   0.651 0.027 0.092 0.141 0.089 1    
69:   0.078 0.141 0.595 0.124 0.062 1    
70:   0.135 0.052 0.601 0.131 0.081 1    
71:   0.206 0.118 0.440 0.147 0.088 1    
72:   0.867 0.036 0.032 0.030 0.035 1    
73:   0.041 0.045 0.046 0.736 0.131 1    
74:   0.806 0.030 0.042 0.073 0.050 1    
75:   0.088 0.063 0.156 0.591 0.102 1    
76:   0.154 0.350 0.084 0.177 0.234 1    
77:   0.064 0.042 0.693 0.063 0.139 1    
78:   0.165 0.514 0.054 0.194 0.072 1    
79:   0.274 0.031 0.564 0.081 0.050 1    
80:   0.017 0.020 0.912 0.020 0.032 1    
81:   0.365 0.105 0.044 0.366 0.120 1    
82:   0.090 0.589 0.107 0.076 0.138 1    
83:   0.607 0.043 0.182 0.129 0.039 1    
84:   0.038 0.038 0.041 0.754 0.130 1    
85:   0.334 0.182 0.124 0.272 0.087 1    
86:   0.598 0.105 0.121 0.081 0.095 1    
87:   0.521 0.213 0.063 0.109 0.093 1    
88:   0.644 0.093 0.123 0.089 0.050 1    
89:   0.869 0.033 0.035 0.035 0.028 1    
90:   0.314 0.049 0.056 0.400 0.182 1    
91:   0.128 0.024 0.708 0.101 0.040 1    
92:   0.581 0.103 0.071 0.184 0.061 1    
93:   0.407 0.096 0.087 0.078 0.332 1    
94:   0.113 0.023 0.039 0.762 0.063 1    
95:   0.129 0.105 0.148 0.564 0.054 1    
96:   0.668 0.105 0.051 0.111 0.065 1    
97:   0.049 0.041 0.819 0.058 0.033 1    
98:   0.073 0.133 0.085 0.537 0.171 1    
99:   0.190 0.053 0.613 0.065 0.079 1    
100:  0.194 0.034 0.486 0.232 0.054 1    
101:  0.107 0.043 0.060 0.043 0.747 1    
102:  0.068 0.059 0.782 0.044 0.047 1    
103:  0.215 0.093 0.043 0.264 0.384 1    
104:  0.034 0.051 0.834 0.040 0.041 1    
105:  0.287 0.094 0.151 0.415 0.053 1    
106:  0.174 0.067 0.219 0.056 0.483 1    
107:  0.288 0.366 0.072 0.186 0.088 1    
108:  0.341 0.062 0.081 0.371 0.144 1    
109:  0.084 0.256 0.458 0.099 0.104 1    
110:  0.173 0.271 0.098 0.317 0.141 1    
111:  0.430 0.166 0.095 0.091 0.217 1    
112:  0.631 0.102 0.090 0.038 0.139 1    
113:  0.493 0.214 0.079 0.143 0.072 1    
114:  0.595 0.044 0.145 0.103 0.113 1    
115:  0.682 0.043 0.088 0.069 0.118 1    
116:  0.027 0.060 0.080 0.764 0.068 1    
117:  0.368 0.362 0.066 0.101 0.104 1    
118:  0.063 0.205 0.185 0.353 0.195 1    
119:  0.714 0.050 0.083 0.107 0.046 1    
120:  0.140 0.139 0.034 0.496 0.192 1    
121:  0.059 0.061 0.065 0.682 0.133 1    
122:  0.076 0.064 0.094 0.714 0.051 1    
123:  0.486 0.089 0.107 0.119 0.199 1    
124:  0.077 0.039 0.566 0.081 0.238 1    
125:  0.055 0.816 0.052 0.036 0.041 1    
126:  0.112 0.178 0.180 0.074 0.456 1    
127:  0.100 0.187 0.577 0.069 0.066 1    
128:  0.056 0.147 0.112 0.393 0.293 1    
129:  0.516 0.057 0.127 0.041 0.259 1    
130:  0.092 0.131 0.356 0.168 0.253 1    
131:  0.087 0.126 0.149 0.576 0.062 1    
132:  0.303 0.243 0.280 0.056 0.118 1    
133:  0.217 0.215 0.202 0.174 0.193 1    
134:  0.222 0.497 0.160 0.036 0.085 1    
135:  0.111 0.445 0.200 0.144 0.100 1    
136:  0.096 0.053 0.376 0.064 0.411 1    
137:  0.466 0.151 0.105 0.204 0.074 1    
138:  0.030 0.459 0.245 0.057 0.210 1    
139:  0.334 0.269 0.052 0.207 0.138 1    
140:  0.032 0.054 0.228 0.618 0.068 1    
141:  0.118 0.098 0.039 0.523 0.222 1    
142:  0.535 0.062 0.265 0.066 0.072 1    
143:  0.256 0.452 0.102 0.103 0.088 1    
144:  0.800 0.067 0.041 0.049 0.043 1    
145:  0.242 0.073 0.486 0.048 0.150 1    
146:  0.066 0.130 0.456 0.083 0.266 1    
147:  0.108 0.305 0.287 0.073 0.227 1    
148:  0.127 0.190 0.050 0.547 0.086 1    
149:  0.047 0.261 0.541 0.057 0.093 1    
150:  0.203 0.190 0.191 0.188 0.229 1    
151:  0.729 0.066 0.079 0.052 0.074 1    
152:  0.286 0.047 0.046 0.149 0.472 1    
153:  0.688 0.060 0.056 0.127 0.069 1    
154:  0.090 0.074 0.549 0.042 0.245 1    
155:  0.053 0.042 0.199 0.616 0.090 1    
156:  0.046 0.085 0.073 0.745 0.051 1    
157:  0.323 0.263 0.047 0.088 0.279 1    
158:  0.027 0.368 0.236 0.187 0.182 1    
159:  0.662 0.065 0.103 0.039 0.132 1    
160:  0.306 0.148 0.093 0.365 0.089 1    
161:  0.110 0.065 0.573 0.147 0.105 1    
162:  0.181 0.379 0.099 0.175 0.166 1    
163:  0.063 0.404 0.094 0.367 0.072 1    
164:  0.127 0.296 0.200 0.317 0.061 1    
165:  0.089 0.061 0.677 0.044 0.129 1    
166:  0.034 0.332 0.082 0.074 0.478 1    
167:  0.135 0.226 0.460 0.102 0.078 1    
168:  0.072 0.052 0.148 0.681 0.048 1    
169:  0.032 0.571 0.207 0.055 0.135 1    
170:  0.037 0.035 0.039 0.071 0.819 1    
171:  0.327 0.078 0.328 0.070 0.198 1    
172:  0.056 0.317 0.269 0.231 0.128 1    
173:  0.047 0.178 0.076 0.109 0.589 1    
174:  0.240 0.089 0.049 0.538 0.084 1    
175:  0.113 0.126 0.456 0.257 0.048 1    
176:  0.765 0.059 0.035 0.092 0.049 1    
177:  0.155 0.221 0.269 0.074 0.280 1    
178:  0.202 0.090 0.526 0.096 0.086 1    
179:  0.104 0.052 0.492 0.037 0.315 1    
180:  0.091 0.225 0.126 0.425 0.133 1    
181:  0.135 0.112 0.235 0.078 0.440 1    
182:  0.579 0.050 0.220 0.067 0.084 1    
183:  0.159 0.032 0.678 0.041 0.089 1    
184:  0.563 0.099 0.052 0.181 0.105 1    
185:  0.041 0.442 0.327 0.116 0.073 1    
186:  0.360 0.109 0.238 0.198 0.094 1    
187:  0.137 0.532 0.063 0.139 0.129 1    
188:  0.062 0.051 0.608 0.055 0.224 1    
189:  0.062 0.046 0.273 0.387 0.231 1    
190:  0.116 0.100 0.109 0.262 0.414 1    
191:  0.210 0.270 0.245 0.138 0.137 1    
192:  0.407 0.121 0.108 0.189 0.175 1    
193:  0.208 0.088 0.274 0.324 0.107 1    
194:  0.063 0.104 0.103 0.617 0.113 1    
195:  0.264 0.056 0.527 0.051 0.101 1    
196:  0.073 0.056 0.725 0.063 0.084 1    
197:  0.065 0.446 0.214 0.068 0.207 1    
198:  0.659 0.054 0.139 0.099 0.050 1    
199:  0.290 0.275 0.075 0.067 0.293 1    
200:  0.030 0.826 0.074 0.038 0.031 1    
201:  0.047 0.046 0.043 0.752 0.112 1    
202:  0.373 0.103 0.172 0.136 0.216 1    
203:  0.124 0.047 0.572 0.121 0.137 1    
204:  0.350 0.137 0.160 0.170 0.182 1    
205:  0.231 0.081 0.143 0.255 0.290 1    
206:  0.241 0.074 0.398 0.091 0.196 1    
207:  0.162 0.345 0.184 0.088 0.221 1    
208:  0.263 0.071 0.435 0.075 0.157 1    
209:  0.228 0.094 0.143 0.270 0.265 1    
210:  0.264 0.083 0.046 0.499 0.109 1    
211:  0.133 0.114 0.237 0.385 0.132 1    
212:  0.265 0.208 0.048 0.222 0.257 1    
213:  0.190 0.124 0.319 0.110 0.258 1    
214:  0.179 0.128 0.486 0.106 0.101 1    
215:  0.081 0.084 0.060 0.526 0.248 1    
216:  0.044 0.025 0.861 0.029 0.041 1    
217:  0.103 0.150 0.457 0.167 0.124 1    
218:  0.539 0.086 0.086 0.166 0.122 1    
219:  0.041 0.052 0.698 0.038 0.170 1    
220:  0.549 0.038 0.079 0.230 0.105 1    
221:  0.100 0.051 0.565 0.102 0.182 1    
222:  0.096 0.438 0.093 0.185 0.188 1    
223:  0.231 0.396 0.101 0.074 0.198 1    
224:  0.311 0.153 0.261 0.167 0.108 1    
225:  0.278 0.040 0.072 0.572 0.038 1    
226:  0.067 0.278 0.080 0.201 0.374 1    
227:  0.231 0.112 0.358 0.185 0.114 1    
228:  0.094 0.130 0.050 0.654 0.072 1    
229:  0.152 0.040 0.064 0.077 0.667 1    
230:  0.441 0.057 0.096 0.129 0.277 1    
231:  0.150 0.234 0.118 0.146 0.352 1    
232:  0.391 0.243 0.163 0.147 0.056 1    
233:  0.488 0.100 0.080 0.080 0.251 1    
234:  0.063 0.033 0.038 0.046 0.820 1    
235:  0.661 0.107 0.077 0.078 0.076 1    
236:  0.215 0.107 0.137 0.054 0.487 1    
237:  0.080 0.104 0.108 0.613 0.095 1    
238:  0.060 0.229 0.402 0.089 0.220 1    
239:  0.266 0.103 0.250 0.332 0.050 1    
240:  0.293 0.031 0.147 0.331 0.199 1    
241:  0.343 0.210 0.095 0.284 0.068 1    
242:  0.194 0.144 0.115 0.336 0.211 1    
243:  0.086 0.089 0.116 0.184 0.526 1    
244:  0.332 0.110 0.079 0.435 0.044 1    
245:  0.116 0.236 0.249 0.211 0.189 1    
246:  0.369 0.075 0.148 0.283 0.124 1    
247:  0.654 0.044 0.111 0.105 0.085 1    
248:  0.037 0.041 0.788 0.031 0.103 1    
249:  0.218 0.398 0.114 0.050 0.220 1    
250:  0.803 0.041 0.070 0.040 0.046 1    
251:  0.060 0.034 0.059 0.774 0.073 1    
252:  0.828 0.034 0.048 0.040 0.049 1    
253:  0.062 0.079 0.662 0.137 0.059 1    
254:  0.144 0.056 0.167 0.521 0.112 1    
255:  0.560 0.048 0.121 0.116 0.154 1    
256:  0.384 0.031 0.064 0.080 0.442 1    
257:  0.127 0.192 0.181 0.120 0.380 1    
258:  0.084 0.049 0.095 0.737 0.035 1    
259:  0.094 0.184 0.096 0.413 0.213 1    
260:  0.234 0.059 0.096 0.191 0.421 1    
261:  0.618 0.064 0.118 0.141 0.059 1    
262:  0.140 0.367 0.200 0.189 0.103 1    
263:  0.286 0.255 0.187 0.098 0.173 1    
264:  0.092 0.132 0.262 0.106 0.409 1    
265:  0.092 0.110 0.163 0.119 0.517 1    
266:  0.178 0.073 0.064 0.510 0.176 1    
267:  0.633 0.067 0.135 0.085 0.080 1    
268:  0.693 0.042 0.070 0.088 0.108 1    
269:  0.536 0.054 0.260 0.088 0.061 1    
270:  0.263 0.240 0.191 0.152 0.154 1    
271:  0.106 0.042 0.730 0.087 0.037 1    
272:  0.036 0.041 0.807 0.074 0.043 1    
273:  0.045 0.042 0.774 0.060 0.079 1    
274:  0.591 0.108 0.071 0.129 0.100 1    
275:  0.253 0.028 0.604 0.033 0.082 1    
276:  0.062 0.046 0.787 0.044 0.061 1    
277:  0.670 0.157 0.049 0.056 0.068 1    
278:  0.090 0.093 0.734 0.044 0.040 1    
279:  0.022 0.021 0.637 0.022 0.299 1    
280:  0.195 0.053 0.560 0.031 0.161 1    
281:  0.083 0.215 0.385 0.184 0.132 1    
282:  0.026 0.025 0.034 0.031 0.884 1    
283:  0.023 0.046 0.045 0.031 0.854 1    
284:  0.125 0.401 0.137 0.210 0.127 1    
285:  0.529 0.064 0.104 0.069 0.234 1    
286:  0.089 0.079 0.044 0.041 0.747 1    
287:  0.138 0.174 0.116 0.457 0.114 1    
288:  0.117 0.037 0.293 0.039 0.514 1    
289:  0.116 0.356 0.057 0.369 0.103 1    
290:  0.578 0.112 0.135 0.076 0.099 1    
291:  0.059 0.091 0.337 0.054 0.460 1    
292:  0.080 0.077 0.217 0.298 0.329 1    
293:  0.031 0.079 0.210 0.259 0.420 1    
294:  0.267 0.089 0.122 0.107 0.415 1    
295:  0.027 0.190 0.311 0.151 0.321 1    
296:  0.039 0.068 0.184 0.051 0.658 1    
297:  0.072 0.378 0.170 0.260 0.119 1    
298:  0.439 0.111 0.262 0.150 0.037 1    
299:  0.065 0.491 0.108 0.262 0.075 1    
300:  0.039 0.130 0.407 0.162 0.261 1    
301:  0.069 0.164 0.450 0.038 0.279 1    
302:  0.077 0.194 0.328 0.228 0.173 1    
303:  0.129 0.058 0.485 0.071 0.256 1    
304:  0.085 0.550 0.085 0.083 0.197 1    
305:  0.080 0.164 0.501 0.175 0.080 1    
306:  0.109 0.319 0.267 0.141 0.163 1    
307:  0.474 0.109 0.119 0.039 0.258 1    
308:  0.056 0.093 0.111 0.157 0.583 1    
309:  0.040 0.114 0.393 0.051 0.402 1    
310:  0.134 0.382 0.134 0.178 0.172 1    
311:  0.064 0.042 0.086 0.157 0.651 1    
312:  0.029 0.092 0.153 0.037 0.689 1    
313:  0.034 0.046 0.519 0.029 0.372 1    
314:  0.059 0.040 0.038 0.310 0.553 1    
315:  0.031 0.481 0.076 0.079 0.333 1    
316:  0.076 0.102 0.159 0.110 0.553 1    
317:  0.209 0.314 0.149 0.117 0.210 1    
318:  0.539 0.122 0.125 0.093 0.120 1    
319:  0.363 0.059 0.022 0.025 0.530 1    
320:  0.422 0.046 0.094 0.033 0.405 1    
321:  0.214 0.059 0.086 0.124 0.518 1    
322:  0.279 0.317 0.125 0.129 0.150 1    
323:  0.071 0.061 0.029 0.022 0.816 1    
324:  0.884 0.030 0.020 0.026 0.039 1    
325:  0.034 0.032 0.026 0.030 0.878 1    
326:  0.070 0.422 0.068 0.097 0.343 1    
327:  0.054 0.149 0.624 0.050 0.123 1    
328:  0.027 0.026 0.018 0.017 0.912 1    
329:  0.551 0.095 0.126 0.084 0.144 1    
330:  0.254 0.041 0.599 0.058 0.047 1    
331:  0.131 0.093 0.043 0.486 0.247 1    
332:  0.676 0.079 0.071 0.055 0.119 1    
333:  0.212 0.079 0.079 0.168 0.462 1    
334:  0.676 0.054 0.044 0.095 0.131 1    
335:  0.503 0.060 0.198 0.162 0.078 1    
336:  0.780 0.028 0.071 0.049 0.072 1    
337:  0.792 0.028 0.048 0.051 0.081 1    
338:  0.796 0.036 0.083 0.040 0.045 1    
339:  0.033 0.022 0.017 0.022 0.906 1    
340:  0.521 0.067 0.039 0.083 0.290 1    
341:  0.062 0.046 0.063 0.715 0.113 1    
342:  0.457 0.073 0.222 0.076 0.172 1    
343:  0.076 0.148 0.124 0.490 0.162 1    
344:  0.158 0.226 0.136 0.355 0.125 1    
345:  0.705 0.076 0.053 0.038 0.128 1    
346:  0.821 0.058 0.039 0.043 0.039 1    
347:  0.879 0.023 0.028 0.046 0.024 1    
348:  0.029 0.023 0.026 0.036 0.888 1    
349:  0.664 0.047 0.162 0.059 0.069 1    
350:  0.079 0.049 0.028 0.038 0.807 1    
351:  0.089 0.034 0.066 0.043 0.768 1    
352:  0.659 0.164 0.059 0.044 0.073 1    
353:  0.195 0.178 0.349 0.073 0.205 1    
354:  0.075 0.038 0.032 0.029 0.826 1    
355:  0.037 0.036 0.340 0.059 0.529 1    
356:  0.056 0.110 0.050 0.055 0.728 1    
357:  0.602 0.113 0.186 0.064 0.035 1    
358:  0.789 0.057 0.040 0.036 0.078 1    
359:  0.403 0.116 0.080 0.051 0.349 1    
360:  0.515 0.135 0.057 0.214 0.079 1    
361:  0.031 0.035 0.038 0.045 0.852 1    
362:  0.511 0.071 0.270 0.039 0.108 1    
363:  0.220 0.149 0.095 0.036 0.501 1    
364:  0.135 0.097 0.092 0.604 0.071 1    
365:  0.884 0.030 0.024 0.037 0.026 1    
366:  0.119 0.032 0.039 0.027 0.783 1    
367:  0.883 0.029 0.023 0.037 0.028 1    
368:  0.336 0.072 0.043 0.151 0.398 1    
369:  0.063 0.029 0.033 0.041 0.834 1    
370:  0.049 0.063 0.084 0.752 0.052 1    
371:  0.668 0.106 0.064 0.068 0.094 1    
372:  0.234 0.130 0.436 0.030 0.169 1    
373:  0.538 0.125 0.062 0.195 0.080 1    
374:  0.357 0.078 0.205 0.151 0.209 1    
375:  0.564 0.196 0.036 0.085 0.119 1    
376:  0.389 0.053 0.286 0.083 0.189 1    
377:  0.103 0.219 0.200 0.332 0.145 1    
378:  0.034 0.031 0.035 0.034 0.865 1    
379:  0.086 0.129 0.135 0.197 0.454 1    
380:  0.058 0.112 0.037 0.700 0.095 1    
381:  0.571 0.069 0.082 0.052 0.227 1    
382:  0.030 0.045 0.117 0.027 0.781 1    
383:  0.129 0.098 0.071 0.156 0.546 1    
384:  0.528 0.041 0.187 0.050 0.194 1    
385:  0.042 0.018 0.878 0.036 0.026 1    
386:  0.102 0.363 0.076 0.215 0.244 1    
387:  0.067 0.129 0.086 0.107 0.612 1    
388:  0.497 0.211 0.103 0.109 0.080 1    
389:  0.481 0.258 0.105 0.068 0.089 1    
390:  0.033 0.036 0.183 0.042 0.706 1    
391:  0.474 0.249 0.060 0.128 0.089 1    
392:  0.497 0.062 0.040 0.181 0.221 1    
393:  0.614 0.036 0.089 0.168 0.093 1    
394:  0.168 0.045 0.528 0.060 0.199 1    
395:  0.090 0.064 0.129 0.373 0.345 1    
396:  0.151 0.196 0.041 0.399 0.213 1    
397:  0.493 0.158 0.140 0.104 0.104 1    
398:  0.172 0.230 0.085 0.297 0.217 1    
399:  0.103 0.270 0.244 0.060 0.323 1    
400:  0.342 0.192 0.076 0.278 0.112 1    
401:  0.206 0.273 0.217 0.040 0.265 1    
402:  0.605 0.035 0.110 0.119 0.131 1    
403:  0.238 0.387 0.052 0.056 0.267 1    
404:  0.445 0.054 0.072 0.070 0.358 1    
405:  0.795 0.065 0.032 0.046 0.062 1    
406:  0.320 0.072 0.309 0.141 0.157 1    
407:  0.041 0.054 0.597 0.096 0.212 1    
408:  0.063 0.420 0.272 0.066 0.179 1    
409:  0.115 0.419 0.203 0.131 0.132 1    
410:  0.086 0.381 0.128 0.241 0.164 1    
411:  0.672 0.055 0.064 0.039 0.170 1    
412:  0.037 0.054 0.831 0.041 0.037 1    
413:  0.826 0.032 0.033 0.047 0.062 1    
414:  0.148 0.093 0.064 0.640 0.055 1    
415:  0.425 0.080 0.050 0.092 0.353 1    
416:  0.093 0.036 0.028 0.027 0.816 1    
417:  0.576 0.163 0.036 0.045 0.180 1    
418:  0.047 0.100 0.047 0.041 0.766 1    
419:  0.107 0.665 0.039 0.069 0.120 1    
420:  0.636 0.037 0.079 0.128 0.121 1    
421:  0.139 0.535 0.147 0.070 0.110 1    
422:  0.377 0.074 0.174 0.330 0.045 1    
423:  0.081 0.218 0.165 0.049 0.487 1    
424:  0.320 0.108 0.152 0.222 0.198 1    
425:  0.540 0.092 0.054 0.031 0.283 1    
426:  0.413 0.160 0.099 0.078 0.251 1    
427:  0.249 0.166 0.303 0.127 0.155 1    
428:  0.553 0.045 0.109 0.051 0.241 1    
429:  0.045 0.044 0.043 0.033 0.835 1    
430:  0.163 0.074 0.670 0.051 0.042 1    
431:  0.040 0.057 0.062 0.811 0.030 1    
432:  0.152 0.086 0.662 0.061 0.039 1    
433:  0.533 0.067 0.045 0.091 0.264 1    
434:  0.079 0.067 0.138 0.631 0.084 1    
435:  0.045 0.034 0.829 0.060 0.034 1    
436:  0.038 0.092 0.308 0.139 0.423 1    
437:  0.101 0.102 0.630 0.094 0.073 1    
438:  0.065 0.076 0.073 0.066 0.719 1    
439:  0.114 0.223 0.439 0.058 0.167 1    
440:  0.145 0.058 0.183 0.573 0.041 1    
441:  0.264 0.095 0.235 0.102 0.304 1    
442:  0.798 0.036 0.056 0.082 0.028 1    
443:  0.057 0.149 0.671 0.028 0.095 1    
444:  0.148 0.260 0.095 0.328 0.169 1    
445:  0.063 0.218 0.087 0.483 0.148 1    
446:  0.082 0.039 0.250 0.082 0.545 1    
447:  0.516 0.118 0.066 0.192 0.108 1    
448:  0.073 0.066 0.063 0.699 0.099 1    
449:  0.345 0.216 0.173 0.064 0.201 1    
450:  0.336 0.061 0.040 0.497 0.067 1    
451:  0.069 0.032 0.085 0.036 0.778 1    
452:  0.063 0.047 0.047 0.028 0.814 1    
453:  0.077 0.451 0.153 0.145 0.174 1    
454:  0.489 0.040 0.035 0.136 0.300 1    
455:  0.422 0.186 0.054 0.231 0.108 1    
456:  0.495 0.088 0.101 0.183 0.132 1    
457:  0.269 0.067 0.153 0.262 0.249 1    
458:  0.081 0.080 0.028 0.031 0.780 1    
459:  0.255 0.048 0.033 0.060 0.603 1    
460:  0.226 0.228 0.147 0.116 0.283 1    
461:  0.030 0.056 0.051 0.832 0.031 1    
462:  0.388 0.094 0.233 0.221 0.064 1    
463:  0.042 0.066 0.072 0.051 0.768 1    
464:  0.121 0.046 0.032 0.771 0.030 1    
465:  0.184 0.189 0.375 0.083 0.169 1    
466:  0.627 0.050 0.062 0.134 0.126 1    
467:  0.355 0.096 0.176 0.075 0.298 1    
468:  0.392 0.337 0.037 0.038 0.197 1    
469:  0.534 0.069 0.026 0.033 0.337 1    
470:  0.513 0.146 0.081 0.146 0.114 1    
471:  0.087 0.030 0.049 0.800 0.034 1    
472:  0.063 0.025 0.023 0.044 0.845 1    
473:  0.058 0.308 0.058 0.530 0.046 1    
474:  0.091 0.038 0.433 0.205 0.233 1    
475:  0.029 0.021 0.017 0.013 0.919 1    
476:  0.157 0.524 0.081 0.043 0.196 1    
477:  0.023 0.060 0.071 0.800 0.046 1    
478:  0.048 0.093 0.083 0.573 0.203 1    
479:  0.807 0.049 0.051 0.037 0.056 1    
480:  0.534 0.040 0.109 0.137 0.179 1    
481:  0.123 0.543 0.086 0.047 0.200 1    
482:  0.319 0.339 0.159 0.070 0.113 1    
483:  0.050 0.300 0.055 0.132 0.463 1    
484:  0.286 0.077 0.025 0.032 0.580 1    
485:  0.315 0.079 0.047 0.050 0.510 1    
486:  0.297 0.425 0.085 0.092 0.101 1    
487:  0.145 0.183 0.173 0.161 0.338 1    
488:  0.168 0.174 0.215 0.204 0.238 1    
489:  0.125 0.044 0.112 0.037 0.681 1    
490:  0.674 0.024 0.034 0.031 0.237 1    
491:  0.373 0.184 0.065 0.279 0.098 1    
492:  0.035 0.071 0.765 0.049 0.080 1    
493:  0.049 0.035 0.824 0.046 0.046 1    
494:  0.052 0.456 0.075 0.050 0.367 1    
495:  0.032 0.189 0.047 0.044 0.688 1    
496:  0.209 0.050 0.332 0.224 0.185 1    
497:  0.038 0.054 0.040 0.097 0.772 1    
498:  0.219 0.131 0.038 0.137 0.476 1    
499:  0.363 0.036 0.172 0.370 0.059 1    
500:  0.276 0.089 0.089 0.473 0.073 1    
501:  0.037 0.615 0.207 0.080 0.060 1    
502:  0.144 0.073 0.681 0.062 0.040 1    
503:  0.300 0.209 0.052 0.350 0.089 1    
504:  0.079 0.054 0.168 0.631 0.068 1    
505:  0.616 0.141 0.081 0.098 0.063 1    
506:  0.259 0.139 0.414 0.058 0.130 1    
507:  0.077 0.099 0.034 0.748 0.043 1    
508:  0.034 0.475 0.176 0.250 0.065 1    
509:  0.439 0.056 0.152 0.137 0.217 1    
510:  0.080 0.366 0.238 0.121 0.195 1    
511:  0.090 0.053 0.453 0.136 0.266 1    
512:  0.093 0.025 0.189 0.036 0.657 1    
513:  0.357 0.120 0.181 0.192 0.150 1    
514:  0.586 0.045 0.238 0.072 0.059 1    
515:  0.073 0.648 0.072 0.048 0.159 1    
516:  0.106 0.167 0.122 0.050 0.556 1    
517:  0.203 0.370 0.133 0.085 0.209 1    
518:  0.085 0.046 0.068 0.755 0.046 1    
519:  0.284 0.078 0.066 0.161 0.411 1    
520:  0.036 0.046 0.807 0.029 0.081 1    
521:  0.063 0.484 0.077 0.126 0.250 1    
522:  0.168 0.195 0.136 0.422 0.079 1    
523:  0.105 0.124 0.363 0.118 0.289 1    
524:  0.293 0.106 0.337 0.070 0.194 1    
525:  0.134 0.350 0.099 0.056 0.361 1    
526:  0.243 0.220 0.314 0.102 0.120 1    
527:  0.678 0.050 0.043 0.153 0.077 1    
528:  0.146 0.117 0.098 0.412 0.226 1    
529:  0.608 0.081 0.073 0.189 0.048 1    
530:  0.366 0.045 0.214 0.307 0.068 1    
531:  0.041 0.697 0.058 0.041 0.162 1    
532:  0.200 0.124 0.411 0.035 0.230 1    
533:  0.648 0.123 0.062 0.094 0.073 1    
534:  0.690 0.026 0.032 0.029 0.224 1    
535:  0.058 0.037 0.773 0.067 0.065 1    
536:  0.248 0.432 0.104 0.057 0.159 1    
537:  0.039 0.071 0.769 0.047 0.074 1    
538:  0.269 0.078 0.233 0.057 0.363 1    
539:  0.051 0.134 0.625 0.062 0.127 1    
540:  0.776 0.053 0.052 0.044 0.076 1    
541:  0.132 0.106 0.151 0.072 0.539 1    
542:  0.032 0.030 0.061 0.444 0.433 1    
543:  0.036 0.031 0.866 0.037 0.031 1    
544:  0.311 0.134 0.348 0.137 0.070 1    
545:  0.047 0.495 0.086 0.045 0.327 1    
546:  0.187 0.069 0.195 0.457 0.092 1    
547:  0.026 0.018 0.917 0.021 0.018 1    
548:  0.186 0.139 0.112 0.519 0.044 1    
549:  0.056 0.119 0.586 0.049 0.190 1    
550:  0.054 0.023 0.795 0.070 0.057 1    
551:  0.299 0.059 0.209 0.341 0.092 1    
552:  0.079 0.122 0.582 0.132 0.085 1    
553:  0.050 0.076 0.769 0.078 0.027 1    
554:  0.063 0.136 0.225 0.414 0.162 1    
555:  0.073 0.032 0.047 0.812 0.036 1    
556:  0.089 0.258 0.104 0.342 0.206 1    
557:  0.233 0.060 0.497 0.102 0.107 1    
558:  0.593 0.084 0.113 0.113 0.097 1    
559:  0.186 0.121 0.079 0.570 0.044 1    
560:  0.045 0.073 0.292 0.113 0.476 1    
561:  0.101 0.123 0.202 0.062 0.512 1    
562:  0.157 0.157 0.168 0.364 0.154 1    
563:  0.073 0.100 0.055 0.444 0.329 1    
564:  0.168 0.185 0.168 0.259 0.220 1    
565:  0.512 0.192 0.102 0.053 0.141 1    
566:  0.054 0.708 0.076 0.114 0.047 1    
567:  0.562 0.198 0.045 0.103 0.092 1    
568:  0.133 0.250 0.091 0.090 0.436 1    
569:  0.053 0.512 0.177 0.140 0.118 1    
570:  0.587 0.072 0.036 0.101 0.205 1    
571:  0.308 0.105 0.167 0.044 0.375 1    
572:  0.067 0.078 0.304 0.524 0.027 1    
573:  0.103 0.168 0.084 0.049 0.596 1    
574:  0.402 0.041 0.424 0.034 0.099 1    
575:  0.101 0.224 0.151 0.429 0.095 1    
576:  0.215 0.092 0.435 0.110 0.148 1    
577:  0.060 0.136 0.059 0.703 0.043 1    
578:  0.096 0.035 0.762 0.035 0.071 1    
579:  0.073 0.025 0.753 0.089 0.059 1    
580:  0.051 0.069 0.687 0.036 0.156 1    
581:  0.412 0.042 0.048 0.194 0.304 1    
582:  0.604 0.110 0.059 0.088 0.138 1    
583:  0.817 0.037 0.033 0.076 0.037 1    
584:  0.581 0.044 0.220 0.043 0.112 1    
585:  0.751 0.045 0.050 0.050 0.105 1    
586:  0.128 0.500 0.068 0.077 0.226 1    
587:  0.559 0.033 0.126 0.222 0.061 1    
588:  0.180 0.028 0.028 0.021 0.743 1    
589:  0.052 0.059 0.037 0.052 0.800 1    
590:  0.313 0.090 0.286 0.162 0.149 1    
591:  0.074 0.074 0.112 0.642 0.099 1    
592:  0.091 0.067 0.122 0.619 0.101 1    
593:  0.054 0.025 0.848 0.045 0.028 1    
594:  0.185 0.058 0.613 0.096 0.048 1    
595:  0.570 0.056 0.205 0.076 0.094 1    
596:  0.381 0.101 0.116 0.274 0.128 1    
597:  0.776 0.050 0.058 0.056 0.059 1    
598:  0.444 0.135 0.241 0.104 0.077 1    
599:  0.346 0.065 0.186 0.026 0.376 1    
600:  0.046 0.342 0.454 0.044 0.114 1    
601:  0.303 0.026 0.060 0.115 0.495 1    
602:  0.559 0.030 0.026 0.042 0.344 1    
603:  0.163 0.080 0.044 0.038 0.675 1    
604:  0.029 0.024 0.019 0.017 0.911 1    
605:  0.105 0.154 0.598 0.054 0.090 1    
606:  0.070 0.127 0.247 0.421 0.135 1    
607:  0.037 0.050 0.067 0.760 0.086 1    
608:  0.142 0.081 0.244 0.217 0.316 1    
609:  0.149 0.136 0.101 0.100 0.515 1    
610:  0.218 0.116 0.262 0.328 0.076 1    
611:  0.027 0.034 0.032 0.026 0.880 1    
612:  0.131 0.070 0.533 0.041 0.225 1    
613:  0.322 0.315 0.094 0.151 0.118 1    
614:  0.048 0.072 0.547 0.078 0.255 1    
615:  0.081 0.397 0.175 0.176 0.171 1    
616:  0.059 0.175 0.065 0.267 0.435 1    
617:  0.068 0.054 0.277 0.058 0.544 1    
618:  0.039 0.090 0.757 0.037 0.077 1    
619:  0.121 0.054 0.056 0.139 0.629 1    
620:  0.116 0.525 0.132 0.142 0.085 1    
621:  0.170 0.049 0.106 0.052 0.622 1    
622:  0.396 0.045 0.054 0.054 0.451 1    
623:  0.107 0.028 0.030 0.043 0.792 1    
624:  0.069 0.052 0.062 0.047 0.770 1    
625:  0.127 0.272 0.157 0.081 0.364 1    
626:  0.032 0.058 0.064 0.036 0.809 1    
627:  0.484 0.082 0.199 0.086 0.149 1    
628:  0.298 0.039 0.254 0.046 0.363 1    
629:  0.032 0.020 0.904 0.025 0.019 1    
630:  0.559 0.051 0.181 0.038 0.170 1    
631:  0.037 0.064 0.028 0.040 0.831 1    
632:  0.114 0.033 0.688 0.083 0.082 1    
633:  0.052 0.059 0.033 0.148 0.706 1    
634:  0.067 0.161 0.167 0.299 0.306 1    
635:  0.223 0.088 0.080 0.386 0.223 1    
636:  0.549 0.052 0.122 0.045 0.233 1    
637:  0.252 0.342 0.062 0.146 0.197 1    
638:  0.223 0.247 0.354 0.131 0.045 1    
639:  0.194 0.506 0.074 0.153 0.073 1    
640:  0.260 0.344 0.108 0.159 0.129 1    
641:  0.192 0.339 0.254 0.091 0.124 1    
642:  0.086 0.055 0.467 0.111 0.281 1    
643:  0.036 0.079 0.086 0.175 0.625 1    
644:  0.094 0.239 0.255 0.093 0.319 1    
645:  0.238 0.147 0.527 0.039 0.050 1    
646:  0.101 0.760 0.055 0.048 0.036 1    
647:  0.077 0.230 0.328 0.322 0.043 1    
648:  0.126 0.350 0.145 0.270 0.109 1    
649:  0.035 0.183 0.476 0.044 0.262 1    
650:  0.225 0.142 0.213 0.169 0.251 1    
651:  0.112 0.063 0.085 0.452 0.288 1    
652:  0.127 0.306 0.244 0.270 0.054 1    
653:  0.214 0.081 0.528 0.076 0.100 1    
654:  0.246 0.066 0.062 0.346 0.281 1    
655:  0.151 0.372 0.160 0.060 0.257 1    
656:  0.672 0.190 0.054 0.047 0.038 1    
657:  0.326 0.244 0.188 0.142 0.101 1    
658:  0.087 0.034 0.038 0.797 0.043 1    
659:  0.129 0.246 0.049 0.270 0.307 1    
660:  0.721 0.041 0.130 0.059 0.048 1    
661:  0.562 0.110 0.229 0.035 0.063 1    
662:  0.121 0.151 0.349 0.122 0.258 1    
663:  0.597 0.186 0.042 0.031 0.144 1    
664:  0.104 0.172 0.125 0.338 0.262 1    
665:  0.073 0.042 0.378 0.460 0.047 1    
666:  0.019 0.054 0.031 0.084 0.812 1    
667:  0.472 0.086 0.143 0.254 0.045 1    
668:  0.028 0.049 0.536 0.029 0.358 1    
669:  0.193 0.267 0.112 0.343 0.085 1    
670:  0.042 0.093 0.219 0.074 0.572 1    
671:  0.050 0.753 0.073 0.040 0.084 1    
672:  0.132 0.650 0.043 0.074 0.101 1    
673:  0.046 0.140 0.343 0.389 0.081 1    
674:  0.043 0.101 0.602 0.057 0.196 1    
675:  0.134 0.132 0.187 0.459 0.087 1    
676:  0.105 0.212 0.527 0.082 0.074 1    
677:  0.145 0.066 0.249 0.120 0.419 1    
678:  0.061 0.102 0.063 0.164 0.610 1    
679:  0.347 0.314 0.070 0.177 0.093 1    
680:  0.090 0.139 0.204 0.342 0.226 1    
681:  0.167 0.036 0.334 0.054 0.408 1    
682:  0.365 0.087 0.063 0.100 0.385 1    
683:  0.088 0.378 0.057 0.254 0.223 1    
684:  0.104 0.150 0.648 0.046 0.053 1    
685:  0.130 0.364 0.369 0.051 0.086 1    
686:  0.087 0.060 0.270 0.464 0.120 1    
687:  0.060 0.083 0.672 0.125 0.060 1    
688:  0.071 0.312 0.207 0.191 0.219 1    
689:  0.492 0.121 0.114 0.066 0.206 1    
690:  0.107 0.464 0.258 0.103 0.068 1    
691:  0.029 0.865 0.028 0.050 0.028 1    
692:  0.034 0.795 0.038 0.071 0.061 1    
693:  0.139 0.264 0.066 0.375 0.156 1    
694:  0.413 0.124 0.062 0.311 0.090 1    
695:  0.084 0.064 0.259 0.258 0.335 1    
696:  0.267 0.180 0.420 0.059 0.073 1    
697:  0.340 0.076 0.163 0.368 0.052 1    
698:  0.055 0.756 0.022 0.038 0.129 1    
699:  0.305 0.282 0.200 0.076 0.137 1    
700:  0.132 0.644 0.071 0.048 0.105 1    
701:  0.186 0.462 0.103 0.101 0.148 1    
702:  0.087 0.616 0.091 0.130 0.076 1    
703:  0.125 0.738 0.031 0.026 0.080 1    
704:  0.214 0.465 0.089 0.166 0.066 1    
705:  0.061 0.081 0.726 0.054 0.078 1    
706:  0.314 0.273 0.082 0.214 0.117 1    
707:  0.101 0.474 0.211 0.130 0.084 1    
708:  0.170 0.298 0.200 0.228 0.104 1    
709:  0.362 0.240 0.121 0.221 0.056 1    
710:  0.051 0.090 0.746 0.069 0.044 1    
711:  0.624 0.124 0.100 0.095 0.057 1    
712:  0.047 0.074 0.064 0.741 0.074 1    
713:  0.207 0.423 0.073 0.232 0.064 1    
714:  0.118 0.202 0.415 0.041 0.224 1    
715:  0.105 0.182 0.225 0.303 0.185 1    
716:  0.032 0.055 0.751 0.116 0.046 1    
717:  0.676 0.048 0.033 0.131 0.112 1    
718:  0.095 0.133 0.094 0.595 0.083 1    
719:  0.116 0.147 0.617 0.066 0.054 1    
720:  0.405 0.087 0.337 0.049 0.122 1    
721:  0.304 0.181 0.214 0.172 0.130 1    
722:  0.114 0.291 0.256 0.277 0.062 1    
723:  0.109 0.096 0.076 0.670 0.049 1    
724:  0.677 0.047 0.084 0.086 0.105 1    
725:  0.152 0.068 0.389 0.243 0.148 1    
726:  0.241 0.039 0.035 0.522 0.162 1    
727:  0.035 0.780 0.059 0.074 0.053 1    
728:  0.059 0.046 0.742 0.045 0.107 1    
729:  0.066 0.077 0.762 0.055 0.040 1    
730:  0.048 0.088 0.774 0.063 0.027 1    
731:  0.027 0.129 0.718 0.070 0.056 1    
732:  0.125 0.155 0.303 0.246 0.171 1    
733:  0.096 0.257 0.032 0.077 0.538 1    
734:  0.382 0.175 0.097 0.133 0.213 1    
735:  0.094 0.610 0.078 0.109 0.109 1    
736:  0.263 0.154 0.219 0.199 0.165 1    
737:  0.134 0.098 0.642 0.030 0.096 1    
738:  0.195 0.181 0.361 0.180 0.083 1    
739:  0.072 0.814 0.031 0.035 0.049 1    
740:  0.116 0.750 0.051 0.037 0.046 1    
741:  0.543 0.088 0.126 0.030 0.213 1    
742:  0.150 0.253 0.242 0.156 0.199 1    
743:  0.087 0.076 0.066 0.027 0.743 1    
744:  0.328 0.144 0.213 0.183 0.133 1    
745:  0.637 0.073 0.132 0.106 0.051 1    
746:  0.298 0.360 0.092 0.163 0.086 1    
747:  0.125 0.503 0.141 0.088 0.143 1    
748:  0.116 0.036 0.529 0.056 0.263 1    
749:  0.114 0.669 0.125 0.038 0.055 1    
750:  0.659 0.110 0.134 0.028 0.070 1    
751:  0.055 0.062 0.082 0.693 0.108 1    
752:  0.646 0.073 0.164 0.070 0.047 1    
753:  0.287 0.299 0.071 0.298 0.045 1    
754:  0.096 0.198 0.118 0.511 0.077 1    
755:  0.105 0.110 0.291 0.409 0.084 1    
756:  0.169 0.222 0.154 0.377 0.077 1    
757:  0.070 0.368 0.380 0.085 0.097 1    
758:  0.042 0.394 0.314 0.197 0.054 1    
759:  0.200 0.521 0.038 0.027 0.214 1    
760:  0.113 0.299 0.065 0.108 0.416 1    
761:  0.669 0.086 0.045 0.088 0.112 1    
762:  0.368 0.239 0.091 0.084 0.219 1    
763:  0.046 0.809 0.045 0.052 0.048 1    
764:  0.070 0.551 0.170 0.058 0.151 1    
765:  0.313 0.072 0.187 0.353 0.076 1    
766:  0.033 0.230 0.159 0.472 0.106 1    
767:  0.069 0.765 0.032 0.066 0.068 1    
768:  0.534 0.083 0.182 0.039 0.162 1    
769:  0.201 0.362 0.160 0.155 0.122 1    
770:  0.048 0.099 0.691 0.040 0.122 1    
771:  0.076 0.306 0.497 0.060 0.061 1    
772:  0.528 0.172 0.080 0.129 0.090 1    
773:  0.204 0.208 0.301 0.136 0.151 1    
774:  0.027 0.038 0.754 0.078 0.103 1    
775:  0.357 0.404 0.070 0.098 0.072 1    
776:  0.313 0.071 0.115 0.290 0.210 1    
777:  0.310 0.147 0.211 0.243 0.090 1    
778:  0.114 0.466 0.082 0.274 0.064 1    
779:  0.102 0.496 0.091 0.057 0.254 1    
780:  0.248 0.109 0.481 0.085 0.076 1    
781:  0.172 0.315 0.091 0.181 0.240 1    
782:  0.054 0.809 0.041 0.074 0.022 1    
783:  0.155 0.061 0.198 0.415 0.171 1    
784:  0.032 0.895 0.023 0.021 0.030 1    
785:  0.130 0.190 0.063 0.168 0.448 1    
786:  0.224 0.174 0.179 0.131 0.292 1    
787:  0.448 0.154 0.148 0.126 0.124 1    
788:  0.080 0.027 0.088 0.111 0.694 1    
789:  0.822 0.037 0.038 0.056 0.047 1    
790:  0.396 0.196 0.270 0.091 0.046 1    
791:  0.473 0.294 0.061 0.067 0.105 1    
792:  0.034 0.043 0.647 0.104 0.173 1    
793:  0.301 0.288 0.154 0.132 0.126 1    
794:  0.099 0.248 0.121 0.437 0.094 1    
795:  0.157 0.154 0.114 0.165 0.410 1    
796:  0.438 0.176 0.079 0.159 0.148 1    
797:  0.074 0.664 0.065 0.084 0.114 1    
798:  0.571 0.221 0.047 0.089 0.073 1    
799:  0.395 0.333 0.136 0.096 0.041 1    
800:  0.160 0.118 0.065 0.543 0.114 1    
801:  0.031 0.053 0.073 0.760 0.082 1    
802:  0.277 0.207 0.122 0.155 0.238 1    
803:  0.044 0.068 0.272 0.553 0.063 1    
804:  0.129 0.733 0.032 0.043 0.063 1    
805:  0.231 0.407 0.123 0.157 0.083 1    
806:  0.129 0.103 0.076 0.638 0.054 1    
807:  0.120 0.421 0.350 0.056 0.052 1    
808:  0.117 0.278 0.201 0.334 0.070 1    
809:  0.066 0.108 0.694 0.042 0.089 1    
810:  0.048 0.750 0.083 0.083 0.036 1    
811:  0.095 0.243 0.539 0.059 0.066 1    
812:  0.063 0.566 0.067 0.243 0.061 1    
813:  0.117 0.155 0.060 0.622 0.046 1    
814:  0.112 0.155 0.076 0.555 0.102 1    
815:  0.282 0.198 0.185 0.192 0.144 1    
816:  0.319 0.157 0.062 0.065 0.397 1    
817:  0.031 0.052 0.870 0.021 0.025 1    
818:  0.054 0.361 0.361 0.087 0.136 1    
819:  0.693 0.059 0.090 0.081 0.078 1    
820:  0.241 0.085 0.388 0.103 0.183 1    
821:  0.097 0.079 0.563 0.033 0.227 1    
822:  0.100 0.637 0.098 0.123 0.042 1    
823:  0.221 0.568 0.056 0.034 0.120 1    
824:  0.116 0.284 0.421 0.056 0.123 1    
825:  0.059 0.265 0.412 0.042 0.223 1    
826:  0.106 0.064 0.441 0.200 0.188 1    
827:  0.027 0.036 0.795 0.104 0.039 1    
828:  0.097 0.037 0.760 0.058 0.048 1    
829:  0.657 0.044 0.050 0.173 0.075 1    
830:  0.267 0.153 0.184 0.096 0.299 1    
831:  0.095 0.482 0.092 0.076 0.255 1    
832:  0.159 0.076 0.579 0.142 0.044 1    
833:  0.436 0.148 0.253 0.106 0.058 1    
834:  0.158 0.194 0.426 0.139 0.084 1    
835:  0.056 0.594 0.142 0.051 0.157 1    
836:  0.223 0.285 0.049 0.208 0.236 1    
837:  0.038 0.118 0.106 0.676 0.062 1    
838:  0.136 0.377 0.229 0.189 0.070 1    
839:  0.400 0.145 0.154 0.119 0.181 1    
840:  0.078 0.268 0.486 0.055 0.114 1    
841:  0.088 0.137 0.093 0.296 0.386 1    
842:  0.623 0.065 0.151 0.085 0.076 1    
843:  0.653 0.034 0.045 0.226 0.042 1    
844:  0.143 0.281 0.052 0.042 0.483 1    
845:  0.115 0.050 0.537 0.104 0.194 1    
846:  0.215 0.368 0.081 0.094 0.242 1    
847:  0.135 0.092 0.128 0.420 0.226 1    
848:  0.073 0.091 0.718 0.083 0.035 1    
849:  0.066 0.093 0.199 0.341 0.302 1    
850:  0.038 0.286 0.578 0.045 0.051 1    
851:  0.479 0.054 0.262 0.152 0.053 1    
852:  0.708 0.076 0.058 0.042 0.116 1    
853:  0.432 0.076 0.031 0.420 0.041 1    
854:  0.124 0.201 0.462 0.052 0.160 1    
855:  0.193 0.059 0.163 0.050 0.534 1    
856:  0.061 0.811 0.052 0.045 0.031 1    
857:  0.155 0.049 0.070 0.647 0.078 1    
858:  0.616 0.090 0.139 0.043 0.111 1    
859:  0.057 0.037 0.102 0.099 0.705 1    
860:  0.143 0.439 0.077 0.232 0.110 1    
861:  0.176 0.347 0.056 0.126 0.294 1    
862:  0.048 0.068 0.627 0.224 0.033 1    
863:  0.040 0.753 0.064 0.110 0.032 1    
864:  0.043 0.158 0.450 0.101 0.247 1    
865:  0.392 0.126 0.133 0.179 0.170 1    
866:  0.069 0.215 0.058 0.611 0.047 1    
867:  0.054 0.564 0.117 0.221 0.045 1    
868:  0.191 0.412 0.203 0.115 0.079 1    
869:  0.245 0.419 0.058 0.183 0.095 1    
870:  0.117 0.240 0.091 0.473 0.078 1    
871:  0.305 0.113 0.184 0.056 0.342 1    
872:  0.193 0.251 0.382 0.054 0.120 1    
873:  0.056 0.156 0.141 0.283 0.364 1    
874:  0.232 0.181 0.106 0.415 0.067 1    
875:  0.258 0.090 0.496 0.073 0.084 1    
876:  0.047 0.130 0.646 0.065 0.112 1    
877:  0.032 0.668 0.227 0.027 0.046 1    
878:  0.054 0.038 0.105 0.682 0.122 1    
879:  0.585 0.147 0.137 0.072 0.059 1    
880:  0.044 0.617 0.043 0.026 0.270 1    
881:  0.029 0.897 0.022 0.019 0.033 1    
882:  0.109 0.774 0.038 0.027 0.052 1    
883:  0.025 0.283 0.548 0.082 0.061 1    
884:  0.525 0.043 0.084 0.153 0.195 1    
885:  0.206 0.159 0.500 0.079 0.056 1    
886:  0.077 0.343 0.117 0.106 0.356 1    
887:  0.158 0.262 0.209 0.086 0.285 1    
888:  0.103 0.105 0.600 0.122 0.070 1    
889:  0.372 0.199 0.051 0.188 0.191 1    
890:  0.070 0.479 0.088 0.076 0.286 1    
891:  0.073 0.746 0.036 0.100 0.045 1    
892:  0.100 0.224 0.081 0.527 0.067 1    
893:  0.094 0.247 0.515 0.100 0.044 1    
894:  0.401 0.108 0.055 0.366 0.070 1    
895:  0.070 0.129 0.042 0.706 0.054 1    
896:  0.052 0.568 0.042 0.171 0.167 1    
897:  0.108 0.105 0.336 0.080 0.371 1    
898:  0.070 0.454 0.042 0.373 0.061 1    
899:  0.117 0.100 0.046 0.671 0.066 1    
900:  0.057 0.447 0.310 0.128 0.058 1    
901:  0.206 0.186 0.084 0.457 0.066 1    
902:  0.735 0.041 0.105 0.041 0.077 1    
903:  0.046 0.131 0.068 0.076 0.678 1    
904:  0.122 0.249 0.145 0.441 0.043 1    
905:  0.084 0.150 0.038 0.677 0.050 1    
906:  0.057 0.096 0.155 0.110 0.582 1    
907:  0.097 0.056 0.473 0.054 0.320 1    
908:  0.084 0.030 0.768 0.093 0.026 1    
909:  0.324 0.379 0.037 0.042 0.219 1    
910:  0.039 0.115 0.458 0.353 0.036 1    
911:  0.242 0.067 0.435 0.102 0.154 1    
912:  0.049 0.038 0.064 0.797 0.052 1    
913:  0.085 0.547 0.201 0.108 0.059 1    
914:  0.043 0.027 0.037 0.858 0.035 1    
915:  0.293 0.112 0.077 0.384 0.134 1    
916:  0.136 0.187 0.120 0.081 0.476 1    
917:  0.115 0.667 0.081 0.036 0.101 1    
918:  0.029 0.067 0.038 0.566 0.300 1    
919:  0.514 0.034 0.188 0.132 0.132 1    
920:  0.036 0.082 0.038 0.717 0.127 1    
921:  0.077 0.127 0.067 0.389 0.340 1    
922:  0.038 0.038 0.818 0.079 0.026 1    
923:  0.064 0.084 0.718 0.083 0.051 1    
924:  0.076 0.110 0.033 0.746 0.034 1    
925:  0.424 0.044 0.079 0.058 0.396 1    
926:  0.481 0.082 0.188 0.172 0.078 1    
927:  0.052 0.028 0.041 0.849 0.030 1    
928:  0.045 0.297 0.102 0.495 0.061 1    
929:  0.535 0.106 0.090 0.092 0.178 1    
930:  0.108 0.093 0.066 0.361 0.372 1    
931:  0.060 0.067 0.072 0.141 0.659 1    
932:  0.421 0.090 0.097 0.201 0.191 1    
933:  0.051 0.748 0.075 0.078 0.047 1    
934:  0.157 0.234 0.117 0.358 0.135 1    
935:  0.058 0.646 0.025 0.097 0.173 1    
936:  0.269 0.087 0.058 0.511 0.074 1    
937:  0.103 0.324 0.151 0.138 0.283 1    
938:  0.081 0.237 0.044 0.599 0.039 1    
939:  0.174 0.236 0.079 0.451 0.060 1    
940:  0.035 0.071 0.086 0.709 0.100 1    
941:  0.330 0.222 0.134 0.157 0.158 1    
942:  0.086 0.036 0.739 0.098 0.040 1    
943:  0.350 0.225 0.232 0.062 0.131 1    
944:  0.039 0.053 0.049 0.822 0.036 1    
945:  0.244 0.066 0.051 0.555 0.083 1    
946:  0.105 0.051 0.073 0.705 0.066 1    
947:  0.025 0.032 0.882 0.036 0.026 1    
948:  0.058 0.570 0.092 0.195 0.085 1    
949:  0.315 0.085 0.169 0.153 0.278 1    
950:  0.087 0.048 0.035 0.783 0.045 1    
951:  0.184 0.125 0.136 0.179 0.375 1    
952:  0.035 0.111 0.053 0.760 0.040 1    
