1:    0.643 0.007 0.174 0.013 0.016 0.031 0.018 0.008 0.008 0.027 0.020 0.034 1    
2:    0.716 0.013 0.039 0.054 0.048 0.012 0.010 0.039 0.012 0.013 0.023 0.022 1    
3:    0.732 0.009 0.100 0.015 0.042 0.029 0.015 0.012 0.009 0.012 0.010 0.014 1    
4:    0.526 0.039 0.065 0.036 0.053 0.015 0.046 0.045 0.009 0.017 0.044 0.105 1    
5:    0.385 0.072 0.230 0.029 0.034 0.011 0.058 0.013 0.009 0.052 0.028 0.079 1    
6:    0.711 0.034 0.037 0.007 0.057 0.025 0.036 0.026 0.005 0.006 0.010 0.046 1    
7:    0.639 0.007 0.050 0.010 0.018 0.065 0.008 0.012 0.006 0.021 0.096 0.067 1    
8:    0.671 0.017 0.092 0.023 0.036 0.077 0.009 0.023 0.012 0.008 0.009 0.022 1    
9:    0.025 0.731 0.028 0.016 0.036 0.043 0.014 0.031 0.011 0.028 0.022 0.016 1    
10:   0.030 0.860 0.009 0.006 0.011 0.012 0.007 0.022 0.013 0.015 0.007 0.008 1    
11:   0.019 0.896 0.006 0.008 0.007 0.007 0.010 0.012 0.006 0.016 0.008 0.006 1    
12:   0.181 0.165 0.064 0.086 0.015 0.017 0.055 0.203 0.011 0.170 0.013 0.020 1    
13:   0.068 0.515 0.018 0.163 0.027 0.040 0.030 0.014 0.052 0.039 0.017 0.017 1    
14:   0.030 0.797 0.010 0.017 0.018 0.014 0.015 0.019 0.013 0.033 0.025 0.010 1    
15:   0.022 0.566 0.014 0.034 0.145 0.007 0.030 0.074 0.007 0.043 0.045 0.011 1    
16:   0.030 0.756 0.010 0.018 0.010 0.052 0.010 0.012 0.056 0.026 0.011 0.010 1    
17:   0.006 0.877 0.012 0.006 0.009 0.032 0.007 0.008 0.006 0.013 0.008 0.015 1    
18:   0.008 0.022 0.014 0.005 0.022 0.015 0.794 0.008 0.060 0.010 0.008 0.032 1    
19:   0.014 0.055 0.028 0.004 0.031 0.012 0.705 0.014 0.065 0.011 0.016 0.046 1    
20:   0.005 0.016 0.008 0.030 0.011 0.061 0.719 0.008 0.106 0.011 0.011 0.016 1    
21:   0.006 0.008 0.007 0.009 0.056 0.009 0.801 0.010 0.039 0.011 0.008 0.036 1    
22:   0.006 0.007 0.008 0.014 0.013 0.011 0.626 0.008 0.282 0.009 0.006 0.011 1    
23:   0.010 0.027 0.009 0.031 0.039 0.008 0.692 0.019 0.053 0.027 0.044 0.040 1    
24:   0.005 0.009 0.005 0.030 0.020 0.010 0.853 0.008 0.017 0.014 0.008 0.021 1    
25:   0.006 0.008 0.007 0.005 0.005 0.006 0.932 0.005 0.006 0.006 0.007 0.005 1    
26:   0.007 0.006 0.010 0.005 0.006 0.004 0.925 0.006 0.004 0.010 0.008 0.007 1    
27:   0.009 0.013 0.010 0.009 0.012 0.007 0.873 0.017 0.006 0.015 0.023 0.007 1    
28:   0.025 0.010 0.044 0.010 0.015 0.011 0.754 0.062 0.018 0.021 0.021 0.008 1    
29:   0.019 0.006 0.027 0.011 0.014 0.008 0.737 0.026 0.008 0.074 0.058 0.011 1    
30:   0.010 0.004 0.011 0.007 0.011 0.005 0.897 0.010 0.006 0.012 0.021 0.008 1    
31:   0.036 0.009 0.109 0.011 0.026 0.017 0.403 0.092 0.013 0.050 0.222 0.010 1    
32:   0.037 0.868 0.008 0.007 0.009 0.017 0.004 0.011 0.017 0.007 0.007 0.008 1    
33:   0.082 0.756 0.011 0.012 0.029 0.010 0.014 0.024 0.027 0.016 0.012 0.005 1    
34:   0.019 0.622 0.009 0.022 0.209 0.020 0.012 0.021 0.019 0.010 0.024 0.014 1    
35:   0.009 0.875 0.009 0.013 0.016 0.015 0.006 0.007 0.016 0.008 0.011 0.015 1    
36:   0.062 0.745 0.009 0.014 0.020 0.010 0.014 0.044 0.007 0.050 0.016 0.009 1    
37:   0.514 0.169 0.009 0.035 0.020 0.006 0.014 0.161 0.011 0.041 0.013 0.006 1    
38:   0.007 0.928 0.004 0.006 0.011 0.008 0.005 0.006 0.009 0.005 0.004 0.008 1    
39:   0.015 0.118 0.303 0.040 0.052 0.038 0.080 0.107 0.029 0.035 0.115 0.068 1    
40:   0.007 0.023 0.023 0.008 0.013 0.020 0.017 0.080 0.005 0.010 0.013 0.781 1    
41:   0.013 0.047 0.088 0.047 0.034 0.041 0.052 0.037 0.024 0.176 0.181 0.260 1    
42:   0.008 0.017 0.038 0.007 0.012 0.007 0.014 0.018 0.008 0.008 0.017 0.848 1    
43:   0.008 0.050 0.014 0.010 0.012 0.066 0.115 0.128 0.008 0.070 0.016 0.504 1    
44:   0.007 0.010 0.016 0.006 0.008 0.013 0.009 0.031 0.004 0.009 0.010 0.876 1    
45:   0.030 0.023 0.036 0.022 0.015 0.081 0.016 0.389 0.007 0.016 0.020 0.343 1    
46:   0.006 0.010 0.027 0.008 0.007 0.008 0.007 0.011 0.004 0.006 0.011 0.897 1    
47:   0.014 0.014 0.009 0.023 0.012 0.006 0.882 0.005 0.015 0.007 0.007 0.006 1    
48:   0.033 0.008 0.034 0.014 0.034 0.029 0.781 0.013 0.008 0.009 0.032 0.004 1    
49:   0.023 0.007 0.009 0.009 0.016 0.024 0.871 0.007 0.007 0.013 0.009 0.005 1    
50:   0.009 0.013 0.008 0.015 0.009 0.008 0.898 0.005 0.012 0.010 0.005 0.008 1    
51:   0.008 0.011 0.006 0.011 0.010 0.009 0.901 0.006 0.017 0.009 0.005 0.007 1    
52:   0.007 0.013 0.016 0.137 0.010 0.016 0.113 0.082 0.005 0.008 0.524 0.068 1    
53:   0.033 0.022 0.011 0.087 0.006 0.017 0.014 0.158 0.031 0.014 0.583 0.024 1    
54:   0.010 0.037 0.016 0.030 0.013 0.006 0.096 0.129 0.009 0.028 0.612 0.014 1    
55:   0.015 0.671 0.011 0.035 0.008 0.011 0.024 0.044 0.027 0.029 0.103 0.022 1    
56:   0.018 0.663 0.010 0.034 0.007 0.011 0.022 0.046 0.036 0.025 0.114 0.015 1    
57:   0.030 0.047 0.013 0.041 0.006 0.011 0.085 0.323 0.105 0.013 0.306 0.021 1    
58:   0.019 0.095 0.030 0.043 0.009 0.012 0.286 0.141 0.018 0.024 0.304 0.018 1    
59:   0.073 0.154 0.016 0.035 0.142 0.013 0.021 0.047 0.080 0.021 0.381 0.017 1    
60:   0.027 0.034 0.009 0.010 0.011 0.013 0.839 0.011 0.009 0.010 0.009 0.019 1    
61:   0.082 0.067 0.021 0.045 0.014 0.014 0.566 0.066 0.009 0.019 0.086 0.011 1    
62:   0.205 0.044 0.039 0.019 0.008 0.023 0.535 0.068 0.009 0.011 0.024 0.015 1    
63:   0.126 0.024 0.044 0.008 0.009 0.013 0.456 0.246 0.008 0.020 0.035 0.011 1    
64:   0.151 0.040 0.069 0.007 0.013 0.017 0.453 0.168 0.007 0.015 0.045 0.014 1    
65:   0.043 0.020 0.008 0.008 0.008 0.025 0.593 0.245 0.007 0.014 0.018 0.011 1    
66:   0.019 0.243 0.105 0.040 0.008 0.016 0.052 0.281 0.168 0.008 0.020 0.040 1    
67:   0.009 0.021 0.014 0.014 0.006 0.005 0.058 0.822 0.016 0.008 0.011 0.015 1    
68:   0.057 0.075 0.059 0.394 0.013 0.068 0.017 0.124 0.056 0.012 0.106 0.020 1    
69:   0.032 0.070 0.083 0.020 0.016 0.016 0.050 0.643 0.014 0.010 0.026 0.020 1    
70:   0.013 0.132 0.008 0.031 0.016 0.012 0.556 0.126 0.069 0.011 0.014 0.013 1    
71:   0.008 0.035 0.023 0.011 0.014 0.008 0.059 0.775 0.025 0.009 0.009 0.023 1    
72:   0.019 0.053 0.041 0.007 0.011 0.009 0.172 0.481 0.133 0.014 0.024 0.036 1    
73:   0.013 0.035 0.034 0.017 0.013 0.007 0.043 0.758 0.031 0.009 0.017 0.023 1    
74:   0.012 0.788 0.014 0.013 0.015 0.010 0.016 0.046 0.043 0.008 0.017 0.019 1    
75:   0.011 0.026 0.010 0.005 0.007 0.016 0.011 0.026 0.005 0.013 0.016 0.856 1    
76:   0.018 0.023 0.022 0.007 0.007 0.038 0.010 0.017 0.013 0.030 0.016 0.798 1    
77:   0.051 0.041 0.079 0.009 0.014 0.050 0.066 0.077 0.020 0.336 0.052 0.206 1    
78:   0.024 0.049 0.009 0.014 0.022 0.009 0.026 0.024 0.008 0.026 0.724 0.066 1    
79:   0.039 0.055 0.256 0.010 0.013 0.056 0.055 0.067 0.012 0.289 0.057 0.090 1    
80:   0.015 0.102 0.024 0.014 0.008 0.021 0.096 0.119 0.005 0.257 0.141 0.199 1    
81:   0.010 0.016 0.018 0.008 0.007 0.008 0.453 0.168 0.012 0.020 0.251 0.028 1    
82:   0.010 0.022 0.106 0.023 0.010 0.055 0.602 0.054 0.017 0.048 0.015 0.039 1    
83:   0.010 0.035 0.033 0.008 0.010 0.010 0.707 0.108 0.014 0.029 0.021 0.016 1    
84:   0.025 0.009 0.033 0.006 0.009 0.009 0.537 0.094 0.010 0.029 0.215 0.026 1    
85:   0.053 0.017 0.012 0.015 0.008 0.019 0.033 0.044 0.011 0.060 0.693 0.035 1    
86:   0.013 0.039 0.044 0.006 0.008 0.011 0.747 0.066 0.016 0.023 0.014 0.012 1    
87:   0.038 0.012 0.737 0.018 0.014 0.013 0.007 0.068 0.007 0.015 0.061 0.009 1    
88:   0.019 0.012 0.687 0.015 0.014 0.019 0.008 0.141 0.008 0.034 0.029 0.013 1    
89:   0.036 0.057 0.160 0.046 0.014 0.082 0.008 0.176 0.010 0.055 0.279 0.077 1    
90:   0.019 0.008 0.393 0.034 0.011 0.032 0.146 0.255 0.006 0.023 0.049 0.022 1    
91:   0.410 0.128 0.108 0.055 0.010 0.008 0.007 0.065 0.021 0.162 0.014 0.012 1    
92:   0.508 0.231 0.028 0.065 0.011 0.009 0.007 0.029 0.019 0.071 0.017 0.007 1    
93:   0.122 0.411 0.098 0.013 0.023 0.077 0.007 0.013 0.018 0.186 0.011 0.020 1    
94:   0.542 0.031 0.014 0.056 0.021 0.015 0.009 0.053 0.025 0.210 0.015 0.009 1    
95:   0.378 0.068 0.016 0.081 0.008 0.045 0.010 0.152 0.044 0.139 0.031 0.026 1    
96:   0.121 0.040 0.014 0.034 0.019 0.533 0.014 0.047 0.075 0.023 0.011 0.069 1    
97:   0.036 0.011 0.142 0.227 0.006 0.008 0.260 0.031 0.023 0.205 0.014 0.038 1    
98:   0.066 0.010 0.167 0.277 0.011 0.009 0.226 0.135 0.025 0.023 0.032 0.020 1    
99:   0.038 0.008 0.057 0.592 0.009 0.010 0.129 0.092 0.020 0.014 0.015 0.016 1    
100:  0.021 0.062 0.106 0.141 0.014 0.018 0.188 0.045 0.006 0.344 0.026 0.029 1    
101:  0.026 0.011 0.281 0.485 0.016 0.018 0.038 0.025 0.015 0.025 0.049 0.011 1    
102:  0.119 0.018 0.686 0.031 0.011 0.011 0.028 0.030 0.010 0.016 0.023 0.018 1    
103:  0.026 0.018 0.395 0.228 0.010 0.039 0.142 0.067 0.012 0.029 0.010 0.024 1    
104:  0.018 0.021 0.007 0.005 0.017 0.015 0.109 0.026 0.009 0.017 0.017 0.738 1    
105:  0.043 0.010 0.008 0.008 0.027 0.009 0.095 0.052 0.068 0.040 0.307 0.332 1    
106:  0.014 0.009 0.020 0.005 0.019 0.010 0.795 0.023 0.011 0.008 0.019 0.065 1    
107:  0.013 0.010 0.006 0.008 0.007 0.008 0.696 0.010 0.016 0.009 0.168 0.048 1    
108:  0.020 0.011 0.017 0.006 0.026 0.017 0.678 0.028 0.007 0.012 0.030 0.147 1    
109:  0.009 0.010 0.018 0.008 0.010 0.013 0.640 0.026 0.007 0.011 0.220 0.027 1    
110:  0.017 0.011 0.007 0.015 0.051 0.100 0.157 0.014 0.012 0.013 0.047 0.556 1    
111:  0.009 0.011 0.012 0.008 0.024 0.018 0.579 0.020 0.010 0.020 0.259 0.030 1    
112:  0.024 0.019 0.008 0.014 0.059 0.110 0.332 0.017 0.017 0.015 0.033 0.351 1    
113:  0.482 0.012 0.019 0.014 0.022 0.010 0.290 0.025 0.005 0.008 0.066 0.047 1    
114:  0.007 0.008 0.006 0.021 0.012 0.006 0.884 0.012 0.013 0.013 0.008 0.009 1    
115:  0.214 0.052 0.017 0.011 0.010 0.017 0.210 0.027 0.015 0.009 0.081 0.337 1    
116:  0.018 0.010 0.006 0.015 0.008 0.012 0.842 0.007 0.044 0.008 0.014 0.017 1    
117:  0.317 0.114 0.017 0.018 0.027 0.025 0.053 0.056 0.011 0.019 0.113 0.231 1    
118:  0.010 0.007 0.006 0.012 0.010 0.005 0.900 0.008 0.009 0.006 0.005 0.023 1    
119:  0.217 0.011 0.013 0.005 0.017 0.007 0.662 0.009 0.005 0.010 0.017 0.027 1    
120:  0.006 0.006 0.005 0.047 0.008 0.012 0.833 0.006 0.008 0.008 0.026 0.034 1    
121:  0.574 0.013 0.011 0.019 0.019 0.007 0.247 0.026 0.006 0.009 0.033 0.036 1    
122:  0.007 0.005 0.006 0.016 0.013 0.006 0.904 0.007 0.012 0.006 0.006 0.011 1    
123:  0.287 0.041 0.009 0.023 0.015 0.015 0.285 0.018 0.013 0.015 0.021 0.258 1    
124:  0.013 0.005 0.012 0.008 0.017 0.009 0.877 0.006 0.012 0.006 0.008 0.027 1    
125:  0.031 0.007 0.011 0.012 0.012 0.011 0.307 0.024 0.004 0.008 0.539 0.034 1    
126:  0.012 0.017 0.006 0.034 0.012 0.009 0.687 0.014 0.164 0.020 0.009 0.016 1    
127:  0.008 0.009 0.005 0.070 0.011 0.011 0.821 0.011 0.014 0.010 0.015 0.017 1    
128:  0.009 0.005 0.006 0.011 0.009 0.011 0.860 0.011 0.008 0.007 0.014 0.050 1    
129:  0.097 0.225 0.111 0.009 0.068 0.084 0.161 0.032 0.113 0.016 0.071 0.014 1    
130:  0.027 0.222 0.410 0.005 0.024 0.009 0.091 0.084 0.043 0.037 0.028 0.018 1    
131:  0.081 0.017 0.594 0.005 0.048 0.013 0.074 0.087 0.011 0.026 0.037 0.006 1    
132:  0.122 0.170 0.417 0.008 0.079 0.047 0.049 0.015 0.026 0.028 0.030 0.008 1    
133:  0.107 0.013 0.656 0.008 0.032 0.010 0.067 0.040 0.018 0.022 0.022 0.006 1    
134:  0.123 0.150 0.417 0.008 0.081 0.046 0.051 0.017 0.036 0.031 0.032 0.009 1    
135:  0.016 0.033 0.504 0.005 0.025 0.013 0.201 0.116 0.022 0.025 0.030 0.011 1    
136:  0.007 0.004 0.924 0.010 0.007 0.008 0.010 0.006 0.008 0.005 0.006 0.005 1    
137:  0.007 0.005 0.921 0.006 0.006 0.007 0.017 0.007 0.005 0.006 0.006 0.006 1    
138:  0.029 0.007 0.641 0.054 0.014 0.020 0.016 0.051 0.108 0.020 0.029 0.010 1    
139:  0.014 0.009 0.830 0.022 0.009 0.013 0.011 0.021 0.027 0.014 0.022 0.009 1    
140:  0.009 0.005 0.913 0.009 0.005 0.006 0.013 0.007 0.011 0.005 0.009 0.007 1    
141:  0.028 0.029 0.490 0.052 0.011 0.013 0.025 0.080 0.076 0.077 0.061 0.060 1    
142:  0.009 0.004 0.905 0.009 0.006 0.007 0.022 0.008 0.011 0.005 0.007 0.007 1    
143:  0.011 0.005 0.900 0.014 0.005 0.007 0.012 0.019 0.010 0.007 0.005 0.004 1    
144:  0.010 0.005 0.866 0.011 0.006 0.008 0.025 0.030 0.025 0.006 0.004 0.004 1    
145:  0.008 0.010 0.810 0.009 0.005 0.013 0.018 0.078 0.011 0.020 0.008 0.010 1    
146:  0.022 0.013 0.344 0.055 0.011 0.011 0.134 0.315 0.030 0.027 0.014 0.024 1    
147:  0.011 0.022 0.157 0.007 0.014 0.013 0.649 0.052 0.007 0.022 0.023 0.025 1    
148:  0.010 0.004 0.032 0.029 0.006 0.024 0.842 0.012 0.004 0.015 0.012 0.011 1    
149:  0.035 0.010 0.029 0.058 0.005 0.019 0.784 0.010 0.008 0.017 0.011 0.015 1    
150:  0.012 0.005 0.009 0.008 0.006 0.006 0.928 0.007 0.004 0.006 0.004 0.005 1    
151:  0.007 0.005 0.011 0.007 0.006 0.007 0.910 0.015 0.004 0.008 0.012 0.008 1    
152:  0.008 0.018 0.020 0.010 0.012 0.012 0.780 0.029 0.005 0.024 0.066 0.018 1    
153:  0.010 0.008 0.010 0.006 0.007 0.011 0.905 0.011 0.006 0.008 0.009 0.010 1    
154:  0.014 0.006 0.011 0.013 0.007 0.012 0.867 0.013 0.007 0.008 0.032 0.010 1    
155:  0.015 0.018 0.015 0.009 0.008 0.008 0.880 0.010 0.008 0.008 0.006 0.013 1    
156:  0.003 0.944 0.004 0.004 0.004 0.006 0.005 0.004 0.007 0.004 0.004 0.010 1    
157:  0.020 0.269 0.024 0.059 0.012 0.030 0.014 0.445 0.021 0.033 0.025 0.049 1    
158:  0.010 0.743 0.007 0.014 0.013 0.047 0.011 0.021 0.033 0.010 0.030 0.062 1    
159:  0.010 0.902 0.009 0.008 0.006 0.011 0.005 0.010 0.017 0.010 0.007 0.007 1    
160:  0.005 0.921 0.005 0.005 0.007 0.015 0.006 0.006 0.007 0.006 0.005 0.013 1    
161:  0.006 0.905 0.005 0.007 0.011 0.023 0.006 0.008 0.008 0.005 0.005 0.011 1    
162:  0.006 0.942 0.004 0.004 0.007 0.004 0.004 0.007 0.005 0.005 0.006 0.005 1    
163:  0.033 0.718 0.009 0.021 0.017 0.010 0.020 0.022 0.071 0.017 0.042 0.020 1    
164:  0.006 0.918 0.006 0.006 0.005 0.013 0.005 0.006 0.013 0.006 0.006 0.008 1    
165:  0.006 0.879 0.009 0.009 0.007 0.012 0.010 0.019 0.011 0.021 0.007 0.010 1    
166:  0.005 0.935 0.007 0.004 0.007 0.006 0.004 0.006 0.004 0.009 0.006 0.008 1    
167:  0.016 0.576 0.021 0.014 0.051 0.006 0.018 0.021 0.193 0.038 0.037 0.008 1    
168:  0.007 0.899 0.011 0.007 0.010 0.006 0.010 0.013 0.004 0.011 0.011 0.009 1    
169:  0.006 0.870 0.011 0.013 0.007 0.011 0.011 0.014 0.019 0.016 0.011 0.012 1    
170:  0.007 0.773 0.020 0.032 0.011 0.023 0.024 0.022 0.014 0.029 0.017 0.028 1    
171:  0.007 0.898 0.010 0.006 0.008 0.013 0.009 0.015 0.005 0.015 0.005 0.009 1    
172:  0.009 0.869 0.008 0.004 0.007 0.006 0.015 0.021 0.009 0.025 0.012 0.015 1    
173:  0.006 0.917 0.006 0.005 0.007 0.006 0.007 0.015 0.009 0.005 0.009 0.010 1    
174:  0.012 0.881 0.011 0.008 0.008 0.018 0.006 0.010 0.008 0.007 0.015 0.016 1    
175:  0.019 0.863 0.012 0.008 0.011 0.019 0.007 0.007 0.019 0.008 0.007 0.020 1    
176:  0.006 0.912 0.008 0.005 0.005 0.006 0.006 0.019 0.007 0.009 0.007 0.008 1    
177:  0.012 0.889 0.008 0.008 0.008 0.004 0.006 0.016 0.017 0.016 0.010 0.006 1    
178:  0.010 0.790 0.008 0.005 0.014 0.072 0.010 0.007 0.014 0.048 0.012 0.010 1    
179:  0.011 0.024 0.204 0.018 0.013 0.045 0.526 0.085 0.010 0.024 0.029 0.011 1    
180:  0.011 0.007 0.012 0.012 0.017 0.027 0.876 0.006 0.007 0.013 0.007 0.005 1    
181:  0.008 0.007 0.013 0.006 0.006 0.009 0.913 0.011 0.005 0.010 0.006 0.006 1    
182:  0.012 0.006 0.013 0.009 0.009 0.013 0.892 0.013 0.007 0.009 0.012 0.005 1    
183:  0.014 0.018 0.038 0.014 0.013 0.026 0.793 0.040 0.004 0.016 0.018 0.007 1    
184:  0.006 0.006 0.013 0.009 0.010 0.010 0.907 0.008 0.007 0.012 0.006 0.006 1    
185:  0.005 0.008 0.013 0.006 0.006 0.012 0.914 0.012 0.005 0.007 0.007 0.006 1    
186:  0.012 0.006 0.046 0.012 0.009 0.013 0.842 0.018 0.007 0.015 0.013 0.004 1    
187:  0.008 0.024 0.015 0.006 0.011 0.017 0.878 0.013 0.005 0.008 0.008 0.008 1    
188:  0.017 0.028 0.012 0.016 0.019 0.848 0.011 0.016 0.008 0.008 0.008 0.009 1    
189:  0.139 0.143 0.102 0.067 0.023 0.120 0.041 0.082 0.164 0.023 0.034 0.062 1    
190:  0.112 0.059 0.070 0.124 0.051 0.112 0.042 0.180 0.085 0.026 0.063 0.075 1    
191:  0.017 0.034 0.027 0.018 0.047 0.632 0.030 0.018 0.086 0.010 0.031 0.050 1    
192:  0.021 0.015 0.011 0.018 0.023 0.783 0.018 0.023 0.020 0.014 0.034 0.019 1    
193:  0.077 0.051 0.098 0.011 0.026 0.316 0.031 0.051 0.190 0.019 0.040 0.091 1    
194:  0.082 0.058 0.052 0.078 0.056 0.331 0.048 0.054 0.134 0.013 0.054 0.040 1    
195:  0.010 0.614 0.070 0.028 0.015 0.142 0.030 0.017 0.014 0.009 0.009 0.042 1    
196:  0.106 0.075 0.067 0.018 0.028 0.031 0.058 0.038 0.451 0.021 0.025 0.083 1    
197:  0.010 0.044 0.053 0.014 0.024 0.682 0.010 0.010 0.032 0.010 0.094 0.017 1    
198:  0.010 0.013 0.030 0.008 0.014 0.035 0.008 0.014 0.012 0.015 0.827 0.015 1    
199:  0.017 0.009 0.039 0.052 0.009 0.532 0.134 0.028 0.061 0.014 0.081 0.025 1    
200:  0.015 0.013 0.039 0.011 0.006 0.105 0.057 0.075 0.036 0.022 0.600 0.022 1    
201:  0.010 0.008 0.085 0.119 0.008 0.224 0.128 0.030 0.208 0.027 0.118 0.034 1    
202:  0.031 0.006 0.019 0.010 0.015 0.420 0.012 0.025 0.010 0.012 0.431 0.009 1    
203:  0.010 0.005 0.007 0.027 0.010 0.797 0.009 0.008 0.029 0.008 0.081 0.008 1    
204:  0.013 0.020 0.013 0.011 0.014 0.091 0.007 0.021 0.023 0.014 0.762 0.011 1    
205:  0.012 0.009 0.014 0.014 0.025 0.794 0.006 0.008 0.007 0.007 0.098 0.006 1    
206:  0.015 0.012 0.018 0.007 0.011 0.283 0.007 0.028 0.009 0.009 0.595 0.006 1    
207:  0.007 0.005 0.012 0.065 0.008 0.357 0.008 0.010 0.069 0.007 0.442 0.011 1    
208:  0.039 0.014 0.042 0.015 0.030 0.481 0.063 0.068 0.010 0.038 0.189 0.010 1    
209:  0.009 0.008 0.017 0.040 0.007 0.692 0.051 0.022 0.048 0.007 0.080 0.019 1    
210:  0.126 0.007 0.013 0.022 0.017 0.036 0.013 0.018 0.006 0.596 0.136 0.011 1    
211:  0.122 0.026 0.033 0.227 0.045 0.146 0.014 0.016 0.087 0.250 0.029 0.005 1    
212:  0.005 0.011 0.009 0.007 0.008 0.892 0.005 0.005 0.030 0.007 0.009 0.011 1    
213:  0.010 0.005 0.010 0.008 0.010 0.906 0.008 0.008 0.008 0.016 0.008 0.004 1    
214:  0.019 0.013 0.016 0.010 0.015 0.803 0.013 0.010 0.032 0.057 0.006 0.007 1    
215:  0.014 0.009 0.010 0.008 0.018 0.865 0.018 0.006 0.026 0.014 0.006 0.006 1    
216:  0.015 0.010 0.007 0.021 0.009 0.863 0.009 0.011 0.025 0.015 0.010 0.005 1    
217:  0.006 0.010 0.009 0.005 0.004 0.905 0.005 0.012 0.013 0.011 0.012 0.007 1    
218:  0.010 0.012 0.019 0.004 0.005 0.893 0.006 0.008 0.012 0.020 0.005 0.005 1    
219:  0.009 0.011 0.010 0.010 0.015 0.814 0.015 0.007 0.060 0.040 0.005 0.004 1    
220:  0.147 0.012 0.006 0.097 0.147 0.138 0.034 0.017 0.026 0.013 0.344 0.020 1    
221:  0.033 0.008 0.014 0.008 0.218 0.041 0.016 0.008 0.024 0.008 0.612 0.010 1    
222:  0.036 0.033 0.013 0.016 0.040 0.180 0.028 0.008 0.029 0.009 0.584 0.024 1    
223:  0.021 0.057 0.024 0.023 0.078 0.204 0.026 0.009 0.016 0.017 0.479 0.046 1    
224:  0.010 0.045 0.010 0.008 0.026 0.012 0.020 0.016 0.020 0.008 0.809 0.016 1    
225:  0.102 0.095 0.104 0.013 0.216 0.108 0.022 0.080 0.126 0.045 0.059 0.030 1    
226:  0.011 0.009 0.024 0.010 0.028 0.118 0.010 0.040 0.048 0.007 0.677 0.018 1    
227:  0.015 0.045 0.017 0.005 0.315 0.096 0.019 0.017 0.007 0.012 0.437 0.015 1    
228:  0.011 0.041 0.017 0.008 0.138 0.017 0.028 0.064 0.036 0.012 0.607 0.020 1    
229:  0.038 0.069 0.014 0.037 0.132 0.059 0.022 0.140 0.046 0.015 0.405 0.026 1    
230:  0.008 0.015 0.007 0.007 0.019 0.014 0.012 0.009 0.011 0.009 0.881 0.007 1    
231:  0.022 0.036 0.009 0.046 0.016 0.040 0.012 0.009 0.006 0.014 0.773 0.017 1    
232:  0.010 0.011 0.004 0.006 0.007 0.005 0.006 0.008 0.004 0.005 0.924 0.010 1    
233:  0.009 0.022 0.008 0.011 0.006 0.017 0.008 0.010 0.012 0.007 0.857 0.034 1    
234:  0.013 0.023 0.025 0.010 0.257 0.024 0.016 0.016 0.007 0.007 0.590 0.013 1    
235:  0.013 0.016 0.012 0.005 0.052 0.011 0.007 0.019 0.024 0.006 0.808 0.027 1    
236:  0.037 0.272 0.066 0.009 0.065 0.109 0.010 0.041 0.041 0.012 0.097 0.241 1    
237:  0.036 0.223 0.050 0.008 0.079 0.112 0.009 0.028 0.049 0.012 0.117 0.276 1    
238:  0.063 0.725 0.011 0.019 0.006 0.031 0.018 0.014 0.070 0.016 0.013 0.013 1    
239:  0.007 0.761 0.009 0.006 0.009 0.049 0.015 0.008 0.064 0.007 0.006 0.059 1    
240:  0.026 0.365 0.040 0.006 0.012 0.436 0.010 0.014 0.028 0.015 0.019 0.029 1    
241:  0.018 0.782 0.010 0.007 0.006 0.048 0.016 0.010 0.032 0.010 0.010 0.051 1    
242:  0.015 0.591 0.013 0.009 0.013 0.149 0.011 0.010 0.153 0.016 0.008 0.012 1    
243:  0.006 0.586 0.011 0.005 0.012 0.230 0.012 0.010 0.090 0.013 0.010 0.015 1    
244:  0.013 0.850 0.008 0.004 0.012 0.026 0.009 0.005 0.021 0.016 0.007 0.029 1    
245:  0.019 0.645 0.021 0.023 0.022 0.066 0.052 0.016 0.021 0.086 0.009 0.021 1    
246:  0.041 0.660 0.022 0.024 0.009 0.116 0.014 0.015 0.031 0.018 0.028 0.021 1    
247:  0.133 0.188 0.012 0.005 0.008 0.593 0.014 0.010 0.008 0.008 0.008 0.013 1    
248:  0.444 0.022 0.046 0.032 0.023 0.288 0.019 0.066 0.008 0.018 0.021 0.014 1    
249:  0.474 0.015 0.034 0.042 0.070 0.218 0.009 0.071 0.005 0.013 0.024 0.026 1    
250:  0.222 0.028 0.084 0.010 0.069 0.428 0.025 0.015 0.005 0.019 0.066 0.028 1    
251:  0.422 0.026 0.046 0.009 0.062 0.288 0.012 0.024 0.005 0.014 0.016 0.076 1    
252:  0.655 0.024 0.056 0.016 0.058 0.094 0.012 0.020 0.011 0.008 0.030 0.017 1    
253:  0.192 0.082 0.016 0.009 0.022 0.603 0.019 0.010 0.012 0.008 0.016 0.011 1    
254:  0.563 0.038 0.035 0.011 0.074 0.151 0.016 0.040 0.007 0.008 0.034 0.024 1    
255:  0.172 0.055 0.041 0.008 0.021 0.507 0.023 0.022 0.004 0.017 0.021 0.109 1    
256:  0.006 0.012 0.006 0.004 0.008 0.911 0.009 0.007 0.006 0.009 0.008 0.013 1    
257:  0.011 0.045 0.011 0.005 0.017 0.679 0.028 0.009 0.013 0.053 0.013 0.116 1    
258:  0.007 0.006 0.005 0.011 0.005 0.922 0.006 0.004 0.009 0.012 0.007 0.005 1    
259:  0.006 0.015 0.010 0.004 0.008 0.895 0.011 0.008 0.010 0.011 0.007 0.014 1    
260:  0.005 0.008 0.005 0.004 0.005 0.939 0.005 0.005 0.004 0.005 0.007 0.007 1    
261:  0.016 0.005 0.009 0.010 0.012 0.896 0.008 0.005 0.009 0.017 0.006 0.006 1    
262:  0.006 0.009 0.009 0.011 0.008 0.891 0.012 0.008 0.012 0.017 0.007 0.010 1    
263:  0.006 0.005 0.006 0.004 0.005 0.944 0.006 0.005 0.003 0.007 0.004 0.006 1    
264:  0.006 0.006 0.005 0.009 0.005 0.935 0.006 0.004 0.005 0.008 0.006 0.006 1    
265:  0.010 0.009 0.006 0.004 0.007 0.915 0.008 0.010 0.003 0.015 0.006 0.007 1    
266:  0.005 0.007 0.010 0.005 0.004 0.931 0.006 0.007 0.006 0.008 0.004 0.007 1    
267:  0.007 0.009 0.006 0.004 0.005 0.928 0.006 0.007 0.004 0.012 0.005 0.006 1    
268:  0.006 0.007 0.007 0.004 0.004 0.942 0.004 0.005 0.005 0.005 0.004 0.007 1    
269:  0.009 0.012 0.006 0.005 0.007 0.902 0.011 0.008 0.004 0.021 0.008 0.007 1    
270:  0.007 0.011 0.010 0.005 0.008 0.908 0.007 0.006 0.009 0.006 0.007 0.015 1    
271:  0.020 0.018 0.015 0.016 0.013 0.831 0.013 0.011 0.016 0.017 0.018 0.013 1    
272:  0.004 0.009 0.006 0.006 0.006 0.914 0.009 0.007 0.005 0.008 0.008 0.017 1    
273:  0.012 0.083 0.096 0.022 0.031 0.050 0.038 0.035 0.352 0.139 0.121 0.021 1    
274:  0.007 0.013 0.008 0.006 0.007 0.862 0.009 0.005 0.005 0.006 0.011 0.062 1    
275:  0.011 0.049 0.014 0.040 0.009 0.031 0.012 0.010 0.012 0.728 0.029 0.055 1    
276:  0.017 0.015 0.011 0.006 0.006 0.861 0.013 0.006 0.007 0.017 0.011 0.029 1    
277:  0.018 0.259 0.021 0.018 0.015 0.014 0.037 0.013 0.014 0.507 0.042 0.041 1    
278:  0.005 0.007 0.010 0.007 0.006 0.919 0.007 0.008 0.005 0.010 0.008 0.008 1    
279:  0.010 0.100 0.039 0.018 0.014 0.020 0.033 0.022 0.017 0.514 0.174 0.039 1    
280:  0.007 0.010 0.011 0.005 0.006 0.906 0.009 0.007 0.006 0.012 0.011 0.009 1    
281:  0.019 0.136 0.088 0.019 0.042 0.061 0.051 0.021 0.033 0.241 0.152 0.136 1    
282:  0.004 0.011 0.008 0.006 0.007 0.913 0.008 0.007 0.006 0.008 0.006 0.016 1    
283:  0.008 0.009 0.008 0.007 0.009 0.869 0.011 0.006 0.005 0.014 0.007 0.048 1    
284:  0.009 0.014 0.016 0.018 0.016 0.806 0.022 0.009 0.017 0.043 0.015 0.015 1    
285:  0.013 0.004 0.019 0.044 0.006 0.838 0.012 0.010 0.013 0.012 0.019 0.009 1    
286:  0.050 0.017 0.012 0.034 0.007 0.797 0.021 0.012 0.009 0.012 0.011 0.018 1    
287:  0.019 0.013 0.019 0.181 0.008 0.699 0.011 0.010 0.009 0.007 0.007 0.018 1    
288:  0.017 0.007 0.020 0.153 0.008 0.691 0.011 0.010 0.024 0.008 0.038 0.014 1    
289:  0.008 0.007 0.023 0.172 0.008 0.698 0.018 0.010 0.012 0.013 0.017 0.013 1    
290:  0.017 0.009 0.011 0.300 0.008 0.589 0.013 0.011 0.014 0.007 0.009 0.012 1    
291:  0.075 0.014 0.012 0.035 0.007 0.775 0.027 0.013 0.007 0.007 0.013 0.015 1    
292:  0.015 0.006 0.013 0.148 0.007 0.739 0.011 0.007 0.012 0.006 0.026 0.009 1    
293:  0.023 0.010 0.010 0.013 0.018 0.008 0.007 0.016 0.066 0.796 0.024 0.009 1    
294:  0.007 0.011 0.008 0.009 0.006 0.009 0.010 0.023 0.097 0.776 0.038 0.007 1    
295:  0.016 0.010 0.031 0.016 0.193 0.009 0.030 0.014 0.251 0.407 0.017 0.007 1    
296:  0.025 0.012 0.025 0.009 0.063 0.008 0.018 0.014 0.248 0.507 0.066 0.005 1    
297:  0.017 0.006 0.041 0.008 0.092 0.008 0.010 0.010 0.059 0.725 0.013 0.011 1    
298:  0.017 0.008 0.027 0.050 0.173 0.006 0.038 0.006 0.106 0.551 0.010 0.007 1    
299:  0.009 0.010 0.010 0.010 0.010 0.008 0.013 0.021 0.013 0.844 0.046 0.008 1    
300:  0.029 0.008 0.016 0.010 0.096 0.005 0.012 0.011 0.121 0.670 0.013 0.009 1    
301:  0.008 0.012 0.009 0.014 0.007 0.024 0.016 0.008 0.017 0.013 0.021 0.852 1    
302:  0.038 0.008 0.010 0.116 0.029 0.466 0.012 0.014 0.022 0.037 0.101 0.146 1    
303:  0.010 0.031 0.012 0.116 0.025 0.031 0.114 0.010 0.095 0.057 0.067 0.431 1    
304:  0.035 0.011 0.013 0.049 0.018 0.706 0.016 0.023 0.014 0.022 0.067 0.027 1    
305:  0.010 0.012 0.004 0.013 0.012 0.012 0.010 0.006 0.005 0.011 0.027 0.877 1    
306:  0.029 0.010 0.006 0.010 0.028 0.794 0.007 0.015 0.006 0.031 0.018 0.047 1    
307:  0.012 0.051 0.012 0.031 0.016 0.182 0.051 0.016 0.043 0.032 0.054 0.501 1    
308:  0.011 0.023 0.014 0.010 0.083 0.706 0.012 0.009 0.007 0.029 0.082 0.014 1    
309:  0.010 0.014 0.004 0.006 0.013 0.009 0.005 0.007 0.006 0.008 0.020 0.896 1    
310:  0.017 0.009 0.005 0.037 0.007 0.825 0.009 0.017 0.007 0.021 0.020 0.027 1    
311:  0.010 0.008 0.006 0.009 0.006 0.007 0.011 0.005 0.009 0.011 0.013 0.907 1    
312:  0.109 0.048 0.017 0.007 0.224 0.197 0.025 0.021 0.009 0.112 0.144 0.087 1    
313:  0.023 0.017 0.011 0.044 0.017 0.042 0.030 0.014 0.012 0.027 0.080 0.683 1    
314:  0.045 0.012 0.007 0.010 0.038 0.789 0.008 0.009 0.009 0.030 0.026 0.017 1    
315:  0.015 0.046 0.010 0.016 0.085 0.029 0.050 0.012 0.017 0.109 0.047 0.563 1    
316:  0.065 0.026 0.019 0.139 0.039 0.220 0.023 0.021 0.023 0.029 0.346 0.049 1    
317:  0.010 0.021 0.008 0.019 0.015 0.047 0.013 0.008 0.028 0.016 0.042 0.773 1    
318:  0.012 0.011 0.011 0.013 0.009 0.009 0.014 0.012 0.006 0.006 0.885 0.011 1    
319:  0.010 0.007 0.012 0.009 0.009 0.005 0.016 0.011 0.007 0.009 0.884 0.023 1    
320:  0.009 0.007 0.011 0.007 0.007 0.006 0.006 0.007 0.006 0.006 0.917 0.010 1    
321:  0.006 0.010 0.009 0.004 0.007 0.009 0.005 0.009 0.006 0.012 0.920 0.005 1    
322:  0.006 0.007 0.006 0.005 0.008 0.006 0.005 0.006 0.005 0.007 0.935 0.005 1    
323:  0.009 0.006 0.010 0.006 0.008 0.009 0.006 0.009 0.007 0.008 0.914 0.007 1    
324:  0.028 0.005 0.009 0.008 0.005 0.016 0.006 0.007 0.007 0.007 0.893 0.010 1    
325:  0.016 0.008 0.012 0.009 0.012 0.028 0.008 0.011 0.008 0.012 0.869 0.007 1    
326:  0.017 0.007 0.009 0.027 0.019 0.039 0.017 0.010 0.008 0.017 0.811 0.019 1    
327:  0.029 0.013 0.008 0.060 0.042 0.050 0.037 0.019 0.006 0.010 0.707 0.020 1    
328:  0.261 0.049 0.121 0.144 0.082 0.024 0.013 0.033 0.063 0.149 0.015 0.048 1    
329:  0.088 0.070 0.046 0.026 0.025 0.071 0.018 0.018 0.015 0.584 0.023 0.016 1    
330:  0.490 0.019 0.016 0.014 0.054 0.092 0.075 0.050 0.015 0.097 0.069 0.009 1    
331:  0.212 0.140 0.029 0.029 0.087 0.049 0.019 0.080 0.044 0.237 0.056 0.018 1    
332:  0.083 0.015 0.014 0.006 0.106 0.258 0.037 0.016 0.005 0.041 0.409 0.011 1    
333:  0.091 0.091 0.155 0.020 0.037 0.039 0.044 0.030 0.021 0.439 0.021 0.013 1    
334:  0.016 0.149 0.085 0.009 0.026 0.012 0.032 0.098 0.012 0.013 0.027 0.520 1    
335:  0.055 0.135 0.022 0.009 0.009 0.089 0.025 0.043 0.032 0.027 0.016 0.538 1    
336:  0.009 0.026 0.087 0.016 0.012 0.086 0.025 0.028 0.011 0.005 0.171 0.524 1    
337:  0.018 0.566 0.030 0.031 0.022 0.046 0.049 0.111 0.021 0.020 0.034 0.052 1    
338:  0.010 0.513 0.073 0.011 0.010 0.206 0.032 0.041 0.006 0.010 0.011 0.077 1    
339:  0.009 0.010 0.071 0.008 0.008 0.187 0.009 0.007 0.005 0.005 0.018 0.662 1    
340:  0.011 0.012 0.016 0.007 0.006 0.847 0.009 0.010 0.003 0.008 0.036 0.034 1    
341:  0.054 0.465 0.030 0.028 0.024 0.013 0.026 0.069 0.007 0.052 0.181 0.051 1    
342:  0.050 0.025 0.017 0.040 0.012 0.036 0.020 0.042 0.009 0.692 0.036 0.020 1    
343:  0.021 0.020 0.011 0.009 0.006 0.026 0.012 0.653 0.004 0.193 0.035 0.009 1    
344:  0.066 0.235 0.032 0.041 0.013 0.011 0.050 0.299 0.032 0.109 0.060 0.050 1    
345:  0.035 0.066 0.013 0.043 0.024 0.032 0.027 0.017 0.007 0.546 0.139 0.051 1    
346:  0.137 0.095 0.024 0.026 0.028 0.026 0.034 0.214 0.123 0.103 0.159 0.030 1    
347:  0.101 0.254 0.027 0.010 0.013 0.022 0.045 0.026 0.013 0.165 0.183 0.142 1    
348:  0.152 0.012 0.015 0.012 0.023 0.037 0.051 0.043 0.122 0.040 0.411 0.082 1    
349:  0.510 0.129 0.034 0.013 0.027 0.026 0.057 0.050 0.050 0.058 0.028 0.018 1    
350:  0.033 0.049 0.040 0.013 0.007 0.009 0.092 0.221 0.033 0.123 0.263 0.118 1    
351:  0.022 0.183 0.030 0.013 0.011 0.011 0.028 0.044 0.011 0.147 0.406 0.095 1    
352:  0.680 0.028 0.010 0.008 0.108 0.017 0.021 0.018 0.046 0.019 0.032 0.015 1    
353:  0.292 0.041 0.014 0.031 0.099 0.026 0.062 0.100 0.096 0.047 0.070 0.122 1    
354:  0.139 0.050 0.014 0.038 0.023 0.024 0.030 0.333 0.130 0.059 0.134 0.026 1    
355:  0.023 0.015 0.016 0.026 0.397 0.295 0.023 0.005 0.019 0.074 0.043 0.064 1    
356:  0.008 0.017 0.012 0.006 0.018 0.859 0.008 0.007 0.005 0.028 0.012 0.019 1    
357:  0.006 0.012 0.007 0.007 0.010 0.870 0.018 0.007 0.006 0.021 0.009 0.026 1    
358:  0.009 0.006 0.006 0.013 0.018 0.853 0.009 0.005 0.025 0.031 0.008 0.017 1    
359:  0.015 0.016 0.012 0.026 0.028 0.528 0.013 0.022 0.009 0.186 0.095 0.052 1    
360:  0.029 0.015 0.019 0.026 0.038 0.477 0.016 0.018 0.010 0.210 0.104 0.039 1    
361:  0.013 0.007 0.010 0.017 0.041 0.792 0.014 0.007 0.027 0.047 0.008 0.016 1    
362:  0.026 0.004 0.010 0.043 0.037 0.724 0.009 0.006 0.034 0.058 0.034 0.015 1    
363:  0.006 0.008 0.008 0.008 0.011 0.886 0.007 0.006 0.007 0.018 0.006 0.027 1    
364:  0.037 0.182 0.159 0.042 0.208 0.013 0.021 0.025 0.081 0.169 0.040 0.020 1    
365:  0.021 0.079 0.095 0.027 0.503 0.020 0.053 0.024 0.073 0.050 0.013 0.040 1    
366:  0.018 0.015 0.024 0.014 0.577 0.011 0.195 0.009 0.046 0.024 0.016 0.051 1    
367:  0.014 0.066 0.313 0.013 0.365 0.015 0.061 0.028 0.046 0.022 0.027 0.029 1    
368:  0.024 0.026 0.161 0.021 0.515 0.010 0.067 0.017 0.057 0.049 0.036 0.018 1    
369:  0.018 0.039 0.074 0.054 0.473 0.015 0.087 0.015 0.152 0.022 0.029 0.024 1    
370:  0.040 0.018 0.065 0.013 0.692 0.010 0.027 0.045 0.029 0.028 0.021 0.011 1    
371:  0.010 0.025 0.015 0.008 0.740 0.006 0.104 0.014 0.024 0.011 0.029 0.014 1    
372:  0.089 0.086 0.077 0.025 0.185 0.010 0.033 0.064 0.290 0.038 0.011 0.091 1    
373:  0.011 0.007 0.007 0.089 0.029 0.014 0.013 0.006 0.012 0.020 0.781 0.011 1    
374:  0.036 0.009 0.032 0.069 0.040 0.055 0.032 0.016 0.015 0.199 0.473 0.024 1    
375:  0.028 0.008 0.012 0.179 0.012 0.006 0.012 0.015 0.008 0.025 0.687 0.006 1    
376:  0.011 0.004 0.014 0.016 0.008 0.005 0.008 0.010 0.006 0.015 0.896 0.005 1    
377:  0.012 0.007 0.020 0.029 0.011 0.011 0.013 0.011 0.005 0.084 0.793 0.006 1    
378:  0.062 0.015 0.014 0.053 0.020 0.012 0.016 0.016 0.033 0.039 0.707 0.012 1    
379:  0.007 0.015 0.878 0.006 0.007 0.009 0.005 0.016 0.018 0.021 0.009 0.009 1    
380:  0.028 0.027 0.054 0.176 0.043 0.016 0.058 0.019 0.010 0.279 0.259 0.033 1    
381:  0.017 0.028 0.062 0.011 0.161 0.062 0.023 0.009 0.488 0.035 0.096 0.008 1    
382:  0.013 0.014 0.092 0.049 0.061 0.022 0.161 0.012 0.485 0.010 0.014 0.068 1    
383:  0.019 0.015 0.069 0.017 0.150 0.064 0.056 0.007 0.567 0.012 0.021 0.006 1    
384:  0.036 0.006 0.014 0.021 0.080 0.033 0.044 0.013 0.684 0.014 0.014 0.042 1    
385:  0.014 0.041 0.072 0.018 0.055 0.039 0.019 0.013 0.629 0.047 0.040 0.014 1    
386:  0.021 0.017 0.037 0.015 0.241 0.033 0.023 0.015 0.556 0.007 0.026 0.010 1    
387:  0.054 0.009 0.016 0.016 0.018 0.012 0.073 0.028 0.008 0.020 0.738 0.007 1    
388:  0.133 0.022 0.346 0.011 0.039 0.119 0.079 0.021 0.016 0.077 0.115 0.023 1    
389:  0.035 0.033 0.014 0.057 0.033 0.024 0.089 0.033 0.009 0.018 0.530 0.125 1    
390:  0.007 0.005 0.009 0.007 0.006 0.013 0.005 0.008 0.005 0.005 0.921 0.010 1    
391:  0.010 0.009 0.029 0.010 0.010 0.025 0.006 0.011 0.007 0.020 0.852 0.011 1    
392:  0.178 0.077 0.044 0.031 0.252 0.025 0.080 0.068 0.007 0.112 0.110 0.016 1    
393:  0.011 0.010 0.032 0.013 0.012 0.030 0.007 0.009 0.007 0.021 0.837 0.010 1    
394:  0.889 0.007 0.014 0.011 0.011 0.007 0.010 0.008 0.010 0.009 0.010 0.014 1    
395:  0.786 0.028 0.013 0.008 0.044 0.010 0.010 0.016 0.034 0.015 0.022 0.015 1    
396:  0.835 0.009 0.028 0.024 0.012 0.007 0.010 0.030 0.009 0.022 0.008 0.006 1    
397:  0.740 0.013 0.023 0.090 0.029 0.009 0.007 0.020 0.013 0.028 0.019 0.009 1    
398:  0.832 0.020 0.009 0.010 0.018 0.008 0.008 0.006 0.036 0.013 0.024 0.015 1    
399:  0.849 0.012 0.013 0.016 0.013 0.009 0.017 0.007 0.010 0.018 0.018 0.017 1    
400:  0.780 0.012 0.012 0.067 0.007 0.014 0.007 0.018 0.033 0.025 0.011 0.015 1    
401:  0.849 0.009 0.025 0.009 0.006 0.007 0.007 0.012 0.025 0.039 0.007 0.005 1    
402:  0.042 0.038 0.019 0.023 0.732 0.007 0.036 0.027 0.021 0.025 0.022 0.009 1    
403:  0.021 0.009 0.005 0.014 0.879 0.006 0.009 0.010 0.010 0.010 0.020 0.007 1    
404:  0.022 0.009 0.005 0.010 0.878 0.006 0.009 0.008 0.012 0.015 0.022 0.007 1    
405:  0.073 0.118 0.010 0.277 0.214 0.010 0.048 0.053 0.034 0.027 0.106 0.030 1    
406:  0.008 0.013 0.005 0.010 0.865 0.008 0.009 0.011 0.006 0.013 0.045 0.006 1    
407:  0.014 0.015 0.005 0.008 0.864 0.007 0.008 0.011 0.007 0.013 0.040 0.006 1    
408:  0.137 0.069 0.022 0.018 0.045 0.019 0.572 0.022 0.015 0.013 0.021 0.046 1    
409:  0.369 0.024 0.023 0.041 0.010 0.021 0.053 0.102 0.020 0.056 0.261 0.020 1    
410:  0.275 0.055 0.040 0.007 0.163 0.089 0.034 0.057 0.041 0.127 0.093 0.019 1    
411:  0.515 0.018 0.014 0.014 0.012 0.038 0.017 0.038 0.005 0.110 0.194 0.024 1    
412:  0.168 0.030 0.159 0.007 0.031 0.025 0.057 0.157 0.092 0.016 0.222 0.035 1    
413:  0.370 0.017 0.010 0.062 0.013 0.071 0.075 0.072 0.013 0.049 0.223 0.025 1    
414:  0.132 0.045 0.020 0.025 0.013 0.325 0.014 0.064 0.011 0.112 0.216 0.024 1    
415:  0.428 0.023 0.072 0.009 0.026 0.051 0.051 0.069 0.028 0.033 0.147 0.065 1    
416:  0.749 0.009 0.006 0.007 0.021 0.009 0.024 0.007 0.099 0.006 0.015 0.046 1    
417:  0.708 0.017 0.009 0.016 0.032 0.019 0.020 0.006 0.028 0.022 0.078 0.046 1    
418:  0.807 0.027 0.008 0.010 0.013 0.008 0.013 0.009 0.058 0.008 0.017 0.021 1    
419:  0.914 0.012 0.005 0.008 0.010 0.006 0.007 0.009 0.005 0.008 0.009 0.007 1    
420:  0.890 0.012 0.006 0.010 0.018 0.009 0.009 0.006 0.017 0.008 0.008 0.008 1    
421:  0.792 0.024 0.006 0.021 0.015 0.021 0.025 0.020 0.006 0.009 0.026 0.036 1    
422:  0.905 0.013 0.009 0.006 0.010 0.006 0.008 0.007 0.011 0.010 0.008 0.006 1    
423:  0.922 0.008 0.007 0.007 0.007 0.006 0.007 0.006 0.012 0.006 0.006 0.006 1    
424:  0.860 0.011 0.006 0.007 0.011 0.014 0.018 0.008 0.006 0.005 0.010 0.045 1    
425:  0.852 0.020 0.005 0.008 0.008 0.007 0.025 0.007 0.008 0.008 0.014 0.036 1    
426:  0.787 0.021 0.010 0.014 0.008 0.022 0.012 0.008 0.004 0.020 0.014 0.078 1    
427:  0.138 0.034 0.022 0.006 0.032 0.011 0.014 0.061 0.050 0.585 0.042 0.005 1    
428:  0.027 0.021 0.014 0.016 0.067 0.022 0.010 0.035 0.009 0.568 0.200 0.011 1    
429:  0.011 0.008 0.024 0.008 0.026 0.010 0.010 0.032 0.017 0.802 0.043 0.009 1    
430:  0.011 0.006 0.023 0.014 0.056 0.009 0.008 0.042 0.019 0.738 0.068 0.005 1    
431:  0.104 0.090 0.008 0.010 0.030 0.054 0.029 0.065 0.023 0.523 0.054 0.010 1    
432:  0.011 0.012 0.009 0.008 0.026 0.048 0.018 0.034 0.007 0.795 0.028 0.005 1    
433:  0.018 0.011 0.042 0.006 0.015 0.009 0.006 0.010 0.026 0.836 0.012 0.008 1    
434:  0.018 0.015 0.072 0.006 0.028 0.010 0.009 0.009 0.014 0.793 0.018 0.006 1    
435:  0.010 0.010 0.006 0.804 0.019 0.005 0.038 0.012 0.046 0.014 0.023 0.012 1    
436:  0.017 0.012 0.013 0.552 0.034 0.014 0.027 0.012 0.080 0.021 0.119 0.100 1    
437:  0.030 0.030 0.010 0.646 0.030 0.007 0.026 0.014 0.019 0.050 0.077 0.061 1    
438:  0.193 0.013 0.018 0.662 0.009 0.007 0.010 0.009 0.005 0.035 0.015 0.023 1    
439:  0.406 0.108 0.023 0.188 0.021 0.007 0.016 0.057 0.012 0.110 0.037 0.015 1    
440:  0.009 0.010 0.007 0.731 0.010 0.011 0.006 0.022 0.006 0.009 0.168 0.011 1    
441:  0.018 0.057 0.016 0.624 0.043 0.017 0.045 0.023 0.021 0.062 0.010 0.064 1    
442:  0.091 0.017 0.040 0.553 0.028 0.021 0.028 0.008 0.041 0.099 0.014 0.062 1    
443:  0.012 0.009 0.008 0.900 0.007 0.006 0.005 0.013 0.004 0.019 0.010 0.006 1    
444:  0.017 0.011 0.010 0.017 0.015 0.011 0.019 0.150 0.005 0.717 0.019 0.009 1    
445:  0.010 0.020 0.008 0.006 0.847 0.025 0.009 0.009 0.005 0.028 0.014 0.019 1    
446:  0.017 0.118 0.007 0.017 0.656 0.026 0.030 0.026 0.009 0.027 0.047 0.020 1    
447:  0.062 0.022 0.007 0.073 0.011 0.008 0.025 0.105 0.008 0.616 0.046 0.018 1    
448:  0.018 0.024 0.012 0.011 0.711 0.073 0.011 0.012 0.005 0.073 0.025 0.026 1    
449:  0.068 0.033 0.008 0.051 0.022 0.014 0.029 0.084 0.008 0.581 0.085 0.016 1    
450:  0.042 0.137 0.009 0.011 0.061 0.013 0.039 0.022 0.014 0.053 0.306 0.293 1    
451:  0.020 0.034 0.024 0.008 0.189 0.051 0.023 0.041 0.005 0.510 0.024 0.072 1    
452:  0.067 0.078 0.017 0.010 0.338 0.014 0.020 0.028 0.009 0.244 0.044 0.132 1    
453:  0.011 0.038 0.025 0.142 0.007 0.012 0.008 0.015 0.009 0.025 0.699 0.009 1    
454:  0.019 0.017 0.014 0.167 0.013 0.023 0.006 0.012 0.018 0.029 0.671 0.010 1    
455:  0.018 0.045 0.013 0.208 0.019 0.016 0.063 0.037 0.018 0.067 0.481 0.014 1    
456:  0.022 0.016 0.018 0.020 0.010 0.016 0.005 0.010 0.006 0.040 0.824 0.012 1    
457:  0.026 0.041 0.008 0.439 0.015 0.010 0.046 0.054 0.012 0.061 0.278 0.010 1    
458:  0.014 0.029 0.026 0.058 0.009 0.008 0.012 0.010 0.005 0.015 0.774 0.039 1    
459:  0.045 0.025 0.013 0.321 0.010 0.006 0.027 0.007 0.006 0.025 0.504 0.010 1    
460:  0.007 0.003 0.005 0.945 0.004 0.006 0.005 0.006 0.005 0.003 0.005 0.006 1    
461:  0.011 0.005 0.011 0.904 0.006 0.013 0.018 0.007 0.005 0.004 0.008 0.009 1    
462:  0.008 0.004 0.007 0.932 0.007 0.005 0.007 0.005 0.005 0.005 0.009 0.005 1    
463:  0.016 0.004 0.010 0.880 0.007 0.035 0.009 0.007 0.005 0.008 0.009 0.010 1    
464:  0.006 0.004 0.005 0.937 0.005 0.006 0.011 0.005 0.003 0.005 0.007 0.006 1    
465:  0.014 0.006 0.011 0.882 0.007 0.024 0.010 0.009 0.006 0.007 0.012 0.010 1    
466:  0.006 0.004 0.005 0.930 0.008 0.004 0.013 0.006 0.005 0.005 0.008 0.006 1    
467:  0.004 0.004 0.004 0.943 0.004 0.008 0.008 0.005 0.006 0.003 0.005 0.006 1    
468:  0.007 0.005 0.005 0.940 0.004 0.009 0.005 0.005 0.007 0.004 0.005 0.005 1    
469:  0.005 0.004 0.005 0.933 0.005 0.006 0.014 0.006 0.004 0.005 0.005 0.007 1    
470:  0.007 0.004 0.011 0.907 0.004 0.010 0.010 0.013 0.012 0.007 0.005 0.009 1    
471:  0.004 0.004 0.004 0.946 0.005 0.006 0.004 0.005 0.004 0.004 0.006 0.007 1    
472:  0.006 0.005 0.005 0.937 0.005 0.009 0.005 0.008 0.004 0.006 0.005 0.005 1    
473:  0.006 0.006 0.006 0.937 0.006 0.006 0.004 0.005 0.008 0.006 0.006 0.005 1    
474:  0.009 0.007 0.024 0.018 0.006 0.031 0.008 0.015 0.007 0.021 0.840 0.013 1    
475:  0.008 0.009 0.008 0.011 0.007 0.006 0.008 0.016 0.005 0.040 0.870 0.011 1    
476:  0.007 0.010 0.005 0.011 0.005 0.007 0.012 0.006 0.003 0.016 0.905 0.013 1    
