1:    0.006 0.948 0.010 0.006 0.008 0.013 0.010 1    
2:    0.017 0.911 0.013 0.006 0.020 0.019 0.013 1    
3:    0.005 0.969 0.004 0.006 0.006 0.006 0.005 1    
4:    0.013 0.926 0.012 0.021 0.011 0.009 0.008 1    
5:    0.032 0.782 0.045 0.014 0.037 0.072 0.017 1    
6:    0.013 0.919 0.010 0.027 0.018 0.006 0.007 1    
7:    0.006 0.961 0.012 0.004 0.006 0.006 0.005 1    
8:    0.006 0.961 0.004 0.005 0.011 0.006 0.007 1    
9:    0.859 0.053 0.014 0.005 0.035 0.010 0.024 1    
10:   0.961 0.007 0.009 0.004 0.007 0.006 0.007 1    
11:   0.954 0.012 0.007 0.004 0.006 0.004 0.013 1    
12:   0.680 0.008 0.018 0.016 0.008 0.011 0.259 1    
13:   0.788 0.014 0.012 0.025 0.026 0.006 0.129 1    
14:   0.938 0.008 0.010 0.005 0.009 0.009 0.022 1    
15:   0.875 0.046 0.019 0.006 0.017 0.013 0.023 1    
16:   0.948 0.010 0.009 0.003 0.007 0.007 0.016 1    
17:   0.934 0.017 0.009 0.005 0.022 0.004 0.010 1    
18:   0.008 0.005 0.426 0.542 0.006 0.008 0.005 1    
19:   0.008 0.007 0.214 0.752 0.006 0.005 0.008 1    
20:   0.005 0.006 0.298 0.680 0.004 0.004 0.003 1    
21:   0.005 0.008 0.376 0.590 0.008 0.008 0.005 1    
22:   0.005 0.006 0.447 0.525 0.006 0.006 0.004 1    
23:   0.003 0.010 0.170 0.799 0.004 0.005 0.009 1    
24:   0.004 0.004 0.180 0.796 0.005 0.005 0.006 1    
25:   0.005 0.004 0.007 0.005 0.011 0.007 0.959 1    
26:   0.005 0.008 0.022 0.012 0.009 0.006 0.938 1    
27:   0.010 0.018 0.045 0.024 0.016 0.015 0.872 1    
28:   0.004 0.013 0.005 0.004 0.006 0.006 0.962 1    
29:   0.004 0.030 0.012 0.014 0.008 0.006 0.927 1    
30:   0.003 0.017 0.010 0.013 0.007 0.007 0.943 1    
31:   0.006 0.019 0.013 0.007 0.014 0.019 0.922 1    
32:   0.975 0.006 0.005 0.004 0.005 0.003 0.003 1    
33:   0.970 0.005 0.006 0.004 0.004 0.005 0.006 1    
34:   0.942 0.010 0.018 0.005 0.009 0.011 0.004 1    
35:   0.970 0.007 0.007 0.004 0.004 0.006 0.003 1    
36:   0.962 0.009 0.006 0.005 0.006 0.006 0.006 1    
37:   0.956 0.007 0.008 0.007 0.007 0.008 0.007 1    
38:   0.973 0.006 0.007 0.003 0.004 0.003 0.004 1    
39:   0.020 0.008 0.907 0.019 0.006 0.028 0.012 1    
40:   0.017 0.011 0.945 0.008 0.004 0.010 0.005 1    
41:   0.008 0.007 0.957 0.010 0.007 0.006 0.005 1    
42:   0.006 0.006 0.964 0.009 0.004 0.008 0.003 1    
43:   0.012 0.007 0.961 0.006 0.003 0.007 0.004 1    
44:   0.005 0.007 0.966 0.007 0.004 0.005 0.006 1    
45:   0.016 0.007 0.942 0.009 0.004 0.010 0.013 1    
46:   0.008 0.010 0.952 0.008 0.006 0.010 0.006 1    
47:   0.010 0.015 0.005 0.032 0.007 0.051 0.879 1    
48:   0.006 0.010 0.003 0.029 0.083 0.032 0.837 1    
49:   0.009 0.010 0.012 0.018 0.010 0.014 0.926 1    
50:   0.016 0.016 0.013 0.020 0.012 0.011 0.911 1    
51:   0.012 0.020 0.020 0.017 0.008 0.014 0.909 1    
52:   0.011 0.008 0.029 0.009 0.006 0.928 0.009 1    
53:   0.009 0.008 0.006 0.004 0.010 0.957 0.007 1    
54:   0.006 0.005 0.004 0.004 0.007 0.968 0.007 1    
55:   0.055 0.003 0.006 0.006 0.008 0.916 0.005 1    
56:   0.036 0.004 0.008 0.006 0.009 0.931 0.006 1    
57:   0.006 0.003 0.006 0.005 0.003 0.940 0.038 1    
58:   0.021 0.004 0.014 0.010 0.010 0.935 0.006 1    
59:   0.188 0.363 0.372 0.016 0.014 0.012 0.035 1    
60:   0.049 0.027 0.107 0.012 0.009 0.028 0.768 1    
61:   0.048 0.012 0.051 0.011 0.010 0.026 0.842 1    
62:   0.031 0.011 0.026 0.007 0.009 0.011 0.905 1    
63:   0.037 0.007 0.031 0.009 0.013 0.026 0.877 1    
64:   0.069 0.010 0.058 0.021 0.036 0.031 0.777 1    
65:   0.033 0.010 0.162 0.017 0.012 0.037 0.730 1    
66:   0.008 0.004 0.962 0.008 0.004 0.006 0.009 1    
67:   0.007 0.004 0.961 0.004 0.004 0.008 0.012 1    
68:   0.016 0.006 0.908 0.008 0.006 0.006 0.050 1    
69:   0.023 0.006 0.905 0.004 0.006 0.006 0.050 1    
70:   0.007 0.005 0.937 0.005 0.008 0.009 0.030 1    
71:   0.010 0.003 0.959 0.005 0.005 0.006 0.013 1    
72:   0.007 0.003 0.964 0.005 0.007 0.006 0.007 1    
73:   0.013 0.004 0.944 0.006 0.007 0.007 0.019 1    
74:   0.022 0.006 0.951 0.006 0.005 0.004 0.005 1    
75:   0.048 0.011 0.912 0.007 0.007 0.007 0.007 1    
76:   0.065 0.029 0.858 0.015 0.015 0.010 0.007 1    
77:   0.017 0.027 0.851 0.009 0.053 0.035 0.007 1    
78:   0.020 0.007 0.930 0.005 0.005 0.028 0.004 1    
79:   0.082 0.025 0.779 0.007 0.022 0.029 0.056 1    
80:   0.029 0.004 0.903 0.006 0.006 0.025 0.027 1    
81:   0.020 0.005 0.805 0.008 0.007 0.126 0.030 1    
82:   0.046 0.011 0.325 0.176 0.028 0.082 0.333 1    
83:   0.025 0.006 0.731 0.035 0.009 0.044 0.150 1    
84:   0.005 0.009 0.735 0.032 0.009 0.019 0.191 1    
85:   0.029 0.015 0.705 0.024 0.050 0.127 0.050 1    
86:   0.035 0.005 0.562 0.020 0.016 0.060 0.302 1    
87:   0.016 0.030 0.019 0.004 0.028 0.024 0.878 1    
88:   0.023 0.008 0.028 0.009 0.087 0.063 0.781 1    
89:   0.057 0.025 0.074 0.009 0.012 0.156 0.667 1    
90:   0.006 0.015 0.024 0.073 0.016 0.260 0.606 1    
91:   0.929 0.009 0.006 0.005 0.019 0.008 0.025 1    
92:   0.930 0.011 0.004 0.009 0.021 0.007 0.017 1    
93:   0.899 0.003 0.009 0.018 0.052 0.005 0.014 1    
94:   0.878 0.020 0.016 0.009 0.010 0.006 0.061 1    
95:   0.906 0.006 0.020 0.018 0.005 0.009 0.036 1    
96:   0.782 0.006 0.055 0.079 0.016 0.005 0.057 1    
97:   0.036 0.019 0.042 0.013 0.018 0.007 0.865 1    
98:   0.031 0.017 0.035 0.031 0.015 0.013 0.859 1    
99:   0.016 0.017 0.017 0.017 0.008 0.013 0.912 1    
100:  0.227 0.036 0.031 0.056 0.028 0.032 0.591 1    
101:  0.004 0.013 0.007 0.004 0.013 0.006 0.952 1    
102:  0.033 0.018 0.012 0.006 0.032 0.007 0.892 1    
103:  0.009 0.016 0.013 0.009 0.011 0.009 0.933 1    
104:  0.009 0.005 0.962 0.007 0.008 0.006 0.004 1    
105:  0.008 0.008 0.963 0.006 0.005 0.006 0.004 1    
106:  0.004 0.007 0.742 0.020 0.107 0.078 0.043 1    
107:  0.005 0.005 0.940 0.022 0.008 0.011 0.010 1    
108:  0.005 0.006 0.865 0.022 0.053 0.029 0.021 1    
109:  0.006 0.005 0.855 0.033 0.056 0.028 0.017 1    
110:  0.005 0.012 0.954 0.008 0.008 0.009 0.004 1    
111:  0.006 0.008 0.914 0.024 0.013 0.019 0.016 1    
112:  0.008 0.007 0.950 0.012 0.007 0.009 0.006 1    
113:  0.007 0.007 0.015 0.917 0.013 0.017 0.022 1    
114:  0.004 0.004 0.010 0.954 0.005 0.012 0.011 1    
115:  0.017 0.011 0.020 0.834 0.007 0.099 0.012 1    
116:  0.004 0.005 0.006 0.962 0.006 0.012 0.005 1    
117:  0.124 0.032 0.056 0.663 0.019 0.099 0.007 1    
118:  0.003 0.005 0.010 0.948 0.009 0.008 0.017 1    
119:  0.004 0.005 0.006 0.954 0.012 0.005 0.014 1    
120:  0.003 0.003 0.005 0.972 0.004 0.008 0.005 1    
121:  0.011 0.013 0.015 0.907 0.015 0.024 0.016 1    
122:  0.004 0.004 0.006 0.970 0.004 0.006 0.005 1    
123:  0.013 0.009 0.013 0.930 0.004 0.026 0.005 1    
124:  0.003 0.005 0.009 0.961 0.008 0.010 0.004 1    
125:  0.006 0.009 0.013 0.835 0.012 0.112 0.013 1    
126:  0.005 0.003 0.006 0.970 0.004 0.007 0.005 1    
127:  0.004 0.004 0.005 0.975 0.003 0.005 0.004 1    
128:  0.003 0.003 0.009 0.966 0.006 0.007 0.005 1    
129:  0.131 0.007 0.033 0.016 0.635 0.026 0.151 1    
130:  0.016 0.012 0.630 0.006 0.276 0.021 0.039 1    
131:  0.012 0.015 0.014 0.014 0.446 0.016 0.484 1    
132:  0.081 0.006 0.021 0.014 0.826 0.011 0.041 1    
133:  0.011 0.005 0.022 0.017 0.707 0.012 0.226 1    
134:  0.090 0.004 0.010 0.010 0.828 0.008 0.049 1    
135:  0.008 0.013 0.664 0.032 0.088 0.054 0.142 1    
136:  0.003 0.009 0.004 0.004 0.009 0.004 0.967 1    
137:  0.003 0.007 0.005 0.009 0.009 0.004 0.963 1    
138:  0.009 0.011 0.009 0.007 0.014 0.011 0.938 1    
139:  0.009 0.007 0.009 0.006 0.007 0.004 0.958 1    
140:  0.003 0.006 0.005 0.008 0.007 0.004 0.966 1    
141:  0.010 0.017 0.032 0.041 0.008 0.035 0.857 1    
142:  0.003 0.007 0.004 0.008 0.010 0.005 0.964 1    
143:  0.004 0.005 0.003 0.004 0.017 0.003 0.963 1    
144:  0.004 0.004 0.004 0.005 0.018 0.004 0.962 1    
145:  0.003 0.005 0.004 0.003 0.008 0.004 0.973 1    
146:  0.005 0.008 0.011 0.012 0.004 0.009 0.951 1    
147:  0.011 0.006 0.013 0.925 0.023 0.005 0.017 1    
148:  0.005 0.006 0.010 0.943 0.014 0.006 0.016 1    
149:  0.005 0.010 0.005 0.946 0.019 0.006 0.010 1    
150:  0.003 0.005 0.004 0.970 0.005 0.006 0.008 1    
151:  0.004 0.005 0.005 0.967 0.005 0.003 0.010 1    
152:  0.013 0.004 0.013 0.946 0.011 0.004 0.009 1    
153:  0.003 0.004 0.004 0.973 0.007 0.004 0.006 1    
154:  0.003 0.005 0.004 0.971 0.006 0.007 0.004 1    
155:  0.010 0.005 0.009 0.951 0.009 0.006 0.011 1    
156:  0.977 0.004 0.007 0.003 0.003 0.003 0.003 1    
157:  0.920 0.008 0.018 0.009 0.005 0.034 0.006 1    
158:  0.942 0.005 0.023 0.010 0.004 0.013 0.003 1    
159:  0.974 0.003 0.005 0.003 0.005 0.006 0.004 1    
160:  0.980 0.002 0.005 0.003 0.003 0.004 0.003 1    
161:  0.976 0.003 0.007 0.004 0.003 0.004 0.003 1    
162:  0.979 0.003 0.005 0.003 0.003 0.004 0.003 1    
163:  0.950 0.006 0.009 0.012 0.006 0.013 0.004 1    
164:  0.975 0.005 0.003 0.003 0.003 0.008 0.003 1    
165:  0.926 0.004 0.038 0.012 0.005 0.006 0.009 1    
166:  0.958 0.004 0.013 0.004 0.006 0.008 0.006 1    
167:  0.864 0.008 0.021 0.012 0.019 0.066 0.010 1    
168:  0.962 0.006 0.009 0.004 0.005 0.008 0.006 1    
169:  0.932 0.006 0.017 0.003 0.010 0.026 0.006 1    
170:  0.916 0.010 0.025 0.007 0.008 0.021 0.014 1    
171:  0.941 0.006 0.022 0.004 0.007 0.007 0.013 1    
172:  0.654 0.005 0.313 0.005 0.008 0.006 0.008 1    
173:  0.961 0.004 0.010 0.007 0.005 0.008 0.004 1    
174:  0.909 0.020 0.016 0.013 0.013 0.021 0.009 1    
175:  0.921 0.040 0.006 0.005 0.013 0.010 0.005 1    
176:  0.958 0.006 0.008 0.005 0.005 0.013 0.005 1    
177:  0.965 0.004 0.003 0.004 0.003 0.017 0.003 1    
178:  0.949 0.007 0.012 0.007 0.010 0.010 0.005 1    
179:  0.005 0.008 0.007 0.006 0.005 0.004 0.964 1    
180:  0.004 0.007 0.005 0.011 0.006 0.009 0.958 1    
181:  0.004 0.003 0.006 0.006 0.004 0.003 0.974 1    
182:  0.006 0.004 0.007 0.005 0.005 0.004 0.970 1    
183:  0.004 0.007 0.008 0.005 0.005 0.004 0.968 1    
184:  0.004 0.005 0.010 0.006 0.006 0.006 0.963 1    
185:  0.004 0.002 0.005 0.011 0.005 0.003 0.970 1    
186:  0.003 0.004 0.004 0.006 0.005 0.004 0.974 1    
187:  0.018 0.011 0.034 0.010 0.013 0.009 0.905 1    
188:  0.003 0.004 0.004 0.005 0.974 0.005 0.006 1    
189:  0.011 0.007 0.005 0.005 0.951 0.012 0.010 1    
190:  0.003 0.003 0.004 0.004 0.976 0.005 0.005 1    
191:  0.004 0.005 0.006 0.006 0.966 0.006 0.006 1    
192:  0.003 0.005 0.004 0.004 0.972 0.007 0.005 1    
193:  0.006 0.004 0.006 0.005 0.970 0.004 0.005 1    
194:  0.012 0.061 0.014 0.013 0.879 0.015 0.007 1    
195:  0.003 0.006 0.004 0.006 0.966 0.010 0.006 1    
196:  0.004 0.009 0.006 0.004 0.967 0.004 0.006 1    
197:  0.287 0.045 0.018 0.009 0.615 0.012 0.014 1    
198:  0.012 0.960 0.004 0.005 0.004 0.010 0.005 1    
199:  0.010 0.959 0.005 0.010 0.004 0.005 0.006 1    
200:  0.010 0.954 0.006 0.004 0.004 0.017 0.005 1    
201:  0.009 0.963 0.005 0.005 0.004 0.006 0.007 1    
202:  0.189 0.778 0.007 0.004 0.004 0.013 0.005 1    
203:  0.072 0.816 0.005 0.006 0.005 0.092 0.005 1    
204:  0.009 0.958 0.005 0.006 0.003 0.013 0.006 1    
205:  0.006 0.972 0.004 0.004 0.004 0.006 0.003 1    
206:  0.010 0.935 0.012 0.004 0.019 0.012 0.008 1    
207:  0.008 0.967 0.006 0.004 0.005 0.006 0.004 1    
208:  0.005 0.972 0.005 0.003 0.006 0.005 0.004 1    
209:  0.007 0.975 0.003 0.003 0.003 0.005 0.004 1    
210:  0.006 0.958 0.006 0.004 0.007 0.010 0.009 1    
211:  0.004 0.969 0.004 0.003 0.007 0.006 0.008 1    
212:  0.012 0.959 0.008 0.004 0.004 0.008 0.005 1    
213:  0.010 0.930 0.012 0.004 0.024 0.008 0.012 1    
214:  0.006 0.040 0.019 0.027 0.036 0.863 0.009 1    
215:  0.006 0.014 0.010 0.006 0.007 0.954 0.003 1    
216:  0.008 0.027 0.026 0.036 0.017 0.879 0.007 1    
217:  0.007 0.009 0.005 0.010 0.007 0.954 0.008 1    
218:  0.009 0.010 0.007 0.006 0.006 0.954 0.007 1    
219:  0.008 0.011 0.012 0.056 0.009 0.893 0.011 1    
220:  0.004 0.008 0.004 0.012 0.007 0.954 0.010 1    
221:  0.004 0.018 0.011 0.010 0.014 0.933 0.010 1    
222:  0.006 0.008 0.008 0.006 0.004 0.962 0.005 1    
223:  0.006 0.962 0.007 0.006 0.006 0.006 0.006 1    
224:  0.012 0.958 0.009 0.006 0.003 0.004 0.007 1    
225:  0.003 0.964 0.006 0.007 0.007 0.006 0.008 1    
226:  0.020 0.859 0.026 0.023 0.042 0.014 0.016 1    
227:  0.008 0.934 0.016 0.007 0.017 0.006 0.011 1    
228:  0.004 0.971 0.004 0.007 0.004 0.004 0.005 1    
229:  0.004 0.970 0.005 0.007 0.004 0.006 0.004 1    
230:  0.038 0.854 0.016 0.011 0.022 0.014 0.045 1    
231:  0.012 0.949 0.009 0.006 0.006 0.008 0.009 1    
232:  0.180 0.532 0.085 0.046 0.026 0.046 0.084 1    
233:  0.023 0.364 0.513 0.039 0.025 0.014 0.023 1    
234:  0.044 0.198 0.422 0.019 0.074 0.063 0.179 1    
235:  0.055 0.260 0.275 0.101 0.012 0.022 0.275 1    
236:  0.132 0.131 0.224 0.079 0.007 0.010 0.418 1    
                          
                          
1:    0.007 0.008 0.005 0.955 0.011 0.009 0.005 1    
2:    0.016 0.006 0.005 0.923 0.012 0.028 0.011 1    
3:    0.004 0.005 0.005 0.972 0.004 0.005 0.005 1    
4:    0.013 0.006 0.013 0.924 0.009 0.014 0.020 1    
5:    0.031 0.014 0.009 0.852 0.051 0.020 0.022 1    
6:    0.016 0.009 0.015 0.927 0.009 0.008 0.015 1    
7:    0.008 0.006 0.004 0.958 0.013 0.006 0.005 1    
8:    0.007 0.004 0.003 0.956 0.004 0.017 0.008 1    
9:    0.871 0.037 0.004 0.034 0.011 0.023 0.019 1    
10:   0.954 0.012 0.006 0.006 0.008 0.009 0.005 1    
11:   0.933 0.026 0.006 0.011 0.007 0.011 0.006 1    
12:   0.490 0.052 0.012 0.008 0.023 0.408 0.007 1    
13:   0.759 0.137 0.024 0.020 0.014 0.026 0.020 1    
14:   0.893 0.055 0.007 0.011 0.019 0.012 0.004 1    
15:   0.854 0.026 0.008 0.057 0.026 0.019 0.010 1    
16:   0.938 0.026 0.005 0.009 0.009 0.009 0.003 1    
17:   0.927 0.015 0.004 0.014 0.009 0.020 0.012 1    
18:   0.008 0.007 0.936 0.005 0.033 0.004 0.007 1    
19:   0.005 0.008 0.956 0.005 0.014 0.007 0.005 1    
20:   0.005 0.004 0.962 0.004 0.018 0.003 0.004 1    
21:   0.005 0.006 0.958 0.006 0.017 0.004 0.004 1    
22:   0.004 0.005 0.950 0.005 0.030 0.003 0.003 1    
23:   0.003 0.006 0.970 0.006 0.007 0.005 0.003 1    
24:   0.004 0.006 0.973 0.004 0.006 0.004 0.004 1    
25:   0.003 0.979 0.004 0.003 0.005 0.003 0.004 1    
26:   0.003 0.968 0.007 0.006 0.008 0.004 0.005 1    
27:   0.018 0.787 0.031 0.030 0.071 0.032 0.030 1    
28:   0.004 0.957 0.004 0.006 0.004 0.021 0.004 1    
29:   0.004 0.834 0.026 0.039 0.024 0.058 0.016 1    
30:   0.003 0.963 0.008 0.009 0.007 0.005 0.006 1    
31:   0.009 0.762 0.009 0.033 0.040 0.134 0.014 1    
32:   0.976 0.003 0.005 0.004 0.004 0.005 0.003 1    
33:   0.966 0.009 0.004 0.005 0.006 0.006 0.004 1    
34:   0.961 0.007 0.007 0.009 0.007 0.005 0.004 1    
35:   0.975 0.003 0.005 0.005 0.006 0.003 0.003 1    
36:   0.961 0.007 0.006 0.008 0.007 0.006 0.005 1    
37:   0.929 0.008 0.008 0.011 0.009 0.029 0.005 1    
38:   0.971 0.004 0.006 0.005 0.006 0.004 0.002 1    
39:   0.055 0.005 0.052 0.013 0.848 0.022 0.005 1    
40:   0.011 0.005 0.009 0.010 0.952 0.008 0.005 1    
41:   0.009 0.005 0.021 0.006 0.940 0.012 0.007 1    
42:   0.006 0.004 0.022 0.008 0.953 0.003 0.004 1    
43:   0.012 0.004 0.004 0.006 0.965 0.005 0.005 1    
44:   0.005 0.003 0.007 0.008 0.965 0.007 0.004 1    
45:   0.017 0.005 0.011 0.008 0.927 0.028 0.004 1    
46:   0.008 0.005 0.007 0.011 0.957 0.005 0.007 1    
47:   0.008 0.953 0.012 0.011 0.006 0.005 0.007 1    
48:   0.004 0.955 0.013 0.009 0.003 0.007 0.009 1    
49:   0.008 0.944 0.008 0.009 0.010 0.008 0.013 1    
50:   0.008 0.952 0.008 0.010 0.009 0.006 0.008 1    
51:   0.008 0.952 0.007 0.010 0.008 0.005 0.011 1    
52:   0.037 0.013 0.071 0.099 0.688 0.087 0.006 1    
53:   0.201 0.017 0.189 0.153 0.194 0.221 0.025 1    
54:   0.408 0.054 0.242 0.069 0.138 0.081 0.007 1    
55:   0.833 0.015 0.100 0.004 0.031 0.009 0.007 1    
56:   0.837 0.012 0.097 0.004 0.035 0.008 0.006 1    
57:   0.353 0.030 0.117 0.030 0.079 0.374 0.017 1    
58:   0.421 0.019 0.419 0.011 0.095 0.031 0.005 1    
59:   0.143 0.026 0.043 0.388 0.360 0.036 0.004 1    
60:   0.021 0.903 0.011 0.016 0.039 0.004 0.006 1    
61:   0.043 0.838 0.013 0.023 0.050 0.016 0.018 1    
62:   0.013 0.938 0.007 0.010 0.016 0.008 0.007 1    
63:   0.020 0.900 0.012 0.011 0.029 0.020 0.008 1    
64:   0.050 0.818 0.018 0.011 0.055 0.034 0.014 1    
65:   0.049 0.675 0.031 0.012 0.172 0.033 0.028 1    
66:   0.008 0.006 0.012 0.004 0.955 0.010 0.004 1    
67:   0.007 0.007 0.004 0.003 0.967 0.007 0.003 1    
68:   0.013 0.026 0.014 0.006 0.914 0.023 0.005 1    
69:   0.026 0.039 0.006 0.006 0.910 0.008 0.005 1    
70:   0.005 0.083 0.012 0.006 0.884 0.005 0.005 1    
71:   0.009 0.008 0.006 0.005 0.960 0.008 0.005 1    
72:   0.006 0.009 0.007 0.004 0.964 0.006 0.004 1    
73:   0.017 0.014 0.005 0.005 0.945 0.009 0.005 1    
74:   0.025 0.008 0.007 0.006 0.944 0.004 0.006 1    
75:   0.040 0.008 0.006 0.009 0.923 0.008 0.006 1    
76:   0.051 0.005 0.011 0.054 0.829 0.013 0.037 1    
77:   0.031 0.017 0.007 0.045 0.860 0.008 0.033 1    
78:   0.019 0.004 0.009 0.006 0.953 0.005 0.004 1    
79:   0.114 0.062 0.008 0.030 0.756 0.015 0.016 1    
80:   0.032 0.020 0.005 0.005 0.925 0.008 0.006 1    
81:   0.014 0.011 0.008 0.006 0.931 0.019 0.011 1    
82:   0.039 0.066 0.184 0.013 0.448 0.227 0.022 1    
83:   0.021 0.030 0.029 0.006 0.873 0.026 0.016 1    
84:   0.003 0.012 0.015 0.007 0.755 0.180 0.027 1    
85:   0.026 0.012 0.025 0.019 0.810 0.080 0.026 1    
86:   0.029 0.119 0.024 0.009 0.765 0.042 0.013 1    
87:   0.010 0.008 0.004 0.011 0.010 0.948 0.010 1    
88:   0.008 0.009 0.004 0.008 0.011 0.921 0.039 1    
89:   0.029 0.006 0.006 0.009 0.022 0.914 0.013 1    
90:   0.006 0.023 0.022 0.013 0.018 0.809 0.109 1    
91:   0.497 0.009 0.005 0.010 0.007 0.465 0.007 1    
92:   0.528 0.009 0.008 0.009 0.012 0.421 0.012 1    
93:   0.767 0.017 0.009 0.004 0.009 0.166 0.027 1    
94:   0.492 0.023 0.008 0.027 0.019 0.424 0.007 1    
95:   0.448 0.009 0.012 0.009 0.025 0.492 0.005 1    
96:   0.625 0.037 0.065 0.006 0.065 0.194 0.007 1    
97:   0.033 0.122 0.011 0.026 0.076 0.718 0.014 1    
98:   0.022 0.026 0.053 0.023 0.031 0.837 0.008 1    
99:   0.026 0.084 0.032 0.046 0.055 0.752 0.005 1    
100:  0.272 0.118 0.029 0.049 0.066 0.422 0.044 1    
101:  0.005 0.011 0.004 0.019 0.010 0.939 0.012 1    
102:  0.018 0.008 0.005 0.008 0.011 0.941 0.009 1    
103:  0.009 0.012 0.006 0.010 0.007 0.943 0.014 1    
104:  0.008 0.006 0.010 0.005 0.960 0.004 0.007 1    
105:  0.008 0.005 0.012 0.006 0.961 0.004 0.004 1    
106:  0.006 0.083 0.051 0.008 0.790 0.018 0.044 1    
107:  0.004 0.020 0.048 0.005 0.910 0.007 0.006 1    
108:  0.005 0.028 0.018 0.010 0.871 0.008 0.061 1    
109:  0.006 0.021 0.013 0.007 0.861 0.007 0.086 1    
110:  0.007 0.006 0.016 0.011 0.949 0.004 0.007 1    
111:  0.006 0.015 0.026 0.008 0.925 0.005 0.015 1    
112:  0.007 0.009 0.022 0.006 0.945 0.005 0.005 1    
113:  0.007 0.029 0.936 0.006 0.010 0.005 0.007 1    
114:  0.004 0.009 0.971 0.005 0.004 0.004 0.003 1    
115:  0.015 0.010 0.922 0.012 0.028 0.005 0.008 1    
116:  0.003 0.005 0.978 0.003 0.004 0.003 0.003 1    
117:  0.108 0.009 0.777 0.038 0.047 0.005 0.017 1    
118:  0.003 0.010 0.970 0.004 0.007 0.004 0.003 1    
119:  0.004 0.013 0.965 0.004 0.005 0.003 0.006 1    
120:  0.003 0.005 0.977 0.003 0.005 0.004 0.004 1    
121:  0.006 0.022 0.937 0.013 0.009 0.006 0.008 1    
122:  0.005 0.005 0.973 0.004 0.004 0.005 0.005 1    
123:  0.011 0.005 0.962 0.006 0.009 0.004 0.004 1    
124:  0.002 0.004 0.975 0.004 0.006 0.005 0.004 1    
125:  0.004 0.015 0.922 0.011 0.029 0.007 0.012 1    
126:  0.005 0.003 0.979 0.004 0.003 0.003 0.003 1    
127:  0.004 0.003 0.976 0.004 0.004 0.004 0.004 1    
128:  0.004 0.006 0.969 0.004 0.008 0.004 0.005 1    
129:  0.217 0.735 0.014 0.008 0.010 0.009 0.006 1    
130:  0.022 0.052 0.006 0.014 0.832 0.032 0.043 1    
131:  0.017 0.858 0.010 0.018 0.013 0.070 0.014 1    
132:  0.134 0.772 0.012 0.012 0.011 0.008 0.052 1    
133:  0.019 0.878 0.009 0.010 0.009 0.019 0.057 1    
134:  0.120 0.783 0.015 0.010 0.011 0.010 0.051 1    
135:  0.011 0.232 0.019 0.023 0.662 0.035 0.018 1    
136:  0.002 0.006 0.005 0.004 0.003 0.973 0.007 1    
137:  0.002 0.007 0.011 0.004 0.004 0.967 0.006 1    
138:  0.004 0.005 0.005 0.005 0.006 0.967 0.007 1    
139:  0.006 0.005 0.004 0.004 0.007 0.964 0.009 1    
140:  0.003 0.010 0.007 0.005 0.006 0.960 0.010 1    
141:  0.007 0.006 0.020 0.006 0.015 0.940 0.007 1    
142:  0.003 0.007 0.006 0.004 0.005 0.970 0.005 1    
143:  0.003 0.007 0.003 0.004 0.003 0.974 0.007 1    
144:  0.003 0.010 0.004 0.004 0.004 0.970 0.005 1    
145:  0.003 0.007 0.003 0.004 0.005 0.973 0.005 1    
146:  0.004 0.013 0.016 0.004 0.008 0.949 0.006 1    
147:  0.006 0.005 0.005 0.003 0.008 0.004 0.969 1    
148:  0.003 0.004 0.007 0.006 0.005 0.005 0.969 1    
149:  0.003 0.003 0.009 0.005 0.004 0.004 0.972 1    
150:  0.004 0.007 0.006 0.003 0.005 0.003 0.971 1    
151:  0.004 0.004 0.004 0.003 0.005 0.004 0.975 1    
152:  0.006 0.004 0.007 0.004 0.013 0.004 0.963 1    
153:  0.003 0.004 0.003 0.003 0.003 0.003 0.981 1    
154:  0.003 0.003 0.005 0.003 0.004 0.004 0.978 1    
155:  0.005 0.004 0.006 0.003 0.007 0.005 0.970 1    
156:  0.978 0.003 0.004 0.004 0.006 0.003 0.003 1    
157:  0.938 0.005 0.006 0.006 0.026 0.007 0.011 1    
158:  0.952 0.004 0.009 0.004 0.018 0.004 0.008 1    
159:  0.976 0.004 0.003 0.005 0.004 0.004 0.004 1    
160:  0.980 0.003 0.003 0.003 0.006 0.003 0.003 1    
161:  0.975 0.003 0.004 0.003 0.009 0.003 0.003 1    
162:  0.979 0.003 0.003 0.004 0.004 0.003 0.004 1    
163:  0.951 0.004 0.006 0.007 0.010 0.005 0.017 1    
164:  0.980 0.003 0.003 0.005 0.003 0.003 0.003 1    
165:  0.916 0.005 0.009 0.005 0.051 0.007 0.007 1    
166:  0.960 0.005 0.005 0.005 0.013 0.009 0.004 1    
167:  0.921 0.017 0.015 0.009 0.022 0.006 0.010 1    
168:  0.964 0.005 0.004 0.006 0.007 0.008 0.006 1    
169:  0.957 0.006 0.004 0.006 0.015 0.004 0.007 1    
170:  0.929 0.006 0.006 0.009 0.034 0.007 0.009 1    
171:  0.932 0.018 0.007 0.005 0.023 0.009 0.005 1    
172:  0.668 0.015 0.005 0.004 0.297 0.004 0.007 1    
173:  0.961 0.003 0.004 0.005 0.010 0.007 0.010 1    
174:  0.898 0.006 0.006 0.026 0.020 0.019 0.024 1    
175:  0.926 0.004 0.005 0.038 0.008 0.008 0.011 1    
176:  0.965 0.003 0.003 0.005 0.010 0.006 0.008 1    
177:  0.974 0.004 0.002 0.007 0.004 0.002 0.007 1    
178:  0.956 0.005 0.005 0.010 0.011 0.004 0.010 1    
179:  0.005 0.954 0.003 0.009 0.007 0.015 0.006 1    
180:  0.004 0.966 0.007 0.007 0.004 0.007 0.005 1    
181:  0.004 0.973 0.004 0.003 0.004 0.006 0.006 1    
182:  0.004 0.974 0.004 0.004 0.005 0.006 0.004 1    
183:  0.004 0.963 0.003 0.007 0.006 0.013 0.004 1    
184:  0.004 0.969 0.007 0.005 0.005 0.007 0.003 1    
185:  0.003 0.975 0.004 0.003 0.004 0.006 0.007 1    
186:  0.003 0.969 0.003 0.005 0.004 0.012 0.004 1    
187:  0.014 0.943 0.008 0.007 0.016 0.007 0.006 1    
188:  0.004 0.015 0.007 0.012 0.005 0.009 0.947 1    
189:  0.048 0.026 0.014 0.032 0.014 0.129 0.737 1    
190:  0.005 0.009 0.007 0.006 0.005 0.008 0.960 1    
191:  0.008 0.007 0.008 0.007 0.009 0.008 0.953 1    
192:  0.008 0.006 0.005 0.008 0.006 0.004 0.963 1    
193:  0.007 0.005 0.006 0.007 0.008 0.005 0.962 1    
194:  0.016 0.006 0.008 0.076 0.022 0.025 0.846 1    
195:  0.006 0.023 0.037 0.039 0.011 0.015 0.869 1    
196:  0.004 0.008 0.005 0.017 0.009 0.012 0.946 1    
197:  0.374 0.004 0.005 0.045 0.009 0.104 0.459 1    
198:  0.015 0.005 0.005 0.959 0.006 0.005 0.006 1    
199:  0.010 0.007 0.008 0.957 0.006 0.006 0.006 1    
200:  0.012 0.003 0.004 0.961 0.009 0.007 0.004 1    
201:  0.012 0.005 0.005 0.954 0.006 0.012 0.007 1    
202:  0.228 0.004 0.005 0.731 0.009 0.017 0.005 1    
203:  0.136 0.005 0.007 0.836 0.006 0.005 0.005 1    
204:  0.010 0.006 0.005 0.962 0.007 0.004 0.005 1    
205:  0.010 0.004 0.004 0.969 0.004 0.004 0.005 1    
206:  0.009 0.011 0.005 0.945 0.013 0.007 0.009 1    
207:  0.009 0.004 0.007 0.967 0.006 0.005 0.003 1    
208:  0.005 0.006 0.004 0.972 0.005 0.004 0.004 1    
209:  0.004 0.004 0.006 0.974 0.004 0.004 0.003 1    
210:  0.006 0.011 0.005 0.962 0.007 0.005 0.005 1    
211:  0.003 0.009 0.005 0.971 0.004 0.004 0.003 1    
212:  0.012 0.006 0.005 0.961 0.008 0.005 0.003 1    
213:  0.009 0.014 0.006 0.945 0.011 0.009 0.006 1    
214:  0.006 0.014 0.279 0.606 0.020 0.006 0.068 1    
215:  0.011 0.005 0.233 0.705 0.029 0.007 0.010 1    
216:  0.008 0.006 0.359 0.572 0.037 0.006 0.013 1    
217:  0.023 0.031 0.284 0.563 0.024 0.013 0.062 1    
218:  0.022 0.028 0.288 0.600 0.016 0.026 0.020 1    
219:  0.010 0.019 0.469 0.433 0.030 0.009 0.030 1    
220:  0.007 0.027 0.361 0.539 0.022 0.008 0.036 1    
221:  0.004 0.017 0.313 0.627 0.017 0.006 0.016 1    
222:  0.020 0.018 0.377 0.534 0.029 0.011 0.010 1    
223:  0.008 0.009 0.007 0.955 0.009 0.009 0.004 1    
224:  0.010 0.004 0.007 0.960 0.008 0.006 0.004 1    
225:  0.004 0.008 0.009 0.959 0.005 0.010 0.006 1    
226:  0.017 0.018 0.015 0.867 0.022 0.016 0.045 1    
227:  0.010 0.012 0.008 0.925 0.012 0.017 0.017 1    
228:  0.005 0.004 0.008 0.968 0.004 0.007 0.004 1    
229:  0.004 0.003 0.006 0.971 0.005 0.004 0.007 1    
230:  0.022 0.047 0.008 0.856 0.016 0.041 0.010 1    
231:  0.012 0.008 0.005 0.940 0.012 0.017 0.004 1    
232:  0.149 0.008 0.026 0.367 0.141 0.284 0.026 1    
233:  0.019 0.016 0.095 0.289 0.514 0.058 0.009 1    
234:  0.044 0.182 0.013 0.311 0.384 0.018 0.048 1    
235:  0.030 0.054 0.026 0.251 0.405 0.176 0.058 1    
236:  0.060 0.096 0.028 0.106 0.394 0.295 0.021 1    
                          
                          
1:    0.012 0.007 0.934 0.022 0.010 0.006 0.009 1    
2:    0.007 0.014 0.911 0.019 0.011 0.006 0.032 1    
3:    0.004 0.004 0.970 0.006 0.005 0.004 0.007 1    
4:    0.007 0.015 0.916 0.015 0.020 0.011 0.015 1    
5:    0.016 0.033 0.645 0.188 0.086 0.006 0.026 1    
6:    0.008 0.016 0.920 0.011 0.021 0.015 0.009 1    
7:    0.005 0.006 0.959 0.011 0.008 0.005 0.006 1    
8:    0.004 0.006 0.960 0.004 0.007 0.005 0.016 1    
9:    0.022 0.882 0.046 0.007 0.006 0.006 0.032 1    
10:   0.010 0.962 0.007 0.006 0.005 0.004 0.006 1    
11:   0.016 0.952 0.011 0.005 0.006 0.005 0.006 1    
12:   0.063 0.842 0.012 0.015 0.015 0.025 0.028 1    
13:   0.102 0.828 0.015 0.009 0.015 0.018 0.014 1    
14:   0.040 0.916 0.008 0.015 0.003 0.013 0.006 1    
15:   0.019 0.870 0.065 0.016 0.007 0.011 0.011 1    
16:   0.017 0.952 0.010 0.005 0.002 0.007 0.006 1    
17:   0.012 0.940 0.013 0.007 0.005 0.004 0.019 1    
18:   0.008 0.007 0.004 0.014 0.007 0.955 0.005 1    
19:   0.008 0.005 0.005 0.007 0.007 0.964 0.005 1    
20:   0.003 0.003 0.003 0.005 0.004 0.978 0.003 1    
21:   0.006 0.004 0.005 0.017 0.005 0.957 0.006 1    
22:   0.004 0.003 0.003 0.005 0.003 0.979 0.003 1    
23:   0.005 0.004 0.006 0.005 0.005 0.972 0.004 1    
24:   0.008 0.003 0.004 0.005 0.004 0.971 0.004 1    
25:   0.979 0.003 0.003 0.005 0.003 0.004 0.004 1    
26:   0.970 0.003 0.005 0.007 0.005 0.007 0.004 1    
27:   0.802 0.016 0.021 0.043 0.022 0.065 0.031 1    
28:   0.965 0.003 0.008 0.004 0.003 0.004 0.013 1    
29:   0.857 0.003 0.044 0.023 0.017 0.024 0.032 1    
30:   0.967 0.003 0.007 0.006 0.005 0.008 0.004 1    
31:   0.792 0.011 0.030 0.064 0.007 0.011 0.086 1    
32:   0.003 0.979 0.005 0.004 0.003 0.004 0.003 1    
33:   0.006 0.974 0.005 0.004 0.004 0.004 0.004 1    
34:   0.006 0.963 0.007 0.009 0.003 0.008 0.005 1    
35:   0.003 0.974 0.005 0.004 0.003 0.006 0.004 1    
36:   0.005 0.967 0.008 0.007 0.003 0.005 0.004 1    
37:   0.008 0.956 0.007 0.007 0.006 0.009 0.006 1    
38:   0.003 0.974 0.005 0.005 0.002 0.008 0.003 1    
39:   0.008 0.138 0.015 0.467 0.149 0.195 0.027 1    
40:   0.005 0.012 0.007 0.540 0.409 0.020 0.006 1    
41:   0.006 0.024 0.016 0.524 0.266 0.145 0.019 1    
42:   0.004 0.012 0.008 0.548 0.371 0.055 0.003 1    
43:   0.006 0.024 0.006 0.566 0.388 0.006 0.004 1    
44:   0.003 0.008 0.008 0.550 0.409 0.015 0.006 1    
45:   0.005 0.050 0.007 0.541 0.335 0.043 0.018 1    
46:   0.004 0.011 0.008 0.561 0.400 0.012 0.004 1    
47:   0.954 0.006 0.007 0.008 0.005 0.014 0.005 1    
48:   0.920 0.004 0.009 0.035 0.009 0.012 0.010 1    
49:   0.945 0.009 0.010 0.013 0.006 0.008 0.008 1    
50:   0.952 0.007 0.008 0.013 0.006 0.007 0.005 1    
51:   0.954 0.007 0.009 0.011 0.007 0.006 0.005 1    
52:   0.008 0.062 0.056 0.675 0.053 0.108 0.038 1    
53:   0.009 0.155 0.053 0.616 0.010 0.066 0.092 1    
54:   0.020 0.245 0.029 0.600 0.005 0.090 0.011 1    
55:   0.009 0.556 0.004 0.383 0.005 0.034 0.008 1    
56:   0.009 0.558 0.004 0.378 0.007 0.037 0.009 1    
57:   0.020 0.208 0.018 0.517 0.027 0.049 0.162 1    
58:   0.017 0.217 0.007 0.510 0.003 0.233 0.014 1    
59:   0.029 0.255 0.406 0.208 0.017 0.069 0.017 1    
60:   0.924 0.021 0.013 0.020 0.007 0.011 0.005 1    
61:   0.842 0.040 0.024 0.054 0.017 0.013 0.010 1    
62:   0.938 0.013 0.012 0.016 0.007 0.008 0.007 1    
63:   0.897 0.028 0.008 0.030 0.009 0.013 0.014 1    
64:   0.805 0.067 0.010 0.063 0.009 0.022 0.024 1    
65:   0.665 0.052 0.011 0.201 0.023 0.030 0.019 1    
66:   0.008 0.011 0.004 0.007 0.006 0.952 0.011 1    
67:   0.015 0.030 0.005 0.021 0.007 0.909 0.012 1    
68:   0.030 0.024 0.007 0.010 0.005 0.913 0.010 1    
69:   0.062 0.068 0.006 0.016 0.007 0.829 0.012 1    
70:   0.059 0.009 0.006 0.012 0.004 0.904 0.006 1    
71:   0.012 0.012 0.004 0.011 0.006 0.946 0.009 1    
72:   0.033 0.022 0.008 0.102 0.014 0.811 0.010 1    
73:   0.023 0.031 0.005 0.014 0.005 0.909 0.013 1    
74:   0.007 0.037 0.006 0.010 0.006 0.927 0.007 1    
75:   0.006 0.081 0.014 0.554 0.335 0.005 0.006 1    
76:   0.005 0.091 0.037 0.560 0.291 0.007 0.009 1    
77:   0.009 0.034 0.022 0.737 0.186 0.004 0.009 1    
78:   0.006 0.082 0.010 0.754 0.117 0.024 0.006 1    
79:   0.045 0.164 0.033 0.553 0.184 0.007 0.013 1    
80:   0.023 0.107 0.004 0.601 0.251 0.006 0.007 1    
81:   0.020 0.011 0.004 0.935 0.012 0.007 0.012 1    
82:   0.078 0.032 0.009 0.665 0.025 0.101 0.090 1    
83:   0.087 0.046 0.005 0.757 0.034 0.040 0.031 1    
84:   0.030 0.005 0.007 0.740 0.052 0.011 0.154 1    
85:   0.013 0.014 0.009 0.901 0.008 0.009 0.045 1    
86:   0.190 0.039 0.005 0.696 0.017 0.020 0.032 1    
87:   0.004 0.005 0.006 0.004 0.002 0.004 0.975 1    
88:   0.005 0.008 0.003 0.008 0.008 0.003 0.964 1    
89:   0.005 0.020 0.006 0.017 0.007 0.005 0.939 1    
90:   0.024 0.010 0.009 0.068 0.059 0.016 0.814 1    
91:   0.008 0.876 0.013 0.010 0.005 0.006 0.082 1    
92:   0.008 0.900 0.012 0.015 0.007 0.007 0.052 1    
93:   0.012 0.935 0.003 0.007 0.007 0.010 0.025 1    
94:   0.020 0.881 0.017 0.015 0.006 0.010 0.051 1    
95:   0.012 0.895 0.008 0.022 0.006 0.013 0.044 1    
96:   0.033 0.852 0.009 0.022 0.006 0.052 0.026 1    
97:   0.263 0.050 0.040 0.063 0.019 0.033 0.531 1    
98:   0.064 0.044 0.018 0.040 0.009 0.067 0.758 1    
99:   0.223 0.027 0.055 0.029 0.007 0.063 0.597 1    
100:  0.195 0.371 0.039 0.072 0.030 0.044 0.250 1    
101:  0.011 0.005 0.015 0.007 0.004 0.004 0.954 1    
102:  0.012 0.032 0.010 0.015 0.011 0.007 0.913 1    
103:  0.031 0.018 0.010 0.010 0.010 0.007 0.915 1    
104:  0.006 0.007 0.005 0.964 0.006 0.008 0.004 1    
105:  0.005 0.011 0.009 0.948 0.010 0.014 0.003 1    
106:  0.032 0.004 0.006 0.912 0.007 0.014 0.025 1    
107:  0.016 0.006 0.005 0.870 0.008 0.090 0.005 1    
108:  0.018 0.005 0.006 0.940 0.012 0.010 0.009 1    
109:  0.022 0.006 0.006 0.917 0.022 0.013 0.013 1    
110:  0.005 0.005 0.009 0.959 0.007 0.010 0.005 1    
111:  0.014 0.007 0.006 0.932 0.009 0.027 0.006 1    
112:  0.006 0.008 0.007 0.953 0.006 0.015 0.004 1    
113:  0.027 0.006 0.009 0.097 0.009 0.844 0.007 1    
114:  0.009 0.005 0.005 0.006 0.004 0.967 0.004 1    
115:  0.011 0.008 0.009 0.284 0.013 0.667 0.008 1    
116:  0.005 0.004 0.003 0.005 0.004 0.975 0.004 1    
117:  0.007 0.067 0.032 0.263 0.012 0.611 0.008 1    
118:  0.012 0.003 0.004 0.008 0.004 0.966 0.004 1    
119:  0.018 0.003 0.006 0.028 0.005 0.935 0.005 1    
120:  0.005 0.003 0.003 0.005 0.005 0.975 0.004 1    
121:  0.022 0.008 0.014 0.120 0.011 0.820 0.006 1    
122:  0.005 0.004 0.005 0.005 0.007 0.970 0.004 1    
123:  0.005 0.007 0.004 0.017 0.004 0.959 0.004 1    
124:  0.005 0.003 0.005 0.006 0.004 0.974 0.004 1    
125:  0.018 0.005 0.011 0.258 0.013 0.687 0.009 1    
126:  0.004 0.005 0.004 0.005 0.004 0.975 0.003 1    
127:  0.004 0.004 0.005 0.005 0.005 0.973 0.003 1    
128:  0.006 0.004 0.003 0.007 0.008 0.967 0.005 1    
129:  0.397 0.189 0.008 0.383 0.004 0.011 0.009 1    
130:  0.063 0.035 0.011 0.674 0.005 0.040 0.172 1    
131:  0.472 0.016 0.014 0.413 0.007 0.009 0.069 1    
132:  0.368 0.135 0.008 0.450 0.008 0.009 0.022 1    
133:  0.464 0.014 0.006 0.445 0.008 0.015 0.048 1    
134:  0.368 0.141 0.006 0.451 0.005 0.015 0.014 1    
135:  0.178 0.008 0.008 0.730 0.017 0.022 0.037 1    
136:  0.005 0.002 0.005 0.003 0.004 0.003 0.978 1    
137:  0.008 0.002 0.004 0.004 0.004 0.009 0.967 1    
138:  0.006 0.005 0.005 0.005 0.004 0.005 0.970 1    
139:  0.008 0.006 0.004 0.008 0.013 0.006 0.955 1    
140:  0.009 0.003 0.005 0.006 0.009 0.006 0.962 1    
141:  0.008 0.009 0.008 0.039 0.013 0.033 0.890 1    
142:  0.005 0.002 0.005 0.005 0.004 0.007 0.973 1    
143:  0.009 0.003 0.004 0.004 0.003 0.003 0.973 1    
144:  0.013 0.003 0.004 0.003 0.004 0.005 0.968 1    
145:  0.008 0.003 0.004 0.005 0.005 0.003 0.972 1    
146:  0.028 0.006 0.005 0.016 0.016 0.019 0.910 1    
147:  0.004 0.003 0.003 0.004 0.977 0.003 0.005 1    
148:  0.004 0.003 0.004 0.004 0.975 0.005 0.006 1    
149:  0.003 0.003 0.004 0.004 0.977 0.005 0.005 1    
150:  0.007 0.002 0.003 0.005 0.974 0.004 0.004 1    
151:  0.005 0.003 0.003 0.004 0.978 0.004 0.004 1    
152:  0.003 0.006 0.003 0.004 0.973 0.005 0.005 1    
153:  0.004 0.002 0.003 0.003 0.982 0.003 0.004 1    
154:  0.004 0.003 0.003 0.004 0.979 0.004 0.004 1    
155:  0.003 0.004 0.003 0.004 0.978 0.003 0.005 1    
156:  0.003 0.977 0.004 0.005 0.004 0.005 0.002 1    
157:  0.005 0.913 0.009 0.043 0.017 0.007 0.005 1    
158:  0.003 0.951 0.006 0.015 0.012 0.009 0.004 1    
159:  0.004 0.978 0.004 0.005 0.004 0.003 0.003 1    
160:  0.002 0.978 0.003 0.004 0.006 0.003 0.003 1    
161:  0.003 0.974 0.004 0.007 0.005 0.005 0.003 1    
162:  0.003 0.978 0.003 0.005 0.003 0.004 0.003 1    
163:  0.004 0.948 0.007 0.013 0.018 0.006 0.004 1    
164:  0.003 0.978 0.004 0.006 0.003 0.003 0.004 1    
165:  0.006 0.910 0.004 0.033 0.030 0.011 0.006 1    
166:  0.007 0.952 0.004 0.022 0.004 0.004 0.006 1    
167:  0.013 0.890 0.007 0.069 0.008 0.008 0.006 1    
168:  0.005 0.956 0.007 0.012 0.007 0.006 0.007 1    
169:  0.009 0.958 0.007 0.012 0.005 0.004 0.004 1    
170:  0.007 0.930 0.008 0.031 0.010 0.006 0.008 1    
171:  0.017 0.938 0.006 0.022 0.006 0.005 0.007 1    
172:  0.014 0.815 0.004 0.136 0.018 0.009 0.004 1    
173:  0.003 0.933 0.006 0.005 0.041 0.006 0.006 1    
174:  0.005 0.890 0.021 0.019 0.043 0.006 0.017 1    
175:  0.004 0.918 0.035 0.017 0.012 0.004 0.010 1    
176:  0.003 0.931 0.004 0.017 0.036 0.004 0.006 1    
177:  0.003 0.964 0.006 0.005 0.017 0.002 0.003 1    
178:  0.005 0.949 0.011 0.012 0.011 0.005 0.007 1    
179:  0.958 0.004 0.010 0.006 0.008 0.004 0.011 1    
180:  0.962 0.004 0.007 0.007 0.004 0.006 0.009 1    
181:  0.975 0.004 0.003 0.004 0.007 0.004 0.004 1    
182:  0.975 0.005 0.003 0.004 0.005 0.005 0.004 1    
183:  0.968 0.005 0.007 0.004 0.003 0.003 0.009 1    
184:  0.970 0.003 0.006 0.006 0.004 0.005 0.006 1    
185:  0.969 0.003 0.002 0.004 0.011 0.004 0.006 1    
186:  0.970 0.004 0.004 0.004 0.004 0.005 0.009 1    
187:  0.944 0.012 0.005 0.008 0.006 0.013 0.012 1    
188:  0.007 0.003 0.011 0.007 0.003 0.005 0.965 1    
189:  0.004 0.006 0.008 0.007 0.005 0.008 0.963 1    
190:  0.013 0.007 0.005 0.017 0.008 0.007 0.944 1    
191:  0.010 0.011 0.010 0.015 0.005 0.006 0.943 1    
192:  0.009 0.011 0.010 0.020 0.004 0.004 0.941 1    
193:  0.005 0.008 0.007 0.012 0.010 0.008 0.950 1    
194:  0.008 0.013 0.129 0.024 0.016 0.008 0.802 1    
195:  0.014 0.005 0.038 0.014 0.004 0.014 0.912 1    
196:  0.005 0.004 0.014 0.005 0.004 0.004 0.964 1    
197:  0.004 0.333 0.023 0.014 0.009 0.004 0.613 1    
198:  0.005 0.008 0.969 0.005 0.006 0.004 0.004 1    
199:  0.007 0.010 0.962 0.004 0.007 0.005 0.004 1    
200:  0.003 0.012 0.965 0.006 0.003 0.004 0.007 1    
201:  0.005 0.009 0.963 0.005 0.004 0.005 0.010 1    
202:  0.004 0.189 0.781 0.006 0.005 0.007 0.008 1    
203:  0.005 0.101 0.867 0.013 0.005 0.006 0.003 1    
204:  0.005 0.011 0.963 0.005 0.006 0.005 0.004 1    
205:  0.004 0.007 0.973 0.005 0.002 0.004 0.004 1    
206:  0.011 0.008 0.946 0.011 0.005 0.007 0.012 1    
207:  0.004 0.007 0.970 0.007 0.003 0.005 0.005 1    
208:  0.005 0.004 0.974 0.005 0.004 0.005 0.004 1    
209:  0.005 0.005 0.976 0.004 0.002 0.004 0.003 1    
210:  0.014 0.006 0.959 0.008 0.004 0.004 0.004 1    
211:  0.009 0.005 0.970 0.006 0.003 0.003 0.004 1    
212:  0.007 0.012 0.962 0.009 0.003 0.004 0.004 1    
213:  0.011 0.009 0.948 0.009 0.003 0.006 0.014 1    
214:  0.012 0.005 0.048 0.902 0.013 0.015 0.005 1    
215:  0.004 0.006 0.018 0.955 0.008 0.004 0.005 1    
216:  0.005 0.006 0.021 0.947 0.006 0.008 0.006 1    
217:  0.018 0.009 0.017 0.920 0.019 0.007 0.010 1    
218:  0.015 0.016 0.024 0.917 0.008 0.013 0.007 1    
219:  0.013 0.007 0.025 0.899 0.016 0.027 0.012 1    
220:  0.020 0.005 0.025 0.903 0.019 0.018 0.010 1    
221:  0.013 0.005 0.034 0.913 0.011 0.016 0.006 1    
222:  0.015 0.010 0.012 0.935 0.006 0.016 0.006 1    
223:  0.009 0.007 0.959 0.006 0.004 0.007 0.009 1    
224:  0.005 0.013 0.961 0.006 0.004 0.007 0.005 1    
225:  0.006 0.004 0.966 0.006 0.004 0.008 0.006 1    
226:  0.016 0.021 0.872 0.036 0.022 0.019 0.014 1    
227:  0.008 0.010 0.938 0.010 0.009 0.008 0.017 1    
228:  0.003 0.004 0.973 0.006 0.005 0.005 0.004 1    
229:  0.003 0.004 0.969 0.005 0.010 0.005 0.005 1    
230:  0.029 0.029 0.876 0.021 0.009 0.013 0.023 1    
231:  0.006 0.011 0.953 0.011 0.005 0.008 0.006 1    
232:  0.009 0.200 0.394 0.046 0.020 0.061 0.270 1    
233:  0.009 0.021 0.553 0.065 0.004 0.326 0.021 1    
234:  0.190 0.040 0.227 0.337 0.163 0.016 0.027 1    
235:  0.137 0.072 0.384 0.165 0.072 0.087 0.083 1    
236:  0.280 0.125 0.213 0.127 0.060 0.129 0.066 1    
                          
                          
1:    0.952 0.006 0.007 0.012 0.007 0.005 0.010 1    
2:    0.924 0.008 0.024 0.014 0.015 0.009 0.005 1    
3:    0.971 0.005 0.005 0.005 0.004 0.006 0.004 1    
4:    0.930 0.012 0.011 0.012 0.014 0.014 0.007 1    
5:    0.803 0.010 0.014 0.108 0.040 0.012 0.013 1    
6:    0.930 0.009 0.007 0.012 0.017 0.018 0.007 1    
7:    0.965 0.006 0.004 0.009 0.007 0.004 0.005 1    
8:    0.962 0.003 0.013 0.007 0.005 0.006 0.004 1    
9:    0.044 0.006 0.017 0.013 0.884 0.006 0.028 1    
10:   0.008 0.005 0.007 0.007 0.960 0.004 0.010 1    
11:   0.012 0.005 0.005 0.006 0.953 0.004 0.016 1    
12:   0.011 0.022 0.091 0.008 0.806 0.009 0.053 1    
13:   0.017 0.014 0.016 0.007 0.836 0.010 0.100 1    
14:   0.010 0.011 0.005 0.010 0.924 0.002 0.037 1    
15:   0.051 0.012 0.010 0.010 0.894 0.005 0.017 1    
16:   0.010 0.007 0.007 0.006 0.946 0.002 0.022 1    
17:   0.015 0.004 0.015 0.008 0.943 0.005 0.011 1    
18:   0.004 0.961 0.005 0.012 0.006 0.005 0.006 1    
19:   0.005 0.961 0.008 0.008 0.005 0.006 0.008 1    
20:   0.003 0.976 0.003 0.005 0.004 0.006 0.003 1    
21:   0.005 0.957 0.005 0.019 0.004 0.003 0.006 1    
22:   0.003 0.976 0.003 0.007 0.003 0.002 0.006 1    
23:   0.007 0.968 0.005 0.005 0.003 0.005 0.006 1    
24:   0.006 0.968 0.003 0.005 0.003 0.005 0.009 1    
25:   0.003 0.004 0.004 0.005 0.003 0.003 0.978 1    
26:   0.005 0.006 0.003 0.006 0.004 0.004 0.973 1    
27:   0.029 0.067 0.020 0.024 0.022 0.011 0.825 1    
28:   0.007 0.004 0.016 0.004 0.004 0.004 0.962 1    
29:   0.039 0.028 0.030 0.010 0.004 0.013 0.876 1    
